3.46799e-08;4.83713e-09;1.58911e-09;7.87006e-10;8.55411e-10;4.54583e-09;6.44516e-09;2.44163e-08;1.83108e-09;2.16975e-09;2.06778e-07;5.47188e-10;4.65807e-10;3.22998e-09;8.13037e-10;2.22802e-08;3.11148e-08;7.76262e-10;3.19423e-09;3.03365e-09;3.50432e-07;6.35365e-09;1.76318e-09;1.05562e-07;2.78957e-09;2.80962e-09;1.54363e-08;4.2059e-11;1.72427e-09;2.04475e-10;8.30425e-11;1.44008e-08;5.64874e-10;7.35765e-09;2.82032e-10;1.13793e-08;1.53446e-09;2.20492e-09;2.49512e-09;8.31468e-10;3.07887e-10;1.54409e-10;8.4948e-10;6.1746e-10;2.38726e-09;4.36353e-10;2.56667e-09;3.29136e-09;1.21929e-10;8.80779e-11;2.66492e-08;5.58847e-11;7.02891e-10;9.60375e-12;4.37244e-09;1.03724e-09;1.56401e-09;8.46909e-09;1.28468e-09;4.51512e-09;2.30579e-09;1.75496e-09;8.47742e-10;5.23091e-10;1.15609e-09;3.3608e-09;1.71846e-09;1.573e-09;1.06115e-08;2.22622e-09;6.34398e-10;5.98621e-09;1.29339e-10;1.38278e-10;5.74122e-10;9.84621e-10;1.17924e-09;7.48397e-09;1.77422e-09;1.4094e-09;9.24346e-10;5.90672e-09;1.65873e-09;2.96959e-09;1.57822e-07;9.52575e-10;7.87597e-10;7.50906e-11;3.10408e-09;2.10799e-09;1.47389e-08;2.12828e-09;1.15962e-09;2.32071e-07;1.025e-08;1.59792e-08;3.96409e-11;2.99439e-09;1.02986e-09;4.21502e-10;9.91026e-11;7.99427e-11;2.12079e-09;5.96598e-10;2.20007e-11;2.2971e-11;1.37877e-09;9.34103e-10;6.2476e-10;3.93706e-10;7.53646e-10;3.13105e-10;1.35726e-08;1.29818e-09;1.64164e-09;5.08694e-08;3.93265e-09;8.77937e-09;2.47846e-09;6.99983e-10;3.62977e-09;3.02907e-10;2.23433e-09;2.49273e-10;5.76113e-11;1.55846e-10;2.56655e-09;1.11211e-10;6.31203e-11;2.95869e-11;3.88432e-09;1.11696e-09;1.45681e-09;4.09275e-10;7.90473e-10;6.21348e-10;3.89392e-08;3.85177e-09;6.23803e-09;2.92883e-08;9.7795e-08;9.47224e-10;3.00295e-08;4.68909e-09;2.06593e-08;4.18944e-09;3.84337e-09;2.09988e-09;6.87279e-09;3.36014e-09;1.53077e-09;1.06795e-09;2.16389e-09;2.97009e-11;3.52788e-10;5.5145e-10;3.2152e-09;4.6766e-10;1.06688e-09;1.34184e-08;1.26016e-09;6.53105e-10;1.41838e-08;2.18366e-09;1.45555e-09;2.16831e-10;1.83956e-09;2.86383e-09;1.06761e-09;9.88402e-10;1.73486e-08;1.29394e-09;2.35584e-09;1.2388e-08;1.71259e-09;1.35666e-09;2.67456e-09;9.38499e-09;9.39899e-10;4.10986e-09;3.57652e-08;2.30274e-09;2.66574e-09;2.78536e-08;4.34413e-09;1.77712e-08;3.12983e-09;6.83454e-08;9.93527e-09;1.84757e-09;1.97344e-09;8.64526e-09;4.34271e-09;2.17343e-09;9.97409e-08;5.66167e-09;1.79813e-09;2.42436e-10;5.63656e-09;1.02402e-09;2.71669e-09;8.00613e-09;1.87023e-09;1.22236e-09;2.40379e-08;3.22309e-10;9.35886e-10;3.8933e-10;6.52752e-09;1.65646e-09;1.11176e-09;1.42791e-09;2.3763e-09;1.64043e-09;6.77566e-09;4.39584e-10;1.14893e-09;2.91692e-07;1.1903e-09;1.36946e-10;9.59806e-12;7.14054e-10;1.52427e-09;8.75726e-10;1.53707e-09;1.24629e-08;2.07503e-09;1.81707e-09;2.6834e-08;3.5733e-09;1.54109e-09;6.50764e-11;1.91166e-09;1.7848e-10;8.48734e-10;2.18994e-07;7.64746e-11;5.99749e-11;2.84754e-10;5.37923e-09;6.88841e-10;2.34088e-09;1.02988e-09;2.71167e-10;1.24358e-09;2.55627e-09;3.79764e-10;3.25959e-10;2.43741e-09;5.74544e-10;1.76559e-09;1.21762e-10;4.7057e-09;2.35776e-09;1.43076e-09;2.47076e-09;9.15204e-10;1.77882e-09;2.5064e-09;3.23024e-08;3.59766e-09;1.905e-08;3.0656e-07;6.66037e-10;3.51247e-08;2.70324e-10;1.59851e-09;1.84354e-09;5.0646e-09;6.57121e-08;1.49366e-09;2.31854e-09;3.46896e-13;4.01447e-10;1.92651e-10;4.56674e-11;3.09791e-08;2.08363e-10;9.24897e-10;8.00654e-11;3.10019e-09;2.98702e-10;8.80375e-10;6.87288e-08;1.14845e-09;4.61276e-10;9.8839e-10;2.51558e-10;1.4269e-10;1.72049e-10;6.58266e-08;7.15202e-11;2.53108e-10;1.15439e-11;3.89518e-09;8.39365e-10;6.55245e-10;7.87308e-09;2.99398e-09;4.55167e-10;9.23914e-10;2.9868e-10;7.03142e-11;6.81072e-11;8.21333e-09;3.4457e-09;2.77961e-09;3.20707e-12;5.29718e-09;7.7588e-10;6.20474e-10;2.4806e-10;4.44423e-11;7.42135e-09;6.15601e-07;3.48319e-07;3.02586e-07;0.999943;4.13815e-05;2.60993e-06;4.53995e-06;3.18083e-06;1.75108e-07;3.04843e-09;4.72501e-09;1.23571e-09;4.74812e-09;9.65942e-10;3.59969e-10;1.42854e-10;3.04285e-09;6.5555e-10;6.95401e-10;7.74842e-10;1.87061e-09;3.15817e-10;4.68464e-10;5.96464e-10;7.61273e-09;5.86145e-10;2.57528e-08;2.44681e-10;2.76035e-10;1.903e-11;2.00109e-09;1.8135e-09;2.8297e-09;2.39224e-09;2.08079e-09
1.52712e-08;1.52306e-07;7.68655e-09;1.27762e-10;1.49279e-09;2.58969e-09;1.0493e-09;1.33265e-08;2.36589e-09;1.58863e-09;3.69323e-10;2.36479e-09;9.47114e-11;6.04179e-08;1.7974e-09;2.06847e-07;2.47082e-07;1.09207e-09;2.15295e-09;6.64742e-10;1.23955e-08;2.03984e-07;2.24924e-09;1.26905e-08;6.31767e-10;1.03246e-10;8.40436e-10;1.03464e-08;8.72684e-07;1.44786e-10;1.65374e-10;4.38279e-09;3.58276e-11;2.998e-10;6.63083e-11;3.11398e-07;1.85003e-09;1.27279e-09;2.23238e-09;2.66315e-10;1.35814e-10;5.04674e-10;2.69359e-10;3.15705e-10;3.05418e-09;7.62613e-10;4.75884e-09;9.90496e-07;2.24417e-09;1.64582e-10;8.08791e-08;1.34069e-09;2.16082e-08;1.00566e-09;1.72067e-08;9.794e-10;2.84955e-09;5.08428e-07;2.26717e-09;1.95887e-09;1.95474e-08;1.5762e-09;9.90114e-10;1.33897e-09;1.45585e-09;1.93942e-08;1.99617e-09;1.84695e-09;9.1078e-07;3.47534e-09;1.11403e-09;5.15373e-07;1.5423e-10;2.2308e-09;5.1942e-11;1.50803e-09;3.20823e-09;1.29624e-08;7.60315e-10;2.39559e-09;4.29286e-09;1.75223e-06;1.4223e-09;1.04466e-09;5.45175e-08;1.63659e-09;9.7783e-11;5.45937e-12;1.64218e-08;1.70607e-09;5.29449e-07;4.19244e-09;1.84904e-09;2.88385e-07;3.02412e-09;2.28479e-08;5.97402e-11;7.21472e-10;1.99741e-09;4.82097e-06;1.38486e-09;3.45198e-10;3.12944e-08;4.53804e-10;4.75315e-10;2.33006e-10;1.71682e-06;1.7823e-09;3.5482e-09;2.75447e-09;2.28531e-11;3.33892e-10;0.000367145;5.80855e-09;9.82923e-06;0.996945;6.71967e-06;0.0022509;1.06157e-07;0.000376163;2.28957e-06;5.17714e-06;1.37493e-09;1.7703e-06;5.98837e-10;1.91418e-10;1.4926e-07;4.9375e-10;5.04833e-11;5.00464e-11;2.81415e-07;3.47696e-09;1.05882e-09;6.2065e-10;1.30907e-10;2.52258e-11;1.82264e-06;3.96756e-09;1.20136e-08;1.74287e-07;3.49091e-09;6.35206e-09;6.3964e-09;9.26347e-08;1.90811e-08;5.19044e-09;6.14843e-09;1.56739e-09;6.47134e-07;1.56505e-09;4.00993e-10;3.06844e-08;3.85163e-11;3.82747e-11;5.23406e-12;7.63213e-10;9.1146e-10;3.09181e-11;6.98148e-11;3.23492e-07;2.52652e-09;1.51097e-09;9.65673e-08;7.72052e-10;7.41217e-10;2.65302e-11;1.16923e-09;1.7134e-09;3.87125e-10;3.23973e-09;6.10154e-07;4.31642e-09;2.52595e-09;3.02192e-07;1.04019e-10;4.43019e-09;1.89525e-09;2.96774e-08;8.51139e-10;5.03612e-09;3.97334e-08;2.97858e-10;4.09303e-11;3.06542e-09;3.93316e-11;3.00631e-11;2.12003e-11;1.13812e-09;6.43929e-10;2.3508e-09;1.07571e-08;1.18246e-06;2.74725e-09;6.69328e-10;2.58121e-07;1.11735e-09;4.69215e-09;1.40278e-09;7.38071e-09;1.11333e-09;2.14485e-09;1.98172e-06;1.34921e-08;6.31799e-09;2.19137e-07;4.16569e-09;1.03375e-08;7.50564e-09;1.08434e-06;1.83633e-09;2.42346e-08;6.29395e-09;4.40029e-09;3.68731e-09;3.40228e-07;1.20925e-10;1.791e-10;1.6171e-08;2.90777e-11;9.58892e-11;3.48272e-11;2.01444e-09;2.20376e-09;2.68814e-09;1.7357e-09;3.86693e-07;2.48865e-09;1.60089e-09;1.11252e-06;1.44675e-09;5.52715e-09;3.89354e-10;3.18677e-07;1.00473e-10;3.37282e-10;9.45113e-08;1.69833e-11;6.23631e-11;7.45687e-11;1.06146e-07;2.72687e-09;2.19747e-08;1.10303e-09;1.10424e-10;2.34543e-09;6.74758e-07;2.54823e-09;4.69788e-10;1.01067e-08;3.21211e-11;2.41539e-11;1.23698e-10;4.65593e-07;3.85617e-09;1.15109e-09;2.65854e-09;3.32179e-10;2.54407e-10;4.43021e-09;5.02884e-07;2.77658e-09;3.62428e-09;9.53425e-09;5.42936e-10;1.3959e-10;1.60668e-10;1.11884e-08;1.83807e-09;1.68423e-09;3.8622e-08;1.12577e-09;5.1269e-10;1.75891e-12;1.56122e-07;1.07783e-10;1.44167e-11;3.50333e-08;8.39468e-11;1.16158e-10;8.20718e-11;6.32896e-07;5.39569e-09;2.27544e-09;4.51599e-09;3.84352e-10;4.12671e-10;2.67559e-09;2.00032e-09;6.65884e-12;2.47712e-12;3.37602e-08;7.61967e-11;9.47641e-12;5.27052e-11;1.11722e-07;1.63412e-09;3.1673e-09;3.94728e-08;3.75414e-09;1.63666e-10;9.16097e-10;2.61312e-08;4.15727e-10;4.50143e-11;6.11715e-07;7.65184e-11;1.76444e-10;3.68102e-13;1.10187e-07;1.3152e-09;3.54519e-07;9.08492e-11;2.57506e-11;3.08622e-09;7.14762e-07;1.31435e-09;2.18868e-09;1.59746e-06;1.07481e-10;1.83977e-11;1.06446e-09;2.65254e-08;1.42464e-09;3.46568e-09;1.1565e-06;4.9679e-09;6.27053e-09;9.59304e-10;4.08601e-10;1.74495e-09;1.04015e-07;1.03098e-09;6.78624e-10;5.81206e-09;2.393e-09;4.65825e-10;4.34152e-10;4.51482e-11;3.40988e-07;5.91232e-10;8.77385e-08;1.31425e-11;1.68994e-10;8.72494e-11;1.02147e-06;4.06044e-10;4.77253e-10;1.44135e-08;2.35349e-10
4.47883e-07;1.89581e-08;1.02791e-07;4.06133e-09;1.79133e-08;1.02709e-07;1.95171e-08;3.02779e-08;2.71321e-08;1.97349e-08;5.70705e-09;7.27031e-08;9.09563e-10;8.28375e-09;8.5082e-09;3.01284e-08;7.66797e-08;6.8383e-09;7.84988e-08;2.51425e-08;1.24939e-09;1.06129e-08;2.43872e-08;3.10991e-07;1.71243e-08;3.29375e-08;3.74824e-08;0.999976;1.65723e-08;9.38866e-08;4.96287e-09;3.55004e-09;5.72407e-09;7.39796e-08;3.86821e-10;6.5022e-08;9.49399e-09;1.227e-08;6.0374e-09;1.4942e-08;9.19556e-09;5.02853e-07;1.327e-06;7.26277e-07;7.49081e-07;3.95175e-06;5.49477e-07;7.68034e-09;1.78373e-08;4.53013e-09;1.09791e-08;2.6577e-07;4.26979e-08;6.99891e-08;3.18294e-10;1.68505e-08;8.65054e-09;1.1927e-08;2.63448e-08;3.4662e-08;7.85338e-08;3.48616e-07;1.28236e-07;4.64566e-09;4.55089e-09;7.45615e-08;1.42053e-08;1.452e-08;7.7532e-09;2.48695e-07;1.10923e-07;4.008e-08;5.52191e-08;1.65314e-09;7.51505e-09;4.10366e-09;1.08222e-08;1.17574e-07;3.51506e-08;4.5759e-08;5.45791e-08;1.3838e-09;1.10934e-07;4.73105e-09;3.98245e-08;2.18343e-08;1.2321e-09;2.10196e-08;4.35027e-09;6.93181e-09;4.12224e-09;2.99781e-08;6.04819e-09;3.91942e-08;1.50169e-09;5.56837e-09;8.50265e-10;8.37934e-09;8.03151e-09;1.11264e-08;2.1667e-07;1.56641e-08;1.85813e-07;2.56993e-08;2.95484e-08;2.07933e-09;2.016e-08;1.05836e-08;1.02865e-08;6.18824e-09;1.22934e-09;3.25734e-08;1.75445e-07;6.35657e-09;5.93402e-07;6.74197e-07;7.09086e-08;3.01428e-07;5.07705e-08;6.76855e-08;5.68884e-08;3.44365e-08;2.2169e-09;5.50072e-10;1.10017e-07;1.34985e-09;1.7714e-09;2.6902e-08;1.87091e-10;1.13819e-10;3.25305e-09;9.66793e-09;3.79196e-09;1.72124e-08;1.26251e-09;4.2928e-08;1.44214e-08;1.69539e-08;1.93113e-08;1.70196e-08;9.69475e-09;8.38686e-09;3.35758e-08;1.53915e-08;7.69174e-09;1.42413e-08;1.21646e-08;5.2825e-08;3.1277e-08;3.52469e-07;5.51651e-08;5.22525e-08;3.98495e-08;8.18793e-08;5.06198e-09;8.28886e-09;4.03205e-08;4.20685e-08;3.50073e-09;1.20514e-08;1.29968e-08;4.0008e-09;2.44077e-09;8.63572e-10;1.03536e-08;3.44889e-10;2.46656e-09;3.08152e-09;6.73471e-09;1.147e-08;5.2621e-08;1.95648e-08;3.7584e-08;2.12329e-08;5.61264e-07;2.93727e-08;7.08455e-09;6.25847e-09;1.85643e-08;3.64939e-08;8.00842e-09;2.65575e-08;1.94676e-09;1.47054e-08;2.6276e-09;5.42251e-08;1.04643e-08;1.27047e-08;8.75017e-09;9.7244e-09;3.94429e-09;2.90353e-08;3.55976e-08;1.97118e-08;5.12397e-08;2.39481e-08;3.81503e-09;4.23398e-08;3.44218e-08;3.88793e-09;4.43668e-09;2.19351e-08;3.13052e-08;9.89156e-09;4.89538e-08;1.34125e-08;4.20168e-08;7.33199e-09;1.92181e-08;2.42592e-08;2.39642e-08;1.23786e-08;2.94587e-08;6.47244e-09;3.12058e-08;6.48256e-08;3.58817e-08;1.84753e-08;3.468e-08;1.24113e-07;2.37901e-08;5.25744e-09;1.15814e-08;8.57851e-09;1.12921e-08;1.7234e-08;4.20054e-08;1.22793e-08;8.35874e-08;6.26655e-08;4.61618e-08;5.00944e-09;1.58836e-08;1.36803e-08;8.49746e-08;9.87644e-08;1.32108e-07;1.9501e-09;3.08438e-09;9.61732e-08;3.26614e-08;1.18715e-07;4.89391e-08;5.67645e-08;9.20627e-09;4.50909e-09;1.77034e-08;9.32846e-09;8.83581e-10;6.94792e-09;2.66167e-09;2.20703e-10;3.34908e-08;3.74812e-08;3.81956e-08;1.96282e-08;5.39032e-08;4.48121e-09;2.04108e-08;5.65111e-09;4.82042e-08;2.37643e-08;3.74966e-08;3.17355e-09;3.78014e-10;2.90067e-09;1.55189e-08;1.28213e-08;1.59814e-08;1.60844e-08;1.02471e-08;9.80472e-09;1.87746e-11;4.11995e-09;2.66026e-07;1.01622e-08;2.70451e-09;3.92707e-09;3.14976e-07;1.24118e-09;7.50128e-08;3.93315e-07;2.86574e-08;1.04199e-08;2.33964e-08;1.36929e-08;2.45747e-08;3.43744e-09;8.60355e-09;5.0408e-10;1.07474e-09;4.35069e-09;5.27736e-08;5.60387e-10;3.45612e-09;8.89226e-09;6.45384e-09;3.03903e-08;4.4021e-08;1.83603e-08;4.38895e-09;7.81432e-09;3.89714e-08;3.08334e-09;2.64193e-08;2.64293e-08;2.69892e-08;4.92259e-10;1.10378e-08;8.26781e-09;8.60418e-09;1.14114e-08;5.58531e-10;2.25807e-08;2.75212e-08;3.44422e-08;5.98333e-09;1.25138e-09;9.17866e-10;3.20513e-07;1.32482e-11;1.97123e-08;1.24219e-08;1.89382e-08;1.1846e-07;2.48234e-08;6.62106e-08;1.09473e-09;1.61122e-08;3.6488e-08;1.41704e-08;2.92015e-08;8.44031e-09;7.05545e-08;1.05057e-08;1.24872e-08;3.71935e-06;1.70292e-06;6.57113e-09;4.36391e-08;3.33795e-09;1.48134e-09;1.37979e-07;7.54732e-11;1.60429e-08;5.23211e-08;7.06757e-08;4.98385e-08;1.95028e-08
1.79828e-05;3.50767e-06;5.0493e-08;1.49258e-09;1.13636e-07;8.43875e-09;1.17745e-08;1.84393e-07;4.38816e-08;6.8578e-08;1.87709e-06;3.65563e-08;7.22657e-10;1.98373e-07;2.03705e-08;6.99154e-07;2.07198e-06;1.24277e-08;1.6306e-09;1.99385e-08;1.03795e-07;1.12367e-06;1.0551e-08;1.12918e-06;2.33939e-08;8.05866e-08;2.27815e-09;6.0738e-08;1.22491e-05;4.14432e-07;1.73176e-08;1.66827e-06;3.02037e-09;3.13081e-09;1.55018e-11;7.2779e-07;1.2116e-08;1.34658e-08;3.31642e-09;2.40643e-09;3.08785e-10;2.45747e-08;4.32036e-08;1.00616e-08;1.58222e-07;1.15607e-07;2.08599e-08;1.54593e-06;5.0577e-08;1.76892e-09;5.04459e-08;1.78659e-08;3.74172e-08;8.61505e-11;5.4328e-10;1.87426e-08;3.55867e-09;1.34882e-05;3.56494e-08;4.06721e-08;2.58695e-06;3.56767e-06;1.93753e-08;6.53328e-09;1.51803e-08;4.06765e-07;4.81969e-08;1.06098e-08;3.22014e-06;1.66416e-07;3.26488e-08;5.79949e-07;1.60597e-09;1.55448e-09;5.184e-13;2.12971e-08;1.38396e-08;1.84042e-07;7.92042e-08;1.4999e-09;7.59183e-08;1.59348e-06;1.01965e-07;5.74509e-09;1.95009e-06;6.44208e-09;1.95355e-09;3.34727e-12;5.339e-08;1.1469e-08;1.47394e-06;2.47545e-08;1.19743e-08;2.1326e-05;7.80013e-09;1.15538e-08;3.89074e-10;2.21661e-08;7.59355e-09;2.04795e-06;7.44145e-08;5.86871e-08;2.85538e-06;2.1139e-08;6.51002e-08;6.40126e-12;2.42696e-07;2.04324e-08;3.71215e-08;3.17029e-08;2.41954e-09;7.51552e-10;1.53994e-07;2.01537e-08;2.9906e-09;1.69354e-07;2.01719e-10;7.57248e-09;3.12537e-12;2.94606e-09;2.17358e-09;9.79764e-10;2.20746e-08;0.000133812;5.99591e-06;1.31875e-07;3.85493e-05;1.62426e-06;4.26064e-08;3.23008e-10;3.31754e-06;2.02182e-07;4.75e-08;8.72778e-08;1.04395e-08;8.7937e-10;5.62085e-06;1.70703e-07;9.89244e-08;1.64466e-06;5.5137e-08;1.02407e-07;2.31713e-10;1.10078e-07;6.36345e-08;2.52495e-08;1.70867e-08;9.05197e-09;2.27828e-06;4.90778e-08;1.08639e-08;2.54872e-07;1.36264e-09;5.49489e-10;1.41026e-11;6.99845e-09;4.40525e-09;1.37706e-09;2.75288e-10;2.79649e-06;3.54007e-08;2.47106e-08;2.62822e-06;4.07612e-08;7.11536e-08;4.62589e-10;3.49837e-08;8.4911e-09;7.6151e-09;4.78249e-08;1.70395e-06;5.56344e-08;2.32249e-07;3.19599e-06;4.93247e-08;2.64613e-07;2.13138e-09;9.48978e-08;2.62441e-09;1.01381e-08;1.11097e-05;2.64376e-08;1.72467e-07;4.4433e-06;1.97987e-08;3.24487e-08;1.76385e-09;1.79491e-07;1.36712e-08;9.41274e-09;4.05233e-08;3.29304e-06;4.23601e-07;1.86639e-07;2.45748e-06;2.09492e-08;2.21707e-08;1.34003e-09;2.56727e-08;1.31614e-08;4.51963e-09;2.93361e-06;1.1398e-07;2.41795e-08;1.00401e-05;3.36241e-08;2.4556e-08;8.34501e-09;1.10018e-06;3.56204e-08;2.49802e-08;7.82972e-09;3.1817e-08;2.5973e-08;3.59609e-06;6.09178e-08;6.76393e-08;2.57149e-07;3.47517e-08;9.17032e-09;3.67603e-12;1.37054e-08;3.23677e-08;1.20385e-08;2.03353e-08;8.21176e-06;2.08707e-07;8.88402e-08;8.8983e-06;1.51757e-07;4.01734e-07;2.08932e-10;1.64562e-06;3.32923e-09;9.40086e-09;8.11295e-07;3.08493e-09;5.86694e-10;9.07025e-13;1.4639e-07;2.97498e-08;2.37312e-07;1.8201e-08;1.38181e-08;4.02638e-08;2.48742e-06;3.15961e-07;1.45871e-08;1.48781e-06;3.03077e-09;3.48499e-10;8.14774e-11;6.42244e-07;1.54822e-08;1.78858e-08;5.18937e-08;9.43527e-08;2.20315e-09;4.74962e-08;1.75593e-07;8.45786e-08;2.6331e-08;1.07468e-06;1.0337e-08;3.00439e-09;1.84228e-11;4.52925e-08;2.29027e-08;1.55894e-08;2.1638e-08;1.67988e-08;3.75908e-09;1.13429e-12;5.35465e-06;1.07932e-07;7.77912e-09;0.000189279;2.74728e-09;1.06797e-08;1.14647e-11;2.77511e-07;7.74028e-09;5.25861e-09;8.7729e-10;5.06501e-10;1.00039e-09;2.09539e-05;0.0131926;0.000660499;4.7477e-06;0.975906;0.00579224;0.00350144;2.01565e-08;4.19915e-05;5.01836e-07;1.90144e-07;0.000248041;2.88329e-05;1.81863e-06;1.15375e-08;1.45595e-05;4.21839e-08;3.60195e-09;2.25029e-06;2.94683e-09;1.05682e-07;3.72121e-14;2.85214e-07;4.98072e-08;6.35015e-09;6.26127e-10;8.33498e-11;1.60436e-08;1.46586e-06;3.73699e-08;1.4485e-08;4.2268e-06;6.57021e-10;9.25028e-11;1.56883e-11;5.84127e-08;2.40183e-09;5.78458e-10;6.37869e-07;1.67306e-08;1.15686e-06;1.47005e-08;6.07355e-08;4.62947e-11;4.62095e-07;2.08989e-08;1.31351e-08;8.39186e-09;1.59186e-08;2.47462e-09;8.60665e-10;1.5134e-10;5.99022e-07;1.84274e-08;4.28265e-07;3.33322e-08;6.44483e-09;2.84344e-11;3.34909e-07;4.37e-08;1.20901e-09;1.89668e-08;2.94202e-09
1.76044e-10;4.19e-08;5.49143e-09;5.3104e-10;2.5689e-09;2.04457e-09;2.72436e-09;1.62058e-08;3.64223e-10;6.45708e-10;7.7634e-11;2.85985e-09;1.7339e-08;4.18583e-10;2.80258e-10;5.70013e-09;2.21939e-09;2.94239e-10;1.54541e-08;5.67517e-10;6.65453e-11;2.86371e-10;4.89597e-10;4.0998e-10;6.58157e-11;3.06633e-09;3.58584e-08;0.999996;8.30653e-10;3.12552e-08;6.49824e-10;1.45999e-09;6.98509e-11;2.06583e-10;1.4167e-08;3.40176e-09;5.24937e-10;2.98121e-10;1.37086e-09;5.21352e-10;1.46881e-10;9.05581e-07;1.85748e-06;3.416e-08;2.18729e-08;6.83228e-08;4.82372e-09;3.66324e-10;1.20632e-09;4.47691e-10;1.96675e-10;9.85851e-10;1.2429e-11;5.15364e-08;4.99039e-10;8.27087e-09;3.95122e-09;1.40387e-09;4.48962e-10;3.15695e-10;2.8474e-11;3.12702e-11;3.453e-11;4.17789e-09;2.97885e-10;6.35508e-10;3.22194e-10;1.93093e-10;1.99906e-09;2.20594e-09;3.48078e-10;4.48698e-10;7.42815e-10;2.19643e-10;1.07807e-08;1.87875e-10;4.12266e-10;5.29236e-10;1.78642e-10;6.70454e-11;5.77028e-10;4.19662e-09;7.33234e-09;1.28557e-10;1.27438e-09;1.23081e-10;3.38765e-10;1.68015e-08;2.34097e-10;5.34781e-10;2.70847e-10;8.22596e-10;3.91899e-10;1.10972e-10;1.58886e-10;3.78268e-10;4.44095e-07;8.24484e-10;2.81537e-10;9.63179e-10;2.12979e-09;6.67488e-10;4.48265e-11;6.78389e-11;3.31745e-12;1.2037e-08;3.60946e-09;3.10525e-10;2.97868e-10;5.32001e-09;6.98243e-11;6.1602e-11;7.01155e-10;1.75249e-10;1.5556e-08;8.92191e-10;4.76861e-10;3.34575e-11;1.26769e-08;1.42755e-09;1.0755e-09;1.33697e-09;1.54393e-09;8.37522e-11;2.28488e-10;1.47343e-11;1.12407e-10;2.74911e-11;6.29959e-13;6.61768e-09;5.75338e-10;3.15116e-10;1.51141e-10;9.3128e-10;3.19693e-11;8.15347e-12;3.53971e-10;5.57136e-10;7.50599e-11;1.66699e-11;9.48704e-12;4.48632e-12;1.13665e-09;1.0936e-09;6.47604e-09;1.96642e-10;1.77906e-10;1.45396e-09;2.72619e-10;1.7934e-09;2.55449e-10;3.66741e-10;4.75346e-12;5.87464e-11;4.27688e-08;1.84595e-10;2.15199e-09;1.21234e-09;5.06454e-10;1.5321e-09;2.98255e-10;5.33711e-10;2.07602e-11;4.73493e-11;2.22269e-10;2.21594e-08;7.81802e-11;3.7929e-10;2.34242e-10;8.94737e-10;7.16059e-10;1.54753e-09;2.78641e-10;1.8178e-09;2.92335e-10;1.17388e-10;1.91199e-08;9.00763e-11;1.72056e-09;9.48643e-10;1.822e-09;2.39823e-09;1.24025e-09;2.6259e-09;6.23956e-11;3.24346e-10;5.92974e-09;4.1494e-09;1.70791e-09;9.39281e-10;5.31774e-10;1.39409e-09;5.01965e-10;1.15692e-09;7.14758e-10;6.95825e-11;5.28124e-10;5.86404e-09;2.26561e-09;3.56249e-10;1.53119e-10;1.27987e-09;8.67024e-10;3.31008e-10;9.6756e-10;1.28569e-09;3.85209e-10;7.73448e-09;3.90944e-10;3.48773e-10;1.31888e-10;6.81737e-10;2.4979e-10;3.253e-10;1.06492e-09;7.876e-10;9.07072e-10;1.02529e-10;6.39598e-12;4.77666e-11;3.21377e-07;1.16316e-10;2.17253e-10;2.09266e-10;9.32733e-10;4.55761e-10;9.21123e-10;3.30154e-10;6.93165e-10;5.90612e-10;2.46433e-10;4.14424e-08;1.19748e-09;1.34923e-09;2.82964e-09;2.6801e-09;1.07948e-09;2.13174e-10;2.55489e-08;2.84964e-09;1.25483e-09;7.2916e-10;1.49646e-10;5.68617e-10;2.68192e-10;3.59202e-10;4.73733e-10;8.8897e-10;3.27915e-11;2.12442e-10;1.87058e-11;1.87447e-09;4.97135e-10;5.07948e-10;2.28484e-10;6.07062e-10;4.31435e-10;4.28838e-11;1.94907e-10;4.68428e-11;4.34931e-10;3.71622e-10;3.24162e-11;7.52832e-12;1.04029e-11;5.26009e-10;3.02272e-10;2.99818e-10;1.9704e-10;1.72765e-10;1.59185e-10;3.38672e-11;3.40401e-08;6.92405e-10;1.22127e-08;6.14729e-10;7.30236e-11;3.30234e-12;8.52574e-10;3.02327e-10;1.15405e-09;1.6289e-09;8.94996e-09;6.38379e-11;9.47446e-11;6.52613e-12;9.30111e-10;4.47162e-10;7.72602e-09;8.12023e-11;1.13002e-10;3.43403e-10;1.29354e-11;4.77957e-10;3.90054e-09;3.3635e-10;6.69553e-10;2.98875e-08;3.42538e-10;8.6851e-11;2.84606e-10;8.20342e-11;3.19415e-10;1.25961e-11;3.67242e-11;1.31087e-11;3.51411e-12;1.08291e-07;1.91415e-09;4.16892e-10;2.0535e-12;8.00063e-11;6.44594e-12;5.46526e-10;2.61949e-09;2.06213e-09;1.19162e-09;3.0141e-11;1.24774e-10;5.25787e-11;4.01739e-09;1.94858e-09;2.84863e-10;4.71041e-09;2.21037e-09;1.34953e-10;3.32611e-09;1.16364e-09;3.37498e-10;8.08235e-08;1.24872e-09;3.48371e-09;2.94854e-10;9.91888e-09;2.25773e-10;1.89379e-10;2.28462e-07;1.49026e-11;6.96072e-10;3.12008e-10;2.22553e-10;4.6759e-11;1.81044e-11;6.50178e-10;2.5745e-10;5.55748e-10;1.02105e-10;5.06751e-10;1.48297e-11
1.83118e-06;0.00057861;1.20971e-05;7.87453e-05;8.76551e-06;4.3013e-05;6.33266e-05;3.0258e-06;5.86079e-06;2.47527e-06;7.94983e-05;2.00474e-05;2.7866e-09;9.9143e-07;9.83341e-07;2.29774e-06;2.75137e-06;4.87008e-07;7.75635e-08;3.7435e-06;7.60635e-07;1.04998e-07;6.8563e-07;9.36852e-07;8.16507e-07;4.53279e-07;1.25024e-07;4.69379e-07;9.34317e-08;4.09869e-05;1.46738e-05;3.33942e-06;1.37986e-06;1.47459e-06;2.16937e-08;1.4201e-06;9.89682e-07;5.78631e-07;4.51884e-07;2.65662e-06;2.16211e-08;2.23622e-06;4.65356e-07;7.48666e-07;1.5803e-06;3.29637e-07;2.45109e-07;0.000727486;0.0173864;0.0357367;0.0495267;0.886226;0.00043939;5.69398e-05;0.000569987;0.000924897;0.000715498;7.85602e-07;1.43383e-06;7.93354e-06;1.1487e-06;2.29523e-06;3.8739e-07;2.76999e-08;8.22511e-07;5.01122e-07;1.62508e-06;6.74271e-07;7.03267e-07;2.22662e-05;1.734e-06;2.78501e-07;7.08131e-07;1.43166e-08;5.88738e-09;5.64456e-07;5.08122e-07;1.51417e-08;1.77439e-05;3.42078e-08;2.32366e-06;1.41994e-07;2.36781e-05;8.46429e-06;3.24163e-06;1.27551e-06;5.4385e-08;3.0506e-09;4.56175e-07;1.11646e-06;3.23247e-07;1.56172e-06;7.15525e-07;1.32111e-06;5.67301e-07;7.2522e-07;1.4962e-08;3.48248e-07;1.61817e-06;1.09201e-08;2.21058e-06;2.46692e-06;1.37448e-06;4.46234e-06;2.33532e-08;3.3754e-09;2.30741e-07;8.7061e-07;1.30002e-06;6.10301e-08;6.03225e-07;5.04638e-08;2.64952e-07;1.07931e-06;2.55275e-05;3.57445e-06;0.000188134;2.79824e-07;2.01389e-06;6.83875e-07;1.91186e-06;1.28865e-06;1.45909e-06;2.47729e-07;0.000169063;6.27272e-06;1.54139e-07;1.31654e-05;5.22937e-07;2.8895e-09;1.70932e-06;8.27553e-06;2.7829e-06;3.42618e-07;1.16798e-06;4.11455e-08;6.89113e-07;2.42915e-05;2.67409e-05;0.000247538;1.66224e-05;1.29851e-06;1.72965e-06;1.66635e-06;3.34979e-07;5.98937e-06;4.0633e-07;1.69191e-06;1.04584e-06;2.17553e-05;2.77764e-06;4.16422e-05;2.62668e-06;5.89729e-06;1.51874e-06;3.62279e-07;4.13132e-08;4.93959e-05;5.82551e-07;2.828e-06;1.22205e-06;1.16178e-06;1.05967e-05;5.43115e-05;1.14764e-05;7.09906e-07;6.46773e-07;3.66997e-06;4.33749e-06;1.80024e-06;3.14008e-06;9.35602e-06;4.30544e-05;0.000223793;0.000152019;1.77382e-06;9.07709e-07;2.51501e-06;9.51797e-06;3.38825e-06;6.84768e-07;7.36775e-05;3.54933e-06;5.07492e-06;2.56345e-07;2.00584e-07;2.07289e-07;3.55716e-07;1.78811e-05;9.1308e-07;1.78794e-06;2.58097e-06;4.68753e-05;3.72355e-05;2.42871e-05;1.58159e-05;2.64516e-06;2.0413e-07;2.36121e-07;2.88216e-05;5.75073e-07;1.18595e-06;1.08023e-06;7.37818e-07;8.79754e-06;1.41807e-06;3.44411e-07;6.67122e-08;2.15677e-07;1.00263e-06;2.45346e-07;2.76416e-07;1.52316e-06;1.59556e-06;1.75668e-06;4.2789e-05;2.52359e-05;1.9753e-06;1.64222e-05;5.76266e-06;5.73464e-09;7.80794e-07;1.06059e-06;3.81576e-07;3.5881e-06;1.39719e-06;2.16526e-05;9.78016e-06;2.08428e-05;4.22497e-05;2.41852e-06;2.26843e-07;3.02256e-07;9.57362e-06;6.66216e-06;0.000103097;7.89941e-06;4.20164e-07;1.28719e-09;7.21386e-07;9.01957e-07;1.12453e-07;1.52588e-05;2.86314e-06;6.66833e-07;3.80528e-07;3.71137e-05;1.94295e-05;1.20692e-06;9.00852e-06;6.14487e-08;1.03319e-07;1.88364e-07;3.81602e-06;3.12484e-06;1.57424e-06;2.99725e-05;1.2959e-06;7.15293e-07;8.66899e-07;0.000111305;2.57224e-05;7.63347e-06;7.31639e-06;8.83812e-08;9.23639e-09;4.21306e-07;3.24495e-07;1.38887e-06;8.49072e-08;1.09558e-06;3.58327e-07;4.2898e-09;1.00951e-07;2.95909e-06;3.96455e-06;5.46863e-07;8.78396e-07;4.85176e-08;4.79025e-08;1.8337e-07;2.70916e-07;6.55194e-06;1.83065e-08;1.97852e-07;3.46598e-08;1.87652e-07;1.60201e-08;3.33007e-06;3.27438e-07;1.21122e-07;1.70003e-07;4.00896e-09;1.03276e-09;5.21332e-07;7.40202e-07;9.23401e-07;8.67419e-11;1.10956e-07;6.78808e-09;1.01301e-06;1.00017e-06;2.84086e-05;2.97725e-06;3.36558e-07;2.22464e-05;1.29733e-07;1.92349e-10;4.48916e-07;1.41042e-05;2.78825e-09;6.649e-06;1.54617e-09;5.75139e-07;3.31275e-07;1.32283e-05;1.03882e-06;4.45052e-07;2.02079e-05;6.64598e-08;1.22319e-08;8.5396e-07;1.25319e-06;7.10098e-11;7.50641e-07;1.26994e-06;6.93533e-06;8.18015e-05;9.1184e-08;6.9026e-10;3.08661e-07;2.88577e-06;5.05519e-07;1.51903e-08;5.64135e-07;6.30549e-07;2.48969e-07;7.19975e-09;2.82431e-07;6.85189e-06;7.31159e-05;0.00393709;2.90128e-07;2.63164e-11;2.39402e-08;5.43887e-06;3.506e-07;1.13882e-08;3.24228e-08
6.29717e-06;7.58566e-08;2.64702e-06;1.35916e-07;8.19163e-08;7.88738e-08;1.7403e-08;7.21477e-06;1.17072e-07;1.66023e-07;3.20213e-07;1.18658e-07;7.02157e-06;5.93095e-08;8.77236e-08;6.93571e-05;1.89843e-07;1.14935e-07;2.55777e-06;2.40621e-07;5.67256e-08;3.61284e-09;7.77716e-08;4.70289e-09;3.15843e-08;1.16661e-08;6.19106e-08;5.92436e-07;5.13059e-08;1.29972e-06;1.53813e-07;2.33277e-06;2.47356e-07;9.26265e-08;1.28052e-05;1.06276e-07;1.35597e-07;1.13846e-07;1.89311e-08;2.33108e-08;3.05056e-09;1.98316e-06;2.63999e-07;3.69841e-08;1.0462e-06;4.7708e-07;2.44779e-07;1.2054e-08;1.14326e-07;7.43678e-09;1.43495e-07;1.17534e-08;7.72874e-10;3.10803e-06;3.31337e-07;3.98292e-07;9.23131e-07;4.93212e-09;6.36843e-08;1.41175e-07;6.12844e-10;8.3582e-10;1.76555e-07;2.66017e-07;1.02261e-07;4.77152e-08;5.6334e-08;7.2628e-08;3.40942e-08;1.45016e-07;4.41442e-08;2.16446e-06;8.80127e-08;2.96913e-06;7.02027e-06;1.00707e-07;1.7165e-07;1.98248e-07;2.21478e-07;2.9317e-08;2.3665e-07;2.11018e-08;4.69704e-07;8.04062e-08;8.4626e-08;1.82939e-07;8.7179e-07;1.12114e-06;1.27525e-07;1.56946e-07;2.15273e-08;1.79703e-07;9.32247e-08;6.44504e-07;2.09804e-08;2.23525e-07;4.34784e-05;3.21731e-08;3.65989e-07;1.6324e-09;9.4134e-08;5.25378e-08;1.00605e-07;1.10833e-07;5.66636e-08;2.29274e-06;2.70021e-08;1.4723e-07;1.75469e-07;3.21998e-07;1.2227e-08;3.01469e-08;9.32704e-08;8.49546e-08;8.01561e-07;6.60788e-07;1.1706e-07;3.75876e-08;2.07631e-05;2.56378e-06;1.60741e-07;2.02472e-07;1.88018e-07;7.85881e-09;1.22421e-06;3.76981e-08;1.09794e-06;1.77154e-08;1.13346e-07;6.34852e-06;4.17921e-08;3.99672e-07;5.34802e-08;2.04898e-08;3.3426e-08;2.39581e-07;8.18827e-09;4.12433e-07;2.7106e-07;7.01386e-07;4.37213e-07;4.12602e-07;1.46666e-06;7.74832e-08;4.75064e-08;1.87506e-07;2.32646e-07;3.13162e-07;3.07763e-09;6.31457e-08;1.67438e-08;3.61984e-08;3.32465e-08;5.6705e-07;7.46687e-05;8.68664e-08;1.03372e-07;2.81254e-07;4.70849e-07;2.44569e-08;9.00786e-08;1.44387e-07;2.76293e-08;8.45687e-08;4.43125e-07;7.37334e-06;1.55814e-08;3.43442e-07;1.09534e-07;1.02144e-07;1.02002e-07;1.21384e-07;2.89806e-07;1.12929e-07;8.74736e-08;1.32946e-06;6.90917e-07;2.56649e-07;4.51477e-07;1.26545e-07;1.71576e-08;1.1897e-06;8.98568e-07;8.75272e-08;3.80007e-07;5.07766e-06;6.19265e-05;4.50761e-07;1.98064e-06;3.33828e-07;6.0729e-07;1.78609e-08;5.07121e-07;1.68029e-07;2.33601e-07;6.09377e-08;2.25873e-06;4.35435e-06;5.26274e-07;4.87901e-07;8.40861e-07;2.00926e-08;2.70268e-07;4.20084e-07;3.53505e-08;1.19161e-07;5.71774e-08;5.73055e-06;2.77568e-08;1.922e-07;1.84309e-08;1.06467e-07;7.36935e-08;4.62267e-07;7.25807e-09;5.98962e-07;1.74868e-06;1.52989e-09;2.35458e-07;8.35154e-06;5.76837e-06;6.15542e-08;3.90713e-07;2.89386e-08;1.8467e-07;7.5061e-08;1.96832e-07;2.20578e-07;8.34503e-07;1.17236e-06;6.15224e-07;1.75794e-05;4.73446e-09;1.15684e-07;7.08075e-08;9.67451e-08;8.51194e-09;2.33849e-08;4.019e-05;6.09395e-08;2.53166e-07;3.22324e-08;1.67534e-07;1.15382e-07;6.81538e-08;1.13799e-08;3.79689e-07;8.27107e-08;3.0015e-07;2.03827e-08;3.9069e-07;1.08697e-05;7.28017e-08;1.3555e-07;1.52999e-07;1.40427e-06;4.81024e-07;4.61884e-08;4.75936e-08;1.08632e-08;1.18423e-07;1.03418e-07;1.70807e-08;1.9003e-09;7.40877e-08;3.74706e-06;5.5289e-08;2.80299e-08;5.32551e-08;3.06032e-07;7.75943e-08;4.13291e-07;1.54091e-10;3.6512e-09;5.35665e-08;8.54739e-09;8.92591e-10;3.63001e-08;1.60292e-07;6.96064e-06;2.24007e-08;1.42927e-07;1.62823e-07;1.09008e-10;8.48661e-09;1.73659e-09;9.39597e-08;2.33352e-08;1.08593e-07;1.57612e-08;1.64322e-06;6.21638e-07;2.32359e-07;2.77421e-06;7.34983e-08;2.37739e-07;1.02313e-07;2.74303e-09;1.8614e-07;5.94208e-08;5.97243e-08;3.98479e-09;4.62938e-07;3.32799e-09;3.35374e-08;9.64267e-09;6.15395e-08;5.75645e-07;8.46158e-08;1.897e-07;1.64085e-10;5.51444e-08;5.96739e-10;1.18999e-07;5.917e-09;1.04418e-07;4.18054e-08;1.64609e-08;3.72157e-08;1.20436e-07;3.22661e-07;2.21737e-07;3.99867e-08;0.496063;1.59697e-05;4.7734e-06;0.471482;0.00855959;0.000588329;0.0212054;2.02013e-06;1.89496e-05;6.7795e-07;0.00150093;2.60328e-06;2.84592e-05;8.07803e-09;5.50419e-08;1.07472e-08;1.41686e-07;2.42423e-06;2.09186e-07;5.26903e-09;3.78298e-09;1.39035e-09;3.84372e-07;4.05896e-08;3.32092e-10;9.36369e-10
6.76303e-09;4.58787e-08;6.63854e-07;1.59328e-07;1.48836e-06;9.02508e-07;2.59507e-08;9.39342e-07;2.34716e-07;4.37474e-07;1.95271e-06;1.21873e-07;3.45812e-07;9.37276e-08;1.44628e-07;1.93201e-07;1.98842e-08;8.11294e-08;9.76238e-08;2.86337e-07;5.1924e-08;5.51421e-08;2.796e-07;1.09007e-07;6.22366e-07;2.64082e-06;3.0326e-06;4.64783e-08;1.02049e-08;1.41141e-07;1.79118e-09;4.47883e-07;3.49546e-05;1.83233e-08;1.6335e-08;2.12579e-07;1.07987e-07;1.2718e-07;1.16998e-07;1.03558e-07;1.61094e-08;1.54911e-07;8.21784e-08;5.91738e-09;1.33231e-08;2.11785e-07;9.40893e-10;6.9189e-08;1.00437e-07;1.62643e-08;1.69598e-06;3.74946e-07;1.60028e-08;1.05052e-08;2.47735e-09;5.16537e-07;8.64488e-07;6.14186e-08;9.47815e-08;1.77338e-07;6.59789e-08;5.16094e-08;9.92861e-07;1.52156e-08;1.36287e-07;1.58051e-07;4.86619e-07;5.10454e-07;9.46771e-07;4.89812e-06;3.03061e-06;6.41935e-06;5.08519e-05;1.997e-05;1.64541e-07;1.11338e-07;1.52129e-07;1.35957e-05;3.57924e-06;1.10799e-06;7.88784e-06;1.44992e-07;9.16241e-07;8.80176e-07;8.03902e-08;5.01982e-06;7.98167e-06;3.11108e-08;1.92765e-06;5.0101e-07;3.14343e-07;3.44558e-07;1.38932e-07;1.30579e-07;3.32722e-06;7.07344e-07;4.59501e-08;3.46501e-07;3.09783e-06;4.78053e-08;9.09336e-07;1.34955e-07;1.3673e-06;6.93922e-06;9.55374e-07;1.47971e-08;5.87491e-07;1.11417e-07;9.01248e-08;1.14153e-05;1.02455e-05;1.22755e-06;1.26348e-07;1.01738e-07;1.90549e-07;8.56059e-08;2.4166e-07;8.88794e-08;2.29752e-08;8.05599e-08;1.68456e-06;8.11734e-07;2.80122e-07;5.45523e-10;2.03966e-07;2.18728e-09;3.49982e-08;5.59735e-07;4.27209e-08;7.51058e-10;4.46467e-08;8.94044e-07;1.52659e-07;3.0316e-08;9.04512e-08;6.2328e-07;1.28978e-07;1.03499e-06;4.16123e-07;2.08208e-06;3.21558e-06;2.50035e-05;1.55938e-06;1.57662e-07;4.34258e-06;4.88088e-06;1.30918e-06;2.47319e-06;8.84717e-08;1.28986e-07;1.13386e-07;3.14044e-07;1.02692e-05;5.79393e-05;1.46561e-07;1.12861e-07;9.20203e-08;1.1094e-05;1.22539e-06;1.50272e-07;2.29465e-07;8.80482e-08;3.74607e-08;1.09164e-06;5.54043e-07;2.22269e-08;1.95354e-08;6.42368e-07;7.22607e-07;4.18533e-07;9.43647e-08;1.86155e-07;5.40988e-07;1.16634e-07;9.26442e-06;3.17444e-06;1.39597e-09;7.62632e-08;7.95311e-07;1.64346e-06;8.79622e-08;2.52482e-06;3.29789e-07;2.39286e-06;3.30267e-05;1.89947e-05;4.55686e-08;2.29081e-06;5.04693e-06;7.42495e-07;1.09827e-06;2.19251e-07;3.09325e-06;2.97301e-07;8.76631e-08;3.03962e-07;2.77235e-07;6.02935e-08;1.02186e-07;6.13177e-07;2.55543e-07;8.71498e-08;2.18389e-07;6.16182e-07;5.35791e-07;2.68807e-06;1.20755e-05;1.6714e-07;1.94091e-07;1.06624e-07;5.36277e-08;1.34776e-06;1.14476e-06;1.45429e-06;4.88935e-05;0.00124042;0.000502546;0.892423;0.0580772;0.0449489;0.00209578;9.11719e-08;6.15803e-06;1.16381e-07;1.21992e-06;7.32893e-08;4.25189e-07;5.06852e-07;2.39141e-07;5.48318e-06;1.38221e-06;6.46769e-09;1.07343e-08;7.40701e-08;6.8613e-08;1.17679e-09;4.74542e-08;2.54293e-08;5.01951e-10;6.83965e-08;1.27789e-07;7.62987e-07;8.87314e-07;2.16545e-06;1.06457e-07;1.42796e-08;1.02086e-06;4.59882e-08;3.35001e-06;9.78753e-06;2.11932e-05;1.29905e-07;1.32461e-07;2.77051e-07;5.49028e-07;2.38799e-06;8.24579e-06;3.08796e-07;7.9155e-08;3.08121e-08;1.16714e-08;2.41856e-08;3.54076e-09;8.63328e-07;6.43849e-08;2.72999e-09;7.57546e-08;6.52697e-08;6.1832e-07;4.14281e-05;1.98434e-07;1.27702e-05;5.39111e-08;2.57463e-09;1.7602e-07;7.25651e-09;1.74955e-08;3.03785e-09;1.46867e-05;1.44023e-09;1.20157e-08;4.69418e-08;1.83911e-07;5.58095e-07;3.67668e-07;3.59627e-07;5.82786e-07;3.73058e-08;7.79113e-08;5.12512e-08;8.40331e-08;3.38335e-09;3.35884e-08;5.99333e-10;7.58196e-08;1.51809e-07;9.15103e-08;1.83383e-09;6.61319e-08;7.33332e-08;7.45388e-08;8.24386e-09;9.71852e-08;5.29164e-09;7.91511e-07;8.98314e-08;2.74535e-07;5.22282e-09;1.16019e-07;3.41224e-07;2.78972e-11;8.18731e-07;4.92961e-08;3.05846e-07;2.80044e-08;8.21978e-08;1.78144e-08;2.2275e-07;2.01379e-06;1.69026e-07;1.41801e-07;3.5727e-06;1.86503e-06;6.76761e-07;2.35078e-07;2.21476e-07;7.83101e-08;2.85953e-06;7.80991e-07;1.1474e-08;2.92082e-08;2.4178e-07;1.31397e-07;1.44228e-05;1.10384e-07;3.01498e-06;1.7874e-06;6.2471e-06;8.40441e-08;1.97028e-07;1.57101e-07;1.74529e-08;1.98579e-07;2.255e-09;4.24453e-09;9.97084e-08;6.92693e-08;1.58003e-07;2.83349e-07
1.03221e-07;3.77368e-09;9.72015e-08;1.13453e-08;2.71333e-09;1.05871e-06;1.11266e-08;7.63924e-09;1.4346e-07;4.7053e-08;1.12033e-09;9.4982e-08;5.21825e-09;1.92863e-08;1.39962e-08;8.56564e-09;4.49314e-09;7.09257e-09;4.13128e-08;1.10958e-08;8.26196e-09;1.07691e-08;2.28251e-08;4.16982e-09;2.84647e-06;2.1632e-08;1.90963e-08;6.50026e-09;5.18542e-10;9.52557e-08;8.91766e-09;8.82702e-10;5.12749e-06;1.45491e-11;3.89053e-09;1.05119e-08;1.16142e-08;1.63504e-08;1.03628e-09;8.25337e-08;6.82819e-10;3.9347e-08;4.67108e-09;1.10764e-09;4.65891e-09;2.0845e-08;5.06726e-10;2.21869e-09;5.77202e-09;5.0372e-09;2.79865e-09;3.25766e-06;7.47813e-11;1.26766e-09;4.25577e-11;2.38375e-08;1.23999e-08;6.28638e-09;3.10953e-08;1.45361e-07;2.60009e-08;6.98094e-06;9.8827e-09;2.66305e-07;5.8905e-09;8.43578e-08;3.3905e-08;1.32195e-08;9.86109e-09;1.14364e-07;2.67658e-08;1.48421e-09;2.43357e-06;3.48825e-10;2.22063e-09;6.6588e-09;2.28355e-08;4.13643e-09;1.38698e-06;3.04107e-08;5.54023e-08;1.65524e-09;3.84951e-09;1.74606e-08;6.28837e-10;1.24319e-06;9.02605e-10;1.16883e-09;4.53484e-08;4.43402e-08;4.00657e-08;8.44677e-08;3.14169e-08;5.516e-09;2.21422e-06;3.21903e-08;8.48747e-09;8.01856e-08;6.83175e-08;9.33848e-06;0.000326248;9.33577e-06;0.00033904;0.991557;1.10152e-05;9.54182e-05;7.72629e-06;3.36405e-08;3.56919e-08;9.17094e-05;0.0074294;3.62044e-05;2.8772e-08;1.99699e-08;4.07087e-08;5.46937e-09;6.64504e-07;7.86143e-10;5.86304e-09;8.54912e-10;2.06551e-08;6.23543e-09;6.87903e-09;2.55845e-10;8.31315e-09;6.75374e-09;8.25032e-10;5.36583e-06;6.57788e-10;4.48189e-11;3.62923e-08;1.43341e-07;1.12335e-07;2.67033e-08;9.25812e-07;1.89659e-09;3.29256e-08;1.27103e-07;1.92135e-07;3.24119e-08;1.86944e-06;1.86549e-08;1.80728e-07;7.30542e-08;1.04412e-07;1.46375e-06;2.5289e-08;4.51828e-08;3.91511e-09;1.24126e-08;1.25474e-08;2.5317e-09;1.05369e-06;8.70622e-10;9.46634e-09;7.92e-09;6.82786e-10;2.60791e-07;2.24554e-08;1.80521e-08;1.5952e-08;3.62114e-08;4.61286e-08;6.45365e-07;2.79726e-08;6.05868e-09;4.39415e-09;6.31262e-09;2.23408e-08;4.67293e-08;1.19721e-07;7.79782e-08;2.42068e-07;7.81458e-07;4.77855e-06;8.2524e-09;2.33659e-08;1.64601e-08;1.192e-06;1.26137e-08;2.92957e-08;1.11362e-07;3.52611e-07;6.83613e-09;7.80124e-06;1.96083e-08;5.0977e-09;2.49136e-08;6.57509e-07;2.73503e-08;3.27127e-08;2.9318e-08;1.30871e-07;7.91567e-08;3.74568e-09;7.713e-06;5.69471e-09;3.18761e-08;2.11374e-08;1.05567e-07;7.15814e-08;1.78792e-08;4.16776e-08;1.65263e-08;1.83428e-07;1.22094e-06;1.77316e-08;3.81139e-08;1.76376e-08;3.83411e-08;2.1806e-08;1.05937e-08;2.82679e-07;8.07753e-09;1.30391e-09;4.35528e-08;3.75558e-08;4.91592e-08;6.64161e-06;5.1513e-10;5.72756e-10;1.28678e-08;5.62638e-08;1.06469e-08;8.60226e-09;1.19448e-08;3.35372e-08;4.58099e-08;2.58806e-09;1.22282e-07;2.11743e-09;2.19066e-09;1.60764e-09;1.95004e-08;4.46752e-09;9.19623e-11;2.78578e-07;6.23362e-12;1.51061e-10;2.81578e-08;2.6921e-08;4.51458e-09;5.32349e-07;2.33806e-09;1.16764e-08;9.31781e-10;6.13765e-09;1.26741e-08;4.36035e-10;2.04209e-07;4.61256e-10;1.34035e-10;3.656e-09;2.00372e-08;8.25201e-08;5.60797e-09;1.46271e-07;1.35241e-08;1.03503e-08;8.98772e-09;1.21633e-08;2.35671e-08;2.20412e-09;1.18038e-06;6.23549e-10;8.57988e-10;1.1471e-08;8.58095e-09;1.74224e-07;1.30915e-08;3.54392e-08;1.85256e-08;1.88061e-11;2.87917e-10;3.94058e-08;8.15535e-09;4.21616e-09;1.08784e-06;1.01651e-11;1.11542e-09;7.77366e-09;7.84276e-08;1.50442e-08;2.25781e-08;6.86621e-08;1.7311e-08;2.55538e-07;2.0498e-09;1.98118e-08;5.80908e-09;3.40198e-09;9.07592e-07;5.43292e-09;3.48208e-09;2.55844e-08;5.04607e-08;2.43603e-08;1.53343e-08;5.74416e-07;1.81313e-07;8.42568e-09;2.20645e-10;7.60478e-08;1.4604e-08;1.53568e-10;2.53328e-06;1.69702e-09;1.82357e-10;2.43445e-08;4.55467e-08;1.41657e-08;6.15806e-08;7.89848e-09;1.0512e-08;4.96578e-09;3.46773e-07;2.83e-08;8.55601e-10;9.75772e-08;1.46835e-09;8.52891e-09;1.37139e-08;1.23311e-08;4.20119e-08;2.16368e-08;2.06267e-07;3.82776e-09;2.91773e-08;2.88867e-09;3.96884e-08;3.32757e-08;1.84549e-07;2.23747e-08;3.64401e-08;1.76291e-08;1.15807e-07;5.06671e-07;2.03136e-08;3.80876e-08;2.5219e-07;1.57892e-10;7.11308e-07;2.47016e-08;6.59804e-12;5.48081e-09;5.51329e-08;6.02063e-08;6.37906e-07;5.19249e-07
1.96409e-05;3.54985e-06;1.41949e-06;1.11992e-06;1.21254e-06;3.28645e-06;5.29978e-07;3.22137e-06;8.25458e-07;1.81932e-07;1.37859e-05;3.08373e-06;3.4322e-07;3.00698e-07;3.69969e-07;9.34624e-07;4.60104e-06;2.69064e-07;1.05745e-06;2.60477e-07;6.18278e-06;1.35634e-07;1.52138e-07;4.50046e-07;1.58052e-07;2.91906e-07;1.94075e-07;2.88818e-07;2.08235e-07;2.55963e-07;1.10006e-06;2.32515e-08;4.80686e-08;1.11209e-07;1.68008e-07;2.5772e-07;1.38085e-07;1.61803e-07;7.7081e-07;8.34394e-07;3.51485e-08;3.7713e-07;1.56015e-06;2.31841e-07;1.60537e-07;1.53687e-07;9.50857e-09;9.9958e-08;1.65866e-07;5.3741e-08;7.07484e-08;2.07669e-06;6.69139e-09;5.74824e-06;9.43295e-10;1.54099e-07;1.31711e-07;1.23446e-07;1.99982e-07;6.45772e-07;7.79862e-08;2.71478e-07;1.99149e-07;2.76105e-07;1.17743e-07;3.33922e-08;6.24543e-08;1.23843e-07;7.27741e-07;2.00525e-06;4.69935e-07;4.59444e-07;1.97326e-06;1.36391e-06;5.33059e-07;1.39434e-07;1.41796e-07;2.76082e-08;8.77415e-08;4.50535e-07;1.43941e-07;1.51015e-07;3.01133e-07;6.15488e-08;7.0485e-08;4.28584e-07;9.81064e-08;6.11508e-07;2.00193e-07;2.13269e-07;1.31779e-07;1.39179e-07;1.065e-07;9.28696e-09;2.87403e-08;4.54249e-07;4.65085e-09;2.94177e-08;9.45651e-08;3.88698e-07;9.76178e-07;1.1829e-07;4.19004e-08;2.79854e-07;1.85053e-07;3.11635e-07;1.53792e-07;1.91692e-07;2.33776e-07;1.44725e-08;4.1104e-08;8.24616e-07;4.16844e-08;1.14966e-07;6.28018e-06;4.58378e-07;5.70801e-07;9.3563e-07;2.03135e-07;7.08041e-07;1.06474e-07;2.90451e-07;6.18592e-08;2.97768e-07;8.41213e-07;5.41412e-07;1.35798e-07;3.21084e-06;2.04853e-08;2.03219e-07;2.32379e-07;1.10037e-07;2.56173e-07;1.69098e-08;2.30302e-08;4.80368e-09;1.27637e-06;1.38226e-06;1.25974e-06;1.87988e-07;2.3113e-06;3.24541e-08;1.0931e-07;1.06154e-07;9.41218e-08;1.81336e-07;9.72532e-07;2.04429e-07;1.8099e-07;2.40188e-07;1.14614e-07;3.25615e-07;1.96136e-06;1.07341e-06;6.25212e-08;2.20882e-07;1.61742e-08;6.42633e-08;7.84711e-08;4.23424e-07;1.3593e-07;2.43388e-07;9.87514e-07;8.26551e-07;8.79234e-07;5.01751e-08;2.30356e-08;5.86348e-08;1.09623e-07;1.06467e-07;3.60916e-07;3.91629e-07;3.60708e-07;7.46552e-07;7.01884e-07;1.04568e-06;6.23827e-07;5.79043e-08;2.48222e-07;2.97272e-07;1.01776e-06;1.63401e-06;1.11567e-06;1.17913e-06;6.2276e-07;2.60886e-07;7.80521e-07;1.21528e-07;2.96849e-07;1.32815e-07;2.43846e-07;2.79546e-07;7.54149e-07;2.64477e-07;9.65582e-08;2.59512e-07;2.66987e-07;4.70197e-07;5.01063e-08;6.00782e-08;1.78927e-07;1.87141e-07;4.54799e-07;4.4736e-07;3.63091e-06;1.62182e-06;1.11852e-07;2.06182e-07;3.2983e-07;1.06208e-07;5.70801e-08;1.01888e-07;3.36525e-07;1.19046e-07;3.00135e-07;2.89508e-07;6.30383e-07;1.27346e-07;2.4171e-08;1.53434e-07;3.74016e-09;1.53411e-07;1.96235e-07;1.20725e-07;2.31655e-07;2.84726e-07;4.76462e-07;4.25436e-07;2.6567e-07;1.7679e-07;3.85762e-07;2.92395e-07;7.70948e-07;7.90685e-07;3.42854e-07;2.39847e-06;2.77656e-08;1.14922e-08;1.61191e-07;2.23011e-07;1.34341e-07;3.61003e-08;2.15969e-07;1.90266e-07;4.43228e-07;1.54243e-06;7.37037e-07;1.92357e-06;7.88181e-08;3.27597e-07;9.56714e-08;1.62138e-08;2.75397e-07;2.69362e-07;4.95382e-07;2.18851e-08;1.83344e-07;1.13355e-07;1.28275e-07;2.27718e-07;1.87159e-06;2.12762e-07;6.13611e-08;9.40012e-06;1.02659e-06;2.62008e-07;2.13353e-07;1.20258e-07;1.28637e-07;4.29714e-06;1.76207e-07;3.35409e-06;2.77464e-08;1.29486e-06;2.87067e-07;1.09193e-06;1.75051e-07;6.42846e-08;5.61759e-06;4.78875e-09;8.88915e-08;2.53005e-07;1.04757e-07;1.26574e-09;3.29511e-06;1.71708e-08;1.46881e-07;2.12617e-07;7.83351e-07;2.58875e-07;1.1979e-06;2.07837e-07;3.92435e-06;5.63438e-10;8.86666e-08;1.47935e-07;2.46364e-07;1.52144e-07;3.34865e-08;1.14936e-08;1.5693e-07;2.11842e-07;1.1324e-06;2.20258e-06;1.26904e-06;6.68044e-07;2.34176e-07;7.60489e-08;1.44647e-07;6.54996e-07;9.25267e-08;1.83001e-08;2.5579e-08;1.22465e-07;3.61914e-07;2.11841e-07;3.23199e-07;9.85956e-09;1.76306e-06;8.4522e-08;1.92695e-09;4.65616e-08;1.65593e-07;0.98569;9.50111e-05;2.27823e-06;0.0120118;0.000243043;2.53168e-05;0.000166046;0.0001644;0.0012786;8.38624e-06;2.42872e-05;3.20012e-06;5.65611e-05;3.5382e-06;2.58414e-06;3.93445e-07;5.6075e-07;8.79059e-08;5.25994e-08;3.90017e-07;2.32617e-07;1.19217e-07;2.30181e-07;3.04193e-08;1.64389e-07;3.67638e-09
4.31982e-06;8.8986e-07;5.679e-07;1.04707e-06;1.93544e-07;4.65668e-07;5.29288e-08;1.574e-08;4.3337e-08;5.7177e-08;1.85279e-07;1.03058e-07;8.31928e-09;4.81951e-08;3.40607e-08;6.25827e-08;8.94563e-08;5.97738e-08;1.95864e-08;1.47598e-08;2.28104e-07;3.82069e-08;4.81402e-08;1.34876e-07;1.68813e-08;2.53811e-08;1.53057e-07;1.25706e-08;2.13371e-08;3.09807e-07;1.63538e-07;3.018e-07;1.78695e-07;2.14401e-08;2.97849e-08;1.9709e-08;1.64044e-08;2.66466e-08;1.79879e-08;4.56885e-09;1.47962e-09;3.29659e-07;7.85752e-08;5.98409e-08;7.73301e-08;2.03598e-08;3.25304e-10;4.0869e-08;1.41016e-07;3.3261e-07;5.05835e-08;1.41414e-07;1.20386e-08;2.65262e-07;1.80671e-10;4.03301e-08;1.60561e-08;9.62409e-08;7.91351e-08;1.25585e-07;1.29484e-07;2.07228e-08;1.50822e-07;2.35584e-08;6.15798e-08;1.92052e-08;3.22176e-07;8.62331e-08;2.43475e-07;6.06276e-07;7.61497e-07;2.37844e-07;3.02633e-07;4.08978e-09;1.31879e-07;4.61862e-08;4.28225e-08;1.15347e-08;5.65637e-08;8.11901e-08;2.53574e-08;2.00443e-08;2.42024e-07;4.88473e-07;6.94264e-08;1.19651e-08;1.0027e-07;6.9518e-10;2.34685e-08;2.87447e-08;5.55794e-08;1.7176e-07;5.55553e-08;9.85198e-09;2.96778e-08;5.04435e-08;7.01122e-09;1.16557e-08;2.41814e-08;6.97905e-08;1.05587e-06;2.03795e-07;2.33914e-08;1.01218e-07;1.98255e-08;7.92397e-09;3.59638e-08;3.65499e-08;4.84236e-08;1.01081e-07;4.19936e-08;9.43017e-08;1.7694e-08;5.05954e-08;1.42748e-07;2.98035e-07;1.43497e-07;1.04429e-08;3.8092e-09;1.30663e-08;8.47437e-08;3.47609e-09;5.93043e-08;3.73406e-08;2.49299e-05;6.34407e-07;1.38346e-08;4.72417e-08;4.12292e-09;7.28523e-09;1.10482e-08;1.78487e-07;1.29256e-07;8.9362e-10;4.17924e-09;2.36811e-09;2.18073e-07;1.4383e-06;8.41494e-07;1.26043e-07;4.15758e-07;1.09909e-07;1.55165e-07;3.37744e-08;6.57649e-08;1.31317e-08;2.48806e-07;5.62121e-08;3.28948e-08;4.20686e-07;7.68767e-07;1.72703e-07;1.02028e-06;1.17836e-07;4.24074e-08;4.77979e-08;6.8739e-09;1.43073e-08;5.01023e-08;7.54978e-08;4.43409e-08;3.60964e-08;1.10945e-08;5.24994e-08;7.23239e-08;2.28995e-09;2.66689e-09;6.62679e-09;8.50599e-08;2.85133e-08;3.13902e-08;8.52506e-08;8.53064e-08;7.38508e-08;4.39202e-08;1.50148e-08;2.36796e-08;6.91647e-08;1.0611e-08;3.76651e-08;2.01729e-08;9.30553e-08;4.00903e-08;6.36238e-08;1.40402e-08;1.21441e-07;9.70925e-09;1.0518e-08;1.08348e-08;3.60847e-08;5.68763e-08;2.2973e-07;2.73085e-07;1.15126e-06;1.94993e-08;1.54325e-07;5.09413e-08;1.90687e-08;1.21602e-08;2.4535e-08;1.78138e-08;4.11486e-08;1.67697e-07;7.75457e-08;4.44691e-07;2.38414e-07;3.75718e-07;4.9191e-08;4.87029e-08;4.54386e-08;2.23397e-08;1.02339e-07;1.1564e-07;4.04004e-08;7.41708e-09;1.14784e-07;1.65889e-07;1.79464e-08;4.06695e-09;2.78403e-08;7.87533e-09;3.47509e-08;4.2594e-08;3.77096e-08;3.29559e-08;2.96144e-08;5.43305e-08;1.61816e-07;1.71848e-08;1.18779e-08;3.2893e-08;1.71908e-08;2.79601e-08;3.71781e-07;1.15913e-07;1.84124e-08;5.77362e-09;1.39127e-09;2.39605e-09;2.67965e-08;1.34843e-07;1.22293e-08;7.0046e-09;2.0551e-07;4.58387e-08;4.52882e-08;1.24576e-07;6.67386e-08;1.43496e-07;2.96128e-07;5.43684e-10;1.00644e-09;8.07909e-09;1.25604e-08;3.30342e-08;8.92018e-09;1.21427e-08;7.56245e-09;3.73145e-08;6.50059e-08;1.65685e-07;8.55728e-08;6.20219e-08;8.80226e-07;3.82837e-08;9.63258e-10;1.84564e-08;4.72658e-08;1.28372e-07;3.09998e-07;2.02861e-08;4.28338e-07;1.88435e-07;3.4069e-08;1.30928e-06;1.3856e-07;5.08793e-08;2.10057e-09;1.17622e-07;1.21504e-09;9.41439e-09;9.57575e-08;3.09349e-08;9.71834e-10;3.79788e-08;7.37728e-09;9.19363e-09;1.18172e-08;1.6176e-06;2.11657e-06;9.12282e-08;6.48372e-08;6.87454e-08;3.55377e-09;1.11104e-08;4.43688e-08;1.10894e-07;4.37047e-11;3.09328e-09;3.74923e-09;5.49817e-08;5.46268e-05;9.89405e-05;8.79376e-05;0.998745;0.000201209;0.000656964;1.61539e-05;5.623e-07;2.16751e-06;4.05032e-05;8.73725e-06;1.7045e-05;2.61447e-08;8.18037e-08;2.95558e-07;7.92943e-08;9.15751e-08;8.80902e-08;4.66877e-09;1.31751e-08;7.80097e-08;7.84773e-08;7.75265e-10;1.06571e-08;3.79104e-08;2.57548e-08;1.9178e-08;3.06662e-09;3.13095e-09;2.65415e-08;1.77836e-07;5.9129e-08;3.37221e-08;2.76284e-08;9.83012e-09;1.224e-08;2.88485e-08;5.01775e-08;2.01425e-07;4.03805e-07;3.4232e-08;2.81306e-08;1.88781e-08;7.0497e-08;1.77035e-07;4.70954e-08;3.65189e-07;4.8476e-08
8.94973e-10;5.09403e-10;1.36083e-08;5.90156e-09;1.95662e-08;3.34874e-09;1.20628e-09;6.13121e-10;1.14728e-08;6.27234e-09;1.57441e-09;7.56966e-09;9.89674e-09;2.3554e-09;1.0155e-08;5.93346e-09;1.92876e-08;4.19193e-09;2.74723e-08;1.47911e-08;2.95133e-08;1.08087e-09;5.3447e-09;2.79105e-09;2.18607e-08;1.57061e-08;5.11157e-09;2.89985e-09;1.10366e-10;1.49321e-09;1.15442e-09;3.69567e-11;2.46393e-10;8.69622e-08;4.47512e-10;5.269e-09;5.54708e-09;1.21999e-08;3.81558e-09;2.86463e-08;1.61101e-08;1.43412e-08;3.51239e-08;6.54195e-09;1.21982e-08;1.48145e-08;2.73653e-09;1.81132e-09;2.77115e-08;9.07259e-09;6.64138e-09;1.60661e-07;1.14932e-08;3.09745e-08;6.93818e-09;3.46475e-08;5.63666e-09;3.70991e-09;5.62495e-09;4.72664e-08;9.90924e-09;2.34249e-08;9.77818e-09;3.47051e-09;7.03538e-09;2.82779e-09;5.97244e-09;1.05858e-08;1.24746e-09;4.96358e-08;2.10489e-08;6.41626e-10;1.30247e-09;1.85952e-09;1.45261e-08;3.19766e-09;7.32842e-09;2.40796e-09;7.5327e-09;4.21695e-08;1.55279e-08;1.45447e-09;6.36381e-08;3.13711e-08;8.3925e-09;1.35107e-09;2.25564e-07;6.09394e-08;2.72838e-09;6.14015e-09;6.08335e-09;2.13576e-08;4.79398e-09;1.48032e-08;9.0576e-09;2.15601e-08;4.85972e-09;2.07951e-09;2.64895e-09;3.62602e-09;3.01905e-08;5.67413e-09;5.65819e-08;1.17201e-08;4.78197e-08;3.32134e-08;9.88246e-10;5.11179e-09;5.4733e-09;2.87136e-09;3.74723e-09;7.46257e-09;9.11992e-08;6.47754e-09;1.03321e-08;3.27616e-09;6.1387e-09;6.18134e-08;3.1151e-07;3.19482e-09;1.48973e-08;1.91556e-09;8.43979e-09;5.44525e-11;5.22303e-10;4.03369e-09;3.75358e-09;4.95869e-09;2.14856e-09;1.54416e-09;1.09692e-09;5.65361e-09;2.58803e-09;7.65611e-11;1.23166e-08;1.22127e-09;6.77761e-09;5.55875e-08;4.356e-08;7.419e-08;1.10916e-07;9.11711e-08;1.76552e-07;6.73351e-09;1.04808e-07;3.06826e-08;4.90445e-08;1.72733e-08;1.74528e-09;1.91849e-08;3.63248e-08;6.71666e-09;2.19545e-08;1.77206e-08;1.42103e-08;3.16363e-09;2.67898e-09;1.053e-09;1.30709e-08;5.1757e-09;9.68952e-09;5.26933e-09;7.97994e-09;1.6754e-07;4.86293e-08;4.51352e-09;1.02723e-09;1.51579e-08;3.35566e-09;1.12167e-08;6.06566e-09;2.60035e-08;2.25071e-08;2.5528e-08;4.35412e-08;2.13005e-08;5.85773e-09;3.86506e-09;1.11308e-08;4.23782e-09;2.76507e-09;3.03296e-08;3.10518e-09;9.25067e-09;2.8398e-08;5.26016e-08;4.22145e-08;1.45789e-09;6.32142e-09;8.12734e-09;6.99343e-09;1.57954e-09;1.16724e-08;1.54871e-08;1.38311e-08;3.70307e-09;1.89923e-09;7.23992e-09;2.49242e-09;2.75486e-09;5.47068e-09;8.49021e-09;2.04154e-08;1.74195e-08;1.05313e-07;1.19895e-07;4.42681e-08;8.72478e-08;1.06775e-08;1.14288e-08;1.68007e-08;6.33701e-09;1.30996e-07;9.01697e-09;1.67193e-09;4.91495e-09;6.00053e-08;8.39608e-08;4.77133e-08;2.31682e-07;2.27397e-09;4.90568e-09;1.3733e-08;8.34821e-09;5.89454e-09;1.562e-08;9.04491e-09;2.8998e-08;3.8201e-08;9.44295e-09;1.49326e-08;8.07292e-09;1.15352e-08;9.66549e-09;2.58083e-08;1.73915e-07;1.37561e-08;2.54253e-08;9.37223e-09;5.36404e-09;1.09868e-08;1.25527e-09;1.05677e-08;9.35577e-09;4.52175e-09;7.10315e-10;9.13383e-09;7.08848e-09;5.81872e-07;1.15469e-08;6.46762e-08;1.3179e-09;2.95081e-09;2.93612e-08;1.13932e-08;2.29934e-09;5.97483e-09;8.56725e-09;7.04922e-09;1.41832e-09;6.08978e-09;1.03368e-08;2.42694e-08;1.02828e-09;2.11023e-09;2.04674e-09;3.86612e-09;5.84252e-09;3.30473e-09;5.42252e-10;3.98587e-09;1.06267e-08;1.35512e-08;5.19127e-07;3.00726e-05;6.35475e-06;0.0158512;0.000257424;0.982993;0.000642263;7.36453e-07;3.52599e-06;2.91584e-06;0.000109496;6.81588e-05;2.8278e-05;1.38851e-09;2.79118e-11;4.56102e-10;1.36868e-09;1.91061e-10;1.81145e-09;1.78956e-08;1.05567e-10;1.44948e-09;4.66083e-09;6.01959e-09;1.56217e-10;3.44816e-09;4.40226e-09;4.51142e-09;1.36581e-10;3.96777e-09;3.40755e-09;1.38108e-09;3.82696e-09;3.6039e-09;5.96248e-10;2.34644e-09;1.15509e-08;2.31765e-09;2.94699e-09;1.47559e-09;4.56699e-09;2.14735e-09;9.24382e-09;1.12654e-08;2.38638e-08;5.12088e-08;1.55778e-08;4.9193e-10;1.18589e-09;5.03431e-09;1.34703e-10;8.74735e-10;1.69313e-08;1.56885e-08;1.92239e-10;1.69875e-10;3.49183e-10;2.58126e-09;3.42963e-09;3.5552e-09;1.42515e-09;3.52273e-09;1.91829e-09;5.94733e-09;1.8455e-08;3.47705e-10;5.69629e-09;1.14515e-10;4.87355e-09;1.42417e-08;2.09829e-10;5.96161e-10;3.40676e-09;1.1053e-08;2.33388e-09;1.58813e-08
9.18409e-07;7.13704e-07;7.36553e-07;1.16941e-07;2.77941e-08;1.43038e-06;7.66048e-08;2.83166e-07;4.86908e-07;5.02248e-07;1.35361e-06;2.26608e-07;2.67013e-08;4.48553e-07;7.36587e-08;1.62769e-06;3.67051e-06;6.6989e-08;1.2372e-06;3.2803e-07;1.65661e-06;2.74888e-07;1.43303e-07;2.60663e-06;1.82644e-07;1.07559e-06;1.07544e-07;3.38163e-09;1.26139e-08;6.93834e-08;2.36151e-08;4.23654e-07;8.28999e-08;7.86729e-09;1.04896e-07;1.38015e-07;9.81263e-08;1.05278e-07;1.45408e-08;3.76192e-09;7.40136e-10;5.30824e-08;6.52912e-08;1.84762e-08;1.85941e-08;3.55753e-09;2.52281e-09;2.10496e-08;8.94772e-08;2.72656e-07;1.64384e-09;1.80602e-08;1.62451e-08;3.17006e-08;9.83978e-09;3.7737e-07;9.16339e-08;1.37433e-07;1.92931e-07;3.35332e-07;3.81117e-08;3.79623e-07;4.79789e-08;5.3418e-07;8.25248e-08;2.65283e-06;1.19998e-05;1.84034e-07;2.50327e-07;5.75333e-07;8.90838e-07;3.22788e-07;9.36536e-07;4.21334e-07;2.69351e-07;6.7536e-08;3.11047e-07;3.85089e-07;6.99903e-07;1.98905e-06;2.60481e-07;2.02887e-07;8.1282e-07;3.12324e-07;4.79703e-07;8.86026e-08;1.83107e-07;7.72117e-08;6.86094e-08;1.88278e-07;3.97932e-07;7.89173e-07;2.97365e-07;4.47571e-07;1.07443e-06;2.26959e-07;2.13054e-07;1.01174e-07;2.10278e-07;2.8865e-08;1.31379e-06;1.45905e-07;4.79962e-08;3.29378e-08;2.47398e-09;2.55384e-08;6.66774e-08;1.13707e-07;8.05693e-08;6.11467e-08;1.81845e-08;1.69096e-07;1.13657e-07;2.03265e-07;3.65599e-07;7.66351e-07;8.67535e-09;1.09204e-08;2.08993e-08;5.6671e-08;4.5926e-06;6.02809e-08;9.78286e-07;1.31391e-09;1.99988e-07;1.06859e-07;1.85593e-09;2.37666e-08;1.45617e-09;1.208e-08;9.2462e-08;5.57532e-07;2.8198e-07;1.72346e-08;1.70373e-07;4.0074e-07;9.41816e-08;5.12299e-07;8.07211e-07;4.9693e-08;2.79053e-07;1.22559e-07;1.98853e-07;3.64539e-07;2.04161e-06;2.04661e-06;2.24642e-06;3.1621e-07;1.01089e-07;6.71685e-07;3.52928e-07;3.73395e-09;7.9604e-08;1.05697e-08;5.50519e-09;8.02864e-08;1.34453e-07;1.0381e-07;3.02536e-07;1.49417e-07;1.93141e-07;7.18117e-08;1.94357e-08;1.1072e-07;6.41354e-09;7.96178e-09;1.29936e-07;1.08409e-06;7.73411e-08;1.36926e-07;7.33078e-07;2.83327e-07;3.2593e-07;3.82335e-07;4.58006e-08;1.45366e-07;7.76299e-07;8.35149e-07;3.07086e-06;7.97255e-06;1.88008e-07;3.72377e-07;3.09149e-07;5.88282e-07;1.44729e-07;4.48449e-07;4.21071e-07;1.50816e-05;3.92858e-06;2.25996e-06;1.14545e-07;1.29178e-07;1.82963e-07;8.6505e-08;8.8049e-08;5.56435e-08;6.10338e-08;4.03343e-08;5.36156e-06;4.06715e-07;7.8742e-07;4.99677e-08;2.57825e-07;1.98964e-07;5.27403e-07;2.06096e-07;2.19435e-07;2.05593e-06;2.59754e-07;1.40411e-07;7.76509e-07;2.37538e-06;1.19712e-05;1.40612e-07;1.12432e-08;1.34791e-07;7.97037e-08;1.04295e-07;6.89502e-08;3.51041e-07;2.84592e-08;6.95596e-08;2.12385e-07;8.94867e-08;5.8327e-08;2.24934e-07;1.08801e-06;8.34317e-07;4.35453e-07;1.13597e-05;1.41253e-06;1.17517e-06;7.90198e-08;3.36033e-07;3.13801e-07;1.14248e-07;1.38902e-07;2.55208e-08;4.89619e-07;1.00684e-07;3.2613e-07;1.70894e-08;1.1452e-07;2.87469e-08;7.66602e-08;2.18415e-07;4.61649e-07;2.33605e-07;6.63358e-07;1.87291e-05;6.4718e-07;2.17928e-07;6.00464e-07;1.14536e-06;2.06512e-06;1.90217e-06;1.61154e-07;1.62741e-07;5.53965e-07;9.3511e-05;0.000816286;0.000226456;0.0128979;0.983549;0.000268332;0.000112336;4.44636e-07;3.27904e-07;1.5011e-05;0.00128011;2.35518e-07;0.000492913;4.15799e-07;3.7692e-09;1.27084e-07;2.3934e-09;6.74949e-10;8.17825e-10;8.22621e-08;1.1035e-08;1.27869e-07;9.83015e-07;8.94783e-08;9.2826e-09;2.78842e-09;2.08828e-08;4.68552e-07;1.48785e-08;9.20657e-08;4.31496e-08;7.13326e-07;1.11892e-08;1.19051e-08;2.26351e-07;9.71311e-08;1.15378e-07;1.80079e-07;8.06571e-08;1.44125e-07;6.75673e-08;8.71732e-08;6.29898e-09;3.97831e-08;1.0756e-07;3.73332e-08;2.71162e-07;4.40676e-08;1.89282e-08;1.41304e-07;1.3362e-07;2.77578e-08;1.55363e-07;6.73976e-07;3.2812e-07;4.93532e-07;3.52503e-06;1.62438e-06;2.65516e-06;1.27314e-05;1.24327e-06;1.05899e-05;5.95978e-07;1.06334e-06;4.52403e-09;7.62963e-08;4.44381e-07;1.1271e-08;1.92524e-08;1.86921e-07;5.3374e-06;6.22897e-07;2.24172e-06;3.27472e-07;6.73958e-07;1.60166e-07;9.81167e-08;5.32659e-07;4.94459e-06;7.31604e-08;2.13303e-07;3.51104e-09;9.71334e-10;2.01946e-08;6.94521e-08;1.28037e-07;4.45855e-08;1.26345e-06;1.55737e-07;1.93927e-08
1.28641e-08;1.17876e-08;4.81579e-08;1.21496e-08;1.5023e-09;7.03711e-08;3.28888e-08;8.56703e-09;1.68921e-06;5.287e-07;3.14467e-08;4.81422e-08;1.87387e-08;3.05788e-07;8.10091e-08;2.64939e-08;1.69569e-07;6.97445e-08;1.99094e-08;2.56546e-06;5.26728e-07;6.83363e-08;1.31143e-07;7.12072e-09;7.72337e-08;7.93153e-08;6.63294e-08;2.46975e-08;2.59911e-08;2.94274e-07;3.30918e-08;1.30618e-07;3.17702e-08;7.86709e-07;6.24366e-08;1.78548e-07;1.83165e-07;1.458e-07;1.41639e-08;1.36351e-08;2.43091e-06;1.34475e-06;6.10019e-07;2.97938e-08;2.2455e-07;1.71618e-07;9.05652e-08;3.29054e-08;3.37783e-08;4.50222e-08;2.6084e-06;2.44663e-07;5.20479e-07;4.24771e-07;1.80598e-10;1.6969e-07;2.84048e-08;1.1259e-07;2.13032e-07;6.4649e-07;3.02883e-07;9.51261e-08;2.53695e-07;2.65249e-08;1.38342e-07;1.39705e-07;5.14551e-07;5.29373e-07;6.31248e-08;1.44213e-06;5.90766e-07;7.14386e-07;8.01941e-07;1.33491e-07;8.05763e-08;1.21864e-07;3.19504e-07;9.88223e-08;2.05036e-07;4.60012e-07;4.52013e-07;3.93495e-08;1.56557e-07;3.41203e-07;1.18863e-07;2.29132e-08;1.00475e-07;1.07534e-07;1.69041e-07;1.41604e-07;1.86009e-07;5.93901e-07;2.39691e-07;1.72105e-07;1.74554e-06;9.94571e-06;3.56403e-08;3.31019e-08;1.66082e-07;5.9557e-08;1.05015e-07;3.70135e-08;8.18498e-08;4.49337e-07;5.77142e-08;2.42644e-07;4.63881e-08;6.86785e-08;6.31436e-08;4.67339e-09;1.43189e-08;6.11971e-08;8.14652e-07;5.32149e-08;1.01527e-06;4.86793e-08;1.29805e-07;2.68138e-06;1.10165e-07;3.37378e-06;1.78366e-06;7.65326e-07;4.86254e-08;7.71944e-10;2.61772e-08;1.53761e-07;7.75576e-09;9.58911e-08;3.31973e-08;2.65293e-08;7.09603e-08;1.37802e-06;2.96275e-07;3.91589e-09;6.00878e-08;7.68486e-09;2.03896e-07;2.0062e-06;3.88904e-07;2.6157e-07;7.30057e-08;3.79612e-08;6.00314e-07;2.07355e-07;2.78951e-07;4.60891e-07;1.21606e-07;3.36404e-07;2.00781e-07;2.50772e-07;6.09131e-07;5.42403e-07;5.50358e-07;2.3663e-06;5.54364e-08;1.02253e-07;6.53282e-09;1.44587e-07;3.31145e-07;3.63579e-07;3.15852e-07;9.14101e-08;7.39813e-07;6.48667e-06;1.45531e-06;9.46949e-08;2.94477e-07;1.08629e-06;4.05673e-07;6.2772e-07;6.50946e-07;8.65338e-07;1.50479e-07;1.1983e-05;3.70532e-06;1.84423e-05;9.05963e-07;1.76996e-07;3.37639e-06;8.88137e-07;2.79311e-07;2.98259e-06;5.71005e-07;5.4536e-06;1.22699e-06;5.12261e-06;1.52793e-06;3.02329e-07;9.10698e-07;1.71447e-06;1.06031e-07;5.37325e-08;1.729e-07;3.48904e-07;1.47627e-07;2.20588e-07;1.90254e-08;5.35955e-08;3.46507e-07;8.60241e-08;1.12731e-07;4.64132e-07;6.29564e-07;4.51246e-07;1.06226e-06;2.00993e-05;2.33901e-06;8.85767e-07;5.1175e-07;6.90024e-07;7.96971e-07;1.13931e-06;1.26112e-05;1.7636e-07;7.54076e-08;1.66472e-07;7.07659e-07;1.12614e-07;5.38214e-07;3.74486e-08;6.58523e-08;1.20095e-07;2.75799e-07;1.23596e-07;2.32026e-07;2.56352e-07;7.33737e-07;7.12786e-07;1.86515e-05;9.20735e-06;1.81258e-06;2.42859e-07;2.75603e-07;1.673e-06;4.57722e-06;4.21714e-06;1.58568e-05;1.9593e-08;1.15223e-06;6.42412e-07;5.2761e-07;1.75481e-06;1.39652e-06;3.40075e-07;1.45043e-07;2.37698e-08;3.35012e-07;3.05428e-07;2.49031e-07;1.39292e-07;2.53032e-07;8.44192e-08;7.97499e-08;8.80086e-07;1.75718e-07;1.78945e-07;1.43803e-07;8.22815e-07;1.38659e-07;1.9483e-07;8.1194e-07;2.48582e-06;5.00918e-07;3.25002e-07;3.835e-08;2.31953e-07;2.59067e-07;1.60922e-07;9.77674e-07;1.63995e-06;8.05733e-08;3.58918e-07;3.76366e-07;4.50315e-06;0.000410621;0.00010551;0.00076816;0.00288309;0.0940329;0.0116304;0.000423171;0.010749;0.00800416;0.000105488;0.000845106;0.869737;2.28234e-08;2.62804e-09;1.10132e-07;3.41637e-08;6.90608e-09;1.70964e-09;3.51831e-09;1.96072e-05;3.91506e-08;1.48409e-07;1.8105e-07;1.24351e-09;4.37425e-08;2.02721e-07;9.40052e-08;5.29351e-10;1.13428e-07;1.38476e-07;3.2016e-10;2.28808e-08;3.97335e-08;3.08165e-06;1.29712e-07;6.07506e-08;2.8386e-07;1.24869e-07;3.40117e-06;3.03259e-07;3.30902e-07;8.81516e-07;2.04522e-06;8.18695e-09;1.23437e-07;2.2325e-07;1.48654e-08;7.69374e-08;1.2524e-07;8.93605e-09;1.05207e-07;2.58826e-06;1.49441e-08;2.90417e-10;1.10186e-08;3.55583e-09;4.60959e-07;1.62641e-06;1.88829e-07;9.38312e-08;5.98588e-08;9.78937e-08;2.33342e-07;3.18512e-08;2.58985e-08;2.66701e-08;1.11844e-09;8.41933e-10;1.55141e-08;3.64184e-08;2.2602e-08;5.44725e-08;2.70681e-06;7.43546e-07;1.05803e-08
1.98134e-08;9.31008e-09;1.85894e-08;2.31623e-09;3.82152e-11;1.48087e-07;7.20936e-08;2.95222e-07;1.56487e-05;4.12784e-06;0.980972;0.0188823;2.47302e-05;7.23382e-08;4.3238e-09;2.27418e-09;4.2673e-08;7.69209e-09;7.72878e-10;9.37853e-07;7.45417e-06;1.08078e-08;1.71725e-08;4.09116e-08;1.02787e-06;4.09315e-08;3.86155e-08;3.85351e-09;3.18761e-09;2.88395e-08;2.3527e-08;8.10539e-09;3.47983e-08;2.19393e-08;1.35892e-09;1.10788e-08;1.09596e-08;1.49356e-08;1.48249e-09;6.85717e-09;1.32458e-09;1.84001e-07;1.97278e-08;5.35621e-08;1.36537e-06;4.30118e-08;2.88561e-08;5.21494e-10;3.02948e-09;5.48207e-09;7.21892e-08;6.04994e-07;1.24081e-09;8.36138e-11;2.77412e-10;1.87691e-08;1.09688e-08;2.7226e-09;2.02817e-08;7.72831e-08;7.0484e-08;1.34822e-07;1.82173e-08;7.38556e-09;9.99956e-09;9.59083e-07;1.96935e-07;4.5505e-08;1.85664e-08;7.95739e-08;6.61233e-08;1.42585e-07;4.70884e-06;1.22944e-09;4.81168e-10;8.64013e-09;3.26556e-08;1.34833e-08;3.78988e-07;1.04831e-08;7.12481e-08;2.0108e-09;2.85637e-08;3.3002e-07;1.21529e-09;2.37822e-07;5.55596e-09;9.58016e-11;2.08575e-08;2.02819e-08;1.85048e-08;6.84649e-08;2.79011e-08;9.12676e-06;2.65969e-06;1.68372e-07;4.1939e-09;1.36761e-08;2.26298e-08;1.05609e-09;2.88557e-07;1.71639e-07;8.04568e-08;1.65909e-05;4.1568e-10;1.34707e-09;1.94153e-08;1.93396e-08;1.23614e-08;9.02723e-09;1.84392e-07;3.22536e-09;4.43336e-09;1.6353e-08;1.13729e-08;3.74064e-09;4.96679e-07;5.29062e-09;1.72309e-10;6.37577e-08;3.30878e-07;4.97721e-09;7.77096e-09;5.75713e-11;1.28526e-09;9.17987e-09;1.00913e-08;3.1424e-07;1.42323e-09;1.02447e-10;4.76844e-09;1.09395e-07;6.6029e-08;1.59088e-09;3.2994e-07;1.32792e-09;3.72586e-08;1.35983e-07;3.48192e-07;8.85611e-07;1.57222e-06;4.14371e-09;5.37963e-07;3.13845e-08;2.71264e-08;2.35079e-06;2.58985e-08;2.21782e-08;2.58441e-08;6.09683e-08;1.85654e-07;1.9292e-06;5.64207e-07;6.49348e-08;1.04067e-09;9.62387e-09;5.16549e-09;3.35359e-07;3.33981e-08;1.4383e-08;3.18054e-08;1.33465e-08;1.94693e-07;6.09666e-08;6.04473e-09;4.0284e-11;3.51353e-09;3.6773e-08;1.96539e-08;1.64785e-08;1.14499e-07;2.69823e-08;1.30362e-08;3.56506e-07;2.46491e-07;1.64576e-09;5.99233e-08;3.08562e-08;2.09531e-07;1.06509e-07;8.21696e-09;7.13615e-08;6.94568e-08;3.71739e-08;1.37955e-07;1.70539e-08;1.27435e-07;1.35231e-07;1.44585e-06;1.11928e-07;4.61146e-08;1.17157e-08;9.69404e-08;8.52281e-08;3.9412e-08;2.77432e-07;3.29284e-09;6.75195e-09;1.18579e-07;3.34324e-07;3.49027e-08;2.74994e-08;3.06632e-08;2.17412e-08;6.89475e-07;4.75259e-07;2.02126e-08;3.83028e-08;2.31212e-08;6.91735e-08;5.0552e-07;6.19729e-07;2.73529e-07;1.93329e-08;3.57562e-09;5.35224e-08;8.24613e-08;1.10637e-06;2.67471e-06;1.83484e-07;5.16778e-10;1.15979e-08;1.782e-08;5.2669e-09;1.30225e-08;1.67883e-08;1.17424e-07;8.56333e-08;5.06829e-06;6.91905e-06;6.32154e-09;2.10375e-08;4.14401e-09;2.17404e-07;2.36829e-08;9.26122e-09;2.53716e-06;1.26095e-10;4.55722e-09;3.2239e-08;4.96959e-08;2.28041e-08;2.68225e-07;1.13746e-08;2.26503e-08;3.49494e-08;7.98053e-08;1.07448e-06;1.30567e-06;4.82686e-07;6.71429e-09;5.07826e-08;1.14602e-08;5.1233e-07;9.80103e-08;6.10059e-08;1.4184e-07;1.24811e-07;1.93605e-08;9.17164e-09;2.22535e-07;3.69708e-07;2.42652e-08;2.04529e-07;4.23961e-08;4.00718e-11;1.20123e-08;3.03551e-08;3.34331e-08;2.79929e-08;1.71626e-08;1.58447e-09;2.09446e-10;1.32428e-10;9.93321e-09;1.58004e-08;2.95873e-10;3.3003e-08;8.41139e-09;1.20521e-08;2.8584e-08;1.86583e-07;9.10234e-08;1.68607e-08;7.72551e-07;1.32462e-07;2.86437e-08;1.80134e-09;3.85587e-08;9.33017e-08;1.31234e-07;1.04571e-06;2.07522e-10;5.71267e-09;3.39448e-09;4.68051e-08;2.33825e-08;1.75674e-10;1.62143e-07;3.26224e-09;9.05194e-09;3.0949e-11;1.6854e-09;3.48571e-08;1.62315e-09;8.8396e-07;5.17787e-09;3.63078e-10;1.25353e-08;1.07708e-08;6.95445e-10;1.61432e-07;4.84111e-09;2.71465e-08;7.84556e-09;2.85175e-06;1.92088e-07;8.25707e-09;9.3828e-08;1.07899e-10;2.43092e-09;2.89678e-09;1.6513e-08;1.41216e-08;3.4646e-09;1.02573e-07;2.29316e-09;1.75614e-07;2.9697e-08;1.84686e-09;1.11597e-07;2.69019e-07;6.20056e-08;7.55691e-09;1.80387e-08;6.18942e-08;7.17385e-08;1.52291e-08;7.58167e-09;2.60868e-08;1.87357e-08;3.71095e-07;1.94409e-09;1.30394e-09;9.73129e-09;2.19387e-07;1.38822e-06;3.71739e-09;7.5268e-08
2.27571e-05;1.0857e-07;7.81908e-09;1.82747e-09;1.48096e-09;4.40097e-10;1.1277e-08;1.60228e-08;1.95993e-08;3.07773e-08;1.5668e-10;3.8258e-09;1.73786e-07;1.22125e-07;1.65563e-08;1.04712e-05;1.04195e-07;1.22505e-08;2.56524e-07;5.95555e-08;8.01857e-09;8.42063e-08;8.91605e-09;1.75729e-07;8.24724e-09;2.00967e-10;3.57815e-09;6.06806e-08;7.89621e-07;7.15562e-10;4.56502e-10;6.88977e-08;2.20957e-12;2.66624e-11;4.72144e-10;1.8225e-06;2.93759e-08;2.40693e-08;6.04394e-08;1.49132e-09;1.75605e-09;5.83649e-09;7.49897e-09;4.07478e-08;5.67963e-08;1.25677e-07;7.9846e-08;5.76095e-07;5.85798e-10;2.26896e-10;9.55586e-08;1.24199e-09;3.46949e-10;2.67076e-11;1.9758e-08;1.84132e-08;7.78616e-09;1.26853e-07;9.761e-09;2.33136e-09;2.9322e-07;2.89987e-09;7.70114e-10;4.29195e-09;9.54832e-09;2.08097e-07;1.24872e-08;3.14144e-09;5.49134e-07;1.51169e-08;1.49293e-08;1.71034e-06;7.76823e-10;4.32408e-10;1.9026e-08;2.86223e-08;1.91942e-08;1.36263e-06;4.53433e-09;2.19551e-08;1.65375e-08;3.59992e-07;1.18986e-08;1.99618e-08;1.19296e-07;1.12758e-10;3.0222e-09;4.34848e-08;1.69634e-06;1.23755e-08;1.76957e-06;6.8988e-08;2.28125e-08;4.06768e-07;2.71686e-09;1.94041e-09;1.3126e-08;1.01845e-07;1.72783e-08;9.07756e-07;1.22493e-08;1.54069e-08;3.22782e-07;4.51113e-09;3.32099e-10;1.48879e-08;3.38703e-06;1.96651e-08;5.15192e-08;1.94918e-07;1.85808e-09;1.16916e-08;8.26564e-06;7.58904e-09;7.59253e-08;3.09034e-06;7.84436e-09;4.7898e-09;2.57226e-09;2.69982e-06;3.6955e-08;5.89919e-09;6.75895e-09;1.69264e-07;8.86055e-10;1.82344e-09;1.88591e-07;1.22341e-10;2.00139e-11;5.24568e-08;2.79573e-07;1.24088e-07;4.3551e-08;5.88193e-09;1.99082e-09;3.27801e-10;1.63758e-06;4.70662e-09;3.74263e-08;8.82029e-08;6.20431e-10;1.14851e-09;9.382e-07;8.71473e-07;1.67225e-07;8.35218e-09;4.90902e-09;2.27338e-08;1.11414e-06;4.97637e-09;1.21437e-07;2.82811e-07;1.29881e-10;2.50029e-10;1.26167e-08;4.73677e-09;2.87064e-07;4.13019e-10;3.98693e-09;6.39578e-07;9.57942e-09;1.96113e-08;8.53365e-05;6.63965e-08;8.67922e-09;2.87113e-07;2.31477e-06;6.40126e-09;4.92607e-08;1.82425e-08;5.04679e-06;9.92493e-09;8.72626e-08;7.81662e-07;9.16135e-10;1.6446e-08;3.93915e-07;4.87694e-07;7.1126e-09;2.80855e-08;7.49025e-06;3.34744e-08;1.22841e-07;2.25472e-05;2.75679e-08;1.64964e-07;5.68913e-07;8.00995e-07;8.15651e-08;1.79484e-08;3.80254e-08;2.31176e-06;7.6573e-08;7.92028e-08;1.03861e-07;1.00566e-09;2.09887e-09;1.32363e-07;8.82158e-07;4.76976e-09;2.86296e-08;3.62187e-07;2.97248e-08;7.07261e-08;1.84918e-08;6.0824e-10;2.19772e-09;1.02386e-07;7.06879e-06;3.33874e-08;1.13274e-07;7.12985e-09;1.62077e-07;6.01634e-08;4.40914e-07;7.20769e-09;1.46128e-08;1.18481e-06;5.65959e-11;1.28462e-10;6.89577e-08;7.39313e-09;1.27047e-08;1.16249e-08;1.03539e-08;3.82145e-06;3.99126e-08;1.43931e-08;2.25314e-06;1.49099e-08;3.12706e-09;6.1728e-08;2.53727e-07;3.34879e-09;8.86299e-09;5.60098e-09;1.65283e-10;9.82154e-12;1.19323e-07;7.49413e-07;8.08395e-08;1.2882e-06;4.73833e-09;4.15993e-09;1.54785e-08;4.87284e-07;3.13343e-09;2.66213e-08;2.39613e-07;9.88052e-11;6.19277e-10;1.02925e-07;3.89201e-06;1.72914e-07;8.2216e-08;1.32991e-07;7.73049e-08;1.67689e-07;2.69267e-08;2.61127e-06;5.09419e-08;6.09014e-08;4.84244e-07;2.68184e-09;3.07496e-09;4.47853e-07;2.99153e-08;2.24219e-08;1.91311e-07;1.63023e-06;4.87389e-09;3.63579e-08;1.36606e-10;7.34149e-07;5.62326e-09;1.09452e-08;1.0724e-07;1.07358e-10;1.0766e-10;4.31413e-09;1.30042e-06;4.27118e-08;8.12434e-09;1.83298e-06;3.60761e-09;2.38795e-08;3.91911e-08;1.46054e-06;1.48048e-09;1.16864e-09;2.08738e-07;7.74295e-11;9.79138e-12;3.45954e-12;4.10408e-07;2.2851e-08;2.33708e-08;1.28097e-06;1.59962e-08;1.83192e-07;6.09441e-09;2.25162e-08;1.83776e-10;2.16823e-10;2.51213e-08;4.45222e-12;1.22485e-10;9.86605e-12;1.97387e-06;2.0412e-09;1.86966e-08;1.93508e-10;1.33762e-10;1.06324e-08;4.88287e-07;1.04948e-08;1.57729e-08;3.03165e-08;9.18009e-13;5.66453e-12;7.33731e-09;9.90399e-07;2.01945e-08;0.126275;0.000204079;5.95703e-07;9.91437e-05;7.94832e-06;0.00238903;0.193139;0.000582443;5.1182e-06;2.33456e-07;0.677024;8.26599e-07;2.13848e-05;7.43312e-09;8.72622e-13;2.91303e-06;5.5279e-09;5.53183e-08;6.35798e-12;5.23807e-10;2.20054e-08;1.17351e-06;1.97243e-08;6.23015e-08;1.08937e-06;1.77117e-07
2.27704e-08;1.92071e-07;5.69393e-09;1.98289e-06;4.81794e-09;1.14182e-09;1.38411e-08;2.60644e-08;8.68212e-09;2.72073e-09;6.14527e-10;8.55472e-10;1.77475e-09;5.12818e-09;1.10886e-09;2.83584e-09;1.58158e-08;2.66053e-09;8.62024e-09;1.92274e-08;9.55607e-11;2.02562e-08;3.22292e-09;5.9555e-09;2.31957e-09;9.28862e-09;4.99651e-09;0.999963;8.00006e-09;6.12412e-09;7.42289e-07;8.13542e-10;4.31224e-11;4.9603e-10;1.01041e-10;4.57356e-09;3.65623e-09;4.53644e-09;5.81742e-09;2.9669e-10;7.87339e-08;5.40336e-07;2.70121e-07;2.00316e-05;1.12027e-08;1.77771e-08;2.01339e-08;1.53338e-07;1.88045e-08;8.79722e-08;3.38365e-10;1.49299e-07;1.937e-08;1.3842e-12;9.90317e-10;1.55172e-09;2.8891e-09;5.51155e-09;2.92762e-09;7.2396e-09;3.33929e-09;1.22265e-09;3.08093e-09;7.33524e-11;4.61833e-10;4.99442e-10;1.42765e-09;1.38297e-09;1.94652e-08;4.17528e-08;2.85187e-07;6.57769e-10;7.89398e-09;4.23673e-08;2.64243e-10;9.11718e-10;1.96608e-09;2.83973e-10;4.76929e-10;1.5604e-09;3.78267e-08;7.45243e-09;8.19378e-08;3.80909e-07;1.48668e-08;2.30843e-10;5.89246e-08;1.40028e-10;5.65987e-08;1.25321e-09;2.78689e-08;3.08774e-09;1.314e-09;1.06786e-10;4.54288e-10;5.14662e-10;1.11571e-11;4.54032e-10;6.56896e-10;2.64705e-09;2.9336e-08;1.10987e-07;2.12497e-10;8.64428e-10;9.10227e-10;3.86065e-11;6.66133e-09;8.01902e-10;2.61224e-09;1.37325e-09;3.23067e-09;4.5719e-09;2.87182e-08;1.22623e-09;1.34279e-08;6.38137e-10;4.09292e-10;6.26787e-08;9.09708e-10;4.67269e-08;9.07311e-09;1.80996e-07;6.01936e-10;4.03793e-09;4.05407e-08;3.33422e-06;2.2627e-09;9.64733e-10;3.18267e-08;4.93212e-10;8.61964e-10;1.41546e-09;7.19556e-09;5.98059e-12;1.61268e-10;1.76646e-09;3.53626e-08;4.84453e-09;2.80928e-08;3.87776e-10;1.45983e-09;9.88387e-09;1.52143e-09;2.05284e-09;5.67357e-11;2.88546e-09;7.25427e-11;4.89415e-09;1.22032e-08;2.13914e-08;1.56893e-07;6.71299e-09;1.70877e-09;4.33525e-08;3.70094e-11;1.41049e-09;7.38198e-11;1.50584e-09;4.18343e-09;9.38027e-09;1.15719e-09;2.00314e-09;3.16554e-09;2.14479e-09;4.80466e-08;7.76017e-11;1.63114e-09;1.36215e-09;3.57803e-09;9.44442e-10;1.10911e-08;2.61939e-08;4.78577e-08;4.20862e-09;5.64234e-10;6.00172e-09;2.56272e-10;1.37559e-09;4.13903e-09;3.39612e-09;1.04073e-07;1.70057e-08;1.0561e-07;6.31227e-08;3.50943e-09;5.17237e-08;3.4898e-09;1.30954e-09;3.94151e-09;2.74328e-09;1.92261e-09;5.32913e-08;8.37739e-08;1.2197e-06;1.15488e-09;2.21691e-10;9.96417e-09;2.44636e-09;1.47524e-09;1.02067e-09;7.03771e-09;1.10541e-07;2.41662e-08;3.53093e-08;1.58567e-08;2.56647e-09;9.14596e-08;2.30346e-09;1.21618e-08;3.2995e-09;2.71367e-09;5.09489e-09;9.61757e-09;2.00327e-09;3.21234e-09;4.96689e-09;1.13346e-08;2.23505e-11;1.09316e-11;8.66004e-10;1.75737e-10;6.16064e-10;7.39256e-10;1.52639e-09;5.40745e-10;1.95383e-08;1.2095e-08;9.9871e-09;1.0333e-07;2.11529e-08;1.63256e-07;1.88043e-09;5.21176e-08;4.8524e-07;3.76301e-07;1.85334e-10;1.85759e-09;6.00364e-09;2.3466e-11;9.41064e-09;5.82607e-10;3.83068e-08;3.90118e-09;1.54798e-07;9.08576e-10;9.35222e-10;1.68896e-09;1.06217e-07;2.64219e-11;2.40755e-11;2.58585e-09;8.40642e-11;1.08033e-09;1.18629e-09;4.58811e-09;1.95851e-11;5.26907e-10;4.63219e-09;1.66235e-09;5.86727e-09;5.67489e-08;4.70709e-08;2.21759e-10;7.77929e-10;1.07851e-08;5.69658e-12;1.06756e-09;1.03378e-09;6.05528e-09;1.69827e-09;7.32671e-10;9.72482e-10;3.63663e-13;2.8497e-09;2.75597e-09;1.59511e-06;2.8442e-09;1.6727e-10;1.20386e-08;1.49725e-09;1.84665e-09;6.07955e-10;2.38356e-09;5.91328e-11;1.46616e-08;1.64533e-08;2.7588e-10;7.99808e-08;2.42243e-08;4.56929e-07;6.80691e-11;5.65168e-10;5.622e-10;7.09479e-12;2.06914e-09;2.09583e-09;1.02089e-09;1.33855e-13;1.10227e-10;1.22887e-09;1.31479e-09;1.98945e-09;3.1402e-09;5.23397e-08;4.83634e-10;1.07601e-11;1.18931e-08;1.63665e-12;1.98104e-09;8.47827e-10;1.56145e-12;3.91432e-09;2.22792e-10;1.25004e-09;1.03683e-08;7.68657e-09;5.67836e-09;4.1355e-10;1.50453e-08;3.63606e-09;1.98244e-11;2.85352e-09;7.69501e-09;2.06899e-09;2.9097e-09;1.49972e-09;3.37013e-10;3.67182e-10;3.16571e-08;1.12083e-09;3.12437e-08;1.77978e-08;1.09397e-08;9.65549e-10;4.33664e-09;1.45071e-08;1.65309e-06;1.59702e-10;1.61465e-08;2.76188e-09;1.46069e-10;1.09794e-09;1.41612e-08;3.61359e-09;2.46254e-08;6.71258e-08;3.9866e-08;6.7538e-11;1.88167e-10
1.18283e-07;9.43378e-05;0.000146493;0.000440493;1.61697e-06;8.86961e-07;1.96023e-05;4.86489e-08;3.26788e-07;3.0178e-07;5.73046e-10;2.39394e-09;1.15659e-09;1.19393e-07;4.73291e-08;5.83638e-08;2.46574e-07;1.2804e-07;2.71224e-07;4.93155e-06;5.759e-09;6.18549e-07;1.89057e-07;9.69313e-08;4.0836e-07;6.73451e-07;4.6203e-07;1.53886e-06;6.27859e-05;0.0124094;0.959172;0.000604855;7.15023e-05;0.0209963;0.000532897;1.62291e-05;4.39616e-07;1.35163e-06;2.53742e-05;9.62123e-07;0.000745116;2.3892e-06;5.72784e-08;1.75454e-05;1.36446e-08;2.66613e-08;4.22156e-07;1.14393e-07;2.96807e-06;2.40818e-05;1.30845e-07;1.23314e-09;8.39774e-09;2.38461e-10;6.78236e-09;1.74097e-07;6.09386e-08;5.03571e-07;1.37065e-07;2.70102e-06;1.29907e-08;1.86407e-07;7.19627e-07;1.02077e-07;4.96108e-08;4.28182e-07;1.02689e-07;1.63901e-07;4.3463e-07;1.34218e-06;4.82882e-05;8.26175e-09;2.57692e-08;3.67969e-07;2.47129e-07;8.24572e-08;3.05363e-07;8.71175e-09;5.18097e-07;3.74293e-07;3.09939e-06;1.83262e-07;1.41524e-05;6.54542e-05;1.36084e-07;4.91159e-09;6.39968e-06;6.00586e-09;1.28445e-06;2.97505e-07;2.04867e-07;1.06489e-06;1.12944e-07;1.1279e-09;3.8315e-09;9.18536e-08;2.27363e-08;3.97374e-09;2.39233e-08;1.32981e-07;7.8613e-05;0.000309835;2.66282e-08;5.03119e-07;1.72187e-06;7.69717e-07;1.54934e-07;1.37472e-07;1.91952e-07;2.39957e-09;5.40841e-08;8.37572e-08;7.5296e-08;4.34338e-08;2.31635e-07;1.84314e-08;1.39137e-08;2.4609e-08;9.37627e-07;4.34132e-09;4.61951e-08;1.51888e-08;5.50675e-08;1.58388e-08;2.01103e-06;0.000779793;1.25565e-08;2.14544e-08;4.44487e-08;3.37016e-08;2.46304e-08;1.74013e-07;9.39363e-07;2.78974e-08;6.59312e-08;3.53558e-07;1.35303e-07;1.94996e-06;2.39458e-05;2.97766e-09;2.84275e-08;1.82193e-07;2.65965e-07;6.10166e-08;6.77763e-10;1.34271e-07;6.7114e-09;2.23534e-07;7.72356e-08;4.61186e-06;0.000180356;6.36127e-09;3.69005e-09;3.00548e-07;3.86246e-07;1.30766e-07;6.33773e-10;6.25421e-08;4.22561e-07;1.78494e-07;5.45414e-07;1.74914e-07;2.49803e-07;9.97378e-08;1.59499e-07;5.09312e-08;1.72584e-08;3.65242e-08;4.4089e-08;1.45942e-07;3.36098e-07;4.22193e-06;3.46718e-05;6.28624e-08;2.62637e-08;7.38493e-07;3.7406e-08;3.68833e-08;6.33413e-07;1.02113e-07;3.4771e-07;1.21288e-06;9.26577e-05;8.02199e-08;9.93922e-08;1.768e-06;7.92416e-06;2.07473e-07;4.8716e-07;2.83331e-07;8.91865e-08;1.51131e-06;1.91889e-05;0.000189007;8.48765e-09;7.98273e-08;6.57986e-07;2.21435e-07;8.0893e-08;1.30172e-07;2.84792e-07;3.60392e-07;2.96191e-06;1.79455e-06;6.27875e-08;3.5408e-08;8.46455e-07;1.04708e-07;2.6783e-07;3.81235e-06;5.71625e-08;3.27045e-08;3.36085e-07;1.35244e-07;6.50043e-09;6.56575e-06;1.88706e-06;2.93215e-09;1.49932e-09;7.21545e-10;1.51081e-09;3.82027e-08;1.5623e-07;9.03385e-08;6.39615e-08;1.30937e-07;4.01353e-06;3.70877e-06;2.31469e-07;2.35487e-07;2.14355e-07;6.68754e-09;4.58614e-07;5.55726e-05;4.9965e-05;9.42193e-08;1.4567e-06;1.56772e-08;6.68919e-07;2.35097e-07;7.01701e-08;2.36126e-07;2.16941e-07;1.44176e-07;7.72568e-08;3.82722e-08;1.19109e-06;0.000304922;1.09207e-09;6.53197e-11;5.89311e-08;4.2342e-09;2.00184e-07;6.01924e-07;6.27986e-06;1.77498e-08;3.98819e-07;1.01566e-06;1.50437e-07;5.98368e-08;3.39399e-06;3.98923e-05;1.62942e-07;7.13174e-10;1.46085e-07;9.43948e-09;6.21097e-08;4.55357e-08;1.01833e-06;5.86228e-09;6.58409e-08;9.61116e-09;2.3328e-09;3.55483e-09;4.58714e-08;1.37758e-05;8.69864e-10;1.54796e-10;1.03995e-09;5.15191e-06;2.76812e-08;2.31052e-07;1.52157e-07;6.34344e-12;1.9849e-08;5.94456e-08;2.01009e-07;1.03124e-06;1.96415e-05;0.00189302;1.01789e-09;2.13709e-08;4.07855e-10;1.50788e-07;4.2939e-08;2.17853e-07;3.25561e-07;8.53196e-11;6.55296e-08;1.88401e-07;8.44613e-08;1.64421e-07;4.67194e-06;0.000241395;7.40415e-10;2.7254e-09;9.32395e-08;5.01329e-10;6.74377e-08;2.84253e-07;4.98593e-11;1.97957e-08;3.43608e-09;1.02575e-07;5.42429e-09;1.14712e-05;1.27452e-06;1.50063e-09;6.15613e-08;4.76438e-08;1.56676e-09;1.94729e-08;1.25547e-07;6.35137e-11;1.46789e-09;5.93827e-08;1.33838e-09;2.89456e-09;7.612e-08;2.48338e-09;1.79323e-07;2.15816e-07;3.06815e-07;1.44605e-09;9.31626e-08;5.05358e-08;3.58853e-07;6.50092e-10;1.05826e-07;9.40146e-08;1.54524e-08;6.41865e-10;1.16991e-07;7.0483e-10;2.28137e-08;2.88242e-06;4.3529e-06;6.26323e-10;9.33487e-11
1.61935e-06;1.97935e-05;1.04666e-05;0.000299339;7.31299e-07;2.1521e-05;4.77631e-06;3.65416e-05;7.55919e-06;2.73118e-05;7.20024e-08;1.24383e-05;2.2774e-06;1.79901e-06;7.38578e-07;1.42712e-07;4.46763e-07;8.38268e-07;1.30269e-05;0.00112722;1.15893e-06;2.82026e-07;1.33772e-06;1.8897e-06;3.52805e-05;4.15786e-07;4.10294e-06;9.14873e-07;3.61013e-07;3.96346e-05;0.000399532;9.54902e-05;1.02645e-07;9.69245e-07;5.29097e-06;1.98147e-06;2.51921e-06;3.81859e-06;1.78149e-06;2.97196e-07;1.3653e-06;1.68599e-06;8.17134e-07;0.00065824;8.96233e-08;3.34901e-07;2.12788e-06;5.4704e-07;1.58575e-05;1.02208e-05;2.05901e-06;2.99774e-07;7.26781e-07;1.00953e-05;7.73806e-08;1.4734e-06;2.19213e-07;3.54218e-07;1.13332e-06;3.32747e-05;6.25327e-07;9.97872e-07;2.09771e-06;6.38985e-07;4.23968e-07;2.26778e-05;6.20042e-06;2.84313e-06;4.86376e-07;5.20628e-06;0.000142785;6.25222e-06;4.78559e-06;5.83761e-07;6.15618e-08;7.96849e-07;5.26597e-06;6.27077e-07;2.25515e-06;3.71552e-06;0.00060786;0.000439694;0.00806702;0.020861;0.938742;0.00350631;0.0131081;0.00571029;0.000485255;1.39851e-05;8.81759e-07;1.24109e-05;1.43623e-06;0.000308007;6.30298e-06;5.61668e-07;1.15086e-06;9.63476e-07;6.12841e-07;2.19898e-07;4.94162e-06;9.88054e-06;6.72877e-07;1.77441e-07;6.43197e-07;1.24817e-07;5.30129e-07;1.28217e-06;3.45831e-06;1.77066e-08;1.88908e-08;1.07415e-06;1.63228e-06;2.17299e-06;3.4273e-05;1.76488e-07;7.74792e-07;2.78587e-06;1.2144e-07;2.53468e-06;2.74245e-06;1.13634e-06;1.24521e-06;7.47835e-08;3.68679e-07;0.000142958;1.73834e-05;2.43633e-07;5.43969e-07;2.73017e-06;6.87744e-07;4.33184e-06;1.79833e-05;3.07177e-05;3.93596e-06;9.88263e-07;5.66953e-07;1.0548e-05;0.000127126;2.30392e-07;3.77601e-07;1.52339e-07;2.90639e-07;5.06555e-07;1.35424e-07;2.70584e-06;3.44097e-07;2.19561e-06;5.07645e-07;2.04326e-06;8.84015e-05;1.72585e-07;3.97315e-07;8.92033e-08;5.03011e-08;1.36973e-06;2.21805e-07;1.3984e-07;2.89905e-07;6.7122e-07;2.47617e-06;5.79529e-07;6.35592e-07;7.85788e-08;1.54168e-07;4.35117e-09;1.20382e-06;1.78156e-06;2.71463e-06;3.54848e-07;1.15677e-06;3.57811e-06;6.62524e-06;8.04666e-07;5.60036e-08;8.41314e-07;1.09292e-07;8.84519e-08;1.54912e-07;1.38621e-07;4.86865e-07;8.69995e-06;2.47236e-05;4.5692e-06;1.09083e-06;8.36179e-08;5.63769e-07;4.23651e-06;1.33919e-06;1.13559e-06;1.78726e-06;7.60061e-07;9.90282e-06;1.95879e-05;5.20731e-07;5.01549e-06;4.75689e-07;1.38583e-06;3.8237e-07;6.15768e-07;2.34511e-06;1.98042e-06;8.86125e-06;1.55747e-05;3.62471e-05;2.90838e-06;8.75173e-07;7.36335e-06;1.61602e-06;6.6606e-06;1.26419e-05;7.20332e-06;1.0066e-05;1.71169e-06;1.38379e-07;4.75512e-05;0.000205624;3.9469e-05;2.7274e-06;3.16103e-06;6.33563e-06;5.26951e-07;2.84586e-06;1.02337e-06;5.94069e-07;2.4759e-06;2.55323e-05;3.4865e-05;7.68339e-05;2.84668e-06;4.64184e-05;1.70746e-06;1.86165e-06;7.90197e-05;9.45782e-05;4.61918e-05;2.83215e-06;4.96248e-07;1.46246e-05;3.89547e-06;1.76634e-06;2.28497e-07;1.79656e-06;1.30259e-07;1.01163e-06;1.23119e-06;5.45293e-05;0.000561288;7.41386e-05;1.12891e-07;2.90233e-06;1.29304e-07;4.34196e-07;2.10676e-06;7.75092e-06;1.18171e-07;6.447e-07;1.71118e-05;2.42399e-06;2.64882e-07;3.01005e-05;4.63581e-05;1.59107e-05;3.83705e-08;9.37352e-08;2.97618e-07;1.04794e-06;5.60097e-07;5.83871e-06;1.05976e-08;8.71756e-07;1.18572e-07;1.67883e-10;5.51022e-08;4.61767e-05;0.00125804;2.70278e-08;1.4394e-07;2.18066e-07;3.61962e-06;2.78204e-07;3.55892e-06;3.63999e-07;1.27605e-09;1.84819e-07;4.65126e-07;8.12694e-07;3.38508e-07;7.28625e-06;3.27072e-05;6.78797e-07;9.18904e-05;7.76454e-08;2.41215e-07;1.30274e-06;6.51587e-06;1.94807e-06;8.30156e-09;2.15035e-07;1.03681e-06;8.53891e-07;1.56854e-08;4.84868e-06;6.61653e-05;5.38413e-07;3.8576e-07;4.27182e-07;2.84306e-08;3.48748e-07;1.37104e-06;5.07832e-08;2.99104e-08;3.31437e-08;1.03638e-06;2.32286e-07;3.92389e-05;6.65752e-05;2.03774e-08;7.70206e-09;5.75779e-06;7.07384e-09;3.71271e-07;5.84371e-06;9.0213e-10;2.40416e-07;1.34566e-06;1.85707e-07;4.59517e-09;8.13199e-09;4.94035e-09;2.81361e-06;2.8728e-05;1.36858e-05;1.26076e-05;7.67382e-07;6.1059e-06;5.02099e-06;2.51904e-08;3.06858e-06;1.98694e-06;6.59295e-07;3.21603e-08;1.04628e-06;8.54233e-08;1.92172e-06;1.51756e-05;0.000903404;1.02637e-06;5.3191e-08
1.51389e-08;1.18731e-10;2.19413e-09;6.73305e-10;6.33086e-10;2.209e-10;1.00009e-09;3.05127e-10;5.09097e-09;3.555e-09;1.93621e-09;2.26596e-10;8.23423e-09;1.49046e-09;3.20651e-09;1.42924e-08;3.21217e-10;1.78721e-09;2.03178e-08;3.16304e-07;1.27095e-10;3.96126e-09;1.8932e-09;3.20453e-09;8.20837e-09;8.66845e-07;2.61097e-08;2.6072e-09;9.18427e-11;2.39637e-10;9.52027e-08;9.53253e-10;2.94939e-11;5.7639e-05;1.41894e-10;1.89558e-08;7.45582e-09;4.77127e-09;3.24128e-10;2.97108e-10;2.00216e-07;1.54203e-09;8.97592e-09;7.67589e-08;1.48083e-10;4.70713e-08;2.31792e-08;3.8713e-10;6.4426e-10;6.18254e-10;1.1696e-09;8.07155e-11;1.35398e-07;1.68349e-10;1.11968e-09;2.75715e-09;1.961e-09;6.81358e-10;2.99229e-09;1.93622e-08;5.34101e-10;5.68617e-10;2.08593e-05;3.40548e-10;3.56285e-09;4.8278e-09;2.51055e-09;1.3475e-08;2.9222e-10;8.04283e-09;2.89645e-08;2.14841e-10;4.89816e-10;7.43531e-07;4.03074e-10;2.49568e-09;5.32296e-09;1.77321e-08;1.23038e-09;2.13091e-06;6.32181e-08;3.9108e-10;3.83723e-09;5.11026e-09;2.30333e-08;6.31621e-11;5.847e-05;4.72505e-08;7.85597e-08;6.65348e-09;5.52782e-10;9.74631e-09;3.33011e-09;3.89855e-08;1.1409e-09;7.12447e-08;2.44247e-09;1.61089e-09;3.37317e-10;3.27631e-10;1.42054e-09;3.16834e-08;4.56438e-10;1.98609e-11;5.17533e-06;1.20363e-10;1.7013e-09;1.76946e-09;2.12953e-09;4.65231e-13;1.8671e-12;1.07512e-07;1.86743e-09;6.98572e-10;1.86915e-07;1.33504e-10;8.87027e-12;2.41356e-07;1.88589e-09;2.42451e-09;1.29231e-09;2.56734e-11;1.67386e-09;1.35058e-11;3.16853e-09;1.09017e-07;1.49048e-10;1.04371e-10;2.82768e-06;3.76009e-09;1.86847e-10;1.94818e-10;1.34895e-08;1.25623e-10;3.77452e-11;1.68918e-07;3.3497e-09;5.29116e-09;9.38928e-08;4.08562e-09;3.27585e-08;9.68463e-07;4.07649e-08;4.51483e-09;5.57538e-10;8.39389e-10;1.18411e-08;2.71949e-08;9.3217e-10;5.67457e-09;1.92104e-08;2.03237e-08;8.67228e-11;8.25368e-07;5.48534e-10;3.68475e-09;1.33636e-09;1.9574e-10;1.93344e-08;1.02623e-09;3.27089e-09;4.02546e-09;1.51924e-07;3.20825e-10;2.12064e-06;1.81697e-08;1.07958e-08;6.14118e-10;2.19393e-08;2.51068e-09;5.64986e-09;4.16235e-09;1.92148e-08;2.42068e-09;1.36183e-10;1.10778e-05;5.96473e-10;8.62288e-10;3.18584e-10;1.09511e-07;1.94835e-09;1.90569e-08;2.75096e-08;7.1183e-09;4.29307e-11;2.65029e-06;4.4902e-09;1.31209e-09;5.13516e-10;4.56915e-09;2.56043e-09;9.09932e-10;1.40327e-08;7.28189e-08;8.65745e-10;2.6263e-10;7.21171e-07;6.39285e-10;1.13281e-08;1.07879e-09;8.33152e-09;2.18828e-09;9.21533e-09;2.2389e-08;6.81814e-10;2.19514e-10;3.61569e-06;1.53339e-09;4.92694e-09;3.82449e-08;5.9744e-10;1.24294e-09;1.66566e-08;7.77545e-09;4.13328e-10;5.21699e-09;8.3345e-08;1.08442e-10;1.0683e-09;4.18989e-06;3.49296e-10;1.32818e-09;4.02337e-09;1.19457e-09;2.34987e-09;9.59152e-09;6.47392e-08;3.18041e-08;5.20316e-07;2.20621e-08;6.51301e-06;7.82327e-09;6.81593e-07;7.56349e-07;7.84112e-06;0.000232091;5.66393e-07;0.999414;0.000104915;2.42199e-07;6.26289e-08;6.75687e-06;1.24153e-07;1.83275e-06;1.98475e-09;2.42255e-10;3.86244e-09;1.78021e-08;1.4554e-10;4.61396e-12;1.97142e-06;3.00176e-11;2.14555e-08;2.86725e-08;4.55716e-08;5.73565e-10;3.5356e-09;4.55387e-08;3.94044e-09;8.99793e-10;2.57683e-08;7.44109e-08;9.24829e-10;2.29949e-11;1.4672e-06;3.27826e-08;2.58048e-09;3.36957e-09;2.1915e-09;1.63702e-09;2.18748e-09;6.17497e-08;1.53315e-09;3.96283e-11;1.5323e-08;1.44423e-06;7.01864e-10;1.27633e-11;5.79697e-06;4.62258e-09;1.6854e-09;4.96294e-08;2.79734e-09;1.16162e-12;9.95409e-11;3.47846e-07;4.27119e-08;6.01948e-10;2.1312e-10;4.92328e-08;4.01561e-11;4.83831e-11;5.22354e-07;4.82809e-10;9.79226e-10;2.77427e-09;3.13185e-09;7.15373e-11;9.84566e-11;1.14538e-07;1.85626e-09;1.93315e-09;1.04004e-08;4.86955e-08;1.54401e-10;9.17117e-12;5.00408e-07;5.0015e-12;1.57567e-09;1.62759e-09;7.2263e-12;5.63467e-11;4.04187e-07;3.27548e-08;3.89555e-10;1.40467e-09;3.19482e-09;1.81888e-10;1.16403e-11;3.91451e-06;1.44427e-10;6.76041e-09;8.70437e-09;2.94169e-11;6.80077e-09;8.36596e-09;4.79239e-09;4.16985e-11;5.68454e-06;5.82716e-09;3.56369e-09;6.31989e-09;7.67407e-09;6.57141e-09;9.29729e-09;1.85155e-08;1.69232e-09;4.35242e-09;2.43991e-09;1.1512e-08;6.67238e-10;2.12818e-11;2.14119e-05;5.3754e-11;1.10462e-08;5.87848e-08;5.50028e-07;9.87218e-10;7.68284e-10
5.7177e-08;4.83655e-09;5.14985e-09;1.86209e-08;1.94856e-09;1.92894e-10;1.72602e-09;4.78598e-09;1.95203e-09;1.64691e-09;6.42665e-10;1.71221e-10;8.47226e-10;1.4036e-09;1.59429e-09;2.99448e-09;4.77408e-10;1.37183e-09;2.21432e-10;4.55828e-09;4.68139e-11;2.34519e-09;2.20585e-09;1.6389e-08;4.45484e-09;1.81868e-08;4.73714e-09;1.04893e-09;1.29158e-09;6.98122e-09;6.17516e-08;1.33128e-09;8.83705e-10;1.28229e-07;5.8495e-10;2.02527e-09;8.46828e-10;1.52645e-09;1.49398e-09;5.81348e-12;3.38549e-10;1.91725e-09;1.68736e-09;7.69003e-09;1.56236e-11;1.9786e-10;4.85496e-10;1.97198e-08;5.39672e-09;3.77828e-09;3.90153e-09;2.44366e-09;1.95743e-08;3.08641e-09;2.8284e-09;1.20734e-09;6.37123e-09;3.20856e-09;2.70962e-09;7.42907e-09;8.53223e-10;1.16057e-09;1.37301e-07;5.51954e-10;3.01722e-09;1.3169e-09;1.81607e-09;4.47872e-09;2.53146e-09;3.25287e-09;1.25472e-08;3.0697e-10;3.27007e-10;7.1292e-09;3.95694e-10;6.74636e-10;2.79933e-09;1.03137e-09;3.88429e-10;1.56329e-09;3.50363e-08;2.70264e-09;1.61016e-09;6.15268e-09;1.39706e-09;1.37017e-10;8.4288e-09;2.19147e-10;9.38362e-09;1.49718e-09;4.66049e-09;5.87955e-09;1.06583e-09;2.24282e-09;3.40756e-08;2.49717e-09;8.71048e-10;1.54436e-09;1.68891e-09;1.47607e-08;8.67817e-09;1.02792e-07;2.42462e-09;3.49909e-09;7.32987e-08;2.02709e-09;2.10244e-08;1.42926e-09;1.01437e-09;2.94878e-09;2.81293e-10;5.50901e-08;3.66002e-09;5.6911e-10;3.55775e-08;6.63261e-10;5.24688e-11;3.04633e-08;1.81815e-10;1.91773e-08;6.25857e-09;3.06098e-09;1.03037e-09;1.42607e-10;2.30765e-09;3.92544e-08;3.65759e-10;7.94717e-10;3.32087e-08;1.62923e-09;6.60976e-10;6.60134e-10;2.68393e-09;7.663e-12;2.86978e-11;3.14379e-09;8.46502e-09;3.98301e-09;2.64746e-08;6.18238e-10;1.07293e-08;2.59898e-08;3.04625e-09;2.94471e-09;6.57946e-10;3.34266e-09;5.83243e-10;4.6538e-09;8.71026e-09;2.90766e-09;4.25435e-08;4.21652e-10;2.68287e-10;1.83917e-08;6.40636e-11;1.15429e-09;1.33557e-11;5.38972e-11;1.37602e-09;5.32982e-09;1.64661e-09;1.13732e-09;1.0829e-08;5.568e-09;3.38749e-07;1.76182e-09;1.71327e-09;4.66147e-09;3.42027e-09;9.27702e-10;1.29442e-09;9.77357e-10;6.54007e-09;7.20377e-11;1.18402e-10;1.69034e-09;1.2171e-10;2.65049e-10;5.46232e-10;1.8941e-08;4.56287e-09;2.54161e-09;5.03471e-09;4.67933e-10;3.89682e-10;1.53182e-08;2.00238e-08;9.16577e-09;2.11304e-09;5.28943e-09;3.62708e-09;3.44157e-09;8.47779e-09;1.32697e-08;1.19124e-09;6.96313e-10;1.74048e-09;1.07689e-09;7.51613e-10;1.28592e-09;3.74267e-09;3.82726e-08;1.32647e-08;3.36274e-08;5.80508e-09;9.57379e-09;1.79063e-07;6.0865e-09;5.99869e-09;2.46806e-09;4.49905e-10;3.02668e-09;2.10088e-09;2.47452e-09;4.11918e-09;9.95087e-09;5.77826e-09;3.65096e-10;1.76423e-09;9.49557e-08;2.92136e-10;1.45898e-09;4.23907e-09;8.42789e-10;9.43706e-10;3.53981e-09;2.70301e-09;4.85306e-09;3.36528e-09;2.36276e-09;2.24808e-08;6.01864e-10;5.15291e-09;2.21352e-09;8.83807e-09;2.62942e-10;1.25769e-10;2.27039e-09;5.68644e-10;4.01459e-09;7.62786e-10;3.11186e-10;8.0418e-10;1.11937e-09;1.75085e-09;8.0274e-09;6.40975e-09;2.69639e-08;4.40311e-09;1.24976e-09;5.02819e-08;1.36865e-09;7.85032e-09;2.10196e-09;3.18597e-09;2.26916e-10;2.11279e-10;2.83805e-09;8.24843e-10;1.71501e-09;1.89487e-09;2.10966e-09;1.87649e-10;9.2366e-10;4.58297e-09;1.60239e-10;5.62347e-10;9.29932e-10;3.92224e-10;1.11199e-09;1.42283e-09;4.63823e-10;1.46382e-10;6.6017e-10;7.1126e-10;1.51738e-07;2.18599e-09;1.71137e-12;1.31154e-08;1.50115e-10;6.56969e-10;1.2026e-09;1.45319e-09;1.36208e-12;7.62242e-11;3.27196e-09;1.89217e-08;9.00166e-10;1.12342e-09;4.90747e-08;1.16035e-09;8.37932e-10;1.24794e-08;1.44933e-11;5.48072e-09;2.5251e-09;8.80029e-10;5.36402e-12;3.43756e-10;8.14047e-10;7.41524e-10;2.06449e-09;2.56212e-09;5.92863e-09;4.36609e-09;3.1451e-11;1.04628e-07;3.42175e-11;1.85658e-09;1.64765e-09;2.16025e-11;6.63348e-10;1.99669e-09;2.93792e-09;2.14221e-09;1.18629e-09;4.28505e-09;1.83598e-09;4.87851e-10;3.14634e-10;5.49112e-10;1.78321e-08;9.16085e-09;1.32187e-10;8.36289e-09;5.97122e-10;1.60192e-10;1.22416e-10;2.09699e-09;1.2548e-10;7.89504e-09;3.05328e-09;2.27626e-09;1.22701e-09;2.74854e-09;1.85282e-09;8.78398e-09;0.999531;1.34469e-06;1.34763e-06;7.53511e-05;0.000145186;1.96668e-05;0.000153614;5.00133e-05;8.41157e-06;8.71681e-06;2.17687e-06;6.03409e-07
0.000613874;5.78233e-05;0.00125749;0.00148921;2.98992e-06;3.03859e-06;1.6519e-05;0.000849924;8.52713e-05;0.000129484;3.35112e-06;3.9426e-05;0.000707581;8.13565e-05;3.48505e-05;0.00131525;9.23667e-05;3.72547e-05;0.00062431;0.00049135;8.16868e-05;0.000907626;7.51305e-05;3.75916e-05;8.47116e-05;5.4552e-05;4.34235e-05;1.99224e-05;3.15149e-05;0.000225853;0.000969463;7.78893e-06;2.86297e-06;5.17204e-06;1.00723e-06;3.80488e-05;4.08867e-05;3.89115e-05;2.21073e-07;2.99693e-07;8.0833e-07;0.00064169;8.68083e-05;0.00125739;2.24268e-05;2.29905e-06;0.000187659;0.000468361;0.000268671;0.00205156;9.70271e-05;1.00643e-05;0.000100579;0.000220014;7.14356e-05;0.000235723;0.000109097;0.000871937;6.1375e-05;0.00685111;6.76257e-05;0.000199331;0.000544377;7.52679e-06;3.99835e-05;0.000657081;0.000158342;8.21703e-05;0.000157062;0.000299303;0.00134561;6.06816e-05;7.14468e-06;4.41106e-05;0.0001043;2.70621e-05;0.000133585;1.55149e-05;7.04055e-05;0.000185469;0.000269801;0.000103038;0.00045405;0.000650765;9.81483e-06;6.36128e-06;0.000274543;9.08564e-06;8.43831e-05;5.28787e-05;0.000955333;0.000921884;6.10705e-05;0.000581123;7.18515e-05;0.000287263;0.000520893;2.86075e-05;6.2527e-05;6.06208e-05;0.000565888;0.00922053;1.47966e-05;1.86583e-05;4.47609e-05;3.25156e-05;0.00011312;7.08628e-05;6.40627e-05;7.52845e-05;4.25911e-05;1.10199e-05;7.08321e-05;3.58965e-05;0.000292047;0.000317345;2.65373e-05;4.52772e-05;3.24884e-05;0.000411238;0.000111025;6.33217e-05;6.55368e-05;0.000174378;0.003115;0.00361074;1.02539e-05;7.74571e-06;3.69657e-05;2.96428e-05;3.77671e-05;9.52451e-05;0.00060486;8.04743e-06;1.36394e-05;4.19288e-05;0.000277998;0.00103954;0.00700129;1.73678e-05;5.596e-05;9.83344e-05;4.56954e-05;4.92568e-05;4.0723e-05;0.000189707;4.43172e-05;0.000723407;0.000166058;5.02184e-05;0.000894729;1.86855e-05;7.96173e-05;0.000365685;2.88821e-05;3.22294e-05;4.81652e-05;3.00397e-05;8.47635e-05;0.000162418;6.99468e-05;6.40327e-05;1.30013e-05;1.39467e-05;5.46135e-05;8.35065e-06;1.10617e-05;1.08235e-05;3.65725e-05;9.10253e-05;0.000271037;0.0002125;0.00306149;3.88692e-05;4.72656e-05;6.22843e-05;2.1633e-05;4.42799e-05;1.92682e-05;2.48407e-05;9.10332e-05;0.000228435;0.00036492;0.000103629;8.15101e-05;0.000901625;4.74153e-05;9.62848e-05;0.000139678;7.10794e-05;0.000127574;0.00072267;0.00444475;0.00504343;7.8834e-05;0.00137823;0.000695151;0.00176532;0.000288927;0.000127197;0.000217309;0.045711;0.143789;0.170199;0.0366717;0.139073;0.28524;0.0466513;0.000327528;0.000216711;0.00114448;0.000654681;0.00257594;0.000171249;5.46638e-05;0.000143875;0.000732874;1.31426e-06;1.53809e-06;3.5212e-05;6.65562e-06;3.81064e-05;5.73969e-05;6.46988e-05;1.87575e-05;0.000433476;0.000260356;0.000771018;0.000146256;0.000173641;0.000270935;0.000132469;0.000128426;0.000333606;0.000511462;1.56687e-05;4.58305e-07;1.64446e-06;2.26421e-05;9.7189e-05;8.70394e-05;2.58008e-05;3.25917e-05;1.65648e-05;5.1498e-05;0.000421524;0.00150002;0.00976606;4.09438e-06;8.42928e-06;0.000146773;3.03026e-05;5.42355e-05;2.41624e-05;0.000161386;9.46703e-06;9.84357e-06;7.23921e-05;4.34145e-05;0.000113748;0.000117986;0.000736564;1.48442e-05;0.000104708;6.94449e-05;2.04056e-05;3.43253e-05;3.29796e-05;0.000684387;2.29485e-05;6.92124e-05;2.86451e-05;3.72436e-07;0.000306304;0.000808418;0.00334016;4.75103e-06;1.1505e-05;9.17315e-06;1.29833e-05;5.06862e-05;5.21225e-05;7.17643e-05;6.40209e-08;1.21899e-05;0.00020624;7.70098e-05;8.92837e-05;0.000276886;0.00155392;9.25068e-07;3.58044e-07;1.19852e-05;1.29495e-07;1.88198e-05;4.84603e-05;7.73195e-05;3.97004e-07;5.43786e-05;0.000301903;4.4886e-05;4.83393e-05;0.000595907;0.00219662;0.000321478;6.24136e-06;0.0012582;1.87739e-05;6.43163e-05;5.14732e-05;3.77788e-07;1.71673e-05;5.57038e-06;5.79754e-05;1.29677e-05;5.82113e-05;8.87738e-05;3.29362e-05;5.16218e-07;0.00770148;1.62705e-06;5.89806e-05;6.07611e-05;9.70792e-06;7.06639e-06;3.77988e-05;2.84257e-06;5.67859e-06;1.02805e-05;9.45519e-06;7.96537e-05;7.49944e-05;9.14184e-05;2.3951e-05;4.93682e-05;1.14123e-05;0.00129332;3.45032e-05;6.36434e-05;6.34132e-05;2.2827e-06;2.40434e-06;1.91885e-05;4.1165e-06;0.000194501;3.57577e-05;0.000199912;1.51092e-05;3.83406e-06
