1.61725e-07;0.999577;8.59932e-11;1.77987e-08;2.21841e-09;7.10734e-09;3.48482e-08;1.60147e-05;2.31598e-09;1.36444e-07;5.21327e-10;5.85727e-10;0.000405866;5.0876e-07
2.66507e-12;2.90818e-13;1;9.12007e-11;1.25412e-09;3.16865e-11;4.58444e-14;1.31236e-11;1.21031e-14;7.9572e-12;1.88186e-14;2.99444e-08;3.7009e-14;3.6387e-09
2.43886e-08;0.000912547;3.34977e-10;7.70162e-08;2.1013e-08;2.66235e-05;3.14481e-08;4.23989e-07;4.16706e-08;1.03887e-09;4.943e-09;3.51165e-07;0.999059;1.08904e-06
6.24955e-09;4.98116e-06;0.999993;1.09297e-08;3.3278e-10;4.33532e-10;3.36705e-07;1.03956e-09;5.11569e-10;2.45816e-07;2.47834e-10;1.10472e-06;2.38191e-08;2.05033e-09
1.12767e-08;7.45632e-09;0.999994;3.77202e-09;9.89063e-09;1.17724e-08;5.47314e-06;8.33094e-09;7.79876e-08;2.10591e-07;1.88865e-07;2.16441e-10;2.24393e-10;4.0275e-09
2.36924e-11;5.02254e-09;1;6.21131e-12;1.35751e-12;2.42105e-12;8.56427e-11;2.01129e-10;1.46796e-10;8.68287e-12;1.03768e-10;8.53809e-12;1.62023e-10;3.55574e-14
1.61309e-10;5.08447e-06;9.66248e-05;4.73763e-09;1.17026e-07;3.96999e-08;1.97096e-11;2.93356e-08;5.35502e-09;7.069e-11;1.40355e-08;0.999898;1.55651e-08;1.47e-07
2.68233e-07;0.0570268;1.83762e-07;1.09462e-06;1.85622e-05;3.57873e-05;2.28064e-06;0.0106246;6.72552e-07;8.43383e-08;0.000491797;0.00086765;0.930929;1.36575e-06
5.39529e-07;0.801258;0.00426379;3.13298e-05;1.33916e-05;0.000587156;1.06169e-08;0.0188511;2.28921e-09;1.22219e-07;3.65878e-07;0.0493378;0.125427;0.000229477
2.22455e-06;0.8401;2.46224e-08;2.87913e-06;4.74233e-06;7.85783e-05;3.08018e-05;0.00317962;2.28258e-07;1.15607e-06;1.02919e-05;8.58678e-10;0.0305859;0.126004
5.89111e-14;6.09909e-12;1;3.8165e-13;5.4921e-13;6.3618e-13;5.20138e-13;1.30669e-12;2.11942e-15;1.71515e-13;2.06554e-13;1.70368e-11;1.09667e-13;9.16713e-14
8.6094e-06;0.939063;0.000358327;0.00034236;0.000180928;0.00113041;0.000153225;0.00789793;0.000540572;8.41751e-06;0.0126987;0.00198408;0.0353142;0.000319154
1.06458e-07;5.13863e-05;2.20666e-08;1.93243e-05;0.115777;0.0690187;1.74594e-08;0.000734491;3.62141e-07;3.00304e-06;4.90487e-06;0.000253056;3.11699e-05;0.814107
3.66623e-07;0.999406;9.78658e-12;4.11127e-09;2.55803e-06;1.43915e-11;5.79419e-06;0.000583085;1.97013e-09;4.88734e-08;2.36327e-08;1.45082e-09;1.74571e-06;1.39557e-07
5.09956e-05;0.186558;0.0397153;0.00276329;0.107828;0.0017938;5.81387e-06;4.64652e-05;3.6525e-07;0.000118358;5.7655e-06;0.0130879;0.64733;0.000696281
2.10618e-06;0.998262;3.98948e-09;3.32415e-07;2.32491e-05;1.45242e-08;7.21315e-07;0.0001087;7.7389e-07;4.15136e-07;1.16588e-06;0.0015864;1.17911e-05;2.55886e-06
5.38869e-05;0.667324;0.000291214;9.30128e-05;0.261739;0.00138388;1.44275e-05;0.0252372;1.52047e-08;0.000987059;3.87879e-07;0.0149897;0.0165502;0.0113363
0.000338242;0.0132273;0.00016258;3.81729e-05;0.000106251;1.12695e-05;0.000123858;0.00338233;0.000365945;1.33955e-07;0.000800349;0.96086;0.00102463;0.0195593
5.20361e-06;0.956196;1.67307e-06;2.0883e-06;0.000185822;6.49552e-05;3.21087e-08;0.0389852;8.56717e-07;2.10139e-08;1.07008e-07;0.00178405;0.00266831;0.000105796
6.43176e-08;0.999983;2.58607e-11;1.80416e-10;1.06115e-09;2.5382e-09;1.09159e-05;7.12708e-07;1.37563e-08;2.61223e-07;7.36644e-10;3.61427e-10;1.92313e-06;3.29831e-06
5.86571e-10;9.4137e-12;1;4.07252e-10;5.63297e-10;2.64708e-10;1.75698e-10;3.10061e-10;2.56561e-08;4.41774e-11;1.77948e-09;5.69903e-08;2.30638e-10;8.9647e-11
1.6149e-05;0.991958;1.23775e-07;3.14296e-07;4.73824e-07;4.87114e-08;0.000127392;0.00626428;0.000145419;2.47883e-05;7.86779e-07;4.64704e-08;0.00146054;1.3219e-06
6.44891e-13;2.29854e-11;1;3.10579e-11;6.31578e-11;3.12549e-12;1.80934e-12;7.62943e-13;2.74126e-12;9.71927e-12;1.1972e-12;3.91674e-07;3.06119e-14;7.11908e-11
3.57358e-06;0.0801336;1.46294e-07;0.000108763;2.53286e-05;0.00431002;0.000107304;0.00246302;0.000754878;1.2869e-05;4.96724e-05;2.28177e-06;0.902609;0.00941995
3.83952e-07;0.000548362;0.882803;3.2768e-07;3.57465e-06;2.30632e-07;1.71382e-08;3.74421e-06;8.34129e-09;1.90322e-07;3.10647e-09;0.116636;3.76488e-06;9.9507e-07
7.16634e-07;0.860561;1.34399e-07;7.46813e-07;2.14513e-05;1.61917e-05;1.04512e-06;0.0947611;8.53301e-07;2.38403e-08;1.91561e-06;0.00016191;0.0441524;0.000320689
2.05208e-08;0.999668;1.12633e-10;2.75443e-08;8.92957e-09;1.83858e-09;0.000175674;2.27382e-07;6.49346e-10;2.02977e-05;2.73764e-09;1.05158e-09;8.35401e-06;0.000126884
1.68993e-11;1.79482e-11;1;4.73295e-10;1.61741e-10;4.41523e-11;6.11996e-10;7.99966e-12;1.81637e-09;7.33047e-11;8.49859e-10;1.5606e-07;3.7746e-12;6.14579e-12
7.65908e-07;0.998491;2.46827e-09;3.8548e-07;7.03337e-08;3.20746e-07;6.60914e-05;0.0012171;1.44099e-06;5.52014e-06;9.92668e-07;7.56691e-09;0.00021583;2.7383e-07
2.17546e-13;6.28074e-12;1;1.77424e-10;3.19037e-12;9.02107e-12;2.89555e-13;2.35324e-14;5.24479e-13;2.58156e-12;1.073e-11;2.85707e-07;1.22377e-14;8.92337e-11
2.79189e-05;0.344561;3.08039e-08;0.00162352;0.000565556;0.000952851;6.04975e-06;0.620555;0.00167089;2.61826e-07;0.00143404;0.0048702;0.0122247;0.0115086
6.98012e-08;1.40837e-06;8.97095e-09;4.33718e-11;3.15992e-10;3.68513e-11;2.1261e-09;0.999998;7.98052e-09;8.82039e-12;4.10257e-09;1.26981e-11;2.3989e-07;1.53965e-10
2.85204e-08;0.000133777;5.64004e-05;1.31855e-06;0.00665787;0.000112705;5.54456e-10;0.000173521;2.25939e-08;1.17022e-07;8.13323e-08;0.0161616;2.38248e-05;0.976679
1.01826e-05;0.0335153;2.87665e-07;7.83938e-07;9.17269e-06;2.58461e-08;1.51997e-06;0.0793925;7.45782e-05;8.96245e-09;0.000761759;2.28223e-05;0.886211;1.74274e-08
1.24743e-07;0.999777;3.72684e-07;1.70722e-07;1.19422e-06;8.64308e-08;2.20956e-08;3.81646e-06;1.16104e-09;7.95668e-08;6.22957e-09;3.06867e-05;0.000133688;5.26991e-05
1.83637e-06;0.0833581;2.29004e-06;8.60744e-05;2.09317e-06;2.75468e-05;1.07059e-06;0.00025836;1.17255e-06;7.12119e-07;0.000172657;0.00182632;0.914201;6.10269e-05
6.69354e-07;0.0015578;0.995427;0.000103093;0.000247789;2.06164e-05;1.63168e-09;1.25973e-05;3.59239e-09;4.03742e-07;3.15686e-08;0.000228628;5.35844e-07;0.00240082
7.19739e-06;0.000133957;5.11796e-10;0.000109309;5.69577e-06;0.000143017;1.54468e-06;1.46458e-05;0.000165375;1.04008e-07;0.0024518;0.000104322;0.996833;3.01373e-05
7.63179e-06;1.25794e-05;2.41359e-08;3.20909e-09;4.29291e-08;3.12232e-08;4.03982e-08;0.99913;8.57939e-07;1.5401e-09;1.61319e-07;5.79702e-08;0.000848272;1.64353e-08
6.57301e-10;6.1221e-07;2.3731e-07;1.79786e-08;0.00019221;4.76689e-05;6.1802e-13;4.09776e-06;1.85819e-09;4.56004e-10;7.73919e-10;0.000150956;2.07953e-06;0.999602
1.04978e-08;0.999895;1.25352e-10;1.64242e-09;1.27207e-10;4.088e-11;1.13753e-05;6.48782e-07;9.97772e-09;7.47248e-08;1.62648e-07;8.38858e-11;9.30402e-05;1.61923e-08
4.34945e-11;1.83501e-09;0.999999;3.81045e-09;2.6529e-10;3.77855e-10;9.18314e-09;8.40776e-11;9.31589e-09;1.68088e-10;1.57204e-08;1.44368e-06;3.59244e-11;1.61842e-10
2.23029e-07;0.99388;5.48072e-08;4.94631e-06;2.36049e-06;2.15012e-07;3.34251e-08;0.00536352;1.95989e-06;4.90664e-08;8.31329e-06;0.000146777;0.000588683;2.88038e-06
3.94036e-06;0.766673;0.000500251;4.06197e-05;0.00122874;2.24225e-06;2.40578e-07;0.188036;1.0872e-06;1.96198e-05;3.13914e-05;0.00604552;0.0373786;3.86669e-05
3.38489e-09;0.989125;5.94899e-12;2.57802e-08;1.14472e-08;1.72203e-09;2.32824e-07;5.76346e-08;9.96788e-11;3.56185e-07;2.15529e-08;4.63834e-08;5.53522e-08;0.0108744
0.000215585;0.0108543;1.63234e-05;1.16535e-05;5.40337e-07;2.04391e-07;0.196425;0.000346502;0.0169172;1.22547e-06;0.752352;1.58627e-05;0.0228432;4.46105e-08
9.56347e-05;0.468686;8.08116e-09;5.10629e-05;0.000804792;0.000537379;2.73831e-07;0.487153;0.00126656;1.5933e-06;0.00023003;0.00444705;0.0207003;0.0160259
0.000185699;0.871746;5.95919e-06;2.18658e-05;0.0129082;1.0718e-05;3.75162e-08;0.00398563;5.04376e-07;7.49507e-06;2.93826e-06;0.101051;0.00240987;0.00766418
2.91745e-06;0.99632;2.07426e-10;3.34502e-08;3.26095e-09;2.39235e-10;0.000132336;1.17858e-08;1.19883e-08;2.25116e-05;7.16596e-08;3.69101e-10;5.24773e-09;0.00352192
6.98819e-13;1.99584e-13;1;3.62035e-13;1.89666e-13;2.45787e-14;5.36419e-11;1.055e-13;5.52537e-13;9.00367e-13;1.20004e-11;7.36829e-09;2.85242e-15;4.09925e-15
1.81002e-05;0.729684;3.30622e-05;2.65254e-05;2.36314e-06;8.22036e-06;0.104575;0.0140921;0.0215251;2.36961e-05;0.0367247;2.69387e-06;0.0932837;3.51099e-07
4.39786e-06;0.951456;6.68487e-07;7.86375e-06;2.03767e-05;4.85681e-06;0.00225394;0.0409401;3.04451e-05;0.00451157;3.83986e-05;6.55157e-07;0.000299802;0.000431265
4.23425e-11;8.36459e-12;1;8.66302e-10;2.6903e-11;4.31967e-12;7.61341e-10;6.66205e-14;1.93485e-10;8.15639e-10;1.26851e-09;1.08639e-08;7.97238e-14;1.03677e-10
6.0402e-07;0.000275286;5.44477e-07;3.15717e-06;1.9535e-06;6.34188e-08;1.15022e-05;4.01062e-06;4.25679e-06;5.30029e-07;1.2331e-05;0.999683;7.0503e-07;1.87688e-06
4.39932e-06;0.712876;5.13337e-06;7.34786e-07;1.78279e-06;2.28942e-07;1.14978e-05;0.0562247;3.36019e-07;2.23194e-08;0.000209364;0.0470069;0.183659;6.72149e-09
7.00452e-08;0.033179;1.32755e-11;1.37254e-05;8.6951e-06;0.000198193;2.63845e-08;0.00155388;2.49669e-08;1.23072e-07;2.4563e-07;0.000227329;0.964323;0.000495384
6.5414e-07;6.65447e-06;0.792882;1.40863e-06;2.16963e-07;1.67345e-08;6.04524e-11;1.44164e-07;6.09342e-11;1.98094e-08;1.83399e-10;0.207105;4.55616e-07;3.50045e-06
1.80756e-05;0.491128;7.42809e-06;7.21579e-06;3.5588e-06;1.58728e-05;1.72377e-05;0.110677;1.62083e-05;5.80638e-07;0.000188643;4.84423e-05;0.396787;0.0010845
1.722e-08;0.999806;1.22469e-07;4.18975e-08;8.15853e-10;3.63244e-10;0.000112741;2.61154e-07;1.05083e-08;9.85021e-06;1.54133e-08;2.87643e-11;7.04683e-05;1.04622e-06
4.47379e-09;1.80386e-07;0.995426;2.41972e-07;1.72301e-09;2.01106e-09;2.08009e-07;3.58051e-09;3.36496e-07;8.01864e-08;5.38964e-07;0.00457259;6.98297e-10;4.78073e-10
7.46209e-05;0.882436;1.58765e-06;5.88928e-05;0.000439892;6.26976e-05;0.000357697;0.0274479;0.000288087;6.5356e-05;0.00263294;0.0121671;0.0738294;0.000137834
1.11588e-06;0.0582714;0.000584786;9.76646e-07;5.38372e-05;1.77947e-06;5.07646e-07;0.0574281;2.4897e-08;1.66865e-07;3.85776e-06;0.85215;0.0314837;1.94876e-05
3.775e-07;0.03178;5.32398e-06;7.71233e-05;0.0010776;0.0170458;0.00132441;0.0989451;7.26415e-08;0.000333534;1.37636e-06;1.09922e-07;0.845801;0.00360788
2.9681e-09;4.15909e-11;0.999999;2.0894e-08;7.44657e-11;5.76721e-10;3.92464e-07;7.26636e-12;4.71616e-09;8.63136e-10;3.85992e-08;1.3361e-07;2.95388e-09;2.47297e-09
3.30348e-06;0.000158416;0.99961;3.47045e-07;1.01235e-09;5.77945e-08;1.17296e-06;1.20365e-06;4.25863e-06;1.56625e-09;9.40289e-07;0.000219551;1.16178e-06;3.76028e-09
8.43975e-07;0.0362644;7.77552e-08;9.90094e-07;6.37702e-05;0.000123422;2.27261e-06;3.71897e-07;2.691e-06;2.01172e-06;2.44552e-07;1.73512e-10;1.14323e-06;0.963538
4.08827e-12;1.04548e-13;1;6.79155e-11;3.42869e-12;4.56491e-13;9.26358e-14;5.9978e-13;1.80871e-12;9.66895e-13;2.55777e-12;9.86262e-09;9.15428e-15;4.68166e-12
2.74638e-05;0.048336;1.16199e-05;2.27938e-06;7.51973e-05;2.38064e-06;2.2886e-10;0.951166;9.00095e-07;2.92751e-08;8.26405e-08;3.70516e-06;0.000347631;2.63967e-05
1.56979e-07;0.00362792;4.30565e-07;1.65696e-05;0.00242951;1.07491e-05;2.72034e-10;0.99385;7.66387e-08;2.421e-06;4.9057e-09;1.02599e-05;4.98358e-05;1.86376e-06
4.81037e-10;3.91586e-07;0.999998;1.43148e-07;2.52931e-07;1.19492e-07;3.31423e-10;2.17507e-11;2.55046e-13;4.21475e-07;1.37562e-10;7.82442e-07;2.76577e-08;2.33758e-07
3.24447e-05;0.855592;1.52217e-05;0.00060904;4.52576e-05;8.42826e-05;0.000396941;0.107764;0.00156213;3.75852e-05;0.0294358;0.00236496;0.00099672;0.00106293
