3.03282e-06;0.997379;0.000264177;1.11636e-06;1.31732e-06;3.69264e-08;2.89325e-09;0.000153956;5.81613e-09;1.23534e-08;9.28709e-09;0.00212458;6.65101e-05;5.94862e-06
8.39164e-09;6.9846e-08;0.999968;6.41468e-09;3.09952e-06;1.72998e-10;1.53169e-10;6.65458e-06;8.46188e-10;6.32818e-10;2.66853e-09;2.21503e-05;3.94985e-09;4.58354e-08
9.92126e-11;0.999999;1.42973e-11;3.58714e-10;3.31989e-10;2.17829e-10;1.33394e-08;7.32078e-11;1.72554e-12;1.33531e-08;3.17858e-11;3.26499e-10;8.50965e-09;9.3743e-07
0.00013508;0.000548448;1.77175e-05;5.5685e-06;1.32064e-06;5.80428e-06;0.14596;6.08248e-05;0.0472997;3.34869e-07;0.803845;0.00162705;0.000492349;3.2684e-07
2.98568e-07;0.961704;2.22755e-09;1.83845e-08;4.06941e-07;2.05233e-05;3.86166e-08;0.037815;8.27794e-09;4.48628e-08;2.06057e-09;2.41096e-07;0.000456435;3.13033e-06
1.02205e-06;0.000560643;1.17415e-08;5.63005e-07;3.33582e-08;2.08525e-07;4.36824e-08;0.0350026;4.77061e-07;1.31914e-07;1.02921e-06;0.000264307;0.964168;4.76163e-07
5.93004e-05;0.00524212;2.05666e-07;2.29872e-07;2.93572e-07;3.99532e-08;3.51404e-09;0.00389634;3.98955e-06;2.08926e-08;5.51722e-07;0.99028;0.000511887;5.10683e-06
1.42721e-06;0.983332;2.52785e-06;1.04374e-08;4.47751e-08;1.04212e-07;9.68792e-08;1.19791e-05;1.99476e-08;4.00224e-08;8.17623e-09;0.00611514;0.0105369;4.98702e-08
2.74634e-07;0.643308;5.18778e-07;8.51262e-05;0.000286374;0.00137228;0.00466344;0.0221002;4.48917e-06;0.042485;3.7309e-06;1.42973e-05;3.95065e-05;0.285637
9.57454e-10;2.33312e-08;0.999999;1.54953e-07;5.4291e-10;2.69365e-08;3.42043e-07;1.80206e-10;2.36843e-08;3.73486e-08;7.49661e-07;1.10314e-08;7.04712e-10;5.6314e-11
2.55039e-05;0.946152;6.22631e-05;3.65376e-05;9.24104e-07;2.36223e-07;2.57501e-05;0.000487303;2.44357e-05;1.75111e-06;0.000285151;0.0182061;0.0346914;4.81588e-07
0.000434354;0.115953;0.00107001;0.00244606;0.00985639;0.00123123;0.000316575;0.18917;0.000299674;0.00287216;0.000710329;0.0485732;0.0393829;0.587685
8.21676e-06;0.00867132;0.000122066;0.000143114;1.09593e-05;0.000939387;7.57497e-07;0.000956554;2.50382e-06;2.07594e-06;2.02798e-05;0.986275;0.00271293;0.000134761
2.29084e-07;0.998751;2.75809e-10;2.18206e-07;8.29254e-08;2.81752e-07;0.000197215;0.00100634;1.54903e-07;3.152e-05;1.35358e-06;8.10067e-11;1.41216e-06;1.01468e-05
2.29678e-13;1.96811e-13;1;1.0685e-11;3.57959e-12;6.35795e-12;5.98221e-12;1.60225e-13;3.60382e-12;1.85897e-12;7.64086e-12;1.69304e-10;3.42499e-14;1.17505e-11
3.30257e-07;0.0601938;1.84569e-07;2.13866e-07;1.00299e-05;1.48478e-06;1.57996e-09;0.0011513;1.93351e-06;3.21284e-10;9.81154e-08;4.46486e-06;0.938636;2.56827e-08
3.43103e-06;0.0346482;0.000202605;8.20391e-05;0.050663;2.35632e-07;7.4949e-07;0.759315;8.0491e-06;1.20907e-06;2.19665e-05;0.154548;2.36901e-06;0.000502903
8.18438e-07;0.0330853;0.00238975;1.09163e-06;0.000548052;1.3431e-06;5.06585e-08;4.471e-08;1.14529e-10;4.8648e-07;4.37458e-09;0.00501527;4.36196e-06;0.958953
3.72641e-05;0.920148;2.45538e-08;2.35208e-08;1.51433e-06;1.41962e-05;1.54154e-05;0.0216192;2.3121e-06;7.89419e-08;1.61909e-05;0.000281367;0.0577586;0.000105354
1.2473e-07;2.44824e-05;1.13191e-06;7.33387e-08;2.64524e-07;2.01506e-06;9.74226e-09;0.0119239;2.00571e-08;1.2916e-08;1.05687e-07;0.000201487;0.987845;1.7035e-06
3.41317e-07;0.000450482;6.51697e-07;5.98218e-06;5.3642e-07;6.98565e-07;1.18303e-09;2.65275e-06;1.73038e-07;7.5863e-08;4.07229e-07;0.999013;0.000515751;9.17255e-06
6.67357e-07;0.00128563;1.04614e-10;2.96911e-08;4.17862e-06;1.68507e-09;5.49274e-08;0.998708;6.55166e-08;2.02827e-08;2.7756e-07;7.17477e-08;1.07746e-06;1.17952e-08
8.01271e-08;0.000538106;0.99917;3.84705e-06;1.79416e-05;3.25033e-05;1.21388e-05;1.15192e-06;1.64936e-09;0.000153521;1.22874e-07;1.39322e-08;6.80583e-05;1.99992e-06
1.11536e-11;5.60275e-11;1;1.02944e-11;7.73115e-12;4.1518e-13;1.24733e-10;1.12097e-12;2.76369e-11;8.4645e-12;4.92026e-11;4.73211e-10;2.24041e-13;1.08563e-11
7.15575e-08;9.85669e-05;0.00018752;1.10958e-07;1.91503e-08;1.26949e-08;1.13485e-07;1.64875e-06;1.04401e-06;8.85559e-09;3.40155e-07;0.999705;1.53088e-06;4.01734e-06
2.4086e-06;0.379269;8.30722e-07;2.12898e-07;2.55979e-05;0.000136962;7.96516e-08;0.0038484;2.42772e-05;3.10684e-07;1.46408e-06;1.01031e-06;0.616362;0.000326728
1.15824e-05;0.00134299;7.05696e-08;5.78189e-07;0.000109633;6.64699e-05;2.93064e-09;0.00863639;1.31391e-05;8.80055e-08;2.81092e-07;0.987587;0.00198184;0.000250045
1.42209e-06;0.0259989;3.41429e-11;3.20035e-10;2.29545e-07;7.39714e-08;3.84841e-09;0.973992;3.34518e-08;2.40221e-09;2.25619e-11;1.50586e-13;4.94349e-06;2.42318e-06
1.17171e-10;1.53889e-09;0.999988;6.45688e-10;2.08671e-10;3.03904e-10;4.63312e-13;3.12836e-10;3.62631e-11;5.38258e-12;2.41169e-12;1.23393e-05;1.68392e-10;6.663e-12
1.1577e-06;3.43723e-06;0.00192164;1.44338e-05;7.05245e-07;1.27268e-07;8.07808e-11;0.000367949;2.20907e-06;5.7738e-10;1.16705e-07;0.997686;1.15348e-06;1.08474e-06
1.90009e-06;0.926784;2.31215e-05;4.05394e-07;5.06507e-07;1.15407e-07;3.73416e-11;3.83523e-05;5.17294e-09;1.42867e-08;1.24311e-08;0.00291777;0.0702303;3.54756e-06
1.69918e-07;0.00685014;2.05537e-06;2.59178e-08;0.003912;1.85847e-06;1.60687e-10;0.0521217;9.38015e-10;3.44004e-07;5.46838e-10;0.936488;2.99626e-05;0.000593821
3.52726e-09;1.77189e-06;8.02017e-09;3.75985e-08;9.58319e-08;0.00129419;9.87065e-10;5.781e-07;1.40483e-07;7.61169e-09;3.34169e-09;1.15585e-10;0.998703;2.25449e-08
5.22209e-06;1.47882e-06;0.999787;3.38684e-07;8.80907e-06;1.23972e-07;5.87258e-11;0.000188711;6.02331e-09;1.80227e-07;1.1415e-10;6.23509e-06;1.6184e-06;2.62718e-08
6.81873e-07;0.00649561;1.47946e-08;2.27932e-06;2.91536e-07;4.42785e-07;3.82063e-08;0.991251;3.43357e-05;1.33826e-07;1.22607e-06;1.20366e-08;0.00221398;2.80162e-07
