6.26509e-05;0.971163;1.01027e-09;0.000327241;2.26724e-05;0.000182083;5.00334e-07;0.0186393;0.000156499;1.01673e-05;1.56781e-05;3.24532e-05;0.00756001;0.0018276
2.25042e-05;0.108961;0.000224469;1.29469e-05;1.37294e-05;1.02843e-06;1.91431e-09;7.68125e-06;2.06271e-08;8.71489e-07;6.99826e-08;0.890741;4.57522e-06;9.38848e-06
3.56178e-05;0.987997;1.49521e-11;2.85923e-07;6.49151e-06;3.50212e-07;0.0079843;0.00107113;2.72183e-07;9.43116e-05;1.4568e-07;9.86283e-10;0.000219839;0.00259031
7.00979e-11;8.10136e-12;0.999999;1.74745e-10;3.77794e-10;2.71043e-09;2.53956e-09;2.79379e-10;3.51395e-10;4.7679e-10;3.31235e-11;1.21146e-06;2.81845e-12;7.6658e-11
3.36352e-06;0.9972;4.84764e-09;8.14449e-05;4.69577e-06;1.05488e-05;8.42144e-06;0.000469828;0.000114456;7.0906e-07;1.95235e-05;0.000112825;0.00191301;6.11475e-05
0.000303958;0.76386;0.000139895;7.65034e-06;7.09019e-06;2.85637e-07;0.000115847;0.0218454;8.38739e-05;4.49196e-06;6.47707e-05;0.181208;0.032355;3.97829e-06
1.30988e-06;0.00490982;3.02738e-05;7.01008e-05;0.000868406;0.000153937;7.80841e-07;0.13031;2.03653e-06;1.08093e-05;5.3029e-07;0.85163;0.0119757;3.62767e-05
2.22397e-08;2.94858e-05;2.05394e-08;1.28322e-07;2.33978e-11;2.84732e-09;0.999758;1.21185e-10;1.15705e-07;0.000208745;2.61429e-06;1.31729e-11;8.36934e-08;4.27106e-07
5.99576e-11;5.0217e-12;1;3.62733e-09;1.37064e-10;4.33248e-10;3.14264e-08;2.99201e-12;1.25927e-09;1.27086e-09;2.25846e-08;1.19405e-08;3.00413e-14;1.63296e-11
7.49134e-06;0.929906;8.45766e-08;1.08891e-05;3.46992e-07;1.4579e-06;9.03859e-06;1.80799e-05;1.2575e-06;5.78724e-07;0.000108807;0.000729385;0.0692068;2.11131e-08
3.61664e-06;0.150662;2.52108e-10;3.58947e-05;0.00353947;2.09679e-06;2.09026e-06;0.844814;6.03673e-08;1.81034e-05;7.37995e-07;0.000888045;5.92902e-06;2.71836e-05
2.83368e-07;3.8666e-05;0.999129;3.95281e-06;0.000253034;7.87541e-07;3.33311e-07;1.67878e-07;4.48809e-11;1.43953e-06;1.1749e-07;0.000570503;9.35477e-07;6.44946e-07
9.08906e-09;1.12023e-05;3.32138e-11;7.5986e-10;2.62988e-10;1.01383e-10;0.999942;3.31485e-09;4.67443e-07;4.40168e-05;2.09184e-06;6.63884e-12;1.34562e-08;2.34173e-08
2.89702e-09;6.26407e-10;0.99999;1.5285e-08;1.47369e-08;4.58004e-09;1.77531e-06;1.97638e-09;2.15167e-06;2.03468e-08;8.62965e-07;5.4334e-06;2.84847e-11;7.42972e-11
7.10232e-06;0.9996;4.34833e-06;2.12006e-07;2.34578e-07;2.27281e-08;3.2661e-06;6.95658e-06;1.4434e-07;5.64119e-07;4.45637e-08;0.00016225;0.000214498;7.13641e-08
0.000100404;0.561046;3.89208e-05;9.80543e-05;7.61306e-05;8.34183e-06;6.56648e-05;0.0123505;0.00214193;2.6248e-05;0.000446997;0.118711;0.304874;1.58311e-05
0.00250355;0.364282;0.000808409;0.000407791;0.0236572;0.0011652;0.000596491;0.093076;0.0018089;0.000454087;0.00483915;0.245766;0.256242;0.00439303
6.73645e-07;0.00261656;3.14511e-09;1.47615e-07;1.26194e-08;5.37044e-10;0.996407;2.69429e-07;5.03495e-06;0.000966211;2.22611e-06;3.87491e-10;1.79824e-07;2.06124e-06
3.34049e-12;7.3318e-14;1;9.23338e-12;2.98892e-12;2.43406e-12;1.87732e-11;7.18228e-13;4.39432e-10;3.08158e-12;2.3974e-10;8.37644e-10;1.74499e-15;1.61106e-14
4.86826e-07;0.999255;8.96281e-10;1.41478e-08;4.88383e-10;3.65088e-10;0.000729082;6.45437e-06;4.38698e-06;3.57733e-06;3.30254e-07;5.13953e-09;5.53315e-07;7.53509e-09
7.22609e-13;5.91295e-13;0.999992;2.47261e-11;1.18134e-11;1.04378e-12;5.8873e-13;3.26241e-13;1.95236e-12;1.68142e-12;3.35437e-12;7.48414e-06;1.58646e-15;1.36451e-11
2.11438e-05;0.342698;3.25622e-07;3.39759e-06;2.09848e-05;3.99045e-07;0.000154486;0.656757;7.39814e-05;4.26324e-07;1.76627e-05;3.19211e-07;0.000149381;0.000102415
4.85572e-07;0.19257;6.82791e-10;2.05309e-06;1.40472e-07;1.02129e-07;0.806394;5.19695e-06;8.09842e-06;0.000918269;5.64996e-05;5.01098e-09;2.53879e-07;4.56672e-05
1.20087e-09;3.74616e-10;0.999999;7.50603e-09;3.31225e-10;4.16297e-10;4.1679e-08;8.86389e-12;6.83488e-09;1.37652e-09;5.95299e-08;5.06741e-07;1.76869e-11;3.68488e-09
0.000257435;0.536121;8.8239e-06;3.40238e-05;4.30123e-05;0.000191734;0.00121664;0.454121;6.12466e-05;3.51452e-05;5.08442e-05;4.1452e-06;0.00443646;0.00341859
2.35927e-12;1.01136e-10;1;2.50464e-13;5.05217e-12;2.31029e-13;1.31235e-13;3.31467e-13;7.38511e-13;4.5928e-14;1.30308e-12;1.48801e-08;9.97402e-14;4.21046e-12
1.35351e-06;0.00926375;1.58041e-08;3.80781e-07;0.000748936;1.50977e-05;1.52305e-07;0.000224347;2.77639e-06;4.31002e-08;2.36551e-06;1.11974e-05;0.00205576;0.987674
8.71011e-07;0.431806;7.99368e-06;3.44614e-07;5.77513e-05;3.61716e-06;1.14995e-07;0.131507;8.50948e-08;1.11923e-06;3.36274e-07;0.436136;1.22494e-05;0.00046647
5.49202e-06;0.00923235;4.30965e-09;7.86683e-06;2.57297e-05;0.00106947;4.50441e-05;3.74838e-05;4.82008e-06;1.29256e-06;0.000197501;0.000263449;0.989109;5.25629e-07
0.000183597;0.00214339;0.991003;9.53427e-06;1.83167e-05;7.82965e-07;2.42678e-07;2.68765e-05;9.38591e-08;7.15744e-06;5.67192e-08;0.00621826;0.000359362;2.96263e-05
0.000506006;0.810814;1.01254e-08;7.34704e-05;3.82286e-05;5.17148e-06;9.53911e-05;0.0468196;0.00565765;3.04209e-06;0.00160039;2.38553e-06;0.134381;2.99334e-06
8.24717e-07;0.999351;3.30574e-05;7.19844e-05;2.69978e-05;2.18366e-06;4.00417e-08;2.94917e-05;6.16598e-08;1.85065e-06;9.47933e-08;0.000131339;5.00193e-07;0.000350953
1.0144e-05;0.913777;3.959e-08;1.10232e-05;2.5527e-05;1.65564e-05;2.75815e-07;0.0811726;8.60823e-08;3.49092e-06;1.05425e-07;0.00483043;0.000141871;1.04644e-05
6.47128e-05;0.00489833;2.117e-07;3.30238e-06;0.000245777;0.00215456;1.44343e-05;0.110525;3.61677e-06;8.63183e-06;1.18714e-05;7.61042e-05;0.881946;4.77234e-05
7.30994e-06;0.00113973;7.03241e-06;0.000223747;0.0253488;0.0013415;3.48485e-08;0.00162546;4.81915e-05;4.02402e-06;9.8653e-05;0.462936;0.000486642;0.506733
1.13119e-05;0.997312;9.02039e-08;8.20988e-06;7.09159e-07;6.24632e-07;2.44756e-08;0.000701219;8.04479e-06;3.62784e-07;1.59063e-06;4.09485e-06;0.00194871;2.81949e-06
0.000680475;0.547513;3.97632e-07;2.52075e-06;0.00161039;7.46049e-08;2.19098e-06;0.307114;3.59998e-05;5.9493e-06;1.02301e-05;0.131297;0.0116244;0.00010252
2.51949e-05;0.916141;9.81991e-06;4.52455e-06;0.000773845;6.68339e-07;7.28794e-07;0.00748334;1.33913e-06;3.09424e-06;1.53351e-07;0.0614004;0.013592;0.000563654
0.000670676;0.0698413;1.03566e-06;0.000369811;0.000378854;1.59116e-05;2.68019e-05;0.0724864;0.0113543;0.000194794;0.000283951;0.802834;0.0347042;0.00683836
1.88433e-05;0.998296;1.72122e-05;2.48286e-07;3.90748e-08;6.49396e-10;9.0866e-07;6.34741e-05;1.88728e-07;1.0745e-07;3.83375e-07;0.00142416;0.000178067;7.09662e-07
6.0406e-07;0.997488;2.52994e-09;1.26393e-05;0.000432092;1.47164e-06;2.96973e-08;0.000845376;4.52667e-08;9.97507e-07;4.34882e-09;0.000261914;8.76619e-06;0.000948615
2.11763e-05;0.00129508;0.00177856;2.89812e-05;0.000711251;0.000979207;5.50907e-07;1.82247e-06;5.42467e-08;1.43656e-05;8.18178e-07;0.66357;2.45302e-05;0.331574
3.03143e-07;2.32061e-06;1.58049e-10;1.93397e-09;2.84713e-07;3.4684e-08;3.16323e-10;0.997647;7.7586e-08;1.11904e-11;3.68473e-08;1.60214e-07;0.00235004;2.40304e-08
3.89996e-06;0.0681671;8.1745e-07;1.79596e-07;1.88476e-06;1.07837e-05;8.20644e-08;0.0241793;2.45416e-07;5.66588e-07;3.10413e-08;4.05312e-06;0.907531;0.000100334
3.96077e-12;1.24249e-10;1;5.2669e-11;1.73968e-12;3.67094e-12;2.15002e-11;2.26657e-12;1.59087e-11;1.73035e-11;2.07043e-11;1.82106e-10;6.27059e-12;8.11836e-12
3.05101e-08;0.0001164;0.72816;3.16923e-07;1.2186e-08;1.09044e-08;7.96025e-09;1.83322e-06;3.06513e-07;1.15446e-08;5.7571e-08;0.271698;5.65405e-08;2.27589e-05
1.22559e-06;0.000346994;0.000525483;2.80047e-06;0.689649;0.00468074;6.9922e-09;0.00553013;5.46393e-07;1.61018e-06;9.19817e-07;0.000156138;0.0001856;0.298919
3.17145e-08;0.127172;7.80618e-11;2.24662e-07;3.07934e-06;4.46417e-05;3.00689e-07;4.40989e-07;5.56965e-09;5.98239e-06;1.0233e-07;7.30231e-05;7.91153e-07;0.872699
5.85115e-07;0.0941068;8.29786e-10;2.33812e-07;2.48157e-07;0.00016444;8.09831e-05;5.70306e-05;7.17536e-07;6.53654e-09;5.87192e-06;1.45244e-09;0.905583;3.33382e-07
1.27037e-06;0.880404;0.104827;7.11787e-07;3.20306e-06;2.01868e-06;2.41412e-10;0.00022089;6.21273e-11;2.09046e-08;1.84666e-10;0.00193219;0.0126081;1.22568e-06
1.63384e-06;0.992104;3.00259e-09;0.00018739;7.21698e-05;8.37319e-06;1.17038e-06;0.00172822;1.15479e-05;8.37765e-06;0.000140446;0.00258361;0.00285514;0.000297502
4.6519e-05;0.83428;0.000295725;0.00323864;0.010002;0.000607371;1.30008e-05;3.17513e-06;4.01106e-08;0.000208437;6.08719e-05;0.000774893;0.149873;0.000595681
1.16991e-05;0.00367981;2.48568e-05;1.65782e-06;5.03891e-08;5.78645e-09;5.71842e-07;3.5002e-06;2.54415e-07;6.01093e-08;7.97309e-05;0.994045;0.00215237;1.85677e-07
6.48207e-06;0.0938832;2.06923e-07;0.00115023;0.00409305;0.000735641;2.27498e-05;0.895241;4.37292e-05;0.000107349;0.000955896;0.00172249;0.00137646;0.000661462
5.70603e-07;6.2902e-05;2.35488e-08;1.83938e-07;2.16555e-09;2.16242e-06;1.28201e-06;4.32631e-08;1.5211e-06;6.07285e-08;4.34785e-05;4.76669e-08;0.999888;1.28014e-07
4.95022e-07;4.81789e-05;0.999543;3.31145e-08;8.42136e-08;1.51672e-08;5.37584e-10;1.10297e-07;7.09918e-10;9.11614e-09;3.5568e-10;0.000408216;1.39584e-07;2.21431e-07
7.45552e-08;0.997955;1.29053e-10;4.35514e-08;6.60054e-08;4.27652e-08;1.68406e-09;0.00200895;3.6393e-07;6.16053e-10;9.60637e-08;1.05791e-05;2.17488e-05;2.83757e-06
4.03727e-08;0.000727332;1.2526e-10;6.49933e-09;4.28212e-06;1.1171e-06;4.166e-09;0.999007;4.80764e-07;1.33758e-07;4.04209e-09;2.86661e-09;0.00025307;6.24473e-06
5.07399e-11;3.55453e-12;1;6.70709e-11;2.70834e-11;1.93614e-12;1.03015e-10;9.69452e-12;8.76932e-09;9.15435e-11;2.82227e-10;2.6437e-08;8.6153e-12;8.23598e-12
2.14276e-08;3.03103e-08;0.999959;3.57043e-08;3.88211e-08;2.5535e-08;1.20025e-08;2.37191e-06;8.28863e-08;3.61317e-09;1.70556e-08;3.7798e-05;1.70382e-08;7.28225e-07
2.36789e-06;0.00101388;0.000145018;2.64916e-07;5.16451e-05;0.000444796;1.6671e-08;1.06907e-05;7.11794e-07;9.80844e-07;1.78408e-08;8.02895e-06;1.03698e-05;0.998311
1.52216e-06;4.04218e-05;1.21262e-08;3.43512e-08;3.5772e-05;7.31488e-07;1.40911e-09;0.999422;1.98298e-06;3.17508e-09;1.8816e-07;0.00012222;0.000374502;8.50183e-07
7.23786e-07;0.878149;3.4652e-10;4.61342e-05;5.78061e-06;1.3823e-06;3.89047e-10;0.118103;1.98821e-06;3.12005e-07;1.08527e-07;2.51728e-06;0.00366857;2.02546e-05
2.84605e-05;0.795727;0.000128919;1.52458e-05;1.77686e-06;5.09372e-07;1.66389e-08;0.202576;1.29026e-08;4.8915e-06;5.39449e-08;0.00129978;0.000217261;2.00244e-07
8.37081e-09;2.60797e-09;1;6.71871e-10;2.27028e-10;1.62932e-10;2.53043e-09;3.87216e-11;7.63568e-09;1.4836e-09;1.09424e-09;2.1831e-08;3.90955e-11;4.53275e-11
1.19672e-07;1.7231e-06;3.82551e-05;1.38743e-07;7.53591e-06;1.67309e-07;4.0256e-09;3.27124e-05;4.06451e-05;1.02761e-08;5.64316e-07;0.999876;2.31948e-07;1.35208e-06
1.34554e-06;0.9937;1.66368e-08;7.31458e-08;5.85752e-07;2.45099e-07;4.08992e-07;0.000179065;5.59812e-06;1.33307e-08;5.98363e-06;1.46365e-05;0.00608366;8.37501e-06
9.14562e-06;0.328223;2.20251e-06;3.97934e-06;3.10065e-06;2.98909e-06;1.59277e-07;0.127264;4.9595e-06;1.42781e-07;4.63097e-07;0.532193;6.9846e-05;0.0122225
2.52449e-06;0.976526;2.0371e-06;3.7383e-07;9.74981e-07;1.69075e-06;8.08676e-07;0.00306209;3.74019e-09;4.86319e-08;4.52296e-08;0.0197163;0.000683772;3.63714e-06
1.27118e-06;0.851569;3.0233e-07;7.44221e-07;2.10868e-06;6.59706e-06;4.11713e-06;0.146159;1.0895e-07;9.84896e-07;1.13473e-08;8.38722e-06;0.00144956;0.000797546
6.21357e-09;9.50158e-08;0.999999;2.78849e-08;9.81922e-11;3.87216e-09;2.5458e-08;4.7561e-10;3.85145e-08;7.29196e-10;5.63888e-08;9.29579e-07;3.08026e-08;6.63993e-09
3.19216e-05;0.0794874;0.00609276;4.94766e-05;6.67167e-06;2.86342e-05;3.62656e-07;0.0421424;0.000414225;4.92166e-07;6.18735e-05;0.870952;0.000602068;0.000129167
6.42309e-07;0.954533;3.48485e-05;3.90032e-06;0.000182053;2.90532e-05;7.78343e-08;0.000482258;2.17411e-06;4.17888e-07;1.48546e-05;0.0191607;0.0201986;0.00535705
1.27348e-06;0.226247;6.17658e-10;7.68561e-05;0.00209851;0.00101202;3.80651e-07;0.0137256;4.62958e-06;1.97304e-06;1.75321e-05;0.613532;0.000750634;0.142532
0.000160655;0.892923;5.74326e-05;8.14297e-07;0.000207094;4.37195e-05;5.17693e-07;0.0027144;4.5438e-07;1.98632e-08;9.97834e-07;0.00712929;0.0966982;6.31912e-05
9.62358e-08;0.995728;6.67498e-10;7.3109e-08;5.17628e-07;2.89609e-07;2.5861e-06;0.00400496;1.06771e-08;6.13357e-06;9.02879e-10;1.47874e-10;1.34567e-06;0.000256085
9.1206e-11;2.97232e-10;1;2.01371e-08;1.78789e-10;6.64183e-11;5.87387e-11;3.82151e-11;1.79552e-10;8.42682e-10;2.12563e-09;6.97915e-08;1.47679e-11;1.12411e-10
0.000101788;0.809117;5.6528e-06;0.000108422;4.60821e-06;1.03911e-06;6.02808e-06;0.179847;0.000752763;3.06452e-05;0.000259583;0.0085201;0.00123234;1.33575e-05
5.42192e-07;0.977342;9.2049e-06;5.53096e-08;6.66978e-08;3.00931e-06;4.99398e-07;0.000782685;3.40443e-08;4.35587e-07;3.97243e-07;0.0106512;0.0112001;9.84609e-06
6.21846e-09;0.000209354;1.10653e-11;6.80522e-07;6.75646e-07;7.88002e-06;3.93332e-07;0.00418286;1.53207e-08;7.83479e-07;1.54681e-07;7.3876e-08;0.995596;1.06241e-06
9.38551e-07;1.16955e-05;3.199e-05;6.81364e-06;5.51852e-05;4.31046e-08;3.53478e-08;0.000243599;3.22701e-07;3.05208e-06;1.25978e-06;0.99964;2.31676e-06;3.16522e-06
3.11786e-05;0.579892;0.00092252;7.23023e-05;7.2035e-06;8.01983e-06;1.31827e-05;6.70016e-06;7.99755e-09;2.54218e-05;6.93606e-06;0.000151839;0.418838;2.54974e-05
3.13058e-07;2.44829e-05;1.22809e-08;1.87361e-08;4.33163e-08;4.1103e-10;2.63537e-08;1.05164e-05;2.19408e-08;5.55885e-10;3.75057e-07;0.999964;2.17584e-07;2.88273e-07
1.76494e-06;0.0375432;8.43353e-12;1.83568e-06;0.000266795;7.69108e-05;1.42627e-06;0.954746;1.5469e-06;3.69545e-07;4.92904e-07;8.39326e-05;0.0071577;0.00011767
5.03346e-07;0.00144596;1.5907e-10;3.07443e-07;1.17193e-09;1.04286e-06;2.74324e-06;1.35105e-06;1.6231e-07;5.39138e-07;2.54726e-06;7.32652e-08;0.998545;1.00855e-07
1.10497e-05;0.00125369;0.993205;1.62463e-06;7.73266e-06;1.63759e-07;9.71875e-08;0.000380069;9.50632e-08;6.19856e-07;2.321e-08;0.00513793;3.08065e-07;1.81423e-06
2.51367e-07;0.969703;1.61097e-08;1.09789e-06;1.91249e-07;5.43462e-07;1.9903e-07;0.00137421;1.63681e-06;5.24905e-08;1.13458e-06;4.66686e-06;0.0289111;1.82667e-06
2.77071e-05;0.999332;1.24798e-06;2.47649e-07;1.44886e-09;1.61847e-08;1.30358e-05;1.24618e-05;1.15139e-05;1.32783e-06;3.31735e-06;4.04328e-05;0.000556832;7.43627e-08
9.42421e-08;0.00144763;5.27245e-08;8.14233e-06;7.93491e-06;2.06595e-05;2.03035e-09;4.89511e-05;5.14646e-06;1.17126e-07;8.3861e-07;0.997615;9.33916e-07;0.000844315
9.39991e-07;0.00490492;5.11264e-07;1.23428e-07;6.51558e-07;6.93616e-07;2.21814e-09;0.000515944;7.3369e-08;2.09266e-09;1.4753e-06;0.00303274;0.991541;5.6153e-07
1.81634e-06;0.846623;5.78861e-07;2.24328e-06;1.44569e-05;8.46633e-05;4.16136e-06;0.0221093;4.24511e-06;1.54286e-06;7.45639e-05;0.000537923;0.129768;0.00077341
5.43829e-07;0.000542272;9.39616e-08;5.46577e-07;2.2462e-05;4.09733e-06;1.74481e-07;0.0173442;8.30101e-08;1.85244e-07;3.37049e-06;5.9016e-06;0.982072;4.30414e-06
8.13302e-07;4.5547e-05;4.55731e-06;4.76194e-07;6.51594e-07;2.07257e-08;3.12748e-08;1.79336e-06;3.06298e-06;7.4321e-08;2.79401e-06;0.999855;8.48842e-05;2.54647e-08
1.31901e-07;0.999469;1.31503e-05;5.91656e-08;2.11067e-07;3.39054e-08;2.15703e-08;0.000128886;8.6274e-10;2.51373e-08;3.00287e-09;1.46399e-08;0.000388377;4.98729e-08
9.04102e-12;2.40561e-10;1;7.65971e-10;4.48861e-11;6.57392e-11;2.51809e-10;9.16857e-12;1.21572e-10;1.88941e-10;2.43087e-10;6.73478e-10;4.54494e-11;1.21912e-10
4.72972e-10;5.32052e-10;0.999916;5.54032e-08;2.5175e-09;7.62926e-09;9.08795e-11;6.14469e-06;7.73252e-09;1.17055e-10;3.753e-09;7.75585e-05;2.37431e-11;7.90205e-08
1.82497e-08;0.000267903;2.83359e-07;2.73061e-08;5.30005e-07;3.46561e-05;3.22911e-10;6.57442e-06;1.98978e-09;7.22185e-09;3.59908e-09;1.27121e-07;1.55566e-07;0.99969
1.91643e-08;0.000329402;1.00101e-08;3.18018e-08;3.49514e-08;1.82367e-07;6.89761e-08;0.000128202;1.16344e-07;1.94491e-09;7.11221e-05;0.000142961;0.999328;2.16597e-08
3.62736e-08;0.998345;8.53447e-07;1.50796e-07;1.9461e-08;2.64216e-07;3.06702e-09;7.76247e-07;6.60923e-12;1.93093e-08;3.18481e-09;2.04721e-08;0.00165258;1.12393e-07
4.06417e-08;8.14821e-05;4.39966e-08;9.62206e-09;2.81706e-08;2.1094e-09;3.73351e-09;0.000863244;3.20033e-09;6.83706e-10;2.2904e-07;0.999047;7.83324e-06;4.22899e-09
8.96992e-08;0.996082;1.79434e-08;0.000158167;0.0014385;0.000136988;6.30649e-09;0.000175561;1.22627e-08;1.73482e-07;2.60105e-07;1.06613e-05;0.0019097;8.84959e-05
8.23455e-06;0.00162555;3.08154e-07;1.75208e-05;6.17088e-07;6.84698e-07;5.48811e-07;1.30475e-05;2.50109e-06;3.27531e-07;3.25282e-05;0.00405963;0.99415;8.89923e-05
1.74832e-07;2.19523e-07;2.15718e-10;3.407e-10;1.16296e-08;1.44935e-09;9.51813e-10;0.999992;6.42923e-09;3.54599e-10;1.57523e-09;2.14346e-10;7.37412e-06;3.11022e-11
1.02167e-08;3.97511e-05;1.01697e-06;6.6527e-07;0.000180174;9.6423e-05;8.57196e-11;5.37184e-05;2.00441e-09;4.65436e-08;1.79628e-09;0.00066417;1.56072e-06;0.998962
6.58142e-08;0.000123412;1.58053e-09;2.17089e-08;7.85867e-10;1.72402e-09;3.96477e-08;0.000226766;2.2655e-07;1.18274e-10;9.0552e-06;1.35446e-09;0.99964;7.37376e-10
6.4258e-05;0.09015;1.8993e-06;1.22073e-05;2.55636e-05;2.6948e-06;7.01342e-08;0.0418087;7.67884e-06;1.45407e-06;2.41266e-06;0.81211;0.0370473;0.0187653
1.1368e-06;0.980314;4.07092e-10;0.00014106;1.52308e-05;2.19337e-05;7.07155e-09;0.0153765;9.37814e-07;7.30371e-07;9.88712e-06;0.0037918;0.000179733;0.000147141
6.17811e-05;0.992557;3.1951e-12;3.03843e-05;1.26944e-08;7.70347e-09;0.00234253;2.85151e-05;7.20691e-06;0.000353812;0.00370064;5.12742e-08;0.000913142;4.79177e-06
1.02884e-13;2.15907e-14;1;1.0163e-12;8.00826e-14;4.52365e-16;3.90998e-14;8.21359e-17;1.08336e-14;2.20009e-14;1.33278e-13;6.8447e-10;4.21092e-18;6.33802e-14
1.58035e-06;0.00048584;3.41541e-06;3.33205e-06;0.00231656;1.07077e-06;1.3074e-05;0.996209;5.43095e-05;1.68804e-07;3.97555e-06;3.85375e-05;0.000737075;0.000132122
3.87829e-08;1.99845e-05;1.17411e-07;5.53942e-06;5.1266e-07;0.000199921;2.84167e-06;7.6087e-06;0.000167077;1.12144e-06;0.000892948;3.41176e-09;0.998702;2.25985e-07
1.87338e-06;9.76397e-06;0.9994;2.85522e-07;1.36e-06;8.51677e-09;6.85234e-09;2.58603e-06;5.21386e-09;3.83084e-07;3.09504e-08;0.000581489;1.04745e-07;1.8208e-06
1.94311e-06;0.989494;4.89346e-08;3.97872e-06;3.39859e-07;1.20325e-06;1.30997e-06;0.00971328;0.000341819;2.25805e-07;0.00033211;3.68758e-08;6.68095e-05;4.24452e-05
