2.94981e-07;0.9999;3.13238e-05;2.08045e-07;2.29655e-07;1.61812e-07;4.48817e-09;4.69463e-05;4.18125e-10;5.59838e-08;6.52378e-10;9.42627e-08;1.91729e-05;1.16128e-06
5.19391e-08;7.44157e-08;0.999999;3.66231e-08;5.21618e-09;8.69752e-10;1.56553e-07;1.62868e-08;1.0765e-07;2.15181e-08;5.07064e-07;1.2681e-07;4.97121e-09;9.5288e-09
6.84362e-09;2.40717e-07;1.70856e-05;2.10519e-08;3.46933e-09;1.94478e-09;1.36608e-09;2.28972e-07;1.20199e-08;3.43205e-09;1.05454e-09;9.20226e-06;2.67491e-10;0.999973
4.32128e-08;2.19216e-05;4.92824e-10;3.13694e-09;0.000139372;1.04938e-06;3.85348e-09;0.999833;3.6944e-07;1.17186e-09;1.14112e-08;2.60145e-08;1.27004e-06;2.53422e-06
2.0429e-09;2.74719e-06;0.99967;9.71991e-09;1.04664e-06;4.05332e-07;6.95018e-11;1.99232e-08;5.96052e-12;4.27609e-09;2.37278e-09;0.000323425;4.97676e-07;2.2504e-06
2.76409e-10;0.999998;2.1949e-11;7.40245e-11;2.46753e-11;1.31608e-10;6.01419e-11;5.44139e-07;1.48409e-10;1.36796e-12;9.2011e-10;4.17469e-08;1.00404e-06;1.78365e-09
3.73913e-07;0.996236;2.20504e-10;3.39492e-06;3.56866e-05;5.79371e-07;1.09622e-08;0.000963742;6.9077e-08;8.01654e-08;5.01432e-07;0.000147246;0.00203989;0.000572285
3.33125e-09;0.997782;2.66005e-07;1.8415e-07;5.36463e-05;2.05608e-07;1.28758e-10;0.00106424;5.8871e-12;1.62111e-07;1.99332e-11;0.000426483;0.000127172;0.000545277
3.51731e-09;0.000106369;2.77819e-09;1.1808e-06;5.13095e-08;3.41113e-05;4.70307e-08;5.80953e-06;1.51932e-10;2.91547e-07;4.9033e-08;1.79081e-05;0.999834;3.83792e-07
2.33257e-10;1.80645e-09;0.999998;5.80736e-08;1.70665e-09;2.7774e-10;8.00074e-08;2.18018e-11;4.20563e-12;1.00435e-06;7.31877e-10;9.37136e-07;4.12752e-10;7.43362e-10
4.52226e-09;1.40678e-08;0.999998;1.9602e-08;2.93455e-09;7.55644e-09;2.19436e-07;2.98043e-10;2.93487e-08;9.22301e-09;1.88892e-06;3.46583e-08;8.27688e-09;6.21233e-10
2.01231e-07;0.987857;1.79445e-10;5.24394e-08;4.18612e-08;3.35601e-08;2.04426e-08;0.012116;6.13582e-08;1.41627e-07;2.0011e-07;2.3416e-05;2.6864e-06;8.97666e-08
1.70017e-08;6.37057e-06;9.72299e-07;2.10515e-10;6.20892e-08;3.74639e-11;6.366e-11;4.6608e-05;6.39841e-10;2.21548e-11;4.16236e-08;0.99994;5.86177e-06;1.15259e-09
3.44664e-06;0.470726;1.73746e-06;3.37123e-08;3.06575e-06;1.95574e-05;8.49271e-07;0.0022512;5.04152e-06;2.45945e-08;1.05537e-06;0.000272485;0.526706;9.95881e-06
3.52453e-06;0.00198891;1.68887e-09;4.05176e-08;1.05712e-06;2.0576e-06;2.70888e-07;0.0715213;3.14307e-05;2.56897e-08;3.10233e-07;2.17909e-08;0.926451;5.14835e-07
3.74194e-06;5.8999e-05;4.44561e-06;1.37601e-07;4.55865e-06;1.03382e-07;2.61359e-10;3.58723e-05;1.59602e-05;9.20785e-09;3.3747e-08;0.999779;9.27751e-05;4.12261e-06
1.3418e-06;0.985717;6.78187e-10;1.3097e-07;2.87021e-09;5.76178e-09;2.8616e-08;1.57063e-05;2.033e-06;9.65794e-09;2.1146e-07;2.9094e-05;0.0142343;2.54017e-09
6.70496e-06;0.00292736;0.000781808;0.000131694;6.5966e-05;6.90652e-06;4.53093e-08;0.00578094;3.9528e-06;2.03564e-06;5.14222e-07;0.989639;6.64833e-07;0.000652159
1.57777e-05;0.0139952;1.04477e-08;3.95388e-05;1.75706e-05;3.0258e-06;4.52281e-07;0.942683;0.000107533;7.96649e-08;3.11792e-05;0.00506933;0.0380368;3.7223e-07
3.80863e-07;0.999646;1.16029e-08;1.95738e-08;7.75994e-09;1.03849e-09;1.22612e-06;4.52335e-09;9.00951e-11;1.33773e-05;1.83922e-09;2.52378e-10;1.92204e-08;0.000338637
1.45542e-12;2.80572e-14;1;1.68531e-13;2.58132e-12;1.13457e-13;1.45351e-11;1.13375e-13;4.02482e-11;2.10809e-13;2.14329e-11;1.51428e-07;3.82566e-15;7.65331e-14
1.38614e-05;0.113683;0.00142915;4.65849e-05;0.000117588;0.000242106;0.000475825;0.00543353;0.0174434;3.20448e-06;0.00248502;0.000197195;0.858428;2.20082e-06
6.47976e-08;0.995111;1.0239e-11;1.95874e-08;3.02085e-07;6.02394e-08;3.14186e-09;0.00484875;4.81422e-07;2.3081e-08;6.79028e-09;7.1842e-07;3.80411e-05;2.97792e-07
1.05334e-05;0.00194279;4.75862e-07;4.14398e-08;1.32464e-06;2.23644e-09;3.39198e-08;0.00291636;2.13181e-06;1.44487e-08;3.92622e-07;0.995097;2.88296e-05;2.38784e-08
0.00109495;0.00113916;8.04414e-06;5.24065e-06;9.76732e-06;2.51675e-06;3.55858e-05;0.00328345;0.984491;1.82075e-07;0.000598041;1.45571e-05;0.0093041;1.36287e-05
2.96698e-05;3.21889e-05;3.7262e-10;1.58891e-08;5.61857e-08;5.27851e-09;4.52858e-08;0.999597;0.000337044;1.0805e-08;1.7686e-07;8.89432e-09;3.9191e-06;1.63291e-08
3.24358e-08;0.023352;3.59618e-10;5.5361e-08;1.78012e-08;1.60169e-08;1.06461e-08;4.03037e-10;1.25026e-10;1.66056e-06;9.09049e-12;2.54098e-10;3.86112e-11;0.976646
1.42727e-08;5.55231e-11;0.999963;3.08525e-09;4.49381e-10;2.62164e-10;8.62037e-08;2.83846e-09;2.51295e-06;4.2667e-10;1.51237e-06;3.26619e-05;8.0715e-13;1.35795e-07
3.91271e-06;0.93173;1.3606e-10;3.31147e-06;7.48794e-07;4.66219e-07;1.59217e-05;0.000158155;0.000825797;6.16508e-07;0.000368447;2.67379e-06;0.0668833;6.40136e-06
7.27092e-06;0.412163;8.52078e-07;1.04506e-05;9.7238e-07;2.76628e-07;9.08513e-06;0.00039174;2.23832e-05;3.84975e-06;5.9516e-05;0.58725;1.91416e-05;6.15164e-05
6.52508e-05;0.447521;5.62105e-06;9.04645e-05;0.00621101;0.000192741;7.35056e-05;0.168035;9.2929e-06;1.68261e-05;0.000152383;0.000452794;0.377164;1.07388e-05
6.84619e-07;0.00236717;1.50351e-10;1.06256e-05;1.55653e-05;4.31334e-05;3.04819e-08;0.000237551;8.18799e-07;2.14619e-07;8.24575e-06;0.00765862;0.989639;1.8564e-05
0.000347576;0.00729459;0.967151;3.97052e-05;2.7877e-05;1.65949e-05;2.23169e-08;0.000252837;7.19701e-07;4.59283e-06;1.31066e-07;0.0244613;0.000241611;0.000160963
2.72664e-05;0.0147099;7.64406e-08;3.72387e-06;2.0588e-06;5.10143e-07;3.72781e-06;0.000182705;0.000142001;1.37666e-07;0.000423297;0.00721454;0.97729;7.06981e-09
4.07746e-07;0.91175;1.40768e-11;4.16955e-08;1.46919e-06;6.63945e-06;2.90902e-08;0.00957613;8.38265e-07;4.77837e-08;8.89976e-07;3.74128e-05;0.0786182;8.20145e-06
1.67392e-05;0.323245;9.39687e-05;1.3478e-05;5.58643e-05;3.73912e-05;4.68691e-05;0.0280766;3.56793e-07;1.92675e-05;2.68804e-05;0.2843;0.347691;0.0163762
2.02129e-06;0.152321;2.69761e-05;0.00824871;0.00793471;0.00517531;4.70179e-07;0.00373517;2.53806e-06;7.53959e-06;0.000429291;0.79329;0.00436359;0.0244621
8.56907e-05;0.0972524;8.51029e-07;4.96313e-07;1.58629e-05;2.644e-08;4.10272e-08;0.900254;1.45728e-07;2.10772e-07;5.00365e-07;0.00215887;0.000107418;0.000123709
4.72058e-05;0.0249487;0.00220057;7.49069e-07;0.00198529;2.72661e-06;5.97695e-08;0.00637658;5.40495e-06;2.22953e-07;1.20116e-06;0.964015;0.000294227;0.000121561
3.76946e-08;0.813534;3.14203e-13;4.73465e-09;8.5403e-09;1.31609e-09;1.19279e-08;2.13471e-07;5.34064e-09;7.27386e-08;1.57077e-10;1.44314e-08;4.8782e-07;0.186465
0.00420207;0.00893977;2.93414e-05;0.00168106;0.000631422;0.00065339;0.0496122;0.0207372;0.688431;0.000165556;0.145051;0.00136509;0.00710016;0.0714003
5.62222e-07;0.0491808;1.3367e-12;9.6814e-09;5.33862e-05;8.0167e-09;1.32651e-08;0.950763;5.841e-07;1.00584e-08;4.48846e-08;3.76149e-09;1.06338e-06;5.83234e-07
6.31546e-07;0.00214956;0.997257;2.21189e-06;5.93089e-05;0.000158928;8.24267e-07;1.35918e-05;5.26468e-08;1.82586e-05;7.67675e-08;4.00988e-08;0.000333861;5.76317e-06
1.7296e-10;1.44068e-09;1;8.24328e-12;1.92464e-11;4.64733e-12;9.04274e-11;9.30277e-13;1.04849e-09;4.49612e-12;5.28553e-11;3.88318e-09;8.50586e-13;9.34291e-11
1.79943e-08;1.08406e-05;4.8308e-05;7.06079e-09;3.11488e-08;2.91752e-08;2.36302e-10;4.42926e-07;6.3686e-07;6.44805e-11;3.01144e-08;0.999938;2.90924e-07;1.32916e-06
2.79676e-07;0.996301;6.34472e-11;7.51311e-11;1.07617e-07;2.25837e-07;1.96191e-08;2.20355e-07;2.25848e-08;1.13154e-09;2.99194e-09;1.93279e-07;0.00369737;5.62531e-08
4.32265e-10;1.25358e-06;4.72365e-08;1.27204e-10;1.91867e-06;1.43853e-07;2.84232e-12;7.20902e-06;2.42127e-09;1.00346e-11;3.0103e-11;0.999989;8.50713e-07;3.65868e-08
3.18116e-07;0.0002482;1.90288e-11;2.35575e-09;1.21884e-05;8.87883e-08;3.63177e-11;0.999688;4.60216e-05;5.99826e-12;3.15232e-10;6.0553e-09;4.9301e-06;1.27455e-08
2.97999e-07;0.999931;4.12804e-08;8.06024e-07;3.17604e-07;1.57278e-09;1.25825e-11;6.65644e-05;4.19263e-09;2.44705e-09;1.7482e-10;8.52021e-07;1.57106e-07;6.96147e-08
5.58822e-05;0.313665;1.96077e-08;2.06344e-05;0.000186644;4.58037e-06;8.1244e-08;0.60931;2.9648e-06;1.18248e-06;6.34882e-06;0.000443889;0.0762946;8.78317e-06
4.94825e-07;0.998796;1.0411e-10;4.3976e-07;7.99597e-07;1.03187e-07;7.55906e-05;2.7621e-05;3.58135e-07;3.38829e-05;1.17007e-07;3.79903e-11;7.48418e-05;0.000990087
2.50062e-14;1.82314e-14;1;2.57198e-13;3.80523e-14;1.43048e-15;6.49038e-13;5.38414e-16;1.28505e-13;4.63475e-14;1.09923e-12;1.50997e-11;2.00202e-18;4.49107e-16
0.000756406;0.0996852;1.96575e-07;0.00539637;0.00268706;0.00359891;0.00357472;0.0545174;0.17224;5.02106e-05;0.648033;0.000566042;0.00881373;8.02909e-05
2.13148e-05;0.988864;1.23313e-12;5.39637e-05;9.2866e-08;3.53018e-08;3.04284e-06;1.66611e-05;9.37825e-05;2.35002e-07;0.0105232;2.88788e-05;0.000387122;7.69283e-06
1.51073e-08;0.000158468;4.67794e-13;3.50972e-09;8.53291e-06;4.15881e-09;1.36047e-11;0.999832;7.53831e-10;1.86006e-09;1.39978e-09;6.85813e-09;3.63037e-08;9.72428e-07
2.54223e-08;7.71279e-07;0.999844;8.96002e-08;4.59757e-06;1.29947e-08;2.047e-10;1.46025e-08;2.10015e-12;2.50379e-07;2.10732e-09;0.000147894;1.03355e-07;1.8612e-06
0.000207644;0.00533221;0.000157412;2.77449e-05;3.52867e-06;1.92561e-06;0.00245845;0.00743338;0.0709232;5.74474e-06;0.900235;0.000431151;0.0127819;2.40002e-07
