3.23853e-07;0.999927;1.15948e-10;2.83107e-08;6.21443e-09;4.05994e-09;1.40362e-07;1.39827e-05;5.07355e-07;4.55618e-08;3.86609e-07;1.02866e-06;5.58203e-05;1.93341e-07
7.52437e-06;0.978428;5.25151e-07;3.99613e-05;1.67958e-05;2.1513e-07;2.75267e-05;0.00254905;9.42278e-05;5.56834e-06;0.000227778;0.0104278;0.00816527;1.00033e-05
0.000113581;0.344239;4.45167e-07;2.47071e-05;0.00614826;7.68585e-05;2.20558e-05;0.390115;1.52716e-06;1.24217e-05;9.80653e-06;0.142573;0.0718714;0.0447917
1.6865e-06;0.00977649;8.24593e-05;4.46835e-06;0.000338157;1.52779e-05;1.30779e-06;0.00163884;1.21134e-07;8.59263e-08;1.28497e-06;0.9865;0.00142769;0.000212196
1.22055e-06;0.935007;3.06465e-07;8.89584e-06;1.73132e-05;4.95939e-05;0.00053829;0.0168004;1.93646e-07;0.000125239;1.235e-06;4.80333e-09;0.000179423;0.0472712
1.13019e-11;1.48746e-11;1;2.85914e-11;7.18906e-15;3.11546e-13;5.37453e-11;4.89267e-13;7.14783e-11;1.52606e-12;1.72081e-09;5.86696e-11;1.39964e-12;1.39689e-13
2.28465e-05;0.561787;0.0204741;2.61588e-05;1.59564e-06;4.05416e-05;7.82638e-06;0.398478;2.50508e-05;4.8201e-06;3.62751e-05;0.00863539;0.000456703;0.0100037
9.72798e-06;0.673223;9.56014e-08;1.00821e-05;3.15255e-06;7.86914e-06;3.00474e-05;0.00480181;6.91264e-06;1.96729e-06;0.00104679;0.000213147;0.320634;1.10409e-05
1.4362e-07;0.999327;5.43194e-09;1.09144e-07;2.31178e-07;4.15029e-08;1.37298e-06;0.000131857;4.06778e-08;4.01457e-08;4.42822e-08;1.93437e-05;2.68854e-05;0.000493027
3.71728e-08;0.000366692;3.83682e-10;1.90753e-06;2.30849e-05;1.05059e-05;1.04153e-08;0.999321;5.39155e-09;1.47201e-07;1.3018e-08;0.000260201;1.24598e-06;1.55382e-05
1.04325e-05;0.997714;1.42198e-09;4.95611e-05;4.59938e-08;1.82313e-08;0.000159962;0.000189419;2.64264e-05;3.10079e-06;0.000906151;2.37245e-07;0.000939063;1.88148e-06
6.54364e-07;0.999903;4.66603e-06;1.46731e-05;1.3838e-05;6.20769e-08;1.51573e-08;2.62097e-05;1.95691e-08;2.00339e-07;5.92042e-08;3.72824e-06;9.07043e-06;2.389e-05
5.04221e-06;1.45402e-05;1.63225e-09;1.80768e-08;6.38109e-07;2.69156e-10;2.43964e-07;0.999976;1.21966e-07;2.5619e-07;3.57666e-09;1.21145e-07;3.01553e-06;4.68763e-09
8.44246e-08;6.84479e-05;7.73126e-05;0.000169566;0.000106441;4.94935e-05;1.48666e-08;6.23481e-07;5.58377e-06;1.15092e-06;6.61283e-06;0.0529387;7.89736e-07;0.946575
5.13262e-07;0.995487;1.24576e-09;2.64035e-08;1.27038e-09;1.096e-08;2.13566e-07;0.00436867;2.80535e-08;1.234e-08;1.60599e-08;4.5418e-08;0.000143748;2.48353e-07
2.56098e-06;0.000548252;7.17315e-08;1.10198e-06;2.61847e-08;1.86215e-08;3.91987e-06;0.00433472;1.95666e-06;1.90868e-07;1.78519e-05;0.000209594;0.994877;2.75337e-06
1.32351e-05;0.361178;1.05487e-08;1.20271e-08;2.54021e-08;4.83081e-11;1.32921e-06;0.635191;9.8246e-07;4.91551e-09;6.43911e-07;0.00027349;0.00334098;9.853e-10
1.22464e-07;0.000686318;2.21949e-06;1.71339e-05;2.52498e-05;3.75071e-07;8.53864e-08;0.0314304;4.76779e-08;6.43869e-07;1.93676e-08;0.96761;7.65515e-05;0.000150535
1.65818e-05;0.946866;0.00100674;0.000274304;4.11834e-05;0.000172507;1.59328e-05;0.00652934;4.8314e-06;3.15051e-06;0.000188155;0.00119102;0.0435008;0.000189475
8.90716e-06;0.614867;1.20197e-08;6.75309e-05;0.000134144;0.00250314;0.000299044;0.0432705;4.2988e-05;0.000443344;3.4693e-05;1.1389e-09;0.0181612;0.320167
3.94384e-10;3.55233e-10;1;2.09061e-09;1.58584e-10;1.75435e-10;3.821e-10;1.43169e-11;2.50012e-09;1.9974e-10;6.90784e-10;3.52453e-09;6.68724e-11;2.78691e-10
1.16958e-05;0.669425;0.0144776;3.16143e-05;9.65873e-06;1.90675e-05;5.94228e-08;0.290865;1.23681e-05;4.61667e-07;4.20584e-07;0.025005;0.00012247;1.92763e-05
6.0042e-05;0.00207377;0.000170289;0.00114335;0.27678;0.0435234;7.111e-07;0.000439798;1.69335e-05;0.000115382;1.86062e-05;0.00934904;0.60255;0.0637589
1.20605e-05;0.00263832;1.44596e-09;5.52583e-05;0.000125874;8.27178e-06;1.47521e-08;9.32639e-06;2.08027e-05;4.78311e-07;5.1225e-05;0.994653;0.00157317;0.000852227
0.000106469;0.952235;5.75845e-09;4.00493e-07;1.98375e-07;1.51969e-09;0.047148;7.37205e-05;2.27804e-05;0.000389682;2.30956e-06;1.92929e-09;1.06433e-07;2.14805e-05
2.92987e-07;1.43989e-06;0.999983;1.34988e-06;1.62356e-07;6.594e-08;1.5431e-08;1.06587e-05;9.40941e-07;3.80811e-08;6.53397e-08;3.05116e-07;1.12063e-06;4.67782e-09
6.96095e-06;0.99513;9.84249e-05;1.93344e-05;7.08445e-06;9.224e-08;5.38418e-08;4.86393e-05;1.1053e-07;6.58232e-07;1.76909e-08;0.00466833;2.49457e-06;1.80534e-05
2.64619e-05;0.00517172;4.84636e-08;2.00392e-06;1.39868e-07;1.18828e-06;9.25126e-06;0.000241706;0.000166729;1.20754e-07;4.05077e-05;0.000124993;0.994215;9.73632e-08
5.93325e-06;0.33207;0.000729546;1.42073e-05;0.000201901;0.000118782;1.19521e-05;0.00452513;4.18448e-06;5.65387e-05;2.65232e-07;0.653653;0.000100679;0.00850748
8.29657e-05;0.942354;2.77483e-06;0.000666502;1.46594e-05;4.22313e-05;6.32034e-05;0.0194759;0.000804585;3.18251e-06;0.000649202;0.00432968;0.00374378;0.0277669
0.000392605;0.731233;2.50476e-06;4.53634e-05;1.60847e-06;1.02264e-05;1.53476e-06;0.00328021;0.000285876;2.02563e-05;1.80427e-05;0.00247793;0.262212;1.91364e-05
1.57401e-11;2.8323e-09;1;2.33067e-09;2.17928e-09;9.36733e-11;6.53904e-12;1.0452e-10;4.03259e-12;1.69712e-09;1.58946e-12;1.22483e-08;2.2037e-12;2.50754e-09
2.22798e-05;0.0190479;4.04928e-08;0.000113238;9.29065e-06;1.31297e-05;0.0013329;0.127222;0.786496;3.82612e-05;0.0326311;4.05837e-07;0.0330733;1.5186e-07
