1.07868e-06;0.981198;0.000320156;1.78856e-07;4.53938e-05;3.72746e-06;4.4298e-09;0.00201982;5.34376e-08;3.43463e-08;5.38811e-08;0.000174375;0.0161531;8.41205e-05
9.86072e-10;0.0795988;5.0703e-14;3.93516e-08;4.16886e-07;2.17622e-07;1.95321e-08;1.82747e-07;4.82887e-10;2.41353e-07;4.30372e-09;2.873e-07;1.74676e-06;0.920398
0.000166461;0.00241012;3.73924e-05;0.000123987;3.24866e-06;1.23031e-05;0.352847;0.000690134;0.0988519;2.91086e-05;0.54202;4.09751e-07;0.00280679;6.26734e-07
0.000399125;0.0167287;4.3997e-07;3.74447e-06;2.09196e-05;2.63822e-05;6.89411e-07;0.967772;0.000149961;4.44964e-06;2.21875e-06;8.99975e-06;0.0148786;3.42848e-06
1.35794e-06;0.0129334;1.70738e-06;9.92561e-06;0.000307521;8.74791e-06;2.59379e-09;5.00696e-05;2.63556e-06;1.23129e-07;2.52779e-06;0.986182;0.000153307;0.0003471
1.23882e-07;0.999626;2.43464e-08;4.31378e-08;1.63359e-09;1.02685e-09;8.85785e-08;1.5431e-05;7.44699e-09;1.34756e-07;2.75614e-08;1.02294e-07;0.000357772;3.40602e-09
1.55395e-05;0.00219925;4.783e-08;3.2576e-05;0.000249209;2.97986e-05;3.7e-06;0.0015522;0.000845959;7.39003e-06;6.86723e-05;0.994478;2.98001e-05;0.000487775
0.00616337;0.988484;5.27269e-07;5.64581e-07;6.60951e-08;1.97136e-08;7.10713e-05;2.35159e-05;0.000154203;1.40876e-06;1.40799e-06;0.000600858;0.00449945;6.35803e-09
4.83883e-05;0.00073513;4.50611e-06;0.000118786;3.50322e-05;0.000172769;4.79145e-06;0.0017487;0.0041644;3.24122e-06;2.79468e-05;0.99046;0.0018666;0.000609934
0.000157259;0.449173;2.72209e-06;0.000211271;0.000267998;0.000256199;7.75945e-06;0.0405212;5.19795e-05;1.84057e-06;5.47462e-05;0.00148624;0.446702;0.0611061
4.51309e-06;0.000965659;8.86151e-06;1.91107e-06;2.78338e-06;2.24987e-06;4.65942e-08;3.86473e-05;3.5292e-08;3.32226e-08;1.32046e-07;0.99857;0.000366813;3.85183e-05
6.72346e-06;0.868029;1.355e-09;4.28343e-07;1.34871e-08;1.77133e-08;0.131595;7.72285e-05;7.28004e-05;0.000199596;1.29941e-05;1.17682e-12;4.62355e-06;1.4691e-06
7.39797e-10;7.27375e-12;0.999999;2.4209e-08;7.20367e-10;2.16042e-09;2.77868e-09;1.04814e-11;2.72436e-08;2.05475e-09;5.51361e-08;1.11067e-06;4.35529e-12;4.63979e-10
2.18869e-06;0.990838;3.10314e-09;2.85444e-06;6.6584e-08;4.76038e-08;4.95979e-07;0.00528606;4.63962e-05;3.11627e-07;7.84581e-06;7.83791e-06;0.00380827;6.35665e-09
2.38752e-06;0.0244887;2.36308e-08;0.000546523;0.000895974;0.000518381;5.12335e-07;0.0151873;7.61817e-06;2.9697e-05;0.000166024;0.954014;0.000525737;0.00361757
6.32376e-06;0.998815;1.20954e-10;9.45247e-07;1.19315e-06;2.56851e-06;2.14689e-05;0.000602455;8.89475e-08;5.45149e-07;2.12088e-06;0.000101233;0.000445909;1.866e-07
2.4296e-05;0.975258;6.99243e-10;7.14273e-07;2.47363e-07;1.19359e-07;0.000118571;0.00131674;7.54374e-06;1.50489e-06;1.9184e-05;1.62101e-06;0.0232511;1.81096e-07
0.0140842;0.00337777;0.00349573;6.20223e-06;0.000852043;1.76561e-05;1.58098e-06;0.614919;0.000294075;1.85604e-05;2.04797e-06;0.350146;0.0127733;1.22073e-05
3.87383e-06;0.0849423;2.38854e-05;7.92734e-07;9.84324e-05;1.17541e-05;3.307e-07;0.00119204;2.38342e-06;6.93211e-07;1.44486e-06;0.90449;0.00914887;8.33577e-05
5.53653e-06;0.0200552;0.00024851;4.51756e-05;0.000708557;0.000431542;5.26757e-06;0.0386177;4.53884e-06;1.38059e-05;1.63925e-05;0.245717;0.693778;0.000353248
0.000260633;0.0753514;7.82289e-05;0.000949494;0.00173987;0.000598863;0.000334125;0.00283298;0.00592093;3.52808e-05;0.00287625;0.0135168;0.895129;0.000375779
0.0205415;0.00854846;2.09437e-06;2.88823e-06;0.000186351;5.06787e-06;6.27071e-06;0.953829;0.00102255;3.44469e-07;8.75455e-06;0.00358762;0.0122588;3.89427e-08
7.02029e-06;0.999263;5.15395e-10;8.98929e-09;3.88566e-08;3.40181e-09;0.000455182;6.7271e-06;5.98277e-07;3.07332e-05;2.78189e-09;4.579e-11;2.93478e-08;0.000236633
3.533e-08;2.1423e-09;0.999997;7.84892e-08;5.14325e-09;5.46125e-10;2.21937e-09;1.48055e-08;7.89625e-07;4.31232e-09;3.74382e-08;2.50621e-06;5.09447e-11;2.08239e-09
1.99615e-06;0.99993;3.8281e-08;9.05533e-08;6.64143e-09;1.77076e-10;2.07929e-08;9.3292e-06;1.44442e-07;1.02839e-08;2.1785e-08;6.68386e-07;5.75243e-05;4.13118e-09
1.86125e-06;0.978207;2.27502e-08;1.02623e-06;2.98664e-08;2.80634e-09;6.82686e-05;4.84957e-05;2.20585e-07;0.00160607;3.56295e-09;8.71844e-10;8.12269e-09;0.0200669
8.87702e-11;7.46401e-13;0.999994;1.3067e-09;3.47615e-10;4.57228e-10;2.82026e-10;4.43371e-13;7.06203e-09;1.13255e-10;8.70176e-09;6.50829e-06;1.6808e-12;1.39099e-09
2.07536e-06;0.970867;5.67001e-14;5.04772e-09;3.34981e-07;1.60253e-07;4.21051e-08;0.000174365;4.45313e-06;7.50396e-10;1.60679e-06;1.87003e-08;0.0289496;5.31273e-07
3.16684e-05;0.0202344;3.04523e-06;7.44093e-07;0.00159168;5.49583e-05;5.12735e-06;0.933125;1.87374e-05;5.05364e-07;1.75121e-05;0.0245948;0.0201113;0.000210694
0.000771527;0.698538;0.0026856;0.000225587;0.0118479;0.00471503;0.00050153;0.118246;0.000295402;1.37838e-05;4.91728e-05;0.0770003;0.0233103;0.0618001
0.000458572;0.675668;0.0114985;3.90162e-05;0.000378824;2.90429e-05;2.88899e-06;0.00715252;2.45541e-05;4.91418e-07;2.99099e-06;0.30119;0.000355444;0.00319854
0.0014771;0.652915;0.000245297;1.39255e-06;0.000142768;4.67085e-05;7.18414e-07;0.0371846;0.000153519;3.45241e-07;3.20995e-06;0.00354474;0.301271;0.00301323
3.77049e-06;0.0250127;8.3348e-07;8.91361e-07;0.0025279;1.55798e-05;4.257e-09;0.000387428;4.84715e-07;3.33638e-08;3.39171e-08;0.591708;1.35655e-05;0.380329
7.85866e-05;0.299209;4.71443e-05;4.32092e-07;0.00164587;8.48396e-05;2.39602e-07;0.0682497;6.43789e-06;1.82636e-07;5.02319e-07;0.00742107;0.621879;0.0013775
8.0028e-07;0.991227;2.6515e-10;1.10953e-06;4.8998e-07;5.99478e-08;0.000479111;0.000393528;5.4894e-07;0.000215114;5.84657e-08;1.04454e-08;1.14694e-05;0.00767099
2.00347e-11;1.5549e-11;1;6.08365e-10;4.02783e-10;1.92979e-11;9.27232e-11;3.15393e-10;3.33316e-11;1.07985e-10;1.88357e-11;6.92175e-08;1.27688e-13;6.652e-12
0.000630517;0.886835;1.2181e-06;0.00113552;4.85599e-05;0.000113841;0.087344;0.00272812;0.0041597;0.000528653;0.00122355;0.000495671;0.0144175;0.000338065
5.26291e-05;0.728516;1.9193e-07;0.00013576;1.19683e-07;2.422e-07;3.66522e-05;0.003294;2.82432e-05;1.28256e-05;9.69986e-05;0.267109;0.000694338;2.29209e-05
0.000147348;0.00703387;0.00503549;0.000235542;0.0113849;2.79766e-06;5.85481e-07;0.969703;1.65465e-07;1.37811e-05;2.97868e-08;0.00619194;8.28368e-05;0.000167975
2.62432e-05;0.000341267;0.999481;9.03715e-06;1.2073e-06;1.82315e-06;8.31791e-06;5.1802e-08;1.7108e-07;1.29576e-05;1.70455e-07;5.3261e-05;6.21254e-05;1.88784e-06
7.46597e-06;0.00188923;2.07932e-10;2.66165e-08;7.15393e-10;8.20457e-09;0.994658;8.60608e-09;6.55358e-06;0.00232862;1.42147e-07;3.70273e-13;2.79964e-06;0.00110693
5.57908e-14;5.64003e-15;1;5.76914e-14;7.22006e-16;4.32803e-15;1.16602e-12;3.24081e-16;9.2625e-12;3.51724e-13;2.7559e-12;3.28376e-11;1.50556e-16;5.8618e-16
