1.62616e-06;0.999926;3.90647e-05;3.1116e-06;2.52854e-07;2.99268e-08;3.6983e-09;1.06964e-06;6.59234e-09;1.09751e-08;3.05096e-08;2.292e-05;3.54704e-06;2.43537e-06
7.41392e-07;0.991451;1.618e-09;5.14229e-07;2.594e-07;9.66823e-07;3.33064e-08;0.00850744;1.69253e-08;2.81648e-07;3.04073e-08;2.91038e-05;4.60374e-06;5.28718e-06
0.000676938;0.552049;9.76085e-09;0.000856156;0.0001365;0.00167954;0.000518811;0.326257;0.000363636;0.000338628;0.0121011;6.73048e-05;0.10307;0.0018856
0.0013689;0.0176417;1.24871e-05;6.05287e-07;0.000246464;1.2419e-06;2.51972e-08;0.917359;5.91003e-07;4.14159e-07;2.82654e-07;0.0605293;0.00282688;1.20242e-05
1.37015e-05;0.0339477;0.000245591;7.15991e-05;0.000856307;6.77387e-05;5.24766e-07;0.0758156;1.70157e-05;8.93535e-07;2.23893e-05;0.87429;0.0127684;0.00188283
0.000333604;0.596644;5.62801e-05;0.0104741;0.0167902;0.00432196;0.000147206;0.197894;0.0155572;0.000278088;0.0425938;0.0287973;0.0805214;0.00559046
0.00364841;0.827262;2.42512e-06;0.000360475;0.00201388;0.000148585;2.33414e-05;0.000499599;0.00199074;5.10834e-05;0.0109346;0.0249534;0.110348;0.0177633
0.00394944;0.993125;4.1704e-07;1.11624e-06;2.59601e-05;2.47469e-07;9.97484e-05;0.00121318;5.52552e-05;5.37106e-05;1.61178e-06;4.80878e-09;0.000227488;0.00124699
9.7929e-11;2.48002e-12;0.999989;5.41395e-12;1.14651e-10;4.84117e-12;1.67329e-13;1.50432e-12;9.39354e-11;1.93591e-12;9.5733e-12;1.10234e-05;1.36786e-13;4.62727e-12
0.000570061;0.0455198;0.000314759;5.98641e-05;0.00784032;0.00055579;4.5627e-05;0.436711;0.0316026;1.36257e-05;0.00791021;0.0277702;0.420702;0.0203839
4.37113e-05;0.822998;0.000504148;0.000247324;0.000961832;0.00151991;4.62429e-06;0.127272;0.000120977;7.92649e-05;0.000674809;0.0227427;0.00371841;0.0191124
8.52341e-06;0.98876;7.64775e-09;0.000102957;0.00111086;1.8049e-05;7.30233e-06;0.00683609;3.68032e-06;2.19299e-05;1.6107e-05;0.000252546;0.00254944;0.000312414
0.000204697;0.996725;1.53107e-05;5.07629e-07;8.21815e-09;1.03093e-09;4.38985e-06;8.00685e-07;5.58185e-07;2.30759e-07;3.06391e-07;0.00235149;0.000697101;5.66877e-09
8.77848e-06;0.000762789;2.36548e-06;1.71704e-05;8.98905e-07;1.60324e-05;9.33636e-08;6.49492e-06;4.70999e-05;6.70531e-07;4.24525e-06;0.997881;0.00115006;0.000102334
0.000138805;0.986432;0.00850424;2.92537e-05;3.70802e-06;1.24793e-07;0.000358683;1.47556e-07;1.07746e-06;0.000181107;9.00362e-07;0.00222491;2.11473e-07;0.00212535
4.45487e-10;8.28821e-12;0.999905;7.4297e-10;2.91471e-10;1.53004e-11;1.48054e-10;2.53057e-12;1.13925e-09;5.79539e-12;9.15849e-09;9.52187e-05;1.01022e-10;8.60518e-13
0.00011637;0.731331;6.56041e-07;6.52661e-06;5.73746e-05;0.000307716;0.000343539;0.0737876;0.00192307;1.41586e-05;0.00132658;0.000208176;0.190521;5.56734e-05
5.38753e-08;6.64235e-05;9.41481e-08;1.09536e-06;7.07207e-07;4.27769e-06;5.21916e-07;2.86959e-06;7.3306e-07;5.36996e-07;1.54988e-05;0.000172081;0.999735;5.0753e-07
7.17849e-06;0.000175416;1.79936e-06;1.34734e-05;7.11245e-06;3.58808e-07;2.37639e-07;1.0584e-05;1.10304e-05;4.51935e-07;4.67285e-05;0.999133;0.000579294;1.33814e-05
2.92814e-06;0.000189917;6.49637e-10;2.65683e-09;4.95775e-09;1.98638e-09;7.65889e-07;0.99977;1.51522e-07;1.46655e-08;8.1499e-09;1.07256e-09;3.61432e-05;1.2797e-09
9.45574e-08;0.000116146;8.36622e-07;0.000155613;0.000810726;5.54458e-05;5.52063e-08;1.43645e-05;9.65535e-06;2.1429e-06;9.33999e-06;0.989233;7.53307e-07;0.00959161
1.92365e-06;0.997146;2.77004e-10;1.03647e-06;4.41197e-08;2.23692e-08;2.88434e-07;0.00264101;5.5767e-07;2.01848e-08;1.15126e-06;2.02638e-08;0.000207887;9.38315e-08
1.88857e-07;0.000398096;7.94072e-07;1.03857e-07;1.36327e-06;1.06658e-09;1.15463e-09;2.35464e-05;9.79695e-08;2.07252e-08;1.56693e-08;0.999564;1.1938e-06;1.05596e-05
6.80694e-07;0.993225;1.59856e-06;1.14355e-06;0.00131709;1.70692e-05;9.32879e-09;2.88495e-07;4.71094e-10;5.76421e-07;1.08145e-08;0.000330456;0.00507944;2.67382e-05
7.35445e-05;0.00209231;4.53865e-06;1.93714e-06;0.000801959;6.05732e-06;1.17762e-05;0.00232594;8.79598e-07;4.2183e-06;7.65825e-06;0.0484561;0.940978;0.00523521
1.30805e-08;7.9315e-05;1.35004e-05;2.62549e-05;0.000263278;8.23306e-06;2.97315e-10;2.15869e-05;1.60005e-08;1.11606e-08;8.14776e-07;0.999502;1.63041e-06;8.31818e-05
4.15754e-06;0.975365;3.92276e-09;4.97084e-06;3.95216e-06;1.90161e-06;2.78584e-07;0.0236126;7.91738e-09;1.85013e-07;3.59414e-07;0.000267761;0.000721657;1.74777e-05
1.14289e-06;0.00321308;4.89893e-08;4.57661e-08;2.21304e-09;2.63102e-08;3.97108e-06;0.000452292;1.10895e-07;6.38285e-08;5.65592e-06;7.18618e-06;0.996316;3.72575e-09
3.47109e-05;0.0607281;9.18628e-07;0.000567581;0.00644767;0.000948108;1.2282e-06;0.548921;0.000647615;7.56837e-06;0.00172565;0.00748183;0.0732582;0.29923
9.76441e-06;0.925017;0.0636256;0.000354507;1.45607e-05;9.28138e-07;2.87788e-08;0.000137223;1.74688e-08;1.85178e-06;3.91814e-07;0.00907677;0.000629547;0.00113155
0.00056954;0.824156;0.0002159;0.00419627;0.000287032;4.70593e-05;0.000254494;0.0992195;0.000526459;0.00108789;0.0042212;1.31544e-05;0.0651124;9.35617e-05
0.000810912;0.0152026;2.99034e-06;0.000610922;0.000395439;0.000546921;0.00976563;0.00110478;0.126721;0.000431371;0.827034;0.00536717;0.0109418;0.00106397
0.000165343;0.989665;1.43769e-07;1.19138e-05;0.00021744;2.68105e-06;1.53689e-06;0.000880491;0.000880308;9.30445e-07;4.68484e-05;0.0031984;0.0029337;0.00199485
0.000196479;3.78131e-06;6.56911e-10;7.33208e-09;3.76741e-07;4.44481e-09;3.37295e-08;0.999758;1.81498e-05;1.6555e-08;1.75878e-08;9.09941e-08;2.31984e-05;6.79611e-08
9.69268e-08;8.67425e-07;1.8836e-07;8.78702e-07;2.54109e-05;2.06095e-07;1.33183e-10;1.56011e-06;1.67517e-05;5.36542e-09;7.43961e-07;0.999868;1.44246e-07;8.47509e-05
1.63507e-08;0.999976;5.70661e-14;3.4792e-11;3.29013e-11;6.96728e-13;6.19635e-08;1.99211e-06;3.91875e-11;2.07361e-09;2.39844e-11;2.30925e-14;2.10038e-05;1.11061e-06
2.88071e-13;1.42172e-12;1;1.10972e-11;6.09341e-11;1.37448e-12;2.46365e-12;4.63705e-13;1.03016e-12;3.03313e-12;2.75706e-13;3.60592e-07;1.82008e-14;3.53363e-10
7.46793e-07;0.991848;1.77369e-06;0.000337688;4.26353e-05;1.28677e-05;3.56234e-06;8.29326e-05;1.44565e-05;2.29519e-07;9.77319e-05;0.000273896;0.000719145;0.00656424
3.74329e-06;0.896196;2.10744e-09;1.60849e-05;5.87901e-06;7.80202e-06;7.26462e-07;0.103027;5.68757e-07;1.61209e-06;9.1502e-07;5.51832e-05;3.84029e-05;0.000645896
3.95206e-06;0.0101048;9.91858e-07;8.83891e-06;1.50418e-07;1.64181e-06;0.000191044;0.00160556;8.28938e-07;1.03265e-05;8.45559e-05;0.000144924;0.987842;2.5964e-07
5.55261e-05;0.0115545;2.28232e-06;0.0013173;0.0151545;0.00176596;9.65302e-06;0.0592748;0.00124699;9.12939e-06;0.00993731;0.0227208;0.00373553;0.873216
9.13827e-06;0.991657;0.00377671;0.000124951;5.69415e-06;1.84535e-06;3.19431e-08;0.000932296;3.16883e-07;4.82441e-07;7.13886e-07;9.21098e-05;0.00320778;0.000190931
0.000711972;0.74379;0.00034794;0.0138966;0.000664794;0.00039407;1.71016e-05;0.0774831;0.00141199;0.00109668;0.0110228;0.00117216;0.147929;6.19284e-05
0.00815007;0.129373;4.39457e-06;0.00311894;0.00219183;0.00100495;0.0026596;0.00858757;0.0557886;0.00148022;0.773453;0.00384829;0.00758663;0.00275295
4.47663e-05;0.994081;9.74927e-07;5.24505e-06;3.88627e-06;8.75139e-07;3.4696e-07;8.11553e-05;2.17738e-06;6.36805e-07;1.10234e-06;0.000793807;0.00425398;0.000729662
0.00215099;0.893137;2.36383e-07;5.17477e-05;4.48744e-05;5.16922e-06;2.16941e-05;0.100398;9.6983e-05;8.8714e-05;5.22245e-06;0.00363831;0.000107757;0.000253568
0.000397962;0.0175005;2.54648e-08;3.72828e-05;2.7749e-05;4.00096e-05;1.3204e-05;0.0251002;0.000264943;1.85462e-06;0.00337928;0.00450409;0.948691;4.15594e-05
3.36739e-05;0.0181301;1.13011e-06;1.43737e-07;2.54056e-06;1.82266e-06;2.84662e-06;0.000431223;3.65772e-07;2.87701e-06;1.23286e-07;3.12542e-06;0.981388;1.79836e-06
1.34346e-11;1.01395e-11;1;7.94646e-11;3.21374e-11;2.00725e-11;5.536e-12;5.28754e-14;9.58075e-11;2.63909e-12;1.23044e-10;3.24491e-08;1.58203e-12;6.70617e-12
4.02776e-07;0.000263136;0.99826;1.89329e-06;3.48712e-07;4.65517e-06;4.3569e-08;0.00022406;1.44927e-05;1.61473e-08;1.93228e-06;0.00121711;9.46965e-06;2.43142e-06
9.07052e-08;0.00170309;2.75059e-05;6.21633e-05;0.0927203;0.00653778;1.28595e-08;1.3849e-05;1.96504e-06;1.35351e-06;2.30946e-05;6.72162e-05;6.63514e-07;0.898841
1.06602e-07;0.000880898;7.64316e-06;1.8292e-06;0.000939664;3.31327e-05;2.43374e-08;0.000314545;3.45124e-07;7.25577e-08;8.38211e-06;0.997721;3.35365e-06;8.87733e-05
5.6563e-05;0.112488;3.58664e-05;4.79427e-06;9.1549e-06;3.72108e-05;2.74832e-06;0.0258475;0.000756621;2.58648e-08;0.00147412;4.30724e-05;0.859245;1.78945e-07
6.89992e-07;0.00108137;2.96093e-08;5.63929e-08;2.65282e-06;5.64211e-08;1.34306e-11;0.994728;5.54632e-09;3.50258e-09;4.70349e-09;1.18061e-05;0.0041751;1.7917e-07
5.93154e-08;0.00702039;2.01078e-07;1.27403e-07;2.75673e-05;5.13347e-07;3.73034e-09;2.91942e-05;2.41848e-11;6.34616e-06;1.17054e-10;6.558e-08;1.07592e-06;0.992914
2.91656e-12;3.99758e-12;1;2.68559e-12;2.09419e-11;5.55645e-13;1.43591e-12;9.36738e-14;1.81025e-12;3.40243e-13;3.38673e-11;4.49578e-07;1.92452e-14;2.21634e-13
8.26283e-06;0.62036;1.1675e-06;1.52168e-06;0.000958609;1.23485e-05;1.46537e-05;0.000594344;4.01321e-05;4.07839e-07;0.000106837;0.000223338;0.377361;0.000316785
7.92835e-07;0.945322;4.17628e-07;3.75366e-06;0.00056213;0.0004554;4.23256e-07;0.00304733;6.20944e-07;1.28551e-06;4.44556e-06;0.0468849;7.59364e-05;0.00364031
1.1147e-06;0.0131808;6.33327e-09;3.70067e-07;0.000618602;0.000674704;4.27384e-06;0.0030472;8.21063e-09;1.05299e-06;4.89758e-08;0.000301077;0.981791;0.000379653
0.000505384;0.0279773;3.44748e-05;0.000458687;0.00152138;0.000551991;1.55006e-06;0.00533303;0.00146358;2.35118e-06;0.000699922;0.0447311;0.0197512;0.896968
1.93129e-05;0.00735676;1.61117e-08;3.89354e-08;1.17149e-07;2.6883e-08;5.21226e-09;0.992545;2.26947e-06;4.30133e-08;1.27125e-08;2.28721e-07;7.50633e-05;6.68808e-07
7.22434e-10;6.55055e-05;4.37688e-08;6.16429e-08;1.00669e-07;3.9383e-08;6.31719e-12;1.00596e-07;2.42102e-08;1.98463e-10;1.46207e-08;0.999933;5.37228e-08;6.70148e-07
5.15742e-09;0.999825;4.06828e-12;5.6398e-09;2.3499e-09;1.55002e-09;4.37721e-08;4.38019e-05;5.3735e-09;2.71177e-08;9.48931e-09;8.29789e-09;0.000130856;3.9983e-09
1.55182e-06;0.000610813;8.686e-05;1.98511e-08;5.03439e-07;3.51898e-09;1.32587e-06;1.99694e-05;8.0707e-07;1.97255e-06;6.75462e-07;0.99904;0.000235688;9.63456e-09
0.000353004;0.0170616;7.97472e-08;0.000157101;0.0023835;0.00114052;0.000118381;0.67172;0.0289356;1.37563e-05;0.00055528;0.000152311;0.277352;5.70743e-05
0.0117151;0.364209;0.601563;4.24896e-05;0.000147766;6.44806e-08;2.38231e-07;0.0196424;1.33256e-05;6.92531e-06;2.41713e-08;0.00232798;0.000249459;8.26929e-05
1.73994e-07;3.58076e-05;1.19442e-10;1.19772e-09;2.08427e-06;4.94532e-11;2.202e-12;0.99996;1.39509e-07;3.58807e-10;2.13216e-11;1.07342e-06;1.11326e-08;5.28643e-07
4.13372e-06;0.0568497;0.000409197;7.00007e-06;0.00035469;1.104e-06;1.07489e-06;3.31734e-06;7.79316e-08;3.71978e-05;1.21592e-08;5.28824e-06;5.02227e-08;0.942327
0.000930874;0.00243617;3.22099e-09;3.46861e-06;6.77078e-06;4.49571e-08;0.092714;0.00956345;0.871773;1.25326e-06;0.0221886;1.57211e-08;0.00038262;3.76254e-08
0.000150562;0.0493689;0.00508881;0.000707276;6.96587e-06;3.3443e-05;4.07378e-07;6.88532e-06;6.98267e-06;4.78915e-06;1.69649e-05;7.565e-05;0.944463;6.89777e-05
0.000336151;0.904246;0.0448613;1.91652e-06;5.76998e-07;5.06123e-09;1.19001e-06;0.000849855;1.98845e-06;3.96591e-07;3.52204e-08;0.0496738;1.07463e-06;2.56907e-05
1.43577e-06;0.00886109;2.67885e-11;7.59199e-08;0.00101298;5.00802e-06;6.46326e-08;0.990049;2.26736e-07;3.82177e-08;4.20255e-10;7.22299e-09;6.77903e-05;2.41033e-06
2.25512e-06;2.32836e-05;0.993323;6.27466e-07;0.000136302;7.75511e-05;2.2312e-09;1.62366e-05;6.711e-09;5.50194e-08;2.2209e-08;0.00601104;0.000339378;7.04565e-05
5.01907e-05;0.760992;2.09727e-06;1.82723e-05;9.7948e-05;4.40879e-05;2.15312e-07;0.0115114;0.000569262;6.20819e-08;5.05622e-05;0.000182071;8.38051e-05;0.226398
1.73033e-07;0.00515689;5.9786e-10;2.68804e-08;7.27593e-05;6.93078e-05;1.80848e-09;0.994467;2.00716e-06;1.00048e-08;1.00607e-07;3.80513e-06;0.000222841;5.06508e-06
7.21366e-06;0.998281;1.84379e-09;2.44063e-07;2.5317e-07;3.71196e-08;0.000302595;0.000673804;1.19736e-06;0.00029469;8.6111e-08;1.49534e-05;5.09734e-08;0.000423953
9.05446e-10;1.61986e-11;0.999995;7.04064e-10;3.61902e-11;3.79789e-10;1.49664e-09;2.08921e-12;3.89049e-09;8.75494e-11;4.01089e-09;4.95307e-06;2.35944e-10;1.09922e-11
1.91492e-07;0.00138596;8.46423e-13;2.05909e-09;2.34154e-12;7.01853e-11;2.39687e-08;4.55996e-09;4.08338e-08;6.71544e-11;1.56985e-07;2.38095e-08;0.998614;2.58696e-13
5.50089e-07;7.43496e-05;0.997315;1.28671e-05;1.37104e-05;9.96437e-09;7.27221e-09;5.84265e-05;5.74766e-08;4.51891e-07;7.54674e-08;0.00238526;1.55153e-08;0.00013936
5.79583e-05;0.0971587;9.11826e-08;0.00013792;0.00623614;4.86991e-05;0.00103527;0.887157;0.000184447;0.000252277;0.000471668;2.34517e-05;0.00698875;0.000248068
0.000114017;0.157631;0.0925974;0.000185838;0.0011789;0.000539411;6.84695e-06;0.000365574;3.57628e-06;0.000152487;0.000125569;0.703929;0.042917;0.000252935
0.000696365;0.254052;2.60229e-07;0.00126192;0.0057558;0.000164336;0.000432645;0.289265;0.194214;9.79425e-05;0.124117;0.00224931;0.0527583;0.0749345
4.64355e-06;0.99684;0.000414399;4.057e-05;0.000105963;3.08042e-07;6.37843e-09;3.253e-05;2.42714e-07;4.59945e-08;2.33757e-07;0.00236757;2.14585e-05;0.000171423
0.000104071;0.986457;3.96422e-09;3.19716e-06;4.77337e-05;1.26432e-05;7.82109e-08;0.00832525;1.3741e-07;5.37826e-07;3.5286e-08;7.71258e-05;0.000156967;0.00481555
6.05537e-05;0.437491;6.03083e-05;1.22033e-06;5.10897e-06;1.09834e-05;6.47904e-07;0.0129059;1.99382e-07;1.27606e-07;2.67587e-06;0.0997499;0.449701;1.06217e-05
2.01195e-06;0.152036;3.96199e-08;3.04331e-06;0.000279799;0.000790428;1.78328e-05;0.0366473;1.45853e-06;1.13443e-05;9.94889e-07;1.36442e-09;0.00110855;0.809101
6.03687e-12;2.53394e-11;1;2.32349e-10;1.49521e-11;2.89827e-11;7.76468e-12;3.19459e-13;5.499e-11;4.93725e-12;3.0208e-10;1.37842e-09;1.00333e-10;4.0289e-12
9.63749e-08;0.000686318;0.995934;1.10096e-06;6.65414e-07;2.99419e-06;2.40148e-09;0.00021796;1.25681e-07;9.49723e-09;1.79481e-07;0.00315321;2.66234e-06;9.5421e-07
1.26626e-07;0.00216588;1.68871e-05;3.802e-05;0.131614;0.0111481;1.56893e-08;1.96371e-05;5.92867e-07;1.72149e-06;1.56268e-05;0.000759257;8.59116e-06;0.854211
4.50807e-08;0.000698603;4.72681e-06;2.63723e-06;0.000735455;1.64907e-05;2.58363e-08;6.40895e-05;3.54468e-07;6.16349e-08;9.36021e-06;0.998436;5.83786e-06;2.66091e-05
0.000227717;0.359611;0.000212926;2.39724e-05;1.34485e-05;6.61422e-06;3.87707e-05;0.0241831;0.0011426;1.82965e-07;0.00469386;7.16282e-05;0.609774;1.5394e-07
8.16146e-07;8.27078e-05;1.22698e-08;5.5365e-08;6.64398e-07;2.55186e-09;5.1849e-11;0.998518;2.16526e-08;2.11166e-09;1.45378e-08;9.56341e-06;0.00138827;2.17176e-08
5.66884e-08;0.0050271;2.80683e-07;1.23004e-07;2.07045e-06;5.76949e-08;2.78922e-08;4.11376e-06;4.96636e-11;1.04529e-05;2.31221e-10;2.95458e-08;6.55564e-08;0.994956
1.16548e-12;2.48215e-12;1;2.61631e-12;2.36502e-12;1.58371e-13;2.28845e-12;6.5906e-14;3.8894e-12;2.32292e-13;5.11799e-11;1.10432e-07;7.57975e-15;1.91337e-13
5.76101e-06;0.965043;3.15543e-05;4.98261e-07;0.000130315;1.07308e-05;2.44418e-06;0.000237234;3.07428e-05;3.24402e-07;0.000145293;2.49145e-05;0.0337362;0.000601333
9.74251e-07;0.66247;3.92114e-08;6.2829e-07;0.000697398;4.91588e-05;5.93644e-07;0.0339336;3.13262e-07;4.21506e-06;6.83192e-07;0.000351809;1.56254e-06;0.30249
7.75017e-08;0.00281715;9.9954e-10;1.10076e-07;0.000148652;1.40607e-05;1.73669e-08;0.000175803;1.06665e-08;1.10486e-08;3.37956e-08;0.996573;0.000256911;1.41914e-05
5.11668e-07;3.88064e-05;1.83769e-10;1.17881e-09;6.94387e-09;2.12357e-09;3.59628e-09;5.71662e-07;1.88035e-07;5.74545e-11;1.0317e-07;1.46909e-06;0.999958;3.05279e-10
0.00015607;0.000201197;6.15146e-05;6.08803e-06;8.2216e-06;1.98227e-06;3.37664e-08;0.000284278;0.000335198;2.69328e-07;1.38408e-05;0.989848;0.00861955;0.000464029
1.15762e-06;2.70242e-06;7.96711e-09;2.62101e-09;4.17637e-08;1.44219e-08;3.89528e-08;0.999989;4.14465e-07;8.59967e-09;1.01536e-08;4.39382e-09;6.22359e-06;8.74612e-09
2.07006e-07;0.000152111;1.36333e-05;0.000272101;0.0101318;0.000479526;8.59943e-08;9.71912e-06;4.05213e-05;1.72265e-06;2.17145e-05;0.959542;1.21987e-06;0.0293339
1.39102e-06;0.992798;1.91167e-10;3.36799e-07;1.23864e-08;1.83304e-08;1.31344e-07;0.00687679;7.61369e-07;6.09026e-09;4.63258e-07;1.09892e-08;0.000321892;1.11414e-07
9.30002e-08;0.000102722;2.01857e-06;1.21649e-07;2.83455e-06;6.32565e-10;4.68352e-10;7.64061e-06;1.27518e-07;1.32118e-08;9.11016e-09;0.999864;4.47209e-07;1.97155e-05
8.96181e-07;0.998226;8.07193e-06;1.60643e-06;0.000540476;2.30517e-06;1.749e-08;1.07627e-07;3.92233e-10;7.42229e-07;2.25877e-08;0.000220032;0.000988662;1.07106e-05
0.000634769;0.0704883;4.64227e-05;6.13773e-06;0.00081584;5.7113e-06;0.000207236;0.0149884;4.02049e-06;2.89717e-05;2.24341e-05;0.639313;0.246294;0.027144
5.59427e-08;0.00025127;2.40827e-05;0.000125872;9.97375e-05;5.0243e-05;7.53825e-09;5.94912e-05;1.27467e-07;1.15998e-07;2.46824e-06;0.999201;1.21771e-05;0.000173344
1.09381e-05;0.986018;6.42324e-08;3.15117e-06;5.45094e-07;3.29239e-06;1.10345e-06;0.0122793;9.13754e-09;4.54174e-07;2.8901e-07;0.000154083;0.00152488;3.91546e-06
6.40926e-07;0.00206473;1.60956e-09;2.77295e-07;2.26672e-08;9.6582e-07;9.3708e-07;0.000662103;6.58089e-07;3.94365e-07;3.29811e-05;2.85339e-06;0.997233;5.41835e-08
3.04211e-06;6.26078e-05;7.46344e-06;1.46464e-06;1.73785e-05;1.05316e-07;1.52969e-09;0.000100645;1.72543e-06;6.8775e-08;4.9462e-06;0.999555;0.000245577;1.04376e-08
2.93721e-06;0.999801;6.4391e-05;5.52487e-06;7.16413e-07;2.7208e-08;4.07264e-08;2.73598e-05;2.44029e-08;4.78926e-08;1.78318e-07;1.35095e-05;8.34166e-05;5.91252e-07
3.69376e-06;0.78257;0.000557656;3.19359e-05;3.79675e-07;8.38948e-08;8.34052e-07;0.215603;8.93945e-07;9.62883e-06;8.081e-07;1.88458e-05;0.00120077;1.77761e-06
0.000154385;0.271049;5.2398e-07;0.00536275;0.00188366;0.0114376;0.0404972;0.000744593;0.0479271;0.00720489;0.366654;0.00146998;0.232961;0.0126532
0.000190087;0.587015;1.07425e-06;6.0402e-05;0.000416443;2.85841e-05;5.30276e-06;0.00145851;0.000956028;4.48536e-06;0.000331732;0.387095;0.0176861;0.0047512
3.55809e-05;3.9083e-06;5.44337e-10;1.00375e-08;2.81868e-06;1.18727e-08;8.08722e-08;0.999945;8.6561e-06;2.00497e-08;1.68214e-08;8.08831e-09;3.67837e-06;7.20626e-08
1.11249e-06;6.68794e-06;6.0784e-08;1.02807e-05;0.000133421;9.27991e-07;1.75101e-09;8.40458e-05;7.35531e-05;3.25295e-08;5.00804e-06;0.999493;3.63692e-06;0.00018869
2.43098e-08;0.999996;4.63227e-13;9.97297e-11;2.57195e-11;5.40781e-13;7.26375e-09;6.97472e-07;7.27596e-12;2.93984e-09;1.22768e-11;2.8746e-13;3.4647e-06;3.37216e-07
1.69409e-12;3.52618e-11;1;4.18627e-11;9.96427e-12;1.45436e-12;1.09708e-11;2.25135e-13;1.40182e-12;3.25153e-11;5.76563e-13;3.77764e-07;1.39184e-14;6.89313e-10
4.14149e-07;0.998698;4.97495e-07;0.000184332;5.0933e-07;1.54076e-06;8.87486e-06;2.80754e-05;1.0165e-05;2.20501e-07;7.15702e-05;0.000131961;0.000712282;0.000151901
2.92203e-06;0.932664;1.30163e-08;2.05004e-05;9.48663e-07;1.15879e-05;2.20135e-06;0.0670648;3.04351e-07;7.96898e-06;3.70387e-07;3.79502e-06;6.49604e-05;0.000156164
2.96094e-06;0.000890222;1.49389e-08;3.10476e-05;3.96655e-07;1.28837e-05;6.07152e-05;0.000236923;1.11317e-05;1.32741e-05;0.00245379;7.51725e-05;0.996211;7.23623e-07
4.54063e-05;3.99524e-05;3.54015e-05;2.35266e-05;4.9109e-05;7.88147e-07;9.75435e-07;0.00136261;0.000115246;7.75704e-07;0.000441829;0.996423;0.00146076;2.68037e-07
2.04698e-06;0.999673;9.30135e-05;7.58739e-06;2.78249e-07;7.08841e-08;4.23771e-08;5.49512e-06;2.4523e-07;7.42135e-08;6.10306e-07;3.51198e-06;0.000209466;4.45799e-06
3.35925e-06;0.867912;4.58151e-06;4.11552e-05;1.04251e-06;3.83607e-07;3.24242e-08;0.120901;2.89577e-06;3.06674e-06;1.02596e-05;0.00344963;0.00767013;6.16986e-07
0.000345594;0.0268326;1.0228e-07;0.00383076;0.0484886;0.00901178;0.00608597;0.0137809;0.0279279;0.00916156;0.761284;0.000912752;0.0901824;0.00215541
0.000635867;0.540965;2.74605e-05;0.000229196;0.00121106;2.85937e-05;3.75743e-06;0.000790878;0.000258699;1.11722e-05;0.000591964;0.427235;0.00830233;0.0197088
0.00293233;0.16552;3.43776e-09;8.13089e-05;0.00675906;0.000422779;2.27405e-06;0.819526;0.000114271;1.01842e-05;8.45858e-06;0.000286819;6.04405e-05;0.00427594
0.000873395;0.0666592;4.12714e-05;2.22108e-06;1.19772e-05;7.74192e-07;4.33402e-07;0.754511;1.70456e-06;6.64895e-08;6.86176e-06;0.00548623;0.172397;8.01034e-06
7.36253e-06;0.263838;3.39695e-08;4.4519e-06;6.71345e-05;4.83613e-05;3.19329e-05;0.0061995;7.40386e-06;1.89219e-05;2.23158e-06;6.96024e-10;0.000332969;0.729442
8.4743e-12;6.29274e-12;1;1.03397e-10;8.19239e-13;1.34884e-12;7.37122e-12;2.60474e-13;1.26423e-10;3.42041e-12;5.66166e-10;1.40378e-09;5.42772e-12;3.61555e-13
2.69139e-06;0.0383467;0.940768;2.08827e-05;7.18842e-08;5.26785e-07;2.51663e-06;0.0152406;3.42585e-05;1.31327e-06;1.05872e-05;0.00554448;4.69457e-06;2.30223e-05
3.1576e-05;0.042905;0.00146317;0.00133485;0.0550001;0.0860096;7.80364e-06;3.60736e-05;4.40185e-05;7.38207e-05;0.00213372;0.00579226;0.355765;0.449403
6.25491e-05;0.620231;0.000124427;1.56695e-05;0.00269216;0.000188184;8.91352e-07;0.208926;1.79197e-06;4.3528e-06;1.94476e-06;0.00181213;0.000152703;0.165786
2.47986e-05;0.331926;0.000142898;0.00079609;0.00309752;0.00546713;1.60286e-06;0.141045;0.000182022;2.27806e-06;4.00449e-05;0.000685446;0.169711;0.346877
1.35616e-06;0.00413558;3.02957e-09;2.96228e-07;7.96131e-06;4.86149e-08;1.52252e-10;0.991387;3.1444e-08;1.41493e-08;8.70027e-09;3.55674e-06;0.00446283;1.20442e-06
1.00407e-07;0.0149061;3.3992e-08;1.69685e-07;2.1224e-05;2.79965e-07;8.10114e-08;3.73332e-06;2.22133e-10;1.48477e-05;1.60462e-10;9.0491e-09;6.73576e-08;0.985053
6.57405e-12;9.16484e-12;1;8.49488e-12;1.03073e-11;1.00856e-12;4.74514e-12;1.93985e-13;1.70678e-11;1.25228e-12;9.16256e-12;1.05301e-07;2.30559e-14;1.56745e-12
8.04442e-05;0.864501;0.000101272;8.77096e-06;0.000896132;0.000121301;1.49073e-05;0.00135165;0.00075866;1.7969e-06;0.000808208;0.000327401;0.129143;0.00188513
2.23662e-06;0.836634;2.57722e-08;5.10444e-07;0.000293018;2.45479e-05;3.8373e-07;0.11362;9.24856e-07;2.30155e-06;7.7072e-07;2.34575e-05;2.95748e-06;0.0493941
1.68461e-07;0.00113753;2.03693e-08;3.56978e-07;0.00139365;0.000102179;7.13662e-09;0.000312695;3.65311e-08;1.96499e-08;8.70585e-08;0.996481;0.000504677;6.76847e-05
3.25855e-07;5.98364e-05;6.229e-10;9.38567e-10;8.75285e-09;6.19333e-09;9.0892e-09;9.35221e-07;3.86653e-08;2.33333e-10;3.70766e-08;3.57775e-06;0.999935;1.01066e-09
3.49781e-05;0.000324727;3.45203e-05;1.25357e-05;2.68983e-06;1.91828e-06;8.85667e-08;0.000237582;0.000182052;6.29319e-07;2.21605e-05;0.994218;0.00489415;3.34982e-05
1.26761e-06;0.000126281;1.10935e-07;1.12591e-07;1.63814e-05;2.75016e-06;1.28294e-09;0.999828;1.22518e-07;1.00835e-07;2.19194e-08;3.15901e-06;1.49198e-05;7.00744e-06
2.10491e-08;0.000454672;7.04787e-06;6.1456e-07;3.30976e-06;1.46242e-06;5.36924e-10;1.68186e-06;2.40983e-07;3.06154e-09;1.04937e-06;0.99952;7.15414e-06;2.98999e-06
2.08877e-09;0.999971;1.68815e-12;6.7333e-10;1.22043e-09;1.20916e-09;4.18766e-08;2.00436e-05;2.44373e-09;1.02271e-08;1.14741e-09;1.49794e-09;8.84053e-06;3.89918e-09
6.38648e-07;0.000576825;9.08341e-06;7.67466e-09;1.09914e-06;7.09874e-09;2.2782e-07;1.10558e-05;3.80171e-07;1.57203e-07;1.03285e-07;0.999299;0.000101559;8.08171e-09
0.000662419;0.0183977;5.4558e-09;4.12242e-05;0.00199991;0.00117439;9.82142e-05;0.462487;0.0477365;3.80238e-06;0.000112075;1.38679e-05;0.467244;2.9262e-05
0.00336924;0.790221;0.203266;1.53852e-05;7.43503e-05;1.01959e-07;9.54142e-09;0.000602395;1.65784e-06;9.64306e-07;3.08314e-09;0.00209684;8.06765e-05;0.000271289
5.02261e-06;0.00335836;1.06181e-07;3.44431e-08;2.45082e-05;2.26738e-09;1.73466e-10;0.996484;4.67625e-06;3.26932e-08;2.9746e-09;0.000113735;4.56474e-06;5.20343e-06
8.66646e-07;0.258246;2.8609e-05;1.82708e-06;1.86615e-05;1.47786e-07;7.61783e-07;1.06957e-08;1.9758e-07;8.46948e-05;2.29311e-08;8.25507e-06;1.50426e-09;0.74161
0.00199205;0.012571;4.84441e-07;3.5964e-06;6.18801e-07;5.26497e-07;0.496265;0.00165757;0.455085;3.92138e-06;0.0321433;0.000191003;8.50343e-05;3.60716e-07
1.64482e-05;0.0109826;2.18697e-10;2.88951e-07;1.46748e-07;1.68751e-06;3.08819e-07;0.000479549;0.000105908;8.21792e-08;7.68246e-06;0.000730763;0.987674;5.85222e-07
9.03417e-06;0.143378;0.845201;1.17612e-06;1.17998e-06;4.02521e-07;1.34878e-07;0.00044729;2.01375e-07;9.13174e-07;6.86794e-09;0.0107981;0.000138932;2.36231e-05
7.64449e-07;0.0061853;3.89981e-09;4.32305e-05;0.00160217;0.528191;1.24113e-07;0.000311707;2.17137e-06;1.58881e-06;6.166e-07;3.88905e-07;0.456998;0.00666378
9.24202e-07;5.00379e-06;0.999434;1.04522e-06;7.11216e-06;1.89979e-06;2.73036e-10;5.41323e-08;1.31583e-09;4.77687e-08;1.15903e-09;0.000530444;3.65368e-06;1.60019e-05
9.11867e-05;0.874043;4.09674e-07;0.000235028;9.30975e-05;0.000379227;1.04997e-06;0.0305325;0.00117067;9.39733e-07;0.000680064;4.14501e-05;0.00583567;0.0868957
2.96099e-07;0.00112007;6.02946e-09;1.88179e-07;0.000103186;0.000310176;1.76559e-09;0.998361;5.42377e-06;7.67383e-08;6.39244e-07;1.05798e-05;3.84297e-05;5.00961e-05
8.73518e-06;0.998898;7.65048e-09;3.72891e-07;1.93114e-07;3.72692e-08;0.000126729;0.00079854;1.94484e-06;0.00013811;4.49993e-07;2.87602e-06;4.49819e-08;2.3659e-05
1.48272e-09;6.09428e-10;0.999999;1.08568e-09;4.96624e-11;5.15131e-10;2.91589e-09;3.3268e-12;3.64121e-09;2.25475e-10;9.12955e-09;1.4135e-06;8.9423e-10;5.13705e-12
2.83239e-08;0.000370453;1.1146e-13;2.69089e-10;1.51009e-13;1.82012e-11;6.9283e-09;9.08762e-10;1.49385e-08;8.35672e-12;6.53255e-08;1.15165e-09;0.999629;2.04493e-14
2.52301e-08;5.17498e-06;0.999279;1.13239e-06;2.21764e-06;1.48214e-09;2.31714e-10;3.48856e-06;5.0304e-09;8.78772e-09;1.38232e-08;0.000675135;1.44412e-09;3.3431e-05
1.91738e-05;0.206711;7.30543e-08;1.51153e-05;0.000851559;3.40925e-05;0.000141732;0.787782;7.92178e-06;2.13697e-05;6.5417e-05;9.03296e-06;0.00400962;0.000332398
6.73803e-06;0.0143289;0.0107492;8.32781e-06;2.9541e-05;6.37805e-05;6.11883e-07;8.86103e-05;1.4065e-07;3.74145e-06;1.14626e-05;0.95117;0.0235312;7.67018e-06
0.000112863;0.0263013;6.42366e-08;0.000837622;0.00312034;0.000199039;5.79818e-05;0.181037;0.466176;1.19372e-05;0.272122;0.00165773;0.00181499;0.0465505
1.69821e-06;0.999752;5.78966e-05;5.12887e-06;1.771e-05;8.30557e-08;1.4448e-09;8.40166e-05;3.87295e-08;1.06803e-08;2.26632e-08;2.58569e-05;4.14987e-05;1.3774e-05
0.000137332;0.00033124;1.06741e-10;3.60023e-08;1.91842e-06;2.0025e-07;9.73116e-08;0.999341;4.24369e-06;2.9137e-08;1.12534e-07;1.60105e-07;0.000183737;2.44447e-07
1.30368e-07;4.78949e-05;1.2443e-06;3.69348e-06;1.86735e-05;1.17186e-05;3.18703e-10;2.54915e-05;7.89084e-06;2.49366e-08;1.06395e-06;0.997109;3.01417e-06;0.00277044
9.28394e-08;0.999964;6.14826e-13;3.2859e-10;1.90115e-10;2.51361e-11;2.686e-07;2.51461e-05;2.98939e-10;1.51003e-08;1.36777e-09;2.9451e-12;7.53045e-06;2.41001e-06
5.77419e-13;4.39628e-12;0.999999;5.84916e-12;8.09287e-12;9.88513e-12;7.89434e-13;2.4277e-13;1.21584e-13;1.34716e-12;2.23175e-13;1.17136e-06;3.30221e-13;1.77804e-11
7.41459e-07;0.966861;2.9114e-06;2.1521e-05;1.4088e-05;5.09091e-06;2.16203e-06;0.00281668;2.18003e-06;5.89793e-08;1.83079e-05;0.00174194;0.0284738;3.98838e-05
1.83971e-05;0.59784;3.9408e-07;0.00178926;0.00247313;0.000896704;1.59427e-05;0.274573;0.000487838;7.49632e-06;0.00188195;0.0214212;0.0971508;0.00144306
1.09166e-05;0.00110205;4.30782e-06;0.00161465;0.00221886;0.00744794;0.000116015;0.00234417;5.21616e-05;3.38426e-05;0.000455782;0.00146216;0.982932;0.000205098
0.00411497;0.118092;1.47846e-05;0.00179009;0.00023774;0.000555106;0.0132035;0.118204;0.0198125;0.000119372;0.331305;0.00295709;0.389558;3.65325e-05
0.000217824;0.00840604;0.068219;0.000553573;0.000680484;0.0057864;3.29587e-06;3.7957e-05;2.92777e-07;5.45184e-05;0.000122184;0.00302248;0.91212;0.000775501
0.000166235;0.000927327;0.997195;1.68888e-06;4.2875e-05;3.23182e-08;7.64771e-07;0.000687128;4.39054e-07;1.07863e-06;1.3611e-06;0.000972906;1.6612e-06;1.20949e-06
0.000329786;0.20212;1.85348e-06;0.000346093;0.000355269;7.65595e-05;0.00142349;0.667668;0.042237;0.000280891;0.0147174;0.000544428;0.0698931;6.39192e-06
0.000765896;0.236314;4.6236e-06;0.000332847;0.000307258;0.00142858;2.76686e-05;0.0506811;0.00433693;0.000150504;0.00119545;0.0120866;0.690663;0.0017055
0.000156471;0.991539;1.19308e-08;2.71442e-06;9.98163e-08;3.48925e-08;7.16896e-05;0.000162659;7.87113e-06;5.20105e-07;4.71348e-06;5.20847e-08;0.00711226;0.000941553
0.000133381;0.879636;4.16342e-08;0.000440199;0.000155652;0.000132252;2.19392e-05;0.04627;3.4575e-06;0.000562666;2.01711e-07;3.91741e-06;0.000131635;0.0725083
2.03461e-11;2.97962e-13;1;4.75327e-12;8.49118e-14;4.13429e-14;3.27317e-13;8.89329e-14;3.77814e-12;8.26178e-13;4.19995e-12;5.61664e-10;9.18127e-13;7.05601e-13
4.05117e-07;0.960116;3.23095e-07;3.27467e-08;9.00547e-11;2.74237e-10;1.11852e-06;2.92511e-06;1.5494e-07;2.95805e-07;5.39677e-09;3.27476e-05;8.38564e-07;0.0398452
8.03563e-05;0.778927;2.04847e-06;2.73094e-06;1.43445e-05;0.000164535;0.0458243;0.00218947;0.00693482;4.89864e-05;0.0121414;0.000214005;0.153282;0.000174698
3.43638e-06;0.714385;8.95638e-09;6.94393e-08;4.57678e-07;3.06005e-06;8.3732e-06;2.96758e-05;9.03885e-06;9.15371e-07;8.02654e-07;0.0129884;0.272554;1.70764e-05
0.000114089;0.0648602;0.380985;0.000103806;0.00832541;0.0016967;1.02947e-05;0.101321;0.000213219;0.000288345;3.92122e-07;0.440697;0.000399661;0.000985155
4.42095e-08;6.31816e-09;0.999997;8.94919e-08;1.17795e-07;4.98304e-08;6.35142e-11;1.55795e-07;1.29777e-07;9.63669e-10;4.04351e-09;2.31904e-06;1.05905e-09;2.71271e-08
8.09919e-05;0.0419872;0.00112744;1.32913e-06;1.43898e-05;1.47304e-06;2.42372e-09;0.701218;3.4481e-05;3.28571e-07;5.26751e-07;0.241012;0.0144199;0.000101806
4.45742e-06;0.524414;0.000141739;3.99493e-05;0.000973252;4.48652e-05;1.78139e-07;0.106905;2.90207e-05;8.32429e-06;1.55304e-05;0.171641;0.189266;0.00651709
3.91171e-10;0.999995;1.40734e-13;1.74144e-10;1.10847e-11;3.88588e-12;2.95936e-08;1.04714e-11;2.49297e-12;8.83756e-08;3.38795e-11;4.05517e-08;4.17829e-07;4.82207e-06
9.78872e-05;0.0198055;3.36077e-06;0.000134841;6.74746e-05;3.46468e-05;0.844825;0.00243875;0.0467827;4.95998e-05;0.0763461;0.00076733;0.00864335;3.46623e-06
1.46088e-05;0.998627;7.67583e-05;3.55331e-06;1.90238e-06;1.83271e-07;3.42914e-08;0.000580136;1.98961e-07;1.35259e-08;1.89116e-08;8.22055e-07;0.000693961;1.287e-06
9.69309e-05;0.858653;1.0792e-06;9.21848e-06;3.78222e-06;2.39881e-05;7.19307e-08;0.0998738;1.35919e-05;3.23531e-06;4.88379e-07;0.032341;0.00741868;0.00156169
3.21515e-05;0.00207646;7.43439e-09;1.83492e-05;1.2787e-06;3.91728e-05;3.65159e-06;0.0251927;9.98938e-05;1.31761e-06;0.000417365;0.000996421;0.971101;2.01015e-05
4.74914e-05;0.981438;7.84341e-08;4.78775e-07;1.4465e-08;7.30032e-08;6.06007e-06;1.44935e-05;6.06815e-06;3.21013e-08;1.53264e-05;0.00200518;0.0164649;1.41704e-06
4.95698e-06;0.00885198;3.61921e-06;0.000150375;0.000432758;0.000870415;9.92789e-07;0.13456;0.00014066;6.56231e-06;0.000123194;0.85271;0.00184633;0.000298169
3.15362e-05;0.99397;6.96996e-07;0.000110051;5.48991e-08;2.13129e-06;5.46139e-05;1.94346e-06;1.54244e-05;9.32539e-07;0.00330569;0.000692517;0.00181116;2.84869e-06
5.79355e-05;0.926426;0.000154267;0.000177134;4.16672e-06;1.67015e-05;8.02128e-08;0.00238397;5.70646e-07;2.51256e-07;6.60417e-05;0.0663825;0.00400268;0.000327558
3.71258e-06;0.998553;4.03308e-09;1.12258e-07;3.7597e-09;5.57581e-09;6.13308e-08;1.75562e-07;2.31093e-08;1.09946e-08;2.45165e-06;5.04263e-05;0.00138737;2.62009e-06
3.11127e-09;0.00019086;1.9244e-07;3.05559e-08;2.41163e-07;4.79391e-08;2.25674e-11;2.80422e-06;4.18179e-09;1.54417e-09;1.02289e-08;0.999758;1.79568e-06;4.5706e-05
1.47224e-05;0.917284;5.57627e-09;6.20687e-05;3.27909e-05;1.37369e-05;7.53808e-05;0.0102314;2.14241e-05;7.94733e-06;0.000983177;0.0588909;0.0114342;0.000948453
7.81188e-05;0.897085;3.09617e-05;7.955e-05;4.25819e-07;1.68567e-06;1.85874e-05;0.00142438;9.01072e-07;3.50525e-06;0.000429902;0.0275208;0.0732752;5.11663e-05
5.54463e-05;0.100231;1.5745e-07;2.13441e-05;1.69083e-05;2.55465e-06;2.79576e-07;0.860085;4.29647e-06;6.55523e-07;2.59554e-05;0.0378562;0.00169458;5.28303e-06
0.000114868;0.087803;8.84729e-06;3.27755e-05;4.73955e-05;7.92169e-06;5.71742e-05;0.0253462;2.02821e-05;2.14037e-05;0.000124742;0.000542994;0.885602;0.000270381
0.000199904;0.000680725;1.1559e-06;0.00251229;0.217119;0.0985367;1.06286e-06;0.00302623;0.00089591;2.01362e-05;0.00042851;0.000658758;0.0332534;0.642666
0.000196531;0.999362;0.000381948;6.35948e-07;2.02753e-07;3.55487e-10;1.90618e-06;2.0116e-05;7.00995e-08;1.80232e-05;1.11039e-08;1.84002e-05;7.33038e-08;3.57832e-08
1.84003e-09;3.98918e-12;0.999992;6.80297e-11;3.61883e-11;7.70859e-13;2.03078e-10;3.32921e-12;2.13087e-07;6.13868e-12;7.12588e-08;7.86791e-06;3.43503e-12;2.29718e-14
0.000151533;0.27011;2.08771e-06;9.76451e-07;2.28471e-07;1.0884e-07;3.03002e-05;0.721757;0.00507729;1.45841e-05;5.6339e-05;2.16804e-05;0.00276704;1.05971e-05
0.000415632;0.208023;1.42436e-05;0.00877926;0.00126267;0.00126197;0.00115118;0.014248;0.649696;0.00404773;0.0466361;0.0138023;0.0360658;0.0145964
0.00024906;0.0547278;1.46169e-07;8.76756e-07;3.45448e-05;4.94672e-07;4.04413e-07;0.943601;2.13193e-05;1.27397e-06;7.27074e-08;1.72199e-05;7.4828e-06;0.00133782
7.30367e-07;0.0300521;1.86192e-05;4.42836e-07;2.7679e-05;1.554e-05;2.40562e-08;0.000119672;2.08665e-07;7.93418e-08;1.13382e-07;0.961841;0.000284909;0.00763842
6.8349e-09;0.00022541;2.93877e-10;4.52578e-09;6.42619e-09;6.43406e-09;3.48152e-10;1.59966e-05;4.09091e-09;1.81601e-10;1.04203e-08;3.10977e-07;0.999758;5.65722e-08
0.000253597;0.786106;4.75827e-05;3.36461e-06;4.25481e-05;4.19782e-05;0.00172312;0.000883977;1.16435e-05;0.00388453;1.1658e-07;1.21804e-05;0.0258772;0.181113
8.01144e-10;2.72085e-08;1;9.68502e-10;1.67565e-10;8.17834e-09;1.50436e-07;1.70654e-08;6.43066e-09;3.35997e-08;6.54534e-10;5.93327e-12;8.34984e-09;1.0232e-10
6.5304e-14;5.54972e-13;1;1.60489e-12;1.98417e-14;3.00177e-13;1.45243e-12;7.38604e-14;1.54256e-11;5.65105e-13;6.90674e-13;5.74722e-10;2.9087e-14;9.46235e-14
5.89382e-09;5.36079e-07;0.997651;3.41438e-07;1.26432e-07;5.80259e-07;1.85936e-09;2.17439e-06;1.73337e-07;4.30822e-09;6.60467e-08;0.002322;1.9564e-07;2.30751e-05
8.8439e-06;0.00350392;0.164083;0.000102997;0.445527;0.231178;8.05842e-07;0.00638619;2.36984e-06;1.35994e-05;9.01721e-05;0.00535337;0.0777712;0.0659781
4.80128e-06;0.0747351;0.0159138;8.84536e-06;0.000383966;0.0283174;9.71979e-07;0.0343286;1.35413e-06;9.39344e-07;7.85985e-05;0.292663;0.537802;0.0157608
4.0342e-07;0.636549;2.17922e-05;7.31969e-05;0.00114505;0.0122044;4.34345e-07;0.237224;6.86514e-06;1.0948e-06;4.51925e-05;0.000374778;0.109848;0.00250543
2.10656e-06;0.988115;1.14675e-07;1.98587e-06;1.84518e-06;2.47313e-06;1.85836e-09;0.000212028;1.1903e-08;3.69033e-08;1.78035e-07;0.000196759;0.0114068;6.03736e-05
1.50832e-06;2.31761e-05;2.0702e-10;3.56654e-09;2.55546e-08;4.49374e-09;3.42176e-10;0.999945;3.20065e-09;1.5808e-09;1.0818e-09;2.97219e-08;3.05512e-05;1.01968e-08
9.81003e-09;2.13891e-06;3.41879e-09;7.1858e-06;7.86489e-05;7.81306e-07;1.58421e-10;3.17814e-06;5.9732e-07;1.54765e-08;3.72498e-07;0.99981;3.29866e-08;9.70974e-05
4.59912e-08;0.999981;5.3873e-14;2.84713e-10;9.69381e-12;9.73701e-13;6.2023e-07;3.37178e-07;3.16631e-11;4.52763e-09;5.61423e-10;1.24421e-11;1.29867e-05;5.16553e-06
1.04228e-13;9.08169e-12;1;8.22258e-13;7.17153e-11;1.44132e-12;1.84484e-12;8.76966e-13;2.3112e-14;9.38934e-13;3.23511e-14;6.33344e-08;6.24321e-14;1.5101e-11
3.60564e-09;0.000756975;2.37415e-09;7.13665e-08;6.9797e-08;0.000134045;1.43935e-07;9.08996e-06;8.9001e-09;1.00805e-08;1.79162e-08;1.79007e-09;0.999097;2.20678e-06
1.91415e-10;1.00653e-07;0.999999;2.76944e-09;5.17769e-11;2.30371e-10;7.23297e-08;1.09935e-11;1.42561e-11;1.37783e-07;8.63958e-11;4.51669e-07;2.55214e-10;8.41386e-10
4.51781e-09;2.6915e-09;0.999995;5.86265e-08;2.32255e-09;4.97977e-08;1.4763e-06;1.56567e-10;2.83646e-07;4.43052e-08;1.64119e-06;8.28614e-07;9.89234e-11;5.17081e-08
1.62454e-06;0.999365;6.40767e-10;3.5849e-08;3.93818e-10;1.05942e-08;1.80654e-06;7.80925e-06;7.31876e-07;1.09424e-08;4.77875e-06;2.97453e-05;0.000588289;2.09556e-11
4.83256e-07;0.000606651;1.78835e-09;1.56493e-06;1.22388e-06;1.19554e-06;8.93911e-08;0.000311891;2.00358e-07;2.91436e-07;6.80015e-06;0.998997;7.04428e-05;2.025e-06
7.9658e-06;0.974869;1.54334e-05;1.08607e-05;4.46188e-05;8.87245e-06;1.07781e-05;0.0117657;3.44058e-07;3.22377e-06;1.58362e-05;0.00236897;0.010582;0.000296368
7.44755e-05;0.269451;0.0005864;0.0159512;0.000169559;0.000123198;0.0126351;0.00295737;0.00382778;0.000363249;0.0677541;0.0010696;0.62456;0.000477335
0.00415549;0.0921125;6.58517e-05;4.08669e-05;0.000114419;9.62511e-06;0.00016454;0.899628;0.000840102;8.40393e-05;3.83829e-05;3.62673e-05;0.00227324;0.00043629
9.78872e-06;0.00538079;8.73838e-05;2.23299e-05;0.00086084;3.87335e-05;4.10689e-06;0.00186328;0.000120322;6.65225e-06;0.000174294;0.989857;0.000448589;0.00112633
4.6213e-07;0.997161;2.35888e-07;1.91065e-07;1.75025e-07;2.78728e-09;8.68253e-08;0.00240197;5.34771e-06;2.53495e-08;7.49952e-08;4.40734e-07;0.000429755;1.26651e-07
1.98184e-05;0.00429205;7.13655e-10;1.19119e-06;0.000406546;2.69566e-07;3.75821e-07;0.994649;6.32701e-06;5.70938e-06;1.4583e-07;4.8508e-06;1.2146e-06;0.00061253
0.00347717;0.80324;1.57439e-06;2.50062e-05;0.000114364;3.44774e-07;3.32071e-05;0.145954;0.0243607;1.60758e-06;0.000807643;0.00258959;0.0193876;7.67234e-06
1.53364e-06;0.972099;1.35763e-08;8.21545e-08;3.45302e-06;4.33539e-06;8.93775e-10;0.0224729;1.66865e-07;6.46936e-08;1.47827e-08;0.00166056;0.00371639;4.11678e-05
2.55336e-05;0.00209835;8.00093e-06;9.99998e-05;0.000285931;4.89716e-06;2.00191e-06;0.204587;2.40753e-05;1.09106e-05;4.62314e-05;0.000359259;0.792369;7.88408e-05
1.68213e-05;0.000107135;0.000169915;2.65722e-05;0.000189771;1.63371e-06;8.27015e-08;4.66498e-05;1.03929e-05;5.12665e-07;1.43309e-05;0.997928;0.00140291;8.48838e-05
1.32897e-05;0.00995979;5.70519e-06;2.49455e-06;4.60373e-05;1.40865e-05;1.17836e-07;0.00373586;6.86201e-06;7.49284e-08;1.01259e-05;9.96033e-05;0.986095;1.10037e-05
8.00162e-06;0.821987;3.75176e-07;0.000470615;0.0593684;0.00231517;1.80032e-07;0.0468133;4.64748e-05;3.07997e-05;4.2537e-05;0.0569321;0.00844948;0.00353523
1.09491e-07;0.999731;8.90169e-13;2.66628e-09;1.33892e-10;2.15805e-12;3.23686e-06;2.31963e-10;1.05145e-11;5.3037e-07;2.3195e-09;6.05932e-11;2.48077e-09;0.000264782
4.49873e-14;1.06302e-14;1;3.70572e-13;3.27234e-14;5.7525e-15;1.25521e-12;1.32122e-14;7.88106e-15;2.81111e-13;1.46781e-12;3.27287e-08;1.22951e-15;3.35005e-15
1.5854e-05;0.824064;3.76116e-06;0.000694742;4.03419e-07;3.70311e-06;0.00576308;0.0185283;0.00391514;2.44315e-05;0.0730622;8.24871e-05;0.0738412;9.18183e-07
2.20851e-08;0.000350628;3.75949e-10;1.75638e-08;6.69384e-06;1.84758e-09;1.07257e-09;0.999642;3.77097e-09;4.77069e-08;2.57887e-08;1.19468e-08;3.91645e-07;1.55545e-07
1.18152e-06;0.00777535;0.965218;6.70948e-05;0.000795781;7.72939e-05;0.00145363;1.39688e-06;1.53756e-08;0.0242353;1.48563e-05;2.0922e-06;3.05098e-05;0.000327695
3.49749e-10;4.81708e-10;1;2.17206e-10;5.01527e-10;8.72486e-11;1.95565e-09;1.01832e-11;8.09426e-10;4.40476e-11;3.33277e-08;3.59166e-08;1.06401e-11;1.83818e-10
1.35494e-07;3.41546e-05;0.999753;1.12751e-08;1.65162e-08;6.02313e-08;3.31378e-08;1.30001e-05;5.09839e-08;2.02577e-09;2.99752e-08;0.000199026;7.26727e-07;9.43359e-08
8.91051e-07;0.00736281;0.00250177;2.12773e-06;0.00428084;0.0566409;7.71885e-08;1.07552e-07;3.08368e-06;4.23736e-07;1.81797e-06;0.00151885;0.00423142;0.923455
0.00215229;0.263175;0.0985382;9.60961e-05;0.0677399;0.0230816;1.06446e-05;0.064031;0.00188413;6.89937e-06;2.01185e-05;0.0200313;0.402157;0.057076
0.000255777;0.00325672;9.04429e-06;6.13723e-07;0.00031324;1.52146e-05;1.43055e-09;0.861578;0.000154446;8.21595e-09;3.17185e-08;0.000109707;0.134293;1.40261e-05
3.77667e-07;0.000167408;2.92444e-08;6.46358e-10;3.60033e-07;2.88105e-09;1.38909e-12;0.99983;6.43258e-09;3.062e-10;1.28459e-12;6.17368e-09;5.3944e-07;8.87123e-07
7.3834e-09;0.000672031;2.48039e-06;1.717e-07;9.56935e-07;2.68304e-07;3.4653e-11;2.559e-06;7.33467e-08;5.46788e-10;6.26876e-08;0.999312;3.57242e-06;5.80836e-06
