6.3479e-07;0.981067;0.018837;3.01422e-07;5.91742e-07;2.21232e-07;3.67355e-08;1.07483e-05;8.7104e-10;1.87333e-07;1.94643e-09;6.18007e-05;2.1125e-05;5.44767e-07
3.24687e-07;0.000639439;1.22951e-09;1.5723e-06;3.17902e-06;1.06121e-06;4.28383e-07;0.00038472;1.40105e-06;1.06114e-07;3.40391e-05;2.14905e-06;0.998931;3.95808e-07
1.53109e-06;0.999585;9.06428e-05;9.29481e-06;6.97016e-06;1.20421e-06;1.17399e-05;7.52716e-05;1.27123e-07;1.57931e-05;6.24344e-07;1.82966e-06;2.23262e-05;0.000177231
5.5524e-09;2.86999e-07;0.999998;5.95106e-08;1.74101e-09;4.06818e-10;2.51186e-07;1.54751e-08;4.32535e-08;1.29272e-08;5.91001e-07;7.479e-07;9.83234e-09;8.16307e-10
8.54686e-08;2.99588e-05;0.0067511;2.99464e-06;1.7591e-08;8.33864e-08;2.96969e-07;2.12369e-05;1.26929e-07;7.64595e-07;1.29992e-07;9.03246e-05;1.02707e-08;0.993103
2.04153e-07;0.000102928;2.11911e-07;3.07801e-06;0.0122464;0.000222806;3.06551e-07;0.987196;3.98517e-05;1.96067e-07;8.70885e-05;1.60916e-05;6.28083e-05;2.19219e-05
1.20801e-08;0.000340956;0.99963;3.68922e-07;8.6601e-06;3.58626e-06;9.62425e-11;2.51459e-08;1.08261e-11;1.14728e-08;4.59744e-08;5.93475e-06;5.72886e-06;4.82352e-06
1.19569e-07;0.999933;3.50575e-08;9.11912e-09;3.35444e-08;1.41637e-08;1.33177e-08;1.10495e-05;8.66064e-09;3.32159e-10;2.86838e-07;3.17721e-05;2.06236e-05;2.98437e-06
3.05375e-08;0.99756;3.21815e-05;1.39598e-08;5.00857e-07;1.48532e-08;3.86726e-10;0.00154188;9.22524e-11;1.04852e-09;5.60432e-09;0.000734049;0.000130328;1.26774e-06
4.14255e-07;0.865907;8.03464e-10;2.9541e-06;4.84854e-06;1.5429e-05;2.021e-07;0.040022;3.10952e-09;1.01582e-06;1.71266e-08;1.14725e-06;0.0925469;0.00149853
1.34619e-10;6.62444e-10;1;7.08282e-09;1.83697e-12;1.43505e-11;4.28352e-10;3.5271e-12;8.94268e-11;2.01805e-10;3.06348e-09;4.52327e-09;7.7119e-09;2.73295e-10
2.79753e-07;2.29213e-06;0.997676;6.65098e-06;6.40685e-08;4.14295e-09;4.86626e-07;0.000102722;4.84294e-07;5.28837e-08;4.30239e-06;0.00220497;1.74667e-06;2.78309e-07
3.86962e-06;0.0139536;3.32475e-06;0.000137821;0.00117289;0.000160837;1.16877e-06;0.202259;9.60719e-06;3.95956e-05;2.08932e-05;0.000113621;0.000169362;0.781955
3.64918e-06;0.00871354;0.0155839;8.91931e-06;0.000434429;2.4477e-05;2.86823e-08;2.0354e-05;2.86737e-09;1.17043e-05;3.35064e-07;0.96775;0.00726349;0.000185581
0.000260736;0.044498;2.14439e-07;0.000497367;0.00399846;0.0056973;1.04685e-05;0.880591;0.0374496;1.34404e-05;0.00254258;0.00768397;0.0125598;0.00419685
2.13384e-06;0.996587;3.99138e-06;9.75609e-08;2.00069e-06;3.86101e-07;8.85306e-10;0.00303082;2.93768e-09;3.57609e-08;8.71329e-11;1.64104e-08;0.000374031;9.15909e-09
7.34308e-10;1.91152e-10;1;6.16946e-10;1.13197e-10;1.01734e-10;3.02743e-10;9.1569e-11;3.28785e-09;7.71732e-11;2.07139e-10;7.68774e-09;2.4445e-10;2.28149e-10
2.56274e-08;1.3123e-07;0.999807;8.75297e-09;2.17063e-09;1.51973e-08;1.54491e-10;3.23212e-07;1.70979e-08;2.66812e-10;2.60083e-11;0.000174338;5.97512e-09;1.82922e-05
1.50767e-08;4.16681e-05;4.50198e-06;1.70397e-07;0.00292316;0.00392024;6.70045e-11;2.12209e-05;4.65959e-07;1.89356e-09;2.74638e-08;1.79251e-07;4.30145e-05;0.993045
5.65444e-08;0.994626;1.72095e-08;9.57235e-09;2.2454e-07;1.73867e-07;8.38132e-08;2.95593e-05;9.87123e-11;4.88347e-08;6.22044e-10;3.49097e-08;0.00149504;0.00384917
4.62528e-15;8.06984e-13;1;8.31144e-14;1.71982e-13;2.4298e-13;1.63789e-16;1.37998e-16;1.92996e-16;3.32472e-15;4.64675e-16;6.22604e-09;3.95921e-13;1.09118e-14
6.05492e-07;0.0478962;2.29526e-07;7.71895e-06;7.66937e-06;1.11452e-05;5.67431e-08;0.949613;1.34728e-05;2.91558e-08;1.08112e-05;0.000521473;0.0019148;2.50941e-06
4.30052e-08;0.592505;3.48537e-06;2.94145e-06;2.929e-06;7.71721e-06;6.02444e-10;0.00187795;6.1549e-09;1.59673e-07;3.14943e-09;6.91051e-05;0.405525;5.83848e-06
7.08013e-07;0.0413848;2.73422e-08;0.000139835;7.16301e-05;4.12672e-05;1.57751e-09;0.806345;4.21362e-08;2.32214e-06;1.44763e-06;0.146754;0.00472285;0.000535493
1.68729e-05;0.909432;5.30839e-08;1.09113e-05;6.78246e-07;1.28209e-07;0.000152828;3.90428e-05;6.78292e-07;6.01454e-05;0.000123027;2.51169e-05;5.908e-05;0.0900798
0.000142646;0.00129183;5.03294e-06;2.97149e-06;1.28994e-06;5.57217e-08;0.949995;0.0105;0.00436856;2.96895e-06;0.0333747;7.23624e-06;0.000307524;7.13415e-09
0.000420939;0.1952;1.7013e-07;0.000507907;0.000839723;0.000306898;3.91109e-06;0.775454;0.0164125;1.37773e-05;0.00106654;0.00144161;0.00116775;0.00716478
0.000181427;0.986927;2.87728e-06;3.14357e-07;8.81924e-07;7.6403e-08;3.04131e-07;0.0120983;1.78985e-06;2.01641e-05;2.46977e-08;2.16013e-05;0.000359569;0.000385437
1.67239e-07;7.49663e-05;8.62652e-08;1.62826e-07;3.71728e-06;1.17029e-07;4.33356e-09;8.44016e-06;4.90679e-06;1.70261e-09;1.93214e-06;0.999905;6.01997e-07;2.69694e-07
3.30248e-07;0.986205;1.24525e-09;1.07446e-10;6.28088e-10;2.73278e-11;1.22877e-10;2.20955e-06;1.11741e-09;2.22463e-11;4.50518e-10;6.49543e-07;0.0137916;1.12574e-11
2.94488e-07;0.863956;2.38927e-10;8.79286e-08;8.18947e-06;3.31395e-08;7.01513e-07;9.6295e-05;1.92911e-07;2.12555e-05;3.48013e-10;5.58924e-06;1.70497e-08;0.135911
7.64021e-10;2.97957e-09;1;2.94868e-10;3.66523e-09;1.74504e-10;5.20927e-10;4.15046e-10;1.63729e-09;2.19227e-10;2.66722e-11;9.77405e-08;3.15761e-13;4.85347e-10
0.00410249;0.189702;6.14918e-07;0.00107947;0.00169994;0.0236114;0.000520137;0.0164596;0.230578;9.75963e-06;0.0166777;0.00115441;0.511394;0.00300991
7.7069e-05;0.997328;4.36447e-08;7.54062e-09;1.34493e-09;1.64306e-08;1.27585e-07;3.43583e-05;4.69557e-07;8.6557e-09;1.82638e-08;0.000434705;0.00212462;1.61785e-07
9.32537e-09;2.41371e-05;1.33984e-09;6.09348e-07;0.00181831;4.13885e-06;5.3927e-11;3.47743e-05;1.05042e-06;2.22342e-09;2.19668e-08;0.998109;1.21234e-06;6.86931e-06
9.40336e-07;0.149691;8.51654e-05;2.0898e-06;8.15602e-07;8.19813e-07;9.232e-09;1.33573e-07;1.52864e-09;1.70449e-08;2.44299e-07;1.78304e-06;0.850217;5.58092e-08
2.24672e-05;0.0831176;2.82747e-07;1.085e-06;0.0213497;0.00023034;1.21606e-07;0.0616024;1.86267e-06;2.38665e-08;2.41579e-07;0.744181;0.0265667;0.0629258
3.96577e-06;0.191436;0.000585154;1.2565e-05;0.132362;6.29883e-05;1.50211e-06;0.264167;7.67833e-08;2.70245e-06;9.97575e-08;0.000356518;0.372845;0.0381652
2.73028e-05;0.9139;7.5195e-06;0.00204249;2.38775e-05;0.000125261;8.08346e-05;0.00120058;0.000184053;4.11028e-05;0.00206736;0.00324009;0.0762743;0.000785282
0.000101733;0.995347;3.50052e-06;0.000415762;2.13231e-07;2.42949e-06;0.000224251;4.18198e-07;3.62632e-05;8.92493e-06;0.00217805;0.00114971;0.000500825;3.04745e-05
4.14131e-06;0.0178241;0.0010698;0.00021256;0.000110644;7.49053e-06;1.0651e-08;0.000127661;4.8533e-08;1.01408e-06;1.07493e-06;0.951871;2.89647e-07;0.0287706
2.14297e-06;0.926131;2.69358e-08;1.2253e-08;1.6489e-08;1.79254e-08;6.06624e-08;1.04152e-05;5.15087e-10;7.64603e-09;1.85406e-07;0.00110416;0.0727521;9.44298e-10
6.91537e-07;0.873249;5.07751e-07;2.60167e-05;1.19313e-05;4.2999e-05;0.0315034;0.000215695;4.0784e-06;0.0334338;1.15325e-05;1.68952e-05;0.00030146;0.0611818
1.12882e-11;3.86448e-13;1;2.10811e-10;7.35459e-11;8.5967e-11;8.66341e-09;1.05678e-11;4.69756e-10;4.13755e-10;3.40438e-10;2.82583e-09;2.87576e-13;1.17805e-12
0.000533771;0.857196;0.00051072;0.0202054;0.000120375;0.00430961;0.0858101;0.00410162;0.00218614;0.000594996;0.018046;0.00104179;0.00436956;0.000974132
9.2381e-05;0.16179;1.04431e-07;2.72322e-05;0.000146705;0.00095239;2.11254e-05;0.0128894;1.44187e-05;1.59652e-05;1.79152e-05;0.13462;0.68938;3.21431e-05
1.64594e-06;0.0022762;3.85681e-09;4.97371e-05;2.33045e-06;0.000106543;1.07409e-05;1.93276e-05;8.8828e-09;7.84586e-05;6.51471e-07;1.44434e-05;0.997241;0.000198617
5.3646e-08;2.35817e-07;0.999977;8.0802e-08;5.72649e-09;6.78722e-11;1.88816e-09;2.97083e-09;1.31993e-11;1.17627e-07;1.05743e-09;2.2032e-05;1.10653e-08;1.51618e-09
1.88996e-09;7.44397e-05;2.14087e-10;9.506e-09;7.37497e-13;1.20409e-11;0.996862;7.63807e-11;2.32497e-08;0.0030628;4.87209e-07;7.8527e-14;1.58764e-08;8.67531e-09
1.46078e-14;5.8461e-16;1;3.02958e-12;3.47883e-14;4.26551e-13;1.79366e-11;2.34291e-16;1.80845e-11;2.48056e-12;2.07732e-10;2.28208e-12;8.01571e-17;4.04225e-16
