5.12832e-06;0.833691;7.08818e-11;1.14847e-06;5.40582e-07;1.53343e-06;1.1162e-06;0.000172344;1.61458e-06;1.69979e-07;5.78665e-06;8.79391e-06;0.16611;9.10829e-07
1.52924e-06;0.995096;3.23183e-06;1.89241e-07;1.01399e-08;6.25208e-09;3.57895e-06;4.89221e-07;4.99811e-09;1.8039e-06;8.31178e-09;0.0048827;9.9497e-06;3.23802e-07
3.04082e-06;0.000482834;2.75424e-07;0.00122551;0.000912822;0.000433854;4.46591e-06;0.000123652;0.000206243;3.35876e-06;0.000274609;0.973998;5.11819e-06;0.0223265
1.10182e-05;0.996495;6.96542e-09;2.8767e-06;2.38169e-08;6.38679e-08;6.95087e-08;0.00316458;7.09374e-07;2.22663e-08;1.49567e-06;3.91572e-07;0.000323818;1.08841e-07
1.44051e-06;0.000379539;6.48938e-06;4.54922e-06;2.4123e-07;1.05927e-08;4.697e-08;7.31677e-08;4.25081e-05;5.8519e-07;4.56777e-06;0.999375;0.000178502;6.20725e-06
9.62546e-06;0.730633;9.18426e-06;9.1793e-06;6.02761e-05;1.77587e-06;1.24112e-07;3.86478e-08;1.10568e-08;2.7067e-06;4.62375e-08;0.000314613;0.268951;8.56959e-06
2.60509e-05;0.00552847;0.000171632;1.05293e-07;3.45499e-05;4.18968e-06;3.08241e-07;0.00882449;8.24494e-07;2.16569e-07;1.60223e-07;0.972796;0.0125716;4.14849e-05
3.45628e-08;0.000464373;5.37881e-11;5.38031e-07;6.7958e-06;0.00732138;9.52136e-08;0.00251389;1.96893e-07;1.2447e-07;1.93912e-07;1.99601e-06;0.98969;5.00859e-07
2.22226e-06;0.000570253;0.89538;6.42065e-05;7.14e-07;1.49018e-06;1.63997e-05;5.54672e-07;5.29947e-09;0.000307554;5.43264e-08;0.103639;2.57136e-06;1.53748e-05
4.2669e-07;3.12151e-08;0.999822;1.79643e-06;2.99223e-08;2.70091e-08;5.1253e-06;1.60872e-09;6.80291e-06;7.76854e-07;5.17961e-05;0.000111096;4.98122e-09;8.67954e-08
4.18565e-08;0.00620403;3.75851e-12;1.36836e-09;4.40458e-06;1.59994e-09;1.01925e-09;0.993791;1.25289e-08;5.83327e-09;1.0289e-09;2.00062e-07;2.07047e-07;5.60446e-08
6.33667e-09;2.16574e-05;0.999566;4.92019e-08;1.05395e-05;6.21027e-06;4.35873e-10;3.11155e-07;1.25026e-10;4.61666e-08;2.9604e-08;0.000322763;7.11609e-05;1.41416e-06
5.34779e-08;0.999815;7.02599e-08;1.16465e-09;1.86224e-08;3.4719e-10;0.000153686;1.46294e-05;1.13469e-09;9.41484e-07;2.41469e-09;1.0435e-08;5.46451e-08;1.59633e-05
6.42972e-11;7.34304e-12;0.999999;1.95015e-10;9.55491e-10;4.85287e-12;5.25754e-10;3.30071e-11;4.17647e-08;2.20367e-11;1.38502e-09;5.52447e-07;2.44519e-13;2.22905e-11
5.69458e-07;0.999033;2.37438e-10;6.10045e-10;1.03445e-11;8.51591e-13;1.93293e-07;8.11925e-08;1.30351e-07;3.69844e-10;4.37075e-08;2.95108e-07;0.000965456;8.33029e-11
2.64055e-07;0.956356;1.21637e-08;7.3797e-06;2.90986e-06;1.26551e-06;0.000413656;1.4628e-06;1.53303e-07;0.000755094;2.44671e-08;5.83001e-07;7.78848e-07;0.04246
4.53747e-12;2.50046e-12;1;1.50682e-09;4.78936e-12;1.38862e-10;5.74703e-10;8.49378e-14;1.14979e-10;2.69878e-10;9.41479e-09;2.37419e-07;4.6556e-14;1.03774e-09
4.27048e-07;0.997991;2.03918e-11;7.64854e-08;1.00249e-09;1.41246e-09;1.9927e-06;0.00194162;1.60784e-06;4.33399e-08;5.95461e-06;1.44307e-05;4.29537e-05;7.2513e-09
1.04317e-06;0.00197645;5.2501e-06;3.24052e-08;5.82694e-08;4.16111e-10;3.78478e-07;0.000799828;4.02495e-07;2.74737e-08;1.73436e-05;0.997132;6.68696e-05;6.9192e-10
3.58473e-05;0.82864;1.6172e-07;6.95206e-06;8.9791e-05;0.00010477;0.0695949;0.00460597;0.000165165;0.000381083;0.000188236;1.77462e-06;0.0957799;0.000405543
1.39512e-08;4.79762e-10;0.999998;1.71007e-08;1.70691e-10;1.96415e-10;5.62481e-08;4.39948e-10;1.32795e-06;2.2824e-09;2.06191e-07;6.19532e-08;3.69437e-11;3.7031e-10
0.00139121;0.694676;0.0169468;0.000224324;3.59333e-05;7.05199e-06;8.66629e-07;0.158311;0.00255132;4.06424e-06;5.22333e-05;0.125302;9.04236e-06;0.000487893
6.02177e-05;0.915698;1.20599e-05;1.16893e-06;5.43309e-05;3.45371e-07;1.2807e-08;0.000508577;4.26699e-05;1.74402e-06;5.37432e-07;0.0168749;0.0666892;5.60714e-05
1.29685e-05;0.0421614;1.16517e-07;3.73709e-07;0.100139;1.40369e-06;2.07292e-07;0.066123;7.60749e-07;3.55082e-06;2.50922e-08;0.791021;8.4804e-06;0.000528429
7.14003e-05;0.133353;0.738711;6.55776e-05;0.0166427;0.00187026;1.95892e-06;0.000987097;3.71405e-06;4.34608e-05;6.82293e-07;0.099456;0.00179403;0.00699936
0.000203107;0.0549952;8.30791e-07;8.39789e-06;0.000471352;0.000226363;2.85668e-06;0.934184;0.00095995;2.99753e-07;1.27363e-05;0.00166903;0.00481773;0.00244828
4.95713e-05;0.872511;6.58591e-08;4.81785e-06;0.000120585;8.99199e-07;2.44815e-07;0.102357;7.20368e-07;2.0566e-06;8.2362e-07;6.56252e-06;0.0234456;0.00149961
6.97488e-06;0.998528;5.37928e-06;1.1038e-06;3.45606e-06;7.87289e-07;0.000171976;9.9686e-06;6.3061e-08;0.000951884;9.85251e-09;9.66391e-05;6.57034e-05;0.000157931
1.42962e-11;2.08156e-11;1;3.3609e-10;4.00759e-11;2.14791e-11;2.61999e-10;2.27495e-12;1.0877e-09;8.46945e-11;2.424e-09;6.29221e-08;1.77619e-13;6.90127e-12
6.74171e-06;0.958512;7.6629e-08;4.49739e-06;1.84021e-07;2.50288e-07;3.16491e-05;0.0378496;0.00212944;1.17934e-06;0.000773571;2.99773e-05;0.000661125;4.57015e-08
0.000149236;0.411075;1.06505e-05;1.17679e-05;0.000121104;1.06778e-06;0.00014398;0.528242;0.00104373;4.11638e-05;0.000897656;0.0344923;0.0237248;4.56434e-05
5.76142e-06;0.811759;1.58906e-06;9.02323e-06;4.65705e-05;1.39448e-06;1.09344e-05;3.08194e-05;7.01204e-06;1.0114e-06;5.8102e-06;0.184352;0.00314049;0.000628641
0.000839465;0.0401349;1.96222e-08;1.67542e-05;3.08377e-05;1.35721e-06;4.77986e-05;0.933142;0.0117307;3.51897e-06;4.71564e-05;0.0122196;0.00176634;1.94626e-05
0.0003303;0.557801;5.946e-05;4.03112e-05;3.82444e-05;0.000278019;1.59206e-07;0.00715677;0.00011456;1.12613e-06;1.77968e-06;0.36096;0.0731127;0.000106256
2.08125e-05;0.00183517;1.4259e-06;1.0496e-05;1.40694e-05;6.44635e-05;1.88424e-08;5.41222e-05;9.08917e-06;4.16275e-07;2.05893e-07;3.3746e-06;0.997861;0.000125421
4.55028e-06;0.00112923;0.998797;8.2768e-07;8.34772e-08;1.11027e-08;3.72652e-07;2.42285e-06;5.48361e-07;6.19084e-07;3.22955e-08;2.29271e-07;3.76968e-06;6.05628e-05
9.07619e-05;0.106235;7.89553e-06;0.00166493;0.000398311;0.00452817;0.00221805;0.00394044;0.319187;0.00123324;0.0191306;0.000720716;0.540256;0.0003883
