1.57847e-05;0.999273;8.9459e-05;5.46975e-05;1.45625e-05;2.57757e-08;2.32857e-07;7.49061e-05;1.10003e-06;3.7472e-07;3.57571e-06;0.000415304;5.59459e-05;5.33738e-07
8.36637e-07;0.998366;2.26424e-10;8.1192e-07;2.1599e-07;2.79177e-07;1.0164e-05;0.000101381;6.29297e-08;1.98568e-05;1.29442e-07;4.08615e-09;0.00149593;4.55464e-06
2.75888e-13;2.01885e-13;1;4.9412e-12;5.69604e-11;8.81205e-12;1.34896e-14;1.84229e-13;4.67261e-15;4.91069e-13;2.03667e-14;2.06961e-08;9.84005e-16;5.88043e-11
8.03903e-08;0.0041144;1.6653e-10;5.77387e-08;1.34864e-07;3.01466e-05;1.61467e-07;1.44731e-05;9.78342e-08;2.0012e-09;7.62629e-08;2.26715e-07;0.995839;1.35445e-06
6.1273e-10;5.33696e-07;0.999956;1.54804e-09;1.70633e-10;3.37302e-11;2.6974e-09;1.31658e-10;1.43773e-11;6.19066e-09;1.46624e-11;4.37942e-05;4.06012e-10;1.02403e-09
3.27535e-09;3.44371e-10;0.999994;1.07973e-09;1.25741e-07;3.79152e-10;1.27277e-08;4.31861e-08;4.82684e-08;1.32534e-10;4.11476e-07;4.8707e-06;4.58693e-10;2.01535e-11
1.386e-09;0.999993;1.45435e-07;2.81338e-09;3.88882e-09;3.24919e-09;2.4005e-06;3.82227e-11;1.30751e-11;4.06878e-06;8.13535e-10;4.66748e-10;3.08932e-08;1.23882e-07
2.59314e-12;3.87191e-12;0.999998;1.12153e-11;1.36368e-11;5.06267e-11;3.42751e-12;1.00685e-13;1.48853e-11;2.17137e-12;8.52376e-11;1.83884e-06;6.33708e-15;3.39549e-10
3.15748e-08;0.999922;2.31637e-11;3.32904e-10;2.67911e-08;7.8352e-10;2.82737e-08;3.8666e-05;1.02082e-09;3.17566e-10;1.04942e-09;1.23359e-05;2.74183e-05;3.20173e-10
8.85579e-07;0.0183932;0.00124572;6.80386e-06;0.0206347;0.729509;2.43379e-08;0.00916653;6.5492e-09;9.26837e-07;4.55727e-07;0.205922;0.000122779;0.0149971
3.53144e-06;0.0653696;2.83196e-08;5.89932e-08;8.71305e-06;0.000129082;8.48003e-07;0.71169;4.48624e-08;5.72345e-09;2.44567e-07;5.67309e-08;0.222794;3.9421e-06
1.57322e-09;8.61569e-11;0.999999;9.14692e-09;2.61257e-09;3.51527e-09;1.85777e-09;2.67935e-09;2.04678e-08;9.24262e-11;4.18142e-08;4.92939e-07;2.5633e-09;1.04829e-10
2.2799e-06;0.000146415;0.986586;1.61365e-06;2.82098e-06;4.89664e-06;2.2066e-07;0.00338644;3.76746e-06;7.70684e-09;1.44518e-06;0.00863569;0.00122837;5.17644e-07
1.47515e-08;0.0333702;6.29518e-06;8.823e-08;0.000303796;0.000222778;2.2164e-06;1.64544e-08;6.24298e-10;6.88813e-05;3.03866e-09;1.22463e-10;1.26896e-07;0.966026
1.70094e-10;2.63317e-10;0.999947;7.85364e-09;1.11757e-06;9.50899e-07;2.83957e-11;5.27185e-09;3.67807e-10;1.60761e-10;2.26942e-08;5.07637e-05;2.45003e-10;7.84483e-09
4.77918e-06;0.00199295;0.000608528;1.48189e-06;3.10414e-05;0.000882144;1.10944e-07;0.0802213;2.20179e-07;1.97096e-07;8.60341e-06;0.000135364;0.916112;1.68575e-06
5.14574e-06;0.289223;7.37781e-07;2.8915e-05;0.000304672;0.000760441;0.00027652;0.141103;1.09363e-05;0.00338928;2.60327e-05;5.50446e-09;0.56471;0.000161222
2.57631e-12;6.10768e-11;1;6.00315e-11;1.95459e-10;7.26382e-11;7.8993e-13;8.4787e-13;4.28083e-13;2.28471e-11;1.57466e-12;8.22379e-10;5.86179e-11;6.86709e-13
6.47534e-07;0.00122266;2.45135e-06;2.02677e-05;0.0013403;0.000480702;1.30854e-07;0.00375286;2.43132e-06;2.25748e-07;2.13331e-05;0.986243;0.00685244;6.05155e-05
1.6443e-05;0.126935;1.51453e-06;1.10937e-05;0.000102076;1.07114e-05;3.9463e-05;0.0272535;1.31042e-05;9.8471e-07;0.00106396;0.00659196;0.837945;1.56769e-05
1.39629e-07;0.0277917;0.000685223;4.44537e-05;8.16516e-05;6.56976e-05;2.04663e-09;9.55279e-05;5.12589e-10;1.08514e-07;6.78897e-08;0.964509;0.00600003;0.000726371
7.88584e-06;0.977029;5.69502e-10;4.49416e-06;2.71121e-06;3.04671e-06;0.00800248;0.000407233;2.89068e-06;7.79203e-05;0.000100757;3.79721e-10;0.000198817;0.0141625
2.08184e-13;8.34007e-13;1;5.56363e-12;1.74113e-11;1.63284e-12;1.0714e-12;4.99836e-13;2.57562e-13;1.22522e-12;7.55043e-12;5.39975e-11;3.58597e-14;5.02133e-14
3.94529e-06;0.989389;4.73002e-06;0.00012008;0.00037673;0.000181647;5.28318e-05;0.00383577;0.000146204;2.4384e-05;0.00235625;0.000265637;0.00322107;2.15775e-05
2.48556e-08;1.60944e-05;1.13974e-06;1.45149e-05;0.0789439;0.292961;7.89081e-08;3.63654e-05;2.3795e-07;2.67778e-05;1.8119e-06;0.000266552;0.000287169;0.627445
5.08213e-06;0.996057;7.73576e-08;9.42942e-06;2.08415e-06;1.87547e-07;0.00121886;0.000607297;1.47788e-05;7.71321e-06;0.00120701;4.72899e-06;0.0008643;1.35932e-06
4.29349e-07;7.36744e-05;3.78813e-11;9.67816e-08;0.000141387;8.29426e-08;5.08197e-09;0.999781;4.28635e-07;7.97981e-08;1.85878e-07;2.169e-06;4.77665e-07;1.39863e-07
1.71274e-06;0.999855;8.02198e-07;4.15723e-08;1.78356e-06;5.91907e-10;1.62166e-05;3.60949e-05;1.39056e-09;7.14991e-05;1.80281e-10;9.99352e-10;3.91319e-07;1.63777e-05
4.25079e-12;1.57826e-13;0.999993;1.61302e-10;2.98947e-10;2.37527e-12;1.01651e-11;2.38507e-13;7.93347e-11;5.50845e-11;3.45463e-11;6.84932e-06;2.30005e-16;1.91092e-10
6.8586e-07;0.856497;1.34132e-08;3.08263e-09;4.13145e-09;1.90321e-08;1.96707e-06;0.00550321;3.26895e-06;3.59143e-09;1.47142e-06;3.93689e-07;0.137992;4.77535e-09
4.59326e-06;0.17635;2.67636e-05;3.39826e-05;0.00151783;2.62478e-05;2.06086e-05;0.780776;2.24024e-05;3.52727e-05;3.28028e-06;0.00683034;0.0119227;0.0224295
0.000221081;0.160834;7.40905e-07;0.000473838;7.80743e-05;4.2247e-05;0.000396549;0.0012836;0.00697433;2.3662e-05;0.00178215;0.78996;0.0307155;0.00721477
0.000924126;0.3048;2.44966e-07;2.97379e-07;1.79452e-07;5.58711e-08;1.46287e-05;0.62857;0.000140722;2.08788e-07;3.53764e-05;0.0291351;0.036379;1.27405e-07
6.39945e-08;0.00201645;1.34305e-06;1.55311e-06;3.09328e-06;3.02102e-07;2.38883e-08;0.00242444;4.83483e-07;1.6405e-07;9.86407e-08;0.995469;6.98758e-05;1.31665e-05
3.40007e-05;0.96372;1.82138e-07;5.1458e-05;6.95581e-06;0.000103446;4.38073e-05;0.000298706;0.000627744;1.61517e-05;0.000319899;3.16149e-05;0.0344331;0.000313321
0.000488606;0.983518;2.28724e-10;5.15598e-05;4.23642e-06;2.57159e-07;5.82111e-05;0.00101435;0.004644;2.80009e-05;0.00119057;0.000855161;0.00779804;0.000349108
6.43187e-07;1.27572e-08;6.66096e-12;1.56033e-10;1.73145e-08;2.84524e-10;2.05237e-10;0.999999;1.16421e-07;9.83666e-11;3.12355e-11;6.07088e-09;3.92664e-09;1.22983e-10
1.50163e-06;0.000160149;2.56024e-05;2.31366e-06;0.000908729;4.28566e-05;1.23011e-08;1.4024e-05;3.91485e-07;6.75467e-08;2.37503e-08;0.00291939;7.11725e-05;0.995854
1.21475e-06;0.802303;9.17531e-10;1.08762e-06;6.34517e-07;2.27152e-06;6.63411e-06;0.171156;1.02658e-05;8.04923e-07;1.94466e-06;5.56897e-11;0.0264154;0.000101034
1.20273e-11;1.37277e-10;1;2.43434e-10;2.92318e-13;1.38116e-12;6.15917e-11;3.35078e-12;4.98655e-10;6.75296e-12;3.25581e-10;9.90781e-10;2.76434e-13;6.34497e-13
6.03662e-05;0.634876;0.000562832;0.00486204;7.83349e-05;0.000257784;3.49135e-06;0.0166578;0.0518999;1.93808e-06;0.0157472;0.271333;0.000365168;0.00329408
8.72733e-06;0.0377265;1.18419e-06;5.89443e-08;1.2393e-06;1.4146e-06;1.08343e-08;0.000810409;2.04626e-06;6.17061e-08;6.55317e-07;2.58296e-05;0.961421;1.12941e-06
5.85678e-09;5.98692e-05;4.67641e-07;4.74876e-09;1.65106e-07;2.45367e-10;3.31934e-12;1.19071e-07;2.4416e-11;8.33522e-11;7.43255e-10;0.999939;4.17977e-07;1.99135e-07
2.39295e-06;0.994516;1.82077e-08;4.89678e-08;1.39995e-06;3.13974e-08;1.92261e-07;0.00251736;2.13786e-07;4.29651e-07;6.15036e-09;4.59814e-06;0.00250112;0.000456284
7.17e-08;1.47793e-06;2.99621e-08;2.59376e-06;1.84224e-07;0.00788027;6.51712e-08;1.621e-05;1.18379e-06;2.91385e-07;9.12676e-07;1.21526e-06;0.992089;6.42784e-06
1.3237e-07;1.42737e-05;0.999929;4.49457e-06;5.0195e-06;7.92948e-07;9.51646e-10;6.10881e-06;5.0872e-10;2.82799e-07;7.22912e-10;3.61071e-05;4.3949e-08;3.92394e-06
2.6569e-06;0.986525;1.44075e-06;0.000211909;3.45666e-06;4.63204e-05;1.28304e-05;0.00894963;5.02297e-05;4.08334e-06;0.000469927;7.2125e-06;0.00310415;0.000610751
