1.42166e-06;5.70344e-07;1.60722e-10;6.47512e-10;6.75129e-09;6.06429e-10;3.05852e-09;0.999996;1.40196e-06;2.9606e-10;1.70508e-08;6.73488e-11;2.37106e-07;1.43546e-11
1.18968e-05;0.975345;4.08862e-05;1.08616e-05;0.000275071;1.71925e-06;0.00255701;5.77972e-05;9.50562e-06;0.000200547;1.74944e-07;2.19709e-05;9.80767e-07;0.0214669
4.23891e-11;2.511e-10;1;8.17065e-11;4.13906e-11;9.24249e-12;2.2566e-10;6.46448e-10;1.16672e-10;3.6473e-12;5.22744e-11;3.47475e-10;4.23865e-11;5.42076e-12
5.76632e-05;0.371367;0.00451926;0.00130911;0.00186025;0.000558428;0.000548428;0.0244163;0.00157545;2.93427e-05;0.00331302;0.0142553;0.526783;0.049408
3.64335e-06;0.927873;2.25722e-05;0.00146024;0.00599993;0.00034686;2.4948e-07;0.0133707;1.41974e-06;1.09852e-05;7.35766e-06;6.61916e-05;0.000376809;0.0504606
0.000308198;0.771073;0.000337758;0.000837944;0.0001219;1.11881e-05;9.77588e-06;0.0169481;1.99398e-05;5.46687e-06;0.000451225;0.0175584;0.00500909;0.187308
3.51777e-05;0.816309;5.0311e-07;3.93975e-05;1.41724e-05;4.98993e-07;1.26691e-06;0.0102138;1.69547e-07;1.08289e-05;1.59171e-06;0.000163635;0.000221818;0.172988
8.38173e-05;0.000718381;9.56764e-08;2.64695e-06;8.07957e-06;3.37028e-05;4.31225e-05;0.768969;0.000499176;1.41998e-05;0.00104678;3.12699e-05;0.228549;6.91053e-07
4.95659e-11;6.31474e-11;1;2.75269e-10;2.11632e-12;7.49302e-11;9.05466e-12;6.775e-13;6.27437e-11;1.1601e-11;2.22937e-10;2.69864e-08;1.69442e-11;1.54189e-12
1.7789e-06;6.61239e-05;0.000154105;5.30506e-06;2.35254e-06;6.34314e-06;3.41515e-09;0.00038933;1.03749e-05;8.72972e-09;8.70139e-06;0.999333;8.20525e-06;1.40684e-05
1.69291e-07;0.99601;2.55154e-09;1.60204e-09;6.37612e-08;7.3985e-07;3.12593e-09;7.10931e-08;2.11058e-09;2.48857e-09;9.4749e-09;1.45695e-06;0.00398701;9.1581e-08
3.67773e-10;1.66098e-06;3.42332e-08;2.25344e-09;2.28474e-07;4.45799e-07;7.14764e-11;2.25982e-06;2.20238e-09;4.67056e-11;3.80231e-09;0.999995;2.11144e-07;2.55519e-07
2.57429e-06;0.104228;9.353e-08;1.90476e-07;1.75725e-05;0.000331668;4.21818e-07;0.0255446;5.61504e-06;1.75787e-09;5.802e-08;1.24481e-06;0.869867;7.16771e-07
4.82022e-05;0.138798;2.38597e-05;0.000317865;0.0127413;0.00421452;1.42269e-07;0.574749;2.8375e-06;9.3973e-06;5.18889e-07;0.0469879;0.220888;0.00121747
4.5854e-05;0.1628;6.46124e-05;0.0203706;0.00267441;0.0035404;1.39366e-07;0.308867;5.66244e-07;0.000120159;6.1415e-06;0.495451;0.0058932;0.000166203
3.33859e-05;0.758883;3.25688e-08;1.70597e-06;3.53348e-08;1.11966e-07;0.239563;3.33342e-06;7.57041e-07;0.00146656;1.05609e-05;1.67607e-10;7.66e-06;2.91068e-05
4.96187e-10;2.02822e-11;0.999999;6.12747e-09;1.02697e-08;1.82007e-10;1.75798e-10;2.25944e-11;3.61935e-09;4.64398e-11;5.56404e-09;1.48275e-06;3.0878e-13;3.33354e-10
0.000666221;0.819169;0.0968889;1.10149e-05;2.71764e-05;5.36248e-05;7.95123e-06;0.0413619;1.41527e-05;1.70028e-06;1.57924e-06;0.0240348;0.0175964;0.000165763
3.38804e-07;0.987853;1.57902e-08;8.33881e-09;3.03258e-10;1.18238e-09;0.0115907;1.01879e-07;1.06702e-07;0.00035746;1.48114e-07;1.35875e-11;2.43216e-06;0.000195298
4.04707e-14;3.85088e-14;1;3.34209e-13;8.15224e-14;3.24439e-14;1.91172e-12;3.14241e-14;5.20213e-11;5.70959e-13;1.41871e-11;1.58544e-09;3.01098e-15;2.90992e-15
