1.36842e-06;0.999934;4.1429e-05;5.92038e-07;1.58551e-07;8.71122e-09;3.91093e-09;4.37896e-06;5.63314e-09;6.56038e-08;6.16369e-09;7.7747e-06;1.02414e-05;4.28196e-07
8.32148e-05;0.934418;9.77373e-07;5.06999e-06;1.68183e-06;1.91017e-07;3.46096e-05;0.0183148;0.000110984;2.09766e-06;0.000877593;0.0439845;0.00216321;3.64559e-06
3.41204e-05;0.918854;9.56118e-07;0.00284563;0.000439714;6.6586e-05;3.05522e-06;0.0053096;0.000235582;0.000138474;0.000186778;0.00382277;1.10915e-05;0.0680515
0.00633278;0.473252;1.55221e-05;0.000227085;7.69817e-05;0.00203719;1.73168e-05;0.00322564;0.00140981;4.36931e-05;0.00134086;0.40813;0.0542659;0.0496251
2.50209e-06;0.996572;2.42913e-09;4.63112e-08;1.73633e-05;3.34449e-06;8.51012e-05;0.00075949;5.90158e-08;8.42701e-06;1.18e-07;1.45515e-07;1.40763e-05;0.00253751
1.77589e-13;2.75199e-14;1;2.01833e-14;8.19907e-15;3.26183e-13;2.62344e-14;3.58475e-14;8.54271e-13;1.53969e-14;4.91063e-13;2.53333e-11;2.51082e-14;7.19702e-15
3.23335e-06;0.00180425;2.11195e-06;1.93947e-06;1.35599e-06;1.08827e-05;1.92933e-07;0.00906715;7.60217e-05;2.96523e-07;4.54559e-05;0.000381743;0.988604;8.26028e-07
9.66194e-06;0.277983;1.01291e-05;4.48909e-07;2.10637e-06;2.56383e-06;5.28076e-08;0.720748;2.42695e-06;5.97838e-07;9.2769e-07;0.000859358;0.000334616;4.64397e-05
7.38585e-07;0.00230573;3.98286e-05;0.000295859;0.00256546;0.00500176;2.45441e-08;0.0207661;2.04994e-06;1.58131e-06;2.62333e-05;0.797417;0.00835154;0.163226
1.26966e-06;0.999871;6.12114e-08;5.26385e-08;3.03619e-11;5.75902e-11;7.74709e-05;2.76929e-07;5.55733e-07;2.13039e-07;3.52975e-06;4.38883e-06;4.05327e-05;1.06648e-06
0.000184815;0.0212022;0.00172435;0.00034344;9.26561e-05;3.09083e-06;0.68575;0.00135029;0.0665736;0.000140802;0.0956987;0.126455;0.000387609;9.35018e-05
2.72988e-05;0.431547;1.18643e-08;5.4072e-05;8.76296e-05;6.37091e-05;8.92691e-05;0.523041;0.000417221;4.14289e-05;2.07251e-05;2.22885e-05;0.0444382;0.000149684
9.9811e-06;0.165181;6.50218e-09;2.50914e-05;3.00229e-07;3.4451e-06;8.66576e-06;0.00128957;0.000189994;3.05418e-05;0.000341253;5.26396e-07;0.83292;2.00294e-07
0.000220507;0.00101305;0.181487;5.48412e-06;4.16812e-05;7.42223e-09;7.843e-07;3.17217e-07;6.50237e-08;1.0438e-05;1.0164e-07;0.817202;8.25704e-06;1.01476e-05
0.00122685;0.0162764;6.42038e-07;3.07138e-05;2.20473e-05;3.59518e-06;0.000158477;0.200033;0.773312;1.72025e-06;0.00377192;1.0237e-05;0.00515226;4.49477e-07
0.00101618;0.765154;3.64365e-08;2.92493e-05;0.000543159;0.00166723;7.87694e-07;0.217448;0.000132008;0.000147422;5.57572e-07;9.24236e-06;0.00223457;0.0116171
3.21527e-05;0.00796169;3.24862e-11;4.85938e-06;2.5155e-07;1.94618e-06;5.35679e-07;0.000534399;4.80638e-05;1.36974e-06;1.28709e-05;3.58995e-05;0.991365;5.19832e-07
0.00161281;0.000420628;1.60903e-05;3.07769e-05;0.000145058;2.57311e-07;1.4967e-06;0.000207043;0.000720037;5.4333e-06;3.2454e-05;0.995239;0.00155482;1.37265e-05
0.000162232;0.819401;2.84793e-06;6.90308e-05;1.15539e-05;2.40303e-06;1.44118e-07;0.177681;0.000488049;1.35243e-06;2.74103e-06;0.00181509;0.000335967;2.5924e-05
3.82265e-05;0.839789;1.79074e-08;3.29971e-06;8.07617e-06;2.33627e-06;3.19708e-06;0.00617458;4.3228e-06;1.82149e-06;1.28964e-05;0.0340957;0.11982;4.70055e-05
0.000106899;0.109415;0.00244108;2.93412e-05;2.59788e-06;2.7965e-06;2.94267e-05;0.00664038;3.53383e-05;4.39795e-07;3.26759e-05;0.871994;0.00926404;5.25104e-06
0.000345949;0.596458;1.22362e-05;0.000659966;0.00616105;0.0124243;1.89768e-06;0.16006;2.69541e-05;5.4781e-06;5.66791e-06;0.149025;0.0550957;0.019718
0.000150143;0.352334;6.50907e-07;3.83197e-05;4.00562e-05;0.00383361;2.58646e-07;0.0111431;2.10324e-06;7.36996e-07;5.50975e-07;0.00170595;0.0387776;0.591973
2.88736e-06;0.00149218;3.13955e-07;1.00998e-05;2.33349e-07;1.54644e-05;2.96607e-06;0.000170016;2.07393e-06;2.32458e-06;9.54242e-06;3.92101e-05;0.998203;4.93569e-05
3.49519e-06;0.000416278;1.37588e-06;1.43133e-05;1.83445e-06;3.78571e-06;2.71951e-08;0.000720831;3.41704e-05;1.3554e-06;7.14704e-05;0.997477;0.00125239;2.02825e-06
5.54795e-06;0.00058944;7.40492e-08;1.37347e-07;1.62745e-05;5.1586e-06;1.49499e-08;0.999294;1.48699e-07;3.35874e-07;1.34073e-07;4.88919e-06;5.07617e-05;3.2866e-05
7.66061e-09;0.00020409;6.60372e-06;2.18532e-07;6.15384e-07;8.87568e-07;6.38745e-10;1.37618e-05;4.06808e-09;6.24467e-09;2.18732e-07;0.999741;3.10588e-05;1.39462e-06
1.52523e-07;0.999564;2.5994e-11;1.5057e-07;5.73265e-08;2.04764e-07;4.99001e-08;0.000339832;3.15474e-07;6.25378e-08;2.06227e-06;4.08239e-06;8.89822e-05;4.89117e-08
2.58642e-06;0.0012775;2.93039e-08;1.17701e-09;1.90724e-07;1.94242e-10;6.70095e-09;1.98486e-08;1.97525e-08;2.46584e-09;1.34573e-08;0.99675;0.00196925;1.66458e-09
0.000183329;0.00821454;5.5676e-07;1.99204e-08;0.00010876;3.58347e-05;5.81215e-08;0.980616;0.000490541;4.52399e-08;2.60492e-07;0.000155879;0.0101773;1.63449e-05
1.30008e-06;0.00209988;2.12741e-09;5.82515e-09;1.32799e-07;4.77011e-08;5.11978e-09;0.000292836;5.02545e-07;5.97361e-09;6.87649e-09;1.02729e-07;0.997605;3.34566e-08
4.38085e-06;6.05018e-05;1.97545e-06;4.60013e-06;1.03504e-05;1.00124e-07;1.63194e-10;5.6947e-05;1.01336e-05;4.46758e-07;1.16635e-07;0.999718;0.000132189;3.76023e-07
0.000328701;0.943579;2.77759e-06;1.15845e-05;2.21889e-05;7.25266e-06;3.19008e-05;0.0514867;0.000182565;3.73193e-05;6.48925e-05;0.000669368;0.00356547;1.03982e-05
0.000435918;0.756083;3.47841e-05;0.000390414;0.000459745;7.48968e-07;0.00062897;0.0511814;0.00175584;5.14594e-05;0.000607863;0.126103;0.0622632;3.12875e-06
7.13064e-06;0.00318616;2.12331e-10;2.7243e-05;0.000114727;5.86583e-06;9.53735e-08;0.000612797;2.96161e-05;3.15686e-07;2.08837e-05;0.995534;7.51118e-05;0.000386155
2.30205e-06;0.99912;4.55278e-09;1.98449e-11;2.30145e-12;4.36347e-12;9.49107e-08;7.16423e-09;2.25879e-09;2.03527e-10;5.26246e-09;2.0508e-07;0.000877434;1.5076e-11
2.68976e-10;1.31971e-06;9.95378e-09;1.3137e-09;7.39683e-07;2.12188e-08;2.75297e-12;6.43946e-06;6.90175e-09;5.23432e-12;1.86432e-10;0.999991;2.24382e-08;6.92571e-07
1.76846e-05;0.175356;9.97534e-10;6.81831e-07;5.09793e-07;6.29105e-07;3.41277e-07;0.000121458;5.44845e-05;1.71327e-09;2.26155e-05;9.06344e-07;0.824425;1.07306e-07
0.00272312;0.00570237;0.000483091;3.46306e-05;7.58697e-05;1.0747e-05;4.57502e-07;0.00129892;0.000772145;1.01126e-06;3.48646e-05;0.971648;0.0168979;0.000317128
4.70393e-07;0.994388;2.94594e-08;6.44376e-08;4.92973e-07;7.9348e-08;5.27652e-09;8.63252e-07;5.75677e-09;8.74182e-07;7.30025e-10;6.30306e-08;2.22338e-07;0.00560863
9.60864e-13;2.97947e-12;0.999998;8.00117e-11;1.15179e-11;8.0829e-12;4.087e-14;2.22011e-15;1.02682e-13;2.35003e-12;8.2697e-13;1.63611e-06;1.68931e-15;8.51429e-11
1.46934e-06;0.00257234;6.06087e-09;2.23539e-06;7.5006e-05;1.46087e-05;6.7207e-06;0.992474;1.21177e-07;1.3473e-06;4.98182e-07;3.70568e-07;0.00458202;0.000268971
8.16323e-08;8.93916e-06;6.45871e-06;0.000179202;6.651e-08;0.00203449;7.91757e-06;8.12131e-07;1.67169e-05;3.28846e-06;0.00083111;1.3225e-07;0.996911;1.19726e-07
8.95912e-09;2.91534e-07;0.999999;1.06224e-07;2.64545e-08;1.44788e-08;3.85307e-10;6.86951e-09;2.88028e-11;1.74284e-08;8.48564e-10;2.67712e-07;2.53563e-09;9.12514e-08
2.66748e-07;0.996691;1.62683e-08;8.03901e-06;3.86535e-07;8.26467e-06;8.36181e-07;0.00218816;5.36202e-06;2.51602e-07;5.69605e-05;1.09226e-07;0.0010069;3.32367e-05
