1.85417e-06;0.997611;2.24538e-10;7.34723e-09;1.90683e-09;3.13335e-09;2.96376e-08;1.1337e-06;2.07931e-07;1.07233e-09;5.92252e-07;3.5998e-05;0.00234948;7.72964e-11
2.76018e-07;0.913445;5.32172e-07;5.89677e-07;3.2612e-06;3.86273e-06;2.00909e-09;0.000432873;3.66272e-07;1.1725e-07;1.12944e-07;0.0857063;0.000376054;3.11017e-05
0.0001114;0.798108;1.94151e-05;0.00149855;0.00164051;0.000355644;0.000154995;0.146577;0.00149878;3.43068e-05;0.00655934;0.000279799;0.0195262;0.023636
2.12462e-06;0.999953;2.77242e-10;2.22782e-08;7.67514e-09;5.82918e-11;1.8728e-06;3.41904e-06;3.9446e-08;9.58866e-09;4.40643e-07;3.60447e-05;2.75009e-06;5.80161e-08
5.49263e-07;0.00392233;0.000149183;5.13833e-06;0.00043869;1.56818e-05;8.00175e-08;1.45427e-06;2.42983e-08;2.95506e-07;2.53275e-07;0.995038;0.000176811;0.000251924
0.00019102;0.933911;9.29848e-09;1.06006e-05;2.11454e-05;5.62984e-06;0.000233562;0.0052682;0.00233299;2.44279e-07;0.00713242;0.00199376;0.0488618;3.77101e-05
0.000711805;0.893148;0.0063574;4.53067e-06;1.21328e-05;1.43511e-05;7.38349e-06;0.00793413;5.70842e-06;7.346e-06;2.85142e-06;0.063871;0.0242482;0.00367477
4.72893e-07;0.0125642;1.11726e-06;3.39771e-07;2.28106e-06;9.64673e-07;7.47158e-06;0.98737;2.85833e-06;2.45071e-06;1.57881e-06;6.94597e-06;2.74979e-05;1.22956e-05
2.5355e-10;3.55811e-08;1;7.58697e-11;1.72368e-11;2.00604e-11;5.09092e-10;1.78357e-10;4.20147e-10;1.04991e-10;1.72012e-09;1.48091e-07;2.94763e-11;3.27556e-11
5.13457e-06;0.000235011;2.65423e-09;9.92867e-07;1.83351e-05;5.38312e-06;1.33548e-05;9.79793e-05;0.00231893;2.55952e-06;5.4717e-05;1.5662e-05;0.000523824;0.996708
4.02738e-06;0.867721;2.61216e-05;6.74926e-07;1.89394e-05;8.74287e-07;1.59724e-07;0.114875;7.12481e-07;6.62033e-07;1.70585e-07;0.000696967;0.0161202;0.000534605
1.65946e-05;0.926958;5.94065e-09;0.000313661;0.0142687;0.000318645;6.96662e-06;0.00406092;0.000831047;8.06391e-06;7.10279e-06;0.0180095;0.0297375;0.00546317
0.000280069;2.13896e-05;5.35638e-07;1.45791e-08;2.7946e-08;1.16046e-10;3.58933e-08;0.999633;9.48385e-06;1.26072e-09;2.69539e-08;6.99026e-06;4.84987e-05;3.15881e-10
3.08576e-07;0.687983;3.64801e-07;5.90563e-07;1.90329e-06;1.77534e-05;5.45719e-10;0.000701604;2.12701e-08;1.10078e-07;7.72399e-10;0.000155785;3.22691e-06;0.311135
8.99265e-06;0.15085;1.19409e-05;1.1882e-06;1.37372e-07;6.96465e-06;5.26169e-06;0.00137694;8.35857e-06;1.43091e-07;0.000273659;0.290852;0.556598;5.66814e-06
1.52863e-07;0.407014;5.20645e-09;7.41126e-09;6.4182e-08;2.66194e-07;3.5172e-08;0.091787;4.92274e-09;8.84086e-09;6.59559e-09;1.97604e-06;0.501193;3.39492e-06
1.75644e-07;0.0599145;3.8024e-07;1.20291e-05;1.87981e-07;9.06887e-05;4.21198e-07;0.00783767;1.1795e-06;8.67515e-07;1.99458e-05;0.343384;0.58748;0.00125815
5.81323e-07;0.936041;0.0593915;3.97964e-05;1.6099e-07;5.15604e-07;0.00328191;3.93612e-05;5.27153e-08;0.000304063;4.18374e-06;0.000703892;8.90647e-05;0.000103911
2.32578e-12;8.04045e-12;1;7.67359e-10;1.18516e-10;1.76207e-10;1.22259e-08;3.34058e-10;1.45286e-11;1.44486e-09;1.42771e-09;1.19617e-08;1.32935e-11;5.5903e-11
2.32815e-06;0.00591966;1.60545e-05;0.000556469;9.77677e-06;4.45e-05;9.04457e-05;0.200686;0.000159493;1.41021e-05;0.0251272;0.141551;0.62582;2.62463e-06
3.48937e-07;0.999745;3.10547e-07;2.44271e-05;5.76279e-07;1.58615e-07;7.10725e-07;2.42672e-05;1.887e-07;2.9186e-07;5.32425e-05;4.91513e-05;2.73394e-05;7.36024e-05
7.30353e-08;0.994296;1.54e-09;1.31316e-08;1.75607e-09;2.09838e-10;2.01784e-08;5.31399e-07;1.13009e-10;1.68075e-09;4.15609e-08;0.000133872;0.00556893;2.31136e-09
4.18397e-06;0.632807;0.000228877;0.000148785;7.56829e-06;0.000692132;4.13057e-06;0.0093676;1.48024e-05;4.65051e-06;0.000765575;0.314839;0.00764138;0.0334738
8.84231e-07;0.0119749;2.85362e-08;5.53337e-05;9.14228e-05;0.0502268;4.27592e-07;0.0133173;7.09416e-07;4.5793e-06;3.28767e-05;1.38954e-05;0.000175959;0.924105
1.17759e-06;0.0423561;1.94344e-07;8.4849e-07;6.56353e-09;1.05329e-06;2.07086e-07;0.00406133;1.38911e-08;3.17861e-08;1.85031e-05;3.15245e-07;0.953554;6.2396e-06
3.11004e-11;6.04008e-09;1;2.73024e-10;2.97636e-12;6.61851e-12;3.0932e-10;1.66576e-11;2.24036e-11;4.04559e-11;7.09705e-10;5.13304e-09;1.06545e-09;3.0694e-11
2.25425e-10;4.73089e-08;0.999983;2.96545e-08;6.9948e-10;9.20838e-09;4.49209e-11;6.74099e-06;1.72386e-09;4.73383e-11;6.89443e-09;1.02999e-05;1.55037e-09;2.76377e-08
2.21916e-09;1.72218e-05;2.37929e-05;2.84837e-08;4.0644e-07;1.34742e-05;2.34309e-11;3.29935e-06;1.24337e-10;2.78121e-08;2.02153e-09;1.65895e-05;9.97735e-08;0.999925
7.81564e-08;0.00194694;2.81666e-10;1.21716e-07;1.59798e-08;5.38043e-06;6.70167e-08;0.000802584;5.38923e-07;7.04827e-09;0.000206336;4.36529e-06;0.997034;8.82664e-09
1.56772e-06;0.992549;2.9209e-06;1.29792e-07;4.20929e-09;5.0053e-08;3.49322e-07;0.000270731;7.18992e-07;1.07635e-07;1.81134e-06;0.000200917;0.00697147;2.51858e-07
1.91042e-09;0.999668;2.55292e-12;6.90283e-07;2.54604e-09;8.78544e-10;1.68402e-07;2.79593e-08;1.42252e-10;4.46368e-06;3.15154e-10;3.76776e-08;2.89484e-09;0.000326489
3.64249e-07;1.67682e-05;0.999969;1.77501e-06;4.45288e-09;6.42071e-08;5.18124e-06;6.02312e-08;1.51941e-08;6.7326e-08;4.31373e-06;2.06933e-06;1.97668e-07;8.72396e-08
6.55515e-05;0.288195;1.05583e-06;1.53848e-06;9.89833e-07;3.35027e-07;0.000125988;0.564456;1.7677e-05;6.38958e-07;0.000419782;0.00789874;0.138816;1.49018e-08
0.000107249;0.614853;7.05773e-06;0.000503601;0.000536344;0.000114198;6.47171e-08;0.0164882;3.6614e-05;3.88284e-05;5.24007e-06;0.346584;0.000201667;0.0205241
0.00957193;0.402789;6.05087e-07;9.53969e-05;1.69636e-05;1.80511e-06;6.38283e-05;0.000338867;0.583478;6.79957e-05;0.00236977;0.000299819;0.000625827;0.000280523
0.000327947;0.997832;1.38116e-05;8.38665e-07;0.000150478;2.86324e-07;3.14864e-09;0.000252046;1.40754e-07;1.91031e-07;2.42516e-09;0.000610201;0.00027409;0.000537825
1.67571e-05;0.00520097;4.52927e-08;1.95635e-07;4.22121e-05;6.75521e-07;5.95983e-10;0.00737772;5.27237e-05;4.48604e-08;2.19553e-08;0.984201;0.0031065;1.53258e-06
6.50649e-05;0.239686;9.8084e-09;6.7345e-06;8.49367e-05;6.98579e-05;5.5121e-07;0.0438505;6.32877e-05;2.82287e-06;3.93912e-06;0.000232433;0.715769;0.000164904
0.00804761;0.391237;7.33558e-07;0.00231181;0.000325454;0.000624565;9.97675e-05;0.272648;0.0447188;0.000214889;0.00373532;0.269819;0.00347609;0.00274096
0.000489217;0.994435;1.71392e-05;9.67715e-06;5.00636e-08;5.21732e-07;0.000375655;0.000250502;0.000628557;1.37486e-05;0.00044578;0.00192642;0.00140774;4.53388e-07
9.85042e-06;0.993115;2.91214e-08;0.000416182;2.22138e-06;4.65785e-05;2.46909e-05;3.07738e-05;0.000134098;0.000246562;4.71705e-05;0.000129131;3.12249e-05;0.00576698
1.95979e-08;5.41683e-07;0.999999;9.33414e-10;3.43908e-10;3.27103e-09;3.13755e-08;3.51568e-10;3.33653e-09;1.04397e-09;1.48513e-08;4.97947e-07;3.32037e-07;3.06298e-10
1.2213e-05;0.8986;0.000129901;4.372e-05;0.00802411;5.93554e-05;2.35736e-06;0.000767985;0.000179632;8.95919e-07;0.000160658;0.0752481;0.00757018;0.00920139
0.000142258;0.990655;7.25084e-08;3.89008e-06;0.000898807;1.10042e-06;4.96399e-07;0.00406823;0.000464169;1.5078e-05;5.041e-07;0.000117677;0.000480454;0.00315248
0.00537729;0.0825632;8.66953e-06;4.09204e-07;6.30467e-05;2.25276e-06;1.10526e-05;0.817409;0.0242797;3.50621e-06;9.28294e-06;0.00548983;0.0647817;7.72189e-07
1.38219e-06;6.58588e-05;8.69847e-10;4.30154e-06;4.1837e-05;7.13878e-07;1.84285e-08;0.995073;0.000174666;1.34257e-07;5.41872e-07;2.11116e-05;0.00461188;4.34057e-06
1.63679e-05;0.99951;1.18071e-05;6.92445e-05;3.7066e-06;1.00382e-08;2.16113e-07;0.000362572;8.30034e-06;5.30977e-07;1.97908e-07;8.12273e-07;1.51453e-05;1.04937e-06
2.23787e-05;0.105922;5.65494e-07;0.000105166;1.0903e-06;6.86548e-07;5.82921e-06;0.011527;9.78178e-05;2.30936e-05;1.03206e-05;8.6247e-06;0.882274;1.25828e-06
6.71004e-07;0.000152553;2.88603e-09;7.24727e-05;3.23399e-06;3.51041e-06;1.47132e-08;3.67991e-05;9.41792e-06;1.73409e-07;1.18293e-05;0.9997;1.12634e-06;8.47564e-06
1.65149e-05;0.00642155;2.86357e-09;1.39574e-07;1.13715e-06;1.07387e-06;1.1289e-05;0.992553;4.8927e-05;2.06369e-07;3.9764e-05;1.60931e-08;0.000906387;9.3957e-08
3.51456e-05;0.000467185;1.66575e-07;1.34495e-05;9.31582e-05;6.13382e-06;3.29497e-06;0.964094;0.000276804;1.68617e-06;0.000132203;0.00214845;0.0327264;1.5917e-06
3.18032e-05;0.99961;3.31041e-05;1.2622e-06;1.94022e-07;6.8149e-09;2.88238e-08;1.79435e-05;2.70013e-07;7.09276e-08;1.08542e-07;3.91967e-07;0.000304671;3.56989e-07
2.77429e-05;0.955644;3.81002e-07;2.1637e-05;1.1989e-05;7.4812e-07;4.1309e-06;0.00141041;7.65442e-05;8.2585e-06;2.21197e-05;0.0391822;0.00355302;3.67851e-05
9.84117e-05;0.730456;0.000100108;0.000288026;0.000147089;3.60999e-06;0.000214964;0.00279258;0.000376546;8.74537e-05;0.0102959;0.251174;0.00355369;0.00041214
1.46461e-05;0.752449;1.25736e-11;0.0003817;4.99704e-06;6.37111e-06;9.53799e-06;0.000730087;0.000254169;3.74581e-06;0.00776553;0.23212;0.00624963;1.11333e-05
0.000158072;0.968125;4.26221e-05;4.38929e-07;1.39097e-09;1.08615e-08;5.96978e-06;0.000142482;2.0196e-05;2.26214e-07;0.000120283;0.000634523;0.0307502;4.56588e-08
2.77457e-07;0.996813;8.15843e-10;7.01307e-05;3.85347e-06;1.33418e-07;1.21744e-05;1.07602e-06;3.21445e-06;0.000376063;1.6048e-06;5.67915e-06;3.35607e-09;0.00271331
2.5843e-05;1.3457e-05;0.99801;3.33775e-05;2.36885e-06;8.30993e-06;8.46733e-06;7.41617e-06;0.000151997;7.64861e-07;0.00118765;3.14142e-05;0.000518215;7.09058e-07
1.64936e-06;0.975015;1.2729e-09;2.40196e-08;6.40693e-06;1.88308e-06;1.9752e-08;0.014363;2.66648e-07;6.2581e-08;4.12679e-08;0.000213144;0.0103973;1.15162e-06
0.000399759;0.036699;9.15847e-06;1.86967e-06;0.0403966;7.95589e-05;1.21623e-07;0.19715;0.000374014;1.99958e-06;6.76158e-07;0.651814;0.0729936;8.04031e-05
0.000150337;0.00234857;4.09748e-07;6.24253e-07;3.84147e-05;2.44274e-06;1.23925e-06;0.993843;0.00288765;5.82248e-07;8.31848e-07;1.16949e-05;0.000714259;2.39745e-07
0.000130509;0.000323155;3.87843e-09;9.90498e-07;1.87196e-06;4.95696e-08;6.12797e-08;0.998463;0.000316964;5.52309e-08;1.92512e-07;1.04734e-06;0.000761085;8.94993e-07
0.000225293;0.963508;1.06952e-05;2.68967e-06;7.63979e-06;2.65342e-07;8.55792e-07;0.0158084;0.000106831;6.29412e-07;6.09542e-07;0.0164391;0.00387473;1.4589e-05
4.98483e-07;0.99872;9.41171e-11;1.13945e-06;4.26504e-07;2.46164e-08;0.000112017;1.51094e-05;4.47603e-08;0.00110599;4.80974e-09;2.85115e-07;2.72651e-06;4.13778e-05
1.32634e-11;6.55388e-13;0.999997;3.09481e-09;7.59624e-11;4.70201e-10;4.39778e-13;2.33823e-15;1.47684e-11;8.85713e-12;2.0928e-10;3.49002e-06;1.45405e-11;1.61509e-10
8.3633e-06;0.997019;3.96673e-07;2.43608e-05;3.10233e-07;3.94454e-08;0.000959047;1.55029e-06;9.14695e-07;4.49303e-05;4.89004e-06;2.93093e-08;0.000246388;0.0016893
9.56965e-06;0.000416759;1.02809e-07;4.3759e-06;1.26606e-07;2.308e-08;0.830223;7.72295e-05;0.0387117;5.56836e-06;0.130321;1.90697e-08;0.00023013;5.40651e-09
1.04295e-07;0.999847;3.7083e-10;5.81808e-07;1.45362e-06;3.07424e-07;3.01118e-08;1.01983e-05;1.49351e-06;2.56412e-07;8.31957e-07;6.74991e-06;9.66192e-05;3.42671e-05
1.73648e-05;0.916519;7.31713e-07;9.37794e-07;2.25139e-06;4.78684e-07;1.88061e-06;0.0160843;1.69371e-06;4.47476e-06;6.76478e-07;3.0558e-05;0.0673157;2.04619e-05
1.02501e-09;5.49526e-06;1.47336e-08;6.04624e-08;4.10036e-05;2.24627e-08;5.68791e-10;3.74053e-05;6.03404e-08;1.37746e-09;2.74419e-07;0.999916;3.73723e-09;6.09411e-08
1.95444e-08;0.997267;8.4673e-07;4.30504e-08;1.42693e-08;1.63085e-08;6.25894e-09;2.56305e-09;2.35164e-13;3.59271e-08;1.98476e-09;5.91742e-08;0.00273166;2.4223e-07
1.38166e-07;0.000108455;3.24845e-08;7.53942e-09;0.000127529;6.25241e-09;9.37885e-11;0.0018667;9.32047e-09;1.89577e-10;2.62442e-08;0.997892;3.06393e-06;2.45561e-06
1.65459e-08;2.68625e-05;3.66973e-11;1.17914e-08;0.00183698;8.30128e-07;1.23113e-09;0.998121;5.5921e-08;5.67458e-09;4.51724e-09;1.12927e-05;2.80442e-06;5.67253e-07
4.36954e-06;0.0874887;0.906257;2.78939e-06;4.4566e-05;3.56586e-05;1.1241e-08;0.00449744;6.60368e-10;1.66636e-06;2.65004e-08;0.00145133;3.46471e-05;0.00018198
0.000148788;0.0531093;1.85253e-06;3.22671e-05;2.68051e-06;7.09107e-06;6.0032e-05;0.269791;0.000556907;9.39446e-07;0.0519844;0.0188392;0.605431;3.44671e-05
2.40277e-06;0.00124059;3.32576e-07;2.93131e-08;8.72817e-07;3.44772e-08;1.52953e-08;0.998439;1.71372e-07;4.39565e-08;7.00116e-07;0.000304152;2.20233e-06;9.19264e-06
1.48093e-08;0.00442647;7.26196e-06;4.00341e-07;6.50904e-07;1.2134e-06;3.31484e-09;0.000131118;1.08053e-07;6.81936e-09;9.21892e-06;0.995313;8.75567e-05;2.26996e-05
2.71984e-08;0.988781;6.55574e-10;1.96105e-07;6.05815e-08;5.79711e-07;6.01937e-08;0.000230839;1.08274e-08;3.03807e-07;3.82685e-07;0.000131261;0.0108541;9.88902e-07
5.0164e-06;0.000241178;1.26121e-05;1.94272e-08;3.96811e-07;2.07493e-09;8.34274e-07;0.000133407;2.19713e-06;6.5226e-08;2.97955e-05;0.999305;0.000269921;1.79625e-09
6.97006e-06;0.000363964;1.26033e-09;4.60038e-08;4.81927e-05;2.43155e-05;1.2662e-06;0.995474;1.08006e-05;2.54972e-07;1.02313e-07;3.18518e-09;0.00406794;1.69877e-06
3.18292e-09;1.17448e-09;1;7.03824e-10;2.91861e-10;3.23629e-11;1.08529e-10;4.44222e-10;3.89457e-08;1.53182e-10;8.39931e-11;9.13882e-09;1.90751e-10;1.71661e-10
1.01989e-07;7.60786e-08;0.999209;6.91973e-08;9.89313e-08;2.59092e-08;3.74674e-10;3.35198e-05;1.34291e-06;3.62573e-10;7.86858e-09;0.000755064;2.19669e-09;4.54076e-07
4.93231e-07;5.5914e-05;1.4407e-06;1.77115e-08;6.11626e-05;0.000272402;1.58071e-10;4.98645e-06;6.23418e-08;3.28117e-08;7.72952e-10;1.52265e-05;3.85641e-06;0.999584
5.04604e-06;0.00110658;2.39755e-09;1.77332e-08;5.48289e-07;1.84097e-07;3.5874e-08;0.941054;1.35293e-05;4.524e-09;1.66023e-06;1.54989e-05;0.0578027;1.8557e-08
1.12429e-06;0.999357;1.26017e-09;8.32034e-08;3.43155e-09;3.23212e-10;1.06787e-07;4.87021e-05;2.53944e-08;4.91128e-08;9.61739e-09;5.35766e-07;0.000591914;6.3472e-09
5.87286e-06;0.996017;1.86288e-07;2.62101e-05;6.16913e-07;6.73198e-07;4.55167e-06;0.000769922;7.9697e-07;3.50025e-05;1.26051e-06;0.00242811;0.000225963;0.000484183
6.03735e-06;0.972036;5.78517e-10;7.56741e-06;1.66752e-08;5.50243e-08;0.0251396;9.53643e-08;7.92284e-08;0.000264762;5.19646e-07;4.21073e-09;1.56867e-06;0.00254337
1.60959e-11;3.04762e-13;1;1.7347e-11;1.06246e-13;3.29563e-14;8.13214e-10;3.37741e-13;1.37859e-10;6.59798e-13;2.97733e-10;8.47977e-09;3.80454e-16;3.66279e-12
1.4178e-05;0.983286;2.44916e-10;4.8379e-07;1.61859e-07;1.12711e-07;6.25051e-05;3.73362e-06;0.000306903;7.08237e-08;5.80143e-05;4.73325e-09;0.0162648;2.91513e-06
5.82488e-06;0.465088;1.31129e-05;1.4152e-06;0.00038118;6.60915e-06;4.7074e-09;0.00139582;5.858e-07;8.87116e-09;1.44047e-08;0.345297;0.000296699;0.187514
8.94471e-08;0.0022596;5.5379e-07;5.79995e-07;0.00920885;7.29915e-06;1.16379e-09;0.0167473;2.49535e-10;1.89638e-07;1.11007e-10;6.14323e-05;0.00607459;0.96564
1.66889e-08;7.6396e-06;1.73274e-08;1.45373e-07;3.01387e-10;2.82968e-06;1.12305e-09;1.87427e-08;1.11765e-08;1.11336e-09;3.38248e-08;2.76506e-08;0.999989;5.89203e-09
6.29509e-09;1.15256e-07;0.999999;3.89284e-08;4.94625e-09;2.15234e-09;1.13314e-11;1.03405e-08;3.56075e-11;6.26126e-09;4.40232e-11;7.11839e-07;8.16379e-10;2.4902e-08
1.60636e-06;0.970501;1.6589e-06;0.000260125;2.24118e-06;4.71117e-05;2.66964e-06;0.0171684;0.000218902;9.46222e-06;0.00108336;1.40196e-05;0.0106174;7.23818e-05
