7.52804e-07;0.0675094;1.11563e-08;8.87977e-08;2.84994e-06;9.92062e-07;2.96412e-08;0.00091059;2.52366e-08;7.00734e-09;1.39504e-07;0.000350712;0.931224;6.08384e-07
5.06273e-08;0.0133945;7.82067e-10;9.32138e-07;2.56742e-05;1.98535e-05;1.2039e-05;0.0013892;2.52291e-07;2.38489e-05;9.60862e-08;1.83877e-10;5.41073e-05;0.985079
3.23007e-11;4.82677e-10;1;4.73133e-09;1.30237e-11;8.45576e-11;8.16788e-10;1.42708e-11;2.48073e-10;4.10475e-10;1.71202e-09;4.92311e-10;2.14179e-11;2.37275e-10
3.69389e-06;0.503822;0.000156461;6.5633e-05;4.10301e-06;3.98939e-05;8.16285e-08;0.067378;1.44628e-06;8.30262e-07;2.08146e-06;0.427621;1.79235e-05;0.000886692
1.44599e-06;0.95119;6.0083e-09;5.44766e-06;0.000124451;1.78544e-05;9.63719e-07;0.0441718;2.59223e-08;8.9145e-06;2.87327e-06;2.90113e-06;0.00330786;0.00116544
5.73592e-06;0.435045;2.72807e-06;0.000174776;0.000559248;0.027834;1.04594e-07;0.0104142;1.44676e-06;2.58023e-06;0.000528725;0.276111;0.246179;0.00314191
1.54908e-05;0.990336;2.9517e-09;2.51152e-07;4.08856e-07;4.71801e-06;0.000168237;0.000123887;6.3211e-08;8.4049e-06;5.71781e-07;4.90428e-09;0.00924323;9.88178e-05
1.07803e-13;1.19235e-12;1;3.5246e-12;8.61024e-13;1.33194e-12;2.35248e-14;6.21388e-13;6.57197e-14;3.03339e-13;1.25621e-13;6.58945e-10;5.32484e-14;1.16762e-13
0.000322608;0.426182;1.04816e-05;0.00560145;0.00449139;0.029882;0.000106998;0.185232;0.0015068;0.000702472;0.0209572;0.049222;0.0475845;0.228198
1.75397e-05;0.743528;1.50687e-06;0.000161077;4.28793e-06;5.97794e-06;0.00143749;0.000514093;3.74828e-06;6.42062e-05;0.00657952;0.000919105;0.246647;0.000116918
1.72277e-06;0.00581495;5.4885e-08;6.29732e-05;0.00116173;5.99994e-06;1.59812e-06;0.989468;3.22261e-05;1.60316e-06;0.00143993;0.00159968;0.000407487;1.82673e-06
6.75279e-06;0.727275;0.0433316;3.20401e-05;0.00107091;0.000105886;0.000633507;2.35595e-07;3.19681e-10;0.0164769;1.48866e-07;3.70851e-06;1.1849e-05;0.211052
1.47069e-13;1.29173e-15;1;1.76994e-14;2.98007e-14;6.79392e-16;1.85739e-12;5.78666e-15;4.45136e-13;1.09779e-14;1.56653e-12;4.9307e-11;1.05785e-16;1.1454e-15
2.2656e-05;0.951727;4.92565e-07;5.12635e-05;2.63865e-05;1.71049e-05;0.00171783;0.0103879;0.00656892;6.70534e-06;0.0239105;0.00485344;0.0007038;6.19782e-06
2.47023e-05;0.0193546;4.02688e-06;1.77363e-05;0.0677952;0.0732365;2.33138e-05;0.781511;0.00150544;6.16154e-05;0.000186569;0.00121624;0.0382394;0.0168233
5.44919e-05;0.00242112;8.49299e-09;5.09622e-07;8.02564e-05;8.93087e-08;8.2045e-07;0.918599;4.71208e-05;1.15778e-07;1.18029e-05;0.000115132;0.0786696;1.16663e-07
2.07149e-06;0.999823;1.27562e-08;2.33006e-07;2.38369e-07;2.56916e-08;2.72963e-05;6.82661e-05;3.25184e-07;3.77062e-05;3.78203e-09;5.79952e-10;1.73297e-05;2.31932e-05
7.89246e-13;9.26269e-13;0.999911;4.11363e-10;1.00134e-10;3.06376e-11;5.56752e-14;1.73189e-14;2.17243e-13;2.18043e-12;2.28402e-12;8.91209e-05;5.81881e-14;1.16026e-10
1.40869e-06;0.939757;2.20187e-06;9.40984e-06;3.35868e-05;3.05943e-05;3.14499e-07;0.0415557;5.83624e-07;3.0227e-08;1.11699e-06;1.27624e-05;0.01858;1.51915e-05
1.15454e-06;0.998674;4.87835e-05;0.000102279;3.31933e-05;4.07609e-06;1.53654e-05;0.000374951;3.21273e-05;2.30333e-06;0.000288922;0.00023866;4.23055e-05;0.000142367
2.88103e-07;3.8097e-06;6.26718e-09;2.19135e-06;0.779949;0.11585;3.38371e-08;0.00285923;3.41385e-06;8.60949e-07;5.39415e-06;2.79676e-05;5.53419e-06;0.101293
2.22964e-05;0.00315261;7.54618e-08;1.62934e-07;1.96844e-06;3.15791e-08;1.26653e-07;0.995431;1.55039e-05;5.77402e-09;1.54429e-05;1.0598e-05;0.00135047;2.42278e-09
3.8046e-05;0.124428;3.73171e-07;3.61125e-05;0.00129201;1.24388e-06;4.38411e-07;0.0330611;0.000150218;3.7822e-07;0.000242688;0.84039;0.000337898;2.22174e-05
8.59838e-06;0.177265;1.3188e-10;6.96253e-05;6.47432e-05;5.90692e-08;6.41671e-07;0.822276;9.94955e-06;3.08843e-06;6.18123e-05;0.000216112;2.3228e-05;6.7249e-07
0.000268238;0.00290837;0.971224;0.00614847;0.000211902;5.09479e-05;9.08199e-06;2.06162e-08;1.72651e-05;0.000110043;0.0163958;0.00097022;5.6694e-05;0.00162951
0.00527859;0.00774238;7.68294e-08;8.27386e-08;8.28366e-06;8.02413e-08;4.83328e-06;0.986023;0.000231287;4.20394e-07;0.000194498;1.00439e-07;0.000514896;1.37201e-06
3.51027e-10;1.6289e-06;2.09634e-07;5.07231e-09;5.11861e-07;3.66898e-09;6.9387e-11;2.12443e-07;6.86424e-09;2.11569e-11;3.22476e-08;0.999997;3.75779e-10;3.89484e-07
7.02024e-07;0.99184;1.953e-06;1.24182e-07;5.94232e-07;3.57695e-08;1.58333e-07;0.00726125;5.28526e-08;2.60439e-08;1.37719e-08;1.47434e-08;0.000891822;3.48981e-06
0.000600986;0.235798;0.000146473;1.59453e-05;0.0029096;0.00294294;7.55494e-05;0.00264401;0.000580137;0.000147559;5.49684e-05;0.0510335;0.658516;0.0445337
6.18916e-05;0.0146064;8.42102e-08;1.97466e-05;0.0511258;0.000715858;3.22718e-07;0.00569487;0.00167319;1.20085e-06;2.00685e-05;0.899724;0.00492263;0.0214339
3.42124e-05;0.997917;1.37196e-09;9.55602e-07;1.32472e-05;1.4046e-07;1.43133e-07;0.000468982;2.09736e-06;1.73826e-07;3.22165e-08;3.55877e-06;0.00133869;0.000221414
0.000223391;0.363139;3.62196e-06;0.000133254;0.0126724;3.70861e-05;1.54e-08;0.088748;9.58525e-05;6.99223e-08;1.7836e-07;0.0163761;0.516116;0.0024547
3.57474e-06;0.0269207;2.00153e-07;1.37312e-06;0.000171943;3.13075e-09;4.84028e-09;0.972427;2.74121e-07;2.0877e-08;1.89836e-08;0.000468053;6.39081e-06;7.53926e-07
1.35115e-08;0.0351786;4.32909e-07;7.71191e-07;7.71526e-08;9.26551e-08;1.88376e-07;1.62174e-10;7.39738e-11;1.77504e-05;2.16011e-09;2.1324e-07;1.91677e-09;0.964802
0.00113189;0.0184457;0.000157142;3.36377e-06;3.77375e-08;4.5883e-07;0.253474;0.00151407;0.0873927;2.91748e-07;0.637016;4.7472e-05;0.000816594;3.04215e-07
2.81489e-07;0.471238;6.58553e-11;1.67167e-08;4.83512e-07;3.00053e-08;5.88318e-09;0.528555;1.28026e-06;8.56164e-09;3.04676e-08;2.18472e-07;0.000192506;1.17769e-05
3.51329e-06;0.000436923;0.424633;0.000123057;0.279148;0.00025408;5.6633e-09;0.0023269;1.22092e-07;3.82073e-06;7.54954e-07;0.273141;1.19309e-05;0.0199169
7.17193e-07;0.987768;1.25272e-12;3.35962e-08;3.04939e-08;1.91001e-09;6.35854e-05;6.04145e-08;5.62935e-07;7.50124e-07;6.81076e-06;1.48409e-09;2.33772e-05;0.0121359
7.33419e-05;0.000957026;3.57229e-07;3.1248e-06;1.30867e-05;6.27676e-07;0.440303;0.000620109;0.201482;2.52179e-06;0.355658;7.83724e-07;0.000885315;3.87884e-07
2.59959e-06;0.00011936;3.0521e-11;7.56135e-10;5.8822e-08;9.93621e-09;2.20971e-08;0.999849;1.28559e-06;1.59892e-08;4.63204e-09;4.38187e-10;2.77879e-05;3.53521e-09
9.43741e-08;5.78651e-05;9.57802e-08;2.22149e-05;0.00323623;6.82249e-05;1.68904e-09;0.000139807;4.43519e-07;1.26846e-06;3.37358e-07;0.47013;4.79634e-07;0.526343
2.62153e-05;0.926734;1.00473e-08;2.97598e-06;1.58738e-07;1.59208e-07;0.000107747;0.00912129;1.38465e-05;1.04988e-06;7.41074e-05;6.33978e-07;0.0639153;2.81841e-06
4.55999e-06;0.981243;1.48337e-06;0.000357448;4.10808e-05;2.12166e-05;1.31113e-06;0.000589043;2.16381e-06;2.37284e-05;5.50844e-06;0.000685442;0.000788151;0.0162355
6.8785e-05;0.0304286;3.18486e-06;3.72576e-05;0.000167927;1.61348e-08;2.00814e-06;0.969151;8.36203e-07;9.15984e-06;4.86017e-07;0.000116786;1.25402e-05;1.86196e-06
1.06709e-05;0.0376128;0.961242;0.000358537;0.000158576;4.57806e-05;7.73752e-06;0.000152627;2.43394e-07;0.000163509;2.65453e-05;3.88432e-05;0.000114701;6.77898e-05
0.000272327;0.65631;4.75796e-05;5.11228e-06;1.42772e-06;4.8604e-05;0.00888557;0.00982785;0.000369665;0.000144679;0.0412462;2.62386e-05;0.282506;0.000308869
1.07705e-10;8.82028e-10;1;7.09155e-09;4.82875e-09;5.61118e-09;9.71318e-10;9.24446e-11;8.94101e-09;7.1707e-10;3.56134e-08;4.94623e-10;1.08466e-10;1.62996e-09
1.97097e-07;7.14882e-05;0.999744;4.96568e-07;1.84732e-08;3.60253e-08;1.08562e-08;1.92683e-06;1.5751e-07;2.22098e-08;7.78219e-08;0.000180957;1.59591e-07;1.87784e-07
3.90735e-05;0.00233575;2.70345e-06;8.61901e-05;0.0696428;0.746291;3.32879e-07;2.42229e-05;0.00141638;8.60045e-06;0.00263055;0.000156372;0.15948;0.0178858
2.48577e-09;0.999997;1.04106e-12;1.02773e-13;2.19494e-12;6.62189e-14;2.44153e-10;5.01062e-13;8.7604e-15;2.6971e-10;7.82552e-15;6.68003e-11;2.09495e-09;2.4907e-06
3.3621e-15;7.05427e-16;1;2.27066e-15;3.02697e-13;3.75538e-15;4.7622e-15;7.26271e-15;1.1022e-14;8.04708e-15;2.48239e-16;8.69156e-11;1.59629e-17;6.10049e-15
1.39096e-07;0.000110306;2.26005e-06;1.04147e-06;9.99036e-07;1.04559e-06;6.74943e-07;0.999318;7.04822e-05;1.67997e-07;1.69747e-06;1.0357e-08;0.000492657;1.56441e-09
