3.29007e-06;0.999957;7.16408e-06;5.55117e-07;1.04584e-07;4.37027e-09;2.46663e-08;5.10943e-06;2.05453e-08;2.43083e-08;5.85974e-08;1.44599e-05;1.2255e-05;1.93525e-07
7.94858e-07;0.998799;1.63872e-11;3.11522e-08;3.76826e-08;2.04498e-09;8.88794e-07;8.11161e-05;1.80665e-09;1.98185e-06;4.39352e-10;2.32444e-11;1.85061e-07;0.00111579
1.31374e-11;1.35213e-12;0.999997;1.82153e-11;2.18796e-11;1.26404e-11;9.04045e-12;1.8648e-12;2.11737e-11;4.61835e-12;6.59508e-11;3.10262e-06;1.16741e-14;1.17649e-10
9.144e-05;0.3538;2.16906e-06;4.42418e-06;9.07466e-05;5.08532e-05;0.000144971;0.0243015;0.00206713;6.92619e-07;0.00104227;1.87702e-05;0.617987;0.000398275
4.58421e-05;0.173773;2.97859e-05;3.45647e-05;0.00057524;0.000217195;2.38644e-06;0.157895;0.00012617;1.59708e-06;0.000338617;0.661258;0.00256246;0.00313933
2.7075e-05;0.791593;1.131e-06;2.09511e-06;2.45792e-05;0.000109551;3.49035e-07;0.0212479;2.13142e-07;6.95362e-08;2.26626e-06;0.0472637;0.139715;1.22839e-05
3.97476e-06;0.0180587;6.63332e-09;8.40743e-07;3.805e-07;3.17594e-07;4.89772e-09;0.00348688;2.71112e-07;3.66826e-09;3.93864e-07;0.827584;0.15085;1.46683e-05
1.91568e-05;0.598121;1.21863e-05;9.56333e-06;3.53792e-05;4.1705e-05;7.39701e-08;0.000816594;5.08661e-06;8.12098e-07;1.93075e-06;0.00220819;0.381337;0.0173913
3.14296e-05;0.0614984;9.23063e-07;9.1495e-05;0.000311672;0.000301415;9.54031e-05;0.00495885;5.72781e-05;3.41966e-05;9.83434e-05;0.892431;0.0319103;0.00817958
7.54441e-05;0.606824;1.25437e-06;0.000277025;4.09787e-06;4.0911e-06;0.00507664;0.00373846;0.000196054;5.36168e-06;0.00460427;9.41381e-05;0.378992;0.000107743
1.4146e-06;0.000315036;4.65848e-08;0.000678279;0.00164512;0.0018124;2.45892e-06;0.994077;1.05445e-06;1.95446e-05;2.04402e-05;4.76212e-05;2.04238e-05;0.00135913
2.99063e-06;9.02408e-06;0.999867;1.2825e-06;7.99581e-08;6.60826e-07;2.25087e-08;2.45218e-06;8.99527e-09;1.412e-07;3.75608e-08;0.000107471;4.28531e-07;8.8171e-06
2.94062e-06;0.00892449;5.7968e-10;1.50551e-07;0.000833548;0.000189345;1.09697e-05;4.47918e-05;5.31047e-07;9.61516e-06;1.63503e-07;2.45293e-10;1.14636e-05;0.989972
2.04538e-12;1.41435e-12;1;4.23677e-13;1.24967e-12;2.49771e-12;1.18539e-13;3.20817e-14;1.56493e-12;5.3896e-13;1.83125e-13;1.82078e-09;3.48681e-13;2.79472e-12
5.19914e-06;0.000997213;1.90892e-07;1.98757e-05;0.000217594;9.72888e-06;1.24405e-07;0.991614;0.00708288;4.22922e-07;2.36629e-05;3.61118e-06;3.54541e-06;2.22046e-05
2.9765e-06;0.999852;1.78448e-05;1.77467e-06;1.61046e-06;1.00856e-08;1.07387e-08;8.51367e-05;1.62127e-08;5.68923e-08;3.26493e-08;6.62403e-06;3.22607e-05;2.21222e-07
2.27517e-07;0.999917;1.13596e-12;8.07579e-09;9.09142e-09;1.74249e-09;1.10077e-07;4.90637e-05;3.68797e-10;1.94516e-07;7.27981e-11;1.32432e-11;3.59603e-06;3.02739e-05
2.31372e-13;4.0354e-15;0.999999;1.29553e-13;2.15682e-12;2.16672e-13;1.09029e-13;1.99359e-14;1.6712e-13;2.13367e-14;1.2879e-13;5.95484e-07;3.14894e-17;4.99238e-12
1.80596e-06;0.0925166;5.51048e-10;2.13642e-07;4.09674e-05;2.72722e-06;1.67402e-06;0.000244584;7.3915e-05;4.60002e-08;7.7887e-06;5.77339e-07;0.907023;8.60765e-05
4.87111e-06;0.0544327;0.000374539;5.69879e-06;6.25854e-05;1.3614e-05;8.83823e-08;0.0146624;5.90128e-06;1.11099e-06;1.84384e-05;0.902005;0.0282516;0.000161855
4.72724e-06;0.0263098;1.44546e-07;0.000997189;0.0233998;0.0155809;1.68224e-07;0.0130076;2.02029e-05;2.34051e-05;4.28942e-05;0.00430628;0.00702104;0.909286
3.16998e-05;0.000314524;6.85064e-10;7.66623e-07;0.000455699;6.56003e-08;4.3657e-07;0.998906;2.4072e-06;9.46487e-07;1.67324e-05;6.93015e-05;0.000190887;1.06072e-05
4.11614e-06;0.000430229;0.999262;8.49723e-06;1.79169e-05;3.01714e-05;1.24216e-05;0.000162626;2.38608e-07;4.81669e-05;8.86873e-06;1.78311e-07;9.4307e-06;5.3255e-06
1.63009e-09;6.43372e-09;1;5.5186e-10;2.64643e-11;4.79505e-11;2.61403e-09;4.81881e-12;1.37618e-08;9.88841e-11;3.89145e-08;8.63021e-08;1.45347e-11;1.70965e-10
1.9296e-07;0.000238219;2.52068e-06;6.44198e-08;1.01482e-08;1.13556e-07;9.28386e-09;3.69269e-06;2.97313e-06;4.51961e-10;4.35915e-06;0.999742;3.77942e-06;1.92015e-06
9.69658e-08;0.997194;5.86155e-09;1.12125e-10;2.44807e-08;4.67992e-08;3.53417e-08;2.35483e-08;5.45476e-09;9.14852e-10;2.57405e-08;5.97242e-06;0.00279953;6.94248e-09
4.76339e-09;0.000111363;5.20485e-06;6.32396e-09;1.2873e-05;4.69463e-06;3.88704e-09;0.000382945;5.07725e-08;1.82936e-09;9.34674e-09;0.999454;1.16323e-05;1.74172e-05
9.73238e-07;0.0342296;4.06257e-10;2.61506e-08;2.73187e-05;9.76153e-05;5.96192e-09;0.965005;3.70411e-05;1.92451e-10;1.83238e-08;1.05457e-07;0.00059783;4.73411e-06
1.46895e-05;0.474843;7.5288e-07;1.43831e-07;3.29565e-06;4.42482e-07;5.4582e-11;0.476809;1.29135e-08;3.98792e-08;3.3444e-10;0.00117161;0.0471562;7.01356e-08
3.03206e-07;0.0212042;2.11707e-05;2.61552e-05;0.00049644;4.20516e-06;2.20242e-08;0.00470389;1.38836e-08;3.92558e-06;1.22652e-07;0.973241;9.85104e-07;0.000297291
9.34994e-07;0.00961395;1.22498e-07;1.05129e-06;5.60888e-09;7.86818e-09;0.987566;4.6645e-08;2.3839e-06;0.00276347;4.58833e-05;1.54709e-09;3.28897e-06;2.57064e-06
1.49671e-09;6.14937e-12;0.999999;3.12037e-08;1.20637e-09;2.1133e-09;1.52452e-07;1.54715e-11;3.55864e-07;1.27821e-08;7.55212e-07;1.1443e-07;2.59054e-13;7.32025e-10
2.89634e-06;3.19204e-06;4.13496e-10;3.65469e-10;1.90738e-08;5.34711e-10;5.22302e-07;0.999992;9.83867e-07;3.19947e-10;6.87511e-08;4.17459e-09;4.8526e-07;8.77784e-11
7.7354e-07;0.00530857;2.08758e-06;1.59257e-05;0.00104382;0.000410687;2.97327e-05;0.00150844;3.86956e-05;3.385e-05;3.41442e-06;2.47021e-07;0.00103748;0.990566
9.92382e-11;3.46679e-09;1;1.97676e-10;3.78993e-11;3.67515e-12;1.44511e-09;1.26948e-09;9.15334e-09;2.47137e-11;2.50524e-09;2.08841e-11;3.76709e-10;1.02191e-10
2.22134e-07;0.000164725;0.965778;1.16097e-06;7.09719e-07;5.52488e-08;5.34697e-08;0.0335667;1.33001e-06;1.53691e-08;4.85388e-08;0.000483356;7.52542e-07;3.36134e-06
6.45276e-09;5.57128e-06;9.56089e-08;6.88404e-08;1.08931e-06;1.33067e-06;8.61172e-11;5.6915e-07;1.29243e-09;7.77848e-09;1.95831e-10;1.38694e-05;2.65125e-09;0.999977
4.0958e-07;0.99905;3.85146e-11;4.07499e-08;3.90607e-09;5.35136e-10;4.8637e-08;9.77441e-05;5.01049e-08;2.29366e-10;1.14272e-05;0.000119049;0.000720931;1.64718e-09
8.26921e-08;0.999907;2.08661e-12;2.39727e-08;7.57497e-09;1.21921e-09;6.5844e-07;2.20389e-05;1.82868e-10;1.49455e-07;5.18783e-11;1.69643e-12;1.84853e-07;6.96104e-05
5.59116e-13;7.61974e-13;1;2.18368e-11;3.59318e-12;3.06539e-13;1.89748e-12;2.30041e-13;3.01494e-13;2.72226e-12;9.7995e-13;5.42442e-09;1.28443e-14;3.56565e-11
3.01814e-06;0.0935921;0.000413142;4.01694e-05;2.31697e-05;5.79478e-05;8.54651e-07;8.96067e-05;1.86566e-08;1.06745e-06;8.66432e-07;3.56886e-05;0.905742;5.84418e-07
9.70744e-06;0.0178238;2.48783e-05;3.71762e-05;5.81911e-07;3.40891e-05;4.23286e-06;0.771402;4.84549e-05;6.75701e-07;0.000796771;0.208496;0.00131273;9.67386e-06
3.59417e-07;8.34361e-05;3.11334e-07;5.88156e-05;0.0130327;0.916897;4.69283e-08;0.0684874;3.24012e-06;8.68901e-07;1.78878e-05;1.67972e-05;0.000128611;0.00127251
4.62505e-05;0.127843;6.88823e-08;1.86872e-06;7.38586e-08;5.6428e-07;3.08287e-06;4.63681e-05;5.27259e-07;6.83961e-08;2.76092e-06;2.11916e-05;0.87203;4.05249e-06
0.000193952;0.19166;1.47783e-05;0.0226215;0.0198066;0.00928928;2.75662e-08;0.142383;3.36629e-05;3.22747e-05;0.000145734;0.151458;0.000973555;0.461388
0.000155201;0.0169196;9.99942e-08;5.45167e-06;1.27396e-07;1.06896e-06;9.38777e-08;2.83263e-05;5.18582e-05;5.8096e-07;0.00010038;0.000128668;0.982599;8.98289e-06
3.52406e-05;0.111514;0.000144892;5.48624e-07;0.00068262;2.35494e-07;7.56535e-08;0.0183145;1.62393e-06;4.80871e-07;9.92534e-08;0.821162;0.000119658;0.0480235
2.29865e-05;0.22925;7.34639e-09;7.20913e-06;0.000129697;2.18041e-05;3.3181e-06;0.74228;0.000281368;1.27907e-05;2.10301e-06;4.38515e-06;0.0278417;0.000142185
1.86065e-07;9.78927e-11;0.999997;1.09406e-07;1.44361e-09;3.85535e-10;2.50286e-08;1.73126e-08;2.58733e-06;1.89507e-08;3.7153e-07;8.86608e-08;6.42297e-10;4.31986e-11
0.000265549;9.28053e-05;7.58019e-06;0.000326326;9.05254e-07;8.98528e-07;5.37715e-06;0.00017706;0.237986;1.40228e-06;0.0125368;0.748519;7.41065e-05;6.60749e-06
3.80899e-05;0.997861;1.5774e-07;5.62906e-07;1.25301e-05;2.00827e-05;6.34981e-08;0.000804327;0.000249495;4.37291e-07;1.29788e-06;3.37018e-05;0.000669892;0.000308175
5.53799e-07;0.00091758;2.25726e-07;4.26109e-07;6.2905e-07;9.85163e-06;2.54572e-09;7.18827e-06;8.23363e-08;6.91579e-08;3.80074e-08;1.46538e-05;0.999019;2.97622e-05
4.8858e-07;1.14373e-05;0.999738;1.29541e-06;0.000122144;7.39967e-07;7.03455e-10;7.38947e-06;1.42819e-08;1.02088e-06;5.60832e-10;8.2869e-05;2.13039e-07;3.42984e-05
0.000468924;0.0146314;4.18895e-05;0.000729095;1.22473e-05;3.44454e-05;0.000767293;0.0417741;0.584341;8.25644e-05;0.25531;0.00102404;0.100782;1.06765e-07
