1.39201e-07;1.68565e-06;4.73563e-12;4.63423e-11;6.73155e-09;2.22832e-10;2.6467e-10;0.999997;9.90163e-08;6.61955e-11;3.26036e-10;2.34923e-12;5.43653e-07;8.60599e-10
1.82688e-10;2.94239e-09;4.60377e-06;2.55815e-09;1.46043e-06;6.36715e-10;2.87467e-11;6.4253e-09;1.19785e-08;9.13784e-12;4.47446e-10;0.999994;8.71081e-11;5.65455e-08
5.69195e-07;0.894193;3.53656e-13;1.90803e-08;6.78417e-08;4.70678e-10;8.96496e-07;8.34549e-05;6.43219e-07;6.68677e-10;7.30304e-07;2.0548e-07;0.105721;8.5246e-09
5.11679e-06;0.141595;0.000150106;1.41952e-05;1.17794e-05;1.16509e-06;3.62608e-08;0.000263959;1.14371e-06;1.22456e-07;1.17787e-06;0.84068;0.00954268;0.0077334
1.36324e-06;0.00575061;3.28479e-06;7.26547e-05;0.930407;0.000109075;1.72923e-07;0.0322707;1.19445e-06;7.55879e-06;2.13096e-06;9.5974e-05;6.34079e-05;0.0312153
1.60422e-05;0.00183917;0.991339;0.000173567;8.34868e-06;8.27786e-06;2.27884e-06;1.71894e-07;1.64139e-07;5.91003e-06;0.00016813;0.00619123;0.000158726;8.89216e-05
0.00133634;0.386943;3.98631e-07;2.86104e-06;8.11281e-10;2.10193e-08;0.000117605;2.08248e-06;0.000235609;1.21859e-07;0.0585899;0.000168152;0.552602;1.90865e-06
3.43276e-07;0.0199475;1.71735e-06;6.13826e-08;4.88015e-06;1.42084e-06;1.04701e-08;0.0044926;6.0577e-08;5.82726e-08;1.59138e-07;0.969398;0.000200958;0.00595259
1.15873e-05;0.880305;7.72271e-08;2.77542e-06;9.00612e-05;0.000221163;1.3224e-05;0.0878194;8.62138e-06;2.86312e-06;4.73816e-05;0.00322752;0.0264627;0.00178718
0.00104225;0.271974;1.04659e-05;0.000896742;3.36632e-05;2.18582e-05;0.00167686;0.0672168;0.000565107;0.000213597;0.0248146;0.571895;0.0509567;0.00868262
2.04557e-05;0.975659;4.44607e-06;2.84515e-06;2.96799e-05;1.5325e-06;1.3123e-07;0.0156846;9.84241e-07;5.37708e-07;2.67123e-06;0.00802772;0.000523713;4.12596e-05
2.22544e-05;0.89882;6.86826e-07;1.08368e-05;3.4532e-05;6.16271e-07;2.41519e-05;0.0005416;9.66763e-07;1.76747e-05;1.3609e-05;0.0663738;0.0121742;0.0219646
8.88476e-06;0.303647;1.53361e-06;0.000565705;0.000134083;0.000118713;0.000107514;0.00844649;6.12209e-05;2.91997e-05;0.000130939;0.000608778;0.685776;0.000363747
3.898e-05;0.0024531;0.964238;0.000298286;0.00014694;1.02565e-05;6.75868e-07;6.6532e-05;9.97414e-07;2.37263e-06;6.30483e-07;0.0275561;2.13744e-05;0.00516608
0.0002236;0.632195;2.15088e-08;1.17654e-05;1.3006e-05;4.16639e-05;7.29204e-05;0.0026804;6.91814e-05;7.4173e-07;1.28286e-05;6.90649e-05;0.364534;7.50696e-05
3.21537e-05;0.900702;1.61093e-05;3.02102e-06;2.32389e-07;9.27272e-08;7.44645e-06;0.0160818;9.10607e-06;9.40657e-07;1.45671e-05;0.000649701;0.082481;1.6251e-06
1.53129e-05;0.18157;1.39175e-09;4.18973e-05;5.46994e-06;1.8114e-05;4.09411e-08;0.00185326;0.000128321;2.1341e-07;0.000261233;0.814073;0.00169101;0.000341443
1.34431e-06;0.995116;3.68691e-08;1.08596e-09;1.3802e-09;1.25768e-10;9.46466e-09;2.62288e-06;7.55588e-11;6.01677e-09;1.47284e-09;0.000277596;0.00460247;6.42213e-09
6.62148e-05;0.120836;3.15041e-05;0.00146914;0.000930436;0.023869;2.75239e-05;0.00850735;0.000516116;1.82255e-05;0.00104086;0.76397;0.0449208;0.0337966
0.000365037;0.773946;2.09337e-08;0.000130578;0.000858744;0.0948857;0.000119606;0.0872421;2.85758e-05;8.95698e-05;2.07405e-05;4.07029e-05;0.0113557;0.0309168
2.0626e-05;0.00190218;1.56876e-05;6.76992e-06;9.34366e-07;9.91145e-06;1.56678e-06;0.000218452;2.86642e-07;7.71341e-07;5.92838e-06;0.000318693;0.997469;2.89131e-05
0.000304575;0.00640739;0.000112616;0.000544316;6.15914e-06;3.1965e-05;5.27549e-06;0.00036218;0.00102144;1.03183e-05;0.00760462;0.976628;0.0069588;2.72143e-06
2.02743e-06;0.997499;5.13551e-05;3.12425e-08;7.17302e-09;1.74024e-09;2.28146e-07;2.91094e-05;4.14583e-08;9.5285e-08;7.59442e-07;0.000148589;0.00226864;2.96094e-09
7.88249e-09;0.997386;4.78049e-10;1.7824e-05;3.20938e-06;1.12379e-07;3.19313e-05;1.49486e-06;1.26461e-08;0.000728344;5.75292e-08;3.39312e-05;5.62049e-07;0.00179659
2.63556e-07;1.70155e-06;0.999895;3.72123e-06;2.06241e-07;5.48213e-07;2.02562e-06;1.62964e-07;5.85867e-07;1.21027e-07;8.31502e-05;1.30077e-07;1.17519e-05;4.66714e-07
6.20546e-06;0.987951;2.54599e-08;5.00916e-08;8.51991e-07;1.1764e-07;1.35062e-07;0.00145948;1.59454e-08;1.70801e-07;4.23382e-08;1.49592e-06;0.0105749;5.49659e-06
3.01878e-08;0.000203665;3.61499e-08;5.66927e-09;0.000408065;7.02345e-09;1.62335e-09;7.38533e-05;6.74282e-08;6.23664e-09;9.37295e-09;0.999314;4.61021e-08;6.61404e-07
5.29289e-07;0.97621;4.46107e-05;1.31361e-07;4.66071e-06;1.75138e-06;3.21643e-08;4.46829e-08;6.59509e-09;3.96078e-07;2.24228e-08;1.59643e-06;0.0237336;2.66026e-06
0.00114438;0.741109;1.22411e-09;6.50806e-06;0.000293382;9.24592e-06;0.00287515;0.0286227;0.0444191;0.000197828;0.000971114;0.156048;0.0236852;0.000617712
5.78392e-05;0.0221625;3.30091e-06;3.60452e-05;0.0015747;0.00075062;1.82796e-06;0.000591911;3.37058e-05;4.81042e-06;7.44197e-06;0.00475045;0.970004;2.08132e-05
0.00221111;0.0112917;1.87911e-07;3.09683e-06;4.45318e-05;8.13202e-05;3.66719e-07;0.00711474;7.83755e-07;6.44865e-06;7.21249e-08;0.673587;0.305533;0.00012581
6.59515e-06;0.00257836;5.22083e-08;3.72492e-07;2.78338e-08;1.48683e-07;8.51297e-07;0.00858854;3.2547e-05;4.99344e-08;7.17725e-06;3.79643e-06;0.988781;1.15383e-08
1.55261e-07;0.999499;9.76125e-09;9.27286e-08;1.21959e-07;8.03071e-08;1.13291e-08;0.0003383;2.14698e-07;5.64308e-08;1.31998e-07;5.75539e-05;0.000102887;1.64391e-06
3.41346e-06;0.81667;3.80815e-05;0.00045759;0.00020083;0.000106317;1.30744e-07;0.05295;1.04212e-06;3.29477e-05;1.10647e-05;0.116937;0.00592481;0.00666709
4.58465e-06;0.662234;2.35424e-07;8.26514e-05;0.00011429;4.26148e-05;1.56451e-06;0.000150242;4.67649e-08;1.00455e-05;5.00412e-06;0.00099491;0.00198898;0.334371
8.69176e-07;0.00146894;1.68617e-06;8.76374e-09;9.46753e-09;4.92818e-08;6.76334e-09;3.80891e-06;1.11602e-08;2.43243e-10;2.96201e-06;0.99533;0.00319099;5.94669e-07
3.54442e-09;0.999164;6.10207e-13;1.63675e-09;1.27712e-09;1.61647e-09;5.13997e-06;3.65806e-06;4.19827e-10;9.84033e-07;1.78322e-09;1.69223e-10;1.20462e-07;0.000826516
1.8657e-12;1.93526e-11;1;5.68998e-12;1.92236e-13;3.42926e-11;9.91087e-12;2.39504e-13;2.99504e-12;3.57995e-11;1.45575e-11;2.33848e-09;1.66785e-14;9.00464e-13
3.3053e-06;0.980067;2.99851e-10;4.25281e-06;2.94984e-08;1.13782e-06;9.09669e-06;0.00130465;0.000310834;1.3777e-06;0.000199634;2.2489e-08;0.0180989;1.97744e-08
3.6797e-06;1.51078e-06;6.74978e-08;2.32214e-07;2.96597e-07;2.00722e-08;6.6243e-08;0.999987;5.79352e-06;3.6114e-07;1.42616e-07;1.12282e-06;1.98129e-07;6.37424e-09
3.6324e-07;0.99032;1.67982e-08;6.11909e-05;1.739e-06;4.04443e-07;0.00140453;5.43852e-08;1.51494e-06;0.00168284;1.08355e-06;3.13031e-07;3.15775e-10;0.00652627
6.7954e-07;6.20949e-07;0.999959;1.88261e-07;7.61316e-09;1.06633e-07;1.22774e-05;6.50011e-09;1.86547e-06;4.79233e-08;2.39832e-05;1.30434e-06;6.43843e-08;1.27505e-07
4.57979e-05;0.313854;1.56638e-09;5.83487e-08;5.57567e-08;1.1267e-08;1.95949e-06;0.00336677;1.66533e-05;2.47285e-08;2.64529e-05;1.89122e-05;0.68267;8.57848e-10
6.85402e-05;0.580244;7.34125e-07;1.46335e-06;0.117168;0.000181485;3.46132e-09;0.00689987;3.18816e-06;2.79848e-05;1.07216e-09;0.113095;0.00036026;0.18195
5.85029e-05;0.970052;1.55489e-09;1.20936e-06;0.00289092;0.000134444;1.20732e-06;0.0148541;0.000200594;2.80606e-05;7.46669e-08;0.000270603;0.0110067;0.000501953
0.000265411;0.692841;2.44465e-08;5.34654e-05;0.106646;1.36485e-06;7.11761e-05;0.0168547;0.00293824;0.000163414;6.90782e-06;0.145051;0.0349658;0.000141701
0.000157413;0.0690945;0.0108256;0.000358889;0.000637075;3.6086e-06;3.46071e-07;8.61605e-05;8.14525e-07;5.03143e-06;2.70933e-07;0.915829;0.00300049;1.14942e-06
0.000134578;0.990327;7.32196e-09;9.22188e-07;1.24237e-06;3.16721e-07;2.71951e-06;0.000196112;1.52224e-05;1.061e-07;1.65398e-06;8.28838e-05;0.00785836;0.00137878
6.77839e-05;0.388042;7.70549e-05;4.46396e-05;7.32014e-05;3.68752e-05;3.8182e-06;0.0384098;6.65578e-06;3.96948e-06;1.64256e-06;0.0492445;0.523765;0.000223515
0.000278154;0.00828462;0.000550491;0.028076;0.0632927;0.000520737;0.000151775;0.421997;0.000302647;0.000482327;0.000259909;0.0863841;0.0285321;0.360887
2.74006e-05;0.998638;1.67816e-08;1.1152e-07;4.06926e-08;1.00292e-09;8.39686e-06;0.000428393;2.06231e-06;9.40025e-09;5.56989e-07;0.000268081;0.000627;5.97526e-09
1.03158e-05;0.00531752;0.137206;3.48285e-05;0.00165029;0.0039765;2.58341e-07;0.0111458;7.03193e-08;1.84551e-05;1.67995e-07;0.827275;0.00389239;0.00947273
1.04561e-05;0.487325;1.00098e-05;4.25532e-06;1.99541e-05;0.000120951;2.87642e-06;0.217216;9.30465e-05;1.44427e-07;2.41052e-05;0.0726862;0.212123;0.0103642
1.34505e-09;0.999925;2.802e-10;5.31952e-09;2.07937e-11;1.3009e-10;6.28213e-05;2.76132e-08;6.30761e-10;5.96129e-06;2.3579e-09;3.72801e-11;5.78913e-06;8.1041e-08
2.83945e-09;6.87207e-09;0.99996;2.27324e-07;2.81175e-09;1.02913e-09;5.05377e-07;9.51585e-09;7.43504e-07;2.9985e-08;5.43959e-07;3.76181e-05;2.51751e-10;2.54246e-09
2.46028e-06;0.999275;1.77507e-07;1.37246e-06;3.80546e-07;1.64773e-08;1.49139e-05;0.000571541;2.62595e-07;2.39165e-07;1.05344e-06;4.67569e-06;0.000127557;1.01785e-07
1.42789e-07;0.999551;9.79873e-11;2.5124e-07;1.15588e-08;2.22315e-09;2.67107e-05;1.95946e-05;2.43609e-09;2.20989e-05;2.60987e-09;3.82857e-10;1.11261e-07;0.000380284
6.23844e-13;1.9534e-13;1;5.78219e-12;3.69551e-12;3.29904e-12;3.35608e-12;1.17824e-14;5.03906e-13;7.05878e-13;2.62141e-11;8.27621e-09;2.26663e-15;4.28711e-11
2.53743e-06;0.991656;2.65964e-10;2.72459e-07;8.76119e-06;2.46716e-06;5.71812e-06;0.000766997;6.16328e-06;6.77234e-08;1.83253e-05;3.73064e-07;0.004283;0.00324987
4.49338e-06;0.000442521;5.17726e-05;1.13243e-06;3.46464e-06;1.41267e-06;5.87304e-07;0.260718;4.54731e-06;6.52813e-08;3.12911e-05;0.731662;0.00707699;8.08002e-07
8.51518e-05;0.327721;0.00100718;0.000103322;0.00239298;0.0325257;4.37139e-06;0.0350291;1.86156e-06;1.8112e-05;4.30913e-06;0.00976375;0.586625;0.00471761
0.00114189;0.107664;3.22368e-06;0.000930033;0.00225569;0.000212458;9.32343e-06;0.28343;0.00224048;1.69471e-05;0.000515948;0.519846;0.0564621;0.0252724
0.000572731;0.871977;0.117622;0.000772209;0.000109687;2.25309e-05;3.80015e-07;0.00119738;3.39221e-06;7.67979e-06;1.82801e-06;0.00456779;0.00125963;0.00188592
0.00024343;0.0836492;4.75485e-06;3.10631e-05;4.81134e-05;1.74622e-05;1.44505e-05;0.000863396;0.00051324;4.99414e-06;0.000717338;0.192562;0.721322;8.5859e-06
0.000242877;0.36091;6.54561e-07;4.1818e-05;0.0520944;0.00110212;2.00624e-05;0.206645;0.000207687;1.03187e-05;2.51988e-05;0.246649;0.0741025;0.0579487
1.01642e-05;0.14687;1.47158e-07;1.1693e-06;0.000108589;2.918e-06;1.02403e-07;0.0244903;8.08512e-08;7.14222e-08;2.38053e-08;0.828151;0.000315583;4.89433e-05
0.000965661;0.695294;0.000383415;1.15081e-05;1.99304e-05;6.91461e-05;0.000311594;0.0543835;9.799e-05;8.15418e-05;1.27873e-05;0.07254;0.175315;0.000513597
6.07983e-05;0.953165;4.24513e-07;0.000121718;5.14881e-05;4.35531e-05;8.20428e-06;0.00634827;0.000284991;3.46427e-06;3.1444e-05;0.0393646;4.51153e-05;0.000471183
0.000222122;0.00873333;7.34207e-05;4.09742e-06;0.000385417;9.3533e-06;1.12057e-07;0.0279523;7.22345e-06;1.31961e-06;4.70911e-07;0.954209;0.00831936;8.26793e-05
1.74322e-07;0.00144373;1.02407e-09;5.03728e-08;2.10474e-09;4.93169e-10;0.998162;2.0289e-08;2.91477e-05;0.00036004;2.16093e-06;5.07929e-12;4.38614e-08;2.92649e-06
3.73707e-09;2.41015e-10;0.999999;4.76246e-09;4.34683e-10;2.0164e-10;2.81462e-07;6.65172e-11;4.75418e-07;1.73626e-08;2.17783e-08;2.14519e-09;1.34339e-12;1.19987e-09
4.89983e-05;0.998183;5.78327e-08;8.15916e-07;4.77477e-07;3.64904e-07;1.65978e-05;0.00103125;0.000514519;1.54487e-06;7.17169e-06;0.000120167;7.46762e-05;3.69539e-07
6.60496e-06;0.980262;1.77028e-08;3.58074e-06;5.11596e-06;4.99915e-07;2.38766e-08;0.00293967;6.45367e-05;7.37745e-08;2.40375e-06;0.00270845;0.0140055;1.2959e-06
1.15017e-06;0.0112232;2.70081e-10;1.93533e-07;0.000738814;8.46639e-09;2.34292e-07;9.7257e-06;2.76871e-09;2.67085e-06;3.50824e-10;9.99713e-07;1.25259e-07;0.988023
2.62261e-06;0.000748312;0.00037224;1.62423e-06;0.000268708;1.56926e-05;1.28147e-08;7.79581e-06;3.83423e-08;1.87645e-07;8.53641e-08;0.998449;4.2989e-06;0.000129422
1.14293e-06;0.95252;6.12477e-12;5.7529e-09;7.61818e-10;9.01578e-10;0.0465755;5.74439e-06;9.55375e-07;2.86441e-05;2.43256e-07;1.80046e-12;2.62176e-07;0.000867184
1.14928e-10;4.27907e-10;1;9.16916e-11;2.38443e-12;1.52442e-10;2.44911e-09;2.25945e-10;4.52481e-09;3.22853e-10;1.3449e-09;8.53659e-10;2.95668e-13;7.7645e-12
1.87865e-06;0.985265;1.19001e-09;4.17035e-06;6.42455e-09;2.9106e-08;1.90072e-05;0.00045303;0.00064469;1.21209e-06;9.40741e-05;3.14169e-06;0.0135137;7.0604e-08
2.88618e-05;0.0073644;3.38324e-06;6.46183e-06;3.14636e-05;1.70687e-06;9.61742e-08;0.960074;1.0829e-06;1.75514e-05;3.77524e-07;0.031242;0.00121971;8.96046e-06
1.94672e-06;0.828202;4.42819e-07;4.7676e-06;3.95056e-05;7.7212e-06;0.000911633;0.170156;3.10183e-06;2.65179e-05;6.44179e-06;2.32735e-05;0.000557117;6.02566e-05
6.97103e-12;2.22238e-10;1;7.32572e-11;1.52834e-13;1.03803e-12;8.41267e-10;1.30336e-12;4.55887e-11;1.39157e-11;4.42393e-10;1.529e-10;4.70904e-11;4.51062e-15
1.4635e-06;0.00106971;0.00795271;2.67515e-06;1.39874e-07;4.39009e-07;5.14355e-07;0.000423498;8.11375e-05;1.48998e-07;1.42471e-05;0.990429;2.30313e-05;1.23737e-06
8.27915e-06;0.939629;6.67759e-07;6.9413e-07;3.73314e-05;0.000421105;1.45011e-07;0.00193084;2.01356e-05;1.08434e-06;3.51044e-06;9.78873e-05;0.0578128;3.60523e-05
1.03137e-05;0.0262679;2.94844e-07;2.02754e-07;0.000169148;2.60409e-06;4.05105e-09;9.71037e-05;3.7611e-06;1.26794e-07;2.36415e-07;0.972857;0.000576307;1.54053e-05
0.00280089;0.261025;0.00787737;1.9917e-05;0.132075;7.71325e-06;2.87051e-08;0.594579;5.61198e-05;3.01513e-07;2.1091e-08;0.000945677;8.72407e-06;0.000604297
1.47562e-05;0.0231355;8.76763e-09;2.27338e-08;1.26929e-05;6.39127e-09;1.67787e-09;0.976482;5.78208e-07;1.66276e-08;5.08439e-10;0.000339217;9.63991e-06;5.50605e-06
5.33267e-06;0.0313266;1.61183e-05;6.69284e-07;0.000865784;6.79516e-05;2.07911e-08;0.953149;3.33021e-07;4.01376e-07;6.32368e-08;0.000153907;0.0104274;0.00398611
7.49954e-07;0.994802;3.19588e-09;1.77074e-07;2.16567e-06;1.38944e-07;0.000910002;0.00225462;6.61822e-08;8.24837e-05;7.557e-08;2.92139e-07;1.36697e-06;0.00194531
1.66451e-10;1.0196e-09;1;6.81191e-10;1.34204e-10;1.17485e-10;1.35912e-09;4.34827e-11;4.58194e-10;7.00227e-11;2.3928e-09;5.62376e-09;5.59514e-12;6.01308e-11
6.24743e-06;0.993548;4.26268e-09;1.48573e-06;9.67197e-07;4.8049e-09;4.19868e-05;0.00584896;8.5869e-06;6.03746e-07;3.09433e-06;0.000111189;0.000426475;2.30951e-06
1.36596e-07;0.0820738;3.49865e-08;4.43039e-07;1.22058e-05;3.52182e-07;2.64026e-08;0.000177493;1.52555e-07;6.19295e-07;2.79543e-08;0.917616;4.04566e-05;7.78439e-05
5.20388e-06;0.00615349;4.92701e-09;8.39961e-06;6.51482e-06;4.7169e-06;1.44462e-05;0.000908766;9.8876e-07;1.32798e-06;3.32908e-06;0.000600249;0.992269;2.36627e-05
8.09949e-05;0.591609;0.387768;5.28408e-06;2.08882e-05;7.04304e-08;3.58486e-06;0.00577404;1.42532e-08;7.43143e-07;5.06442e-08;0.0139411;0.000770934;2.53248e-05
1.3428e-06;0.45442;1.24735e-09;4.39532e-06;6.24783e-06;3.78641e-06;0.487919;0.000957821;7.5619e-06;0.0029182;3.63074e-06;5.93341e-11;1.04284e-05;0.0537478
4.50013e-09;4.19074e-09;0.999999;4.0532e-08;1.30776e-09;1.27665e-09;1.65304e-07;7.01541e-09;1.82732e-07;6.12291e-09;1.18714e-07;1.08938e-07;2.32358e-11;1.22272e-10
6.25768e-06;0.993743;2.97965e-07;3.73075e-06;1.69654e-05;2.06484e-06;1.33655e-06;0.0035344;6.93698e-05;4.09332e-07;1.13406e-05;0.00172411;0.00084259;4.41711e-05
2.28086e-05;0.485858;8.56249e-08;0.000210823;3.73134e-05;5.96295e-06;2.4948e-06;0.00639017;0.00780449;4.01148e-06;0.00221678;0.495081;0.00233767;2.82133e-05
5.80555e-05;0.371098;2.60617e-08;5.76752e-07;8.7896e-05;1.75201e-05;7.65477e-06;0.610341;0.000214989;2.18512e-06;3.84617e-05;0.0113753;0.00674934;9.04123e-06
5.209e-06;0.0365258;8.64933e-06;6.23166e-07;0.000297622;3.11727e-07;1.85031e-07;5.81477e-05;2.39034e-05;1.43441e-08;7.54664e-07;0.961814;0.00126417;2.05891e-07
0.00121392;0.95012;7.52773e-06;5.69766e-07;2.71435e-05;8.69782e-08;4.99116e-05;8.96225e-05;3.72849e-05;7.37503e-08;6.83911e-07;0.00109698;0.0461998;0.00115625
8.32205e-05;0.158719;7.13799e-05;1.6909e-07;0.000103878;3.18018e-07;1.33555e-07;0.379618;6.51788e-06;9.81171e-09;1.96485e-08;0.457653;0.00365558;8.82234e-05
2.82391e-07;0.0588917;3.04465e-10;1.37472e-06;0.0163124;2.11542e-05;1.04408e-09;0.92202;2.30184e-07;5.96914e-08;2.75303e-09;0.000136537;0.00251453;0.000102059
1.1804e-05;0.000438465;0.963888;8.22799e-06;0.000110816;2.36025e-05;4.24744e-07;1.83672e-06;5.25777e-08;2.91375e-06;2.46077e-07;0.0324437;0.00138746;0.001682
0.000166068;0.388122;2.72617e-08;6.08676e-05;8.9337e-06;3.53692e-06;0.000130747;0.0806658;0.521462;1.58138e-06;0.00533355;0.000178202;0.00175801;0.00210824
5.11705e-07;0.0188794;6.34915e-09;9.23605e-08;0.000175757;1.47604e-08;1.5802e-07;0.980926;7.75918e-07;3.54505e-07;1.93312e-08;6.5337e-06;7.58647e-07;9.33774e-06
1.5957e-07;0.000240132;0.999469;1.97783e-05;5.4777e-06;8.76466e-06;1.85058e-07;3.89085e-09;3.41475e-07;4.85709e-07;1.90595e-05;0.000146829;1.46051e-05;7.4795e-05
5.76966e-05;0.995275;2.37749e-07;3.40442e-10;1.26606e-08;5.01464e-09;2.04893e-06;0.000661328;1.4198e-07;1.24604e-08;1.04916e-07;0.000309274;0.00369397;2.63602e-08
2.08093e-07;3.99167e-05;5.34713e-08;2.20782e-07;1.0934e-05;1.89062e-07;6.34472e-08;0.000406276;4.87012e-06;2.19912e-08;5.26681e-07;0.999493;4.18718e-05;1.88769e-06
0.000192596;0.0115756;3.46366e-08;1.56683e-05;0.000104991;9.32806e-07;6.56368e-08;0.987516;0.000485443;8.05458e-08;3.22045e-06;8.58255e-06;7.66034e-05;2.05367e-05
0.00195569;0.388975;0.00760317;1.40523e-05;5.91708e-06;6.49917e-08;6.94173e-08;0.00479632;0.00103583;3.00698e-06;2.35213e-05;0.557662;0.03784;8.53867e-05
0.00034288;0.0901095;2.54655e-05;2.74164e-05;0.00899825;2.18325e-05;0.000606462;0.533566;0.00317627;0.000337686;0.000429521;0.360963;0.00117806;0.000217826
0.000101388;0.978079;0.00435241;0.000139006;0.00150186;0.00167782;6.83283e-05;0.000132451;0.000127029;0.000738354;3.673e-05;0.00947628;0.0028384;0.00073056
0.000553737;0.452746;3.84917e-07;2.95563e-05;0.000425024;0.000160014;7.72809e-05;0.235293;0.253152;1.30189e-06;0.00435219;0.0511709;0.000825832;0.00121265
1.32063e-06;0.00250248;3.21722e-08;8.89831e-07;4.11858e-06;1.44111e-05;4.09831e-10;0.000268693;1.65947e-06;4.84943e-09;1.49626e-07;3.86565e-05;0.997167;5.07371e-07
0.000441304;0.0573503;0.000264571;0.000128238;0.00186942;0.00048209;4.19141e-08;5.27877e-05;0.000167241;3.56886e-06;8.36665e-06;0.804745;0.014763;0.119724
0.00598957;0.0867181;2.61908e-07;5.14279e-06;0.0184248;2.90609e-05;0.000149965;0.8404;0.00498724;5.29797e-06;6.45814e-05;0.000890812;0.0362195;0.00611544
1.20691e-05;0.288895;3.09636e-05;4.30337e-06;4.74626e-05;7.53042e-06;1.65312e-06;0.0125098;5.24872e-05;1.75044e-05;3.72e-07;0.696501;0.00089817;0.00102175
0.000580897;0.398668;1.06585e-06;0.00075742;0.000971229;0.000296247;0.00282057;0.0455914;0.424101;0.000279919;0.0505957;0.0106939;0.0643775;0.000265244
8.57339e-05;0.969136;0.000402055;5.04265e-07;1.50479e-08;2.97248e-08;4.89203e-06;0.000845023;1.32626e-05;7.90964e-07;4.92242e-06;0.00696656;0.0225404;4.27317e-08
8.5246e-09;0.999947;4.63868e-12;2.00761e-06;6.37173e-08;4.3411e-09;4.05683e-07;1.98517e-08;3.37079e-08;1.17593e-05;6.40342e-09;2.55687e-07;5.27009e-10;3.8607e-05
3.98395e-06;5.36087e-06;0.999946;1.61085e-06;4.02426e-08;2.5284e-07;5.73082e-07;1.48556e-07;5.73863e-06;3.57833e-08;1.16576e-05;4.48371e-07;2.41305e-05;3.48073e-07
4.2817e-06;0.957416;1.98122e-07;2.22315e-07;1.64493e-06;1.41131e-06;1.29824e-06;0.00409685;9.25937e-07;1.08483e-06;2.00102e-07;3.89798e-06;0.038472;6.3865e-07
4.08568e-05;0.0173786;3.67751e-06;1.05614e-05;0.00196262;0.000295918;6.92141e-07;0.0048657;2.19943e-05;4.80281e-06;4.90828e-07;0.966635;0.00268562;0.00609315
4.8558e-06;0.000243043;1.37323e-10;2.99338e-08;2.28409e-06;3.87867e-09;1.31755e-08;0.99424;0.00546984;5.90658e-10;1.95754e-07;4.98689e-07;3.88237e-05;1.72004e-11
8.58421e-06;0.955627;0.00026223;1.39948e-05;8.20682e-05;1.18944e-05;0.000314409;5.03082e-06;7.37164e-07;0.0265041;1.56753e-08;1.85376e-06;3.62655e-08;0.0171679
2.95205e-09;1.40717e-11;1;1.05876e-10;2.1299e-11;1.22182e-11;2.11072e-09;4.65598e-12;4.71637e-08;7.29033e-11;1.84752e-10;2.71229e-08;6.75934e-14;3.62174e-10
2.75398e-05;0.0020013;7.58918e-08;8.45452e-07;9.31619e-09;4.86756e-07;0.000328665;1.44187e-06;0.00536066;4.57649e-07;7.72961e-05;7.42373e-06;0.992194;1.10708e-10
2.83532e-08;3.51609e-05;0.999924;5.36139e-09;9.39461e-08;9.56529e-11;4.87641e-10;2.03919e-09;6.56494e-10;1.34652e-09;1.62073e-10;4.10562e-05;3.16965e-09;4.15635e-08
9.09694e-10;0.999932;1.70721e-14;3.34407e-10;1.88567e-09;8.42998e-12;2.27742e-05;4.00022e-07;1.08463e-08;4.97649e-06;6.2573e-11;1.13106e-11;9.49025e-09;3.98614e-05
8.04474e-11;5.00114e-11;1;3.24453e-09;7.57175e-09;2.86683e-09;1.56184e-10;7.06553e-10;1.62468e-09;8.03507e-10;1.42287e-09;1.96e-08;9.56704e-11;3.60725e-11
