3.08421e-06;0.0494214;1.17996e-09;1.8676e-07;1.12607e-05;4.33055e-07;8.04703e-08;0.00860436;2.50752e-08;4.4475e-08;3.26514e-08;7.62273e-07;0.941958;6.83371e-07
1.2896e-07;3.92448e-06;8.27178e-11;0.000179705;0.0016525;0.762501;2.21545e-09;5.04522e-05;2.23557e-07;3.60344e-06;1.30997e-06;3.40907e-06;0.227335;0.00826901
0.000160699;0.00568221;0.990558;5.71843e-05;1.13709e-06;8.64444e-08;0.000241531;3.56953e-06;1.05398e-07;0.000693075;1.53632e-06;0.0025877;1.22782e-05;8.06725e-07
5.98421e-09;4.2065e-11;0.999996;1.91799e-09;1.50504e-10;2.73565e-11;9.63312e-08;3.89903e-10;1.51682e-06;3.36202e-10;1.92072e-06;2.53844e-07;6.36868e-11;1.07624e-11
9.97322e-06;0.00062544;2.47394e-08;1.06578e-08;2.02139e-07;2.30913e-08;2.06964e-07;0.99928;7.10182e-05;1.36112e-07;9.15765e-07;2.02046e-07;1.11986e-05;2.37833e-07
1.2904e-09;5.00263e-06;2.81418e-06;1.55483e-09;2.59659e-08;4.88094e-09;5.48817e-11;2.95099e-07;3.76305e-08;1.57004e-11;9.89461e-08;0.999991;6.83478e-07;1.3893e-08
1.48677e-07;0.996908;1.47301e-07;6.10268e-08;3.35879e-06;1.56005e-08;3.62495e-08;0.00265093;2.4799e-07;5.96233e-09;6.7914e-08;8.81492e-06;0.000327359;0.000100761
1.34843e-05;0.000215783;0.0113389;1.60235e-06;0.987353;1.40346e-07;1.33413e-07;9.13547e-05;3.00124e-07;5.82646e-07;4.78204e-07;0.000833175;2.81586e-06;0.000147883
6.11629e-06;0.999977;5.36266e-11;4.11316e-11;2.45414e-08;1.40215e-12;5.13572e-06;1.40485e-08;3.91204e-06;6.65753e-08;6.75411e-10;5.18684e-13;5.48027e-09;7.31663e-06
9.5874e-10;9.2847e-12;0.999623;2.51269e-12;1.80595e-10;5.93872e-13;1.18544e-10;3.99618e-12;1.44737e-07;3.81147e-12;5.556e-11;0.000376512;1.84544e-12;2.92848e-11
4.03575e-05;0.00019506;1.99981e-09;3.07312e-07;0.000821378;3.1707e-05;6.18413e-07;0.76967;0.226869;8.70096e-08;0.000203552;2.61945e-06;0.00205942;0.000106589
6.79074e-06;0.997348;1.50625e-07;1.85124e-08;2.03998e-06;1.02667e-07;7.72047e-06;0.000588738;2.19995e-07;1.48584e-05;3.7312e-09;2.96346e-09;7.52002e-06;0.00202385
9.4942e-13;1.59959e-11;1;8.85911e-12;5.84905e-11;4.29262e-12;3.6322e-13;5.64437e-14;6.61467e-13;3.73132e-12;6.72884e-14;5.01013e-07;1.55606e-15;3.5803e-11
2.08413e-05;0.949109;5.36575e-06;7.28643e-05;0.000113007;4.18712e-06;0.000162261;0.0461308;0.00379611;2.08142e-06;0.000222335;0.000109056;0.00017447;7.71838e-05
2.61351e-05;0.983919;6.08126e-08;4.01158e-06;5.79065e-05;3.92594e-06;7.80737e-06;0.0113909;1.1861e-05;8.51946e-06;1.36197e-06;3.1115e-05;0.000483342;0.0040539
5.71646e-06;0.00186963;7.1507e-08;6.35912e-07;8.46706e-06;1.14349e-05;2.37356e-08;3.53355e-05;2.0709e-06;1.27069e-09;2.54814e-06;0.997703;5.19559e-05;0.000308948
1.24131e-06;0.95733;6.49503e-12;3.72721e-09;1.21058e-08;7.39738e-09;1.31097e-06;7.31252e-05;8.65105e-10;3.0217e-07;9.00305e-10;2.01988e-09;2.43384e-06;0.0425916
1.18834e-11;8.82804e-13;1;2.84643e-12;5.72575e-12;3.22829e-11;1.46137e-11;1.23041e-11;8.22074e-12;4.72754e-12;2.36281e-11;6.59844e-09;1.33868e-13;1.35973e-12
1.19392e-07;0.000177547;1.0734e-07;9.64746e-08;1.57055e-08;3.64822e-07;2.42964e-07;0.000444813;2.67069e-06;2.59922e-08;4.09183e-06;1.22098e-07;0.99937;2.91219e-10
1.70273e-06;0.000452533;2.02522e-06;5.39606e-05;1.57451e-06;7.11781e-08;1.37873e-08;4.91906e-05;5.30231e-05;7.0663e-06;2.56009e-05;0.999321;2.78741e-05;4.7305e-06
3.67605e-05;0.999436;2.22366e-06;9.60143e-06;4.35542e-07;6.08522e-09;9.76248e-06;0.000166691;3.36188e-07;6.44701e-07;4.64705e-06;0.000310249;2.04242e-05;2.15619e-06
1.47845e-06;0.996526;3.65427e-09;1.44008e-07;1.18999e-08;9.80406e-10;8.3846e-06;0.00318192;8.3262e-09;4.9004e-06;2.17918e-09;6.02188e-10;8.22109e-07;0.000276495
1.09195e-11;1.19924e-13;0.999997;1.76526e-11;3.05992e-12;7.56159e-13;3.3611e-11;1.8962e-13;2.89019e-10;1.21287e-12;5.35333e-10;3.00208e-06;4.77212e-14;4.80915e-12
3.39029e-06;0.685545;2.36963e-08;7.52842e-08;2.58747e-06;1.60934e-06;3.41069e-07;1.94464e-05;9.23805e-06;1.75003e-08;2.20415e-06;6.92707e-06;0.314102;0.000307444
6.44837e-06;0.039779;0.000178233;6.67868e-07;0.000477605;5.47969e-05;1.12487e-07;0.490314;5.46333e-06;2.06852e-07;1.45287e-06;0.464375;0.00121612;0.00359043
8.3518e-07;0.0307931;1.01933e-06;1.07737e-06;4.03649e-05;0.0208184;1.68258e-06;0.000842516;6.07972e-08;3.24825e-07;1.35449e-07;3.97344e-05;0.9474;6.10895e-05
3.82668e-06;5.73227e-05;0.955808;5.22332e-07;3.79588e-08;5.5003e-08;1.85152e-06;1.69099e-08;4.50381e-09;1.57746e-06;1.25693e-09;0.0441113;1.01275e-05;5.23398e-06
3.31668e-08;8.04008e-09;0.999995;1.94269e-08;3.07586e-09;6.39104e-10;1.39572e-07;7.49667e-10;6.51928e-07;3.00593e-09;4.76879e-07;3.27137e-06;4.81309e-10;7.39641e-09
6.40343e-08;0.00835178;9.43981e-12;4.35209e-09;6.15606e-05;1.99048e-08;1.25662e-09;0.991582;9.72294e-08;3.52311e-09;6.43821e-09;1.20331e-06;1.52176e-06;1.26442e-06
9.88678e-09;7.99567e-05;0.999633;1.80308e-07;3.733e-05;2.95329e-06;1.17966e-08;7.38743e-07;6.01412e-10;2.30367e-07;1.2203e-07;0.000222079;4.76834e-06;1.89091e-05
8.07753e-07;0.00528844;1.5294e-06;5.87597e-08;3.1852e-05;4.09162e-07;9.04931e-07;0.959978;2.4561e-07;1.69115e-08;5.11394e-07;0.00214868;0.0325318;1.63316e-05
6.48609e-06;0.893842;8.06312e-08;1.5019e-06;5.38154e-05;2.88572e-08;6.74007e-06;0.102068;0.00211712;4.30872e-07;4.42102e-05;0.00066925;0.00118768;2.61138e-06
1.98807e-06;0.428017;0.56567;0.00010243;5.39229e-06;3.2929e-07;2.50381e-06;9.24624e-08;1.5225e-07;1.21013e-05;4.17001e-06;0.000400811;0.0057528;3.08071e-05
0.000107926;0.040126;1.72719e-05;1.70099e-06;1.70857e-05;4.53832e-08;7.10214e-05;0.947368;4.1096e-05;1.39473e-06;0.000152959;0.0117595;0.00029172;4.40283e-05
4.8905e-05;0.36372;2.34466e-07;0.00562126;0.00308074;0.0106694;1.96617e-05;0.000316455;0.000645407;0.000329856;0.00183612;0.0330538;0.00153294;0.579125
0.00715585;0.979446;5.86954e-05;1.59365e-06;3.10185e-07;1.42023e-08;0.00159144;0.00267837;0.00764548;7.45454e-07;0.000510313;0.00086347;4.71932e-05;2.67698e-08
3.43759e-05;0.994787;2.20276e-09;7.5691e-06;9.03991e-05;2.90189e-06;5.87909e-07;0.00480127;0.000259783;1.33816e-06;6.04196e-07;7.50901e-06;1.22127e-06;5.45072e-06
5.03251e-05;0.0256678;0.00145547;1.8927e-05;0.000679413;0.00348988;2.8162e-08;0.000105779;1.06081e-07;8.9648e-05;1.57733e-07;0.965463;0.00203497;0.000944529
1.7282e-05;0.000870306;1.30385e-09;7.19291e-08;2.28865e-08;1.28568e-07;4.98076e-07;0.000316692;5.90334e-05;1.69457e-08;1.39401e-05;0.000177424;0.998545;5.26618e-09
0.000122938;0.00264708;6.73703e-05;1.16413e-05;3.35111e-06;1.03651e-06;1.60439e-07;0.000168379;0.000183593;1.15138e-06;1.15455e-05;0.992991;0.00379045;2.05201e-07
0.000318704;0.118216;4.67601e-05;8.36874e-05;3.30722e-05;5.72595e-06;2.03438e-05;0.260278;0.000582795;2.34689e-06;9.58454e-05;0.563739;0.056555;2.27898e-05
7.19244e-05;0.479601;6.00985e-07;0.00550534;0.000721379;0.0179304;7.75308e-05;0.298163;0.000712847;7.21996e-05;0.00400383;0.0565395;0.135759;0.000840997
3.40495e-05;0.02861;3.82152e-08;0.000591228;0.0966371;0.00185526;0.00167135;0.836023;0.000383628;0.000206827;0.00210757;5.1771e-05;0.0317251;0.000103269
0.000695697;0.0396878;0.0893582;0.11985;0.683267;0.00294984;0.000409829;0.00081881;0.000111263;0.00244123;0.0035972;0.0128635;0.000599024;0.0433515
0.0135021;0.857287;0.0307128;0.000297233;0.00135532;1.13903e-06;8.93996e-05;0.000352272;0.000487232;3.76159e-06;0.000916457;0.0944735;9.05285e-05;0.000431726
0.000382187;0.973489;1.16478e-07;1.5072e-07;1.97724e-06;8.65179e-08;4.28252e-05;0.0245422;0.00137021;1.29096e-06;3.88163e-06;3.74019e-08;0.000163376;2.10617e-06
8.55927e-07;0.00414044;9.45508e-08;8.95203e-07;0.000270988;3.68382e-07;1.19428e-07;0.000478136;0.00113231;1.34456e-07;0.000128679;0.993543;0.000303278;6.15542e-07
3.04953e-07;0.0408689;2.53846e-05;4.69275e-07;5.12454e-07;1.25374e-07;2.13302e-08;1.03473e-09;6.09966e-09;2.82539e-07;3.68697e-07;4.4389e-05;0.959058;9.44999e-07
0.000254334;0.00489893;0.000272932;4.35302e-06;3.2522e-05;6.63507e-06;0.000183164;0.840984;0.0728381;1.53122e-05;0.000567728;0.0797233;0.00011686;0.000101393
4.30582e-05;0.000232566;0.000579917;2.67554e-05;0.0108627;0.00112955;7.82804e-07;0.985902;6.08305e-05;6.23131e-06;9.50525e-07;0.000333131;1.15784e-06;0.00082067
0.0286239;0.154729;8.25774e-05;0.00314255;0.00229097;0.0224823;7.81429e-06;0.00473226;0.00884769;0.000190142;0.00069254;0.249527;0.0957734;0.428877
5.05471e-06;0.999912;3.96854e-07;2.37427e-09;8.32161e-10;8.93699e-10;1.63482e-07;2.7732e-05;1.03552e-06;1.53595e-08;2.07073e-07;1.50787e-05;3.87202e-05;7.18492e-10
5.82252e-05;0.790971;6.80978e-07;0.000914367;0.138015;0.000708085;3.56353e-07;0.058824;0.000167469;0.000107324;1.50488e-06;0.00570585;4.01018e-06;0.00452251
1.32177e-05;0.000135109;0.00637933;1.64875e-05;8.84971e-05;0.000164544;7.88844e-08;1.90551e-07;1.98577e-08;1.152e-05;1.63453e-06;0.992752;0.00029286;0.000144828
2.18831e-05;0.00191887;3.39761e-10;4.84475e-08;5.90509e-07;3.02498e-07;3.2318e-07;0.974632;1.15674e-05;5.70705e-09;8.71414e-06;2.82166e-06;0.023403;6.6047e-08
1.75026e-06;0.0996967;1.52291e-06;1.19924e-06;7.28086e-06;1.61958e-06;4.86602e-08;0.0408282;2.0816e-06;3.56757e-08;1.06142e-06;0.000370942;0.859077;1.09859e-05
1.46919e-05;0.372891;1.05839e-07;0.004157;0.000454152;0.00277064;1.08431e-05;0.232455;2.54681e-05;0.000108369;0.000321467;0.187638;0.125957;0.0731961
0.000144722;0.274346;2.34195e-08;0.00713688;0.0497732;0.00670674;0.285909;0.189183;0.00368818;0.00368047;0.115665;5.29932e-06;0.063662;0.000100187
0.000227722;0.00230058;0.0454002;0.0107767;0.00289665;0.000162248;0.000754487;9.05637e-06;2.49691e-06;0.00105017;0.000921081;0.931352;0.00211293;0.0020336
0.00341166;0.973761;1.13492e-06;3.23828e-05;0.000110189;1.04415e-07;4.00881e-05;0.0071817;0.00235429;1.87308e-06;0.00256459;0.00977122;0.00070078;6.87385e-05
1.17397e-05;0.991989;5.68229e-07;3.44503e-06;2.49895e-06;2.1797e-07;1.53872e-06;0.00328039;3.67276e-06;5.82849e-06;3.04351e-07;3.74578e-06;0.0046842;1.30887e-05
1.94112e-05;0.00123431;2.97631e-05;3.54813e-06;0.00041337;2.73851e-05;2.79328e-08;0.00113908;4.24275e-08;1.74921e-06;1.53131e-08;0.783147;0.000122943;0.213861
8.42955e-05;0.0817627;2.74468e-08;1.25704e-05;1.04702e-07;2.20583e-07;2.42744e-05;2.5003e-05;0.000337225;1.43442e-07;0.000293018;0.0117825;0.905676;1.94099e-06
1.45434e-07;0.998169;2.27025e-07;4.95692e-07;1.99291e-08;1.26863e-10;0.000948013;6.93737e-07;5.88119e-08;0.000134992;5.99492e-09;4.09555e-08;8.86925e-08;0.000746085
1.44261e-10;2.06221e-08;1;9.57322e-09;1.11646e-09;3.83938e-09;4.06531e-10;1.7919e-07;2.31789e-10;6.75038e-10;1.19179e-09;6.53654e-08;7.1713e-08;1.28715e-10
