1.05875e-06;0.962113;2.27475e-09;4.95955e-07;1.0256e-07;8.08828e-07;1.87402e-06;0.000405562;3.0919e-07;2.76134e-06;1.00785e-07;5.30534e-09;0.0374733;2.0275e-07
4.67101e-13;1.33365e-13;1;2.04417e-11;4.19572e-11;1.33486e-11;1.58403e-14;7.15206e-13;2.12694e-14;2.07048e-12;2.96895e-14;3.36847e-08;8.29437e-16;3.57606e-10
7.514e-07;0.0465349;1.30319e-09;1.31907e-06;4.69815e-07;0.000134148;4.0438e-06;1.01834e-05;2.3251e-06;3.53654e-08;3.09841e-07;2.11432e-05;0.95327;2.02106e-05
7.97747e-08;0.000391994;0.998822;1.16855e-07;2.52131e-08;2.97801e-09;8.85164e-07;1.67674e-08;8.87412e-10;6.61449e-07;3.20295e-10;0.000783535;5.77786e-08;5.21632e-07
1.01067e-11;2.16725e-12;0.999998;9.82228e-12;3.48015e-09;3.33711e-12;4.68092e-11;7.68906e-10;8.88128e-11;1.12385e-12;3.55334e-10;2.46979e-06;1.00842e-13;1.1649e-13
2.94183e-10;0.999999;6.28287e-09;5.07088e-10;1.8294e-09;3.76685e-09;4.04938e-07;2.34232e-09;1.43983e-11;4.39232e-07;4.87719e-10;3.59691e-11;1.72945e-07;3.30598e-08
1.2865e-13;4.56587e-13;1;1.45844e-13;1.70818e-12;3.78198e-11;4.69342e-13;3.52832e-13;8.10627e-13;2.06964e-13;3.42608e-12;9.49403e-08;3.61127e-15;3.5814e-12
2.19727e-07;0.0461694;7.97857e-09;9.99948e-07;9.24899e-07;2.68322e-05;3.49256e-07;0.0528519;3.85394e-06;9.5954e-09;2.76906e-05;6.69359e-05;0.900851;1.78618e-07
7.31812e-06;0.0362397;0.664408;6.43604e-06;4.65261e-07;1.40466e-08;5.14119e-07;0.00164451;1.4438e-06;2.1624e-07;9.27653e-06;0.297466;0.000215409;6.5849e-07
0.000147181;0.609985;3.78292e-07;3.343e-05;4.54546e-05;0.000229369;0.000199999;0.0748468;0.00080943;5.46299e-06;0.00878138;0.000120879;0.30409;0.000705603
1.46479e-05;0.977248;9.291e-06;5.57965e-06;6.63273e-06;7.69709e-06;0.000463752;0.000454556;1.10588e-05;0.000172095;1.65367e-05;1.52158e-07;0.0174137;0.00417665
4.36286e-11;2.84173e-09;0.999969;3.97755e-10;4.00236e-10;9.64639e-11;1.18622e-11;5.67129e-12;4.58153e-11;1.35897e-11;7.79837e-10;3.07808e-05;5.58447e-12;3.4496e-10
7.4315e-06;0.213649;3.28645e-09;7.44029e-07;0.00316693;5.60922e-07;1.10013e-05;0.779339;2.82539e-05;2.09558e-07;1.66987e-05;0.00148256;0.00191841;0.000379152
1.75405e-08;0.00504981;3.90505e-08;4.24049e-08;4.04251e-06;1.79173e-08;2.18571e-09;0.000113207;2.55012e-09;7.96185e-09;3.53441e-09;0.994245;3.62124e-07;0.000587651
2.92409e-06;0.173069;2.73855e-07;4.09047e-08;1.2113e-06;3.81644e-06;5.70122e-08;0.00142309;1.11856e-07;9.9372e-10;7.71379e-07;0.0902991;0.735196;3.39241e-06
6.10751e-09;0.999461;3.41887e-11;1.34114e-09;4.17256e-10;3.91059e-09;4.88322e-06;7.99789e-07;3.6525e-10;6.2006e-07;5.55817e-10;1.71294e-11;2.45792e-06;0.000530586
7.78599e-13;9.2713e-14;1;5.68764e-11;6.70848e-12;2.7204e-11;2.79946e-12;3.42742e-12;4.33958e-11;3.03489e-12;1.90685e-10;7.89794e-10;1.10537e-14;1.35343e-12
2.00462e-05;0.400449;8.26331e-09;4.9538e-05;0.000423655;2.86384e-05;8.19965e-08;0.586267;0.00125233;3.10976e-07;0.000873271;0.000318075;0.0103113;6.81823e-06
2.65792e-07;0.981196;5.6993e-10;2.73118e-08;3.63444e-05;1.72419e-08;1.82121e-08;0.0187613;1.26877e-07;1.38906e-06;1.71887e-08;2.77755e-07;2.53508e-07;3.9943e-06
3.41713e-06;0.000402649;0.197116;7.78253e-07;0.0264596;1.9373e-06;4.81876e-09;1.61796e-07;4.66401e-09;4.7723e-06;2.91557e-08;0.775929;1.35507e-06;8.05258e-05
5.57759e-06;0.998082;2.63653e-13;1.74848e-09;3.5183e-08;1.47348e-10;1.74306e-05;0.0017562;0.000113949;4.3232e-08;3.55958e-06;1.97275e-07;2.23283e-07;2.10696e-05
0.000203212;0.00312571;1.95293e-09;6.86245e-07;3.50295e-07;5.69407e-08;0.0451748;0.0361207;0.91398;2.24885e-06;0.0013177;5.88835e-10;7.48352e-05;1.39661e-08
8.35031e-06;0.990011;2.06053e-06;1.52946e-07;9.73541e-06;6.76286e-09;8.23624e-10;0.000426878;1.26519e-07;9.45534e-09;1.14304e-09;0.00953872;2.60115e-06;2.40345e-07
2.28862e-06;0.998657;4.68715e-11;3.73019e-09;5.32448e-08;2.25083e-09;0.000133564;0.000988431;2.84305e-06;7.96947e-06;3.09174e-09;7.65702e-11;0.000205034;2.80335e-06
2.09427e-12;3.4468e-12;0.999984;2.73738e-12;1.42209e-11;5.71357e-12;8.82588e-12;7.21199e-13;1.1097e-11;1.0636e-11;3.73558e-13;1.56583e-05;9.69444e-16;4.89739e-12
1.70784e-06;0.980885;7.79071e-08;6.93774e-06;2.84124e-05;2.78536e-05;0.000431553;0.00436338;0.000472726;1.40457e-06;5.6865e-05;2.4679e-05;0.0136953;4.53046e-06
6.7456e-06;0.0153549;6.9428e-05;5.37536e-06;3.01672e-05;3.58497e-05;1.31811e-06;0.104538;1.65959e-05;6.8413e-07;6.42613e-06;0.875052;0.00487292;9.9833e-06
1.89865e-05;0.00376064;3.66481e-07;0.00262695;0.000909391;0.0334394;6.15665e-06;0.00434745;0.00341865;1.53054e-05;0.00140389;0.00233219;0.932007;0.0157138
0.000571404;0.414536;1.77132e-06;1.30646e-06;3.58925e-05;5.9782e-08;3.65396e-07;0.582372;3.31657e-05;9.63133e-08;1.75702e-05;0.00217271;0.000250488;6.85259e-06
1.08319e-05;0.964726;6.68276e-10;3.13487e-07;9.36549e-06;2.49044e-06;1.38005e-05;0.000341086;9.47605e-07;5.3784e-05;1.22254e-07;3.69463e-06;4.23587e-05;0.0347949
2.56164e-12;1.28577e-12;1;5.34956e-12;2.50854e-12;3.91377e-12;2.09649e-13;6.69847e-13;1.98493e-13;4.85342e-13;7.23338e-13;3.96619e-07;1.0355e-13;1.88527e-12
3.48714e-05;0.739991;5.23189e-07;0.000396584;0.00134081;0.010965;7.22592e-06;0.0939738;7.47437e-05;7.6223e-06;0.00242456;0.00359848;0.146054;0.00113163
1.85169e-05;0.392562;8.68142e-09;2.88879e-05;0.0558133;4.22467e-06;3.88388e-05;0.5488;1.8878e-05;2.74961e-05;0.000148146;3.74341e-05;0.00246372;3.90801e-05
1.39505e-06;0.00123027;0.997745;5.21642e-05;0.000563473;4.69806e-05;6.96574e-07;2.90798e-05;2.31817e-08;6.08299e-06;4.59492e-06;0.000303853;1.22189e-05;4.44604e-06
1.26379e-07;6.69938e-07;0.999996;6.39237e-09;4.07651e-09;4.1919e-09;2.87306e-08;1.75111e-09;2.2031e-09;1.39556e-09;3.10933e-08;1.67392e-06;3.50796e-07;1.01292e-06
4.24606e-05;0.353916;5.21872e-06;7.07953e-06;4.01025e-05;0.000587248;4.79706e-07;0.129393;6.33939e-06;1.61558e-06;7.87442e-07;0.000340463;7.05136e-05;0.515589
2.32656e-05;0.801376;5.43187e-09;8.67103e-08;3.49951e-08;2.54753e-09;1.25045e-05;0.000685979;2.76031e-07;5.32408e-08;2.35927e-06;0.189973;0.00792478;1.85947e-06
2.65208e-06;0.234364;2.04118e-07;2.04152e-08;5.913e-07;7.58046e-06;2.68042e-07;0.0176725;1.13777e-06;1.57552e-08;7.3513e-07;0.00084459;0.746816;0.000289281
5.00535e-08;0.991883;3.10094e-09;1.67649e-08;9.76204e-08;8.15761e-08;0.000595397;0.000256352;6.76032e-09;1.57417e-05;7.23767e-09;1.07316e-07;2.79049e-07;0.00724921
6.74727e-11;2.25332e-09;1;6.18417e-08;7.19762e-09;3.96311e-08;5.11728e-09;2.68229e-11;1.7163e-10;6.78425e-09;1.16599e-09;1.54367e-08;1.28262e-11;3.30231e-07
0.000158863;0.989768;5.34104e-06;8.47082e-06;3.00095e-06;1.15613e-05;0.000123683;0.00678584;6.40916e-06;2.00366e-06;0.00017844;6.40402e-05;0.00288311;8.46419e-07
2.98473e-06;0.274908;2.71312e-07;7.11922e-05;0.000968376;0.000194674;5.24184e-07;0.0727309;8.20368e-05;6.30433e-06;7.44336e-05;0.620768;0.0113305;0.0188615
9.29128e-06;0.709632;9.41066e-07;0.000296213;5.9594e-07;1.63203e-05;3.51892e-05;0.00150614;5.13014e-05;3.20176e-05;0.000217432;0.000103135;0.288095;5.01846e-06
0.000254486;0.0126076;0.00987939;0.000306142;0.000111272;2.06137e-06;7.01323e-07;0.000781105;1.05753e-06;1.2818e-05;1.08893e-06;0.974836;3.07682e-05;0.00117568
0.0002869;0.820091;2.4831e-09;1.39029e-05;1.18933e-05;2.08113e-05;3.12264e-05;0.155393;8.33194e-05;5.82096e-06;1.93003e-05;0.000870638;0.0231711;7.82281e-07
1.88892e-05;0.951988;2.62905e-09;1.82611e-05;1.29318e-07;3.27081e-08;0.00114214;0.0461339;4.83534e-05;2.36592e-05;0.000173192;6.9362e-07;0.000452681;6.96223e-07
0.00065391;0.910754;0.00285404;0.00245801;0.00290907;4.37991e-07;7.35407e-06;0.00330634;8.76388e-05;2.67858e-05;6.98852e-05;0.076657;8.57112e-05;0.000129574
9.15553e-05;0.991678;3.32149e-08;4.03758e-06;5.28019e-07;1.74564e-08;0.00458862;0.000570143;9.4908e-06;0.000285034;2.27492e-06;2.13823e-08;0.00275748;1.32118e-05
7.4751e-12;1.764e-12;1;6.09816e-12;7.64689e-12;1.95042e-13;1.01482e-11;3.58961e-14;2.52023e-11;4.96951e-12;1.67309e-11;1.70511e-07;5.40475e-16;6.74108e-12
8.89302e-07;0.992373;9.08023e-09;9.13817e-07;3.23627e-06;5.69624e-07;9.76606e-06;0.00088363;0.000140021;8.53965e-08;1.79021e-05;2.45137e-06;0.00656674;1.12793e-06
6.86502e-06;0.0178703;4.89055e-05;1.03606e-06;2.35669e-05;2.7148e-06;4.10508e-06;0.741269;7.25843e-06;5.97925e-07;2.25776e-06;0.237815;0.00292764;2.0403e-05
2.04054e-05;0.322706;3.24053e-06;0.00111374;0.0053262;0.046861;1.66567e-05;0.0828443;0.000625848;2.38826e-05;0.000104336;0.00390195;0.49057;0.0458821
0.000219345;0.824252;1.31092e-08;3.51915e-05;3.21494e-05;7.72717e-05;5.44597e-08;0.0880964;2.04853e-05;1.97213e-07;1.04788e-05;0.0797298;0.00750952;1.66742e-05
6.66262e-06;0.705607;5.04435e-11;4.7305e-07;1.19074e-08;1.81954e-07;1.06261e-07;0.00290287;4.62451e-06;4.05063e-08;1.49852e-06;5.22008e-06;0.291472;3.83155e-08
2.06537e-05;0.0029573;2.1756e-07;0.000567921;0.00234318;0.000439864;1.48649e-07;0.979184;0.0072158;4.40269e-06;0.00062868;0.00652304;4.97707e-05;6.45088e-05
9.87321e-06;5.42202e-05;2.88567e-09;1.97465e-07;7.60223e-08;3.0391e-08;8.38473e-10;0.00100437;4.49422e-07;1.34861e-08;5.60395e-08;2.03671e-06;0.998929;7.56072e-11
2.02259e-06;3.49586e-06;4.0993e-05;9.16024e-05;9.01439e-07;1.14992e-09;8.89057e-09;1.54236e-07;0.000165341;2.69982e-07;0.00015237;0.999541;2.54019e-09;1.86945e-06
0.000359286;1.46047e-05;1.88106e-08;5.98472e-08;1.32832e-06;1.6745e-10;1.34096e-07;0.999357;0.000248364;4.15032e-08;3.74881e-07;3.158e-09;1.91368e-05;1.89466e-09
2.20076e-06;0.000123241;3.73867e-10;1.21941e-08;4.38979e-05;9.39785e-09;3.67323e-08;0.999765;6.14278e-05;1.79644e-08;4.00418e-07;4.16679e-10;3.65671e-06;1.23258e-09
2.4697e-08;2.52593e-07;0.99999;1.62738e-08;5.2258e-06;1.71261e-08;3.30688e-10;1.26547e-09;2.34531e-09;7.26647e-07;1.04036e-09;1.74178e-06;3.85908e-09;2.35928e-06
4.74258e-06;0.994044;1.14373e-07;9.88891e-07;1.93651e-06;2.27713e-07;1.79043e-06;0.00182235;0.00317436;2.35578e-07;9.6749e-05;5.02055e-05;0.000797117;4.97019e-06
