1.63756e-06;0.99795;6.52775e-10;2.64851e-09;1.7811e-10;3.7442e-10;2.91617e-08;1.04951e-07;4.72184e-08;9.42745e-10;1.92601e-07;6.48788e-06;0.0020419;2.86388e-09
1.10018e-07;0.999904;3.86708e-10;3.45886e-10;1.23692e-09;7.75738e-09;4.03832e-10;5.59171e-07;1.11835e-10;2.31036e-09;1.39466e-11;7.37564e-05;2.1707e-05;2.38292e-09
9.40768e-11;2.08762e-08;2.15809e-09;1.56501e-09;7.59406e-07;2.0367e-07;1.66665e-13;7.46781e-08;1.3667e-09;1.78513e-12;3.30139e-10;0.999998;1.11278e-09;6.66288e-07
5.94848e-07;0.0196691;4.64175e-10;2.60848e-08;3.57365e-08;1.31541e-07;9.70005e-09;3.73823e-05;1.4596e-07;1.55966e-10;5.01439e-07;7.48635e-06;0.980285;3.87221e-09
1.71219e-06;1.49451e-05;5.56448e-06;1.24883e-06;1.98796e-07;4.54359e-07;1.1898e-08;8.10429e-06;3.61375e-05;1.57422e-08;2.22165e-05;0.999754;0.000153735;2.15694e-06
4.76577e-08;0.999944;5.74529e-08;1.69658e-10;7.81304e-12;2.77694e-10;5.61893e-09;6.0678e-09;3.37095e-10;6.9421e-10;7.40534e-10;4.575e-07;5.53534e-05;7.60914e-11
1.27016e-09;0.000328146;7.11585e-07;1.02696e-07;1.77347e-06;7.25226e-07;1.43202e-11;7.34912e-05;7.59546e-10;1.22161e-09;1.12097e-09;0.999584;4.90751e-07;1.01961e-05
2.32068e-06;0.915423;6.66528e-08;2.35749e-05;0.000370998;0.000121521;2.5008e-07;0.0776686;4.47529e-07;6.24072e-07;1.52375e-05;2.17803e-06;0.00554819;0.000822528
6.62991e-09;3.47677e-05;9.83614e-11;1.02626e-07;1.57123e-07;1.31321e-07;3.55463e-11;2.36231e-06;5.64607e-10;7.14419e-11;1.24912e-07;0.99996;1.80118e-06;9.70825e-07
1.01232e-05;0.0187435;6.4206e-09;4.4499e-08;5.52003e-07;8.7219e-08;3.20592e-07;0.00151194;3.14974e-07;7.71896e-09;6.35428e-06;0.00439792;0.975329;2.63975e-07
1.48308e-06;0.00322577;2.9624e-05;2.42809e-06;7.45192e-06;0.00173227;5.11868e-08;0.000258683;1.56171e-06;5.13236e-07;4.13789e-06;0.0053666;0.989357;1.21929e-05
1.61086e-07;0.0148516;0.98452;3.43779e-07;1.40811e-05;4.33185e-06;4.6869e-09;3.5275e-05;1.22638e-09;1.94337e-07;4.49461e-09;0.000455835;1.80095e-06;0.000116401
1.9834e-07;0.00437118;7.58088e-10;9.02242e-06;7.80011e-07;1.47343e-06;8.43566e-07;6.0797e-05;8.8086e-07;4.44675e-07;0.000101612;4.14143e-06;0.995436;1.25791e-05
2.97778e-05;0.00681214;9.30925e-07;8.29585e-07;0.000210014;5.9525e-06;1.72707e-07;0.965932;7.29102e-07;5.18702e-07;1.08506e-05;0.0256075;0.000738746;0.000650035
1.09967e-07;0.982962;5.18887e-07;3.83872e-07;3.10621e-05;1.22506e-05;3.00031e-05;0.0155454;2.48521e-08;1.08629e-05;2.9749e-06;1.0226e-06;0.000468438;0.000934983
3.94797e-13;1.97453e-11;1;1.79874e-11;2.30803e-13;1.36565e-12;2.60362e-11;2.77726e-13;1.0481e-12;3.2721e-12;2.95844e-10;5.58613e-11;4.66317e-13;3.59754e-13
2.78742e-05;0.00233158;0.0660036;0.000102153;4.98412e-05;1.85362e-05;2.75734e-06;0.0168338;4.38519e-05;4.37612e-06;0.000175238;0.893734;5.51243e-06;0.0206666
2.04521e-05;0.967057;5.93365e-05;3.07091e-07;0.000377204;0.000105717;3.65305e-08;0.0029553;1.29027e-06;7.47507e-07;1.35333e-06;0.00142203;0.0278932;0.000105699
3.50329e-05;0.0425366;1.40552e-05;6.18015e-07;0.00893729;0.0129365;6.64992e-08;0.0472957;1.34428e-06;2.61233e-06;5.18478e-07;0.870256;0.0102874;0.00769611
0.000117877;0.284094;1.26392e-05;2.13799e-05;0.016059;0.142651;6.95912e-06;0.511559;0.0040403;1.06938e-06;5.89259e-05;2.33149e-05;0.0330835;0.0082708
0.000391349;0.904493;7.60567e-06;8.45888e-07;1.71959e-06;1.19221e-07;4.26651e-08;0.0605769;1.71221e-05;5.30081e-08;4.48008e-07;0.0156971;0.0188138;3.93389e-08
2.51839e-05;0.0336561;2.62296e-05;5.56085e-06;0.00166188;0.000185651;8.84471e-10;0.693052;2.0652e-07;3.90265e-06;1.61893e-09;0.251734;0.0117582;0.00789101
3.3458e-07;0.71409;1.47333e-06;1.54357e-06;4.01557e-06;2.68164e-06;2.69809e-07;0.000102892;2.85527e-07;7.2004e-08;7.56283e-07;0.28568;0.000108497;7.40812e-06
3.89826e-05;0.616293;0.00165598;1.5356e-06;1.31731e-06;1.39389e-06;4.20722e-06;0.0176965;1.52196e-06;4.31882e-07;1.33977e-05;0.217684;0.146605;2.60373e-06
1.67156e-06;0.703097;4.12959e-11;7.76637e-06;5.71604e-05;0.00183349;8.04496e-06;0.142777;2.67076e-05;2.56349e-05;1.98866e-06;1.15409e-08;0.150053;0.00211085
1.31973e-07;2.48118e-09;0.999999;2.32281e-08;3.77937e-11;1.16522e-10;1.92025e-08;8.82064e-10;1.22653e-06;8.71307e-10;3.891e-08;7.14646e-08;4.16206e-10;1.74614e-11
0.000174019;2.7745e-05;0.000296673;5.31698e-05;1.64853e-07;3.03449e-07;5.64626e-07;0.00216994;0.581866;1.75086e-08;0.00206835;0.413325;1.75674e-05;1.08652e-07
1.85686e-05;0.0277176;5.04345e-08;8.13086e-09;4.31627e-07;4.30314e-07;3.62732e-09;7.96305e-06;3.78405e-07;4.91003e-08;1.85961e-09;1.5747e-08;0.972249;5.22846e-06
9.57485e-10;0.000105437;1.44962e-08;5.96051e-10;2.24786e-08;8.95071e-11;2.04635e-13;4.42325e-08;4.45041e-11;3.51461e-12;2.43415e-11;0.999894;1.64115e-08;4.02148e-08
7.37989e-07;0.193714;2.84049e-07;4.06347e-07;0.00385415;1.57058e-06;2.36338e-09;0.80154;1.51455e-07;3.71054e-07;5.38001e-10;3.32465e-06;0.000714327;0.00017102
2.28307e-05;1.10979e-06;2.32665e-09;3.46079e-05;4.13599e-05;0.000640515;9.38994e-08;0.000130564;0.000102058;3.93271e-06;9.28915e-07;6.06959e-06;0.998996;1.98924e-05
2.82961e-06;2.24639e-05;0.999972;5.49267e-08;7.08302e-09;1.18278e-10;2.48142e-10;1.52662e-07;4.10288e-09;2.97959e-08;2.65847e-11;2.53157e-06;1.64792e-08;4.96345e-09
1.59278e-05;0.716071;4.82752e-06;9.3295e-05;1.07511e-06;1.79248e-05;1.65146e-05;0.260138;0.00451127;8.43455e-06;0.000514747;1.34745e-05;0.0185007;9.32494e-05
