4.09913e-06;0.86276;2.55066e-08;1.50088e-06;2.49356e-06;3.67991e-05;1.1541e-05;0.0151574;2.54349e-06;1.24004e-05;9.32342e-07;6.42e-09;0.12201;3.44823e-07
3.61297e-12;1.45781e-12;1;2.66925e-10;7.87301e-11;1.96377e-10;9.77836e-13;3.66492e-13;1.02268e-12;1.50178e-11;3.85566e-12;2.33406e-07;5.98445e-14;6.1757e-10
1.00882e-05;0.912884;7.15894e-09;3.42133e-05;6.77228e-06;5.05598e-05;4.71933e-06;0.00144748;6.71941e-05;1.30297e-08;4.59745e-05;0.000820852;0.0846239;4.1777e-06
1.74249e-07;0.999719;2.74246e-08;2.26757e-09;7.95033e-11;1.49968e-11;1.49805e-06;6.41754e-06;4.74729e-08;4.61476e-10;4.11915e-08;3.96922e-06;0.000268595;2.26218e-11
7.7353e-06;0.102598;4.51678e-09;0.000538113;0.000626972;0.00302326;5.5989e-08;0.0178355;0.000276996;1.51832e-06;0.000311968;0.863218;0.00127856;0.0102838
0.00346608;0.237195;9.7522e-05;3.89776e-06;0.000458913;0.000171438;1.56309e-06;0.688118;5.74433e-06;1.13544e-05;3.29362e-06;0.0454955;0.0146389;0.0103332
2.50819e-06;0.0488784;0.000125235;5.48854e-07;0.000302348;2.80847e-05;6.35291e-08;0.00188127;8.70054e-07;2.01324e-08;7.63873e-06;0.94357;0.00485887;0.000344144
6.32237e-07;0.995676;1.69603e-06;1.48919e-06;0.000199832;1.52181e-05;1.98099e-07;0.00226877;5.36929e-07;8.63899e-07;1.98014e-06;0.00108706;0.000647868;9.76889e-05
1.17456e-06;0.000802244;3.06846e-11;1.1015e-05;0.817786;0.0103502;1.31861e-07;0.0280172;1.10342e-06;1.12233e-05;2.59412e-07;0.000666804;4.48608e-05;0.142308
0.000422628;0.997669;1.68882e-09;7.12421e-06;2.55787e-05;2.38391e-09;1.67405e-06;0.00143218;2.56316e-06;3.82542e-07;5.13485e-06;0.000310783;0.00011479;8.4287e-06
1.39737e-05;0.987396;2.06325e-11;7.90044e-08;1.09125e-05;1.52097e-09;2.58129e-08;0.0120669;2.68566e-09;2.85909e-07;8.41302e-11;2.32093e-07;3.8531e-06;0.000507938
2.63466e-07;0.000232458;0.883334;5.49222e-07;3.33157e-05;3.97629e-06;2.18387e-09;4.55999e-06;3.79831e-10;7.84369e-08;2.39365e-09;0.116349;3.96931e-05;2.0194e-06
2.24458e-07;0.483682;6.66677e-09;1.02976e-07;4.36879e-07;7.1691e-09;0.515916;5.39467e-06;2.51262e-07;0.000220615;4.58185e-07;1.39338e-08;2.13001e-07;0.000174175
3.61922e-10;3.06117e-10;0.999999;2.94758e-08;4.63925e-09;1.09709e-10;4.71878e-08;4.05734e-11;9.9398e-08;1.12849e-09;5.36659e-07;3.28278e-09;1.23746e-11;4.67296e-11
9.93649e-06;0.99989;2.811e-05;5.41596e-06;2.02314e-07;2.54808e-09;9.62893e-07;3.94453e-05;1.11427e-06;1.78889e-07;2.94599e-07;7.48395e-06;1.66549e-05;1.50844e-07
2.47369e-06;0.00264903;1.95536e-10;1.67681e-07;3.73218e-06;7.23703e-10;9.91536e-10;0.997342;5.34793e-08;2.70715e-08;1.4162e-09;5.3332e-07;1.75651e-07;2.20355e-06
0.000211351;0.245562;0.44687;0.000129769;1.57943e-05;8.89448e-07;6.30297e-05;1.34739e-05;1.68685e-07;0.000818033;1.49229e-05;0.305655;0.000630009;1.5914e-05
9.26152e-06;0.000821739;7.51219e-10;1.49911e-08;3.34634e-09;5.0537e-09;0.998861;4.72032e-07;2.40681e-05;0.000267092;1.127e-05;5.38876e-09;5.43557e-07;4.45211e-06
1.54403e-09;3.09897e-11;0.999998;7.8502e-09;4.83917e-09;2.61898e-09;3.01394e-08;9.41734e-11;1.51344e-06;9.01408e-11;8.37676e-08;1.67346e-08;1.14318e-11;1.18302e-10
5.79042e-05;0.999325;6.82443e-06;1.55979e-05;4.95284e-05;1.74709e-06;5.51047e-07;0.000486565;6.84834e-06;3.21083e-07;1.13575e-07;2.15557e-07;1.14497e-05;3.7656e-05
2.44254e-05;0.943659;3.36626e-06;0.000259406;6.07986e-05;3.41114e-05;4.30198e-08;0.00970545;0.00157769;3.95648e-06;4.22012e-05;0.0435721;0.000478649;0.000578813
7.02707e-06;0.938522;1.44637e-10;3.57989e-07;9.37111e-06;1.49094e-06;9.73979e-06;0.0608459;6.55478e-05;5.74809e-06;7.51941e-06;1.00994e-05;0.000510889;4.34935e-06
2.0142e-06;0.000241959;6.4676e-08;6.53303e-08;3.52539e-05;5.19451e-08;2.54347e-08;1.58484e-05;1.97359e-06;1.7497e-08;7.94613e-08;0.998563;0.00113825;9.67039e-07
0.00754603;0.769505;4.50367e-06;1.60075e-05;0.000180156;4.22038e-08;0.000590197;0.0159506;0.179291;1.24175e-06;0.000205623;0.00379259;0.0229167;1.23374e-06
7.50209e-05;0.974344;1.70208e-11;3.72347e-08;7.60508e-06;6.30138e-10;5.4507e-07;0.0255384;2.37511e-06;9.278e-08;2.61187e-09;8.8754e-07;6.84904e-06;2.3798e-05
5.07406e-06;0.00165093;0.87831;1.33409e-06;0.00197954;2.90183e-05;2.82298e-09;8.18617e-05;3.87341e-08;9.71887e-08;1.52353e-08;0.117068;0.000749181;0.000124723
3.39858e-07;0.996875;1.79056e-09;3.40028e-09;2.10512e-07;6.24959e-10;0.00279959;0.000208642;6.3323e-07;1.20373e-06;9.87625e-09;2.51397e-10;8.68836e-08;0.000114689
4.81918e-10;4.56055e-10;1;8.59167e-10;8.68198e-10;9.84024e-12;8.40922e-09;1.72458e-11;8.40442e-08;9.20588e-11;2.49438e-08;8.64072e-08;4.55128e-13;1.27694e-09
0.000348146;0.419708;3.09544e-07;1.75429e-07;1.43141e-05;2.56729e-07;2.10437e-05;0.568514;0.0014131;1.20874e-06;2.28578e-06;5.58783e-05;0.00991218;8.90325e-06
3.60638e-09;5.34041e-05;1.35e-06;5.01322e-09;1.17237e-07;6.25965e-09;1.33366e-10;5.96272e-06;1.48818e-07;2.04503e-10;1.26055e-08;0.999936;2.99568e-06;3.31639e-07
4.47798e-06;0.872317;1.07217e-07;5.24157e-07;1.045e-06;8.63445e-08;8.24489e-07;0.0918056;7.56046e-05;1.33277e-08;4.39048e-05;0.00199492;0.0337565;6.20484e-09
9.73483e-05;0.0240192;0.000101363;1.73908e-06;5.86729e-05;5.92577e-07;9.42731e-08;0.0109565;0.000434806;1.03865e-06;3.07061e-07;0.608164;0.356163;1.57988e-06
8.6238e-05;0.00132177;2.37164e-09;1.56543e-05;1.1632e-05;2.32037e-07;1.33443e-06;0.23771;0.760787;2.99268e-07;5.11298e-05;1.09114e-05;3.99322e-06;3.12639e-08
0.109174;0.0753955;6.93933e-05;0.00063226;0.00165573;3.95333e-07;0.000344106;0.165912;0.0223979;0.000254513;0.000183526;0.623581;0.000202291;0.000197475
0.000243326;0.140923;0.000102258;1.04235e-05;0.0013043;1.78892e-07;1.39773e-07;0.795207;6.67773e-05;2.61984e-07;3.65901e-07;0.0618964;0.000237853;7.89552e-06
1.52571e-06;9.80599e-05;2.36044e-08;1.49488e-06;0.00340671;1.53482e-06;1.82525e-09;0.996319;1.49171e-06;4.10167e-08;8.88992e-09;1.03956e-06;0.000167073;1.73325e-06
5.18391e-08;2.20841e-06;0.999995;1.95296e-07;5.52299e-07;1.14916e-08;6.65657e-09;1.70789e-09;6.27947e-10;4.65806e-07;1.85693e-09;1.69628e-06;1.07661e-07;1.41498e-07
6.90077e-05;0.508346;3.8562e-05;0.00252249;0.000585954;0.000359431;0.000124673;0.176196;0.248894;5.52721e-05;0.02502;0.033454;0.000533183;0.00380141
