1.19154e-06;0.999791;1.3768e-05;5.36142e-07;6.71393e-07;7.99111e-09;5.59777e-10;4.41979e-05;3.35959e-09;4.85259e-09;8.58984e-09;0.000141459;6.82875e-06;3.98386e-07
5.55554e-08;0.999929;9.60571e-12;3.60529e-09;5.89802e-10;1.27923e-09;5.89719e-05;5.96106e-06;6.33747e-09;2.0216e-06;4.06979e-09;6.80465e-11;6.32603e-07;2.67188e-06
1.31946e-12;1.65618e-11;0.999999;1.89581e-11;4.97636e-10;3.57702e-10;4.7263e-11;7.70706e-12;2.51938e-12;7.10258e-11;1.99765e-11;1.03874e-06;6.65587e-15;1.886e-10
2.03587e-08;0.00419575;6.31402e-11;1.31549e-07;4.75816e-08;6.88007e-07;1.86178e-06;0.000492143;1.89797e-06;7.02422e-09;2.05688e-05;1.10171e-08;0.995287;2.60069e-09
1.98123e-07;0.86951;0.122845;2.95497e-05;4.57535e-06;4.23628e-07;5.57762e-08;2.87856e-05;1.94462e-08;3.40475e-07;1.84058e-06;0.00639579;1.20687e-05;0.00117075
2.30066e-08;0.0252942;4.70589e-13;3.22223e-07;1.34358e-05;2.55625e-07;1.56539e-07;0.974433;5.92525e-08;2.6521e-07;2.19752e-06;2.73406e-06;0.000216525;3.69516e-05
7.37858e-05;0.879793;1.48502e-06;0.00480567;0.000165659;0.000224293;0.000413064;0.0217698;0.00195952;0.000559084;0.0307665;0.000146171;0.0578546;0.00146701
0.00290279;0.0375738;0.0101001;0.00198453;0.000164055;4.80164e-06;2.20203e-05;0.000288239;0.000141588;2.05145e-05;0.00107051;0.945062;4.66957e-06;0.000660805
0.022672;0.0253903;8.29831e-06;0.000573588;0.000214026;0.00027839;3.62731e-05;0.194465;0.480991;5.10109e-06;0.0617214;3.32654e-05;0.213529;8.2741e-05
0.00060557;0.985314;3.34671e-08;1.83228e-07;1.89721e-07;4.2365e-09;6.06046e-05;0.0138743;5.94201e-05;5.03462e-05;1.21548e-05;9.06877e-08;1.08771e-05;1.25709e-05
4.00984e-11;2.5289e-13;0.999997;4.2757e-12;1.11152e-11;1.32335e-13;3.96393e-13;1.34721e-14;3.40562e-11;1.22954e-12;1.67579e-11;3.36272e-06;7.50044e-16;4.4852e-12
0.000235062;0.021339;1.2796e-06;8.57854e-07;1.05176e-05;1.37579e-06;6.32733e-05;0.918221;0.0054978;8.26579e-07;0.000403922;0.000423571;0.0538012;2.09518e-07
2.66283e-05;0.00907024;8.15542e-06;0.00348689;0.0011144;1.59209e-05;9.55651e-05;0.0877256;0.880831;0.000302137;0.0118756;0.00391723;0.00152199;8.19519e-06
0.00037154;0.981165;2.33021e-06;0.00106262;0.000172052;1.80754e-06;0.000467139;0.0129715;0.00141106;0.000138877;0.000558279;5.71785e-05;0.00162001;4.59336e-07
0.00213126;0.0659685;3.13851e-10;0.000182827;0.00176948;1.55222e-06;4.98372e-05;0.89958;8.6488e-05;1.18492e-05;3.25687e-05;0.0293757;0.000733132;7.65425e-05
0.000206107;0.00481918;0.985974;2.56474e-05;6.78633e-06;8.8935e-07;1.6554e-07;7.28137e-06;2.72556e-07;4.31399e-06;9.89216e-07;0.00883538;0.000118268;4.8323e-07
0.00781023;0.0235338;4.55339e-06;3.07288e-05;9.51679e-06;4.33945e-06;0.937113;0.000157504;0.012602;0.000683027;0.0034618;1.67838e-06;1.09974e-05;0.0145764
3.61238e-09;6.67945e-10;1;6.37177e-11;2.38762e-11;2.47925e-11;1.5546e-09;8.77634e-11;2.61116e-08;5.60977e-12;9.69512e-09;1.74519e-09;5.25435e-10;9.26075e-12
2.4624e-05;0.997743;3.06428e-08;4.4592e-08;1.2833e-07;2.53311e-08;0.00142085;3.07446e-05;7.59085e-06;1.79185e-06;1.818e-06;4.8769e-08;0.000362751;0.000406955
1.86228e-11;6.50631e-12;0.999999;1.48538e-11;1.39819e-10;2.51809e-11;6.03502e-11;5.78137e-11;6.43079e-09;9.09469e-13;2.77364e-10;1.44987e-06;3.70209e-15;5.1863e-11
1.23306e-07;9.68422e-05;3.35409e-12;1.05101e-08;2.37548e-08;1.07253e-07;5.54819e-08;5.62349e-08;5.09577e-06;7.01266e-10;1.58009e-07;2.03957e-11;0.999897;2.37757e-07
2.647e-07;0.00207771;7.83495e-05;1.47231e-06;1.3189e-07;9.0768e-09;7.68051e-09;1.76772e-06;3.9088e-06;1.44211e-08;6.3431e-06;0.997811;9.48299e-06;9.70863e-06
9.38989e-06;0.00765783;1.53084e-06;1.84318e-07;0.000203441;3.95795e-06;5.99429e-08;0.991433;9.94677e-08;4.8708e-07;1.23612e-08;0.000468219;0.000201504;1.9808e-05
1.95848e-07;1.72159e-06;2.19374e-08;5.65501e-08;5.4697e-08;0.000146711;2.74209e-08;7.02243e-07;1.75633e-06;7.57474e-09;1.64989e-07;6.43749e-09;0.999848;2.05899e-07
4.39127e-09;2.43834e-08;0.999999;2.93346e-09;7.42832e-09;1.71122e-10;9.09394e-12;8.23095e-09;6.61352e-11;1.15699e-09;1.8698e-11;8.94246e-07;1.31108e-11;8.98333e-09
3.94038e-06;0.950217;5.36849e-08;1.73292e-05;1.74371e-06;8.44599e-06;6.86255e-06;0.040102;0.00865121;1.09516e-06;0.000774294;8.47037e-08;0.000202629;1.35209e-05
