4.26543e-05;0.991764;7.5739e-07;1.29361e-06;1.54082e-06;9.73035e-08;2.57146e-06;0.00587652;9.3645e-06;2.20533e-06;9.43208e-07;2.86921e-06;0.00229449;6.56362e-07
2.44983e-05;0.223959;0.00499577;7.62842e-05;0.00117942;0.000158923;1.52018e-06;0.00063881;9.65172e-06;2.10855e-05;2.69529e-06;0.665556;0.000377649;0.102998
1.46052e-06;0.00528872;8.26255e-11;3.02961e-06;1.60531e-06;4.4769e-05;0.000108342;0.0222446;9.84095e-06;5.07325e-06;8.53233e-07;2.17828e-10;0.972284;7.75898e-06
1.86637e-11;2.35099e-10;1;2.29451e-11;2.3017e-13;6.81094e-13;3.3169e-11;1.08302e-12;5.92712e-11;4.23174e-12;5.48074e-11;5.06929e-10;3.62728e-12;5.93192e-12
1.38254e-06;0.000200037;0.000661295;1.87702e-06;1.75505e-07;1.76136e-07;1.32556e-07;3.17731e-05;1.74678e-05;2.23604e-09;1.02554e-05;0.999062;1.18652e-05;1.73813e-06
2.23328e-06;0.879106;2.21368e-06;1.16093e-07;7.36566e-06;2.82248e-05;2.90654e-10;0.00227485;1.87939e-07;1.10316e-08;3.95685e-07;0.000772017;0.117641;0.000164557
5.89918e-06;3.00884e-05;6.68344e-07;1.43168e-06;0.00508248;9.93443e-08;9.52775e-09;0.922229;1.15323e-05;3.95541e-08;1.02618e-06;0.0722819;1.34599e-05;0.000341968
0.00151401;0.0267914;0.801468;0.00037847;0.0611004;2.0137e-05;8.68675e-10;0.0284899;9.32931e-07;1.25478e-06;1.16109e-07;4.2833e-05;0.0794039;0.000788667
2.77349e-05;0.00077262;5.06441e-10;1.20635e-07;1.064e-05;2.39701e-08;7.32209e-10;0.999018;1.11565e-06;1.39107e-08;7.9703e-09;0.000162228;6.48767e-06;7.83169e-07
0.000142096;0.737119;0.0541192;8.09314e-05;0.00600634;0.0281585;3.89347e-08;0.0188298;3.25577e-09;0.000101426;1.12201e-08;0.138434;0.00130518;0.0157041
7.35355e-05;0.144202;3.22604e-06;7.70488e-05;0.000126191;0.000707748;2.19115e-05;0.812541;0.000557915;8.79226e-07;0.000229134;0.0210618;0.00487121;0.0155262
3.50207e-07;0.99191;5.09967e-10;1.63228e-07;3.11318e-06;2.21591e-06;3.66044e-05;0.00761841;1.52899e-07;4.04188e-06;7.90745e-08;7.31981e-12;0.000416733;7.88511e-06
1.99605e-11;6.82175e-10;0.999999;5.05205e-10;2.19893e-11;1.04182e-10;7.82405e-11;6.28608e-13;9.76588e-11;6.03695e-11;2.77721e-11;8.02256e-07;1.79321e-12;1.28504e-10
2.90904e-06;0.000337552;3.53459e-05;3.97591e-06;1.60822e-06;1.19878e-05;1.64549e-07;0.00107047;2.81558e-05;1.13458e-08;5.09146e-06;0.998027;3.10768e-05;0.000444366
4.91674e-06;0.683615;3.05461e-07;1.46545e-07;7.3299e-08;1.38432e-06;3.08762e-07;1.62911e-06;1.0341e-06;5.46255e-08;3.45664e-06;0.000546159;0.315826;8.55421e-08
3.99351e-10;2.0535e-06;1.79706e-09;6.78994e-11;2.14549e-10;2.51755e-10;3.39254e-13;3.41162e-09;2.48115e-10;1.12371e-11;1.31582e-09;0.999998;3.75991e-08;3.89834e-08
7.94531e-09;0.999952;2.36328e-10;4.1316e-08;1.49863e-06;1.52798e-07;9.02258e-06;2.50941e-08;1.0416e-08;1.30234e-05;3.90925e-09;1.02385e-09;4.43389e-06;2.00676e-05
1.95692e-07;5.93088e-07;0.999286;3.12377e-07;2.74081e-06;4.8907e-06;4.85506e-08;0.000234478;6.74635e-08;3.00207e-08;6.09281e-08;3.94319e-06;0.000467033;1.70739e-08
1.7925e-07;0.998179;2.67601e-06;1.73393e-07;9.52656e-07;5.98789e-06;1.83084e-10;0.000903208;2.38953e-10;1.02943e-07;9.07725e-11;4.76341e-10;0.000908002;9.12539e-09
5.43497e-10;5.93688e-08;1;2.68331e-09;2.46275e-11;3.48777e-10;3.1489e-09;2.2692e-11;8.56586e-10;1.49991e-09;1.61579e-09;2.83195e-07;9.4624e-10;1.44281e-11
1.35153e-09;1.27253e-07;4.98954e-06;9.88143e-08;3.05731e-09;4.34952e-08;3.68582e-11;5.42978e-07;3.92738e-08;5.79605e-11;3.98061e-08;0.999994;2.09346e-08;1.99866e-07
2.3564e-06;0.968903;7.82174e-06;3.22049e-08;3.07225e-07;6.39914e-06;1.98353e-07;4.38214e-07;1.00216e-08;6.90768e-08;5.58881e-08;5.13129e-07;0.0310557;2.29266e-05
5.09699e-08;0.00150541;0.0126472;2.59109e-07;0.00176861;0.000694602;1.91894e-09;0.000111662;3.02155e-08;1.75796e-07;3.31334e-08;0.97766;6.2004e-05;0.00555
4.22875e-06;0.955613;1.46118e-05;5.85972e-05;0.0141232;0.00537259;2.58747e-07;0.0193708;5.20917e-05;1.85611e-06;5.94018e-06;0.000905508;0.00408683;0.000390301
1.32794e-05;0.961988;0.0119379;6.23303e-06;7.21774e-05;5.19049e-05;6.88481e-08;0.015285;6.66279e-09;5.62604e-06;6.56625e-09;2.80891e-05;0.0105953;1.60961e-05
1.24078e-11;4.0355e-10;1;1.43155e-10;2.54704e-11;5.25164e-11;3.56384e-12;5.47116e-12;2.77359e-12;3.85311e-12;6.06603e-11;2.02184e-09;3.11117e-11;1.62074e-12
6.48176e-08;0.0429628;1.32076e-05;1.32818e-06;7.51461e-08;3.80029e-07;2.58052e-09;0.00402568;1.30725e-07;7.9286e-09;9.33259e-07;0.952956;3.85967e-05;1.15664e-06
2.18081e-07;0.994418;3.4561e-08;2.25379e-06;2.35496e-05;1.65313e-05;3.05282e-08;0.00111433;2.16128e-07;4.18694e-07;6.39747e-06;6.60627e-07;0.00440787;9.58989e-06
1.62647e-07;0.0052608;9.89273e-13;4.65861e-08;0.00479801;3.6928e-06;3.98411e-10;0.989367;1.53044e-09;8.34262e-08;1.65451e-08;0.000103157;2.18956e-05;0.000444917
1.75923e-07;0.0011275;0.992942;2.85499e-06;0.00444893;0.000106609;3.58238e-09;5.81401e-06;1.10111e-10;5.38412e-07;9.24579e-09;0.00124679;1.08451e-05;0.00010829
2.16855e-06;0.000516229;5.35659e-08;2.0062e-07;2.97524e-08;3.0554e-07;1.17285e-07;0.000650825;1.15099e-06;1.00922e-08;4.22312e-05;7.37513e-07;0.998786;5.81746e-08
1.06073e-06;0.999243;0.000187687;4.71863e-06;2.4677e-05;4.27994e-05;3.02573e-09;0.000244908;1.60031e-09;2.45156e-06;3.84174e-09;5.53791e-07;0.000184745;6.35787e-05
4.48107e-10;5.31047e-10;1;1.05452e-09;2.01791e-11;4.47532e-11;1.10298e-09;4.72147e-12;2.35961e-09;2.25844e-10;2.45632e-08;4.38954e-07;7.49041e-11;2.33882e-12
1.02328e-06;0.00157796;0.987741;2.55098e-06;1.34188e-08;8.28957e-07;5.38059e-07;0.000257362;5.19951e-06;2.04953e-07;7.75277e-06;0.0103965;3.59886e-06;5.50499e-06
1.04143e-06;0.00878405;0.000368434;8.8488e-06;0.00120439;0.00442926;1.05768e-08;4.08118e-06;1.59498e-07;9.20587e-07;5.37364e-06;1.88624e-05;0.000223266;0.984951
8.45643e-06;0.0335746;3.88374e-06;6.75849e-07;0.0272828;2.06261e-06;4.81629e-09;0.78171;1.35892e-07;2.57717e-07;2.85101e-06;0.150381;2.69544e-05;0.00700675
6.8024e-08;0.00293422;0.974281;3.7587e-06;0.0192445;0.00156409;1.95963e-10;0.000104077;2.41609e-10;1.47627e-07;5.43612e-09;1.41505e-06;0.000198144;0.00166849
4.02647e-06;0.0139884;4.81717e-06;2.22109e-07;2.79327e-05;0.000108886;2.1091e-08;0.0441725;2.41702e-07;5.02957e-08;4.29893e-06;0.00150077;0.94018;7.90091e-06
1.94897e-07;0.936394;7.68963e-07;2.99514e-06;3.06415e-05;1.66935e-06;4.45731e-08;0.0120603;4.59425e-09;5.60592e-07;4.57334e-08;5.21566e-06;0.051503;8.46803e-07
4.49969e-08;3.52943e-05;1.22678e-08;1.63194e-06;4.13356e-07;4.09874e-07;6.27229e-09;5.04769e-06;1.46016e-08;7.88608e-09;1.26924e-06;0.999923;2.20648e-05;1.10001e-05
3.3747e-07;0.995559;2.37871e-06;1.04074e-07;2.37124e-06;6.54857e-07;8.52921e-08;9.91985e-06;1.27635e-11;1.01325e-06;3.56712e-08;0.00418667;0.000189235;4.79977e-05
4.37665e-08;7.65371e-05;6.08321e-07;8.0236e-09;2.69798e-06;7.18848e-07;8.83111e-09;7.59796e-05;1.56268e-08;5.92716e-10;1.54782e-06;0.999751;8.71149e-05;3.54324e-06
8.69455e-06;0.982131;4.79018e-10;7.2591e-06;0.000223573;5.31066e-05;4.02613e-07;0.0126238;3.64584e-06;8.58141e-08;4.43653e-06;3.56552e-05;0.00484127;6.68272e-05
0.00032306;0.00293678;0.0132207;3.9579e-06;0.00167245;3.38752e-07;2.53787e-10;0.922333;1.99419e-08;3.8747e-09;4.28143e-08;0.0594138;6.75695e-05;2.79429e-05
2.69826e-07;0.999061;5.48447e-05;1.45853e-08;1.18607e-06;2.36876e-07;2.91997e-07;3.36992e-08;3.26595e-11;1.63612e-06;2.65815e-10;4.43559e-11;4.89708e-07;0.000879865
3.06989e-12;7.66854e-14;1;2.65851e-13;8.40246e-12;8.56784e-11;3.48415e-12;2.49286e-13;5.54735e-12;5.53939e-13;1.95684e-12;6.01821e-09;1.22191e-12;6.83687e-12
5.89591e-05;0.345548;4.6663e-05;0.000161737;0.00102981;0.0010733;0.000928643;0.195388;0.0145775;1.74092e-05;0.00688561;0.0087371;0.413377;0.0121707
1.3657e-05;0.739214;3.31413e-05;1.9615e-05;0.000332777;6.97968e-05;5.39331e-06;0.227843;4.19581e-05;1.92082e-05;2.73289e-05;6.76657e-05;0.0322763;3.63652e-05
7.62906e-06;0.0532505;0.000431811;1.15384e-05;0.00182466;0.000116489;4.47344e-07;0.00146566;6.42024e-07;6.43205e-06;1.14271e-06;0.939692;0.000365288;0.00282548
1.00607e-06;0.100487;2.2742e-10;1.19732e-06;2.04071e-06;4.4164e-06;0.896046;8.0289e-06;5.60058e-07;0.0016392;3.42757e-07;2.80781e-12;0.000180656;0.00162966
1.48267e-11;6.06134e-12;1;3.67766e-11;2.23225e-13;3.78991e-13;3.07402e-09;4.86505e-13;8.69136e-11;5.51312e-11;2.04658e-10;7.0479e-09;2.93631e-13;4.23996e-13
0.000677269;0.967402;8.15593e-07;1.32089e-06;3.95127e-08;2.45344e-09;0.0224378;4.72821e-05;0.00113953;3.99257e-06;0.00142554;0.000333074;0.00653125;2.04397e-08
1.35891e-05;0.972431;9.08341e-05;4.48366e-06;2.41638e-06;1.03276e-06;7.52807e-06;0.00014653;5.3965e-05;2.20009e-05;6.55222e-06;0.0247078;0.000124108;0.00238853
1.64814e-05;0.967529;1.18012e-09;5.40018e-07;7.66792e-08;7.43744e-08;0.0114987;5.98084e-07;3.16519e-06;0.000108408;2.13927e-07;1.49996e-08;1.85061e-06;0.0208413
4.58904e-10;1.56433e-10;1;2.67705e-11;8.29679e-13;2.9883e-13;1.88235e-09;1.7863e-10;1.12816e-08;4.0585e-12;4.35303e-10;1.9723e-08;4.79176e-14;3.17754e-11
1.2951e-05;0.995004;4.04163e-10;3.40965e-07;1.27355e-07;1.1093e-07;1.44072e-05;1.64311e-05;0.000772276;8.533e-08;2.77766e-05;7.70208e-08;0.00414347;7.57382e-06
2.23711e-06;0.858767;1.47535e-06;4.88531e-07;0.000208835;1.74793e-06;1.40935e-09;0.000588817;2.69494e-07;5.2579e-09;4.7462e-09;0.123738;0.000138991;0.0165513
4.32578e-07;0.00565169;7.12557e-07;1.46896e-06;0.0163964;8.55826e-06;1.36621e-08;0.0862263;5.83096e-10;9.8086e-07;7.42244e-10;0.00155404;0.0425927;0.847567
2.53284e-08;1.61004e-06;8.83389e-08;2.10929e-07;1.66593e-09;4.90777e-06;4.86087e-09;9.52942e-09;2.1616e-08;2.40675e-09;4.58787e-08;8.52724e-08;0.999993;9.62088e-09
7.81204e-09;5.02304e-08;1;2.62754e-08;6.42224e-09;1.67008e-09;3.80784e-11;5.46733e-09;6.64597e-11;4.95382e-09;3.89498e-11;4.31949e-07;1.23229e-09;7.3155e-09
2.83244e-06;0.968179;1.36377e-06;0.000112708;1.11061e-06;3.49113e-05;6.43954e-06;0.0184699;0.00107958;4.72656e-06;0.00122206;3.78742e-06;0.0108602;2.11704e-05
