5.1561e-06;0.999828;4.39778e-05;1.90507e-05;2.15224e-06;4.83903e-08;7.93938e-08;3.28422e-05;2.59929e-07;8.85992e-08;2.33179e-07;5.65976e-05;7.82e-06;3.53234e-06
2.41941e-05;0.420233;2.58371e-09;2.11038e-05;4.45333e-05;5.17205e-06;1.42244e-08;0.573684;4.3947e-06;1.68835e-07;3.22728e-06;0.00173762;0.00413714;0.000105958
6.75056e-06;0.80119;1.17013e-06;1.77817e-06;4.1949e-06;4.71839e-06;7.80163e-05;2.15304e-06;6.89766e-08;0.0020873;5.51275e-08;1.85125e-07;4.1978e-05;0.196582
5.97358e-12;4.14233e-12;0.999998;1.57357e-12;1.40957e-11;7.27363e-13;2.66395e-12;9.67634e-13;4.01353e-12;3.01189e-13;5.09961e-12;1.56796e-06;2.90176e-14;7.29775e-13
7.442e-06;0.421578;1.18393e-06;2.95703e-07;4.96367e-06;6.07772e-06;2.19155e-06;0.00492939;0.000471204;4.18125e-08;5.95383e-06;1.21011e-05;0.572981;3.96569e-07
4.36368e-06;0.381893;2.68663e-06;0.00249141;0.27537;0.0334723;2.62204e-07;0.247611;3.51471e-05;8.62228e-05;7.31359e-05;0.0230104;0.00199784;0.0339527
5.18845e-07;0.994139;1.02778e-11;6.08198e-07;4.13264e-06;1.95031e-06;0.00539413;1.92963e-06;4.94606e-08;0.000101459;2.00924e-06;3.86598e-08;2.84762e-05;0.000326233
8.84321e-13;9.01869e-14;1;8.26486e-13;3.23666e-13;1.39566e-13;3.98871e-13;1.32541e-14;1.38803e-13;1.23651e-13;3.30773e-12;1.91708e-08;4.67913e-15;1.13517e-13
0.000333062;0.666815;8.0106e-05;7.11072e-06;5.59544e-05;7.18359e-05;0.00140022;0.185349;0.00299902;1.45189e-05;0.00272437;0.124347;0.0158011;1.97098e-06
3.46191e-05;0.914624;1.77267e-07;0.000103018;0.000237007;0.00022288;2.83756e-06;0.0364343;0.000344963;2.11215e-06;0.000814446;0.00538182;0.0403221;0.00147578
0.000303721;0.0676037;0.000165126;7.50727e-05;0.00164551;9.73773e-06;2.679e-08;0.00272702;1.24922e-06;5.46775e-06;5.10643e-06;0.603484;0.319991;0.00398347
9.25279e-05;0.0415209;3.75881e-06;6.1286e-05;0.00310194;9.7077e-07;7.02769e-05;0.316992;0.0433887;1.19912e-05;0.00155125;0.593179;2.51444e-05;5.43384e-07
1.18026e-05;0.975923;0.00603436;0.000472338;0.00434371;0.00436253;2.24515e-06;9.80244e-06;5.62698e-07;0.000492625;2.80231e-06;0.00059828;0.00540382;0.00234172
0.00106724;0.808364;9.88359e-05;7.73267e-05;1.17258e-05;2.45642e-05;0.000665359;0.000120938;0.00202726;0.000136825;0.00366358;0.0639849;0.119612;0.000145546
0.00138966;0.457692;0.000928873;0.000651973;0.00293124;0.00185554;0.000368413;0.494178;0.00308899;0.00102457;0.000297907;0.00251539;0.0329638;0.000113936
0.00402453;0.00448917;0.104481;0.000557275;0.00343425;0.00109524;3.54849e-05;0.00959255;0.00113301;0.000208658;0.000165799;0.515573;0.00554443;0.349666
3.68936e-05;0.136331;1.41004e-07;7.60103e-06;2.67955e-07;1.49763e-06;0.859422;3.16521e-06;0.000227226;0.00237408;1.66511e-05;1.24461e-09;0.000607922;0.000971887
5.32449e-11;1.44292e-12;1;1.03457e-10;1.88951e-12;1.41459e-12;1.99359e-09;5.09191e-12;1.17311e-08;1.29189e-10;1.60463e-08;2.06533e-09;7.01407e-15;1.14827e-10
8.00683e-06;2.49529e-05;5.26155e-09;3.77992e-10;5.42455e-08;5.80665e-11;1.29666e-07;0.999963;3.42919e-06;1.96069e-09;1.46748e-07;1.89653e-09;7.9187e-08;1.03994e-10
5.50864e-08;0.998399;2.69467e-07;3.33475e-08;3.47903e-07;4.04723e-10;0.00116901;9.74794e-08;2.03713e-07;4.05166e-05;2.63842e-09;1.46515e-06;5.92724e-10;0.000389178
8.50545e-10;1.37376e-10;1;1.07414e-09;1.30296e-09;1.88106e-10;1.40285e-08;9.43162e-09;5.8941e-09;9.05133e-11;9.76311e-09;5.1266e-08;5.0225e-11;9.012e-10
6.19122e-06;0.986826;1.79027e-09;1.0466e-05;1.14972e-08;2.16573e-08;0.00403145;0.000624945;0.000857466;3.10303e-06;0.00053768;4.39019e-07;0.00710209;2.98825e-07
1.27444e-06;0.00139782;0.0187709;0.000290842;0.00645326;3.97709e-05;1.04085e-09;9.44862e-06;3.84475e-08;3.08543e-07;1.33385e-07;0.969357;1.18026e-05;0.00366708
0.00017698;0.383207;1.84323e-05;8.05616e-05;7.94733e-06;2.60587e-05;7.60196e-05;0.0412048;3.10555e-05;9.80614e-06;0.00038543;0.0173268;0.557418;3.09119e-05
6.50401e-05;0.935531;2.51026e-08;0.000658336;2.07764e-06;2.2966e-06;0.00028257;8.98922e-05;0.000456023;4.26824e-05;0.0203929;1.4002e-05;0.0422869;0.000176797
0.00952929;0.25044;0.000328443;6.14519e-05;4.6548e-05;2.29356e-06;3.45127e-06;0.48402;7.35143e-05;7.35839e-05;1.99468e-05;0.1398;0.115463;0.000138448
3.61279e-06;0.0188272;0.00123988;2.92839e-05;0.000141497;3.75209e-05;1.02057e-07;0.0083982;7.48655e-07;2.31762e-07;2.08723e-05;0.946865;0.0205099;0.00392562
3.86179e-06;0.0197644;5.37537e-08;9.35075e-06;3.54244e-08;3.36596e-08;3.81812e-06;0.000498952;4.84126e-06;1.08182e-07;0.000444893;0.000136826;0.979133;3.71596e-08
1.02094e-05;0.997132;0.00110787;7.41146e-06;1.85364e-07;9.96299e-09;2.56757e-08;2.28952e-06;4.73092e-08;2.8283e-07;1.32885e-07;0.001349;0.000388543;1.81814e-06
0.000111861;0.174189;0.000143907;7.70043e-06;0.00016911;3.52367e-05;1.1435e-05;0.781254;3.04018e-05;7.94735e-05;4.74136e-06;0.00859945;0.0317549;0.00360929
3.63533e-08;2.51852e-06;1.4519e-08;3.95639e-05;1.56795e-05;0.561621;5.55199e-07;8.40461e-08;2.48489e-06;1.34846e-06;1.59598e-05;3.63427e-08;0.438271;3.02794e-05
2.15634e-07;2.50736e-08;0.999996;2.77977e-07;2.45099e-08;1.86852e-08;3.67518e-09;7.48132e-09;2.28534e-09;1.01127e-07;1.6405e-08;3.33184e-06;6.99552e-08;1.77329e-08
1.19324e-06;0.997668;1.87133e-06;9.7743e-06;1.53108e-07;2.47436e-06;1.1396e-06;0.00143927;0.000322181;5.93917e-07;0.000277697;1.91637e-06;0.000125661;0.000147509
