2.40915e-05;0.993296;0.00546657;1.58474e-05;4.02531e-05;1.13914e-07;6.80202e-08;0.000687995;8.62136e-08;1.85665e-07;2.45089e-07;0.000259222;0.000201553;7.5936e-06
1.65785e-06;0.98345;4.61476e-09;1.48599e-06;3.85195e-06;9.67486e-06;4.60136e-05;0.00505161;2.85579e-07;6.84024e-05;6.60493e-07;9.38901e-09;0.0113618;4.5381e-06
1.34203e-12;1.06819e-12;1;6.63105e-11;1.34483e-10;1.19729e-10;9.75912e-13;4.12775e-14;4.36855e-13;7.66363e-12;1.70562e-12;1.14702e-08;9.71234e-14;1.27548e-09
3.01599e-05;0.978646;0.00182631;5.12963e-06;3.11531e-05;0.000163871;3.40746e-06;0.00415068;1.07615e-06;6.49867e-08;3.55989e-07;2.74634e-05;0.0151086;5.26696e-06
5.29655e-06;0.926082;3.68803e-05;2.83037e-06;0.00017222;3.25909e-05;9.52686e-07;0.0527485;7.62382e-06;4.93212e-07;1.86243e-06;0.000319916;0.0194964;0.0010927
9.82214e-07;0.0491812;5.21809e-05;1.78572e-06;1.41e-05;0.000973192;9.93446e-09;6.58852e-06;6.52312e-07;1.07782e-07;1.95352e-05;0.340019;0.609442;0.000288758
1.85057e-05;0.361304;0.0844086;0.000292378;0.000316579;0.000289852;9.57872e-06;6.57222e-07;1.41584e-06;0.00149161;5.65087e-07;0.00095899;0.00121126;0.549696
0.000657597;0.0022396;1.50905e-07;6.52698e-05;1.502e-06;1.62355e-06;0.149311;9.02172e-05;0.435074;1.46749e-05;0.396018;6.21803e-06;0.0165196;2.14142e-08
2.07908e-07;0.000903915;1.06275e-11;7.16464e-10;1.63743e-06;3.43605e-10;2.04691e-10;0.999094;2.07882e-08;1.04651e-09;1.69068e-09;1.79684e-10;7.5355e-08;4.43988e-08
1.35354e-07;0.00553847;0.994384;7.38305e-07;6.96646e-06;1.24402e-06;2.72311e-07;1.46737e-07;2.66071e-09;4.39271e-05;5.75194e-08;1.80486e-06;1.24779e-05;9.86988e-06
1.16849e-10;3.19551e-11;1;8.89671e-12;9.6752e-12;3.16407e-13;4.61255e-11;4.24197e-12;2.51795e-10;4.6474e-12;5.79759e-10;1.17005e-09;3.49226e-13;1.45588e-11
1.04054e-06;0.00215547;0.00173694;3.84121e-07;5.78539e-08;2.07663e-08;2.05639e-08;1.37512e-05;8.22094e-06;1.67088e-08;1.015e-06;0.996064;1.14537e-07;1.87111e-05
2.04135e-05;0.967122;0.000333878;1.58803e-07;0.00026067;6.5879e-06;1.60755e-08;0.00036183;1.20449e-05;1.50875e-07;2.17442e-06;0.00273452;0.0291166;2.8874e-05
1.8312e-06;0.00218492;6.24775e-08;6.26837e-09;0.479377;2.2831e-06;3.41894e-10;0.49991;1.75212e-08;5.51836e-08;2.88262e-10;0.0184421;1.76696e-06;7.98786e-05
1.27968e-06;9.87241e-05;0.957939;1.05401e-08;0.0415409;2.46802e-05;4.21292e-12;0.000345785;3.60977e-09;2.78183e-09;3.15973e-11;4.23853e-05;1.44248e-06;5.46369e-06
2.10807e-07;0.924138;3.3073e-12;1.17333e-09;1.06624e-07;3.71227e-09;7.48061e-10;0.0678467;1.33744e-08;1.48685e-09;3.05675e-11;3.37393e-09;5.65213e-06;0.00800978
1.19423e-08;6.52517e-05;1.83717e-10;8.16932e-11;1.0501e-08;6.54128e-10;5.5493e-10;0.999927;5.2495e-08;1.23014e-10;5.48103e-10;7.3178e-13;7.89542e-06;3.14528e-10
1.57963e-10;5.72878e-08;1;1.0536e-09;1.5649e-10;1.42717e-10;5.56519e-12;5.95821e-10;1.10535e-09;3.80367e-11;2.32911e-10;6.12984e-08;3.99946e-09;1.15955e-11
1.74656e-08;2.20436e-05;9.62803e-05;1.61255e-08;1.66383e-06;2.17681e-07;5.63555e-11;1.67276e-05;2.66725e-08;3.72456e-09;1.61855e-08;0.999779;8.33927e-05;9.85135e-07
1.14539e-06;0.979093;1.22804e-07;3.68583e-05;0.00144363;0.000582808;5.23863e-06;0.00200579;1.81331e-05;7.41867e-06;3.75244e-05;0.00102615;0.00303226;0.0127103
5.44202e-06;0.912767;4.472e-06;1.02928e-07;6.00593e-06;1.3457e-07;5.05011e-06;3.40852e-05;1.35841e-08;2.32656e-07;1.82161e-07;0.0208544;0.0663219;1.48782e-06
1.45553e-05;0.611691;1.68878e-09;4.18147e-07;0.000308958;1.18873e-05;4.7292e-05;0.357228;5.78908e-06;5.14213e-06;3.78142e-07;5.49182e-05;0.0305624;6.89201e-05
3.08431e-10;7.81385e-11;1;2.4552e-10;2.73849e-10;1.79793e-11;2.18552e-11;5.19952e-11;3.08115e-10;2.89205e-11;1.50693e-11;1.77558e-07;6.5164e-12;3.66399e-10
2.51577e-05;0.0338889;0.000216911;2.49557e-05;7.38066e-07;8.82605e-07;1.76876e-06;0.000505248;0.000333293;2.8782e-07;3.52783e-05;0.964196;0.000147583;0.000622563
6.40136e-06;0.982276;2.41184e-05;9.08566e-08;5.26545e-07;2.51381e-06;7.44335e-07;0.0109995;3.77854e-06;1.27974e-07;7.23203e-06;0.000128566;0.00654542;5.36425e-06
1.99905e-06;0.00634285;1.01721e-06;1.52006e-05;0.00573247;4.0643e-05;4.33605e-07;0.0487956;1.64101e-05;1.95087e-06;7.07042e-06;0.932789;0.00136602;0.00488967
0.000132168;0.375055;0.591634;0.00177214;0.0017435;0.000392485;3.51585e-06;0.000326192;6.53455e-07;8.23394e-06;1.05372e-05;0.00019406;0.0285514;0.000176335
0.000661748;0.208917;1.17933e-05;2.29158e-06;4.38276e-05;1.83704e-05;5.91935e-08;0.139928;2.26977e-06;6.67993e-08;7.40265e-07;0.00574694;0.644352;0.00031505
7.95305e-06;0.575227;2.59645e-05;1.90005e-06;0.000286534;0.00013415;2.62465e-09;0.304016;4.3035e-08;7.39796e-07;7.2346e-08;0.0106382;0.107788;0.00187412
2.18566e-06;0.734567;1.80868e-05;9.16716e-05;4.10477e-06;1.04334e-05;0.0869378;0.000136457;7.28902e-07;0.153885;8.7885e-06;1.01975e-05;2.52979e-05;0.0243026
1.48837e-10;2.45516e-10;1;2.27901e-08;3.95713e-10;3.37822e-08;3.15958e-09;7.14846e-12;1.49996e-09;1.05223e-09;1.28095e-07;1.61471e-08;2.43807e-08;1.20442e-11
0.000295031;0.851941;0.126252;0.00018352;8.67609e-06;2.35823e-05;0.000232976;0.00100934;1.62874e-06;0.000109568;1.12197e-05;4.90342e-05;0.0197731;0.000108856
0.00115461;0.690899;3.54856e-06;0.00164035;0.0022497;0.00423036;0.00475786;0.0177316;0.0979817;0.000662307;0.0110164;0.0782679;0.0868543;0.00255052
1.58566e-06;0.584122;6.03357e-06;1.02382e-06;8.06088e-05;3.22865e-06;1.81708e-09;2.93459e-05;1.26636e-08;4.22962e-07;3.95748e-09;0.402941;2.84146e-05;0.0127867
4.21277e-06;0.98555;1.92343e-08;2.25529e-07;1.31993e-06;8.97945e-08;0.0112625;2.02293e-05;5.51723e-08;0.00043462;1.04787e-07;2.36689e-06;9.32074e-06;0.00271532
9.02285e-13;3.05338e-13;1;9.20619e-13;3.66876e-12;2.63436e-11;8.5781e-13;5.43639e-12;7.77412e-14;3.94562e-13;1.25046e-12;1.35693e-08;2.54431e-12;2.761e-12
7.50657e-08;0.99939;6.19057e-09;1.76375e-08;2.92517e-10;4.11236e-10;0.00053887;2.55262e-06;4.99592e-09;1.54985e-06;7.85922e-08;1.32737e-09;6.65272e-05;5.4015e-07
3.43735e-13;4.21991e-13;1;6.39928e-11;5.09506e-12;2.16543e-12;4.95899e-11;1.35937e-13;3.28751e-11;1.82467e-11;5.84505e-11;5.48053e-09;1.06232e-13;4.41247e-12
1.83094e-06;0.718177;1.46715e-05;8.51758e-08;2.30459e-08;2.7163e-08;0.000204863;0.280037;5.61142e-06;4.10971e-07;3.00314e-05;6.73034e-05;0.0014614;8.77947e-09
4.31806e-08;0.00104435;2.3549e-05;5.11825e-06;1.48861e-05;4.57698e-05;5.58226e-07;0.0473086;1.68548e-06;6.89042e-07;2.4107e-05;0.948463;0.00306618;1.91013e-06
1.44376e-07;0.995839;1.41577e-09;5.83384e-06;5.2612e-07;2.8234e-06;2.44749e-07;0.000377179;1.97039e-06;1.10316e-07;4.56663e-05;0.000832424;0.00289374;2.10368e-07
5.83968e-07;0.000168707;7.56063e-07;2.89519e-08;3.4539e-06;1.71933e-07;1.74191e-09;1.61726e-05;1.21766e-08;1.11786e-08;4.16808e-08;0.993524;0.00628415;1.92113e-06
0.000505076;0.000153171;9.69693e-05;3.31466e-07;0.000147208;1.12407e-05;6.36796e-06;0.935244;0.0609565;5.21265e-07;0.000131576;9.01556e-06;0.00273759;1.57888e-07
0.00130575;0.00388344;8.72252e-07;2.57821e-07;8.04717e-06;7.45176e-08;1.3807e-07;0.992518;0.000323788;2.80912e-08;1.16887e-06;2.58726e-06;0.00195504;9.93347e-07
1.84901e-05;0.995603;6.01661e-08;1.18786e-07;4.09434e-08;3.45128e-09;1.03371e-07;0.000854552;5.5888e-05;1.55761e-07;6.10732e-08;8.09159e-05;0.00338557;5.85545e-07
2.80533e-06;0.000104718;1.61694e-06;7.33005e-05;0.000174409;6.03673e-05;1.34858e-07;0.000772935;2.60417e-05;2.00059e-06;7.12441e-06;0.996893;0.000312032;0.0015695
5.16416e-06;0.985271;1.12111e-09;7.5039e-06;4.61017e-07;1.08966e-07;1.34273e-05;0.000423739;3.96893e-05;1.31969e-06;6.23015e-06;1.14496e-05;0.0142191;3.63299e-07
8.72721e-06;0.00493461;1.59917e-06;0.0023905;0.000509476;4.17361e-05;0.00019185;0.00776125;0.00236843;0.000156914;0.00158883;0.978836;0.000291259;0.00091882
8.53006e-05;0.940255;3.08825e-07;1.39453e-05;8.05852e-06;9.51018e-06;4.87101e-05;0.00231613;3.34762e-05;2.02652e-06;0.000104548;0.0349916;0.0220202;0.000110723
1.95453e-05;0.991868;1.43445e-07;2.66899e-06;4.52677e-07;6.68761e-08;0.00698607;0.000243737;2.37932e-06;0.000163328;5.86418e-06;2.94865e-06;0.000687232;1.72884e-05
5.08095e-09;1.19233e-07;0.999918;6.49339e-09;9.72613e-10;8.24654e-11;1.47974e-09;1.44197e-08;6.65852e-09;9.86393e-10;8.68487e-10;8.2278e-05;1.21348e-10;1.28128e-10
3.27412e-06;0.905265;4.51178e-06;5.94498e-07;1.17992e-07;1.23562e-08;1.20149e-06;0.0869941;4.13368e-06;1.10232e-07;7.71011e-06;0.00355643;0.00416309;6.07432e-09
4.69508e-08;0.00086773;4.17195e-08;6.74978e-05;6.82581e-06;3.65773e-06;0.203135;4.6256e-06;2.84127e-05;0.794657;3.69057e-05;2.78468e-07;1.00899e-07;0.00119203
1.58877e-07;3.35388e-09;0.999539;4.3065e-06;3.16259e-09;5.90382e-09;5.22766e-05;2.32338e-10;1.07529e-05;1.04363e-06;0.000360352;3.16678e-05;1.40285e-10;2.915e-08
7.56137e-06;2.05466e-05;7.26731e-09;4.73771e-09;2.50534e-08;1.55579e-09;8.42129e-07;0.999961;7.88879e-07;2.21091e-09;3.4753e-07;9.47903e-07;7.34422e-06;8.90928e-10
5.71035e-07;0.050398;1.64441e-06;9.38509e-06;0.00339444;0.00126216;5.45881e-05;0.00425975;2.89573e-06;0.000181182;2.88646e-07;1.43435e-06;0.000139335;0.940294
2.31061e-10;5.09861e-09;1;3.6306e-10;1.00175e-10;3.10254e-11;2.78475e-09;9.85676e-11;1.02779e-08;5.24642e-11;3.31528e-09;4.14628e-10;6.48053e-10;3.08625e-10
3.41673e-06;0.492763;0.494379;3.75242e-06;6.46952e-07;1.00749e-06;3.10489e-07;0.000423457;1.67876e-06;1.59743e-07;2.96943e-08;0.0123169;1.49667e-05;9.14971e-05
1.2667e-06;0.163707;5.93975e-06;5.0202e-06;0.0297084;0.00921726;1.58166e-09;0.000810437;1.29046e-07;1.9795e-08;8.29007e-07;0.101034;0.00141962;0.694091
1.27604e-08;0.986256;1.9144e-09;2.36626e-08;2.47217e-08;6.23788e-08;6.46317e-06;1.29792e-07;3.38915e-11;2.29252e-06;7.60278e-11;1.53254e-06;2.67319e-06;0.0137307
1.38189e-11;6.73849e-10;1;1.62277e-10;7.73984e-10;3.9995e-08;1.7307e-12;4.82719e-11;1.79021e-12;1.73505e-11;4.3071e-12;9.40167e-09;1.10284e-10;2.00218e-10
1.65758e-07;0.999814;3.82448e-08;2.99689e-07;3.63175e-09;1.54246e-07;9.90553e-05;4.35146e-07;6.66043e-10;7.12158e-05;7.59863e-09;2.457e-09;4.27551e-06;1.03557e-05
1.70815e-09;1.27538e-09;1;6.36944e-08;3.64385e-10;5.07641e-10;6.40354e-09;2.36673e-10;2.78453e-08;1.26331e-08;2.30381e-08;1.93672e-07;1.49661e-10;3.23154e-11
1.23806e-07;0.000376731;1.10463e-09;7.37418e-08;3.27701e-06;4.92597e-10;1.21085e-07;0.999619;2.62428e-07;5.21941e-08;2.64478e-08;3.60289e-07;3.01206e-08;9.79497e-08
4.17567e-08;8.02373e-05;0.999783;1.39611e-05;1.45652e-06;5.98066e-08;5.59172e-07;3.33129e-09;1.58995e-08;2.0911e-07;2.32468e-06;1.97483e-05;9.81199e-05;6.46513e-07
2.03363e-05;0.986533;4.12813e-06;1.24776e-06;8.38404e-06;2.69283e-07;1.69097e-05;0.00147767;1.0004e-06;5.77113e-08;5.76963e-06;0.0113052;0.000129981;0.000496177
5.985e-05;0.903086;1.48785e-10;9.54613e-05;0.00195145;0.0123517;1.98579e-05;0.00991595;4.58084e-05;1.55367e-05;2.95954e-06;2.5724e-07;0.0650375;0.00741774
1.00967e-09;2.4619e-12;1;4.54687e-10;4.96386e-12;2.54167e-12;3.46103e-12;1.68888e-11;6.26e-09;2.97917e-12;9.78699e-11;1.04578e-10;3.80973e-15;2.31478e-11
0.00010553;5.96583e-07;1.12834e-05;0.000323244;2.19558e-07;2.34531e-08;1.2273e-07;2.01051e-05;0.995324;3.13035e-08;0.00155985;0.00265509;6.60296e-08;1.18169e-07
0.000175279;0.0260196;2.10003e-07;3.56611e-06;5.7557e-06;1.19145e-07;1.95939e-09;3.54462e-05;0.000641184;1.36729e-07;4.51758e-06;0.000728483;0.972386;2.32943e-07
8.50638e-08;0.00193553;5.68207e-09;8.09893e-10;2.56756e-05;1.10727e-08;5.37545e-12;0.997989;1.56374e-08;8.75691e-09;6.13088e-11;4.58012e-05;3.43744e-06;4.06801e-08
2.36495e-07;6.76364e-05;0.997213;1.58186e-06;0.00211913;7.1892e-06;2.71442e-08;1.71001e-07;6.52755e-08;0.000156736;2.18044e-09;0.00014959;4.03562e-07;0.000284706
0.000353771;0.000377803;4.39824e-07;2.90158e-06;1.24188e-06;2.47017e-07;9.81613e-05;0.00559121;0.989817;1.68155e-06;0.00362567;1.90013e-06;0.000126766;1.4703e-06
