4.60801e-07;0.999988;3.57087e-07;1.29529e-06;1.49042e-07;1.73899e-08;2.03946e-09;6.30601e-06;3.34804e-08;1.22495e-08;3.73385e-08;2.40983e-06;2.53494e-07;1.06727e-06
8.42327e-06;4.0756e-05;1.19814e-10;8.33999e-09;3.17625e-07;1.39596e-09;3.51846e-08;0.999948;1.77419e-06;2.02115e-08;1.48761e-07;1.06133e-09;4.81583e-07;3.38468e-09
7.38823e-06;0.998686;2.80788e-05;7.02207e-07;6.67827e-05;7.72277e-08;5.31058e-05;0.000306239;8.61739e-06;2.28201e-05;6.16789e-08;7.608e-06;4.66099e-07;0.00081171
2.58427e-09;9.28957e-09;0.999999;2.67015e-10;2.52095e-09;3.09076e-10;2.02167e-10;2.0641e-08;3.14821e-08;1.76063e-11;1.68574e-09;4.99721e-07;1.08438e-09;9.76341e-10
2.43791e-07;0.00800662;1.4234e-08;1.01221e-07;6.51734e-07;5.64839e-07;3.34424e-07;3.76671e-07;7.32695e-06;2.42504e-08;2.98223e-06;0.000298156;0.991641;4.11358e-05
1.8538e-06;0.0379258;1.52733e-05;1.00594e-05;0.00039271;2.32078e-06;4.5218e-07;0.00722594;3.90206e-06;1.33153e-07;1.95751e-05;0.946865;0.00595415;0.00158231
4.97863e-09;0.999992;1.30451e-12;2.44434e-08;2.76153e-08;2.11236e-09;4.96833e-08;2.14385e-06;1.37748e-11;1.12082e-08;2.66167e-10;1.63639e-07;2.54361e-07;5.35272e-06
1.19776e-08;6.63257e-07;0.999996;1.09518e-07;2.84684e-08;4.23538e-07;3.23955e-11;5.54339e-09;1.38917e-10;2.79621e-10;3.86132e-09;5.10627e-08;7.50047e-08;2.68637e-06
9.68275e-07;0.999684;2.40225e-06;2.97379e-09;5.27828e-09;1.12368e-10;2.2879e-08;0.000199427;9.02596e-09;1.15568e-09;2.13368e-08;4.99387e-06;0.000108364;1.86252e-10
5.51519e-07;0.998762;1.27981e-08;5.80952e-06;7.30876e-05;1.26656e-06;1.84477e-08;0.000832634;2.32975e-07;7.52119e-07;4.53466e-08;0.000275464;1.5134e-05;3.31586e-05
1.55617e-05;0.012653;0.00150591;2.25827e-05;0.00253544;0.00202549;1.37107e-07;0.000124277;4.92475e-08;1.71189e-05;1.27643e-06;0.979726;0.000138689;0.00123493
2.17898e-07;9.17581e-07;4.23365e-11;5.94592e-10;4.56693e-08;2.77225e-08;8.78617e-10;0.999196;8.81358e-08;3.12617e-11;8.20446e-09;2.07298e-08;0.0008027;8.07361e-09
2.58273e-05;0.00107179;2.65152e-05;3.01725e-07;1.05137e-05;6.4054e-08;2.73584e-08;0.00191468;1.82329e-05;1.62484e-08;5.74817e-07;0.996549;0.000382382;3.58899e-07
4.32581e-08;1.6547e-05;0.999912;1.28064e-07;1.91552e-05;5.53509e-09;1.44495e-09;3.50865e-05;9.27487e-09;1.44753e-08;1.13579e-08;1.47036e-05;2.32651e-06;1.29258e-07
1.1387e-09;0.999997;1.1558e-09;1.45639e-09;2.62037e-09;4.94405e-10;3.48777e-08;2.37697e-10;2.07017e-12;1.6662e-07;4.45391e-11;1.89197e-10;1.18249e-08;2.70813e-06
2.14346e-11;3.43427e-13;0.999997;6.28857e-13;2.25671e-12;3.56332e-13;8.61349e-11;1.96767e-13;5.22482e-11;3.29534e-13;1.87115e-11;3.28124e-06;3.09108e-14;2.83381e-11
3.74483e-05;0.00170691;2.39211e-06;3.49982e-07;0.000102121;0.000744724;0.000240624;0.0833146;0.0043415;2.15229e-07;0.0010667;0.000685985;0.907752;4.44612e-06
5.70889e-09;0.99972;5.84424e-12;2.70727e-10;3.74255e-09;9.64948e-10;0.000276214;7.61559e-08;1.73416e-08;9.101e-07;1.02226e-09;5.32258e-13;7.76346e-08;3.20642e-06
2.22681e-11;1.15148e-11;1;2.50785e-10;4.33794e-09;5.28887e-11;3.61213e-11;4.73814e-11;3.92079e-10;1.3014e-11;1.21155e-10;2.24731e-08;8.51121e-14;9.86212e-12
4.46761e-07;0.989304;1.84909e-12;2.05972e-08;4.71129e-06;6.87568e-09;4.34334e-08;0.0106622;3.43394e-07;3.33657e-08;1.73265e-08;1.2474e-07;2.7295e-05;9.37795e-07
1.9642e-05;0.013317;0.238386;4.52982e-06;0.420298;0.000180263;2.31056e-07;0.000103459;6.93833e-09;4.92126e-05;8.30391e-08;0.292391;5.21878e-05;0.0351985
1.51037e-06;0.996027;1.3832e-10;3.99674e-09;1.9745e-07;4.41738e-09;0.0026816;0.00115828;2.2041e-06;7.02819e-07;1.77319e-06;1.34319e-09;1.42652e-06;0.000125351
5.27075e-10;5.2774e-10;1;8.77987e-11;4.31335e-11;1.92935e-12;3.92445e-09;5.93418e-11;7.65898e-08;1.1541e-10;1.69786e-09;1.7582e-07;1.18374e-12;3.02317e-11
0.00070762;0.0401307;1.31405e-07;2.02631e-05;0.000322015;4.089e-05;8.20562e-05;0.127002;0.79579;3.61344e-06;0.0031744;0.031831;0.000582822;0.000312505
1.51056e-05;0.996809;4.71867e-10;4.63696e-08;5.6937e-07;2.35601e-07;5.97931e-08;2.4574e-05;2.69728e-07;4.61326e-08;1.89523e-07;8.29114e-05;0.00169592;0.00137132
1.67472e-05;0.774456;8.88273e-05;3.61154e-08;8.87084e-06;1.95568e-08;1.71502e-08;0.0674532;2.8654e-08;1.7566e-08;2.05478e-08;0.155972;0.00187117;0.000132759
1.93314e-05;0.116297;8.74722e-07;0.00264695;0.13979;0.00177918;8.34061e-05;0.155256;0.000279374;0.000619669;7.79672e-05;0.0357483;0.417165;0.130237
0.00105331;0.0199625;6.79597e-06;0.000660068;4.73949e-05;4.07811e-05;0.000200585;0.000112878;0.00886622;3.26936e-05;0.00817705;0.158025;0.802187;0.000628421
0.00114981;0.137049;2.34243e-06;2.07144e-05;0.000606471;1.15009e-06;1.17688e-05;0.854274;0.0036078;2.80151e-05;1.79702e-05;0.00318094;2.64014e-05;2.373e-05
5.95538e-06;0.000763741;0.992009;7.46745e-05;2.53368e-05;7.40873e-05;1.93974e-06;8.68056e-08;2.98456e-06;4.05204e-05;3.14844e-06;6.41526e-05;0.00686;7.38309e-05
0.000786318;0.683292;0.149776;7.22165e-06;0.00832395;2.49853e-05;7.04848e-07;0.00385844;3.45767e-06;1.69755e-06;2.11576e-07;0.0983926;0.0543664;0.00116562
1.43268e-05;0.0157303;3.41056e-08;1.18658e-06;0.000111493;0.000419582;0.000148865;0.00031939;0.00323088;5.90768e-07;4.21783e-05;1.50987e-05;0.979965;1.37771e-06
0.00011165;0.587182;0.319569;5.7169e-06;0.00563104;0.000137298;1.19775e-07;0.00166357;1.94709e-05;3.74438e-06;5.1001e-08;0.0167889;0.000105182;0.0687826
2.72371e-05;0.00920988;1.48555e-07;4.83377e-07;8.29531e-07;1.87384e-06;2.63732e-06;0.356101;1.77788e-05;6.64502e-07;3.66292e-06;1.0195e-08;0.634633;1.33241e-06
4.4813e-08;6.68283e-08;0.999999;3.45189e-08;3.50804e-09;4.57572e-10;1.25188e-07;7.24605e-09;1.7671e-07;1.27709e-08;2.21737e-07;8.67487e-07;1.20965e-08;1.52597e-08
3.38447e-08;0.000148292;1.56355e-05;1.17884e-07;1.17287e-08;3.65577e-09;4.62554e-08;6.70787e-06;9.33919e-08;1.59745e-08;8.79122e-09;3.34834e-06;1.44279e-07;0.999826
2.72985e-08;3.06849e-05;2.59795e-08;3.16912e-08;0.000645932;9.56888e-07;6.56592e-09;0.999314;4.71023e-07;8.3997e-09;1.99896e-08;6.70741e-06;7.16208e-07;3.6567e-07
1.78273e-09;1.42899e-05;0.999971;1.11746e-08;1.35271e-06;1.57061e-07;2.33401e-10;5.30887e-08;1.56977e-12;2.8433e-09;1.18347e-09;1.14452e-05;1.65505e-06;2.53691e-07
4.98556e-09;0.999992;5.85542e-10;1.37934e-09;3.61567e-09;1.7312e-09;3.81876e-10;1.3938e-06;5.17331e-09;2.76976e-11;1.61604e-08;4.0399e-06;2.34019e-06;6.56753e-07
4.87105e-07;0.996916;4.9661e-10;2.84896e-06;0.000126245;4.544e-08;3.05733e-09;0.000270677;3.84559e-08;3.92604e-08;1.6188e-07;0.000443303;0.000325803;0.00191479
2.37622e-09;0.999137;2.36417e-08;1.13224e-08;3.6968e-05;3.18592e-08;1.96451e-11;0.000108451;1.06188e-12;1.38532e-08;1.24301e-12;5.07435e-06;0.000221671;0.000491027
6.9417e-09;0.000148498;1.54267e-08;1.34787e-06;1.268e-07;0.000153195;1.74102e-08;6.49833e-06;4.48053e-10;2.24228e-07;9.64498e-09;1.46416e-06;0.999551;0.000137181
9.40711e-09;5.90738e-09;0.999996;2.40512e-07;1.37882e-08;9.74989e-08;3.23137e-08;1.52774e-10;1.31261e-10;5.09715e-07;6.86886e-09;3.03414e-07;3.28669e-06;9.78962e-09
1.63756e-07;2.39969e-06;0.998176;9.74242e-08;1.41797e-08;8.11462e-08;0.0018064;9.00347e-08;8.56589e-08;1.27659e-05;1.73653e-06;2.37121e-11;3.96803e-08;3.42318e-08
8.0127e-11;3.35332e-08;1;4.4048e-10;1.05653e-11;9.66316e-11;1.60242e-09;1.15933e-09;1.17008e-09;8.51553e-11;4.05047e-09;4.35085e-10;1.11316e-10;3.08596e-13
1.11855e-06;0.00395203;0.00270853;1.4137e-05;6.02115e-07;6.44959e-07;2.43751e-07;0.00204872;3.95143e-05;2.15801e-07;0.000101182;0.991013;4.2596e-06;0.000116043
7.00949e-06;0.0668169;0.000259492;1.19163e-07;0.000673736;0.00042706;3.58082e-07;0.600815;1.0606e-07;3.765e-06;1.55202e-06;1.06031e-05;0.329813;0.00117183
1.63979e-08;0.00973723;1.39075e-06;1.23857e-07;0.000268092;0.000513949;2.84886e-10;0.00439993;1.47232e-09;3.50906e-08;1.75597e-07;0.962034;2.61535e-05;0.0230193
1.10073e-08;0.90276;1.76914e-08;8.74227e-08;4.8623e-06;1.49815e-06;6.7852e-09;9.62632e-05;3.77647e-11;6.68584e-09;1.70674e-09;2.33194e-05;0.0971003;1.39429e-05
2.4578e-06;0.0373686;4.97589e-07;2.6465e-05;0.00892606;1.747e-06;4.05895e-08;0.951495;1.62228e-06;2.9082e-06;4.54744e-07;0.00169524;0.000476875;1.53881e-06
6.16713e-06;0.556588;0.438764;3.36932e-05;1.33369e-05;3.62329e-05;2.06564e-09;4.17298e-08;8.19366e-11;4.62415e-06;4.21526e-09;0.000246269;0.00337678;0.000931542
2.78638e-06;0.999876;2.22773e-12;1.47794e-09;4.69357e-10;8.07909e-11;9.69524e-05;1.39482e-07;1.94705e-09;7.58839e-07;2.49601e-08;1.67497e-09;4.69792e-06;1.88125e-05
5.18746e-13;2.00971e-13;1;1.673e-12;2.25931e-12;6.7203e-13;4.93213e-11;8.33848e-12;1.17087e-12;8.81746e-12;4.17837e-13;3.16032e-09;3.7385e-14;4.43704e-13
1.99676e-06;0.00128591;3.61119e-08;4.50229e-06;1.16195e-06;0.000619302;0.00014421;0.000167411;0.00062045;2.1386e-06;6.88887e-05;4.22838e-07;0.997081;2.13472e-06
4.49651e-05;0.0211168;0.921056;8.32088e-05;0.000367903;5.47971e-06;7.94589e-06;2.68465e-05;5.75282e-06;3.76901e-05;1.64605e-06;0.0558978;0.00132483;2.29678e-05
2.99545e-07;0.997899;1.3772e-10;5.26409e-06;1.10547e-06;2.87132e-07;5.74794e-06;0.000860452;6.87336e-06;1.51922e-07;6.83844e-05;3.92399e-05;0.00110969;3.52916e-06
8.0675e-05;0.441222;0.154675;0.00051759;0.00068019;2.15266e-05;1.73384e-06;0.000261278;8.28649e-08;3.99328e-05;2.84655e-05;0.120225;0.282057;0.000191021
1.61514e-06;0.00315015;0.000873962;2.93005e-07;0.000124537;1.39678e-06;1.51756e-06;0.0829347;1.22036e-06;5.64014e-07;2.13764e-06;0.911424;0.00136129;0.000122277
7.51461e-07;0.633725;1.98322e-06;7.99718e-05;0.000158447;0.00494976;0.000129777;0.000130089;3.05997e-06;1.33291e-05;1.33195e-05;1.5844e-05;0.360006;0.00077278
1.75105e-05;2.28436e-06;0.762958;1.66939e-06;5.7058e-07;2.65716e-07;1.30052e-08;3.01484e-07;4.81329e-09;1.27234e-07;4.26067e-08;0.236999;1.64215e-05;3.47351e-06
3.9017e-05;0.825539;4.74201e-07;1.47889e-05;5.27704e-06;3.35336e-06;1.95521e-07;0.088764;0.000224022;5.34884e-08;7.90802e-05;6.42641e-07;0.00092641;0.084404
1.06402e-08;0.00498387;5.79333e-11;1.64261e-08;4.58858e-07;2.01023e-06;6.81382e-10;0.994885;1.38165e-07;1.15851e-07;3.01286e-09;8.28107e-11;0.000104357;2.38616e-05
9.42562e-10;2.38732e-10;1;2.44164e-09;1.09402e-10;9.18221e-12;6.67344e-10;8.66321e-11;8.5088e-09;1.29101e-09;3.70012e-09;6.81145e-08;4.12252e-12;1.84817e-10
1.89355e-05;0.000145221;0.0133413;4.27465e-06;3.90249e-06;1.02973e-07;5.68748e-06;2.5859e-05;9.27184e-06;1.29908e-06;5.5357e-07;0.000145618;8.21445e-07;0.986297
2.82955e-07;4.50611e-05;1.15394e-09;1.67871e-09;0.000428557;1.24578e-07;8.00077e-09;0.999514;1.08181e-05;1.0185e-09;3.21027e-09;1.53727e-08;9.33954e-07;4.35663e-07
3.17559e-11;1.76984e-09;0.999998;1.58059e-11;1.23839e-06;1.35105e-11;1.87844e-13;5.78267e-12;2.98306e-13;9.77834e-12;7.96134e-13;6.62932e-07;3.52919e-10;2.22184e-10
1.42551e-07;0.999496;1.11672e-10;9.96909e-09;1.6916e-06;6.49603e-11;2.0874e-07;0.000494026;6.40467e-06;7.93726e-10;4.9768e-07;3.06205e-07;3.33425e-07;7.79987e-08
2.20777e-06;0.9466;0.000275887;2.71742e-06;0.000549228;9.51039e-07;1.66841e-09;2.89267e-06;3.52388e-09;1.22045e-07;3.3563e-09;0.00187794;0.0506121;7.63005e-05
4.02501e-06;0.227566;2.27739e-07;8.0328e-07;0.0265856;1.19257e-05;1.17155e-07;0.694462;4.37874e-07;8.31802e-07;2.78814e-08;0.0271033;0.00713927;0.0171249
8.51626e-07;0.0620832;5.44008e-10;1.40505e-05;4.55753e-05;0.010194;1.34175e-07;0.000306236;3.14084e-07;3.59376e-07;4.2588e-07;1.40084e-05;0.927103;0.000237949
1.34671e-06;0.00010044;0.988725;7.66455e-07;5.31696e-07;1.20566e-06;3.37817e-10;1.67013e-06;2.42605e-10;1.06208e-07;1.72179e-10;0.0110494;5.26689e-05;6.64194e-05
7.94692e-06;0.956451;3.50781e-06;0.000196322;2.44777e-05;0.00049784;1.13216e-06;0.00132443;2.50057e-05;8.60177e-07;4.82521e-05;2.67728e-06;0.023691;0.0177256
5.77982e-07;0.999728;5.73167e-06;3.40641e-08;5.60043e-08;9.21858e-10;6.70229e-08;0.000223634;5.31918e-08;2.24243e-08;1.0025e-08;2.90979e-05;1.30553e-05;1.26888e-07
1.84946e-07;0.997981;4.89525e-09;6.72703e-06;0.000114172;5.08705e-07;4.32053e-08;0.00167931;4.80751e-07;1.56194e-06;2.44589e-08;0.000119889;1.41781e-06;9.44368e-05
3.96219e-06;0.00319689;0.0128254;6.89214e-05;0.00211407;0.000569989;2.95534e-07;6.91294e-05;2.311e-08;9.77124e-05;3.45605e-06;0.979873;7.15547e-05;0.0011061
1.80648e-06;0.000690751;1.52354e-09;5.39225e-08;1.85827e-07;1.79041e-07;3.1855e-07;0.956228;7.06828e-07;8.17134e-09;1.01511e-06;1.18531e-07;0.0430768;3.13951e-07
2.77946e-06;0.000183346;5.84611e-05;4.00858e-07;3.60651e-06;2.25844e-08;4.05618e-08;6.22741e-05;2.08312e-06;5.27603e-08;7.49126e-07;0.999668;1.53659e-05;3.23703e-06
5.82882e-08;0.000204826;0.999741;1.12723e-07;1.17194e-05;3.34696e-09;1.08216e-08;3.06797e-05;4.09942e-09;2.14524e-08;6.38415e-09;5.99414e-06;5.14973e-06;4.84849e-07
4.15397e-09;0.999991;3.43724e-08;4.67272e-09;1.01605e-08;2.84167e-10;5.05482e-07;1.11117e-09;6.08701e-12;4.25026e-07;9.89981e-11;2.10232e-09;2.57158e-08;8.08452e-06
2.97519e-12;4.17291e-13;0.999999;2.11441e-13;7.97687e-13;2.71504e-14;1.97084e-11;2.26678e-14;7.95342e-12;2.15999e-13;2.08356e-12;7.52302e-07;1.60456e-16;6.76643e-11
6.02305e-05;0.00391813;8.64423e-07;1.69559e-06;0.00129528;0.0101617;0.00156332;0.803753;0.0210925;1.8171e-06;0.0031212;6.05968e-05;0.153166;0.00180332
1.68647e-07;0.996793;1.11531e-10;2.47008e-09;5.36398e-08;4.35635e-08;0.00246243;0.000675231;6.31607e-07;1.36147e-05;1.08179e-07;8.25888e-12;7.1564e-07;5.43092e-05
1.90231e-11;5.24604e-11;1;1.95466e-10;5.65205e-10;3.93258e-10;1.56934e-10;5.52208e-10;1.98129e-10;8.53055e-11;3.32446e-11;6.67134e-09;6.84917e-13;3.34178e-11
1.55492e-07;0.00749028;3.6981e-09;5.90795e-07;1.33714e-08;1.52581e-07;5.90254e-08;3.34289e-06;2.55511e-06;1.85988e-08;4.16884e-07;1.24729e-05;0.99249;1.04024e-09
8.53214e-05;0.0524946;9.50877e-11;0.00219176;0.000216159;0.000774286;4.65023e-07;0.202465;0.00344659;6.31545e-05;0.00103565;0.72958;0.00685087;0.000795765
0.000105389;0.997782;2.53957e-08;3.5784e-06;1.41176e-08;9.32689e-09;0.000150806;3.1723e-05;5.48878e-05;4.11155e-07;0.00016418;4.90205e-05;0.00165787;4.4123e-10
1.47588e-05;0.831398;1.09964e-07;3.79836e-05;0.000143707;0.000299871;2.95832e-07;0.000748879;2.83375e-05;4.0463e-06;6.17831e-06;0.0990548;0.000712366;0.0675508
3.51661e-06;0.00912036;4.1092e-09;7.02999e-09;6.66539e-09;4.14394e-08;9.52798e-08;3.05667e-06;5.28412e-08;6.16974e-10;5.84806e-08;2.15703e-07;0.990873;1.39192e-09
2.47282e-07;0.0124188;4.66333e-05;2.39806e-06;8.0726e-05;2.53914e-06;2.50367e-10;0.00020906;9.9925e-08;2.33943e-09;4.03831e-08;0.986306;1.63608e-06;0.000932126
1.03233e-07;0.948609;9.7822e-10;8.8185e-09;0.000553685;2.1857e-08;1.17355e-09;0.0508125;2.92382e-08;7.58912e-10;1.465e-08;3.05135e-07;2.06476e-05;3.33836e-06
1.9335e-05;0.195211;3.27486e-08;9.80701e-07;0.00125898;0.000654206;5.6314e-07;0.632157;3.85265e-05;6.62022e-06;1.04875e-06;0.0349158;0.134494;0.00124206
1.40395e-05;0.00477819;3.02625e-07;3.90772e-07;4.80293e-07;5.60982e-07;4.91221e-07;0.000265459;3.96463e-05;1.89942e-08;8.44529e-06;1.65074e-05;0.994875;1.4398e-07
1.08282e-06;1.73676e-05;3.62295e-08;7.05844e-08;5.67541e-08;5.55541e-08;7.31743e-11;6.64739e-05;8.55226e-07;2.86478e-09;6.22623e-08;0.967904;0.0320097;8.1832e-10
1.52192e-06;0.101682;5.93334e-08;1.75128e-06;1.11353e-05;1.66793e-06;5.37777e-09;0.894877;4.76515e-06;8.06376e-08;3.61695e-06;0.00189043;0.00152508;9.3582e-07
8.49e-06;0.819728;1.25911e-05;8.25991e-05;0.0138935;4.14398e-05;3.12551e-07;0.0854912;4.11263e-07;0.000209045;1.13205e-06;0.0437753;0.0297392;0.00701693
0.000305555;0.0437824;1.22916e-06;0.00250881;2.79451e-05;2.28529e-05;0.0284171;0.000809474;0.0858261;0.000204304;0.815176;0.000144912;0.0227528;2.06872e-05
0.129065;0.328361;8.3412e-06;4.23717e-06;2.03289e-05;3.17711e-07;6.72191e-05;0.534616;0.00428014;7.16641e-06;3.92083e-05;0.000179482;0.00334435;7.59622e-06
2.82399e-05;0.0074131;5.03255e-06;4.14798e-06;0.000517082;2.56796e-06;4.10826e-07;0.00201194;8.43474e-05;1.51405e-06;2.39247e-06;0.988426;2.09299e-05;0.00148228
4.67247e-07;0.999505;3.41766e-07;2.02805e-07;1.94628e-07;3.14667e-09;2.37274e-07;0.000256597;5.8064e-06;2.11874e-08;2.06082e-08;9.57731e-08;0.000230625;4.37515e-08
0.000285746;0.0124397;1.00924e-06;1.31017e-05;0.00131242;1.20385e-06;7.01958e-05;0.984713;0.000205336;4.53268e-05;1.50451e-06;0.000417728;2.22587e-05;0.000471053
0.000976314;0.606917;8.72835e-06;3.90671e-06;1.41091e-05;6.31141e-07;1.80857e-05;0.0110783;0.00118452;4.92757e-07;0.000150603;1.26996e-05;0.379615;1.96527e-05
4.20254e-05;0.344752;2.68646e-05;1.47921e-07;1.16064e-06;1.12043e-07;2.06497e-07;0.145491;1.41837e-06;1.99543e-06;3.45075e-08;5.1459e-05;0.509623;8.4376e-06
1.50354e-11;3.21832e-10;1;2.82546e-10;5.08321e-11;4.59256e-12;6.23658e-12;2.44378e-11;3.3788e-11;1.93711e-11;2.4319e-11;2.22196e-07;1.80907e-12;8.33917e-11
1.39447e-08;6.97079e-05;0.999378;2.09918e-08;1.99055e-09;2.84768e-08;7.02828e-10;1.10014e-05;3.22886e-09;1.04776e-10;6.49421e-10;0.00053678;3.99961e-06;5.50388e-07
2.29896e-08;0.176163;7.83271e-09;3.50409e-07;0.000189455;0.000363389;2.9191e-06;6.60654e-05;1.37239e-08;1.0985e-05;2.49886e-07;9.56859e-10;4.21286e-05;0.823161
2.19133e-12;2.75831e-11;1;1.71862e-11;3.68231e-11;3.07871e-10;4.41139e-12;3.42508e-10;4.43985e-13;2.46096e-11;1.84201e-11;5.33092e-07;1.84603e-10;1.09529e-11
1.38197e-06;0.104298;1.73811e-06;8.76718e-05;6.61948e-05;0.000960577;1.11365e-06;0.00439273;8.54548e-05;1.08981e-06;0.000738906;9.40697e-06;0.889306;4.94879e-05
2.26787e-08;0.999916;2.33893e-06;1.76545e-07;4.08902e-07;2.4804e-07;7.70023e-12;1.26792e-06;1.36306e-12;5.91757e-09;1.85649e-12;3.84793e-07;3.55184e-05;4.3796e-05
0.000219838;0.23972;0.000262262;1.47774e-05;1.87038e-05;3.5704e-06;7.27271e-06;0.0430132;2.46806e-06;1.8571e-06;7.23148e-05;0.344176;0.372479;9.21796e-06
5.3186e-06;0.471456;3.0047e-06;3.54423e-05;8.25528e-05;0.00739201;5.09115e-06;0.00833251;9.17415e-05;5.58182e-06;0.000108512;0.0169742;0.490089;0.00541987
4.92994e-06;0.966968;3.11548e-09;1.29308e-06;1.72397e-08;3.36007e-08;0.0171559;1.20776e-05;9.57324e-07;0.000201342;9.38323e-06;3.59515e-07;0.0155595;8.67628e-05
1.96508e-09;2.7818e-08;1;5.29492e-09;6.69994e-10;1.72907e-09;1.39e-07;1.31066e-08;6.35231e-09;3.96556e-08;3.3428e-09;3.1099e-09;9.97555e-09;4.83195e-09
9.95248e-11;7.61732e-09;1;1.55485e-09;3.25972e-11;2.75461e-11;2.58988e-09;2.22713e-09;2.89207e-09;7.61035e-10;6.96537e-10;2.61402e-10;4.94706e-09;3.72694e-11
1.12381e-10;4.62614e-10;0.999742;3.37333e-08;1.12747e-09;7.0765e-10;3.50066e-11;6.07196e-06;5.21035e-09;5.27114e-11;2.06514e-09;0.000251533;1.28765e-11;3.29942e-08
1.44279e-09;0.000416323;4.06119e-07;1.18886e-08;1.17662e-06;2.83218e-05;1.85384e-11;2.46239e-06;2.89924e-11;3.69433e-09;1.80446e-10;1.84032e-07;9.96509e-08;0.999551
1.80566e-09;0.0191634;9.37107e-11;2.08172e-09;3.39445e-10;5.30174e-07;5.12713e-09;0.000809606;7.76323e-11;6.91481e-10;1.59981e-07;5.37456e-09;0.980026;2.48974e-08
3.97966e-09;2.90779e-06;0.999996;3.81424e-08;1.5776e-09;1.95914e-08;2.29025e-08;2.19316e-07;1.68111e-09;4.99239e-09;3.51691e-08;2.91105e-08;9.44663e-07;7.21039e-08
1.43141e-09;2.51817e-08;1.71898e-05;1.5894e-08;9.0759e-10;2.24003e-09;1.53224e-10;5.28424e-07;3.64198e-10;1.66663e-09;6.28661e-11;6.90435e-06;3.83826e-09;0.999975
1.08956e-08;7.89239e-06;1.49475e-08;4.8305e-09;0.000373786;4.33371e-07;1.02525e-10;0.999616;9.14256e-09;9.7119e-10;2.77028e-10;3.29674e-07;7.49919e-07;6.62995e-07
3.5148e-10;1.2411e-06;0.999995;3.08328e-09;2.52639e-07;5.25097e-08;1.69464e-11;1.00812e-09;2.59615e-13;8.54663e-10;1.89935e-10;2.96403e-06;4.82948e-08;1.01588e-07
6.54068e-10;0.999996;6.19053e-11;4.29701e-10;2.89674e-10;2.89359e-10;7.27053e-11;1.28451e-07;3.75127e-10;5.96703e-12;1.04172e-09;1.97204e-06;1.93548e-06;2.5801e-08
1.25579e-06;0.990388;2.50232e-10;8.42377e-06;0.000287415;2.81545e-07;1.01514e-07;0.00154532;2.34523e-07;2.50214e-07;5.45969e-07;0.000259514;0.00370759;0.00380107
3.45259e-09;0.99868;1.03729e-06;6.39316e-08;1.64309e-05;4.14629e-08;9.51896e-11;0.000169416;2.70343e-12;9.40189e-08;3.14579e-12;0.000615846;4.54158e-05;0.00047167
9.80625e-09;9.82006e-05;5.82392e-09;7.32022e-07;5.34075e-08;1.39019e-05;3.54265e-07;3.76095e-06;4.97684e-10;7.74869e-07;2.04318e-08;7.77381e-06;0.999873;1.60798e-06
3.32027e-09;1.39924e-08;0.999953;1.33751e-06;8.01983e-09;1.12543e-08;7.89879e-06;9.5573e-12;4.83011e-10;3.0701e-05;1.87286e-08;7.4139e-06;2.76916e-08;2.45373e-08
2.71652e-07;1.42491e-08;0.999434;3.13926e-06;8.52769e-08;5.47114e-07;6.52689e-05;4.64903e-09;6.08884e-06;4.73108e-07;0.000490101;3.99462e-07;1.48422e-07;9.50848e-10
2.15327e-08;0.99999;6.92352e-06;4.94964e-07;4.31526e-08;1.00483e-08;2.48448e-09;2.09188e-07;1.55672e-09;1.01059e-08;4.81244e-08;3.17671e-08;2.64295e-06;1.44418e-09
7.43493e-08;0.00679437;2.66032e-12;9.4603e-08;5.75053e-06;1.04526e-08;8.07886e-09;0.993193;8.68431e-08;7.18776e-08;1.21171e-07;9.45779e-07;5.71657e-06;2.17826e-07
5.26124e-06;0.000295775;2.37589e-06;3.85775e-06;0.000114994;1.89337e-06;1.00087e-06;0.00505512;5.54527e-06;2.7489e-06;7.21062e-06;0.985114;0.0093892;5.69192e-07
2.04316e-05;0.980417;4.0455e-09;4.67284e-08;1.56873e-06;3.08421e-07;0.00016354;0.016695;3.1811e-05;6.32879e-07;2.42798e-06;7.43396e-09;0.00265492;1.27456e-05
3.91115e-09;1.42179e-10;1;2.96334e-10;5.00293e-12;1.46271e-12;1.23612e-10;4.03712e-10;9.34002e-09;9.86936e-12;1.00974e-09;6.09974e-08;7.26813e-12;1.09833e-12
2.45904e-05;7.13674e-05;8.76956e-06;6.56293e-05;1.77654e-07;1.37507e-08;1.52442e-08;0.000163077;0.0308077;9.12239e-09;0.000414178;0.968444;5.22076e-07;3.70212e-07
5.29604e-05;0.994394;0.000237093;8.11241e-06;1.46571e-07;1.27607e-07;5.39815e-09;0.000109835;3.34521e-05;3.1545e-07;4.82085e-06;5.78926e-05;0.00509908;1.98907e-06
1.55642e-07;0.00118891;1.32851e-07;2.50124e-09;0.000206792;2.89258e-08;4.11788e-12;0.99845;1.60976e-10;4.99373e-09;2.69203e-11;1.38174e-06;1.00864e-08;0.000152426
2.5882e-10;1.83913e-06;0.999982;1.18223e-08;9.94358e-06;3.69205e-07;3.66797e-11;7.13906e-10;4.17182e-12;1.43267e-08;1.63364e-11;3.5774e-06;3.29447e-07;1.46242e-06
9.31148e-06;0.000399685;9.20999e-05;3.21185e-06;4.63981e-07;5.57882e-06;1.52228e-06;0.0123214;0.000680466;2.21977e-07;0.000165811;0.000108576;0.986212;1.27198e-08
