9.57235e-07;0.950555;0.0492244;4.89074e-07;7.54739e-07;3.11344e-07;5.75376e-08;6.86074e-06;1.07925e-09;3.67436e-07;2.36734e-09;0.00012972;7.98421e-05;8.41796e-07
3.69735e-07;0.000487619;3.20958e-09;2.21054e-06;1.13323e-05;7.29416e-07;3.59241e-07;0.00130915;1.85387e-06;1.05813e-07;4.80474e-05;2.45172e-06;0.998135;5.56915e-07
1.63866e-07;0.999859;3.11302e-06;2.269e-06;1.5179e-06;7.49852e-07;8.87018e-08;3.47885e-05;1.50083e-08;5.48733e-07;5.88259e-08;2.5699e-08;7.98121e-06;8.98021e-05
4.67133e-08;1.26486e-06;0.999994;3.34078e-07;5.21855e-09;1.81835e-09;3.09228e-07;7.05088e-08;1.29177e-07;4.81112e-08;1.80667e-06;1.76236e-06;8.94662e-08;3.70705e-09
3.16273e-09;1.28954e-07;1.84194e-05;1.51667e-07;1.24974e-09;1.33895e-09;1.99542e-09;4.6724e-07;3.52184e-09;1.40794e-08;3.10706e-09;8.57358e-07;5.25898e-11;0.99998
1.15147e-09;1.70852e-07;5.42842e-11;3.15977e-09;0.000160135;1.14725e-07;8.03425e-11;0.999839;2.22863e-08;1.24704e-10;2.99296e-08;4.51963e-09;9.05532e-08;2.72098e-08
4.71054e-09;1.04708e-05;0.999459;6.28296e-07;0.000499013;8.33934e-06;1.93484e-10;9.53535e-07;9.51622e-11;1.35413e-08;1.80568e-07;1.40847e-05;2.3456e-07;7.08057e-06
2.04658e-07;0.0586051;0.00428776;1.37164e-07;3.04868e-05;0.000198457;3.18322e-10;4.62522e-08;5.14716e-12;2.84609e-09;2.08914e-08;4.4519e-05;0.936803;3.05249e-05
6.21974e-07;0.00614432;0.0106629;4.77033e-06;3.0763e-05;8.03298e-05;9.00553e-08;0.000722033;1.17772e-07;7.87532e-08;1.03794e-05;0.976289;0.00602015;3.45656e-05
1.05006e-06;0.147987;0.000182784;5.37663e-05;0.00222874;0.000469073;1.56074e-08;0.35562;5.49424e-08;3.69057e-07;1.29924e-06;0.00692402;0.486235;0.00029691
9.34216e-06;0.0176264;9.56499e-09;2.75833e-06;1.26132e-06;4.16662e-05;6.57008e-07;0.0139307;1.3889e-08;2.88361e-07;4.35418e-07;5.33831e-07;0.968365;2.07305e-05
2.36905e-14;7.83689e-14;1;1.40674e-13;7.40489e-15;4.10734e-14;2.36347e-14;9.01748e-17;3.31041e-15;2.31992e-15;3.23733e-13;6.8362e-11;3.0736e-12;1.1295e-14
4.03375e-10;7.7301e-08;0.999603;2.81303e-09;6.87597e-10;1.17554e-09;2.57967e-10;6.19618e-07;1.00067e-09;4.64794e-11;1.20427e-08;0.000396302;1.27098e-08;2.55006e-08
2.91168e-09;2.10164e-07;1.79183e-06;8.48104e-08;0.999215;0.000384658;1.35942e-09;1.88094e-06;1.51962e-07;2.72059e-08;1.6179e-06;5.63714e-06;6.29851e-07;0.000388692
2.97131e-07;0.902538;0.00049674;2.36877e-06;0.0101828;0.000412315;0.00100419;2.4439e-08;4.36266e-09;0.00601139;4.59929e-07;7.26635e-06;2.35479e-06;0.0793416
3.53815e-12;6.71514e-10;1;7.71075e-12;5.71036e-12;5.34529e-11;8.21896e-11;4.5431e-13;2.01835e-12;1.96119e-12;6.52355e-12;4.4286e-09;3.54149e-12;2.42915e-13
8.45887e-07;0.876209;3.74911e-08;1.23532e-06;2.43812e-07;1.72529e-06;9.31193e-08;0.0693103;4.67189e-07;6.34032e-08;3.24655e-07;0.00013755;0.054338;3.66122e-08
1.24378e-06;0.178842;4.38261e-07;5.03693e-05;0.000441153;0.000497137;1.09299e-08;0.173072;3.09862e-07;2.68036e-05;4.30936e-07;0.000118126;0.646836;0.000114288
6.15816e-07;0.000295165;8.19495e-07;2.33894e-07;0.00025945;7.22951e-07;3.85033e-09;0.000494059;1.18208e-09;7.30734e-07;1.88769e-08;0.9986;0.000347623;7.9013e-07
6.55209e-08;0.0117212;2.47919e-10;3.00187e-08;1.50029e-08;6.02994e-10;0.98671;2.58694e-09;1.31327e-07;0.00156625;4.20569e-08;3.96633e-10;6.33734e-09;2.33192e-06
1.5208e-11;7.82464e-15;1;2.72273e-11;2.73351e-11;4.26067e-13;5.4085e-10;1.33999e-13;2.76891e-10;7.86118e-12;2.08061e-10;1.0713e-08;7.25313e-15;2.1143e-13
1.58999e-05;0.995885;1.66805e-10;2.49404e-07;9.75917e-06;6.93533e-09;2.06954e-05;0.00345129;0.000550156;2.77878e-07;6.96011e-06;6.02037e-06;5.38233e-05;8.33363e-08
5.09787e-05;0.0245405;0.00150041;2.04239e-05;0.060739;0.000102205;8.74036e-07;8.44265e-06;4.75088e-07;0.000128638;1.33208e-07;0.737181;0.000388392;0.175339
7.9767e-06;0.968825;6.37137e-11;1.52845e-08;7.68138e-05;3.39039e-10;3.65399e-06;0.0262314;0.000489213;9.97736e-10;4.72187e-06;0.00435725;4.18693e-06;1.44086e-07
1.03618e-05;0.979028;0.0182963;9.17037e-06;8.66934e-05;4.41824e-07;1.14085e-06;3.24977e-06;5.04064e-06;1.96388e-06;9.15898e-07;0.000550885;0.00198384;2.21451e-05
6.80489e-06;0.998797;1.08389e-09;4.80064e-08;4.44874e-06;3.93796e-08;3.71342e-05;0.000396295;0.000253215;9.76358e-07;6.7696e-07;0.000461797;3.96411e-05;1.67817e-06
5.48156e-06;0.00170228;0.000989189;8.92412e-05;0.00112359;0.00125983;3.57542e-07;3.18617e-05;5.91927e-07;2.21867e-06;4.83971e-06;0.85965;0.1349;0.000241248
0.000160073;0.976264;7.81261e-07;3.06288e-06;6.70682e-06;3.8431e-06;6.42578e-05;0.0193714;0.000312908;3.18881e-07;0.000547275;0.00211533;0.00107629;7.38281e-05
0.00191274;0.222736;0.000345827;0.000353319;0.00106414;7.1254e-05;5.73959e-05;0.0360566;0.00993295;5.15466e-05;0.00157948;0.722878;0.00201896;0.000941293
0.000510604;0.918754;0.000889848;1.42514e-05;0.00252156;6.48942e-05;6.59295e-07;0.00158167;4.3935e-05;3.93298e-05;7.13038e-07;0.0361174;0.000321264;0.0391402
0.0013665;0.661638;1.28302e-06;9.80402e-06;0.000824429;0.000507446;0.000155641;0.239477;0.00175355;6.41185e-05;9.297e-05;0.0222069;0.0706694;0.00123251
3.60188e-05;0.00152446;2.19417e-08;2.93395e-06;0.000204949;9.53691e-06;6.3482e-06;0.991953;3.59978e-05;1.24885e-06;4.56029e-06;0.00119772;0.00495972;6.39662e-05
6.59046e-07;0.999097;5.09323e-08;5.67541e-08;5.09686e-08;3.04407e-08;3.01671e-10;3.62149e-05;4.1665e-09;2.1006e-08;1.68255e-09;0.000291264;0.000574501;5.26774e-07
2.4175e-07;0.00373952;3.47125e-09;1.51588e-05;6.54883e-06;2.06564e-06;0.000213065;2.20663e-05;5.68993e-07;0.00128228;7.82937e-07;7.61172e-06;9.52894e-07;0.994709
1.46193e-05;2.15151e-06;0.995998;0.000135272;1.64479e-06;1.84143e-05;0.000231703;4.07671e-05;0.000425781;3.54088e-06;0.00311803;1.08539e-06;3.86229e-06;5.5271e-06
1.67174e-05;5.68391e-05;7.48767e-10;2.91088e-08;1.6463e-07;2.37984e-08;1.13603e-06;0.99989;3.37168e-05;3.77101e-08;9.47505e-07;8.32991e-10;4.57752e-07;9.11895e-10
4.69734e-06;0.982207;4.15437e-07;8.24496e-07;2.21305e-05;1.25376e-07;0.0172557;1.04287e-05;4.90772e-05;0.000409411;1.04188e-07;1.30815e-05;1.96767e-08;2.71403e-05
6.06662e-09;3.63754e-08;1;3.69875e-09;6.64139e-10;2.40418e-10;2.59954e-08;2.52899e-10;1.45447e-07;2.50207e-10;1.79886e-08;4.33922e-08;1.73351e-10;2.40099e-09
1.06351e-05;0.94085;4.62137e-07;1.51314e-07;2.2547e-07;1.95802e-09;3.30991e-06;4.43196e-05;1.92813e-05;2.55229e-08;3.29657e-06;0.000287519;0.0587805;6.32026e-08
2.46607e-06;0.141208;8.88313e-06;0.000271034;0.0221162;0.000654836;1.36514e-06;0.0330953;4.37396e-06;0.000162321;2.18114e-07;0.0780322;0.72118;0.00326218
2.60878e-06;0.00540564;2.97119e-07;1.19062e-05;4.85807e-06;2.96031e-06;2.44512e-09;0.000111852;8.86359e-08;1.4381e-08;6.01157e-07;0.994281;3.56446e-05;0.000142443
9.72008e-06;0.808023;5.80649e-07;3.8956e-07;3.11591e-09;1.79055e-08;8.72182e-07;0.000146474;4.7112e-08;1.91912e-08;4.02401e-07;0.0772985;0.11452;5.06062e-07
2.50693e-06;0.609583;4.03685e-06;1.21948e-06;7.06121e-06;2.37087e-06;7.6353e-08;0.0415909;1.7614e-07;1.98739e-08;6.00915e-06;0.322557;0.0262457;4.82023e-07
1.22368e-08;0.998589;3.88925e-08;2.6461e-07;6.05717e-09;3.74708e-09;0.00112248;1.01364e-08;9.17639e-11;0.000192016;1.15004e-09;1.11531e-07;1.58194e-06;9.45573e-05
2.74904e-13;1.90854e-13;1;9.28355e-11;9.44687e-12;9.98816e-12;4.44878e-11;1.45431e-14;7.03361e-13;2.00472e-11;5.75617e-11;1.65201e-09;9.03756e-15;1.51948e-13
2.22168e-08;0.00163655;3.07043e-11;3.3983e-08;5.11387e-10;2.05491e-09;0.998303;7.98048e-09;1.29657e-06;4.60366e-05;1.31397e-05;1.02986e-12;2.57574e-07;1.20685e-08
4.83338e-10;1.01304e-11;0.999999;3.34616e-10;1.54888e-10;9.73133e-12;3.71101e-07;1.28254e-10;1.04027e-07;3.71939e-10;6.46037e-08;1.31924e-07;2.60816e-13;3.31193e-13
0.000817901;0.416598;0.00114542;3.85816e-05;0.00347634;0.000197561;5.46022e-05;0.0883622;0.00740004;1.78472e-05;0.000187843;0.324297;0.154772;0.00263476
2.58862e-06;0.437554;9.63496e-07;1.37335e-05;6.40249e-05;9.68892e-06;0.500708;1.3054e-05;4.14188e-05;0.0610595;1.25014e-06;1.89041e-09;0.000107929;0.000424233
1.09794e-09;5.63447e-11;0.999999;2.67741e-09;1.12755e-09;9.86894e-11;3.93151e-09;2.0313e-11;1.76085e-08;1.14614e-09;4.74118e-09;7.02418e-07;8.28242e-12;4.02711e-10
0.000130262;0.967086;2.05096e-06;1.68158e-06;1.10208e-06;1.52253e-07;0.0321123;0.000393308;1.72133e-05;4.73673e-05;3.14747e-07;9.08837e-07;0.000135023;7.21299e-05
2.04184e-13;1.94025e-12;1;1.12631e-13;1.16673e-13;8.48466e-15;6.07639e-13;1.37154e-12;2.87658e-12;2.83954e-14;3.0861e-13;2.45465e-10;1.22375e-17;1.86611e-13
2.24999e-05;0.666182;0.000165145;1.35227e-05;0.00185128;4.68813e-05;2.55877e-06;0.0144031;3.85124e-05;6.11368e-06;1.03776e-06;0.207176;0.00163016;0.108461
1.35307e-06;0.024695;0.00014194;1.21155e-05;0.000422227;0.00109023;8.09664e-08;0.00170052;1.26326e-06;4.73426e-07;1.81823e-05;0.141838;0.829712;0.000366427
1.80898e-06;0.461107;1.25827e-08;4.72376e-06;3.36962e-06;4.70091e-05;9.08832e-05;0.0588648;1.02637e-08;0.000355671;1.94253e-07;2.0784e-06;0.00874521;0.470777
2.88603e-13;9.43092e-13;1;2.28817e-12;2.03885e-13;1.53325e-12;5.72764e-13;3.58902e-13;7.3403e-14;6.31076e-13;1.60813e-12;2.88386e-10;1.37513e-13;8.16267e-14
3.88668e-05;0.0555646;1.02979e-05;0.000844026;2.86532e-05;7.58099e-05;0.000446293;0.0998836;0.00378021;3.66279e-05;0.0310654;0.0507795;0.757441;5.29655e-06
6.05283e-05;0.407712;3.23587e-07;0.0275249;0.000265583;0.00374919;9.43084e-06;0.0732344;0.00486898;4.61083e-05;0.194497;0.246146;0.0380923;0.00379357
0.000100673;0.746073;4.27665e-06;5.85016e-05;4.20267e-05;1.11478e-05;3.15174e-05;0.198994;0.000182149;7.11329e-06;0.00103134;0.00397845;0.0494729;1.21647e-05
0.00135338;0.581913;0.00377063;0.00727733;0.000244152;0.000382611;0.00040571;0.00261649;0.019174;0.000604609;0.064501;0.305346;0.00587481;0.00653583
0.0202901;0.805782;1.6847e-06;1.47851e-05;0.000584709;0.000124848;0.000975849;0.00401039;0.0678097;5.21984e-06;0.0134251;4.80412e-05;0.0868993;2.87004e-05
0.00122774;0.968719;3.35809e-06;6.6468e-06;0.00124059;7.06277e-07;7.42414e-06;0.00127025;0.00204879;6.60917e-06;9.03765e-06;0.00216004;0.0017867;0.021513
1.94578e-05;0.816254;0.00021683;3.95383e-06;0.0126105;1.46447e-06;1.03285e-08;0.000137364;2.60511e-07;2.61677e-06;5.54942e-08;0.170517;5.43908e-05;0.000181672
0.000194292;0.947407;7.98216e-09;6.94544e-06;0.000264259;4.4958e-06;0.000225424;0.00950651;0.0175432;2.04194e-05;0.000937401;0.00913153;0.0139293;0.000829448
2.03357e-06;0.999339;2.64176e-07;4.40019e-06;1.93113e-06;4.03618e-06;3.16297e-06;7.01816e-05;1.78311e-05;5.10415e-07;5.531e-05;5.99411e-05;6.58142e-05;0.000375495
0.000215029;0.997004;5.85173e-06;3.97298e-07;9.90827e-06;2.04783e-06;1.01146e-05;4.05243e-06;3.70025e-07;4.04779e-06;3.23575e-07;0.000225851;0.00239623;0.000121929
1.07534e-07;0.00278693;5.50523e-05;2.02646e-07;0.000157661;1.8553e-05;6.15965e-10;0.000140903;1.99987e-07;4.00135e-09;1.47968e-08;0.994412;6.36575e-06;0.00242242
5.59781e-05;0.939388;0.000328955;1.27833e-05;0.000158956;2.7281e-05;3.54873e-06;0.00185682;4.09921e-05;3.97567e-07;1.78274e-05;8.3099e-05;0.00251426;0.0555112
5.14349e-07;0.00361577;1.73603e-07;3.42407e-08;8.72657e-07;3.5373e-07;7.451e-11;7.747e-05;1.47903e-08;3.03039e-10;3.89722e-09;0.996284;8.17056e-06;1.26511e-05
1.10642e-08;0.999777;3.342e-13;3.235e-10;1.36722e-09;4.99304e-10;8.14161e-07;6.37831e-08;3.40433e-09;5.94184e-08;2.97146e-10;5.23474e-12;5.33872e-08;0.000221933
3.82778e-12;2.28757e-12;0.999999;4.98528e-11;1.13926e-09;5.98388e-11;6.3475e-13;7.739e-12;7.72439e-12;3.11317e-12;1.6085e-11;7.28715e-07;1.08825e-13;8.94905e-12
3.54767e-07;0.00294013;1.53989e-08;3.22401e-07;0.000291138;2.95631e-05;1.42938e-08;0.994889;5.02109e-06;4.41104e-08;1.67696e-06;1.42595e-05;0.00181171;1.69787e-05
1.17497e-06;0.0303442;1.68949e-07;7.44239e-07;1.78618e-05;1.49087e-06;2.87631e-06;0.96793;2.92045e-07;1.64917e-06;8.53944e-07;2.78059e-07;0.00169106;7.0221e-06
8.55281e-10;2.64455e-08;1;2.94459e-09;1.20947e-10;7.74914e-11;5.44311e-09;1.74498e-12;1.34069e-09;2.09759e-10;2.65784e-09;7.0696e-08;7.76673e-10;1.61049e-10
2.65804e-05;0.0029759;0.00104785;3.40685e-06;2.28756e-06;7.75635e-07;7.82848e-07;0.449059;0.000163647;4.13575e-08;3.63593e-05;0.54587;0.000663089;0.000149912
3.84838e-11;0.999961;3.7412e-14;2.47333e-13;1.42585e-11;2.71443e-12;3.44826e-09;1.02336e-11;1.47218e-14;2.40089e-09;4.968e-14;1.26846e-14;1.84696e-09;3.93093e-05
2.43964e-14;5.40221e-13;0.999992;2.18591e-14;1.37366e-11;1.47499e-13;2.59629e-12;1.91927e-13;9.84827e-15;2.3362e-13;1.18311e-13;7.86384e-06;1.718e-16;2.76152e-12
6.65532e-07;0.338975;9.43713e-06;3.10883e-06;0.000183069;0.00023569;0.0148192;0.323622;0.00306274;2.02569e-06;0.000193608;1.32912e-07;0.318893;6.38123e-07
1.59592e-08;0.99973;2.04589e-09;5.47957e-08;2.49363e-07;1.36315e-07;2.93453e-09;0.00026115;7.82371e-08;1.67934e-08;2.05732e-08;2.5781e-06;4.43335e-06;9.00731e-07
1.59321e-07;0.996003;2.11339e-11;8.6235e-09;4.71611e-09;3.02259e-09;7.71414e-09;1.25783e-07;9.24295e-11;8.00013e-09;3.29395e-10;9.09409e-06;0.0039874;9.91066e-09
1.61738e-07;0.0101833;1.46906e-08;8.3617e-08;6.23192e-06;1.25165e-06;1.06242e-10;0.000132486;2.4927e-09;3.03258e-09;5.52998e-09;0.989094;3.74556e-05;0.000545438
2.51102e-05;0.247014;7.67803e-07;9.08896e-05;0.000819998;0.000818302;1.75066e-07;0.618381;4.02547e-06;4.1211e-07;7.57644e-06;0.0359515;0.0169492;0.0799368
3.79189e-06;0.38499;4.7375e-05;4.50761e-08;3.13054e-07;3.75066e-07;5.00752e-09;2.16464e-05;3.47471e-09;1.41966e-09;1.28394e-07;0.609252;0.00567876;5.08026e-06
6.46641e-08;0.807894;7.40747e-10;1.14853e-07;1.80399e-07;8.80448e-08;0.000363949;2.06256e-05;6.05882e-08;4.34905e-05;1.05821e-07;7.35649e-10;3.86573e-07;0.191677
4.57714e-13;6.72176e-14;1;6.18446e-12;2.89145e-13;9.58983e-13;5.07771e-13;7.2585e-14;1.36265e-11;1.29135e-13;9.70339e-10;1.33424e-09;1.27631e-14;2.54892e-15
7.21643e-07;0.00102008;5.30955e-09;3.82997e-08;5.18932e-06;6.01844e-06;1.44851e-07;0.997968;7.04185e-06;7.53183e-08;1.05104e-05;8.07092e-06;0.000973494;5.15458e-07
2.91291e-05;0.00235327;8.37135e-07;9.0595e-06;9.48334e-06;4.61196e-07;3.24897e-06;0.974061;4.27891e-05;4.32054e-06;0.000263444;0.00272958;0.0204891;3.67477e-06
0.00192559;0.320752;0.00107546;2.39624e-06;4.58414e-05;2.54615e-07;1.04159e-06;0.1561;1.70376e-06;1.10764e-05;5.41468e-07;0.508;0.0118817;0.000201829
3.124e-07;0.0992321;3.09512e-08;7.36276e-07;3.63898e-06;3.61209e-07;3.86526e-08;0.00128438;1.82076e-07;6.6294e-08;6.724e-07;0.898517;0.000947472;1.26695e-05
4.32195e-06;0.0207473;1.01311e-08;1.006e-05;0.000124297;7.12543e-07;0.000123371;0.00226508;7.43416e-07;1.19573e-05;2.04583e-05;4.44522e-05;0.976645;2.02873e-06
0.000517498;0.000748226;3.5749e-06;0.00293114;0.658996;0.283758;0.000554345;0.0252594;0.000458749;0.0030829;0.000191856;4.5521e-06;0.0193493;0.00414532
1.08246e-08;1.42625e-10;1;1.06098e-10;2.57856e-12;1.06846e-12;8.3454e-09;2.67976e-11;1.83334e-08;5.26252e-11;2.18692e-10;1.10349e-10;5.10035e-12;2.87528e-13
7.64448e-07;3.52428e-05;0.984561;6.89202e-08;4.24795e-10;3.54826e-09;5.1266e-08;8.30802e-06;1.77983e-05;2.15515e-09;5.40521e-08;0.0153766;3.94199e-09;2.3717e-08
8.88219e-06;0.00010807;3.4371e-05;1.28247e-06;0.00373122;0.0125841;1.95344e-09;8.50166e-07;8.96878e-06;6.31815e-08;3.03698e-07;5.65295e-06;0.00255376;0.980962
3.38153e-05;0.996844;7.44831e-06;3.16864e-09;0.00114576;6.97514e-07;2.13641e-09;0.000580802;5.35879e-07;5.25992e-09;9.25511e-09;9.92329e-05;0.000397139;0.000890098
3.82026e-08;0.996786;2.50242e-10;1.11567e-09;1.10064e-06;3.40501e-10;3.38585e-09;8.3726e-05;7.85035e-10;2.03144e-07;3.68914e-13;7.71476e-11;6.16484e-09;0.00312881
5.75437e-12;1.46011e-11;0.999999;4.81916e-12;1.27667e-10;3.716e-13;8.05078e-14;3.88204e-12;2.34229e-12;1.84574e-12;3.42837e-14;8.86532e-07;1.30843e-13;1.80266e-12
2.85346e-07;7.16626e-07;4.81168e-12;3.0737e-07;0.000250863;3.73368e-05;3.07628e-07;0.998604;0.000893422;1.11951e-07;5.11494e-06;2.03422e-05;0.000166851;2.0161e-05
2.61918e-06;0.992799;5.66416e-09;3.93977e-07;7.04766e-07;2.6465e-08;1.39236e-05;0.00709781;6.35414e-07;1.40686e-06;1.3571e-06;6.63077e-09;8.18307e-05;5.08616e-07
3.4776e-06;0.997084;2.01678e-06;0.00012643;0.000183627;2.00748e-06;2.02252e-06;0.000354821;2.74834e-06;3.48978e-06;1.47472e-07;0.00136657;0.000769987;9.87014e-05
1.38863e-05;0.00132724;1.79971e-11;2.6221e-06;0.000133945;3.00357e-07;9.078e-07;0.998494;4.54169e-07;9.26592e-08;5.1337e-08;2.13467e-05;1.41943e-06;4.25077e-06
0.000216399;0.966769;1.63354e-05;3.27739e-07;7.79873e-08;3.68925e-09;0.000365957;0.00869071;1.32794e-06;5.04844e-07;5.03853e-06;4.99734e-05;0.0238834;6.67412e-07
6.53113e-05;0.0740935;6.28987e-08;0.000348258;0.000817178;0.000860093;1.04283e-06;0.0234191;0.000801739;7.88147e-06;0.000389313;0.00102096;0.425059;0.473116
2.63459e-05;0.243253;0.000295391;4.59607e-06;2.73866e-05;4.3714e-07;9.02553e-09;0.00105998;8.69583e-07;8.74555e-07;2.12852e-07;0.744862;0.00285748;0.00761079
1.40931e-05;0.022506;4.41054e-05;0.00308529;0.0181837;0.00637205;5.57285e-07;0.522025;0.000642663;4.41066e-06;0.00498918;0.0125417;0.409227;0.000364624
2.78286e-05;0.0230084;1.22869e-05;1.042e-06;3.13286e-07;2.91842e-06;6.83369e-05;1.07974e-05;5.55075e-07;4.91202e-06;5.53332e-05;5.32182e-08;0.976784;2.28333e-05
4.34979e-11;1.54098e-10;1;1.36524e-10;4.83193e-13;4.76004e-12;5.58064e-10;4.65734e-13;3.14982e-10;5.20869e-11;6.12953e-09;1.59559e-09;2.97335e-12;5.75837e-12
5.89484e-07;0.00279716;0.0344808;1.32057e-06;2.851e-07;3.23799e-07;2.70152e-08;0.00220521;1.21423e-06;3.50631e-08;5.09368e-06;0.96046;1.06534e-06;4.70743e-05
1.94486e-06;0.91844;5.07068e-06;7.43753e-06;7.82243e-06;3.07222e-05;1.65376e-05;3.16815e-05;1.84184e-05;3.57205e-05;0.000178939;3.34499e-05;0.0811765;1.55793e-05
7.0941e-08;0.00410242;0.00166032;6.02148e-09;6.18983e-07;6.28966e-10;1.37809e-10;3.84337e-07;1.77161e-11;9.20959e-09;1.31583e-10;0.994233;2.12125e-08;3.18775e-06
6.29329e-06;0.878387;5.09864e-10;3.5033e-07;4.44655e-05;1.58822e-06;0.0179738;0.101969;1.56009e-05;0.000108811;1.05729e-06;5.09089e-08;0.00132266;0.000169369
3.45446e-08;1.03798e-06;0.999988;3.69582e-08;2.64604e-08;2.58521e-07;5.93402e-10;6.10445e-06;6.41255e-10;4.02479e-09;2.50486e-09;4.5326e-06;4.12265e-07;2.3834e-08
2.01435e-07;0.999664;2.50764e-07;4.91938e-06;2.10769e-08;1.51901e-07;1.75042e-09;2.68715e-05;1.53674e-09;5.48621e-07;5.66706e-10;0.000219827;5.22806e-06;7.78242e-05
2.84099e-06;0.992793;3.57047e-07;1.6834e-07;2.75673e-10;3.19822e-08;7.19399e-07;8.43724e-05;2.50016e-07;2.15298e-08;7.5532e-06;2.03726e-05;0.00709058;2.61489e-08
2.17735e-07;0.00123444;2.43678e-09;7.59409e-07;3.56148e-05;0.000168586;9.28237e-10;0.000421452;1.75503e-09;3.44632e-07;9.40681e-10;7.85479e-06;1.37824e-05;0.998117
1.00729e-06;1.98017e-05;2.20193e-11;1.49217e-07;2.87355e-09;1.64168e-06;2.4671e-07;1.0217e-05;6.90109e-07;7.31765e-10;1.07493e-06;2.01084e-08;0.999965;7.63653e-08
5.31924e-06;7.51747e-05;4.96501e-06;1.1441e-06;2.71715e-06;6.48183e-08;7.67391e-10;3.66374e-05;2.76048e-07;2.21536e-08;9.33901e-08;0.997507;0.00236654;2.20198e-07
2.80162e-05;0.985902;9.8894e-11;2.58129e-06;8.79669e-07;2.76005e-07;1.21255e-06;0.000119001;2.91986e-05;5.20695e-07;2.90927e-05;2.77707e-06;0.013875;9.79255e-06
8.52947e-06;0.53447;4.0119e-06;1.53033e-05;0.000259077;1.86279e-05;9.01837e-08;0.00248042;1.02102e-06;1.23924e-07;4.34591e-07;0.0416553;0.000931573;0.420156
1.52009e-06;0.0116441;4.80293e-06;4.98177e-05;0.0116781;5.34228e-05;9.66558e-06;0.00996984;3.56992e-08;3.53137e-05;1.55364e-06;0.000163917;0.0990747;0.867313
4.75323e-10;9.79841e-08;3.65746e-09;2.95446e-08;1.31456e-11;1.28233e-06;2.04869e-08;2.18769e-10;1.12386e-08;5.76296e-10;1.17367e-06;7.37903e-10;0.999997;2.87752e-11
1.51199e-09;6.9099e-07;0.999999;1.68455e-08;5.6306e-09;9.53163e-09;7.67287e-11;1.0963e-08;1.45949e-11;3.96274e-09;2.51335e-10;4.61707e-08;3.8686e-09;9.45915e-09
2.57621e-07;0.993678;2.64693e-07;3.07315e-05;1.7226e-06;3.35533e-05;3.47199e-07;0.00331618;8.17285e-06;1.19212e-06;0.0001471;1.06962e-06;0.00272978;5.20395e-05
