1.31594e-13;1.72318e-14;1;1.79041e-13;3.76246e-13;4.72882e-14;2.8003e-13;2.71741e-14;7.67738e-13;2.02551e-14;5.64766e-13;1.1632e-09;2.75059e-14;3.59912e-15
0.000111793;0.00654151;0.0115683;0.0016011;0.0208924;0.00292655;0.000362813;0.836213;0.00733598;9.56851e-05;0.00328997;0.0352706;0.0711729;0.00261702
3.39739e-05;0.603312;4.78303e-08;0.00143441;0.00159651;0.0452901;5.99581e-07;0.112258;0.000265632;1.03158e-05;0.0079012;0.00151722;0.201557;0.024823
0.00011598;0.893694;2.32454e-08;4.644e-05;7.85357e-05;4.38829e-07;7.60821e-05;0.0664685;1.39129e-06;2.08239e-05;0.000177068;0.0290848;0.00855798;0.00167756
0.000222109;0.495301;0.464872;0.00075851;3.93605e-05;5.32846e-06;0.000107991;7.45581e-05;1.60329e-07;5.64657e-05;7.40945e-05;0.0259859;0.0124832;1.97884e-05
0.000968711;0.527374;2.94155e-07;5.72928e-05;9.45884e-05;0.000253896;0.00421205;0.247054;0.0007006;0.00014347;0.00284279;0.0320942;0.183711;0.000492839
5.04832e-06;0.969596;8.10709e-09;0.000283758;7.32569e-06;5.92621e-06;0.000453776;0.000425246;3.54437e-05;5.74334e-05;0.000856864;0.000504897;0.027233;0.00053511
9.16492e-05;0.657547;7.46225e-09;4.14042e-05;0.00593024;1.5726e-06;1.97232e-05;0.325176;4.67944e-05;7.50205e-05;9.08578e-06;0.000186923;5.18322e-06;0.0108702
0.00010395;0.00869801;0.705436;0.000330516;0.000225516;1.28461e-05;1.79639e-07;1.35537e-06;5.23681e-08;7.05598e-07;5.58867e-06;0.00639781;0.278774;1.36448e-05
3.17097e-05;0.955093;8.07918e-10;2.72878e-08;9.79797e-05;8.77655e-09;1.27325e-05;0.0405371;7.26236e-07;8.38202e-08;3.15195e-07;6.49703e-06;2.42046e-05;0.00419551
1.21445e-05;0.0657153;0.00332335;2.44807e-05;0.0811768;0.000129711;2.18058e-07;0.000197003;1.8979e-06;1.87955e-06;1.08943e-06;0.836461;0.000229935;0.0127247
0.00799663;0.171896;1.58592e-07;2.5086e-06;0.00119622;7.70261e-05;2.50316e-05;0.298935;0.514575;1.56859e-06;0.000374297;0.00106066;0.00224374;0.00161638
0.00053472;0.739575;5.69892e-09;8.94035e-07;2.06693e-05;1.09612e-06;2.40959e-06;0.0626846;0.00881767;3.49624e-07;1.17951e-05;0.0165976;0.171751;2.1814e-06
2.05255e-05;0.927698;7.5412e-11;1.20946e-07;8.23247e-08;2.83354e-07;4.18813e-09;0.000141612;2.94445e-05;8.37561e-08;8.23026e-08;1.04337e-05;0.0720957;3.31954e-06
3.61277e-06;0.0304462;9.18871e-06;1.94433e-06;4.44935e-06;1.42691e-06;1.34611e-08;0.000172744;1.1675e-06;1.27158e-07;1.66959e-07;0.964804;0.00452037;3.43219e-05
4.15428e-06;0.0197607;2.8641e-07;0.000972714;0.002994;0.0024371;4.3822e-07;0.0195211;9.76433e-06;2.51831e-06;4.25799e-05;0.00486376;0.949288;0.000103295
0.00851067;0.18077;0.000287436;0.000737165;0.00110079;1.98736e-05;0.0128955;0.00800134;0.00187146;5.86566e-05;0.0306011;0.297439;0.457549;0.00015795
3.56762e-05;0.960769;2.80827e-08;4.08514e-06;6.64381e-06;1.00308e-07;0.000126334;0.0350824;0.00371802;2.82578e-06;0.000114161;4.53818e-06;0.000136112;3.69623e-07
5.08186e-05;0.0394392;0.0413291;2.69814e-05;0.0230776;2.51588e-05;8.91869e-09;8.10006e-05;8.97835e-08;1.04745e-05;4.80336e-07;0.89514;0.000297241;0.000521906
1.10677e-07;0.999936;9.36119e-12;4.70915e-12;8.78105e-12;2.40457e-13;4.18359e-05;1.26177e-09;1.56347e-09;7.18986e-09;2.60105e-10;8.96756e-13;5.77359e-10;2.19647e-05
8.08307e-12;3.37294e-12;1;1.91883e-12;3.79721e-11;3.45851e-12;1.27736e-09;2.40404e-12;1.2733e-10;1.38033e-11;4.4648e-12;1.94617e-07;3.98041e-14;2.71393e-13
0.000342128;0.346538;2.35518e-05;0.000336883;0.000170579;8.34574e-05;0.0402112;0.0122834;0.147096;4.18626e-05;0.0114392;0.000126188;0.441291;1.61301e-05
4.05977e-06;0.00427294;5.9034e-08;2.5696e-08;3.81105e-07;1.10155e-08;1.72239e-08;0.995654;3.20793e-07;2.20204e-07;5.66675e-09;9.60286e-07;6.52886e-05;1.62797e-06
2.38038e-08;0.000156392;1.9059e-06;6.65031e-07;6.61448e-06;1.44132e-07;6.77725e-09;3.15849e-06;7.52382e-08;2.36783e-08;4.56902e-07;0.999784;3.35184e-06;4.27666e-05
2.21872e-06;0.977962;7.17455e-08;8.10596e-08;4.13854e-07;7.89193e-09;2.73039e-05;0.0112606;1.35235e-06;4.57798e-07;4.08643e-06;4.08128e-07;0.0107404;1.09098e-07
1.44689e-07;2.22626e-05;0.000895512;2.5317e-07;2.02257e-05;1.20624e-06;5.62272e-10;6.13363e-08;3.30137e-09;5.7094e-08;5.01603e-09;0.999018;4.20408e-05;7.33366e-07
0.000176302;0.0227299;1.84777e-07;3.95498e-08;4.81352e-07;4.20904e-07;1.45782e-05;0.973511;0.00228212;6.74676e-08;4.39555e-07;6.32404e-07;0.00128414;1.70586e-08
1.43772e-06;0.00160543;1.3979e-08;1.59901e-07;8.45331e-08;1.47763e-05;2.80921e-09;1.93822e-06;3.71082e-06;1.03827e-08;2.45815e-08;1.04564e-06;0.998368;3.19376e-06
5.11871e-06;9.461e-05;0.998829;1.61094e-06;3.76797e-05;1.28114e-07;1.69772e-08;2.0574e-06;2.52489e-08;1.5097e-06;8.05734e-10;0.000225502;5.33958e-08;0.000802816
0.000102586;0.00213844;6.30403e-07;2.2546e-05;3.82754e-07;2.18055e-06;0.00242233;0.00151683;0.957745;5.30876e-06;0.00306257;7.79153e-07;0.0329806;1.55091e-07
3.66508e-06;0.99992;2.84575e-05;1.10225e-06;3.30567e-06;1.15293e-07;1.85828e-06;1.99527e-05;3.42335e-07;1.40573e-05;1.85417e-08;5.02677e-07;1.04227e-06;5.18821e-06
2.85204e-10;3.60763e-10;0.999984;3.64711e-10;3.73506e-11;2.02155e-11;9.7359e-10;8.08433e-12;1.17769e-09;3.7557e-10;1.05197e-09;1.57585e-05;4.64134e-11;1.55432e-12
1.43203e-05;8.11928e-05;8.20804e-05;0.000337132;2.70994e-05;0.000390684;3.54814e-05;0.0035112;0.0601183;8.09175e-06;0.00775083;0.927363;5.49839e-05;0.000225138
0.000148717;0.0390971;4.96052e-07;0.000363825;0.000141728;0.000395231;3.74922e-06;0.386387;0.00110763;1.29936e-05;0.0254485;2.0404e-05;0.546869;3.58818e-06
0.000104847;0.00221686;0.00021333;0.000428906;0.00485458;0.0030207;1.74369e-06;0.00235218;4.20682e-05;7.66369e-05;0.000772652;0.574169;0.0309564;0.38079
0.000243325;0.00141734;1.94569e-06;2.50615e-06;1.08488e-05;5.51019e-07;9.02707e-05;0.997185;0.000919409;3.57132e-06;4.14068e-05;4.55261e-08;8.40285e-05;5.32071e-09
4.32847e-07;0.999666;2.09541e-09;5.25025e-06;6.54523e-05;2.44323e-07;1.65499e-07;0.000193624;4.5087e-08;6.56653e-06;5.63831e-09;2.09732e-06;1.77155e-08;6.01764e-05
6.05286e-06;5.96173e-05;0.000855187;4.15658e-05;6.85573e-05;3.96467e-05;8.77508e-08;1.32408e-07;5.07582e-08;3.31265e-06;3.19182e-06;0.995383;2.18888e-06;0.00353785
0.000261852;0.957553;4.21631e-10;9.64532e-08;1.23748e-06;5.90693e-08;1.38891e-06;0.0364787;2.55238e-06;1.44012e-08;2.32138e-05;1.02089e-05;0.00566531;2.44591e-06
3.28104e-05;0.665118;1.86271e-06;2.16846e-06;0.000794925;8.33003e-05;4.81807e-07;0.071813;7.65663e-06;9.39366e-07;2.83552e-06;0.0046397;0.257406;9.71299e-05
1.43837e-05;0.913175;2.37236e-08;1.45552e-05;1.01732e-05;6.47352e-07;0.0399307;0.000320385;2.76282e-06;0.00494881;9.49942e-07;7.03996e-08;2.28425e-06;0.0415796
1.76354e-11;7.56368e-13;1;4.68568e-10;1.71599e-12;2.10053e-12;1.76514e-10;1.24479e-12;2.72851e-10;7.21053e-12;6.58825e-09;1.38444e-08;9.70063e-13;2.02118e-14
7.06259e-06;0.910249;1.07933e-06;1.04627e-05;6.62069e-08;4.1646e-06;0.0012617;0.00237217;7.77176e-05;2.51684e-05;0.00100415;0.000276131;0.0847111;4.50924e-07
2.20453e-05;0.285483;4.99198e-07;0.0114635;8.40739e-05;7.60725e-05;0.0584124;0.00132594;0.00858897;0.0157422;0.563541;0.00214185;0.0526909;0.00042814
0.000638203;0.00985346;0.000178376;4.21572e-05;0.000176891;4.36726e-06;3.8917e-05;0.0417272;5.37982e-06;3.97788e-05;7.38911e-05;0.946906;0.000283732;3.1568e-05
5.14822e-08;0.999239;3.60548e-07;9.21837e-08;2.70757e-06;4.84368e-07;5.31159e-06;0.000733099;1.67776e-08;1.10306e-06;3.93097e-08;4.78225e-07;1.14471e-05;6.11617e-06
1.14386e-13;2.34642e-12;1;1.6537e-12;3.09891e-13;4.37349e-13;3.35072e-13;3.32256e-14;1.39947e-13;1.54946e-13;1.87069e-12;4.98869e-10;1.49946e-12;8.50323e-15
6.25532e-09;2.3489e-06;0.999791;5.45085e-09;2.60523e-07;4.32128e-07;1.01405e-10;1.12193e-05;5.02272e-10;1.12784e-09;2.20085e-10;0.000175362;2.27871e-06;1.71879e-05
1.31237e-07;0.00272258;1.32552e-06;2.68575e-07;0.013706;0.544707;6.21278e-09;3.56952e-05;6.75469e-08;5.70073e-07;1.04553e-08;2.70389e-05;0.000433265;0.438366
3.13334e-05;0.0248002;2.20605e-05;6.57743e-06;0.0592704;0.00286263;3.62524e-08;0.182087;1.06567e-05;5.27949e-07;3.66376e-07;0.282207;0.445999;0.00270233
7.55097e-06;0.000220663;9.00929e-08;4.18866e-07;0.000217315;5.28783e-07;2.90848e-10;0.999471;3.5266e-05;4.86018e-09;2.65221e-08;3.99922e-08;4.37826e-05;2.83414e-06
6.45902e-06;0.998864;4.25426e-08;1.27957e-06;1.67427e-05;1.64741e-08;2.60414e-09;0.000549034;2.57269e-08;2.45037e-07;6.33511e-09;9.59938e-06;0.000532124;2.01518e-05
1.15634e-07;0.99996;1.96791e-10;1.79815e-08;1.60759e-07;5.31935e-11;1.58151e-05;2.11675e-05;1.24523e-09;1.87046e-06;2.27407e-10;5.20826e-11;5.46413e-07;6.00037e-07
3.70516e-13;3.97235e-13;0.999998;1.05361e-11;6.0821e-10;2.62706e-11;8.2669e-13;2.56145e-13;4.86664e-14;1.95793e-12;4.95837e-13;1.86684e-06;4.60977e-15;4.70092e-10
3.19112e-08;0.994606;4.34256e-11;3.25529e-07;7.66496e-06;1.94331e-06;1.02854e-06;0.00408342;5.78252e-08;3.99913e-08;2.65496e-07;5.61568e-08;0.0012697;2.93223e-05
1.17028e-05;0.991105;9.01208e-08;1.58866e-05;8.62269e-05;1.02934e-06;1.15903e-05;0.00349164;5.52318e-06;2.61572e-06;5.26257e-05;0.00380736;0.00137819;3.04885e-05
1.15485e-05;0.101981;8.3221e-07;6.33822e-05;0.000746296;0.000105714;1.37663e-07;0.747579;3.89923e-05;2.82415e-06;2.5476e-05;0.133756;0.0144173;0.00127135
0.000179726;0.201539;0.000499631;0.000111368;0.000203473;9.49856e-05;5.15291e-06;0.447981;5.24632e-05;3.3461e-06;0.000866835;0.0152849;0.333015;0.000163433
2.53487e-06;0.999616;8.11662e-09;6.3015e-08;1.41486e-08;1.10705e-10;0.00015202;1.12842e-06;3.50905e-09;3.31293e-06;6.91624e-08;6.98771e-10;1.10685e-05;0.000214168
3.15903e-11;7.64102e-12;0.999999;6.04808e-12;2.61097e-11;1.10106e-12;2.70465e-11;1.36306e-12;1.39855e-10;3.83366e-13;1.29917e-10;8.76868e-07;1.06801e-12;1.3646e-12
3.65087e-07;0.945121;3.78323e-10;8.37974e-08;1.46293e-06;3.35398e-08;0.000650254;0.0540777;8.56775e-06;2.57593e-06;5.20064e-06;1.32926e-10;0.000120657;1.18409e-05
3.0897e-12;1.2022e-11;1;2.44932e-11;2.03664e-10;1.42207e-11;2.54796e-10;1.23342e-11;4.45674e-11;2.36365e-11;5.33941e-11;1.94075e-07;3.65401e-13;4.56189e-12
1.55518e-05;0.0669682;6.41816e-05;0.00193009;0.0015976;0.00181138;0.000321522;0.385646;0.0226432;1.31794e-05;0.219271;0.116942;0.172533;0.0102444
5.60492e-06;0.0275476;2.3247e-08;9.22797e-08;2.78654e-05;1.82048e-06;1.35005e-07;0.971574;1.34679e-07;6.93296e-07;2.86568e-07;5.73243e-07;0.000818429;2.29308e-05
6.25266e-08;0.0228862;6.60376e-05;1.49572e-06;0.000136797;6.01081e-06;6.95658e-09;0.000435161;9.82873e-09;4.11965e-08;1.3616e-07;0.974931;0.000127773;0.00140885
2.15508e-07;0.998145;1.66054e-07;2.53542e-06;4.90581e-06;1.39584e-06;9.42286e-08;0.00097872;1.60738e-07;2.06167e-07;6.95607e-06;2.63932e-05;0.000829738;3.32262e-06
1.5539e-05;0.000566645;1.16298e-08;4.77536e-06;0.710945;0.15891;4.46416e-08;0.00344239;1.31334e-05;1.96735e-05;1.77067e-06;0.00458358;0.000507277;0.120991
0.000439734;0.99663;3.71186e-08;1.25765e-06;1.49799e-06;2.03297e-08;1.69498e-06;0.00225371;0.000471079;4.69667e-07;7.0935e-05;2.15489e-07;0.000128922;1.77293e-07
0.000419483;6.90977e-05;1.13638e-07;1.84123e-06;2.67229e-06;3.37867e-08;7.14945e-07;0.999187;0.000246414;9.80795e-07;1.94424e-06;3.54754e-06;6.58596e-05;2.12483e-08
8.18313e-07;0.964213;3.13916e-08;0.000185217;2.65545e-07;6.749e-08;5.32841e-05;1.43923e-08;2.85961e-07;0.00108564;5.88958e-07;2.97047e-06;1.13391e-09;0.0344581
1.02597e-06;1.9673e-06;0.999858;5.12458e-07;9.42678e-09;7.02235e-08;1.1196e-06;3.28975e-08;1.4158e-07;1.0577e-08;0.000133694;1.60973e-06;9.17557e-07;1.022e-06
4.78551e-07;0.00882642;1.37021e-08;1.04881e-09;4.78611e-05;1.59986e-08;5.33257e-10;0.990874;3.8923e-09;4.08721e-09;4.52132e-09;3.18875e-05;0.000213131;6.17689e-06
2.89019e-07;0.000346947;9.94607e-07;1.49423e-07;1.83646e-05;3.84158e-09;1.29904e-07;6.84907e-05;6.12517e-06;1.12609e-06;1.98294e-07;0.999555;1.26571e-06;6.44945e-07
0.000299486;0.850219;1.35203e-07;8.37684e-06;4.32854e-05;1.3431e-05;0.000147106;0.00224862;0.112402;4.66475e-06;0.00150329;4.88769e-05;0.0330615;1.35013e-07
2.50885e-06;0.000667962;0.00416267;6.88976e-07;7.61913e-07;2.83027e-08;9.70658e-10;1.44689e-05;3.55475e-09;4.04479e-08;2.0957e-09;0.995145;1.01872e-06;5.02108e-06
4.37726e-07;0.993819;1.1863e-12;2.93909e-06;3.34994e-07;7.67527e-07;8.55587e-08;0.00128971;2.75043e-05;2.25421e-08;2.13927e-05;1.64785e-07;0.00483488;3.27572e-06
2.08723e-06;0.99744;5.86442e-05;3.63611e-05;8.92382e-06;2.15107e-06;7.90574e-10;0.000181642;1.45223e-08;4.78134e-07;3.48809e-08;0.000351895;0.00191297;5.27278e-06
0.000104646;0.953721;1.2213e-05;0.000148716;0.000260347;1.17321e-06;1.20704e-05;0.00518812;5.68123e-05;0.000119057;6.93923e-05;0.00536745;0.0349387;7.2244e-07
1.04547e-05;0.900819;9.5929e-10;4.30039e-05;0.016376;1.64396e-05;1.49306e-07;0.0678373;3.17345e-06;1.33868e-05;7.1822e-07;0.014755;9.75051e-06;0.00011514
6.79256e-06;0.000667254;1.61473e-08;5.18524e-08;3.01509e-07;1.69485e-06;5.59282e-07;0.998191;1.03664e-05;6.39755e-07;4.76051e-07;1.12674e-06;0.00111919;3.77263e-07
0.00029746;0.0147619;4.58889e-05;0.000344762;0.00482869;0.000137571;1.55451e-05;0.95164;0.00148509;7.64246e-06;0.000217392;0.00086464;0.0214917;0.00386215
1.44459e-05;0.000121358;2.16284e-09;8.66383e-10;5.42781e-08;6.00662e-10;2.45353e-09;0.9996;4.25933e-07;2.82147e-10;2.26301e-09;1.72068e-06;0.000262287;4.89815e-08
2.94396e-09;3.41838e-06;9.28613e-08;2.70302e-07;5.72171e-05;7.70729e-06;9.25127e-11;2.56231e-05;5.74308e-09;2.92396e-08;1.86221e-09;0.000109195;1.96916e-07;0.999796
1.70195e-07;6.88813e-05;1.77103e-08;4.90515e-08;2.48154e-10;7.92256e-10;1.23902e-07;0.00018512;3.97507e-07;2.40642e-10;8.17428e-06;1.29395e-07;0.999737;4.58303e-11
3.45558e-07;0.000713457;1.32697e-08;4.29764e-07;7.7222e-08;3.185e-09;3.39716e-10;4.00065e-06;8.32097e-07;1.33792e-08;1.21493e-07;0.999132;0.000130001;1.8876e-05
6.52554e-09;0.999941;2.70486e-14;3.33197e-09;3.73273e-09;1.18072e-10;3.30713e-08;1.30837e-05;2.92445e-12;1.13645e-07;1.84891e-11;4.3062e-11;8.66598e-06;3.69851e-05
9.33439e-16;5.32491e-15;1;8.48349e-14;9.81839e-13;2.51157e-14;3.55614e-15;1.21637e-15;1.59257e-17;2.06013e-13;6.38716e-17;7.15841e-10;9.51897e-18;2.01934e-13
1.51747e-07;0.00218899;4.68777e-08;4.73812e-06;2.77847e-07;0.000417146;0.000104403;0.000242347;1.75979e-06;1.87867e-06;3.49298e-06;1.73997e-08;0.997034;9.33184e-07
6.1457e-08;0.00168836;0.997274;9.67245e-07;2.92953e-08;3.03693e-09;0.000867243;8.41735e-10;7.5302e-09;0.00012829;2.88498e-08;4.00869e-05;1.42885e-08;7.73471e-07
6.51139e-09;1.51559e-09;0.999988;1.422e-08;3.29663e-08;3.95263e-09;2.30422e-06;1.07091e-08;7.96079e-08;1.91512e-08;4.49093e-07;9.38436e-06;1.57536e-10;3.80532e-10
1.66474e-06;0.993255;1.46989e-09;5.25166e-06;1.639e-08;1.73278e-07;0.000133824;0.000504128;0.000303594;1.72841e-06;5.40694e-05;2.77685e-06;0.00573761;5.46172e-09
6.32382e-06;0.0103796;0.000698635;4.07491e-05;3.81864e-05;2.20294e-05;6.51556e-09;9.93507e-05;2.09001e-08;7.57426e-07;3.5618e-07;0.986277;8.0962e-06;0.00242861
5.16588e-07;0.00164322;7.31014e-10;3.3846e-08;2.44311e-10;7.19053e-09;0.998311;2.46328e-08;8.7453e-07;3.58946e-05;1.09692e-06;2.24603e-10;6.9198e-06;4.07967e-07
1.96356e-11;1.23895e-11;1;7.56976e-10;2.64647e-11;1.46403e-11;1.33053e-08;3.63853e-11;1.05886e-08;6.48407e-11;4.52736e-08;8.40782e-10;5.58076e-14;2.11555e-14
3.78662e-06;0.999835;2.74544e-11;5.72668e-08;2.91462e-08;3.6465e-09;1.3543e-05;0.000125521;1.49461e-05;1.53162e-06;2.10964e-06;2.30719e-09;2.70477e-06;8.35605e-07
7.52085e-13;2.8496e-14;1;2.6639e-11;8.565e-13;5.87978e-15;1.49869e-12;2.48037e-14;1.07998e-11;1.67485e-12;2.5533e-11;1.27663e-10;7.91124e-16;1.71669e-13
6.66488e-05;0.00199675;6.03584e-05;0.000633451;0.0476584;5.64089e-06;1.17167e-06;0.819297;0.000686673;4.76018e-06;0.000735456;0.100209;6.13701e-05;0.0285832
4.336e-08;0.00047576;5.41423e-08;6.67613e-08;3.08634e-05;3.32448e-08;2.14438e-09;0.999479;1.07208e-08;2.7617e-08;6.47832e-08;2.07207e-10;1.37995e-05;5.75338e-09
5.11156e-10;6.4396e-08;0.999867;2.66735e-09;2.54176e-07;4.91185e-09;3.47096e-12;9.98122e-09;5.23737e-14;4.53853e-09;7.06246e-12;0.000132571;1.65854e-08;9.09009e-08
3.92952e-05;0.894263;3.40662e-05;6.5049e-05;1.71453e-05;8.04614e-06;9.64736e-06;0.0940464;0.000833151;7.11721e-07;0.00441974;0.000105387;0.00131647;0.00484142
