8.04485e-06;0.995731;0.00195021;3.71119e-05;3.2966e-06;2.34577e-07;3.50137e-07;5.58598e-05;4.53315e-07;7.90037e-07;8.29663e-07;0.00217376;3.76765e-05;6.40673e-07
0.000314468;0.733017;2.96101e-07;0.000619197;0.00655923;7.74602e-05;7.02182e-05;0.243702;0.0075379;0.000392309;0.00609292;0.000668116;0.000517391;0.000431368
4.00066e-05;0.0507945;0.946416;0.000503791;9.46925e-05;2.45571e-05;3.51231e-06;1.17194e-06;6.65561e-07;2.95435e-05;0.00022639;0.000347484;0.00148089;3.6445e-05
9.00812e-05;0.90741;1.13579e-05;6.61256e-07;1.912e-05;1.98643e-08;3.88622e-07;0.00085112;8.38064e-07;7.59321e-08;4.48824e-06;0.0908081;0.000791866;1.1897e-05
4.51694e-06;0.0648634;3.44245e-11;2.5402e-06;7.95638e-05;1.41736e-05;1.9071e-08;3.06719e-05;1.38101e-05;2.67812e-08;6.90769e-06;0.9272;0.00775393;3.08012e-05
0.0157613;0.00441184;2.78631e-05;1.34157e-06;0.00013799;0.000261293;1.90943e-06;0.916154;0.00232813;4.06958e-07;8.80514e-06;0.00260024;0.0582926;1.26565e-05
1.36199e-06;0.00197078;6.40136e-10;3.93543e-09;6.76311e-09;8.07434e-08;1.47602e-09;0.00239844;9.40771e-07;1.18261e-09;2.00637e-08;5.94829e-07;0.995628;1.84781e-09
1.24033e-06;0.000226421;1.12214e-05;1.81647e-05;6.43325e-06;1.61643e-06;6.75922e-10;0.000103238;1.00718e-05;6.84713e-07;3.77839e-07;0.999267;0.000219911;0.000133443
1.26822e-06;0.999905;8.6297e-09;4.76474e-07;7.08819e-08;1.26065e-09;2.0234e-08;8.56345e-05;1.55698e-07;8.45142e-09;2.20671e-07;3.13994e-06;4.05609e-06;3.51976e-09
7.56708e-06;0.998445;1.55017e-07;1.92769e-06;6.1158e-08;3.25641e-08;0.00068833;0.000155784;1.27828e-05;7.44993e-05;1.12786e-06;1.63395e-08;0.000586731;2.55733e-05
1.51254e-08;3.95945e-07;0.999978;4.53532e-08;5.25572e-06;1.56637e-09;1.04247e-06;1.2341e-06;1.30784e-07;1.87944e-07;4.644e-08;1.3808e-05;1.41905e-13;7.00729e-08
1.73686e-06;0.863021;5.96563e-05;1.7397e-05;2.46352e-05;6.93038e-06;5.7816e-06;1.24356e-06;3.42547e-06;7.2255e-07;2.97713e-05;1.75002e-05;0.13681;3.02121e-07
2.77795e-06;0.0232339;1.1208e-05;8.28885e-07;0.000211076;0.000135944;8.05965e-06;0.872507;0.000111977;2.86695e-06;5.473e-05;0.102937;4.44472e-05;0.00073788
1.74194e-05;0.21908;1.11958e-05;0.000143669;0.028358;0.0788718;5.74897e-06;0.0686702;5.81132e-05;1.12084e-05;2.64594e-05;0.00702533;0.379314;0.218408
0.00100421;0.00714591;3.38393e-06;2.78022e-08;1.29668e-05;4.14816e-07;3.94472e-08;0.926233;3.88531e-06;1.08834e-08;3.62522e-08;2.49206e-06;0.0655911;2.84912e-06
1.12055e-05;0.475782;0.00277095;2.48907e-06;1.91568e-05;6.01945e-07;2.51108e-09;0.00209593;8.05147e-06;3.20528e-08;1.50576e-06;0.506714;6.26971e-05;0.0125312
4.55488e-07;0.998801;1.47333e-08;7.39157e-07;1.37276e-05;1.61039e-05;3.27879e-05;0.000222426;2.78129e-06;0.000221042;1.74483e-07;2.20739e-07;2.44596e-05;0.000664333
3.83374e-14;4.30824e-16;1;1.12955e-13;5.20265e-13;1.44627e-14;2.95302e-14;7.76573e-16;4.35358e-12;1.01536e-13;7.94785e-13;5.25113e-12;3.09737e-16;5.9901e-15
3.89371e-06;0.855828;7.10757e-10;5.03625e-07;1.85809e-06;1.36985e-07;8.21005e-05;9.51976e-06;5.1334e-05;2.39133e-05;1.5725e-05;5.7297e-07;2.37995e-05;0.143959
0.00083134;0.166014;1.66696e-05;2.42356e-06;1.05726e-05;4.89717e-07;0.464998;0.237319;0.0689138;1.8067e-05;0.0326937;2.2205e-05;0.0291593;1.73147e-07
6.0255e-07;4.62839e-05;0.999436;8.84862e-08;0.000275501;1.04093e-07;4.69588e-08;3.8389e-05;6.99299e-08;4.97767e-07;1.55892e-08;3.37747e-05;0.000155097;1.34202e-05
2.33853e-09;0.999993;2.00424e-10;5.6217e-10;7.44976e-10;2.27831e-11;1.26277e-06;1.55914e-11;6.97093e-12;2.8313e-06;1.49352e-11;2.81201e-10;8.78408e-09;2.71511e-06
2.15861e-12;2.55734e-15;1;1.61753e-13;1.78317e-13;2.09423e-16;2.76653e-10;2.64084e-15;5.34231e-11;4.68121e-13;7.67284e-12;4.02289e-09;6.44907e-18;9.71427e-15
1.75637e-05;2.5804e-06;4.29646e-09;1.64002e-06;1.63034e-05;1.11604e-06;0.00286348;0.3979;0.595075;1.1915e-06;0.00410246;4.41561e-07;1.72994e-05;3.06413e-07
3.50302e-06;0.000255638;5.22333e-10;1.01566e-07;1.57595e-06;1.65125e-07;3.36548e-09;0.999679;7.63589e-06;1.78212e-08;2.28421e-07;3.52809e-05;4.40362e-06;1.28426e-05
4.85364e-08;0.99964;2.31245e-14;6.81363e-08;7.58004e-10;7.06591e-09;4.05846e-08;2.25072e-07;3.42828e-08;1.58814e-07;1.48325e-09;1.14952e-08;0.000359354;4.91895e-08
4.93376e-06;4.20218e-06;1.51353e-05;6.12244e-08;1.41787e-06;1.98955e-09;1.09827e-10;6.52205e-07;9.50101e-08;1.41969e-10;1.92615e-09;0.999973;1.13337e-07;2.16886e-08
8.52814e-05;2.52491e-05;5.65314e-10;6.52216e-07;1.51644e-06;1.83534e-08;1.04947e-05;0.00391637;0.995899;5.36944e-08;4.75171e-05;7.80528e-07;1.32185e-05;1.20216e-08
0.00039692;0.000193065;0.000252378;0.00305239;0.000342155;0.000291049;0.000114188;3.81334e-05;0.0100417;5.28463e-05;0.00220882;6.32485e-07;0.983002;1.33007e-05
3.0905e-05;0.00581366;0.991235;1.99631e-06;3.52565e-07;3.48224e-10;5.53158e-09;1.46798e-08;1.47069e-07;5.29111e-08;7.58688e-09;0.000432601;1.64081e-08;0.00248527
1.76245e-05;0.00829508;8.78618e-09;2.1426e-07;0.000126282;3.93235e-06;3.52425e-06;0.986642;0.000240095;6.27346e-07;2.15452e-07;2.13197e-05;0.00464856;2.63403e-07
1.06e-06;4.34757e-06;8.32933e-08;2.27253e-06;6.72768e-06;0.00817317;1.66648e-08;1.52769e-05;0.000145628;1.53901e-07;6.31075e-07;7.13127e-09;0.991635;1.59145e-05
4.28746e-07;1.47155e-05;0.999882;8.27146e-08;6.28066e-08;9.56987e-09;6.39212e-11;5.4096e-07;1.50186e-09;1.76987e-08;3.38885e-10;0.000102071;5.5984e-08;4.11635e-07
4.38596e-06;0.980462;5.71098e-08;9.39508e-05;2.09335e-05;4.54661e-05;2.89457e-06;0.00924119;0.00774807;4.93028e-06;0.00138604;7.04278e-07;0.000802209;0.000186678
