1.25087e-06;0.00182721;4.98952e-06;7.92294e-07;1.2986e-06;1.01713e-06;4.15743e-08;0.000328231;1.78415e-06;4.94251e-08;1.07147e-06;0.000454204;0.997377;9.42834e-07
7.39444e-06;0.00094098;0.000214834;0.000516438;0.00025286;0.000161179;1.54373e-07;7.42526e-06;4.99125e-05;1.59547e-05;2.55079e-05;0.000493921;0.000183806;0.99713
0.000110745;0.26372;1.0406e-07;4.75465e-06;1.66318e-05;6.19807e-08;0.000375335;0.734423;0.00101758;1.37797e-05;9.69809e-05;1.07347e-06;0.000204527;1.57763e-05
2.4037e-06;0.00383579;0.937829;4.02681e-05;0.000202451;4.2438e-05;2.83308e-06;1.66506e-05;2.14644e-06;2.47398e-05;1.5037e-05;0.0551743;0.00280503;6.43402e-06
0.00011194;0.804193;0.000640159;5.24844e-05;0.000732503;0.000184393;0.000238502;0.00517202;0.000130048;1.8037e-05;0.000386688;0.015388;0.127393;0.0453583
0.000494262;0.892125;0.00617517;9.09126e-05;0.0118667;0.000460775;7.57439e-06;0.00393087;5.77911e-05;1.98742e-05;8.9252e-06;0.0754746;0.00219524;0.00709264
0.0232487;0.0136962;0.00222104;8.77026e-06;0.000128313;5.36893e-06;0.000149738;0.118319;0.650327;1.01444e-05;0.00326344;0.000213897;0.188392;1.59807e-05
2.62593e-05;0.999666;3.97907e-12;8.53061e-08;2.54475e-08;4.20476e-09;1.58781e-07;5.86892e-06;7.04842e-05;3.04876e-06;8.26579e-08;6.97334e-10;7.47617e-06;0.000221025
0.00216925;0.0466901;9.85053e-06;2.94249e-06;5.17721e-06;1.9534e-07;0.00475667;0.00114767;0.93944;3.03898e-06;0.0050829;0.000417053;0.000274468;8.4429e-07
2.39603e-06;0.933559;2.18913e-09;3.07842e-09;7.28872e-06;1.13655e-08;5.74757e-10;0.00593859;4.06759e-06;4.2573e-10;1.29373e-10;3.39515e-07;0.0604872;8.61741e-07
7.90722e-06;0.203844;0.000132169;0.00824538;0.0993484;0.00273975;4.4975e-07;0.0528573;0.000533492;0.0001006;1.70853e-05;0.0508243;0.00804027;0.573309
0.000307507;0.970719;0.000408999;3.09524e-06;4.08302e-06;1.64071e-06;0.000481657;0.000173648;0.000520718;4.82614e-06;0.00101313;0.00016173;0.0261979;1.77386e-06
4.82058e-05;0.99383;1.59242e-07;3.40693e-06;3.47287e-06;4.66184e-07;0.000266902;0.00180479;1.91601e-05;2.48436e-05;3.18184e-05;1.93187e-05;0.00377948;0.00016809
2.0744e-07;1.81977e-06;0.99995;3.4204e-08;1.65409e-09;7.93467e-10;4.16627e-08;1.04913e-07;1.6085e-07;8.0233e-09;2.28175e-08;4.72139e-05;1.02044e-07;2.39086e-10
2.85146e-05;0.150952;1.75145e-06;0.00012685;0.000147941;8.2181e-06;1.22545e-06;0.0758064;0.000270716;1.47931e-06;0.000218354;0.680588;0.0917018;0.000145979
5.60275e-06;0.450396;1.20186e-06;0.0034202;0.0108186;0.000536797;0.00164764;0.0789226;0.00137788;0.0110739;0.0146869;0.420126;0.00594649;0.0010405
7.69481e-06;0.0635839;1.52681e-07;2.76364e-05;9.60534e-07;7.87427e-06;0.00274249;1.14106e-05;3.08203e-05;9.46817e-06;0.00849076;0.000313584;0.924773;5.1688e-07
1.37968e-06;0.00252568;0.99558;2.25779e-06;1.70207e-05;3.53931e-08;6.07755e-07;6.45205e-06;5.11036e-09;2.20627e-06;9.89836e-09;0.00186087;2.00859e-07;3.24671e-06
1.22588e-05;0.983703;1.95802e-07;3.86649e-05;1.96944e-06;1.45191e-06;4.75363e-05;0.0137553;0.000623383;2.09462e-06;7.75792e-05;3.46076e-06;0.00173014;3.29254e-06
0.000210338;0.148687;0.000379059;5.1022e-05;0.0133982;1.51986e-05;3.0439e-07;0.442122;0.000229053;3.29254e-06;1.54912e-06;0.239527;0.155191;0.000184927
7.93565e-06;0.661035;2.92317e-05;0.000104313;4.68486e-05;7.46209e-08;0.2289;1.72793e-05;7.19231e-06;0.0679404;6.37073e-06;1.35184e-06;2.07021e-06;0.0419022
3.29748e-12;1.91346e-13;1;1.38126e-12;5.81168e-14;1.1853e-14;8.65492e-12;7.25679e-14;6.89189e-12;7.06568e-13;5.92031e-11;4.3215e-10;1.50322e-15;3.83789e-15
1.30304e-06;0.201427;3.07023e-08;3.16697e-08;6.52681e-10;5.84486e-10;0.79841;1.40786e-06;1.91037e-06;0.000107323;1.6091e-05;2.03505e-09;3.39628e-05;2.53766e-08
3.18049e-14;1.51674e-14;1;4.94926e-12;1.19893e-13;2.92927e-14;2.17302e-12;1.14519e-15;9.64289e-12;1.70424e-12;2.51214e-11;1.01998e-09;9.58308e-17;5.24222e-14
2.33961e-05;0.270876;6.43086e-07;3.74679e-05;3.27762e-05;1.68392e-05;0.619996;0.0125599;0.000277056;0.0120326;4.7793e-05;6.51751e-09;1.56965e-05;0.084084
1.48233e-11;1.69968e-12;1;1.42667e-10;9.35352e-13;2.22302e-12;3.17635e-09;2.02357e-12;3.304e-10;1.29566e-10;3.16751e-09;2.90097e-09;4.74667e-13;1.89018e-13
0.000259407;0.114486;0.00181562;0.000527371;0.000257964;0.000217778;0.00488618;0.0460345;0.00758108;0.000156444;0.0268102;0.786636;0.0100376;0.000294276
1.11608e-05;0.262251;1.12311e-06;0.000137198;0.00511291;0.0677494;4.75481e-06;0.468579;5.1654e-06;5.70184e-05;5.79061e-05;0.00880809;0.187075;0.000150482
1.87867e-06;0.0206388;1.47139e-08;1.75998e-05;1.1019e-06;2.80314e-05;9.8316e-06;0.000334281;8.96942e-08;6.51827e-06;7.792e-06;7.31762e-06;0.978918;2.90965e-05
2.37419e-10;2.48325e-07;1;7.37384e-10;4.51749e-10;1.58969e-11;1.21362e-11;1.00498e-10;3.05775e-13;2.92729e-10;1.26075e-12;1.07314e-07;9.60154e-11;2.82353e-10
4.4408e-07;0.000275742;1.12328e-06;1.30226e-06;1.27778e-08;8.32688e-08;3.38818e-06;0.000250282;2.85905e-05;2.32407e-07;0.000363046;2.78574e-05;0.999048;4.9124e-10
