5.78169e-07;0.999923;2.06204e-05;3.03568e-06;6.6928e-07;2.18335e-08;6.52103e-09;1.61146e-05;2.88232e-08;1.17106e-08;5.2553e-08;1.46231e-05;8.65475e-06;1.26701e-05
4.74892e-07;2.65284e-07;3.11396e-11;1.05183e-08;1.07911e-07;2.41023e-09;3.91503e-08;0.999993;2.8205e-06;2.75097e-09;1.05121e-07;1.90307e-10;3.52337e-06;3.5366e-09
5.82144e-06;0.000522089;0.000231799;5.80026e-05;0.00048442;2.63212e-06;1.81676e-06;0.000892792;0.000777555;1.43604e-07;6.79207e-05;0.996683;0.000233691;3.84803e-05
5.81043e-07;0.998804;1.97644e-09;1.30845e-08;9.65992e-09;1.3659e-08;0.000139987;0.000446936;2.11558e-08;1.54191e-07;1.0141e-07;4.14669e-10;0.000608017;5.28959e-08
6.53929e-14;4.97053e-12;1;9.91499e-12;3.43868e-10;1.89015e-11;5.94296e-14;1.0403e-13;1.34739e-14;1.21828e-13;2.16024e-13;1.23118e-08;2.63449e-14;1.43738e-09
2.97976e-07;0.986395;7.53728e-07;2.57736e-06;0.000142206;4.52832e-05;2.27175e-08;0.000945836;1.14539e-08;1.57313e-09;3.0926e-07;0.000209008;0.0122035;5.49942e-05
1.55012e-06;0.997336;9.27915e-08;8.22453e-06;2.78532e-06;1.44837e-06;1.65629e-06;0.00110936;5.47274e-06;9.72422e-08;6.27191e-05;0.000956744;0.000509373;4.44044e-06
5.48175e-07;1.18266e-05;2.00079e-06;1.46169e-05;0.193852;0.778719;6.63829e-08;0.00380218;4.24151e-06;2.12037e-06;1.23544e-05;0.000314635;0.000131923;0.0231328
5.65246e-05;0.946785;1.98764e-05;4.42594e-06;3.02828e-06;2.37073e-07;1.6671e-05;0.00607757;1.59972e-05;1.66262e-07;0.000346293;1.79597e-06;0.0466719;8.5549e-08
0.00020611;0.00141264;6.25682e-05;0.00356402;0.0411775;0.000358174;4.39786e-07;0.94922;3.97368e-05;6.18161e-05;2.2344e-05;0.00326461;0.000481081;0.000129051
0.00215501;0.0660121;0.000567501;0.00110836;1.83338e-05;2.37805e-06;1.77914e-06;0.00129838;0.000531321;4.37006e-06;0.000793454;0.92653;9.8791e-06;0.000967663
0.00114245;0.975731;0.000982276;1.41895e-05;0.000933722;7.35881e-06;1.09854e-05;0.00036167;0.000235229;5.78141e-05;0.00012035;0.00254368;0.0172;0.000658973
7.0785e-06;0.999011;1.9803e-09;2.76052e-08;9.52601e-06;5.70362e-07;9.2305e-09;9.26461e-05;2.35899e-08;3.04001e-06;2.9714e-10;2.15885e-07;2.49266e-06;0.000873852
2.71007e-13;7.23261e-16;1;2.46352e-14;1.55433e-11;4.42988e-15;2.70484e-16;1.35186e-13;1.14357e-12;3.43645e-15;7.03765e-15;4.98337e-10;9.08854e-18;9.84995e-14
2.12707e-08;3.28777e-07;1.10654e-06;5.5538e-10;6.64311e-06;1.86324e-07;7.91301e-13;0.999986;1.11187e-07;8.043e-11;1.51159e-10;5.92155e-06;1.33163e-07;7.04167e-09
1.59035e-08;0.999274;1.55353e-12;1.47639e-09;1.01372e-07;9.78535e-11;2.31122e-10;0.000510216;3.28236e-09;2.31175e-08;4.14504e-11;8.0846e-10;8.04531e-08;0.000216006
5.19393e-07;0.00112407;1.08899e-09;3.99853e-07;3.71545e-06;2.93583e-07;3.60541e-07;0.998395;3.93273e-06;3.49157e-08;1.06226e-07;1.51981e-08;0.000470316;1.60246e-06
1.87525e-06;0.000121217;1.5502e-10;1.90342e-09;1.88408e-08;3.46818e-09;5.6328e-10;0.999311;2.25685e-09;5.53237e-10;2.99846e-11;1.40566e-08;0.00056575;1.58465e-08
1.92165e-07;2.98836e-05;3.02892e-09;2.21666e-05;0.964069;5.4673e-06;1.34777e-07;0.0100958;8.50245e-07;1.49575e-06;9.39033e-08;0.00256838;9.48902e-07;0.0232061
2.46629e-06;0.000988109;0.961343;0.000295175;0.000407452;8.00446e-06;2.78056e-06;1.6097e-07;8.10837e-08;4.7662e-06;3.40039e-05;0.000158018;0.0363374;0.00041853
2.62816e-05;0.78214;8.72042e-07;6.00647e-06;0.000254049;3.91168e-06;4.46226e-05;0.213065;6.50727e-06;3.98024e-05;7.68565e-06;2.05913e-05;0.00220062;0.00218423
5.07192e-12;2.2749e-10;1;3.1733e-09;3.50814e-10;3.3874e-10;5.46915e-12;1.63188e-12;4.5393e-11;5.41147e-11;2.45039e-10;6.80293e-09;1.17389e-11;4.68602e-10
0.000279038;0.458905;6.97238e-07;0.00524229;0.00108916;0.0098784;0.000113119;0.241905;0.000645227;1.90683e-05;0.0255981;0.102662;0.112709;0.0409531
0.000684801;0.137584;0.000515882;0.00172677;2.47885e-05;0.000656862;0.00438038;0.0708774;0.0100135;7.69684e-05;0.0863964;0.00552482;0.681496;4.17601e-05
2.87705e-05;0.935863;1.36465e-06;1.09987e-05;0.000176539;8.20669e-06;1.64258e-07;0.0122936;5.06225e-06;8.43532e-07;1.05972e-05;0.0393816;0.0121952;2.42117e-05
0.000371223;0.425931;0.000182708;8.31221e-05;0.229044;0.000157085;4.13722e-07;0.263943;2.48666e-05;2.05759e-05;1.37255e-05;0.0703461;0.00888162;0.000999773
8.68546e-06;0.0255932;2.57445e-09;1.47932e-06;6.33187e-08;6.47959e-08;0.969105;1.33533e-06;9.04459e-05;0.00511486;7.78477e-05;9.17208e-09;1.99712e-06;5.26014e-06
6.88642e-09;1.26925e-11;0.999997;3.91845e-09;3.09457e-11;2.23963e-11;2.07324e-08;1.97637e-11;2.09771e-06;6.91022e-10;1.10138e-06;5.49047e-08;7.91061e-12;3.38273e-12
0.00249561;0.193181;5.05041e-05;1.54874e-06;4.17365e-06;2.31381e-07;0.000155124;0.780652;0.0193852;7.85752e-06;9.52924e-05;9.52883e-05;0.00387592;7.50808e-07
1.90174e-08;0.000417085;1.31452e-05;3.71561e-08;1.32132e-06;2.07274e-07;7.14304e-10;5.65276e-06;7.53083e-08;2.22426e-09;2.39611e-08;0.999509;5.07297e-06;4.8207e-05
8.66276e-06;0.367643;0.000142102;7.64987e-06;0.00206312;9.77915e-06;1.54854e-06;0.553691;5.10338e-06;1.27675e-06;8.43726e-07;0.00271345;0.073366;0.000345899
0.00246664;0.289783;0.16804;0.00250785;0.0306862;0.000113191;5.19714e-05;0.0991828;0.00254513;0.000129986;5.35908e-05;0.395342;0.00829948;0.000798192
0.0154447;0.863322;1.03454e-07;4.36496e-06;0.0001068;1.27471e-05;0.00397942;0.106308;0.00722573;0.000386324;1.93169e-06;5.98966e-10;0.0021575;0.00105
2.54664e-09;2.40355e-11;1;1.1782e-10;8.89195e-11;3.84086e-12;3.97874e-11;1.02613e-12;4.73609e-08;2.46187e-11;4.08365e-11;1.10298e-07;5.56814e-14;4.46065e-12
0.000864673;0.000800601;4.97698e-05;0.000105934;3.75024e-05;2.67657e-05;2.28612e-06;0.134497;0.785039;5.7638e-07;0.00022914;0.0769022;0.000329052;0.00111626
8.67589e-05;0.078955;2.5519e-05;9.53723e-08;9.88085e-06;2.70039e-05;2.08838e-07;0.899403;0.000218571;1.19941e-06;6.37636e-07;3.89449e-06;0.02122;4.83738e-05
1.41608e-06;0.161066;1.87197e-06;8.58261e-07;3.75413e-05;1.55755e-05;7.59026e-08;0.00356166;1.67115e-05;1.09964e-07;5.43948e-06;0.835174;5.97706e-05;5.96989e-05
1.61958e-05;0.952107;3.70187e-05;1.63085e-05;4.59283e-06;5.90375e-06;3.72899e-07;0.0338106;3.67334e-05;1.13646e-07;2.03277e-06;0.00687275;0.00708892;1.35219e-06
0.00120957;0.394769;5.79857e-05;0.00146732;0.00209621;6.17909e-05;9.32238e-06;0.372381;0.00126332;0.000164944;1.7496e-05;0.194936;0.0152206;0.0163451
0.00163273;3.65005e-06;1.17147e-08;6.48243e-05;3.27029e-06;7.71668e-08;4.57638e-05;0.227676;0.76849;8.54311e-07;0.00198375;2.60508e-06;9.69231e-05;2.44785e-08
0.0123098;0.644683;0.0321898;0.000473102;0.000452649;6.97219e-06;1.2398e-05;0.00126162;0.00226416;0.00186492;5.54738e-06;0.0611387;0.000544436;0.242793
1.94848e-06;0.0262835;0.000553831;2.35886e-07;2.70408e-05;9.17587e-07;7.75323e-07;0.0139525;7.31942e-07;1.3718e-06;6.49675e-08;0.956843;0.00224214;9.19498e-05
3.2711e-10;9.54974e-07;4.56189e-11;4.84927e-08;2.45957e-08;0.000512182;9.24837e-10;9.00252e-08;2.78785e-08;8.65441e-09;5.372e-08;1.69583e-10;0.999485;1.20782e-06
2.46746e-08;6.24216e-08;0.999998;3.31675e-08;5.66403e-09;1.07493e-09;2.30044e-11;8.13506e-08;3.56542e-10;8.09232e-09;1.30468e-10;1.58996e-06;2.16536e-09;1.14435e-08
0.000139801;0.101788;2.78535e-07;0.0015632;3.88139e-05;0.000352166;0.000101547;0.0493788;0.7582;6.71388e-05;0.0840662;1.94456e-07;0.0040153;0.000288766
