4.94375e-06;0.996091;1.01784e-08;8.42245e-08;1.88215e-06;5.23842e-07;2.20227e-06;0.0037206;2.63324e-06;2.2006e-06;6.46264e-07;2.93119e-09;0.000159392;1.3933e-05
9.71704e-12;1.99394e-11;1;1.38448e-11;3.02103e-12;1.78967e-12;6.11937e-11;5.30649e-14;1.72768e-11;2.14328e-10;9.71501e-12;1.31445e-08;1.01687e-13;6.00829e-12
2.4169e-08;7.8558e-07;2.81947e-06;6.67145e-07;9.61689e-06;1.3398e-06;1.17267e-07;8.4707e-06;4.34283e-05;1.50433e-08;5.38744e-05;0.999878;1.87747e-07;9.85574e-07
1.11376e-07;0.997003;4.6516e-12;9.0045e-09;2.04902e-07;6.36081e-08;1.05123e-08;0.000179233;1.17358e-08;3.03372e-10;2.74025e-06;3.4851e-06;0.00281021;4.26853e-07
8.90752e-06;0.808541;8.08854e-08;6.19928e-06;6.8767e-05;4.15433e-06;1.14423e-06;0.171574;2.7138e-07;2.77603e-07;2.87937e-06;0.0109598;0.000564365;0.00826812
2.45461e-06;0.20844;1.33168e-07;2.45876e-06;3.45913e-05;5.14831e-06;1.53854e-08;0.00247299;2.53527e-08;1.27799e-08;1.39991e-06;0.783316;2.22147e-05;0.00570212
1.23674e-07;0.996032;4.98775e-10;1.18461e-08;1.02967e-08;1.19742e-08;4.0209e-06;0.00342214;6.53467e-09;1.92781e-07;3.58605e-09;1.7358e-11;2.60705e-06;0.000538642
2.31079e-13;6.04046e-13;1;2.49294e-12;2.38007e-14;9.60076e-14;4.99924e-14;8.79875e-15;1.17236e-13;1.98257e-14;1.73277e-12;4.67566e-10;1.77564e-14;8.61871e-14
1.14931e-05;0.847301;5.00737e-05;3.07653e-06;3.34158e-06;1.71527e-05;8.9608e-07;0.142611;3.46027e-06;9.47386e-07;3.29638e-06;0.00251415;0.00166793;0.00581268
3.37718e-06;0.144487;1.6941e-08;2.30993e-06;7.13337e-07;3.41694e-06;7.38951e-05;0.00808479;5.67177e-05;1.41935e-06;0.00959012;0.00105546;0.836641;3.93134e-07
3.88001e-08;0.999711;1.39541e-12;3.74121e-09;5.58057e-08;2.56125e-08;7.21347e-08;0.000164288;6.16989e-08;9.29249e-08;8.35635e-08;0.000106763;1.08755e-05;6.45323e-06
3.49141e-06;0.91119;1.24645e-08;8.09922e-06;3.34613e-06;1.5633e-07;0.000140616;0.00288473;6.08298e-07;1.07094e-05;3.92087e-06;0.0805177;0.00521934;1.69476e-05
0.000104963;0.818005;9.38151e-08;0.00734117;0.00874804;0.000390978;0.000164398;0.0220066;0.000260634;0.00161527;0.000176496;0.0406601;0.00446616;0.0960605
0.000267524;0.0042508;4.91236e-07;2.59823e-05;6.3197e-05;2.63278e-05;3.20075e-07;0.00705382;6.26063e-06;4.35885e-07;1.22678e-05;0.980783;0.000989582;0.00651977
1.1673e-05;0.982444;2.13612e-08;5.14621e-07;1.09261e-07;5.29398e-08;0.0169821;0.000172452;1.50903e-05;4.11381e-05;1.96761e-06;2.91836e-09;6.0665e-06;0.000324693
9.90401e-10;1.04517e-10;1;1.18866e-10;7.04367e-11;1.10276e-11;3.23412e-10;1.55706e-10;1.00419e-08;4.96694e-11;2.97513e-09;2.01106e-07;7.81075e-12;3.74906e-11
1.48223e-08;0.999811;1.72609e-11;4.29924e-10;3.21122e-10;1.49395e-10;0.000186078;4.30832e-08;2.56394e-08;1.3089e-06;4.7987e-10;1.63723e-11;1.52486e-07;1.75327e-06
7.38392e-15;1.81194e-14;1;1.75818e-13;2.52711e-12;7.15326e-13;6.31535e-14;1.44902e-14;4.23348e-13;1.98733e-13;3.8943e-13;1.30894e-07;2.13208e-17;2.29756e-13
1.60189e-07;0.00523819;1.28623e-08;5.04524e-08;4.94152e-05;6.92087e-05;7.13753e-06;0.992159;6.40188e-05;3.978e-07;2.25527e-06;2.42261e-07;0.00240018;1.0189e-05
2.22486e-06;0.00072259;2.44396e-07;6.33392e-06;0.000741511;4.3848e-05;5.4607e-07;0.966822;2.71402e-05;2.33888e-06;1.2501e-05;0.000308283;0.0311206;0.00019008
0.00507211;0.0536515;0.000107651;2.40173e-06;0.00069878;3.98092e-06;4.28427e-06;0.215369;0.000146763;5.67578e-06;2.23569e-06;0.11367;0.610788;0.000476839
1.75029e-07;0.00024615;2.85626e-06;4.44577e-08;1.42365e-06;2.23787e-08;3.90498e-10;1.75194e-05;3.02938e-07;1.61289e-10;1.23983e-07;0.999717;1.42209e-05;5.94751e-08
2.87541e-05;0.571565;0.000990358;2.36692e-06;0.00011233;0.000109405;1.50902e-07;0.0837997;3.88923e-06;1.76669e-06;1.81229e-06;0.131835;0.211014;0.000536282
0.000225217;0.0790637;2.81142e-06;0.0127544;0.00218534;0.0231499;0.0012789;0.0469872;0.762801;0.00305207;0.0300024;0.00029901;0.0325785;0.00561936
0.00553431;0.979031;0.00692712;0.000831988;5.56196e-05;9.73432e-07;4.29817e-06;3.24809e-05;0.000289341;1.84213e-05;1.25634e-05;0.00722982;1.80179e-06;3.08036e-05
0.000471963;0.000826932;0.998335;1.15792e-06;4.73752e-07;6.84208e-09;1.74708e-06;1.52269e-06;3.84252e-05;2.94804e-06;1.63304e-06;0.000314846;6.18095e-07;2.74048e-06
1.18907e-05;0.995393;2.15589e-11;3.4876e-07;7.14583e-05;3.57682e-07;5.81519e-06;0.00105781;4.64045e-05;1.02531e-05;5.83218e-07;3.72565e-07;1.84866e-05;0.00338367
3.15916e-09;5.28896e-08;0.000454863;1.19697e-09;1.6025e-07;3.37735e-07;4.73578e-13;1.03084e-09;4.91023e-12;3.3776e-11;1.3239e-10;0.999477;5.61496e-08;6.71893e-05
1.30198e-09;0.999948;5.17414e-14;7.44166e-12;4.8169e-10;1.24775e-10;7.9752e-08;4.77248e-05;5.08891e-11;5.27759e-10;3.81978e-12;2.88124e-13;2.06727e-08;3.96927e-06
4.03002e-11;2.65445e-09;1;1.61207e-11;1.00396e-10;3.04073e-10;3.10391e-11;3.70251e-09;4.56628e-11;3.81357e-11;5.17825e-12;1.26979e-08;2.66804e-10;1.63542e-10
5.67573e-08;0.00183864;2.30607e-07;4.71729e-07;8.29287e-08;1.85453e-06;3.00234e-08;0.00144535;1.02682e-06;1.69068e-08;2.56581e-06;0.00257735;0.994132;4.31024e-07
2.1288e-07;0.977762;3.33242e-10;1.56763e-08;6.25194e-09;3.40021e-08;1.90439e-06;5.94991e-05;6.84465e-09;2.44834e-07;3.2186e-07;0.000129246;0.022047;2.51922e-08
8.86204e-08;3.29555e-05;2.09706e-06;1.4544e-05;1.70559e-05;8.42053e-06;1.72398e-06;0.00023761;5.53252e-07;5.48745e-07;2.46489e-05;0.99916;0.000430131;6.98296e-05
9.78919e-06;0.822071;7.40919e-08;0.000198326;0.000265476;0.00685015;0.000158058;0.105711;2.93388e-06;1.69119e-05;6.93285e-05;0.000843848;0.0339459;0.0298574
4.20419e-06;0.00917542;7.96024e-08;2.41148e-05;1.53595e-07;4.23125e-07;3.11011e-05;0.0340876;1.92803e-05;1.01518e-06;0.00217;0.000316597;0.95417;4.99955e-08
1.62272e-05;0.999105;0.000167812;0.000282162;1.95914e-05;3.93019e-07;1.84959e-06;0.000220792;2.38458e-05;1.33278e-06;0.000108947;3.48238e-05;4.22851e-06;1.30375e-05
1.0046e-05;0.16867;2.49341e-09;6.16747e-07;3.74733e-07;8.40094e-09;7.45894e-07;0.830684;3.46994e-06;2.21839e-06;7.04185e-07;4.73445e-07;0.000626822;1.84282e-07
5.15249e-07;0.00786196;2.17696e-05;1.62001e-05;3.53737e-06;2.53481e-05;2.10908e-08;4.5309e-06;2.30806e-06;1.92737e-07;2.76615e-05;0.990922;3.00696e-06;0.00111135
1.21174e-05;0.82919;1.95865e-09;6.92886e-06;6.38605e-05;0.000960788;4.01841e-05;0.0423476;1.4631e-05;5.90707e-06;9.82381e-06;6.24896e-07;0.126429;0.000918725
1.75707e-05;0.00423898;1.11752e-06;1.9557e-06;7.54659e-08;6.18012e-08;2.56974e-06;0.0587566;6.24152e-06;6.09738e-07;0.000106541;1.98257e-06;0.936865;3.60068e-07
0.000165345;0.025352;1.39807e-05;1.46805e-05;5.16088e-05;6.76567e-08;5.02421e-07;0.00179275;0.000455655;2.86725e-06;0.000691293;0.970128;0.000948432;0.000382474
2.81319e-06;0.91284;5.42006e-08;2.01304e-07;1.34558e-05;1.91171e-07;7.57981e-10;0.0865906;8.57875e-07;3.42935e-07;2.83743e-07;0.00034363;0.000141868;6.51619e-05
2.50557e-07;0.899606;9.66803e-05;2.56946e-08;2.82837e-07;1.09144e-06;1.59395e-08;0.0341029;2.43493e-08;1.45957e-07;8.94788e-08;0.0610298;0.00514774;1.49308e-05
5.18561e-08;0.000865035;7.61014e-09;1.11153e-05;5.03545e-06;3.55991e-05;2.06182e-06;0.0242926;1.1084e-06;1.13168e-06;4.44014e-05;1.40911e-07;0.974658;8.38814e-05
6.68408e-05;0.00051224;0.00546795;1.49929e-05;3.58243e-05;9.92355e-06;8.96541e-07;0.00246007;2.6573e-05;9.77474e-07;0.000969359;0.976845;0.0135791;1.01786e-05
1.41423e-06;0.998478;5.43458e-08;6.98493e-07;3.17213e-07;1.2402e-07;2.761e-06;0.000999687;1.32591e-06;4.58738e-07;2.33972e-05;1.31421e-06;0.000489026;1.92803e-06
1.5583e-06;0.000305452;0.000364691;0.00011328;0.000118339;9.16375e-05;5.14385e-07;0.00149013;8.41221e-06;6.0015e-06;0.000104516;0.995806;0.0015201;6.99245e-05
3.78599e-07;0.999461;1.45069e-08;9.69249e-07;1.04492e-08;1.89842e-08;0.000100287;6.71883e-08;3.25985e-07;1.99367e-05;1.20235e-05;1.76095e-07;4.12033e-07;0.000404047
3.46767e-06;0.000128656;1.84295e-08;4.2327e-06;1.52983e-08;5.52635e-07;0.814066;1.51194e-06;0.000623159;3.28438e-06;0.182543;1.07206e-08;0.0026253;1.43365e-08
6.93493e-07;0.00490558;1.2027e-10;1.38163e-09;1.37381e-08;3.09709e-09;5.78086e-09;0.995082;1.87641e-08;8.12553e-08;8.36552e-10;2.61148e-08;1.13089e-05;4.67178e-08
1.41206e-08;7.49889e-05;3.66275e-07;3.00267e-06;1.28051e-05;1.44945e-06;2.21612e-09;3.68951e-07;3.92649e-08;5.77867e-07;1.78359e-07;0.992648;6.2731e-07;0.00725798
4.56596e-06;0.0967274;1.14372e-07;8.36755e-09;1.07021e-08;8.13162e-10;1.65813e-06;0.899595;6.11452e-07;1.46026e-08;2.6062e-06;7.0618e-05;0.00359781;3.36492e-10
4.52492e-08;0.00125077;1.94906e-06;3.07117e-06;8.38216e-06;7.40316e-08;1.03372e-08;0.000220188;1.48376e-07;9.94965e-08;5.99037e-08;0.998449;4.37678e-05;2.21496e-05
4.9646e-05;0.0889869;2.87065e-08;3.29221e-07;0.000116451;3.65299e-05;2.42301e-08;0.892828;5.82011e-06;4.10636e-08;2.79542e-07;0.00013141;0.0178032;4.07838e-05
1.06698e-05;0.989021;4.21777e-09;3.88389e-07;1.95364e-06;2.88723e-07;0.00597089;4.50685e-05;1.27861e-05;0.00178952;1.03792e-07;1.71716e-09;1.55554e-05;0.00313182
7.26949e-10;1.90705e-12;1;5.26036e-09;2.51591e-10;2.20342e-10;3.50344e-10;6.73995e-11;1.85864e-07;1.31301e-10;6.65425e-09;1.13106e-08;1.04247e-11;2.97019e-11
3.25601e-07;0.999973;1.22704e-07;1.4076e-08;1.09363e-09;3.37106e-10;2.23982e-09;5.8883e-07;1.1267e-08;1.94729e-09;2.47982e-10;1.26679e-09;2.62374e-05;4.05301e-09
2.97589e-05;0.0491664;2.75506e-09;1.34066e-05;0.00181641;1.38785e-05;8.34766e-07;0.943318;9.58551e-06;2.87676e-06;3.59468e-08;0.000361354;0.00471773;0.00055031
2.35077e-05;0.000479122;0.00703331;0.000252713;0.0351548;2.98005e-05;1.26538e-06;0.000686066;3.83983e-08;8.85522e-06;3.05407e-06;0.948907;0.00529774;0.00212274
9.96898e-06;0.25156;7.97306e-08;3.27122e-05;2.65734e-07;2.04909e-08;0.745885;5.02157e-06;0.000182901;0.00198739;0.000284248;3.97187e-07;7.29593e-06;4.43618e-05
4.85582e-09;1.66542e-08;0.999999;1.55717e-07;2.05573e-08;7.71806e-09;3.01536e-07;1.31416e-09;7.76159e-08;2.04984e-09;1.95652e-07;1.3676e-08;7.65171e-09;3.36467e-08
1.40838e-06;0.000107384;8.88232e-07;1.23224e-06;5.18825e-07;9.45207e-08;2.35901e-07;0.999882;4.40275e-06;4.81189e-08;3.48232e-07;8.09604e-07;5.05946e-07;1.80275e-07
3.37232e-06;1.7636e-05;2.53412e-05;7.49797e-06;6.12043e-07;1.04718e-06;1.10708e-10;4.36527e-07;2.41822e-06;2.34245e-08;6.29429e-07;0.9997;2.80669e-07;0.000240747
0.00590611;0.988104;2.82287e-08;1.99137e-07;1.2567e-06;1.93955e-06;2.83211e-05;0.00137812;0.00445589;5.88134e-06;4.35446e-05;1.0513e-07;6.68882e-05;8.27273e-06
1.00358e-10;4.00524e-12;1;2.31943e-10;1.41408e-10;3.2596e-13;4.92077e-13;1.66898e-13;6.5369e-11;2.85462e-12;2.43082e-12;3.30187e-07;1.40563e-15;1.56244e-11
4.49242e-06;7.61043e-05;5.15035e-07;1.27558e-06;0.000464153;7.11767e-09;1.6669e-10;0.99936;6.00962e-05;2.42457e-09;1.91183e-08;3.32291e-05;6.14104e-08;3.87729e-07
4.48987e-08;2.78809e-06;9.56719e-10;7.11745e-09;0.000213219;5.09877e-09;1.62736e-10;0.999783;1.5218e-07;6.69857e-09;1.98626e-10;1.51328e-10;3.52449e-07;2.15871e-10
6.97777e-09;1.85969e-06;0.999941;1.50363e-07;3.61303e-05;5.86712e-07;2.03475e-10;3.15009e-09;5.41482e-12;1.27277e-06;2.74868e-11;1.67028e-06;1.67217e-08;1.71476e-05
2.07585e-06;0.994419;1.97471e-06;6.05275e-06;1.95113e-05;2.65661e-06;4.78453e-06;0.00421005;3.36081e-05;7.84596e-07;3.88316e-05;0.00062645;0.000243104;0.000391443
