2.8677e-07;0.999945;8.42008e-06;4.02641e-07;5.06389e-08;3.28371e-09;7.38894e-09;1.08681e-05;2.56197e-09;7.8604e-09;2.6701e-09;3.36184e-05;1.67089e-06;3.57448e-08
3.92312e-06;0.993853;3.21981e-08;5.18231e-08;1.64699e-08;4.75986e-09;2.55726e-07;1.38429e-06;2.97819e-08;1.09712e-07;2.22116e-07;0.000408944;0.00573235;1.90666e-08
1.26977e-06;0.0032972;4.37024e-05;3.52037e-06;5.95541e-05;0.000486339;0.000236933;3.68196e-05;1.99228e-07;0.00471499;2.04375e-07;0.000873222;3.33675e-05;0.990213
9.44574e-10;2.95886e-11;1;2.1237e-08;1.48945e-08;1.72964e-08;3.37241e-08;7.25588e-10;1.02823e-07;9.57649e-09;8.17138e-08;1.54375e-07;3.4681e-13;4.44797e-08
5.17641e-05;0.000238487;2.06857e-06;4.46331e-07;1.71199e-06;9.84614e-09;4.51241e-06;0.999435;0.000178531;3.23364e-08;4.61808e-05;7.62046e-07;4.04642e-05;1.3479e-08
1.76961e-06;0.981602;0.00168281;3.27537e-05;9.93521e-05;8.83278e-07;0.014431;4.19601e-05;1.97686e-05;0.000533489;1.9146e-06;0.000100788;2.5795e-06;0.00144919
5.91816e-11;3.33482e-10;1;7.19313e-10;1.20855e-10;3.31382e-11;1.50405e-10;3.68388e-09;2.44326e-10;1.95277e-11;1.25896e-09;5.34006e-10;7.0149e-11;3.63035e-10
6.9721e-07;0.990337;5.42904e-06;2.60864e-08;2.33223e-09;1.38087e-08;0.000266581;2.02965e-05;2.31441e-07;1.05293e-06;3.51624e-07;2.99741e-09;0.00935443;1.3978e-05
6.14837e-15;5.52337e-12;1;2.48348e-13;1.77302e-11;1.19419e-12;1.72581e-12;1.32394e-14;5.59991e-14;3.63965e-11;1.38095e-13;1.88391e-13;1.68168e-17;2.41754e-10
7.7487e-12;1.09934e-08;1;2.8375e-10;8.27718e-10;1.41167e-10;1.98426e-10;1.03724e-09;1.01971e-10;9.00271e-11;4.03173e-10;4.97329e-10;1.18437e-10;3.31108e-11
2.31545e-07;0.00890618;0.00220356;7.20304e-06;3.02333e-05;4.30239e-06;5.03917e-06;0.00540324;1.26731e-05;1.81363e-06;5.22696e-05;0.981808;0.000117735;0.00144763
6.15995e-06;0.305438;7.72937e-06;2.22322e-05;0.000686899;9.63903e-05;9.52187e-06;0.671982;1.9483e-05;2.12972e-06;0.00304962;0.000158035;0.0152679;0.00325451
4.46183e-09;0.999109;1.3413e-14;1.40176e-10;2.05099e-10;1.75678e-10;1.05667e-07;3.16955e-07;2.30457e-13;1.19471e-08;3.42264e-12;3.28345e-10;1.68295e-08;0.000890194
1.96366e-11;1.16184e-11;1;1.68444e-11;4.38862e-12;2.98639e-11;2.48098e-10;3.88312e-12;4.43996e-11;1.93572e-11;1.26426e-10;2.82101e-09;1.82663e-11;1.09097e-10
1.0671e-05;0.00256822;1.04766e-07;9.81682e-06;2.52589e-06;5.75488e-06;1.74114e-05;0.0219076;0.000161197;3.80304e-07;0.000605435;0.000209009;0.974501;9.47097e-07
3.82172e-06;0.997542;3.78243e-11;4.03059e-06;8.14293e-07;4.58557e-07;9.98833e-07;0.00155109;5.06121e-05;7.97143e-07;0.00011501;0.000185668;0.00053854;6.18504e-06
0.00015802;0.742698;0.000205082;0.000173665;0.00056672;3.07587e-05;6.71001e-06;0.0615848;1.14793e-05;2.09771e-05;2.86962e-05;0.115599;0.0785843;0.000331972
0.000102622;0.142007;0.000459321;1.63261e-05;0.04842;0.00042949;2.08376e-06;0.35886;1.37147e-06;2.2067e-05;1.70855e-06;0.28678;0.00630747;0.156591
4.26363e-06;0.916979;8.98655e-08;5.80109e-05;2.48621e-06;4.79614e-06;0.000102878;0.00192446;0.00213342;4.41315e-06;0.000380414;0.000387149;0.0780148;4.30465e-06
3.1449e-05;0.996093;1.68752e-05;5.49208e-05;8.33396e-06;8.29668e-07;0.000200858;0.000803512;0.000273049;2.6992e-05;0.000162957;0.00213024;0.000163427;3.36812e-05
7.23213e-06;0.991492;1.86581e-09;2.37503e-06;7.00116e-06;2.12995e-08;4.89876e-06;0.00167068;1.97493e-06;1.88701e-07;1.04774e-06;0.00677795;3.4485e-05;3.6692e-07
0.000123017;0.121181;0.422787;4.98492e-05;0.000238167;0.000614473;2.63939e-07;0.000135127;1.18782e-07;1.76087e-05;1.34051e-06;0.317738;0.134591;0.00252297
0.000119841;0.0139936;1.78361e-05;1.52891e-06;3.41131e-05;6.41434e-06;3.90178e-07;0.63857;3.61161e-05;6.89668e-08;5.76033e-05;0.334865;0.0122888;9.25585e-06
6.82906e-07;0.00699804;3.7098e-06;5.75169e-06;0.000137388;5.02234e-06;7.47505e-08;0.988729;2.52401e-06;4.5403e-08;1.28186e-06;0.0030145;0.00109916;2.55897e-06
6.49373e-07;0.0399056;1.47013e-05;0.00132473;0.0126449;0.0192258;3.69009e-08;0.00122375;1.76388e-07;7.10477e-06;1.26194e-05;0.782727;0.0465107;0.0964023
0.000224968;0.211855;7.03911e-05;0.00168232;0.000425701;0.0158829;0.0801907;0.0254921;0.000162089;0.00083964;0.0614649;0.000509535;0.598544;0.00265597
4.46649e-05;0.00115654;4.46068e-07;8.50619e-05;2.20531e-05;4.03114e-05;4.56844e-05;0.0394015;5.94638e-06;5.23592e-06;0.000806575;0.00359577;0.954736;5.42792e-05
8.34102e-06;0.99646;2.94003e-10;9.11639e-07;7.49474e-06;8.37467e-10;3.10821e-07;0.00320573;8.37126e-06;8.33487e-07;1.88918e-06;0.000297223;7.40805e-08;9.15975e-06
4.12658e-06;0.982938;0.0156112;8.98844e-05;0.000121396;8.56438e-07;1.80051e-05;1.28524e-05;2.52314e-07;0.000139384;1.34627e-05;5.82081e-05;0.000934841;5.71061e-05
5.10539e-05;0.13132;2.12683e-05;0.000426337;0.000108355;9.22995e-05;8.17952e-05;0.00422142;7.45932e-05;1.06932e-05;0.00333777;0.0220443;0.838108;0.00010182
2.26327e-06;0.00022967;0.995624;4.50881e-06;0.00357368;8.81536e-07;3.46801e-09;2.54116e-06;1.77273e-07;2.03733e-08;2.68666e-08;5.45539e-05;3.76385e-07;0.000507388
0.000157278;0.000506042;5.29649e-06;3.24675e-06;0.000755652;1.6377e-05;2.27212e-08;0.0344624;0.000332558;4.11613e-09;6.1322e-06;0.000384923;0.96337;2.47934e-07
2.65305e-05;0.976726;1.45603e-06;1.39919e-06;6.49031e-06;3.97152e-08;1.6019e-07;0.0228255;0.000224653;1.32475e-07;5.63702e-06;5.72462e-05;0.000122103;2.35595e-06
5.47303e-07;2.40324e-05;3.56927e-08;1.98111e-06;0.99659;8.72562e-05;1.11596e-07;0.00118031;1.8638e-05;3.04211e-06;1.04211e-07;1.42148e-07;1.15967e-06;0.00209253
3.90761e-06;0.00132498;0.993999;1.04423e-05;2.46959e-05;1.18037e-07;4.27742e-09;1.76874e-09;5.98846e-08;1.02265e-07;3.6396e-07;0.00462566;5.3104e-07;1.0076e-05
0.0159423;0.668622;8.77064e-07;9.50825e-08;7.06373e-07;2.39195e-08;1.69902e-06;0.011664;0.000292371;5.19279e-09;5.6747e-05;0.000134006;0.303285;1.03328e-08
2.06083e-06;0.894067;9.49471e-10;1.31211e-07;1.56664e-07;1.66189e-08;3.13255e-07;6.84975e-05;2.87585e-09;8.79303e-07;9.37656e-10;9.27444e-07;1.58755e-06;0.105859
1.51735e-12;1.48148e-12;1;7.1243e-13;3.17994e-12;7.9029e-13;7.12469e-14;6.92511e-13;3.68665e-13;6.66873e-14;4.9767e-14;5.76665e-09;1.50232e-13;1.29214e-12
2.7625e-05;0.743195;0.0168232;4.20115e-05;4.00725e-06;1.40388e-05;0.00153889;0.213952;0.00127709;9.44373e-06;0.000417689;2.08895e-05;0.0226615;1.66711e-05
4.84866e-06;0.269598;0.000126363;0.00180719;0.000679253;0.0015583;8.0777e-06;0.703337;0.00294545;3.19347e-05;0.00277364;0.0061798;0.00801811;0.00293218
