6.39316e-07;0.999975;1.5571e-06;7.1939e-07;3.75027e-07;1.52139e-08;2.26228e-09;3.91511e-06;3.59563e-09;8.57012e-09;7.42117e-09;1.55508e-05;2.43311e-06;1.06788e-07
9.66749e-06;0.995582;8.66899e-09;1.50458e-07;2.11276e-07;2.42126e-07;4.97101e-07;0.00394954;1.74572e-07;6.68995e-07;4.45317e-08;3.47809e-07;0.000452218;3.77895e-06
1.51014e-08;2.84818e-05;6.35943e-08;6.15342e-08;0.00227966;6.03591e-08;2.00441e-09;0.000244678;6.7743e-08;6.67399e-09;2.81018e-07;0.997446;6.02534e-08;8.77354e-07
2.77662e-07;0.986663;0.000551188;4.30314e-06;6.61799e-06;4.09753e-07;6.14669e-08;8.18574e-08;1.19748e-09;2.02964e-06;8.05759e-07;1.12341e-06;0.0127662;4.08316e-06
2.61133e-05;0.046801;2.28702e-06;4.87207e-07;3.31706e-05;1.49751e-06;7.3021e-07;0.0264045;0.00033142;6.35679e-07;0.000620617;0.925603;5.73316e-05;0.000117571
7.73312e-06;0.993102;3.89072e-06;1.06274e-05;0.000536931;0.000194906;3.01562e-06;0.00331523;1.48389e-06;1.17482e-05;9.08466e-07;0.00012414;0.0026467;4.05635e-05
9.81424e-05;0.000329649;1.11215e-05;2.88815e-06;5.41005e-05;1.31634e-05;8.64392e-07;0.00166432;4.29677e-07;3.93282e-06;7.92594e-08;0.997068;0.00074499;8.86273e-06
1.12877e-05;0.0113304;6.67931e-07;1.57219e-06;5.0413e-08;1.89431e-05;7.77052e-07;7.95487e-06;3.79956e-05;5.87055e-08;4.83952e-06;7.12321e-07;0.988582;3.0279e-06
1.81504e-06;0.0012802;0.985227;1.07334e-06;0.000231438;7.67958e-07;9.65951e-09;6.04118e-06;4.00664e-09;6.9149e-07;5.05148e-09;0.0128175;1.00596e-07;0.000433454
4.83224e-08;0.0129036;3.95111e-10;1.53852e-09;2.85347e-11;5.06349e-11;0.987064;6.80783e-09;7.12394e-06;2.41538e-05;1.16233e-06;2.23738e-14;4.10023e-08;2.96437e-09
3.77208e-11;3.62681e-11;1;4.63385e-10;1.43856e-11;2.50844e-10;4.81863e-08;1.3319e-11;4.97846e-08;8.09958e-10;1.19581e-07;5.40105e-09;3.75401e-12;1.60965e-12
5.5143e-05;0.982326;1.20252e-07;5.78931e-06;8.35059e-08;9.11133e-09;0.000573388;0.000105986;0.000563915;1.33796e-06;0.00052767;0.00307957;0.0127614;3.91248e-08
3.40629e-05;0.444424;0.000183627;0.00119586;0.00125284;2.30728e-05;2.75636e-06;0.0561524;3.32787e-05;1.59706e-05;3.88912e-05;0.493388;0.000110206;0.00314429
2.10256e-06;0.359303;0.00039172;1.55632e-05;4.59736e-07;2.59401e-07;7.40632e-07;5.93817e-07;7.93343e-10;9.10196e-07;7.49407e-07;0.000559899;0.639723;8.10802e-07
3.74073e-05;0.0197457;4.64811e-06;8.20491e-06;4.566e-05;2.89057e-05;6.5957e-05;0.00820134;1.34631e-05;7.27126e-06;0.000410491;0.952019;0.0169922;0.00241949
5.88299e-05;0.0803848;3.80325e-07;0.00433244;0.0413494;0.57239;7.7701e-05;0.250398;0.00454684;0.000409918;0.00179032;0.000102465;0.00441764;0.0397412
0.00143236;0.95527;2.50994e-05;1.47719e-05;2.17572e-06;8.93308e-06;2.38472e-05;0.0355232;5.98919e-05;1.69275e-05;4.63216e-05;0.000603806;0.00694517;2.72829e-05
1.17139e-05;0.455199;8.98605e-06;1.4924e-05;4.22176e-07;1.7981e-06;2.18543e-07;0.000238054;1.3886e-05;1.20393e-06;2.94317e-05;0.544327;3.08429e-05;0.000122984
1.68944e-05;0.0166113;2.10916e-05;8.0415e-07;1.53893e-06;1.68463e-06;7.95674e-08;0.00133284;1.25388e-05;4.7031e-07;8.37476e-06;0.973999;0.00789805;9.53215e-05
0.000333879;0.649857;3.1231e-05;2.05389e-05;6.83703e-05;1.42442e-05;0.00146156;0.16541;0.0221285;0.000174959;0.0137002;0.00343458;0.142894;0.000470674
0.000800726;0.00308459;1.65835e-07;3.12778e-05;0.000347659;1.58507e-05;0.000467622;0.806722;0.0178072;9.04123e-06;0.00524752;0.000998857;0.164449;1.8813e-05
0.000415991;0.0150372;1.0416e-06;3.01141e-06;6.37267e-06;1.50433e-06;9.26646e-06;0.0149105;0.000693954;5.48258e-07;1.02553e-05;0.000475338;0.968389;4.58991e-05
0.000116137;0.000325647;0.000918887;0.000596002;0.012369;0.000351919;1.33586e-06;0.00114138;0.00132194;2.49033e-05;9.36576e-05;0.268195;0.000316576;0.714228
7.53359e-06;0.9978;1.68736e-05;6.54499e-07;3.67617e-07;5.74844e-08;1.78049e-06;4.72872e-08;1.22916e-08;1.67324e-06;1.44656e-07;1.19488e-05;0.0021576;1.94157e-06
2.8113e-09;5.36774e-07;3.51152e-08;5.15004e-10;2.66916e-08;1.21133e-09;1.4854e-10;1.00479e-06;7.34636e-08;7.66312e-11;2.92653e-08;0.999998;6.61905e-09;3.70596e-08
1.67525e-07;0.999333;9.21768e-11;1.96651e-08;8.09463e-07;2.48862e-07;3.619e-07;3.08435e-05;1.10929e-08;2.77901e-08;2.08836e-08;1.61709e-05;0.000611137;7.069e-06
1.93349e-06;6.44986e-05;1.50836e-06;4.97807e-07;1.11402e-06;5.18172e-07;3.02361e-08;0.00226141;2.26597e-06;1.13109e-08;4.49035e-06;0.997624;3.70423e-05;9.73896e-07
7.53428e-06;0.0116412;1.25707e-06;4.36349e-08;0.000202888;3.74868e-06;1.33977e-09;0.980976;7.4215e-08;6.00812e-09;2.73523e-08;0.000271115;0.00681626;8.01282e-05
4.21487e-06;0.0213907;0.000140555;3.54731e-06;3.53732e-05;6.08679e-05;1.07104e-06;0.752563;6.15039e-07;7.82079e-06;2.78999e-07;3.91261e-05;0.223713;0.00203979
1.59495e-12;3.72056e-11;1;1.69652e-11;3.64606e-12;3.34276e-12;1.63898e-10;1.12745e-13;1.33202e-10;3.00858e-12;2.92454e-11;2.36833e-12;8.41728e-13;4.39233e-12
1.0308e-09;5.59049e-09;0.999987;1.39454e-08;2.58494e-09;9.68821e-10;5.42696e-09;5.17673e-06;1.91398e-07;9.76811e-11;1.5022e-08;7.23939e-06;1.16931e-10;5.20445e-08
9.32839e-09;0.000470654;4.46986e-06;6.03049e-08;1.10172e-06;5.64843e-06;3.61588e-09;2.24236e-07;1.4134e-08;4.84257e-08;3.36901e-08;3.95804e-06;7.37084e-08;0.999514
5.69698e-07;0.493809;1.23191e-09;6.97364e-07;3.86186e-06;1.93494e-06;3.77398e-06;0.00517312;1.30774e-06;3.74892e-08;0.000120672;0.000252135;0.500633;1.62637e-07
2.10847e-07;0.993793;1.6583e-05;2.12495e-06;6.99975e-07;3.60004e-06;8.69747e-09;1.09971e-05;2.84638e-10;9.40945e-08;3.5836e-09;5.22356e-07;0.006146;2.57978e-05
3.13339e-05;0.0381221;0.000135944;2.57927e-06;3.41746e-05;1.60253e-06;2.45866e-06;0.111493;1.43266e-06;6.5416e-07;1.41231e-06;0.845068;0.00325192;0.0018537
8.7663e-07;0.928497;2.49626e-08;1.29902e-05;0.000202804;0.000878327;0.00026523;0.0349584;1.01434e-07;6.94147e-05;8.61771e-08;1.32818e-08;0.0316446;0.00346976
2.12792e-12;4.77843e-13;1;6.94433e-11;1.3621e-12;6.1368e-13;3.23222e-12;1.25481e-14;4.86621e-13;8.21863e-12;6.04606e-13;1.12698e-10;2.35277e-11;1.43491e-10
6.51441e-06;0.00035754;0.991012;3.16103e-05;4.4958e-06;2.17496e-06;1.08949e-05;0.00550872;1.7658e-05;3.38395e-06;3.53286e-06;0.000704792;2.71094e-05;0.00230968
1.22074e-08;5.62347e-05;5.85104e-07;1.44996e-07;7.616e-07;3.53602e-05;2.4938e-08;1.99694e-06;4.06752e-09;1.32026e-06;2.43267e-09;1.26888e-07;9.17219e-07;0.999902
7.633e-07;0.0838672;7.42437e-09;9.42346e-07;9.00267e-09;8.48618e-08;3.69544e-05;0.000107965;8.15146e-07;7.13806e-07;4.58603e-05;0.00124874;0.91469;2.61202e-08
5.77287e-08;0.999414;1.43542e-11;1.69339e-08;3.60285e-09;2.86037e-08;3.03893e-07;1.47217e-05;4.80087e-08;9.22107e-08;2.50366e-09;1.16062e-06;0.000570021;1.98251e-08
1.118e-06;0.0235112;1.86213e-09;9.78939e-05;1.08521e-06;0.000127126;9.82944e-06;1.18634e-05;8.21737e-08;0.000289894;4.73181e-08;0.00252676;0.973102;0.000321236
5.52436e-06;2.97468e-06;0.99828;0.00029541;4.68241e-05;1.50376e-07;6.04366e-07;6.85697e-08;3.43942e-09;0.0001101;7.47503e-08;0.00125553;2.28114e-06;9.3759e-07
2.71056e-08;1.40534e-05;8.84949e-12;3.20164e-08;1.00387e-11;1.4327e-11;0.999535;3.54496e-12;1.68055e-07;0.000447427;3.38085e-06;2.17495e-11;1.09962e-08;1.26308e-08
7.78064e-10;7.51289e-11;1;1.35275e-08;2.81351e-11;5.93799e-10;2.07151e-07;5.23067e-12;1.39558e-08;1.30699e-08;1.45243e-07;4.98146e-08;4.77181e-13;7.96328e-12
4.61391e-05;0.998941;9.82482e-10;4.73654e-05;1.18802e-06;3.88458e-07;0.000121136;0.000294517;5.06024e-05;8.08649e-06;0.000113634;0.000151855;0.000219331;4.33224e-06
8.43817e-07;9.61799e-05;3.71886e-08;2.28893e-06;3.01402e-05;8.63404e-08;4.16521e-09;0.999849;1.96561e-08;5.84321e-07;8.72685e-09;5.47778e-06;1.49196e-05;1.20513e-07
2.06848e-10;1.15102e-08;1;1.76504e-08;4.41002e-09;3.59786e-10;2.91333e-10;1.94159e-12;4.05199e-13;3.00903e-08;6.53912e-11;3.21923e-09;1.00401e-10;2.85384e-09
1.14748e-08;7.54923e-05;7.46592e-10;5.03028e-10;2.19953e-14;2.27741e-12;0.999863;3.46908e-11;2.51871e-08;6.09841e-05;6.26964e-07;3.59834e-16;1.05155e-08;4.07843e-10
1.06263e-13;3.17294e-14;1;1.62608e-12;3.34292e-14;1.58249e-13;1.13683e-10;3.14889e-14;5.21126e-11;5.44622e-12;3.54267e-10;1.52633e-10;7.95568e-17;1.14979e-15
