2.57789e-05;0.482482;1.8003e-08;5.42705e-07;8.20205e-07;2.26853e-05;0.000399609;0.000584194;2.77738e-08;0.000172889;8.72247e-09;1.21104e-10;0.00463736;0.511674
2.05797e-14;3.09868e-14;1;1.08561e-14;1.5176e-14;1.42785e-12;1.05222e-12;6.64428e-15;5.48187e-15;4.52811e-13;1.24224e-14;8.35069e-14;1.50219e-14;7.14976e-12
1.19334e-08;1.49466e-07;0.999998;8.97617e-09;6.02388e-09;5.20573e-08;3.71902e-07;8.53439e-07;4.59438e-07;7.76129e-10;2.10372e-07;1.13103e-08;6.32152e-08;3.08447e-10
3.7376e-10;2.70509e-08;0.999259;3.66379e-09;1.02037e-10;2.56587e-09;8.53171e-12;1.4472e-07;2.12238e-08;7.68267e-12;1.19834e-09;0.000741171;7.70199e-10;1.23623e-08
9.61394e-07;0.000574966;5.40746e-06;2.25381e-05;0.0196641;0.00497906;1.59408e-09;2.91835e-05;1.20021e-06;9.72619e-08;2.75742e-06;0.000619011;1.2815e-05;0.974088
1.77612e-06;0.00654927;1.95511e-05;1.52274e-07;9.57328e-05;2.26236e-05;3.91885e-10;0.000350131;2.28992e-08;7.89868e-09;6.36685e-08;0.976117;0.0167842;5.91483e-05
2.7906e-06;0.464294;2.08482e-06;1.34495e-05;0.0051297;0.00109519;1.51498e-07;0.10198;3.88488e-06;4.6674e-07;2.60648e-06;0.000283006;0.427007;0.00018591
1.04769e-05;0.219742;0.149469;1.09897e-05;0.0250951;0.00849802;2.18099e-09;0.111411;2.52485e-10;1.63752e-05;3.06857e-09;0.141922;0.342803;0.00102183
1.01074e-05;0.396513;7.84161e-07;0.000212564;0.000607342;0.000227956;1.78399e-06;0.0149282;2.59082e-06;1.47266e-06;0.000154001;0.308545;0.277707;0.00108826
1.72886e-06;0.359979;2.62341e-09;0.000227228;0.00528651;1.87334e-05;1.62244e-07;0.627144;6.55388e-06;3.52411e-06;1.93901e-05;0.00106803;0.00621817;2.76638e-05
6.56497e-07;0.0864276;1.61674e-10;5.00728e-06;0.00355738;4.17909e-08;1.22961e-05;0.909787;1.29964e-07;3.73455e-05;1.34367e-07;2.85849e-05;0.000141039;2.71045e-06
0.000150752;0.000109348;0.211425;0.00945442;0.00584176;0.000145362;1.46704e-05;1.70302e-06;2.50145e-06;1.96953e-05;0.00192376;0.764498;0.000151822;0.00626195
0.000481636;0.551394;1.89951e-10;1.40845e-07;9.13895e-08;1.42039e-06;5.59076e-06;0.442288;6.96469e-05;3.96062e-09;0.000757449;5.29565e-07;0.00500114;7.39956e-07
4.41804e-06;0.999413;3.18422e-08;6.5736e-09;3.0057e-10;2.86847e-10;0.000395628;0.000149362;2.49766e-07;3.61357e-06;1.57975e-07;5.87191e-09;3.30168e-05;1.06196e-07
4.37379e-09;4.16375e-10;0.999996;3.5017e-09;3.84402e-11;1.90138e-10;1.45898e-07;3.26813e-10;3.84062e-06;3.48106e-09;2.96275e-07;1.35712e-07;8.9439e-12;1.06236e-09
1.13591e-05;0.999176;7.35139e-09;1.97789e-09;3.73329e-11;1.8684e-10;2.89002e-06;1.24701e-05;8.86675e-07;1.81087e-08;1.38833e-07;2.63838e-05;0.000770427;4.82442e-11
1.28068e-11;4.33199e-07;9.9281e-10;9.45641e-10;4.36729e-09;1.61789e-09;3.33618e-13;1.74039e-08;8.5166e-10;1.12455e-12;1.54128e-10;1;6.60091e-09;2.19362e-09
2.92035e-07;0.963625;5.47695e-09;8.35711e-08;8.05176e-08;9.45059e-08;2.42679e-08;1.14705e-05;3.06193e-09;5.49975e-09;5.65445e-08;3.95202e-07;0.0363585;3.63187e-06
6.67142e-06;0.298642;4.41323e-05;1.28845e-05;0.000311725;0.000624835;1.34824e-06;0.01201;6.42676e-07;2.93218e-06;1.90465e-06;0.645434;0.00603005;0.0368773
1.57231e-05;0.740821;1.2703e-05;0.00142495;0.00527662;0.0145626;2.62154e-05;0.0284411;0.00018853;4.89781e-05;9.62333e-05;0.0238302;0.0854354;0.0998204
1.63029e-06;0.994722;6.07876e-09;3.43374e-07;5.4769e-08;5.35472e-07;1.2215e-05;0.000288152;1.01808e-08;7.80322e-07;1.62667e-07;4.49857e-09;0.0048692;0.000105177
1.44669e-09;5.34348e-09;1;2.29022e-09;4.18177e-12;6.16251e-11;2.74412e-09;2.85186e-10;4.95863e-09;1.35325e-10;6.78788e-09;1.06644e-07;4.56431e-10;3.4452e-11
1.37274e-07;0.000162554;0.000110248;9.84558e-07;1.76433e-08;6.22079e-08;1.19197e-08;1.43894e-05;1.69148e-06;1.5495e-09;1.16608e-05;0.999676;1.1935e-05;1.04101e-05
3.51864e-07;0.990809;1.7161e-08;1.08079e-06;1.76685e-06;2.25197e-06;7.83756e-08;4.38583e-05;1.26665e-07;4.82978e-07;9.066e-07;1.31034e-07;0.00912208;1.82263e-05
7.37048e-08;0.0261405;4.36342e-08;3.8852e-07;3.49381e-05;8.78795e-06;6.31848e-10;0.000214378;1.05566e-10;1.03927e-07;1.66671e-08;0.973157;0.000247719;0.000196098
6.45213e-06;0.530527;6.5879e-08;0.000189472;8.8509e-06;0.000266807;1.25672e-05;0.00564004;4.05402e-05;1.68774e-06;0.000172923;2.66131e-06;0.463066;6.54671e-05
8.33965e-08;0.999901;3.78858e-07;7.11686e-08;7.6309e-08;1.33942e-07;7.61944e-13;8.19732e-05;1.4773e-12;1.17313e-09;2.26179e-12;6.72919e-08;1.5554e-05;1.7738e-07
2.06799e-05;0.550439;1.02844e-08;4.80122e-05;6.55003e-06;4.69846e-05;0.0479121;9.62247e-05;1.48135e-08;0.121301;9.71533e-08;6.39544e-10;0.0323143;0.247815
1.24761e-14;6.48047e-17;1;1.88917e-14;1.60203e-14;1.36066e-13;7.78842e-12;5.98242e-15;2.44888e-14;7.48792e-13;4.97639e-14;5.6506e-15;1.50138e-16;1.43249e-13
1.68318e-09;1.37636e-07;1;6.42756e-09;1.25625e-08;3.27671e-09;1.29778e-07;4.37903e-08;2.72152e-08;2.8451e-09;6.85297e-09;3.14262e-10;1.55533e-07;1.86203e-09
2.21619e-10;7.17515e-08;0.9988;1.76728e-09;5.32968e-10;2.59434e-11;3.61553e-11;4.96241e-07;6.57497e-10;1.94894e-11;6.91968e-11;0.00119988;2.49858e-11;9.52989e-08
3.43731e-09;1.70964e-05;1.77869e-07;1.0101e-07;0.000259953;3.46217e-06;8.26471e-11;0.000558478;5.60593e-10;3.12711e-09;3.21395e-10;2.4023e-07;1.22734e-09;0.99916
2.66985e-06;0.105442;0.0190882;2.41272e-05;8.99298e-05;7.38416e-05;9.49331e-08;6.36987e-06;2.74721e-09;5.04395e-07;5.34588e-07;0.87164;0.00328758;0.000343679
5.50185e-05;0.0131986;0.000289894;1.24767e-06;5.27722e-05;0.000152072;6.15859e-08;0.969855;1.37378e-06;6.65141e-09;2.19969e-06;2.33925e-05;0.0163566;1.12073e-05
1.36766e-09;0.999979;3.51839e-12;5.40864e-10;4.50552e-09;6.60972e-09;4.93501e-08;3.02372e-08;6.35429e-12;1.74155e-07;7.41616e-12;1.39047e-10;1.52023e-06;1.96823e-05
2.82176e-12;1.31756e-13;1;1.40912e-11;1.99912e-11;5.63578e-12;2.86145e-12;1.86369e-13;3.87011e-13;1.48694e-12;1.59582e-12;5.76437e-09;3.74838e-12;3.6162e-13
5.60943e-05;0.00324812;8.7388e-08;7.81762e-05;0.00136372;2.1141e-05;5.39677e-05;0.893017;0.0195155;2.4323e-06;0.00959489;0.0161921;0.0568538;2.43051e-06
4.12034e-06;0.813644;1.25121e-06;5.58822e-06;0.00145906;0.000328964;9.42899e-06;0.127483;3.03345e-05;2.52276e-05;3.10653e-06;3.39131e-08;0.0569375;6.86307e-05
4.1253e-11;7.6531e-12;1;5.81884e-11;3.35947e-10;3.54809e-12;2.41564e-12;2.53406e-12;2.59008e-12;1.29804e-11;1.07735e-12;2.34777e-07;1.15519e-12;6.21212e-09
2.00475e-05;0.015792;0.982611;3.94625e-06;1.8343e-07;9.95367e-07;1.94371e-06;0.000416485;3.43832e-05;1.99651e-08;6.64542e-07;0.000838624;0.000269128;1.02996e-05
1.27962e-05;0.858453;4.62402e-05;3.28908e-06;0.00202817;0.000329167;2.01412e-08;0.0229313;0.000174066;3.20799e-08;6.09967e-05;0.00660132;0.0226084;0.0867517
3.6242e-07;0.983926;8.75297e-10;9.02459e-09;4.9331e-07;9.76836e-09;1.17809e-06;1.58543e-06;7.6855e-11;7.72362e-07;6.83147e-10;1.10886e-07;1.49257e-05;0.0160547
1.42995e-11;5.043e-11;1;9.88164e-12;3.77375e-11;1.49895e-11;3.82836e-12;1.16503e-11;1.19844e-12;1.05746e-11;1.96546e-13;3.45907e-07;8.70305e-11;1.62485e-12
8.01873e-05;0.29534;2.12928e-06;0.0087823;0.000212193;0.00180893;0.00243706;0.111388;0.146927;0.000419911;0.0788287;0.000119773;0.353598;5.55533e-05
5.68586e-06;0.952645;0.0418452;0.00106727;0.000297669;0.00125565;2.43202e-07;0.000892898;6.01271e-08;1.65053e-05;4.37638e-07;0.0005391;0.00086623;0.000568047
4.46615e-05;0.0840475;5.086e-07;0.000389327;0.000117499;5.52773e-05;0.000399609;0.0155914;5.55961e-06;4.2777e-05;0.000229451;5.23908e-05;0.898389;0.000634756
0.000112835;0.0279496;3.2266e-07;0.338559;0.0419853;0.199972;1.79876e-05;0.00473353;0.000274509;0.0012941;0.0108077;0.0140261;0.00834293;0.351924
0.00140105;0.00545315;6.86208e-07;3.42546e-06;2.76275e-05;2.32115e-08;2.89958e-05;0.992421;0.000143181;4.61568e-06;0.000480776;1.04859e-06;3.24335e-05;2.39502e-06
4.35985e-06;3.45422e-05;0.997628;8.92771e-06;3.38266e-05;4.40714e-07;6.88372e-06;1.32565e-07;5.85513e-07;7.26855e-06;4.66552e-06;0.00226471;4.46031e-07;4.69269e-06
0.00615091;0.776537;6.88207e-06;4.72006e-06;1.42682e-05;3.59953e-07;0.000448192;0.00232161;0.00576124;1.938e-06;0.0151565;0.000520196;0.193068;7.96294e-06
0.000471447;0.933878;1.85037e-08;6.71201e-07;9.2596e-05;3.39207e-07;4.19346e-07;0.0480507;0.000120016;4.40816e-07;3.10807e-06;0.0158714;6.88444e-05;0.00144169
0.00425281;0.0187036;6.20477e-10;7.06099e-06;0.000215668;5.01106e-07;0.000100407;0.148609;0.824697;1.11481e-06;0.00241881;8.97486e-06;0.000959667;2.5838e-05
0.00168182;0.0889519;0.000211695;0.000246386;0.000149215;1.76536e-06;1.54595e-07;4.75655e-06;3.48246e-05;6.32349e-07;3.89866e-05;0.0176831;0.890995;1.40526e-07
0.00488536;0.64861;1.86137e-05;5.66471e-05;7.0979e-05;5.85449e-08;9.61983e-08;0.000120716;0.00156395;1.10953e-07;5.31205e-05;0.341446;0.000258341;0.00291554
2.63966e-05;0.0353248;2.90811e-08;8.61155e-06;0.724701;0.000195459;7.20388e-07;0.219522;0.000150013;6.20224e-06;1.0064e-06;0.00251448;0.0170307;0.000519319
4.91461e-07;2.54013e-08;2.54872e-08;7.68357e-09;5.77991e-10;6.24152e-07;3.68889e-08;1.07546e-08;3.75128e-05;2.44623e-09;2.00789e-07;1.54718e-09;0.999961;1.25337e-10
6.67746e-08;2.54885e-07;0.999999;5.75517e-09;5.21583e-09;5.63218e-10;8.04493e-12;1.53051e-07;6.75691e-10;3.37531e-09;4.2233e-12;4.39988e-07;1.96742e-10;4.44099e-10
3.29595e-07;0.999231;3.92833e-08;2.10854e-06;1.4029e-08;2.52018e-07;5.58307e-07;0.000262933;0.000219742;9.95334e-08;1.99336e-05;3.76679e-08;0.000262718;4.89526e-07
