3.63373e-06;0.988685;4.783e-08;2.57174e-05;4.03956e-05;1.81572e-05;1.5118e-06;0.0064912;0.00010641;8.45819e-07;4.17307e-05;0.000531581;0.00379108;0.000263255
1.67003e-05;0.0459862;1.28637e-06;2.75774e-06;8.41739e-06;1.02516e-05;1.24472e-07;0.00788942;7.4168e-07;1.65556e-06;3.2699e-07;0.945017;0.00105107;1.39983e-05
8.63056e-07;0.0129364;1.28639e-09;2.12155e-05;9.68616e-07;4.35377e-05;6.17073e-08;1.53172e-05;0.000100443;2.4347e-07;3.53482e-05;0.0012399;0.9856;5.90269e-06
3.59658e-05;0.999323;7.38747e-07;1.17831e-06;1.64545e-08;6.30694e-08;1.59355e-06;1.13963e-06;1.55943e-06;1.83137e-06;3.13617e-07;2.54534e-05;0.000595696;1.17601e-05
1.511e-05;0.000721074;7.18309e-07;3.46504e-06;0.000562563;0.000237469;1.42758e-07;0.00078243;1.43524e-06;3.25939e-06;1.63853e-08;0.0134039;0.000128408;0.98414
8.38431e-06;0.04471;3.59311e-06;2.1805e-06;9.88445e-07;2.53623e-05;7.23329e-07;0.000390771;7.12532e-06;5.2125e-08;1.08846e-06;0.795814;0.159033;2.4382e-06
1.01778e-06;0.783375;1.70385e-09;1.67727e-05;3.72784e-05;1.97221e-05;0.00865387;0.000448999;3.71267e-06;0.00256706;4.11249e-07;1.75311e-09;2.45557e-06;0.204874
7.72094e-11;9.49016e-12;1;3.85476e-10;3.94162e-11;9.58367e-12;1.42853e-10;4.45e-12;4.58225e-10;3.64142e-11;1.74493e-09;3.70107e-09;2.23104e-12;3.0387e-12
6.8514e-07;0.999608;3.9112e-09;5.24981e-08;2.3137e-07;2.0984e-09;1.99338e-06;0.000377336;1.19714e-06;1.44486e-07;3.13241e-07;2.04422e-06;7.4195e-06;1.12434e-08
1.78643e-06;0.0354176;0.0119268;4.52823e-06;0.00165557;4.81831e-05;2.25862e-08;7.07715e-05;6.69165e-10;1.66954e-05;1.86294e-08;0.942239;3.00726e-05;0.0085889
1.62614e-06;0.996574;2.1089e-09;2.36002e-08;1.7791e-07;1.58456e-07;2.73773e-06;0.00233049;1.96854e-07;1.87905e-08;4.27653e-07;0.000596457;9.70601e-05;0.000396984
3.09742e-06;0.00117058;1.71361e-06;2.05928e-06;0.000109648;1.42539e-06;1.20245e-06;0.0012592;5.5788e-06;1.51003e-07;3.09648e-06;0.00731074;0.99013;1.54483e-06
1.20511e-05;0.0155468;3.73539e-05;2.31852e-07;9.52401e-06;5.44269e-06;3.0628e-07;0.00265727;2.93091e-07;7.77951e-06;7.70017e-09;0.000199455;0.981514;9.35459e-06
1.05165e-09;5.06834e-10;1;2.99907e-10;1.58105e-10;2.21952e-10;5.98564e-10;3.46976e-10;1.13872e-09;2.38608e-10;1.21385e-10;1.36887e-08;1.6219e-10;6.91897e-12
3.52421e-07;0.00209256;0.00789059;8.90984e-07;9.84196e-08;4.50931e-07;2.30433e-08;0.000545381;3.01774e-06;8.37448e-08;3.4579e-07;0.989384;2.23212e-06;8.03684e-05
1.22087e-06;0.97935;0.000177549;1.04553e-05;0.000185054;0.000417363;1.92928e-06;0.000128942;3.56806e-06;0.000104579;6.3607e-06;9.6157e-05;0.0193206;0.000196002
1.00461e-07;0.000216153;0.0204946;2.1879e-07;1.29854e-05;2.64847e-07;3.19111e-09;8.64891e-05;2.17236e-09;6.72856e-08;7.35627e-09;0.979173;3.48103e-08;1.64026e-05
6.05279e-06;0.936086;1.46968e-10;6.98674e-07;2.43134e-05;1.99197e-05;1.33745e-05;0.0299474;7.41125e-05;1.6052e-07;5.09891e-06;2.71911e-07;0.033822;5.50814e-07
2.15294e-06;0.996916;9.93958e-05;7.33562e-07;1.16765e-05;1.57941e-07;1.46513e-10;0.00239368;5.45417e-09;1.23366e-09;3.37771e-09;0.000515778;6.49866e-06;5.37347e-05
3.44151e-08;0.99973;1.88481e-10;2.49506e-08;2.32047e-07;6.18513e-08;2.36359e-07;5.03483e-06;1.33469e-10;8.94965e-07;1.31044e-10;7.02917e-10;1.28556e-05;0.000250494
1.50966e-12;1.55315e-11;0.999998;5.10386e-12;8.60631e-12;1.27039e-11;1.01307e-12;1.04147e-13;1.03749e-13;1.43784e-12;4.0356e-13;1.75501e-06;5.22028e-15;1.0231e-10
7.14307e-07;0.992682;2.27488e-08;2.44622e-06;2.33884e-06;6.0409e-06;1.35545e-05;0.00144343;4.97662e-06;4.08529e-08;2.44621e-05;1.16124e-05;0.00580433;3.94373e-06
1.79312e-06;0.0335601;4.91822e-05;1.18579e-06;9.29679e-05;6.57822e-05;1.62801e-08;0.028428;1.90867e-07;9.00124e-08;2.82796e-07;0.924447;0.0132685;8.51839e-05
3.03769e-07;0.00833916;1.3694e-08;4.50458e-05;0.000147104;0.00110603;3.45752e-08;0.00225661;4.67518e-06;1.6257e-07;1.90197e-05;3.51914e-05;0.9876;0.000446607
0.00154363;0.157696;1.14596e-05;0.00163224;0.00133876;0.000127206;1.55038e-05;0.709096;0.0343134;1.19256e-05;0.082333;0.00312108;0.00792715;0.000833258
8.77374e-05;0.940336;1.67241e-08;5.11435e-07;2.68311e-06;2.38237e-06;1.58554e-06;0.0493138;2.81843e-06;9.33825e-06;2.59484e-07;4.95871e-05;0.0101872;5.75337e-06
5.19092e-06;0.00273645;0.000134425;0.000126793;0.000541288;0.00129856;5.62901e-06;0.000146217;0.000106604;4.35904e-06;0.000333572;0.990959;0.00350362;9.80609e-05
0.000681875;0.00714383;1.21343e-08;0.0117447;0.00508637;0.000213099;1.87897e-05;0.0284362;0.161138;0.000150394;0.11747;0.00245044;0.664585;0.0008821
7.95578e-05;0.000177351;0.999585;1.32897e-05;0.000130626;1.96469e-10;2.00304e-08;4.75558e-06;6.62952e-08;2.61159e-07;1.83691e-07;4.11653e-07;4.27688e-08;8.24148e-06
2.82994e-05;0.000105503;6.23785e-09;6.4861e-08;6.04145e-06;1.28285e-08;5.9638e-07;0.999558;0.000286519;3.03785e-07;3.25512e-06;3.99498e-10;1.11615e-05;6.40542e-09
1.30303e-08;5.09235e-08;0.999969;1.88626e-08;6.52271e-06;3.08604e-07;5.59449e-11;2.26695e-08;6.99319e-11;2.73678e-07;7.32789e-11;2.12757e-05;4.97185e-09;2.88613e-06
8.71615e-05;0.961473;1.26838e-05;9.39256e-05;2.16391e-05;7.76418e-06;5.00937e-05;0.0142287;0.0157817;3.24483e-06;0.00412295;0.00109112;0.000514242;0.00251215
