2.99519e-07;0.998853;2.59666e-10;2.56978e-08;2.48548e-08;5.97131e-08;9.90829e-08;0.000912229;8.51485e-08;4.12596e-07;1.37616e-08;9.3929e-10;0.000233829;4.03345e-08
2.80189e-12;2.04417e-13;1;4.69206e-11;1.87441e-10;3.92031e-11;1.66757e-13;3.89134e-13;1.83967e-13;3.28967e-12;5.46727e-13;1.49839e-07;6.30283e-14;7.37517e-09
2.06254e-06;0.997447;7.89386e-06;1.085e-06;1.23628e-05;4.63434e-07;6.52463e-07;0.000941151;2.20249e-07;1.02799e-08;2.12577e-08;0.000186867;0.000893266;0.000506508
6.08834e-05;0.613216;1.97476e-05;7.55497e-06;1.12476e-05;1.55519e-06;1.37088e-05;0.22894;0.000422027;1.12495e-07;0.000477966;0.134348;0.0222572;0.000224713
5.75523e-05;0.00126604;7.32973e-07;1.45485e-07;1.68644e-05;1.62639e-06;1.18219e-06;0.998463;1.3176e-06;6.13444e-07;1.24805e-07;3.37149e-05;8.60037e-05;7.153e-05
2.31908e-07;1.03638e-05;1.87758e-05;7.27553e-05;0.222218;0.0007759;1.48919e-09;0.000205888;6.27488e-06;2.36843e-07;4.29837e-06;0.764425;1.41388e-05;0.0122483
2.11244e-05;0.932377;0.0637967;1.50029e-05;5.08545e-06;4.50131e-07;2.39471e-08;1.58115e-06;3.40504e-09;5.06749e-07;6.40803e-07;0.000186306;3.4422e-05;0.00356153
4.16962e-05;0.705014;1.67183e-05;1.06787e-07;9.45174e-08;7.79988e-08;5.20873e-06;6.23591e-05;1.22372e-06;4.49479e-08;6.36289e-06;0.284739;0.0101108;2.34701e-06
1.1923e-07;0.0328957;2.63975e-07;2.76466e-07;1.45575e-07;1.9491e-05;1.23984e-07;4.24792e-05;2.26899e-06;5.19252e-09;1.5588e-05;0.0259467;0.941074;3.04583e-06
2.77429e-06;0.0015865;0.994058;7.09077e-05;2.23453e-05;9.65422e-05;3.97928e-07;1.96194e-05;1.48116e-06;2.16476e-06;7.78077e-06;0.00154422;0.00196531;0.000622058
3.00908e-07;6.71711e-05;3.80944e-08;8.84478e-07;7.59913e-07;1.38691e-05;1.0145e-06;5.02675e-06;5.35487e-05;1.41644e-09;0.000700638;5.54497e-05;0.999101;3.20376e-07
1.43079e-08;0.000902426;5.52718e-08;1.10152e-08;1.74364e-05;2.27143e-06;2.45478e-08;0.997984;3.82045e-08;7.73894e-08;1.21411e-07;4.22565e-10;0.00109309;1.64233e-08
1.12873e-12;2.94014e-13;1;1.14949e-12;2.66487e-12;2.93873e-13;2.16136e-12;7.27118e-15;1.83897e-11;7.18731e-13;1.06872e-10;1.39e-08;9.79861e-13;3.40181e-13
3.42595e-09;7.65943e-07;0.999844;1.58109e-09;3.36069e-09;2.89398e-09;2.9636e-10;9.02391e-07;7.55287e-10;5.7618e-11;5.60488e-09;0.000154659;2.42868e-08;2.84493e-09
1.04067e-05;0.0030037;4.3047e-07;1.44041e-05;0.0675576;0.0619689;3.3936e-06;0.000135727;6.4298e-05;1.28088e-05;3.02529e-05;3.67934e-06;0.000643279;0.866551
3.11486e-06;2.04596e-05;1.76557e-06;4.63995e-07;0.000164636;1.00562e-06;1.40519e-08;3.97198e-05;1.95696e-05;1.10066e-08;3.8128e-06;0.999721;2.3582e-05;1.19214e-06
0.000248908;0.324687;6.31981e-05;3.61937e-08;8.79016e-05;7.44871e-08;4.11007e-09;0.674102;1.55583e-06;2.81615e-08;1.2051e-09;9.09396e-07;0.000808021;1.6741e-08
1.0506e-07;7.02652e-05;1.64868e-10;4.02121e-07;4.07722e-07;3.16382e-07;2.50413e-10;0.999893;1.73748e-06;6.26906e-09;1.45967e-07;5.21119e-06;2.7708e-05;4.06546e-07
2.12974e-07;0.00191319;1.49088e-10;4.15741e-09;3.21104e-08;9.85375e-09;4.6646e-11;0.998018;8.24039e-10;2.49622e-08;7.81618e-11;2.54305e-09;6.82022e-05;9.83758e-08
7.00709e-09;0.000464132;8.01718e-07;7.78559e-08;3.83524e-06;1.37414e-06;4.89857e-10;6.99396e-05;8.65493e-09;1.14375e-08;1.87751e-08;0.999077;7.49247e-07;0.000382051
5.4859e-07;0.989034;8.05945e-12;3.60179e-07;1.72765e-06;8.83846e-08;5.90512e-06;0.000583017;8.70356e-07;2.27895e-07;9.81856e-06;6.7323e-07;0.010362;4.42966e-07
6.60626e-05;7.3964e-06;5.69999e-11;3.60649e-08;0.000350268;2.30747e-07;1.9294e-07;0.999334;4.43257e-06;3.35976e-07;3.991e-08;2.49442e-05;0.000210469;1.4659e-06
0.000392177;0.0259178;3.253e-05;2.64053e-05;0.00388599;6.82895e-06;1.09804e-06;0.00406993;0.00129769;9.78001e-07;5.1813e-06;0.956336;3.00055e-06;0.00802424
0.000153183;0.0589929;3.51791e-08;8.6783e-07;1.39907e-06;3.1262e-07;5.90023e-05;0.0809784;0.000221577;1.21956e-06;6.24951e-06;1.00429e-05;0.859569;6.1608e-06
1.16781e-06;0.0221269;3.69507e-08;5.47608e-05;0.000149898;8.79483e-06;1.63956e-07;0.00039776;0.000317076;1.81408e-06;5.40731e-06;0.964014;4.36203e-05;0.0128791
0.000728012;0.495238;2.24826e-07;4.2056e-06;9.51083e-06;1.39729e-06;6.4861e-06;0.0564737;0.0003791;4.66395e-07;5.15042e-05;0.00922288;0.437882;1.95292e-06
5.81165e-06;0.885482;1.93095e-07;3.34957e-06;1.3387e-06;2.77583e-05;2.17469e-08;2.50353e-05;3.40337e-07;2.13082e-07;5.82236e-08;0.0460812;0.0100298;0.0583424
2.20615e-07;0.000441665;2.25784e-06;1.51991e-07;8.69354e-06;1.04006e-07;5.99236e-10;0.993842;1.04818e-09;1.53393e-08;5.48605e-09;0.00569952;5.75392e-06;2.04639e-08
5.3598e-07;0.100925;0.00255945;3.51522e-05;7.47338e-06;1.66666e-05;0.0162713;7.53525e-09;7.5575e-10;0.865899;2.5781e-08;2.36476e-10;2.40001e-08;0.0142861
1.19746e-11;1.57007e-13;1;7.8698e-11;1.63726e-13;6.2094e-12;1.36841e-10;2.12277e-14;1.00021e-10;1.26957e-11;1.17831e-09;1.26733e-08;1.06278e-13;1.13023e-14
