2.96797e-05;0.995699;3.92587e-07;7.69714e-08;4.21428e-05;3.26114e-07;1.91816e-07;0.00258753;5.93464e-07;8.35575e-08;1.67115e-07;3.9215e-05;0.00151659;8.36287e-05
1.79374e-06;0.0394891;2.36595e-10;3.80409e-06;3.73641e-05;9.00034e-07;0.000150519;0.002121;1.87094e-06;0.000128072;2.69205e-07;2.65613e-10;1.59458e-06;0.958064
2.55355e-10;2.97957e-11;1;1.20949e-10;1.41297e-12;1.1122e-12;9.12704e-12;1.28352e-12;2.46498e-09;1.56526e-12;1.04975e-08;1.08021e-07;3.76641e-12;3.37792e-13
0.000451002;0.200526;6.71371e-09;6.9647e-05;3.44345e-05;7.08059e-05;0.000240098;0.0137479;0.230775;8.33942e-06;0.0464289;0.000276186;0.486735;0.0206361
2.73095e-05;0.939269;0.000620294;6.18149e-07;9.22014e-07;1.22904e-07;5.31534e-06;0.00589476;5.0903e-06;2.8916e-07;4.53358e-05;0.00518159;0.0489434;5.75404e-06
1.26788e-06;0.136461;5.74969e-05;1.00701e-05;0.000425037;0.000198876;2.91766e-06;0.00189574;8.41829e-08;1.3336e-05;7.83596e-08;0.858484;0.000671646;0.00177812
0.000470133;0.00962927;3.24786e-05;0.00162033;0.00104492;0.00391287;0.000432417;0.202707;0.634863;3.34662e-05;0.00874985;7.21231e-05;0.129989;0.00644393
0.000741908;0.651589;3.54091e-06;5.1722e-05;1.67688e-05;2.91021e-06;1.47929e-06;0.292177;0.0100926;1.77486e-05;4.39329e-05;0.00149544;0.0430366;0.000729478
9.3592e-07;0.212144;1.67988e-05;1.67867e-07;4.07692e-06;2.38452e-08;2.7363e-09;0.00122436;5.23812e-07;1.6764e-07;3.47584e-09;0.785566;3.05891e-06;0.0010396
0.000679777;0.0440108;0.000263039;0.000184755;0.00823812;1.58417e-05;0.000104955;0.0546088;0.00415414;3.17195e-05;0.000968384;0.336394;0.549898;0.000447412
4.70737e-08;0.999921;2.01274e-10;2.20399e-09;4.49813e-11;1.18368e-11;2.02875e-07;5.53563e-07;1.76049e-09;1.16748e-07;6.75841e-10;5.35496e-08;1.23049e-06;7.67126e-05
0.000598498;0.141591;0.000348667;0.00845615;0.00023846;0.00110809;0.625735;0.0156103;0.0853947;0.000578776;0.0869254;0.00276558;0.0269223;0.00372646
0.00011833;0.970549;1.8108e-07;1.09024e-05;1.58795e-05;0.000152682;3.01376e-05;0.010325;1.7173e-06;6.57089e-06;4.18386e-07;0.00056544;0.00663293;0.0115905
4.81397e-07;8.53575e-06;2.14086e-09;6.0444e-08;3.74252e-08;3.06411e-08;2.51425e-08;0.00124982;3.63857e-07;2.58108e-09;9.60755e-07;2.42286e-06;0.998737;6.96878e-09
1.46825e-05;0.0014972;9.97738e-06;5.06874e-07;1.96889e-06;2.49359e-06;1.5029e-06;0.00373809;9.27413e-06;2.24301e-06;2.1175e-06;0.000247074;0.994467;5.44942e-06
3.34063e-11;1.24155e-08;1;6.44112e-10;1.1846e-11;6.58727e-11;1.1125e-10;7.66055e-12;2.88419e-10;1.95799e-10;3.88543e-10;4.93963e-09;3.26775e-10;2.46522e-11
3.42479e-08;3.44578e-05;2.16164e-05;1.42055e-06;3.44267e-08;7.724e-08;4.99998e-09;0.000301174;3.97045e-06;6.01185e-09;1.21851e-06;0.999629;3.12159e-06;3.68054e-06
3.88809e-07;0.998511;7.80965e-07;2.26684e-07;1.14945e-07;1.02698e-05;6.7231e-08;6.08396e-07;6.18412e-09;1.62587e-07;1.51511e-07;0.000123356;0.00130295;5.041e-05
2.14741e-09;0.00060408;8.47319e-10;1.04236e-08;3.48993e-07;5.61379e-05;2.49129e-10;4.65857e-07;1.56146e-08;6.07783e-10;2.18488e-07;0.998876;0.00022097;0.000242253
1.7043e-07;0.986035;2.55541e-06;2.28201e-07;1.14008e-05;0.000286486;6.20096e-07;3.98068e-08;6.62175e-10;1.19932e-06;9.18828e-11;7.83948e-09;0.00801765;0.00564487
1.52211e-12;2.0145e-11;1;1.29743e-12;1.60366e-11;2.00707e-12;2.9229e-13;7.35347e-12;3.52069e-14;9.41933e-13;3.03333e-13;4.83981e-09;2.32422e-11;3.2064e-15
9.03318e-06;0.0961752;1.15834e-06;2.85757e-05;0.00037112;0.000359001;9.41398e-07;0.242541;0.000871774;1.04728e-05;0.000528219;4.05044e-05;0.659063;1.00635e-06
