2.42966e-05;0.953818;1.40826e-08;0.000217611;2.55028e-05;7.77116e-05;2.22967e-07;0.0399472;0.000200476;4.50492e-06;3.05413e-05;0.000428074;0.00448544;0.000740158
4.25671e-06;0.00772754;9.93648e-05;3.53011e-06;3.39409e-07;5.61242e-08;4.44849e-10;5.59089e-07;8.788e-09;1.33574e-07;4.79763e-08;0.992162;1.67316e-06;9.32566e-07
2.53368e-05;0.999037;1.93396e-08;1.43394e-08;1.99748e-08;6.11856e-10;1.56549e-06;1.52887e-06;2.96063e-07;1.31547e-08;1.152e-06;0.000758819;0.00017427;7.07896e-09
0.000140689;0.804114;6.93025e-06;0.000149597;0.000734764;0.000103634;5.89153e-05;0.116292;0.00141403;4.9082e-05;9.71126e-06;0.00405583;0.00240853;0.0704627
9.35634e-05;0.438143;6.60047e-07;1.02437e-05;0.000495161;0.00479895;9.37577e-07;0.026895;8.02973e-05;9.34155e-08;8.55156e-06;0.502312;0.0249614;0.0021999
4.29266e-06;0.982899;1.03178e-08;1.53524e-07;1.18397e-07;7.41068e-08;0.000251803;0.000641379;3.77336e-07;1.49937e-05;2.11975e-08;2.86644e-09;3.72538e-06;0.0161843
1.99451e-11;4.41197e-11;1;5.48391e-10;2.20416e-11;9.45895e-11;2.33903e-11;1.29295e-11;1.72699e-10;8.73068e-12;3.36883e-10;1.83129e-07;4.30806e-13;1.42093e-10
5.92276e-07;0.99578;4.92015e-07;5.34053e-09;9.35369e-10;3.01641e-09;1.61058e-07;2.69607e-06;9.41629e-09;3.43703e-09;2.18838e-08;8.05634e-05;0.00413578;2.08146e-09
2.55971e-07;0.00754042;1.56189e-05;8.28e-06;5.75308e-05;0.00148993;6.36163e-08;0.00789562;1.80381e-06;8.73769e-07;6.09079e-07;0.97465;0.000652026;0.00768715
6.92787e-08;0.794507;2.08317e-08;3.52687e-07;5.34103e-07;1.26213e-06;1.35862e-09;0.108183;8.89967e-08;1.66729e-09;8.52376e-07;0.0967439;0.00056356;1.199e-08
8.82969e-06;0.102911;2.85304e-10;1.35084e-05;0.000126074;3.65972e-05;4.90509e-07;0.000120397;1.1418e-06;6.47398e-07;5.83886e-06;0.122416;0.282934;0.491426
0.000995785;0.167197;0.000921928;6.90964e-05;0.00236204;3.20233e-05;3.31855e-05;0.474527;0.00011575;6.7022e-06;1.08018e-05;0.340277;0.0122581;0.00119274
3.36629e-05;0.982588;8.22141e-06;4.03401e-06;2.92161e-06;1.11684e-07;7.01954e-07;0.000385442;1.36863e-05;1.75815e-08;6.17182e-08;0.00152153;0.0154334;8.14052e-06
5.20838e-06;0.0202006;4.65328e-09;7.03804e-08;6.53652e-07;2.26829e-07;1.13335e-08;0.977449;5.68416e-08;3.69092e-08;3.23406e-10;9.81928e-08;0.00232312;2.05636e-05
3.75766e-06;0.0108892;2.09017e-06;3.45761e-07;2.02476e-08;3.61726e-07;1.65912e-07;0.00274807;9.31907e-07;3.91213e-08;4.49816e-07;0.00437589;0.98197;8.22378e-06
1.38013e-06;0.953311;0.0425114;8.87637e-07;2.81307e-08;3.57015e-09;0.00411648;2.63737e-07;3.63542e-07;3.10025e-05;1.63711e-07;5.20062e-06;2.11404e-05;1.2015e-06
7.13971e-12;2.49233e-11;1;9.22153e-11;1.37985e-12;9.29942e-13;6.93791e-10;8.22495e-13;3.11641e-10;8.46896e-11;5.92195e-10;1.02258e-08;5.83884e-13;4.43534e-12
5.05635e-05;0.249082;0.457073;0.000119396;2.99704e-05;7.54766e-05;0.000345336;0.0576373;0.00011686;0.00177049;1.38789e-05;0.00285453;1.27309e-06;0.23083
1.70111e-10;3.46118e-07;1;1.4551e-10;1.46741e-10;4.14802e-09;8.12029e-11;1.4186e-11;1.43533e-09;1.76838e-10;4.82591e-09;3.30335e-09;7.37058e-10;1.39233e-08
1.60286e-08;0.0023694;1.69238e-10;7.04155e-09;5.79951e-07;7.94782e-07;1.94053e-10;5.9089e-07;5.11644e-08;1.6592e-09;8.94136e-08;0.000268695;0.000113248;0.997247
1.8553e-08;0.998262;1.64763e-07;3.81671e-09;1.83204e-07;2.43223e-07;6.00842e-10;0.000947376;6.17524e-11;8.44891e-10;2.72828e-10;3.56739e-05;0.000314984;0.000439301
4.77617e-08;0.112347;6.50122e-07;2.74525e-07;0.0011737;0.00339622;1.04299e-10;4.18053e-05;5.47947e-10;3.2726e-10;1.46521e-09;0.845972;0.0143424;0.0227258
1.3144e-08;0.998488;5.00454e-11;2.2353e-10;2.4306e-09;3.2355e-09;1.04039e-07;1.12994e-05;1.39288e-11;6.79276e-09;7.8096e-12;1.96646e-11;2.49635e-05;0.00147592
1.0388e-13;4.65182e-13;1;3.4431e-13;1.08178e-13;2.33574e-12;1.17602e-12;9.29201e-12;1.31605e-13;4.25609e-13;5.12593e-13;8.01857e-11;1.70931e-13;1.12559e-13
1.68401e-07;0.000614935;1.12862e-07;7.51675e-06;1.03561e-07;1.83081e-06;7.91668e-07;0.00147654;3.43049e-05;3.98415e-07;0.000379133;0.000455662;0.997028;3.68187e-07
1.41991e-06;0.00272907;5.06748e-08;3.49188e-08;4.37219e-07;1.30804e-08;3.00855e-08;0.99694;3.05205e-08;2.55085e-07;8.59144e-08;5.6187e-05;0.000271863;2.08752e-07
2.09034e-08;0.00359186;6.14342e-06;4.38252e-06;2.8294e-05;5.8957e-07;6.39001e-07;0.000924998;2.65271e-07;1.21309e-07;8.64127e-06;0.995365;2.96205e-05;3.89344e-05
6.74726e-06;0.92652;0.00222373;0.000562379;2.69938e-06;5.24204e-06;4.61688e-05;0.0700738;2.71807e-06;3.74324e-05;2.08036e-05;5.29234e-05;0.000341305;0.000104129
0.000103596;0.244521;2.54967e-07;3.01817e-06;0.000433851;0.000891797;2.92305e-06;0.000299289;6.95257e-06;2.04563e-06;8.31879e-06;0.0257307;0.726171;0.00182504
3.60066e-05;0.822492;1.25936e-08;1.43425e-06;0.0002599;2.72291e-06;0.00850995;0.00019671;9.18791e-06;0.00101022;1.06351e-07;2.67697e-06;4.62284e-05;0.167433
1.33158e-08;5.03525e-10;0.999995;2.77525e-09;1.09591e-09;1.22429e-10;1.57937e-09;5.19348e-09;5.23228e-06;2.43061e-10;7.11645e-09;2.28594e-08;2.17413e-11;3.84153e-10
3.57205e-06;1.26374e-05;3.35946e-10;2.64315e-10;3.09772e-09;1.11965e-10;8.6046e-10;0.999982;1.49419e-06;2.50852e-10;5.70751e-10;7.32159e-09;6.51215e-07;1.83205e-10
2.32948e-07;0.000837044;1.25049e-07;3.63705e-06;0.000304328;3.65208e-06;7.53522e-10;1.3058e-05;5.54975e-07;5.91361e-08;4.32202e-09;0.305577;1.11238e-06;0.693259
1.72598e-07;0.00479182;1.21407e-10;8.28567e-09;1.54462e-07;6.79841e-08;2.40289e-09;0.00114634;1.03653e-09;7.46423e-11;3.93719e-09;1.94595e-05;0.99404;1.74752e-06
1.08544e-08;0.00187661;8.67019e-10;2.55508e-07;2.27727e-07;9.88253e-08;0.00015973;7.12119e-06;7.25686e-09;8.09503e-05;9.06903e-10;1.5404e-08;1.24931e-07;0.997875
2.13258e-11;8.12024e-11;1;1.24728e-09;7.89455e-13;7.34225e-13;2.14245e-09;1.60993e-10;3.69445e-09;1.62977e-11;1.84869e-09;1.61461e-10;3.17514e-12;5.53522e-15
2.19102e-05;0.9971;8.62676e-08;4.00965e-06;4.0381e-07;5.65135e-08;0.000523145;0.00204156;0.000134964;4.14764e-05;5.71086e-06;3.2482e-09;6.03686e-06;0.000121059
3.01518e-13;3.07231e-15;1;1.52746e-11;6.53198e-14;1.12324e-15;7.69099e-13;2.42162e-15;5.41396e-12;6.24699e-13;3.28236e-12;1.85287e-09;5.08423e-18;7.29455e-13
3.64369e-05;0.0332297;0.00187849;1.82398e-05;5.53031e-05;5.87989e-08;5.83487e-06;0.528686;1.98533e-05;9.67545e-07;1.37973e-05;0.43597;8.20215e-05;4.01867e-06
3.91953e-06;0.0316678;1.62244e-06;0.000150027;0.0204077;8.06394e-05;2.45984e-06;0.946103;3.52428e-05;2.63804e-05;1.47009e-05;5.08039e-06;0.00145277;4.84251e-05
2.55969e-08;3.07977e-06;0.969094;3.12182e-07;1.11525e-06;4.79576e-08;4.06905e-08;2.93886e-09;4.19051e-11;2.04796e-06;8.87621e-09;0.0308944;4.15246e-07;4.83141e-06
1.30072e-06;0.922373;2.89412e-07;4.42022e-06;1.13355e-06;1.12362e-06;2.0691e-06;0.0771536;5.31237e-05;1.75505e-07;8.15397e-05;1.29221e-06;0.000281405;4.56894e-05
