4.96432e-06;0.906147;4.99977e-06;3.42433e-07;9.60854e-06;1.02447e-06;4.73613e-08;0.0688142;3.68589e-07;6.95958e-08;6.07935e-07;0.00212998;0.022882;5.22942e-06
1.39662e-06;0.766883;5.97384e-08;0.00017058;5.40958e-05;9.59148e-06;0.087515;7.88138e-06;2.46232e-06;0.0806267;6.40315e-06;1.51021e-07;3.76579e-06;0.0647187
1.67514e-09;2.28606e-12;0.999999;8.13796e-09;2.77625e-10;4.12753e-11;1.10475e-08;3.91732e-12;8.95247e-09;7.0774e-10;2.0684e-07;3.44106e-07;4.66461e-11;2.22028e-13
9.50368e-05;0.00417903;7.42523e-10;1.36408e-05;0.00157735;1.89226e-07;0.00656931;0.975857;0.00521502;1.80835e-05;0.00645324;1.14761e-06;2.05191e-05;9.81974e-08
2.28217e-05;0.071941;0.905102;0.00142156;0.000421945;0.000363933;1.61937e-06;1.08714e-06;6.24505e-07;3.52791e-05;9.20369e-05;0.01532;0.00066247;0.0046133
3.90172e-06;0.998768;1.00251e-09;1.64151e-08;1.47895e-07;1.73985e-07;6.90148e-07;0.000770765;1.41384e-08;6.25001e-09;2.77948e-07;0.000222006;0.000227232;6.9866e-06
5.19268e-07;0.000460508;2.16676e-09;1.6637e-08;1.52596e-08;1.76133e-08;1.65771e-07;0.00525566;2.00661e-07;6.46011e-09;4.4576e-07;1.34295e-07;0.994282;9.93147e-09
3.13222e-05;0.000135295;3.51245e-06;1.8986e-06;1.26769e-05;5.88239e-07;1.71585e-07;0.00454555;0.000295351;1.31044e-07;5.56208e-05;0.990229;0.00466945;1.89466e-05
1.74454e-06;0.00255552;3.88086e-08;2.49794e-08;4.45641e-06;1.20022e-06;7.81624e-09;0.993751;3.73364e-08;1.31707e-07;1.68306e-08;3.69946e-07;0.00364719;3.87376e-05
1.15228e-09;5.69014e-05;4.28096e-07;4.22228e-08;1.63138e-07;7.37569e-09;3.11592e-10;2.06938e-06;2.13513e-09;4.40641e-10;4.35189e-08;0.999937;1.51064e-07;2.80449e-06
2.46886e-06;0.923026;1.78164e-08;1.18387e-06;1.8236e-07;9.79417e-08;3.75386e-06;0.00062139;5.32889e-08;4.22379e-07;1.82512e-06;2.74307e-06;0.0763395;1.97373e-08
2.48208e-05;0.000121985;3.17584e-05;6.60604e-08;0.000173598;2.33135e-08;3.92121e-08;0.000790926;2.73972e-07;4.48975e-08;8.0939e-08;0.998776;2.49656e-05;5.5487e-05
0.000297861;0.969285;9.58257e-09;3.11239e-08;5.45715e-07;2.07532e-09;0.0222176;0.0028757;0.00529657;2.39786e-05;4.76022e-07;1.57821e-10;7.10102e-07;1.27418e-06
1.25705e-08;4.47087e-11;1;1.58244e-11;2.41982e-10;7.61028e-11;3.10022e-09;8.39781e-10;1.58697e-07;2.7533e-10;8.25552e-11;1.70683e-07;6.94664e-11;5.52942e-13
0.000402574;0.115754;4.90461e-07;0.000139848;0.00304661;0.000108606;0.000269417;0.159785;0.701662;3.96962e-05;0.001339;0.000536844;0.0163703;0.000545175
0.000133242;0.839146;0.129968;8.33203e-05;0.0056021;2.34147e-06;3.30394e-07;0.00574293;2.09127e-06;5.52268e-06;1.67863e-07;0.014838;8.33396e-05;0.00439261
7.2956e-05;0.991561;9.2086e-12;1.82968e-06;4.43517e-06;4.85e-08;6.59224e-06;0.00122646;0.000293458;8.81541e-07;2.25526e-06;2.93074e-05;0.00679908;1.47063e-06
3.16568e-06;0.0280603;1.38032e-06;5.8906e-07;5.7419e-08;7.47074e-09;1.45932e-08;2.43158e-06;1.83542e-07;6.43035e-08;2.27704e-07;0.971596;0.000335226;1.51475e-07
1.00932e-06;0.995966;4.07228e-11;3.52021e-06;7.60446e-06;1.27112e-07;0.00068181;5.04507e-07;1.33297e-06;0.0012447;1.04393e-07;3.78406e-09;1.15431e-07;0.00209388
5.68093e-05;1.9367e-05;0.99644;8.85919e-06;4.36154e-06;8.02054e-05;3.58884e-07;8.37399e-06;5.98988e-07;5.30329e-07;2.49823e-07;0.000931572;0.00244238;6.7898e-06
1.73045e-06;0.00144936;0.00140213;2.22306e-07;4.22518e-07;3.34919e-07;3.87526e-10;1.81726e-06;2.24775e-09;2.23608e-08;6.6613e-10;1.42952e-06;0.99714;2.35471e-06
1.91457e-05;0.0050394;2.60699e-07;4.75749e-05;0.00050955;0.0430153;3.54619e-06;0.000115715;0.000310768;1.63959e-05;8.33421e-05;0.00690989;0.936694;0.0072347
8.89965e-08;0.00621912;0.993197;2.48197e-07;2.84301e-05;1.20147e-06;3.9266e-10;1.44185e-07;1.64011e-09;7.10099e-08;6.0233e-10;0.00046619;7.23752e-06;7.99702e-05
5.93567e-05;0.255004;1.59163e-05;6.53456e-06;9.78482e-06;2.25144e-05;6.99704e-05;0.00225736;2.19933e-05;8.60698e-06;0.000352962;0.00206921;0.740098;4.40476e-06
7.6515e-07;0.000151128;4.9241e-07;1.08328e-06;1.47418e-06;6.2737e-07;5.73163e-08;0.0162519;1.37357e-06;1.44584e-08;5.9991e-05;0.000605394;0.982917;8.6149e-06
6.6133e-07;0.00638797;5.22954e-05;3.16065e-07;2.83021e-06;1.28241e-06;1.28849e-07;0.00608883;7.46126e-08;1.26059e-06;2.47317e-07;0.00014994;0.987229;8.52998e-05
2.11981e-10;1.34796e-09;1;1.52387e-08;5.32752e-10;1.66207e-10;1.44442e-08;4.52947e-09;8.11407e-09;2.02505e-09;3.11011e-08;2.31658e-09;7.9157e-10;2.60894e-11
2.03806e-10;3.30477e-08;0.999989;7.00913e-10;3.88252e-11;2.21242e-10;2.32406e-11;6.87346e-08;8.35492e-11;2.14938e-11;5.41599e-11;1.12088e-05;1.39923e-10;1.30623e-09
2.33004e-10;0.000845447;1.09548e-11;1.81328e-09;1.35988e-06;9.74522e-06;4.16401e-09;2.61775e-08;2.79296e-12;7.82921e-08;1.00603e-10;1.60045e-13;1.24732e-08;0.999143
1.32595e-15;1.44033e-14;1;2.37152e-13;1.46132e-13;5.94884e-12;3.91162e-15;2.93638e-13;1.13033e-16;1.81589e-13;4.4182e-14;5.07121e-10;1.79026e-13;1.65176e-13
4.22815e-07;0.0141048;0.000132544;0.00018262;2.79221e-05;0.00237257;1.08802e-05;0.0298963;8.14072e-05;2.80452e-06;0.00927994;2.84234e-05;0.943877;2.87984e-06
