5.55922e-07;0.999985;2.41666e-06;8.65996e-07;4.4263e-07;5.14179e-09;3.60388e-10;7.47717e-06;2.98735e-09;3.67109e-09;4.84543e-09;1.44874e-06;9.45611e-07;5.6474e-07
2.5314e-05;6.42733e-05;1.67157e-10;1.43876e-08;2.76429e-06;1.07093e-08;4.59193e-08;0.999733;1.82655e-07;1.46844e-08;1.64391e-08;5.0843e-08;0.000173939;1.44828e-07
3.05049e-07;0.000129829;1.46083e-07;7.06485e-06;0.932008;8.51572e-06;5.13202e-09;0.0188624;9.73345e-07;7.68644e-07;1.45796e-07;0.0199649;2.87543e-07;0.0290165
6.77671e-06;0.260826;0.724463;1.03324e-05;9.38219e-05;4.64421e-06;8.13199e-07;1.33082e-05;1.62783e-08;1.4042e-06;5.08361e-06;0.00631356;0.00794397;0.000317497
8.00513e-05;0.0276161;2.23513e-06;0.000274518;0.000298653;2.3758e-05;0.000241244;0.000847324;0.000876598;5.38876e-06;0.0197346;0.0377289;0.909905;0.00236542
3.84267e-05;0.0844113;1.93837e-07;0.0104912;0.185221;0.0243867;2.92529e-07;0.645343;1.08888e-05;1.40772e-05;0.000739524;0.00703779;0.0380906;0.00421503
1.19706e-05;0.996577;1.15427e-05;4.34817e-06;1.41352e-07;8.12658e-08;0.00033154;6.17611e-05;2.88451e-09;0.000222253;1.71886e-07;1.40811e-08;4.26138e-05;0.00273695
1.39935e-14;5.44903e-15;1;1.03463e-13;1.69836e-15;3.93017e-16;1.36263e-12;9.11119e-15;3.69294e-14;7.74902e-14;3.68819e-12;4.24341e-12;2.61206e-17;5.97715e-16
6.70733e-05;0.539563;2.1702e-05;3.09635e-05;9.32535e-05;0.000560807;0.00396929;0.159697;0.00299939;6.49397e-05;0.0241016;0.0113077;0.257496;2.65798e-05
8.72565e-07;0.065396;1.68283e-07;2.44881e-06;3.59034e-07;3.7011e-05;1.04392e-05;8.37437e-05;0.00012806;1.46171e-06;0.00155094;1.97065e-05;0.93276;8.82821e-06
5.84484e-08;0.0190313;0.308551;1.44213e-06;8.09901e-05;1.51136e-07;7.98556e-10;1.73512e-06;1.04369e-10;1.08727e-07;7.22179e-10;0.665693;3.68104e-07;0.0066402
8.91432e-06;0.523667;8.89477e-10;2.67405e-07;1.90536e-05;6.07764e-05;1.46234e-05;0.211581;3.01686e-06;4.13839e-07;4.10029e-06;3.40579e-05;0.264595;1.1557e-05
2.89369e-06;0.000266325;1.6678e-06;1.43161e-06;7.84533e-06;7.57175e-06;9.597e-08;0.238207;4.83889e-07;1.35266e-07;5.3206e-06;0.000523167;0.760913;6.32302e-05
3.83484e-05;0.00510238;1.90831e-05;7.39544e-06;3.64792e-05;1.08525e-06;8.83715e-07;0.00575039;9.63845e-06;3.40023e-06;7.35005e-06;0.976377;0.0124958;0.000151295
1.67149e-06;0.00908392;1.95765e-07;2.74233e-05;2.07576e-05;1.01636e-05;2.27571e-08;0.977033;3.39733e-06;2.19135e-07;4.65414e-06;0.0135068;0.000197806;0.000110348
6.29001e-06;0.992621;6.02289e-10;9.13968e-07;1.30031e-07;1.79608e-06;4.54088e-06;0.000650947;5.90428e-07;4.79102e-06;2.30066e-05;0.000129931;0.00655185;4.05652e-06
1.35315e-06;0.000302206;1.00999e-05;2.63001e-06;2.42923e-06;3.52668e-06;1.96086e-07;1.60741e-05;1.05179e-06;7.25384e-08;2.19394e-05;0.999133;0.000503906;2.03235e-06
0.000128183;0.0112778;7.05923e-09;3.86093e-06;0.00102053;4.72343e-06;3.58286e-05;0.980054;6.61944e-06;6.85669e-06;4.13993e-06;7.72252e-05;0.00733603;4.39545e-05
0.000548241;0.0388901;0.000254638;0.00266637;0.000142473;0.000128857;4.12554e-06;0.0140042;0.000150915;3.96228e-06;0.000455527;0.926464;0.0148927;0.00139394
4.0975e-05;0.933594;9.11517e-08;2.70001e-05;9.08528e-05;0.000330857;3.08418e-07;0.0375558;5.11369e-07;9.02418e-06;1.24275e-07;1.08673e-05;3.39851e-05;0.028306
9.51269e-06;0.000100575;4.68594e-08;2.99356e-07;4.32907e-09;2.1313e-08;5.21005e-06;0.000171982;7.4392e-05;2.40086e-08;0.00159031;4.69426e-05;0.998001;6.7819e-09
5.36706e-05;0.0101885;1.00058e-07;8.66605e-08;6.16498e-07;1.22771e-07;3.32824e-09;0.00254343;1.05167e-05;6.40304e-08;2.58456e-06;0.71833;0.268867;3.50284e-06
2.16436e-06;0.0461757;2.7734e-07;1.56559e-06;6.36208e-06;1.22125e-06;1.12004e-07;5.32992e-05;7.80797e-06;2.90885e-07;2.59123e-06;0.950673;0.00276978;0.000305375
8.89902e-06;0.515741;0.00363808;6.59097e-05;0.000471076;1.42132e-05;1.22762e-05;0.0788175;1.80198e-06;5.41435e-05;4.29359e-05;0.387368;0.013737;2.72947e-05
2.26886e-08;1.78989e-05;2.08196e-11;3.76604e-07;1.95394e-08;1.96904e-05;1.88724e-06;4.95666e-07;1.65678e-07;2.01363e-07;3.46579e-05;9.70022e-07;0.999924;4.47595e-08
1.80825e-07;3.90844e-06;0.999974;1.0486e-07;3.04724e-09;9.82845e-10;5.92136e-07;1.53987e-09;3.0632e-09;2.36932e-06;1.05877e-08;1.84617e-05;1.92582e-09;2.5494e-08
4.37962e-07;1.22668e-08;0.999562;2.16997e-07;2.0411e-08;1.28977e-08;1.43921e-05;1.35962e-08;0.000305041;8.47812e-08;0.000115487;2.7273e-06;1.1885e-09;3.3686e-09
1.57272e-06;0.981058;2.98187e-09;4.21176e-09;5.24636e-11;5.84391e-11;1.09558e-07;6.93885e-06;3.48016e-07;1.19209e-09;5.15596e-07;3.567e-06;0.0189285;2.82446e-12
3.3538e-07;0.998369;3.05391e-07;1.31547e-06;4.77484e-06;4.74381e-06;1.82876e-05;0.000305726;6.56313e-07;9.45924e-05;1.92493e-07;5.80711e-06;2.58063e-06;0.00119154
2.53623e-13;5.352e-13;1;8.5974e-11;4.92145e-10;1.86536e-11;1.55707e-12;5.07238e-13;4.91286e-13;8.92266e-12;5.2471e-12;2.90589e-08;1.95758e-16;2.53677e-09
5.49242e-06;0.847745;1.47339e-07;2.5884e-05;9.50285e-05;1.46878e-06;3.99971e-05;0.146838;1.63081e-05;3.37542e-07;0.000502969;0.00308984;0.00163453;4.99364e-06
2.59101e-05;0.337155;0.000197263;2.68107e-07;1.44476e-06;5.72249e-06;3.49635e-05;0.0143992;2.16974e-06;2.15509e-06;3.25898e-05;0.0109458;0.637194;4.12134e-06
1.54192e-07;0.000296727;6.17135e-06;5.10941e-06;4.77132e-05;3.55917e-06;3.36695e-07;0.0040634;2.23454e-07;1.65496e-06;2.15923e-06;0.0107194;0.984815;3.86882e-05
1.89475e-05;0.000503817;5.69988e-05;6.65794e-05;2.19416e-06;2.61894e-07;1.35991e-06;0.000455515;0.000604217;2.93427e-06;0.00023621;0.997627;0.000382741;4.1649e-05
1.3671e-07;0.00010719;2.00242e-10;7.53019e-09;1.06539e-07;8.60061e-11;5.63559e-08;0.999892;3.08469e-07;1.68776e-08;9.38342e-08;1.27186e-09;1.34197e-07;2.72971e-09
5.18199e-08;6.23003e-06;0.999952;2.10514e-05;1.75754e-06;9.0332e-07;1.28218e-07;8.19028e-08;9.15172e-08;8.09162e-07;6.30524e-06;6.25563e-06;2.85784e-06;1.22511e-06
1.54449e-07;3.5261e-06;0.999918;1.23322e-08;1.25032e-07;2.67442e-10;5.40025e-09;3.09309e-08;1.47487e-09;1.70855e-09;3.21006e-08;7.77104e-05;1.59724e-08;7.91101e-07
1.77709e-09;0.99998;4.99992e-13;3.19221e-12;1.05692e-09;1.78694e-12;1.95451e-05;5.99082e-09;1.04847e-10;4.51371e-10;2.17508e-12;6.24893e-13;3.92605e-09;1.68875e-08
2.00734e-12;6.36798e-15;1;1.85339e-14;5.00291e-12;4.72082e-14;2.90006e-13;1.41487e-13;1.89351e-13;4.07728e-15;2.53306e-14;7.0221e-08;1.17745e-13;5.61278e-14
1.00885e-05;0.035637;2.55529e-07;1.74948e-07;2.18025e-05;4.40494e-06;4.16901e-07;0.962239;0.000652487;2.81653e-08;2.29167e-06;9.05646e-07;0.0010596;0.000371756
7.78766e-08;1.11613e-05;2.40922e-08;1.71273e-08;4.80506e-07;2.39676e-08;1.3521e-10;0.973219;7.76998e-08;1.57643e-09;6.93537e-09;2.31953e-06;0.026767;1.18039e-07
1.48041e-05;0.01757;5.66031e-05;3.94584e-05;3.46279e-06;9.94443e-08;4.54351e-08;0.000264312;4.04102e-05;3.3914e-06;4.88242e-06;0.980136;0.000389138;0.00147735
2.47595e-06;0.978728;4.061e-08;3.31575e-07;4.76644e-08;3.81239e-08;1.41731e-07;0.020391;1.42629e-08;2.2727e-07;1.07392e-07;7.42757e-07;0.000877323;1.17776e-08
1.14298e-10;1.61868e-10;1;1.87052e-10;1.25593e-11;3.12016e-11;1.3036e-10;1.98725e-12;2.72116e-11;5.66088e-10;4.93642e-11;4.55445e-08;4.78758e-13;1.85991e-10
4.68636e-09;3.8524e-07;1.95145e-07;9.75717e-08;4.65167e-06;1.99772e-07;1.59373e-09;7.57499e-05;8.8412e-07;5.16651e-09;1.36686e-06;0.999916;1.24184e-08;1.24578e-07
1.88381e-06;0.968525;1.76371e-10;4.47809e-07;3.32395e-07;9.23249e-07;3.22633e-06;6.82176e-06;1.11843e-06;1.36025e-07;0.000128213;9.80762e-05;0.0312098;2.36572e-05
1.5636e-06;0.00193283;0.00060305;7.79488e-07;7.93919e-07;4.85084e-07;1.30217e-07;0.0438313;1.69542e-07;8.6995e-08;7.77298e-07;0.952449;0.00117278;6.1497e-06
2.38221e-05;0.195212;1.79133e-07;0.000164761;0.000203026;0.00260265;4.75798e-05;0.0310048;1.36703e-05;1.8934e-05;5.07763e-05;0.000265464;0.764652;0.0057408
7.59633e-05;0.000997499;0.96101;2.09228e-05;2.91151e-08;1.32383e-06;2.95678e-06;3.28903e-07;7.35796e-08;1.61817e-05;5.80221e-08;0.0376398;0.000225665;9.82518e-06
5.50203e-10;1.78576e-10;1;1.10534e-10;2.07322e-12;1.64257e-12;1.60676e-08;1.15023e-11;5.1541e-09;4.07467e-11;4.88047e-09;4.52337e-07;4.96101e-13;4.56816e-12
1.09187e-06;0.00066882;6.98308e-07;1.70207e-07;9.6767e-06;3.84297e-07;2.46171e-09;0.996426;0.000138171;2.80832e-09;1.85849e-05;0.00145454;0.00128214;1.66768e-07
5.15527e-10;0.991257;2.172e-06;7.26852e-09;2.20868e-07;5.77858e-09;6.22627e-06;1.95981e-12;2.65356e-12;3.13803e-05;9.93917e-11;1.37054e-10;9.21566e-10;0.00870313
1.78303e-15;6.57307e-16;1;1.12294e-14;3.56426e-14;3.73835e-15;2.27062e-13;3.28344e-17;8.48381e-14;5.85557e-15;1.20406e-13;6.99555e-10;1.02776e-16;2.40097e-14
2.19663e-06;0.188211;1.83526e-07;7.77987e-07;0.000291606;0.000346189;0.000149966;0.791182;0.000578833;1.22218e-06;0.00064861;0.000832685;0.0177496;4.7876e-06
8.9867e-07;0.000197902;5.79585e-06;9.95799e-08;8.01662e-06;4.07194e-07;6.45222e-07;0.162412;2.03554e-06;1.36389e-07;4.48799e-06;0.000888904;0.836478;3.34058e-07
4.45245e-06;0.00109895;3.80558e-05;5.90331e-07;3.19267e-06;2.62119e-08;4.16453e-09;0.000232835;1.42725e-05;1.90283e-07;3.39353e-07;0.998152;0.000376172;7.91613e-05
1.02525e-07;0.99974;1.58532e-08;1.49297e-07;7.51444e-09;3.48118e-10;5.72002e-09;4.79645e-07;1.64162e-08;4.71244e-09;5.92752e-09;0.000259173;2.38342e-07;2.48435e-08
1.01197e-05;0.978272;5.95767e-08;6.91238e-07;3.55994e-08;1.30202e-08;6.56823e-07;5.2523e-08;1.81693e-08;2.38413e-07;1.44262e-07;0.0177354;0.00397814;1.95176e-06
4.71279e-06;0.214199;1.7006e-05;6.59302e-07;0.000221546;0.000182831;8.74913e-08;0.732152;1.00045e-08;2.79665e-06;8.12156e-09;0.0381128;0.00239251;0.0127132
2.25468e-07;0.00156083;1.9046e-05;3.69994e-05;3.3422e-05;0.347943;3.26246e-06;0.000993772;3.42535e-07;1.58012e-05;2.42244e-06;2.17559e-05;0.64766;0.00170844
1.51294e-07;3.67781e-06;0.997515;9.11045e-07;5.28275e-10;5.22663e-09;1.55401e-05;8.1421e-10;1.19143e-09;1.0786e-05;2.51513e-07;0.00245284;1.04496e-06;1.76703e-08
7.07549e-09;4.92024e-11;0.999812;4.60571e-08;1.89355e-10;6.46899e-10;1.58996e-06;8.65975e-11;1.8926e-06;2.69099e-09;0.000183142;1.85463e-06;3.64132e-09;3.05754e-10
3.45167e-06;0.991684;3.56572e-05;6.71276e-07;2.05843e-07;2.83828e-07;9.21884e-07;0.00189904;1.14958e-07;4.68265e-07;1.41299e-06;1.51542e-06;0.00637224;1.5893e-07
1.83966e-12;1.14856e-10;1;3.84427e-12;1.01521e-13;6.43194e-14;1.57653e-10;1.54631e-13;1.70929e-11;1.48312e-11;8.84656e-11;2.91212e-07;1.13802e-13;4.23961e-13
6.43047e-10;1.44918e-07;2.77084e-07;1.26076e-08;3.54051e-06;1.35374e-07;1.6417e-10;0.00130078;3.01349e-07;3.95092e-10;3.44707e-07;0.998694;9.78041e-09;1.22117e-07
2.02332e-08;0.999071;2.89739e-13;2.74729e-08;1.24477e-08;9.95308e-08;1.59362e-07;1.1009e-05;3.74378e-08;6.24318e-09;9.2695e-06;3.80792e-07;0.000905995;2.03459e-06
1.16585e-07;0.00173987;9.46032e-09;4.13341e-07;1.40947e-07;4.67166e-09;1.8142e-09;1.35292e-05;1.61188e-09;3.16377e-09;1.87523e-07;0.998236;5.25054e-06;3.96568e-06
7.38452e-07;0.97397;6.19694e-08;6.46908e-08;9.94913e-05;3.71756e-07;4.65402e-09;0.0241558;5.519e-11;5.16763e-08;5.82202e-10;1.86929e-05;7.4219e-05;0.00168043
1.21472e-06;0.0146604;1.61506e-06;1.58409e-06;3.85513e-07;8.90268e-05;4.82544e-06;3.02605e-05;5.31926e-07;1.62324e-06;3.17005e-07;1.31512e-05;0.985178;1.7255e-05
2.30435e-06;0.000111775;0.999737;9.89477e-07;7.65408e-07;1.67023e-06;2.88302e-05;1.45019e-08;5.16057e-08;2.32872e-05;7.56884e-09;5.33235e-05;3.97961e-05;1.23164e-07
3.19777e-07;7.82378e-08;0.999922;5.88583e-09;6.37223e-09;1.76091e-09;7.0485e-05;1.21753e-08;6.0421e-06;3.37594e-07;2.91107e-07;1.03388e-08;4.15627e-10;1.64461e-09
3.99307e-09;3.66332e-08;1;4.28042e-10;6.4872e-09;1.00225e-09;3.40686e-08;1.2697e-07;4.09256e-08;1.3502e-09;2.86028e-09;6.21712e-08;1.96528e-08;1.78795e-11
6.52299e-09;0.000764397;3.83775e-05;1.797e-08;4.35249e-06;7.30904e-08;2.76057e-08;2.57213e-07;2.74825e-08;1.73288e-08;9.16673e-09;0.999156;2.5274e-06;3.41724e-05
1.96251e-06;0.74743;3.64299e-09;7.87577e-06;0.00033081;0.000107906;0.000308512;0.0258176;1.62469e-05;1.51521e-05;0.000154762;0.000803897;0.222315;0.00268991
5.0058e-07;0.000163783;8.11489e-08;1.86245e-06;0.000144888;1.69709e-07;1.16983e-07;0.000515538;3.27051e-08;2.08038e-07;7.60838e-08;0.998994;0.000172452;6.28088e-06
2.18337e-07;0.999524;1.0805e-10;1.76989e-08;3.14046e-07;2.43041e-09;1.2082e-06;9.94385e-07;2.998e-11;1.82959e-06;2.92299e-11;1.42469e-09;3.3654e-07;0.000471094
7.13921e-13;3.09576e-13;1;7.3041e-14;4.93098e-14;8.81372e-16;4.60132e-13;4.65433e-14;4.8725e-15;8.2139e-13;2.79377e-15;4.69713e-08;7.55413e-15;3.84108e-15
2.56487e-09;6.32879e-05;1.73626e-10;8.30498e-10;3.72329e-12;6.62506e-12;0.999625;4.63749e-11;1.41335e-07;0.000311807;1.98399e-08;3.90538e-14;7.06128e-10;2.0996e-08
2.68104e-14;2.77579e-16;1;1.34089e-12;1.5734e-13;1.43487e-12;1.01986e-11;5.74871e-17;1.5345e-10;1.83724e-12;3.97434e-11;4.36436e-11;3.57752e-17;4.36701e-15
