3.28744e-05;0.967015;0.0270848;1.07186e-05;3.22569e-05;2.4353e-07;3.2703e-08;0.00023084;3.07742e-08;4.80435e-07;1.32644e-07;0.00181175;0.00377437;6.2241e-06
8.50657e-06;0.965849;4.06339e-08;9.0921e-06;3.13142e-06;4.73969e-06;0.0200194;0.0021044;4.017e-06;0.00729671;1.06469e-05;4.12716e-08;0.00455691;0.000133163
5.84191e-12;2.44906e-12;0.999999;9.72623e-10;6.39223e-10;1.07495e-09;2.14681e-11;2.19877e-13;1.97021e-11;3.42338e-11;2.13818e-10;9.86064e-07;3.31996e-13;6.79841e-09
4.49453e-05;0.815296;0.000818255;9.61915e-06;7.74412e-05;4.27135e-05;5.64324e-05;0.181989;5.87461e-06;3.4127e-07;2.25654e-06;3.98316e-06;0.00164076;1.17766e-05
0.000247179;0.586589;3.89449e-05;0.000189472;5.50884e-05;6.62408e-05;2.79422e-06;0.151698;0.0011982;1.2264e-06;0.000773384;0.25404;0.000289908;0.00481121
3.46546e-05;0.235177;6.97269e-05;4.04742e-07;5.86487e-05;1.0138e-05;1.08347e-08;0.00314248;2.49912e-06;4.49852e-08;2.699e-07;0.07852;0.682822;0.00016212
5.64317e-05;0.0377466;0.000164137;1.50307e-06;0.00121683;3.4539e-07;3.47689e-07;0.0121841;0.000139308;7.32029e-08;3.80198e-05;0.94174;0.00668693;2.56946e-05
1.17963e-08;0.999997;1.55861e-07;2.57146e-10;2.32928e-08;2.03901e-09;4.08603e-08;3.8655e-09;1.50074e-12;5.38597e-08;7.95207e-12;5.20982e-11;1.13472e-07;3.09323e-06
5.37199e-13;6.34892e-15;1;6.49651e-14;1.82207e-11;3.19452e-11;9.22209e-15;5.32111e-14;4.34427e-14;1.39869e-14;2.73454e-14;2.95882e-07;8.32741e-15;3.84972e-11
5.71549e-06;0.602472;4.68155e-05;2.79609e-06;0.00159192;0.00193367;1.40082e-07;0.215534;2.92327e-05;7.86024e-08;4.26117e-06;0.0166859;0.147252;0.0144419
2.91843e-06;0.916507;1.53976e-07;1.93229e-06;1.86248e-05;5.63221e-06;7.91686e-06;0.0380557;1.4189e-06;2.95928e-06;7.92353e-06;1.53096e-05;0.0450311;0.000341269
2.39412e-10;1.38835e-10;1;1.51351e-10;1.13667e-11;8.18864e-11;5.72712e-11;1.03576e-11;4.72151e-10;2.37121e-12;6.35091e-10;1.02945e-07;1.54951e-08;3.69504e-12
1.08249e-06;0.00799871;6.68074e-08;3.00983e-07;2.78965e-08;1.45046e-07;3.043e-06;0.000295271;6.09946e-06;9.21048e-09;4.72562e-06;0.990244;0.00144099;5.02719e-06
8.65295e-06;0.849859;0.000381139;1.36306e-05;0.000305342;2.12938e-05;1.13098e-05;0.0106341;1.35808e-06;5.05774e-06;3.56963e-05;0.0694418;0.0692685;1.26416e-05
1.22465e-09;7.69486e-06;4.19028e-13;3.27381e-08;2.60719e-08;1.32008e-05;1.86151e-08;3.12834e-07;5.83198e-10;2.36519e-08;9.54001e-08;2.37336e-05;0.999955;2.98703e-07
1.3436e-09;4.46341e-08;0.999998;4.22031e-08;4.74097e-10;1.10457e-09;5.28183e-08;3.2657e-11;5.52898e-11;3.73761e-07;1.32375e-09;1.72914e-06;1.02976e-08;1.65843e-09
2.66589e-08;8.86321e-10;0.999755;4.39068e-07;2.3738e-08;1.94319e-08;1.89781e-06;5.17802e-10;7.19166e-06;1.22357e-07;0.000233544;2.29421e-06;3.4735e-09;1.24745e-09
1.37301e-06;0.00322668;4.81656e-09;3.28569e-07;2.72466e-06;2.69914e-07;4.32456e-08;0.995346;2.18996e-05;5.33899e-08;0.000136117;0.0009812;0.000283347;1.06874e-08
4.8415e-06;0.99899;4.35544e-05;6.43253e-07;4.91061e-06;7.55793e-07;0.000113373;0.000241592;1.05445e-06;0.000120879;8.31542e-06;2.2431e-06;0.000335927;0.000131392
7.973e-12;1.09196e-12;1;5.26434e-12;5.12533e-12;4.16206e-13;2.17668e-10;4.19231e-15;1.31748e-11;1.31972e-11;3.8576e-11;4.61064e-08;1.83078e-15;3.20771e-11
0.000190973;0.978332;4.05177e-06;7.94059e-07;0.000440581;1.09413e-06;0.000167389;0.00394341;2.18429e-05;5.05838e-07;2.37413e-05;0.0163289;5.98313e-05;0.000484492
4.96698e-05;0.084866;5.84999e-06;6.57366e-07;0.000167299;0.000120066;3.37409e-05;0.572124;0.000315466;6.80119e-07;0.000163716;0.0189928;0.323072;8.76299e-05
3.88185e-07;8.89278e-05;4.75278e-08;5.92161e-08;6.4351e-06;3.57512e-07;1.16193e-08;0.79546;1.9309e-07;4.20876e-09;6.50405e-08;0.000440893;0.203997;5.12876e-06
1.79129e-07;2.90026e-06;5.18649e-07;2.64737e-08;9.84415e-08;1.65704e-10;3.40169e-10;5.35929e-06;3.62616e-07;4.70021e-10;1.68938e-08;0.999964;2.62638e-05;6.38894e-08
1.51311e-06;0.503275;3.07401e-08;7.21157e-08;6.05005e-06;4.5724e-09;2.63316e-07;0.496594;1.00107e-06;7.71484e-08;1.39712e-07;2.41617e-06;0.000119236;7.00156e-07
1.31931e-06;0.143157;0.749549;5.38684e-05;4.4369e-05;1.66216e-05;1.90755e-06;1.31798e-07;3.00686e-08;1.5614e-05;8.79438e-07;0.0827219;0.0243881;4.85828e-05
5.36162e-06;0.0300185;1.88574e-07;1.07239e-06;0.000214587;6.3863e-07;1.69396e-06;0.612929;2.7928e-06;5.86258e-08;0.000104744;0.355259;0.00145789;3.49184e-06
2.62275e-05;0.831059;2.70725e-06;1.43318e-06;1.7524e-05;2.53736e-07;0.166539;0.000294611;1.0523e-05;0.00157163;2.45383e-06;4.09239e-06;0.000192863;0.000277393
5.51877e-12;1.08883e-15;1;2.95417e-12;1.30897e-13;6.40626e-14;8.68274e-13;3.35403e-16;2.52423e-09;1.1821e-13;1.10693e-10;1.29623e-11;1.76335e-15;2.70293e-14
0.0654764;0.0321629;0.0305406;9.15501e-05;0.000630401;0.00175853;0.000606895;0.676839;0.0764035;9.5756e-05;0.00036796;0.0920989;0.0126065;0.0103212
2.15443e-05;0.00031461;3.43323e-07;2.82296e-07;2.39781e-06;1.13532e-06;1.53455e-07;0.986043;0.000306164;1.06346e-07;5.43766e-06;2.34229e-08;0.0133039;5.92488e-07
4.25881e-05;0.00727063;6.81707e-06;7.7936e-07;5.28456e-06;8.68484e-09;5.24935e-09;0.018544;1.99092e-05;1.4598e-06;1.33289e-07;0.974039;6.72738e-05;2.16249e-06
1.79983e-07;0.999688;1.71913e-09;3.69837e-06;2.81313e-08;4.84591e-09;8.55659e-09;0.000113256;1.97149e-08;1.51692e-06;1.92261e-09;0.000191718;2.00251e-07;9.41251e-07
0.000120279;0.910606;0.000552342;5.00188e-06;1.29203e-09;5.49354e-09;4.34195e-05;0.00144781;9.87593e-06;1.55075e-06;0.000879869;0.0138432;0.0724902;3.41905e-08
2.38541e-06;0.0185235;2.16467e-08;2.33065e-05;0.00514463;0.000168919;1.33473e-07;0.00403157;2.56063e-07;1.619e-05;2.98613e-08;0.000655093;5.97884e-05;0.971374
3.51791e-05;0.0079379;7.78647e-09;2.08863e-06;3.33905e-07;3.18752e-07;0.000183028;0.00600253;2.93931e-05;6.55147e-07;7.06358e-05;2.0394e-06;0.985735;3.749e-07
2.16301e-05;3.58449e-05;1.29795e-05;3.09243e-06;6.32849e-05;4.13332e-07;5.01093e-08;0.000107013;4.2094e-05;6.56736e-07;2.84685e-06;0.999325;7.64541e-05;0.000308636
5.42952e-06;0.917554;5.76986e-06;2.82232e-06;3.99598e-07;8.28302e-08;4.29267e-08;3.86656e-07;1.09999e-08;1.06781e-06;1.72296e-07;1.66651e-05;0.0824133;1.13442e-07
1.46863e-05;0.00139351;6.96114e-07;1.14861e-07;5.23029e-08;2.4836e-09;4.80191e-08;0.00155799;6.69316e-06;3.05973e-08;0.000116838;0.996557;0.000347559;4.79241e-06
7.13534e-07;0.250515;6.25815e-08;0.000428732;0.0322369;0.000100814;5.27576e-06;0.715489;5.08306e-05;6.10059e-05;6.9823e-05;0.000159636;0.000449138;0.000433821
1.2726e-06;0.00188171;7.12554e-08;3.20787e-06;1.51542e-07;3.52002e-05;3.5311e-06;7.54938e-08;2.28303e-07;1.69669e-06;2.29428e-05;3.74305e-05;0.997981;3.1343e-05
2.24394e-07;0.000207707;0.999458;8.75416e-08;3.01642e-07;5.01143e-07;3.56033e-10;5.03289e-08;2.69846e-10;2.47417e-08;1.02862e-09;0.000331875;5.83633e-07;1.02033e-06
9.66451e-09;0.982096;6.87493e-08;7.96535e-09;4.97982e-08;5.11824e-06;1.22775e-09;0.0116947;1.43689e-09;1.22908e-09;1.48991e-08;3.86832e-06;0.0061934;7.28362e-06
5.12672e-09;0.995861;6.71907e-08;4.49696e-08;1.36983e-09;2.43364e-08;1.35276e-06;2.41748e-06;5.92997e-10;3.61822e-06;5.76548e-09;1.68875e-08;0.00413062;1.08123e-06
3.93297e-10;1.46505e-09;0.999997;3.95739e-08;3.10912e-10;2.59943e-09;1.4232e-08;1.73341e-09;1.14978e-07;1.09625e-08;1.30122e-07;2.86635e-06;6.09566e-11;4.69941e-08
2.75771e-06;1.13457e-05;1.29062e-08;6.29389e-08;1.85356e-08;4.5746e-09;9.30161e-07;0.999973;7.99867e-06;1.38516e-08;3.55756e-06;4.99266e-09;2.15309e-07;5.87365e-08
4.08984e-06;0.262308;3.63083e-06;1.34614e-05;2.49577e-06;1.34332e-07;0.736692;6.43573e-05;5.54704e-05;0.000456472;6.45023e-05;0.000321754;2.20008e-06;1.1464e-05
3.86575e-10;4.69786e-08;0.999991;1.76914e-08;2.19074e-09;5.94794e-10;8.10094e-06;1.26207e-09;6.80652e-10;2.01643e-07;1.21561e-08;9.61352e-12;1.87385e-11;3.17014e-07
4.76036e-10;7.65929e-09;1;2.24094e-10;2.21136e-11;1.59588e-10;1.76269e-08;9.53636e-10;3.53456e-10;2.57404e-10;7.69335e-10;5.99609e-09;1.5374e-09;4.06847e-11
2.0929e-09;2.58194e-06;4.46995e-06;3.22411e-07;1.44786e-06;2.6313e-07;3.35229e-09;2.16129e-05;1.00827e-06;1.3918e-09;2.10442e-06;0.999965;4.44932e-07;1.21093e-06
1.62482e-07;0.474417;1.96516e-06;1.47882e-06;5.73597e-08;2.09901e-07;7.63169e-08;4.73761e-05;2.28059e-08;8.21144e-09;7.74463e-07;0.000105845;0.525425;4.29585e-08
5.7021e-07;0.911285;1.02921e-07;1.34126e-05;0.000279873;1.95601e-05;1.98956e-08;0.0154866;7.0997e-10;1.35406e-06;1.00338e-08;0.0438751;0.0238804;0.00515825
1.70439e-07;0.00766993;8.47604e-12;4.80138e-08;1.56828e-08;1.1317e-05;1.4965e-07;0.000367608;8.78277e-08;6.95989e-08;1.35325e-07;4.80332e-09;0.99195;9.4388e-07
3.22734e-07;8.92454e-05;0.994957;8.87815e-07;2.02566e-07;1.71593e-07;1.20824e-06;1.94978e-07;8.7584e-09;8.08958e-05;1.17025e-09;0.00486466;1.9977e-06;3.20328e-06
3.80787e-07;2.54826e-08;0.999828;1.78432e-06;7.55258e-08;2.05878e-07;2.95853e-06;1.00337e-08;6.59113e-05;1.00618e-06;8.71229e-05;1.27346e-05;1.0913e-09;1.06392e-07
8.93126e-06;5.38041e-05;2.2389e-08;2.32816e-08;5.22721e-08;4.4722e-09;1.81471e-08;0.999934;1.79083e-06;2.41544e-08;6.99142e-07;7.16803e-08;6.70299e-07;4.66494e-10
4.24e-09;0.996168;2.3342e-11;1.12428e-07;4.58614e-09;9.15826e-10;2.65699e-06;6.52669e-10;8.6895e-10;2.59815e-05;2.9216e-09;2.80188e-08;1.99673e-10;0.00380371
3.86019e-08;2.88915e-08;0.999978;5.39985e-08;6.05673e-09;7.51852e-07;9.01162e-08;8.08852e-09;1.80346e-07;1.73353e-09;2.0381e-05;1.38412e-07;4.08403e-08;3.63225e-07
8.3288e-07;0.993625;2.17564e-10;7.31987e-11;3.53929e-09;6.37045e-10;5.34234e-07;3.95787e-05;4.47104e-10;7.56901e-09;1.7956e-09;3.15608e-07;0.00633399;1.15686e-09
1.61926e-06;0.000199121;2.34685e-07;7.77465e-07;0.000128858;5.8901e-07;5.26778e-08;0.000267424;5.24869e-06;6.99822e-08;5.24735e-07;0.998776;0.000566457;5.30108e-05
9.7083e-05;0.00237949;3.31172e-08;7.84893e-07;0.000721536;4.25414e-05;9.00407e-08;0.995983;9.15255e-05;4.19114e-07;3.54408e-08;9.3936e-06;0.000418457;0.000256058
3.96963e-06;0.00017656;7.13703e-07;3.86528e-07;4.87239e-08;5.15633e-09;9.73004e-08;0.976985;8.63361e-06;7.33086e-08;1.15509e-06;2.87357e-07;0.0228234;2.43968e-09
0.000157924;0.0351807;4.31175e-05;6.73804e-05;8.71747e-06;1.72925e-07;3.4869e-06;0.0944236;0.00019929;7.91202e-05;0.000125764;0.864331;0.00536145;1.86134e-05
2.79172e-07;0.999615;3.21851e-09;2.0878e-05;3.01075e-08;1.46398e-08;1.30934e-07;1.80027e-05;1.61677e-07;9.97488e-06;1.16641e-07;0.000321803;4.83758e-08;1.41093e-05
3.62102e-05;0.98967;0.000135271;5.52023e-06;3.80572e-09;1.52053e-08;7.21876e-05;0.0010053;1.54964e-05;5.92117e-07;0.00258028;0.000180175;0.0062994;5.65965e-08
3.61674e-07;0.0169585;6.67505e-09;3.61003e-06;0.000231669;1.81262e-05;2.17048e-08;0.00427437;1.47549e-08;1.32347e-06;4.73059e-09;1.36239e-05;5.08999e-05;0.978447
1.99684e-06;0.00129929;1.6116e-09;8.4296e-07;8.05465e-08;1.57977e-07;5.25578e-06;0.000911056;1.75902e-06;2.509e-08;4.39832e-05;2.2986e-07;0.997735;1.74623e-07
4.29776e-05;0.000502065;2.66832e-06;6.25547e-06;2.17581e-05;6.59705e-07;2.65878e-08;3.61025e-05;1.43503e-05;2.38672e-07;7.31717e-06;0.99728;0.000996556;0.00108881
3.24392e-06;0.706453;1.66433e-05;1.80231e-06;2.46051e-07;8.16651e-08;1.81775e-09;5.44147e-08;1.74627e-09;3.91801e-08;1.47361e-07;5.69454e-05;0.293468;2.33796e-08
3.61281e-07;0.0032446;7.29059e-06;3.163e-06;3.16523e-06;2.40676e-07;6.87078e-10;0.000281095;4.57298e-07;7.53003e-09;9.78805e-06;0.996419;4.61254e-06;2.64248e-05
1.18118e-06;0.710629;1.43407e-06;4.03457e-05;0.00297185;3.28919e-05;7.71193e-06;0.199579;6.4511e-07;9.55118e-06;1.16417e-05;0.0804362;0.00545489;0.000823825
3.50518e-09;1.78859e-06;5.51639e-10;3.00088e-09;3.69654e-12;4.99272e-07;3.8129e-08;7.01201e-10;9.30645e-09;4.19145e-10;1.63576e-06;3.66543e-09;0.999996;2.93353e-10
9.77506e-10;5.63339e-07;0.999999;4.17966e-09;4.70129e-10;2.37148e-10;1.24109e-11;2.21333e-09;4.92605e-12;1.43334e-09;7.02247e-11;3.46053e-07;3.51635e-10;2.50327e-09
3.0676e-08;0.996818;6.9695e-08;2.40185e-06;2.97079e-08;5.20782e-07;8.65168e-08;0.00304877;3.92079e-06;1.15793e-07;2.41452e-05;1.22908e-06;9.84394e-05;2.34409e-06
