3.41624e-05;0.991637;0.00177767;0.000455545;2.30069e-05;4.80652e-07;2.90148e-07;2.83942e-05;1.70731e-06;8.91121e-07;2.47613e-06;0.00586512;0.000163671;9.94297e-06
5.81115e-06;0.999852;8.24475e-06;1.49451e-06;1.80127e-06;2.64894e-09;4.60728e-09;3.54338e-06;5.14197e-10;7.01841e-08;3.25031e-09;2.27678e-05;0.000103287;5.90936e-07
4.30229e-05;0.0269069;1.15517e-09;7.73839e-06;0.00642663;4.48909e-06;1.09109e-06;0.00151845;1.32177e-06;2.57322e-05;6.52267e-08;7.8079e-06;5.37526e-06;0.965051
1.74132e-05;0.000975311;0.0136479;2.75765e-05;0.0107347;0.0210181;5.06895e-09;0.00080464;1.89215e-07;4.75525e-07;4.90692e-07;0.939751;4.61918e-05;0.0129763
0.00020263;0.838718;3.66624e-09;1.00443e-06;1.83015e-06;8.92387e-06;0.0801132;0.00081304;3.62757e-05;0.000370111;0.000150263;5.79004e-10;0.00741402;0.0721702
2.30231e-11;1.56272e-10;1;2.46275e-11;4.74817e-13;1.54827e-10;4.65148e-09;1.78449e-10;2.66704e-10;5.45364e-10;4.62059e-10;1.40686e-14;3.2725e-11;2.33145e-12
3.85239e-10;5.86408e-09;1;5.71005e-10;2.95895e-12;2.16463e-10;1.11547e-09;3.82264e-08;1.00925e-07;1.81151e-10;2.55671e-09;9.16503e-09;6.83341e-10;8.04312e-12
4.39008e-08;2.68752e-06;0.000540162;9.59112e-07;7.66213e-08;3.47494e-07;2.5606e-09;1.22027e-05;1.28512e-05;3.5452e-09;2.11615e-06;0.999044;2.61748e-07;0.000384265
2.75612e-06;0.0031631;5.16017e-09;1.78976e-08;1.59084e-05;1.25798e-05;1.65993e-07;0.993758;2.53024e-07;3.90587e-08;4.88456e-08;8.26028e-10;0.00300939;3.78658e-05
7.68787e-10;6.1155e-06;1.52832e-06;5.89352e-08;2.74407e-05;2.46486e-06;3.32184e-11;1.03335e-05;4.18068e-09;1.13012e-10;4.46682e-08;0.999915;4.28945e-06;3.31147e-05
3.08549e-11;0.999997;4.05563e-11;2.3436e-11;2.13898e-10;1.74027e-09;3.02721e-09;1.44086e-06;1.70196e-13;1.03999e-10;1.11632e-12;1.12214e-12;6.34825e-07;9.65031e-07
1.34049e-13;1.2747e-10;0.999996;1.40556e-12;9.34181e-12;5.05622e-11;1.56682e-14;4.46316e-13;1.80384e-15;1.99006e-13;4.23715e-15;4.1007e-06;5.99335e-12;3.14275e-11
1.83394e-07;0.97002;1.86681e-09;2.58951e-06;1.73606e-06;2.98285e-06;6.29344e-07;0.00129135;2.55612e-07;8.75349e-08;9.08199e-07;3.08527e-05;0.0286417;7.25614e-06
6.49343e-08;0.00232566;6.98262e-10;4.90819e-06;4.23351e-05;1.05598e-05;2.7189e-08;0.995268;2.65625e-06;6.76986e-07;4.2001e-07;1.91089e-06;0.00233117;1.18169e-05
1.61364e-05;0.97915;0.0142402;0.000152288;0.000666997;1.01518e-05;2.02274e-06;0.000533146;7.06322e-09;0.000544125;1.5019e-08;0.00434489;8.91348e-06;0.000331423
5.11253e-06;2.0271e-07;0.999695;1.75407e-06;2.26213e-07;1.13406e-08;7.93743e-05;2.57035e-08;9.66056e-05;4.66116e-07;0.000106809;1.40838e-05;2.92978e-07;3.7264e-08
0.000442558;0.450865;0.00154306;0.000156163;3.4517e-05;1.38258e-06;4.5671e-06;0.543208;0.000321358;4.46157e-06;2.86203e-05;0.00292023;7.20854e-05;0.000398112
2.54706e-05;0.985709;3.74019e-07;2.71289e-06;0.00638359;4.88792e-05;2.79313e-05;0.00697014;0.000239663;3.16041e-05;1.03414e-05;2.01511e-05;0.0001214;0.000408529
1.34664e-05;0.0775699;0.00540315;1.36418e-05;0.170988;0.0170831;2.71119e-07;0.00101317;3.17024e-07;3.61136e-05;1.00774e-06;0.514056;0.00125344;0.212569
2.10348e-06;0.000632357;2.36128e-09;4.13564e-08;8.53873e-06;8.11683e-07;7.87761e-09;0.995998;5.48686e-07;2.81127e-09;6.03122e-08;6.75415e-05;0.00328834;1.13806e-06
3.09769e-06;0.974229;6.13227e-07;6.20746e-06;3.42111e-07;1.6072e-07;8.1367e-09;0.0110886;4.49348e-07;2.47068e-07;1.54546e-07;0.000835488;0.0138315;3.83961e-06
0.000122525;0.234963;0.00118246;0.0122392;0.00884134;0.00310088;1.32229e-06;0.215764;1.36093e-06;0.000718969;2.1382e-05;0.201105;0.00318252;0.318757
0.000121064;0.937648;2.23423e-08;5.56687e-05;1.8116e-05;1.20611e-05;2.65586e-05;0.0463144;4.11722e-07;1.37353e-05;7.79972e-06;0.00395792;0.00107764;0.0107471
1.18156e-05;0.0681661;3.9479e-05;3.9635e-06;9.16874e-05;0.00018406;3.17681e-06;0.381249;4.15594e-07;1.28804e-05;7.51634e-06;0.518387;0.0317129;0.000129521
6.01658e-07;0.000909749;3.95953e-08;9.99825e-07;7.29798e-06;3.17879e-06;3.71324e-07;0.000708467;8.28341e-08;2.151e-07;4.4647e-07;0.00165368;0.996707;7.66337e-06
1.81396e-06;0.327541;8.17087e-09;3.0253e-07;4.07653e-07;1.97868e-07;2.3223e-08;3.47211e-07;3.70643e-08;1.30697e-08;1.6421e-07;0.0119604;0.660494;4.35189e-07
1.23789e-05;0.0246593;0.000112901;5.57283e-05;0.0195535;0.0665312;9.26453e-08;0.0632735;9.05656e-08;2.62239e-05;2.34899e-07;0.287663;0.443904;0.0942079
2.67584e-05;0.0444966;1.10956e-07;0.000314392;0.000141855;0.017321;2.44356e-05;0.115987;5.59395e-05;2.40899e-06;0.00626021;8.81231e-05;0.815226;5.55381e-05
8.13078e-06;0.939298;0.0151087;9.84345e-06;1.55014e-05;5.83851e-06;2.78472e-08;0.000150052;1.19803e-08;6.27547e-07;2.40836e-07;0.0449217;0.000167406;0.000313812
3.47578e-09;0.00188317;1.16033e-10;9.02816e-09;8.15644e-09;4.48518e-08;1.85613e-09;2.85161e-07;1.7794e-10;1.50063e-09;4.05145e-08;4.59596e-06;0.998112;3.20591e-09
2.45194e-06;0.534068;1.53996e-07;2.86836e-05;0.000227419;0.000165055;0.00886078;0.00587129;6.16112e-06;0.00215393;9.11703e-05;1.28765e-07;0.000897919;0.447627
1.48453e-09;4.63491e-09;0.999998;3.02716e-07;6.56149e-11;9.89296e-10;4.76586e-08;1.07026e-10;1.7895e-08;3.45549e-08;1.00139e-06;1.07417e-07;8.13974e-11;1.79628e-09
5.01656e-05;0.527997;0.00125269;2.54932e-05;1.61334e-06;9.31877e-08;5.09306e-06;0.0125754;7.78131e-07;2.02433e-06;0.000388889;0.456928;0.000771954;1.08259e-06
8.7261e-09;0.998969;1.06473e-10;1.23777e-05;5.60607e-07;1.16464e-07;0.00014704;2.85141e-05;4.51162e-09;0.000659683;8.6762e-07;7.91417e-08;1.93688e-06;0.000179562
5.23912e-08;1.47049e-07;0.995487;7.45175e-06;8.4358e-08;0.000561899;1.40378e-05;4.99575e-08;2.41133e-07;2.97378e-07;0.00197381;4.07853e-08;0.00195421;1.84788e-07
2.37586e-06;0.12849;0.870828;5.80031e-07;4.98055e-05;7.57101e-06;1.24983e-07;9.69305e-05;7.62257e-10;1.18827e-06;1.0433e-08;0.000284024;0.000234166;5.66591e-06
2.79516e-07;0.000448953;2.06013e-09;7.20355e-09;6.31472e-08;7.33655e-08;6.33247e-08;0.0011639;1.82997e-07;3.48898e-08;8.72821e-08;1.26907e-05;0.998374;2.69202e-10
0.000144335;0.263884;8.10464e-08;0.00396792;0.00901406;0.000681714;1.40892e-05;0.0764709;0.0632003;9.84594e-05;0.00691002;0.00175803;0.0546738;0.519182
1.44704e-06;0.999791;1.54264e-05;3.04554e-05;2.50931e-06;1.88519e-08;1.79035e-08;8.04053e-05;9.55515e-09;6.61881e-07;1.10972e-07;5.19702e-05;1.12365e-05;1.47139e-05
0.000246006;0.359274;6.77968e-08;6.73275e-05;0.0121128;5.92846e-05;3.46161e-06;0.581181;0.000108546;2.24178e-05;0.00121461;0.0353317;0.0102822;9.63776e-05
1.02616e-05;0.787267;8.67071e-07;0.000128761;0.00171307;0.000276745;0.0136554;0.00505768;4.10641e-06;0.0414843;1.95205e-06;1.26418e-08;1.61888e-05;0.150383
4.40197e-11;1.0114e-11;1;1.60585e-09;4.42984e-11;1.4511e-10;1.5543e-11;4.9179e-13;4.30318e-11;4.5703e-11;8.57821e-10;5.45576e-09;2.4965e-12;5.15412e-11
0.000365067;0.91147;4.73577e-05;3.12391e-05;1.83451e-05;0.000188455;0.000128846;0.067995;8.87532e-06;2.95813e-05;6.04123e-05;0.00375355;0.0119715;0.00393187
3.0092e-05;0.0633261;8.03808e-07;1.68571e-05;2.47633e-07;3.52633e-06;2.11144e-05;0.00165458;0.000119029;1.395e-06;0.00216006;3.97446e-06;0.932661;1.16204e-06
2.12762e-07;0.00777581;1.40014e-10;1.47969e-09;4.20835e-07;3.8106e-11;3.12671e-09;0.992224;3.46931e-08;1.28061e-08;1.9798e-09;8.94984e-09;1.06808e-08;1.13037e-07
1.12446e-09;1.11641e-05;0.999981;1.93648e-07;7.03832e-08;8.14631e-08;1.99817e-11;9.22125e-10;1.87325e-11;4.43683e-09;7.68457e-09;1.588e-06;5.64463e-06;4.70263e-09
1.5125e-07;0.999121;7.9372e-09;2.71463e-10;5.02617e-12;2.0318e-11;0.000858518;6.85124e-08;2.92736e-09;1.1426e-06;1.18017e-07;3.16939e-08;1.94746e-05;5.68784e-08
2.13177e-11;9.70824e-12;1;1.71946e-10;1.134e-09;1.53899e-12;6.62152e-11;2.92422e-11;5.18942e-10;1.50106e-11;2.46051e-10;1.02268e-08;4.31367e-13;3.73008e-11
2.1799e-05;0.0168296;6.42347e-08;7.19742e-07;8.18972e-05;3.95292e-08;3.64086e-07;0.982825;0.000203896;1.88293e-07;1.61157e-06;3.59835e-07;3.22856e-05;1.81646e-06
4.50067e-05;0.0219868;0.774722;4.52913e-06;0.00125082;1.54608e-05;2.67197e-06;0.000195268;4.10075e-07;2.1341e-05;3.31154e-06;0.199228;4.74475e-05;0.00247669
2.12181e-05;0.897617;4.50391e-08;8.52022e-06;0.000100377;1.33888e-05;3.5872e-06;0.0817278;0.00101289;1.33816e-07;0.000302936;0.0100279;0.00401936;0.00514459
4.14769e-06;0.998091;1.94806e-06;1.3528e-09;1.2524e-08;5.35056e-10;2.40286e-08;3.65444e-06;1.21692e-08;2.13107e-09;1.47122e-09;4.74619e-06;0.00189416;1.0995e-09
2.22937e-06;0.0215775;1.04188e-08;5.6204e-06;0.00100598;0.000382765;5.05566e-05;0.0173474;3.13088e-05;0.000203998;1.20702e-07;1.58849e-06;1.18787e-06;0.95939
2.73591e-10;2.25335e-09;1;2.85376e-10;2.47357e-11;1.00834e-10;2.46907e-10;1.26071e-11;2.95918e-10;3.25512e-11;1.73871e-10;6.69429e-10;5.85504e-12;3.45009e-12
0.00011443;0.0788209;6.98197e-06;7.73694e-05;0.00239992;0.000339735;1.29341e-06;0.036245;0.000297165;1.47473e-06;0.000115565;0.860601;0.00328311;0.0176964
5.91307e-05;0.12877;1.22925e-08;8.87766e-05;0.000556492;0.000145287;0.00015764;0.150096;3.47101e-06;7.41397e-05;0.000283365;0.0037653;0.709995;0.0060052
1.54338e-06;0.000380823;0.00046142;0.000416129;2.27944e-06;1.41876e-06;7.69768e-07;0.000206018;8.08237e-07;7.77278e-07;0.000325118;0.988904;0.00929603;2.77803e-06
7.64614e-06;0.000390573;4.53909e-09;0.000170052;0.000197892;9.48387e-07;2.02139e-05;0.998683;7.2067e-06;6.24338e-06;0.000205258;7.7617e-06;0.000282386;2.06184e-05
3.27269e-05;0.00116677;0.994799;0.00184145;9.41371e-05;4.66581e-05;7.24975e-06;4.34257e-06;3.75973e-07;3.59973e-05;0.000132543;0.000444955;0.00129122;0.000103207
0.000178342;0.928006;0.0714316;3.59566e-06;6.35138e-06;4.3899e-09;1.29922e-05;9.7452e-05;8.90827e-07;6.46016e-07;2.1671e-06;0.000252764;1.31214e-06;5.82435e-06
9.95065e-05;0.450081;1.35319e-07;0.00133384;0.000943765;0.000271815;1.75317e-06;0.509663;0.00170482;5.52993e-06;0.000240623;0.00113352;0.0327871;0.0017332
2.026e-05;0.978817;0.000127741;4.76304e-06;8.6397e-07;1.08444e-06;3.45475e-07;0.000535657;3.18212e-08;5.05947e-06;1.7084e-07;0.0203632;0.000120516;3.38087e-06
2.38896e-08;2.20453e-10;0.999999;1.0256e-08;1.85426e-09;1.41588e-09;2.62036e-08;8.81879e-10;5.14028e-07;3.18717e-10;4.45023e-07;3.90421e-08;3.40334e-09;7.33939e-09
9.09836e-05;0.00167112;0.476841;0.000109365;2.12523e-05;7.85406e-06;2.91739e-08;0.249204;0.0011;6.61741e-07;1.25366e-05;0.270537;8.32951e-05;0.000320561
4.35483e-06;0.989517;2.08908e-09;4.91991e-07;0.00475818;6.45129e-05;3.33105e-07;0.00434796;5.22359e-06;6.11688e-06;7.38437e-07;1.72855e-07;0.000367905;0.000926667
8.53273e-07;0.0173377;0.00143617;2.16586e-06;0.0204166;0.00947365;8.96808e-09;2.32673e-06;1.165e-08;7.34805e-06;2.25274e-07;0.701182;0.000393574;0.249747
9.30352e-07;0.994061;8.10857e-09;5.05765e-07;1.94461e-05;1.56838e-05;3.35414e-08;0.0035456;5.78751e-07;1.18903e-07;2.33562e-07;6.25891e-06;0.00168704;0.000662126
2.29518e-07;1.51532e-06;5.70403e-10;1.59467e-07;1.56056e-06;7.36313e-08;3.88885e-10;0.999995;1.22152e-07;1.81633e-08;2.36313e-09;1.1025e-07;1.31625e-06;6.58857e-09
0.000108072;0.230671;2.67456e-05;0.0131028;0.0321107;0.000179402;1.08438e-06;0.0428523;7.61106e-07;0.000171734;9.45949e-07;0.0802635;2.34582e-05;0.600488
0.0143037;0.604027;0.0102058;0.00252871;0.000726304;0.00810694;0.0287074;0.00285895;4.08728e-05;0.0227566;0.00296781;0.000708518;0.00181498;0.300246
3.7838e-10;5.95469e-12;1;2.2792e-10;2.79196e-11;5.52825e-12;1.53405e-10;6.41075e-11;9.1684e-09;3.29156e-12;9.17244e-09;1.00586e-08;1.4739e-13;1.37346e-12
3.43521e-06;2.16693e-05;1.44699e-05;9.16785e-06;4.19368e-08;3.57088e-09;3.52753e-08;4.2711e-06;0.00214488;2.31098e-09;9.93758e-05;0.997701;1.68277e-06;2.55828e-08
9.73151e-06;0.982951;5.26706e-05;9.60934e-07;1.28715e-06;4.05541e-07;1.69081e-09;3.29119e-06;1.67316e-06;6.74494e-08;3.64879e-07;4.48157e-05;0.0169238;9.7676e-06
4.37353e-08;0.000716011;3.39193e-08;3.11635e-10;0.00040869;2.71876e-08;4.59615e-13;0.998813;3.32805e-11;1.21317e-09;1.32199e-12;2.1144e-06;1.46966e-08;6.00121e-05
2.63575e-10;4.53301e-06;0.999832;5.77173e-09;0.000155535;7.79971e-07;7.33601e-12;2.77067e-09;6.73871e-13;8.9337e-09;2.3393e-12;4.97113e-06;9.26539e-07;1.457e-06
1.49794e-05;0.000140917;0.00010839;1.15838e-06;7.41931e-06;3.93249e-06;1.15583e-07;0.759253;0.000104876;8.7409e-08;8.83937e-06;0.000201088;0.240156;3.04664e-08
