0.000113227;0.436459;7.30998e-05;3.78721e-06;3.54566e-05;5.55109e-05;1.83962e-06;0.0395031;1.14179e-05;4.78721e-06;4.98943e-06;0.00892005;0.514742;7.14671e-05
1.25538e-06;0.957287;9.01332e-06;2.64403e-05;7.79888e-06;3.26947e-05;3.34384e-07;0.000318286;1.50659e-06;7.5321e-06;2.3202e-06;0.00219635;0.00450427;0.0356052
1.09103e-05;0.00326244;0.845679;0.000429444;0.00203168;9.75758e-06;1.21461e-07;4.71796e-05;6.04237e-07;1.03266e-05;5.15743e-06;0.14057;0.00758234;0.000360896
2.80415e-06;0.997436;9.02171e-10;7.65933e-07;1.89135e-09;1.70603e-09;0.00222819;2.71066e-08;4.37953e-05;7.88174e-05;0.000133806;7.0983e-08;3.69181e-05;3.81507e-05
1.70751e-05;2.02692e-05;2.02406e-06;1.6294e-05;3.32011e-07;9.24253e-07;0.20631;9.40681e-06;0.0204756;1.29616e-05;0.773091;1.80319e-07;3.92972e-05;4.3737e-06
4.74978e-07;0.008159;5.26179e-12;4.55302e-11;3.51111e-09;2.42769e-10;3.41575e-09;0.991821;1.33873e-07;2.38971e-10;1.76612e-08;2.78151e-08;1.90522e-05;6.03923e-10
5.74416e-09;0.000244794;4.64804e-06;4.024e-06;7.28453e-05;8.91007e-06;5.88474e-11;0.00699363;4.48642e-09;3.03573e-08;2.79396e-08;0.992088;0.00044082;0.000142524
4.04299e-05;0.979962;7.2101e-05;5.40353e-05;0.000114278;6.65436e-05;6.47042e-05;0.00786353;5.1303e-05;1.11268e-05;0.0034716;9.23933e-05;0.0081289;7.46878e-06
3.37077e-05;0.983626;1.74089e-06;0.00018808;0.00304485;5.33224e-05;5.66163e-05;0.00403239;0.000151825;6.76403e-05;0.000210706;0.00826719;0.000186414;7.94296e-05
4.40395e-05;0.000120308;2.00865e-08;5.12023e-06;0.981901;0.00721691;1.17121e-06;0.00500828;5.16082e-05;7.72505e-06;8.25065e-07;0.000580955;0.000248633;0.00481328
0.000200779;0.995001;6.57489e-09;6.85939e-07;8.43556e-07;4.1986e-09;2.50397e-05;0.00451518;0.000201241;3.98967e-07;2.63529e-06;1.53606e-07;5.14244e-05;1.05948e-07
4.34586e-07;0.999965;7.17002e-07;3.70216e-07;8.62844e-07;5.83329e-10;2.31742e-10;2.49496e-05;5.87119e-09;6.00528e-09;4.71265e-10;6.20893e-06;1.41397e-06;5.83106e-08
8.16173e-09;0.999964;3.99037e-13;1.9506e-09;5.2964e-10;2.4107e-11;6.25766e-06;1.13731e-06;8.4761e-11;2.29841e-06;2.21099e-11;1.08775e-11;2.58294e-05;1.36667e-07
1.71222e-14;7.01586e-15;1;3.60883e-13;1.78502e-11;1.74644e-13;3.84891e-14;3.31155e-14;4.15775e-14;7.16359e-14;7.71143e-14;6.72922e-08;2.21686e-18;1.89252e-13
2.43637e-08;0.134066;5.75999e-11;6.87694e-08;1.83551e-06;1.11061e-08;1.10893e-06;0.205958;1.16057e-06;1.11922e-08;6.42133e-07;5.60196e-09;0.659972;1.04358e-09
2.63949e-06;0.845968;0.0739599;0.003351;0.000398156;0.000114088;8.59797e-05;0.000203415;2.40731e-06;7.52661e-05;0.000205624;0.00877052;0.000596118;0.0662666
7.47923e-06;0.10067;3.69125e-08;7.6696e-09;4.87581e-06;8.9539e-09;6.34152e-08;0.899155;5.89566e-09;1.71837e-08;2.62126e-08;1.69912e-06;6.30854e-05;9.78184e-05
5.31775e-06;0.844127;1.78467e-05;2.85303e-06;0.00173926;4.97193e-05;1.87617e-05;0.14178;5.99014e-07;1.05936e-05;8.7611e-07;0.000945837;0.00185489;0.00944654
5.96559e-10;4.89882e-11;1;6.99928e-10;2.42281e-10;6.94229e-11;6.9062e-11;1.17484e-09;1.32431e-08;3.63135e-11;2.47218e-09;9.16308e-11;1.97895e-10;4.62178e-11
1.48472e-08;2.29216e-08;0.999958;3.7706e-10;3.30648e-10;2.50218e-10;1.23001e-11;8.72014e-06;8.71079e-09;2.62738e-11;2.24855e-10;3.32653e-05;1.51687e-09;1.65341e-10
4.94343e-07;0.000644506;2.55104e-10;6.19077e-09;7.47971e-06;0.000169711;1.17204e-06;1.18136e-06;5.35867e-08;2.87087e-05;4.02501e-10;1.00279e-13;1.99367e-06;0.999145
2.9919e-11;2.29323e-12;0.999999;4.72956e-10;1.51735e-09;5.12386e-10;1.20892e-12;2.96024e-15;4.43185e-10;2.12834e-11;1.14441e-10;5.34266e-07;3.66224e-13;2.06022e-09
2.38703e-06;3.51021e-07;1.3206e-07;6.55933e-07;0.000118977;8.50411e-07;1.20851e-10;0.999864;1.23318e-05;3.05705e-09;2.05694e-08;9.60193e-08;2.76806e-08;9.24202e-08
2.6827e-06;1.36058e-05;5.04265e-06;6.30483e-08;1.33102e-05;3.30213e-08;1.38047e-12;0.998417;4.04885e-07;1.07853e-09;1.91817e-09;1.31786e-05;0.00153489;2.42317e-08
1.61688e-07;0.00417672;0.994553;6.74358e-07;0.000735052;2.32397e-05;5.79196e-11;4.66687e-06;2.95224e-11;3.98773e-07;2.0383e-10;0.00031666;0.000127771;6.14115e-05
3.36887e-07;0.903419;5.56461e-06;4.56265e-06;3.32544e-05;1.14438e-06;2.58511e-07;0.000836104;2.65848e-07;2.39346e-08;1.03456e-05;0.0948799;0.000725251;8.43624e-05
1.10167e-06;0.0287715;3.65914e-11;6.62894e-05;0.000527895;4.96133e-06;2.0605e-06;0.970146;0.000151339;7.7028e-07;0.000260739;1.49501e-05;5.12906e-05;6.60862e-07
9.84533e-06;0.985228;6.24119e-11;1.4607e-05;8.94864e-06;2.79855e-08;1.2886e-07;0.0074328;9.59902e-07;1.3472e-06;5.54487e-06;0.00253266;0.00475324;1.15513e-05
0.00121476;0.000254536;5.37509e-07;5.59159e-08;1.83906e-05;3.04408e-11;1.48566e-06;0.998474;3.23063e-06;1.65137e-08;6.33015e-06;6.24871e-06;2.06309e-05;2.19579e-08
5.63527e-06;0.000172834;0.999756;2.18192e-06;1.58965e-06;1.67492e-08;1.75416e-06;2.51694e-06;2.14325e-07;1.36269e-05;3.11553e-07;3.55269e-05;1.65238e-06;6.04331e-06
0.000965951;0.12439;6.98965e-06;2.05613e-05;5.10787e-06;1.49133e-05;0.000687315;0.0077502;0.809927;1.05619e-05;0.036342;0.00185838;0.0180165;4.6541e-06
