7.52692e-08;0.00288615;2.7555e-12;4.69029e-09;8.81966e-11;4.73725e-09;3.75438e-08;9.26946e-09;1.41669e-08;2.2919e-10;1.45446e-07;7.48412e-08;0.997114;8.70403e-13
8.37198e-08;0.000554216;0.998291;2.19482e-06;4.28261e-06;9.45459e-08;4.08811e-10;1.91655e-06;1.86888e-09;4.7001e-08;1.15925e-09;0.000849691;6.81622e-09;0.000296887
8.05475e-07;0.961909;3.87818e-11;2.41315e-06;5.15352e-05;4.24346e-07;3.37519e-08;0.0379407;2.50768e-07;3.44259e-08;9.99696e-08;1.17295e-05;3.43271e-05;4.8654e-05
5.58904e-06;0.00042392;1.7228e-08;4.21152e-07;1.60423e-06;2.39102e-07;6.57584e-07;0.999338;3.07767e-06;8.55091e-07;2.53161e-07;0.000213495;1.07993e-05;7.30537e-07
0.000162035;0.988452;7.29895e-06;0.000117009;9.98046e-06;4.6041e-07;5.08126e-05;0.000620266;0.00031268;1.02969e-06;0.000104985;2.96922e-05;0.0101246;7.16765e-06
1.41029e-06;0.996302;1.13853e-09;1.13511e-05;5.57705e-07;3.18017e-06;2.84626e-08;0.00339191;7.32318e-08;1.10365e-06;4.71389e-08;1.50285e-05;0.000267498;6.03586e-06
1.56063e-05;0.000182278;8.06741e-08;2.59728e-05;3.98249e-08;7.56522e-08;9.77807e-07;0.00441293;6.86666e-06;2.96374e-07;0.00111036;0.000432981;0.993811;1.86921e-07
5.91972e-05;0.000220366;2.58627e-07;1.4464e-06;3.84124e-06;8.72393e-08;4.89894e-09;0.000547011;9.30654e-06;2.00478e-08;3.47366e-05;0.998498;0.000618639;7.40242e-06
1.20766e-05;0.997621;8.49585e-06;3.40464e-08;2.05705e-05;1.10384e-07;6.56035e-08;0.000908001;3.93524e-07;4.96638e-08;8.65632e-08;0.000235323;0.00117348;2.01099e-05
5.7353e-08;0.00798303;1.98944e-09;2.11125e-05;0.00022226;1.55544e-05;2.76848e-05;0.00139428;3.48509e-07;0.00110247;8.23701e-08;8.94548e-10;1.27437e-05;0.98922
1.28027e-11;8.92003e-12;1;1.01767e-10;1.88299e-13;3.74894e-13;1.10235e-11;2.85084e-14;1.17543e-10;2.13557e-12;6.98554e-09;1.26406e-09;2.00387e-12;9.12278e-14
6.97115e-05;0.013841;4.68271e-10;6.43126e-06;4.49588e-06;2.31564e-06;0.000216686;0.000203318;0.00257452;7.31348e-07;0.0117392;1.21033e-05;0.970884;0.000445836
3.20666e-05;0.931437;0.000267176;1.39054e-07;7.6723e-07;1.51043e-08;2.87037e-06;0.0155971;1.24431e-06;1.19907e-07;3.33935e-06;0.0274524;0.0252016;3.82467e-06
1.24311e-06;0.00773363;0.000244737;3.17384e-05;0.00230149;7.61844e-05;5.77758e-06;0.00173315;1.68016e-07;4.02376e-05;3.22923e-08;0.972025;0.00186601;0.0139407
8.88264e-05;0.00118613;2.07409e-07;0.00207712;0.00184299;0.000238093;5.95193e-05;0.0911902;0.889782;9.00668e-06;0.0128216;0.000321857;0.000362396;1.97602e-05
6.25829e-05;0.999799;1.41694e-11;6.01816e-07;5.02476e-08;2.61992e-08;4.31604e-08;4.31492e-05;1.76838e-06;2.73716e-07;2.45541e-07;1.77942e-05;6.71174e-05;7.08862e-06
2.11529e-05;0.00130997;6.21228e-06;3.69555e-06;5.18677e-05;5.76105e-07;1.7225e-08;0.000796105;2.76353e-06;1.84019e-08;1.03549e-06;0.992867;0.00493676;2.47619e-06
7.71908e-06;0.00278091;7.3976e-09;0.000150809;0.00128659;3.85451e-07;6.0737e-05;0.994632;0.000447145;9.45322e-06;0.000244251;5.76285e-05;0.000319154;2.70464e-06
1.97069e-05;0.00296802;0.996049;0.00022956;1.91808e-05;1.25187e-05;2.57181e-05;2.67006e-06;1.80003e-06;2.69594e-05;0.000140818;1.44863e-05;0.000106161;0.000382866
0.000670043;0.06805;2.57059e-06;1.08495e-07;1.29287e-06;1.82369e-07;4.08125e-05;0.930654;0.000468419;1.46823e-06;8.40179e-05;8.97565e-07;2.14144e-05;4.42438e-06
1.98786e-10;4.30642e-05;4.34636e-07;6.06141e-11;4.67167e-09;1.04495e-09;1.57579e-12;3.63622e-08;2.02659e-10;4.62465e-12;7.07476e-10;0.999956;7.60756e-09;1.43578e-08
2.82622e-07;0.99517;6.42643e-09;5.51447e-09;5.38147e-07;1.98121e-08;1.16622e-08;0.00010522;4.01554e-08;4.26929e-09;8.74727e-08;7.21655e-06;0.00471369;3.10315e-06
1.57015e-07;0.00661798;6.2859e-06;2.17106e-09;3.85561e-08;1.89273e-09;6.51189e-10;0.000776281;1.93035e-08;3.93726e-09;2.54246e-10;0.992533;9.78861e-07;6.5209e-05
4.01811e-05;0.00784679;2.05366e-07;1.72429e-06;0.000416934;0.000398554;7.39085e-06;0.986915;0.000112636;4.80842e-06;1.65157e-06;0.000278519;0.00224109;0.0017343
7.37641e-05;1.23253e-05;9.16706e-07;5.91562e-07;4.13681e-05;1.09752e-05;1.89143e-08;0.925386;4.42947e-06;1.30987e-08;3.86186e-07;4.73134e-06;0.0744555;9.3399e-06
8.10071e-05;0.113594;3.14418e-05;9.69999e-07;1.32312e-05;8.5633e-06;2.67676e-06;0.0101065;1.80447e-05;8.54294e-06;9.38572e-08;0.000418235;0.875628;8.86611e-05
3.29339e-10;5.27735e-08;1;1.69009e-09;1.821e-11;1.49656e-10;3.2105e-10;1.53995e-10;4.2398e-09;2.29169e-10;9.13915e-10;5.34039e-08;4.29556e-11;4.14163e-11
7.01078e-07;0.0180108;1.68797e-05;3.15319e-05;1.2888e-07;9.727e-06;7.06884e-07;0.00391633;0.000339094;2.65086e-07;9.5514e-05;0.977392;6.73061e-05;0.000118702
5.39397e-07;0.966108;7.99262e-08;1.20922e-08;1.72657e-08;2.54357e-06;7.54095e-08;2.41023e-07;9.59087e-09;2.37195e-08;1.40789e-07;2.04581e-06;0.0338848;1.10887e-06
4.41456e-09;0.000234524;2.81243e-08;2.18241e-08;3.2562e-05;4.07558e-05;1.59465e-11;0.000845418;2.6182e-08;1.11223e-10;2.92489e-08;0.998323;3.11885e-05;0.000492338
1.93834e-10;0.999991;1.35194e-14;6.17602e-12;2.91147e-10;8.39559e-10;2.69506e-09;8.18193e-10;1.47168e-13;1.12452e-10;1.78111e-12;9.87305e-15;8.8499e-07;7.74727e-06
4.32071e-11;1.40047e-09;0.999989;1.6215e-11;2.0904e-10;1.62408e-10;2.83784e-12;1.35948e-10;2.1166e-12;2.03204e-12;5.43505e-12;1.08639e-05;3.68362e-08;3.19007e-11
2.64049e-05;0.189815;5.05713e-08;0.000681218;0.000571469;0.000116045;2.6289e-05;0.176065;0.00795878;1.3194e-05;0.00752604;0.000902085;0.616268;3.1178e-05
2.30791e-07;0.929399;0.000467468;0.000105559;7.27664e-05;8.6863e-05;6.43671e-10;1.55485e-06;3.67115e-10;1.39089e-06;1.80811e-08;0.000386434;0.0694771;1.44605e-06
4.53439e-05;0.0367283;0.00255754;3.17983e-05;1.5056e-05;5.44981e-06;3.24559e-06;0.427812;2.03936e-05;6.45926e-06;5.93866e-05;0.52795;0.00472681;3.84367e-05
7.90254e-07;0.00785409;9.59421e-11;0.000349782;6.57688e-05;0.49693;2.46952e-05;5.41527e-06;3.33788e-06;6.0222e-05;4.65595e-05;5.46097e-08;0.24682;0.247839
1.50673e-06;7.49952e-06;0.730039;1.20188e-06;1.52192e-07;1.26283e-07;5.01946e-09;1.91163e-07;3.60625e-10;2.20106e-07;4.25601e-09;0.269944;6.98143e-07;5.23039e-06
2.08727e-06;0.99866;2.86312e-10;4.82052e-06;3.55536e-08;2.38791e-07;1.19532e-05;0.000157217;2.1938e-05;2.57545e-07;5.66077e-05;4.39284e-08;0.000981205;0.000103626
1.01894e-08;5.49682e-05;2.25999e-13;1.2399e-09;2.31294e-06;4.61703e-10;1.9601e-10;0.999943;3.23819e-09;4.96093e-09;5.94093e-11;8.5446e-09;3.18969e-09;1.05761e-07
3.0539e-09;1.21964e-06;0.999838;8.4719e-08;1.61905e-06;2.33182e-06;9.70312e-11;1.02645e-07;6.67095e-11;1.33426e-08;1.18328e-08;0.000153903;2.67426e-06;1.29579e-07
4.67401e-07;0.998132;5.64163e-09;1.17754e-09;7.22687e-09;7.83897e-10;0.00115281;0.000702874;1.47901e-08;1.42847e-06;2.9574e-07;5.72764e-09;9.52671e-06;7.74243e-07
2.27273e-11;3.98511e-11;1;6.13881e-11;1.25731e-10;8.14964e-12;5.06037e-10;1.81508e-11;1.39332e-09;2.31431e-11;3.29686e-10;7.03428e-08;1.02472e-11;8.95998e-11
1.15753e-05;0.11436;5.34337e-07;4.51194e-08;1.60574e-07;1.61021e-08;5.11279e-07;0.883378;1.25919e-05;1.12657e-07;1.31958e-06;1.85865e-06;0.00223337;4.56175e-07
4.98803e-10;4.68106e-05;7.53557e-09;7.11691e-09;7.84504e-09;1.16175e-10;2.93462e-10;6.88098e-08;1.73592e-08;1.16416e-09;4.67968e-08;0.999953;6.22386e-09;1.0942e-07
6.60566e-07;0.945056;1.31204e-08;6.04805e-09;1.67387e-09;1.41863e-09;1.18631e-07;4.9531e-05;2.2661e-09;5.19097e-09;1.11343e-07;4.44381e-06;0.0548888;9.04724e-11
4.75727e-06;0.987905;2.3502e-06;3.11054e-07;1.21488e-05;2.73451e-06;0.000546999;0.000815179;6.22347e-06;0.00109309;4.79048e-08;0.000111192;1.01461e-05;0.00948937
1.30024e-07;1.24325e-08;0.999991;1.45056e-07;5.14502e-07;5.11206e-06;3.32605e-09;2.21269e-09;2.71451e-06;1.08565e-08;6.60047e-08;7.39359e-08;1.85084e-07;1.19284e-09
0.0159669;0.840292;0.10378;0.00015907;9.91958e-05;1.67547e-05;2.47361e-05;0.0191313;0.00168318;3.65615e-05;1.7816e-05;0.00108728;0.0176967;9.42092e-06
8.74328e-05;0.021596;3.82887e-07;0.000552337;7.84879e-06;7.71705e-05;2.81043e-05;0.605981;0.339151;5.38912e-06;0.0164295;9.34352e-06;0.0155171;0.000557289
1.13314e-05;0.000924418;3.74346e-08;2.02477e-06;4.66121e-05;6.03247e-05;8.87278e-09;0.99821;1.26583e-06;5.20412e-07;1.68846e-07;9.3321e-06;0.00069884;3.4926e-05
1.09678e-08;7.746e-05;2.45962e-06;2.0412e-08;8.17759e-07;5.14623e-08;7.39299e-10;3.48044e-06;3.00788e-09;3.55564e-10;3.67382e-08;0.999906;1.71601e-06;8.10719e-06
1.35211e-06;0.148667;6.06784e-06;7.34924e-07;0.000244857;7.81487e-06;9.39861e-06;0.837887;9.91952e-06;2.92787e-07;6.596e-07;1.39171e-05;0.0131272;2.38036e-05
4.60367e-05;0.10152;3.84095e-05;0.000256734;0.0265944;1.09808e-06;1.92906e-05;0.44075;2.34404e-05;1.82907e-05;9.37553e-05;0.418734;0.0117439;0.000161071
0.00574131;0.0306424;9.9648e-07;0.000424634;0.00689411;3.45377e-07;0.000120845;0.672707;0.253715;1.34109e-05;0.0203027;0.00242088;0.00624199;0.000773934
1.77903e-06;0.999978;5.98026e-06;4.59224e-07;8.16895e-07;5.51423e-10;2.89369e-08;1.06202e-05;1.01023e-07;2.31423e-08;5.48943e-08;1.11216e-06;1.10435e-06;1.06881e-07
9.60215e-06;0.97131;0.000215341;5.31775e-05;8.87367e-05;5.36004e-06;5.90283e-08;1.25161e-06;1.89132e-08;1.43707e-05;2.0643e-06;0.0121068;0.0161631;2.95821e-05
6.57994e-06;4.68326e-05;2.73358e-07;7.55919e-06;2.8789e-06;1.04122e-06;6.10584e-08;3.27587e-06;4.79582e-05;6.66121e-08;0.00563934;0.994233;1.26765e-06;9.81981e-06
0.000130152;0.286422;3.15627e-07;1.10417e-06;0.0018442;0.000371967;4.35181e-05;0.591995;0.000206852;9.45403e-06;2.49463e-05;6.67945e-05;0.118838;4.55736e-05
1.04555e-05;0.00488922;2.78448e-08;2.65454e-07;1.30911e-05;4.22354e-06;3.63501e-06;1.88421e-05;8.29577e-05;9.25097e-08;4.33075e-06;0.000319474;0.994651;2.84743e-06
2.506e-05;0.000267828;0.99967;1.47705e-07;8.89692e-06;4.91386e-08;4.64267e-08;3.75262e-07;3.19536e-07;9.76308e-08;1.70608e-09;2.64087e-05;2.17321e-07;7.35667e-07
1.34093e-05;0.99668;4.89458e-07;1.06995e-06;1.10936e-07;2.34011e-07;5.89575e-06;0.00233422;0.000603306;6.40322e-08;5.69236e-06;7.86476e-07;0.00035384;4.4561e-07
1.28275e-05;0.003618;2.31555e-07;8.50753e-07;0.000141249;2.99721e-07;4.07648e-09;0.991188;8.71362e-05;1.25798e-07;7.54191e-07;0.00483587;0.000112804;1.54871e-06
5.99787e-09;0.976683;7.423e-08;5.14242e-08;8.05004e-08;8.54495e-09;3.93372e-05;2.41682e-11;6.55096e-11;0.000112918;4.55691e-11;1.06817e-10;3.42702e-10;0.0231642
8.13084e-11;1.45114e-13;1;3.21616e-12;1.45434e-12;4.18891e-13;6.36436e-09;2.1851e-13;1.54601e-09;1.94881e-11;2.93358e-10;2.33899e-08;3.13664e-14;4.95634e-14
2.23984e-08;0.000261717;1.52088e-11;1.82718e-09;7.86172e-10;1.84944e-09;0.999627;2.55771e-06;6.57383e-05;3.98785e-05;2.5499e-06;9.69083e-12;2.28721e-07;4.88592e-10
7.50355e-10;7.45338e-11;0.99999;1.46732e-09;8.33905e-11;1.64323e-10;6.97945e-07;5.4152e-12;1.02768e-06;8.4007e-09;8.31475e-08;7.67845e-06;4.23978e-13;8.03707e-11
9.5602e-05;0.526847;9.44978e-07;4.10442e-06;0.000113053;1.21692e-06;2.98146e-06;0.281629;6.72343e-05;2.23083e-07;3.80675e-06;0.118246;0.0729889;4.36051e-07
0.000154486;0.266862;9.60683e-07;7.73956e-06;5.37015e-05;0.000105812;6.71034e-06;0.184535;0.00069099;1.37953e-06;0.000326847;0.0568014;0.490444;8.99294e-06
3.48653e-06;0.0425796;4.14593e-08;1.84779e-06;4.23534e-08;1.01546e-06;0.949254;8.38357e-06;1.16453e-05;0.00810643;1.50176e-05;7.36761e-10;5.39763e-06;1.27695e-05
1.53671e-10;2.12545e-12;1;2.44178e-09;2.16974e-10;6.47803e-10;1.19565e-08;1.90333e-12;1.0936e-08;5.27653e-10;1.01393e-07;5.42714e-08;2.75795e-13;2.48593e-11
0.00082357;0.258209;3.83465e-06;3.77818e-06;9.80182e-06;1.31011e-06;0.000630205;0.736312;0.00142834;1.00557e-05;0.000450313;0.000134742;0.0019825;6.89768e-07
8.45722e-10;2.53705e-05;6.23101e-08;2.50967e-09;2.51651e-08;1.88e-09;7.99758e-10;8.03183e-08;6.03724e-09;1.51113e-10;2.71071e-08;0.999974;1.1316e-08;4.57646e-07
2.29876e-07;0.0442843;1.31026e-07;3.81212e-08;1.75958e-05;1.9699e-06;4.3606e-08;0.903043;2.18864e-07;2.03911e-08;1.27972e-07;2.49345e-06;0.052649;4.18801e-07
8.30514e-05;0.0587103;4.54042e-05;0.000115188;0.00146932;4.81918e-05;2.00101e-05;0.00845981;0.0025579;1.52631e-05;0.000348412;0.877452;0.0504092;0.000265763
0.00511547;0.093344;0.00211803;5.94234e-05;0.00138462;5.58886e-05;9.14241e-06;0.859037;0.0189267;1.31008e-05;4.7557e-05;0.000802286;0.0182599;0.000827406
0.000292818;0.00859485;6.14548e-06;0.000210871;0.000272328;7.6711e-06;9.61157e-07;0.0398567;0.908853;8.826e-06;0.000417048;0.00613627;0.0349581;0.000384943
0.000916;0.996893;7.69766e-05;0.000107085;8.81743e-05;2.82415e-07;1.58013e-06;0.000138117;0.000658869;7.31046e-06;4.13705e-06;5.34869e-05;5.73993e-06;0.0010494
0.000157527;1.95981e-06;1.20227e-10;9.28187e-09;2.78719e-07;6.83741e-09;4.11929e-08;0.998491;0.00125897;2.18615e-08;7.52983e-08;4.29606e-09;8.97657e-05;4.24771e-09
3.16486e-08;3.41327e-05;1.36012e-06;6.46967e-08;3.28595e-05;2.02175e-07;2.48022e-11;3.13166e-06;5.9662e-07;1.94027e-09;5.8709e-09;0.999927;3.76323e-07;3.89379e-07
4.91864e-05;0.350605;2.07171e-08;1.5784e-06;3.70844e-05;2.63202e-06;1.87914e-06;0.00304312;9.51235e-05;1.33385e-07;4.09443e-05;0.00469933;0.641413;1.13079e-05
2.09643e-06;0.00467988;8.6158e-06;1.48543e-06;3.48564e-05;2.44784e-06;1.67313e-08;0.401588;2.02126e-06;2.88647e-08;1.73603e-06;0.590925;0.00269851;5.60623e-05
1.13203e-05;0.592978;2.00155e-08;0.000706152;0.00180964;0.000495881;4.51199e-06;0.357489;7.35834e-05;8.40758e-06;0.000184046;0.000917711;0.00246278;0.0428594
0.0127591;0.858276;4.67678e-05;0.0018877;0.000569072;0.0011038;0.000432345;0.00667612;0.0136253;1.55796e-05;0.00413754;0.00396395;0.0918159;0.00469125
0.000630475;0.00186452;1.32865e-07;4.1921e-07;1.88797e-06;9.92531e-08;6.47112e-08;0.00449728;0.000465061;2.55246e-08;3.27919e-06;8.6981e-05;0.99245;1.0842e-08
5.48115e-05;0.0105872;5.64562e-06;5.20916e-06;5.31937e-05;2.72775e-06;6.20987e-08;1.9136e-06;6.40664e-06;6.87738e-07;3.14346e-06;0.123489;3.53689e-05;0.865755
9.67559e-07;0.30513;8.564e-10;2.07648e-07;0.000236896;2.5142e-09;5.2423e-08;0.694501;9.04802e-08;5.16313e-08;2.83798e-08;4.4772e-05;7.64538e-05;9.65124e-06
7.94236e-08;1.39141e-05;4.86437e-11;2.69394e-07;0.000295844;1.81508e-06;1.85624e-08;0.99963;4.45388e-07;6.2869e-07;7.61149e-09;5.37898e-08;5.7445e-05;1.15068e-08
3.71628e-07;2.2978e-06;0.999827;8.55681e-07;5.59142e-06;6.45945e-07;1.04044e-08;4.63427e-09;2.55956e-09;2.76823e-07;1.07457e-08;3.289e-05;1.38562e-07;0.000129645
8.53746e-05;0.895894;1.07191e-09;0.000149651;3.87684e-06;1.39138e-05;0.00055289;0.00160355;0.0222662;1.19826e-05;0.019934;2.11461e-05;0.00234028;0.0571235
9.69036e-07;0.0104953;4.04697e-09;1.44261e-07;0.000490215;1.48629e-07;7.65167e-08;0.988978;1.05657e-06;5.45791e-07;7.39318e-08;1.82921e-05;1.22742e-06;1.40851e-05
6.21345e-08;3.18826e-05;0.999685;2.0404e-07;6.02708e-06;0.000171343;1.06658e-09;9.14069e-08;3.03459e-09;1.59172e-07;1.48779e-07;5.63161e-05;4.65138e-05;2.16359e-06
1.969e-06;0.99631;8.21106e-08;2.10744e-09;3.14819e-08;4.26103e-09;0.000144135;0.00353207;8.06307e-08;6.00628e-06;4.62535e-08;1.12368e-07;5.36316e-06;4.99498e-07
4.32617e-09;1.58689e-08;0.999986;2.11074e-08;3.96248e-09;1.30045e-09;1.62585e-08;1.74778e-09;8.98804e-07;2.16902e-08;4.76996e-08;1.32863e-05;2.63283e-10;8.2346e-10
9.21869e-06;0.989665;9.91959e-07;1.45639e-07;7.76054e-09;3.40639e-09;1.62556e-06;0.00534295;3.49979e-06;3.02979e-07;1.60334e-05;0.000443739;0.00451701;2.14574e-09
2.55385e-08;0.998036;3.52453e-11;6.59503e-05;4.84161e-07;1.4522e-08;0.000143881;6.61614e-07;2.47924e-07;0.00167831;3.09439e-06;2.06624e-05;1.08888e-06;4.96216e-05
2.012e-09;3.08227e-08;0.999993;2.49465e-08;2.95698e-10;1.17582e-08;6.41829e-06;8.59116e-09;6.43707e-10;3.45972e-07;2.05322e-07;5.36844e-13;7.34742e-09;1.22609e-09
8.51252e-11;1.48754e-09;1;2.18964e-10;2.22933e-11;2.78419e-12;1.92628e-09;3.27909e-10;7.15487e-10;9.66962e-11;3.56526e-09;5.64317e-10;2.66633e-11;1.20847e-12
1.70093e-06;8.01524e-05;0.000237649;1.11544e-06;1.90012e-07;2.10567e-07;2.21093e-09;0.000118663;1.91485e-05;2.22316e-08;7.40373e-07;0.999495;1.15415e-06;4.42534e-05
8.1895e-06;0.935212;3.40098e-10;5.9091e-10;6.42644e-08;1.97089e-07;3.60544e-09;3.07001e-07;3.59462e-08;1.65958e-09;1.21687e-08;1.01126e-06;0.0647777;5.00474e-08
9.6643e-06;0.972633;3.86733e-06;1.04805e-07;0.000611543;8.23614e-07;0.000191009;5.27989e-05;1.27421e-06;6.21528e-05;6.03088e-09;0.00544661;2.99552e-07;0.0209873
3.01379e-10;1.98769e-11;0.999989;2.21172e-11;9.91037e-06;1.71472e-11;1.5382e-13;8.9304e-10;7.79648e-10;5.50284e-13;2.1637e-13;6.67224e-07;2.16447e-15;2.36381e-11
1.93719e-09;2.52647e-07;7.1414e-13;5.33898e-12;3.09611e-08;2.09542e-09;1.5436e-15;0.999999;7.69391e-11;8.3608e-13;1.11042e-14;2.88505e-07;1.28692e-08;5.62558e-13
1.86756e-07;0.000452176;4.16749e-08;5.08544e-09;3.69204e-08;4.72198e-08;3.95459e-11;0.999058;4.44934e-10;1.68515e-09;8.59965e-11;8.02637e-08;0.000489545;1.35944e-07
4.26996e-06;0.0153698;1.92988e-07;0.00143602;0.00655309;0.000103409;9.84005e-08;0.921837;4.91411e-06;2.57781e-05;4.74087e-06;0.0367506;0.000457962;0.0174521
0.000324362;0.107829;0.0003302;3.72136e-05;7.5586e-06;7.93626e-07;1.31229e-05;0.0109479;6.53107e-05;1.12143e-06;0.00394406;0.733955;0.142543;8.74391e-07
6.5107e-06;0.111242;0.000228055;7.31681e-05;0.00164142;0.000364794;4.62124e-06;0.0184553;3.41964e-06;0.000195436;3.04144e-07;1.88228e-06;0.85937;0.00841312
1.51753e-10;1.05851e-11;1;1.10745e-09;1.66483e-10;1.36984e-11;1.53318e-09;2.0151e-12;5.93524e-09;2.62555e-10;1.83122e-09;2.45704e-09;2.51042e-12;2.01212e-10
3.1953e-05;0.00122302;0.980127;2.63776e-05;2.29377e-07;5.57141e-07;1.14309e-05;0.00444292;0.0023311;1.12238e-06;7.62882e-05;0.0115849;0.000135258;7.39703e-06
1.01317e-05;0.00869562;1.26039e-05;2.75217e-05;0.0032746;0.309774;1.54872e-07;7.29303e-06;2.76273e-05;1.42711e-05;1.37086e-05;0.000379632;0.266309;0.411454
8.34248e-05;0.811817;0.184858;4.30359e-06;0.000377066;8.34326e-07;7.25351e-05;1.24273e-06;1.11669e-06;0.000111188;2.92851e-08;0.00193709;6.44629e-05;0.000671068
2.03426e-08;6.16814e-12;0.999999;1.55873e-10;1.61952e-08;3.20907e-10;7.91287e-10;1.43103e-07;1.13361e-06;9.37154e-11;2.58185e-09;2.28955e-08;2.37828e-10;2.75611e-12
2.56353e-07;6.10503e-06;7.81911e-10;5.07329e-07;5.00906e-06;8.27551e-08;7.33343e-10;0.998211;0.00173878;5.98378e-09;2.31908e-05;1.42703e-05;1.31005e-06;2.94504e-09
6.65132e-07;0.999314;1.91263e-07;4.58659e-07;2.06612e-06;7.23451e-09;5.5596e-10;0.000665018;3.81077e-09;2.22102e-08;4.65331e-09;5.25807e-07;1.65241e-05;6.86146e-08
0.000365829;0.208258;7.73577e-06;2.38689e-06;4.19721e-06;2.28969e-07;1.00504e-05;0.243818;3.85655e-05;6.355e-07;5.71073e-05;0.160406;0.387031;5.90832e-07
3.09099e-05;0.493472;0.000516124;2.13984e-05;0.00871668;0.000798808;2.48033e-06;0.00729935;6.50113e-06;2.15863e-05;7.93226e-07;0.479711;0.00800469;0.00139787
4.89754e-05;0.889317;2.31911e-07;2.77359e-06;3.64617e-06;7.41129e-06;4.50112e-06;0.00228434;0.00066328;4.61908e-08;3.61377e-05;0.0782433;0.0293671;2.16295e-05
0.00102261;0.151096;2.26162e-07;3.75403e-05;0.00022224;5.55113e-05;9.72476e-05;0.00753839;0.00606042;5.88258e-06;0.000343586;0.797627;0.0332012;0.00269243
0.00102524;0.170712;4.67155e-05;3.27189e-05;0.000154753;0.000536667;2.3019e-05;0.0363904;0.000342415;5.6543e-05;1.15228e-06;0.0298661;0.760479;0.000334133
0.000125662;0.0112469;0.000405469;0.000579302;0.000257358;0.00141513;3.63565e-05;0.0276881;0.0121338;1.50016e-05;0.000421763;0.920981;0.0243422;0.000352104
1.49667e-05;0.996808;3.13443e-08;3.89291e-05;5.70359e-06;1.95467e-05;2.57841e-06;0.000350384;4.15194e-05;5.49984e-06;7.36578e-06;0.000522746;0.00152307;0.000659986
0.000365905;0.396271;0.000115113;1.19356e-05;5.88983e-05;1.63885e-05;8.68554e-07;0.25806;1.18873e-05;8.35284e-06;1.39501e-05;0.342102;0.00285317;0.000110237
2.31159e-07;0.0153205;1.39859e-08;7.78701e-07;6.83593e-08;1.30789e-07;0.818452;2.24217e-08;5.61156e-07;0.165673;2.16703e-07;3.3944e-12;4.28793e-08;0.000553026
1.06105e-13;1.92519e-15;1;2.83846e-12;3.94159e-12;4.62704e-12;2.4442e-13;9.02488e-15;3.60734e-13;1.47702e-12;6.78058e-13;2.58019e-10;3.45622e-17;5.49664e-13
