1.92147e-06;0.997676;6.31128e-06;3.33835e-05;1.55114e-05;5.52163e-06;4.33468e-07;7.94988e-06;8.53556e-08;1.20597e-05;5.20448e-06;3.80483e-07;0.0021932;4.22797e-05
9.3315e-07;0.000113604;0.00445239;4.9132e-08;6.37034e-07;2.64459e-08;7.42787e-10;3.41616e-06;2.08375e-09;1.03134e-09;2.18321e-08;0.995429;2.47602e-07;2.42375e-07
0.00121804;0.759951;8.78989e-05;0.000146323;0.0483731;0.000253259;0.00222168;0.166913;0.0139106;7.19846e-05;0.00376139;0.00132705;0.000307981;0.00145634
1.47574e-05;0.938092;8.4296e-05;1.51209e-06;6.8679e-05;1.049e-05;1.32774e-07;2.59323e-05;2.26509e-07;1.95646e-06;4.61505e-07;3.22638e-05;0.0615995;6.81485e-05
8.20418e-06;0.0310665;2.1294e-06;4.92372e-08;1.69086e-07;1.00827e-07;4.98185e-09;0.000687795;1.37443e-05;1.55802e-08;3.14811e-06;0.968068;2.36686e-06;0.000148219
2.82731e-06;0.980966;2.05319e-08;4.55315e-07;0.000244194;6.09734e-05;3.03669e-07;0.0166851;1.00684e-05;1.06445e-07;3.649e-06;3.07752e-05;0.00199462;6.94791e-07
0.000102281;0.00493148;1.64224e-05;9.11486e-08;1.70178e-06;2.77228e-05;3.78027e-07;0.000603235;1.21058e-06;5.39378e-07;7.2128e-07;0.0107947;0.983405;0.000114362
2.12987e-08;1.75242e-05;2.70207e-08;1.62178e-09;5.41998e-09;1.60876e-08;1.08369e-09;0.000308739;4.12374e-08;4.91607e-11;1.17932e-07;1.5546e-08;0.999673;1.20228e-09
7.55298e-07;0.00749292;4.81139e-06;1.62961e-07;7.14259e-07;5.37443e-06;4.82352e-08;0.00697905;1.16677e-07;7.55774e-07;3.02246e-08;0.000887525;0.984445;0.00018223
2.48433e-11;7.53775e-10;1;4.72562e-10;5.5031e-10;6.78493e-11;1.84364e-10;2.71686e-09;3.02238e-10;8.92747e-11;1.22501e-10;2.25157e-09;1.03676e-09;4.00443e-11
2.03149e-08;4.50076e-07;0.993358;4.65247e-06;6.80709e-07;8.18675e-07;2.91144e-08;0.00318186;1.02265e-06;2.14056e-08;3.93568e-07;0.0034477;5.50007e-07;3.46025e-06
2.88832e-09;8.63346e-05;2.69772e-06;1.1605e-07;8.76989e-06;0.000993321;1.36153e-10;4.25567e-07;1.74556e-10;1.07536e-07;3.08708e-10;1.88288e-05;1.8964e-07;0.998889
4.53066e-08;0.000275289;1.86535e-11;9.97119e-08;9.76683e-09;2.02236e-06;9.02872e-08;0.0014347;4.04863e-08;4.25824e-09;2.74266e-05;3.78107e-06;0.998257;2.92036e-09
5.14246e-06;0.994891;4.63379e-10;2.02431e-06;1.11087e-06;2.41144e-06;6.12006e-08;0.00425498;2.39797e-07;3.2686e-07;6.83996e-08;3.93357e-05;0.00054799;0.000254779
5.96892e-06;0.0276788;1.35637e-08;5.24398e-06;0.000174986;1.62843e-07;2.32091e-08;0.971784;1.41037e-08;3.40736e-06;1.02344e-09;4.57292e-06;5.69637e-06;0.000337267
2.77054e-07;0.000440521;0.99918;2.06154e-05;0.000214193;8.87501e-05;4.03238e-08;9.95003e-08;1.88664e-10;1.51853e-06;1.00429e-07;1.40005e-05;1.34011e-06;3.88782e-05
1.42555e-06;0.001131;2.27866e-09;3.67574e-09;1.94519e-11;1.69013e-10;0.998651;2.82648e-10;1.10807e-06;3.69925e-05;0.000176064;1.8615e-08;2.00332e-06;4.11593e-07
4.58124e-11;4.20769e-11;0.999999;7.5758e-10;1.14975e-10;3.72785e-11;9.13487e-08;1.80069e-11;4.5746e-08;4.45974e-10;3.74662e-07;5.07839e-09;4.26023e-12;5.98272e-11
2.25441e-05;0.912552;2.3773e-08;4.2386e-05;5.08667e-05;4.02002e-07;0.000177201;0.0536036;0.0291106;2.78823e-05;0.00375214;0.00062449;2.81709e-06;3.29604e-05
1.75601e-05;0.682317;0.250218;0.00102403;7.12933e-05;2.38275e-05;4.53447e-05;1.22911e-05;3.38611e-07;0.000188445;0.000287024;0.00339399;0.0623562;4.41048e-05
0.000378071;0.316422;0.000129319;1.44605e-05;0.000130563;1.00875e-06;6.8018e-05;0.317461;7.57036e-06;3.82828e-06;0.000136213;0.31554;0.0496233;8.50618e-05
0.000238844;0.173472;2.19215e-06;0.000818339;0.178981;0.00415511;2.08031e-05;0.34227;0.00208763;0.000203753;0.000908636;0.256051;0.00143958;0.0393504
0.0132749;0.121677;8.6083e-06;3.65535e-05;3.56739e-05;0.000381932;0.00075875;0.000164187;0.162809;2.65577e-05;0.00211171;1.88512e-05;0.69861;8.68777e-05
0.0117808;0.240353;0.743374;4.62948e-06;0.000120068;1.25451e-06;4.52602e-06;0.000104131;5.76778e-05;9.76433e-06;8.80288e-08;0.00408337;2.5535e-05;8.15634e-05
1.03865e-06;0.994126;2.37269e-07;2.00856e-07;1.15527e-06;6.59429e-08;4.1457e-08;0.00576109;3.13354e-06;9.31072e-09;1.25315e-08;1.59471e-05;9.01862e-05;9.00763e-07
7.80285e-06;0.0592218;1.43059e-06;1.27316e-05;0.000143053;2.61551e-05;3.83842e-08;0.930572;2.15498e-06;1.17381e-06;9.24155e-09;0.00938404;0.000314079;0.000313249
1.57661e-06;0.00731449;9.83821e-11;2.73241e-07;2.64304e-08;7.85056e-07;7.63331e-07;0.00874386;4.18906e-06;2.19375e-08;5.98764e-07;5.66271e-06;0.983928;9.30811e-08
1.82013e-06;0.805929;1.84608e-09;3.83138e-07;1.51662e-08;1.99503e-08;1.30576e-06;0.000141775;5.27988e-08;1.25766e-07;2.33295e-07;5.01777e-06;0.193912;8.47288e-06
2.23541e-05;0.74725;0.00156543;0.000707337;9.01242e-06;1.5254e-05;0.0279887;0.000110748;1.36483e-07;0.0630543;2.47134e-06;0.00851048;0.000194386;0.150569
3.99865e-09;1.65547e-09;0.999978;1.53222e-06;4.0318e-09;2.80039e-09;3.37771e-06;1.79778e-09;2.16391e-07;1.74949e-07;1.48006e-05;1.58933e-06;4.13407e-11;9.09148e-10
1.91291e-05;0.837379;1.93779e-05;0.00042525;2.85012e-07;1.0628e-06;0.00185561;9.71709e-06;9.92359e-07;1.76284e-05;0.000998563;3.00356e-05;0.159244;1.45327e-08
4.63901e-06;0.0102912;6.44735e-05;3.63033e-05;8.3956e-07;7.59408e-06;6.20778e-06;0.0153234;2.32547e-06;2.04792e-06;0.000353714;0.87432;0.0995673;1.98243e-05
6.39746e-06;0.0123399;8.03352e-09;0.00238038;0.0497943;0.040085;1.13537e-06;0.834692;4.56571e-05;4.45204e-05;0.00196251;0.00204966;0.0466062;0.0099924
3.16297e-06;0.0105745;5.41872e-08;3.93016e-06;8.29798e-09;4.92138e-05;2.63818e-06;6.32591e-08;2.68729e-07;1.03632e-06;1.56054e-05;1.51167e-07;0.989346;3.45037e-06
2.40281e-05;0.010423;0.988667;2.43399e-06;4.07075e-07;1.67217e-07;1.58994e-07;6.009e-07;2.90527e-09;2.28451e-06;4.9126e-08;0.000857188;4.74062e-06;1.75695e-05
4.38112e-08;0.999922;1.27527e-08;9.47542e-07;1.73208e-08;2.68787e-07;2.25627e-08;1.92179e-05;1.71662e-07;6.73772e-09;1.35284e-06;3.41697e-05;1.50999e-05;6.56171e-06
8.40278e-06;0.783537;2.30239e-08;9.38104e-06;8.94587e-06;2.65443e-05;2.33081e-07;0.2159;2.23866e-06;5.28836e-06;1.07226e-06;0.000269623;0.000132003;9.91399e-05
2.45347e-07;0.000539064;1.05497e-09;5.11138e-08;1.62514e-08;2.08698e-07;1.38079e-07;3.98845e-05;1.00571e-07;5.36699e-08;2.39514e-06;7.02163e-06;0.999411;2.36065e-08
2.5588e-05;0.00042751;0.00233339;2.57182e-05;0.000133157;2.2495e-07;1.68723e-07;0.00260034;2.20396e-05;1.61671e-06;7.51457e-06;0.9907;0.00361199;0.000110384
1.11259e-06;0.999745;1.08323e-06;4.57419e-06;2.03229e-07;8.53983e-10;1.99948e-07;2.07413e-05;3.83467e-07;9.62372e-08;3.08698e-07;0.000224429;1.50703e-06;2.98883e-08
1.07006e-06;0.905664;2.94128e-07;1.95174e-05;1.19052e-07;2.76705e-08;7.4652e-07;1.82079e-08;8.89202e-10;7.65109e-06;1.78008e-07;5.72636e-05;0.0942492;1.51323e-08
2.59879e-06;0.000522;3.32641e-05;3.68956e-08;1.77692e-08;3.44871e-09;1.03533e-07;0.000188477;7.70338e-08;1.32589e-08;1.16014e-06;0.999239;1.15644e-05;1.96244e-06
1.32777e-07;0.125521;5.2366e-08;2.42702e-06;0.0150979;0.000408051;5.18573e-07;0.85513;1.1331e-07;4.92246e-06;9.30494e-08;5.19091e-06;0.00156855;0.00226177
2.53125e-06;0.00144141;3.5411e-08;1.14317e-06;4.41906e-07;0.00021094;8.27456e-07;2.17655e-05;3.49969e-05;1.7215e-07;1.54602e-05;2.83176e-07;0.998257;1.34252e-05
7.41099e-06;0.00165376;0.996788;3.89962e-07;4.85641e-06;3.00091e-07;2.04669e-09;2.13289e-06;1.54002e-08;6.10707e-07;1.36898e-09;0.00146296;2.30784e-06;7.76075e-05
2.32678e-08;0.999797;1.52616e-10;6.78632e-08;1.00483e-08;9.29774e-08;1.70538e-09;6.26488e-05;6.23171e-07;1.31241e-09;1.20425e-07;7.56885e-07;0.000138487;5.97426e-07
1.89078e-07;0.997493;1.3151e-07;1.58188e-09;2.74612e-08;2.04137e-08;5.47129e-09;5.10999e-06;7.98191e-10;8.3572e-09;1.77746e-10;6.63744e-05;0.0024348;1.07766e-08
5.56061e-09;8.87326e-05;5.42452e-08;4.10648e-07;7.45439e-05;0.0023405;5.50343e-11;0.000403575;3.62673e-09;5.78444e-08;1.16927e-09;0.0125715;1.21801e-05;0.984508
4.94485e-09;7.50691e-05;3.10542e-09;2.06296e-08;5.17481e-08;2.66299e-07;6.53725e-09;0.000334301;9.31244e-10;2.66469e-09;7.5378e-08;8.15899e-08;0.99959;2.31936e-08
1.19957e-07;0.000743366;6.60249e-08;1.15061e-06;2.26288e-06;3.74608e-07;3.04085e-09;8.16267e-06;1.50246e-07;9.72299e-08;1.51408e-07;0.99877;0.000472809;8.31042e-07
1.30091e-06;0.998727;4.31003e-05;5.05521e-08;2.383e-08;2.02397e-09;7.4904e-07;0.000124623;5.82741e-08;2.18167e-07;9.24149e-07;2.11995e-05;0.00108066;2.09075e-10
8.71452e-09;0.99955;1.45091e-09;1.06957e-05;1.87632e-07;7.59094e-09;1.22374e-05;1.90107e-06;7.50828e-09;0.000382794;3.13737e-08;3.15091e-06;1.70133e-09;3.86033e-05
1.07878e-07;1.34458e-07;0.99993;4.13673e-06;5.13148e-08;1.91247e-07;2.08793e-06;1.02965e-08;7.69031e-08;7.40419e-08;6.14462e-05;3.24876e-07;1.18665e-06;2.17655e-07
1.06084e-07;0.999159;9.49219e-12;8.67561e-10;4.27314e-07;3.36521e-10;1.06898e-08;0.000830184;2.65978e-10;2.65202e-09;9.05097e-10;8.18177e-10;9.72871e-06;2.22825e-07
3.55125e-07;0.000397105;3.16049e-05;2.74862e-07;0.000192461;9.13908e-07;8.45321e-09;3.79464e-07;3.96937e-09;2.13878e-06;9.32375e-10;0.999328;2.7307e-07;4.6229e-05
0.000154501;2.03448e-05;1.66252e-07;1.80317e-07;2.27403e-08;9.65649e-09;0.000244109;0.000105521;0.999345;1.13317e-07;0.000108605;2.02813e-09;2.11506e-05;1.27443e-08
2.14929e-05;0.998724;1.52226e-10;3.15414e-08;1.33713e-09;5.28151e-10;1.1377e-07;9.99933e-06;9.89096e-06;4.33314e-08;9.80227e-08;1.57749e-06;0.00123269;1.1633e-10
7.17641e-06;0.989496;2.96173e-09;4.6466e-05;5.41084e-07;3.15823e-06;0.000881624;3.40665e-05;7.71329e-06;0.00498906;9.11973e-08;5.46865e-06;6.8884e-07;0.00452787
8.70086e-10;6.21386e-12;1;5.83697e-09;1.00674e-10;5.81879e-10;8.03499e-10;6.04478e-12;3.37612e-09;6.3141e-10;1.20167e-08;6.85787e-08;7.53896e-15;3.1464e-08
1.97593e-07;6.13048e-06;7.56891e-11;8.22303e-11;2.5196e-09;4.12117e-11;1.94189e-09;0.999994;1.95528e-08;1.87739e-11;2.73154e-09;8.49692e-10;6.77379e-08;5.40369e-11
2.58381e-08;0.000644084;2.6783e-06;3.50331e-06;0.000291804;0.000230154;5.106e-09;0.000238328;3.08625e-08;3.54191e-07;4.17407e-08;0.00557676;7.42238e-05;0.992938
5.62911e-08;0.00186503;9.02498e-10;2.92135e-08;2.20972e-08;1.07605e-09;1.74863e-07;0.000510434;1.80578e-08;2.26923e-10;1.15866e-06;5.516e-06;0.997618;2.02687e-08
4.66341e-06;0.0179928;0.000192821;6.05543e-07;8.12117e-05;8.33447e-07;4.65309e-08;0.0603826;6.27931e-08;1.86255e-07;2.06662e-08;0.902164;0.0105342;0.00864604
3.44859e-07;0.00123361;3.78686e-07;1.75037e-06;3.57267e-05;6.43447e-07;1.96243e-08;0.00930719;4.26376e-08;2.16513e-08;2.77708e-06;7.02257e-06;0.989402;8.04915e-06
1.24531e-05;0.0296565;6.24835e-05;2.76961e-05;4.338e-06;2.436e-05;0.000155045;0.00188077;1.78265e-06;0.000163461;1.94908e-05;5.44455e-05;0.967638;0.000299391
2.10053e-10;2.16164e-08;1;4.28714e-09;4.95018e-12;1.46625e-10;9.44101e-09;4.07548e-11;2.28386e-09;2.56623e-10;8.22239e-08;1.89695e-09;5.62321e-11;2.43255e-11
4.23362e-07;0.013978;0.000106858;3.34654e-06;1.96947e-08;8.82608e-07;6.12422e-08;0.00326184;4.25096e-06;2.78448e-08;2.16556e-05;0.982574;6.52865e-06;4.24336e-05
6.51036e-07;0.999069;3.22456e-13;2.19743e-06;1.08141e-06;6.93524e-06;3.73526e-06;0.000323865;2.91426e-07;1.43084e-05;3.14211e-05;5.75638e-10;0.000316449;0.00022983
3.43318e-15;3.39467e-14;1;2.73766e-13;6.56197e-14;4.72374e-15;1.14161e-16;4.39996e-17;9.25109e-17;2.96862e-15;8.13682e-14;5.19776e-07;1.57417e-18;1.99323e-12
2.46292e-08;2.56136e-05;6.35284e-07;2.61927e-07;0.00558947;8.23132e-06;9.99382e-09;0.993854;1.32108e-08;4.04158e-09;1.30239e-08;1.26935e-07;9.16223e-05;0.000429975
4.76729e-10;1.04987e-07;1.41253e-09;2.93208e-08;9.96778e-10;4.92288e-06;6.99875e-10;4.18228e-06;8.71453e-08;1.55975e-09;8.28116e-07;8.93843e-12;0.99999;1.6169e-10
1.07179e-07;0.000575012;0.99941;1.38672e-07;1.36028e-07;2.84459e-08;9.29346e-11;8.95381e-06;2.08864e-11;2.27176e-07;3.27966e-10;3.09851e-06;2.11957e-06;1.64036e-07
1.78856e-07;0.990866;1.43948e-08;6.93702e-06;1.29613e-06;5.04749e-06;6.25454e-07;0.00843793;1.32491e-06;5.73659e-07;0.00014475;1.14395e-05;0.000503701;2.05384e-05
