4.10774e-06;0.957888;2.047e-08;8.0536e-07;1.60973e-07;9.49518e-08;2.13378e-07;0.00098391;9.13807e-07;2.79354e-07;8.72528e-07;2.70635e-05;0.0410932;7.56622e-07
5.34514e-06;0.00391404;3.82823e-07;1.2464e-05;4.60259e-05;3.13327e-05;7.89206e-07;0.00735319;4.74826e-07;3.13294e-06;7.82383e-07;0.987922;0.000128541;0.000581901
0.000277539;0.964005;2.43863e-06;1.40835e-05;7.91799e-07;8.37165e-08;0.000474499;0.0115024;0.000654538;7.00045e-07;0.00014011;0.00889365;0.0140342;1.33347e-07
6.80472e-05;0.168103;6.10769e-07;0.0231012;0.00172975;0.000253908;6.98191e-06;0.497353;0.00162251;0.000176336;0.000629745;0.0423257;1.97666e-05;0.26461
0.000117184;0.0272783;7.20298e-06;2.7128e-05;1.42146e-05;2.73068e-05;7.4629e-07;0.00225502;6.33886e-06;5.88316e-07;1.64398e-05;0.896804;0.0708165;0.00262868
4.39414e-08;0.99975;3.77628e-08;5.2124e-09;3.17015e-08;3.26422e-09;0.000210344;2.39707e-06;2.47615e-09;1.4007e-06;1.30284e-08;1.48495e-07;4.90486e-08;3.51831e-05
5.26767e-12;4.02229e-12;1;8.41129e-12;2.65973e-13;1.65781e-12;2.51647e-11;2.85691e-12;3.62768e-10;9.72477e-13;8.08483e-10;6.37882e-10;1.33055e-12;1.36166e-12
1.42349e-06;0.999506;1.12791e-07;7.30293e-08;3.2237e-07;1.66657e-08;0.000100413;0.000179159;3.14692e-06;8.68359e-06;3.42782e-07;2.85312e-09;8.92651e-05;0.000111404
7.75824e-13;2.51443e-12;0.999999;1.36932e-12;1.39099e-11;7.41287e-14;1.00783e-12;1.72528e-12;1.79205e-11;4.8506e-13;3.7687e-12;1.26834e-06;1.99647e-16;3.22892e-11
1.37753e-05;0.977082;2.11527e-06;2.93207e-07;0.000114589;3.77489e-05;0.00016109;0.0172739;0.000222831;1.44392e-06;3.37942e-06;7.671e-07;0.00420913;0.000876981
2.57064e-07;0.874688;1.39388e-08;2.94793e-07;5.84525e-06;2.79044e-06;2.35789e-07;0.014394;8.19369e-07;7.1213e-08;6.77234e-07;0.108434;0.0019326;0.000540232
2.60135e-06;0.0245877;1.07072e-05;6.61175e-06;0.000859562;0.000339158;2.21566e-07;0.117164;1.14703e-07;4.56563e-07;1.99699e-07;0.0682256;0.788611;0.000192173
0.000164559;0.0750284;3.61056e-06;9.63474e-06;0.000575676;0.000682318;0.000430707;0.85643;0.000226239;3.2396e-05;7.59268e-06;1.31659e-06;0.066371;3.67759e-05
8.15914e-08;4.01292e-08;0.999999;1.55298e-08;1.56719e-10;8.37263e-10;6.34291e-09;4.38868e-10;3.03344e-07;2.52244e-09;1.4251e-08;2.69484e-07;1.09628e-08;4.74578e-10
5.52276e-06;0.00367469;9.60113e-07;1.0933e-06;5.9747e-08;5.62502e-07;4.88874e-08;0.000195892;0.000145265;1.10888e-08;1.42307e-05;0.995939;1.79784e-05;5.00366e-06
1.2934e-07;0.999249;9.49659e-09;1.88887e-10;5.12029e-10;1.3056e-09;2.99338e-09;8.96883e-09;3.10417e-09;3.42197e-10;8.08718e-09;9.59068e-06;0.000741799;1.56018e-09
3.0028e-08;0.00126047;3.88667e-07;1.07151e-07;1.26082e-05;6.72856e-06;3.06415e-09;0.000469757;1.61453e-07;1.63459e-08;2.50175e-08;0.998158;1.69739e-06;8.97624e-05
6.27991e-06;0.983891;2.68575e-09;1.0659e-06;5.57662e-06;3.06886e-05;1.59067e-07;0.00465913;0.000270019;3.1532e-09;6.78044e-06;5.85941e-06;0.0111159;6.92806e-06
4.76575e-07;0.000809356;2.93766e-10;5.21477e-10;1.1542e-07;2.56264e-08;6.07719e-13;0.999107;4.43295e-11;1.86697e-10;5.5224e-13;2.33947e-07;8.2229e-05;7.91703e-08
1.85624e-08;0.00269508;3.36104e-05;2.50616e-06;0.000325394;0.000320087;4.98166e-10;0.000678844;5.11967e-10;2.35211e-07;6.33187e-09;0.939451;1.13981e-05;0.0564823
7.063e-09;6.3614e-05;5.82199e-10;4.82338e-09;4.5717e-09;6.51843e-09;4.89363e-08;1.43149e-05;2.37077e-09;6.25258e-09;5.4339e-07;2.03846e-08;0.999921;8.37443e-11
2.0678e-06;0.000840992;3.20452e-06;1.67996e-06;1.34494e-05;1.02247e-07;2.53915e-08;3.56588e-05;8.86154e-06;2.92882e-06;9.16868e-07;0.998727;0.000351497;1.17783e-05
2.43507e-06;0.999885;2.33357e-06;5.11625e-06;5.32568e-07;4.53172e-09;2.20809e-07;2.05664e-05;2.58053e-07;4.88788e-07;2.94012e-07;2.44062e-05;5.78288e-05;2.62917e-07
5.3764e-05;0.257606;3.49824e-06;6.87424e-07;7.7289e-07;2.33377e-08;1.78289e-06;0.595892;1.69534e-06;4.16968e-07;5.9025e-06;0.144774;0.00165823;4.7792e-07
2.81714e-06;0.203399;0.000120207;0.000243876;0.000256986;2.28366e-05;2.90116e-06;0.107299;2.76267e-06;4.37584e-06;9.62584e-06;0.684846;0.000677174;0.00311265
1.25406e-05;0.950537;2.56439e-06;2.62408e-06;5.33884e-06;0.000187702;1.76991e-07;0.00338936;1.09283e-06;8.14327e-08;1.95407e-05;0.013623;0.0319419;0.000277054
3.87854e-07;0.966401;1.46149e-10;5.66744e-08;4.8192e-07;5.70116e-07;0.000117855;1.39284e-05;4.16299e-07;2.88982e-05;3.61736e-08;3.33024e-10;2.87467e-06;0.0334336
1.23959e-09;5.55068e-11;0.999998;2.7611e-09;2.46549e-09;1.27865e-09;1.54676e-10;2.19536e-10;1.58473e-08;2.40244e-10;3.09897e-09;2.04325e-06;1.82203e-10;9.21695e-10
7.2841e-07;0.00286668;4.32277e-08;9.80172e-09;7.06991e-07;1.6543e-09;7.30304e-10;0.996433;1.61021e-08;1.26062e-09;2.7211e-09;2.17228e-07;0.000698815;4.95977e-09
2.48416e-07;0.98694;6.35636e-12;5.00795e-07;5.42182e-08;1.20336e-06;1.5734e-06;0.000556922;1.6612e-08;7.96339e-05;1.56522e-08;1.09984e-08;5.9869e-05;0.0123601
6.29127e-14;8.14245e-16;1;1.44777e-11;1.19988e-12;5.66132e-13;9.85089e-14;1.13978e-14;1.66214e-14;6.07954e-13;4.92962e-13;1.25339e-07;3.58578e-16;1.7736e-13
4.70952e-05;0.00528248;4.55974e-08;0.00183676;2.2854e-06;8.52826e-07;0.0483443;0.000805427;0.139059;3.0156e-05;0.803596;0.000719684;0.000275604;4.13721e-08
0.000219088;0.954275;1.75372e-08;0.000252325;1.74219e-07;7.51766e-08;0.000214629;0.00052613;0.00433525;1.66422e-05;0.00985153;0.0267936;0.00351577;1.35465e-07
3.8977e-06;0.000189686;2.46053e-09;5.98759e-08;0.000206751;5.70086e-10;8.95287e-09;0.999594;3.43016e-08;3.32709e-07;5.11537e-10;7.61333e-08;3.72257e-08;5.04152e-06
5.51564e-06;0.000147438;0.999784;3.19307e-06;1.86864e-06;4.15092e-08;5.73388e-07;1.36496e-06;4.02937e-07;8.40222e-06;2.66395e-07;4.27927e-05;9.33476e-07;3.18336e-06
0.00269915;0.00217922;0.000209197;0.000167044;0.000326926;0.000234693;0.00109157;0.0631364;0.646288;0.000149467;0.268574;0.00509291;0.00975777;9.42398e-05
