4.40564e-06;0.998375;6.39711e-08;8.75565e-07;1.1563e-06;1.05396e-06;6.49929e-07;0.00152023;1.185e-05;2.79043e-07;5.15417e-06;9.48104e-06;6.65906e-05;3.3806e-06
3.77369e-06;0.991763;2.8147e-08;1.2885e-07;1.46924e-07;3.02727e-08;1.41807e-07;2.62731e-06;1.1328e-07;4.10458e-08;7.28585e-07;0.00017216;0.00805628;3.3529e-07
1.48996e-06;0.0238497;7.27606e-06;4.31299e-06;0.000184522;8.38472e-05;0.000406129;0.000158524;1.06592e-07;0.00348891;6.2847e-08;3.14502e-05;3.78835e-05;0.971746
4.43317e-10;2.2562e-10;1;7.41852e-09;6.47164e-09;3.95694e-09;3.23801e-09;8.62508e-11;6.88194e-09;4.08751e-10;2.8667e-08;1.86746e-08;1.36309e-12;1.11208e-09
3.66809e-05;0.991516;2.20302e-05;4.60397e-07;3.89987e-07;8.3265e-08;1.93664e-05;0.0082346;5.16078e-05;1.25545e-06;8.01472e-06;1.28832e-05;9.3882e-05;2.73559e-06
2.91646e-08;0.00743267;4.56322e-07;1.07631e-06;2.59813e-05;4.90095e-05;1.45855e-08;6.08179e-05;3.50735e-07;1.37169e-07;1.36173e-06;0.991723;6.57136e-06;0.000698592
8.66507e-08;0.0762575;1.3317e-11;1.99091e-09;8.10663e-11;4.93949e-09;3.62469e-08;6.40474e-07;4.78394e-09;1.68122e-10;7.13353e-08;2.89974e-08;0.923742;9.46702e-12
1.9174e-08;7.37187e-05;0.987004;3.7513e-09;2.09703e-06;1.79172e-09;1.13825e-12;2.47911e-07;3.76084e-11;1.51015e-09;4.74891e-13;0.0119918;1.38992e-09;0.000927854
3.78148e-06;0.000115972;3.8087e-10;2.44759e-07;0.000971764;5.28815e-07;1.07989e-06;0.997313;0.00146699;3.36067e-08;1.18304e-06;4.45729e-06;0.00011991;1.47629e-06
3.50561e-06;0.989191;0.0106702;5.27721e-07;2.71612e-08;8.21075e-08;2.59817e-09;1.3886e-07;1.32379e-08;4.43566e-09;7.4185e-08;4.67961e-05;7.43479e-05;1.3477e-05
6.48414e-05;0.0160937;3.36798e-08;1.28894e-08;6.14146e-05;3.55824e-08;3.64402e-09;0.957865;5.88381e-08;3.10312e-09;2.73037e-08;0.0228754;0.000801008;0.00223804
3.36776e-06;0.991711;1.67517e-08;1.55746e-06;3.37078e-06;1.09908e-05;0.00546354;0.000188588;1.45369e-05;0.00036791;8.55113e-07;7.98699e-07;0.00200937;0.000223393
6.78143e-15;1.10764e-17;1;2.24339e-13;6.37296e-14;1.26821e-13;6.89526e-15;7.63418e-17;8.88267e-14;8.53076e-15;1.20741e-13;5.16553e-10;2.0715e-17;2.98732e-14
4.19428e-05;0.916038;2.11332e-06;3.57566e-05;0.000696892;0.00193838;9.39966e-05;0.0390919;0.00028947;1.49342e-06;0.00295746;0.000374095;0.0382998;0.000138537
1.45027e-06;0.000743778;3.09211e-09;7.87939e-07;5.67148e-06;3.24083e-06;2.41941e-07;0.0109973;1.75154e-06;3.68402e-08;2.90622e-05;6.06961e-05;0.988154;1.74036e-06
6.16786e-06;0.00464189;5.40009e-10;4.29145e-06;0.0011258;6.34323e-07;6.88673e-07;0.991878;0.00103873;4.40317e-07;0.000525488;0.000130888;0.000645532;1.56677e-06
5.82281e-06;0.995861;0.00216613;0.000293729;0.000519742;2.91055e-06;8.3278e-08;2.5615e-05;1.31218e-08;0.000107159;7.44074e-07;0.00072982;0.000100262;0.000187016
0.00202405;0.00280551;3.78919e-06;8.07839e-07;0.000439281;7.83744e-08;9.26661e-06;0.992527;2.62603e-05;7.28703e-07;0.000171394;2.47332e-05;0.00187605;9.12268e-05
1.02643e-05;0.00275699;0.930124;3.8595e-06;0.0167135;0.00615678;1.3065e-07;3.2887e-05;7.29972e-08;8.84113e-06;1.71232e-06;0.0283235;0.000139237;0.0157282
0.00011418;0.149583;6.06644e-06;1.174e-06;0.000171457;0.00028683;1.65631e-06;0.803317;0.000352371;1.55197e-06;5.10166e-05;0.00171643;0.0189029;0.025495
2.89479e-06;0.0129783;1.38079e-07;1.40841e-06;5.54283e-05;1.53876e-06;6.32532e-08;0.567427;5.36196e-05;1.78081e-07;8.62144e-06;7.57312e-06;0.419462;4.68582e-07
