2.22019e-07;0.999812;0.000160333;1.26744e-07;1.51229e-07;3.20152e-09;3.19991e-10;1.50022e-06;3.62448e-10;2.15854e-09;6.70175e-10;2.27351e-05;2.77703e-06;4.50938e-07
3.07498e-05;0.129131;8.73796e-07;1.79628e-05;0.000101926;0.00038016;2.1965e-06;0.0794546;6.81679e-05;2.03322e-06;0.000130871;0.00587609;0.784756;4.75244e-05
3.05027e-05;0.362885;4.64761e-06;0.0179137;0.125518;0.0877209;2.7734e-05;0.0995704;0.00148189;0.00223496;0.00854324;0.0626906;0.00192271;0.229456
0.000225786;0.439229;5.66577e-07;2.79677e-05;0.0142299;0.00268345;0.000270274;0.493681;0.000171136;5.73102e-05;0.000306502;1.0965e-06;0.0424614;0.0066546
1.39576e-11;2.04889e-13;1;5.46414e-12;3.60693e-13;4.62617e-14;6.60197e-12;2.90089e-13;1.23129e-10;1.62566e-12;3.60184e-11;4.11713e-10;6.30126e-13;8.16474e-14
1.24843e-06;7.61792e-06;0.996819;4.61502e-06;4.33403e-07;1.44671e-07;2.96994e-07;0.00165989;1.24354e-05;3.69973e-08;7.36156e-06;0.00148574;3.47888e-07;3.78865e-07
2.5591e-06;0.00189468;3.7473e-05;2.71028e-06;1.75253e-05;0.000359517;4.61436e-08;6.05045e-05;5.89842e-07;3.62879e-06;3.88483e-07;1.47634e-05;7.12731e-06;0.997598
4.70778e-06;0.000656286;3.44629e-09;4.5286e-07;6.18923e-08;3.98343e-07;1.51455e-07;0.00499959;8.15178e-06;2.4083e-08;0.000365066;3.59264e-05;0.993929;1.5992e-07
2.74768e-05;0.876798;6.40436e-07;6.48504e-07;1.59453e-06;5.13146e-08;1.96989e-08;0.105965;2.28071e-07;1.08291e-06;2.56286e-08;1.75413e-05;0.017187;8.58351e-07
1.09469e-06;0.410814;0.00103025;2.93977e-05;5.90445e-06;6.7488e-06;2.89071e-08;0.000189686;9.34235e-08;1.55009e-06;1.59424e-07;0.587209;0.000436135;0.000275357
5.60489e-06;0.0998198;1.16108e-08;1.25825e-05;1.74522e-06;4.72373e-06;0.883313;0.006171;7.99668e-07;0.00492311;5.86564e-07;7.84667e-11;0.00481156;0.000935058
7.15708e-12;2.40013e-11;1;1.22393e-10;1.542e-13;3.25615e-13;7.923e-10;2.36099e-13;1.37638e-10;5.86317e-12;1.10302e-09;1.05498e-09;1.54452e-11;3.16527e-11
2.6587e-05;0.00156253;0.0706877;1.31761e-06;2.94797e-07;1.5788e-08;1.71449e-05;0.927242;6.92735e-06;2.0648e-07;9.40364e-07;0.000401254;6.28792e-06;4.69454e-05
1.37304e-12;8.95342e-12;1.28508e-10;1.47765e-11;4.75786e-10;2.85087e-10;1.4692e-14;3.11524e-13;6.09795e-13;3.19837e-12;2.56209e-14;1.38617e-10;1.22372e-13;1
6.50979e-07;0.000172791;1.41608e-12;1.81644e-10;2.67585e-05;2.04352e-08;4.63251e-10;0.999795;4.33043e-07;1.02338e-10;1.8429e-10;2.2675e-06;2.09394e-06;1.23433e-07
1.0385e-06;9.96081e-05;0.994736;1.32546e-07;0.000127969;6.10275e-07;2.89693e-09;1.32021e-05;1.04429e-09;3.84639e-08;5.97392e-10;0.00501676;2.22013e-06;2.73987e-06
9.18334e-06;0.599913;1.36259e-08;4.9788e-06;3.72895e-05;2.84574e-07;7.80584e-08;0.399525;3.11523e-05;3.10763e-08;1.08266e-06;0.000419898;5.36862e-05;3.98437e-06
1.64437e-05;0.0105014;0.988491;0.000512091;8.31526e-06;4.81596e-07;3.06052e-06;4.10455e-05;1.69791e-06;2.99716e-05;5.04906e-07;6.96918e-06;0.000179306;0.000207985
5.37373e-07;0.928593;2.96181e-06;6.95474e-07;2.32429e-06;1.05325e-07;1.90217e-07;0.0713089;5.04295e-09;7.88833e-07;9.34292e-10;4.94994e-05;9.97388e-06;3.05824e-05
2.46582e-08;0.000116581;9.15165e-09;6.09441e-06;1.69339e-06;0.00134618;2.34775e-07;1.42256e-06;7.66825e-07;3.82623e-07;2.06871e-06;1.86761e-06;0.99329;0.00523237
1.88495e-07;2.61854e-05;0.99995;6.30245e-07;2.11684e-08;5.48726e-08;1.84513e-06;2.19684e-09;3.80226e-09;9.45778e-06;4.06911e-08;6.94097e-07;1.06699e-05;3.72729e-08
6.6205e-06;2.4508e-05;0.999754;1.00115e-07;6.43985e-07;2.05801e-06;0.00013657;5.09678e-06;6.12228e-05;4.5248e-06;4.59037e-06;2.62398e-10;3.57512e-07;6.62763e-09
8.78072e-10;9.57703e-08;1;3.33551e-09;1.27843e-09;3.9561e-09;1.24663e-10;6.0773e-09;7.97763e-09;2.63117e-10;2.5298e-09;4.06864e-08;3.76771e-09;6.07695e-11
9.64679e-07;0.00741536;0.000437124;2.13134e-07;8.58034e-06;4.43057e-07;1.34488e-08;0.0062677;7.04776e-06;4.41905e-08;4.88281e-06;0.976443;0.00941304;1.982e-06
1.07541e-06;0.955952;5.73629e-06;0.000147325;0.00100083;0.000134307;6.30301e-06;0.0112605;6.4795e-05;1.28639e-05;0.000421557;0.00824684;0.000781602;0.0219647
8.72839e-08;0.998698;4.10353e-08;4.8017e-08;4.36618e-09;6.65666e-10;1.09238e-06;1.1872e-06;2.26761e-09;1.57934e-08;1.33983e-07;0.000250628;0.00104934;8.75061e-09
3.76181e-06;0.949102;6.75435e-10;2.87409e-07;2.69816e-06;4.50913e-07;5.4603e-07;0.000390341;3.96001e-08;1.19533e-07;6.71083e-08;0.0408999;0.00952054;7.95148e-05
1.18769e-05;0.00675457;6.63109e-06;1.31715e-08;3.39267e-05;2.06585e-08;2.10402e-09;0.990464;1.80245e-09;3.9922e-09;2.11065e-10;0.000130419;0.00257378;2.48266e-05
7.6757e-06;0.0707989;2.04697e-05;6.33698e-06;4.26527e-05;3.15277e-07;3.30846e-06;0.00636566;2.0176e-05;1.58379e-05;7.46613e-07;0.920802;5.93921e-05;0.00185635
1.62171e-06;0.742361;6.50977e-07;1.07645e-06;2.63316e-07;2.05989e-05;1.61019e-05;1.03692e-06;1.54294e-05;2.25586e-07;6.68327e-06;1.90089e-06;0.257569;4.11873e-06
1.25474e-05;6.78365e-05;0.280451;1.45935e-06;4.22589e-06;4.13499e-07;4.93678e-08;1.6892e-05;5.52594e-07;2.82009e-07;1.26339e-08;0.719253;2.50228e-05;0.000166957
3.61299e-05;0.759227;2.4762e-09;8.49628e-05;1.169e-05;4.11242e-05;1.27166e-05;0.126695;0.035248;1.58061e-06;0.00155226;0.000156101;0.0761337;0.000799581
1.30023e-07;6.33312e-07;9.71897e-11;2.92369e-09;2.14405e-08;7.4216e-09;5.71171e-10;0.999997;1.10056e-06;7.79752e-10;6.0734e-10;1.36547e-10;6.98181e-07;8.08839e-09
4.765e-05;0.00388542;0.000141052;0.000893708;0.131651;0.000358872;1.81092e-06;0.0181377;0.00185896;6.28223e-06;8.88152e-06;0.805728;0.00179589;0.0354848
1.96947e-06;0.977239;2.27943e-09;4.83822e-07;7.36338e-08;2.81658e-07;3.88135e-05;0.00141467;1.94547e-06;2.26595e-06;1.28878e-06;2.18715e-09;0.0212992;5.06657e-08
1.41275e-12;7.09392e-11;1;6.56633e-11;2.02654e-10;1.46758e-11;4.54569e-12;1.69062e-13;7.67374e-13;1.65956e-11;5.91654e-13;4.90819e-09;7.50563e-14;4.53157e-09
1.34107e-07;0.995249;1.97851e-07;3.65746e-07;4.24862e-06;4.09862e-07;7.77548e-09;4.80824e-05;1.01486e-08;7.0135e-10;1.21067e-08;0.00459286;9.08873e-05;1.38437e-05
6.86377e-05;0.16477;0.00024722;8.93078e-07;2.23281e-06;9.45159e-07;2.19669e-06;0.363977;2.43969e-06;1.2319e-07;4.88362e-06;0.301757;0.169117;5.03934e-05
2.13737e-05;0.874597;1.36043e-05;8.49003e-05;0.000814609;0.000466565;1.7952e-06;0.0154174;0.000236772;3.35346e-06;0.000679828;0.0245928;0.0806645;0.00240566
4.15163e-06;0.00463964;1.73024e-07;0.000119735;0.624167;0.225313;0.000812127;0.000295671;7.73183e-06;0.00306471;4.63926e-05;1.31096e-07;0.00188161;0.139648
7.17989e-11;5.42454e-12;1;1.82745e-11;1.44504e-12;8.41533e-13;7.91054e-11;2.73026e-14;3.42835e-10;2.26136e-12;4.01349e-10;1.72852e-10;5.89573e-13;5.40955e-13
0.000655476;0.0743564;4.00187e-05;3.4143e-05;0.000303228;6.05525e-05;0.0283849;0.0479578;0.012596;8.58151e-05;0.00702118;0.813001;0.015482;2.11055e-05
3.46078e-05;0.855183;1.89893e-07;0.000139394;0.00112621;0.000162256;9.34556e-05;0.0325447;0.0122077;2.30153e-06;0.00397034;0.00105735;0.0930579;0.000420328
2.91095e-05;0.74273;1.1423e-09;6.74473e-05;0.000700512;8.60843e-07;4.60163e-07;0.254946;6.06781e-06;4.83104e-06;8.20808e-07;0.000859831;0.000112837;0.000541493
0.00103178;0.0184513;0.94943;0.00149094;0.000108443;5.40627e-06;1.61834e-05;2.11714e-08;6.88599e-05;5.36322e-05;0.000217256;0.0224998;0.00625052;0.000375499
0.000297736;0.0092579;2.13833e-11;5.40948e-10;1.25533e-08;1.79335e-10;2.11726e-06;0.989342;3.99697e-05;9.26981e-10;2.90408e-06;2.10236e-05;0.00103672;1.50294e-10
7.38428e-08;9.84489e-05;1.41663e-05;1.36128e-06;0.000109809;3.74028e-06;1.02816e-08;0.001103;4.59659e-07;3.98254e-08;5.65108e-08;0.998433;0.000211159;2.46368e-05
5.15837e-06;0.993269;6.44245e-08;4.89964e-06;4.91522e-05;0.000115029;7.51387e-06;0.00053181;9.38466e-05;1.23099e-06;3.54394e-05;1.12864e-05;0.00580494;7.06043e-05
5.43305e-05;0.993179;6.88934e-10;4.96333e-05;3.62652e-05;4.46208e-07;3.39035e-05;0.000223723;0.000212942;2.48385e-05;0.000138165;0.00362719;0.00222148;0.000198108
6.71348e-07;0.00145718;1.43305e-12;7.46992e-09;9.84851e-06;6.59013e-10;1.48161e-09;0.998531;5.55367e-07;5.17764e-09;1.78922e-09;2.02699e-07;7.30106e-08;5.80825e-08
2.63532e-06;0.000753549;0.626302;8.95779e-07;0.00828813;1.389e-07;5.97634e-10;0.00043651;5.8546e-11;8.99406e-07;1.1191e-10;0.364187;2.82461e-07;2.82015e-05
1.01431e-05;0.225403;4.9798e-10;8.99054e-09;2.68746e-09;7.78945e-10;0.774484;2.45205e-07;3.26906e-06;9.6803e-05;1.34496e-06;6.48207e-08;1.32304e-06;2.51053e-07
6.34377e-08;1.57875e-10;0.999991;3.66344e-09;1.31423e-09;2.50541e-10;6.11547e-07;4.45854e-09;5.97867e-06;7.04982e-09;3.35935e-07;2.48247e-06;1.96331e-11;8.8181e-11
3.22136e-06;0.00341592;9.57078e-11;9.2561e-10;4.12442e-06;1.81408e-10;3.02893e-08;0.996571;5.4539e-06;9.80928e-10;4.0828e-08;4.89317e-08;1.97153e-07;3.97178e-09
8.55499e-06;0.0935773;0.903977;3.49121e-06;0.0009296;0.000229845;3.0321e-05;0.000490362;2.45806e-06;0.000178482;2.1334e-07;4.35684e-08;0.000537194;3.48875e-05
1.53998e-11;3.61683e-11;1;7.4121e-13;3.15501e-12;3.64373e-13;5.99138e-13;3.8325e-14;1.02571e-11;2.21517e-13;7.29232e-13;7.84717e-09;1.44788e-14;1.83773e-10
2.21299e-07;0.000688489;6.7146e-05;1.82319e-08;3.59632e-08;2.07341e-08;4.05079e-09;6.60543e-07;2.0732e-06;4.2635e-10;2.59733e-08;0.99921;6.8648e-08;3.08786e-05
6.81986e-05;0.946625;6.78559e-06;1.85284e-08;0.000350741;0.000120933;5.82663e-08;0.0329697;8.48457e-06;4.10546e-08;1.77181e-07;4.55607e-05;0.0188639;0.000940781
6.3374e-08;0.0806932;2.347e-12;3.2976e-08;0.00149415;5.38882e-07;3.52429e-09;1.14069e-05;3.04974e-07;8.88872e-08;1.1266e-08;0.00200812;3.64539e-07;0.915792
1.06859e-05;0.000693859;1.46693e-09;2.92278e-08;6.89099e-07;7.65256e-07;3.55848e-07;0.999029;4.68104e-05;2.5823e-09;1.57988e-07;5.97916e-11;0.000217833;3.04875e-08
3.64038e-07;0.999901;2.64872e-05;7.16218e-08;9.8893e-07;5.28794e-08;1.26632e-11;2.69756e-05;1.28169e-10;4.94402e-09;1.70731e-11;3.7413e-05;2.03503e-06;4.45837e-06
4.31239e-07;0.830613;4.1878e-10;6.99886e-06;5.48172e-06;2.88405e-06;3.05351e-09;0.159387;2.23637e-07;2.9786e-08;3.4431e-07;0.000937611;0.00904553;1.79219e-07
3.59897e-05;0.00977028;2.60157e-05;1.58426e-05;0.00217362;0.000168584;1.96583e-07;0.000389987;1.01865e-06;1.2129e-06;1.20939e-06;0.975534;0.00553243;0.00634955
4.04336e-06;0.004599;3.08285e-10;9.26517e-06;0.00508317;2.21047e-06;1.85692e-05;0.986668;0.00303917;2.03016e-07;0.000256292;2.0973e-07;0.000318892;1.24244e-06
0.000404365;0.146508;0.847271;0.000523915;7.86078e-05;1.1126e-05;1.42612e-05;6.42233e-06;1.98087e-06;1.22632e-05;0.000360123;0.00121765;0.000892389;0.00269765
0.00849354;0.438478;0.000235767;8.9205e-06;5.00236e-05;4.28114e-05;0.000108189;0.417541;0.00722948;2.22803e-05;0.00870563;0.00898376;0.109574;0.000527293
7.08855e-08;0.0583217;1.62166e-06;1.71459e-07;2.37871e-07;2.10419e-07;2.26279e-09;1.2132e-05;6.48363e-08;2.60318e-09;1.18292e-06;0.9416;5.69809e-05;5.68361e-06
1.51668e-05;0.0209807;0.000215383;1.38943e-07;0.000210124;6.20265e-08;2.88572e-08;0.938612;2.4369e-08;3.82147e-07;7.57518e-07;0.0317492;0.00805385;0.000162704
1.71556e-06;0.000702091;1.28307e-06;1.55261e-06;0.000442709;1.83526e-07;3.16054e-06;0.000214246;8.36293e-05;8.20577e-06;2.20877e-05;0.998042;1.14896e-06;0.000475934
0.000941229;0.793721;5.37081e-08;3.9958e-06;9.04388e-06;4.40513e-05;0.000268465;0.0018377;0.0165658;9.50958e-06;0.000601878;6.10601e-06;0.185991;6.45068e-07
7.29517e-06;0.000617305;0.188991;6.46806e-07;3.33274e-07;1.20471e-08;1.17862e-08;1.815e-06;4.87073e-08;2.19028e-07;3.23639e-09;0.81038;1.71853e-07;9.92746e-07
6.43417e-07;0.975;1.61579e-10;8.30971e-07;9.85234e-08;2.7328e-08;2.68208e-07;0.0244447;8.78284e-05;1.62231e-08;6.90304e-06;1.77236e-07;0.000457187;1.16302e-06
3.23838e-06;0.998295;1.85093e-05;1.43018e-05;1.32957e-06;1.87885e-07;1.08286e-08;0.001448;1.78906e-07;3.77105e-07;3.8773e-08;7.42307e-06;0.000209039;2.15319e-06
0.000142502;0.844339;1.89832e-07;6.1536e-05;3.69737e-06;5.34981e-08;5.29004e-06;0.00276977;0.000724301;3.94126e-06;0.0061569;0.144835;0.000958132;8.31438e-08
0.000181697;0.0586468;0.000217747;0.00187809;0.00149383;0.000115011;2.42815e-06;0.13045;7.47712e-05;0.000191059;0.000181606;0.76907;0.0348489;0.00264825
2.30021e-05;0.949951;1.79433e-09;7.16318e-06;7.98862e-06;8.13301e-06;4.24689e-05;0.0343529;8.98698e-06;1.04496e-05;2.38704e-05;0.00116342;0.0143324;6.79818e-05
2.53398e-06;0.0162852;9.56387e-09;1.13184e-06;1.00797e-07;7.62097e-07;2.52069e-06;0.0058777;1.15546e-05;2.94011e-07;8.92395e-05;7.41385e-06;0.977721;1.10586e-07
9.82949e-05;0.996953;0.00204017;4.45988e-06;4.23929e-06;1.45339e-07;2.79165e-05;0.000286472;1.31128e-05;7.26208e-06;3.6573e-06;0.000104854;0.000449624;6.88552e-06
1.63919e-05;0.740785;1.22486e-06;0.000604812;5.45937e-05;0.000116811;4.35544e-06;0.0161501;0.000181345;5.31459e-06;0.000216195;0.0047335;0.236805;0.000325844
2.44769e-05;0.00749021;0.000293152;4.41888e-05;0.00163607;0.000407663;3.05418e-07;0.000525796;6.47635e-06;2.60743e-06;8.72421e-06;0.985115;0.00264202;0.00180326
1.08462e-05;0.655594;2.68931e-10;0.000318514;0.0276647;0.000119677;7.20548e-05;0.23906;0.00323262;6.2693e-06;0.00242887;1.23991e-06;0.0713405;0.000151084
0.000262725;0.770859;0.205903;0.00534994;3.85204e-05;2.57673e-05;3.72184e-05;5.97117e-06;7.20106e-07;0.000202741;0.000327255;0.00103442;0.00448685;0.0114654
0.000654889;0.00450711;2.98794e-05;1.01766e-06;4.69429e-05;4.22028e-06;7.62002e-07;0.990072;3.48924e-06;4.44169e-06;9.44928e-06;0.000977792;0.00354364;0.000144109
8.047e-07;0.927176;1.72765e-05;2.78245e-06;0.00022428;1.78316e-05;3.83188e-05;0.0715918;2.63944e-06;6.38465e-05;4.30215e-06;9.28279e-05;0.000486022;0.000281502
1.18482e-11;1.13932e-10;1;1.71752e-10;6.07139e-13;1.2454e-12;6.66537e-11;2.20539e-12;4.01573e-11;4.33991e-11;8.74019e-10;5.55223e-10;3.13983e-11;2.08182e-12
3.81762e-08;6.38605e-07;5.69338e-05;4.7913e-08;1.03802e-08;3.87064e-09;1.56745e-09;8.2559e-06;1.52268e-06;3.85951e-09;3.39684e-07;0.999932;1.50394e-07;2.77068e-07
1.04852e-06;0.9997;1.72548e-10;1.70715e-06;2.82148e-06;1.47193e-05;7.36907e-06;0.000131025;1.94304e-05;1.30392e-05;2.57513e-06;1.72374e-08;9.15812e-05;1.50021e-05
2.51669e-07;0.000160293;3.76445e-06;5.28568e-08;1.01012e-05;1.36964e-08;3.03379e-11;3.80105e-07;9.90505e-09;3.21566e-10;1.04879e-08;0.999822;1.53274e-06;1.20147e-06
2.57692e-06;0.000342488;4.90368e-08;1.28943e-09;4.95082e-07;1.36542e-07;4.39207e-08;0.999454;1.03628e-06;4.58085e-09;2.07131e-10;9.99193e-12;0.000199147;1.9809e-08
8.81521e-10;1.75907e-09;1;1.89949e-09;9.13231e-09;1.04578e-09;1.76508e-11;1.10983e-07;2.42118e-08;9.53245e-11;1.60728e-10;1.15813e-07;2.22616e-09;9.17085e-12
5.10042e-11;3.47326e-09;0.999931;2.24414e-10;9.66598e-12;1.22454e-11;8.28852e-15;1.49028e-07;6.91276e-11;4.46669e-13;4.4671e-13;6.90243e-05;1.17239e-10;1.22279e-10
1.17001e-07;0.00371848;1.10541e-09;6.49579e-08;0.000106659;0.00035954;2.54745e-09;4.28165e-05;1.52496e-09;1.2419e-06;1.39504e-10;5.34797e-12;5.23988e-06;0.995766
1.60259e-14;1.25692e-15;1;4.41264e-12;7.33392e-11;1.45941e-12;3.49091e-16;7.72572e-15;1.26758e-14;2.81746e-14;3.79606e-14;2.51921e-07;4.09039e-17;2.40032e-12
4.57232e-06;0.000104224;2.55376e-05;1.31438e-05;0.00431415;8.27412e-06;6.16971e-10;0.995487;8.11965e-07;6.50134e-08;6.10194e-08;5.00553e-07;3.20152e-07;4.10478e-05
3.71018e-09;1.3493e-07;4.85591e-07;1.22848e-11;1.2471e-07;6.95117e-11;3.46978e-15;0.999973;1.95192e-11;1.48256e-12;1.03641e-13;1.77885e-10;2.62022e-05;1.81499e-12
1.19983e-11;2.78815e-08;1;3.36404e-10;2.94858e-07;2.33115e-08;6.68687e-14;3.68908e-10;9.3875e-15;3.32024e-09;1.10766e-13;7.43299e-08;4.14879e-09;8.19813e-08
2.85203e-07;0.99332;1.34076e-06;2.31077e-06;5.21932e-06;3.86357e-06;1.34829e-06;0.000708474;9.2153e-07;2.30092e-07;7.37286e-05;0.00387667;0.00199522;1.08194e-05
