8.97979e-05;0.348246;0.00524717;1.89531e-05;0.00149088;0.000606245;1.82266e-07;0.000442965;6.94321e-08;1.08558e-05;2.41441e-06;0.00959433;0.634155;9.49388e-05
1.98786e-06;0.971723;7.98166e-10;3.36005e-08;6.70323e-07;8.60176e-09;9.10773e-05;0.00059727;1.03802e-07;1.71138e-06;1.05974e-07;5.70934e-06;6.11781e-07;0.0275773
1.66728e-12;2.72365e-11;1;1.72992e-11;3.37858e-11;1.48818e-11;1.98645e-12;9.90148e-12;1.2022e-12;1.4367e-12;2.48433e-12;7.05272e-10;3.48245e-11;2.87262e-12
6.1648e-07;0.00362014;4.11634e-09;5.63028e-06;5.42904e-06;0.0222332;1.40018e-06;8.15359e-05;1.00684e-05;1.00465e-06;7.28903e-05;3.85374e-06;0.973411;0.000553629
2.30398e-06;0.000143673;0.770727;1.55401e-06;8.71352e-05;9.04462e-06;7.90386e-09;9.83217e-06;7.54392e-09;1.88444e-07;8.20723e-08;0.228813;0.000145181;6.07481e-05
3.32531e-07;0.948508;2.52681e-07;5.09717e-07;1.19005e-05;4.66195e-05;5.07563e-08;0.0208015;3.14182e-08;2.86953e-08;3.12261e-07;1.99135e-06;0.0202989;0.01033
1.03616e-08;8.46167e-05;2.51635e-08;5.60661e-08;1.15202e-08;1.30624e-07;2.7391e-09;0.000648312;5.407e-09;6.48229e-09;1.82163e-07;1.15893e-07;0.999267;4.05754e-08
1.15514e-06;0.000932211;7.57417e-06;2.04293e-06;8.22469e-07;1.59467e-06;2.95063e-08;0.000456216;1.72788e-06;4.62387e-07;1.5949e-05;0.996194;0.00237629;9.94826e-06
1.36138e-06;0.979314;2.5446e-08;1.80096e-07;1.03731e-09;5.28164e-09;1.19837e-05;2.8936e-05;2.58417e-07;5.60934e-08;4.18511e-06;0.000350454;0.0202888;9.49569e-10
4.17795e-06;0.33305;1.36538e-07;0.00672075;0.000544265;0.0020134;2.21757e-07;0.00976749;2.86073e-05;9.14066e-05;0.000180243;0.535588;0.000233093;0.111778
0.00793441;0.127073;0.000425126;0.00352093;0.00174584;0.00188355;0.000931135;0.00954898;0.000451694;0.00156262;0.0145577;0.819313;0.00508511;0.00596709
1.79699e-06;0.975408;6.25079e-09;2.57305e-07;6.79231e-06;6.07395e-07;3.40966e-07;0.00334477;1.24182e-07;2.62667e-08;3.12334e-06;0.0211862;4.72697e-05;1.92884e-07
7.43041e-05;0.27186;1.07298e-05;2.83302e-06;0.00128897;4.04175e-05;7.55626e-05;0.00490742;5.15798e-07;2.68854e-05;1.81448e-06;0.0184078;0.703013;0.000290494
1.50231e-05;0.059989;4.91216e-05;0.000508629;0.00594581;9.77923e-05;1.21966e-07;0.000348526;2.75743e-05;1.46851e-05;3.67233e-05;0.603642;0.000988603;0.328336
3.66243e-05;0.998823;1.07868e-08;6.64404e-07;1.37543e-07;8.12523e-09;5.43148e-09;0.000991166;1.51765e-06;1.57738e-07;3.39218e-07;1.59875e-05;0.000100935;3.00294e-05
1.74319e-06;0.991252;9.77851e-07;7.97287e-09;3.12716e-08;5.1749e-07;3.34064e-08;0.00652424;7.36603e-08;5.7809e-08;1.27805e-08;0.00165771;0.000558506;3.75363e-06
9.14865e-09;3.00612e-06;9.43092e-11;8.54928e-07;5.26938e-07;3.13145e-05;3.55995e-07;2.94362e-05;2.75561e-07;8.86218e-07;2.52932e-07;6.1e-07;0.999932;9.55432e-07
0.000193951;0.00102032;8.69599e-05;0.000824472;2.55243e-05;1.47185e-06;4.11714e-05;3.33264e-05;0.00376711;0.000119085;0.0108708;0.980743;0.00226741;5.53636e-06
1.13772e-06;0.998542;6.87517e-10;2.64967e-07;1.10351e-09;1.83795e-08;4.17564e-06;6.25905e-06;3.03463e-08;3.17742e-06;2.92605e-08;5.64672e-10;0.00144325;3.09254e-07
2.91856e-12;6.01489e-13;1;3.35961e-11;1.57015e-10;1.04935e-11;7.22823e-13;2.88372e-12;8.45358e-14;3.23372e-11;1.00188e-13;3.01855e-07;4.9527e-15;1.21506e-10
2.23708e-07;0.00114593;4.6646e-11;7.50828e-07;6.31574e-08;0.000377829;5.55872e-06;1.66191e-06;1.58949e-06;1.26638e-07;3.02678e-07;5.95889e-08;0.998464;2.12882e-06
2.92407e-07;0.000172065;0.99976;1.89748e-07;5.88409e-10;3.37509e-09;1.65383e-05;2.67597e-08;1.99063e-08;8.58826e-06;5.14292e-09;4.15567e-05;2.80679e-07;4.72648e-09
7.06202e-08;1.54729e-09;0.999993;7.15233e-08;1.44484e-08;9.91173e-09;1.24419e-06;2.28012e-09;1.82555e-06;4.16129e-08;3.18419e-06;7.7687e-07;1.61644e-10;1.64691e-10
3.5831e-05;0.708869;1.12755e-07;1.46576e-06;6.33099e-06;4.15372e-06;4.65676e-07;0.219725;0.000113653;8.81516e-07;5.35391e-05;0.0654272;0.00576123;4.79598e-07
9.74438e-06;0.991338;1.40652e-10;4.32724e-05;1.0807e-05;1.96128e-06;0.000810481;3.97109e-05;6.17321e-05;0.00566267;0.00036232;0.00158676;8.45612e-06;6.39857e-05
7.15115e-06;2.09547e-05;0.999952;3.23171e-08;7.984e-08;2.18434e-08;1.0092e-06;2.89716e-06;2.41927e-06;6.519e-09;2.00419e-06;5.82197e-09;1.14055e-05;6.83508e-09
4.25703e-06;0.998496;1.03849e-05;2.67543e-07;4.83307e-06;2.18724e-08;6.09047e-09;1.81376e-05;5.38301e-08;1.04666e-08;4.36246e-09;0.00144631;7.23951e-07;1.9244e-05
2.98693e-05;0.990763;3.86056e-10;1.2022e-06;0.000167352;1.64919e-06;7.83888e-08;0.00812478;4.03555e-06;1.31708e-06;1.90439e-08;0.000862435;3.92164e-05;4.53577e-06
0.000474655;0.00364003;1.23804e-08;5.24247e-07;0.000522106;7.34456e-05;5.4562e-07;0.974676;1.54097e-06;2.3114e-07;1.43248e-07;2.16293e-05;0.0204641;0.000124832
1.71703e-05;0.0024921;1.31422e-06;6.84471e-06;0.00618127;0.0018808;2.15487e-08;0.00703712;8.29006e-07;1.15558e-06;3.63166e-07;0.0390188;0.00121499;0.942147
1.48654e-06;0.000484697;2.2283e-08;1.1082e-06;1.42511e-08;6.51865e-08;6.39878e-07;4.32066e-05;3.58784e-06;1.50078e-07;9.71732e-06;2.63045e-07;0.999455;2.28691e-08
2.47968e-06;0.000466934;1.8087e-07;9.33471e-06;2.40356e-06;5.13547e-08;2.20386e-09;1.51792e-06;5.28654e-06;8.43252e-07;4.80286e-07;0.999465;4.49008e-05;5.13071e-07
4.30363e-05;0.709537;2.06546e-07;8.58746e-07;9.69845e-06;3.34868e-08;4.62283e-08;0.287937;4.94784e-06;5.42929e-08;1.68075e-06;0.00186977;0.000595283;9.51063e-08
5.22929e-05;0.876585;1.5223e-06;1.04734e-06;0.000331373;1.81238e-06;3.8762e-07;0.120827;2.64729e-07;8.94682e-06;6.85295e-08;9.67349e-05;0.00149986;0.000593025
8.03967e-09;1.90495e-05;7.72453e-10;2.68378e-08;9.02748e-07;7.99117e-08;1.47235e-10;5.00055e-05;4.5144e-09;1.91559e-10;1.40641e-08;0.999925;3.76982e-06;8.00877e-07
1.52293e-06;0.00255584;1.29432e-07;2.6588e-07;6.19473e-06;2.42002e-06;9.98406e-08;0.000232065;1.22343e-06;3.84142e-09;5.58862e-06;0.000249705;0.996937;8.47214e-06
7.4259e-05;0.0012858;5.33831e-05;3.68989e-05;0.000134668;0.000282902;1.04547e-06;0.0910156;0.000155915;8.96533e-07;3.3261e-05;0.896874;0.00718688;0.00286453
1.6579e-06;0.999965;1.35863e-06;5.8122e-09;4.31465e-11;9.01759e-09;5.69979e-08;2.65674e-07;1.0575e-08;6.10726e-09;4.08951e-09;1.10645e-05;2.02415e-05;6.8362e-09
1.41279e-08;0.000141278;1.83041e-08;5.67371e-07;1.18879e-06;4.10081e-06;1.2812e-10;3.36647e-06;4.50534e-08;9.82615e-09;1.34727e-08;0.999816;4.82499e-08;3.31102e-05
9.654e-08;0.000232808;2.39893e-08;1.07534e-08;2.28858e-07;2.04418e-07;1.30891e-10;1.48719e-05;5.28185e-09;1.8664e-10;5.85132e-08;0.000110398;0.999641;3.1697e-08
7.12161e-06;0.648843;1.0889e-07;8.75785e-06;0.000756151;0.00126732;2.31577e-05;0.117278;3.72084e-05;5.90436e-06;0.000390771;0.0399287;0.187727;0.00372745
3.13377e-07;0.000874307;1.17122e-07;5.93169e-07;1.71673e-05;1.66359e-05;3.09646e-07;0.000331989;9.65184e-08;1.2202e-07;5.07488e-06;8.74804e-06;0.998732;1.21102e-05
7.85665e-06;0.0103867;3.46727e-07;4.97196e-06;1.35474e-06;1.03775e-07;2.79047e-08;9.1666e-06;2.3861e-06;2.77154e-07;2.70807e-06;0.989232;0.00035238;9.9541e-08
4.24433e-05;0.982072;0.00922504;1.54948e-05;2.14126e-05;6.01927e-07;6.43412e-08;0.000224401;1.49804e-07;1.24219e-07;1.1132e-06;0.00743545;0.000958179;3.74803e-06
4.58469e-06;0.141168;7.18786e-07;9.22904e-07;2.25288e-06;6.38701e-06;1.23682e-06;0.00111754;2.51237e-07;2.78408e-07;1.37875e-05;0.000168293;0.85751;5.27152e-06
6.12705e-06;0.849175;1.50729e-05;4.86587e-05;2.29457e-05;2.20599e-05;1.39125e-06;0.00123045;2.8363e-05;9.3399e-07;0.000994156;0.146373;0.000213028;0.00186927
4.99911e-05;0.236651;8.45719e-09;2.7729e-05;0.142737;0.0136797;0.000124996;0.0753234;3.47992e-05;3.34585e-05;1.87204e-05;0.000112057;0.000382221;0.530825
4.66889e-06;8.07525e-05;3.23651e-06;6.38423e-09;8.31752e-07;1.34687e-07;4.59881e-09;7.22073e-06;4.02521e-07;7.92515e-11;9.6939e-08;0.999588;0.000313891;7.57032e-07
9.50486e-05;0.217922;7.92346e-06;1.36973e-06;5.85724e-05;9.55547e-07;8.59766e-07;0.00783614;3.50105e-05;1.69967e-07;1.60141e-06;0.0443963;0.729614;2.91816e-05
9.06927e-05;0.00747083;0.00076867;0.000121876;1.21792e-05;2.18029e-05;1.02169e-06;0.00490224;0.00112192;5.19624e-06;8.78953e-05;0.929236;0.0553573;0.000802604
0.000117917;0.747724;0.221524;7.15452e-05;0.000316414;2.32408e-05;1.92298e-05;0.0188949;1.14582e-05;2.43046e-05;2.33464e-06;0.0110853;2.94948e-05;0.000155857
9.01125e-10;4.37297e-08;0.999999;4.09092e-10;1.11529e-10;2.35267e-10;2.97694e-09;2.12078e-12;1.31112e-09;1.33523e-10;1.01249e-09;6.32129e-07;1.00869e-08;7.3208e-11
2.57796e-06;0.413315;1.22239e-05;1.07725e-05;0.000111392;3.52277e-05;2.24244e-06;0.0129917;0.000373191;3.15768e-07;0.000600639;0.523067;0.0494669;1.10105e-05
4.60929e-07;0.495246;2.26315e-09;5.06788e-07;0.000112304;1.39712e-05;1.88946e-06;0.00130224;8.0652e-07;4.56641e-07;6.46525e-06;1.71408e-05;0.0038164;0.499481
1.24588e-09;9.98921e-06;1.01405e-07;3.74719e-09;2.59147e-06;1.47575e-07;5.01254e-10;0.000283377;2.98646e-10;1.95749e-10;2.24149e-09;0.999702;3.39779e-07;2.0064e-06
4.58903e-06;0.00489837;4.18105e-08;3.84332e-07;3.21054e-05;1.14146e-05;4.22006e-06;0.00437287;5.9195e-06;6.02088e-08;3.49693e-05;0.00114872;0.989479;7.36123e-06
3.43723e-05;0.00740457;0.000319116;1.18912e-05;2.81179e-05;2.77409e-06;6.8594e-07;0.00578506;3.89072e-05;4.48177e-07;9.95628e-06;0.984068;0.00224286;5.27671e-05
2.147e-06;0.984514;0.00793594;2.79209e-07;1.16972e-06;9.3057e-09;3.919e-09;4.59323e-05;3.71753e-09;1.0061e-08;3.3068e-09;0.00748245;4.05867e-06;1.35837e-05
2.62244e-06;0.811634;1.26495e-05;2.38304e-07;3.84919e-05;6.3367e-07;6.89711e-08;0.0190993;3.30127e-08;7.73589e-08;4.40423e-07;0.0100099;0.159167;3.48809e-05
1.66161e-08;0.113987;6.30087e-10;2.25126e-07;2.37118e-05;8.82728e-07;8.06919e-09;7.43935e-05;3.64771e-09;6.44007e-07;3.9781e-09;0.000780931;1.92248e-07;0.885132
4.04874e-05;0.501895;5.5115e-08;1.61737e-06;0.000312118;3.25295e-05;5.24987e-05;0.0716507;3.9281e-07;4.61549e-06;2.06652e-06;0.390569;0.0353067;0.000131871
3.24906e-06;0.000511882;7.31009e-07;1.18327e-06;8.93784e-06;3.42296e-06;1.75136e-07;0.000377171;2.53087e-07;2.9929e-08;3.40965e-06;0.0221827;0.976899;7.79198e-06
6.82999e-05;0.377633;0.000150927;1.45105e-05;6.14597e-05;3.67134e-05;8.76766e-06;0.0185791;6.1615e-07;0.000208451;1.49448e-07;0.000222478;0.602652;0.000364339
5.41599e-09;7.77042e-08;1;8.15071e-09;4.1878e-10;5.00004e-10;6.35068e-10;1.10147e-08;9.66261e-09;4.6056e-10;1.49894e-09;2.49706e-07;3.09877e-09;4.7457e-11
6.8598e-06;0.0208832;0.00312533;6.07805e-05;1.92745e-07;1.20138e-05;2.92292e-06;0.00384829;0.000716539;1.12666e-06;5.02449e-05;0.97059;0.00027334;0.000429381
2.31763e-06;0.993245;1.70235e-08;6.77543e-08;8.99918e-07;6.79649e-07;1.1236e-07;1.46609e-06;1.677e-07;2.2742e-08;1.26833e-06;1.82462e-06;0.00674482;1.34477e-06
3.38024e-10;0.950014;6.28161e-11;2.6466e-10;1.79347e-07;1.4529e-07;7.41374e-09;5.20698e-08;1.01265e-12;1.87872e-07;6.15079e-13;7.25857e-09;2.26366e-08;0.0499855
4.43273e-12;2.54001e-11;1;7.63073e-12;3.86487e-08;1.23909e-07;3.68106e-12;2.74822e-11;3.00804e-12;9.06801e-12;5.06182e-13;7.92188e-08;1.29385e-11;1.79254e-09
5.88472e-07;0.0381501;8.72163e-08;1.37632e-06;0.0935673;3.95718e-06;9.14723e-08;0.853618;3.83031e-06;2.69676e-08;8.08612e-07;2.13848e-05;0.0146322;2.37622e-07
2.32097e-06;0.560973;0.399089;0.000290742;0.0149163;0.00277329;9.88136e-09;9.71372e-05;1.54877e-08;3.09926e-05;1.1252e-07;1.82146e-06;0.0216151;0.000210077
3.58821e-05;0.977511;0.00654317;1.43635e-06;2.84265e-06;5.10619e-07;3.14588e-08;0.0041455;6.51407e-09;6.21576e-06;6.47025e-09;0.00955639;0.00021694;0.00198069
1.66231e-07;0.00558813;1.07898e-09;5.05961e-06;7.71025e-05;7.10275e-06;1.14184e-05;0.000187275;8.53888e-08;0.000181715;8.99051e-08;6.64367e-07;2.70202e-07;0.993941
3.95781e-07;4.86501e-09;0.999933;1.60014e-08;2.17958e-07;1.06799e-07;4.04378e-09;6.48824e-07;1.48104e-09;7.86339e-10;1.12483e-08;2.37689e-05;4.23019e-05;4.34629e-09
3.52167e-10;0.999999;6.07833e-14;2.23861e-12;3.38802e-12;8.90033e-13;6.69161e-07;7.49417e-12;6.09785e-12;5.40992e-09;7.75418e-13;3.13284e-14;3.23293e-10;5.9016e-07
3.62426e-14;1.6435e-13;1;4.28707e-13;1.49622e-12;5.07778e-13;2.44686e-11;3.81134e-15;6.59693e-13;1.31173e-12;5.03316e-13;3.13952e-08;3.16709e-16;9.49307e-13
1.16019e-05;0.320498;2.49106e-07;0.000124318;1.682e-05;0.000374978;0.0757148;0.318766;0.00737454;8.86837e-06;0.0113222;2.22995e-06;0.265759;2.57037e-05
1.02624e-05;0.997346;2.12074e-08;6.82218e-07;1.90792e-08;7.09892e-09;2.87722e-05;3.75092e-06;2.67909e-06;6.85133e-07;3.25135e-05;0.000662287;0.0019126;4.29092e-08
7.24845e-07;0.000855008;2.11746e-05;9.13969e-07;0.000497615;2.4728e-05;1.26986e-09;0.00072288;1.51628e-08;6.61863e-07;1.78261e-08;0.997234;0.000162668;0.000479262
1.20139e-06;0.0149785;5.87243e-07;8.00158e-07;5.72511e-07;4.73327e-05;0.000166479;0.086427;1.23578e-05;7.16527e-06;1.61145e-05;4.71637e-08;0.898336;5.65985e-06
6.78942e-14;1.65572e-14;1;1.57997e-11;7.79105e-13;2.74692e-12;5.73106e-12;3.0292e-15;8.41706e-12;4.21162e-12;9.88988e-12;6.84021e-10;3.00061e-13;1.31469e-12
8.27401e-07;7.20168e-06;0.995455;2.59087e-05;3.76345e-06;2.06628e-06;6.54111e-06;0.00436099;2.30489e-05;2.6948e-07;1.23063e-05;9.56817e-05;1.55514e-06;4.39899e-06
3.44812e-07;0.000147081;1.44239e-05;4.31319e-07;5.02984e-06;1.70636e-05;1.66408e-08;0.000107187;4.23993e-08;1.31345e-06;3.46661e-08;1.16256e-05;5.70292e-07;0.999695
1.94529e-06;0.000115504;1.27157e-09;2.31094e-07;9.05846e-07;7.46134e-07;4.30643e-08;0.988149;6.08354e-06;2.13638e-09;2.85425e-05;1.38767e-05;0.0116833;1.92757e-07
1.11764e-08;0.999972;2.32861e-08;7.51959e-09;4.01046e-09;9.1879e-11;1.24727e-12;1.40543e-05;2.92675e-12;1.09744e-10;1.97255e-12;1.54074e-09;1.39966e-05;3.03553e-08
7.22755e-07;0.0818929;1.25401e-05;1.67329e-05;4.47958e-05;4.06933e-07;3.1561e-08;0.000422486;2.74598e-09;3.86255e-07;2.75342e-07;0.629243;0.288357;8.81826e-06
4.20726e-06;0.73666;4.76741e-10;0.000307827;0.000380561;0.103565;3.64962e-05;0.0941743;6.38835e-06;7.23505e-05;0.000170909;0.00221183;0.0319291;0.030481
6.01722e-07;6.70674e-05;1.29255e-07;1.93998e-06;3.92907e-07;2.26509e-06;2.60613e-07;2.47906e-06;4.37674e-08;9.314e-08;7.5493e-06;0.00193977;0.997977;2.87232e-07
1.81244e-05;5.44858e-05;8.64096e-06;4.63942e-06;3.30392e-06;1.37183e-07;1.46532e-08;1.2089e-05;1.40615e-05;1.36102e-07;2.46558e-05;0.997023;0.00283698;1.26567e-07
4.27305e-08;0.0039982;5.49479e-10;3.14968e-08;1.309e-06;8.06652e-07;2.08178e-08;0.995797;4.14419e-08;3.62702e-07;1.88796e-08;9.10102e-09;0.00020075;1.68732e-06
3.59678e-12;2.81834e-11;1;1.83257e-10;6.36315e-11;1.43248e-12;4.71459e-12;1.55199e-11;1.2164e-11;1.65249e-10;4.70046e-12;3.30194e-09;3.34825e-12;4.03667e-10
1.09557e-06;1.31628e-06;0.998031;2.127e-05;2.14642e-06;6.23727e-07;1.90839e-06;0.00113867;2.49674e-06;1.96933e-07;3.58918e-06;0.000789837;2.62592e-07;5.30966e-06
1.41652e-06;0.000724881;2.39687e-06;3.84989e-08;7.29304e-06;0.000222526;1.5197e-08;9.40335e-06;6.9061e-08;2.07483e-07;1.28086e-08;4.16663e-07;1.08396e-05;0.99902
4.9826e-07;1.37822e-05;2.88491e-08;3.65307e-09;1.67086e-06;6.91839e-06;3.41836e-09;0.971284;1.06204e-07;3.21911e-09;1.76807e-08;4.74684e-09;0.0286913;1.26138e-06
1.98037e-10;2.48709e-09;1;7.41676e-10;2.89469e-11;4.90039e-11;4.31871e-11;4.72267e-10;2.19801e-10;1.0705e-10;3.3078e-11;5.61218e-10;5.7836e-09;1.57246e-12
6.88791e-08;3.20701e-06;0.00218388;2.55937e-06;1.43341e-08;3.64871e-08;1.77754e-10;1.00296e-05;7.06503e-07;1.74546e-08;8.33863e-09;0.997793;8.07437e-09;6.15155e-06
1.0945e-06;0.316974;0.000930313;1.2471e-06;0.0002239;0.0025657;1.07434e-08;0.000112907;4.23202e-08;2.39489e-06;8.30432e-08;0.00566675;0.67349;3.2317e-05
1.69334e-09;1.58674e-05;1.94189e-08;1.40848e-07;3.0803e-07;0.00172586;1.61036e-10;3.94312e-06;1.38551e-09;4.33895e-09;1.13711e-08;4.95067e-07;0.998248;5.41889e-06
5.56649e-08;0.000234879;0.999738;7.32317e-07;1.29311e-05;5.29852e-07;6.46592e-11;1.14504e-06;1.58793e-11;1.43727e-07;2.64576e-11;1.36378e-07;3.56123e-06;8.06928e-06
0.000112763;0.177941;0.000123119;0.00532988;0.000129056;0.000400355;0.000174548;0.401118;0.00179983;0.000415896;0.0191113;0.00416329;0.389163;1.81499e-05
