2.77687e-05;0.91936;4.33691e-09;3.15983e-07;1.55592e-09;5.45614e-09;4.551e-07;1.83996e-06;3.96618e-06;1.62565e-08;1.62705e-05;0.00043971;0.0801497;4.76628e-10
4.92227e-06;0.0717423;7.30278e-07;8.04151e-06;0.000948996;0.00027782;2.6769e-09;0.00373802;4.51761e-07;4.41492e-06;3.06575e-08;0.91632;3.44379e-05;0.00691973
7.8062e-05;0.0152369;2.73254e-08;4.50288e-06;0.000202333;0.00350358;3.52153e-05;0.0341651;7.01461e-06;3.86962e-06;3.5001e-05;0.00038001;0.946182;0.000165989
4.73266e-09;7.74026e-06;8.67407e-09;4.9728e-08;5.25713e-06;3.10296e-06;2.59904e-11;9.78054e-06;3.21899e-08;1.28166e-09;6.7032e-08;0.999963;7.34025e-06;4.18128e-06
3.06508e-05;0.0864659;4.33011e-07;8.65631e-06;5.27007e-06;5.80496e-07;1.47743e-05;0.000224695;0.000206468;5.62929e-07;0.00135366;8.71989e-05;0.9116;6.79553e-07
1.84636e-05;0.00297101;0.00330964;1.46764e-05;1.85645e-05;7.45044e-06;6.25396e-08;0.001061;2.41689e-05;4.89915e-07;9.71636e-06;0.989299;0.00306498;0.000201206
7.6925e-06;0.173051;0.000291345;1.70429e-05;0.00102287;0.00506315;1.23754e-08;0.0123285;2.75085e-06;8.50399e-07;2.48579e-06;0.000228171;0.80694;0.00104352
3.85044e-05;0.941806;8.71712e-07;2.59723e-05;0.000165883;3.92973e-06;6.96289e-07;0.00187806;1.37061e-06;7.64144e-06;3.40382e-05;0.024696;0.0303441;0.000996641
3.93909e-08;0.990643;5.37141e-14;6.13709e-10;9.32939e-10;4.72327e-10;5.98371e-06;3.02319e-09;6.6328e-11;2.81123e-07;4.5336e-10;1.16537e-11;7.5534e-08;0.00935047
4.23164e-14;2.23525e-13;1;4.00962e-13;1.71947e-13;2.01865e-13;3.97535e-12;7.42097e-14;8.76165e-14;2.79763e-13;4.99743e-13;9.45181e-09;3.93064e-14;1.43723e-13
2.45735e-06;0.707353;1.25174e-06;0.000211662;4.27754e-05;5.223e-05;0.0521488;0.0952616;0.00891536;3.96344e-05;0.0294564;9.2967e-06;0.106308;0.000197615
3.43865e-08;2.66626e-07;4.4596e-10;4.58899e-09;1.24009e-08;3.09096e-09;1.22948e-07;0.99999;4.88951e-07;2.88389e-09;2.08252e-07;4.13453e-09;8.9021e-06;1.03442e-09
4.64551e-07;0.00102711;3.27807e-07;8.54777e-06;4.82235e-05;4.05679e-07;3.07968e-06;2.29199e-05;2.20658e-05;1.96821e-08;7.9142e-06;0.998814;1.49385e-06;4.35247e-05
2.14274e-05;0.377099;1.10284e-07;1.01942e-06;1.00633e-07;2.33653e-08;4.92784e-06;0.0979253;5.30422e-06;3.59426e-09;1.39161e-05;8.33854e-06;0.52492;5.88887e-08
1.43302e-05;0.375215;0.0575634;0.000141843;0.00177622;7.8828e-05;9.6669e-07;0.010874;6.40286e-06;4.78544e-06;3.53041e-06;0.398949;0.00194534;0.153426
0.000128304;0.547001;5.39191e-06;0.00220146;0.00186872;5.04471e-06;0.00150831;0.0219196;0.0127486;4.73194e-05;0.0155644;0.387817;0.00831668;0.000867848
1.42353e-05;0.994923;0.00227587;0.000222603;8.49262e-06;6.10165e-06;6.18063e-06;5.28195e-06;4.06156e-08;0.000113293;2.40609e-06;0.00172901;0.000106338;0.000587052
9.02745e-06;0.004258;1.75878e-08;4.87051e-08;1.40179e-08;2.14102e-08;5.71621e-06;0.000106129;2.16102e-05;2.32656e-08;0.000214036;0.991198;0.00418686;6.0796e-07
1.94078e-07;0.0261515;5.49414e-09;8.05808e-05;9.35572e-07;6.9524e-05;7.10563e-05;5.15735e-05;2.38428e-05;3.04574e-05;2.56276e-05;2.03821e-06;0.973492;3.24464e-07
0.00045056;0.00239573;0.417518;0.00660895;7.64482e-05;5.20582e-06;2.39119e-06;7.37765e-05;1.04482e-05;7.16165e-05;0.000208744;0.568204;0.000160336;0.00421318
9.3636e-05;0.664185;1.84202e-09;1.49745e-06;8.72956e-07;2.40572e-06;0.00466296;0.278637;0.000667913;1.94422e-05;0.000926801;5.15856e-10;0.0508013;7.47604e-07
5.1391e-10;5.38347e-10;1;1.40471e-09;5.36371e-11;1.48942e-10;1.95828e-08;6.35453e-12;2.37437e-08;8.24676e-10;7.50275e-08;1.86713e-07;1.89595e-11;5.92239e-11
4.4263e-07;0.000684437;0.00309398;4.00499e-07;1.73335e-06;3.20982e-07;6.312e-09;6.32916e-05;3.55271e-07;2.08568e-08;6.576e-07;0.996031;1.38993e-06;0.000121986
4.45956e-07;0.0596581;4.86334e-07;9.70367e-08;8.0515e-07;1.95159e-05;4.80138e-08;6.07741e-07;8.85412e-07;7.75503e-08;1.45477e-06;3.17962e-07;0.940315;2.54471e-06
4.57962e-07;0.220339;0.108497;8.73944e-09;1.6347e-05;1.79925e-08;5.36857e-11;1.16578e-05;3.27078e-10;1.16122e-08;2.60767e-11;0.670249;4.16185e-07;0.000886848
5.44109e-07;6.44894e-05;1.97085e-10;4.28222e-08;0.000690742;2.15165e-06;5.21248e-09;0.998877;1.68914e-05;7.3921e-09;3.44808e-08;3.79625e-07;0.000192672;0.000154963
9.52545e-08;5.39317e-09;2.40698e-11;2.50343e-11;9.85322e-09;1.06028e-10;1.93408e-12;1;6.04785e-09;5.68803e-12;2.36188e-11;7.00739e-10;7.99498e-08;9.68498e-11
4.87208e-07;7.55001e-05;0.000223034;2.09889e-06;0.000187057;1.99571e-06;1.11118e-09;0.000151373;1.83759e-06;1.2069e-08;4.14995e-08;0.99926;7.89381e-05;1.75848e-05
1.21167e-05;0.929783;1.32871e-07;1.80787e-06;2.40415e-07;2.64262e-07;0.0483267;0.000805467;1.28307e-05;5.33153e-05;1.27109e-05;6.1796e-09;0.0209905;6.7718e-07
1.0243e-12;1.11711e-11;1;2.83849e-10;1.46859e-09;4.5094e-10;5.49277e-12;1.98283e-14;6.41607e-12;6.18502e-12;1.53094e-11;3.07519e-07;1.22839e-13;1.50239e-08
8.79262e-07;0.996872;1.09063e-05;6.80702e-06;0.000123064;1.85822e-05;1.09672e-06;0.00145057;4.64243e-07;4.65552e-09;8.47603e-07;0.000313221;0.000479461;0.000722416
7.40532e-06;0.0336779;7.39242e-06;1.74793e-05;0.000219401;6.26902e-06;2.45949e-07;0.964467;4.56471e-06;7.00978e-08;5.17731e-06;7.66527e-05;7.98158e-05;0.00143007
8.32902e-06;0.984033;2.25098e-08;4.27837e-08;2.10004e-05;1.48755e-06;3.50515e-08;0.0025785;2.87437e-07;5.3566e-08;1.59033e-07;0.00740131;0.00592463;3.07313e-05
1.56112e-07;0.000332515;1.93944e-11;4.22541e-08;0.024319;1.49296e-07;8.21165e-09;0.975154;2.67677e-07;6.44914e-09;2.55255e-08;0.000183523;9.92187e-06;4.56374e-07
0.000102801;0.00757142;0.971681;0.000130492;0.018683;0.000624514;8.30339e-07;4.05598e-05;9.58816e-07;2.40409e-05;1.32197e-05;0.000165662;2.98723e-05;0.000931607
0.000117853;0.00118044;6.51465e-09;1.42415e-07;3.55458e-05;4.22061e-07;3.24242e-08;0.99238;1.27955e-05;1.40848e-08;4.35298e-06;6.69052e-06;0.00623423;2.70463e-05
2.8366e-05;0.892576;5.37828e-05;1.30717e-06;2.23055e-06;1.22661e-07;8.57603e-05;0.000179984;1.6344e-07;0.000119241;7.62831e-08;0.000156336;9.23399e-05;0.106704
1.73238e-11;3.16359e-11;1;4.03017e-10;1.39258e-11;2.91056e-11;2.59362e-11;7.09565e-10;4.62795e-10;1.78607e-11;5.3156e-10;5.94998e-08;1.33047e-11;1.12933e-11
0.000194627;0.933766;3.40132e-08;5.24284e-05;1.72719e-06;4.75958e-05;0.000435296;0.00916664;0.000550294;1.77838e-05;0.00154882;9.08822e-06;0.0525077;0.00170174
1.24869e-07;0.000520465;4.78438e-06;4.37507e-08;1.06601e-08;1.05709e-08;3.56418e-09;6.36647e-06;3.07674e-08;5.23635e-10;1.46901e-05;0.999064;0.00038917;1.88375e-08
6.69021e-08;0.006547;8.74101e-08;7.11868e-07;0.000229456;0.000152879;9.44499e-07;0.00275712;1.76966e-07;3.05399e-06;7.37423e-07;3.98941e-05;0.990072;0.000196346
2.74299e-07;0.000106483;1.68492e-09;6.59149e-07;2.31568e-06;0.000756707;1.29294e-06;2.54083e-06;9.12976e-06;7.78232e-08;2.99771e-05;9.03206e-07;0.999089;1.10309e-06
3.41806e-07;2.48138e-05;0.999946;2.50969e-07;2.18856e-06;7.04725e-08;1.08386e-09;6.15051e-08;1.12565e-09;7.00335e-08;2.33708e-10;2.57997e-05;3.47493e-07;3.6534e-07
3.24492e-07;0.993168;1.46453e-09;1.90337e-06;2.46416e-07;3.45952e-07;2.28224e-08;0.0066596;4.34057e-06;1.31325e-08;4.807e-06;2.51648e-06;0.000107276;5.06426e-05
2.37861e-06;0.00313194;5.34228e-09;1.60171e-08;1.64495e-07;2.77366e-08;1.12174e-09;0.996711;7.09672e-07;5.23144e-08;1.23184e-08;5.39211e-09;0.000152161;1.10952e-06
3.0154e-10;2.15249e-05;2.27676e-06;1.39888e-08;6.26135e-07;1.45379e-08;4.48835e-12;4.34766e-07;3.91597e-09;2.48968e-10;9.36933e-09;0.999954;2.6519e-08;2.11964e-05
2.11534e-09;0.999934;5.7862e-13;4.8172e-09;3.10311e-10;3.18481e-10;3.26911e-08;2.46964e-05;4.01504e-09;1.94791e-08;4.94609e-09;5.88193e-11;4.12188e-05;5.26328e-08
6.62002e-08;1.09728e-05;4.79708e-07;1.98514e-10;1.17792e-08;2.15215e-13;1.67914e-09;4.68605e-07;1.40035e-08;5.05343e-10;1.02822e-08;0.999988;2.78731e-07;6.59949e-10
2.18029e-07;5.94447e-07;5.54074e-13;7.97972e-10;1.14867e-05;1.00732e-10;4.90931e-08;0.999978;9.79828e-06;1.27963e-09;3.02024e-09;2.65648e-08;5.43331e-08;1.64609e-10
0.00186831;0.0117831;0.977907;0.000428995;0.00110591;1.31569e-06;3.32797e-07;0.0016984;0.000186328;2.5384e-05;2.6347e-06;0.00232341;0.00256913;9.98224e-05
0.000594922;0.92587;7.87497e-09;4.91876e-07;2.95202e-07;1.26879e-07;5.79021e-05;0.0590284;0.000348867;1.69853e-05;2.166e-07;1.61789e-07;0.0140774;3.64194e-06
2.88757e-10;5.27852e-12;1;4.25918e-11;9.21787e-11;1.43952e-11;7.7174e-13;4.44678e-12;4.97419e-11;1.19674e-11;2.55341e-13;3.76054e-08;1.93258e-13;1.13519e-09
1.00051e-05;0.00721087;4.11721e-09;2.37129e-06;3.47336e-07;1.88794e-05;1.16028e-06;1.72977e-05;0.000526262;2.4604e-08;1.07538e-06;4.63374e-05;0.992156;9.00969e-06
2.44058e-06;0.00395091;0.996006;3.57669e-07;1.15586e-07;6.41294e-09;1.74049e-06;5.72397e-07;2.38742e-07;2.07193e-06;1.43101e-09;3.38608e-05;6.2926e-07;1.07519e-06
5.60596e-09;3.62772e-09;0.999973;4.1599e-10;5.78933e-09;3.59656e-10;4.21766e-08;1.25115e-09;8.92142e-08;3.6714e-10;2.09948e-08;2.63724e-05;3.55032e-10;3.55288e-10
2.8792e-06;0.856669;1.03137e-06;6.05508e-06;3.80363e-06;0.000113557;1.16366e-06;0.0359688;0.00122156;7.81622e-07;0.000110422;0.00432284;0.101565;1.2786e-05
4.28505e-06;0.0448621;5.60967e-05;6.20067e-07;1.61818e-07;1.76787e-07;3.3329e-07;0.00148451;1.77185e-05;3.91725e-08;0.000140477;0.952447;0.000986324;9.87227e-08
7.09199e-07;0.00258412;1.43647e-08;3.39095e-06;0.00083715;7.33439e-05;7.48274e-08;0.0488456;4.3123e-06;3.98424e-07;3.64085e-06;0.0179456;0.929685;1.67524e-05
7.15669e-05;0.0338756;1.69982e-07;1.47038e-05;6.58926e-05;2.64131e-05;5.78421e-06;0.0360936;0.000132698;1.94257e-06;0.000155635;8.88996e-05;0.929417;4.97343e-05
1.18466e-05;3.62309e-05;7.41968e-07;6.78343e-08;6.40676e-08;8.63213e-10;5.71334e-09;0.999944;2.81911e-06;9.57504e-09;1.16592e-07;5.39475e-07;3.38739e-06;6.01522e-08
1.00963e-07;0.00227253;8.94476e-08;7.71945e-07;3.46539e-06;5.84759e-06;3.67933e-10;2.03655e-06;2.05122e-09;1.86593e-07;1.56607e-09;1.41855e-05;2.05374e-08;0.997701
0.000725251;0.14605;2.57303e-07;1.27515e-05;8.50796e-06;6.39655e-05;0.000496476;0.279864;0.000681159;5.09369e-06;0.0453354;0.0188968;0.507854;6.62139e-06
2.92169e-08;0.990438;2.10578e-13;1.86449e-07;9.78956e-08;3.18485e-08;3.05896e-07;0.00134763;1.09994e-07;1.45532e-08;2.37204e-06;1.83991e-08;0.00821106;4.21362e-07
2.121e-07;0.997879;0.000525983;0.000475932;2.88901e-05;7.94305e-07;7.90567e-08;4.5181e-05;1.26976e-07;5.96168e-06;8.18006e-07;0.000887595;1.1105e-05;0.000138704
6.60693e-06;8.01455e-08;4.4123e-09;6.21466e-07;4.19917e-07;1.80495e-08;2.03335e-06;0.999967;8.18634e-06;1.55785e-07;7.46976e-06;1.87413e-08;7.78927e-06;9.80706e-09
1.49469e-05;0.00507252;0.000423673;0.000582611;0.000166882;0.00240079;7.45855e-07;8.33824e-05;2.60403e-06;2.74217e-05;7.10982e-06;0.00201608;1.69864e-05;0.989184
0.000650844;0.052263;4.09875e-07;4.19651e-05;1.30324e-06;5.79023e-05;0.000939216;0.00876744;0.00755045;1.84767e-06;0.413757;0.00181299;0.514085;7.02699e-05
1.33785e-05;0.015888;0.970285;6.88874e-06;0.000657837;4.47303e-06;2.43211e-07;9.9714e-06;1.08098e-06;7.07489e-07;3.70176e-06;8.89176e-06;0.0129391;0.000180527
2.97446e-09;0.999991;9.68085e-13;8.08862e-10;5.48264e-08;1.13551e-10;4.58671e-06;3.30709e-08;5.1599e-10;2.23615e-06;4.04849e-11;1.77545e-10;3.28754e-09;1.77701e-06
1.24908e-12;1.25208e-14;1;1.39289e-11;2.24445e-08;9.67032e-13;3.63306e-12;2.81059e-13;2.95468e-12;1.09629e-11;4.15388e-12;3.62411e-08;3.6461e-15;1.67447e-13
7.45781e-07;0.000677029;6.72515e-10;1.07464e-07;7.43066e-06;4.11023e-05;8.59037e-07;0.97703;4.03421e-06;1.14996e-07;1.29199e-06;1.97994e-05;0.0222172;7.1263e-09
1.99916e-06;0.985949;3.64734e-08;1.40247e-06;3.68603e-07;1.51056e-07;5.42259e-06;0.010064;1.93249e-06;3.74006e-06;5.51478e-06;9.3191e-07;0.00394414;2.10328e-05
1.60341e-06;3.12233e-07;4.47322e-10;1.16563e-06;9.39996e-07;8.31258e-08;3.30561e-08;0.999975;1.35614e-05;7.68968e-08;2.62925e-07;6.08185e-07;4.92378e-06;1.45808e-06
2.34322e-05;0.00167139;0.000950463;0.000638686;0.00574052;1.479e-05;2.02864e-06;6.49157e-06;1.43664e-05;6.1701e-06;0.0001298;0.987692;2.63983e-06;0.00310724
1.04852e-07;0.993355;5.75961e-13;3.89438e-09;3.76976e-11;4.07903e-12;0.0066432;3.68404e-09;5.83394e-09;1.05002e-06;8.504e-08;1.60533e-11;2.61383e-08;4.31448e-07
1.15309e-14;5.2741e-15;1;1.84318e-14;2.6712e-13;4.45219e-15;8.47215e-14;2.27772e-16;3.2527e-15;1.82896e-14;2.10802e-14;6.03399e-11;1.77911e-17;3.78383e-15
3.26155e-07;0.00482826;3.43391e-09;2.23884e-07;2.10273e-05;1.6299e-08;1.88745e-07;0.988386;4.44828e-06;1.63919e-08;8.44604e-06;7.28321e-06;0.00674332;7.1933e-11
1.88383e-07;0.00222128;0.995585;1.58133e-05;6.45123e-05;1.74153e-05;7.23088e-08;1.1155e-06;4.38327e-09;4.50726e-06;2.09995e-06;0.00185831;7.48969e-05;0.000155007
7.73651e-06;0.789403;5.64003e-06;1.70587e-05;3.89384e-06;8.72963e-07;4.39443e-05;0.000325357;5.28466e-05;9.2696e-07;0.00189398;0.0312441;0.17671;0.000291545
2.37954e-07;0.994726;0.0028305;5.30986e-06;1.18735e-05;7.43235e-07;6.11689e-08;0.00020467;3.65379e-09;8.53969e-08;1.51721e-07;0.00205797;0.000153808;8.76347e-06
9.03849e-07;1.58385e-07;1.24356e-09;3.32129e-08;2.82758e-07;7.3071e-08;6.60718e-08;0.999995;2.40551e-06;1.34137e-08;4.0634e-07;5.48126e-09;8.58189e-07;8.25364e-09
9.80422e-07;0.0211826;0.000713113;8.10693e-06;0.000235298;6.55841e-06;2.21728e-08;0.000262371;8.88196e-07;2.07794e-07;4.30506e-06;0.964567;0.000102206;0.0129167
5.45328e-07;0.999333;2.41337e-10;3.81046e-09;2.02468e-10;1.15885e-10;0.000637332;3.41874e-07;1.2243e-08;1.58572e-06;2.24895e-08;1.99114e-11;1.65155e-06;2.57979e-05
3.7316e-13;2.94413e-14;1;4.57982e-12;5.03521e-13;4.85651e-14;2.3204e-12;1.85541e-13;1.34252e-12;9.98331e-13;1.62846e-11;3.09197e-09;9.45514e-16;8.49832e-14
1.84923e-06;0.00318802;6.78571e-11;1.66149e-07;1.14979e-06;3.80082e-09;6.88208e-05;0.99566;0.00032379;1.93586e-07;0.000542704;4.52112e-07;0.000213224;9.5578e-10
4.58164e-07;0.00574053;0.990023;0.00108337;0.000666333;0.000566796;7.112e-07;0.000146168;8.50583e-07;0.000206974;2.43024e-05;0.00112283;0.000202623;0.000214521
8.27794e-06;0.982404;7.60355e-11;2.51959e-05;1.21006e-07;8.91975e-07;1.96942e-05;0.000130279;0.000213635;3.17863e-07;0.00180457;0.0141354;0.00124341;1.45919e-05
5.56841e-05;0.960252;7.44764e-06;6.51959e-06;3.86971e-06;5.41939e-07;6.01291e-08;0.0396007;3.68738e-07;2.48456e-07;1.27785e-07;6.68099e-05;4.3071e-06;1.01499e-06
0.000150955;8.75696e-07;2.32678e-09;4.74442e-09;8.56904e-08;1.06407e-09;2.88211e-08;0.999634;1.03203e-05;4.53963e-09;1.02403e-07;2.78541e-06;0.000201144;5.80849e-11
2.01065e-07;0.000367885;3.4258e-05;2.85785e-08;3.40258e-05;9.70485e-08;5.47031e-10;0.000193519;7.64075e-08;1.17779e-08;4.64793e-09;0.999348;1.83677e-06;2.03743e-05
1.25249e-06;0.899471;1.45073e-08;1.24908e-08;1.64392e-10;3.79181e-10;0.100444;1.98403e-07;2.747e-05;5.34534e-05;3.71418e-07;4.65935e-09;1.85784e-06;2.77624e-07
1.26638e-11;5.6952e-14;1;2.64297e-10;9.75867e-10;2.04674e-11;3.64543e-10;9.51391e-11;3.61758e-09;2.33534e-10;2.42849e-10;3.9901e-08;4.78498e-16;2.64218e-11
4.45906e-05;0.997758;1.2043e-07;0.000108089;3.31547e-05;9.17463e-06;0.00011346;0.00149911;0.000173237;5.37334e-06;2.1814e-05;2.41572e-05;0.000178345;3.15908e-05
2.91892e-07;2.19245e-08;1.63196e-10;1.49483e-08;7.40418e-09;6.72219e-10;4.31433e-10;0.999998;5.92356e-07;1.59126e-10;2.04788e-08;1.34698e-07;9.66843e-07;8.20265e-11
5.7295e-06;0.858359;8.06086e-05;0.000124977;0.000394456;0.00324242;7.0097e-09;0.000279822;2.49396e-08;1.39379e-05;2.40322e-08;0.0291978;0.000865144;0.107436
6.6381e-06;0.0664105;2.02835e-07;6.1317e-07;2.00993e-10;5.37584e-09;0.932859;3.52899e-08;3.29211e-05;0.000269054;0.000344124;3.25508e-07;3.61643e-06;7.31331e-05
1.00852e-09;1.0163e-09;0.999999;1.08705e-08;8.3186e-09;8.35931e-09;1.60647e-07;2.22095e-10;5.55795e-08;8.17827e-09;1.19121e-07;3.90572e-07;2.10502e-10;1.35058e-10
8.87191e-06;0.998618;0.000198041;1.7204e-06;3.08699e-07;7.09571e-08;7.64027e-05;0.000325059;6.70016e-07;1.24026e-05;7.81556e-07;0.000180315;0.000576913;3.39989e-08
6.60595e-12;1.76854e-11;1;4.95e-11;2.28316e-12;5.77433e-13;1.60904e-11;1.76423e-12;2.04483e-10;9.58122e-12;8.23596e-10;2.21714e-07;4.56044e-13;2.40357e-14
0.000105607;0.155358;0.0105108;0.000153125;7.47905e-06;2.26106e-06;0.00127941;0.825585;0.000696381;0.000258648;0.000977764;0.00357432;0.000243162;0.00124867
2.16032e-09;6.69664e-06;4.26267e-11;3.68552e-08;2.24267e-10;1.70587e-09;0.999619;1.39806e-08;1.8316e-06;0.000194347;0.000177732;8.82873e-12;2.47368e-08;2.54962e-08
8.1379e-10;1.59559e-10;0.999996;4.93137e-08;2.66822e-10;9.53358e-10;6.32525e-07;1.15788e-10;4.85691e-08;7.35996e-09;2.43604e-06;2.76045e-07;1.74789e-10;1.25331e-09
3.29188e-05;0.997438;8.55802e-05;1.80509e-06;6.68942e-07;6.75888e-08;4.36324e-05;0.000498571;4.14472e-06;9.26671e-07;2.63999e-06;5.77429e-05;0.00183335;3.4036e-08
2.68387e-07;0.990527;6.97815e-09;3.97759e-06;4.21773e-07;2.34454e-06;4.64775e-07;0.00121558;9.96494e-07;1.28649e-07;9.116e-06;0.000461676;0.00777578;2.24235e-06
2.4304e-06;0.00319126;0.00015099;2.30177e-06;1.20489e-05;4.30567e-07;1.12907e-06;0.00170719;2.18611e-08;7.66655e-07;3.25277e-08;0.994773;2.90117e-05;0.000129317
2.5929e-05;0.400178;1.60056e-06;0.00992691;7.72078e-05;0.00598815;0.000256587;0.00360021;0.00816857;1.21553e-05;0.0121842;0.00106544;0.549906;0.00860914
2.84613e-05;0.987656;1.06178e-08;1.02271e-06;8.32851e-08;1.17133e-07;1.78489e-06;0.0121845;1.46821e-07;4.08079e-07;2.29675e-07;4.41764e-05;8.15797e-05;1.79998e-06
6.15156e-05;0.000751503;4.86476e-07;4.69178e-05;7.24788e-07;1.47666e-06;1.91585e-05;0.00362744;0.00140904;6.17288e-07;0.00307246;0.000238573;0.990769;1.28983e-06
2.04679e-05;5.99071e-05;7.26022e-08;3.82386e-08;6.13495e-08;4.60795e-09;1.53292e-09;2.1691e-05;9.6135e-08;4.72194e-09;5.46323e-08;0.00434104;0.995557;9.68784e-09
1.75173e-07;0.0143132;3.06432e-06;1.84629e-05;1.01795e-06;6.05941e-08;1.05751e-08;3.60547e-05;5.90761e-07;5.05639e-08;3.79824e-06;0.985173;0.000370158;8.06703e-05
4.9021e-06;0.165116;2.40586e-05;0.0139486;0.0109974;0.000193551;2.32777e-07;0.735607;1.00815e-06;0.000407763;3.23888e-05;0.0659779;0.000934919;0.00675408
1.5681e-07;1.26631e-05;2.20805e-07;5.06884e-06;1.06196e-09;2.15484e-05;5.40363e-07;1.03331e-08;2.31514e-07;1.10717e-06;4.38789e-05;4.66188e-09;0.999915;3.06332e-09
3.66998e-08;2.66603e-07;0.999997;3.00795e-08;1.46007e-08;5.05915e-10;1.85687e-09;1.99688e-08;3.41116e-11;2.19468e-08;7.97414e-10;3.21661e-06;1.77262e-09;2.67168e-09
1.01714e-06;0.99364;8.24962e-09;1.095e-05;2.80463e-07;4.44238e-06;5.50528e-06;0.00539429;0.000391674;1.29882e-06;0.000291629;1.19584e-07;0.000247051;1.23256e-05
