6.37572e-05;0.659697;9.32625e-08;3.50164e-06;0.000257685;4.84177e-05;1.69964e-06;0.00219554;8.94108e-05;4.88522e-07;6.29712e-05;0.0106627;0.32683;8.71714e-05
0.000112808;0.176903;0.000609046;9.36254e-06;8.9739e-05;0.00132966;3.31478e-05;0.0617904;4.33096e-06;2.38485e-05;2.54766e-06;0.126454;0.629251;0.00338775
2.02192e-05;0.137059;4.81746e-08;0.00550786;0.00468889;0.351196;2.59668e-06;0.0234569;0.000328118;9.43462e-06;0.00123971;0.0216924;0.422095;0.0327029
5.08518e-05;0.995967;2.08129e-06;5.06888e-08;7.24633e-09;1.31466e-07;1.88419e-07;4.03042e-06;1.66676e-08;2.58519e-08;2.57653e-08;0.00265617;0.0013186;5.89358e-07
9.94324e-08;2.79752e-05;1.79519e-06;6.16183e-06;0.0320072;6.91452e-05;8.53263e-09;0.000348208;2.52806e-05;1.12649e-07;4.77928e-07;0.967309;1.60053e-06;0.000202983
5.95139e-06;0.774088;0.0932258;9.87655e-05;8.59814e-06;2.17863e-05;1.96348e-06;9.01163e-07;7.40833e-07;8.65176e-06;2.90444e-05;2.3221e-06;0.132504;3.9118e-06
3.86132e-06;0.143591;4.87325e-06;7.77018e-07;4.9147e-07;8.04875e-07;1.34552e-07;9.09191e-06;4.98577e-06;1.69039e-07;5.03606e-06;0.85378;0.000108917;0.00248924
9.59711e-07;0.992353;0.00080287;4.01922e-07;0.000536112;2.17931e-07;1.67984e-06;0.00553033;3.0516e-07;3.64866e-07;2.99699e-07;0.000267836;0.00050364;1.61561e-06
9.9106e-07;0.20093;8.79143e-08;2.31382e-05;3.68637e-05;1.39567e-05;1.50299e-07;0.000566537;2.03661e-06;2.34705e-07;8.30853e-06;0.775564;0.0226308;0.000222567
3.38431e-06;0.00593459;1.82791e-09;3.8178e-08;5.90098e-06;8.57442e-05;2.21354e-08;0.780483;8.60701e-06;5.26739e-09;1.5802e-06;4.59248e-06;0.213468;4.02752e-06
8.55615e-06;0.985533;1.62927e-06;1.01584e-06;1.69196e-06;3.11194e-07;0.00843966;0.00496698;2.42924e-06;0.000660696;2.67417e-07;7.92852e-07;2.74082e-05;0.000355346
3.93272e-11;1.14006e-10;1;1.97093e-09;3.80379e-11;3.22869e-11;1.68926e-08;9.73116e-12;1.30553e-08;1.57826e-10;5.89208e-09;9.69661e-09;5.36135e-12;8.55928e-13
1.6174e-06;0.996163;3.42436e-11;4.72538e-08;1.61663e-07;1.03932e-08;1.14245e-05;0.00381732;1.63311e-06;1.91853e-06;1.58691e-07;8.68214e-08;1.66192e-06;1.25964e-06
2.97368e-13;3.41035e-13;1;8.66245e-12;1.59946e-12;1.35049e-14;9.24706e-13;1.0197e-14;1.3825e-12;1.50687e-12;9.3256e-12;3.03764e-09;5.41364e-14;2.59935e-12
2.56571e-05;0.166997;0.138132;1.95756e-05;0.0020608;1.29533e-06;0.00013596;0.370394;5.96012e-05;3.4113e-05;0.000169518;0.319242;0.000227403;0.00250114
7.8862e-11;0.969308;1.81835e-11;4.67781e-09;1.23784e-10;1.48793e-10;1.00259e-06;5.2108e-09;7.04533e-11;2.02347e-06;4.82691e-09;6.57268e-10;3.87009e-09;0.0306885
3.51483e-05;0.476688;0.000175992;0.000218858;2.18035e-05;2.50962e-05;0.204558;0.0548033;0.00130127;3.67242e-05;0.163868;0.000567278;0.0976955;4.85647e-06
