2.02965e-06;0.999775;5.0815e-05;8.06406e-07;1.11561e-06;2.02989e-08;4.28456e-10;2.43915e-05;1.25052e-09;9.86835e-09;2.45212e-09;6.01334e-06;0.000135248;4.20324e-06
0.00012005;0.904193;2.70872e-07;0.000251289;0.000908334;4.41369e-05;6.51994e-05;0.000628983;0.000202071;3.67309e-05;0.000902347;0.0730483;0.00320419;0.0163951
1.50565e-05;0.98723;6.28829e-06;1.01571e-06;9.70135e-06;1.7073e-07;1.18077e-05;0.00269945;1.79012e-06;2.63586e-06;1.13335e-05;0.00765848;0.00234957;2.74614e-06
2.75056e-05;0.0261154;4.51526e-10;0.000286152;0.000130083;8.54775e-05;1.32587e-05;0.000920951;0.00118235;3.39788e-06;0.00381901;0.0810305;0.886237;0.000149118
1.52504e-05;0.00168923;0.998145;1.98078e-06;1.00291e-06;2.75148e-07;9.41693e-09;8.7028e-05;5.72765e-08;7.80933e-07;2.28143e-08;4.27129e-06;5.19886e-05;2.71581e-06
7.75696e-09;4.00269e-10;0.999999;1.01358e-08;1.22297e-08;1.97418e-09;7.85104e-09;7.4307e-09;1.09819e-06;3.10695e-09;1.12864e-07;5.52518e-09;1.79959e-07;1.32869e-10
2.58784e-07;0.000120318;0.00807409;1.78164e-06;4.91091e-07;4.26764e-07;8.17013e-10;0.99179;1.34141e-06;7.26096e-09;1.72783e-07;9.66006e-06;1.24703e-06;7.76554e-08
1.70832e-06;0.0294901;0.000118233;9.57766e-07;1.94995e-06;1.75507e-05;9.25595e-09;0.000556406;2.00658e-08;2.63045e-06;9.25135e-09;0.0134238;1.89722e-05;0.956368
6.46798e-06;0.0029925;4.54388e-10;4.94494e-07;2.0604e-06;6.10696e-06;1.43171e-06;0.972944;2.76754e-05;5.68487e-08;2.90706e-05;2.78763e-06;0.0239804;6.90741e-06
1.77283e-07;0.998802;1.01023e-10;6.61307e-10;1.26066e-10;1.2248e-10;1.3314e-09;6.2447e-06;7.8799e-10;2.97993e-10;2.49647e-10;1.13307e-05;0.00118005;2.24976e-10
1.0548e-08;5.97001e-05;5.15943e-09;5.40504e-07;8.98363e-06;3.6048e-07;1.76751e-10;0.000851611;8.82658e-09;2.5008e-09;7.43275e-09;0.999056;4.91045e-06;1.80684e-05
3.82709e-09;0.999969;3.54139e-12;4.25102e-09;8.40034e-11;1.79538e-10;3.08348e-05;1.47275e-08;1.22668e-10;1.7742e-07;4.49226e-10;2.99504e-12;4.20304e-08;2.85605e-07
7.35752e-14;1.14438e-12;1;1.06154e-12;3.61586e-13;2.1731e-14;1.5154e-11;9.6319e-15;2.88346e-13;1.0596e-12;3.21885e-13;1.34454e-09;5.49275e-16;1.28526e-12
9.69445e-05;0.205507;2.36985e-06;0.00079096;0.00437453;0.0183337;0.574727;0.0632855;0.00394341;0.0237693;0.000979839;2.13874e-07;0.0282691;0.0759199
3.2657e-11;9.70228e-12;1;3.86593e-10;3.16476e-11;2.69577e-11;2.38569e-10;1.70254e-11;1.97435e-09;7.71834e-11;5.25933e-10;5.396e-09;1.67383e-12;9.94254e-12
5.17503e-06;0.00457047;0.000601359;4.57959e-05;6.87989e-06;8.09892e-07;1.11591e-06;0.0707872;9.8196e-05;2.57394e-07;1.70877e-05;0.92376;5.36744e-05;5.18912e-05
1.67435e-06;0.562844;0.000141068;1.79264e-05;7.48038e-06;8.43304e-06;4.71773e-07;4.45176e-08;4.24817e-09;3.39781e-06;1.35646e-07;7.91449e-05;0.436853;4.37962e-05
0.000199609;0.0579209;0.000279358;1.68393e-05;0.000906832;0.000738548;7.94887e-06;0.931121;9.08715e-06;5.85041e-06;1.17147e-05;0.00519854;0.00220029;0.00138375
3.24424e-08;3.09695e-06;6.31969e-11;3.14067e-06;0.000199945;0.989435;7.97966e-10;6.7089e-06;5.81521e-09;3.96755e-07;1.38243e-09;6.71915e-08;0.00128972;0.00906204
8.52816e-06;0.0001028;0.99913;8.38507e-06;5.11578e-07;3.50202e-07;6.02305e-07;2.69076e-07;2.30993e-09;2.49508e-05;8.63179e-09;0.000720166;3.18825e-06;2.6202e-07
1.84933e-08;3.14678e-10;0.999997;7.0916e-08;1.74456e-10;1.01908e-09;3.95129e-07;6.47824e-12;2.3027e-07;2.23102e-08;1.52509e-06;4.03246e-07;1.23105e-10;5.14238e-09
0.000210219;0.98322;4.74584e-05;6.2087e-07;1.04948e-07;1.02501e-07;0.000319572;0.00602156;0.000720039;3.46651e-06;0.00031428;0.00622005;0.00292172;8.93101e-07
1.23143e-07;0.00107888;0.00019385;1.27367e-05;0.000153556;1.58576e-05;4.43189e-08;0.0189836;9.47602e-06;5.30511e-07;5.215e-06;0.97478;0.000391726;0.0043744
6.14782e-07;0.991339;6.33557e-09;2.52452e-06;9.98788e-07;8.50388e-08;6.14721e-07;0.0022134;4.48081e-06;6.39831e-08;3.03168e-05;1.4593e-05;0.00638586;7.65719e-06
1.38813e-06;0.00433295;1.59246e-11;3.56458e-07;0.0108734;1.58791e-07;6.55249e-07;0.984747;8.5156e-07;4.24129e-06;9.93748e-08;8.29888e-06;2.13702e-05;9.49715e-06
3.25922e-05;6.12601e-05;0.998806;1.05233e-05;8.76395e-06;1.01004e-07;1.79855e-07;2.44411e-07;9.69797e-07;1.23876e-06;6.10611e-07;0.0010454;3.16804e-05;8.73516e-07
0.0081647;0.268825;1.56722e-08;1.03029e-06;3.96738e-06;2.12486e-06;1.79274e-05;0.718726;0.00288627;1.55986e-06;8.09359e-05;0.00079439;0.000385066;0.000110779
3.76144e-05;0.027222;8.13452e-09;3.90963e-07;2.22259e-07;8.13354e-08;3.87304e-07;0.944535;5.36663e-05;1.25237e-07;2.59962e-06;4.31109e-06;0.0281431;1.19068e-07
1.21688e-06;0.0113464;5.35407e-12;2.10922e-08;2.36281e-09;1.46598e-08;1.26278e-07;0.000482573;9.41389e-06;1.26925e-08;4.35323e-08;6.2002e-08;0.98816;3.17828e-09
1.94569e-08;2.74808e-07;5.32142e-09;4.26927e-07;3.06628e-06;8.53469e-08;2.55896e-12;0.000318171;3.0795e-09;2.19965e-09;6.85166e-10;0.999676;3.89276e-08;1.92521e-06
5.45279e-05;0.589445;6.56079e-10;1.05836e-06;9.3407e-09;8.25076e-09;4.86698e-06;1.77735e-06;1.4364e-05;1.79655e-08;9.04241e-05;6.93903e-06;0.410381;6.82539e-08
0.000245964;0.163095;0.0114984;1.57512e-05;0.000117947;1.34118e-05;1.10395e-06;0.0158324;4.7499e-06;6.01748e-06;1.39298e-06;0.769162;0.024885;0.0151211
1.07126e-05;0.12572;4.11897e-07;5.10143e-06;0.000356575;6.78184e-05;8.51412e-07;0.00142827;1.92786e-06;9.16452e-06;6.12008e-07;0.000479677;0.000870459;0.871048
3.42586e-06;0.0456344;0.000118366;3.93898e-07;6.751e-08;3.86662e-05;2.86618e-06;4.55465e-06;6.71899e-07;1.09121e-06;4.9695e-06;0.279794;0.674329;6.74095e-05
1.03636e-07;0.000210294;0.997546;2.81338e-05;3.93655e-06;6.91741e-07;0.00031901;1.00845e-08;3.28745e-08;0.000700425;1.57522e-07;0.00114161;3.50052e-05;1.50404e-05
9.03649e-10;3.43782e-10;0.999997;4.58248e-08;2.40667e-10;2.80215e-10;1.64741e-07;1.53189e-11;1.72606e-08;3.40745e-09;3.07e-07;2.16877e-06;1.2084e-11;1.14605e-09
6.70535e-06;0.995464;7.14238e-09;1.0984e-05;4.94064e-06;1.55456e-06;2.18265e-05;0.000461892;0.00021545;1.01882e-06;0.00085415;6.82874e-05;0.00285439;3.48475e-05
2.11105e-05;0.00273941;1.7805e-05;8.09995e-08;1.00227e-06;1.80334e-08;2.25799e-05;0.997148;4.54441e-06;2.69683e-06;4.09688e-07;3.68788e-05;3.79345e-06;1.2595e-06
7.02916e-08;1.60188e-05;0.000238037;3.35212e-05;0.00289114;9.83384e-05;8.3065e-08;2.23994e-05;3.0314e-06;1.04059e-06;5.85945e-06;0.0230193;2.38305e-05;0.973647
0.000106705;0.939962;0.000421283;2.01448e-06;4.51737e-07;2.89104e-08;9.12397e-06;0.00676526;0.000222479;2.03407e-07;0.000384245;0.000643127;0.0514787;4.46796e-06
5.01209e-07;0.799125;1.9616e-06;9.41143e-07;0.00359381;2.67667e-07;2.13705e-08;0.096378;1.08847e-08;7.89941e-07;2.72233e-09;0.00215576;1.16131e-06;0.0987421
7.31694e-07;0.0488412;0.239929;0.00100947;0.0152819;6.57955e-05;2.64565e-07;1.28886e-05;1.54715e-09;2.08744e-05;2.0773e-06;0.658072;0.0245132;0.0122501
2.39251e-05;0.870149;1.85734e-07;2.38178e-05;4.49399e-07;0.000185211;0.000132044;0.00341379;1.84916e-05;3.35854e-06;0.0107894;0.00959665;0.105617;4.70252e-05
2.30879e-08;0.00168978;1.60136e-08;5.20644e-08;1.01275e-06;2.23936e-05;4.13278e-08;1.86553e-05;5.00892e-10;6.49818e-08;1.1696e-07;4.48676e-07;0.998266;1.87067e-06
1.45346e-05;0.000798253;1.38802e-05;9.52542e-06;1.54039e-05;1.23092e-05;2.95822e-08;6.99184e-06;7.81632e-06;2.1852e-06;4.61805e-06;0.998403;0.000701784;1.01698e-05
0.000130977;4.15854e-05;5.68909e-08;3.4262e-07;5.17361e-08;1.43916e-08;3.02129e-07;0.999803;1.83362e-05;2.79173e-07;9.50041e-07;1.19612e-07;4.05617e-06;5.24068e-11
4.54304e-09;0.999818;9.59403e-10;1.30825e-07;1.01536e-08;4.96094e-10;6.56303e-08;7.98714e-09;4.68111e-12;6.3285e-06;1.26078e-11;1.09595e-07;5.65349e-12;0.000175657
3.29393e-09;3.183e-08;0.999999;2.04722e-09;1.22778e-09;2.59143e-08;3.24542e-07;1.38395e-07;4.2171e-10;8.49187e-09;3.39881e-08;7.73039e-12;6.68885e-09;9.44829e-08
1.44748e-10;3.5859e-10;1;5.49461e-10;3.10133e-10;1.28887e-10;9.55827e-09;2.95284e-09;1.42987e-08;1.91626e-10;1.50156e-08;1.25919e-10;2.12982e-10;1.48016e-11
3.44329e-09;1.45667e-08;0.99999;1.25185e-10;4.99029e-10;4.96275e-10;1.04231e-11;4.24554e-09;1.38264e-09;1.51237e-11;2.17159e-11;1.01313e-05;7.83543e-10;5.02732e-10
2.63176e-10;8.81604e-05;2.29102e-12;5.59041e-11;2.25156e-06;3.89635e-06;8.86766e-11;3.50406e-09;1.06573e-11;9.21475e-09;2.86023e-13;1.55728e-14;2.77344e-09;0.999906
3.90374e-15;3.07113e-15;1;1.61228e-14;4.19589e-13;8.87952e-14;3.51316e-16;8.66855e-14;5.48486e-16;1.23428e-13;4.00203e-16;5.16799e-11;3.29209e-14;1.67698e-14
9.60983e-08;1.71411e-05;2.25533e-06;5.49988e-07;3.30681e-05;4.39107e-06;5.48789e-09;0.99988;3.35433e-05;5.06879e-08;8.98756e-07;4.80738e-08;2.73925e-05;1.03972e-08
