1.21203e-06;0.999856;2.9075e-10;3.88497e-08;5.30937e-08;5.97987e-09;1.19565e-08;0.000111297;1.99607e-07;1.54615e-08;4.09933e-08;1.1642e-06;2.79693e-05;1.8998e-06
2.01648e-05;0.341832;3.11307e-06;1.93039e-05;9.31925e-05;1.86472e-05;1.61694e-07;0.150649;1.03352e-05;4.57258e-07;5.26628e-06;0.00452515;0.502792;3.16747e-05
2.83265e-06;0.421706;4.33827e-07;4.58781e-07;7.84976e-06;3.16225e-05;9.79891e-06;0.000933085;2.51296e-08;2.79778e-06;2.04975e-08;1.08135e-07;3.18009e-05;0.577273
1.3223e-11;2.61558e-12;1;9.16822e-12;4.40806e-10;2.76828e-10;5.88471e-12;5.78954e-12;7.98973e-12;8.04514e-13;2.75152e-12;8.84997e-08;2.98738e-14;1.91351e-10
1.53895e-06;0.0187555;4.74183e-07;2.9801e-06;2.15644e-06;5.08146e-05;4.60872e-06;0.000463235;2.61545e-06;2.01005e-07;4.2504e-05;0.00337001;0.977303;2.77979e-07
6.74173e-06;0.049725;0.00011429;0.000169838;0.000288874;0.000481499;1.46661e-06;0.115861;0.000230061;1.61834e-06;0.000969576;0.435617;0.027698;0.368835
3.24394e-06;0.820186;1.1263e-05;7.8511e-05;5.93862e-05;5.14279e-05;1.28779e-06;0.100758;5.07845e-05;1.12265e-06;0.000365384;0.0628723;0.0147707;0.000790876
0.000203541;0.78657;5.55518e-07;0.00336313;0.000604835;0.000335757;0.000411846;0.0364003;0.00125021;0.000298607;0.0180664;0.145981;0.00618769;0.000326325
0.0133982;0.299626;0.119085;1.58053e-05;4.29685e-07;7.53888e-08;0.00813689;0.0044545;0.0043327;8.7486e-06;0.046922;0.449342;0.0546779;1.16873e-08
4.02387e-05;0.93295;0.000242785;2.26616e-05;7.98294e-05;4.90598e-07;4.49281e-06;0.0390214;3.3876e-05;6.1041e-06;0.000427779;0.00861002;0.00296011;0.0155998
1.95663e-05;0.994741;1.10382e-07;2.52934e-06;9.82673e-07;2.82139e-08;0.00108779;4.54833e-05;1.54471e-05;0.00183548;1.52251e-06;8.6139e-08;1.20913e-06;0.00224845
7.83051e-09;2.3277e-11;1;1.01944e-09;3.17228e-10;4.48617e-11;5.46639e-11;4.70648e-11;4.11093e-08;2.0627e-10;2.7792e-08;3.8401e-07;1.85159e-11;1.79248e-11
5.35306e-07;0.999963;6.39866e-09;6.42061e-09;8.83079e-09;1.01533e-09;7.70088e-08;5.17526e-07;7.63443e-08;3.63001e-08;7.55215e-09;3.41059e-09;3.57097e-05;2.7822e-08
5.02993e-12;5.76506e-12;1;4.7262e-12;3.91277e-11;5.77471e-13;5.44633e-12;2.53189e-11;3.0299e-10;4.23006e-12;2.24366e-11;7.79472e-08;5.51183e-13;5.02719e-13
2.24614e-05;0.0003342;7.80811e-08;0.00140561;0.000638294;0.000995607;2.21233e-05;0.101495;0.748771;3.23603e-05;0.0531949;0.00150935;0.00123185;0.0903479
3.27212e-07;0.000801823;4.37962e-12;7.13715e-10;5.06523e-07;1.96903e-11;1.44982e-09;0.999197;4.97452e-08;3.83741e-10;1.45951e-07;3.42332e-08;2.00051e-08;3.03595e-10
1.8714e-05;0.0571701;0.861079;0.0001895;0.0169001;7.12202e-06;2.30385e-07;0.00148099;3.37406e-06;2.72182e-06;1.29375e-05;0.0626228;0.000487357;2.46671e-05
0.00493287;0.894476;0.00220057;0.00237087;0.003436;6.34314e-05;3.01393e-05;0.000314367;1.61779e-05;3.48211e-05;0.000422063;0.00373046;0.0267163;0.0612564
0.000902986;0.0168618;0.14834;9.02808e-07;0.00100911;9.91716e-09;7.59119e-08;0.00274587;4.79492e-07;8.64906e-09;1.79235e-08;0.830017;2.31525e-06;0.000119507
0.00408985;0.643278;1.60327e-06;4.74686e-07;0.00188886;1.84802e-07;1.18015e-05;0.343906;0.00596702;3.99253e-07;1.261e-06;2.29401e-05;0.000823732;8.29245e-06
0.000571168;0.163275;0.0966753;1.23169e-06;0.0035171;0.000276121;4.77841e-08;0.00165787;3.34462e-05;5.93314e-06;2.62893e-07;0.629074;0.104863;4.84299e-05
0.000296103;0.139453;8.55408e-07;2.22288e-05;0.00229925;6.9513e-05;3.78692e-07;0.546784;0.0443637;2.2691e-06;7.52896e-05;0.226243;0.000116086;0.0402747
1.63317e-07;0.997503;2.31468e-07;1.18794e-07;1.27388e-06;6.8517e-07;7.07704e-09;4.39653e-07;1.00258e-08;6.04406e-09;5.18651e-10;3.98574e-07;0.00249387;6.67903e-08
0.00217961;0.461557;2.30304e-08;1.13173e-05;3.64639e-06;2.22765e-05;7.93183e-05;1.56899e-05;4.47326e-05;1.54396e-05;1.21139e-05;1.90039e-05;0.536037;2.11344e-06
1.25164e-07;3.69853e-06;0.892995;1.49152e-07;1.30586e-06;2.04647e-07;7.86584e-11;9.82408e-08;1.36455e-09;1.04716e-08;3.71666e-10;0.106997;2.89706e-08;2.45611e-06
2.94088e-08;0.999783;2.07354e-12;4.76632e-09;5.31165e-11;1.15907e-10;0.000212814;1.50299e-06;8.66905e-08;1.83789e-06;4.26126e-08;6.52583e-11;1.20744e-06;7.26818e-09
2.56178e-08;8.76384e-10;0.999998;7.0705e-07;9.73008e-08;1.78145e-07;8.92976e-09;3.21007e-08;1.77773e-07;6.22367e-08;3.9957e-07;5.12284e-07;7.99919e-09;4.1777e-08
4.377e-06;0.0207974;2.58479e-10;7.52265e-08;3.50155e-05;1.71581e-09;1.74608e-06;0.979146;1.2953e-05;1.98094e-07;1.77415e-06;1.08677e-07;5.69688e-07;6.1796e-09
1.25646e-07;0.000434835;0.999216;1.66348e-06;0.000106665;1.10161e-05;7.36801e-09;2.26984e-06;1.87965e-08;7.44026e-07;5.23571e-07;0.000100911;0.000124684;3.14506e-07
1.0145e-05;0.0114355;4.59646e-08;6.22987e-07;2.99042e-06;4.35107e-07;1.13012e-05;0.000625735;1.70467e-05;1.37053e-07;0.000260028;2.68967e-05;0.987609;2.08719e-07
6.49404e-05;0.00235772;0.0619747;0.00354918;0.743172;0.0997702;4.24242e-07;0.0281882;3.08878e-05;7.31129e-05;7.86882e-06;0.000165139;0.00191598;0.0587297
0.00209501;0.85179;3.32966e-06;2.0933e-06;8.71295e-06;1.2576e-07;7.20186e-07;0.00101069;9.05328e-05;1.97019e-07;8.43659e-05;0.00183287;0.142991;8.98809e-05
2.2362e-07;0.996132;9.47009e-12;3.9024e-10;7.47929e-09;3.8947e-11;2.34455e-06;3.91505e-10;3.00256e-10;1.48376e-06;7.84399e-12;7.84892e-11;4.59851e-08;0.00386368
9.71846e-12;2.3996e-14;1;2.29878e-13;4.99606e-12;1.59428e-14;2.31842e-10;6.27874e-13;1.37802e-09;1.16806e-12;1.30292e-11;2.70416e-07;2.3009e-15;2.4412e-14
1.31433e-05;0.135105;5.24626e-07;6.35814e-06;1.42602e-06;5.44201e-06;0.0194297;0.131675;0.681308;4.07068e-06;0.00337071;1.00958e-07;0.0290805;1.70635e-07
7.96593e-07;0.998376;3.37516e-11;8.9163e-08;2.76689e-08;8.86848e-09;4.46874e-07;1.42555e-05;1.34017e-06;9.55116e-08;1.60338e-07;1.56565e-05;0.00159146;3.64e-09
6.18162e-07;0.0018213;1.75562e-06;1.40613e-06;0.00034988;2.33505e-05;2.64476e-10;0.00475312;1.05521e-08;5.45192e-07;3.59228e-10;0.992627;0.000189122;0.000232397
5.62468e-05;0.0557597;1.55438e-06;1.34617e-05;7.78925e-05;0.000672789;0.000161924;0.184625;0.00104165;4.26971e-06;0.000382612;0.02067;0.736521;1.21235e-05
4.30466e-07;0.990588;5.10111e-08;4.24294e-07;1.88069e-09;3.40222e-09;0.0087542;4.45999e-06;3.99829e-07;0.000621394;9.77914e-08;5.78954e-08;2.98377e-05;8.49537e-07
1.45971e-08;2.85317e-10;0.99996;2.72276e-07;1.87379e-09;3.04399e-10;5.1272e-07;1.36734e-10;1.31497e-06;5.17664e-08;2.77208e-07;3.71444e-05;1.31385e-10;1.81471e-10
2.99154e-06;0.998553;1.29698e-06;1.27405e-06;2.93446e-07;4.36795e-10;6.24973e-08;0.001411;2.65116e-08;1.16836e-08;1.05852e-07;5.3248e-06;2.48485e-05;1.39151e-09
2.37235e-06;0.993079;4.64324e-09;1.42344e-05;0.000443709;1.02728e-06;6.97797e-07;0.0022786;1.47062e-07;7.44062e-05;1.05957e-07;2.25862e-06;9.54177e-05;0.00400815
1.07428e-06;9.749e-05;0.106243;0.0002426;0.0237069;0.182702;9.16425e-09;2.42862e-05;1.18663e-08;5.49889e-06;3.45079e-06;0.0594568;1.09224e-05;0.627506
1.13449e-06;0.952016;1.77864e-11;3.17153e-08;1.20222e-07;3.62596e-07;0.00380712;3.97683e-05;4.97068e-08;2.62405e-06;7.16209e-06;5.8956e-13;0.000155511;0.0439704
1.1619e-12;2.281e-11;1;2.83929e-12;2.84634e-12;3.43204e-11;5.42782e-10;4.73582e-11;3.54594e-12;3.29743e-11;6.94598e-11;4.12676e-14;1.57513e-12;6.95357e-13
3.64326e-11;8.18421e-11;1;2.93862e-10;2.58727e-12;1.30171e-09;1.77207e-10;4.5201e-10;1.52894e-08;2.08649e-11;8.23971e-09;3.15862e-10;7.35125e-09;3.1878e-13
5.42674e-12;5.88989e-10;0.999995;2.62537e-11;2.07619e-12;2.41381e-11;1.14777e-13;9.32898e-10;2.24597e-11;4.48796e-13;5.13354e-12;5.01088e-06;6.67345e-12;1.76214e-09
5.92913e-08;0.000315037;2.95853e-05;4.91425e-07;0.0960586;0.00259998;5.86926e-10;9.7517e-06;8.903e-08;2.84786e-08;6.26543e-07;0.000318411;6.64524e-05;0.900601
1.97424e-08;0.954822;5.85614e-09;7.7862e-10;2.3854e-07;3.94959e-08;2.6186e-06;2.08588e-09;1.17673e-11;1.02275e-06;1.77758e-10;4.32263e-08;6.01892e-07;0.0451737
1.89727e-15;6.63996e-14;1;1.13085e-14;4.57684e-12;2.26737e-13;2.97748e-15;5.8203e-15;1.06196e-16;1.43816e-15;7.96017e-16;7.15437e-10;1.61156e-15;7.91815e-16
5.21401e-08;0.831714;4.6186e-07;7.29325e-08;3.0418e-07;1.96033e-06;1.96616e-05;0.156768;1.74001e-08;7.72931e-07;1.43697e-08;1.7279e-11;0.0114954;1.15782e-07
2.26238e-12;6.81056e-09;1;2.65301e-10;6.90071e-10;1.64763e-10;2.1041e-12;4.16618e-10;2.57078e-12;2.59427e-11;6.0756e-12;2.21658e-09;4.3566e-10;2.84474e-11
1.08816e-09;3.02405e-06;0.994332;2.86488e-08;2.38211e-09;1.50445e-08;1.47537e-10;3.58062e-05;3.17751e-10;4.55926e-10;4.11596e-10;0.00562487;3.83511e-06;4.40265e-07
2.55769e-07;0.00661804;2.2182e-05;1.04951e-06;0.00881019;0.880478;2.74718e-08;1.10123e-05;3.57405e-08;4.49138e-07;5.56242e-08;7.19379e-05;0.00271863;0.101268
7.1919e-09;0.000152143;1.18944e-06;3.2065e-07;0.00120319;5.40375e-05;2.88336e-10;0.000398993;2.51134e-08;8.12356e-10;5.42443e-07;0.998062;0.000115884;1.20448e-05
1.92519e-09;0.999952;8.55862e-07;4.79979e-08;5.17443e-07;2.64348e-06;8.83906e-08;9.59269e-09;3.21204e-13;2.09139e-06;7.95915e-10;3.7186e-10;1.56919e-05;2.59889e-05
1.29653e-12;6.36411e-13;1;4.39565e-11;2.77012e-11;7.29012e-11;5.99793e-13;1.08679e-12;5.10446e-14;4.39194e-12;2.7759e-12;3.98332e-07;5.45755e-14;8.40427e-12
1.97508e-05;0.0942912;6.50574e-09;2.12384e-05;5.20588e-05;2.4825e-05;2.22713e-06;0.897749;6.93079e-05;1.55798e-06;0.000323709;0.000114151;0.00731556;1.58088e-05
3.82356e-05;0.53536;5.81503e-06;1.5791e-06;3.11909e-05;1.48259e-05;6.52929e-08;0.196753;1.21745e-06;5.03402e-06;1.46462e-06;0.000672007;0.267114;1.51049e-06
1.41368e-07;0.99536;3.06889e-09;9.34091e-08;5.42764e-07;9.08826e-08;0.000494769;7.44613e-08;1.35218e-08;0.000105111;1.82925e-07;3.47277e-06;1.25395e-08;0.00403566
2.94698e-10;4.337e-11;0.999998;7.17845e-09;6.99473e-08;1.73168e-09;9.57496e-09;6.89182e-11;1.01759e-08;2.71115e-09;2.58007e-08;2.05309e-06;2.39189e-12;1.65663e-09
0.000131867;0.0153373;4.61698e-08;2.42059e-05;0.00760275;2.47956e-06;0.00672945;0.918726;0.0349872;1.41114e-05;0.0162364;9.65776e-07;0.000207468;1.19581e-07
9.81878e-05;0.0484076;0.949409;8.94641e-06;0.000261391;4.30181e-06;0.000640328;1.23242e-05;9.83027e-06;0.000217935;4.00309e-05;0.000617232;0.000266198;7.23075e-06
0.000392233;0.945048;4.88923e-05;2.50233e-06;1.46938e-06;1.19698e-06;0.00296681;0.000769913;0.00345747;9.74011e-06;0.00104282;0.0103111;0.0359456;2.2723e-06
0.000128961;0.0257502;0.939943;0.000305815;0.00494589;5.18586e-05;6.13636e-05;1.20235e-05;1.50135e-05;0.000300557;3.29055e-07;0.0277469;5.18848e-06;0.000733265
0.0328253;0.101147;7.89777e-06;0.000274034;1.17505e-05;5.57583e-07;0.00446751;0.0450986;0.774343;4.57436e-05;0.00696948;0.00178114;0.0330282;2.3814e-07
0.00371594;0.793846;0.000361408;3.3348e-05;0.000362401;1.17945e-05;1.17809e-05;0.0701083;0.00207527;7.1991e-05;0.000232902;0.128344;0.000784234;4.02877e-05
1.49463e-05;0.0478724;2.60321e-09;6.90233e-07;2.91964e-07;2.60054e-07;0.936582;9.59689e-06;8.16448e-05;0.0151766;3.29663e-06;2.21516e-10;7.99175e-06;0.00025008
4.0937e-12;1.33819e-13;1;1.47168e-10;6.75216e-11;4.3748e-11;1.20118e-10;3.80122e-14;8.29093e-11;1.20045e-10;5.39435e-11;2.06107e-08;1.17601e-16;1.48594e-09
4.68779e-05;0.997513;4.4571e-06;1.16589e-05;8.1592e-05;2.53342e-06;0.000657942;0.000729156;0.000225863;4.41066e-07;6.60798e-06;1.11484e-06;0.000707253;1.13285e-05
6.26937e-06;0.00863355;1.64045e-11;1.71039e-06;1.12453e-05;6.43071e-07;1.49956e-07;0.991266;5.54533e-05;1.15774e-07;6.97939e-06;5.73542e-06;4.15986e-06;8.07271e-06
6.00457e-05;0.995968;2.23445e-06;2.36154e-06;7.33725e-07;3.08274e-08;2.69674e-06;0.000846507;6.83088e-06;1.21496e-06;1.22055e-05;0.0028293;8.01688e-05;0.00018787
3.67232e-05;0.972287;1.10439e-09;2.14251e-06;5.15068e-07;2.38106e-07;2.63579e-06;0.000418569;0.000228509;3.50864e-07;0.00025134;0.00100287;0.0257539;1.56165e-05
6.52076e-06;0.068073;1.75812e-05;1.2637e-05;1.63911e-07;4.38648e-07;5.26714e-07;0.00112335;8.11975e-07;8.36201e-07;4.19258e-06;0.924176;0.00658353;1.82111e-07
9.30147e-05;0.0526853;7.71805e-08;0.000254867;0.059249;0.00192867;1.80603e-05;0.860354;3.54696e-06;2.13336e-05;1.3342e-05;0.000160719;0.000567748;0.0246507
1.27673e-06;0.000162685;0.964983;7.72902e-06;1.83105e-05;1.41583e-05;2.49347e-08;5.82313e-06;4.25965e-10;7.46217e-08;1.94796e-07;0.0199469;0.0148586;1.65636e-06
8.3938e-06;0.0432744;2.11041e-06;1.69248e-05;8.72822e-06;0.000156959;0.0054557;0.0666365;8.89911e-05;9.39392e-05;0.000800124;1.25388e-07;0.88309;0.000367045
1.02265e-12;1.08525e-10;1;8.9911e-11;4.9358e-11;1.49825e-11;2.48111e-11;1.59747e-13;6.65911e-12;6.4086e-12;3.47811e-11;2.86811e-11;1.7708e-13;4.09157e-11
2.10744e-05;0.0716806;0.000458215;0.00106965;8.73908e-06;2.29078e-05;1.34146e-05;0.00229284;0.000356321;3.15775e-06;0.00131568;0.92222;4.68767e-05;0.000490203
1.15911e-06;0.999821;0.000111207;1.61255e-08;3.33921e-08;2.41709e-08;1.37391e-07;5.32498e-06;7.66187e-08;1.15566e-07;1.25431e-06;4.68492e-05;1.27562e-05;2.92559e-07
2.83566e-07;0.000144968;4.22869e-09;2.21004e-07;0.00810772;4.1379e-07;1.92992e-08;0.991031;5.57718e-08;2.73511e-07;2.01017e-09;9.11016e-05;1.02396e-06;0.000622456
1.10141e-06;2.39185e-05;0.99901;4.73386e-06;0.000322683;1.63041e-06;2.68857e-09;4.29857e-06;5.4141e-09;8.69684e-09;8.0627e-09;0.000621924;9.04503e-06;2.67458e-07
3.54666e-06;0.000228346;7.93672e-10;2.86438e-09;3.91022e-07;1.11707e-07;1.69673e-09;0.995804;6.24865e-08;2.98244e-09;2.27321e-10;1.33055e-12;0.00396277;7.46285e-07
2.81397e-12;5.8872e-12;1;5.82797e-11;2.18343e-11;8.54645e-13;1.58996e-13;8.19484e-12;9.62884e-12;3.33698e-12;1.9681e-13;2.47145e-10;6.82006e-14;1.6216e-12
1.12358e-07;2.19594e-07;0.000707772;1.48655e-05;3.14401e-08;7.27906e-08;3.78689e-09;1.58936e-06;4.97535e-06;7.14767e-09;6.42799e-07;0.99925;3.92951e-07;1.95673e-05
8.59121e-06;0.999558;2.12199e-06;1.05644e-07;4.07975e-08;2.56467e-08;2.09939e-07;1.77056e-05;3.41254e-07;6.63819e-08;2.20795e-06;1.29866e-05;0.000397907;8.00931e-08
3.19887e-08;3.81882e-06;2.49884e-09;1.96337e-08;0.000156649;1.4446e-08;5.3302e-12;0.999818;4.48835e-09;1.62073e-09;3.11762e-10;1.9122e-05;1.25686e-06;7.92754e-07
6.58726e-09;1.0401e-06;0.999997;2.10306e-07;1.28612e-07;4.88923e-08;8.95655e-11;1.67001e-08;4.25755e-11;1.8064e-08;7.12378e-10;2.61144e-08;1.43046e-06;2.60071e-08
0.000397214;0.0396471;0.00089179;3.17855e-05;1.70871e-05;6.52274e-06;2.07554e-07;0.876112;0.000482744;1.85597e-06;0.000198713;0.000426691;0.0817857;5.96259e-07
