9.11319e-07;0.998611;5.31072e-09;7.27576e-07;1.44893e-06;9.65054e-07;0.000175481;0.000545262;4.334e-07;0.00013787;1.19014e-07;1.19866e-09;0.000523697;2.26186e-06
1.73995e-13;5.16315e-14;1;7.27584e-11;1.92601e-11;1.66426e-11;1.04452e-13;2.95142e-14;1.95705e-13;1.87969e-12;5.92889e-13;1.64217e-08;9.73877e-16;6.37058e-11
1.30179e-06;0.987928;3.77291e-09;5.11346e-07;3.62043e-06;9.05952e-06;3.73086e-07;0.00135454;1.9596e-07;4.90585e-09;3.876e-08;2.49023e-05;0.0106722;5.54813e-06
3.03641e-06;0.110583;6.14242e-06;3.02206e-06;1.49263e-05;2.1247e-08;9.66945e-06;0.13054;1.79328e-06;5.76618e-08;9.99308e-06;6.3318e-05;0.758764;2.06853e-07
7.86372e-06;0.995525;6.61269e-05;4.44897e-05;1.42589e-06;9.27313e-06;1.21614e-05;0.000344171;1.18094e-06;1.13297e-06;2.25625e-05;0.00293211;0.000974693;5.82396e-05
3.52692e-05;0.118961;5.47408e-06;9.6179e-09;1.37815e-07;2.0488e-08;9.58989e-08;0.438767;3.97021e-07;1.50966e-09;9.8866e-06;0.432688;0.00953139;1.05912e-06
5.73565e-08;0.993576;2.47802e-06;8.65844e-07;2.82807e-06;2.16449e-06;0.00346991;5.56043e-06;6.89504e-09;0.000277084;2.59157e-08;8.87387e-08;1.57735e-05;0.00264694
9.155e-11;4.73122e-12;0.999997;4.00188e-08;2.42261e-08;3.84616e-09;3.01261e-09;1.04817e-12;1.89256e-09;9.76117e-10;2.81694e-07;2.21012e-06;5.40851e-10;6.233e-09
0.000100117;0.991914;0.00168095;8.67042e-05;1.09594e-05;3.69059e-05;0.000241524;8.96132e-06;4.81165e-07;2.79157e-05;0.000422043;1.22751e-05;0.00542303;3.37791e-05
1.64053e-05;0.241001;3.07615e-05;4.70332e-08;3.53141e-07;3.39305e-07;2.1612e-05;6.15259e-06;1.37655e-07;2.47884e-07;2.29078e-05;0.682725;0.0761744;6.82132e-07
1.22384e-05;0.672566;1.1838e-09;8.06433e-05;0.00303307;0.0285603;0.000175007;0.0982191;0.000925724;0.000123943;0.000646555;0.0290769;0.146187;0.0203933
1.3494e-05;0.334722;0.0507411;2.12904e-05;0.000165763;9.17607e-05;6.01453e-09;0.000451709;7.47141e-09;3.60743e-07;2.32813e-07;0.612299;0.00146787;2.54189e-05
3.72685e-05;0.977029;3.43317e-09;3.6789e-05;0.00240884;0.00042077;4.66782e-06;0.0052236;8.08736e-06;8.41571e-06;0.00011365;3.92844e-05;0.00449478;0.0101753
4.21293e-06;0.997041;7.94303e-08;3.95937e-06;7.07965e-08;1.73097e-06;6.22135e-05;9.29418e-08;3.64872e-07;3.56001e-06;1.77073e-05;0.000939071;0.00192579;3.79697e-07
5.43117e-06;0.907217;1.06122e-05;8.13863e-06;2.1995e-07;6.11521e-07;2.13325e-05;0.000126072;2.26736e-06;2.93286e-06;4.58077e-05;0.0925344;2.37468e-05;1.37685e-06
1.9375e-06;0.99434;9.1037e-09;9.38003e-05;0.000552805;3.81786e-05;5.00008e-07;0.0045807;3.93327e-07;1.71025e-06;6.64324e-06;0.000182457;5.99364e-05;0.000140681
9.94692e-07;3.82721e-05;0.0352091;5.58957e-06;3.99771e-05;0.000131128;4.38925e-09;6.52999e-06;4.14737e-10;1.74691e-06;1.97303e-07;0.964164;0.00024952;0.000152415
4.35827e-06;0.992323;1.25302e-08;5.20372e-08;3.98441e-09;3.93293e-09;0.00629781;0.00131557;1.22002e-06;3.26646e-05;7.04164e-06;1.72388e-09;1.83458e-05;4.50671e-08
5.16061e-10;3.16948e-09;0.999962;3.10622e-08;5.6698e-09;5.68018e-09;3.47672e-08;3.61393e-09;2.2287e-07;5.90899e-09;8.40894e-07;3.7307e-05;1.17108e-09;3.70809e-10
3.77988e-08;0.999849;3.62373e-08;1.72653e-07;1.19889e-08;2.81493e-09;2.52226e-09;0.00012783;5.77493e-09;1.59123e-09;3.84127e-08;5.79302e-06;1.73147e-05;4.23712e-08
6.98988e-09;0.998256;2.27104e-11;3.81898e-10;4.25493e-09;1.56892e-09;1.87093e-09;8.84489e-08;3.60325e-12;3.90109e-09;2.77427e-10;1.20587e-05;0.00173195;1.3526e-08
1.6371e-08;0.00198016;1.23843e-07;3.37526e-07;0.000155199;1.34839e-05;1.71168e-07;0.00180737;1.89009e-08;5.34199e-08;1.17103e-06;0.99572;0.000114531;0.000207628
9.6098e-06;0.41912;2.49594e-07;0.00069776;0.248915;0.0128901;2.61195e-06;0.264894;3.16133e-05;7.88467e-06;0.000179921;0.0016216;0.0151711;0.0364588
5.65706e-06;0.129154;3.57994e-07;1.83522e-06;0.000265253;0.000901153;5.73846e-08;0.419978;1.61249e-07;2.37899e-07;3.76193e-06;0.142397;0.307077;0.000215971
1.66556e-05;0.978183;5.2858e-07;8.06631e-07;2.27817e-08;1.08493e-07;0.0172853;0.00268898;8.39992e-07;0.000464304;2.08601e-05;5.87275e-08;0.00133701;1.50325e-06
8.16198e-09;3.18192e-08;0.999995;8.39641e-08;4.78833e-10;8.19815e-09;3.55854e-07;1.38095e-09;3.93328e-07;3.03154e-08;1.14604e-06;2.54113e-06;7.17709e-11;1.87814e-10
2.29942e-05;0.995097;6.38854e-05;2.0983e-07;1.89357e-08;1.43512e-09;1.95148e-06;0.000958497;9.14344e-07;1.08222e-07;3.09437e-05;0.00174181;0.00208206;1.31477e-09
1.77097e-08;0.99573;1.26104e-10;2.14945e-05;6.02494e-08;1.44666e-09;0.000245263;5.00299e-08;2.75581e-08;0.000691335;6.57521e-07;1.05383e-05;1.22449e-08;0.00330095
1.83795e-08;4.27363e-09;0.999942;2.71073e-07;5.80155e-10;6.02088e-09;4.90256e-07;1.2647e-09;1.0101e-07;5.24338e-09;5.74015e-05;9.82132e-09;9.0406e-09;2.3079e-08
4.18009e-06;0.980034;1.16969e-06;3.41321e-08;2.11364e-07;1.15802e-07;1.86276e-05;0.000858929;1.88076e-07;5.99427e-07;1.6769e-06;2.67269e-05;0.0190533;1.22779e-07
0.000143818;0.407126;6.83079e-06;1.6313e-05;0.000256354;0.000504715;8.7238e-06;0.0238779;0.000385376;8.37803e-06;1.88396e-05;0.446396;0.118162;0.00308947
0.00466216;0.0277763;2.76808e-07;7.25587e-05;0.0270968;2.09843e-05;3.36577e-06;0.20645;0.723147;1.83531e-05;0.000222915;0.00463819;0.00569255;0.000198498
0.01075;0.508013;0.00354264;0.0119199;0.277213;0.0271513;2.10718e-05;0.0136459;0.00430279;0.0032279;0.000259777;0.000697147;0.121285;0.0179705
0.00443196;0.768093;0.189541;0.000242728;0.00111222;1.78856e-06;4.33015e-06;0.000147783;0.0005245;1.06872e-05;6.80794e-06;0.00314615;5.92396e-06;0.0327315
9.66724e-06;0.000672102;2.34124e-11;9.60386e-07;0.000201629;1.11943e-06;1.37372e-07;0.998781;0.000305115;1.20784e-07;1.34095e-07;1.13836e-05;1.61859e-05;6.0817e-07
0.0133189;0.779742;0.0163099;0.00838458;0.000242076;0.000205818;9.8134e-06;0.000529328;0.00636901;0.00112165;0.000475172;0.0366653;0.136069;0.000558206
7.81579e-06;0.000362564;1.8707e-11;2.93112e-10;3.49887e-06;9.17193e-12;1.089e-09;0.999618;3.3345e-07;4.47478e-10;2.14157e-09;7.30304e-06;8.37536e-10;6.03534e-08
1.63957e-06;0.0479427;0.949955;1.53053e-06;0.000996515;0.000413065;1.81038e-08;0.000100271;5.01901e-08;9.5758e-07;1.87428e-08;6.19563e-05;0.000328418;0.000197585
1.46171e-05;0.993071;3.40754e-08;4.95356e-08;2.54564e-06;9.22374e-08;3.01535e-05;0.00601213;3.99266e-07;2.6905e-06;1.51083e-07;6.41851e-08;2.82964e-06;0.000862787
1.54653e-07;1.32599e-08;0.999967;5.00812e-08;7.35512e-08;3.18521e-09;5.88036e-09;3.66132e-10;8.11606e-07;9.54471e-10;6.36764e-08;3.13919e-05;1.15525e-09;5.44925e-08
7.39006e-05;0.900137;7.33563e-08;6.15908e-07;2.22128e-05;1.16006e-06;3.13863e-07;0.055611;0.000339517;9.36119e-08;2.04288e-05;0.0355898;0.00820081;3.22592e-06
2.37289e-10;1.0375e-07;0.999862;3.52261e-10;3.70013e-08;4.02124e-09;7.39473e-11;1.15729e-09;5.10734e-11;2.09532e-10;7.67693e-11;0.000137172;3.14349e-07;1.64658e-07
1.75674e-06;0.121671;7.85425e-09;0.000345995;2.09298e-05;0.000915134;0.00121735;0.822933;0.002477;7.11884e-05;0.00280734;1.95844e-06;0.0474932;4.42418e-05
0.00168222;0.260589;6.0938e-06;0.00314804;0.000139246;0.000625639;0.0443836;0.099598;0.121478;0.00064268;0.409608;0.000609854;0.0573535;0.000136288
0.00951657;0.536007;3.59458e-09;6.59957e-06;3.08246e-07;9.06664e-08;7.2855e-05;3.82539e-07;6.86124e-05;3.22066e-06;0.000154979;0.00782894;0.446341;4.01355e-08
2.56939e-07;0.00181434;9.35889e-08;1.21204e-07;4.14362e-06;8.92341e-08;2.55117e-11;3.73673e-06;3.12009e-09;1.34267e-08;8.49339e-09;0.997914;2.08137e-05;0.000242362
1.78021e-08;0.997138;2.88762e-12;2.30468e-07;1.29864e-09;1.55295e-10;0.00215704;8.10953e-08;2.62209e-08;0.000419083;6.30173e-07;6.95873e-10;1.4574e-08;0.000284518
9.03897e-10;5.23287e-11;1;2.26594e-09;5.65475e-11;1.513e-10;1.49137e-09;1.32723e-09;7.353e-10;2.59487e-10;6.84763e-08;5.47686e-08;1.43344e-08;3.29817e-13
