7.46127e-07;0.999963;6.02161e-07;3.21111e-06;1.55229e-07;7.14477e-09;8.2114e-09;1.48979e-05;7.75256e-08;2.00823e-08;1.22829e-07;1.63047e-05;3.5509e-07;8.27527e-07
6.7028e-06;5.44472e-06;1.77567e-10;4.78339e-08;8.35321e-07;1.9994e-09;1.35915e-07;0.999974;1.09781e-05;2.05786e-08;1.88156e-06;3.4718e-09;3.15597e-07;3.05269e-08
1.09952e-05;0.996405;0.0010646;5.8244e-06;4.08976e-05;3.93068e-07;0.00195427;0.000294339;2.8328e-05;6.13682e-05;1.54125e-06;0.000100193;7.17327e-07;3.20174e-05
5.72455e-08;2.20938e-07;0.999993;7.87635e-08;3.555e-09;2.48476e-10;2.52644e-08;8.59947e-09;5.0491e-07;3.39344e-10;1.11045e-06;4.97022e-06;2.84741e-09;3.58064e-09
1.71359e-05;0.793623;0.000178175;2.29138e-06;3.33878e-06;6.66116e-08;4.39189e-06;0.037641;8.07218e-06;3.19017e-07;1.68777e-05;0.006197;0.16228;2.90477e-05
1.61247e-08;0.00577541;1.2712e-06;4.18221e-06;0.0133443;0.00120705;9.26752e-09;0.00294029;2.60678e-09;1.26683e-06;1.66957e-07;0.0139453;1.27743e-05;0.962768
2.52525e-07;0.000359134;3.21667e-07;2.92888e-06;6.18009e-05;3.86482e-05;3.84966e-08;4.91653e-05;6.25451e-08;2.25251e-08;1.9566e-05;0.000567449;0.99869;0.000210103
5.84732e-06;0.0302103;1.14957e-05;2.72201e-06;1.01251e-05;2.08296e-05;5.45776e-07;0.00103553;1.33499e-07;2.53193e-06;3.38625e-06;1.31473e-06;0.96869;5.33379e-06
3.04493e-10;2.94153e-09;1;6.16672e-09;7.69116e-11;1.63215e-09;1.00588e-10;3.23437e-12;3.73785e-10;2.76076e-10;1.52727e-08;8.86657e-09;8.72796e-09;5.60969e-10
2.56961e-08;4.0385e-06;0.992316;2.62477e-07;2.30094e-08;1.14682e-07;5.17913e-10;2.55689e-05;4.35527e-09;9.31157e-10;1.43181e-07;0.00764594;7.24566e-06;9.90936e-07
8.79491e-07;0.00943613;7.4676e-05;3.39854e-06;0.00818607;0.055976;1.83235e-08;0.0130975;4.01348e-07;2.39764e-06;8.90667e-06;0.000142608;0.00646898;0.906602
4.41447e-06;0.00890615;1.12271e-06;0.00587557;0.00664013;0.525866;1.99989e-06;0.000818563;0.000104466;0.000110121;0.0176955;0.0399194;0.0258812;0.368176
1.60659e-05;0.138948;4.04116e-08;4.1899e-07;0.000622028;1.03485e-06;5.08128e-08;0.860327;2.92958e-07;7.14494e-08;6.6142e-06;1.48211e-06;7.4833e-05;2.20641e-06
9.27818e-06;0.628043;0.318671;7.98505e-05;0.00506383;0.027203;7.28888e-07;0.00272797;2.33768e-09;0.00102064;1.71097e-07;3.44713e-06;0.0155871;0.00159036
2.7421e-12;4.31305e-12;1;3.78278e-11;7.43815e-12;1.27883e-11;1.35269e-12;1.45261e-12;3.37697e-12;1.33649e-12;8.16049e-11;5.2213e-08;1.70507e-13;4.29092e-12
9.42927e-08;0.0010185;0.00125945;5.26856e-06;2.5894e-07;1.34607e-06;4.90492e-08;3.99849e-05;2.00579e-06;3.07293e-09;1.60012e-05;0.997627;1.91769e-05;1.12323e-05
5.79442e-07;0.866233;5.93826e-10;5.02145e-08;4.16427e-05;3.18322e-05;8.47329e-08;0.132647;2.39579e-06;5.89789e-08;1.4473e-05;5.24177e-08;0.00102289;5.64882e-06
8.29977e-07;0.00256773;8.21896e-06;6.99684e-07;0.000393353;9.75525e-05;2.10948e-08;0.000529895;1.29486e-07;1.69792e-07;3.91868e-06;0.791898;0.204476;2.4005e-05
7.32683e-06;0.0374587;1.01005e-06;2.00436e-06;5.95309e-06;8.58065e-06;7.00008e-07;0.0141579;9.43534e-07;3.11315e-08;5.31827e-06;4.57491e-05;0.948306;1.3605e-07
7.58727e-06;0.022725;7.35146e-08;4.90182e-06;4.29118e-06;1.33374e-05;1.74229e-08;0.975385;7.82187e-07;1.24148e-07;9.3624e-08;0.000103247;0.00174829;7.4283e-06
0.000673783;0.0186369;3.99679e-07;0.142318;0.00263939;0.333491;2.43184e-06;0.322237;0.00465714;0.000591433;0.00382774;0.0515639;0.000590798;0.11877
0.00714958;0.984749;0.000476733;1.4805e-05;7.72396e-06;2.12387e-05;3.04784e-05;6.80016e-05;0.000468901;1.98952e-05;0.000174537;1.62838e-05;0.00219132;0.00461156
9.72566e-09;0.00118951;8.29113e-10;6.96578e-10;6.13002e-08;2.92208e-09;1.5979e-11;1.04735e-07;3.60566e-09;9.41292e-12;5.11752e-09;0.99881;4.937e-07;5.30731e-09
8.53897e-07;0.87073;2.72989e-09;2.74052e-09;8.94709e-07;2.48354e-08;1.04955e-09;7.21325e-06;1.77541e-09;2.38981e-09;1.58813e-09;5.80831e-05;0.129121;8.13389e-05
3.16047e-06;0.040589;7.81162e-07;8.22174e-07;0.000149947;1.17051e-05;5.30218e-06;0.101845;2.50635e-06;1.61944e-05;2.86537e-07;0.844912;5.78189e-05;0.0124056
4.39177e-06;0.0378814;2.00414e-07;4.17084e-06;2.3e-06;0.000154201;3.08593e-06;1.57059e-05;6.80808e-06;1.00288e-06;3.94746e-06;3.25324e-06;0.961911;8.80755e-06
3.51888e-06;1.84499e-05;0.980804;2.13978e-06;1.40795e-06;5.82643e-08;6.45524e-09;1.61285e-06;1.09771e-08;4.87644e-07;1.53454e-09;0.0191326;2.7386e-05;8.46407e-06
7.33808e-06;0.98734;1.17622e-08;1.27655e-05;2.02467e-07;9.31033e-07;6.97209e-06;0.0103894;0.00154066;4.64325e-07;0.000135322;7.37044e-06;0.000356875;0.000201322
2.61974e-07;8.96673e-07;1.18788e-10;3.39081e-09;2.03279e-08;6.55151e-10;3.12796e-09;0.999998;1.09383e-06;3.43921e-09;3.82061e-09;5.27457e-10;1.99549e-08;8.05085e-10
3.5841e-07;0.123847;8.55055e-08;1.87976e-06;7.78045e-07;4.4903e-06;5.68553e-05;1.30466e-07;9.40887e-09;0.000318276;3.09245e-09;2.67743e-08;2.97016e-07;0.87577
2.43432e-08;2.88953e-09;0.999989;2.52742e-08;6.13312e-10;1.6945e-08;3.10415e-07;1.7698e-09;2.12515e-06;5.77981e-09;6.37145e-06;2.24263e-06;1.00078e-11;4.21614e-08
5.87269e-09;8.94974e-07;6.11659e-12;1.81241e-11;1.70039e-09;3.49962e-12;1.55998e-11;0.999999;1.16976e-08;1.71371e-12;1.08085e-09;3.83128e-09;7.57354e-09;2.3264e-13
5.03235e-09;0.812964;4.93915e-06;8.76977e-08;2.29744e-06;5.92117e-07;2.31206e-06;6.66339e-09;1.0361e-11;0.000383321;2.42514e-10;2.0818e-08;2.93251e-08;0.186643
6.82149e-11;6.16465e-11;1;1.60208e-11;5.6249e-11;4.92366e-11;1.48479e-08;5.34013e-10;5.67539e-10;2.85047e-11;1.81122e-10;1.66909e-08;7.2406e-12;6.43949e-10
2.01099e-06;0.000853636;4.87308e-08;4.04815e-06;1.05865e-06;5.33029e-07;0.000158333;0.299941;0.000375465;3.43853e-07;0.000209648;7.92976e-05;0.698375;1.72132e-07
8.34461e-07;0.998966;1.13135e-06;4.20023e-06;3.03881e-08;2.49857e-08;0.000150861;4.94543e-05;0.00016599;8.68577e-07;5.81588e-05;0.000347766;0.000254495;3.98976e-07
1.51757e-06;0.898119;2.85077e-08;9.87723e-06;2.52387e-07;1.12021e-07;4.70007e-07;0.10129;3.06872e-06;2.05065e-07;3.50357e-06;0.000116774;0.000453667;2.29825e-06
3.83335e-06;0.399815;7.07417e-05;7.79375e-06;9.08344e-06;4.43085e-06;0.000500315;1.4117e-05;5.50937e-08;0.00208636;6.62073e-08;2.40176e-06;5.90967e-05;0.597427
9.06783e-11;1.14937e-09;0.999999;1.09684e-10;6.53651e-10;4.95083e-10;4.01826e-09;1.62065e-10;1.08453e-10;1.57405e-10;9.75122e-11;5.6399e-07;8.1157e-13;2.03823e-10
1.40601e-07;0.969116;1.24708e-06;2.39801e-07;1.12716e-06;1.21994e-06;2.13744e-09;0.00282299;5.93162e-07;5.49592e-10;1.26014e-06;0.0207439;0.00731076;3.349e-07
9.42606e-10;0.812616;1.86352e-11;8.72377e-10;8.57147e-08;1.15001e-09;1.21673e-07;7.28931e-07;1.07051e-12;3.0181e-07;1.7296e-12;1.62224e-10;2.32896e-09;0.187383
3.13869e-11;1.2859e-08;1;2.6324e-09;2.13179e-08;4.09555e-08;2.32761e-11;2.28188e-10;7.3153e-13;3.8446e-10;4.37825e-12;2.47099e-07;1.03572e-10;8.89036e-08
9.53816e-08;0.000584373;4.26173e-09;6.34067e-08;7.5528e-07;2.00204e-05;2.15921e-08;3.53445e-05;6.57205e-10;6.25229e-09;9.70778e-09;1.15513e-07;0.999334;2.55453e-05
5.17136e-05;0.00402013;4.83092e-06;1.09011e-05;1.58628e-06;3.04512e-06;1.56951e-08;0.000371309;4.42238e-05;2.79661e-07;7.25205e-06;0.989882;0.00556692;3.57487e-05
0.000180487;5.441e-05;1.0595e-07;5.8108e-08;2.03917e-07;8.61834e-09;3.00682e-08;0.999735;4.20012e-06;2.46882e-08;1.29893e-07;1.33816e-06;2.36333e-05;1.3399e-09
5.7174e-08;0.971466;1.9369e-10;4.45807e-06;2.68023e-07;6.94552e-08;2.65728e-06;4.0606e-09;5.26135e-09;0.000192946;3.41576e-09;2.84174e-07;3.4607e-09;0.0283331
6.05895e-07;6.14002e-06;0.999935;8.15634e-08;1.47494e-08;7.03368e-06;2.92424e-05;3.17829e-06;9.93196e-07;5.99595e-07;1.48834e-05;2.76616e-11;3.62856e-07;1.61992e-06
1.13422e-09;3.90657e-08;1;8.37883e-10;9.82089e-10;6.96375e-09;1.02223e-08;2.91289e-09;5.19013e-08;2.73341e-10;4.51523e-08;1.1989e-09;2.18607e-09;2.45942e-11
6.99286e-06;0.00014453;0.00820126;2.48059e-06;2.7838e-06;7.79409e-06;6.06074e-09;3.64766e-05;0.000204279;5.7487e-08;1.42524e-05;0.991246;0.000131789;1.71237e-06
3.33841e-06;0.974041;3.21864e-07;4.08705e-08;0.00035395;0.000281322;2.22409e-09;0.00394303;8.51082e-06;2.20934e-07;2.25371e-07;2.01235e-05;0.0203955;0.000951912
3.4479e-05;0.107472;3.32098e-08;0.000168455;0.574907;0.0170341;1.37901e-06;0.0315782;0.0026074;3.52134e-05;5.68177e-05;0.197388;0.0536987;0.0150189
0.000594434;0.997624;3.81482e-08;4.67475e-09;1.30663e-07;2.14703e-09;3.59811e-09;0.000578906;2.26986e-07;3.32545e-09;2.86331e-09;1.11551e-05;0.00119163;4.18189e-09
3.73013e-07;0.02532;1.54496e-08;4.20446e-09;1.78075e-08;4.33648e-08;1.3446e-11;0.000267389;6.57296e-09;8.95334e-10;1.96266e-09;0.972405;0.00200677;3.24708e-08
2.07668e-06;0.227106;2.34487e-09;6.71524e-05;4.23646e-05;2.88142e-05;6.48903e-06;0.75981;5.75185e-06;4.98308e-06;1.09e-05;0.000444056;0.012364;0.000106903
1.63542e-05;0.00361172;0.0326162;2.5144e-05;1.88574e-06;4.27813e-06;4.45111e-06;0.00058902;3.43747e-06;4.09305e-07;7.33156e-06;0.957912;0.00520645;1.81388e-06
0.000464893;0.0979415;3.53695e-06;0.000822595;0.000945257;0.000725025;0.00181749;0.0791297;0.0118421;0.000112101;0.0136662;0.0239538;0.767228;0.00134822
0.00145198;0.93055;9.13768e-05;0.000655182;2.73908e-05;5.48764e-05;4.92541e-05;0.00690945;0.000723324;7.18031e-05;0.000351558;0.0536013;0.00257816;0.00288465
1.05567e-05;0.823488;0.00325819;6.19656e-06;0.000121758;1.25398e-07;3.73497e-08;1.51585e-05;6.06836e-08;1.70666e-07;7.92625e-08;0.173088;6.03313e-07;1.18497e-05
5.65839e-07;0.995251;2.01275e-12;1.72582e-08;7.26986e-08;2.25465e-10;0.000477377;1.65733e-06;4.76842e-09;1.97628e-05;9.1653e-10;5.5926e-12;5.84206e-07;0.00424867
5.25642e-13;7.18366e-13;0.999992;1.09659e-11;6.39757e-11;5.83789e-12;6.19906e-12;6.42517e-14;3.70967e-12;9.41319e-13;3.11337e-12;8.08367e-06;3.64629e-14;6.7829e-12
9.26847e-08;0.991275;5.37497e-10;4.8608e-07;9.7914e-08;7.49383e-07;0.000252354;0.00278917;5.46367e-06;1.25054e-06;2.86185e-06;6.73987e-11;0.00566413;8.33131e-06
2.96989e-12;9.19662e-12;1;4.03008e-11;1.34746e-13;4.9323e-13;6.80544e-11;7.84861e-13;4.23372e-11;4.24158e-12;7.64986e-11;2.8777e-11;5.19492e-15;4.7173e-13
4.6791e-06;0.00094235;3.39157e-05;5.80417e-05;6.44932e-06;2.66856e-05;1.7794e-06;0.00889982;0.000426056;3.09534e-07;0.000120054;0.988378;4.2679e-05;0.00105893
2.73952e-06;0.000123144;1.75515e-11;3.00774e-09;1.16676e-07;2.51131e-06;5.81886e-08;0.974327;1.37469e-07;9.37175e-09;3.39954e-08;3.18321e-10;0.025544;5.31955e-08
5.23192e-09;2.21944e-05;2.72145e-07;9.18214e-08;4.38434e-05;2.42587e-05;7.17972e-12;7.45016e-05;3.70214e-09;3.50717e-10;6.45986e-09;0.999065;1.88614e-06;0.000768175
1.05689e-09;0.999992;2.28126e-11;1.83474e-10;2.9041e-10;6.77797e-09;4.87495e-07;3.89437e-07;1.07132e-11;3.65986e-08;2.39478e-11;3.63335e-13;6.41087e-06;8.46324e-07
4.62536e-12;3.67586e-12;0.999999;4.07316e-11;4.05335e-11;3.04907e-09;2.45027e-12;1.38087e-11;4.13664e-13;7.40567e-11;1.73831e-12;9.18929e-07;1.74521e-10;9.65795e-12
1.34682e-05;0.0621657;1.61148e-08;0.00154282;2.45005e-05;0.00313367;0.000252372;0.0146737;6.49212e-05;0.000287149;0.000339969;0.000261622;0.915783;0.00145681
1.73252e-06;0.937053;6.55553e-10;2.23096e-05;1.29711e-05;4.08141e-06;6.43313e-06;0.00996791;6.73314e-08;1.37047e-05;2.08609e-07;0.000226799;0.0526901;6.72241e-07
3.49106e-07;0.0194121;2.98605e-07;0.000526354;8.8377e-05;0.00138324;4.63005e-07;2.26432e-06;3.19048e-09;0.000508543;2.97539e-08;7.21246e-06;0.975223;0.00284811
1.28168e-06;1.60688e-06;0.998131;2.24953e-06;7.56644e-07;1.68655e-09;2.74677e-08;1.70409e-07;3.29035e-11;5.89846e-06;1.09037e-09;0.00185503;1.80581e-06;1.42834e-08
2.98679e-09;0.000168908;1.44156e-11;1.9492e-09;1.08587e-12;3.09748e-12;0.998515;2.13353e-11;1.51874e-08;0.00131539;2.82778e-07;1.60838e-13;1.20822e-09;7.85686e-09
8.70732e-14;3.06058e-15;1;2.21627e-12;2.1687e-13;2.92055e-13;1.59716e-11;1.10426e-15;5.25489e-11;2.67783e-12;1.0012e-10;4.39877e-11;1.46745e-16;1.95618e-15
