2.551e-08;7.89123e-09;3.44739e-14;2.24039e-12;8.09655e-10;1.15119e-10;3.58245e-11;0.999994;6.02892e-09;1.75709e-12;5.52275e-11;3.66618e-11;5.52497e-06;6.61085e-12
1.99473e-08;2.51579e-05;1.55529e-05;1.32411e-06;0.00266936;9.65868e-05;1.96736e-10;0.000107791;4.21884e-09;1.71328e-07;3.37838e-09;0.469392;2.08528e-06;0.52769
9.39165e-08;0.00157219;4.78111e-09;4.79975e-08;2.73724e-09;4.13313e-10;1.3176e-07;0.00219052;2.87807e-06;1.6338e-10;1.14862e-05;5.06947e-08;0.996223;7.29141e-10
4.61334e-07;0.997775;1.35066e-05;1.61442e-05;1.74261e-06;1.58435e-08;2.67907e-08;5.67959e-05;8.33569e-07;4.35152e-08;2.28948e-07;0.000387411;6.04318e-06;0.00174193
3.54382e-07;2.06619e-06;7.408e-11;2.76085e-07;9.53677e-07;5.22201e-09;2.85125e-08;0.999975;9.49178e-07;2.46339e-08;1.90802e-07;1.15619e-08;1.97094e-05;1.3738e-08
2.89071e-07;0.000477442;1.0139e-07;8.1787e-05;1.00892e-05;1.46824e-05;1.10518e-05;1.00386e-07;7.32983e-09;0.000145298;7.25703e-08;8.34543e-09;2.48299e-08;0.999259
9.86452e-10;1.51021e-10;0.999997;4.09716e-09;1.58309e-11;1.15615e-09;1.57277e-08;1.00609e-10;1.73012e-08;2.62938e-10;2.48531e-06;4.07826e-09;8.73211e-12;7.65536e-10
5.78179e-06;0.70905;1.73905e-07;0.000152315;0.000263336;0.00469705;1.51038e-07;0.0260752;3.8179e-05;6.44806e-07;0.00497583;6.80441e-05;0.254654;1.90453e-05
4.49401e-05;0.74987;6.25936e-06;0.0015525;0.0052646;0.0030776;6.05291e-05;0.00140571;0.000142309;0.000191007;0.00902206;0.106883;0.116675;0.0058046
4.67152e-05;0.00605616;4.33862e-07;0.000934153;2.92935e-05;0.000829627;6.85961e-05;0.0234238;0.0146622;5.38695e-06;0.951096;1.80707e-05;0.00282975;2.81064e-07
1.36429e-05;0.526099;1.1563e-05;6.54744e-07;1.18515e-05;4.55953e-06;2.39976e-07;0.473118;1.91889e-06;3.45043e-07;7.37739e-05;0.000175401;0.000480908;7.88966e-06
1.07166e-05;9.24588e-05;9.35581e-10;8.68059e-07;0.000353846;1.32325e-07;4.58093e-08;0.994277;7.07486e-06;1.0376e-07;2.69661e-05;0.00211163;0.00311804;5.97262e-07
1.31677e-05;0.996333;1.29815e-06;1.75985e-07;1.88727e-05;4.90912e-08;1.05233e-07;0.000427487;6.94662e-07;9.47622e-08;2.44646e-06;1.47818e-05;0.00316116;2.70425e-05
7.59617e-09;0.0106766;1.74439e-13;1.02029e-06;2.49553e-07;1.16767e-08;5.65324e-08;2.05635e-06;3.32925e-08;2.40029e-06;1.02714e-06;7.23791e-06;8.30619e-08;0.989309
4.21043e-06;3.83617e-05;2.55432e-09;1.56183e-06;8.06824e-10;3.56134e-09;0.164767;3.36813e-06;0.00653447;2.22191e-07;0.828635;1.0593e-10;1.60705e-05;7.40401e-10
6.25077e-06;0.983621;2.88033e-08;5.73919e-07;2.00149e-05;4.94485e-07;9.09331e-09;0.00939249;4.76979e-06;6.23971e-08;1.44029e-06;0.0068014;3.94968e-05;0.000111866
3.52266e-05;0.459023;2.31266e-06;1.10587e-05;4.37955e-05;3.2334e-06;1.10133e-07;0.00536457;7.99637e-07;1.01847e-06;9.35954e-07;0.000846412;0.534283;0.000384932
8.0393e-06;0.822444;0.000147983;0.000973805;4.53671e-05;1.45709e-05;1.07661e-06;0.00030456;4.47293e-06;3.32857e-06;0.000110664;0.175567;0.000216224;0.00015849
4.09757e-06;0.00430606;7.74261e-08;8.28077e-06;0.0109357;0.000690264;5.0914e-07;0.000880014;5.05549e-08;2.82726e-06;7.30955e-07;1.09638e-05;0.00100111;0.982159
7.32033e-07;0.000141068;1.3476e-07;7.0815e-09;2.9727e-07;6.66742e-05;4.24279e-08;1.08999e-05;2.29122e-08;5.76501e-09;3.72368e-08;9.61215e-07;0.999778;1.54666e-06
2.38128e-08;3.46567e-05;0.999929;5.4895e-08;2.42427e-08;3.77909e-09;2.25299e-07;1.09758e-11;3.08031e-10;2.8246e-07;1.16018e-10;3.16319e-05;3.03005e-08;4.25718e-06
8.64695e-11;7.16391e-11;1;7.96159e-11;1.15511e-10;1.97575e-11;3.22196e-10;1.51565e-11;1.23657e-09;1.31854e-11;2.62353e-09;2.00234e-07;1.0364e-12;5.26767e-13
1.4959e-08;0.000979638;9.63111e-10;9.46984e-10;1.32331e-06;1.37096e-07;1.84241e-09;0.998988;8.46919e-08;3.28228e-09;1.96924e-08;1.46288e-06;2.93711e-05;6.5716e-08
1.13194e-05;0.00491728;2.74912e-07;3.97587e-06;1.36708e-05;3.16224e-07;1.21558e-06;0.964225;3.05215e-05;6.68174e-07;3.36293e-05;0.00644204;0.0243121;8.22871e-06
1.56444e-05;0.998189;2.50361e-07;7.47471e-07;1.2708e-08;1.57139e-10;1.41885e-07;0.00155962;1.36521e-05;8.65664e-08;2.14675e-06;3.7125e-05;0.000181871;2.01563e-09
1.36842e-06;0.0926874;4.97575e-13;7.86044e-06;2.2287e-08;4.6487e-09;4.4887e-05;9.45428e-07;5.7421e-07;0.00012834;1.54053e-07;8.12783e-07;4.95243e-08;0.907128
1.56571e-07;1.68015e-10;0.999999;3.59777e-08;1.07279e-08;2.83544e-11;1.13283e-08;1.12511e-06;2.55846e-09;7.45813e-10;4.66376e-09;1.82672e-09;4.97926e-12;1.98851e-10
5.8323e-06;0.00518616;5.99706e-07;1.53462e-07;1.6768e-06;1.4659e-08;1.27569e-07;0.994161;8.21784e-06;5.20529e-08;1.00216e-07;4.09366e-08;0.000635848;2.98837e-10
1.45789e-07;2.62848e-05;0.997954;3.52709e-06;0.000631892;4.3575e-05;9.36424e-09;1.45307e-07;1.50495e-08;6.58324e-05;3.46338e-10;0.00111923;2.72696e-07;0.000155176
0.00014976;0.0871792;5.19051e-06;9.27997e-05;4.01619e-06;1.34211e-05;0.000267744;0.00477681;0.898538;4.4896e-06;0.00727071;0.000149756;0.00104214;0.000505882
