2.98962e-06;0.9998;4.63075e-05;3.18911e-05;1.73211e-06;1.31003e-07;1.13796e-07;1.30861e-05;8.12547e-07;2.61691e-07;1.33691e-06;9.1908e-05;3.59797e-06;5.65947e-06
3.06884e-05;0.0305605;2.32187e-10;7.33978e-08;5.55848e-07;1.92227e-07;4.41038e-07;0.96474;3.314e-06;5.02487e-07;1.6937e-07;1.53434e-07;0.004664;1.68873e-08
1.07851e-09;3.88857e-06;1.36788e-08;1.18824e-08;5.83668e-07;1.49054e-07;1.43574e-12;7.52395e-08;2.80479e-09;1.0208e-10;8.51806e-09;0.999989;3.29287e-07;5.64487e-06
8.12048e-08;0.989966;1.0473e-10;3.32061e-08;6.82943e-08;1.00253e-08;1.7125e-07;0.00494862;3.14144e-07;1.84357e-08;3.98565e-07;4.00001e-08;0.00508392;8.19626e-10
3.12294e-06;0.0950316;5.43983e-07;3.51647e-05;0.004891;0.000220359;1.56862e-07;0.00230215;6.60637e-06;9.40798e-06;3.52362e-06;0.882435;0.000338047;0.0147234
0.000126014;0.839694;1.67235e-09;1.66277e-07;1.55382e-05;1.82219e-06;6.97582e-07;0.146577;4.46713e-07;1.64549e-07;1.29834e-08;0.00015552;0.0134286;5.80109e-07
8.97291e-05;0.14041;6.19456e-06;2.41601e-07;8.22238e-08;1.19043e-07;7.75549e-08;0.740415;2.89574e-06;1.95081e-08;1.0987e-07;0.000149067;0.118912;1.49302e-05
1.23903e-05;0.18041;2.64553e-05;3.13168e-07;2.75088e-05;8.92502e-08;3.6933e-08;0.782342;4.73354e-08;3.42689e-07;2.38574e-08;0.0188825;0.00084047;0.0174572
1.01172e-07;0.998998;1.2135e-11;7.08164e-07;1.87546e-08;7.96041e-07;0.00021246;8.73326e-05;6.8862e-08;0.000247532;3.57401e-07;3.68689e-08;0.000411291;4.0901e-05
3.22714e-12;3.1531e-14;1;3.7619e-10;6.75574e-12;1.40309e-11;3.6175e-10;2.27216e-14;3.34991e-12;1.66367e-10;4.32883e-10;2.79208e-07;1.07503e-15;3.20224e-11
0.00125993;0.597634;3.87034e-06;0.00406674;0.0242634;0.0257039;0.034003;0.122989;0.00285505;0.00058033;0.174058;0.000977874;0.0107567;0.000848854
5.89097e-08;1.41006e-05;5.15742e-10;2.76931e-08;2.12912e-09;1.55588e-07;3.99052e-07;3.13327e-09;1.56022e-07;1.8213e-08;5.4962e-07;1.67601e-07;0.999984;4.75435e-11
1.24251e-09;1.91059e-07;0.999563;3.58106e-09;1.59196e-08;2.7665e-11;3.22135e-11;3.30988e-11;3.77915e-12;1.15291e-09;2.71008e-11;0.000436706;1.13886e-10;1.04819e-08
2.08405e-08;0.999404;3.2319e-11;1.40614e-07;6.42938e-07;8.63368e-09;0.000451955;2.51999e-05;1.55635e-06;5.15157e-05;5.02486e-07;8.4582e-09;1.77527e-06;6.29233e-05
1.14588e-07;2.04685e-07;0.999985;7.29855e-07;1.94947e-07;1.40376e-07;9.50732e-07;1.09706e-07;6.39943e-07;1.35147e-07;9.84301e-06;1.5638e-06;1.77229e-07;6.99183e-09
4.5623e-07;7.98991e-08;1.72595e-12;2.14084e-10;3.73408e-09;5.42601e-11;2.24596e-09;0.999998;9.89819e-07;6.16641e-11;2.83187e-07;2.46327e-09;1.97871e-07;9.79338e-12
1.77737e-06;0.0231801;1.17429e-05;4.87573e-06;8.2465e-06;8.88378e-06;0.000140151;6.90611e-06;3.79565e-08;0.00166218;9.64468e-08;2.1722e-06;2.05743e-06;0.974971
2.72232e-09;8.1957e-09;0.999999;4.12864e-09;2.60483e-10;3.50601e-10;6.93715e-08;1.07437e-09;9.28307e-08;1.51172e-09;1.76447e-07;4.47405e-07;5.10253e-10;2.7461e-10
1.70173e-06;0.325249;6.46125e-05;2.29864e-06;2.46215e-07;7.89125e-07;0.666387;5.17063e-06;2.22225e-05;0.00442202;6.33601e-06;2.00838e-07;0.00230074;0.0015378
2.8746e-13;3.45241e-12;1;9.9698e-10;5.16084e-09;5.28183e-09;1.90462e-10;2.49352e-12;1.76607e-10;8.46199e-11;2.21379e-09;1.52116e-07;5.65526e-15;3.60839e-09
1.59754e-07;0.953065;6.4158e-05;1.15163e-06;9.10637e-07;1.39205e-07;4.48795e-07;0.000262962;1.47279e-08;3.84966e-08;2.14158e-07;2.50139e-06;0.0466006;1.87743e-06
8.41681e-08;0.994548;1.12903e-08;1.17372e-06;2.86352e-06;2.15504e-06;2.86907e-07;0.00291491;1.00138e-07;7.14031e-07;8.31778e-07;1.76842e-05;4.24102e-06;0.00250695
4.71204e-06;0.0345845;1.36053e-05;2.08123e-05;0.00244373;4.57283e-05;2.29595e-07;0.00625491;4.01193e-08;2.52454e-06;9.60616e-07;0.941523;0.0116519;0.00345316
5.08396e-08;0.999754;5.06005e-12;6.3963e-09;1.07535e-10;3.93343e-10;2.26418e-07;9.87979e-09;3.07773e-10;2.92528e-07;3.07548e-09;4.09548e-07;7.21757e-07;0.000244608
6.4625e-05;0.000311671;8.31391e-07;4.88844e-05;2.41761e-06;2.39827e-05;0.444319;0.000299288;0.0277604;2.45987e-05;0.52397;8.44636e-06;0.00316217;2.85062e-06
9.34658e-07;0.999394;2.79493e-06;1.97441e-06;2.72565e-06;7.05919e-06;5.14232e-09;0.000564228;7.4995e-08;7.89709e-08;1.38044e-07;2.95233e-06;1.69378e-05;5.63787e-06
9.22462e-07;0.997483;1.07899e-08;1.39557e-07;4.20164e-07;3.9536e-08;7.60726e-08;1.33345e-05;1.81514e-08;1.68801e-07;4.89347e-07;1.11122e-06;0.0025;4.15504e-07
3.70395e-07;0.998729;1.14903e-09;6.78895e-08;1.90538e-06;6.85122e-08;0.00101294;0.000106592;1.17658e-06;1.85338e-05;3.21884e-07;4.71587e-09;1.87959e-05;0.000110342
3.65612e-13;1.28667e-14;1;2.42126e-11;1.05459e-11;1.12777e-11;1.30039e-13;5.22968e-13;1.65849e-12;3.65578e-13;1.77768e-11;1.12099e-07;1.06587e-14;8.31073e-11
3.52768e-08;0.000336253;1.18119e-09;2.29675e-09;1.79522e-07;1.30305e-10;1.22772e-09;0.999662;7.72069e-11;2.18789e-10;1.35581e-09;1.92853e-07;8.46757e-07;2.09175e-07
1.86849e-07;0.998872;3.50972e-09;1.1206e-06;7.40627e-08;6.52894e-07;0.000463702;0.000252129;1.80913e-07;0.000290703;2.41398e-05;1.14678e-05;3.02857e-05;5.28814e-05
6.33576e-13;7.89665e-14;1;1.39175e-10;1.86366e-12;3.90716e-11;1.79216e-11;9.66184e-15;1.20535e-12;4.19518e-11;7.02938e-10;1.11954e-08;3.18771e-14;1.54533e-11
8.93569e-05;0.0292486;1.19672e-06;0.000547702;4.06559e-05;0.000107996;0.00395955;0.0022593;0.00420088;3.76981e-05;0.857384;6.10227e-05;0.102057;4.41398e-06
0.000155968;0.367321;4.40727e-05;2.3737e-05;2.51447e-05;7.06134e-06;3.26857e-05;0.0247692;0.000489863;2.07729e-05;0.0026641;0.00723012;0.597217;1.19992e-07
5.30165e-06;0.933337;0.000147249;1.24276e-05;0.00419778;2.69103e-05;1.0489e-06;0.00540347;6.98697e-07;3.11666e-05;4.9747e-06;0.0556121;0.000646702;0.000572741
2.18386e-05;0.10781;1.85335e-07;0.00227062;0.0565388;0.0249015;0.000139539;0.0275822;0.000624526;0.000963892;0.000854535;0.00644665;0.0258741;0.745972
0.00716408;0.00308006;0.00232209;0.0256329;8.91456e-05;0.000119645;0.0630525;0.000626451;0.145587;0.00179309;0.521384;0.000211739;0.228924;1.26203e-05
0.000628848;0.0017846;7.50521e-05;0.000123414;2.57107e-05;1.63554e-06;1.95429e-06;0.988853;0.000134045;8.77626e-07;0.000171218;0.00804225;0.00015611;1.60107e-06
2.01273e-07;0.996074;3.66852e-09;2.8788e-09;1.26358e-09;2.21527e-10;1.40319e-05;6.75086e-09;5.69197e-10;1.9132e-06;8.11187e-10;1.69529e-11;2.50605e-08;0.00390998
7.7004e-12;1.36122e-13;1;7.45096e-13;3.83868e-11;1.3229e-12;1.22873e-11;1.37301e-14;1.57935e-11;5.85255e-13;6.34578e-12;4.76239e-09;1.34766e-13;1.14714e-12
9.62286e-05;0.562736;1.87142e-08;1.07546e-05;3.87951e-05;1.14279e-05;0.0965195;0.329798;0.00428601;0.000257826;0.000137883;1.09771e-10;0.0059948;0.000113474
6.98856e-13;2.42667e-13;1;4.94388e-12;5.27545e-13;2.11461e-13;1.78733e-12;7.47906e-13;3.69782e-11;1.3653e-12;2.94637e-11;9.20882e-09;8.18352e-16;5.88667e-13
2.02391e-05;0.384601;8.52151e-05;2.61103e-06;5.4706e-06;3.80358e-07;3.70667e-05;0.610609;0.00049733;8.31687e-07;0.000473466;0.00161992;0.00204679;6.11337e-07
1.65044e-06;0.857595;6.29721e-09;6.47946e-05;2.32042e-05;2.30173e-05;4.95596e-07;0.0773055;7.79626e-05;7.98909e-06;4.27941e-05;0.0310974;0.0336442;0.000116445
9.08899e-05;0.0139757;2.40889e-07;0.000164129;0.156708;0.000158421;0.000155603;0.819689;0.000721414;0.000289013;0.00504391;0.000141496;0.00274485;0.000117529
0.00077156;0.0784798;0.221829;0.000765483;0.00386407;0.000190427;0.0432742;0.00017782;1.04158e-06;0.646242;4.17536e-05;0.000739465;5.22021e-06;0.00361737
8.28162e-10;5.74643e-11;1;4.14289e-10;1.8574e-11;1.81082e-12;4.46143e-08;1.02148e-12;1.25467e-08;1.58619e-10;1.49453e-08;3.46814e-08;3.89818e-13;8.12921e-12
3.63413e-05;0.0237016;0.000293743;1.90279e-06;2.7462e-06;5.65863e-08;3.12953e-05;0.25703;0.000106907;2.7568e-07;5.4407e-06;0.718757;2.9245e-05;2.84104e-06
3.35758e-06;0.186032;1.15341e-05;2.0242e-06;0.00011205;8.67904e-05;2.63892e-06;1.18644e-05;5.15068e-08;2.322e-05;3.18704e-07;0.00119088;0.812493;3.09669e-05
8.73799e-06;0.0924986;1.10834e-06;1.45888e-07;3.01053e-05;2.92206e-06;1.378e-07;0.00257271;1.46445e-06;6.75084e-09;1.27553e-06;0.90415;0.000698896;3.38522e-05
4.69973e-07;0.047734;3.58008e-05;1.19553e-07;0.101862;1.94824e-06;1.30551e-09;0.83959;1.5805e-08;2.15907e-09;1.03056e-10;6.46637e-05;0.0105547;0.00015624
5.03149e-07;0.856196;6.50565e-07;6.51129e-06;7.20417e-06;5.01155e-06;3.12667e-07;0.128586;5.22045e-08;4.45539e-06;4.36498e-08;6.28813e-07;0.0148409;0.000352343
1.4007e-09;1.79057e-09;1;1.52535e-09;5.0748e-11;5.54052e-12;7.75967e-10;2.13653e-10;1.46363e-09;3.09419e-10;1.34622e-09;3.68142e-09;1.31318e-10;1.1083e-09
1.72717e-07;2.62379e-06;0.000791857;2.22066e-07;6.23305e-09;5.13595e-09;8.03076e-08;1.11307e-06;3.28331e-07;1.35244e-08;5.55617e-08;6.06068e-05;2.63503e-08;0.999143
1.8616e-06;0.00082362;6.00749e-08;2.62261e-07;0.000944356;2.02458e-06;3.5477e-07;0.998;0.000103181;4.78545e-08;1.04334e-06;5.49398e-05;1.67063e-05;5.13624e-05
3.49846e-08;5.4343e-05;0.999515;3.61708e-08;6.20809e-06;2.93583e-08;4.95525e-09;1.06588e-07;2.42938e-11;2.16461e-08;4.81181e-09;0.000419382;6.92916e-08;4.52206e-06
1.53075e-09;0.999998;1.72589e-09;2.43589e-10;1.07014e-10;4.60991e-11;7.33412e-10;1.10386e-06;8.19433e-10;1.48092e-12;7.42348e-10;3.56713e-07;9.31597e-07;3.391e-09
5.14884e-07;0.93912;7.16269e-08;2.26237e-06;1.3467e-05;9.50972e-06;1.87073e-08;0.000188481;1.16735e-07;8.00743e-08;9.21125e-08;0.00118499;0.0565549;0.00292525
2.46336e-08;0.993042;9.41931e-08;4.10494e-06;3.8022e-05;6.37668e-06;4.17588e-10;0.00622709;5.22854e-11;6.45549e-07;8.43737e-11;0.000508546;3.89649e-05;0.000133883
1.71345e-07;9.51948e-06;1.5415e-08;1.88163e-06;2.48894e-07;0.000132547;9.14041e-07;8.60486e-08;6.74747e-09;2.07787e-06;5.15993e-08;2.37289e-06;0.999847;2.87358e-06
2.72834e-08;2.38607e-08;0.999767;5.14206e-07;1.34999e-08;8.65648e-09;0.000195458;5.49294e-11;3.98411e-09;3.5675e-05;2.0575e-08;7.96408e-07;8.71345e-08;1.0342e-08
1.78447e-07;3.98747e-09;0.999606;1.62523e-06;3.24341e-08;6.81448e-08;0.000164978;5.59964e-09;2.13653e-05;7.0501e-07;0.000202893;1.90897e-06;2.47691e-09;8.93504e-10
1.93842e-07;0.999946;1.99237e-07;1.34107e-06;1.46736e-07;6.6329e-08;4.25683e-08;6.36865e-06;3.46491e-08;3.95316e-08;1.36749e-07;1.20324e-07;4.55255e-05;7.91396e-09
2.01017e-06;0.668042;1.35427e-10;7.96607e-07;2.08841e-06;3.95775e-07;2.8191e-08;0.0381129;4.39067e-07;3.61416e-07;8.59179e-07;9.86929e-06;0.293828;4.0041e-07
2.67076e-05;0.0539451;0.000412913;6.3478e-05;0.0596449;7.23812e-05;1.76247e-07;0.00529428;5.97588e-07;8.47458e-05;8.48536e-06;0.865042;0.0081444;0.00725997
6.76299e-05;0.3812;1.57527e-08;5.21171e-05;6.16176e-06;5.37615e-07;0.607367;0.00124462;0.00251656;0.00413502;0.00272044;5.82525e-05;3.89649e-05;0.000592511
1.86497e-05;4.61719e-06;0.999894;1.68039e-07;7.89834e-09;1.54091e-08;1.6616e-05;6.06801e-07;3.59106e-05;1.612e-08;6.25191e-06;1.07779e-06;2.19573e-05;4.13732e-10
2.20766e-05;9.91411e-05;4.33952e-05;1.694e-06;5.36799e-07;4.03919e-07;1.05521e-07;0.999262;0.00052303;8.2415e-08;9.87496e-07;4.25904e-05;3.69788e-06;1.926e-08
1.62551e-06;5.9211e-05;6.68551e-05;2.36115e-06;4.89002e-07;1.21644e-06;5.92763e-11;3.47091e-07;4.88722e-06;2.54139e-08;7.93953e-08;0.997044;4.25397e-08;0.00281844
0.000572494;0.000429482;6.83979e-07;1.52058e-07;1.74478e-05;2.25435e-06;1.25107e-07;0.000453277;0.00478658;1.07465e-07;6.02519e-06;1.41889e-05;0.993717;3.72006e-07
1.6093e-06;0.000484901;9.44793e-05;1.6374e-08;7.05685e-08;8.36329e-10;2.20299e-11;1.47193e-05;6.96734e-08;3.15808e-10;2.70892e-10;0.999403;1.11204e-06;5.2503e-08
2.00163e-05;0.0372327;0.000520747;1.02376e-05;0.0129752;7.38898e-07;1.4032e-09;0.945336;4.36469e-07;2.11687e-07;3.40852e-09;0.00386213;2.88845e-05;1.25844e-05
5.6537e-07;7.12135e-06;6.68564e-10;6.58115e-09;2.64525e-05;2.13855e-09;4.65728e-11;0.999959;2.09989e-07;6.88057e-10;5.33314e-11;6.98153e-10;6.47304e-06;1.16005e-09
3.3112e-09;1.06533e-06;0.999998;8.83537e-09;8.057e-07;7.32708e-09;2.94047e-11;2.68416e-09;2.13342e-11;3.70236e-08;2.93708e-12;1.05024e-08;2.60246e-08;1.95656e-07
9.82515e-07;0.9869;1.47739e-07;1.1264e-05;7.01772e-06;2.09765e-06;7.06991e-07;0.0120578;0.000167765;5.75788e-07;2.34631e-06;0.000582988;0.000232482;3.40057e-05
