1.1203e-06;0.119844;1.45059e-12;2.445e-07;6.40424e-06;2.26541e-09;2.93852e-07;0.880138;2.06445e-06;1.31571e-06;7.02576e-08;1.67593e-08;6.94304e-06;3.39326e-08
5.15701e-05;0.000457171;0.944637;0.00117485;0.0123551;0.00390208;1.99879e-07;0.00187639;3.65956e-07;0.000153402;1.08454e-06;0.0300804;0.000409285;0.00490059
7.57671e-06;0.993863;8.49219e-13;3.70461e-08;5.56599e-09;7.58855e-09;0.00383691;3.36122e-05;1.48557e-06;2.69625e-07;8.8877e-07;1.44214e-10;0.00225528;9.19876e-07
1.95331e-10;2.79373e-10;1;5.01723e-11;1.49165e-12;5.32251e-12;9.80975e-10;5.58756e-11;9.50577e-10;6.01444e-11;1.31131e-10;2.5455e-10;2.95822e-11;6.97415e-13
4.5082e-06;0.0029604;2.73318e-06;3.10857e-05;4.26083e-05;1.41478e-05;1.80745e-05;0.000105871;0.000835803;4.26665e-06;0.000246225;0.995588;5.88241e-05;8.75534e-05
4.00013e-06;0.0429727;3.94592e-08;8.60756e-06;0.000132942;1.22354e-05;1.07924e-06;0.00808806;7.20924e-06;6.09547e-07;1.5268e-05;0.000676141;0.94804;4.10937e-05
3.80308e-05;0.675463;4.15904e-11;1.67313e-05;1.99977e-05;9.27703e-05;0.000324831;0.017404;1.43561e-06;0.000166263;5.34563e-06;7.68382e-07;0.305303;0.00116432
7.47916e-11;3.10992e-11;1;2.11931e-10;3.94748e-13;6.3127e-12;3.27475e-11;2.38775e-14;1.41561e-11;1.45369e-11;8.18091e-11;1.88915e-09;9.80465e-12;8.84469e-11
1.73122e-05;0.0109784;0.000262371;9.40059e-06;9.42296e-07;6.50364e-07;8.29578e-07;0.00189847;9.68339e-05;1.28593e-07;0.000102073;0.986557;5.51605e-05;2.02791e-05
8.27757e-07;0.996102;0.000179911;9.63203e-08;8.60636e-05;5.27124e-05;1.50039e-08;0.000562559;6.91231e-08;2.38629e-07;7.35525e-08;0.000106905;0.00204552;0.000862829
2.43863e-09;0.00685201;2.14576e-13;1.13948e-07;4.49425e-06;8.98101e-07;2.29965e-08;4.843e-07;4.30605e-09;1.18963e-06;6.06422e-09;6.15028e-07;2.35149e-07;0.99314
0.000194702;0.964037;7.85834e-06;2.61785e-05;2.23358e-05;7.51943e-06;0.00186787;0.00442787;0.000682083;1.61254e-06;0.00161724;9.59826e-07;0.0271061;1.77165e-07
6.87378e-08;0.999062;3.72463e-11;1.01302e-06;1.91872e-07;5.81642e-06;5.92949e-06;0.000402329;2.3175e-08;0.000223917;1.36549e-09;1.56452e-09;0.000196908;0.000101615
4.07987e-14;5.05673e-14;1;2.80313e-11;8.25423e-12;2.45205e-12;3.72362e-15;1.94809e-14;4.49969e-15;7.57692e-13;5.84732e-15;2.64216e-09;1.71425e-16;1.63075e-11
8.84604e-06;0.145325;1.86856e-09;8.13678e-06;0.000275832;2.34106e-07;4.82978e-06;0.853211;8.07927e-06;6.53337e-08;1.11659e-06;1.47327e-05;0.00114151;9.23349e-07
7.97057e-06;0.96798;0.0299538;9.54761e-06;8.31564e-06;1.26623e-06;0.00146024;0.000279217;1.16151e-07;0.000268199;1.24485e-06;1.89023e-07;2.75269e-05;2.19651e-06
2.34552e-12;5.69799e-12;1;1.8001e-12;2.45294e-12;3.41122e-13;1.17529e-11;1.09252e-14;9.81764e-12;5.43099e-13;3.57945e-12;2.47405e-09;2.12473e-14;1.27643e-12
1.88709e-06;0.00987744;4.09465e-05;7.05315e-07;1.2143e-05;3.55312e-07;4.09148e-07;0.0010015;4.16442e-06;3.09383e-08;5.74435e-07;0.987705;2.7817e-05;0.00132745
1.1842e-07;0.979353;7.36736e-06;1.95524e-08;7.44686e-05;4.17398e-06;1.60525e-09;8.8918e-08;1.6703e-10;2.6985e-08;5.31902e-09;0.0199972;0.000557481;6.09793e-06
3.48109e-05;0.299994;5.49361e-09;4.05647e-07;0.0300404;0.00203251;1.15264e-06;0.016312;2.17233e-05;2.55936e-07;2.50616e-05;0.00373091;0.038672;0.609134
2.63408e-05;0.535335;1.25366e-07;4.34176e-05;0.00143437;0.00757614;2.61921e-06;0.0282774;4.97527e-05;2.28789e-06;7.13649e-06;0.000149198;0.426164;0.000931491
6.07803e-06;0.0252941;0.968398;9.99103e-06;7.2329e-05;9.65369e-06;1.06954e-11;1.43236e-05;4.81914e-10;5.43265e-09;8.153e-11;0.00584594;2.21622e-05;0.000327127
2.73714e-05;0.0100593;1.77925e-07;1.48159e-07;2.74222e-07;3.39459e-09;2.95775e-07;0.989866;4.45177e-06;6.73362e-09;1.12406e-07;3.40255e-05;7.57005e-06;2.28819e-08
0.000554063;0.198053;0.573859;0.0364995;0.0917614;0.00847406;0.000128;0.00298035;0.00171754;0.00295314;0.00188518;0.0656703;0.000495991;0.014969
0.003506;0.8495;8.39728e-05;9.74854e-05;4.56652e-06;1.72061e-06;0.000157091;4.18181e-07;2.49239e-06;2.81638e-05;0.00013345;0.1321;0.0142747;0.000109973
2.2223e-05;0.00129937;2.60813e-06;8.23422e-08;5.40948e-07;8.34854e-09;1.08744e-06;0.00063293;4.90915e-05;1.12583e-09;0.000112487;0.997846;3.19019e-05;1.35697e-06
9.87259e-05;0.511239;2.64802e-05;9.36244e-05;0.0123022;1.56092e-05;7.31819e-07;0.454922;5.55257e-05;9.2608e-06;1.22484e-05;0.0181321;0.0029252;0.000167007
7.44598e-08;2.00803e-05;1.40133e-08;1.48469e-08;2.73151e-10;1.91268e-06;5.13354e-10;6.15496e-09;2.45618e-07;1.96481e-08;9.87924e-09;8.10438e-09;0.999978;1.21244e-08
1.07047e-07;2.27335e-06;0.999841;1.76747e-08;5.46371e-08;6.37975e-10;2.64045e-10;4.13232e-07;5.58389e-10;2.13577e-08;5.22998e-11;0.000155832;3.25186e-10;4.9066e-09
7.30637e-07;0.994433;2.77873e-08;6.94702e-06;9.35093e-08;1.51568e-06;4.61491e-06;0.00345279;0.000161693;9.7611e-07;3.23873e-05;3.55806e-07;0.00190296;2.2087e-06
