1.61859e-07;0.999945;7.67348e-06;2.25394e-07;3.81793e-07;1.67761e-08;4.11039e-09;3.82934e-05;7.21256e-10;3.57624e-08;6.91204e-10;6.99047e-08;7.98491e-06;2.68298e-07
1.02822e-08;1.31694e-08;1;2.4848e-08;1.27301e-09;2.05361e-10;1.51729e-08;2.71305e-10;3.14351e-08;4.14881e-09;1.43251e-07;2.7214e-08;9.72025e-10;2.07146e-09
8.84823e-08;1.75485e-06;0.000584364;1.20849e-07;5.72021e-08;1.06925e-08;4.36332e-09;4.94236e-06;1.45862e-08;1.92409e-08;1.44406e-09;4.79671e-05;3.98057e-09;0.999361
8.35586e-09;9.24218e-07;1.99163e-11;1.89374e-09;6.06517e-05;6.81976e-08;1.9609e-09;0.999938;2.57814e-07;7.37141e-10;5.94711e-09;8.8453e-10;1.45246e-07;2.17686e-07
3.11729e-11;5.96106e-09;0.999999;3.64518e-09;4.38955e-07;6.82464e-09;6.63729e-13;1.38042e-10;2.88536e-13;6.02558e-11;3.57207e-10;5.36596e-07;2.1193e-07;2.10846e-08
6.2846e-07;0.980623;7.37787e-07;7.43012e-08;1.11695e-07;4.47446e-07;0.000155075;0.000525667;8.56351e-08;1.54814e-06;6.77218e-07;8.71326e-10;0.0186862;5.60742e-06
3.23109e-15;1.69657e-13;1;3.17595e-12;3.53901e-12;8.19328e-12;4.99851e-15;9.51511e-15;4.26964e-15;1.06181e-13;1.91431e-14;3.56185e-10;3.4387e-14;4.49116e-10
1.07103e-05;0.739196;0.0102027;0.00011295;0.000725474;6.71992e-05;4.83995e-06;0.238856;1.45846e-06;1.59953e-06;1.02313e-06;0.00215742;0.00577614;0.00288615
3.75542e-05;0.363579;0.000315278;0.001304;0.000229695;0.000295517;3.31362e-07;0.540297;0.000103848;3.43139e-06;0.000379523;0.0140853;0.0471044;0.0322649
7.52624e-06;0.900146;0.0591882;4.34527e-07;4.07469e-06;4.03522e-07;1.39528e-08;0.000285846;1.29371e-09;8.23687e-07;3.29571e-09;0.0401628;0.000153944;4.95768e-05
1.2801e-09;5.56666e-12;1;1.29486e-10;3.03724e-10;3.4809e-11;4.87768e-10;1.42054e-10;2.19156e-08;8.39637e-12;1.45948e-09;9.42692e-09;9.53728e-12;3.38668e-09
3.43664e-05;0.00244587;0.0857195;2.16266e-05;0.000361981;4.21933e-06;2.64641e-09;0.75895;0.000240603;5.15019e-08;8.42004e-07;0.151667;2.9659e-05;0.000524334
1.55958e-06;0.901957;5.42587e-07;1.38146e-06;0.0690829;0.000199801;3.6759e-08;0.0280437;1.39981e-05;3.11507e-06;2.62526e-06;5.69418e-05;0.000192308;0.000443967
1.17343e-06;0.0121769;0.0642876;3.42872e-06;0.0210583;0.0439942;4.34652e-09;0.000410943;1.65505e-08;1.72843e-06;1.91953e-06;0.827203;0.00368682;0.0271735
2.60987e-06;0.0292094;6.81136e-08;2.54627e-07;3.34096e-05;0.000176335;5.77798e-09;0.525333;1.18242e-07;1.62044e-08;3.30464e-07;7.48803e-05;0.44507;9.88693e-05
1.16982e-06;0.98136;2.56799e-08;2.1573e-07;2.24384e-07;1.30941e-07;8.41458e-08;6.70299e-05;4.13475e-09;8.15297e-08;3.43744e-08;0.0052596;0.0133113;1.21644e-07
1.21208e-06;0.956503;1.08634e-07;0.000111972;1.84899e-05;0.000206283;5.73242e-07;0.00521915;7.21145e-08;5.64648e-06;6.78327e-06;0.0051698;0.0326811;7.57747e-05
2.23047e-05;0.966652;8.59252e-07;0.000933495;6.87774e-05;0.00144784;1.80134e-05;0.0192704;1.47633e-06;2.28382e-05;0.000268949;0.009278;0.00157031;0.000444722
7.43316e-05;0.1819;3.38923e-08;4.17586e-05;2.01296e-05;5.63749e-05;2.08406e-05;0.00602924;2.92511e-06;2.80494e-06;0.00129081;0.000118056;0.809807;0.000635398
1.11216e-05;0.994273;7.50655e-05;1.21517e-06;0.000121401;1.06066e-06;0.000159247;0.000162938;1.20262e-08;0.000188864;4.37101e-08;1.5454e-06;0.00090876;0.00409596
1.88604e-11;5.55367e-11;1;1.61472e-10;1.9248e-10;5.31272e-11;7.48209e-11;3.47192e-11;3.16218e-10;5.03273e-11;9.84677e-11;1.32315e-07;2.3484e-13;1.28213e-11
1.23697e-06;0.994252;1.79145e-05;7.15654e-08;8.32082e-09;3.38054e-09;7.23169e-07;3.26122e-07;3.06884e-07;3.23291e-08;6.62767e-07;0.00453003;0.00119707;2.9102e-08
1.14594e-06;0.627642;4.91571e-10;9.83519e-07;5.35007e-06;1.15172e-05;1.63355e-08;0.352724;2.35799e-06;5.98402e-08;5.77193e-07;0.00523649;0.0141494;0.000225548
1.40723e-06;0.480905;2.57818e-06;4.95497e-08;1.34296e-08;4.89307e-09;2.23656e-09;0.000385761;5.5066e-09;1.69397e-09;2.63173e-07;0.518701;9.64277e-07;3.52408e-06
1.57711e-06;0.988304;1.85657e-10;1.95035e-07;9.42823e-06;1.45245e-06;0.000135912;4.04473e-05;4.70318e-08;9.22565e-06;3.15806e-08;2.30501e-07;6.52202e-05;0.0114325
1.10847e-10;2.37782e-10;1;5.7716e-11;8.52792e-12;7.89475e-11;1.91426e-11;3.97987e-12;5.44411e-11;3.679e-12;9.49081e-12;3.15394e-07;2.87103e-10;2.57712e-10
2.46758e-05;0.756052;5.03518e-05;3.84302e-05;0.000116871;0.000196797;8.18518e-07;0.0754338;0.000368251;1.11975e-06;7.55788e-05;0.0589458;0.0736757;0.0350197
8.5193e-07;0.0767458;1.75924e-08;5.35795e-06;0.215522;4.72704e-06;3.46813e-07;0.70674;9.94462e-06;9.61706e-07;9.12589e-06;0.000608357;0.000212413;0.000139891
2.18373e-06;0.0204012;0.973257;0.000288507;5.3476e-05;0.000213665;3.2207e-07;3.99548e-08;1.38753e-08;1.5222e-05;3.0945e-06;0.00379214;0.000362866;0.00161003
2.9449e-05;0.998252;4.62169e-06;9.68187e-10;4.97006e-10;4.32172e-09;1.02903e-05;9.13145e-06;3.41984e-07;3.40774e-08;9.38644e-08;0.00168458;9.129e-06;2.73002e-09
6.90452e-06;0.0045342;2.8812e-06;6.1713e-05;0.00361059;0.0163253;1.98246e-06;0.0714087;0.00437373;3.33512e-06;4.31927e-05;0.82788;0.00155608;0.0701916
4.22028e-05;0.59162;1.05696e-08;4.4963e-08;4.35402e-09;4.28721e-09;2.17372e-07;1.80522e-06;1.40553e-07;1.85725e-09;3.71855e-07;4.70771e-05;0.408288;1.71114e-09
6.41016e-07;0.0093856;1.32843e-05;2.18433e-07;3.70576e-05;1.23746e-06;1.05468e-10;0.00240593;1.09666e-07;6.77469e-09;1.95596e-09;0.987268;7.9807e-05;0.00080767
1.66643e-05;0.331889;1.00522e-05;0.00056227;0.00569073;0.0342994;8.51223e-07;0.426616;0.000322964;5.25083e-06;4.34564e-05;0.0767335;0.114402;0.00940746
0.00107116;0.215274;0.000209333;0.000928308;9.16577e-05;3.32094e-05;0.000261671;0.0264625;0.00203916;9.34212e-06;0.00336515;0.113157;0.63672;0.000377505
0.000248133;0.751308;0.224266;0.00145588;9.34035e-07;1.6489e-07;5.09691e-07;0.000839259;4.92766e-05;6.50077e-06;8.93991e-05;0.0214183;0.00021821;9.96149e-05
2.25168e-05;0.967637;4.77303e-07;3.02184e-05;7.68562e-09;8.8858e-07;4.46135e-05;1.11506e-05;0.000121334;2.42791e-05;0.00158427;1.64679e-06;0.0305194;2.24328e-06
1.88713e-05;0.00336059;2.23896e-06;0.000187438;0.000695987;0.000115874;7.10758e-06;0.000435914;4.46275e-05;2.32464e-05;0.000188316;0.974913;9.7454e-05;0.0199089
0.000132195;0.81941;4.51627e-06;3.43591e-05;3.25016e-05;7.95549e-08;1.90454e-05;0.013703;0.000116459;3.7404e-07;5.71304e-05;0.152053;0.0144249;1.23244e-05
1.12929e-06;0.994051;3.82277e-10;6.35588e-07;4.26342e-08;6.4864e-09;2.54331e-07;0.00238131;2.64432e-08;5.68565e-07;4.12168e-08;1.2549e-05;1.21173e-05;0.00354024
0.000207775;0.0494975;3.53069e-08;2.358e-06;1.12095e-06;3.47866e-06;0.000103742;0.509693;2.02582e-05;6.27909e-06;5.47623e-05;0.00310319;0.437237;6.95966e-05
4.94623e-09;2.60232e-09;1;2.15621e-09;1.71297e-10;2.10703e-10;2.28457e-09;6.37636e-10;1.7819e-09;4.18224e-10;1.00509e-09;5.97535e-08;7.31212e-10;2.21057e-11
6.02368e-07;1.6992e-05;0.00901531;2.18994e-06;3.37622e-07;1.35553e-07;7.249e-09;1.57343e-06;1.77072e-06;3.94098e-09;1.92792e-06;0.990948;6.31332e-07;1.05169e-05
6.90856e-07;0.181373;3.17445e-07;9.43071e-08;2.27399e-05;0.000185845;7.46032e-08;0.0425709;1.33181e-07;1.36519e-06;2.92881e-08;2.18521e-07;0.775718;0.000126442
3.58338e-07;0.0100294;5.02557e-07;0.00015413;0.000316157;0.348145;9.03134e-07;1.64307e-05;2.57146e-06;4.48788e-06;3.20497e-05;0.000908486;0.637071;0.0033187
2.99443e-06;0.00513716;0.994207;6.76299e-07;5.79432e-06;6.27244e-07;1.11268e-09;2.6612e-07;6.0306e-10;2.45736e-08;3.9164e-10;8.93073e-05;0.000555558;1.77871e-07
6.95651e-06;0.981704;5.89007e-09;0.000102853;9.0608e-06;2.52521e-05;2.2863e-06;0.011815;0.000145454;3.02137e-06;7.67028e-05;3.72639e-05;0.00585372;0.000218748
1.31972e-06;0.000774531;5.8242e-10;3.38501e-08;6.48264e-07;3.25814e-07;1.65878e-10;0.996399;1.37888e-08;1.34274e-07;1.82046e-10;6.26685e-08;0.00282348;8.42619e-07
1.33512e-10;2.60006e-06;3.32261e-07;1.00509e-07;5.83643e-06;3.48885e-07;4.05219e-12;5.10736e-07;7.58992e-10;1.65926e-09;2.32888e-09;0.99989;3.39283e-08;0.000100636
1.18086e-07;0.949521;3.34481e-10;1.00474e-06;1.35299e-08;3.21934e-07;4.18018e-06;7.98183e-05;8.36896e-08;8.2522e-07;3.72891e-06;2.06297e-07;0.0503889;1.55191e-08
3.65707e-08;0.000227132;9.26474e-10;7.45534e-08;8.11127e-06;2.79339e-08;1.37931e-09;2.96105e-06;1.73214e-08;1.08732e-08;1.73306e-08;0.999754;1.17144e-06;6.70563e-06
1.21444e-06;2.90996e-05;1.02062e-13;3.43077e-09;0.000183059;1.10847e-09;1.33047e-08;0.999762;2.44838e-07;5.18813e-10;9.34487e-10;2.63929e-07;2.44606e-05;3.35143e-10
3.89867e-05;0.00334735;0.984422;1.33439e-05;3.99816e-05;4.10782e-05;6.57642e-08;6.76898e-05;2.00917e-06;1.96257e-06;8.71466e-08;5.80577e-07;0.0119464;7.8087e-05
0.000179247;0.737899;0.23534;6.77446e-07;2.49639e-05;3.87848e-07;3.01242e-06;1.08921e-05;5.62153e-06;2.49116e-07;1.82262e-07;0.0264991;1.679e-06;3.44481e-05
2.86599e-05;0.0205484;1.92204e-09;1.79831e-07;1.06982e-05;1.76653e-06;4.78657e-07;0.0715609;6.20029e-05;1.80609e-08;6.73885e-06;7.38043e-07;0.907773;6.79026e-06
3.26576e-05;0.858912;6.98148e-06;2.90485e-07;4.19013e-06;1.74318e-07;0.000225668;2.76447e-05;1.3501e-06;5.56275e-05;1.7329e-07;0.00195731;9.10246e-05;0.138685
7.74393e-10;2.11484e-08;0.999997;4.98452e-10;1.49002e-10;1.72303e-10;1.04931e-09;1.63965e-09;2.24068e-08;3.66284e-11;4.69833e-08;2.84569e-06;1.12284e-09;1.89109e-11
3.02877e-07;0.999163;5.78301e-05;2.3539e-08;1.84649e-07;8.21661e-08;7.72656e-08;6.96449e-06;1.07066e-08;1.65185e-07;1.60683e-08;3.53661e-05;0.000735463;2.94653e-08
4.31651e-09;0.000183367;2.02374e-05;4.28479e-08;2.00352e-06;1.20843e-06;4.00737e-09;0.000100885;2.52957e-08;1.05437e-08;9.46728e-08;0.999652;5.20508e-06;3.49803e-05
1.10837e-06;0.995873;4.90848e-09;3.65762e-06;3.01231e-05;1.13013e-05;2.67251e-07;0.00261272;5.47645e-07;1.7241e-08;5.79299e-06;8.74147e-05;0.00109958;0.000274445
4.12829e-05;0.00132518;3.42107e-08;1.444e-06;5.80424e-06;7.56733e-07;3.39496e-07;0.99455;1.90753e-06;3.07317e-08;2.05183e-06;0.00327131;0.000745978;5.42166e-05
9.53727e-06;9.40161e-05;0.993771;1.14833e-05;0.000130189;3.01066e-05;5.20347e-09;0.000200271;1.13099e-07;2.91532e-08;1.70248e-06;0.00571675;1.26083e-05;2.1926e-05
2.01659e-07;0.999966;3.40659e-10;5.05288e-11;2.34798e-11;9.96328e-11;3.33769e-06;9.29697e-09;1.75891e-10;2.22478e-09;1.51034e-11;6.59129e-11;4.50971e-06;2.59434e-05
5.81612e-14;5.06771e-13;1;1.01179e-14;8.82664e-15;9.73429e-14;7.27019e-14;7.45978e-14;3.38902e-14;1.55864e-15;5.49683e-14;6.43131e-10;5.37986e-14;8.82646e-13
1.03518e-07;0.0198902;3.7643e-07;4.01401e-07;9.77429e-06;2.66245e-05;0.000109117;0.952143;7.20688e-05;2.66693e-06;6.10694e-06;3.31024e-08;0.0267529;0.000986585
5.08003e-14;5.05128e-13;1;4.04289e-12;4.37267e-13;1.06513e-13;3.69766e-11;6.75641e-14;1.27999e-11;8.33288e-13;7.10591e-11;3.08028e-11;4.56602e-12;8.6205e-13
1.19658e-09;3.22893e-08;0.999631;3.11741e-08;4.64365e-08;4.87036e-10;1.17013e-08;0.000335776;2.44521e-08;1.55201e-09;5.00979e-09;3.2212e-05;3.67642e-09;9.56429e-07
1.54983e-09;8.14349e-05;1.85152e-06;2.69629e-08;2.15029e-06;3.74587e-06;2.48916e-09;2.29052e-07;1.92147e-09;8.4855e-08;9.27271e-10;1.54318e-06;2.8126e-08;0.999909
2.50072e-06;0.878818;5.73258e-10;9.65324e-07;9.77628e-07;8.53e-08;1.54885e-06;0.0539571;1.62366e-06;1.24994e-08;2.38432e-05;0.00247483;0.0647179;4.24141e-07
1.89863e-08;0.999767;5.32626e-08;1.10957e-07;2.28901e-07;1.74233e-09;4.0398e-10;0.00022891;1.57325e-10;5.39227e-09;2.37695e-11;7.66067e-10;4.14066e-06;9.87215e-08
8.85336e-06;0.235081;0.00279026;0.00175582;0.000122743;0.000312335;1.30723e-06;7.87917e-06;1.6838e-08;0.00014838;8.09656e-07;0.741526;0.0182148;3.02205e-05
6.95068e-06;0.0722634;3.88351e-07;4.94054e-06;1.51813e-06;0.000227006;1.84749e-07;0.000132187;1.14804e-06;1.89119e-08;4.62121e-05;0.927249;6.56801e-05;1.58007e-06
3.3509e-06;0.952678;5.51331e-11;3.00463e-07;4.58833e-06;4.19216e-06;1.44155e-05;0.0428746;3.54034e-07;8.11128e-07;6.07284e-07;5.72135e-07;0.00440744;1.1112e-05
3.24537e-08;1.284e-07;0.999998;2.36163e-07;2.55295e-07;4.94259e-08;3.82804e-09;2.11766e-08;1.69991e-08;8.3052e-09;7.63946e-10;1.02833e-06;4.89898e-07;1.49106e-07
0.000175729;0.519504;9.13259e-07;1.82744e-06;1.19996e-06;5.46054e-08;1.20509e-05;0.480204;1.07502e-05;3.34786e-06;1.25729e-07;1.0283e-06;7.80401e-05;6.66839e-06
0.000163783;0.0281919;4.66586e-06;0.00580409;0.0253867;0.00144038;0.000129156;0.00510958;0.0176876;0.000309981;0.00555736;0.479094;0.0241424;0.406978
1.3586e-05;1.2723e-05;3.5037e-08;6.72562e-09;6.11074e-08;1.12522e-09;5.04101e-07;0.999955;8.01901e-06;1.03484e-07;1.35431e-08;2.5674e-08;9.88941e-06;1.89534e-09
2.00673e-06;0.0015397;1.53614e-06;0.000212162;0.00141199;0.000142636;8.27703e-08;0.000168671;0.000708092;1.18264e-05;3.73833e-06;0.0472661;0.000176923;0.948354
1.48642e-05;0.973489;4.5034e-05;2.45932e-06;7.7276e-08;1.38377e-08;2.14408e-07;8.92749e-06;6.29003e-07;1.36812e-07;4.16151e-08;9.76474e-07;0.0264366;1.38199e-06
8.97285e-06;0.00138935;0.000302095;4.17046e-07;7.89608e-07;2.83526e-09;1.83254e-07;0.00450021;3.85373e-05;9.21631e-08;8.77428e-06;0.993645;0.000104882;6.92597e-07
5.24495e-06;0.904047;7.67982e-06;0.000185477;0.000595515;0.000487358;0.00764354;0.0245532;3.36133e-05;0.00247269;1.87856e-05;3.5989e-06;0.0357748;0.0241717
1.5434e-10;1.84625e-10;1;3.50078e-08;9.58646e-11;4.6902e-10;8.70738e-09;1.09959e-12;5.92845e-09;1.87757e-09;3.03122e-08;2.49742e-07;9.61557e-10;8.16282e-10
2.02399e-06;4.80807e-05;0.997174;1.55504e-05;4.28228e-07;1.643e-06;7.21239e-07;0.00241146;7.48813e-06;9.34197e-08;1.27648e-05;0.000323627;1.50531e-06;2.39632e-07
3.02286e-06;0.00195305;0.00141112;5.74322e-06;4.5888e-05;0.00119465;1.61675e-08;0.000185562;6.01947e-07;1.73743e-06;7.51044e-07;0.00105841;2.631e-05;0.994113
2.53349e-06;0.000613802;4.86806e-08;1.84648e-07;4.7123e-06;1.67806e-06;1.06108e-08;0.55731;6.63958e-07;3.71543e-09;8.59724e-06;0.000823948;0.441234;1.59247e-07
2.65787e-07;0.95897;2.26051e-09;2.72443e-07;5.92606e-08;3.97744e-08;8.20941e-09;0.00743107;3.63553e-07;8.82792e-08;2.0023e-07;1.11009e-05;0.0335847;1.85334e-06
4.98814e-06;0.00684174;0.000232292;0.896989;0.000778909;0.034608;3.22388e-05;0.00131236;5.74602e-05;0.0388374;0.000241224;0.0106593;0.00618915;0.00321575
0.000923343;0.97004;1.27603e-07;0.00130734;0.000144382;2.02749e-07;0.00103528;0.00905118;0.000147469;0.000227894;0.00476979;0.0123252;7.66853e-06;2.01747e-05
0.000116928;0.988721;0.00364744;0.000541937;0.000188344;4.57073e-06;0.000500792;0.000102192;6.22265e-07;0.000892622;1.8395e-05;0.00321674;0.00200931;3.91741e-05
0.000770708;0.429891;3.57272e-05;0.0096584;0.000188258;0.00117246;0.00384128;0.0175791;0.00854229;0.000993888;0.0174051;0.110073;0.397203;0.00264603
0.000171194;0.0143104;0.969221;0.000450981;0.00658308;3.17465e-05;2.69739e-06;0.000238672;5.42488e-06;3.92397e-06;2.70708e-07;0.00321349;3.82192e-06;0.00576368
5.78475e-05;0.0252061;2.84278e-08;4.04812e-06;5.52115e-06;5.56324e-06;4.36901e-07;0.000311406;1.35617e-05;6.81437e-08;1.35786e-06;0.000721442;0.973671;1.60541e-06
4.2055e-05;0.992025;2.59804e-05;2.58738e-07;1.50591e-08;5.25027e-08;0.00164977;6.08587e-05;1.75088e-06;0.000590488;4.46729e-08;6.29207e-07;0.000211882;0.00539139
7.37078e-13;8.97666e-14;1;7.55884e-12;3.49988e-11;8.39398e-11;3.57918e-13;7.30189e-12;4.7085e-11;2.5166e-12;1.52286e-11;2.20494e-07;5.23509e-15;1.62632e-10
1.38005e-08;0.993818;2.84994e-08;2.69489e-09;1.41174e-09;1.14184e-09;2.71254e-08;5.05013e-06;2.59766e-09;8.52791e-09;6.87553e-09;2.15458e-06;0.0061752;1.73378e-09
3.37682e-09;0.999235;2.30226e-10;9.80246e-09;4.97193e-09;2.51601e-09;0.000610458;4.32603e-06;9.45088e-08;4.12245e-05;5.74999e-09;6.57726e-10;4.0132e-07;0.00010826
2.57334e-11;1.98694e-10;1;5.98669e-08;3.80599e-08;4.4126e-09;1.97049e-09;6.36919e-09;5.38769e-10;4.32e-09;5.07935e-09;3.31268e-09;1.849e-12;1.00082e-08
8.66709e-07;5.46767e-06;1.15075e-09;1.8764e-08;1.30024e-07;2.65923e-09;8.28171e-08;0.999992;7.45309e-08;2.59508e-09;3.03305e-07;2.12574e-09;1.05907e-06;4.30126e-10
4.8813e-08;0.0028712;2.59141e-08;6.52921e-06;2.14774e-07;9.56065e-07;2.5183e-05;4.2762e-10;9.41091e-10;0.000398366;2.03377e-08;7.2585e-09;5.25321e-09;0.996697
1.60496e-08;9.45841e-10;0.999965;9.90332e-08;4.69659e-11;1.27277e-09;1.04155e-06;7.24745e-10;5.47627e-07;1.01053e-08;3.2382e-05;7.41583e-07;1.06672e-12;1.17815e-08
6.80315e-06;0.977667;5.77791e-09;3.4819e-08;1.20738e-09;2.99324e-09;7.00115e-07;0.00134167;1.10388e-07;7.61126e-09;7.27383e-06;1.48905e-05;0.0209617;6.65107e-11
1.84186e-08;0.999307;4.29636e-09;2.17265e-07;1.02729e-08;3.15483e-08;0.000368815;4.37764e-07;9.84024e-09;0.000127191;2.24155e-07;6.43852e-08;1.61074e-07;0.000196258
5.411e-11;3.07351e-11;1;5.8294e-09;2.37154e-10;7.384e-11;3.44373e-09;1.73886e-13;2.30514e-10;3.53065e-10;1.62111e-08;2.15663e-09;2.83722e-13;2.85331e-11
4.03939e-05;0.00575853;1.30219e-07;6.57839e-05;0.000197843;3.01693e-06;4.80694e-05;0.992595;0.000173224;3.06071e-06;0.000458136;9.79045e-07;3.51996e-05;0.000620747
1.94111e-05;0.015264;0.64809;0.000157722;0.0039882;0.00308049;1.41615e-05;0.00119307;3.08708e-07;4.90042e-05;0.000338592;0.00147918;0.326129;0.000196513
5.39327e-07;0.0645283;6.65219e-07;6.67123e-07;1.30904e-07;0.000172809;1.74282e-05;0.00234717;9.69857e-07;5.23575e-07;7.69272e-05;1.58389e-07;0.93285;3.76108e-06
1.44296e-10;7.33981e-10;1;3.02484e-10;2.92046e-11;4.12099e-10;8.68055e-10;7.91148e-12;7.03766e-10;7.70023e-11;4.75217e-10;3.89533e-10;1.84576e-11;2.49243e-12
1.67587e-07;0.00010934;0.000133076;8.54659e-06;1.17122e-08;2.54923e-07;4.83364e-09;1.45121e-06;3.37012e-05;3.02916e-09;2.56131e-05;0.999687;2.793e-07;1.88845e-07
2.40324e-05;0.998273;1.27148e-10;6.50208e-07;5.30306e-08;4.2434e-08;1.1208e-07;7.74732e-09;8.95831e-07;1.19228e-08;4.04576e-06;1.21738e-05;0.0016854;6.18524e-08
5.10364e-06;0.00481449;0.00367817;2.46025e-06;0.0113154;2.1706e-07;1.08606e-09;4.09286e-05;4.83985e-08;4.39534e-08;1.50136e-09;0.0211241;2.07114e-09;0.959019
5.34179e-07;0.000162436;1.917e-11;1.77395e-08;0.0130244;7.75348e-07;5.587e-11;0.986805;1.18011e-07;1.35213e-09;2.63458e-11;1.88386e-09;6.35016e-06;1.24143e-08
1.33539e-09;8.66985e-08;0.999998;2.18755e-10;6.23274e-08;3.0488e-10;3.01956e-13;6.56698e-10;2.64844e-13;9.66987e-10;2.70566e-13;2.29144e-06;1.22689e-08;5.77855e-10
7.4923e-06;0.95366;7.19256e-06;1.11359e-05;0.00013327;5.09031e-06;3.06621e-07;0.0453042;4.27301e-05;8.4463e-07;3.79284e-05;0.000404554;0.000129471;0.000255661
