4.13888e-08;4.6693e-09;3.65807e-12;1.59483e-10;7.71723e-10;6.35325e-11;2.13659e-09;0.999999;4.21881e-07;3.39383e-11;2.68965e-09;3.9831e-12;2.83531e-07;3.37067e-11
7.40318e-07;4.62614e-05;0.000110449;1.96327e-05;0.000412243;5.82176e-07;2.22048e-07;7.95011e-05;6.37359e-05;3.01336e-08;3.72357e-06;0.999233;7.49415e-06;2.2568e-05
7.33394e-07;0.998229;7.00075e-09;6.62608e-08;3.94131e-08;3.18694e-08;0.000227989;0.000563566;2.80213e-08;4.21052e-07;9.84224e-08;3.27889e-10;0.000977275;5.76699e-07
1.78077e-14;5.93937e-13;1;4.43755e-12;1.73771e-10;3.3849e-12;4.0737e-14;1.91871e-14;7.95702e-15;3.89235e-14;1.42406e-13;2.20307e-09;2.70351e-15;4.96561e-10
1.18657e-07;0.992093;1.86052e-07;1.29137e-06;6.50675e-05;8.92951e-06;1.63593e-08;0.000790675;6.43618e-09;6.77741e-10;1.06616e-07;2.76274e-05;0.0069932;1.99772e-05
8.84168e-07;0.997958;4.82175e-08;3.57707e-06;4.88741e-07;1.0943e-07;7.92807e-07;0.000449768;2.89674e-06;3.99716e-08;1.41541e-05;0.00142347;0.000144272;1.83276e-06
3.38724e-06;6.55678e-05;3.439e-06;3.86129e-05;0.254263;0.656478;2.08127e-07;0.0286239;4.09736e-05;5.97537e-06;1.86592e-05;0.000658912;0.000462812;0.0593365
8.04913e-05;0.961748;2.33473e-05;7.26472e-06;1.2792e-06;9.16482e-08;3.22436e-05;0.00274922;4.58379e-05;3.51755e-07;0.000520339;7.38527e-06;0.0347842;1.16343e-07
0.00010633;0.00253191;2.07332e-05;0.00261793;0.0139709;0.000153992;4.32532e-07;0.978294;3.55666e-05;4.40351e-05;1.62706e-05;0.00198256;0.000169335;5.57233e-05
0.0011311;0.033208;0.000329216;0.000833612;1.22862e-05;2.19617e-06;9.63067e-07;0.00100076;0.0003338;3.46899e-06;0.000578418;0.96159;4.65084e-06;0.000971491
0.00159548;0.965924;0.00207979;2.2782e-05;0.00137872;1.29396e-05;1.31763e-05;0.000560554;0.000331878;8.41025e-05;0.000181659;0.00608022;0.0209943;0.000739972
6.81063e-06;0.999321;3.69041e-09;2.68037e-08;5.98077e-06;7.14288e-07;6.7486e-09;9.43869e-05;2.87693e-08;1.81255e-06;3.2857e-10;4.9853e-07;2.52115e-06;0.00056681
2.59531e-13;4.51582e-16;1;1.8506e-14;1.66945e-11;4.10185e-15;1.9107e-16;3.26791e-13;7.65686e-13;2.80383e-15;3.66366e-15;3.04362e-10;8.76659e-18;5.27889e-14
9.3544e-09;1.44102e-07;5.41556e-07;3.35163e-10;2.84503e-06;1.01642e-07;3.25694e-13;0.999993;5.94495e-08;4.66247e-11;5.95183e-11;2.87763e-06;6.26325e-08;2.99464e-09
1.02387e-08;0.999334;1.9193e-12;1.4557e-09;7.06941e-08;1.15626e-10;3.01827e-10;0.000562474;2.33999e-09;3.19684e-08;2.62418e-11;4.52868e-10;5.1866e-08;0.000103837
4.37205e-07;0.000972366;2.09337e-09;5.23461e-07;4.47557e-06;7.52089e-07;3.02023e-07;0.998523;2.26347e-06;4.34058e-08;7.33654e-08;1.3241e-08;0.000493977;1.37282e-06
1.80242e-06;0.000206421;1.62539e-10;1.76068e-09;1.26768e-08;1.93359e-09;1.24172e-09;0.999671;2.2298e-09;1.44893e-09;2.32958e-11;9.69855e-09;0.000120989;1.71422e-08
1.98161e-07;1.53725e-05;5.79077e-09;4.37916e-05;0.983919;9.38114e-06;3.83837e-07;0.00372151;2.84855e-06;3.55829e-06;2.37096e-07;0.00310712;6.21257e-07;0.00917653
1.38027e-05;0.00283005;0.847064;0.0014105;0.00051108;1.19861e-05;9.75492e-06;1.00949e-07;5.56174e-07;1.28086e-05;0.000218637;0.000489999;0.147119;0.000307208
2.86816e-05;0.963021;1.17639e-06;4.66917e-06;5.15883e-05;4.58282e-07;0.000518958;0.0292505;3.28393e-06;0.000122868;1.39944e-06;4.31308e-06;0.000370683;0.00662048
3.76039e-12;3.10725e-10;1;7.49616e-09;4.55435e-10;4.47219e-10;5.99628e-12;6.3327e-13;5.73936e-11;4.57883e-11;2.4383e-10;3.2332e-09;9.83436e-12;1.58577e-09
0.00011019;0.0798179;5.45401e-08;0.00138167;0.00102023;0.000802932;5.45375e-06;0.898467;0.000203302;4.73484e-06;0.00430879;0.00303798;0.00375858;0.00708087
0.000359984;0.435;7.70998e-05;0.00144434;5.5325e-06;0.000150701;0.00128577;0.00532176;0.00908928;4.74582e-05;0.0559651;0.000875536;0.490364;1.33197e-05
3.17143e-05;0.970618;1.64296e-08;3.38559e-06;0.000128386;1.76706e-06;7.34128e-08;0.0239048;3.9782e-06;2.39726e-07;2.15622e-06;0.00214718;0.00314618;1.20269e-05
0.000741609;0.316781;0.0018389;0.000246784;0.0921233;0.00023788;6.24524e-08;0.0948937;7.19038e-05;7.85211e-06;5.94332e-06;0.452822;0.0398351;0.000394298
9.47046e-05;0.0563631;1.11117e-08;4.12581e-06;6.78389e-08;1.79899e-07;0.940149;1.45484e-05;0.000456483;0.00270672;0.00011752;4.2981e-08;8.64415e-05;6.5975e-06
4.07525e-09;2.9797e-12;0.999997;8.97881e-09;2.87987e-12;4.6312e-13;4.90487e-09;2.63911e-12;2.54576e-06;2.10229e-10;5.49154e-07;7.80094e-10;1.02886e-13;2.14986e-12
0.00614785;0.00153025;1.71614e-05;6.14687e-07;3.26779e-07;4.68389e-10;2.66171e-06;0.988251;0.00351303;1.98203e-07;7.90338e-06;5.38092e-05;0.000475565;7.00878e-10
5.08878e-09;7.51742e-06;2.13023e-05;1.44987e-08;1.03155e-06;6.94784e-11;1.33404e-12;3.99866e-06;7.14485e-09;8.67067e-11;3.93069e-10;0.999962;3.1338e-09;4.27104e-06
2.15191e-08;0.00135608;3.27775e-07;1.85155e-09;2.35476e-05;4.87689e-09;2.26118e-10;0.998534;7.76449e-09;1.84194e-09;5.49363e-11;2.20573e-09;8.55101e-05;3.63127e-08
2.97465e-08;2.36405e-07;0.999667;2.66128e-08;0.000199089;9.51259e-09;3.35474e-09;1.10685e-09;1.90134e-09;3.31658e-07;1.11442e-10;0.000133142;3.16892e-09;5.82554e-07
0.000404285;0.0275901;1.29258e-06;1.53285e-05;3.36729e-05;1.56207e-06;2.94933e-05;0.0544837;0.916305;1.05309e-06;0.00058548;1.13572e-06;0.000494362;5.32253e-05
