1.09379e-06;0.0357947;1.38042e-09;1.37174e-06;1.78501e-07;9.41789e-07;5.99919e-07;0.000138393;6.8282e-06;1.66455e-07;1.17634e-06;2.37499e-06;0.964052;4.60769e-08
1.11967e-07;6.35463e-08;1.17427e-08;9.70499e-08;7.29456e-07;7.88143e-08;5.18334e-12;0.00760377;1.20457e-08;2.5301e-10;5.02805e-09;0.992393;1.43655e-06;5.2053e-07
1.37642e-05;0.361846;6.11489e-09;2.95742e-08;1.83616e-10;1.2099e-09;4.67505e-07;4.28709e-06;2.14387e-07;9.67938e-10;2.86947e-07;4.69085e-06;0.638131;1.37304e-08
1.35267e-05;0.205948;7.98209e-06;0.000248872;1.82532e-05;1.74599e-05;6.52307e-06;0.000165491;5.75237e-05;1.90515e-06;0.000125488;0.791484;0.000635831;0.00126915
2.36338e-06;0.00521944;1.16606e-05;8.48342e-06;0.133814;0.00276123;5.5435e-08;0.00866953;8.44471e-09;6.06579e-06;5.98607e-09;0.000204232;6.04408e-05;0.849242
2.31496e-06;0.0151162;5.5478e-07;1.29577e-07;3.11631e-07;0.000412767;4.91416e-07;1.5481e-06;2.25707e-07;1.38228e-07;2.18189e-07;1.63752e-05;0.984432;1.70103e-05
1.12014e-07;8.29636e-06;0.999771;1.45398e-06;3.5855e-08;5.38408e-09;2.72244e-05;5.49642e-10;2.89339e-08;2.64715e-05;2.0353e-08;0.000165218;1.22247e-07;4.87067e-07
8.42147e-08;5.41767e-09;0.999933;2.46279e-07;6.26376e-09;1.52621e-09;6.5172e-06;4.45005e-09;3.05492e-05;4.1771e-08;2.20421e-05;7.96316e-06;9.99074e-11;5.1458e-10
1.60235e-06;0.996344;2.19863e-10;1.85898e-06;2.05847e-06;1.92665e-06;1.03635e-07;0.00293652;4.79773e-05;1.07383e-07;2.09809e-05;1.88699e-06;0.000637554;3.38094e-06
1.56595e-05;0.000527854;3.14439e-07;1.31408e-07;5.82289e-06;1.00667e-07;5.56186e-07;0.999258;3.18321e-06;3.85743e-07;6.67261e-07;1.99944e-05;0.000165281;1.91455e-06
1.04021e-07;2.76705e-05;1.7438e-06;8.49888e-06;0.990695;6.34805e-05;7.93415e-08;0.00759117;3.56409e-06;1.49674e-06;1.12603e-06;0.00119016;1.88554e-06;0.000413775
1.97344e-06;0.364403;0.634888;4.38433e-05;5.24206e-06;1.13292e-07;1.80419e-06;6.97063e-09;1.31639e-08;1.70194e-06;1.42717e-05;1.68392e-05;0.00053276;9.0217e-05
6.92735e-05;0.769624;0.00014976;3.01411e-05;0.000452128;5.48099e-06;7.51764e-06;0.0119811;6.2563e-05;1.62465e-05;0.000241042;0.209407;0.000746395;0.00720842
4.8855e-07;0.97882;0.000114677;2.58681e-07;7.65141e-06;9.51023e-05;7.82178e-06;0.00111535;8.14283e-08;1.60971e-06;1.32973e-06;6.05957e-05;0.0197693;5.86131e-06
4.53456e-08;1.06045e-05;4.45703e-08;1.45428e-06;3.56121e-08;1.02006e-07;3.99919e-07;2.51289e-07;3.33751e-08;1.55683e-07;2.0069e-05;0.00244098;0.997525;3.19403e-07
4.90038e-05;0.00374993;5.23744e-05;0.000252916;2.81167e-06;1.46083e-07;4.47485e-07;0.0011853;6.99722e-05;2.79778e-06;0.00165327;0.992876;0.000101272;4.25877e-06
5.73708e-07;0.00335552;1.14593e-08;3.43471e-09;4.2731e-08;2.9654e-09;4.439e-09;0.996538;8.25188e-09;4.78318e-09;1.46605e-08;2.35176e-08;0.000105535;8.58183e-08
1.33835e-06;0.861792;0.00012973;4.89706e-05;0.000606528;0.000659063;0.000150827;0.020763;3.06817e-06;0.000434005;4.30159e-05;0.0299655;0.00164853;0.0837543
1.29706e-09;4.04355e-07;0.999999;7.2747e-09;1.34353e-11;4.55863e-10;2.34261e-07;3.6085e-09;1.40278e-08;6.44202e-10;2.37867e-07;2.28263e-09;1.12473e-07;2.06012e-12
4.56136e-07;0.000170902;0.000102099;6.54904e-07;1.01554e-07;4.66988e-08;6.42717e-09;1.75923e-05;1.71783e-05;5.38853e-09;9.79811e-07;0.999685;1.31229e-06;3.59217e-06
5.01003e-06;0.0163009;2.38871e-05;4.06186e-08;6.07144e-05;1.63641e-05;3.58388e-09;0.000142894;5.44635e-06;4.58352e-08;6.15851e-08;0.00289006;0.980554;1.05357e-06
4.35461e-05;0.894511;1.53255e-06;1.04763e-06;0.00249192;0.000281605;6.65244e-09;0.0002911;1.90519e-06;1.30444e-07;1.58719e-07;0.00384867;0.0249997;0.0735274
0.000192437;0.142969;0.000388108;0.000113059;0.000767134;5.23901e-05;8.41722e-09;0.800058;3.14755e-05;1.00327e-07;8.88638e-07;0.0515346;6.55344e-05;0.00382755
5.95913e-06;0.0353947;2.32964e-07;1.83962e-05;0.141791;8.65805e-06;6.74611e-11;0.815859;4.39639e-07;1.32431e-07;1.80762e-09;0.00129231;4.37984e-05;0.00558566
3.58678e-07;0.000241269;3.36928e-09;4.20026e-09;0.000196354;8.16352e-08;2.18573e-11;0.999471;2.1867e-09;9.96222e-10;2.5958e-11;5.60032e-08;9.04881e-05;1.15508e-08
5.10833e-09;1.1706e-06;0.999978;5.05907e-08;3.35128e-06;2.59927e-08;8.11848e-10;1.88028e-09;2.00138e-11;8.17195e-08;3.41989e-11;1.65382e-05;2.74782e-09;5.33675e-07
1.49701e-05;0.938545;6.17086e-08;7.93737e-06;3.60768e-07;7.06875e-07;0.000128976;0.0501103;0.00747328;3.37404e-07;0.00352022;2.55027e-06;0.000188457;6.60702e-06
