7.01476e-06;0.0784127;3.45657e-06;4.10314e-06;2.14942e-06;2.39578e-06;4.34634e-08;0.000138401;7.40986e-06;1.26585e-07;3.06358e-06;0.00687126;0.914515;3.2517e-05
8.29756e-06;0.00276903;0.000111667;5.14416e-05;9.98246e-05;2.72331e-05;4.13938e-07;3.01065e-05;2.68659e-06;1.43156e-05;5.26669e-07;1.50431e-05;4.03292e-05;0.996829
1.22279e-05;0.999821;5.54682e-09;3.84923e-06;4.97297e-08;1.30436e-07;4.46322e-06;2.06661e-05;3.82474e-05;1.20621e-06;3.30995e-06;8.19867e-05;1.12987e-05;1.33384e-06
4.82716e-09;1.18777e-08;0.999996;2.58799e-09;9.27159e-08;6.08999e-11;3.10136e-10;6.17222e-09;1.42367e-09;1.79838e-09;3.56238e-10;3.34649e-06;2.06787e-09;6.80669e-08
3.68538e-06;0.992238;1.00516e-12;1.08687e-07;6.44754e-05;4.31304e-08;2.15607e-06;0.00244229;6.09271e-06;2.40569e-08;9.45703e-08;9.923e-06;0.00522498;8.18291e-06
6.59943e-06;0.0150179;0.000421146;7.88747e-08;1.5407e-05;4.83255e-06;6.44462e-09;2.92908e-05;9.00692e-10;9.25422e-09;3.27777e-09;0.983191;0.00129955;1.42235e-05
3.83988e-06;0.333387;4.88636e-06;4.41042e-07;0.000497586;0.00127131;8.79776e-10;0.494871;1.50474e-07;5.68873e-09;2.54323e-08;0.00825179;0.016608;0.145104
1.3947e-08;0.000135482;1.7318e-07;2.26949e-08;1.64294e-07;3.28586e-08;1.77348e-10;0.00419009;1.04575e-09;9.07941e-10;1.29015e-09;2.02137e-07;0.995673;5.04784e-07
1.8638e-07;0.000150081;5.28873e-06;1.84142e-06;1.8891e-07;1.42818e-07;2.65316e-09;1.83277e-05;1.53758e-06;3.47624e-08;1.29142e-06;0.98591;0.0139105;5.19104e-07
9.8329e-07;0.00401795;5.89477e-08;1.42373e-07;3.50679e-06;6.22893e-07;1.2845e-09;0.99551;1.17081e-07;5.99045e-08;7.44407e-08;5.27519e-07;0.000465794;2.48735e-07
7.35422e-09;0.000159523;8.93978e-08;2.14691e-06;4.86667e-05;1.86532e-07;2.47931e-10;7.98645e-06;1.88046e-08;9.88468e-09;4.51464e-07;0.998667;3.27461e-06;0.0011105
1.20318e-09;0.99994;3.55166e-14;8.69188e-10;1.97608e-07;5.2908e-10;6.72495e-09;4.42772e-05;1.43645e-10;4.64939e-09;4.35456e-10;9.70951e-12;1.56578e-05;5.03466e-09
4.83341e-07;6.23297e-06;0.000264969;8.15636e-08;0.000354006;2.85431e-07;2.1116e-09;3.38144e-07;3.55676e-09;4.38736e-07;2.05535e-08;0.999333;1.19555e-05;2.80533e-05
0.00121517;0.00360049;4.69406e-06;2.52335e-07;1.0939e-05;2.5819e-07;2.91368e-05;0.947503;0.0466621;7.05378e-08;0.000109423;2.19151e-07;0.000733611;0.000130263
0.000122028;0.9998;1.20927e-09;1.28069e-08;1.56378e-08;6.04349e-12;1.59755e-06;6.01106e-05;9.94946e-06;1.99171e-08;3.17631e-08;1.64434e-06;4.1495e-06;7.69109e-09
1.8172e-05;0.0151614;4.33738e-05;3.77334e-05;0.000282085;1.18489e-06;4.63062e-09;0.000115361;2.80822e-07;8.94852e-07;2.5596e-08;0.984026;1.25471e-05;0.000301428
0.00042895;0.249779;1.77211e-09;2.55429e-06;0.000648037;4.77563e-06;4.95439e-05;0.744374;0.00228988;1.07588e-06;0.000142836;0.00105392;0.00122051;5.22662e-06
8.19733e-05;0.128567;0.791739;7.41971e-05;0.00329282;0.0269549;9.84073e-06;0.0382596;1.55421e-05;4.57249e-05;3.70748e-05;0.00774059;0.00216205;0.00101949
8.94132e-05;0.000277522;1.77808e-06;5.97953e-07;3.50394e-05;6.11944e-06;2.81942e-06;0.974854;0.000325401;1.14588e-07;0.00013232;0.00510017;0.0191656;8.62532e-06
1.63828e-05;0.000748035;1.43987e-05;4.81326e-06;5.7115e-06;1.14459e-06;7.71172e-08;0.000130954;0.000482796;2.52869e-07;4.82577e-05;0.998069;0.000423085;5.46367e-05
1.77136e-06;0.993309;7.09376e-05;8.47663e-06;1.49822e-07;1.6502e-07;6.52218e-07;2.50057e-05;1.91393e-06;2.30972e-07;1.5502e-05;0.00620815;0.000358402;7.88935e-08
0.000114218;0.473076;6.81592e-07;3.61342e-05;1.11303e-05;0.000125393;0.000343585;0.492915;0.000855464;0.000132206;0.000623149;3.26525e-05;0.031712;2.21268e-05
9.49981e-09;0.000253057;4.74827e-08;1.2314e-07;9.67503e-08;1.60242e-07;1.21161e-09;1.29698e-06;4.71404e-08;2.24095e-09;1.30139e-06;0.999743;2.0358e-07;8.4902e-07
6.31505e-08;0.994239;6.10765e-10;6.34214e-09;9.97838e-08;6.24015e-10;4.7099e-09;0.00232895;8.60493e-09;5.37775e-10;3.94841e-08;8.63554e-07;0.00343055;1.50447e-08
1.4375e-06;0.0331808;2.26704e-10;0.000136179;0.00168374;9.61814e-05;3.32056e-09;0.00255917;3.73148e-05;2.76007e-07;4.5221e-05;0.954338;0.000174881;0.00774691
0.0156821;0.497215;1.46637e-06;4.08038e-05;0.00910582;0.00113327;3.77157e-07;0.406437;0.000395914;1.77515e-05;2.41019e-05;0.0162379;0.00251121;0.0511967
3.98012e-05;1.35587e-05;4.04614e-09;3.51747e-08;3.72394e-06;1.66231e-07;3.29393e-08;0.997283;8.27892e-06;3.5414e-08;3.70265e-07;2.78924e-07;0.00265075;1.47876e-08
9.12546e-06;0.00153775;2.01786e-06;2.0233e-06;6.44891e-06;9.28923e-06;3.20891e-10;4.25078e-05;1.38164e-05;9.74375e-08;9.20706e-07;0.9917;0.00667509;1.14023e-06
4.50587e-07;0.998466;0.000487222;5.33071e-07;8.34119e-07;4.67782e-09;1.12503e-08;1.15878e-05;5.27253e-09;1.16483e-07;6.48575e-09;0.00102113;1.16744e-05;1.42886e-07
3.15393e-05;0.940932;0.000388763;3.31745e-06;1.45763e-06;4.05815e-06;5.1824e-05;0.0121528;2.42891e-05;3.2981e-06;3.63467e-05;0.00849081;0.0378755;4.03005e-06
1.44342e-06;0.00700305;2.36038e-06;9.80472e-05;0.000269343;0.000201791;8.99481e-07;0.793657;0.00023449;1.64731e-06;0.000164578;0.10114;0.000449828;0.0967752
4.3888e-06;0.999529;7.56606e-11;4.20577e-08;2.72111e-09;3.17944e-10;0.000181716;2.23882e-05;4.25356e-06;1.19707e-07;2.21809e-05;5.4052e-07;0.000234803;6.26335e-09
4.95453e-06;0.000107667;0.000532462;9.08025e-06;0.00256006;5.65089e-05;6.53862e-10;1.37749e-06;7.82607e-08;2.84411e-07;2.349e-07;0.99584;1.87916e-06;0.000885802
1.54311e-05;0.99943;2.01468e-10;3.67407e-10;1.55514e-08;4.91255e-10;2.1733e-06;1.02612e-06;4.73563e-08;2.39491e-08;1.98302e-10;2.28811e-12;6.51659e-07;0.000550282
7.436e-13;7.609e-14;1;8.84803e-14;6.59132e-12;6.2881e-13;6.11566e-15;1.21015e-13;3.45758e-13;1.1347e-14;3.95925e-14;7.58871e-08;5.58734e-15;1.05819e-13
9.82372e-07;0.0010854;1.42296e-06;2.09545e-06;0.000121168;0.000112363;1.22721e-06;0.996096;0.00026643;3.90573e-07;0.000120641;0.000143106;0.00201982;2.91061e-05
4.86908e-08;8.28625e-05;4.63139e-09;1.76605e-08;3.39987e-06;6.90158e-07;3.77873e-09;0.997989;4.87282e-08;1.95344e-08;1.87295e-07;7.52413e-08;0.00192354;1.7963e-08
1.7484e-07;4.30063e-05;4.48584e-06;9.56871e-08;6.88918e-07;3.97362e-08;3.0484e-10;3.48013e-07;2.43298e-07;9.53071e-09;7.69479e-08;0.999942;8.49475e-06;2.89114e-07
2.50369e-06;0.995167;7.94295e-05;6.81267e-06;1.63767e-06;1.40735e-07;2.62192e-07;9.98142e-05;1.28976e-07;3.32164e-07;8.52896e-07;0.000152072;0.00448839;2.21843e-07
8.79474e-06;0.938213;0.00033402;4.39915e-07;4.66693e-08;1.64357e-07;4.66849e-06;0.000186478;1.22042e-06;1.78907e-07;1.03482e-05;0.0589983;0.0022426;1.62888e-07
1.85898e-06;0.00351731;2.70468e-05;0.000143929;0.00036638;0.000470905;4.49791e-06;0.196496;0.000780146;1.80173e-06;0.0007671;0.794535;0.000281395;0.00260663
2.15494e-05;0.991383;6.84588e-09;4.92029e-06;6.24287e-07;2.06488e-07;9.71691e-07;0.00727257;0.000239731;7.97735e-08;0.000773471;1.92648e-05;0.000282596;1.35889e-06
2.21369e-05;0.983573;4.19544e-09;7.65788e-07;4.87544e-06;2.25218e-06;2.8986e-06;4.45789e-06;1.50952e-07;1.38402e-05;2.1561e-08;1.38749e-06;6.28955e-05;0.0163114
3.10774e-09;1.5164e-11;1;6.7826e-11;9.31531e-08;6.41736e-12;2.24742e-10;5.46004e-08;1.27163e-09;7.72731e-11;4.65481e-11;4.38277e-08;1.3606e-14;1.59832e-11
2.95552e-05;0.000307867;6.33487e-05;0.000197202;5.69123e-05;4.00929e-05;4.97619e-06;0.576212;0.0649342;1.27953e-06;0.00504076;0.349777;0.00333471;1.51814e-07
2.84782e-05;0.334675;3.54364e-07;3.4681e-05;0.000128494;0.000231604;1.71257e-06;0.654535;7.2886e-06;2.09811e-05;2.35754e-06;5.68918e-06;0.0097399;0.000589246
2.61804e-07;0.000222037;3.0664e-08;1.74546e-07;3.09747e-09;1.34206e-08;1.36594e-07;0.129525;2.04169e-07;2.10194e-08;1.90189e-06;1.32383e-06;0.870249;3.36084e-08
6.35205e-06;0.000975418;6.64111e-06;1.18279e-05;2.22555e-06;2.72618e-08;5.58466e-08;4.84721e-05;1.66845e-05;9.11845e-07;2.48673e-05;0.998793;5.37166e-05;5.98637e-05
7.40253e-07;0.999884;1.93704e-06;1.83476e-07;1.68038e-07;6.25222e-10;4.95037e-08;4.3487e-05;6.56573e-09;3.25925e-08;4.50672e-08;6.60791e-05;2.94258e-06;6.92879e-08
1.26057e-07;0.993004;4.68579e-10;1.67941e-07;1.2852e-08;8.10386e-10;1.87014e-05;5.14821e-06;1.18343e-09;7.31879e-05;4.27205e-10;3.30992e-10;1.82066e-09;0.00689901
7.33485e-12;1.9646e-13;0.999998;1.98506e-10;3.38445e-11;1.3974e-10;1.29893e-10;4.0996e-14;1.21101e-10;1.3032e-11;9.69193e-09;2.39429e-06;7.86288e-13;2.12991e-10
9.71566e-07;0.983307;3.72397e-13;4.16372e-09;2.996e-07;7.22188e-08;1.80939e-08;6.91671e-05;5.13934e-07;4.35415e-10;1.26426e-06;3.75883e-09;0.0166174;2.89097e-06
2.46927e-05;0.0256534;5.59673e-05;8.58225e-07;0.000428755;4.38082e-06;1.0601e-06;0.92825;7.22515e-06;3.90591e-07;5.32645e-06;0.0406832;0.00331215;0.00157251
0.00016698;0.912293;5.22691e-06;0.000258815;0.00112201;0.00257973;0.000129685;0.0328827;0.00107894;8.49066e-06;0.000238794;0.0184002;0.0207814;0.0100537
7.42628e-06;0.999853;3.99853e-11;6.5939e-09;5.19704e-10;1.26486e-09;2.85341e-08;1.38645e-07;3.32938e-08;7.65552e-10;3.68841e-09;9.95307e-05;3.95613e-05;3.07019e-08
1.40089e-05;0.00452896;2.08701e-09;8.88716e-07;2.35816e-05;7.12371e-07;7.00096e-08;0.00195411;2.7707e-07;2.21971e-07;3.7698e-08;0.992798;0.000659669;1.94663e-05
2.01525e-05;0.877218;0.000129395;6.19458e-06;0.000115801;1.08373e-05;9.97088e-08;0.000274878;2.29719e-06;9.54812e-08;8.89891e-07;0.117557;0.00454334;0.000121249
7.08362e-07;0.022623;1.60329e-07;8.78871e-06;9.11754e-07;5.20227e-05;3.71173e-06;0.00386653;1.91009e-05;3.79168e-07;3.40699e-06;8.76686e-05;0.973325;8.82787e-06
1.23921e-06;3.02526e-05;1.15576e-07;6.98388e-06;7.91982e-08;2.49712e-07;4.40624e-06;0.00135356;6.12243e-05;1.67853e-07;4.4523e-05;2.27208e-07;0.998497;1.5526e-07
0.000134921;0.000599074;0.00203991;1.47297e-05;6.78469e-06;2.23836e-07;1.77837e-07;1.75139e-05;5.67132e-05;4.78172e-07;1.11632e-05;0.996854;0.000263561;3.66225e-07
4.65354e-08;0.999977;5.14095e-13;8.2829e-09;1.25251e-09;9.65759e-10;1.88985e-07;8.34674e-07;6.88594e-08;5.80976e-07;2.94584e-09;8.21431e-12;7.06637e-07;2.09892e-05
6.44788e-14;4.82809e-14;1;8.69712e-11;1.04261e-12;2.36211e-13;3.29158e-14;5.89487e-15;4.08809e-14;3.32803e-12;1.08923e-13;1.44866e-07;8.97484e-19;5.21189e-12
6.57251e-06;0.00288178;1.14518e-08;6.49706e-05;0.000166874;2.81523e-06;3.70853e-07;0.996693;7.18932e-07;4.2116e-07;2.9204e-06;1.50334e-06;0.000118164;5.9926e-05
2.43364e-05;0.00370373;4.84597e-05;0.000279243;0.00082452;1.10624e-06;3.99719e-05;0.992515;0.000324713;2.44255e-05;0.00178218;0.000150048;0.000282075;2.4961e-08
1.21785e-07;7.89686e-06;0.999923;1.92363e-06;5.77438e-06;3.53008e-06;1.78324e-07;5.75204e-09;1.31709e-09;1.06423e-05;1.20734e-07;2.63923e-05;3.1166e-07;1.99073e-05
1.86355e-05;0.965197;7.4914e-06;4.92971e-05;6.4772e-05;6.49075e-05;2.00676e-05;0.0224632;0.00041862;1.62573e-06;0.00598346;0.0026549;0.00138147;0.00167449
