1.09244e-06;0.996983;6.17572e-11;4.35649e-09;3.32039e-11;1.60218e-10;4.46505e-07;5.09732e-07;7.66827e-08;8.20068e-10;1.47941e-07;1.50274e-05;0.00299963;3.12005e-11
5.79745e-06;0.981543;6.93828e-10;6.28144e-05;4.33171e-05;0.000494751;2.11881e-09;0.00114207;6.44741e-06;1.40563e-06;6.84305e-07;0.0129664;0.000130025;0.00360279
2.32927e-05;8.55169e-05;0.000100702;2.43829e-06;1.18457e-05;2.94214e-06;1.46218e-08;1.60734e-06;7.37111e-07;1.61414e-07;1.27209e-06;0.999465;0.000204795;9.93878e-05
1.5498e-06;0.997968;4.5924e-08;1.72261e-08;1.35762e-06;1.05717e-07;1.00051e-07;3.74981e-05;7.47624e-09;2.68644e-08;2.36092e-08;0.000386728;0.00158563;1.90371e-05
3.60441e-06;0.991941;4.94442e-07;0.00011436;1.52125e-05;3.48902e-05;5.88293e-06;0.00193602;4.12232e-05;1.24234e-05;3.05231e-05;0.00389445;0.00131839;0.000651849
2.85733e-05;5.10848e-05;2.17464e-08;1.19862e-06;3.32801e-05;4.92011e-08;1.70089e-08;0.999872;2.03223e-07;9.64092e-08;5.81474e-08;4.52276e-06;8.82999e-06;4.03694e-08
1.02932e-07;0.993841;2.65426e-12;2.75631e-08;1.83797e-08;6.83262e-11;2.51996e-06;1.37603e-09;3.57261e-10;2.19501e-06;2.93949e-10;4.31406e-08;9.08022e-10;0.00615375
1.73134e-06;2.34614e-05;0.99992;1.7704e-08;6.10679e-09;4.58471e-07;1.38747e-05;2.88012e-05;8.52938e-06;5.71319e-08;8.72887e-07;6.21161e-10;1.91685e-06;2.76006e-07
9.20921e-10;8.55273e-08;1;4.15201e-10;1.87804e-10;1.84312e-10;1.2199e-10;9.7024e-09;9.49241e-09;1.02013e-10;2.57004e-10;3.7609e-09;5.28003e-10;5.51696e-10
9.17022e-08;4.34279e-07;0.000103099;3.31215e-08;1.74446e-07;1.07925e-08;7.12952e-10;5.10932e-07;5.82349e-08;4.37181e-09;3.8789e-10;3.2261e-05;1.07569e-08;0.999863
2.73137e-07;0.00237965;6.12142e-08;1.03558e-08;0.0383782;7.57524e-06;3.62138e-09;0.958813;3.59516e-07;1.54649e-08;7.20295e-10;3.93368e-05;1.39351e-06;0.000380201
8.0986e-11;1.34593e-07;0.999894;1.05643e-10;4.71693e-06;1.38809e-09;1.42974e-12;4.72961e-10;5.90287e-14;1.15224e-11;1.71497e-12;0.000100695;1.25359e-09;1.08212e-07
3.86735e-08;0.997315;1.11817e-07;3.3203e-10;4.14243e-07;6.46847e-09;2.80583e-09;0.0021366;1.94179e-09;3.08119e-11;2.84113e-10;5.5446e-07;0.000545846;1.03093e-06
6.18692e-08;0.905055;1.3688e-10;1.02563e-07;1.3084e-06;7.63715e-07;1.85435e-07;0.0841283;4.27739e-08;7.73228e-07;2.3065e-09;1.64521e-09;0.0101627;0.00065067
2.40921e-13;1.14909e-12;0.999997;2.01893e-11;1.00974e-11;4.84396e-13;1.21827e-13;7.37197e-14;6.73798e-14;1.33133e-12;6.85631e-14;3.48472e-06;3.51836e-15;1.97062e-11
1.01886e-05;0.165997;1.3122e-05;7.16616e-06;0.00401164;3.09173e-05;1.06454e-06;0.823974;6.62165e-06;2.19902e-06;9.87251e-07;0.000122485;0.000725105;0.00509733
2.59327e-08;0.00111526;1.76099e-08;5.36269e-07;3.68721e-07;6.03709e-05;7.90609e-07;8.78687e-06;6.07868e-08;2.55005e-06;1.58316e-07;1.30777e-07;0.998806;4.78268e-06
1.3029e-09;5.59317e-09;0.999923;3.21636e-08;1.61688e-08;2.36135e-09;2.76521e-08;1.07156e-11;6.88957e-12;3.67178e-07;8.72417e-11;7.60672e-05;7.11896e-10;6.67259e-07
9.5094e-08;2.06444e-08;0.999964;2.70013e-08;2.27269e-09;4.53112e-10;1.53915e-06;2.13197e-09;8.13208e-07;2.90214e-09;2.40135e-06;3.12369e-05;3.43495e-10;5.64794e-11
4.5149e-07;0.999967;2.05144e-08;4.59508e-07;2.24543e-08;1.21988e-07;1.25238e-06;4.54236e-06;8.42983e-09;2.35056e-06;5.776e-07;2.2853e-07;2.21912e-05;7.80557e-07
5.30949e-05;0.00134372;0.00112898;0.000291649;1.02679e-05;0.000772896;5.93123e-05;5.77627e-05;5.82229e-05;5.01278e-06;0.00476388;0.121077;0.868198;0.00218083
2.13105e-05;0.0498148;0.948495;1.07351e-05;0.000557732;1.86301e-05;4.37243e-07;0.000304481;5.96122e-08;9.45937e-07;2.40555e-08;1.36912e-05;0.000325609;0.000436256
1.43807e-07;1.97206e-05;1.08357e-10;1.17419e-07;1.90103e-08;4.72178e-06;9.6334e-08;2.36002e-08;2.85575e-07;8.03815e-09;2.88979e-07;3.15943e-07;0.999974;2.10734e-08
6.89696e-08;3.23842e-05;0.999902;1.66463e-08;2.09602e-08;4.28647e-10;3.79102e-10;1.79106e-08;9.82805e-10;1.04128e-08;9.24633e-11;6.54812e-05;4.03349e-09;3.92117e-08
3.0657e-07;0.999196;4.71999e-07;2.32048e-06;1.80953e-08;5.12839e-08;3.50277e-06;0.000241788;9.37162e-06;6.53749e-08;3.95508e-05;5.42591e-06;0.000500325;4.3842e-07
1.23522e-06;0.0459829;5.44635e-10;2.04035e-05;1.46355e-06;2.33993e-06;3.62048e-08;0.953791;1.03147e-05;6.50075e-07;4.99461e-06;7.60535e-05;9.68762e-05;1.16144e-05
0.000593047;0.00397363;1.18931e-07;6.6447e-05;2.38088e-06;3.56061e-06;4.99204e-05;0.994151;0.000193597;3.45904e-05;5.07499e-05;3.41741e-07;0.00059478;0.000285449
7.6968e-08;3.45124e-06;3.50592e-08;4.63173e-07;1.31972e-06;1.20692e-07;7.3655e-11;7.31156e-09;8.89763e-08;2.75623e-09;5.16159e-08;0.999965;8.46377e-06;2.08346e-05
1.08561e-05;0.998458;0.001418;4.05711e-07;3.58112e-07;5.21236e-09;1.18129e-06;8.33853e-06;2.3848e-09;9.29254e-07;1.69937e-09;1.81103e-06;1.17137e-05;8.86633e-05
1.8587e-11;2.45116e-12;1;4.64485e-12;6.85094e-11;1.57713e-12;1.00809e-11;2.91996e-12;6.49231e-12;1.44033e-12;7.37117e-12;3.89291e-07;9.33868e-13;8.40058e-13
2.74818e-05;0.0248521;2.85255e-05;4.563e-05;0.000882493;0.000939584;2.73828e-05;0.957042;0.00101329;8.81076e-06;0.000288761;0.000690301;0.00873984;0.00541413
2.97411e-07;1.12805e-05;3.50379e-07;4.91702e-07;1.7863e-05;3.46743e-07;2.77459e-08;0.911865;4.65291e-07;8.64653e-09;3.46281e-06;3.34456e-07;0.088095;4.68579e-06
3.33342e-05;0.0594057;0.000664597;9.86603e-06;7.76276e-05;8.12495e-06;1.33513e-07;0.0141208;1.28571e-06;9.68936e-06;2.12091e-07;0.0246067;0.896022;0.00503975
7.54088e-09;7.0397e-07;0.999999;3.39527e-08;8.91875e-10;2.78208e-10;4.53656e-08;1.65041e-07;3.07629e-08;8.46407e-09;1.17765e-07;6.11202e-08;4.94751e-08;7.23927e-10
3.31757e-09;3.09669e-06;0.00060404;8.46549e-08;7.86636e-10;1.24809e-09;2.90942e-09;6.14404e-07;1.44458e-08;5.45045e-09;1.36478e-09;8.08258e-06;8.38928e-09;0.999384
7.41354e-09;1.35012e-05;1.87067e-09;8.3134e-09;0.000523418;1.61633e-06;5.64313e-10;0.999457;6.63035e-08;2.15835e-09;6.95676e-09;3.74787e-08;3.34393e-07;3.71486e-06
4.665e-10;1.96047e-06;0.999964;6.4068e-09;6.37251e-07;3.82092e-07;1.30359e-11;9.36049e-09;5.29523e-13;9.99364e-10;7.14552e-10;3.22485e-05;1.01211e-07;6.91575e-07
1.59349e-10;0.999999;1.26958e-11;3.29128e-11;2.66579e-11;1.45699e-10;9.77128e-12;4.57388e-07;2.47094e-11;7.29403e-13;4.79394e-10;1.36545e-08;8.63041e-07;7.10065e-09
8.21254e-07;0.986485;5.84974e-10;1.2278e-05;0.000649019;2.18213e-06;7.78114e-09;0.00351083;1.64873e-07;1.55912e-07;2.07462e-06;0.00297658;0.00155751;0.00480347
2.34611e-09;0.99961;1.77751e-07;2.4371e-08;9.72043e-06;3.73358e-08;3.39905e-11;0.000218135;2.19539e-12;1.97445e-08;7.43011e-12;2.02767e-05;1.06509e-05;0.000131459
1.76539e-08;0.000663405;1.60977e-08;2.33776e-06;9.01377e-08;5.79426e-05;2.68635e-08;8.36545e-06;1.09158e-09;1.67635e-07;2.53864e-07;4.15482e-05;0.999214;1.14044e-05
7.13361e-09;1.36876e-07;0.999992;3.7651e-07;1.14073e-08;1.08413e-08;1.27486e-06;2.25181e-09;3.96351e-10;5.14476e-06;2.24795e-08;1.0081e-06;1.50393e-07;7.78129e-09
2.34878e-08;5.90573e-08;0.999988;2.52476e-07;1.25995e-08;9.99035e-09;9.41535e-07;5.52373e-10;2.54445e-07;2.95738e-08;1.05391e-05;1.61981e-07;1.23788e-08;3.08798e-09
4.72691e-07;0.0224623;8.73547e-09;5.51459e-09;2.43752e-08;4.20738e-09;2.573e-09;0.977524;3.09851e-08;2.66345e-08;1.50391e-08;1.56782e-07;1.25627e-05;1.98483e-08
7.04971e-09;0.00120412;2.67374e-07;2.34964e-07;4.97762e-07;1.54882e-07;9.60299e-10;4.17016e-06;3.36312e-08;1.41147e-08;3.49791e-07;0.99862;1.24416e-06;0.000168824
4.71341e-09;0.997684;7.55568e-12;3.56383e-11;1.17437e-11;1.61267e-11;5.54026e-08;4.67563e-07;1.26714e-11;2.67203e-10;9.93207e-10;9.66632e-09;0.00231571;3.05564e-12
3.9185e-08;0.000159925;1.50874e-07;1.48558e-08;3.80494e-05;1.96929e-08;2.80655e-09;7.17388e-05;6.53295e-09;6.08357e-09;4.41743e-09;0.999685;7.17924e-06;3.82066e-05
9.46338e-07;0.00339937;1.38312e-12;2.95209e-07;0.00074256;0.000159308;1.30261e-06;0.993681;5.28706e-07;4.53983e-07;3.271e-09;7.75986e-11;0.00197445;3.94616e-05
5.85719e-11;7.30737e-11;1;1.5419e-11;5.0489e-13;1.23211e-13;6.35077e-12;2.28564e-12;1.24775e-11;6.19095e-12;1.25828e-12;5.8275e-11;4.96565e-13;2.55296e-12
3.78883e-07;9.30178e-05;7.34587e-06;1.16939e-07;2.11164e-09;2.06018e-08;3.64263e-09;0.00013864;2.22719e-06;9.56905e-10;1.44222e-07;0.999758;3.40497e-07;1.04345e-07
1.67853e-06;0.00206552;7.75008e-11;1.35066e-08;1.71395e-05;6.62376e-07;4.40014e-09;0.997792;1.20343e-08;1.43415e-07;6.14078e-09;1.70572e-07;4.09133e-05;8.20265e-05
1.98461e-05;0.989492;6.94242e-09;7.44939e-07;5.22934e-06;7.90407e-06;0.000513537;0.00237497;3.03634e-06;0.000490769;1.42507e-06;2.63134e-06;0.00686502;0.00022308
6.60466e-10;5.15409e-12;1;4.48178e-10;2.09296e-09;1.74785e-10;1.9468e-11;1.97998e-10;2.44022e-10;8.67015e-11;3.2851e-11;1.17185e-08;1.95946e-13;8.50321e-12
6.20734e-05;0.0392174;5.00823e-07;6.03893e-05;0.00266358;2.82639e-05;1.64062e-07;0.952545;0.000111166;1.90155e-07;0.00015563;0.00461055;0.000531348;1.38957e-05
3.32602e-08;0.997593;1.22267e-10;3.11198e-07;1.00253e-05;5.56093e-08;2.04122e-10;0.00238836;2.52336e-10;4.59743e-08;3.83822e-10;1.4539e-06;4.37219e-07;6.33299e-06
1.58289e-05;0.0233453;1.04531e-08;7.40739e-07;3.66855e-06;2.24148e-05;9.18739e-06;0.95665;2.81856e-06;2.48505e-06;5.06057e-06;0.00125571;0.0186847;2.1276e-06
1.26352e-05;0.00247018;1.64949e-06;4.07973e-05;0.00434574;0.000207161;7.37397e-07;0.0185202;0.00104154;3.35715e-07;0.000171406;0.964773;0.000574112;0.00784037
8.07117e-06;0.993685;1.48428e-09;2.65144e-09;1.11506e-10;1.08839e-10;1.19967e-08;3.65953e-06;5.24053e-07;4.08946e-11;5.12905e-08;4.91422e-08;0.00630234;2.46634e-11
1.17069e-07;0.0467156;1.38179e-05;1.0575e-07;2.56884e-06;1.12444e-06;2.77277e-12;3.30765e-05;1.71056e-08;1.44509e-09;9.08902e-10;0.952346;2.56639e-05;0.000861465
2.71535e-05;0.923191;9.52063e-09;2.54555e-05;0.000421894;0.000284788;3.06704e-07;0.0600024;0.000158962;6.01884e-07;1.6151e-05;0.000369584;0.00117163;0.0143305
7.36868e-07;0.00870258;5.24231e-07;1.85047e-08;4.57448e-08;1.51784e-08;9.66389e-10;1.84649e-06;3.76525e-08;1.82007e-10;1.85885e-08;0.990978;0.000316513;4.70591e-08
3.16062e-06;0.0292879;3.72767e-08;4.918e-07;2.56765e-07;1.05611e-07;1.53855e-08;0.00283749;8.9526e-06;6.60668e-09;1.83543e-06;0.0096259;0.958234;1.53352e-07
3.96116e-05;0.00536521;6.30693e-05;1.49475e-05;2.57297e-06;2.35784e-05;1.86066e-06;0.00290127;5.0018e-05;1.74895e-06;3.79865e-05;0.9851;0.00597085;0.000426829
6.47717e-05;0.22452;0.00274892;0.000113718;8.23213e-05;0.0309662;6.25139e-06;0.0850374;4.85936e-05;4.12608e-06;5.5163e-05;0.000705158;0.655601;4.69899e-05
1.65146e-05;0.713153;3.78637e-05;0.00020239;4.908e-05;0.0026493;7.07989e-07;0.00676858;3.39027e-05;3.06985e-06;0.000412745;0.0286213;0.247706;0.000345457
3.62948e-08;0.000107437;3.01892e-06;1.25131e-07;7.30488e-06;1.45086e-07;1.32845e-10;6.89009e-05;1.55978e-09;3.71532e-09;1.15891e-08;0.999541;0.00022213;4.9474e-05
1.26082e-05;0.0407619;2.45162e-08;7.59206e-05;9.78803e-05;0.000122025;3.90135e-06;0.949699;0.00354589;2.54141e-07;0.00140023;0.000141186;0.00413492;4.19053e-06
2.63094e-05;0.99917;6.44179e-07;3.55022e-08;8.08725e-07;6.22358e-08;1.3568e-07;0.00010772;1.80865e-08;8.02871e-08;1.2752e-08;0.000251367;0.000438185;4.29655e-06
1.03601e-05;0.0103913;6.40784e-06;5.33988e-05;3.52326e-05;8.5135e-06;5.20747e-09;4.11986e-05;7.76118e-06;8.076e-07;2.25229e-06;0.0020781;2.72265e-05;0.987337
7.41059e-05;0.989241;5.68469e-06;3.41568e-06;2.43909e-07;5.11288e-08;1.32243e-08;0.00631866;2.93268e-05;4.90351e-07;1.11036e-05;0.00182983;0.00248286;3.50329e-06
5.16634e-06;0.976201;4.54186e-05;2.59638e-07;8.18186e-07;5.8995e-06;7.96793e-07;0.00591557;7.76834e-07;2.96606e-06;1.75012e-07;0.00692944;0.0108538;3.75831e-05
8.02297e-09;2.99003e-06;3.82237e-11;3.26085e-06;1.54174e-06;1.42507e-05;1.18197e-06;0.000280631;1.55238e-07;3.34977e-06;1.43649e-06;3.93998e-07;0.99969;7.23241e-07
9.12591e-05;0.00453774;6.62236e-05;0.00966345;0.0006627;2.37728e-05;1.37237e-05;0.000743506;0.000379613;0.000571948;0.00230288;0.980074;0.000783786;8.58441e-05
1.4688e-05;0.999945;4.09833e-06;6.0736e-06;4.3057e-07;2.62949e-09;2.27498e-06;4.72436e-06;3.66827e-08;3.48139e-07;6.35685e-07;5.7846e-06;1.5761e-05;1.91798e-08
3.16474e-06;0.997864;8.20057e-10;4.42824e-07;7.20565e-08;3.53095e-09;0.000117149;0.000388509;2.47789e-08;3.88471e-05;2.76248e-09;2.79844e-10;9.17244e-07;0.00158655
1.24163e-11;2.14868e-12;1;7.83335e-12;9.79519e-12;1.33879e-11;2.11373e-11;3.86713e-14;1.36843e-11;4.51487e-12;9.53012e-12;5.16489e-07;2.159e-13;4.22544e-11
2.97789e-06;0.510008;6.25028e-08;6.53435e-07;2.8699e-06;9.43086e-07;3.78765e-06;0.0297494;1.78577e-05;8.47341e-08;1.07509e-05;1.71093e-05;0.460184;1.61461e-06
0.000107923;0.230972;0.000785055;0.000108789;0.0116882;0.000708167;1.5148e-05;0.0843682;0.000568744;6.49951e-05;3.98281e-05;0.630692;0.011928;0.0279536
5.45041e-05;0.056293;0.671394;0.00136594;0.00362749;0.0113013;2.55595e-06;2.08182e-05;3.78724e-07;0.000109966;4.44102e-06;0.000227644;0.249051;0.00654732
0.00303744;0.0952082;2.38485e-07;1.27152e-05;1.47302e-06;2.70798e-07;2.11926e-05;0.000450983;0.000841483;1.06233e-06;0.00172953;0.0103323;0.888358;4.79247e-06
9.66658e-07;0.00683694;8.022e-10;3.67152e-09;6.89644e-06;6.74431e-10;3.95009e-10;0.993119;9.13009e-07;5.87502e-09;5.35362e-09;3.42479e-05;4.41333e-07;8.91261e-07
1.02539e-06;0.00351607;0.99094;6.71751e-06;0.000162;0.000972784;1.41491e-07;1.04523e-05;1.56379e-07;1.4501e-05;2.77721e-06;0.00356447;0.000268024;0.000540555
2.05476e-07;0.000318752;3.50013e-09;8.63727e-09;1.12558e-07;2.23351e-07;3.99921e-07;4.38814e-05;6.70899e-08;2.98436e-09;1.63073e-06;7.15137e-05;0.999563;1.26765e-08
1.30517e-05;0.000937648;2.23061e-06;9.40297e-07;0.000234038;4.8603e-06;3.3781e-08;0.000505874;1.87617e-05;2.76061e-07;6.62551e-07;0.997579;0.000692882;9.87491e-06
0.000621279;0.855726;6.17238e-09;6.5388e-08;1.21555e-08;4.81433e-09;2.05208e-07;3.06576e-05;0.000114072;2.18818e-08;5.35868e-07;0.000873596;0.142633;1.24543e-10
1.32549e-05;0.987342;9.76272e-07;1.12893e-05;1.7034e-07;1.17995e-07;1.26169e-06;0.00810992;1.77106e-05;2.90043e-05;9.03115e-07;0.00390984;0.000549108;1.44267e-05
8.79222e-07;0.00737489;1.0673e-09;4.51269e-06;3.29072e-07;8.47848e-06;0.990646;5.25055e-07;7.64606e-05;0.00172562;1.93574e-05;6.74601e-10;1.54777e-06;0.000141632
1.68727e-08;1.0542e-09;0.999988;1.53938e-07;4.66503e-10;3.68588e-08;3.91009e-07;1.96722e-10;2.77291e-07;2.76567e-08;3.21262e-07;1.03597e-05;6.00395e-11;1.40632e-09
2.18368e-05;0.994765;7.99262e-09;1.72094e-07;8.38692e-11;6.34277e-10;9.34526e-06;8.05979e-07;7.5937e-06;4.8419e-08;1.85018e-05;2.05343e-05;0.00515588;2.69974e-10
1.38125e-06;0.977385;3.80432e-07;6.22375e-07;1.78262e-06;3.83986e-06;1.83806e-06;0.00127099;7.43343e-06;4.29224e-05;1.29234e-06;0.00981225;0.000311607;0.0111582
5.2517e-07;0.0770117;3.71126e-08;9.82178e-06;1.37838e-06;1.14989e-05;0.793418;1.22248e-06;1.67033e-05;0.129165;8.5399e-06;3.98047e-07;8.86621e-06;0.000347084
3.96322e-10;2.93373e-12;0.999989;2.80483e-09;3.57399e-10;6.6594e-11;1.51748e-08;8.68235e-12;2.09494e-08;6.5291e-10;1.21996e-08;1.09409e-05;9.02674e-13;4.44125e-11
8.81916e-05;0.996369;1.11145e-05;0.000177453;6.13313e-06;6.78699e-07;3.11237e-05;0.00227289;0.000129762;2.12205e-06;6.24986e-05;1.07112e-06;0.000843286;4.96058e-06
9.51512e-07;1.11309e-07;6.88009e-10;1.14462e-09;2.20678e-08;6.02164e-10;2.70629e-09;0.999997;2.01766e-06;1.58316e-09;1.40885e-08;2.25139e-09;3.88265e-08;4.5568e-10
5.46221e-07;0.000176966;7.02433e-07;1.8582e-05;0.00713916;0.000120819;7.09994e-09;0.00291642;3.70227e-05;9.77869e-07;5.36702e-06;0.960236;3.46713e-05;0.0293133
2.6365e-06;0.976585;5.76884e-08;2.70708e-06;1.58266e-08;4.26174e-08;3.09986e-05;5.65869e-05;0.00018034;3.12482e-07;2.50397e-05;7.0406e-07;0.023115;1.30981e-07
9.94582e-08;0.000853332;0.0108972;5.36013e-07;1.3634e-06;4.51791e-09;7.90294e-10;4.61654e-06;1.38604e-09;7.61614e-09;4.63404e-10;0.988225;4.71193e-08;1.76395e-05
0.000127505;0.51701;1.00579e-09;7.19638e-06;8.37246e-05;1.05311e-06;0.000553277;0.118608;0.000817394;5.28774e-07;0.000152831;0.001764;0.360869;5.47861e-06
7.79446e-07;0.254905;3.21968e-07;8.23633e-06;3.52962e-06;4.52661e-06;4.91121e-10;0.00155188;1.64347e-07;6.44168e-09;3.27511e-07;0.743182;0.000152222;0.000191261
1.3989e-06;0.00963767;4.25679e-10;2.31493e-07;2.76745e-07;1.64417e-07;7.08307e-08;0.000472061;1.1456e-07;1.32703e-08;4.60023e-07;0.00046253;0.989424;1.13696e-06
0.000324519;0.00268009;0.000241885;0.000114046;0.000105595;2.02326e-05;1.42192e-06;0.00746692;5.8289e-05;3.43647e-06;6.52334e-05;0.987585;0.00102514;0.000308287
0.00070602;0.91052;0.000657593;0.000130987;1.7708e-05;0.000507381;9.03795e-06;0.077528;0.000101543;2.13085e-05;1.62973e-05;0.00736265;0.00218012;0.000241213
1.04129e-05;0.98192;5.17056e-06;4.31401e-06;1.02849e-05;0.0012727;7.11256e-06;0.00927796;5.02583e-06;1.08107e-05;1.35817e-05;0.00320962;0.00367384;0.000579209
2.95968e-07;0.0065097;6.62776e-07;1.77663e-06;8.88583e-06;4.02711e-05;2.0545e-09;0.000300817;5.64349e-08;6.23056e-09;9.28591e-07;0.992261;0.000869212;6.14999e-06
4.99281e-05;0.00455514;1.46783e-05;8.00618e-06;0.00315117;0.0110088;1.8967e-08;0.0112898;4.1694e-06;3.9151e-08;6.71053e-07;0.00193715;0.966988;0.000992851
3.10189e-05;0.996285;1.13329e-05;4.69457e-06;1.1619e-05;1.55782e-05;1.69046e-08;0.000621536;6.76591e-08;4.60144e-08;2.26533e-07;0.000772484;0.00198906;0.000257059
1.0466e-07;0.00282544;5.63808e-09;1.40095e-07;1.39841e-06;0.000117374;8.66343e-11;0.000275807;6.09157e-10;1.50218e-08;4.83725e-10;5.21192e-07;0.00010227;0.996677
3.54128e-06;0.00366789;2.04256e-06;9.40556e-06;1.19305e-06;6.82548e-06;9.13568e-07;0.00012246;4.77401e-07;2.38541e-06;9.27233e-06;0.00122043;0.994898;5.55439e-05
5.75684e-06;0.0052403;2.73349e-06;3.6223e-05;1.81388e-05;3.28472e-06;3.56565e-07;0.000606003;3.77638e-05;7.22573e-06;4.79359e-05;0.990827;0.00316707;3.81159e-07
4.84583e-06;0.995055;0.000488418;1.25757e-05;4.7789e-05;7.11252e-06;2.25126e-06;0.00349447;1.18044e-08;6.82398e-06;1.56323e-07;1.63294e-05;0.00077506;8.9387e-05
8.13933e-11;7.91281e-10;1;8.86751e-09;6.02551e-10;2.55086e-10;1.2972e-08;5.25139e-11;9.68397e-10;3.9969e-09;3.85264e-09;1.3096e-09;5.73486e-10;8.70264e-10
2.0273e-09;5.90891e-09;0.999962;1.03301e-07;9.52272e-09;5.70851e-09;3.22547e-09;2.52764e-05;4.26848e-08;2.23499e-09;2.30842e-08;1.24823e-05;2.57635e-10;1.24168e-07
2.28139e-08;9.10711e-05;9.5387e-07;6.79734e-08;1.51063e-06;2.04222e-05;9.32508e-10;2.17131e-05;5.68532e-09;3.46439e-08;1.41663e-08;6.22712e-07;2.75663e-07;0.999863
6.32527e-08;0.000858726;3.14984e-08;5.06831e-08;2.4967e-07;9.29055e-08;1.71165e-07;0.00125624;2.93611e-07;3.64861e-09;9.60925e-05;0.00100374;0.996784;6.69842e-08
3.9396e-08;0.977587;6.2209e-06;5.07141e-07;9.97045e-08;1.61818e-06;1.11859e-09;2.30337e-07;1.05783e-10;2.15549e-08;1.52792e-08;1.82931e-07;0.0223924;1.17622e-05
2.00353e-07;0.0326712;2.4977e-06;8.99978e-08;1.69618e-06;4.97642e-06;3.48246e-09;0.000449627;6.73987e-09;5.43562e-08;4.99246e-08;0.966207;0.0006552;7.69683e-06
1.178e-07;0.857787;1.28002e-09;7.12708e-06;5.27901e-05;7.29964e-05;4.23282e-08;0.00186944;1.9053e-08;1.37231e-07;1.18928e-07;1.64249e-05;0.140178;1.58457e-05
7.66859e-05;0.00199402;1.13805e-06;5.86033e-05;1.57557e-05;6.3864e-05;6.849e-06;0.000968252;2.33224e-05;8.65261e-07;0.0001356;0.0231019;0.972858;0.000695644
4.36537e-07;8.39983e-06;3.02271e-09;7.70299e-10;8.36791e-09;1.21542e-09;3.94537e-09;0.999929;2.0604e-08;3.03784e-10;3.8569e-09;3.00159e-09;6.18478e-05;2.25228e-10
1.08169e-09;7.44607e-06;2.43787e-05;1.80224e-07;8.79577e-05;2.4261e-05;2.7191e-11;1.57489e-05;3.40954e-10;4.71699e-09;8.20878e-10;0.00240654;3.05155e-07;0.997433
1.08639e-08;3.58597e-05;6.24073e-10;5.87414e-09;4.22112e-10;2.85694e-10;9.36049e-09;0.000131635;3.02735e-08;2.42171e-11;1.98859e-06;7.35831e-09;0.99983;1.70876e-10
1.39419e-05;0.03176;3.97801e-06;3.46296e-06;1.18317e-05;7.01174e-07;2.90134e-08;0.00971634;2.16491e-06;3.74141e-07;7.93269e-07;0.932602;0.0171432;0.0087409
2.70012e-07;0.990125;2.42995e-10;3.35678e-05;4.24121e-06;1.21659e-05;3.78813e-09;0.00725116;4.07445e-07;2.0071e-07;2.55285e-06;0.00224299;0.000271796;5.58864e-05
3.0248e-05;0.995495;3.32979e-12;3.51863e-05;2.93018e-08;9.6884e-09;0.00156874;2.34241e-05;3.03034e-06;0.000466603;0.00157593;9.03457e-08;0.000797351;4.60683e-06
1.38402e-13;1.99611e-14;1;8.57904e-13;1.426e-13;6.12082e-16;4.27906e-14;1.9856e-16;1.43845e-14;2.09033e-14;9.13306e-14;1.64005e-09;5.3278e-18;6.37772e-14
9.29579e-07;0.000231343;2.34764e-06;1.71425e-06;0.00188805;7.52948e-07;5.89467e-06;0.997448;3.39076e-05;7.26058e-08;1.12461e-06;1.67766e-05;0.000299846;6.93858e-05
5.87705e-08;1.85629e-05;1.31027e-07;7.23376e-06;5.78063e-07;0.000239915;4.53536e-06;6.27404e-06;0.000351268;1.29768e-06;0.00130809;4.0677e-09;0.998062;2.3568e-07
1.41673e-06;9.11332e-06;0.999576;1.78516e-07;8.37043e-07;4.56056e-09;4.53027e-09;3.14776e-06;3.45612e-09;2.22819e-07;1.75472e-08;0.000407288;6.49069e-08;1.43305e-06
1.43301e-06;0.991589;4.51644e-08;3.77403e-06;3.47983e-07;1.06187e-06;1.13388e-06;0.00778122;0.000216906;1.91407e-07;0.000272805;7.5546e-08;8.52475e-05;4.67491e-05
