7.42132e-06;0.868651;0.130919;8.56507e-06;3.06305e-06;9.1394e-07;2.33579e-06;5.89222e-05;8.48726e-08;1.1423e-05;7.82806e-08;2.56291e-05;0.000309795;1.86346e-06
1.1183e-08;1.09104e-08;0.999995;6.0024e-08;2.48807e-09;3.58294e-09;1.11194e-06;2.73521e-10;1.23707e-06;3.54694e-08;2.64267e-06;1.76307e-07;3.42369e-09;1.51243e-10
1.31693e-06;1.97604e-06;0.994353;9.7694e-07;1.17143e-07;1.19132e-06;2.64806e-08;0.00130391;2.78286e-06;1.25537e-08;7.53573e-07;0.00432173;6.13277e-07;1.17849e-05
8.74572e-10;2.36752e-05;7.37785e-09;4.46379e-10;4.49337e-09;9.68759e-08;1.16487e-08;9.21011e-11;1.96616e-11;2.68986e-08;1.98797e-11;1.96419e-13;3.20075e-10;0.999976
1.68086e-12;1.81543e-11;0.999997;3.89226e-12;9.54568e-10;4.0282e-10;7.47408e-13;4.23036e-11;2.23486e-12;6.98991e-13;7.95168e-11;2.62902e-06;3.45073e-11;1.78543e-08
5.1699e-11;2.13299e-08;1.11856e-11;7.52791e-11;2.9805e-07;2.36303e-09;4.04154e-12;0.999999;3.15189e-10;1.01886e-12;1.26688e-10;2.19328e-09;4.45336e-07;2.17916e-12
8.93568e-08;0.00983738;0.980902;4.22568e-05;0.00910111;1.55854e-05;2.77465e-10;3.59337e-06;3.75652e-09;8.18827e-08;2.39461e-07;8.58123e-05;1.36121e-06;1.08237e-05
1.83827e-05;0.992089;0.000352724;1.1449e-05;0.00592604;1.4234e-05;1.89743e-07;0.000168573;1.23625e-09;2.28103e-07;1.08771e-06;0.000196989;0.000209234;0.00101222
3.08213e-05;0.00045433;1.78868e-06;5.82744e-07;0.000112996;5.84375e-05;4.2674e-07;0.593953;1.51223e-05;4.15926e-08;2.09214e-05;0.389508;0.0158367;7.44754e-06
9.88598e-05;0.0983949;0.0187201;3.39413e-05;0.00680663;0.000509882;9.79985e-06;0.0390336;6.43412e-05;1.92471e-05;2.13213e-05;0.0102448;0.825895;0.000147453
0.00167569;0.33316;5.1241e-06;0.00254589;0.000406764;5.95928e-05;4.19149e-06;0.16325;0.00587962;2.07097e-05;0.00106953;0.00881383;0.392903;0.0902063
2.08992e-06;0.00401195;2.1468e-08;1.31576e-08;1.50022e-07;1.35749e-08;3.57089e-10;0.995958;1.38446e-08;9.4058e-09;9.75701e-10;6.5134e-09;2.62502e-05;1.43686e-06
6.9693e-07;0.949263;0.000110279;3.71055e-06;0.000126344;3.67231e-05;2.32019e-05;0.0256763;1.13765e-06;2.27172e-05;5.90759e-07;0.00390631;9.91274e-05;0.0207303
9.32166e-11;3.27791e-09;1;7.34133e-10;5.90989e-12;2.48213e-11;2.44571e-08;2.09866e-11;1.49558e-08;1.65925e-10;1.00357e-07;1.98123e-10;4.04326e-10;1.34356e-12
1.9629e-06;0.00139075;0.0224514;9.10603e-07;8.93288e-07;1.02788e-07;4.16153e-08;0.000532644;1.97785e-05;9.86843e-08;1.56512e-06;0.975587;2.63199e-06;1.03299e-05
4.77535e-05;0.752017;5.96508e-05;6.49251e-06;0.0111687;0.000309669;4.27133e-07;0.000904747;0.000328669;1.14465e-05;1.41463e-05;0.0292221;0.203677;0.00223185
1.7028e-05;0.457705;1.91347e-07;2.43421e-07;5.69801e-05;4.63274e-08;1.10342e-07;0.0457517;1.3264e-05;2.8791e-07;2.51963e-07;0.49625;0.000203728;5.52861e-07
7.14091e-05;0.0599721;0.924786;2.07714e-05;0.00704741;4.10682e-05;4.30304e-07;0.00100412;1.70034e-06;2.78237e-06;2.24676e-07;0.00676786;0.000276223;7.93466e-06
1.98446e-05;2.23382e-05;3.09728e-09;1.61133e-08;3.31372e-08;1.00975e-08;2.02147e-09;0.999653;0.000169388;4.51703e-10;3.25244e-08;1.33574e-06;0.000133586;6.82746e-10
1.4737e-07;0.000474592;4.07319e-09;8.93095e-10;2.41776e-08;1.49017e-08;3.43897e-12;0.999517;3.27573e-09;1.30669e-09;4.79551e-12;2.31813e-08;8.41738e-06;1.4085e-07
2.36767e-08;9.21652e-05;5.15627e-05;1.71034e-07;2.78792e-06;2.57896e-06;1.27282e-09;9.66681e-06;7.02839e-09;4.94577e-09;3.67573e-09;0.999102;3.89234e-06;0.000735042
1.28544e-06;0.156743;5.17324e-08;5.45017e-07;0.000102247;7.55723e-07;1.86618e-07;0.791815;9.46149e-07;3.46663e-09;2.34473e-05;0.000729392;0.0505829;6.34914e-09
7.10737e-09;0.999937;4.54407e-12;1.83213e-11;8.84563e-09;3.47711e-12;3.09589e-08;6.62354e-11;2.67011e-12;3.14058e-08;7.41203e-13;3.8123e-09;9.10733e-09;6.28511e-05
2.3094e-11;3.65471e-14;1;1.587e-12;2.28491e-08;5.36025e-14;6.16734e-13;1.86055e-12;7.23999e-11;5.91967e-13;6.72573e-13;2.75134e-10;3.23574e-16;1.35892e-14
0.000773641;7.75876e-05;7.23111e-07;4.92528e-07;0.000249222;0.0006905;3.774e-06;0.994739;0.00248316;4.11351e-06;8.49724e-07;5.89643e-05;0.000917316;4.43289e-07
3.68946e-06;4.89126e-05;3.60395e-09;8.85791e-09;7.61738e-09;4.45055e-08;1.27474e-07;0.000986293;7.90627e-05;3.92598e-09;1.87137e-07;2.30596e-08;0.998882;3.61455e-10
8.05213e-05;0.00430197;6.14145e-06;7.21656e-05;4.35544e-05;4.27368e-06;2.99107e-08;0.035343;0.00321184;5.42021e-06;4.7777e-06;0.955239;0.00118683;0.000500558
2.54482e-06;6.24095e-06;2.14036e-11;3.3437e-09;9.53071e-09;2.50984e-09;3.42928e-08;0.999974;3.19795e-06;4.22669e-09;5.38499e-08;6.70959e-09;1.44118e-05;4.82113e-10
5.45371e-06;0.0204923;2.47009e-08;5.34239e-05;0.00838203;8.95073e-05;0.000201129;0.0515018;9.439e-05;0.000923973;1.37884e-05;1.29451e-05;2.59819e-06;0.918227
6.23625e-11;4.79658e-08;1;4.73453e-11;7.41684e-13;1.0242e-12;2.86569e-09;4.27382e-12;1.92304e-09;8.71191e-12;3.05856e-09;2.6824e-10;2.87708e-10;1.06242e-12
5.08176e-06;0.775257;3.38276e-05;2.90177e-05;1.9507e-05;4.82711e-07;2.22737e-05;0.00248627;0.00178818;5.37902e-07;0.00162487;0.187226;0.0314868;1.97e-05
9.9813e-07;0.817525;1.91244e-09;7.18041e-07;0.000120671;5.43789e-06;2.95163e-07;0.00424074;5.31239e-07;3.42984e-07;4.29303e-07;6.96905e-05;0.00107556;0.17696
2.88706e-10;6.637e-05;2.80507e-08;1.45647e-09;3.63636e-07;9.07497e-09;4.03738e-12;2.29005e-05;5.16816e-11;1.18477e-11;1.94617e-10;0.99991;3.20481e-09;3.35642e-07
2.0142e-07;0.00559643;1.75629e-10;8.5505e-08;5.33443e-07;1.15742e-06;6.93322e-08;0.000270241;6.3664e-08;4.2273e-09;6.07308e-07;4.17308e-05;0.994089;2.62787e-07
0.000192122;0.232957;0.00082566;9.80065e-05;6.72905e-05;0.000118833;8.55684e-07;0.0356786;1.26391e-05;5.50233e-06;2.53035e-05;0.678261;0.0460562;0.00570111
3.74217e-06;0.986734;2.9167e-06;3.42578e-07;6.30689e-07;1.98308e-07;4.49845e-09;0.00770229;2.38438e-07;6.42415e-08;1.63593e-07;0.00129692;0.00424935;9.39974e-06
2.10957e-05;0.467867;1.76914e-05;5.74967e-07;1.99039e-05;1.30109e-07;7.3681e-07;0.5177;2.86386e-06;5.22453e-07;6.91995e-06;0.0026148;0.0117168;3.08076e-05
4.79771e-07;0.224157;1.25048e-06;3.44332e-06;0.00168628;2.18972e-05;6.90614e-07;0.000491988;2.1819e-07;4.04889e-06;1.3761e-07;0.050842;4.75684e-05;0.722743
1.87785e-05;0.0504294;4.06407e-08;1.22205e-06;7.47913e-05;1.78131e-05;1.52742e-05;0.0358027;6.39131e-06;7.30071e-07;3.53051e-06;0.771521;0.142043;6.48125e-05
6.55462e-07;0.000950983;1.84546e-06;1.93556e-07;1.60406e-06;9.77557e-07;8.48887e-08;0.00445655;1.59065e-08;1.35542e-08;2.93556e-08;0.000647591;0.993938;1.24888e-06
4.81983e-07;0.00570758;1.78714e-07;1.90998e-05;0.000150449;2.71768e-05;7.06348e-08;0.00381741;4.13544e-06;5.03468e-07;4.2428e-07;3.21888e-05;9.31298e-05;0.990147
1.93075e-05;0.901808;5.76648e-05;4.03344e-05;1.12673e-06;8.19459e-06;1.32466e-07;0.000615351;2.52525e-06;5.73871e-07;3.52741e-06;0.00225917;0.0947593;0.000425288
7.98463e-07;0.999525;8.72178e-10;1.55031e-06;8.81747e-08;1.36988e-06;3.01787e-06;2.40152e-05;8.14871e-08;3.6225e-06;2.66211e-08;1.92064e-07;4.12016e-05;0.000398733
4.6129e-12;2.31963e-11;1;2.92679e-12;2.53249e-13;2.56859e-13;7.33872e-12;2.405e-13;2.05336e-11;1.04023e-12;6.80171e-11;6.13467e-09;5.51752e-12;2.06234e-11
1.08892e-08;0.987052;4.65361e-12;1.87155e-09;4.24908e-10;1.60424e-10;4.1691e-06;9.53305e-08;1.14335e-08;2.8341e-07;5.00801e-09;2.54911e-09;1.13977e-07;0.0129439
1.42328e-05;0.120244;1.27006e-05;3.18373e-05;1.11002e-05;4.0122e-05;0.811014;0.000961197;0.0385444;4.49049e-05;0.0270009;8.48357e-07;0.00191031;0.000169714
3.76092e-07;0.99838;7.34974e-11;5.93818e-10;5.8753e-11;8.97243e-11;9.61635e-08;2.0727e-08;2.57556e-08;8.30449e-10;1.85241e-09;1.02257e-06;0.00161892;4.94138e-10
1.561e-06;0.0523828;1.89462e-08;7.34729e-07;1.18079e-05;4.56835e-05;1.08556e-09;0.000880035;3.48056e-07;2.13037e-07;2.91442e-09;0.944848;0.00170353;0.000125109
0.000792054;0.661741;1.81413e-05;0.000391458;0.000729395;0.000928041;0.000108829;0.105428;3.09724e-05;4.48953e-05;2.00582e-05;0.0430741;0.175458;0.0112348
0.000174128;0.0363625;0.000257606;0.000842839;6.76327e-06;7.25717e-05;0.000637824;0.00936179;0.00500728;7.91391e-05;0.00153505;0.000125787;0.945436;0.000100554
5.84708e-05;0.12551;0.871295;0.00108056;3.26437e-05;5.24046e-05;0.000501033;0.000188417;4.1356e-05;0.000664481;1.27566e-05;5.81468e-05;6.24508e-05;0.000442008
3.5435e-08;1.09723e-07;0.999986;3.23287e-07;6.48031e-10;1.53307e-09;8.96579e-07;1.37172e-09;7.19282e-06;1.67465e-08;4.36625e-06;9.95259e-07;5.80241e-09;3.96682e-10
4.38433e-05;0.00638111;0.934003;0.000153152;3.70381e-06;5.315e-06;5.07574e-07;0.0434949;5.58768e-05;1.19012e-06;2.18583e-05;0.0132952;8.43218e-05;0.00245636
4.52804e-08;0.0372421;9.0347e-09;2.97536e-08;4.20274e-10;9.55968e-09;1.10294e-06;8.56369e-10;4.79707e-10;2.28715e-06;2.94119e-09;1.72621e-09;1.00453e-08;0.962754
1.31761e-13;1.48308e-14;1;1.90132e-13;1.78076e-10;3.35308e-13;6.5835e-14;1.01575e-12;4.75691e-14;4.83083e-14;2.78855e-12;4.12149e-07;3.38091e-14;2.21523e-10
2.67508e-11;4.13175e-08;2.23819e-15;7.20152e-12;3.67494e-08;3.00551e-11;1.27175e-11;1;3.54545e-10;2.35803e-12;1.90837e-11;5.04599e-11;1.41821e-08;1.65556e-12
7.72677e-07;0.0371576;0.958022;0.000482616;0.000118347;6.57817e-05;8.75818e-08;1.50549e-06;3.87647e-08;2.42238e-06;1.18389e-05;0.00407692;7.31892e-06;5.28718e-05
1.21138e-06;0.99841;5.32326e-11;5.95496e-08;5.78397e-08;3.30958e-08;1.81473e-08;0.000292754;7.32306e-09;1.90486e-10;1.674e-06;9.53402e-06;0.00128476;4.06937e-08
6.14817e-05;0.0306733;6.02646e-05;2.30715e-06;2.73154e-05;3.02576e-07;2.1428e-07;0.0187493;4.80237e-05;4.17347e-07;1.17479e-05;0.877748;0.0724466;0.000170393
2.88656e-06;0.967217;0.00327359;8.71572e-06;0.000103685;1.44985e-05;1.55672e-07;4.71566e-06;5.34937e-09;2.83365e-06;2.37582e-07;2.24735e-05;0.0292677;8.20636e-05
1.68773e-05;0.00134377;0.000337003;4.24255e-07;2.18418e-06;5.49734e-07;1.95057e-06;0.00572355;1.05623e-05;7.0462e-08;9.59577e-06;0.98898;0.00356918;4.35883e-06
6.07893e-06;0.931694;4.83386e-05;5.00667e-06;6.91177e-05;0.0406375;5.54091e-05;0.00813684;1.1714e-05;3.39052e-06;3.01279e-06;0.00260471;0.0166882;3.70391e-05
0.000524617;0.122253;6.12359e-05;0.00180701;0.0503414;0.1411;5.24178e-05;0.441153;0.0252441;5.66756e-05;0.000452758;0.0101321;0.0886701;0.118151
2.49913e-05;0.642475;0.356448;0.000100679;1.4863e-05;1.11192e-05;3.23496e-08;0.000167254;1.99817e-07;4.86063e-06;4.14092e-08;0.000406427;2.59871e-06;0.00034357
6.71086e-05;0.996329;3.71142e-10;1.64905e-06;1.24155e-08;2.37181e-08;9.34925e-06;8.26176e-07;4.43578e-05;3.03852e-07;5.01888e-05;1.07394e-05;0.00348625;8.07043e-08
3.81221e-05;0.845388;0.00535539;3.38249e-05;0.000244288;2.57892e-05;6.3984e-07;0.00110393;1.0348e-06;1.01685e-05;1.51356e-06;0.139643;1.6065e-05;0.00813818
6.72364e-08;0.999892;1.08185e-12;4.48096e-09;2.60765e-09;1.99565e-09;3.10715e-05;7.70394e-08;5.19562e-10;1.5888e-06;2.1444e-10;5.02403e-12;6.37739e-07;7.43487e-05
3.49183e-14;1.88569e-15;1;7.28939e-14;1.6805e-13;4.38412e-15;7.59788e-13;4.25618e-14;2.95278e-13;1.85109e-13;2.76466e-13;1.07061e-09;3.08904e-18;1.4153e-11
1.60713e-05;0.259221;3.13716e-08;6.86168e-07;7.0752e-05;6.00835e-05;0.000317152;0.464251;0.000237334;6.23899e-06;9.38847e-05;3.30205e-08;0.275719;6.42425e-06
1.09352e-13;1.63204e-13;1;7.41078e-13;3.84721e-14;2.70743e-13;2.56429e-13;3.74594e-15;7.82756e-13;9.0613e-14;2.24743e-12;7.62958e-09;2.00676e-15;3.34429e-12
8.58496e-07;0.00105062;0.00032367;1.69773e-06;2.37794e-06;6.80421e-06;1.05382e-08;0.00387955;5.79726e-06;3.65985e-09;1.10644e-06;0.994366;4.21823e-05;0.000319571
3.84888e-07;0.995802;4.71731e-10;1.14785e-08;3.68318e-08;2.39925e-07;2.32846e-07;7.48764e-07;4.05286e-08;1.64261e-08;8.79284e-08;2.10065e-05;0.00417412;1.12569e-06
1.12115e-07;8.94392e-05;7.22753e-08;2.66655e-08;4.87137e-07;9.34086e-07;1.42661e-09;0.000354344;1.35292e-08;1.27097e-09;8.14303e-08;0.999464;8.94506e-05;6.50394e-07
9.64794e-06;0.626966;2.53191e-05;3.59336e-06;3.46335e-05;0.000260074;6.1481e-05;0.00163628;2.15188e-06;2.1293e-05;3.01548e-07;7.99828e-09;0.37093;4.96335e-05
2.79815e-09;1.1163e-07;0.999998;2.66651e-08;9.58638e-10;2.30357e-08;4.66758e-10;7.17483e-08;1.33833e-09;1.71799e-09;1.39883e-09;4.75488e-07;1.44276e-06;9.69337e-11
7.08248e-06;0.0135742;1.65842e-06;0.000659865;1.84472e-05;0.000275269;1.52173e-08;0.113477;3.48435e-05;5.08117e-06;3.27853e-05;0.834337;0.037405;0.000171853
3.93981e-06;0.875971;3.10924e-09;3.13082e-07;2.54943e-05;2.23069e-06;8.64448e-09;0.000395963;2.90479e-09;2.98776e-07;3.90407e-08;0.000110168;0.123487;2.94973e-06
5.85719e-07;0.0754;1.49864e-05;1.12509e-05;0.00133652;0.00072765;3.99002e-08;0.000874969;1.05048e-07;4.74354e-07;4.22905e-06;0.898535;0.00239243;0.0207021
5.16684e-06;0.639165;2.15085e-09;3.59734e-05;0.0367142;0.101758;5.54928e-08;0.0687723;2.28559e-07;1.03815e-06;5.30613e-07;0.000987857;0.000674091;0.151886
1.32768e-06;0.0627909;1.11745e-07;1.58536e-08;1.78272e-08;4.04798e-08;4.82487e-09;0.00451407;1.34912e-09;1.97422e-09;4.87793e-09;7.11655e-05;0.932622;1.56432e-07
1.65065e-07;0.00435582;7.68108e-08;4.35212e-05;7.85776e-05;0.000265724;3.22625e-09;7.21922e-05;6.02926e-07;3.36087e-07;3.7366e-06;0.000300115;0.00254034;0.992339
1.12108e-06;0.993085;6.34056e-08;2.66272e-08;9.06936e-09;1.60103e-08;1.7712e-08;9.2367e-07;5.97453e-10;2.43982e-08;1.53831e-08;0.00345241;0.00346088;6.17919e-09
7.76689e-09;3.47628e-05;7.82696e-08;3.51157e-06;0.00217401;2.81189e-06;9.42418e-10;0.00112566;2.0145e-07;2.81972e-08;2.31347e-07;0.996628;6.80088e-07;3.02834e-05
3.60268e-06;0.960149;0.00513428;3.97962e-05;2.06056e-05;4.13505e-06;3.43514e-08;0.000155754;2.47999e-09;2.41151e-07;1.63815e-06;0.000225173;0.0342653;9.92138e-07
0.000128017;0.222465;0.000445788;0.000180285;2.22052e-05;0.000372801;0.000174035;0.0163038;0.000719172;5.05828e-06;0.00221247;0.575029;0.0110112;0.170931
6.38698e-05;0.0354979;0.00746533;4.49688e-05;0.000190542;0.00482376;0.000279546;0.0708587;0.000209285;1.96219e-06;0.00180554;0.524124;0.354513;0.0001211
8.57149e-06;0.840401;4.57776e-08;8.22103e-05;6.79964e-05;0.000137851;1.57897e-06;0.0608226;4.85237e-05;2.20652e-07;0.000291941;0.00947544;0.08857;9.25034e-05
0.000177559;0.706368;0.000251445;0.000122774;2.62346e-06;1.24287e-07;2.32691e-06;0.0245403;4.3618e-05;2.13649e-06;0.000694492;0.0403077;0.227487;1.89971e-07
2.48606e-06;0.000370942;0.00040727;8.57802e-05;1.21743e-05;6.39909e-06;4.14949e-09;0.000181449;1.85806e-06;1.21593e-06;7.54282e-06;0.998496;0.000411586;1.48682e-05
1.9249e-05;0.817938;9.03696e-09;3.62976e-06;2.64684e-06;3.97503e-05;3.23718e-06;0.180739;2.3755e-06;3.03537e-06;2.3364e-06;0.000187121;0.00104176;1.8052e-05
3.26493e-06;0.00438402;2.42001e-07;2.06402e-06;1.49576e-07;1.0067e-06;9.76114e-07;0.0106052;3.48025e-07;1.01653e-06;6.26034e-06;0.000827208;0.984168;3.15776e-07
1.72418e-05;0.00463708;1.65312e-09;0.00212472;0.0293971;0.000186826;8.26393e-06;0.13141;0.00492253;2.77068e-05;0.0109724;0.00227209;0.00160266;0.812422
6.31187e-06;0.999401;5.2275e-05;3.53137e-05;6.21487e-06;7.55694e-08;4.39742e-08;0.000345858;3.94194e-08;2.70187e-07;3.56801e-07;2.59669e-05;0.000114746;1.18873e-05
3.80461e-06;0.999755;2.13757e-09;5.17224e-07;3.85606e-07;2.5108e-07;3.4552e-07;0.00019755;5.29145e-07;2.39124e-06;1.73356e-07;9.10562e-09;2.83776e-05;1.09985e-05
3.17723e-09;4.79977e-06;1.54281e-09;7.70661e-08;2.02979e-05;1.02361e-08;2.13146e-09;4.85051e-07;2.79407e-07;2.43562e-09;1.87099e-06;0.999972;5.28901e-09;1.10394e-07
4.05369e-07;0.989163;7.11746e-06;2.09354e-07;6.47181e-07;9.6147e-08;5.11482e-09;1.02074e-09;9.51865e-11;3.36801e-07;6.00118e-08;1.77474e-06;0.010825;1.54305e-06
5.2373e-06;0.00137371;6.69959e-08;3.81673e-07;0.00102674;5.09577e-06;9.23554e-07;0.0121862;4.35448e-05;7.97715e-07;3.55961e-05;0.00895481;6.42597e-06;0.97636
1.83395e-07;0.500816;2.72689e-06;6.9973e-08;1.1567e-05;1.55278e-05;1.76295e-08;0.496864;6.85352e-10;1.01381e-07;1.03714e-09;1.88644e-08;0.00227472;1.45492e-05
1.3244e-11;2.37828e-12;0.999999;4.2476e-10;2.32174e-10;3.93613e-10;6.2613e-13;1.15511e-12;9.09294e-13;2.76253e-11;5.38047e-13;3.21638e-10;5.9486e-12;1.15782e-06
7.58853e-07;3.62132e-06;0.999768;1.76375e-07;1.85686e-06;3.23801e-07;4.75916e-08;0.000187787;4.65116e-07;7.26717e-10;3.12448e-08;7.31515e-06;7.38892e-08;2.98128e-05
6.70166e-09;7.56107e-05;6.20356e-08;8.33092e-09;4.54707e-07;6.95604e-06;2.07394e-10;2.46996e-05;2.01915e-09;9.27414e-09;3.22542e-10;2.34662e-07;1.16775e-07;0.999892
3.47993e-07;0.849929;1.25024e-08;3.14808e-07;7.53005e-07;1.53821e-07;2.81965e-06;0.00245889;2.20489e-06;2.54267e-08;4.19761e-05;0.000670873;0.146893;1.93951e-09
5.40273e-08;0.99981;3.90622e-07;3.67591e-08;2.40354e-08;2.34597e-07;5.10691e-10;1.64832e-07;3.38541e-11;1.06224e-08;3.40591e-10;1.51227e-08;0.000183683;4.99656e-06
1.57091e-08;8.02353e-05;9.6675e-09;2.31337e-08;2.16997e-08;5.04356e-08;2.11451e-09;3.72923e-07;8.58929e-09;1.43734e-09;3.8076e-08;0.999914;1.98884e-06;3.14299e-06
2.14903e-06;0.945426;1.09745e-05;4.27293e-06;4.90479e-05;2.98197e-06;7.44165e-06;0.00811387;4.22665e-07;8.58597e-07;2.80345e-06;2.22574e-05;0.0463567;6.02425e-08
1.99703e-05;0.00018362;0.000481837;0.000115818;3.10338e-05;5.66957e-05;1.95939e-07;0.00638675;2.45965e-06;8.08054e-08;7.14335e-05;0.869562;0.123078;1.01817e-05
5.12892e-06;0.991066;7.99909e-06;6.23067e-07;1.72338e-06;5.92159e-05;3.30614e-08;0.0046124;3.87082e-08;5.73168e-07;3.06966e-08;5.94543e-06;0.00127577;0.00296466
1.25913e-06;3.93127e-05;1.20365e-07;1.34676e-06;9.4967e-08;9.04698e-07;1.66735e-06;0.000810184;8.28003e-06;3.43511e-07;0.000264653;0.000214351;0.998657;3.92919e-07
0.000134192;0.00773043;3.11604e-05;8.49046e-07;7.78462e-05;1.12569e-06;1.22033e-07;0.989571;6.70578e-06;3.99629e-06;1.16743e-06;0.00212379;0.000217032;0.000100849
4.0003e-07;0.0231179;4.5883e-07;9.73624e-07;3.49321e-06;2.05934e-06;3.98017e-08;0.000198559;5.38755e-06;9.8958e-08;4.65039e-06;0.976525;0.000117993;2.27982e-05
1.01751e-07;0.995475;3.31069e-11;1.47688e-08;1.45716e-09;7.07597e-10;1.04153e-07;4.92709e-09;1.09352e-08;1.03327e-08;2.4712e-07;4.44271e-06;0.0045202;1.22924e-09
4.17018e-06;0.0013698;5.98586e-05;1.61243e-06;0.000138208;0.000177361;4.86746e-08;0.000138622;2.06655e-07;4.27331e-06;8.37379e-09;0.99001;0.00797998;0.000115828
0.000156456;0.0262702;2.805e-06;3.60315e-05;0.000146323;0.000574692;0.000847221;0.957194;0.00585007;1.0781e-05;3.57804e-05;0.00121143;0.0075947;6.95946e-05
0.000103954;0.000172018;8.71449e-08;1.96308e-06;1.81444e-05;7.63447e-08;1.9377e-06;0.998366;0.000267791;2.53324e-07;1.10104e-06;8.61471e-05;0.00097986;9.44415e-07
0.00431393;0.378629;0.0292346;0.000354724;7.89864e-06;5.67084e-06;9.33469e-06;0.000107708;4.85273e-05;1.90521e-05;1.63212e-05;0.141706;0.445533;1.39955e-05
1.15195e-05;0.0517471;0.000570446;1.17701e-07;4.76977e-07;4.18505e-08;5.75475e-08;0.00387674;4.58435e-07;1.33747e-07;6.84421e-07;0.943417;0.000374273;8.896e-07
4.88173e-08;0.114672;1.01291e-07;1.23001e-05;3.525e-06;3.81221e-06;0.33512;3.36682e-07;3.66205e-08;0.547991;7.79704e-08;2.86819e-11;4.03758e-06;0.00219238
1.1148e-14;5.19912e-18;1;1.43874e-12;3.08032e-15;3.41333e-14;3.36563e-13;4.09941e-17;6.3212e-13;2.17575e-13;7.19903e-11;1.13087e-10;5.77173e-17;2.68545e-16
