5.88511e-06;0.000440198;3.93807e-08;3.68752e-08;1.87692e-06;1.74297e-07;1.18755e-09;0.000729758;5.53827e-07;6.05993e-09;8.5871e-08;2.71458e-05;0.998794;1.16503e-08
3.70918e-07;0.00569673;2.5636e-07;5.19882e-07;2.02339e-05;6.24453e-06;2.32843e-09;3.9913e-07;2.92881e-09;1.46764e-07;3.32269e-08;0.000437949;1.18134e-05;0.993825
1.00715e-05;0.0792529;7.65923e-09;7.19043e-05;0.114408;1.13252e-06;1.35888e-06;0.79687;1.26128e-06;2.84075e-06;3.71062e-06;0.00566273;0.000928775;0.00278527
3.50475e-05;0.00519929;1.34298e-07;0.000497036;0.195588;1.91267e-05;7.95713e-06;0.798035;1.48461e-05;7.59766e-05;2.97834e-05;0.000220066;0.000276287;1.27521e-06
5.4912e-05;0.00581543;0.958753;3.78775e-05;0.000464806;2.75509e-05;1.232e-05;2.94149e-06;4.9493e-08;3.88144e-05;1.35012e-06;0.0296948;2.61479e-05;0.00506976
0.000105522;0.865824;2.98942e-06;0.000319558;1.0668e-05;8.74655e-05;0.000941148;0.000905462;0.0301926;8.88923e-06;0.0932796;0.000102439;0.00256966;0.00565017
4.92648e-07;0.999888;6.26437e-06;2.28461e-09;7.49658e-10;1.14814e-11;8.16838e-08;2.14219e-05;1.35882e-07;3.19068e-09;1.9427e-07;8.03447e-05;2.70153e-06;3.7595e-11
4.04263e-06;0.993218;3.99035e-09;1.66979e-05;0.000133991;1.91021e-07;1.90317e-07;0.00515037;9.11749e-06;3.75161e-06;2.86701e-07;0.00139772;6.71298e-06;5.85884e-05
0.000420074;0.0602862;0.0191585;0.000832145;0.00170255;0.00559904;3.71586e-05;0.00129593;1.42897e-05;0.00139045;0.00032585;0.904703;0.0030489;0.00118572
0.00015687;0.045253;2.47215e-08;7.96617e-08;2.34737e-07;6.0704e-08;0.000107198;0.953246;3.99125e-05;3.58983e-07;1.25652e-05;7.59418e-09;0.00118391;1.16408e-07
7.93831e-08;2.01797e-08;0.999945;1.98402e-07;1.37589e-08;6.79369e-09;1.44591e-07;9.54957e-09;3.24259e-06;1.51543e-09;1.09138e-06;4.98807e-05;1.86951e-09;2.32219e-09
3.37597e-05;0.000977289;1.55188e-06;1.47836e-06;4.03667e-06;5.82708e-07;3.30354e-07;0.0603274;0.000322648;7.00937e-08;1.26598e-05;0.0301367;0.908181;6.45901e-07
0.000208163;0.528922;0.000332981;0.0020081;0.0103439;0.00073149;0.000190409;0.021561;0.0196843;0.000180188;0.048696;0.198118;0.121731;0.0472921
5.77465e-08;0.999813;1.6665e-12;4.73398e-07;9.28524e-08;1.32788e-08;8.48722e-06;2.77163e-05;2.0618e-08;6.78589e-06;2.64957e-08;1.02301e-10;2.28088e-07;0.000143066
2.0294e-11;6.00954e-13;1;3.61962e-09;2.82473e-10;4.82078e-13;3.01664e-12;1.75055e-12;8.20755e-14;8.70523e-12;2.40771e-12;2.33013e-07;1.58831e-15;2.03891e-09
0.000107951;0.907797;2.81614e-08;1.9518e-05;0.000111194;2.334e-08;0.000178115;0.0912123;0.000155345;2.16713e-07;4.94855e-05;0.000256726;1.06839e-05;0.000101992
0.000947806;0.0428782;1.01949e-06;0.000113901;0.0502608;3.96275e-05;8.53078e-05;0.903678;0.00156986;6.81515e-05;8.43742e-05;3.55706e-05;9.64772e-05;0.000141046
1.51206e-05;0.00169649;0.982063;7.42954e-07;5.68037e-05;7.21627e-07;3.39573e-07;4.01261e-07;5.74702e-08;2.96416e-05;5.86484e-08;0.0160084;6.57843e-05;6.2675e-05
7.83956e-05;0.638385;4.41258e-06;1.88417e-05;4.61971e-05;2.07599e-05;1.31987e-05;0.218896;0.00877609;1.93174e-06;0.00362157;0.128297;0.000359057;0.00148117
