2.08765e-06;0.996096;0.0038667;2.02841e-06;3.57168e-06;1.91937e-08;3.42311e-08;1.87208e-05;1.16068e-08;1.19988e-07;7.7291e-09;3.94147e-06;1.60554e-06;4.8575e-06
9.25222e-06;0.979803;3.12289e-10;0.000256988;1.31813e-05;2.34068e-05;3.0408e-07;0.0182772;6.79847e-05;2.52184e-06;5.50827e-05;0.000116215;0.000949265;0.000426127
2.6827e-05;0.00297916;0.00144089;9.3597e-06;5.23698e-06;1.48352e-06;6.79866e-09;4.67323e-06;5.38261e-08;8.05121e-07;1.05258e-07;0.99552;6.11457e-06;5.7225e-06
1.0445e-05;0.955752;5.01104e-09;1.48718e-07;1.08565e-06;4.04035e-08;9.4745e-07;0.00456634;1.94102e-05;1.54486e-09;8.16351e-05;9.00819e-05;0.0394777;5.04993e-08
5.46895e-09;0.971822;5.4629e-14;1.24622e-10;1.94739e-09;6.44351e-11;5.64211e-08;1.44659e-08;5.74687e-11;1.16275e-07;9.112e-13;1.63709e-12;1.27829e-09;0.0281783
3.48803e-11;2.72638e-11;0.999999;1.43612e-09;2.04931e-08;3.32625e-09;7.03046e-11;1.12287e-10;5.01426e-11;5.48049e-10;8.14128e-12;9.83254e-07;6.72168e-14;2.72037e-09
0.000595444;0.0304379;3.12294e-07;0.000878629;0.000261905;0.000403361;0.00673295;0.000421418;0.00112985;3.18346e-05;0.00134521;2.53145e-05;0.957697;3.92694e-05
9.03104e-05;0.96911;2.67978e-09;1.44082e-05;6.32583e-06;4.11613e-06;1.49863e-08;0.0241906;3.02922e-05;4.70683e-07;5.99379e-06;0.00212138;0.00442616;2.56161e-07
6.3732e-06;0.999554;5.65845e-07;5.56977e-07;1.89308e-07;2.19373e-07;1.79172e-07;5.2872e-05;4.25567e-06;5.74105e-07;4.99618e-07;0.000233982;0.000120594;2.55307e-05
0.000642086;0.989795;3.82772e-06;3.76132e-06;5.40005e-06;2.71522e-06;0.000185643;0.00122234;0.000264379;1.38027e-06;9.93464e-05;0.0024799;0.00522674;6.75029e-05
9.28599e-05;0.0587792;7.52883e-07;1.4273e-05;5.2414e-05;0.000258248;2.95943e-07;0.00139102;0.000124847;5.60415e-08;5.80287e-06;0.925849;0.0134213;1.04802e-05
2.73614e-07;0.999955;1.00465e-10;6.00778e-09;5.60798e-10;1.8793e-10;3.86675e-05;4.77399e-06;3.15461e-08;7.65766e-07;2.13793e-09;2.70173e-11;4.27093e-08;2.03175e-07
1.98262e-10;4.0532e-12;1;7.20812e-09;1.20243e-09;3.32141e-10;5.56029e-11;1.26366e-12;5.5687e-09;1.61784e-10;5.23496e-09;1.30778e-07;9.52853e-14;3.37622e-10
2.98145e-06;0.0135895;1.87769e-09;8.43729e-09;2.29161e-07;3.22424e-08;2.88063e-09;0.986148;1.01037e-06;5.80378e-09;1.10284e-08;1.63837e-07;0.000257931;1.13222e-07
2.57483e-08;0.035829;3.22511e-05;1.71224e-07;3.29877e-06;2.42681e-05;2.17562e-09;0.000331447;5.56922e-09;2.16804e-08;4.71847e-08;0.961667;0.00060235;0.00150972
5.32153e-09;4.48944e-05;1.0359e-10;7.58445e-08;2.56628e-08;4.73552e-08;6.59525e-07;7.59681e-06;4.2152e-08;2.14509e-08;3.32226e-06;1.86345e-08;0.999943;1.01941e-09
1.07617e-06;1.85826e-06;6.51507e-06;2.0304e-06;9.23918e-06;3.03942e-09;7.12057e-09;6.68655e-07;1.19839e-05;1.98451e-07;5.07769e-06;0.999941;2.02943e-05;2.02763e-08
0.0129355;0.357956;4.94743e-06;8.72545e-06;3.4728e-05;1.9016e-07;7.40669e-05;0.607294;0.0138279;1.8496e-05;8.06832e-05;3.30021e-05;0.00773023;1.90634e-06
6.52877e-07;0.999966;1.03801e-09;1.17577e-07;4.93086e-08;4.7768e-08;1.5895e-07;6.14066e-06;2.57978e-08;2.11231e-06;3.7657e-10;5.76378e-06;1.72128e-07;1.86141e-05
6.53205e-12;1.2795e-12;1;2.52749e-11;7.83332e-11;7.98857e-13;6.57833e-13;1.87523e-10;1.04279e-11;1.84109e-12;2.1218e-11;4.69353e-08;3.00446e-15;1.12688e-10
1.27324e-06;0.0214375;7.34108e-07;6.11784e-08;1.97004e-06;9.12354e-07;1.44403e-08;0.977565;4.52625e-06;5.64132e-08;4.06195e-07;0.000873938;0.000112957;2.13827e-07
3.16848e-08;0.882655;7.39092e-12;2.44146e-07;3.65559e-08;8.68786e-09;5.56561e-06;2.60645e-07;6.41925e-09;4.9881e-05;4.52531e-08;9.40956e-08;6.11841e-07;0.117288
0.00012979;0.00654617;3.01609e-08;0.000289159;1.24363e-06;2.74268e-05;0.205123;0.000694426;0.00593511;5.8803e-05;0.766937;6.30496e-05;0.0141795;1.59139e-05
7.39848e-07;0.000786474;2.15065e-11;8.25221e-09;1.09287e-05;5.73867e-10;1.88174e-09;0.999201;2.05374e-08;1.05961e-08;2.70191e-08;3.06824e-08;4.64211e-07;9.54317e-08
1.17798e-07;0.000129191;0.999826;1.90093e-06;1.18178e-05;2.95204e-06;6.00947e-07;3.81419e-07;2.19261e-09;1.45848e-05;1.07536e-07;3.86072e-08;1.12888e-05;1.27758e-06
1.5539e-10;3.12016e-10;1;3.71538e-11;5.97821e-11;3.73172e-12;9.13245e-11;2.592e-12;2.04694e-10;4.39127e-12;1.05318e-09;5.49242e-09;1.01269e-12;3.54862e-11
2.53811e-08;9.10544e-05;6.22207e-05;1.102e-08;7.77863e-09;3.30809e-09;4.40977e-10;9.43685e-07;1.44062e-07;2.06599e-11;2.37494e-07;0.999845;1.8564e-07;3.583e-07
8.51988e-07;0.996695;1.48161e-10;3.84875e-10;2.66106e-07;5.10508e-07;2.70616e-08;1.80405e-07;3.70366e-08;8.41438e-10;3.61508e-08;1.02226e-06;0.00329433;8.30533e-06
2.48956e-08;2.49635e-05;7.69676e-07;1.39473e-09;1.29404e-05;7.85369e-07;4.07308e-11;0.00109732;3.34753e-08;1.4586e-11;1.02608e-09;0.998706;0.000151791;5.85599e-06
2.94419e-07;7.07535e-05;5.91385e-12;5.71893e-10;3.53551e-06;1.1005e-08;9.05728e-12;0.999891;3.37808e-05;5.33578e-13;1.54843e-10;6.41998e-10;1.37588e-07;2.06187e-08
3.94176e-05;0.987691;3.01322e-05;1.64099e-05;1.1322e-05;3.02359e-07;1.13404e-10;2.78088e-05;2.52979e-09;3.49124e-08;2.4028e-09;0.000459447;0.0117237;1.33067e-07
1.64603e-06;0.018816;2.99482e-07;4.25436e-07;4.92623e-08;2.82124e-09;1.68901e-10;2.8064e-05;2.42954e-09;2.27869e-09;1.00768e-08;0.980653;0.000475378;2.48645e-05
4.9321e-06;0.845644;2.61241e-12;0.000136615;0.00194465;0.000191571;3.31348e-06;0.127894;1.12478e-05;1.03234e-05;4.46956e-05;0.000120877;0.0237495;0.000243922
2.61584e-08;9.37274e-08;2.42153e-10;1.91408e-09;2.73667e-11;2.73805e-07;1.8087e-09;1.13878e-10;6.9391e-09;4.31365e-10;1.31214e-08;4.01708e-10;1;8.35545e-10
4.3177e-08;7.30939e-07;0.999999;1.9753e-09;5.50292e-10;1.06171e-10;4.4477e-11;4.89807e-08;1.37722e-10;1.62967e-09;4.06993e-11;7.51822e-08;1.48333e-09;1.06726e-10
4.52417e-07;0.960377;6.92585e-07;9.37687e-06;3.25488e-07;7.0817e-06;4.39041e-07;0.0391763;0.000148161;7.02395e-07;4.3861e-05;5.13834e-05;0.000174053;9.66541e-06
