1.13045e-06;0.999953;1.10803e-06;3.41571e-06;1.85868e-07;8.15746e-09;4.81508e-09;2.68807e-05;1.03935e-07;1.10362e-08;7.95359e-08;8.75529e-06;2.9497e-07;4.9086e-06
2.87002e-06;4.44863e-06;1.9431e-11;2.03221e-09;3.0626e-07;6.0469e-10;8.56882e-09;0.999991;1.25177e-06;1.34553e-09;7.31239e-08;1.16127e-09;1.23681e-07;8.79041e-10
1.89181e-06;0.997241;2.60757e-05;7.48285e-07;4.23674e-06;3.34035e-08;0.00261124;1.34636e-06;5.07339e-06;3.71891e-05;7.19651e-08;3.16259e-05;1.25305e-07;3.96164e-05
1.00189e-09;6.88594e-09;0.999998;4.98541e-10;4.67372e-10;3.933e-11;4.00798e-09;8.83053e-09;3.16468e-08;2.13037e-11;6.8105e-09;2.28687e-06;2.15437e-11;1.26829e-10
6.43601e-07;0.0175327;5.27232e-08;1.16151e-07;3.88501e-06;9.02607e-07;1.35017e-06;0.00879433;1.03851e-07;9.2939e-08;2.39633e-07;3.77295e-07;0.973605;5.98148e-05
4.51274e-09;9.79656e-05;1.3402e-07;4.04959e-06;0.00211864;0.000117135;2.38659e-11;0.000594134;1.97325e-08;1.46528e-08;2.56167e-07;0.982272;0.000238947;0.0145571
1.59285e-05;0.426357;1.43451e-10;6.11145e-06;2.44481e-06;2.26612e-07;4.48982e-07;0.00100464;3.48767e-06;4.98032e-08;0.000394674;0.00180628;0.570387;2.21711e-05
4.34715e-07;0.00686043;5.65156e-10;2.45986e-08;8.83929e-05;7.23267e-09;3.86824e-11;0.992797;1.17507e-08;8.54685e-10;3.07646e-08;0.000246042;9.89319e-07;6.32413e-06
2.5444e-08;0.000996476;0.998587;6.39194e-07;6.20412e-05;3.45732e-05;1.67749e-10;8.38788e-06;1.85571e-11;1.34682e-07;8.70749e-09;0.000274471;9.44681e-06;2.64999e-05
3.34922e-06;0.00169856;1.87304e-06;9.47589e-07;4.0591e-05;9.52157e-06;3.43299e-07;0.973615;1.93507e-07;5.0356e-08;1.342e-05;5.87085e-06;0.0245788;3.14234e-05
4.28896e-06;0.000429443;6.1288e-06;4.61629e-07;9.60209e-07;5.90966e-08;6.41283e-09;3.98264e-05;1.99014e-05;3.4504e-08;5.40414e-06;0.998984;0.000501274;8.05866e-06
6.83401e-07;0.999179;5.71887e-09;2.11168e-07;7.95057e-08;3.89699e-08;4.82328e-08;0.000208532;1.15194e-05;1.19543e-07;3.37381e-06;8.56967e-05;0.000507917;2.45475e-06
7.57329e-06;0.858894;1.86276e-06;3.2812e-06;2.15456e-07;1.45276e-08;8.50997e-06;9.34909e-06;2.80435e-06;2.83571e-06;2.96395e-05;0.00637274;0.134665;2.60783e-06
0.000223528;0.291574;1.12693e-06;0.000528121;0.00320661;0.0108038;1.09012e-05;0.00964248;0.00011548;3.87103e-05;0.000516285;0.540561;0.105063;0.0377148
7.80918e-05;0.847077;0.000280931;5.51702e-06;0.000428137;3.34562e-05;7.95525e-08;0.0031558;4.39478e-07;2.98344e-07;6.94025e-07;0.0775506;0.0362363;0.0351525
3.7018e-06;0.00482973;1.59586e-06;3.58486e-07;1.02067e-05;5.03494e-08;2.05378e-07;0.00106091;8.87394e-07;5.97936e-09;1.74991e-06;0.992637;0.00145275;4.84621e-07
9.41872e-07;0.989497;3.75405e-08;2.05164e-06;1.73638e-06;1.77123e-05;4.52278e-07;0.00116228;4.34998e-08;7.19717e-07;3.80865e-08;0.00018231;0.00826037;0.000874467
7.15001e-08;0.000104693;8.9929e-09;3.1307e-08;9.39412e-09;6.52831e-08;2.74189e-09;0.0026932;5.91099e-09;3.76547e-10;2.27608e-07;2.22199e-07;0.997201;9.96517e-08
1.77383e-05;0.0270728;0.00462199;6.29141e-07;9.45923e-05;1.26811e-05;1.83821e-06;0.376416;4.00432e-07;6.29055e-06;4.21611e-07;5.81048e-05;0.589386;0.00231006
1.42724e-12;8.83544e-11;1;3.94531e-11;3.66146e-12;2.32381e-11;4.50156e-12;5.29695e-12;4.43899e-11;7.02161e-12;3.10004e-11;4.13972e-11;1.74816e-10;5.97213e-12
5.83584e-11;3.23168e-08;0.999987;1.71604e-09;1.52115e-11;2.5076e-10;7.69934e-12;5.13219e-08;4.27864e-10;4.56731e-11;8.25949e-11;1.26551e-05;2.73948e-10;4.60999e-08
2.12936e-09;1.27773e-05;2.27792e-06;9.8951e-08;3.33158e-05;6.8663e-05;1.28494e-10;5.69266e-09;1.18563e-09;2.03506e-08;6.19893e-09;3.48886e-07;1.01744e-07;0.999882
7.2226e-08;0.999544;1.35566e-09;7.05646e-08;6.53889e-08;1.10841e-05;8.82341e-09;2.7601e-07;4.24605e-09;1.6363e-07;2.02751e-08;7.23509e-05;0.000162598;0.000209598
5.39964e-10;1.02119e-05;0.999943;8.61858e-09;4.71703e-11;2.99049e-08;1.43056e-07;1.89407e-13;1.07561e-10;1.53873e-07;7.22341e-09;1.43648e-08;2.04741e-09;4.67717e-05
1.67409e-05;0.799626;1.85156e-05;8.18981e-06;6.36885e-07;5.38444e-06;0.00265647;0.00294176;3.4828e-05;8.36475e-07;0.000464574;9.29127e-06;0.194217;5.07746e-08
5.33361e-08;0.978801;1.63235e-08;1.9339e-07;4.26026e-05;9.47473e-06;2.7346e-10;0.00576053;3.59375e-09;1.08169e-07;3.37663e-09;9.96942e-07;0.0153536;3.13819e-05
1.94253e-05;0.18028;4.10337e-05;0.000858742;0.00225019;0.000606107;2.21662e-08;0.195032;3.15442e-06;2.91746e-05;5.35396e-06;0.583141;0.0120912;0.0256419
1.34886e-05;0.0494022;1.76267e-08;2.2679e-05;0.0001519;0.000279775;2.21723e-07;0.00755672;2.38933e-06;1.44272e-06;4.06304e-05;0.119026;0.822323;0.00117986
1.87877e-05;0.956645;0.000373461;0.000580649;0.000186667;0.000386078;0.000102768;0.0108594;5.04622e-06;2.13983e-05;4.0439e-05;0.00423661;0.0257758;0.000767734
0.000496049;0.0270969;0.00122149;0.0108025;0.00370286;0.00217213;2.31903e-06;0.137644;3.49504e-05;5.68338e-05;2.70303e-05;0.508005;0.296962;0.0117771
0.000178278;0.965959;6.77511e-06;2.32344e-06;1.80637e-06;7.45329e-06;0.00010408;0.0331524;1.80275e-05;1.11708e-05;1.15958e-06;7.20444e-07;0.000514165;4.26384e-05
4.92947e-13;2.51e-13;1;1.34031e-11;6.83271e-11;1.11768e-12;7.25407e-14;4.54664e-13;1.50667e-12;1.222e-12;5.04524e-13;3.47125e-08;1.44997e-15;2.58767e-10
5.76829e-06;0.00667049;1.64775e-05;1.14707e-05;0.00036481;4.06051e-06;8.21213e-06;0.990348;0.000123456;1.17092e-06;6.72419e-05;0.00177;0.000585499;2.38739e-05
4.91913e-09;0.999769;1.78336e-11;6.38786e-10;1.26749e-11;8.62458e-12;5.93353e-06;1.32535e-09;2.82467e-08;4.68245e-07;1.66902e-08;2.96572e-10;9.58694e-08;0.000224321
1.10403e-05;0.00606235;1.06025e-06;2.25924e-05;5.31572e-07;5.69955e-07;0.369291;8.64865e-06;0.0239714;2.52123e-05;0.59667;4.14647e-07;0.00393331;2.2559e-06
3.12577e-07;0.00115094;1.10494e-09;2.21572e-09;2.10641e-07;6.44758e-08;1.29805e-10;0.998828;7.67117e-09;4.19411e-09;8.01643e-10;2.42398e-07;1.87498e-05;1.24885e-06
2.13272e-08;0.0210016;6.20298e-06;2.67534e-08;1.29265e-05;1.4005e-06;3.62434e-10;0.00065661;1.05741e-09;7.3412e-09;8.34185e-09;0.977725;9.65555e-05;0.000499988
1.42658e-09;8.39566e-05;1.9353e-09;9.33479e-09;6.64166e-09;3.69717e-09;6.86919e-09;2.2251e-05;3.32667e-10;1.4745e-09;6.4361e-08;4.11409e-09;0.999894;1.11249e-09
1.0074e-06;3.32681e-05;1.20868e-06;9.02889e-07;1.29666e-06;2.80401e-09;3.17954e-10;3.39892e-06;3.91141e-07;4.36735e-08;4.79496e-07;0.999874;8.30529e-05;8.24565e-07
8.54411e-05;0.861053;2.56231e-08;1.46671e-06;5.29826e-06;3.58842e-08;4.42871e-07;0.138183;5.21296e-06;5.35795e-06;2.28304e-06;2.01518e-05;0.000634242;3.93502e-06
1.02506e-05;0.861664;2.43747e-05;9.03932e-07;1.74139e-06;6.54777e-06;7.76979e-07;0.00735764;6.6586e-07;1.3693e-05;1.69838e-06;0.130182;0.000719847;1.57612e-05
9.63339e-06;0.401834;7.51876e-11;0.0169559;0.000827175;0.00373408;0.00729045;0.251275;0.000510922;0.00991816;0.00303429;5.85687e-07;0.280802;0.023807
5.50843e-05;0.0181285;0.972262;0.00357442;5.94925e-06;2.94634e-07;4.13896e-06;1.07206e-06;5.9318e-07;0.000157437;8.82839e-06;0.00558826;5.08258e-07;0.000212902
4.35633e-05;0.0172575;5.81419e-09;1.72492e-05;2.18605e-06;2.33735e-08;9.43004e-06;0.982093;4.12352e-05;1.72129e-06;8.91293e-05;0.000378747;6.41197e-05;2.0521e-06
2.13234e-05;0.996246;0.000882143;2.74204e-05;3.30333e-07;6.80259e-07;2.43259e-06;4.03016e-07;3.6468e-07;8.50052e-06;9.88832e-06;0.000350027;0.00244518;5.0849e-06
7.83426e-05;0.00315276;3.10429e-08;1.18204e-08;6.09775e-09;6.42558e-10;4.56316e-07;1.28542e-07;5.44221e-07;4.01072e-09;1.40017e-06;0.993651;0.00302888;8.59076e-05
9.23402e-06;0.0147298;2.96216e-05;2.86206e-06;0.00526128;0.000591335;8.58825e-08;0.846498;2.88299e-06;1.5483e-06;5.78352e-09;0.00176057;0.123885;0.00722849
8.75545e-07;0.000274778;1.33692e-07;1.01119e-07;1.99018e-06;6.20822e-05;4.31188e-08;5.05582e-07;1.97903e-06;4.6165e-09;3.61763e-08;4.89079e-06;0.999653;2.94783e-08
8.76673e-07;5.14868e-05;0.999944;1.05083e-07;1.35826e-08;4.10384e-09;1.41708e-06;4.08217e-08;1.32787e-08;1.01175e-06;1.58438e-09;5.34285e-07;5.52775e-07;1.74348e-08
2.97015e-10;3.94466e-10;0.999999;2.71862e-09;4.68942e-11;2.66216e-10;2.02964e-09;4.59571e-11;5.63137e-08;2.50233e-10;1.889e-08;1.03051e-06;1.08596e-11;6.62096e-12
9.31362e-06;0.867983;1.18268e-05;2.44685e-07;6.98483e-08;1.60415e-07;2.54401e-05;0.000147001;1.82098e-05;4.05965e-07;2.92417e-05;0.0142555;0.117519;6.98224e-10
3.60092e-08;0.127529;3.03514e-06;1.4643e-06;1.48304e-06;3.33181e-06;2.41508e-08;7.68484e-05;1.34412e-06;2.2397e-07;2.78538e-06;0.870226;0.00207698;7.73977e-05
2.21725e-06;0.203504;4.04673e-10;9.36595e-06;0.000149992;3.87625e-05;1.50966e-07;0.774248;3.25727e-06;1.53951e-07;1.7979e-05;0.0214881;0.000396573;0.000141624
9.20122e-08;0.35692;1.81086e-07;1.83771e-08;2.86764e-10;1.41561e-10;1.54932e-08;3.31847e-05;3.80873e-10;9.29634e-10;4.6968e-09;0.642906;0.00014051;1.75898e-07
3.24016e-05;0.053452;0.000121999;1.27597e-05;4.42371e-05;0.000197482;1.58908e-05;0.0497461;2.84296e-06;9.19455e-06;7.03833e-06;0.558479;0.337825;5.41472e-05
7.39716e-07;4.3127e-05;4.39397e-06;8.99739e-07;5.1207e-07;5.52455e-07;2.39907e-07;0.000335824;3.84882e-07;7.56699e-08;7.14704e-07;6.04252e-05;0.999552;2.27914e-07
1.3963e-06;0.00081038;4.98555e-06;7.80535e-06;8.72328e-07;1.42325e-07;1.55561e-08;0.000146788;9.09212e-06;5.68874e-07;1.1395e-06;0.998709;0.000262927;4.50186e-05
3.15355e-06;0.996166;5.3545e-08;9.93838e-06;2.77135e-07;1.98032e-07;1.59353e-06;0.00223416;4.38668e-05;2.06002e-06;2.0582e-05;2.72848e-05;0.00134684;0.000144514
3.20808e-06;5.40539e-06;8.59269e-09;7.3499e-07;1.42894e-06;6.86848e-09;3.25986e-06;0.999904;1.97489e-05;1.48427e-06;1.10834e-06;1.00247e-08;5.63984e-07;5.88307e-05
0.000236267;0.0858783;0.00192731;0.000499437;0.00767563;0.000307462;0.00333456;0.876777;0.0106541;0.000136962;0.000227489;0.0112856;0.000614058;0.000445578
2.03652e-09;1.02119e-07;1;1.53237e-09;1.04594e-10;1.69028e-10;1.96661e-09;4.50452e-11;6.69348e-10;8.88257e-11;5.25712e-10;1.49352e-08;1.01755e-08;5.1971e-10
1.45193e-06;0.10866;0.000738159;5.64027e-06;8.8109e-07;1.13608e-07;9.62199e-08;1.4533e-05;1.61291e-05;5.12061e-09;2.50659e-05;0.88503;0.00539093;0.000117376
9.16068e-07;0.263454;0.000194597;1.91471e-06;0.0268531;3.27622e-05;2.34475e-07;0.196375;4.382e-08;3.77998e-06;5.31518e-08;0.000284446;0.00483557;0.507964
3.58588e-07;0.0182166;4.14612e-08;1.88818e-06;2.7986e-07;0.00130461;8.01697e-06;4.2005e-07;2.76492e-07;4.13974e-06;3.22779e-05;8.12898e-05;0.980253;9.70729e-05
6.35125e-08;3.86925e-07;0.999898;9.81223e-07;1.19871e-09;5.52649e-09;5.314e-06;9.74081e-11;2.62831e-09;5.98869e-06;2.63123e-07;8.41809e-05;5.19769e-06;3.8348e-08
5.02549e-09;3.29077e-10;0.999991;6.46294e-08;1.22629e-09;7.15584e-10;3.06702e-07;1.7623e-10;1.88213e-07;4.20903e-08;8.22905e-06;4.58466e-07;2.07691e-10;1.2187e-08
9.72969e-06;0.974639;3.42658e-07;1.67456e-05;2.78911e-06;4.52418e-06;1.23067e-06;0.00926797;8.62402e-06;7.34319e-06;2.36732e-05;3.66006e-05;0.0159745;6.98287e-06
2.69786e-05;0.0184978;9.54426e-08;3.16769e-05;2.05949e-06;5.51409e-08;1.49805e-06;0.156078;1.18834e-05;6.05218e-06;0.000282669;0.825047;1.29469e-05;1.74692e-06
1.74067e-07;0.999671;7.96876e-08;3.23262e-07;1.67443e-07;1.88366e-06;9.90508e-09;3.13898e-06;3.39814e-11;1.05542e-06;5.66866e-09;0.000201797;0.000118428;1.8054e-06
3.02624e-06;0.000301564;7.78819e-11;1.77478e-07;3.99079e-07;1.33628e-05;3.79959e-06;1.79786e-07;3.73715e-08;4.62197e-08;1.87722e-06;0.000416599;0.999255;4.14642e-06
5.7158e-07;6.64079e-05;0.999885;2.31305e-08;1.64903e-05;2.10489e-07;4.25554e-09;7.06244e-06;3.37632e-10;1.03294e-08;1.25744e-11;1.25652e-05;1.20271e-05;5.32891e-08
1.93081e-08;9.49916e-05;8.49466e-09;8.65783e-08;4.6075e-07;2.96587e-05;1.66505e-09;4.65544e-06;8.27063e-09;3.07745e-09;1.82674e-09;1.05762e-07;0.999869;7.89937e-07
6.65275e-07;0.000856184;0.998953;2.44028e-06;1.91853e-06;4.93471e-07;6.64289e-06;7.66938e-07;1.17035e-08;3.11829e-05;4.46192e-09;0.000127971;4.99082e-07;1.80126e-05
1.46417e-08;4.7619e-10;0.999994;8.07778e-08;1.87932e-08;6.13137e-09;1.39386e-07;4.04744e-10;3.2499e-07;7.30833e-09;8.27132e-07;4.19154e-06;6.32281e-09;3.97996e-09
4.87996e-06;0.00523421;1.03123e-06;1.08563e-07;3.01713e-07;6.42196e-08;2.32912e-07;0.994717;2.06669e-06;3.58983e-07;4.68321e-07;2.02616e-05;1.91172e-05;3.04308e-07
3.19133e-07;0.000725765;2.43021e-05;1.59714e-05;1.13753e-05;1.42326e-06;1.18756e-07;2.91154e-05;7.87962e-06;2.06758e-07;5.21585e-05;0.997416;1.97933e-05;0.00169592
1.05185e-05;0.96803;0.0015854;2.28648e-06;3.40718e-05;2.69468e-07;4.86066e-09;0.011607;6.27771e-09;4.10116e-08;1.8035e-07;0.000214059;0.0185159;4.5593e-07
5.20905e-08;0.999959;1.92101e-11;9.22553e-10;1.12463e-08;3.46466e-12;3.35619e-05;4.264e-10;6.04953e-10;2.57362e-06;9.48812e-10;5.88626e-10;7.14233e-10;4.7531e-06
4.28166e-11;9.48331e-13;1;7.18315e-12;1.03807e-07;1.02288e-12;1.14244e-11;6.33662e-12;1.10046e-10;2.80915e-12;7.48983e-12;3.37757e-08;7.06522e-16;6.78913e-13
4.83999e-05;0.000557336;2.12595e-07;1.76783e-07;4.24245e-05;0.000181346;3.04332e-07;0.993487;9.01094e-05;5.05125e-07;1.55871e-06;0.00396782;0.00162206;2.74167e-07
2.77208e-06;0.000440953;4.16141e-09;1.45073e-07;1.95445e-07;6.83356e-07;2.26341e-07;0.00129946;1.95167e-05;4.29006e-08;2.43312e-05;5.20389e-06;0.998206;1.07395e-08
3.71978e-06;0.000155952;1.31167e-06;1.45272e-06;1.96937e-06;5.49529e-09;9.34132e-10;0.000246229;2.03528e-05;6.41339e-08;1.45364e-06;0.999456;0.000111813;4.117e-08
1.73666e-06;0.997625;0.000251382;5.22861e-06;1.14731e-06;3.33253e-09;1.08481e-07;3.27881e-05;1.51893e-07;1.23525e-07;1.58913e-07;0.00208146;4.27647e-07;1.55092e-07
2.63112e-06;0.00967219;2.60311e-05;8.60665e-06;1.58638e-05;9.48495e-07;1.08558e-08;0.988252;3.5283e-06;1.80696e-07;6.05402e-07;0.00129387;0.000500487;0.000223113
2.09847e-05;0.934497;1.89722e-11;7.02911e-07;5.3695e-07;4.42498e-06;5.22689e-06;0.000504689;2.54973e-05;1.29425e-06;8.47292e-05;1.67562e-05;0.064795;4.3364e-05
2.23844e-08;4.80231e-05;1.63406e-07;1.76974e-10;1.39877e-09;1.47031e-10;1.33432e-09;1.19438e-10;1.39449e-10;6.16223e-11;2.07669e-10;0.99995;1.5735e-06;2.08942e-07
9.75173e-05;0.0209988;2.91667e-07;1.65457e-05;0.00124592;0.000427163;1.5488e-06;0.258397;0.00242296;1.73075e-07;8.76272e-06;0.00311401;0.713263;6.24068e-06
1.18169e-05;0.996959;2.8583e-08;5.00585e-08;6.22643e-07;6.38841e-07;2.45158e-07;0.00291007;2.08443e-08;3.8735e-07;6.71134e-10;8.22773e-09;1.31704e-05;0.000104346
2.8912e-12;4.83332e-13;1;2.52121e-12;6.49807e-11;8.264e-13;3.12349e-15;2.81574e-12;1.94625e-13;7.45272e-14;9.41643e-15;5.57532e-09;1.00467e-14;1.29566e-11
2.87904e-06;0.000129958;5.64185e-05;1.66563e-06;0.000717932;5.15126e-06;3.21782e-08;0.985705;6.16062e-05;9.11711e-08;1.27039e-06;0.0132845;6.48227e-06;2.70967e-05
1.07346e-08;0.996153;5.69842e-11;1.29398e-09;5.72178e-11;1.35484e-10;4.70718e-06;4.81286e-08;7.04664e-08;6.50674e-07;1.58877e-08;9.09827e-11;1.00701e-08;0.00384136
4.95753e-05;0.485941;1.49867e-05;1.40606e-05;5.80044e-08;1.64376e-06;0.489653;0.000624408;0.00371259;6.13888e-05;0.0161564;9.60435e-05;0.003668;7.91175e-06
5.86798e-06;0.52976;1.75662e-10;1.17949e-08;1.03848e-08;1.08444e-08;6.6108e-07;1.26979e-06;1.89543e-07;1.87698e-08;1.86481e-08;1.42873e-05;0.470217;2.93101e-09
3.40424e-09;4.35897e-05;2.65357e-08;1.71456e-08;3.18527e-07;1.05382e-08;1.8498e-11;5.60738e-06;6.09836e-10;1.30976e-09;1.7545e-10;0.999919;3.09423e-05;2.52055e-07
5.72723e-08;0.998476;8.82335e-11;4.98096e-06;4.57263e-08;4.06704e-09;0.00136659;3.44126e-05;7.7913e-07;0.000100115;5.10773e-06;6.47066e-07;6.79379e-08;1.0725e-05
6.06651e-06;0.000191126;0.998743;9.62106e-06;1.04511e-08;1.15346e-07;4.83231e-05;1.42533e-06;1.09762e-06;4.66823e-07;2.8618e-05;0.00084585;0.000124768;4.91765e-08
4.65785e-06;0.995385;1.83535e-08;2.25282e-06;5.67149e-08;1.63645e-07;1.51743e-07;0.00456773;2.79804e-06;1.0167e-07;4.48977e-07;2.2578e-05;1.06438e-05;3.32217e-06
8.27665e-06;0.000119132;4.44546e-05;5.07367e-06;2.24713e-07;2.65197e-08;2.68638e-07;1.06992e-06;7.38061e-05;9.63782e-07;4.09284e-06;0.998799;0.000925836;1.81694e-05
1.88296e-06;0.993311;0.000237228;7.88601e-07;1.61504e-06;3.27723e-08;1.71709e-08;3.59957e-08;9.06844e-10;8.54902e-08;6.35417e-09;0.000143382;0.00630148;2.55582e-06
3.07449e-05;0.0114906;8.50555e-06;2.41277e-07;0.0021377;1.1889e-05;1.20976e-07;0.939313;1.80988e-06;8.38311e-07;9.45103e-08;0.0424031;0.00209524;0.00250647
8.73905e-08;0.0029268;6.86076e-12;3.87593e-06;9.02279e-05;0.0289339;3.05114e-07;7.20892e-05;1.12119e-07;7.75974e-06;5.12438e-08;5.0459e-05;0.96762;0.000294473
2.91402e-06;3.93462e-06;0.953302;1.42295e-05;9.9407e-08;8.90148e-08;0.000185477;1.52184e-09;2.52107e-08;0.00057926;6.86617e-08;0.045902;4.76211e-06;5.42108e-06
7.72766e-08;6.09788e-09;0.999967;6.48154e-08;2.41968e-10;2.69933e-09;1.65781e-05;4.75475e-10;3.9751e-06;2.22726e-08;1.25187e-05;1.56005e-07;2.76731e-09;1.43407e-09
1.81002e-06;0.993715;6.05622e-09;1.09027e-07;8.20572e-08;8.71922e-08;1.47123e-06;0.00427561;4.62819e-06;1.65253e-07;6.99343e-07;1.19433e-06;0.00199918;2.92596e-07
7.84907e-06;0.182036;3.20263e-08;3.07033e-05;1.45341e-06;1.27109e-07;6.51191e-07;0.0464059;0.000298086;9.46677e-07;0.000225983;0.768056;0.00293361;3.04223e-06
4.64608e-06;0.192074;0.000133586;4.84171e-05;2.41487e-05;6.18147e-05;3.71601e-07;7.5106e-06;4.41713e-09;1.70723e-05;1.34589e-06;0.0889403;0.718654;3.22756e-05
0.000332923;0.227714;0.00208313;1.77069e-05;0.00473487;0.000175464;6.37931e-05;0.181704;3.18088e-05;6.78959e-06;8.43742e-05;0.566072;0.0127;0.00428007
1.23269e-05;0.00914467;4.0253e-10;0.000258088;0.0123063;0.0476147;1.57092e-06;0.0141501;5.81723e-05;3.36622e-06;9.96579e-06;0.000640057;0.909759;0.00604199
0.00046046;0.405062;0.591032;7.99768e-05;6.99251e-06;6.34801e-07;0.000186685;4.58892e-06;2.14799e-07;0.000629621;1.80884e-07;0.00233892;8.11386e-05;0.000115773
9.54838e-09;1.54001e-10;0.999997;9.95518e-09;4.71093e-11;6.62811e-11;5.26296e-09;3.16708e-12;2.2258e-08;2.94245e-10;3.22381e-07;2.76776e-06;1.13614e-09;1.44514e-10
6.73407e-05;0.86753;6.15661e-08;6.73505e-07;1.03948e-06;3.04523e-08;7.13301e-07;0.130931;7.81861e-05;3.8611e-06;1.73159e-05;0.000409408;0.000950869;1.00145e-05
1.8458e-06;0.886014;5.63503e-06;6.69267e-08;1.72076e-07;4.98162e-07;5.99309e-07;0.00636626;3.32612e-07;3.38842e-06;1.14058e-06;0.106947;0.000652517;6.60493e-06
5.36024e-06;0.579057;9.55405e-12;0.00353321;0.00028541;0.000352589;0.0167564;0.0542289;0.000741662;0.0099722;0.00329861;1.37839e-06;0.327041;0.00472587
0.000873779;0.260545;0.711831;0.0158912;7.21474e-05;8.31809e-07;0.000226211;2.73699e-05;4.96025e-05;0.00497925;4.84656e-05;0.00492208;4.18664e-06;0.000528598
0.00034084;0.0406004;9.96015e-08;6.87546e-05;6.1032e-06;5.31105e-08;5.93031e-05;0.898151;0.00089241;1.28134e-05;8.78172e-05;0.0595928;0.000180353;6.92031e-06
1.46055e-05;0.998157;6.77564e-05;5.46188e-06;7.99217e-08;1.13261e-07;1.56702e-06;2.59676e-07;3.08407e-07;3.80585e-06;8.43012e-07;0.000101197;0.00164523;1.33352e-06
2.24e-05;0.000642647;1.56933e-08;3.47384e-09;1.38426e-09;1.48406e-10;8.38861e-08;2.31623e-08;2.01898e-07;1.20087e-09;9.76891e-08;0.998061;0.00123376;3.95121e-05
6.86164e-06;0.0139669;1.44162e-05;1.13631e-06;0.00146273;0.000242597;1.32452e-07;0.699943;2.00061e-06;7.22279e-07;1.80036e-09;0.00301729;0.278084;0.00325738
1.45599e-07;0.00031936;1.39215e-08;2.45315e-08;1.00988e-06;7.35898e-05;2.49865e-08;1.74532e-06;6.54832e-07;1.65949e-09;2.93078e-09;1.47713e-06;0.999602;2.31721e-08
2.13773e-07;1.25213e-05;0.999986;7.17419e-08;1.06493e-08;7.77021e-09;2.19685e-07;3.82166e-08;4.56071e-09;2.27524e-07;5.10312e-10;3.70381e-07;6.36391e-07;5.83541e-08
2.22458e-09;2.43731e-09;0.999999;1.64663e-08;4.66958e-10;1.34633e-09;6.29199e-08;5.30165e-09;1.91405e-07;1.02421e-09;9.48659e-08;8.76566e-07;4.06035e-11;2.87655e-11
3.33039e-05;0.405173;1.83238e-05;1.30946e-05;3.16581e-06;6.03542e-06;9.03572e-07;0.324189;0.000124278;6.54514e-07;4.85003e-05;0.0489187;0.221469;2.42476e-06
8.88757e-06;0.7906;0.00735542;0.000219958;0.0281863;7.30659e-05;1.6836e-06;0.0248613;2.89165e-05;1.97276e-06;1.90589e-05;0.0434473;0.0969888;0.00820744
7.48951e-07;0.812165;1.29762e-07;6.89486e-06;1.01339e-05;2.48741e-06;2.54099e-05;0.0242761;1.09076e-06;8.20162e-07;4.32299e-05;0.00180141;0.161663;3.54103e-06
2.07187e-06;0.00294695;7.17999e-06;5.35038e-06;5.96884e-05;6.29973e-06;1.424e-06;0.0469965;2.14159e-07;8.66278e-07;1.62223e-05;7.29999e-05;0.949856;2.77946e-05
1.28147e-05;0.000315986;0.000104678;5.5528e-06;2.46034e-06;3.23728e-08;3.8455e-07;3.01437e-06;0.000187472;5.25907e-07;4.70289e-05;0.999208;9.9694e-05;1.23624e-05
4.73236e-08;0.999988;1.68813e-07;1.64078e-07;9.9126e-09;1.05542e-09;1.13112e-08;2.61628e-06;1.04666e-08;7.48267e-09;6.53007e-08;1.29139e-06;7.54901e-06;2.43519e-09
1.81491e-06;0.933895;7.55667e-07;3.59539e-07;4.77875e-08;8.8882e-08;2.56051e-06;4.52708e-06;4.85063e-08;9.27188e-07;1.89696e-06;0.0381743;0.0279177;8.51939e-09
2.68512e-07;0.379054;4.94449e-06;1.01589e-05;1.07707e-05;5.89807e-05;4.57723e-07;0.00205585;3.93024e-07;2.82578e-06;4.49339e-06;0.612707;0.000494545;0.00559619
3.15605e-05;0.208751;6.62318e-10;0.000368867;0.0111964;0.00580387;1.3342e-06;0.679396;5.70154e-05;1.38094e-06;0.000507999;0.0656349;0.00419938;0.0240504
1.58616e-06;0.948807;2.30228e-06;1.05393e-07;2.10151e-09;3.12736e-09;3.49429e-08;3.83782e-05;1.20507e-09;6.61784e-09;2.95011e-08;0.0468216;0.00428075;4.79095e-05
9.26414e-06;0.0111374;9.30575e-05;4.5926e-05;0.000445624;0.000671762;6.01246e-06;0.0570022;1.22335e-05;1.0919e-05;6.8796e-05;0.845676;0.0843517;0.000468767
1.21066e-05;0.00417537;2.94369e-06;5.46456e-06;1.01329e-05;2.39091e-05;1.85772e-06;0.0196287;8.68752e-07;6.50389e-07;8.22477e-06;0.00402828;0.972086;1.51621e-05
3.25725e-06;0.0156407;4.19143e-06;1.01924e-06;4.61416e-07;7.25425e-07;4.9055e-09;0.00016459;1.72763e-07;6.06894e-08;1.37636e-07;0.031269;0.952915;4.06194e-07
1.41707e-05;0.892815;0.0412817;1.23948e-05;4.98407e-05;2.4944e-07;2.13584e-07;0.0585386;7.247e-08;1.36279e-06;9.52376e-07;0.00555925;0.00167515;5.11509e-05
1.56243e-06;0.697423;1.59773e-08;3.84846e-05;2.4194e-05;0.00315133;0.000189815;0.0109018;4.51904e-06;0.000302076;5.1826e-05;3.42842e-07;0.28625;0.00166166
4.17626e-09;5.94732e-09;0.999999;2.01924e-08;2.2248e-09;1.10181e-09;1.29482e-07;7.30522e-09;3.02865e-08;1.07676e-08;2.15733e-07;1.87525e-07;2.20079e-10;3.60652e-08
4.10007e-09;3.415e-07;8.24618e-07;1.11038e-08;1.07577e-08;3.72989e-09;8.29499e-09;1.95087e-07;1.52314e-09;1.93242e-09;1.37342e-09;5.02865e-08;3.14488e-09;0.999999
1.39388e-07;7.16071e-05;1.46079e-09;8.48981e-09;0.000235644;3.9511e-07;8.17722e-09;0.999671;1.36257e-06;2.45815e-09;6.17996e-08;9.20988e-06;8.88741e-06;1.90873e-06
2.32722e-09;1.32792e-05;0.999969;3.96054e-09;7.90025e-07;1.65587e-08;4.81961e-11;3.12617e-08;2.48142e-12;1.09412e-09;6.4037e-10;1.52801e-05;1.0868e-06;1.73061e-07
6.36931e-09;0.999992;1.15268e-09;7.48709e-10;6.40698e-10;6.82989e-10;4.24106e-10;4.60695e-06;4.13205e-09;1.28127e-11;6.96194e-09;1.7421e-07;3.12679e-06;1.50959e-08
6.08395e-07;0.99438;1.12645e-09;2.16732e-06;8.00799e-05;1.1994e-07;5.04632e-09;0.0032854;1.3634e-07;6.5942e-08;1.94579e-07;0.00044369;0.00152635;0.000280784
3.09592e-09;0.995934;2.49574e-07;1.68001e-07;6.071e-05;3.56801e-07;4.37532e-10;0.00268745;2.15161e-11;5.2117e-07;2.75173e-11;7.02465e-05;0.00115806;8.81983e-05
3.11309e-09;5.05042e-05;1.41186e-09;2.26844e-06;9.16468e-08;3.69451e-05;1.81531e-07;7.63609e-06;7.44659e-10;8.34753e-07;3.10644e-07;1.11094e-06;0.9999;6.68086e-07
2.5238e-09;2.89369e-08;0.999997;4.02016e-07;1.9399e-09;1.67543e-09;1.85448e-07;1.42648e-11;1.17514e-11;2.48249e-06;3.39857e-09;2.09533e-07;1.02813e-09;3.18048e-09
1.75079e-07;3.08144e-06;0.999906;3.109e-07;5.75532e-09;7.01232e-09;1.69205e-05;5.42638e-09;5.09536e-07;3.68347e-08;6.99165e-05;2.72182e-06;6.73669e-08;7.66141e-09
1.48184e-07;0.984175;1.35666e-10;3.3525e-07;2.16292e-09;1.12103e-08;4.50901e-09;0.0158223;2.22702e-07;1.24089e-08;4.36492e-07;1.37762e-08;1.11099e-06;8.02028e-08
3.16225e-09;4.39308e-05;1.88124e-06;4.39048e-09;1.67689e-09;7.27096e-11;9.26569e-12;1.86111e-08;3.85741e-11;4.72134e-10;1.76074e-09;0.999954;9.7272e-09;4.07169e-09
2.04188e-07;0.990029;1.41978e-13;6.83202e-10;3.61466e-10;3.38075e-09;6.41635e-07;4.10083e-07;1.3045e-08;1.75433e-09;3.76155e-07;2.02421e-09;0.0099692;3.13198e-07
1.27975e-08;5.45354e-05;1.63589e-06;2.65423e-08;2.44605e-07;4.68092e-08;5.61179e-09;9.01903e-06;1.41637e-08;5.60458e-10;1.11162e-07;0.999472;0.00046172;3.47389e-07
8.54241e-06;0.151888;3.21263e-08;6.36538e-06;0.00371894;0.000115422;3.93974e-06;0.804159;1.29083e-06;5.37244e-07;3.62337e-06;0.00212508;0.03795;1.98341e-05
4.77549e-05;0.307867;9.4812e-09;4.38839e-05;1.12273e-05;0.000381819;7.55615e-07;0.000183057;1.76713e-06;9.99581e-07;4.93703e-06;0.000626889;0.690704;0.000126334
3.37427e-07;7.42238e-06;0.997697;5.35954e-08;1.28306e-07;1.44144e-08;6.40239e-11;2.69736e-07;9.32362e-10;1.7253e-08;6.49667e-11;0.00228295;1.362e-08;1.15899e-05
3.90829e-07;0.995516;6.64127e-09;1.49367e-06;9.05203e-07;1.02118e-06;2.63112e-07;0.00281393;3.77883e-06;2.65254e-08;7.62391e-06;2.37149e-05;0.00162749;3.43654e-06
2.84492e-06;0.98576;3.95837e-06;3.0958e-08;3.77516e-08;2.79896e-07;1.40829e-07;0.0068142;1.76184e-06;3.99128e-08;4.54866e-07;0.000292531;0.00712411;9.97069e-08
1.59633e-08;0.000293266;4.21653e-07;5.62015e-06;1.79002e-05;4.63823e-06;1.30855e-09;0.00428907;4.42934e-06;5.86133e-08;6.62087e-07;0.995208;1.27889e-06;0.000174992
6.30272e-07;0.999348;1.26366e-08;1.36506e-08;1.89901e-10;2.63568e-09;1.30268e-06;2.9405e-06;2.22396e-08;8.19481e-09;1.60509e-06;4.4279e-06;0.000641343;1.3647e-10
3.67075e-06;0.299489;2.64103e-06;2.04268e-06;1.37763e-05;5.3847e-05;5.39937e-08;0.00047738;3.0431e-06;9.17409e-07;1.26033e-06;0.687377;0.0050585;0.00751711
0.000152576;0.0623189;1.31644e-09;1.14584e-05;0.00472671;0.000246555;6.75241e-07;0.925695;0.000493618;1.26457e-06;4.48547e-06;0.00520425;0.000721635;0.000422933
8.80434e-05;0.0657204;6.69888e-05;3.31817e-07;2.18429e-07;6.10127e-09;1.27429e-07;0.00020872;7.17796e-07;1.25419e-07;2.50189e-07;0.933582;0.000330319;1.51679e-06
0.00041158;0.0531038;3.81e-06;1.63634e-05;0.00121163;0.00137389;1.44656e-05;0.862183;0.000107151;8.77593e-05;2.53119e-06;0.0427865;0.0377113;0.000986348
2.37988e-06;0.000225348;2.72578e-08;5.9579e-07;2.03884e-07;3.73836e-06;3.99243e-07;5.30927e-05;4.00092e-06;1.29876e-07;1.42413e-06;3.42638e-05;0.999674;1.25719e-07
1.09789e-05;0.00108954;1.12507e-05;5.20955e-05;3.88259e-06;5.56926e-07;2.60954e-08;0.000232395;5.67665e-05;3.01784e-06;1.70837e-06;0.998479;5.55126e-05;3.38455e-06
1.39901e-05;0.999721;5.58201e-06;3.63821e-05;3.46715e-07;2.09302e-07;3.72438e-06;0.000117895;2.64154e-06;5.74009e-07;2.50177e-06;8.4618e-05;9.99354e-06;1.05428e-06
2.89149e-05;0.524084;3.1417e-08;9.42546e-07;8.88418e-09;8.58181e-08;1.26688e-06;1.57025e-06;2.00891e-06;1.0788e-07;1.20328e-05;0.000170884;0.475698;3.70119e-09
2.24663e-06;0.046379;9.73715e-06;2.0961e-06;0.000845581;0.000138183;1.37163e-09;0.00222436;2.0879e-07;6.01504e-06;2.87685e-08;0.739613;0.000199749;0.21058
4.09201e-05;0.928033;4.41429e-08;1.01865e-05;0.00135514;0.000152934;1.55005e-06;0.0010346;3.8558e-06;9.28867e-06;2.04982e-05;0.0532148;0.00305333;0.01307
3.76216e-06;0.142385;2.81116e-06;4.62291e-08;1.94499e-06;1.73831e-08;8.60894e-08;0.00203831;1.92797e-08;2.89511e-08;3.33212e-07;0.855248;0.000298906;2.01893e-05
1.00951e-06;0.22882;2.24168e-08;7.10312e-07;0.000388413;0.000459443;6.50076e-08;0.322311;3.01457e-08;2.48818e-07;1.50181e-07;0.0031262;0.444856;3.64997e-05
1.3112e-07;3.17439e-05;1.8372e-08;2.32024e-07;2.47863e-08;2.52572e-06;7.44467e-09;1.3019e-05;8.67333e-09;4.17622e-09;2.57783e-07;0.000670928;0.99928;1.53492e-06
2.01997e-06;0.000232876;0.000250276;2.74167e-06;7.94706e-07;1.55993e-07;8.39626e-10;0.000140708;3.9983e-07;1.08491e-08;1.23965e-06;0.996049;0.00331959;9.26062e-08
1.39663e-05;0.661604;4.43304e-08;4.21655e-06;1.41297e-05;1.48194e-08;1.56186e-06;0.338051;4.64562e-05;1.21143e-06;1.81089e-05;0.000153555;9.09929e-05;8.25191e-07
1.7373e-06;0.0371671;0.959611;0.00016657;1.55451e-05;2.48601e-07;6.11371e-07;6.07821e-10;8.93659e-09;9.01176e-06;2.13408e-06;0.000582482;0.00243175;1.18154e-05
3.06269e-05;0.0989221;8.43318e-08;1.02634e-06;0.000519344;6.68223e-08;1.08599e-05;0.899662;3.81509e-06;4.6286e-06;4.85113e-06;3.91259e-05;0.000728529;7.2539e-05
1.35864e-05;0.0204715;0.370224;9.80903e-05;0.199229;0.000364606;1.52858e-06;4.64689e-05;3.88995e-07;0.000174023;3.32488e-06;0.397172;0.000110268;0.0120913
0.000141579;0.000303344;3.63116e-10;2.74892e-06;1.01419e-05;0.00103681;5.97622e-05;6.02309e-05;0.0064878;2.78611e-06;0.000505281;2.36043e-06;0.991385;2.14699e-06
0.000295055;0.276217;0.718279;2.19396e-06;4.09559e-05;6.58304e-07;2.66752e-07;4.29257e-05;7.63424e-07;5.18641e-06;2.411e-08;0.00507112;4.50121e-05;1.06322e-07
0.000134506;0.957871;3.30925e-07;0.000108426;1.8353e-05;0.000103241;3.43586e-05;0.0200564;0.0097673;1.18041e-05;0.000604489;2.32786e-05;0.0107178;0.000549204
1.15081e-05;0.999067;5.98671e-05;9.17633e-08;1.51249e-08;6.54467e-10;5.24762e-07;2.18118e-05;9.13678e-07;1.37472e-07;1.65357e-07;0.000828846;9.44404e-06;1.21488e-07
1.17651e-05;0.97901;3.75424e-09;1.52561e-05;0.000954507;9.56284e-07;1.00603e-06;0.0198668;3.32614e-05;1.08292e-05;3.37391e-08;7.79062e-05;1.64525e-07;1.79565e-05
3.83145e-05;0.00104191;0.000467222;1.5033e-05;3.67555e-05;6.95465e-05;4.16394e-07;3.13723e-05;2.36989e-07;2.0519e-05;3.30157e-07;0.998178;4.24173e-05;5.77208e-05
0.000298988;0.0150096;5.81958e-10;8.87333e-06;1.05629e-07;1.76089e-06;0.000166667;0.000498194;0.000854675;1.10033e-06;0.00131058;5.59029e-05;0.981792;1.35343e-06
0.000823668;0.0122297;0.000100029;9.54888e-05;1.19866e-05;5.72493e-06;1.9632e-07;0.0138225;0.000114723;1.37218e-05;9.21219e-06;0.937909;0.0348203;4.39213e-05
4.24628e-05;0.00421314;7.6742e-08;1.1536e-05;6.0036e-05;1.06568e-06;1.27089e-07;0.991378;5.08699e-05;3.16794e-06;2.23754e-06;0.00174894;0.00158905;0.000899142
0.000170747;0.0215239;0.636315;0.000473436;0.00198748;0.000216694;3.40799e-06;0.000242061;1.53897e-07;0.00031305;1.18432e-05;0.134579;0.200767;0.00339725
7.67077e-05;0.424224;1.38498e-09;2.05289e-05;5.65316e-06;9.49506e-07;0.0228627;0.00017028;0.000188547;0.000594773;0.00040855;0.000112751;0.000344269;0.55099
2.30024e-05;0.0040875;1.50482e-06;1.2855e-05;5.45198e-06;1.62947e-05;0.960699;6.34859e-05;0.00523621;2.17586e-05;0.0285799;1.59336e-07;0.00125224;1.51939e-07
6.02981e-05;0.998742;0.000954141;1.90765e-07;7.7049e-07;6.00164e-08;1.9507e-06;0.00019965;2.59232e-07;1.28759e-06;6.04088e-09;3.30419e-05;5.75462e-06;1.98727e-07
2.89673e-09;7.64375e-09;0.999998;7.59205e-11;3.32648e-11;1.54581e-11;3.07726e-11;2.54577e-10;1.80695e-08;3.24288e-11;2.69944e-10;2.27012e-06;6.33907e-12;2.96515e-11
1.47295e-05;0.0021008;0.000718947;2.17381e-07;4.97885e-07;1.25913e-08;4.77595e-08;0.992876;3.61443e-05;2.08897e-07;1.13161e-06;0.00415776;8.7791e-05;5.95029e-06
5.72378e-07;0.958805;5.33073e-11;1.32837e-06;1.36391e-07;1.07888e-07;0.000330736;1.17575e-06;2.73473e-05;0.000811053;2.17891e-05;2.51545e-06;5.85415e-06;0.0399919
4.0276e-05;0.000279121;2.41854e-08;7.32049e-06;4.16722e-07;1.24105e-07;0.767942;0.000114532;0.1933;6.9375e-06;0.0382007;3.29817e-08;0.00010881;5.03439e-08
2.32699e-06;0.999949;1.48353e-07;8.86314e-08;1.87938e-07;2.40681e-09;6.89131e-09;4.24724e-05;2.61385e-07;1.93217e-08;1.95272e-09;1.70875e-08;5.43664e-06;2.70889e-08
1.64161e-06;0.999427;7.0661e-11;1.4761e-07;5.07221e-08;1.26661e-09;1.31645e-05;7.50245e-05;1.05448e-07;3.79548e-05;1.48309e-10;5.066e-10;1.84076e-07;0.000444259
1.7679e-12;1.92649e-13;1;1.71266e-11;3.42198e-10;1.48986e-11;4.02278e-13;1.20181e-13;1.95522e-12;1.56112e-12;6.07075e-13;3.17636e-07;6.35634e-16;2.18836e-10
4.30346e-06;0.0139938;4.74897e-09;4.73431e-08;0.000178007;1.91782e-05;5.18716e-07;0.00371282;2.14652e-06;1.05243e-08;8.11896e-07;0.000702508;0.981385;1.22543e-06
1.14836e-07;0.99625;1.17355e-11;2.97067e-07;2.60902e-06;3.20284e-07;0.000276999;0.000147261;7.75853e-08;2.63161e-05;1.24939e-07;2.47323e-09;2.53341e-05;0.00327044
2.16625e-12;3.96083e-11;1;1.54165e-11;1.90487e-12;1.4222e-12;2.00611e-12;7.67027e-12;3.16944e-12;5.82713e-13;5.77921e-11;2.58523e-10;2.10819e-14;1.19775e-13
9.39256e-05;0.961278;3.07487e-05;0.000765657;4.45146e-06;7.42536e-05;0.000254462;0.00167885;0.00528982;3.18078e-05;0.0244757;3.33798e-05;0.00522247;0.000766776
5.35574e-06;0.996053;3.52314e-05;1.29836e-06;2.21758e-07;1.3234e-09;4.16745e-06;1.25103e-05;1.14068e-06;1.34427e-06;2.27493e-05;0.00385325;9.34916e-06;5.89978e-08
3.95412e-08;0.999925;4.73834e-12;3.5152e-07;1.0762e-07;7.69864e-10;6.40457e-08;2.68137e-05;2.76072e-09;1.11176e-07;4.10982e-08;4.72123e-05;6.63862e-08;1.77207e-08
9.73791e-05;0.00317276;0.0128685;0.000259673;0.000582674;0.000977621;4.45953e-06;9.85319e-05;2.6939e-07;0.00047924;3.14844e-05;0.977095;2.18427e-05;0.00431083
5.21548e-06;0.000272639;2.75522e-10;7.14451e-08;1.12584e-07;2.5594e-07;1.30666e-06;0.00158542;6.88158e-06;1.10133e-08;3.24082e-05;3.62163e-06;0.998092;7.19386e-10
5.28041e-05;0.000248457;6.81388e-06;1.63763e-05;7.79445e-05;4.83875e-06;9.44875e-09;0.000907569;5.53489e-05;5.5669e-07;5.26175e-06;0.997926;0.000641278;5.67518e-05
2.25602e-06;2.84278e-06;2.04948e-11;1.35313e-09;1.93137e-09;3.5137e-09;5.50991e-09;0.999986;1.31643e-07;1.20104e-09;9.61259e-10;5.43257e-09;9.02446e-06;3.75305e-09
7.76676e-08;0.000586951;1.40931e-06;0.000108597;0.000719657;9.89991e-05;5.46023e-09;9.45273e-06;6.5123e-06;7.11767e-07;2.7257e-06;0.987092;2.49115e-06;0.0113704
1.4873e-07;0.999736;1.6576e-12;3.16706e-09;2.78288e-09;1.46521e-10;3.40331e-05;0.000216111;1.43375e-09;7.78512e-08;4.47151e-09;2.43825e-12;1.28595e-05;8.4364e-07
4.10711e-15;8.8294e-14;1;4.06461e-13;1.32249e-11;2.5709e-13;7.38237e-15;2.71693e-16;2.38128e-15;1.16278e-14;4.23192e-15;4.56948e-08;3.70063e-17;3.57369e-12
1.9855e-08;0.999598;5.55732e-09;1.2943e-06;2.52646e-06;1.88166e-07;1.974e-08;1.8815e-05;9.52449e-09;3.04997e-09;7.28208e-08;9.36443e-08;0.000185326;0.000193845
7.12906e-07;0.00255995;4.53689e-08;3.1329e-07;0.00181683;0.000762707;2.02597e-08;0.994186;2.92426e-06;9.53882e-08;6.3216e-07;7.58173e-05;0.000206293;0.000387798
1.89421e-06;0.000359416;1.2191e-07;7.20916e-06;0.00013727;0.000682309;1.53296e-07;0.0113261;3.45462e-06;2.39366e-06;1.39728e-05;4.00935e-05;0.987408;1.71814e-05
0.000117216;0.00126258;2.00652e-06;2.71722e-05;1.32976e-05;7.24352e-07;7.98774e-08;1.98714e-06;0.000243653;6.93141e-07;0.000117336;0.998126;8.57664e-05;1.63534e-06
5.51372e-06;0.999685;5.15211e-09;2.09198e-09;1.10771e-10;4.15625e-11;3.48574e-08;8.72824e-09;2.04893e-08;2.0515e-09;3.51817e-08;5.70677e-07;0.000309295;2.62031e-10
2.07004e-06;0.855765;8.80168e-11;3.63548e-06;0.000168468;3.9287e-06;0.00109949;0.00269399;1.94131e-05;0.0010616;4.79551e-07;5.30607e-06;4.70956e-06;0.139172
1.9104e-08;2.68937e-09;0.999999;1.96491e-07;3.69095e-07;1.30517e-07;1.63243e-08;1.43937e-08;1.59705e-08;1.67079e-09;5.25515e-07;3.40528e-08;6.53271e-08;2.71822e-09
0.000130867;0.831659;6.45517e-06;7.89156e-07;1.71592e-06;1.05083e-06;1.265e-05;0.130507;1.85098e-05;1.35489e-06;8.15753e-06;8.52026e-05;0.0375591;7.82059e-06
8.73643e-08;0.000946399;3.67819e-06;6.95463e-07;4.56633e-06;1.59363e-06;2.96304e-09;5.16769e-06;2.67978e-07;3.36256e-08;6.98216e-07;0.998857;2.18771e-06;0.000177963
5.14957e-05;0.926848;1.91069e-05;1.19409e-06;1.56759e-06;1.85892e-07;8.57688e-08;0.000676311;7.25833e-05;1.28923e-06;1.96171e-05;0.000195398;0.0721102;3.12222e-06
0.000135602;0.528002;0.00146892;1.11353e-05;0.00276474;3.16159e-05;3.61206e-06;0.351508;0.000124881;0.000170652;8.00097e-06;0.0502684;0.000328484;0.0651737
0.000454903;0.156936;5.01362e-05;0.00622329;0.00205619;0.00191054;0.000496259;0.5403;0.271442;0.00163513;0.00571354;3.15816e-06;0.00661415;0.00616347
0.349073;0.215358;0.000328912;0.000749785;2.95031e-05;6.76054e-07;0.000947448;0.00140351;0.354197;7.26377e-05;0.0283295;0.0448095;0.00469852;9.55828e-07
3.04589e-05;0.963328;2.86667e-05;1.75414e-06;6.67752e-06;8.31489e-08;1.01748e-08;0.000289648;2.41916e-06;1.51928e-07;1.20022e-07;0.0363;2.24697e-07;1.18717e-05
1.25407e-05;0.0460088;6.97964e-10;1.2644e-08;6.21516e-06;2.92071e-06;1.50804e-07;0.0141785;2.27057e-07;1.92475e-08;3.88269e-08;3.24779e-07;0.939766;2.43343e-05
7.40444e-10;2.78283e-06;8.54382e-09;2.38544e-08;8.29146e-06;9.25227e-07;2.40648e-12;6.46953e-06;2.77125e-09;1.24463e-09;4.24043e-10;0.998692;2.07971e-06;0.00128787
1.01411e-06;0.00193697;5.65525e-10;5.0949e-08;1.3351e-07;1.40684e-07;5.01432e-07;0.0010825;4.87736e-06;2.53349e-09;1.0657e-05;9.34153e-07;0.996962;7.18178e-09
4.44549e-05;0.00167651;0.000434687;2.26303e-05;3.39198e-05;9.97541e-05;6.85015e-08;0.00104387;1.45423e-05;1.49297e-06;5.50652e-06;0.990873;0.00552755;0.000221527
0.000108904;0.889814;7.32595e-05;5.09796e-05;0.0003877;0.000396124;1.89036e-07;0.0646534;4.37034e-06;2.20536e-05;4.56152e-06;0.00244288;0.0418773;0.000163835
1.29815e-07;0.000153524;0.00122915;6.24347e-07;2.0533e-06;3.43089e-07;1.85713e-10;8.79975e-08;2.03091e-09;9.70806e-09;1.07689e-07;0.998532;1.32543e-06;8.07078e-05
1.45155e-07;0.983193;7.95833e-11;4.55188e-08;5.59177e-08;1.4271e-07;0.0166833;5.7676e-06;2.78807e-06;7.1222e-05;2.09502e-06;4.60043e-11;1.40693e-06;4.04256e-05
3.22353e-09;8.52558e-10;0.999995;2.55874e-08;1.32383e-08;5.11282e-06;5.29417e-08;7.64547e-09;1.91324e-08;3.06323e-09;1.15389e-07;3.99453e-08;2.77287e-08;3.19673e-08
3.36173e-07;0.999979;1.145e-09;1.2147e-10;1.28408e-11;1.65896e-10;1.43673e-08;1.25083e-07;1.29706e-09;1.53205e-10;2.81156e-09;6.41844e-08;2.07004e-05;9.74809e-13
1.30538e-10;8.43945e-06;5.1132e-10;7.57958e-10;8.54002e-08;1.29488e-07;1.5861e-14;2.81237e-07;2.06925e-10;1.2507e-11;4.09715e-11;0.99999;6.85599e-09;7.56885e-07
4.31655e-06;0.863002;1.06964e-07;5.76671e-08;1.4364e-07;2.18147e-07;2.11428e-08;1.21102e-05;8.48414e-08;8.23403e-09;3.77683e-07;0.000154073;0.136762;6.47462e-05
5.16904e-05;0.338093;0.0032945;2.39581e-05;9.85081e-05;2.3945e-05;1.78439e-06;0.549566;9.81101e-05;1.74794e-06;1.26021e-06;0.105914;0.00177219;0.00105947
1.45959e-06;0.00158012;1.20372e-06;2.13413e-06;1.53458e-06;0.0118661;2.35426e-06;3.32064e-05;3.9117e-07;1.06916e-06;1.3032e-06;0.000143542;0.986349;1.67685e-05
4.0821e-07;5.55569e-05;0.999632;2.67134e-06;3.64062e-08;2.91675e-07;7.87451e-06;5.20556e-09;9.10153e-09;3.37217e-05;4.39151e-09;0.000266984;2.9294e-07;3.25824e-07
5.04828e-09;3.00867e-10;0.999972;1.92796e-08;3.70487e-11;1.86583e-09;3.24927e-07;7.49192e-12;8.0279e-07;1.05297e-09;8.8802e-06;1.82018e-05;4.61474e-10;7.02548e-12
1.50505e-06;0.98016;5.23779e-08;1.81322e-08;1.22794e-09;1.2622e-08;1.95524e-06;1.15115e-05;5.73366e-07;2.54849e-08;4.21821e-06;0.000401286;0.0194184;1.36564e-10
1.71745e-08;0.0216024;5.24657e-07;2.17436e-06;3.49003e-07;1.93359e-06;2.45081e-08;3.28995e-05;2.22714e-07;3.14818e-07;1.42349e-06;0.97748;0.000833414;4.45734e-05
5.28963e-06;0.0110117;8.72231e-10;2.36459e-05;3.99527e-05;1.51544e-05;6.36693e-07;0.978502;6.38994e-06;5.21842e-07;9.61628e-05;0.00965357;0.000619287;2.5721e-05
6.56292e-07;0.942001;6.65703e-07;1.34606e-07;7.6469e-10;1.86884e-10;4.94001e-07;5.32812e-05;1.49302e-09;6.91254e-08;2.73132e-08;0.0578819;4.97242e-05;1.23276e-05
0.000451214;0.0393139;8.58246e-05;9.06197e-05;0.000684653;0.000967327;0.00158705;0.221667;0.000158675;0.000203228;6.27167e-05;0.59552;0.138587;0.000619985
1.72501e-07;0.000188975;5.68276e-09;4.07856e-08;8.11685e-09;1.89953e-07;6.10384e-08;1.19739e-05;2.49436e-07;4.276e-09;5.72267e-08;5.96321e-07;0.999798;3.24065e-09
2.7292e-06;0.000205013;4.7071e-08;5.6295e-06;1.40694e-07;6.868e-08;7.86322e-10;1.18913e-05;2.00507e-05;9.09886e-08;2.7198e-07;0.999668;8.59331e-05;4.20184e-07
2.19707e-05;0.99806;0.000195225;1.15533e-05;3.29444e-07;3.8223e-08;3.70336e-08;4.76742e-05;6.34336e-08;8.99217e-08;2.28031e-08;0.00110611;1.2029e-05;0.000545234
1.35797e-05;0.530276;3.29297e-06;5.24775e-06;1.96711e-05;5.05961e-06;4.27317e-06;0.105772;3.312e-06;6.1415e-06;2.49069e-07;0.000404022;0.363294;0.000194121
5.27802e-07;0.017046;1.13538e-08;3.04175e-06;1.73254e-05;0.00141536;3.58788e-05;0.000179813;0.000516796;1.8764e-06;1.9716e-06;5.52274e-05;0.980718;8.02237e-06
1.01188e-05;0.000146167;0.997;1.28667e-05;8.03053e-07;1.11375e-07;0.00255537;1.04248e-06;1.1642e-05;0.000106059;2.75858e-05;0.000125197;2.22184e-06;5.53966e-07
4.4542e-07;3.6068e-08;0.99987;8.49379e-08;2.892e-09;1.03705e-09;1.15139e-05;3.82994e-09;2.41796e-05;1.7449e-08;8.17305e-05;1.1709e-05;1.18611e-09;2.81619e-10
