3.11218e-13;2.78743e-14;1;1.92755e-12;1.06972e-13;1.11475e-12;1.32083e-12;1.37517e-14;3.07883e-11;2.40325e-13;2.60019e-11;9.37502e-12;1.41075e-13;1.02759e-14
2.68174e-11;6.63585e-10;0.999997;4.58581e-11;1.43016e-12;2.02069e-11;3.80149e-12;3.23343e-10;7.64006e-11;5.9509e-13;2.02784e-11;3.32825e-06;1.53879e-12;1.76177e-09
7.32146e-08;4.83112e-05;6.68328e-05;1.69646e-07;0.00937308;0.00227171;3.18899e-10;2.34343e-06;1.04376e-07;8.57038e-09;1.48375e-06;5.67669e-06;9.88916e-06;0.98822
9.57805e-09;0.959845;3.49481e-10;2.82906e-10;2.11307e-07;4.19271e-08;1.52169e-08;5.23858e-08;6.32723e-12;3.41553e-08;3.02745e-10;3.35334e-09;2.8636e-07;0.0401546
4.35582e-15;1.92028e-13;1;4.77171e-14;4.4271e-12;3.80932e-12;8.39125e-15;8.82799e-15;4.42696e-16;8.43907e-15;4.21016e-15;4.21164e-09;1.97282e-14;1.4036e-13
1.94235e-07;0.0180172;5.42777e-07;1.57394e-06;1.67686e-06;6.75396e-05;3.82323e-06;0.333728;3.9274e-06;3.77355e-08;1.58182e-05;1.05492e-06;0.648159;1.25275e-07
1.68214e-08;0.0162952;5.07444e-09;3.99925e-09;3.4911e-07;2.15645e-06;1.48375e-10;0.976197;2.4536e-10;1.6196e-08;5.72203e-10;1.79978e-07;0.00750535;1.14412e-07
6.79532e-11;0.000383888;6.84122e-09;4.8703e-08;5.6628e-08;3.33882e-07;2.09597e-10;1.59413e-06;2.64121e-11;1.82091e-09;6.5091e-09;0.999613;8.03479e-07;1.807e-07
6.64572e-07;0.926569;5.55541e-07;1.01571e-06;0.000206441;4.97025e-05;1.87676e-07;0.0133135;5.40123e-09;3.35445e-07;2.54654e-06;0.00319017;0.056634;3.16864e-05
6.55187e-05;0.121832;0.000100529;1.48054e-05;0.0138236;0.000108671;0.000358545;0.119737;2.90079e-05;7.60271e-05;0.000146148;0.250047;0.490251;0.00340976
0.00125453;0.0462625;3.10324e-05;0.000294;0.0290024;0.00028298;0.00060738;0.799134;0.119311;2.28523e-05;0.00276874;0.000123598;0.000788124;0.00011752
0.00294421;0.0191363;1.36374e-06;4.56353e-07;0.000888667;1.51948e-05;4.70169e-07;0.974425;0.000831215;5.98695e-07;1.12521e-06;1.95496e-05;0.00063777;0.0010976
0.000425777;0.0592412;1.67355e-09;2.65784e-07;5.3723e-06;2.3026e-08;1.00367e-07;0.829031;0.00139488;5.52069e-08;4.30184e-06;0.107782;0.00211424;8.82795e-07
6.31058e-08;0.999956;1.64187e-12;9.26166e-10;1.72512e-09;5.98354e-11;8.89569e-06;2.81341e-06;2.44401e-09;9.43015e-07;1.92353e-10;8.22853e-12;6.61342e-06;2.48036e-05
2.12919e-12;1.8028e-12;0.999991;1.68533e-10;1.75808e-10;1.66841e-10;3.78045e-11;4.86407e-12;4.1275e-11;4.08528e-10;5.69559e-12;8.5759e-06;7.55628e-12;2.00066e-11
3.29204e-05;0.900607;5.19782e-06;0.00307189;2.54264e-05;0.00056043;0.000323405;0.00361964;0.00333461;2.1718e-05;0.00559496;0.000964884;0.0797397;0.00209786
3.01663e-05;0.98691;0.00876967;0.000273398;4.08816e-06;1.07775e-06;3.19968e-06;6.87641e-05;3.74726e-07;1.09834e-05;5.35847e-06;0.00349422;0.000243079;0.000185889
1.03891e-05;0.00043137;5.28596e-06;1.03476e-06;4.0454e-06;8.71837e-07;5.2211e-07;0.0223231;3.71148e-06;6.68924e-08;0.000244556;0.889577;0.0873969;9.06802e-07
3.03786e-06;0.0293155;2.10121e-07;4.30961e-06;0.000198123;0.00129364;6.81964e-05;0.00748453;2.35164e-05;2.55961e-05;8.24019e-05;0.000900254;0.960178;0.000422585
3.5783e-05;0.00132658;1.24876e-06;5.09109e-05;1.66654e-05;1.65529e-05;0.000167258;0.0181629;0.00114129;2.83286e-05;0.00592121;0.00022577;0.972891;1.41725e-05
8.89717e-05;0.0353433;1.62832e-06;9.86526e-06;8.4125e-06;1.88033e-07;2.56374e-07;0.00249753;4.64595e-06;8.86441e-06;5.08843e-06;0.961732;0.000295922;3.58576e-06
1.36927e-06;0.919164;2.66977e-08;2.71901e-06;8.95472e-07;8.9134e-08;4.97472e-07;0.0019974;2.45682e-07;7.52419e-06;5.39561e-07;0.0787353;8.92517e-05;3.49847e-07
5.54457e-05;0.19172;3.05217e-07;0.000331538;2.98146e-06;2.45483e-06;5.12224e-05;0.0106211;6.7193e-05;2.72672e-05;0.000873808;0.000770675;0.795469;6.77608e-06
1.87896e-05;0.00891758;0.974369;0.000234002;0.000429232;6.49922e-06;5.94458e-07;0.000121602;9.10052e-08;5.77762e-05;5.27855e-07;0.00544394;4.10909e-06;0.0103958
6.73911e-07;0.00303988;1.46352e-11;6.70995e-08;1.46997e-09;4.34387e-09;0.994932;1.56709e-09;4.34149e-08;0.00188164;8.54024e-08;3.26159e-13;4.50154e-05;0.000101079
1.16067e-14;1.72323e-16;1;3.26038e-14;7.271e-16;3.52653e-15;1.14264e-12;1.67812e-16;4.05445e-12;6.58102e-14;6.05423e-12;3.55207e-12;4.55354e-18;2.23057e-16
