1.13773e-05;0.997217;0.00194398;2.2998e-05;2.01731e-05;2.03269e-07;1.42324e-07;0.000216233;2.11995e-07;4.23306e-07;8.35496e-07;0.000344842;0.000212187;8.93489e-06
1.05673e-06;0.985895;1.94699e-09;1.33029e-06;1.41247e-06;1.84143e-05;3.52018e-05;0.00211567;1.50885e-07;4.99424e-05;7.23692e-07;1.95512e-09;0.0118779;3.07991e-06
1.59539e-12;2.6697e-12;1;1.18079e-10;8.03863e-11;4.54616e-11;9.047e-13;1.90502e-13;2.39666e-13;6.30304e-12;3.07324e-12;8.96815e-08;6.82738e-15;3.25404e-10
1.18838e-05;0.992725;3.57475e-08;2.68856e-05;1.67491e-05;1.81494e-05;1.78032e-06;0.00195998;1.02424e-05;2.22804e-08;4.66004e-05;0.000191008;0.00496545;2.65268e-05
3.65043e-05;0.272176;1.36831e-05;1.45843e-07;0.000171686;2.17379e-07;4.88782e-08;0.723569;3.01656e-07;6.428e-08;8.81606e-07;0.000287262;0.00358399;0.000160119
2.80258e-06;0.00451845;0.000216432;4.82654e-06;0.000325932;2.98271e-06;8.69675e-07;0.0129775;1.62223e-05;6.08677e-06;2.55098e-05;0.98114;0.000667841;9.44919e-05
2.21229e-05;0.895706;0.000295855;2.17809e-05;8.09934e-06;5.37097e-05;7.14364e-05;0.00195957;0.00114919;5.80132e-07;0.0146573;0.000184137;0.0858679;2.78014e-06
3.2174e-05;0.00388417;0.000412681;1.07395e-06;4.64625e-06;1.21451e-06;1.14795e-08;0.000108665;6.3239e-08;2.29806e-08;8.45627e-08;0.994137;0.00139132;2.6975e-05
0.000189957;0.341304;6.4419e-06;1.77061e-05;5.27444e-05;4.33407e-05;3.2751e-07;0.00321409;0.000302947;2.2089e-08;0.000886658;0.0474049;0.606571;6.0283e-06
2.42417e-06;0.702762;7.81265e-05;1.50204e-07;0.000154912;3.52608e-06;2.38319e-08;0.149316;4.02263e-07;7.47743e-08;1.34167e-08;0.000173866;0.147096;0.000411591
7.73802e-07;0.0011316;0.00103836;0.00219481;0.00318253;0.0366048;1.20723e-06;0.000472673;3.4724e-05;9.44881e-05;0.000105474;3.37407e-06;0.954656;0.000479038
1.10794e-06;1.14032e-07;0.999705;5.74068e-07;2.62116e-06;1.94936e-08;1.43924e-09;5.09828e-10;8.5962e-10;6.56749e-08;2.38003e-08;0.000287697;6.86814e-07;2.20452e-06
1.01584e-05;0.102799;1.40114e-09;4.50857e-07;0.000112735;3.50183e-08;1.76465e-05;0.895985;0.00073726;7.61817e-08;0.000320456;1.02593e-07;1.70109e-05;2.37388e-07
3.62447e-05;0.281712;0.711492;0.000349552;0.00184559;0.00141948;4.61521e-06;0.000213325;7.85671e-06;0.000119756;4.96139e-05;0.000252734;0.00194125;0.000555459
7.71842e-05;0.874516;2.33475e-06;6.92941e-07;1.14171e-07;5.48452e-08;1.61032e-06;7.73024e-07;1.07383e-07;7.026e-07;5.981e-07;0.103738;0.0216457;1.56753e-05
1.36353e-05;0.287637;2.47232e-06;3.49165e-05;8.8765e-05;0.000125935;8.70785e-06;0.02039;1.9994e-06;5.42866e-06;8.94946e-07;0.677292;0.0132136;0.00118462
0.000102965;0.9327;1.45999e-06;0.00010943;0.000235289;6.32314e-05;0.000181682;0.020391;1.45173e-05;2.04336e-06;3.14733e-05;0.00912859;0.0364596;0.000578544
4.28588e-06;0.0171846;4.02816e-08;5.8761e-06;5.44904e-05;9.1724e-06;1.84168e-08;0.166562;1.19408e-07;2.54615e-08;1.03899e-07;0.813218;0.00295861;2.68011e-06
3.23689e-06;0.000279277;8.95248e-05;5.10689e-06;5.74556e-09;8.80257e-07;8.55609e-07;4.0521e-07;7.08664e-06;3.09348e-07;1.89763e-06;3.50801e-05;0.999576;5.407e-08
2.78945e-09;1.09334e-07;0.999925;3.51094e-09;1.17321e-08;1.19902e-11;1.6063e-10;1.13771e-09;4.61672e-12;5.66679e-10;7.97227e-11;7.45945e-05;2.70761e-10;2.37929e-08
3.81815e-09;0.999794;6.61419e-12;1.53798e-08;6.14676e-09;9.15677e-11;0.000177973;7.18712e-08;1.20791e-07;1.19846e-05;1.81259e-07;6.78609e-09;3.31489e-07;1.52017e-05
8.97848e-08;4.36675e-06;0.999976;6.25662e-07;2.39955e-06;7.5693e-07;1.78568e-06;1.05694e-06;2.83823e-06;2.91131e-07;4.27081e-06;7.3784e-08;5.30151e-06;2.17488e-07
3.11415e-06;0.999528;9.2828e-06;6.17697e-06;2.46442e-07;1.82443e-08;4.62669e-07;8.09974e-06;2.78188e-06;6.17814e-07;4.59747e-07;0.000424844;1.54886e-05;5.36475e-07
0.000805733;0.129753;1.60539e-08;0.00244915;0.00139699;6.49217e-05;8.25894e-06;0.787082;0.00459059;0.00028974;0.00116162;0.0364628;0.00537967;0.030556
5.75038e-06;0.970305;3.28149e-06;1.71858e-06;1.71348e-07;3.37084e-07;1.55854e-08;2.18695e-05;3.88428e-10;4.21675e-06;9.32744e-09;5.11882e-06;0.0296525;3.43851e-07
1.02777e-05;0.000708671;1.58814e-05;6.42157e-07;4.89815e-06;2.34825e-06;2.04709e-07;1.58225e-06;5.53906e-06;4.05812e-08;1.25652e-05;0.999112;1.33449e-05;0.00011169
2.33632e-05;0.22893;5.59322e-06;6.27458e-07;0.00123673;2.57811e-05;1.57803e-06;0.55092;8.03395e-06;1.0232e-07;1.57776e-06;0.00255953;0.216275;1.19072e-05
6.16395e-06;0.806079;3.76021e-06;0.000147108;0.000637342;0.000219259;1.0337e-06;0.00987992;2.18415e-05;2.40635e-06;2.00019e-05;0.123232;0.0591532;0.000596613
3.17463e-05;0.00897345;6.77853e-07;8.2203e-06;0.0435542;0.0109198;2.58699e-07;0.656973;6.57285e-06;3.05955e-06;2.1566e-06;0.00384363;0.170292;0.105391
2.35503e-06;0.00137291;3.66366e-09;3.16431e-07;5.08039e-06;1.38384e-07;5.47956e-08;0.959963;3.393e-06;5.93364e-09;9.70467e-07;2.9053e-06;0.0386484;4.24713e-07
1.78993e-06;0.000364073;3.5742e-09;1.58449e-08;7.58294e-07;2.67206e-08;3.49175e-08;0.999464;4.3443e-08;1.25899e-08;2.74985e-09;9.86919e-09;0.000168379;1.16103e-06
9.14254e-08;1.31767e-05;9.89999e-08;2.88929e-05;0.957326;5.17995e-06;2.64171e-07;0.0191458;1.131e-06;3.54294e-06;4.53152e-07;0.000174945;8.88625e-07;0.0232995
3.0577e-07;0.000390705;0.999396;8.95505e-05;7.78696e-07;3.74399e-07;2.20193e-07;5.10918e-09;1.60768e-08;3.15058e-07;1.00198e-05;8.85696e-07;8.48014e-06;0.000102158
4.94575e-06;0.999688;2.75155e-09;1.09812e-09;3.98221e-10;2.76195e-11;1.42055e-07;5.53674e-07;4.649e-08;1.33554e-09;4.29478e-07;0.000269487;3.65239e-05;1.92607e-07
8.6729e-08;0.994951;1.88328e-08;1.31352e-07;1.48623e-06;8.89649e-08;0.00311864;3.90306e-05;2.17047e-07;0.000362872;2.38314e-08;2.03681e-07;4.23513e-06;0.00152195
1.36668e-10;9.16088e-10;0.999999;2.86083e-08;4.99024e-09;8.45801e-09;2.96812e-09;1.03651e-12;1.28282e-08;7.63395e-10;4.93366e-08;8.34157e-07;4.10282e-13;6.48675e-09
0.000128797;0.621653;2.80502e-07;8.70336e-05;9.49295e-06;8.9959e-05;1.68085e-05;0.000969286;0.000196465;8.69112e-07;0.000864095;0.00015075;0.375659;0.000174176
1.13823e-05;0.998705;2.69194e-05;1.29334e-08;4.78739e-09;3.52613e-09;1.12054e-07;1.94624e-05;8.33739e-08;1.55384e-08;3.67991e-08;0.000214057;0.00102342;4.10365e-09
2.98887e-08;0.000159015;3.31533e-07;1.25862e-05;0.00658985;8.15639e-06;1.64005e-09;0.000693419;1.01886e-05;2.17177e-07;5.24452e-07;0.99195;6.86098e-06;0.000568906
4.29628e-08;0.00214784;7.61029e-05;1.63575e-06;4.58523e-07;5.05715e-07;9.82107e-09;2.47381e-07;2.76593e-10;2.34651e-08;1.54832e-07;6.77878e-07;0.997772;4.71746e-09
7.6867e-07;0.0865073;0.00010426;2.32738e-06;1.00269e-05;8.68509e-07;1.58241e-07;0.00368622;4.19103e-06;8.32901e-08;6.58784e-06;0.909408;7.39753e-05;0.000195423
9.19121e-06;0.0136246;1.95351e-05;0.000161248;0.0612899;0.000364138;2.44746e-05;0.859145;1.46711e-05;2.67627e-06;1.18019e-05;0.00180863;0.00119586;0.0623284
7.32931e-06;0.999319;3.11837e-07;1.12485e-07;2.92734e-07;3.63442e-10;1.21982e-08;0.000633803;1.37729e-08;1.94629e-09;1.34568e-08;7.30058e-07;3.36884e-05;4.15494e-06
6.99616e-05;0.0297916;5.08641e-08;2.33806e-07;9.50355e-05;8.20862e-08;2.61302e-07;0.969393;1.51664e-05;2.67214e-07;1.20234e-07;0.000145143;0.000443292;4.55339e-05
1.55788e-06;0.000225603;0.932148;1.72749e-06;0.000227799;4.8614e-05;3.04294e-09;1.68858e-06;2.55569e-08;5.82695e-07;3.27632e-08;0.0622711;5.07271e-06;0.0050684
1.45634e-06;0.747099;1.13753e-08;2.76313e-07;1.4605e-05;3.0383e-05;1.47412e-07;0.234118;6.56435e-07;3.53598e-08;1.77771e-06;0.000174185;0.0135221;0.00503774
8.93623e-09;0.000274081;2.11493e-10;2.267e-08;1.83556e-08;8.57297e-08;5.30523e-08;9.21088e-06;1.41202e-08;1.77439e-08;2.33771e-07;2.33084e-07;0.999716;5.79281e-08
1.60134e-07;9.59843e-05;2.52207e-06;1.46306e-07;5.12743e-07;2.52616e-08;2.50951e-10;1.79098e-05;3.87752e-07;2.48358e-08;3.35638e-08;0.999815;6.68505e-05;1.37076e-07
7.93187e-06;0.998679;8.62479e-10;6.91792e-07;1.42573e-08;8.55048e-09;5.06693e-06;7.00884e-05;6.18756e-06;2.61919e-07;8.92192e-07;0.000195893;0.00103423;2.95083e-08
2.5942e-05;0.359801;0.000539764;0.00316347;0.000414099;6.04471e-05;1.33825e-06;0.00189598;2.67273e-05;4.85305e-05;2.21272e-05;0.627608;4.03434e-05;0.0063522
2.21744e-05;0.997565;2.09267e-08;3.14587e-07;5.36596e-08;7.05732e-07;9.05074e-06;7.56493e-06;9.00792e-08;5.13676e-07;8.06722e-07;1.8833e-05;0.00237456;9.12243e-07
1.13892e-08;3.10229e-06;1.83642e-07;3.1883e-07;0.000122128;2.41307e-06;3.57825e-09;0.000161572;1.07048e-06;5.25958e-09;2.31447e-07;0.999692;1.80655e-07;1.63924e-05
2.24865e-07;0.322951;0.000115246;7.88674e-07;2.49123e-07;4.01645e-07;4.77597e-09;2.04142e-07;1.80616e-09;1.24377e-08;1.58984e-07;1.38196e-05;0.676918;4.13164e-08
4.8107e-06;0.00745186;1.0381e-05;3.4124e-07;5.66739e-05;0.000431834;6.18382e-09;0.0040763;1.08934e-06;5.29357e-08;1.03605e-06;0.967652;0.0144903;0.00582337
1.32513e-06;0.404779;7.35279e-07;6.94015e-06;0.00309837;0.0001692;1.2936e-08;0.484313;2.9822e-08;2.63777e-07;4.02589e-08;0.0011973;0.0370301;0.0694036
8.4063e-05;0.814209;1.85281e-06;0.00223106;1.76903e-05;0.000221928;4.38874e-06;0.00462645;7.4111e-05;7.76463e-06;0.00110675;0.0467781;0.114109;0.0165282
6.72728e-07;0.000814962;2.94333e-10;8.54801e-08;1.17329e-05;2.62929e-08;2.46312e-08;0.999169;2.20805e-07;5.74555e-08;5.39102e-07;2.56942e-07;6.30754e-07;2.27529e-06
1.93067e-09;1.41675e-06;0.999995;8.69698e-08;7.47123e-08;1.87052e-06;3.75611e-08;4.54078e-08;2.77207e-10;5.39653e-07;3.85378e-08;2.70228e-10;4.12386e-07;8.24179e-08
5.97234e-11;8.35781e-09;1;7.52331e-12;1.48391e-12;4.1033e-12;2.62717e-10;9.20281e-13;1.27105e-10;6.88911e-12;2.23349e-10;3.40084e-09;1.43916e-12;8.15363e-11
4.60799e-09;3.33571e-06;1.25001e-05;5.76534e-09;7.30611e-09;2.06597e-08;2.66261e-10;1.35703e-07;1.09453e-07;7.16273e-11;3.4852e-08;0.999983;6.21319e-07;7.5866e-07
7.64985e-08;0.99929;2.06096e-12;1.90026e-11;1.34335e-08;3.02746e-08;1.1252e-08;7.33065e-08;1.69232e-09;6.24718e-10;2.56285e-10;4.04435e-08;0.000710323;1.85503e-08
5.76115e-10;4.36145e-06;6.67311e-06;2.97242e-10;9.86004e-06;4.88759e-08;7.34094e-12;7.097e-06;6.09723e-09;1.58355e-11;8.09566e-11;0.999971;6.40612e-07;3.40561e-07
2.55127e-09;3.57395e-05;4.58241e-13;3.10012e-12;3.51427e-07;1.33125e-07;1.72383e-12;0.999957;1.03056e-08;1.39411e-12;5.9055e-14;6.90545e-15;6.60745e-06;2.00861e-09
2.25795e-10;2.19167e-09;1;1.04512e-09;2.56266e-10;4.55217e-11;1.85139e-12;2.08606e-10;6.95102e-10;9.32838e-11;4.62391e-12;4.11327e-08;1.13976e-11;3.3061e-12
1.46903e-08;1.51668e-07;2.9594e-05;6.28616e-07;2.81274e-08;2.55149e-08;1.7097e-11;3.84978e-06;6.96882e-07;2.57742e-10;1.8678e-08;0.999965;2.42966e-09;2.78061e-07
0.000134611;0.470692;2.37784e-05;4.49678e-07;0.00165691;8.80224e-05;6.80103e-09;0.251739;8.02818e-06;1.12426e-07;4.40129e-06;4.60824e-05;0.275577;2.97506e-05
2.0014e-07;0.982549;4.08864e-09;3.28862e-08;1.61516e-06;6.39815e-07;6.25825e-07;0.000136503;2.90123e-09;8.98967e-06;2.60629e-09;3.52057e-08;0.000239496;0.0170633
1.66473e-15;1.14774e-15;1;2.44848e-15;3.42834e-14;6.50973e-16;8.9209e-16;1.93881e-15;6.24173e-16;1.47762e-14;6.51023e-16;9.87745e-15;1.01101e-17;1.38709e-17
3.54034e-06;0.000511172;5.4681e-06;5.07254e-06;2.43045e-05;9.18406e-05;8.68307e-07;0.966035;0.000160087;5.1658e-07;6.55853e-05;0.000184409;0.0329118;2.17693e-08
