3.56568e-07;0.999981;9.42104e-07;1.78058e-06;8.49856e-08;3.21054e-09;4.4702e-09;4.17685e-06;4.02852e-08;1.57103e-08;5.76706e-08;7.54023e-06;9.67788e-07;3.37006e-06
2.57874e-06;2.70018e-06;3.8079e-11;1.66569e-08;7.79933e-08;1.17088e-09;9.62891e-08;0.999981;1.18853e-05;1.5362e-08;7.3704e-07;3.50247e-10;3.43277e-07;6.5732e-08
0.000385022;0.424521;0.000848351;0.000274929;0.00189013;0.000104254;0.0151557;0.503376;0.0300253;0.000233761;0.000997145;0.0210816;0.000344075;0.000762816
4.33912e-09;1.00884e-07;1;6.53061e-10;1.92674e-11;3.50972e-11;5.40644e-09;2.73036e-09;3.69627e-09;5.06131e-11;2.86932e-09;4.31985e-09;1.9924e-09;8.69277e-11
1.09689e-05;0.438833;0.00373194;0.000132694;1.55917e-05;1.10125e-06;1.29135e-06;7.77859e-05;0.000110689;5.6564e-07;0.00115289;0.505124;0.0483698;0.00243719
3.97991e-07;0.0334391;3.12978e-07;1.10157e-05;0.00149256;3.68939e-06;4.58736e-08;0.958808;6.13775e-08;5.64795e-06;1.20609e-06;6.49154e-05;6.10677e-06;0.00616716
4.29922e-08;0.00129601;3.56889e-08;4.62812e-08;1.86985e-09;7.16754e-06;5.51638e-08;2.24576e-07;6.72974e-08;2.29332e-09;1.11359e-05;0.000614905;0.99807;7.83353e-08
7.14459e-09;8.67663e-06;0.99993;7.24349e-07;3.2354e-08;1.26204e-08;9.51922e-07;9.70511e-10;8.41232e-10;4.68108e-06;1.27262e-07;5.4425e-05;3.08663e-07;4.88938e-07
2.44254e-08;2.24549e-08;0.999933;2.25654e-07;6.27658e-09;1.77948e-08;4.68994e-08;3.19694e-09;3.34406e-07;5.53534e-09;6.4748e-05;1.89196e-06;1.18859e-07;4.51918e-09
3.77259e-07;0.999776;5.02174e-08;8.34294e-08;4.76179e-09;1.69775e-08;0.000123318;2.33522e-05;9.87684e-08;1.34543e-05;4.49285e-06;2.877e-08;2.07717e-05;3.74955e-05
1.28291e-12;3.92339e-11;0.999999;1.51942e-10;3.92854e-12;4.04173e-11;4.01761e-11;8.83458e-13;1.23541e-11;4.20562e-11;1.11084e-09;6.1483e-07;2.63603e-14;2.02083e-10
1.75832e-06;0.133457;1.41426e-07;5.66081e-09;8.54517e-10;6.57425e-09;5.1588e-06;2.58653e-06;3.77509e-08;1.09292e-08;4.26742e-07;4.48155e-06;0.866528;3.97267e-10
5.06148e-09;0.000816149;9.72528e-06;4.61702e-07;5.46105e-06;2.51141e-06;5.45869e-09;3.46794e-05;1.41761e-08;1.45076e-08;5.588e-08;0.998975;1.44734e-05;0.000141854
1.88571e-06;0.0346347;1.90129e-05;2.18216e-06;0.000431497;5.69216e-06;5.46764e-07;0.964379;1.66361e-07;9.9103e-08;1.78373e-06;6.72242e-06;0.000442194;7.40303e-05
1.75776e-06;0.96835;3.33351e-12;1.80606e-05;7.5006e-06;3.45742e-06;2.91766e-07;5.7294e-05;2.65888e-06;1.53198e-07;1.00297e-05;0.0280658;0.00245362;0.00102964
0.000133109;3.86756e-06;7.23916e-09;4.82163e-09;6.18127e-09;3.60877e-10;2.16927e-07;0.999839;2.27146e-05;3.64726e-09;1.78225e-07;2.58407e-09;4.88727e-07;3.96887e-11
5.60581e-08;0.998525;2.83699e-09;1.46028e-07;4.62058e-08;2.47178e-08;1.20526e-07;3.58153e-08;2.14684e-09;3.68645e-06;1.91073e-10;4.46587e-10;3.23072e-10;0.00147114
1.54674e-07;1.16386e-05;0.999978;1.95515e-09;1.67243e-08;2.99383e-07;3.31429e-08;8.51847e-06;8.93447e-09;2.23671e-08;1.47603e-08;2.79364e-10;7.5496e-07;9.11128e-07
1.93172e-10;6.86782e-10;1;3.29142e-11;4.35169e-10;2.49927e-10;2.89432e-11;4.8447e-10;1.64611e-09;1.07079e-11;6.34072e-11;9.85978e-10;2.74276e-10;3.73475e-12
9.62281e-07;2.74725e-06;0.995541;4.5815e-08;1.0313e-06;2.88541e-07;3.66793e-11;0.000354174;1.01502e-06;2.10653e-09;1.44606e-09;0.00409729;9.32401e-07;2.34548e-07
1.18933e-05;0.204467;0.000132177;3.81996e-06;0.0097895;0.0244869;1.27909e-07;1.7604e-05;1.66915e-05;5.76579e-05;3.32493e-08;0.000301808;0.000883645;0.759832
1.17546e-06;0.0318722;3.51269e-08;1.22534e-06;0.000839917;0.00016067;2.49082e-09;0.00139789;9.50071e-06;7.60234e-08;5.84561e-08;0.00097283;0.96455;0.000194359
0.00323356;0.376717;0.553181;0.000117002;0.0643954;2.41956e-06;1.69572e-08;0.00101074;1.15616e-06;1.42557e-05;6.48379e-10;3.26667e-05;0.00042843;0.000865887
0.00031589;0.0296637;1.80923e-06;1.65976e-05;0.000152151;7.04176e-07;1.00022e-08;0.854133;0.000421886;6.21405e-07;8.13864e-08;0.115084;0.000209459;5.34162e-07
1.60106e-05;0.966915;4.21187e-06;3.12638e-06;3.3177e-06;4.6758e-06;6.12709e-09;0.00271509;1.048e-06;5.17296e-07;3.06164e-07;0.00992274;0.0203784;3.60165e-05
9.58964e-07;0.996928;6.36803e-08;1.59497e-06;2.98386e-08;4.97128e-09;0.00186024;9.8538e-07;2.21054e-07;0.00051366;2.17697e-07;7.22733e-06;1.81785e-08;0.000686725
4.14116e-08;3.07853e-06;0.999989;4.57109e-07;1.26272e-07;1.21971e-06;3.46167e-08;2.1941e-07;8.18257e-09;2.50892e-08;9.79155e-09;3.22011e-09;6.22059e-06;1.34557e-07
0.000214747;0.982165;6.60344e-09;4.43628e-07;7.92406e-09;2.26073e-09;1.06156e-05;2.74128e-05;1.3378e-06;1.42646e-07;9.25396e-07;3.98158e-06;0.0175751;2.78825e-07
1.28088e-06;0.16526;7.91031e-09;2.6483e-08;1.61573e-06;4.04268e-09;2.00837e-09;0.0659832;3.40627e-08;8.72878e-09;2.39638e-09;0.768751;9.0742e-07;1.29434e-06
5.20386e-05;0.0548431;0.0406789;6.65028e-05;0.00866427;0.00531439;6.86333e-07;0.00167203;3.89444e-07;2.30867e-06;3.65886e-06;0.0139569;0.872653;0.00209157
0.000157221;0.446424;7.05812e-06;1.39996e-06;1.14824e-05;4.73351e-05;1.48078e-06;0.192494;0.000146909;4.90268e-08;6.46262e-05;0.0025626;0.357412;0.000669526
4.11152e-06;0.00439551;8.0653e-08;6.60967e-07;6.82974e-06;7.70831e-07;1.42765e-07;0.0248513;4.49799e-05;4.07519e-08;1.39351e-05;7.00098e-06;0.97061;6.50015e-05
4.68182e-09;9.75658e-06;1.4843e-07;4.50616e-09;5.60572e-08;8.83311e-10;3.46339e-12;9.97729e-07;1.09206e-08;3.89441e-10;5.47419e-09;0.999873;0.000115833;4.13136e-07
5.8715e-06;0.665704;1.6591e-09;3.89327e-05;7.01326e-05;1.14658e-05;4.73365e-06;0.00990865;0.000452271;2.25504e-06;0.00791961;0.00113862;0.314688;5.54568e-05
5.67067e-07;0.00307855;3.8812e-08;2.73372e-07;1.32444e-05;1.69026e-08;3.39311e-07;0.996551;8.74449e-08;5.15513e-07;5.02393e-07;0.000342273;1.1062e-07;1.2704e-05
4.54067e-06;0.0156069;0.977218;0.00274415;0.00066684;0.000223386;3.206e-05;2.40674e-06;1.56731e-07;8.65415e-05;0.000103513;0.000188887;0.000297294;0.00282476
0.00430453;0.954632;2.36908e-07;0.000179648;4.5198e-05;4.6485e-05;0.000520252;0.0157066;0.00298599;7.77943e-06;0.00988859;0.000560956;0.00562155;0.00550053
0.000220048;0.00227093;1.16455e-05;4.32197e-07;0.000381145;8.72612e-05;5.60574e-08;0.994546;6.15424e-06;3.5934e-07;1.6873e-07;0.00116754;0.000549656;0.000758878
0.00013042;0.976911;1.49157e-05;2.71857e-06;0.000284443;2.86628e-05;0.00126943;0.0198046;0.000300808;2.98396e-05;3.38688e-05;5.97142e-05;0.000267277;0.000862674
8.62304e-11;1.03612e-10;1;6.55064e-11;5.91003e-13;1.6521e-11;1.22922e-10;1.12719e-12;1.74151e-08;5.24445e-12;1.06704e-07;9.34733e-10;2.58889e-10;4.0034e-13
1.18659e-08;8.21248e-05;0.999914;1.3931e-09;1.6497e-10;2.14157e-09;3.48231e-09;3.09988e-07;5.2171e-09;2.93586e-09;1.26205e-09;3.11413e-06;1.51754e-07;1.53388e-08
2.2331e-07;0.000186425;2.42005e-06;1.18929e-06;0.00890871;0.00466794;1.39874e-09;9.33555e-08;1.97135e-06;1.2624e-07;7.48646e-07;4.54401e-07;5.92881e-06;0.986224
9.6919e-06;0.187327;0.000125358;8.90507e-07;0.0096935;1.65242e-05;6.41751e-10;0.00133941;5.48353e-07;5.15152e-07;9.36849e-08;0.794085;0.00573874;0.00166228
2.75385e-06;0.000916931;2.32873e-06;3.65631e-08;2.63211e-05;1.01947e-06;6.86573e-09;0.970264;7.20347e-06;2.99963e-09;1.07788e-07;0.00012573;0.0286538;4.38902e-08
1.33156e-06;0.00133937;3.20118e-05;8.55987e-07;0.000215789;5.4901e-07;3.9182e-11;0.997088;6.64806e-08;1.07618e-07;2.98313e-09;0.000349065;0.000884014;8.89922e-05
8.88062e-06;0.0368446;9.29251e-06;2.09088e-05;0.000379753;2.18616e-05;0.000108621;0.00162984;1.26726e-07;0.00126169;3.14555e-07;0.00018729;0.000356299;0.959171
1.40891e-10;6.09146e-11;1;2.73414e-10;2.89546e-11;1.76014e-11;3.22332e-09;1.37317e-13;3.40854e-10;1.35387e-10;4.12199e-09;2.2714e-07;3.00094e-13;8.74128e-12
8.10407e-06;0.952703;2.98583e-06;3.24476e-08;3.0092e-08;1.782e-08;2.27456e-05;0.000447382;2.16884e-05;3.113e-08;3.97568e-05;0.00449698;0.0422575;7.39327e-09
2.22089e-07;0.0060147;7.32509e-07;2.28646e-05;0.0056698;9.94427e-06;8.37879e-07;0.950914;4.01621e-05;3.34012e-05;3.39485e-07;0.00032686;9.28999e-06;0.0369569
1.49582e-05;0.125625;1.26588e-08;6.05449e-06;1.31625e-06;5.32194e-05;5.28455e-05;2.57583e-05;2.81672e-06;1.6806e-05;4.13372e-06;6.06024e-05;0.874106;3.02539e-05
3.00921e-05;0.000120968;0.970169;2.1219e-05;6.8566e-08;1.56722e-08;0.00105122;9.97179e-09;1.10833e-06;0.000998314;3.33766e-06;0.0276042;2.76194e-07;4.56836e-07
1.45754e-06;6.51487e-08;0.999739;9.38819e-07;4.29026e-08;2.53705e-09;2.04055e-05;4.81536e-09;0.000127855;3.12982e-07;0.000106082;3.86198e-06;1.0977e-10;8.43522e-08
5.40222e-07;0.000271235;3.04231e-09;5.32476e-10;8.22777e-09;3.26446e-10;5.00078e-10;0.999709;7.96883e-08;1.27005e-09;4.14408e-09;2.02686e-07;1.90831e-05;2.08718e-09
1.91848e-06;0.922451;2.47617e-05;5.87308e-06;8.15593e-05;2.51688e-05;4.89826e-05;0.0712345;1.22737e-05;3.4917e-05;1.54421e-05;0.00237346;0.00169308;0.00199703
1.21745e-11;3.07133e-08;1;1.66478e-10;1.14523e-12;4.81498e-12;6.67537e-10;2.70148e-11;9.88347e-11;3.29614e-11;1.04798e-09;1.06354e-11;1.01993e-09;4.67315e-13
1.63518e-07;2.69108e-05;0.000125834;4.55829e-08;8.58714e-07;1.44363e-08;2.0672e-09;7.28831e-05;2.55505e-06;5.97147e-09;7.44071e-08;0.999768;5.52368e-07;1.62218e-06
9.4098e-05;0.940595;8.19946e-07;1.78548e-06;0.000100604;4.45207e-05;1.10976e-06;0.0121543;0.000213145;1.96794e-06;7.35979e-06;1.73048e-05;0.0464908;0.000277072
4.22284e-05;0.00184847;1.33951e-07;2.14816e-05;0.94996;5.0496e-05;1.35981e-07;0.00136909;0.000239048;8.56286e-06;9.82569e-07;0.0459439;7.19626e-07;0.000514404
1.07421e-05;0.999876;2.77849e-08;3.86734e-08;9.3652e-07;1.03623e-08;2.31577e-10;8.63993e-05;2.15357e-10;1.74987e-08;5.47474e-12;2.54706e-06;2.13411e-05;2.04411e-06
4.0681e-05;0.00188132;1.86758e-06;6.52977e-05;5.78267e-06;0.000165618;6.4044e-07;0.000616493;3.67603e-06;4.99967e-07;8.32646e-07;0.10399;0.893042;0.000184967
4.21361e-06;0.00183565;0.977311;6.65501e-05;0.0201358;4.53511e-05;3.88416e-08;0.000321849;9.89964e-08;4.29414e-06;1.54121e-09;1.27223e-05;3.47172e-06;0.000258429
3.53989e-07;9.58022e-05;2.86673e-10;8.90617e-07;5.39303e-08;1.05137e-05;1.15227e-06;1.40387e-07;1.65576e-06;7.62878e-08;4.97007e-07;5.69415e-09;0.999889;8.66202e-08
2.08285e-07;2.73638e-05;0.999845;2.95425e-08;7.49756e-08;6.12328e-09;5.84491e-10;3.01575e-08;1.89777e-09;4.58203e-08;8.65009e-11;0.000126324;1.61692e-08;1.05707e-06
3.34488e-06;0.941614;4.49431e-07;2.07035e-06;1.62281e-05;6.2175e-06;2.15292e-06;0.00656366;4.74195e-06;1.57988e-07;3.72249e-06;6.16161e-06;0.0508646;0.000912282
2.3815e-06;0.977923;3.91505e-07;2.52334e-05;7.98623e-05;1.25323e-05;1.63885e-07;0.0198101;2.21636e-06;1.3694e-06;3.9142e-07;1.93873e-05;0.0001404;0.00198272
5.1675e-08;0.000920252;1.575e-07;3.08993e-06;0.00880121;0.00475787;8.14735e-10;3.22921e-05;4.08274e-10;1.33152e-06;1.01572e-09;0.199647;1.19561e-05;0.785824
2.36862e-08;0.990976;1.91436e-11;6.59355e-09;9.72605e-11;3.71e-10;0.00897915;2.48559e-08;1.60448e-09;2.22376e-05;3.90509e-08;2.36068e-14;2.17803e-07;2.20606e-05
8.71616e-11;6.7202e-11;0.999999;1.9479e-09;2.13473e-10;8.10643e-11;4.67442e-08;8.5746e-11;4.37485e-10;2.39382e-09;1.16854e-08;9.11456e-07;5.60136e-13;1.79503e-12
3.92376e-05;0.00696971;0.991903;0.00026684;1.34317e-05;6.11134e-06;4.75825e-05;0.000491367;6.59814e-05;2.42051e-05;1.71161e-05;8.03112e-05;5.71821e-05;1.79365e-05
1.88344e-05;0.375798;3.89193e-08;1.2062e-05;1.79256e-05;7.33297e-05;1.53652e-06;0.603433;7.70543e-06;2.53578e-06;1.31596e-05;0.000561137;0.0200237;3.73187e-05
6.17792e-07;0.273786;9.98401e-09;6.51712e-06;3.4983e-06;5.28602e-06;0.0123607;1.40732e-06;3.77728e-08;0.00332871;1.98269e-06;2.2889e-08;1.6595e-06;0.710504
4.84015e-11;2.64362e-10;1;2.14985e-10;5.74111e-13;1.222e-12;1.28443e-08;1.47824e-12;6.86089e-10;1.8943e-10;2.17066e-08;2.14798e-09;6.50385e-13;1.17853e-12
2.53655e-06;0.989167;3.17669e-09;9.7767e-08;4.95883e-07;1.89175e-07;0.00820677;0.00232722;5.97364e-05;0.000210334;3.19136e-06;1.07095e-09;1.55545e-05;7.19253e-06
4.68866e-11;1.84212e-11;1;3.36968e-10;3.37067e-10;1.17696e-10;3.06115e-09;3.04518e-12;4.22388e-09;1.31386e-09;1.4932e-09;3.63429e-08;8.29355e-13;9.41387e-11
1.28103e-06;0.00216092;1.94501e-08;1.38308e-06;0.0001945;6.6935e-06;3.07755e-07;0.00798146;1.30353e-06;1.22048e-07;1.20183e-06;0.971787;0.0178552;8.56656e-06
6.0031e-06;0.430162;2.90011e-08;1.48579e-05;0.000118197;5.99449e-05;2.60474e-06;0.16425;1.13405e-05;2.74972e-06;2.59592e-05;0.000205477;0.402302;0.00283853
1.48469e-05;0.476083;1.73263e-06;2.07015e-05;0.00123747;0.000107735;4.35523e-07;0.0937237;9.22926e-07;1.36096e-06;3.93915e-06;0.426206;0.000612762;0.00198502
1.62273e-07;0.999624;8.48463e-11;5.91603e-08;1.36839e-08;8.7563e-09;0.000213527;0.000121027;4.01475e-09;5.9776e-06;1.15183e-08;8.71962e-11;1.48996e-06;3.34681e-05
6.71809e-11;5.30805e-11;0.999999;3.69824e-09;2.94882e-10;5.2342e-12;5.46302e-10;9.35647e-13;4.57454e-10;5.67424e-11;3.07134e-09;8.5453e-07;1.06576e-13;7.70859e-11
5.53607e-06;0.996242;1.14806e-06;4.04932e-07;2.13946e-08;5.37049e-09;2.52767e-06;0.00338871;0.000111345;4.57728e-07;4.51757e-06;4.10424e-06;0.000239704;1.16847e-08
4.24131e-07;0.997366;7.28173e-06;1.45293e-08;6.56867e-08;1.75016e-07;5.43402e-06;0.00191871;9.11441e-08;9.96724e-07;4.70644e-08;6.52913e-05;0.00062614;9.31358e-06
8.75714e-10;1.47721e-09;0.999997;5.43153e-08;1.15549e-08;2.99344e-09;4.00747e-07;1.82097e-08;2.48931e-06;1.80216e-08;3.56671e-08;3.34488e-09;3.11341e-09;2.70501e-09
1.51195e-08;5.0936e-07;0.999972;2.13875e-08;4.31772e-10;1.90882e-10;9.86976e-10;1.14198e-07;5.44455e-07;1.3682e-10;3.73491e-09;2.70741e-05;2.15319e-10;8.97699e-11
2.70273e-06;0.0232562;6.17616e-09;5.86455e-08;1.69518e-05;2.57567e-05;6.37889e-07;4.07352e-05;8.10262e-06;1.98245e-05;3.28457e-09;9.24494e-11;2.04037e-07;0.976629
1.39893e-12;1.87698e-13;1;1.55017e-12;3.0736e-10;5.86233e-12;2.93794e-15;2.72122e-15;4.17305e-13;2.36244e-13;1.67662e-15;4.74528e-08;4.28189e-17;6.27203e-10
3.13903e-06;6.60581e-05;0.000119352;2.06417e-07;0.008542;1.71397e-07;4.51217e-11;0.991065;6.36008e-07;4.90069e-10;6.93326e-10;0.000198318;4.74333e-06;3.08164e-07
1.63041e-09;4.55179e-07;8.53965e-10;9.327e-11;6.32749e-06;1.63316e-09;5.05985e-13;0.999993;3.81669e-10;7.07715e-11;5.34752e-13;7.25367e-11;1.00107e-07;1.68744e-10
4.65298e-10;4.80005e-07;0.999993;3.73097e-08;2.74629e-06;4.44107e-07;1.08089e-11;7.12827e-09;1.38302e-13;1.39247e-07;3.10302e-12;1.27737e-06;7.0148e-08;1.7647e-06
1.13671e-06;0.958818;2.9754e-06;2.90985e-05;3.28467e-05;9.717e-06;4.91536e-06;0.0376231;2.05201e-06;1.2467e-06;0.000124554;0.00274991;0.000377007;0.000223774
