1.43552e-06;0.999878;1.44814e-06;4.48031e-07;3.33257e-07;6.92859e-09;6.51691e-10;1.515e-05;3.8229e-09;4.76995e-09;2.94404e-09;9.63768e-05;2.41077e-06;4.33931e-06
1.10747e-05;0.93624;1.82353e-08;3.28865e-07;1.94238e-07;3.86483e-08;3.24051e-06;4.67848e-06;3.43838e-07;1.74994e-07;3.86408e-06;0.0459857;0.0177503;1.03276e-08
1.38193e-05;0.0523814;1.82963e-07;1.12153e-05;1.70954e-05;0.000619219;6.66975e-06;0.0249075;0.000367724;6.2671e-07;0.00174474;0.229395;0.690461;7.41507e-05
8.53099e-06;0.0757057;0.898215;0.000259215;0.00177265;0.000280392;2.25091e-07;0.00150477;1.54497e-06;3.02313e-06;1.88377e-06;0.000392492;0.000177749;0.0216768
0.000292551;0.41678;4.63434e-06;0.000714038;0.00115849;0.000791912;0.000110216;0.00908165;0.00481699;2.9635e-06;0.00967233;0.00251688;0.553237;0.000820312
1.63571e-06;0.0220617;1.81266e-08;3.95011e-07;0.00045716;3.72089e-06;2.46339e-09;0.977148;9.44171e-07;7.70335e-08;2.02333e-06;8.75131e-05;0.000236566;1.99593e-07
3.59162e-05;0.578702;2.1642e-07;2.78081e-06;0.0130435;5.30706e-07;8.78885e-07;0.0236047;2.82694e-06;2.03177e-06;5.03656e-05;0.362879;0.0216387;3.66415e-05
2.32098e-05;0.847993;5.11e-07;9.39661e-05;0.000900034;1.9096e-05;2.20245e-06;0.0839898;7.10134e-05;3.2427e-06;0.000172926;0.000457912;0.0662057;6.68213e-05
0.000295184;0.0173303;6.86815e-07;0.0199088;0.251162;0.116746;3.29574e-05;0.0343848;0.00273699;0.000402244;0.00308954;0.00119766;0.076733;0.475979
0.000715158;0.953024;2.47705e-05;1.10085e-07;4.81947e-08;3.11096e-09;6.89681e-06;2.61751e-05;8.53966e-07;8.6678e-08;2.75701e-06;0.0408321;0.00536734;7.89844e-09
1.28895e-05;0.0144116;3.24641e-08;4.29874e-05;0.0214559;4.3637e-05;9.25656e-08;0.0173649;0.000478063;3.32779e-07;3.27759e-05;0.931021;0.000124385;0.0150109
3.7147e-05;0.40231;7.39603e-06;1.59612e-05;5.08894e-06;1.09153e-07;8.64489e-08;1.44348e-07;1.12148e-07;1.95417e-07;6.45804e-07;9.2384e-06;0.597614;2.59919e-08
2.33235e-06;5.08051e-05;1.35209e-05;3.42599e-08;4.12113e-08;9.03277e-10;1.8769e-11;2.19869e-06;3.51154e-07;1.7551e-10;3.97914e-08;0.999929;9.48362e-07;6.79084e-07
3.67732e-05;0.261823;6.38403e-05;9.12789e-06;0.000195745;0.000400398;5.28225e-06;0.703259;1.76071e-05;6.5843e-06;1.70544e-07;0.000127187;0.0236532;0.0104028
1.26479e-07;3.94291e-05;1.74769e-07;8.28e-06;4.60021e-08;0.00838288;2.16243e-07;6.63113e-07;2.26094e-06;9.52376e-08;6.55828e-07;2.14951e-08;0.991565;5.72921e-07
9.56281e-09;8.71696e-08;1;1.24912e-08;5.77865e-09;3.09804e-09;6.01946e-12;1.98233e-08;3.64073e-11;3.57345e-09;2.44981e-12;3.81926e-07;4.08543e-10;8.21214e-09
1.60541e-06;0.992115;3.12662e-06;2.4068e-05;1.88657e-07;3.56282e-06;2.14264e-06;0.006177;0.000814538;1.17948e-06;0.000425247;2.44936e-06;0.000416329;1.30608e-05
