6.68174e-07;0.99998;3.91939e-07;8.60745e-07;4.03032e-07;4.49366e-09;3.88386e-09;8.35092e-06;1.05871e-08;7.31684e-09;1.22586e-08;6.73124e-06;2.45815e-06;2.51892e-07
1.35542e-05;0.991551;2.45903e-09;2.95993e-07;2.27467e-07;2.38646e-07;4.46963e-07;0.0071159;8.70014e-07;5.93466e-07;1.76812e-07;4.29127e-07;0.0013145;1.91697e-06
7.77254e-08;0.000200574;8.18055e-08;3.08557e-07;0.00218921;1.51601e-07;1.82464e-08;0.000163398;1.43171e-06;3.81878e-08;2.21216e-06;0.997441;1.7979e-07;1.4044e-06
7.27264e-07;0.395124;0.000110079;5.16322e-06;3.01344e-06;6.04894e-07;5.48933e-08;1.88999e-08;8.20505e-10;6.10328e-07;8.74712e-07;6.15278e-07;0.604754;4.85107e-07
0.000249291;0.00614474;8.11123e-05;1.02674e-05;0.0008032;9.98716e-05;2.11955e-06;0.166004;0.000168339;6.13135e-06;0.000214338;0.65609;0.168401;0.00172525
9.21677e-05;0.869629;4.86319e-08;0.000902681;0.00813507;0.00256763;5.69757e-07;0.10354;0.000243618;3.67492e-06;0.000112499;0.00118005;0.00552532;0.00806678
0.00029684;0.00487771;1.73105e-07;9.19608e-09;1.55632e-06;8.68066e-08;1.49016e-09;0.990726;2.61194e-09;1.35755e-08;4.06745e-10;0.000168465;0.0039157;1.33881e-05
4.63414e-06;0.201509;0.000173772;8.1849e-07;7.56757e-05;0.000273949;3.98461e-08;0.0603688;1.06326e-07;2.21956e-07;1.46704e-07;0.482536;0.00541534;0.249642
1.81822e-08;9.73016e-05;8.67964e-08;1.14499e-07;4.89294e-08;5.69077e-07;6.69968e-09;0.000746861;6.06681e-08;1.64488e-08;1.07606e-07;9.6565e-06;0.999145;1.98434e-07
1.64287e-05;7.11029e-05;7.77121e-06;6.28247e-06;7.95157e-06;2.84608e-07;1.54504e-07;8.99364e-05;0.000167216;3.92725e-07;8.68185e-05;0.999073;0.00046853;4.45101e-06
1.86987e-06;1.51422e-05;2.51797e-10;2.71713e-09;5.6562e-08;1.25447e-08;5.15525e-08;0.999945;1.3879e-07;8.14267e-09;8.13061e-09;4.30667e-09;3.74616e-05;7.23e-09
1.43646e-08;1.12156e-06;4.11641e-08;7.1666e-06;0.993191;2.11792e-06;4.10839e-09;0.00470988;3.49375e-07;9.89924e-07;1.12345e-07;0.000465339;3.64838e-07;0.00162144
3.84288e-06;0.0443303;0.953607;0.000500805;2.10179e-05;2.91894e-06;1.41751e-05;1.17023e-07;9.41491e-08;4.87747e-05;0.000129546;7.70532e-06;0.00079801;0.000535998
8.29766e-06;4.62117e-06;7.02535e-08;1.8019e-07;1.04552e-07;5.71851e-09;8.72951e-07;0.999783;0.00010292;1.53737e-08;7.3962e-05;2.54252e-05;8.90447e-08;1.23951e-07
1.09369e-06;0.924425;6.15091e-07;2.25856e-05;5.00596e-06;3.45598e-05;8.85453e-06;6.7206e-05;8.40372e-08;2.56112e-05;8.6042e-07;1.33163e-05;1.75373e-05;0.0753778
5.20948e-05;0.00332008;3.20551e-06;0.000206531;1.30053e-08;7.70683e-07;0.000476228;4.20183e-06;0.000616802;4.08734e-06;0.774258;0.00834325;0.212606;0.000109197
7.38825e-06;0.000777948;1.02612e-07;3.12424e-09;1.29905e-07;6.22625e-10;2.87464e-09;0.999171;2.91603e-09;1.14025e-08;1.85562e-08;2.29204e-05;2.04469e-05;3.58891e-07
9.14005e-10;0.000499661;8.05214e-07;2.60009e-09;6.00373e-08;3.83578e-09;8.49168e-11;6.55573e-05;8.60438e-10;2.48691e-10;7.36387e-09;0.999414;2.00723e-05;1.08226e-07
7.01494e-08;0.0130861;3.24318e-08;2.4069e-05;9.63485e-06;0.0125578;3.9333e-06;8.8196e-05;6.90934e-06;5.85154e-06;0.000107065;3.09334e-07;0.974026;8.38523e-05
0.000181105;0.000219617;0.985775;6.33124e-05;0.00266773;0.000110183;3.35647e-06;1.2252e-05;7.89195e-06;6.06247e-05;1.98889e-06;0.00936777;0.000385689;0.00114386
4.49295e-05;0.00666848;1.16545e-07;6.31214e-07;0.000135522;1.96536e-05;3.40441e-07;0.991476;7.93746e-05;3.20953e-07;3.36926e-07;4.40563e-07;0.000578909;0.000995175
1.15625e-05;2.45959e-05;4.34783e-09;2.02029e-07;2.04624e-06;6.96809e-09;1.70431e-08;0.993265;6.99118e-05;1.84753e-08;2.32138e-06;2.45152e-05;0.0065998;1.2131e-07
4.39922e-06;0.99902;1.50658e-08;2.39117e-06;4.71952e-07;1.32916e-07;1.13262e-05;0.000529002;4.17782e-05;8.66626e-06;5.26561e-06;8.53757e-06;0.000353668;1.39263e-05
8.33858e-06;0.997402;5.44478e-07;4.70217e-05;2.26732e-06;6.65887e-08;4.11691e-05;0.000173899;1.13081e-05;4.80181e-06;1.59292e-06;0.000287129;0.00201885;8.01627e-07
2.99943e-06;5.83232e-05;7.37103e-10;3.74643e-05;0.00052272;1.04154e-05;9.72124e-07;0.998685;6.97529e-07;4.20438e-06;1.80166e-06;0.000606403;2.40361e-07;6.83228e-05
2.08364e-05;0.997354;4.04337e-06;4.21315e-06;1.55296e-07;4.97316e-07;3.44239e-05;0.000175005;7.04461e-07;3.12212e-07;7.01742e-05;1.40812e-06;0.00230829;2.59184e-05
2.3691e-06;0.911112;6.98331e-09;1.43065e-05;3.59403e-05;8.1391e-05;4.56518e-09;0.00393603;2.77101e-07;1.15258e-07;3.50177e-06;0.000126897;0.0800661;0.00462081
5.41231e-06;0.0472116;3.80078e-06;2.77745e-06;0.000371007;5.78478e-07;1.00755e-08;0.000199253;1.42184e-07;2.03658e-07;5.3969e-07;0.951539;0.000185595;0.000479889
1.95218e-05;0.762965;2.71068e-08;0.000124619;0.00990815;4.22602e-05;1.05164e-05;0.189483;0.000219213;1.9495e-05;0.00106538;0.00149176;0.0346451;6.10754e-06
4.26499e-05;0.0395702;0.513774;9.58764e-05;0.000105006;0.000214704;1.14107e-06;3.91535e-05;4.94926e-09;1.34479e-05;2.64481e-05;0.412372;0.0336451;0.000100318
2.29864e-06;3.59079e-05;1.14409e-08;2.6986e-07;1.9044e-06;8.76206e-07;3.90348e-08;0.00621521;4.13151e-07;5.95107e-10;0.000197628;1.00357e-05;0.993534;1.31444e-06
4.90983e-07;0.996241;2.05465e-08;3.6358e-08;9.01581e-07;2.13028e-06;2.45307e-08;0.00236308;7.5082e-08;5.6705e-09;1.27408e-06;0.000471065;0.000786297;0.000133438
3.23168e-05;0.604872;0.000285583;0.000337872;0.00264064;0.000131208;2.42585e-05;0.14012;1.14695e-06;8.63062e-05;0.000336607;0.191127;0.0557949;0.00420947
1.51516e-06;0.0119835;4.60316e-06;6.33228e-05;2.174e-05;2.37239e-05;9.36124e-06;7.42715e-05;1.11803e-06;2.3426e-06;0.0011879;4.26239e-06;0.000511378;0.986111
1.44465e-05;0.035306;5.62154e-08;2.07243e-05;6.79513e-06;2.92035e-05;1.65013e-06;0.00066558;0.000183802;5.72308e-06;0.00357478;0.00180067;0.958256;0.000134425
1.03451e-05;0.982516;1.16186e-08;0.000123736;0.000302896;1.84193e-05;9.74341e-05;0.0133397;2.86049e-06;0.000439537;1.60276e-05;0.000420303;0.00100615;0.00170633
0.000320891;0.936172;4.59594e-06;0.0137299;0.00894252;9.16958e-05;0.000654077;0.0017839;0.00052913;0.000388367;0.000559967;0.0228858;0.00407791;0.00985904
4.54587e-06;1.35603e-05;2.49604e-10;8.57478e-06;4.47527e-05;1.10886e-06;1.55101e-06;0.999886;1.2656e-06;1.84799e-07;2.8158e-06;3.36375e-05;1.58226e-06;1.73786e-07
9.07675e-05;0.995379;3.62238e-05;5.52047e-06;2.33405e-07;4.67422e-08;0.000173639;0.0022889;2.62169e-06;2.39459e-06;6.22131e-05;8.85883e-06;0.00194665;3.03871e-06
1.42137e-06;0.999344;3.03688e-09;2.87183e-06;6.34519e-07;3.72801e-07;6.91032e-08;3.71791e-05;1.85518e-07;1.46983e-07;2.94897e-06;1.90995e-05;0.000584735;6.53513e-06
6.73303e-06;0.00226067;1.6425e-05;1.85978e-06;0.000111022;5.02035e-08;1.43466e-08;0.000414919;2.9025e-06;7.24107e-08;1.43495e-06;0.997161;2.25666e-05;5.43916e-07
3.84529e-06;0.0437635;1.96158e-08;3.1254e-05;0.0128538;4.70893e-06;6.45574e-07;0.943066;1.1258e-05;7.6044e-06;5.38307e-06;2.28451e-05;0.000191978;3.70897e-05
2.08471e-05;0.00935476;0.988147;0.000123971;1.77465e-05;0.000287354;2.04659e-05;1.08862e-05;9.60947e-09;0.000202366;2.08335e-06;1.00905e-05;0.00151523;0.000287536
4.4854e-08;3.24655e-10;0.999999;3.5657e-08;2.02761e-10;5.69923e-10;8.363e-08;9.90237e-10;1.74373e-07;1.07845e-09;1.02421e-06;5.70789e-08;3.01478e-08;3.99133e-10
2.28078e-08;3.57072e-06;0.999921;5.18902e-08;3.04895e-11;3.36998e-10;2.12234e-09;6.60563e-07;2.82866e-07;1.84782e-10;4.37593e-07;7.3933e-05;1.58466e-08;2.33372e-09
1.45019e-07;0.0021346;2.37743e-09;1.03988e-07;7.74915e-06;7.76158e-06;2.48386e-07;1.61942e-06;6.48699e-08;2.74799e-06;2.29755e-07;8.04533e-12;2.23433e-06;0.997842
2.44162e-12;5.34194e-13;0.999998;3.02436e-10;6.87897e-11;3.30926e-12;6.43255e-13;6.72685e-14;4.30111e-12;1.94115e-12;2.47019e-10;1.85496e-06;2.49478e-15;3.49765e-10
8.29955e-06;0.0015666;0.000275384;0.000124103;0.000740003;2.66526e-05;1.36463e-08;0.996174;1.49247e-05;5.45043e-07;6.84038e-06;1.19345e-05;1.09504e-07;0.00105063
3.89954e-08;2.17187e-05;1.36505e-06;1.08354e-09;3.05582e-06;1.35871e-08;4.9384e-13;0.999339;4.81495e-10;1.76156e-10;3.81551e-11;1.59787e-09;0.000634387;2.75804e-10
5.72572e-11;7.33424e-07;0.999996;2.0459e-09;2.1512e-06;1.7067e-07;2.64381e-12;5.57509e-10;9.11912e-14;5.25576e-08;3.76256e-12;3.60424e-07;1.01579e-07;8.95178e-08
4.66188e-07;0.971224;8.01588e-06;2.11389e-05;6.46063e-05;4.35693e-05;3.63752e-06;0.00179689;6.29339e-06;2.90384e-06;0.000137789;0.0234905;0.00291442;0.000285865
