5.05318e-06;0.998752;1.08563e-05;4.48874e-06;1.12657e-05;1.01199e-06;2.99945e-09;1.68276e-05;3.0162e-08;1.90439e-08;6.29006e-08;0.000339715;0.000856133;2.84566e-06
1.84657e-05;0.855847;5.02238e-09;1.96809e-06;5.55571e-05;3.25885e-06;9.55753e-07;0.00473245;3.31718e-07;5.34162e-07;2.31402e-06;2.00391e-05;0.139097;0.000220315
2.04671e-06;0.00456074;1.94169e-05;0.000305643;0.304463;0.00216041;2.79426e-06;0.035882;3.01467e-05;6.23142e-06;2.67501e-05;0.00174735;0.000769027;0.650025
3.50788e-05;0.553439;1.16564e-05;0.000102999;0.00206965;4.20363e-05;1.78912e-06;0.209416;0.00015252;2.0621e-06;0.00238709;0.00415136;0.228134;5.46995e-05
2.72458e-06;0.00286328;6.48186e-07;6.7624e-07;0.00552852;1.17693e-05;3.25048e-08;0.983224;2.12338e-06;2.59778e-06;1.27009e-06;0.000309299;0.00668757;0.00136589
1.45837e-05;0.000178925;3.35205e-09;1.92069e-06;0.000105493;2.5636e-07;3.96394e-08;0.927001;2.91301e-05;1.98129e-07;0.000150601;0.00884129;0.0636731;3.854e-06
7.7618e-05;0.942437;4.78076e-10;0.000346046;4.69189e-07;9.54791e-07;0.000210474;0.0182511;0.0023465;9.81588e-05;0.0346355;6.73293e-06;0.00153608;5.35302e-05
3.4157e-06;0.000922859;0.000304226;0.00024338;4.21535e-06;1.245e-07;3.2989e-09;1.50694e-05;1.535e-08;2.54392e-07;1.11302e-05;0.998455;3.00916e-07;3.95071e-05
0.000397443;0.402218;7.97904e-07;5.99879e-05;2.7298e-05;0.000103658;0.000547503;0.00116915;5.9537e-05;5.44345e-05;0.0130766;0.00166563;0.580616;3.78904e-06
2.50457e-05;0.463516;5.60434e-08;0.000409384;0.000295104;0.000403953;0.00163232;0.00201788;0.000108007;0.000752653;0.00525326;1.37068e-05;0.524115;0.00145698
8.87228e-05;0.293034;0.705716;3.2167e-05;6.58075e-05;4.6125e-07;7.72377e-06;0.000114455;7.16755e-06;6.05199e-05;2.21989e-06;0.000831474;1.41661e-05;2.54995e-05
3.90388e-06;0.000464;3.31725e-08;3.61526e-06;1.87637e-07;3.72633e-07;5.93731e-07;0.00371664;3.14977e-05;2.43905e-07;2.65736e-05;1.6838e-07;0.995752;3.27071e-07
1.72205e-05;0.993722;0.00360155;2.75884e-05;1.55711e-06;9.07508e-07;1.24426e-05;0.00236837;6.84801e-07;2.37373e-05;2.78002e-06;6.30452e-05;5.71974e-05;0.000100845
1.56258e-10;1.27787e-08;1;1.3032e-08;5.29493e-11;3.74348e-10;5.80936e-09;1.44477e-10;1.0811e-09;7.90377e-10;1.47498e-08;1.01402e-08;5.72839e-09;2.20227e-10
3.77986e-08;2.13278e-06;0.0022756;2.00338e-06;2.6977e-07;8.73909e-08;2.00929e-10;0.00110094;3.05645e-07;2.95678e-09;5.49025e-07;0.996618;1.77793e-08;3.58207e-07
1.8369e-07;0.997612;1.72566e-09;6.52284e-07;9.44279e-08;3.71832e-06;4.91386e-09;0.000167508;9.92652e-08;7.26844e-08;4.07939e-06;4.43575e-08;0.00215217;5.94444e-05
1.12741e-06;0.00364704;3.65656e-08;0.000677517;0.00403664;0.825693;3.06356e-08;0.0373744;9.14731e-06;1.01028e-05;8.7119e-05;0.00141936;0.000213111;0.126832
3.04547e-07;0.000824688;1.44388e-06;6.52767e-07;5.56129e-07;0.00248076;1.72407e-09;1.08139e-05;3.01247e-08;3.96953e-09;1.49853e-07;7.01892e-07;0.996679;4.14228e-07
5.41222e-06;0.00546354;1.74517e-07;2.53466e-05;7.49361e-05;0.00142883;3.40913e-10;0.474493;1.21391e-07;9.59839e-08;3.34564e-07;0.495263;0.0231888;5.64141e-05
6.49663e-05;0.0756233;0.902472;4.4748e-05;0.000193968;0.000461359;3.63358e-09;0.00216476;1.97669e-09;5.57037e-06;1.7806e-09;0.00111376;0.00108489;0.0167705
1.02692e-05;0.00109018;0.00405023;2.58907e-07;0.0154802;0.000163975;6.83276e-10;0.00111517;2.7877e-07;3.79464e-08;1.78176e-07;0.913763;0.00706024;0.057266
8.43135e-06;0.993833;1.1978e-08;6.0441e-07;0.000953781;2.36414e-05;2.24816e-08;0.000672373;4.67521e-06;4.96191e-08;9.04764e-07;0.00287387;0.00127994;0.000349197
4.16234e-05;0.99078;9.7758e-07;1.16577e-07;3.24049e-06;9.97206e-09;2.49688e-08;0.000994397;2.18307e-07;1.038e-08;9.36736e-08;0.00817494;4.30424e-06;4.96619e-07
3.22528e-06;0.96521;4.14222e-09;3.92516e-05;0.00342207;2.07696e-06;1.02688e-09;0.030352;9.071e-08;2.38816e-07;4.60292e-09;0.000861075;4.80871e-05;6.17273e-05
9.65151e-05;0.0497132;0.261836;0.000118794;0.00087659;0.00580173;1.76009e-08;0.000400081;1.08969e-09;1.61145e-05;2.61844e-08;0.660895;0.00620399;0.0140422
7.86909e-07;0.000276786;2.01487e-10;6.6481e-09;7.04152e-09;2.02606e-08;8.28223e-08;2.29178e-06;8.86071e-09;8.38749e-10;3.74468e-07;4.82925e-06;0.999715;4.96932e-09
2.19999e-06;2.0523e-06;1.22667e-06;9.15744e-07;1.15901e-06;9.68894e-07;2.90995e-08;3.21163e-05;1.04309e-05;6.71713e-08;2.55448e-06;0.996937;0.00300957;1.18556e-07
7.47193e-05;0.00449161;1.46892e-09;0.000371388;1.11216e-05;2.2724e-05;1.87046e-05;0.621523;0.362478;1.06716e-05;0.0105979;0.000129168;0.000262079;9.71314e-06
5.00992e-06;0.999453;8.05689e-06;1.70445e-05;8.93084e-06;9.46017e-07;5.62183e-09;3.22039e-06;1.58772e-09;1.24388e-06;5.4095e-09;0.000388092;6.97306e-05;4.47901e-05
6.64151e-06;0.000718626;3.17496e-13;1.35018e-07;0.000140249;5.46973e-09;1.33914e-06;0.999112;1.26453e-06;2.37359e-06;3.23821e-07;6.95831e-11;1.19978e-05;5.31592e-06
4.49082e-06;0.000118631;0.998705;0.000171321;0.000162319;2.17295e-05;1.52178e-06;4.07391e-08;1.85652e-06;0.000114978;3.25077e-05;0.000636714;5.39708e-06;2.36532e-05
0.00124233;0.0120516;4.86819e-07;3.68349e-05;1.2571e-06;1.71239e-06;0.000317474;0.00956995;0.728658;2.23632e-06;0.247242;0.000213561;0.000661976;1.53953e-07
