6.73027e-07;0.999962;2.89158e-07;2.62942e-06;1.44032e-07;2.85886e-09;3.89301e-09;1.7416e-05;8.87964e-08;1.25091e-08;5.56013e-08;1.56946e-05;7.42218e-08;8.47297e-07
1.09878e-06;3.37403e-06;1.59154e-11;6.81924e-10;2.44736e-07;6.50627e-10;1.03254e-09;0.999995;1.17851e-07;7.95446e-10;4.21931e-09;1.12669e-09;8.36319e-08;4.31033e-10
1.1903e-06;0.985062;4.00153e-05;6.29743e-07;6.43299e-06;3.90991e-08;0.0142417;6.62939e-06;3.98858e-06;0.000491691;4.01196e-08;1.6673e-05;2.0598e-08;0.000129443
6.26186e-09;2.83152e-08;0.999998;8.31517e-09;4.2644e-09;1.45581e-09;2.93099e-08;1.15528e-08;5.33342e-07;3.25025e-10;1.03794e-07;9.09079e-07;7.04501e-10;1.52781e-09
1.94701e-07;0.999393;2.37503e-08;1.13754e-09;1.33573e-09;3.05528e-11;1.02593e-07;7.153e-07;1.356e-08;1.24901e-09;2.45745e-08;2.25741e-05;0.000583538;8.0957e-10
3.7283e-07;0.752139;3.4778e-05;0.000157153;0.00240706;4.66011e-05;6.89303e-07;0.0390489;5.73837e-07;7.08674e-06;5.91203e-07;0.19666;0.00038617;0.00911167
4.89707e-06;0.192707;1.35693e-07;4.91075e-06;1.41142e-05;0.000487935;5.65697e-08;0.00860172;1.63444e-07;1.17168e-08;1.72413e-05;0.702452;0.0945049;0.00120499
8.94165e-08;0.999398;1.79397e-09;3.09882e-08;7.89395e-09;8.2958e-09;3.79395e-06;1.72828e-05;3.7864e-09;2.11482e-07;7.35402e-09;6.13833e-09;1.6253e-06;0.000578826
1.05784e-10;2.40063e-10;1;2.6069e-09;3.68634e-11;1.54455e-10;1.29359e-10;1.71011e-11;5.09037e-10;3.82164e-11;6.11613e-09;2.83254e-07;1.42609e-11;1.78113e-09
3.43971e-07;0.998649;3.75429e-08;7.43646e-09;4.20442e-09;2.50418e-09;5.04643e-08;1.13407e-06;3.28847e-09;3.52598e-09;1.02574e-08;1.27656e-05;0.00133633;1.8698e-08
2.03945e-09;0.000429714;1.82147e-06;1.7383e-07;4.9094e-06;3.47008e-05;9.32365e-12;2.20849e-05;5.64137e-10;8.19466e-10;1.50942e-09;0.994473;9.14904e-06;0.00502419
6.23348e-08;0.880914;1.78326e-08;2.29711e-06;4.73014e-05;0.00023139;1.1354e-07;0.0122093;2.94288e-09;2.78146e-07;5.88024e-07;8.38805e-05;0.105305;0.00120523
2.82541e-06;0.00366374;1.04385e-05;3.18647e-05;0.000579075;2.64839e-05;6.21632e-06;0.000143851;3.44318e-07;1.81651e-06;2.43709e-05;0.737649;0.257833;2.66629e-05
0.00017884;0.261326;1.6613e-07;8.13908e-05;0.00257337;0.00108119;1.57445e-07;0.725999;0.000152209;1.96034e-06;1.10681e-05;0.00674941;0.00153039;0.000314877
7.14804e-06;0.993506;1.12054e-08;1.32319e-06;3.19217e-07;6.46773e-09;5.92339e-07;0.00598733;1.44117e-07;2.83564e-07;5.06081e-07;1.79279e-06;0.000493436;8.50375e-07
1.9388e-05;0.991735;5.49674e-07;4.21774e-05;4.97938e-05;1.06519e-05;2.26443e-07;0.00614907;1.61211e-06;9.65114e-06;9.77194e-07;0.000290196;0.0013909;0.000299486
8.31544e-06;0.000769058;0.000117889;1.78554e-05;0.0235707;5.39615e-07;4.7769e-08;0.036317;3.67897e-07;4.49776e-07;1.14955e-06;0.939144;3.36808e-07;5.20799e-05
5.47498e-08;0.989518;4.24642e-06;6.43938e-07;1.19319e-07;8.89303e-09;3.45555e-06;5.4015e-10;7.22304e-10;1.71851e-05;2.80678e-08;9.42025e-07;8.03724e-09;0.0104557
0.000285398;0.00352777;1.01197e-08;1.8258e-07;1.03258e-07;2.84155e-07;0.611526;0.00157045;0.309697;3.58921e-07;0.0733758;3.01456e-07;1.65369e-05;2.72428e-07
2.85568e-07;0.999432;2.17913e-13;1.05103e-10;2.14757e-10;3.60754e-10;5.72621e-09;1.60426e-07;5.84086e-08;1.45904e-10;4.23173e-09;8.7348e-08;0.000567026;3.94948e-10
3.27561e-06;0.0471165;1.92599e-05;1.06822e-06;0.000435937;4.56514e-05;2.98727e-10;0.000815284;1.98651e-07;6.82495e-07;4.83475e-10;0.942879;0.00027532;0.00840766
8.29168e-05;0.150637;8.68341e-06;5.96139e-05;0.000250797;0.0127225;5.63582e-05;0.0341074;0.000693118;2.21558e-06;0.000655801;0.0281451;0.769138;0.00344117
5.99453e-06;0.290656;3.11104e-09;9.73499e-06;0.000111016;9.62468e-05;0.000277692;0.706369;9.62269e-05;3.3731e-05;8.23106e-05;7.63498e-08;0.00211684;0.000145542
5.36631e-10;4.11075e-10;1;4.62616e-09;1.66994e-10;1.04907e-10;2.00043e-09;4.02095e-12;6.71442e-09;1.83746e-10;5.53096e-08;1.38994e-07;2.02713e-11;1.6828e-11
7.19588e-05;0.627687;6.0876e-05;1.1646e-05;5.8047e-05;1.08653e-05;3.65034e-06;0.0278607;0.000249525;2.98946e-06;0.000115401;0.284952;0.0588936;2.13014e-05
1.78357e-06;0.685001;5.09728e-05;4.76893e-06;0.000328152;0.000820388;1.60909e-06;0.00506959;1.31796e-07;2.99472e-05;6.69837e-06;0.173285;0.0331862;0.102214
7.73843e-07;0.992816;1.43924e-07;0.000161504;3.66775e-05;1.79164e-05;1.01731e-05;0.00193685;1.71617e-06;1.50453e-05;3.83812e-05;0.00161271;0.000410564;0.00294132
4.7106e-06;0.000989563;5.34039e-11;5.24008e-07;0.00458838;3.03271e-08;3.62452e-07;0.994409;2.31981e-07;4.16358e-07;1.50132e-07;1.08952e-06;1.5928e-06;4.26083e-06
9.38541e-06;0.000125817;0.998;1.22742e-06;3.32156e-05;6.29967e-05;1.28741e-07;8.01854e-06;3.79504e-08;9.55637e-07;1.01034e-07;0.00142493;7.86307e-05;0.00025505
3.99969e-05;0.969356;3.82855e-07;2.62776e-08;2.17763e-08;1.12068e-09;0.0290632;0.00150894;7.45374e-06;1.34304e-05;3.40351e-06;2.99271e-08;1.63082e-06;5.91231e-06
7.6416e-08;5.48837e-07;0.999891;3.00719e-08;3.28445e-10;3.97734e-10;1.34947e-05;2.23913e-07;7.58457e-05;2.62506e-08;5.69586e-06;1.3127e-05;3.20013e-09;1.46748e-09
2.75416e-06;0.977607;1.74253e-09;3.0575e-06;1.97678e-07;1.14759e-07;1.05115e-05;0.0010676;0.000255756;3.83153e-07;0.000187615;0.00775171;0.0131135;3.42997e-07
9.27104e-05;0.102469;0.000113987;0.000113884;0.000116513;5.85145e-06;3.77958e-06;0.00638336;6.04717e-05;2.04839e-05;0.000107233;0.741444;0.149;6.91197e-05
2.42527e-05;0.14129;0.000256238;9.83879e-05;0.0959911;8.09726e-05;5.4963e-05;0.674993;1.50995e-05;8.67918e-05;8.46902e-05;0.00959061;0.000166173;0.0772669
6.2492e-07;0.0075265;1.18744e-08;1.06959e-06;6.95928e-06;0.000498224;5.43713e-05;9.40708e-06;1.73566e-06;2.62166e-06;3.31691e-06;1.66619e-07;0.991891;3.99066e-06
5.57803e-08;1.85918e-05;0.998424;2.6255e-07;2.07903e-09;5.72736e-09;8.5941e-07;5.76116e-10;7.39542e-10;3.13255e-06;1.17564e-09;0.00155238;5.4499e-08;1.62348e-07
1.00576e-06;2.43414e-07;0.999315;1.79374e-06;8.43873e-09;1.31365e-08;3.87105e-05;1.01963e-09;0.000112554;6.58374e-07;0.000355228;0.000174643;4.54162e-09;4.56987e-08
1.01889e-08;0.000373853;1.91389e-13;6.27168e-10;4.15163e-06;7.25435e-10;5.15903e-11;0.999622;6.07034e-09;4.84341e-10;4.48303e-10;3.11058e-09;3.15772e-08;4.40393e-08
7.18164e-09;2.74104e-05;0.999742;5.7304e-08;4.51308e-06;5.49838e-06;1.98779e-09;6.98454e-07;1.86639e-10;9.03265e-08;6.20616e-08;0.000142201;7.64843e-05;5.28175e-07
1.39022e-07;0.998964;3.02088e-08;1.95193e-09;6.32578e-08;5.76057e-09;0.000176229;0.000850999;5.45975e-09;1.17719e-06;3.87451e-08;2.96601e-08;5.97155e-06;1.84351e-06
1.69097e-10;1.42448e-10;0.999996;3.6888e-10;8.60986e-11;1.19709e-11;1.30832e-08;3.56382e-11;1.99754e-08;2.61346e-10;3.33133e-09;4.26212e-06;1.71865e-11;1.03465e-10
8.02965e-06;0.806225;2.35878e-08;2.06046e-06;0.000279382;1.4049e-06;3.03071e-06;0.182833;0.000127453;4.7332e-07;5.06349e-05;0.00489418;0.00557506;6.57344e-07
5.11301e-06;0.938399;5.71375e-07;5.82699e-06;1.28684e-06;4.47003e-08;4.16084e-06;0.0357363;2.99964e-05;1.07728e-05;5.75807e-05;0.00222543;0.0235233;3.06363e-07
1.52632e-05;0.0169052;0.000279825;0.029026;0.00160703;0.0046807;0.0028372;0.000129145;0.000553177;0.0248448;0.00656545;0.00615137;3.0431e-05;0.906374
4.76162e-05;0.999001;1.15951e-05;2.29342e-06;3.51726e-08;4.14335e-09;0.000356357;0.000148081;9.22867e-06;3.31318e-07;8.42613e-05;0.000205233;0.000133518;5.61261e-08
1.57612e-07;0.999531;6.52775e-10;4.93941e-06;1.62405e-05;3.18261e-08;9.29141e-08;0.000374087;2.01617e-09;9.94389e-07;4.58559e-09;2.50786e-06;1.40147e-06;6.87469e-05
7.26944e-05;0.00746184;0.0172154;0.000758758;0.00111931;0.0407789;1.53823e-07;9.26723e-05;1.28353e-07;7.48629e-05;7.42623e-06;0.884729;0.00142473;0.0462638
2.45335e-05;0.995921;3.3895e-09;9.75579e-09;2.23867e-08;8.9855e-09;1.47168e-05;0.00402156;7.60736e-08;3.2299e-07;1.54814e-07;6.18064e-08;9.47606e-06;8.04337e-06
1.32826e-08;7.6569e-08;0.999993;9.5678e-09;6.01705e-10;2.03054e-09;6.59441e-06;9.93663e-08;8.74499e-08;2.24546e-07;2.7294e-08;1.57327e-09;4.23251e-10;1.98784e-09
8.42227e-12;5.16862e-11;1;7.58831e-11;3.24695e-13;3.56428e-12;4.32003e-11;1.37548e-11;3.30855e-11;6.90505e-12;6.21863e-11;8.27673e-10;5.32535e-11;2.73179e-12
4.53553e-09;1.258e-06;0.00259288;9.37317e-08;4.63678e-08;7.60284e-09;3.47561e-09;3.30877e-06;4.36823e-08;4.90087e-09;4.65277e-08;0.997084;9.06319e-09;0.000318236
2.4254e-07;0.889769;3.70377e-08;1.64232e-05;3.23627e-05;0.00189861;3.80713e-06;0.00036152;2.82902e-06;2.2849e-06;0.000163633;9.28635e-08;0.10762;0.000129045
5.88395e-06;0.0118007;0.0716506;0.000111428;0.000108797;0.000686672;6.40573e-07;0.000543628;9.72705e-07;4.53892e-06;1.13272e-05;0.884702;6.29542e-05;0.0303096
1.28859e-05;0.707218;1.29358e-10;0.000786441;0.00112866;0.0820883;7.40642e-07;0.0770126;0.000485294;1.42145e-06;0.00144634;8.93457e-05;0.120173;0.00955622
1.32528e-06;0.964102;4.51192e-07;3.17715e-08;4.54011e-08;3.4068e-08;1.07233e-09;0.0121525;2.57084e-09;9.50053e-09;9.14788e-09;5.26434e-06;0.0237385;1.2252e-07
4.93368e-05;0.165778;1.8632e-06;0.000558331;0.0467264;0.00265503;1.31432e-05;0.000237372;0.000119407;0.000351809;0.00103565;0.00528979;0.0314033;0.745781
2.22887e-05;0.0771037;2.37257e-05;1.85624e-05;0.0784925;0.00024809;5.58835e-08;0.0021712;4.70073e-08;3.201e-05;5.71234e-08;0.00372012;0.0750926;0.763075
2.60667e-07;0.00137877;8.43216e-06;2.08092e-06;0.000308779;0.000441595;5.27838e-09;4.01786e-05;5.18526e-08;1.06954e-08;1.32881e-06;0.992728;0.00216178;0.0029289
6.31738e-09;0.998475;1.73032e-11;1.70733e-08;1.04688e-07;6.89631e-07;2.04025e-05;6.67963e-06;9.14984e-10;1.24023e-06;5.57214e-08;3.98473e-11;1.77541e-06;0.00149381
1.64097e-13;2.27049e-13;1;1.3481e-12;2.29908e-12;1.34781e-12;4.23284e-12;3.28283e-13;4.35374e-13;4.84701e-13;4.81999e-11;7.61548e-13;4.70583e-13;9.03487e-15
1.87566e-08;0.999857;2.15782e-11;6.56305e-09;1.57056e-10;7.99316e-11;0.000139991;6.56327e-09;7.96733e-09;1.76843e-06;7.74755e-08;4.48463e-12;1.01015e-06;1.06214e-07
4.40946e-12;4.12433e-12;0.999993;1.67902e-10;2.5433e-11;2.87511e-12;3.3728e-10;2.36362e-13;4.23625e-11;1.44429e-10;1.8669e-10;7.30373e-06;1.54911e-14;2.113e-12
1.15368e-05;0.983169;1.47562e-08;1.06072e-05;7.54051e-08;3.80042e-07;0.0120222;0.00136971;0.000816181;3.82448e-05;0.000667517;2.69678e-06;0.00188275;9.45511e-06
6.24053e-05;0.217911;7.67943e-07;0.00047667;2.03908e-06;2.79545e-05;0.000350077;0.000181791;5.486e-05;9.39707e-05;0.000943071;0.779166;0.000469845;0.000259648
3.77581e-06;0.00194647;8.08687e-08;7.16753e-06;0.000977141;6.33793e-06;6.33799e-07;0.994659;2.62627e-09;2.22533e-05;1.52346e-09;6.15483e-08;5.8941e-05;0.00231799
5.02045e-08;2.33246e-05;0.999896;3.52813e-07;1.11603e-06;3.83686e-07;4.59402e-08;1.99575e-08;4.02608e-12;2.22874e-06;1.10656e-09;7.43264e-05;1.56683e-06;7.02854e-07
1.96128e-09;0.000762411;2.11629e-10;2.40712e-09;1.172e-12;2.29993e-11;0.998071;8.64451e-11;7.61544e-09;0.0011665;2.53671e-07;1.88619e-12;1.04047e-09;2.25686e-07
4.30282e-13;6.16161e-13;1;1.43594e-10;4.62316e-12;6.94515e-11;3.81702e-10;1.99814e-13;7.78927e-11;6.21885e-11;2.57602e-09;5.38585e-10;8.32338e-15;2.77473e-13
