5.68629e-07;0.999963;1.84429e-05;1.67651e-07;4.78406e-07;3.46562e-08;4.87065e-09;6.68262e-06;5.43169e-09;6.77771e-08;2.00021e-09;4.45781e-06;6.35348e-06;2.12137e-07
1.69063e-09;1.52392e-08;0.999979;1.27698e-09;1.44848e-09;9.1507e-11;3.17181e-09;6.96347e-12;5.88464e-09;1.3004e-09;9.71932e-09;2.09669e-05;4.05364e-10;1.31723e-10
4.43696e-05;0.000286952;3.57585e-05;0.000170582;0.029521;0.000371857;3.4779e-05;0.177004;0.0189654;1.7629e-05;0.00510124;0.524754;6.09603e-05;0.243631
5.35651e-05;0.803227;1.52519e-08;0.000340978;6.53709e-06;0.00019038;2.50138e-06;0.0153516;0.00110372;1.52303e-06;0.0206489;0.00283219;0.155753;0.000487587
7.07632e-07;0.998954;3.445e-05;1.55075e-08;5.65893e-09;2.67652e-09;9.5445e-08;0.000346238;2.29146e-08;8.36683e-09;6.10178e-07;0.000501816;0.000162216;4.73605e-09
3.21705e-05;0.929448;2.06647e-07;0.000594817;0.0386748;0.000398885;2.40824e-06;0.00299945;1.61383e-05;2.70322e-05;1.58114e-05;0.0210945;0.000647323;0.00604834
0.000795671;0.0134839;0.200646;0.000347798;0.0030705;0.018553;2.59535e-05;0.00148258;2.31313e-06;0.000363266;0.000191855;0.758733;0.000365148;0.00193855
9.1353e-06;0.0012217;9.16357e-09;9.61133e-08;3.57854e-07;3.50535e-07;3.211e-08;0.993202;2.57918e-06;2.00938e-09;3.82182e-06;3.21984e-06;0.00555691;1.28568e-07
8.41835e-05;0.0134869;1.01471e-05;2.10832e-07;1.18945e-05;3.28762e-07;2.09699e-09;0.918231;4.47609e-07;4.74669e-08;6.87613e-08;0.0677039;0.000379439;9.0989e-05
1.06583e-07;0.0989329;1.00484e-06;8.6837e-06;5.12517e-06;1.41817e-06;2.8058e-09;0.00297071;3.85351e-07;1.47155e-08;8.27048e-06;0.897641;0.000304767;0.000125476
6.35506e-07;0.936326;5.86783e-10;3.02776e-06;3.78049e-05;2.69815e-06;1.52869e-06;0.0619958;1.79708e-06;2.8298e-06;2.57063e-05;0.00129395;0.000302837;5.76592e-06
9.9254e-05;0.160467;7.86132e-07;1.46401e-07;9.97408e-06;4.83721e-06;6.05167e-05;7.38064e-06;3.50614e-06;2.97664e-06;6.4351e-06;0.610701;0.228636;5.99699e-08
0.000185478;0.000702341;1.42581e-08;8.91046e-06;0.00136505;0.00345582;2.37666e-06;0.0496718;0.00352538;2.50412e-06;1.42811e-05;1.33708e-06;0.940691;0.000374119
0.000239964;0.205252;0.793264;1.99082e-06;2.50765e-05;1.00283e-07;3.17364e-09;0.000476876;1.26766e-06;4.37794e-08;1.85958e-08;0.000475947;0.00025717;5.70539e-06
0.00111825;0.330693;2.09869e-08;5.14905e-05;0.000142657;9.33808e-06;3.67857e-06;0.120038;0.532801;9.8401e-06;0.000814386;0.00380328;0.0083109;0.00220368
6.51667e-06;3.18796e-08;1.70123e-08;2.05718e-08;3.07189e-07;1.64255e-08;1.61804e-08;0.999923;6.98695e-05;1.66327e-08;3.41051e-08;2.99292e-08;5.95965e-08;7.33703e-09
8.14582e-05;0.000300413;0.000350212;1.00591e-05;0.00130195;3.02184e-06;2.73074e-06;0.000116088;0.0122984;7.21797e-08;4.60869e-05;0.984895;3.54949e-05;0.000559185
2.41842e-05;0.969205;2.80834e-07;1.25886e-06;6.0743e-08;1.28706e-07;0.0273722;0.000819786;0.000139932;6.80688e-05;7.4597e-06;3.13335e-09;0.00235666;4.27933e-06
2.03034e-13;2.31637e-12;1;1.49995e-10;4.30651e-10;7.88964e-12;2.29445e-12;2.21156e-14;3.65715e-12;6.14942e-12;2.56097e-12;2.25491e-07;1.75781e-15;3.71633e-09
8.28443e-07;0.994142;2.73861e-08;2.38456e-06;7.08198e-06;6.55067e-07;3.0001e-06;0.00448991;9.80539e-07;1.04004e-08;7.17096e-07;5.03444e-05;0.00130161;8.99129e-07
6.24887e-06;0.106665;1.62026e-07;3.33158e-06;1.00389e-05;3.25343e-07;1.45551e-08;0.84312;2.10996e-06;1.2502e-08;2.95348e-06;0.0492173;0.000962659;1.00805e-05
3.23065e-06;0.975397;3.48064e-08;4.36324e-06;1.33342e-07;1.84996e-07;1.09002e-05;0.0002118;9.63383e-05;1.88448e-06;2.55657e-05;0.000136641;0.0241118;2.87462e-07
6.12479e-07;5.49978e-06;0.00112798;1.78504e-06;6.0773e-06;4.68854e-08;6.52912e-11;1.58509e-05;1.96094e-07;9.49407e-10;1.10992e-07;0.998837;3.87865e-08;4.94032e-06
0.000430763;0.0105822;1.7875e-07;4.86271e-07;4.43114e-06;7.06362e-07;2.21831e-06;0.964258;0.0229549;4.09925e-08;0.000102256;4.12973e-07;0.00166319;1.15759e-07
1.33967e-05;0.0138619;7.09839e-08;7.40041e-07;0.000221132;1.78427e-07;3.00134e-08;0.985457;6.36287e-06;1.32608e-07;5.1706e-06;6.07286e-05;0.000371843;1.36216e-06
8.80506e-09;0.999968;1.54852e-11;7.54682e-10;8.60013e-10;3.09456e-12;5.47395e-06;2.98646e-10;1.81509e-10;2.28959e-05;1.23695e-09;7.30703e-11;1.11642e-10;3.8288e-06
2.24347e-11;8.68317e-15;0.999999;1.39502e-11;1.97221e-12;1.27943e-12;1.87492e-09;2.48783e-13;1.27998e-09;1.57147e-11;1.34261e-08;9.93431e-07;3.86512e-15;1.37153e-11
2.02186e-06;0.9924;2.00618e-10;6.67113e-06;2.7024e-08;1.67951e-06;0.00166202;0.000181624;0.00169315;1.69972e-06;0.00215751;3.44247e-07;0.00189365;3.74565e-09
5.22252e-06;0.000721351;0.00463337;3.41862e-05;1.04572e-05;1.30976e-05;3.26426e-08;1.82808e-05;4.38747e-06;9.24641e-08;1.61456e-05;0.994525;1.55427e-05;2.35703e-06
0.000397743;0.0191617;9.84983e-08;0.000104164;2.91096e-05;4.92002e-05;1.04352e-05;0.964323;0.00401741;6.61373e-07;0.000760146;0.000633076;0.0104768;3.65697e-05
2.23744e-05;4.17173e-05;2.22943e-10;1.08757e-08;3.07485e-08;4.56221e-08;1.2804e-07;0.999913;5.15026e-06;3.64218e-08;3.9792e-08;3.15519e-08;1.71834e-05;2.64826e-08
6.37294e-06;0.000498605;1.65403e-07;0.00022078;0.0077757;0.00032624;9.68155e-08;0.000608139;0.00289603;8.02889e-06;0.000160207;0.560991;6.99625e-06;0.426501
8.12228e-07;0.999725;3.75809e-12;1.20411e-08;5.69194e-09;2.30865e-10;9.4113e-05;0.000158643;2.51599e-07;1.58845e-06;1.50516e-07;1.80213e-12;1.77031e-05;1.88918e-06
1.11346e-12;1.72345e-11;0.999998;7.45718e-11;2.22431e-11;3.0243e-11;9.75424e-12;9.85581e-14;7.47247e-12;2.82633e-11;7.64312e-12;1.90019e-06;1.013e-14;1.50161e-11
1.65603e-07;0.998708;5.0217e-10;3.53558e-06;4.80533e-07;5.33908e-06;1.09352e-07;3.74497e-05;2.22453e-07;6.2057e-08;8.93686e-07;1.29781e-05;0.00119463;3.57467e-05
2.20907e-05;0.932831;7.86168e-08;9.93853e-05;0.000280806;1.99874e-05;2.57058e-06;0.00810216;8.15104e-06;1.15169e-06;0.000552059;0.028809;0.0292651;7.00748e-06
3.69598e-06;0.0524397;2.89449e-06;4.45608e-05;0.00745739;0.00775708;1.17745e-06;0.761706;6.93262e-07;6.00642e-05;4.36474e-05;0.0173591;0.148353;0.00477092
0.000149009;0.0724105;0.00365787;0.0134962;0.00214534;0.0131839;0.000199268;0.0119054;0.000452882;0.000146531;0.0900685;0.00691552;0.784192;0.00107733
1.88098e-05;0.999703;4.10609e-05;4.59247e-07;3.00298e-07;7.12769e-09;8.79732e-06;2.22974e-05;2.14179e-07;3.08975e-07;2.73124e-05;0.000172523;4.74312e-06;2.3414e-08
2.08249e-05;0.988763;1.66293e-10;6.89647e-06;0.000214474;1.78722e-07;1.14477e-06;0.0109226;1.86495e-05;9.12968e-07;2.22429e-06;4.69601e-05;6.36161e-07;1.5007e-06
8.02576e-05;0.00295606;0.000321101;1.2394e-05;0.00293102;0.00104532;1.12091e-07;7.07848e-05;3.601e-08;4.8485e-05;5.1719e-07;0.992286;8.58658e-05;0.000162225
0.00200744;0.00100269;2.77273e-07;8.78666e-06;1.5456e-05;2.044e-06;0.000440017;0.0232146;0.00176585;1.37225e-06;0.00684189;0.00823176;0.956468;7.52977e-08
0.000313896;0.00214662;0.000291577;0.000887359;0.000130683;4.52935e-06;4.66515e-07;0.00379862;0.000950825;1.7873e-05;0.000452392;0.989023;0.00198038;1.39954e-06
0.005152;0.109091;0.000274036;0.00140299;0.000803873;2.98286e-05;1.48902e-05;0.638585;0.00203138;0.000189037;0.00269871;0.191417;0.0405571;0.00775271
6.98133e-07;0.999331;3.99657e-08;1.78797e-07;6.21729e-08;1.65853e-08;0.000257524;4.12461e-06;1.54945e-08;0.000243029;2.18528e-08;5.43518e-08;1.80512e-07;0.00016343
1.29396e-13;2.25533e-15;1;1.24953e-11;2.90603e-10;5.24593e-12;2.62561e-14;9.49253e-15;3.85904e-14;1.57188e-13;4.29942e-13;1.77735e-07;1.74412e-14;3.60147e-12
0.00029734;0.0223309;8.53321e-06;0.000351001;0.00766211;0.000142227;0.0245332;0.785277;0.0202375;7.66444e-05;0.00657939;7.45254e-05;0.132411;1.89579e-05
7.6894e-05;0.00765795;0.813852;0.00224031;0.00212397;0.000514685;0.000279709;2.03264e-05;7.37968e-05;5.62262e-05;0.00149731;0.000247465;0.171168;0.000191922
2.03154e-06;0.991221;0.00203909;4.40287e-09;1.90043e-06;7.33713e-10;1.27473e-09;7.25946e-08;2.11598e-10;4.17807e-09;4.33672e-11;0.00646483;6.40779e-07;0.00027031
0.000636614;0.409476;2.26421e-08;7.23451e-07;0.000391828;1.69755e-05;0.000919101;0.567806;0.00620544;8.0679e-07;2.81134e-05;0.000265612;0.0137072;0.000545029
6.61047e-06;0.01497;6.02015e-07;1.44789e-07;9.64006e-05;4.29103e-05;3.05389e-08;0.1658;6.18492e-05;4.17154e-09;9.04514e-08;0.00146676;0.817452;0.000103218
1.09203e-06;0.00238469;4.97387e-10;1.11879e-06;0.00177966;4.38463e-07;1.0378e-07;0.000142967;1.10571e-07;6.33338e-07;6.34983e-08;1.69082e-06;2.19411e-06;0.995685
9.96592e-07;0.000809288;0.0109929;1.73268e-06;5.79377e-07;7.02578e-08;1.88144e-09;8.26106e-08;5.22624e-10;2.04572e-09;1.52565e-07;0.967527;0.0206676;2.19525e-08
5.0757e-06;0.00638274;1.22232e-09;1.45706e-06;2.96738e-06;3.25639e-08;0.000277303;0.989611;0.000923779;5.02053e-07;0.00257196;9.45055e-06;0.000213582;5.35996e-08
4.19317e-08;0.000173899;0.979268;0.000106402;5.43827e-05;0.0178299;4.62942e-08;1.07482e-06;9.48146e-09;1.10797e-06;2.50722e-06;0.00217857;0.000159036;0.000224667
0.000415441;0.00213278;0.000282697;2.54796e-05;0.000352769;0.00105989;0.000198185;0.595849;0.00221493;7.74556e-07;0.0453651;0.0105828;0.341314;0.000206209
1.0797e-07;0.000107785;0.999823;1.75795e-08;1.65756e-05;1.55019e-08;5.27777e-09;2.10529e-06;5.95885e-09;5.97777e-09;1.94373e-08;3.37377e-06;4.71524e-05;5.9456e-08
2.57938e-06;0.99945;4.15158e-06;4.97253e-07;5.0057e-05;9.70639e-07;1.2189e-05;2.1624e-07;2.94185e-08;0.000107554;4.37363e-08;7.33581e-07;1.56068e-06;0.000369365
8.5606e-11;6.41227e-14;1;4.21715e-13;3.7906e-12;1.0209e-14;2.29066e-10;1.88031e-13;3.29205e-09;7.31684e-13;3.76504e-10;2.32688e-09;5.42005e-15;1.13135e-12
3.43508e-06;0.000399175;1.04032e-08;5.24228e-08;2.49171e-05;1.70279e-05;6.97108e-06;0.984462;0.00111389;3.12774e-07;2.00323e-05;7.64137e-08;0.0139177;3.39804e-05
3.58015e-12;2.0659e-11;1;2.82474e-12;4.0704e-11;4.26866e-12;1.89958e-12;1.9583e-10;3.98095e-11;1.8523e-12;2.20862e-12;1.38234e-10;5.13482e-11;2.01326e-12
5.18168e-09;7.49845e-08;0.998684;1.01469e-07;6.86316e-07;2.51702e-07;2.5783e-10;7.46067e-06;2.67199e-08;1.43532e-09;1.06953e-09;0.00129477;6.237e-08;1.26316e-05
1.69385e-07;0.000222685;2.7313e-05;9.93417e-08;0.000189615;0.00432229;4.33545e-10;1.00875e-06;3.59976e-09;1.39442e-07;5.15628e-10;1.03537e-05;4.17377e-06;0.995222
8.47093e-08;4.97145e-05;3.64169e-11;5.74461e-09;4.73543e-06;1.42079e-06;1.26783e-09;0.997698;9.0176e-08;2.45998e-09;3.47356e-08;2.34636e-06;0.00224385;5.65651e-08
3.2023e-07;0.999813;2.94961e-08;5.07185e-06;2.51567e-07;2.93966e-07;9.08883e-09;1.91444e-05;7.01964e-08;1.33003e-06;5.64514e-08;7.50758e-07;0.000158934;7.27468e-07
7.87774e-06;0.994726;0.000281332;4.44281e-06;1.57909e-07;5.11619e-09;8.64381e-07;4.42971e-05;4.21319e-08;3.54479e-06;9.58925e-07;0.00491304;1.79326e-05;2.10132e-08
1.59218e-08;0.999952;2.0278e-11;6.29177e-07;1.14592e-07;1.00084e-08;9.19833e-06;1.9557e-06;1.0746e-09;1.2396e-05;2.12819e-09;3.65625e-08;7.59433e-08;2.37026e-05
9.13644e-09;2.36854e-06;0.999996;3.41842e-09;5.08725e-10;2.71364e-08;7.04278e-08;3.11518e-07;2.67063e-10;5.81594e-09;3.62873e-09;3.50844e-11;7.96219e-07;8.02124e-08
9.48227e-12;9.05647e-11;1;4.61226e-11;1.92046e-12;1.17994e-11;5.98983e-10;1.16771e-11;5.23379e-10;1.38824e-11;1.56796e-10;8.09773e-11;3.82065e-11;1.16192e-12
1.54255e-10;2.62692e-10;0.99999;2.96947e-10;1.40835e-10;2.23653e-10;5.34304e-12;9.50831e-09;4.72513e-10;1.29536e-11;1.92358e-11;1.04483e-05;1.78936e-11;1.60522e-08
6.24584e-09;6.72747e-06;1.53019e-05;1.11773e-09;4.83539e-07;6.88897e-06;2.42571e-12;7.82001e-09;1.66255e-10;3.03481e-09;5.82237e-12;1.80772e-06;5.39367e-08;0.999969
3.02769e-07;5.66628e-05;4.91102e-10;2.44851e-09;8.3676e-07;9.4677e-08;8.81305e-10;0.992439;7.94441e-07;1.62916e-10;3.8499e-08;0.000187652;0.0073151;1.16095e-08
2.40313e-06;0.966874;7.28624e-12;9.20862e-07;8.08914e-08;1.81789e-07;5.57865e-09;0.0253212;1.22844e-05;8.96559e-08;6.89933e-07;2.33377e-06;0.00778547;1.40875e-07
3.6379e-05;0.959194;0.000762799;4.6173e-05;4.20119e-06;7.41801e-06;1.76688e-08;0.00293439;4.95541e-08;5.52203e-07;1.65517e-07;0.036684;3.66345e-05;0.000292771
0.000267601;0.334975;6.53904e-10;0.000611476;0.00595481;0.000153271;0.000582886;0.00217112;7.93653e-06;0.000104414;3.13886e-05;1.52047e-06;0.122521;0.532618
0.000584013;0.410203;0.000110881;0.00240548;0.00393624;0.00134545;6.74456e-06;0.00196686;2.73607e-05;4.81167e-05;7.7412e-05;0.202787;0.000231493;0.37627
0.00324652;0.150568;5.6674e-07;6.39825e-05;3.82407e-06;1.80163e-05;0.000241635;0.0033568;0.0174096;3.84112e-06;0.00674993;0.0192762;0.798877;0.000184298
0.000127888;0.976082;1.59962e-07;5.91549e-06;4.42476e-06;3.13823e-05;2.69218e-06;0.0188276;0.000215316;8.06148e-07;4.45661e-05;0.00266796;0.00156639;0.000422905
0.000347152;0.801326;1.38886e-07;4.09899e-06;7.28243e-07;2.31114e-06;1.15912e-06;2.4085e-06;8.35923e-06;2.15683e-07;8.20841e-06;0.000770865;0.197528;2.94537e-07
4.98021e-05;0.0837043;5.19435e-07;4.36381e-06;4.39452e-05;2.24181e-05;4.58288e-08;1.93767e-05;2.17898e-05;3.73578e-07;2.59581e-06;0.887039;0.0286721;0.000418914
0.000121216;0.52;7.02426e-06;7.32891e-06;0.000868774;3.77008e-06;1.91994e-06;0.463999;0.000355399;1.34727e-05;7.68515e-06;8.2604e-05;1.81895e-05;0.0145128
1.87469e-06;0.000569351;2.80129e-07;2.09186e-08;3.87936e-09;4.89819e-06;2.30875e-06;7.7015e-06;1.09474e-05;5.78747e-08;3.42586e-06;0.000263403;0.999136;1.58095e-08
9.66556e-10;1.94074e-06;0.999986;1.73076e-08;3.19277e-09;4.51973e-10;9.88828e-07;8.91137e-11;3.93804e-09;4.19731e-06;5.53157e-10;6.66181e-06;7.18763e-10;1.47798e-08
1.00034e-07;6.39575e-07;0.999952;2.26279e-07;2.38731e-09;3.29523e-08;4.19479e-06;7.49907e-10;7.62895e-06;1.29925e-07;1.34705e-05;2.11815e-05;5.47846e-08;1.49409e-08
2.8536e-07;0.995921;5.54025e-12;3.7712e-09;8.82732e-11;6.2955e-11;1.06609e-08;5.45307e-07;7.1561e-08;1.44304e-09;5.9374e-07;3.74202e-06;0.00407361;6.11357e-11
2.51613e-07;0.000536731;1.00649e-05;1.5834e-06;5.7819e-05;5.53221e-06;1.15039e-09;0.00106809;9.49214e-08;5.24092e-07;5.73927e-07;0.996139;0.00194239;0.000237046
1.34649e-06;0.885395;1.24054e-07;2.64411e-05;5.9711e-06;0.00213743;6.32926e-05;0.0430167;2.62322e-06;1.42366e-05;0.000389638;0.00712657;0.061571;0.000249883
1.30168e-08;0.000213829;4.3629e-09;9.73607e-08;1.52818e-07;1.09384e-06;6.80611e-07;9.29495e-05;6.78117e-09;8.16621e-08;1.38004e-06;0.0003373;0.999352;1.62391e-08
3.38612e-06;3.82222e-05;0.000465661;2.65919e-05;7.87346e-06;7.06384e-07;4.0194e-07;8.47889e-06;3.16318e-06;6.21593e-07;6.88712e-06;0.997688;0.00174965;5.67935e-08
9.44909e-06;0.997327;0.00259654;6.88477e-06;8.56107e-07;3.07823e-08;3.2521e-06;4.19707e-05;3.76773e-07;4.24685e-07;5.10704e-07;7.79711e-06;3.98526e-06;5.10683e-07
1.25572e-05;0.0821773;5.5736e-07;1.86828e-05;6.62074e-06;1.11626e-05;3.33869e-07;0.00867842;5.97855e-06;1.6524e-06;1.82564e-06;0.000145489;0.908928;1.16077e-05
1.26752e-07;0.999763;2.85267e-10;1.5222e-06;1.49543e-05;2.25799e-06;1.92961e-08;4.34148e-05;9.13523e-08;8.36866e-07;1.23744e-07;0.000119336;1.92352e-06;5.24478e-05
1.66737e-09;0.999783;7.44695e-16;1.67197e-11;2.01917e-11;1.83548e-14;7.24951e-06;1.86994e-12;1.34897e-13;1.25546e-07;4.5453e-12;3.91047e-11;5.74773e-13;0.000209461
7.24375e-15;1.48645e-16;1;5.40232e-14;3.7017e-14;1.71693e-15;2.30721e-14;4.71203e-17;4.66008e-15;5.03192e-15;1.44431e-13;4.09283e-07;2.24067e-17;1.84903e-16
4.26714e-06;0.973476;3.58366e-06;7.94074e-07;3.42749e-07;1.15065e-05;0.00166612;0.00132855;4.99486e-06;6.23864e-06;7.82617e-06;8.37567e-07;0.0234877;1.08298e-06
1.20795e-07;0.00487305;2.63764e-08;1.67465e-06;1.91591e-07;1.99142e-06;1.13139e-06;0.000520342;5.05771e-07;9.77955e-07;5.68326e-06;2.2931e-06;0.994592;3.59231e-07
1.99721e-06;0.00280945;1.42843e-06;1.57456e-05;6.73015e-06;1.12759e-06;2.22524e-07;0.00080448;1.23989e-06;1.1321e-05;1.64979e-06;0.995948;0.0003894;7.01352e-06
8.90058e-05;0.195694;4.39107e-06;2.00255e-05;2.18858e-06;3.64773e-06;7.94308e-06;0.00800015;1.2525e-05;1.08907e-06;2.02415e-05;0.0182515;0.777893;6.10917e-07
7.25316e-06;0.00033011;0.000736661;0.000173903;0.000144072;4.07124e-05;8.44394e-07;3.38375e-05;4.26911e-06;2.6711e-05;2.41523e-06;0.000356114;5.69463e-05;0.998086
1.12916e-05;0.762407;1.08449e-09;3.09425e-06;1.43528e-07;1.52378e-07;0.236678;4.21905e-05;5.27004e-07;0.00045215;3.63296e-07;9.19057e-10;6.13804e-05;0.00034394
9.86661e-13;4.37079e-13;1;5.11268e-12;4.69651e-11;4.41871e-14;7.54183e-11;5.57079e-13;1.31266e-11;6.11818e-12;4.33839e-11;2.22543e-07;2.06562e-16;3.35407e-13
1.94655e-07;0.995424;8.04741e-07;3.43113e-08;2.202e-05;2.45278e-06;2.7581e-07;9.33208e-08;5.68225e-10;1.61441e-07;8.63283e-09;3.25095e-05;0.00451738;1.14939e-07
1.84248e-06;0.0124982;1.94624e-06;8.19678e-08;0.000504666;3.10287e-05;1.1851e-06;0.0065511;2.09966e-08;4.49706e-07;5.40434e-08;0.391124;0.589032;0.000253966
1.07855e-06;0.00302175;5.01969e-07;6.65169e-05;0.0126867;0.0151849;9.16636e-09;0.0040764;1.88188e-06;7.57932e-07;1.92826e-06;0.090033;0.872687;0.00223743
4.25138e-05;0.952927;2.73427e-08;1.97559e-07;4.85258e-08;1.65126e-08;3.4998e-09;9.40431e-06;6.84008e-09;5.3334e-09;2.31735e-08;0.00367736;0.0433434;3.54209e-07
7.36286e-06;0.00297748;0.000470471;9.68815e-06;0.00230146;0.000285705;1.24329e-09;0.00312557;3.58222e-08;2.06533e-06;1.64501e-08;0.910031;0.00303773;0.0777515
6.05368e-06;0.0684257;1.78704e-06;5.46683e-05;0.000239136;0.147608;6.40195e-06;0.00553927;1.26881e-05;1.57367e-05;0.000161304;0.00792711;0.768715;0.00128755
1.47799e-08;0.000104201;1.80514e-07;4.34883e-07;3.92618e-06;7.61685e-05;1.12726e-07;7.62278e-06;1.9442e-08;4.12306e-07;2.2168e-06;0.000179794;0.999625;2.18546e-07
1.71936e-05;0.0168831;0.000248007;0.000843666;0.00167819;0.000259345;1.27546e-06;2.91322e-05;4.97108e-06;2.85911e-05;0.000264446;0.976711;0.00297337;5.80164e-05
7.28846e-07;0.999844;3.75967e-06;1.60523e-07;3.1222e-08;2.06856e-09;3.71105e-06;1.76078e-05;3.51111e-08;8.62097e-08;8.51946e-07;2.55354e-05;0.000103314;3.53987e-09
6.44182e-09;0.999607;4.93392e-10;1.24198e-06;5.90551e-06;4.37329e-08;9.75755e-09;0.000374488;4.45281e-10;1.77462e-06;4.70424e-10;6.28792e-07;2.79152e-08;9.09542e-06
1.9497e-07;1.54512e-05;5.3566e-05;1.15811e-06;7.73007e-06;3.03706e-05;1.05069e-08;1.44355e-07;3.25892e-10;1.97569e-06;1.77813e-07;0.999855;1.90391e-06;3.23975e-05
1.08101e-05;0.0122501;5.82822e-10;9.02256e-08;1.49129e-08;1.04981e-07;6.50679e-06;0.00299112;3.61679e-06;6.04416e-09;9.82321e-05;1.7286e-06;0.984638;5.72447e-09
3.36127e-05;0.000284677;4.20248e-05;1.1134e-06;2.79643e-06;4.69893e-07;5.51715e-09;0.00106835;6.34368e-06;1.49944e-07;1.67024e-06;0.997653;0.000905138;1.11423e-06
9.5237e-05;0.136675;0.000907371;7.55304e-06;7.11489e-05;6.54553e-07;4.26076e-07;0.0126072;1.21834e-05;1.33658e-06;8.27608e-06;0.362095;0.487502;1.70151e-05
8.16882e-09;0.398371;2.44284e-10;2.30368e-07;9.7923e-09;4.31318e-09;3.93122e-08;1.62499e-07;7.91751e-10;1.68274e-05;2.10475e-09;1.71674e-06;1.6528e-07;0.60161
6.62025e-06;1.07981e-05;2.12343e-07;3.33472e-06;1.12909e-07;1.55733e-07;0.854183;2.29798e-05;0.00192788;3.13855e-06;0.143781;1.25121e-05;4.82411e-05;3.33009e-08
6.23489e-06;0.335586;1.79799e-09;3.06734e-07;4.99502e-07;1.17294e-06;1.83398e-06;0.00932349;7.2585e-06;2.81876e-07;2.43786e-06;1.41103e-06;0.655063;5.76877e-06
1.70584e-05;0.00474645;5.44562e-05;1.92875e-05;0.000162458;5.77927e-06;2.44293e-05;8.40171e-05;3.81713e-06;0.000422846;3.52658e-08;5.44623e-07;0.000184002;0.994275
6.6779e-08;3.29421e-08;0.999996;1.92516e-08;1.06351e-10;8.4523e-11;5.8224e-07;3.12322e-11;1.4797e-06;9.14807e-09;9.85805e-08;1.39101e-06;2.07103e-09;1.66613e-09
3.44312e-05;0.53979;0.000612762;7.94983e-06;6.97377e-06;2.54959e-06;2.93785e-05;0.153777;0.000296393;6.11298e-06;8.05932e-06;0.192782;0.112638;8.20205e-06
2.5328e-08;0.00212126;1.25742e-07;5.91322e-06;8.41174e-06;0.448796;7.20778e-07;0.00033053;2.64585e-07;1.20091e-05;2.11894e-07;2.89588e-06;0.547903;0.000819313
1.50784e-06;7.50162e-05;0.977959;3.56449e-05;9.57328e-07;2.67987e-05;0.000161346;3.9478e-07;1.79517e-07;0.000479727;1.33436e-07;0.0212461;1.04961e-05;2.64221e-06
9.61707e-08;6.46357e-08;0.99995;3.50769e-07;1.32487e-09;3.15538e-08;2.33158e-05;2.94614e-10;2.1795e-06;2.50778e-07;1.63828e-05;7.5404e-06;7.15784e-09;4.86582e-09
7.99366e-07;9.88373e-06;7.05245e-10;1.26634e-08;3.05867e-08;1.36648e-09;1.47919e-07;0.999981;4.43622e-06;2.13884e-09;8.3228e-07;3.42499e-07;2.40851e-06;3.23575e-11
8.0896e-06;0.803026;4.64813e-07;0.00186549;0.00523173;9.73564e-05;6.9207e-07;0.170601;8.89934e-06;0.000117445;6.28795e-06;0.00727834;0.000343717;0.0114144
0.000496835;0.0160766;0.0162291;0.029733;0.00755917;0.00030236;0.000164511;4.73171e-06;2.27368e-05;0.00167173;0.0147922;0.722787;0.000194532;0.189966
0.00343746;0.983823;0.010826;1.36155e-05;3.17838e-05;6.8494e-07;9.23552e-06;0.00113526;3.88516e-06;7.74783e-07;1.24856e-05;0.00051543;2.80877e-05;0.000162168
6.51526e-05;0.996517;1.93263e-09;2.39977e-07;6.24374e-08;2.27958e-08;0.00177714;3.79641e-06;1.41265e-06;3.08332e-05;1.12904e-07;1.39628e-09;3.60012e-06;0.00160108
4.0505e-11;9.97106e-13;1;2.00209e-11;1.53902e-12;1.4772e-12;1.29828e-10;1.319e-12;4.02543e-09;1.19405e-12;2.69673e-09;1.16987e-08;5.63354e-14;2.85744e-12
6.05705e-05;0.0837533;3.25853e-10;5.88468e-08;8.45191e-08;3.42962e-07;3.18471e-06;2.83405e-06;4.24738e-05;2.74188e-08;7.43493e-06;4.08943e-09;0.91613;2.35146e-07
4.71336e-09;0.000177802;4.04351e-08;9.43466e-10;1.55684e-08;4.95751e-10;5.99079e-13;7.71848e-08;1.02001e-09;1.71762e-12;2.50428e-09;0.999821;7.73972e-07;3.52204e-08
4.19441e-07;0.0567211;1.01715e-08;1.57922e-07;0.00135952;1.81367e-05;2.47999e-08;0.865131;3.55475e-09;8.29035e-07;3.88257e-10;3.37583e-06;0.0752119;0.00155331
2.08042e-08;6.95627e-07;2.4864e-08;3.58509e-07;5.64923e-09;2.87841e-05;2.43904e-08;8.3095e-09;8.42652e-08;1.43928e-08;7.42393e-08;7.84407e-08;0.99997;2.97797e-08
4.0479e-08;5.54022e-09;1;2.36241e-09;2.22803e-10;2.06196e-11;3.88562e-11;8.51374e-10;2.89377e-10;1.06645e-09;1.50243e-11;2.32666e-08;1.68536e-09;9.75184e-11
1.30339e-05;0.535668;2.32441e-06;6.10265e-05;8.89677e-07;9.40892e-06;1.08326e-05;0.430535;0.0326054;3.86293e-06;0.000644438;1.22055e-06;0.000421618;2.21593e-05
