1.67368e-05;0.999262;0.000422665;3.95357e-06;7.41443e-07;6.42423e-08;3.26161e-06;0.00026011;1.81743e-07;3.81233e-06;7.16366e-08;1.90572e-05;5.64562e-06;1.54677e-06
7.60919e-09;8.15117e-09;1;2.82204e-09;6.3515e-11;5.52127e-11;4.16445e-08;8.95861e-11;2.66899e-08;1.26752e-09;1.78634e-08;1.41254e-07;3.16711e-11;2.78183e-11
7.41338e-07;9.44214e-05;7.09435e-06;7.08218e-07;2.19363e-05;4.14315e-06;1.34564e-08;1.4107e-05;1.12022e-05;4.09861e-09;4.9543e-07;0.996651;8.35436e-06;0.00318588
4.03931e-07;0.0312209;1.18653e-07;1.11035e-07;0.000820952;3.57251e-06;6.89575e-08;0.0867511;1.64697e-09;7.62058e-08;8.43945e-08;1.63536e-07;0.880852;0.000350222
5.50517e-08;0.000186489;5.33333e-05;5.52971e-06;3.19091e-06;0.00113937;1.53771e-07;3.33108e-05;1.93256e-08;2.35517e-06;2.86713e-06;0.0157141;0.982725;0.000134104
8.78983e-09;1.63225e-05;0.999981;1.37759e-07;1.6918e-09;1.61235e-09;1.20405e-06;3.69043e-10;3.26505e-10;1.7472e-07;2.27253e-08;8.90774e-07;5.86501e-08;1.04692e-08
9.43359e-10;8.1439e-10;0.999999;3.48621e-09;8.76079e-11;4.40646e-11;2.67432e-07;9.21609e-09;2.76505e-08;1.22434e-09;6.28687e-07;3.86724e-08;6.51997e-11;2.40771e-10
8.33116e-07;1.56898e-05;1.8064e-09;2.56275e-08;2.67125e-09;4.07063e-09;2.67409e-07;0.999921;5.14645e-05;3.56068e-09;7.72149e-06;2.01203e-08;3.078e-06;2.94255e-09
1.44044e-05;0.0253321;5.03786e-07;1.44475e-05;2.30454e-05;8.58119e-07;5.58851e-07;0.000248228;3.98388e-05;5.04103e-07;4.2103e-05;0.9741;2.70403e-05;0.000155925
3.4262e-06;0.999537;2.97063e-10;3.51888e-07;4.30825e-07;1.79293e-09;1.75677e-05;0.000221487;1.62217e-06;6.9346e-08;3.40266e-05;8.10787e-05;9.86703e-05;4.57639e-06
9.41105e-06;0.593625;0.000115768;3.92618e-06;2.58436e-05;8.33438e-08;3.72379e-06;0.0140062;3.87004e-06;1.9575e-07;6.29402e-05;0.390696;0.0013401;0.000106874
3.38705e-07;0.996555;1.59962e-09;9.31548e-07;5.51119e-06;1.3479e-06;9.09329e-08;4.24696e-05;4.20166e-09;1.37177e-07;3.79972e-08;0.00257549;0.00042639;0.000392144
1.49198e-07;5.03223e-05;6.74292e-10;1.48072e-08;1.32309e-11;4.90432e-09;5.59027e-08;3.59147e-06;1.22435e-06;5.51194e-10;2.63898e-05;2.24885e-07;0.999918;3.03165e-10
5.57231e-07;5.62585e-05;3.61658e-06;4.00539e-07;1.2662e-06;1.22925e-07;2.36373e-10;3.97741e-05;6.48649e-07;1.36507e-08;1.12629e-06;0.999397;0.000499053;2.89951e-07
2.35459e-06;0.195294;1.68694e-07;2.58005e-06;1.66494e-06;6.33501e-07;1.27202e-08;0.0412521;2.78832e-06;2.43258e-08;3.30009e-06;0.0057564;0.757684;1.18367e-07
1.33602e-05;0.620506;7.43755e-10;0.0023798;0.00188591;0.000571045;1.83836e-08;0.0253511;1.54847e-05;1.92465e-05;3.89892e-05;0.124265;0.20278;0.0221739
2.31386e-06;0.990994;7.61663e-12;1.63544e-08;1.70448e-09;9.67848e-11;0.000440878;5.43514e-09;1.81093e-08;4.89555e-06;3.83808e-07;1.7687e-10;3.47798e-08;0.00855747
3.08149e-12;2.76386e-12;1;2.24605e-12;7.61229e-13;1.52546e-12;1.43655e-10;9.23203e-13;7.05301e-12;2.82746e-12;1.85408e-11;3.2833e-08;4.36845e-13;5.37477e-14
4.50096e-05;0.566711;2.55407e-05;0.000196514;2.37922e-05;0.000500269;0.0249294;0.00527353;0.132305;4.34118e-05;0.0747075;1.77853e-05;0.195206;1.46133e-05
3.26806e-07;0.0390761;2.32991e-09;1.01828e-08;4.6308e-07;1.37913e-07;8.65535e-10;0.959315;2.2442e-08;7.78497e-08;8.50022e-10;5.80719e-08;0.00160786;2.05476e-07
1.61173e-10;1.34587e-05;9.54663e-07;4.79632e-08;2.17385e-06;2.64081e-08;5.79372e-12;1.38905e-07;1.09339e-09;4.76812e-10;8.20975e-09;0.999963;3.19701e-09;2.00121e-05
7.11458e-09;0.999691;7.77409e-13;9.74605e-10;1.86885e-08;5.46781e-10;1.37233e-08;0.000236207;2.42897e-09;3.24538e-09;1.77427e-09;8.52124e-11;7.31485e-05;1.33442e-08
1.29171e-06;0.00151045;3.54932e-06;1.30776e-08;2.25013e-06;1.26608e-10;1.46691e-07;9.35196e-06;1.13691e-06;1.3044e-07;1.81277e-07;0.998468;3.23143e-06;1.60428e-07
0.000136569;0.000406065;5.76036e-09;4.5734e-07;0.000268807;1.30889e-06;8.1787e-08;0.960807;0.00123386;8.00362e-09;1.82101e-06;6.57145e-06;0.0371378;1.18049e-07
8.08077e-05;0.999738;9.38835e-11;7.05716e-10;1.76823e-09;1.14975e-11;4.48048e-07;0.000171577;1.53449e-06;3.83388e-07;7.55723e-10;3.84844e-09;1.23236e-06;5.56601e-06
9.27449e-13;4.40406e-13;1;4.48832e-12;2.88975e-12;1.56051e-13;8.14208e-13;1.26265e-14;5.04676e-12;1.36178e-11;5.98792e-14;1.70023e-07;2.49745e-15;2.44016e-11
2.64898e-05;0.00204635;1.68179e-09;8.7058e-05;8.30284e-05;0.00286832;0.000553747;0.0100191;0.180852;1.30756e-05;0.00331551;6.15575e-07;0.800111;2.42304e-05
0.000152679;0.630034;0.363573;0.00177778;0.00101242;3.18214e-05;0.000319471;0.00101408;7.23666e-05;0.000308843;8.59343e-05;3.49007e-05;8.43806e-05;0.00149919
3.67542e-06;0.946424;7.32752e-12;3.13683e-05;4.81842e-06;2.27592e-07;4.94565e-06;0.048674;0.000345961;2.78111e-06;0.000223065;3.22837e-06;0.00426144;2.01029e-05
0.000242404;0.702496;0.000970974;0.000939233;0.00930778;6.79883e-06;1.5839e-07;0.000699173;3.38599e-06;1.87874e-05;6.59366e-06;0.228066;8.93705e-06;0.0572334
0.00118577;0.954648;1.25647e-07;1.73872e-07;1.30798e-06;5.00841e-06;6.02805e-05;0.000337487;1.86678e-05;1.76573e-06;2.07058e-05;0.00399881;0.039721;9.43411e-07
3.30625e-06;3.57473e-05;3.77349e-07;4.46517e-06;1.11565e-05;0.00012458;5.23314e-07;0.000193054;1.49777e-05;2.48269e-06;0.000116225;0.00761526;0.991861;1.66522e-05
4.77651e-05;0.000723794;2.8428e-07;1.86072e-05;1.05971e-06;3.67524e-07;2.47178e-08;2.44634e-06;0.000683187;5.00809e-07;0.000590422;0.997466;0.000464135;1.10168e-06
2.84946e-06;0.000287692;1.48518e-10;4.62362e-09;2.83434e-06;4.95325e-10;1.12524e-08;0.999704;1.35862e-06;1.15256e-08;3.67735e-07;1.47889e-08;1.10552e-06;3.52194e-09
2.98801e-07;0.000368277;0.999429;4.09862e-06;4.17351e-05;3.22847e-05;1.57109e-06;3.66731e-06;1.77244e-07;0.000115153;6.91985e-07;2.09343e-08;1.2382e-06;1.32647e-06
3.01781e-10;1.63532e-10;1;1.28108e-10;4.8513e-11;1.79376e-11;2.90364e-10;6.89979e-12;1.19357e-08;1.12115e-11;5.04769e-09;1.3595e-09;9.23894e-13;6.4682e-12
1.32154e-07;0.000677159;0.000102035;3.04174e-08;2.46627e-09;2.31748e-08;2.53565e-09;1.56495e-06;5.65383e-06;3.07344e-10;1.56904e-06;0.99921;8.66126e-07;4.65218e-07
4.90898e-06;0.986422;3.9673e-08;5.34477e-09;1.13569e-06;6.07647e-06;1.45569e-07;1.75519e-07;3.10968e-07;7.3764e-09;1.20602e-07;5.6243e-06;0.0135515;8.30334e-06
1.61804e-09;3.43613e-05;5.25652e-07;7.44226e-10;1.12133e-05;1.21732e-07;3.14196e-12;4.11271e-06;1.00657e-08;2.27972e-11;7.08319e-11;0.999941;2.07051e-07;8.85777e-06
2.15127e-08;0.000112796;3.50717e-11;2.88077e-12;1.62116e-07;1.67611e-09;3.41818e-13;0.999887;1.07037e-07;5.69454e-14;7.87068e-13;1.26894e-08;9.79336e-08;1.00167e-10
4.65403e-07;0.999698;1.08577e-10;1.36062e-09;2.83911e-08;8.2536e-09;2.35667e-12;0.000131756;7.44916e-10;4.72688e-10;7.1301e-11;6.16856e-06;0.00016401;1.01933e-07
5.52857e-07;0.00126989;2.37007e-10;3.44788e-07;1.39503e-06;8.78777e-07;1.03135e-09;4.64025e-05;8.39993e-09;1.51497e-08;6.90408e-08;0.126979;0.000418755;0.871283
1.22799e-06;0.0214551;3.7608e-06;4.2471e-07;7.07395e-05;1.60876e-05;1.91043e-07;0.961109;6.22161e-09;7.53232e-08;2.93802e-08;2.30843e-05;0.0170685;0.000251926
6.54361e-08;2.17259e-05;1.29671e-09;9.78527e-07;1.19372e-06;0.000117662;1.1929e-06;8.04474e-07;3.96922e-06;1.25963e-08;3.29658e-06;2.25913e-07;0.999849;6.79523e-08
5.43009e-06;4.42094e-05;0.99983;2.39796e-07;1.73628e-07;3.03074e-08;1.51678e-07;6.01292e-07;5.29936e-08;3.2869e-08;5.68e-08;2.03601e-05;9.88938e-05;3.57183e-08
6.21335e-06;0.994339;1.71723e-06;6.35278e-06;1.05659e-06;6.95193e-07;4.81457e-06;0.00311549;0.0010358;1.18216e-07;0.000605855;0.000113465;0.000654282;0.000114679
9.25979e-06;0.0737365;9.1716e-09;4.91019e-08;1.09209e-06;1.22908e-07;1.71417e-08;0.92472;1.27903e-05;1.64997e-07;9.90443e-08;1.05675e-07;0.00151207;7.76183e-06
1.59997e-10;7.20082e-06;4.8207e-07;6.79446e-10;8.18921e-08;1.47846e-09;2.33768e-11;1.76367e-07;2.174e-10;4.17687e-10;3.88915e-10;0.999988;1.94578e-07;3.3226e-06
7.23572e-08;0.947717;1.66709e-08;3.63724e-08;4.45314e-07;1.61874e-07;2.57005e-06;0.00383288;3.30065e-07;4.81398e-07;1.29335e-06;3.67876e-06;0.0484412;1.61491e-07
1.7005e-05;0.0528288;1.91408e-07;4.96046e-05;0.00694211;2.94408e-06;1.43629e-05;0.0606725;0.000107459;2.33314e-05;2.97405e-05;0.00357523;0.875499;0.000237845
0.00495097;0.958618;0.0302478;0.000300363;0.000625304;1.76358e-07;3.59354e-06;0.0041506;0.0005634;4.19472e-06;1.9649e-06;6.43192e-05;1.06054e-06;0.000467634
0.000211917;0.0424199;6.18333e-08;9.34704e-07;9.77508e-07;4.43456e-07;2.37266e-07;0.955959;0.000390407;1.76824e-06;4.32828e-08;0.000518349;0.000495213;1.0227e-06
6.27407e-05;0.935774;7.59422e-08;9.89268e-06;1.53338e-07;7.43437e-08;0.0498863;0.00653305;0.000243322;0.0073706;3.71639e-05;1.92018e-07;2.89995e-06;7.99615e-05
2.48925e-09;1.46161e-10;0.999994;6.45319e-09;4.17084e-11;1.09636e-11;7.80587e-07;1.05148e-09;1.29424e-07;3.65758e-09;1.37884e-07;4.74932e-06;1.87559e-12;3.56907e-11
1.2879e-05;0.0987647;1.21902e-06;8.54123e-06;1.52048e-07;1.67207e-06;7.34805e-05;0.00949065;0.000142192;3.76412e-06;2.31472e-05;0.267722;0.623756;9.88737e-08
2.6867e-06;0.265427;6.65174e-07;0.000281614;9.49053e-06;0.000747958;1.31222e-06;0.00228782;2.1314e-06;1.1145e-05;1.34236e-05;0.000470375;0.730707;3.74115e-05
2.46576e-05;0.0108751;0.985801;0.000583146;0.000204099;1.89303e-05;5.81934e-07;0.00074784;2.06586e-08;1.23876e-05;1.49135e-06;0.00121738;0.000149424;0.000364092
5.1471e-07;0.0250044;1.24018e-08;1.624e-06;1.2499e-09;7.84337e-09;0.972539;6.69453e-07;1.38736e-06;0.00231594;0.000114766;1.52571e-09;2.10237e-05;4.69001e-07
3.79892e-09;2.88457e-10;0.999993;5.40355e-08;2.16073e-09;3.27567e-09;3.41658e-07;1.50843e-09;1.22029e-06;3.63236e-09;5.6434e-06;5.16869e-08;6.87509e-11;1.05569e-10
2.28593e-07;0.99994;1.55744e-06;3.52527e-08;6.66859e-08;6.11985e-10;4.03334e-09;2.95795e-05;3.21152e-09;2.18922e-09;3.0535e-08;2.07379e-05;7.96795e-06;4.3602e-09
2.18254e-06;0.144175;2.75894e-07;2.81383e-07;3.3364e-06;1.6043e-05;2.31607e-07;0.00144075;4.91232e-07;2.69511e-07;7.52143e-06;0.000415846;0.853936;1.19138e-06
9.10432e-08;0.667177;1.78573e-08;4.91873e-07;2.9225e-06;8.36156e-07;1.23742e-08;0.000133024;5.13374e-09;3.63246e-08;1.49826e-07;0.332566;4.1781e-05;7.78725e-05
4.49216e-06;0.068896;2.29077e-06;7.5058e-06;0.000683787;6.52618e-06;2.75528e-07;0.0807794;2.84708e-07;1.38658e-07;3.71507e-06;0.849458;0.000114274;4.3719e-05
7.99412e-07;0.0139903;6.32724e-12;2.3708e-07;2.95101e-07;2.95345e-05;1.25607e-07;4.6514e-06;3.92374e-08;1.82008e-08;6.30115e-08;0.000277227;0.985681;1.60661e-05
2.18696e-05;0.0008315;0.998658;4.50422e-07;2.74759e-06;1.30446e-07;2.80035e-08;7.3986e-06;1.01605e-08;2.48956e-08;2.21198e-09;0.000121471;0.000353606;3.34823e-06
2.70535e-06;0.629476;7.03144e-07;4.29328e-06;7.01624e-06;0.000122334;7.36335e-05;0.361934;2.11119e-05;2.32248e-05;1.24594e-06;6.89045e-09;0.00697595;0.0013577
1.10429e-10;1.95085e-09;1;9.22077e-10;3.27276e-11;2.39652e-10;4.09777e-11;1.1027e-11;3.89602e-10;4.33228e-11;5.81421e-10;5.57922e-09;5.33858e-11;2.21276e-10
1.91406e-07;0.0327603;3.58259e-05;5.05171e-07;1.99241e-07;7.96974e-07;1.04698e-09;0.0036398;2.97915e-07;1.09458e-08;7.58373e-08;0.96336;0.000141279;6.07218e-05
6.61787e-06;0.288419;3.67454e-06;1.18846e-05;0.0100644;0.00372385;1.1281e-06;0.330805;3.03591e-05;3.91168e-06;0.000222311;0.0114852;0.352635;0.00258738
2.53238e-06;0.840698;8.74066e-08;9.29879e-06;0.0205001;0.00285581;0.000970258;0.0456121;4.77141e-06;0.000812283;6.75078e-06;2.46524e-05;0.0163441;0.0721589
5.40674e-11;1.7191e-09;1;5.21739e-11;1.38662e-10;4.20717e-12;3.03567e-11;2.19024e-13;6.05622e-12;7.0743e-12;4.43009e-12;1.40094e-07;4.13697e-12;2.71107e-11
5.76919e-06;0.941836;4.24403e-06;5.70953e-06;3.91219e-06;4.36722e-06;6.99771e-07;0.0196179;4.13229e-06;2.4655e-07;3.26549e-07;0.038092;0.000282763;0.000142408
1.84189e-07;0.721752;8.39939e-11;2.40418e-07;4.1512e-05;1.24007e-05;4.74594e-08;0.109908;1.10149e-06;3.39729e-07;6.61138e-08;1.15629e-08;0.168282;2.24945e-06
2.37723e-05;0.0500686;4.14794e-05;0.000369708;0.00586784;0.00118885;8.1096e-08;1.58679e-06;7.4328e-09;9.52502e-05;3.15341e-08;0.00706885;0.932411;0.00286311
3.60576e-05;0.00219567;0.997234;1.84242e-09;6.0668e-06;3.13066e-12;5.49983e-11;1.08711e-06;3.81102e-11;3.51282e-10;3.64496e-12;0.000526495;3.85802e-10;4.77837e-07
6.74385e-05;0.27441;2.34065e-08;9.81099e-08;9.74948e-07;2.35186e-08;0.719751;0.00269853;0.000169975;0.00284798;7.17001e-07;7.66975e-09;2.9583e-06;4.98953e-05
5.49031e-12;1.20939e-12;1;6.4534e-12;1.20755e-11;1.04482e-12;9.39451e-11;1.54659e-10;2.04461e-09;9.01083e-12;4.19475e-11;2.91102e-10;4.04604e-15;1.30761e-11
3.95749e-05;0.927652;3.25003e-08;2.93819e-07;7.93986e-06;8.5394e-07;0.0001401;0.0716154;2.84258e-05;2.70035e-05;1.23537e-06;7.76381e-09;0.000111724;0.000375278
4.06623e-11;8.66233e-11;1;3.3058e-11;1.26646e-12;4.73546e-13;4.43211e-11;1.12657e-12;9.08007e-10;1.98257e-11;4.95049e-11;2.63997e-08;4.2606e-14;8.241e-13
3.34959e-06;0.000191113;9.7021e-06;3.1776e-06;0.000542565;7.53801e-05;1.2256e-07;0.00533041;7.20113e-05;1.2779e-08;1.72134e-06;0.986421;0.000347946;0.00700205
2.23502e-06;0.0530659;1.01887e-05;6.93092e-07;0.00034485;1.02806e-05;4.26937e-07;0.233793;3.24186e-08;5.9779e-07;2.95906e-07;3.92133e-07;0.712534;0.000237462
2.50512e-06;0.000566305;0.00499028;0.000765269;0.000150175;0.0103395;2.5004e-06;0.00715766;6.47587e-06;8.84402e-05;9.58826e-05;0.0388251;0.935654;0.00135625
8.31146e-08;3.71605e-05;0.99996;1.05051e-06;1.08586e-08;5.3629e-09;4.12248e-07;2.18843e-09;8.46526e-10;5.28281e-07;2.60627e-08;3.38895e-07;7.20715e-08;8.56829e-09
3.04591e-08;4.49416e-09;0.999973;5.05103e-08;1.37502e-09;1.29214e-10;2.02161e-06;1.23763e-09;1.02855e-06;1.79057e-08;2.07331e-05;2.78141e-06;1.68568e-11;1.99663e-11
1.78107e-06;0.000208265;0.999752;9.68042e-07;2.48435e-07;2.76707e-07;2.72983e-07;6.24839e-06;7.66764e-07;3.56829e-07;3.54963e-06;2.1355e-06;2.12427e-05;1.41372e-06
7.25689e-09;0.999926;5.87384e-14;8.15677e-11;1.2009e-12;5.42719e-12;1.98446e-05;1.55724e-10;3.62683e-11;2.91532e-07;3.48961e-10;8.84741e-12;2.1402e-09;5.40484e-05
8.47954e-14;1.7803e-13;0.999999;5.96566e-14;1.42715e-13;5.07401e-14;1.12556e-12;1.0582e-14;9.00087e-14;5.90702e-14;1.65369e-12;4.998e-07;1.4995e-14;9.99901e-13
1.11752e-06;0.0841704;1.1969e-06;7.82488e-07;3.26613e-06;1.54155e-05;0.0014984;0.857617;1.45709e-05;4.45321e-06;5.0484e-06;1.15895e-11;0.0566431;2.52276e-05
7.24322e-13;1.29947e-12;1;1.49261e-11;6.12288e-13;5.39859e-13;1.67875e-10;2.18903e-12;8.50664e-11;7.77375e-12;3.13138e-11;1.42163e-10;7.46808e-13;2.94127e-13
4.57845e-10;1.11205e-09;0.999986;3.33669e-09;4.39878e-09;1.1499e-09;3.10375e-10;1.05777e-05;2.40103e-09;9.79109e-11;3.2486e-11;3.88357e-06;1.28415e-11;8.39854e-09
7.35475e-08;3.34484e-05;0.000501807;7.87526e-08;5.03981e-06;0.00024389;1.6678e-09;1.72896e-06;8.70247e-09;3.26636e-07;2.74138e-10;1.41273e-05;1.59273e-06;0.999198
1.54598e-06;0.00048651;5.88299e-11;1.16531e-07;3.79194e-07;5.6121e-07;4.87819e-08;0.97778;8.45801e-06;7.55553e-09;1.27919e-06;1.03881e-06;0.0217195;4.26619e-07
5.96573e-08;0.999955;1.62257e-08;6.39789e-08;2.22928e-09;1.29854e-10;5.982e-10;1.41451e-05;1.86482e-10;3.8843e-09;1.14833e-10;3.92182e-09;3.04087e-05;4.87885e-09
2.64878e-05;0.743171;9.81146e-09;3.99033e-05;3.32242e-06;1.1273e-06;2.68809e-05;0.255976;2.09348e-07;0.000419475;2.61682e-08;4.12939e-07;6.93376e-05;0.000266455
4.71277e-13;1.70465e-13;1;9.32339e-13;9.25483e-13;5.05757e-13;5.33275e-14;3.59513e-15;1.27316e-13;1.16672e-13;3.27286e-13;1.84124e-09;1.16992e-14;1.72464e-12
1.23984e-05;0.917201;3.04863e-09;8.82042e-07;1.63725e-05;5.9353e-06;8.08689e-06;0.00010952;5.05345e-05;2.19301e-07;1.64773e-05;2.34436e-05;0.0818764;0.00067847
6.37707e-06;0.0187005;0.000810292;1.06983e-07;9.0634e-07;1.85706e-07;2.98794e-07;0.0164865;8.03919e-07;7.25976e-08;2.89296e-06;0.963097;0.000888998;5.51944e-06
1.18162e-06;0.824293;6.68767e-07;8.63693e-06;0.000136857;0.00653355;4.27394e-07;4.43284e-05;7.72983e-08;1.47386e-06;3.92053e-08;0.000254224;0.165629;0.00309744
4.4361e-05;0.000396514;0.498073;6.90105e-06;3.52704e-08;3.7456e-08;9.17558e-05;4.36394e-09;2.31687e-07;8.41072e-05;5.52577e-08;0.501085;0.000209989;8.48422e-06
2.32509e-07;9.59947e-09;0.999967;1.15756e-07;6.00577e-10;3.21646e-09;4.08817e-07;6.7566e-09;2.2588e-05;2.04444e-08;8.51408e-06;6.38639e-07;1.20307e-08;2.88185e-09
5.6658e-09;0.000129661;3.17684e-13;7.07066e-11;5.93791e-07;8.21843e-12;9.51143e-11;0.99987;6.21158e-09;3.06653e-10;4.85661e-10;1.7956e-09;8.76446e-09;1.49485e-09
2.50236e-09;5.68819e-06;0.999968;3.20962e-07;2.25563e-06;2.44586e-07;1.17209e-06;2.5147e-08;2.13726e-09;2.12646e-05;1.17504e-07;1.5283e-09;5.14934e-07;3.85401e-07
1.88611e-11;1.12675e-09;1;6.19915e-12;9.28821e-12;1.9295e-12;5.40483e-11;2.80883e-13;3.44785e-11;5.57166e-12;2.80527e-11;1.88299e-09;6.74968e-13;1.09614e-10
6.74416e-08;3.15962e-05;7.1833e-06;2.60383e-08;4.56527e-08;8.60426e-08;6.77102e-09;4.8461e-06;2.92796e-06;5.68735e-10;2.05153e-07;0.999927;1.26289e-06;2.43675e-05
3.22616e-07;0.978098;7.26519e-11;2.25725e-11;3.87154e-08;1.92403e-07;1.14242e-08;9.17546e-08;3.72149e-09;2.84792e-10;2.6599e-10;1.08993e-07;0.021901;1.23413e-07
1.39412e-10;1.03384e-07;8.61641e-07;1.02039e-10;1.37246e-06;5.03588e-08;1.71884e-12;4.47945e-07;1.6569e-09;1.84561e-12;3.95809e-12;0.999997;2.59585e-07;1.28055e-07
1.97863e-07;6.38242e-05;1.16761e-08;9.83181e-10;1.97839e-06;8.5499e-08;1.24618e-11;0.999887;3.29057e-05;9.31545e-13;1.47314e-10;1.70195e-07;1.41371e-05;4.14085e-09
4.12361e-06;0.000907963;5.72862e-08;2.55785e-07;3.26661e-07;5.9644e-08;1.60666e-11;0.000487474;2.48409e-06;6.95631e-09;4.40837e-09;0.000173077;0.998424;1.96233e-09
2.92175e-06;0.0167794;0.00107792;6.71623e-06;7.11915e-07;5.17207e-08;1.19742e-08;7.11477e-05;6.43354e-08;2.5422e-07;6.07684e-08;0.982042;3.54706e-06;1.53356e-05
0.000147501;0.00827598;6.53039e-05;0.000227398;0.00236475;1.07762e-07;3.61598e-06;0.986033;0.000556071;2.99882e-06;0.000385412;0.00190218;2.2044e-05;1.32973e-05
7.47806e-06;9.609e-05;1.34058e-08;1.22705e-06;0.00335107;1.26469e-06;1.70469e-06;0.996517;2.04099e-06;1.3189e-06;9.72424e-07;7.0727e-08;1.88672e-05;5.12058e-07
1.44894e-07;2.7536e-06;0.999989;1.87631e-07;3.9552e-06;2.68098e-08;4.62204e-08;8.54781e-09;2.45706e-09;6.46217e-07;1.56263e-08;1.18765e-06;1.98924e-08;2.08615e-06
6.78063e-05;0.844482;4.6003e-06;0.000134313;0.000641394;2.46113e-05;2.68357e-05;0.117956;0.00584254;4.3644e-06;0.0126971;0.00278124;0.000683931;0.0146532
