3.08122e-07;0.997539;0.00240911;1.26679e-07;3.48388e-07;3.43899e-09;1.99305e-10;8.56343e-07;6.42204e-11;7.45878e-09;7.45795e-11;3.20203e-05;1.70528e-05;7.07719e-07
3.73699e-05;0.191154;2.16045e-07;1.19652e-05;0.000109041;2.27829e-05;1.65284e-05;0.730244;1.01376e-05;1.6805e-06;7.62459e-05;0.00122336;0.0770786;1.45428e-05
2.40591e-05;0.949348;2.94549e-06;2.91656e-05;1.49065e-05;0.000260855;7.20732e-07;0.00256494;3.66309e-07;1.01303e-05;1.3184e-06;0.0440801;0.000308041;0.00335413
3.18559e-05;0.99413;5.1067e-09;3.46637e-05;1.50128e-05;4.49539e-05;5.23727e-06;0.000960767;1.12721e-05;2.24291e-06;4.06779e-05;1.08441e-06;0.00446975;0.000252111
0.000235388;0.574081;1.2617e-07;7.67289e-08;4.75308e-08;2.73054e-07;7.41668e-05;0.0269119;8.37464e-07;1.58514e-06;2.38678e-07;1.34515e-07;0.398691;3.20362e-06
7.72465e-14;4.7027e-14;1;1.39917e-12;2.56627e-15;4.72225e-14;1.5911e-12;3.83815e-15;3.88348e-13;4.40102e-13;1.71917e-13;2.1433e-10;1.02478e-16;1.87903e-13
0.000324647;0.0207791;7.90802e-05;0.02981;0.00485783;0.21213;0.000407183;0.00361437;0.305914;3.05115e-05;0.193174;0.162402;0.0263708;0.0401062
9.0462e-05;0.0802938;2.16407e-06;0.000357951;2.03019e-05;3.25298e-05;0.0011268;0.000122581;0.0029378;1.14766e-05;0.105674;0.0230532;0.785992;0.000284397
3.84083e-05;0.917768;0.00775295;5.32711e-06;2.95355e-06;2.56319e-06;6.9427e-05;0.0101759;4.57013e-06;5.38906e-05;1.49575e-05;0.00496749;0.0560961;0.00304723
2.4727e-07;0.00174774;8.98198e-08;3.82977e-06;1.06263e-05;0.00712598;4.40369e-05;5.7544e-06;8.03752e-06;3.38182e-05;1.96958e-05;5.92284e-05;0.990924;1.72262e-05
1.45555e-05;0.00226236;0.965753;0.00019307;2.42149e-06;1.74983e-06;0.0198108;3.69772e-09;6.32609e-06;0.0117848;9.33242e-06;0.000131227;2.25856e-05;8.20419e-06
3.29392e-09;6.26998e-10;0.999997;1.59625e-08;2.3572e-09;1.72803e-09;2.17651e-07;4.35699e-10;3.62195e-07;1.46121e-08;8.95205e-07;1.57644e-06;1.16259e-11;6.18864e-11
1.644e-07;1.05322e-05;2.34374e-09;1.91448e-07;1.09972e-05;1.29652e-06;2.48281e-07;0.999713;5.62243e-05;1.11687e-07;6.49133e-05;6.89687e-05;7.28514e-05;1.03986e-08
9.15138e-08;2.35362e-06;0.999922;6.13947e-08;1.32682e-05;4.63023e-09;1.97359e-08;1.77584e-06;1.10381e-08;6.8774e-08;4.60422e-07;5.87198e-05;1.12456e-06;1.07013e-07
6.02666e-08;0.999972;7.65186e-10;2.31271e-09;2.2558e-07;8.92215e-10;1.43723e-05;1.18147e-09;4.02792e-10;3.40569e-06;2.1118e-09;6.56097e-10;1.13983e-08;9.97234e-06
1.04495e-11;2.44582e-14;1;1.05945e-13;6.89028e-12;1.68697e-14;1.07263e-12;4.11654e-15;1.56547e-10;1.69257e-14;1.20895e-11;3.94736e-07;2.96763e-15;8.01969e-15
1.69891e-05;0.000323824;1.61362e-08;7.94146e-08;0.000141083;7.91909e-06;1.13144e-06;0.989184;0.00510949;5.28897e-08;4.41709e-05;2.79522e-07;0.00516773;2.7641e-06
1.47743e-06;0.980879;3.34888e-05;2.01739e-06;0.000996692;9.45445e-06;2.62057e-09;0.00399178;2.6234e-06;1.40074e-07;6.82613e-07;0.0138351;5.80317e-05;0.000190048
2.2631e-08;0.00017182;9.29952e-10;9.14599e-08;0.993111;0.00449752;6.42442e-11;0.000115093;1.29525e-09;1.84917e-07;1.77935e-10;7.98133e-05;7.41351e-05;0.00195019
2.65907e-06;5.88213e-05;1.02934e-08;5.28591e-09;2.23815e-06;3.28428e-09;2.17769e-08;0.999792;1.03627e-06;4.20009e-09;7.01503e-08;1.44461e-08;0.000143584;1.66696e-09
0.000102034;0.000504854;0.000131702;8.57126e-06;1.54774e-05;1.01397e-07;1.15792e-08;2.5011e-05;9.0068e-05;3.1914e-07;1.44363e-06;0.998578;0.000521832;2.02605e-05
3.73354e-06;0.998946;0.000330631;4.79316e-06;3.35792e-07;2.92259e-09;2.16501e-08;5.1676e-06;4.18292e-08;3.08255e-08;6.20833e-08;0.000645781;6.13057e-05;2.34341e-06
1.69916e-05;0.958829;0.000130808;6.20245e-07;7.02287e-07;8.53239e-08;5.27677e-06;0.00377788;3.08263e-06;6.41915e-07;9.7276e-06;0.00711257;0.0301122;7.51598e-07
3.19976e-06;0.197189;0.000123024;0.000521872;0.000760622;0.0147256;8.76432e-06;0.00666181;4.62122e-05;8.79172e-05;3.2925e-05;0.000499283;0.56958;0.209759
0.00626693;0.270032;0.0611424;0.0544422;0.00102735;0.000387019;0.0578352;0.00019723;0.000476244;0.109983;0.00299257;0.378434;0.000874698;0.0559089
2.3388e-09;1.07207e-10;0.999998;2.68481e-09;3.05081e-11;2.86562e-11;7.30403e-09;4.2454e-12;2.83804e-09;2.39857e-10;4.70092e-07;1.8782e-06;4.08047e-10;3.58249e-12
1.42377e-05;0.00215804;4.3808e-06;9.43182e-06;4.03042e-06;2.52946e-05;8.84149e-05;0.00393153;0.000132362;3.21689e-06;0.00542946;0.000106885;0.988093;6.871e-08
1.18282e-07;0.000601119;3.22827e-05;4.99576e-06;8.1209e-07;5.72595e-06;1.13165e-07;2.22981e-06;2.23536e-07;2.59612e-07;1.09111e-05;0.00502925;0.994296;1.56467e-05
7.02387e-05;0.240365;1.80495e-06;0.000169192;0.000194015;0.00036111;0.000353225;0.73632;1.41866e-05;0.0002144;5.35704e-05;4.08014e-05;0.0154133;0.00642862
0.000149986;0.00228125;4.67723e-07;3.84103e-05;1.12977e-06;2.35414e-07;0.00024879;0.894609;0.000359158;2.14165e-06;0.0027454;0.00011579;0.0994482;1.89222e-07
3.13932e-05;0.999307;2.19636e-05;2.82479e-07;4.93805e-08;1.31033e-10;9.64089e-06;0.000618007;1.52395e-06;1.84876e-07;9.32072e-07;5.19201e-06;3.59744e-06;5.86242e-09
3.33484e-09;8.9929e-07;0.999995;1.62858e-09;3.21216e-11;1.77387e-11;4.13777e-10;7.34821e-08;1.14317e-08;3.70807e-10;8.2505e-09;4.08357e-06;1.51031e-08;2.66394e-11
1.09264e-08;9.26964e-06;2.68503e-08;1.28351e-07;2.40523e-07;5.81862e-07;1.97519e-09;3.44514e-07;4.4423e-07;3.06248e-08;2.74818e-07;7.16746e-05;2.47992e-06;0.999915
1.77816e-07;0.89088;4.00734e-08;5.82585e-07;8.87907e-06;2.59505e-07;2.30206e-07;0.108839;7.78795e-07;2.33293e-07;1.21158e-05;1.88232e-05;0.000230709;8.12611e-06
1.29154e-07;0.0198645;4.12007e-09;4.59791e-08;4.02168e-07;0.000132855;2.05751e-07;2.9372e-05;2.49148e-08;7.11367e-08;7.33209e-07;0.00437432;0.975587;1.02089e-05
2.42511e-08;6.4806e-07;0.999859;9.44151e-08;1.4499e-07;3.23283e-09;1.85305e-06;1.63143e-09;4.21375e-09;2.67666e-06;8.98922e-10;0.000135817;3.94704e-09;7.9589e-08
1.50078e-06;8.9992e-08;0.999803;3.16384e-07;6.16857e-09;1.04747e-07;3.17932e-05;1.82283e-08;5.4105e-05;4.50193e-08;0.000104642;4.1268e-06;4.57505e-08;3.34807e-09
4.87433e-07;0.992536;2.49794e-12;2.54061e-09;1.36638e-09;5.36098e-10;1.21931e-08;2.13977e-06;3.23579e-08;1.2771e-09;3.08578e-07;2.5207e-06;0.00745829;5.94823e-11
1.71768e-06;0.0274179;2.2844e-06;3.5682e-06;0.00119454;8.90712e-05;1.60172e-09;0.0312168;7.36003e-08;8.80004e-06;9.93628e-08;0.933138;0.00611416;0.000812959
2.11984e-05;0.648507;5.151e-06;0.00116991;0.000156334;0.0101783;0.000515305;0.0846186;0.000364364;0.000780348;0.00516952;0.00668575;0.240761;0.00106701
7.25028e-06;0.212144;7.26161e-08;3.36759e-05;3.52876e-06;1.09018e-06;3.2365e-05;8.94327e-05;8.20143e-07;5.64196e-06;1.37434e-05;6.48679e-05;0.787567;3.68077e-05
0.00141174;0.0279225;1.35171e-07;0.0314218;0.710273;0.00333626;3.64267e-06;0.111178;0.000378904;6.38916e-05;0.000438272;0.101864;0.00756379;0.00414407
0.00231065;0.203409;3.02945e-06;4.22493e-06;4.46986e-06;1.94806e-07;4.0999e-06;0.000823362;0.000181595;1.48993e-07;9.66703e-05;1.72851e-05;0.793145;4.30435e-07
1.30473e-05;0.0163984;3.49065e-10;9.77447e-08;3.07281e-05;6.84255e-08;2.36359e-05;1.97129e-06;6.1626e-07;7.87874e-05;5.71026e-09;1.43628e-09;1.68095e-06;0.983451
6.00832e-11;1.05355e-13;1;4.33676e-13;4.9714e-13;8.60651e-16;1.44664e-11;3.72953e-14;2.59038e-09;3.67868e-13;5.14046e-12;8.61273e-10;1.52332e-15;1.37371e-14
0.000111876;0.00177193;6.47769e-08;0.000511709;1.20147e-05;1.21935e-06;0.000157341;0.000141891;0.977466;4.23069e-06;0.0193635;6.12405e-05;0.000395012;1.54757e-06
0.00255497;0.963526;5.01097e-05;3.30867e-07;2.27688e-05;7.29119e-08;1.03248e-06;0.0292694;4.94986e-05;6.03046e-07;7.59019e-07;1.18142e-05;0.00451231;2.01544e-07
2.76489e-08;2.22565e-05;4.53859e-09;4.24755e-09;0.000145575;9.04865e-11;1.57113e-12;0.993859;4.49207e-09;2.87e-10;3.25635e-12;0.00597282;5.21869e-09;1.31743e-08
7.85686e-07;0.00468729;0.995215;9.80264e-06;1.0228e-06;7.96627e-09;1.78245e-06;4.46221e-07;3.18224e-08;3.60571e-05;8.67211e-08;6.64627e-07;4.62162e-05;7.76278e-07
0.000247295;0.00601803;1.69873e-06;1.07925e-05;3.20017e-05;7.2322e-06;0.000184908;0.000304584;0.986538;2.25732e-05;0.00186617;0.00250298;0.00224368;2.02005e-05
