0.000125284;0.960829;5.07816e-06;1.74773e-05;5.19635e-05;3.41999e-06;2.6822e-06;0.0302251;0.000134609;9.47347e-07;8.55242e-05;0.000898667;0.00761005;1.03343e-05
0.000130182;0.911389;6.31866e-08;3.34492e-05;1.52253e-05;2.22676e-06;9.57092e-07;0.0242044;4.48769e-05;3.24965e-06;5.16466e-05;0.0520935;0.0102365;0.00179506
3.25775e-07;0.00736526;9.67525e-07;5.25321e-07;2.5992e-07;8.32887e-07;0.000258958;9.80267e-09;5.82285e-08;0.00067312;7.48759e-08;9.93335e-08;4.0284e-06;0.991695
1.7775e-10;9.88889e-11;1;6.05556e-10;3.44507e-09;6.39292e-10;9.34016e-09;9.50185e-10;7.34262e-09;1.54861e-10;3.72832e-08;2.7077e-08;3.29783e-13;3.21175e-11
4.68985e-06;0.924954;4.77937e-07;3.34291e-06;3.1317e-05;3.49644e-06;1.93709e-06;0.0625328;0.000445807;4.37051e-07;9.65035e-05;0.00503059;0.00689404;5.45701e-07
8.70477e-07;0.905758;2.14234e-09;5.23956e-05;0.000670293;1.61815e-05;5.40406e-08;0.0310676;2.33907e-06;9.12497e-06;6.95487e-06;0.0555195;1.28191e-05;0.00688436
4.50171e-06;0.975833;8.52922e-09;8.07506e-07;5.9663e-08;3.27006e-10;1.60895e-06;5.0942e-06;7.2064e-07;6.76245e-08;3.29729e-05;0.0239427;0.000178094;3.57819e-07
0.000113336;0.973564;3.20356e-08;2.01886e-06;1.43842e-06;7.56398e-08;1.67143e-07;0.00263499;1.06356e-05;3.15309e-07;6.50949e-06;0.0218641;0.00169464;0.00010833
6.95246e-06;0.981248;3.07792e-05;1.55264e-08;6.21291e-07;2.16184e-07;3.05466e-07;0.00717906;1.91932e-07;5.38501e-08;2.25239e-07;0.000343376;0.0111873;2.73993e-06
3.46777e-08;0.00192088;2.48884e-07;1.36499e-06;0.000121088;8.13848e-05;5.76965e-07;0.00784372;1.14166e-08;6.51794e-06;1.3407e-08;4.68337e-07;0.988911;0.00111294
2.5513e-10;1.25254e-09;1;1.91582e-08;6.90372e-10;2.47502e-10;1.13567e-08;6.77516e-11;4.23776e-09;3.28769e-09;4.88759e-09;1.20127e-08;5.20835e-09;7.71651e-09
5.3052e-08;4.33313e-06;0.999182;1.01682e-06;3.28042e-08;5.3521e-08;2.46864e-07;0.000216903;5.84511e-08;4.7381e-08;2.81326e-07;0.000589676;2.84715e-07;4.46668e-06
4.63026e-06;0.0267413;2.86705e-05;0.0001866;0.0079759;0.00934153;6.64347e-07;0.000215777;1.10561e-05;1.54609e-05;7.98958e-05;0.000193765;0.00487434;0.95033
2.05586e-06;0.0125246;1.1486e-09;1.09652e-07;0.000152135;2.24219e-08;8.3127e-08;0.979202;5.94089e-07;1.93718e-07;3.36016e-06;0.00810641;8.25755e-06;3.70576e-07
4.09292e-06;0.00918559;0.878521;0.000193117;0.074195;0.0160278;7.42584e-08;0.00103644;1.34349e-07;1.13102e-05;1.14953e-06;8.5915e-05;0.0206633;7.48038e-05
0.000156495;0.864965;1.09766e-06;2.36218e-05;3.81605e-06;0.00014472;0.00251897;0.0138488;5.93882e-06;0.00177144;6.76934e-06;2.68645e-06;0.116519;3.10749e-05
1.33265e-11;5.75034e-11;1;7.53338e-10;3.5154e-10;4.05306e-10;1.27029e-13;2.04144e-11;2.59237e-12;1.73467e-11;1.76065e-12;8.64468e-09;4.98865e-13;5.81832e-11
2.49188e-06;0.015435;6.17734e-07;1.30752e-06;5.41542e-06;1.27369e-06;7.23173e-09;0.0217687;2.59436e-06;4.32465e-09;6.1847e-07;0.962666;0.000114281;1.2837e-06
5.57473e-09;0.999908;2.47197e-07;4.35015e-08;7.66751e-07;2.08697e-07;2.7355e-06;2.36859e-08;8.79503e-11;1.66489e-05;3.42894e-09;8.99502e-09;7.1708e-08;7.08849e-05
4.17258e-13;5.82901e-13;1;1.79528e-12;2.36533e-11;1.39555e-11;1.81148e-12;2.37285e-14;6.83507e-13;4.71563e-13;2.35249e-12;9.20403e-09;2.57899e-17;1.04227e-09
7.17258e-07;0.954385;1.74654e-08;5.06313e-08;4.91563e-05;9.10499e-05;1.3813e-07;0.000437219;2.08732e-07;1.26566e-08;8.77654e-08;0.00129385;0.0435191;0.000223849
1.14473e-07;0.0806877;1.51281e-10;3.90677e-08;0.0214156;4.83515e-07;1.40316e-08;0.896195;1.61969e-06;3.34601e-09;8.15671e-08;0.000134321;0.00156463;7.61907e-07
3.99277e-07;0.0183702;0.0106283;2.58912e-05;0.00239814;0.00037775;1.22741e-09;3.63517e-07;2.6534e-09;1.04846e-06;1.52926e-08;3.53985e-05;2.29696e-05;0.968139
2.74822e-07;3.32914e-06;5.31353e-11;9.8352e-12;4.91152e-10;1.27675e-09;3.97477e-09;0.999994;3.94224e-08;3.17306e-11;7.36502e-10;1.34109e-08;2.38961e-06;1.35571e-10
5.26623e-07;0.000806145;3.00952e-08;6.89927e-05;0.931532;0.00686775;4.16949e-07;0.0327173;6.30236e-05;4.25964e-06;5.84288e-06;0.00262305;0.000149305;0.025161
0.000150437;0.00605484;0.988055;0.0012797;0.000953181;2.736e-05;8.33917e-07;8.39145e-07;1.59069e-07;8.66557e-06;4.33081e-05;0.000485109;0.000508139;0.00243249
1.29384e-05;0.969873;6.46592e-06;1.02315e-08;1.77661e-09;1.84368e-10;4.09329e-07;1.82106e-08;8.29415e-08;3.9317e-09;2.22286e-06;0.0292817;0.000823;3.13961e-08
1.49518e-08;0.998945;1.38438e-09;1.01619e-07;8.44554e-08;1.34101e-08;0.000840429;9.54335e-07;1.49757e-07;4.18871e-05;7.90239e-08;0.000158409;5.99285e-09;1.29107e-05
7.74796e-07;2.68773e-06;0.999742;4.13774e-06;8.61478e-07;1.73501e-05;9.27872e-06;7.54121e-07;1.0103e-05;2.42029e-08;0.000197282;1.13445e-05;3.7203e-06;1.36751e-07
9.10955e-06;0.00560918;3.85054e-08;7.98477e-09;2.55397e-06;4.65434e-10;2.77421e-08;0.994349;3.57655e-06;2.51697e-09;5.18537e-07;2.01719e-06;2.39629e-05;1.76191e-08
2.63849e-06;0.0699606;0.92764;5.26965e-06;1.21459e-05;1.55519e-06;0.000160351;4.86414e-06;3.66614e-07;0.0021486;1.06932e-06;5.99213e-08;2.72502e-05;3.47586e-05
1.57344e-11;3.34945e-10;1;1.23705e-11;5.40701e-12;2.15709e-13;3.63149e-11;2.16448e-13;3.97355e-10;6.40366e-12;2.08738e-10;1.09559e-08;2.70694e-14;4.11525e-11
7.25622e-07;0.00183138;0.00327179;5.56671e-06;5.76747e-07;3.92595e-07;1.93094e-07;0.000450167;3.63446e-05;1.18589e-07;5.65637e-06;0.992003;1.96483e-06;0.00239226
1.84241e-05;0.887288;6.90633e-05;1.47932e-07;0.00198806;0.00305218;6.27518e-08;0.0896098;2.67039e-06;5.29538e-07;4.97465e-07;0.000336161;0.0167077;0.000926696
3.17845e-07;0.964195;2.13228e-08;9.54893e-09;0.000800482;7.80054e-05;1.80556e-05;0.0266501;3.42601e-08;9.00038e-06;7.5274e-09;3.19133e-07;7.3533e-06;0.00824097
8.04011e-12;3.03827e-11;1;2.08788e-11;4.1635e-09;1.47876e-09;1.36683e-13;1.90735e-12;2.42735e-11;8.66437e-13;1.2247e-12;1.48961e-08;1.15622e-11;1.09851e-11
1.27134e-07;1.25961e-06;1.12265e-09;1.015e-09;5.27507e-06;5.75896e-08;2.26623e-12;0.999979;2.25895e-07;4.32949e-11;1.80354e-10;7.86278e-06;5.75836e-06;1.13446e-08
5.37696e-07;0.995418;1.4432e-07;2.35406e-09;1.4213e-07;1.69071e-07;3.25575e-11;0.000176868;2.6574e-10;5.57218e-10;3.35079e-11;0.00251795;0.00188636;4.39837e-09
8.55627e-08;0.000302677;4.8827e-08;5.23322e-06;0.262745;0.000213233;4.18348e-09;0.195361;2.86433e-07;1.9703e-07;1.4825e-07;0.541341;1.38849e-05;1.7021e-05
8.86923e-06;0.715623;0.00535084;0.000204306;6.53105e-05;0.000717241;3.15886e-06;8.91984e-06;2.40608e-08;1.01887e-05;1.65162e-05;0.000124655;0.277831;3.64394e-05
9.65086e-05;0.366465;5.62103e-05;5.07126e-08;3.26548e-07;2.00765e-07;7.22688e-07;0.000376384;1.3224e-07;2.15165e-08;2.23453e-07;0.618405;0.0145826;1.72811e-05
7.29071e-05;0.00817983;1.37163e-05;0.000118937;0.073717;0.0139458;3.32882e-05;0.740752;0.00340571;3.5709e-07;5.63423e-05;0.026932;0.0758462;0.0569263
0.000206811;0.744555;6.77899e-07;1.23235e-06;0.000310483;1.45986e-06;6.08911e-08;0.174993;6.10551e-06;6.43733e-09;6.2746e-07;0.00011218;0.0798049;8.12805e-06
0.00017998;0.636797;8.99136e-06;3.1471e-06;5.27389e-06;1.69071e-06;4.77277e-08;0.0512257;2.84516e-05;1.59395e-06;4.27699e-07;0.283675;0.0279128;0.000159619
9.2654e-05;0.922169;5.46879e-07;0.00455068;0.000405189;3.57062e-05;0.000245493;0.00909477;0.0333375;0.000767521;0.0222903;0.00350288;0.00304529;0.000462504
4.65334e-05;0.986569;9.32455e-09;1.59041e-05;8.17623e-06;1.04149e-05;0.00018716;7.21996e-05;3.08389e-05;0.00175057;9.61461e-05;3.65287e-07;0.000334925;0.0108777
6.29403e-10;4.85191e-12;1;2.25334e-10;2.82233e-11;9.85179e-12;2.29553e-09;4.51815e-13;6.12127e-10;8.80311e-10;1.08864e-09;8.24612e-08;1.18192e-11;5.25366e-13
3.35815e-05;0.0146834;3.12411e-05;3.81484e-05;2.84939e-05;2.13904e-06;0.000506998;0.00258097;0.00512378;2.78672e-06;0.00610804;0.970119;0.000737031;4.78853e-06
2.84121e-05;0.160121;0.000311439;2.63978e-06;0.000332755;1.88097e-05;1.21497e-05;0.2286;1.94623e-05;2.9505e-06;3.48528e-06;0.000716374;0.609643;0.000187622
5.2534e-05;0.168995;2.7172e-05;0.00182023;0.00293694;0.00128781;5.2631e-05;0.171401;0.000196864;0.000296386;1.59257e-05;0.119761;0.0207705;0.512386
0.000122062;0.896779;2.23349e-06;4.43763e-06;6.27092e-08;4.52067e-08;0.102755;2.01857e-06;3.2263e-06;0.000172636;3.98686e-07;1.21976e-07;9.21856e-05;6.68782e-05
1.67667e-10;4.12708e-11;1;6.04902e-11;6.92826e-12;4.82801e-12;5.30833e-10;1.07147e-11;2.289e-09;6.06216e-11;1.13625e-10;1.02097e-09;3.43714e-14;1.63241e-11
8.3152e-07;0.999738;8.83487e-10;1.16653e-08;1.77183e-07;4.41289e-09;3.55999e-05;0.000210266;6.79974e-06;1.24794e-06;1.04011e-08;1.20228e-10;3.78385e-06;3.29904e-06
5.59566e-12;1.82584e-13;0.999997;7.58561e-11;3.48723e-08;4.2249e-11;6.18249e-12;2.26199e-11;5.95848e-11;4.32946e-12;4.63858e-11;2.64092e-06;1.49004e-13;3.04263e-11
3.86672e-07;0.982826;1.18369e-07;1.28642e-07;1.81616e-06;1.09459e-07;3.9937e-07;2.98672e-05;1.62095e-07;1.50917e-08;5.34645e-07;0.000900984;0.0162382;1.3628e-06
4.93323e-09;0.999909;3.61053e-11;9.42062e-09;7.70931e-09;1.65103e-11;7.86552e-05;1.12694e-06;2.86954e-09;4.28595e-06;1.56783e-08;1.2661e-07;1.69817e-08;6.73784e-06
7.15889e-09;3.8286e-09;0.99997;1.06147e-07;1.70774e-05;2.50785e-07;2.70009e-09;8.37051e-08;1.70191e-09;2.54237e-09;2.08131e-08;1.15512e-05;1.49018e-06;8.80662e-09
0.000314875;0.959471;3.79388e-08;2.47243e-06;3.31084e-07;1.51553e-06;0.0356504;0.00235011;0.000202932;0.000568044;9.88667e-06;6.9799e-10;0.00141983;8.44451e-06
8.93428e-12;2.07945e-13;1;1.97756e-11;3.01053e-11;4.5741e-12;1.1409e-12;4.91611e-13;1.25398e-10;1.00095e-12;9.71335e-12;1.20223e-07;1.66439e-14;2.07787e-12
3.2642e-05;0.660066;6.2876e-06;3.42104e-06;3.12655e-05;7.91639e-06;1.57309e-06;0.333112;0.000963357;4.23413e-08;1.06881e-05;0.000734711;0.0050304;1.9098e-07
9.57979e-08;0.999877;5.90835e-06;2.55061e-08;1.31106e-07;4.69966e-08;6.22551e-05;3.10447e-08;2.40855e-08;3.81847e-05;1.10346e-07;8.0613e-06;3.41525e-08;8.12027e-06
9.26155e-11;1.39718e-10;0.999982;2.92213e-11;2.86133e-10;1.44875e-09;2.55507e-10;2.48646e-12;2.81214e-09;1.6109e-11;1.15421e-09;1.81455e-05;4.7929e-14;5.69519e-10
6.56024e-06;0.896387;1.36596e-07;1.11302e-08;2.45286e-09;1.25685e-08;4.90055e-07;7.96809e-06;8.13263e-06;9.21464e-10;9.72409e-07;0.000206462;0.103382;1.80182e-09
4.39582e-08;0.892161;5.50809e-09;1.32513e-09;3.55379e-06;4.41082e-08;1.13612e-09;0.00579069;7.59939e-09;2.67711e-09;5.70322e-10;0.102041;1.36638e-06;2.27408e-06
2.75161e-06;0.967356;6.91865e-10;7.43651e-08;1.20575e-05;1.05057e-05;0.0013539;0.0307171;5.34208e-07;8.02445e-05;4.51627e-07;3.57476e-08;0.000109791;0.000357133
1.54964e-11;4.24082e-13;0.999999;2.60072e-11;5.16742e-11;4.62371e-12;4.17872e-12;2.12083e-12;2.55467e-11;3.13957e-12;2.65801e-11;1.36555e-06;3.98061e-14;3.97281e-12
0.000310234;0.467947;2.02056e-05;3.91331e-05;0.000312671;1.42673e-05;0.000342695;0.444561;0.0016385;6.12557e-06;0.000723247;0.0756807;0.00839244;1.13162e-05
0.00060959;0.684081;0.000395764;5.31241e-05;0.0001091;9.28114e-06;6.23493e-05;0.0572419;0.0108567;1.07237e-06;0.0128832;0.162619;0.0710766;2.95029e-07
2.9564e-05;0.277141;3.8357e-07;3.51121e-05;0.00111012;1.29458e-05;3.80126e-09;0.0585832;1.39531e-06;2.70907e-07;2.18168e-06;0.4725;0.185449;0.00513455
1.49606e-06;0.999244;1.5653e-09;1.01425e-08;2.34449e-09;3.74874e-10;8.36899e-05;6.62603e-07;2.38262e-07;3.48364e-06;3.27221e-08;2.66989e-11;8.70148e-07;0.000666004
2.39533e-12;4.30163e-13;0.999996;1.34298e-11;5.19453e-11;6.22978e-12;2.05566e-11;1.72746e-12;7.89543e-11;2.4035e-12;1.6345e-10;3.98146e-06;1.11116e-14;4.46949e-13
4.91526e-07;0.000395791;4.97464e-10;1.44606e-07;1.05636e-06;2.7228e-06;8.34228e-07;0.000224678;0.00027484;1.37029e-08;0.00011874;9.09878e-08;0.998981;1.25482e-07
7.37607e-06;0.261174;0.000629206;7.44527e-05;0.000124069;0.000111697;2.02785e-06;0.00512712;1.92551e-05;6.893e-06;0.000362343;0.671934;0.0556338;0.00479339
0.000663971;0.0965218;0.000549361;0.00130889;0.079657;0.0266299;4.09415e-05;0.0753209;0.000110212;0.000158557;0.000474548;0.491654;0.213448;0.013462
0.000712156;0.0163676;2.56352e-05;1.21087e-05;3.09217e-06;7.54136e-06;0.000520073;0.000140513;0.000482642;1.34638e-05;0.000182469;0.000322963;0.9812;9.49882e-06
0.000105493;0.506223;0.00114506;0.000407052;0.00072257;0.000242304;3.29583e-05;0.000255465;0.0876819;2.56646e-05;0.00887794;0.382894;0.0112168;0.000169514
1.90771e-05;0.98211;3.34059e-10;3.10592e-07;8.80066e-06;1.14338e-06;1.08248e-07;8.21715e-05;2.06829e-06;7.70682e-08;1.91874e-06;0.000510425;0.0172491;1.46675e-05
0.000173369;0.00317926;1.23075e-05;7.58601e-06;6.76986e-05;1.27404e-05;4.57861e-06;0.974387;2.74161e-05;7.37138e-07;1.567e-05;0.0103439;0.0113382;0.000430009
0.000782166;0.485821;0.000110621;0.00161878;0.00207595;0.0386991;9.24098e-05;0.118742;0.000132886;8.73254e-05;0.000332676;0.132785;0.196817;0.0219023
1.28299e-05;0.000600927;4.44327e-08;4.54939e-05;0.0297356;1.94817e-05;2.00178e-06;0.96643;0.000442922;1.28512e-06;7.38833e-05;0.000196087;0.000851338;0.00158838
1.14093e-05;0.0584439;0.934793;0.000977893;0.000120313;2.37503e-05;1.82264e-06;1.49244e-06;5.34988e-06;3.19161e-05;0.000159239;4.77892e-05;4.78702e-05;0.00533474
3.24191e-05;1.88212e-05;1.26869e-10;1.44187e-08;3.45137e-08;1.03774e-07;2.72946e-08;0.999868;7.07696e-05;4.35649e-09;2.47477e-06;4.30747e-07;7.00561e-06;2.52797e-08
4.00699e-08;2.52237e-05;2.27971e-07;1.11877e-07;3.55596e-05;4.57832e-07;2.65103e-10;4.04802e-05;3.76617e-07;2.36403e-09;1.69335e-07;0.99989;1.02952e-07;7.70093e-06
1.70686e-10;0.999999;1.21774e-14;5.67262e-13;7.98492e-14;7.18211e-15;1.64176e-07;1.46002e-12;4.09875e-13;1.41656e-09;2.90572e-13;2.16155e-15;8.3281e-11;5.27356e-07
9.81322e-15;5.70807e-15;0.999997;3.26565e-14;5.68289e-13;9.68477e-15;2.28797e-13;5.85306e-16;4.44072e-14;1.07489e-14;3.51657e-14;2.55221e-06;9.71599e-17;1.2476e-12
1.5329e-06;0.661063;8.23185e-07;7.80517e-06;1.41532e-05;0.000161267;0.0101698;0.293542;0.000134846;1.01067e-05;2.39344e-05;1.60458e-11;0.034722;0.000148672
5.08553e-12;6.53069e-12;1;5.58665e-11;1.38824e-12;1.52264e-12;1.8886e-09;7.40116e-12;9.94989e-10;2.37728e-11;5.00204e-10;9.41234e-12;2.19739e-12;7.86105e-15
3.08932e-10;1.28651e-09;0.999993;1.92782e-08;2.11159e-09;3.78106e-09;6.52201e-10;2.3816e-07;4.09745e-08;1.17767e-10;7.6949e-09;6.74951e-06;6.33239e-12;8.67819e-09
8.70566e-08;0.000649239;0.00213686;1.02406e-06;2.24919e-05;0.00179847;3.96424e-09;5.73985e-06;2.68544e-08;3.10527e-07;1.1496e-08;4.39227e-07;5.67322e-07;0.995385
4.05814e-06;0.037273;2.887e-08;4.76695e-06;1.61675e-07;7.93512e-07;3.99394e-07;0.0243059;1.41433e-05;1.73459e-08;0.000712083;0.000298828;0.937385;6.80522e-07
8.91275e-08;0.00160806;3.36853e-10;2.56662e-10;2.8352e-08;5.30006e-10;2.23064e-12;0.998191;8.76274e-12;1.70781e-10;3.36421e-12;4.84339e-08;0.000200297;7.29683e-08
5.29942e-08;0.955407;4.2144e-06;2.02648e-06;1.97732e-05;4.46471e-05;5.02733e-07;0.0330377;4.2554e-09;2.9996e-06;1.88747e-08;0.00504159;5.83514e-05;0.00638143
3.04654e-10;4.6104e-10;1;1.30286e-08;2.28032e-10;6.77099e-10;1.43061e-07;2.62591e-09;1.58964e-08;5.31569e-10;1.15071e-07;8.91389e-12;2.39331e-09;6.13231e-12
2.30969e-10;6.8988e-08;0.999701;4.1326e-10;9.06186e-12;8.04228e-12;7.06792e-12;1.61884e-09;4.3971e-10;4.4336e-12;3.48518e-11;0.000299272;7.06493e-12;2.42115e-11
7.35575e-07;0.0038904;2.85788e-09;2.9016e-07;0.00112274;0.00421128;1.40364e-07;3.46279e-07;7.56303e-07;9.90356e-06;2.45076e-08;1.4085e-10;7.99076e-07;0.990763
3.26717e-11;1.5544e-12;0.999995;1.22946e-10;1.69062e-09;2.19532e-11;5.17613e-14;4.15954e-13;6.36558e-12;1.63153e-12;8.02814e-12;4.91698e-06;1.15312e-14;4.86321e-11
8.32996e-08;1.64142e-06;3.73193e-07;7.32559e-09;0.00100682;6.95247e-08;3.60388e-13;0.998988;2.84522e-08;2.1182e-11;8.68699e-11;6.49994e-09;3.8355e-08;2.76568e-06
3.34889e-10;1.54687e-08;3.03108e-10;1.16803e-10;3.63325e-06;1.4689e-10;5.22765e-15;0.999996;3.99436e-10;8.13553e-12;1.08185e-12;6.30997e-11;9.72598e-08;3.28511e-13
2.27474e-11;1.99815e-08;1;1.07653e-09;2.97406e-07;5.74076e-08;3.92744e-14;4.90276e-11;3.63519e-15;2.40285e-09;2.42301e-14;3.64162e-09;9.51793e-10;8.14081e-08
7.41338e-08;0.999703;6.92482e-07;5.92392e-07;4.19956e-07;2.92676e-07;1.6396e-07;0.000217263;1.46543e-07;2.52696e-08;5.5563e-06;1.59146e-05;5.43869e-05;1.21037e-06
