1.04328e-06;0.999869;5.99587e-05;5.25136e-06;1.04912e-06;1.13848e-08;3.99209e-08;2.56805e-06;2.64589e-08;7.8816e-08;5.92665e-08;5.91952e-05;7.80871e-07;8.29963e-07
1.71914e-05;0.706538;9.4767e-09;1.29297e-07;1.79759e-07;2.17269e-08;7.25155e-07;0.293433;8.54684e-07;8.20568e-07;6.75845e-08;3.46216e-07;7.34111e-06;5.23111e-07
2.42956e-09;1.86496e-05;2.49414e-07;3.35362e-09;7.66105e-07;2.03566e-07;6.15833e-10;1.3407e-06;2.20286e-09;2.09114e-09;4.69277e-09;0.999959;2.09017e-07;1.91751e-05
3.9351e-08;0.263171;2.46975e-09;2.91307e-08;1.95513e-07;2.13878e-07;1.91127e-08;0.00812962;1.97142e-07;3.01428e-09;5.2686e-07;7.57152e-07;0.728697;4.22211e-09
3.37597e-06;0.535234;7.13271e-07;6.60297e-07;1.77099e-05;2.84355e-07;4.91867e-09;0.000101171;9.23642e-06;7.62826e-08;3.33079e-06;0.463914;0.000673608;4.20041e-05
0.000581276;0.685104;7.47917e-07;1.28451e-05;0.0307879;2.88303e-05;8.3272e-08;0.260821;2.77293e-05;2.42456e-06;2.33092e-07;0.00213806;0.020085;0.00040996
0.00230417;0.352748;2.10385e-05;4.46109e-06;0.000150141;1.4509e-05;1.28978e-06;0.585976;0.000201211;2.72001e-06;1.9267e-06;0.0065138;0.051974;8.71479e-05
0.000377969;0.0698589;3.97187e-05;1.12111e-05;0.000133799;3.29419e-05;3.34948e-06;0.856959;0.00322422;1.89529e-05;6.70078e-06;0.000379;0.0687181;0.000236287
0.000160323;0.386152;9.3049e-05;6.40012e-05;0.000504631;0.00148019;1.39986e-05;0.00285381;0.000999499;1.40947e-05;3.82532e-05;0.0203793;0.000651078;0.586596
5.70531e-07;0.797805;5.96364e-08;9.75809e-07;3.31036e-05;1.00466e-05;1.40549e-08;0.00194699;1.12485e-07;4.26452e-08;1.77017e-07;0.073895;0.126277;3.08301e-05
1.91385e-05;0.0125399;2.00164e-05;0.000244605;0.00721231;0.00016581;1.79032e-06;0.103307;3.81055e-07;2.04387e-05;1.79991e-06;0.332867;0.533087;0.010513
0.000147407;0.525544;0.00183315;0.000168475;0.000205294;0.00028645;5.41291e-05;0.410311;6.75267e-05;7.5222e-05;6.7163e-05;0.00302074;0.0573345;0.000884335
2.63458e-06;0.0011164;3.08259e-09;7.25495e-06;3.19119e-08;5.93703e-07;9.5989e-07;0.000579573;1.44029e-06;1.21244e-07;2.17194e-05;6.85223e-05;0.998201;9.85361e-08
3.89292e-07;0.00456481;2.70753e-11;4.88028e-08;1.6178e-06;4.11335e-10;1.30092e-07;0.995431;8.80664e-08;1.53228e-07;6.23648e-07;3.00195e-07;1.08278e-07;5.11179e-07
7.35977e-09;7.41173e-05;0.999904;8.21764e-07;1.65239e-06;1.87479e-06;5.17642e-07;1.97204e-07;3.208e-10;6.97116e-06;1.16831e-07;4.01933e-09;9.50334e-06;4.41667e-07
1.35892e-11;8.88787e-11;1;1.18031e-11;1.25393e-11;3.20479e-12;6.69003e-11;8.97063e-13;4.38786e-12;8.13913e-12;2.24909e-10;1.47574e-09;1.50382e-12;2.69681e-11
8.00371e-09;7.36121e-05;0.000389241;4.22271e-08;3.27211e-08;3.79934e-08;1.23094e-09;4.84238e-07;6.73247e-08;4.87426e-10;1.525e-07;0.999532;1.51556e-07;3.93291e-06
5.233e-06;0.721232;1.91328e-08;4.24526e-07;0.00112363;0.000537822;1.94566e-07;0.0070294;3.71177e-05;2.55805e-07;3.86417e-06;0.000111383;0.269885;3.30424e-05
6.41623e-07;0.000316825;2.12324e-11;7.62033e-08;0.000129416;2.15787e-06;7.31506e-12;0.00144279;2.49342e-06;2.07331e-09;4.41652e-08;0.997856;0.000246802;2.95921e-06
7.59723e-05;0.000712259;1.02213e-07;1.41623e-07;5.90508e-06;6.33087e-07;1.29761e-08;0.999148;2.57931e-05;1.7905e-08;2.43277e-09;8.41908e-08;3.04875e-05;9.63728e-08
1.07983e-05;0.997239;2.26847e-07;2.89519e-07;7.53528e-09;4.4526e-09;1.21534e-08;9.98725e-06;1.17971e-07;4.67219e-08;9.16791e-09;0.000174293;0.00256491;9.15301e-09
4.22608e-06;0.990828;5.47421e-08;1.30506e-05;8.5167e-07;1.37105e-06;7.08381e-08;0.000345898;1.5233e-07;1.33607e-06;1.89904e-07;0.00745976;0.0011158;0.000228933
3.00423e-06;0.9989;1.51612e-10;8.34853e-07;4.90107e-09;6.31964e-09;0.000788324;1.54274e-06;4.06581e-09;9.23259e-06;1.40678e-08;3.73138e-09;1.84899e-07;0.000296651
9.50777e-11;3.47058e-12;1;1.76462e-10;8.64796e-13;3.25037e-13;7.1785e-10;1.99435e-12;7.49821e-09;1.04243e-11;2.64358e-09;5.5843e-09;2.91273e-14;2.12178e-11
2.64678e-07;0.999428;2.35487e-08;2.0489e-08;1.69391e-10;3.14093e-11;4.13238e-07;3.53417e-10;8.9448e-10;9.20505e-09;9.88354e-09;9.05027e-09;0.000571615;1.03977e-09
7.86462e-10;3.92793e-06;4.03372e-07;2.87318e-10;1.27757e-09;2.95631e-11;1.39246e-12;1.60572e-07;5.48203e-10;5.94319e-13;8.99923e-09;0.999995;1.11782e-07;2.51886e-09
1.90167e-08;0.00089307;1.54052e-08;2.01169e-07;0.00105739;2.88134e-06;2.58082e-10;0.991621;2.13055e-09;4.12762e-08;1.0352e-10;3.99655e-06;0.00641955;2.30263e-06
1.72423e-10;1.21185e-09;9.90054e-12;4.44803e-10;7.16189e-11;2.05147e-07;2.06625e-12;4.48252e-10;6.64075e-11;4.03723e-12;8.41055e-11;8.20304e-09;1;1.26758e-10
1.10165e-09;5.37905e-07;0.999999;9.1799e-10;5.21131e-11;3.54734e-11;6.60177e-14;1.58237e-08;1.0865e-12;2.00748e-10;2.62682e-13;4.61235e-07;1.51016e-09;3.86549e-10
2.18072e-07;0.992788;3.96555e-07;1.55068e-05;1.73801e-07;1.51674e-06;3.92729e-07;0.00627277;1.76295e-05;5.49721e-07;6.38907e-05;2.55574e-06;0.000829147;7.16627e-06
