6.08303e-07;0.999964;1.08033e-06;6.58474e-07;9.28732e-07;4.66996e-09;1.35214e-09;2.70835e-05;7.37292e-09;2.83003e-09;6.88083e-09;2.01976e-06;3.16479e-06;5.87029e-07
7.35406e-07;8.20981e-06;8.90459e-13;4.21789e-10;1.06008e-07;1.001e-08;6.90377e-10;0.99997;1.85163e-08;6.11744e-10;9.58057e-10;1.54982e-09;2.07742e-05;6.2835e-09
9.84196e-08;2.22499e-06;1.30203e-06;6.81976e-06;0.089946;9.22998e-05;1.61238e-09;0.000185644;5.23111e-06;8.73448e-08;9.96902e-07;0.908153;4.36576e-06;0.00160153
5.36534e-06;0.0275201;0.00574071;1.45616e-05;1.47421e-06;1.77764e-06;5.91647e-08;4.17055e-08;2.2495e-08;3.05039e-08;8.56037e-06;2.03736e-05;0.966651;3.55563e-05
6.58911e-05;0.894597;4.25608e-08;1.26888e-06;3.02901e-05;4.22527e-07;7.81885e-07;0.0031996;1.36957e-06;2.40154e-07;2.55664e-05;0.0717272;0.015917;0.014433
2.4057e-07;0.000987932;2.95891e-06;3.57564e-05;0.950631;0.00160577;6.15624e-07;0.00688066;4.0334e-07;2.23776e-06;2.62533e-06;0.00172225;0.0315561;0.00657191
5.52147e-08;0.000115094;1.05196e-08;1.97639e-06;9.91316e-07;3.12053e-05;1.13437e-07;2.04896e-05;9.90811e-08;7.86039e-08;2.69929e-05;6.22191e-08;0.999803;6.33922e-08
3.13221e-08;7.15931e-06;0.99999;1.16792e-07;1.55661e-08;1.49252e-08;2.56209e-10;6.01892e-09;8.18346e-11;2.58665e-08;4.96045e-09;2.06248e-06;8.53987e-07;2.36477e-08
1.40008e-05;0.807686;3.90277e-08;0.000182955;4.09667e-06;9.15646e-06;0.000111288;0.00684437;0.000194551;8.16331e-06;0.00547374;1.20254e-05;0.179456;3.89589e-06
7.1484e-06;0.993733;3.80072e-08;0.000224402;3.20257e-05;1.94716e-06;5.02555e-07;0.00176366;3.71658e-05;4.31292e-05;0.000758142;0.001701;0.0016278;6.99439e-05
5.91361e-05;0.894338;7.80625e-05;0.000321559;1.05869e-05;6.59714e-06;2.2031e-05;0.00987739;2.6249e-06;0.000129943;0.000173311;0.000724609;0.0942238;3.24441e-05
4.89179e-06;0.00652252;1.11583e-08;1.72459e-05;0.000229467;0.000169143;7.95952e-07;0.000295396;3.41375e-06;1.33453e-06;7.37321e-05;0.989022;0.0017534;0.00190704
4.96928e-07;0.997013;6.96693e-11;1.58257e-07;2.14451e-08;1.08223e-08;5.63529e-06;3.24232e-05;1.93782e-08;4.71038e-08;1.53133e-07;8.90154e-07;0.00294316;4.2885e-06
2.32779e-07;0.000117323;5.46328e-07;3.14634e-05;0.00556444;0.000140003;8.46352e-07;0.00475248;4.16196e-06;4.65662e-07;2.20727e-06;5.85853e-05;5.00738e-05;0.989277
1.69903e-07;0.970209;2.55993e-10;1.44606e-07;9.34404e-07;5.77937e-07;3.71602e-08;0.0240151;1.34192e-08;4.51547e-08;3.17546e-07;1.23975e-09;0.00577343;4.73428e-07
2.22166e-10;3.30108e-11;1;2.24902e-10;1.42459e-11;4.47919e-13;1.57681e-11;9.04149e-12;7.73197e-11;2.833e-11;2.69131e-10;3.4284e-07;9.0714e-12;8.55803e-11
1.86792e-05;0.000703179;0.000735295;2.55401e-05;1.18324e-05;3.54375e-07;3.18173e-06;0.000287514;1.57436e-05;4.36395e-07;9.78932e-06;0.000160254;8.2387e-06;0.99802
1.54188e-05;0.00276083;1.5656e-08;1.84348e-07;0.00598631;1.11577e-05;2.46845e-06;0.990504;0.000543184;2.2678e-07;4.80765e-06;1.4534e-06;0.000131515;3.81745e-05
1.59153e-10;8.46345e-09;0.999961;4.37291e-10;5.2818e-06;2.55223e-09;1.17444e-11;3.19125e-11;1.57481e-12;2.52075e-10;7.23897e-11;3.3396e-05;1.11773e-09;1.86842e-08
1.74468e-07;0.99929;1.00167e-08;7.885e-08;4.15554e-07;1.59955e-08;6.38044e-08;0.000316163;1.38177e-06;8.53186e-10;3.2756e-06;2.55729e-06;0.000384708;1.51229e-06
8.25816e-07;0.000736862;1.46272e-10;8.28451e-10;3.33165e-06;1.42545e-08;2.09734e-10;0.998772;1.11507e-07;4.21864e-09;2.14802e-10;7.3091e-09;0.000486876;4.16357e-07
1.87651e-10;2.02017e-05;1.4941e-06;5.84859e-08;4.91966e-06;1.90785e-07;6.38976e-13;1.98133e-07;2.74211e-09;4.38792e-10;7.25117e-10;0.999946;4.38291e-07;2.70113e-05
4.38277e-08;0.999399;9.73202e-11;2.3911e-07;7.96645e-08;3.78756e-09;1.14344e-06;0.000360579;3.18773e-08;1.71043e-07;8.60422e-07;7.71417e-08;0.000237488;1.65537e-09
5.02968e-07;0.00033625;7.14919e-09;3.9361e-07;0.000162603;2.95912e-07;9.06662e-09;0.000126176;6.28464e-07;2.09252e-08;1.27426e-06;0.998893;2.72534e-06;0.000476154
6.60965e-05;0.00286567;5.13415e-10;1.9046e-08;0.000108326;9.17978e-07;1.42461e-07;0.996105;1.92724e-06;2.46405e-08;4.37222e-09;2.45e-07;0.000850925;1.4387e-07
1.3186e-05;0.000205038;5.24782e-08;1.06237e-08;2.03007e-08;2.40696e-09;1.30257e-08;0.998996;4.84228e-06;3.9096e-09;3.90515e-08;1.12135e-09;0.000780576;5.37751e-08
0.000292907;0.00718378;1.88292e-05;9.05729e-07;4.85352e-05;3.64393e-07;1.43339e-08;0.0142406;9.24465e-05;2.09111e-07;5.64957e-06;0.977933;0.000134187;4.83347e-05
2.29761e-08;0.999993;3.42528e-10;1.21072e-10;6.09446e-09;1.23833e-10;3.38667e-08;3.82197e-07;5.73779e-10;9.74e-08;1.57571e-10;7.94189e-10;7.60066e-07;6.16498e-06
2.75466e-14;4.70264e-14;1;1.15233e-12;5.60694e-12;9.46578e-14;3.21309e-14;7.48152e-16;8.64426e-14;5.95473e-13;1.85607e-13;2.01993e-08;2.10828e-16;2.39111e-11
7.03274e-06;0.991588;6.56587e-05;3.47472e-05;5.8944e-05;4.95089e-06;0.00661603;0.000368494;1.24988e-05;2.54626e-05;6.91933e-05;1.2337e-05;5.06869e-05;0.00108556
0.000145104;0.0171674;4.91636e-05;8.57693e-06;6.55861e-05;1.39904e-05;5.96582e-05;0.217534;0.000168093;2.17393e-06;0.00555944;0.695804;0.0634134;9.92449e-06
3.18686e-06;0.00378691;3.40046e-07;5.43229e-07;3.55635e-06;9.23626e-07;2.24262e-07;0.0203965;2.78317e-07;8.85914e-08;1.9507e-05;0.000184732;0.975599;4.18782e-06
5.30897e-07;0.000143994;0.000145645;9.52814e-08;1.61983e-06;1.83792e-07;4.67183e-10;9.11501e-06;5.11906e-08;9.47958e-09;1.5057e-07;0.996355;0.00334297;8.39951e-07
1.51979e-06;0.0016768;1.37601e-05;6.39472e-06;1.24781e-05;2.35709e-05;2.12712e-06;0.00318486;3.19658e-07;1.20321e-06;8.6914e-06;0.0183195;0.976744;4.85396e-06
1.10374e-07;0.00219572;3.81308e-05;0.000606089;9.0372e-06;0.000532622;5.78952e-08;4.10855e-05;3.77393e-07;9.88789e-07;0.000199348;0.02465;0.971315;0.0004118
0.000151249;0.0193014;7.52823e-07;9.61414e-05;1.13411e-05;0.00168957;0.000296775;0.0133168;8.21012e-06;2.22652e-05;0.00471181;1.9975e-05;0.96036;1.38798e-05
2.1355e-06;7.10624e-05;2.91309e-07;7.11129e-07;9.69218e-08;1.31739e-07;5.70244e-06;0.016208;1.03475e-06;1.57382e-07;0.000179267;4.24872e-06;0.983527;1.00155e-08
3.73541e-05;6.45058e-05;1.90941e-06;9.64995e-06;1.64666e-05;3.34204e-07;1.0458e-07;0.000199601;0.000611321;9.65404e-07;0.00395329;0.973095;0.0220086;6.65372e-07
3.5531e-08;0.00114136;2.9242e-11;2.24508e-08;3.50719e-06;1.49519e-06;2.34752e-07;0.99875;2.79613e-06;1.27702e-06;1.16574e-06;5.67748e-10;9.82951e-05;1.83237e-07
6.27544e-13;1.92352e-12;1;1.0249e-11;5.94082e-13;6.74125e-14;9.39004e-13;1.15346e-13;2.30334e-11;1.04497e-11;2.45616e-11;3.33982e-09;4.0219e-15;6.79186e-12
4.80424e-06;0.000121232;0.000194219;2.13942e-05;7.06207e-06;1.93343e-06;1.93804e-06;0.00301014;7.86162e-05;2.43399e-07;0.000222312;0.996325;6.50938e-06;4.14657e-06
1.04403e-07;0.999339;1.14537e-11;1.39323e-09;6.19908e-07;2.07645e-08;5.10578e-09;9.23391e-05;6.50141e-07;2.00986e-09;3.73627e-07;8.12273e-09;0.000566417;5.87906e-08
7.63245e-07;0.000846233;2.24592e-05;1.43995e-08;0.99365;1.30261e-05;3.39003e-10;1.66004e-05;2.25052e-09;2.00575e-07;3.65493e-09;0.00507743;0.000315665;5.70717e-05
5.14138e-08;0.999863;9.01703e-13;5.14914e-12;1.72951e-08;1.01868e-11;1.19114e-09;0.00013005;8.40192e-11;4.31707e-10;1.80109e-12;5.78651e-13;5.15985e-08;6.72561e-06
2.37914e-12;1.21396e-11;1;7.81649e-13;5.2004e-11;9.22313e-13;6.45911e-15;3.37773e-11;9.80146e-13;3.42982e-13;1.75683e-14;4.65939e-07;2.6725e-13;1.10551e-12
3.2023e-06;1.05625e-05;3.81057e-09;9.43078e-06;0.000104911;0.000845436;9.17472e-07;0.26636;0.000601925;1.37445e-06;1.31092e-05;1.57057e-05;0.731356;0.000678009
7.04331e-07;0.983007;0.0168633;1.33464e-06;8.8009e-08;1.86998e-07;6.43159e-09;1.50968e-06;1.42434e-09;1.81073e-08;3.10778e-08;1.96805e-06;0.00011409;9.79819e-06
4.35955e-07;0.016135;1.65288e-10;1.25604e-07;0.000210896;0.000115597;1.56164e-07;0.976902;5.8743e-08;2.12524e-06;2.57955e-08;6.20741e-08;0.00662088;1.28868e-05
4.56172e-10;1.12308e-10;0.999998;7.04792e-10;5.60771e-10;2.9281e-10;3.14773e-10;1.02982e-12;1.38028e-09;8.01174e-11;4.44625e-10;1.83615e-06;7.53197e-12;1.59901e-09
3.89927e-06;3.63663e-05;0.970326;1.57883e-06;8.16615e-06;3.18822e-06;1.7733e-07;5.50441e-05;1.71812e-05;1.67693e-08;2.25896e-06;0.029536;9.81042e-07;9.42664e-06
5.25031e-06;9.67262e-05;4.66305e-06;1.5592e-06;0.0149021;0.014117;2.15071e-08;3.77375e-06;8.42829e-05;1.94938e-07;6.39418e-06;7.72206e-06;0.000153972;0.970616
1.08407e-06;0.00240059;4.97627e-06;4.86238e-08;0.0157584;3.53332e-05;1.02634e-09;0.00298271;4.98185e-07;3.32753e-08;8.52505e-08;0.949689;0.0276434;0.00148365
4.43732e-07;9.7255e-05;1.43152e-08;9.49361e-07;0.000347921;0.000196328;4.13639e-09;0.836263;5.2689e-06;4.23312e-08;4.03429e-08;5.51298e-09;0.163088;1.95465e-07
5.67751e-06;0.49397;0.504544;0.000146579;0.00119182;4.92368e-06;4.359e-10;3.22336e-05;3.48869e-09;1.25097e-06;2.72131e-08;1.3612e-05;7.38914e-05;1.664e-05
8.4387e-08;0.00405184;8.24865e-10;1.82784e-07;3.70571e-05;3.72312e-05;2.23974e-08;0.994255;1.49586e-08;8.48959e-07;2.50516e-08;2.95764e-08;0.00161733;3.24678e-08
2.38254e-11;8.65529e-12;1;4.26073e-11;2.33433e-11;9.71874e-13;5.36869e-11;2.47545e-12;5.80992e-11;1.09446e-10;9.44898e-12;2.08744e-09;6.24237e-14;7.86078e-12
3.53643e-08;8.90089e-06;1.27767e-05;2.36443e-08;1.32751e-08;9.07157e-09;5.91539e-10;3.50753e-07;4.66574e-08;1.49766e-10;1.58977e-08;0.999975;1.07921e-08;2.84038e-06
1.67198e-06;0.0225857;2.28536e-10;9.56479e-10;2.89696e-05;1.81166e-07;8.56351e-09;0.974933;4.09213e-09;8.94103e-09;2.10288e-09;1.22322e-06;0.00244561;3.93856e-06
1.22782e-07;0.996859;8.48854e-10;3.04343e-08;1.1713e-06;8.84045e-09;0.000219603;2.58864e-06;1.21638e-08;3.28285e-05;9.54603e-09;6.25838e-05;1.01697e-06;0.00282148
1.87638e-11;1.25646e-13;1;4.75521e-12;5.2087e-10;2.28539e-12;4.66604e-13;9.18145e-12;6.50168e-12;4.23317e-13;2.11588e-12;5.45405e-10;8.23034e-14;9.27643e-14
2.75224e-09;1.12618e-05;1.93725e-13;8.69186e-11;4.66364e-08;1.54717e-08;2.14912e-11;0.999987;1.97736e-09;2.27823e-10;6.6538e-11;1.13281e-12;1.36401e-06;6.5654e-10
6.09848e-11;2.42339e-10;1;1.60309e-09;1.66576e-10;3.02533e-11;3.21238e-12;1.60849e-10;3.20655e-10;3.43629e-11;9.78892e-11;2.48891e-08;9.08691e-12;1.043e-12
3.29152e-07;5.91567e-06;4.86019e-05;1.1152e-05;6.34183e-08;9.89693e-09;1.2322e-09;4.00894e-06;3.71985e-05;2.53718e-09;3.34167e-06;0.999887;1.08188e-07;1.91373e-06
1.04109e-05;0.0290134;5.84587e-05;1.0982e-07;3.86683e-05;2.4743e-05;5.65131e-09;1.3754e-05;9.86608e-08;6.10357e-08;7.16908e-08;6.51323e-06;0.970825;8.47665e-06
9.09097e-09;0.000327195;8.91871e-09;1.66455e-10;0.00689864;1.93769e-07;4.3594e-13;0.992747;6.99143e-11;1.73577e-10;3.55246e-12;1.6675e-05;6.26561e-09;1.05794e-05
3.57784e-09;0.00242533;0.997148;1.22552e-08;0.00024941;1.59394e-06;2.34518e-11;1.6984e-07;9.5083e-13;1.58654e-08;6.75222e-12;2.71767e-05;0.000147633;6.81168e-07
1.0333e-06;6.30647e-05;2.0547e-05;6.25664e-07;1.01837e-05;2.08349e-06;3.27309e-09;0.999697;9.19774e-06;4.27676e-08;5.7341e-07;9.02098e-05;0.000103589;1.8818e-06
