1.6487e-06;0.999758;2.28503e-05;5.21325e-07;3.57319e-07;9.69056e-09;3.61288e-09;6.39626e-06;6.37076e-09;1.46151e-08;1.46557e-08;0.000201653;8.23727e-06;5.68586e-08
1.90087e-06;0.997992;5.84639e-09;2.93592e-07;7.52428e-08;2.18163e-08;0.00160403;0.000165634;1.17279e-06;0.000181169;3.8961e-07;4.96886e-11;3.30319e-05;1.99329e-05
1.0794e-11;2.48753e-10;1;1.23626e-10;1.79857e-10;5.17014e-11;8.0774e-12;1.16844e-12;5.99537e-12;6.29047e-11;1.92334e-11;3.82785e-07;3.15335e-15;1.51867e-10
6.73301e-06;0.994958;1.88053e-07;3.29516e-06;1.06481e-05;7.05839e-07;3.09448e-05;0.00147418;0.000213412;1.64507e-07;0.000233413;0.000317064;0.00275062;8.2101e-07
2.63904e-06;0.97847;6.58516e-07;2.1402e-06;2.73071e-05;1.29879e-06;1.95897e-05;0.0202842;7.16035e-06;1.54254e-06;3.69267e-05;0.000558793;0.000280471;0.000306952
2.96573e-06;0.288392;7.61454e-07;2.81361e-06;7.016e-07;1.85924e-06;1.70544e-06;0.00042701;2.20794e-08;7.91615e-08;1.70681e-07;0.693979;0.017165;2.56087e-05
4.8237e-06;0.83663;2.97003e-08;5.47387e-07;1.72188e-07;4.56818e-05;5.89191e-07;0.160844;2.8037e-06;3.89437e-07;1.01508e-06;4.91744e-09;0.00224944;0.000221294
1.58437e-11;9.92958e-11;1;1.31547e-10;2.86651e-11;7.11278e-10;2.67866e-12;2.61356e-12;2.87974e-11;4.10178e-12;3.42666e-11;1.82805e-08;5.42805e-12;4.14178e-11
1.192e-05;0.0373083;0.0058381;0.000309086;0.000113352;0.00146201;1.88293e-07;0.225668;0.00108299;2.54496e-07;0.000356348;0.726021;0.00176799;5.99835e-05
1.08337e-06;0.98582;3.75032e-08;2.05827e-06;5.18081e-05;0.000126894;3.22959e-08;0.00363027;7.96393e-06;2.92507e-07;6.63094e-05;0.000185447;0.0101065;1.73323e-06
3.02128e-05;0.418772;6.97607e-07;7.95811e-06;0.0418193;3.60741e-05;7.20157e-07;0.00243029;6.17601e-07;3.28925e-05;1.05567e-06;0.467455;0.0628178;0.0065953
0.00172025;0.151487;4.42895e-05;0.00152091;0.000226704;0.000139557;0.00105602;0.355052;0.135669;2.09092e-05;0.0165047;0.00361379;0.332839;0.000105903
1.1724e-05;0.000750955;1.28515e-09;1.78907e-09;7.41938e-08;1.52296e-09;7.1321e-11;0.999224;8.39121e-09;6.77018e-09;8.03953e-12;2.40495e-08;1.33297e-05;1.4397e-08
1.97769e-09;2.84492e-06;1.48575e-07;8.15442e-08;2.52832e-07;2.1974e-08;3.67276e-12;8.51353e-08;1.16789e-08;9.31757e-10;2.92342e-09;0.999977;2.02069e-08;1.92966e-05
3.37499e-07;0.990833;2.75228e-11;2.98297e-07;8.01189e-09;5.34297e-09;2.00797e-07;0.000717491;2.74915e-07;1.79573e-07;1.29795e-07;3.42718e-08;0.00844837;1.81498e-09
2.90838e-06;0.00096345;3.80376e-09;1.17172e-06;0.000170726;2.65506e-07;7.98712e-08;0.00133847;4.25856e-06;2.83931e-07;2.12208e-07;0.997267;1.31412e-05;0.000237782
0.000486268;0.00129307;1.74271e-11;1.79535e-06;0.000243967;1.68109e-05;5.33439e-07;0.969032;0.00279143;1.20335e-07;1.52978e-06;6.14081e-05;0.0260714;2.61125e-08
1.24831e-05;0.997793;6.84203e-09;2.11196e-09;2.25289e-09;2.43173e-10;1.76044e-06;0.00207692;1.52021e-07;4.13213e-07;3.31559e-09;3.01952e-13;0.000114833;2.23213e-08
2.15519e-09;7.42074e-09;1;1.19948e-08;7.43199e-11;9.15837e-10;1.74023e-09;5.54125e-11;6.514e-08;2.84567e-09;9.62344e-10;6.34567e-08;1.31337e-10;1.60217e-10
3.79726e-07;1.41885e-05;0.00100703;2.90866e-06;4.40305e-08;1.67773e-06;6.69031e-10;1.60786e-05;2.06e-05;2.29889e-09;7.1846e-07;0.998916;2.1722e-06;1.86251e-05
3.37777e-06;0.346388;4.20136e-08;1.2642e-06;4.31292e-05;0.000136333;5.04365e-08;0.00131273;1.99138e-05;7.4776e-08;1.20925e-05;7.85401e-05;0.651978;2.62234e-05
2.73204e-05;0.545635;5.44723e-05;0.00020716;0.000119572;0.00865213;1.74911e-07;0.0327261;2.58697e-05;2.18887e-05;3.96487e-05;0.29345;0.10421;0.0148318
4.32748e-05;0.0242019;2.14893e-05;2.93172e-05;5.28955e-07;0.00184424;4.35711e-06;0.00247821;0.000394887;4.53636e-07;0.000981015;0.000466565;0.969526;7.74878e-06
1.56681e-06;0.993927;1.71554e-08;3.49074e-07;9.16819e-09;4.4816e-07;3.47123e-08;7.12693e-05;1.36856e-07;6.97603e-08;1.52899e-07;2.99827e-05;0.00596918;4.71774e-08
2.02978e-06;0.977029;3.8343e-09;3.86998e-05;1.42434e-05;1.83115e-06;5.07555e-08;0.0022179;1.26639e-06;8.07242e-06;2.44683e-06;0.0110953;1.66336e-05;0.00957249
5.73671e-05;7.75684e-06;2.29825e-09;8.07736e-08;2.59054e-06;4.41663e-08;7.45061e-07;0.999897;1.85906e-05;8.23699e-08;3.87334e-06;5.33702e-07;1.09942e-05;3.05296e-08
1.9214e-06;0.000400063;7.87874e-05;1.61473e-05;0.0007017;2.54482e-05;3.42541e-09;2.11896e-05;1.10812e-06;2.47096e-07;3.92146e-06;0.979524;3.39671e-05;0.019191
5.17609e-06;0.991159;5.20463e-07;6.40325e-08;8.08029e-08;7.63734e-10;1.62542e-08;3.18646e-05;2.2616e-06;1.22638e-08;4.21885e-06;0.000806657;0.00797941;1.09683e-05
8.26379e-06;0.347347;2.42722e-06;7.7359e-05;0.00896802;1.89098e-05;4.09354e-06;0.0160447;0.000143699;2.03097e-05;0.000131096;0.506054;0.00163033;0.119549
4.3779e-06;0.925233;7.4385e-07;2.89513e-06;2.78888e-05;1.06798e-05;2.9793e-06;0.00173406;8.21533e-08;9.93029e-06;1.3156e-06;0.000716487;0.000396667;0.0718589
7.00043e-06;4.19508e-05;9.23099e-07;1.13382e-05;0.000475394;7.21979e-06;6.25982e-07;0.00235022;1.14357e-06;2.4644e-07;9.35333e-05;9.84167e-05;0.996709;0.000202592
1.49962e-05;0.00610549;4.20581e-05;1.80555e-06;3.5318e-06;9.22495e-06;1.18675e-06;0.00861339;1.33453e-06;1.59223e-06;6.3252e-07;1.01688e-05;0.985132;6.28668e-05
2.49549e-10;7.02216e-09;1;1.73497e-09;5.50229e-12;7.02388e-11;6.34315e-10;1.90877e-11;2.19139e-09;1.7809e-10;6.41096e-09;5.78004e-09;1.44718e-10;2.72454e-11
5.37765e-07;0.00030659;0.000415765;2.49532e-05;2.50838e-08;2.44255e-07;3.15392e-08;0.0010353;0.000101436;2.99161e-08;0.00016481;0.997933;1.48943e-05;2.12524e-06
5.17243e-08;0.99992;3.43343e-10;2.00888e-08;2.71206e-08;1.27236e-06;2.62213e-08;2.55564e-05;1.32991e-09;8.4673e-07;7.37743e-09;2.68756e-11;1.96996e-05;3.28081e-05
1.34957e-12;5.11932e-12;0.999885;4.089e-10;2.6002e-11;1.92445e-10;6.37246e-14;8.89037e-14;3.42423e-13;1.00281e-11;3.26712e-11;0.000115485;5.54206e-12;2.4779e-09
6.15471e-07;3.56861e-05;8.9109e-05;1.67567e-06;3.28712e-05;0.000206373;1.28013e-07;0.991576;2.8622e-07;5.41781e-07;9.25097e-08;1.37119e-08;0.00802753;2.85324e-05
1.15027e-10;2.10228e-08;1.61503e-10;3.34207e-10;3.78701e-11;6.97803e-06;2.21796e-11;4.77718e-09;1.25071e-09;2.58923e-11;2.89108e-09;8.20148e-12;0.999993;1.48181e-11
2.72728e-09;3.20552e-06;0.999996;1.43577e-08;1.3708e-07;4.17887e-08;9.97688e-13;3.46877e-08;2.24616e-12;5.66219e-09;4.95833e-12;7.08412e-07;3.90563e-09;2.22823e-07
1.58321e-08;0.997523;1.89395e-09;5.49167e-07;1.11046e-07;6.70181e-07;2.21359e-08;0.00222075;1.36563e-07;2.46143e-08;1.34603e-06;1.43681e-07;0.000252317;1.1101e-06
