1.12594e-05;0.534775;1.97166e-07;4.3598e-07;4.75391e-06;5.18622e-06;3.19484e-08;0.00111907;7.71848e-07;1.26528e-07;4.51197e-06;0.000841619;0.463214;2.3071e-05
7.5377e-05;0.803107;0.000134414;0.00163506;0.000355327;2.44833e-05;2.57235e-06;0.120861;4.04465e-05;2.82578e-05;0.000734944;0.0556428;0.00305669;0.0143022
6.22109e-06;0.0642515;3.68703e-08;1.65762e-05;0.00332988;7.09049e-06;1.77538e-08;0.931681;2.54005e-07;3.50157e-07;3.17925e-07;0.000534257;7.34745e-06;0.000165095
2.44775e-05;0.0162021;0.853387;3.3013e-05;0.00331045;0.0675142;1.23042e-06;0.000569842;6.61138e-08;1.90311e-05;3.7592e-06;0.0121257;0.000235215;0.0465736
8.01037e-07;5.21949e-05;1.56621e-08;3.50915e-08;3.12589e-08;1.69101e-06;4.47045e-07;0.0249788;5.28113e-06;6.40269e-09;2.59087e-05;2.43884e-06;0.974932;1.17357e-07
8.68311e-07;0.000386197;2.24908e-05;6.28822e-06;3.34958e-06;4.48204e-06;1.02204e-07;0.000181246;1.00152e-05;5.16248e-07;2.70473e-05;0.99803;0.00130908;1.85752e-05
1.30385e-06;0.00813685;1.6881e-08;9.91869e-06;3.31259e-06;1.74933e-06;3.6474e-06;0.990402;8.61329e-05;1.36455e-06;0.000223828;0.000340132;0.000764368;2.53383e-05
3.27458e-06;0.0146805;1.78419e-07;9.45188e-06;1.06059e-06;4.69436e-07;5.07153e-07;0.964482;2.06473e-05;5.28183e-07;0.000489948;0.0184668;0.00184406;2.00713e-07
1.80328e-05;0.986018;6.7155e-09;1.75319e-06;7.31847e-05;2.11987e-07;0.000128979;4.89218e-06;1.30921e-07;8.96228e-05;2.4401e-06;1.91833e-07;6.58937e-05;0.013597
1.45607e-09;9.31632e-13;1;8.3433e-12;3.51212e-11;3.67018e-13;4.69764e-11;4.06713e-12;5.0758e-09;5.85305e-12;6.11968e-09;1.82079e-09;2.86779e-11;2.16638e-12
7.2943e-06;0.978751;1.7375e-10;4.23513e-07;6.79773e-08;1.28016e-08;0.00490679;9.8908e-07;0.00111149;9.69507e-05;0.000172651;6.86127e-08;6.02487e-06;0.014946
3.89965e-05;3.52232e-05;2.79902e-06;7.41098e-06;2.0821e-05;8.75146e-06;0.0155469;0.00152996;0.974463;3.26502e-06;0.00823439;3.89025e-08;0.000106302;2.01786e-06
5.40964e-05;0.00230254;1.576e-08;1.8799e-07;1.53408e-05;3.7633e-07;5.54888e-08;0.997167;0.000135052;7.02655e-07;2.98942e-08;7.84861e-06;0.000316458;7.25377e-07
3.88802e-08;0.00025798;3.29443e-08;2.23913e-07;1.83613e-08;7.2582e-09;6.91475e-09;1.14575e-07;2.0487e-07;1.65208e-08;2.7403e-08;0.99974;4.79144e-07;1.042e-06
5.95319e-05;0.606151;1.09694e-05;3.93864e-05;6.11639e-05;8.67152e-07;2.26441e-07;0.0322541;2.44499e-05;1.97578e-07;4.10758e-05;0.044275;0.317081;7.45e-07
2.49164e-05;0.00011706;2.64064e-09;9.82451e-07;0.245301;1.69389e-08;2.82884e-07;0.754206;2.26198e-05;9.71769e-06;7.36433e-08;3.83596e-07;3.78888e-06;0.000313985
4.7275e-05;0.000120528;0.999778;1.2184e-05;7.05523e-06;6.43327e-09;1.85131e-07;1.08069e-07;2.93439e-05;3.29246e-06;4.26841e-07;1.61181e-06;9.70859e-08;2.93795e-07
0.000332467;6.84451e-06;3.51392e-09;4.02075e-06;9.67708e-08;4.91629e-09;6.27988e-07;0.0010655;0.997404;2.30641e-07;0.00111439;7.13585e-05;3.08653e-08;2.16274e-08
