2.29707e-05;0.991834;3.18237e-08;0.000151039;3.60575e-06;7.76339e-06;6.84661e-06;0.00592965;0.00013427;1.34927e-05;0.000114839;0.00162332;5.53235e-05;0.000102765
3.05302e-08;2.26558e-07;0.999982;1.66458e-08;1.69682e-08;1.27402e-08;2.20209e-10;3.42174e-10;5.85837e-11;8.40513e-10;8.3672e-10;1.7596e-05;4.71186e-08;1.38346e-07
3.43265e-05;0.0336155;3.6168e-10;5.6991e-07;9.71587e-05;7.63237e-07;4.36285e-06;0.52094;1.16176e-05;9.66301e-08;9.34281e-07;2.90058e-06;0.445284;7.4997e-06
0.0001038;0.00226117;2.11376e-09;0.00166556;0.00224616;0.0794205;3.58726e-06;0.000607646;0.00123468;4.83177e-05;9.14778e-05;3.55439e-05;0.912156;0.00012564
0.00177655;0.0498878;0.946378;2.77673e-05;1.26009e-05;3.64035e-07;5.41439e-07;4.00819e-06;4.54421e-07;1.73926e-05;1.55913e-08;0.00184691;4.4401e-05;2.91825e-06
2.86798e-06;0.959617;4.59208e-08;3.23606e-06;6.39395e-08;2.12816e-06;3.44694e-07;0.0376297;6.92521e-05;4.85907e-08;1.25055e-05;1.95821e-06;0.00262855;3.24571e-05
1.87249e-06;0.000942346;2.83944e-09;1.76035e-08;8.67053e-08;5.01285e-08;2.0881e-09;0.998987;1.05502e-06;5.83606e-08;4.05134e-09;2.20241e-09;5.54422e-05;1.16839e-05
1.85114e-09;1.60776e-05;9.61456e-07;4.16699e-08;1.4759e-08;4.30495e-09;2.20296e-10;2.35902e-07;3.40909e-08;3.5147e-10;2.87469e-08;0.999983;8.43996e-09;4.32551e-08
4.73387e-05;0.356662;6.94705e-07;8.86376e-06;0.000185605;5.64948e-06;1.62457e-07;0.0449649;4.54086e-06;2.75504e-07;1.37462e-05;0.000120971;0.597971;1.50575e-05
3.89174e-05;0.285144;5.77977e-08;3.36437e-06;0.00246641;4.26799e-06;1.14929e-06;0.00291596;1.23751e-05;3.28137e-06;1.88888e-06;0.68624;0.0081719;0.0149971
0.000997228;0.00409483;2.4489e-06;0.000269253;3.44736e-05;1.26063e-06;0.000117962;0.0262839;0.960788;1.12635e-06;0.00629802;2.07772e-05;0.00107188;1.83485e-05
0.0910701;0.352375;2.11806e-05;1.53401e-05;4.45836e-05;1.72693e-06;4.45703e-06;0.407609;0.0461748;1.27935e-05;2.03184e-05;0.000297662;0.102284;6.79678e-05
1.96566e-07;0.000162303;2.56863e-05;2.25325e-08;1.55222e-06;1.73549e-08;7.65637e-10;6.77236e-06;4.16571e-07;1.53336e-09;7.0108e-09;0.999803;6.22893e-08;1.71642e-08
0.000196115;0.368821;5.58891e-05;4.21578e-05;0.000665796;0.000170973;1.42341e-06;0.011278;0.00111242;5.16801e-06;7.22284e-05;0.359236;0.253801;0.00454276
0.000422514;0.187063;3.86064e-06;0.000673748;0.000405635;0.000177837;0.000243688;5.40569e-05;0.00780342;0.000543451;0.000104461;0.00113434;0.799486;0.00188379
5.4644e-05;0.000286603;0.999573;1.37702e-05;6.52433e-06;2.44074e-08;2.3634e-08;2.99403e-07;2.57797e-05;3.94651e-07;8.41114e-08;3.76554e-05;2.94366e-07;1.09866e-06
0.00083561;0.000359641;2.97369e-05;8.3599e-06;1.89391e-07;7.38546e-08;4.98604e-06;0.00646594;0.991549;2.52076e-06;0.000363518;7.53757e-05;0.000305529;1.04747e-08
