2.53367e-07;0.999628;2.88475e-09;2.34256e-09;1.04234e-09;5.12993e-10;0.000271974;1.15136e-07;1.64599e-09;1.47538e-05;3.35736e-10;1.64084e-10;4.52416e-07;8.42497e-05
2.54206e-12;3.18202e-12;0.999998;9.48204e-11;3.71964e-10;1.1301e-10;2.72461e-11;6.06906e-13;1.2671e-10;2.65979e-11;1.02333e-10;1.63673e-06;7.91514e-16;1.59905e-11
9.51259e-08;0.995306;2.87933e-12;1.1074e-08;5.40224e-08;5.95729e-08;5.45618e-05;0.000230387;4.87582e-08;1.07217e-06;2.21777e-08;4.36143e-13;0.00440499;2.4341e-06
3.54684e-13;4.45972e-13;1;1.17955e-11;8.07557e-11;1.16236e-11;2.00951e-11;4.72782e-13;2.05975e-12;3.20522e-11;1.56063e-12;2.98463e-08;6.89813e-16;3.80935e-11
1.34397e-06;0.99125;9.88147e-07;3.5306e-05;9.24019e-07;6.48616e-07;4.94057e-05;6.42435e-05;2.24548e-05;5.69416e-08;6.7636e-05;0.000466432;0.00802077;1.92929e-05
5.57127e-06;0.584049;1.92041e-09;1.43401e-05;7.48077e-06;6.64464e-08;2.81391e-06;0.415854;2.86379e-05;6.63668e-07;3.51388e-06;2.02965e-06;2.18432e-05;9.70132e-06
5.30814e-05;0.957564;0.0103151;0.000388372;3.09795e-05;3.74584e-05;6.56139e-06;5.13578e-06;8.83908e-07;6.91318e-05;2.5219e-05;0.0125338;0.0187611;0.000208979
0.0106832;0.121277;4.61632e-05;4.1431e-06;0.000335243;2.31682e-05;0.000104951;0.839246;0.00484262;2.35078e-05;0.000528894;0.00634485;0.00468527;0.011855
0.000184811;0.646814;4.28702e-05;0.000130159;0.000522121;0.000567613;4.21826e-05;0.0986986;0.00167159;1.90586e-05;0.000153864;0.243611;0.00294749;0.00459408
0.000380243;0.256422;2.22564e-05;4.40562e-06;9.22178e-06;4.77428e-07;1.56531e-05;0.239838;0.00144949;1.48154e-06;0.00232873;0.481554;0.0179733;1.98429e-07
0.000129077;0.774195;4.66534e-08;0.000727713;0.0016436;2.34503e-05;8.38035e-07;0.065867;0.00417194;5.96403e-05;0.000213924;0.146411;0.00446571;0.00209206
0.0219149;0.0210659;1.52511e-06;0.000331311;5.48678e-05;9.61232e-06;1.68388e-05;0.0106229;0.88181;5.84149e-05;0.00906286;0.00911651;0.0458485;8.55458e-05
9.95122e-06;0.0054015;6.92096e-10;5.29821e-08;1.34241e-05;5.23778e-06;1.87853e-07;0.992434;5.00715e-05;2.02652e-06;4.81526e-07;2.42714e-08;0.00208267;3.88123e-07
7.40116e-10;2.89145e-11;1;1.14307e-09;1.45191e-10;1.13915e-11;1.72352e-10;5.58896e-12;2.65321e-08;3.80108e-09;3.96331e-10;1.39533e-08;5.96826e-13;3.03236e-10
5.72223e-05;0.000158303;0.000261135;0.000214658;5.55621e-05;4.02505e-06;1.97085e-06;0.001668;0.00404349;7.17642e-07;0.000905213;0.99257;3.36783e-05;2.6405e-05
0.000274539;0.406139;8.79319e-06;1.10705e-06;9.19302e-05;4.69986e-06;6.14419e-07;0.588909;0.00102113;1.16449e-06;1.89564e-05;6.93572e-06;0.00351471;7.85171e-06
4.78692e-05;0.271581;1.01862e-07;1.61165e-05;0.0011771;7.97033e-05;3.99881e-09;0.00106303;2.38758e-05;2.97554e-06;2.40833e-06;0.707189;0.00085771;0.0179589
1.35849e-07;1.16595e-07;2.50342e-12;2.18287e-11;1.42409e-08;2.5975e-09;2.33005e-09;0.999999;2.26172e-07;1.4715e-09;1.17123e-11;7.38915e-17;4.42626e-07;4.42096e-10
1.20817e-13;1.71991e-13;1;3.05192e-12;2.54459e-12;7.59597e-13;3.79867e-14;8.24493e-17;4.98112e-13;3.22115e-13;1.06139e-14;1.7147e-10;1.45339e-15;3.35212e-12
1.19789e-06;0.000177064;0.000751824;2.90689e-06;0.000144392;1.34314e-05;1.70685e-09;0.0108953;4.65425e-06;1.50565e-08;5.01878e-08;0.984855;1.82183e-05;0.00313553
1.23971e-06;0.995712;4.5726e-08;1.17966e-07;1.54125e-07;9.24523e-07;9.98648e-07;4.42463e-07;5.48046e-07;1.35728e-07;2.77098e-06;3.10057e-05;0.00424986;3.03634e-07
2.94023e-06;0.118015;0.000233396;1.63534e-08;1.24919e-07;1.54708e-07;1.23855e-08;0.000282762;9.43276e-07;5.25478e-08;1.55356e-07;0.881423;4.19877e-05;1.92078e-07
3.51506e-09;0.999941;2.86686e-12;2.28136e-08;6.02896e-07;3.14849e-08;1.10985e-08;1.87883e-07;4.42673e-09;6.11676e-08;1.63454e-10;3.74408e-09;1.50676e-07;5.79383e-05
7.92519e-08;2.12406e-05;0.998975;1.69935e-08;1.16296e-08;1.16858e-08;1.66059e-10;0.000619815;2.3571e-10;1.66457e-10;1.44304e-10;9.25878e-07;0.000382919;3.49756e-07
1.89863e-09;1.46526e-08;1.97797e-12;6.74145e-11;7.69703e-11;1.29258e-11;1.73125e-11;0.999998;5.47426e-10;9.09379e-12;1.32095e-11;7.63749e-13;2.05313e-06;1.04881e-11
6.73262e-07;0.000235822;2.03975e-06;3.57468e-05;0.00013529;9.77053e-07;1.91178e-06;0.0609722;0.000132075;1.5611e-07;5.10991e-06;0.938417;1.73212e-05;4.37172e-05
2.49034e-05;0.999639;1.08545e-05;5.08418e-05;1.5506e-06;3.53916e-08;8e-06;1.01917e-05;2.57848e-07;1.29227e-07;7.16671e-05;4.99638e-06;0.000160177;1.74946e-05
1.66161e-06;0.000805111;4.01699e-07;5.34668e-08;1.14527e-06;2.29626e-09;9.23371e-10;2.92307e-05;4.98745e-08;2.35315e-10;5.54434e-07;0.998627;0.000532758;1.90011e-06
1.08717e-06;0.59265;2.81278e-07;2.52786e-05;0.000142101;2.32623e-06;2.78623e-09;3.89878e-05;1.7565e-08;7.33468e-08;1.31948e-07;0.0186698;0.00545022;0.383019
1.47831e-05;0.000251556;0.000229322;1.52062e-05;0.00076654;3.15019e-05;1.76412e-08;0.99634;7.76122e-07;2.44143e-07;7.43031e-06;0.000435189;0.00187763;2.97563e-05
9.13661e-09;7.66943e-06;1.82081e-07;1.91683e-08;9.16563e-11;6.21226e-06;3.45806e-10;2.17351e-08;1.00116e-08;1.45892e-09;9.53882e-08;5.15983e-09;0.999986;3.58148e-10
1.96947e-09;3.7592e-08;0.999864;2.85343e-09;8.0806e-09;6.56309e-10;8.82995e-12;5.91598e-08;1.142e-11;1.57562e-09;3.39612e-11;0.000136071;3.50142e-10;2.38324e-08
1.0397e-07;0.99034;4.61609e-08;5.83859e-06;2.05353e-07;3.71944e-06;9.57902e-07;0.00856235;8.4409e-06;3.17373e-07;4.90528e-05;6.89021e-07;0.0010157;1.27128e-05
