2.61872e-06;0.979133;1.20459e-05;9.04327e-07;2.39044e-07;8.86096e-07;8.97685e-08;1.17903e-07;1.3866e-09;5.94956e-07;1.13688e-07;4.85866e-05;0.0208005;4.039e-07
1.09895e-07;7.41766e-05;3.64452e-07;3.91841e-08;1.87808e-07;1.10866e-08;1.87844e-09;5.48023e-07;6.79762e-08;4.3641e-10;1.50103e-06;0.999911;6.90853e-06;4.83471e-06
1.35963e-07;0.999005;5.9647e-08;2.35413e-08;6.675e-07;2.36771e-08;1.13602e-08;1.65908e-06;6.8611e-10;1.99535e-09;2.20148e-09;0.000535814;0.000457132;3.8796e-09
2.65709e-07;1.93077e-06;4.7025e-11;2.5245e-07;3.3804e-07;0.000529107;7.87294e-09;7.80545e-06;5.91944e-07;2.62285e-08;5.11212e-07;3.99564e-07;0.999458;1.90705e-07
2.95633e-07;1.05294e-05;0.999683;1.3844e-08;1.91222e-08;1.20462e-08;1.84234e-11;3.46583e-08;2.41545e-10;1.99278e-09;4.64753e-12;0.000306052;1.62478e-07;5.27718e-08
1.46327e-07;0.999366;3.06522e-08;9.00376e-08;3.58643e-09;5.34193e-08;7.1384e-08;4.30886e-05;5.63492e-07;2.35331e-09;2.17261e-07;3.50175e-07;0.000588825;2.79756e-07
1.00912e-06;0.995669;2.44157e-10;1.74802e-06;1.0302e-07;2.39798e-07;5.20293e-06;0.000519809;1.19238e-06;9.11089e-07;1.06596e-06;1.10463e-07;0.00369132;0.000108193
2.98063e-07;0.996035;6.85994e-06;1.31814e-07;6.08677e-08;3.85918e-08;1.54345e-06;0.00335362;3.69535e-08;9.75532e-07;9.14193e-08;0.000587603;1.16129e-05;2.25446e-06
3.80738e-08;0.00331186;1.64341e-06;4.89274e-05;0.00142702;0.00163456;8.74443e-06;0.98101;5.48287e-08;7.93646e-05;7.26537e-07;0.000112031;0.000236666;0.0121287
2.48204e-12;9.61464e-10;1;1.81374e-10;2.74973e-13;2.24755e-12;9.39056e-10;2.00373e-12;1.32376e-11;3.39773e-11;7.1526e-10;9.63478e-13;2.66464e-10;3.13916e-13
5.37255e-07;0.000754508;0.879305;4.52355e-06;7.1931e-07;3.81351e-07;6.21645e-07;0.000201845;3.18653e-06;4.19353e-07;2.59513e-06;0.119719;2.15111e-06;4.41316e-06
3.85036e-06;0.0137514;9.93154e-07;6.31929e-07;0.0148419;0.0304552;1.65264e-08;0.000392373;6.03635e-08;3.19464e-06;1.0118e-08;0.000275222;0.000765601;0.939509
7.7043e-05;0.0460568;2.48535e-06;1.50582e-06;0.541141;0.000872922;4.5103e-09;0.0321783;2.14142e-06;9.41968e-08;1.30895e-07;0.346441;0.0296299;0.00359631
1.4817e-06;0.00117964;3.68286e-07;1.0389e-07;1.04013e-05;5.33529e-07;1.64799e-07;0.998416;1.90494e-07;9.58606e-07;3.30899e-10;1.3529e-09;0.000389514;6.66048e-07
6.99472e-11;1.33918e-09;1;3.3678e-09;1.69942e-09;6.38941e-10;1.43174e-11;6.57689e-10;3.54299e-10;1.58104e-10;1.52957e-11;6.47352e-08;6.35258e-10;3.34619e-11
3.43834e-08;4.1958e-07;0.00178571;3.1985e-07;6.97285e-07;7.38594e-08;1.29058e-10;0.00235014;2.06495e-07;8.93496e-10;1.43731e-08;0.995862;1.30268e-07;9.53041e-08
3.83803e-07;0.989245;2.5017e-05;1.96834e-07;2.78142e-06;8.83318e-06;7.43157e-09;0.000330246;2.48595e-08;1.97166e-08;3.22973e-07;9.81891e-06;0.0103764;1.60916e-06
1.36068e-07;0.904214;7.5843e-08;1.20377e-05;0.00196432;0.00146903;7.98751e-05;0.00451109;2.03982e-08;0.00107883;9.38702e-08;2.90599e-06;7.88171e-05;0.0865887
2.19354e-11;2.62406e-10;1;1.03749e-09;8.35266e-10;8.16886e-10;4.28492e-12;1.3645e-12;6.69791e-12;1.76747e-11;8.80575e-11;1.01825e-07;1.86896e-10;4.95784e-11
3.60759e-05;0.0961721;5.79731e-06;3.01888e-05;4.56163e-06;2.9605e-05;2.95255e-06;0.028533;2.65493e-05;2.25481e-06;9.24513e-05;0.00611532;0.868946;3.45274e-06
1.10745e-05;0.204426;2.80052e-06;4.08785e-05;0.000820206;4.67639e-05;1.24393e-06;0.707296;1.08403e-06;4.07475e-05;2.30324e-06;0.0132191;0.059947;0.0141454
3.80418e-07;0.665067;1.85691e-10;1.74805e-06;6.60177e-05;3.71913e-05;2.51108e-06;0.324856;7.95435e-10;3.61369e-05;1.33231e-08;2.41316e-06;0.000668143;0.00926284
1.28487e-11;4.24712e-12;1;1.45219e-09;2.84259e-10;5.30896e-11;5.62424e-11;1.91134e-11;2.3241e-12;1.45954e-10;3.50993e-11;1.82204e-08;3.52102e-12;3.87602e-10
0.000860684;0.0411129;0.000413958;0.0543582;0.000234572;0.000105334;0.00458361;0.000403695;0.0508809;0.000595732;0.10721;0.688149;0.00290861;0.0481835
9.39184e-08;0.000559939;3.6792e-10;1.90142e-09;1.98054e-05;1.45586e-08;4.21271e-10;0.999419;5.03022e-07;4.83413e-09;5.98814e-09;9.52617e-09;1.48084e-07;7.68965e-08
4.0597e-09;7.97925e-05;0.999565;6.39539e-09;2.60754e-05;6.55779e-06;7.76796e-11;2.28787e-07;1.39529e-11;1.43426e-08;4.89928e-10;0.000299438;7.34997e-07;2.18219e-05
4.01062e-07;0.0075461;1.05683e-07;2.67043e-08;7.1303e-05;2.19661e-06;1.70268e-09;0.948094;6.2271e-08;8.96497e-10;1.23573e-07;0.000134649;0.0441503;4.24617e-07
1.49621e-08;0.0030133;2.86144e-09;1.30314e-08;1.48513e-08;6.96133e-08;2.5173e-10;3.88342e-05;1.89224e-08;1.64239e-09;7.87438e-10;4.88982e-06;0.996943;8.8152e-08
3.84853e-07;0.0030046;1.62739e-08;0.000261023;3.21055e-05;7.17038e-05;3.37676e-10;0.000101945;3.70464e-08;4.16649e-07;2.59844e-07;0.993887;0.000191476;0.00244878
0.00187126;0.245559;0.000102155;0.000118604;1.61669e-06;3.76554e-07;0.00363735;0.0101621;0.000242392;1.19997e-05;0.040044;0.0072217;0.691026;1.762e-06
3.72338e-06;0.447465;3.4873e-08;7.9884e-06;0.000217498;0.000210707;2.79378e-05;0.515761;4.01701e-08;8.95381e-05;5.86999e-07;1.67314e-05;0.0352995;0.000900447
6.72387e-13;2.63752e-14;1;9.59112e-12;4.06185e-12;5.35746e-13;2.76398e-13;4.02827e-13;9.69889e-14;6.9865e-13;3.90947e-13;4.38325e-09;8.61803e-14;2.72324e-11
0.000150274;0.012823;0.00519045;0.00457441;4.13515e-05;8.99288e-05;0.000331726;0.00488992;0.00927374;3.10612e-05;0.0140964;0.919821;0.00528063;0.0234059
1.26588e-07;0.00106507;1.79879e-10;1.31215e-09;3.50764e-05;7.69928e-08;9.32046e-10;0.998896;2.76467e-07;8.26736e-09;4.35409e-09;6.73586e-09;7.14418e-07;2.61842e-06
1.50448e-10;9.5414e-08;0.999701;1.18928e-09;9.89287e-06;2.74105e-06;1.71246e-12;1.46093e-08;1.76793e-12;4.67663e-10;1.73778e-10;0.000281309;8.04922e-09;4.57221e-06
7.16929e-08;0.00517344;1.93955e-09;3.49837e-09;2.53873e-05;2.07919e-06;2.91282e-10;0.976774;7.98837e-09;2.88244e-10;1.90155e-08;9.9804e-07;0.0180241;3.17052e-08
1.93252e-07;0.9871;2.51013e-10;1.97939e-06;2.98728e-06;1.52494e-07;2.00118e-09;4.98705e-05;6.73761e-08;2.35482e-08;4.14141e-07;0.00476153;0.00807402;8.83038e-06
1.04202e-07;0.187935;8.97407e-12;7.3647e-07;0.000758575;5.63856e-07;4.65272e-09;0.811265;4.58008e-09;4.86341e-07;1.80669e-08;8.93693e-06;2.10026e-05;8.68118e-06
1.33209e-05;0.0061888;0.603973;0.000547237;0.00173896;2.83359e-05;1.02522e-06;2.93287e-05;4.19651e-10;0.000135968;4.25445e-06;0.386689;0.000567654;8.29114e-05
0.000243157;0.000570225;1.82717e-07;1.08106e-05;2.62704e-07;8.00428e-08;0.00356775;0.000650107;0.0144033;4.24343e-07;0.977684;0.00030051;0.00256944;2.97677e-08
0.000239383;0.9988;0.00035284;2.62511e-06;1.28176e-05;2.83824e-07;4.1706e-07;0.000115145;4.10172e-06;1.85569e-07;1.06681e-06;8.21668e-06;0.000459459;3.61395e-06
0.000385767;0.91101;1.05922e-06;2.15816e-07;0.000220458;3.57092e-06;1.97653e-07;0.0568693;0.000108707;1.4277e-06;2.96421e-07;0.000243793;0.0311074;4.82963e-05
5.56565e-05;0.00202577;1.9076e-07;0.000739064;0.0032785;0.00482084;6.10683e-06;0.000295779;0.0191916;7.10395e-05;0.000495223;0.940134;0.00421267;0.0246737
0.0138086;0.957215;4.57705e-06;2.72926e-06;4.20645e-07;4.01865e-08;0.00224492;0.00516954;0.00875955;9.26112e-06;0.000367333;0.0109977;0.00142079;3.92125e-08
8.39892e-06;0.009713;0.00019467;9.40059e-05;4.35319e-05;1.88655e-05;4.43292e-06;0.000329025;0.00123205;6.50042e-06;0.000233222;0.985464;5.96747e-05;0.0025984
4.71736e-05;0.976877;9.6195e-08;4.21107e-05;2.30701e-05;1.27696e-06;2.96474e-06;0.00256519;0.000300587;3.48397e-06;0.000359973;0.00373744;0.0146185;0.00142121
5.30322e-06;0.0030991;1.0185e-10;4.12195e-06;0.00629621;4.49781e-07;9.54978e-06;0.990268;8.48836e-05;1.91116e-05;5.67026e-06;2.3432e-05;0.000181939;1.92016e-06
2.74633e-05;0.000302992;0.999628;2.00238e-05;2.86156e-06;4.32765e-08;2.69533e-07;9.47806e-07;6.93035e-07;3.76e-06;1.98868e-06;6.97123e-06;1.41004e-06;2.48611e-06
0.000668454;0.00118196;1.24236e-08;5.219e-07;1.29785e-06;2.52225e-07;0.000239133;0.997685;0.000143395;7.8049e-06;2.32956e-05;1.68221e-07;3.25265e-05;1.57139e-05
3.90829e-09;1.56814e-09;1;1.93299e-09;2.53465e-10;2.27981e-10;3.64463e-09;3.49376e-10;7.72202e-08;9.4029e-10;7.81023e-09;1.53102e-08;1.36021e-09;2.76184e-10
1.78913e-07;3.4174e-07;0.999798;2.19034e-08;2.6741e-08;1.67867e-09;1.07789e-09;0.000182945;1.72756e-07;5.73689e-10;1.23093e-09;1.8235e-05;3.45175e-09;1.25311e-07
2.39472e-08;6.36673e-06;1.60976e-06;1.24621e-08;1.53135e-06;1.47365e-05;1.32247e-10;4.24762e-08;1.90207e-09;8.46767e-08;6.02842e-11;5.06716e-05;2.89188e-07;0.999925
1.35723e-06;4.28715e-05;8.64522e-11;3.53632e-08;6.29941e-07;2.71702e-06;3.8184e-08;0.992419;2.86022e-05;1.63768e-09;6.50705e-06;1.78812e-06;0.00749593;5.62286e-08
1.44705e-07;0.999821;5.98671e-07;6.99636e-08;6.12997e-08;1.00302e-08;2.48682e-11;0.000125876;6.26426e-11;4.92056e-09;1.74436e-11;1.0923e-08;5.23447e-05;1.03816e-07
3.7121e-06;0.723268;1.83082e-09;0.000401659;0.000310802;4.83312e-06;1.32192e-06;0.0322258;1.02326e-06;8.6037e-06;1.29358e-05;0.0847926;0.158953;1.58058e-05
1.02171e-05;0.952155;2.4351e-06;0.000609149;0.00350337;5.77323e-05;3.37649e-06;0.00114248;2.38688e-06;6.41772e-05;8.8101e-05;0.0234975;0.0129044;0.00595943
0.000110025;0.709646;1.80533e-06;0.00342574;0.000173136;1.13603e-05;0.000235542;0.141715;0.00152987;0.000107554;0.0340596;0.0624425;0.0465043;3.74496e-05
1.52406e-06;0.00048175;1.0038e-06;6.84311e-06;0.000398243;0.000206282;4.41056e-06;0.997769;1.86491e-06;3.69119e-05;2.77066e-05;4.19117e-05;0.000854407;0.000167922
3.47413e-05;0.00795789;3.29529e-07;7.92347e-06;1.57248e-05;2.5013e-07;3.32837e-06;0.809331;1.77118e-05;7.53342e-07;0.000278088;9.95278e-05;0.182252;1.26069e-06
1.40308e-06;0.999795;9.31191e-06;3.75584e-07;1.62591e-07;2.0498e-08;7.52499e-07;9.51197e-05;1.55579e-08;2.84551e-07;1.40275e-07;7.69684e-09;9.69179e-05;5.43622e-07
1.04871e-10;1.73819e-08;1;2.09417e-09;4.10856e-11;1.77211e-11;1.17548e-09;3.3539e-11;3.52966e-10;3.99574e-10;4.31182e-09;1.26935e-08;3.37762e-11;6.15555e-12
1.11785e-08;4.43678e-06;0.00259213;1.92171e-06;3.10612e-08;5.72882e-08;2.50172e-10;2.10839e-05;3.50517e-07;2.80397e-09;1.26984e-06;0.997363;1.54259e-09;1.56452e-05
2.13721e-06;0.959003;2.17445e-05;4.63544e-06;3.6778e-06;9.93218e-05;6.45485e-07;2.2812e-05;1.55697e-06;4.07651e-06;0.000205767;2.24863e-05;0.0404528;0.000155208
1.01999e-07;0.0177339;3.26118e-07;1.01586e-07;1.11457e-05;5.6332e-06;3.46789e-10;0.000787208;2.47944e-09;4.72797e-09;2.21891e-07;0.981348;6.93751e-05;4.39425e-05
2.17789e-06;0.0138507;3.25899e-05;9.375e-06;0.0339732;0.0128238;1.0579e-07;0.774235;1.0505e-06;3.27976e-07;8.02103e-06;8.20245e-05;0.119609;0.0453723
4.67808e-06;0.0413298;1.15092e-05;5.0049e-07;1.95767e-05;0.00109335;9.17994e-06;0.109735;3.79128e-08;6.12855e-06;8.79024e-08;2.94092e-08;0.847646;0.000143916
1.02683e-11;3.27375e-09;1;2.0564e-10;2.79792e-11;2.91694e-10;3.2907e-12;2.47834e-11;3.97995e-12;7.42572e-12;1.29398e-11;3.66985e-10;1.10345e-09;2.34781e-11
2.34307e-08;2.40763e-06;0.000281362;2.42098e-07;2.05569e-07;9.91387e-08;3.7315e-10;0.00010675;5.52996e-08;3.66605e-10;8.00723e-08;0.999598;1.03275e-05;5.77087e-08
5.76424e-06;0.652618;0.000657372;5.74611e-06;0.00033638;0.000637715;9.39142e-08;0.0106631;1.437e-07;5.83671e-07;2.08832e-05;0.00411824;0.328954;0.00198215
7.53395e-08;0.346716;4.487e-08;2.09837e-05;0.00696012;0.0431845;6.96764e-05;0.000475324;6.47531e-09;0.00321563;1.62292e-06;7.58332e-06;5.78497e-05;0.599291
1.65497e-13;2.03266e-12;1;3.99401e-12;1.66732e-12;5.51983e-11;1.61644e-13;1.7317e-14;1.43318e-14;3.26917e-13;1.36273e-12;3.54094e-09;1.47882e-09;5.25335e-15
1.69545e-05;0.598083;3.2005e-05;0.000175621;3.88085e-05;5.62209e-05;5.55739e-05;0.0340908;0.000409573;1.94234e-05;0.000684644;0.0178086;0.348527;1.68306e-06
1.18742e-07;0.999531;6.90011e-05;6.26426e-06;2.87781e-06;3.8496e-06;8.2183e-09;0.000204886;1.68494e-09;3.6879e-07;6.1995e-09;1.40591e-05;6.17947e-06;0.000161336
3.4392e-07;3.59476e-05;6.6832e-13;1.43414e-07;7.58509e-07;8.33225e-08;4.00874e-08;0.999899;2.33722e-07;1.99177e-08;8.40574e-08;7.30684e-08;6.29111e-05;2.24964e-08
1.81915e-05;0.0363728;0.00262622;0.000244346;0.013316;0.00027268;1.68648e-07;0.0169412;4.70213e-07;1.88159e-05;2.50194e-06;0.878619;0.00657833;0.0449894
3.59982e-07;0.993926;6.84306e-11;1.26377e-07;3.91243e-09;6.66928e-10;0.00588468;0.000153306;4.81753e-07;2.52185e-05;2.02052e-06;2.31705e-09;2.02811e-06;5.88885e-06
4.05033e-13;3.07022e-13;1;7.89112e-12;1.25773e-12;4.45745e-13;2.10639e-12;3.88146e-14;2.95151e-13;8.18752e-13;8.76956e-12;7.61907e-10;1.4921e-14;1.5024e-13
0.000333617;0.508671;9.53491e-06;0.000617452;0.000225834;0.000358107;0.000536152;0.156578;0.044389;5.94137e-06;0.208178;0.0278349;0.0520551;0.00020704
1.12219e-06;0.998862;1.03617e-06;2.84403e-08;6.94614e-08;4.83406e-09;1.59585e-06;1.30104e-06;1.12238e-09;4.5488e-07;3.13712e-08;0.000840802;0.000290269;9.19319e-07
1.08733e-07;3.01567e-05;1.93939e-07;5.87378e-06;2.6677e-05;2.38214e-06;1.89124e-08;1.12223e-05;4.41464e-07;1.18744e-08;1.97243e-05;0.999437;0.000448501;1.72706e-05
4.28568e-07;0.995625;7.03825e-10;3.91735e-07;7.65736e-07;5.00451e-06;1.02825e-07;0.00330747;1.54542e-08;3.88522e-08;4.45535e-07;8.74501e-06;0.000878546;0.000173154
8.20879e-06;0.00362411;2.46284e-07;9.83814e-06;2.68561e-08;1.16089e-07;5.73065e-06;0.00717556;3.98011e-05;2.15333e-07;0.00277677;1.62709e-05;0.986343;2.48689e-07
4.48938e-05;0.00274646;7.14351e-06;3.15665e-07;9.90067e-06;3.84608e-07;3.47662e-08;0.993583;6.90459e-07;3.86616e-07;6.80251e-07;0.00336417;0.000202677;3.90416e-05
8.66306e-07;0.411606;0.000272158;3.49996e-06;0.00106101;0.000229662;1.91255e-07;0.0371844;9.72527e-07;1.51766e-06;8.38228e-06;0.433067;0.058504;0.0580601
1.80535e-08;0.00428036;1.25856e-08;7.07479e-07;1.44476e-07;2.96794e-07;5.74119e-08;0.000123723;2.45317e-08;5.9923e-08;1.73607e-06;5.16421e-05;0.99554;7.88252e-07
5.5687e-06;0.999;2.08516e-10;1.20159e-07;1.85328e-08;9.39049e-08;6.06853e-07;2.15888e-05;1.69936e-07;4.11994e-08;4.68514e-07;0.000232413;0.000739165;1.64542e-08
6.73581e-05;0.0668643;1.16943e-08;0.000273914;9.6915e-05;0.000133292;1.92166e-06;0.00508425;1.08671e-05;7.37146e-06;4.55852e-05;0.901179;0.0238094;0.00242589
0.000106993;0.553973;0.00132318;0.000856783;0.00270675;8.28004e-05;4.4191e-05;0.0518872;1.29935e-05;0.000124257;0.000400712;0.366765;0.0176005;0.00411582
0.000238859;0.0142361;1.27036e-05;0.00421049;1.34096e-05;8.75514e-06;0.00306574;0.000395871;0.00715973;4.52814e-05;0.33271;0.00152919;0.636286;8.7285e-05
2.13795e-05;0.00124625;1.07831e-08;3.45687e-09;9.41933e-09;2.51506e-10;3.29187e-08;0.998714;6.9071e-07;2.65481e-09;1.52313e-07;5.7229e-07;1.73359e-05;2.06168e-10
1.94435e-09;5.57036e-06;2.70795e-07;2.35345e-09;1.14634e-07;5.80931e-10;2.24002e-12;1.17478e-05;4.24369e-10;4.79182e-11;1.85437e-10;0.999982;1.79884e-07;5.49421e-07
3.63198e-05;0.755842;1.17586e-05;1.14032e-05;0.000118051;9.54615e-05;0.00221027;0.0730788;0.000670981;0.000174427;0.00014935;5.00836e-10;0.16728;0.000321231
3.83818e-10;1.86697e-11;1;9.73385e-10;1.23907e-10;1.26147e-11;1.48336e-09;1.56365e-12;1.16133e-07;9.85626e-10;3.39496e-09;5.7614e-09;6.61164e-11;1.3901e-09
1.27391e-06;2.45305e-08;0.995382;2.19003e-07;9.4106e-07;4.46783e-08;9.01741e-09;0.00460016;6.30229e-06;1.87536e-08;9.98122e-09;7.83924e-06;5.73367e-09;1.40458e-06
6.57598e-05;0.000720455;0.000787455;2.64893e-06;7.46983e-05;0.000171383;1.89735e-08;0.00199135;2.78716e-05;5.13727e-06;6.61993e-08;0.0450179;5.02761e-05;0.951085
2.52852e-07;3.532e-06;2.93918e-11;2.05676e-09;6.1051e-07;4.33097e-08;6.81489e-11;0.99856;1.22701e-06;1.21728e-10;5.01905e-08;2.94346e-07;0.00143405;5.19401e-09
1.38468e-07;0.988443;3.83272e-07;7.153e-08;3.76985e-08;4.44045e-08;1.74956e-10;0.00141296;3.69981e-09;2.32997e-08;1.58076e-10;4.12788e-11;0.010143;2.69991e-09
1.02445e-11;5.04683e-10;1;1.61332e-10;4.20519e-13;7.10596e-13;6.66431e-12;2.07955e-12;6.98962e-12;4.53339e-11;3.40828e-12;5.65235e-10;9.71744e-12;5.54066e-13
8.83654e-09;3.80032e-07;0.000135254;1.20392e-07;4.6811e-09;3.57249e-09;1.52042e-10;1.4812e-06;5.73644e-07;5.24126e-10;2.73694e-08;0.999858;1.36565e-10;4.42864e-06
3.16368e-07;0.0392472;9.80121e-09;2.08949e-09;4.00778e-05;2.96991e-07;1.62157e-11;0.960576;4.09811e-08;1.609e-09;1.36657e-09;1.91882e-07;4.32557e-06;0.000131606
1.01611e-07;0.00567914;0.00146001;2.70207e-09;0.000240925;1.58056e-06;7.33e-11;0.000650965;1.25944e-09;1.77639e-09;1.47071e-09;0.991644;0.000116187;0.000206765
1.04742e-10;0.997466;3.15755e-14;5.28709e-11;3.02018e-08;3.54654e-09;2.23735e-11;0.000293553;3.84199e-12;4.84027e-10;5.74864e-13;4.25719e-11;3.72265e-08;0.00224025
1.09098e-05;0.0281999;9.23664e-05;1.04403e-05;0.000239782;0.000460859;1.69958e-05;0.967226;1.33999e-05;4.12214e-07;1.05914e-05;0.000487349;0.00231257;0.000918449
7.59197e-09;0.999671;1.43419e-12;6.63074e-11;6.61244e-11;1.00416e-09;4.25486e-11;4.90436e-07;6.78939e-12;1.39299e-11;1.42239e-11;2.12494e-07;0.00032847;9.79566e-13
3.58713e-07;0.0144429;2.65822e-10;3.59054e-06;1.11129e-05;3.44455e-05;5.8801e-09;0.00118699;2.01029e-08;3.04085e-07;1.07328e-07;0.984259;2.73017e-05;3.37607e-05
9.73008e-05;0.267175;9.08019e-07;0.000188055;0.0864384;0.000648093;1.41492e-05;0.618173;1.67081e-05;1.7125e-05;7.67334e-05;0.00028939;0.0202485;0.00661682
0.00648723;0.147802;0.000449724;0.0104475;0.000236209;9.60697e-06;0.0118884;0.0125599;0.193765;0.000270554;0.158234;0.156421;0.301321;0.000108082
3.55878e-05;0.00243146;4.70991e-07;1.04261e-07;6.72849e-07;1.44963e-08;4.71938e-08;0.997481;2.85158e-06;1.58467e-07;2.25358e-07;8.50192e-07;4.6772e-05;1.03084e-07
1.87709e-05;0.550763;0.000125074;1.15509e-05;0.00245813;0.000169934;0.000167975;0.218227;5.51711e-05;0.000182603;7.83991e-05;0.207494;0.000699771;0.0195488
3.66212e-10;1.723e-07;1;1.26616e-10;2.30349e-12;1.84614e-11;2.84116e-08;1.07779e-10;6.03378e-09;2.37231e-10;8.58922e-09;1.09376e-11;2.34247e-08;2.25168e-12
6.74612e-07;4.06245e-05;0.00752674;9.31507e-08;8.06702e-08;6.52155e-08;2.71098e-09;8.22308e-06;2.67515e-05;1.86379e-08;2.13362e-07;0.992372;4.86588e-06;1.96391e-05
4.32821e-06;0.950497;2.29292e-06;1.27702e-07;0.000809417;0.000149871;4.32897e-08;0.00480297;1.61385e-06;1.06609e-06;1.16997e-08;0.000210296;0.0423064;0.001215
3.20843e-06;0.143941;5.55565e-09;1.42383e-07;0.00344075;3.66578e-07;4.56739e-08;0.00278241;2.92855e-07;7.43727e-08;3.10725e-08;0.849371;0.000426138;3.54891e-05
8.9805e-05;0.130066;2.0098e-12;3.34555e-05;0.00108694;1.92542e-06;3.2082e-09;0.867763;0.000219014;3.86428e-08;2.8653e-07;0.000598256;5.85563e-05;8.24916e-05
2.16976e-06;0.999913;2.21578e-06;3.86665e-07;3.49984e-08;3.12608e-10;7.91617e-12;8.19643e-05;3.02728e-10;8.00332e-10;1.66163e-11;3.85942e-07;1.20427e-07;1.00966e-07
4.33852e-06;0.999688;4.84495e-10;9.75619e-07;3.22947e-08;1.7894e-08;4.26865e-06;0.000280677;6.76724e-09;3.24466e-06;6.19916e-10;1.58487e-08;1.02431e-06;1.705e-05
7.24817e-09;2.23186e-10;0.999999;3.22032e-10;1.39198e-09;1.9085e-11;2.80969e-08;1.0689e-07;2.50859e-09;1.07368e-09;1.96852e-09;5.61485e-07;5.40205e-14;2.61377e-10
1.27762e-06;0.691474;0.00018442;3.87619e-07;7.74005e-06;2.76071e-07;7.50235e-08;4.31693e-06;1.71603e-08;1.89467e-08;1.24171e-07;7.67823e-05;0.308251;8.74602e-09
2.53333e-06;0.977243;2.84598e-08;1.35642e-07;1.33949e-05;1.7368e-06;4.72925e-05;0.0133272;5.49085e-08;1.4568e-05;5.71447e-08;7.31571e-06;0.000245117;0.00909773
2.06381e-11;1.07547e-09;1;2.01891e-09;6.33098e-08;2.74169e-08;7.05432e-11;9.85453e-11;3.55422e-11;1.24316e-10;8.01201e-11;5.27672e-08;1.77468e-11;6.01123e-09
2.95002e-07;7.80184e-06;2.61889e-10;2.71094e-07;5.59596e-07;0.00113276;5.68256e-07;9.88704e-07;1.68232e-07;1.03901e-08;6.30705e-07;2.62035e-09;0.998789;6.66168e-05
2.64534e-08;4.88626e-07;0.999435;9.28833e-10;5.87984e-09;1.99023e-10;1.7269e-11;1.1353e-08;1.2702e-10;1.99743e-10;7.45987e-12;0.000564086;3.71927e-08;3.27863e-09
1.23084e-06;0.997336;9.80709e-09;4.9704e-07;1.31184e-05;9.7182e-09;6.87913e-07;0.00249694;2.55763e-05;2.61116e-08;1.76212e-05;2.22578e-05;8.5145e-05;8.3149e-07
2.91005e-06;0.00660393;0.00465937;4.39085e-06;0.00105632;2.37474e-05;1.56289e-08;2.56825e-06;4.74017e-08;4.40722e-06;1.31727e-06;1.03666e-06;0.987633;7.42349e-06
3.67534e-06;0.997163;3.22986e-06;1.34595e-06;1.53415e-06;1.3318e-06;5.96569e-05;0.000361194;1.67701e-06;0.00083253;2.61238e-07;0.000163833;2.73882e-06;0.00140433
1.56889e-12;6.84704e-11;1;4.9056e-11;1.43678e-10;6.16963e-11;3.10923e-13;1.80196e-13;9.71203e-14;1.77964e-12;3.31908e-13;9.94082e-08;6.62737e-13;1.9729e-11
1.72688e-05;0.000482022;5.17672e-08;7.61873e-06;0.00199982;3.52502e-05;1.08675e-05;0.875152;3.60823e-06;2.31302e-07;1.38602e-06;0.000731314;0.121027;0.000531803
1.53493e-07;0.0029973;6.68114e-10;4.21288e-06;1.62393e-07;0.000507202;1.05346e-07;5.79426e-06;1.72021e-07;1.52427e-07;1.52566e-06;2.90524e-08;0.996419;6.42313e-05
9.18207e-09;1.10367e-07;0.995097;3.20978e-09;2.12156e-08;7.77078e-09;1.67687e-11;1.21777e-09;2.42093e-12;1.52671e-09;2.12497e-11;0.00490236;4.14161e-08;7.0916e-07
2.33213e-07;0.995597;9.96942e-09;3.21997e-08;1.35391e-06;2.08243e-05;2.06108e-07;0.00197643;1.40562e-07;6.11931e-09;1.99214e-07;9.19006e-06;0.00233193;6.21214e-05
1.74794e-08;0.00127847;5.66867e-09;6.54932e-08;3.05983e-07;3.89513e-07;1.22353e-08;1.07312e-05;2.13636e-08;1.16039e-08;1.40161e-08;3.37064e-06;0.998704;2.5471e-06
1.5864e-07;0.000294382;1.74908e-07;2.49873e-06;5.53137e-06;2.75402e-08;1.6624e-08;2.74539e-05;1.50314e-06;2.78013e-07;2.45683e-07;0.999625;4.25867e-05;7.45715e-08
7.4754e-06;0.998508;9.76276e-07;7.37006e-07;6.40208e-08;3.91575e-08;4.83056e-07;0.00116203;2.17172e-08;1.1347e-06;2.11159e-08;0.000160762;0.000157615;8.47489e-07
1.05297e-06;0.0154447;1.13963e-08;0.000227104;4.72633e-05;2.18103e-06;0.00264888;0.000628384;2.16867e-07;0.0295178;1.44061e-06;4.98057e-05;1.88968e-07;0.951431
1.9396e-06;3.22608e-07;0.999967;1.39957e-05;3.40638e-06;2.06375e-07;6.04389e-06;3.19181e-06;7.39168e-08;8.79171e-07;1.78209e-06;1.05104e-06;1.90141e-07;9.05933e-08
2.60863e-05;0.908656;0.00225348;2.19663e-05;4.7006e-06;1.13845e-05;6.43562e-07;1.41507e-06;1.11365e-09;1.37955e-05;3.1244e-07;5.87264e-05;0.0889478;3.38651e-06
0.000213219;0.697732;0.00296516;1.89555e-05;0.000478526;0.000100996;0.000662176;0.018263;1.81667e-05;0.00047273;3.64449e-05;0.209576;0.0602598;0.00920268
7.75846e-07;0.00121432;5.43535e-10;1.11002e-05;0.000480222;0.0930399;1.17949e-06;0.000644733;1.15267e-05;3.99952e-07;2.42405e-06;1.49812e-05;0.904558;2.01515e-05
9.3585e-06;0.000349404;0.998111;1.20745e-06;1.5621e-05;1.46232e-05;4.11639e-09;1.24294e-07;3.07132e-09;2.95167e-07;3.10621e-10;0.00121644;1.02206e-05;0.000271479
2.61757e-06;0.000504006;4.40016e-06;2.57496e-06;1.12797e-06;4.32018e-06;6.41486e-06;1.39885e-05;3.40452e-05;7.41174e-07;1.93586e-05;6.39669e-06;0.999399;5.73607e-07
9.7971e-06;0.000979884;7.21874e-06;0.000172303;6.41748e-06;5.54382e-06;4.44768e-08;0.000989791;3.53419e-05;2.92992e-05;2.06883e-05;0.969571;0.0281521;2.0403e-05
4.70955e-05;0.115666;8.66621e-06;1.49653e-07;8.61362e-08;1.00332e-09;1.68451e-06;0.876228;1.76686e-06;2.17112e-07;2.57722e-06;0.00793658;0.000107645;3.50183e-09
4.32614e-08;0.0397728;2.38721e-06;1.15402e-05;5.29459e-05;1.22939e-07;8.70353e-09;0.00783123;3.16254e-08;8.20461e-07;4.22249e-08;0.951842;0.000389923;9.59108e-05
2.03906e-05;0.460031;4.28751e-08;2.94392e-05;0.00131145;3.93899e-07;0.000904975;0.537126;1.21783e-05;4.91875e-05;4.64976e-05;5.38634e-05;0.000413595;1.31335e-06
4.17932e-05;0.000640803;0.0102419;5.25631e-06;0.00119726;7.49358e-05;9.22288e-08;9.14011e-06;4.08902e-08;6.41101e-06;3.54289e-07;0.987021;6.70996e-05;0.000693548
3.77465e-05;0.545148;3.86461e-08;6.90463e-08;5.57073e-05;2.30942e-05;3.63095e-07;0.450032;1.82945e-05;8.94036e-08;2.94091e-07;2.44121e-05;0.00302592;0.00163411
4.90222e-08;1.55005e-05;6.99055e-09;1.71801e-08;1.75922e-08;1.28194e-08;1.30135e-09;8.20496e-06;5.31254e-08;1.57469e-09;8.11145e-09;4.90309e-07;0.999976;2.62155e-08
2.55036e-06;0.00201644;2.53124e-06;1.46865e-05;3.34046e-06;2.21865e-07;4.52289e-09;0.000161212;5.94725e-06;1.3829e-06;1.88128e-07;0.997478;0.000190877;0.000122253
5.09418e-06;1.11553e-06;1.4974e-10;3.87485e-08;4.87964e-08;7.56564e-08;1.25152e-07;0.999969;1.05834e-06;1.75315e-08;4.43653e-08;3.50167e-08;2.39073e-05;3.76972e-09
1.0572e-05;0.00266288;3.01512e-06;0.00023603;0.056012;0.00737308;1.46254e-06;0.920201;5.13302e-05;0.000102429;2.51302e-05;6.28364e-05;0.00149803;0.0117599
1.05046e-11;4.5942e-10;1;2.91392e-12;7.0116e-14;1.4676e-13;2.44933e-11;1.72193e-13;9.05657e-12;1.10644e-12;1.25123e-11;1.87121e-11;2.46703e-12;3.11847e-12
1.32111e-06;0.00427733;0.00166696;3.19817e-06;5.88727e-06;7.16251e-08;2.18254e-06;0.000169466;0.000621512;6.96477e-08;6.45366e-05;0.991996;0.00116042;3.07603e-05
4.48601e-07;0.971955;4.56848e-08;6.10337e-07;1.18213e-05;1.49002e-06;7.60777e-08;5.43096e-05;6.79692e-07;1.04803e-07;1.51321e-06;0.00202997;0.0247041;0.00123948
6.73143e-08;0.991107;2.8016e-07;3.02281e-08;2.5211e-09;1.37073e-08;2.57339e-07;4.13982e-06;1.1088e-10;7.11582e-07;4.94087e-10;5.05024e-06;9.97083e-08;0.00888194
3.49834e-12;2.07049e-11;1;2.16436e-11;1.07182e-11;2.85497e-11;9.38042e-13;8.17024e-12;4.32438e-15;1.62183e-11;1.81432e-14;1.09894e-07;9.06472e-14;7.29065e-10
7.21292e-08;0.0001964;6.99524e-09;1.86203e-08;1.25266e-09;1.58991e-05;4.86244e-06;4.047e-07;1.43165e-07;1.46553e-08;8.81482e-07;1.44512e-06;0.99978;9.38648e-08
5.04246e-08;0.000111338;0.999428;1.96417e-06;2.77525e-09;4.72879e-08;0.000273792;1.83156e-09;1.35219e-06;9.08356e-05;1.44419e-06;8.34036e-05;7.33895e-06;1.24176e-07
5.70072e-07;4.39795e-06;0.993974;2.66124e-05;3.60584e-07;1.80724e-06;0.000684031;1.58765e-06;0.000367203;7.30615e-06;0.00407524;0.00085621;7.98737e-08;2.24281e-07
2.62307e-07;0.998872;1.35865e-07;5.72371e-06;1.3541e-06;8.11212e-07;1.1393e-07;0.000688305;2.73583e-07;1.65673e-07;2.69576e-06;4.10598e-05;0.000387515;1.70541e-08
4.37396e-06;0.98658;3.74845e-07;1.31604e-06;1.2013e-06;5.07733e-07;2.06676e-06;0.000836329;9.9531e-07;5.09033e-06;3.1339e-06;6.77264e-05;0.0124938;2.64113e-06
7.44009e-09;0.00027177;1.36631e-07;8.2934e-08;0.000676396;8.75759e-08;1.03678e-08;0.000111871;8.37406e-08;9.38771e-09;2.07761e-06;0.998936;1.16253e-06;5.47082e-07
2.59643e-08;0.999709;7.32473e-06;2.95479e-08;5.11297e-07;4.56764e-09;2.54556e-08;1.74426e-09;9.80906e-12;1.4528e-07;1.82427e-08;4.34374e-06;0.000278846;4.74902e-08
1.21647e-07;8.80227e-06;9.2251e-07;8.93362e-09;3.70471e-06;8.0299e-08;3.99869e-09;2.69217e-05;1.36962e-06;1.04546e-09;7.60571e-07;0.999956;2.09881e-07;9.54208e-07
1.99227e-06;0.995281;1.33384e-09;8.76456e-09;4.98175e-07;8.86081e-09;7.73493e-09;0.000415516;6.77395e-08;3.2952e-09;2.91813e-08;0.000679872;0.00362068;3.32682e-07
0.000320382;0.182768;0.000802898;1.67002e-05;0.000327555;0.000179208;6.18113e-06;0.528982;7.77624e-06;8.03234e-06;1.73701e-06;0.0350357;0.0171648;0.234379
0.00195563;0.0850279;2.2269e-05;0.00219472;0.00551597;0.00326654;0.000187958;0.00809343;0.0469996;4.07013e-05;0.00498312;0.00349168;0.00376977;0.834451
0.00107279;0.898602;1.6016e-06;1.06903e-06;1.04984e-05;1.06028e-05;1.47967e-06;0.0792075;9.12673e-06;2.28776e-06;1.96316e-07;8.65988e-05;0.0202525;0.000741897
3.70027e-07;0.0339226;3.79652e-06;1.19996e-07;1.23897e-05;4.76654e-05;1.39128e-08;0.000804285;7.16345e-08;8.49703e-08;2.35323e-08;0.959593;0.000261128;0.00535404
7.56966e-09;4.5333e-05;1.46841e-08;2.67742e-08;5.27143e-09;2.35919e-08;2.10965e-07;1.25503e-06;7.72314e-08;2.35011e-08;5.08537e-07;3.14575e-06;0.999949;3.37937e-09
3.56309e-06;5.26442e-05;1.95297e-06;9.0194e-06;6.68132e-06;5.75428e-08;3.35219e-08;1.50585e-05;3.52831e-05;3.41068e-06;4.89581e-06;0.998854;0.0010133;7.74498e-08
7.24549e-05;0.0198061;5.98839e-07;1.09356e-08;5.10274e-08;8.05236e-11;1.89244e-07;0.980089;6.30221e-06;1.4873e-08;1.12265e-07;1.53001e-05;9.94537e-06;1.00571e-10
2.2418e-08;0.000286107;1.8095e-06;2.62301e-06;9.18518e-06;4.41974e-09;9.98976e-10;0.00080372;2.16732e-07;8.53559e-08;1.73004e-08;0.998889;8.27178e-07;6.27975e-06
1.33973e-05;0.175659;3.00831e-09;5.16693e-06;0.000462555;5.48393e-07;5.03741e-05;0.823583;2.36824e-05;3.86454e-06;7.17423e-06;1.98095e-06;0.000189039;1.02895e-06
1.7828e-05;0.000145849;0.0881785;1.13714e-06;0.000168279;2.2303e-05;7.42955e-08;5.56772e-06;7.31057e-08;1.29253e-06;9.43655e-08;0.911205;0.000132766;0.000120777
9.90098e-06;0.0400211;2.93742e-08;2.87191e-08;1.58245e-05;2.30189e-06;1.0933e-07;0.958896;2.8952e-05;1.88421e-08;1.83988e-07;2.47546e-06;0.000685579;0.000337798
8.79068e-07;0.000454279;9.86897e-09;3.18794e-07;3.76659e-07;2.14187e-08;7.60722e-09;0.313321;1.54371e-06;6.07208e-09;7.501e-08;7.51992e-06;0.686213;6.73627e-07
1.92751e-06;0.984745;7.10832e-08;1.22198e-06;3.95276e-06;3.971e-09;1.90042e-07;0.0143695;1.70581e-07;6.3349e-07;2.02683e-07;0.000845731;6.47806e-06;2.47318e-05
7.03418e-07;0.802872;0.188914;4.71064e-05;1.54161e-06;3.62735e-07;2.26894e-06;1.93648e-08;5.57779e-10;1.28601e-05;1.64091e-06;0.000218131;0.00790364;2.60107e-05
2.01481e-05;0.335144;9.62626e-06;6.06242e-06;0.000462255;2.24946e-05;4.36857e-06;0.00107434;3.09765e-07;1.94563e-05;2.52834e-05;0.561265;0.0765361;0.0254106
4.97139e-05;0.316878;2.44994e-06;9.60175e-05;0.137835;0.0224499;0.0001633;0.0126476;4.02959e-05;9.91534e-05;0.000184042;0.0214134;0.362182;0.125959
6.60811e-06;0.019361;0.979399;1.4398e-06;4.69832e-05;1.45401e-06;1.24466e-07;0.000676736;1.30209e-08;3.51284e-07;7.2198e-09;0.000296976;9.18479e-05;0.000117342
0.00048974;0.154075;1.44556e-07;0.000597807;0.00359034;0.00100854;0.000567513;0.0303185;0.00189331;0.000156467;0.000348814;5.52597e-06;0.79243;0.0145179
1.86297e-05;0.999565;5.29756e-05;1.13572e-06;1.36669e-06;1.70918e-07;1.70927e-07;4.30809e-06;5.52095e-06;5.80396e-08;5.53915e-07;0.000348587;1.30404e-06;6.04692e-07
7.29101e-08;0.999941;1.72479e-12;3.68338e-09;8.83417e-10;1.71987e-09;1.21553e-05;3.18241e-05;9.54234e-09;1.7038e-06;4.18713e-09;1.99208e-11;7.57386e-06;6.03004e-06
1.03561e-12;8.35607e-13;0.999996;2.83837e-10;7.21859e-11;4.19812e-10;1.568e-12;2.63407e-12;1.82957e-12;8.72931e-12;1.45297e-11;3.77591e-06;3.58909e-14;1.02169e-11
1.79991e-06;0.470511;4.91008e-07;2.49167e-06;4.28895e-05;3.25125e-06;6.41316e-07;0.526792;1.29438e-06;3.62107e-07;6.10234e-06;0.000210476;0.00242103;6.2463e-06
1.52783e-05;0.0849536;5.10635e-06;0.00436015;0.000410548;7.13644e-05;0.000341938;0.700925;0.0140683;0.000697967;0.162481;0.00227348;0.0293537;4.16585e-05
1.20805e-05;0.953696;4.06428e-07;0.000923677;0.00552357;0.00849553;2.28035e-05;0.0025886;1.75159e-05;0.000359059;0.00346238;0.00751131;0.0146955;0.00269114
1.04017e-05;0.0129071;1.2712e-08;6.8249e-06;3.88163e-07;9.2071e-07;4.33308e-05;5.71504e-08;4.06931e-06;1.24254e-07;0.00137173;0.000453609;0.985201;1.33565e-09
7.12153e-06;0.0162847;0.969453;2.67769e-05;0.000336458;2.61244e-06;2.51333e-07;2.51334e-05;1.30731e-07;6.61237e-07;1.21099e-06;0.0129803;1.16711e-06;0.000880184
2.2214e-06;0.98387;2.89531e-08;2.73219e-06;0.000129317;2.08711e-06;6.18625e-08;0.0159225;2.69426e-07;1.0054e-07;2.3663e-06;2.56993e-06;4.41491e-05;2.13778e-05
1.90902e-05;0.00350865;7.02641e-08;1.11147e-06;2.10675e-06;0.000102605;3.86472e-07;0.973683;0.000116516;7.56312e-07;0.000149742;0.0180252;0.0043894;8.01706e-07
1.33607e-05;0.998279;1.06368e-08;1.07811e-06;2.14666e-07;1.21424e-07;3.688e-06;9.0928e-05;2.07932e-05;5.7764e-08;3.7142e-05;6.27827e-06;0.00154759;4.25489e-08
6.90662e-05;0.951025;3.19266e-07;6.98849e-05;8.80992e-07;6.32691e-06;1.32316e-06;0.0215305;0.00300162;2.80653e-06;0.000856375;0.000968847;0.0224595;7.08839e-06
0.000210328;0.150263;2.61848e-06;0.0193134;0.202555;0.0227416;2.62112e-05;0.105892;0.000532403;0.00267073;0.00567124;0.431582;0.0315706;0.0269701
0.000114604;0.825025;3.32175e-06;8.25465e-07;1.22645e-06;8.55949e-07;1.93666e-05;3.42489e-05;1.36325e-06;5.87716e-07;1.58777e-05;0.0106993;0.164062;2.1281e-05
4.55365e-06;0.00774072;3.99646e-06;2.55984e-06;0.000158086;9.95763e-06;3.11423e-07;0.00118347;2.87059e-06;7.02424e-07;5.60758e-07;0.985489;0.00324488;0.00215801
0.000280989;0.917503;2.69198e-06;7.04765e-06;1.04762e-06;1.69194e-07;0.000107249;0.000152019;0.000102886;2.24967e-06;1.90587e-05;0.074462;0.00735211;7.91343e-06
5.51053e-06;0.0622211;1.99061e-07;3.3832e-07;1.41081e-06;5.51587e-07;5.30641e-09;0.0127733;4.78036e-06;6.17787e-09;1.54645e-06;0.924836;0.000153525;1.92014e-06
1.56458e-06;0.989275;1.53058e-06;9.06868e-07;5.67897e-06;1.22132e-05;0.000627939;1.25314e-05;1.87266e-07;5.4079e-05;1.57646e-08;3.60832e-10;0.000187506;0.00982103
1.49343e-11;9.12376e-12;1;5.02889e-10;5.65501e-12;6.48507e-11;6.13601e-12;1.34043e-13;1.71882e-10;4.34447e-12;1.4541e-10;2.40959e-07;1.58571e-12;1.29025e-10
0.000137543;0.402796;0.00442175;9.17814e-05;0.000215541;0.00222967;4.26231e-05;0.0157863;0.000230263;4.13067e-05;6.94235e-05;0.361212;0.20026;0.0124657
4.51717e-08;0.00163823;4.86899e-07;1.66856e-07;9.13646e-07;3.70913e-06;4.22023e-08;0.00464427;1.35643e-07;1.32764e-07;1.28937e-06;2.2779e-08;0.99371;3.63532e-07
2.62755e-08;0.000574391;5.08722e-08;2.32824e-07;9.03612e-08;1.07713e-08;1.04948e-09;1.64478e-06;2.02118e-07;3.33798e-08;1.47093e-06;0.999189;0.000232828;1.89356e-07
1.45108e-08;0.00137571;1.17805e-09;2.47829e-09;6.28339e-06;9.92896e-10;1.1076e-10;0.998618;7.20178e-10;4.44283e-09;1.80458e-09;1.98638e-07;5.57555e-08;1.98152e-08
1.20718e-07;0.00329497;0.996417;3.24236e-06;1.54958e-06;7.07517e-08;3.46986e-05;5.06153e-08;4.42378e-10;0.000228315;2.69474e-07;1.47915e-05;1.28488e-06;3.47775e-06
1.89244e-10;4.4994e-10;1;2.61711e-11;3.62257e-11;8.89354e-13;4.22341e-10;1.24344e-11;1.26569e-10;2.4235e-12;1.24254e-09;1.67392e-08;8.30422e-13;9.29463e-10
1.24708e-07;0.000244293;0.998399;5.06137e-09;1.51425e-08;1.14706e-08;5.36135e-08;3.1711e-05;1.34864e-08;1.64808e-09;2.48406e-09;0.00131811;6.73537e-07;6.00194e-06
3.64646e-06;0.00118518;0.000128329;1.96858e-07;0.0592747;0.914531;1.03196e-07;2.00982e-05;1.73412e-06;1.56023e-07;2.145e-07;0.00166986;0.00371299;0.0194721
1.50439e-07;5.20115e-05;1.75894e-06;1.78275e-09;0.00136645;2.40947e-06;4.84664e-11;0.000390698;1.89384e-07;4.80713e-11;3.79597e-08;0.997366;0.000817603;2.68527e-06
5.16506e-07;0.999431;3.63201e-05;5.9358e-08;4.71064e-06;7.13292e-08;1.81051e-06;1.06997e-06;5.22345e-10;7.92123e-05;1.68113e-10;6.36394e-09;6.99224e-09;0.000444606
1.93352e-10;1.18586e-11;0.999998;5.70936e-10;3.61314e-08;1.05768e-09;4.97745e-12;1.16529e-09;2.82351e-10;3.61471e-11;3.49562e-11;1.52713e-06;3.98784e-12;4.76199e-10
1.66074e-07;0.99591;1.24418e-08;3.23524e-08;7.76354e-08;3.14932e-07;1.80019e-08;0.00163013;1.78668e-09;1.43586e-08;5.38256e-10;6.38961e-10;0.00245937;8.56062e-10
8.45676e-09;3.29751e-08;1;5.32245e-09;3.72682e-11;1.7471e-10;2.27948e-08;1.79766e-09;1.17545e-07;2.57113e-09;9.4524e-09;5.61431e-08;1.52818e-10;2.39421e-11
1.07786e-08;1.1528e-06;1.53175e-05;5.88947e-08;9.08976e-10;7.40053e-09;9.70022e-10;2.28432e-07;1.34077e-06;7.1211e-10;2.13147e-08;0.999982;1.00527e-10;8.79602e-08
3.74216e-08;1.75483e-07;0.995585;1.93793e-08;1.43822e-05;3.27903e-05;8.20371e-11;4.01198e-11;4.6801e-10;4.03941e-09;1.58882e-10;2.47218e-08;3.32983e-06;0.00436395
3.80301e-07;0.00191607;3.8388e-06;1.01258e-08;0.00143793;3.18542e-06;3.68473e-11;0.987568;3.10655e-08;1.56532e-09;3.0105e-09;0.00821622;0.000548833;0.000305632
3.92251e-09;0.996508;2.22071e-13;1.22539e-08;5.95154e-07;8.25277e-09;3.50998e-10;0.00010232;1.74677e-10;3.76223e-07;2.72566e-11;6.0666e-09;3.37583e-08;0.00338835
4.06727e-06;0.00241239;1.6371e-08;2.46498e-06;7.14528e-06;1.36476e-06;4.82166e-05;0.996461;7.70546e-06;8.30989e-07;7.33299e-06;1.15659e-08;0.00104699;9.29917e-09
6.83116e-08;0.999967;6.2719e-06;3.7686e-06;3.72966e-07;2.40753e-06;9.06942e-10;9.88899e-06;5.9113e-11;1.28547e-07;3.09676e-09;9.15608e-07;8.43502e-06;1.34352e-06
6.11151e-08;0.000985485;1.40805e-12;1.31383e-08;5.61594e-10;6.93839e-08;1.3382e-07;5.29685e-08;1.2196e-09;4.26014e-10;5.71096e-07;1.95545e-07;0.999013;2.04652e-12
2.78855e-10;3.91696e-07;0.999986;8.68392e-09;4.16612e-07;4.35101e-09;1.86926e-11;1.14296e-08;2.16815e-12;3.54812e-10;1.83615e-12;2.77938e-06;1.17244e-10;9.99444e-06
8.96596e-07;0.953457;2.06174e-08;1.51391e-06;0.000855911;4.69415e-06;1.62106e-07;0.0455084;7.21074e-07;1.51922e-08;1.43837e-07;2.28381e-05;8.18545e-05;6.59826e-05
2.85779e-06;0.00100376;6.88931e-08;1.19395e-07;5.58416e-07;6.86468e-06;3.28852e-07;0.996474;1.57971e-05;1.88624e-07;8.94847e-07;0.000942717;0.00155065;1.54182e-06
8.37912e-06;0.999611;1.81826e-07;4.19581e-06;2.59845e-07;4.12156e-08;3.11681e-05;0.000158971;5.40738e-05;4.04671e-06;2.0224e-05;2.38792e-05;4.5649e-05;3.80261e-05
1.10922e-06;0.999945;1.88088e-09;3.43756e-08;3.10563e-11;1.03361e-10;3.54528e-07;1.42025e-07;2.90011e-08;5.3419e-08;2.16137e-08;7.90347e-06;4.50463e-05;2.87893e-10
9.61955e-09;5.2848e-05;7.68876e-09;2.90457e-08;5.74768e-08;1.05251e-07;2.69108e-11;9.88138e-05;1.73183e-09;1.41798e-09;4.58226e-09;0.999847;1.61674e-06;3.82779e-09
3.66662e-09;0.997538;1.5888e-09;9.82446e-08;3.05356e-11;1.61909e-09;0.00242355;1.52155e-10;5.24226e-10;2.96834e-05;3.2435e-08;3.6342e-09;2.76905e-08;8.91821e-06
3.04096e-12;3.05649e-13;0.999998;4.41411e-10;2.05966e-11;6.97888e-11;7.79122e-11;1.75491e-12;1.73638e-11;3.02491e-11;3.45346e-09;2.39384e-06;5.1376e-13;5.57742e-12
2.7537e-06;0.0369745;2.61888e-06;3.19246e-06;9.39561e-07;4.57799e-06;0.0831058;0.00102344;3.04301e-05;4.55571e-05;0.0021879;6.80685e-09;0.876618;3.8894e-08
1.68484e-11;4.39852e-11;1;2.281e-10;1.17412e-11;2.65766e-11;2.16629e-08;7.08999e-12;6.80627e-09;1.58156e-10;1.37024e-08;4.82897e-10;3.14396e-11;7.97565e-12
9.89208e-09;1.25344e-06;0.999133;1.1514e-08;2.12289e-08;2.81093e-08;1.49189e-10;2.62154e-06;5.7759e-09;1.57146e-10;6.67402e-10;0.000862936;2.81601e-08;6.8045e-07
3.75168e-09;0.116459;1.07376e-12;1.23927e-09;1.95844e-05;2.46883e-06;9.8755e-08;7.03066e-08;9.90707e-11;2.06638e-07;1.08704e-11;1.89279e-12;5.94826e-07;0.883518
3.78492e-15;4.84892e-16;1;7.22339e-14;1.27208e-11;2.09041e-12;3.61907e-17;7.79654e-15;2.02081e-16;5.2259e-15;9.71645e-16;1.79687e-07;1.11549e-14;7.14316e-12
6.04467e-08;0.00170319;1.35828e-08;9.60893e-08;1.66508e-05;0.000574832;2.90989e-08;0.988374;4.87531e-08;4.58077e-08;3.27986e-08;1.34959e-07;0.0093289;1.74123e-06
8.51318e-09;5.98236e-06;2.21787e-08;3.92826e-08;1.12486e-07;1.07437e-06;2.09385e-10;0.00843269;5.42652e-10;1.9477e-08;4.63503e-09;8.04909e-08;0.99156;5.44722e-09
1.2595e-06;0.00861146;2.61512e-07;8.34448e-06;3.66549e-06;7.37115e-07;2.34763e-09;3.82876e-06;4.46695e-08;9.87341e-07;3.89515e-07;0.989129;0.00223683;3.50097e-06
1.59782e-08;0.000145022;3.29124e-12;3.17376e-09;1.10549e-06;2.82261e-10;8.74354e-10;0.999854;6.27608e-10;3.53959e-09;6.45585e-10;2.26652e-07;2.86394e-08;7.8849e-09
8.65771e-08;0.000544523;0.998786;4.53816e-06;5.67533e-05;0.000124511;4.13209e-08;1.84302e-05;1.46253e-09;7.4239e-07;4.56387e-07;0.000280978;0.000178677;4.28121e-06
2.89927e-07;0.999541;4.54941e-08;1.46998e-09;6.67464e-10;6.14285e-11;0.000445129;1.0524e-05;2.13049e-10;3.03853e-07;2.42006e-09;6.58961e-08;2.42286e-08;2.4156e-06
1.36562e-08;2.4482e-09;0.999996;4.24789e-09;1.78543e-09;3.49476e-11;2.70779e-07;1.86603e-10;2.91392e-06;2.8707e-10;2.28415e-07;6.92071e-07;1.67519e-10;3.72503e-10
6.75151e-07;0.999821;1.36558e-09;2.03756e-09;2.40952e-10;5.28464e-11;1.0103e-07;0.000154336;6.24636e-08;2.91467e-08;1.8014e-09;2.77817e-09;2.32474e-05;2.97508e-07
9.25302e-12;2.45558e-12;0.999994;2.24735e-09;6.96694e-12;3.12362e-13;1.61143e-12;2.86467e-14;2.74741e-10;3.91772e-11;2.96698e-10;6.4529e-06;8.43785e-13;4.35223e-11
4.54656e-06;9.58882e-05;0.000265771;1.22383e-05;1.53804e-06;1.36145e-06;3.25148e-05;0.999089;2.1021e-05;7.15922e-06;8.31564e-06;9.71426e-07;0.000458191;1.24156e-06
5.37293e-07;5.46402e-06;8.08021e-08;4.71561e-07;6.34525e-10;1.96212e-05;2.03659e-05;9.63131e-08;0.000302032;1.12016e-07;0.00206415;1.178e-10;0.997587;1.02442e-09
2.10111e-07;1.50979e-05;0.999943;8.93047e-08;2.07719e-07;4.53742e-09;1.82716e-09;7.71085e-07;7.02596e-09;5.01821e-08;2.4501e-09;4.04193e-05;1.30185e-09;3.12671e-07
1.08778e-07;0.985166;5.05378e-09;7.22983e-06;1.19915e-06;1.77391e-06;6.12091e-08;0.0139102;1.6642e-05;3.21016e-07;6.55804e-06;1.32597e-06;0.000871899;1.66034e-05
