2.24261e-06;0.998645;2.37967e-06;2.46282e-05;6.53439e-06;1.6803e-06;2.39273e-07;4.67174e-06;8.66975e-08;4.12204e-06;5.796e-06;4.56609e-07;0.00127726;2.44801e-05
2.99466e-06;0.000588993;0.00645527;1.39101e-07;8.19254e-07;2.62868e-08;1.5244e-09;6.99638e-06;9.95783e-09;1.39653e-09;7.20087e-08;0.992944;2.17119e-07;8.53316e-07
0.0003569;0.973672;1.87431e-05;2.33783e-05;0.0123334;1.24674e-05;0.000377509;0.00708853;0.00475096;7.71622e-06;0.000830767;0.000179848;7.04795e-05;0.000276909
7.58741e-05;0.9678;0.000254919;1.11921e-06;0.000258664;1.67283e-05;1.61958e-07;9.01616e-05;9.51181e-07;9.52418e-07;9.33594e-07;4.3905e-05;0.0314129;4.27602e-05
2.06389e-06;0.000125722;6.27862e-06;2.12595e-10;4.40634e-11;2.90681e-11;1.77778e-09;1.90441e-09;7.9418e-08;1.17942e-10;4.16685e-08;0.999833;3.30228e-05;2.04509e-07
2.40831e-05;0.109355;8.06388e-08;5.08219e-07;0.00060249;0.000163366;1.14088e-06;0.862923;5.44001e-05;2.31826e-07;3.99767e-06;4.52125e-05;0.026653;0.000173592
0.000124346;0.921313;8.664e-09;2.29579e-08;1.10046e-06;1.34728e-06;1.10855e-06;1.00921e-05;5.86056e-09;3.19164e-06;8.88342e-10;1.86526e-08;2.36082e-05;0.0785226
9.18275e-13;8.46376e-14;1;2.13047e-13;1.26155e-12;2.101e-12;2.39317e-14;2.13394e-13;1.6165e-12;4.8652e-14;2.37023e-13;6.18761e-09;2.73182e-14;1.61571e-12
1.83343e-05;0.0022034;2.90306e-06;3.23909e-06;0.000437347;0.00369275;8.52618e-06;0.0214692;0.000710462;4.73564e-07;0.000511622;0.00394971;0.96612;0.000872397
1.57695e-06;0.285023;1.76632e-08;4.01014e-06;1.61003e-05;9.03836e-06;7.0158e-06;0.000978953;7.26591e-07;1.07604e-06;2.15713e-05;3.33106e-05;0.713897;7.19234e-06
2.50072e-05;0.0445356;5.16628e-07;0.0535375;0.470026;0.154615;2.93179e-06;0.0334124;1.15182e-05;0.000402218;0.00102955;0.0601252;0.00713254;0.175144
0.00663484;0.840807;0.000205629;3.34649e-05;1.79657e-05;8.8527e-06;0.0011106;0.107511;8.60792e-05;4.10751e-05;0.000261146;0.00125074;0.0418689;0.000162445
2.20762e-06;0.0452977;2.62292e-06;3.08227e-07;2.16927e-06;8.62735e-08;8.04212e-08;0.000152149;1.68767e-06;4.02024e-08;2.10602e-06;0.954504;3.22373e-05;2.41956e-06
0.00241218;0.208051;0.00209509;1.05447e-05;0.000391108;1.84194e-06;0.000456189;0.188767;0.00346591;0.000238226;2.15396e-05;0.458383;0.135421;0.00028647
0.000503641;0.00160016;1.42133e-06;2.72949e-05;1.98644e-05;7.21851e-07;0.000249832;0.000419046;0.98342;1.49831e-05;0.0109028;0.00141729;0.00142196;1.13312e-06
0.00355706;7.67842e-07;3.308e-08;6.16158e-10;4.1198e-07;9.40957e-11;2.79043e-08;0.996253;0.000188354;6.82668e-09;5.76198e-08;2.99775e-08;4.87284e-08;3.53542e-09
5.95192e-07;0.124317;8.61187e-11;4.40743e-09;2.18965e-08;3.99282e-09;2.17839e-05;6.18607e-09;1.27678e-08;2.41364e-05;2.20348e-11;7.46402e-11;3.93374e-09;0.875636
5.99933e-10;1.17112e-12;1;4.40182e-11;2.05255e-10;2.98512e-11;4.63191e-10;7.37727e-11;9.88688e-08;1.36518e-10;8.93297e-10;2.32839e-07;2.44589e-13;5.74226e-09
1.39932e-07;7.75594e-05;1.34735e-13;7.09243e-09;1.95512e-06;2.78423e-08;1.77303e-09;0.999335;0.000569743;1.25922e-09;2.76189e-07;7.76461e-09;1.56e-05;1.28631e-07
1.77768e-06;4.65273e-07;3.39917e-09;8.92676e-09;4.76587e-06;1.24156e-09;1.31161e-08;0.999934;5.76008e-05;6.74435e-09;1.3219e-07;1.62893e-07;6.51544e-07;2.44461e-09
0.000133058;0.0119055;7.57505e-05;4.80835e-07;0.00147235;4.00098e-07;1.96595e-06;0.00017818;0.000215266;5.84404e-08;2.38477e-07;0.985661;2.7395e-05;0.000328617
2.98487e-06;0.00390811;2.22081e-08;7.08658e-08;5.30594e-05;1.37943e-07;1.67921e-08;0.994676;9.28173e-06;7.7448e-10;2.84457e-07;0.000375342;0.000355408;0.00061884
3.79271e-06;0.00258384;2.25447e-07;2.4724e-06;3.6679e-05;1.0358e-07;1.56556e-07;0.98897;1.05051e-05;6.16235e-08;1.54516e-06;1.89008e-05;0.00825293;0.000119225
4.11197e-07;0.99985;1.76147e-09;2.8751e-07;7.07937e-09;6.13092e-10;2.79908e-08;8.95287e-07;5.02421e-06;7.84281e-09;1.9217e-06;3.5181e-07;0.000131951;9.36487e-06
9.09427e-06;0.0838679;9.90639e-08;2.22892e-08;2.2681e-07;2.63774e-09;1.82752e-08;0.915692;3.84081e-08;6.38644e-08;2.84458e-09;7.26633e-07;0.000429693;1.8798e-07
7.97148e-09;0.000157715;1.81703e-05;1.07607e-07;3.89575e-05;9.70319e-06;2.05321e-10;9.35551e-05;7.68834e-10;4.11914e-09;1.53238e-08;0.989018;5.18771e-06;0.010658
1.25051e-10;0.000122913;4.35587e-11;5.41597e-10;8.4334e-10;5.93068e-10;4.24576e-10;6.85449e-06;5.50825e-11;7.13387e-11;7.12228e-09;2.91636e-10;0.99987;3.5723e-10
3.49575e-06;0.000565143;0.000244418;5.34198e-06;3.29497e-05;6.14745e-07;2.00439e-08;0.000205282;6.10958e-06;4.97724e-07;3.38754e-06;0.99279;0.00608525;5.74043e-05
1.37912e-05;0.742574;3.07819e-07;6.4187e-05;0.00163214;1.36075e-06;3.66242e-08;0.210131;1.58317e-06;1.70586e-06;4.5416e-06;0.000397816;0.0445966;0.000580971
4.0018e-06;0.00378111;4.22533e-08;0.00115911;0.00329813;5.63041e-06;8.84196e-06;0.990882;2.30236e-06;0.000663149;1.12508e-05;4.82181e-05;6.38102e-06;0.000129626
5.08592e-07;1.77703e-06;0.995796;0.00395371;1.27424e-05;1.6087e-05;6.90156e-08;4.16956e-08;1.54408e-08;1.1693e-06;0.000183097;2.23284e-05;2.72992e-06;9.31989e-06
0.0020471;0.898649;0.0086139;0.00368917;3.31193e-07;8.42358e-07;0.0026069;1.59961e-05;4.85054e-05;4.26157e-05;0.0801215;0.00206494;0.00208273;1.61313e-05
0.000416685;0.984037;8.55766e-08;8.47312e-05;1.58506e-06;4.37627e-07;3.36517e-05;0.000288707;0.000252853;1.84764e-06;0.00813601;0.000828464;0.00576728;0.000150245
3.28775e-07;1.16498e-05;5.82502e-10;5.47649e-11;6.25443e-08;3.13695e-12;8.80888e-11;0.999987;3.68014e-08;3.38269e-11;3.91117e-09;2.71896e-09;8.70511e-07;3.13846e-10
5.07678e-08;0.00017082;0.999811;8.07821e-07;4.56951e-07;1.39688e-08;1.76554e-08;5.94181e-07;1.15177e-09;1.94892e-06;1.84119e-08;1.08676e-05;3.84699e-07;3.56716e-06
0.000327604;0.0204943;1.02855e-05;0.000126887;8.35955e-06;0.000148155;0.00181416;0.000318929;0.0537406;3.44423e-05;0.727319;0.000328933;0.195312;1.61152e-05
