3.53397e-07;0.999919;2.14276e-05;1.90646e-07;2.05082e-07;7.14531e-08;1.69678e-08;4.0328e-05;1.8305e-09;5.27617e-08;2.14596e-09;4.2374e-08;1.85956e-05;6.2771e-08
1.69196e-09;5.38561e-09;1;3.45148e-09;1.14327e-09;4.57449e-10;9.09849e-09;3.80549e-10;1.74365e-08;1.23634e-09;4.38902e-08;3.30123e-08;4.50985e-10;9.66022e-12
6.8069e-08;7.12684e-05;0.00256931;2.11052e-06;8.83282e-08;2.21242e-07;7.85748e-10;3.64534e-05;5.00222e-06;4.5657e-09;2.41585e-06;0.997305;6.55614e-09;7.70756e-06
8.57219e-06;0.0264687;2.84437e-05;9.31447e-07;0.000202502;0.000268706;1.57324e-07;0.00778748;1.85315e-05;3.63732e-07;6.55881e-05;3.24681e-05;0.965093;2.42088e-05
3.07368e-07;0.0684222;4.59361e-05;1.34615e-07;2.47324e-07;7.74524e-07;3.23007e-09;0.00498207;2.8187e-08;1.40976e-08;4.35033e-07;0.926284;0.000218161;4.56203e-05
1.00604e-05;0.84241;0.00140382;3.24827e-06;0.0255065;0.00525094;2.74401e-07;0.0936064;6.70564e-07;1.60568e-06;6.79088e-07;2.67901e-05;0.0116671;0.0201117
2.81029e-07;0.999693;1.51312e-10;6.16849e-09;2.98978e-08;3.33591e-09;2.97688e-07;1.94706e-05;2.07828e-09;2.69162e-07;2.89683e-10;1.42332e-12;9.14313e-06;0.000277294
8.17004e-12;9.20905e-11;1;6.39632e-11;7.66017e-11;5.3623e-12;4.6474e-12;3.76918e-11;2.62798e-12;1.51553e-11;4.85558e-12;1.26563e-08;8.42202e-13;1.99216e-11
5.57408e-05;0.00410211;3.23482e-08;0.000933286;0.000717902;0.000451538;0.000130573;0.1665;0.124126;7.92537e-05;0.0142386;0.00486593;0.673329;0.0104695
4.65791e-07;0.00107515;5.60614e-08;5.35304e-09;4.63507e-07;1.19838e-08;8.1731e-10;0.998869;3.66338e-10;1.71804e-08;4.47996e-10;3.47165e-07;5.40885e-05;7.70291e-07
2.18341e-07;0.969566;1.58184e-05;1.4458e-05;0.000395916;0.00111739;4.84415e-06;0.0140459;1.64007e-07;1.98298e-05;5.88059e-07;0.000233966;0.00671805;0.00786669
5.60947e-12;5.73777e-10;1;1.29809e-10;4.81201e-12;7.1291e-12;4.14371e-10;2.58853e-12;1.17863e-11;5.8994e-11;7.18201e-11;1.57217e-12;9.39718e-12;9.18735e-12
2.40559e-07;6.47122e-06;0.998056;1.20109e-07;6.74464e-08;1.04972e-07;1.32955e-08;5.45004e-07;3.04564e-07;1.87923e-08;7.30541e-09;0.00191251;1.04761e-08;2.42073e-05
1.86835e-06;0.000180444;1.56283e-06;4.53214e-07;0.968133;0.00689733;1.18983e-09;0.00348239;5.50823e-06;2.51899e-08;2.34421e-07;0.000279463;3.3569e-05;0.0209843
4.76134e-10;0.998726;5.60697e-12;1.07179e-12;1.02636e-10;7.94786e-12;8.71121e-11;1.82026e-11;6.01447e-14;1.20184e-09;3.87999e-15;1.22612e-10;1.71053e-08;0.00127446
1.94504e-14;2.60687e-15;1;4.6096e-15;7.62311e-13;3.43593e-15;6.72476e-16;2.97248e-15;4.53157e-15;6.74949e-15;1.85269e-17;8.59198e-11;1.21414e-17;3.32604e-15
1.58611e-06;6.73235e-05;3.30402e-07;9.21209e-07;1.07315e-06;4.72009e-07;1.1637e-07;0.99959;3.44453e-05;2.22522e-08;7.81653e-08;1.52601e-08;0.000303683;5.75529e-09
6.20068e-07;5.38683e-06;6.38371e-11;1.31555e-09;3.00304e-09;5.59601e-11;3.51192e-11;0.999991;2.33916e-08;2.03119e-10;3.16919e-10;3.30006e-09;3.18058e-06;2.7573e-12
2.54166e-07;0.303152;1.21929e-06;1.59223e-05;2.15863e-06;1.58707e-06;3.49393e-05;3.14359e-07;4.28189e-10;0.000858649;8.31847e-10;9.14923e-08;1.41809e-06;0.695931
8.98936e-11;3.10411e-12;1;2.97082e-10;6.12543e-12;3.43991e-11;2.07799e-08;5.90973e-11;7.97553e-09;2.97099e-11;3.05536e-07;4.50886e-09;2.76608e-13;9.22736e-11
1.01743e-06;0.987945;4.67319e-07;4.52174e-08;1.70883e-08;2.98565e-08;0.000533191;0.00150632;3.36039e-07;4.84852e-06;1.22197e-06;1.50932e-08;0.010007;1.95891e-07
9.39041e-14;5.30171e-13;1;2.05198e-12;1.02329e-12;1.04494e-13;4.49918e-13;5.05559e-15;2.25564e-12;3.40156e-13;6.23662e-12;7.99732e-08;6.53965e-16;1.73433e-12
1.21364e-05;0.968431;0.000188343;3.63242e-06;6.689e-05;1.1202e-06;0.000128688;0.0090212;0.00106462;2.29245e-06;6.821e-05;8.46943e-05;0.0209114;1.58938e-05
2.83598e-08;0.99409;3.99896e-10;5.01777e-08;1.03631e-06;1.84227e-07;8.64418e-09;0.0025289;4.72079e-08;3.03451e-07;2.99593e-09;9.22251e-06;3.95665e-09;0.00337039
8.33701e-05;0.962942;4.44978e-09;5.38559e-06;1.06669e-05;1.62233e-06;0.000300485;0.00552192;3.2561e-05;3.62295e-05;1.19882e-05;0.000752236;0.0298237;0.000477657
0.00030137;0.0166316;2.07595e-06;4.76126e-06;0.000166001;1.59553e-06;3.69003e-06;0.166082;0.000704522;7.45139e-07;2.87102e-05;0.80911;0.00652427;0.000438867
2.04127e-05;0.999631;4.32508e-09;8.36752e-08;8.025e-09;4.49442e-10;5.22092e-05;6.87508e-06;1.853e-06;1.32475e-07;1.24749e-07;0.000109775;0.000177669;4.56348e-08
1.23012e-05;0.000123057;6.14042e-05;8.80154e-05;0.000233178;0.000137717;1.12324e-08;2.17467e-06;2.38892e-07;2.2624e-07;2.58246e-06;0.999223;2.45068e-05;9.14201e-05
1.45948e-05;0.999461;1.30691e-08;2.06404e-08;1.01077e-08;1.12859e-08;3.07e-05;5.91105e-07;1.68224e-08;2.42076e-07;3.97951e-08;2.61607e-11;3.02572e-06;0.000489774
2.65733e-11;5.59631e-13;1;4.26904e-12;2.46052e-11;4.92623e-11;1.79528e-11;1.4069e-13;6.16318e-12;3.08609e-12;1.873e-11;2.19772e-07;8.79701e-13;4.65923e-12
1.49853e-05;0.00292902;1.56071e-06;7.4851e-06;3.27632e-05;0.000655106;0.000343821;0.0125641;0.00710997;2.4748e-06;0.0197826;0.000150311;0.956385;2.1358e-05
8.47976e-08;0.00287883;8.79077e-08;6.08615e-07;8.17424e-06;1.45605e-05;1.65665e-07;0.00739879;4.42935e-07;2.26639e-07;1.24607e-06;2.15162e-07;0.989695;1.24671e-06
7.54875e-08;0.000105666;1.53232e-06;3.04061e-07;7.75167e-07;9.20045e-08;5.29489e-11;5.62862e-06;1.48583e-08;2.86416e-08;7.3105e-09;0.999882;4.04844e-06;1.62338e-07
2.04395e-06;0.00553254;1.12392e-08;1.26204e-07;3.13304e-05;1.81525e-08;5.01894e-08;0.994381;3.0888e-09;1.32687e-07;3.33145e-08;2.57685e-05;2.54555e-05;1.15686e-06
1.21188e-07;0.991713;9.4948e-10;8.23486e-07;3.66271e-07;7.80282e-08;0.000823426;1.18437e-06;3.24274e-09;0.000633761;3.25405e-08;5.87901e-06;2.32069e-05;0.00679823
5.58027e-13;1.13572e-14;1;1.61972e-11;6.67347e-12;1.42593e-13;3.50893e-11;3.03172e-13;8.08095e-13;2.86672e-12;3.10068e-11;1.02736e-08;2.77555e-15;8.12964e-13
3.05937e-06;0.913436;5.92037e-08;2.19551e-05;8.64627e-06;4.97348e-05;0.00422487;0.0200433;0.000154321;4.04265e-05;0.000792226;4.29391e-08;0.0612004;2.47346e-05
4.24878e-12;2.1583e-11;1;1.37599e-11;1.74319e-11;1.00695e-12;4.41935e-10;2.43587e-12;4.37197e-10;4.01717e-11;1.36235e-10;4.52549e-10;1.29848e-12;1.30647e-12
3.70601e-09;2.19138e-07;0.999981;6.04954e-08;6.60927e-08;2.98174e-08;8.73139e-09;1.24669e-05;7.68037e-08;2.03234e-09;1.08093e-08;5.46765e-06;7.40148e-09;7.96908e-07
1.86524e-08;1.9001e-05;1.51745e-05;6.35303e-09;7.01306e-07;0.000195181;1.40675e-10;1.30793e-07;5.5447e-10;4.66661e-08;8.32841e-11;1.14872e-06;1.52601e-06;0.999767
1.20172e-06;0.000125712;9.76084e-10;8.48959e-08;6.28095e-07;1.66279e-05;1.0076e-08;0.0468168;3.05458e-06;8.52478e-09;1.5647e-06;5.75654e-06;0.953025;3.81566e-06
1.09113e-07;0.998592;5.01428e-08;4.25252e-09;2.77725e-10;1.83268e-11;3.68663e-10;0.00137678;5.5152e-10;9.55739e-10;4.15049e-10;1.73188e-07;3.07319e-05;5.32152e-11
1.57969e-07;0.99526;1.31106e-10;0.000100809;2.66553e-05;1.35212e-06;3.16577e-09;0.00334174;3.40995e-09;1.62258e-06;5.85651e-09;0.0012623;6.5929e-07;4.75523e-06
0.000100819;0.00614663;0.053272;0.00399625;0.000393448;0.00363694;1.17547e-05;4.16184e-05;8.69647e-09;0.0011031;5.49243e-05;0.928968;0.000250025;0.00202491
8.6593e-05;0.0194909;5.60581e-09;1.56027e-06;6.16146e-07;2.42846e-06;0.000239721;0.00232487;1.9028e-05;3.77941e-07;0.012333;9.82956e-05;0.965403;7.85545e-09
1.81391e-05;0.000251603;4.373e-05;2.29625e-05;3.06389e-05;3.24538e-06;2.53484e-08;0.00042111;4.42509e-05;1.37237e-06;1.90778e-05;0.998866;0.00026964;8.4942e-06
1.23897e-06;0.999957;2.13873e-06;4.74025e-07;1.70913e-08;1.90393e-08;8.21455e-08;2.03608e-05;1.05634e-07;5.29671e-08;1.06101e-07;1.50977e-05;3.06495e-06;5.67383e-08
7.93077e-07;0.91938;1.84367e-10;2.41301e-07;2.657e-09;2.26993e-08;1.77129e-07;6.71686e-08;1.75613e-08;2.1097e-08;6.78137e-07;3.24385e-05;0.0805858;8.93556e-10
3.61529e-06;0.0696757;6.97202e-07;7.40873e-06;5.17245e-06;4.86823e-06;3.068e-06;0.0754181;1.01046e-06;2.18205e-06;3.35251e-06;0.853112;0.00171534;4.72751e-05
9.34996e-06;0.00174175;1.61709e-06;0.0143783;0.0152035;0.137331;3.277e-05;0.0127884;0.00173751;4.92814e-05;0.00525692;2.3134e-05;3.45255e-06;0.811443
8.00565e-05;0.377878;5.41228e-06;1.23464e-05;1.83486e-07;5.86154e-06;1.74367e-05;0.00159339;5.78175e-07;2.93217e-06;1.72111e-05;0.620249;8.18517e-05;5.55493e-05
1.95345e-06;0.0277161;8.3667e-10;1.0303e-06;3.36388e-09;2.78927e-07;3.28115e-05;8.77849e-05;3.52533e-06;7.41369e-07;4.84024e-05;2.61479e-07;0.972107;6.56699e-09
0.000165738;0.000336515;0.000422973;1.18675e-05;0.000676329;2.56464e-06;2.91512e-08;0.0481925;7.78924e-06;3.3377e-06;1.26454e-05;0.949774;0.000363955;2.98018e-05
1.69743e-07;0.999741;9.21984e-08;2.97395e-08;1.57308e-08;9.5975e-09;4.13223e-05;1.01005e-06;8.0084e-09;8.3888e-05;7.53407e-09;7.09425e-09;2.97593e-06;0.000129095
1.88883e-12;7.43378e-12;0.999996;6.15285e-10;9.09683e-11;6.33624e-11;9.60376e-12;4.57279e-13;3.77351e-11;6.76742e-11;1.55686e-10;4.48384e-06;2.29334e-14;1.6646e-09
1.37288e-06;0.998241;6.50102e-06;8.78644e-08;1.52271e-05;6.85991e-08;3.37097e-07;0.000398951;5.69241e-09;4.88936e-08;1.23237e-08;1.14557e-07;0.00133595;4.66031e-08
4.88678e-10;0.999923;2.64067e-12;3.38759e-10;4.78846e-10;1.04293e-11;4.85367e-05;2.98664e-10;1.79218e-11;9.68456e-06;8.90257e-11;1.17654e-12;1.11224e-11;1.91683e-05
1.45462e-12;4.91706e-13;0.999995;1.7683e-11;3.51774e-11;2.25299e-11;4.41982e-11;2.57764e-14;2.60602e-12;6.47826e-12;4.09087e-11;4.76488e-06;1.08159e-15;2.13947e-12
5.66461e-05;0.877444;7.61278e-07;4.73154e-06;4.60161e-06;1.35914e-06;0.0941445;0.0247745;0.000377719;1.54376e-05;0.000223665;9.58938e-09;0.00295166;5.80978e-07
3.43801e-05;0.995987;5.90061e-07;2.34891e-06;3.59498e-07;1.5994e-07;2.94614e-06;0.000247049;0.000161243;3.60666e-08;7.66589e-06;7.39502e-05;0.00348202;3.89693e-07
4.05095e-05;0.00255666;9.87009e-10;7.27822e-06;0.00191559;7.10779e-05;3.93483e-07;0.985518;3.39866e-06;4.31994e-06;2.37269e-07;1.40891e-06;4.27641e-06;0.00987706
4.88356e-06;0.00298881;9.37548e-07;2.32214e-08;1.9051e-10;6.91678e-09;1.92861e-07;3.25145e-06;4.44007e-07;3.37101e-09;4.34301e-06;5.84071e-06;0.996991;1.33342e-09
2.76999e-05;0.00134906;2.40571e-07;2.33203e-06;6.81943e-07;1.20892e-06;7.10774e-08;0.00500249;0.000528321;2.1236e-07;0.000237003;0.921001;0.0718484;9.84074e-07
1.06494e-06;0.999592;2.1824e-07;4.543e-09;2.72086e-10;8.01999e-09;2.21005e-08;1.53209e-07;1.18469e-08;3.24042e-08;6.72594e-09;0.000121051;0.000285611;4.57043e-10
4.22322e-10;1.32056e-05;2.53996e-08;1.67811e-07;1.07854e-05;4.29602e-06;7.02421e-13;0.000126762;2.9188e-09;1.12321e-09;9.39031e-09;0.99984;2.97312e-06;1.41697e-06
4.94009e-06;0.170415;1.95832e-10;4.93091e-06;1.12223e-06;2.31634e-06;3.17219e-07;5.24017e-06;4.091e-07;9.59681e-08;0.000108522;9.54162e-06;0.829369;7.84157e-05
4.97769e-07;0.00320523;4.34744e-06;2.77328e-07;2.4712e-06;1.52639e-07;6.55806e-09;0.000171767;3.84632e-08;1.99246e-08;4.42792e-07;0.99647;3.9348e-05;0.000104998
0.000101707;0.218316;5.32294e-05;1.63462e-05;0.000404251;4.52356e-05;2.09411e-06;0.0552144;2.59707e-06;5.52024e-06;1.38569e-06;0.0925499;0.00677282;0.626514
2.33543e-05;0.160433;8.88589e-05;3.4335e-06;6.71594e-07;0.000149327;6.48732e-06;0.00127605;7.45845e-06;6.61831e-07;2.10451e-05;0.113334;0.72462;3.60225e-05
2.34647e-06;0.000305573;0.998175;1.36591e-05;7.19418e-08;1.65121e-06;4.80456e-05;2.10457e-08;3.37242e-07;4.80713e-05;8.3847e-07;0.00125403;9.18208e-05;5.82671e-05
4.012e-10;4.71726e-11;1;3.45606e-10;9.58472e-11;2.47762e-11;2.97224e-09;2.01467e-11;3.07788e-09;9.11094e-11;4.48741e-08;2.40742e-07;8.24981e-12;9.41611e-12
3.933e-06;0.03429;2.69971e-09;2.59843e-06;8.66211e-06;8.77655e-06;2.65778e-06;0.957961;0.00176652;7.52211e-07;0.00174624;0.000101378;0.00410471;2.77463e-06
6.82335e-06;0.961583;9.50304e-07;8.5468e-08;7.42998e-07;9.61622e-09;3.29271e-07;2.74495e-05;8.19425e-08;1.06146e-06;4.95634e-07;0.0323185;0.00605994;3.10594e-08
8.7176e-07;2.91237e-05;7.1422e-06;1.82954e-06;0.000244097;8.28775e-05;1.78834e-08;4.38355e-06;6.39037e-06;2.97943e-06;4.26092e-07;0.99918;0.000278902;0.000160759
0.000475246;0.483032;0.510006;2.73312e-06;4.30933e-06;3.48219e-08;0.00566822;0.000465943;0.000267196;7.4744e-05;4.18891e-07;1.46758e-06;1.6956e-06;2.65341e-07
2.0676e-09;3.25773e-10;0.999999;3.15838e-10;1.37692e-10;5.70159e-12;6.63608e-10;2.49392e-12;9.78649e-07;3.84119e-11;2.3679e-09;3.08022e-07;4.33118e-13;2.55869e-11
1.937e-05;0.0443137;1.7834e-05;1.08212e-07;4.48604e-07;1.64067e-06;1.44223e-08;0.955223;7.20692e-05;6.78626e-08;1.61315e-08;0.000340482;1.08548e-05;5.73851e-07
2.97134e-07;0.0015419;4.67547e-09;1.51035e-07;2.26448e-07;1.16524e-05;3.14136e-08;0.00301337;1.52986e-05;2.86844e-08;2.98207e-06;6.01259e-07;0.995413;2.44116e-07
1.61649e-08;2.81749e-05;1.35796e-06;9.04831e-09;8.53536e-08;1.74472e-10;1.8065e-12;4.7713e-06;1.77057e-08;1.30109e-10;2.41785e-09;0.999953;1.20568e-05;2.06117e-09
1.09209e-05;0.0194042;1.30398e-08;3.75501e-07;3.96556e-06;6.37851e-07;1.80737e-07;0.456563;2.38237e-05;1.3293e-07;1.50353e-06;0.000354989;0.523636;4.40115e-08
4.762e-06;0.166625;8.88205e-05;9.65319e-06;2.14264e-07;1.24449e-06;2.1075e-07;0.0497553;4.03936e-07;8.6807e-07;4.3594e-07;0.779067;0.00444384;2.09194e-06
0.000469717;0.0245377;0.00470239;0.0183174;0.116705;0.0208208;0.000226363;0.69014;0.000725743;0.00503529;0.000337934;0.0552234;0.0356431;0.0271153
0.000360995;0.00741061;3.17034e-07;0.000499164;0.0114434;8.15552e-06;9.17762e-05;0.970298;0.00584918;3.56874e-05;0.00313351;0.000146512;0.000721621;1.33147e-06
1.18711e-05;0.000362102;0.998131;5.51149e-05;0.000210562;2.58073e-05;4.96694e-06;7.83028e-07;3.44163e-07;8.12234e-05;1.69116e-05;0.000866294;0.000205961;2.75895e-05
4.09039e-06;0.995664;4.52243e-10;1.81673e-06;4.18338e-06;6.25836e-08;1.89559e-06;0.0037031;0.000147709;3.63935e-08;9.14846e-05;0.000187213;0.000168046;2.67604e-05
7.41386e-08;0.974433;3.27936e-10;2.98072e-08;2.14289e-06;7.88806e-10;2.79883e-08;0.0241186;3.2121e-09;9.29454e-09;8.35702e-10;4.641e-06;0.00144128;1.77692e-07
5.71214e-08;2.88547e-05;0.00134565;3.99493e-06;2.64722e-05;3.26615e-06;7.51894e-09;1.22692e-05;1.68456e-10;2.2562e-07;1.92688e-08;0.998536;4.12024e-05;2.01307e-06
8.21772e-05;0.978498;4.46641e-07;5.91187e-05;4.69654e-07;3.86397e-07;0.000496654;0.00675442;0.00060398;8.3974e-07;0.0114938;0.000515622;0.00148802;5.75252e-06
0.000313455;0.0244969;0.000859146;1.20832e-05;7.89308e-05;0.000359223;1.6834e-06;0.0200937;6.42651e-05;2.95286e-06;7.21208e-05;0.0214975;0.932148;1.53576e-07
1.10955e-07;0.986986;1.86752e-07;7.47555e-08;6.75461e-08;7.3623e-08;0.000651324;9.30173e-08;2.61729e-08;0.000459907;4.14479e-08;6.7285e-08;1.63786e-06;0.0119009
1.26681e-13;1.30306e-15;1;3.39939e-11;7.02681e-12;9.46643e-13;1.06475e-11;5.01559e-15;3.86732e-11;6.43859e-12;1.08988e-10;6.09537e-10;6.20469e-16;3.3241e-13
0.000215839;0.00955923;5.44068e-07;0.000103952;0.000428241;9.75779e-06;0.000368578;0.972273;0.0120837;1.18781e-05;0.00480442;1.06508e-05;0.00012433;5.65206e-06
2.60419e-05;0.150041;1.79994e-07;9.47117e-07;6.78783e-07;4.53135e-09;1.37019e-05;0.849281;0.000264929;1.75675e-06;3.69464e-05;1.38152e-05;0.000318549;9.87102e-10
7.56028e-07;0.000336796;0.975846;6.87365e-05;0.00225675;0.00135366;1.87972e-07;0.000135603;7.17324e-08;0.000292712;3.26158e-07;0.0176556;7.40443e-06;0.00204505
2.92803e-05;0.960674;3.15174e-07;0.000168035;7.61301e-06;1.01482e-05;0.00113861;0.00854668;0.00421313;4.06065e-06;0.0184038;0.00386948;0.00280845;0.000125995
7.54735e-06;0.971692;1.74317e-07;7.69223e-06;5.77453e-06;2.96425e-07;1.05245e-06;0.027874;5.01342e-06;2.04388e-06;3.25151e-06;5.2307e-06;0.000327367;6.89955e-05
8.68933e-07;0.999371;4.59251e-07;1.90298e-07;1.13224e-08;1.07015e-08;0.00044334;1.67528e-06;5.17154e-07;2.87752e-05;3.66492e-07;5.62697e-09;0.000131428;2.14589e-05
5.40714e-12;2.29064e-12;1;5.13711e-12;1.05651e-10;9.68389e-11;4.42579e-12;1.11725e-11;7.77719e-12;1.82505e-11;9.44482e-12;7.72874e-10;4.58223e-14;4.94485e-10
7.35964e-10;1.31264e-07;1;2.06331e-10;2.89172e-10;2.60874e-10;3.57347e-08;8.92019e-11;2.51107e-09;7.81885e-10;3.31808e-10;7.05963e-11;1.85787e-10;9.32139e-10
2.81675e-11;2.95328e-07;1.21776e-06;3.44014e-10;3.02411e-08;9.68778e-10;6.97273e-11;3.85246e-07;3.41915e-08;7.91443e-12;1.14885e-08;0.999998;8.58278e-10;7.866e-09
9.56598e-08;0.328631;1.24521e-08;1.04946e-07;6.19475e-06;1.24521e-05;1.44893e-08;0.00215634;1.23257e-07;2.69571e-09;3.11969e-05;8.22268e-06;0.669152;1.34994e-06
9.5742e-07;0.0206275;4.07981e-06;4.05725e-07;5.61941e-06;2.15282e-07;2.14694e-09;0.00755081;9.9686e-08;3.40136e-08;3.63271e-07;0.971657;5.64752e-05;9.59715e-05
6.22271e-06;0.998116;1.65175e-10;4.46612e-08;4.39084e-06;4.53288e-08;8.13333e-09;0.000423269;4.78561e-09;4.00187e-08;2.07209e-08;8.09542e-07;9.40278e-06;0.00143978
1.83498e-06;0.0368683;8.25069e-06;1.63303e-08;9.16117e-08;4.20615e-08;5.84726e-10;0.000238623;8.15743e-08;3.68391e-10;1.39381e-07;0.956927;0.00595605;8.25895e-08
4.02405e-07;0.000594022;1.11741e-08;3.20291e-07;6.84881e-06;1.73378e-06;3.783e-08;0.000474148;4.53969e-06;9.44832e-08;2.53377e-06;7.26936e-05;0.998841;1.64828e-06
7.2988e-05;0.00110942;2.51811e-05;0.000312856;0.000212618;0.00143289;1.96777e-07;0.00175902;0.00044641;1.46701e-06;0.000407023;0.972534;0.0215162;0.00016949
3.02194e-06;0.000884838;9.65723e-08;3.65321e-07;0.00020487;0.000369146;2.03371e-06;0.99817;1.68415e-05;2.63641e-06;2.71552e-05;1.681e-05;0.000208055;9.37917e-05
0.000147283;0.0832879;3.52778e-06;0.00035221;0.000124615;0.000208856;5.47257e-05;0.745728;0.00179994;3.05509e-05;0.00601439;4.65708e-05;0.161437;0.000764941
9.74313e-05;0.00279637;1.38602e-07;1.07524e-08;6.77611e-06;7.8217e-09;3.72063e-09;0.995267;9.73061e-08;2.48747e-08;1.37467e-08;0.0017531;7.6629e-05;2.69225e-06
1.19806e-07;0.0331301;1.35042e-05;1.60545e-07;7.60582e-05;1.35449e-05;5.35662e-09;0.00172297;3.97826e-08;3.12308e-08;3.45575e-07;0.963428;0.000161096;0.00145415
1.05779e-07;0.00395958;4.98132e-07;6.0035e-08;5.0923e-07;1.32707e-07;2.30669e-07;0.00193403;4.81266e-08;8.33502e-08;2.66862e-06;3.54513e-06;0.994098;1.11336e-08
1.25305e-05;0.547856;6.34637e-07;0.000242516;0.000118081;0.000128213;3.47779e-07;0.000488919;0.000227311;1.11005e-05;0.00032618;0.0111174;0.136805;0.302666
6.71052e-05;0.651676;1.56946e-07;5.56367e-06;0.000171704;2.4557e-07;1.24581e-06;0.0242737;5.22931e-06;1.80607e-05;3.06319e-06;0.316951;5.89851e-06;0.00682129
1.30918e-07;1.04536e-07;0.999852;5.10874e-08;2.1339e-05;2.61707e-08;3.10153e-08;3.42244e-08;9.132e-09;1.36648e-07;5.44418e-09;0.000125133;2.35762e-08;7.85598e-07
2.15844e-05;0.000179109;1.28013e-11;3.00104e-06;3.00595e-05;0.000728011;9.80591e-05;0.00391206;0.0289772;1.14313e-06;0.00188731;1.69289e-07;0.964162;2.75297e-07
2.28486e-06;0.0800976;0.919885;9.94727e-09;6.0435e-07;9.23966e-09;5.69236e-10;1.41814e-06;2.19959e-10;5.33316e-09;2.26744e-11;5.28441e-06;3.88131e-07;7.05032e-06
3.83891e-07;0.0112396;2.66996e-10;2.87593e-08;6.91741e-07;1.61642e-07;1.22647e-08;7.59328e-05;3.64806e-08;4.64673e-08;1.06307e-08;1.22505e-06;0.988679;3.18821e-06
5.91441e-06;0.0079265;1.25101e-08;0.000114603;0.000744116;0.000188172;1.06113e-06;0.000332157;0.00134776;4.86609e-06;8.90161e-05;0.00547255;0.000846122;0.982927
4.92397e-08;0.00213165;4.01318e-11;3.44387e-10;7.0978e-10;9.80354e-10;3.6262e-10;8.46051e-07;2.88338e-10;4.34251e-11;1.97887e-09;4.05679e-07;0.997867;3.53345e-12
7.87174e-07;0.118201;3.60471e-08;6.0945e-05;0.000389158;0.00934757;1.47844e-07;0.000694596;2.49244e-06;2.18503e-06;1.13815e-06;0.00660699;0.863442;0.00125107
0.00011991;0.0210028;0.83293;0.00268819;0.0493614;0.00061851;8.42256e-07;0.00160561;1.23159e-05;1.06697e-05;0.00011225;0.0310046;0.00736063;0.0531719
4.13405e-06;0.835826;7.20447e-07;9.59829e-06;3.70487e-07;2.89612e-05;1.94104e-05;0.000117588;4.11354e-06;1.77952e-07;0.0024825;0.00587697;0.155624;4.67026e-06
6.65376e-08;0.00103804;5.01966e-08;1.1338e-07;5.2292e-08;2.85319e-06;3.0108e-07;4.29935e-05;4.38648e-08;6.52054e-08;5.25374e-06;5.94333e-08;0.99891;3.58926e-07
3.33928e-07;0.00302254;1.29936e-06;0.000372718;0.000236208;0.000309027;1.10166e-07;0.000499583;2.93606e-05;3.8206e-06;0.000150711;0.00308989;0.000377558;0.991907
1.70937e-06;0.988196;2.33472e-05;7.77618e-06;6.99558e-06;1.89006e-07;2.00897e-08;0.00758334;2.39534e-08;5.42039e-07;1.2922e-06;0.00258303;0.00155361;4.1831e-05
8.36001e-06;0.0175436;7.01727e-10;0.000122862;0.00251587;1.10722e-06;1.45657e-06;0.978524;5.5176e-06;8.56527e-06;2.9674e-05;5.07826e-05;9.00575e-06;0.00117938
1.20542e-06;0.00112701;0.997454;3.58619e-06;4.50993e-05;1.52556e-06;2.9954e-09;3.68503e-06;6.69592e-10;6.41163e-08;2.58763e-07;0.00115458;0.000204397;4.78572e-06
8.78683e-07;0.910159;1.6935e-10;1.86748e-08;2.45585e-09;6.30071e-09;2.38018e-05;2.39828e-07;9.21885e-08;7.3343e-07;8.98209e-07;4.98769e-08;1.96531e-06;0.0898127
5.48534e-05;0.00125988;5.50891e-06;0.000166201;0.000189088;0.000290014;0.649655;0.00101134;0.166264;8.70772e-05;0.180833;2.454e-05;0.000140391;1.9039e-05
0.000385329;0.999324;2.37823e-05;1.11322e-05;5.75357e-06;1.23018e-07;6.33861e-07;5.09067e-05;8.42083e-06;1.12505e-06;3.53147e-06;6.08448e-06;0.000178387;8.10083e-07
0.000640541;0.983361;1.09714e-08;7.76463e-06;1.48233e-06;4.02961e-08;0.00334199;0.000223102;1.9102e-05;0.00338749;5.83963e-07;2.13141e-08;4.4718e-06;0.00901239
1.28461e-11;7.62092e-14;1;1.09766e-11;3.2324e-10;7.06734e-12;1.694e-12;1.7172e-13;6.24315e-11;2.67471e-12;1.09104e-11;5.75184e-08;3.6794e-16;4.60833e-11
8.55482e-06;0.00978252;1.75087e-08;2.64342e-08;0.000124371;6.28347e-06;2.67826e-07;0.00125951;4.22265e-06;1.03169e-08;1.05295e-06;0.00128208;0.98753;6.81922e-07
2.75495e-07;0.998434;4.83421e-11;2.61348e-07;4.79108e-06;4.39857e-07;0.000416857;0.000296747;3.55124e-07;2.08318e-05;1.96622e-07;2.64523e-09;6.54993e-05;0.00075961
9.8198e-12;5.68009e-11;1;4.13068e-11;2.86635e-12;2.17178e-12;3.26628e-12;2.3867e-12;1.06634e-11;8.49324e-13;9.28926e-11;1.7779e-09;5.90148e-14;6.34284e-13
0.000180045;0.956058;6.72509e-07;0.000449425;2.83571e-06;3.16715e-05;0.000342917;0.0099219;0.0170721;1.86896e-05;0.0133858;6.84719e-05;0.00172418;0.000743662
1.59011e-05;0.980583;0.000117096;6.101e-06;7.57613e-07;1.1447e-08;1.95995e-05;3.18541e-05;9.68218e-06;3.53823e-06;8.39735e-05;0.0190652;6.34437e-05;8.28364e-08
5.03118e-07;0.993619;1.08399e-10;5.25161e-06;3.83189e-06;2.77709e-08;1.80636e-06;5.49473e-05;7.12372e-07;4.73895e-07;4.09755e-06;0.00629743;1.2002e-05;1.14617e-07
0.000577786;0.0566604;0.0176763;0.000205558;0.00084967;0.00713764;3.26021e-05;0.000582686;2.56446e-06;0.000944074;9.92871e-05;0.912572;0.000838628;0.00182103
1.1571e-06;7.92702e-06;7.65972e-10;9.05851e-09;1.67393e-08;4.47174e-08;1.23047e-07;5.95748e-05;7.71396e-07;9.89115e-10;3.0418e-06;5.31632e-05;0.999874;6.00862e-11
1.17652e-06;1.47503e-05;1.50696e-07;8.30348e-07;2.03573e-06;3.24175e-08;4.73871e-10;2.29476e-05;4.82527e-06;1.62839e-08;4.36239e-07;0.999531;0.00042178;2.43778e-07
2.41198e-06;0.0629091;4.07356e-10;3.19852e-07;5.18422e-06;6.11972e-09;2.44796e-06;0.937064;1.30416e-05;5.55457e-07;1.13875e-06;1.46915e-06;3.61188e-07;1.10084e-07
1.12816e-05;0.0142194;0.950618;0.000110245;0.00263367;1.38522e-05;1.54132e-06;1.32115e-05;6.24446e-07;1.15481e-05;3.67705e-05;0.000265994;0.0320533;1.05431e-05
1.87731e-06;0.935388;4.40681e-09;2.74634e-08;3.88236e-06;9.40166e-09;3.50486e-05;4.38543e-05;3.38414e-08;8.16149e-06;1.65441e-08;2.8225e-09;1.73112e-06;0.0645171
7.80844e-13;5.78149e-13;0.999991;7.23887e-13;1.20358e-09;4.3309e-13;6.77152e-13;1.2436e-13;4.21926e-12;1.02563e-13;9.55147e-13;8.71617e-06;1.74945e-17;3.69157e-11
2.14181e-05;0.968914;4.23733e-07;1.83397e-07;0.000462446;1.62288e-06;4.95961e-05;0.001381;0.000319874;1.12349e-07;1.71267e-05;5.74751e-07;0.0286551;0.000177049
8.32836e-08;0.999612;5.74466e-09;2.57612e-08;3.51668e-07;4.4333e-09;6.10064e-05;9.51921e-06;3.18537e-07;4.54385e-06;4.24493e-08;1.07402e-07;1.54008e-09;0.000311797
5.10204e-09;5.5619e-08;0.999982;2.93348e-09;1.43292e-08;2.32082e-10;1.58433e-09;4.11958e-11;3.45171e-09;1.13495e-10;5.05901e-09;1.79492e-05;9.33704e-11;1.23057e-08
0.000170337;0.939528;4.09506e-10;3.12799e-07;0.000157361;1.83688e-07;3.36535e-05;0.0588886;0.000125202;4.8928e-07;6.90007e-07;1.19877e-07;3.6001e-06;0.00109131
2.22066e-07;0.000314081;5.71672e-05;5.90254e-08;2.11349e-05;8.95496e-06;2.17392e-10;6.16623e-08;1.59574e-08;3.96422e-09;1.2412e-08;0.999596;6.23906e-07;2.21749e-06
6.51959e-06;0.00491729;2.06671e-11;2.64849e-08;9.74493e-06;3.33432e-06;2.49313e-08;0.000410872;3.73033e-06;6.89877e-09;2.89748e-06;3.42593e-05;0.994601;9.79193e-06
5.63006e-05;0.000704898;0.00016288;9.92553e-06;7.25402e-05;0.000531846;1.71798e-08;0.000804715;0.000138578;1.41682e-07;7.40988e-05;0.983983;0.0131544;0.000307015
4.71678e-06;0.00346644;9.2066e-08;2.20219e-07;0.000981756;0.00442015;5.44502e-07;0.955363;2.33878e-05;1.45353e-06;6.3293e-06;1.8341e-05;0.0355714;0.000141934
1.49431e-05;0.00170289;5.93606e-07;1.4985e-05;0.000435559;5.69331e-05;7.58756e-07;0.984014;5.5954e-05;2.73757e-06;6.14117e-05;0.000709099;0.0121826;0.000747821
0.000103601;0.00107483;3.06818e-05;1.16041e-07;3.51801e-05;3.73462e-08;3.76162e-08;0.995365;4.27708e-06;1.69898e-07;1.87677e-07;0.00337193;9.22542e-06;4.92496e-06
5.16041e-07;0.0133888;3.2721e-05;6.41461e-06;1.5839e-05;5.35174e-06;4.83028e-08;0.000128316;2.92596e-05;6.68432e-08;0.000137097;0.986086;0.000119809;4.93701e-05
2.12708e-08;0.99983;1.59659e-10;9.94326e-09;8.96467e-09;1.31365e-08;3.02703e-08;1.41311e-05;2.90409e-08;3.96621e-08;8.58396e-08;1.31281e-05;0.000142398;5.2712e-07
9.52916e-07;0.000208018;3.67767e-07;7.11034e-10;3.40248e-07;3.51293e-10;3.40035e-08;0.000188886;9.42561e-07;3.68804e-09;8.11129e-07;0.99947;0.000129564;2.01238e-10
2.54189e-05;0.0092181;2.74805e-09;2.10516e-07;0.000670384;8.51788e-05;1.45507e-05;0.977932;8.32779e-05;5.96402e-06;1.91617e-07;2.91035e-09;0.0119455;1.908e-05
9.66684e-10;2.99191e-10;1;2.47255e-10;2.41164e-11;1.07746e-12;2.19047e-11;3.46826e-10;3.19072e-09;6.53184e-11;3.42472e-11;1.35454e-08;2.56331e-11;1.14873e-11
1.00969e-05;0.00241069;0.000151243;9.82173e-06;8.80557e-07;2.86066e-07;1.08362e-07;0.00168871;0.000867417;3.57258e-07;1.51876e-05;0.994615;1.47413e-06;0.000229095
1.5612e-05;0.985305;1.88324e-07;2.00265e-07;2.42232e-05;1.55248e-05;9.42421e-09;0.00354182;1.445e-05;3.66063e-07;1.02753e-06;1.57518e-06;0.0107486;0.000331615
4.66084e-06;0.00129415;4.99542e-09;5.22489e-07;0.00460624;6.13593e-08;6.07112e-09;0.976896;7.02162e-06;2.46446e-07;1.37367e-07;0.0171513;5.13617e-07;3.85948e-05
9.32189e-06;0.00390514;0.980678;3.95604e-07;0.0123559;1.04169e-06;8.73688e-12;0.00279692;4.25925e-09;3.09416e-08;5.42893e-10;0.000235765;1.25081e-05;5.185e-06
2.3569e-07;0.998779;1.75368e-12;1.9194e-09;1.34663e-10;2.38568e-10;8.87302e-08;5.21456e-06;4.94588e-08;8.65916e-08;3.90111e-10;3.08039e-07;2.29541e-07;0.00121425
0.000297988;0.130991;3.18485e-08;0.00115885;0.000365956;0.00267767;0.189296;0.32159;0.289837;0.000479123;0.014642;1.87839e-05;0.0485608;8.52509e-05
2.82369e-06;7.02316e-06;8.70181e-11;4.53117e-10;2.96698e-08;1.01957e-09;2.02468e-09;0.999989;2.76887e-08;4.14852e-10;2.67594e-10;3.14614e-08;9.14287e-07;1.45648e-08
6.53221e-09;7.85559e-05;8.68099e-08;8.87349e-07;0.000390659;3.65078e-05;2.74414e-08;3.56209e-05;6.48399e-09;2.03577e-06;9.08888e-10;6.75356e-08;1.64631e-06;0.999454
2.66194e-10;3.7412e-09;1;7.49922e-10;3.83173e-12;1.17262e-11;1.56943e-08;6.72354e-11;3.44819e-08;7.78834e-11;7.25893e-09;4.82666e-12;3.23488e-09;9.95451e-11
9.26203e-09;6.35319e-07;0.99999;9.33755e-08;3.9537e-09;3.83921e-09;2.82493e-09;4.49891e-06;9.85682e-08;1.00152e-09;4.7436e-09;4.87205e-06;8.57398e-09;2.14732e-07
1.96784e-10;2.42139e-06;1.02748e-08;1.112e-09;3.30595e-07;2.58715e-07;7.70666e-13;6.79022e-08;1.29037e-11;3.33403e-10;7.91733e-13;6.59358e-08;3.07266e-11;0.999997
1.33695e-08;0.99954;1.23785e-10;1.01051e-08;1.44916e-08;2.00097e-09;1.933e-09;1.72205e-06;5.60415e-10;1.77978e-10;8.6431e-08;0.000302273;0.000156072;2.15521e-09
7.75432e-10;0.997903;3.1446e-16;1.87756e-10;3.48335e-10;3.55631e-10;1.72339e-08;5.46314e-07;2.13522e-13;2.61041e-08;2.60015e-13;2.95958e-13;2.95809e-05;0.00206643
9.72522e-15;3.8127e-12;0.999999;5.35597e-12;8.8501e-12;2.55981e-12;1.36714e-13;3.44289e-13;1.28263e-15;4.26959e-12;1.87719e-15;6.89496e-07;3.50835e-16;1.04092e-11
2.10152e-07;0.998778;3.19189e-08;0.000538706;6.6223e-07;3.32474e-06;5.25277e-05;0.000419311;2.43945e-06;3.40763e-06;8.3741e-06;4.96455e-06;8.83149e-05;9.95996e-05
8.05049e-07;0.99956;5.10768e-08;1.34581e-06;6.74297e-09;1.39426e-09;4.80477e-06;0.000304847;3.872e-08;3.2656e-07;7.38742e-07;6.18117e-05;6.56422e-05;2.66964e-09
1.82538e-07;0.0078416;7.36669e-10;1.70467e-05;0.00153442;6.51536e-07;2.28751e-07;0.990575;5.98562e-10;1.65495e-05;1.02096e-09;5.86244e-07;3.09246e-06;1.02373e-05
1.32456e-06;8.60908e-06;0.99426;0.0004449;0.00016431;5.041e-06;4.38835e-06;8.06918e-09;1.9251e-09;0.00140303;2.54931e-06;0.00304233;9.08934e-07;0.000662778
9.55367e-07;7.97312e-05;5.59506e-09;1.37772e-08;2.09399e-10;2.79817e-10;0.999552;4.91235e-09;5.63556e-07;0.00034973;1.6819e-05;8.46174e-12;6.50679e-07;4.76601e-09
3.07889e-10;1.7897e-11;1;1.42474e-08;2.07402e-10;3.49644e-10;1.47064e-07;1.42914e-12;1.15291e-08;1.80114e-08;1.34073e-07;1.40979e-07;4.03847e-15;1.6371e-11
2.75718e-05;0.999436;2.32586e-10;1.21206e-06;4.50985e-09;3.30363e-08;2.75495e-05;0.000170488;1.0083e-05;9.68887e-07;9.87382e-06;6.47031e-05;0.00025184;5.91965e-09
3.62481e-08;5.32737e-05;2.11639e-12;1.98976e-08;5.88594e-06;4.05219e-10;1.35753e-08;0.999941;4.76039e-09;1.94983e-07;8.21448e-10;6.70983e-09;2.60707e-08;6.30992e-09
3.74991e-06;0.000258142;0.999511;1.19311e-05;2.8702e-06;4.53123e-07;5.32784e-06;9.84886e-08;2.54929e-09;8.92718e-05;3.51275e-07;0.000111053;3.14477e-06;2.20803e-06
5.57921e-07;0.00150112;1.23677e-08;6.52695e-09;2.16262e-11;1.85699e-10;0.998131;2.88718e-10;8.07377e-08;0.000363184;2.98695e-07;2.46857e-13;2.49111e-07;3.63253e-06
8.83748e-14;1.50369e-14;1;6.73883e-13;1.34144e-13;1.58091e-13;1.14844e-11;7.29921e-15;1.55868e-11;1.06045e-12;2.44933e-11;7.57951e-11;2.11487e-16;7.43249e-16
