3.55225e-07;0.999958;6.32889e-06;4.11717e-07;1.21287e-07;4.2128e-09;8.8579e-09;6.20295e-06;2.9909e-09;2.52974e-08;2.17405e-09;2.7057e-05;2.60134e-07;9.73771e-07
3.42687e-06;0.99891;4.50902e-08;6.22581e-08;1.23612e-09;2.87301e-09;1.18325e-06;3.42743e-07;1.48551e-08;7.47652e-08;6.88812e-08;0.000136947;0.000948224;1.86771e-08
7.27438e-09;8.37757e-05;4.26244e-09;1.69555e-09;2.79451e-07;3.73404e-07;1.85317e-11;0.00113044;1.73656e-09;1.4167e-10;3.42479e-09;0.998781;4.35867e-06;5.41913e-08
1.74164e-09;0.999663;7.72273e-10;6.73851e-09;1.09923e-09;2.29989e-09;0.000237043;1.04493e-08;8.17676e-10;2.12814e-06;5.81991e-10;2.20557e-10;1.01579e-08;9.75082e-05
3.35282e-11;1.49675e-12;1;1.06896e-09;5.18639e-10;6.27313e-10;1.73986e-10;8.74877e-11;6.24782e-10;5.02978e-11;1.38766e-08;3.55221e-07;9.70204e-12;8.85248e-12
3.1042e-07;0.00267485;3.92959e-09;1.17267e-07;2.05157e-07;1.42147e-06;5.91568e-05;0.00806525;8.73978e-06;3.56644e-07;9.21179e-05;3.30473e-10;0.989097;1.20684e-10
1.88585e-11;1.54125e-10;1;3.27194e-10;2.9319e-11;1.77728e-10;2.11012e-10;9.75024e-12;2.19679e-09;1.12833e-10;1.16477e-09;1.57236e-10;6.75578e-11;3.13048e-11
7.96503e-08;6.09512e-05;4.50505e-06;5.18576e-07;3.85238e-07;1.87372e-07;7.55196e-10;2.60196e-05;4.78785e-07;1.90151e-09;5.96122e-08;0.999884;3.47689e-06;1.9535e-05
6.84873e-08;0.999974;5.3561e-14;5.91367e-11;2.31269e-07;1.71138e-09;3.41789e-09;6.85085e-07;1.28862e-10;1.92768e-09;2.91847e-11;1.1467e-09;2.28449e-05;2.18625e-06
1.4055e-07;4.08173e-05;0.00032525;3.00934e-08;0.183851;0.00108091;5.8651e-11;5.9753e-06;1.00184e-09;4.21157e-08;2.81792e-10;0.813919;3.13936e-06;0.000774209
1.77261e-07;0.999333;2.7784e-15;4.04091e-11;1.58515e-07;1.05356e-10;2.4589e-09;3.79432e-05;1.81815e-09;2.89234e-09;3.07472e-12;1.75221e-09;1.33607e-08;0.00062869
9.63613e-06;0.00413192;5.62523e-09;3.9632e-07;2.16083e-06;6.11703e-07;4.10015e-06;0.988364;9.66654e-05;1.05037e-07;3.62688e-07;1.60482e-07;0.0073895;8.85391e-09
6.98557e-07;0.996397;0.000128767;1.33503e-05;1.60886e-06;2.29516e-07;9.82201e-10;0.00324628;9.36009e-10;2.38358e-07;1.02895e-09;1.10417e-05;0.000184315;1.67589e-05
2.28208e-06;0.76903;1.30629e-11;0.000254621;1.49379e-07;3.09325e-06;0.000400344;0.0282866;0.00013531;3.93739e-05;0.00114196;5.14468e-07;0.200705;2.39745e-07
1.19716e-05;0.000340298;0.00178663;0.00107474;0.000458608;0.000120382;1.25244e-07;0.000276553;1.84936e-06;3.1975e-06;4.47322e-06;0.995528;2.54401e-06;0.000391029
0.00318148;0.0339187;1.41314e-05;3.01139e-05;3.89763e-05;1.8172e-05;8.74216e-05;0.48606;0.00743238;6.29864e-07;0.00465127;0.0671202;0.397445;1.24358e-06
0.000178751;0.0526768;1.25897e-05;0.000157253;0.00254062;0.000117054;1.0279e-05;0.00322145;0.00010772;4.69456e-06;0.00193719;0.140872;0.215796;0.582367
7.48011e-06;0.891432;8.5827e-07;5.18286e-06;2.86691e-05;5.50877e-07;7.21798e-07;0.0983968;1.20679e-05;3.52335e-06;2.9207e-05;0.00968371;3.7076e-05;0.000361891
0.00023694;0.859499;2.00402e-06;1.43544e-05;0.000487149;4.81423e-05;6.30192e-05;0.00167826;0.000468289;1.03552e-05;0.00625981;0.00763405;0.123597;1.46694e-06
0.00176725;0.182443;9.39586e-08;2.62406e-05;0.0005372;5.39897e-07;0.000225265;0.00331252;0.000283822;2.00612e-05;0.000130918;0.00279899;0.808204;0.000250285
8.47655e-05;0.00057315;4.85245e-10;5.21323e-05;0.0016638;0.000747034;3.35582e-09;0.989671;0.000333594;4.05207e-07;1.4722e-05;0.00360341;0.000853784;0.00240185
0.000130179;0.982915;8.46931e-07;7.97507e-07;7.86859e-08;6.40662e-09;1.09321e-05;0.00722097;8.33475e-06;5.7916e-07;1.93758e-05;2.1219e-05;0.00967114;1.1156e-06
4.15931e-05;0.00612002;2.64661e-06;7.18002e-05;0.0324131;0.000385674;5.48248e-06;0.914254;0.00778487;8.44985e-07;0.000245111;0.000524564;0.0330562;0.00509355
1.35307e-05;0.103709;2.30658e-07;4.87829e-06;0.0136556;5.49956e-05;5.66707e-05;0.87361;2.73593e-05;9.25182e-05;1.84093e-06;1.08012e-08;0.00874846;2.49644e-05
2.94615e-11;4.97618e-13;1;4.73231e-12;4.12622e-12;7.13597e-14;5.12173e-12;4.81739e-14;1.06479e-10;7.48376e-13;2.37343e-11;2.80881e-08;5.56072e-13;4.39297e-14
1.08583e-06;7.02763e-05;0.999732;4.01643e-07;8.1521e-08;2.69896e-07;4.58953e-07;5.55416e-05;2.26749e-06;2.16917e-08;2.85718e-07;9.78951e-05;3.81736e-05;7.76945e-07
5.75572e-05;0.0306974;6.70492e-05;8.92232e-05;0.0281042;0.240259;8.60376e-06;0.00121705;0.00131102;9.70117e-06;3.42807e-05;0.000122067;0.674527;0.0234956
1.85925e-06;0.00165639;1.19154e-05;3.03004e-06;0.00536372;4.73214e-05;5.32983e-09;0.00238805;3.77772e-06;1.7982e-07;6.26946e-08;0.0219575;0.968427;0.000139484
3.50162e-05;0.00212866;1.63701e-08;5.26351e-05;0.010453;1.86465e-05;9.75623e-10;0.985961;0.00035862;2.82183e-08;5.68143e-07;0.000189226;0.000801594;5.46654e-07
2.33004e-06;0.993972;2.83393e-10;6.41138e-08;1.17858e-07;9.84566e-10;2.30896e-10;0.00463894;3.73886e-09;3.43829e-09;5.31819e-10;9.95446e-07;0.0013854;3.79332e-10
0.000459794;0.81327;3.98047e-05;0.00722882;0.000192883;1.352e-05;8.07579e-06;0.0853898;0.00143365;0.000313488;0.000276483;0.048812;0.0425274;3.47623e-05
3.52554e-05;0.00151355;5.08192e-05;0.943565;0.000529313;0.00156026;0.000142499;1.89073e-05;0.0122333;0.00849366;0.00441528;0.000531119;6.3678e-05;0.0268472
0.0230977;0.925048;0.00196277;0.0128352;7.00982e-06;3.79519e-07;2.36308e-05;9.30901e-06;1.51401e-05;1.54723e-05;0.000199877;0.0057263;0.0308796;0.000179321
5.41476e-06;0.000181434;1.26283e-07;4.96219e-09;3.58474e-08;5.04908e-12;2.01177e-08;0.999809;3.51472e-07;5.75928e-10;9.93309e-08;4.18729e-08;3.16491e-06;1.23364e-10
9.6819e-08;0.000194488;0.99967;8.25785e-06;1.45968e-05;1.08731e-06;3.55193e-08;7.83325e-06;2.37634e-08;3.61455e-05;1.67819e-08;1.9431e-05;1.98956e-06;4.55941e-05
0.00105356;0.208421;9.08603e-05;0.00111093;0.000184467;0.000846432;0.00201555;0.00732731;0.285174;0.000325317;0.259286;0.126558;0.106965;0.000642477
