1.06475e-05;0.999448;0.000157843;8.23588e-06;1.49482e-06;3.57294e-09;7.79031e-08;6.32118e-05;1.55203e-07;1.16777e-07;3.67141e-07;0.000221284;8.83965e-05;4.14611e-08
2.79653e-07;0.999463;3.52594e-11;2.14627e-07;3.45008e-08;1.34352e-08;0.00040466;1.14435e-05;2.6444e-08;9.95492e-05;3.06125e-08;8.83422e-11;1.89481e-05;2.35474e-06
7.84727e-13;1.09801e-12;1;1.96763e-11;4.23817e-11;1.03025e-11;5.05914e-13;1.23616e-13;9.45648e-14;2.18594e-12;6.59763e-13;4.48019e-08;3.55495e-16;1.86239e-09
3.08478e-07;0.99324;9.32289e-11;9.12195e-08;6.90179e-08;3.6062e-06;6.73757e-07;0.00148725;4.40645e-08;4.76747e-09;2.80522e-08;1.17628e-08;0.00526799;3.60776e-07
4.5133e-11;3.14011e-11;1;4.50708e-11;2.79974e-13;4.55087e-13;1.1743e-11;2.1704e-11;4.49387e-11;1.23384e-12;4.81828e-11;1.35663e-09;3.08948e-13;6.27039e-11
4.25038e-06;0.000774394;0.0489341;7.12042e-06;1.26411e-05;6.13523e-07;1.08934e-07;0.000187367;3.20007e-06;7.26541e-08;1.45921e-06;0.102659;3.24551e-06;0.847412
4.09052e-09;1.46861e-05;8.68509e-10;4.19076e-10;0.000665259;1.2967e-06;4.66673e-11;0.999314;3.05101e-09;1.41854e-10;5.20415e-10;9.00067e-09;3.16327e-07;4.08655e-06
5.71385e-13;2.21441e-10;0.999999;3.20352e-11;2.63585e-08;8.4693e-10;3.91559e-14;2.60319e-13;4.39914e-15;5.97894e-12;4.32471e-12;1.11508e-06;2.88623e-10;6.93315e-09
1.36151e-08;0.999398;5.2237e-11;5.84612e-08;9.12918e-09;3.48694e-09;2.57077e-08;9.91769e-06;1.66919e-07;2.39637e-10;3.34609e-06;3.79658e-08;0.000587171;8.10771e-07
2.23277e-09;0.000612656;8.84292e-13;8.14876e-11;0.000163832;1.31086e-10;1.42002e-12;0.999223;3.95889e-11;4.27005e-11;8.25036e-11;1.72994e-09;7.85069e-09;4.20154e-07
2.8218e-09;0.00122769;0.998536;4.45593e-07;0.000180018;4.57741e-06;1.11639e-08;1.61527e-06;4.34697e-11;2.78252e-06;2.69227e-09;3.34193e-08;5.10202e-06;4.2209e-05
1.87521e-10;6.60109e-11;1;6.20278e-11;1.34594e-09;1.26828e-11;2.98473e-11;9.4502e-10;1.09433e-10;8.00056e-12;2.35723e-10;2.72432e-10;2.04067e-11;2.02596e-09
2.34977e-09;9.63644e-07;0.999928;1.34707e-10;2.17606e-10;9.42956e-10;6.93738e-11;5.81771e-09;9.74043e-11;1.04664e-11;8.83707e-11;7.06994e-05;9.06085e-09;9.13906e-08
2.58492e-09;3.23722e-05;8.15264e-12;6.79879e-10;0.000150525;2.5679e-05;1.46318e-07;9.06449e-08;2.29814e-09;7.08681e-08;9.58775e-10;8.80727e-13;1.52274e-08;0.999791
2.5778e-12;2.86466e-13;1;2.23084e-12;1.63666e-10;4.55482e-11;1.76777e-13;7.14709e-12;2.07153e-12;2.90474e-13;5.79221e-12;1.7844e-08;6.75844e-11;2.03811e-12
1.54004e-07;3.83106e-06;2.91003e-08;2.60041e-08;3.71727e-05;5.82321e-06;1.35428e-09;0.997114;1.76703e-06;1.28453e-09;4.73396e-08;7.118e-09;0.00283688;1.04311e-08
1.21638e-05;0.744122;4.44434e-07;0.000469817;0.000284335;0.000987277;1.78899e-10;0.138401;1.65367e-06;4.30029e-07;8.92363e-07;0.0973234;0.0156592;0.00273736
4.43951e-07;0.988224;1.66146e-09;8.32812e-08;8.2826e-08;2.2712e-08;3.7165e-10;0.000155098;3.34094e-10;2.27083e-08;1.30293e-09;1.35429e-05;0.0116051;1.5047e-06
1.10593e-05;0.00552271;2.6766e-06;1.8146e-06;0.000447595;5.20214e-05;2.35445e-09;0.00249146;1.71698e-07;4.01786e-07;1.63442e-07;0.990418;0.00032355;0.000728378
5.38463e-06;0.985453;8.27347e-13;5.80253e-07;5.32323e-08;3.01234e-08;2.35732e-06;1.6592e-06;6.51434e-05;6.00169e-07;3.26266e-06;1.00657e-08;1.15361e-05;0.0144565
0.00378082;0.0141764;5.76374e-07;2.52758e-05;0.000151898;2.10525e-06;0.0135995;0.886741;0.0629594;5.79191e-06;0.0171845;1.56923e-06;0.0013549;1.63466e-05
7.28209e-07;0.997259;5.68778e-10;9.1914e-08;1.34892e-05;3.15199e-05;2.00149e-09;0.000923292;3.57293e-07;2.21987e-08;6.914e-09;0.000606181;0.000965056;0.000200455
0.000135415;0.0770892;0.000484607;0.000347297;0.00402147;4.32684e-05;7.49119e-05;0.0716064;4.75211e-06;0.000256067;1.86242e-05;0.833584;0.00393806;0.00839595
0.000555334;0.158641;0.00349919;0.00398589;0.000937982;0.000144637;5.76037e-05;0.027733;0.00173666;1.84927e-05;0.0124853;0.0245159;0.0346502;0.731039
7.76796e-05;0.606576;1.80175e-05;2.52947e-05;4.56088e-06;1.17498e-06;0.000463268;0.0115307;7.23312e-05;0.000265785;4.69383e-05;2.16054e-08;0.380246;0.000672197
7.21597e-12;2.7095e-10;1;2.53057e-10;1.87474e-10;3.90015e-12;5.5128e-12;4.0207e-10;6.83926e-12;1.54929e-10;1.251e-12;1.5943e-08;9.12855e-15;1.03056e-10
6.29282e-05;0.781495;8.6056e-05;0.000300043;0.00143294;0.000118193;0.000349073;0.174556;0.000585295;8.85473e-05;0.000271338;0.0360578;0.0027877;0.00180923
6.59516e-07;0.0335451;6.04025e-06;1.57323e-05;1.48831e-06;0.000605321;8.82667e-06;7.65667e-05;2.76142e-05;3.49802e-06;0.000285309;0.00135067;0.963962;0.000111671
2.66056e-06;0.00885114;0.957855;0.000187719;5.37908e-05;0.000145474;0.000302636;4.83566e-06;1.67175e-08;0.00164313;9.05262e-07;0.0164289;0.00974381;0.00477953
9.23224e-10;4.06842e-09;1;4.54188e-09;6.77817e-10;9.41912e-10;3.47867e-08;1.50823e-10;1.41768e-09;8.87967e-10;9.96797e-08;3.5926e-08;3.69313e-09;8.09268e-11
1.53019e-06;0.996203;3.30319e-07;5.29977e-05;0.000353288;3.17456e-05;3.88221e-06;0.0015744;3.72266e-05;5.96779e-06;0.0014721;1.19178e-05;0.000234748;1.68158e-05
3.3787e-08;5.29269e-06;6.33215e-08;5.68567e-06;0.0615071;0.391038;3.28254e-08;5.75979e-05;7.64378e-08;1.34828e-05;4.15367e-06;0.00014123;2.12746e-05;0.547206
7.97384e-07;0.101766;1.10984e-08;6.50037e-08;1.85202e-08;8.15282e-08;2.02574e-06;1.02765e-05;2.10424e-08;2.9577e-08;6.23385e-06;8.67532e-08;0.898214;3.1263e-09
8.95722e-06;2.81305e-05;1.2239e-05;5.156e-07;2.94243e-05;4.74333e-09;1.88977e-09;0.00117307;6.79486e-07;2.05956e-07;7.62585e-08;0.998732;1.46903e-05;2.24908e-07
9.85348e-06;0.932188;0.0012149;5.10622e-05;4.6261e-05;1.0295e-05;4.71455e-07;7.77615e-06;7.54984e-08;1.80856e-05;8.05931e-07;0.00020087;0.0662181;3.34859e-05
2.37191e-05;0.123666;5.95464e-06;1.43278e-05;8.98785e-06;1.28474e-06;4.09343e-06;0.00179869;9.35403e-05;4.01559e-06;0.000782628;0.867235;0.00632128;4.06331e-05
1.01992e-05;0.962851;1.36582e-07;0.000135136;0.000793042;0.000119134;1.06637e-05;0.0114162;0.000121707;2.44911e-05;0.000236685;0.0116785;0.0113528;0.0012504
0.000795271;0.00427964;1.38505e-05;2.83473e-05;1.77859e-05;2.31886e-05;1.62767e-05;0.00570501;1.1064e-05;1.36395e-05;8.55324e-05;0.0610669;0.923724;0.00421988
2.17749e-05;0.549142;0.000305304;2.36093e-08;3.07651e-07;3.99899e-07;1.80975e-08;0.00200175;4.76426e-07;3.11812e-09;5.85162e-07;0.412736;0.0357908;8.35862e-07
2.81308e-08;0.979048;9.10473e-08;1.3085e-07;1.41347e-06;2.7993e-08;0.000506809;0.000223406;9.86073e-09;7.86462e-05;5.60787e-09;0.00011212;3.48831e-08;0.0200296
2.63059e-10;8.65435e-09;0.999999;9.80844e-10;3.87824e-11;1.06448e-11;2.81513e-07;4.81012e-08;4.29004e-08;5.51306e-10;1.00909e-07;5.86572e-10;7.30088e-10;1.0837e-12
9.34026e-05;0.904092;0.00305996;0.000271001;1.31235e-05;1.8222e-05;7.88962e-05;0.000372967;0.000243614;3.3179e-05;0.000243533;8.95255e-05;0.0913885;2.4677e-06
4.68782e-06;0.551707;0.00175427;6.66472e-07;1.57347e-05;4.63144e-08;1.90501e-08;0.000341991;3.07178e-08;1.84912e-08;9.11306e-09;0.44603;7.44094e-07;0.000144709
5.46257e-07;0.914724;5.70449e-08;3.02196e-08;7.31461e-09;3.60437e-09;0.0852244;5.66546e-07;3.32126e-07;3.84607e-05;2.41643e-08;4.91362e-10;8.11434e-06;3.59893e-06
3.55008e-09;1.59533e-09;0.999998;3.05417e-09;5.54982e-09;7.81493e-11;2.37091e-08;1.41188e-10;2.46093e-07;2.39927e-09;2.64281e-08;2.20304e-06;8.82005e-13;5.87106e-09
4.61194e-06;0.0604571;4.0048e-07;1.29947e-08;1.66432e-06;4.70592e-08;1.53844e-07;0.939199;9.93874e-06;1.04454e-07;3.05574e-08;5.89468e-06;0.000320634;7.73585e-07
1.55747e-07;0.969993;1.44892e-06;1.07223e-06;2.34181e-05;8.78728e-05;3.45506e-06;0.0151939;1.38609e-06;4.89648e-06;9.65295e-07;3.24503e-05;0.00825068;0.00640514
4.08852e-11;5.68917e-09;1;8.14844e-10;7.23902e-12;2.39767e-11;2.32121e-09;2.39546e-10;1.29478e-09;1.91435e-10;1.7751e-09;5.00644e-11;4.8328e-11;5.31993e-12
8.38259e-07;2.33368e-05;0.000114537;1.78565e-06;2.64753e-08;1.50944e-08;1.18513e-08;2.47107e-05;7.54421e-05;5.72107e-09;1.82661e-06;0.999757;2.76213e-08;2.933e-07
0.000117742;0.973331;8.02664e-07;4.04136e-08;3.7381e-06;8.58598e-07;2.21381e-07;0.0252792;2.11105e-05;2.65282e-07;1.45547e-06;1.13697e-05;0.00121395;1.80922e-05
1.63605e-08;0.999437;1.68123e-12;2.16915e-10;6.11575e-08;7.5371e-10;7.74075e-07;1.90088e-07;3.61512e-10;1.81822e-07;7.67039e-13;2.84089e-09;2.65492e-07;0.000561252
1.93376e-14;2.94486e-16;1;8.95694e-15;1.61594e-12;6.16025e-16;7.31452e-16;5.53259e-13;9.83416e-15;5.18793e-15;6.96834e-16;9.1036e-12;1.20529e-16;9.04321e-17
9.28234e-08;5.32475e-05;4.37625e-09;1.17708e-08;2.1764e-07;6.24049e-09;1.55778e-09;0.999858;1.39912e-05;1.96315e-09;1.11514e-07;3.06627e-08;7.41833e-05;2.09462e-10
