1.06469e-11;6.8859e-12;1;7.51711e-12;5.75714e-13;1.344e-13;1.92985e-11;3.21329e-13;6.1899e-12;5.81898e-12;5.27622e-12;3.0534e-09;1.65855e-14;6.71104e-13
4.45124e-07;0.000372066;9.31512e-06;6.86079e-07;4.61326e-08;1.01487e-08;7.60697e-07;0.000561911;5.3953e-06;1.02914e-08;0.000208165;0.998824;1.68984e-05;1.33263e-08
8.39423e-07;0.969327;1.56537e-05;8.50859e-05;0.000260369;1.32502e-05;1.13576e-07;0.0269864;6.55858e-07;7.23833e-06;5.30677e-06;1.39814e-06;5.78958e-05;0.00323894
1.54062e-06;0.0117275;0.000129996;5.91255e-06;4.46713e-07;7.43256e-05;4.03457e-07;2.01732e-06;2.66294e-07;2.61242e-06;2.85615e-06;0.00590645;0.982039;0.000106168
2.67799e-07;3.13227e-05;0.999424;1.87678e-07;6.63846e-07;1.60405e-08;3.20375e-06;1.23653e-06;2.47583e-09;5.27288e-06;4.71308e-09;0.000532859;8.38551e-07;1.84401e-07
5.02328e-08;2.12953e-08;0.999989;9.88616e-09;4.06789e-10;3.15326e-09;1.5726e-07;4.40076e-10;1.4695e-06;2.38612e-09;6.03412e-07;8.77194e-06;4.85443e-10;1.03662e-09
1.37517e-06;0.999758;7.85851e-08;2.18828e-09;5.50921e-10;8.09317e-10;5.81194e-07;3.53638e-05;6.97188e-08;4.64963e-09;9.66125e-09;1.47681e-05;0.000190076;6.47914e-10
1.06462e-07;0.00037325;2.3521e-06;2.29937e-05;0.000123518;0.00041774;2.37343e-08;0.00477492;1.38898e-05;4.13638e-07;1.03635e-05;0.000307515;0.000238115;0.993715
3.21015e-06;0.715101;7.12138e-07;1.25024e-06;5.40833e-07;1.293e-05;0.00102647;0.000790308;4.26535e-07;4.13846e-05;2.57048e-06;4.40806e-11;0.282552;0.000467521
1.42971e-14;3.67774e-12;1;1.4405e-13;2.07116e-12;1.78414e-12;7.17877e-13;1.21338e-12;9.97509e-15;2.26198e-12;2.95436e-15;7.67597e-12;6.05213e-16;8.10746e-12
1.35832e-11;3.84563e-10;1;1.13354e-10;5.60398e-11;3.62057e-11;1.59337e-09;4.12826e-11;4.77231e-09;2.34251e-11;1.41553e-10;1.99952e-14;5.0658e-10;1.77054e-12
6.73631e-08;0.000569319;0.257663;1.38766e-06;4.65082e-07;4.3531e-06;1.8121e-10;7.34788e-05;3.32707e-06;1.60989e-09;1.92618e-07;0.741673;9.15644e-07;1.07952e-05
7.66033e-08;0.999284;7.48071e-09;1.9085e-08;5.88194e-06;4.43585e-07;1.53124e-10;5.73555e-05;1.07338e-08;1.61695e-09;1.40922e-08;4.36569e-06;0.000584284;6.40133e-05
5.54703e-10;0.998265;6.1562e-08;9.45249e-09;4.63284e-07;1.99481e-05;1.02895e-09;2.3012e-10;5.18898e-13;4.09365e-07;6.52236e-12;1.61083e-05;3.27171e-09;0.00169743
5.71597e-09;6.28696e-06;0.999993;2.95169e-10;5.13644e-10;1.01437e-08;7.11826e-08;1.78497e-10;1.58312e-10;6.56847e-09;4.72272e-10;3.45204e-08;2.06219e-10;2.55581e-07
5.37377e-07;0.104423;5.43579e-09;7.18519e-09;4.49869e-09;8.59731e-07;2.76369e-05;0.0105283;5.16447e-07;1.92036e-08;7.8638e-07;5.64467e-11;0.885019;2.28108e-10
8.96101e-11;6.51423e-09;1;4.89816e-10;2.74122e-09;5.05886e-09;6.05459e-12;4.49681e-09;8.64268e-10;2.13942e-11;3.65062e-10;1.72489e-08;6.35458e-09;4.95255e-11
1.52036e-07;0.000158563;0.991209;2.34821e-06;4.72708e-06;5.46022e-06;2.13408e-09;0.00536638;6.15123e-08;6.97595e-08;6.20836e-09;0.00239056;0.000187751;0.000675144
2.02845e-07;0.000405104;5.98943e-05;1.92185e-06;0.00665027;0.979748;7.89402e-09;3.44329e-06;4.66628e-08;3.67357e-07;2.18781e-08;4.71381e-06;0.00425588;0.00887044
1.79626e-06;0.0414204;8.33474e-06;3.44542e-05;0.150733;0.00281488;1.5128e-07;0.0841976;8.65203e-06;3.61139e-07;0.000124711;0.712425;0.0071882;0.00104231
2.10371e-06;0.82656;0.0268971;5.84833e-05;0.00307841;0.0584268;2.22357e-06;0.000218592;2.02461e-10;9.43513e-05;2.00257e-07;1.24068e-07;0.0842215;0.000439953
1.01211e-11;5.61857e-12;1;2.19029e-10;1.39826e-10;1.98035e-10;1.49524e-13;5.40097e-13;3.2284e-14;7.89174e-12;1.20069e-12;4.73513e-08;1.3171e-12;1.2268e-08
1.36635e-06;0.619459;0.000133442;5.78708e-06;3.92406e-07;8.67887e-07;9.78376e-07;0.00029348;3.75548e-08;3.22017e-07;4.27871e-07;0.379949;2.19762e-05;0.000132676
1.35099e-05;0.0844821;3.34327e-05;7.162e-06;0.000223638;0.000677495;1.27748e-05;0.756603;3.5702e-05;1.1328e-05;0.00563402;0.0565511;0.0956571;5.75442e-05
3.26663e-06;0.715887;2.77031e-07;0.000149478;0.000594903;0.000166527;5.5529e-06;0.0234639;0.000146886;1.59262e-05;0.00140615;0.0724876;0.183799;0.00187357
0.00210483;0.849702;0.00153643;0.00286493;0.0809812;0.00015844;4.30499e-06;0.0293022;1.86412e-05;1.95851e-05;5.4517e-06;0.000193357;0.0306083;0.00250022
0.000181131;0.28898;8.06054e-10;1.21327e-06;2.13332e-05;6.83519e-07;1.35125e-07;0.698986;1.92639e-07;2.82557e-06;2.18066e-08;1.49408e-05;0.0118086;3.20391e-06
1.87535e-05;0.000868615;1.98748e-06;3.6916e-05;7.37428e-07;4.33204e-06;7.09181e-07;0.0468104;2.24192e-05;1.18304e-06;0.000127713;0.000760052;0.951345;8.8607e-07
6.23563e-05;0.998141;7.44533e-05;0.000436694;1.88098e-06;1.82708e-07;5.67523e-06;0.000219478;2.51498e-05;1.19303e-06;0.000577751;0.000320154;0.000124926;9.30963e-06
2.76071e-06;0.999877;5.07699e-05;9.85003e-06;2.40171e-06;2.51109e-09;3.54513e-08;3.36431e-05;1.89892e-09;2.55637e-07;8.66428e-08;1.07934e-05;1.23523e-05;1.2605e-07
2.94885e-06;0.0750651;4.22134e-11;1.87096e-06;0.00681176;3.25336e-07;9.45469e-09;0.917048;1.23744e-07;4.89363e-06;3.92947e-07;3.59654e-07;5.55977e-06;0.00105879
3.06817e-05;0.00483026;0.66982;5.56441e-05;0.306043;0.00143483;7.63354e-08;4.36068e-05;1.74137e-07;3.38824e-05;1.99356e-05;0.00528094;5.28173e-05;0.0123537
6.25933e-06;0.97559;1.05814e-11;1.76524e-07;9.77929e-08;4.33854e-08;6.00721e-06;7.57886e-06;3.83385e-06;7.88311e-07;7.82833e-05;5.41423e-07;8.97055e-06;0.0242971
0.0010985;0.104096;5.32403e-05;4.46565e-05;1.7417e-05;0.000149533;0.0373177;0.00166952;0.0535661;5.55206e-06;0.436028;2.74502e-06;0.365904;4.61831e-05
1.8835e-08;0.999903;1.40787e-05;4.94877e-09;1.1849e-07;2.6526e-09;7.5024e-12;3.45757e-06;1.08043e-10;4.48727e-10;9.25952e-12;6.85189e-06;7.22577e-05;3.37778e-07
3.40174e-05;0.261708;3.17093e-08;4.53842e-05;0.000461402;3.18184e-05;2.02627e-05;0.162408;0.000960978;2.11763e-05;0.000734283;0.000284919;0.57328;9.79842e-06
2.15115e-05;0.98431;2.66611e-07;1.4809e-06;3.58247e-06;8.37297e-07;0.0007533;5.76328e-05;1.73754e-06;0.000400054;2.63741e-06;2.9011e-06;3.26074e-06;0.0144408
5.16688e-11;1.05792e-12;1;3.80135e-10;1.73533e-09;5.12191e-10;9.64556e-12;2.69883e-13;1.72027e-11;5.50242e-11;6.152e-12;1.86747e-08;6.30313e-14;2.50214e-09
0.00194078;0.0745442;0.00443102;0.000641285;0.0167062;0.00565661;5.16564e-05;0.570695;0.00172779;3.37198e-06;0.00270985;0.184113;0.134101;0.00267839
3.79924e-05;0.45097;7.78158e-09;0.000202017;4.16835e-05;9.36454e-05;5.54613e-06;0.120199;0.0023853;5.00742e-07;0.0155663;0.00371293;0.406701;8.43564e-05
4.39456e-06;0.992884;1.58977e-06;1.46751e-06;0.000116684;2.06248e-07;8.32174e-07;0.00686459;1.7109e-07;3.73021e-07;8.95902e-07;7.8692e-05;3.58317e-05;9.9865e-06
1.01106e-06;0.00191983;0.937429;7.61746e-07;8.31732e-05;7.49124e-06;2.23896e-09;1.14696e-05;4.19592e-11;2.68434e-07;4.41417e-09;0.0601688;2.08419e-06;0.000376215
5.47435e-07;0.978671;1.01089e-08;2.38627e-08;5.96335e-07;1.6214e-06;1.20063e-07;0.0206873;1.00077e-07;1.90768e-09;1.48576e-06;0.000147316;0.000470985;1.92406e-05
9.46631e-07;0.0212884;2.79408e-07;9.48638e-06;5.86032e-05;9.89967e-06;2.69268e-06;0.00222633;3.39754e-06;1.17523e-06;9.61699e-05;0.000206263;0.976094;2.20676e-06
7.48535e-06;0.00477988;5.75414e-07;1.15226e-05;1.18629e-05;1.88252e-06;5.14886e-08;1.98991e-05;8.61608e-06;1.1173e-06;1.09517e-05;0.983496;0.0116429;7.57995e-06
2.75506e-06;0.998596;0.00111713;7.79756e-07;4.9158e-06;5.7495e-08;2.02585e-08;9.5351e-05;1.24954e-08;5.55841e-08;9.58839e-09;0.000165768;2.42855e-06;1.47715e-05
4.30276e-05;0.548784;7.32791e-08;2.30113e-05;0.000176725;4.08829e-05;1.04088e-05;0.023354;5.66016e-05;7.58518e-06;0.000343293;0.000855648;0.426268;3.65919e-05
5.92569e-06;0.998778;6.01723e-11;5.22891e-07;6.22258e-07;6.05921e-08;0.000175256;7.71809e-05;1.6804e-07;4.75742e-05;4.60648e-07;1.61938e-06;1.42683e-05;0.000897783
1.03254e-13;1.60629e-14;1;1.23277e-12;1.25341e-11;1.17248e-13;9.27016e-15;3.39377e-15;1.09249e-14;5.6943e-14;1.40521e-13;6.97846e-08;3.60999e-16;1.16614e-13
4.45556e-05;0.921488;0.000334057;5.09619e-06;4.92066e-06;3.42791e-06;5.09009e-05;0.033703;7.15546e-06;2.03799e-06;1.49131e-05;0.000406657;0.0438367;9.87836e-05
4.58022e-05;0.769789;6.30223e-08;0.00647209;5.99777e-05;0.000797121;0.000629253;0.00230097;0.0332039;0.000184804;0.0198782;0.0001089;0.162163;0.00436711
9.44615e-05;0.0182949;2.84473e-08;1.0228e-05;0.00360289;8.44504e-07;5.30136e-06;0.976121;7.21456e-05;9.41845e-06;4.74775e-05;0.000152785;7.4731e-07;0.00158757
1.66602e-06;0.000213735;0.999658;6.62396e-06;5.81072e-06;2.09275e-05;1.90861e-05;5.12079e-07;1.84332e-08;5.14668e-05;1.20353e-06;3.84963e-08;3.45623e-06;1.79167e-05
7.55732e-10;5.078e-10;1;1.40571e-10;2.32829e-12;9.277e-12;2.21809e-09;4.40989e-12;5.18978e-09;2.56249e-11;2.24978e-08;1.06894e-08;8.26656e-12;4.06709e-12
4.56272e-07;0.000173678;1.156e-06;1.35798e-07;1.44144e-08;2.42841e-08;2.42069e-08;0.000345294;9.33312e-06;1.48462e-09;1.33041e-05;0.999438;1.72285e-05;1.59614e-06
1.3855e-06;0.995772;2.16773e-09;1.81884e-08;5.67252e-07;2.18312e-07;9.49335e-08;1.35242e-06;5.16866e-08;6.81673e-08;2.11111e-07;7.5752e-07;0.00422305;2.42908e-07
1.85032e-08;3.69174e-06;6.06973e-07;2.67807e-08;0.000360882;4.45551e-06;5.87265e-12;2.33211e-08;5.79981e-08;1.81823e-09;8.65812e-09;0.999618;6.79319e-06;5.81078e-06
0.000111131;0.96428;0.00133208;2.70907e-06;0.0176973;9.80818e-05;2.11715e-07;0.0147819;3.15872e-06;3.00656e-06;1.45053e-09;2.2703e-07;0.00168736;3.29673e-06
6.19395e-10;5.1742e-10;1;2.20961e-10;2.61499e-09;1.94054e-11;2.54034e-12;3.68535e-09;6.52262e-10;8.28019e-11;3.91801e-12;3.23748e-08;5.72257e-12;3.12669e-12
1.86649e-06;0.000602369;1.47335e-05;1.47396e-05;1.23092e-05;1.47208e-05;8.23793e-10;0.983109;0.000100626;2.01223e-07;5.17303e-07;0.0157982;0.000325305;5.84689e-06
3.61471e-08;0.999921;5.35366e-05;3.68605e-08;1.50116e-07;2.95925e-08;2.83089e-10;1.69e-05;1.13457e-10;5.66909e-08;2.73207e-11;9.63778e-09;8.1616e-06;7.78231e-08
1.13502e-09;2.23838e-08;1;2.45734e-10;1.94639e-09;7.97434e-11;1.12526e-09;5.03207e-08;2.0296e-09;1.99541e-10;1.20277e-09;7.86186e-09;1.67912e-09;4.35156e-11
3.27693e-08;8.40804e-05;9.30084e-05;6.3391e-07;3.37844e-07;1.29918e-07;1.02048e-10;0.00179184;1.31046e-06;9.2998e-09;9.09606e-09;0.998005;5.56816e-08;2.33426e-05
2.22399e-06;0.999755;3.49695e-09;4.39002e-07;1.04295e-06;3.09736e-06;4.40844e-08;5.58363e-06;1.88987e-07;3.71075e-07;1.89015e-07;5.06408e-07;0.000216383;1.49949e-05
8.36451e-06;0.0026536;0.00833993;7.85407e-07;0.000106038;1.20945e-05;1.66605e-10;0.00107921;1.32834e-07;2.26747e-08;2.06332e-08;0.983967;9.73152e-08;0.00383239
1.28477e-07;0.997064;5.07738e-14;8.24752e-10;7.06281e-07;3.54227e-08;1.62946e-08;2.38445e-05;2.55719e-10;1.52607e-08;6.66111e-13;1.59606e-12;1.66903e-07;0.00291121
1.47314e-14;6.10773e-14;1;4.10382e-14;1.39655e-13;1.02147e-14;6.41947e-17;9.15209e-14;4.84178e-16;3.05895e-15;2.5393e-15;1.52004e-09;3.04408e-15;5.95196e-16
4.15246e-06;0.001378;1.93402e-07;3.98433e-07;4.4452e-05;0.000380439;2.62985e-07;0.995033;1.55732e-06;1.48455e-06;1.87085e-06;2.94442e-05;0.00303302;9.16898e-05
5.76892e-07;0.283228;2.10145e-09;4.96782e-06;7.54509e-07;8.96957e-06;2.82681e-08;0.000572142;5.60628e-07;3.08902e-07;1.28336e-05;1.26587e-05;0.716158;5.59268e-07
3.93022e-05;0.0615626;0.000399187;2.47092e-05;0.00126904;7.01113e-05;2.66015e-08;0.673891;8.85347e-08;1.81834e-05;4.33128e-08;0.0243099;0.238369;4.6659e-05
1.85831e-05;0.159386;4.15718e-05;0.000155511;2.24512e-05;0.000118002;5.29028e-07;0.192588;4.26716e-06;1.12389e-06;2.39313e-05;0.00559762;0.64202;2.29239e-05
0.000103454;0.187552;2.15731e-06;0.0223751;0.000836941;0.00653514;1.28827e-06;0.147984;0.000125651;7.44623e-05;0.00131902;0.0389211;0.0935863;0.500584
3.05251e-05;0.997748;6.99027e-08;5.78664e-06;1.10491e-06;5.29032e-08;8.69792e-05;0.000359488;2.45091e-05;1.30538e-06;0.000422526;2.4415e-05;0.0012946;1.09396e-07
1.09919e-05;0.00189696;2.36212e-05;4.06246e-06;0.00220112;7.54658e-05;3.10687e-07;8.2877e-06;8.99958e-08;1.31463e-06;5.837e-07;0.995642;0.000102345;3.31149e-05
0.00153053;0.0797176;2.58537e-06;3.50698e-07;8.73334e-06;4.55423e-06;4.25886e-07;0.759463;0.00185692;5.99484e-09;7.35847e-06;0.021984;0.135422;1.6347e-06
1.35287e-06;0.999382;1.76133e-08;4.80431e-08;1.26868e-09;2.30202e-08;2.48517e-09;2.26092e-06;1.25697e-08;6.01063e-09;3.67327e-10;0.000257785;0.000355921;5.27437e-07
1.51068e-06;0.00715705;6.76434e-09;2.55895e-07;1.55221e-07;5.19373e-07;2.93785e-09;0.00132493;5.27521e-07;1.5475e-08;7.01228e-08;0.990896;0.000617623;1.04941e-06
0.000243134;0.274151;7.87308e-07;0.000636625;0.00710624;0.000780507;0.000403053;0.400216;0.0671663;9.9958e-06;0.0268429;0.000153391;0.221886;0.000404132
3.65964e-05;0.507662;4.57304e-08;3.507e-06;1.60644e-05;2.15803e-05;0.000591911;0.426372;0.000162769;0.000163531;6.1712e-06;5.93598e-07;0.0649441;1.9753e-05
8.45056e-12;2.52701e-12;1;2.59703e-11;1.12934e-13;2.89847e-13;1.07541e-10;1.76931e-14;7.77767e-10;7.84316e-12;2.75933e-11;4.04228e-10;3.3883e-13;9.12375e-14
4.3117e-05;0.0105151;0.000930955;4.0406e-05;1.98276e-06;3.07205e-06;5.47849e-05;0.000590651;0.00193648;1.03848e-06;4.48208e-05;0.985247;0.000264733;0.000325497
5.1761e-06;0.445726;1.92007e-09;1.0476e-05;7.85727e-05;1.04913e-05;7.0041e-06;0.00926696;0.000505839;1.27141e-06;0.000183021;5.03212e-08;0.544186;1.9899e-05
2.94225e-07;0.277491;4.81038e-08;1.07093e-07;7.23509e-06;1.01039e-07;4.98101e-05;1.50851e-06;5.85477e-08;0.000122626;1.92223e-08;2.05819e-06;8.09244e-07;0.722325
1.45955e-11;2.5106e-11;1;5.45599e-11;3.59997e-10;1.32535e-11;7.71572e-11;1.94189e-11;1.79869e-11;4.73083e-11;1.30132e-11;3.62019e-07;1.51802e-13;9.92495e-13
3.18575e-05;0.150919;0.000212101;9.57599e-05;0.000286356;0.00140307;1.89497e-05;0.433404;0.000287755;3.52013e-06;0.000351069;0.0242146;0.388754;1.81288e-05
2.76382e-06;0.679829;6.6481e-08;4.53573e-05;0.018924;0.00135326;5.73982e-09;0.162762;2.01938e-06;3.39458e-07;7.21528e-05;0.0105554;0.125257;0.00119579
2.20676e-08;0.999191;2.01985e-08;1.21568e-09;2.97387e-06;3.07947e-09;4.59097e-10;3.98057e-06;4.04357e-12;1.97712e-08;1.43973e-11;7.24781e-09;1.21357e-08;0.000802273
2.47825e-12;2.88959e-12;0.999999;3.48067e-13;7.24283e-11;1.02849e-13;4.65412e-13;1.12923e-14;8.45881e-13;4.61563e-13;8.71178e-14;1.23132e-06;7.38093e-15;6.17898e-11
0.000286694;0.0139343;0.000370904;0.000160569;0.0205107;0.0179277;0.00142119;0.0604789;0.00567186;7.65147e-05;0.00288007;0.361429;0.134633;0.380218
3.9612e-05;0.103583;1.44228e-06;4.48149e-06;6.10838e-06;9.85082e-06;0.000105652;0.278286;3.6039e-05;6.13445e-06;8.05969e-05;8.0574e-06;0.61783;3.75027e-06
7.61024e-06;0.0674567;3.83838e-08;4.26689e-06;6.44307e-06;2.22215e-06;9.36125e-08;0.000838382;5.07131e-06;1.23646e-07;3.88919e-07;0.00124719;0.929855;0.000576666
3.10811e-05;0.0149023;9.92788e-06;1.72763e-05;0.00235131;1.44711e-07;1.64963e-07;0.972829;1.82942e-05;7.43843e-07;3.7738e-07;8.89199e-05;1.58939e-06;0.00974874
2.60204e-05;0.821225;0.101885;3.93819e-05;0.00211125;0.000253259;1.83476e-05;1.04489e-05;1.51596e-07;0.000163944;1.67853e-06;0.0147719;0.0189883;0.0405054
1.32023e-06;0.000658354;1.61265e-08;5.28347e-07;1.97155e-05;1.20834e-06;2.22641e-06;0.948165;0.000106978;1.25512e-07;0.000147456;0.0259102;0.0249866;5.56566e-08
4.53195e-06;0.0825196;0.864424;0.000127306;8.26833e-05;0.000619991;4.12638e-07;0.000136192;2.28202e-07;2.74695e-06;2.64133e-05;0.000402626;0.0516156;3.7983e-05
0.00126254;0.458194;0.00082038;8.84266e-05;2.9055e-05;9.68154e-05;0.000543208;0.00368506;0.00033027;2.83245e-05;0.0103264;0.222632;0.149182;0.152781
1.43269e-06;0.987439;2.29325e-06;1.20585e-06;8.64214e-06;8.10486e-07;1.13623e-07;5.28931e-05;9.58132e-07;1.7361e-07;2.85113e-06;0.00957022;0.00276644;0.00015317
1.86348e-05;0.226596;7.67517e-06;3.67976e-06;2.18259e-05;1.12678e-05;1.88064e-08;0.00256282;5.10927e-08;7.21327e-08;3.28459e-05;0.761278;0.00826134;0.00120536
8.10286e-09;0.999424;9.14245e-12;9.7119e-09;1.30159e-08;1.41744e-08;4.00929e-06;5.85554e-06;4.21999e-11;6.49342e-07;3.23222e-09;3.12814e-09;1.00553e-06;0.000564435
1.34478e-11;4.1767e-11;1;4.20317e-11;9.828e-11;4.54e-09;1.24873e-10;5.95775e-11;4.21179e-12;2.00307e-11;1.05896e-10;8.45092e-08;5.47108e-10;5.91455e-11
9.37645e-07;0.00209749;1.92092e-06;8.37489e-06;4.5907e-06;2.6228e-05;9.0687e-06;0.00346058;2.73945e-06;7.65011e-07;6.21157e-05;0.0001422;0.994177;6.30379e-06
5.35879e-05;0.116714;0.000224177;1.35839e-05;1.18585e-05;1.20535e-05;7.12195e-06;0.00251367;2.72282e-05;2.64413e-05;3.6326e-05;0.220213;0.660136;1.09199e-05
5.05518e-06;0.108803;5.49975e-05;7.09676e-05;0.000736057;6.93995e-05;9.3586e-07;0.00515481;4.64185e-06;1.43674e-05;1.19177e-05;0.883249;0.00109554;0.00072931
2.22702e-05;0.356262;5.01283e-05;0.000502868;0.000484218;0.000836169;7.15798e-06;0.00807388;2.74425e-06;0.000340545;0.000269468;0.504174;0.117271;0.0117038
1.31967e-07;0.00044024;3.54338e-08;1.54451e-06;2.48115e-09;1.8569e-08;0.996316;2.63934e-07;9.11423e-07;0.00300548;0.000233191;1.29566e-09;1.69575e-06;2.52687e-07
1.25984e-11;3.94515e-12;1;2.9947e-10;9.59157e-13;4.56155e-11;4.07878e-08;2.52704e-13;9.07285e-10;6.20215e-10;1.17492e-07;2.28235e-09;6.93521e-14;3.54086e-14
2.37439e-05;0.00305911;2.64586e-07;3.77288e-06;4.16781e-07;5.56305e-07;2.91075e-06;0.000173106;6.84251e-05;1.9519e-07;0.000809259;0.000345121;0.995513;2.50162e-08
3.24928e-05;0.0230128;0.000621864;0.000120201;0.0249692;6.48894e-06;2.57501e-07;0.00498744;1.10099e-06;0.000115465;5.9634e-06;0.285222;8.10326e-05;0.660824
1.02102e-07;0.999846;1.82094e-05;2.8329e-07;9.56033e-06;2.91868e-07;1.93855e-06;9.90312e-07;1.6794e-10;2.00479e-06;3.05708e-08;0.000102115;1.51794e-05;3.28448e-06
1.02969e-05;0.0108661;3.94724e-08;1.17792e-05;8.34666e-06;7.41345e-05;0.000783589;1.53705e-05;6.08759e-06;1.09366e-05;0.00115615;0.00252501;0.98452;1.2467e-05
3.38058e-07;9.89415e-05;0.998722;5.62048e-07;3.99013e-05;4.50496e-07;5.09743e-08;3.30289e-06;5.0461e-10;3.3008e-07;6.20529e-10;0.00113361;6.36491e-07;9.81285e-08
0.000254639;0.879451;0.000412005;0.000961806;2.99361e-05;1.13551e-05;0.000205511;0.00308113;6.93446e-05;1.21327e-05;4.59311e-05;0.0331914;0.0820853;0.000188322
0.000372526;0.12074;0.00139286;4.92846e-05;0.000125745;3.62941e-06;2.91683e-06;0.716156;0.000296098;1.53307e-06;0.000121115;0.1388;0.0219332;5.37425e-06
3.6596e-06;0.962796;3.63667e-05;6.52474e-06;3.23045e-06;4.55967e-05;0.0157291;1.15864e-05;1.84425e-06;0.0117291;4.09276e-07;4.48244e-06;7.52188e-05;0.00955672
4.29927e-11;8.37774e-13;1;1.83522e-10;5.60435e-12;3.40849e-11;5.39858e-09;3.30713e-13;1.06928e-09;2.64982e-10;1.97672e-08;1.19768e-09;4.54315e-11;1.28168e-12
7.94577e-07;0.0111446;1.85348e-07;1.52796e-07;3.3543e-10;1.03456e-08;0.9884;2.18339e-08;5.98588e-06;0.00031385;2.9491e-05;1.99168e-10;0.000104522;3.48359e-08
5.81157e-12;2.05407e-12;1;1.78519e-10;6.39528e-11;1.36017e-10;1.06368e-09;2.62658e-12;2.9943e-09;3.28602e-10;3.01829e-09;1.28464e-08;5.85934e-13;1.36345e-11
2.41986e-08;0.999429;4.20987e-08;3.8018e-07;4.20042e-08;2.0297e-08;5.97055e-08;2.15502e-06;1.1199e-07;1.22807e-08;5.5943e-08;1.70633e-08;0.000568276;3.47071e-09
1.89224e-08;0.00145269;2.94347e-13;2.32933e-08;0.00030695;3.54238e-08;5.00189e-09;0.998238;4.65572e-08;2.64155e-07;3.39619e-08;4.95374e-09;9.03411e-07;9.40806e-07
1.15753e-07;0.00137589;0.995881;8.62539e-06;0.00200567;0.000500957;7.75623e-06;1.42214e-05;5.1358e-09;0.00014574;3.71073e-07;1.35376e-06;4.09199e-05;1.77485e-05
3.36524e-09;1.81313e-08;1;1.57294e-09;2.90141e-09;1.26568e-10;2.71461e-08;3.7499e-10;6.88248e-09;1.1563e-09;5.40174e-09;6.82431e-09;1.6792e-11;3.61744e-09
2.36288e-07;0.000189016;0.000228701;8.23765e-08;4.63733e-08;3.38665e-08;6.17574e-08;2.0939e-06;4.76067e-06;3.87831e-09;3.68111e-07;0.999574;3.36066e-08;2.06936e-07
1.25336e-08;5.28634e-06;0.966452;4.21242e-09;5.74465e-06;1.07042e-05;5.12547e-12;3.47943e-11;1.99658e-10;1.57901e-09;1.8398e-11;2.69372e-08;2.53558e-05;0.0335004
1.16074e-06;0.0415719;1.25521e-07;7.80362e-09;0.00833275;1.92741e-06;3.80864e-11;0.848751;9.33134e-08;2.5607e-09;1.30827e-09;0.0936701;0.00517042;0.00250047
2.22337e-07;0.976657;2.14336e-09;8.08575e-09;1.11458e-05;2.19604e-08;4.13562e-11;0.00174688;1.79362e-09;3.01601e-08;5.10814e-12;8.58775e-08;1.98634e-05;0.021565
2.3181e-07;0.000210724;3.83823e-10;6.7994e-08;1.22895e-07;1.47134e-08;4.03866e-08;0.999773;1.30868e-05;2.55149e-09;7.55294e-08;3.6445e-09;2.39634e-06;2.93275e-08
1.6744e-08;0.99997;3.35854e-10;1.49133e-10;2.41515e-11;4.01763e-11;2.08695e-10;1.34782e-05;1.37351e-10;9.69385e-10;1.26357e-10;3.68432e-09;1.64957e-05;1.35873e-10
1.12172e-08;0.999781;1.87681e-11;7.40692e-08;7.39183e-08;8.62307e-09;0.000162807;1.77603e-05;1.23714e-08;1.53438e-05;2.46181e-09;1.13505e-08;1.12683e-07;2.29118e-05
1.7909e-13;9.85948e-15;1;5.71189e-11;1.87706e-11;1.82643e-13;2.29374e-11;8.59072e-13;1.46872e-12;3.53868e-12;9.68694e-11;9.58532e-10;4.77616e-15;3.07708e-13
7.08173e-06;0.0267487;2.36249e-08;0.000148068;5.60966e-07;5.86991e-08;0.00876024;0.000127239;0.00709882;3.44673e-06;0.956657;2.03359e-06;0.000446125;2.60324e-07
0.000208031;0.939126;1.81542e-06;1.67994e-05;4.51478e-05;2.66563e-07;1.92743e-05;0.00017762;0.000162361;4.3202e-06;0.0015187;0.00153359;0.0570355;0.000150947
0.000219203;0.0352412;1.29714e-10;1.49366e-05;0.00350687;3.76169e-06;8.59242e-05;0.958771;0.000255906;4.09808e-05;9.06178e-05;0.000345513;0.000192454;0.00123182
0.000115519;0.00274647;0.995269;0.000161823;1.79042e-05;1.32493e-06;3.08807e-05;3.78216e-06;1.122e-06;0.000175379;0.000242206;0.00105367;3.35397e-05;0.000147345
7.38084e-05;0.00360182;4.91996e-10;2.34526e-05;1.41575e-06;7.18121e-06;0.00472791;0.00085276;0.0217648;2.9596e-05;0.965518;6.35598e-05;0.0033292;6.39514e-06
2.37063e-05;0.995977;0.00171696;0.000622934;0.000136893;1.34678e-05;1.18097e-05;3.83721e-05;4.56505e-05;9.97931e-06;0.000314244;0.000865018;9.77551e-05;0.000126408
0.000148874;0.968912;1.29401e-07;7.47247e-06;4.77344e-06;1.79322e-06;3.41714e-06;0.00838936;0.000108653;4.19055e-05;2.35852e-05;0.000932529;0.0214227;2.58783e-06
9.29105e-08;0.000144713;4.74528e-06;1.04071e-07;1.66164e-07;5.33393e-09;4.35839e-09;1.45637e-06;1.12515e-07;1.44906e-08;4.30273e-07;0.999848;2.45963e-08;1.48653e-07
0.000181796;0.717529;2.19847e-06;1.03969e-05;0.00117019;8.9294e-06;1.50882e-05;0.260405;0.000161651;7.93603e-06;0.000295914;0.00276218;0.0154904;0.00195979
5.12412e-06;0.991179;1.78019e-08;1.73379e-06;1.23941e-07;1.25866e-09;0.00050123;2.47682e-05;4.26422e-06;0.000564503;3.10303e-06;7.4098e-06;1.49469e-06;0.00770709
4.75025e-05;5.73856e-05;5.83661e-07;1.79054e-05;3.79016e-07;3.55975e-08;0.195199;1.53825e-05;0.6283;7.41464e-06;0.176351;2.31489e-08;3.55245e-06;2.43579e-07
9.55009e-07;0.00178058;7.76011e-10;1.8414e-10;9.51304e-09;1.29945e-10;1.45949e-10;0.998218;8.18574e-08;5.23616e-10;4.13769e-10;3.19531e-08;8.53236e-07;3.0792e-08
4.30089e-07;0.808068;3.49871e-05;1.91131e-06;0.000181555;6.61177e-05;2.13255e-07;0.0542487;8.50539e-08;9.53937e-06;7.368e-08;0.0284869;0.00261958;0.106281
2.16341e-11;3.6789e-09;1;6.82774e-10;4.37049e-12;1.64271e-11;4.85456e-09;1.73363e-10;1.20961e-09;1.9638e-10;5.34889e-09;5.85376e-12;1.33541e-08;9.71782e-12
1.12368e-08;4.97848e-08;0.999948;1.7928e-08;1.94389e-08;3.42895e-10;9.80948e-10;7.05787e-06;3.26525e-08;1.57965e-09;8.52113e-10;4.50588e-05;2.7222e-10;9.47995e-08
8.85436e-07;0.000586037;8.34931e-05;7.79195e-08;0.000122379;0.000209089;7.67638e-10;2.09018e-05;3.24863e-08;4.87374e-07;6.19701e-10;0.000178444;6.43228e-07;0.998798
6.64132e-07;2.88679e-05;2.43451e-10;2.39057e-08;6.55849e-07;2.09656e-07;1.0996e-09;0.991305;5.38796e-06;1.84867e-10;1.08139e-06;2.18461e-05;0.00863649;3.32696e-08
3.10323e-07;0.999815;1.04516e-05;1.22663e-07;1.49135e-08;1.10011e-09;1.97572e-11;1.90525e-05;2.74662e-10;1.2331e-09;4.04774e-11;1.98788e-09;0.000154519;2.15952e-07
1.02051e-06;0.00194889;2.1554e-08;8.86684e-06;5.94139e-06;2.75488e-07;2.8969e-08;0.989982;5.43813e-08;5.33643e-07;1.06495e-08;0.000152065;0.00789938;5.85597e-07
1.59543e-05;0.0131749;2.21656e-07;0.000297729;1.36629e-06;0.000789271;1.57617e-06;4.27028e-06;0.000240853;2.16408e-06;9.56903e-05;0.95916;0.0261235;9.21138e-05
0.00107064;0.420385;0.556641;0.000224893;1.13351e-05;3.07784e-06;0.0161101;5.1106e-05;3.79272e-05;0.00320261;1.72824e-06;6.31382e-05;0.000146435;0.00205073
9.74493e-09;2.86079e-10;0.999998;2.66618e-09;8.41475e-10;6.41822e-10;3.47799e-08;2.88291e-09;6.04855e-08;3.74959e-09;5.40779e-09;1.79761e-06;7.30618e-10;1.62772e-10
0.000121746;0.0294049;9.58922e-08;0.00104811;0.000242808;6.33877e-05;0.000148439;0.301477;0.607571;3.51e-05;0.0417401;0.00232548;0.0154627;0.000360074
2.80399e-05;0.994965;0.00104546;0.000196451;0.000398283;3.85671e-06;6.57508e-08;0.0011468;3.91464e-06;9.2356e-07;8.04637e-06;0.00179897;4.40266e-05;0.000360172
5.82402e-05;0.972587;1.10503e-07;5.70893e-06;3.88169e-06;5.66268e-06;0.0119461;0.000343331;0.00011026;0.000508912;8.58117e-06;3.05266e-09;0.0139135;0.000508472
3.05087e-11;4.58599e-10;1;4.83336e-11;1.85649e-09;5.46595e-10;2.29493e-10;1.20787e-10;5.75772e-11;4.25915e-10;9.18458e-12;2.98615e-11;1.52325e-12;4.63272e-10
7.71205e-12;3.78426e-11;1;1.34707e-11;9.72665e-13;1.74855e-12;3.09168e-11;2.32133e-12;1.1192e-09;4.05911e-12;2.18303e-11;4.91235e-14;4.70426e-10;5.49401e-14
2.9506e-10;1.9803e-08;0.00203358;3.32958e-09;1.65247e-09;2.96496e-09;3.16534e-13;1.1581e-07;8.75651e-08;5.34952e-12;1.65604e-09;0.997966;3.2831e-09;2.00477e-07
5.81935e-08;0.998752;1.25779e-09;5.31193e-09;6.52279e-06;1.36973e-07;1.21771e-10;0.000129276;1.35717e-08;8.22157e-10;8.22564e-09;5.74335e-07;0.00109763;1.40813e-05
4.57902e-10;0.999751;1.92159e-07;5.06626e-09;2.23784e-07;4.44165e-06;2.02206e-09;9.7289e-11;3.25408e-12;2.494e-07;5.47735e-11;0.000192121;9.53162e-10;5.21543e-05
7.52868e-08;0.000568199;0.999422;5.02796e-09;1.53214e-08;6.03224e-08;4.97202e-06;5.50695e-09;1.74724e-08;1.70934e-07;2.95374e-08;1.90541e-07;7.96094e-09;3.99671e-06
1.87299e-07;0.0280519;1.98064e-08;2.03203e-09;4.40849e-09;1.54793e-06;6.94764e-07;0.00880321;1.3089e-07;1.00376e-09;1.4613e-07;2.13796e-10;0.963142;4.75121e-11
4.31784e-10;1.19365e-07;0.999999;1.3681e-09;7.1478e-09;1.45783e-08;5.51516e-11;5.22033e-08;1.70755e-09;1.56971e-10;6.61177e-10;3.13886e-08;4.38358e-07;7.958e-11
3.58714e-09;2.55637e-06;0.982133;5.93399e-08;1.14578e-07;4.39987e-07;6.13029e-11;6.01556e-05;2.25546e-09;8.10178e-10;4.31506e-10;0.0177976;4.17321e-06;1.59578e-06
1.48786e-08;0.000205366;3.36134e-06;5.48164e-08;0.016188;0.981571;1.07254e-10;2.09356e-06;1.54787e-09;1.96249e-08;9.13342e-10;2.68872e-06;0.000193711;0.00183382
1.35431e-07;0.00113703;8.02285e-05;5.53865e-07;0.0368058;0.00348546;4.65512e-10;0.0465092;2.98484e-08;1.44446e-08;8.7784e-07;0.901705;0.0102426;3.30179e-05
8.85947e-08;0.995906;0.000229247;5.19879e-06;1.02152e-05;0.000130343;7.03712e-05;6.39753e-08;1.18444e-10;0.00323112;8.03498e-08;2.17337e-07;2.80744e-05;0.00038901
1.18521e-09;1.1911e-11;0.999996;9.17496e-08;6.44119e-08;1.50879e-07;3.65241e-10;1.44305e-09;5.35685e-10;3.2946e-09;1.15067e-08;3.8524e-06;1.88965e-11;3.06842e-08
2.20134e-05;2.57437e-05;1.47677e-09;3.12969e-08;2.96855e-08;7.77845e-09;5.18857e-07;0.999921;1.83313e-06;1.08703e-08;1.53632e-06;3.86914e-09;2.68431e-05;1.27585e-10
7.37884e-08;0.0284123;1.96054e-06;4.36451e-06;1.13782e-06;1.27105e-05;1.55867e-05;3.51131e-08;7.40063e-10;0.000319461;1.18974e-09;2.49006e-09;2.29206e-07;0.971232
3.69802e-09;3.9045e-11;0.99999;3.36585e-08;8.86931e-10;4.42431e-09;2.71445e-08;8.10972e-10;1.44723e-07;6.28484e-10;2.24209e-06;7.5922e-06;4.31333e-12;2.14242e-07
1.51319e-07;0.998621;7.6456e-10;6.68775e-10;4.58732e-10;2.8863e-11;4.25302e-09;0.000589151;2.54759e-09;1.07508e-09;4.4775e-09;3.95731e-07;0.000789125;9.74165e-11
5.84674e-07;0.91707;2.44957e-08;4.06063e-07;2.05572e-07;2.48265e-07;0.0086393;1.93108e-05;1.88401e-08;0.00258823;1.17967e-07;2.36997e-07;3.55353e-08;0.071681
4.62387e-13;3.97375e-13;1;1.77016e-11;9.78352e-13;2.74511e-12;1.84938e-10;1.64798e-12;4.35521e-12;8.78813e-12;1.13296e-11;2.31579e-10;3.75352e-15;8.28119e-12
0.000190519;0.194953;8.34284e-06;1.42185e-05;1.1104e-05;0.000380362;0.0566151;0.156989;0.00251565;9.62125e-05;0.00346714;2.02427e-08;0.584756;4.15338e-06
1.9547e-11;1.26609e-11;1;1.4096e-10;8.95861e-12;1.09899e-11;8.3736e-10;2.87193e-12;3.70529e-09;3.99591e-11;5.00636e-10;2.10864e-11;4.65992e-12;2.23705e-13
2.11429e-07;0.00233457;0.00216721;5.28595e-06;2.43433e-08;1.68992e-07;4.55651e-08;1.32175e-06;1.3975e-05;9.45491e-08;1.032e-06;0.995414;1.24073e-07;6.15987e-05
3.43364e-06;0.192967;1.10592e-05;6.86004e-07;2.72753e-05;0.0035947;5.35474e-07;0.000469013;1.89213e-06;5.94984e-06;1.83676e-06;0.00467194;0.798185;5.93003e-05
1.17149e-08;7.5073e-06;1.68472e-09;5.25177e-07;3.77086e-06;0.0099614;1.10212e-09;1.2899e-06;1.15352e-08;2.63763e-08;2.87563e-08;1.41574e-06;0.990008;1.61484e-05
9.76835e-08;2.41841e-06;0.999993;9.22116e-09;3.30011e-06;2.71445e-09;8.21462e-12;1.48733e-06;2.1009e-11;2.90512e-09;7.20861e-13;5.09522e-09;2.29575e-08;7.27149e-09
3.00011e-05;0.00746241;4.78877e-06;0.000586578;0.00013766;0.000123713;3.47931e-06;0.981108;0.00402074;0.000136158;0.000663042;0.000115881;0.00560667;7.9427e-07
