2.38288e-05;0.968256;0.000734823;2.14228e-06;1.9301e-06;3.80773e-07;1.27801e-08;6.37717e-05;7.47616e-09;1.74089e-08;1.79513e-08;4.41214e-05;0.0308674;5.84543e-06
1.21559e-08;0.999567;7.44082e-10;7.76504e-08;3.28758e-07;2.11198e-08;3.44666e-10;3.66825e-05;4.57253e-10;4.10667e-10;4.67412e-09;4.23201e-07;0.000394058;1.21099e-06
7.99398e-08;0.000891786;8.23044e-10;2.53492e-07;0.802012;6.04747e-06;2.21831e-10;0.194365;4.07855e-08;3.88932e-08;2.68975e-08;0.00172258;5.45391e-07;0.00100102
0.000180601;0.0386877;6.53028e-06;1.68188e-05;0.0141546;0.0246872;1.31892e-05;0.77374;9.47085e-05;6.25265e-05;5.39628e-05;0.0707214;0.0774235;0.000157442
6.34324e-05;9.81976e-05;2.44527e-06;7.30387e-07;9.33618e-07;4.42725e-07;5.07672e-07;0.00456494;9.93062e-06;3.2003e-08;6.40466e-05;1.57764e-05;0.995178;2.96624e-07
2.48623e-05;0.0026147;1.136e-07;2.67279e-07;1.75461e-06;1.04673e-07;5.97969e-10;0.00262371;4.0793e-06;2.58195e-08;4.70582e-07;0.993723;0.000970603;3.60577e-05
4.77379e-07;0.995456;2.66734e-06;3.19668e-09;4.35224e-08;7.45208e-09;1.22825e-09;5.99176e-06;2.17375e-09;1.40508e-09;1.464e-09;0.00134616;0.00318895;9.25292e-09
5.71334e-07;0.320956;6.76783e-06;0.000128983;0.00419706;0.00168192;2.71189e-05;0.0329092;1.34707e-06;0.000586694;1.44679e-06;0.000550242;0.000427413;0.638525
1.50208e-09;2.71621e-08;1;8.38661e-08;3.53817e-10;4.81422e-09;2.3982e-09;1.25707e-10;2.68199e-08;4.21067e-10;3.9885e-07;5.28079e-09;1.66612e-09;7.99876e-11
9.11457e-05;0.0536257;0.00145368;1.46404e-05;4.93876e-06;5.48132e-06;1.26296e-06;0.0223744;0.000107932;2.36066e-07;0.000233105;0.914464;0.00496029;0.00266282
4.09655e-09;0.991059;2.15455e-09;6.5439e-11;1.53884e-09;2.5126e-09;1.24833e-06;3.64777e-10;3.04455e-11;3.7261e-07;4.50512e-11;1.58043e-12;3.90922e-07;0.00893914
2.44985e-15;8.63507e-14;1;4.72369e-14;7.39661e-13;6.73069e-13;1.47157e-13;7.68868e-14;1.46966e-14;2.56353e-14;9.93387e-14;2.58219e-07;2.5736e-17;1.48224e-11
6.0558e-07;0.116372;5.28138e-07;2.44754e-06;9.32235e-06;6.52158e-05;0.000105804;0.600705;2.74734e-05;4.44095e-08;5.28516e-05;1.63602e-07;0.282658;4.84945e-07
1.49587e-07;0.469564;5.09935e-05;5.2098e-07;5.25742e-06;2.1505e-06;3.23771e-09;0.514071;5.42936e-09;8.92393e-08;4.38692e-09;0.00263722;0.0136663;2.26139e-06
5.08776e-08;0.00894769;7.19138e-05;2.67107e-06;0.000131299;1.30517e-05;2.62488e-11;0.280391;6.87447e-11;1.79354e-08;4.57907e-09;0.699083;0.00873699;0.00262279
5.40134e-07;0.999955;2.23857e-11;1.02925e-07;3.3158e-09;2.91119e-10;1.83545e-06;1.64464e-07;7.1644e-08;6.47168e-07;2.57343e-08;1.3709e-08;4.07474e-06;3.73146e-05
0.00561556;0.00174774;9.4151e-05;0.000575826;0.000224832;1.70852e-05;0.401167;0.00154307;0.19855;7.38497e-05;0.369862;0.000528305;0.0199354;6.45208e-05
2.17196e-08;0.99251;1.07172e-12;1.59293e-09;2.62208e-07;3.71709e-10;3.25115e-09;0.0074876;2.79438e-08;1.58777e-08;2.56034e-10;2.92041e-10;2.02692e-06;5.17411e-08
1.05561e-06;0.00266312;0.0170603;8.58588e-07;0.00170898;3.22585e-06;2.57869e-10;8.11364e-06;2.00941e-10;1.77397e-06;5.50359e-10;0.975237;1.23155e-05;0.00330312
3.3778e-05;0.720847;3.23819e-08;9.05778e-08;4.77146e-06;1.2445e-06;8.00161e-06;0.27403;9.41273e-05;5.45323e-08;3.88554e-05;3.32805e-05;0.00333705;0.00157233
1.15769e-06;0.000183212;1.99679e-10;2.18461e-08;1.19664e-06;9.34671e-08;4.3277e-08;0.0339051;1.05866e-05;1.37909e-08;6.36653e-07;2.00341e-07;0.965898;3.01988e-08
7.84978e-07;0.0031636;1.80426e-08;1.03645e-08;1.93496e-07;4.89565e-08;7.49908e-12;0.000110145;3.27898e-07;5.55974e-09;7.92889e-10;0.995628;0.00109703;2.20407e-07
1.02075e-06;0.160983;6.02971e-10;1.70368e-06;3.87828e-07;6.42428e-07;1.38496e-07;0.000241376;1.43591e-07;6.3073e-07;1.88601e-07;5.93655e-06;0.838763;1.0927e-06
7.57041e-06;0.00031653;0.00205214;0.0345678;0.196114;0.208182;1.28006e-08;0.000693463;1.18891e-06;3.83894e-05;5.52726e-05;0.531036;8.29968e-05;0.0268526
0.000475734;0.0903531;3.82877e-05;4.64877e-05;0.000309744;2.07577e-05;7.3612e-06;0.0175748;3.61143e-06;5.97123e-06;0.000374423;0.000181743;0.890593;1.52117e-05
0.00205834;0.411144;4.41119e-06;0.00300798;0.000909934;0.000782461;0.00669298;0.0666245;0.195569;0.00030769;0.141133;0.0787472;0.0921142;0.000903898
0.00100585;6.46945e-06;1.00136e-06;6.01504e-05;0.030433;0.00043666;5.99143e-06;0.0098112;0.954672;1.18174e-06;0.00346291;3.41216e-06;1.03074e-05;9.03891e-05
0.00174361;0.126444;9.81874e-08;5.98299e-07;1.20015e-05;1.31504e-06;1.08679e-07;0.00462167;0.00260109;3.4845e-07;3.71535e-06;0.000133956;0.864436;7.36053e-07
3.90749e-07;0.00121374;1.41957e-08;7.35063e-08;6.67851e-08;1.14657e-09;1.72628e-09;8.50403e-05;1.10668e-05;6.61905e-09;1.21441e-07;0.998689;2.11388e-07;4.8198e-08
7.90502e-06;0.883163;6.95441e-06;9.44436e-06;4.60486e-05;1.90106e-06;6.8548e-08;3.19654e-06;1.36802e-06;4.35095e-06;1.14839e-06;0.000382607;0.0276857;0.0886861
0.00598663;0.025264;0.0832681;0.000321699;0.000150117;0.000204378;0.00616569;0.219929;0.0332968;0.000739138;0.0130842;0.000919637;0.60946;0.00121094
3.9279e-05;0.000717037;6.62749e-05;0.0026696;0.000921882;0.00137254;0.000804037;0.00172951;0.901628;0.000781937;0.0890487;2.53522e-06;0.000198224;2.09589e-05
