1.17613e-06;2.06711e-06;1.96906e-12;1.45376e-10;1.97538e-09;8.31144e-10;3.29648e-09;0.999994;1.35671e-07;2.37007e-10;5.93806e-10;2.58299e-10;2.66323e-06;4.57765e-10
5.98521e-08;1.17117e-05;7.39278e-07;1.16013e-05;0.000588198;4.04719e-05;1.15788e-09;1.89871e-05;3.10143e-06;2.08286e-07;2.92604e-07;0.990866;3.65004e-07;0.00845808
2.72308e-07;0.999727;2.68981e-12;5.12096e-10;9.09387e-10;1.88279e-11;8.59837e-07;0.000248279;8.08701e-09;1.14598e-08;4.46987e-09;1.2907e-11;2.22051e-05;1.652e-06
2.3091e-13;1.49538e-12;1;2.63299e-12;2.89262e-11;9.29826e-12;1.86197e-13;1.57715e-14;2.2443e-13;4.25316e-13;3.52066e-14;2.73217e-07;9.84342e-14;8.26737e-11
1.57953e-07;0.990526;3.79658e-08;1.09075e-06;3.84054e-06;2.25207e-07;9.38395e-08;0.000818191;3.78722e-08;1.07005e-08;5.8572e-08;0.00260309;0.00601659;3.02621e-05
1.94146e-05;0.0332576;2.28588e-06;6.84973e-05;0.0001269;1.78067e-05;6.7672e-06;0.0254915;0.000349371;2.20145e-06;0.000370917;0.935733;0.0043635;0.000190466
2.06593e-06;6.16115e-07;1.19934e-08;1.70658e-08;2.42547e-07;4.50089e-08;1.19011e-08;0.999994;4.17921e-07;4.24262e-09;1.70908e-07;6.50319e-08;2.2289e-06;6.67141e-09
3.68361e-08;0.0593822;2.69377e-10;4.0846e-07;6.27804e-08;8.9441e-07;1.24078e-05;1.85917e-09;1.55844e-10;2.29066e-05;7.19633e-10;4.97471e-10;6.15293e-08;0.940581
2.38538e-10;1.22291e-10;1;6.23996e-10;1.61825e-12;1.0999e-09;2.94331e-08;5.53212e-12;2.05773e-09;1.22016e-10;1.8628e-08;1.92045e-08;1.14943e-12;7.63412e-08
4.15186e-06;0.901455;4.28626e-10;2.21721e-06;5.53875e-06;1.00323e-05;8.16676e-07;0.09272;3.52915e-06;7.01691e-08;3.98989e-06;4.2435e-06;0.00563034;0.000160178
5.07189e-06;0.00884192;0.0379833;0.000169162;0.00861465;0.00296647;3.85941e-08;2.27906e-05;2.72534e-08;2.6099e-05;2.18012e-06;0.933146;0.0069626;0.00125971
6.41696e-06;0.993314;2.83887e-09;2.22785e-07;1.00614e-08;4.04248e-08;0.00205266;6.88221e-07;7.32645e-06;1.96528e-05;5.46394e-05;2.91218e-07;0.000382829;0.00416088
1.30456e-06;0.0007796;1.52886e-07;1.23536e-05;4.94341e-06;0.000527951;0.903629;5.66707e-06;0.0233652;7.8482e-05;0.0628405;9.6606e-09;0.00875229;2.3496e-06
0.000132984;0.993777;0.00449407;1.15959e-05;5.91055e-05;1.02792e-05;5.79337e-05;0.000820114;9.90491e-06;0.000368162;1.24138e-06;0.000236444;1.93244e-05;1.27664e-06
8.66668e-08;2.11016e-07;0.999959;2.25051e-08;2.47891e-09;1.62113e-09;1.11809e-07;6.41759e-10;1.14124e-06;2.74854e-08;3.80229e-07;3.9394e-05;1.27873e-09;3.35731e-10
1.15462e-05;0.00123736;4.93963e-05;1.87895e-06;5.95327e-07;9.91997e-08;1.33316e-06;0.992073;9.41132e-05;7.90966e-07;4.69662e-05;0.00583865;0.000644124;4.03652e-07
1.18409e-07;0.999235;5.68862e-10;1.05679e-06;3.87339e-08;1.8596e-07;0.000338337;7.13303e-07;3.59227e-06;0.000154913;3.15218e-05;5.4257e-07;1.51895e-05;0.000218973
4.35234e-05;0.00554387;3.44213e-06;1.76529e-05;3.15757e-07;8.86129e-07;0.918382;6.8744e-05;0.00946758;5.28537e-05;0.0629058;1.0191e-05;0.00350158;1.80591e-06
5.76586e-06;0.998208;2.22814e-08;8.80073e-06;1.51724e-06;2.48859e-07;7.26503e-08;0.000562036;0.000113415;7.50642e-07;4.67149e-06;4.93443e-05;3.77465e-05;0.00100804
6.82016e-06;0.000649658;2.04e-08;4.96055e-08;2.83202e-07;1.95633e-10;6.38691e-09;0.999338;4.09622e-06;1.40441e-08;2.30548e-08;1.28553e-06;7.98941e-08;5.55823e-08
3.43247e-07;0.999481;1.53923e-08;1.17352e-07;1.39224e-05;2.31932e-08;1.72757e-05;2.07074e-05;5.12829e-08;2.01031e-06;1.09111e-09;1.87421e-06;2.07452e-07;0.000462571
6.44141e-10;4.14948e-09;1;4.91882e-10;9.10114e-09;8.32411e-09;9.9342e-10;7.20859e-08;5.56571e-10;9.03313e-11;4.31229e-10;1.36264e-08;5.73395e-09;1.1218e-08
2.24809e-08;0.000100098;3.63668e-07;1.94668e-07;6.2146e-07;1.79258e-07;3.67393e-08;0.0101585;1.5461e-07;3.38806e-09;1.37751e-06;8.12956e-07;0.989738;3.202e-08
4.73667e-06;0.0242655;7.75348e-06;0.000188444;0.000176687;3.09986e-05;1.74819e-07;0.0153363;4.06738e-05;4.48767e-06;7.54947e-05;0.952406;0.00550271;0.00196039
3.04061e-05;0.878106;3.12876e-05;1.70705e-05;6.86593e-05;2.92073e-05;1.40222e-06;0.000477681;1.46603e-06;1.02596e-06;5.40741e-05;0.0797072;0.0410861;0.000387939
1.48202e-05;0.022778;1.11126e-05;5.72391e-05;0.0002513;4.146e-07;1.51254e-06;0.974663;1.25998e-05;2.03803e-05;4.63826e-05;0.0018354;0.000282828;2.51913e-05
2.97795e-06;0.000210796;0.994681;0.002648;8.27416e-06;5.17581e-05;1.36696e-06;6.78488e-09;2.02476e-07;3.34666e-05;0.00193282;0.000237024;1.79921e-05;0.000174587
3.94572e-05;0.0172885;1.58671e-09;2.89861e-06;4.22666e-09;1.83966e-08;0.000718188;3.58947e-05;0.000860158;3.324e-07;0.979614;7.54956e-05;0.00136537;5.7779e-08
5.47025e-06;0.998356;1.9776e-05;0.000198197;0.000169144;3.6294e-06;3.54513e-07;0.000508156;6.59987e-07;3.75853e-06;2.62054e-05;2.89537e-05;1.49309e-05;0.000664258
0.000256992;0.989285;1.35924e-08;1.7972e-05;0.000762478;4.78222e-06;7.27932e-05;0.00209586;5.15288e-06;6.72356e-05;4.34751e-05;0.000563453;0.0052248;0.00159989
8.3708e-06;0.000284587;0.00699201;9.96631e-06;0.00242125;0.000649345;1.25568e-08;0.000117112;8.74526e-09;1.02719e-06;1.09967e-06;0.98805;0.000984821;0.00047985
3.74109e-06;0.902734;8.48986e-11;2.9744e-08;4.59422e-07;2.41283e-08;0.000390319;0.096784;7.12951e-07;4.48275e-07;2.18532e-06;6.10382e-09;3.5706e-05;4.83449e-05
3.08319e-09;2.35467e-09;1;8.27453e-09;3.33314e-11;6.3551e-10;4.89631e-09;2.70785e-08;5.51785e-08;1.12297e-10;6.83903e-08;1.41744e-08;3.32442e-10;2.30821e-10
2.3252e-05;0.00431726;1.20821e-07;2.72269e-06;2.10485e-07;6.84509e-07;1.0864e-06;0.000109458;0.000314982;1.8758e-07;0.000166346;0.0100619;0.985002;4.69187e-09
1.12589e-07;0.000372522;4.47817e-07;4.58218e-08;2.21922e-09;1.20459e-09;2.6671e-10;6.4609e-07;1.75829e-08;1.29318e-09;3.00135e-07;0.999623;2.46321e-06;9.5675e-08
1.41591e-05;0.37691;7.08177e-06;7.40738e-05;0.000652123;0.00058014;0.000404303;0.486721;5.67604e-06;0.000803432;3.54038e-06;0.000152378;0.111926;0.0217464
2.48908e-07;3.38292e-06;3.82396e-07;1.01292e-05;2.69729e-08;0.00109009;5.43363e-05;1.20234e-07;0.000126707;1.29835e-06;4.56028e-05;4.29076e-10;0.998668;2.07549e-08
1.7799e-07;2.7041e-06;0.999996;1.31632e-07;4.05152e-07;2.31489e-08;1.04581e-08;2.73346e-08;4.6143e-09;2.53271e-07;5.12792e-10;1.75328e-07;1.81841e-09;4.2428e-08
3.37039e-07;0.998845;9.46107e-09;6.99069e-07;6.47701e-08;1.81129e-07;5.64759e-07;0.000913056;0.000157315;1.26103e-07;6.54556e-06;8.49999e-08;7.48715e-05;1.27382e-06
