9.12631e-06;0.995987;9.4727e-05;0.000338811;0.000102417;2.9778e-05;7.22111e-06;4.47233e-05;1.9954e-06;4.21293e-05;0.000112065;4.1849e-06;0.00294049;0.000285037
2.1401e-05;0.0150483;0.00825541;2.6438e-07;9.53969e-06;1.77818e-07;3.79313e-09;4.55946e-05;1.50057e-08;7.41038e-09;4.78731e-08;0.976558;8.31293e-07;6.0491e-05
5.3056e-06;0.999493;1.54876e-07;4.77801e-07;4.01949e-05;3.26525e-06;2.37275e-06;1.53806e-06;3.38173e-05;4.55231e-07;5.62313e-06;0.000123109;0.00022535;6.56192e-05
5.94508e-05;0.764892;3.10402e-09;8.0409e-08;5.32015e-06;4.54168e-06;1.49765e-06;0.00124516;3.7844e-05;2.18061e-07;5.77816e-06;0.00626146;0.227469;1.84117e-05
3.27935e-06;0.734464;1.80857e-07;1.85158e-08;1.59274e-06;1.39704e-05;2.12444e-09;0.000314508;6.76356e-07;2.39681e-08;2.01205e-08;0.261244;0.00229781;0.00165986
2.93848e-06;0.736699;5.72e-08;1.02438e-05;0.000416273;0.000227158;9.60468e-08;0.0382638;4.24983e-07;1.18306e-06;3.18809e-07;5.31377e-06;0.223149;0.00122458
0.00137491;0.0191277;5.59272e-05;0.00149125;0.000364291;0.0140168;0.000148797;0.000809171;0.00341866;6.04362e-05;0.0105174;0.0754021;0.800477;0.0727352
3.14837e-06;0.999831;8.52936e-06;3.13647e-07;1.31796e-07;2.48721e-09;3.23544e-06;0.000125692;2.87295e-06;1.53244e-07;3.74721e-06;1.26179e-05;8.5257e-06;1.48275e-08
6.91015e-07;0.990867;3.2564e-08;0.00012476;0.000620805;2.8522e-05;3.37902e-07;0.00584186;9.95426e-07;1.73661e-05;5.0415e-06;0.00242625;2.24441e-06;6.4367e-05
3.60833e-06;0.000829874;0.000580633;2.14382e-05;0.000466981;0.00196539;5.79066e-08;6.65658e-05;4.60922e-09;1.88189e-05;1.1687e-05;0.995423;0.00024643;0.000365053
2.2157e-06;0.000130764;1.93607e-09;4.35387e-08;3.30928e-07;2.44076e-07;1.57371e-07;0.991725;3.57051e-07;5.14151e-09;4.89181e-06;2.45843e-07;0.00813545;3.79342e-07
2.17137e-06;4.41123e-05;4.6253e-06;5.26279e-07;7.38252e-07;9.30255e-08;5.85842e-09;3.68704e-05;4.20364e-06;8.67251e-09;5.4451e-06;0.999722;0.000177067;2.11797e-06
3.64905e-07;0.999247;1.24861e-08;9.28224e-09;2.35923e-10;4.59428e-10;3.16117e-07;1.39763e-06;3.47929e-08;2.58571e-09;1.25215e-07;4.99902e-06;0.000745427;4.68125e-10
4.08515e-06;0.0943901;0.00247873;0.000320796;0.000571454;0.000281696;6.90593e-08;0.00501186;7.44311e-07;1.23676e-05;2.11908e-06;0.889853;0.000124266;0.00694876
0.00237721;0.626523;0.000183953;0.000315182;0.00338464;0.000777776;8.95459e-05;0.207927;7.51307e-05;2.24286e-05;0.00634801;0.130164;0.017966;0.0038462
3.51243e-08;0.980609;9.22738e-11;3.93155e-09;3.59884e-07;1.51505e-08;2.75029e-10;9.23611e-06;5.45667e-11;2.49121e-10;5.55623e-10;0.0181898;1.26196e-05;0.00117945
8.68723e-05;0.0666779;1.325e-06;4.67628e-07;0.000555825;0.000113112;1.00368e-06;0.0880113;5.51461e-06;4.17922e-07;7.48265e-07;0.10913;0.735339;7.65369e-05
6.68126e-07;0.000160944;6.54336e-07;1.77981e-07;1.1776e-05;5.40027e-06;3.44583e-09;0.0130967;1.40417e-07;2.37521e-08;2.21722e-08;0.000356885;0.986362;4.79249e-06
1.44911e-05;0.00584257;0.000412935;2.15385e-05;1.60826e-05;3.10526e-06;1.79584e-08;0.00029325;6.80068e-06;4.42644e-07;3.66109e-07;0.979264;0.0139939;0.000130785
8.94079e-05;0.891794;0.0208434;0.000249522;1.66689e-05;4.97258e-06;2.60597e-06;0.0014888;1.34374e-06;2.7331e-06;4.74641e-06;0.0849082;0.000387862;0.000205869
4.45688e-06;0.999863;5.9343e-10;6.49731e-07;4.55805e-08;5.98828e-10;0.000105985;2.44217e-06;1.08876e-07;3.58253e-07;2.31199e-06;1.11907e-05;9.42961e-06;7.14944e-08
3.17089e-06;0.0317178;5.5894e-05;2.66346e-05;0.00278157;7.84033e-05;2.59235e-08;0.000472776;6.83736e-09;2.09473e-06;4.35281e-08;0.957639;8.50433e-05;0.00713732
1.02347e-05;0.0542622;3.36994e-09;2.68529e-07;0.00534008;6.60003e-06;2.03335e-06;0.939415;1.56187e-05;1.02047e-07;2.08356e-06;0.000907085;2.08698e-05;1.75546e-05
2.81868e-05;0.146789;0.749208;2.5834e-05;0.032458;0.00418767;3.29772e-07;0.0324683;5.73422e-08;1.03857e-05;9.86016e-07;0.0306525;0.000956721;0.00321359
7.49545e-06;0.000243231;8.87277e-07;1.44864e-07;3.4662e-05;2.23902e-06;1.38977e-07;0.316553;1.0256e-05;1.07995e-08;5.46447e-05;0.000439139;0.682652;2.54867e-06
1.85599e-06;0.00500834;4.78259e-06;2.08258e-06;5.06484e-06;9.10582e-08;1.2734e-08;0.00047008;3.69505e-05;1.36777e-07;1.53608e-05;0.993485;0.000726204;0.000244185
8.86951e-08;0.999671;2.92395e-07;3.47988e-07;9.24654e-08;7.59682e-09;4.94422e-09;4.74149e-05;2.55009e-09;1.14567e-08;2.45721e-08;0.00026357;1.68429e-05;7.59307e-08
7.48819e-06;0.985101;5.66504e-07;2.90387e-06;1.0648e-07;8.53569e-08;2.411e-06;1.54424e-07;3.60351e-08;1.02128e-06;1.27405e-05;0.00312643;0.011745;4.39554e-08
8.20999e-07;0.00607981;1.07043e-07;2.13988e-05;0.0002728;4.83036e-05;2.0106e-07;0.0402749;7.89407e-07;1.417e-06;1.76025e-05;0.953018;2.38656e-05;0.000239502
2.70543e-05;0.515301;5.61903e-06;0.00112502;0.00171347;0.00394454;0.000128574;0.00614357;0.000115577;2.56229e-06;0.0120649;0.0052793;0.453805;0.000344708
0.000499736;0.477607;2.84024e-07;6.68758e-06;5.32087e-06;0.000148891;4.70495e-05;0.00454649;8.09426e-07;3.03206e-06;0.000263612;0.200485;0.316079;0.000306982
4.75844e-08;1.06651e-05;1.58158e-07;2.34382e-09;2.20172e-11;3.3924e-10;1.03799e-08;0.000842876;2.86298e-08;4.47815e-10;5.88617e-07;1.15544e-08;0.999146;4.24162e-11
9.85097e-07;6.36874e-06;6.89944e-06;3.5803e-06;2.99457e-07;1.47833e-07;1.31273e-07;8.46603e-05;4.11307e-05;3.78148e-07;0.000474926;0.999112;0.000264523;3.83332e-06
1.47387e-07;0.00138546;7.94446e-11;3.80925e-08;6.09542e-07;1.45589e-08;3.86379e-09;0.998602;7.6481e-08;3.56638e-08;1.06651e-06;3.98538e-06;6.05363e-06;2.90787e-07
2.98291e-08;0.999675;6.37354e-10;3.65232e-08;3.98164e-09;4.12007e-10;2.22142e-05;1.13512e-06;7.91012e-11;7.89679e-05;1.69294e-09;2.95073e-08;5.982e-07;0.000221779
1.06853e-10;3.42583e-12;0.999999;5.82003e-10;7.08121e-11;2.64447e-12;1.54138e-08;2.9382e-14;1.17027e-09;3.22296e-10;2.09441e-08;7.31853e-07;2.08524e-15;6.85801e-12
1.78204e-07;0.999623;3.15677e-14;2.96911e-10;2.42265e-10;5.04274e-11;0.000356287;4.53987e-06;5.86712e-09;2.38218e-07;7.68108e-10;1.78711e-13;2.52654e-06;1.3632e-05
1.09586e-13;8.1274e-14;1;4.18659e-14;6.58718e-12;4.90861e-13;1.09649e-12;3.59809e-13;3.78714e-13;1.72908e-13;2.1653e-14;4.48307e-08;7.31596e-16;2.87825e-13
3.09783e-09;9.02964e-05;6.30213e-11;1.85193e-09;1.22601e-09;1.46488e-06;1.03061e-07;1.96436e-06;1.9765e-07;3.00303e-10;1.76559e-08;3.99291e-11;0.999906;2.36363e-08
4.39831e-09;7.51661e-06;0.999989;4.68998e-09;3.53967e-10;2.32714e-10;1.09196e-07;6.67869e-10;2.86964e-10;4.14333e-08;3.11023e-11;3.03168e-06;1.28835e-10;7.17662e-09
1.22273e-06;5.8095e-08;0.99944;1.93916e-06;9.32116e-07;2.37429e-07;7.2309e-06;1.27944e-06;0.000493526;2.88068e-07;3.31682e-05;2.00712e-05;2.59658e-09;6.98369e-08
4.26814e-06;0.999822;1.73071e-08;2.11217e-06;8.29868e-10;1.16696e-08;1.35593e-06;1.26064e-06;6.86665e-08;1.81899e-07;4.78441e-07;7.81347e-08;0.000168109;2.59834e-10
5.69621e-08;3.13722e-06;2.68138e-08;3.3303e-09;6.06415e-11;9.21205e-12;1.5911e-10;6.13925e-08;8.02083e-08;9.65311e-12;5.33492e-06;0.999991;7.83853e-08;1.58123e-09
4.05295e-07;0.995244;3.69235e-08;1.73058e-07;2.46073e-05;9.64102e-07;4.94721e-08;0.00426685;2.4901e-07;2.53999e-07;7.38159e-08;1.01699e-07;0.000424908;3.69679e-05
3.82431e-07;3.93842e-06;2.2701e-09;1.60744e-06;6.62509e-07;0.00130181;6.53087e-08;1.91255e-06;2.17766e-06;5.04055e-07;2.02175e-06;8.86343e-06;0.998672;3.50701e-06
2.10411e-07;3.35753e-07;0.999994;9.10397e-09;1.5382e-08;7.69614e-10;2.58193e-11;5.01435e-07;1.10213e-09;1.08621e-08;5.54835e-11;5.02734e-06;6.47008e-10;1.59772e-09
2.10678e-06;0.997011;8.4434e-07;6.17292e-06;7.63106e-08;9.78138e-07;4.68329e-06;0.000998216;0.00061568;5.90178e-07;0.000425731;2.21851e-07;0.000928195;5.79871e-06
