3.38946e-05;0.987969;2.55232e-06;1.37765e-07;9.68338e-05;1.0222e-06;5.72e-07;0.00247503;8.39322e-07;1.67824e-07;2.03722e-07;6.64207e-05;0.00923708;0.00011639
1.30559e-06;0.00582764;6.265e-10;4.45789e-06;4.65542e-05;2.40663e-06;9.47571e-05;0.00535152;1.18123e-06;6.52197e-05;3.2372e-07;6.68109e-10;6.93335e-06;0.988598
9.55494e-11;5.55503e-11;1;3.18875e-11;3.94039e-13;3.05492e-13;6.94668e-12;3.59344e-12;2.95291e-10;9.31934e-13;1.52158e-09;2.12127e-08;6.93035e-13;1.07219e-13
0.000793744;0.138163;1.0372e-07;0.000260941;5.11433e-05;3.53854e-05;0.00125789;0.0143887;0.194925;2.29756e-05;0.0424721;0.00190549;0.519439;0.0862841
2.02741e-05;0.970945;3.34972e-05;4.62383e-07;2.17591e-07;6.67399e-09;2.44517e-06;0.00820831;3.93377e-06;1.13927e-07;2.40656e-05;0.00506315;0.0156975;1.23199e-06
2.96967e-06;0.102955;0.000111073;2.63788e-05;0.00056153;4.86746e-05;1.11921e-06;0.000549581;8.60183e-08;2.79785e-05;6.75228e-08;0.88596;0.00104928;0.00870592
7.01386e-05;0.00106621;5.0883e-08;0.000162973;0.00175934;1.2691e-05;4.52811e-05;0.0116511;0.980562;2.7551e-06;0.00433103;0.00012815;0.000201595;6.81105e-06
0.000117319;0.984846;0.00424985;2.17281e-05;4.87578e-06;1.28647e-06;2.12721e-06;6.74067e-06;5.84023e-07;2.99279e-05;5.62118e-07;1.79469e-05;0.0106335;6.71284e-05
2.05193e-05;0.00837541;8.64919e-08;7.06734e-06;2.03066e-05;1.89024e-06;4.90945e-06;2.73273e-05;0.000291184;7.7795e-07;1.44976e-05;0.99084;8.29401e-05;0.000313371
9.82878e-06;0.01431;8.00957e-07;1.85199e-06;5.57191e-05;2.37895e-06;1.68882e-06;0.396919;5.93614e-05;2.39802e-07;2.32816e-07;0.0248402;0.563797;2.03037e-06
6.93602e-06;0.00998338;1.38848e-12;0.00010914;5.48045e-06;0.00572747;2.08195e-06;2.95473e-05;0.000285901;7.94714e-06;4.21553e-05;3.66479e-05;0.980635;0.00312871
1.03917e-05;6.37776e-05;0.999193;1.47756e-06;2.05618e-07;3.76569e-07;1.55214e-09;8.72912e-08;1.24536e-08;1.45413e-07;1.92844e-09;0.000708444;1.58103e-05;6.38046e-06
1.15552e-06;0.967943;3.57003e-07;1.13609e-06;1.92741e-07;1.33555e-05;3.61545e-07;0.0134205;7.138e-06;2.37186e-08;4.36467e-06;4.92629e-07;0.0181162;0.000491385
1.5177e-08;0.999898;1.40359e-09;3.02068e-08;3.37515e-10;7.55164e-10;7.95362e-05;6.66756e-07;1.76706e-09;6.41005e-06;2.25926e-08;6.59072e-10;1.52219e-05;4.38747e-07
1.0272e-09;1.75122e-08;0.999987;2.45926e-07;5.86257e-09;2.38921e-09;4.63748e-07;2.16438e-08;1.054e-07;6.81447e-08;4.15082e-07;1.1557e-05;4.13223e-11;5.6237e-09
3.71301e-07;0.849569;9.59162e-06;1.15202e-05;2.37505e-07;1.81351e-07;1.04853e-06;7.64292e-06;4.01988e-09;3.4111e-07;1.45301e-06;0.000173268;0.150226;6.24536e-09
2.28288e-06;0.0300049;4.97212e-05;4.94264e-06;1.06409e-06;3.85509e-07;7.70797e-06;0.658149;2.42893e-06;2.4017e-06;3.25144e-05;0.311461;0.000280175;9.70796e-07
6.8062e-08;0.000709256;4.34737e-11;0.000254813;8.78949e-05;0.701018;4.9347e-06;3.40636e-06;3.84583e-07;2.84425e-05;1.94644e-05;2.53629e-08;0.265814;0.0320587
1.91028e-07;2.6779e-06;0.997215;4.68231e-07;7.71512e-09;1.83104e-08;1.32235e-09;5.22435e-09;6.23605e-11;7.87079e-08;2.30446e-09;0.0027807;6.8915e-07;5.15248e-07
3.34349e-06;0.998211;1.95164e-09;1.0579e-05;1.4406e-08;2.86316e-07;1.91018e-05;0.000443109;4.43857e-05;8.86978e-07;0.000150338;2.40322e-08;0.000833249;0.00028409
3.27908e-08;0.000197045;7.69822e-13;3.27967e-09;2.08169e-06;5.93769e-10;1.03739e-09;0.999801;1.66404e-08;1.88519e-08;3.75811e-10;2.09708e-08;7.36239e-09;2.33452e-07
1.09919e-08;9.845e-06;0.999187;2.46689e-07;2.22617e-06;5.39099e-06;5.32037e-10;4.25173e-07;1.96402e-10;5.29222e-08;6.29216e-08;0.000753083;4.12467e-05;3.13302e-07
3.07232e-07;0.997981;1.26066e-08;2.67193e-09;1.21803e-08;2.36657e-09;0.00166817;0.000335938;7.1464e-09;3.48531e-06;5.48245e-07;2.82118e-08;8.55309e-06;1.92823e-06
5.60176e-11;1.15213e-10;1;2.02522e-10;2.18812e-10;2.56634e-11;2.2373e-09;8.26461e-11;2.87591e-09;6.55827e-11;1.44019e-09;9.70772e-08;2.64147e-11;2.08045e-10
1.5873e-05;0.284405;9.95653e-07;9.49222e-08;3.20251e-07;3.94144e-08;1.16997e-06;0.713146;7.27773e-06;2.38861e-07;1.77285e-06;2.60421e-06;0.00241603;2.1016e-06
3.73304e-10;3.39439e-05;6.07381e-09;4.41688e-09;7.34959e-09;1.05178e-10;2.88032e-10;7.74502e-08;7.28423e-09;8.74135e-10;2.99859e-08;0.999966;5.66566e-09;1.92261e-07
6.26592e-07;0.949802;1.65976e-08;5.6584e-09;1.71111e-09;2.31873e-09;1.83614e-07;4.63109e-05;2.12295e-09;6.72081e-09;1.09963e-07;3.70101e-06;0.0501475;1.39927e-10
3.70126e-06;0.99336;2.73079e-06;2.64351e-07;6.55421e-06;2.75597e-06;0.00057083;0.000327614;4.85749e-06;0.00116596;4.29126e-08;0.000135324;7.64836e-06;0.00441162
2.094e-07;1.20909e-08;0.999989;1.56407e-07;6.5567e-07;5.24794e-06;6.90122e-09;2.83167e-09;4.03513e-06;1.69902e-08;1.08071e-07;6.99391e-08;2.55128e-07;1.69443e-09
0.0175771;0.791138;0.142233;0.000117238;7.01342e-05;9.51965e-06;3.34876e-05;0.0178629;0.0014512;4.31449e-05;1.23425e-05;0.00101058;0.0284378;3.69425e-06
5.83112e-05;0.0154372;2.37871e-07;0.00036034;7.08858e-06;3.27709e-05;1.71338e-05;0.567169;0.399256;3.93174e-06;0.00715742;4.01268e-06;0.0103927;0.000103575
9.35076e-06;0.000418355;1.43205e-08;1.28795e-06;5.0864e-05;1.59021e-05;4.14192e-09;0.999305;8.67315e-07;3.67031e-07;4.28959e-08;3.2269e-06;0.000101528;9.28983e-05
1.92105e-08;0.000125463;2.83097e-06;2.86807e-08;9.89606e-07;2.82018e-08;9.68026e-10;6.2891e-06;3.96052e-09;5.22602e-10;2.75885e-08;0.999857;6.59818e-07;6.63377e-06
1.3427e-06;0.340354;3.88965e-07;3.75248e-07;0.000172583;5.16955e-06;6.43613e-06;0.650384;5.68529e-06;2.42258e-07;3.3344e-07;1.51357e-05;0.0090359;1.80654e-05
9.39412e-05;0.345921;6.10767e-05;0.000542858;0.0571148;6.31767e-06;0.000181199;0.327035;4.04187e-05;9.44489e-05;0.000251651;0.250603;0.0178395;0.000214467
0.0056125;0.0292011;1.64182e-06;0.000759915;0.00390453;1.54365e-06;0.000932191;0.148053;0.710893;2.0626e-05;0.092367;0.00170887;0.00641465;0.000129277
2.94397e-05;0.999334;0.000552459;6.40544e-06;1.41365e-06;7.64321e-09;2.33033e-06;1.09208e-05;1.34446e-06;4.73264e-07;8.45754e-07;1.17063e-05;2.58674e-05;2.25638e-05
6.38182e-05;0.932554;2.48551e-05;0.000165401;3.11137e-05;3.04551e-05;1.58897e-06;0.0492413;4.07077e-05;4.10238e-06;9.02844e-06;0.00742628;0.0103444;6.26445e-05
2.09466e-05;0.0029202;1.54205e-05;9.10987e-05;7.27435e-05;8.99438e-05;9.95537e-07;4.95994e-06;8.19915e-06;5.41867e-06;0.000139085;0.991437;0.00516709;2.66651e-05
0.0036366;0.0117769;2.63117e-08;5.71742e-05;0.000788668;0.00244564;4.01915e-06;0.622979;0.00382237;2.94663e-06;0.000330578;0.00187774;0.352262;1.65822e-05
3.07911e-05;0.00960381;5.70972e-05;3.27271e-06;3.70548e-08;1.24512e-08;0.958249;6.6394e-08;2.30256e-05;0.0320087;4.73489e-06;7.27053e-08;1.51403e-05;4.36697e-06
1.69557e-10;5.69448e-15;1;1.22395e-09;2.10907e-11;5.02928e-12;2.05632e-08;1.09679e-13;4.92793e-08;2.74342e-10;2.30466e-08;2.14642e-10;2.4828e-13;4.04704e-13
0.000910283;0.985125;0.000540418;0.00101066;1.31808e-05;2.95074e-06;0.000164402;0.00829956;0.00351097;5.73783e-06;0.000268033;3.94167e-06;6.95293e-05;7.52893e-05
3.8903e-06;0.000303339;4.65596e-09;2.21539e-06;1.10338e-06;1.59151e-07;6.58133e-10;0.999374;0.000101839;1.02645e-08;3.19178e-06;6.4355e-05;0.000146045;2.4602e-07
3.9592e-09;0.999998;8.0992e-14;7.79127e-11;2.29062e-10;4.60993e-11;1.95363e-07;1.14935e-07;8.38148e-11;1.23698e-07;3.6806e-11;1.39963e-11;1.43003e-07;9.26365e-07
2.18264e-13;2.52631e-14;1;4.76337e-14;7.37177e-13;8.99132e-15;2.87522e-13;3.04475e-15;7.46592e-14;3.22908e-14;8.56939e-14;4.92092e-07;2.11367e-15;2.42388e-13
0.000161881;0.11287;0.00027098;0.000106979;0.024651;0.0841425;0.000943518;0.128141;0.00278339;0.000131815;0.000888923;0.00562627;0.608737;0.0305437
2.75202e-07;0.000218128;2.39337e-07;1.63334e-06;2.39324e-05;4.88068e-06;1.17133e-06;0.0130484;1.48759e-06;1.58819e-06;1.24358e-05;5.5009e-07;0.986684;7.99236e-07
2.12795e-07;1.53792e-05;1.48727e-08;1.86258e-07;6.99963e-08;1.86329e-09;2.71335e-09;1.94858e-07;2.33119e-06;5.17953e-08;6.6024e-07;0.999974;6.6383e-06;8.90791e-09
1.65963e-07;0.00682303;2.99937e-11;1.05366e-08;7.54335e-06;5.79988e-10;2.62519e-09;0.993169;3.04589e-08;1.46162e-08;2.08193e-09;1.93035e-08;2.16661e-07;7.90183e-09
3.82627e-08;0.000203032;0.998513;2.06754e-06;2.9658e-05;8.4395e-05;1.6688e-09;1.34216e-06;1.11757e-09;1.62429e-07;3.79099e-08;0.0010594;0.000102022;5.25477e-06
4.64019e-06;0.993552;8.6507e-08;9.2722e-08;9.72674e-08;1.2702e-08;0.000173559;0.00625665;4.3768e-08;1.3171e-06;3.51479e-07;1.01733e-06;6.24314e-06;3.72104e-06
3.30888e-07;4.34733e-08;0.999748;2.88433e-06;1.81103e-07;1.27496e-08;2.1578e-05;3.3612e-08;0.000150123;1.29065e-07;3.19086e-05;4.50111e-05;8.46277e-11;3.67025e-08
9.13186e-06;0.995836;2.67904e-06;6.22648e-07;2.14236e-09;5.89053e-10;2.22829e-08;4.40077e-05;6.46168e-07;2.05506e-09;3.55166e-06;0.000879429;0.00322382;3.67337e-08
1.29203e-07;0.000283908;2.00298e-09;1.97226e-05;0.000861155;1.81632e-07;3.74422e-09;0.99869;1.55313e-07;1.97759e-06;2.21664e-07;6.02e-07;4.58482e-07;0.000141371
2.07401e-09;1.58349e-08;0.999994;1.96872e-07;1.6217e-09;3.14395e-10;8.29352e-09;1.70209e-12;6.5464e-12;8.53483e-08;5.4285e-07;5.14425e-06;4.63667e-09;5.92754e-08
2.40658e-07;0.000119138;9.53517e-08;1.38172e-06;1.70338e-09;8.38318e-08;0.000358546;1.36231e-05;0.00115305;2.84465e-07;0.998306;2.41728e-07;4.73991e-05;2.60903e-08
