3.82222e-07;2.33801e-07;5.06704e-11;1.68293e-09;1.45382e-08;1.67175e-10;1.04702e-08;0.999996;2.38114e-06;2.76567e-10;1.58803e-08;2.98279e-10;5.03922e-07;1.71404e-10
5.61831e-07;0.000117524;0.0031308;1.28688e-06;0.000142695;1.65207e-07;1.18231e-07;4.06552e-05;4.18429e-07;1.74179e-08;1.58855e-08;0.996135;1.83875e-07;0.000430574
4.09394e-07;0.995666;7.57859e-11;8.3729e-08;1.07729e-07;9.67582e-10;0.00108763;0.00319425;8.75907e-07;9.20963e-08;9.05117e-07;1.09574e-10;3.79413e-05;1.1935e-05
6.06108e-13;1.2253e-11;1;1.75853e-12;3.42736e-12;1.98387e-14;2.09164e-12;1.43258e-12;6.01675e-12;9.05161e-14;1.60159e-11;1.03287e-09;2.14378e-15;1.69452e-12
2.96521e-09;0.999846;1.53958e-12;1.26309e-09;5.11665e-08;4.18249e-09;3.39341e-06;1.21382e-08;3.97673e-10;1.16222e-07;2.49919e-10;3.95458e-10;8.68509e-07;0.000149641
2.06892e-14;2.24253e-14;1;3.14023e-13;8.81172e-12;1.47831e-12;1.40053e-14;7.66041e-15;4.77948e-14;4.58783e-14;3.70491e-13;1.28584e-07;2.57248e-14;2.23137e-11
2.93662e-08;0.00383324;1.98493e-08;1.95082e-07;4.8838e-06;4.02117e-07;1.29167e-08;0.00988302;9.07969e-08;4.07739e-09;2.51235e-06;0.000141772;0.986133;3.62057e-07
4.39065e-07;0.933552;1.98752e-06;0.000173497;4.15517e-06;3.40153e-05;2.83775e-06;0.00404381;3.60969e-05;3.57959e-06;0.00759207;0.00465993;0.0498435;5.19215e-05
2.54474e-08;0.00024845;1.2935e-06;3.39755e-05;0.0189477;0.306137;8.42101e-08;0.0038006;7.37579e-09;1.25858e-05;5.68416e-06;9.95277e-05;0.000196888;0.670516
1.2544e-06;0.000760201;1.68421e-07;1.86114e-06;7.72747e-06;8.98445e-07;1.08201e-06;0.0341524;1.26349e-07;8.72091e-09;0.000386084;9.49427e-06;0.964679;2.09809e-08
2.23921e-07;0.00787126;7.631e-10;1.12199e-07;4.81462e-05;7.80718e-06;4.78003e-07;0.990481;1.45238e-07;1.06885e-06;1.74003e-07;6.40047e-10;0.00158674;2.47589e-06
1.20997e-11;4.90837e-12;1;4.31182e-11;2.53398e-11;1.67175e-13;4.09015e-12;2.20459e-12;2.85633e-11;2.11916e-11;1.02026e-11;2.28954e-08;4.10141e-14;1.38691e-12
3.20276e-06;6.632e-05;0.000663645;7.43837e-06;2.39684e-06;8.38657e-06;1.21628e-06;0.00011399;1.76317e-05;8.12274e-08;2.29971e-05;0.995766;0.0029472;0.000379479
2.45148e-06;0.999713;0.000243061;3.88306e-08;9.81081e-08;4.60113e-09;6.40847e-06;1.01081e-07;1.66837e-08;2.47515e-06;1.41934e-08;2.14489e-05;7.32025e-08;1.09387e-05
9.33016e-12;8.14556e-12;1;7.78612e-13;9.15603e-11;8.32741e-14;1.48851e-11;1.03969e-11;6.54063e-11;5.48174e-13;3.17644e-11;2.43871e-07;1.50793e-14;6.24374e-14
5.4838e-07;0.00129658;9.10475e-09;2.23562e-08;1.90115e-05;2.95661e-06;3.43875e-06;0.998096;3.51804e-06;2.0312e-06;3.09016e-08;7.50405e-09;0.000571742;3.82057e-06
6.44802e-13;6.58494e-13;1;1.5015e-11;4.63191e-12;1.76463e-12;1.52109e-13;3.88566e-13;1.33063e-11;4.8466e-13;5.64113e-12;1.20392e-09;1.08434e-13;8.85347e-13
4.02883e-06;0.0594137;0.0120947;4.47705e-06;1.40871e-05;1.89174e-06;4.26592e-09;0.021869;9.86343e-07;1.77285e-08;3.41662e-07;0.905893;5.94103e-05;0.0006442
2.67424e-06;0.0999006;7.6782e-05;7.31954e-07;1.07419e-05;1.80955e-06;8.99092e-09;0.000175388;6.48819e-07;1.6542e-07;2.02838e-06;0.00146734;0.898321;4.05118e-05
3.82396e-06;0.949955;2.95482e-05;8.66817e-07;1.88303e-05;1.25044e-05;1.29553e-07;0.0045588;1.67046e-08;1.99969e-06;7.26566e-08;0.0128346;0.0324471;0.000136928
4.63246e-06;0.000496603;0.000194769;4.36301e-05;0.0138977;0.00611244;6.87949e-07;0.00104501;2.91016e-07;8.80147e-06;1.07155e-07;0.00555246;0.000444386;0.972198
0.000315403;0.0215467;0.00252388;1.06731e-05;5.90234e-05;1.01468e-06;1.12861e-06;0.511471;7.9355e-06;6.92304e-07;1.20306e-07;0.422287;0.0417579;1.84714e-05
3.39559e-06;0.249502;0.000302927;0.00010367;3.9623e-07;1.94733e-05;3.34733e-08;1.16018e-06;3.71353e-06;6.66837e-06;7.69803e-07;0.218915;0.528663;0.00247847
3.78631e-05;0.630926;0.00113599;0.000444797;4.77223e-07;7.09724e-09;0.181277;1.06077e-06;2.47205e-06;0.175259;1.92065e-06;9.31158e-05;9.14331e-07;0.0108194
5.87074e-09;2.62395e-08;0.999995;2.74598e-08;6.35775e-11;1.36454e-09;2.13238e-06;3.02695e-08;1.3886e-07;4.61395e-09;2.1082e-06;7.42844e-10;5.61244e-07;8.97804e-13
