1.49415e-06;0.99915;4.91813e-10;4.09514e-07;9.63234e-08;4.37001e-07;0.000284687;0.000124814;2.32383e-07;0.00014507;1.04194e-07;4.34829e-10;0.000291052;1.70525e-06
4.78152e-12;1.24833e-13;0.999999;6.17382e-10;3.48028e-10;1.63399e-10;1.96823e-11;3.97699e-13;2.65865e-12;4.66468e-11;2.70241e-11;8.484e-07;2.11353e-14;3.0954e-10
8.11228e-05;0.831977;5.83233e-06;0.00020505;4.63233e-05;0.000585415;0.00250184;0.0144033;0.00021453;5.45737e-06;6.27101e-05;4.23539e-06;0.149897;9.95103e-06
1.63248e-06;0.999836;4.58797e-05;6.82401e-07;3.95579e-08;6.86262e-08;6.12377e-06;5.19281e-05;8.30397e-06;1.57426e-08;5.02121e-07;2.44529e-06;4.56004e-05;8.89788e-07
2.53201e-06;9.45442e-05;2.3314e-09;5.99401e-06;0.0033173;0.000267069;2.08474e-09;0.939491;3.52135e-06;1.79814e-07;2.09781e-07;6.5728e-06;2.8857e-06;0.0568083
4.993e-06;0.999458;1.56102e-09;2.76982e-07;3.07689e-09;1.6795e-10;4.01646e-08;7.52307e-05;2.96054e-06;2.24247e-09;7.39519e-06;9.02475e-05;0.000360613;7.33704e-08
1.27145e-06;0.92774;4.23383e-11;1.36916e-07;1.01736e-05;6.17414e-08;2.67507e-07;0.0721628;1.76504e-06;2.37659e-07;3.90796e-07;9.38686e-07;6.75509e-05;1.49132e-05
3.05607e-07;0.000130865;0.014652;5.69313e-06;0.00107018;2.85757e-05;4.16439e-10;1.84648e-06;3.01205e-11;2.98311e-06;8.91486e-10;0.983613;0.000134147;0.00036042
0.0006732;0.261504;4.20218e-08;1.67957e-05;0.014388;1.04661e-05;0.00186302;0.366416;0.0125263;1.02467e-06;0.0530407;0.000164281;0.289334;6.25518e-05
0.000384447;0.00410752;0.530158;0.00246979;0.0264567;0.00703361;2.46002e-06;5.46647e-05;7.93215e-05;1.57078e-05;0.000444485;1.85091e-05;0.411905;0.0168704
0.00014272;0.978836;0.016037;2.42129e-06;0.000563729;1.27352e-07;2.1898e-08;6.98979e-05;2.37819e-06;2.21962e-08;6.20821e-08;0.00428503;8.04801e-06;5.27828e-05
3.11429e-06;0.837905;7.03586e-11;4.80135e-07;0.00223979;1.01389e-05;6.95561e-08;0.10244;1.21944e-05;2.18639e-07;9.37978e-08;3.21397e-05;0.0573568;3.57126e-08
0.00172888;0.0203501;0.0210417;1.91351e-05;0.0714918;0.00413758;3.21981e-06;0.00266185;4.14033e-06;0.000300516;1.85072e-06;0.83617;0.019363;0.0227261
0.000148841;0.950532;3.39573e-07;1.99401e-06;7.54324e-06;9.29902e-06;5.15797e-07;0.0405647;0.00012739;3.966e-08;4.73392e-05;0.000178377;0.000347811;0.00803402
2.35149e-06;0.996054;1.2335e-12;5.38455e-07;5.05259e-06;6.60781e-08;2.2567e-08;0.0036836;2.07392e-07;2.19112e-07;4.14509e-08;0.000140669;2.83161e-06;0.000110762
1.0677e-05;0.997456;1.8812e-08;1.8355e-07;1.96964e-05;4.26833e-09;9.70433e-07;0.00172155;2.05609e-07;4.09378e-07;8.61369e-09;0.00078312;6.80458e-06;7.61524e-09
9.00647e-05;0.0127573;0.01369;0.00172263;0.00881023;0.410208;1.0105e-06;0.000451233;1.60844e-06;0.000300365;3.88237e-06;0.000933653;0.000154;0.550876
0.00106188;0.839556;7.18221e-06;9.10434e-07;2.97407e-07;1.14348e-05;0.138445;6.05573e-06;7.39599e-06;0.000863655;1.33784e-05;3.34972e-09;0.000947803;0.0190788
8.40276e-12;4.34228e-13;1;2.29449e-11;1.32774e-11;4.81083e-10;3.09208e-09;2.42427e-12;2.19861e-10;5.54597e-10;1.75918e-10;1.745e-13;6.3468e-13;1.11132e-12
1.54883e-09;3.49161e-10;0.999996;6.42495e-09;5.30653e-11;9.74158e-10;2.05052e-08;1.56061e-09;3.91519e-06;9.26287e-10;2.56369e-07;2.92435e-10;1.82776e-09;1.7716e-12
1.59073e-07;1.15466e-05;0.0012449;7.80388e-06;1.90082e-08;3.37647e-07;1.09762e-09;7.06336e-05;0.00147504;6.54866e-09;5.49865e-05;0.997132;1.43264e-06;1.24275e-06
1.23179e-05;0.994435;1.71666e-07;4.37607e-07;5.33153e-06;5.67462e-06;8.7459e-08;2.98993e-05;3.23502e-07;1.13294e-07;1.08746e-06;8.55806e-06;0.00549284;7.7514e-06
9.10815e-08;0.000679792;2.95272e-06;1.25453e-07;0.000104375;3.83633e-06;3.18435e-09;0.000405573;2.87518e-08;9.24489e-09;3.00235e-08;0.998186;2.0677e-05;0.000596838
4.86626e-07;0.290672;3.90002e-11;2.81785e-06;0.00916221;0.00316584;1.79488e-08;0.695297;1.41386e-06;7.07292e-08;2.25019e-07;3.45149e-05;0.000686581;0.000976667
5.9032e-06;0.712717;0.136498;4.88501e-07;0.000147487;0.000256656;1.74718e-09;0.0014307;6.24127e-11;2.73973e-07;1.27441e-09;0.0190377;0.129896;9.99687e-06
1.34859e-06;0.989377;5.35125e-07;9.62343e-06;1.42433e-05;1.44663e-05;5.58008e-09;0.000574358;5.44427e-08;7.30049e-08;8.76751e-07;0.00967069;9.26354e-05;0.000243721
1.88227e-05;0.591914;3.25025e-06;9.60003e-05;0.000235476;4.98733e-06;1.49258e-07;0.00101838;2.82191e-07;2.06149e-06;9.60216e-07;0.118839;0.287854;1.25408e-05
2.06837e-06;0.0109956;3.02776e-08;1.78121e-06;4.59858e-05;5.18681e-07;5.2012e-08;0.988886;1.74499e-07;1.22889e-07;1.49206e-08;3.43778e-06;4.04038e-05;2.35176e-05
4.96248e-05;0.837344;0.0643633;0.000312842;0.00393232;2.22351e-05;1.67727e-06;1.57859e-05;5.42729e-08;1.99328e-05;5.65376e-07;0.0830294;0.00106772;0.00984066
0.00151198;0.590695;1.13028e-08;0.000729315;0.000426085;2.07845e-05;0.0404837;0.00768108;0.0850079;0.000145075;0.141529;0.114054;0.0156047;0.00211174
1.04844e-05;0.988718;1.77761e-05;6.40388e-07;6.99987e-07;4.1179e-07;3.46494e-07;4.18478e-05;4.55117e-07;8.70091e-08;7.92433e-07;7.06657e-05;0.0111306;7.53114e-06
0.000361373;0.838537;1.53501e-06;6.61096e-07;6.67722e-07;1.49804e-07;0.000705536;0.000128126;2.48733e-07;0.0004833;3.87643e-08;4.08334e-08;8.4776e-05;0.159696
1.04932e-12;3.05571e-12;0.999999;1.01457e-12;2.94177e-12;4.25533e-12;1.69169e-13;1.16851e-14;7.16665e-13;1.78027e-13;7.49523e-13;6.10658e-07;1.21835e-14;3.14027e-10
8.11427e-06;0.0286967;1.57519e-06;3.58725e-08;9.44225e-08;4.01294e-08;7.05154e-06;0.0140717;2.34372e-06;6.78639e-08;1.58296e-06;5.84116e-06;0.957205;1.77745e-08
7.39072e-08;2.32529e-05;1.28222e-07;1.14864e-05;2.91037e-06;0.000386089;8.58587e-08;3.49888e-06;3.1824e-05;2.70606e-07;7.67933e-05;0.980824;0.0186019;3.80972e-05
0.000167269;0.824588;0.0263624;0.00495887;0.00145314;0.000388166;0.00104407;0.00167407;1.48791e-06;0.00858588;2.68701e-06;1.82746e-05;0.0930958;0.0376603
1.88414e-09;1.66889e-08;0.999993;1.56269e-09;1.69443e-10;3.37892e-11;9.73739e-09;5.76146e-10;9.93504e-11;1.15841e-09;5.18647e-10;6.64444e-06;5.33318e-10;8.45953e-10
7.90905e-05;0.670486;3.37697e-06;0.00155612;0.000358585;0.000251093;0.0029832;0.167056;0.0206961;0.000471752;0.0578001;0.00255549;0.0167164;0.0589864
7.9748e-06;0.880005;0.000319221;1.98715e-06;1.19933e-07;7.84261e-09;3.45358e-06;0.00217135;1.11115e-06;6.26607e-07;2.40389e-05;0.113616;0.0038494;1.31486e-07
3.25151e-05;0.209377;2.18179e-07;0.00504247;0.0881201;0.000106722;0.000259969;0.578784;9.17159e-05;0.00144024;0.000137257;0.106237;0.00543803;0.00493295
0.0023566;0.00603916;0.18641;0.135086;0.0160346;0.0104817;0.00211085;7.64093e-05;0.000306324;0.01089;0.0689944;0.124193;0.210124;0.226897
0.000758778;0.908477;0.0880951;5.43353e-06;5.04714e-05;2.83475e-06;7.36365e-06;0.00202428;2.4522e-06;3.79634e-06;9.11602e-07;1.10843e-06;0.000330953;0.000240062
1.39646e-08;1.00047e-08;0.999999;3.38668e-09;3.5402e-09;1.18325e-09;2.22429e-08;1.87947e-08;7.15479e-07;2.05403e-09;1.06946e-08;1.12285e-09;5.90695e-09;8.7167e-10
4.40951e-08;1.20987e-07;0.99945;1.84649e-07;6.97583e-08;5.71787e-08;4.48675e-10;0.000518079;7.3046e-07;3.10599e-09;7.37609e-09;2.9337e-05;3.20229e-09;8.87512e-07
2.56681e-08;4.76753e-06;1.29493e-05;1.25644e-08;6.63775e-07;5.79021e-06;1.10226e-10;4.21188e-07;1.26114e-09;1.05889e-07;2.00075e-10;1.45414e-05;1.40924e-07;0.999961
2.4768e-06;0.337184;5.67555e-10;4.32855e-07;4.8867e-08;9.83435e-07;1.7929e-06;0.0516943;9.66771e-06;7.50768e-08;7.46136e-05;4.52922e-05;0.610986;8.51228e-08
7.99175e-08;0.999665;1.71829e-09;2.4473e-09;1.1345e-11;1.18851e-10;9.86486e-10;3.17189e-05;1.36147e-09;1.71139e-09;9.6426e-10;1.26128e-06;0.000302266;2.51452e-09
2.92414e-09;0.99933;5.51511e-12;1.65415e-05;8.92484e-09;5.909e-09;1.16548e-05;7.07566e-08;1.94211e-10;0.000327984;1.14207e-09;1.02448e-06;8.70753e-09;0.000312485
1.29866e-07;1.47768e-07;0.999992;9.66293e-07;1.94415e-08;2.76621e-09;1.78901e-06;1.35451e-08;5.20983e-09;8.70533e-09;3.82706e-06;7.55537e-07;7.41289e-09;8.35118e-09
3.01963e-07;0.996464;1.89201e-09;2.24506e-08;8.02888e-08;2.63759e-08;7.5014e-05;6.76325e-05;2.89215e-09;1.44861e-05;6.71567e-09;1.94807e-10;0.00309322;0.000285221
2.8681e-13;4.20369e-14;1;1.46891e-13;1.07081e-12;1.09077e-13;1.0862e-13;8.34821e-15;4.16019e-13;3.28867e-13;1.20027e-13;3.69857e-07;3.40108e-15;1.91099e-13
3.76889e-06;0.878694;1.02623e-09;5.57073e-06;5.10949e-05;6.25258e-06;3.06034e-05;0.0288352;0.00186375;1.08916e-06;0.000162075;1.46351e-05;0.0903133;1.87476e-05
1.00384e-05;0.0693576;1.96048e-07;0.0010508;6.87978e-05;0.000320494;2.84256e-05;0.02193;0.0012891;2.7948e-05;0.000266907;0.000315635;0.905066;0.000267956
2.18343e-05;0.00484548;0.960099;0.00362873;0.000549835;0.000102111;3.58788e-07;0.000259151;6.00291e-07;2.70757e-05;2.51568e-07;0.00928735;3.05288e-06;0.0211751
0.000624994;0.0131609;5.84186e-10;0.00287873;6.46071e-06;6.73006e-05;4.36188e-05;9.59147e-05;0.023524;1.20862e-06;0.00797834;0.000379141;0.951239;2.24421e-07
1.60652e-05;0.990711;0.0092468;3.84196e-06;1.78007e-07;3.68187e-08;1.90661e-09;2.88581e-07;3.27835e-09;8.18036e-08;1.57704e-09;1.40301e-05;4.97554e-06;2.92169e-06
3.85228e-07;0.105931;3.68074e-13;2.47066e-08;1.12047e-05;1.0848e-09;2.10518e-08;0.894011;2.42426e-08;9.52822e-08;1.85505e-09;1.38807e-11;4.52478e-05;7.29481e-07
1.46244e-06;0.00147387;0.992436;0.00123534;0.000540693;0.00067614;4.58585e-08;3.1175e-07;6.04595e-08;0.00029687;4.2076e-06;0.00271739;0.000173468;0.000443868
0.00292442;0.0917008;0.00021348;0.00489714;0.000119072;0.000237371;0.00050266;0.0232559;0.0428428;0.000104676;0.754222;0.0779501;0.00100812;2.09974e-05
