8.1623e-07;0.990473;1.09025e-07;5.96957e-08;1.13739e-05;1.16718e-07;9.98871e-09;0.0021892;2.09855e-07;1.51087e-07;5.11949e-08;0.00711869;0.000202875;3.33913e-06
2.0756e-05;0.990579;1.73677e-07;0.000134122;0.000125556;1.63468e-05;1.15581e-05;0.00349518;0.000158897;2.70511e-05;0.000234217;0.00156627;0.0036196;1.11635e-05
2.31776e-06;0.989421;0.000472083;8.16823e-07;5.12825e-08;1.36776e-09;2.03146e-08;1.06715e-06;1.56297e-09;3.52204e-08;2.83981e-09;0.0100993;2.25598e-07;2.8828e-06
9.82321e-07;0.0577338;2.25644e-10;1.69248e-06;6.3207e-05;2.27495e-07;6.5004e-06;5.11146e-06;8.8764e-09;5.30201e-06;5.19838e-09;4.29048e-07;6.0868e-10;0.942183
1.25559e-07;8.41845e-06;0.999988;1.06565e-08;3.37478e-09;1.92902e-07;2.28998e-09;2.20863e-07;1.08372e-09;9.55731e-11;3.5223e-09;1.14682e-06;7.53083e-07;7.58505e-07
6.03356e-07;0.979095;3.02841e-07;1.88827e-11;5.6264e-10;4.88792e-10;1.61489e-08;0.000565985;6.62367e-09;2.59664e-11;1.44658e-08;3.10085e-05;0.0203071;5.14783e-11
1.22214e-08;0.00122776;7.40485e-07;7.97451e-08;2.88253e-05;5.13829e-05;2.54775e-10;0.0110465;1.05171e-08;2.0013e-08;1.15601e-09;0.979968;0.000317739;0.00735871
1.88668e-07;0.00375229;1.94821e-09;3.52672e-08;3.48365e-08;2.97821e-07;6.70637e-08;0.00292924;2.04462e-07;8.6489e-09;2.9978e-07;3.2077e-08;0.993317;3.00032e-09
3.84298e-06;0.00391884;9.23899e-07;7.80864e-07;3.44847e-06;2.20802e-08;1.67974e-08;9.35882e-05;1.20888e-05;8.34882e-07;1.05172e-07;0.995655;0.000301911;8.63639e-06
3.73378e-05;0.989234;0.000197443;4.95434e-05;0.000224864;1.24512e-07;3.51488e-07;0.00584506;7.51519e-06;2.09922e-06;7.91883e-06;0.000517851;0.00387632;5.29854e-08
1.15947e-06;0.999073;2.66699e-09;1.23224e-06;8.37113e-08;2.02371e-07;0.000278062;3.22629e-05;4.77107e-08;0.000520767;1.08415e-07;2.07428e-08;7.89772e-05;1.43393e-05
2.88589e-13;9.32825e-15;1;2.62052e-11;1.01189e-10;3.63408e-12;1.2129e-13;1.4153e-13;1.58293e-13;1.58973e-13;1.09773e-12;1.09192e-08;1.26602e-15;2.18384e-11
3.74176e-06;0.983206;6.01845e-07;4.17017e-07;9.54764e-06;3.18227e-07;3.02564e-07;0.0164773;5.78098e-07;3.81309e-09;4.23732e-07;6.5056e-05;0.000235511;3.08626e-07
2.16575e-08;0.999697;1.04274e-06;4.68343e-09;8.75212e-09;9.74435e-11;0.000269334;2.48003e-10;3.79698e-10;2.12708e-05;2.08e-08;9.64748e-08;1.56402e-10;1.14281e-05
1.64338e-10;1.02039e-10;0.999999;3.48131e-11;5.46775e-10;4.53337e-10;4.10518e-09;6.53508e-10;1.21833e-09;2.92859e-11;5.51795e-09;1.44089e-06;8.32109e-13;4.59747e-11
2.16124e-07;0.995033;1.08578e-09;3.70212e-07;1.59759e-08;9.9885e-07;8.37283e-06;1.77779e-05;8.30935e-06;2.01709e-07;3.65392e-06;6.49382e-06;0.00492033;8.54351e-09
8.73648e-08;0.000103347;0.0012823;8.96266e-07;3.98155e-06;1.18179e-06;9.12921e-11;1.42262e-08;2.88433e-09;4.40734e-09;3.36667e-08;0.998603;5.64597e-07;4.50385e-06
0.000134854;0.000118478;8.27224e-09;7.30866e-07;1.97378e-05;3.91724e-06;1.95862e-05;0.933608;0.001199;3.92908e-08;4.33015e-05;1.43431e-05;0.0648373;5.38969e-07
8.10466e-06;0.996691;2.89179e-09;1.90349e-05;9.46618e-07;1.48826e-06;2.1466e-09;0.00227882;4.16397e-06;2.00591e-07;2.57201e-06;1.12365e-05;0.000961515;2.086e-05
3.77639e-05;0.997935;3.46268e-06;1.99577e-05;3.22838e-07;8.25489e-08;5.89541e-06;0.000124848;1.27427e-05;7.94664e-05;1.15263e-05;0.00082083;0.000571564;0.000376954
0.000236283;0.0080074;1.33259e-06;4.62843e-05;0.000625487;0.000962119;5.69057e-05;0.000477286;0.00133175;4.68743e-06;0.0013735;0.973013;0.0123753;0.00148853
0.00024062;0.998291;2.33346e-09;4.01593e-07;4.94366e-08;3.2328e-08;2.72134e-05;0.000308106;0.000497486;1.55116e-07;3.0141e-05;6.03246e-05;0.000544806;2.17723e-08
3.12762e-06;0.143349;2.26255e-08;4.80189e-06;8.53935e-05;3.81822e-06;8.68202e-08;0.00787682;9.94843e-06;2.13667e-06;3.27081e-06;0.848096;9.56456e-05;0.000470396
8.11741e-06;0.996354;3.14108e-11;8.68733e-07;5.09031e-06;4.63695e-07;4.49897e-08;0.00242988;1.03303e-07;2.6681e-07;2.11937e-06;0.000791354;5.30407e-06;0.000402659
4.02415e-07;0.0132309;1.55148e-05;1.38385e-09;6.65669e-09;7.05649e-11;6.58482e-09;3.35071e-06;1.5434e-09;9.3315e-10;6.86761e-09;0.98661;0.000139779;5.44631e-09
1.1546e-05;0.00636653;4.23783e-10;8.31539e-08;1.02896e-05;3.50467e-05;1.18412e-06;0.16913;2.57071e-05;1.04722e-07;1.6502e-06;0.00129699;0.823121;1.76979e-07
5.64946e-06;0.0370579;1.7926e-07;2.56657e-06;6.66398e-06;1.91765e-05;1.0691e-06;0.000564811;8.33049e-07;1.46621e-07;2.45176e-06;0.00113312;0.961182;2.3146e-05
2.64841e-05;0.0197935;0.000309442;3.48223e-05;3.44635e-05;1.35667e-05;4.24085e-08;0.000121545;1.91117e-06;3.52541e-06;2.91376e-07;0.968503;0.0111434;1.43937e-05
0.000553757;0.0294067;3.2586e-05;0.000181831;0.000443191;4.04926e-05;0.000105763;0.911691;0.00259575;4.96799e-06;0.000769104;0.0284959;0.0251364;0.000542686
9.92952e-07;0.416193;1.96634e-06;3.65344e-06;9.84225e-06;0.000211722;5.01906e-06;0.000690028;4.69907e-07;3.33892e-05;1.05789e-07;2.87073e-08;0.578535;0.00431482
5.54534e-13;1.06553e-13;1;2.58433e-13;1.90869e-14;8.19247e-15;5.82057e-13;6.8129e-17;6.20871e-13;2.20498e-13;6.17023e-13;5.18501e-12;2.78256e-14;2.02546e-14
8.49931e-05;0.682428;2.61953e-05;4.75119e-05;5.37678e-07;2.80619e-06;0.00409621;5.45516e-05;0.000215899;8.39605e-05;0.000240027;0.0126769;0.000137707;0.299905
0.000368937;0.0410089;0.000183622;1.2643e-05;2.28583e-05;1.45779e-05;0.397975;0.0239619;0.169341;6.1048e-06;0.316763;1.22312e-07;0.0503404;1.54099e-06
6.75688e-06;0.981792;3.33039e-09;1.75904e-05;0.000475418;2.26265e-05;7.30276e-07;0.00455959;7.4574e-05;2.3231e-06;1.32461e-05;4.63769e-05;0.00434923;0.00863909
1.29017e-08;2.23464e-06;1.40417e-11;3.16332e-07;0.999782;2.19842e-05;2.81084e-10;0.000134065;8.42608e-08;5.55271e-08;9.89737e-10;8.45783e-07;5.571e-05;2.81912e-06
4.30057e-05;0.000102012;0.997495;0.000432158;0.00162277;1.33086e-05;2.96928e-07;4.92021e-07;2.64947e-07;6.67173e-06;4.59965e-06;0.000130644;9.88049e-05;5.00174e-05
0.000215015;0.999335;0.000316487;5.35239e-07;1.95676e-07;8.06582e-09;1.7286e-05;2.56737e-05;1.13112e-06;1.16459e-07;4.18656e-06;2.42351e-05;5.97375e-05;7.38689e-09
2.01519e-05;0.73375;0.000301903;0.000410165;0.000786555;0.000346426;1.20577e-06;0.0702432;0.0001986;7.62783e-06;0.000225705;0.174532;0.0172172;0.00195945
0.000187678;0.769255;5.4206e-06;2.52817e-05;0.00642627;6.43843e-05;3.70616e-06;0.215255;7.81299e-05;1.02972e-05;9.71243e-05;0.00292211;0.00498778;0.000682051
1.44436e-05;0.0267325;3.86497e-05;2.66128e-05;7.53952e-06;1.64851e-06;4.14091e-07;0.000157477;7.30016e-06;1.11491e-06;3.39007e-06;0.971532;0.00144944;2.76203e-05
0.00302115;0.0665817;3.45523e-06;0.000558282;4.81474e-06;1.18226e-06;6.56631e-05;0.0114573;0.00428157;1.3819e-06;0.00909499;0.564898;0.340028;2.59447e-06
7.45621e-06;0.995253;9.62338e-09;2.70511e-07;7.99104e-08;1.12041e-06;1.91137e-08;0.00273357;8.16597e-09;1.54556e-07;9.39042e-09;2.24746e-05;0.00196974;1.18801e-05
6.7945e-07;6.15662e-05;2.33895e-08;6.65188e-07;2.05879e-07;2.55301e-06;1.43092e-07;0.000647263;3.25801e-07;1.91249e-07;3.87878e-06;5.33083e-06;0.999277;5.16016e-08
1.19338e-05;0.000131018;2.37695e-05;2.49948e-05;0.000109744;9.35537e-07;3.81759e-08;7.6868e-06;1.84755e-05;4.63028e-07;3.28504e-05;0.999566;7.18906e-05;4.85705e-07
3.7869e-06;0.999984;6.67567e-07;1.02404e-06;1.94016e-07;7.43802e-09;4.35853e-07;6.64817e-06;2.65669e-07;5.5466e-08;3.46393e-08;5.07865e-07;2.45313e-06;6.70976e-08
1.68961e-06;0.992982;1.609e-08;2.57089e-06;8.25254e-07;3.61012e-07;5.44119e-08;0.00666217;3.60645e-07;1.02262e-06;1.40622e-08;0.000308776;3.14653e-05;8.62889e-06
6.26862e-05;0.01362;2.27841e-08;1.35881e-05;3.92803e-05;0.000247993;0.000132146;0.410814;1.91838e-06;3.62582e-05;5.15749e-06;0.000278357;0.574343;0.000405858
4.75095e-06;0.00018977;2.96589e-05;1.89775e-05;0.00440828;9.30777e-06;1.12297e-07;0.000129392;3.48557e-06;4.80366e-07;2.65935e-05;0.941852;1.49318e-05;0.0533119
6.57675e-06;0.998006;7.8745e-09;5.32063e-07;4.06441e-07;2.42012e-08;6.90591e-05;0.00167649;1.61273e-07;6.90158e-06;2.4101e-08;1.80836e-11;9.16855e-07;0.000232682
1.54513e-11;5.83009e-11;0.999998;1.511e-11;2.56639e-12;5.53581e-13;4.3456e-12;3.70931e-14;2.39157e-12;5.5405e-12;5.76345e-12;2.42956e-06;8.21627e-14;4.71151e-11
9.62279e-06;0.0103957;4.79018e-10;5.1966e-07;2.3143e-05;6.95724e-07;3.93403e-06;1.71742e-05;2.26234e-05;8.14505e-08;1.31348e-05;2.16856e-06;0.9895;1.09409e-05
8.28227e-06;0.0456868;2.18464e-06;9.82327e-07;2.41565e-05;3.17454e-06;1.7742e-07;0.787471;9.89834e-06;2.13422e-07;5.64875e-06;0.135502;0.0312847;4.66638e-07
8.50517e-07;0.0109928;4.50922e-09;6.28636e-05;0.00117256;0.263017;1.1971e-07;0.000132218;1.63e-06;1.85511e-06;1.31389e-06;2.83094e-06;0.722818;0.00179581
3.20852e-05;0.000263232;0.999212;1.88325e-07;6.5329e-06;1.59416e-08;5.92173e-10;5.25586e-07;6.32241e-10;1.42615e-08;3.27816e-11;0.000355558;0.000120683;9.57881e-06
1.6736e-07;0.996627;1.82154e-09;3.91195e-09;4.01481e-09;1.45559e-08;4.93968e-07;0.00335367;7.08555e-08;1.69583e-08;1.11806e-09;2.14545e-11;7.45823e-06;1.0984e-05
9.63985e-08;4.78504e-07;0.999984;7.88511e-07;4.67032e-08;8.68381e-07;2.08669e-07;2.76757e-07;9.48736e-06;2.93966e-08;1.89316e-07;2.50797e-07;1.18366e-07;2.89046e-06
7.44637e-08;3.25303e-05;0.98924;7.65603e-08;2.87386e-09;5.64458e-08;6.0459e-10;3.83589e-06;1.21149e-07;5.64596e-10;8.64912e-09;0.0107228;4.94886e-07;3.32039e-08
1.37523e-07;0.0692872;1.35812e-08;2.03133e-06;0.000278214;0.000311948;7.22662e-07;2.17525e-06;8.86854e-07;4.54641e-06;3.76811e-07;7.08958e-09;1.15947e-05;0.9301
8.42793e-14;4.9044e-14;1;6.45698e-11;7.28475e-13;2.58005e-13;5.43314e-14;1.18096e-14;1.16368e-14;4.0617e-13;1.31651e-12;9.17293e-08;1.87318e-15;8.72978e-13
4.99899e-07;0.00481541;3.5934e-06;1.07604e-06;0.000143793;5.44296e-07;5.30656e-10;0.995025;5.12037e-08;6.87994e-09;2.43099e-08;5.00975e-07;3.60421e-06;5.80414e-06
6.35815e-08;0.00117501;8.12792e-06;2.46262e-07;2.51937e-05;1.88491e-07;5.86794e-11;0.99742;2.23073e-09;4.22311e-08;4.55896e-10;1.11251e-06;0.0013697;9.69035e-09
9.51917e-10;2.57926e-06;0.999983;3.02293e-07;1.7827e-06;6.26623e-07;2.04784e-10;6.32261e-10;4.09709e-13;2.01937e-06;3.51791e-11;8.29095e-06;1.73371e-07;1.32143e-06
1.91515e-05;0.947692;1.25465e-05;0.000640914;9.73872e-06;0.000104797;0.000501208;0.0183531;0.000776022;5.10166e-05;0.0272464;0.00140665;0.00204449;0.00114183
