1.72017e-06;0.991208;0.00875709;2.70798e-06;6.55119e-07;2.12343e-08;3.70829e-08;2.99581e-06;9.87567e-09;1.71907e-07;1.52048e-08;1.68007e-05;7.31183e-06;2.40943e-06
6.41727e-06;0.993881;2.50943e-09;0.000245054;3.94789e-06;1.37531e-05;3.18693e-07;0.00442732;5.3706e-05;2.98301e-06;9.02457e-05;8.58922e-05;0.00113277;5.67686e-05
6.94562e-05;0.0314453;0.000991289;0.000161567;6.69323e-05;9.79404e-07;1.35596e-07;0.00010589;3.49668e-07;3.54353e-06;3.23544e-06;0.967085;1.18649e-05;5.48764e-05
0.000668395;0.130126;2.99483e-09;1.3869e-06;0.00218147;3.33495e-07;1.31536e-05;0.856438;6.39644e-05;8.53345e-08;1.60938e-05;0.000704847;0.00977711;9.34156e-06
8.65173e-06;0.00329653;3.40201e-07;2.43039e-06;0.000185988;0.000455253;8.72858e-07;0.0986969;2.0001e-05;3.71452e-07;5.08596e-07;0.890407;0.00650441;0.000420549
0.000203969;0.769673;3.32036e-07;0.000121817;0.000203555;0.000994098;0.0087939;0.180718;0.00922543;0.000247235;0.000474399;3.34731e-08;0.00115052;0.0281935
2.72908e-10;1.28468e-09;1;1.00453e-09;1.41564e-11;2.55589e-11;1.1185e-09;1.48146e-11;3.38354e-10;2.0729e-10;2.92615e-09;1.03608e-08;2.29411e-11;2.3664e-10
8.87398e-06;0.976195;5.81752e-05;0.000164814;4.0355e-06;3.98312e-05;1.77017e-06;0.0103447;0.000671848;2.04395e-06;0.000168573;0.0107283;0.00100696;0.00060486
3.52761e-08;0.999528;1.06994e-11;1.09853e-07;2.6582e-08;1.00948e-08;3.25297e-09;0.000460195;4.45057e-07;9.45867e-09;1.25461e-06;4.16584e-06;5.56578e-06;3.42615e-08
0.000122353;0.708599;6.32525e-08;1.02535e-07;1.91254e-05;6.12638e-08;8.93335e-07;0.00443781;1.26181e-07;5.23668e-07;2.53891e-07;0.278246;0.00824053;0.000333337
0.000152561;0.327856;5.31743e-05;4.64443e-07;0.000134867;0.000278169;9.74582e-08;0.257352;0.000306999;1.70622e-08;4.42541e-07;0.102385;0.311472;8.42833e-06
1.25319e-07;0.999954;2.41863e-13;6.95598e-09;2.34349e-09;2.72104e-09;1.1885e-05;1.92539e-05;6.79357e-08;4.82846e-06;4.42834e-11;1.50793e-12;1.13359e-07;9.711e-06
2.11849e-08;3.16612e-09;0.999997;2.02958e-07;3.85952e-08;1.43078e-08;6.38344e-10;1.52368e-08;1.55458e-07;2.74968e-08;3.67443e-09;2.47949e-06;4.14265e-10;6.1957e-08
8.66218e-08;9.15087e-05;8.07035e-13;3.02195e-09;3.86679e-06;1.03643e-09;1.95344e-08;0.999901;3.2728e-06;2.21806e-08;5.74901e-09;1.84795e-08;1.63229e-08;4.0455e-10
1.22379e-07;0.000198245;0.999613;1.25942e-06;3.16518e-05;9.26674e-06;6.72072e-08;1.18431e-07;1.31418e-07;5.61483e-07;2.22484e-07;8.84702e-05;5.68743e-05;7.60503e-08
0.000172087;0.0608926;3.20278e-08;1.67765e-06;4.86186e-05;5.9469e-07;0.000452468;0.00121195;5.8214e-05;2.31679e-06;2.23336e-05;1.09245e-05;0.937101;2.5325e-05
2.58864e-05;0.000546499;2.56236e-09;0.000144598;0.951213;0.00351521;5.48968e-09;0.000565494;0.000228625;1.85867e-06;2.2481e-06;0.0396191;2.00037e-05;0.00411755
0.00283832;0.754242;4.40983e-06;1.05733e-07;3.54932e-07;3.14215e-09;1.19628e-07;0.00118644;2.66503e-06;5.00671e-08;4.95683e-08;0.00106743;0.240658;6.9168e-10
0.000147038;0.00495335;7.03271e-08;2.15456e-06;0.00449432;1.19124e-08;7.00869e-08;0.30268;0.000282697;4.6183e-07;6.8309e-08;0.687424;4.79859e-07;1.53328e-05
1.98768e-05;0.972633;0.000843142;4.21261e-06;5.23714e-07;1.2451e-08;7.43841e-05;7.7467e-09;5.61228e-06;0.000173225;1.81161e-08;3.8242e-06;3.64752e-09;0.0262419
0.000156962;3.60108e-05;2.52919e-09;8.6848e-09;2.08855e-10;2.23436e-10;0.00653684;3.43841e-05;0.993169;1.56067e-08;6.63939e-05;7.28842e-09;6.61e-09;1.50313e-09
9.62838e-06;0.995856;1.09898e-10;9.373e-07;2.45036e-07;9.22628e-08;4.6067e-06;1.64216e-05;9.88486e-05;4.49132e-07;1.17755e-07;5.70353e-06;0.00378961;0.000217365
1.13386e-08;9.91443e-07;5.10133e-13;9.37004e-11;1.45609e-06;2.03364e-11;2.27376e-12;0.999997;8.00831e-11;1.32903e-10;2.45818e-15;6.33696e-09;3.48581e-07;7.71868e-08
4.2111e-10;4.35145e-08;0.999999;2.81516e-09;6.27732e-08;1.67123e-11;1.90056e-11;5.07387e-11;2.69281e-13;1.61519e-09;5.05634e-13;3.66256e-07;2.71068e-10;1.49217e-09
4.44455e-09;1.95602e-05;7.09606e-12;1.2637e-10;2.1981e-14;5.86503e-14;0.999921;2.58437e-12;1.81244e-07;5.87519e-05;6.08311e-07;1.51644e-15;8.01412e-11;2.05255e-09
5.78371e-12;4.55529e-13;1;1.31865e-11;4.86805e-13;7.55629e-12;9.54253e-10;2.83938e-13;8.8681e-09;2.63467e-11;4.39596e-09;2.77807e-10;1.85024e-15;3.39163e-14
