8.75736e-06;0.243095;2.4001e-08;1.76273e-05;4.77629e-05;0.000258409;1.5884e-08;0.752751;3.05602e-06;2.69507e-07;2.11853e-06;0.00227505;0.00149127;4.99028e-05
0.000331782;0.432267;3.51953e-09;4.56077e-05;0.00016104;8.89862e-05;6.94747e-05;0.026659;1.46452e-05;3.61288e-05;0.000122779;4.04276e-05;0.538908;0.00125513
0.00335675;0.0122667;0.0550584;0.00877432;0.306904;0.280199;5.26849e-06;0.305179;1.56656e-05;0.000152032;9.55077e-06;0.00536789;0.00119072;0.0215204
0.000820236;0.9624;1.85132e-07;0.000313253;0.000103892;3.51596e-05;1.45732e-07;0.012373;0.000155505;9.22079e-07;0.000118163;0.00256757;0.00946522;0.0116469
3.14425e-05;0.0032598;9.57837e-09;1.40359e-06;0.00034432;2.72338e-05;1.59694e-07;0.991874;0.00108039;1.77242e-07;1.65761e-05;0.0026902;0.000533299;0.000141069
0.000156734;1.14838e-08;1.15444e-09;3.03329e-07;1.29922e-05;6.74486e-07;8.64204e-07;0.267408;0.732306;2.60845e-08;0.000113229;2.95545e-08;1.14555e-06;4.3003e-09
0.282214;0.0734377;0.00865354;0.000181626;0.00770394;0.000245958;2.59033e-06;0.175249;0.0128981;5.12348e-05;2.47852e-05;0.093469;0.328692;0.017177
2.00235e-05;0.129377;2.23288e-05;6.27075e-06;4.00537e-05;3.9654e-07;8.55863e-08;0.00921553;9.73746e-05;2.27314e-07;3.87364e-06;0.858158;0.00302345;3.5351e-05
9.45538e-06;0.931867;1.61289e-09;2.82978e-05;0.000646105;9.64117e-06;7.10663e-07;0.00242499;4.58484e-06;8.99613e-06;6.82013e-06;0.00250691;0.00726018;0.0552265
0.00102809;0.140133;0.0028956;0.000846619;0.000489127;0.00048182;0.000330346;0.0582375;2.65989e-05;0.000528931;0.000144823;0.506354;0.283969;0.00453432
0.000291776;0.0747246;0.000115496;0.136077;0.00396791;0.0406217;0.000378895;0.00471836;0.00450177;0.000440468;0.0860998;0.00828909;0.627414;0.0123593
0.000332233;0.00671895;0.991878;4.85977e-05;3.54682e-06;1.11257e-06;6.80836e-06;9.54842e-06;8.88381e-07;6.43622e-06;2.90896e-06;0.000101872;0.000842697;4.60855e-05
1.1895e-05;0.99166;8.81732e-09;1.18371e-06;4.3577e-08;2.38467e-07;3.14683e-05;8.55054e-05;0.00145062;5.59334e-07;0.000309022;2.30511e-07;0.0064349;1.3902e-05
7.22638e-05;0.928927;0.0010534;0.000859024;0.000109506;1.59808e-05;3.99421e-06;8.06261e-05;0.000554143;3.28586e-05;3.74648e-05;0.0678043;6.38902e-05;0.000385737
4.48598e-05;0.902261;1.02932e-07;6.31679e-06;6.67696e-08;2.07361e-09;3.70672e-06;5.12326e-06;0.000331997;2.19617e-06;0.000330469;0.0970058;8.22298e-06;2.88548e-07
4.88903e-05;0.998167;5.32628e-10;3.9509e-06;7.693e-08;3.50483e-08;2.90378e-05;2.7487e-06;1.78193e-06;1.58983e-06;7.16597e-05;5.29209e-05;0.00158706;3.28259e-05
2.79334e-06;0.00048382;1.60317e-06;5.54971e-07;1.40831e-07;1.05933e-09;6.58824e-08;0.000318735;1.3101e-07;3.54367e-09;1.29389e-05;0.999151;2.78704e-05;3.36273e-07
4.01827e-06;0.887085;1.47254e-06;6.86407e-05;0.003283;1.02043e-05;6.13309e-08;0.105069;4.33382e-07;8.50899e-07;6.03967e-07;0.00214551;0.000207038;0.00212451
3.3274e-07;3.91205e-05;2.55856e-07;1.35818e-07;2.50449e-09;5.25718e-05;2.98873e-08;6.87257e-09;6.66419e-07;4.32627e-08;3.21057e-07;2.04807e-07;0.999905;8.12524e-07
4.44226e-08;5.38508e-07;0.999984;2.84405e-09;9.7708e-09;3.24515e-10;9.8318e-11;4.7111e-07;3.11367e-10;2.63034e-09;3.15064e-11;1.4882e-05;8.42084e-09;5.12046e-10
1.41743e-06;0.95707;1.02224e-07;2.80283e-05;1.05542e-06;2.88954e-05;3.41616e-06;0.0384251;0.0010552;2.80624e-06;0.000132498;1.13549e-06;0.00323781;1.2344e-05
