1.5051e-06;0.996806;0.00315577;2.01529e-06;7.76285e-07;1.96688e-08;1.71209e-08;3.48154e-06;4.68518e-09;6.64513e-08;7.48895e-09;1.9236e-05;9.41683e-06;1.48321e-06
2.53629e-06;0.980357;2.74402e-10;4.75975e-05;5.46604e-06;3.78865e-06;1.7946e-08;0.018603;1.16374e-05;5.63564e-07;7.27983e-06;0.000132048;0.0007316;9.76715e-05
7.8456e-06;0.00930435;2.3121e-05;3.64756e-05;1.37165e-05;3.49752e-06;3.13847e-08;3.18862e-05;8.62983e-08;2.50113e-06;1.0611e-06;0.990495;1.38114e-05;6.63027e-05
1.05706e-05;0.999337;2.03148e-08;1.83594e-09;6.78113e-10;8.35233e-10;6.89789e-06;1.59803e-06;5.88321e-08;9.57155e-09;2.62693e-07;4.40802e-06;0.000639439;6.59682e-11
8.70388e-07;0.00311847;2.57967e-06;1.69542e-05;0.000861734;0.00104681;2.927e-08;0.00078828;1.11406e-05;2.83525e-07;9.94321e-07;0.795888;6.82411e-05;0.198196
5.75214e-06;0.0594162;7.25472e-07;2.31355e-06;1.40536e-05;2.2418e-06;1.75551e-07;0.00267613;4.46832e-07;3.33991e-08;4.36784e-07;0.000289095;0.937592;2.40395e-07
2.33096e-06;0.0230007;2.55691e-08;3.64215e-05;4.02462e-05;2.92216e-06;1.54158e-07;0.00232078;1.14201e-06;4.32218e-07;8.87629e-07;0.97329;0.00115725;0.0001469
8.86515e-09;1.61882e-07;0.999999;1.33581e-09;5.13377e-09;8.87453e-10;8.53339e-11;3.99106e-09;1.96382e-11;9.18983e-11;4.36497e-12;8.02223e-07;4.20189e-07;1.68343e-08
6.16834e-06;0.765128;2.87611e-11;5.09024e-06;3.51238e-07;4.95281e-07;0.0488549;0.18497;0.000560574;0.000143127;2.49101e-05;3.51804e-11;0.000263618;4.32528e-05
5.13972e-11;1.13443e-10;1;2.11176e-10;4.36745e-12;9.68202e-12;1.6663e-10;8.56248e-12;8.38743e-10;5.75844e-11;1.38485e-10;5.00352e-10;2.01971e-11;5.27831e-12
2.16098e-05;0.876096;3.60381e-06;5.58718e-05;0.000577557;9.66384e-06;3.93153e-05;0.0427637;0.00414085;1.48539e-05;0.000672839;0.0274869;0.0479493;0.000168307
3.79509e-07;0.761116;0.00828126;4.90622e-05;0.000734762;0.00022394;3.62793e-08;9.35908e-08;2.67827e-09;2.01276e-05;2.38034e-07;0.00278382;0.223066;0.0037241
1.72113e-07;0.0238303;7.6288e-06;3.53057e-07;1.36789e-06;1.31619e-07;3.21454e-07;3.2021e-05;4.49107e-08;6.40265e-08;2.08607e-06;0.975887;0.000198589;3.99659e-05
5.10877e-06;0.589314;6.83975e-08;3.21238e-05;0.00305451;0.000570417;9.42255e-07;0.0201786;2.41922e-06;1.93046e-06;3.07317e-05;0.27821;0.0214308;0.0871687
1.14972e-06;0.000802613;1.6453e-06;4.40669e-07;0.000328549;0.000224736;1.61889e-07;0.973637;3.9442e-08;1.59492e-07;2.74321e-07;0.0169304;0.00470616;0.00336653
7.93305e-06;0.0420872;5.60487e-08;1.21837e-06;2.0176e-05;4.59308e-05;9.09083e-06;0.491496;4.87761e-07;1.09798e-06;2.5248e-07;1.61031e-09;0.466326;5.03731e-06
6.72144e-10;1.23708e-09;1;4.53111e-10;5.32114e-11;3.08246e-11;1.80348e-10;5.96714e-12;4.60655e-10;4.36243e-11;4.6898e-11;7.65525e-08;6.9016e-10;1.11725e-10
2.9938e-07;0.0058431;8.95402e-06;8.16155e-07;8.93845e-08;4.48004e-07;4.15201e-09;0.00718929;1.0948e-06;6.27092e-09;1.13041e-07;0.986778;9.91712e-05;7.88708e-05
2.93753e-05;0.248997;2.26483e-07;7.2465e-05;0.00413909;0.0021871;1.25302e-05;0.134674;0.0016466;1.47153e-05;0.00350924;0.000149356;0.604079;0.000489403
3.57789e-06;0.313692;3.95342e-09;1.81416e-05;0.00836804;0.0287764;3.06044e-05;0.565643;3.15187e-05;0.000541398;4.7812e-05;4.20161e-06;0.0791278;0.00371535
1.16922e-10;4.12804e-11;1;2.88532e-10;1.03215e-10;2.81294e-10;5.70075e-11;1.32773e-12;1.66521e-10;7.67649e-11;2.3838e-10;2.11352e-09;4.75751e-11;1.86178e-12
3.14419e-05;0.107349;1.24668e-05;6.05025e-05;4.37027e-06;0.000374837;1.13174e-06;0.00538711;0.000158702;9.01009e-07;8.28182e-05;0.672342;0.214182;1.20463e-05
2.27569e-06;0.984474;2.00376e-09;5.09646e-07;2.92146e-08;9.43724e-08;1.02229e-07;3.33937e-06;2.01466e-06;6.67984e-08;1.03788e-06;3.48555e-07;0.0155167;1.06796e-08
2.66501e-07;0.00716686;0.000934426;8.84448e-06;4.86154e-05;1.84606e-06;4.2516e-11;0.000453465;3.46925e-09;5.65963e-08;2.03077e-09;0.990603;3.20207e-08;0.00078245
1.47964e-05;0.615321;4.0855e-07;0.000145984;6.74881e-05;0.00064334;3.41039e-06;0.0155487;5.37693e-06;8.36728e-06;8.60214e-06;9.14404e-05;0.367246;0.000894993
0.000399111;0.44026;0.000856761;0.000320328;6.65405e-05;0.000102774;3.28565e-07;0.175582;0.000132646;1.72776e-05;3.5018e-05;0.16989;0.0169402;0.195398
3.70142e-05;0.434106;3.25638e-07;4.70437e-07;5.11192e-06;2.88259e-08;4.55506e-08;0.000170754;5.55001e-06;7.73717e-08;3.54006e-07;0.563757;0.00189551;2.20601e-05
2.11408e-05;0.111594;2.2806e-08;2.5516e-05;0.000277954;9.83767e-06;1.47433e-07;0.0119066;3.0312e-05;2.29809e-06;2.17952e-05;0.524785;0.343837;0.00748762
5.89102e-07;0.00916438;9.42478e-08;1.19882e-06;0.000136334;8.14498e-05;5.50896e-08;0.975726;5.5085e-07;5.73227e-07;5.15388e-07;0.0015533;0.0128708;0.000464144
1.08711e-06;0.0116527;3.83843e-09;4.26401e-07;1.62001e-06;3.40487e-06;4.36486e-07;0.767203;2.51822e-07;1.55936e-07;7.55986e-07;3.2102e-09;0.221136;1.69503e-07
5.51425e-09;8.67448e-07;0.999998;1.07351e-08;2.12889e-10;4.72676e-10;3.92739e-09;2.5773e-10;8.93502e-09;1.67277e-09;1.02738e-09;9.80569e-07;4.88461e-09;5.80712e-10
3.96592e-07;0.000362939;3.38921e-06;2.64665e-07;1.72549e-08;8.86714e-08;1.06934e-09;0.000562531;5.39151e-06;9.4428e-10;6.98474e-07;0.999053;9.35543e-06;1.74445e-06
1.91781e-07;0.984118;1.14377e-08;1.12612e-09;1.50551e-08;1.29134e-07;6.15095e-09;2.49375e-09;3.97999e-09;3.09759e-09;7.04576e-09;1.80322e-05;0.0158631;1.24397e-07
7.65796e-09;6.1764e-05;9.14043e-06;2.48666e-08;2.58944e-07;1.16703e-06;5.15338e-09;0.000368864;3.8535e-07;1.09795e-09;4.39175e-08;0.99951;4.66963e-05;1.33052e-06
3.12657e-06;0.555883;3.15739e-08;3.59552e-06;3.63419e-05;0.00639979;2.46846e-07;0.415889;0.000170517;3.30539e-08;1.69116e-06;2.88866e-05;0.0215242;5.97608e-05
6.33653e-06;0.996576;8.13299e-09;3.00139e-06;9.6577e-08;8.53866e-07;7.20528e-08;0.000106338;6.91194e-08;3.38938e-07;2.44469e-07;0.00098697;0.00231941;5.78116e-08
6.44716e-06;0.0291713;0.0060945;0.000321872;0.000180772;0.000434836;8.65598e-09;0.00198581;4.68877e-09;1.10093e-05;1.33937e-07;0.96137;9.01436e-06;0.000414325
1.49349e-05;0.97203;1.50516e-08;5.89901e-05;5.2175e-06;5.15393e-06;0.000168116;0.000346332;3.7432e-06;6.02963e-06;0.000111822;1.61354e-05;0.0271842;4.92894e-05
3.85064e-05;0.0352028;9.55556e-08;0.0454393;0.221628;0.0569481;1.53818e-06;0.237849;4.00453e-05;0.00158444;0.000536448;0.00962305;0.000337868;0.390771
0.00848479;0.260313;0.000178554;0.00894127;8.06852e-05;0.000103376;2.02359e-05;0.000354165;0.010811;0.000154523;0.0597081;0.300108;0.34773;0.00301117
1.02167e-06;0.00165489;4.28514e-09;2.80867e-08;0.000279732;1.3403e-05;9.66776e-09;0.996697;5.44838e-07;7.66841e-08;1.31081e-07;1.98609e-05;0.00123827;9.52133e-05
0.000102937;0.00393912;1.72326e-07;1.49298e-06;0.000221517;1.73967e-06;3.78561e-05;0.988975;0.000382017;3.54814e-05;1.12113e-05;5.05949e-07;0.00624026;5.04426e-05
1.56898e-07;6.22081e-09;0.999998;4.13878e-08;4.86304e-10;1.90501e-10;3.197e-07;2.47223e-10;1.23923e-06;1.27921e-08;6.54866e-07;3.34407e-08;1.01494e-09;2.16088e-10
8.61e-06;0.00988083;0.000544692;3.53806e-06;3.79465e-07;7.64434e-08;3.98922e-08;0.0521496;1.22855e-05;6.56393e-08;5.88034e-06;0.937389;2.77367e-06;2.03016e-06
2.73126e-06;0.990983;4.45529e-06;3.01814e-05;2.4017e-05;2.40087e-05;4.41539e-07;4.50131e-05;4.03316e-05;5.59803e-05;4.92509e-05;0.000278314;0.0084294;3.28856e-05
2.53454e-06;0.0142231;0.0098768;1.1828e-07;1.02878e-06;6.0136e-09;3.58153e-09;2.27403e-06;4.26183e-09;1.17489e-07;1.54069e-08;0.97588;5.51424e-08;1.40325e-05
1.40695e-05;0.963785;1.14606e-11;3.99915e-07;5.95614e-05;1.26338e-06;0.0031041;0.027754;0.000290737;3.79697e-05;5.57505e-06;1.228e-06;0.00067796;0.00426818
2.05896e-08;3.93125e-06;0.999989;2.68937e-08;2.15988e-08;1.28751e-07;7.88805e-09;4.88146e-06;3.91701e-09;3.63129e-09;5.44096e-09;5.72567e-07;1.73276e-06;5.60663e-08
6.19844e-07;0.992224;6.3074e-08;1.86443e-05;0.000147261;3.26901e-05;2.77486e-08;0.00287891;3.82986e-07;6.58596e-07;8.58975e-07;0.00354241;0.000566475;0.000586681
0.000678944;0.403141;5.48274e-07;0.00138444;0.00424882;0.000520429;3.57511e-05;0.197466;8.9779e-06;0.000388068;1.87297e-05;0.306409;0.0738511;0.011848
0.00149885;0.00125135;0.797911;0.000349547;0.000491533;0.000630907;4.64863e-06;0.1893;0.00092902;3.98705e-06;6.87926e-05;0.000247171;0.000139103;0.00717476
3.25523e-07;6.92322e-06;7.06941e-06;3.30115e-09;2.59525e-06;6.72472e-06;1.2267e-10;4.93475e-06;1.02378e-08;9.82312e-09;1.10621e-10;2.83159e-06;4.32579e-08;0.999969
1.84046e-08;2.94366e-05;2.40814e-11;1.32593e-11;1.69487e-07;1.7009e-07;4.38222e-12;0.999929;3.32567e-09;2.33505e-12;2.7035e-11;1.25543e-12;4.11752e-05;9.35658e-09
1.08005e-10;2.26032e-07;0.999999;2.55096e-10;3.1214e-11;1.89801e-10;7.43336e-11;1.6416e-10;2.53678e-10;3.11375e-11;1.36465e-11;1.56185e-08;2.70185e-07;1.95691e-12
4.0619e-09;5.95633e-08;0.00203731;9.74509e-08;2.60304e-08;1.65826e-07;2.5776e-12;4.08575e-05;1.20288e-07;3.97512e-11;9.79194e-10;0.997921;1.20621e-08;7.53564e-07
2.65569e-07;0.999416;5.56277e-09;3.07295e-08;4.97653e-07;2.44312e-07;7.1467e-10;3.1855e-08;8.26678e-10;2.43077e-09;3.46209e-09;6.15223e-07;0.000581062;1.11303e-06
6.29501e-08;0.0255398;0.00199039;2.53365e-07;0.000318443;0.000355422;4.07714e-11;0.00648493;2.28031e-09;4.01668e-08;1.98563e-09;0.959256;0.000367845;0.00568721
2.07951e-07;0.556652;6.05031e-08;0.000224975;0.00326453;0.100005;6.05343e-08;0.148332;1.10588e-06;1.94701e-06;4.64808e-06;1.32646e-05;0.153715;0.0377857
8.98207e-06;0.985527;6.40556e-06;3.92728e-05;8.09374e-05;1.34367e-05;1.47267e-08;0.000428832;1.23807e-08;1.27532e-06;3.66338e-07;0.00769597;0.0049224;0.00127532
3.99893e-06;0.0882211;9.4727e-08;4.67657e-07;0.000691102;2.17949e-08;1.83733e-08;0.911079;2.99323e-09;4.95649e-07;5.32452e-09;7.17134e-07;2.34116e-06;8.8401e-07
1.9405e-07;0.0033006;0.993658;5.39688e-06;0.00121328;0.00156773;3.01006e-09;8.78261e-07;7.6113e-11;2.09206e-06;2.94954e-08;3.01889e-05;3.36911e-05;0.000187662
7.74857e-06;0.147174;7.4722e-07;1.93423e-08;7.73478e-09;3.31872e-08;0.852158;5.64325e-07;2.63691e-06;0.000174138;0.000108546;3.00072e-07;0.000350007;2.28271e-05
2.26877e-11;4.61964e-11;1;2.25325e-09;1.30359e-09;1.03832e-09;5.03218e-09;3.24823e-12;4.76377e-09;3.0208e-10;6.32739e-08;1.76533e-08;7.89281e-12;1.48607e-10
0.000294282;0.738056;8.73614e-07;5.46606e-05;5.59788e-06;8.64284e-07;0.00104592;0.00163985;0.000135304;7.53876e-06;0.00719922;0.0480323;0.203527;4.1886e-07
3.16575e-05;0.294793;2.96024e-06;8.71103e-05;0.000195019;4.45828e-05;9.98058e-06;0.114717;0.000132976;2.3972e-05;0.00375852;0.455443;0.12672;0.00404004
5.74841e-05;0.976921;4.04668e-06;0.000111636;2.27693e-05;9.57464e-07;7.38934e-06;0.0144802;1.79479e-05;3.02995e-06;0.000225744;0.0075994;0.000451637;9.64833e-05
0.000119195;0.0056076;0.00117363;1.17593e-05;0.000912535;1.29923e-06;1.30155e-07;0.211625;5.05947e-05;1.0795e-06;8.3697e-06;0.777901;5.87373e-05;0.00252875
2.32068e-05;0.95437;0.00767975;3.8028e-05;0.0323535;3.53885e-05;1.777e-06;0.00369662;1.31829e-06;9.10933e-06;1.65489e-05;0.000695202;0.00107102;7.9781e-06
8.7288e-05;0.562943;0.0307907;2.66997e-05;0.000180786;0.000411022;3.88157e-07;1.17103e-06;2.61077e-07;5.48706e-06;1.02381e-05;0.391241;0.00721339;0.00708773
6.71432e-06;0.165169;7.8497e-05;6.10371e-09;1.32343e-06;4.83755e-07;2.62063e-09;0.00378575;6.60737e-10;1.10292e-09;2.78224e-09;0.801481;0.029477;9.86596e-08
3.81286e-06;0.339303;6.865e-05;8.00513e-06;0.000176584;0.0118919;1.78162e-07;0.436038;2.04646e-07;7.14377e-06;1.05992e-07;9.53385e-06;0.0951079;0.117385
3.43232e-08;1.98773e-08;1;2.31171e-08;1.44743e-09;7.01113e-09;6.27849e-10;8.3674e-09;1.02863e-08;8.81307e-10;2.2324e-08;1.886e-07;1.66943e-08;2.46629e-08
1.35195e-07;4.88284e-07;9.0838e-05;3.04792e-07;9.41601e-09;9.53387e-08;7.67372e-08;1.48214e-06;1.09019e-06;6.27768e-09;9.26662e-07;2.94816e-05;3.96083e-06;0.999871
1.46309e-08;2.51936e-05;4.45563e-09;1.24705e-09;3.8841e-05;1.80144e-07;3.85687e-09;0.999934;1.9368e-07;2.34385e-10;6.65835e-09;2.26576e-07;1.47641e-07;9.99919e-07
3.91103e-11;1.11164e-07;0.999938;2.65084e-10;2.13205e-07;2.91066e-09;2.05133e-11;9.4218e-10;2.12345e-13;9.63959e-11;5.20401e-11;6.13584e-05;2.29288e-09;3.71147e-08
1.11836e-08;0.999524;4.61247e-09;3.77053e-09;1.28906e-08;1.64159e-09;2.48104e-07;0.000467621;6.4119e-07;1.58635e-10;6.62495e-07;1.4077e-06;5.14063e-06;2.17583e-08
5.48081e-08;3.41566e-05;0.999907;3.92057e-07;3.87267e-07;2.76258e-08;1.17484e-08;4.25663e-07;2.37226e-07;1.85332e-08;3.76265e-08;4.45279e-05;4.07289e-06;8.28961e-06
1.70041e-10;0.99961;2.19927e-10;1.17232e-10;8.35845e-10;3.6558e-11;5.22909e-11;0.000390323;3.61058e-12;3.92129e-10;1.64958e-13;1.23765e-09;1.19862e-07;1.86097e-08
1.66069e-09;0.000102674;9.77207e-11;4.36444e-07;4.80474e-07;0.00106486;1.14399e-09;1.07255e-05;2.19907e-09;7.05004e-08;1.55744e-08;3.36056e-07;0.9972;0.0016199
1.08849e-07;2.68375e-05;0.999694;5.4628e-07;1.05878e-07;4.77343e-08;9.51756e-07;1.62926e-08;5.53794e-11;3.85706e-05;1.17009e-09;0.000238507;1.70666e-07;6.10176e-07
6.82351e-07;1.72823e-07;0.999966;2.96827e-07;4.91425e-08;3.33187e-07;1.04389e-05;1.30495e-08;1.52328e-05;7.84801e-08;5.20079e-06;1.35657e-06;1.52469e-07;2.98307e-09
9.30845e-08;0.999282;2.11787e-08;4.67262e-10;8.81146e-11;3.12358e-10;6.53863e-07;7.81182e-06;3.82897e-09;6.69431e-09;4.32827e-09;7.53217e-07;0.000708742;1.75087e-11
7.78717e-07;0.00551191;3.23727e-05;0.00025802;0.00376117;0.00228999;6.36878e-07;0.0762229;4.70262e-05;1.25368e-05;2.71722e-05;0.763104;0.00034237;0.148389
6.95374e-06;0.945569;1.67587e-07;0.00122832;8.74341e-05;2.92242e-05;1.16312e-06;0.0414234;1.888e-05;4.83885e-06;5.24994e-05;0.00222232;0.00672549;0.00263029
6.21743e-06;0.0474925;0.000285049;3.61705e-05;7.33177e-07;1.03786e-08;6.96618e-08;2.21032e-05;3.16786e-08;6.77695e-07;1.98202e-07;0.952145;4.7206e-06;6.4987e-06
0.000401992;0.976382;0.0072311;5.33148e-05;0.000666572;3.17517e-05;2.29225e-05;0.000167437;4.62792e-06;1.70863e-05;6.44016e-05;0.00513002;0.00978598;4.10168e-05
3.55448e-08;0.989775;4.26461e-10;2.86013e-10;1.78797e-09;1.48174e-10;8.29331e-06;1.71195e-10;1.73471e-10;1.82428e-06;1.72808e-11;4.25571e-09;1.80581e-09;0.0102146
8.13217e-12;1.75595e-11;1;2.98261e-11;3.31351e-09;3.03407e-10;3.58694e-12;4.66284e-12;6.18317e-12;7.97034e-12;1.86065e-12;2.30979e-07;9.34806e-14;5.58731e-10
6.35381e-06;0.869942;1.99665e-07;1.60376e-06;1.91674e-06;3.30778e-05;0.000363035;0.0108557;2.48795e-07;5.30188e-06;1.1818e-07;9.89078e-11;0.118506;0.000284179
4.65404e-11;7.64856e-11;1;2.3229e-10;1.2334e-11;2.66709e-11;7.85765e-11;4.85896e-10;2.98503e-10;3.52043e-11;3.63444e-11;2.38503e-10;1.93966e-09;1.1712e-11
3.72044e-10;9.10145e-10;0.999985;5.30122e-09;1.24913e-09;1.1275e-09;2.03376e-10;3.98017e-06;5.03314e-09;1.81119e-10;4.20171e-10;1.13951e-05;2.31937e-10;8.91209e-08
8.60706e-09;2.11234e-05;1.62934e-05;8.20194e-08;1.33158e-05;0.00030408;4.4015e-10;9.84043e-06;5.92565e-09;1.00198e-07;1.1014e-09;3.28932e-08;7.72264e-07;0.999634
5.5565e-07;0.937468;5.91983e-07;9.28174e-07;2.74732e-07;6.30103e-07;8.88738e-07;0.000689871;3.58674e-07;1.95316e-07;2.48869e-05;0.00988588;0.0519231;4.07364e-06
9.84745e-08;0.981099;3.34234e-10;3.59314e-07;1.59332e-06;2.76839e-06;2.04542e-10;0.0179962;4.76031e-09;7.91392e-09;2.47329e-09;3.87637e-05;0.000828941;3.19993e-05
1.13254e-06;0.199429;1.10667e-07;1.21347e-05;7.25271e-08;4.5132e-08;4.35443e-08;0.000609959;1.62442e-08;4.57901e-07;9.9083e-07;0.176117;0.623828;8.08338e-07
8.35069e-08;0.998328;3.02002e-12;5.40557e-09;1.07077e-08;1.03273e-10;0.00164114;1.63019e-05;2.11064e-08;5.10076e-06;1.83606e-08;1.43918e-09;1.07299e-07;9.04348e-06
3.92312e-11;5.13358e-09;1;1.53776e-09;3.55614e-09;1.30252e-08;3.43504e-09;2.24772e-08;6.73986e-12;4.41393e-09;3.8524e-12;2.90373e-10;5.30594e-09;8.73159e-08
4.80007e-09;2.72032e-08;1;5.97433e-08;2.04493e-09;1.3059e-09;1.7747e-07;4.1971e-08;1.62624e-07;6.49695e-09;3.59134e-08;4.71338e-10;9.67122e-09;2.03781e-09
3.12549e-09;1.70416e-06;0.999869;9.28743e-10;1.47966e-10;6.27283e-10;8.10656e-11;1.41988e-07;1.78106e-10;1.53566e-10;1.21217e-11;0.000129078;1.07286e-08;1.08942e-08
2.24802e-09;0.000192417;3.1141e-11;1.15099e-08;2.56591e-05;9.90086e-06;5.52323e-08;5.56741e-07;5.12863e-10;3.58017e-07;1.80704e-10;1.01754e-11;4.08678e-07;0.999771
6.68604e-14;1.05856e-14;1;2.69031e-12;6.32209e-13;8.27075e-12;3.19446e-14;1.415e-13;1.84061e-14;9.05054e-13;6.04551e-14;3.66888e-08;1.19424e-13;1.8771e-12
1.49633e-05;0.104222;3.0244e-06;0.000178975;6.63904e-05;0.000726501;2.01954e-06;0.891564;0.000305486;3.70612e-06;9.36352e-05;6.17025e-05;0.00274479;1.31068e-05
2.51059e-06;0.999072;4.34252e-08;8.93923e-06;8.47385e-07;9.73062e-07;9.50669e-08;5.27767e-05;5.04482e-08;2.35133e-06;1.25626e-07;0.000205229;0.000651139;3.35056e-06
2.14096e-06;0.0195256;2.35921e-07;3.26673e-06;5.56258e-05;5.9795e-08;4.02744e-08;0.980347;3.24477e-10;2.46044e-05;7.29935e-10;4.86027e-06;5.03849e-06;3.16145e-05
9.18699e-09;2.39232e-05;0.999908;8.83323e-07;5.74746e-07;1.49459e-07;5.6944e-09;9.37155e-10;2.52794e-12;5.42517e-07;3.26419e-09;6.35029e-05;4.07598e-08;2.4624e-06
3.3369e-08;1.76797e-05;6.47135e-10;1.42444e-09;8.99943e-13;6.95725e-12;0.999879;5.36775e-11;3.56318e-08;9.84682e-05;4.42555e-06;4.75105e-09;1.81859e-07;1.29206e-08
9.09316e-09;9.88063e-10;0.999972;3.13133e-07;4.40475e-08;2.8898e-09;4.98348e-06;1.3528e-09;4.48097e-06;4.50908e-08;1.77694e-05;9.28866e-08;5.73223e-11;1.85492e-09
2.25606e-05;0.99958;1.12044e-07;6.57267e-06;2.92843e-07;4.52399e-09;5.85945e-07;0.00035307;7.04042e-06;1.90216e-07;5.39188e-06;5.36255e-06;1.85077e-05;4.68212e-09
2.93182e-07;0.99995;9.5189e-11;1.556e-07;4.26582e-10;1.31837e-10;1.79383e-05;1.14853e-06;5.19638e-09;1.62581e-05;1.87639e-09;3.06363e-10;1.71378e-08;1.38793e-05
4.56598e-09;3.76733e-10;0.999999;5.31004e-09;4.23635e-08;8.8854e-11;1.05341e-07;6.15399e-07;1.94747e-09;2.4726e-08;2.66413e-09;4.76902e-07;2.91824e-13;3.91816e-09
4.77538e-06;0.705918;0.000153581;1.28287e-06;1.41483e-05;3.72875e-07;9.34295e-06;4.68453e-05;8.18532e-08;3.63572e-07;2.96269e-06;4.7559e-05;0.293801;1.93208e-08
6.16697e-06;0.97661;5.1603e-07;8.65466e-07;6.141e-06;9.30221e-06;0.0089038;0.00177728;1.51483e-07;0.000680803;5.13808e-07;7.29939e-07;0.000338874;0.0116654
2.07331e-11;1.64827e-10;1;1.23813e-09;1.58898e-09;2.42491e-09;3.97372e-10;4.15122e-12;1.29869e-11;8.26596e-11;5.81679e-11;2.5209e-09;1.15602e-12;5.9056e-08
0.000175989;0.0269817;2.0555e-06;3.18881e-05;6.63925e-05;0.0127155;0.000352359;0.111792;9.36916e-06;6.22993e-06;6.54417e-06;7.52472e-07;0.843489;0.00437073
3.32742e-10;9.2712e-10;1;2.89676e-11;4.09745e-12;8.5839e-12;7.15571e-11;2.37135e-10;2.29093e-10;6.09527e-12;5.20067e-11;5.75304e-10;2.93354e-11;1.4921e-09
1.77234e-09;3.59095e-08;7.81687e-06;1.33677e-09;1.6612e-09;6.73136e-10;1.03787e-10;2.00333e-07;1.51453e-09;2.04988e-10;7.09735e-11;1.28958e-07;2.66354e-10;0.999992
1.93025e-07;0.000311161;1.91784e-08;3.19697e-08;0.00286907;6.00655e-06;1.29936e-08;0.99678;1.72691e-06;1.39126e-08;7.43428e-08;7.22526e-06;7.79585e-06;1.65081e-05
2.47103e-09;2.01578e-06;0.99997;2.37802e-09;1.45126e-06;8.20776e-08;2.20149e-11;5.47916e-09;5.18284e-12;6.69948e-10;5.74353e-10;2.65163e-05;6.52394e-08;3.44518e-07
4.03617e-10;0.999994;2.93353e-11;6.19748e-11;3.27624e-11;2.24073e-10;7.14218e-11;2.50448e-07;6.0987e-10;1.95961e-12;4.71886e-10;2.70741e-08;5.7066e-06;1.00575e-09
8.48162e-07;0.976594;2.64537e-09;8.55516e-06;0.00139289;1.81436e-06;2.03178e-08;0.00156823;3.31423e-07;1.82047e-07;1.56836e-06;0.00621965;0.0139346;0.000277139
6.59442e-10;0.998313;8.13277e-08;4.08652e-08;2.30587e-05;7.8114e-08;7.78562e-11;0.00138046;5.92528e-12;6.03811e-08;1.42441e-11;5.87493e-05;0.00021302;1.12532e-05
2.03214e-09;0.000177262;6.91001e-09;1.46546e-06;1.35625e-07;7.85451e-06;1.15807e-07;6.11191e-06;3.93543e-10;6.29824e-07;8.38812e-08;3.53513e-07;0.999806;4.86191e-08
5.17282e-09;1.69831e-07;0.999985;2.33646e-07;2.89869e-09;7.41558e-10;8.76615e-09;8.09193e-12;5.65074e-12;8.30494e-07;5.64905e-10;1.4078e-05;9.62054e-10;1.14152e-08
1.45831e-08;1.08288e-08;0.999974;3.15664e-08;1.56779e-08;4.00458e-09;3.37237e-07;1.28741e-09;3.15567e-08;3.687e-09;5.37796e-07;2.55443e-05;1.71929e-10;8.08008e-09
1.10833e-05;0.23464;1.14035e-07;7.21316e-07;3.2105e-06;1.30379e-05;3.37906e-07;0.0238937;3.59345e-06;1.26959e-07;3.1252e-05;9.89361e-05;0.741301;2.69912e-06
3.06959e-08;3.38437e-05;3.96902e-09;1.11987e-08;6.98429e-05;8.06772e-09;1.85123e-09;0.999891;9.1843e-10;8.28303e-09;5.09262e-09;4.3548e-06;1.05775e-07;6.87301e-07
2.63819e-08;0.0002413;0.988915;9.78438e-05;0.00374381;0.000252179;2.82731e-09;1.96919e-07;1.48094e-10;1.55645e-07;1.19361e-07;0.00322319;6.28564e-06;0.00351986
0.000173569;0.28285;1.49498e-06;1.50114e-06;4.66709e-05;0.000188402;3.0765e-05;0.0160374;3.76984e-06;9.61296e-07;0.000284402;0.000531865;0.699819;3.04267e-05
5.58134e-07;0.000240491;7.3074e-07;1.42541e-07;3.56514e-07;2.81222e-07;4.53359e-07;0.00770825;3.45103e-07;1.19664e-07;1.55912e-06;2.51112e-05;0.992021;8.54856e-07
1.10437e-06;1.01507e-06;3.11879e-06;4.03223e-07;7.76195e-08;2.25668e-08;6.00377e-08;1.32335e-05;6.41372e-05;3.40403e-08;4.89781e-05;0.99977;9.72736e-05;3.02722e-07
3.04263e-07;0.00077102;2.58454e-10;5.82582e-08;2.61304e-06;4.35686e-07;7.31272e-08;0.998554;4.03566e-06;2.73048e-08;5.4131e-05;3.91228e-06;0.000609299;8.26337e-08
8.00281e-07;0.990217;7.16354e-07;5.65834e-07;2.87652e-06;1.0316e-06;3.27353e-05;0.00254632;4.46726e-08;0.000576439;5.32628e-07;1.58735e-06;0.00502374;0.00159593
2.60645e-11;5.32419e-11;1;1.67987e-10;1.60339e-11;3.66618e-12;5.96464e-10;1.65501e-14;1.11439e-10;1.27516e-10;1.31591e-09;3.80355e-07;2.44141e-14;5.53763e-10
0.000211186;0.796811;6.26793e-05;2.09709e-06;7.37006e-05;0.000275351;1.58302e-05;0.0161345;0.000508474;8.03163e-07;3.53215e-05;0.000427334;0.184873;0.000569018
1.49359e-06;0.895958;1.30765e-07;1.59344e-05;0.00117011;0.000113288;1.59915e-06;0.0798428;5.47043e-05;8.70087e-06;7.76418e-06;0.00904901;3.96893e-05;0.0137366
9.17889e-07;0.0016584;3.66908e-09;1.2849e-08;6.27234e-08;3.99966e-06;7.65535e-08;1.63182e-05;1.24328e-06;4.53544e-09;1.85677e-06;0.0019993;0.996318;1.04093e-07
6.20224e-07;2.04655e-05;0.99989;1.36333e-06;1.37954e-06;4.64479e-08;9.32745e-06;1.41746e-08;1.07505e-06;2.78564e-05;3.31128e-08;4.35256e-05;4.77676e-08;4.24497e-06
3.56e-07;2.99818e-08;0.99992;1.29563e-07;3.86964e-09;5.36065e-09;9.27413e-08;2.18352e-08;7.50667e-05;6.0418e-09;4.17215e-06;1.09009e-07;3.40886e-07;4.43212e-11
2.49158e-07;0.999153;1.08934e-10;2.56066e-08;1.56702e-08;1.83166e-08;6.59103e-08;0.000841585;2.4735e-07;9.53508e-07;1.6917e-08;5.7749e-09;2.4567e-06;1.18678e-06
3.47653e-14;6.88255e-14;1;3.29613e-13;1.25461e-12;8.69266e-14;1.12093e-15;5.65766e-15;1.32593e-15;6.10169e-14;8.85621e-15;3.91146e-07;2.22972e-16;2.27301e-11
2.51643e-06;0.742449;2.44993e-07;2.88673e-06;1.17108e-05;6.19151e-07;8.85002e-06;0.253761;2.14698e-05;2.93828e-08;1.31161e-05;2.93385e-05;0.00369465;3.89166e-06
2.64801e-08;0.999949;3.80972e-11;1.18116e-09;3.53907e-11;5.56285e-12;1.17707e-05;2.74951e-06;2.56398e-07;1.57411e-07;3.77067e-07;3.8447e-09;4.39157e-09;3.62426e-05
1.60424e-05;0.00776889;5.97869e-07;2.93157e-06;3.16431e-07;5.6072e-07;0.939619;4.46032e-05;0.0208688;1.56694e-05;0.0309953;0.000343183;0.000322202;1.84114e-06
4.71584e-06;0.9623;2.62604e-12;6.73149e-08;2.7892e-10;2.21278e-09;4.92019e-05;6.03825e-07;6.47336e-05;3.87087e-08;6.54786e-06;1.3652e-08;0.0375746;1.54305e-10
3.92563e-07;0.00256759;0.0169077;6.18737e-06;2.66728e-05;8.28556e-07;6.54554e-09;8.1154e-06;3.90607e-08;2.27237e-07;7.47344e-09;0.980031;1.51192e-07;0.000451033
4.25437e-05;0.554355;3.29032e-10;2.52857e-05;0.000283674;2.85962e-05;1.01473e-05;0.0156795;0.00021835;9.56233e-07;5.34745e-05;0.000383299;0.428621;0.000298515
0.000509671;0.24354;0.00136107;0.000602519;5.44863e-05;1.28118e-05;9.24561e-05;0.658008;0.00147103;0.000107626;0.00050281;0.072945;0.0204397;0.000351863
0.00115582;0.00301382;1.12776e-06;0.0510645;0.0148874;0.087746;4.08352e-05;0.0199176;0.0619716;0.000302823;0.0267204;0.686857;0.0194849;0.0268359
0.000665113;0.509822;0.000129672;0.000146542;1.37273e-07;2.10366e-06;5.96585e-05;7.02902e-06;7.50193e-05;2.79323e-06;0.000210302;0.00536126;0.483517;1.23109e-06
2.29228e-05;0.101724;2.77338e-10;1.95519e-05;0.000561444;4.67976e-08;1.0893e-05;0.897436;4.03781e-05;2.27726e-06;3.20368e-06;0.000173308;2.60458e-06;3.75194e-06
5.86855e-05;0.00555769;0.456752;0.000924516;0.364236;0.000967553;1.68409e-07;0.00214914;1.60212e-06;2.4623e-05;4.77623e-06;0.169034;6.49005e-05;0.000224648
3.24804e-05;0.221067;3.35016e-06;2.39043e-07;3.11652e-07;3.46736e-08;0.777836;4.37014e-05;0.000357933;0.000317714;0.000266604;2.81559e-08;1.69433e-05;5.74246e-05
4.60707e-11;1.69052e-11;1;2.11448e-10;7.27551e-11;2.28578e-11;4.096e-10;4.36626e-12;1.39758e-08;6.1445e-11;1.55261e-08;1.2313e-08;3.74574e-12;4.37295e-11
1.75368e-05;0.00116344;9.54096e-08;2.17017e-07;1.40408e-05;4.20479e-08;1.29256e-06;0.998733;2.65756e-05;1.40217e-07;8.09421e-06;3.19036e-05;3.64968e-06;4.81838e-07
9.49703e-08;0.000107295;5.48498e-07;3.11823e-08;8.64088e-07;1.11096e-08;9.51093e-10;1.81277e-05;4.22327e-07;3.70317e-10;6.54578e-06;0.999864;2.391e-06;1.45788e-07
3.15637e-09;0.999903;8.70488e-14;3.5131e-11;1.02658e-08;5.11832e-10;1.01068e-07;5.58819e-08;4.95265e-12;1.89116e-08;1.04436e-11;3.09703e-11;1.41982e-07;9.66111e-05
6.61616e-15;1.06856e-15;1;1.93378e-15;1.88667e-12;2.56087e-15;1.19417e-15;4.49274e-16;1.04884e-14;7.59641e-16;5.48483e-16;2.61432e-10;2.32328e-17;9.96711e-14
0.000145867;0.0858129;1.79767e-05;3.67014e-05;0.0131693;0.0172979;0.000123235;0.770506;0.0244168;6.08262e-06;0.00038644;0.000219358;0.0853699;0.00249143
1.06601e-06;1.01384e-05;8.59696e-09;3.4079e-09;5.95197e-07;2.97121e-08;1.03078e-08;0.998716;4.21441e-06;2.04327e-09;1.41816e-08;1.15284e-07;0.00126793;8.45333e-08
1.16085e-05;0.000968707;7.67291e-06;1.24982e-06;1.10999e-05;1.37803e-07;2.25306e-08;3.39955e-05;5.86213e-05;1.35413e-07;2.30991e-07;0.998429;0.000476248;1.35294e-06
5.03168e-06;0.993053;8.67677e-07;1.07024e-07;6.14346e-09;2.92362e-09;7.5864e-08;0.000369304;6.04532e-08;7.02586e-07;1.58924e-08;0.00512692;0.00144388;9.92393e-08
1.08839e-08;0.0194344;5.75622e-12;2.2377e-06;1.06111e-06;1.16896e-07;1.54006e-05;1.55123e-06;7.55806e-09;0.000298625;3.26014e-08;3.69493e-07;8.78655e-09;0.980246
4.85352e-07;2.91356e-08;0.999859;7.45563e-06;8.11837e-06;3.07159e-07;9.89099e-06;0.000105738;2.36994e-07;6.78517e-07;6.65774e-06;7.73749e-07;2.72211e-07;1.01736e-08
3.43864e-05;0.997619;0.000308133;0.00119711;7.95351e-06;3.5485e-05;9.59059e-05;1.48748e-06;6.72123e-07;0.000231711;0.000166265;2.97269e-06;0.00022307;7.61985e-05
3.26719e-06;0.00228433;5.50848e-07;4.29531e-09;3.22726e-08;4.12596e-10;1.38075e-07;1.17021e-08;6.56748e-10;9.47213e-09;1.36247e-08;0.997639;3.96555e-05;3.28566e-05
6.65337e-07;7.58825e-05;4.98885e-09;3.19694e-07;0.00452543;1.24428e-05;3.74713e-07;0.991877;1.88473e-05;9.77556e-08;2.70412e-07;0.000632701;0.00285495;1.3147e-06
4.15271e-06;0.00917096;0.987456;3.13774e-05;5.75341e-05;0.000149918;1.92474e-08;3.64798e-05;2.80094e-08;3.67045e-07;6.12685e-07;5.99934e-05;0.000546894;0.00248559
0.000673894;0.949094;0.0101612;1.15654e-05;2.05634e-06;9.18411e-07;4.38695e-07;0.00040832;9.05752e-07;3.02859e-07;1.07796e-06;0.0283492;0.0107089;0.000587266
0.000234131;0.240331;0.0078871;7.22603e-07;8.64646e-07;7.58511e-08;3.89598e-05;0.0421444;0.000182908;1.03205e-07;0.00159856;0.690015;0.0175654;1.82821e-07
1.02823e-06;0.0667209;3.68114e-06;2.65021e-06;0.000131808;0.0013551;0.000143867;0.198196;2.54907e-05;9.96169e-05;9.84015e-06;1.42735e-06;0.732082;0.00122699
1.81397e-12;2.69412e-13;1;2.1e-10;6.69861e-12;1.27733e-11;2.30187e-10;2.81477e-14;7.50896e-10;6.73376e-11;1.23707e-09;2.31622e-09;6.39117e-12;2.14857e-10
8.4038e-08;1.86876e-07;0.999734;4.06395e-07;4.07434e-07;3.12155e-08;1.51964e-07;0.000212164;2.33414e-07;5.39954e-09;3.6233e-07;5.19242e-05;3.59015e-09;4.36229e-07
6.55615e-07;0.0300671;0.000285007;7.95753e-07;2.27453e-05;0.000480707;7.12677e-08;0.000557379;2.00968e-07;2.8023e-06;8.78652e-08;0.000604838;4.88353e-06;0.967973
1.41247e-05;0.076461;8.85079e-08;5.3574e-06;7.17849e-06;8.97455e-05;9.15984e-07;0.459191;4.30766e-05;2.59902e-07;0.000142355;0.000924377;0.463047;7.2916e-05
2.04345e-09;1.88267e-06;2.13969e-13;1.40008e-12;3.43856e-10;1.99378e-11;1.0795e-12;0.999998;1.36006e-11;2.34175e-12;4.63405e-14;1.37995e-11;2.79525e-07;4.8035e-11
1.00724e-08;0.000283052;2.685e-08;1.18879e-05;0.000828929;0.000129507;1.64807e-07;0.00482333;4.41864e-09;2.13011e-05;1.74761e-09;4.06268e-06;0.000123404;0.993774
7.98328e-11;6.22928e-10;1;1.97307e-09;1.68738e-12;2.93351e-12;5.70593e-08;8.24773e-12;9.30403e-09;2.55204e-10;2.04548e-08;2.43136e-12;3.01295e-10;3.79923e-12
8.23204e-09;1.05367e-07;0.999876;9.58683e-08;1.71628e-09;1.1346e-09;6.32791e-08;3.37167e-05;2.5623e-07;3.43378e-09;3.95075e-08;8.95817e-05;2.9295e-09;5.0302e-08
1.0279e-09;6.76965e-06;5.03543e-08;2.21733e-08;1.02816e-06;1.57452e-06;2.39121e-10;5.65263e-07;6.04243e-10;6.8976e-09;2.95425e-11;1.6611e-08;1.12446e-09;0.99999
3.75958e-08;0.998959;7.51327e-10;3.25101e-08;3.47351e-09;3.39379e-10;1.46712e-08;2.36938e-06;2.03494e-09;3.18777e-10;4.46595e-07;0.000706068;0.000331698;2.29184e-08
1.03794e-09;0.999979;1.0714e-13;6.24851e-10;1.52135e-10;4.40101e-11;1.60402e-07;1.18067e-05;1.52384e-12;4.52349e-08;2.64503e-13;4.93091e-13;6.22401e-09;8.81453e-06
1.06923e-12;3.90892e-13;1;3.4068e-10;2.70948e-12;3.84618e-12;2.32873e-11;4.65466e-13;5.70247e-12;1.98502e-11;1.09431e-11;1.54681e-07;1.43363e-13;7.30222e-11
3.05108e-07;0.221756;4.42681e-07;1.90828e-06;2.42952e-07;1.81224e-06;2.02919e-08;1.38858e-06;3.41601e-10;4.2231e-08;1.31958e-08;6.00165e-07;0.778237;1.21052e-07
1.17428e-07;0.00504817;2.22467e-06;2.96968e-07;2.21675e-06;1.22788e-07;6.45773e-09;0.00154875;2.71602e-08;1.90264e-08;7.9957e-08;0.993087;0.000276942;3.43657e-05
1.55087e-06;0.17741;1.0608e-09;0.0036146;0.00697007;0.0299348;6.24709e-07;0.531907;2.77942e-05;4.4001e-06;9.02219e-05;0.00066754;0.249152;0.000219526
4.10563e-06;0.00203253;9.79143e-08;1.20677e-07;1.77743e-08;8.99708e-07;4.23799e-06;2.71806e-06;3.63353e-08;1.01014e-06;3.50351e-07;2.04179e-08;0.997947;6.73629e-06
1.13355e-10;1.02928e-09;1;7.38299e-10;1.80283e-13;1.71274e-11;2.33613e-09;2.74998e-13;6.5013e-10;3.23134e-10;5.04435e-09;2.43451e-10;6.96817e-11;4.7815e-11
2.22165e-07;1.80685e-05;0.000327908;7.20868e-07;1.33274e-08;1.39444e-08;1.70195e-09;6.04245e-05;3.72676e-06;6.0027e-09;1.19241e-06;0.999545;7.36722e-09;4.24796e-05
7.57879e-06;0.0331344;0.000118244;8.87769e-06;0.00279529;1.74434e-05;3.1004e-07;0.963294;2.52476e-05;2.88784e-06;1.04664e-05;0.000122841;0.000335926;0.000126419
2.40324e-06;0.00219315;0.950405;2.34346e-05;0.0163854;0.0123406;1.2739e-08;8.22173e-05;1.2419e-07;7.14331e-06;3.78143e-06;0.00708717;0.00240168;0.00906776
8.09999e-09;0.999993;1.52087e-11;8.57773e-12;2.91934e-11;4.09315e-10;2.15883e-07;1.42802e-07;5.1016e-11;6.18423e-09;1.00676e-10;2.83606e-12;5.23411e-06;1.92339e-06
8.70314e-17;2.10327e-14;1;3.95383e-15;2.14774e-14;6.95915e-16;3.72334e-16;1.22345e-14;6.38986e-17;2.75426e-14;9.79108e-17;7.15763e-14;8.79076e-17;1.4996e-15
1.90284e-05;0.502678;5.82557e-05;0.00024754;0.000371297;0.000675344;7.18458e-05;0.105936;0.00107952;5.33767e-05;0.00147048;0.00188239;0.385434;2.32962e-05
