1.13218e-05;0.710393;2.88709e-09;4.60745e-07;6.34631e-06;8.49062e-10;4.62987e-08;0.289512;1.00337e-05;9.79449e-08;2.91429e-06;6.25957e-05;2.33571e-07;7.04617e-07
1.19922e-05;0.788865;0.201939;0.000192187;0.000127248;3.22954e-06;2.8875e-06;1.01966e-06;9.76112e-08;9.20204e-05;8.59199e-06;0.00167133;0.00428043;0.00280527
7.42788e-06;0.0340652;3.3196e-08;3.42837e-06;9.8771e-07;2.17708e-06;3.37385e-06;0.000299854;1.86281e-06;2.46739e-07;2.78307e-05;6.77357e-05;0.965436;8.40947e-05
2.01673e-06;0.000175558;0.99935;1.01616e-07;0.000100285;5.22932e-08;4.35637e-10;1.68827e-06;2.18328e-09;2.33425e-08;4.9136e-11;9.60733e-05;1.25982e-06;0.000273264
1.79935e-07;7.74735e-08;5.27214e-12;2.18837e-09;4.7418e-08;1.853e-06;8.03606e-10;8.46288e-07;1.39576e-05;1.97175e-10;1.17322e-08;1.05303e-07;0.999983;5.74019e-09
1.74915e-06;0.00683091;0.993157;7.43727e-08;1.79683e-06;4.0362e-08;2.19476e-08;2.0123e-07;4.10968e-08;2.48131e-07;2.9291e-10;1.5817e-06;4.08994e-06;2.25811e-06
1.42338e-10;4.19686e-11;1;3.77703e-11;8.60827e-10;2.04556e-10;1.37764e-10;2.10478e-10;1.29428e-09;2.97149e-11;7.07642e-10;1.18106e-08;3.88911e-11;6.39375e-12
1.23879e-06;0.0663767;1.5743e-06;3.34778e-06;5.48935e-07;1.55126e-06;6.33652e-07;0.00833678;7.63247e-06;1.38601e-07;9.38822e-05;0.593504;0.331672;6.00284e-08
8.28713e-05;0.765305;0.000172451;0.000494313;9.10818e-05;0.00170723;1.36971e-05;0.145218;0.000481784;1.86277e-05;0.00299318;0.0433089;0.0329654;0.00714708
7.33157e-06;0.859084;1.08887e-06;2.50169e-05;3.88501e-06;0.00019438;6.87676e-07;0.00158271;6.67189e-06;2.20928e-07;0.000164082;0.00359965;0.134942;0.000389278
1.23346e-06;0.00149571;7.39127e-06;1.18101e-07;4.94437e-07;1.00842e-07;3.01309e-08;0.000632863;3.84859e-08;9.05491e-09;1.09877e-07;0.996838;0.00102317;3.54592e-07
3.12207e-05;0.012164;4.81894e-06;0.00711605;0.000344997;0.032911;1.58588e-06;0.0619873;0.0410784;8.12605e-06;0.0202298;0.000373724;0.822953;0.00079612
0.00037362;0.0119182;1.14608e-08;2.20619e-07;4.00792e-09;8.44002e-08;3.92753e-08;0.000286834;1.56836e-06;1.70705e-08;3.90184e-07;2.25919e-08;0.987419;3.15688e-09
1.20765e-10;4.39022e-07;2.9621e-08;2.71926e-10;2.22276e-09;4.44821e-11;1.25014e-15;3.90262e-10;7.86346e-12;2.65454e-13;1.81417e-11;1;4.15147e-10;3.21768e-08
2.99193e-06;0.331504;8.45091e-08;5.41263e-07;8.74701e-05;3.26596e-06;4.29534e-07;0.0904068;1.1253e-07;2.21882e-05;1.74113e-07;6.60052e-07;0.577874;9.82673e-05
2.16242e-07;1.97259e-05;2.7052e-07;5.32534e-05;2.46626e-05;0.0211785;2.87708e-07;7.20832e-07;2.80425e-05;1.34566e-05;1.04899e-05;2.39658e-06;0.978636;3.20621e-05
3.23669e-06;2.48991e-07;0.999994;4.97088e-08;6.68014e-08;5.69705e-10;4.8729e-10;4.62979e-08;8.8657e-09;3.13713e-08;4.36209e-10;2.36768e-06;8.63096e-09;8.18796e-10
0.000261698;0.0790855;1.23991e-06;0.000100136;7.05964e-06;1.16558e-05;1.82995e-05;0.386881;0.530796;6.98172e-06;0.00266747;1.70684e-06;6.13269e-05;0.00010045
