1.93247e-05;0.998187;0.000381045;3.48666e-05;9.21866e-05;9.36853e-08;1.03337e-07;0.000618937;3.05695e-07;7.98749e-07;4.74786e-07;0.000417349;0.00024388;3.19532e-06
2.80297e-06;0.996193;2.12069e-08;6.00218e-06;1.47612e-06;1.58679e-05;0.000273119;0.000518722;1.11814e-06;0.000326991;2.41767e-06;1.6535e-08;0.00265359;4.95171e-06
2.77192e-12;6.10178e-12;1;7.53801e-11;6.38676e-11;9.76275e-11;1.4781e-12;7.43925e-14;3.52384e-13;3.46339e-11;8.14254e-13;4.86924e-08;2.79471e-15;2.80059e-10
9.9029e-07;0.00912232;3.66746e-08;4.59222e-07;5.47266e-07;1.13221e-05;1.66415e-07;2.85168e-05;5.78335e-07;1.16029e-09;9.34943e-07;2.45102e-05;0.990807;2.69555e-06
1.88857e-08;0.0015164;0.998416;1.34547e-08;8.90832e-09;7.59604e-11;2.07409e-07;1.91293e-10;4.63678e-11;5.20992e-07;4.37977e-11;6.01157e-05;4.02512e-10;6.94625e-06
3.52664e-10;3.26311e-11;0.999992;2.11999e-09;1.08696e-08;1.0296e-10;4.82391e-09;1.67531e-11;4.09255e-09;4.27355e-11;4.8875e-08;7.99644e-06;1.85194e-10;2.3576e-10
5.50793e-06;0.183475;2.45369e-05;2.09341e-07;1.81937e-06;4.24901e-06;1.66678e-07;0.667483;6.80873e-06;1.17811e-07;1.34319e-05;0.00220824;0.146777;6.83586e-07
9.08218e-06;0.0219429;6.28309e-05;1.20459e-05;0.000407744;0.000183898;1.72567e-07;0.322139;3.43423e-07;2.78268e-06;9.0319e-05;0.190824;0.417946;0.0463788
0.000258149;0.769884;0.00978968;2.43784e-05;0.000373421;3.95479e-06;0.00128344;0.182303;3.76558e-05;0.000710169;6.34305e-05;0.000143044;0.0141991;0.0209264
5.68542e-12;1.0965e-10;1;1.88383e-11;8.9162e-12;3.03204e-12;5.16238e-12;1.00534e-11;2.71053e-11;3.69918e-12;2.50817e-10;6.47814e-09;1.1999e-12;8.7597e-13
1.10211e-05;0.919171;4.4509e-09;2.38499e-06;1.62163e-05;3.26667e-05;1.28569e-05;0.00048027;0.000374598;1.29565e-06;0.00118637;0.0012443;0.00159464;0.0758727
3.33223e-07;0.089581;3.65514e-06;2.12792e-09;1.0843e-08;2.40796e-09;4.00384e-09;2.53844e-06;1.27764e-10;6.18427e-10;7.2514e-09;0.910172;0.000225619;1.5008e-05
2.46828e-07;0.496498;1.81059e-07;8.68177e-08;5.94884e-05;0.000743985;8.17597e-10;0.0839902;7.36282e-09;1.74436e-09;7.28892e-09;0.400978;0.0158863;0.00184297
1.52268e-08;0.987595;4.75517e-11;1.22504e-08;8.39009e-08;9.59622e-08;2.31146e-06;6.62293e-06;2.5233e-10;1.94871e-07;2.73662e-10;6.88257e-11;2.39141e-07;0.0123951
1.10895e-13;6.29545e-14;1;1.01664e-12;8.17084e-13;9.68158e-13;1.30531e-14;1.55419e-13;2.08768e-13;5.13044e-15;1.19548e-12;2.04261e-09;1.11112e-15;1.1486e-14
1.5752e-06;0.00486775;1.40501e-07;2.94629e-07;7.42414e-05;4.71288e-05;1.27102e-06;0.992877;3.98864e-05;2.65495e-07;2.3773e-05;4.70127e-05;0.00197579;4.34671e-05
8.93001e-06;0.000707424;8.53326e-06;7.22524e-06;3.54098e-05;8.97717e-06;2.48642e-06;0.969649;7.94703e-05;8.13097e-07;0.000262931;0.00143871;0.0276906;9.90329e-05
0.000743211;0.214617;0.00126901;3.3349e-06;0.000131587;3.03139e-06;1.58005e-06;0.536705;1.47395e-05;7.4421e-06;1.91635e-06;0.157196;0.0889662;0.000340459
2.08785e-07;0.00584304;8.69323e-08;7.10419e-07;3.24234e-06;6.95343e-08;2.51612e-08;0.00119146;2.02684e-06;2.08293e-08;2.03865e-06;0.992917;2.74026e-05;1.22958e-05
1.05981e-10;5.8733e-08;0.999999;6.95054e-10;1.82665e-07;1.29487e-11;5.03775e-12;1.01472e-06;8.63181e-12;1.14222e-10;3.69706e-11;2.17356e-07;5.27018e-09;7.11311e-10
3.87118e-06;0.999188;1.049e-05;6.5423e-06;1.51192e-05;6.85156e-07;0.000197642;2.48263e-07;1.14843e-06;9.16849e-05;4.40255e-06;4.54543e-06;3.30286e-05;0.000442771
0.0024234;0.00197621;2.00373e-06;2.79827e-07;7.43587e-07;9.69113e-08;0.332734;0.00145743;0.659088;1.67013e-06;0.00215409;1.04375e-07;0.000161593;2.29231e-08
4.50798e-05;0.0540948;4.32458e-08;9.7738e-07;2.42801e-06;3.39683e-06;6.18979e-09;0.939409;0.00511046;2.91935e-07;1.4632e-06;0.00131341;7.41306e-06;1.08955e-05
1.71188e-05;0.907144;1.3633e-08;1.33335e-07;7.73187e-07;3.69688e-06;3.23573e-08;0.00738236;6.77859e-07;4.50015e-06;1.80499e-08;0.00450845;0.0809247;1.31114e-05
5.23716e-06;0.0072976;3.68178e-07;9.66553e-07;7.17992e-06;7.94188e-07;4.02387e-08;2.13414e-05;2.48069e-06;1.06304e-07;6.77214e-07;0.992534;1.89699e-05;0.000109789
0.00138506;0.751302;2.83779e-05;8.61032e-05;0.00374407;0.000243429;1.94856e-05;0.0365368;1.03787e-05;2.16998e-05;3.11488e-07;0.00251654;0.0665143;0.137592
7.01232e-06;0.0240566;7.35192e-06;3.39665e-06;3.37849e-06;5.3784e-05;7.39092e-08;0.000105182;4.06674e-07;3.66212e-08;1.77242e-07;0.975209;0.000500643;5.33045e-05
8.6336e-08;0.727509;9.22995e-12;8.00633e-08;1.38447e-07;3.4252e-07;0.000332343;9.88458e-07;3.98111e-08;4.91425e-05;6.91958e-10;3.78269e-12;6.31686e-08;0.272107
4.84946e-12;5.9523e-14;1;2.03928e-11;5.20567e-12;4.09385e-12;3.23564e-12;1.45031e-12;4.38635e-11;3.1475e-12;3.96602e-11;3.63586e-08;2.18875e-15;1.1071e-12
3.02075e-06;0.0108131;2.50733e-08;7.89675e-08;1.10822e-05;6.40276e-06;1.85922e-07;0.984794;5.42328e-05;6.33649e-08;3.61107e-06;0.00053065;0.0037831;1.57362e-07
1.97845e-06;0.992986;1.87453e-08;3.20649e-07;3.29206e-07;1.37694e-08;0.000508802;0.00489575;4.53483e-07;0.000681484;2.53948e-07;2.65884e-06;1.94095e-06;0.000920327
7.39626e-09;1.02826e-08;0.999989;3.19011e-08;4.2753e-10;5.63672e-11;2.37044e-06;1.26232e-09;5.43216e-07;2.03334e-08;1.66838e-07;7.68718e-06;2.38445e-09;3.902e-11
0.000127812;0.82832;5.73355e-07;2.77919e-05;6.00898e-06;8.46845e-07;1.93078e-05;0.0917161;0.00386249;1.73625e-06;0.00183245;0.023984;0.0500999;1.46634e-06
1.6251e-06;0.99874;8.04105e-07;4.58109e-07;6.61472e-07;3.02704e-08;0.000797441;6.98629e-05;2.17628e-06;4.68703e-05;5.56648e-07;1.74248e-09;0.000236857;0.000102484
5.53402e-14;4.62172e-13;1;6.8622e-13;1.52092e-11;2.22067e-13;8.0069e-13;1.5586e-15;1.02418e-13;6.09434e-13;3.50106e-13;5.87809e-08;9.15249e-17;4.61531e-11
4.95286e-08;0.996949;1.25191e-09;3.31297e-07;2.40165e-06;2.47186e-07;1.84119e-05;0.000534848;2.55494e-06;4.28894e-08;2.61644e-06;2.15607e-07;0.00248875;5.61198e-07
4.89655e-06;0.043269;1.15342e-05;1.79672e-06;0.0001509;5.93282e-06;1.35473e-05;0.823072;3.11082e-06;9.61244e-07;2.45793e-06;0.132201;0.00115625;0.000107015
2.36212e-05;0.399608;2.22976e-07;0.00094689;0.00694863;0.0318396;2.50786e-05;0.0810057;0.000583811;2.43423e-05;0.000147699;0.000539121;0.370173;0.108134
5.6926e-05;0.971152;1.61569e-09;5.51452e-06;1.46226e-06;4.17529e-06;1.97867e-08;0.0115757;6.36785e-06;5.41802e-08;7.49704e-06;0.0161118;0.00107778;9.90643e-07
3.04296e-05;0.635554;7.04955e-11;1.73451e-06;7.22707e-08;8.95588e-07;6.22818e-07;0.00783986;2.8769e-05;1.99734e-07;2.31456e-05;2.08001e-05;0.356499;1.72136e-07
1.37305e-05;0.00171295;1.63467e-07;0.000276709;0.000800731;0.000225677;1.74475e-07;0.983802;0.00363275;1.89072e-06;0.000660536;0.00883165;2.85076e-05;1.26764e-05
1.34844e-05;9.94424e-05;7.39951e-09;3.07312e-07;1.60816e-07;7.46361e-08;1.39707e-09;0.00351754;6.17472e-07;2.04692e-08;8.70947e-08;2.48243e-06;0.996366;2.39395e-10
7.43433e-07;2.32746e-06;7.76585e-06;3.33003e-05;3.29612e-07;5.33716e-10;3.98318e-09;6.16882e-08;4.73602e-05;1.24346e-07;6.74278e-05;0.999839;1.30849e-09;1.20368e-06
0.000567732;2.95347e-05;3.27221e-08;8.12455e-08;2.33383e-06;3.33458e-10;2.15229e-07;0.99911;0.000257793;5.81528e-08;6.53741e-07;5.76961e-09;3.18548e-05;4.72262e-09
2.40666e-06;8.90057e-05;4.12271e-10;9.86066e-09;4.58428e-05;8.94623e-09;3.81832e-08;0.999792;6.77452e-05;1.57106e-08;4.06476e-07;5.84966e-10;3.02372e-06;1.12262e-09
2.83646e-08;2.15049e-07;0.999992;1.29085e-08;4.75093e-06;1.42917e-08;3.316e-10;1.25367e-09;3.28356e-09;6.21312e-07;1.19961e-09;1.02581e-06;2.93295e-09;1.8563e-06
5.15986e-06;0.993422;1.05803e-07;8.67073e-07;1.63935e-06;1.98925e-07;1.70989e-06;0.00144295;0.00407349;2.36809e-07;9.82148e-05;4.07743e-05;0.000907671;5.31473e-06
