1.08899e-06;0.999913;7.65202e-05;1.88529e-07;8.15626e-08;4.27839e-09;9.91347e-08;2.55358e-06;3.857e-09;1.92383e-07;1.70611e-09;6.52195e-06;1.51343e-07;2.31983e-08
2.12392e-10;2.42461e-10;0.999999;4.26229e-10;1.23161e-10;2.7879e-11;1.3701e-10;1.50338e-11;6.54443e-10;6.88744e-11;1.45736e-09;5.73352e-07;1.00076e-11;3.88759e-12
9.80858e-07;0.000117838;9.35384e-06;1.50135e-06;9.2783e-06;2.37781e-05;4.39706e-08;0.00339008;2.98235e-05;3.62216e-08;1.95799e-05;0.99574;0.000654095;3.50792e-06
5.73393e-06;0.0519244;1.03908e-06;0.00230463;0.00105004;0.0177263;2.01308e-05;0.895906;0.000207325;3.56561e-05;0.0137354;0.000109739;0.0167654;0.000208742
7.06016e-06;0.00549428;2.6159e-05;0.000138821;0.000142767;4.12431e-05;5.47966e-07;0.000533771;1.8331e-06;6.97521e-07;0.00161228;0.990486;0.00144792;6.68975e-05
0.000109642;0.944748;1.63849e-06;3.90186e-06;1.81639e-05;9.21443e-06;1.54236e-05;0.0535752;2.69904e-06;5.70333e-07;9.18736e-05;5.64053e-06;0.00141616;1.52732e-06
4.71434e-06;0.0142094;4.44522e-06;9.44002e-07;5.08125e-07;8.29737e-08;5.25315e-07;0.076098;2.80745e-07;2.34781e-07;7.7553e-06;9.71442e-06;0.909661;2.60866e-06
1.33363e-05;3.24544e-05;2.17557e-05;2.3275e-06;6.00549e-06;1.31329e-08;5.8553e-09;0.00133862;7.28084e-06;7.56306e-08;1.61197e-05;0.997594;0.000963182;4.36743e-06
0.000203242;0.793296;0.000142001;0.000122576;0.000119255;9.48478e-06;2.52002e-06;0.172313;0.00101923;4.27686e-05;0.00122203;0.0242318;0.00587868;0.00139791
2.93431e-05;0.633822;0.000848372;0.000314225;0.000354462;5.84007e-05;1.89087e-06;0.00290241;2.0081e-05;4.93901e-05;4.01435e-05;0.315774;0.0148336;0.030951
1.19182e-05;0.908711;5.54513e-11;9.53677e-06;3.61416e-06;1.0065e-06;0.0738822;1.75392e-05;2.01562e-06;0.00128456;1.40763e-06;1.44952e-11;0.000152477;0.0159231
3.56723e-12;3.16716e-12;1;8.05181e-12;1.04216e-13;3.5469e-14;2.29977e-11;1.64398e-14;9.61965e-13;1.19554e-12;3.76004e-11;3.39685e-08;9.68462e-13;1.79814e-13
0.000554032;0.411456;1.29759e-07;0.000274245;0.00101144;6.56886e-05;0.000724944;0.432451;0.0251029;3.32621e-05;0.0462242;0.0016262;0.0803203;0.000154592
0.00102437;0.650829;0.000146932;0.00381632;0.0558941;0.00230848;0.00147911;0.0343891;0.00450807;0.00199718;0.000403998;0.101476;0.101773;0.0399547
0.00416605;0.502282;6.49371e-08;0.000111841;0.0002042;8.59953e-07;0.00411024;0.483213;0.00445698;0.000171911;0.000249929;0.000865597;0.00016378;2.81931e-06
0.00947619;0.343889;0.0506105;0.00110599;0.000200758;0.000137318;0.000258273;0.000176405;8.5861e-05;0.00338592;0.000185074;0.581805;0.00755324;0.00113078
1.99605e-05;0.998088;3.17897e-10;1.59582e-07;2.82563e-07;2.92296e-08;1.7299e-07;0.000200002;4.10495e-06;1.63461e-08;4.54361e-06;0.0016493;3.35106e-05;4.77024e-07
3.28557e-05;0.928688;3.0193e-07;2.03894e-05;0.00142677;9.60435e-07;5.38119e-07;0.0142074;2.90573e-05;8.98972e-07;1.64377e-06;0.04907;0.00645045;7.08594e-05
0.000153359;0.685296;7.91605e-05;0.000111821;6.71429e-05;1.75913e-06;7.3678e-05;0.0624795;6.88326e-05;2.69976e-05;5.53754e-05;0.181614;0.0685966;0.00137616
1.86704e-05;0.577797;9.0161e-05;0.000120585;7.51985e-05;8.98191e-05;1.19927e-05;0.00205598;1.62928e-06;6.77751e-07;3.27805e-06;0.250985;0.16829;0.00045972
6.96116e-07;0.996339;6.31317e-09;1.05025e-06;2.08196e-06;1.35548e-06;5.84551e-05;0.00262705;2.47796e-06;1.16359e-05;4.0941e-07;1.24236e-10;0.000130124;0.000825355
1.25127e-10;1.22337e-10;1;2.27309e-09;2.0675e-10;1.54858e-10;1.43526e-10;2.09188e-11;1.09142e-09;2.31792e-10;6.28809e-10;2.08784e-08;1.72512e-11;1.89205e-11
2.57217e-05;0.662179;3.72191e-05;5.44028e-05;5.26726e-06;9.00817e-05;2.11617e-07;0.250882;0.000425079;1.16212e-06;1.60871e-05;0.0847009;0.00101739;0.00056579
2.73888e-08;0.995448;3.50404e-13;2.37246e-10;8.5226e-11;1.44468e-10;1.12717e-09;1.3509e-09;8.07035e-11;9.71234e-10;7.37011e-10;2.3124e-06;0.00454999;2.34862e-10
4.39111e-07;0.637159;8.40318e-07;4.61282e-08;1.67042e-06;2.13084e-08;1.00443e-08;0.00281896;2.77579e-08;1.73977e-08;1.61044e-09;0.359893;2.73041e-05;9.86795e-05
3.85794e-05;0.117503;0.000184685;0.000280678;0.0605737;0.196362;5.41884e-05;0.347414;0.000809654;1.94987e-05;1.75617e-05;0.000670099;0.0360393;0.240034
7.14293e-06;0.00679762;3.79183e-09;3.86358e-07;2.61162e-06;6.73358e-07;7.57834e-09;0.39073;4.30059e-07;4.83803e-09;1.31672e-07;3.31857e-06;0.602456;1.8406e-06
0.000932598;0.356403;0.000543284;5.52753e-05;4.76392e-05;5.83615e-05;3.4226e-05;0.080285;2.5442e-05;0.000611199;5.44321e-07;0.00812817;0.511201;0.0416739
1.07441e-08;3.21527e-07;0.999989;2.87227e-08;1.00757e-09;4.51543e-09;3.0031e-09;6.12194e-08;8.79629e-08;1.1364e-09;3.27396e-08;1.00403e-05;8.70202e-10;1.33787e-10
3.70985e-05;0.0474164;0.0152161;8.7351e-06;2.52692e-05;1.18786e-06;1.09856e-05;0.00358709;6.2081e-05;1.34295e-06;7.95554e-06;0.933209;0.000409744;6.75005e-06
1.77131e-06;0.451774;1.33085e-09;0.000141271;0.00649512;3.41501e-05;2.58854e-06;0.218143;1.52789e-05;5.46788e-06;5.01173e-05;0.000592996;0.0204354;0.302309
1.62549e-07;0.998744;4.33694e-12;1.77874e-08;8.79179e-06;1.57475e-08;3.14725e-09;0.000466733;7.70687e-11;6.38658e-09;1.13933e-09;0.000325161;1.62662e-05;0.000439379
3.2867e-06;0.00174315;0.0759124;2.30267e-06;0.000491793;1.16819e-05;2.11383e-07;3.29119e-06;1.21161e-09;3.35555e-07;7.97078e-08;0.921632;0.000103591;9.58706e-05
9.2016e-05;0.498343;7.5823e-07;4.91973e-05;0.000369594;3.80668e-05;1.02253e-06;0.322887;0.000120361;3.13055e-07;0.000135306;0.00193434;0.00591686;0.170112
1.28543e-05;0.483636;3.88849e-07;2.84214e-08;3.87823e-07;4.14691e-08;1.60026e-09;0.516028;1.32037e-07;9.12115e-08;2.81652e-09;7.42738e-07;3.17695e-05;0.000289771
1.97441e-08;0.007811;7.62365e-06;1.36753e-07;2.72836e-07;4.16978e-08;5.25708e-10;2.04956e-05;6.44415e-08;4.79479e-09;5.03521e-08;0.992128;7.21779e-07;3.10169e-05
3.45623e-06;0.99901;2.13243e-09;7.00576e-09;1.94e-10;1.57624e-10;3.00733e-07;1.45796e-06;4.17322e-08;1.08307e-08;2.03288e-07;3.21687e-05;0.000952885;6.97895e-09
4.65092e-08;0.000561085;4.41998e-08;1.96613e-11;3.50442e-08;6.09216e-10;3.3319e-11;1.68345e-05;3.16074e-09;5.03178e-11;5.58325e-11;0.999413;8.93842e-06;7.23009e-08
7.63568e-08;0.986043;1.85413e-13;8.50039e-09;4.58456e-06;3.68888e-08;0.000368954;1.51719e-05;1.30638e-06;6.39236e-06;2.12926e-09;4.4025e-11;8.32879e-08;0.01356
6.96339e-09;4.15509e-11;1;6.83709e-11;6.56866e-10;1.19812e-11;2.53765e-09;4.12447e-09;3.21094e-08;3.91081e-10;2.03636e-10;1.74144e-07;5.38728e-11;7.15842e-12
5.46384e-06;5.76692e-05;1.28285e-10;5.01277e-07;5.7039e-08;5.11009e-08;1.35925e-05;0.00457586;0.994965;5.90231e-07;0.000247804;4.83362e-07;0.000132483;2.06661e-10
3.34878e-06;0.999978;7.98523e-06;5.3101e-07;4.89394e-07;1.67149e-08;5.1643e-09;3.8313e-06;1.85898e-07;1.58666e-07;1.93651e-09;1.92087e-06;3.78899e-06;6.24757e-08
0.000134283;0.984138;7.30717e-09;8.38592e-06;1.75197e-07;7.32594e-08;1.18495e-05;0.00495027;0.00178813;3.09261e-05;1.68114e-05;0.00549425;0.00342255;4.66427e-06
0.000734965;0.866151;5.42056e-06;0.000469663;0.000173572;9.68932e-06;0.000364876;0.00104429;0.00449094;0.000834447;0.000114126;0.045195;5.85883e-05;0.0803535
4.22342e-05;0.000169769;2.26204e-08;8.92677e-08;2.80309e-06;7.04677e-08;1.45332e-09;3.29161e-05;9.95254e-07;3.34494e-09;4.79884e-08;0.9997;6.77367e-06;4.47325e-05
9.92818e-08;0.997009;1.98577e-13;3.1477e-09;2.66922e-09;2.43622e-09;8.66098e-06;0.000147847;4.01127e-07;1.00981e-06;2.88423e-09;2.09701e-11;4.68072e-07;0.00283244
1.21159e-11;2.26818e-11;1;3.20401e-11;1.72428e-10;1.32922e-10;8.82741e-11;2.75179e-11;7.3304e-11;3.72493e-11;3.79892e-11;4.4759e-08;9.62024e-14;9.23673e-11
5.52333e-08;0.00163947;4.58066e-10;1.36289e-08;2.64896e-08;2.76083e-08;2.6662e-09;0.00151455;1.56183e-07;2.17869e-10;5.01889e-07;1.56996e-07;0.996845;2.14557e-09
5.06412e-06;0.941694;1.90072e-06;1.88467e-06;1.7934e-06;6.72636e-06;6.13764e-05;0.00383402;3.43459e-06;0.000192245;3.85828e-07;2.27347e-05;0.0438572;0.0103175
4.44523e-11;4.21355e-09;1;8.09307e-10;7.87124e-11;1.20607e-10;7.83864e-10;4.70484e-10;4.1771e-10;2.46678e-10;8.95085e-10;7.59878e-08;2.28117e-11;1.04596e-11
3.5558e-05;0.159761;0.00053612;4.97107e-05;2.13706e-05;0.00017011;0.000291132;0.15221;0.00161535;4.74701e-05;0.000547834;0.576074;0.108608;3.21069e-05
3.83284e-07;0.591733;3.96444e-10;0.000109555;0.000127611;0.000385516;6.67302e-06;0.379298;2.81285e-06;8.16434e-06;5.67214e-05;0.000959528;0.0226067;0.00470576
2.61691e-05;0.0100599;1.66902e-05;2.00891e-05;0.000591613;2.73732e-06;7.53449e-07;0.003306;6.92917e-07;5.21435e-06;6.14916e-06;0.96158;0.0242651;0.000118513
0.000557422;0.00199099;2.63634e-10;6.13078e-05;3.17848e-06;1.83538e-06;7.95437e-06;0.00112722;0.978636;1.41175e-06;0.0109725;3.2645e-05;0.00660697;3.3045e-07
4.78565e-05;0.999936;7.22309e-06;1.57809e-08;7.93656e-09;2.25536e-10;1.57539e-10;3.96307e-06;2.28067e-08;3.73696e-09;1.08645e-10;1.18151e-06;4.14315e-06;1.86883e-08
1.31535e-05;0.998618;9.39982e-09;2.24526e-07;4.01906e-07;1.13596e-07;1.81357e-07;6.98493e-06;7.46734e-05;2.77784e-07;2.70003e-07;0.0011953;7.67054e-05;1.4199e-05
0.000310855;0.980771;6.30657e-05;8.33293e-06;4.08385e-05;3.49663e-06;1.49779e-05;0.0012993;0.000733154;6.09393e-06;2.54949e-05;0.00749231;0.00864372;0.00058721
1.0798e-06;0.00360236;6.12038e-08;8.53061e-07;3.32087e-07;2.15608e-06;6.6966e-09;9.25381e-05;1.5078e-06;6.24924e-09;7.15278e-08;0.995772;0.000520058;7.34979e-06
5.30812e-07;0.999313;1.82244e-11;5.78289e-08;3.09623e-09;1.90367e-09;0.000666721;9.65705e-06;3.76389e-06;3.56061e-06;3.0377e-08;6.68663e-11;3.00293e-07;1.95459e-06
1.03739e-10;8.05292e-13;1;5.78391e-10;3.0817e-09;7.84144e-11;4.49366e-11;5.08132e-13;5.82758e-10;3.59054e-11;2.08332e-10;2.83107e-07;8.84714e-14;1.17632e-10
1.08942e-06;0.964927;1.63467e-11;5.89053e-08;1.37707e-05;3.1776e-09;4.46316e-07;0.0350269;9.18518e-06;1.65475e-07;2.01725e-08;1.1234e-07;2.09141e-05;3.82225e-08
7.66206e-08;0.000329554;0.00177417;2.69786e-07;0.00022312;4.38786e-06;1.70629e-10;1.21374e-05;3.38967e-10;3.36925e-07;2.43121e-10;0.997614;1.26991e-05;2.91651e-05
1.01054e-06;0.997792;1.55285e-09;8.34524e-09;6.3542e-07;1.55385e-07;2.40303e-06;0.00141562;2.57158e-06;1.11331e-08;1.78716e-07;9.23337e-05;0.000583656;0.000109747
1.56847e-06;0.00273691;1.2378e-08;1.17673e-07;1.1457e-06;1.68342e-07;2.91561e-07;0.00869223;1.43148e-06;7.33736e-08;1.40651e-07;1.11827e-07;0.988565;3.71997e-07
4.15286e-05;0.986746;1.14815e-05;1.7362e-06;1.5306e-06;3.13471e-07;0.00305373;7.41805e-05;2.18481e-06;0.00315445;1.41242e-08;0.000851447;0.00118221;0.00487932
3.76232e-08;1.18612e-07;0.999955;1.4276e-07;1.23632e-08;7.88455e-09;3.01133e-07;1.46053e-07;4.16907e-07;3.66063e-08;5.21426e-08;4.40234e-05;1.33107e-09;4.52922e-10
0.000861365;0.498918;0.0048564;0.000346575;0.000883423;0.000124897;6.47046e-05;0.380785;8.63872e-05;0.000193975;4.69987e-06;0.0708335;0.0341506;0.00789116
1.31968e-05;0.118511;0.000875359;0.00469904;0.00497295;0.0105792;2.05351e-05;0.0628354;2.49916e-05;0.000542486;0.000917971;0.57347;0.208006;0.0145318
6.08019e-08;0.0296798;1.00983e-07;3.38455e-08;2.36601e-11;3.78643e-10;0.96644;1.00498e-09;3.9111e-09;0.00387252;2.71244e-07;4.18915e-11;3.68171e-07;6.96675e-06
1.9302e-14;3.03581e-15;1;1.34674e-12;4.76483e-15;2.63936e-14;8.11957e-12;3.3406e-16;4.34775e-12;7.19417e-13;6.73752e-11;3.4608e-11;1.29413e-16;4.92656e-16
