4.37667e-06;0.998939;3.95224e-05;0.000112467;1.58392e-05;1.09553e-06;2.62148e-07;1.70331e-05;2.69263e-07;1.48061e-05;1.8884e-05;1.91844e-06;0.000500641;0.000333754
7.94885e-05;0.00913485;0.00392299;5.1994e-06;3.83161e-06;7.99634e-08;7.20704e-08;0.000135976;4.81645e-07;3.51172e-08;1.56542e-06;0.986433;7.16273e-07;0.000281907
0.000551569;0.959803;8.14759e-07;1.49101e-05;0.000351151;9.85607e-05;2.22544e-05;0.00148303;0.00382504;1.2869e-06;0.000552526;0.00264745;0.0305316;0.000117121
2.30217e-05;0.110692;5.26855e-12;1.23872e-08;4.70213e-07;8.78739e-07;3.59394e-08;0.000101094;1.39761e-06;6.71106e-09;3.76911e-07;0.000817391;0.888333;3.05575e-05
2.47961e-05;0.53418;3.75532e-05;8.17952e-07;1.88291e-05;3.86618e-06;4.13303e-07;0.298579;0.000107742;5.15795e-07;1.65819e-06;0.160965;0.00599782;8.24158e-05
3.62794e-05;0.00977652;3.45687e-07;0.000223131;0.362795;0.0824076;4.00076e-05;0.00772641;0.000150579;3.96842e-05;0.000108426;1.25057e-05;0.0278171;0.508866
0.00618609;0.0164384;2.34763e-08;1.50687e-05;0.000689742;0.000699311;0.000936335;0.248119;0.00212202;3.44287e-05;6.95029e-05;2.91915e-06;0.724674;1.33598e-05
3.95636e-10;3.50087e-09;1;3.38281e-11;7.94802e-13;1.66557e-11;1.0309e-10;1.90675e-12;1.70668e-08;1.85704e-11;2.75503e-10;3.63147e-11;4.29675e-11;1.80291e-11
5.23096e-07;0.00017049;0.000207525;1.75531e-07;7.11492e-08;1.34301e-07;1.17847e-09;0.00016235;3.77963e-05;1.25413e-09;2.82883e-06;0.999412;4.79532e-07;6.06362e-06
3.06384e-08;0.999904;2.49595e-10;1.33317e-10;5.37852e-09;7.39726e-09;8.59005e-10;5.18053e-09;1.13125e-09;7.95513e-10;1.20276e-09;7.15054e-07;9.46919e-05;6.89326e-08
3.23361e-09;4.94136e-05;1.07623e-06;6.40673e-09;2.23105e-07;5.57862e-08;3.37368e-10;1.04961e-05;3.01384e-08;3.6359e-10;1.08059e-08;0.999932;3.47605e-07;6.36152e-06
7.51465e-06;0.775105;2.04992e-10;6.2749e-07;7.287e-06;5.92942e-06;1.89e-07;0.216523;0.000108383;2.09049e-09;2.45433e-06;4.17013e-07;0.00823594;3.45447e-06
3.89148e-08;0.993887;2.74843e-12;1.18894e-09;6.91374e-08;8.55677e-10;1.85523e-11;0.00606969;6.5104e-12;1.19227e-09;1.30269e-12;2.83047e-07;4.21454e-05;7.21741e-07
1.17769e-07;0.000658753;0.00503571;2.50809e-05;0.00281489;0.000517349;5.21671e-09;0.000530605;1.4131e-11;3.07668e-06;1.37804e-08;0.989921;0.000121484;0.000371548
1.50844e-05;0.340136;2.47435e-06;1.31084e-05;3.73141e-06;0.000234039;0.0248854;0.177745;0.000103397;1.57253e-05;0.00408412;6.94323e-06;0.45275;5.18798e-06
4.8604e-10;1.51918e-08;1;3.12448e-09;1.1262e-10;1.3338e-09;2.33429e-08;2.14285e-12;4.09599e-09;4.85194e-10;6.60795e-09;5.62551e-09;1.25605e-10;3.29832e-11
7.07685e-07;0.00019986;3.17826e-06;2.03091e-07;1.31304e-07;1.35958e-07;7.2495e-09;2.59041e-05;3.11376e-06;2.54667e-09;2.9228e-07;0.999764;1.02924e-06;1.4471e-06
4.17415e-06;0.94172;3.38003e-09;3.60115e-09;1.10202e-07;1.53775e-06;1.16465e-07;4.68348e-09;1.05692e-08;2.22255e-08;4.11542e-09;2.23961e-06;0.0582692;2.42014e-06
1.13498e-09;8.8204e-07;1.60174e-07;7.68286e-10;3.17383e-07;4.66835e-08;1.76108e-11;4.33726e-07;7.39364e-09;4.36493e-11;8.77813e-11;0.999998;2.83768e-08;1.95612e-07
9.89288e-06;0.00379986;5.18044e-09;3.07388e-08;1.16818e-05;2.17523e-06;3.29605e-09;0.995687;0.000151856;4.21554e-10;2.70163e-09;3.03892e-09;0.000336915;3.29587e-07
2.30991e-07;0.999425;6.3646e-06;1.74864e-07;7.14705e-07;8.42434e-07;2.75037e-11;0.000472632;1.9371e-10;3.83318e-08;1.69344e-11;3.30386e-07;9.33369e-05;4.16473e-08
1.3747e-10;2.29036e-09;1;1.9852e-08;1.19311e-11;1.63548e-10;1.74094e-08;6.73105e-11;6.51009e-10;5.97025e-09;6.26545e-09;1.29931e-08;3.73314e-09;4.21117e-13
1.66098e-12;4.11778e-11;0.999979;4.24964e-11;7.82701e-14;4.67823e-13;5.2808e-13;4.44804e-11;1.71075e-12;4.78886e-13;4.34618e-12;2.14567e-05;3.5435e-14;2.86283e-11
4.35384e-08;0.000116514;1.21738e-05;2.63105e-07;0.000322679;0.000120949;2.05792e-09;3.87591e-05;1.1342e-08;5.04251e-08;4.39102e-07;7.52028e-08;5.61424e-06;0.999382
2.14287e-07;0.97624;2.67003e-06;1.45183e-07;1.57041e-05;2.60954e-06;6.84433e-06;1.50996e-06;1.3423e-08;2.46079e-05;3.22509e-07;6.041e-05;4.16897e-06;0.0236406
3.54914e-12;2.88299e-11;1;7.22893e-12;3.11737e-10;3.49943e-10;3.5002e-14;1.15256e-13;1.67891e-12;7.04184e-13;1.55736e-11;1.2298e-08;2.26848e-11;3.99349e-12
3.8017e-08;0.999989;3.64765e-07;2.86721e-09;2.20495e-07;1.01767e-08;2.08912e-09;8.17472e-06;1.06865e-10;9.96177e-09;4.59532e-11;2.56247e-08;2.61972e-06;1.36248e-07
5.55304e-13;1.09623e-10;1;4.36828e-12;1.99761e-10;5.50961e-11;2.88792e-13;9.26806e-11;4.39996e-13;1.34976e-12;9.97055e-13;6.00254e-09;7.98047e-11;2.63029e-13
8.35801e-08;3.19787e-06;3.01148e-09;4.31847e-06;0.00010638;0.000141727;1.52337e-06;0.967348;0.000136692;5.4422e-08;0.000212322;4.19879e-05;0.0319718;3.16164e-05
1.30015e-08;0.999151;5.05443e-06;9.05329e-08;1.11602e-07;5.36556e-08;1.37949e-10;1.86725e-05;3.34826e-12;2.85725e-10;2.16779e-09;4.75272e-08;0.000824924;2.27846e-07
1.47307e-06;0.157967;2.04024e-07;4.65654e-06;0.00668701;0.000136447;4.89896e-09;0.634038;2.01777e-08;3.37881e-07;5.48106e-07;0.115869;0.0837651;0.00153005
5.39655e-05;0.0873346;8.01559e-05;0.00106216;0.0817117;0.00311375;0.000304131;0.191684;8.17925e-05;0.000373854;0.00191034;0.590347;0.0398819;0.00206005
0.00215149;0.176786;2.77286e-05;0.0012656;0.016892;0.00174137;0.0020134;0.0235147;0.00676435;6.05811e-05;0.0914901;0.0399729;0.63568;0.00164029
0.000178269;0.028281;0.971067;5.20941e-06;1.38673e-06;1.09895e-07;7.76684e-07;0.000279775;6.61898e-07;1.85162e-06;5.38491e-07;0.000136634;3.51082e-05;1.22284e-05
9.57273e-08;1.0312e-08;0.999987;1.28083e-08;4.6509e-09;3.78813e-10;4.59171e-08;4.17875e-09;1.27795e-05;1.61264e-09;4.46313e-07;1.95161e-08;7.53992e-09;3.42569e-09
2.7471e-07;2.92369e-05;0.0136722;2.96418e-07;2.13369e-07;1.6421e-08;6.34164e-10;0.986294;1.74338e-06;2.43518e-09;7.05263e-08;1.13575e-06;8.42001e-08;1.56987e-07
3.08149e-07;0.00217955;0.000354698;9.03382e-07;4.84642e-06;1.06076e-05;4.32081e-10;0.00020584;1.10222e-07;1.72247e-07;5.76456e-08;0.0235468;1.44598e-05;0.973682
7.88411e-07;0.95786;3.04002e-11;1.3079e-08;9.41068e-08;1.39311e-07;2.11026e-06;0.0392053;9.9453e-08;3.35433e-08;2.7618e-07;1.35024e-09;0.00293107;2.56873e-07
2.70713e-11;4.64317e-10;1;4.22401e-11;2.55266e-10;8.10581e-12;1.50664e-11;2.96083e-11;5.07743e-11;2.72609e-11;2.67755e-12;1.46719e-09;5.6304e-11;1.37598e-11
1.78258e-05;0.00148473;0.0077813;0.000198486;5.22873e-05;0.000606367;3.71892e-06;0.0151587;0.00102014;1.9857e-05;9.0243e-06;0.965863;0.00531864;0.00246644
4.50055e-07;0.998407;0.00155715;5.24422e-07;8.80116e-06;8.55726e-07;3.27802e-07;7.27067e-06;2.03541e-08;1.4287e-05;2.45001e-09;1.22631e-06;5.43356e-07;1.14293e-06
2.43126e-10;2.94207e-08;0.999978;7.47342e-10;2.57984e-09;5.59453e-10;4.13195e-10;6.67646e-09;1.16341e-10;7.6247e-10;3.52548e-10;2.18232e-05;1.22544e-10;2.41012e-10
5.30697e-08;0.00475452;2.07954e-05;1.34384e-07;5.62158e-07;7.04021e-07;3.85376e-09;0.993436;1.60632e-08;4.47797e-08;6.62825e-09;0.00177249;1.28867e-05;2.24329e-06
2.61328e-07;0.575495;3.13294e-08;1.79897e-05;4.58412e-05;0.0250026;4.53501e-06;0.284504;2.06387e-06;3.38508e-05;3.01919e-05;5.26152e-08;0.114834;2.99191e-05
1.37181e-10;1.40697e-09;1;5.46747e-09;6.59833e-11;2.27401e-10;6.72561e-11;5.65477e-11;1.76783e-11;4.84604e-10;1.7363e-10;3.74354e-08;7.27871e-10;6.1831e-11
2.06347e-07;8.97586e-05;0.000566447;5.25724e-06;1.20999e-07;1.58351e-07;2.49838e-09;2.95914e-06;2.79661e-07;6.00259e-09;4.68684e-07;0.999283;6.43275e-07;5.04675e-05
7.5859e-07;0.978324;1.74849e-07;1.13416e-07;6.15416e-06;3.20616e-05;4.86099e-09;0.00678749;3.37423e-08;1.81472e-08;8.4491e-08;1.69884e-06;0.0147137;0.000133711
6.51855e-09;0.0808964;3.50827e-12;2.7066e-09;9.51335e-07;1.48185e-07;4.70102e-09;5.60258e-08;1.24303e-13;2.07909e-07;2.87238e-12;4.08011e-10;3.33696e-06;0.919099
1.85505e-13;4.13908e-14;1;1.26804e-13;1.59884e-12;9.07707e-14;8.22536e-15;3.16695e-13;3.44857e-15;2.22653e-13;1.37313e-15;2.80872e-10;2.46463e-14;1.7441e-14
1.80261e-05;0.014635;0.000144264;0.000603067;3.39425e-05;0.000175194;4.12954e-05;0.644768;0.0409654;2.83127e-05;0.0123059;0.00219623;0.284084;1.18772e-06
