5.29938e-06;0.996584;5.84877e-10;1.53978e-07;2.45506e-09;3.45816e-09;1.10774e-06;1.52545e-06;3.02855e-06;1.22202e-08;1.33378e-05;1.90199e-05;0.00337283;5.35449e-09
2.70701e-05;0.962532;7.43223e-05;9.42379e-05;2.97057e-05;1.58939e-05;2.42708e-07;0.00564138;1.80684e-06;2.35045e-06;4.82846e-07;0.0273002;9.25734e-06;0.00427098
8.8871e-06;0.997804;3.75054e-11;8.53841e-06;2.42123e-06;8.30088e-07;1.10583e-08;0.000763377;6.26032e-06;1.99753e-08;4.05473e-06;6.71295e-05;0.00128713;4.723e-05
1.14579e-05;0.000361666;0.000650168;1.18865e-06;5.56087e-06;1.38954e-08;1.31111e-08;0.000149036;1.19586e-06;4.39798e-07;2.94394e-07;0.997795;4.13186e-05;0.0009824
1.4177e-06;0.998934;0.000253145;8.39616e-08;0.000154167;3.82178e-07;9.95965e-08;5.5086e-05;6.07176e-10;1.92834e-06;5.04432e-09;1.5884e-05;0.000582993;4.3258e-07
2.83884e-05;0.917079;0.000166067;3.60369e-05;9.14627e-05;0.0155977;4.35859e-05;0.00143165;0.000256152;0.000343849;6.2846e-05;0.0141839;0.0459628;0.00471625
9.05602e-07;0.00164094;0.03343;2.84281e-06;2.63233e-06;1.70855e-06;1.18509e-05;4.22764e-06;1.0903e-08;7.11891e-05;1.85573e-09;0.964666;0.000167129;4.78686e-07
1.41135e-08;1.02838e-10;0.999994;1.08977e-07;7.84332e-09;2.24885e-08;9.8141e-09;1.21222e-10;3.36265e-08;6.19307e-09;1.29881e-07;6.14339e-06;6.70267e-12;3.66677e-08
0.0018407;0.000459794;8.09744e-06;3.63527e-07;1.06854e-07;1.55472e-08;1.48977e-05;0.997332;6.53541e-05;2.73057e-07;1.79414e-05;4.03241e-06;0.000256765;4.95664e-09
6.53994e-07;0.53107;1.96014e-07;3.99121e-06;6.81075e-07;1.65647e-07;0.000154684;4.66945e-08;3.60551e-07;0.00020838;1.71336e-07;1.20896e-06;4.67775e-09;0.468559
1.93717e-07;1.61719e-06;0.999984;3.4974e-08;3.04811e-07;2.5426e-07;2.18429e-07;2.45713e-07;1.01065e-07;9.80956e-09;4.72315e-06;5.03459e-07;1.59182e-06;6.15545e-06
6.659e-07;0.994253;2.79107e-08;7.48168e-09;5.46339e-08;4.61697e-08;3.84107e-05;0.00276499;9.85946e-08;1.2189e-05;8.20805e-09;3.39456e-11;0.0029106;1.94961e-05
1.0782e-12;1.53463e-12;1;7.68067e-12;2.48179e-11;2.79723e-13;7.9134e-12;4.11159e-14;1.10614e-10;1.05033e-11;9.36733e-12;3.77592e-07;1.0007e-16;3.99554e-11
8.88644e-07;0.980695;6.49319e-08;5.15426e-07;7.18932e-06;9.47929e-08;1.42597e-05;0.0126199;3.70164e-05;2.96165e-07;1.0284e-06;3.40316e-05;0.0065896;1.1443e-07
1.71992e-06;0.829851;2.9106e-10;0.00036658;0.000472824;8.68221e-05;4.13354e-07;0.162361;0.00012217;3.70648e-05;1.69702e-05;0.00267389;0.00279177;0.0012178
1.07079e-05;0.937976;4.48033e-07;9.41762e-06;2.49758e-06;3.40163e-06;2.62888e-05;0.0604332;1.0513e-07;3.67423e-05;1.05095e-07;4.68022e-07;0.00138795;0.000112846
1.08233e-11;3.19368e-13;1;1.39814e-11;8.33042e-13;1.67334e-13;2.46614e-11;2.09291e-13;1.87793e-11;1.06649e-12;1.18996e-11;3.7e-09;3.33494e-13;1.64284e-13
1.03332e-05;7.72109e-05;0.937903;6.10731e-05;7.984e-06;3.16129e-05;4.2955e-06;0.0312003;0.00363072;7.78163e-08;0.000308717;0.0267287;3.32661e-05;2.98656e-06
1.98491e-06;0.0220553;0.00299932;9.36265e-07;2.98657e-06;0.000558086;7.87308e-08;0.000654806;4.82461e-07;6.74112e-07;4.5036e-07;0.000270824;3.76662e-05;0.973416
9.71792e-08;0.0505475;6.21779e-11;2.4458e-08;1.55788e-09;2.49922e-08;1.52001e-08;0.000226812;8.31941e-08;4.07341e-10;8.08835e-06;5.30535e-06;0.949212;3.00035e-08
9.0249e-07;0.0022321;4.09446e-09;2.43053e-09;1.90689e-07;2.94168e-09;2.81116e-10;0.997747;3.32605e-08;2.68563e-09;3.09665e-10;2.37133e-07;1.33944e-05;5.53744e-06
6.65147e-08;0.00095645;9.00465e-05;8.30649e-06;4.95188e-05;4.79373e-06;2.99838e-09;8.23713e-05;3.63025e-07;3.17181e-08;1.51069e-06;0.998619;1.02559e-05;0.000177781
2.17381e-07;0.999201;7.83061e-12;1.74282e-07;6.16442e-06;2.43795e-09;6.65035e-08;0.000779568;1.7995e-08;1.56395e-07;5.90932e-08;5.36888e-08;6.31194e-07;1.15025e-05
3.15033e-06;0.000153227;0.00358752;8.09279e-06;0.00531617;2.38125e-05;5.86506e-08;1.9052e-08;8.38276e-09;7.43725e-07;2.37852e-07;0.988633;0.00191983;0.000353627
0.0178931;0.233821;9.87434e-07;3.4575e-06;0.000110916;1.77761e-07;0.016073;0.442945;0.276851;8.23994e-06;0.00021962;1.36189e-08;0.0120436;3.05735e-05
8.21547e-05;0.882239;0.0438004;6.2113e-06;0.000436677;3.48728e-06;1.01955e-07;0.00184213;1.14357e-06;3.83068e-06;1.99839e-07;0.0632819;0.00822869;7.43516e-05
0.00010161;0.216139;3.13841e-08;7.83092e-05;0.000252037;9.45699e-05;1.87626e-05;0.0055798;0.00293834;1.47835e-05;0.00141933;0.344091;0.0114849;0.417787
3.78663e-06;0.0851677;2.89274e-07;7.49578e-08;6.56877e-05;2.29773e-08;3.68631e-07;0.914714;1.0708e-07;6.53148e-08;4.61938e-08;3.80409e-05;5.85304e-06;3.49506e-06
2.74246e-05;0.00599783;0.193737;0.000171889;0.00107922;0.000178087;6.80326e-07;7.21135e-08;2.97419e-07;8.76059e-06;2.05668e-06;2.61543e-05;0.000248567;0.798522
8.13307e-05;0.997133;7.24449e-07;1.96701e-08;1.06926e-08;1.04757e-09;3.20209e-06;8.06095e-08;3.25011e-06;1.48986e-08;4.59527e-07;0.000663733;0.00211433;5.58373e-08
0.00282239;0.0903064;2.95076e-05;8.21025e-05;0.00827805;0.00206094;5.48468e-05;0.172079;0.00895922;3.31731e-05;4.84758e-05;0.368509;0.342589;0.00414858
0.0022708;0.870361;1.88721e-07;5.44794e-05;0.000538989;0.00403096;0.0853279;0.00401003;0.0125423;0.00100075;1.34572e-05;4.52332e-09;0.00958601;0.0102627
9.55429e-11;3.18692e-11;1;3.36866e-11;1.57337e-12;2.16582e-11;9.55373e-13;1.56508e-12;1.5528e-10;3.29814e-12;4.19688e-12;6.66812e-09;4.32952e-12;1.11405e-10
3.92716e-05;0.227124;0.00736021;6.63401e-06;1.42074e-06;5.84253e-05;3.93933e-06;0.0283268;8.48728e-05;1.69506e-06;2.19015e-06;0.667658;0.0682959;0.00103727
4.04881e-07;0.638828;8.04853e-09;6.64699e-07;5.49541e-08;3.24662e-06;1.25359e-07;0.00154919;9.47862e-07;3.65617e-08;1.65053e-06;4.82619e-07;0.359361;0.000253877
1.68405e-07;0.996702;1.21995e-06;2.23068e-09;5.76401e-10;7.31054e-10;2.95593e-08;0.000454151;6.93374e-09;4.34953e-09;4.65339e-08;0.00231805;0.000524123;1.36014e-07
3.56374e-08;0.183273;4.7211e-10;3.06725e-06;1.23303e-05;4.95493e-06;8.64136e-06;0.815401;5.19623e-08;1.29273e-05;6.5221e-08;1.24146e-06;9.61158e-05;0.00118658
2.12295e-12;4.78069e-12;1;1.29665e-10;1.83378e-14;1.50239e-14;1.13395e-10;4.42351e-14;6.45575e-12;3.52471e-12;4.67841e-10;1.4444e-10;3.14403e-12;1.38952e-14
3.30565e-05;0.00107017;0.000505804;1.74156e-05;2.41422e-06;7.21682e-09;5.294e-05;0.00160717;0.00017411;3.06643e-06;7.87528e-05;0.996368;7.47082e-06;7.92817e-05
0.000113497;0.934775;0.00473191;0.000265695;0.017836;9.98376e-05;1.55513e-05;5.44302e-05;3.71001e-07;0.000151132;3.39393e-06;0.000740559;0.0399181;0.00129495
0.00126234;0.0400106;4.07689e-05;4.57856e-06;0.158938;1.28203e-05;4.83884e-07;0.709684;3.52661e-05;3.8458e-06;1.11228e-06;0.0818637;0.00218798;0.00595477
2.58252e-05;0.00582664;0.92601;4.05896e-06;0.0300304;0.000676956;3.56485e-08;0.00105086;3.41021e-08;2.25178e-05;9.05695e-09;0.0339112;0.00213336;0.000308033
7.82733e-06;0.000910045;1.38653e-07;6.10667e-06;0.00133585;5.12743e-06;2.81335e-08;0.994316;2.03376e-05;3.32642e-07;5.46766e-07;0.000455578;1.01889e-05;0.00293199
1.82026e-08;0.99994;5.84629e-07;3.54587e-08;3.0061e-07;1.20467e-08;3.08482e-10;1.8759e-06;1.20741e-11;1.10344e-08;1.04302e-11;3.14362e-10;5.74929e-05;4.41554e-09
3.27453e-10;5.86768e-10;1;6.09113e-10;5.07019e-11;2.26348e-11;4.54384e-09;1.94865e-11;7.25202e-09;4.70439e-10;2.37078e-09;4.44684e-08;3.66712e-11;8.56189e-12
4.33613e-09;7.58476e-08;0.999712;1.85336e-08;3.4581e-10;2.26626e-08;7.69892e-09;2.30397e-08;2.54425e-07;1.32918e-09;1.5333e-08;0.000276862;7.88785e-10;1.03029e-05
0.000122031;0.0203011;4.03909e-07;6.59048e-06;0.0155785;0.0764199;5.43588e-06;0.000606284;0.0032007;1.58616e-06;0.000457299;7.04445e-07;0.00646129;0.876838
1.49341e-06;0.901684;2.61465e-07;1.0714e-08;0.000211591;1.0915e-05;2.21021e-06;2.8352e-07;7.98285e-09;4.53657e-06;1.84728e-10;7.97356e-08;4.89695e-05;0.0980353
6.46242e-12;1.11104e-13;1;1.73038e-12;7.73588e-08;1.25095e-11;4.61374e-14;2.27939e-09;7.4874e-12;1.64804e-13;9.4184e-14;6.2328e-10;1.07424e-14;1.66418e-11
1.28987e-09;1.42599e-07;1.96273e-09;8.32059e-10;1.46368e-07;7.1592e-09;1.85571e-11;1;1.47298e-08;9.87148e-11;1.1486e-10;8.17155e-08;3.78158e-08;7.00427e-12
9.66096e-07;0.253568;0.00127769;5.16927e-05;6.66614e-06;6.40462e-05;2.61383e-09;0.74487;2.0605e-07;3.80209e-06;6.56929e-08;1.20776e-06;8.19315e-05;7.39521e-05
1.76135e-05;0.74565;8.4637e-07;3.5561e-05;3.85551e-05;7.73797e-06;1.89871e-07;0.120664;1.544e-06;6.67986e-07;5.86784e-06;0.0601433;0.0733302;0.0001045
0.000300295;0.100686;0.000376934;3.685e-05;0.0449682;2.39783e-05;2.35836e-05;0.354792;3.54854e-06;2.57427e-05;2.96899e-05;0.141353;0.0330792;0.3243
8.15877e-05;0.506579;9.67043e-07;9.74583e-06;0.000224135;4.99604e-05;0.00353809;0.482555;6.04855e-05;7.64408e-05;1.69185e-05;3.45983e-07;0.00613789;0.000668781
4.09775e-09;5.09347e-10;1;4.74929e-08;8.96322e-10;4.27832e-10;3.38189e-08;6.63481e-10;2.11674e-07;8.96122e-09;5.67922e-08;1.64605e-08;5.40398e-09;2.2394e-09
5.56537e-07;4.83092e-06;0.992126;1.47394e-06;8.32104e-08;2.75211e-08;1.44224e-08;0.00770127;1.85397e-06;1.45954e-08;7.75088e-08;0.000164001;2.52978e-08;1.42304e-07
1.22125e-07;7.65987e-05;2.93218e-06;1.30405e-07;2.00516e-06;2.08902e-05;4.67849e-09;6.35441e-06;5.47433e-09;7.64188e-07;1.62134e-09;2.66265e-06;2.71872e-06;0.999885
5.20023e-07;0.00153698;3.4868e-10;5.87331e-08;2.3194e-08;3.66233e-07;1.01305e-07;0.0325047;9.61822e-06;1.17453e-09;2.88073e-05;7.22457e-06;0.965912;3.15871e-09
1.03522e-08;0.999981;4.03692e-06;4.81502e-09;5.13788e-09;8.40449e-09;7.33008e-11;9.67981e-06;5.22934e-11;9.14089e-10;7.99124e-12;3.61314e-10;4.782e-06;3.63484e-08
5.84534e-08;0.000633249;2.92571e-09;2.96933e-06;1.97382e-07;1.16063e-07;5.60171e-08;0.0008044;1.59346e-08;1.81029e-07;2.2642e-07;2.50071e-05;0.998533;1.13236e-07
0.000119477;0.043517;6.64586e-05;0.000189407;1.21264e-05;1.52984e-06;5.0458e-06;0.000215592;1.45691e-05;1.75667e-05;0.000365056;0.940027;0.0152201;0.000229038
7.91379e-05;0.983382;1.22573e-08;4.03445e-05;6.42865e-06;9.92447e-06;0.0081499;0.00555432;0.000139687;0.000265975;0.000615243;3.81756e-07;0.00146417;0.000292426
4.77695e-14;2.0958e-13;1;4.76319e-12;3.906e-13;1.3599e-14;3.27843e-15;8.6309e-16;4.16893e-14;3.74928e-14;1.17123e-13;2.25001e-08;8.46632e-17;3.95945e-12
1.0789e-06;0.0927072;8.16389e-08;1.05519e-06;0.000290381;8.63321e-07;4.91769e-07;0.905222;6.834e-08;1.05369e-06;1.12889e-07;1.0245e-05;0.000675862;0.00108988
6.09489e-09;3.09844e-05;1.13797e-09;2.23534e-06;1.40734e-08;0.000129596;4.37032e-08;2.99048e-08;6.0325e-07;1.40385e-07;3.77154e-06;3.56911e-08;0.999832;1.20505e-07
4.89418e-08;8.68803e-08;0.999999;6.50672e-08;2.61011e-09;8.94513e-10;3.22792e-10;2.29544e-09;2.37417e-10;1.05524e-08;6.69165e-09;5.62214e-07;1.48701e-09;3.34657e-09
3.06336e-06;0.979295;5.29443e-07;7.1928e-05;9.45252e-07;1.56556e-05;8.32186e-06;0.0145677;0.000486183;3.07698e-06;0.00509493;5.39408e-07;0.000316988;0.000135632
