3.80565e-07;0.00312903;2.4625e-10;3.25906e-07;5.21208e-08;3.73643e-07;1.88926e-08;6.23335e-05;4.46669e-07;7.50258e-09;1.75113e-07;6.88073e-07;0.996806;1.65826e-08
6.27688e-07;2.61426e-05;2.87922e-12;7.52981e-06;2.27051e-06;5.74759e-07;6.04474e-10;0.000140847;6.543e-07;1.2217e-08;6.11227e-07;0.999744;3.65535e-05;3.98108e-05
0.000218282;0.000250135;1.99008e-07;5.93392e-08;2.75283e-08;3.77809e-09;9.19084e-06;0.999346;6.95452e-05;1.04875e-08;7.76936e-07;8.16594e-09;0.000106204;6.72858e-11
2.07097e-07;4.134e-05;6.61264e-06;4.46653e-06;0.000656384;2.1966e-05;4.82831e-09;9.42137e-05;1.51958e-07;2.1328e-07;6.01606e-08;0.000816617;5.78543e-07;0.998357
2.09592e-05;0.998311;3.38868e-05;2.19487e-08;8.87778e-08;1.14991e-08;0.000316485;0.000438804;3.36449e-06;2.11262e-06;3.30843e-07;1.07946e-09;6.42654e-05;0.000809297
5.08205e-13;3.23582e-11;0.999999;2.05357e-11;2.32554e-12;9.61546e-12;2.78237e-12;1.24303e-13;7.54282e-12;3.76194e-12;6.70892e-12;5.01056e-07;4.04359e-15;2.61837e-09
1.42668e-06;0.993493;4.51291e-08;5.11483e-07;4.9847e-09;1.73162e-08;5.52235e-06;9.06822e-07;3.84438e-07;5.32085e-08;5.02935e-06;5.58923e-05;0.00643652;2.09624e-07
3.77292e-08;0.00402;3.74465e-07;1.68211e-08;9.9311e-09;2.91541e-08;6.42532e-09;0.0382262;3.48201e-07;1.23358e-09;1.53358e-06;0.957745;6.39874e-06;2.30294e-08
4.94299e-07;0.0272718;5.28015e-08;3.448e-06;1.15215e-05;0.0245416;4.9279e-08;0.0350822;8.5666e-07;2.31766e-07;3.64404e-06;0.000439675;0.912625;1.89426e-05
2.46869e-08;1.74531e-06;4.31884e-09;7.83824e-09;2.04686e-09;2.75048e-08;5.10003e-10;7.07114e-08;6.06874e-10;1.71408e-10;1.32325e-07;0.00182677;0.998171;7.15038e-10
9.47439e-05;0.030109;0.00255795;0.000216699;0.00113325;6.96017e-05;5.75632e-06;0.0130654;0.000127748;4.41517e-05;0.00203562;0.334652;0.61575;0.000138407
2.95058e-06;0.0413028;2.00568e-07;0.000129671;0.00093297;0.00226885;0.000138432;0.149764;0.00296712;0.000123671;0.0132111;9.18811e-05;0.789025;4.07296e-05
2.044e-06;0.980853;0.00117075;4.45098e-06;1.53052e-05;3.81648e-07;2.66173e-07;1.46879e-05;1.50113e-08;5.60014e-05;7.43038e-08;0.0178822;4.63483e-07;8.77792e-07
2.76534e-07;4.22784e-08;0.999899;2.48769e-08;2.24631e-08;1.37964e-09;1.14147e-07;2.58306e-09;1.25065e-06;7.23756e-09;3.14813e-06;9.58122e-05;2.06638e-10;1.63642e-09
8.56085e-06;0.00315093;1.32763e-07;1.14434e-08;2.39222e-08;9.9038e-10;2.76262e-07;0.996775;3.13232e-05;2.53789e-08;1.06424e-05;4.59553e-07;2.25379e-05;2.1576e-08
1.46071e-07;0.662566;1.1022e-10;1.10814e-07;8.9671e-09;1.83716e-08;2.88105e-05;1.00252e-07;1.37081e-06;7.74939e-05;9.04692e-07;1.20269e-06;1.85464e-08;0.337323
0.000195891;0.000964657;3.83594e-08;3.01149e-06;1.51025e-07;4.66966e-07;0.65958;0.000189994;0.265804;1.77274e-06;0.0709624;3.2972e-08;0.00229742;4.31482e-07
1.50601e-07;0.999947;7.31136e-11;2.30901e-11;1.13458e-11;1.02316e-11;9.53252e-10;8.08679e-08;7.63721e-10;1.24702e-10;7.90749e-11;1.39535e-07;5.23811e-05;1.48492e-11
1.35444e-10;4.33613e-06;2.01628e-10;2.40976e-09;2.80118e-07;9.43337e-09;9.38161e-14;1.02762e-05;6.18518e-10;3.90656e-11;1.18133e-11;0.999985;5.66207e-09;2.3655e-07
1.6559e-05;0.874372;2.08791e-09;2.96597e-06;1.00303e-05;3.04176e-06;2.60345e-06;0.000376776;3.22634e-06;5.48361e-07;1.11434e-05;0.000321289;0.123426;0.00145416
3.15871e-05;0.156117;2.97283e-07;0.000370568;4.03957e-05;0.000964882;9.03352e-05;0.0206233;0.000178414;3.54245e-05;0.000117541;0.0142075;0.807115;0.000106948
6.87274e-07;9.53238e-06;0.995838;4.6773e-06;6.24664e-06;3.65746e-06;1.14411e-10;2.92815e-06;1.02948e-09;3.48831e-08;9.01858e-10;0.00411407;2.78846e-06;1.6919e-05
0.00292183;0.611756;0.000545803;0.00226778;4.40291e-05;0.000198046;0.00224265;0.0405118;0.0942789;0.000157344;0.0369254;0.0554804;0.152659;1.0491e-05
1.00196e-05;0.414658;0.583257;2.03059e-05;1.56049e-05;2.59213e-05;9.69816e-07;0.000565092;1.104e-07;1.62139e-05;1.21839e-07;0.000156974;3.91186e-05;0.00123504
4.21306e-09;5.29874e-10;1;5.79592e-09;4.78081e-10;6.20518e-10;3.06327e-08;6.42267e-10;1.09931e-07;2.31486e-09;1.6149e-07;1.23401e-07;1.07545e-08;2.99363e-10
3.9262e-05;0.0302838;0.108914;0.000145496;5.22782e-06;4.81641e-05;3.67374e-06;0.859033;0.000633234;1.66172e-06;0.000225924;0.000526165;0.000115677;2.42691e-05
1.27355e-05;0.442476;0.00721286;7.30149e-06;6.60969e-07;0.000113045;4.8661e-07;0.0115458;7.70137e-07;4.15099e-05;3.93797e-07;0.010874;8.30222e-05;0.527632
2.13905e-05;0.00298003;4.27785e-09;1.86201e-06;6.00191e-06;3.9367e-05;2.5661e-06;0.6777;5.41646e-05;1.73116e-07;0.000261984;0.000164143;0.318665;0.000102411
8.94326e-05;0.32677;3.94956e-06;3.33187e-07;6.31579e-06;8.05038e-08;5.37587e-08;0.130186;3.01037e-07;4.77315e-07;2.89875e-08;0.153416;0.389481;4.66422e-05
4.63169e-08;0.000410061;0.00297062;1.37532e-07;5.24378e-06;5.03369e-06;5.7207e-10;4.9667e-06;1.20341e-08;1.76472e-08;1.3941e-09;0.995911;0.000692891;4.28857e-07
7.3592e-08;0.881737;4.12727e-11;2.1601e-05;1.23519e-05;2.97011e-06;0.113409;0.000143885;5.29072e-06;0.00194453;3.93822e-06;5.72306e-08;6.49229e-05;0.00265419
1.24513e-08;1.72454e-07;0.999996;5.67194e-07;7.44552e-10;1.81801e-08;1.34637e-06;5.88677e-08;7.0835e-08;1.1866e-08;2.61377e-07;1.693e-09;1.77679e-06;1.13119e-10
8.03743e-07;0.999904;4.35776e-06;1.04812e-05;3.58673e-07;1.66576e-07;1.08782e-07;1.96538e-05;3.70283e-07;1.54622e-07;8.37729e-08;5.76729e-05;8.22979e-07;7.07598e-07
0.000827372;0.171096;5.34619e-06;9.5987e-06;0.00570759;4.15218e-05;3.07733e-06;0.808364;5.41076e-05;3.11135e-05;1.82491e-05;0.000290111;0.0133357;0.000215616
7.98312e-06;0.995051;5.83064e-10;1.00962e-05;2.41046e-05;4.42699e-07;6.59795e-05;0.00121145;1.55139e-05;0.00175795;5.0257e-07;4.1731e-08;3.46915e-06;0.00185166
1.47224e-12;3.90008e-14;1;1.49168e-12;2.60918e-15;6.71741e-16;1.45366e-13;5.4577e-17;6.12703e-13;2.83724e-13;4.41786e-12;3.43088e-09;2.56614e-16;5.53954e-17
8.67068e-06;0.972235;1.3846e-11;1.92047e-06;2.05969e-08;1.17738e-08;0.027076;0.000116284;0.000345034;8.35346e-05;0.000118083;7.98684e-08;4.61141e-07;1.4295e-05
3.01095e-07;9.67092e-08;0.999963;4.30624e-07;1.87023e-07;3.8439e-07;8.59792e-06;7.50186e-07;1.15509e-05;1.02661e-07;1.41054e-05;1.16942e-07;3.16632e-07;2.38167e-07
2.4424e-08;7.84022e-05;4.18602e-10;8.2357e-10;2.01432e-08;1.02269e-07;1.99287e-11;1.20336e-05;7.65048e-09;2.13707e-11;4.0653e-09;3.31879e-07;0.999909;1.42164e-07
3.80324e-05;0.000363479;0.00712539;1.24488e-05;0.000515567;5.58445e-06;2.56363e-08;1.65983e-05;3.30731e-05;3.15812e-06;1.9627e-06;0.0320607;0.000568184;0.959256
0.00167859;0.918808;5.14768e-06;1.32028e-05;0.000377167;5.18604e-06;9.30769e-05;0.0089553;0.0181035;3.70859e-06;0.000503905;0.0029341;0.0462505;0.00226881
1.78852e-06;0.999344;6.79929e-11;8.27326e-07;1.87136e-07;5.24948e-08;6.53715e-07;5.58322e-06;1.94257e-05;4.29336e-07;1.65808e-06;0.000405513;1.65066e-05;0.000203607
1.57857e-05;0.97471;9.44274e-08;1.19052e-06;2.96335e-05;9.8494e-06;5.86495e-08;0.00122081;1.40661e-07;2.94425e-07;1.15187e-07;0.01558;0.00602816;0.0024036
5.03034e-05;0.123737;7.32131e-06;1.4253e-05;0.00809737;0.000109201;7.14663e-06;0.00405006;1.45085e-07;3.64319e-05;6.35843e-08;0.00113072;0.0355598;0.8272
6.56239e-06;0.00656615;3.91151e-06;9.18769e-05;2.08776e-05;0.00283629;1.56692e-05;5.72513e-05;1.48871e-05;6.44199e-06;2.4946e-05;0.000716334;0.989497;0.000141905
4.96881e-06;0.0034481;0.995715;4.76328e-06;2.32639e-07;2.00278e-07;4.96933e-05;1.77281e-07;7.03012e-08;1.352e-05;8.18294e-08;0.000754922;6.94183e-06;1.40024e-06
1.49489e-08;1.18643e-09;0.999998;1.22776e-09;1.69384e-10;6.31811e-11;9.40206e-08;4.3032e-10;1.97973e-07;5.56275e-10;4.87033e-07;1.06413e-06;8.55685e-10;9.818e-12
3.1536e-07;0.999522;6.50118e-09;2.79188e-08;7.43518e-09;1.67133e-08;0.000379491;1.07595e-05;9.17109e-07;3.89479e-05;7.03865e-07;5.69852e-09;9.03211e-06;3.77531e-05
3.29792e-12;6.58883e-12;0.999995;1.28636e-10;9.33293e-11;1.16761e-11;6.58749e-11;2.77224e-12;1.6498e-10;1.25453e-10;3.145e-09;4.82164e-06;1.16227e-14;5.07894e-10
2.23586e-06;0.0097301;3.40834e-09;1.21841e-07;2.27638e-05;3.25448e-07;1.08487e-05;0.985539;0.000223635;7.01959e-08;0.000213683;5.53436e-06;0.00425103;1.92028e-07
1.06284e-07;0.992993;1.05971e-09;6.1688e-08;0.000167413;8.05217e-06;9.15481e-05;1.99891e-05;3.16035e-08;0.000215754;5.04431e-08;8.61452e-09;1.38487e-06;0.00650227
2.37051e-10;7.92315e-10;0.999936;1.03069e-09;9.66102e-09;3.50517e-10;9.08594e-10;1.1817e-12;5.56089e-10;3.47653e-10;4.7688e-09;6.35433e-05;4.2933e-12;7.0849e-11
0.000915418;0.0184182;1.02999e-05;1.20168e-05;9.61486e-05;6.182e-06;4.5598e-05;0.917036;0.0493198;5.60877e-07;0.0102091;0.000242907;0.00368803;3.0507e-08
0.000192593;0.0564193;7.98215e-06;5.62564e-06;0.00173516;0.00608255;2.00562e-05;0.912081;0.0140207;6.8116e-05;0.000370493;0.00494926;0.00359713;0.000449761
5.25373e-05;0.0213558;6.63486e-08;2.22788e-06;8.56563e-06;4.79895e-06;6.66858e-05;0.0035383;0.000343193;5.41513e-06;0.000346719;0.00286152;0.971413;1.27946e-06
0.000143471;0.000287016;1.54797e-05;8.75097e-06;0.000287801;2.65734e-06;1.27412e-07;0.0260689;0.0018212;3.38609e-06;3.60604e-05;0.970368;0.000953826;3.24156e-06
0.000266318;0.0209455;9.56911e-07;1.05485e-07;8.24559e-06;4.78124e-07;2.57011e-07;0.977955;0.000620245;3.44604e-06;8.30458e-07;1.6889e-05;0.000169296;1.24634e-05
1.06805e-09;0.000409775;2.78046e-08;7.05411e-09;1.96102e-09;1.85555e-09;1.05153e-11;5.79615e-08;2.42856e-08;1.01712e-10;1.56495e-08;0.99959;1.73207e-08;9.54169e-08
4.1633e-07;0.995603;5.14546e-07;2.55779e-09;1.16777e-06;5.00625e-09;1.24119e-08;0.004079;1.06722e-08;5.10416e-09;2.68535e-08;3.18302e-06;0.000312871;3.03231e-07
3.95066e-10;0.00827844;3.70963e-15;3.47243e-10;9.64623e-09;2.05057e-10;2.41769e-10;3.27532e-09;1.65242e-09;1.045e-08;3.87275e-11;2.07053e-06;3.93306e-09;0.991719
0.000270752;0.00180218;2.68919e-08;2.10788e-07;1.05936e-06;8.35268e-08;0.00275536;0.0187582;0.97504;1.0373e-07;0.00130671;8.72028e-10;6.52724e-05;2.33129e-07
2.24136e-06;1.44419e-06;6.73268e-11;5.77175e-11;4.26438e-09;1.5831e-09;2.19512e-10;0.999925;2.5476e-06;6.60744e-11;6.16132e-10;4.21226e-08;6.84081e-05;6.12724e-10
3.34102e-07;0.000551833;3.44501e-06;3.65314e-06;0.001439;0.0001985;6.62157e-10;0.00134886;8.19375e-07;8.00273e-07;4.05711e-08;0.900811;0.000268136;0.0953735
1.13939e-06;0.00218586;4.43642e-09;1.64091e-07;4.53504e-09;6.66193e-10;8.53101e-07;0.00971755;1.59343e-05;2.5147e-09;3.35767e-05;2.98789e-07;0.988045;1.75841e-09
8.89009e-07;0.999753;3.71109e-06;1.04926e-05;5.48049e-07;1.1349e-08;5.24127e-08;0.000102575;4.52902e-07;5.26586e-08;3.69834e-07;3.64581e-05;7.49219e-05;1.67042e-05
7.94323e-07;1.69757e-05;1.55141e-09;2.70887e-07;7.22956e-07;1.1637e-09;2.10522e-08;0.99998;5.36166e-07;4.43254e-08;9.00203e-08;1.00511e-08;8.25335e-07;2.15137e-08
3.73388e-08;0.00278732;4.91933e-09;9.50032e-06;8.20579e-07;5.33915e-07;1.30338e-06;2.48358e-08;1.29043e-09;2.03634e-05;9.81808e-09;4.22594e-09;8.75254e-10;0.99718
2.02966e-08;2.20756e-09;0.999996;7.67716e-09;2.24652e-10;2.7919e-09;5.31671e-08;8.25224e-09;2.00026e-07;6.46643e-10;2.94301e-06;2.71441e-08;8.32225e-12;4.58291e-07
5.75122e-06;0.302697;1.92969e-09;3.22776e-05;1.4268e-05;2.71699e-06;9.0291e-07;0.549438;4.00435e-05;2.96855e-07;0.000563689;4.08462e-06;0.145849;0.00135311
2.13692e-05;0.0330638;1.22882e-07;2.45151e-05;0.000530066;6.23694e-07;3.15131e-07;0.950608;3.39183e-05;3.58962e-07;1.86552e-05;0.0144355;0.00110097;0.000162162
4.02424e-07;6.5042e-05;0.999422;1.19725e-05;5.6435e-05;3.334e-07;4.72659e-08;2.53048e-07;1.03923e-09;2.35947e-07;9.35186e-06;0.000424145;5.97249e-06;4.1274e-06
1.61124e-06;0.00449637;3.97733e-09;7.58756e-06;2.18792e-08;5.39184e-07;0.000379796;1.2178e-07;5.53145e-05;7.36859e-08;0.946253;3.61934e-05;0.0487668;2.4417e-06
9.3891e-06;0.934432;8.65604e-09;5.11357e-06;3.82752e-05;0.000692828;5.13094e-07;0.0641258;3.77125e-07;2.16619e-06;1.91081e-05;8.17592e-06;9.73558e-05;0.000568991
7.0536e-07;3.41012e-05;7.26403e-11;1.3135e-08;1.92252e-08;5.12994e-08;9.85405e-09;1.93056e-05;1.79555e-07;5.60321e-09;2.15635e-06;4.71758e-07;0.999943;1.09734e-09
4.50888e-06;2.25997e-06;2.41383e-07;1.41007e-07;3.29115e-05;2.24321e-08;1.03855e-10;2.25458e-05;2.35102e-06;6.48571e-09;4.16553e-07;0.999594;0.000340232;4.80783e-08
1.62872e-06;0.297861;1.91893e-10;1.29276e-06;0.000471245;4.38078e-07;4.1542e-07;0.701534;3.05321e-05;1.86096e-06;3.30183e-06;1.71877e-05;7.61185e-05;3.04592e-07
2.03925e-07;0.000500669;3.07906e-05;6.06679e-06;0.000284188;2.37646e-05;4.85008e-09;1.37981e-06;3.93515e-10;4.59309e-05;2.36786e-08;0.998785;5.51296e-05;0.000267119
6.33412e-06;0.996969;3.64463e-11;3.96316e-07;1.01302e-06;5.7394e-09;0.00039665;4.32186e-05;0.0001644;7.35738e-08;0.00240913;6.00983e-06;3.62169e-06;2.54345e-08
0.000304702;0.871787;0.118117;0.000117486;0.000348751;1.1716e-05;3.03418e-05;1.15709e-05;2.03677e-06;6.56362e-05;3.18457e-05;0.00450063;0.00458251;8.80512e-05
0.00042739;0.63749;2.15326e-06;9.55288e-07;0.00472106;7.35052e-07;7.87579e-05;0.347867;0.000787637;3.22304e-06;2.22968e-06;0.00736935;0.00121797;3.13436e-05
0.000365384;0.0568341;0.265865;0.0858922;0.134722;0.150803;3.09614e-05;0.00364277;0.00118262;0.000732244;0.000909102;0.118179;0.0511784;0.129664
0.0023841;0.995338;3.31863e-06;4.66714e-09;3.93392e-07;1.22308e-09;9.26261e-07;0.0021967;1.16728e-05;1.20012e-08;2.03584e-06;5.44022e-05;8.62299e-06;8.21609e-08
3.56377e-07;0.999745;4.86262e-10;1.2909e-08;1.06044e-06;3.72645e-09;0.000225839;4.31696e-07;1.8688e-06;7.31372e-06;1.0412e-09;2.10047e-10;7.5663e-07;1.68315e-05
1.21263e-12;2.00872e-17;1;3.56935e-12;5.79935e-12;2.50309e-14;1.62212e-12;3.07789e-13;3.28808e-10;2.79108e-13;1.67056e-11;1.07153e-10;6.03139e-17;2.33864e-14
5.04781e-05;0.00110495;4.57734e-09;3.72971e-05;8.50821e-08;2.50984e-09;0.000354933;0.000591493;0.877004;3.53932e-07;0.12085;1.7397e-06;4.37894e-06;1.03485e-09
2.75934e-05;0.99991;3.43329e-09;4.03795e-07;2.15014e-07;1.00325e-10;2.48227e-08;1.22505e-06;1.65607e-05;1.40467e-07;6.65854e-07;7.06448e-06;3.56696e-05;7.18086e-07
9.75613e-07;7.24582e-06;5.71407e-11;1.59369e-08;5.64707e-05;2.45957e-09;4.47281e-09;0.999935;2.46533e-07;4.52132e-08;1.29817e-09;7.15127e-09;2.44405e-07;2.29683e-07
1.76666e-06;1.16918e-05;0.999963;2.92782e-06;5.69867e-08;5.79408e-10;1.45535e-06;5.76903e-08;6.92409e-08;1.64339e-05;5.77941e-07;1.12214e-06;3.37803e-08;3.98045e-07
0.000563511;0.00143434;7.88506e-07;0.000123645;3.76873e-05;4.54135e-05;0.00314421;0.00650576;0.462997;9.34734e-05;0.523325;0.000816635;0.000862754;5.05967e-05
