9.71555e-07;0.990794;1.40006e-11;3.39842e-08;1.93395e-08;6.59187e-09;8.23347e-08;0.000221068;1.08079e-07;1.15782e-08;1.63439e-07;1.57542e-08;0.00898369;4.15072e-07
1.13625e-06;0.0019313;1.85429e-08;5.94523e-05;0.00500813;1.69142e-05;2.35935e-07;0.00104091;2.65458e-05;1.64914e-06;2.53726e-06;4.0615e-05;8.19305e-06;0.991862
0.000211416;0.776752;2.7164e-06;9.19696e-05;0.000359574;1.19748e-06;2.35215e-05;0.0520748;0.000136231;3.85755e-06;0.000931815;0.144234;0.0251689;8.05249e-06
3.16237e-05;0.0156286;2.24145e-08;1.62408e-05;0.000278662;7.95268e-07;1.24314e-06;0.000562091;7.08412e-06;7.68989e-06;3.27437e-05;0.968692;0.000856902;0.0138844
2.2537e-06;0.994662;1.16625e-08;4.25257e-05;2.67822e-08;1.74852e-07;7.00126e-05;1.18128e-05;2.65803e-05;2.5088e-06;0.000217359;7.95043e-07;0.00496367;8.41916e-08
2.00894e-05;0.000176155;0.00671581;0.00244184;4.43187e-05;4.88654e-05;4.33976e-09;5.30747e-05;2.7225e-07;1.15856e-06;1.69067e-05;0.990173;7.81969e-06;0.000300264
0.00079284;0.313846;1.61651e-06;0.000263852;3.09823e-05;1.24936e-05;0.000151348;0.00442328;0.000211737;2.13344e-05;0.00316015;0.0114971;0.665576;1.11253e-05
2.75083e-05;0.0234732;2.53024e-10;0.000181107;3.334e-05;0.000187714;9.03691e-07;0.00288287;8.04173e-05;4.3106e-06;8.31986e-05;0.000942482;0.971978;0.000125099
8.9089e-06;0.000102349;0.998792;5.89679e-06;8.47425e-08;7.12893e-09;3.7205e-08;4.36439e-07;8.67232e-08;2.42807e-06;1.14604e-07;0.00107161;4.35335e-07;1.5327e-05
0.000622126;0.00878862;9.25911e-06;3.40304e-05;7.48673e-06;5.68443e-06;0.000122894;0.00440701;0.814045;1.51657e-06;0.150315;0.00153453;0.020097;1.00293e-05
4.23136e-06;0.0534658;2.4496e-10;1.44984e-07;1.49404e-05;1.82881e-05;0.000204653;0.94112;0.00043534;6.43586e-05;5.11568e-06;1.19701e-10;0.00464626;2.10397e-05
1.50425e-09;1.00735e-10;0.999999;1.47523e-09;1.63587e-11;2.52865e-11;2.28794e-08;1.29094e-11;1.6006e-07;1.80186e-09;2.0191e-08;4.57885e-07;4.72241e-12;4.09264e-10
0.000387107;0.00187345;0.969586;1.78216e-05;5.08333e-06;5.56869e-05;7.18668e-05;0.0124337;0.00457156;2.40931e-06;3.70118e-05;0.0104654;0.000491984;1.13468e-06
0.000130744;0.121729;0.0010955;5.00429e-05;0.0637817;0.482598;8.68878e-09;0.000314459;9.2514e-05;1.07572e-06;4.4337e-06;0.00133679;0.205236;0.12363
3.81394e-06;0.030586;0.00065445;9.12618e-08;0.00129884;3.87033e-06;8.26056e-10;0.01587;1.12086e-07;5.62512e-08;1.3625e-09;0.0202368;0.930637;0.000709517
1.72842e-06;0.000731984;0.00158145;5.22958e-05;0.00772052;6.22859e-05;3.38192e-09;0.988934;2.56499e-05;1.44858e-06;3.9718e-07;2.23994e-05;0.000858598;7.30118e-06
