1.56695e-05;0.253764;0.378051;3.40571e-05;0.000563077;0.000389864;1.0498e-08;8.94099e-06;7.5139e-09;1.42268e-06;4.19916e-07;0.273695;0.0928947;0.000582566
9.4658e-06;0.674149;4.74454e-08;5.90054e-06;2.41114e-05;4.16487e-06;2.87975e-07;0.175366;4.06802e-06;1.37228e-07;2.32222e-05;0.110713;0.000971142;0.0387287
3.29949e-06;0.615214;2.11578e-08;2.32975e-05;0.075064;0.000419312;3.64605e-07;0.264326;7.09447e-05;1.51755e-06;3.57363e-05;0.000148487;0.044455;0.000237806
1.32557e-05;0.007829;2.08346e-08;1.02381e-08;5.29131e-08;1.03081e-07;7.76744e-06;6.50128e-06;6.88716e-08;3.96894e-07;1.31333e-07;1.82797e-06;0.992141;1.02867e-07
4.63051e-11;8.11185e-12;1;1.94412e-11;1.47779e-11;1.64207e-11;7.82101e-12;3.68902e-12;3.67519e-10;8.00102e-12;1.22337e-11;5.32522e-09;1.98361e-12;2.58429e-11
2.54816e-05;0.00637151;0.000407072;1.7652e-05;1.14709e-05;3.69021e-05;7.12724e-07;0.0215758;0.00174664;8.59595e-08;3.32555e-05;0.960844;0.000307493;0.0086219
1.36227e-05;4.96594e-06;3.37978e-08;2.34325e-08;3.94727e-06;3.97609e-06;1.60272e-07;0.99866;9.59947e-05;2.17767e-08;1.10137e-06;2.25693e-09;0.00121392;2.51643e-06
4.50203e-08;7.98701e-06;9.75161e-05;5.83749e-07;0.00311842;3.60209e-06;6.72097e-10;0.000181284;3.13251e-07;3.55452e-09;4.94072e-07;0.996468;2.30136e-07;0.000121466
1.10543e-10;1;5.51898e-12;9.98709e-12;5.52947e-11;7.88405e-11;2.77367e-08;6.15722e-08;4.86525e-12;3.73233e-10;3.66194e-12;2.0819e-14;3.55695e-08;1.29048e-07
9.18489e-13;2.09714e-11;0.999991;5.46124e-12;1.77031e-10;3.50356e-11;3.35343e-13;1.8735e-12;1.01066e-13;1.58748e-12;1.59999e-13;9.13e-06;2.57508e-12;8.64766e-12
2.27902e-06;0.0674155;7.03828e-08;0.000178971;0.0108302;0.000359926;2.51347e-05;0.319628;0.00025628;2.21507e-06;0.00111777;0.000387381;0.59977;2.63407e-05
3.00525e-06;0.987237;0.000662112;0.000665789;6.86132e-05;0.000138544;1.71432e-06;9.88329e-05;3.51878e-07;3.03109e-05;1.61375e-05;8.97031e-07;0.0110405;3.58337e-05
9.77956e-08;0.00153973;0.000246837;8.36753e-07;7.41413e-06;8.67127e-08;4.08186e-10;6.25839e-07;8.03305e-11;7.29866e-09;5.25805e-09;0.998203;2.03357e-07;1.27846e-06
2.54432e-05;0.968454;3.62995e-09;2.28541e-06;0.000201127;6.85149e-06;6.08919e-05;0.0282533;5.1551e-06;2.11814e-06;2.30405e-05;1.77097e-05;0.00294682;8.95259e-07
4.49247e-07;0.000173792;1.1725e-09;5.22514e-08;4.41107e-06;1.78248e-06;1.52338e-06;0.999181;5.80064e-06;7.12536e-07;2.37847e-07;3.95307e-06;0.000625808;2.68669e-07
1.17683e-05;1.44165e-07;4.35987e-07;2.95584e-06;7.254e-06;3.83769e-07;8.01498e-06;4.89201e-06;0.99775;4.648e-08;0.0021345;1.56309e-05;2.7464e-05;3.62994e-05
7.61939e-06;0.00120951;8.06223e-12;4.16123e-08;5.84436e-07;3.68425e-09;1.13579e-07;0.998565;0.0001488;6.15439e-09;5.17694e-05;2.33758e-08;1.64439e-05;2.75165e-08
2.87705e-07;0.99883;2.38688e-09;9.53206e-08;1.77026e-07;2.91324e-09;9.49355e-06;2.7948e-05;3.01526e-08;6.06699e-05;1.21204e-08;3.89583e-09;3.87226e-06;0.00106756
8.49005e-12;2.20962e-13;1;8.36948e-11;5.23586e-11;1.08401e-12;8.69899e-12;2.61336e-13;1.9185e-10;5.57393e-12;2.79624e-09;1.82702e-07;5.32957e-16;3.45491e-12
4.03538e-06;0.975561;1.4316e-07;5.44965e-07;7.86316e-08;3.66213e-08;3.40742e-05;0.0043289;5.66237e-05;2.65769e-07;8.91055e-05;9.43479e-08;0.0199254;1.89429e-08
5.75688e-06;0.000785108;0.000221989;0.00112299;0.0296241;0.00410544;1.33344e-06;0.00163469;0.000487072;6.15179e-05;0.0014724;0.862746;0.000131739;0.0976003
0.00063509;0.964216;7.70441e-07;0.000632162;9.19914e-06;2.55539e-06;0.0001661;0.00588064;0.0133607;8.6912e-06;0.00289234;0.00181412;0.0103274;5.40763e-05
6.22453e-05;0.990804;0.000215724;0.000215776;4.21067e-06;1.46307e-06;6.57504e-07;1.6833e-05;3.6056e-06;1.32698e-06;4.30087e-06;0.00693976;4.89893e-07;0.00172897
6.63766e-05;0.420215;3.97796e-09;1.94484e-07;1.01504e-08;3.02459e-08;1.71337e-07;1.87432e-07;7.31398e-08;7.42392e-08;6.93638e-07;4.82202e-05;0.579668;1.06137e-06
8.40919e-06;0.212514;0.000525367;8.64164e-06;0.000470111;0.000235095;6.36121e-08;0.0243625;3.36835e-06;1.01688e-05;9.53224e-07;0.237702;0.00292229;0.521237
4.40532e-05;0.619952;0.000168303;0.0021926;0.000157651;0.00531121;6.02175e-05;0.0898655;0.146056;6.779e-05;0.0814667;0.00490943;0.0491396;0.000609514
