6.20907e-06;0.994625;6.56757e-07;1.26149e-07;9.15256e-06;1.72008e-05;1.01485e-07;0.00305174;4.56532e-07;2.1236e-08;2.61108e-07;0.0011847;0.00107313;3.15648e-05
2.85878e-05;0.97677;1.51632e-06;8.79542e-06;0.000505785;6.78509e-06;5.25152e-06;0.0105743;1.18872e-06;2.91629e-06;5.14248e-06;0.0090235;0.00153115;0.00153491
1.6087e-05;0.00344818;1.44347e-05;2.77439e-05;3.4949e-05;2.95139e-06;7.01145e-06;0.000784317;1.34519e-05;9.31931e-07;2.78676e-05;3.64961e-05;0.000187018;0.995399
0.000541839;0.769263;0.000572012;0.000455463;2.61914e-05;2.67652e-06;7.1447e-05;0.00390776;0.00764682;3.32187e-05;0.00451306;0.102073;0.10965;0.00124224
6.32931e-07;0.993227;9.32143e-06;1.22646e-05;1.00768e-05;6.11126e-06;4.66838e-08;4.7323e-06;5.51888e-09;1.7033e-06;5.63186e-08;0.00118797;0.00553661;3.30386e-06
2.28486e-06;0.000379985;1.82327e-06;2.91711e-06;0.000237802;6.842e-07;2.0168e-07;0.00748267;1.54608e-06;2.85081e-07;1.71516e-05;0.991509;0.00031467;4.86193e-05
8.70188e-07;0.837675;1.16652e-12;0.000237582;0.000139498;0.0433193;4.05296e-05;0.000335942;1.62835e-05;6.15844e-06;0.000290742;6.13782e-07;0.116921;0.00101739
6.17507e-06;1.79187e-05;0.158271;6.62906e-07;1.88852e-07;3.62005e-07;1.55201e-09;9.48061e-08;7.70676e-10;3.45604e-08;7.22014e-09;0.841577;0.000122143;4.63363e-06
1.27026e-05;0.762823;4.30317e-06;3.59417e-06;6.00525e-06;0.000205587;1.32569e-06;0.149545;3.65884e-05;5.62706e-08;5.63257e-05;1.39198e-05;0.0684943;0.0187964
2.47233e-08;0.99959;2.00807e-09;3.04279e-08;1.81487e-09;1.27813e-08;6.71277e-05;5.64304e-06;7.98585e-09;1.11949e-05;1.28339e-08;1.49526e-09;0.000325295;1.05947e-06
1.19433e-09;5.19855e-09;0.999996;2.05494e-07;1.04063e-09;2.82684e-08;5.02488e-07;4.99513e-09;2.73865e-07;1.20664e-07;1.21853e-06;1.48187e-06;1.78542e-08;4.20529e-10
1.51928e-07;0.999927;1.68323e-05;9.81121e-06;3.61128e-07;4.76034e-08;5.43971e-07;6.89252e-06;4.05519e-08;1.97634e-07;3.45782e-06;1.0016e-06;3.34288e-05;7.72927e-08
2.78141e-07;0.0217887;2.0214e-11;3.02166e-06;8.28939e-05;9.55305e-08;8.97724e-07;0.977887;6.1025e-07;3.61849e-06;9.21257e-06;3.2543e-05;0.000190562;9.28466e-07
1.70228e-06;0.00150846;4.1099e-06;7.44169e-06;0.000111538;1.75056e-06;9.24069e-06;0.000804194;6.22319e-07;1.69309e-05;6.09835e-06;0.99007;0.00745437;3.47886e-06
0.00018455;0.611614;4.97842e-07;2.2608e-06;0.000106213;3.0959e-05;0.00285386;0.200616;0.00158924;9.68297e-06;0.000419621;1.36072e-07;0.182545;2.79999e-05
6.66975e-08;3.99702e-09;1;1.6256e-09;7.75119e-11;1.39269e-11;1.99623e-08;7.93045e-10;1.08534e-07;8.06706e-10;4.34817e-09;1.07866e-08;8.07088e-11;1.14282e-11
9.72623e-06;5.62532e-05;0.000180352;7.04623e-06;1.25497e-07;4.2339e-08;6.57734e-09;3.32686e-06;0.000602729;8.3092e-09;8.01996e-06;0.999131;2.15248e-07;1.17273e-06
5.10127e-05;0.982503;1.44227e-06;8.06896e-07;5.03272e-05;1.55514e-05;1.07884e-08;0.00553522;9.17209e-06;2.72824e-07;1.78678e-06;2.98257e-05;0.0118;1.79087e-06
2.99288e-07;0.503692;8.34749e-12;4.00891e-08;2.15861e-06;1.40412e-07;4.52955e-07;7.18761e-06;4.28305e-10;7.88823e-06;3.99023e-10;6.78958e-08;2.02785e-06;0.496288
7.14462e-13;2.72175e-14;1;5.0404e-14;5.94951e-13;2.11485e-14;2.06497e-14;1.33036e-13;3.96225e-14;1.06941e-13;2.94113e-15;6.38652e-11;2.43786e-14;3.12982e-16
4.78039e-06;0.000346478;2.41674e-06;3.1392e-05;3.44379e-06;8.37865e-06;2.20089e-06;0.949185;0.0344955;1.9399e-06;0.000539551;0.000172673;0.0152059;1.55119e-08
