1.32827e-06;0.999782;2.33428e-10;1.50964e-07;4.77915e-07;1.25956e-07;7.80684e-09;0.000120708;4.62311e-06;2.15143e-08;1.26017e-06;2.08784e-05;5.63383e-05;1.24284e-05
5.54829e-06;0.804759;4.03094e-08;1.06378e-06;7.17189e-07;3.18176e-07;5.71632e-07;2.37275e-06;1.05556e-06;2.63205e-07;4.10456e-06;0.00288507;0.192335;4.99153e-06
8.60351e-06;0.0949248;1.76358e-07;0.000300625;0.000417775;0.000531659;3.1542e-06;0.10922;0.000145649;2.14165e-05;9.20357e-05;0.792537;0.000988392;0.000808535
3.55575e-05;0.935848;1.04985e-05;4.957e-05;0.00893915;7.74708e-05;3.31072e-06;0.0536609;1.47608e-05;2.09167e-06;2.17295e-05;0.000276907;0.000506825;0.000553311
1.41088e-05;0.727859;6.30733e-10;3.90778e-06;2.86227e-06;6.20406e-07;1.29098e-07;0.000521639;2.44234e-06;9.87228e-08;1.08175e-05;0.26836;0.00322116;3.11875e-06
3.38761e-06;0.991547;3.41321e-11;3.95621e-09;1.83262e-09;3.92272e-10;1.33051e-08;0.00843057;6.34733e-07;6.73088e-09;3.12149e-08;1.76698e-06;1.63704e-05;1.69325e-08
2.98566e-07;0.000239657;1.87106e-05;3.10787e-09;2.27664e-06;5.42498e-09;1.80112e-10;0.00039038;3.87643e-08;6.05454e-10;1.05699e-08;0.999327;2.15776e-05;2.44517e-08
7.35538e-05;0.255081;3.82356e-06;1.98438e-06;1.58219e-05;0.000268391;2.09813e-05;0.00132305;0.000885754;2.76513e-06;0.00011895;0.00208525;0.739903;0.000215128
8.73476e-07;0.000108777;2.09482e-10;2.97273e-08;1.73134e-07;8.98498e-07;5.79929e-08;0.00179194;6.51355e-06;4.22449e-08;3.39279e-07;1.14735e-07;0.99809;2.5724e-07
3.38675e-05;0.000245963;5.38041e-06;1.21722e-05;3.7614e-05;4.18156e-06;2.12272e-08;5.6452e-05;0.000156028;1.11923e-06;4.98525e-06;0.999206;0.000233969;1.92128e-06
0.00013194;0.942243;0.00113034;9.81051e-07;1.18917e-07;7.9858e-09;2.35378e-06;0.00540641;2.11219e-05;2.53566e-06;1.73295e-05;0.0017674;0.049276;1.48347e-08
2.56659e-09;0.999884;8.49968e-12;1.07701e-06;2.17324e-08;8.42257e-10;2.26382e-06;1.51722e-08;1.75542e-09;7.37052e-05;9.93602e-10;1.23256e-07;6.19752e-10;3.84636e-05
9.86253e-09;2.41307e-09;0.999997;5.12378e-08;5.85126e-09;6.1824e-09;2.68865e-07;2.14023e-08;6.69304e-08;3.7337e-09;2.57751e-06;7.5494e-09;4.71718e-09;1.42706e-09
1.70284e-06;0.995906;1.76782e-10;2.1577e-07;4.58155e-08;3.56289e-08;6.05386e-06;0.0040211;2.12804e-05;1.04687e-06;9.8075e-06;8.25244e-08;3.26292e-05;1.72905e-08
1.6278e-05;0.000803747;1.26672e-07;1.32806e-08;8.59699e-08;1.2271e-11;4.91812e-08;5.28939e-06;1.05047e-05;1.4756e-08;8.15216e-07;0.999157;5.55478e-06;2.44069e-09
0.00253172;0.0260259;2.31331e-07;1.85609e-07;2.64854e-05;7.16543e-09;8.50348e-06;0.627613;0.343754;5.05614e-08;1.13469e-06;3.50867e-08;3.77916e-05;1.50227e-06
0.000270556;0.840054;0.000281578;1.004e-05;0.000354109;1.18018e-05;1.06014e-08;6.20487e-05;2.08273e-06;7.69249e-06;7.42265e-09;0.00868547;0.150148;0.000112908
0.00269197;0.215415;3.52388e-07;0.000111152;0.000104746;8.81679e-06;4.22369e-05;0.351295;0.054342;1.96921e-05;0.000168309;0.339729;0.0340102;0.00206165
0.000121662;0.979325;9.31222e-10;3.07622e-05;1.14387e-06;2.70356e-05;0.00432943;4.57003e-06;4.03101e-06;0.000914284;1.83324e-07;9.35592e-08;0.00100822;0.0142337
1.04213e-09;2.72464e-11;1;1.4746e-09;2.78187e-12;4.15276e-11;6.91982e-10;6.42283e-15;1.65419e-10;6.6006e-11;3.61914e-11;6.54091e-10;1.34004e-10;1.44068e-09
0.000844067;0.803582;0.00484359;0.000258524;0.00229016;3.47628e-05;5.14348e-06;0.17315;7.17129e-05;8.39825e-06;6.74053e-06;0.00818355;0.00655479;0.000166154
2.0794e-08;0.00056496;3.26763e-09;4.49835e-08;1.39215e-09;1.09498e-05;2.68614e-09;4.38134e-07;6.22881e-07;3.72844e-08;3.31513e-08;7.34673e-09;0.999423;1.49912e-09
5.08748e-08;2.0091e-06;0.983629;2.88453e-08;4.04089e-07;5.1332e-08;1.38736e-10;3.12027e-07;3.94936e-09;5.8964e-08;1.59408e-10;0.016368;1.77556e-10;6.51107e-07
1.02668e-05;0.589576;3.2036e-07;0.000785173;0.000320838;0.0077274;7.39714e-05;0.0413435;0.0190938;4.69506e-05;0.00385868;1.64603e-06;0.332774;0.00438749
