2.60451e-06;0.998405;6.55032e-10;5.14585e-09;8.06156e-11;2.13411e-11;4.93276e-07;3.25191e-07;8.58927e-08;1.69173e-09;1.99322e-07;1.06363e-06;0.0015898;1.6843e-10
1.49705e-06;0.926592;3.77869e-11;5.95124e-07;4.06897e-06;2.95105e-06;2.68081e-08;0.000908074;2.42164e-08;4.59322e-06;1.14077e-09;7.90357e-08;4.12869e-06;0.0724825
2.61008e-11;8.9149e-13;1;3.65018e-11;2.37903e-11;1.7702e-11;7.0832e-13;2.79274e-13;6.21656e-12;2.63463e-12;1.13943e-11;4.82621e-07;3.30187e-14;6.37237e-10
3.73666e-05;0.93937;2.8808e-09;1.65424e-05;6.73855e-06;7.478e-06;0.000218879;1.26287e-05;0.000162585;9.81137e-07;0.000683049;7.22287e-05;0.0371975;0.0222135
1.66678e-05;0.745246;0.00239301;5.25936e-07;7.63545e-06;1.63957e-07;1.04431e-05;0.0229328;2.72163e-07;5.84208e-07;1.03739e-05;0.227083;0.00229366;4.83792e-06
4.13707e-08;0.000931485;5.18029e-11;1.02818e-05;0.000184002;0.00835523;2.25287e-08;1.37772e-05;5.04079e-08;3.32875e-07;9.4234e-08;3.96757e-06;0.989983;0.000517801
0.000137473;0.000933239;0.901351;4.70814e-05;3.47333e-06;1.42757e-06;4.993e-05;1.09738e-06;1.46147e-07;0.000309171;3.95839e-07;0.0964577;0.000214923;0.000492806
1.61959e-08;1.0633e-08;0.999999;4.41779e-09;2.69158e-11;1.81844e-10;1.08445e-06;2.54759e-10;8.37188e-08;7.43886e-09;5.94736e-08;7.68313e-09;7.28048e-10;4.95834e-10
1.29921e-05;0.91619;1.80994e-06;1.79808e-06;2.50931e-07;4.69442e-08;3.65027e-06;0.0560275;0.000126015;1.84794e-07;0.000344017;0.00717128;0.0201206;1.06488e-08
4.08623e-06;0.305884;1.75307e-07;0.000453971;0.00183305;7.49401e-06;1.30799e-06;0.296836;3.34998e-05;7.11983e-05;4.28555e-05;0.388389;0.00630893;0.000135336
0.000200812;0.0143777;0.289018;0.0348609;0.000729889;7.89511e-05;4.31978e-05;5.43827e-07;8.66065e-06;0.00131974;0.0167682;0.610345;0.0251812;0.0070665
0.000126784;0.997696;1.56237e-05;1.43139e-07;2.20158e-05;1.2313e-08;4.39856e-08;0.00189896;1.55605e-08;5.2385e-08;1.27378e-08;6.55818e-05;6.58997e-06;0.000168127
1.33105e-06;0.00347451;2.451e-07;3.02816e-09;5.65364e-08;1.06408e-09;2.28973e-07;3.84088e-08;9.33155e-08;1.94653e-09;2.52753e-08;0.996491;3.24398e-05;4.9782e-10
7.0537e-07;0.00036847;1.85449e-11;2.22041e-07;7.81958e-07;0.000309308;1.72117e-07;5.55104e-05;3.44941e-05;3.06197e-08;1.40267e-06;0.00014415;0.998724;0.000360693
8.36278e-08;2.09015e-05;0.999863;1.98991e-08;3.01213e-07;9.14717e-08;2.83401e-10;2.74987e-07;2.22785e-10;4.07763e-10;1.16242e-10;0.00011142;6.03085e-07;3.08168e-06
2.53692e-05;0.0510062;3.90827e-08;6.80585e-06;0.00190746;1.48466e-05;0.000150341;0.936312;0.000129828;2.15543e-07;1.291e-05;3.69659e-08;0.0104044;2.99003e-05
2.99396e-05;0.0470554;0.947637;0.0025191;0.000283955;0.000782929;5.70884e-07;1.20833e-06;3.60295e-05;1.90451e-06;0.000304643;0.000296621;0.000738275;0.000312795
4.65858e-06;6.00582e-05;1.54236e-07;6.1124e-08;1.93411e-07;6.90317e-07;1.21456e-10;8.8121e-05;4.61429e-07;2.77731e-09;6.55113e-08;0.000267009;0.999579;2.61242e-09
1.90573e-05;0.00467408;0.00404635;0.000792408;0.00161413;0.000211607;4.85896e-07;0.0114978;8.07598e-05;2.37524e-06;9.34356e-05;0.976667;0.00013813;0.000162534
0.00290054;0.568173;0.000920915;0.0370611;0.00164547;4.91656e-05;2.16757e-05;0.372136;0.00085835;0.0010798;0.00416551;0.00330037;0.00500217;0.00268562
7.02162e-05;0.000154537;0.00191353;1.38453e-06;5.58205e-05;8.07809e-07;1.97183e-07;0.981843;3.66509e-05;8.40322e-07;4.63936e-06;1.69782e-07;0.0159185;5.80907e-08
7.83796e-10;4.13025e-07;0.999998;7.35589e-09;6.11384e-07;7.59026e-08;4.19951e-10;6.22108e-10;8.37264e-12;1.95333e-07;4.2239e-10;2.50741e-07;2.00931e-08;7.63947e-08
1.54515e-06;0.995784;4.97268e-07;1.09313e-05;7.44078e-06;1.30212e-05;8.55336e-06;0.00201854;0.000173127;1.87331e-06;0.000637962;0.000699932;0.0004766;0.00016625
