1.23385e-06;0.986624;7.25673e-10;4.74347e-09;1.0574e-10;7.33358e-10;5.99752e-08;2.32173e-07;6.56372e-08;1.67043e-09;1.04547e-07;3.83369e-05;0.0133361;1.8299e-10
5.50725e-06;0.00357871;7.6222e-05;2.20725e-05;0.0017825;0.00216173;4.668e-08;0.0386242;1.42585e-05;1.64058e-05;3.92339e-07;0.938685;9.40452e-05;0.0149393
1.29021e-05;0.871044;9.18078e-08;8.36476e-06;1.44758e-05;0.000160906;3.4154e-07;0.000116726;1.98431e-06;1.92112e-07;1.18915e-05;0.0598074;0.0687232;9.72839e-05
9.80654e-07;0.00386134;2.21911e-07;9.91105e-08;5.0787e-07;9.00387e-10;3.71172e-07;9.83953e-06;4.05287e-07;1.02964e-08;4.9707e-07;0.99612;5.69279e-06;1.7628e-07
0.000429548;0.769669;1.42022e-06;3.30348e-05;0.000402977;7.4633e-06;0.000729605;0.0376689;0.0100395;4.17582e-06;0.0028075;0.0149709;0.163232;4.27547e-06
0.000457247;0.0577569;5.66e-11;2.78173e-06;5.55812e-05;3.50395e-05;3.29002e-05;0.237978;3.84644e-05;4.11429e-06;1.48698e-06;7.82021e-05;0.703559;1.07419e-06
1.27509e-09;2.08884e-08;1;5.43391e-10;2.17677e-12;1.27402e-10;2.18959e-10;7.95734e-12;7.06449e-09;1.01235e-10;1.67304e-10;1.59697e-08;9.09606e-10;5.69577e-11
6.07474e-08;8.35962e-06;7.20954e-06;4.78377e-08;1.31689e-08;2.46837e-08;1.37152e-10;2.5607e-06;1.79095e-06;2.49242e-10;1.24718e-07;0.999979;4.77716e-07;1.01217e-07
5.04303e-08;0.999622;3.2505e-09;3.31137e-10;2.05301e-08;2.30379e-08;6.589e-09;2.62556e-08;8.0186e-10;3.20087e-09;1.35314e-09;1.1926e-06;0.000376139;5.0814e-08
1.22725e-08;0.000157838;1.04174e-05;8.80235e-08;1.48799e-06;3.62825e-07;6.24754e-09;0.00013565;1.77139e-07;7.62499e-09;1.44231e-08;0.999136;6.0667e-07;0.000557222
1.93561e-05;0.523382;2.31607e-08;1.13811e-05;9.27145e-05;0.000719705;4.59155e-06;0.426156;0.000695631;2.90044e-08;1.28278e-06;7.04841e-07;0.0484445;0.000471976
9.5628e-06;0.157349;3.06526e-08;3.24244e-06;2.46086e-05;2.64092e-05;2.64487e-09;0.169489;7.31967e-08;2.36627e-07;1.51828e-08;0.000692855;0.672405;1.62939e-07
2.13463e-07;0.932454;3.89219e-10;4.77416e-06;4.55908e-06;4.15095e-07;2.99639e-06;9.92813e-06;1.22133e-11;0.000787175;1.71427e-10;3.98372e-07;7.37828e-07;0.0667347
1.68412e-13;6.36846e-15;1;5.44646e-13;2.2817e-14;1.68456e-15;1.17693e-11;4.24426e-16;2.01191e-14;7.24578e-13;7.41992e-13;2.72331e-09;2.39114e-16;1.50396e-16
1.64934e-09;2.56497e-05;9.77636e-11;1.31065e-08;3.83629e-11;2.27793e-11;0.999853;3.66552e-10;5.02377e-07;0.000120083;8.44951e-07;6.83789e-12;6.73215e-10;6.23029e-10
2.75568e-09;3.44029e-10;0.999978;6.99522e-08;1.03912e-09;6.02991e-09;3.97208e-06;1.51824e-10;1.21622e-05;1.18111e-08;6.22438e-06;1.52686e-08;1.44923e-11;2.65108e-11
3.16462e-07;0.999798;6.3194e-08;3.94718e-08;1.59941e-08;2.71109e-09;7.37257e-09;7.80152e-06;8.68835e-09;1.76076e-09;1.13564e-09;6.91148e-07;0.000192589;4.49301e-09
1.41982e-05;0.973042;1.02445e-07;1.47176e-05;5.41763e-06;2.89045e-06;2.67979e-05;0.0034979;0.000180148;1.07669e-05;1.41597e-05;0.000460722;0.0226284;0.000102239
6.89192e-05;0.667884;8.01927e-05;0.000105454;0.000684656;4.67272e-06;0.000892853;0.0395801;3.40822e-05;0.000138335;0.000214196;0.289049;0.00108311;0.000179815
7.87784e-06;0.0953948;1.02859e-09;0.000309838;2.15512e-05;1.77431e-06;4.78597e-06;0.000229547;3.41818e-05;5.85902e-07;0.000131295;0.903028;0.000757403;7.85629e-05
0.000348429;0.554255;2.89263e-07;5.1926e-06;1.99809e-06;1.2949e-08;1.62036e-05;0.349424;6.40394e-05;3.71496e-07;0.000145359;0.00731041;0.0884291;7.67482e-08
1.83925e-05;0.981537;1.55224e-10;2.24527e-05;1.76049e-05;4.3954e-06;0.00118572;8.68778e-05;3.46627e-08;0.00809248;1.01159e-08;2.802e-08;1.6635e-05;0.00901788
8.28348e-11;1.95649e-13;1;1.68733e-10;1.26832e-12;1.50664e-12;4.53146e-12;6.32899e-14;3.36716e-09;1.35062e-12;9.68518e-10;2.16747e-08;1.28429e-13;2.37177e-12
7.41853e-05;0.142816;0.000324175;4.668e-06;1.96186e-06;0.000228726;3.23948e-07;0.811786;6.2547e-05;3.11013e-07;8.59548e-06;0.0386042;0.00592463;0.000163629
8.63375e-08;0.999761;1.23351e-09;2.34041e-08;1.27421e-08;6.64081e-08;0.000165311;3.87525e-06;9.51214e-08;2.06569e-05;1.41004e-07;7.62884e-11;6.20849e-06;4.22349e-05
9.5924e-11;8.81115e-09;0.999986;2.50726e-09;1.7442e-10;6.28445e-10;1.3364e-08;9.73805e-11;9.70154e-09;1.70735e-09;2.02167e-08;1.37863e-05;2.88631e-11;2.13439e-10
4.81981e-06;0.990906;2.88075e-06;4.60407e-08;5.74067e-09;2.31851e-08;1.04728e-05;0.000131023;3.84259e-07;8.92619e-08;1.46238e-07;0.0016752;0.00726873;2.53228e-09
3.12778e-08;0.000198181;9.35858e-06;4.53236e-06;0.000312149;0.000191961;1.51175e-09;0.0021641;4.18894e-07;2.238e-08;4.79366e-07;0.9924;0.00010638;0.00461247
1.2191e-09;0.999982;3.16118e-13;8.00397e-11;2.4073e-12;4.92903e-12;1.38847e-07;2.63419e-09;4.59219e-13;1.87574e-09;3.38732e-11;8.66363e-12;1.77145e-05;1.15316e-08
1.82207e-12;1.82818e-10;0.999991;7.26155e-12;1.51513e-11;1.66309e-12;9.83259e-12;2.77354e-11;1.2657e-13;1.25753e-11;1.85505e-13;8.77304e-06;5.23717e-13;6.88762e-12
6.60959e-09;0.000544334;9.24453e-10;1.63375e-07;1.86591e-09;3.93799e-09;0.998352;3.07826e-08;7.12622e-07;0.00110029;2.01385e-06;8.66578e-12;6.61196e-08;8.47779e-07
1.81589e-11;3.04877e-12;1;4.03938e-08;4.49612e-10;7.07727e-09;2.11493e-09;6.93794e-12;1.2767e-08;6.30974e-10;1.25848e-07;1.32186e-07;9.32742e-13;3.71778e-11
6.15212e-07;0.999695;1.00511e-07;3.84011e-06;6.1568e-08;1.31566e-07;8.34055e-09;0.000199531;3.23507e-09;1.42599e-08;7.49366e-08;2.82735e-08;9.98367e-05;1.77495e-07
4.46744e-05;0.878657;1.35775e-06;0.000120204;4.65561e-05;6.49224e-06;1.31797e-05;0.00453928;3.05913e-05;3.9513e-06;0.00154666;0.10963;0.0050056;0.000355161
7.99212e-06;0.992444;3.46107e-05;1.59951e-05;6.78221e-06;2.44229e-06;0.000218892;0.00104403;1.52267e-05;3.73858e-06;0.00149327;0.00077541;0.00390924;2.82688e-05
0.000395496;0.197964;0.0123526;0.0131227;0.0056915;0.000651344;4.99453e-05;0.681116;0.000532604;2.05791e-05;0.00687617;0.0733155;0.00417187;0.00373943
0.000213071;0.729262;1.02557e-06;1.4172e-05;2.37667e-06;1.94912e-05;2.54492e-07;0.0265008;1.38194e-05;1.01717e-07;0.000306655;0.00467963;0.23864;0.000346829
6.89579e-05;0.83468;9.31951e-07;1.58048e-06;4.04632e-07;3.62436e-07;0.000112395;0.00393251;8.88386e-07;6.06702e-06;6.2046e-05;1.71223e-08;0.16111;2.41751e-05
4.86995e-13;3.74628e-13;1;1.46231e-12;1.70566e-12;1.511e-13;2.80265e-12;1.05816e-12;9.55668e-13;1.10262e-12;3.67361e-12;9.72369e-11;1.13769e-14;3.68717e-14
2.80732e-05;0.225005;9.03508e-07;0.000537397;0.000292047;0.000345738;0.000387938;0.00440683;0.00450788;9.78077e-06;0.0562029;0.000461291;0.707712;0.000101961
6.1757e-06;0.975393;0.0212467;6.64467e-05;1.15954e-05;1.74062e-06;7.1329e-05;5.42041e-08;3.20202e-08;0.0001103;1.52554e-06;0.000336215;8.13366e-05;0.00267304
1.05513e-11;5.12386e-12;1;1.00737e-11;1.94041e-12;3.71928e-13;5.6477e-10;2.55891e-12;2.27739e-11;5.69277e-12;1.42638e-10;7.2699e-09;2.14909e-13;8.74546e-14
4.00664e-05;0.1883;2.13413e-05;0.000284248;0.00130462;0.000252886;0.00330981;0.697633;0.0235096;0.000548109;0.0264557;0.0086134;0.0496315;9.57269e-05
6.9974e-05;0.508747;0.0886709;0.0243276;0.0252276;0.00203046;0.000415785;5.34477e-05;0.000139546;0.00245647;0.0411374;0.00035811;0.305683;0.000682148
4.0405e-05;0.983845;0.00346831;2.05232e-06;3.16395e-07;2.9836e-08;2.04881e-07;8.33324e-06;5.27883e-08;1.46536e-07;3.16666e-06;0.00847934;0.00414734;5.07806e-06
0.000408531;0.859068;4.85291e-07;0.00100395;0.00463607;0.000996042;0.00256818;0.00896226;0.0293693;0.00012799;0.0743788;0.014584;0.0012894;0.00260684
0.00025357;0.966893;0.000113723;3.74879e-06;1.05109e-05;5.10797e-07;5.7488e-06;0.0170425;4.94982e-05;7.40647e-07;0.000332529;0.0135446;0.00169537;5.39921e-05
1.19562e-05;0.984807;4.04228e-10;2.37593e-05;2.78071e-05;1.30065e-06;5.91518e-08;0.000937738;2.38022e-05;1.46574e-07;8.52197e-06;0.0119597;0.000533502;0.00166501
5.2416e-06;0.999396;5.91816e-12;4.86847e-09;6.16788e-09;2.47089e-10;2.88711e-07;0.00054951;5.62655e-06;1.034e-08;1.0434e-07;2.94802e-08;4.36372e-05;1.63449e-08
1.37343e-07;1.56472e-05;0.000211568;7.55493e-08;0.00112826;8.21457e-06;3.00521e-10;2.93569e-05;2.39225e-09;1.07507e-07;5.21676e-10;0.998584;1.30916e-05;9.51669e-06
3.49489e-06;0.985322;2.09213e-10;5.95832e-09;1.23709e-07;1.49717e-07;2.99345e-06;0.0145095;3.07403e-05;2.65492e-08;7.5885e-07;1.57633e-10;0.000129354;6.0147e-07
3.00988e-09;1.51588e-08;1;1.88281e-09;7.9752e-11;4.52402e-10;1.35566e-09;5.47976e-09;4.45799e-07;2.7582e-10;6.80965e-09;1.77807e-08;1.0703e-09;1.0924e-11
1.03827e-06;0.000113906;0.000704547;5.62811e-06;2.10191e-07;4.24532e-06;4.13647e-09;0.000187222;0.000577975;7.84025e-09;7.12707e-06;0.998393;3.2931e-06;1.39684e-06
1.86107e-06;0.968362;1.88875e-10;1.55484e-07;1.65353e-05;9.42471e-06;7.77373e-09;0.0306022;1.01366e-05;7.9399e-08;2.40064e-07;1.10576e-07;0.000995736;1.5699e-06
1.48454e-06;0.00147225;7.26456e-08;2.53263e-07;0.000162154;1.56587e-07;1.6592e-09;0.000152372;7.30503e-08;1.22427e-07;6.51172e-09;0.995734;0.00246819;8.98845e-06
3.45456e-05;0.0988787;2.77185e-09;3.33858e-06;0.000996268;1.99431e-07;4.63658e-07;0.899801;5.03701e-05;8.48679e-08;1.25297e-07;7.86213e-05;0.000156788;8.69809e-08
0.000285808;0.606186;0.00456314;3.47828e-05;0.00342408;0.00317882;1.81924e-08;0.0211993;4.983e-09;2.22704e-05;1.82341e-09;0.197495;0.162821;0.000789423
1.09516e-05;0.0775197;1.6509e-05;7.85228e-06;0.000156677;1.04424e-05;4.64285e-08;0.621651;1.44304e-06;1.40871e-07;1.0221e-06;0.296873;0.000169935;0.00358073
2.49425e-06;0.990982;5.21384e-09;1.90924e-06;8.61991e-08;6.58035e-08;0.00804773;0.000515757;9.17603e-06;0.000420707;4.43636e-07;1.0634e-08;1.92628e-05;4.63416e-07
2.75105e-11;1.35551e-11;0.999903;1.03043e-09;2.95974e-10;4.24597e-11;1.11529e-11;2.26419e-12;4.31899e-11;5.20515e-11;4.02607e-12;9.72982e-05;2.3809e-15;6.4017e-11
0.000493073;0.220602;1.08727e-05;1.44676e-05;0.0013453;3.43107e-05;0.000111739;0.777016;8.99932e-05;3.56461e-06;7.82495e-06;0.000142764;5.85238e-05;6.96919e-05
3.41485e-06;0.18626;1.23661e-07;1.64692e-07;8.61292e-09;7.71525e-09;0.811878;6.05218e-07;2.61744e-05;0.00179869;2.61279e-06;1.0757e-09;8.04476e-07;2.98117e-05
5.92451e-11;1.59266e-12;1;5.50558e-10;2.03379e-11;3.44629e-10;2.16473e-10;4.3543e-13;7.54714e-09;2.08411e-10;5.30933e-09;5.40927e-08;3.76038e-13;1.51065e-10
5.39558e-06;0.980385;6.86316e-09;1.51849e-07;3.83992e-09;3.74512e-09;8.61569e-06;6.09852e-06;6.91241e-06;2.8066e-08;2.66352e-05;0.000310906;0.0192501;3.01871e-09
3.32266e-06;3.9701e-05;3.2944e-09;4.15027e-06;7.1092e-06;7.82284e-06;6.46232e-08;0.999847;5.99807e-05;3.19075e-07;3.23641e-06;1.56212e-05;1.15012e-05;3.34995e-07
1.3329e-05;0.729726;7.83545e-06;0.000460487;0.000752372;0.025814;5.27399e-07;0.000575491;1.85825e-07;3.25216e-05;1.75442e-06;0.00336229;7.54237e-05;0.239178
0.000312691;0.00420477;8.51513e-06;0.000650821;5.10004e-07;1.38002e-05;0.00136783;0.000176358;0.00143338;2.08611e-05;0.746707;0.00786687;0.236461;0.000775728
8.82559e-06;0.970403;5.30084e-07;6.39472e-07;1.02003e-07;4.21282e-09;1.174e-07;0.0195741;5.97621e-07;4.60007e-07;8.83457e-06;0.00991871;8.33374e-05;7.39123e-07
8.5181e-07;0.951007;3.77345e-05;2.79355e-07;5.99973e-07;2.16826e-06;9.35208e-07;0.0222575;4.27687e-07;5.41348e-06;9.93131e-07;2.10081e-05;0.0264864;0.000178331
8.20009e-14;1.45869e-12;1;1.81434e-10;1.61372e-11;4.30398e-12;4.85896e-12;2.51824e-14;7.72277e-12;6.11074e-11;8.7992e-12;4.99232e-12;9.68268e-13;1.66628e-10
2.27503e-07;2.25819e-07;0.998768;6.72665e-06;1.19975e-06;6.97214e-07;7.12161e-07;0.0012009;5.68658e-06;6.62836e-08;4.60871e-06;7.36021e-06;1.7406e-08;3.21627e-06
1.48695e-06;8.26287e-05;1.94254e-05;8.64938e-07;4.3267e-06;0.000832407;2.0658e-08;0.00113523;3.2689e-06;1.18849e-06;9.58761e-07;2.78604e-05;4.05106e-06;0.997886
3.68689e-06;0.000103443;2.55492e-07;9.38277e-07;4.99284e-06;7.24236e-06;8.49004e-08;0.988924;1.50658e-05;9.27761e-08;1.78199e-05;7.15018e-05;0.01085;1.14451e-06
7.89119e-06;0.666694;4.52837e-08;6.49983e-06;2.54784e-05;2.02485e-06;3.43956e-08;0.331791;1.27871e-05;1.21615e-06;4.76089e-07;0.000344402;0.00110827;6.1115e-06
1.4425e-06;0.00032251;1.04626e-11;8.27315e-05;1.68186e-05;1.92667e-06;1.04097e-09;0.00103369;2.23511e-06;3.03378e-06;5.79999e-07;0.99851;1.04833e-05;1.48898e-05
0.000808511;0.99791;1.56462e-11;1.77351e-07;3.05439e-10;7.11015e-09;1.51182e-05;2.3091e-06;1.50333e-05;1.91346e-07;4.06707e-05;9.4548e-06;0.0011983;2.07323e-10
7.6761e-05;0.00480405;7.08115e-11;5.31787e-07;5.84845e-05;4.35906e-07;2.26443e-07;0.00538586;7.24256e-07;1.09289e-07;6.83133e-08;0.988684;0.000983889;4.61348e-06
0.000141757;0.871894;5.73809e-05;1.1916e-05;0.00987993;0.000112733;2.59368e-08;0.0182157;2.30397e-06;1.91244e-07;1.91278e-07;0.0590575;0.0386549;0.00197179
4.59918e-05;0.154964;4.87008e-06;8.4937e-05;3.61183e-05;0.00021265;1.89717e-06;0.00366021;4.65726e-05;4.85983e-07;7.45226e-06;5.47569e-05;0.834154;0.00672615
5.16247e-07;1.06847e-05;1.99824e-09;3.10338e-07;1.24574e-08;2.11423e-08;1.44808e-07;0.000465484;1.62403e-06;7.2376e-09;1.50654e-06;3.50819e-08;0.999519;2.29726e-07
7.12648e-06;0.000527678;1.20354e-06;2.14837e-06;2.86979e-06;9.47788e-08;4.33115e-08;0.00025294;7.58479e-06;1.26153e-07;7.4561e-06;0.998985;0.000127289;7.82493e-05
1.86964e-08;0.999975;2.31005e-10;1.20665e-08;1.43493e-10;2.34718e-10;1.23908e-05;7.22804e-06;6.96193e-11;6.52256e-07;3.92731e-10;1.67295e-09;6.08463e-08;4.21991e-06
6.07978e-13;1.4751e-13;1;9.9575e-11;3.82714e-13;3.3968e-13;9.89515e-11;2.3876e-14;1.09124e-10;1.13907e-11;1.1524e-09;7.85585e-09;1.12176e-14;2.82199e-12
2.5187e-06;0.997503;4.60249e-09;6.17528e-07;4.23968e-08;5.85082e-09;2.38656e-06;5.25606e-08;4.74825e-09;1.18199e-07;7.22455e-08;5.38087e-07;0.00249066;3.75737e-09
4.75111e-08;1.86732e-05;6.58712e-07;3.62373e-09;8.8386e-09;8.10622e-11;2.71879e-10;4.23338e-05;1.14688e-08;3.45437e-11;2.01866e-07;0.999938;2.56561e-07;9.2838e-08
9.77111e-08;0.983046;1.51925e-07;1.05443e-05;0.004293;3.25692e-06;3.74607e-09;0.0124614;3.65982e-08;1.54745e-07;1.80912e-08;5.11082e-05;0.000111985;2.19049e-05
1.4148e-09;7.65078e-07;1.00238e-10;1.11357e-09;9.60126e-12;1.66701e-07;1.28301e-10;1.35469e-10;3.1574e-10;1.62883e-10;3.31443e-10;3.83452e-10;0.999999;1.42456e-10
5.9186e-09;9.21675e-08;0.999998;3.07939e-09;8.49176e-10;3.45418e-10;4.38492e-12;9.01708e-09;8.65134e-12;1.78301e-09;4.14704e-12;1.50733e-06;4.47012e-10;4.20377e-09
1.68945e-07;0.996625;3.00321e-08;7.28132e-06;1.16399e-07;4.17094e-06;3.66983e-07;0.00303195;1.26424e-05;4.71776e-07;2.01072e-05;2.44725e-07;0.000283977;1.29858e-05
