4.88872e-07;0.999978;4.94502e-06;1.906e-07;7.93794e-08;3.87887e-09;1.22509e-09;8.60482e-07;9.59105e-10;8.88541e-09;1.66039e-09;3.67702e-06;1.13456e-05;1.33287e-08
1.85492e-05;0.997075;1.2215e-09;7.16371e-06;0.000150869;2.60747e-06;5.87979e-06;0.000778273;1.43672e-05;3.49748e-06;2.39125e-05;0.000890333;0.000884594;0.000145299
0.000152142;0.979206;4.74168e-05;1.46782e-05;5.63911e-05;1.54129e-06;3.24182e-05;0.00272394;2.33836e-05;3.79228e-06;5.81143e-05;0.0111622;0.00311164;0.00340642
9.56632e-07;0.00870156;5.65766e-09;1.29003e-07;8.17168e-07;8.79561e-08;7.15998e-09;3.19689e-05;5.42756e-08;5.64367e-10;1.17252e-07;0.99123;3.24421e-05;1.59007e-06
2.29038e-06;0.999455;2.448e-10;5.97196e-08;1.04486e-08;3.90995e-09;0.000308908;0.00021179;4.49983e-07;6.35479e-06;5.44472e-08;1.09157e-11;1.16022e-06;1.38589e-05
9.2882e-11;2.26629e-11;0.999998;6.8675e-09;4.96315e-10;1.17974e-09;9.5088e-12;4.26531e-13;1.16896e-09;5.40421e-11;3.80955e-09;1.74853e-06;1.40322e-12;1.70052e-10
3.3311e-06;0.945249;3.93575e-07;9.37035e-08;1.99709e-07;7.40882e-06;5.18392e-08;0.0538676;9.41471e-08;1.77021e-07;6.14089e-09;5.33026e-05;0.000672541;0.000145396
1.60842e-09;0.000185357;3.44299e-11;3.15038e-08;2.39574e-09;4.81148e-07;1.41094e-08;8.58319e-07;4.57912e-09;9.06682e-08;8.23629e-08;6.18131e-08;0.999813;3.18933e-08
2.44656e-07;0.000183413;2.40125e-08;6.7991e-07;6.47451e-07;2.25063e-09;8.9517e-10;5.44094e-07;1.01833e-07;1.9777e-07;2.18015e-07;0.999691;0.000122929;3.16883e-08
1.52932e-07;0.000283301;6.06592e-11;1.13677e-08;6.04311e-05;4.71625e-10;7.63464e-09;0.999656;2.64331e-08;2.85532e-08;6.05914e-10;1.00227e-07;9.28703e-10;2.94988e-08
3.85338e-07;0.000874536;0.997338;2.09879e-06;0.000120024;2.12357e-05;4.10691e-08;2.21837e-05;6.06023e-09;5.30403e-07;9.35216e-08;0.000841636;0.000775863;2.83316e-06
5.22349e-07;0.997256;1.99083e-09;1.42568e-09;2.84316e-08;6.65968e-10;2.06723e-05;0.00267291;1.11826e-09;9.27306e-08;1.34392e-09;1.3689e-09;1.64974e-05;3.31085e-05
1.25701e-10;7.81382e-11;0.999997;1.35576e-10;1.28406e-09;7.21775e-12;9.77515e-11;2.35067e-11;2.91105e-09;3.1507e-12;8.75439e-11;2.72702e-06;4.29009e-12;1.56053e-10
5.07704e-05;0.355952;3.57351e-06;6.16806e-06;5.5637e-06;1.18763e-06;1.37467e-06;0.262153;0.0203463;4.03828e-07;0.000595365;0.00138623;0.359492;5.89562e-06
1.05574e-06;0.999062;8.42883e-05;3.61117e-07;1.24265e-08;5.03494e-09;0.000634219;1.29482e-05;4.82462e-06;4.40459e-05;1.87732e-05;0.000108082;2.35793e-05;5.53914e-06
6.07618e-10;3.36471e-08;0.999999;6.90971e-08;4.76174e-07;3.59656e-10;2.71416e-07;4.62794e-07;3.34518e-08;1.09941e-07;6.46457e-08;1.953e-08;6.95508e-12;1.90119e-08
0.000175379;0.291103;0.47694;0.00204625;0.000693036;0.0001914;0.000614747;0.00164279;0.000145403;0.000161226;0.00175545;0.0165615;0.207962;7.35025e-06
0.00012923;0.787522;2.13142e-07;0.000179003;5.21032e-05;1.18501e-05;9.20678e-05;0.147005;0.0246402;1.62182e-05;0.0361109;0.00185926;0.00198424;0.000396955
0.000239618;0.951591;0.000258849;0.00266871;0.00287599;0.000123131;2.3175e-06;0.000163318;2.78619e-05;2.4463e-05;1.83129e-05;0.00460029;9.82248e-05;0.0373083
0.0234033;0.336423;3.48876e-05;1.81023e-05;4.76509e-06;2.76444e-06;0.000474265;0.546782;0.000826413;1.13985e-05;0.000147108;0.00035764;0.0915013;1.29649e-05
1.29343e-06;0.000603539;7.20759e-06;7.93727e-06;7.51937e-06;2.69539e-06;4.37719e-07;8.07114e-07;4.19475e-05;1.4578e-07;0.00035283;0.998704;2.74119e-05;0.00024231
1.62171e-05;0.990706;0.000630472;4.39977e-06;3.08737e-07;2.65087e-07;7.92242e-07;0.00827714;1.71654e-06;8.01576e-06;9.25492e-07;2.6849e-07;0.000166445;0.000187211
6.265e-07;2.51424e-05;1.53387e-05;3.51006e-07;3.18838e-05;6.23774e-07;9.96731e-09;6.43757e-07;7.99882e-06;6.26945e-08;6.95391e-06;0.99977;0.000138332;1.75692e-06
0.000981653;0.257085;9.72796e-10;1.88691e-06;0.000547053;4.65446e-07;1.56252e-05;0.00420413;0.00271311;3.59025e-07;0.000221285;0.0208526;0.713374;2.76472e-06
0.000868615;0.128469;4.02189e-05;1.02577e-05;0.000265714;1.39408e-06;7.02961e-08;0.0774254;5.51443e-05;1.08627e-06;9.91021e-07;0.788593;0.00424759;2.14864e-05
8.36528e-05;0.822332;1.58201e-08;3.79767e-05;0.000611244;0.000107235;3.53171e-08;0.0922213;1.9824e-06;6.34237e-06;1.24803e-08;0.00107465;0.0011224;0.082401
5.05208e-06;0.000339162;4.11504e-09;2.7119e-06;7.05162e-08;3.93361e-07;9.87298e-07;0.00163352;1.08947e-05;1.27831e-08;8.95654e-06;3.11321e-06;0.997994;9.00113e-07
7.89631e-06;0.00835;2.68988e-09;3.41808e-07;9.06897e-07;7.73141e-08;2.22937e-07;0.990897;0.000101762;1.09928e-08;1.8612e-05;0.000153596;0.000469355;5.21353e-08
0.00010926;0.944669;4.79836e-09;0.000115739;0.00054877;8.46946e-06;0.000120202;0.040774;0.000158752;0.000834209;2.19153e-05;5.54046e-05;0.00026978;0.0123148
6.38298e-13;1.36209e-16;1;9.41511e-12;9.08356e-14;2.03539e-16;5.49776e-13;4.52697e-16;3.36015e-12;3.56277e-14;5.23779e-11;8.97541e-11;9.50076e-18;3.53326e-16
0.0122243;0.0197037;0.00029204;0.00400122;0.0213191;9.7506e-06;8.16294e-05;0.694806;0.169195;2.27986e-05;0.0773053;0.000209888;0.00014582;0.000683854
5.58349e-05;0.00133272;1.0389e-06;9.21118e-07;0.000237122;5.83835e-08;3.88406e-06;0.997937;0.000417976;2.33137e-06;7.80442e-06;3.83468e-09;2.78843e-06;9.06448e-07
3.85433e-06;2.36383e-05;0.99395;1.4186e-06;0.000882811;5.01078e-06;1.22529e-08;3.29284e-06;9.27279e-09;2.1007e-05;7.17057e-09;0.00460404;9.47422e-07;0.000504469
0.000433356;0.710791;5.27411e-05;0.000106603;2.09223e-05;6.68301e-06;0.000297842;0.0093569;0.174498;5.31576e-06;0.0830664;0.0183218;0.000762087;0.00228061
