1.42149e-05;0.992807;9.38457e-09;1.05394e-06;1.46257e-05;2.08828e-07;2.15764e-07;0.0036079;3.48237e-05;4.49438e-07;2.46246e-05;4.90865e-06;0.0034886;1.20019e-06
5.27966e-07;0.998803;3.30019e-09;2.18993e-06;2.70349e-06;1.22586e-06;0.000234736;9.99987e-05;4.42431e-07;0.000652669;1.2017e-07;4.06919e-10;0.000124828;7.74267e-05
5.25537e-13;1.09138e-12;1;4.34822e-11;8.26295e-11;1.037e-11;6.25995e-14;4.16046e-14;1.12479e-13;7.97907e-13;3.38883e-13;8.37598e-08;1.61241e-15;1.06865e-09
1.50173e-06;0.997832;1.87185e-11;4.77077e-06;5.0303e-06;7.73203e-07;1.85775e-06;0.000601601;3.1733e-05;9.50739e-09;6.66289e-06;3.0229e-05;0.00147384;9.76158e-06
1.01531e-06;8.5987e-06;1.00941e-09;5.32857e-10;2.48716e-08;1.49574e-09;9.2206e-09;0.999987;1.03916e-07;8.8043e-11;6.3647e-09;9.39997e-09;3.01654e-06;8.69947e-09
2.57357e-07;4.97913e-05;1.44851e-07;4.16614e-06;0.989574;7.12268e-06;9.65368e-09;0.00329494;1.93961e-05;4.04742e-07;7.77477e-07;0.00563614;2.51916e-07;0.00141208
8.8518e-06;0.0152078;0.982924;1.32666e-05;2.44274e-05;4.15239e-06;3.95446e-08;6.16795e-07;1.75169e-07;3.62976e-07;9.40315e-06;1.47529e-05;9.55499e-06;0.00178266
9.74468e-06;0.66243;1.88988e-07;3.38264e-08;5.16744e-09;9.75156e-08;3.7002e-08;4.91024e-07;1.4494e-06;1.77751e-09;1.69611e-05;0.0643317;0.27321;4.56187e-08
1.73064e-06;0.329674;2.67313e-07;3.73945e-06;2.4529e-07;2.29337e-05;1.2455e-07;0.0319666;1.0981e-05;2.50355e-08;0.000101039;0.462495;0.175723;9.14097e-07
3.51328e-05;0.960635;5.87838e-05;0.0007161;0.0011677;0.0105896;3.9017e-06;0.00714111;0.000151148;2.76462e-06;0.00706642;0.000970015;0.00813478;0.00332707
9.67185e-06;0.407371;9.62415e-07;4.56523e-07;6.68228e-06;5.30387e-06;7.82968e-08;0.00628465;1.3271e-06;1.14633e-08;6.59912e-06;0.237511;0.348801;7.67448e-07
7.85249e-07;0.0059186;7.41449e-06;5.92613e-07;3.77476e-05;3.19058e-06;1.00303e-07;0.0019434;2.87647e-07;2.67719e-07;3.43848e-07;0.388995;0.603089;4.10877e-06
6.92625e-05;0.1214;3.89856e-05;0.000489403;0.000201007;0.000103885;1.59307e-05;0.317505;0.0042749;1.71297e-05;0.00658018;0.468752;0.0803163;0.000235539
1.83322e-05;0.137311;1.73436e-08;0.000874675;0.104469;0.355698;0.000107723;0.329817;0.000167391;0.00553419;0.000214565;3.69282e-07;0.0233708;0.0424164
2.57162e-08;3.45347e-10;0.999999;1.09361e-08;7.73753e-11;4.22801e-11;8.64818e-08;4.94434e-11;4.86113e-07;6.2154e-10;6.02489e-07;6.1903e-08;7.04206e-10;3.07527e-11
0.000410866;0.00206694;0.000590889;0.000903788;1.71261e-05;8.98226e-06;3.85709e-05;0.00191115;0.088664;3.10904e-06;0.018591;0.883345;0.00162955;0.00181877
5.34028e-07;0.999342;4.8114e-10;7.61206e-09;3.69858e-05;2.90736e-07;1.47615e-09;0.000223076;1.51214e-07;8.87265e-09;1.83492e-09;3.60236e-09;0.000298623;9.87737e-05
1.01063e-08;3.6525e-05;8.54124e-07;3.91313e-09;0.000205277;2.4984e-07;1.22592e-11;3.31942e-08;4.33014e-11;9.85145e-10;3.7891e-11;0.999746;2.42964e-06;8.68844e-06
3.89177e-06;0.000710768;1.16639e-07;3.08297e-07;1.16141e-06;2.33193e-07;9.04411e-09;0.999069;4.83011e-05;3.8474e-10;1.04383e-06;4.10398e-05;0.000124166;3.31656e-07
2.73224e-07;0.937479;3.68554e-09;2.8967e-09;4.43044e-08;9.79199e-09;5.9833e-11;0.0623379;8.02124e-09;3.19098e-09;2.79003e-10;1.57722e-05;0.000166473;6.98632e-09
1.39543e-07;0.00311831;6.49472e-07;7.98403e-06;3.79986e-05;3.37986e-06;1.46236e-09;0.0333001;9.84399e-08;1.98127e-07;6.71994e-08;0.963268;5.3546e-05;0.000209372
2.44558e-06;0.0206681;3.91698e-11;6.82731e-07;5.6559e-05;3.64262e-07;9.21543e-07;0.977409;5.41318e-06;3.07988e-08;7.01953e-07;3.34818e-07;0.00185462;7.51478e-07
1.94413e-06;0.00028985;1.30201e-05;9.32097e-07;0.000132735;1.16761e-08;1.37395e-07;2.46521e-05;9.7964e-09;2.62285e-07;1.18438e-07;0.999148;0.000114041;0.000273978
2.3067e-05;1.56009e-05;9.27143e-06;2.82299e-06;0.000416123;7.23143e-07;3.47288e-06;0.993405;0.00562533;2.15101e-08;0.000119361;8.12319e-07;0.00037831;9.83678e-08
5.39148e-06;0.998866;5.40893e-09;1.23622e-05;1.42556e-05;8.3581e-08;2.12062e-07;0.000985977;4.68448e-05;3.59543e-07;1.1553e-06;8.52027e-06;3.42545e-05;2.40377e-05
8.24142e-07;9.31776e-06;1.24672e-08;7.3238e-06;0.999377;8.7349e-06;6.28503e-09;0.000247623;2.35747e-05;4.84665e-07;3.14801e-07;8.16383e-07;4.83615e-06;0.000318729
0.00101662;0.0726403;0.914388;0.000896107;0.010249;2.84004e-06;1.83339e-06;1.41636e-05;4.5547e-05;6.0936e-05;3.58227e-05;0.000528648;2.0779e-05;9.98109e-05
0.00119664;0.989307;7.8099e-06;1.39669e-06;2.98363e-08;2.39506e-09;5.53799e-06;0.00152392;0.000236651;1.50275e-06;0.000150059;0.000949426;0.0066205;1.27875e-07
1.62983e-08;0.00744923;5.87927e-13;8.43746e-08;1.57523e-07;3.53248e-09;3.99999e-07;8.28906e-07;5.15322e-09;4.19856e-06;2.35334e-09;1.50982e-07;1.59073e-08;0.992545
9.2917e-09;3.5168e-09;0.999998;7.27033e-09;4.36091e-09;1.93381e-09;1.04561e-09;3.15329e-08;1.93781e-10;1.96684e-10;8.73364e-10;2.17097e-06;2.46985e-09;5.3239e-09
3.66215e-05;0.0264707;2.03129e-08;3.13191e-05;4.28876e-06;1.48071e-05;2.12921e-05;6.68286e-05;0.00416954;7.69101e-07;0.00228526;0.000542263;0.966355;1.32551e-06
3.16061e-06;0.998399;0.00109713;2.37059e-07;1.03649e-06;2.35528e-07;1.13785e-08;0.000232994;1.35642e-09;6.40838e-08;3.96327e-10;2.50794e-05;0.000160669;8.01615e-05
6.21647e-12;6.55512e-12;1;8.81834e-12;2.44569e-09;4.63057e-11;5.17995e-13;3.22703e-12;1.05511e-12;4.0992e-12;1.27066e-13;2.03591e-08;1.3152e-14;3.56877e-09
1.88956e-05;0.323868;1.97226e-05;0.000199079;0.00807413;0.00247506;6.06325e-06;0.00912812;9.69016e-05;3.42305e-06;0.000198568;0.63358;0.00795736;0.0143751
1.71027e-05;0.886645;4.61286e-08;9.26545e-06;8.90218e-05;7.93991e-05;4.69195e-06;0.0146092;0.000380951;5.04992e-07;0.000988486;0.00333294;0.0933251;0.000518663
1.46729e-07;0.000999401;1.7267e-08;8.12762e-08;1.83225e-05;3.84622e-05;3.28618e-08;0.998494;1.14907e-07;6.50252e-08;8.34287e-08;1.33148e-07;0.000443391;6.09358e-06
5.67161e-12;2.0581e-11;1;1.12795e-11;3.81769e-12;1.14974e-12;2.31342e-12;2.40998e-13;1.28874e-12;7.9666e-13;7.87916e-13;1.53477e-10;8.95053e-13;5.24176e-12
1.77827e-07;3.54894e-05;0.00326805;4.61497e-07;7.50492e-08;1.49887e-07;9.46673e-09;7.71773e-07;1.85974e-07;4.72461e-10;2.01809e-07;0.996686;4.00866e-08;8.89216e-06
1.1169e-05;0.715208;1.70264e-09;5.31636e-08;1.96349e-06;6.08089e-06;8.99414e-08;0.239695;8.98904e-06;5.70319e-09;2.79484e-05;0.000108227;0.0449317;2.382e-07
1.66986e-08;0.920925;5.38187e-13;3.25087e-09;1.00003e-05;1.05399e-06;2.20658e-06;3.65048e-09;2.20239e-10;7.33566e-06;4.36858e-11;5.81845e-10;2.63699e-08;0.0790547
1.0898e-12;6.82165e-14;1;2.8585e-13;3.03758e-12;1.01894e-13;4.74821e-14;4.58368e-13;1.69484e-13;3.63269e-13;4.03086e-14;3.45788e-11;7.70223e-15;2.69675e-15
6.28923e-07;0.000245034;6.15492e-08;2.3959e-06;6.20094e-06;7.73288e-06;4.10484e-08;0.994503;0.00107439;5.81529e-07;3.02846e-05;4.73476e-05;0.00408238;1.96834e-08
