5.6751e-07;0.999984;9.69468e-07;1.38238e-06;6.60712e-07;1.104e-08;2.18186e-09;5.25657e-06;1.47615e-08;8.90926e-09;1.31396e-08;3.91301e-06;6.09839e-07;2.41091e-06
1.45004e-06;9.02968e-06;5.04222e-12;1.06274e-09;4.00074e-08;3.98505e-09;7.15356e-09;0.999987;1.92403e-07;2.15106e-09;3.68113e-09;2.88735e-09;1.83042e-06;2.24247e-09
1.31369e-07;2.89487e-06;5.22959e-06;1.53959e-05;0.000129267;4.39846e-05;1.22855e-09;9.36575e-06;1.40603e-05;3.10534e-08;1.72666e-06;0.982658;2.01494e-06;0.0171179
2.3244e-07;0.99662;4.67126e-10;1.13223e-10;2.20207e-12;1.0179e-12;5.82443e-09;2.98248e-07;1.21342e-09;3.21375e-11;2.56319e-09;2.55363e-08;0.00337919;1.06639e-11
4.23045e-08;0.000381547;5.41798e-05;5.33557e-07;6.26007e-05;2.87482e-06;1.39708e-09;0.00035689;4.48486e-08;3.62054e-08;1.36731e-08;0.998847;5.31234e-05;0.00024132
7.50647e-08;0.00456664;5.06778e-10;8.91662e-06;0.000111398;1.51407e-06;8.16937e-07;0.995253;2.95967e-06;6.25512e-07;7.91154e-06;1.61148e-06;4.36954e-05;4.92684e-07
3.51208e-07;0.0133727;0.960406;6.0981e-05;2.80839e-06;3.81403e-06;4.72193e-08;6.9935e-07;1.15256e-09;7.29656e-07;2.95765e-06;0.0259598;8.7799e-05;0.000101736
1.10233e-06;0.998589;5.29937e-10;7.68315e-07;1.6132e-08;7.93948e-08;1.04415e-06;0.000611626;1.61244e-06;2.19459e-08;0.000440504;1.09805e-05;0.000343526;8.3267e-08
2.4275e-06;0.957987;1.61211e-06;4.72535e-08;6.22591e-09;5.38108e-08;4.08982e-07;0.0188294;1.0222e-06;2.29711e-08;2.36238e-05;0.000776675;0.0223776;3.63353e-09
5.18304e-05;0.790058;6.73296e-06;0.000108484;0.000384221;0.00214441;1.0449e-06;0.00587802;8.01045e-06;6.28671e-05;6.74798e-06;0.169396;0.00103928;0.0308543
0.00031065;0.00192217;1.95151e-08;9.48692e-06;1.72363e-06;4.10403e-06;5.99037e-05;0.0886275;0.00830973;2.22812e-07;0.00530194;2.21168e-05;0.895427;3.47929e-06
1.15406e-05;0.179426;5.47887e-08;2.35064e-08;3.05249e-06;1.21469e-09;3.71057e-09;0.816969;3.40425e-07;2.00916e-08;1.93984e-08;0.0034569;5.52409e-05;7.79021e-05
3.11023e-06;0.0307306;0.00024214;4.60614e-07;2.95576e-05;7.09387e-08;1.91049e-08;0.00722336;1.71458e-07;1.71442e-07;2.57421e-07;0.961518;0.000243329;8.87035e-06
8.50022e-10;0.998906;4.32159e-14;2.98781e-09;4.79981e-10;7.98928e-11;1.80776e-07;4.34131e-08;1.29936e-10;3.7889e-08;3.37058e-10;1.72139e-07;1.16398e-07;0.00109358
6.63856e-05;0.000922513;4.95014e-06;0.000500947;5.18124e-05;0.000126542;0.560806;0.000148218;0.013333;6.03049e-06;0.417835;1.28811e-05;0.00613604;4.96183e-05
1.11228e-05;0.97825;7.58105e-09;3.54342e-07;1.47952e-06;0.000111947;7.27545e-07;0.0205612;7.99003e-08;2.0887e-07;3.23407e-08;4.94882e-07;0.000747862;0.00031491
2.47501e-07;0.000333814;8.64368e-11;2.51433e-08;8.42714e-09;1.69536e-07;2.25448e-08;1.1221e-05;1.34675e-07;2.28138e-08;1.18884e-07;1.93036e-07;0.999654;2.29933e-07
2.49673e-05;2.84989e-05;1.77381e-07;3.06301e-06;1.87224e-06;1.28013e-08;8.9752e-09;0.000190294;0.000392293;1.74489e-07;1.12612e-05;0.999314;3.3459e-05;2.32513e-07
8.57032e-05;0.993685;1.34775e-05;9.25437e-05;5.77119e-05;2.23486e-07;2.83783e-08;7.26674e-05;2.56937e-05;2.3066e-07;4.9348e-06;0.00594778;7.41413e-06;6.30011e-06
2.35602e-05;0.986393;1.34447e-06;2.90469e-06;3.54049e-05;8.36379e-08;1.51682e-07;0.0118215;1.80737e-06;9.74324e-06;8.14213e-08;3.42254e-05;0.00166104;1.47719e-05
1.52144e-08;0.996008;9.13432e-14;2.95283e-10;6.48386e-08;2.43535e-08;7.84537e-08;1.08718e-06;1.81541e-11;3.24437e-07;6.404e-11;3.56289e-10;2.83261e-08;0.00399035
3.61291e-13;2.64554e-13;1;2.22293e-12;1.16474e-12;2.71273e-13;9.44215e-11;4.09956e-13;8.01757e-13;1.41157e-11;1.34111e-12;2.25063e-08;4.6016e-15;1.19356e-12
0.000310097;0.0276799;4.76015e-05;0.00103315;4.22194e-05;2.64595e-05;0.00257923;0.00201857;0.36906;9.26884e-06;0.594742;0.000818704;0.00163059;1.80728e-06
3.38374e-06;2.27325e-08;3.62091e-09;5.65806e-09;2.77817e-08;5.44364e-11;4.76588e-09;0.999984;1.16468e-05;1.29964e-09;7.88275e-08;2.02638e-10;7.38949e-07;2.62625e-11
1.92481e-06;0.72686;4.87455e-10;0.000113352;8.33829e-07;4.22446e-08;5.95509e-07;1.15507e-08;4.17103e-07;3.94883e-05;6.47018e-08;2.69017e-05;1.32845e-09;0.272957
2.57257e-07;1.51936e-09;0.999998;4.63506e-09;1.68739e-08;6.44378e-11;8.40565e-10;1.93579e-06;2.44337e-08;1.02506e-10;3.21576e-08;2.98846e-09;1.57265e-11;4.31436e-09
3.56713e-08;0.000157013;1.55648e-09;1.2354e-10;8.94482e-08;3.17943e-10;2.01323e-11;0.99945;8.11946e-09;2.16814e-10;2.18991e-10;1.62908e-09;0.000393239;6.97716e-13
4.60648e-08;8.15893e-07;0.999221;1.98451e-07;0.000152099;2.28334e-06;4.90634e-10;4.7207e-09;2.05531e-09;1.26026e-05;1.01402e-10;0.000609617;7.6704e-08;1.0493e-06
8.32381e-05;0.0214204;1.10261e-07;8.03182e-06;1.20185e-06;1.18813e-06;5.98758e-05;0.0105254;0.966784;1.31927e-06;0.00107687;1.37906e-07;3.24268e-05;5.82954e-06
