4.89377e-06;0.998522;3.12635e-08;1.51325e-06;1.60104e-06;2.66207e-07;1.02509e-06;0.00122089;7.99762e-06;9.95111e-08;3.96221e-06;5.06232e-06;0.000227548;3.17497e-06
0.00024415;0.796444;2.69769e-07;0.000177026;0.000165921;1.6905e-05;4.54246e-08;0.113686;0.00011438;4.84226e-07;8.43332e-05;0.0769244;0.0118602;0.000281686
6.71669e-07;0.0257253;3.01324e-07;2.34272e-07;4.28197e-06;6.87131e-07;3.51617e-07;1.12134e-06;3.58393e-09;1.44412e-05;1.56082e-09;1.36215e-07;3.87765e-06;0.974249
5.42163e-11;2.12817e-10;1;3.82535e-11;1.18241e-09;1.15146e-10;1.05783e-11;1.03039e-10;1.97781e-11;6.50357e-12;3.57156e-11;1.76938e-08;2.90839e-13;2.07905e-11
1.98216e-07;0.998449;5.21052e-07;1.32815e-06;8.01544e-08;1.80784e-07;4.67918e-08;4.29537e-06;2.49094e-05;4.21671e-08;1.02825e-05;6.16152e-05;0.0014473;1.69863e-07
1.74292e-11;0.999998;2.50793e-14;6.22229e-11;4.94262e-11;6.25752e-12;9.57338e-09;2.2039e-10;1.48844e-13;2.94917e-08;4.47608e-13;2.45134e-10;7.53308e-10;2.45088e-06
2.78151e-07;0.000395136;0.999384;1.35747e-07;2.71383e-07;3.82899e-05;1.02768e-06;3.3824e-05;1.52115e-09;1.73252e-07;8.47858e-09;2.17091e-06;0.000143621;1.45466e-06
1.21747e-09;2.29661e-08;1;4.00046e-10;8.7264e-12;2.14344e-10;3.96306e-10;7.05835e-10;1.10859e-09;3.54965e-11;6.56064e-10;1.28629e-07;5.27274e-08;1.13948e-11
4.94318e-08;8.95055e-05;0.952993;1.9114e-07;1.16261e-09;1.83961e-07;2.55208e-09;1.27508e-05;1.28422e-06;6.91015e-09;1.68495e-07;0.0468998;2.85557e-06;4.22111e-07
3.60097e-06;0.00390569;9.44377e-07;2.65731e-05;0.00987022;0.0636045;1.41621e-07;4.36548e-06;7.47201e-05;1.44198e-06;7.7427e-05;7.84012e-05;0.0033939;0.918958
8.11433e-06;0.0606293;4.27763e-06;2.71429e-06;0.000437984;0.000596758;9.44607e-09;0.00116196;8.44977e-07;2.81556e-07;4.90772e-07;0.93359;0.00280242;0.00076518
6.59045e-06;0.809665;3.1325e-06;7.68786e-06;0.000232103;0.000656553;1.49846e-07;0.0709035;6.97001e-05;8.0315e-08;8.67446e-06;9.48448e-06;0.118267;0.000170222
1.65762e-07;0.695898;9.27338e-11;9.25604e-08;9.69211e-06;2.51328e-06;6.13606e-09;0.303392;5.92819e-09;8.13413e-06;3.7543e-10;4.50326e-08;0.000647131;4.22802e-05
5.30717e-15;4.06423e-15;1;1.44113e-13;7.06381e-14;1.06489e-15;8.37912e-16;1.83371e-14;2.30626e-15;2.04213e-14;1.26296e-15;2.58109e-09;2.28081e-16;9.87588e-16
0.000120921;0.030919;0.00127744;0.000497249;0.0202045;0.00044188;0.000125196;0.88765;0.000923443;0.000108268;0.000193111;0.0339573;0.0189649;0.00461638
1.0757e-08;0.999754;1.77574e-11;1.83565e-08;3.75989e-10;2.54762e-10;0.00021378;1.16479e-08;8.59659e-08;1.13804e-05;1.46159e-06;1.51599e-09;6.97673e-07;1.85127e-05
9.09574e-05;0.0769384;5.09284e-07;7.94375e-06;4.97666e-06;3.89545e-07;0.781018;0.000691737;0.00163792;1.57745e-05;0.0640413;0.000140253;0.0754111;9.68036e-07
1.02118e-06;0.998786;3.20653e-09;7.10534e-08;3.71769e-08;1.09021e-08;0.000662088;0.000363806;8.75733e-07;9.22171e-05;1.49169e-08;1.1768e-10;9.21142e-05;1.5141e-06
9.5063e-11;4.5461e-11;0.99998;4.01118e-09;3.20921e-10;1.42114e-10;3.67746e-11;7.47572e-12;2.31132e-10;4.00461e-10;3.8528e-11;1.99613e-05;1.76649e-14;1.14406e-08
4.99024e-05;0.964547;1.12154e-07;4.6465e-05;7.3797e-06;0.000115124;9.43507e-06;0.0166272;0.000136994;5.15717e-07;7.47226e-06;0.00012088;0.0182194;0.000112845
1.90828e-05;0.996691;1.2086e-06;8.16259e-07;5.57243e-08;6.90522e-09;1.16191e-05;0.000354665;5.03204e-06;1.05386e-07;3.68286e-05;5.78528e-05;0.00282204;1.6101e-07
1.71516e-06;0.993214;2.90956e-09;5.01727e-08;6.23648e-06;5.67638e-08;0.00579988;0.000362749;4.3889e-06;1.12808e-05;7.08218e-08;2.09614e-08;1.93257e-06;0.000597624
1.04953e-14;8.44877e-16;1;1.35187e-12;1.2479e-10;4.35576e-12;2.45516e-15;2.57115e-12;8.24074e-14;1.4694e-14;1.4322e-13;1.2709e-10;9.62475e-15;5.30481e-11
4.15122e-08;0.987556;1.39026e-11;4.78754e-07;1.365e-06;6.73987e-08;3.07664e-08;0.0121847;7.12835e-08;3.14298e-08;2.0771e-06;1.27722e-06;0.000254009;3.97176e-07
2.2459e-07;2.65749e-05;5.72732e-10;2.62606e-05;0.945197;0.00616207;2.51261e-07;0.042383;1.66926e-05;1.70603e-05;0.000748932;0.00011574;0.0048084;0.00049769
6.24665e-08;4.49848e-08;0.99996;1.86989e-06;1.07282e-06;1.49703e-05;5.18649e-10;4.90903e-08;1.94637e-09;2.25851e-08;5.76666e-06;4.9612e-06;1.10163e-05;2.29296e-07
8.61446e-05;0.99332;4.33579e-07;3.34793e-08;1.79462e-07;1.77974e-08;2.25862e-07;0.00555999;7.36038e-08;1.58727e-08;9.83106e-06;8.35235e-07;0.00102189;1.89462e-07
1.07263e-07;0.999863;1.61975e-09;2.17865e-09;2.61097e-08;1.0533e-09;9.07028e-05;4.00299e-05;9.26762e-08;1.4588e-06;8.85944e-09;4.22362e-09;1.74415e-08;4.0908e-06
2.61842e-13;4.37802e-14;1;1.06236e-10;2.76091e-11;3.31415e-11;2.02932e-12;2.79837e-13;5.32555e-12;3.10144e-12;2.93929e-10;2.01324e-09;8.42377e-16;1.68283e-10
6.7789e-06;0.992382;1.8853e-09;6.16031e-08;2.6793e-09;1.5338e-08;2.43795e-06;2.04453e-05;1.56114e-07;9.48718e-09;7.42301e-05;2.05449e-05;0.00749374;2.17789e-10
1.13616e-06;0.026282;6.7145e-11;9.43302e-07;1.25263e-05;4.0598e-06;1.48101e-08;0.000988867;8.81142e-08;7.11516e-08;1.67593e-05;0.95885;0.0137558;8.81697e-05
1.11965e-05;0.481573;3.02541e-05;4.31543e-05;0.00689533;8.42329e-05;1.15803e-06;0.241769;1.36132e-06;4.57119e-06;9.14594e-05;0.143932;0.12461;0.000953759
0.000146299;0.156711;6.89698e-06;0.00415953;0.000374261;2.52165e-05;0.000374581;0.185871;0.00566094;3.45318e-05;0.0871846;0.00999529;0.549382;7.45133e-05
0.0025375;0.784098;0.000630465;0.00230573;0.00034466;1.6537e-05;1.32986e-05;0.187256;0.000488163;1.73726e-05;0.00243467;0.0025875;0.017155;0.00011458
0.00025607;0.936347;1.05354e-07;3.14217e-05;5.20057e-06;4.59546e-07;4.35433e-07;0.0570155;1.63657e-05;1.06815e-06;0.000111421;0.00468364;0.00141045;0.000120368
4.55213e-06;0.0640093;6.11285e-07;1.52312e-07;1.28064e-06;5.14979e-07;0.00113556;4.25461e-08;3.13939e-07;0.000756369;4.00649e-07;2.50461e-07;1.60561e-06;0.934089
1.45639e-11;7.4587e-12;1;1.33725e-11;8.625e-11;4.46262e-11;5.24652e-11;1.26826e-12;1.94165e-10;4.5527e-12;2.67628e-10;7.24548e-08;1.56674e-13;1.90664e-11
7.10402e-07;0.977116;2.6278e-08;6.28928e-09;2.38664e-09;1.13994e-09;1.28854e-07;2.67063e-06;2.69857e-07;2.26508e-09;1.58008e-07;5.84431e-05;0.022821;3.36984e-10
1.37108e-07;0.2753;7.1314e-05;8.0882e-07;6.60759e-05;8.24814e-07;1.9973e-08;0.0178348;5.84629e-08;9.09624e-07;2.65539e-08;0.705902;0.000372869;0.000450178
3.86001e-06;0.415327;1.29696e-06;7.38767e-05;0.000203229;1.31827e-05;3.26926e-07;0.221138;1.6153e-06;1.13962e-06;8.70131e-07;0.311667;0.000307395;0.0512615
1.93293e-05;0.177996;1.87684e-07;1.16266e-06;4.64405e-07;6.62814e-07;1.26096e-06;0.114601;8.25276e-06;8.93183e-08;1.19939e-05;0.00487128;0.702459;2.89565e-05
1.34587e-06;0.998925;5.91044e-08;2.55126e-07;1.52162e-07;7.11189e-07;0.000130387;0.000834535;1.38826e-08;2.14535e-05;1.35916e-08;2.27808e-07;5.75324e-05;2.87222e-05
5.10253e-13;2.61772e-14;1;3.6573e-11;1.39139e-11;3.57292e-12;2.88811e-14;3.32782e-13;1.0148e-13;1.14117e-13;9.11424e-14;2.83406e-08;9.65271e-15;3.37318e-11
5.57206e-05;0.992684;0.000499894;4.16288e-06;2.83221e-05;5.87829e-07;1.54679e-06;0.00627927;2.68711e-06;3.474e-08;4.31381e-07;0.000346166;7.21028e-05;2.50075e-05
4.73707e-10;0.999993;8.05753e-10;1.09699e-10;2.25312e-10;2.4942e-12;3.91998e-06;9.10775e-12;3.16623e-12;7.84035e-07;5.94783e-11;4.5385e-10;3.72813e-12;1.88007e-06
4.45324e-11;2.69256e-11;0.999998;2.35692e-11;2.53373e-10;6.49306e-10;6.23753e-10;7.4706e-12;1.66613e-10;1.53009e-11;3.90206e-10;2.35234e-06;1.08251e-13;2.21685e-10
1.06613e-07;0.995177;1.82072e-10;1.65951e-07;3.19538e-09;1.90734e-07;1.86169e-05;7.00943e-06;1.39327e-05;6.01565e-08;2.38993e-06;9.49984e-07;0.00477915;1.56416e-09
8.0312e-08;0.00119521;0.00186472;1.29578e-06;1.84332e-05;7.31741e-06;5.99495e-11;2.49234e-07;3.7266e-09;5.60051e-09;4.97697e-09;0.996861;5.93501e-06;4.6172e-05
0.000168716;0.000480328;2.53476e-08;2.10208e-05;0.000202037;0.000107525;9.85097e-06;0.962135;0.00492369;2.52438e-07;0.000178379;0.0009181;0.0307281;0.000127387
2.72871e-06;5.9728e-06;1.71252e-08;6.72546e-09;3.25535e-07;6.06795e-08;3.99311e-09;0.999775;1.80745e-07;1.50222e-09;8.6129e-09;3.35485e-08;0.000215704;6.57084e-09
3.55706e-07;1.85268e-05;5.4935e-10;1.31319e-05;0.971807;1.63289e-05;9.86635e-08;0.0263692;0.00011072;1.05223e-06;4.35719e-06;6.54326e-05;5.57166e-07;0.00159272
2.35331e-06;0.000497323;0.997839;0.000579264;0.000133004;1.42122e-05;2.33198e-07;4.52251e-08;3.40109e-07;9.40204e-07;0.000386859;8.02742e-06;0.000268851;0.0002699
8.93344e-05;0.973561;7.48186e-07;6.45204e-06;0.000142685;6.9198e-07;8.73984e-07;0.0121332;3.99346e-05;1.596e-07;0.00257068;0.00898245;0.00223852;0.000232973
4.33368e-08;0.00286832;2.2012e-11;5.91805e-08;0.000518419;6.61214e-09;2.98453e-09;0.996593;1.13876e-08;1.14476e-08;2.8579e-08;1.2576e-05;1.4984e-08;7.64586e-06
1.66493e-09;3.5663e-07;0.997544;5.8685e-09;4.28431e-07;5.99267e-10;3.54243e-11;1.65297e-08;5.77606e-13;1.49903e-10;2.69748e-09;0.00245547;8.04274e-09;3.94275e-08
6.25086e-05;0.0715246;0.000127992;5.43269e-06;1.46143e-07;1.59239e-06;0.0357071;0.000814235;0.00226336;7.13409e-07;0.735994;1.24767e-08;0.15349;8.25218e-06
3.03298e-06;0.00252335;2.63044e-07;2.02344e-07;1.75608e-06;7.39641e-08;1.41337e-08;0.945628;9.53884e-07;5.21898e-08;6.37972e-06;0.000107309;0.051724;4.84536e-06
1.42575e-08;0.0131185;4.81755e-07;1.2778e-08;1.09464e-07;2.67129e-09;2.58822e-06;1.00413e-08;1.0861e-10;1.19445e-05;2.10756e-09;2.88695e-06;1.552e-09;0.986863
1.45467e-10;6.29786e-11;1;8.69632e-10;1.61712e-09;1.2599e-10;5.12555e-08;6.8075e-10;3.39809e-08;1.2338e-10;7.88609e-08;1.4149e-07;2.09471e-12;2.6809e-10
5.30688e-06;0.0175799;2.67465e-08;5.18616e-07;3.63834e-07;5.3239e-07;1.01976e-05;7.47728e-07;3.28497e-05;2.90505e-07;1.76681e-05;2.35659e-08;0.982349;2.94999e-06
1.81291e-07;0.00134828;3.37837e-05;5.5403e-08;1.27131e-06;8.53761e-09;4.61102e-11;5.47514e-06;4.5782e-09;8.19804e-10;1.47974e-08;0.998601;1.72638e-06;8.49692e-06
3.85134e-06;0.481683;8.35091e-11;2.9962e-06;0.00740908;0.00109225;1.63928e-07;0.505542;3.5421e-07;5.72215e-06;1.07782e-07;0.000370983;0.00174643;0.0021439
1.48876e-07;1.18086e-05;9.78118e-10;1.11953e-08;4.55321e-10;5.82438e-07;4.42895e-09;5.08216e-09;1.81287e-09;1.05197e-09;3.86711e-09;3.84165e-08;0.999987;3.86875e-08
1.43823e-08;8.39511e-07;0.999997;2.00059e-09;7.91102e-10;7.39947e-11;3.88227e-12;1.25156e-07;2.1321e-10;3.61456e-10;1.11432e-11;2.14939e-06;4.46979e-10;1.02883e-09
4.30147e-07;0.97872;7.352e-07;2.54593e-05;4.21412e-07;2.44082e-06;4.25464e-07;0.0105357;4.93672e-05;7.76122e-07;5.97397e-05;1.48548e-05;0.0105788;1.0951e-05
