6.96146e-06;0.999859;3.40864e-05;1.47463e-05;1.36316e-06;1.50242e-07;1.81668e-07;3.32384e-05;4.82952e-07;3.0027e-07;2.14595e-07;2.50139e-05;2.17362e-05;2.99316e-06
1.94317e-05;0.988256;9.42016e-09;7.41577e-05;3.55574e-06;3.19216e-07;7.16444e-09;0.00764089;1.19247e-05;2.17798e-07;1.06807e-05;0.0034482;0.000501703;3.29727e-05
3.35822e-06;0.999559;9.15798e-09;1.58439e-06;1.99706e-08;3.05186e-08;1.04296e-06;0.000266846;2.42579e-07;3.36964e-06;1.07114e-06;1.27271e-05;0.00014788;2.56303e-06
0.000130525;0.00157758;3.36867e-06;7.10005e-06;2.41336e-05;4.9856e-06;1.64134e-05;0.000433906;6.41281e-05;6.17309e-07;0.000211158;0.997354;7.75653e-05;9.45109e-05
3.03435e-06;0.999469;2.05e-09;2.43191e-08;5.3013e-09;1.13024e-09;1.71365e-07;0.000239767;1.85537e-06;1.04138e-09;5.74046e-07;5.48392e-05;0.000231331;1.80972e-09
1.63965e-06;0.026818;1.02674e-11;4.74908e-06;9.1361e-05;1.49463e-07;1.27409e-09;0.96583;3.52826e-07;8.00235e-08;1.04057e-07;0.000579135;1.2046e-07;0.00667387
1.73576e-08;6.9272e-05;4.18837e-07;4.25125e-09;2.08253e-09;4.15891e-10;1.41075e-11;1.32309e-08;7.20755e-11;1.28689e-10;1.96915e-10;0.999885;3.78965e-05;7.08438e-06
1.71331e-06;0.0347786;1.85182e-08;2.9244e-08;1.30402e-06;3.41032e-07;1.10639e-07;0.000205719;4.0684e-07;3.65916e-09;4.12237e-06;4.52771e-05;0.964957;5.05526e-06
1.16848e-06;0.0169654;1.61556e-05;1.17951e-06;2.56238e-06;0.000294066;1.5268e-07;0.0218337;1.71863e-07;4.04028e-06;5.35874e-08;9.50885e-05;0.959972;0.00081477
4.78267e-10;2.81321e-09;1;3.25466e-09;1.38206e-09;6.25988e-10;4.86832e-10;4.80017e-10;3.57221e-10;4.96966e-10;7.48471e-10;2.01964e-08;4.27014e-11;8.47151e-09
1.44178e-07;0.000217725;1.51874e-05;2.91914e-07;5.614e-08;1.17122e-08;1.95238e-07;1.19748e-06;6.83445e-08;2.2103e-08;2.20736e-08;7.42977e-07;9.6239e-07;0.999763
3.30681e-09;0.0004979;4.62356e-11;2.26378e-09;0.00427597;2.78351e-07;2.6262e-10;0.995221;9.19417e-09;2.98542e-09;1.23512e-10;4.47113e-08;8.72707e-08;4.23553e-06
9.15972e-11;7.7545e-08;0.999922;4.5875e-10;1.07435e-06;1.50046e-08;5.21611e-12;2.09574e-09;9.015e-14;1.33905e-10;5.59748e-11;7.61636e-05;3.32717e-08;4.32658e-07
2.4678e-08;0.989226;3.90613e-10;4.66524e-10;3.81998e-08;4.1665e-10;1.25732e-07;0.0107696;6.00442e-08;7.41067e-10;5.05483e-08;3.27121e-11;3.7388e-06;1.4702e-07
1.6551e-08;2.80388e-05;0.999972;1.90283e-08;2.85223e-09;2.93097e-09;1.09663e-09;6.97512e-09;2.04959e-08;2.65564e-09;9.29596e-09;1.82481e-07;3.25207e-09;4.54875e-08
1.28303e-09;3.79765e-05;4.81791e-07;1.78497e-10;1.57619e-09;1.4579e-11;2.40113e-13;5.08165e-06;6.10184e-11;6.06284e-12;1.36676e-10;0.999951;5.5216e-06;1.55472e-08
1.54597e-09;0.996612;1.40218e-09;8.75247e-09;4.49864e-08;8.18716e-09;1.36276e-10;0.00155899;1.96424e-11;2.76847e-09;1.57521e-10;1.04402e-06;0.0017959;3.15712e-05
7.34601e-08;0.27804;5.41132e-07;6.92664e-06;1.83828e-07;0.00131939;3.87197e-07;4.58809e-05;2.26301e-08;1.76615e-06;1.0852e-06;0.000339483;0.719301;0.000943066
6.25526e-06;0.000247186;0.855492;8.75091e-05;5.31035e-07;3.89089e-07;0.000496356;3.48651e-06;1.48026e-07;0.000425524;1.17499e-06;0.143201;2.96717e-05;8.23384e-06
2.59391e-08;1.91124e-09;0.999998;6.54077e-08;1.11627e-09;2.17095e-10;9.15429e-08;1.17963e-10;2.72951e-07;2.09307e-09;7.85101e-07;9.57188e-07;3.47989e-12;3.45809e-08
8.14387e-06;0.0279424;9.20208e-09;8.07112e-09;2.57222e-07;3.28008e-08;5.68574e-09;0.971248;9.65758e-07;6.86164e-09;5.3964e-08;2.38941e-06;0.000796329;1.17435e-06
4.90365e-08;0.0106993;1.24265e-05;3.74594e-08;1.73322e-06;8.82672e-06;2.93353e-09;0.00015285;3.42813e-09;6.07857e-08;1.73385e-08;0.985506;0.000283177;0.00333551
7.28245e-10;1.83725e-05;4.76947e-11;1.75046e-09;8.94814e-10;2.28685e-09;6.43298e-08;1.46634e-06;1.48584e-09;1.02763e-09;6.46577e-08;2.41716e-08;0.99998;8.45545e-11
9.33621e-07;4.00304e-05;2.14313e-08;7.36383e-07;2.0177e-06;1.37683e-09;1.55608e-09;2.95118e-07;7.46686e-06;1.47138e-07;3.95725e-07;0.999928;1.94509e-05;8.1071e-08
2.36235e-07;0.000118812;9.81945e-12;1.26497e-10;1.7072e-06;6.3185e-12;6.48786e-10;0.999879;2.65091e-08;5.39885e-10;1.13784e-10;9.55237e-11;4.18968e-09;1.23278e-09
1.33731e-06;0.00541776;0.99255;1.18941e-06;5.39733e-05;1.80122e-05;2.24921e-06;3.83318e-05;1.61858e-07;1.39637e-05;7.01555e-08;2.59412e-07;0.00190228;9.10847e-08
1.70661e-11;2.4034e-12;1;3.76628e-12;1.3158e-11;2.39014e-12;1.31579e-11;2.32373e-13;3.26158e-10;6.52183e-13;1.22584e-10;2.86934e-09;1.69423e-13;1.28734e-11
2.3077e-10;6.14163e-07;0.999977;5.15315e-11;7.66142e-11;3.05437e-10;8.94356e-12;3.51652e-09;2.5844e-10;1.03796e-12;2.74838e-11;2.25599e-05;1.48716e-09;8.0334e-08
7.01378e-08;0.000271104;2.08383e-07;4.4823e-08;0.0605396;0.0206912;3.14848e-09;1.86304e-05;1.5536e-06;3.30794e-08;2.00308e-07;1.50501e-07;4.63513e-05;0.918431
9.85649e-07;0.0312204;2.07989e-07;4.91857e-08;0.00808064;1.43084e-05;2.83348e-09;0.00316105;1.04257e-05;3.43407e-08;5.95573e-07;0.957073;0.000435262;2.87679e-06
0.000225148;0.0725406;3.38192e-08;3.91972e-07;0.0065216;9.82748e-07;7.54594e-08;0.91909;0.00124045;4.914e-07;3.09917e-07;0.000111301;0.000268618;3.05372e-07
1.27272e-05;0.838127;3.38296e-08;4.40935e-08;3.02212e-06;1.24368e-08;6.94126e-11;0.161795;2.58729e-08;5.0179e-09;2.11832e-09;3.23892e-05;2.86215e-05;1.11294e-06
4.70031e-06;0.514771;1.64821e-07;3.23917e-05;8.72781e-06;7.32271e-06;1.17238e-07;0.00199592;1.14553e-07;8.63738e-07;5.17175e-08;0.000139206;0.48273;0.000309722
3.32181e-08;1.78633e-05;1.04735e-07;9.90665e-08;1.15329e-07;1.21602e-07;5.05152e-11;2.44821e-05;1.41019e-11;3.07943e-10;2.41183e-10;0.999952;3.11326e-06;2.46996e-06
5.00052e-07;0.999115;7.91627e-08;2.86659e-08;6.19316e-08;5.00183e-09;0.000530808;0.00033514;3.33338e-08;8.45031e-07;9.57135e-08;2.68133e-10;7.47136e-07;1.71784e-05
1.54989e-12;3.46884e-12;1;3.68595e-11;1.25099e-12;5.17112e-12;3.60924e-11;1.06196e-13;9.00365e-12;9.23971e-13;1.2245e-10;1.09823e-07;2.6549e-13;1.89483e-11
1.17971e-05;0.930148;0.000472867;4.42562e-06;1.4724e-05;1.7276e-05;2.92093e-06;0.04479;8.57652e-07;1.42726e-06;8.05858e-07;0.00275659;0.00027633;0.0215023
1.2924e-07;0.00124885;2.61144e-10;5.09134e-08;1.42549e-07;1.25974e-07;1.02957e-08;0.000190789;5.29307e-08;1.79653e-09;3.18099e-06;8.24698e-05;0.998474;3.0773e-07
5.58926e-08;0.00424349;4.84149e-09;6.12025e-10;1.91881e-07;3.11031e-08;2.01762e-11;9.25035e-05;2.25514e-10;1.91752e-09;7.02032e-10;0.989594;0.00606754;2.64731e-06
2.25573e-09;0.000524899;2.62607e-12;2.89815e-08;2.31744e-08;2.56789e-06;8.22601e-09;4.55066e-07;2.15319e-10;7.44958e-09;1.46804e-09;3.18489e-08;0.999472;3.56966e-08
1.47021e-06;0.000854954;0.988945;9.80667e-05;0.000135026;9.85382e-06;6.76865e-08;0.000143333;4.36827e-09;5.53049e-05;1.11835e-08;0.00966879;1.33688e-05;7.44936e-05
2.49232e-06;0.00594666;3.78055e-08;0.00033825;3.90044e-06;0.000117409;0.000191496;0.000317283;3.71562e-05;2.34947e-05;0.00101064;5.01352e-07;0.991954;5.71497e-05
2.64598e-05;0.0143486;0.98293;3.5837e-05;5.65935e-06;1.42552e-07;0.000884895;2.13787e-06;8.12932e-07;0.00111416;3.62706e-06;0.000626735;6.9662e-08;2.03481e-05
4.33072e-08;4.95412e-09;0.999998;3.27086e-08;1.85282e-07;4.13189e-09;4.50723e-08;1.48624e-09;3.76171e-07;3.86456e-09;6.51454e-08;1.31042e-06;1.03496e-10;8.94892e-10
0.000276071;0.412926;2.14315e-05;6.89089e-06;2.84015e-05;4.29886e-07;2.34397e-07;0.308047;7.66089e-05;5.19646e-07;2.25487e-05;0.255096;0.0234965;2.00643e-06
6.82972e-06;0.972408;2.45147e-06;5.82486e-06;5.05304e-05;3.5061e-06;1.38411e-08;0.0227525;3.61931e-07;6.24239e-07;1.01688e-06;0.0015096;0.000789265;0.00246918
9.42876e-07;0.950712;7.44055e-09;1.71804e-07;6.79936e-09;3.64487e-08;1.9578e-05;1.23196e-07;5.65937e-08;1.08504e-06;3.82698e-07;2.32033e-05;1.62147e-05;0.0492263
9.37181e-05;0.000114384;4.46762e-05;1.22572e-05;6.11314e-08;6.47209e-08;0.603126;8.57142e-05;0.337984;4.95044e-07;0.0582795;9.08265e-07;0.000258562;1.90486e-08
1.34572e-07;0.999982;1.4859e-13;3.00428e-09;1.72283e-09;7.76211e-10;4.23226e-09;1.60487e-06;2.96626e-07;2.96809e-08;6.10149e-10;1.09643e-11;3.30259e-06;1.31845e-05
6.09475e-11;2.69696e-11;0.999953;7.309e-10;3.91708e-12;3.95168e-14;2.98482e-12;5.27587e-12;1.35782e-10;3.67332e-11;2.17023e-11;4.72717e-05;2.58427e-15;9.69847e-12
1.1431e-06;5.18034e-05;1.9844e-08;4.0779e-06;0.000120118;1.21983e-08;8.33922e-09;0.999797;2.32553e-05;2.69508e-08;1.76456e-06;2.26673e-07;2.7183e-08;8.18406e-07
1.68966e-06;4.46185e-06;3.01952e-07;1.17047e-07;9.46761e-06;2.46719e-08;1.28451e-07;0.999873;1.5191e-05;2.54018e-07;1.134e-06;4.62815e-08;9.43914e-05;1.18509e-11
4.58273e-08;6.04176e-06;0.99998;3.61699e-07;1.85004e-06;3.22605e-07;7.04489e-08;1.13538e-08;3.00018e-09;7.83064e-06;1.29568e-08;1.4746e-06;1.11095e-07;1.67163e-06
1.49349e-05;0.967279;4.85816e-06;9.84364e-05;6.93263e-06;1.5634e-05;0.000154515;0.0129971;0.00984633;1.04575e-05;0.00664567;0.000968745;0.00127703;0.000680113
