3.91364e-07;1.14518e-07;3.51102e-11;1.092e-09;1.67157e-08;1.62846e-10;2.69842e-09;0.999997;2.76244e-06;2.14429e-10;1.8452e-08;1.35358e-10;6.65625e-08;1.4084e-09
8.3637e-07;0.000956767;2.9738e-05;5.29827e-07;0.000169471;1.95329e-08;1.37504e-08;8.56562e-06;4.85883e-07;2.32539e-08;1.13506e-08;0.998567;1.02956e-08;0.000266662
2.12036e-06;0.967578;1.37031e-11;2.00816e-07;1.03592e-06;3.931e-09;1.73399e-05;0.000289651;9.62181e-07;3.57091e-08;1.24118e-06;1.09462e-05;0.0318057;0.000292571
7.03998e-07;0.00185031;0.000114596;4.72067e-05;1.86667e-05;3.84903e-05;2.16309e-06;0.00035203;4.16834e-06;3.53722e-07;1.28746e-05;0.000517327;0.996872;0.000169454
2.51884e-07;2.29984e-05;0.990264;1.9706e-05;0.000148361;3.20572e-06;9.66762e-09;1.52756e-06;6.45407e-09;1.8163e-07;7.13898e-09;0.00182899;2.35056e-07;0.0077104
0.000105836;0.056692;9.95885e-06;0.000421474;3.73635e-05;0.00010414;0.000131018;0.00470485;0.00140973;2.28709e-07;0.0106985;0.00555208;0.920131;1.6783e-06
6.94649e-06;0.00224239;4.91185e-05;1.07893e-05;7.01278e-06;8.94589e-06;2.20132e-08;0.997599;2.57992e-06;6.51646e-08;1.99022e-06;7.35157e-06;6.21975e-05;1.37263e-06
3.25606e-07;8.1229e-07;1.23361e-05;1.77089e-06;2.70097e-08;5.89751e-07;1.63898e-10;6.00328e-08;6.96637e-06;5.48397e-09;4.3902e-06;0.999864;7.19621e-09;0.000108546
4.68573e-06;1.38558e-05;4.49444e-09;4.97931e-10;4.35504e-08;4.47623e-08;1.7655e-10;7.85163e-06;1.28817e-06;1.7574e-10;5.98745e-08;1.45453e-07;0.999972;2.41974e-10
3.43378e-06;0.0173989;5.59207e-05;7.39112e-07;3.44996e-05;1.3743e-07;1.83236e-10;0.00032354;5.43479e-06;2.68158e-08;1.56345e-07;0.981993;0.000148826;3.55696e-05
3.15134e-05;0.00121495;6.65391e-06;1.11835e-07;0.000619251;7.81069e-08;2.55008e-09;0.99812;3.35019e-07;1.32806e-07;2.70494e-10;1.30086e-06;4.58541e-06;1.55778e-06
1.78194e-06;0.000129266;1.6542e-08;2.79165e-07;0.00999777;3.25074e-07;2.1786e-09;0.989842;2.01637e-05;2.82775e-08;7.50892e-08;2.57416e-06;5.48096e-06;2.9459e-08
6.14717e-06;0.000816138;0.992777;5.28709e-06;0.00568362;4.71248e-05;1.43992e-08;4.5469e-06;3.07671e-08;2.5971e-05;1.8691e-08;0.000175381;6.13212e-06;0.000452115
6.22458e-08;0.99991;7.80816e-11;5.87217e-09;1.35473e-07;2.92739e-09;1.0173e-08;7.08594e-05;1.92553e-06;2.20164e-10;3.84695e-08;4.45646e-06;1.29496e-05;2.0037e-08
1.01672e-07;0.996641;3.45261e-10;3.38789e-09;5.36652e-09;1.63035e-10;1.05851e-09;3.3221e-06;1.99958e-09;2.14527e-10;5.04767e-11;4.00341e-08;0.00335571;1.32246e-10
7.87567e-06;0.23801;0.000166575;9.65819e-05;0.000124767;0.00176062;3.00371e-09;0.0156855;1.2994e-07;3.72388e-06;2.89985e-09;0.0483465;0.000136317;0.695662
1.52567e-05;0.00754944;3.22829e-07;0.000118998;0.91569;0.0339305;1.4803e-06;0.0265115;3.65854e-05;5.10471e-06;6.93307e-05;0.0010968;0.000570692;0.014404
4.13314e-05;0.02983;0.0959487;7.54014e-05;0.00389512;0.0210754;5.8772e-08;9.05576e-05;3.70119e-09;6.42528e-06;2.6372e-06;0.407062;0.426462;0.0155109
5.13177e-05;0.495878;1.02629e-11;3.64258e-05;0.000199165;3.45222e-05;4.48026e-07;0.0692289;4.54036e-06;1.71553e-06;2.07402e-05;0.00067606;0.43343;0.00043801
7.62637e-07;0.00124394;1.31905e-08;2.17386e-06;0.00902549;1.18657e-06;3.98292e-10;0.987242;3.34741e-09;2.88029e-07;1.82049e-08;0.00243986;2.75038e-06;4.13082e-05
5.55417e-06;0.137165;0.856654;4.13801e-05;6.65202e-05;0.00024418;1.54201e-07;6.41481e-05;9.22961e-11;3.29563e-05;1.0087e-07;0.0052353;0.00013929;0.000351307
4.24522e-06;0.000315918;3.15039e-08;5.79885e-07;3.5263e-06;6.39909e-06;2.00777e-05;0.000240458;2.37258e-07;1.49695e-07;8.51416e-05;0.000648707;0.998673;1.00484e-06
8.50969e-06;0.000288126;4.93663e-07;4.29179e-06;0.000208299;5.13678e-06;1.52927e-08;0.000348486;1.30277e-05;9.82895e-08;8.36671e-06;0.995048;0.00406401;3.47796e-06
0.000111778;0.990499;4.08475e-06;1.3028e-08;1.85637e-08;1.89006e-08;3.76192e-07;2.88303e-06;2.34393e-07;3.58913e-08;9.28691e-09;0.00404629;0.00533535;7.48769e-08
1.60025e-09;1.82444e-06;2.6145e-08;3.27544e-07;0.00123856;4.71614e-06;5.60389e-11;1.62198e-05;1.90017e-07;3.87699e-09;2.11335e-08;0.998733;2.00596e-07;5.14214e-06
6.21137e-07;0.65683;0.000257042;3.97139e-06;1.69647e-07;6.48491e-07;4.75999e-08;1.46788e-08;4.22089e-10;2.54267e-07;3.08211e-07;3.83972e-07;0.342906;4.3527e-07
0.000550996;0.0536944;0.000925094;9.48169e-05;0.00163754;7.38599e-05;2.61782e-05;0.110207;0.000708878;3.11788e-05;0.00032308;0.741094;0.0887616;0.00187114
1.4908e-05;0.0107539;0.000570761;2.9195e-05;0.266599;0.426269;2.16539e-06;0.0668457;1.22664e-05;1.89578e-05;6.01859e-06;0.0261027;0.00183842;0.200937
6.0557e-07;0.00654158;2.22197e-07;4.13941e-06;9.14149e-06;1.87048e-05;1.51468e-07;7.40565e-06;5.09735e-08;2.54245e-07;2.41895e-06;0.000110384;0.993281;2.3558e-05
4.91044e-05;0.0333734;0.000416643;4.32761e-05;0.000250644;1.59545e-05;1.91629e-07;0.0203992;7.90613e-07;5.55505e-06;2.17317e-05;0.899083;0.0462848;5.5321e-05
4.25729e-07;0.996916;2.80093e-06;2.25546e-05;5.86525e-05;2.04146e-05;6.2769e-07;0.00155698;2.22746e-06;2.58394e-06;7.14538e-05;0.000425069;0.000867083;5.34792e-05
4.33351e-08;3.15694e-05;8.67331e-06;7.51694e-06;0.0222971;0.758483;1.06161e-07;0.000187667;3.13455e-08;5.06094e-05;1.4444e-06;3.10766e-05;0.00013211;0.218769
4.54227e-07;0.000810525;1.03571e-07;2.0358e-07;4.59934e-07;2.20245e-06;3.41381e-06;4.56387e-06;9.3473e-08;5.11059e-08;6.5226e-05;4.61875e-07;0.999112;7.23802e-09
4.73476e-06;0.00115505;2.31806e-07;2.80179e-06;0.000349431;8.3013e-07;1.15284e-09;0.00119625;1.61149e-07;8.99334e-07;2.14967e-07;0.995639;0.00164843;1.66227e-06
6.26067e-06;0.00533326;2.75174e-08;1.29961e-05;0.000134244;2.91287e-06;1.25428e-06;0.993387;0.000515012;8.0421e-06;3.33593e-05;9.25944e-05;0.000471755;1.52104e-06
0.000221565;0.949273;0.000491286;0.00016582;0.000216623;1.38779e-05;7.42957e-06;0.00851331;0.000165279;0.000137932;0.000114733;0.00474055;0.0344348;0.0015034
6.79942e-05;0.968787;2.40553e-10;7.81955e-07;5.47448e-07;6.01708e-09;0.03057;3.09614e-05;5.48881e-06;0.000134989;1.62559e-06;2.92759e-08;3.30234e-05;0.00036773
4.79752e-13;3.30833e-15;1;5.16733e-15;7.2206e-15;2.61175e-16;3.36452e-14;5.09539e-15;6.09776e-12;3.17175e-15;2.82242e-13;1.28841e-11;4.33427e-15;3.13291e-15
2.90559e-06;0.992012;1.75657e-10;1.68469e-08;1.08662e-08;1.23874e-09;3.61682e-06;1.71065e-05;6.55934e-06;1.47095e-06;1.42522e-08;1.56669e-06;1.02661e-06;0.00795389
0.000287587;0.135541;3.17259e-06;5.41414e-06;5.79869e-05;2.34066e-06;0.0113297;0.609997;0.236712;8.42835e-06;0.00168151;6.35092e-07;0.00437334;6.17239e-08
3.18032e-07;1.45797e-05;0.999967;8.40106e-09;3.70868e-07;3.92836e-09;1.79044e-10;5.43447e-08;1.37394e-08;7.75372e-09;3.2122e-11;4.67046e-06;1.32865e-05;1.00812e-07
7.49961e-05;0.571195;5.35516e-08;1.16228e-05;1.22433e-06;1.87176e-06;0.346406;7.15541e-05;0.000539777;0.071584;1.01636e-07;1.50318e-08;0.000334799;0.00977892
1.88451e-09;2.05975e-11;1;8.89666e-09;1.78033e-10;7.60389e-10;8.19027e-08;2.67561e-11;4.19868e-07;1.51836e-08;1.96135e-09;2.09209e-08;1.10104e-12;4.15977e-10
0.00112431;0.644892;8.141e-08;0.000179606;4.62356e-05;2.02464e-05;0.000143687;0.133099;0.211096;1.85631e-05;0.00125236;0.00289606;0.00520092;3.01176e-05
2.49842e-06;0.0076962;5.55822e-08;1.96785e-08;2.37144e-07;1.96247e-09;1.86638e-08;0.992254;9.15865e-07;9.84737e-08;1.95222e-09;4.07368e-08;4.61254e-05;2.84948e-08
9.85767e-06;0.682039;0.00044625;0.000113891;0.00130591;0.000193963;0.000334352;0.280461;7.74086e-05;0.000284518;2.58895e-05;0.00677903;0.00103018;0.0268985
1.06279e-08;1.79732e-06;0.999992;4.15087e-08;4.94642e-11;1.42244e-10;2.37824e-06;6.35295e-08;9.04051e-07;9.47758e-09;2.99737e-06;1.2501e-10;7.51203e-08;2.28445e-11
1.71843e-07;0.000198824;0.00141656;1.18776e-06;1.63285e-08;2.35426e-09;1.51686e-08;6.7739e-07;1.24123e-05;2.66843e-08;7.26612e-07;0.998361;1.04186e-08;8.82194e-06
3.51488e-05;0.996814;4.59053e-06;7.84254e-07;0.00013125;3.85598e-06;9.69537e-07;0.00041911;3.62819e-05;6.97326e-06;1.46865e-06;1.35256e-05;0.00220891;0.000322625
5.49931e-07;0.999342;3.24279e-10;1.59025e-09;5.5324e-07;2.90508e-07;1.74115e-08;1.79229e-06;4.85663e-10;8.74126e-07;4.53564e-12;7.30643e-08;4.4405e-07;0.000653329
8.80239e-12;8.39572e-14;1;3.4434e-13;2.3407e-09;1.79653e-12;2.51776e-15;1.17413e-10;2.19673e-11;4.2018e-14;1.41221e-14;1.77932e-10;3.12169e-16;5.11354e-12
2.1203e-08;6.35777e-07;2.10413e-09;3.69138e-11;1.43789e-07;2.77683e-08;4.45565e-14;0.999996;1.17923e-08;5.02794e-12;1.42141e-12;1.92301e-06;8.7553e-07;2.82748e-10
6.74408e-10;0.999995;1.11947e-12;9.00626e-11;1.72587e-11;8.51795e-12;1.45392e-10;3.9587e-06;1.10133e-10;1.11698e-09;5.29252e-13;2.13943e-11;3.32828e-09;1.32557e-06
6.37902e-06;0.00354644;6.37343e-08;2.22841e-05;4.89367e-07;2.07877e-06;5.41513e-05;0.993577;0.0023978;1.42742e-07;3.32476e-05;7.24833e-07;0.000358872;1.71596e-07
1.38072e-05;0.000501977;6.43723e-08;1.83297e-07;3.02769e-07;8.34233e-08;4.85828e-09;0.00119239;1.60021e-07;5.16798e-08;3.32384e-09;7.98151e-06;0.998283;4.78764e-09
2.49055e-10;4.95058e-06;1.58418e-08;1.06978e-09;1.12685e-09;2.86656e-12;1.49922e-12;5.09722e-09;3.14446e-11;1.42072e-12;1.28044e-10;0.999995;5.76237e-09;8.48925e-09
1.70268e-05;0.0700942;1.9492e-06;5.54856e-05;0.187288;4.17188e-06;1.29134e-07;0.732198;7.17365e-07;3.11637e-06;1.88403e-07;0.000330466;0.00049678;0.00950945
0.00125457;0.0135897;2.21695e-08;3.36962e-05;0.225139;1.30759e-06;2.67131e-06;0.758481;8.7252e-05;2.88892e-05;3.82661e-06;0.0007008;0.000676502;1.09238e-06
2.0061e-05;8.56747e-07;0.999922;6.52366e-08;2.97559e-05;3.33326e-08;3.97051e-09;2.32705e-08;6.39904e-08;5.43774e-07;2.22531e-09;2.34217e-05;3.73426e-08;3.28401e-06
0.00110433;0.2934;8.79487e-07;1.13657e-05;3.82545e-05;3.64017e-06;1.1835e-05;0.0342713;0.669557;6.7583e-07;0.00113855;1.38781e-05;0.000357099;9.07245e-05
