1.19512e-06;0.999945;1.86799e-05;2.47335e-06;1.50454e-07;5.1947e-09;6.35698e-08;1.19823e-05;3.44984e-08;4.4124e-08;6.83484e-08;7.02589e-06;2.19559e-06;1.11668e-05
5.11126e-07;5.81011e-07;6.92638e-12;5.64249e-10;1.18083e-08;4.14122e-10;1.55866e-09;0.999999;1.08611e-07;4.74743e-10;5.40596e-09;3.9193e-09;1.82033e-07;3.02671e-11
2.55789e-09;3.685e-06;2.24125e-09;7.14947e-08;5.19604e-06;1.7817e-07;1.943e-12;1.12274e-06;2.07845e-08;8.23944e-10;6.07525e-09;0.999765;4.67578e-08;0.000224489
4.11379e-07;0.935835;3.12118e-12;1.66196e-08;1.28849e-09;8.33572e-10;3.17441e-08;3.30383e-06;2.43197e-07;1.80517e-10;1.89544e-06;9.39414e-06;0.0641492;1.86499e-07
1.19333e-06;0.766092;0.207965;1.80273e-06;3.4957e-05;5.16677e-07;8.26139e-09;0.000734851;3.41344e-10;4.91752e-08;4.53982e-10;0.00061207;3.60105e-05;0.0245221
2.23966e-08;2.48955e-05;9.91352e-10;2.29013e-06;0.000363656;0.0525721;5.07114e-09;4.34893e-05;7.80032e-10;3.31314e-07;5.78839e-09;3.23006e-06;0.00873579;0.938254
5.61733e-08;5.90351e-06;0.6962;2.57996e-06;2.29693e-09;4.64829e-08;5.9113e-06;6.79993e-10;8.23008e-10;1.98671e-05;8.03089e-08;0.303763;2.54462e-07;2.02594e-06
5.55824e-08;6.89243e-09;0.999189;1.64843e-07;1.91359e-10;2.70604e-09;5.87917e-05;6.6543e-10;6.91805e-06;1.22417e-08;0.000744714;1.21432e-07;2.56266e-07;4.81268e-11
7.34866e-07;0.998854;3.41625e-09;3.34759e-08;6.56665e-07;5.546e-08;3.86016e-06;0.00111887;1.49244e-07;2.2273e-06;4.34005e-07;2.39782e-09;8.75135e-06;9.76466e-06
6.03195e-13;2.69074e-12;1;1.78215e-11;2.28595e-13;1.17121e-13;1.34824e-11;2.10025e-14;3.95814e-13;1.28004e-11;2.56243e-11;2.62405e-08;1.25082e-14;1.50034e-12
1.1418e-08;3.03378e-06;4.31778e-06;1.0845e-07;9.59148e-08;7.03045e-09;3.96725e-08;0.000140671;7.25514e-08;2.53977e-09;1.13828e-05;0.99984;6.84897e-08;3.2447e-08
4.33294e-07;0.694536;9.80555e-06;2.53396e-05;0.000679527;7.52492e-05;3.12509e-07;0.302488;1.07041e-07;1.43006e-06;2.26326e-05;5.82807e-06;0.000705288;0.00145005
1.08061e-07;0.0022725;0.000274704;8.75712e-07;6.91085e-08;2.01398e-05;7.97653e-07;5.45335e-07;2.52298e-08;1.19043e-06;7.99467e-07;0.00115459;0.996248;2.60639e-05
6.53153e-09;2.20824e-06;0.99997;1.06109e-08;8.47948e-09;4.81782e-10;1.74449e-07;5.7969e-09;5.70552e-11;1.7791e-07;1.57352e-10;2.69699e-05;3.86361e-08;4.82675e-10
9.46515e-09;4.38059e-09;0.999993;7.48854e-09;1.9337e-10;1.32974e-09;3.39581e-07;4.31057e-10;4.06501e-07;4.22262e-09;4.90203e-07;5.52715e-06;2.80145e-10;1.62841e-09
2.62348e-07;0.999117;3.93741e-08;5.60166e-10;8.41406e-11;1.59774e-10;1.28552e-07;2.70433e-05;1.02099e-08;7.48134e-10;1.00866e-08;5.64014e-06;0.000849428;1.5131e-11
4.90007e-08;0.00793186;4.90825e-07;3.42184e-06;2.25623e-05;0.00110706;1.52122e-07;0.0132378;3.50375e-07;3.2717e-06;1.76766e-07;1.23821e-06;0.000347807;0.977344
2.10983e-11;4.31172e-10;1;6.69214e-10;8.3398e-11;6.1681e-11;3.20365e-10;7.79486e-10;5.61822e-11;4.56746e-11;3.3835e-10;3.65957e-10;1.0279e-10;2.00222e-11
1.92908e-07;0.000451027;0.866555;5.53776e-05;3.71308e-07;2.36117e-06;2.14539e-07;0.000115628;7.36398e-06;5.79154e-08;1.08559e-05;0.132714;5.69927e-07;8.65667e-05
5.62804e-08;0.00216461;2.06025e-06;4.99449e-08;9.2662e-06;0.000315039;6.11677e-10;3.2894e-06;1.66856e-10;5.13539e-08;1.86844e-10;1.04541e-06;1.5634e-06;0.997503
1.08805e-07;0.98734;1.97618e-09;6.39076e-08;2.08173e-07;3.56373e-08;6.74467e-08;0.00675952;1.81638e-09;6.38878e-09;4.05694e-07;1.55182e-05;0.00588337;2.78866e-07
6.30487e-05;0.185779;2.95528e-06;0.000457793;3.45662e-05;4.12704e-05;1.45751e-07;0.00629752;8.20534e-06;1.361e-05;9.24759e-06;0.0069646;0.80025;7.82478e-05
7.35802e-06;0.365284;0.125735;4.25647e-05;1.80741e-05;7.3613e-07;9.89586e-09;0.00031992;2.07271e-09;1.1556e-06;2.72224e-08;0.507905;2.03395e-07;0.000685866
8.39978e-07;0.678637;1.45336e-12;1.57245e-06;8.2245e-06;1.35531e-06;0.00280147;0.00149755;6.6104e-10;0.000377399;2.35035e-09;5.39045e-12;2.67909e-06;0.316672
1.43842e-13;1.672e-14;1;1.81616e-12;5.6518e-13;1.68485e-11;3.41366e-12;1.64979e-13;9.85916e-14;1.23656e-12;8.36735e-12;8.58243e-10;6.62147e-15;1.77183e-12
6.66193e-07;0.387843;1.13636e-08;4.32599e-07;1.16727e-07;1.07846e-07;1.43148e-06;0.00144936;3.49127e-07;1.93652e-08;5.76352e-05;1.0139e-06;0.610645;3.17363e-08
2.11284e-05;0.540749;5.68081e-05;4.11944e-06;1.19299e-05;7.3595e-06;4.64445e-08;0.0294583;3.88543e-07;9.37567e-06;1.00493e-06;0.417955;0.0110708;0.000655161
1.14011e-05;0.0609525;5.75031e-07;7.41953e-05;0.000372531;1.95774e-05;5.98863e-05;0.322929;4.29813e-05;1.14579e-05;0.0001328;0.615;0.000218398;0.000174194
0.000195859;0.65421;0.000458848;3.83522e-06;5.49425e-07;4.23215e-07;4.34575e-06;0.0276091;5.51751e-05;3.88419e-07;0.000904292;0.073516;0.243041;2.57068e-07
9.99413e-05;0.289563;0.000597809;3.89232e-05;0.00118115;7.5298e-05;0.00100554;0.00761039;0.000123051;0.00603421;2.16337e-06;1.72456e-05;0.641454;0.0521977
5.18628e-07;4.05932e-08;0.999892;8.97061e-08;3.57654e-08;4.33759e-09;1.36607e-06;2.77652e-08;0.000104083;8.2401e-08;1.91001e-06;1.90442e-07;1.1859e-09;3.86423e-09
9.48327e-06;0.000832934;0.00181566;4.5521e-06;4.25608e-07;3.12037e-07;3.16761e-08;0.0174629;0.000318302;5.97719e-07;2.20542e-06;0.979541;5.56256e-06;5.6476e-06
9.73384e-05;0.942285;9.60264e-05;0.00124953;0.0028245;0.00620937;4.1228e-07;0.00112934;0.000783141;0.000300485;0.000182005;0.000642703;0.0439484;0.000251848
5.18974e-06;0.013505;0.0126744;2.48085e-07;7.11631e-07;4.66744e-09;8.34152e-10;2.42676e-07;2.33039e-09;9.19621e-08;5.47462e-09;0.973808;1.31707e-06;4.496e-06
3.61015e-06;0.965726;4.80123e-10;5.33515e-06;0.000399322;7.38695e-06;0.000407427;0.032994;2.83303e-06;0.000324141;2.01234e-08;3.15792e-06;2.10233e-05;0.000105581
7.15119e-08;1.67712e-06;0.986807;5.37504e-08;3.05333e-09;1.20619e-06;9.50928e-10;8.13819e-06;9.54074e-10;2.36651e-09;1.69167e-09;2.32987e-08;0.0131814;3.45341e-10
5.03797e-06;0.632751;0.362098;1.97799e-07;2.32489e-07;1.59653e-07;7.11655e-09;2.57234e-05;2.87224e-10;1.62741e-07;6.54132e-10;0.000786837;0.00432885;4.01118e-06
1.33662e-06;0.817066;8.84677e-10;4.93103e-06;0.00013008;1.38322e-05;2.19124e-07;0.181812;1.02714e-05;1.20174e-06;1.01968e-06;0.000482521;0.000220303;0.000256995
2.94649e-06;0.0239708;7.84228e-07;6.70912e-07;2.46126e-05;4.26293e-06;7.4813e-10;0.00480437;4.51853e-07;9.24632e-09;1.5615e-07;0.95985;0.0113385;2.47862e-06
0.000149686;0.468851;6.95386e-07;7.27911e-06;0.00049516;0.000107624;9.53061e-06;0.367366;4.10403e-05;6.3075e-05;1.87097e-08;5.15376e-09;0.152228;0.0106807
2.74373e-08;5.78903e-09;1;6.32844e-08;1.01237e-09;4.31068e-09;1.47726e-09;1.04876e-09;8.25323e-08;1.33942e-09;8.99144e-10;1.09651e-07;5.60702e-09;1.42423e-08
9.06927e-06;3.58746e-06;0.884603;6.40292e-06;5.78094e-08;1.20813e-07;4.66063e-08;0.000162232;0.000446643;2.60329e-08;1.28597e-06;0.114766;1.12252e-06;4.77754e-08
2.51794e-06;0.233246;8.0994e-05;0.000138603;0.000962072;0.000507497;4.42928e-08;1.6509e-07;4.19257e-06;1.26163e-06;3.51617e-06;9.80012e-05;5.09949e-05;0.764904
1.50282e-07;0.000194241;2.10957e-07;3.19039e-09;2.11456e-05;1.54398e-08;3.00651e-12;0.999768;1.03953e-10;6.52002e-10;9.3343e-12;7.5204e-07;9.37388e-06;6.25478e-06
8.42315e-10;2.45529e-06;0.99999;1.26391e-08;3.49336e-06;7.50855e-08;4.57803e-12;1.9733e-09;9.02828e-13;2.4817e-09;3.11778e-12;3.13603e-06;4.63693e-08;4.8247e-07
0.000356211;0.217696;0.000379898;0.000455631;2.31687e-05;3.90529e-05;3.5345e-05;0.476629;0.00305319;1.68253e-05;0.00426566;0.000807658;0.296228;1.4538e-05
