8.23729e-06;0.933935;7.91413e-09;5.62979e-09;6.78655e-09;1.68203e-10;9.56927e-09;3.01618e-06;8.69931e-08;1.53553e-10;6.6285e-08;0.0268527;0.039201;6.03171e-11
1.01082e-06;0.731751;1.44249e-10;1.91232e-06;1.18586e-05;1.93797e-05;1.31048e-07;8.71947e-05;3.21409e-07;6.86039e-07;2.80756e-08;0.00237236;0.012094;0.25366
1.20762e-05;0.0782216;7.17613e-06;1.0362e-05;0.00130411;0.00120499;1.23788e-06;0.207456;7.68588e-07;4.48559e-06;9.80861e-07;0.70995;0.00137955;0.000446424
2.93239e-07;0.000948502;2.32271e-10;1.28772e-06;3.57114e-07;0.000930421;1.20965e-07;5.49814e-06;8.2861e-07;3.10972e-08;7.75685e-07;7.00212e-09;0.998054;5.8118e-05
6.14673e-08;1.07938e-06;0.999997;3.92429e-08;3.74746e-08;5.28516e-09;1.62548e-10;1.17109e-08;1.15577e-10;3.94028e-09;2.3545e-10;1.93261e-06;1.29837e-08;2.90975e-07
3.26134e-06;0.980456;5.43515e-08;3.46506e-05;4.13648e-06;2.47416e-05;2.37265e-07;0.0182616;0.000221978;5.35284e-07;0.000116594;5.84078e-06;0.000198859;0.000671707
1.77109e-06;0.00372677;1.06042e-08;3.74504e-06;0.00100119;0.00187576;1.1811e-08;0.986609;2.53233e-05;1.16701e-06;2.40618e-06;0.00197616;0.00195095;0.00282585
2.38568e-05;0.0734788;2.05586e-08;2.6015e-05;2.29849e-05;1.22175e-05;1.45979e-05;0.000641114;2.0295e-05;5.93255e-06;0.000239422;0.0011794;0.924331;4.28895e-06
0.00048761;0.131008;0.0115203;0.00501515;0.38495;0.00412853;5.20753e-07;0.444577;6.34727e-06;0.000253079;1.71364e-05;0.00130599;0.0161349;0.00059603
0.00272351;0.0183054;1.53214e-08;9.84005e-06;0.00120869;5.85175e-07;8.25962e-05;0.971513;0.00354769;7.68157e-06;5.55579e-05;2.21087e-06;0.00254334;3.61844e-07
2.87282e-05;6.53426e-06;0.99837;7.55409e-05;0.000214801;0.000145645;2.88038e-07;3.6885e-08;5.52344e-06;5.5629e-06;3.40445e-07;0.00101971;2.01953e-05;0.00010737
0.048804;0.0807703;9.81743e-07;5.71452e-07;8.49513e-07;2.53133e-09;1.03242e-05;0.661005;0.206953;3.33488e-08;0.000504253;0.00107593;0.000874019;3.51474e-07
2.27541e-09;9.73685e-09;0.999997;5.45142e-10;4.839e-07;1.96509e-12;6.4891e-12;8.84906e-07;3.22778e-09;8.24766e-11;4.63014e-12;1.91615e-06;3.69892e-11;3.43612e-09
1.58842e-06;0.980007;8.0557e-08;2.01307e-06;9.73446e-08;4.00433e-09;5.80629e-05;6.82074e-09;1.64177e-05;2.19567e-05;6.19215e-07;1.14535e-07;6.16859e-08;0.0198917
0.000281895;0.000217546;7.32592e-07;4.79748e-08;1.02525e-08;1.19906e-09;0.016939;0.000922387;0.980313;1.0504e-08;0.00132469;9.04016e-08;1.88089e-07;1.40386e-09
4.86277e-06;0.967396;2.94569e-11;1.11054e-08;2.71951e-10;9.72887e-09;4.84264e-08;3.12838e-05;5.4492e-06;1.02933e-08;4.79437e-08;4.87753e-08;0.0325622;1.98878e-07
3.49624e-07;0.000901778;5.54962e-05;3.71959e-08;1.16663e-08;7.71494e-10;1.7633e-10;4.01087e-06;2.53387e-07;1.2829e-09;5.35254e-08;0.999036;8.21707e-07;8.38133e-07
1.00281e-05;0.144059;5.62492e-07;0.000237324;0.464852;0.00389447;1.62748e-06;0.0871195;2.42942e-05;0.000106749;1.75911e-06;0.0108159;0.272939;0.0159372
1.24865e-08;2.69668e-06;9.35699e-11;6.56453e-09;3.10784e-10;1.2995e-06;4.79989e-09;7.30172e-10;8.47397e-08;9.88068e-10;1.04343e-08;1.60066e-10;0.999996;5.73887e-10
2.68344e-08;5.77675e-07;0.999999;2.15019e-08;6.53554e-09;6.19426e-10;1.16672e-10;1.84544e-08;6.3013e-10;1.34326e-08;1.40148e-11;1.41613e-07;2.31067e-10;1.33996e-08
2.22778e-07;0.997016;3.51108e-08;2.83448e-06;2.17604e-08;3.03141e-07;8.46899e-07;0.00277887;0.000133708;1.59627e-07;8.27163e-06;9.40731e-08;5.64245e-05;1.80006e-06
