3.8099e-05;0.0560183;4.98515e-09;4.82335e-05;3.71537e-05;6.86831e-06;1.04939e-06;0.940367;0.000139458;1.05196e-06;2.07061e-05;0.000640494;0.00193096;0.000750789
1.31732e-05;0.98006;1.42539e-05;2.96775e-05;1.75675e-06;2.78574e-06;6.32567e-07;3.17697e-07;9.75958e-09;1.99672e-05;6.37417e-07;0.0037739;0.0160787;3.8612e-06
6.6291e-05;0.000809604;4.79554e-06;1.42953e-06;1.72225e-05;1.7977e-07;9.41859e-07;0.000200873;0.000192945;3.04091e-08;0.00096863;0.997119;0.000617688;7.01016e-07
5.91702e-05;0.107194;8.666e-07;1.12242e-05;0.0106131;0.000242235;2.15241e-06;0.72894;1.16359e-05;6.45559e-06;4.22351e-07;0.000105386;0.151429;0.00138544
0.000374967;0.809117;5.31235e-05;0.00146442;0.00115957;0.000484353;5.82495e-05;0.00697088;3.89504e-05;5.53751e-05;9.06863e-05;0.0741066;0.0827672;0.0232588
7.62455e-05;0.282798;2.11105e-09;0.000477327;0.00048331;0.00168331;4.38556e-07;0.70932;3.98601e-05;1.17553e-05;3.33168e-05;0.00121531;0.00195265;0.00190916
4.98502e-05;0.975823;1.54038e-08;4.98743e-07;1.98471e-08;1.36522e-07;5.15715e-05;0.00124577;9.6616e-07;1.58942e-05;6.4815e-06;2.74446e-08;0.0227613;4.40506e-05
3.45535e-10;2.63046e-10;1;6.78354e-10;9.19621e-11;3.0066e-11;4.53253e-09;9.5254e-11;7.61087e-09;1.67821e-10;1.55141e-09;6.13892e-08;4.18553e-11;2.00866e-11
7.53586e-08;3.2873e-07;0.999296;6.33656e-07;3.5252e-08;4.20569e-08;3.07245e-08;0.000218655;1.68587e-06;2.82151e-09;1.96479e-07;0.000482804;1.09805e-08;7.57009e-08
3.64602e-06;0.00173313;0.0443229;7.73851e-06;4.80195e-05;0.000246759;1.27568e-07;4.88467e-05;2.6054e-06;4.93723e-06;2.58754e-06;0.00591554;5.20355e-06;0.947658
3.72297e-08;0.000255362;9.69138e-11;1.65668e-09;1.33118e-08;7.2767e-08;2.30187e-09;0.000266193;1.88244e-08;2.91429e-10;1.39186e-05;1.88939e-07;0.999464;5.38937e-08
8.56237e-08;0.887496;2.18783e-09;2.54649e-09;2.69743e-07;2.22152e-08;8.13399e-08;3.80117e-05;2.7857e-10;1.12934e-06;7.98439e-11;2.26472e-10;3.23856e-06;0.112462
9.69407e-14;4.37786e-13;0.999976;4.30735e-12;7.46889e-12;4.94866e-12;1.05199e-13;5.6451e-14;3.65154e-12;2.56847e-13;2.41473e-12;2.35348e-05;4.61868e-15;1.27103e-13
4.55931e-06;0.106298;5.05729e-10;1.38698e-06;1.0221e-05;6.96139e-06;1.40582e-05;0.00146873;0.000544797;3.18456e-07;0.000168875;1.95743e-07;0.891468;1.31415e-05
2.28716e-05;0.500406;0.00521599;0.000166789;3.50848e-05;0.000286876;2.36789e-05;0.0380098;9.69542e-05;2.50115e-05;0.000842573;0.395111;0.0571461;0.00261118
0.000230953;0.128903;5.63754e-05;0.00181916;0.116057;0.092307;2.1637e-05;0.15369;8.14609e-05;4.48955e-05;0.000220345;0.0129543;0.212417;0.281197
0.00818724;0.261893;3.93491e-06;0.00039069;4.03051e-05;4.67027e-05;2.00684e-05;0.295701;0.0229551;3.43102e-06;0.00157482;0.0401183;0.368853;0.000211665
0.000300069;0.00390403;1.67125e-05;1.63991e-05;0.00162983;0.000201433;1.58199e-07;0.283605;1.29389e-05;1.50593e-05;2.68987e-07;0.00222844;0.00242976;0.705639
5.95014e-07;0.00550374;2.10638e-05;7.20276e-07;8.04234e-05;2.2615e-06;9.8446e-08;0.000159946;1.16245e-06;4.4915e-08;6.9977e-06;0.994078;4.06529e-05;0.000103873
1.86159e-05;0.677468;8.05022e-05;3.78753e-07;2.34361e-05;3.05736e-06;1.03393e-05;0.0439918;4.33881e-05;1.38263e-07;9.45673e-07;0.000297155;0.278059;2.92613e-06
8.11217e-05;0.470075;0.000188154;0.000361116;0.0306297;4.79196e-05;1.36297e-05;0.252132;0.00284812;1.85593e-05;0.00157846;0.210972;0.00415112;0.0269035
8.65952e-05;0.0196188;2.80412e-08;2.27014e-07;0.00424661;9.3694e-06;4.70835e-07;0.973987;0.000935698;3.55003e-07;1.22911e-05;2.56105e-05;0.000148109;0.000929158
1.7378e-05;0.998328;7.82075e-12;1.11107e-07;8.97876e-07;1.07821e-09;4.79125e-07;0.00136717;0.000277097;3.23809e-07;4.00409e-06;9.28827e-07;3.21318e-06;4.20559e-07
2.75336e-05;0.998866;2.19299e-06;7.91364e-07;0.000265006;1.223e-08;4.45057e-10;0.000370829;7.85088e-08;1.17551e-07;3.20599e-09;3.6064e-05;0.000428436;3.41329e-06
1.21387e-07;0.999952;1.75001e-12;2.11808e-09;3.92326e-09;7.54482e-12;1.71611e-07;1.18211e-06;1.53538e-09;1.83473e-06;5.05153e-11;5.89352e-11;3.01765e-06;4.20964e-05
8.57273e-14;1.45777e-14;1;1.67336e-13;1.05461e-12;5.34117e-15;2.02173e-13;1.93602e-15;6.57261e-13;1.14298e-13;2.88074e-13;2.22485e-07;8.85014e-18;7.94821e-13
5.20751e-06;0.944081;2.66519e-10;1.12934e-06;1.86106e-05;3.32713e-06;0.000162009;0.0302147;0.0196282;4.80671e-07;0.000190349;2.99955e-08;0.0056546;4.02647e-05
3.02523e-05;0.560034;2.44576e-05;7.29975e-07;2.53977e-06;2.48726e-06;1.00375e-06;0.00116858;2.20985e-06;1.57452e-07;2.50407e-06;0.391037;0.0476779;1.67956e-05
4.82393e-07;0.0431066;1.19285e-06;5.18234e-07;0.000352129;7.2861e-05;6.37153e-09;0.00112062;4.7123e-08;2.66786e-08;5.4963e-08;0.927558;0.0240658;0.00372163
3.25651e-05;0.939025;3.11611e-06;1.99703e-05;4.7083e-06;8.94061e-07;2.54664e-07;0.0163956;5.1754e-05;5.54015e-08;1.73442e-05;0.00341234;0.0404026;0.000633899
1.85124e-05;0.952275;0.000480185;3.64638e-06;0.000161578;5.06521e-08;2.00922e-09;0.0463917;4.92406e-08;3.50262e-08;4.47209e-09;0.000631026;1.78731e-06;3.62976e-05
2.52611e-06;0.0126656;0.00330909;5.35913e-06;0.000151483;2.1597e-05;3.44807e-08;7.35065e-07;2.27354e-08;8.44793e-07;3.91553e-07;0.921349;0.0622127;0.000280104
0.0001937;0.0280751;1.83275e-06;1.17569e-05;0.00141475;0.000812497;0.000160428;0.20292;0.00757452;5.32538e-06;0.0305324;0.00129547;0.726091;0.00091101
0.000348513;0.376892;0.00740412;5.23521e-05;0.00060085;0.00537217;1.05945e-05;0.065092;0.000133786;2.64529e-05;0.000155502;0.377396;0.0032666;0.163249
1.08594e-05;0.0488718;3.73083e-05;1.33211e-05;0.0041399;0.000185123;3.57877e-07;0.913686;8.2581e-06;1.76303e-06;5.87953e-06;0.0317485;0.000310471;0.000980793
8.92767e-05;0.869029;6.17264e-05;1.63502e-06;3.85188e-06;1.56964e-07;5.60925e-06;0.00733842;0.000287376;8.89884e-07;0.000733926;0.108969;0.0134747;4.40081e-06
5.27665e-06;0.783066;3.51472e-05;9.43715e-07;0.000275503;1.01686e-06;9.38978e-08;0.000442095;4.76432e-06;9.26796e-06;5.12005e-08;0.188108;0.00137973;0.0266721
2.8916e-05;0.101571;5.02543e-09;3.48706e-07;0.000844497;0.000271037;7.03536e-07;0.604666;2.5261e-05;2.90698e-06;1.4911e-06;0.00026331;0.292165;0.000160132
5.02809e-05;0.0204365;1.09335e-05;3.06689e-05;9.61859e-05;4.27211e-05;5.88567e-07;0.220733;1.9399e-05;7.06043e-06;5.77207e-06;0.031546;0.726716;0.000305062
5.76277e-06;0.999478;5.69426e-06;5.82977e-07;4.5716e-08;4.04727e-09;1.39983e-06;6.64123e-05;2.73103e-06;1.48664e-07;2.83666e-06;0.00027454;0.000162255;8.64427e-08
3.59374e-06;0.994418;1.06427e-07;0.000484957;5.2278e-05;3.79303e-05;1.53814e-05;0.00149503;5.19471e-06;4.69991e-05;3.52858e-06;0.00250973;0.000181782;0.000745666
1.87863e-05;0.000207005;0.00055466;3.87581e-05;0.000121969;0.000681776;1.9245e-06;1.55609e-06;7.57348e-08;2.80546e-05;2.82858e-05;0.996229;0.000298769;0.00178957
1.48347e-05;0.97342;2.83095e-11;1.30224e-06;1.05947e-06;6.50963e-08;0.000121378;0.0246073;2.39471e-05;3.60513e-07;0.000310796;7.64648e-05;0.00142174;4.97706e-07
1.34618e-05;0.995329;0.000521949;8.42641e-05;0.0010221;2.72722e-07;1.22198e-07;0.00233683;3.24609e-05;2.99087e-07;2.90418e-06;0.000653015;1.11819e-06;1.79427e-06
1.16785e-06;0.995349;1.13995e-06;5.95591e-07;3.95685e-07;1.40526e-06;1.14493e-08;1.2801e-07;2.06285e-10;6.80827e-07;7.16314e-09;5.33147e-05;0.00458942;3.00579e-06
1.87669e-07;1.47718e-05;1.29859e-08;2.34195e-08;3.41165e-07;6.59756e-09;6.21614e-09;0.000287861;3.50346e-08;6.45153e-10;1.00807e-06;0.999523;0.000172586;1.12951e-07
2.6271e-06;0.00777687;2.35904e-08;1.24713e-06;0.00887047;2.15989e-05;1.13768e-05;0.983211;1.77933e-05;8.53796e-07;3.84154e-06;9.59669e-06;4.98196e-05;2.32965e-05
4.47092e-07;0.0055911;0.992385;7.54471e-06;2.41988e-05;2.45922e-05;1.11858e-07;8.39614e-07;1.81927e-09;3.63057e-06;4.23399e-08;0.00160149;0.000123737;0.00023687
0.000550069;0.695745;5.30836e-08;2.37948e-05;2.13488e-06;5.80185e-07;0.0117136;0.0719536;0.000215149;1.04353e-05;0.00357998;0.00572764;0.210463;1.58502e-05
1.54076e-05;0.00584476;5.11156e-05;4.20127e-05;0.0135606;5.01901e-05;2.27996e-07;0.835417;5.7821e-06;1.13688e-06;2.66256e-05;0.13397;0.0109729;4.14879e-05
2.72804e-07;0.995681;1.73721e-09;5.48558e-07;3.92967e-08;1.26805e-08;0.000166692;1.45336e-08;5.0284e-09;3.23058e-05;7.60317e-08;9.8356e-09;4.78225e-07;0.00411851
1.7356e-14;4.72324e-15;1;2.81411e-14;9.73218e-16;5.58998e-15;2.76367e-13;9.71209e-17;2.14889e-14;8.51201e-15;2.84957e-12;1.82495e-11;1.62122e-15;1.22486e-17
6.63278e-07;0.0199644;2.96051e-07;8.67828e-08;2.58101e-08;1.40915e-07;0.979426;6.26652e-06;9.39921e-06;0.000506584;3.5404e-05;1.92822e-10;1.50613e-05;3.58561e-05
1.59117e-12;6.18386e-14;1;1.48953e-10;1.54458e-10;6.27758e-11;4.38104e-10;8.67368e-13;2.43774e-09;2.32583e-11;6.554e-09;1.58884e-09;2.11669e-14;9.44382e-12
2.40651e-05;0.00776767;4.26718e-05;7.87232e-06;3.54432e-05;1.60952e-05;0.000148073;0.0104373;0.000249431;1.39352e-05;2.85172e-05;0.000609242;0.980618;1.88484e-06
2.53362e-06;0.0121364;0.000225451;3.31133e-05;6.10868e-05;6.3257e-06;1.78928e-05;2.21915e-05;4.60715e-05;5.36272e-06;0.000427896;0.986621;0.000280389;0.000113839
5.36279e-06;0.990607;7.37311e-11;7.59271e-06;2.18196e-05;2.14228e-07;6.99312e-06;1.7023e-05;1.71186e-07;2.68648e-06;1.50299e-06;0.00231913;0.0050952;0.00191502
1.3478e-07;2.33453e-05;5.20804e-11;4.93999e-09;3.79916e-07;9.67525e-11;4.47738e-09;0.999976;9.30585e-10;6.69941e-09;5.72064e-11;2.77268e-07;3.82449e-09;1.98337e-09
1.63015e-08;2.8803e-07;0.999999;5.86731e-08;3.52752e-07;5.16151e-08;2.27817e-10;3.62766e-09;1.95534e-12;1.04047e-07;1.66311e-11;8.27622e-08;9.41795e-10;4.35588e-07
2.00283e-06;0.0039833;2.07898e-08;3.37505e-09;5.00221e-12;7.28972e-11;0.995744;7.0936e-10;1.14061e-06;0.000268634;2.40007e-07;2.42456e-14;1.01753e-07;4.25226e-07
5.22171e-14;1.69085e-15;1;1.70682e-13;3.22944e-14;9.42852e-14;1.48987e-12;8.94275e-15;1.73116e-11;3.7901e-13;3.71974e-12;2.56015e-10;1.35998e-18;2.45378e-14
