1.10412e-06;0.998705;2.97836e-09;3.59777e-08;1.46662e-06;8.58803e-07;3.20705e-09;0.000230334;9.66277e-08;1.15592e-08;1.48342e-07;0.000222944;0.000837819;3.58577e-07
2.35431e-07;0.998761;6.85984e-11;1.75895e-07;4.20009e-05;3.43463e-09;2.3147e-05;0.00111314;1.60504e-08;1.52895e-05;2.47065e-08;9.69776e-08;1.35902e-05;3.13742e-05
5.88309e-06;0.00497969;0.092654;0.00595783;0.00177852;0.00023789;3.15431e-05;1.44936e-05;2.78006e-06;0.000279462;0.000104311;0.890785;2.05828e-06;0.00316627
0.000216643;0.992597;8.67167e-08;2.68871e-05;7.95495e-07;3.49044e-07;0.000326073;1.40619e-05;0.000339545;2.06245e-06;0.00383669;0.000120255;0.000584689;0.00193479
1.2077e-06;2.17882e-07;8.65351e-10;2.54691e-10;9.70131e-09;7.39072e-12;3.27796e-08;0.999996;2.41132e-06;7.59406e-10;1.72634e-08;3.08634e-10;1.11092e-08;5.26496e-11
4.04379e-06;0.989225;5.74973e-07;3.82034e-07;1.21589e-05;1.21965e-08;0.0102746;0.000187533;0.000182794;6.38737e-05;1.81102e-07;2.84167e-05;1.3476e-07;2.01589e-05
1.58556e-08;2.12621e-08;0.999999;1.38723e-08;1.75985e-08;4.40046e-09;1.71035e-08;1.83375e-08;4.28248e-07;4.43731e-10;4.05725e-08;3.59687e-07;3.59476e-09;7.80292e-09
1.15136e-05;0.987792;7.84179e-05;7.5141e-06;1.62392e-05;1.66418e-07;3.45097e-06;0.000391873;6.72317e-05;2.64272e-07;4.40416e-05;0.00152925;0.00982413;0.000233585
9.16154e-07;0.824847;5.4359e-08;2.2023e-06;1.94056e-05;2.15084e-07;2.37941e-08;0.141343;2.05383e-07;6.47024e-07;3.27761e-08;4.73061e-06;2.06419e-05;0.0337616
3.23848e-08;0.00254892;3.48815e-06;9.31154e-09;1.43419e-08;1.70964e-08;7.17189e-11;4.32105e-07;7.17855e-10;1.5628e-11;3.2369e-08;0.997423;2.28367e-05;1.11537e-06
5.30281e-09;0.997215;8.0677e-13;1.642e-08;9.2376e-08;1.29028e-07;2.77707e-06;0.000839184;1.64429e-09;5.35193e-07;1.42843e-08;1.17917e-10;0.000386849;0.00155528
2.45094e-13;3.90445e-13;1;1.68122e-11;1.71154e-11;2.10454e-10;4.30563e-13;5.18941e-13;1.05712e-13;4.3931e-12;1.82763e-12;6.468e-09;1.8476e-12;1.08127e-11
7.32538e-08;2.89132e-05;1.38293e-08;3.42417e-07;1.40286e-08;1.11176e-07;1.97279e-07;0.000127785;2.12679e-06;2.12668e-08;2.99472e-05;2.32393e-06;0.999808;1.62271e-09
6.54362e-05;0.0781643;8.61738e-05;0.00013549;1.96211e-05;2.91806e-06;1.85024e-05;0.0212806;7.70531e-05;9.92468e-05;0.000695816;0.711452;0.187899;3.65679e-06
1.50012e-08;0.000241157;1.45651e-10;1.83141e-06;1.04912e-06;1.5003e-08;1.27371e-08;0.99957;2.0257e-07;7.18532e-08;9.63586e-07;0.000183335;1.03929e-06;2.94274e-08
8.38529e-06;0.989477;0.000327662;0.00246149;1.43288e-05;2.00703e-06;4.83126e-06;8.76264e-06;9.91608e-08;0.000569557;3.11751e-05;2.51421e-05;0.006913;0.000156863
0.00034953;0.0612193;0.012456;3.84225e-05;7.20793e-06;2.94561e-08;2.23748e-06;4.35774e-05;1.09998e-05;2.87108e-07;1.7986e-05;0.925794;1.25118e-06;5.95275e-05
0.0063503;0.807133;1.4505e-06;0.000101795;0.000566578;5.81504e-06;0.00505042;0.00984944;0.167414;3.49682e-05;0.00158364;4.57711e-06;0.0018497;5.41535e-05
0.00133842;0.991191;4.83543e-09;5.88114e-07;4.14544e-06;1.80757e-07;0.00240642;0.000424446;7.19255e-06;0.000135274;4.31283e-08;8.59572e-08;2.18529e-06;0.00449015
5.14966e-13;7.22108e-15;1;1.67802e-14;5.07389e-15;9.93009e-16;3.53746e-14;7.87568e-15;5.80635e-12;3.56035e-15;4.9162e-13;1.36725e-10;1.08005e-15;1.46752e-14
8.63818e-06;0.516613;8.25324e-10;7.59788e-07;0.000567854;9.27403e-07;5.68665e-06;0.480313;0.00151599;4.24303e-07;2.23435e-05;6.69631e-07;0.000943788;6.71266e-06
3.96144e-06;0.00939395;0.159191;0.000264908;0.0416268;0.00644887;1.51574e-07;0.00100943;1.08799e-06;2.83145e-05;3.16723e-06;0.773053;0.00216646;0.00680822
0.000412879;0.689258;3.17551e-07;6.32904e-05;0.000307035;5.06399e-05;3.62951e-05;0.0162767;0.0110856;6.75139e-07;0.00712302;0.00387902;0.26741;0.00409719
1.38652e-05;0.0035555;2.66719e-09;2.60309e-08;0.000451601;8.66577e-09;9.04504e-08;0.995957;1.49585e-05;4.53919e-08;3.24698e-07;3.80722e-06;2.09366e-06;4.63178e-07
1.02169e-05;0.00232908;0.981975;1.68273e-06;0.000117687;2.67231e-06;8.94469e-08;0.000211449;1.66608e-07;1.82937e-06;5.64859e-07;0.0152322;9.40733e-05;2.31381e-05
1.62715e-05;7.81033e-05;5.33516e-08;3.62643e-07;1.28273e-05;6.06389e-08;1.189e-07;0.991078;9.65483e-05;5.18675e-09;0.000290721;0.00740012;0.00102345;2.88024e-06
3.55687e-07;0.999754;8.95723e-08;6.23157e-07;2.74577e-08;1.30523e-09;1.61747e-07;5.75959e-06;3.62233e-06;7.89295e-09;7.0782e-07;3.78882e-07;0.00023438;1.13881e-07
7.29002e-06;0.937636;2.2176e-05;3.14739e-05;1.81576e-06;6.99858e-08;1.66069e-08;1.4849e-05;9.01313e-07;2.0456e-07;1.68559e-05;0.0560041;0.00626373;6.04687e-08
2.93293e-05;0.894336;3.00826e-08;4.26413e-05;0.00454623;1.73933e-07;6.05634e-06;0.0968031;0.000124965;6.8526e-05;0.00100829;0.00124124;3.99739e-07;0.00179278
3.42387e-05;0.551001;0.210412;0.000644824;0.0129891;7.77118e-05;8.00507e-06;3.52366e-06;1.0638e-06;0.000126225;0.00110555;0.219654;0.000274655;0.00366745
0.000304714;0.32692;2.68621e-07;3.35955e-06;0.0286287;0.000560219;6.89838e-06;0.035645;4.87134e-06;9.86611e-07;0.00100557;0.0130425;0.582737;0.0111394
1.28526e-06;0.205699;1.90794e-07;1.23332e-07;2.85635e-06;2.68808e-07;1.77839e-07;8.72045e-05;1.72309e-09;7.1061e-09;1.99406e-07;0.00127667;0.792911;2.07074e-05
0.000859919;0.0359958;0.00684363;0.00124025;0.0666723;0.245231;3.75126e-06;0.471266;1.87862e-05;8.71474e-05;5.9916e-06;0.00560718;0.114439;0.0517291
9.45202e-05;0.993636;2.52622e-07;4.39885e-05;2.74081e-05;1.208e-05;3.21366e-06;7.61101e-05;0.000231029;1.69797e-06;0.000144107;0.0022993;0.00164606;0.00178393
1.97861e-05;0.000162234;1.4133e-05;1.56883e-07;2.8752e-07;1.454e-08;1.8557e-07;2.89635e-05;2.25878e-05;3.16331e-08;1.49778e-06;0.999627;0.000122501;3.23643e-07
0.00206194;0.00201616;1.08705e-05;3.89122e-06;6.57327e-05;2.34097e-07;0.000124968;0.169859;0.817698;1.71297e-06;0.00733497;1.92685e-05;0.000801987;1.25908e-06
0.000641408;0.985132;3.18956e-07;2.10118e-07;5.37001e-07;2.43578e-08;0.0112116;0.000340995;0.000209403;0.000678541;4.178e-07;2.53706e-09;2.86007e-05;0.0017561
6.04588e-11;7.44322e-12;0.99997;5.06607e-11;1.13176e-10;5.14837e-11;5.91052e-12;4.28097e-12;1.46382e-09;2.19314e-11;5.27548e-11;3.04131e-05;1.18403e-14;1.91082e-10
2.09513e-06;0.929688;4.93469e-09;1.89469e-07;2.36635e-08;4.73151e-08;2.88804e-06;0.000519059;6.509e-06;6.7343e-08;5.53856e-07;1.38489e-06;0.0697789;3.01513e-07
1.05825e-06;0.955595;2.88832e-06;7.07214e-05;0.000489753;1.14611e-05;1.38578e-07;0.0156249;1.12626e-05;4.76083e-06;3.45695e-06;0.0267473;0.000374778;0.00106207
9.26127e-07;0.94632;2.68166e-09;1.24543e-06;8.15724e-05;3.02123e-07;1.44422e-06;0.000427548;3.85585e-07;6.2434e-07;9.52396e-07;0.0483949;0.00475987;9.71792e-06
0.000105963;0.00393119;3.99614e-07;3.24428e-05;0.000236446;1.8813e-06;0.000313649;0.0141184;0.00294075;1.21472e-05;0.00180602;0.967203;0.00929035;7.73014e-06
4.91701e-06;0.998584;0.000976633;5.92049e-07;2.42437e-06;4.9328e-07;2.32971e-08;0.00029685;7.69026e-09;1.92839e-08;4.87143e-09;8.61745e-06;0.000124975;8.98613e-07
1.18141e-07;1.64044e-05;3.06947e-10;3.31462e-08;3.48855e-08;1.53037e-08;9.29463e-09;6.12666e-05;5.64386e-08;2.53023e-09;6.87496e-08;2.59862e-07;0.999922;2.24583e-08
2.80796e-05;0.0010679;1.58336e-07;1.1687e-06;2.80355e-06;7.62849e-08;1.53475e-07;0.000298047;2.56613e-05;9.46018e-08;2.27222e-05;0.997302;0.00115255;9.88132e-05
4.86799e-07;0.999874;4.52875e-09;2.55218e-07;9.39746e-09;9.0254e-09;3.60231e-05;2.41603e-05;5.53755e-09;3.84833e-06;7.56219e-09;1.70769e-08;9.75994e-08;6.1462e-05
1.13119e-10;1.22295e-11;1;1.76578e-09;1.31193e-12;5.29042e-12;2.83652e-09;1.0815e-12;1.01969e-08;1.72661e-10;5.47332e-08;3.67847e-08;1.73794e-13;1.65047e-11
3.97894e-06;0.497636;3.17533e-08;6.22861e-07;1.10645e-08;6.91538e-09;1.44357e-06;1.23045e-07;2.95378e-08;3.0745e-08;5.74195e-07;4.718e-06;0.502352;3.51346e-10
3.00146e-07;0.000120905;1.24141e-08;1.37803e-07;7.96735e-07;6.38938e-07;3.16449e-09;2.14181e-05;3.12336e-07;2.94831e-09;2.22367e-06;0.999781;2.40472e-05;4.78991e-05
2.48056e-06;0.470999;7.65017e-08;5.44075e-05;0.0178652;0.000796858;3.73964e-08;0.50808;8.55194e-07;7.02674e-07;2.5479e-07;0.000116272;0.00199055;9.29142e-05
4.06886e-09;6.4709e-06;2.78842e-10;9.61132e-10;1.08628e-11;5.39033e-07;5.82725e-11;2.46381e-10;1.37465e-10;8.69821e-11;3.32503e-11;4.82138e-10;0.999993;1.82438e-10
4.77576e-08;6.77944e-07;0.999996;1.27953e-08;1.57243e-09;3.4296e-09;2.81199e-11;9.23113e-08;1.10919e-10;1.0704e-08;1.70895e-11;3.15067e-06;4.10128e-09;3.40036e-08
5.56172e-07;0.993385;5.46129e-08;2.42934e-05;5.05367e-07;1.21091e-05;1.99051e-06;0.00585251;0.000163639;2.86951e-06;0.000111173;1.14769e-06;0.000407281;3.69937e-05
