7.77475e-07;0.999923;7.718e-06;2.19532e-07;2.87034e-07;3.57612e-09;3.78397e-10;1.69304e-05;1.05039e-09;2.39511e-09;2.67642e-09;4.60572e-05;4.91052e-06;4.22605e-07
3.39315e-08;0.999954;2.61747e-12;9.83251e-10;3.3831e-10;3.93919e-10;3.67332e-05;3.35082e-06;1.11128e-09;1.29254e-06;3.35685e-10;3.81268e-12;4.86754e-07;4.05691e-06
6.53955e-13;3.49274e-12;0.999999;1.41351e-11;6.17849e-10;2.11758e-10;2.8493e-11;5.90391e-12;1.5908e-12;8.40707e-11;6.61489e-12;1.32076e-06;2.03057e-15;5.01861e-10
7.16826e-08;0.0215493;4.14388e-10;4.62608e-07;3.25706e-07;1.91039e-06;1.22897e-05;0.00203081;7.20967e-06;9.06591e-08;2.76813e-05;5.57199e-08;0.97637;1.01339e-08
2.33795e-07;0.988867;0.00810847;2.38988e-05;1.58277e-06;8.07492e-07;2.20605e-07;1.26754e-05;4.18591e-08;1.30728e-06;1.40279e-06;0.00250803;3.49568e-05;0.000439249
2.26213e-07;0.204629;7.60965e-13;7.07981e-06;2.62658e-05;1.99795e-06;4.32144e-06;0.792131;2.47324e-06;4.17098e-06;7.76399e-05;0.000178995;0.00290705;3.06717e-05
1.5073e-05;0.981628;4.04395e-08;0.000552669;3.76174e-05;2.50021e-05;2.29847e-05;0.00572788;0.00014601;9.77425e-05;0.00156131;0.000320103;0.00980768;5.7824e-05
0.0127511;0.114591;0.313978;0.00667404;0.00928845;6.48997e-05;4.22171e-05;0.0247844;0.000100718;6.31574e-05;0.00072133;0.504106;0.0012579;0.0115763
0.0311415;0.0119896;0.001346;0.000980094;0.000985759;0.000122155;3.59501e-05;0.675305;0.1289;1.34505e-05;0.0116716;8.52536e-07;0.136045;0.00146294
0.0010941;0.0616348;3.38675e-09;3.02858e-06;3.85159e-05;1.34613e-09;2.27529e-05;0.936234;0.00087258;5.72281e-06;5.47573e-05;6.93722e-06;9.26756e-06;2.34951e-05
0.000393086;0.00314108;0.418193;0.000351862;0.00635888;9.52945e-05;1.19607e-07;1.11362e-06;9.53137e-06;1.16301e-05;2.30016e-05;0.570932;0.000347289;0.000141593
0.00189672;0.893576;1.43076e-07;1.87846e-07;5.3139e-07;6.09478e-07;0.000501822;9.74564e-07;0.000106166;9.10636e-06;3.58366e-06;2.5096e-08;0.00268129;0.101223
1.93367e-10;2.85917e-13;1;4.20431e-11;5.30971e-10;5.29753e-11;2.11586e-10;2.62268e-11;1.88624e-09;2.53858e-10;3.02533e-11;2.48887e-08;7.86065e-14;4.30464e-12
0.000373154;0.000115181;0.00256691;0.0272344;3.4488e-05;0.000304621;0.0021074;0.000456798;0.632288;8.58163e-06;0.32874;0.00248133;0.00327955;9.75922e-06
0.000578712;0.91289;2.87107e-07;0.000113172;1.21339e-05;1.95766e-07;1.39652e-06;0.0846945;0.000177268;4.67472e-07;0.000130489;0.00134517;3.64481e-05;1.99094e-05
4.41666e-07;2.5075e-05;1.45079e-09;8.07375e-08;0.000808369;4.79057e-09;3.41306e-09;0.999165;8.39481e-08;4.00839e-08;1.60918e-09;7.95265e-07;4.20323e-08;5.18231e-08
6.47081e-11;1.34504e-10;1;1.98458e-09;1.14271e-10;7.26646e-13;3.67975e-11;4.32147e-15;5.20951e-12;9.57658e-10;2.83706e-10;1.64268e-09;7.71281e-13;5.71181e-11
0.000453291;0.000191332;7.39732e-05;6.4524e-06;2.77007e-08;4.69435e-08;0.000443132;0.00329441;0.59732;2.1905e-06;0.397745;7.79511e-06;0.000462425;6.02151e-10
