6.6482e-06;0.999734;5.08427e-05;1.78997e-05;2.98371e-06;1.4088e-08;1.37527e-07;8.62069e-05;2.82117e-07;2.22868e-07;8.93248e-07;7.37572e-05;2.56152e-05;8.56872e-07
8.01931e-07;0.993766;9.10434e-10;8.30857e-07;1.97174e-07;1.47988e-06;2.39827e-06;0.000205676;4.90111e-08;9.28303e-06;1.55338e-07;5.4057e-09;0.00601096;2.40697e-06
1.25149e-12;3.35601e-13;1;1.62e-11;2.77843e-10;3.48617e-11;9.82442e-14;2.17599e-12;5.24294e-14;3.02645e-12;7.59173e-14;7.35608e-09;8.9978e-15;1.29817e-10
1.07347e-06;0.0305583;5.78066e-08;3.42999e-06;1.86791e-06;0.000390116;4.47325e-07;1.48777e-05;1.80759e-06;1.54288e-08;1.17049e-06;1.67125e-06;0.968991;3.41376e-05
8.26358e-08;6.10443e-05;0.999782;5.99988e-08;3.27925e-08;1.80773e-09;1.05838e-07;4.32885e-09;7.00169e-10;3.98747e-07;2.05036e-10;0.000151275;8.29767e-09;4.84632e-06
4.24312e-09;3.22482e-09;0.999996;3.28659e-09;4.28375e-08;2.7676e-09;1.76789e-08;5.44694e-10;3.0975e-09;3.84397e-10;1.63749e-08;4.12422e-06;1.22969e-10;1.68884e-09
1.38031e-06;0.993524;4.50596e-07;4.61827e-06;3.34232e-05;7.56169e-06;7.32677e-07;0.00417728;1.28598e-05;1.31576e-07;3.60558e-05;8.65513e-05;0.00211462;4.49311e-07
1.7579e-07;0.000459777;1.06824e-06;6.21905e-06;0.0256468;0.447641;3.21713e-08;9.01385e-06;3.18715e-08;8.3707e-06;4.18726e-07;0.00881944;0.00619725;0.511211
1.42915e-06;0.99817;2.49249e-09;1.10751e-07;2.86964e-07;3.97045e-08;0.00152731;0.000208941;4.01555e-07;5.54349e-06;5.43908e-06;1.01868e-11;6.82029e-05;1.23029e-05
9.08156e-10;2.37063e-10;1;1.73776e-09;4.13379e-10;1.28331e-10;6.60943e-10;7.15364e-11;1.99537e-10;7.14544e-10;1.22753e-09;1.30455e-07;4.44496e-12;3.35044e-12
9.73183e-07;0.992047;9.92341e-09;3.69293e-08;7.83422e-08;2.41148e-08;1.02647e-07;0.00106081;1.25051e-06;2.52032e-09;2.16094e-05;0.0023148;0.0045533;3.2785e-11
1.60187e-05;0.0414687;3.25044e-05;0.00497324;0.0363989;0.00534033;0.000152738;0.0501257;0.000268555;0.000575859;0.000856006;0.102088;0.60024;0.157464
0.00237465;0.072512;6.28522e-05;0.0202905;0.000281498;0.000513026;0.0064027;0.31745;0.00142752;8.52749e-05;0.538101;0.0246335;0.0152068;0.000658082
3.21496e-05;0.985883;3.0097e-06;9.42915e-07;3.48896e-07;3.1147e-07;3.47957e-07;0.0127507;9.65802e-09;1.74758e-07;4.87397e-07;0.000767605;0.000556654;4.4985e-06
0.000355193;0.75984;7.56301e-07;4.31183e-05;0.000247911;3.71979e-05;0.0351762;0.00165898;0.000173739;0.00519559;0.000116617;1.70148e-06;5.49129e-05;0.197098
1.03777e-10;6.85245e-13;0.999999;2.29043e-10;3.99165e-11;4.91012e-12;1.54445e-11;6.83653e-14;5.90608e-10;2.70061e-12;2.5073e-10;6.41353e-07;9.75164e-14;1.04935e-11
0.000185253;0.797204;1.58537e-07;6.21188e-06;1.08161e-05;3.73095e-06;6.97046e-06;0.0529948;0.000169227;1.43901e-06;4.09105e-06;6.04354e-05;0.149128;0.000224876
1.06753e-06;0.0301368;0.000132295;2.13299e-06;0.00147827;8.88764e-05;3.56623e-08;0.00273598;1.5219e-08;7.07867e-07;2.36111e-08;0.922571;0.000101449;0.0427511
4.04458e-07;0.239261;2.87858e-11;7.55175e-08;8.8635e-08;5.19186e-09;0.760618;2.44199e-05;8.91292e-06;6.52557e-05;6.12877e-07;1.3083e-12;3.24051e-06;1.74614e-05
1.05227e-11;2.65048e-12;1;5.84011e-11;3.3062e-12;1.36427e-12;6.55383e-10;3.09448e-12;6.12391e-10;1.87219e-11;4.24331e-10;3.13727e-09;2.7023e-14;7.7948e-13
3.14803e-05;0.934161;8.14423e-09;1.5135e-05;9.42106e-07;3.79013e-06;0.000142288;0.00915248;0.0396729;9.47203e-06;0.000545541;0.000384706;0.0158796;4.57331e-07
1.71049e-06;0.00218916;4.08296e-08;4.08249e-05;0.000277719;5.01886e-05;5.8842e-07;0.00539723;8.19334e-06;5.13136e-06;2.26633e-05;0.985023;0.00690568;7.78664e-05
0.000187579;0.138541;1.89526e-09;0.000198454;0.000193507;5.9172e-07;7.06763e-05;0.108067;0.000342224;3.02571e-06;0.000913271;0.744371;0.00711142;4.04824e-07
0.000687965;0.972263;0.0224888;0.00104098;2.57685e-05;1.46824e-06;0.000200089;2.4105e-05;1.86287e-05;0.000462075;2.71498e-05;6.39439e-05;4.18196e-05;0.0026538
0.00154586;0.0455259;0.00697166;9.02613e-06;0.00019011;1.46894e-07;1.75466e-06;0.000228378;0.000298207;6.95266e-08;2.41085e-05;0.945171;3.23517e-05;1.41151e-06
4.95771e-05;0.149472;1.55426e-06;3.03625e-07;2.12319e-06;9.87314e-06;2.36647e-05;0.752554;0.000611229;3.3507e-06;1.17906e-06;8.03526e-09;0.0972693;2.0937e-06
4.00987e-11;5.85674e-10;1;3.11419e-11;9.16396e-12;5.68131e-12;2.33855e-11;2.17652e-11;4.58206e-10;3.62889e-11;1.00391e-11;4.49836e-08;3.06284e-13;1.31946e-10
3.00986e-07;0.000151441;0.00684886;2.36263e-06;1.10323e-07;1.14173e-06;9.37704e-09;4.44467e-05;4.91536e-05;3.83847e-09;7.35466e-07;0.992876;7.74339e-06;1.76176e-05
3.46219e-06;0.00949171;2.28299e-08;1.45971e-08;4.33661e-07;5.88074e-07;1.46668e-08;0.990143;2.20166e-05;5.26513e-09;4.65151e-06;6.69469e-06;0.000327059;5.19156e-09
3.76948e-10;0.99952;2.9451e-14;1.05414e-10;1.55042e-09;3.20212e-09;1.23893e-08;1.47959e-09;3.76053e-12;1.51493e-07;1.69242e-12;8.95756e-10;1.76633e-07;0.000479467
1.22188e-12;2.78709e-14;1;2.33055e-13;8.42192e-13;2.42561e-14;1.31488e-13;2.33409e-12;7.77817e-13;3.4872e-13;2.45352e-13;9.52856e-11;1.17814e-13;3.16612e-16
5.69856e-06;0.000160869;8.98422e-08;3.37837e-06;9.09796e-06;4.23756e-06;6.341e-07;0.962637;0.0272889;5.10302e-07;0.000295927;7.03685e-05;0.00952385;1.03258e-08
