2.56757e-05;0.99622;0.000109776;1.1327e-05;3.30011e-05;6.80758e-07;3.71796e-07;0.00129618;3.75588e-08;9.87435e-07;7.2327e-08;5.45092e-05;0.00215206;9.52942e-05
0.000152878;0.547003;0.145513;0.000851822;0.000118803;0.000119116;2.89839e-05;0.259578;7.69233e-06;0.000219377;1.31968e-05;0.0443945;0.000501501;0.00149878
2.79053e-05;0.679982;3.24714e-06;0.00358866;0.000304228;0.00762836;9.44222e-05;0.00141285;0.00121161;0.000418676;0.00652505;0.0159232;0.26822;0.0146594
0.00120083;0.107656;0.0272649;0.00116433;0.00145468;5.04594e-05;2.81768e-05;0.00053853;0.000108913;9.13047e-06;0.000650151;0.850235;0.00788156;0.0017576
3.46758e-05;0.000172794;4.94112e-09;2.46834e-07;0.00259799;4.62614e-09;1.178e-07;0.997088;0.000103832;6.95307e-08;1.15527e-06;1.70084e-07;1.57256e-07;6.66064e-07
0.000617693;0.638185;0.339151;0.00368311;0.00900835;0.000108193;7.84285e-06;0.000471638;3.8164e-05;0.000145927;0.000479623;0.000456343;0.00690756;0.000739648
0.00715374;0.663968;0.000185085;1.96618e-06;1.17021e-06;1.28179e-08;1.97957e-05;0.00728789;0.000867206;1.56641e-06;0.00126466;0.269138;0.0500782;3.21965e-05
8.66963e-05;0.49012;1.55625e-07;3.01656e-06;0.00413769;2.3672e-06;8.61618e-06;0.501339;0.000530192;6.18606e-06;1.79526e-06;0.00277793;0.000592562;0.00039393
6.97049e-05;5.68708e-05;0.943495;1.09094e-05;0.00460232;9.23121e-05;2.51289e-08;2.14553e-05;1.77921e-06;9.5102e-07;2.98938e-07;0.051513;2.23241e-05;0.000112636
0.00218254;0.0432427;1.81118e-07;5.48735e-07;2.2429e-06;3.77611e-07;4.7676e-06;0.137173;0.000572329;2.82891e-08;8.84581e-06;1.87862e-06;0.81681;7.48402e-07
1.72682e-06;0.996357;4.09825e-07;1.71779e-05;0.000102811;3.97993e-05;7.34121e-09;0.00289235;3.00519e-05;1.16078e-06;3.06776e-07;0.00029225;3.18337e-06;0.000262066
1.35403e-05;0.0164246;1.79009e-07;9.39536e-05;0.689686;0.118239;4.82226e-06;0.00796735;3.70809e-05;0.000195987;4.48295e-06;0.000724467;0.00271245;0.163896
0.000361036;0.961142;1.81921e-09;7.16262e-06;1.98406e-05;3.31774e-07;0.0264777;0.00270648;0.00282162;1.399e-05;0.000515188;1.73568e-05;0.00591542;1.4962e-06
4.01628e-05;0.999569;1.4448e-06;2.27517e-06;1.79073e-05;1.14165e-07;2.87249e-07;9.89442e-05;7.28603e-06;8.58626e-07;6.84083e-08;0.000227152;2.60325e-05;8.01858e-06
9.6797e-05;0.979706;3.22289e-07;3.09075e-06;6.45087e-07;5.62467e-08;1.87421e-06;1.79154e-05;1.53513e-06;1.12104e-06;4.94982e-07;7.16477e-05;0.0200565;4.20495e-05
4.33826e-07;0.00360798;5.45419e-06;1.90752e-06;3.94554e-05;1.59769e-07;2.05588e-09;5.64364e-05;1.53353e-08;1.34377e-08;6.45161e-08;0.996246;2.24397e-05;1.92598e-05
4.41013e-07;0.85541;1.0025e-10;1.20237e-07;2.48859e-07;4.1331e-09;0.0903588;2.61516e-07;6.11729e-07;0.000206589;7.7658e-08;4.64335e-11;5.93406e-08;0.0540223
1.09257e-09;7.35356e-11;1;4.90085e-10;2.90386e-09;7.26584e-09;9.14432e-10;1.16516e-09;3.10091e-09;3.17394e-11;4.89814e-10;5.41378e-09;2.85773e-09;5.55232e-11
