2.53233e-06;0.999409;1.58132e-06;4.58124e-05;4.6347e-06;3.47888e-06;1.28285e-06;1.40753e-06;1.64861e-07;3.42121e-06;1.64719e-05;3.19146e-07;0.000499643;1.053e-05
2.55541e-06;0.000815152;0.000340519;2.25898e-07;1.31562e-06;1.18243e-08;1.73796e-09;2.76558e-06;1.63232e-08;4.99848e-10;1.9794e-07;0.998833;1.26933e-07;3.88758e-06
4.62709e-05;0.995326;1.00322e-08;5.60996e-06;0.00153988;2.48428e-06;9.06479e-05;0.00183336;0.000413679;1.05467e-06;5.87902e-05;8.76805e-06;0.000156282;0.000517796
2.83028e-05;0.000792906;6.62241e-09;1.31574e-07;1.58979e-06;4.32754e-07;2.87208e-06;0.984512;0.000297102;2.16811e-07;1.18795e-06;3.68921e-05;0.0143188;7.14238e-06
4.32387e-05;9.90921e-06;2.62815e-07;3.54395e-07;9.73048e-05;2.15167e-08;4.86428e-06;0.0109937;0.985391;3.00161e-08;2.10418e-05;0.00342725;2.69154e-06;8.72784e-06
3.16269e-05;0.0770477;0.00654513;1.39892e-05;7.8558e-06;1.34136e-06;2.17685e-07;6.33325e-06;5.69746e-07;3.32387e-07;2.88624e-06;2.52151e-06;0.916336;3.91824e-06
5.23816e-05;0.354956;0.000371451;8.38807e-06;0.00137357;9.25851e-05;9.01803e-08;0.0526956;8.77504e-06;1.10212e-06;3.0906e-05;0.587483;0.00190901;0.001017
1.41137e-06;0.0262721;4.43504e-05;4.26985e-05;0.809453;0.0618927;2.12424e-07;0.0355082;2.37974e-07;4.27224e-06;5.84991e-06;0.0188041;0.0259131;0.0220578
9.32284e-07;0.00541813;5.38168e-05;2.72116e-06;2.71368e-06;4.93842e-05;9.21505e-06;0.00540939;2.13062e-07;3.01295e-06;7.36377e-06;2.95918e-07;0.989025;1.79545e-05
6.17169e-13;1.01502e-12;1;2.58269e-11;4.51502e-12;2.72661e-11;8.26001e-12;3.47922e-12;5.58475e-12;1.61064e-12;1.51509e-10;2.6823e-11;4.79154e-12;6.78049e-12
1.29327e-10;8.4209e-08;0.99996;7.63269e-10;1.40014e-10;1.18405e-08;5.16069e-11;2.46292e-07;4.37167e-11;1.86125e-11;3.49642e-10;4.00985e-05;1.94238e-08;3.33641e-08
3.31689e-09;0.067793;7.18825e-11;2.20194e-08;0.000132326;0.000134903;1.0854e-06;0.000163679;3.64985e-09;1.6294e-06;1.62065e-07;9.7612e-11;0.000140236;0.931633
1.30276e-15;1.79256e-14;1;1.35849e-13;1.25708e-13;1.11553e-12;6.23337e-14;1.01559e-15;1.06177e-15;7.6749e-14;5.08252e-13;4.35207e-08;7.50296e-15;1.31376e-13
2.04383e-06;0.720817;1.0021e-05;6.503e-06;3.49584e-05;0.000640542;2.72627e-05;0.254576;0.000110106;2.61603e-07;0.000958137;0.000189922;0.022621;6.86235e-06
8.02168e-08;0.980889;1.3402e-06;6.17201e-09;6.22641e-10;4.07182e-09;3.4133e-10;1.57232e-07;1.60138e-10;1.20483e-09;1.56045e-09;1.51162e-05;0.0190938;2.11841e-08
4.93059e-07;0.0452329;3.21981e-06;1.96832e-07;0.0004993;1.13774e-06;1.30109e-09;0.0536049;1.14626e-08;5.03578e-07;1.21296e-09;0.900415;2.0228e-05;0.000222356
5.36924e-08;0.9983;3.32079e-11;1.26268e-07;1.06349e-07;5.45891e-07;6.18037e-06;5.57061e-06;2.50322e-09;1.23392e-05;1.35204e-08;1.57074e-07;2.80094e-07;0.00167424
7.93941e-12;4.43777e-13;1;3.14821e-12;4.37923e-12;7.2774e-14;1.77327e-11;7.29009e-12;3.66421e-13;7.06323e-12;4.09586e-13;5.04927e-07;1.20383e-15;6.43353e-11
0.000537739;0.0630535;1.74818e-07;8.73112e-05;4.50717e-05;0.000135663;0.603266;0.0485322;0.11591;0.000674387;0.0236033;1.29412e-07;0.144009;0.000146523
1.91478e-11;1.55801e-11;1;1.28288e-11;1.27828e-12;8.46255e-13;3.42546e-10;6.03488e-14;3.15755e-11;5.08577e-12;5.50558e-11;1.31913e-10;5.24674e-13;2.81349e-12
9.87928e-06;0.0207782;0.0470308;1.28375e-06;1.14019e-05;4.00309e-07;8.75035e-07;0.000670992;2.2792e-06;1.40706e-07;1.53964e-07;0.925783;1.61083e-05;0.00569444
2.3687e-06;0.899932;0.00217749;1.83967e-06;0.0931286;0.00173923;5.75792e-07;6.89017e-05;2.58739e-09;6.20873e-05;7.81409e-09;0.00054522;0.000751195;0.00159032
1.40284e-06;0.00351151;3.38471e-07;1.55257e-07;2.19953e-05;0.00684178;4.15883e-07;6.69607e-05;1.64415e-06;4.37405e-07;2.65499e-07;0.000158558;0.989392;2.12974e-06
2.13587e-07;0.0177369;0.982149;1.58193e-07;8.84407e-06;6.53966e-07;3.82094e-08;3.61482e-08;6.00384e-10;2.47005e-06;8.52281e-12;9.665e-05;4.31791e-06;6.17464e-07
1.09561e-10;5.42679e-10;1;9.32866e-10;1.03016e-09;1.30223e-09;6.3701e-10;8.88857e-11;2.9143e-10;7.99716e-10;1.7812e-10;4.90671e-07;5.43329e-11;2.23234e-10
3.06368e-05;0.913657;6.12327e-08;3.88559e-06;5.12885e-08;1.03356e-07;0.000159812;0.00340707;3.86749e-05;1.35546e-06;2.61519e-05;0.0730614;0.0096138;2.83015e-08
1.74078e-05;0.157985;5.75498e-07;2.76735e-06;9.36261e-07;5.92465e-07;3.74865e-07;0.409987;4.9009e-05;1.17612e-07;0.000162617;0.429561;0.00223169;2.19036e-07
1.34174e-06;0.981585;6.12735e-07;4.57713e-06;8.89778e-06;1.14913e-06;0.00261515;0.000134108;9.96696e-08;0.000379397;1.04488e-08;1.04373e-09;3.72037e-05;0.0152329
1.87727e-11;1.72956e-12;0.999998;4.3536e-09;5.40712e-12;6.16629e-12;2.96237e-11;1.76605e-14;1.10001e-10;7.59073e-12;6.6767e-10;2.26116e-06;3.66156e-13;1.62005e-10
4.30221e-05;0.988097;0.00488383;6.90596e-06;5.0543e-07;7.73691e-06;3.61096e-05;0.00134609;3.37633e-06;8.0254e-06;3.35898e-06;0.00246014;0.00249985;0.000603643
2.87183e-07;0.00858247;5.89351e-05;3.01614e-06;2.17193e-07;9.51209e-07;1.78492e-05;0.000335893;3.37227e-06;9.15003e-06;0.000127661;2.99558e-08;0.990854;6.22262e-06
4.52994e-07;0.000298864;0.000274309;1.48685e-06;4.44108e-07;1.01702e-07;9.29837e-09;0.000371738;7.5466e-06;4.93664e-07;1.74062e-05;0.998268;0.000758531;2.21426e-07
