6.42642e-07;0.00817535;4.6368e-11;4.22754e-08;6.34226e-10;2.31425e-08;2.93507e-07;3.16373e-08;1.9404e-07;1.25559e-09;1.78728e-06;5.00595e-07;0.991821;2.26882e-12
8.57775e-08;0.00131048;0.998193;2.18872e-06;3.15578e-06;1.36058e-07;4.21408e-10;1.08767e-06;1.06159e-09;2.58659e-08;6.10863e-10;0.000198144;7.26503e-09;0.000291604
1.17798e-07;0.996474;2.14591e-11;9.32573e-08;1.56659e-06;1.23362e-07;6.6814e-09;0.00348659;3.98057e-09;3.12987e-09;2.59732e-09;5.01735e-07;3.1805e-05;5.08901e-06
1.00709e-06;4.31379e-05;7.92546e-08;1.91327e-07;1.18572e-07;8.97369e-07;7.94601e-08;0.999806;3.0865e-06;1.30103e-07;3.68871e-07;0.000117771;2.00924e-05;7.02728e-06
9.81889e-05;0.997872;7.5536e-08;4.3689e-05;2.69653e-06;1.1208e-08;0.000373419;9.76469e-05;0.00110581;3.15393e-06;0.000320394;6.28478e-05;1.13951e-05;8.87153e-06
3.52588e-06;0.988761;3.26847e-07;3.79925e-06;4.51439e-08;1.38046e-08;8.20413e-09;7.79063e-08;3.74658e-09;5.05866e-08;1.21998e-07;0.000271474;0.0109592;1.89561e-08
1.15448e-06;0.00575371;5.1597e-08;9.11062e-08;5.94497e-06;9.12236e-08;9.57826e-08;0.000874882;1.29882e-07;1.85502e-08;1.32932e-06;0.99329;3.89798e-05;3.37614e-05
1.14339e-06;0.198732;9.90436e-09;4.78249e-05;3.70342e-05;0.011229;1.12746e-05;8.7052e-07;7.57893e-06;1.47378e-06;6.50198e-05;2.7407e-06;0.788845;0.00101901
7.9838e-05;2.83929e-05;0.449692;1.44885e-06;2.45218e-05;4.8974e-06;2.70514e-08;2.0647e-06;1.75504e-08;8.9022e-08;4.00274e-08;0.521128;0.0286871;0.000351834
1.23801e-07;0.992337;2.819e-10;6.29436e-09;2.34135e-08;5.20926e-07;4.14037e-07;0.00318592;7.29043e-07;1.27636e-08;3.4898e-08;2.42805e-13;0.00446752;7.50064e-06
6.58916e-10;7.15584e-07;0.999999;1.30274e-08;3.12659e-11;1.26189e-08;2.18091e-09;4.20437e-09;3.27188e-08;2.67826e-09;8.82195e-09;7.33835e-10;4.79256e-09;2.51404e-09
4.83521e-09;1.27937e-05;3.77339e-05;5.54738e-08;8.7726e-09;3.56208e-08;4.63362e-11;5.62025e-05;5.3495e-08;1.43398e-09;2.62585e-08;0.999893;5.80116e-09;4.3928e-07
1.69297e-07;0.131159;3.29234e-05;2.92138e-07;8.14647e-06;0.000116008;8.78982e-09;9.70132e-05;3.14272e-08;1.5464e-07;1.00841e-06;0.0235059;0.844961;0.000118135
1.47562e-08;0.00498057;5.22194e-07;8.85921e-07;0.00118691;1.91292e-05;1.10792e-08;0.000897956;1.26064e-08;1.00032e-07;9.59953e-07;0.975096;0.0120782;0.00573843
1.62671e-10;0.997631;6.14058e-13;5.45733e-11;5.27592e-11;2.28167e-11;9.23151e-09;6.62317e-10;7.66208e-13;4.88126e-09;4.84948e-12;4.94856e-12;1.37167e-08;0.00236914
0.000185447;0.401743;1.45459e-05;6.41606e-05;0.000222476;7.67024e-05;0.0173758;0.0408361;9.31925e-05;5.03658e-05;0.000617106;0.000541417;0.538158;2.10212e-05
6.01662e-08;0.000232942;2.40946e-10;1.86934e-07;0.000113996;8.47215e-06;4.61244e-10;0.999288;2.05686e-08;1.44509e-07;2.39889e-08;1.60652e-05;0.000320144;1.97767e-05
0.000212709;0.912768;0.000105036;0.000107967;0.000148818;2.02785e-05;0.0182604;0.0145405;1.31325e-05;0.0361414;9.50582e-06;2.75044e-06;0.00466652;0.0130026
1.79699e-11;1.57407e-12;1;3.60736e-11;1.87293e-12;6.4744e-13;3.18296e-10;1.65525e-15;1.3964e-11;2.36839e-11;9.50807e-12;4.06971e-07;3.37813e-16;1.9812e-11
0.000368489;0.924475;1.45142e-05;5.53348e-05;0.000262705;0.000283643;0.000198297;0.00660424;0.00328646;1.48944e-06;0.000292591;0.000298229;0.0611134;0.00274517
1.95181e-06;0.487969;3.81883e-07;2.37874e-07;0.00427619;2.06603e-05;2.89462e-07;0.453559;8.9382e-07;3.62283e-06;1.51162e-07;0.000487471;3.69202e-05;0.0536438
6.94729e-07;0.000314368;4.80372e-09;5.67366e-08;5.19564e-07;2.26203e-05;5.51795e-06;1.80957e-05;1.77063e-06;9.43782e-07;5.50038e-07;5.97898e-07;0.999632;1.78207e-06
1.83596e-08;3.77932e-07;0.999998;5.27949e-09;7.5464e-10;2.05007e-11;4.23866e-07;7.5707e-13;1.42304e-09;4.98671e-07;1.86522e-10;4.16041e-07;6.0161e-11;2.8527e-09
1.8225e-06;4.59925e-08;0.998932;4.85378e-07;2.65665e-08;1.09695e-09;3.84793e-05;1.91866e-07;0.00086427;7.43583e-08;0.000159372;3.25246e-06;1.58469e-09;5.05643e-10
2.01649e-07;0.999956;1.43437e-09;5.89125e-07;1.35966e-07;2.19248e-09;2.22849e-08;1.93004e-05;9.00362e-08;2.46766e-08;5.85185e-08;4.2894e-06;1.89006e-05;1.12611e-08
9.07303e-07;0.0410794;1.83996e-05;7.53319e-06;4.1431e-07;1.72729e-07;3.53712e-08;1.4141e-06;1.3662e-09;7.71652e-07;5.37366e-07;0.00482908;0.954061;2.85627e-08
1.15528e-06;8.99498e-05;8.34062e-08;2.55521e-07;0.000102643;1.91583e-06;4.77632e-08;0.00726214;1.02613e-06;5.6765e-08;1.21839e-05;0.992308;9.56935e-06;0.000210588
4.91039e-07;0.0382772;3.57079e-08;4.71586e-07;1.87816e-06;0.000461618;3.54387e-06;1.72785e-05;6.51458e-07;3.07794e-07;3.00071e-07;4.85755e-08;0.961235;1.10917e-06
1.72969e-06;2.15793e-06;0.53673;3.14205e-08;1.18005e-06;1.22125e-07;7.81476e-10;7.63065e-07;3.38051e-09;3.95376e-09;2.87947e-10;0.463255;5.02599e-06;4.21257e-06
4.36642e-05;0.909982;2.51942e-09;3.6639e-06;7.16917e-06;1.25404e-05;1.59295e-06;0.0493989;0.0315266;5.16957e-08;6.60457e-05;6.45898e-07;0.00746661;0.00149101
2.04538e-08;0.0112185;4.25985e-12;7.89622e-09;0.000408399;1.02683e-07;4.93641e-11;0.988291;1.63545e-08;5.86783e-09;1.55482e-10;5.28934e-07;1.36215e-06;8.04519e-05
1.45367e-08;7.77238e-05;0.99934;6.64836e-07;0.000235264;9.10857e-05;1.97412e-09;3.01295e-06;9.18176e-10;1.44249e-07;8.49284e-08;0.000230457;1.69095e-05;4.64215e-06
1.42902e-06;0.999545;3.68767e-08;6.22372e-09;3.40752e-08;4.207e-09;0.000142958;0.000273181;7.6763e-08;6.50397e-07;1.23137e-07;4.69187e-08;2.11788e-05;1.50479e-05
2.43758e-11;3.58173e-11;0.999999;1.24563e-11;4.08605e-11;2.70287e-12;8.861e-11;3.68991e-11;6.33237e-10;3.68454e-12;2.17265e-11;9.18564e-07;4.72926e-13;8.97147e-11
1.50979e-06;0.965467;3.45883e-11;1.49276e-07;3.35885e-07;2.68981e-07;6.41708e-07;0.00146448;1.17163e-05;1.86062e-07;1.9697e-06;3.03263e-06;0.0329949;5.35106e-05
4.53964e-07;0.000140891;0.0117092;4.53585e-07;3.65796e-06;4.58485e-09;1.96279e-08;0.966679;3.31455e-07;1.4471e-07;1.00589e-06;0.0214533;1.16627e-05;2.28341e-07
4.8888e-09;0.634369;5.82685e-06;1.10324e-05;3.77111e-06;3.26051e-07;4.98161e-06;7.16542e-09;1.02894e-09;0.000337878;5.27985e-08;6.8375e-07;3.02925e-09;0.365266
2.0917e-06;4.73924e-05;3.43693e-09;7.44376e-07;7.65753e-10;1.02683e-07;0.992813;1.70519e-08;0.000700728;5.34648e-07;0.00636619;9.77414e-09;6.92255e-05;1.35042e-08
3.0296e-06;0.999944;2.68256e-05;6.00979e-07;7.55549e-09;1.42032e-08;9.16382e-07;8.46913e-07;8.05038e-08;6.66875e-08;3.96415e-08;6.02222e-06;1.78858e-05;3.76817e-08
2.01798e-05;0.869207;2.7015e-08;5.98131e-06;4.81569e-05;5.47804e-06;4.12756e-08;0.0045584;8.96718e-06;5.96768e-07;1.41031e-06;0.105075;0.0210578;1.03024e-05
1.81413e-05;0.956431;6.22593e-11;8.94939e-06;4.31996e-06;7.22696e-06;0.000385813;1.50846e-06;7.54921e-08;0.00176748;2.47991e-08;2.35296e-07;0.000728808;0.0406461
2.50011e-12;7.7337e-14;1;1.06273e-11;1.21705e-14;9.55503e-14;1.59774e-11;4.15031e-14;7.32491e-13;3.66964e-11;7.04509e-12;4.12901e-10;1.66e-14;2.12706e-13
4.64591e-08;9.38669e-05;1.09479e-08;1.54534e-08;1.52979e-12;4.42906e-11;0.999557;7.41581e-09;2.15772e-07;0.00034359;5.03273e-06;2.28012e-14;2.45817e-08;1.30913e-08
6.93892e-15;6.74056e-16;1;6.71903e-13;2.35525e-14;8.51136e-14;8.30816e-12;7.3831e-16;5.98572e-12;1.09402e-12;1.39032e-10;7.25586e-12;1.41557e-18;1.85715e-15
