5.81445e-07;0.999929;5.6292e-06;1.07318e-06;9.39664e-07;3.05348e-09;3.63349e-09;2.02629e-05;1.34752e-08;1.1014e-08;1.12929e-08;4.05687e-05;7.92786e-07;1.64656e-06
3.05983e-07;5.67027e-06;6.77596e-12;3.11105e-09;7.22686e-08;1.55327e-09;5.67893e-08;0.999992;1.63921e-06;1.75574e-08;1.94034e-08;1.30423e-10;5.1135e-07;3.17005e-09
1.02034e-05;0.00695175;0.000599293;0.000160175;0.000131417;9.0023e-06;4.03021e-05;0.000190384;0.00494479;4.29035e-06;7.52449e-05;0.986673;6.40217e-05;0.000145693
3.33799e-07;0.999753;2.16257e-12;4.00075e-10;4.24342e-12;6.83115e-12;8.13321e-07;1.59955e-07;8.14783e-09;2.13817e-10;3.27437e-08;7.23619e-08;0.000245461;1.18023e-11
2.63025e-08;0.0434077;1.05689e-08;1.93924e-07;2.81268e-05;1.96064e-07;4.07334e-11;4.20763e-05;2.79625e-09;2.65568e-10;3.28655e-09;0.954658;1.51884e-05;0.00184868
1.90039e-06;0.9691;1.69189e-09;1.54957e-07;0.000210684;5.0396e-09;1.16346e-07;0.000282065;1.37683e-08;4.66452e-08;2.33979e-09;2.8545e-07;2.58903e-06;0.0304017
1.21602e-07;0.000217383;0.00054628;7.65584e-07;4.01534e-06;8.03269e-06;8.77003e-12;4.78338e-07;2.58877e-10;3.7828e-10;1.99302e-08;0.998877;4.90721e-06;0.000340924
3.81391e-08;0.997013;1.66453e-12;4.02394e-09;6.70428e-09;9.26672e-09;8.10811e-06;1.05144e-05;5.09578e-09;4.8327e-08;1.71692e-07;6.18933e-13;2.12989e-06;0.00296618
1.55159e-12;3.643e-11;1;1.2789e-11;1.19094e-12;1.10817e-10;4.28614e-11;1.80095e-12;1.41236e-12;4.57757e-12;1.07481e-10;6.10806e-11;4.48429e-12;2.34658e-12
3.02369e-08;0.00038676;7.55109e-08;2.21785e-07;8.69055e-09;2.67062e-07;1.62957e-07;0.000263142;2.79895e-07;1.21219e-08;9.72912e-06;7.31499e-06;0.999332;9.21322e-09
4.38356e-07;0.00207361;3.04058e-07;5.34021e-05;6.70885e-06;2.06401e-07;2.58468e-08;0.000304892;9.38036e-07;3.91732e-06;2.75453e-05;0.996103;0.00141876;5.93283e-06
8.99064e-05;0.00645034;2.39171e-06;1.34608e-06;3.0991e-05;3.67494e-06;2.89449e-05;0.992649;1.10818e-06;6.7225e-06;6.65552e-06;3.20613e-05;0.000594578;0.000102115
4.63415e-07;0.0328387;5.102e-05;8.44185e-06;0.000192296;1.07542e-05;1.4182e-05;0.00247588;1.02749e-06;2.75949e-06;3.37466e-05;0.963133;0.00119975;3.80931e-05
8.2694e-10;1.28409e-06;0.999999;5.53693e-09;6.64957e-09;7.57752e-11;2.46231e-09;1.81798e-08;4.14811e-11;1.80498e-09;1.17173e-10;1.38236e-07;2.6957e-08;4.73448e-09
0.00202239;0.111345;1.81239e-05;0.00025082;0.000520541;4.73903e-05;0.000127686;0.847935;0.0216926;2.22903e-05;0.000493394;0.0145308;0.000601689;0.000392174
0.000417507;0.00657602;3.79149e-07;3.06626e-09;4.40142e-05;8.58636e-09;2.37519e-09;0.992913;4.07749e-06;3.38437e-08;2.82447e-09;4.511e-06;3.49756e-05;5.29842e-06
8.85829e-06;0.000159997;1.78327e-05;5.46559e-07;0.000172086;1.39781e-07;2.62646e-08;0.000421122;0.000182054;9.84765e-07;2.76889e-07;0.99902;3.2507e-06;1.24112e-05
5.45161e-06;0.757033;1.38406e-08;1.74458e-07;1.24245e-07;2.51641e-06;2.52592e-07;0.000103324;9.40618e-05;1.7395e-07;8.21618e-07;8.59336e-09;0.24276;3.39782e-08
5.81845e-07;0.000113088;0.0351594;2.81982e-07;1.23223e-06;1.21343e-08;1.18346e-09;7.19265e-06;1.19426e-08;4.29286e-08;2.48957e-10;0.964718;2.23552e-07;3.50928e-07
1.64433e-06;0.969163;1.47579e-10;2.56729e-05;0.000132072;8.70854e-07;1.40561e-05;0.028939;0.000116377;1.69424e-06;3.41907e-05;0.000279469;0.00129059;1.7179e-06
3.83781e-05;0.938065;0.00107676;2.47995e-05;2.14143e-05;2.71991e-05;3.32922e-06;0.000171615;7.04274e-08;6.45117e-05;1.03156e-06;0.0186071;0.0418873;1.18043e-05
9.8864e-05;0.125548;1.80031e-05;0.000170966;0.000209727;0.000469576;5.9486e-05;0.0109953;0.00121264;7.59425e-05;0.000281458;0.1142;0.745979;0.000682075
0.000118813;0.026011;0.9353;0.000537688;0.0208646;0.000198542;7.67377e-07;0.000396829;2.56742e-06;1.35521e-05;6.72936e-06;0.00489945;0.011249;0.000400225
1.27244e-05;0.000181244;1.40317e-07;1.7044e-06;8.04542e-08;2.1818e-05;3.26818e-06;3.05626e-05;4.65588e-05;1.056e-06;5.75722e-05;2.64748e-06;0.999641;3.64376e-08
6.35922e-07;4.87433e-05;0.998021;5.17655e-08;5.93127e-07;1.60796e-07;1.2607e-09;3.93328e-08;1.78119e-09;3.58529e-08;2.74182e-09;0.00192407;6.86435e-08;4.62244e-06
2.6693e-07;0.992982;1.21078e-09;1.99961e-07;7.47392e-07;2.03163e-05;1.97863e-07;0.00183677;1.14043e-07;1.75687e-07;3.27082e-07;8.75917e-08;0.00465491;0.000504095
2.38029e-05;0.0905393;5.21691e-08;0.000200138;5.46501e-05;4.42209e-05;3.69722e-05;0.00649748;0.000410722;2.01507e-05;0.00201818;0.000270663;0.899872;1.21843e-05
2.20434e-06;0.00700319;1.01541e-05;3.1736e-06;6.96439e-06;7.23543e-06;3.27079e-08;0.000153647;3.29153e-07;6.28848e-06;1.90362e-07;0.992127;0.000678044;1.51527e-06
3.08852e-06;0.15954;1.02054e-07;0.00013692;1.08826e-05;0.00471444;9.93085e-06;0.000513218;2.11904e-06;6.90096e-06;1.2613e-05;0.000275693;0.834641;0.000133088
4.59104e-07;6.73761e-05;0.996562;4.17025e-06;1.78719e-05;2.49305e-07;7.12937e-09;7.79277e-06;5.38752e-11;1.87492e-06;1.11335e-08;0.00310172;0.000236205;1.70731e-07
7.40886e-06;0.740749;4.24801e-06;3.97976e-05;1.37846e-06;8.3706e-06;0.0508531;0.00479902;0.000154421;0.000345021;0.00286937;3.20552e-10;0.200165;3.29134e-06
1.5561e-11;7.85072e-11;1;1.00016e-10;2.51313e-11;2.11385e-12;1.16448e-10;4.27763e-11;4.91037e-10;3.57991e-11;6.56974e-10;3.73274e-11;2.1389e-13;8.7803e-13
2.0941e-06;0.000385307;9.40869e-05;8.98875e-06;7.29768e-08;3.07176e-07;1.29213e-08;0.000854512;0.000185083;1.99093e-08;6.65058e-05;0.998372;1.28779e-06;2.95481e-05
9.07755e-05;0.963739;0.000156402;7.5393e-08;1.86922e-05;9.80027e-06;1.38765e-06;0.0343965;1.28476e-05;1.53912e-06;0.000117316;5.81957e-06;0.00141561;3.38836e-05
1.41437e-08;0.99898;7.05369e-11;2.44782e-09;9.38789e-07;3.91067e-08;5.13751e-06;2.21247e-06;4.77031e-09;4.86899e-07;6.22474e-10;1.74893e-07;1.74768e-07;0.00101054
3.22927e-14;1.32823e-15;1;1.97543e-14;2.67328e-12;2.11647e-14;9.49952e-16;9.21405e-14;6.97009e-15;6.02065e-16;1.32876e-14;3.12798e-10;8.70221e-15;4.62755e-16
3.32336e-07;0.00655646;7.1647e-09;1.21458e-08;2.37888e-06;2.82268e-09;3.49128e-09;0.993281;1.4969e-06;4.49708e-10;1.36593e-07;4.17173e-06;0.000153816;4.10018e-10
8.29661e-08;0.99927;5.06108e-06;2.96569e-07;2.54291e-06;2.38613e-07;2.35478e-10;3.25142e-07;4.76112e-12;1.7047e-07;3.62019e-10;5.19825e-07;0.000716806;3.82257e-06
4.85442e-08;4.78585e-05;6.97959e-06;7.93958e-09;1.11529e-07;8.0671e-08;1.55252e-10;4.31003e-07;3.97754e-11;4.30698e-10;5.68616e-09;0.993339;0.00660515;3.66956e-07
1.9772e-06;0.360596;2.90163e-08;3.80118e-06;0.00444488;0.000120437;3.04479e-06;0.42909;6.25018e-08;6.62667e-07;2.4887e-07;0.000481522;0.20481;0.000447175
5.04452e-06;0.000114604;5.07633e-11;3.26079e-06;3.69447e-06;0.000343248;8.56326e-07;0.000141927;7.4182e-07;2.23594e-07;1.45168e-06;7.17104e-06;0.999377;3.45816e-07
7.1814e-07;3.44424e-05;0.999932;2.87335e-08;2.64258e-08;8.81639e-09;6.61341e-10;5.31751e-08;3.90539e-09;1.58927e-08;4.81744e-11;3.2898e-05;2.85658e-07;1.02359e-08
1.27763e-06;0.987353;1.52277e-06;4.22394e-06;1.04952e-07;8.08633e-06;6.07254e-07;0.00393726;5.95688e-05;3.63546e-08;3.72896e-05;1.86114e-05;0.00851821;6.02017e-05
5.06531e-07;0.998909;6.86985e-09;9.25019e-08;1.94779e-09;9.49509e-09;2.21307e-07;4.61939e-06;4.66532e-07;5.72369e-08;2.37307e-07;1.65828e-06;0.00108253;1.85363e-07
3.49034e-07;0.00291299;2.59279e-07;2.03685e-07;0.000211583;1.1818e-05;2.53193e-09;0.00975335;3.01415e-07;2.3308e-07;7.34385e-08;0.986475;1.22629e-05;0.000621152
3.45239e-10;0.991863;1.34572e-14;8.40262e-10;1.35779e-08;1.70573e-09;1.31694e-06;4.52418e-09;3.56071e-12;1.80992e-07;3.95185e-11;2.1979e-14;1.1279e-09;0.00813576
1.57354e-15;1.38007e-16;1;1.13232e-14;2.35035e-14;5.36324e-16;9.15425e-15;1.05002e-17;2.97112e-17;1.95911e-15;4.49648e-15;1.43373e-07;1.54868e-17;2.83791e-15
1.16414e-06;0.988381;2.93474e-07;5.04244e-08;4.15303e-08;7.01107e-07;0.00889819;0.000321134;3.34508e-06;3.77816e-07;3.17679e-06;6.75067e-10;0.00239074;5.52134e-08
2.18565e-09;0.000160154;3.49388e-09;1.70104e-08;2.83791e-08;3.31654e-08;3.3762e-08;7.10341e-06;9.25367e-10;8.2594e-09;7.23763e-08;6.6503e-07;0.999832;1.85908e-09
4.3945e-07;0.000131374;7.05383e-07;7.12545e-06;1.66474e-05;4.68165e-09;2.51456e-09;2.66146e-05;1.73595e-07;4.91512e-07;2.99781e-07;0.999792;1.21771e-05;1.23035e-05
3.54044e-06;0.999592;1.77561e-06;1.51216e-06;5.84282e-06;1.13331e-09;5.76173e-08;0.000109236;9.54383e-09;2.32832e-08;8.53739e-08;0.00028484;1.00178e-06;1.42236e-07
4.09298e-07;0.999736;1.26849e-06;1.16149e-07;6.18104e-08;1.71548e-09;8.17496e-08;6.18622e-09;5.37195e-11;1.09928e-06;3.40524e-09;7.76342e-05;0.000182405;6.041e-07
8.88249e-09;3.21558e-06;1.11514e-07;1.65474e-09;4.61543e-07;4.1105e-09;1.24033e-09;3.9769e-07;8.26398e-08;9.1412e-11;1.24195e-07;0.999995;1.1778e-08;2.48593e-07
4.48466e-07;0.995456;6.91275e-10;1.8833e-07;5.49286e-05;1.0371e-06;2.01471e-07;0.00127039;3.32205e-08;8.90589e-09;1.90701e-07;0.000135873;0.00306276;1.84377e-05
1.61897e-05;0.00357364;1.7924e-05;3.07962e-06;6.71563e-05;4.20563e-06;4.62796e-08;0.237431;2.49915e-06;1.23081e-07;4.26651e-06;0.757991;0.000881369;7.63281e-06
3.13972e-06;0.0029955;4.32598e-05;2.47416e-05;3.44578e-05;0.0590058;9.51918e-09;5.43915e-05;1.91681e-08;2.28011e-07;1.69012e-07;3.06582e-07;0.937598;0.000239691
3.77533e-06;1.66778e-05;0.999953;1.83609e-08;1.33907e-08;2.15729e-08;1.94562e-09;3.62927e-07;9.06515e-09;1.0805e-09;6.21272e-10;2.35408e-05;2.32392e-06;2.51985e-07
6.3565e-06;0.999387;1.98784e-05;9.40783e-07;8.40163e-08;1.04482e-06;6.51351e-06;0.000216905;2.17299e-05;4.04187e-08;1.91396e-06;1.62764e-07;0.000179278;0.000157966
1.19857e-06;0.0110188;2.39126e-08;4.30575e-07;0.000117945;1.83455e-05;1.39559e-09;0.988258;6.33201e-06;8.03506e-09;1.50068e-06;2.13841e-05;0.00054833;7.76386e-06
4.64542e-10;0.963915;7.84669e-11;2.57317e-10;1.3195e-09;6.29787e-11;7.20296e-09;7.39555e-12;3.16481e-13;4.03475e-07;1.94007e-13;6.75926e-09;2.58614e-10;0.0360841
1.12e-16;3.39116e-17;1;3.48609e-15;5.28813e-15;5.15554e-17;1.07135e-15;8.9084e-19;1.14687e-16;2.7146e-16;2.51261e-15;2.00969e-10;1.23084e-18;1.01623e-17
2.84814e-05;0.823944;6.40057e-06;1.3027e-05;7.2479e-06;0.000292882;0.0666268;0.0279893;3.90247e-05;6.92604e-05;0.000289176;3.24645e-07;0.0806916;2.80705e-06
7.66068e-08;0.000327247;2.04557e-08;1.12938e-07;1.03137e-07;6.13581e-07;6.333e-06;0.000193079;1.35304e-07;1.79415e-07;4.46729e-06;3.24928e-07;0.999467;8.92546e-09
5.38721e-07;0.000188971;5.37477e-07;8.25762e-06;1.7572e-05;2.17537e-07;2.49586e-08;0.000237312;9.55699e-07;4.18708e-06;3.45269e-07;0.999429;0.000105839;6.52996e-06
1.19419e-05;0.998048;3.83154e-05;3.22931e-05;6.60461e-07;9.13883e-09;2.12849e-06;4.89356e-05;4.92654e-07;4.83659e-07;2.89934e-06;0.00180877;5.0648e-06;1.87584e-08
1.75555e-05;0.0199697;1.59293e-09;9.81264e-06;0.000237007;2.2681e-08;2.45118e-06;0.979599;8.12168e-05;1.07906e-05;4.85947e-05;6.84106e-06;1.06482e-05;6.20294e-06
2.47097e-05;0.0115297;0.985106;0.000473053;0.00130329;1.86161e-05;0.000193723;8.57925e-06;3.04595e-06;0.00022107;0.000310137;0.00017958;0.000560118;6.82153e-05
3.00341e-05;0.9991;9.64821e-06;1.59025e-06;0.00012537;3.75112e-07;1.93022e-06;0.000140342;1.44102e-05;3.17834e-08;1.76499e-05;0.000458754;9.07762e-05;9.4076e-06
0.000223112;0.00532323;1.05953e-07;2.78179e-06;0.0321776;0.000242344;9.04653e-07;0.94988;7.91338e-06;1.32866e-06;6.36038e-07;7.5225e-05;0.00284948;0.00921503
9.24245e-06;0.00621001;1.57052e-07;2.44138e-08;7.78416e-09;2.98906e-09;2.02124e-09;8.60196e-06;9.99597e-07;8.14985e-10;3.70877e-07;1.96485e-06;0.993769;1.57542e-08
0.000187882;0.0118131;1.28747e-06;2.61918e-06;7.7431e-07;2.04704e-07;3.43198e-08;0.000130981;0.000648704;3.52321e-07;2.45064e-05;0.977285;0.00990302;1.60473e-06
1.72906e-05;0.844371;7.74661e-08;2.38323e-06;8.58364e-06;5.11007e-06;3.39307e-08;0.131296;2.33806e-05;2.90319e-06;1.45874e-05;0.010172;0.0140817;5.04392e-06
2.4285e-07;0.97269;6.68757e-14;1.63666e-07;4.93005e-06;2.76967e-08;4.09936e-06;2.50096e-06;5.57819e-11;8.63968e-05;6.23094e-10;8.05396e-09;1.66841e-07;0.0272113
2.92133e-13;3.84941e-13;1;1.62956e-13;2.38297e-14;8.05685e-15;5.65663e-11;8.19436e-16;2.76762e-13;2.41844e-13;6.91178e-12;7.0782e-10;4.40255e-14;2.48018e-15
7.78243e-06;0.00161012;1.22329e-05;5.3852e-05;3.15402e-06;9.64944e-06;0.0388518;0.00135027;0.0357293;4.19002e-06;0.897696;1.95686e-06;0.0246679;1.70026e-06
1.29539e-05;0.0257626;8.9473e-09;5.60248e-09;2.521e-06;3.34748e-08;4.60231e-08;0.973485;4.44244e-07;1.30216e-07;3.6735e-08;1.90205e-07;0.000735145;1.04152e-06
2.34008e-08;0.00107314;1.00627e-05;2.87303e-07;0.000301515;7.80994e-07;9.54958e-11;6.09783e-05;6.89995e-09;6.15381e-09;1.27347e-08;0.989748;8.2128e-07;0.00880403
1.54347e-09;0.999968;3.02077e-11;4.23482e-09;2.03924e-08;1.37974e-09;1.35415e-10;2.08626e-05;4.37621e-09;2.17402e-10;2.56379e-09;4.02077e-09;1.13542e-05;6.55488e-09
2.88906e-05;0.00143355;1.35402e-07;5.82781e-06;0.75203;0.103555;5.44841e-07;0.00241661;1.3693e-05;3.80961e-05;7.84789e-07;0.00314872;0.00433308;0.132995
0.00769773;0.00657996;0.00270063;7.29737e-06;4.70935e-05;4.42598e-07;2.72698e-05;0.0141613;0.000926625;1.45993e-06;2.40022e-05;0.000262419;0.967563;1.20401e-06
0.000428033;0.000160671;2.60377e-06;0.000130408;1.6235e-06;1.39512e-07;9.33463e-08;1.26246e-05;0.0035941;3.04237e-06;8.03265e-06;0.995154;0.000504925;4.03512e-08
6.57883e-05;0.999358;1.10584e-06;3.58281e-07;4.7017e-10;1.98512e-11;2.26875e-07;8.84011e-05;5.20286e-07;5.94276e-08;3.9343e-07;0.000390861;9.43276e-05;2.20605e-09
1.28049e-08;5.14199e-06;1.07255e-08;1.42166e-07;7.7922e-06;8.7236e-09;3.24021e-10;0.999984;3.23959e-09;1.64645e-07;3.94389e-10;6.46446e-08;2.83167e-06;7.70953e-09
9.68218e-10;1.57668e-08;0.99999;6.32012e-06;4.50013e-08;1.30301e-08;5.78659e-09;8.15881e-12;2.09451e-10;3.47463e-06;2.34328e-07;1.98184e-07;6.55948e-10;1.27171e-07
1.9246e-05;2.92372e-05;6.58864e-06;3.36864e-06;1.70899e-09;2.05637e-08;0.000363366;1.93277e-05;0.00697089;8.31597e-07;0.991987;5.7463e-07;0.00059983;4.98596e-11
