1.37675e-05;0.990873;3.66548e-09;5.11314e-07;4.98102e-08;2.17922e-08;4.62189e-06;1.81646e-05;3.06307e-05;4.24293e-08;4.42369e-05;0.000144167;0.00887103;7.69106e-09
5.88945e-07;0.993605;8.18212e-09;2.65807e-06;3.06674e-06;5.18004e-06;1.10935e-08;0.000101438;9.64204e-07;2.669e-07;2.60228e-07;0.00581652;0.000333571;0.000130767
4.81339e-05;0.996985;5.19195e-06;5.74272e-06;1.69958e-05;2.16667e-05;7.94422e-06;0.000719347;1.28479e-06;6.33043e-06;1.06863e-06;3.00506e-05;0.00175938;0.000391522
2.43547e-08;4.28902e-05;8.85794e-07;1.5029e-07;1.50294e-05;1.65498e-08;2.1898e-08;7.96536e-06;9.41119e-07;4.01171e-09;4.13717e-06;0.999928;2.96973e-07;6.47414e-08
9.48819e-08;0.988956;1.56005e-06;5.93747e-08;7.78479e-09;9.24e-09;2.81689e-08;2.87926e-09;3.77143e-11;4.29777e-08;8.26536e-08;6.03017e-07;0.011042;6.63974e-09
1.29101e-07;0.000138759;5.73774e-09;9.88687e-10;1.76312e-07;2.20267e-09;4.29736e-08;0.00330389;1.1055e-06;5.72741e-10;1.89984e-06;0.996552;1.93708e-06;1.58624e-08
1.58034e-06;0.914132;1.22535e-07;1.33892e-05;0.0036369;7.57356e-05;2.59059e-09;0.0775864;4.95497e-07;5.75585e-08;3.08074e-07;0.00371695;0.000797534;3.82023e-05
0.000182148;0.0469498;5.21426e-07;4.13364e-06;3.25608e-06;6.38518e-06;3.22287e-08;0.0031583;1.4563e-05;2.02381e-07;3.46637e-06;0.105939;0.843693;4.5682e-05
1.3767e-06;0.999892;3.98086e-06;1.10355e-09;3.28893e-11;1.81339e-10;7.52476e-08;5.36259e-08;1.2473e-08;3.35864e-09;3.22913e-09;5.10794e-05;5.17292e-05;6.64213e-11
1.59974e-06;0.00766489;2.54476e-06;4.53811e-05;0.000149295;0.00173732;7.55205e-08;0.0277568;1.68512e-05;2.97705e-06;3.88719e-06;0.0286824;9.04166e-05;0.933846
4.31587e-07;0.999718;1.55759e-08;1.9148e-08;5.23303e-10;4.92041e-09;0.000238569;1.9125e-07;1.89593e-08;8.32699e-06;3.14173e-08;8.08534e-11;9.06508e-07;3.35129e-05
3.18763e-11;3.88264e-11;0.999994;2.48451e-10;1.96813e-11;1.05705e-10;2.89887e-09;5.34724e-13;5.07017e-09;4.00252e-10;2.45428e-09;5.93768e-06;2.60597e-15;1.27141e-09
2.24143e-07;0.0018407;1.77477e-10;1.91291e-10;2.49689e-11;2.58687e-09;2.39456e-06;1.67118e-08;2.44741e-07;7.0996e-10;8.11301e-08;2.16867e-09;0.998156;2.37887e-12
1.97979e-08;0.0100625;8.05363e-06;1.73679e-06;1.76154e-05;5.68314e-05;9.78134e-09;5.34224e-05;4.07126e-07;1.08807e-07;7.59251e-08;0.98943;0.000264077;0.000104991
4.56941e-07;0.00349293;1.67177e-06;6.15073e-07;0.00111581;2.33114e-05;2.4222e-08;0.995134;1.04656e-07;2.28323e-08;2.14459e-07;1.91687e-06;0.000164266;6.45736e-05
1.40777e-06;0.985088;4.67669e-12;2.04305e-05;2.00801e-05;3.39354e-05;4.99842e-08;0.000122281;8.31653e-07;1.44837e-07;8.70615e-06;0.00380483;0.00991822;0.000981373
6.90493e-05;2.0208e-06;5.47804e-09;3.64736e-09;1.016e-07;2.10584e-09;7.479e-08;0.999913;1.49857e-05;1.64967e-09;3.3846e-07;1.30932e-08;5.22403e-07;2.19203e-10
1.11416e-07;0.999926;6.95205e-10;3.25656e-07;3.00267e-05;8.81381e-07;3.91881e-10;2.38885e-05;7.92592e-09;4.04781e-08;8.43519e-10;1.33015e-06;9.84945e-09;1.76537e-05
6.63179e-06;0.0014479;0.00038074;2.77761e-06;4.07192e-05;8.39692e-05;4.73615e-08;1.53553e-07;2.20053e-08;7.28881e-06;2.97119e-06;0.986843;8.00606e-07;0.011183
5.7331e-05;0.988993;9.95582e-11;2.4597e-07;2.10026e-07;3.41366e-07;1.25664e-06;0.00102671;6.09438e-05;1.17808e-08;0.00033892;3.27377e-06;0.00951721;2.18193e-07
0.000138023;0.0232884;4.87742e-07;7.98299e-08;2.59729e-05;7.96702e-07;1.94757e-09;0.967523;2.10081e-07;1.03028e-07;3.56652e-09;0.00174529;0.00727499;2.24691e-06
4.41253e-08;0.000266718;3.09672e-06;3.65102e-07;3.3235e-05;6.67344e-07;3.37036e-10;0.000334961;2.85164e-08;2.74045e-09;5.57884e-08;0.999082;1.49981e-05;0.000264143
4.77786e-07;0.992029;1.04078e-08;1.92089e-05;8.06053e-06;8.14588e-06;6.44435e-06;0.0056512;2.26337e-06;2.23965e-06;3.26171e-05;2.0997e-06;0.00216977;6.84846e-05
7.52186e-06;4.13316e-05;3.783e-09;1.76091e-05;0.987781;0.00591083;3.80329e-06;0.000282388;0.000538952;6.15121e-06;0.00021674;0.0046386;0.000418953;0.000136416
0.000488539;0.994042;7.3748e-07;1.89673e-08;1.66505e-06;5.46556e-10;0.000309701;0.00507976;3.63313e-06;5.59352e-06;7.40266e-08;2.91741e-11;6.81135e-05;1.60196e-07
1.61121e-08;1.03241e-07;0.999987;2.57808e-08;2.04468e-09;8.38685e-10;8.06061e-10;5.52067e-10;3.83001e-08;2.66315e-09;1.05887e-09;1.27622e-05;3.62176e-09;4.66012e-10
9.90556e-07;0.000780717;7.24015e-06;9.42553e-07;5.56036e-08;7.81783e-08;1.82913e-09;0.00229683;5.39422e-06;4.36361e-09;4.84308e-07;0.996901;5.85853e-06;7.60535e-08
1.69997e-06;0.770262;3.97861e-08;2.3371e-06;6.27892e-06;2.73691e-05;3.1134e-08;0.00509967;2.03147e-06;4.24718e-07;2.68896e-05;4.66299e-06;0.224563;3.35532e-06
9.63938e-07;0.0044684;1.22817e-07;3.56856e-05;0.075001;0.80906;8.36865e-09;0.00401526;4.34652e-07;1.28143e-05;9.77792e-07;0.000395853;8.43762e-05;0.106925
1.19753e-05;0.979192;8.71249e-10;1.79259e-06;2.16433e-06;2.65504e-06;1.16962e-08;0.000867005;1.41012e-07;4.27381e-08;5.36404e-07;9.20862e-05;0.0197799;5.00248e-05
2.15418e-05;0.00931884;3.88082e-05;6.15066e-06;0.00184;0.000211562;5.862e-10;0.795569;6.76782e-09;7.09247e-07;1.77529e-09;0.190968;0.00151303;0.000512509
7.05839e-07;0.220843;6.17038e-06;3.21693e-06;0.000552115;7.87064e-05;1.38565e-07;0.0519533;2.17658e-08;9.89039e-07;4.09578e-07;0.718158;0.00803285;0.000369819
5.41572e-08;0.00960633;9.31104e-08;2.93702e-07;4.99033e-08;1.98259e-07;2.4808e-07;9.67831e-05;3.524e-08;8.1346e-08;9.36212e-07;2.25456e-05;0.990272;1.04904e-07
7.05277e-05;0.973075;0.00240572;0.000319547;0.000155598;1.88124e-05;1.40719e-05;0.0199927;0.000113386;4.54153e-05;7.97131e-06;0.000364702;0.00130719;0.00210959
3.02021e-06;0.999159;2.51685e-10;1.28823e-07;2.80622e-10;3.4076e-10;6.24446e-06;5.68595e-06;9.19145e-07;2.05125e-07;7.14818e-07;4.05338e-05;0.000783084;2.90547e-10
2.30731e-07;0.000251751;7.77501e-08;2.17149e-08;6.31474e-10;8.02531e-09;9.32256e-10;3.49247e-07;1.75176e-07;3.58417e-09;2.55098e-07;0.999721;2.61969e-05;9.61793e-08
4.35845e-06;0.89718;5.97328e-08;7.56565e-05;4.8589e-05;3.79885e-06;0.0188736;1.98554e-05;0.000441086;0.00154943;5.74005e-05;4.83777e-07;1.0347e-05;0.0817354
2.37466e-06;6.39909e-07;0.999886;2.04753e-06;1.73534e-07;2.16349e-07;5.44409e-06;6.39541e-06;2.62063e-06;2.60738e-08;1.76674e-06;3.94393e-05;5.28146e-05;3.31054e-07
1.24788e-06;1.86202e-05;7.15781e-10;4.68405e-09;2.19356e-08;8.7162e-09;4.24964e-08;0.999848;5.02464e-06;3.4306e-09;1.25379e-08;1.67912e-09;0.000127109;1.16258e-09
4.13657e-08;0.000469145;5.38847e-07;6.10884e-06;0.000127322;2.27946e-05;1.79054e-09;5.97917e-05;3.5738e-07;2.8658e-07;1.40097e-07;0.00192175;0.000340135;0.997052
2.90205e-06;0.997386;3.76223e-07;1.20259e-08;2.59781e-09;6.46392e-10;0.000728199;6.76435e-06;1.50825e-07;3.20609e-06;2.59639e-08;3.79271e-10;1.24035e-06;0.0018716
1.21662e-11;1.42436e-10;0.999986;1.0511e-09;1.23133e-08;1.03586e-11;9.11811e-10;7.03814e-11;3.92227e-09;1.54537e-10;9.64132e-10;1.42715e-05;7.01929e-16;1.83123e-08
2.35718e-06;0.975463;8.2953e-05;5.41832e-06;0.000204204;4.29592e-06;1.13168e-05;1.79527e-05;1.56132e-07;5.3135e-06;2.99471e-06;1.8268e-06;0.0241866;1.11937e-05
5.07713e-06;0.891799;2.2139e-07;5.3407e-07;4.75426e-05;0.000110452;6.33549e-06;0.000462016;2.47605e-06;7.46974e-07;1.46769e-05;0.00320373;7.52052e-05;0.104272
2.83902e-06;0.779773;9.68676e-06;9.28038e-07;0.00180937;0.00181853;5.68354e-08;0.0287152;4.86067e-08;3.09692e-08;3.71327e-08;0.000364308;0.0627173;0.124789
1.70947e-07;3.88586e-05;9.48261e-06;4.0492e-07;5.95734e-06;9.62961e-07;7.39774e-10;7.26496e-07;1.50516e-10;4.51836e-08;5.42363e-09;0.000137744;3.50814e-05;0.999771
2.90859e-05;0.0804893;3.99102e-07;1.31495e-05;3.1152e-06;5.39319e-05;1.57545e-06;0.0024567;7.33476e-05;5.14243e-07;7.24293e-05;0.00406398;0.912677;6.50551e-05
6.08688e-07;0.0107219;1.38928e-08;2.10532e-07;8.90406e-09;6.99364e-06;1.06495e-07;1.5453e-08;3.87513e-08;1.54403e-08;1.82625e-07;2.40853e-07;0.989269;1.39219e-07
4.73659e-07;0.000621498;0.992719;1.38601e-05;8.33068e-05;1.50561e-05;7.11216e-08;8.51437e-06;3.06706e-08;1.03237e-05;7.13793e-08;0.00504646;3.70528e-07;0.00148084
1.22289e-06;0.00918671;9.55514e-10;4.25587e-05;8.76702e-06;0.000267707;5.48969e-06;0.00195134;4.18108e-05;1.8859e-06;0.000562496;7.65335e-07;0.987924;5.40117e-06
2.07873e-05;0.00244921;0.995242;7.86916e-05;3.00687e-05;1.03838e-05;3.47251e-06;0.000115471;1.8006e-07;0.000178549;2.80131e-06;0.00160824;0.000259073;1.32177e-06
3.77408e-09;9.23385e-10;1;1.09502e-08;2.26756e-09;1.02468e-10;1.93428e-08;2.07668e-12;1.23268e-07;1.97034e-09;7.52627e-08;2.09523e-08;3.29292e-11;2.69934e-10
3.99192e-05;0.000783858;9.0111e-05;0.000105955;4.61355e-06;7.38741e-06;1.70471e-07;0.0198725;0.0041641;2.04841e-07;0.000230506;0.974403;1.99706e-05;0.000277897
5.24788e-06;0.997233;5.55158e-08;1.01065e-07;1.52921e-08;1.39162e-07;1.18658e-07;8.86277e-07;2.11479e-07;1.61525e-08;9.60869e-08;1.73642e-07;0.00275915;8.48737e-07
1.34071e-07;0.000533082;4.00052e-07;5.41943e-07;8.99618e-05;2.07401e-05;2.98853e-12;7.8262e-05;1.16565e-07;1.56064e-09;1.78568e-08;0.998196;1.29665e-05;0.00106778
9.34613e-08;0.999928;5.31595e-13;9.96459e-10;7.30099e-09;5.40456e-08;1.20821e-06;9.58414e-06;2.19785e-09;5.62834e-07;1.55654e-10;3.77434e-13;1.7692e-06;5.84127e-05
6.89091e-15;3.51612e-14;1;1.18408e-14;1.30999e-13;2.56626e-15;6.43166e-16;1.44051e-13;4.28863e-15;2.12716e-14;7.84391e-16;1.1981e-10;1.84328e-16;5.6133e-17
9.17613e-07;3.98087e-05;1.1797e-06;1.5598e-05;0.000397264;7.55666e-05;1.96126e-07;0.995089;0.00256203;1.86173e-06;0.000280488;0.00016939;0.00136694;7.17873e-08
