2.64427e-07;0.999938;7.31874e-11;2.62211e-09;2.17945e-08;1.36247e-08;7.94675e-06;1.25869e-05;1.43881e-08;1.79517e-06;5.11769e-09;1.26466e-11;2.183e-06;3.72013e-05
8.12701e-14;3.45671e-14;1;1.48854e-12;1.14913e-13;1.26297e-13;1.07634e-12;2.51701e-14;9.03699e-13;1.7604e-12;3.25248e-12;1.68352e-09;1.43421e-15;6.3249e-14
1.19255e-05;9.4639e-05;2.90517e-05;0.000820218;0.00292013;0.00764706;1.49175e-05;0.00319499;0.00288977;4.63022e-06;0.0403016;0.940131;0.000219417;0.00172096
1.58843e-07;0.000605788;5.47327e-11;5.32233e-08;3.40945e-06;6.96998e-07;6.93865e-08;0.9975;2.05408e-07;1.2965e-08;5.15547e-05;1.7542e-06;0.00183659;1.20313e-07
4.81858e-08;0.00020126;7.37325e-06;1.79709e-06;1.45985e-06;4.36128e-08;6.42701e-08;7.99903e-06;1.91445e-08;2.42964e-08;1.38166e-05;0.999683;7.86036e-05;4.60029e-06
1.14733e-05;0.0655211;1.3812e-08;0.000117055;0.00206658;1.16522e-05;6.95463e-07;0.929655;4.43584e-06;1.28259e-07;0.000534204;0.00152667;0.000550503;4.32623e-07
0.000158113;0.0840623;3.93643e-05;4.58273e-07;5.35254e-07;2.75515e-05;3.4644e-07;0.0240935;2.3884e-06;2.97475e-07;1.44572e-05;0.0173902;0.874201;9.22081e-06
2.93163e-05;0.00127964;1.08099e-05;3.53218e-05;0.000378198;5.41205e-05;7.58142e-07;7.2079e-05;7.3115e-06;1.80497e-06;3.33792e-05;0.960908;0.0370431;0.000146384
0.0621788;0.0712683;0.00109794;8.27782e-05;0.000706648;1.6024e-05;1.28272e-05;0.677002;0.0321678;3.33847e-05;0.000357816;0.102031;0.0530418;2.40748e-06
0.000323551;0.634928;3.0979e-05;0.00462933;0.01069;0.000367293;3.21056e-05;0.241199;0.0139283;0.000237224;0.00100906;0.0902472;0.000288478;0.00209018
8.85617e-06;0.00516248;1.95592e-07;0.000106436;0.759362;0.0819647;1.87785e-07;0.0447466;7.65575e-06;0.00015137;3.25012e-06;0.000301552;0.00306084;0.105124
0.00172222;0.982219;1.09861e-06;4.8289e-05;3.96115e-05;2.12461e-08;0.00070049;0.00199509;0.00636035;1.20695e-05;0.0057728;3.83113e-05;0.0010881;3.12445e-06
2.93738e-05;0.99979;0.00014767;1.7443e-06;7.60186e-06;2.4538e-09;1.68557e-07;5.19174e-06;1.20131e-07;3.76379e-07;1.3942e-08;3.49584e-06;1.3882e-05;8.07953e-07
6.3148e-06;0.999344;1.01073e-09;6.63183e-08;2.61621e-08;5.98649e-10;3.23339e-05;9.34715e-05;5.24949e-08;9.1901e-06;5.60301e-10;2.93272e-10;4.65095e-07;0.000514044
9.73334e-13;3.66554e-14;1;8.10402e-13;9.44937e-11;1.89881e-13;1.14475e-12;6.35169e-15;6.38211e-13;3.6747e-13;2.60406e-13;7.69822e-08;7.69286e-18;1.06867e-10
3.38768e-06;0.63528;4.0864e-11;4.35559e-08;0.000103324;1.43102e-05;1.46472e-06;0.00986227;9.76602e-06;2.48076e-08;1.64959e-06;4.24465e-06;0.354698;2.23269e-05
7.43604e-06;0.0239156;8.08575e-06;9.38541e-07;0.000151563;0.000372339;1.83192e-06;0.0322026;9.49587e-08;3.9203e-06;1.36761e-07;0.043246;0.878566;0.021523
2.69292e-06;0.000221098;8.90281e-07;0.000137846;0.0043319;0.000815968;6.77133e-08;0.00180908;3.64357e-06;9.73003e-07;4.85258e-06;0.966996;0.000907178;0.0247679
0.00022619;0.875847;2.8216e-06;3.86339e-06;1.65081e-06;5.15703e-08;5.98692e-06;0.0603909;2.27829e-06;4.06196e-07;4.75588e-06;3.76892e-05;0.0634718;5.11976e-06
2.78274e-07;0.987914;5.91476e-10;2.2866e-07;2.32431e-07;1.26945e-06;0.000173518;9.82968e-07;1.60014e-08;0.000138899;2.22952e-09;5.8648e-09;2.72535e-06;0.011768
1.91137e-12;1.13147e-13;1;8.25217e-10;8.71206e-11;3.81205e-10;1.98349e-11;1.90653e-13;2.36237e-11;7.85379e-11;1.86594e-11;1.28291e-07;1.00127e-13;2.7774e-11
9.11082e-05;0.00648612;1.37767e-07;0.00335112;2.15601e-05;0.000215713;0.0004629;0.519222;0.00844664;1.51583e-05;0.335821;0.000171074;0.125693;2.45009e-06
2.83737e-05;0.0212585;1.88358e-06;4.11104e-05;4.7924e-05;6.41538e-05;0.0163912;0.92774;0.0014639;0.00139222;0.00723611;1.76463e-08;0.0243309;3.82083e-06
1.47297e-12;3.44016e-14;1;2.58142e-12;3.23487e-13;2.17463e-13;5.55942e-12;3.02976e-15;8.48611e-12;1.46963e-12;3.9911e-11;2.14806e-10;2.4142e-13;9.29025e-15
4.0764e-06;0.0270055;0.000426027;1.27142e-06;2.96938e-06;2.96168e-06;7.32835e-06;0.00583691;1.06368e-05;2.08577e-06;6.04337e-06;0.966579;0.000106445;8.77434e-06
3.91947e-06;0.0163759;6.84082e-08;2.82771e-06;2.32978e-06;0.000604207;9.77884e-06;0.000447038;0.000296792;7.44761e-07;8.07918e-05;1.02005e-07;0.982174;1.5425e-06
9.55468e-06;0.0345565;0.248344;5.13997e-06;0.0245824;1.0038e-05;7.96461e-10;2.14668e-05;2.39446e-08;8.30789e-07;2.13796e-09;0.69087;5.41574e-06;0.00159462
1.16129e-05;0.000299615;1.53234e-10;1.48403e-07;0.000124071;2.28583e-07;4.70728e-08;0.999162;0.000185871;1.88514e-08;2.35681e-07;9.29201e-08;0.000205611;1.08487e-05
4.97427e-07;6.21671e-07;3.34897e-09;1.92653e-08;1.2815e-07;7.66199e-09;1.4589e-10;0.999998;8.49441e-07;1.50916e-09;3.15622e-09;1.22185e-07;2.10908e-07;4.3287e-08
2.09175e-05;0.010125;0.00968477;6.11609e-05;0.018283;0.000130125;8.01241e-07;0.00256301;4.75294e-06;1.84397e-06;5.56988e-07;0.946507;0.0120055;0.000612042
1.33058e-07;0.999883;1.00336e-13;3.95373e-09;1.26173e-09;9.25196e-12;6.1438e-05;5.08755e-05;1.22792e-08;1.37214e-08;3.62865e-08;2.66307e-11;2.20665e-06;2.26188e-06
2.78624e-13;5.36101e-12;1;3.69654e-13;1.03105e-12;1.09182e-14;1.61444e-12;5.04494e-14;4.63257e-13;2.23611e-13;1.38713e-12;2.13333e-09;7.08878e-16;1.21513e-13
1.30993e-08;0.999366;1.32961e-12;2.1235e-08;4.11855e-07;6.37006e-09;0.00057783;7.6882e-08;1.49722e-07;3.50381e-05;1.0853e-07;1.41836e-07;1.83582e-06;1.89237e-05
1.54813e-09;3.54493e-09;0.999993;3.2253e-08;6.58305e-08;1.53654e-07;6.74667e-09;1.15147e-08;1.5176e-08;4.19242e-09;8.30806e-08;3.3488e-06;3.16525e-06;1.58524e-08
3.43343e-06;0.890015;0.00629991;1.31231e-05;4.84025e-05;7.02379e-06;9.6716e-08;0.0690879;5.38431e-08;1.3907e-06;3.89459e-07;2.28418e-05;0.0344988;1.64498e-06
2.10661e-05;0.113175;1.3535e-07;0.000204401;9.64791e-06;2.55181e-06;7.61852e-05;0.0451574;0.000136257;2.51891e-05;0.00683627;0.00182591;0.832517;1.31995e-05
1.93443e-05;0.99837;2.33759e-05;0.000485595;5.56611e-05;8.31581e-07;1.38864e-06;6.03072e-05;3.53227e-06;1.04015e-06;0.000218798;0.000631535;2.33829e-05;0.000105162
5.29097e-06;0.997087;6.34905e-09;3.29311e-07;1.89189e-08;6.01781e-08;1.73705e-07;0.000150653;9.12074e-07;2.80033e-07;1.89133e-06;9.52554e-05;0.00265753;1.80784e-07
1.69847e-07;0.00161325;6.78845e-08;3.68121e-07;9.66038e-07;5.79598e-07;3.63693e-08;5.17867e-05;2.43561e-09;1.36507e-07;1.43869e-07;0.998179;0.00014685;7.03142e-06
5.88091e-08;3.19605e-05;2.83238e-10;1.82448e-06;1.41852e-07;1.98731e-05;1.27815e-07;1.47517e-06;1.27254e-07;9.9614e-07;3.7231e-06;8.03427e-09;0.999939;1.08977e-06
5.5584e-09;6.05916e-09;0.999997;1.37716e-06;6.18787e-09;9.81737e-10;3.62194e-10;8.21415e-11;8.71381e-10;2.35436e-08;1.64072e-08;1.86807e-06;2.17719e-10;3.25085e-08
0.00020779;0.00207595;0.000178265;0.000352209;1.94583e-07;2.4812e-06;0.00227928;0.000764929;0.0654571;3.29734e-05;0.923043;2.45374e-05;0.00558062;6.31543e-08
