6.36111e-06;0.471597;0.000634777;8.00928e-06;7.68189e-05;4.88262e-05;1.80161e-07;6.17246e-07;2.29778e-09;1.41425e-06;4.04009e-07;0.00118593;0.526426;1.38385e-05
9.0025e-06;0.00673466;0.00022259;3.30624e-06;9.20496e-07;4.40257e-06;1.59077e-05;0.000623718;4.44198e-06;4.23626e-07;9.05789e-05;0.986587;0.00569542;7.95573e-06
2.39158e-06;0.273857;9.25258e-06;6.40802e-05;0.000929268;0.00106273;1.79112e-06;0.0207056;2.23945e-06;8.17493e-07;2.14218e-05;0.000428993;0.701286;0.0016279
0.00192582;0.228473;3.23386e-07;3.29859e-05;4.97503e-05;0.000166656;0.00619387;0.0361527;1.05536e-05;0.000505878;3.75029e-05;2.8199e-06;0.724599;0.00184867
5.81475e-13;8.28094e-14;1;8.40397e-13;9.82087e-15;1.12968e-12;1.24616e-12;4.20306e-15;1.48423e-11;6.83103e-14;1.585e-11;1.37146e-12;8.7358e-13;1.30468e-14
2.4403e-10;2.78853e-09;0.999998;2.35e-10;1.33248e-11;2.70302e-10;3.73603e-11;2.82025e-08;2.53542e-09;3.43853e-11;2.71343e-10;1.92329e-06;5.77137e-11;7.50106e-09
9.97002e-09;2.20979e-05;7.92528e-06;4.65231e-07;0.0152881;0.00397173;4.95456e-10;6.15594e-08;7.9536e-08;7.72727e-08;8.04552e-07;3.20004e-05;2.47659e-05;0.980652
6.06169e-09;0.994544;9.79034e-12;1.39177e-10;2.08443e-07;1.12545e-08;2.18378e-08;6.51804e-08;5.7583e-12;3.4204e-08;1.46029e-10;1.2049e-09;1.58373e-06;0.00545396
2.1466e-15;2.93725e-12;1;1.18125e-14;5.50439e-12;3.66246e-13;3.42333e-16;1.46619e-14;5.47855e-17;4.33049e-15;1.54818e-16;7.06026e-09;9.11158e-16;7.60373e-14
2.74564e-06;0.394163;3.94695e-05;9.32985e-05;4.51739e-05;0.0015275;1.51179e-05;0.10239;2.65588e-05;3.58799e-06;3.83889e-05;2.93956e-06;0.501646;6.3453e-06
7.34234e-09;0.999601;6.70961e-08;1.78063e-08;7.54866e-09;1.29038e-09;1.47697e-09;0.000328017;2.67888e-10;1.53845e-08;2.3893e-09;1.63612e-07;7.01869e-05;6.67468e-10
3.28175e-08;0.846481;6.3677e-10;9.78275e-05;3.87842e-05;8.36877e-07;1.45984e-08;0.00639211;3.77893e-10;8.74491e-06;1.22657e-08;0.146971;3.54924e-06;6.90788e-06
0.000532038;0.306437;0.0178463;0.00222621;0.00757305;0.0568543;0.00229215;0.0130891;5.95411e-08;0.0644702;0.000452933;0.50252;0.00371317;0.0219932
0.000101603;0.00361296;7.58187e-07;6.27281e-06;2.65553e-06;3.8072e-06;0.00141109;0.00125433;1.33509e-05;3.0225e-06;0.00452169;0.0375147;0.951554;1.82183e-07
0.00600712;0.00563461;0.0483404;0.00153513;0.0025009;6.74006e-06;0.000128855;0.00884348;0.00578124;0.00090147;0.000841895;0.877653;0.0417985;2.68211e-05
0.00452511;0.520571;0.0285351;0.00378689;0.000288463;7.01622e-05;0.000367519;0.0424674;0.0138131;0.0018078;0.000988663;0.37574;0.00496921;0.00206899
0.000209937;0.00544673;0.000338964;1.97507e-05;0.000974757;2.61727e-05;8.64885e-06;0.00108689;3.67205e-05;1.10827e-05;2.79133e-05;0.988671;0.00192112;0.00121985
6.43421e-07;0.956289;3.16207e-11;3.95719e-07;1.43057e-06;3.2112e-07;8.68705e-05;5.12735e-05;9.4408e-09;9.96881e-05;1.10205e-09;3.86156e-10;0.000318576;0.0431514
1.5495e-13;4.91526e-15;1;8.39452e-14;2.4377e-13;1.261e-14;2.61232e-12;5.18539e-16;1.79649e-13;1.49646e-12;1.36655e-13;5.06643e-10;1.06053e-16;1.028e-15
3.20276e-09;8.42435e-05;6.05879e-11;1.61141e-09;7.29923e-12;1.0425e-11;0.99962;1.83631e-10;1.67873e-07;0.00029591;1.14754e-07;7.40913e-15;4.7661e-10;1.32449e-08
1.22341e-14;1.40544e-17;1;6.39346e-14;5.10254e-15;1.60489e-14;1.94831e-12;1.72918e-16;2.45181e-11;8.478e-14;8.77722e-12;6.2944e-12;2.93073e-18;1.5544e-16
