4.32421e-06;0.919497;1.15947e-09;4.85062e-06;1.20231e-06;5.4428e-06;2.75647e-05;0.00673244;1.28241e-05;3.87998e-06;4.41557e-05;7.20614e-06;0.0736578;1.39534e-06
0.00010175;0.954195;2.14572e-06;0.000359614;4.83437e-07;6.41062e-07;5.90663e-05;3.61542e-06;2.30864e-05;6.61896e-05;0.000123054;0.0442426;0.000821709;1.24337e-06
0.00438117;0.0296256;0.000987942;0.00415758;0.0102335;0.000526045;0.000127868;0.0247644;0.000530969;0.000437942;0.000705115;0.920883;0.00195096;0.00068831
7.98059e-06;0.992783;1.381e-08;1.85292e-07;8.8601e-09;1.30416e-08;0.00656571;1.54669e-05;2.94531e-07;1.9197e-05;3.06846e-07;1.79761e-10;0.000606183;1.24245e-06
2.16835e-13;2.91207e-14;1;1.5531e-11;3.24176e-13;5.69443e-13;1.97028e-11;4.79805e-15;1.99971e-11;2.6063e-12;4.28775e-11;6.9146e-11;7.09492e-14;2.05667e-12
8.51536e-05;0.00182789;0.000498725;0.000134619;4.44536e-05;7.99632e-05;0.943951;0.0134316;0.000286242;0.00185057;0.000323797;2.46997e-07;0.0341394;0.00334631
2.18065e-13;4.66835e-13;1;1.51327e-12;6.60132e-13;2.76205e-12;1.27049e-11;9.02541e-14;3.94529e-11;7.07094e-13;2.34973e-11;2.43679e-11;1.4078e-12;6.14868e-13
2.3396e-07;2.05125e-05;0.991825;6.3315e-07;2.97876e-06;1.29359e-06;2.0101e-08;0.000537468;1.14636e-06;1.94243e-08;2.59585e-07;0.00760238;5.00887e-07;8.06176e-06
1.05236e-06;2.77768e-05;0.00743833;4.67645e-06;0.000312664;0.0210778;3.18921e-10;3.78281e-05;3.24536e-07;4.8235e-08;5.69483e-08;0.0122378;0.000229029;0.958633
5.46745e-05;0.120367;0.00692886;1.21616e-05;0.0148846;0.00461478;5.28129e-07;0.0417167;1.48925e-05;6.82121e-07;4.07739e-06;0.516354;0.28735;0.00769808
4.11956e-06;0.000245363;3.5534e-08;2.39429e-06;1.12942e-05;2.79543e-05;5.05114e-09;0.963984;6.09879e-06;5.02024e-09;8.14865e-08;1.62202e-06;0.0357164;1.2889e-07
5.05798e-06;0.649533;2.34727e-06;3.20091e-07;5.61519e-07;8.85657e-06;6.6222e-08;0.0107353;1.25457e-08;2.77337e-07;4.69523e-09;1.50782e-09;0.339714;7.23682e-07
4.86586e-11;1.35155e-12;1;6.005e-11;5.77448e-13;3.72273e-13;8.15208e-11;2.76803e-13;1.81716e-11;1.56706e-12;2.66209e-11;3.76735e-09;1.79402e-13;3.99128e-14
2.62629e-05;0.00188501;0.00105546;0.00110277;5.08646e-06;1.03065e-06;2.22934e-06;0.00658075;0.0260002;4.44493e-07;0.00076594;0.962205;1.88941e-05;0.000351447
9.42815e-06;0.994449;9.44992e-05;1.53581e-06;5.68845e-06;1.03354e-06;4.57494e-08;1.80187e-05;8.42853e-07;2.357e-06;4.34929e-08;1.04291e-05;0.00435058;0.00105639
3.31313e-08;0.000112321;7.28367e-08;1.54569e-09;7.90195e-05;5.48177e-07;3.70788e-11;0.0506592;5.90627e-11;1.26786e-08;3.05422e-11;0.94879;0.000311121;4.76539e-05
2.47119e-09;1.35625e-05;3.0464e-08;9.09154e-07;3.29156e-05;0.0211219;4.75245e-10;3.73154e-07;7.3137e-08;1.2193e-07;9.47783e-09;2.28293e-09;0.978726;0.000104101
2.35967e-08;1.75185e-05;0.999976;3.59205e-08;6.30429e-08;2.64529e-09;7.45375e-12;5.22304e-06;6.774e-12;1.19333e-08;2.02325e-12;6.80711e-07;1.31625e-07;4.24063e-09
8.30161e-06;0.811021;1.11885e-06;0.000439804;8.03928e-05;0.000606476;6.51409e-06;0.130876;0.000378264;3.80316e-05;0.000799013;1.06346e-05;0.0552172;0.0005165
