2.4867e-06;0.998705;9.42617e-05;7.87679e-07;3.20284e-06;4.86482e-09;1.2659e-08;0.000145099;3.95694e-08;1.47822e-08;4.16072e-08;0.00104644;1.50365e-06;5.45767e-07
4.08084e-06;0.288152;3.5391e-10;4.20699e-08;1.13343e-06;2.83407e-06;3.60825e-07;0.00071529;1.86359e-07;3.46469e-08;1.99906e-06;6.13809e-06;0.711116;1.88757e-07
2.35927e-07;0.12121;1.99042e-08;9.18918e-08;5.60865e-06;1.18689e-06;2.95601e-09;0.000784703;1.0022e-08;1.17503e-08;3.75875e-08;0.877705;0.000144523;0.000148502
2.6417e-06;0.10746;1.87248e-05;3.12304e-06;0.000128527;1.72198e-06;1.55708e-07;0.0772694;1.25212e-06;1.38202e-07;1.09615e-06;0.815015;5.37652e-05;4.38084e-05
1.23631e-05;0.407681;2.48927e-11;2.443e-06;3.17483e-06;0.000369689;3.10711e-06;6.06125e-05;2.43656e-06;4.23876e-07;4.37757e-06;0.00110417;0.590658;9.87295e-05
7.19278e-05;0.00380755;0.993851;3.78997e-06;3.90844e-06;9.72124e-07;1.14513e-07;3.78024e-05;3.61793e-08;5.07252e-07;1.04115e-08;0.00148975;0.000721122;1.1714e-05
0.000123418;0.752911;3.03125e-06;0.00175536;0.000172524;0.000101101;1.33616e-05;0.185412;0.00438134;1.49476e-05;0.00109985;0.0163871;0.0050002;0.0326254
7.19142e-07;0.00731286;4.25335e-09;3.30514e-09;1.65562e-07;7.86588e-09;1.03615e-10;0.99267;1.06765e-08;3.40496e-09;1.93585e-10;2.63258e-08;1.52892e-05;9.74505e-07
1.5019e-06;0.975013;0.000212006;9.52427e-06;0.000219191;0.000105181;8.11158e-05;0.012669;5.01067e-06;0.00022414;6.56251e-07;0.00137129;0.000334653;0.00975345
5.00074e-11;7.37038e-09;1;5.64126e-10;1.49833e-12;1.17096e-11;4.1316e-09;2.68975e-12;2.56674e-09;1.88405e-10;1.04421e-08;1.89509e-10;2.34323e-10;5.36514e-12
4.13993e-07;0.000117191;0.000235844;1.39506e-07;1.22972e-07;5.97906e-08;9.36183e-09;3.74849e-05;3.40569e-06;3.21315e-08;1.04935e-07;0.999584;1.11125e-05;9.72944e-06
3.19232e-05;0.0257892;1.45589e-07;1.59814e-06;0.0100431;0.000722482;9.19063e-07;0.950255;0.000396024;1.34171e-06;8.49892e-06;4.8377e-05;0.0120997;0.000601532
3.52154e-05;0.878253;1.2374e-07;1.47267e-06;0.0930715;0.00018919;0.000494111;0.0151342;3.44967e-05;0.00196035;3.02545e-07;3.18868e-05;0.00724457;0.00354899
1.34319e-09;7.59905e-11;1;5.72784e-11;1.07579e-08;5.33183e-12;1.54235e-12;9.01328e-12;9.81617e-10;1.73691e-11;9.35211e-13;3.25991e-08;4.82789e-13;1.01629e-11
1.59022e-07;4.58792e-05;4.50633e-10;1.29738e-08;3.10349e-07;4.77064e-09;9.86588e-12;0.99985;3.75867e-07;7.06149e-10;2.39341e-10;0.000102805;3.24861e-07;5.03809e-09
4.32219e-07;0.4412;1.37529e-10;1.55245e-06;0.000257659;1.17319e-05;2.62917e-08;0.133528;4.03306e-06;1.23538e-06;2.56292e-07;4.60157e-08;0.424995;6.9678e-07
2.34398e-06;0.000758227;1.85415e-06;4.36203e-05;0.000443996;0.000103812;7.20936e-09;8.87387e-08;1.62238e-09;5.496e-06;1.04111e-07;0.00305422;0.995559;2.714e-05
0.000329526;0.0299798;0.966371;1.262e-08;1.38349e-05;8.24492e-11;1.76641e-09;1.04063e-06;7.52024e-10;1.81884e-09;1.47293e-10;0.00330256;4.87283e-08;1.96141e-06
0.000322719;0.0115108;9.67182e-08;7.55956e-07;2.21303e-05;9.20106e-07;0.947964;0.0305881;0.00767882;0.000978922;7.4203e-06;3.02811e-07;7.14523e-05;0.000853399
1.36163e-10;2.25197e-12;1;1.32364e-10;6.86943e-11;1.8221e-12;5.77934e-10;3.70978e-10;4.92857e-07;5.69246e-12;2.87779e-09;2.50373e-08;5.70822e-14;3.25744e-14
1.54061e-05;0.997804;7.26136e-10;4.72548e-08;1.35699e-06;4.27582e-08;7.73984e-07;5.14907e-05;2.39414e-06;4.86069e-07;1.60912e-08;5.22558e-10;2.4781e-07;0.00212345
6.33634e-13;1.03327e-13;1;2.12138e-13;6.57247e-14;6.34207e-16;9.16265e-15;1.09112e-13;3.264e-13;7.84379e-15;5.26343e-14;1.50866e-08;3.03819e-17;1.9981e-15
5.25744e-07;0.000234532;2.94763e-05;6.1769e-06;0.00142384;4.55982e-05;3.95105e-09;0.993631;2.18629e-06;1.14797e-07;8.49576e-07;0.00382761;4.39404e-07;0.000797289
8.79385e-09;9.61921e-05;5.06792e-10;2.52466e-09;8.19458e-06;9.20621e-09;1.42372e-10;0.999893;2.04478e-09;3.87971e-10;3.49214e-09;4.12135e-11;2.0738e-06;6.6541e-11
5.21093e-08;1.22535e-05;0.998412;2.06066e-08;2.13483e-06;2.4413e-07;1.96036e-09;2.55082e-08;8.34667e-11;3.98682e-08;1.44186e-09;0.00157059;6.5796e-07;1.62801e-06
3.33578e-05;0.69586;6.07748e-05;0.000555113;0.00044808;0.000379911;4.55355e-05;0.171059;0.0013975;7.61224e-06;0.0374149;0.0158851;0.0149362;0.0619171
