1.32127e-05;0.763898;3.84138e-10;2.05834e-06;7.53732e-06;4.30204e-06;2.1692e-07;0.00334472;1.08244e-06;7.07509e-08;1.21939e-05;0.00123447;0.231482;8.16506e-07
4.78867e-06;0.562053;2.29062e-06;6.09433e-05;0.00525585;0.000684157;1.53678e-06;0.368048;3.16933e-06;5.59437e-05;2.47533e-05;0.0458135;0.0120328;0.00595899
0.000401548;0.893038;0.000804471;0.0021202;0.000695843;6.0726e-05;0.00182298;0.0533796;0.000732776;0.00010412;0.0125083;0.0064513;0.0276323;0.000247909
0.01384;0.700961;0.00219863;0.000822637;0.000616676;2.26274e-05;3.41842e-05;0.0117158;0.00128164;0.00028522;0.000259146;0.0159729;0.2518;0.000189789
1.71589e-05;0.013796;9.59569e-06;2.14904e-07;9.66841e-05;1.71122e-08;2.86224e-08;0.107163;8.9716e-07;2.32606e-07;1.98033e-08;0.878908;5.69231e-06;2.34829e-06
5.0547e-06;0.685927;2.75425e-08;9.7482e-06;8.43028e-06;1.15595e-06;0.264211;0.00103373;3.43573e-06;0.0472431;2.61224e-06;2.29524e-06;0.00030739;0.00124524
3.23937e-10;2.81849e-11;1;5.05845e-08;2.40669e-10;2.68953e-10;1.39506e-08;6.86171e-12;5.02208e-09;1.9318e-08;3.78216e-08;1.848e-08;3.20762e-12;1.42139e-09
0.00162499;0.00131999;5.32966e-06;1.64096e-06;1.18598e-06;4.68475e-08;0.000540309;0.986292;0.00514524;9.97427e-07;0.00263916;0.000671183;0.00175826;1.7102e-09
2.29229e-06;0.00534712;0.00189357;5.60451e-06;0.000606038;2.97857e-05;2.03701e-07;0.0177479;5.58694e-05;4.93827e-07;2.1176e-05;0.966223;0.00793365;0.000132945
3.74684e-06;0.907851;1.98966e-05;1.56972e-06;1.83911e-05;0.000184066;3.39138e-06;0.0123965;4.68554e-06;1.53711e-05;1.83648e-07;6.30141e-08;0.077474;0.00202742
2.33649e-11;3.88804e-12;1;1.53175e-10;3.25202e-10;1.64119e-11;4.74127e-11;9.44539e-14;3.50455e-09;1.19164e-10;1.62211e-11;5.1124e-10;2.94778e-13;2.11268e-10
4.02239e-06;1.22683e-06;0.982087;1.21218e-05;1.82217e-05;9.06445e-06;7.36004e-08;0.0176191;7.78055e-05;5.13281e-08;8.06564e-07;0.000167697;3.84793e-07;2.57053e-06
6.54436e-05;0.0422014;0.00379331;1.05217e-06;8.04787e-06;0.000326425;3.05701e-08;0.0289123;2.61164e-06;6.2221e-06;3.9244e-08;0.00559536;0.000186251;0.918902
2.78615e-06;0.000187249;2.7764e-09;1.16148e-07;3.61075e-06;9.78657e-06;1.37163e-08;0.897636;3.29364e-06;2.4215e-08;4.59845e-06;9.82837e-06;0.10213;1.27966e-05
1.3112e-07;0.999845;8.96005e-09;3.11949e-10;4.81615e-11;3.66376e-11;1.12444e-09;4.22114e-07;3.0363e-10;2.1936e-09;1.61998e-10;4.31463e-06;0.000150015;8.50857e-11
4.40528e-10;1.31889e-06;8.67715e-10;1.40241e-08;2.96067e-07;5.21265e-08;2.29103e-12;0.000143388;2.8016e-09;2.50323e-10;3.2963e-10;0.999855;3.45575e-09;5.68214e-08
1.52344e-06;0.996379;3.1581e-11;5.04505e-07;6.41518e-08;2.69865e-07;1.6007e-06;1.82011e-06;1.62614e-07;1.72084e-07;2.56695e-06;4.34146e-06;0.00359187;1.60822e-05
2.30621e-05;0.0195761;2.9486e-06;0.000514655;5.09968e-06;0.000610374;1.32619e-05;0.000436868;2.16527e-05;1.00959e-06;0.000148858;0.00881616;0.96971;0.000119622
1.32559e-07;3.69918e-05;0.999911;4.88909e-07;2.0001e-06;2.21346e-07;3.05924e-11;7.30613e-07;1.7721e-11;1.24605e-08;5.18474e-12;4.8397e-06;1.73903e-08;4.38749e-05
4.89828e-08;0.00202887;6.92697e-11;1.11607e-07;4.83819e-09;5.40914e-06;4.83637e-08;5.37524e-07;1.03667e-08;4.7407e-09;1.74183e-08;1.65678e-08;0.997965;1.64509e-07
3.05049e-08;6.68809e-05;0.998026;2.49286e-07;1.2469e-09;1.75491e-09;5.90207e-07;6.6995e-09;1.00898e-09;1.42268e-06;1.55949e-09;0.00190448;2.74328e-08;1.50051e-07
1.05876e-08;7.20685e-10;0.999999;7.55476e-09;3.87644e-09;2.33319e-10;4.97967e-08;5.44407e-09;6.17413e-08;8.42477e-10;4.79818e-07;4.102e-07;1.56948e-10;5.06798e-10
2.4444e-06;0.997349;2.41147e-07;1.748e-07;1.12022e-07;2.20416e-08;0.00190259;0.000385653;1.81384e-06;3.55236e-05;7.86497e-07;1.04345e-07;0.000308665;1.31228e-05
4.02154e-13;1.55684e-11;1;1.88894e-11;1.87453e-12;2.24629e-12;1.49287e-11;3.19808e-14;1.80042e-11;4.53709e-12;2.09585e-10;4.00508e-09;3.76536e-15;1.77435e-10
2.70783e-08;0.999548;1.167e-08;2.93135e-09;1.32071e-09;4.42291e-10;9.58627e-06;1.81221e-07;4.62302e-09;8.0524e-08;1.18069e-09;1.76583e-11;1.18773e-08;0.000441648
1.53229e-13;2.14182e-12;1;3.5108e-12;2.47272e-12;6.68371e-13;4.31737e-12;1.16799e-11;3.87911e-11;1.89864e-13;1.25864e-10;4.26845e-08;2.81117e-15;5.61208e-13
7.80315e-07;0.989954;1.20249e-11;5.40566e-08;2.2498e-08;2.92959e-08;9.58519e-07;3.10149e-07;1.29724e-06;1.03871e-08;2.0251e-06;2.50645e-07;0.00991283;0.000127227
6.60437e-08;0.00974129;1.34042e-05;7.09438e-08;6.10544e-08;1.38245e-08;1.68638e-09;5.51063e-06;2.95119e-09;6.21452e-10;7.07961e-08;0.990153;1.86551e-06;8.51115e-05
5.21561e-07;0.986921;2.06618e-07;1.18963e-07;1.44419e-05;1.76217e-07;7.67257e-08;0.0109696;1.20648e-09;4.45588e-08;5.42122e-09;0.000525441;0.00156727;9.55229e-07
6.35984e-09;1.32927e-06;1.22205e-10;5.89776e-08;4.11481e-08;2.1344e-05;4.23337e-10;4.39601e-09;1.23058e-09;1.10161e-09;1.87852e-09;1.12794e-06;0.999976;4.71962e-07
1.4077e-07;2.68509e-07;0.999976;1.18946e-08;4.05123e-10;1.24907e-10;7.2762e-12;9.81767e-07;1.98368e-10;2.96555e-09;1.84003e-11;2.23608e-05;6.22591e-09;3.04223e-09
7.02448e-06;0.801279;2.09625e-06;0.000102585;1.61349e-06;1.98295e-05;4.83844e-06;0.167605;0.00232575;4.02794e-06;0.00204318;8.19324e-06;0.0265757;2.1487e-05
