7.22064e-07;0.999238;2.39312e-09;5.67959e-08;4.93219e-08;2.34555e-07;3.72123e-06;0.000382944;1.22401e-07;5.0015e-06;5.07645e-08;2.89082e-09;0.000368522;3.84442e-07
2.24073e-11;1.47218e-11;0.999997;1.29714e-09;7.92716e-10;2.69217e-10;2.23293e-11;2.12203e-12;6.18489e-12;1.48887e-10;2.64394e-11;2.66189e-06;1.2092e-13;3.93856e-08
4.80782e-06;0.986353;9.8583e-07;7.29518e-06;6.29416e-06;2.7881e-06;4.45478e-07;0.00721785;5.81819e-06;1.19747e-08;1.65191e-06;0.000863109;0.00553359;2.53767e-06
1.82995e-05;0.02264;1.95097e-06;3.64255e-06;1.89182e-06;1.9091e-07;1.55235e-05;0.00947963;0.000360205;2.79347e-07;0.000827392;0.965974;0.000669318;7.48529e-06
7.85725e-05;0.873187;8.19256e-06;1.85173e-05;0.000153209;8.15763e-05;6.65115e-05;0.114312;2.83463e-05;1.52419e-05;5.77824e-05;0.00245162;0.00714897;0.00239179
7.62872e-06;0.998631;3.3132e-07;6.33943e-06;1.46665e-05;9.37336e-07;3.42358e-06;2.30863e-05;2.94879e-06;1.64507e-07;1.42277e-06;0.0002197;0.00107481;1.34784e-05
0.000599331;0.742817;1.1884e-08;4.1418e-05;0.00192232;0.000245324;5.56238e-06;0.139511;2.06679e-05;2.80941e-06;3.13182e-05;0.0774219;0.037172;0.000208533
1.34265e-05;0.125478;1.00389e-05;2.41517e-08;4.51744e-07;4.24638e-07;1.22377e-07;0.0188086;2.37033e-09;1.13633e-08;1.19226e-08;6.56666e-06;0.855315;0.000367369
1.54742e-06;0.283298;1.28719e-07;2.57147e-05;0.000386845;0.00503195;2.63586e-06;0.0746168;2.52203e-06;2.25525e-05;2.48066e-06;3.30232e-08;0.0156821;0.620927
3.7605e-10;4.66949e-11;1;5.47685e-09;2.4616e-10;1.56395e-10;1.71469e-10;7.64451e-11;4.71543e-09;1.33757e-10;1.64815e-08;2.55372e-09;1.1574e-10;1.3427e-10
1.62728e-07;5.13531e-05;0.000186286;1.32535e-06;1.47966e-07;1.61144e-07;2.74565e-08;0.000255188;4.621e-08;5.66609e-08;3.71038e-08;7.72246e-07;2.87709e-06;0.999502
1.36922e-07;0.000199951;4.94837e-10;6.82438e-08;0.000683575;5.95385e-07;8.39472e-07;0.999085;3.25635e-06;7.90983e-08;2.36473e-06;2.68818e-06;2.1301e-05;3.23093e-07
1.2602e-09;1.22769e-05;0.999666;1.2364e-07;2.00981e-06;2.07025e-08;4.18693e-11;4.65979e-11;3.41841e-12;1.10572e-09;1.01599e-08;0.000318748;1.06245e-08;4.29743e-07
5.52098e-06;0.994902;2.59136e-09;3.2517e-07;2.97984e-07;2.42687e-08;4.59831e-08;0.00503289;3.34162e-06;1.49935e-09;2.9674e-05;4.31627e-06;2.07591e-05;4.96355e-07
6.47307e-06;0.168902;7.15314e-06;1.94913e-08;3.12584e-05;3.59586e-08;2.98503e-10;0.00974277;1.84523e-08;3.44585e-08;1.06692e-09;0.791699;0.028599;0.00101242
7.98101e-06;0.064867;0.000111867;5.62988e-07;0.00121641;0.000590549;2.02726e-07;0.00482949;1.02345e-06;3.45852e-07;5.83951e-07;0.00469594;0.901491;0.0221869
5.26906e-06;0.538495;1.99896e-05;5.77619e-06;0.000277291;0.0014874;5.40123e-07;0.0997227;2.20874e-07;7.5722e-07;2.27765e-07;0.190402;0.157609;0.0119733
4.9245e-07;0.000901236;5.28114e-08;4.31464e-05;0.23996;2.85259e-05;1.83076e-07;0.75287;5.50885e-07;2.81445e-07;1.60886e-06;0.00326996;0.0024384;0.000486314
0.000349485;0.389204;0.0845548;0.00921529;0.00103291;0.00143901;6.94534e-05;1.52959e-05;4.02184e-06;0.000304921;0.000290222;0.00381605;0.0185372;0.491167
3.95474e-05;0.0513084;5.22066e-10;2.93482e-08;0.000157727;1.95665e-08;5.89506e-07;0.948389;6.39332e-05;5.97759e-08;2.38608e-06;2.87728e-05;2.50988e-07;9.39077e-06
1.85527e-07;0.00337613;0.991478;1.37958e-07;2.22659e-06;8.30418e-07;2.9893e-07;9.48779e-07;5.28997e-09;3.15909e-07;5.50079e-08;0.00513213;8.36243e-06;7.13552e-07
1.09786e-05;0.0043937;6.2354e-08;4.0948e-07;6.84203e-06;3.15949e-07;2.51583e-06;0.980433;1.07793e-05;1.44985e-08;2.23141e-05;7.76359e-05;0.0150415;1.25645e-07
5.48583e-06;0.999641;3.12011e-05;2.25868e-06;1.30448e-06;5.12164e-09;8.26796e-07;3.01277e-05;1.04166e-05;8.63369e-08;3.05216e-07;0.00017667;1.25479e-05;8.77918e-05
9.80898e-07;0.974459;2.21504e-10;1.09047e-05;9.00126e-08;2.66427e-08;2.31881e-08;0.00226688;9.92702e-06;4.91319e-08;1.18231e-06;0.0205196;0.00273097;1.51314e-07
3.05881e-05;0.988913;3.39393e-06;1.70781e-05;8.60318e-07;3.55966e-07;9.08815e-06;0.00414968;2.45492e-06;2.13655e-05;2.14591e-05;0.00156858;0.00526208;3.24107e-07
6.55615e-05;0.0054964;1.03342e-05;2.22226e-06;0.00190531;2.74537e-05;8.30054e-07;0.0225148;9.10662e-07;9.46933e-07;8.01818e-06;0.967892;0.001625;0.000449794
2.52981e-07;0.995944;4.73603e-10;2.06857e-07;2.37482e-08;1.09767e-08;0.00370172;0.000295787;1.07164e-06;5.50591e-05;9.25559e-08;3.41332e-11;1.04469e-06;3.0328e-07
1.40028e-09;1.72727e-09;1;7.35658e-08;3.60367e-09;5.73814e-09;3.03776e-10;7.71038e-09;2.64808e-09;8.63756e-10;9.27717e-09;3.99431e-07;1.44434e-10;1.51278e-08
5.34909e-05;0.99808;5.13059e-05;1.53863e-06;2.47944e-06;1.21047e-08;2.36206e-08;0.00144957;5.92428e-09;1.04524e-07;5.55416e-09;1.01044e-05;0.000220074;0.000130849
0.000491353;0.0871282;0.000106491;5.13086e-05;0.000143553;0.000116535;9.79195e-06;0.00201032;0.00120315;6.52048e-06;9.57847e-05;0.881291;0.000480284;0.0268655
2.96127e-05;0.248185;3.4946e-07;1.44542e-06;0.00020521;0.000375498;4.19896e-07;0.566522;1.76489e-06;2.11329e-06;5.64955e-07;0.00212813;0.165306;0.0172419
3.08978e-05;0.0291606;5.45176e-05;5.0839e-05;3.69114e-05;8.08881e-05;2.1009e-06;0.0113666;5.20575e-06;2.91139e-06;1.46809e-05;0.0255907;0.933049;0.000554462
5.94008e-06;0.942208;6.0794e-06;9.92361e-08;3.14959e-08;2.01755e-08;3.18363e-05;0.0571252;2.62994e-06;6.12062e-07;3.39018e-06;7.55297e-05;0.000540561;2.14272e-07
4.75326e-07;0.000868935;0.000193657;0.000129237;0.000472183;0.00108973;5.2055e-07;0.126532;1.11519e-05;6.5051e-06;3.45864e-05;0.869185;0.00111542;0.000361065
1.83019e-07;0.999062;3.17122e-09;8.8012e-06;6.65993e-08;4.66299e-07;2.35722e-07;2.83138e-05;1.80244e-06;8.88868e-08;4.85712e-05;0.000181141;0.000667927;2.57446e-07
2.48136e-07;0.000150167;2.23222e-07;1.42718e-08;5.31394e-07;7.08317e-08;2.87719e-10;1.55851e-06;3.00206e-09;5.71094e-09;1.29472e-08;0.997043;0.00279697;7.43234e-06
0.000234723;0.000587201;4.69832e-05;9.05926e-07;0.000187183;9.29319e-06;6.79103e-05;0.967599;0.0291406;7.36003e-06;0.000138227;1.27666e-05;0.00196401;4.02102e-06
0.000384775;0.000118482;5.91313e-07;1.75116e-06;1.82896e-05;2.37669e-07;1.17171e-05;0.987283;0.00295805;3.44176e-07;5.82577e-05;1.1745e-06;0.0091632;1.73199e-07
8.67548e-06;0.994096;1.25012e-09;2.92184e-08;1.69252e-07;3.48485e-08;2.3112e-08;0.00577022;1.87024e-06;9.42067e-08;3.2916e-08;4.20117e-09;0.000120241;3.14946e-06
5.38763e-10;9.33639e-09;1;4.47499e-10;2.43793e-11;9.21707e-12;9.85857e-11;5.85382e-12;4.40206e-10;6.46328e-10;6.70734e-11;1.61116e-07;1.29096e-10;3.44048e-11
1.91608e-08;2.01447e-06;4.94738e-06;2.90832e-07;1.4329e-06;2.07714e-08;1.08298e-08;6.19441e-05;2.09056e-05;4.54015e-09;6.34794e-06;0.999902;1.5115e-08;8.36854e-08
7.19769e-07;0.988807;2.89969e-11;1.67854e-07;1.09575e-06;1.54829e-07;5.60902e-07;0.000475305;1.24296e-07;2.32416e-08;1.53394e-05;6.26835e-06;0.0106598;3.31769e-05
7.72939e-07;0.0399879;3.93905e-05;1.7296e-07;7.1084e-08;7.45684e-08;1.45952e-08;0.0980078;2.03291e-08;1.18799e-08;3.26883e-07;0.861831;0.000131735;8.18731e-07
1.9933e-05;0.383383;4.02897e-05;0.000908476;0.00846104;0.000252009;1.43523e-06;0.438498;3.58726e-06;7.0877e-06;0.000152405;0.136392;0.0313259;0.000554582
0.000359678;0.120856;9.25275e-06;0.000250113;4.10778e-06;8.94536e-06;1.50608e-06;0.002215;0.000390886;6.97262e-07;0.00176908;0.598771;0.275362;1.45041e-06
3.20765e-05;0.0299864;0.930616;4.33249e-05;1.37896e-05;3.63679e-07;1.12016e-06;1.50885e-06;1.5473e-07;4.31744e-07;3.2085e-06;0.0386039;2.3756e-05;0.000673704
4.38211e-05;0.169851;4.60407e-05;3.8689e-05;0.00122591;3.67094e-05;8.93935e-07;0.779212;6.01812e-06;5.30217e-07;1.212e-05;0.00483151;8.01835e-05;0.0446146
5.42555e-06;0.0050287;1.41055e-07;3.01017e-08;1.38938e-07;4.47031e-07;9.40439e-06;0.993772;6.06137e-06;9.19842e-08;2.81072e-06;0.00015475;0.00102028;4.61684e-08
0.000672987;0.0136438;0.000130021;0.000970884;0.000707375;0.00066374;0.000781918;0.00329307;0.0966463;1.27666e-05;0.265398;0.611504;0.00299633;0.00257935
2.61818e-06;0.984823;2.87051e-08;2.38772e-06;8.93471e-07;3.70444e-07;1.03659e-08;0.0151167;2.30779e-06;9.72342e-08;6.91905e-07;7.88473e-06;3.25298e-05;1.09277e-05
3.37731e-06;0.0160284;0.000134072;4.23404e-06;3.17007e-05;1.06456e-07;6.37178e-08;0.000312149;2.35296e-06;7.99515e-06;5.07404e-07;0.982481;0.000924767;6.89965e-05
1.42016e-05;0.99096;0.000866559;0.000120618;0.00318375;4.38328e-05;4.78145e-06;3.89433e-06;1.07891e-07;0.000102885;8.05266e-06;0.000902976;0.00306415;0.000724012
5.74265e-05;0.0673182;2.20119e-05;2.09146e-06;1.26208e-05;1.34896e-07;5.86759e-05;0.020176;4.31771e-05;1.42914e-05;8.98207e-06;0.912033;6.84494e-06;0.000246097
8.16308e-06;0.0129787;5.66823e-05;3.91788e-05;0.00269729;1.66989e-05;1.25153e-05;0.00884042;7.7928e-06;1.3679e-06;6.77241e-05;0.973782;0.00149084;3.35163e-07
0.000140462;0.170333;3.55841e-09;9.83102e-06;3.34087e-05;4.02135e-06;3.07928e-06;0.0178941;7.97236e-07;1.18548e-06;6.75193e-06;0.503439;0.30636;0.00177438
1.47274e-05;0.983978;2.42691e-05;1.24961e-07;2.79842e-09;5.41673e-08;0.0114372;7.23497e-06;2.19398e-06;0.000100009;2.21692e-07;8.50228e-08;0.000248602;0.00418715
2.15859e-11;8.20924e-11;0.999999;1.70321e-10;7.38864e-11;2.82425e-10;1.18376e-09;1.97123e-10;1.26782e-09;2.09639e-10;1.93845e-09;1.19196e-06;4.07743e-13;3.30535e-11
4.97586e-07;0.000257648;0.999706;5.85942e-06;1.01778e-06;9.21511e-07;2.23801e-07;1.15798e-06;2.42282e-06;4.20232e-07;1.81485e-06;2.44854e-06;1.58769e-05;3.51985e-06
6.8216e-07;0.962852;5.94129e-07;1.16472e-06;9.97279e-06;5.7326e-06;8.27823e-08;0.0053418;2.27613e-07;3.94758e-07;9.63858e-07;5.30155e-05;0.0317325;8.90951e-07
9.49428e-06;0.760674;1.40992e-06;0.000148378;0.000467069;0.00338209;0.000415741;0.0252744;4.15149e-05;0.000467123;0.000255285;0.000198224;0.156039;0.0526268
3.33731e-05;0.00277843;1.03506e-06;3.67814e-05;2.20837e-05;1.38969e-05;0.000137382;0.00112377;0.00023349;1.81279e-05;0.00105679;0.000187766;0.994353;3.878e-06
0.000126015;0.980711;1.16845e-07;0.000297262;3.0617e-05;9.4002e-06;2.93823e-05;0.0132514;0.000358333;1.86925e-05;0.000940182;0.00319408;6.89706e-05;0.000964594
4.0474e-06;0.957413;5.70191e-05;8.25587e-06;4.5315e-06;2.48402e-06;3.29587e-08;2.83142e-06;1.59152e-09;2.27512e-06;3.14533e-07;0.0152288;0.0272581;1.8544e-05
5.67393e-05;0.00120641;1.46013e-05;2.01714e-06;0.000461871;3.00363e-06;2.46399e-07;0.0413021;1.60786e-05;2.55487e-08;0.000110042;0.956039;0.000440685;0.000346834
8.31692e-05;0.726464;0.000204229;3.25116e-05;0.12731;0.00121599;6.3337e-06;0.00167804;4.80621e-06;1.9271e-06;6.27587e-07;0.115139;0.0110502;0.0168088
0.00151375;0.580231;0.00190411;0.000215305;0.00552848;0.00144944;2.55242e-05;0.146471;0.000145561;6.83997e-06;6.36811e-05;0.0223881;0.188509;0.0515477
0.000192345;0.120326;1.78271e-05;0.00343208;0.00295016;0.00194548;1.32152e-06;0.0573675;0.00739296;3.94946e-05;0.00196768;3.77046e-05;0.00177227;0.802557
1.40533e-05;0.993907;0.0059851;2.42855e-05;5.71094e-07;4.68474e-08;5.23954e-08;7.36697e-06;2.38195e-07;3.04343e-06;1.33699e-07;5.49587e-05;1.88154e-07;2.85717e-06
0.000320755;0.713884;5.79026e-09;0.000113603;0.000252344;4.6279e-07;4.13927e-05;0.284059;0.000151194;0.000252415;8.79081e-05;0.000829806;4.90941e-06;2.47064e-06
3.31053e-05;0.989698;3.14637e-05;1.40772e-05;2.112e-05;0.000155835;4.07323e-06;2.95035e-05;7.91873e-08;7.97463e-05;1.11339e-06;0.00882043;0.00111021;8.91682e-07
4.59846e-05;0.00279929;1.03551e-09;2.54585e-06;8.59394e-07;5.93942e-06;0.000243904;1.05991e-05;6.28714e-06;1.16619e-06;5.99743e-05;2.61939e-05;0.996797;2.02609e-07
2.04551e-05;0.00167185;0.997293;6.40324e-06;0.00063876;9.57987e-07;1.1531e-07;0.000141063;4.67611e-08;3.80602e-07;2.7974e-09;0.000205545;1.39738e-05;7.87147e-06
1.36238e-06;0.99299;1.21655e-09;6.97318e-07;1.94612e-07;2.74067e-09;0.00687303;9.31793e-06;2.03523e-07;9.54206e-05;2.14511e-08;2.11332e-10;1.0823e-05;1.86831e-05
4.10996e-11;4.0226e-12;1;4.82702e-10;7.37913e-12;1.97141e-13;1.16762e-10;1.10818e-13;1.47445e-09;1.64159e-11;1.03352e-09;3.81417e-08;3.9652e-16;9.58272e-11
2.01133e-06;0.00627653;4.87365e-09;9.67788e-09;3.21072e-07;3.73994e-09;1.81859e-07;0.993682;9.79806e-07;1.71454e-08;2.16281e-08;3.52963e-07;3.75621e-05;4.7546e-07
3.64609e-07;0.991902;1.8947e-05;6.87651e-07;3.88799e-06;9.20698e-06;2.19329e-05;0.00176389;1.49891e-06;3.05803e-06;2.04231e-06;0.00233524;0.00239534;0.00154145
3.94233e-09;7.24043e-08;0.999998;2.67276e-08;2.05814e-10;3.60195e-09;1.01873e-06;1.72321e-07;4.29717e-07;3.17954e-09;2.71852e-07;2.68594e-09;3.74561e-08;1.12579e-10
1.43675e-08;2.1794e-06;0.999751;6.49299e-09;1.1888e-10;1.83333e-10;2.59148e-10;7.65163e-08;6.0313e-08;1.77029e-10;8.46511e-10;0.000247084;1.38612e-09;6.25377e-11
1.80045e-06;0.00973946;2.72162e-09;1.85849e-07;0.000109157;0.000885229;2.87626e-07;4.98172e-07;4.13334e-06;3.84419e-05;3.17442e-09;9.41952e-11;2.82374e-07;0.98922
3.79784e-12;3.83105e-14;1;1.30225e-11;3.9582e-11;3.3066e-13;9.05869e-15;6.66193e-15;3.00877e-12;7.6181e-13;1.44457e-13;3.16962e-08;1.1822e-16;6.13275e-12
1.42377e-06;5.39904e-06;9.87262e-06;4.04725e-08;0.000746815;6.26638e-08;5.66732e-12;0.999233;1.06665e-07;4.48869e-10;3.22304e-10;5.11723e-07;2.21945e-06;2.83314e-07
1.58522e-10;1.29873e-08;6.29777e-11;1.0475e-10;1.41087e-06;1.22305e-10;3.8357e-15;0.999999;1.59524e-10;5.81739e-12;2.92806e-13;4.34906e-11;6.48769e-09;4.15478e-13
7.07564e-11;4.01309e-08;0.999999;2.8694e-09;4.80461e-07;1.32425e-07;2.16769e-13;2.4049e-10;1.12024e-14;6.94524e-09;5.85122e-14;4.27006e-08;2.03701e-09;7.04298e-08
5.12749e-07;0.99397;1.88116e-06;6.344e-06;4.98914e-06;3.17858e-06;1.32483e-06;0.00577259;2.05331e-06;2.40885e-07;1.83751e-05;7.63752e-05;0.00011388;2.82318e-05
