5.35948e-06;0.952641;0.0440812;4.25267e-06;7.94372e-06;2.36049e-07;4.31567e-08;5.17196e-05;5.35215e-08;9.17786e-08;8.33713e-08;0.00310919;9.58219e-05;2.85005e-06
4.71698e-06;0.893737;1.65367e-10;7.66659e-07;2.38637e-06;5.9276e-06;9.18558e-06;0.0162989;5.40238e-06;3.94324e-07;7.44149e-05;2.4569e-05;0.0898356;6.94114e-07
1.40655e-05;0.0240012;0.000346104;2.32451e-05;2.0004e-06;3.59363e-06;2.31979e-06;0.0124985;1.94749e-05;5.16993e-07;0.000140713;0.951965;0.0109791;4.13095e-06
0.000346189;0.598304;3.54441e-05;0.00257847;0.00321763;0.00445588;7.5622e-05;0.252342;0.000152193;0.000404616;0.000288709;0.00726165;0.00487505;0.125663
0.000469535;0.0677536;2.85601e-08;0.000278121;4.46635e-06;0.000133348;2.32938e-05;0.000875039;0.00179408;1.24726e-06;0.00216495;0.714129;0.212282;9.09362e-05
3.49779e-06;0.998895;2.21963e-08;1.04048e-08;8.30395e-11;2.59378e-10;1.33433e-07;7.23164e-06;3.09659e-07;9.52452e-09;4.70505e-08;1.25384e-06;0.00109209;6.0648e-10
2.06386e-06;0.137168;4.03947e-07;8.14695e-06;0.000301095;2.84602e-05;1.77197e-09;0.00361129;4.51606e-06;4.81453e-07;3.39778e-07;0.858406;0.000364649;0.000105308
1.39428e-06;0.991461;7.16886e-10;2.48988e-07;3.3383e-08;5.81337e-08;0.00837243;2.19135e-06;1.28306e-06;0.000141072;7.78695e-08;2.37786e-11;2.8484e-07;1.97425e-05
2.69334e-11;1.48377e-12;0.999998;8.82824e-10;4.79876e-12;8.96266e-11;6.89439e-12;1.55841e-13;1.0236e-10;1.29434e-11;9.2645e-11;2.07593e-06;6.31192e-14;2.30376e-10
3.04501e-05;0.973939;9.98922e-08;2.18818e-06;8.71451e-07;5.45672e-05;1.3399e-05;0.000301652;5.78524e-07;8.03349e-07;3.57475e-07;1.47717e-05;0.0256321;8.58181e-06
8.11985e-08;0.000326379;2.96792e-07;4.21206e-08;1.32676e-07;5.44091e-07;4.77254e-08;0.000190305;1.40369e-08;2.5478e-08;1.21022e-07;3.85165e-07;0.999482;4.16849e-08
7.12243e-07;3.34571e-05;1.84241e-06;1.94947e-06;1.23372e-06;2.30064e-07;1.48771e-09;1.99454e-05;2.54116e-06;8.58166e-08;4.38676e-06;0.999588;0.000346013;1.23621e-08
1.16753e-05;4.80413e-05;8.38759e-07;1.0843e-07;4.85388e-08;1.32513e-08;5.17914e-08;0.999899;1.31816e-06;6.15916e-08;3.05058e-07;1.48037e-07;3.88136e-05;2.17786e-10
1.00707e-08;0.998165;2.16035e-10;1.31468e-05;2.74051e-08;2.33845e-08;1.97991e-06;3.81718e-10;2.22371e-09;0.000158326;1.67265e-08;8.5026e-07;4.3147e-09;0.00166059
4.24616e-06;3.50402e-07;0.998841;1.55291e-06;1.00287e-07;7.77253e-06;9.71071e-06;2.08007e-06;5.52435e-06;5.0393e-08;0.00112643;9.0524e-07;2.53062e-07;1.87468e-07
3.82465e-05;0.614566;9.99533e-09;2.1245e-06;8.37716e-05;1.96156e-05;8.08596e-06;0.236051;0.000202943;1.46891e-06;0.000137408;2.9752e-05;0.148859;6.26216e-07
0.00395768;0.0711309;0.000204706;0.000134429;0.00122902;4.11506e-06;2.85278e-06;0.00123674;0.000784641;0.000168829;4.30419e-05;0.918766;0.00105029;0.00128699
0.0110665;0.00610361;2.32506e-08;8.79267e-07;2.91543e-05;4.31928e-07;0.000173492;0.133799;0.848102;6.31213e-07;0.000128902;2.16351e-06;0.000592726;3.94728e-07
0.00241208;0.974926;4.43802e-09;5.28454e-05;7.20578e-05;7.20848e-07;2.39495e-08;0.00745963;0.0140629;2.80823e-06;1.20097e-06;0.000515655;8.91532e-06;0.000485265
9.2876e-06;0.00231893;9.21956e-06;1.34315e-06;8.6571e-06;2.79152e-08;4.68752e-10;1.60811e-06;1.494e-06;6.72939e-07;2.12954e-08;0.991709;4.02956e-05;0.00589966
4.94294e-06;0.990915;3.24337e-11;1.63819e-08;3.3552e-06;3.81008e-07;1.24047e-07;2.02878e-05;8.49376e-08;8.36329e-08;2.95897e-08;0.00108886;0.00735322;0.000613361
4.92247e-08;0.000913526;2.33123e-10;3.80818e-07;3.69508e-07;7.19014e-06;3.02987e-07;1.61083e-06;7.2298e-09;9.89636e-08;5.59507e-09;1.89996e-06;0.999058;1.63112e-05
2.02825e-07;5.40505e-06;0.998829;2.08804e-06;8.56479e-06;6.36139e-08;2.85881e-09;2.19147e-07;1.65455e-10;3.10784e-07;1.0322e-10;0.00115183;8.54755e-07;1.86079e-06
3.9254e-08;4.3616e-05;7.57079e-10;6.49322e-08;3.1447e-09;8.05813e-06;2.12434e-07;2.95613e-06;2.76565e-08;8.89949e-09;4.43947e-08;4.40478e-09;0.999934;1.06366e-05
4.69886e-08;4.04706e-05;0.999851;2.48216e-06;1.05936e-08;3.72253e-08;3.15623e-05;5.36755e-10;1.03387e-08;3.17616e-05;8.09226e-09;1.65097e-05;3.3736e-08;2.67133e-05
8.21285e-10;3.00905e-10;1;7.59903e-10;4.30547e-10;8.44606e-11;1.32475e-08;4.70132e-10;1.16839e-08;4.1343e-10;1.07841e-07;3.64831e-08;4.24454e-11;5.08354e-12
7.23413e-08;0.0198427;7.95393e-11;1.16801e-08;4.67977e-07;2.59311e-06;2.26667e-07;0.979722;8.13702e-07;1.19214e-06;2.37955e-07;1.32859e-08;0.00042908;5.10877e-08
1.0105e-12;3.97599e-13;1;5.19515e-12;1.36487e-12;2.88454e-13;9.88445e-13;1.6085e-13;2.58052e-11;6.8506e-12;2.95681e-11;3.25155e-09;6.43865e-13;2.61471e-12
1.43262e-05;0.00355865;0.00188854;2.92157e-05;3.15382e-05;4.69919e-06;1.06694e-06;0.000259818;6.50202e-05;1.842e-06;4.19491e-05;0.990415;0.000182159;0.00350589
7.92964e-07;0.910981;2.07725e-10;1.58097e-09;4.21825e-05;2.67273e-07;5.4139e-08;0.0889028;6.03017e-07;6.76932e-08;2.47614e-08;2.34756e-08;7.11549e-05;5.10481e-07
7.21507e-08;4.48258e-05;0.00679225;5.45103e-08;0.246785;0.000201421;2.12584e-10;6.54134e-05;1.09214e-09;1.1605e-07;2.71724e-09;0.745981;1.45948e-06;0.000128032
3.20221e-06;0.000376426;2.98757e-08;8.47508e-09;3.19526e-05;2.21125e-07;1.05346e-10;0.998735;5.42088e-07;2.56097e-10;2.82246e-09;3.68527e-07;0.000852058;1.09486e-08
3.48399e-06;2.49145e-05;2.41779e-10;9.25349e-09;2.01699e-07;5.39124e-09;5.32735e-11;0.999963;1.78639e-07;1.1303e-09;7.01653e-10;3.91398e-07;8.22637e-06;2.29747e-08
2.01428e-07;0.0768809;1.39044e-09;3.15449e-06;2.28881e-06;1.33339e-05;6.03487e-08;3.70884e-07;9.59461e-11;1.70029e-05;1.42656e-10;1.58773e-07;2.66551e-07;0.923082
1.53096e-10;7.14352e-12;1;1.59825e-10;1.23935e-12;1.07165e-11;2.3424e-09;7.54586e-12;3.05505e-10;1.78281e-11;2.4414e-08;5.64056e-08;4.92026e-14;7.46336e-11
1.72846e-06;0.108829;1.21891e-07;1.13668e-06;5.8438e-06;1.75192e-06;1.31475e-06;0.804239;4.55239e-05;2.17455e-07;0.000176518;0.00119745;0.0854998;4.39824e-07
4.66166e-05;0.137812;1.77762e-07;0.000403734;0.391009;0.000439748;6.37694e-06;0.280402;0.00116052;0.000266327;0.00287666;0.0891195;0.0936217;0.00283555
0.00156328;0.866633;2.10704e-06;6.92681e-05;0.00029833;0.000497365;0.111425;0.00691391;0.00436451;0.00256205;0.00157278;2.20698e-07;0.00364572;0.000452465
2.09616e-07;7.6548e-10;0.999998;1.42274e-09;8.08607e-11;2.81858e-11;4.33204e-09;7.43335e-10;1.61714e-06;1.33398e-10;1.29714e-08;9.92476e-08;9.12054e-11;1.10459e-11
5.12391e-05;0.00158662;8.31525e-06;1.75332e-06;3.49202e-07;8.40472e-07;1.35697e-07;0.0159074;0.00959119;1.99324e-08;2.10022e-05;0.972701;0.000105361;2.50102e-05
2.43998e-06;0.999596;3.19634e-07;9.87282e-10;1.11399e-09;2.67879e-08;9.58642e-08;8.53454e-08;3.14162e-07;6.99598e-09;1.68859e-08;3.60198e-06;0.000397447;1.5296e-08
4.31465e-08;0.00213378;2.22321e-09;1.68796e-07;8.66831e-05;4.35685e-06;7.95365e-10;4.04561e-05;1.65796e-06;1.75041e-08;1.746e-08;0.997439;1.40696e-07;0.000293345
1.73959e-05;0.403056;2.71397e-06;5.11733e-07;0.000188919;1.04821e-05;1.66502e-07;0.0236984;4.50426e-06;1.61544e-07;2.05189e-07;0.0107341;0.562272;1.38455e-05
9.96369e-05;0.578015;7.40602e-07;0.000419227;0.000969268;5.62675e-05;2.03302e-07;0.358159;0.00703206;2.87773e-06;5.73577e-05;0.0170072;0.0324802;0.0057005
2.94059e-08;1.14419e-08;2.78446e-13;3.44324e-11;1.92784e-08;4.28036e-11;5.81164e-12;1;1.61539e-09;5.25382e-11;6.12257e-12;6.1899e-10;1.11843e-08;3.46896e-10
2.17959e-08;2.55511e-06;2.52517e-05;8.32877e-06;0.00469628;6.10987e-05;1.1905e-10;1.70519e-05;1.15016e-08;3.57643e-08;1.49001e-08;0.00193487;8.83535e-06;0.993246
7.30205e-09;0.999853;6.17209e-09;4.141e-08;4.86578e-09;5.9936e-10;1.62342e-08;2.04505e-05;1.54495e-08;2.15042e-09;1.26919e-07;1.07579e-07;0.00012636;1.12145e-08
6.51928e-09;7.95289e-06;1.37142e-08;7.12718e-07;0.00492393;0.000784052;4.80319e-09;8.52035e-06;8.48713e-09;3.03015e-07;1.603e-08;6.94938e-06;1.8574e-06;0.994266
2.56121e-06;0.067522;1.8393e-06;4.78999e-07;3.93439e-05;1.99946e-07;7.89611e-08;0.00137507;3.45487e-08;6.02935e-09;7.2533e-07;0.000187931;0.930864;5.98974e-06
1.07701e-05;0.00165966;8.04833e-06;1.71209e-05;0.00250849;1.9613e-06;4.91781e-09;0.00093927;3.69158e-07;6.51296e-07;1.83473e-07;0.979835;0.0150036;1.53931e-05
5.29857e-07;0.999215;8.60061e-06;1.75393e-06;7.90244e-06;5.85636e-07;3.99938e-10;0.000426497;8.80829e-10;4.74367e-08;4.47252e-09;0.000326708;4.07788e-06;8.28152e-06
1.3594e-06;0.997034;2.47608e-08;1.2031e-05;8.82069e-06;2.81482e-05;1.26402e-05;7.67468e-06;1.99782e-07;0.00010544;3.02034e-06;0.000310883;0.000911623;0.00156447
2.76406e-06;0.000484121;3.013e-06;0.000186069;0.000489042;0.0048073;0.000508865;7.38892e-05;2.49631e-05;1.91273e-05;5.52165e-05;2.45952e-06;0.993315;2.84917e-05
4.12767e-07;1.10867e-05;0.999974;1.44061e-05;6.7955e-09;1.13785e-09;2.01373e-08;3.27815e-09;2.18457e-08;2.28142e-08;1.33859e-07;2.32573e-07;9.9576e-09;8.3002e-09
0.000613614;0.000167534;9.4375e-07;0.00028006;4.76939e-07;5.5674e-07;9.91072e-05;0.00249873;0.0414031;1.70771e-06;0.954169;0.000152634;0.000612772;5.54159e-09
0.00117224;0.951847;9.71428e-06;0.00246577;0.000170869;6.81719e-07;3.18502e-06;0.0136165;0.000255315;0.000123119;0.000733272;0.00184137;1.73313e-06;0.0277594
4.99943e-06;6.01093e-05;3.26342e-06;9.61506e-07;3.11937e-05;2.46213e-09;6.56011e-09;0.999893;6.36041e-07;1.46725e-07;2.8599e-07;3.69413e-06;2.10055e-06;6.50428e-09
5.94231e-09;3.45064e-07;0.999995;2.12365e-06;5.37025e-08;3.89306e-09;9.58858e-09;9.65006e-12;1.1333e-09;1.50957e-06;4.30063e-07;2.93722e-07;5.17311e-10;2.62533e-07
9.64099e-05;0.000119069;6.75746e-06;7.04334e-06;5.09343e-09;6.73113e-08;0.00036491;1.96668e-06;0.0203664;2.4324e-06;0.97872;9.58763e-06;0.000305417;1.17133e-09
