0.000125939;0.0830347;7.39402e-08;5.77775e-06;0.00231261;1.57968e-05;7.12545e-08;0.033977;0.00012603;1.0335e-07;0.000106111;0.00369742;0.876495;0.00010355
1.29431e-07;0.992356;8.49084e-09;1.93938e-08;2.15164e-07;1.24091e-08;7.39809e-06;1.08677e-05;1.08933e-09;8.00142e-06;5.87574e-10;3.7114e-08;2.34227e-07;0.00761754
1.53192e-11;8.5367e-11;1;6.65976e-11;3.66884e-10;7.38509e-12;4.27024e-12;7.84071e-13;1.70448e-12;4.97759e-12;8.17493e-12;2.34574e-07;1.4956e-13;6.35726e-11
8.02024e-05;0.971237;1.62751e-08;8.1139e-05;0.000562678;0.000751227;0.00062023;0.021315;0.00116189;1.09015e-05;0.00174932;2.40651e-05;0.00116902;0.00123761
0.0003254;0.893251;3.40343e-08;5.08866e-05;0.000151524;0.000211602;0.0314519;0.0115304;0.000929412;0.00111649;0.00266469;2.23221e-06;0.0577792;0.000534984
3.27072e-13;1.5051e-13;1;9.65103e-13;1.33212e-13;8.28256e-13;7.89511e-13;6.78006e-16;5.83045e-13;3.62424e-13;1.02757e-12;5.90058e-09;3.23625e-15;2.9558e-15
0.000154877;0.341521;5.26983e-05;0.000211178;0.000553861;4.60423e-05;1.97356e-05;0.127461;0.00909036;7.70118e-07;0.0123216;0.477524;0.031005;3.67106e-05
3.09828e-05;0.0880349;0.00171782;0.000209401;0.00072279;0.0012762;1.79214e-06;0.246094;2.05613e-05;0.000171947;0.000216331;0.000252073;0.660841;0.000410091
1.57219e-05;0.174116;0.000259239;0.00171553;0.000630602;0.00258032;7.89058e-05;0.0171692;0.000318421;0.000148707;0.0418319;0.710398;0.0484168;0.00231975
9.55327e-06;0.0314166;7.13784e-07;0.00114233;0.580239;0.0758665;7.9366e-06;0.112627;7.10472e-05;0.000229363;0.00107517;0.000412232;0.000174217;0.196729
0.000196172;0.984055;3.41736e-10;4.1393e-06;0.000416765;8.70936e-08;2.64833e-05;0.0110305;2.50202e-06;5.31724e-06;9.27392e-06;0.0013682;0.000291704;0.00259394
8.47428e-07;0.000352002;8.6585e-11;4.17703e-08;0.00304226;4.6514e-09;1.20866e-08;0.996585;4.98318e-06;2.08712e-08;5.36146e-08;1.78957e-07;1.46062e-05;5.66962e-08
1.37487e-06;5.24489e-05;0.999343;7.71678e-06;0.000254806;8.25588e-07;5.47232e-06;2.26806e-06;4.60149e-09;0.000231508;9.50943e-08;1.50487e-08;5.43665e-07;0.000100418
2.54749e-10;2.10345e-11;1;4.23588e-11;3.49217e-12;6.09028e-14;3.60105e-10;5.43158e-14;3.65543e-09;9.32088e-12;6.29151e-09;2.91421e-10;2.44964e-13;7.9164e-12
4.10391e-06;0.0201492;0.000701632;1.71793e-06;5.46617e-08;1.32864e-08;6.84358e-07;0.00213543;7.47353e-05;2.57411e-08;1.93014e-05;0.97689;2.24287e-05;9.07965e-07
7.86372e-05;0.657332;4.56785e-06;1.50105e-06;0.00040864;0.00011075;3.29005e-06;0.00497429;0.00014937;1.90066e-06;4.72528e-05;4.2983e-05;0.334361;0.00248383
4.24892e-05;0.970687;1.24374e-10;8.07923e-06;0.000276797;0.000103261;3.1183e-05;6.76253e-05;6.44166e-06;0.000395031;9.03916e-08;9.14051e-06;0.00353142;0.0248413
6.74623e-09;4.05693e-12;1;3.90224e-11;1.38341e-09;1.99314e-11;9.45447e-13;5.14013e-08;6.08445e-09;1.41629e-11;2.18642e-12;5.37523e-10;2.83177e-11;1.51829e-12
3.34409e-06;0.000261738;3.08549e-06;4.81054e-06;6.55656e-07;3.70965e-06;2.83775e-10;0.988999;0.000163346;7.41504e-08;7.84481e-08;0.00872653;0.0018305;2.65478e-06
1.38818e-06;0.998805;0.000317133;6.30868e-06;3.26942e-05;0.000155034;6.64165e-10;0.000202693;2.13421e-09;5.21984e-06;2.06471e-10;5.53361e-08;0.000435464;3.92694e-05
4.22774e-09;1.13799e-09;0.999999;4.94433e-09;3.58243e-09;1.14846e-09;7.45627e-09;2.209e-10;5.58204e-09;3.74657e-09;2.81707e-09;5.25478e-07;1.68523e-11;1.49598e-09
1.92069e-07;4.98964e-05;0.000182639;3.14153e-06;2.15806e-07;6.17989e-07;6.2285e-09;3.77267e-06;3.40525e-06;2.74835e-08;1.90871e-08;0.999642;8.59448e-09;0.000114469
7.2649e-06;1.26808e-05;3.99455e-10;1.57576e-07;1.72786e-05;1.13204e-05;5.12802e-09;0.999944;3.73505e-06;1.77202e-08;1.58364e-08;1.77226e-09;1.16828e-07;3.37774e-06
5.24164e-10;4.64283e-07;1.75006e-08;5.98488e-11;5.24074e-09;7.85249e-12;2.39463e-13;1.87207e-08;1.23809e-13;5.73515e-12;2.38549e-12;0.999999;8.38957e-08;1.18122e-08
3.84908e-06;0.951257;2.64022e-07;9.24281e-08;1.63647e-07;4.84556e-08;0.000526759;0.0480074;1.32831e-07;1.29794e-05;8.87604e-08;3.4878e-12;0.000148051;4.37719e-05
1.81478e-17;1.23009e-17;1;1.94741e-14;4.60211e-15;4.79801e-16;1.3911e-16;1.10016e-17;2.60382e-16;4.94396e-15;4.39829e-16;1.41695e-14;3.08265e-18;2.9072e-16
2.18173e-05;0.0013137;0.00318598;0.000156662;0.000126386;4.72375e-05;9.48329e-07;0.904586;0.000606133;5.44388e-06;0.000629372;0.04071;0.0486095;1.14096e-06
