8.2074e-07;0.999958;1.43402e-07;9.29286e-07;3.28627e-08;2.78458e-09;1.88899e-09;1.5768e-07;6.12587e-09;4.08203e-09;1.27786e-08;3.66926e-05;2.4655e-06;5.39173e-07
1.32892e-05;0.97221;1.51532e-07;3.59804e-08;1.65881e-08;2.7279e-09;2.67338e-08;7.05611e-08;3.32898e-09;9.51926e-09;4.79972e-08;0.00866924;0.0191067;1.33879e-07
7.42151e-07;0.16588;1.73822e-05;8.13927e-08;0.000437026;1.60475e-05;1.1227e-08;0.710597;5.70438e-09;5.91902e-07;1.20179e-09;0.0402926;0.000610884;0.0821478
8.13433e-06;0.190033;5.72659e-06;9.63418e-05;0.000781371;0.223929;0.000113351;0.00562826;6.06636e-05;0.000106102;8.51717e-05;0.000452256;0.576761;0.00194062
4.12348e-06;0.00055411;0.955023;6.7332e-06;4.24118e-08;2.90899e-08;6.80241e-05;4.11106e-08;9.34577e-08;0.000115365;1.64813e-06;0.0442233;2.62687e-06;3.39594e-07
1.07242e-08;1.675e-10;0.999993;1.21814e-08;8.28226e-11;3.06747e-10;9.64859e-07;6.54878e-12;8.34585e-08;6.51012e-09;5.3625e-06;5.498e-07;2.8563e-10;1.71011e-11
2.83227e-05;0.962712;6.21756e-09;0.000316769;5.17803e-07;1.08248e-06;7.31944e-05;0.0155125;0.00239472;3.75969e-05;0.0137992;0.000116473;0.00500619;1.59455e-06
2.70937e-06;0.00993135;0.0148584;0.000911446;8.53999e-06;2.52406e-06;5.94189e-08;5.22288e-07;1.92265e-08;1.38221e-06;1.44377e-05;0.971547;1.49839e-05;0.0027064
6.58093e-05;0.809975;3.74404e-09;3.57635e-05;0.000172614;0.00111472;0.000231101;0.00563249;1.22539e-06;1.13965e-05;5.34593e-05;2.0172e-05;0.181154;0.00153219
2.81641e-07;0.00132174;2.74387e-08;1.32708e-07;1.39047e-08;4.07798e-08;1.47741e-06;0.000769415;1.17343e-08;4.03721e-08;2.03106e-06;8.90751e-07;0.997904;6.25932e-09
2.09504e-06;4.75762e-05;3.65584e-05;4.4524e-07;5.28666e-07;7.84936e-09;1.34888e-08;5.66699e-05;1.68449e-06;1.12362e-07;1.41854e-06;0.999815;3.75022e-05;3.77051e-08
2.09496e-05;0.916398;8.84475e-07;7.50789e-07;1.49009e-08;1.91921e-08;7.41196e-06;5.37574e-05;6.01408e-06;3.86748e-07;1.1975e-05;0.00067888;0.082821;2.36731e-08
3.12389e-05;0.227953;0.274628;0.00138393;0.000228598;1.51135e-05;3.60365e-05;0.00790051;4.0871e-06;0.00209379;6.05694e-06;0.479785;9.52515e-07;0.00593342
1.28606e-08;1.84517e-08;0.999999;5.24056e-07;2.34801e-08;2.66678e-08;1.13098e-08;8.37874e-09;1.57831e-08;1.25947e-08;2.14142e-07;9.18663e-08;2.00725e-08;3.5084e-09
3.73103e-06;0.00473178;8.00108e-05;5.2835e-06;1.3656e-06;2.86511e-06;4.74135e-07;4.82867e-05;3.18436e-06;2.57213e-07;5.15478e-05;0.994808;0.000156578;0.000106752
1.85564e-07;0.980073;6.96619e-09;5.55635e-07;1.02954e-05;1.72156e-07;4.47866e-08;0.000627243;1.95839e-09;1.12926e-07;1.26799e-07;8.51226e-06;0.0190077;0.0002721
2.74778e-07;0.0219868;1.98796e-07;4.42423e-06;2.92842e-07;0.000126834;2.14955e-06;1.27011e-05;9.01177e-07;8.99524e-07;1.15161e-05;0.000150076;0.977585;0.000118264
1.05095e-07;0.079709;0.919329;9.35661e-06;7.48717e-07;1.01199e-06;1.88966e-05;3.00861e-07;1.02114e-09;5.61739e-05;1.33773e-08;0.000646651;0.000136057;9.27447e-05
6.99334e-14;4.00543e-13;1;1.12336e-11;8.42604e-12;5.10028e-12;6.05415e-13;4.86256e-14;1.31036e-12;2.89595e-12;1.16286e-10;2.77515e-08;6.40538e-15;1.83132e-13
2.11112e-08;9.11405e-05;1.15461e-08;8.79378e-08;9.57423e-05;0.000136857;1.00313e-09;0.997925;1.34851e-06;4.8729e-08;4.55285e-06;0.00170532;2.05547e-05;1.97143e-05
2.57562e-06;0.0125405;1.36559e-08;5.35461e-06;2.83579e-05;4.71621e-06;1.52791e-07;0.984963;3.32168e-06;2.37181e-07;0.000216282;0.00027712;0.00182047;0.000137522
7.14928e-07;4.53218e-05;5.2828e-11;5.90042e-11;6.75145e-08;7.86584e-10;1.73329e-10;0.999829;4.83026e-09;3.11416e-11;4.94377e-10;1.21385e-07;0.000125062;4.97868e-09
6.96998e-10;1.33116e-06;6.81602e-09;1.53201e-08;4.49292e-05;1.74951e-06;5.32715e-12;2.34036e-05;1.571e-10;1.49854e-09;9.43174e-11;0.000125458;5.0293e-07;0.999803
5.78055e-06;0.00589068;4.95174e-07;5.89769e-06;4.91009e-08;5.18141e-08;4.9341e-05;0.00234003;5.28287e-05;4.12479e-08;0.00176793;1.25581e-06;0.989886;1.30166e-08
3.39194e-08;0.999983;7.84981e-10;6.4183e-09;4.90514e-11;4.52145e-12;1.14846e-07;8.37118e-06;2.23303e-08;1.49757e-09;2.11797e-08;3.77598e-06;4.34692e-06;4.25301e-09
2.69617e-07;0.0282413;1.21857e-08;0.000243507;0.00316953;8.53759e-07;1.99671e-08;0.967274;5.44548e-08;3.29834e-06;9.07314e-08;0.000964337;4.16897e-06;9.82043e-05
4.45092e-06;0.000147196;0.948757;0.00622771;0.000399918;5.79342e-05;2.00118e-06;2.41834e-09;1.69469e-08;0.000635638;0.000282304;0.00812939;6.92906e-05;0.0352875
0.00090407;0.0101041;4.83591e-06;6.07417e-05;3.60289e-06;1.17593e-06;6.75068e-05;0.000742431;0.00548375;5.96836e-06;0.982298;2.01061e-05;0.000263364;4.03412e-05
2.66488e-05;0.0168474;1.70716e-06;4.3963e-07;0.000318946;1.32104e-07;4.75902e-07;0.976688;5.12445e-06;2.54077e-06;1.62521e-05;0.00608381;1.35482e-06;7.07857e-06
2.84596e-08;0.999997;9.65749e-12;1.83502e-09;9.61003e-08;2.25502e-11;1.58359e-06;2.3599e-07;8.78153e-09;3.01304e-07;1.5759e-10;1.53404e-11;2.82635e-09;6.18513e-07
1.83765e-11;6.41709e-15;1;5.22961e-12;1.62826e-11;4.3395e-15;3.46988e-11;5.04553e-13;2.10504e-11;2.51763e-12;2.82987e-11;1.37992e-09;1.12297e-16;9.176e-12
6.18196e-05;0.000419671;1.1237e-09;1.44928e-07;5.22258e-06;8.75392e-07;0.00110885;0.989745;0.00163083;1.71391e-06;8.30728e-05;1.51009e-09;0.00692552;1.77033e-05
5.51846e-11;9.24299e-13;1;5.53779e-11;3.20618e-12;8.64071e-12;8.11177e-11;1.82465e-10;1.02057e-08;6.47488e-12;5.90533e-10;4.78744e-10;9.24881e-12;3.69411e-13
1.19981e-09;1.05113e-08;0.999622;3.83887e-09;4.30851e-11;5.42174e-10;2.29937e-11;3.28248e-09;8.1147e-09;1.33112e-10;7.48051e-11;0.000377885;3.67162e-10;1.36228e-08
5.00365e-06;2.60009e-05;6.18201e-06;1.09244e-06;0.00769281;0.980849;3.70047e-08;5.69146e-07;7.85147e-06;4.23191e-06;1.40985e-07;9.76405e-07;0.00503617;0.00636998
3.59695e-07;4.60412e-05;2.61966e-08;4.5716e-07;9.29187e-05;0.0454672;9.37373e-10;4.28613e-07;2.83197e-07;6.69667e-08;4.96151e-08;1.87891e-06;0.954189;0.000200976
1.35721e-06;7.47328e-06;0.999642;4.76186e-08;0.000144965;1.87848e-08;1.19967e-11;0.000203708;6.64553e-10;2.35586e-08;1.77499e-12;8.598e-09;4.68112e-07;2.77791e-08
2.44418e-07;6.21611e-05;4.42392e-08;7.49624e-06;2.23075e-06;1.36168e-06;1.36477e-08;0.999624;6.09545e-05;1.05484e-06;1.61345e-06;1.50623e-06;0.000237174;1.44548e-08
