2.17413e-07;0.999572;1.96061e-10;9.41361e-09;2.29566e-09;5.63541e-09;3.56844e-09;0.00027398;1.00972e-08;2.4439e-08;1.31977e-09;7.29419e-09;0.000153764;3.34836e-07
1.86136e-09;1.47095e-09;0.999863;8.47911e-08;5.68669e-09;9.73553e-11;1.9375e-10;1.9323e-10;3.24352e-09;2.47504e-09;4.41525e-09;0.000136883;1.57957e-12;3.10209e-08
5.40585e-06;4.93158e-05;2.12084e-05;9.53679e-06;2.5494e-05;2.65102e-07;7.56932e-08;0.999849;1.00048e-05;3.46913e-08;2.82978e-06;5.76049e-06;2.06453e-05;1.07293e-07
4.37975e-05;0.0249285;3.92434e-08;5.01093e-07;1.63068e-05;6.06651e-07;4.07941e-05;0.973572;9.62449e-05;3.01987e-06;1.66689e-05;9.95667e-08;0.00128086;1.16676e-07
7.40379e-08;5.31379e-06;0.994786;1.41888e-06;8.18329e-05;0.000107078;3.63919e-09;1.66677e-08;2.7202e-08;1.92004e-06;1.23978e-07;0.00316449;4.40256e-06;0.00184778
9.60067e-07;0.990521;5.29223e-12;5.26103e-07;9.65598e-07;2.65975e-07;2.01865e-07;0.00865375;1.93013e-05;6.61713e-08;6.05835e-06;3.27648e-05;0.000676295;8.80987e-05
5.92212e-08;0.000380687;4.55666e-11;2.12801e-08;0.000235536;2.01854e-09;4.2964e-10;0.99938;1.00251e-08;1.87464e-08;8.51461e-10;2.72797e-06;4.6911e-07;1.16468e-07
8.47979e-08;7.50821e-06;0.999952;3.29053e-07;3.19833e-06;7.12031e-06;6.03973e-09;4.78021e-07;3.38657e-09;1.41721e-07;1.8224e-07;1.96503e-05;8.1236e-06;9.38993e-07
4.22799e-05;0.967254;9.28659e-07;6.67323e-08;2.12656e-06;8.85702e-08;0.000656225;0.0319143;9.24316e-06;3.59015e-06;1.07374e-05;1.2289e-07;0.000101599;4.25702e-06
2.49234e-09;3.71946e-09;0.999998;1.22613e-09;4.64701e-10;4.28902e-11;4.90513e-09;6.34799e-11;1.13979e-07;3.57198e-10;1.01878e-08;1.84666e-06;1.06999e-11;1.91151e-10
0.000130279;0.718435;4.08831e-05;2.43605e-06;4.63527e-07;1.97372e-08;1.29006e-05;0.103069;0.000269182;6.20422e-07;9.60832e-05;0.0362928;0.141649;1.24227e-06
9.42513e-06;0.565831;7.06748e-05;0.000171505;0.00147986;0.000134255;6.57771e-07;0.0154822;4.93933e-06;0.000123718;9.15566e-06;0.380037;0.0353895;0.00125632
5.57103e-05;0.599121;8.2114e-05;0.000292106;5.78963e-06;0.000104339;8.86576e-05;0.000190736;0.000131009;1.00957e-05;0.00885786;0.231156;0.150989;0.00891595
0.00101544;0.24658;9.52262e-07;0.000532686;0.000196481;0.000295755;0.000735835;0.00362742;0.00804215;3.39591e-05;0.0609453;0.0970328;0.579677;0.00128383
9.47673e-05;0.00299221;3.52485e-05;5.8757e-06;3.99683e-06;3.37356e-05;7.60492e-07;0.000686126;8.88648e-06;6.11102e-06;7.11506e-07;0.0121921;0.983916;2.32871e-05
3.67284e-06;0.00714552;1.20013e-05;4.89705e-05;0.000122872;7.69387e-06;4.88236e-07;0.000158201;2.68346e-05;2.07201e-06;8.10866e-06;0.991781;1.41513e-05;0.000668356
4.95615e-06;0.883371;2.77578e-09;8.42627e-07;1.5358e-06;3.54585e-06;5.56224e-07;9.56015e-06;3.09791e-09;1.12448e-06;2.8883e-07;0.000259878;0.116142;0.000204447
6.29495e-05;0.125922;0.00397604;4.12591e-05;0.000191298;0.00047259;9.37269e-05;0.231395;2.12842e-07;0.000130703;6.35145e-06;0.46356;0.173702;0.000445461
7.87868e-07;0.00167792;2.73451e-05;0.000292926;2.11249e-06;5.36688e-05;0.63439;8.10944e-07;4.29954e-06;0.361896;4.19394e-05;1.26057e-06;3.68033e-06;0.0016068
1.19824e-07;1.18316e-09;0.999938;4.5475e-07;1.85561e-10;7.76422e-09;4.30122e-05;1.26351e-10;5.25566e-06;2.65634e-07;5.0969e-06;7.79203e-06;2.46127e-09;8.34914e-11
0.000797363;0.949435;0.0100473;0.000640576;4.14729e-06;2.09317e-06;0.000731218;0.000151296;0.0030351;1.34997e-05;0.000767995;0.0342707;6.52616e-05;3.91314e-05
0.000223598;0.609625;9.92874e-07;2.20566e-05;5.32203e-05;1.79667e-06;9.58394e-06;0.125815;0.000582755;6.45038e-06;7.40107e-05;0.00205277;0.261531;1.45037e-06
6.25369e-08;0.999021;2.20832e-09;3.04783e-08;7.02685e-08;3.42416e-08;1.42983e-05;3.86729e-07;1.63606e-09;6.71496e-05;2.84848e-10;6.5506e-08;4.40924e-09;0.000897003
1.16564e-13;6.70435e-15;1;4.6683e-13;2.02003e-13;2.16534e-14;7.8675e-12;1.67927e-15;9.19188e-13;5.55758e-12;3.29284e-13;3.6722e-09;7.06e-16;5.29391e-13
2.53889e-08;0.000123921;5.62849e-09;3.71146e-09;1.32861e-11;9.55509e-11;0.999684;2.42844e-09;1.19917e-06;0.000190313;7.31515e-08;2.8316e-15;5.34704e-08;1.43083e-08
5.21157e-15;2.66291e-16;1;7.95615e-14;1.25788e-14;1.99538e-14;1.16994e-12;1.16533e-15;7.64156e-12;3.0161e-13;2.14585e-12;7.9355e-13;2.55339e-18;6.0503e-16
