7.8561e-06;0.0478215;8.26566e-07;3.00058e-06;5.5418e-05;8.04779e-06;2.4805e-08;0.947836;1.60212e-06;1.40866e-07;8.39722e-08;0.00145123;0.000258502;0.00255552
8.07066e-06;0.00650109;3.44154e-08;1.34978e-07;7.06104e-07;2.8648e-05;1.15113e-06;0.000403741;7.72319e-07;3.86094e-07;7.25851e-07;6.38054e-05;0.992971;1.94222e-05
1.54339e-05;0.26208;3.97606e-06;4.62504e-06;4.21022e-05;8.07019e-05;8.77644e-08;0.00161134;5.76657e-07;2.7157e-08;1.37758e-06;0.728412;0.00773881;9.1207e-06
5.65637e-06;0.00311491;1.11292e-05;8.10281e-06;0.092212;7.44595e-05;7.70786e-09;0.901099;5.52252e-07;7.75801e-08;1.38575e-09;0.000342158;0.00230832;0.000823686
3.92903e-05;0.966133;1.25371e-06;4.87093e-05;0.00011658;1.05548e-06;2.26698e-06;0.000438633;2.11503e-05;1.75389e-06;2.49957e-05;0.00983378;0.0231852;0.000152524
0.000103849;0.975081;2.64214e-08;0.000138649;2.22508e-06;1.53011e-05;0.00010404;0.00204234;0.00163255;5.71875e-05;5.83489e-05;9.07885e-06;0.0188812;0.00187471
3.05275e-05;0.00189648;0.0447788;2.3184e-05;0.000188236;5.12491e-07;1.23302e-09;3.62334e-05;9.40713e-08;1.51209e-07;3.49185e-08;0.948587;1.05641e-06;0.00445814
1.80844e-05;0.158241;1.83501e-08;1.46581e-07;1.44421e-09;4.12035e-09;0.841496;8.63512e-06;4.53887e-05;7.12338e-05;2.83936e-05;3.85379e-10;8.92307e-05;1.40835e-06
3.43986e-10;2.13402e-10;1;3.22613e-10;3.32285e-10;1.76588e-10;1.55351e-09;4.78824e-10;1.3171e-08;1.49375e-10;2.69361e-08;3.92826e-08;2.98334e-12;3.39363e-11
1.01309e-06;0.996976;2.75348e-08;1.67014e-08;2.64225e-08;1.28245e-08;0.00262687;1.21419e-05;5.06584e-06;0.000115768;3.79274e-07;2.3295e-09;3.65966e-05;0.000225916
8.28831e-13;3.17977e-12;1;1.1436e-10;1.28856e-10;7.6664e-11;4.42932e-11;4.16656e-13;1.37337e-10;1.19325e-10;5.98916e-10;1.06256e-07;3.28025e-15;4.92682e-09
9.14931e-07;0.745872;1.37037e-08;1.12817e-09;9.58687e-10;5.13614e-09;3.84039e-06;1.98282e-06;1.75806e-07;4.9254e-09;7.04603e-08;7.12061e-07;0.25412;1.21555e-10
4.042e-09;0.000160969;5.40216e-06;1.26666e-07;4.38275e-05;9.07216e-06;4.82684e-10;0.000528435;1.15401e-07;4.46432e-09;9.37696e-09;0.999228;2.53854e-06;2.16906e-05
2.68356e-06;0.257283;3.63599e-05;7.94145e-07;0.00012942;5.98772e-06;5.08342e-07;0.738428;7.49669e-07;2.12347e-08;8.99935e-08;3.45594e-05;0.00400363;7.47505e-05
0.000432288;0.755788;0.00674772;0.00526782;0.0206465;2.55035e-05;0.00112856;0.0684957;0.0016171;0.000163304;0.00266013;0.104986;0.00529668;0.0267444
1.373e-05;2.64389e-07;0.999919;7.9215e-08;2.62791e-05;1.77659e-09;4.77111e-08;1.43309e-05;8.84346e-06;7.7255e-10;4.43978e-06;1.25464e-05;2.83933e-07;2.97645e-08
1.36213e-08;0.999965;9.21375e-14;3.16537e-11;4.68606e-10;2.81491e-11;3.44217e-05;7.00857e-07;2.76236e-08;3.59436e-08;9.74883e-10;2.26688e-13;4.09058e-09;5.65784e-08
1.0435e-13;3.81053e-15;1;2.91493e-14;1.36654e-12;2.02781e-14;1.22547e-14;4.67723e-15;2.0924e-13;6.32051e-14;1.12658e-13;2.48081e-08;1.91689e-15;8.75518e-15
4.50273e-06;0.00809123;5.2866e-05;3.28172e-07;7.71525e-05;5.90008e-05;1.10068e-06;0.0366246;7.0269e-06;5.86131e-07;1.28911e-05;0.00200583;0.953053;1.01867e-05
6.14191e-06;0.0017861;8.66342e-08;1.23344e-05;0.000154419;2.59916e-06;4.47805e-06;0.203886;1.80492e-05;4.32606e-06;0.000230971;3.41788e-05;0.793845;1.53741e-05
9.26563e-07;7.61375e-06;4.34408e-06;8.17565e-07;1.90888e-07;5.14278e-10;3.04623e-09;1.81583e-06;2.14963e-06;1.03606e-08;2.03015e-06;0.99997;9.57234e-06;1.28474e-08
2.68555e-06;0.515082;1.08665e-08;2.76851e-07;1.13114e-06;1.67761e-06;2.35326e-07;0.483601;1.16542e-06;8.56712e-08;1.31279e-06;3.60178e-06;0.00130245;2.67305e-06
0.000154648;0.025162;1.51954e-06;0.000174402;0.000288231;4.9464e-06;6.59809e-05;0.137671;0.000114523;1.30087e-05;0.000565359;0.00211735;0.833603;6.49296e-05
1.40448e-05;0.00028648;1.42139e-06;6.23917e-06;2.4176e-05;4.62554e-07;1.00375e-08;1.48337e-05;8.90911e-06;2.91576e-07;1.37062e-05;0.99852;0.00110054;8.43792e-06
8.03269e-08;0.999756;4.51771e-11;2.74629e-09;3.06576e-11;1.76237e-11;0.000239414;3.94047e-08;7.65806e-09;3.87678e-06;2.64545e-08;1.73766e-11;1.76053e-07;2.11184e-07
8.99311e-14;2.20417e-13;0.999998;5.43028e-11;1.72924e-12;1.9464e-13;2.66055e-13;1.32605e-14;1.25161e-12;2.90593e-13;1.22001e-11;2.45335e-06;1.20722e-16;9.5185e-12
3.17584e-07;0.00234792;3.21185e-10;3.88587e-07;0.000275918;1.15943e-06;1.12111e-07;0.997358;1.68829e-07;1.11052e-07;2.48685e-07;2.06789e-07;8.59663e-06;7.17663e-06
2.74375e-06;2.24507e-05;3.18447e-08;1.97345e-05;7.26409e-08;0.000144071;4.60544e-06;9.86916e-07;6.57062e-05;1.21796e-06;0.000827365;2.19045e-06;0.998908;3.63914e-07
3.45938e-08;1.01568e-06;0.9999;3.55147e-08;2.44266e-08;5.74883e-09;3.00494e-11;7.50001e-08;1.59355e-10;2.30891e-08;5.11683e-10;9.853e-05;3.94932e-09;3.49719e-07
9.63776e-07;0.995911;4.47339e-07;5.97596e-06;3.0086e-07;2.86017e-06;2.96346e-06;0.00192931;5.18136e-05;3.19694e-07;0.000633086;2.11364e-05;0.00142715;1.31361e-05
