3.67954e-07;0.00305081;5.59939e-10;2.95344e-07;6.79077e-08;1.76379e-07;1.6262e-08;0.000267453;3.428e-07;7.47238e-09;1.36249e-07;1.77897e-06;0.996679;6.42084e-09
6.51267e-07;1.02971e-05;3.4997e-12;9.17086e-06;1.68764e-06;4.70092e-07;1.37293e-09;9.0295e-05;1.31765e-06;1.04849e-08;1.19378e-06;0.999825;4.29626e-05;1.66137e-05
7.62e-05;9.36691e-05;1.14868e-07;6.6869e-09;8.36821e-09;1.09015e-09;5.56201e-07;0.999809;1.60532e-06;1.03369e-09;2.04755e-08;6.56403e-09;1.84807e-05;5.97498e-11
1.35502e-07;2.17291e-05;9.75925e-06;4.5493e-06;0.000314567;1.67242e-05;8.62218e-09;8.77307e-05;4.07722e-07;2.03155e-07;1.35476e-07;0.000783357;3.65863e-07;0.99876
1.21858e-05;0.997546;3.02714e-06;2.27594e-08;1.52708e-08;2.73724e-09;0.00157641;9.68961e-06;4.76223e-06;4.07546e-06;3.99124e-07;2.99702e-09;4.52749e-06;0.000838785
7.28341e-13;7.71617e-12;0.999999;7.85402e-11;2.59996e-11;2.44162e-11;2.65307e-11;2.1687e-13;1.04724e-10;1.50136e-11;5.34191e-11;6.70346e-07;2.32572e-15;1.11883e-08
4.15494e-06;0.878296;9.31936e-08;8.60217e-08;2.36425e-08;2.49259e-07;2.14698e-05;4.04667e-05;4.22497e-07;1.25427e-07;1.0275e-06;1.63969e-06;0.121634;1.02999e-07
3.38541e-09;0.000375045;1.62414e-06;4.34895e-07;1.18119e-06;9.61533e-06;3.87277e-10;1.71788e-05;5.47054e-08;1.25228e-09;5.59923e-08;0.999575;1.54223e-05;4.77523e-06
1.02023e-06;0.630375;7.68134e-07;4.53122e-07;0.000114334;3.21218e-06;5.23446e-09;0.358153;4.90401e-08;1.02894e-09;8.93509e-08;0.000205263;0.0111268;2.09652e-05
2.26474e-06;0.449255;5.18417e-05;1.66708e-05;0.000129567;7.40095e-05;1.34692e-07;0.00308283;2.56395e-07;7.82027e-07;2.347e-05;0.381484;0.165655;0.000224469
8.32899e-06;0.00317682;1.89037e-07;1.49758e-05;4.14059e-05;3.22727e-05;9.22775e-07;0.000189944;3.21874e-05;7.23903e-07;0.00188651;2.99859e-06;0.994459;0.000154068
4.29607e-07;1.82129e-05;3.78507e-08;6.46195e-08;1.89781e-06;1.9011e-07;1.17864e-11;8.44207e-06;3.33857e-08;1.87366e-09;4.10833e-07;0.993636;0.00633397;7.01723e-08
1.72391e-07;0.0780552;3.58474e-09;7.81615e-08;6.52051e-06;2.84155e-06;9.04253e-05;0.921715;2.13998e-07;4.51407e-05;9.76608e-07;2.27324e-09;8.23719e-05;1.06852e-06
1.81083e-12;4.00479e-12;0.999999;1.38071e-10;2.55894e-11;6.53172e-12;1.02245e-11;3.94475e-13;3.57321e-11;9.39569e-11;3.35558e-10;5.22917e-07;1.66338e-12;7.30012e-12
0.000292702;0.0207962;0.00119309;0.00246972;0.000416616;0.00137359;0.00227301;0.00063161;0.00162073;8.29177e-05;0.0213835;0.552666;0.393904;0.000896791
1.20903e-05;0.0160202;0.899911;5.30556e-06;0.000864512;5.25596e-06;2.78006e-08;0.000484521;6.73722e-07;2.83315e-07;1.72665e-06;0.082516;0.000174636;3.40915e-06
0.000211531;0.23461;0.000502853;1.30522e-05;0.00830129;5.24307e-07;1.48795e-05;0.263602;0.00147952;1.1693e-05;0.000289656;0.483903;0.00701992;3.98887e-05
0.000234097;0.306501;0.22965;0.00332756;0.435105;0.00650489;3.22614e-07;0.0160024;6.56482e-05;8.93371e-05;1.46261e-05;0.00133587;0.000525536;0.000643366
0.00176554;0.983495;9.39074e-06;6.01588e-07;1.00847e-05;7.41168e-09;2.02251e-08;0.014527;2.15173e-06;1.32757e-08;6.33495e-08;0.000112761;7.48888e-05;2.68946e-06
2.07789e-05;0.988269;7.39186e-10;5.30321e-07;1.09467e-06;9.30961e-09;9.57089e-06;0.0112816;6.08753e-07;2.25552e-05;1.03341e-09;1.46819e-09;1.91037e-07;0.000393704
3.22461e-09;8.92827e-10;0.999643;7.94761e-10;8.26968e-09;1.85803e-10;9.78626e-11;1.01378e-08;3.81204e-09;1.50408e-10;2.39675e-09;0.000356502;6.9423e-12;4.19063e-11
2.70145e-06;0.967695;9.54373e-05;1.8953e-07;5.5423e-06;2.56844e-06;5.40987e-07;1.46039e-05;5.02425e-08;1.93791e-07;4.54724e-07;3.86997e-05;0.0321437;1.15326e-08
5.63146e-06;0.186779;0.000494989;4.69074e-06;5.93433e-05;2.00209e-05;3.03704e-07;0.00471711;1.69919e-05;5.00695e-07;1.19318e-05;0.80674;0.000100448;0.00104933
8.74765e-06;0.85516;9.23899e-08;4.6499e-06;0.000188898;1.38092e-05;2.38968e-07;0.144133;3.56667e-06;1.43233e-06;1.23191e-06;1.84744e-05;2.02586e-05;0.000446087
0.00012768;0.0412598;9.18436e-06;5.95198e-08;1.37108e-07;1.10291e-05;0.00017283;0.0114345;5.48929e-06;1.77121e-06;2.83785e-06;2.71893e-07;0.946964;1.09298e-05
8.63416e-13;1.95377e-12;1;1.28326e-12;7.84655e-14;3.34683e-13;7.65611e-13;1.7787e-14;1.81902e-11;6.75075e-13;2.58321e-12;1.51288e-10;1.99161e-13;7.86572e-12
1.03656e-08;2.05324e-06;0.996608;6.89321e-08;2.38274e-09;4.49794e-08;3.91318e-08;2.14816e-07;5.26979e-07;1.04009e-08;4.08153e-08;0.00338693;1.5687e-08;2.09235e-06
1.05231e-06;0.00124048;0.000242034;2.67307e-05;0.229264;0.508838;6.54413e-08;0.000497917;2.28362e-05;1.15883e-06;9.16311e-05;1.289e-05;0.000628609;0.259132
1.64484e-06;0.439739;0.000179997;8.45035e-07;0.00409725;0.0014459;7.87495e-07;0.00532351;4.37055e-09;1.67249e-05;6.58302e-08;7.36277e-06;0.00692174;0.542265
1.13298e-13;4.20708e-12;1;3.24635e-12;1.84168e-11;1.61755e-10;2.17957e-14;3.57786e-15;4.38719e-14;1.01175e-13;1.76771e-13;8.33999e-12;1.43405e-11;1.80004e-11
7.56515e-08;0.00376463;0.995455;3.40185e-08;8.66484e-08;1.66497e-07;2.47443e-10;0.000732355;8.3937e-10;1.81905e-09;2.02316e-10;2.05541e-05;2.6651e-05;1.21926e-07
1.06078e-07;0.00537926;2.34568e-05;2.24707e-06;0.00830786;0.177913;6.05836e-11;7.20635e-05;5.91275e-08;2.11406e-07;1.30683e-07;5.52827e-05;0.801949;0.00629719
9.62128e-10;0.998053;1.54814e-11;6.53836e-11;1.09611e-09;9.61108e-10;3.08196e-08;1.37867e-10;2.12505e-14;7.13282e-07;4.27254e-13;2.66035e-08;1.18121e-07;0.00194649
6.19905e-15;8.39864e-14;1;1.07932e-12;9.49427e-12;5.80537e-12;2.78638e-13;1.93306e-14;4.12841e-15;1.13116e-12;1.10785e-14;1.23401e-08;2.47709e-15;2.12121e-12
6.40831e-05;0.434833;1.99509e-06;0.00591055;0.0001387;0.000532949;0.161385;0.107869;0.00456308;0.000236452;0.0117575;4.39741e-06;0.272653;5.05763e-05
4.17218e-07;5.83829e-07;1.1316e-09;1.46244e-09;7.09321e-09;4.46629e-11;2.36318e-09;0.999999;8.58382e-08;2.99763e-10;9.23102e-09;3.70291e-09;6.58305e-08;1.24225e-11
1.05111e-06;0.98476;4.77277e-05;1.41623e-06;4.25259e-06;1.54934e-08;0.0135731;9.88397e-07;8.1081e-07;9.88348e-05;1.73592e-08;5.45301e-05;2.32983e-08;0.00145777
6.64897e-10;1.57567e-09;1;7.41013e-10;2.14844e-10;1.60758e-11;8.9518e-09;6.18555e-09;7.61255e-09;1.47145e-11;4.13204e-09;1.3177e-09;1.84413e-10;5.67333e-10
2.56193e-06;0.91411;4.06662e-05;2.33553e-07;4.77112e-09;6.61119e-10;0.0847529;4.9346e-05;3.03814e-06;1.20531e-05;8.66244e-07;5.59226e-08;0.000725879;0.000302604
5.71188e-13;1.26539e-11;1;3.33348e-10;3.52934e-09;9.5531e-11;9.96627e-11;2.89634e-12;8.87097e-11;1.39921e-11;2.31604e-10;2.69977e-08;2.86547e-16;5.21061e-08
3.45033e-09;0.000795764;1.09192e-08;2.40203e-08;5.48574e-09;2.46491e-08;3.68049e-09;1.8398e-09;2.39008e-11;7.27953e-10;2.27954e-09;5.21388e-10;0.999204;9.42682e-11
2.07086e-08;0.00540903;3.42944e-06;9.6806e-09;1.62445e-07;2.39861e-08;3.37539e-12;6.26748e-06;4.12858e-10;1.4662e-11;1.08192e-08;0.993883;6.71886e-07;0.000696934
6.26342e-08;0.0498902;9.03558e-07;9.50021e-08;0.00678697;7.53398e-06;1.38842e-09;0.916392;1.54964e-09;1.36114e-08;1.52078e-10;6.45072e-06;0.0086297;0.018286
1.25449e-10;3.61702e-08;2.44956e-09;1.0218e-08;2.42085e-10;2.90468e-07;1.78934e-11;1.4974e-09;2.33877e-10;1.11665e-10;7.9433e-09;1.21623e-09;1;1.49771e-10
4.55617e-09;6.11724e-08;1;1.31595e-09;4.37739e-10;6.29832e-11;1.56246e-12;6.63093e-10;9.28265e-12;2.76297e-10;2.93808e-11;1.26968e-07;2.38375e-09;1.85296e-09
2.10812e-06;0.963439;2.56505e-06;3.22993e-05;1.69014e-06;1.50298e-05;9.90221e-07;0.0348588;0.000228108;1.54815e-06;0.000692363;7.84133e-07;0.000612669;0.000112103
