1.72152e-06;0.999491;5.23089e-10;2.02823e-07;1.04036e-07;8.56427e-09;3.33485e-07;0.000401993;2.51279e-06;7.4811e-08;1.84397e-06;1.87132e-05;8.09342e-05;8.17002e-08
9.7856e-06;0.937823;0.00126649;6.15375e-05;3.45288e-06;8.11213e-08;8.92332e-06;0.000219592;4.30171e-06;3.97961e-06;3.27048e-05;0.0568938;0.00365094;2.09379e-05
1.4087e-05;0.0566966;1.41268e-08;9.95963e-05;0.00310176;1.14114e-05;5.41198e-06;0.926778;4.27653e-07;3.64965e-05;9.40556e-07;0.000820761;3.75402e-05;0.0123967
0.000108994;0.0626963;1.79985e-07;4.01091e-05;1.58441e-05;0.000507195;6.9959e-05;0.00577696;0.000485798;4.16206e-06;0.000693764;1.7099e-05;0.929554;2.95911e-05
3.96467e-05;0.032387;0.944453;2.51074e-06;1.33209e-05;1.77744e-07;9.05294e-06;3.45215e-05;2.04849e-07;1.58439e-05;4.35053e-08;0.0229696;3.70508e-06;7.18998e-05
5.86371e-09;2.45245e-09;1;9.67335e-11;3.11558e-10;3.97462e-10;1.12236e-08;7.0665e-10;6.93097e-09;4.52578e-10;1.84487e-09;1.23131e-07;7.66454e-11;1.23999e-09
1.58128e-06;0.0944069;1.014e-05;2.71812e-07;1.02152e-06;2.98985e-07;3.61557e-07;0.00271674;4.34428e-07;2.93731e-08;1.10403e-05;0.0233096;0.879542;7.11352e-08
3.45056e-07;0.389669;1.8313e-09;1.76307e-06;8.1385e-06;6.91251e-06;0.000814762;0.0177315;9.6963e-07;0.000207114;3.17732e-06;8.82157e-10;0.000560046;0.590997
7.28088e-12;5.51965e-11;1;1.31943e-10;5.06809e-13;1.91218e-12;6.05659e-10;3.73512e-13;8.44597e-12;2.13842e-11;3.23875e-10;5.90707e-10;1.08843e-11;4.01077e-12
6.53069e-06;0.0623855;0.0135826;1.54385e-05;1.874e-06;1.14148e-05;7.5509e-06;0.84683;2.05359e-06;4.19655e-06;7.05042e-07;0.0768774;1.78087e-05;0.000257004
1.07716e-05;0.946941;1.74194e-10;0.000225458;0.000141703;0.000232571;1.51427e-05;0.000734783;4.22595e-05;1.77701e-05;0.00109795;0.000293211;0.0496799;0.000567859
1.28507e-05;0.991287;0.00343324;1.9547e-05;0.000100585;1.13484e-06;8.72456e-06;0.00129395;1.30492e-08;0.000177616;6.19625e-08;0.000931253;9.38203e-06;0.00272476
3.07523e-08;9.253e-09;0.99999;7.27215e-10;3.52055e-09;9.50285e-10;7.66179e-09;4.65523e-09;2.22403e-10;1.45586e-09;1.95117e-10;1.039e-05;2.77799e-09;4.75057e-11
1.39405e-06;0.000689112;1.70285e-05;3.84073e-05;4.66245e-05;1.09441e-05;4.30335e-08;0.00816116;8.54134e-05;2.56414e-07;5.19147e-05;0.990574;5.20216e-05;0.000271526
3.03757e-07;0.857961;3.86247e-07;1.72842e-06;1.31812e-07;2.00328e-07;4.95642e-08;0.000865174;7.04026e-08;2.39317e-07;3.02746e-07;5.8486e-06;0.141165;3.28857e-09
6.16777e-05;0.0244024;1.66591e-05;0.00163675;0.0153897;0.000778252;7.82823e-07;0.33345;2.56235e-06;0.00028663;8.4483e-07;0.600144;0.00205643;0.0217725
9.38803e-06;0.00543001;1.76254e-11;1.57985e-07;3.63039e-07;1.00937e-05;2.01769e-06;0.0129018;3.08879e-06;3.41063e-08;3.77679e-07;1.00105e-07;0.981642;3.77663e-07
1.16133e-06;0.000110357;0.995927;1.41914e-06;8.14986e-07;5.22395e-07;3.21027e-06;7.79521e-09;3.03992e-09;1.39324e-05;8.72689e-11;0.000586636;6.93997e-06;0.00334788
2.02852e-10;3.37703e-12;1;3.03688e-11;1.0892e-12;5.17469e-13;2.48802e-09;5.28736e-11;3.76799e-08;3.20662e-12;2.52754e-09;6.65744e-09;4.26951e-13;2.65089e-15
3.19688e-06;0.999218;4.74293e-10;5.13731e-07;2.68922e-07;7.50114e-07;1.36942e-05;0.000144372;2.91041e-05;7.931e-06;1.12358e-06;5.49655e-09;2.13313e-06;0.000578602
4.52857e-13;9.47158e-15;1;7.83071e-11;5.10842e-13;3.08078e-14;1.68613e-13;6.2042e-15;2.74317e-12;1.86045e-12;9.88878e-12;5.63443e-09;5.91128e-18;5.43419e-13
0.000103764;0.00902569;1.64262e-05;0.000119162;0.00116044;3.47943e-06;1.44507e-06;0.988742;7.60142e-05;6.8407e-07;0.000234306;0.00026212;0.000151398;0.0001035
1.24227e-06;0.000533209;2.75482e-07;7.46559e-07;4.14447e-05;2.12276e-08;4.40712e-07;0.999334;2.10991e-05;8.28766e-08;4.81475e-05;3.09783e-06;1.57245e-05;6.69155e-10
7.09929e-09;6.90227e-07;0.999988;4.37334e-08;2.07365e-06;6.9675e-07;8.65352e-10;1.33434e-09;2.52568e-11;2.8727e-07;1.17924e-09;6.73275e-06;8.10954e-09;1.74418e-06
3.04411e-06;0.990985;2.2477e-06;1.06167e-05;2.91393e-05;3.58292e-05;1.72785e-06;0.00669521;5.58173e-05;6.40326e-07;0.000338256;0.000248465;0.000685494;0.000907988
