4.24251e-07;0.999978;4.92029e-06;5.17055e-07;7.17007e-07;4.88945e-09;8.756e-09;7.53011e-06;6.31281e-09;2.72691e-08;5.31304e-09;7.26815e-06;4.54216e-07;4.12463e-07
4.44375e-06;6.68548e-05;3.64405e-12;3.07922e-08;8.07774e-07;1.08038e-08;1.27595e-06;0.999904;9.32652e-06;3.29354e-07;2.1227e-07;1.15727e-09;1.27895e-05;4.53899e-08
1.53025e-05;0.00165977;0.000624819;5.13242e-05;0.00240173;6.91594e-06;1.23818e-05;0.000509396;0.000154511;1.50064e-06;4.08791e-06;0.993789;4.75146e-05;0.000722226
3.38301e-05;0.37503;1.32746e-07;8.90186e-06;2.59611e-07;1.69959e-07;4.47795e-05;0.000839118;7.88093e-06;5.01062e-08;1.99243e-05;7.4989e-05;0.623939;1.10779e-06
7.00208e-07;0.0114705;1.50087e-06;5.83364e-06;6.91214e-06;5.55162e-05;7.93884e-10;0.000313668;6.93591e-09;3.61873e-09;4.11185e-08;0.984229;0.00172183;0.00219428
9.10072e-07;0.999099;2.54122e-09;9.00035e-08;1.86881e-09;9.84787e-09;0.000651568;9.13007e-05;5.90246e-08;3.61452e-06;3.45988e-07;2.77518e-10;3.73902e-06;0.000149481
1.86179e-11;6.47557e-11;1;3.62888e-10;6.45785e-12;2.08731e-10;1.00191e-08;2.25263e-10;7.34176e-11;1.67037e-09;9.35057e-10;8.8979e-13;2.61208e-11;7.3374e-11
6.28841e-11;3.37852e-09;1;4.75241e-10;1.17218e-12;4.30094e-11;3.10024e-10;5.68985e-10;9.36907e-10;6.24576e-11;2.95597e-09;3.18416e-10;2.13148e-08;3.45835e-12
3.59108e-08;0.00032036;2.33376e-05;2.26904e-06;1.84246e-06;3.43048e-06;2.24592e-07;3.1015e-07;3.24464e-07;2.06496e-07;2.2572e-06;0.997399;5.20103e-06;0.0022417
2.81051e-07;0.0574042;1.01734e-06;7.58644e-06;0.00338015;7.55323e-05;4.93655e-07;0.298994;1.07268e-08;1.14978e-06;9.67534e-07;0.00269066;0.636664;0.000779593
1.09452e-09;0.00010864;2.73148e-12;5.86616e-08;6.53226e-08;6.104e-05;5.04051e-09;7.35359e-07;2.07058e-10;5.98828e-08;2.48098e-08;0.000166671;0.999624;3.84863e-05
4.97215e-09;3.19772e-07;0.999987;2.12067e-08;5.33463e-09;3.37498e-09;4.48983e-09;2.15336e-10;2.34895e-11;2.87235e-08;8.14796e-11;1.27782e-05;1.34498e-08;6.00466e-09
9.68988e-10;7.77011e-10;1;1.10694e-09;6.76168e-10;1.58623e-09;1.56595e-08;1.05703e-09;5.96525e-09;4.65823e-10;1.99197e-08;4.29104e-09;3.2635e-10;1.59004e-09
1.44035e-08;0.994718;2.15972e-10;6.3691e-09;5.89875e-10;1.96348e-09;2.59234e-08;4.42037e-06;7.86899e-09;2.35652e-09;5.56505e-08;4.6697e-07;0.00527736;2.08726e-08
8.7313e-07;0.151845;7.93222e-07;1.00223e-06;0.000102742;1.73991e-05;1.13296e-05;0.832082;1.53334e-05;1.24686e-06;5.41651e-06;0.000255544;0.0104822;0.00517933
1.2115e-07;0.00103282;3.08665e-06;5.28142e-06;0.000163756;1.47272e-05;2.69431e-06;0.724937;2.38643e-08;1.62777e-06;1.89168e-06;1.12707e-07;0.273835;2.32977e-06
3.72737e-11;2.11642e-10;1;5.22048e-10;2.08261e-12;6.2919e-13;8.58649e-10;2.70338e-13;4.81275e-11;5.78641e-11;4.75298e-10;2.12738e-09;1.6352e-11;4.90731e-12
4.59593e-07;0.00448486;4.44221e-05;2.37447e-06;2.03896e-08;2.47528e-08;7.89297e-08;0.000113336;4.80642e-06;5.55481e-09;1.19388e-05;0.995334;1.60192e-06;1.90961e-06
2.19841e-07;0.999096;4.15537e-08;2.68849e-08;4.93608e-07;4.51889e-07;1.66487e-09;0.000198389;4.46005e-09;1.94677e-08;2.89171e-08;1.198e-06;0.000689019;1.39767e-05
2.52792e-07;0.000233514;7.66013e-07;4.55937e-07;0.00123886;2.36274e-07;1.31193e-09;0.0244475;1.72419e-07;1.58256e-08;6.37011e-07;0.974064;4.88531e-07;1.35019e-05
4.28236e-09;0.999853;1.89201e-09;1.97185e-09;5.56013e-10;1.02342e-10;6.93742e-10;6.33583e-11;8.68218e-13;2.05827e-08;3.30361e-11;2.2955e-09;4.29594e-09;0.000146776
0.000826016;0.155355;9.02965e-08;1.41259e-05;4.19687e-07;1.51674e-06;0.101151;0.730836;0.00541504;8.67593e-06;0.00486075;0.00014709;0.00138289;1.26383e-06
1.77905e-08;0.999549;6.30561e-11;9.20325e-08;1.74828e-07;4.82926e-07;4.97828e-10;0.000120741;7.10183e-10;1.53714e-08;3.31086e-09;5.5806e-06;0.000322004;1.52871e-06
1.09372e-05;0.0424958;1.67665e-06;6.84861e-05;0.000827748;9.77246e-06;5.33479e-06;0.0127003;4.42532e-08;8.4024e-05;3.73511e-07;0.000358601;0.927905;0.0155319
9.1161e-07;6.71712e-05;5.7697e-10;0.000711825;0.022015;0.58816;5.05256e-07;6.02553e-06;9.63332e-08;4.41293e-05;3.88296e-06;2.98802e-05;0.0644379;0.324523
3.79839e-05;4.67422e-05;0.973153;5.80459e-06;3.95994e-07;9.3999e-09;4.43347e-05;3.27655e-07;5.60613e-08;4.11016e-05;3.30936e-07;0.0266692;3.06739e-07;1.39913e-07
1.48087e-07;3.67815e-09;0.999966;4.09953e-08;5.11728e-09;6.81477e-10;3.16766e-06;1.30602e-09;8.60639e-06;6.87726e-09;2.09979e-05;1.3476e-06;2.52325e-09;3.73899e-10
3.16804e-06;0.000342946;3.42304e-09;2.32772e-09;1.38403e-07;3.03588e-08;5.55732e-09;0.999248;2.58641e-06;5.24405e-09;7.28958e-08;1.39621e-06;0.000401409;9.9006e-08
2.54372e-09;0.000202386;1.24745e-06;2.2573e-09;2.0671e-06;1.64968e-07;1.03541e-11;5.47888e-05;2.50034e-09;1.18403e-10;9.88415e-09;0.999664;9.74673e-06;6.5305e-05
4.695e-11;0.999996;6.75286e-14;9.70004e-12;1.0587e-12;2.753e-13;9.63816e-07;8.46748e-10;1.92776e-12;1.11988e-08;3.76707e-11;3.97413e-14;3.20317e-06;3.90727e-10
1.98314e-11;7.52312e-11;1;1.23289e-10;6.40498e-11;3.09489e-12;1.0033e-09;4.0289e-12;1.94847e-10;1.41497e-10;3.85333e-11;1.27069e-08;2.11821e-12;8.72883e-11
2.93697e-05;0.932088;2.70062e-08;6.1238e-06;4.39963e-06;9.74676e-08;0.000525052;0.0638704;0.00233353;2.00928e-06;0.00024663;4.43317e-05;0.000849548;2.93203e-07
8.65752e-05;0.444446;0.0175772;0.00220972;0.000354854;0.000707805;4.90573e-05;0.000577289;1.60805e-05;0.000194819;0.000170118;0.520424;0.0131829;2.90748e-06
4.43716e-05;0.0830764;1.19896e-06;2.423e-06;1.47023e-07;1.66002e-06;2.90962e-06;1.40817e-05;9.75796e-06;1.0421e-08;0.000902412;0.0496291;0.866308;8.01755e-06
3.36689e-05;0.0563529;3.12656e-08;1.05659e-06;0.0177029;7.63012e-06;6.43773e-07;0.923653;4.3541e-06;6.36143e-08;2.07753e-07;0.000206159;0.00135115;0.000685814
1.80803e-06;0.000294914;2.25853e-08;1.82383e-07;9.5548e-07;9.71946e-07;4.62579e-08;0.000626165;2.64601e-05;2.59841e-08;7.69937e-08;0.998861;0.000186845;1.87212e-07
0.00142941;0.0189858;1.42032e-07;1.6881e-05;3.49833e-06;5.95268e-07;0.000152833;0.000323465;0.0380669;1.29714e-06;0.00369317;0.000676428;0.936645;4.69693e-06
2.47358e-05;0.00635523;0.000605975;1.34883e-06;1.13393e-06;1.64515e-06;2.2932e-07;0.000113562;3.93746e-06;9.53702e-07;4.87779e-07;0.981203;0.011671;1.69085e-05
2.29949e-05;0.338701;0.000141598;0.00129023;0.0124515;0.00061562;3.84555e-07;0.0620278;6.44206e-05;7.05169e-06;2.26119e-05;0.546588;0.0105675;0.0274993
9.14372e-06;0.605969;0.00292493;4.69097e-05;6.21101e-06;7.15115e-07;3.22896e-05;0.000201504;3.26974e-07;4.53511e-05;3.02644e-05;0.343007;0.0473353;0.000391629
5.9461e-07;0.0349372;3.28078e-09;7.03074e-07;2.39995e-08;3.85754e-07;0.964451;1.42763e-07;2.29905e-06;0.000542067;3.45547e-05;1.2232e-08;1.36792e-05;1.74497e-05
7.45811e-10;2.17625e-10;1;3.64923e-09;2.90797e-10;9.78191e-10;2.20931e-08;7.3145e-09;6.17874e-09;8.31677e-10;1.7651e-08;1.92794e-07;7.69211e-10;2.6072e-10
2.19793e-06;0.999416;2.58094e-05;4.99703e-07;2.32905e-08;3.95613e-08;2.91232e-06;2.39999e-05;1.15291e-07;9.24421e-07;6.74869e-08;8.10973e-08;0.000526798;1.03762e-07
6.18508e-11;5.88652e-11;1;5.88911e-11;2.39448e-13;1.42229e-12;6.06806e-10;1.93379e-12;2.21252e-10;9.86996e-11;4.40494e-10;4.52433e-09;1.12219e-10;3.26701e-13
6.60187e-07;0.000347278;1.84806e-05;2.86873e-05;2.43388e-05;7.21105e-05;1.39273e-06;6.8878e-05;8.03651e-06;1.35825e-06;4.64672e-06;0.933711;2.25472e-05;0.0656907
6.52694e-07;0.0739294;9.02286e-08;2.85676e-06;0.000304111;6.10991e-06;5.93777e-07;0.751629;7.1955e-08;3.91085e-07;4.92267e-07;2.6411e-05;0.174065;3.5073e-05
2.99953e-08;0.000306199;1.72827e-11;1.41808e-06;1.34173e-07;7.77942e-05;4.76699e-08;4.76484e-06;1.13986e-08;6.12705e-07;1.76107e-06;0.00185749;0.997525;0.0002244
3.22384e-08;6.65396e-08;0.999995;8.64004e-08;9.24062e-10;3.45741e-09;5.60873e-08;1.30716e-10;4.22326e-10;1.90321e-07;1.32458e-09;9.71597e-07;3.61594e-06;1.81006e-09
2.31833e-08;3.42189e-08;0.999816;1.05241e-08;2.52682e-10;2.63314e-09;0.000182503;1.06581e-09;2.59394e-07;7.80943e-07;2.99057e-07;1.65956e-10;1.61013e-09;3.74807e-10
1.74294e-09;1.39169e-07;1;6.96129e-09;1.22125e-09;1.81505e-09;6.52073e-09;2.70589e-09;2.43627e-08;5.4826e-10;5.25454e-08;4.16737e-08;3.04005e-09;1.15138e-10
1.21556e-07;0.00249284;0.00432371;1.44279e-07;3.66847e-07;9.11815e-08;1.44493e-08;0.00355973;6.77005e-08;1.75549e-08;9.60107e-08;0.989618;4.96901e-06;2.36943e-07
5.98562e-08;0.763862;1.44622e-08;2.0663e-07;3.94494e-05;4.03418e-05;0.211578;3.12457e-05;1.86004e-06;0.0240904;4.31096e-06;8.12582e-10;3.86359e-05;0.000313593
1.51161e-11;1.46382e-10;0.999996;9.82343e-10;1.42665e-09;7.21427e-10;1.74584e-08;1.89139e-11;2.29684e-10;4.95245e-09;5.90088e-09;3.91449e-06;2.81305e-12;6.15038e-11
7.35307e-05;0.405189;1.74218e-06;3.22758e-05;0.00060602;8.83485e-05;0.0015369;0.588089;0.000192656;1.75379e-05;0.000112342;0.00303944;0.00096145;6.00651e-05
5.42521e-06;0.0999443;5.61474e-06;6.80759e-07;1.01118e-05;1.0774e-07;3.97316e-09;0.0102082;2.53833e-07;7.11482e-09;1.99526e-08;0.000472862;0.889352;7.90207e-07
0.000142458;0.293322;4.26607e-05;2.4462e-06;0.00107419;1.28434e-07;5.40402e-07;0.00937106;4.13582e-07;5.81874e-05;2.99835e-08;0.000738555;0.00880885;0.686438
1.81049e-05;0.0469223;5.88117e-09;3.53498e-06;4.16418e-08;9.84868e-09;0.936536;2.67427e-06;0.00118924;0.0150655;6.00986e-05;2.19469e-07;1.13817e-07;0.00020194
5.05711e-08;6.12365e-11;0.999967;1.43745e-07;3.47821e-09;3.13705e-10;1.57464e-06;1.4487e-09;2.14376e-05;6.74529e-08;2.50321e-06;7.52141e-06;7.34028e-11;3.35052e-10
3.44758e-06;0.999605;2.03659e-08;5.14448e-07;1.40275e-08;3.48872e-09;1.39861e-06;7.7228e-06;8.39258e-07;1.67905e-07;9.69716e-08;1.61376e-08;0.000380632;2.86653e-08
7.37415e-08;0.00133625;4.9434e-11;1.15539e-06;9.64193e-09;2.39078e-07;6.80376e-08;1.31124e-05;2.83121e-06;4.75134e-08;2.82743e-07;3.68409e-08;0.998646;8.33828e-09
8.00265e-07;0.000368706;0.996557;8.05995e-06;7.45022e-05;4.86824e-07;2.34121e-09;2.30402e-05;3.57125e-09;6.10878e-07;4.14372e-10;0.00277205;1.3184e-08;0.000194357
2.80155e-06;0.00155583;4.14538e-11;2.9993e-05;6.95417e-06;0.000112485;2.45949e-05;3.40737e-05;0.000428518;5.6583e-07;5.56775e-05;3.9497e-06;0.99773;1.40488e-05
2.53242e-06;0.00124847;0.998688;9.82808e-07;1.22266e-07;3.50726e-08;2.98306e-07;3.16548e-06;3.99618e-08;2.17033e-06;1.37423e-08;5.373e-05;2.30918e-07;5.02373e-08
9.60112e-09;4.94265e-09;0.999987;1.10764e-08;2.4469e-08;6.30049e-10;6.39225e-09;3.12801e-09;8.20273e-08;7.52426e-10;1.42615e-07;1.26299e-05;1.32531e-10;3.18778e-10
9.85177e-06;0.217009;8.05013e-05;1.41283e-06;8.83524e-07;2.13458e-07;7.87588e-07;0.776676;0.000218281;3.23689e-07;0.000149296;0.00218335;0.00367038;1.00967e-07
8.00196e-09;0.0668098;1.59424e-09;4.42319e-07;5.65353e-08;2.47848e-07;6.49229e-07;4.99422e-07;3.6403e-08;3.91458e-05;9.48276e-08;2.41897e-08;2.26623e-07;0.933149
0.000162679;0.00820579;1.50661e-06;4.68253e-06;1.82086e-07;3.98555e-06;0.851279;5.11121e-05;0.00707519;4.86598e-06;0.124045;5.96618e-05;0.00910594;1.40989e-07
4.05083e-06;0.967934;7.35996e-09;4.23977e-07;1.65693e-07;1.38069e-06;4.07599e-07;0.00360763;3.00229e-06;8.48512e-08;1.58315e-06;1.53124e-05;0.0284263;6.03217e-06
7.35829e-08;9.33095e-05;2.98941e-06;3.77162e-07;1.55524e-06;5.49669e-08;2.93111e-10;2.03452e-07;9.0833e-08;7.57266e-09;3.42225e-07;0.999821;7.75469e-05;1.94163e-06
7.63501e-05;0.0117816;1.97906e-08;5.28805e-06;0.000933314;5.69301e-06;1.14898e-05;0.983771;1.1491e-05;2.34778e-05;5.18082e-06;0.000185293;0.00290486;0.000284638
0.000615286;0.211479;0.000107173;0.0114395;6.95466e-05;0.000282203;0.000163537;0.00341747;0.000931429;9.44654e-05;0.0119861;0.53574;0.223645;2.95217e-05
8.55173e-05;0.915033;4.08162e-08;0.00012091;5.79258e-05;0.0012052;4.73443e-06;0.0817576;1.09351e-06;0.000175834;1.22102e-06;9.59305e-05;0.000269088;0.00119167
8.76242e-06;0.000187428;1.30388e-07;8.09411e-07;8.65361e-08;2.30977e-06;2.00403e-06;0.000350648;1.84209e-06;5.5863e-07;9.97531e-06;1.18911e-05;0.999423;7.43812e-07
0.000112468;0.000840628;1.95647e-05;1.55583e-05;4.15063e-06;3.2446e-07;7.36139e-07;0.001118;0.000386847;1.17337e-06;2.99051e-05;0.996849;0.000602881;1.89745e-05
9.11448e-05;0.866308;5.26828e-06;2.85678e-06;2.17402e-06;1.15938e-07;1.8762e-06;0.0889582;2.63892e-05;4.45313e-07;8.20659e-06;0.0155852;0.0289967;1.31353e-05
5.74958e-07;0.942074;4.8539e-08;2.13173e-05;1.1777e-06;9.9136e-07;0.00195893;5.06625e-06;7.32363e-08;0.00541424;2.49536e-07;9.0613e-05;4.97205e-06;0.0504277
6.97161e-11;3.07844e-12;0.999997;6.00343e-10;3.61879e-12;2.42846e-12;1.05496e-10;7.09625e-12;9.83884e-10;6.62456e-12;2.96473e-07;2.66558e-06;9.13204e-13;6.24538e-14
2.41392e-07;0.99362;6.69452e-09;8.89635e-08;3.00798e-09;1.41437e-08;0.0061138;7.16308e-08;1.29915e-09;0.000233108;9.73225e-07;4.21137e-11;1.36415e-05;1.79521e-05
3.98362e-13;1.41928e-14;1;6.23445e-13;2.04926e-12;2.26387e-11;3.78597e-11;1.79835e-13;5.5454e-12;2.35844e-12;3.15971e-11;1.87475e-10;8.38999e-14;6.87697e-13
9.93339e-10;4.36426e-05;2.0098e-10;1.10401e-09;2.12847e-09;1.68283e-08;7.63533e-08;3.48907e-06;1.36988e-08;1.26131e-09;8.48437e-08;1.16777e-08;0.999953;2.39428e-11
3.47574e-06;0.00107996;4.79697e-05;0.000619404;0.00025579;7.43268e-05;3.20966e-07;7.72819e-05;5.44472e-05;2.99132e-05;6.58912e-05;0.976197;0.0214922;2.49901e-06
4.59464e-05;0.957911;0.00293704;0.00023793;0.000101841;7.79675e-08;2.59377e-05;0.000236399;7.18605e-08;1.30906e-05;2.63424e-06;0.038442;4.38356e-05;2.43862e-06
1.15434e-05;0.989797;1.36047e-05;2.0349e-05;5.36909e-06;1.97752e-07;8.99267e-05;0.00814303;4.48548e-06;1.24726e-05;2.25889e-05;3.78088e-05;0.00184094;2.74413e-07
3.51151e-05;0.983399;6.81088e-08;0.000186199;0.000251025;3.8106e-05;8.20821e-05;0.000261283;1.15502e-05;3.01825e-05;5.49991e-05;0.0012501;0.0111846;0.00321614
0.000265786;0.0199728;9.0561e-09;9.12294e-06;0.00195308;2.68634e-07;6.33428e-07;0.977295;5.45221e-05;1.81103e-06;8.38507e-07;0.000238114;0.000114083;9.35468e-05
0.000296422;0.0196463;0.923876;0.00032276;0.0105657;0.000129395;1.79987e-05;0.00434077;5.88795e-07;0.00012051;9.26955e-06;0.0401557;0.00031731;0.000201371
0.00385703;0.085198;1.6732e-06;2.6246e-05;4.11839e-05;0.000765979;0.00833526;0.00687808;0.000858704;0.000192232;0.00139013;2.64676e-07;0.891361;0.0010941
2.86498e-09;1.09302e-09;1;1.4021e-09;2.71669e-12;9.41527e-10;9.49003e-10;1.95156e-10;6.08039e-08;9.21053e-11;7.93453e-09;8.68482e-08;9.70792e-10;2.51089e-11
2.03138e-07;0.00218014;0.000849296;9.54297e-07;9.11802e-09;5.69406e-08;9.41109e-10;0.000139324;2.67796e-05;2.15729e-09;1.96194e-06;0.996797;2.55522e-07;3.89872e-06
2.74169e-07;0.000271874;1.55441e-07;5.15193e-08;7.45028e-07;7.64983e-07;1.88143e-08;2.91563e-05;2.49435e-06;7.8478e-08;1.92465e-06;1.89605e-06;0.999691;8.57399e-09
1.15232e-08;1.84227e-06;5.70492e-05;2.36804e-09;1.20235e-09;8.98778e-11;2.03601e-11;2.27974e-07;9.52043e-10;7.28673e-11;1.34996e-09;0.999941;1.01152e-08;4.72021e-09
6.63055e-07;0.00564856;8.55278e-06;2.25986e-07;0.000340289;7.48446e-07;1.74546e-09;0.993886;9.01908e-08;6.80036e-09;3.93107e-09;9.79102e-05;7.26068e-06;9.54749e-06
3.66787e-07;0.000225565;1.5391e-08;7.61584e-09;2.2905e-05;1.89847e-08;3.82908e-11;0.999709;6.78708e-08;9.86961e-10;6.43159e-11;7.16439e-10;4.20713e-05;1.11516e-08
8.02484e-10;4.0267e-07;0.999999;6.33643e-09;8.40808e-07;2.23123e-08;2.71215e-12;2.66088e-10;4.94524e-12;2.86889e-08;1.39683e-12;3.54054e-08;1.25437e-08;2.20513e-07
3.23429e-07;0.997059;6.56165e-08;3.73079e-06;1.29737e-06;8.25889e-07;1.71156e-07;0.0025097;3.64739e-05;1.75022e-07;1.97141e-06;0.000268924;0.00011106;5.80726e-06
