2.30733e-06;0.97052;7.95931e-09;2.38891e-08;5.65639e-10;1.56636e-09;1.43759e-08;2.84608e-07;1.01744e-07;1.85907e-09;3.05902e-07;0.000522413;0.0289547;1.4015e-10
3.91932e-06;0.0783642;3.0694e-07;2.18327e-05;0.000250917;0.000886289;1.06216e-09;0.00300559;1.79978e-06;2.32342e-06;1.00836e-07;0.827025;0.000133007;0.0903048
2.87251e-05;0.958722;7.48595e-07;7.46226e-08;3.91214e-07;3.62315e-06;1.9786e-06;2.89885e-05;1.62024e-07;2.17642e-08;1.10011e-06;0.00482243;0.0363898;1.48074e-07
1.90231e-06;0.956893;7.51269e-08;6.49562e-06;7.58244e-05;2.49846e-05;0.00179466;0.00225139;4.20364e-06;0.000442435;1.89168e-06;4.70701e-05;1.90329e-06;0.0384544
1.48122e-09;6.54485e-10;1;4.2815e-08;1.0833e-09;2.10232e-09;5.1506e-09;1.72835e-10;1.81768e-08;1.71743e-10;3.20855e-07;4.05319e-09;5.38513e-10;3.42795e-10
2.91468e-06;0.985426;7.18948e-08;2.18441e-07;3.15695e-06;2.14044e-09;3.87803e-08;0.0143748;1.66253e-07;8.76033e-09;2.9344e-07;0.000120124;7.05399e-05;2.28664e-06
2.74795e-07;0.0245942;0.004967;1.97439e-05;0.00107159;7.61997e-05;2.3159e-07;2.6735e-05;5.59462e-10;1.24554e-05;7.22471e-07;0.945688;0.000489467;0.0230529
1.59316e-05;0.0472949;0.000445475;0.000192052;5.52083e-07;3.26711e-05;0.00654907;0.000267504;0.00115468;3.23297e-06;0.895821;0.00746468;0.040696;6.18971e-05
2.68869e-05;0.957986;1.73768e-06;2.33996e-07;2.59898e-07;1.33136e-06;1.29953e-07;0.0401352;3.3979e-07;3.76505e-07;3.66029e-07;5.1387e-06;0.00172638;0.000115667
1.17195e-08;0.00051785;5.22077e-07;1.07224e-07;1.70686e-06;3.08372e-07;2.67146e-10;5.46654e-05;9.69552e-09;1.4416e-08;4.1265e-08;0.998714;3.12849e-07;0.000710182
1.47188e-07;0.559324;4.35125e-10;4.27232e-09;8.04286e-10;1.66394e-09;3.72852e-08;8.15134e-06;8.05362e-09;2.22473e-09;1.04935e-07;4.01667e-07;0.440667;1.02298e-08
6.97435e-06;0.986679;8.89808e-09;1.43702e-07;5.61203e-06;1.03299e-06;0.00309869;0.00613249;3.42899e-05;0.000155241;1.14753e-07;1.60107e-09;0.00342433;0.000462202
2.35357e-13;1.25099e-13;1;1.65996e-11;2.14339e-11;6.40662e-12;2.87821e-11;2.1715e-11;1.28365e-12;4.78659e-11;4.35482e-13;6.58603e-14;1.62078e-14;1.24689e-11
9.12153e-09;2.13448e-08;1;2.66911e-08;1.93632e-09;2.80738e-10;1.07732e-08;6.42719e-08;3.71443e-08;2.72806e-09;4.34161e-08;1.93913e-10;5.71904e-10;3.33152e-08
8.63977e-09;2.33104e-05;5.61544e-05;4.8754e-08;3.95868e-09;3.57927e-09;1.27433e-09;6.74346e-07;4.93847e-09;7.1918e-09;1.0136e-09;0.000100765;2.27934e-09;0.999819
2.07141e-09;4.68553e-07;5.44007e-11;9.60812e-10;0.000488915;8.67643e-07;2.87682e-09;0.999508;5.76624e-08;1.55329e-09;6.86666e-09;8.96308e-09;1.01764e-07;1.61322e-06
4.73608e-11;5.16284e-08;0.999993;2.1012e-09;3.6312e-07;2.02249e-07;5.92839e-12;2.22266e-09;2.24832e-13;2.32227e-10;1.12887e-09;6.80572e-06;3.09164e-09;4.41883e-08
1.81913e-07;0.287208;2.02468e-10;6.24713e-08;6.51177e-09;5.0686e-08;6.31604e-08;0.0165748;2.82121e-07;4.09249e-10;1.58691e-05;1.55928e-08;0.696201;3.08138e-09
1.36401e-06;0.724187;0.000797137;0.000223839;6.8001e-05;1.22329e-06;4.06149e-09;0.000352683;2.31675e-08;9.24742e-08;1.11759e-06;0.249191;0.00017894;0.0249972
2.21991e-06;0.241323;4.57363e-08;2.19737e-06;1.45045e-05;1.65744e-07;5.51589e-08;0.0597424;1.06571e-08;3.45743e-07;5.35665e-07;0.0166169;0.682293;5.09086e-06
1.30777e-05;0.0662325;6.1875e-06;8.5903e-05;0.0139729;2.1458e-05;3.27737e-05;0.757262;4.3037e-07;6.57645e-05;5.26759e-05;0.123292;0.0387622;0.000199506
2.47911e-05;0.278498;0.0334181;0.000169508;0.000949516;0.000192414;3.07791e-06;0.000391182;1.73212e-07;7.11147e-05;2.46517e-05;0.620203;0.0658303;0.000224141
7.98228e-05;0.0421089;8.77307e-07;0.00890758;0.000810786;0.000308115;0.000157865;0.0564951;0.00288228;3.12048e-05;0.654192;0.0897075;0.00705202;0.137266
9.22868e-07;0.999743;0.000172671;1.65654e-05;4.86504e-06;1.41899e-07;2.59432e-09;1.85794e-05;2.66374e-09;5.81849e-08;1.55379e-07;2.15962e-07;3.7989e-05;4.51327e-06
1.11912e-05;0.999571;4.32406e-09;2.63402e-06;8.37595e-07;1.47149e-07;9.76566e-06;6.94445e-05;4.63653e-09;3.52683e-05;6.10478e-08;5.46523e-10;6.31241e-05;0.000236258
2.42404e-09;3.94218e-10;1;1.35165e-09;5.14266e-09;1.50138e-10;4.01955e-09;4.01765e-09;7.32333e-09;3.7495e-10;7.02953e-09;4.34659e-07;2.64398e-11;9.09619e-10
1.11126e-05;0.79438;0.000239649;1.95358e-06;1.59105e-05;1.11933e-05;1.04565e-06;3.07642e-05;5.80443e-07;2.57984e-07;2.28293e-05;0.000212337;0.205072;4.56393e-09
3.6395e-06;0.991228;2.78337e-10;1.43862e-07;2.71867e-06;2.39414e-08;2.30999e-05;1.93074e-05;1.37245e-08;1.32238e-05;7.68176e-08;3.36261e-05;3.62113e-06;0.00867222
8.13768e-14;8.89301e-14;1;1.51166e-12;3.60883e-12;4.96428e-14;5.978e-15;3.71122e-15;6.98566e-15;1.24627e-14;2.07896e-14;3.04557e-09;4.75158e-15;6.16749e-15
0.00015541;0.00394711;1.41445e-08;0.000159795;0.00335781;3.68294e-06;4.03664e-05;0.991273;0.000572896;1.45487e-06;2.92803e-05;3.39462e-05;0.000310143;0.000114689
0.000223511;0.0168847;0.894169;0.00099114;0.000106899;1.08164e-05;3.28352e-07;0.000409819;2.44178e-06;1.96516e-06;5.14621e-06;0.000349638;0.0868374;7.16359e-06
1.10507e-07;0.00125634;1.11014e-08;2.20094e-09;1.81207e-06;4.231e-08;1.14347e-09;0.998724;1.83449e-07;5.7748e-09;2.04911e-08;4.00331e-06;1.32658e-05;2.28568e-08
2.78839e-07;0.000488722;0.985269;5.28262e-06;0.00791205;0.000273233;4.54637e-07;7.9756e-06;1.4504e-08;0.000154089;7.72286e-08;0.00575643;3.22312e-05;0.000100416
0.00242713;0.181871;4.41705e-05;0.000158614;4.21312e-05;6.18248e-05;0.00173073;0.0364975;0.223025;1.38016e-05;0.478403;0.000412304;0.0752282;8.51416e-05
