8.16395e-08;1.82143e-07;1.32898e-11;1.62817e-10;8.87343e-10;4.88977e-10;2.0381e-10;0.999999;3.04638e-07;2.86834e-11;1.62301e-09;1.89586e-11;4.66998e-07;1.02288e-10
1.63113e-07;2.5193e-05;2.69536e-05;1.15612e-06;1.32254e-05;1.29041e-07;9.05847e-09;2.56168e-06;3.28506e-06;2.7692e-09;2.25808e-07;0.999914;2.62131e-07;1.28714e-05
1.15894e-07;0.999058;1.39124e-11;9.41575e-12;7.39015e-11;3.53233e-12;3.93854e-09;4.40888e-07;1.91611e-11;7.9665e-12;7.57089e-11;1.93467e-08;0.000941463;2.15008e-10
2.61921e-12;1.10497e-06;1.5228e-09;1.81268e-10;1.98117e-07;6.77048e-09;1.13585e-14;5.24965e-08;4.41843e-12;4.00963e-13;2.46637e-12;0.99997;6.12559e-09;2.85254e-05
9.41001e-09;0.0001493;1.06834e-11;2.54999e-09;6.99738e-08;8.72096e-09;6.59784e-10;1.17525e-05;1.45676e-08;2.28949e-11;7.52343e-08;2.7764e-07;0.999839;4.37399e-09
3.70504e-07;2.07696e-05;4.40959e-07;1.87107e-06;5.30746e-07;8.1201e-07;1.21144e-10;3.10746e-06;6.20523e-07;3.57883e-09;1.42465e-06;0.995959;0.00399406;1.71034e-05
4.47786e-09;0.00149764;4.13422e-10;1.84463e-09;1.75978e-06;5.47029e-07;4.66389e-10;0.998484;2.63847e-09;8.15883e-09;2.55251e-09;6.51514e-11;1.63626e-05;8.38848e-08
1.09704e-12;9.0311e-12;1;3.96852e-11;1.15068e-12;5.31355e-12;1.67607e-13;1.52366e-13;1.57429e-12;1.15248e-11;1.83418e-12;2.50032e-10;6.38386e-13;1.93177e-11
6.68836e-08;6.09046e-06;9.81407e-05;1.05177e-07;3.6491e-08;1.37464e-07;2.05741e-09;1.28237e-06;4.2145e-08;4.23809e-09;4.11631e-07;0.999892;1.10209e-06;1.07608e-06
2.25643e-05;0.281797;0.000367282;1.19394e-07;1.79509e-05;0.000120619;1.41655e-05;0.0271063;8.29648e-05;4.48844e-06;3.71677e-05;9.39102e-06;0.690412;7.30223e-06
2.71344e-08;4.21163e-06;6.52521e-06;1.61533e-07;4.26187e-05;0.000259124;4.43005e-10;8.74601e-07;1.02322e-06;8.21561e-09;1.38416e-07;0.993021;0.00657509;8.92511e-05
3.62724e-05;0.974962;0.00212759;3.6786e-06;0.0117576;5.66955e-06;6.50732e-08;0.00242776;2.21658e-07;5.96582e-06;2.75368e-10;2.84136e-08;3.05989e-05;0.00864269
5.31307e-06;0.0111591;5.85023e-07;4.19801e-08;9.48211e-07;8.95157e-08;1.31808e-05;0.98867;4.47016e-06;1.48238e-06;5.07932e-08;7.43598e-11;0.000145104;8.56368e-09
1.04985e-10;4.42494e-09;1;1.25087e-09;6.55964e-10;1.92199e-10;1.32592e-10;3.19717e-10;3.35783e-09;1.75887e-10;4.95944e-10;2.88618e-08;1.00234e-10;1.50332e-11
7.7456e-08;2.4494e-05;0.995389;7.38508e-08;3.12808e-08;6.02097e-08;2.16348e-09;0.00192589;8.22829e-08;4.16976e-09;2.0337e-09;0.0026545;4.46018e-06;1.25981e-06
7.37649e-07;0.00235677;3.64854e-05;8.19728e-07;0.0109154;0.943687;1.59384e-08;1.9103e-06;1.78855e-07;7.179e-07;3.61045e-08;6.61049e-05;0.00538728;0.0375467
2.13551e-09;1.45335e-05;3.61464e-07;7.78738e-10;8.44019e-05;5.88578e-07;3.25214e-12;0.000209368;1.93927e-09;1.74563e-11;1.00702e-09;0.999664;2.71756e-05;1.32619e-07
2.3655e-08;0.99964;1.06779e-07;3.39036e-08;1.46906e-06;2.38528e-07;1.57714e-06;2.15254e-07;6.83799e-12;9.05234e-05;5.86463e-11;1.12393e-09;2.04764e-07;0.000265505
9.64958e-10;9.61636e-12;0.999979;4.00934e-08;3.01258e-07;1.86909e-06;7.81135e-11;1.82971e-09;2.73865e-10;3.39117e-09;1.19918e-09;1.86951e-05;1.90727e-09;1.64876e-08
1.72185e-07;0.998926;2.04085e-05;5.84545e-08;1.17629e-07;9.64168e-07;1.84778e-08;5.12689e-06;2.06601e-10;1.59567e-08;9.0378e-10;1.04013e-07;0.00104678;4.32655e-08
2.43099e-08;7.0731e-06;8.26799e-11;2.14725e-08;3.35316e-08;1.06076e-07;1.25114e-08;0.000111456;2.91135e-08;3.57358e-09;8.4917e-07;1.46605e-07;0.99988;2.71223e-09
2.39374e-06;3.07289e-05;7.12707e-08;4.04274e-06;1.45863e-05;4.55634e-06;1.62024e-09;2.3551e-05;3.21332e-06;1.09563e-07;2.88733e-05;0.996096;0.0037729;1.93482e-05
4.23354e-09;0.000105848;5.25026e-11;2.24331e-09;1.39808e-06;4.44408e-07;2.67239e-08;0.999794;5.71903e-09;5.72574e-08;1.33313e-08;3.86523e-11;9.82135e-05;6.73871e-09
4.95104e-13;7.52582e-13;1;1.4348e-11;1.7057e-13;1.02379e-12;7.73086e-13;3.19206e-14;1.29076e-12;1.19589e-11;1.13659e-11;1.69793e-10;6.92604e-14;7.73729e-12
4.67495e-06;0.000158081;0.00199677;4.22923e-06;2.89233e-06;6.0485e-06;4.72074e-07;0.000389353;6.91755e-07;5.14953e-07;1.12313e-05;0.997361;4.86709e-05;1.55307e-05
7.52336e-05;0.0127689;0.000126957;1.10655e-07;3.72872e-06;4.38688e-05;4.2908e-06;0.099355;0.0001142;1.6641e-06;8.60425e-05;1.37411e-05;0.887404;2.55169e-06
2.91879e-07;3.11206e-05;0.000158424;1.63772e-06;1.51647e-05;0.000299391;2.78186e-09;6.08178e-07;1.96586e-06;3.21822e-08;8.16439e-07;0.970628;0.0276323;0.00122979
6.74937e-05;0.969986;0.000482287;3.12149e-06;0.00118988;6.69306e-07;1.84154e-07;0.0059778;1.3295e-06;5.23693e-06;6.15101e-10;5.49e-09;1.9186e-05;0.0222669
5.88465e-08;1.63444e-05;5.97765e-09;1.36635e-10;2.23747e-08;3.12731e-09;9.8995e-10;0.999902;4.03505e-08;2.33418e-10;1.77822e-10;5.90073e-14;8.17327e-05;3.15399e-11
7.6609e-11;3.39171e-09;1;2.03204e-10;9.87354e-11;1.47421e-11;1.00739e-11;4.18697e-11;1.19708e-10;1.05367e-10;4.16581e-12;2.16372e-10;6.8866e-11;7.0907e-12
2.44022e-09;5.05463e-08;0.00372123;1.18001e-08;4.38295e-09;7.01537e-10;2.39181e-12;5.1165e-06;8.81011e-09;3.66965e-11;2.65691e-10;0.996272;3.29083e-08;1.62314e-06
4.86387e-06;0.0863998;5.33656e-05;3.3032e-06;0.000114744;0.000332143;1.73525e-07;0.0205234;3.95542e-07;1.87119e-05;3.62729e-08;0.00018928;0.892039;0.000320942
4.50641e-07;0.0128878;5.99107e-08;4.22822e-06;3.73015e-06;0.000500617;6.58771e-09;2.40815e-05;5.04265e-07;3.47317e-07;2.50264e-07;0.93443;0.0515187;0.000629518
6.9992e-05;0.9796;0.0190247;0.000143565;0.000159971;4.95287e-07;4.80165e-06;0.000124123;7.43724e-08;0.000781581;1.0916e-08;2.31392e-05;5.21618e-05;1.53288e-05
3.2734e-05;1.2948e-05;0.556244;4.05438e-05;3.61608e-05;4.32563e-06;3.14119e-06;0.442499;1.34944e-05;1.76911e-06;4.22911e-06;2.12428e-06;0.00110554;4.17722e-07
3.51152e-08;0.999978;2.39973e-06;6.16937e-08;1.2186e-07;6.67978e-08;8.71302e-11;1.39261e-05;5.99043e-12;8.17816e-09;1.56421e-11;3.32895e-09;5.32044e-06;1.86922e-07
8.45059e-12;2.6052e-10;1;1.61049e-11;1.58775e-11;3.49895e-12;2.11148e-11;2.03588e-12;2.47161e-12;5.02711e-12;2.02864e-11;7.70241e-10;9.87507e-12;3.50428e-13
2.45261e-11;4.10182e-08;0.998948;4.1706e-10;4.36261e-10;8.89452e-09;1.44544e-13;8.46888e-08;1.23594e-11;2.99113e-12;7.14775e-12;0.001052;4.05329e-10;8.22252e-09
5.80597e-08;0.00236663;1.45784e-07;4.84176e-07;0.0263211;0.511249;4.50751e-09;2.10145e-05;2.2336e-08;2.57537e-07;2.19168e-07;3.68402e-06;0.000957647;0.45908
1.55095e-06;0.0899283;3.25131e-06;3.66194e-05;0.00395629;0.0352419;8.54232e-08;0.00700822;8.45732e-07;1.39771e-06;2.45774e-05;0.768839;0.0658881;0.0290703
1.05236e-05;0.669559;2.1163e-07;2.08369e-06;0.000449785;0.000140067;1.06131e-08;0.328543;4.87905e-06;2.25431e-08;1.07966e-05;2.46857e-06;0.00127418;3.17624e-06
1.69985e-05;0.824471;2.51029e-07;1.50157e-07;1.04123e-07;7.06822e-07;1.70215e-08;0.000825144;4.64786e-09;8.06817e-08;2.5806e-08;0.00813343;0.166552;5.13793e-08
1.79065e-06;0.0189649;7.93971e-07;0.000108685;0.000340245;0.00141534;1.12537e-07;0.00775323;1.46944e-07;4.82146e-06;4.32808e-06;0.923983;0.0457625;0.00165968
0.000104727;0.883376;7.85261e-06;7.77894e-05;0.000105368;2.46527e-05;2.20183e-05;0.0134376;1.70863e-05;1.68675e-06;0.00103623;0.00350531;0.0981764;0.000107489
0.00541767;0.218907;3.28178e-09;0.0161534;0.000564005;5.81753e-05;0.000362503;0.037037;0.0760732;5.59434e-05;0.40313;0.0589079;0.181133;0.00219936
0.000429714;0.000838496;1.3423e-06;3.92792e-08;1.74145e-06;2.60246e-08;5.9584e-08;0.998695;8.86166e-06;5.3425e-08;3.6303e-07;1.83909e-06;1.46636e-05;7.83615e-06
1.09395e-06;0.00358117;0.000103056;1.52677e-07;0.000157815;8.88991e-05;4.72533e-09;0.000862881;6.34697e-08;3.0316e-08;7.03106e-07;0.9938;0.000733663;0.000670708
5.14765e-08;0.00647237;9.71589e-09;7.01265e-08;7.58581e-08;1.86937e-08;1.07106e-08;1.31304e-05;9.678e-08;1.14055e-08;2.03947e-06;3.52723e-05;0.993477;1.23814e-08
3.42267e-06;0.00359628;3.05207e-05;3.84778e-05;0.000292342;4.2167e-06;3.19139e-09;3.1812e-05;1.01986e-05;3.32745e-06;5.79589e-06;0.995673;0.000282505;2.82947e-05
6.26252e-06;0.999878;2.99412e-05;1.02588e-06;1.91537e-06;7.90125e-08;1.1006e-07;1.29658e-05;3.18424e-09;4.28128e-07;3.93594e-09;6.9553e-08;6.85863e-05;3.2423e-07
7.39637e-05;0.357255;1.29227e-08;0.000135945;7.28627e-06;5.61708e-05;3.55409e-07;0.0364648;3.63711e-05;5.98896e-06;1.38714e-05;0.000225861;0.605432;0.000292414
1.88422e-06;0.000237094;0.773894;1.00182e-05;2.42925e-05;7.188e-07;5.39005e-09;5.21348e-05;1.0724e-08;1.93752e-06;4.50568e-08;0.225754;5.60151e-07;2.40987e-05
1.65364e-05;0.355217;7.19114e-09;1.23463e-06;1.7185e-06;8.94657e-06;5.16777e-06;0.000100362;9.43289e-05;5.22057e-08;0.000272551;1.95306e-06;0.644276;4.24613e-06
4.56847e-06;0.993851;0.0042011;5.72152e-07;3.52527e-06;2.45438e-07;9.6949e-07;0.00038928;1.45159e-07;1.25619e-06;1.63924e-08;0.00130258;9.57202e-07;0.000243637
1.28969e-10;1.95655e-10;1;5.9457e-10;6.57832e-09;6.7889e-09;5.99517e-13;6.43608e-12;8.2769e-11;1.32927e-11;1.32971e-10;1.8225e-08;2.43968e-12;3.55596e-07
0.000121779;0.71309;5.67501e-07;2.65212e-07;2.84419e-06;3.03416e-07;1.84456e-06;0.282111;9.19947e-06;1.28046e-07;3.40122e-05;5.34447e-05;0.00455336;2.06345e-05
4.21223e-07;1.39461e-05;5.93543e-05;8.95233e-07;3.71192e-06;2.95643e-06;8.28879e-08;1.64099e-05;3.48537e-05;3.57365e-08;9.13636e-05;0.999404;0.000352572;1.92753e-05
2.41828e-05;0.00528713;7.95843e-08;1.5285e-05;7.07255e-05;5.26054e-06;2.50424e-06;0.018468;0.000458948;6.44898e-07;0.000647911;0.00320777;0.971804;7.1908e-06
0.000773255;0.207292;0.0600149;0.000340783;3.33211e-05;1.44676e-05;1.61314e-05;0.00832877;9.051e-05;5.13009e-05;0.000199166;0.657902;0.0438741;0.0210694
1.29753e-05;0.287256;2.94629e-07;5.81252e-06;3.26319e-06;3.49319e-06;1.63454e-06;0.712499;3.74341e-06;5.07311e-06;6.84947e-07;5.39161e-07;7.96594e-05;0.000128541
4.81306e-12;6.35542e-12;1;5.28867e-12;3.08224e-13;1.49901e-12;7.89593e-13;3.45044e-14;3.7282e-12;5.43464e-13;1.50044e-11;4.27024e-10;1.40563e-12;1.98576e-11
1.35818e-05;0.651954;0.000195911;5.04803e-06;2.01359e-05;1.83698e-06;2.89934e-06;0.0045117;4.0745e-05;3.79209e-07;6.1029e-05;0.279497;0.0626443;0.00105153
1.09562e-06;0.768262;6.37986e-08;2.33405e-06;9.81249e-06;9.21888e-06;9.32936e-07;0.00779427;1.25249e-06;9.76741e-07;9.21616e-06;0.220179;0.00339595;0.000333828
0.000100682;0.688449;2.39541e-11;1.93502e-05;1.55288e-05;4.7556e-05;9.17128e-06;0.305837;1.93207e-05;2.42511e-06;5.3923e-05;0.00153255;0.00387994;3.27299e-05
7.99617e-05;0.0156287;0.000412096;1.23183e-06;2.03369e-06;2.04287e-06;1.13587e-07;0.000137832;1.50293e-05;9.77302e-08;1.12444e-05;0.976456;0.00724925;4.38636e-06
9.51093e-06;0.000340227;9.29658e-08;1.26496e-07;2.18158e-07;5.36433e-07;3.41449e-06;0.000144422;0.000105635;1.04704e-07;5.01422e-05;0.000435477;0.99891;1.16709e-07
0.000125477;0.0780683;2.28564e-06;0.000217856;7.05102e-05;6.79221e-05;9.93361e-07;0.000727331;0.0026436;2.8719e-05;0.000548089;0.903663;0.0131606;0.000675609
3.38712e-07;0.00319641;9.98623e-09;7.91894e-09;0.000267572;5.15073e-09;3.15461e-10;0.996529;8.24837e-08;6.86681e-09;1.41573e-08;4.78774e-06;2.16966e-08;1.36373e-06
4.48753e-07;0.0193524;0.978334;5.69379e-06;3.13306e-05;1.23823e-05;0.000415573;2.76167e-07;1.24856e-07;0.00165954;3.58909e-06;1.98677e-07;2.3624e-05;0.000160575
2.45537e-09;3.52763e-08;1;6.30883e-10;1.47933e-10;4.00294e-11;7.90861e-08;1.96e-11;2.60085e-08;1.36837e-09;2.09791e-08;9.22405e-09;8.67274e-12;2.41762e-08
6.86188e-05;0.10777;0.0394732;6.26557e-06;3.09685e-05;1.94035e-06;1.04674e-06;0.00403341;1.19731e-05;7.37279e-07;2.93694e-06;0.82985;1.18092e-06;0.0187479
3.26692e-05;0.906756;1.13552e-05;1.65025e-07;0.00372542;3.99584e-06;1.3362e-07;0.0884402;3.73072e-05;1.06265e-06;4.97328e-07;0.000288952;0.000494915;0.000206945
9.22912e-05;0.0872302;0.478451;2.48269e-06;0.371475;0.00707703;2.74687e-09;0.00112794;6.95819e-07;4.54085e-06;1.79225e-07;0.0208342;0.0302641;0.00343962
7.24794e-06;0.99964;6.16824e-11;2.75988e-11;6.45467e-09;7.017e-10;4.21963e-06;0.000213101;8.74598e-08;9.94845e-08;5.33723e-10;6.5383e-10;0.000134458;1.30011e-06
4.51405e-13;1.55193e-13;1;5.54492e-13;5.18147e-11;3.16346e-13;3.21101e-14;5.83973e-12;5.92952e-13;9.8548e-13;3.09769e-14;3.81398e-11;1.30954e-14;5.37734e-15
4.22065e-05;0.00513931;2.17227e-08;3.44186e-05;0.000439342;0.00020266;7.9026e-07;0.943258;0.000491755;5.2998e-07;2.49352e-05;3.77071e-05;0.0503271;1.17882e-06
8.12165e-06;0.999927;1.97613e-05;1.87327e-05;6.92839e-06;1.31722e-07;9.61337e-08;2.73093e-06;7.05533e-08;2.21928e-07;3.06881e-08;5.79883e-06;2.59375e-06;7.32541e-06
2.20384e-06;0.949394;2.81267e-10;2.21016e-06;1.81551e-06;1.09551e-06;5.74053e-08;0.0497964;1.71065e-07;4.41409e-08;6.16838e-08;0.000246163;0.000555897;1.02414e-07
0.000112321;0.00472659;3.40866e-08;3.2886e-06;5.00576e-05;9.67757e-06;0.0025584;0.944733;2.06589e-06;7.23825e-05;1.2102e-05;5.05792e-05;0.0475522;0.000116904
1.55905e-06;8.95426e-06;0.000521597;2.08876e-05;0.00022333;1.26853e-06;1.64334e-07;0.000114495;7.3971e-06;1.66164e-07;2.5339e-05;0.998218;8.99417e-06;0.000847763
1.18666e-06;0.00243952;4.00852e-10;3.02712e-06;5.79173e-06;1.82452e-08;1.98366e-08;0.997528;3.94885e-06;2.20068e-08;3.35943e-07;9.86038e-06;2.75021e-06;5.33234e-06
5.37478e-05;0.991311;0.000346307;0.000196586;5.00904e-05;2.62418e-06;1.28822e-06;1.24748e-06;1.11213e-08;4.76101e-05;7.0332e-07;0.00111833;0.00675593;0.000114318
0.000113134;0.000512362;4.96106e-06;1.36211e-06;5.01497e-06;8.90679e-07;1.68201e-07;0.000237373;2.87386e-06;3.24754e-08;7.94069e-06;0.0767286;0.922385;1.8049e-07
5.02808e-06;0.000543043;2.00825e-06;9.28067e-06;0.00324481;4.47269e-06;1.37889e-08;0.996088;1.79345e-05;1.4494e-07;7.20792e-08;8.23874e-06;6.42849e-05;1.29783e-05
3.92786e-06;0.999353;0.000239268;4.16733e-06;7.15175e-06;1.28014e-05;3.34775e-08;1.98598e-05;4.42665e-10;1.65675e-06;5.52641e-10;1.55129e-08;0.000195176;0.000162732
7.27012e-11;1.37589e-11;1;3.91304e-10;3.57762e-11;5.31019e-11;3.94047e-11;7.11132e-12;1.99201e-10;2.01296e-11;1.90495e-11;9.53636e-09;6.61813e-12;1.33227e-09
2.12164e-07;2.32558e-06;0.996077;5.09139e-06;2.15113e-07;2.11361e-06;1.27577e-07;1.3118e-05;8.61706e-06;8.61505e-09;1.14354e-06;0.00378928;3.57219e-07;0.000100767
3.25191e-08;0.00102181;5.66427e-06;4.2892e-08;7.75791e-07;0.000232962;7.51771e-09;9.60701e-06;4.53246e-09;1.80434e-07;3.51141e-09;1.24667e-05;9.75457e-06;0.998707
1.4608e-09;3.4461e-05;1.45115e-09;3.37281e-09;6.55236e-11;3.52614e-08;2.43752e-08;1.49138e-05;1.82612e-08;3.76669e-10;2.77588e-06;2.04487e-05;0.999927;1.02482e-09
4.51271e-07;0.999153;1.39366e-10;1.14631e-08;7.99546e-10;2.12384e-09;2.067e-08;7.22895e-06;3.69176e-09;2.85573e-09;4.49453e-09;2.556e-07;0.000839173;5.24082e-08
1.91257e-06;0.00539047;0.000134801;3.48519e-06;6.58584e-05;5.10636e-05;3.78531e-09;0.00398769;5.48421e-09;1.72259e-06;5.20445e-09;0.985769;0.000899045;0.00369538
3.51167e-08;0.00277625;2.75843e-07;2.49737e-06;9.62367e-08;3.32261e-07;0.992849;4.53351e-09;1.30677e-07;0.00306289;9.40219e-07;6.48652e-11;3.52563e-08;0.00130701
1.11304e-11;4.63323e-13;0.999999;7.52846e-10;1.9334e-12;5.64298e-12;1.08906e-09;9.6639e-15;5.22808e-10;2.58221e-11;1.15009e-08;8.81821e-07;5.09585e-14;1.32239e-13
4.41041e-07;0.998628;1.4008e-11;2.97702e-08;2.34287e-08;4.1243e-09;0.0012829;6.79003e-05;1.01468e-08;2.2706e-06;1.05157e-07;2.68497e-11;1.28051e-05;5.98792e-06
2.94293e-15;1.79176e-14;1;1.09749e-13;1.12028e-13;9.86253e-14;1.30929e-13;4.09752e-16;2.9385e-15;1.42094e-13;7.2012e-15;1.36142e-09;8.35343e-16;1.31295e-13
1.16879e-06;0.914679;2.1058e-05;5.3067e-05;7.66947e-06;2.43434e-06;2.55516e-05;0.00630018;1.95008e-05;7.90229e-07;2.29874e-05;3.57225e-05;0.0760452;0.00278536
9.06755e-05;0.602621;0.00137515;0.000250389;2.10909e-05;5.63009e-06;3.71637e-05;0.334394;0.000285705;0.000185294;0.000119967;0.0097724;0.0482615;0.00258075
1.174e-07;0.0218749;3.68824e-06;2.33943e-06;1.19208e-06;7.80024e-08;1.21203e-05;0.000183157;2.1614e-07;7.56815e-06;4.36132e-06;0.977891;1.69719e-05;2.14547e-06
3.3483e-05;0.399384;3.2486e-07;0.000358264;2.87763e-05;1.22678e-06;0.0578538;0.00176391;0.00209399;0.000135553;0.235137;0.000676233;0.302532;8.39141e-07
2.64568e-05;0.0249035;0.609423;0.00115422;0.0120548;8.79401e-06;1.49446e-05;0.000566916;4.05185e-07;7.78891e-05;2.19051e-05;0.0034721;9.4771e-06;0.348265
7.40362e-05;0.810288;5.94163e-10;2.31892e-05;1.53417e-05;3.29797e-05;0.121458;0.00349145;3.07137e-05;0.000812729;7.51051e-05;1.36097e-08;0.0636936;4.90968e-06
9.77796e-11;9.13526e-11;1;7.33793e-11;3.14698e-12;1.8292e-12;7.8808e-10;5.63264e-12;1.36787e-09;7.86944e-11;4.02528e-09;1.09087e-09;4.98411e-13;1.53187e-12
6.06379e-05;0.270803;0.000745557;1.08545e-05;2.26906e-05;5.71921e-07;3.75745e-06;0.704237;9.52881e-05;3.524e-06;1.97925e-05;0.0238548;0.000133053;8.92384e-06
7.4638e-06;0.98534;0.000267133;1.75736e-05;0.0023144;0.00225259;8.12397e-07;5.98784e-06;7.14203e-09;0.000238871;8.69273e-07;0.00266517;0.00663719;0.000252112
1.97797e-05;0.000733514;2.19454e-07;7.6967e-07;0.000147339;2.21131e-06;4.83087e-08;0.000819346;5.41973e-06;1.73123e-08;1.74783e-05;0.99821;2.47994e-05;1.87747e-05
1.20575e-05;0.150087;1.27809e-10;1.43712e-06;0.000227237;0.000148327;3.32146e-09;0.846909;1.34046e-06;7.71838e-08;1.18624e-08;1.21021e-05;0.00152419;0.00107698
2.99842e-05;0.990452;2.60658e-08;8.9031e-06;2.2509e-07;2.01679e-08;2.64154e-07;0.00174449;5.78105e-07;1.08573e-06;4.94404e-07;5.73552e-05;0.00768406;2.09824e-05
0.000391432;0.010069;1.74102e-06;1.00902e-06;3.70531e-06;3.10855e-07;3.57967e-08;0.935664;4.93788e-07;2.68915e-07;9.8951e-08;0.0531809;0.000684758;2.34727e-06
7.97804e-07;0.0360246;7.11647e-06;3.97482e-07;0.000103294;1.52302e-05;3.81465e-07;0.00199633;7.96149e-08;4.96559e-07;1.28632e-07;0.938899;0.0125509;0.0104008
4.22894e-07;0.0146415;4.08308e-08;5.94892e-06;1.84299e-05;2.08662e-06;5.73725e-06;0.000540659;3.20438e-06;4.25759e-07;6.4092e-05;0.00013173;0.984585;1.27739e-06
3.38185e-06;0.904882;9.1594e-09;3.01651e-06;1.64916e-05;1.14806e-05;6.72425e-09;0.049339;1.49378e-06;2.74241e-07;2.41652e-07;0.0456664;4.11391e-05;3.5009e-05
3.25556e-05;0.956557;1.11676e-10;8.12115e-06;6.07415e-07;3.00948e-07;3.79965e-06;0.0318425;7.08457e-06;1.50362e-06;2.45908e-05;1.85046e-05;0.0114797;2.3398e-05
0.000833768;0.531227;0.00231034;1.05879e-05;3.08959e-05;5.68859e-07;2.39915e-05;0.0458388;0.000592552;3.75242e-06;6.54564e-05;0.418996;6.52147e-05;6.6722e-07
0.000318058;0.0169447;1.60815e-07;0.00735786;0.00698412;0.00158735;2.27062e-06;0.0132454;0.0066853;5.61424e-06;0.00064656;0.586968;0.146175;0.213079
4.38037e-06;0.986771;1.91532e-10;1.19406e-08;3.22365e-08;5.34709e-11;1.30146e-08;0.0132229;1.3752e-06;1.55393e-08;1.55239e-08;1.85035e-09;5.21257e-07;1.30455e-08
2.08636e-06;0.000999486;0.0525467;1.35908e-06;0.00614248;1.4094e-05;1.57444e-10;8.00865e-05;2.31971e-08;6.20032e-06;5.75361e-09;0.940004;8.32489e-05;0.000120157
1.38528e-07;0.996893;1.15327e-13;2.18369e-09;1.26074e-08;5.33105e-11;5.47055e-07;6.47617e-05;9.61976e-07;8.49022e-08;9.84657e-08;3.97693e-08;1.22066e-08;0.00304023
0.000488781;0.182044;6.65816e-05;0.00106964;0.00521529;3.75478e-05;0.103372;0.385398;0.215627;0.000270715;0.0293307;4.48128e-07;0.0764819;0.000598066
3.6993e-08;0.99997;1.87284e-07;8.6104e-08;3.16747e-07;6.84545e-10;2.69253e-10;2.42409e-05;4.20264e-10;2.45651e-09;3.00369e-10;2.20159e-06;3.19581e-06;4.19658e-08
1.66004e-06;0.988922;2.18346e-05;2.66958e-05;1.94162e-05;7.53099e-06;2.33574e-07;1.76436e-07;3.12581e-10;3.94763e-06;8.49335e-08;0.000199415;0.0107856;1.17584e-05
2.95393e-07;0.000259123;5.75047e-07;2.49737e-08;1.44231e-07;3.70513e-09;5.41217e-09;0.00029218;3.94566e-08;1.05111e-09;2.38433e-06;0.999445;3.85085e-07;9.39918e-09
1.37089e-08;0.999793;3.41025e-06;3.54687e-07;7.32839e-06;5.69316e-07;3.19416e-05;7.22328e-07;3.16615e-10;9.30282e-05;1.8742e-09;6.20391e-09;7.02062e-09;6.97867e-05
3.03043e-07;1.42674e-08;0.999966;2.01925e-08;9.91887e-09;6.59698e-08;2.3538e-08;1.27645e-08;1.36985e-07;2.33039e-10;2.02895e-07;4.17997e-06;2.89739e-05;1.54919e-09
0.00011526;0.599159;5.3453e-07;2.14161e-07;1.83288e-07;4.60316e-06;3.53027e-07;0.17546;3.76743e-05;2.35505e-07;1.00971e-06;4.37203e-06;0.225215;1.54791e-06
1.46271e-09;5.22479e-05;2.93828e-07;9.15378e-09;5.95286e-07;1.51404e-08;1.05179e-11;1.89619e-07;3.09031e-09;6.95718e-10;1.68888e-09;0.999942;1.66171e-07;4.98395e-06
1.27922e-07;0.900806;2.63464e-09;4.04347e-09;1.17719e-07;4.50269e-10;1.7064e-08;0.0989104;7.0444e-07;2.72946e-09;2.97003e-08;1.93059e-08;0.000282751;7.11314e-10
0.000105322;0.00841699;0.382431;0.00415612;0.0268182;0.0030614;4.68712e-06;3.28899e-06;4.95238e-05;0.000925599;1.19757e-05;0.494376;0.00101119;0.078629
0.0754426;0.810104;0.000217282;5.57267e-07;2.27779e-06;8.92985e-08;6.76115e-05;0.0787391;0.0271578;4.67891e-07;2.12314e-05;0.00101672;0.00723061;2.39987e-08
0.000213135;0.166045;2.44521e-07;0.000618607;0.00260622;0.000319757;2.63521e-07;0.0847317;0.0703197;2.71447e-06;0.000277766;0.269579;0.253821;0.151466
3.55952e-07;0.987361;1.15068e-10;8.08968e-08;6.1721e-06;2.62106e-09;1.53644e-08;0.0126252;1.24503e-06;2.0865e-07;1.85301e-08;2.0268e-08;6.75468e-07;5.36812e-06
1.72579e-05;0.00197216;0.0383884;4.21085e-06;0.1969;5.67867e-06;3.52277e-09;1.16071e-05;3.3478e-08;5.11014e-06;4.00988e-08;0.762461;6.86303e-06;0.000227603
4.66048e-06;0.999386;2.56075e-12;6.47e-09;1.61891e-08;1.09824e-10;3.37564e-06;0.000122163;2.50361e-05;1.40442e-07;8.10296e-07;2.27124e-08;9.1311e-08;0.000457677
4.76783e-05;0.00183653;1.3306e-08;9.0841e-06;5.22009e-06;1.75008e-07;0.0474912;0.00691527;0.939296;3.04151e-05;0.00432937;4.63836e-08;3.61762e-05;3.28923e-06
5.49838e-08;0.999988;2.79311e-08;4.71483e-07;7.30451e-08;6.34017e-10;8.22045e-10;5.66373e-06;3.79417e-08;5.41052e-09;1.29554e-09;4.98436e-06;7.6134e-08;3.70104e-08
4.36165e-06;0.000125922;4.9358e-11;6.19848e-09;2.60887e-07;1.38772e-09;3.19573e-08;0.999863;4.40372e-07;1.44004e-08;1.84949e-09;4.32862e-09;5.6122e-06;1.00308e-08
2.68236e-07;0.000853145;2.33319e-06;1.17874e-05;0.000281791;0.000143943;2.69904e-07;0.00208759;1.22794e-06;8.87803e-06;1.39106e-07;7.62816e-06;4.07168e-05;0.99656
3.98352e-10;3.31745e-08;1;1.11714e-09;1.29644e-11;1.15328e-11;1.69003e-08;2.08711e-09;8.40991e-09;1.69288e-10;1.10554e-08;5.77863e-12;2.09413e-08;1.50367e-10
1.66601e-09;1.53981e-06;0.999992;1.4129e-07;8.99456e-09;7.16734e-09;3.32877e-09;3.58873e-06;2.57402e-08;1.81072e-09;1.03549e-08;1.75146e-06;1.03421e-09;8.04553e-07
5.23104e-10;3.49017e-05;3.67899e-08;1.24858e-08;1.84493e-06;1.7712e-05;9.98213e-12;2.21342e-07;1.29768e-11;5.1907e-09;2.75053e-11;9.63949e-08;9.22238e-09;0.999945
1.57631e-07;0.974979;1.24518e-07;7.5196e-07;7.31756e-07;3.6069e-07;3.09585e-07;0.00014515;2.02004e-08;1.113e-08;3.55869e-05;0.00663009;0.0182075;9.5808e-08
4.06897e-07;0.99324;8.57151e-08;7.214e-06;2.53201e-07;1.58681e-05;1.91782e-08;0.00600857;8.54309e-08;1.18625e-07;2.59799e-07;2.32905e-08;0.000677926;4.90337e-05
2.44229e-06;0.954857;3.17587e-07;8.7456e-05;3.18398e-06;7.97736e-05;9.68418e-09;0.000106526;3.1225e-08;1.33172e-06;5.14653e-07;0.00551557;0.0370479;0.0022986
9.69684e-05;0.000288428;5.16648e-05;3.05953e-05;0.072326;1.3227e-06;6.04302e-08;0.927014;1.9317e-08;3.19868e-06;1.10617e-08;2.69188e-06;8.03864e-05;0.000105102
1.79943e-06;6.06845e-05;0.999774;0.000139049;2.65762e-06;7.80988e-07;1.46427e-06;2.70087e-07;3.48664e-07;1.11028e-05;3.61707e-06;4.08855e-06;6.00271e-08;5.87622e-07
0.000220089;0.000180633;2.45937e-07;7.48164e-05;6.57952e-09;4.04015e-08;0.000611682;1.86073e-06;0.0723675;6.17621e-06;0.916658;0.00987614;2.55552e-06;2.73695e-08
3.01369e-06;0.999953;3.68751e-09;1.16685e-07;3.31699e-09;4.36645e-11;1.89516e-07;1.99733e-05;7.95215e-08;9.8514e-09;1.65294e-07;3.83515e-06;1.951e-05;1.84435e-10
8.88406e-07;1.48844e-06;7.40796e-10;7.40764e-08;9.10755e-07;8.14487e-11;8.95536e-11;0.999994;5.02305e-08;1.05845e-08;5.31752e-09;1.90343e-06;3.13528e-07;9.30994e-09
8.77903e-07;0.000164355;0.999488;9.66275e-05;7.84489e-07;3.13386e-07;3.49476e-08;2.89378e-09;1.72908e-08;6.88636e-05;1.56647e-06;0.000173023;1.70987e-06;4.04839e-06
0.000430839;4.18132e-05;4.63341e-05;1.30502e-05;3.58824e-07;4.47339e-07;0.0001048;2.91079e-05;0.0516481;4.90423e-06;0.947281;0.000101102;0.000297756;8.27978e-08
