3.46696e-06;0.995711;0.000543874;3.80195e-06;3.78572e-06;3.65268e-07;8.54893e-08;3.82881e-06;1.0764e-09;1.18058e-06;1.05101e-07;4.83659e-05;0.00363827;4.22591e-05
6.59684e-06;0.0131751;2.01316e-05;1.09548e-06;9.93562e-06;4.61256e-06;2.23278e-06;0.000606385;1.26627e-06;6.56228e-07;2.10182e-05;0.985751;0.00022453;0.000175106
3.34606e-06;0.0440912;5.87281e-07;2.55625e-05;0.000215136;0.000227814;5.72232e-05;0.00657689;0.000117414;8.56064e-07;0.000808032;0.000123218;0.94775;2.54622e-06
0.000151269;0.00372878;0.88983;0.000158933;4.06246e-05;7.64434e-07;5.7167e-06;9.22414e-06;2.46872e-06;7.31098e-06;8.40626e-06;0.102577;0.000287745;0.00319135
0.000434038;0.695856;1.98079e-07;0.000207203;1.17209e-05;2.60199e-05;1.24572e-05;0.253502;0.0138787;2.87912e-06;0.00299202;0.000145542;0.0327126;0.000218638
0.000210282;0.450789;0.000931897;1.73646e-05;2.49909e-05;8.65008e-05;1.02301e-06;0.113535;4.23267e-05;8.46613e-05;1.68438e-05;0.184542;0.224283;0.0254349
2.56873e-09;0.000216478;1.46356e-08;9.8159e-10;7.80855e-08;3.07998e-09;1.85154e-11;1.74238e-07;1.24532e-10;3.95914e-11;4.9768e-10;0.999782;1.16197e-06;4.88163e-08
4.32151e-07;0.691421;4.67678e-06;2.9801e-08;3.18364e-06;1.43496e-06;4.73401e-09;0.00324883;3.03386e-08;2.05479e-09;6.73136e-09;0.00111952;0.304197;4.11155e-06
2.40108e-05;0.0648627;7.42338e-06;0.000967242;0.223549;0.0266012;1.17102e-05;0.403341;0.000161654;0.00103515;1.05807e-05;0.0274359;0.0145455;0.237447
0.00281896;0.844623;7.23123e-07;6.44995e-05;4.84113e-05;3.90321e-06;0.00010215;0.045103;0.000235325;6.28028e-06;5.89151e-05;0.00148212;0.105318;0.000134324
0.000179114;0.996647;1.65332e-09;1.77334e-07;1.12659e-08;3.01197e-09;7.22163e-07;2.47909e-07;9.15478e-06;1.52076e-08;2.77469e-07;0.00278038;0.000382268;5.55591e-07
1.61333e-05;0.113722;2.14451e-07;2.24038e-05;9.41994e-06;0.000142134;4.53863e-08;0.00847746;1.11213e-05;1.6069e-06;3.49591e-07;0.853847;0.0236264;0.000123672
0.000149285;0.568174;0.00100203;0.0373221;0.00908949;0.0519204;4.84898e-05;0.0638024;0.000187713;0.000198123;0.00623952;0.102911;0.0968198;0.0621348
0.000497515;0.315722;9.48792e-07;0.00314211;0.00291224;3.43752e-05;0.000424621;0.412496;0.00573098;2.38503e-05;0.0826965;0.00422832;0.172073;1.71984e-05
0.000412617;0.214807;6.59588e-05;2.61441e-05;8.53433e-05;3.33647e-06;1.39823e-05;0.752851;8.93329e-05;3.23471e-05;3.29247e-05;0.00226616;0.0292801;3.41962e-05
3.76941e-08;0.000122957;3.90278e-06;1.65856e-08;2.74128e-06;2.83805e-07;2.55599e-09;5.49063e-06;3.8279e-09;1.89722e-08;3.00685e-08;0.999844;1.6582e-06;1.84261e-05
7.13709e-08;0.975818;2.28874e-08;1.64773e-07;2.59969e-07;7.56597e-08;3.16392e-08;0.00114869;8.3742e-07;1.8186e-08;4.71499e-06;8.46311e-05;0.0229424;1.56081e-07
8.42286e-07;0.0160071;7.44922e-07;2.76232e-07;6.22549e-06;1.80226e-07;4.92677e-09;0.00102602;1.15522e-05;1.92812e-07;6.4687e-07;0.98283;1.83441e-05;9.77576e-05
0.00862684;0.554313;9.4174e-05;3.68718e-06;0.000920444;0.000526887;0.000150738;0.286511;0.00920285;3.55419e-05;0.000193505;4.71383e-05;0.139258;0.000116012
0.000145568;0.000591222;1.15117e-05;5.55387e-07;9.60655e-05;8.57597e-08;4.37463e-07;0.998371;0.000506861;1.1793e-07;3.45652e-06;9.62345e-05;0.000176653;3.27769e-07
0.000162219;0.873156;2.36423e-06;0.000871354;0.00029082;0.000122692;1.74843e-07;0.0117494;0.00763058;2.82929e-06;7.28594e-05;0.103424;0.000519521;0.00199511
2.41668e-06;0.0445254;1.23924e-12;9.54488e-08;1.10595e-06;6.14656e-09;5.63803e-08;0.9553;1.88072e-06;1.77988e-07;1.68396e-07;4.54304e-07;0.000168307;3.42377e-07
5.74467e-06;0.000103049;1.28088e-06;4.27133e-07;2.93105e-06;2.72152e-08;1.37572e-07;0.00134977;3.17149e-06;9.35444e-08;7.46092e-07;0.998264;0.000268555;1.49811e-08
6.95532e-05;0.981625;5.85054e-08;1.31171e-07;3.91531e-08;5.59614e-08;0.00265788;0.00671002;0.000589039;4.26843e-06;1.47966e-05;1.43345e-10;0.00832526;3.90696e-06
7.66573e-09;6.50361e-10;1;1.62515e-09;3.54707e-11;1.66124e-11;2.19075e-08;1.04648e-10;1.09392e-07;1.59289e-09;1.49212e-08;6.08564e-08;1.1548e-11;2.6021e-11
2.56818e-05;0.00483047;0.00356441;6.02459e-05;1.22221e-05;1.14861e-06;3.1191e-07;0.0388373;0.000508473;1.98591e-06;1.25216e-05;0.952001;9.59916e-07;0.000143089
0.000175424;0.922708;8.62316e-05;0.00105181;4.9761e-05;0.000183271;9.63983e-06;0.00242858;0.0336089;0.000167485;0.00693624;0.000447186;0.0320658;8.20243e-05
4.10443e-06;0.0434157;0.00447913;4.25375e-07;4.59704e-07;5.04743e-09;1.74679e-08;3.69076e-07;6.36518e-09;2.11141e-07;3.26462e-08;0.952096;3.12999e-07;3.32649e-06
3.04022e-06;0.977192;4.93499e-09;4.34952e-05;9.51327e-05;3.03431e-06;0.0185781;0.000172613;6.24127e-06;0.00176285;5.86337e-07;8.6663e-06;1.32115e-05;0.00212129
1.834e-07;1.57526e-06;0.999744;7.27612e-07;4.65415e-08;6.12298e-07;3.50449e-08;2.85055e-06;5.74633e-08;2.83881e-09;9.76903e-07;1.40848e-07;0.000248637;4.06116e-10
5.51508e-07;0.999757;0.00014853;1.49979e-07;1.00924e-07;1.05375e-08;2.68178e-09;8.64959e-05;2.66757e-10;2.14013e-08;7.90779e-10;1.828e-07;5.41749e-06;1.41133e-06
4.23094e-05;0.217904;2.02349e-06;0.00187721;0.00156842;0.000612921;9.22152e-08;0.000817442;0.000512754;5.08743e-05;4.99713e-05;0.773938;0.000111276;0.00251345
6.98288e-06;0.00262065;2.13071e-14;3.76603e-08;2.04258e-05;2.48639e-08;1.18599e-08;0.997345;6.06389e-06;2.32595e-08;1.07235e-07;2.58713e-08;1.05626e-06;9.72441e-08
5.93253e-05;0.000347868;4.49221e-07;6.98539e-08;3.46586e-06;1.19561e-08;4.29483e-08;0.000274204;5.18551e-06;1.69232e-08;4.73295e-08;0.989583;0.00972631;6.48856e-08
0.00011491;0.697905;1.47731e-07;6.76049e-07;1.25806e-05;7.38439e-06;9.14217e-06;0.0212818;0.000928632;1.69355e-06;1.33079e-06;9.1458e-10;0.279624;0.000112641
3.46275e-10;1.97966e-10;1;8.07477e-10;3.65448e-11;1.20088e-11;4.23799e-11;5.84074e-12;8.929e-09;1.38998e-10;1.55303e-10;9.23815e-09;2.18084e-12;2.28009e-11
1.47758e-05;1.91654e-05;7.91192e-06;0.000438133;9.22303e-07;1.96257e-06;1.82389e-07;2.97651e-05;0.0461793;2.26691e-07;0.00119875;0.952102;6.57474e-07;6.6078e-06
7.23024e-05;0.999335;2.5741e-05;1.98875e-06;1.5819e-07;2.39677e-08;4.97294e-07;0.000309224;5.52859e-05;1.46862e-07;0.000156242;8.09282e-06;3.45062e-05;3.4323e-07
3.13494e-08;0.000331289;1.26123e-08;6.13126e-09;4.97611e-05;4.57419e-09;8.92763e-12;0.999528;2.19193e-10;4.80831e-09;3.93516e-11;2.85391e-06;5.33161e-08;8.74761e-05
1.83067e-07;3.56625e-05;0.999439;1.77406e-06;3.26832e-05;3.69672e-06;1.06833e-08;3.24612e-07;5.87279e-10;5.99726e-07;1.39653e-08;0.000474032;1.06269e-05;1.99649e-06
6.70848e-05;0.0237931;1.86414e-05;9.64098e-05;1.5225e-06;1.777e-05;1.92696e-05;0.358217;0.00347648;3.59768e-06;0.00737933;0.00027901;0.60663;9.26263e-08
