1.26304e-12;9.06261e-13;1;6.47092e-12;2.42524e-12;1.50186e-12;6.73013e-12;4.56796e-13;3.17434e-11;1.21333e-12;8.13859e-12;2.69533e-11;1.52509e-12;1.65423e-12
4.99874e-11;2.53619e-11;0.999994;7.2989e-10;1.6791e-10;1.81191e-10;4.94167e-12;5.93138e-08;6.50728e-10;1.22566e-12;9.45252e-11;5.77306e-06;1.06679e-11;4.94433e-09
3.62988e-09;0.00010101;6.71738e-06;1.46321e-08;3.96602e-06;9.74223e-05;7.26502e-12;1.53689e-07;6.19647e-10;2.09216e-09;7.6844e-10;9.73943e-07;3.93011e-08;0.99979
1.13112e-07;0.0136437;3.17168e-09;8.76452e-08;5.93043e-07;5.54831e-07;5.53732e-08;0.00655658;2.94275e-07;4.46962e-09;0.000153248;0.00018589;0.979459;1.68516e-08
4.36175e-08;0.999045;1.69339e-05;1.44845e-07;5.56667e-08;5.02612e-06;5.8737e-10;1.26936e-06;9.19618e-12;5.28758e-08;2.54299e-09;8.13563e-08;0.000929572;1.75285e-06
3.37013e-08;0.000114562;5.90399e-07;1.15006e-08;8.91182e-09;2.9933e-09;9.27363e-09;0.000182561;5.65323e-09;1.04554e-09;3.25392e-07;0.999673;2.8537e-05;2.75581e-09
8.97795e-07;0.971883;1.18906e-07;0.00142585;0.00442597;0.003323;3.16329e-07;0.0018855;3.52107e-06;4.55758e-07;8.03291e-05;4.35632e-05;0.0166967;0.000230875
6.42193e-06;0.000115649;3.29201e-07;4.9603e-07;1.169e-06;1.55575e-07;5.13559e-08;0.000261581;1.56201e-07;2.6046e-08;4.00431e-06;2.7578e-05;0.999574;8.47061e-06
3.75229e-08;0.9983;8.05349e-09;1.14025e-08;1.0354e-08;2.28699e-09;1.11215e-05;1.08633e-07;7.43499e-10;6.20948e-06;4.18736e-09;3.32389e-11;9.53914e-07;0.00168188
2.11984e-13;2.35648e-13;0.999991;1.14269e-11;1.77368e-10;9.13983e-11;9.67041e-13;1.5779e-12;1.34844e-12;3.17005e-12;2.97902e-12;9.18044e-06;8.7045e-15;1.0805e-09
2.04463e-06;0.906382;1.11764e-10;2.77854e-06;3.15898e-06;1.22209e-05;8.54493e-05;0.00191721;4.04017e-05;1.13455e-06;8.623e-05;1.47243e-08;0.0914638;3.75816e-06
1.19146e-05;0.032219;0.000485016;1.58177e-05;5.6808e-08;1.38551e-07;5.43028e-06;0.0414895;1.72807e-05;8.1055e-07;0.000379348;0.925107;0.000265127;3.21814e-06
0.000133483;0.171193;4.74587e-05;0.00222699;0.00332015;0.014117;5.72361e-05;0.740747;7.46743e-05;0.000748125;0.000172571;0.00129592;0.0461875;0.0196792
0.000497576;0.0096161;2.15209e-08;7.2351e-05;5.28106e-05;0.00247039;1.63213e-06;0.0675929;7.11305e-05;1.83985e-06;8.8466e-05;0.458907;0.460382;0.000246248
5.90486e-06;0.513977;3.99884e-10;2.8306e-07;1.05483e-08;1.37717e-07;1.78021e-06;0.000542342;1.33732e-06;3.67549e-07;3.83392e-07;4.61526e-08;0.48547;1.69044e-07
6.22744e-05;0.00043813;1.04192e-08;0.0334559;0.0760104;0.541647;1.0872e-06;0.00327275;0.00146587;0.000175919;0.000959033;0.299819;0.000453604;0.0422385
0.000106191;0.00438308;4.97506e-09;6.82261e-09;2.9707e-10;1.29437e-09;1.19316e-07;6.13281e-07;1.54692e-08;3.68681e-09;1.05001e-07;1.88507e-05;0.995491;3.36901e-12
5.29136e-09;0.000101981;1.21383e-07;5.12851e-09;9.91971e-07;2.92255e-08;3.63175e-13;3.41725e-07;5.05755e-10;1.15151e-11;6.87804e-11;0.999885;4.5978e-07;1.13193e-05
1.10348e-07;0.999972;4.69729e-10;5.15009e-09;2.14308e-08;6.87536e-11;2.37251e-05;4.28164e-07;2.66944e-06;6.57417e-07;5.79869e-09;3.72115e-08;5.55962e-07;5.9385e-08
1.11111e-05;1.26672e-05;0.999554;1.91259e-05;9.55614e-06;8.78601e-06;7.04051e-07;1.34695e-05;0.000312381;6.45488e-07;9.19998e-07;7.44786e-07;3.07242e-05;2.54731e-05
1.10665e-06;0.999979;4.95023e-08;8.50511e-08;1.73307e-07;4.06973e-09;5.2561e-11;5.51938e-06;1.92108e-09;1.95222e-09;7.99684e-11;1.30756e-07;1.39017e-05;3.55178e-07
1.86252e-08;0.999993;6.71029e-11;3.86919e-09;8.35688e-10;9.13986e-11;4.46159e-07;4.65437e-07;1.00386e-09;1.31859e-06;3.02363e-11;6.60738e-12;8.02642e-07;4.35016e-06
8.04577e-14;4.5738e-13;0.999998;7.78018e-12;1.373e-11;6.93707e-13;3.11055e-13;1.19948e-14;4.73191e-13;2.22647e-12;3.42978e-13;2.16749e-06;1.36237e-17;3.78578e-11
5.20015e-06;0.961967;5.042e-09;5.85228e-06;6.53649e-06;1.34053e-06;0.000105644;0.000658223;0.000376963;1.67834e-06;5.30355e-05;7.94634e-08;0.0368095;8.68143e-06
2.33478e-07;0.966188;1.25835e-08;7.61704e-08;8.0464e-07;4.15314e-09;1.17973e-06;0.0335365;1.2356e-08;3.52466e-07;2.48842e-08;0.000248794;2.05652e-06;2.15295e-05
4.17088e-06;0.00702524;0.194415;0.000148767;0.177603;0.018753;9.73265e-08;0.00609718;4.00037e-09;4.31378e-06;1.57183e-07;0.553526;0.0282455;0.0141782
0.000284465;0.0496729;1.3609e-06;4.95654e-07;2.037e-06;0.000590582;6.38933e-05;0.180764;2.58323e-05;6.51762e-07;7.93898e-06;3.44421e-07;0.768575;1.03751e-05
1.09829e-09;1.65047e-09;1;3.28722e-10;2.58006e-11;8.66575e-10;1.37944e-10;2.28453e-11;4.93369e-09;5.63673e-11;4.91368e-10;2.12488e-08;9.3321e-13;1.53532e-10
1.75305e-06;6.4996e-05;3.80372e-05;1.60046e-06;1.89469e-06;2.03919e-05;4.90937e-09;4.96848e-05;2.58677e-05;6.34348e-09;1.88041e-06;0.999325;1.87843e-06;0.00046685
1.2952e-05;0.644978;3.32561e-08;2.06452e-08;2.63894e-07;2.86586e-06;5.48937e-07;3.82465e-07;4.0335e-07;2.11089e-08;3.14736e-06;8.21317e-06;0.354993;3.18246e-07
1.53593e-10;2.39547e-06;4.77415e-07;3.39395e-10;3.41413e-06;5.2407e-08;3.00376e-12;5.25464e-07;2.87596e-10;2.22629e-12;2.523e-09;0.999993;2.47555e-08;4.65541e-08
3.95039e-09;0.998169;4.47737e-10;5.10207e-11;5.14319e-09;4.80678e-08;2.06351e-07;1.36064e-06;7.01876e-11;2.14077e-09;3.27814e-11;6.92857e-11;0.00182944;4.16786e-08
9.03657e-13;2.45871e-12;1;1.00351e-11;1.25711e-11;7.15189e-10;5.16689e-14;4.21059e-11;2.56654e-13;2.10421e-12;4.42928e-13;1.10631e-07;2.54624e-09;5.26012e-12
7.38079e-05;0.01565;1.34435e-05;0.00119429;0.000149858;0.000186061;2.87507e-05;0.221978;0.00702663;4.74888e-05;0.00424384;0.124316;0.625068;2.35268e-05
6.53607e-07;0.999474;0.000270717;1.33385e-06;1.83639e-05;4.22285e-07;3.14877e-09;0.000164265;8.26973e-10;9.07709e-08;1.30914e-08;2.54735e-05;4.16994e-05;2.58114e-06
2.35963e-09;0.999987;3.27161e-12;1.635e-09;8.26026e-09;1.72049e-10;2.12442e-06;2.38635e-07;3.03991e-11;1.20232e-06;6.9759e-11;1.01152e-11;5.42161e-07;8.97219e-06
1.12708e-13;1.81984e-13;0.999997;6.03433e-12;1.35214e-10;2.00989e-12;7.75074e-13;1.96408e-13;5.18197e-13;1.4388e-12;2.82056e-12;2.75335e-06;1.79262e-16;2.30985e-11
2.36899e-06;0.736548;1.22467e-08;8.31017e-07;7.59787e-06;1.22035e-06;4.66206e-05;0.00249607;0.000585955;2.4896e-07;7.22538e-05;4.08409e-08;0.260233;5.41192e-06
4.41214e-06;0.0256179;6.20177e-05;7.96027e-07;3.19333e-05;2.69596e-06;1.17132e-07;0.00565449;1.88879e-06;6.72504e-07;6.28287e-06;0.965893;0.000589394;0.00213454
4.05437e-07;0.586307;4.17278e-13;4.55594e-08;3.08548e-06;7.40239e-06;0.000498381;3.88912e-06;2.24995e-09;0.000140254;4.53289e-09;2.45509e-10;4.29738e-05;0.412996
3.20914e-11;5.01709e-12;1;4.42429e-12;1.59573e-12;7.7185e-12;7.4643e-11;2.96754e-11;8.40729e-13;4.20596e-11;1.4368e-12;1.78086e-09;5.94146e-12;1.25373e-12
0.000382268;0.0161308;2.86217e-06;0.00118904;0.00615166;0.014731;0.00415539;0.01647;0.255627;0.000207899;0.262601;0.00776899;0.414304;0.000277439
2.10632e-05;0.951651;0.0310964;0.000332884;0.00423735;0.000637833;6.2031e-07;0.000282486;3.26605e-06;3.69298e-05;1.37768e-05;0.00137625;0.000720728;0.00958902
7.40307e-06;0.00204638;1.67695e-06;2.06214e-05;4.26061e-05;2.00959e-05;1.96145e-05;0.000461632;2.82989e-06;3.18842e-06;7.22869e-05;3.65412e-06;0.99727;2.8121e-05
7.12672e-06;0.000297563;1.07738e-05;0.0163766;0.0156219;0.0462805;1.35328e-07;0.000370931;2.62699e-05;9.10696e-05;0.000213499;1.37233e-05;0.000117476;0.920572
0.000379586;0.982306;2.19256e-08;3.69301e-07;5.18667e-05;5.51484e-09;1.5483e-07;0.0172018;1.6694e-07;7.72472e-07;1.29222e-07;8.6378e-06;4.71649e-05;3.44427e-06
8.93705e-06;0.000706692;0.00681041;2.56432e-06;0.000373591;4.00125e-06;3.53993e-07;1.23201e-06;2.20755e-08;7.42013e-06;1.2221e-08;0.991681;6.47753e-06;0.000397692
0.00019639;4.72449e-06;5.23218e-08;1.8665e-07;4.59202e-09;3.09746e-09;8.60444e-05;1.01131e-05;0.999246;2.86634e-08;0.000420732;3.91832e-08;3.52107e-05;3.08029e-09
2.46e-05;0.0280355;2.13423e-10;2.37927e-09;7.05101e-08;4.567e-09;1.0726e-08;0.971142;1.0631e-05;3.12469e-09;4.85897e-08;0.000131462;0.000655923;1.19689e-09
6.03402e-09;0.000299214;1.57988e-08;4.62463e-07;7.16634e-06;2.13058e-07;1.59041e-10;0.00200004;8.26587e-09;2.58735e-08;1.20229e-09;0.997492;2.50962e-05;0.000175385
2.197e-05;0.921083;4.89671e-05;2.63215e-05;7.21043e-05;0.000472214;0.000180125;0.0149108;0.00021228;7.43738e-06;0.000412803;0.000353354;0.06216;3.89685e-05
7.31454e-06;0.0121226;2.45094e-08;4.88434e-06;4.46104e-06;2.16177e-06;2.17015e-05;0.000975373;4.02543e-05;9.37932e-07;4.41081e-05;0.000241329;0.986531;4.24407e-06
0.000121453;0.00053711;3.32598e-08;3.42279e-06;6.39671e-05;8.15419e-07;2.95889e-07;0.992901;0.00616056;2.019e-07;3.34818e-05;7.64203e-05;9.54453e-05;5.6016e-06
0.00255948;0.228711;5.24056e-05;0.000248467;7.22061e-05;1.16008e-06;7.86638e-07;0.032502;0.00205234;2.64859e-05;6.86578e-05;0.543419;0.190268;1.82422e-05
0.000262153;0.107341;5.42701e-05;4.76714e-05;1.2306e-05;1.2874e-07;1.54569e-05;0.00103025;0.000699789;3.72722e-05;0.000468854;0.889985;3.36511e-05;1.24167e-05
8.43266e-07;0.712853;1.24357e-12;1.85694e-07;1.96675e-07;8.34981e-07;0.000358619;9.05743e-06;6.56462e-08;0.000107746;1.8817e-08;4.23738e-11;0.00016063;0.286509
2.736e-12;1.22005e-13;1;1.36739e-11;1.68495e-11;7.0225e-13;3.79709e-11;1.09567e-11;3.78339e-12;7.04991e-11;3.09255e-12;4.69319e-11;3.81059e-14;1.2209e-13
2.50678e-05;0.00672961;4.32505e-05;0.000824493;4.37518e-05;4.33046e-05;0.00329814;0.00162784;0.713504;0.000146052;0.272163;9.21827e-05;0.00145107;7.94681e-06
