3.81133e-07;0.00262264;4.59088e-09;4.22574e-07;1.95288e-07;6.45518e-07;3.632e-08;0.000615017;2.60649e-07;2.49207e-08;3.17995e-07;4.20388e-07;0.99676;3.89782e-08
5.65047e-07;4.14463e-05;5.02288e-11;2.58761e-06;9.23638e-06;1.07608e-05;4.30368e-10;0.011992;3.09766e-08;2.77836e-08;1.29657e-07;0.987789;0.000107771;4.61655e-05
0.000270544;0.843071;3.83933e-06;5.38752e-05;1.86276e-07;1.37145e-06;0.00150031;0.00134794;0.000164269;2.70903e-06;0.000193581;1.53046e-07;0.153389;1.22647e-06
0.000318753;0.00738255;2.60923e-07;0.0615884;0.0704021;0.041042;1.72905e-05;0.732516;0.000945889;0.000265561;0.00370666;0.0191207;0.00521423;0.0574801
0.00292747;0.88728;0.0676716;0.00692703;0.000222144;0.000283773;4.61909e-05;6.45856e-05;1.25441e-06;0.000830804;0.000129029;0.00243621;0.00100179;0.0301787
0.00082742;0.107293;2.78912e-06;3.8346e-07;4.1203e-07;3.94856e-08;8.05122e-05;0.000195174;0.000766563;7.87024e-08;0.00909182;0.864612;0.0171292;5.51525e-08
0.001033;0.757702;7.39122e-05;4.61507e-05;0.00575319;0.000117712;5.5894e-05;0.206117;0.0101638;0.000138266;6.35485e-05;6.22049e-05;0.0139389;0.00473408
0.00111258;0.0758867;5.00515e-09;0.000312043;3.3047e-05;0.000103846;4.71803e-06;0.0101018;0.0264718;5.52165e-05;0.000341137;0.808604;0.0768259;0.000146856
3.1815e-05;0.999279;4.28736e-06;5.8429e-08;4.85715e-10;8.95128e-10;1.83004e-06;0.000619307;2.44561e-05;7.94965e-07;3.73402e-06;5.45128e-06;2.93068e-05;8.64151e-10
1.45404e-05;0.988926;9.41355e-09;0.00034705;5.77645e-06;2.85617e-07;0.000727728;1.27879e-06;4.06815e-05;0.00545939;4.14071e-06;4.96629e-05;1.5601e-08;0.00442324
3.2323e-05;1.89874e-06;0.999839;2.07173e-07;2.91113e-07;2.83423e-07;1.208e-06;3.99957e-05;1.90586e-05;3.52758e-08;1.7442e-05;1.89093e-05;2.89832e-05;5.43006e-09
1.24657e-07;0.999525;1.30295e-10;1.81013e-09;3.09859e-08;1.0171e-08;0.000290045;1.61434e-07;9.18506e-09;0.000114493;3.02783e-10;3.12666e-12;1.48784e-07;7.06296e-05
8.24423e-11;3.635e-13;1;4.68976e-10;1.72407e-08;7.37075e-10;7.79839e-11;1.22491e-13;2.11916e-08;4.00611e-10;3.28787e-10;2.52127e-07;6.52363e-15;9.73832e-11
0.000993268;0.167893;9.05739e-08;0.000160133;0.000843722;8.6808e-05;3.29421e-05;0.663498;0.00243486;1.23356e-05;1.62988e-05;1.66822e-07;0.163878;0.000151595
0.00059133;0.00492241;5.92205e-07;6.91788e-05;0.000633934;2.87434e-06;3.52504e-07;0.987112;0.00122518;1.66994e-05;5.22992e-06;0.00507037;4.52759e-05;0.000304273
0.000172553;0.258988;4.41265e-07;3.91015e-06;0.000172317;0.000274559;4.64834e-06;0.662371;8.50334e-05;1.99762e-05;4.29867e-06;0.00154614;0.0757146;0.000643466
2.03891e-06;8.35009e-05;3.41038e-06;2.88422e-06;3.04821e-05;3.2188e-06;2.85172e-08;0.0532627;7.68178e-07;6.703e-08;3.15517e-06;0.944367;0.00222188;1.87494e-05
6.53249e-06;0.947875;1.65691e-07;2.1488e-06;0.000483886;4.5798e-06;1.74144e-08;0.0285886;1.78843e-07;1.0703e-07;3.45805e-07;3.00849e-06;0.0229503;8.52462e-05
4.79089e-06;0.778826;4.14772e-06;0.00125161;0.000737817;0.000121393;4.55141e-08;0.0107732;8.45808e-06;6.29293e-06;9.03565e-05;0.20188;0.00556061;0.000734588
5.22914e-06;0.00970131;5.34247e-08;5.57615e-05;0.159648;0.7635;2.31812e-06;0.0212101;1.78843e-06;3.64644e-05;6.21239e-05;1.49746e-05;0.000189722;0.0455716
2.42138e-05;0.0604388;1.07519e-05;7.45834e-07;6.79423e-07;1.58214e-06;1.00571e-05;0.000506016;1.17983e-06;7.28906e-08;0.000168499;0.0180954;0.920742;3.69605e-07
5.00213e-05;0.0073843;1.68171e-05;4.60912e-06;2.91009e-05;6.42119e-07;9.3112e-08;0.00905959;8.69776e-05;1.45057e-06;2.06377e-05;0.979264;0.0040795;2.31205e-06
2.01767e-06;0.998103;6.12909e-09;1.17315e-08;6.23237e-10;1.82209e-09;1.17336e-07;1.39154e-07;6.42078e-08;1.68764e-08;1.41167e-07;0.000232468;0.00166235;1.74116e-10
3.25103e-09;3.75938e-05;1.712e-09;2.42902e-09;6.58354e-09;2.92315e-09;2.67904e-10;0.000215253;1.134e-08;2.51377e-10;6.05998e-08;0.999744;2.64569e-06;5.3327e-11
6.77035e-06;0.936633;5.75412e-08;0.000525148;0.000321388;0.00126038;4.22491e-07;0.0072581;0.000177497;3.76211e-07;0.00476834;0.000732731;0.0444233;0.00389267
5.11263e-05;0.00567452;2.25695e-06;7.76214e-06;2.60539e-06;2.73428e-06;4.556e-06;0.00192257;5.80508e-05;1.07528e-06;0.000432014;0.0789088;0.912923;8.65623e-06
1.10056e-05;0.0084691;2.1115e-06;4.90586e-05;0.000250315;4.26804e-06;4.02909e-06;0.988071;0.000815158;1.29656e-05;0.000780288;8.73736e-06;0.00145238;6.93189e-05
5.99708e-05;0.879473;1.09083e-07;2.36926e-07;4.27358e-06;1.1643e-07;2.62617e-07;0.120305;7.21387e-06;4.52857e-06;8.20892e-08;7.73754e-05;4.72614e-05;2.04996e-05
2.89116e-07;0.000352538;1.71051e-07;6.32049e-08;9.14151e-05;1.92727e-06;5.03127e-08;0.000562577;2.36501e-07;3.05119e-07;3.4471e-07;0.996878;8.73256e-06;0.00210365
7.36816e-09;0.000444563;2.67745e-11;1.60595e-09;1.9819e-10;9.47514e-10;4.63441e-09;2.94259e-05;1.42279e-07;1.96818e-10;1.52926e-07;1.52306e-09;0.999526;1.86756e-10
6.93736e-07;0.999708;1.90793e-05;5.13604e-06;1.0492e-07;3.05453e-08;1.1952e-07;1.12971e-05;6.23392e-07;5.87891e-07;7.29941e-08;6.99931e-05;5.92844e-07;0.000183801
1.27514e-05;0.896812;1.12673e-10;1.2334e-07;4.228e-08;5.28406e-08;7.52918e-07;8.20545e-06;6.04673e-08;1.05198e-07;1.27627e-07;0.00189591;0.10127;6.92163e-08
7.09649e-07;0.000777385;7.61623e-06;6.38508e-06;8.67153e-07;5.95185e-07;9.56321e-07;4.28597e-05;4.45515e-07;2.03729e-06;1.07455e-05;0.997887;0.0012491;1.307e-05
2.02411e-06;0.155399;6.0665e-10;2.31461e-05;7.72857e-06;1.59021e-06;0.840309;1.45877e-05;5.26217e-05;0.00307485;0.000139335;2.94501e-08;9.73494e-07;0.00097595
9.94869e-09;2.46289e-07;0.999998;3.10518e-07;6.42344e-10;7.90443e-08;3.63304e-08;8.86544e-09;2.90663e-09;1.00818e-08;1.25252e-07;8.0333e-07;4.37696e-08;4.05888e-10
1.20293e-06;0.996801;1.86808e-09;1.33259e-05;6.6578e-07;4.7566e-07;1.52136e-07;0.00020025;2.47212e-07;6.60007e-07;2.97294e-06;0.0020926;0.00087388;1.26637e-05
5.66748e-07;0.000365932;6.1807e-12;7.38907e-07;0.0024249;1.42833e-06;7.34116e-08;0.997187;3.50104e-07;1.12326e-06;2.90875e-07;4.2668e-07;1.26731e-05;4.85067e-06
1.21432e-07;2.86042e-07;0.999999;6.95502e-08;1.23227e-07;3.25744e-09;1.17907e-09;8.04297e-10;1.00207e-10;1.19081e-07;2.33286e-08;6.85358e-07;2.35954e-08;3.35153e-09
2.25552e-06;0.000333828;2.26937e-11;9.57117e-09;3.47163e-11;8.9567e-10;0.999197;4.28116e-08;2.17234e-07;0.000449213;1.2229e-05;5.48993e-14;3.96171e-06;1.59058e-06
9.16175e-13;2.57093e-13;1;2.12864e-12;1.12805e-13;6.81706e-13;9.18967e-12;5.98947e-14;7.13457e-11;6.50379e-12;2.03561e-10;7.81967e-11;4.05086e-15;5.20802e-15
