4.79012e-06;0.997565;1.64753e-09;1.0129e-07;3.36474e-07;4.35547e-08;2.49741e-06;0.00239278;3.53521e-06;1.1519e-06;1.23025e-06;5.3256e-09;2.46848e-05;3.73246e-06
1.53163e-11;2.91773e-11;1;7.93241e-12;4.89034e-12;1.19659e-12;5.39785e-12;5.13693e-14;5.45787e-12;1.3709e-11;7.69722e-12;4.04029e-09;1.26452e-13;1.45403e-11
2.62454e-07;6.14259e-05;3.39612e-05;4.84151e-07;0.000230493;1.87286e-06;1.72627e-08;0.000345731;8.72889e-07;5.41713e-08;1.91899e-06;0.999232;5.31379e-06;8.51121e-05
5.87769e-07;0.975607;1.63793e-08;2.99485e-07;2.30554e-05;3.22369e-06;1.59653e-07;0.000919836;1.49029e-07;4.00164e-08;0.000103947;0.00068049;0.0215994;0.00106211
1.179e-05;0.191896;0.000150323;0.000189358;0.00035453;0.000290134;1.74622e-06;0.196539;1.8108e-06;5.28302e-06;5.67836e-05;0.111316;0.488032;0.011155
1.78262e-05;0.00440943;0.000134871;9.98954e-05;0.000558826;0.00304598;1.46519e-08;0.0346388;2.37927e-07;6.19905e-07;1.72287e-06;0.939561;0.00340558;0.0141253
0.000379124;0.891186;4.22732e-07;2.26275e-06;7.27732e-07;4.57143e-07;2.17361e-06;0.0845827;3.66996e-06;8.71933e-08;1.96434e-05;0.00018917;0.0235797;5.36861e-05
1.25237e-05;0.990385;3.1502e-06;2.34362e-06;1.09005e-06;8.49955e-07;0.00448501;0.000111903;2.27284e-06;0.00108162;1.5652e-06;3.36088e-06;1.03184e-05;0.00389941
2.43339e-10;1.8791e-09;0.999999;1.1065e-09;1.99594e-10;1.54123e-09;8.98144e-09;8.9029e-11;6.73559e-09;2.20201e-10;4.95058e-08;7.49425e-07;4.89308e-12;3.56366e-11
6.18476e-07;0.624861;2.71558e-09;4.30674e-09;1.01761e-09;2.02719e-09;8.01615e-08;1.77444e-07;6.54922e-07;2.81007e-10;7.85525e-06;4.08651e-05;0.375089;1.48093e-10
8.87856e-07;0.892513;6.55483e-06;1.4175e-06;0.0014514;0.000318453;3.72543e-09;0.0663629;2.58199e-08;3.39618e-06;2.05565e-08;0.0126826;0.0166816;0.00997771
1.25494e-06;0.0194652;0.000321364;9.40958e-05;0.000134546;0.000327373;5.22768e-06;0.00527905;5.45436e-06;3.88704e-06;0.000798928;0.972078;0.000269554;0.00121648
7.37936e-06;0.465302;2.24015e-09;1.54124e-05;8.10353e-06;8.38963e-06;1.20851e-05;0.000681516;3.36405e-05;3.90859e-07;0.000658059;0.0859003;0.447372;1.26991e-06
0.000118186;0.912228;0.0667437;0.000144629;1.37738e-05;1.64333e-06;8.11779e-07;0.00426966;1.6918e-06;3.11482e-07;1.18311e-05;0.0158673;0.000476374;0.00012225
0.000217754;0.271393;3.09951e-06;3.43818e-06;4.0068e-05;1.34876e-05;1.57675e-06;0.551277;1.17159e-05;1.51259e-06;1.69662e-06;0.000223413;0.176807;5.36272e-06
7.71099e-08;0.00797084;4.20185e-05;2.13585e-08;4.89291e-06;4.95836e-08;1.02281e-09;0.000373457;2.38151e-09;2.22385e-09;5.34179e-09;0.99145;6.26591e-08;0.000158723
2.72212e-07;0.997999;4.05828e-09;7.76151e-09;2.40336e-08;2.08326e-07;0.000104925;4.07253e-06;2.53092e-07;3.56109e-06;1.71319e-06;1.53503e-08;0.00188338;2.39855e-06
2.47727e-12;5.63295e-13;1;8.32469e-12;3.5532e-12;1.01624e-11;6.65668e-11;1.40723e-12;1.41719e-10;2.24172e-11;3.28123e-11;1.5084e-07;4.12127e-14;2.97696e-12
0.000820004;0.78916;0.000141657;0.000187528;0.00427328;2.6183e-05;0.0001273;0.174455;0.00588003;3.56224e-05;0.00165658;0.0224615;0.000126829;0.000647717
1.21147e-05;0.975888;2.52044e-09;3.18173e-08;1.60015e-07;2.03506e-09;1.04729e-07;0.0239396;6.52356e-06;2.16348e-07;9.95015e-08;8.93505e-06;0.000144688;7.89456e-09
1.59756e-05;0.882201;5.54098e-05;7.17638e-08;4.9399e-07;1.95818e-06;2.34791e-06;0.00317605;2.84002e-06;1.77878e-06;1.35233e-06;0.114376;0.00016308;1.04642e-06
6.31502e-05;0.837314;5.17671e-09;0.00201311;9.42968e-05;0.000116993;0.0199545;0.00867458;0.0162254;0.00510833;0.00271935;7.83637e-05;0.065603;0.0420351
0.00277178;0.956749;0.0291058;0.00328075;5.6124e-05;7.03178e-07;0.000898888;0.000546652;0.00100958;0.00126208;0.000469974;0.00328427;2.37399e-05;0.00054083
0.000132126;0.99493;1.3245e-07;1.95878e-06;3.35147e-08;5.33027e-09;0.000749849;0.00289603;1.0056e-05;0.000281266;1.92925e-07;1.28176e-08;1.2235e-06;0.000997442
1.35299e-10;1.12847e-11;0.999983;2.11144e-11;1.00935e-11;2.39398e-12;2.41266e-10;2.77036e-13;4.66384e-09;8.91946e-12;9.25624e-10;1.67785e-05;1.61463e-13;2.96893e-11
2.11544e-06;0.982432;4.83521e-10;1.92929e-08;4.7627e-07;2.34473e-07;1.7363e-07;1.24489e-06;7.4423e-06;1.99512e-08;6.10885e-07;2.2045e-06;0.0173365;0.000217304
1.1546e-05;0.10072;0.000622187;3.2953e-07;0.000202102;1.28603e-05;9.41225e-08;0.840442;1.37172e-07;1.13212e-06;2.53258e-08;0.0525101;0.00176241;0.00371454
5.37723e-07;0.00306563;3.48339e-06;1.17162e-05;0.000114484;0.026336;8.33899e-07;3.03922e-05;4.48532e-08;5.41359e-06;5.67028e-08;0.00370555;0.966672;5.43014e-05
4.95173e-05;0.000104676;0.619454;1.79356e-05;4.06971e-07;8.37501e-08;0.000540249;3.22473e-07;8.76217e-07;0.000153651;7.43138e-08;0.379664;1.36801e-05;4.23272e-07
1.18658e-07;1.7857e-08;0.999991;2.25229e-08;1.14123e-09;4.41465e-10;9.2266e-07;3.73282e-10;5.90063e-06;1.29301e-08;5.62377e-07;1.15211e-06;2.04901e-11;2.19876e-09
3.00614e-07;2.61471e-06;5.15915e-11;7.00966e-11;1.43658e-08;5.29617e-09;3.93341e-09;0.999989;2.80379e-07;2.45353e-10;2.39982e-09;2.42421e-08;7.69397e-06;3.25618e-10
4.78069e-10;1.43957e-05;1.83656e-07;8.44648e-08;0.00020362;5.6558e-05;8.69725e-11;8.72258e-07;1.31083e-09;1.00613e-08;1.80208e-09;0.00128918;4.06081e-06;0.998431
1.29163e-07;0.0119367;2.83507e-07;3.01475e-07;2.8851e-08;1.4062e-08;4.70881e-06;0.000506042;1.92402e-06;2.17829e-09;6.55106e-05;2.43747e-07;0.987484;3.03531e-08
2.45448e-07;0.00654372;7.70409e-11;3.5522e-08;1.80711e-06;3.61047e-09;5.15582e-09;0.993336;2.42102e-07;4.63977e-09;5.70803e-08;8.11608e-05;6.22415e-06;2.99723e-05
6.64553e-07;0.998761;6.73934e-07;1.38286e-07;5.95357e-08;1.69829e-09;0.000220656;0.000390298;1.10829e-08;2.93313e-05;3.09087e-08;7.9713e-09;3.62903e-05;0.000560725
1.98641e-12;1.78358e-13;1;2.83301e-11;4.42425e-11;5.40927e-13;1.65991e-11;3.83487e-12;4.96723e-11;2.89792e-12;1.29949e-10;1.43543e-07;1.38877e-16;4.23697e-12
5.32468e-07;0.999185;2.58028e-12;1.97461e-08;1.92484e-09;3.58637e-09;2.10121e-05;4.73267e-06;5.18951e-06;1.15577e-07;9.06857e-07;6.04374e-11;0.000781472;6.80106e-07
5.64569e-08;0.000264391;4.35114e-05;3.95441e-07;2.27336e-08;1.18253e-09;4.8813e-09;1.51441e-05;1.14206e-06;7.39663e-10;1.59923e-05;0.999657;2.23431e-06;8.30102e-08
5.5402e-07;0.981423;6.69177e-08;1.13977e-05;0.00129401;1.68149e-05;7.08991e-08;0.0145666;1.41223e-07;5.13323e-06;5.1693e-08;3.87652e-05;0.000411841;0.00223149
3.46638e-07;6.09491e-06;3.31007e-12;5.03154e-07;4.29147e-08;4.79997e-05;2.82941e-07;2.4116e-08;2.0251e-06;1.50877e-08;1.38865e-06;1.94827e-06;0.999939;9.13029e-08
8.50751e-08;9.6963e-07;0.999989;1.10075e-08;8.00084e-09;1.61472e-09;1.65038e-12;6.03708e-08;3.01901e-10;1.10152e-09;2.50536e-11;9.73026e-06;9.10734e-10;4.89303e-08
1.67834e-05;0.988785;1.63443e-08;0.000234804;3.06632e-07;4.02508e-06;4.21655e-06;0.00048009;0.00431433;2.89704e-07;0.00401704;1.181e-05;0.00211289;1.80949e-05
1.03006e-05;0.998802;2.61633e-09;4.21417e-06;1.14137e-06;5.40971e-08;1.56195e-08;0.001014;1.69811e-05;2.43226e-07;1.92615e-06;0.000115122;1.08663e-05;2.29468e-05
1.9426e-08;1.17742e-05;9.58103e-11;1.01368e-09;3.05933e-05;7.46809e-09;9.45742e-13;0.999957;8.93976e-10;3.205e-09;1.13699e-11;2.65702e-10;6.38455e-09;5.24107e-07
1.42235e-08;1.07396e-05;0.99993;5.51655e-07;1.34616e-05;8.05107e-08;2.25725e-09;2.50824e-09;4.59598e-11;1.36882e-06;2.30042e-09;4.17384e-05;2.05947e-08;2.28549e-06
3.24356e-05;5.64792e-05;8.05879e-06;1.29236e-05;2.36812e-08;2.29434e-07;0.000995888;6.23786e-05;0.0582644;3.73231e-06;0.939705;6.90712e-06;0.000851206;6.90605e-09
