1.94621e-06;0.999973;3.45105e-06;2.23902e-07;3.13711e-07;2.13154e-09;2.28392e-08;5.27969e-06;3.76781e-09;1.8724e-08;1.08769e-08;9.07628e-06;6.29648e-06;1.89394e-07
6.46232e-07;0.9997;2.46574e-11;4.74772e-08;5.59266e-08;2.88869e-09;1.01316e-06;3.00899e-05;3.36403e-09;4.42949e-06;4.86116e-10;5.30174e-11;2.17381e-07;0.00026337
1.41635e-11;3.07971e-13;0.999999;3.0022e-11;1.78334e-10;3.4793e-11;2.40345e-12;3.0643e-13;4.5775e-11;2.96979e-12;1.60622e-10;1.49213e-06;2.01984e-13;1.85618e-10
3.90911e-06;0.993107;5.0825e-11;5.53947e-08;1.93597e-05;2.04647e-07;1.06392e-07;0.0032584;5.66246e-06;9.66995e-09;1.48843e-06;2.00036e-07;0.00350085;0.000102484
0.000180159;0.491309;0.000475663;0.000147119;0.00181504;0.000293067;0.000226978;0.0648775;0.000641151;5.60853e-05;0.00177967;0.420902;0.00255686;0.0147392
1.79205e-05;0.993604;1.37959e-06;8.43249e-07;6.1444e-08;4.04812e-08;6.58257e-06;0.000151071;1.30975e-06;5.65138e-08;6.71385e-06;0.000295885;0.00591114;2.86023e-06
3.11555e-05;0.899317;1.21525e-10;1.24292e-06;5.06607e-06;4.98461e-09;3.44901e-08;0.084549;7.29247e-08;1.93197e-08;2.81927e-08;0.0145862;6.60831e-05;0.00144468
0.000207874;0.0136368;0.819939;0.000114405;1.66256e-05;1.79552e-06;1.25758e-06;2.64601e-05;4.72394e-07;2.14489e-06;4.10487e-06;0.161448;0.00197197;0.00262822
0.000472439;0.568081;5.11353e-07;2.92122e-06;3.89117e-05;0.0011084;0.000301182;0.158205;0.00161878;4.22659e-06;0.000792876;0.00123172;0.267567;0.000574899
3.03335e-07;0.0309209;4.17771e-07;4.62827e-06;1.44174e-07;6.62666e-06;4.38209e-06;0.000145186;2.44143e-06;6.70703e-07;2.46392e-05;7.33934e-05;0.968813;3.56817e-06
0.00010673;0.198063;0.00022919;0.000225335;0.000245669;0.000128355;9.90742e-06;0.00897145;2.23139e-05;0.000484372;2.21e-05;0.762164;0.0141764;0.0151509
0.000140253;0.694981;5.89811e-05;0.000566568;9.80285e-06;3.95189e-05;0.00350933;0.00508905;4.36929e-05;0.000194344;0.000363293;0.0780307;0.216962;1.2003e-05
3.19671e-05;0.0883651;6.91782e-11;0.000556889;6.34243e-07;1.10285e-06;1.3189e-06;0.000967792;3.37838e-05;1.41515e-05;0.000151585;0.907668;0.00214249;6.56914e-05
0.0024849;0.024998;0.723942;0.000436038;0.000455209;1.70968e-06;7.22412e-07;0.0126461;3.89883e-07;1.02928e-05;2.10202e-06;0.232955;0.0013592;0.000708479
1.20261e-05;0.952955;3.06397e-10;3.45845e-07;1.399e-07;1.77002e-09;4.02955e-05;0.00165142;5.28668e-07;1.17574e-05;1.30619e-08;4.50226e-07;2.79297e-06;0.0453247
8.47803e-05;0.00282731;5.53289e-08;2.55149e-06;2.05507e-07;1.18528e-06;0.264408;0.000369986;0.598549;7.95421e-06;0.131;5.01041e-08;0.00274814;1.06382e-08
0.000381958;0.00213576;6.22651e-09;5.71248e-08;1.00927e-07;1.41418e-08;1.60565e-06;0.995828;0.000868084;2.51466e-07;9.18737e-07;7.69209e-09;0.000783324;3.09145e-09
1.11977e-07;0.954705;2.17284e-09;2.28708e-05;1.79022e-06;3.83165e-08;1.41889e-06;9.53383e-09;1.25501e-08;0.000412028;1.1286e-09;2.52803e-06;2.60948e-10;0.0448546
6.97385e-06;7.80258e-07;0.999919;6.02409e-06;2.49349e-07;2.47346e-06;4.45692e-06;2.21985e-06;3.76781e-06;2.02766e-07;1.30909e-05;1.72903e-07;2.43626e-07;4.05918e-05
2.9462e-05;0.988738;6.90694e-06;7.34884e-09;1.22624e-07;1.85782e-08;9.5634e-07;0.00210813;1.11219e-07;6.94617e-08;8.12032e-08;0.00140125;0.00771529;9.81453e-09
1.99071e-06;0.00218181;4.55588e-08;1.15785e-06;0.000288181;2.98523e-06;6.73741e-08;0.124358;9.84347e-05;5.51128e-07;9.53103e-08;0.872881;3.51338e-05;0.000150605
9.1403e-06;0.980808;5.98034e-09;8.19646e-07;2.78454e-05;1.52797e-05;2.2899e-07;0.0140662;2.3551e-05;1.84393e-06;4.36634e-08;5.8901e-06;0.00504138;1.81944e-07
0.00351357;0.664423;2.75217e-09;0.000757971;0.000721999;1.49712e-06;3.07984e-05;0.0101879;0.00518949;0.00015501;0.000200839;0.297717;0.0121644;0.00493575
0.00267237;0.994164;0.000766076;0.000181071;0.000865785;2.72901e-07;7.25863e-07;0.00116453;2.49008e-05;3.45434e-06;1.64227e-07;6.10174e-05;4.0903e-05;5.46229e-05
8.86468e-05;0.815539;4.3135e-09;2.84011e-06;2.97467e-06;1.20487e-07;4.14579e-05;0.183917;1.36443e-05;5.71124e-05;4.39861e-09;5.93306e-09;0.0003276;9.48886e-06
9.8222e-12;2.58939e-12;1;2.52025e-12;8.05659e-12;2.30036e-12;1.36734e-12;5.76594e-13;3.45105e-11;1.72518e-12;2.34691e-12;3.19453e-08;3.18813e-15;3.25383e-12
6.23495e-05;0.91495;3.00524e-07;8.9742e-06;0.000972131;0.000376308;1.87121e-05;0.00140176;0.00241478;5.37268e-06;0.000281529;0.000825233;0.0582904;0.0203918
1.96473e-07;0.00349578;7.85876e-06;1.0317e-07;1.45424e-06;3.29304e-07;2.35618e-09;0.00864464;1.17337e-06;6.40444e-09;2.01672e-07;0.987751;1.10911e-05;8.57425e-05
6.04304e-06;0.114808;1.34694e-07;1.95383e-05;0.00825904;0.00346921;4.37249e-07;0.591659;2.22022e-06;4.69741e-07;2.06873e-06;0.00109967;0.00821864;0.272455
0.000831009;0.0212246;0.00624249;8.99941e-07;9.2364e-05;6.67034e-06;2.52488e-06;0.0996729;9.16647e-06;4.17502e-07;4.02532e-06;0.0407869;0.830042;0.00108375
2.66465e-06;0.999871;1.58815e-09;2.17037e-09;7.67896e-11;1.3503e-11;0.000117426;2.88099e-07;6.83557e-08;1.10266e-06;4.31815e-09;3.66718e-12;2.48065e-06;5.09129e-06
4.23631e-09;3.0011e-09;0.999703;7.54876e-09;4.23438e-09;4.83888e-10;1.42364e-08;5.76723e-09;3.87556e-07;1.66178e-09;1.97864e-08;0.000296282;4.35167e-10;3.57177e-10
2.01525e-06;0.184873;1.90848e-08;3.48016e-07;5.74316e-07;4.31864e-08;8.57157e-06;0.010403;4.01434e-06;4.30048e-08;2.29502e-06;6.01415e-07;0.804706;2.56483e-07
1.87614e-06;0.0130191;3.25524e-09;0.00382363;0.00609396;0.604772;5.78803e-06;0.168799;6.13457e-06;0.00113474;1.67753e-05;2.03407e-08;0.00654487;0.195782
2.91629e-11;1.57528e-10;1;9.73582e-10;1.43921e-12;2.19053e-11;1.10851e-10;6.18238e-13;6.33397e-12;9.55867e-11;1.96857e-10;1.06265e-09;7.1178e-14;1.06481e-10
8.90152e-05;0.608826;0.000738221;0.00025749;1.28282e-06;2.85457e-05;2.05676e-05;0.0184634;0.00183938;6.07122e-07;0.0022047;0.366309;0.00111126;0.000110685
7.04387e-06;0.337654;3.0919e-08;1.29248e-07;1.9052e-05;6.91566e-05;7.91066e-08;0.121287;8.74075e-06;1.32103e-07;5.66342e-06;0.00092482;0.539999;2.51407e-05
3.4231e-05;0.0622366;1.74636e-06;1.51515e-06;0.00592205;0.00026798;7.07132e-07;0.0084686;7.43268e-05;2.73781e-06;2.40968e-05;0.125152;0.79735;0.000462696
0.00712172;0.0259328;0.00019412;3.65258e-05;0.0016747;2.5182e-05;8.22043e-06;0.78844;0.174237;4.87793e-06;0.000148485;0.000410885;0.00173171;3.41634e-05
0.000244955;0.994628;2.92798e-07;3.37738e-06;1.83042e-05;2.15631e-07;4.20869e-08;0.00449665;4.59101e-05;8.88988e-07;1.12792e-07;0.000200698;0.000356295;4.11357e-06
0.000788734;0.755546;1.30358e-07;0.000122366;0.00041587;1.2033e-05;1.30957e-06;0.19047;0.000160789;4.81042e-06;1.78071e-05;0.00274152;0.0494068;0.000310916
3.4104e-05;0.171809;1.30608e-05;3.32893e-05;4.25946e-05;1.94704e-06;4.60323e-07;0.0201784;7.93419e-07;1.43532e-06;9.81175e-08;0.80632;0.00129171;0.000273607
7.4523e-05;0.0224414;0.00376054;1.46641e-05;3.79918e-05;9.05571e-06;1.42455e-05;0.00347231;6.55869e-06;5.45865e-07;1.48461e-05;0.470754;0.499361;3.89964e-05
8.58837e-05;0.408565;2.59307e-05;0.000121671;0.000984131;7.31602e-05;4.78778e-05;0.180297;8.92851e-05;1.86063e-06;2.0827e-05;0.316757;0.0835799;0.00935059
4.02062e-05;0.854977;2.68894e-06;0.000154628;0.000101873;3.52401e-05;1.41049e-05;0.00858229;0.000147402;2.61333e-05;6.48802e-06;0.12953;0.00576839;0.000613441
1.05073e-05;0.994843;7.1485e-10;3.22993e-05;6.46349e-06;6.14634e-06;7.03289e-07;0.000204458;1.93262e-06;1.39474e-06;3.56221e-07;0.00156053;0.00332409;8.52804e-06
1.56467e-06;4.92896e-05;0.211971;8.79845e-07;1.835e-08;3.3398e-09;3.9101e-09;1.93854e-07;1.31367e-09;2.62505e-07;7.60597e-09;0.787975;1.56835e-06;1.71056e-07
1.28359e-06;0.00013718;1.69198e-07;1.09869e-07;7.50878e-10;4.12137e-09;0.999039;5.83346e-07;5.95177e-05;0.000739371;8.80345e-06;2.09647e-10;1.45517e-05;3.16151e-08
3.53579e-09;1.05445e-09;0.999991;5.25212e-08;1.67981e-09;3.54362e-10;2.65691e-06;1.19506e-10;3.58862e-06;1.28023e-07;2.00447e-06;8.00243e-08;7.03523e-11;1.52377e-10
1.53947e-05;0.995456;2.56129e-06;1.06552e-05;8.40067e-08;3.66583e-08;8.40033e-05;0.00096169;0.000500306;0.000117901;3.69815e-05;0.00242278;0.000390737;6.51453e-07
6.75691e-06;0.497297;3.49668e-06;7.7898e-06;1.89977e-07;6.16476e-06;5.09936e-05;0.00163989;3.29871e-06;0.000105218;4.31297e-06;0.499742;0.00112299;1.08149e-05
1.03303e-06;0.000270502;4.9384e-06;0.000715414;3.23469e-05;0.00447691;3.23596e-05;0.000190397;1.13818e-06;0.000589858;2.88538e-06;3.28525e-07;0.990339;0.00334337
4.37059e-07;1.09276e-08;0.999997;7.64951e-08;3.61814e-09;6.10246e-11;2.50875e-08;3.49872e-10;6.45677e-10;7.87538e-07;1.67678e-09;1.74458e-06;5.35235e-08;4.20877e-10
3.23809e-09;9.62593e-06;1.03978e-11;9.01453e-11;9.00645e-15;5.81941e-14;0.999855;1.22369e-12;5.562e-07;0.000134684;7.75185e-08;3.33406e-17;1.39514e-10;1.07685e-10
2.88649e-12;1.88007e-13;1;1.97323e-11;3.3708e-12;1.61521e-11;3.81605e-10;6.02154e-14;1.09496e-08;9.42865e-11;1.26397e-09;4.02718e-11;1.83814e-15;5.33326e-14
