8.41757e-06;0.999611;0.000194643;2.22929e-05;9.71537e-06;1.738e-07;1.28371e-07;0.000105026;3.47289e-07;3.16585e-07;1.22902e-07;1.5825e-05;1.99315e-05;1.20367e-05
1.3653e-05;0.994907;1.84074e-09;8.33937e-05;3.31807e-06;3.90591e-07;2.98378e-08;0.00432187;1.17234e-05;5.36001e-07;7.21495e-06;0.000438081;8.54619e-05;0.000127808
6.40744e-05;0.997077;7.10974e-08;3.68573e-05;1.27934e-06;2.14796e-06;2.24598e-05;0.00170169;9.94933e-06;2.7092e-05;1.1243e-05;0.000242294;0.000790954;1.27811e-05
4.78357e-05;0.000139286;1.26772e-07;1.12433e-07;0.000754771;2.93575e-06;8.36105e-09;0.0020105;2.60228e-06;1.62885e-09;3.24539e-06;0.996389;0.000645297;3.84919e-06
4.30131e-09;0.999997;2.45275e-14;1.40167e-11;2.58957e-09;7.88047e-12;1.95946e-07;6.46265e-08;1.34603e-10;3.40626e-09;1.29481e-12;1.49265e-14;2.35033e-09;2.31938e-06
3.69797e-11;8.53236e-10;0.999999;4.17736e-10;7.43488e-09;2.42413e-10;1.64936e-11;1.17837e-09;6.67602e-12;1.7444e-10;3.49886e-12;6.04815e-07;5.05654e-14;6.86121e-08
4.59136e-06;0.99937;9.4229e-08;5.71884e-06;2.1047e-06;3.50054e-07;0.000271045;1.67518e-05;6.44567e-06;4.36091e-07;2.12503e-05;0.000106057;0.000177733;1.71073e-05
9.00697e-06;0.0534857;1.5859e-08;8.46454e-09;2.1331e-08;7.85285e-09;7.05214e-08;2.24427e-05;1.39737e-07;1.6983e-08;1.99097e-07;0.945983;0.000499105;2.5773e-08
1.80152e-05;0.134338;3.2697e-05;1.84184e-05;3.06913e-05;0.000103555;1.82113e-07;0.00552097;4.67398e-05;2.63452e-07;1.54945e-05;0.250059;0.609791;2.5068e-05
1.80269e-05;0.138345;3.97427e-06;0.000173583;0.000511792;0.00236172;2.03997e-05;0.000780005;2.829e-06;1.07043e-05;2.11982e-05;0.00810974;0.748245;0.101396
0.000125894;0.0269537;0.000104971;4.34962e-06;1.14126e-05;0.00111143;1.55345e-05;1.89056e-05;3.80325e-06;1.67427e-07;2.29456e-05;0.0211813;0.950443;2.48013e-06
6.01096e-07;0.996552;3.12122e-10;6.06395e-09;1.42246e-07;1.57587e-07;0.00338304;1.83792e-05;2.23649e-07;1.08567e-05;3.43492e-08;3.6321e-12;1.87668e-06;3.2332e-05
1.04075e-10;5.03267e-11;1;2.5126e-10;8.48559e-10;2.85236e-10;3.18376e-10;2.3451e-11;8.55711e-10;3.02275e-10;9.90766e-11;8.38156e-08;1.35052e-12;7.95834e-10
8.34551e-07;3.72242e-08;5.80244e-11;1.29268e-08;1.26589e-08;8.79411e-10;4.30885e-08;0.999407;0.000590993;7.45851e-10;1.04113e-06;1.29672e-10;1.04841e-07;3.23677e-10
3.2353e-06;0.00599551;9.67604e-06;3.28056e-05;0.00155831;3.06022e-06;6.92211e-08;0.00166286;2.07327e-05;2.273e-06;2.06592e-05;0.989019;3.99289e-06;0.00166797
1.40329e-08;0.99984;3.02554e-14;1.48789e-09;1.91545e-10;4.02008e-12;0.000155054;2.62885e-08;2.9905e-10;3.50771e-07;1.23615e-09;4.5046e-11;4.84827e-08;4.90868e-06
5.04129e-16;8.16101e-18;1;1.06732e-15;2.9798e-15;3.57496e-17;1.18367e-15;1.14429e-19;8.54873e-17;7.92578e-16;2.86865e-16;1.42824e-11;1.4741e-19;3.74272e-16
1.04278e-07;0.000103634;5.59536e-11;1.95565e-08;1.64931e-06;1.03359e-09;7.20443e-08;0.99957;4.3425e-06;1.89425e-09;2.61384e-07;6.71415e-08;0.000320164;8.87428e-12
3.92006e-08;7.97442e-06;0.999964;1.25734e-06;1.84632e-06;8.75124e-07;1.92549e-08;1.38439e-07;1.33028e-08;1.99385e-07;1.7466e-07;1.40107e-06;3.8079e-06;1.84767e-05
9.35809e-06;0.333483;5.18661e-07;2.29576e-06;5.13377e-06;1.79103e-06;3.51018e-07;0.00044119;5.86341e-05;7.04096e-08;0.000175902;0.0187859;0.64687;0.000165497
1.36493e-08;0.0281424;9.06376e-11;2.54247e-08;1.61736e-05;6.15952e-05;2.24888e-07;0.971259;9.71712e-09;1.23955e-06;6.93215e-09;3.64233e-08;0.000512324;7.41689e-06
3.10327e-11;2.06346e-11;1;4.67546e-10;5.62338e-11;1.22192e-11;1.43948e-09;1.52706e-12;4.03485e-10;1.11757e-09;1.09389e-10;5.61006e-08;2.64546e-14;3.39186e-11
7.32957e-05;0.00056352;0.000105695;0.000270799;7.59961e-05;0.000328779;0.000146052;0.0035043;0.000895013;5.29727e-06;0.0014701;0.992397;0.000155551;8.39623e-06
3.59594e-05;0.0704473;2.16502e-09;2.68195e-07;6.56036e-06;1.69733e-06;7.2432e-07;0.00538596;0.000106402;1.29785e-07;6.39144e-06;1.83828e-07;0.924008;1.61797e-07
5.98369e-06;0.000933136;0.000367289;2.4361e-07;0.0091316;3.15835e-07;2.23135e-09;0.000181682;1.53283e-07;1.83922e-07;3.03778e-07;0.989257;0.000107555;1.49151e-05
2.89315e-07;0.999721;5.48962e-13;2.49811e-08;6.31401e-09;2.2947e-10;0.000224855;2.17569e-05;2.47061e-06;2.87934e-05;8.11975e-08;2.13214e-10;1.70123e-07;5.71069e-07
6.66419e-08;2.93743e-09;0.999997;4.48391e-07;4.2503e-07;3.13446e-08;4.10426e-10;7.35767e-08;2.94933e-08;2.3062e-08;4.71191e-09;2.4519e-06;5.02464e-09;1.29441e-08
6.29609e-07;0.999631;3.02965e-11;7.60636e-08;1.49284e-09;1.26936e-08;4.82053e-07;9.38874e-05;5.11693e-08;2.41038e-06;4.43262e-09;5.90785e-10;0.000271521;2.89569e-08
1.59393e-13;8.64585e-14;1;3.01815e-12;3.68318e-11;8.1875e-13;1.10677e-13;1.96059e-13;1.33407e-14;1.47807e-12;5.88981e-15;5.34938e-09;1.29515e-16;1.12383e-11
3.14449e-07;0.0414873;7.7095e-10;3.22814e-06;4.85476e-06;0.000199614;5.92149e-06;7.85667e-06;6.86062e-06;2.57149e-07;7.73633e-07;8.66514e-07;0.958241;4.07025e-05
2.36018e-08;7.73074e-06;0.999983;5.91072e-08;1.56763e-09;3.02258e-10;4.20302e-07;1.16015e-09;1.14971e-09;7.27501e-07;1.57293e-10;7.64796e-06;4.17674e-09;1.47808e-07
3.33986e-09;1.65144e-10;0.999953;1.53469e-09;1.16839e-09;3.11002e-11;2.7041e-08;1.89534e-11;4.80776e-08;2.0798e-10;3.23218e-08;4.71562e-05;7.0981e-12;2.95138e-12
1.05353e-05;0.915299;8.47517e-07;1.93671e-07;4.6737e-07;1.8515e-07;2.23253e-07;0.00675451;3.076e-05;3.15469e-08;1.37916e-05;0.000159171;0.0777302;1.45302e-07
1.72077e-06;0.975543;2.63706e-09;1.72423e-06;2.25471e-07;1.16258e-06;0.000938017;1.98959e-07;2.78293e-07;0.000597027;2.24928e-07;9.85594e-07;0.000409052;0.0225062
1.04009e-10;6.29024e-11;1;9.3115e-10;1.69971e-12;5.12581e-12;1.89903e-09;6.10756e-12;9.63281e-11;2.6947e-10;6.67211e-09;7.81008e-08;7.21811e-12;2.22777e-11
2.28083e-07;0.0671085;4.82564e-10;1.27126e-08;1.23851e-10;8.1667e-11;0.932847;9.59709e-08;4.82779e-08;4.03122e-05;1.95643e-06;7.75731e-13;5.05573e-07;1.12917e-06
3.01059e-13;7.82016e-14;1;1.30207e-12;6.1151e-12;9.36433e-13;2.56321e-11;9.21259e-13;1.12686e-11;1.59306e-12;2.18739e-10;4.62426e-10;2.69256e-16;1.17591e-13
7.20796e-07;0.983364;9.91104e-07;8.75867e-07;2.89698e-06;6.82121e-06;0.000178575;0.00954322;7.86287e-06;4.05699e-05;6.9708e-06;5.27519e-08;0.0068421;4.54181e-06
2.70348e-13;7.3488e-13;1;5.9147e-10;1.39964e-10;2.92354e-10;1.37856e-11;3.9445e-13;2.11239e-12;1.01235e-10;5.11517e-11;6.83405e-09;2.93587e-14;1.02882e-09
0.00026531;0.683074;0.216635;0.00318933;0.00050647;0.00104949;0.000680293;0.0862363;0.000214053;6.98355e-06;0.000226288;0.000663339;0.00710966;0.000144474
3.86839e-05;0.995399;0.000241877;5.5331e-06;2.00688e-07;3.34446e-07;1.05644e-05;0.0035213;7.424e-05;1.9356e-07;0.00013268;1.38411e-05;0.000516744;4.43759e-05
1.67065e-05;0.180648;3.44397e-09;3.11352e-06;0.000393647;0.000182237;8.67807e-05;7.73322e-05;9.27378e-08;0.000178381;2.03472e-07;1.43175e-08;5.20512e-05;0.818361
1.16673e-12;1.75678e-14;1;4.50572e-12;1.58755e-13;8.78335e-13;3.03758e-13;5.25663e-14;2.34522e-12;3.09949e-13;8.11051e-12;2.38699e-10;1.21398e-12;1.40629e-12
0.00102054;0.0221039;0.000531664;0.000701624;0.000109381;9.89464e-06;0.00517159;0.321073;0.255106;0.000146297;0.290426;0.0930472;0.0105403;1.21853e-05
3.4704e-05;0.881812;1.82523e-05;3.19928e-05;0.000158856;0.000104571;2.93021e-06;0.00497819;0.000481483;2.04295e-05;0.00350396;0.0274648;0.0809503;0.000438004
5.88285e-06;0.938545;2.01915e-06;4.38956e-06;0.000171639;5.63365e-05;0.000144727;0.01143;1.03436e-05;0.00033424;4.86471e-06;5.70745e-08;0.048945;0.000345552
1.31213e-12;2.16818e-11;1;2.58398e-11;4.95143e-11;3.41012e-12;2.71401e-12;1.81196e-14;1.95012e-12;1.13366e-11;7.42775e-12;1.21472e-08;3.19861e-15;1.28534e-10
3.72983e-05;0.860801;6.27125e-05;0.000184857;4.12934e-05;7.42386e-05;3.72468e-05;0.0935308;0.00891287;3.79798e-06;0.0128942;0.0100017;0.0133893;2.90165e-05
9.11681e-06;0.171715;1.37118e-08;1.10712e-06;1.82602e-05;2.79976e-05;5.0522e-06;0.811896;0.00101492;2.85272e-06;0.00101405;1.79215e-05;0.0142549;2.24209e-05
0.000221188;0.525108;1.10712e-07;2.31705e-05;0.00274923;0.000169414;1.56318e-06;0.0123714;0.00185701;3.86394e-06;0.000764855;0.0485484;0.400452;0.00772913
9.40589e-05;0.99989;1.0391e-07;1.56585e-09;1.105e-09;1.91213e-10;1.98914e-07;8.6484e-07;1.46181e-06;1.86186e-09;1.05249e-08;2.29354e-06;1.08225e-05;2.573e-09
2.43327e-06;7.52701e-05;1.87979e-08;4.64094e-07;0.000147037;8.07141e-06;6.19538e-11;0.000541183;1.45328e-05;6.54015e-10;1.08739e-07;0.999157;4.41933e-06;4.96062e-05
4.10746e-09;0.999992;6.54267e-14;2.02758e-12;2.4948e-11;2.54512e-12;4.03237e-09;4.82027e-11;4.09277e-12;4.82643e-10;1.45879e-13;7.25225e-15;3.85344e-10;8.16263e-06
7.1419e-14;1.25832e-14;1;4.33727e-14;2.61701e-12;3.34383e-14;3.22038e-14;8.54819e-15;2.12602e-13;6.3005e-14;6.85175e-15;5.37892e-07;2.76953e-17;1.68333e-12
0.00014186;0.251365;0.000129485;0.000711491;0.000335506;0.000994002;0.0202948;0.0226248;0.168245;2.16231e-05;0.0558899;0.000100393;0.478788;0.000358052
2.26007e-05;0.586842;1.2698e-08;2.01506e-05;1.23228e-06;5.38646e-07;2.12782e-05;0.396531;0.0128005;2.65437e-06;0.000562382;0.000321488;0.00287418;2.41938e-07
1.90869e-05;0.00871258;1.44395e-06;1.35585e-06;2.36841e-05;9.96682e-08;5.45437e-07;0.00114249;3.21079e-05;5.3944e-07;1.96806e-05;0.989805;0.000241469;1.09598e-08
0.000481969;0.282463;6.86755e-07;1.43474e-05;0.000110539;6.10922e-07;0.000179816;0.00365326;0.0128791;7.91563e-07;0.00245873;0.130663;0.567093;8.38001e-07
0.00144612;0.00213904;3.48319e-10;0.000144303;3.51788e-05;5.14345e-05;1.5507e-05;0.324952;0.632567;2.55969e-06;0.0123618;0.0142292;0.0120523;3.67433e-06
0.00518408;0.93905;0.000140829;1.41771e-06;7.07058e-08;1.15063e-07;3.21567e-06;0.000844851;6.26728e-05;5.61237e-07;3.95828e-05;0.0491639;0.00550857;1.233e-07
1.47617e-06;8.59081e-06;3.07279e-09;2.52085e-06;0.00721655;3.59888e-07;9.26593e-10;0.992173;5.25598e-05;3.20664e-08;5.4142e-07;0.000538286;7.7514e-08;6.26063e-06
0.000567697;0.117969;0.876537;9.04022e-05;0.000475497;7.92161e-06;6.07418e-07;7.05164e-05;2.84001e-05;8.67678e-05;2.1223e-06;2.35896e-05;0.00241611;0.00172385
0.00018632;0.00454351;0.000146503;0.000133065;0.00381477;0.000437866;7.30553e-05;0.0992375;0.833616;1.16652e-05;0.000147932;0.0551884;0.00200879;0.000454599
