6.5466e-05;0.992514;4.51776e-08;2.09045e-06;6.6805e-06;1.4123e-07;4.70395e-07;0.00312059;2.84955e-05;2.8184e-07;9.27546e-06;1.75751e-05;0.00422648;7.88048e-06
6.0766e-06;0.99717;1.25612e-09;3.81772e-07;1.10903e-08;9.62502e-10;0.000592254;2.09708e-06;4.78589e-08;0.00016618;1.09603e-08;1.11569e-08;1.77851e-07;0.0020624
1.58037e-11;1.7494e-12;1;6.6885e-11;2.76902e-10;5.62768e-12;2.91962e-10;2.24422e-12;3.09621e-10;3.14998e-11;2.01696e-10;8.7599e-08;7.46422e-15;3.77414e-09
7.29786e-07;0.918459;5.18262e-06;2.77898e-07;3.27199e-06;2.11928e-07;2.17208e-07;2.41514e-06;8.0927e-09;1.33401e-08;1.28397e-07;1.6315e-06;0.0815262;3.97817e-07
1.92942e-05;0.149237;2.25259e-05;1.04281e-06;0.000601776;2.66335e-05;1.70547e-07;0.647401;2.00864e-06;1.80873e-07;3.94009e-06;0.0278191;0.172309;0.00255654
5.47697e-06;0.410304;3.16311e-06;1.17016e-05;0.00239782;0.0276879;1.39623e-07;0.00665615;2.90184e-07;6.83973e-07;2.28937e-07;0.479493;0.015619;0.05782
6.5857e-06;0.16342;1.60964e-05;1.06134e-05;0.000980404;0.000518554;6.03745e-09;0.0294503;7.89973e-07;1.84265e-07;9.57518e-08;0.0309292;0.00348234;0.771185
3.47939e-06;0.99399;1.13465e-09;3.5821e-06;3.21132e-07;5.01818e-07;2.31926e-07;0.000484891;2.07531e-07;7.25448e-07;1.80822e-06;3.56454e-05;0.00288307;0.00259537
8.4576e-06;0.97847;1.08042e-07;9.11101e-08;2.57567e-07;2.09201e-06;3.52351e-07;0.00262299;6.85761e-07;1.02285e-07;9.48763e-07;0.00269625;0.0161972;4.80819e-07
5.16674e-09;2.45775e-05;1.08346e-06;2.63181e-07;0.00010411;2.14169e-05;5.80929e-11;0.0102055;2.12572e-09;1.87894e-09;9.78861e-09;0.987207;0.000138948;0.00229686
2.05758e-07;0.989643;1.24318e-08;6.43364e-08;3.37858e-10;1.88617e-09;0.00358255;6.05435e-06;1.74069e-07;3.84743e-06;1.31908e-05;2.21527e-11;0.00675104;1.24725e-08
3.91029e-09;2.19563e-08;0.999975;5.1814e-08;3.84472e-09;2.6628e-09;1.39597e-07;3.59913e-09;2.85868e-07;1.01113e-08;1.02104e-06;2.30547e-05;1.98324e-09;5.33621e-09
4.47314e-05;0.703704;2.33456e-07;2.84167e-07;4.71639e-07;2.59742e-08;8.01595e-06;0.290156;2.8858e-05;1.56851e-06;3.26059e-06;1.00702e-05;0.00604157;1.26008e-06
4.03734e-09;2.9554e-05;1.87973e-07;2.84248e-08;1.15888e-07;9.42651e-10;3.60979e-09;8.45267e-07;1.45974e-07;4.61367e-10;1.50484e-06;0.999967;9.86277e-08;1.37559e-07
1.41456e-08;0.999911;1.08573e-10;5.42726e-08;1.37596e-08;6.00858e-10;7.23923e-05;6.08577e-06;5.94057e-10;2.46459e-06;2.04708e-09;1.23016e-10;5.86234e-07;7.24359e-06
4.73073e-11;5.08261e-10;1;2.64352e-11;2.24693e-11;1.39966e-13;2.3601e-09;2.16344e-12;3.23209e-10;5.61551e-11;6.47264e-10;3.97627e-08;5.69364e-13;9.84916e-11
6.82612e-06;0.0504262;1.4257e-05;1.52268e-07;7.52844e-06;1.08559e-06;2.02072e-05;1.76321e-06;6.27141e-07;2.99502e-07;3.8151e-07;1.38631e-05;0.949506;2.4782e-07
2.24791e-07;0.000256692;2.59725e-06;4.07779e-08;7.90609e-06;8.04841e-08;1.36651e-09;6.12283e-06;3.35085e-06;1.77049e-09;1.48614e-07;0.999641;6.88142e-05;1.30697e-05
1.44188e-05;0.00725722;3.11601e-08;2.15106e-07;0.000233063;1.44445e-05;3.61085e-08;0.991131;4.49761e-07;5.60493e-08;2.03822e-09;3.6317e-06;0.00134417;1.52624e-06
0.000765382;0.0794117;0.000481674;0.000109148;0.00039197;0.000355717;3.93274e-08;0.712686;4.32933e-05;2.64438e-07;3.32839e-06;0.10962;0.0733899;0.0227416
4.63208e-06;0.00762626;1.46955e-07;2.37118e-07;5.04801e-05;1.15868e-05;6.3602e-08;0.991631;1.28306e-05;5.51262e-07;8.61816e-07;0.000322477;0.000251119;8.74301e-05
4.48226e-06;0.996247;1.81488e-08;1.92271e-07;1.65025e-08;4.41778e-09;0.00305459;0.000139593;1.65418e-05;0.000534291;1.16799e-06;1.03807e-06;8.12183e-08;1.48705e-06
1.34093e-08;1.38538e-09;0.999991;5.25533e-08;1.92034e-09;6.37289e-10;1.39011e-06;3.82221e-09;3.40104e-06;1.44972e-08;2.61969e-06;9.96134e-07;1.36528e-08;3.53653e-11
6.966e-07;0.997699;1.06561e-07;1.1892e-07;7.53064e-08;4.13273e-09;5.76147e-07;0.0022697;6.35666e-08;1.40295e-07;6.71163e-08;3.06268e-07;2.88939e-05;7.13084e-10
1.45879e-11;2.72816e-09;1;6.07629e-11;1.36531e-10;2.92355e-12;6.11478e-12;2.45086e-11;2.77943e-11;2.68595e-11;8.07997e-11;1.35756e-07;3.14938e-12;1.79055e-11
2.36509e-08;7.64006e-07;3.97803e-07;9.54877e-07;6.21036e-05;1.05245e-05;9.29572e-08;0.000347366;5.56508e-06;1.45027e-07;2.34874e-06;9.16376e-06;1.41987e-06;0.999559
6.81193e-07;0.858705;8.06126e-08;6.3848e-06;1.75862e-06;1.10203e-05;1.7282e-07;0.115502;4.5019e-06;1.10648e-07;0.000498334;2.78013e-05;0.0252288;1.30786e-05
3.23838e-06;0.778721;9.25739e-07;5.02482e-08;3.70783e-06;1.8276e-06;1.96355e-07;0.0208201;3.54075e-09;2.67402e-07;1.40949e-07;0.0638867;0.136495;6.717e-05
1.24296e-05;0.15776;4.04263e-07;9.26125e-06;1.27739e-05;0.000198227;8.83522e-07;0.000782672;2.33337e-06;3.94905e-07;1.63872e-05;0.0147553;0.826101;0.000347034
0.000344681;0.922733;0.0657562;1.60222e-05;1.199e-05;2.11676e-06;5.19355e-05;0.000983755;4.646e-06;5.60572e-05;5.00032e-07;0.00725979;0.000474501;0.00230436
2.53376e-10;1.65594e-09;1;2.23389e-09;3.32377e-09;2.68621e-09;1.44593e-08;1.95063e-08;4.2331e-09;4.37906e-09;3.99211e-09;2.40897e-07;1.68294e-09;3.19016e-09
1.67453e-07;0.00074443;2.50869e-07;1.28599e-05;1.35882e-06;3.40298e-06;5.2222e-06;0.0267021;1.74194e-05;6.49447e-07;0.000183855;0.00118739;0.971141;4.26952e-08
1.27443e-06;0.995596;6.99681e-07;3.18534e-06;3.1567e-06;1.43712e-06;2.2155e-06;0.00281554;5.45495e-06;1.10861e-06;2.35955e-05;0.000318334;0.00117792;4.95055e-05
2.10997e-05;0.918762;3.46033e-06;1.86602e-05;6.05007e-06;1.37927e-06;8.74956e-06;0.000225614;3.93142e-07;2.47407e-06;1.57358e-05;0.0134114;0.0673141;0.000209184
5.07448e-06;0.224451;8.84953e-05;2.30529e-05;7.20072e-06;4.14178e-07;2.54836e-06;0.000308733;1.70418e-07;6.92111e-07;1.46824e-05;0.77178;0.00280388;0.000514156
1.71047e-07;0.603232;3.79878e-11;2.80688e-07;7.05507e-07;1.91985e-08;0.28396;2.5289e-06;3.62494e-08;0.000889212;5.99207e-08;2.11072e-09;5.74094e-08;0.111914
1.28703e-10;3.22153e-11;1;6.31325e-11;1.24766e-11;4.04947e-11;2.88134e-10;5.55921e-11;4.11808e-10;3.57024e-12;1.83143e-10;6.64377e-10;7.90386e-10;2.03623e-12
