3.7452e-06;0.998827;0.000631678;3.70143e-06;3.18701e-06;5.27716e-07;2.52814e-08;5.60042e-05;1.58233e-08;1.29206e-07;2.47949e-08;2.70291e-05;0.000444723;1.97181e-06
6.75478e-07;0.000450518;3.06237e-08;5.62279e-06;3.3961e-06;7.16893e-06;1.78733e-06;6.52108e-05;3.25817e-06;5.53109e-07;1.79224e-05;3.69732e-05;0.999407;1.81929e-07
1.74442e-05;0.000470967;1.98687e-06;0.000234404;0.000238051;0.000405025;9.28526e-07;0.00501428;9.92252e-05;1.35326e-06;0.000275481;0.993056;9.25308e-05;9.21062e-05
0.000334878;0.0163217;0.00033423;2.15724e-06;7.75186e-06;8.71995e-07;3.8401e-06;0.98289;7.35695e-05;7.04864e-08;3.57779e-06;1.23243e-05;1.50375e-05;6.52178e-08
2.63363e-05;0.00114547;0.00190251;1.12384e-05;3.06348e-06;1.20469e-05;7.75602e-09;0.00139788;9.17232e-05;6.3913e-08;6.4458e-05;0.994852;3.43765e-06;0.000489581
4.18247e-05;0.00498515;0.000441554;1.20299e-07;2.46078e-06;7.11918e-06;9.64447e-09;2.14673e-05;1.74495e-05;1.98643e-08;1.57229e-05;0.00707891;0.987386;1.92239e-06
2.14508e-05;0.75996;7.31529e-05;1.12743e-06;0.000444149;1.84163e-05;2.95963e-09;0.00496011;5.91296e-06;8.44398e-08;4.30588e-06;0.216432;0.00673683;0.0113428
0.000532759;0.280524;0.000289126;6.0238e-06;0.0590646;0.000384339;1.20418e-06;0.590646;4.35897e-05;1.64638e-05;1.26561e-06;0.000164382;0.061403;0.0069237
0.000126034;0.833211;2.83062e-09;4.53033e-07;0.000520144;9.35064e-08;8.97319e-06;0.140256;6.29988e-06;1.22597e-05;6.99088e-08;1.5077e-10;8.46747e-07;0.0258576
2.39529e-12;3.14112e-13;1;3.75295e-13;3.10116e-11;1.69793e-14;2.06247e-14;1.24078e-12;2.80458e-13;1.76267e-13;4.44905e-14;9.83786e-11;1.66051e-15;7.97006e-12
3.08936e-07;8.46757e-06;5.68655e-11;1.41033e-08;4.69092e-06;2.68242e-08;2.5602e-07;0.998285;0.00143788;1.42375e-08;3.27635e-06;4.5073e-07;0.000259346;1.94087e-09
1.8666e-06;0.991077;0.000190296;2.34522e-06;3.23805e-06;3.67622e-06;6.32071e-09;0.000188865;6.19862e-09;8.3965e-07;8.28081e-08;4.74697e-06;0.00852043;6.19873e-06
5.25689e-06;0.103258;2.41599e-06;2.0578e-07;1.68939e-06;2.47287e-07;1.82321e-07;0.00284079;3.1577e-07;2.04856e-08;2.40946e-07;0.87621;0.0176754;5.48098e-06
0.000103606;0.106524;6.81826e-07;0.000638814;0.0309473;0.173171;0.000247981;0.507725;8.21699e-05;6.47266e-06;4.5185e-05;0.0265658;0.135864;0.0180771
0.00156486;0.00227483;0.0346052;5.31004e-05;4.46586e-05;0.00143338;0.00110997;0.0011464;0.000231212;9.96995e-06;0.000100382;0.602513;0.354904;8.98732e-06
0.00016204;0.863969;2.48311e-05;0.00173188;0.0023523;0.00349995;0.000123031;0.0102133;0.00608566;3.79471e-05;0.00191121;0.00204606;0.00665688;0.101186
5.94348e-06;0.0300263;6.41267e-08;2.09433e-07;8.36064e-06;1.24769e-06;4.3656e-09;0.969563;6.12208e-08;4.61762e-07;1.31314e-09;4.49794e-07;8.04944e-05;0.000313468
6.3532e-09;0.000450416;6.44286e-06;1.26484e-07;8.95998e-07;2.20053e-07;3.172e-10;3.55235e-06;4.35492e-08;2.49275e-09;1.44735e-08;0.999407;8.18854e-07;0.000130221
4.51029e-06;0.995736;1.00765e-08;2.65992e-07;1.86807e-09;8.66799e-09;2.94651e-05;7.95001e-06;3.45037e-06;4.16027e-07;3.66933e-05;2.63613e-06;0.00417878;1.61138e-08
3.28859e-07;0.00202198;1.51769e-08;1.3058e-08;2.71315e-06;3.57475e-08;1.60663e-09;0.000460374;1.35032e-06;1.30893e-08;4.75101e-08;0.99751;2.4875e-06;7.61855e-07
3.10192e-06;0.998081;1.1391e-10;6.20022e-09;7.75279e-06;1.54317e-07;8.17964e-06;5.02624e-05;3.15567e-07;8.75783e-07;2.96226e-10;3.15354e-11;5.88783e-07;0.00184775
9.58488e-11;2.19097e-13;1;3.21252e-12;2.96754e-10;4.64861e-13;1.20821e-13;3.73408e-12;7.15254e-12;5.98197e-13;2.2766e-13;2.55672e-08;9.73731e-14;9.08428e-12
0.000123971;0.00935833;4.9652e-06;7.28073e-06;5.69774e-05;5.0168e-05;2.75285e-05;0.962701;0.0185961;5.9658e-07;0.000919925;0.00412885;0.00402131;3.40221e-06
4.14626e-06;0.00106255;1.57568e-06;6.89511e-07;1.55628e-05;4.91128e-06;3.00523e-07;0.993776;6.69294e-06;1.78477e-07;1.08471e-06;9.57575e-06;0.00511591;5.07244e-07
1.77608e-06;0.000572078;2.80775e-07;0.000101903;0.000680136;1.8365e-05;1.92955e-07;0.00076357;0.000165717;5.65493e-07;2.28491e-05;1.09832e-05;1.76748e-05;0.997644
2.01021e-07;0.999981;6.95641e-07;1.79824e-06;2.86638e-07;2.31431e-09;7.28079e-09;1.12251e-05;5.33818e-09;3.47748e-08;2.08587e-08;8.57216e-07;3.74351e-06;6.92936e-08
1.36078e-05;0.858388;0.000132693;0.000303132;1.85027e-05;2.9345e-05;1.84471e-05;2.89735e-07;1.08669e-07;4.25079e-05;1.91543e-05;0.0181843;0.122848;1.74367e-06
5.62581e-05;0.0005277;4.07775e-06;4.55882e-05;1.07632e-05;8.22547e-07;1.68328e-05;0.00852356;0.000581742;2.09638e-06;0.0054861;0.984732;3.51689e-06;8.98021e-06
0.000102919;0.727706;4.77835e-05;4.98672e-05;0.00264792;0.000798988;4.96489e-06;0.035198;9.2678e-05;2.98843e-06;0.00012912;0.00131818;0.231876;2.40133e-05
0.00254179;0.135509;0.000325388;4.20898e-05;3.6435e-05;0.000315896;2.33244e-05;0.0180115;1.6188e-05;9.86106e-05;2.41649e-05;0.0342508;0.807803;0.00100162
2.46821e-05;0.0288803;0.000186004;0.000952273;0.00495858;0.00467734;1.32349e-08;0.00909745;9.10347e-05;3.27061e-06;4.08345e-05;0.604403;0.00381293;0.342872
1.44513e-05;0.145137;2.59865e-06;7.67598e-07;9.3443e-07;1.27303e-06;2.82006e-08;0.0308759;6.85148e-07;6.33624e-07;2.05929e-06;0.00243325;0.821528;3.19081e-06
0.000295297;0.0223147;3.20019e-07;0.00820541;0.00143068;0.000996885;0.000365283;0.000560938;0.0654374;0.000427266;0.369815;0.0432699;0.485848;0.00103358
0.00010311;0.931731;0.0524049;8.08275e-05;0.00264508;1.71699e-05;4.48856e-08;0.0101312;4.98093e-07;3.90008e-07;1.20013e-07;0.000225773;0.000871724;0.0017877
4.25698e-05;0.122642;2.89706e-06;3.545e-07;0.000133979;2.17729e-05;1.86491e-06;0.000798327;2.02018e-06;1.70374e-07;3.20785e-06;0.874683;0.00166146;6.57914e-06
7.15482e-06;0.250267;1.25294e-06;2.26316e-06;8.2381e-05;1.29765e-05;1.75309e-07;0.0693235;3.9495e-07;5.87679e-07;5.45953e-07;0.0015272;0.67873;4.44567e-05
7.11613e-06;0.001399;3.14344e-08;0.000150444;0.000354388;3.2323e-06;4.59164e-07;0.00248168;0.00398377;1.17977e-06;0.000505534;6.64362e-05;3.42989e-05;0.991012
1.31953e-06;0.999971;8.52712e-06;5.31166e-06;9.71222e-08;3.5995e-09;2.69018e-08;3.15132e-06;1.04099e-07;4.67521e-08;1.42215e-07;8.72232e-07;7.68547e-06;2.25458e-06
1.45838e-05;0.998807;1.01519e-08;3.26112e-05;5.49313e-06;1.02573e-07;0.000165781;0.000521154;2.91099e-07;4.8679e-05;2.55918e-07;5.45497e-07;7.81524e-07;0.000402426
1.37123e-08;8.64813e-10;0.999999;9.03397e-08;5.67535e-08;7.81447e-09;5.46384e-08;3.47773e-09;5.37507e-08;5.52537e-09;1.02671e-07;1.46779e-07;7.17536e-13;5.91066e-07
1.00395e-05;0.82926;1.20461e-05;5.76398e-06;9.00421e-06;8.19115e-07;1.47772e-07;8.40642e-05;2.7524e-08;2.82736e-08;6.35836e-07;3.13058e-05;0.170587;5.40055e-08
4.38243e-07;0.0329582;5.76683e-06;9.45016e-07;2.92193e-05;1.22206e-06;1.66175e-08;0.0010299;3.26159e-06;6.5223e-08;1.0934e-05;0.965643;2.19366e-05;0.000294618
1.40113e-06;0.00368749;4.91107e-10;2.12677e-06;0.0340849;0.000355019;1.14169e-05;0.96135;8.62059e-06;2.3731e-06;3.94029e-06;3.93891e-06;0.000473;1.54004e-05
0.000220216;0.00589779;0.983295;2.38911e-06;5.28253e-05;1.87767e-06;1.28451e-07;1.83598e-05;1.4663e-08;6.40867e-07;7.05579e-08;0.00975141;0.000728921;3.05737e-05
1.8967e-06;0.999505;8.38993e-09;2.70542e-08;1.13084e-07;7.49999e-10;7.70779e-09;0.00047494;1.66768e-06;7.52615e-10;2.66462e-07;4.03588e-06;5.25372e-06;6.37658e-06
7.38664e-05;0.114053;1.55763e-06;1.55316e-05;0.00961066;1.17336e-05;8.14513e-08;0.834067;4.37182e-05;4.01361e-06;5.87356e-06;0.00411543;0.024205;0.0137924
0.000227836;0.488173;0.368659;8.63373e-05;0.00221429;0.000164531;8.72135e-06;0.00118787;8.58439e-07;0.00013253;3.00552e-05;0.125294;3.34499e-05;0.0137882
4.33941e-06;0.995162;3.78267e-09;7.89459e-08;1.69714e-07;1.10084e-07;1.72508e-06;0.000104295;1.80082e-05;3.55942e-08;1.96345e-05;0.0016403;4.35408e-05;0.00300531
1.34367e-05;0.688186;4.50097e-06;1.09601e-07;9.55774e-06;0.000162724;3.42934e-06;0.0793063;2.03454e-06;7.54031e-07;4.5344e-06;0.0171263;0.21442;0.000760056
5.48835e-07;0.00276738;1.6002e-05;2.76848e-07;2.52679e-06;9.11303e-06;1.6876e-08;0.0272208;5.56197e-08;1.57817e-07;2.57727e-08;0.130951;0.839021;1.13734e-05
1.55112e-06;0.0057425;6.04079e-06;0.000884357;0.00186433;0.000877791;8.1559e-08;0.00381602;3.38466e-05;4.29937e-06;1.7077e-05;0.000676947;0.000212237;0.985863
1.06383e-05;1.00229e-05;1.17528e-08;1.00459e-07;4.59169e-08;3.31692e-09;5.54394e-08;0.999941;3.15099e-07;1.92642e-08;1.53345e-07;4.39621e-08;3.75936e-05;2.15017e-09
1.76577e-07;0.0113042;1.2691e-06;3.61173e-06;5.55767e-07;2.18711e-06;0.00010959;9.32764e-09;4.51826e-09;0.000211925;5.63201e-09;1.87468e-07;7.92867e-08;0.988366
8.21241e-08;3.48974e-10;0.999939;3.03607e-08;7.49736e-09;9.57189e-08;9.24886e-07;1.8316e-08;1.87944e-05;3.03031e-09;4.04636e-05;5.94753e-08;1.26468e-10;2.16639e-07
1.14935e-07;0.999882;1.38959e-09;4.27994e-09;1.18737e-08;3.52526e-09;3.86772e-05;4.45564e-05;1.26451e-08;6.05466e-07;2.9013e-08;4.16362e-10;3.3374e-05;2.89769e-07
5.70504e-15;1.00735e-13;1;3.92921e-13;3.84348e-13;7.2861e-14;8.56407e-14;8.4768e-15;6.89975e-14;9.79399e-14;2.8337e-13;5.18449e-08;4.74885e-18;7.07719e-13
5.70586e-06;0.485423;3.17177e-05;3.03887e-06;0.000855449;0.000905379;6.02456e-06;0.37966;4.79785e-06;3.55352e-07;7.27096e-06;0.000156834;0.129948;0.00299175
4.77362e-07;0.762365;2.3579e-06;2.48814e-05;0.00122178;7.41925e-05;3.45348e-06;0.149881;8.94907e-08;5.25271e-06;7.19217e-06;0.0469077;0.0266842;0.0128221
1.67461e-05;0.904855;1.32451e-06;0.00111436;2.52709e-05;2.00345e-05;0.00149486;0.00179223;0.00067257;2.31075e-05;0.036361;0.0126312;0.0389873;0.00200513
4.98704e-05;0.00569228;1.0311e-06;2.52849e-07;9.70195e-07;3.76149e-06;1.35005e-06;0.987801;3.47435e-07;2.90056e-07;7.6047e-07;1.9199e-05;0.00642446;4.54754e-06
2.54904e-09;0.000125412;6.79557e-07;4.05817e-09;1.72583e-06;5.55749e-07;4.58934e-11;0.000193067;4.85395e-10;2.13936e-10;1.96293e-08;0.999663;1.29834e-05;2.38672e-06
1.45391e-08;0.999747;1.34791e-09;1.41758e-08;1.32956e-10;1.8614e-10;0.000217157;2.82462e-08;6.92125e-10;2.16275e-05;6.08694e-08;9.91108e-09;1.38739e-05;6.79599e-07
8.23512e-09;7.83188e-09;0.999988;1.26424e-07;1.69416e-08;1.18898e-09;1.90978e-06;4.59407e-09;7.0876e-06;1.05361e-07;1.69486e-06;7.03489e-07;3.54009e-10;5.7776e-10
1.66995e-05;0.999632;2.3497e-06;1.04982e-05;3.35205e-07;5.37405e-08;1.42166e-05;0.000245888;2.55529e-05;7.24301e-07;1.0739e-05;6.87139e-06;3.4296e-05;1.43126e-07
5.32796e-06;0.939183;4.30076e-09;6.51036e-05;4.77791e-07;9.7189e-08;1.94062e-07;0.0579808;5.41246e-05;1.59906e-06;1.03963e-05;0.0026606;2.25979e-05;1.53298e-05
1.94655e-06;0.992251;2.56447e-07;1.42487e-05;1.28455e-06;2.94278e-06;3.91364e-08;3.227e-07;1.08754e-09;1.39374e-06;5.09818e-07;0.000323556;0.00740194;3.25302e-07
0.00117505;0.0546078;0.00011926;5.41046e-06;0.00164095;0.000358729;6.64326e-06;0.175299;0.000107523;3.25985e-07;0.000614626;0.588391;0.1735;0.00417312
3.13147e-05;0.115659;1.52884e-05;0.00199907;0.333537;0.247809;1.20175e-05;0.239918;0.000318356;4.70464e-05;1.03189e-05;0.00356972;0.00158395;0.0554891
0.00371959;0.400426;0.000392347;0.000138133;0.00322894;0.00536173;0.000113416;0.00216177;4.90978e-05;3.60991e-05;7.24519e-05;0.379741;0.198188;0.00637217
2.00133e-05;0.0342886;1.65673e-07;6.32264e-05;0.000124897;0.0013565;1.22273e-07;0.0237927;9.58191e-05;1.64746e-06;7.35795e-05;0.00113765;0.00120019;0.937845
1.6423e-05;0.0623167;1.14094e-09;4.85881e-05;0.000211178;2.98965e-05;2.10198e-07;0.899428;0.000209308;1.39392e-06;0.000363823;0.00290576;0.0344275;4.13726e-05
0.00151248;0.814085;7.37174e-07;0.00047005;0.0101385;0.000113379;1.49732e-06;0.0133151;0.00996274;4.74536e-05;0.0559611;0.0219298;0.0712177;0.00124498
0.00190609;0.215694;3.05323e-06;1.95961e-05;0.000997721;3.57024e-05;4.48496e-06;0.43758;2.39226e-05;2.17274e-05;4.17475e-05;0.144907;0.198752;1.27256e-05
0.00101999;0.223913;0.000419249;0.000318226;0.00104877;0.00548211;1.80914e-05;0.331637;0.00084642;3.02615e-05;0.000893746;0.420062;0.012083;0.00222811
0.000208315;0.098474;2.13974e-06;1.8629e-05;0.000429272;3.76588e-05;2.63814e-05;0.73199;1.5028e-05;5.66571e-05;8.39359e-06;0.00147132;0.166312;0.000950382
3.95291e-05;0.0368369;1.02749e-05;0.003203;0.00332884;0.00230222;8.65618e-05;0.00233971;0.00519089;0.000452978;0.0045557;0.000278112;0.00140394;0.939971
5.01307e-05;0.99684;2.65398e-05;3.07869e-06;1.22732e-07;1.69078e-09;5.78346e-06;0.000309259;1.53108e-05;4.60051e-06;3.17575e-05;0.00264313;7.00734e-05;2.09146e-07
5.45606e-07;0.999527;6.57361e-11;2.91011e-05;4.57944e-06;2.75816e-08;1.47178e-05;8.45805e-07;3.20335e-07;0.00011284;5.32125e-08;8.28035e-06;2.26657e-08;0.00030129
4.89436e-06;2.81416e-07;0.999881;1.42417e-06;1.41997e-07;1.11345e-06;7.04984e-08;1.35738e-07;1.78358e-07;8.8495e-09;4.88339e-06;6.62051e-05;3.99982e-05;2.52767e-08
1.34363e-05;0.0320395;5.79698e-10;1.56941e-06;0.0257669;4.59034e-05;4.82183e-07;0.331969;8.54318e-06;7.59863e-07;1.72775e-06;5.58825e-05;0.61008;1.67261e-05
0.000382002;0.00098711;0.0276158;0.0101684;0.0784049;0.0406345;9.23615e-06;1.45859e-05;0.00134036;0.00115571;0.000302261;0.000410198;0.827509;0.0110662
0.00378022;0.0758635;0.916454;3.69985e-05;0.000117947;4.37072e-08;9.20429e-07;2.68384e-06;0.00367576;4.35849e-07;2.81919e-05;2.55144e-05;5.9179e-07;1.31376e-05
1.04198e-05;0.00465395;1.38424e-09;2.42726e-08;2.25126e-05;2.01669e-06;7.38353e-08;0.9942;0.0005246;8.88054e-08;1.29289e-07;5.24588e-06;0.000580809;2.41097e-07
4.7414e-06;9.47843e-05;4.2596e-07;2.79867e-07;0.00010811;4.98474e-07;7.01829e-09;0.998612;6.27009e-06;3.85665e-07;3.24063e-08;0.000756616;0.000414698;6.85853e-07
0.000279233;0.0410555;5.70698e-07;0.00259664;0.0131691;6.23787e-05;1.759e-06;0.0859225;0.132398;2.39837e-05;0.00115124;0.00205268;0.00199401;0.719292
1.85817e-05;0.99984;7.12184e-06;1.99221e-05;6.72835e-07;1.57059e-08;1.50655e-07;5.80137e-05;1.06529e-06;2.34516e-07;8.57873e-07;1.81439e-06;4.71143e-05;3.98134e-06
5.27959e-05;0.992735;1.69049e-08;5.43807e-05;3.07771e-05;4.48176e-07;7.94492e-05;0.000244211;2.18632e-06;4.55659e-05;1.63567e-07;2.54977e-07;2.00608e-07;0.00675472
8.71005e-08;4.30239e-09;0.999994;4.53797e-07;2.51453e-07;4.76829e-08;6.67135e-08;3.79773e-08;2.03017e-07;1.70578e-08;1.30415e-07;4.56153e-07;1.27409e-12;4.26651e-06
3.71397e-05;0.937422;1.71701e-05;2.3156e-05;1.08141e-05;9.62357e-07;2.97948e-07;3.93106e-05;1.3888e-07;6.31961e-08;2.83865e-06;3.05149e-05;0.0624154;1.30093e-07
8.76944e-07;0.0219949;4.85283e-06;1.26752e-06;2.29193e-05;1.12733e-06;9.16125e-09;0.00128084;5.76209e-06;7.44718e-08;1.00322e-05;0.975999;1.27985e-05;0.000665485
7.50716e-06;0.00789209;1.98639e-09;1.07793e-05;0.10352;0.0021672;4.27115e-05;0.881587;6.64064e-05;1.25915e-05;2.35428e-05;1.18053e-05;0.00460692;5.14645e-05
0.000710485;0.0109904;0.958464;6.30379e-06;0.000169797;6.03466e-06;3.11586e-07;8.57489e-05;6.28401e-08;2.24523e-06;3.51351e-07;0.0285753;0.000918611;7.03348e-05
8.54719e-06;0.998109;1.10419e-07;1.62098e-07;7.18333e-07;8.19622e-09;3.78017e-08;0.00172586;1.38499e-05;5.37794e-09;3.24166e-06;2.81224e-05;1.19943e-05;9.87671e-05
0.000116516;0.553384;7.82679e-06;4.37841e-05;0.0070462;6.48756e-05;4.71184e-07;0.13501;0.000198074;1.1588e-05;4.52286e-05;0.0154304;0.265854;0.0227877
0.000228085;0.791453;0.107487;6.55958e-05;0.0015165;0.000155908;7.21594e-06;0.000951075;1.48788e-06;0.000106729;5.56075e-05;0.0927208;7.76615e-05;0.00517351
6.47877e-06;0.99743;1.18428e-08;5.83846e-08;9.44127e-08;6.93907e-08;1.57635e-06;0.00030375;5.2817e-05;1.72466e-08;3.47001e-05;0.0013576;3.32905e-05;0.00077949
1.37864e-05;0.803762;1.14179e-05;1.17446e-07;4.11748e-06;9.47097e-05;1.90201e-06;0.0515323;3.43258e-06;4.70936e-07;3.28964e-06;0.0152849;0.12775;0.00153788
1.45237e-06;0.00467576;3.41197e-05;3.52198e-07;1.17893e-06;1.0823e-05;8.93435e-08;0.0121316;2.29811e-07;3.21154e-07;5.756e-08;0.417665;0.565423;5.59901e-05
3.48219e-07;0.0097836;9.08303e-08;0.000110781;0.000442434;0.000120362;1.09584e-07;0.00134909;8.10121e-06;2.54703e-06;2.9779e-06;0.000626092;0.000220586;0.987333
2.03965e-05;3.05779e-05;1.40682e-08;1.29416e-06;1.75045e-06;7.03133e-08;6.54421e-06;0.999262;5.89847e-06;2.93244e-07;2.02204e-06;5.61243e-08;0.000667968;8.89085e-07
5.34568e-05;0.135444;1.64592e-05;0.00254228;0.00306049;0.0334958;6.43824e-05;0.00477653;7.16175e-06;0.00210088;2.46685e-06;6.30964e-05;0.00136365;0.817009
1.44689e-09;5.98854e-11;1;1.87978e-09;1.09209e-10;6.97981e-10;8.76765e-09;2.08266e-11;8.01629e-08;3.93398e-10;3.23677e-08;8.29045e-10;1.75019e-13;2.79346e-08
3.09493e-05;0.510212;9.2828e-05;0.000209425;1.80705e-05;0.00013519;4.46275e-07;0.430811;0.000174715;1.67586e-06;4.86028e-05;0.0572073;0.000523951;0.000533917
3.9218e-07;0.95507;1.43216e-08;2.30689e-06;1.61582e-05;1.05343e-05;5.09255e-08;0.0123106;5.26947e-07;5.16523e-06;9.72961e-06;4.74035e-05;0.0324969;3.03754e-05
0.000266963;0.8181;2.18557e-06;1.4612e-05;6.73981e-05;5.39459e-06;4.06613e-05;0.00109639;9.00112e-05;1.7252e-05;0.0042259;0.100647;0.0753627;6.32595e-05
0.00029374;0.078598;0.899157;1.66927e-05;0.0146646;1.977e-06;1.96262e-07;0.000317481;1.69902e-06;2.52992e-06;2.82435e-08;0.000988208;2.391e-05;0.00593417
0.000162467;0.97549;9.23086e-08;6.74569e-07;0.000140271;9.844e-08;8.3576e-08;0.0218156;9.01026e-06;7.25611e-07;1.24214e-08;0.000784264;4.02169e-05;0.00155647
1.9267e-05;0.0780795;2.68612e-06;2.82475e-07;6.05026e-05;6.57105e-05;4.91823e-08;0.765976;1.83007e-06;7.43304e-07;7.01891e-08;0.0243222;0.131198;0.000272435
1.60006e-05;0.0175084;3.4884e-05;3.40193e-06;4.16906e-05;4.35803e-05;8.64842e-07;0.0468626;2.01365e-07;1.79133e-06;1.73882e-07;0.671551;0.263046;0.000888913
2.90266e-06;0.0508679;1.76276e-06;0.000620359;0.00676701;0.00458398;1.9132e-07;0.00254404;3.73542e-05;4.18475e-06;6.46188e-06;0.0569214;0.00396828;0.873674
4.03166e-05;0.976045;1.90701e-07;6.67337e-06;1.05444e-07;3.35848e-07;2.15973e-06;0.000392857;2.39149e-06;1.59923e-07;2.9583e-06;0.000952138;0.0225487;5.79142e-06
9.99097e-06;0.0197562;0.0980757;0.000233076;0.000544282;0.000457842;1.80404e-08;0.00451536;4.69083e-07;2.41566e-06;6.40369e-08;0.626966;1.49963e-06;0.249437
4.17584e-05;0.00143036;0.995354;3.91814e-06;2.12891e-05;7.52883e-06;6.17487e-07;0.000424181;1.36153e-05;6.61708e-08;8.47657e-06;1.6667e-05;0.00267616;1.3307e-06
8.47769e-09;0.999981;1.17349e-12;1.65731e-10;6.14824e-09;1.04878e-10;9.22895e-06;8.85451e-06;5.88772e-08;1.17247e-07;2.70977e-09;7.02388e-12;1.89387e-07;4.10045e-08
5.88947e-13;1.2393e-14;1;3.61054e-12;4.82362e-08;1.66049e-12;1.92594e-13;3.33961e-12;4.45336e-11;8.88082e-13;5.27349e-12;2.87056e-07;1.00204e-15;1.95222e-12
4.99029e-07;0.000174327;1.33131e-07;1.30452e-08;4.58235e-05;1.12772e-05;2.35669e-08;0.994474;3.89872e-07;5.99011e-09;1.61767e-07;0.00346623;0.00182697;3.43578e-08
3.9817e-06;0.0627694;9.0306e-06;1.22469e-06;2.15628e-05;4.80885e-06;7.37588e-07;0.826399;1.27246e-06;3.52746e-07;2.09162e-06;8.06085e-06;0.110776;3.2544e-06
2.09356e-06;0.00930584;1.12007e-05;0.000159967;0.00100313;0.000442237;5.24021e-08;0.00254645;0.00018039;5.11386e-07;2.85491e-05;0.0174185;0.000494477;0.968407
4.48236e-06;0.998177;5.88913e-09;1.23003e-06;2.83033e-08;1.28804e-08;1.28829e-06;2.51774e-05;1.66122e-06;3.5158e-08;1.06504e-05;7.49388e-06;0.00177126;7.23539e-08
1.26075e-06;0.013301;0.000749295;3.30247e-05;0.000131907;3.18485e-05;8.99851e-09;0.0038129;7.03928e-08;1.85005e-07;6.53827e-08;0.974866;5.42108e-07;0.00707241
2.29325e-06;1.02144e-05;0.99887;7.08659e-06;0.00060259;6.75907e-06;6.67057e-08;9.09501e-05;5.07271e-07;3.42591e-08;6.17314e-06;6.37843e-05;0.000326123;1.31638e-05
1.57726e-10;1;1.8535e-14;6.01841e-12;2.98874e-11;4.19092e-12;3.72992e-07;2.11624e-08;1.17578e-10;2.60252e-09;1.1689e-10;1.25089e-14;3.28554e-08;3.3251e-09
7.55235e-14;1.43782e-14;1;2.44477e-13;1.83064e-11;2.14455e-13;5.67522e-13;9.89422e-14;1.37244e-12;9.2659e-13;9.88466e-13;4.23924e-07;2.88387e-15;2.06373e-14
7.96918e-05;0.415747;0.000416065;0.000120897;0.000155976;4.64416e-05;0.00208821;0.439357;0.00697414;1.37958e-05;0.0248698;6.85232e-05;0.110059;3.35079e-06
3.3074e-07;0.00965465;9.80781e-08;1.54384e-06;0.000230917;6.61949e-06;6.31434e-09;0.984925;1.95187e-06;1.30224e-06;2.37511e-06;0.000284618;0.00482564;6.4786e-05
3.21088e-05;0.891285;9.31589e-07;9.26453e-06;1.59103e-05;8.12924e-07;2.10009e-06;0.00301757;2.05668e-05;6.54706e-06;0.000357058;0.0188008;0.0864468;4.59599e-06
0.00093712;0.0376904;0.417542;0.000159569;0.0201901;2.97165e-07;5.40991e-06;0.00018;6.57781e-06;1.6416e-05;8.17986e-06;0.498728;1.1114e-05;0.024525
0.000210444;0.864315;3.02998e-08;3.78191e-07;0.000196283;5.20904e-08;3.4203e-07;0.132267;1.4482e-05;2.6017e-07;9.42764e-08;0.000279898;7.06282e-06;0.00270908
3.89811e-05;0.100408;1.71983e-05;1.63841e-07;1.57703e-05;1.16376e-05;2.74358e-07;0.791021;2.39469e-05;4.41288e-07;2.24858e-06;0.0240498;0.0843795;3.10522e-05
1.2325e-05;0.00103683;4.17607e-06;7.5214e-07;1.93379e-05;7.74826e-06;2.33827e-07;0.107314;1.74707e-06;4.8569e-07;8.43237e-07;0.790104;0.101395;0.000102766
9.36644e-06;0.0543327;1.15536e-06;0.000377095;0.0196224;0.0131456;3.089e-07;0.0123385;0.000200307;1.62128e-05;1.86191e-05;0.00486379;0.0037568;0.891317
1.67118e-05;0.994092;8.08773e-08;1.53416e-06;1.92319e-08;2.92967e-08;9.75794e-07;7.84096e-06;2.86468e-06;2.44094e-07;1.81876e-06;0.00130795;0.00456768;3.44879e-07
7.99849e-06;0.0898706;0.0188237;0.000205105;0.000275251;0.000477716;1.26282e-08;0.000898511;1.72285e-06;4.44285e-06;8.70568e-08;0.804083;1.28355e-06;0.0853509
1.82308e-05;0.999388;3.62734e-08;2.44758e-07;5.2816e-08;3.6815e-07;2.30518e-06;8.00719e-06;2.76469e-06;5.93092e-08;1.25626e-06;1.13746e-05;0.000566659;4.07829e-07
5.58058e-08;0.00423509;8.97406e-09;4.26456e-09;8.3546e-08;1.08453e-06;5.38377e-11;9.61531e-05;2.72741e-07;4.54298e-10;5.95253e-08;0.99533;0.000332684;4.63456e-06
3.98104e-09;0.999862;5.13942e-14;1.13992e-09;4.64911e-07;1.88736e-08;8.3401e-08;9.43056e-05;1.48942e-09;2.75556e-08;1.77876e-10;6.30965e-13;1.47761e-07;4.25864e-05
5.44406e-13;1.1257e-14;1;3.45422e-12;2.6731e-09;9.31393e-13;4.18372e-14;9.97399e-13;4.56446e-13;7.84772e-14;2.31319e-12;8.8752e-09;3.35671e-15;4.0635e-12
7.13986e-06;0.000487857;4.02417e-07;9.74002e-08;1.14378e-05;3.78866e-05;1.84779e-07;0.997614;9.75801e-05;5.00584e-08;6.08302e-06;3.5091e-05;0.00170237;2.41382e-08
8.44006e-06;0.0390553;9.83853e-06;3.22627e-06;7.28889e-05;2.05753e-05;2.44523e-06;0.919297;1.15498e-05;1.43911e-06;1.13327e-05;8.30704e-05;0.0414005;2.26923e-05
1.10328e-05;0.118495;9.18803e-07;9.48723e-05;0.00119122;0.00117895;6.12827e-07;0.0115309;0.000347208;8.79958e-06;2.43515e-05;0.000872339;0.00214087;0.864103
2.35751e-06;0.998243;1.78183e-08;6.68183e-07;5.97888e-09;2.4941e-09;6.2025e-07;1.90338e-06;2.6224e-06;6.27416e-08;2.36384e-06;6.07509e-05;0.00168609;3.67071e-09
8.48253e-06;0.53153;0.0003211;0.000192419;5.46687e-05;4.28673e-05;2.91825e-08;0.00128091;2.08508e-06;2.07835e-06;2.47317e-07;0.441101;2.26452e-06;0.0254617
2.60096e-05;0.996599;1.74868e-09;2.22202e-06;5.52946e-07;8.7808e-07;1.60651e-05;9.27034e-05;8.62918e-07;2.14694e-07;4.80019e-06;4.28364e-05;0.00321156;2.72671e-06
2.25595e-08;0.00104923;7.28566e-07;1.91755e-08;9.54804e-07;3.61996e-06;4.8303e-10;0.000111155;2.23409e-08;2.78658e-09;2.31066e-08;0.998678;0.00014609;1.02885e-05
7.37958e-08;0.969844;5.51711e-13;1.49003e-07;1.17964e-05;1.00039e-05;2.5759e-05;0.000721686;1.71532e-08;4.96843e-06;1.38369e-08;5.78486e-13;4.75406e-06;0.0293769
7.55702e-14;2.92677e-14;1;1.48875e-13;2.28683e-13;6.28764e-14;1.1161e-13;4.71596e-14;1.89051e-14;6.74134e-14;1.57248e-13;6.62787e-09;3.98922e-15;1.07187e-14
0.000544847;0.0810282;0.00399123;0.000706636;6.87469e-05;9.4904e-05;0.0259346;0.0921368;0.267721;7.8007e-05;0.386603;1.00254e-05;0.141075;6.95141e-06
1.30988e-06;0.0458327;1.45725e-07;3.71762e-06;6.48811e-05;3.49329e-06;1.40809e-07;0.951168;6.99652e-06;5.33973e-06;6.68255e-06;0.00045004;0.0023428;0.000113373
9.07994e-05;0.97439;8.45191e-07;6.31797e-06;2.52216e-05;3.13312e-07;4.64939e-06;0.00082014;3.75399e-05;7.30174e-06;0.000163047;0.01084;0.0136083;5.76218e-06
0.00594278;0.19157;0.115086;4.16207e-05;0.00511559;6.1246e-08;7.78005e-06;0.000500156;8.50533e-05;7.07329e-06;3.1245e-06;0.675489;2.6788e-06;0.00614937
0.00101896;0.636063;3.34159e-07;2.97098e-07;0.000145237;5.07078e-08;1.7427e-07;0.360272;0.000555897;5.25057e-07;2.84268e-08;0.000296758;6.01758e-06;0.00164052
1.55502e-05;0.0445136;4.20848e-07;4.84356e-08;6.01474e-06;7.43673e-06;6.69111e-08;0.878274;2.1475e-05;2.83852e-07;2.49911e-07;0.0106862;0.0664274;4.73115e-05
6.98253e-06;0.00134317;2.00157e-05;4.2164e-07;1.29836e-05;4.64843e-06;8.40391e-08;0.359864;5.87656e-07;1.68576e-07;1.39849e-07;0.610496;0.0282282;2.25087e-05
5.54926e-06;0.0847999;1.28815e-05;0.000309191;0.00326367;0.00226095;1.40527e-07;0.00487366;6.321e-05;6.88699e-06;6.42666e-06;0.0278982;0.00266595;0.873833
1.31003e-05;0.993732;9.75236e-08;1.35817e-06;8.80804e-09;1.0312e-08;3.3519e-06;1.89483e-05;3.82803e-06;1.59249e-07;3.98832e-06;0.000461434;0.00576155;3.67881e-07
4.44699e-05;0.0491217;0.1055;0.000850692;0.00132808;0.000343469;1.01223e-07;0.053695;8.99729e-06;1.41892e-05;4.15744e-07;0.673774;8.24196e-06;0.11531
8.22172e-05;0.000198223;4.11103e-09;9.43269e-07;1.25116e-06;5.63434e-07;4.68158e-07;0.999374;0.000156322;2.51118e-08;1.54468e-06;9.35795e-09;0.000184152;4.66196e-07
4.97446e-08;8.67164e-05;1.05572e-06;9.37675e-07;1.79195e-07;5.26546e-07;3.92303e-11;1.7931e-06;9.71903e-07;3.47229e-09;1.65902e-07;0.999846;5.69014e-05;5.22687e-06
3.95182e-05;0.998394;0.000684061;8.21558e-06;1.56803e-06;3.15264e-08;1.64161e-05;3.02675e-05;2.36058e-07;5.94452e-05;8.33427e-08;1.37323e-05;9.22292e-06;0.000742811
6.5926e-10;5.19265e-11;0.999998;6.96566e-11;7.40593e-11;8.68887e-11;2.62299e-10;3.59322e-11;1.9887e-09;2.05283e-11;4.42344e-09;1.69571e-06;4.17742e-10;1.37596e-12
3.79497e-05;0.198771;1.01972e-05;4.05029e-05;0.000349805;0.0032355;2.66212e-05;0.437507;0.00240406;1.32959e-05;0.0077004;0.000211262;0.342293;0.00739927
5.83874e-06;0.0354895;6.10813e-05;4.69419e-05;0.000370209;0.000190421;1.64538e-06;0.126301;2.12619e-06;5.38686e-06;2.08619e-05;0.0267066;0.810637;0.000161496
1.41582e-06;0.0984218;5.82892e-07;0.000135867;0.00139478;0.000227468;1.30489e-07;0.00142835;2.50848e-05;1.75607e-06;2.40449e-05;0.00212848;0.000465439;0.895745
2.38268e-06;0.715274;5.48064e-09;2.75606e-06;4.45227e-08;6.33468e-07;1.22758e-05;8.94593e-06;1.32986e-06;1.9423e-07;1.49663e-05;5.43324e-06;0.284677;8.29293e-09
2.28971e-07;0.0117166;0.931169;1.62349e-05;6.98439e-05;7.02208e-06;7.17527e-09;1.5549e-05;7.28442e-09;9.93327e-07;2.21773e-09;0.0543626;1.65137e-07;0.00264202
1.71959e-05;0.0375174;3.91223e-08;1.51744e-05;0.000167442;0.000980993;1.37328e-05;0.0918456;3.53598e-05;2.37184e-06;3.08267e-05;0.000215961;0.868336;0.000821905
4.37396e-07;0.0112456;1.05777e-09;5.50245e-06;0.00173119;1.64978e-06;6.68087e-07;0.984558;0.000154313;6.20039e-07;0.000116741;0.00012858;0.00204876;7.41565e-06
0.000116121;0.019925;0.9618;0.00146499;0.00682495;0.000355963;1.58737e-06;6.23554e-05;1.36926e-05;0.000210216;0.000374222;0.00201378;0.00163201;0.00520545
6.92266e-06;1.88066e-06;5.25278e-10;2.98909e-09;1.14864e-08;2.94855e-09;6.23282e-09;0.999979;1.17026e-05;3.78601e-10;5.38167e-07;5.36557e-09;1.54857e-07;1.35177e-08
1.5553e-08;1.75401e-05;1.79548e-06;6.88408e-07;2.02219e-06;9.1896e-07;5.09545e-12;1.33382e-07;2.3722e-08;1.6858e-09;2.3161e-08;0.999863;2.26582e-06;0.000111281
1.91183e-05;0.999103;1.30511e-05;1.25455e-06;3.89714e-07;2.49548e-09;3.38137e-06;1.22161e-05;4.92259e-09;2.56751e-05;1.41246e-08;7.13971e-05;7.18785e-06;0.000743701
3.28782e-10;1.85847e-12;0.999998;4.76605e-12;1.85372e-11;5.71103e-12;1.05574e-10;1.77334e-12;7.46889e-10;1.28083e-12;7.03562e-10;1.75961e-06;3.37887e-11;1.28469e-12
1.64372e-05;0.0675995;8.25673e-06;4.44317e-06;0.000204388;0.000366318;9.40928e-06;0.742045;0.00156674;2.21277e-06;0.000450437;0.000210326;0.184223;0.00329398
3.93039e-06;0.0215784;4.15114e-05;1.3226e-05;0.000424243;5.99732e-05;1.1796e-06;0.456694;3.45916e-06;1.67597e-06;4.33095e-06;0.00377977;0.517311;8.29706e-05
8.49295e-07;0.0157976;2.64766e-07;6.46078e-05;0.000750564;9.95158e-05;1.30168e-07;0.000679303;6.89094e-05;8.20575e-07;1.12695e-05;0.000646581;0.000379008;0.981501
3.22027e-06;0.847253;3.15967e-09;2.20579e-06;6.00756e-08;1.64983e-07;1.65304e-05;4.42577e-05;4.86983e-06;1.16845e-07;1.55604e-05;2.44941e-06;0.152658;4.79861e-09
5.20878e-07;0.113865;0.38858;6.84479e-05;0.000837058;2.67858e-05;7.97735e-09;0.000195545;2.36434e-08;2.07197e-06;3.14012e-09;0.479241;1.33965e-07;0.0171827
1.82493e-05;0.0943519;3.06346e-08;1.26264e-05;0.000516763;0.00111077;6.07462e-06;0.358431;2.54969e-05;1.68279e-06;7.94836e-06;0.000116734;0.544338;0.00106332
3.18493e-07;0.00912815;8.57739e-09;2.69306e-06;0.00273808;1.063e-06;7.43536e-07;0.986688;5.72848e-05;3.26925e-07;1.91422e-05;3.57523e-05;0.00132718;7.52017e-07
9.1539e-06;0.0093483;0.98576;9.47832e-05;0.00141797;6.02984e-05;1.60098e-07;1.25658e-06;2.22469e-07;2.82816e-05;1.23818e-05;0.00210353;2.66483e-05;0.00113658
0.000150348;0.983911;1.14349e-06;1.73621e-07;1.65481e-07;5.76613e-08;1.92096e-06;0.000253555;2.54397e-05;2.23478e-07;4.31241e-05;0.0144035;0.00120751;1.53033e-06
5.53823e-06;0.517631;2.38182e-06;3.06644e-06;1.5662e-05;7.08701e-05;6.95704e-08;0.00919043;2.16169e-05;2.99494e-07;2.7497e-05;0.220558;0.252218;0.000255175
4.75797e-05;0.576376;0.379772;1.21851e-05;9.72626e-05;9.71555e-07;5.57226e-07;2.72343e-05;1.05126e-07;1.2729e-05;2.72746e-07;0.035642;1.71584e-06;0.00800905
2.2301e-09;2.57396e-10;0.999965;9.68864e-11;1.68969e-10;6.58074e-12;1.61751e-09;3.61721e-12;1.28975e-09;2.18469e-11;3.7481e-09;3.52093e-05;5.62399e-11;5.64433e-10
9.9871e-05;0.0126061;1.30466e-05;9.04234e-06;0.000360502;0.000567628;0.00135374;0.602117;0.0115026;1.50108e-05;0.0271109;0.000722463;0.342405;0.0011172
1.43421e-05;0.155666;0.000309608;1.54108e-05;5.69709e-05;6.47022e-05;1.44637e-05;0.527871;1.99147e-06;7.17809e-06;3.31227e-05;0.0567447;0.259153;4.71092e-05
6.89553e-07;0.0122736;1.72473e-06;9.91583e-05;0.00272881;0.000652759;4.77149e-07;0.00165065;1.93597e-05;2.82801e-06;3.94935e-05;0.0128035;0.000389783;0.969337
1.4995e-06;0.961557;5.47184e-08;4.01363e-07;2.36926e-09;1.48476e-08;1.2645e-05;9.33892e-07;7.38209e-08;9.9195e-08;1.99324e-06;3.1884e-05;0.0383934;7.50668e-08
1.12326e-06;0.00100354;0.173465;5.46065e-06;1.75671e-05;1.98944e-05;9.2882e-09;2.14276e-05;5.4871e-08;2.66627e-07;3.17068e-09;0.823806;6.30237e-07;0.00165909
1.90337e-05;0.131238;2.16987e-07;1.78228e-05;0.000279849;0.000251871;1.3986e-06;0.461842;0.000159441;3.00078e-08;0.000318231;0.000122408;0.405747;2.71882e-06
1.84924e-09;0.999905;3.95813e-11;3.39331e-10;3.04258e-09;1.04534e-10;7.58172e-08;1.16014e-08;2.79447e-11;3.13443e-08;5.04976e-11;4.9426e-10;6.39428e-09;9.54348e-05
1.16051e-13;3.90142e-15;1;6.38552e-12;7.23217e-09;1.4474e-11;2.00656e-14;1.5168e-13;1.34834e-12;1.69284e-13;1.70794e-12;1.22508e-09;2.30511e-15;8.88076e-13
1.87041e-06;0.00111441;4.7089e-06;1.58586e-06;0.000149403;0.00240398;1.45213e-07;0.991561;1.01936e-06;1.55553e-07;4.36651e-06;0.00271914;0.00203744;5.80578e-07
5.0571e-06;0.0372627;1.91379e-06;4.10297e-06;6.37918e-07;9.49456e-06;2.73317e-05;0.103425;5.5698e-06;7.56201e-07;0.000230661;0.000121288;0.858905;1.21587e-07
1.64677e-06;0.00542136;1.45033e-05;0.000154953;0.000840339;0.00146506;7.37883e-07;0.00515639;0.00010305;2.73011e-06;0.000204861;0.000927312;0.000316425;0.985391
7.65375e-06;0.996341;2.22002e-07;2.59956e-06;2.76999e-08;1.36073e-08;6.88378e-06;5.81533e-05;2.27066e-06;1.98503e-07;1.14356e-05;0.00015448;0.00341508;1.14427e-08
4.0365e-06;0.00505301;0.00154175;2.79987e-05;8.61624e-05;4.95074e-06;9.34555e-09;0.00118748;5.48794e-07;1.16728e-07;5.22484e-07;0.991733;5.82002e-07;0.000360058
9.96957e-06;0.995094;1.37201e-07;1.20703e-06;1.65555e-07;1.99099e-06;0.00181662;0.00159868;3.05508e-06;2.3202e-05;3.01195e-05;8.09496e-10;0.00141498;5.85036e-06
1.04152e-11;1.01438e-10;1;9.58593e-11;1.06727e-11;5.5808e-12;6.87687e-12;6.10596e-13;7.41894e-11;1.10913e-11;3.14991e-10;3.84952e-07;1.61725e-13;1.71818e-11
0.000220262;0.850705;0.000100757;4.4156e-05;1.96568e-05;6.57211e-06;0.000205784;0.0244667;0.0530298;3.9408e-05;0.0217389;0.000144297;0.0492737;4.50904e-06
3.18642e-07;0.990553;4.36443e-09;6.79333e-07;3.22743e-06;1.59071e-06;8.90513e-09;0.00793959;1.34604e-07;1.84331e-06;4.29814e-08;9.49218e-05;7.22369e-08;0.00140417
0.00025923;0.83954;1.46744e-07;2.14818e-05;4.86874e-05;8.74516e-06;0.000227782;0.0485807;0.00010199;0.000220649;2.73634e-05;0.00137968;0.107548;0.00203557
0.000224258;0.0348819;3.8503e-06;1.52741e-05;0.000176821;3.73008e-06;7.0118e-06;0.0690026;0.000608362;2.62777e-06;9.29712e-05;0.890542;0.00413095;0.000307407
4.34228e-06;0.999879;2.77994e-09;3.07217e-08;2.17563e-09;2.78693e-10;1.07186e-05;1.10903e-06;1.49359e-07;3.11599e-08;6.50304e-08;4.55184e-05;5.90561e-05;8.82594e-09
1.16078e-05;0.000643534;7.53425e-05;7.75291e-05;0.000657024;0.00371615;4.21178e-09;1.15372e-05;4.36189e-08;5.16557e-07;4.78525e-07;0.992245;0.000381862;0.0021793
1.98013e-06;0.999053;7.82204e-10;1.03403e-08;7.03847e-09;1.07379e-08;8.43798e-05;1.29547e-07;8.27237e-09;6.09104e-07;3.53476e-08;2.62365e-11;4.82247e-07;0.000859128
1.80509e-11;5.23326e-14;0.999992;1.24158e-11;1.02104e-10;5.73367e-10;7.92425e-12;1.12292e-13;3.64043e-11;1.40421e-12;1.77748e-10;7.56379e-06;3.2899e-12;7.40963e-13
5.68377e-06;0.0114735;9.66697e-07;3.07837e-06;1.49134e-05;0.00044106;6.88629e-05;0.00148963;0.000349012;8.20334e-07;0.00142419;3.95787e-05;0.984672;1.69179e-05
8.77682e-08;0.00301857;3.23603e-07;3.22933e-07;3.33722e-06;1.00367e-05;2.2626e-07;0.00105585;9.57843e-08;1.89118e-07;2.40122e-07;3.93473e-07;0.99591;2.6773e-07
2.67969e-06;0.220381;2.52238e-06;0.000399298;0.00599095;0.0012032;9.09997e-07;0.0046353;3.32728e-05;1.3614e-05;3.80627e-05;0.046347;0.00424306;0.716709
1.21996e-05;0.84544;6.83097e-07;6.27265e-06;2.26622e-06;3.18304e-07;1.25376e-05;0.000111712;1.17169e-06;1.56214e-06;2.18644e-05;0.000462635;0.153926;9.36679e-07
9.37779e-06;0.00639451;0.57361;0.000139217;0.00170168;0.000353218;7.69845e-07;0.00160221;1.66227e-06;4.60567e-05;3.29684e-07;0.409434;2.94855e-05;0.00667791
3.68143e-07;9.33699e-09;0.999945;2.9085e-06;1.58304e-06;1.64771e-06;7.25624e-07;1.08624e-07;3.50946e-05;7.90232e-08;1.19287e-05;1.39656e-07;2.26167e-07;2.39537e-07
3.37273e-07;0.00175002;0.99781;1.20971e-07;1.00111e-08;2.5746e-09;1.07454e-09;5.65535e-05;1.52013e-07;2.58897e-09;4.84647e-08;0.000382892;8.15176e-08;3.27166e-08
1.34977e-06;0.214726;1.41767e-08;1.55881e-07;2.28571e-06;2.34216e-05;1.5525e-06;0.000300719;1.78891e-07;1.04561e-05;1.28647e-07;2.67414e-09;3.75364e-05;0.784896
6.67791e-15;2.43774e-15;1;2.2231e-13;8.87616e-14;4.85407e-14;6.20431e-15;3.40956e-14;5.84298e-16;3.57156e-14;2.43908e-14;1.06565e-08;1.37673e-18;4.99599e-12
3.01936e-07;0.031274;8.31693e-08;1.33688e-06;2.52969e-05;2.72467e-07;7.40574e-09;0.968425;3.46617e-07;1.06048e-08;5.42572e-07;0.000265178;6.62144e-06;7.7376e-07
9.79839e-07;0.0941302;1.08036e-07;6.31945e-08;4.49472e-06;1.52784e-08;3.59969e-09;0.895333;4.55287e-08;1.31309e-08;1.14443e-07;0.00654061;0.00399059;1.13458e-09
2.98573e-06;0.0285809;0.948155;6.85213e-05;0.00573853;0.00127894;2.65398e-07;0.000402239;1.75184e-09;0.000174198;5.50626e-08;0.00679909;0.00318901;0.00561003
3.90653e-06;0.976841;1.25617e-08;2.6432e-05;1.53692e-06;2.06126e-06;3.53693e-06;0.00562198;7.37682e-05;9.90785e-08;0.000625677;0.0127723;0.00318849;0.000839383
7.27256e-07;0.902895;2.71806e-09;1.98642e-06;9.38109e-05;1.77676e-07;2.75101e-06;0.0920234;3.58888e-08;6.49184e-07;5.07902e-08;3.36511e-05;0.00489051;5.72843e-05
1.16962e-07;0.000392923;0.00407263;7.88737e-06;6.37112e-05;1.65478e-06;1.07836e-08;1.88034e-06;2.62595e-10;4.38496e-07;2.35127e-08;0.995426;2.57372e-05;6.66705e-06
9.67868e-05;0.851479;4.9636e-08;8.96481e-06;1.14935e-06;8.6465e-07;0.00112471;0.0114908;0.012145;1.16967e-06;0.0206137;0.000136886;0.102898;2.82036e-06
1.36138e-05;0.532514;3.79449e-09;1.19124e-06;9.52698e-08;3.5182e-06;1.30621e-05;3.52653e-07;1.14617e-05;4.88648e-07;3.01101e-06;5.42145e-06;0.467432;1.3556e-06
0.000279665;0.00300214;0.945285;0.000221398;7.92062e-05;5.06779e-06;6.00587e-06;0.000264217;0.000236316;4.48354e-05;9.34611e-07;0.0411955;1.56271e-07;0.00937963
6.30072e-07;0.00248368;1.12885e-13;3.02632e-08;6.17084e-06;7.44821e-09;8.29708e-09;0.997489;4.53082e-06;1.64809e-09;4.36464e-08;6.29915e-08;1.61025e-05;6.98062e-09
5.56928e-06;0.000859751;0.99842;4.66149e-06;1.00299e-05;1.13998e-05;3.69173e-06;4.38334e-05;2.86865e-07;6.69456e-05;6.5096e-07;4.28904e-08;0.000572101;1.04667e-06
4.76381e-11;1.59002e-11;1;9.33663e-12;1.22555e-11;1.44352e-12;7.45554e-11;4.87628e-13;2.42321e-09;8.52188e-12;1.93221e-10;2.8523e-10;5.5894e-14;2.88878e-12
1.25527e-07;2.85131e-05;0.00260349;2.23432e-07;1.42958e-07;1.20812e-06;1.84792e-09;2.2027e-05;6.65578e-06;2.32241e-09;1.43349e-07;0.997323;7.83363e-07;1.39743e-05
3.61905e-05;0.000762887;5.20069e-09;1.67475e-07;0.000435613;0.00129945;3.2345e-09;0.994693;1.54406e-05;5.87387e-08;8.99181e-08;1.23969e-10;0.00268018;7.65018e-05
3.01192e-10;3.23227e-07;1.57267e-06;4.33507e-10;7.33096e-06;7.12248e-10;1.04616e-13;3.0796e-09;1.09568e-10;1.25197e-11;6.5302e-11;0.999991;1.0341e-09;2.06644e-07
1.19293e-07;0.987704;4.38991e-12;1.16623e-09;3.26635e-06;8.7833e-10;2.98466e-08;0.011992;2.32021e-08;1.78511e-08;1.80609e-10;4.60266e-11;9.29448e-08;0.000300986
9.716e-05;0.0237108;3.17797e-07;8.95338e-05;0.000404987;1.74723e-06;0.000421376;0.97079;0.00133812;1.7644e-05;9.56616e-05;2.0745e-06;0.00302198;8.34871e-06
5.96792e-08;0.000447654;1.06868e-10;3.29135e-10;4.2601e-08;3.98662e-10;2.43888e-12;0.999549;2.58244e-11;5.96897e-10;5.02114e-12;4.86451e-09;3.47774e-06;3.8669e-08
6.5992e-07;0.9353;2.81587e-05;3.70932e-06;0.000380844;0.000195726;1.6617e-05;0.0334173;3.68263e-07;6.03253e-05;1.34597e-06;0.00029328;0.000133201;0.0301688
6.11277e-12;2.48208e-10;1;1.13588e-10;1.37303e-11;4.83473e-11;1.81382e-10;3.67904e-12;9.71143e-11;1.82945e-11;4.92808e-10;3.50817e-12;6.05123e-10;1.19659e-11
1.20385e-08;6.81301e-06;0.999958;7.07171e-09;3.20974e-08;2.62289e-09;8.96171e-10;8.24163e-07;1.81593e-09;2.08006e-09;1.03884e-10;3.2745e-05;3.85199e-09;1.46861e-06
5.38416e-07;0.000115451;7.55877e-06;2.3992e-06;0.87613;0.0442272;5.62693e-10;0.000122489;1.26364e-06;1.29152e-07;3.18362e-07;4.78002e-05;0.000701919;0.0786432
4.55361e-05;0.321634;4.32997e-06;1.62265e-06;0.0173903;0.00102092;5.12467e-07;0.00402317;2.07819e-06;2.32429e-05;9.86053e-08;5.76029e-05;0.629804;0.0259919
1.41793e-10;1.16664e-11;1;1.17299e-11;1.56266e-11;3.95017e-13;4.68896e-14;2.08074e-12;3.67885e-11;1.74827e-12;2.711e-13;2.60905e-10;7.87294e-13;2.14172e-13
8.99547e-07;2.14125e-05;1.67068e-09;1.72447e-07;6.31746e-08;9.22151e-08;3.02022e-11;0.999018;7.57547e-06;1.10307e-09;2.60893e-08;0.000922742;2.92243e-05;5.1466e-09
1.22271e-06;0.972427;1.26132e-08;3.47068e-07;1.18954e-09;7.9139e-09;1.50821e-07;1.75192e-05;9.02334e-07;8.46194e-08;5.43722e-07;2.09482e-08;0.0275522;1.91787e-09
1.09255e-05;0.330856;0.015838;4.67893e-05;0.000259252;0.000678944;1.89378e-07;0.634327;1.63963e-07;5.33576e-05;3.65377e-07;0.017718;5.0688e-06;0.000206111
8.74639e-09;1.3544e-08;0.999999;1.05357e-07;2.97437e-08;9.07936e-08;1.44926e-07;4.14655e-09;5.10818e-08;3.00442e-08;2.90561e-07;1.68205e-07;4.63307e-08;6.62741e-10
1.4563e-08;1.9441e-06;0.932346;5.32709e-07;1.42838e-09;9.23769e-09;1.62044e-09;3.64183e-07;3.57727e-07;6.90935e-09;1.06565e-07;0.0676503;2.13902e-07;6.29847e-08
2.5235e-05;0.026726;0.00160118;0.000430856;0.0150068;0.00526038;1.16267e-05;0.0141769;0.000601084;6.97518e-05;0.000158091;2.6456e-05;0.000564524;0.935341
9.86392e-05;0.513155;0.000249651;4.40183e-05;0.0116902;0.000418388;1.98062e-06;0.123701;1.70312e-05;2.58834e-05;2.32489e-05;0.0745976;0.00616813;0.269809
1.04059e-06;0.00282868;2.53486e-10;3.69504e-07;2.04664e-05;5.98413e-05;1.40471e-09;0.996936;1.17633e-07;4.72552e-08;3.9607e-09;9.60738e-08;0.000152046;1.33103e-06
2.45523e-10;1.59646e-09;1;2.52411e-10;9.86599e-11;4.94473e-11;5.28447e-13;2.5891e-10;2.61387e-11;2.88447e-11;2.52491e-11;5.4718e-09;7.04628e-11;1.83645e-10
1.00958e-06;2.52527e-05;0.00302353;2.55395e-06;6.54231e-07;3.05435e-07;1.27557e-08;2.99386e-05;1.44465e-07;5.78375e-08;4.64829e-08;0.0024077;1.03873e-05;0.994498
3.53093e-08;0.000193552;1.0174e-08;1.03768e-08;0.00220527;2.00929e-06;7.76874e-11;0.997569;1.43351e-08;2.82057e-09;5.72803e-10;4.1634e-08;2.73262e-05;2.72533e-06
