2.9698e-07;0.999974;1.00134e-06;8.99748e-07;1.10363e-06;1.55758e-09;4.02442e-09;1.52693e-05;6.10692e-09;9.92296e-09;5.93851e-09;5.03501e-06;9.72438e-07;1.06605e-06
9.27687e-07;3.81039e-07;1.01234e-10;1.19572e-08;2.01632e-07;3.28877e-09;3.24406e-08;0.999991;8.60603e-07;8.28898e-09;4.68557e-08;8.1212e-10;6.40547e-06;7.46959e-08
4.18231e-07;8.16863e-05;4.00944e-05;2.07311e-06;0.000136135;7.10154e-08;6.53041e-07;0.000179259;2.53834e-05;6.38748e-08;1.09757e-06;0.999523;2.38619e-07;9.63976e-06
3.3713e-06;0.99069;2.46159e-06;1.16496e-06;3.27301e-08;7.8277e-09;3.29802e-07;3.98555e-07;1.64607e-09;3.62589e-08;5.9752e-07;8.94288e-06;0.00929016;2.02616e-06
1.5007e-05;0.1169;2.18526e-05;1.00914e-07;5.84408e-06;1.29051e-08;2.35434e-07;0.292945;3.35905e-07;2.71972e-08;1.8721e-05;0.588332;0.00166721;9.32141e-05
1.9057e-06;0.0779095;1.39823e-06;2.91827e-05;0.170696;0.0184298;2.44636e-06;0.00556645;2.45402e-07;1.14694e-05;8.3585e-07;0.0590341;0.281677;0.386639
1.98381e-07;7.49603e-05;2.57181e-07;4.40813e-07;6.39481e-07;9.16918e-07;5.53846e-08;1.21118e-05;1.54984e-07;1.43605e-08;8.96318e-06;0.000843773;0.999057;1.03858e-06
3.01808e-06;0.0221166;0.000265582;8.12634e-06;8.61e-06;0.000144604;3.28055e-07;0.0300238;2.19094e-07;1.05171e-05;4.28034e-06;0.000425875;0.946343;0.000645654
1.36691e-10;4.63706e-09;1;6.21067e-09;3.50256e-09;7.44057e-10;2.20761e-09;2.66436e-08;1.60388e-09;6.71039e-10;7.45481e-09;2.26357e-08;2.78692e-08;1.83897e-10
5.24283e-09;4.71657e-07;0.999389;1.00637e-06;2.30026e-08;8.5428e-08;1.09722e-08;0.000373138;3.46702e-08;4.88322e-09;1.596e-07;0.0002332;9.8668e-08;2.42009e-06
8.78363e-10;8.50163e-05;1.20908e-06;3.58088e-08;1.58625e-05;3.65368e-05;3.72041e-11;1.45611e-06;2.80975e-11;2.19611e-08;1.27166e-10;1.01139e-06;2.24975e-08;0.999859
2.90769e-08;0.00487966;4.91487e-10;6.44729e-08;2.16021e-08;5.2699e-06;5.98811e-08;0.000504235;1.96985e-08;7.82311e-09;1.06381e-05;2.58005e-05;0.994574;6.4981e-08
2.21835e-06;0.000772849;1.06995e-10;2.03698e-07;2.46216e-07;4.6777e-07;1.55896e-08;0.998641;2.95304e-06;2.63063e-08;1.37628e-07;1.12247e-07;0.000579828;1.51701e-08
5.3172e-06;0.7204;1.07328e-05;7.17136e-05;6.73825e-07;2.14593e-08;4.01724e-07;3.14065e-05;3.33037e-07;2.19618e-05;1.69217e-07;0.279311;5.125e-05;9.55423e-05
7.21809e-07;0.972441;1.61232e-12;4.76089e-07;6.35851e-08;3.95204e-09;0.02742;1.41739e-06;8.9488e-06;4.04143e-05;3.6425e-06;8.33871e-10;1.17986e-07;8.33038e-05
1.51135e-07;9.98467e-07;0.999993;3.00276e-09;8.57356e-10;7.49646e-09;1.91216e-06;4.4291e-07;6.79632e-08;8.20758e-09;1.12016e-08;3.31804e-10;3.17377e-06;3.63167e-10
2.17458e-09;2.58471e-08;0.999997;6.26702e-10;2.21623e-11;7.22239e-11;4.16271e-09;3.01079e-09;2.62364e-06;1.94801e-10;2.60337e-09;6.51867e-08;1.79459e-09;2.71198e-11
2.79118e-08;2.63284e-06;0.998049;4.39234e-08;7.92851e-10;1.85529e-09;6.76096e-11;3.9247e-06;5.0344e-06;1.28721e-10;8.68029e-09;0.00193961;1.60574e-08;7.44559e-09
1.92728e-08;0.0126211;1.48203e-08;5.67242e-09;2.38406e-06;8.15468e-05;7.29708e-09;1.47188e-08;2.5346e-09;1.21272e-06;5.89907e-11;4.29375e-13;1.60732e-07;0.987294
1.24451e-14;2.84007e-14;1;5.37997e-13;2.58282e-10;1.26998e-12;9.27691e-15;1.74201e-14;1.09867e-14;6.4977e-14;1.73257e-14;4.78504e-08;2.52743e-17;4.13846e-11
2.01721e-07;7.66466e-06;9.4928e-08;3.60446e-06;0.000284567;9.45724e-06;1.3578e-07;0.999647;4.13681e-05;7.03551e-08;8.15713e-07;3.24945e-06;1.24728e-06;8.24554e-08
4.06329e-05;0.686166;3.69319e-05;3.41531e-06;0.000161675;2.76651e-08;2.08193e-07;0.313049;7.08343e-06;1.20584e-06;6.24932e-07;0.000110511;0.000411456;1.17734e-05
1.45367e-07;0.137701;9.51431e-11;3.41769e-08;2.82748e-05;1.05935e-08;3.74507e-09;0.862204;8.77874e-09;2.87941e-08;1.00833e-08;1.14325e-05;5.33327e-05;1.52373e-06
1.65445e-07;0.0288477;0.560801;1.35584e-06;0.000402639;0.000121065;1.01405e-08;2.58704e-05;7.59412e-12;1.98203e-06;2.10851e-09;0.394731;0.000187067;0.0148802
6.53249e-06;0.568522;2.96932e-07;0.000123558;0.00172903;0.00298821;1.14761e-05;0.259219;3.80932e-05;1.77196e-06;0.00122479;0.0746365;0.0317559;0.0597428
2.67055e-07;0.996035;7.95936e-08;1.10347e-09;1.53806e-08;3.76624e-09;6.59466e-10;2.28863e-06;1.64424e-11;3.62053e-10;4.86025e-11;0.000278265;0.00368439;4.78556e-09
3.98237e-07;0.00610221;1.01855e-05;5.65257e-06;0.00234026;0.000538479;2.30455e-10;0.0621079;1.73492e-07;1.10922e-08;3.89613e-08;0.663095;5.75064e-05;0.265742
2.54712e-08;0.99997;9.28285e-11;3.11174e-09;6.87055e-11;1.05892e-10;1.09832e-05;2.84851e-07;3.79305e-11;3.99492e-08;7.54513e-10;1.29509e-11;1.86558e-05;4.85993e-08
1.66893e-11;9.36076e-10;0.999999;7.85173e-10;2.76955e-12;1.02162e-11;5.32969e-11;3.48443e-13;4.92583e-11;4.63128e-12;9.21015e-11;9.67584e-07;6.50598e-12;1.22355e-10
5.31476e-05;0.533259;0.00795642;1.12428e-05;1.8096e-05;0.00012006;3.26372e-05;0.0361976;1.08152e-06;5.96699e-06;1.40174e-06;0.400762;0.00305315;0.0185283
4.8834e-08;0.00436563;6.98868e-10;7.44471e-07;6.14868e-06;2.9835e-05;1.0768e-07;0.000471415;8.05911e-08;2.55833e-07;1.40527e-05;1.01866e-06;0.995101;9.24013e-06
3.49723e-07;0.000964247;4.34579e-05;4.00886e-06;4.26232e-06;1.12615e-06;5.84835e-09;5.9832e-06;1.98679e-07;1.33471e-07;3.25943e-05;0.998576;0.000366749;1.4092e-06
1.36583e-05;0.989882;0.000219804;1.50879e-05;0.000273017;0.000101503;1.71073e-08;0.00016227;3.31659e-08;3.37959e-07;2.25216e-07;8.12876e-05;0.00922241;2.79687e-05
7.50737e-10;5.4314e-05;1.69726e-12;7.44228e-10;4.78979e-10;2.89164e-08;1.445e-11;7.58673e-08;4.51131e-12;8.56538e-11;2.18354e-09;1.45854e-08;0.999946;3.47662e-10
4.91509e-07;0.00602845;0.99384;7.36645e-07;3.69031e-07;1.35086e-07;1.73694e-07;3.1289e-05;1.69411e-09;6.09165e-07;1.27873e-07;1.9686e-05;5.00543e-06;7.2462e-05
2.25102e-06;0.00209563;3.49769e-09;0.000193802;0.00621969;0.737507;5.54802e-05;0.000209461;8.97476e-05;2.56984e-05;0.00195411;3.89781e-06;0.250827;0.000816511
0.000136538;0.0319161;0.931474;8.38824e-06;0.000160748;2.23016e-05;6.38715e-07;7.57348e-05;2.0618e-07;4.36028e-06;1.21507e-07;0.0355841;0.000548806;6.75613e-05
4.4584e-06;0.993507;1.67856e-08;3.70442e-06;8.37331e-06;1.56418e-05;3.37841e-06;0.00380972;0.000146887;7.54038e-08;0.00034237;4.33943e-05;0.00206621;4.9062e-05
3.58985e-07;0.997444;2.72361e-07;9.2856e-09;1.0145e-08;1.92735e-08;1.12795e-08;2.84163e-06;3.81076e-09;1.38128e-08;3.13718e-09;5.25983e-05;0.00249966;3.31007e-09
1.06181e-06;0.00155238;9.86542e-06;0.000389036;0.00126774;0.00157115;7.33428e-09;0.00413673;2.39756e-05;6.85106e-07;5.58287e-06;0.309678;7.97379e-05;0.681284
3.70629e-06;0.849531;1.14347e-07;1.25064e-06;2.90405e-06;5.73938e-08;9.46029e-07;0.150071;1.09588e-06;1.1475e-07;4.58533e-06;1.29359e-06;0.000382443;1.48753e-07
7.2267e-06;0.0298904;0.0190717;0.000973177;0.000604717;0.0012806;9.11878e-07;3.0681e-05;1.71559e-07;6.85323e-06;1.20302e-05;0.910567;0.00286461;0.0346898
7.09886e-05;0.833848;2.52829e-06;4.71263e-07;3.27383e-05;5.50855e-07;0.000223063;0.16352;1.82596e-05;3.5156e-08;6.49581e-05;0.000114707;0.00210399;1.04146e-07
2.24551e-09;0.999992;1.80456e-10;1.48966e-10;4.71753e-09;1.50828e-10;6.6514e-06;2.65954e-09;3.62413e-10;5.04769e-08;1.56776e-12;3.50233e-11;8.86313e-09;1.01563e-06
7.92194e-15;2.13602e-17;1;1.64844e-14;1.3676e-14;1.48703e-16;1.48362e-13;5.03625e-15;2.23811e-13;3.13963e-15;5.85453e-14;2.07975e-12;1.83444e-18;9.60872e-15
0.000166206;0.0382875;7.29534e-07;3.34437e-06;3.32947e-05;4.8201e-05;0.00810299;0.923684;0.0139857;2.5023e-05;0.00104799;2.29935e-08;0.01272;0.00189564
1.22284e-12;2.41254e-13;1;1.37817e-12;3.32768e-12;4.96617e-13;2.57187e-12;1.57961e-12;2.60659e-11;3.36964e-13;8.64982e-12;2.10077e-10;1.37503e-14;5.10019e-13
2.81364e-09;5.01025e-07;0.997681;8.34753e-10;1.2883e-09;3.9779e-09;6.09555e-11;4.75092e-07;4.76385e-10;8.6718e-11;2.73783e-11;0.00231799;5.20443e-08;4.08713e-07
1.116e-05;0.00256393;1.09768e-06;6.44115e-05;0.00132311;0.147807;2.76362e-07;5.62445e-05;0.000222309;3.56201e-05;7.94876e-06;2.87735e-07;0.00231504;0.845592
9.8233e-05;0.110812;0.0783217;1.51433e-06;0.0543432;4.65731e-06;2.07601e-10;5.19384e-05;1.36467e-07;7.3256e-07;4.57982e-09;0.755971;6.78427e-07;0.000393989
5.54056e-05;0.846958;2.37984e-11;7.38183e-08;7.34387e-06;1.93943e-09;5.27192e-07;0.00071904;3.14013e-06;1.7707e-05;1.05753e-09;1.11984e-08;2.62097e-09;0.152238
0.000112974;0.002105;2.36389e-06;2.12274e-05;0.000514642;3.17113e-06;0.000479406;0.994108;0.000549072;1.06947e-05;1.55331e-05;0.00206862;5.09341e-06;4.64347e-06
5.55197e-07;0.592771;1.27287e-11;1.04203e-07;3.27695e-06;1.54603e-06;1.24692e-08;0.381698;5.26074e-09;2.17187e-07;4.02237e-09;1.12579e-05;0.0255127;1.3683e-06
2.70124e-07;0.00191473;4.10626e-09;5.63797e-06;4.99179e-08;2.22268e-05;2.92268e-06;1.53318e-05;5.33481e-09;1.37975e-06;1.48108e-06;0.000245172;0.997784;6.68189e-06
1.22337e-05;0.00141086;0.996107;9.29021e-05;0.000330049;3.56552e-07;7.07627e-07;3.00503e-05;1.05758e-09;6.67053e-06;1.2206e-08;0.00190479;1.06623e-05;9.37917e-05
3.29007e-05;0.975711;5.44002e-06;0.000570765;6.14255e-07;1.40523e-06;7.3167e-05;0.000206755;1.76385e-05;1.46645e-06;0.000111003;4.2041e-05;0.0230077;0.000217509
3.65207e-05;0.932365;7.30987e-07;5.95225e-06;3.57769e-06;9.9286e-06;2.48266e-06;0.0640448;6.95046e-07;2.12125e-05;4.009e-08;1.79124e-07;2.18275e-05;0.00348741
8.14364e-07;6.58983e-05;5.9933e-09;4.04956e-07;9.7222e-07;2.38535e-06;3.37123e-07;0.000219641;1.83747e-06;2.95836e-07;2.33435e-06;3.30573e-05;0.99967;2.04487e-06
1.38061e-05;2.72068e-05;2.42168e-05;1.2712e-05;1.20263e-05;2.49415e-09;6.84171e-09;0.000285999;1.90632e-05;1.55171e-07;5.91416e-06;0.999399;0.000194326;5.95359e-06
2.19472e-06;0.999938;3.53556e-07;7.28756e-06;9.04948e-07;4.6449e-10;4.15114e-07;4.12852e-05;2.26736e-07;2.17623e-07;4.19819e-07;8.07505e-06;3.91067e-07;9.69145e-08
4.31817e-07;0.00764891;4.31057e-05;3.94153e-05;2.85876e-06;3.12609e-07;4.27164e-08;6.79525e-09;4.74758e-10;2.17544e-06;2.40029e-07;0.00101631;0.991245;1.16358e-06
7.85576e-06;0.0383011;3.70028e-08;6.90447e-06;3.57214e-05;8.35913e-08;1.57621e-05;0.960564;3.14984e-05;1.78552e-06;0.000270687;0.0007477;1.78152e-06;1.53473e-05
8.4996e-07;0.0148079;0.960666;1.65971e-05;0.00107153;0.000347527;2.38267e-07;0.000465538;6.28778e-09;3.54421e-06;5.64014e-07;0.000945423;0.0215943;8.0114e-05
2.82426e-05;0.00626027;9.22086e-05;5.55698e-07;7.05093e-06;0.000418352;1.77123e-05;0.00450033;3.66162e-06;1.90442e-06;2.10686e-05;7.11677e-08;0.988539;0.000109446
6.13601e-12;3.54909e-11;1;7.82744e-12;1.35635e-12;1.15487e-11;4.09109e-12;3.30891e-12;4.94798e-11;3.61129e-12;2.65011e-11;2.36839e-10;5.6596e-11;4.10813e-12
4.82751e-09;1.49761e-07;0.999449;2.42865e-08;1.29269e-08;2.1221e-08;1.34166e-10;0.000181347;1.85323e-08;3.15001e-10;4.1959e-09;0.00036853;2.57751e-09;3.89124e-07
2.27525e-08;0.000148123;0.000114644;6.41552e-08;2.77231e-06;6.9424e-05;2.00895e-09;2.85809e-06;5.35161e-09;1.07892e-07;1.13802e-08;5.05691e-05;7.44596e-07;0.999611
2.36296e-08;0.00133084;9.39185e-11;8.46096e-09;2.88408e-08;1.25133e-06;1.28841e-08;0.000291818;3.5103e-08;5.11479e-10;4.77737e-06;7.36661e-06;0.998364;2.18676e-07
2.17591e-08;0.999666;5.22033e-10;1.88225e-10;6.83662e-10;2.96178e-09;4.31146e-10;8.26342e-06;1.15369e-11;2.28034e-10;1.0936e-11;2.04603e-07;0.000325644;9.9499e-09
5.029e-09;8.82883e-05;6.01349e-10;4.3749e-06;0.00631149;5.27688e-06;1.6833e-09;0.00596757;2.73913e-08;5.0965e-08;2.53998e-08;0.987075;5.56461e-07;0.000547242
3.93357e-07;0.0782052;0.00125818;7.35656e-05;1.52544e-05;2.18883e-05;1.30556e-07;1.26882e-06;1.63014e-10;4.91599e-07;1.3209e-07;3.27277e-06;0.92042;6.87531e-08
0.00231635;0.749378;0.000176392;0.00160503;0.000378614;8.36747e-05;0.000200175;0.1354;0.00887283;2.05768e-05;0.0134437;0.0599225;0.0233321;0.00486999
4.98272e-05;0.834597;0.000264928;0.00021339;0.00260799;0.0362513;8.3944e-05;0.0658916;4.84192e-06;0.000240783;4.38892e-07;2.93832e-06;0.0247496;0.0350419
2.96712e-09;7.51212e-09;1;4.97042e-09;8.51251e-11;2.19567e-09;8.98517e-11;8.69503e-12;1.31056e-10;2.26219e-10;1.97343e-11;1.6326e-08;5.24671e-09;2.2748e-09
8.30024e-07;0.000278094;6.06149e-05;1.14901e-06;2.04374e-07;2.1365e-07;1.42865e-09;1.07169e-05;1.21107e-06;2.64094e-09;2.48108e-07;0.999455;0.000191207;2.15834e-07
9.33403e-07;0.973754;1.35143e-06;7.87565e-07;6.29871e-07;5.74554e-07;2.55898e-07;0.00121205;1.92356e-06;3.68467e-07;2.34787e-06;1.32076e-05;0.0250031;8.25363e-06
1.64918e-07;0.00024376;5.28379e-07;0.000119089;0.0559258;0.00313696;8.73751e-08;8.83652e-05;5.80462e-07;3.13143e-05;6.83325e-07;7.29626e-05;1.51272e-07;0.94038
3.31903e-05;0.00753152;6.22487e-07;7.2457e-06;0.0700662;0.000779735;1.34536e-07;0.906557;1.12934e-05;2.71213e-07;9.24227e-07;0.000478014;0.0140997;0.00043465
4.98118e-05;0.960082;1.07034e-07;7.30505e-05;1.99194e-05;7.94131e-06;2.00515e-06;0.000432945;4.42901e-06;8.57368e-06;1.17322e-06;0.00583371;0.0328858;0.000598593
0.000250837;0.0046958;7.23268e-08;0.00120325;0.155355;0.0078943;2.37347e-08;0.781987;2.59393e-05;1.21842e-05;1.9751e-05;0.000664715;0.044218;0.00367297
7.05149e-07;0.998608;9.59943e-11;4.17554e-10;1.63003e-09;5.33135e-11;1.61748e-07;8.15415e-09;2.41854e-10;3.01745e-07;1.21297e-10;6.4336e-11;4.45354e-07;0.00139011
5.89628e-15;4.93591e-15;1;4.34246e-15;7.28906e-13;1.63344e-15;4.10312e-15;2.93603e-17;1.36197e-15;8.11721e-15;5.76433e-16;8.93827e-08;8.28418e-18;1.4932e-11
1.52504e-06;0.00495834;7.74857e-08;7.46679e-08;7.64443e-05;9.76461e-06;2.0178e-05;0.984591;0.000526881;4.61157e-07;2.63516e-06;6.56009e-07;0.00975164;5.98143e-05
2.0936e-07;0.000481969;3.21691e-07;1.18338e-06;1.51331e-05;8.58568e-07;7.62115e-08;0.996412;1.78707e-06;8.15433e-08;1.61629e-06;9.17485e-06;0.00304133;3.39776e-05
3.38935e-07;0.999645;7.66702e-07;1.66284e-06;2.40616e-06;8.46496e-10;6.17597e-08;0.000277547;1.19606e-07;5.04229e-08;6.01792e-08;7.02752e-05;1.36265e-06;3.02443e-07
4.015e-06;0.779217;0.000171522;2.49131e-05;2.27359e-06;6.17513e-07;9.7589e-07;9.0215e-07;3.87944e-09;2.6844e-06;7.10909e-07;1.74094e-05;0.220534;2.28155e-05
1.30958e-05;0.00424338;0.00013092;4.11991e-06;2.36486e-06;4.52531e-06;7.10329e-06;0.0111954;2.11745e-06;3.63607e-06;1.27587e-05;0.978568;0.00573162;8.09124e-05
0.000184476;0.600344;0.0175819;0.0115813;0.00502504;0.0147423;1.85489e-05;0.280304;0.00109431;1.98412e-05;0.000534606;0.00652134;0.0605799;0.00146825
0.00385042;0.0243998;0.000728707;1.45652e-05;2.87398e-06;3.99081e-06;4.86807e-06;0.112647;0.00014241;8.18314e-07;0.000554474;0.382178;0.47547;1.91795e-06
4.44442e-06;0.996075;1.89176e-07;4.43156e-06;4.08211e-07;3.37394e-06;0.0032371;1.58533e-05;6.66214e-06;0.000359688;1.68967e-05;6.07577e-07;0.000206079;6.88659e-05
4.13104e-12;5.19145e-11;1;3.08849e-10;7.12159e-11;5.65646e-12;3.42182e-11;2.3451e-13;2.83798e-11;2.55655e-11;8.94876e-11;3.26439e-07;6.59537e-13;1.00072e-10
1.24424e-05;0.0664736;2.16162e-06;9.07459e-06;0.0167833;1.25696e-05;5.10439e-06;0.852534;4.48621e-05;1.61945e-06;6.48903e-05;0.00198092;0.0587563;0.00331926
5.98972e-06;0.652179;5.78282e-08;2.69001e-05;0.000134695;0.00025307;0.00346006;0.162022;0.000102024;0.000250749;0.000301025;1.67823e-06;0.181173;8.94182e-05
2.88443e-10;6.28203e-11;1;6.60548e-10;1.46951e-10;4.96037e-11;4.76368e-09;1.4199e-13;8.84671e-10;1.65244e-10;1.50878e-09;5.39052e-08;8.11887e-13;2.95077e-12
4.51099e-05;0.482687;0.000220982;3.33346e-05;1.2754e-06;4.01221e-06;2.80332e-06;0.00844092;0.00275944;2.03368e-07;4.8858e-05;0.505755;1.20147e-06;6.17747e-08
1.3308e-06;0.999832;3.60769e-13;2.71871e-08;3.83133e-08;3.08765e-08;3.16997e-05;3.87596e-05;5.9556e-07;1.55991e-05;2.14481e-07;1.43293e-11;2.61067e-05;5.35563e-05
6.09697e-13;4.52169e-15;1;9.83966e-12;3.76781e-12;1.99067e-15;1.87e-13;2.07552e-13;2.69012e-12;5.11461e-13;1.46347e-12;3.09383e-07;1.40561e-17;2.2719e-13
1.39624e-06;0.000373591;4.15608e-07;1.55055e-07;0.000133599;1.84869e-08;1.80107e-10;0.999461;1.81336e-07;5.56783e-09;7.49475e-09;2.69577e-05;2.18631e-06;5.98089e-07
4.95521e-09;1.75619e-06;2.16602e-09;7.31847e-09;5.13317e-06;3.09666e-10;7.27326e-12;0.999993;9.40851e-09;1.41084e-09;2.7511e-10;2.93665e-08;3.55921e-07;1.33929e-11
5.48401e-11;2.53195e-08;1;2.68186e-09;1.71619e-07;2.55164e-08;5.28502e-12;4.36533e-11;9.06408e-14;1.41437e-08;1.51534e-12;2.84824e-08;5.05281e-10;4.49292e-08
2.90124e-06;0.995906;4.96636e-05;4.05848e-05;2.26975e-05;1.14492e-05;4.07059e-05;0.00167348;0.000247972;3.05953e-06;0.000766236;0.000659173;0.000284768;0.000291096
