2.59924e-07;1.18579e-07;1.87078e-11;1.33482e-10;8.4513e-10;7.84897e-11;8.67545e-10;0.999998;2.42544e-07;8.64217e-11;1.59568e-09;5.18013e-11;1.42525e-06;2.43553e-11
1.55831e-07;2.04557e-05;9.72301e-06;1.26654e-06;0.000862386;1.81018e-07;7.20859e-08;3.76758e-05;1.72464e-06;2.95802e-08;7.97217e-08;0.99265;1.75395e-07;0.00641616
5.18251e-07;0.978794;4.03944e-08;3.63316e-07;3.94822e-07;1.44792e-07;3.37495e-05;0.00566563;2.02354e-07;4.50836e-07;4.44632e-07;4.32243e-09;0.0155;4.48035e-06
2.12221e-13;7.722e-12;1;1.98145e-10;1.97352e-09;2.06241e-11;3.79341e-12;3.2688e-13;1.53742e-12;5.75917e-12;4.90379e-12;3.05488e-09;9.61581e-14;2.38994e-08
5.64835e-06;0.89387;0.00227102;8.38485e-05;0.00356429;6.12526e-05;2.79459e-06;0.0985736;3.28183e-07;1.06329e-07;1.30744e-06;2.98342e-05;0.00138848;0.000147381
2.8348e-06;0.972059;3.52233e-06;3.03043e-06;4.33197e-05;1.82521e-05;1.72196e-08;0.00758601;1.46962e-08;6.61884e-08;8.03721e-08;0.000562849;0.0023416;0.0173792
7.28243e-08;0.000396113;1.96241e-09;1.02209e-08;1.39617e-07;2.36303e-08;5.30755e-09;0.00269237;4.18586e-08;5.39414e-10;1.23254e-06;0.000115731;0.996794;3.66191e-09
7.5089e-06;0.709062;1.42334e-06;0.000107194;0.000104367;0.000244018;3.29888e-07;0.0336233;0.000216317;7.54071e-07;0.00296028;0.117729;0.13593;1.32668e-05
1.42938e-06;0.000689136;5.26931e-05;0.000151772;0.182811;0.641462;2.27002e-07;0.048825;2.38295e-07;3.73947e-05;6.02391e-06;0.00266495;0.00330463;0.119994
6.57889e-05;0.00947139;2.98233e-07;1.46827e-05;5.93383e-06;1.11686e-05;0.000110437;0.0210548;2.99368e-05;2.93836e-07;0.00577056;7.81333e-06;0.963456;9.12766e-07
7.57134e-05;0.89338;3.90729e-07;9.947e-08;4.25626e-07;5.85462e-08;1.06474e-05;1.42069e-05;6.52668e-08;9.2657e-08;1.15568e-06;0.00562456;0.100892;2.78455e-07
2.27726e-06;0.0230275;3.11815e-06;2.56175e-05;4.95462e-05;3.2122e-06;2.30516e-07;0.00552338;1.64234e-05;1.02243e-06;2.26145e-05;0.949569;0.0216877;6.81037e-05
4.50316e-05;0.965824;1.31982e-08;0.00105068;6.40956e-05;5.25441e-05;3.27797e-06;0.00971055;0.000229708;9.6448e-06;0.0209031;0.000571303;0.00147848;5.73201e-05
0.00225916;0.0105714;0.000303363;0.00132178;8.14379e-06;5.99178e-06;8.10217e-05;0.00178582;0.00475951;0.000100932;0.19965;0.0760349;0.703035;8.29006e-05
0.000122194;0.445934;6.1047e-06;0.000139482;0.00017416;0.000284271;0.00255366;0.535054;0.000108088;0.0034525;0.000471013;5.42907e-07;0.0116951;5.63209e-06
1.43972e-12;1.75364e-12;1;3.49294e-10;8.81947e-12;4.93364e-11;1.45598e-12;2.3e-14;1.81641e-12;2.62523e-11;9.15586e-12;1.13529e-07;4.30646e-15;9.76595e-11
5.44499e-05;0.890722;1.72055e-07;0.000723672;9.43681e-06;0.000315832;4.81527e-05;0.0136338;0.00120569;6.40553e-07;0.00326495;0.0040191;0.0859755;2.62672e-05
1.11786e-05;0.895857;9.77926e-06;9.07004e-08;1.46431e-09;9.75135e-09;5.19673e-05;4.37863e-05;1.57857e-06;3.24139e-08;2.35159e-05;0.000555414;0.103446;7.16892e-10
9.33096e-07;0.191768;2.85256e-06;5.79164e-06;8.24056e-06;2.49346e-05;1.42512e-06;0.00141649;8.07917e-06;1.18509e-06;2.99424e-05;0.79112;0.0155921;2.06965e-05
9.82087e-05;0.0695685;1.66173e-07;0.00458725;0.00976351;0.0234801;1.35791e-06;0.291557;0.00187323;1.04221e-05;0.0129389;0.568905;0.00807952;0.00913662
5.71927e-05;0.00291463;2.41414e-05;2.61865e-05;5.19198e-08;1.50179e-06;2.8123e-06;6.07954e-05;9.15358e-06;1.22762e-06;6.56449e-05;0.0388928;0.957943;5.64881e-07
0.000163344;0.108268;0.00291365;0.000315889;0.00217685;3.43255e-05;2.76114e-05;0.00091285;2.46621e-05;6.27547e-06;0.00109895;0.794896;0.0879809;0.00118014
7.36062e-05;0.302555;2.65405e-05;0.00436845;0.000885054;0.00117631;1.85114e-06;0.290736;0.000111738;5.76761e-05;0.000241628;0.21675;0.160726;0.0222905
1.28988e-05;0.934076;1.93708e-06;0.0146994;0.011382;0.0023545;4.98713e-06;4.04457e-05;0.000131443;0.000163992;0.00274966;0.00062131;0.000392964;0.033369
0.00141892;0.0346271;6.3566e-07;0.000115366;0.707668;0.0199142;0.00227091;0.113447;0.000537996;0.000195054;0.000269707;2.5762e-05;0.103878;0.0156309
2.99072e-09;1.35737e-11;0.999999;8.60241e-11;5.39011e-11;1.78268e-11;2.49161e-10;1.18143e-10;6.47749e-07;7.53143e-12;1.00726e-09;9.98184e-10;1.51027e-11;3.1192e-12
5.32896e-06;8.31176e-05;0.00147274;3.84978e-06;3.02727e-07;5.26188e-08;2.18845e-09;0.000281754;0.000263649;1.38064e-09;3.72857e-06;0.997883;2.17433e-06;7.6554e-08
1.06379e-06;0.999861;4.49497e-10;4.79815e-09;5.21247e-09;1.69936e-08;1.27504e-07;7.25201e-05;3.34215e-07;1.13823e-07;2.81059e-08;4.83289e-11;6.24508e-05;2.59515e-06
6.05038e-14;5.21001e-14;0.999997;1.82487e-11;3.71451e-11;4.49396e-14;9.10363e-15;1.53396e-14;4.08293e-13;1.5775e-13;7.62822e-13;2.53764e-06;7.44871e-18;4.76433e-11
5.84707e-06;0.875673;4.12856e-06;6.8876e-05;0.000783343;4.96147e-07;2.55708e-08;0.123269;1.52184e-05;3.47902e-07;2.75315e-07;1.78237e-06;6.7817e-07;0.000177366
1.6539e-08;6.65348e-06;1.06834e-06;3.97799e-10;3.0205e-07;9.41846e-11;5.3845e-13;0.999911;3.29648e-10;8.09803e-11;2.84326e-12;5.2964e-09;8.07013e-05;4.55357e-11
1.92743e-10;2.09236e-06;0.999994;3.19607e-09;1.14146e-06;4.63088e-08;9.63638e-12;1.99229e-09;2.4582e-13;5.78469e-08;2.57773e-12;2.66151e-06;9.06105e-08;1.2928e-07
6.42146e-07;0.987475;3.75017e-06;6.33106e-06;9.71443e-06;6.34417e-06;4.87842e-06;0.00133305;6.49515e-06;8.86717e-07;9.77806e-05;0.00988666;0.00110899;5.98661e-05
