3.12153e-06;0.998597;0.000446326;4.92689e-07;1.68093e-06;1.64704e-07;1.00792e-07;0.000857077;1.90498e-09;2.73295e-07;6.42971e-09;1.41788e-06;9.03773e-05;1.60236e-06
6.77018e-10;8.24994e-10;1;1.51559e-09;1.01106e-10;1.7779e-10;6.33128e-09;3.48044e-11;1.75958e-09;2.72637e-10;9.60943e-09;1.84435e-08;1.36002e-09;3.61413e-10
3.18448e-08;2.90997e-06;0.958405;7.40453e-08;3.02986e-09;4.12232e-08;4.01674e-09;2.48861e-05;6.91907e-08;1.42756e-09;2.07865e-08;0.0415666;4.05953e-09;6.82607e-07
6.86418e-07;0.00317846;1.36214e-06;5.57588e-05;0.00818804;0.179158;2.10479e-07;7.66253e-05;3.40283e-06;1.89013e-06;5.33261e-05;2.86498e-06;0.000682693;0.808597
8.67681e-08;7.16563e-05;9.798e-06;1.12992e-07;1.27806e-05;1.0128e-05;1.28562e-10;1.46153e-05;7.66201e-10;4.04696e-09;2.33021e-07;0.992748;0.00712949;3.00832e-06
9.67715e-06;0.973635;9.40546e-05;0.000106253;0.000138747;0.00052689;2.36108e-07;0.00433216;3.28796e-05;1.83269e-06;5.00059e-05;4.24742e-05;0.0210113;1.83263e-05
1.7885e-06;0.996586;0.000477386;1.13919e-06;3.08102e-06;5.53331e-05;5.7602e-09;0.0019249;2.92501e-10;4.65574e-07;4.01488e-10;1.12523e-08;0.000917041;3.28153e-05
5.86927e-11;1.4036e-09;1;2.82754e-09;8.56255e-11;1.63039e-09;1.47642e-10;2.614e-10;1.1359e-10;3.935e-10;2.07289e-10;2.72601e-10;2.06666e-09;6.16592e-12
8.5343e-08;3.6216e-06;0.95607;1.96342e-05;1.40788e-06;1.37668e-05;2.13498e-09;0.000123494;1.5864e-06;2.75721e-08;1.74649e-06;0.0436016;3.19238e-06;0.000160125
1.09855e-05;0.034872;1.60633e-06;2.6576e-05;0.210658;0.118287;1.78594e-08;0.00463777;1.2865e-06;1.65762e-06;3.69912e-06;8.96525e-05;0.0078592;0.623551
2.09268e-06;0.0728078;1.81888e-06;8.0973e-07;0.000546433;0.000549353;3.95207e-08;0.00194511;1.1168e-07;1.18559e-07;1.50659e-06;0.828252;0.09497;0.000922689
3.91743e-06;0.407237;3.74314e-06;2.6784e-05;0.00025766;7.82783e-05;4.38562e-06;0.576042;1.74597e-05;1.96735e-06;6.46359e-05;3.21612e-05;0.0162153;1.43995e-05
1.20002e-06;0.857886;0.0104424;2.9589e-05;8.1982e-06;0.00035809;5.55581e-09;6.57817e-05;6.27915e-11;1.33537e-06;1.83876e-08;0.0062689;0.124925;1.32965e-05
1.25808e-06;0.000387461;2.54506e-05;1.31242e-06;6.05021e-07;3.48732e-07;2.83205e-10;0.000149635;8.11778e-09;1.07127e-09;3.06039e-07;0.996774;0.00265835;8.11509e-07
5.34571e-05;0.903625;5.3597e-06;2.18044e-05;0.00411271;1.58346e-06;1.07594e-06;0.0859579;3.53747e-06;8.36916e-07;7.42688e-06;0.0004776;0.00534438;0.000386942
1.69697e-05;0.958294;8.29415e-09;5.48239e-07;6.80733e-07;2.45255e-06;0.00139445;5.42989e-06;2.9858e-08;0.000315383;5.86234e-07;5.77387e-08;0.0311669;0.00880272
3.86164e-15;2.49095e-17;1;4.45019e-15;2.26947e-15;4.72422e-15;1.52415e-14;3.59707e-16;1.39558e-14;2.09593e-14;3.00712e-14;7.9931e-13;6.53524e-16;1.22989e-15
2.97148e-05;0.0507708;0.000130478;0.00116481;0.000450868;0.000378233;0.000900136;0.645525;0.199457;8.68637e-05;0.0866843;0.000146663;0.0128343;0.00144025
