7.72074e-05;0.983661;0.0137445;3.80571e-06;0.000661456;1.0828e-06;3.39342e-07;0.000466464;1.182e-07;9.23171e-07;1.00321e-07;0.000606586;0.000766453;9.52506e-06
1.53362e-09;0.999995;9.3408e-16;6.34129e-10;6.75745e-10;6.89043e-11;3.58627e-07;4.73439e-06;6.99062e-10;2.41757e-08;7.97967e-10;9.0935e-14;3.36032e-07;8.33868e-08
3.15218e-13;9.93158e-13;1;2.51119e-12;1.93502e-13;5.32703e-14;6.08318e-13;1.06955e-14;2.26785e-13;7.99695e-13;3.63749e-12;3.09724e-10;1.29376e-16;2.08162e-15
1.16717e-07;0.997751;9.69157e-11;4.76065e-07;9.42953e-08;2.66677e-08;0.00209383;2.09749e-06;1.23007e-06;0.00012418;1.58019e-06;4.54877e-08;8.6387e-08;2.56966e-05
2.20339e-07;6.29651e-06;0.999578;2.16895e-06;2.65081e-07;3.67905e-06;1.42327e-07;5.29185e-07;4.00939e-08;4.97322e-08;4.86904e-06;3.23664e-05;0.000370251;1.30664e-06
1.03476e-06;0.0188672;4.75288e-07;2.94043e-08;2.78651e-05;9.61419e-08;4.432e-09;0.945031;2.34984e-09;1.84235e-08;1.31966e-08;6.37097e-05;0.0359803;2.79223e-05
2.13709e-08;0.000695221;1.82508e-06;2.77528e-07;8.15534e-07;4.5774e-09;1.8821e-08;7.99508e-05;2.89808e-08;3.02151e-07;4.81816e-08;0.999191;1.1555e-06;2.94059e-05
1.26991e-06;0.978404;1.99024e-08;1.01231e-06;1.12933e-07;1.59524e-05;3.04654e-05;2.37176e-06;1.56565e-05;3.30236e-07;8.85777e-05;6.45889e-08;0.0214394;7.69492e-07
8.0093e-08;4.58749e-06;0.00393713;9.703e-08;1.04369e-07;5.45546e-09;1.7971e-09;1.6113e-06;4.38336e-10;1.88728e-08;9.72549e-10;0.996056;3.95281e-08;7.06735e-07
6.01712e-06;0.718235;2.71997e-09;0.00015685;5.37273e-07;1.20636e-05;2.19087e-05;0.000142383;0.000960061;1.50268e-06;0.0115314;1.89979e-05;0.268757;0.000156236
2.21726e-06;0.132896;1.40352e-10;1.49156e-07;0.000110717;6.10408e-09;5.67668e-09;0.866943;3.29571e-07;2.49066e-07;3.97878e-08;3.65634e-05;6.046e-07;1.0002e-05
3.38886e-06;0.00465032;0.992509;5.80348e-05;0.000363234;3.79891e-05;1.09058e-06;1.14925e-06;1.62245e-07;3.56027e-05;9.05453e-06;0.000246036;0.00197818;0.000106393
0.00018251;0.882866;2.20151e-08;2.69405e-05;4.58898e-06;6.36158e-06;0.00311846;0.000481019;0.00071919;8.41646e-05;0.00478747;0.000257409;0.107453;1.22684e-05
4.83733e-07;3.1152e-05;0.0695386;1.51328e-07;6.87772e-05;8.97163e-08;1.03249e-10;1.15785e-06;1.62281e-08;1.17968e-09;2.69096e-09;0.930354;6.37143e-07;4.97374e-06
0.000861906;0.000887499;3.46904e-06;1.61903e-07;2.67032e-05;8.92162e-07;4.25867e-05;0.949535;0.0251232;5.36233e-07;7.40362e-06;3.62433e-05;0.023474;1.67321e-07
1.07692e-05;0.000637739;1.48118e-07;4.53166e-07;3.31201e-05;8.73197e-07;7.66518e-09;0.992849;5.53806e-05;2.62171e-08;1.39187e-06;1.16075e-05;0.0063939;5.81442e-06
8.33024e-06;0.998498;1.59733e-09;2.53569e-07;1.34485e-08;2.4721e-08;0.000688066;0.000210401;4.11028e-05;0.000456207;7.00111e-07;6.39257e-09;5.17776e-05;4.54963e-05
1.73037e-12;1.72083e-14;1;2.16962e-10;6.40373e-11;2.58305e-12;1.42658e-12;7.16651e-14;7.28616e-12;2.77978e-12;2.81036e-11;5.31019e-07;5.11942e-15;1.35188e-10
1.34335e-05;0.982067;6.76546e-06;2.14523e-06;3.54456e-06;8.83566e-08;3.59313e-06;0.0169871;4.37518e-06;1.42242e-08;1.60426e-06;0.000338666;0.000570945;1.62434e-07
1.79838e-09;0.99992;5.35555e-08;1.41551e-09;4.97188e-10;3.66877e-12;7.64729e-05;7.06111e-11;8.84642e-11;2.72113e-06;3.20175e-09;8.73509e-10;7.20265e-12;2.72555e-07
8.01688e-11;1.66256e-11;0.999991;5.7298e-11;1.36212e-09;9.56944e-10;2.20379e-09;5.79395e-11;5.67285e-10;2.4632e-11;5.51002e-09;8.54977e-06;2.51151e-13;7.20106e-10
1.2579e-07;0.979844;1.70829e-10;2.9563e-07;1.48458e-08;7.45659e-07;6.51534e-06;1.03231e-05;6.16402e-06;9.47436e-08;7.54724e-06;4.25833e-07;0.0201239;1.75491e-08
3.03267e-08;3.2785e-05;0.0193226;1.10721e-07;6.31581e-06;1.12975e-06;4.9881e-12;4.66641e-08;1.97557e-10;6.94062e-10;1.50885e-09;0.980629;2.48709e-06;5.57656e-06
0.000312113;0.00448198;5.49804e-07;3.82662e-05;0.000295607;0.000212974;5.53592e-05;0.930573;0.0211796;4.9664e-07;0.00137361;0.000968955;0.038984;0.00152329
1.91881e-06;0.995089;4.18686e-08;5.20539e-08;2.0988e-09;2.34139e-09;5.13157e-07;1.00714e-05;1.7163e-07;1.73925e-08;2.31074e-07;3.48048e-06;0.00489443;1.78123e-10
2.15809e-06;0.96491;1.30942e-10;1.41828e-05;1.40886e-05;7.23541e-06;1.52745e-07;0.000279138;2.35423e-06;3.18329e-06;7.51245e-07;0.0321141;1.37236e-05;0.00263906
2.27259e-06;2.26899e-05;9.50117e-05;2.45999e-06;3.28987e-06;5.09618e-06;2.55586e-07;2.85964e-08;6.3981e-09;6.68296e-07;3.40448e-06;0.999834;2.97363e-05;6.48771e-07
0.000219393;0.963488;1.57234e-05;4.2553e-06;2.08938e-05;1.5239e-06;1.81222e-05;0.00636072;5.50291e-05;2.08351e-07;0.000143199;0.00385269;0.0258019;1.85464e-05
3.08074e-05;0.0126346;6.31787e-10;3.49172e-05;0.00271352;1.13088e-05;1.5721e-07;0.978724;4.7949e-05;3.55815e-07;4.13896e-06;0.00500243;0.000780278;1.56599e-05
0.00186921;0.45661;0.428657;0.0288257;0.000393857;0.000109839;7.3466e-05;1.25253e-06;4.62884e-06;0.000181956;0.000455411;0.0705068;0.0038877;0.00842322
0.0247881;0.0226005;9.65447e-05;0.000282142;5.38969e-06;2.61327e-06;0.00491137;0.00204759;0.0568192;1.40624e-05;0.869119;0.0115254;0.00768352;0.000104561
3.86012e-05;0.773228;2.8262e-08;5.21607e-06;5.1223e-06;0.000146303;3.57236e-07;0.224438;3.79579e-06;3.90043e-06;1.34906e-06;0.00102414;0.000468381;0.000637141
4.20878e-05;0.0744381;2.72932e-10;1.25234e-05;3.73104e-08;8.36322e-07;0.000485998;0.000238343;0.00154329;5.27855e-05;0.00525837;9.50238e-07;0.917925;1.16927e-06
3.95595e-05;4.75213e-05;5.96049e-05;1.20318e-06;1.22324e-05;1.92269e-07;1.86374e-08;5.20695e-05;5.36146e-06;5.26772e-07;5.22082e-06;0.999759;1.61338e-05;1.59488e-06
5.28341e-06;0.907329;7.42853e-07;1.13996e-07;2.1234e-05;1.82453e-05;3.0672e-08;0.0146227;2.59071e-07;2.63036e-07;1.28779e-07;3.30957e-05;0.0779635;4.88773e-06
1.17805e-07;0.00372242;6.49081e-07;0.00366445;0.0159815;0.620414;2.66467e-07;0.00458763;1.21755e-05;0.000497785;9.2027e-05;0.000589969;0.34652;0.00391765
2.31686e-06;0.000223935;0.999318;0.000194299;5.87875e-06;3.4671e-06;3.97774e-07;3.08173e-08;3.18853e-08;2.76928e-05;2.23261e-05;0.000172013;9.62927e-07;2.88243e-05
6.39129e-05;0.0723064;1.9092e-06;3.67573e-05;4.44334e-07;3.13194e-06;0.000313137;2.94745e-05;7.86431e-05;2.1262e-06;0.0274448;7.28164e-05;0.899641;5.12082e-06
1.74819e-06;0.0264321;4.21135e-08;7.54666e-07;9.89829e-05;2.1032e-05;8.94891e-07;0.969667;8.81893e-06;2.9149e-07;1.32729e-05;1.55101e-05;0.00238971;0.00134979
1.12379e-06;0.0048653;4.00596e-06;1.07369e-05;7.67593e-05;3.70518e-06;9.75854e-07;0.941357;1.15774e-07;4.09342e-06;2.92552e-06;3.85286e-07;0.0536461;2.66852e-05
9.0869e-12;2.11104e-10;1;2.55363e-10;4.96896e-13;1.4457e-13;2.16866e-11;2.02399e-14;8.87149e-12;1.38445e-11;3.10357e-10;2.27745e-09;2.55115e-12;1.43059e-12
2.57593e-06;0.090957;2.43534e-05;5.88416e-05;1.49461e-07;2.72329e-06;3.48682e-06;0.0228583;0.000135272;3.20505e-07;0.00328131;0.88259;6.62058e-05;1.96302e-05
5.09789e-07;0.998807;3.77157e-07;5.03724e-09;1.23743e-08;3.17547e-07;5.81561e-08;2.45237e-08;6.36873e-09;1.17511e-08;1.69519e-07;1.7857e-06;0.0011891;5.76329e-07
1.25007e-08;0.000345738;1.15435e-05;2.16512e-07;0.000387939;0.000719614;6.97277e-11;0.0032868;1.81093e-07;7.87604e-10;3.94977e-07;0.9715;1.95668e-05;0.0237279
3.86562e-11;0.999998;3.53849e-15;2.07329e-12;4.63487e-11;1.51114e-10;2.1904e-11;7.10277e-10;3.96789e-14;1.05065e-11;6.40151e-13;5.85408e-15;1.09337e-06;1.27841e-06
1.87295e-12;4.29041e-10;0.99999;4.66137e-12;3.31887e-11;3.56857e-11;1.46582e-12;1.04926e-11;4.95487e-13;2.37109e-12;3.83832e-13;9.53256e-06;3.2071e-11;1.92012e-10
1.32297e-05;0.00909021;4.20581e-06;0.00188376;0.000229537;0.000651883;1.26498e-05;0.261089;0.011116;3.36594e-06;0.0205784;0.0165692;0.678754;5.22231e-06
2.97598e-07;0.999096;2.51888e-11;1.38715e-07;1.85664e-07;1.60087e-06;7.08367e-11;9.5213e-05;1.7683e-09;1.27949e-08;1.02775e-08;2.39871e-06;0.000789052;1.48102e-05
2.82237e-08;7.89217e-06;1.78416e-05;1.93339e-07;2.59641e-06;6.5049e-07;1.39013e-11;9.0131e-05;8.4171e-11;1.32615e-10;5.00397e-08;0.999519;0.000360506;1.152e-06
3.19237e-07;0.00252846;4.60117e-11;2.92268e-05;0.000961364;4.03986e-06;6.93147e-06;0.995612;2.53272e-06;8.22262e-07;0.000518679;1.20459e-06;0.000332886;1.71988e-06
9.49819e-07;4.85431e-05;0.999494;2.90248e-05;5.52598e-06;2.39178e-06;5.82196e-07;1.7351e-08;1.15193e-08;1.81142e-07;0.000137957;0.000235549;3.61744e-05;8.67242e-06
0.00107457;0.395542;4.30611e-06;3.31208e-08;4.08347e-07;1.22266e-07;8.0312e-06;0.602775;9.29066e-05;1.01294e-07;0.000266593;5.93237e-07;0.000234978;2.63887e-07
7.04074e-12;7.569e-07;5.79681e-08;1.60213e-12;2.65493e-09;9.48245e-12;1.50143e-13;2.89031e-08;3.66929e-12;3.02477e-13;2.73587e-11;0.999999;2.32343e-09;3.55255e-10
6.4259e-07;0.988867;9.55012e-09;5.5477e-08;2.16611e-06;1.20506e-07;1.83353e-07;0.000230934;2.63108e-06;1.47571e-08;1.1434e-05;4.64819e-06;0.0108794;4.12718e-07
2.83197e-05;0.395771;0.00100301;1.75314e-07;2.87726e-06;2.51502e-07;2.8058e-07;0.116207;1.45735e-06;7.79822e-07;4.95905e-08;0.485723;0.000484175;0.000778407
3.74606e-06;0.00114607;5.09263e-09;2.86548e-06;0.00389298;1.59999e-05;1.54675e-06;0.994583;0.000289939;2.34746e-06;3.01988e-06;1.99729e-06;1.44708e-05;4.21861e-05
7.02695e-05;0.00438059;0.995268;7.30139e-06;1.31097e-05;1.3803e-05;7.24143e-08;1.03336e-05;1.09033e-07;1.29546e-06;6.41869e-08;0.000100654;3.63381e-05;9.76712e-05
0.00133962;0.968008;2.54876e-06;3.92638e-06;2.46883e-07;1.24141e-07;0.00238146;5.96907e-06;0.00599411;6.52766e-06;0.00188504;0.0146175;0.00575405;5.69421e-07
5.75395e-06;0.974527;4.42546e-06;1.94983e-06;2.098e-06;1.12319e-05;5.23647e-06;1.18486e-05;8.59957e-05;1.56484e-06;8.44763e-06;0.0232722;0.0020498;1.22927e-05
1.01666e-05;0.995798;1.02044e-10;8.18103e-08;7.12386e-08;1.41221e-07;0.00120109;1.9262e-06;3.51941e-07;2.47692e-06;3.10528e-08;2.08116e-09;3.92021e-06;0.00298173
4.47765e-11;3.08344e-11;1;2.07828e-11;8.27574e-13;8.31224e-12;2.43093e-11;1.7478e-11;4.93328e-10;3.50997e-13;2.14444e-11;1.07211e-07;4.11676e-13;6.27327e-12
5.51299e-07;0.00032783;1.0006e-11;2.47452e-08;6.07178e-09;5.79974e-08;5.99999e-08;4.60528e-08;1.24103e-05;4.66007e-10;3.20104e-06;1.27737e-08;0.999656;2.43747e-08
1.58968e-07;0.21999;4.78261e-07;1.69673e-07;2.39265e-06;2.41127e-07;3.16859e-11;6.31147e-05;1.16681e-07;5.05659e-09;1.65015e-07;0.779696;3.76806e-05;0.000209434
3.74551e-08;0.00231578;5.47929e-10;3.68031e-08;0.00152935;5.76726e-06;3.99721e-10;0.995699;1.61217e-10;2.23702e-07;1.14423e-10;9.00907e-06;0.000108862;0.000331505
2.18639e-08;3.52131e-07;1.04728e-07;5.09987e-07;6.52855e-09;2.10578e-05;4.54469e-08;2.86908e-09;2.6857e-07;1.69494e-08;9.48789e-07;1.14051e-08;0.999977;5.74708e-09
1.75462e-07;3.30121e-07;0.999998;1.25042e-08;2.78538e-09;2.20338e-10;2.57043e-10;4.27144e-08;5.05534e-10;6.48367e-09;2.78108e-10;1.48679e-06;1.45909e-08;1.22069e-09
4.6201e-06;0.860234;4.56061e-07;1.44568e-05;1.17583e-06;6.57134e-06;1.26848e-06;0.136401;0.00279079;8.91438e-07;0.000255062;1.23863e-06;0.000259363;2.94164e-05
