8.59534e-07;0.998738;1.58271e-09;2.64346e-07;3.96371e-06;1.57266e-07;1.47845e-07;0.000820125;5.57535e-06;1.72817e-07;9.28275e-06;3.38505e-06;0.00040878;9.14447e-06
6.01053e-06;0.987057;0.00898909;0.000742774;4.09609e-05;1.83782e-05;3.36215e-05;2.28815e-06;3.07582e-06;0.000172677;0.000610857;1.64172e-06;0.00217139;0.000150717
1.70959e-05;0.00462168;0.00107041;9.47021e-07;0.00014239;9.56774e-08;1.61019e-09;1.64145e-05;1.68201e-08;4.50329e-09;1.70411e-07;0.994112;5.88546e-06;1.29801e-05
0.000641209;0.86312;2.86341e-08;2.36411e-06;0.0118967;1.3169e-06;6.54559e-06;0.111359;0.00566384;1.12033e-06;0.00018267;0.000826955;0.0062399;5.84053e-05
0.000102525;0.00229284;1.05707e-08;1.07962e-06;6.52182e-05;8.43178e-07;3.20955e-06;0.94962;0.047092;7.24299e-07;1.24691e-05;0.000504743;0.000304178;4.79654e-07
0.000789451;0.00200511;4.433e-06;8.87387e-07;3.50969e-06;4.10752e-08;4.05692e-06;4.9605e-05;0.996749;4.68998e-08;4.65925e-05;5.80461e-06;0.00033906;2.21515e-06
0.000120026;0.946307;3.99907e-10;4.55415e-07;6.35558e-07;4.56382e-09;0.000947692;0.0521552;3.37743e-05;1.10351e-05;9.35798e-08;1.91822e-10;0.000113278;0.000310409
1.2327e-13;3.36356e-13;1;1.74635e-13;5.56074e-13;4.82372e-15;1.15104e-14;3.36391e-14;4.69517e-13;3.71185e-14;5.27712e-14;9.82611e-11;7.3493e-16;2.71717e-14
4.3452e-06;0.939928;0.000141353;6.37543e-07;1.29896e-05;4.63223e-06;6.47303e-07;1.4694e-05;3.82658e-08;2.44134e-06;1.81641e-07;0.000317567;0.0595696;3.54462e-06
4.22241e-08;0.0310396;7.03745e-08;1.39152e-07;9.0988e-07;2.02617e-07;3.31977e-09;0.000374181;2.09965e-07;3.29802e-09;4.36974e-07;0.968458;7.2892e-06;0.000118801
6.51858e-07;0.960532;1.18911e-06;1.09299e-06;5.36064e-05;7.20241e-07;4.8476e-09;0.0379729;5.06395e-08;9.58991e-08;1.49196e-07;0.000821965;0.000504235;0.000111078
4.93501e-07;0.00259707;2.52892e-08;1.89146e-08;1.1557e-08;1.04779e-06;6.67566e-07;0.000184796;9.67071e-08;5.74653e-08;2.53534e-06;4.67599e-08;0.997212;1.2546e-06
5.92333e-11;9.91643e-10;1;2.64313e-11;7.67543e-13;9.91452e-13;4.48678e-11;1.05471e-11;1.74e-10;8.39679e-12;3.75339e-10;1.04476e-10;2.38121e-11;2.3106e-11
8.19599e-07;1.77744e-05;0.00207854;3.40214e-06;1.80711e-07;2.50851e-07;7.44336e-07;6.20261e-06;3.61347e-05;1.20287e-07;6.02007e-06;0.0131093;6.9514e-06;0.984733
3.75041e-06;0.00300911;9.03711e-08;2.82274e-06;0.0100869;0.000104289;9.27804e-07;0.985233;0.000447478;3.03517e-07;2.55336e-05;0.000469843;0.000514076;0.000101898
5.81387e-08;4.50599e-05;0.997498;6.80475e-08;6.80423e-05;8.00632e-07;9.79199e-09;1.67373e-07;3.8367e-11;6.21582e-08;4.18838e-08;0.00236871;8.93247e-07;1.77297e-05
9.17954e-09;0.99989;1.51997e-08;1.29045e-09;3.71651e-09;1.7053e-09;1.09727e-08;8.23202e-05;1.16576e-09;2.31991e-11;5.96484e-09;3.53419e-07;2.75391e-05;3.34798e-08
2.19814e-06;0.924438;9.87904e-07;2.42223e-05;0.000103994;4.86313e-05;4.19469e-07;0.00275118;1.82333e-06;2.26692e-06;5.26139e-06;0.0168814;0.0552821;0.000456986
1.55554e-07;0.982776;9.21831e-08;5.68667e-05;0.000163826;6.32498e-06;1.73768e-09;0.00964029;1.73639e-09;3.61886e-06;1.2012e-08;0.00636396;2.48992e-06;0.00098673
9.57041e-06;0.00346214;3.60347e-06;7.15118e-05;5.63495e-07;8.06718e-05;1.20359e-05;9.48106e-07;7.5237e-07;1.32051e-05;2.06916e-05;0.000165878;0.996138;2.06363e-05
9.93941e-08;1.06141e-05;0.999976;7.39645e-08;1.26191e-07;3.18132e-08;6.35601e-06;3.9785e-08;2.68166e-10;1.57334e-06;3.36865e-09;1.90988e-06;3.56302e-06;2.92852e-08
3.54047e-09;4.34892e-10;0.999998;6.44347e-09;1.0856e-09;3.83611e-09;1.79219e-07;2.45856e-10;5.17404e-08;4.03306e-09;4.98958e-07;9.74996e-07;1.80347e-08;6.37071e-10
1.13324e-05;0.511574;1.21271e-07;1.57532e-06;5.37841e-07;4.92961e-07;1.79355e-06;0.478838;0.000287217;2.87699e-06;8.96412e-05;0.000451307;0.0087388;2.26729e-06
8.2589e-07;0.0413724;1.9192e-05;4.4968e-08;3.33098e-08;4.64284e-09;1.89009e-07;0.00232982;1.14878e-06;1.43571e-08;1.45528e-05;0.956205;5.67441e-05;8.85943e-08
5.85445e-07;0.0295753;6.95184e-08;2.53538e-07;0.00380401;2.34139e-06;9.4397e-08;0.964581;3.66642e-07;4.11128e-08;2.24346e-08;1.67902e-05;0.00185916;0.000160349
1.89069e-06;0.566677;0.000100467;1.84319e-05;0.000463666;3.49054e-08;9.36965e-07;0.000206611;8.35461e-08;2.37766e-06;1.64589e-06;0.418542;4.77731e-06;0.0139801
0.000785775;0.329995;0.000100371;3.62975e-06;0.00246263;2.61844e-05;0.000104085;0.0379446;0.00012974;3.02555e-06;0.000124639;0.0289479;0.599293;7.93031e-05
4.84672e-06;0.00118131;1.29837e-06;1.24831e-07;4.91329e-06;1.35148e-07;7.03056e-08;0.200489;3.24225e-07;4.49258e-08;2.73242e-07;1.70179e-05;0.7983;9.24156e-07
2.87746e-06;0.00280656;4.37844e-05;1.51808e-05;3.29658e-06;1.37106e-06;6.27955e-09;2.33082e-05;7.57262e-06;6.98028e-07;7.82802e-07;0.996391;0.000654819;4.8405e-05
4.83384e-05;0.992279;0.000538407;5.56763e-05;5.92081e-07;6.11206e-08;3.11525e-07;9.89375e-05;7.61762e-07;1.37719e-06;4.38332e-06;0.00695115;1.31521e-05;7.94227e-06
8.11003e-08;0.999772;3.23297e-12;1.57753e-08;6.57656e-10;4.90763e-10;1.09799e-05;5.92467e-05;5.85668e-11;1.70703e-06;5.78708e-11;3.88812e-11;1.63827e-08;0.000156433
9.99408e-11;1.037e-10;1;1.69431e-10;2.50461e-10;5.74255e-09;9.18602e-09;1.64994e-10;1.1329e-10;6.71095e-10;4.54533e-09;1.78541e-08;1.63056e-11;5.22356e-09
3.12092e-09;7.29608e-05;1.1954e-11;8.35251e-10;1.53697e-09;3.76285e-09;1.0566e-09;0.000664494;3.06942e-09;2.90583e-11;3.59096e-08;9.66466e-09;0.999263;1.75226e-10
4.63084e-06;0.00575664;4.86013e-06;1.07255e-05;7.83406e-05;5.06172e-06;1.23398e-08;0.00893255;3.15654e-05;2.80932e-07;1.93399e-05;0.982297;0.00205436;0.000804605
1.0133e-05;0.285317;0.103852;5.7143e-05;3.417e-05;0.000345965;4.63424e-07;2.32155e-05;3.16349e-08;2.26781e-06;1.64935e-05;0.00170012;0.608583;5.83752e-05
1.33075e-05;0.0898676;9.03495e-06;1.31895e-06;2.55792e-06;1.43352e-07;6.46404e-07;0.00227129;1.60911e-05;3.92982e-08;0.000296327;0.907118;0.000239458;0.000164561
1.57522e-08;0.999998;2.38612e-12;1.58031e-09;2.22626e-09;6.62794e-10;5.07827e-10;2.16437e-08;4.46284e-11;5.05427e-11;1.72841e-09;4.65688e-08;1.13233e-06;3.4428e-07
1.73514e-07;3.64002e-06;1.24652e-06;1.91596e-09;1.39807e-08;1.09143e-09;1.01245e-11;5.98601e-06;1.42214e-09;3.57845e-12;2.84741e-08;0.999979;1.00229e-05;1.12911e-07
5.98323e-05;0.402893;3.16464e-07;4.88677e-06;0.000934018;6.62039e-05;2.04603e-07;0.236906;2.7811e-06;1.55823e-06;5.83013e-07;0.000476471;0.109768;0.248886
1.91055e-08;6.18066e-07;1.41747e-08;1.64671e-08;6.14792e-09;4.64329e-05;1.53559e-09;2.55202e-06;2.73971e-07;1.17177e-09;5.18828e-08;2.22032e-09;0.99995;4.8744e-08
2.40156e-08;7.53444e-06;0.999982;1.05426e-08;3.82447e-08;9.69673e-09;4.46572e-11;9.48667e-07;4.41945e-10;5.20183e-09;2.22894e-11;9.52046e-06;1.05962e-08;1.59432e-08
2.1208e-07;0.988865;1.86015e-08;1.64198e-06;8.87368e-08;3.06945e-06;2.68678e-07;0.0108186;2.33389e-05;1.24419e-07;1.01182e-05;4.71556e-07;0.000274184;2.7985e-06
