1.61367e-05;0.992689;9.14028e-09;2.60824e-06;8.51334e-07;3.14312e-07;3.32408e-07;0.00693842;7.93085e-05;2.23938e-07;1.80255e-05;3.38907e-06;0.000166606;8.50829e-05
3.62006e-05;4.37678e-05;1.5453e-08;2.67285e-07;1.30135e-05;1.04391e-08;1.79037e-07;0.999867;3.42466e-05;9.65726e-08;1.10222e-06;1.45373e-07;2.51894e-06;1.84274e-06
2.97662e-06;0.996858;4.88317e-06;1.83647e-06;3.78846e-05;1.66506e-07;0.000771509;6.28255e-06;2.21328e-06;2.12125e-05;7.60441e-08;2.10193e-05;3.82558e-07;0.00227173
1.36674e-09;5.12463e-09;0.999999;3.39524e-10;1.52172e-09;3.93064e-10;1.90879e-09;2.36675e-09;6.99265e-10;3.25473e-11;5.20509e-10;9.84978e-07;1.37032e-08;9.59472e-10
4.30154e-06;0.391231;4.68917e-05;2.79653e-05;4.272e-05;9.45176e-06;0.000104219;0.0496851;0.000240996;6.94054e-07;0.000922874;0.00974327;0.547922;1.82411e-05
2.40186e-06;0.00553496;0.00230877;0.000384246;0.439401;0.000940408;2.88862e-07;0.174229;6.92876e-06;1.0299e-05;2.2414e-05;0.00886309;5.6672e-05;0.368239
1.29727e-05;0.888965;3.69875e-08;0.000967218;2.9924e-05;6.76099e-05;1.3789e-06;0.000195406;1.67402e-05;8.03887e-07;0.00165466;0.106562;0.00113981;0.000386435
0.000147624;0.0324403;2.00073e-08;1.52678e-06;5.94157e-06;1.84294e-07;1.53995e-07;0.957115;3.58504e-05;2.4929e-08;0.000259507;0.00118428;0.00880102;8.86324e-06
9.62335e-07;0.987526;2.68591e-07;2.56706e-07;3.54306e-05;1.16431e-06;1.35742e-06;0.0117424;6.37682e-07;2.48082e-05;2.62748e-07;1.8097e-07;0.000101022;0.000565436
1.99619e-11;1.02181e-12;1;2.51327e-11;2.98212e-11;7.65613e-13;5.83722e-12;2.98864e-13;2.31594e-11;5.97978e-12;8.69626e-11;6.98296e-09;7.51937e-14;2.89194e-12
2.49503e-05;0.943471;1.19213e-06;3.69421e-06;1.16378e-05;5.12433e-06;5.31481e-06;0.0410152;1.85619e-05;1.00928e-06;6.16047e-05;0.0139645;0.00139651;1.99617e-05
6.00763e-05;0.0502021;1.79202e-05;1.72644e-05;0.00064718;0.00103717;0.000161299;0.877853;0.000442032;2.84564e-05;0.00343124;0.0528902;0.0129282;0.000284276
2.37105e-06;8.80052e-05;1.20059e-08;2.89411e-07;3.18976e-06;1.51558e-06;3.20095e-07;0.469568;1.43611e-06;5.77311e-08;3.58406e-06;3.24782e-06;0.530326;1.77471e-06
9.31816e-06;0.000337875;4.25361e-06;1.9814e-06;2.39528e-06;1.1866e-07;8.23662e-08;3.58822e-05;4.11416e-05;1.36572e-07;3.79235e-06;0.999413;0.000145881;3.8727e-06
3.401e-05;0.679718;4.01665e-06;1.22289e-06;0.000158236;1.27014e-06;2.77086e-07;0.29811;2.09521e-05;4.2584e-07;8.75715e-06;0.000269837;0.0216717;6.04182e-07
5.46512e-11;0.999998;2.03477e-12;5.53166e-11;2.52177e-11;1.29856e-12;2.93343e-07;4.23648e-10;2.4169e-11;3.52552e-08;9.57465e-12;4.86813e-13;1.0149e-08;1.49671e-06
7.62386e-14;1.59797e-13;1;2.54225e-12;1.64288e-11;4.10196e-13;5.39753e-12;1.88368e-14;7.33453e-14;8.07268e-13;1.34175e-12;1.40716e-07;1.27222e-16;4.72444e-11
2.30487e-05;0.779344;3.59229e-06;3.55166e-05;2.45417e-06;6.03596e-06;0.0186444;0.183066;0.000285022;3.75849e-07;0.00264738;2.28689e-06;0.0159378;1.31455e-06
5.55153e-06;0.045855;7.33292e-09;1.76643e-07;0.000112637;9.46072e-08;2.91575e-08;0.928107;3.23376e-06;8.58144e-09;8.57777e-06;0.02588;2.62569e-05;1.28096e-06
1.18255e-07;0.973648;5.75388e-10;2.56519e-07;4.43539e-05;1.3449e-07;0.00216175;8.20005e-06;7.95587e-09;0.00234496;5.93341e-09;1.54682e-08;4.63638e-08;0.0217919
1.01865e-10;2.89465e-12;1;1.89837e-11;4.19095e-12;2.45974e-13;1.65725e-10;2.26816e-11;6.76678e-10;3.69815e-12;4.2383e-09;9.11163e-08;3.768e-12;1.02788e-13
3.44199e-05;0.10643;1.42279e-07;9.31922e-07;2.52575e-07;4.66416e-06;0.000230349;0.17976;0.00017959;3.99969e-06;0.00021474;3.33608e-08;0.713141;1.12198e-07
3.91826e-11;4.0344e-11;1;8.0816e-10;6.50969e-12;1.7626e-11;2.21679e-10;8.26914e-13;3.85888e-09;1.08949e-10;3.54758e-10;1.42548e-08;6.5861e-13;3.55519e-12
1.35466e-06;0.000141526;3.1654e-05;3.89616e-05;3.67009e-07;9.17916e-07;2.44909e-07;0.000253431;0.00417611;1.0863e-08;7.52367e-05;0.995278;2.40766e-07;2.47342e-06
1.47039e-05;0.00170559;1.16265e-06;5.66813e-08;4.45496e-07;1.45504e-06;4.05287e-07;0.000819611;3.43545e-05;4.78793e-08;5.64774e-07;5.67339e-09;0.997422;3.70374e-08
2.76426e-07;0.000652388;4.78005e-06;1.99989e-07;7.51791e-06;2.61864e-07;9.79178e-11;1.18701e-05;8.97348e-08;1.65021e-09;2.98589e-08;0.999315;3.21361e-07;6.97128e-06
4.72284e-06;0.807586;0.000657454;1.67626e-06;0.0500961;1.23579e-06;8.98212e-10;0.139103;6.78554e-07;6.82437e-09;1.50985e-10;3.54413e-05;0.0018222;0.000691196
3.59474e-07;2.74588e-05;2.2108e-06;1.30051e-07;0.0040125;1.41079e-09;1.99951e-10;0.995951;3.87854e-07;1.1935e-08;2.65779e-09;1.83335e-06;3.84436e-06;3.29476e-09
1.08368e-08;1.23693e-07;0.999999;2.78812e-09;8.12372e-07;1.37347e-09;5.60436e-11;8.30984e-10;5.05213e-11;2.33312e-08;1.0356e-11;1.44597e-08;7.4565e-09;5.87388e-07
5.78281e-06;0.989796;6.39631e-07;1.07828e-06;8.59166e-07;1.31287e-07;1.65378e-06;0.00910299;0.000941595;2.11628e-07;7.18084e-05;2.95772e-05;1.36393e-05;3.37647e-05
