4.09518e-06;0.999108;3.72355e-10;1.61368e-06;5.82945e-07;1.27848e-07;9.11263e-07;0.000657045;3.11299e-05;3.87209e-07;1.30895e-05;5.38592e-07;3.29195e-05;0.000149934
9.86871e-06;4.0656e-06;3.05754e-08;4.94244e-08;5.28184e-06;2.46301e-09;8.11713e-08;0.999973;6.67843e-06;4.51557e-08;3.80935e-07;6.92474e-08;4.27526e-07;2.44713e-07
6.37298e-07;0.99674;4.98168e-06;4.40294e-07;3.59201e-05;7.30868e-08;0.000194501;3.73353e-06;5.18332e-07;1.20732e-05;2.26413e-08;3.4711e-06;6.18241e-08;0.00300306
1.01043e-11;1.23864e-10;1;2.08749e-11;1.39718e-11;9.65499e-13;4.92784e-11;1.12553e-10;2.42427e-11;1.47202e-12;4.51818e-11;1.22028e-08;2.50935e-12;3.87508e-11
2.53229e-05;0.773185;0.00149743;0.000652338;2.86983e-05;1.19269e-06;7.23277e-05;0.022207;0.00565038;1.29456e-06;0.024507;0.00464718;0.162544;0.0049806
1.94365e-06;0.311121;8.63458e-06;0.000218402;0.0356413;5.98058e-07;1.39607e-07;0.00128392;2.76858e-07;1.17694e-06;3.43185e-06;0.0672254;3.16975e-08;0.584494
2.57738e-07;0.00151651;5.06878e-05;7.78914e-07;1.3695e-06;1.13022e-08;5.35082e-09;4.47546e-09;2.44147e-10;8.48852e-09;2.07503e-07;0.998404;3.27977e-06;2.26117e-05
6.20784e-05;0.360582;3.4019e-09;1.8303e-06;2.47756e-05;2.50609e-05;9.06727e-06;0.027003;1.84301e-05;6.08573e-07;0.00087716;0.00889664;0.602017;0.000482175
1.22503e-07;0.000703351;1.99484e-08;1.64452e-07;1.43419e-07;8.07895e-06;7.93283e-09;0.00145323;5.34186e-08;3.64234e-09;5.08986e-06;7.13338e-07;0.997829;4.9631e-07
9.17551e-06;0.941663;0.053839;1.19092e-05;1.99559e-06;7.85537e-06;9.23801e-08;9.27318e-05;8.81875e-08;1.01131e-06;5.3945e-07;0.00237623;0.00170285;0.000293442
9.40345e-07;0.78295;5.20117e-06;0.00015062;8.528e-06;3.02082e-05;2.15388e-07;0.00481139;1.85466e-06;2.651e-07;0.000890535;0.190344;0.0206063;0.000200051
2.39101e-05;0.939978;8.72412e-08;1.51189e-05;0.000378802;2.0396e-05;9.8437e-08;0.0228303;9.66062e-06;2.58134e-06;0.000100798;0.0135705;0.012279;0.0107913
7.52867e-05;0.0582712;0.000868798;0.00058487;0.266169;0.00117616;5.62638e-06;0.137231;0.000399603;3.64357e-05;0.00318501;0.446576;0.0251896;0.0602313
0.000152863;0.821709;5.53146e-11;2.32268e-05;4.63317e-05;5.08007e-06;6.04098e-06;0.00191597;0.00101404;1.26855e-06;0.00296273;0.0153538;0.156744;6.4813e-05
4.52967e-08;0.00193893;3.11158e-11;2.08471e-10;8.30831e-07;3.65306e-10;1.52761e-11;0.998058;2.4986e-10;1.42382e-10;5.12653e-11;1.79266e-06;1.00241e-07;4.63287e-08
2.86999e-08;0.00115989;0.998335;4.5927e-08;4.75368e-07;1.79985e-07;7.28689e-09;3.22807e-07;2.17711e-10;1.27314e-07;7.09911e-09;0.00050109;9.40346e-07;2.0497e-06
2.25833e-05;0.0109836;5.94865e-07;8.10858e-07;2.76588e-05;1.18251e-06;2.78613e-06;0.98405;6.3906e-05;2.28797e-08;0.000109681;0.00027684;0.00444026;2.04202e-05
2.11315e-05;0.0262796;1.47343e-07;1.23729e-09;2.60277e-06;8.85216e-09;2.94154e-09;0.972649;3.97313e-07;6.60888e-09;2.4541e-09;0.000287079;0.000753201;7.32575e-06
1.40577e-09;0.000543421;9.58631e-07;3.70329e-09;1.05158e-06;1.90204e-07;4.49619e-11;1.85877e-05;2.95801e-09;3.18676e-10;4.51365e-09;0.999269;0.000166103;4.70444e-07
1.16235e-07;0.0053557;1.35004e-08;1.58888e-05;3.2101e-07;1.43715e-05;1.63323e-06;6.20123e-05;4.86985e-06;7.38076e-07;0.000146495;1.81472e-06;0.994395;5.28549e-07
2.53171e-06;1.13701e-05;0.996666;1.75519e-05;0.000215279;3.67964e-07;6.75222e-09;1.70758e-07;1.08246e-07;3.27601e-07;6.34746e-08;0.00307909;1.23698e-06;5.63509e-06
0.000245938;0.000294955;9.79687e-07;1.09068e-06;3.66805e-05;8.55484e-09;3.18213e-05;0.943394;0.0558529;5.43492e-07;0.000100318;1.51399e-07;4.08378e-05;3.6414e-09
0.00162767;0.0826037;0.89373;0.00297259;0.0025115;0.000236389;2.41402e-05;0.00121304;0.000242641;0.00021461;7.46752e-05;0.0109509;0.00307578;0.00052279
0.00115357;0.919155;4.6049e-06;1.26221e-05;1.0286e-05;6.21865e-08;7.31742e-06;0.00124194;0.000169445;2.09741e-06;1.61566e-05;0.0757765;0.00132855;0.00112149
0.000159624;0.90632;8.75851e-06;0.000114107;0.000965325;1.19938e-05;0.000159982;0.0799237;0.000334879;0.000381065;1.18092e-05;0.000641079;0.010688;0.00027936
0.00062508;0.0194788;3.80954e-05;7.93588e-05;0.000816585;0.000327817;0.000343182;0.219579;0.00247177;4.57886e-05;0.000931561;0.00532665;0.749785;0.000151416
7.224e-06;0.0339473;0.965116;0.000196285;1.36137e-05;1.23555e-06;0.000304286;1.63915e-06;1.46431e-06;0.00031738;1.83585e-07;3.78112e-05;1.15289e-05;4.46132e-05
2.91114e-08;1.40731e-07;0.999981;2.68405e-07;7.28513e-11;2.48232e-10;3.5047e-06;3.80279e-11;3.70005e-06;1.6675e-08;1.15096e-05;1.83539e-07;3.11526e-09;6.35866e-11
0.000151226;0.821524;0.000143332;0.00013047;4.58321e-06;8.9156e-05;5.29858e-06;0.094482;0.000341889;8.60503e-06;3.70571e-05;0.0749117;6.79552e-05;0.00810294
1.46267e-06;0.00801528;3.09062e-07;1.89842e-06;3.40534e-08;5.29955e-07;2.22461e-06;0.000264557;5.76961e-06;1.38803e-07;8.8652e-05;2.36835e-07;0.991619;4.11159e-08
2.22592e-08;0.999985;2.85973e-12;4.92964e-09;1.0078e-09;1.42546e-09;9.93002e-08;8.6448e-06;1.54103e-08;1.64201e-07;1.26962e-08;2.26551e-09;2.22063e-06;3.48624e-06
6.77004e-12;2.18724e-12;1;7.7854e-10;2.50238e-12;6.76831e-13;1.52161e-12;4.87755e-14;9.76231e-12;9.30928e-12;2.24307e-11;4.22003e-07;1.06697e-14;2.73582e-12
7.70145e-06;7.25956e-05;4.56566e-06;9.52327e-06;0.000147634;7.73944e-08;9.4283e-08;0.999273;9.08993e-06;3.17734e-08;8.47932e-06;0.000465725;1.24777e-06;2.06476e-07
7.66902e-06;0.0217455;6.58708e-08;1.35759e-05;9.95467e-05;3.31184e-06;6.54988e-05;0.969671;1.98464e-05;7.62165e-06;0.000320971;7.6701e-07;0.00804407;9.47847e-08
2.42469e-08;2.27132e-06;0.999914;1.90574e-06;8.0991e-06;1.78427e-06;4.90172e-08;2.95491e-08;1.732e-10;9.74631e-06;1.89238e-07;3.20851e-05;9.8547e-08;2.99186e-05
8.76955e-06;0.929013;1.51356e-06;0.000163787;4.23551e-05;7.32534e-05;1.69449e-05;0.0546985;9.15855e-05;5.22884e-06;0.00667693;0.000446925;0.00687112;0.00189056
