1.64476e-06;0.00340587;1.70193e-08;9.91466e-06;4.72944e-07;4.30138e-06;8.03284e-07;4.98717e-05;3.1075e-05;3.48138e-07;7.34987e-06;9.23589e-07;0.996487;2.71568e-08
3.45674e-05;1.31079e-05;5.04676e-07;3.01807e-05;2.91979e-05;3.76789e-06;1.21917e-08;0.00589492;1.31764e-06;2.04038e-07;6.54549e-07;0.9938;0.000101121;9.02443e-05
8.65065e-06;0.99955;1.10567e-07;4.17209e-08;8.20265e-09;3.12442e-09;0.000420854;1.30797e-05;1.92639e-08;1.54412e-06;6.3076e-10;1.45622e-10;1.62127e-07;5.65944e-06
2.32176e-12;3.8923e-13;1;1.09256e-11;5.36398e-13;1.26586e-11;6.08065e-11;3.77917e-14;4.91012e-11;9.46797e-13;1.25203e-10;2.45709e-07;1.34432e-14;4.99887e-11
1.65411e-07;0.991109;4.41871e-11;6.64458e-10;6.33621e-09;6.00682e-10;8.08979e-09;6.70169e-07;2.3717e-09;2.09615e-10;8.52524e-09;4.86604e-06;0.00888569;3.22808e-09
4.21921e-07;0.0174124;6.80575e-06;4.43381e-07;1.36447e-05;5.28421e-06;3.45638e-07;0.870802;9.45962e-07;2.35879e-07;9.64108e-07;0.102021;0.00865889;0.00107657
7.67384e-05;0.395512;5.67196e-07;0.00624538;0.00214319;0.0196574;0.00159017;0.0149472;0.036598;8.32751e-05;0.244661;0.0117332;0.203836;0.0629159
1.49152e-05;0.0365704;8.37757e-08;2.65251e-07;4.52931e-05;3.10725e-09;4.98387e-08;0.962106;4.45916e-07;1.39819e-08;2.84977e-07;0.000519276;0.000742648;6.26898e-07
2.99957e-06;0.0153843;0.984397;4.01768e-06;4.90024e-06;4.27063e-07;2.26147e-07;2.77643e-06;7.21311e-08;4.21599e-06;5.36608e-07;9.97956e-05;5.05343e-05;4.84678e-05
8.99036e-07;0.998333;1.21308e-08;5.93652e-08;1.1213e-08;1.96841e-08;0.00141521;2.16748e-06;5.36356e-07;4.5984e-05;8.24297e-07;6.83148e-08;1.08372e-06;0.000200176
1.53034e-11;2.82463e-11;0.999999;2.3785e-10;1.63735e-10;1.68896e-09;3.85458e-10;1.1348e-11;3.74104e-10;1.26123e-10;1.63243e-09;1.30289e-06;9.48252e-13;1.27286e-10
1.18122e-06;0.0208765;1.3943e-09;7.03875e-08;7.05652e-10;3.78791e-08;3.55907e-06;2.34159e-07;1.44854e-06;1.22052e-08;3.45678e-06;9.17246e-08;0.979113;9.46441e-11
6.95616e-08;0.000243133;0.946453;4.56353e-06;3.50396e-05;4.6086e-06;1.02769e-09;5.9037e-05;3.37124e-08;4.64201e-08;2.6216e-08;0.0530436;1.43838e-06;0.000155706
2.1252e-07;0.00844195;4.30836e-11;6.49572e-08;2.61512e-05;4.99888e-08;1.08649e-06;0.991196;2.28442e-06;1.53369e-08;1.00316e-06;8.16e-07;0.000330161;1.92561e-08
1.07449e-05;0.956601;0.0387941;0.000248121;5.31559e-05;0.000286007;1.70248e-06;4.42304e-05;1.98363e-06;1.07666e-05;6.56344e-05;0.00326846;9.87521e-05;0.000515171
0.00161464;1.45437e-05;1.02266e-08;7.11109e-07;2.54358e-06;1.09038e-07;0.000232618;0.974889;0.0210119;1.24537e-07;0.00212507;2.10599e-05;8.72101e-05;2.39104e-07
3.82944e-05;0.880537;3.306e-07;0.000271348;0.00360763;0.000182086;8.01338e-07;0.00417859;4.72768e-05;7.62907e-06;9.11131e-06;0.0026516;8.74441e-06;0.108459
0.00047412;0.0756381;0.000145381;0.00072806;0.00129536;0.000585687;1.1001e-06;9.36244e-08;2.08478e-06;3.20595e-05;0.000247015;0.391686;0.00109926;0.528066
0.0164875;0.275931;2.56098e-06;3.8349e-06;0.00350192;9.32843e-05;1.04077e-06;0.422862;0.00219053;7.95492e-07;0.00593617;0.0414971;0.231479;1.34228e-05
7.31497e-05;0.783637;0.00206906;6.3436e-07;4.98485e-06;1.35606e-06;1.32119e-06;0.017907;1.80091e-05;2.31841e-06;5.28575e-07;0.126006;0.0702722;6.01074e-06
6.31641e-05;0.056244;9.04796e-05;0.00726195;0.0378402;0.0890896;1.61385e-05;0.0299046;0.000965052;0.00210969;0.000263266;0.000495014;0.0245914;0.751065
5.87615e-05;0.0324612;1.96058e-05;3.90942e-06;5.65468e-07;3.01785e-06;0.947715;6.18722e-06;4.10854e-06;0.0191025;5.85533e-06;2.97617e-09;1.2251e-05;0.000607265
1.79464e-10;2.34781e-11;1;3.54162e-09;3.42619e-11;5.41995e-10;1.91224e-08;5.25191e-12;3.7893e-08;3.14383e-09;1.67255e-07;2.67139e-08;1.40779e-14;9.99441e-12
1.89856e-05;0.997583;4.2908e-06;5.28625e-07;2.82801e-08;2.0819e-08;0.000309148;0.00032711;0.000533224;2.49901e-06;0.000495476;0.000413829;0.000312234;8.94619e-09
1.41125e-07;0.994995;1.04886e-10;3.12778e-05;6.3908e-06;4.39917e-08;7.55111e-05;1.12668e-05;2.38615e-06;0.00079326;6.78766e-07;1.83562e-06;2.27087e-08;0.00408182
4.39045e-08;3.80445e-06;0.999824;1.17085e-08;7.32706e-09;2.17432e-09;2.27783e-08;1.19701e-07;3.49834e-10;3.24467e-09;1.88375e-08;0.000166551;5.18945e-06;4.86571e-10
1.96351e-06;0.908871;1.46509e-06;5.63905e-08;2.46879e-07;2.95231e-08;0.0819565;5.74969e-06;1.9897e-07;0.00214779;3.61278e-08;4.5829e-09;2.77407e-06;0.00701185
1.41311e-10;1.18244e-12;1;2.98261e-10;3.29092e-10;2.24822e-11;1.98989e-08;6.59248e-13;1.21181e-07;1.50293e-09;1.03664e-09;3.33267e-09;1.06722e-14;1.17245e-10
0.0172346;0.493332;2.47335e-05;0.000181432;0.000168246;0.000198573;0.000353599;0.384777;0.0555828;4.59869e-05;0.00238935;0.000160972;0.0455432;7.53063e-06
0.000502462;0.00429903;1.64171e-05;3.48828e-06;0.000138848;4.94197e-08;1.35673e-06;0.946339;0.0282458;3.13844e-06;3.17056e-05;0.0203063;0.000106906;5.52759e-06
7.04526e-06;0.128411;0.108753;8.16852e-05;0.000283757;7.81001e-05;3.60325e-08;3.7336e-05;1.37203e-07;2.21634e-05;4.81947e-07;0.00548423;0.752009;0.00483227
0.000114692;0.871882;1.27024e-05;1.31328e-06;1.70412e-05;2.47617e-06;0.000112561;0.00511312;9.60861e-05;2.09932e-05;3.10872e-05;0.113951;0.00744898;0.00119585
1.98003e-05;0.00490153;0.000136022;3.26427e-05;0.0259206;0.00351747;1.76902e-05;0.0068761;0.000351063;1.28288e-06;0.000771037;0.313973;0.643423;5.91291e-05
3.45627e-06;0.000963239;1.51285e-06;9.44522e-09;5.96948e-06;3.0023e-07;1.01408e-08;0.0131404;3.73952e-07;1.4281e-08;1.9675e-09;6.08461e-05;0.985823;6.27019e-07
0.000307137;0.0615245;0.000229758;0.000420228;0.000515568;8.01521e-05;5.57519e-06;0.135039;0.00607549;4.25974e-05;0.000250597;0.0155835;0.779163;0.000763516
3.22907e-06;4.04526e-06;2.49929e-11;1.34753e-08;2.45081e-08;1.76123e-09;2.98887e-08;0.999927;5.25682e-05;1.21305e-08;1.63335e-07;6.98067e-09;1.2518e-05;4.00867e-10
6.50577e-07;0.0307163;3.37374e-07;1.45764e-05;1.19606e-06;1.34273e-05;0.00213014;2.17211e-06;8.80646e-08;0.00290054;6.73207e-08;9.05404e-09;1.36708e-07;0.96422
1.80773e-09;2.05125e-10;0.999998;1.31428e-08;8.56365e-12;2.19421e-09;2.43024e-07;4.96692e-12;5.67728e-08;8.82871e-09;1.54266e-06;1.09587e-07;5.51773e-12;2.62902e-07
2.88272e-06;0.991593;1.82911e-09;1.65207e-08;3.85035e-11;1.79023e-09;3.8483e-07;8.89488e-06;8.46593e-08;2.94498e-09;6.87129e-07;3.07827e-06;0.00839122;2.18695e-10
8.635e-10;5.91652e-06;1.38438e-09;1.23722e-08;6.19549e-06;1.41807e-09;9.72137e-11;5.80661e-05;4.54662e-09;5.14531e-10;5.7283e-09;0.99993;1.17137e-10;5.19101e-08
3.99162e-09;0.999989;1.79993e-07;7.03583e-09;3.36936e-08;2.48472e-08;9.65259e-09;2.40277e-07;7.22776e-12;2.25589e-08;9.16602e-10;5.17395e-07;1.04045e-05;2.76951e-08
1.10713e-05;0.00264925;5.53392e-08;1.462e-05;5.65062e-05;0.000364609;3.3537e-05;0.000988105;3.94288e-05;2.82907e-06;9.98832e-05;0.000564758;0.995085;9.02694e-05
3.60922e-06;0.00128582;0.998101;1.7585e-06;0.00017485;1.34383e-05;1.12772e-08;1.04103e-05;5.31487e-08;3.27428e-07;9.54798e-10;0.000386833;9.67821e-06;1.2475e-05
1.14698e-06;0.784726;4.95982e-08;4.45967e-06;1.05771e-07;2.81835e-07;3.24678e-08;2.6266e-05;1.52519e-07;1.10706e-08;1.19095e-07;9.90929e-06;0.215226;5.24229e-06
5.98038e-05;0.195058;3.51813e-05;6.07718e-06;1.00389e-05;3.49834e-08;3.70174e-08;0.802933;2.87046e-05;1.35145e-06;2.6936e-07;0.000121663;0.000106549;0.00163925
1.79223e-06;0.102711;0.67143;4.12878e-06;0.0335214;1.95437e-05;1.57639e-08;0.000873956;1.02938e-08;1.16988e-05;7.50759e-09;0.187652;0.000122205;0.00365241
1.09306e-07;0.983684;1.08196e-11;3.68771e-08;1.14475e-07;2.29063e-08;0.000115863;1.35302e-06;7.54392e-07;3.40701e-06;9.43109e-07;5.00494e-06;1.87917e-05;0.0161698
2.9756e-05;0.540229;1.42095e-05;6.56291e-06;7.00804e-06;0.000181989;0.386279;0.0166434;0.000414315;5.20511e-06;0.00404468;3.34003e-05;0.0521053;6.5704e-06
3.67695e-06;0.998132;3.91876e-09;5.38282e-07;3.41613e-08;3.05824e-07;6.84304e-07;9.78675e-07;1.11347e-07;3.17059e-08;3.49395e-07;8.78788e-05;0.00177171;2.00918e-06
0.000182367;0.0191711;0.0283869;8.43298e-05;0.000353105;6.08314e-06;5.72691e-07;0.000484061;8.61237e-06;2.68233e-06;7.46664e-07;0.948624;9.47408e-06;0.00268563
0.000293334;0.0268361;2.5384e-07;3.36217e-06;9.81724e-05;0.000265459;6.8004e-06;0.00350636;0.000241953;2.35945e-07;6.49388e-05;2.81192e-05;0.968441;0.000214257
0.000165181;0.935029;0.000348076;2.19775e-06;2.38703e-06;4.78544e-06;0.019848;0.00120244;0.00091915;0.00285594;1.24232e-05;2.10489e-07;0.0150131;0.0245976
9.54227e-12;2.40772e-13;0.999992;3.45758e-10;4.85175e-10;5.52873e-11;9.99534e-11;1.61681e-13;1.51322e-08;6.86109e-11;3.94122e-09;7.75931e-06;1.33006e-14;4.3752e-10
1.76812e-05;0.896716;7.92193e-07;8.93512e-07;5.43323e-07;2.97293e-07;7.74956e-05;0.0370287;0.00043948;2.6717e-06;6.35439e-05;1.37183e-05;0.0656385;8.85615e-08
1.64566e-06;0.891182;3.10396e-05;0.000304545;0.00269136;0.00284696;0.000151473;0.00581304;0.000390034;0.000473267;0.000608168;0.0237848;0.00131006;0.0704117
0.0006337;0.333353;1.43119e-06;0.00315041;0.000687453;0.00103751;0.00148571;0.0109104;0.0112247;0.00090724;0.0121926;0.00143217;0.620857;0.00212703
0.00378909;0.0473444;0.94081;4.8334e-05;0.000439266;6.98539e-07;6.23786e-07;0.00463504;3.43881e-06;1.8973e-05;7.86347e-06;0.00185661;0.00104246;3.13309e-06
1.2514e-05;0.673699;2.98306e-08;9.90544e-08;1.06412e-09;3.22499e-09;0.323514;5.16491e-07;7.58679e-05;0.00266607;1.66405e-05;1.25973e-09;3.54134e-07;1.46549e-05
6.57472e-10;1.47234e-10;1;2.87879e-09;2.73019e-10;7.6108e-09;7.51251e-09;3.93524e-10;8.69913e-08;6.61552e-09;5.47047e-08;9.41415e-08;8.5801e-13;4.79015e-11
5.0219e-05;0.315542;9.08437e-09;8.36457e-06;1.58809e-08;7.32858e-07;4.46987e-05;6.28892e-05;0.000255224;1.6112e-07;0.00107852;2.01994e-05;0.682937;3.64993e-10
5.66726e-05;0.195501;0.0731775;0.000412013;9.4188e-06;6.10652e-05;1.47715e-06;0.000315786;1.17799e-05;1.25424e-05;1.76391e-05;0.725415;0.0041221;0.000885533
3.7321e-06;0.948949;8.59068e-09;6.36472e-05;4.69018e-06;1.62738e-05;2.8122e-06;0.0382337;2.73893e-05;8.89313e-07;4.48146e-05;0.00898273;0.00359656;7.36669e-05
0.000510749;0.313923;4.10337e-06;3.21459e-05;1.72156e-07;1.12066e-06;8.87886e-05;0.232604;0.000943417;3.02606e-06;0.00201889;0.00336667;0.446504;3.60496e-07
0.000631194;0.00532693;0.000362808;0.000550513;0.000791813;0.000116813;8.01749e-06;0.00602567;0.0179404;5.74079e-05;0.000471649;0.960946;0.00506381;0.00170724
0.00338252;0.501915;0.000348155;3.48208e-05;0.000131939;6.05481e-06;0.000606648;0.174871;0.0101555;2.47743e-05;0.00020859;0.294442;0.013857;1.60048e-05
5.01774e-05;0.110084;3.47862e-07;0.00593525;0.00511255;0.00186175;1.51415e-06;0.019143;0.00337103;3.16709e-05;0.000722886;0.672965;0.0398337;0.140887
0.000252938;0.705369;2.30815e-08;2.23169e-06;1.04612e-05;4.24858e-08;7.67024e-07;0.294271;3.71249e-06;1.51349e-06;1.97686e-05;2.10891e-06;6.48183e-05;1.612e-06
1.734e-05;0.00541623;0.438702;9.11446e-05;0.00167282;4.52187e-05;7.93989e-07;5.54724e-06;2.63155e-07;2.12333e-05;1.03402e-05;0.553133;0.000779923;0.000104371
0.00115413;0.692456;8.00427e-06;0.000228981;2.14463e-05;2.9686e-05;0.000493789;0.0230022;0.0481732;1.59459e-05;0.156344;0.000910955;0.0759105;0.00125052
1.24265e-05;0.996442;5.65754e-09;8.64765e-06;0.000162792;3.49531e-05;9.4416e-08;0.000664327;4.43573e-05;4.2276e-07;1.00884e-05;0.000475468;0.000702196;0.00144238
0.000174464;3.66334e-06;7.48352e-09;1.71805e-09;4.35922e-07;8.82487e-09;7.97496e-08;0.999736;7.07241e-06;7.62532e-09;4.52145e-08;1.32307e-07;7.77062e-05;1.51618e-08
6.63125e-07;4.91747e-05;0.00030909;3.69546e-06;0.00592366;0.00255794;2.34733e-10;0.000258566;6.8151e-07;6.94509e-08;8.62742e-08;0.748454;0.000154194;0.242289
2.65094e-07;0.0123273;2.74566e-07;9.4924e-09;4.48771e-09;4.2824e-09;5.97076e-08;5.4676e-05;4.75494e-07;2.54655e-10;1.33092e-06;2.61493e-06;0.987613;1.49834e-08
2.55418e-05;0.656257;1.3495e-06;0.000615781;0.00169991;0.000233575;4.3091e-06;0.055605;0.00124251;2.74521e-06;0.000126651;0.0561109;0.222422;0.00565225
3.45563e-05;0.161688;0.00442311;0.0013264;0.0210245;0.00218764;4.7364e-05;0.0258086;1.21565e-05;0.000261974;1.98835e-05;0.120229;0.495201;0.167736
4.0514e-05;0.019818;0.000186293;0.000533525;5.97292e-06;3.74763e-06;0.00965066;0.00123942;0.0154429;2.43702e-05;0.88211;0.062868;0.00806587;1.06363e-05
6.96917e-05;0.994727;4.10119e-07;2.60318e-06;6.90026e-09;2.10047e-09;0.00202496;1.23381e-05;6.13104e-05;1.22103e-06;0.000882336;0.000654116;0.0015637;1.57408e-08
3.15492e-05;0.242902;0.00300776;0.00164308;3.0508e-05;4.91352e-06;7.74266e-06;0.000826461;6.55951e-05;3.48307e-05;0.000207949;0.739561;5.7287e-07;0.0116766
0.00051645;0.934432;7.80285e-06;0.000323148;4.03018e-05;1.5838e-05;7.96797e-06;0.0286924;0.000459515;1.55648e-05;0.00142197;0.000686974;0.0332435;0.000136446
2.32215e-05;0.00811927;1.59831e-06;3.35554e-06;2.39099e-05;1.26902e-06;7.90211e-08;0.987655;0.000229153;4.37295e-07;0.00160682;0.00194621;0.000387566;2.46334e-06
9.73567e-06;0.268231;5.08875e-06;4.19221e-05;0.000110809;7.68361e-06;0.500425;1.72458e-05;8.64528e-05;0.227152;9.68063e-05;1.75865e-08;1.59913e-06;0.00381455
2.08123e-10;1.51802e-12;0.999945;1.30325e-09;4.09737e-10;1.00108e-09;3.01707e-11;6.78285e-12;5.20222e-10;4.19476e-11;2.10304e-09;5.50156e-05;1.61135e-12;1.62471e-10
2.70042e-05;0.675358;2.52853e-07;4.58274e-08;1.77673e-08;6.77325e-08;1.66695e-05;0.0001363;2.09429e-06;2.49501e-08;1.1433e-05;0.00100883;0.323439;6.49461e-09
3.61631e-07;0.00162061;1.62222e-06;5.61052e-05;9.23666e-05;9.25795e-05;4.89714e-06;0.00225014;3.61512e-05;2.75795e-06;0.000568654;0.981242;0.0138753;0.000156122
2.14404e-05;0.0198198;0.000333816;0.000943673;0.00174425;0.000161991;4.01325e-05;0.964263;0.000179526;3.69814e-06;0.00177985;0.00754377;0.000856013;0.00230859
7.65666e-05;0.618432;3.89258e-05;0.000542917;3.38745e-06;9.92082e-07;5.00506e-06;0.200256;0.000260446;3.37495e-06;0.00180669;0.176098;0.000189301;0.00228679
2.41765e-05;0.994772;1.81586e-07;4.13798e-07;2.25408e-05;1.29815e-07;1.26228e-06;0.000994817;3.51943e-07;1.04482e-06;2.96327e-07;0.000324629;1.69478e-05;0.00384099
3.10702e-06;0.000874047;7.68768e-05;1.39573e-07;0.0336639;7.91954e-05;1.5361e-09;0.000371347;1.88364e-09;2.48759e-08;5.98698e-09;0.963628;0.00125391;4.94281e-05
8.6603e-07;0.0183296;3.79465e-08;1.59167e-08;1.79733e-06;9.63711e-07;1.67043e-07;0.981122;1.1813e-06;2.13912e-08;8.16624e-09;6.85526e-10;0.000542385;1.01435e-06
4.46427e-10;9.14291e-10;1;2.40285e-09;3.1167e-08;2.34919e-09;8.73757e-12;2.09867e-09;1.03403e-09;1.97834e-10;3.56626e-11;9.78228e-08;1.34871e-09;1.22187e-10
4.35549e-09;2.3191e-08;0.999957;1.78209e-08;4.67383e-08;2.45408e-08;1.22899e-12;5.03661e-06;1.04851e-09;3.50067e-11;1.65093e-11;3.41496e-05;1.30466e-09;3.36034e-06
1.4749e-08;0.000724943;1.18182e-06;4.57823e-09;1.32138e-06;2.11342e-05;1.42732e-11;4.46066e-07;1.42556e-10;1.06946e-08;1.08649e-11;7.69187e-07;1.11789e-06;0.999249
5.17019e-07;0.0015049;2.4045e-08;7.02492e-08;3.10278e-06;7.11152e-06;8.97342e-09;0.354943;4.62127e-07;2.17969e-09;8.27853e-06;0.0010919;0.64244;2.46049e-07
1.38818e-09;8.23406e-05;1.33751e-11;1.31117e-09;4.81571e-07;4.01139e-07;1.66754e-11;0.999855;4.45825e-10;9.975e-10;2.47525e-10;8.58359e-08;6.1323e-05;2.97873e-07
2.88748e-07;5.70411e-05;8.89733e-11;6.03285e-06;2.33378e-05;1.1342e-07;6.0393e-08;0.999565;4.24607e-07;1.28444e-07;4.43468e-06;0.00024777;9.4813e-05;4.16549e-07
0.000115894;0.999326;1.39535e-07;2.031e-05;5.43389e-06;3.01544e-08;4.34719e-06;0.000127405;2.36899e-05;1.30674e-06;9.57623e-05;7.02847e-05;0.000185608;2.34198e-05
0.000365754;0.949218;1.99214e-06;6.37655e-06;5.95327e-06;7.97814e-07;7.75414e-06;0.040174;1.8685e-05;1.10986e-05;2.46058e-06;1.36887e-05;0.0100823;9.15536e-05
1.11763e-05;0.0311038;3.30979e-06;7.27651e-06;0.00149483;3.5664e-05;9.6869e-05;0.953316;0.000145244;4.69716e-05;4.32129e-05;0.0102278;7.05783e-06;0.00346113
1.11908e-09;1.22526e-06;0.999999;3.73211e-10;4.60773e-12;1.17098e-11;7.12842e-09;8.85786e-10;5.67372e-09;3.07999e-11;1.19634e-08;4.10546e-09;8.76968e-09;9.41067e-13
3.40839e-06;0.000669102;0.00220356;4.42729e-07;1.26456e-05;1.48168e-06;2.56499e-08;0.000250406;0.00013513;1.70965e-08;1.57442e-06;0.993066;0.00359937;5.69535e-05
1.74504e-05;0.266594;4.83428e-05;0.000133384;0.00490362;0.00160683;1.4449e-05;0.112133;0.000219585;8.40328e-05;1.64348e-05;0.00765283;0.522934;0.083642
0.000518201;0.0367061;0.0127694;0.0417488;0.0169228;0.000606412;0.000205201;0.026834;0.00284795;0.000175427;0.00743952;0.0300398;0.00293681;0.820249
2.47486e-05;0.997773;4.01786e-08;7.17605e-07;1.27455e-06;1.72636e-09;1.70032e-05;0.00196136;7.81698e-07;4.76654e-07;8.56971e-07;0.000191541;2.09746e-05;6.96504e-06
2.56671e-05;0.00509874;0.0113953;0.000184708;6.63212e-05;8.31732e-05;1.80038e-06;1.6326e-06;3.31741e-07;1.85158e-05;3.54867e-06;0.980056;0.00194701;0.00111734
3.99822e-05;0.81849;4.61176e-06;1.30071e-06;7.89733e-05;6.54438e-07;1.69025e-06;0.0216785;2.33817e-05;5.25971e-08;0.000262696;0.158163;0.00123964;1.55247e-05
2.72068e-08;0.998881;9.71809e-13;9.40729e-09;5.01437e-06;9.66523e-07;5.74832e-05;0.000144019;1.15526e-08;0.000178297;7.83565e-10;1.5452e-11;1.10619e-06;0.000732521
6.72682e-12;1.94086e-13;1;1.83464e-12;6.54769e-13;4.95582e-14;8.27984e-11;2.78693e-13;5.53603e-11;3.23873e-11;5.88719e-12;7.73451e-09;1.70018e-14;2.51844e-13
0.000374616;0.0183548;5.69833e-06;0.000717992;0.000101819;3.75382e-05;0.00738464;0.00730908;0.891147;6.69607e-05;0.0672349;0.00367801;0.00358352;3.20252e-06
0.00353828;0.978394;0.00994506;0.000355804;0.000239184;6.13219e-06;0.00020707;0.00207263;0.0017502;4.09104e-05;0.000144754;0.003219;6.4244e-05;2.26421e-05
1.40956e-05;0.999682;3.93483e-10;3.29223e-07;8.31991e-08;9.40195e-09;0.000235654;1.47819e-05;1.00387e-06;3.31329e-05;1.38055e-08;3.30244e-09;2.86245e-07;1.83977e-05
6.24829e-09;2.08137e-11;1;1.09407e-09;3.37659e-10;3.09717e-10;1.307e-09;1.42314e-09;2.62752e-07;4.74033e-10;4.35554e-08;1.78663e-08;3.82052e-11;1.87306e-11
3.04541e-07;0.999845;5.81422e-12;5.48285e-10;8.44328e-11;2.20373e-11;0.000140129;6.34396e-06;3.67801e-07;7.73709e-07;1.09087e-07;6.71942e-10;7.20957e-06;3.91285e-08
2.75674e-15;9.7504e-15;1;2.52192e-13;2.48102e-13;3.6255e-15;2.69853e-13;5.41644e-15;3.22257e-13;2.4107e-13;2.14507e-13;4.78839e-09;1.6563e-17;1.9625e-14
4.12652e-05;0.0516652;2.25406e-06;0.0035297;0.00515683;0.00260027;0.0105688;0.0462839;0.832232;0.000167128;0.0454644;9.06903e-05;0.00138783;0.000809713
8.71296e-05;0.893765;5.7497e-07;0.000205353;1.6736e-06;4.868e-06;0.000333884;2.87445e-05;0.00457345;8.19368e-06;0.0957379;0.00103211;0.00371258;0.000507894
6.45056e-07;2.18036e-07;1.04777e-10;1.8776e-10;1.83034e-07;2.88984e-10;1.28111e-09;0.999999;4.21305e-08;2.36023e-10;2.0017e-09;7.46359e-08;2.83513e-08;6.15893e-09
2.50696e-08;2.72173e-05;3.15393e-05;1.56557e-06;0.00240329;4.79281e-05;4.31408e-11;4.34124e-06;5.78737e-09;1.31314e-08;1.06977e-08;0.00123326;6.82911e-06;0.996244
6.38824e-08;0.999913;4.04318e-08;2.40072e-08;2.82253e-08;3.11853e-10;1.60054e-09;5.96704e-05;1.61718e-08;1.18866e-09;1.52782e-07;7.67524e-07;2.65112e-05;7.35795e-08
1.83423e-07;0.000468849;1.27399e-10;1.20471e-06;0.0107713;0.0012699;1.78546e-08;8.03172e-05;1.67677e-07;7.8556e-06;5.00114e-08;3.10713e-06;1.85137e-06;0.987395
9.86388e-07;0.999979;4.51554e-09;6.21025e-08;2.69842e-09;1.32599e-10;1.26376e-06;6.00173e-06;7.52986e-08;9.4023e-08;2.88391e-07;2.27377e-07;1.17477e-05;3.81029e-08
7.13644e-08;0.99985;3.28868e-10;1.94637e-06;1.15529e-07;2.4313e-07;1.84824e-07;1.35123e-06;1.25182e-07;1.08378e-06;6.01164e-08;2.08887e-06;0.000141439;9.6488e-07
2.05813e-06;0.000605832;3.60985e-08;0.000141595;6.96679e-06;6.70535e-05;2.32204e-07;1.72206e-05;1.14304e-07;1.01082e-06;6.63807e-06;0.000108773;0.998988;5.48834e-05
1.71041e-08;3.4951e-08;0.999983;1.29389e-05;9.27203e-08;4.1305e-09;3.2249e-09;3.08446e-10;8.38207e-11;1.15867e-07;2.39912e-08;3.65537e-06;2.93311e-08;1.46075e-07
6.75452e-07;3.29755e-06;2.90488e-07;0.000149682;1.17599e-08;4.73324e-08;3.66942e-05;9.92104e-08;0.000153902;6.35884e-08;0.999302;0.000227797;0.000125826;5.71266e-10
1.53482e-05;0.994323;5.0587e-09;0.000131409;6.24879e-06;7.76382e-07;2.3983e-07;0.0026037;3.88436e-06;2.20422e-06;7.57445e-05;1.85934e-05;8.08294e-06;0.00281086
1.35279e-05;3.72314e-05;5.20299e-05;1.36689e-06;6.74834e-06;4.53268e-09;3.50862e-09;0.999863;5.13585e-07;1.68173e-07;6.38717e-07;9.53896e-06;1.57869e-05;1.61259e-08
1.66688e-09;2.92198e-07;0.999998;1.24417e-06;8.436e-09;4.34158e-09;8.03352e-10;6.2148e-12;7.67858e-11;6.15775e-07;3.47535e-08;3.86581e-08;5.17991e-10;2.54324e-08
5.95192e-05;3.77712e-05;3.13313e-06;6.61279e-06;1.29601e-08;1.39949e-07;0.000168243;9.17613e-06;0.0104269;2.26464e-06;0.989203;5.68109e-06;7.75999e-05;8.95319e-10
