7.70306e-07;4.57615e-07;2.50066e-11;3.8845e-10;3.17379e-08;7.83889e-09;9.73437e-10;0.999986;1.35214e-07;1.7024e-10;7.66089e-10;2.106e-09;1.28657e-05;4.93141e-09
4.0397e-08;9.03966e-07;1.92612e-07;8.90572e-06;0.984433;3.04451e-05;2.73308e-09;0.00184945;1.14721e-06;3.19601e-07;7.40742e-08;0.00645629;4.73176e-07;0.00721868
1.68789e-05;0.0210706;0.970385;0.000683042;5.9784e-05;1.02045e-05;1.14098e-06;1.96185e-06;7.00732e-06;7.31532e-07;0.000299474;7.20588e-05;0.00662917;0.000762813
4.64552e-05;0.864397;0.0267542;4.72883e-06;1.93731e-05;1.1897e-06;1.53578e-08;0.000380313;4.6206e-07;5.02638e-08;8.59742e-07;0.0884293;0.00146555;0.0185009
0.000513598;0.300279;0.00109988;0.000487568;0.459643;0.000328913;0.00128882;0.0822239;0.00299805;7.02623e-05;0.00174685;0.0873435;0.00869491;0.0532822
0.000176387;0.607934;0.000390466;6.45591e-06;0.000138998;1.12657e-05;4.65469e-05;0.0017724;0.000127737;1.51422e-06;0.000112339;0.337084;0.0505672;0.00163049
3.19061e-06;0.000823186;9.50197e-08;4.5631e-08;3.12526e-07;1.0386e-06;4.12901e-06;0.982015;1.76942e-05;3.23022e-07;1.18005e-05;5.46135e-06;0.0171174;2.94301e-08
1.46945e-12;6.63197e-12;1;4.46771e-11;3.30131e-12;1.68041e-10;1.01513e-14;6.49556e-12;1.69286e-12;2.35642e-13;6.77388e-12;2.3653e-07;8.85079e-12;1.77739e-10
2.24206e-05;0.223162;0.0043907;1.09758e-05;1.48108e-05;2.75224e-05;3.09199e-07;0.11485;3.79485e-05;2.03723e-07;0.000266023;0.264382;0.392809;2.57759e-05
2.81891e-06;0.728536;0.00185537;3.58912e-05;0.00161623;3.40685e-05;1.27294e-05;0.000484846;3.7682e-05;1.41462e-05;0.000942841;0.235208;0.00619627;0.0250229
1.53999e-11;0.999999;2.73195e-15;2.2952e-12;5.42554e-13;7.7136e-13;1.4689e-08;4.35998e-12;5.24335e-13;2.68162e-09;2.97453e-12;1.7614e-11;2.04687e-09;5.52696e-07
2.50681e-06;0.000746775;1.2257e-05;1.76107e-06;4.85137e-06;7.06313e-06;0.0147476;2.0168e-06;0.000818417;7.91805e-07;0.000952075;0.982669;3.40272e-05;7.23091e-07
8.26476e-05;0.118156;1.79092e-10;2.89515e-07;7.27699e-06;2.87234e-07;8.17349e-07;0.0234211;0.000174118;5.81356e-08;9.44787e-06;0.000423043;0.857724;7.08428e-07
7.78132e-05;0.00308518;0.000187986;3.72381e-06;1.10126e-05;2.42103e-06;2.54641e-08;0.0141257;2.17845e-05;1.07686e-06;1.20403e-06;0.966415;0.0153253;0.000741544
6.87692e-06;0.765575;5.28432e-08;9.83784e-05;0.0003096;0.00340775;2.24864e-08;0.0159155;4.02973e-06;9.20323e-07;1.50889e-06;0.2129;0.000967054;0.000812759
4.39785e-05;0.206173;2.78165e-07;4.48353e-06;3.73553e-05;0.000245709;1.18488e-05;0.0652338;4.6449e-07;1.54836e-05;1.32004e-05;2.52504e-05;0.72814;5.56877e-05
1.62221e-05;0.00742413;5.24027e-05;6.70216e-05;0.00104597;0.000309702;9.8721e-07;0.168609;1.20228e-06;8.31136e-06;3.25063e-05;0.0398521;0.782527;5.30407e-05
3.52464e-05;0.00223695;3.15925e-05;7.92642e-06;5.55542e-05;3.80107e-07;1.40014e-07;0.00109062;0.000235366;4.78658e-07;9.88298e-05;0.995576;0.000628159;2.46547e-06
9.30318e-06;0.998798;0.000440652;1.97767e-05;2.06618e-06;7.14153e-07;1.36059e-05;0.00023614;8.1771e-06;2.05734e-06;7.07808e-05;0.000293919;0.000101996;2.61839e-06
1.22786e-05;0.905168;1.85351e-09;1.03662e-05;1.60314e-07;1.88829e-07;1.8468e-05;8.48919e-07;2.19658e-05;1.23169e-06;0.000558349;4.53144e-05;0.094163;7.51413e-08
3.30365e-06;0.0153926;0.0293753;5.92875e-06;0.000351735;2.72619e-06;4.07032e-09;6.38603e-06;1.51463e-07;2.17416e-07;1.54992e-07;0.937468;2.09536e-07;0.017393
8.69063e-06;0.962518;1.63548e-11;9.31576e-07;0.000636251;5.89698e-07;2.08494e-06;0.0355899;1.67375e-05;1.23474e-07;2.88919e-05;4.07535e-05;0.00113312;2.43576e-05
7.16784e-06;0.668639;0.0276202;4.27466e-06;0.000112059;2.25799e-06;2.73429e-07;1.96807e-05;2.07254e-08;3.34383e-07;6.16668e-06;0.27876;0.0244997;0.000329281
9.77382e-05;0.0444803;1.70038e-08;2.70955e-05;0.00448302;0.00334288;3.32236e-05;0.104988;0.00276998;2.51405e-06;0.0256426;0.0049866;0.759868;0.0492775
0.000232131;0.0693722;0.0282685;1.88993e-07;3.08194e-05;2.48971e-05;9.27778e-08;0.87344;1.85952e-08;2.68012e-07;4.86552e-08;0.00201463;0.0259398;0.000676198
1.57145e-07;0.0289288;0.000284192;1.13521e-06;0.0057585;0.00061787;1.57112e-09;0.00581272;4.93e-08;2.38663e-08;2.277e-07;0.955945;9.55189e-05;0.00255609
2.50539e-07;0.00402043;8.35435e-08;1.41087e-06;9.02001e-06;1.1341e-06;9.74598e-07;8.72684e-05;3.48765e-07;1.53238e-07;1.41488e-05;2.65511e-06;0.995861;7.57328e-07
0.00014805;0.000228002;0.0101815;0.00197052;0.852549;0.00290324;1.31141e-06;0.00338188;0.000179393;2.66735e-05;0.0002672;0.000217077;0.000138113;0.127809
5.0081e-05;0.999891;7.86193e-11;3.67159e-08;3.37591e-07;3.4632e-11;1.94186e-06;3.85406e-05;1.92955e-07;3.69194e-07;5.23878e-09;1.09393e-08;1.35563e-07;1.72604e-05
6.24852e-06;2.38959e-05;5.16443e-05;5.71116e-07;0.000502607;4.02606e-07;8.08931e-08;2.48854e-07;1.73019e-08;9.10969e-07;1.04955e-09;0.99939;3.53468e-07;2.30588e-05
8.03954e-05;4.08169e-05;1.39813e-09;2.16152e-07;1.20523e-07;6.93028e-09;6.7459e-05;0.00326531;0.996382;3.48697e-08;3.4263e-05;1.03879e-10;0.000129446;2.71686e-09
9.79105e-06;0.99989;4.72876e-07;7.75156e-06;1.66884e-06;1.20651e-07;4.28894e-09;8.16757e-05;1.9648e-06;8.17068e-08;2.3267e-08;6.60138e-08;2.6564e-06;4.21122e-06
1.08429e-05;0.98607;1.21757e-09;5.87118e-06;2.07259e-06;8.09128e-06;3.98284e-09;0.0117545;1.77919e-06;2.18707e-06;1.37934e-08;0.000111936;0.00193771;9.50297e-05
4.5219e-05;0.997776;1.27724e-09;4.41838e-06;2.19002e-06;2.61251e-07;0.000498572;0.000841784;2.89905e-07;0.000370739;2.1482e-06;1.76513e-06;3.92932e-05;0.000417501
1.6938e-08;4.30012e-09;0.999989;7.71697e-09;4.45089e-09;5.32351e-10;5.2924e-09;3.81523e-10;2.24691e-09;2.40439e-10;6.17974e-09;1.06698e-05;2.58302e-09;9.73016e-10
3.87192e-05;0.107427;6.88293e-05;1.32049e-06;3.16303e-07;5.5146e-08;5.38364e-06;0.826659;0.000155383;1.41928e-07;0.000105225;0.00424261;0.0612957;7.48609e-08
5.39292e-06;0.00574259;0.00889836;0.027318;0.00438607;0.000894066;8.18179e-05;0.0377106;0.0033545;0.000400718;0.00219713;0.0512739;0.85039;0.0073464
2.65394e-05;0.009069;4.20742e-07;0.0511312;2.15389e-06;5.06638e-06;0.000413225;1.35445e-05;0.000869773;5.59726e-05;0.917781;0.0204613;0.000167778;3.00429e-06
0.00323986;0.979102;7.28452e-06;2.71965e-05;2.2381e-09;2.21354e-09;3.93768e-05;3.05768e-05;4.2793e-06;5.47299e-07;0.00377413;0.0118522;0.00192193;3.52678e-07
3.40654e-08;3.10219e-05;9.82248e-10;7.27577e-09;2.06278e-07;5.28937e-10;1.07034e-10;0.999968;1.20924e-09;2.20369e-09;5.10859e-09;2.30435e-09;1.02499e-06;1.85887e-10
4.51648e-09;2.78506e-06;0.999814;3.49444e-05;1.65496e-06;6.45921e-07;5.97191e-10;4.99211e-10;1.12695e-10;2.01648e-05;4.25145e-08;6.01322e-05;1.55058e-08;6.51529e-05
8.63758e-06;1.23198e-05;7.99483e-06;4.45205e-06;2.23094e-09;3.75495e-08;7.06651e-05;5.77613e-07;0.00131531;9.16811e-07;0.998346;5.8589e-06;0.000227006;1.14999e-09
