3.50682e-14;2.62989e-14;1;3.30165e-14;9.41445e-14;1.74721e-14;3.55689e-14;4.41741e-15;1.12786e-13;1.41408e-14;1.01782e-13;5.61618e-10;2.56271e-15;6.33849e-16
4.8856e-05;0.0464203;0.000163373;0.00227722;0.0142532;0.0313509;0.000595909;0.0261079;0.0331611;0.000132276;0.0796526;0.736991;0.0143837;0.0144615
1.59872e-06;0.945216;1.90081e-09;4.78183e-06;1.07817e-05;7.52393e-06;6.62035e-06;0.0135446;2.43178e-06;3.8434e-07;0.000173358;9.2073e-06;0.0410197;2.58536e-06
0.000303361;0.200484;0.000207968;0.0016521;0.000705384;0.00192042;9.18841e-05;0.354974;0.000215973;4.17955e-05;0.00552213;0.354196;0.0788022;0.000883115
0.000321706;0.829709;4.93289e-05;0.00100113;0.000445099;0.000122116;0.000168759;0.0281502;0.000166087;3.11733e-05;0.00195039;0.0249408;0.112865;7.86799e-05
0.000788574;0.444145;4.09905e-06;0.00154493;0.0170928;6.26316e-05;0.00033418;0.0864786;0.00100684;0.000115024;0.00534748;0.439147;0.00375692;0.000175579
0.00116469;0.722153;4.69381e-05;0.000158899;0.188961;8.79647e-05;9.72102e-05;0.0375935;7.74048e-05;5.71251e-05;3.1553e-05;0.0047808;0.0113382;0.0334519
0.00233553;0.0490976;7.96226e-08;0.000272148;3.17887e-05;9.89804e-05;8.13908e-06;0.867342;0.046636;1.33069e-05;0.00319199;0.0304819;0.000431124;5.93924e-05
0.00659877;0.910117;2.78411e-08;5.7448e-05;3.46978e-06;7.52577e-07;0.00170326;0.0426925;0.0160386;2.12526e-05;0.0221743;0.000105409;0.000451555;3.55976e-05
0.000638399;0.992481;0.000419757;3.81688e-05;3.4676e-05;1.77166e-07;2.79169e-05;0.00135178;3.85135e-05;3.07193e-06;5.47658e-05;0.00133391;0.00355622;2.16348e-05
1.48574e-06;0.996794;1.25529e-08;3.08497e-08;7.63337e-07;1.9049e-08;0.00119144;0.00198359;5.49677e-06;1.00215e-05;3.50217e-08;1.89166e-10;8.72419e-06;4.91471e-06
1.89504e-14;1.29047e-16;1;5.30638e-12;1.4851e-11;8.01612e-13;1.33052e-13;3.22252e-14;5.87313e-13;8.40527e-14;1.16104e-12;4.36538e-11;4.20339e-15;4.10009e-12
4.84915e-05;0.90633;2.9243e-06;7.12615e-05;1.77598e-06;1.05783e-06;0.000427121;0.0140608;0.00142985;1.0639e-05;0.0074873;0.000202201;0.0699225;4.01759e-06
4.70755e-07;0.0140231;9.48208e-05;2.13073e-06;4.05254e-07;3.69545e-08;8.10698e-06;1.13902e-06;2.58232e-06;2.16663e-06;6.58616e-05;0.985735;6.322e-05;1.1901e-06
0.000269442;0.372322;8.90733e-08;0.000727108;0.00125447;0.00171929;0.000263323;0.170502;0.000634814;0.000111198;0.00523427;0.110164;0.336409;0.000389443
0.000601322;0.137863;1.25542e-05;0.00186022;2.38151e-05;0.000231178;0.000117246;0.28218;0.000518071;2.23771e-05;0.00644127;0.000773288;0.569319;3.64297e-05
0.0116262;0.23385;8.70034e-08;0.106073;0.114351;0.0237292;5.87889e-05;0.127769;0.0193486;0.000639145;0.0627147;0.220611;0.0710578;0.00817165
6.04024e-05;0.99947;3.0866e-10;1.22053e-07;2.96246e-07;3.88016e-08;0.000345326;1.37374e-05;8.12868e-07;5.1447e-05;9.56237e-07;2.0442e-10;2.30539e-05;3.34802e-05
3.63313e-11;2.51195e-13;1;2.51599e-12;2.74225e-11;4.39341e-13;6.63264e-12;3.52908e-12;1.30655e-10;1.23361e-12;2.66096e-11;1.69533e-07;3.9211e-14;2.62103e-14
0.00150431;0.128739;0.00460893;0.00281192;0.0132342;0.00653772;0.0903169;0.0766626;0.218383;0.00557061;0.0264423;0.00658982;0.41149;0.00710865
9.01512e-05;0.0182238;1.06163e-08;0.000236821;0.000442062;0.00222158;0.000821955;0.00833904;0.416869;2.70339e-05;0.0166419;2.12069e-05;0.536033;3.27479e-05
0.00117283;0.543927;0.392179;0.00182885;0.00519279;3.74037e-06;1.22426e-05;0.000248549;7.21591e-05;2.07817e-05;2.25353e-06;0.0303274;2.00956e-06;0.0250105
7.45236e-05;0.00375654;8.29079e-09;1.84557e-07;0.000102321;7.89281e-08;3.02252e-08;0.991729;3.82908e-05;2.21997e-08;1.18337e-06;0.000433135;0.00386482;2.57943e-07
8.99067e-08;0.937796;3.18918e-12;3.5162e-07;1.74503e-07;8.20036e-08;0.000372652;3.69257e-08;1.20352e-08;0.00125586;3.09702e-09;2.28882e-10;1.49981e-08;0.0605745
2.56178e-13;1.3052e-15;1;4.87392e-13;8.39546e-14;1.84024e-15;1.00741e-11;8.39304e-16;3.2674e-12;1.12427e-12;1.70255e-11;5.45753e-10;1.25983e-16;1.44204e-15
3.11274e-05;0.00100116;1.09227e-06;3.45367e-05;3.83327e-05;6.99681e-06;0.000387236;0.130363;0.79043;9.34964e-06;0.0759585;0.000102831;0.00163546;1.97882e-07
