2.31399e-06;0.997916;4.27018e-11;3.01905e-07;1.65743e-07;7.30364e-09;2.48968e-08;0.00202008;4.60978e-06;2.21959e-08;2.98229e-06;6.03652e-06;4.44755e-05;3.17226e-06
1.55427e-06;0.998131;2.13768e-08;1.83079e-07;6.39425e-07;9.75895e-09;5.67083e-07;5.56982e-06;1.41998e-08;4.75041e-07;1.0692e-07;0.000673087;0.00117778;8.57492e-06
4.05906e-05;0.0691947;9.25635e-06;0.00147176;0.0146117;0.0105257;1.83966e-05;0.622254;7.11504e-05;0.000236077;0.000122944;0.233652;0.027693;0.0200983
0.000573743;0.252438;0.00162703;0.00325807;0.00492741;0.00130694;1.00319e-06;0.0110965;9.88978e-05;1.08839e-05;0.000384749;0.715051;0.000515694;0.00870955
8.19148e-05;0.979876;0.00482978;6.19157e-06;5.19556e-05;5.68172e-07;5.54813e-09;0.000192596;1.00935e-08;6.82321e-08;3.16446e-08;0.00194504;0.0129214;9.42758e-05
1.15841e-05;0.00811989;5.36999e-06;3.01545e-06;0.00113727;4.57349e-05;1.16858e-06;0.00019231;3.46003e-05;2.95764e-07;5.87291e-05;0.857245;0.133054;9.10592e-05
1.24058e-06;0.642692;3.45161e-08;6.09505e-07;2.92259e-05;4.66684e-06;1.0699e-07;0.225167;3.19943e-07;3.69759e-07;1.06452e-06;5.74653e-05;0.13202;2.54448e-05
1.10531e-05;0.6906;1.47526e-06;8.98989e-05;2.3959e-07;7.17775e-07;3.80053e-05;0.000212995;5.03173e-05;1.46444e-06;0.00372526;0.00557702;0.299018;0.000673662
5.89044e-06;0.00535523;1.3655e-05;0.000347173;0.000119957;1.58865e-05;1.0265e-06;0.993558;1.86291e-06;3.63431e-06;3.09837e-05;0.000313832;4.87577e-05;0.000183782
0.00017131;0.0010956;0.872531;0.00100013;2.71608e-05;9.20018e-07;1.24154e-06;0.00580512;6.93447e-06;3.56753e-05;5.91179e-05;0.106136;8.63554e-06;0.0131207
0.00211539;0.145814;4.33138e-09;1.03452e-05;0.565086;0.00292279;0.000109912;0.0134479;0.000343799;9.91379e-05;3.55292e-05;4.24942e-05;0.000137095;0.269836
1.5595e-06;4.89406e-05;0.878873;1.57798e-07;0.0068221;4.42151e-05;2.02096e-09;1.27811e-06;7.82793e-09;2.84187e-08;1.64054e-09;0.11328;2.91174e-05;0.000899034
6.20286e-08;0.00786549;2.29344e-12;4.06558e-09;2.34241e-05;1.88653e-06;2.1293e-09;0.991874;1.32276e-07;1.98102e-09;2.89179e-10;2.13313e-12;0.000231071;3.50134e-06
1.64195e-10;2.15427e-09;1;5.99689e-09;6.46769e-10;1.26196e-10;1.28213e-12;1.30203e-10;8.65862e-11;1.13834e-11;3.62199e-11;3.1548e-09;2.30937e-10;4.29428e-10
1.24902e-07;2.15535e-05;1.09767e-05;2.3686e-06;1.94801e-06;1.80128e-08;9.67858e-12;5.39808e-05;8.12415e-08;3.90428e-10;5.58041e-09;0.997636;1.15944e-06;0.00227127
1.32431e-07;0.539899;2.34349e-10;5.0281e-08;1.0993e-05;1.7329e-07;3.0301e-09;0.460085;1.88037e-08;3.97155e-08;6.60462e-09;1.64734e-08;4.37883e-06;3.81405e-07
6.62113e-07;0.000691614;0.0128923;6.31685e-05;0.0147601;0.0021149;1.05257e-07;3.21506e-07;6.70685e-09;3.55372e-06;1.1301e-06;0.966211;0.00192894;0.00133256
0.000639898;0.527555;4.64575e-06;2.15235e-05;1.06352e-05;7.65529e-06;3.12097e-06;0.18338;0.00143182;1.77112e-07;0.000838193;0.00208824;0.284017;1.67789e-06
7.21694e-08;0.000332055;1.07141e-10;1.36354e-10;2.55261e-08;2.16078e-09;3.53726e-12;0.999634;7.47412e-11;8.74581e-10;9.50216e-13;1.98396e-10;3.34963e-05;9.63318e-09
1.02045e-09;8.70277e-06;5.64953e-06;3.98937e-07;3.22369e-06;1.59401e-06;6.40107e-12;4.34489e-06;1.5677e-09;6.04141e-09;8.85002e-09;0.999904;2.86085e-06;6.93248e-05
1.6076e-07;0.993675;9.07886e-11;1.38108e-07;5.30488e-09;2.39605e-08;1.87495e-06;0.000148527;1.89923e-07;1.24821e-07;1.97313e-06;2.04476e-08;0.0061717;1.45502e-09
5.37713e-08;0.000353699;7.68085e-10;1.80869e-07;4.7349e-05;4.59979e-07;6.37365e-09;5.56145e-06;5.09502e-08;1.47439e-08;3.68867e-08;0.999553;8.35338e-06;3.15042e-05
6.75396e-05;0.0011071;2.71863e-12;9.12689e-08;2.29125e-05;1.03181e-06;4.08763e-09;0.986148;0.000101821;7.46302e-10;3.75762e-07;1.37929e-05;0.0125376;4.49318e-08
6.05252e-06;0.999795;6.15102e-08;3.95294e-11;2.53071e-11;2.004e-11;3.58923e-10;6.81327e-07;2.82462e-09;1.32797e-10;4.3571e-11;4.85137e-07;0.000198087;2.5257e-11
1.95406e-07;9.02615e-06;4.34765e-07;8.30259e-07;0.0143673;2.48154e-06;9.34487e-10;0.000142981;1.34245e-06;2.68759e-08;6.09566e-08;0.98533;9.35436e-08;0.000145099
3.18855e-06;0.989415;0.00157683;7.51908e-06;2.13296e-06;1.43056e-06;4.28288e-08;1.34243e-07;1.5923e-08;5.75136e-07;8.21563e-07;5.19428e-07;0.00892889;6.27446e-05
1.24814e-07;1.52642e-05;3.38221e-06;1.03599e-09;2.20293e-08;2.15091e-10;9.96756e-10;8.50585e-09;2.03362e-09;1.26925e-10;1.57895e-09;0.999975;5.0117e-06;1.06519e-06
2.86155e-07;7.90306e-05;1.20486e-11;3.02051e-07;0.00232166;7.49778e-06;5.90363e-08;0.996657;5.00832e-06;2.91312e-08;1.35756e-07;0.000281834;6.15979e-05;0.000585919
1.51712e-06;0.963356;0.0177923;2.19714e-06;0.000138536;3.57776e-06;2.08672e-08;0.0185048;4.05207e-09;1.01562e-08;3.07605e-08;4.91384e-06;3.52253e-06;0.000192446
6.93007e-06;0.999328;0.000232997;2.01297e-05;1.05084e-06;7.41241e-07;3.50275e-06;9.42255e-06;1.27678e-06;6.69232e-07;5.67533e-05;3.1492e-05;0.000276643;3.06999e-05
2.97672e-06;0.0015139;0.0124381;3.37154e-06;2.00636e-06;3.33423e-07;3.86562e-08;5.05078e-05;5.51081e-07;1.01388e-08;6.24068e-06;0.985972;1.26257e-06;8.37527e-06
0.00157248;0.82322;4.7211e-05;0.000136939;1.70455e-05;5.50546e-06;0.00475532;0.000414761;0.0261195;2.42581e-05;0.123846;0.00354289;0.0162821;1.61739e-05
1.28124e-05;0.997193;7.31906e-08;3.7561e-07;2.29102e-07;2.63282e-07;0.000226616;0.00241164;3.75936e-06;3.24727e-05;1.03438e-06;2.09415e-07;0.000113518;4.39671e-06
1.99675e-11;4.42328e-13;1;1.07336e-11;1.2161e-12;8.87745e-13;5.76562e-11;3.69924e-14;6.98989e-10;1.31201e-11;1.48001e-09;2.29129e-09;3.09736e-14;2.77458e-11
2.55831e-05;0.297228;1.06921e-05;2.39719e-07;1.80172e-05;8.89099e-07;1.32264e-06;0.000184813;1.22197e-05;4.56162e-07;1.76319e-05;0.0136005;0.6889;1.59121e-07
1.86731e-05;0.793864;2.9449e-05;4.0817e-06;0.000121194;1.17923e-05;4.56541e-05;0.198034;2.13582e-05;3.78589e-05;6.2231e-06;0.00380841;0.00391864;7.82502e-05
4.33723e-05;0.00441262;8.86408e-06;0.0028564;0.0918415;0.489884;0.000337236;0.0346187;0.00435631;0.000100438;0.0017485;0.00466484;0.00830052;0.356826
0.00133909;0.97329;7.04593e-07;2.42228e-05;8.12145e-05;4.72417e-05;0.00085057;0.0140685;9.85063e-05;2.12814e-05;7.97141e-05;0.0040545;0.00601701;2.70642e-05
6.82429e-05;0.00909346;1.52747e-07;8.29155e-06;6.94273e-08;2.25983e-07;3.38981e-05;0.0706654;0.000547907;8.39791e-07;0.000630568;2.1823e-06;0.918948;6.36128e-07
2.62652e-06;0.000630093;8.38033e-08;1.36578e-09;5.67197e-08;4.57661e-10;6.03699e-10;0.999305;1.43445e-08;5.59083e-09;2.03515e-09;5.83415e-05;3.70825e-06;2.40888e-07
6.17551e-07;0.452743;7.41356e-06;5.10563e-06;0.000207736;0.000136975;1.20502e-06;0.513398;2.89273e-07;3.90972e-06;2.29208e-06;0.000261189;0.0288048;0.0044269
6.02314e-12;3.46973e-10;1;9.5317e-10;8.79795e-12;1.16108e-11;4.11246e-10;1.28636e-11;7.00579e-11;2.53496e-10;9.29486e-10;4.98381e-11;1.52096e-10;1.69526e-11
1.24658e-09;9.24967e-10;0.999962;7.1551e-09;1.54581e-09;4.02115e-10;1.0686e-10;1.80622e-06;3.3092e-09;2.01812e-10;1.31002e-09;3.60421e-05;5.4429e-11;5.42387e-09
3.06923e-07;0.000460262;2.13619e-06;5.14166e-08;1.50441e-05;0.00014033;3.20954e-10;7.33246e-06;1.43764e-08;1.29306e-07;2.06185e-09;2.99849e-05;5.58261e-07;0.999344
1.28439e-06;8.42489e-06;3.1909e-10;5.62603e-08;2.67172e-05;9.34456e-07;2.07646e-08;0.980194;4.58655e-05;1.60219e-09;5.0886e-05;3.41613e-05;0.0196374;1.99775e-08
1.77996e-06;0.998774;1.51036e-07;1.48167e-05;1.66615e-07;4.12403e-07;2.64836e-08;8.5365e-05;4.61932e-08;2.82374e-07;6.01209e-07;3.39097e-09;0.00112209;7.1006e-07
6.35994e-06;0.0634242;7.99423e-05;8.57446e-06;9.76931e-07;5.31331e-08;9.47972e-10;7.18767e-06;1.65422e-08;5.25233e-09;2.26719e-07;0.936468;2.49309e-06;2.21117e-06
3.77288e-05;0.997585;3.11404e-09;3.06545e-05;0.000579581;1.60996e-06;4.9614e-05;0.000904754;7.14902e-05;2.02398e-06;3.72408e-05;9.55617e-07;0.000575832;0.000123065
1.62083e-05;3.3641e-05;3.38563e-08;7.46871e-07;4.89079e-06;2.01515e-06;9.31137e-06;0.999656;7.44812e-05;4.57736e-07;1.29869e-06;9.97509e-06;6.29607e-05;0.000127538
2.24767e-05;4.35406e-07;2.11816e-06;6.24572e-07;6.96572e-07;2.32565e-09;3.37664e-06;7.52355e-05;0.999669;4.41706e-09;0.000125551;9.74449e-05;2.32451e-06;2.16788e-07
9.28195e-05;0.94396;0.000132283;9.34511e-06;4.30063e-08;4.93885e-09;2.57611e-07;3.97543e-07;2.42614e-07;1.73143e-07;5.08143e-06;2.02609e-07;0.0557993;1.44032e-07
6.68017e-05;0.0193497;0.00106416;2.24048e-06;0.000430964;2.22666e-07;1.35835e-09;0.0204359;3.96526e-07;1.02075e-07;1.07067e-06;0.947332;0.000558071;0.0107584
1.76934e-07;0.10072;1.43002e-06;2.01896e-05;0.017804;3.87532e-05;3.76413e-07;0.00394504;5.42798e-08;6.41731e-06;3.7448e-07;0.8744;0.000330149;0.00273256
6.89361e-09;5.38866e-07;1.36061e-09;8.51816e-09;6.19383e-11;2.75534e-06;5.46895e-09;1.15009e-08;2.29181e-08;5.11938e-10;2.99458e-07;6.3297e-09;0.999996;2.77734e-10
4.27008e-10;1.23239e-06;0.999997;3.25623e-09;2.63088e-10;1.24211e-10;2.56711e-12;1.61036e-08;2.07122e-12;1.21554e-09;1.34814e-11;1.34974e-06;2.40698e-09;4.32514e-10
1.4233e-07;0.976355;8.8779e-07;2.59349e-05;4.27703e-07;5.96348e-06;3.24423e-07;0.0222394;9.03963e-06;9.25404e-07;0.000191826;1.92115e-05;0.00111306;3.74572e-05
