3.167e-05;0.991711;1.58922e-06;1.15735e-07;8.02095e-05;6.36439e-07;5.54462e-07;0.00230188;6.18432e-07;1.57388e-07;1.54339e-07;5.45099e-05;0.00572;9.66079e-05
1.27325e-06;0.00508042;7.62537e-10;5.23358e-06;4.34453e-05;2.5224e-06;0.000142163;0.00448596;1.34739e-06;8.44843e-05;3.84327e-07;6.03606e-10;5.96739e-06;0.990147
1.95081e-10;1.39083e-10;1;5.55616e-11;5.06188e-13;5.57131e-13;1.60712e-11;4.54989e-12;5.03163e-10;1.80972e-12;2.67809e-09;3.12706e-08;1.77568e-12;1.77852e-13
0.00079875;0.120551;5.06405e-08;0.00027593;5.42455e-05;3.51234e-05;0.00121186;0.0107398;0.272736;2.16586e-05;0.0570397;0.00256481;0.463223;0.0707493
1.59864e-05;0.974395;1.83454e-05;2.82221e-07;1.34241e-07;4.87506e-09;1.35625e-06;0.00615227;2.21572e-06;6.33813e-08;1.14553e-05;0.00239163;0.0170106;7.3017e-07
1.75297e-06;0.0518886;4.15576e-05;1.58079e-05;0.000362447;4.47239e-05;3.29088e-07;0.000378862;5.23395e-08;9.38811e-06;5.19652e-08;0.941432;0.000994988;0.00482972
8.40324e-05;0.00130072;5.92369e-08;0.000146766;0.00130184;9.92061e-06;4.06394e-05;0.011781;0.980825;2.68825e-06;0.00421101;0.000109276;0.000182583;4.47025e-06
6.53839e-05;0.993032;0.00311069;1.55501e-05;2.22523e-06;5.49894e-07;7.16946e-07;1.77998e-06;3.99307e-07;1.04695e-05;4.49637e-07;1.69312e-05;0.00368593;5.66726e-05
2.43836e-05;0.0087583;3.56555e-07;5.7139e-06;8.95784e-06;7.30914e-07;2.42235e-06;2.73849e-05;0.000216367;4.49176e-07;8.8272e-06;0.990286;6.29902e-05;0.000597158
7.64306e-06;0.00911728;4.20056e-07;1.59766e-06;2.90814e-05;1.25468e-06;3.74782e-07;0.423875;4.56302e-05;7.17303e-08;1.73227e-07;0.0574622;0.509456;3.60084e-06
2.00702e-06;0.00178989;2.2181e-13;1.33646e-05;4.97291e-07;0.00167542;2.52165e-07;6.88378e-06;3.0467e-05;8.38131e-07;4.15092e-06;7.97769e-06;0.994597;0.00187168
1.91388e-05;3.77285e-05;0.998918;1.36619e-06;3.80167e-07;9.76012e-07;1.31725e-09;1.38027e-06;9.04314e-09;2.43858e-07;1.97473e-09;0.00100177;1.32363e-05;5.83504e-06
5.48717e-06;0.728726;6.41691e-06;3.79464e-06;2.23865e-06;5.55392e-05;9.24348e-07;0.229383;2.13442e-05;2.74167e-07;2.96061e-05;1.70362e-05;0.041429;0.000319062
4.76052e-08;0.999631;1.29772e-08;2.80669e-07;3.03986e-09;1.92854e-08;0.000188542;3.61629e-06;7.66376e-08;8.92807e-05;4.06375e-07;1.03338e-08;8.54472e-05;1.66003e-06
3.05032e-09;2.1747e-08;0.999827;1.1094e-06;5.13014e-09;4.71474e-08;1.52754e-06;2.25923e-08;9.56636e-07;2.16745e-07;5.32051e-06;0.000163693;3.28065e-10;2.00603e-09
7.43759e-07;0.997091;7.0755e-08;1.58145e-05;7.92878e-07;1.0617e-07;3.9911e-06;0.00275924;4.24287e-07;1.45204e-07;1.61645e-05;2.9273e-05;8.23149e-05;3.29219e-08
1.35492e-05;0.798555;7.09126e-07;4.92748e-06;1.05043e-06;2.25932e-06;0.000463462;0.109958;8.25718e-06;3.78412e-05;2.52361e-05;1.28669e-06;0.0909279;9.53819e-07
5.99673e-09;0.000673723;1.76535e-05;1.33213e-07;1.27698e-06;1.49553e-06;6.41795e-08;8.10174e-06;2.49374e-09;2.27048e-08;2.79534e-07;0.999295;1.46533e-06;5.35868e-07
9.71054e-07;0.313913;3.64207e-07;1.86854e-06;0.000532784;3.09875e-05;6.27841e-07;0.0139365;2.93957e-07;8.86856e-08;1.28107e-05;0.00371893;0.66785;1.19999e-06
2.28593e-05;0.910259;4.87602e-08;0.000191102;0.0090734;7.21948e-05;2.08416e-06;0.0482863;1.00058e-05;2.12188e-05;1.34328e-05;0.0219675;0.00467395;0.00540686
0.0210783;0.935753;1.35469e-05;0.00032279;1.44088e-05;5.58273e-07;0.000351662;0.000974215;0.0304375;3.69776e-05;0.00345743;0.0013814;0.00578088;0.000397626
0.00352479;0.0043908;2.36212e-07;1.72215e-07;5.19932e-06;4.83635e-07;1.32251e-06;0.991205;0.000721407;4.46943e-07;3.22629e-07;5.31265e-05;6.37926e-05;3.32482e-05
3.34046e-05;0.00174114;4.5923e-05;1.97916e-06;4.91156e-05;3.67617e-06;2.79721e-06;0.000248046;0.0016579;2.60718e-07;4.56115e-05;0.995084;3.5122e-05;0.0010513
1.5699e-08;9.61313e-08;0.999997;2.65344e-09;8.72517e-08;1.29452e-10;1.56178e-10;1.97149e-07;1.29564e-08;1.63585e-10;4.15938e-09;2.39276e-06;7.53525e-07;4.19146e-09
3.99954e-10;0.999999;2.2532e-17;3.8328e-13;5.52131e-11;8.90274e-14;7.21292e-07;2.27887e-09;6.94925e-10;1.33667e-09;1.63878e-12;1.47524e-14;4.58316e-11;2.87134e-09
5.57026e-12;2.93558e-14;1;1.4912e-12;9.562e-09;5.21161e-14;2.64304e-13;3.80295e-11;8.12685e-12;3.46877e-13;2.13361e-13;4.81514e-07;4.7112e-15;2.4392e-13
9.43319e-07;5.44314e-05;1.49092e-09;1.79043e-09;1.02472e-06;2.17909e-06;1.4361e-09;0.999054;2.02095e-06;4.76875e-09;7.42989e-09;3.37784e-05;0.000851376;6.13533e-09
2.16332e-07;3.47881e-05;7.40718e-09;1.24188e-08;3.1986e-07;8.46712e-08;4.11874e-10;0.995239;4.2244e-07;7.53164e-09;9.14279e-09;1.9291e-07;0.00472514;1.68183e-08
1.63476e-06;0.000380652;2.76901e-06;3.2336e-06;3.74576e-06;3.17981e-08;4.18406e-10;0.000149116;9.22392e-06;8.80941e-08;2.72305e-07;0.999372;7.17172e-05;5.41508e-06
4.59111e-06;0.999333;1.91119e-06;4.0027e-05;9.04787e-07;3.57475e-08;2.44401e-06;0.000346365;4.39722e-07;9.05613e-07;4.47257e-06;8.01994e-05;0.000184669;9.3597e-08
7.51765e-06;0.999784;1.85246e-07;7.27162e-07;2.32274e-08;3.7345e-09;8.96346e-06;2.04863e-07;3.17207e-07;1.44009e-06;1.71866e-06;7.28904e-05;0.000122026;1.86673e-08
5.85255e-07;0.000500028;1.1454e-06;8.33138e-06;1.49233e-05;2.21713e-05;4.95577e-08;2.00406e-06;7.10936e-06;4.67004e-07;4.41023e-06;0.999277;0.00010309;5.91417e-05
7.69842e-06;0.998497;2.21999e-06;2.01147e-06;9.33098e-06;1.20283e-07;3.55018e-05;2.02437e-07;7.27424e-08;7.136e-06;4.74955e-08;1.85179e-06;6.71048e-08;0.00143705
1.7212e-11;4.69812e-14;0.999989;2.05294e-11;5.57294e-11;7.74595e-13;1.02799e-13;5.04463e-14;9.42131e-13;9.06052e-14;2.89551e-11;1.10971e-05;1.17011e-12;2.98219e-13
0.000292218;0.249945;1.34515e-06;4.45425e-06;0.000148127;0.000231531;0.000254022;0.121465;0.00287215;5.33615e-06;0.0153321;0.00433647;0.605109;4.33022e-06
7.04212e-07;0.0052777;2.20758e-05;4.69074e-06;0.000110432;2.37825e-05;1.48875e-07;0.197278;1.11203e-06;1.01022e-06;3.04796e-05;0.000703745;0.796458;8.85433e-05
3.92977e-06;0.000254385;2.87539e-06;7.67041e-06;1.25784e-06;1.61482e-07;8.15873e-08;2.65982e-05;5.17685e-05;1.61798e-07;7.29815e-05;0.997404;0.00205725;0.000116785
3.65881e-06;0.982983;0.016047;3.9376e-06;2.66074e-06;3.63584e-07;5.60205e-07;0.000765763;5.31666e-07;8.09061e-08;4.54986e-06;3.02161e-05;0.0001574;4.27345e-07
2.00581e-06;0.0508877;6.50079e-06;4.66616e-06;5.67494e-05;1.85705e-05;7.70126e-08;0.0048471;9.85985e-06;4.27316e-08;4.35694e-06;0.000558368;0.943592;1.16215e-05
3.25746e-05;0.083735;0.00126;0.000609716;0.799896;1.01891e-05;1.80516e-05;0.0756686;0.000170448;3.55357e-05;0.0114253;0.020353;0.000363645;0.00642173
1.23313e-08;0.432035;4.16974e-06;8.88262e-09;7.25347e-07;2.39329e-09;8.17176e-09;1.49726e-12;1.04527e-12;3.91189e-07;4.47333e-10;1.6817e-08;5.35835e-10;0.56796
2.73377e-12;1.36824e-13;1;5.47861e-14;4.20744e-13;5.37186e-15;2.20924e-12;1.91782e-13;3.25155e-13;2.8609e-14;1.32934e-11;1.23603e-07;1.64273e-16;1.59939e-12
1.67284e-05;0.00885596;1.02065e-06;3.44835e-07;4.03734e-05;0.000298111;1.89231e-05;0.97729;0.000168717;1.31237e-06;0.000683805;0.0008066;0.0115364;0.000281108
4.10458e-06;0.00164892;0.000261664;8.49854e-07;9.55835e-06;2.69717e-06;4.85389e-07;0.901877;1.69805e-07;4.12079e-07;2.29712e-05;0.0132337;0.0829224;1.47344e-05
1.55201e-06;0.0491595;7.97082e-05;3.31517e-06;5.57683e-06;3.67111e-07;3.72804e-08;8.37837e-05;1.98396e-06;5.32311e-07;1.56655e-06;0.942392;0.00825623;1.34624e-05
4.14839e-06;0.988652;0.000187335;3.38546e-06;1.12913e-05;3.42747e-06;7.8163e-07;0.0104473;1.13215e-07;1.38645e-06;3.46564e-07;0.000193641;0.000494352;6.63728e-07
1.86778e-08;2.16092e-09;0.999998;1.13117e-07;1.87883e-08;1.73837e-08;1.47827e-07;5.30006e-09;2.3279e-07;2.43659e-08;7.98776e-07;1.41009e-07;5.67753e-10;2.32511e-09
3.57622e-08;6.28443e-06;0.000345466;7.75331e-07;1.05921e-08;1.83969e-08;1.99911e-09;3.964e-06;8.46159e-07;1.93665e-09;2.06247e-06;0.99964;6.61457e-09;9.53575e-07
5.54993e-05;0.98624;7.98815e-05;6.33837e-06;3.23567e-05;3.39783e-05;1.18855e-05;0.00484014;6.91132e-05;8.25532e-06;0.000854158;1.3582e-05;0.00765739;9.74254e-05
8.77682e-07;0.995725;9.65683e-09;7.80625e-08;4.2912e-07;5.61229e-06;1.58896e-06;3.35727e-05;5.08663e-09;3.98344e-05;1.21939e-08;7.99112e-07;2.085e-06;0.00419029
1.05288e-13;3.23266e-15;1;1.39102e-12;1.1032e-10;4.53163e-12;5.05549e-15;4.62785e-13;1.46894e-12;1.44683e-14;5.2465e-13;3.87266e-10;1.4635e-16;1.00039e-11
7.27291e-08;5.63095e-05;3.37616e-07;1.55598e-09;2.23819e-06;1.78156e-06;1.86779e-11;0.999821;5.97048e-09;1.67308e-10;3.37738e-10;3.28419e-06;0.000114934;7.62593e-09
1.79426e-10;0.999994;2.92181e-12;1.06596e-10;2.20718e-10;7.88941e-11;5.28938e-10;9.59778e-07;6.75049e-12;1.44104e-08;1.53957e-12;1.20756e-12;1.27396e-07;5.03485e-06
1.58345e-06;0.0155218;1.48061e-06;1.7435e-05;1.30923e-05;8.64152e-05;1.26141e-05;0.0315167;1.26413e-05;1.63725e-06;7.72666e-05;6.25816e-06;0.952731;2.45016e-07
9.83488e-07;0.381844;8.61017e-06;3.7179e-06;3.39931e-07;2.49288e-06;4.19802e-09;1.37515e-06;7.68443e-12;6.80434e-07;7.07345e-09;2.16286e-05;0.618111;5.29013e-06
1.82791e-05;0.000448261;2.01045e-06;6.52244e-06;9.71175e-05;5.39681e-05;1.87518e-06;0.000145767;2.63194e-07;3.30931e-07;5.38377e-05;0.948703;0.000238744;0.0502296
1.16624e-06;0.00855965;7.79717e-06;9.52472e-06;0.0856437;9.33119e-05;1.18595e-06;0.773396;1.7696e-07;5.99013e-07;1.16225e-07;0.00260355;0.129669;1.38037e-05
1.19405e-07;1.54709e-06;1.74852e-12;1.86761e-07;1.58597e-08;4.68473e-06;3.55848e-08;3.32611e-08;1.75031e-07;3.71201e-08;6.5925e-07;1.80044e-05;0.999974;1.03539e-07
2.29469e-07;1.49739e-05;0.999976;3.36497e-08;9.01177e-09;2.29629e-09;1.6435e-10;1.27032e-08;5.11358e-10;1.06739e-08;8.57261e-11;8.16873e-06;2.27382e-07;2.44563e-08
1.65585e-06;0.986576;1.00992e-06;4.35241e-05;1.00116e-07;7.57271e-06;1.06622e-06;0.00019905;0.000138328;4.52628e-07;0.000234181;2.03946e-06;0.0127588;3.65506e-05
2.26637e-07;0.999664;6.47156e-06;4.58588e-08;2.15129e-08;1.64051e-10;5.20651e-08;0.000305092;1.11834e-07;1.93719e-08;1.64524e-07;1.90136e-05;4.79558e-06;3.70173e-09
5.63979e-08;0.997302;1.44848e-09;1.37447e-05;7.99527e-06;1.01115e-07;2.37846e-08;0.000114993;1.33435e-07;1.26004e-06;1.45157e-07;0.00255256;3.68488e-07;6.07449e-06
6.39544e-05;0.0233928;0.00083224;0.00168048;0.00239104;0.00434146;2.84533e-05;0.00063812;4.61744e-07;0.00146228;0.00078075;0.95897;5.64242e-05;0.00536187
1.60631e-05;0.000578956;7.54149e-09;3.76637e-07;1.06104e-06;1.98197e-07;1.43589e-06;0.97447;5.48171e-07;2.99707e-08;1.5236e-05;3.2173e-06;0.0249124;5.49255e-07
7.05041e-05;0.0027327;1.42968e-05;2.34989e-05;1.68707e-05;2.06274e-07;2.62678e-07;0.001918;0.000108868;1.52384e-06;0.000105806;0.992197;0.00277312;3.72353e-05
1.22311e-05;0.0248633;5.7187e-08;1.14491e-07;1.07955e-06;3.33514e-07;9.36181e-08;0.973092;1.48435e-07;1.27563e-06;5.66976e-08;2.36208e-07;0.00199048;3.90503e-05
4.89309e-10;8.00478e-05;3.91589e-07;1.60227e-08;2.11246e-07;4.26042e-08;5.58184e-11;5.80332e-07;2.60509e-10;4.089e-10;3.76401e-09;0.999915;2.4081e-07;3.17391e-06
3.37319e-06;0.152587;2.66024e-09;1.66187e-06;4.91278e-06;5.29049e-07;1.15074e-05;0.0320328;7.66632e-08;1.8271e-07;4.41697e-07;8.16368e-08;0.815356;1.12115e-06
8.15723e-05;0.000630411;0.000112894;0.000853765;0.853264;0.00067517;2.69701e-08;0.0166071;1.2372e-05;3.05656e-06;6.6231e-06;0.125467;0.000103454;0.00218185
9.70907e-07;0.999985;4.86349e-13;9.17017e-11;2.25588e-10;1.61273e-11;1.21972e-05;7.206e-08;8.22705e-10;6.22967e-07;9.37728e-11;1.13922e-13;9.72353e-08;1.3099e-06
8.13691e-13;9.65132e-16;1;1.09194e-13;2.3552e-13;1.56531e-15;2.76828e-12;1.96249e-15;3.79706e-11;1.33778e-12;1.53161e-12;2.11836e-09;5.61666e-18;3.97322e-15
1.78409e-05;7.76101e-06;4.83167e-08;2.68475e-06;8.75725e-05;7.91244e-06;1.21331e-05;0.0510664;0.946147;1.00464e-06;0.00251737;1.0069e-06;0.000130668;1.93631e-07
