1.67766e-06;0.98746;1.54927e-11;8.10727e-08;5.67562e-08;1.3181e-08;1.2542e-07;0.000339606;3.03663e-07;1.37042e-08;3.8247e-07;7.4985e-08;0.0121973;4.04544e-07
3.18761e-06;0.00753992;6.0121e-09;0.000181425;0.0109721;4.98694e-05;5.1573e-07;0.00655694;9.05343e-05;2.89929e-06;8.33826e-06;6.43976e-05;6.13023e-05;0.974469
5.48721e-05;0.934491;2.88457e-07;1.18149e-05;4.19654e-05;2.07186e-07;4.0462e-06;0.0130389;1.15218e-05;1.11639e-06;4.04599e-05;0.0425613;0.0097394;3.23343e-06
1.1088e-05;0.00191223;1.56346e-07;1.48148e-05;5.06118e-05;6.35481e-07;3.62945e-07;0.000109369;9.55935e-06;2.00462e-06;1.7104e-05;0.993401;0.00352215;0.000948618
3.5691e-05;0.977997;6.84507e-07;0.000126945;7.02909e-07;4.17422e-07;6.89719e-05;0.0158751;0.000223849;7.33486e-06;0.000529034;6.4102e-05;0.00506986;4.928e-07
5.97084e-05;0.0174562;1.23441e-07;0.00289414;0.000826322;0.00320419;6.50268e-07;0.0321199;2.45086e-05;1.66171e-05;0.00241958;0.92981;0.00491304;0.00625559
9.11792e-05;0.976761;5.51774e-10;9.50498e-07;2.08063e-06;1.23799e-06;1.81286e-06;0.00997401;1.22178e-07;9.53107e-08;3.60821e-06;0.000168365;0.0129952;5.11231e-07
2.95552e-06;0.00221188;2.34335e-07;1.50164e-07;2.62553e-07;6.80273e-08;1.60423e-07;0.00516852;1.71724e-07;1.12897e-08;2.33336e-06;1.81216e-05;0.992595;1.88352e-07
7.03293e-07;4.14435e-05;6.56867e-07;3.34264e-08;2.58886e-07;8.66712e-09;2.21747e-10;5.55942e-06;5.00868e-07;5.92749e-09;2.99296e-07;0.999189;0.000754641;7.07944e-06
7.53685e-07;0.978181;5.15378e-09;1.26642e-05;1.4412e-07;1.8925e-06;2.35328e-06;0.000393187;4.3153e-05;2.49132e-06;0.000132044;1.0027e-05;0.0212198;6.9673e-07
6.1385e-08;4.42664e-05;2.42982e-05;2.41998e-05;2.21968e-06;4.71534e-07;2.66682e-09;1.11173e-05;1.03627e-08;2.08865e-07;5.66523e-07;0.999891;2.42976e-07;1.42666e-06
0.000309418;0.0390114;8.45786e-06;5.00411e-05;7.94672e-06;0.000511427;0.0221493;0.00381661;0.000128085;8.40762e-05;0.00328473;0.00016316;0.930475;7.751e-07
9.70844e-07;0.00114352;1.19468e-08;5.1257e-06;5.28363e-06;0.000356981;6.40618e-06;0.000998054;2.71859e-06;2.04299e-06;3.75028e-05;9.0606e-07;0.997431;9.09487e-06
1.66841e-08;1.83962e-06;0.999978;1.28163e-08;6.31704e-08;4.06136e-10;2.1158e-10;7.50387e-08;1.70447e-10;1.40684e-08;1.04475e-09;2.02178e-05;5.07923e-08;1.35839e-08
3.73134e-05;0.000544239;3.8739e-07;2.20328e-05;3.10664e-06;1.32506e-06;5.84833e-05;0.00227194;0.989676;7.71059e-06;0.00721178;1.40719e-06;0.00016364;2.35624e-07
4.55849e-06;0.999782;1.81419e-05;1.81637e-05;1.94489e-06;2.46791e-07;6.87352e-08;5.91871e-05;1.94515e-07;2.19683e-06;3.79052e-08;9.41523e-05;5.57098e-07;1.83847e-05
2.60885e-05;0.99925;1.17218e-08;4.5318e-07;1.914e-09;4.85604e-09;4.97138e-06;4.35905e-06;9.4991e-08;5.35281e-07;1.5474e-07;0.000334612;0.000378681;1.29576e-07
2.05049e-08;0.000162215;1.41797e-09;3.68052e-09;5.8346e-08;1.07386e-07;1.99978e-11;0.000416331;7.47607e-10;1.76926e-10;2.72795e-09;0.99942;1.19042e-06;9.86721e-09
7.92378e-09;0.995443;1.26061e-08;5.7945e-08;1.41541e-09;8.31758e-09;0.00438788;5.88024e-09;6.71535e-09;1.7722e-05;3.70039e-09;4.62143e-10;1.34669e-08;0.000150997
1.35132e-11;2.99836e-13;1;3.71935e-10;3.08383e-11;3.81955e-10;5.34069e-11;3.39107e-12;6.97626e-11;2.28728e-11;1.17311e-09;6.67444e-08;2.76441e-12;2.15112e-11
2.25445e-06;0.0620456;1.13874e-07;3.626e-07;7.6908e-06;9.46729e-06;0.000271486;0.166337;9.74794e-06;1.86981e-06;0.000106246;2.85359e-09;0.771208;1.87217e-08
5.38337e-12;1.63796e-11;1;6.46859e-11;6.37485e-11;9.64386e-11;8.98625e-11;9.01175e-12;3.77375e-10;1.94323e-11;4.45262e-10;4.26397e-10;6.95225e-11;1.01073e-12
1.82361e-09;2.99328e-07;0.998418;1.04778e-08;2.94282e-08;1.664e-08;1.08663e-10;8.79949e-07;1.04727e-09;4.86922e-10;4.70728e-10;0.00158016;5.41752e-08;5.34394e-07
5.52994e-06;0.00965385;3.9269e-06;1.2919e-05;0.0194497;0.0804398;7.39638e-06;5.08969e-05;1.66953e-05;5.60498e-05;3.28228e-06;9.72129e-05;0.00968224;0.88052
1.53818e-06;0.00410295;2.16795e-08;6.52061e-06;0.000181734;0.000185738;4.74699e-08;0.00024296;2.47833e-05;5.7212e-08;3.7855e-06;0.0169059;0.978273;7.08205e-05
0.000660274;0.148602;0.84947;9.08968e-05;0.000323599;2.76037e-07;6.48429e-09;0.000356802;1.77623e-06;1.28898e-06;1.5752e-08;0.000482222;9.82524e-06;8.78029e-07
0.000110457;0.0968245;1.66743e-05;1.79238e-05;1.06705e-05;6.75575e-05;5.18413e-08;0.60702;3.22182e-05;9.4094e-07;4.88332e-07;0.00323966;0.292659;1.27291e-07
3.80523e-07;0.000364921;1.84802e-06;4.19311e-06;1.91723e-06;5.45233e-05;1.17309e-09;0.00029841;9.43096e-08;9.28866e-07;6.32786e-08;7.03635e-08;0.999246;2.67676e-05
4.057e-09;3.50783e-05;0.999944;4.66267e-08;3.20972e-09;1.81602e-10;1.2294e-08;3.06234e-08;1.57113e-11;6.10103e-08;5.65212e-10;1.86777e-05;5.31552e-08;1.62315e-06
7.59871e-05;0.116752;6.37955e-06;0.00852695;0.00317201;0.0212417;0.0536135;0.0566016;0.0186804;0.00449149;0.101676;0.000187137;0.610076;0.00489827
