1.88306e-06;0.999871;3.46432e-05;4.45782e-06;3.65992e-07;2.9991e-08;1.6587e-09;4.99465e-05;1.00898e-07;1.85126e-08;4.85773e-08;3.07595e-05;1.74605e-06;5.07486e-06
5.48738e-05;4.38399e-05;4.34244e-10;8.73267e-08;6.58765e-07;1.13759e-08;7.09412e-08;0.999865;3.25238e-05;2.49362e-08;9.62341e-07;9.86973e-09;1.5082e-06;4.90297e-07
3.60157e-05;0.977268;2.22832e-05;4.10772e-06;1.96044e-05;2.07826e-07;0.0215291;2.42509e-05;0.000135484;8.95143e-05;3.26373e-06;0.000835435;3.27999e-06;2.91241e-05
2.28741e-08;3.0625e-06;0.999976;4.96217e-09;1.15114e-09;2.60232e-10;2.0751e-05;1.92015e-08;1.58111e-07;8.34824e-08;3.69005e-08;1.17611e-10;5.05823e-10;6.71844e-08
1.19467e-11;4.72363e-11;1;2.05952e-11;1.27872e-11;5.3589e-11;1.32918e-10;3.82207e-12;9.99852e-11;1.47418e-11;3.17767e-11;1.8585e-09;9.5792e-11;2.52892e-11
2.67696e-09;1.91395e-06;9.55633e-06;1.49209e-06;1.05171e-05;2.01536e-06;3.27684e-09;0.00013516;2.61421e-06;2.8767e-09;4.3251e-06;0.999831;4.33006e-07;1.00124e-06
7.44874e-07;0.336691;5.13237e-05;1.37264e-05;1.72706e-07;4.31886e-06;1.22552e-07;0.000317991;1.76154e-07;2.61389e-08;2.81281e-05;0.000416373;0.662475;1.11971e-07
2.56993e-07;0.933009;3.34537e-08;6.68023e-06;3.85353e-05;2.43282e-05;8.37208e-10;0.0177403;2.45946e-10;2.07788e-07;1.36815e-08;0.0267303;0.0209709;0.00147927
1.14185e-07;0.0132171;1.47488e-11;7.80936e-08;1.84506e-08;9.34018e-05;7.87133e-09;0.000396074;3.04202e-08;3.91023e-08;1.64297e-07;4.58169e-09;0.986279;1.41791e-05
1.48935e-06;0.00102328;0.990854;2.6014e-06;4.32926e-07;6.49376e-07;9.92529e-07;1.41398e-06;8.61572e-09;0.000135495;2.66758e-09;0.00794912;2.37041e-05;6.96371e-06
1.87507e-07;1.96852e-09;0.999911;9.3714e-07;4.52997e-08;1.09222e-07;9.39393e-07;1.47872e-09;2.92028e-05;4.01836e-07;5.35132e-05;3.70441e-06;2.48977e-10;5.06579e-08
1.05506e-05;6.57573e-06;1.01591e-07;3.43885e-08;1.45177e-07;1.18412e-08;2.58474e-08;0.999976;4.29244e-06;2.80518e-08;1.90102e-06;1.20157e-07;5.02409e-07;2.41163e-10
4.8736e-09;0.998814;2.88329e-11;5.23751e-08;2.24304e-09;3.53271e-10;4.15091e-06;2.80906e-10;1.51928e-09;1.25676e-05;6.20595e-09;4.49056e-09;1.76393e-10;0.00116912
1.64564e-08;1.5472e-08;0.999993;2.43996e-08;2.85345e-08;3.94753e-07;3.32186e-08;1.53272e-08;4.23398e-08;9.24487e-10;5.96359e-06;4.01164e-07;2.66146e-08;2.29069e-07
4.62032e-07;0.998456;1.30974e-10;4.23589e-11;1.70195e-09;2.60743e-10;5.85513e-07;4.30079e-05;1.7082e-10;4.58245e-09;9.30912e-10;2.53925e-07;0.00149925;7.77498e-10
5.0739e-07;9.72921e-05;6.96751e-08;3.45402e-07;1.90449e-05;2.45658e-07;4.50237e-08;0.000171066;2.40276e-06;1.97549e-08;3.758e-07;0.999331;0.000372163;5.69352e-06
0.000229262;0.00722254;6.20373e-08;2.85046e-06;0.000367508;2.05221e-05;8.094e-07;0.991206;0.000228171;4.52948e-07;1.31194e-07;3.73285e-05;0.000467593;0.000216587
4.09105e-05;0.00181965;5.38527e-07;2.30385e-06;1.2313e-07;4.90567e-09;4.396e-07;0.951199;8.54168e-05;7.41151e-08;1.51727e-05;1.27485e-06;0.046835;7.22475e-09
0.000155552;0.903489;1.76679e-06;3.17135e-05;2.65228e-06;9.37958e-07;0.000499758;0.0033438;4.02729e-05;0.000995677;1.78352e-05;9.41042e-05;0.089968;0.00135933
4.12966e-10;3.79443e-09;0.999996;3.85001e-10;1.52696e-10;1.64315e-10;4.67163e-09;1.16641e-10;5.02201e-10;9.67171e-10;1.01212e-09;4.16038e-06;3.56028e-11;2.6213e-11
3.98687e-06;0.449774;6.99821e-07;0.000400987;5.67075e-05;1.03246e-05;0.000110706;0.0295358;0.0122064;1.77404e-06;0.0119487;0.327535;0.168409;5.81074e-06
3.21364e-06;0.81436;1.39057e-05;0.0004073;0.000656951;6.08224e-05;1.36211e-06;0.0644244;1.30304e-06;1.63781e-05;3.70406e-06;0.00408137;0.115349;0.00062008
5.65464e-05;0.21465;3.05532e-08;0.000744939;0.0606247;0.0028489;1.31305e-05;0.343452;6.0556e-06;5.26529e-05;2.18875e-05;0.0323532;0.261373;0.0838026
3.73966e-06;0.000771637;3.18513e-10;3.36384e-08;2.19624e-08;1.69099e-06;2.41951e-07;0.000415229;5.36932e-06;7.16349e-09;2.64926e-06;2.2759e-08;0.998799;7.05007e-09
7.13285e-06;0.00272016;0.988168;1.16712e-05;1.92949e-05;6.52618e-05;2.22411e-06;1.51671e-07;3.74411e-07;0.000168511;2.04427e-08;0.00583126;6.04611e-06;0.00300035
3.84212e-09;4.62849e-10;0.999998;1.25147e-08;5.36374e-11;5.20017e-11;9.09844e-08;1.23667e-11;2.39655e-07;1.12415e-09;6.71143e-07;1.04757e-06;9.26262e-13;1.35166e-11
5.81859e-05;0.924475;5.16991e-10;7.03091e-06;8.78657e-05;9.1001e-06;8.87129e-08;0.0742032;0.000346947;4.95122e-07;0.000106565;0.000439308;0.000193344;7.27265e-05
0.00017269;0.339796;6.86055e-06;4.13096e-05;0.00319687;4.27091e-06;6.92284e-07;0.620821;1.91722e-05;1.62841e-05;5.66966e-05;0.0315617;0.00112854;0.00317812
1.67351e-06;0.000843895;9.24809e-07;9.3175e-07;0.00306633;4.69084e-07;5.28324e-08;0.994438;4.93297e-08;2.14797e-07;3.80244e-07;7.1902e-06;0.00164018;1.14057e-07
1.71039e-05;0.005331;0.990775;1.76907e-06;3.53383e-05;2.07092e-06;1.17996e-06;3.20624e-05;3.96929e-08;1.03109e-05;2.36762e-07;0.00348119;0.000278855;3.4467e-05
5.50626e-05;0.0180459;0.00122968;0.00163527;0.000769028;0.00128624;0.000243706;0.120774;0.0147231;6.716e-05;0.11687;0.495532;0.000471539;0.228297
