2.27779e-05;0.990177;5.16982e-06;5.23568e-07;3.21431e-06;4.71406e-07;5.68418e-08;0.00122918;7.43947e-07;4.05269e-07;4.75131e-07;0.00137681;0.00718171;1.56293e-06
6.22895e-06;0.0631603;0.000220471;0.000173203;0.0780678;0.000362769;1.12849e-07;0.0360891;1.44125e-05;5.94202e-06;1.63241e-05;0.693562;0.000596155;0.127725
1.45406e-05;0.36468;3.65064e-07;1.96049e-05;0.000891916;0.00119285;0.000156425;0.0317174;0.000157185;2.93026e-05;0.000155534;8.0338e-08;0.593325;0.00765941
3.31717e-10;5.8356e-12;1;1.79045e-09;4.19696e-11;2.02479e-11;1.22517e-08;2.89919e-12;8.26696e-09;2.59317e-10;3.12781e-08;6.07683e-09;8.20233e-13;1.46051e-11
0.000293149;0.00347111;0.000587906;0.00736433;3.29475e-05;0.000366564;0.000240525;0.0141598;0.0555495;1.76684e-06;0.616308;0.301014;0.00059256;1.79958e-05
3.817e-05;0.522361;9.00773e-09;2.64522e-06;8.05022e-06;1.60721e-07;8.75515e-07;0.476989;0.000391725;5.19627e-07;0.00018608;8.42231e-08;1.14234e-05;1.0111e-05
0.000216525;0.000693078;6.82776e-05;3.90601e-06;0.000835575;6.57043e-08;5.43382e-08;0.003554;2.9865e-05;8.40306e-07;8.99642e-06;0.993332;0.0012477;9.02127e-06
4.89517e-05;0.0164817;2.59793e-09;2.24508e-06;0.000125733;6.22247e-08;2.25571e-07;0.98236;0.000955244;4.27737e-07;6.0502e-07;1.42953e-06;2.34159e-05;4.20333e-08
0.00142527;0.0448364;0.108444;0.000221892;0.00351635;0.00034809;6.09826e-08;0.000521168;3.67595e-07;8.71285e-05;1.29295e-07;0.831766;0.000251319;0.00858138
0.000112138;0.0689565;2.93289e-09;1.37429e-05;0.000181603;3.20044e-07;4.4538e-06;0.919159;0.00664752;3.17594e-07;0.000129502;0.00466723;4.58766e-05;8.1599e-05
0.000304925;0.889702;0.0150874;0.00202942;0.00172974;0.000254766;3.72909e-05;1.7917e-05;6.96502e-05;0.000124467;8.94177e-05;0.00258419;0.0876441;0.000324865
4.2266e-05;2.80426e-06;6.45941e-05;1.08724e-05;1.68088e-05;6.82243e-06;1.77098e-08;0.000275816;0.00532159;5.07547e-09;0.000441691;0.993815;1.08703e-06;3.36796e-07
0.00101005;0.4994;2.90916e-06;1.96033e-05;0.000160643;0.000260573;8.01013e-08;0.000222809;0.00025525;2.83588e-08;1.14325e-05;2.5332e-05;0.497974;0.000656962
1.55832e-05;9.54597e-05;1.15461e-07;6.69464e-08;0.000491759;3.86832e-07;2.95888e-10;0.996942;4.5302e-06;2.16178e-09;2.19066e-08;0.0024076;4.29683e-05;3.89838e-08
1.52199e-06;0.987389;5.32182e-05;3.50324e-08;2.56388e-05;1.90172e-05;4.77875e-09;5.66677e-07;1.21917e-11;9.39646e-06;1.33853e-13;1.52544e-12;4.53213e-06;0.0124967
1.02057e-10;4.43008e-13;1;3.50743e-13;1.31863e-12;8.98148e-13;7.52766e-12;7.39474e-12;2.20826e-10;6.54892e-13;3.94607e-13;8.13888e-09;2.63713e-13;4.83366e-13
2.60632e-05;0.00433276;0.000362422;0.000354517;0.000821734;0.0012618;0.000115878;0.275564;0.62303;2.58568e-05;0.00988103;0.0734279;0.00468755;0.00610804
