2.24877e-07;0.999916;6.02044e-05;1.3687e-07;9.83182e-08;2.07405e-09;3.66101e-10;1.05716e-06;4.38596e-10;1.6853e-09;7.81662e-10;2.04009e-05;1.39689e-06;2.85713e-07
3.24297e-05;0.196383;4.21531e-07;1.79714e-05;0.000110253;0.000231885;1.84945e-06;0.123717;6.43763e-05;1.68759e-06;9.57601e-05;0.00550844;0.673814;2.14937e-05
4.32376e-05;0.22646;8.65293e-06;0.0483011;0.264944;0.16772;5.73656e-05;0.0992328;0.00496429;0.00332274;0.0235329;0.0668698;0.00553657;0.0890056
0.00035897;0.611024;2.54183e-06;3.53658e-05;0.00881123;0.00244446;0.000421272;0.312955;0.000121919;6.72238e-05;0.000234889;1.29745e-06;0.0608976;0.00262456
2.22213e-12;5.4914e-14;1;7.54095e-13;8.73455e-14;1.03845e-14;4.52807e-13;2.37385e-14;4.24174e-12;1.76506e-13;1.83348e-12;2.33328e-10;8.10463e-14;4.96963e-14
1.10347e-06;6.09453e-05;0.992231;4.06272e-06;1.08225e-06;2.45376e-07;3.76141e-07;0.00181138;6.77891e-06;4.48568e-08;3.96698e-06;0.00587751;8.44979e-07;1.14788e-06
3.85346e-07;6.38319e-05;2.14432e-05;3.34612e-07;7.53226e-06;0.000342615;3.8022e-09;1.44047e-05;8.22445e-08;4.33865e-07;4.30426e-08;4.38896e-06;5.20943e-06;0.999539
7.70979e-07;0.000344875;2.78123e-10;3.01019e-08;3.63467e-08;2.51481e-07;2.39731e-08;0.00518403;1.35645e-06;3.09428e-09;2.11503e-05;3.36395e-05;0.994414;1.05434e-07
3.61611e-05;0.387114;3.58937e-06;1.22339e-06;9.57921e-06;7.73865e-07;6.25055e-08;0.181251;3.27147e-06;2.19493e-06;2.094e-07;0.000176482;0.4314;8.28681e-07
1.15261e-05;0.464649;0.0169778;0.000514479;0.00178758;0.000229656;1.01335e-06;0.00182089;1.44636e-05;4.56932e-05;8.09073e-06;0.510824;0.00112548;0.00199026
2.42676e-06;0.583569;5.1383e-11;1.62183e-05;6.70008e-06;1.21067e-06;0.412174;0.000105553;1.09268e-05;0.0028738;1.08391e-06;8.88726e-12;8.25948e-05;0.00115645
2.96814e-12;2.58414e-12;1;1.25836e-11;1.48059e-13;1.00476e-13;3.08917e-11;1.19383e-13;2.58081e-11;2.28934e-12;2.82726e-11;8.11852e-10;5.55523e-14;1.95628e-12
1.85033e-05;0.990523;3.62607e-07;3.28322e-07;3.12799e-07;1.3474e-08;4.41075e-07;0.00704571;1.32192e-05;5.04149e-08;5.25833e-06;0.000461022;0.00192992;1.56644e-06
1.65645e-06;0.00926386;1.39919e-05;6.37647e-06;0.148805;3.15219e-06;1.95221e-08;0.736325;5.20467e-07;1.62507e-06;5.97538e-08;0.105233;3.29717e-07;0.000345289
3.83247e-08;0.963414;2.68849e-08;3.22077e-08;2.16531e-08;4.71542e-10;2.68363e-07;5.1178e-11;4.79394e-11;8.12643e-07;2.174e-10;1.17944e-07;2.52107e-10;0.0365851
0.000261806;0.00933658;3.5889e-09;5.15224e-07;2.24286e-08;3.74324e-08;0.463949;0.000285845;0.423755;7.82582e-07;0.102406;1.69443e-07;4.45372e-06;8.73544e-09
5.84019e-08;0.998901;1.19945e-12;9.65572e-10;2.58037e-08;6.93881e-09;3.2791e-08;0.000809427;6.55212e-09;7.26143e-08;5.88529e-09;1.57662e-11;0.000287705;2.05286e-06
3.23377e-12;7.16468e-11;1;1.3806e-11;1.86153e-11;1.10707e-11;1.09454e-12;1.81534e-13;4.99826e-12;1.35407e-11;2.2041e-13;1.16148e-07;1.88818e-12;4.2126e-11
1.71292e-06;0.98544;1.76611e-07;3.20872e-05;1.5374e-05;2.25835e-05;2.70565e-06;0.00720453;4.53308e-05;3.44446e-07;1.92479e-05;0.00179802;0.00507658;0.000341319
1.18877e-05;0.00772641;2.39957e-05;2.80393e-05;6.75172e-06;8.67959e-06;4.54156e-05;0.0978851;0.000176849;3.02514e-06;0.00249352;0.891134;0.000429536;2.67194e-05
9.3469e-07;5.84907e-05;0.998515;4.51003e-05;1.89121e-06;1.70311e-06;9.24133e-07;4.38564e-05;6.38293e-07;6.12112e-07;3.22904e-05;0.00128849;2.25951e-07;9.4572e-06
9.0639e-06;0.98518;3.80479e-08;2.4094e-07;1.04759e-06;1.55745e-06;7.45109e-07;0.014511;5.51548e-07;1.17446e-07;5.29076e-07;2.52524e-07;0.000294571;1.40432e-07
1.89841e-07;0.908669;4.62183e-10;2.83e-07;1.22525e-07;2.52019e-06;9.85198e-07;8.3607e-07;4.12222e-07;5.59344e-07;5.7833e-07;2.36485e-05;0.000545002;0.0907556
0.00143445;0.0304097;0.0015062;0.000108203;2.15312e-05;0.000111525;0.131833;0.00368224;0.38683;5.20055e-05;0.400325;5.44476e-05;0.0435983;3.33261e-05
3.61718e-05;0.0525053;1.27943e-07;3.27881e-06;3.21965e-06;3.9711e-05;5.79478e-07;0.0328233;0.00507888;3.35753e-06;3.51619e-05;0.00020869;0.909262;3.58764e-07
3.18516e-05;0.494975;5.70207e-07;9.26521e-05;5.28583e-05;2.73417e-05;8.50968e-07;0.00470421;0.000320174;8.97223e-06;0.000187977;0.497373;0.000271676;0.00195288
1.92339e-05;0.00567933;3.72297e-08;4.12454e-05;0.0271359;1.92435e-06;1.51744e-07;0.963184;6.10082e-06;2.62145e-05;7.30323e-07;0.000514193;2.39335e-06;0.00338846
0.000771782;0.0142466;0.00028997;2.33098e-05;0.00322555;6.22862e-05;0.000109136;0.947306;0.000295344;1.68152e-05;8.62193e-05;0.0326184;0.000937986;1.07425e-05
5.48493e-07;0.890985;7.04141e-11;3.14236e-07;1.05284e-06;4.93841e-07;1.4037e-05;1.18438e-06;8.33218e-06;2.7847e-05;4.9948e-07;1.65067e-08;1.52847e-05;0.108946
0.000285732;0.01071;0.000345356;1.2606e-05;0.000133295;7.95688e-07;0.262072;0.000375401;0.575863;4.99613e-05;0.135012;6.2814e-05;0.0150755;1.80017e-06
6.32821e-08;0.999975;5.07164e-08;1.87134e-08;8.41838e-07;1.43629e-07;6.10049e-10;7.95968e-08;4.38556e-10;8.47996e-08;1.47884e-10;2.72193e-08;2.1917e-05;1.39128e-06
1.76211e-08;7.91307e-06;3.24118e-08;2.38548e-11;2.45749e-10;1.187e-12;2.80744e-11;2.03545e-11;4.24861e-12;6.24037e-11;6.60511e-12;0.999992;6.45578e-08;1.10599e-07
2.43405e-07;0.000181076;6.47816e-12;1.68858e-08;0.000211775;1.42474e-06;4.77909e-08;0.999104;1.4958e-06;3.32356e-09;3.46353e-08;1.03121e-05;0.00048951;1.55998e-07
5.35938e-06;0.00365256;0.988309;4.29285e-07;7.65551e-05;0.000762273;3.80418e-09;0.00334547;5.25603e-09;1.69872e-08;4.30852e-08;0.00234968;0.00149263;6.26557e-06
2.13986e-06;0.999471;1.93275e-08;2.16083e-08;2.72358e-07;6.62152e-08;6.42106e-05;0.000410735;6.58999e-08;1.6253e-07;2.18688e-07;1.21013e-07;2.68596e-05;2.39049e-05
1.76327e-12;3.85639e-11;0.999997;5.22005e-12;9.61727e-12;1.51355e-12;3.07696e-12;9.08795e-13;4.20881e-12;1.91445e-13;2.32246e-11;2.77925e-06;1.64512e-12;8.53677e-13
1.0717e-07;0.00521776;1.52285e-06;8.69942e-07;3.98358e-06;7.32897e-07;2.12043e-06;0.976547;7.70941e-06;1.11334e-08;2.73965e-05;0.0060075;0.0121833;2.82916e-08
6.52168e-07;0.023139;1.53286e-05;0.0021924;0.00272434;0.0125069;9.6871e-07;0.000455567;3.13748e-05;1.12167e-05;0.0021894;0.3391;0.540347;0.0772857
4.51127e-05;0.0405504;0.00030262;0.000415024;0.000450516;0.0163152;0.00081818;0.00293041;3.96044e-05;3.87248e-05;0.0115474;0.00682943;0.919086;0.000631681
9.82743e-07;0.999001;2.36189e-08;2.01862e-07;4.87326e-08;8.10283e-08;0.000172567;1.01758e-05;4.72633e-09;5.10623e-06;6.80424e-07;1.27504e-08;0.000799827;9.74107e-06
2.66844e-10;5.93395e-09;0.999981;1.87331e-09;7.52846e-11;7.44808e-11;9.03496e-09;1.57754e-12;5.18114e-10;1.07805e-09;3.7174e-09;1.86307e-05;1.15363e-10;2.38136e-11
0.000114546;0.363509;1.39178e-06;0.000706938;0.000247614;5.80734e-06;0.000252549;0.396555;0.0134802;6.60187e-06;0.0646679;0.0553059;0.105146;9.52085e-07
1.1262e-05;0.548939;0.0252707;0.00064495;9.51903e-05;7.46042e-06;3.07734e-05;0.00529238;3.70622e-06;0.000118376;0.00187214;0.348545;0.0691074;6.16626e-05
1.50147e-07;0.00860393;2.73723e-09;7.38178e-07;4.60717e-08;1.83375e-07;0.991045;1.27294e-06;3.45479e-07;0.000239792;7.27477e-05;2.34738e-09;2.45251e-05;1.0819e-05
2.99726e-10;8.6515e-11;1;5.02849e-09;1.63618e-10;1.18179e-10;5.05666e-08;1.43557e-11;2.58061e-09;2.66852e-10;2.40102e-07;3.11174e-08;7.41337e-12;1.91948e-11
3.86808e-05;0.190536;1.28545e-07;2.5143e-07;3.79603e-07;1.60362e-07;9.9128e-06;0.808904;2.5744e-05;8.91394e-07;4.62165e-06;5.89863e-07;0.000478134;6.79514e-07
9.56648e-09;0.000703047;2.8908e-05;2.11287e-07;8.21156e-07;7.69234e-07;1.04059e-09;1.3798e-05;7.40845e-09;5.45147e-09;2.54079e-07;0.999104;2.54028e-06;0.000146009
4.92683e-06;0.569808;5.548e-11;8.45118e-06;4.41714e-06;1.58555e-07;0.000120413;0.00595012;3.94347e-06;1.83393e-06;8.63175e-05;4.59759e-06;0.424004;2.25578e-06
0.00155881;0.0089304;0.000272667;0.0742512;0.79776;0.00443826;2.72359e-06;0.0415422;0.000713955;0.000122838;0.00109881;0.0625502;0.000316634;0.00644114
0.0118309;0.977462;3.17218e-06;1.93481e-06;7.20987e-06;1.80607e-08;1.07145e-06;0.0012074;0.00130378;1.97166e-06;1.60493e-05;0.00148845;0.00666442;1.12476e-05
3.85693e-07;0.999908;5.12961e-14;9.73893e-10;2.24917e-09;7.44449e-11;6.34846e-07;5.96214e-06;1.91837e-09;2.19453e-06;3.60866e-11;9.26437e-10;2.43154e-06;8.04472e-05
3.01986e-09;5.23458e-12;0.999996;2.98563e-10;5.33e-10;5.2157e-11;1.30383e-09;2.24809e-11;2.5415e-08;7.46324e-10;2.0777e-10;3.55603e-06;3.09255e-11;2.47224e-11
3.45145e-05;0.000199204;1.64724e-08;0.000152258;7.12436e-05;1.0306e-05;5.76092e-05;0.0479386;0.947902;3.06916e-06;0.00333208;1.01229e-05;0.000272864;1.61747e-05
4.58667e-05;0.985369;1.51258e-08;6.46054e-07;4.39221e-06;1.22332e-06;2.14105e-06;0.0132775;0.0012538;1.286e-06;1.44136e-05;7.39555e-07;2.50044e-05;3.61444e-06
2.75595e-05;0.996326;3.51922e-09;1.51468e-05;3.01341e-05;2.81701e-07;2.62484e-06;0.000501403;9.84834e-05;3.21625e-06;5.58231e-05;0.00168487;0.00119602;5.86641e-05
7.578e-05;0.973294;2.8281e-08;3.84666e-06;0.0108764;3.17993e-06;1.65541e-06;0.00586278;2.70515e-05;1.05363e-05;7.99209e-06;0.00338064;0.000174944;0.00628113
3.14297e-07;0.0134631;6.51924e-07;1.20661e-07;5.82105e-07;2.35965e-08;3.24097e-08;3.94725e-05;1.74157e-07;1.30227e-08;2.32644e-07;0.985507;0.000988616;3.20104e-08
4.37357e-05;0.192931;4.14983e-07;3.88774e-05;0.000773468;0.000501164;3.30956e-06;0.0474014;0.000212262;3.13745e-06;0.000346319;0.194392;0.55442;0.0089333
1.19023e-05;0.0385565;1.14337e-07;1.06621e-05;0.000389392;5.08801e-05;1.35575e-06;0.952982;4.63763e-05;4.94152e-07;0.000125814;0.00570437;0.00173756;0.000383156
3.58622e-07;0.999937;2.3888e-08;2.54828e-09;2.67562e-09;5.71754e-09;1.17492e-08;8.24207e-08;5.69828e-10;1.65365e-09;4.93694e-09;3.17686e-05;3.06944e-05;2.65352e-07
7.47014e-06;0.0477451;5.41541e-07;1.03325e-05;0.003316;0.000450826;2.55818e-08;0.0265873;4.94141e-06;4.71659e-07;4.77077e-07;0.885023;9.27367e-05;0.0367609
4.14519e-05;0.128549;4.98304e-06;2.01395e-07;1.55463e-06;9.74248e-07;3.14254e-08;0.0171544;7.79068e-05;5.23813e-09;4.5925e-05;0.0155362;0.838588;4.10973e-08
1.05841e-05;0.0401803;5.85184e-05;4.90072e-07;0.000266732;9.45954e-05;1.91083e-07;0.0714636;2.42158e-05;5.26777e-06;9.2076e-08;3.77837e-05;0.887273;0.000584748
8.03974e-11;4.53183e-11;1;2.16607e-10;1.75807e-09;1.3774e-10;6.42002e-11;2.10633e-11;1.16274e-08;8.15069e-11;5.40256e-11;6.5478e-10;1.46278e-11;4.40517e-10
8.49352e-08;2.02603e-06;0.99953;5.40763e-07;2.02254e-07;1.01225e-07;7.84188e-09;9.68937e-05;9.31024e-06;6.23677e-09;7.12492e-08;0.000359134;5.84558e-07;8.90883e-07
5.54146e-09;1.52739e-05;1.43882e-05;2.98196e-08;5.94992e-05;8.11494e-05;1.64957e-11;4.68875e-06;6.15969e-10;4.23644e-08;2.38694e-11;6.76433e-07;2.46959e-08;0.999824
1.23131e-06;0.0135739;1.11094e-08;9.03475e-07;1.49393e-06;6.40463e-07;2.71236e-07;0.346029;3.31439e-06;5.3021e-08;2.57554e-05;0.000559538;0.639804;2.84971e-07
7.21259e-08;0.999707;1.72706e-10;7.57421e-08;1.22743e-08;9.60668e-09;8.50114e-10;0.000226711;6.43301e-08;7.73925e-09;1.06761e-08;1.13835e-07;2.52193e-05;4.08678e-05
1.20436e-06;0.998913;2.57366e-06;2.93738e-07;5.37547e-08;3.79458e-10;2.34267e-07;1.78715e-07;2.20585e-08;1.75008e-07;4.66619e-08;0.000623266;0.000457382;1.29319e-06
6.23895e-08;0.999974;3.63194e-11;2.77776e-08;5.55947e-06;1.12445e-07;8.59296e-06;8.40557e-07;2.14992e-08;8.2611e-07;2.14311e-10;3.46224e-09;2.85057e-06;7.55689e-06
1.69139e-13;1.19548e-14;1;6.23565e-13;6.40506e-11;5.69167e-13;8.33482e-15;3.72276e-14;1.83059e-14;2.29064e-14;1.65803e-14;2.49348e-08;8.19689e-17;2.85603e-11
4.97387e-07;0.978156;2.96207e-07;1.17434e-07;2.06418e-08;1.17922e-06;4.75317e-07;0.000163235;4.8045e-07;1.9356e-09;1.84133e-06;1.6782e-05;0.0216586;3.86171e-07
1.79273e-06;0.789931;1.26271e-07;7.4011e-07;5.07289e-07;1.65284e-06;1.00623e-05;3.94442e-06;1.63203e-08;1.85081e-05;2.78216e-07;1.67976e-05;0.0173918;0.192623
1.26417e-11;1.61154e-11;1;9.46657e-11;5.10762e-12;3.41207e-11;1.18099e-09;1.14918e-11;5.95066e-11;2.60854e-10;1.38161e-10;3.52769e-11;3.42415e-10;5.58414e-11
4.30323e-11;1.32821e-10;1;1.97165e-09;7.85183e-11;1.40698e-10;3.07492e-09;2.34233e-08;6.35608e-09;2.76166e-10;1.33526e-08;1.35162e-10;2.09961e-08;1.56285e-12
1.91274e-11;1.452e-09;0.999999;1.04575e-08;4.68116e-11;6.9382e-11;1.23191e-10;4.15827e-08;2.14768e-10;1.33391e-10;1.0545e-09;7.14148e-07;7.03837e-12;3.53661e-09
5.3075e-09;3.93861e-05;6.6238e-05;2.38692e-07;7.66852e-06;7.97482e-05;8.63085e-10;1.13571e-06;4.58924e-10;4.41328e-08;9.78978e-09;3.30773e-06;1.77604e-08;0.999802
3.07452e-07;0.200707;1.1195e-08;1.26559e-06;4.80847e-08;3.03596e-06;3.47683e-07;0.00600836;6.17354e-08;1.32774e-08;0.000294229;0.0133528;0.779632;1.30391e-07
7.47198e-08;0.0411902;5.92693e-11;5.62032e-07;3.09025e-05;1.79545e-05;4.24022e-11;0.956298;5.6446e-09;1.03499e-09;4.4288e-08;1.51214e-05;0.0024325;1.45693e-05
3.89514e-08;0.993145;5.57012e-10;2.61893e-08;6.80194e-08;2.22516e-08;1.05151e-05;1.12692e-06;3.10005e-11;4.30691e-05;1.81504e-10;1.18592e-09;4.55952e-07;0.00680008
9.3932e-14;3.92656e-15;1;1.91117e-14;2.37874e-14;3.47237e-16;2.50925e-12;1.40664e-16;1.2586e-13;6.98535e-15;2.23594e-13;6.99966e-10;3.57223e-16;3.58649e-16
0.000624053;0.0180634;6.23925e-05;0.000707372;0.0624897;0.0131716;0.0812429;0.705286;0.0638945;0.00292997;0.00709784;2.25081e-06;0.0235878;0.0208404
2.28721e-11;3.85522e-12;1;3.30926e-11;4.41928e-12;7.09168e-12;3.17372e-10;1.70827e-14;1.01997e-09;1.74551e-11;5.79427e-10;2.99402e-12;1.84163e-12;8.97048e-14
5.98541e-05;0.000280042;0.0016944;1.39585e-06;4.62039e-05;2.82532e-05;1.61587e-07;0.0478325;0.000137366;9.4725e-08;7.33092e-07;0.94935;0.000567326;1.73577e-06
0.000238528;0.0084675;1.72723e-06;4.50352e-06;2.7026e-05;0.000654726;1.75414e-05;0.000319071;0.000913564;3.55348e-06;3.53701e-06;2.81111e-08;0.986731;0.0026179
0.000328557;0.00488232;0.697428;9.24142e-05;0.0389231;2.15201e-06;1.32328e-07;0.000128174;1.39071e-05;2.70048e-05;1.51597e-07;0.255258;1.66413e-05;0.00289919
0.00162545;0.00994106;1.00903e-06;2.82075e-05;2.23634e-05;1.91529e-06;6.19205e-06;0.706206;0.278296;4.21835e-06;0.00018041;1.7262e-05;0.00366948;3.90746e-07
6.28088e-06;0.998003;0.000181958;3.86804e-05;0.000142731;7.12942e-06;1.24581e-08;0.00150665;2.42271e-07;6.05748e-06;5.95335e-09;4.22499e-06;4.57751e-05;5.75682e-05
1.7475e-10;2.36043e-09;1;4.77571e-09;6.07725e-11;1.10176e-10;5.99458e-10;1.42878e-09;5.06862e-10;1.78156e-09;2.69418e-10;1.0045e-07;2.64193e-08;1.12461e-12
1.0613e-09;1.36851e-07;2.95319e-05;9.24988e-08;2.68221e-09;1.20814e-08;1.99281e-10;7.18995e-07;1.11092e-07;3.01143e-09;1.49813e-08;0.999969;8.75987e-09;3.66187e-07
1.76014e-07;0.94881;1.66112e-08;2.81633e-07;2.63314e-07;3.35323e-05;5.08353e-07;5.11535e-05;4.3076e-07;9.96522e-07;6.02099e-07;1.25508e-08;0.0511009;8.53908e-07
4.8092e-08;0.000130672;0.000401561;7.8165e-07;3.92596e-06;1.747e-07;6.67185e-09;1.03528e-05;3.07791e-08;1.90899e-07;3.74435e-08;0.999417;6.64471e-08;3.48623e-05
1.8975e-05;0.000103758;2.82025e-07;3.02389e-06;4.06587e-05;5.58281e-06;1.37979e-07;0.999223;0.000563082;9.03214e-08;1.06127e-05;1.30397e-07;3.97427e-06;2.6709e-05
2.79254e-07;0.000111242;1.99243e-11;1.3218e-09;7.64968e-08;8.66915e-11;1.20575e-12;0.999888;1.72457e-08;2.72368e-10;1.65735e-09;1.14117e-08;8.37349e-07;1.46206e-10
1.34087e-06;0.925422;1.3745e-07;1.24716e-06;2.79691e-06;4.48917e-08;1.91167e-06;4.95507e-05;1.46533e-09;0.000265963;1.11529e-09;2.24003e-07;9.24776e-07;0.0742542
4.59846e-12;1.36406e-13;1;3.12367e-11;2.77911e-12;1.02155e-13;8.04553e-11;1.10501e-14;1.44798e-10;3.99055e-12;2.08265e-10;3.91307e-07;6.07102e-16;5.30936e-13
9.57435e-09;0.999971;1.43628e-14;1.97187e-10;2.91143e-10;1.20432e-11;1.31121e-05;1.98662e-06;4.7526e-10;2.07371e-08;5.02687e-11;2.40904e-13;1.01144e-05;3.69394e-06
1.48873e-13;8.41572e-13;1;9.1668e-13;4.98631e-10;3.7144e-12;1.43996e-12;5.33037e-12;1.03265e-12;7.49003e-13;6.90118e-14;1.28756e-07;2.42611e-15;1.10492e-10
6.11683e-09;0.00133551;3.28307e-11;2.53442e-08;1.62032e-08;4.86006e-06;5.35297e-07;1.22281e-05;1.89179e-07;1.17466e-09;5.93181e-08;7.23321e-11;0.998646;3.95741e-07
1.05293e-08;1.55369e-06;0.999996;4.65856e-09;8.10756e-11;1.18389e-11;2.47947e-07;4.10177e-11;4.09149e-10;2.62952e-08;1.02593e-10;1.97933e-06;5.73767e-11;8.31709e-09
1.04987e-07;7.95253e-09;0.999968;1.09094e-07;4.45797e-08;3.25192e-09;9.76447e-07;5.34369e-08;2.32747e-05;4.36664e-09;4.14971e-06;2.87375e-06;6.75342e-10;1.34955e-08
5.52616e-06;0.977587;3.56267e-07;1.10001e-06;6.87483e-09;5.70179e-08;3.11589e-07;1.34784e-05;3.54595e-08;9.17451e-08;3.15707e-07;2.71572e-07;0.0223915;7.04781e-09
3.27904e-06;0.00980682;0.000231474;4.8142e-08;1.93351e-06;8.25757e-07;9.57805e-10;7.97087e-05;5.54731e-09;6.50833e-09;2.72434e-08;0.989032;9.55477e-06;0.000834744
1.01081e-07;0.931384;1.37942e-08;8.19554e-06;0.00071546;5.19575e-05;1.29646e-07;0.049207;1.34816e-07;4.4416e-07;7.24641e-07;0.0116123;0.000526112;0.0064932
2.98699e-08;4.45526e-05;1.00235e-08;9.28299e-09;5.79839e-11;1.58376e-06;4.40817e-09;2.26299e-07;1.17299e-08;1.22502e-09;1.20113e-07;1.72261e-07;0.999953;4.24943e-09
3.64968e-10;3.53019e-09;1;1.5585e-09;2.28027e-09;1.71319e-10;2.82086e-12;2.22101e-10;3.5721e-11;4.9995e-10;1.3719e-11;3.59995e-07;3.01144e-11;9.77526e-10
1.45824e-06;0.977752;9.01435e-07;3.13483e-05;7.14645e-07;1.09743e-05;1.81139e-06;0.0183849;0.000862109;1.44654e-06;0.000407964;2.00325e-06;0.00252222;2.01322e-05
