6.23306e-07;0.999722;2.08169e-06;1.30432e-05;1.13419e-06;1.71009e-06;1.3886e-07;3.82385e-07;2.07101e-08;5.40633e-06;2.12549e-06;8.40669e-08;0.000219459;3.15607e-05
3.97126e-06;0.000569609;0.0073442;3.56742e-07;6.33712e-07;2.78039e-08;3.41706e-09;6.69586e-07;1.20687e-08;3.48313e-09;2.00567e-07;0.992078;2.92153e-07;2.14311e-06
0.000579508;0.887598;6.02084e-07;4.56861e-05;0.00711923;3.85728e-06;0.000500179;0.097093;0.00539487;1.8551e-05;0.00106439;0.000243568;7.38869e-06;0.0003311
7.87434e-05;0.867732;3.76942e-05;5.2397e-06;0.000160797;3.22794e-05;5.25967e-06;0.000193989;2.06072e-06;1.3925e-05;7.17765e-06;0.00057824;0.131061;9.23211e-05
0.00181002;0.716135;5.9653e-06;0.000137021;6.73691e-07;6.32849e-05;0.00182798;0.00320835;0.0361335;0.000127455;0.0213852;0.019168;0.197846;0.00215204
1.53256e-05;0.00647101;0.978896;0.000386136;0.00308045;0.00588312;4.24634e-09;5.67176e-05;2.44332e-07;5.34797e-07;1.33355e-06;0.00407482;0.000596195;0.000538017
2.3964e-06;5.95403e-06;1.31214e-06;2.07479e-08;1.56878e-07;5.00396e-06;1.91272e-07;0.00327922;2.35157e-08;6.81787e-08;1.34117e-08;7.07007e-10;0.996705;2.39491e-07
3.25732e-13;9.95989e-14;1;1.49457e-12;1.76812e-13;1.57284e-12;2.32209e-13;2.46549e-14;1.39417e-12;2.781e-13;2.42746e-12;1.8147e-11;5.23273e-13;2.56088e-14
1.5149e-10;8.62117e-09;0.999726;1.66752e-09;1.28793e-10;5.55143e-09;5.88901e-10;5.31967e-09;1.70553e-09;5.47543e-10;1.29806e-09;0.000274243;3.53617e-08;1.15541e-07
1.46038e-08;3.90818e-06;1.79799e-06;1.28816e-05;0.0146164;0.962212;8.15114e-08;2.9568e-07;1.16697e-06;2.25442e-06;1.01814e-05;2.1939e-07;0.00676085;0.0163778
2.34706e-09;1.26497e-05;0.996478;3.37154e-07;1.52122e-06;2.45112e-06;6.20509e-10;1.06268e-07;4.38512e-11;5.69392e-08;3.5062e-09;0.00350028;1.06891e-06;3.93337e-06
7.49607e-06;0.435424;1.70873e-05;2.50152e-05;3.21152e-07;3.41923e-05;0.000271542;0.00155564;0.000296986;1.29364e-06;0.0172173;3.77227e-08;0.545148;9.15768e-07
4.77553e-08;0.998586;1.30938e-05;3.28928e-07;1.8801e-06;1.17421e-05;2.78147e-10;0.000682439;5.74056e-11;1.53265e-07;2.99486e-10;2.44694e-09;0.000703546;5.52057e-07
8.58634e-09;2.51974e-07;0.999999;3.21502e-07;6.46782e-09;2.25009e-08;1.56198e-08;9.72929e-09;2.9595e-09;4.38453e-08;1.37428e-07;1.50118e-07;4.98839e-08;1.709e-10
3.70858e-09;9.11862e-07;8.43816e-05;4.3793e-07;1.17164e-09;3.87822e-09;1.11068e-10;9.47136e-08;1.10754e-08;7.85786e-10;1.83545e-07;0.999914;1.27275e-09;1.23884e-07
0.00037811;0.870647;0.00906778;0.000500022;0.00273641;0.00149389;1.81016e-05;0.0463162;8.86041e-05;0.000271059;0.00121049;6.49003e-05;0.0577568;0.00945019
7.11976e-07;0.948241;1.71486e-09;1.14264e-07;8.61679e-07;1.07344e-05;1.85778e-07;1.394e-05;6.43175e-10;8.83725e-06;1.08617e-08;3.68699e-07;7.02336e-06;0.0517164
2.23055e-15;1.02692e-16;1;1.58127e-14;2.08183e-12;7.24428e-13;5.00283e-17;6.53257e-14;1.93216e-15;4.34172e-16;5.29189e-15;8.18329e-12;5.91653e-17;2.23428e-13
9.66801e-08;1.09784e-05;0.00026229;4.08724e-08;4.46857e-05;0.000365938;1.23545e-10;0.994763;4.84594e-08;3.96602e-09;3.95062e-08;0.000482628;0.00406978;6.82398e-08
1.34813e-09;0.999953;1.96347e-11;1.11799e-09;2.02594e-09;9.69332e-09;8.6845e-10;4.67532e-06;3.9223e-11;4.50899e-08;9.19566e-11;1.27811e-09;7.85183e-06;3.41859e-05
3.63876e-06;0.148686;0.000101699;1.48844e-05;7.06263e-06;4.98758e-05;8.6006e-05;0.258486;2.61806e-06;2.78003e-06;6.93824e-05;0.000431496;0.592059;6.17801e-07
7.43579e-06;0.130926;8.59342e-07;4.59024e-05;0.00392054;0.000779866;6.07655e-08;0.187516;6.2008e-07;3.23126e-06;4.36696e-06;0.000292958;0.675421;0.00108021
5.51191e-06;0.985264;1.47118e-07;0.000124174;1.77799e-05;2.25517e-05;0.00347619;1.23452e-05;1.12041e-07;0.00212396;3.91372e-06;0.000183661;0.000507904;0.00825769
5.04584e-09;6.16592e-11;0.999999;2.84934e-08;8.07781e-11;2.62042e-11;1.08214e-08;4.73855e-13;9.47729e-09;4.81554e-09;4.86264e-07;3.3805e-07;7.39189e-12;5.72308e-10
0.000101977;0.089958;3.49736e-05;8.33373e-06;3.97671e-08;6.64913e-08;0.89936;1.02011e-05;7.89405e-07;0.0016444;2.09975e-05;2.78675e-06;4.95674e-07;0.00885747
2.54559e-11;2.1722e-11;1;4.13302e-11;1.93686e-10;5.77662e-12;1.75388e-09;6.21069e-11;3.96063e-09;9.54313e-12;9.52563e-09;1.62388e-09;6.06427e-14;3.87467e-12
1.30966e-07;0.999391;2.79821e-06;6.73683e-08;9.48334e-07;7.07859e-08;3.28984e-08;2.01677e-07;2.18124e-08;1.46395e-08;2.42579e-07;4.28616e-05;0.000561755;6.3023e-08
6.87327e-06;0.695598;1.58125e-10;1.6767e-07;0.000153689;0.000250877;1.55422e-07;0.0131272;2.85291e-07;1.18075e-07;8.37958e-07;0.00263099;0.282176;0.00605503
1.8388e-05;0.734278;1.09789e-06;3.00053e-05;0.000433325;1.553e-05;2.43173e-06;0.00277651;5.04462e-08;1.49094e-06;3.37845e-07;0.0883482;0.171848;0.0022473
8.37498e-05;0.0034694;0.000163723;0.000409334;0.504698;0.000821221;6.44249e-07;0.0271585;3.48003e-07;1.77738e-05;5.77743e-07;0.013873;0.00013011;0.449174
5.12037e-05;0.414401;5.69112e-07;2.68237e-06;8.94008e-08;1.74837e-05;1.08223e-05;3.39119e-05;1.60508e-05;1.00412e-06;2.99576e-06;1.44634e-05;0.585444;3.52561e-06
2.46529e-07;3.94248e-05;0.778318;2.11366e-08;2.84491e-07;4.66067e-09;1.13235e-09;1.41001e-07;3.90525e-10;3.54389e-08;1.13933e-10;0.221639;2.70583e-08;2.40292e-06
7.20908e-06;0.954362;2.88251e-08;0.000164013;7.61074e-06;5.98961e-05;2.92216e-05;0.0373737;0.000921294;7.50848e-06;0.000129944;9.52394e-06;0.00550897;0.00141884
2.44957e-06;1.33022e-06;9.5036e-11;2.99576e-09;4.75985e-09;8.92473e-11;3.02774e-09;0.999987;2.51469e-06;8.26871e-10;6.75882e-08;2.09255e-10;6.95827e-06;1.8288e-11
1.29939e-07;0.00982773;6.11896e-08;6.81532e-07;6.04334e-07;4.27447e-07;5.51492e-05;5.58751e-07;3.49778e-09;0.000368612;3.45953e-09;4.31517e-09;1.20139e-07;0.989746
4.12537e-10;2.60478e-11;0.999999;1.6456e-09;1.49087e-11;3.45995e-10;1.18043e-08;3.20559e-11;2.3754e-07;1.86969e-10;6.5801e-07;3.38467e-09;1.48604e-12;1.45306e-08
3.15784e-06;0.709399;5.43174e-09;1.2423e-08;7.36924e-09;3.20257e-09;7.46653e-08;0.290079;6.79982e-07;2.87958e-08;1.80729e-07;2.13706e-07;0.000517382;1.18712e-07
1.16791e-08;0.000152747;1.08792e-07;3.7056e-07;2.86823e-07;2.37114e-08;7.09521e-09;5.0415e-05;2.1417e-06;6.37089e-08;1.06372e-06;0.999784;3.83266e-08;8.97027e-06
9.18396e-08;0.937244;7.54946e-10;1.31983e-09;6.54794e-10;2.37823e-10;5.34338e-08;1.0042e-06;2.04105e-09;1.63772e-10;1.04657e-08;7.86813e-08;0.0627547;6.46237e-11
5.17991e-06;0.497137;2.58805e-06;9.05748e-07;0.00786499;1.17778e-05;7.25812e-07;0.446787;4.1879e-06;1.11172e-06;3.90246e-10;0.0347707;0.000108479;0.0133058
0.000828489;0.739685;0.0195994;0.0046347;0.0279949;0.00118323;5.28888e-05;0.0291857;0.0270855;2.52006e-06;0.00134697;0.0601895;0.0140303;0.0741806
3.08363e-06;0.996249;8.26622e-09;1.44637e-07;1.88814e-07;2.25569e-08;2.32014e-07;0.00359378;1.10541e-07;5.01924e-08;2.0339e-08;1.54058e-06;7.51658e-06;0.000144369
1.44848e-06;0.0108074;4.58419e-08;7.75971e-08;2.90944e-08;9.16616e-08;3.42201e-07;0.0351668;1.03129e-07;6.12198e-08;1.65258e-07;1.57866e-08;0.954023;3.86694e-08
7.19246e-10;1.53947e-09;1;9.83491e-10;8.66023e-11;6.44913e-10;3.52835e-09;5.41662e-11;3.83588e-09;4.15707e-11;2.11386e-08;6.98409e-08;1.73325e-08;5.30802e-11
1.09453e-10;1.8301e-07;0.999983;5.01521e-10;1.14203e-10;2.02998e-10;2.20031e-12;5.34908e-07;9.7781e-12;4.08456e-12;1.86215e-11;1.65751e-05;4.40969e-09;1.50713e-08
1.49362e-07;0.000510796;7.52192e-06;2.24553e-05;0.0165508;0.00719537;5.5673e-08;7.57625e-06;3.11231e-07;2.4311e-06;9.17279e-06;0.00129102;0.000105468;0.974297
5.35251e-08;2.42952e-05;7.1207e-06;1.73623e-06;1.01218e-06;2.01483e-05;2.97733e-08;2.94011e-06;1.44402e-07;3.33723e-08;7.64041e-06;0.996399;0.00353553;4.83927e-07
2.30186e-06;0.845817;0.0010627;1.43501e-06;4.83901e-07;0.000252018;6.36949e-08;0.000527418;2.95203e-08;2.0516e-07;1.84071e-07;6.90533e-06;0.152329;2.3073e-07
1.72301e-07;0.0138662;1.50236e-10;1.78723e-05;6.55223e-07;8.51135e-05;6.64396e-08;0.00971018;4.87977e-07;4.11493e-07;1.82292e-06;1.45838e-07;0.976293;2.34261e-05
0.000108177;0.924828;0.0101703;0.00715944;0.00337589;7.27544e-05;4.9913e-07;0.043438;9.53736e-08;0.000290874;3.66724e-06;0.00061658;0.0098092;0.000126259
8.90836e-06;0.898003;8.02511e-08;0.000207189;0.000171511;0.000350954;0.00023251;0.0024694;7.21694e-07;0.00187059;2.71691e-05;5.69278e-06;0.0966108;4.12642e-05
7.51477e-12;2.10201e-13;1;6.90712e-10;5.44347e-10;1.73333e-10;3.86842e-11;1.3161e-13;2.69315e-12;9.62106e-11;3.10573e-11;1.06544e-07;3.46351e-12;4.49803e-10
9.82348e-06;0.982154;0.0170755;1.67948e-05;1.23952e-06;9.69301e-07;2.67023e-05;2.30429e-05;1.46767e-06;2.15449e-07;1.69788e-06;2.57458e-05;0.000644997;1.77242e-05
3.68438e-05;0.95008;4.63247e-05;5.31708e-06;1.65389e-05;2.29444e-05;2.0606e-05;0.000459381;3.59384e-05;2.50422e-06;1.96697e-05;0.0234744;0.000153091;0.0256264
7.49845e-06;0.603358;0.000205189;3.97571e-06;3.17108e-06;5.60687e-07;5.10513e-06;2.05545e-08;2.91978e-09;4.70608e-05;3.52764e-09;0.0376197;6.00812e-06;0.358743
5.81844e-11;1.14677e-13;1;7.62424e-13;3.10434e-12;5.64889e-13;1.23584e-11;9.36811e-13;2.83991e-11;2.17485e-12;6.46126e-11;1.44796e-08;2.53924e-13;2.44447e-15
6.45424e-07;0.00382033;6.1485e-08;8.13132e-08;2.48303e-08;3.9102e-08;0.963719;0.000199958;3.55823e-05;0.0321917;2.82555e-05;5.34986e-11;4.10151e-06;5.77337e-07
1.11294e-15;1.09225e-17;1;2.62929e-14;9.45867e-15;3.66234e-15;1.35729e-14;7.38757e-17;3.68599e-13;6.99534e-14;1.62617e-12;3.05131e-11;8.97081e-18;3.09519e-17
