4.23628e-07;0.999077;7.77598e-09;6.11205e-09;2.35216e-07;4.6043e-08;1.80862e-09;0.000395127;6.45918e-08;3.05619e-09;4.07128e-08;8.08201e-05;0.000446335;5.08042e-08
8.34441e-05;0.54366;5.55056e-06;0.000118829;0.00145673;0.000222156;6.16854e-06;0.0235388;9.04298e-05;7.04429e-06;0.000904591;0.296763;0.124301;0.00884272
7.48626e-06;0.0250613;1.90695e-06;1.38822e-05;0.000209194;2.38548e-05;3.66204e-06;0.929277;9.30552e-06;1.62802e-06;3.14008e-05;0.042696;0.00231409;0.000349405
0.000126179;0.893382;1.64886e-06;0.000529856;0.00859985;0.00075042;7.93189e-05;0.00796146;0.000699807;6.42208e-06;0.00120607;0.0277887;0.0224926;0.0363757
0.0103606;0.0521517;3.91519e-05;5.66001e-06;4.60379e-05;1.80946e-06;5.28764e-06;0.141746;0.00115537;5.26517e-07;0.000120801;0.00484476;0.789515;7.04822e-06
0.000244854;0.940271;8.5189e-05;1.32981e-06;3.73949e-07;4.50921e-06;0.0568319;9.37922e-05;0.000920298;0.000925747;4.17434e-06;1.30459e-07;0.000358123;0.000258101
3.835e-12;3.14866e-12;0.999998;4.46957e-10;4.94269e-11;3.74564e-10;3.95965e-11;1.36332e-12;5.1448e-10;1.16729e-10;5.57062e-11;1.52216e-06;5.43736e-15;5.27897e-11
3.22e-05;0.932794;1.04281e-07;9.63605e-06;1.95752e-06;2.31321e-05;5.69511e-05;0.0618698;0.000199751;2.95275e-06;0.00011759;2.32763e-05;0.0048686;1.70964e-07
1.28976e-07;0.0111085;1.34123e-09;6.49013e-08;2.02306e-09;1.38839e-09;0.985102;3.14473e-07;7.12234e-07;0.00378251;2.95717e-06;4.65511e-11;3.87466e-07;2.21254e-06
7.10846e-11;1.92139e-12;0.999999;3.85839e-09;9.68411e-11;1.79187e-10;1.53402e-08;3.16548e-13;1.36601e-08;1.99645e-09;2.73435e-08;6.12281e-07;1.03116e-12;5.67295e-11
0.000604824;0.157315;2.56934e-06;5.62848e-06;8.01407e-06;2.88269e-06;0.000198978;0.817643;0.0105357;1.42083e-05;0.000306901;0.000294357;0.0130658;1.7826e-06
1.82615e-07;0.0252659;2.63407e-08;1.0911e-06;4.95207e-06;5.87176e-07;1.08635e-06;4.61652e-05;2.07162e-05;4.00105e-07;6.72246e-05;0.974366;0.000223779;2.15157e-06
7.42862e-07;0.991907;2.93938e-09;1.39298e-05;1.51478e-06;1.41822e-06;2.45416e-05;0.00134819;1.60821e-06;7.57038e-06;9.22114e-06;5.17851e-05;0.00663248;2.8573e-07
7.9995e-06;0.00048789;0.000997845;1.31229e-05;3.41166e-05;5.35765e-08;1.92369e-09;5.17518e-05;3.29873e-07;1.52237e-08;2.94833e-08;0.998379;1.49048e-06;2.66898e-05
0.000625734;0.00105686;4.15188e-10;4.86745e-08;3.02441e-05;2.06322e-06;7.12746e-08;0.883141;0.000134836;6.89457e-09;7.36729e-08;1.77753e-05;0.114992;2.66271e-08
1.19725e-05;0.993753;5.47913e-08;6.56982e-09;1.07074e-10;6.43635e-11;6.30023e-05;0.00616353;2.57163e-06;4.89412e-06;1.13814e-08;1.48144e-09;5.40615e-07;1.30562e-07
7.06662e-07;1.26447e-07;0.998308;2.68182e-06;1.22182e-07;3.29232e-08;3.61333e-06;2.30013e-07;0.000831627;7.68333e-07;9.06447e-06;0.000843161;1.85258e-08;1.29111e-08
1.6871e-06;0.974312;2.44006e-07;1.44648e-06;1.47597e-07;2.51951e-09;2.73164e-07;0.0062451;6.75671e-07;6.29877e-08;1.17401e-06;2.31619e-06;0.0194353;9.0341e-10
3.38475e-07;0.988237;8.93175e-08;1.17115e-05;1.55352e-06;1.04782e-05;1.59752e-06;0.000785195;8.52277e-08;8.51767e-05;1.72049e-07;4.31277e-08;0.0108404;2.60288e-05
3.26344e-14;4.45983e-14;1;2.89989e-11;4.02366e-10;1.03107e-11;5.72493e-15;2.98064e-15;2.88462e-15;1.59571e-13;2.54027e-13;2.56845e-09;8.29592e-16;4.06014e-10
1.27334e-07;0.998781;1.25391e-06;2.01021e-06;4.6938e-06;6.45096e-06;4.38189e-08;0.000367755;3.7993e-09;1.30108e-09;5.24156e-07;6.22906e-06;0.000828199;1.84509e-06
8.00618e-06;0.973821;2.37148e-06;1.01799e-05;4.71395e-06;1.80316e-06;4.65046e-05;0.0232143;1.78484e-05;1.21316e-06;0.000544443;0.0011116;0.00121263;3.86376e-06
5.14993e-06;2.36637e-05;1.58675e-07;8.05515e-05;0.363415;0.628463;6.57843e-07;0.00509681;0.000439499;1.14815e-05;0.00042392;0.00012637;0.000110408;0.00180379
0.000275131;0.976921;3.11312e-07;1.12817e-07;2.30089e-08;6.9632e-09;3.08685e-07;1.01942e-05;3.47332e-06;6.72686e-09;4.03951e-05;0.000460459;0.0222884;1.04765e-09
6.87572e-05;0.0566977;0.228647;1.22841e-05;0.000912793;7.62744e-07;1.43758e-08;0.00143246;5.33402e-07;5.69158e-07;9.78121e-08;0.706326;3.77345e-05;0.00586324
0.000118054;0.0450632;1.99011e-08;2.16354e-05;0.000536012;9.54587e-05;4.24459e-07;0.945188;0.00196209;3.28958e-07;0.00011558;3.9633e-06;0.00612519;0.000770218
0.000586;0.261174;2.5321e-05;3.67032e-06;8.17778e-05;8.60684e-06;9.65557e-07;0.00749059;6.8227e-05;5.3982e-07;7.72993e-05;0.713941;0.0154971;0.00104544
1.04817e-06;0.000241244;1.63723e-10;4.10325e-07;0.0459234;3.69373e-07;9.94542e-09;0.953561;0.000141663;1.72995e-08;3.65958e-06;6.58368e-05;4.95775e-05;1.16171e-05
1.63401e-05;0.00285593;0.996392;0.000225291;2.31297e-05;8.43546e-06;1.92802e-07;1.864e-07;2.16417e-06;1.38423e-05;2.72673e-05;8.9574e-05;8.61259e-05;0.00025924
2.5776e-05;0.996795;2.38386e-08;2.69471e-09;8.38055e-10;2.80431e-09;4.66735e-07;4.15956e-06;1.19422e-06;4.22655e-08;1.6719e-07;0.00306811;0.000105583;3.15402e-09
1.68514e-07;0.000755015;4.22374e-07;8.38109e-06;3.15738e-05;6.65287e-05;2.18117e-08;0.000673424;5.47088e-05;2.01243e-07;4.08535e-06;0.997698;6.45593e-06;0.000700804
1.25759e-06;0.996366;1.12718e-09;4.16882e-09;1.53178e-10;5.64838e-10;5.05213e-09;4.33898e-07;1.90888e-08;1.21159e-10;1.80074e-07;1.68758e-06;0.00363071;7.75379e-12
6.50145e-07;0.0196214;3.36455e-08;7.90097e-08;7.96569e-06;3.26138e-06;1.37154e-10;0.00069712;2.84785e-07;5.58414e-09;1.11163e-08;0.979567;3.11635e-05;7.07948e-05
3.96302e-05;0.0206516;8.34955e-08;2.72407e-05;0.00759498;0.00446751;1.25142e-06;0.188749;1.48023e-05;2.22699e-06;1.43718e-06;0.00181519;0.753313;0.023322
3.1011e-05;0.746388;1.12559e-05;2.19953e-05;6.37081e-07;3.85548e-05;1.52773e-06;0.018273;9.68242e-06;2.69407e-07;3.94118e-05;0.00580191;0.229362;2.09156e-05
1.90015e-06;0.123215;4.91292e-07;0.000129582;0.000202939;0.00084037;3.91108e-08;0.809789;3.91432e-06;3.98211e-06;1.95368e-06;5.2898e-05;0.00115954;0.0645987
4.39623e-05;0.00669403;0.00030403;8.02161e-06;3.27778e-06;3.5605e-07;1.05334e-06;0.000766231;0.000123503;2.09268e-07;0.000410884;0.991517;0.000127099;2.78712e-07
2.85929e-05;0.939516;2.90116e-05;1.63878e-05;0.000189487;1.13401e-05;8.61896e-08;0.00132161;4.28447e-06;4.73044e-06;3.33068e-07;0.0127082;0.0433647;0.00280497
0.000215894;0.95445;3.71379e-09;3.07971e-05;0.00024818;5.31513e-05;1.80906e-05;0.0238474;0.0062857;2.54405e-05;0.000442632;0.00375061;0.00945944;0.00117274
3.78259e-07;0.99752;2.8498e-10;4.06543e-08;1.94087e-07;1.59589e-08;1.88159e-07;0.00135704;3.68552e-09;1.58608e-06;2.51984e-09;6.43459e-09;0.00111751;3.27236e-06
7.98446e-13;1.73272e-14;1;4.19778e-11;2.04907e-10;4.64067e-13;2.28028e-13;4.24127e-15;9.24245e-13;2.29109e-12;4.08358e-13;7.72915e-10;2.4513e-15;3.5784e-11
6.31592e-05;0.0149993;0.00205058;1.63453e-05;8.30304e-05;3.12019e-07;4.77797e-06;0.00195247;1.86833e-06;2.24217e-06;8.59085e-08;0.000394712;3.13515e-06;0.980428
1.34069e-06;0.000285288;7.56859e-09;1.06208e-07;0.00303441;2.02462e-05;6.76579e-07;0.996403;0.000128583;2.36123e-07;2.44186e-06;1.64064e-06;6.47897e-05;5.74098e-05
3.85662e-08;8.82292e-06;0.999872;4.95059e-08;2.80541e-06;5.21859e-05;7.87994e-10;1.44025e-08;3.77494e-10;4.99649e-09;3.65014e-08;5.06911e-05;6.64137e-06;6.74552e-06
9.60345e-07;0.995573;7.67622e-06;2.8901e-10;1.38421e-09;7.69138e-08;1.54208e-09;3.27489e-06;2.92664e-10;2.19414e-10;6.47075e-10;6.5596e-05;0.00434966;5.73805e-09
1.52775e-08;0.00028647;1.497e-07;6.40788e-07;0.000148991;2.09299e-05;4.55216e-11;0.000565003;3.0085e-09;8.61862e-09;1.36475e-09;0.99838;6.48655e-07;0.000597269
2.08009e-06;0.963993;1.42883e-08;1.02116e-08;1.20649e-07;1.50025e-07;2.28949e-09;0.00381701;1.34456e-08;4.42792e-10;3.57619e-08;0.000198056;0.0319895;1.88492e-09
3.67647e-07;0.0281789;9.9878e-05;5.9454e-07;0.000224922;3.60549e-06;3.3021e-10;0.00126793;9.63556e-08;2.23196e-07;2.86871e-09;0.966376;0.0015947;0.00225262
1.3646e-05;0.941823;3.7084e-09;1.5033e-05;0.000103551;1.74825e-05;0.000252723;0.000349334;2.06837e-05;3.76966e-05;4.27466e-05;0.0158146;0.0390003;0.00250964
6.64435e-06;0.862078;5.15712e-06;1.22545e-06;4.60487e-08;2.72564e-08;1.93972e-05;0.00117282;1.3547e-06;1.77874e-07;3.7264e-05;0.128437;0.00824083;1.12617e-07
3.25769e-06;0.430496;1.59059e-08;0.00108121;0.0136404;2.64309e-05;5.05154e-05;0.550119;7.5431e-07;0.000233153;1.1113e-06;2.76533e-05;0.00170515;0.0026151
0.000103416;0.00153116;0.027314;0.0279048;0.000344783;0.00043078;7.36015e-05;4.5057e-07;9.83104e-06;0.000533619;0.000354683;0.175706;0.00017371;0.76552
0.00149154;0.995711;0.00117756;0.000106565;6.1349e-06;5.70592e-07;2.32486e-06;0.00123764;4.7508e-05;1.59758e-06;9.79568e-06;5.43469e-05;0.000106325;4.7648e-05
0.00561486;0.941754;0.00186282;2.6226e-06;1.09275e-06;9.14028e-07;2.41999e-05;0.0135593;0.000445228;2.76389e-06;0.000133858;0.00306462;0.0335337;4.97513e-07
2.15153e-06;0.995809;4.85712e-08;4.27727e-05;2.47612e-07;6.66798e-08;0.000477316;6.23137e-07;3.8182e-05;0.00215648;1.24089e-06;5.61545e-06;1.29981e-07;0.00146569
1.92583e-06;1.98648e-05;0.999647;6.07586e-06;2.95731e-08;5.54185e-07;1.29698e-05;1.08706e-06;1.74146e-05;1.43473e-06;3.95801e-05;2.00429e-06;0.000249441;2.86864e-07
6.40958e-07;0.995389;1.57806e-06;2.5523e-08;1.65568e-07;3.02105e-08;4.49909e-09;0.00459726;5.62425e-10;1.06752e-07;1.01594e-10;4.81815e-07;1.04604e-05;1.40208e-07
2.63517e-08;2.58063e-10;0.999993;3.87873e-09;1.03849e-10;6.1831e-11;1.27043e-08;3.10268e-10;3.21077e-06;6.00889e-10;4.3923e-08;3.47369e-06;1.13456e-09;3.10227e-11
3.40603e-05;0.000451952;0.0140325;2.15803e-05;9.79659e-06;7.39343e-07;9.89099e-09;0.958538;0.00390458;1.56308e-07;3.90391e-06;0.0229748;6.80226e-06;2.10059e-05
0.000101388;0.562024;3.25948e-07;1.04623e-05;0.0162816;8.17207e-05;0.000168418;0.40752;0.00756972;4.89166e-05;0.00051642;6.85023e-07;0.00561509;6.08979e-05
4.69287e-05;0.379895;0.0160882;0.00129777;0.0419709;0.00979595;5.90207e-07;3.18692e-05;5.27458e-05;4.10223e-05;0.000194068;0.03821;0.00228139;0.510094
5.48007e-05;0.990907;0.000517764;2.79852e-06;0.000868631;1.30555e-05;9.02141e-09;0.00434383;1.91176e-07;2.81149e-08;2.9846e-08;0.000960203;6.08439e-05;0.00227103
6.42706e-07;0.999327;1.63086e-06;4.0617e-09;4.72813e-08;4.27547e-08;4.23554e-09;1.2361e-06;7.66121e-10;6.62874e-09;1.43597e-10;0.00064424;2.52964e-05;1.4375e-09
3.09792e-07;0.00114024;6.74619e-06;1.7806e-05;0.00121626;0.00103788;2.3207e-09;0.0136688;9.57903e-06;5.53194e-08;1.32668e-06;0.956822;2.28273e-05;0.0260566
1.75903e-07;0.999822;3.36909e-11;2.13901e-09;2.55866e-10;2.01993e-10;7.79283e-08;3.79825e-06;1.02316e-08;3.15777e-10;1.0831e-07;2.72877e-07;0.000173749;3.19568e-11
4.2413e-08;0.00428664;5.49863e-08;5.2176e-09;1.20489e-08;3.08509e-08;9.85179e-11;3.40652e-05;1.40774e-08;2.47548e-10;1.58112e-08;0.995664;1.45584e-05;2.00324e-07
7.10812e-05;0.39528;0.000279776;0.000292016;0.0085067;0.0020176;3.34522e-05;0.482489;0.000211101;6.01053e-05;7.71631e-05;0.00466123;0.104699;0.00132298
8.66473e-05;0.173023;0.00173984;3.66068e-05;1.92395e-06;6.24479e-06;1.75551e-05;0.0109485;0.000112378;8.01492e-07;0.000177263;0.740493;0.073356;1.64377e-07
3.95265e-07;0.999569;2.05321e-08;3.33111e-08;9.60229e-09;1.87996e-08;0.000144586;0.000227855;9.89227e-08;5.24049e-05;8.01558e-09;1.38374e-11;2.745e-06;2.81423e-06
7.62403e-13;2.31666e-14;1;2.02352e-10;5.96793e-11;5.33007e-12;1.02566e-12;3.19862e-16;2.48606e-11;3.29969e-12;3.26833e-11;2.24052e-07;6.31977e-15;1.01665e-11
3.20344e-06;0.000542722;8.5244e-07;7.87736e-07;1.06234e-05;4.30149e-07;1.16398e-07;0.999357;6.28087e-06;2.53188e-08;1.02457e-06;3.73338e-05;3.94e-05;1.57491e-07
9.72655e-06;0.0310863;8.27194e-06;8.72832e-07;1.66743e-08;8.29683e-09;0.965892;0.000675874;0.000375759;0.00155614;0.000227955;1.87279e-09;0.000165484;1.28795e-06
9.78918e-14;5.19868e-15;1;4.46037e-13;1.04939e-12;1.35175e-13;1.03891e-12;1.33373e-15;6.10486e-12;4.17443e-13;4.24145e-12;7.52729e-09;2.85091e-17;9.27569e-14
0.00196746;0.464298;8.03345e-05;7.21703e-05;0.0144045;0.00153071;0.000317273;0.349112;0.0570141;1.46634e-05;0.000959108;3.21092e-05;0.0530805;0.0571174
1.13935e-05;0.0365963;4.56062e-05;1.44952e-06;3.11191e-05;1.90431e-06;1.59674e-08;0.469754;4.35164e-06;1.79123e-08;1.11838e-06;0.485241;0.00829886;1.1957e-05
8.02165e-10;0.999597;1.40239e-12;8.0341e-10;2.99334e-08;7.98495e-08;1.00193e-07;3.31883e-07;2.91979e-12;6.16973e-07;2.6553e-13;4.50895e-12;6.77007e-08;0.000401843
6.08595e-13;1.78182e-14;1;3.10612e-12;6.85342e-11;7.44547e-11;1.40189e-11;6.79027e-13;2.32012e-12;7.80076e-12;6.28993e-13;1.77505e-08;9.56291e-15;4.26691e-12
7.13628e-05;0.00115344;3.31782e-06;0.000699795;0.000753738;0.00122215;5.23796e-05;0.348076;0.00447313;3.68713e-06;0.00457067;0.000838844;0.638074;6.59896e-06
5.58872e-06;0.999375;4.88018e-05;8.58373e-06;4.63133e-08;3.8594e-08;2.78917e-07;1.30843e-05;5.13726e-06;1.27308e-07;1.16816e-05;0.000515439;1.44988e-05;1.37818e-06
7.41662e-07;0.935487;1.41844e-09;3.14577e-08;8.72915e-10;1.57319e-08;7.60472e-08;3.38825e-06;1.4923e-08;1.25583e-08;8.43679e-08;6.49142e-06;0.0645019;8.63222e-09
2.42242e-07;0.000580246;5.11032e-08;1.23861e-05;0.000355453;0.000646073;1.17983e-07;3.82282e-05;3.54139e-06;3.54644e-07;2.44093e-05;0.993831;1.88337e-05;0.00448912
3.03233e-05;0.313146;1.95579e-07;6.25924e-05;0.000891773;0.00039973;6.34674e-06;0.616875;0.000232332;5.79611e-07;0.000164034;0.000887983;0.0672105;9.20255e-05
0.000214365;0.216095;7.70112e-08;8.59331e-05;5.90243e-06;6.09181e-05;2.99821e-06;0.011182;7.47063e-06;9.04166e-07;0.000161009;0.631869;0.139969;0.000345334
6.56032e-05;0.215736;3.79352e-08;5.0454e-05;0.000433074;5.31366e-06;1.32538e-06;0.7808;0.000857942;6.05361e-07;0.00097333;5.01235e-05;0.00101082;1.5821e-05
1.04872e-05;0.0032548;0.991978;0.000993611;0.000367069;0.000831441;1.22757e-06;2.67097e-06;9.90652e-07;1.7334e-05;0.000483893;0.00134085;0.000684454;3.33836e-05
3.30294e-05;0.0971002;7.94809e-06;1.78193e-06;0.000313458;2.40458e-05;1.06005e-07;0.880789;4.25732e-05;1.28678e-07;0.0002077;0.0161523;0.0052664;6.12727e-05
5.17915e-05;0.950145;8.40843e-08;8.3436e-05;0.00874886;0.000192738;9.60503e-05;0.0251133;0.000939618;4.18979e-05;0.00121742;0.0110714;0.00122553;0.00107293
0.0697478;0.139652;0.00249294;0.000797693;0.0715287;0.000122403;0.000345735;0.0231697;0.00286885;0.000273508;0.00403791;0.611651;0.070316;0.00299651
0.00580561;0.941141;2.55662e-05;6.74326e-06;0.000217499;6.60873e-06;3.82214e-06;0.0188043;0.000113144;1.41405e-05;1.75053e-06;0.0209264;0.0111041;0.00182937
0.00175181;0.0984816;1.11094e-07;2.45071e-05;0.000381964;0.0016454;0.000130201;0.735366;0.00612363;0.000119694;0.000206659;0.00863656;0.146457;0.000674842
7.93296e-05;0.966312;2.80221e-08;0.000454977;7.8878e-05;1.24828e-05;5.49921e-05;0.000349129;0.000337441;6.62397e-05;0.000220445;0.0103542;0.0203489;0.00133121
8.18972e-05;0.285523;7.93673e-07;0.000180322;0.565736;5.72846e-06;1.95905e-05;0.146716;1.18638e-05;0.000306398;4.55502e-06;0.000275734;5.43962e-05;0.00108476
4.14755e-06;5.28843e-05;0.999528;8.04144e-05;1.52828e-05;1.29564e-06;3.89923e-07;7.80679e-08;5.24503e-08;1.60859e-06;4.03566e-07;0.000143682;8.3132e-05;8.82634e-05
3.79981e-05;0.00142535;1.63931e-08;9.31643e-09;3.8712e-07;1.12619e-10;2.03564e-07;0.997776;9.11103e-05;3.89573e-10;9.13684e-05;0.00055933;1.79328e-05;3.85464e-09
1.23656e-07;0.997701;2.53142e-12;3.45472e-08;3.77914e-06;6.54584e-08;2.12833e-05;0.00199754;4.13097e-07;5.4484e-05;4.98634e-09;8.34456e-09;0.000152997;6.80913e-05
3.26643e-11;5.19143e-13;1;2.35499e-12;5.44155e-12;6.46281e-15;3.29762e-11;1.83281e-13;3.97358e-10;5.05736e-12;9.18531e-12;1.62561e-09;2.78583e-14;9.35105e-15
0.00153304;0.156977;8.70858e-07;5.43397e-05;0.000456173;0.000303827;0.000630713;0.689565;0.133357;2.36765e-05;0.00108217;2.24906e-05;0.0159867;6.74356e-06
6.32507e-06;0.885314;5.62864e-10;3.42502e-08;7.09533e-07;4.24226e-07;1.20416e-05;0.0373566;1.16347e-06;2.34593e-06;3.62843e-08;2.19624e-10;0.0773064;1.61609e-07
1.4569e-08;4.61364e-09;0.999996;6.19537e-07;1.97901e-07;1.4945e-07;4.02785e-08;7.59248e-08;1.00178e-06;5.10176e-08;7.59912e-09;2.08087e-06;5.27692e-09;2.80349e-08
4.94119e-08;9.96283e-06;0.999872;8.01873e-07;3.77316e-09;1.82257e-08;2.37746e-09;2.44386e-06;2.56618e-07;4.93029e-10;7.0918e-09;0.000114867;4.63266e-09;2.52995e-08
1.735e-05;0.200855;2.80417e-07;1.46566e-05;0.00189959;0.000921291;4.97121e-06;0.000262997;4.31469e-06;6.40274e-05;8.51322e-07;1.62121e-09;0.000111847;0.795843
3.22723e-12;1.00634e-13;0.999994;6.97442e-10;4.97849e-10;2.03764e-11;3.25766e-13;1.1733e-13;3.45113e-12;2.33424e-12;3.37927e-11;6.36095e-06;2.58287e-15;5.51037e-11
3.63783e-06;5.91108e-06;4.76831e-06;7.50724e-06;0.000931442;5.74531e-06;6.04062e-10;0.999029;1.28236e-06;1.22064e-08;1.53686e-07;1.97609e-06;6.55606e-06;1.63373e-06
1.60839e-08;3.3861e-07;8.27046e-07;7.30489e-10;9.6792e-08;5.47658e-10;1.25363e-12;0.999935;1.95718e-09;5.28956e-11;1.2861e-10;3.88759e-10;6.36178e-05;1.09713e-12
6.54318e-11;8.84573e-08;0.999999;2.35454e-09;3.40285e-07;2.1117e-07;4.93234e-13;1.05385e-10;4.75186e-14;2.1041e-08;4.49299e-13;6.23568e-08;6.82569e-09;1.61382e-07
1.40014e-06;0.988995;2.20505e-06;1.28484e-05;2.3808e-06;1.22313e-05;4.93773e-06;0.00860067;1.16422e-05;6.66891e-07;0.000274469;0.00018938;0.00187418;1.76766e-05
