3.38686e-08;5.35088e-08;8.77986e-08;9.20261e-08;5.5678e-09;2.10558e-07;8.1443e-08;3.15229e-08;3.05868e-07;1.82688e-07;1.40213e-06;6.01297e-07;2.33123e-09;7.24864e-08;6.47083e-08;1.2875e-07;8.73761e-08;7.11411e-08;1.30204e-08;2.70866e-07;2.07358e-08;7.15463e-09;1.86119e-07;8.51488e-08;3.66405e-08;1.34992e-08;4.86471e-09;7.60354e-09;2.87469e-09;1.56601e-07;3.20108e-08;8.63353e-08;8.95159e-08;4.33668e-09;3.80357e-10;3.04758e-08;6.66198e-08;3.1535e-08;2.90061e-08;5.27972e-09;4.37199e-08;1.36099e-07;3.76849e-08;2.08567e-08;5.23946e-07;5.45043e-08;7.86574e-08;9.10035e-09;1.27689e-07;1.08817e-07;1.06719e-07;2.08257e-08;5.35698e-09;1.61845e-07;1.80384e-07;4.07671e-07;1.28684e-07;4.38946e-08;1.1158e-07;4.85595e-07;4.09293e-07;2.69499e-06;6.46493e-08;1.39629e-07;3.9299e-08;3.93695e-07;8.62182e-08;9.12136e-08;9.80857e-09;5.80345e-07;3.83648e-07;1.19783e-06;2.37974e-08;9.38713e-09;2.35257e-09;2.88905e-08;6.93632e-08;1.69644e-07;1.73024e-07;4.76177e-08;7.62832e-08;1.92943e-08;5.70646e-07;1.07988e-07;9.53073e-08;8.2432e-08;3.17373e-09;2.22732e-09;3.88595e-08;3.46276e-08;1.62081e-08;8.78406e-08;4.57036e-08;4.98752e-07;3.35072e-08;1.96673e-08;1.73724e-08;1.10286e-07;3.39951e-08;7.34422e-09;3.1365e-07;1.51744e-07;6.54224e-07;1.33657e-08;1.47954e-08;1.40631e-07;2.33593e-08;7.73685e-08;9.55407e-08;2.32658e-07;8.83777e-07;6.50559e-08;3.65235e-08;6.2884e-08;2.89285e-07;3.73483e-07;2.72956e-07;1.37551e-08;7.66438e-07;9.07375e-08;1.57339e-07;1.1656e-07;1.55972e-07;1.26216e-09;5.22589e-08;1.06354e-07;1.90292e-05;5.1578e-09;8.93085e-09;8.08665e-10;1.52846e-08;5.17212e-07;2.20825e-07;2.12438e-07;8.73942e-09;3.75706e-07;7.68537e-09;1.97737e-07;6.94975e-08;3.46268e-07;2.55594e-07;7.6299e-09;8.41614e-08;3.65142e-08;3.05628e-07;2.34047e-07;2.55126e-07;8.97018e-08;1.25127e-08;1.63287e-07;2.52919e-07;7.23463e-07;3.70367e-08;2.83247e-09;7.88181e-08;3.55849e-08;1.1128e-08;1.32002e-07;7.53042e-08;3.42383e-08;9.24412e-08;3.50235e-08;2.84477e-06;9.52882e-07;3.81888e-07;1.82651e-07;1.23127e-06;3.7113e-07;1.4327e-07;5.56302e-08;3.5441e-08;1.25064e-07;9.36928e-08;1.37473e-06;2.01048e-07;9.66261e-09;3.61036e-08;2.80991e-07;2.273e-07;6.32288e-08;2.04597e-08;8.84654e-07;4.37397e-07;9.85983e-07;3.6888e-07;8.8144e-09;7.77861e-09;2.12045e-07;2.89234e-07;6.76226e-08;2.1501e-08;1.97995e-08;1.86405e-07;5.00575e-07;8.2927e-07;4.46113e-07;4.37996e-08;5.22783e-08;8.82332e-08;4.98121e-07;1.56828e-07;2.74313e-08;1.46797e-07;5.17611e-08;5.25466e-07;1.80422e-07;1.11547e-07;3.29401e-08;2.43116e-08;7.14789e-08;3.77222e-08;9.05451e-08;2.18164e-07;3.16133e-08;1.14013e-08;1.36216e-07;2.38094e-07;9.9116e-09;1.25531e-07;7.33013e-09;5.87968e-08;4.81343e-08;3.35336e-08;3.84436e-08;5.60422e-08;3.91623e-08;1.68556e-07;1.09101e-07;4.04507e-07;2.91313e-07;4.60818e-08;5.42357e-08;2.34135e-08;3.40632e-07;5.9789e-07;9.09427e-06;5.18659e-08;1.78771e-08;2.26767e-10;5.10264e-08;4.50453e-08;1.48031e-07;1.33651e-07;8.50268e-08;6.60524e-08;1.31716e-08;2.64069e-07;9.8084e-07;4.05227e-06;3.62386e-07;2.4024e-08;2.94037e-08;4.8646e-08;2.41574e-07;1.65825e-07;5.72008e-07;2.64126e-07;2.91282e-07;5.37024e-08;3.08707e-08;2.01507e-07;1.2047e-07;1.00678e-06;1.36432e-09;6.27048e-10;4.33151e-10;3.46824e-08;7.8913e-08;8.58183e-08;2.35037e-08;5.79422e-08;8.49491e-09;3.71728e-07;3.0076e-06;8.89647e-05;0.000451748;0.919923;0.000345883;0.0556898;0.0225059;2.0084e-05;0.00011478;0.000126282;0.000423142;0.000165044;3.9122e-05;3.87379e-08;4.7311e-10;2.59518e-08;1.97612e-08;2.44207e-08;4.05882e-09;7.53505e-11;5.55254e-09;1.17709e-07;3.84814e-08;5.93129e-08;1.64121e-07;2.0897e-08;1.97716e-08;4.92902e-08;2.41392e-09;2.92914e-08;6.82149e-08;7.59959e-08;1.38256e-07;9.82477e-09;2.85453e-08;3.3032e-08;1.34581e-07;1.01524e-07;3.14242e-08;9.87098e-09;4.58116e-08;4.72963e-08;2.36838e-07;1.53007e-07;1.23892e-08;2.26683e-07;6.75702e-08;1.31727e-09;2.48822e-08;3.33087e-08;3.13251e-10;7.92569e-08;1.31953e-07;1.00872e-05;1.76373e-07;5.77077e-09;4.153e-08;3.21206e-08;1.1047e-07;3.37384e-08;7.52001e-08;4.11873e-08;4.59227e-08;1.29165e-07;2.14804e-09;1.38297e-08;6.6904e-08;6.15603e-06;5.24518e-07;6.30872e-09;7.30517e-10;1.24637e-08;2.50526e-07;1.11575e-07;1.12755e-07;2.94083e-09
1.23103e-08;2.19561e-08;1.95802e-08;1.04888e-08;1.5229e-09;2.43519e-09;2.60275e-08;4.66012e-07;1.84624e-06;1.50689e-06;0.895716;0.0992172;0.00429397;8.50796e-08;4.31012e-08;9.07974e-07;2.96238e-07;8.67306e-08;3.2049e-07;6.52042e-07;2.23027e-06;4.30771e-09;6.51647e-08;9.11751e-07;5.26549e-09;1.18211e-06;9.3683e-08;1.79456e-07;1.62148e-09;7.2252e-08;6.91313e-09;5.78685e-06;2.61289e-08;9.74299e-07;1.69528e-06;2.90306e-08;1.43693e-07;2.96936e-08;3.5043e-06;4.5421e-09;3.48446e-08;3.79888e-07;1.11832e-06;1.46787e-07;2.39936e-05;1.09551e-07;7.96461e-07;7.65933e-09;1.30486e-07;6.76355e-08;1.8469e-07;1.28026e-08;4.63428e-10;2.84905e-07;0.000381665;6.57325e-07;1.32718e-06;5.1598e-08;9.09904e-08;8.27664e-07;8.10989e-08;2.2156e-07;8.81262e-08;1.85233e-06;6.76019e-08;2.85285e-06;5.9464e-07;2.53713e-07;2.25441e-08;1.92469e-07;4.3485e-07;2.69984e-05;1.02277e-07;1.97468e-06;2.13355e-07;5.55265e-08;5.99667e-08;1.31256e-06;2.51719e-07;2.10377e-07;8.75307e-08;2.42556e-07;1.12677e-06;3.48677e-07;9.73478e-06;3.97901e-07;2.85327e-07;1.72173e-06;8.00519e-08;7.2006e-08;4.08348e-08;2.38935e-07;8.21708e-08;1.09254e-06;3.27797e-07;2.71336e-07;1.25486e-06;5.01874e-07;7.24509e-08;3.86679e-09;4.0446e-07;1.81232e-07;1.80552e-06;1.36395e-08;2.87574e-10;3.15743e-06;2.49971e-08;1.09252e-07;4.19107e-08;1.01557e-06;7.85222e-07;1.0634e-07;2.9532e-08;5.87047e-08;1.72054e-07;2.55227e-08;2.90133e-08;1.75655e-08;4.02475e-07;6.9804e-06;1.20448e-06;6.76223e-07;1.34441e-05;1.14993e-09;3.78405e-09;2.10399e-08;1.21695e-06;6.81056e-10;3.5881e-09;1.37954e-07;3.17569e-08;2.77095e-07;1.81013e-07;1.20302e-06;1.18407e-07;4.29114e-06;2.17905e-08;3.54413e-07;2.46863e-07;6.08069e-06;6.43754e-07;4.0548e-08;3.27592e-07;9.42253e-08;1.07293e-05;3.94708e-06;4.6716e-07;6.87544e-08;8.36457e-09;4.90935e-08;3.03494e-08;1.78604e-07;2.44144e-08;2.79539e-09;1.64751e-07;4.73204e-08;1.06219e-06;3.40672e-07;1.49888e-06;3.11683e-08;8.17969e-08;5.62997e-08;2.70728e-08;1.1506e-07;5.28181e-08;1.03471e-07;7.33984e-06;5.41107e-06;1.73296e-07;4.65652e-08;1.15359e-07;1.6525e-07;5.41137e-08;1.55799e-07;3.96885e-08;1.53357e-09;3.9146e-07;9.36921e-07;1.91555e-07;3.55565e-07;3.98881e-09;8.29509e-08;4.25529e-08;4.40429e-07;5.77569e-09;2.75297e-08;1.35148e-07;6.12503e-06;9.49511e-07;1.89242e-07;1.28527e-07;3.5435e-08;2.50143e-07;9.28056e-08;1.14163e-06;5.2281e-08;3.5872e-08;5.49159e-07;1.10583e-05;1.36217e-06;3.94254e-06;8.48483e-08;2.01745e-07;8.6168e-08;6.7035e-07;7.91136e-09;2.15755e-08;1.52339e-07;7.55053e-08;1.49515e-07;5.28996e-07;8.1922e-07;3.85637e-07;9.19144e-08;1.58496e-09;4.55128e-08;4.80009e-08;1.76654e-08;5.43682e-08;7.61621e-09;8.8736e-08;8.32693e-08;5.48203e-08;8.58631e-08;1.03953e-07;4.95196e-08;2.8436e-07;1.41992e-07;1.9104e-05;2.64141e-07;6.57176e-08;8.19919e-06;1.64599e-09;7.30366e-08;3.17752e-08;4.64431e-06;4.56895e-09;6.29246e-08;1.54083e-08;1.56329e-08;9.28959e-08;3.22784e-08;4.82729e-08;8.58254e-08;1.02705e-07;1.87343e-08;5.93517e-07;1.47581e-06;1.15726e-05;6.68721e-07;2.22281e-07;3.81031e-06;8.65666e-08;3.73943e-07;1.50252e-07;1.07036e-06;3.67235e-08;4.87874e-07;1.02554e-07;3.55189e-07;3.08386e-06;1.60369e-06;1.18638e-05;5.29774e-07;4.03298e-06;7.96094e-08;1.05982e-07;1.10664e-07;1.05175e-07;1.02625e-06;7.14751e-08;3.32188e-07;5.85078e-09;4.51749e-10;6.54929e-09;6.54017e-08;9.71968e-08;8.34195e-11;8.45068e-09;1.3704e-06;7.49836e-08;2.15484e-07;1.32492e-06;2.1356e-07;1.40031e-08;8.54471e-09;7.38369e-07;5.6488e-10;5.14845e-08;2.48306e-07;4.37813e-07;1.47336e-07;4.11651e-10;2.3154e-06;4.86697e-07;5.61694e-08;1.44562e-07;1.24791e-05;5.38753e-08;1.11683e-07;1.01568e-07;1.78381e-10;5.45475e-08;2.10346e-08;2.27269e-07;8.16162e-07;2.18871e-08;1.74601e-06;4.99933e-08;1.12517e-07;1.76693e-07;3.60605e-07;3.76587e-08;1.16457e-07;1.81838e-08;1.75256e-07;4.99923e-07;7.18125e-08;5.39282e-08;7.85493e-10;5.53161e-08;1.18749e-07;8.06487e-08;8.44401e-09;4.28702e-08;1.09657e-07;2.80589e-05;5.8863e-07;1.07724e-07;1.65053e-05;2.65255e-08;6.87102e-08;9.86729e-08;1.78538e-07;7.43998e-08;4.45492e-08;4.10561e-07;3.038e-10;3.59621e-08;1.88432e-07;4.92561e-06;1.42871e-05;1.09427e-08;9.66811e-08;1.40279e-08;4.86343e-07;1.53178e-06;2.79773e-07;4.47686e-08
1.49624e-06;4.45757e-07;6.73921e-07;8.94759e-08;9.64928e-08;1.39581e-07;6.90932e-07;4.51917e-06;4.31117e-06;5.61667e-06;0.000114407;1.59409e-07;0.000616361;5.60794e-06;1.85549e-06;0.000515379;1.08078e-05;2.70134e-06;5.00833e-05;1.58476e-06;1.47217e-05;2.49586e-06;8.53645e-07;2.47652e-05;2.87674e-07;4.29733e-06;9.90062e-05;1.99122e-07;1.08414e-06;2.52072e-08;9.30629e-08;4.77572e-05;3.55332e-08;4.13845e-07;7.6356e-07;1.57934e-05;2.48318e-06;1.38845e-06;0.000170314;2.58617e-07;4.82137e-06;4.11658e-07;4.81677e-07;4.1813e-06;1.32963e-06;2.2062e-07;4.25862e-06;8.00452e-06;1.54965e-06;2.72409e-07;0.000147938;7.14251e-08;1.68685e-06;6.6289e-07;0.001522;1.0136e-05;0.000388957;4.9016e-06;9.14385e-07;2.89173e-06;2.95431e-05;1.02828e-08;3.44504e-07;1.72127e-05;3.64126e-06;1.20964e-05;1.29992e-06;2.35705e-06;1.64699e-05;1.44415e-06;3.93143e-06;0.00222206;7.8651e-07;0.000312651;0.000134684;2.29086e-06;2.03282e-06;0.00385193;4.46362e-05;6.8672e-05;1.13174e-06;2.89111e-06;1.07096e-06;2.87877e-06;2.70756e-05;9.62615e-07;3.70563e-06;1.17052e-05;3.66253e-05;4.65169e-06;0.000179388;6.99651e-05;7.66395e-06;0.800426;0.0174112;0.13489;0.0192429;0.00431277;0.000430166;5.13795e-07;1.59689e-07;5.9794e-07;6.26219e-06;6.14549e-08;5.57352e-08;1.30613e-05;2.62213e-05;4.35091e-06;8.54507e-07;5.90644e-05;3.06047e-06;6.68959e-07;0.000153123;3.93554e-06;3.03876e-06;4.17962e-05;4.19472e-07;1.89753e-06;4.2203e-06;0.000273881;6.54499e-06;2.19184e-06;7.60329e-06;6.00678e-08;1.47626e-09;9.69985e-09;1.95009e-05;6.93095e-09;1.62251e-07;4.9644e-05;9.05042e-06;1.55242e-06;3.17795e-06;7.09006e-06;2.39536e-06;6.52604e-07;9.5551e-06;3.53035e-06;1.03108e-05;0.000381301;4.72401e-06;6.23763e-06;4.11391e-05;1.76315e-05;0.000562406;8.62689e-06;7.26552e-06;2.84467e-06;1.53936e-06;1.45824e-07;2.50703e-07;4.15575e-07;7.41209e-08;1.08113e-08;7.05836e-07;2.06563e-06;1.18911e-06;1.25059e-07;4.39122e-06;1.96059e-05;1.03584e-06;2.86635e-06;0.000164039;6.42439e-05;2.49507e-05;5.67326e-05;5.75131e-05;5.10444e-05;5.82478e-06;4.53568e-06;1.94581e-05;3.17533e-06;8.26138e-06;0.000967017;2.29372e-05;1.63923e-06;9.81866e-05;0.000300217;3.36684e-06;1.90368e-06;1.20971e-05;4.34001e-06;3.51939e-06;0.0022776;1.33346e-06;5.43046e-05;7.86208e-06;0.000323219;1.3446e-05;4.8941e-06;3.17208e-06;2.70461e-05;2.08342e-06;2.76649e-06;0.000994659;8.25678e-07;2.87818e-06;2.63756e-05;0.000280083;4.28887e-06;8.50112e-05;4.44242e-05;2.36239e-06;7.12173e-06;3.89116e-06;3.79822e-06;3.1514e-06;1.05922e-05;2.76173e-05;1.26924e-06;1.53355e-06;3.96673e-06;4.77287e-06;5.54631e-06;1.11765e-06;3.20597e-07;4.273e-06;0.000154707;9.39192e-07;1.05214e-07;6.49607e-07;2.08629e-06;2.23998e-06;1.60748e-06;1.55846e-06;2.92633e-05;4.13187e-06;9.16029e-07;6.46452e-06;1.37586e-05;2.36787e-06;0.000142718;1.46713e-06;1.56945e-07;3.39649e-06;3.20706e-05;3.2538e-07;3.23915e-07;2.917e-05;1.31061e-05;1.2929e-05;0.000130234;8.20923e-06;8.89256e-06;1.28125e-06;2.02917e-06;1.0653e-06;6.30096e-07;1.47171e-06;3.67865e-08;2.89233e-06;8.62473e-05;6.70778e-05;1.52491e-05;1.02595e-05;7.28927e-05;2.13184e-06;2.51603e-05;2.87041e-06;4.89616e-05;2.02102e-06;1.73665e-06;6.02787e-05;8.1012e-07;0.000105762;4.63866e-06;2.17978e-06;4.5715e-06;5.46008e-06;9.61341e-05;3.66454e-06;5.24508e-05;6.54906e-09;8.13867e-08;2.56955e-08;7.50445e-08;1.64949e-08;5.04895e-10;9.07304e-09;2.49527e-07;4.40977e-05;8.68854e-07;1.2128e-05;0.000681555;5.66584e-07;1.81899e-06;4.86399e-06;6.048e-08;1.41941e-08;5.42842e-08;2.20272e-06;6.16468e-09;5.09953e-08;1.58237e-06;3.69606e-05;2.56661e-06;1.77806e-06;0.000288342;3.22431e-05;0.000102264;9.72563e-07;5.0424e-08;1.07245e-08;1.4491e-09;6.83575e-07;2.72533e-08;2.471e-07;1.68908e-05;2.10242e-05;5.77514e-07;1.58276e-06;2.5694e-06;2.37091e-07;2.11151e-06;2.5542e-06;3.00501e-07;1.55536e-06;3.11239e-05;1.06241e-09;2.16571e-08;3.69876e-05;7.25117e-05;2.83292e-06;6.06782e-07;1.24608e-05;1.36055e-06;2.32001e-07;7.7234e-05;3.84899e-06;1.33856e-06;1.03107e-06;4.34376e-07;4.25757e-06;0.00144203;1.80254e-06;3.96394e-06;2.96076e-06;1.20358e-11;6.27008e-06;1.32583e-06;1.14255e-06;2.84048e-08;7.0581e-07;4.79717e-06;2.11604e-07;3.1684e-07;3.56227e-07;0.000190841;1.64473e-05
5.02172e-07;1.05132e-07;9.6138e-08;6.59548e-07;2.70672e-05;4.81845e-07;1.05353e-07;6.48752e-07;1.49781e-06;4.78776e-07;2.83924e-08;2.48516e-07;5.22026e-05;5.0442e-07;7.70654e-07;5.04139e-07;2.38939e-05;3.35137e-07;1.54101e-06;8.91523e-07;5.38719e-07;3.40973e-07;5.53621e-07;2.61476e-06;2.43305e-06;3.40374e-06;0.000138227;1.71605e-05;1.80966e-08;1.67214e-08;5.58306e-08;6.50535e-07;2.61874e-07;8.92534e-07;8.33256e-06;4.42458e-07;4.62748e-07;5.62845e-07;2.59793e-05;4.96749e-06;2.58265e-06;1.86257e-06;9.43068e-06;3.24185e-06;6.05076e-07;3.22982e-06;2.52194e-06;2.01543e-07;2.67434e-07;4.36396e-08;2.45204e-05;2.76665e-06;3.73831e-05;1.70774e-06;1.83543e-06;1.5241e-06;3.5058e-05;3.8885e-07;5.9353e-07;1.06658e-06;1.4986e-06;2.46294e-06;6.85556e-06;0.000114555;1.08336e-06;3.35345e-06;9.46586e-07;1.41495e-06;1.9661e-07;3.74314e-07;6.32321e-07;7.15151e-05;1.50602e-05;1.23247e-05;6.13943e-05;1.19889e-06;7.14139e-07;1.06197e-05;1.997e-06;5.34673e-05;5.75765e-07;1.99429e-08;5.91853e-08;1.19641e-07;1.36773e-06;6.86538e-06;3.28316e-07;8.14537e-06;7.24391e-06;2.34009e-06;5.02308e-07;1.1335e-06;1.08212e-06;1.69233e-08;1.26705e-07;1.39958e-05;3.46082e-07;7.0441e-06;2.82326e-05;1.51709e-08;2.82345e-08;2.89456e-08;5.5175e-07;7.29823e-07;2.86549e-06;6.06441e-05;3.91264e-07;1.00455e-06;1.14627e-06;5.93486e-06;2.08838e-05;1.92184e-05;0.000208208;3.5115e-06;4.05393e-05;0.0103816;0.00436361;0.00597517;0.971291;8.52814e-05;2.19252e-05;0.00321274;3.37776e-06;1.50271e-08;1.4982e-08;2.06345e-07;9.77276e-06;7.83561e-06;0.000259216;4.29306e-05;3.44489e-07;6.73789e-06;2.42741e-06;6.45932e-06;0.000205301;2.51687e-06;5.30419e-07;4.20267e-07;8.83859e-07;1.18616e-05;7.1522e-06;2.88853e-05;5.43242e-05;1.20548e-06;3.92026e-07;2.03538e-05;1.02499e-06;1.29041e-06;3.06242e-07;3.89558e-07;3.95007e-07;2.72501e-07;2.58163e-07;2.12156e-06;3.48599e-08;5.10435e-07;2.00726e-06;5.1431e-06;4.36708e-06;3.89619e-07;6.14528e-07;6.17726e-07;8.82319e-07;1.70315e-06;4.6704e-06;2.54437e-05;6.1019e-07;3.18691e-06;1.34837e-05;1.29365e-06;6.23044e-07;4.27516e-07;5.01052e-07;1.47601e-07;3.63534e-06;1.14335e-05;4.82619e-06;4.6117e-08;2.30171e-06;1.56755e-06;1.09078e-07;2.48969e-07;2.69226e-07;5.49077e-07;5.53922e-06;9.96278e-06;8.56715e-06;1.56319e-07;1.34229e-06;7.37806e-07;3.85884e-06;2.16533e-07;8.36045e-08;4.9394e-07;1.00906e-05;9.24096e-07;2.57098e-06;5.13306e-05;8.23227e-07;1.10443e-06;2.18405e-05;1.19285e-07;2.53481e-07;6.82142e-07;2.61398e-07;4.42428e-06;4.49542e-06;5.92174e-06;6.20666e-07;8.77718e-07;3.98213e-07;5.80297e-07;1.03626e-06;8.85748e-07;3.05047e-07;7.33758e-07;8.26015e-07;7.57575e-06;5.84187e-06;2.04368e-06;4.04925e-05;4.71031e-07;1.13377e-06;4.33945e-07;1.44931e-06;6.56376e-07;1.00651e-06;3.99422e-07;2.10942e-06;2.2546e-06;2.1852e-06;1.876e-05;3.38625e-08;1.21913e-07;2.06808e-07;1.31511e-08;2.03508e-06;5.99943e-08;6.24349e-05;1.35922e-06;1.21357e-06;3.98429e-06;3.72503e-06;4.96676e-06;1.17549e-06;1.56319e-07;2.35949e-07;6.56606e-07;1.61468e-07;5.39565e-07;5.38421e-05;0.00117444;4.20599e-07;7.02554e-06;9.34874e-07;6.95594e-06;1.25948e-05;8.82655e-06;7.0137e-07;1.06197e-07;1.39843e-07;1.59021e-06;1.48631e-08;6.14234e-07;3.35561e-06;1.65483e-05;2.83635e-07;9.65433e-07;1.45683e-05;5.37631e-06;1.13614e-06;4.78361e-06;1.01766e-09;4.96635e-09;1.61555e-08;1.42156e-07;1.26165e-06;2.33009e-06;2.32347e-08;4.86421e-05;4.93954e-07;5.40314e-07;1.35879e-06;9.87632e-07;2.16244e-05;3.26848e-06;4.69414e-07;1.07246e-09;2.90474e-09;6.88988e-08;2.08161e-09;1.76663e-08;4.14763e-07;1.03426e-05;3.34013e-07;4.59004e-07;4.99071e-07;3.87296e-08;3.1134e-05;3.59384e-06;5.49839e-07;2.08957e-08;3.52036e-08;3.33748e-08;2.83458e-08;1.27203e-07;8.03019e-06;1.16707e-06;1.93914e-06;4.57569e-07;6.53321e-07;0.000280986;2.81581e-05;6.94984e-07;1.00464e-07;4.91735e-07;4.60363e-07;1.87521e-07;8.5486e-07;1.70267e-06;1.39199e-06;4.84921e-06;2.38369e-05;2.06241e-07;2.20657e-07;6.92192e-07;1.8279e-09;2.37664e-07;2.49776e-06;6.90106e-05;7.78191e-08;1.47553e-07;2.76868e-06;1.20945e-06;1.79804e-06;6.58398e-05;7.0836e-06;6.07869e-08;4.53416e-07;1.33681e-06;3.94187e-08;4.83689e-07;4.07439e-06;0.000356921;2.76124e-08;3.97704e-07;1.07078e-06;4.22827e-07;1.06776e-05
0.000103;1.41256e-07;6.95235e-09;7.13471e-10;2.57533e-07;1.5028e-07;1.02754e-08;5.30984e-09;4.88649e-08;4.04948e-08;1.48496e-07;2.40309e-09;3.63467e-09;2.49459e-07;3.72847e-08;1.47225e-07;3.80451e-08;1.53549e-08;6.60624e-09;5.43529e-08;7.91567e-08;1.19721e-05;1.88873e-08;2.23754e-06;1.59402e-07;1.20945e-08;1.09492e-08;5.58518e-09;1.17103e-05;1.26315e-09;1.24021e-09;1.35326e-06;4.35195e-09;1.05972e-08;2.08883e-10;1.71887e-06;4.81424e-08;2.21595e-08;8.52832e-07;1.73608e-08;2.27983e-08;8.30248e-10;2.85142e-09;1.17638e-08;3.42233e-07;1.38709e-07;7.25197e-07;1.45369e-05;7.35221e-09;1.73982e-09;1.80683e-08;3.49707e-08;3.00132e-08;8.21338e-10;2.68784e-09;1.24543e-08;2.71837e-08;3.09663e-06;8.69648e-08;1.6634e-08;2.00811e-06;1.62063e-08;9.73853e-09;4.48064e-10;2.11094e-08;4.19513e-08;6.61528e-08;2.67472e-08;8.31648e-06;8.64498e-09;5.39898e-09;1.56247e-06;6.84091e-08;5.73487e-09;1.05471e-09;1.76695e-08;3.27893e-08;2.81405e-07;5.76347e-08;7.60097e-09;3.10994e-08;8.59314e-06;2.80335e-08;6.74547e-09;7.48582e-07;2.53794e-07;4.85501e-09;6.67401e-10;4.18251e-07;3.67901e-08;3.2043e-06;1.91618e-08;4.10592e-08;2.13965e-07;9.07365e-09;2.85967e-07;4.36699e-10;2.30794e-08;6.99526e-08;6.00796e-06;1.65792e-09;1.16079e-09;6.70648e-07;3.31202e-09;1.4227e-08;8.31143e-10;1.3294e-06;2.36883e-08;3.72997e-08;3.51876e-08;3.56732e-08;4.42073e-09;1.86747e-06;3.18707e-08;3.21213e-08;2.78701e-06;1.64864e-08;2.03965e-08;5.64486e-11;1.62692e-08;1.51167e-08;2.3714e-08;3.64454e-09;6.04671e-05;1.17108e-08;1.32877e-08;3.70937e-07;3.45346e-07;8.28828e-09;1.99748e-09;9.62388e-06;1.22817e-07;4.36865e-08;1.85814e-07;1.09074e-08;1.31273e-09;2.16318e-05;6.98286e-08;2.31152e-08;9.44696e-07;2.10998e-08;1.02146e-07;1.77978e-09;2.78738e-07;5.58763e-08;4.01597e-08;2.58299e-08;3.69353e-08;9.87062e-06;5.16346e-08;8.02862e-08;1.06072e-06;1.78387e-09;2.83554e-07;2.05432e-11;2.56109e-08;5.68536e-09;6.62179e-09;4.7175e-09;1.79804e-06;4.84001e-08;1.67878e-08;5.24087e-08;4.70662e-09;3.54222e-08;4.54037e-10;2.4294e-08;4.47718e-09;1.20386e-08;2.06129e-08;1.41796e-05;2.26849e-08;4.08872e-08;1.53262e-07;1.48003e-07;3.07218e-08;9.42834e-10;1.12439e-07;3.32756e-08;3.58081e-08;2.5693e-05;1.52604e-08;6.86127e-09;8.69398e-07;3.48297e-07;1.70345e-07;4.7783e-09;1.71327e-07;1.34344e-08;3.24932e-08;1.43362e-08;1.49682e-05;2.25571e-08;2.49017e-08;2.55617e-06;4.46431e-08;2.33354e-08;1.83544e-08;4.9874e-08;4.34495e-09;2.53364e-08;4.29351e-06;5.60025e-09;1.60491e-08;3.52245e-07;6.74884e-09;2.05953e-09;1.4786e-08;5.84841e-07;5.63522e-08;5.47756e-08;4.35966e-09;5.17431e-08;2.27222e-08;3.31087e-05;1.09393e-08;4.02789e-08;5.36944e-08;1.09557e-07;2.77481e-08;3.06197e-11;1.66811e-08;6.95865e-08;2.53059e-08;5.03223e-08;7.91732e-07;3.39921e-09;8.6552e-09;1.39746e-07;3.4267e-09;1.43194e-08;2.13657e-10;3.51587e-06;1.28498e-08;1.08869e-08;1.2667e-08;5.61841e-08;5.08344e-10;3.34525e-10;4.39765e-07;1.69686e-08;8.93903e-08;3.74901e-08;1.72802e-08;3.48308e-08;3.00025e-05;3.28658e-08;3.45895e-08;1.35767e-07;4.65094e-09;1.34512e-09;1.70711e-09;6.41463e-07;8.32585e-09;1.02365e-08;4.04684e-08;1.09463e-07;7.47542e-09;2.47283e-08;6.42482e-06;2.91476e-08;6.41454e-08;1.86445e-09;6.79022e-08;1.71842e-09;3.90209e-10;3.10487e-08;1.91563e-08;3.71203e-08;1.13649e-06;1.44885e-08;2.64428e-08;2.09878e-13;1.73892e-06;1.00986e-09;2.63327e-09;1.59799e-07;4.84191e-09;2.2458e-09;7.34687e-11;2.07446e-06;7.49407e-09;6.9736e-09;6.5268e-09;3.23249e-09;4.85994e-09;2.01591e-08;6.31818e-06;3.75568e-10;7.05624e-10;9.94814e-07;1.21623e-07;7.19315e-10;1.66623e-13;6.4951e-07;2.62177e-08;2.03827e-08;3.46893e-07;1.86886e-07;7.00033e-09;3.63196e-08;0.00133006;1.3618e-05;6.43585e-06;0.994748;0.000568476;0.0013365;8.27989e-09;4.01392e-05;2.09431e-07;0.00146069;7.50658e-06;1.85612e-07;7.61274e-08;1.71472e-05;3.1171e-08;4.46895e-08;1.53121e-06;9.744e-11;3.50875e-10;9.41461e-11;1.08173e-06;2.84262e-08;3.32191e-06;1.4929e-06;8.02514e-09;2.77176e-11;1.39581e-08;7.91007e-08;2.816e-07;2.23969e-06;1.87922e-08;2.92603e-08;4.30681e-07;3.51869e-08;1.69955e-07;3.99002e-08;7.36553e-09;1.57064e-06;3.8226e-08;1.00765e-07;1.72046e-10;4.77837e-08;7.70847e-11;1.49522e-06;1.81453e-08;8.04231e-09;4.20509e-08;2.90706e-09
1.58762e-08;2.07456e-08;2.40112e-07;4.21222e-09;2.6628e-08;4.25526e-07;6.26984e-09;6.0396e-08;3.78422e-09;6.9369e-09;6.36645e-10;2.00929e-08;1.93077e-08;6.075e-10;1.30789e-09;5.37972e-09;3.96018e-09;2.63313e-09;3.81391e-08;6.32604e-08;2.6872e-09;2.57396e-10;3.68424e-09;1.65718e-08;5.20251e-09;5.40803e-09;2.52412e-08;0.999991;1.40718e-10;1.20293e-08;1.74594e-08;1.39596e-09;1.98954e-10;5.47615e-09;2.21768e-09;1.94716e-09;3.00094e-09;6.95808e-09;1.13507e-08;1.86506e-08;2.08584e-08;3.66897e-07;1.26021e-06;1.00815e-06;1.57558e-07;7.27241e-07;9.84713e-08;2.18673e-10;2.38256e-09;3.4795e-10;3.69608e-09;4.92768e-10;2.13922e-10;8.96312e-08;3.80553e-11;2.95778e-09;1.31134e-09;5.61841e-10;4.5945e-09;4.03792e-09;1.7465e-08;3.44159e-09;2.17323e-09;1.7372e-08;2.712e-09;8.86421e-09;7.03822e-09;2.61683e-09;1.86401e-09;8.91117e-08;1.82096e-07;7.85317e-08;8.08353e-09;1.99421e-09;4.03688e-08;2.21715e-09;2.33351e-09;6.5124e-08;2.71879e-08;5.81713e-08;1.17503e-08;1.07252e-09;4.87124e-08;3.1153e-09;5.89496e-09;2.85984e-08;1.512e-08;9.9735e-08;2.66984e-09;2.78481e-09;8.09981e-10;5.36755e-09;4.69657e-09;2.19074e-09;9.82014e-10;7.9139e-10;6.31905e-09;5.27349e-09;7.43225e-10;4.63283e-10;3.31274e-07;1.57571e-08;4.10637e-08;2.20259e-08;7.79068e-08;4.22902e-08;2.04515e-09;2.62107e-09;3.06103e-09;7.43794e-08;1.27119e-08;3.94779e-09;4.29908e-09;3.38814e-09;1.71645e-08;5.58239e-08;8.23333e-09;1.25523e-07;3.48751e-07;1.77305e-08;2.84461e-09;4.69412e-09;1.18696e-09;4.58949e-11;1.47371e-09;2.46492e-09;3.67881e-10;2.89027e-10;7.12119e-10;1.67899e-09;1.83897e-10;2.23838e-09;3.35078e-09;9.86366e-11;4.13832e-10;4.74799e-11;6.21215e-10;8.90147e-09;3.78614e-09;1.96575e-09;1.31812e-09;4.21801e-10;1.54614e-10;1.1865e-09;2.52601e-09;3.77003e-09;2.54731e-09;1.77164e-09;6.23758e-10;1.82547e-08;7.09367e-09;2.41526e-09;6.92088e-10;1.93771e-09;1.9009e-08;3.98387e-09;4.50768e-10;8.72006e-10;9.95683e-10;1.68259e-09;4.19335e-09;3.31854e-09;1.36539e-08;6.58008e-09;1.9967e-09;4.8902e-09;2.44569e-09;8.70165e-10;1.77238e-09;4.51828e-09;2.7563e-09;6.73684e-09;1.09261e-08;8.10249e-10;6.59347e-08;1.70208e-09;1.32862e-07;7.13477e-10;6.74752e-09;8.37245e-10;9.17596e-10;4.70946e-09;2.8392e-08;1.24868e-08;5.70894e-09;2.33733e-09;3.21822e-08;1.6185e-09;1.44274e-09;1.29443e-09;2.55245e-09;5.77726e-10;2.4606e-08;3.64785e-08;2.82014e-09;3.15211e-09;2.76853e-09;4.7868e-08;1.88737e-09;1.28351e-09;3.76011e-09;9.2117e-10;4.829e-09;2.87385e-09;1.49849e-08;6.98873e-09;3.36548e-09;4.87888e-08;1.94564e-09;9.73155e-09;5.49682e-10;1.65708e-09;2.29667e-09;4.12057e-09;2.52183e-09;3.51584e-08;1.12416e-07;9.33893e-08;1.06918e-08;1.34181e-09;1.78335e-07;1.56667e-09;2.35432e-09;2.29362e-09;2.601e-09;3.67239e-09;2.53839e-08;7.09376e-09;1.0913e-07;8.54931e-09;4.13964e-09;1.87541e-08;3.75763e-10;5.19279e-09;7.80854e-09;5.4021e-10;9.96544e-10;1.78749e-11;7.04655e-09;2.6854e-09;1.83206e-09;2.23092e-09;1.48069e-09;6.45098e-10;2.17116e-09;6.81435e-10;4.66973e-08;9.37639e-09;2.78294e-09;3.15536e-10;7.48412e-10;1.9744e-09;6.69572e-10;3.89985e-09;8.77011e-09;5.56051e-09;8.52797e-09;2.28102e-09;1.39615e-09;2.69704e-10;4.24507e-09;1.38843e-08;7.15924e-08;1.04627e-10;6.27801e-10;2.33742e-08;1.86848e-09;2.68287e-09;3.04136e-08;1.46358e-09;5.52913e-09;1.63922e-09;2.76122e-11;3.96825e-10;4.40862e-08;5.23729e-08;7.70051e-09;1.38903e-09;3.303e-08;4.93224e-08;1.0442e-09;4.3382e-08;3.31331e-09;2.89417e-10;8.62706e-10;7.97747e-09;1.01615e-08;6.54572e-11;1.71803e-08;5.84055e-09;6.08564e-09;1.83282e-09;4.57065e-09;5.88545e-07;2.09159e-09;6.05791e-09;3.0185e-09;3.9522e-09;8.04706e-09;7.48486e-09;2.78119e-09;1.28722e-11;5.57729e-09;1.61736e-10;8.74607e-11;6.86847e-11;1.23832e-09;1.10357e-08;1.94459e-09;1.95761e-09;2.61534e-07;1.01554e-09;4.29949e-09;3.46107e-09;1.36188e-09;2.12401e-08;1.18501e-08;1.67917e-09;2.26247e-08;2.30478e-08;6.00555e-08;2.20616e-09;2.12426e-09;7.69193e-09;4.09724e-10;1.90703e-09;6.47616e-07;1.88197e-09;1.98919e-09;8.71831e-10;1.92331e-09;1.02128e-08;5.10649e-09;5.76797e-08;3.60308e-09;5.22736e-09;3.18267e-07;2.60358e-09;5.24111e-10;9.83338e-09;5.3107e-09;1.59319e-10;1.29944e-09;6.75409e-11;5.29253e-10;1.63877e-07;5.63733e-09;2.07656e-08;2.18157e-09
4.39507e-09;1.36912e-08;7.62398e-10;2.7358e-10;1.72736e-08;5.22869e-09;7.57107e-09;4.60354e-09;5.77868e-10;6.4764e-10;2.56112e-08;6.62241e-09;3.746e-09;6.66033e-10;8.04475e-10;5.67845e-09;2.24308e-07;5.26606e-10;1.20446e-09;2.25626e-09;6.13117e-07;4.67872e-10;2.40934e-10;1.06786e-08;1.96541e-09;1.241e-08;1.01223e-08;1.40774e-09;4.49968e-10;3.01393e-11;1.28549e-10;1.18795e-08;1.75958e-09;1.95586e-10;6.54453e-09;6.42084e-10;6.83951e-10;1.25209e-09;1.37616e-08;5.13952e-10;1.3801e-11;1.93239e-10;5.20609e-10;4.38579e-10;1.93351e-10;3.65411e-09;4.31799e-10;1.80449e-10;1.42836e-09;1.39922e-10;1.21466e-10;1.57161e-10;5.37421e-10;1.40006e-11;3.44748e-10;1.15348e-09;9.11758e-10;5.06801e-09;5.1866e-10;6.43986e-10;3.59935e-09;3.38809e-10;1.04004e-09;8.07868e-08;5.38276e-10;6.36415e-09;2.80722e-09;6.45533e-10;7.14191e-09;7.8099e-10;2.47572e-09;4.30412e-09;3.26421e-08;1.48621e-09;6.65694e-09;9.43509e-10;1.06159e-09;2.73105e-09;1.333e-09;2.5338e-09;3.37576e-09;3.90045e-09;3.08899e-09;1.74842e-09;7.93701e-09;1.26252e-08;1.26829e-08;4.62768e-09;1.8556e-09;1.48907e-09;1.86729e-09;1.26258e-09;9.25752e-10;3.58771e-09;7.34286e-08;1.63312e-09;5.32847e-10;2.71988e-09;6.68475e-09;8.892e-10;1.79446e-10;4.6571e-10;8.51819e-09;5.6862e-08;1.19048e-09;2.81586e-10;1.54649e-09;5.8047e-10;5.36279e-10;3.7073e-09;4.38809e-09;4.71258e-10;3.58304e-10;4.82507e-10;3.11527e-11;5.48204e-10;7.5357e-10;3.01808e-10;3.1683e-10;1.06892e-09;2.91841e-09;1.46796e-09;9.73209e-10;3.35684e-10;2.17472e-10;3.06923e-11;1.74443e-09;4.50189e-09;6.26967e-10;1.12633e-09;8.76262e-10;7.67732e-10;3.78151e-10;6.30518e-10;1.09372e-09;5.07217e-11;4.63153e-09;2.29281e-09;6.9393e-10;2.25989e-09;4.90851e-09;5.45485e-09;1.13881e-09;1.57285e-09;7.1063e-09;4.72294e-09;3.1717e-09;1.07658e-09;1.95382e-09;1.52247e-09;5.66028e-10;1.31583e-09;3.95294e-09;8.32899e-10;5.6824e-11;9.28152e-10;1.85564e-09;1.99181e-09;4.46904e-09;8.21346e-10;3.95403e-10;6.89172e-10;6.5451e-10;7.02994e-09;5.48784e-10;1.11821e-10;2.19355e-10;4.09162e-09;4.69923e-09;5.14113e-10;1.17851e-09;8.48328e-10;8.30965e-10;7.30944e-11;2.31642e-09;1.86691e-09;2.97395e-09;3.68945e-10;8.39281e-10;4.66929e-09;6.618e-10;7.04358e-11;1.17812e-09;4.41007e-09;1.40055e-09;1.56746e-09;1.20751e-09;2.72306e-09;2.32293e-09;2.83912e-09;3.90113e-09;1.50462e-09;1.26666e-09;1.10024e-09;2.70781e-09;5.82023e-10;3.05397e-10;3.16192e-09;5.28809e-10;9.63696e-10;5.52702e-10;3.09739e-09;3.59688e-10;1.39509e-09;1.48828e-07;2.46933e-08;5.18153e-09;1.84661e-09;2.97725e-09;1.35418e-09;2.77085e-09;3.04964e-09;2.8675e-09;1.87186e-09;1.46994e-09;2.89215e-09;2.20251e-09;2.06503e-07;2.12969e-09;7.18613e-10;1.04179e-10;7.23022e-10;2.0327e-09;3.67018e-10;5.89068e-10;1.97776e-09;9.78044e-10;1.1173e-09;1.72685e-08;4.58293e-09;1.46522e-09;1.30166e-09;2.17826e-10;9.01563e-11;2.00595e-10;2.457e-09;2.31582e-09;8.59955e-10;2.975e-09;3.93516e-10;4.55296e-10;1.84573e-09;1.06838e-09;3.86e-10;7.38152e-10;7.43928e-10;1.02173e-09;8.86749e-10;2.65353e-09;1.48811e-10;2.14487e-09;2.28152e-09;8.16087e-10;4.00566e-10;4.05102e-10;2.39177e-09;1.66555e-10;1.37458e-10;1.33918e-09;7.45259e-10;3.54081e-10;1.6188e-09;3.19726e-08;5.59698e-08;1.92892e-08;3.76705e-09;5.83789e-10;9.58339e-10;9.42495e-10;4.67039e-08;8.65658e-10;1.04044e-08;3.08036e-06;1.59867e-11;6.95822e-12;1.11892e-11;2.11073e-10;8.5311e-12;1.07385e-11;1.53014e-09;6.56812e-11;8.31941e-11;4.97331e-11;8.76724e-12;4.69868e-10;1.1433e-10;3.02217e-07;1.85458e-07;8.32702e-08;1.89365e-07;0.0129342;0.000671045;0.986387;1.44571e-07;1.56693e-07;1.22171e-08;5.25735e-09;3.03869e-07;9.00091e-07;2.17499e-07;1.18603e-09;1.68136e-09;1.33461e-10;3.48371e-11;2.89057e-09;5.00646e-09;1.72976e-09;6.53392e-11;1.39989e-09;6.14953e-10;8.59184e-09;1.02485e-09;1.2823e-09;7.59037e-10;4.66513e-10;1.19557e-09;7.34733e-10;3.26144e-09;4.25746e-09;4.94325e-12;3.51021e-10;3.98694e-09;2.66525e-09;4.45904e-10;4.19811e-10;3.13929e-10;5.48151e-11;2.03712e-09;6.00536e-10;3.52184e-10;9.3306e-10;1.48181e-09;2.59416e-09;7.44932e-11;6.91305e-10;7.06251e-10;6.66986e-11;1.72253e-11;9.84594e-10;6.96386e-10;2.39908e-08;2.02421e-09;7.50964e-10;7.23757e-10;1.08367e-10;2.2357e-09;3.82491e-10;2.82488e-10;1.66206e-10
2.90247e-08;4.76069e-09;2.56991e-08;4.01794e-09;5.75831e-08;4.81327e-09;1.33189e-08;4.36219e-09;1.80896e-09;1.15293e-08;1.37724e-08;1.40094e-10;4.44814e-09;3.6502e-09;9.87628e-09;3.59337e-08;5.67665e-08;5.93995e-09;1.95327e-08;7.70145e-09;2.68326e-09;7.11293e-10;5.63473e-09;1.79344e-09;4.59532e-08;1.30948e-08;2.4404e-09;1.42409e-09;4.08868e-10;1.20327e-09;6.98071e-10;4.80311e-10;1.32887e-08;3.16431e-06;7.40035e-08;1.57172e-08;4.15099e-09;1.59027e-08;5.21919e-08;7.66972e-07;1.66118e-09;2.29519e-09;2.81441e-08;2.4912e-09;1.33076e-07;6.39682e-07;3.90768e-07;9.49193e-10;8.65493e-09;3.01607e-10;2.70653e-10;5.62852e-09;3.81542e-09;1.26852e-07;5.13631e-09;1.00692e-07;1.3935e-07;4.4303e-09;9.56056e-09;3.89641e-08;3.75823e-08;1.0181e-07;4.39137e-08;1.36373e-06;6.50417e-09;1.89974e-08;1.16953e-08;8.66478e-09;1.88344e-09;2.03735e-09;2.83212e-09;2.0933e-09;6.11573e-09;1.44539e-08;2.39784e-06;4.78246e-09;6.60305e-09;7.06617e-08;1.76374e-08;4.11533e-08;6.43446e-09;5.71076e-10;6.39136e-09;1.16158e-09;9.25644e-09;8.33313e-10;2.51282e-09;2.86643e-09;8.46313e-09;9.8834e-09;2.81859e-09;2.66301e-08;5.67467e-09;4.96155e-10;1.42897e-08;4.8815e-09;4.95882e-08;2.87456e-08;2.11758e-08;4.4456e-10;3.1317e-09;7.28564e-10;1.22536e-08;1.70927e-07;1.7922e-09;1.60125e-07;3.33363e-08;1.02048e-08;3.196e-09;6.23846e-09;3.67994e-08;1.99067e-08;5.89175e-08;6.06068e-09;3.17815e-08;1.05243e-09;4.08949e-09;3.84945e-10;3.27755e-07;2.92621e-09;3.01049e-09;2.35122e-09;1.85544e-08;1.9184e-09;2.0251e-09;5.71091e-10;8.1182e-08;4.81357e-07;8.70892e-09;2.29779e-06;6.165e-09;6.32929e-08;4.21122e-09;1.44368e-07;1.70279e-07;6.14097e-10;7.21813e-09;1.73574e-08;9.38198e-09;2.86504e-09;1.48191e-08;2.53306e-08;5.05476e-08;3.06859e-08;1.77008e-07;2.39726e-08;6.48794e-08;1.81559e-08;4.52937e-09;7.22638e-09;2.85996e-09;1.26334e-07;6.38464e-08;1.32454e-08;3.09376e-07;6.81516e-09;4.06477e-07;3.94464e-08;9.73404e-09;4.57123e-09;1.15846e-08;3.75981e-09;1.03039e-09;1.17696e-07;2.13143e-08;1.3247e-07;7.4506e-10;2.3387e-08;7.90762e-09;1.36677e-08;2.67582e-08;6.81965e-09;2.06628e-08;3.93916e-08;8.39819e-08;3.94567e-07;2.77378e-06;1.37514e-08;6.95966e-08;4.83918e-08;3.98948e-09;8.44402e-09;2.29278e-09;6.74405e-07;9.26184e-07;2.25788e-07;1.29581e-07;1.05634e-08;3.47419e-08;1.28178e-08;1.49564e-08;1.09227e-08;1.46885e-08;4.55132e-09;3.28707e-07;6.10584e-08;8.65722e-08;5.42567e-07;3.27261e-08;3.90855e-09;7.68793e-09;3.82448e-09;1.5459e-08;8.13562e-09;2.08803e-08;6.69475e-07;2.48553e-07;5.70614e-07;8.06803e-09;1.79581e-08;4.34796e-09;7.81664e-09;1.75608e-08;7.27897e-09;1.86698e-09;4.07839e-09;1.90202e-08;1.72882e-08;3.87059e-08;3.81688e-09;2.03443e-09;4.0265e-09;7.41319e-09;7.69045e-09;5.89633e-09;6.79374e-09;4.76575e-09;5.4832e-09;7.17253e-10;8.04901e-09;8.05187e-09;1.5799e-08;7.29568e-10;3.78113e-09;2.21853e-09;5.1934e-08;7.68543e-09;1.53425e-08;1.0529e-07;7.94958e-09;1.51569e-08;1.38546e-10;9.13867e-09;6.62603e-10;7.10054e-09;4.30599e-10;6.30114e-10;9.30413e-10;4.71694e-09;3.34173e-10;9.08797e-10;1.79112e-08;2.41836e-09;1.21562e-08;4.62343e-09;1.69914e-08;2.06666e-09;3.76895e-09;1.10595e-08;4.21277e-09;2.89523e-09;7.54983e-09;5.93801e-09;1.85086e-09;1.17551e-10;1.14081e-08;2.53762e-09;5.59316e-09;1.10915e-08;2.0845e-09;6.37993e-09;1.36452e-08;1.52217e-11;6.37978e-10;1.62015e-09;3.9599e-10;1.32145e-06;3.01276e-07;7.31102e-09;9.67476e-07;1.21775e-08;5.5498e-08;5.0513e-09;1.19482e-08;4.53678e-09;3.07317e-09;1.38742e-08;1.67322e-10;2.76137e-09;2.06122e-10;1.04907e-09;4.88697e-09;4.37376e-09;1.51612e-08;3.41071e-08;1.28053e-08;4.07717e-09;5.23384e-08;3.69252e-07;7.2484e-08;4.73001e-09;1.57196e-07;1.71842e-06;3.09408e-07;4.69946e-05;6.37538e-05;0.000271876;0.98454;6.87394e-07;4.80635e-08;0.0148723;5.35206e-05;0.00011486;6.41176e-09;1.55045e-09;6.99294e-09;6.55529e-09;4.66731e-10;3.77446e-08;3.0312e-09;4.75879e-08;4.06529e-08;4.92556e-08;8.3423e-09;1.5459e-07;1.87974e-08;3.96604e-09;1.66608e-09;3.26961e-09;3.56026e-07;3.49162e-08;8.22577e-08;1.02243e-08;4.65562e-07;8.70254e-09;4.79543e-08;1.70666e-08;5.37738e-08;1.90847e-09;1.55494e-08;8.74144e-12;7.113e-11;5.60992e-09;6.41373e-09;2.41752e-10;1.90499e-08;2.92858e-09;4.77953e-10;3.65046e-06
1.35332e-09;1.04357e-05;1.45211e-07;1.73249e-06;4.75737e-08;3.80051e-07;2.82639e-07;3.61243e-08;2.53427e-08;1.39605e-08;6.96067e-07;2.55699e-08;5.26367e-11;1.03119e-08;5.93524e-09;3.05938e-09;8.01723e-09;5.73708e-09;4.12574e-10;6.07211e-08;6.69665e-08;3.4634e-08;8.24346e-09;2.77917e-08;1.63729e-08;1.13125e-08;2.55375e-09;2.43229e-08;6.02661e-09;1.27095e-08;4.16722e-08;2.57071e-08;5.51682e-09;5.35895e-10;6.30861e-12;8.62851e-09;7.78317e-09;1.21826e-08;4.09857e-10;2.1594e-08;3.92887e-09;1.86521e-08;1.42939e-07;1.45502e-09;2.92103e-08;2.70758e-08;4.43325e-10;3.50226e-08;1.9907e-08;7.37748e-09;3.1214e-08;1.97236e-08;1.1034e-08;1.14003e-09;4.15299e-10;2.24552e-08;7.79893e-09;1.46903e-08;4.88398e-09;3.38953e-08;2.86636e-08;5.30044e-09;4.34221e-09;1.21755e-09;4.92788e-09;1.56042e-09;6.13225e-09;5.63954e-09;1.14564e-07;6.816e-08;1.27069e-07;1.49001e-08;1.97915e-08;1.96175e-08;7.30119e-10;1.51427e-09;7.00511e-09;1.76519e-08;1.56274e-08;4.66421e-08;1.90652e-08;3.76926e-08;1.2803e-07;3.0731e-07;5.0907e-08;1.30426e-08;1.09141e-08;1.13782e-12;7.27448e-09;8.14722e-09;8.33348e-09;1.45541e-08;7.35186e-09;1.13614e-08;5.49641e-09;2.66336e-09;1.00167e-10;1.34529e-09;9.43531e-10;1.73448e-08;2.73881e-08;8.36072e-09;3.44118e-09;3.27999e-08;1.44716e-09;6.4835e-12;3.67197e-08;4.69667e-09;6.35265e-09;1.61553e-10;3.06918e-09;5.65095e-09;1.29012e-08;6.75062e-09;2.66467e-08;4.35737e-09;4.43012e-09;2.34869e-07;1.83776e-10;2.42783e-09;2.14884e-08;1.04301e-08;2.72415e-09;3.91966e-08;1.92588e-08;1.03997e-07;8.09219e-08;9.26059e-08;4.84347e-09;4.00022e-10;2.64379e-08;6.69643e-09;1.59742e-08;2.43094e-10;7.2914e-09;2.25304e-09;1.6541e-07;3.23651e-07;6.40937e-08;5.58966e-09;3.55215e-08;7.64663e-09;4.65214e-09;6.6574e-09;7.65155e-09;6.62222e-09;4.46297e-08;2.26438e-09;2.25442e-08;6.04811e-08;2.9011e-08;2.21589e-07;3.131e-08;1.28775e-08;1.90552e-11;6.01011e-09;7.17341e-10;5.15523e-09;1.86103e-09;2.01622e-08;7.15445e-09;2.81012e-09;1.81853e-08;1.1244e-07;1.5523e-08;1.1101e-11;2.28935e-09;1.65133e-08;3.49077e-08;4.36132e-09;6.37987e-08;1.75015e-08;4.89118e-08;4.02498e-08;1.70004e-08;1.28163e-08;1.65857e-09;1.18422e-08;3.34844e-08;3.85581e-09;7.72649e-08;1.43241e-07;1.68434e-08;4.46067e-07;1.81489e-08;1.31375e-09;8.14991e-10;4.41245e-09;2.21402e-08;9.75715e-09;1.84359e-09;1.49946e-08;2.20577e-07;4.62716e-08;2.20205e-09;1.11738e-08;1.01809e-09;7.01442e-10;8.18035e-11;2.92587e-09;5.99995e-10;2.83193e-08;1.04384e-08;1.65488e-08;1.55998e-07;8.90036e-09;1.85813e-09;1.87492e-10;1.07804e-08;2.91161e-08;1.44312e-08;8.3972e-09;6.64662e-09;2.33335e-09;2.30665e-08;9.13872e-08;1.03353e-08;1.07367e-09;2.57861e-10;2.90909e-10;4.76298e-11;2.621e-09;7.52095e-09;3.6701e-09;3.55662e-09;1.23075e-08;1.07938e-08;2.13635e-08;1.02919e-06;5.30678e-09;3.62545e-08;4.69184e-11;1.63677e-08;3.8313e-07;4.3149e-08;3.5207e-08;4.16061e-09;5.31102e-09;5.36628e-11;6.88518e-09;3.73024e-09;1.05986e-08;7.224e-09;1.15269e-08;4.98465e-09;2.87924e-08;1.0868e-07;2.14332e-08;1.0441e-08;1.82606e-09;1.50954e-09;3.5781e-10;8.70544e-09;5.7315e-09;6.22776e-09;4.07421e-09;3.08802e-09;5.44513e-09;8.17435e-09;3.46524e-07;1.05465e-06;4.95405e-07;8.82902e-08;1.38678e-08;1.44751e-08;1.79442e-09;1.01255e-08;7.44745e-09;2.49543e-08;3.57474e-08;3.83684e-09;1.15965e-08;1.1402e-11;2.1961e-08;4.74926e-08;1.70269e-08;1.10999e-06;7.59829e-09;5.68773e-08;6.0236e-11;3.63537e-09;2.54917e-09;6.77503e-09;1.79126e-10;1.27489e-08;2.66822e-08;3.7868e-09;2.53716e-08;7.85507e-08;9.64382e-09;6.33013e-08;2.36831e-09;2.37563e-10;1.03507e-10;1.10415e-07;2.11322e-08;7.14932e-09;8.37581e-11;1.18046e-08;1.7466e-09;5.81985e-09;2.339e-08;1.57836e-08;2.22423e-08;5.07422e-09;8.55408e-09;1.98937e-10;8.73026e-13;5.93315e-09;1.84799e-08;6.84023e-10;7.30124e-10;5.08836e-10;2.82334e-08;5.09743e-06;2.48491e-05;2.82273e-06;0.0594766;0.940385;6.21141e-05;7.92804e-06;5.20801e-06;7.0429e-07;1.11296e-09;3.97478e-07;6.85107e-09;3.34438e-09;1.22785e-08;3.62684e-09;1.73863e-10;1.47557e-07;1.13597e-07;5.36696e-09;6.18078e-09;1.17099e-08;1.22067e-08;3.23944e-06;1.93241e-09;1.73053e-08;2.895e-08;7.23882e-10;5.47675e-10;2.0561e-09;2.00842e-11;2.83737e-08;1.7008e-07;2.27457e-08;1.85117e-10;2.5182e-09
4.51688e-06;3.98809e-06;3.26157e-06;1.07821e-06;9.3274e-08;5.43591e-06;1.47273e-06;2.22768e-08;2.82133e-06;1.08952e-06;0.000281229;1.98914e-06;4.11828e-08;1.89252e-06;1.14829e-06;5.50625e-06;1.12666e-05;1.07948e-06;1.73881e-07;5.16343e-06;1.4792e-06;7.76922e-07;9.43235e-07;8.50369e-07;2.53957e-05;2.1578e-07;2.41223e-07;7.96373e-07;0.000984047;0.000647744;0.00587022;0.0138452;0.00115582;0.965886;0.00327226;7.1851e-05;2.21369e-06;3.32664e-06;0.000607233;0.000401928;0.00363984;9.24057e-08;1.1979e-07;1.40218e-07;7.80899e-06;6.14334e-05;2.82574e-06;8.77841e-06;2.1698e-06;2.48888e-07;7.52581e-06;6.36637e-07;2.10633e-06;1.55265e-07;7.13687e-09;4.97712e-07;1.48629e-07;2.15491e-06;6.37416e-07;3.7947e-07;1.89267e-07;1.34391e-06;2.09291e-06;7.74537e-08;9.42104e-07;3.77952e-07;3.35542e-07;9.20246e-07;2.57655e-06;4.12368e-07;9.51323e-07;4.56937e-07;1.10843e-06;1.43445e-07;2.27391e-08;9.72828e-07;1.97469e-06;4.39307e-07;3.85039e-07;4.88038e-07;6.62929e-06;1.43201e-05;3.07014e-05;4.59865e-05;0.000234127;0.000180304;1.3643e-06;5.65025e-09;8.82301e-06;1.44532e-06;3.47948e-06;4.98492e-06;1.49261e-06;2.98755e-05;8.31866e-07;2.10281e-06;2.05493e-08;1.78286e-06;2.04709e-06;0.000285594;3.08105e-06;2.78916e-06;1.51838e-06;0.000627162;2.81922e-06;1.18199e-07;6.51098e-05;1.20288e-06;8.63749e-07;4.9499e-07;1.28887e-06;1.97019e-05;3.17224e-05;4.04141e-07;4.19312e-06;7.63012e-06;7.10744e-07;7.21355e-06;2.42952e-08;1.22202e-05;1.02461e-06;2.46435e-07;2.91981e-07;4.60977e-06;3.24753e-06;9.74998e-06;6.06407e-07;6.7305e-05;3.46732e-07;1.70777e-07;1.71055e-06;5.29274e-07;1.63812e-06;1.1859e-07;1.57022e-06;6.37847e-08;1.01658e-05;1.42818e-06;7.46366e-06;1.65142e-06;9.84669e-06;3.94619e-07;1.94331e-07;3.7876e-06;6.46096e-08;6.14769e-07;6.99632e-07;2.09737e-06;2.039e-05;1.63709e-05;3.11657e-05;5.25914e-05;4.16343e-05;1.65012e-06;3.00159e-07;5.24049e-07;8.16653e-07;7.35955e-07;4.57641e-06;3.14591e-06;1.83408e-06;9.00938e-07;5.49325e-06;2.77282e-06;1.95975e-06;1.4161e-08;8.87071e-07;7.83468e-07;4.93181e-07;1.21919e-06;7.7061e-05;1.4347e-06;1.73753e-05;9.24269e-05;8.70833e-06;2.3965e-05;1.50397e-06;8.77604e-05;4.31414e-06;2.20697e-06;4.6109e-06;2.76935e-06;3.55048e-07;1.8573e-05;4.34027e-06;5.88769e-07;3.98684e-06;2.12801e-06;5.90827e-07;8.02078e-07;3.06543e-06;1.46784e-05;5.84092e-06;2.15558e-05;4.81653e-06;1.48431e-05;1.7142e-06;1.19295e-07;3.06703e-07;8.33332e-07;1.10152e-06;1.47216e-05;4.91469e-06;3.45058e-06;5.14292e-05;1.45473e-06;3.54228e-06;2.77366e-06;4.26267e-06;9.56818e-06;8.86646e-05;5.07776e-07;2.09845e-06;5.79881e-07;1.90879e-06;3.15542e-06;2.96087e-06;9.36635e-06;2.06842e-06;8.21648e-07;3.9987e-09;3.26598e-07;1.28211e-06;7.84927e-07;6.25968e-07;3.34782e-06;1.26347e-06;3.88065e-06;1.2012e-05;3.66929e-06;9.15328e-06;1.30301e-08;1.77317e-06;3.7971e-06;6.64514e-07;4.88168e-06;2.49985e-06;1.33034e-06;1.01348e-07;3.813e-06;1.62235e-06;3.95652e-06;7.45142e-07;6.93548e-07;3.49616e-07;1.85049e-05;3.68097e-06;1.33553e-06;4.84931e-06;5.40909e-07;1.48481e-07;2.65697e-07;3.37483e-06;4.2718e-07;1.86322e-06;4.10654e-07;1.18057e-06;5.33247e-07;1.39451e-06;7.54859e-06;2.8583e-06;1.01612e-05;3.67364e-06;2.03071e-08;1.14658e-07;1.93436e-08;5.33827e-07;7.61529e-07;3.39851e-06;4.7513e-07;4.39619e-07;3.10971e-07;1.03367e-10;1.15599e-06;1.36529e-07;5.90074e-08;1.08603e-05;1.5327e-06;1.60986e-07;4.43963e-09;1.86498e-05;4.06096e-06;2.10571e-06;2.61696e-09;3.00027e-07;4.92117e-07;3.50468e-08;1.62932e-07;1.32612e-08;1.67305e-07;4.55622e-09;4.66595e-06;3.53917e-09;3.28299e-10;1.03837e-06;5.75298e-07;1.03934e-06;1.00623e-09;1.10805e-06;3.14394e-08;7.52577e-07;1.36177e-05;1.42894e-06;1.41764e-06;8.50092e-07;1.68947e-06;6.16625e-08;8.908e-11;2.37073e-06;8.31301e-07;8.16147e-06;1.6026e-07;1.01373e-07;1.65479e-06;2.83837e-06;3.13873e-06;2.18484e-06;9.33728e-06;2.54337e-06;8.52518e-07;7.07895e-08;4.86428e-06;8.47057e-07;2.28752e-08;2.1743e-05;5.97786e-06;0.000105881;2.03805e-06;1.02231e-05;1.42504e-08;2.52393e-05;2.37918e-06;5.72762e-07;4.53763e-05;2.06249e-06;4.71173e-06;9.49126e-06;3.24627e-08;2.4305e-06;1.50993e-06;1.46818e-05;4.36377e-06;9.8197e-07;5.94091e-09;1.19722e-05;9.69705e-06;7.56892e-06;1.53395e-07;5.05447e-06
3.90585e-08;2.93326e-08;9.88316e-09;1.19199e-08;4.68788e-09;6.23259e-09;2.37535e-09;7.09524e-07;7.92074e-09;9.67244e-09;8.90285e-08;1.0718e-09;1.13735e-08;1.23822e-08;2.89467e-09;8.69342e-08;9.22209e-08;7.61954e-09;4.41807e-08;1.29604e-07;1.32494e-07;2.83952e-08;3.12637e-09;1.09463e-07;4.61004e-09;5.7898e-09;1.66182e-07;0.999975;1.71492e-08;1.66765e-08;1.61262e-07;1.11947e-06;1.91451e-10;9.76946e-10;3.095e-06;2.66939e-08;7.41e-09;1.37611e-08;4.13125e-07;2.72293e-09;2.29017e-08;2.2363e-07;4.10601e-08;7.07377e-07;2.00057e-07;2.27135e-07;3.83774e-08;7.26947e-09;7.42423e-09;9.31537e-09;2.21416e-07;2.9773e-10;5.42584e-09;1.15147e-08;3.35872e-10;2.2773e-09;2.44879e-09;2.39522e-08;1.40087e-08;7.03746e-09;2.76344e-08;7.47452e-09;1.61083e-08;5.05356e-07;5.70904e-09;1.13637e-07;2.10881e-08;7.80424e-09;3.42319e-08;3.88586e-09;6.40258e-08;5.11817e-07;2.03364e-08;3.47623e-08;1.00855e-08;8.75371e-09;7.11566e-09;6.11459e-08;1.52516e-09;1.66223e-08;2.28315e-08;4.07869e-08;8.20395e-08;6.50861e-08;4.74053e-07;2.493e-08;1.24455e-07;1.96676e-08;1.87679e-07;1.81664e-08;1.60607e-08;1.00098e-08;9.95466e-09;1.49172e-07;8.30152e-09;3.04709e-09;4.13929e-07;1.45191e-08;6.50978e-09;5.59521e-09;1.52645e-08;1.52066e-08;4.15069e-09;3.9109e-09;8.24778e-09;6.52533e-09;2.62453e-08;5.10643e-09;5.26246e-09;1.33779e-08;2.12673e-09;2.31033e-08;1.24032e-08;2.86515e-09;9.08113e-08;2.52084e-06;1.37029e-08;2.47944e-07;8.60654e-08;3.04636e-07;5.05946e-08;5.04809e-08;2.38456e-09;6.48076e-09;3.71554e-08;2.20573e-08;3.51539e-10;2.49715e-10;8.61095e-11;2.41401e-09;5.10001e-09;1.04548e-08;1.72308e-08;6.24154e-10;8.70726e-10;1.10732e-10;6.51057e-08;5.70177e-08;4.40784e-08;2.68396e-08;6.60082e-10;4.36725e-09;8.00262e-09;8.1558e-09;1.89506e-08;4.43924e-09;3.27021e-08;5.59207e-09;1.3281e-08;3.53532e-08;8.81984e-08;1.53185e-08;1.95141e-08;9.35448e-09;4.02993e-08;5.15117e-09;2.64993e-09;1.2629e-10;1.16505e-08;5.36384e-09;6.43339e-09;3.26363e-09;3.4443e-08;1.51659e-09;4.34107e-10;2.63202e-09;3.41151e-09;1.82918e-09;3.44351e-08;4.70607e-09;1.19329e-08;5.91882e-09;7.983e-09;3.72622e-08;2.19052e-10;3.53218e-08;3.24154e-08;1.49132e-08;1.58966e-09;1.94011e-08;7.7754e-08;2.42714e-08;4.46747e-08;2.71638e-07;9.83085e-10;8.90599e-08;2.15368e-08;1.3018e-07;2.66e-09;8.80114e-09;7.41554e-09;3.90728e-09;1.34912e-08;6.2398e-09;4.22779e-09;7.09295e-10;5.43227e-09;1.17321e-08;9.87181e-09;1.3772e-09;1.18453e-09;4.26792e-09;4.33373e-09;1.29232e-08;7.50077e-08;1.76288e-09;3.19157e-09;9.04175e-08;1.58108e-08;1.79663e-08;8.32626e-09;5.26494e-08;1.28082e-08;7.17124e-09;8.64129e-08;1.05194e-07;4.08145e-08;1.91191e-07;9.56996e-11;1.80772e-08;3.03859e-07;6.92948e-09;6.31964e-09;5.05812e-09;3.15065e-09;2.32289e-08;2.21415e-08;2.40161e-08;1.14697e-06;6.68622e-08;3.17884e-07;1.14417e-07;3.69523e-09;1.04357e-08;7.99798e-09;2.27104e-08;1.04822e-09;1.16514e-10;2.73826e-08;9.79615e-09;5.2347e-09;7.70469e-08;7.55382e-10;2.33515e-09;3.20874e-09;4.30849e-08;4.35724e-08;1.53878e-08;3.03495e-08;7.05327e-09;7.31432e-10;1.41555e-07;5.05921e-08;3.75047e-08;2.96347e-08;1.52399e-08;3.18923e-09;3.09736e-08;7.55058e-09;6.49725e-09;1.22791e-08;5.88252e-08;3.51214e-08;1.69072e-10;2.79804e-09;1.06921e-08;4.47986e-09;3.96833e-09;2.66657e-08;3.70272e-07;6.77624e-09;1.10269e-08;5.94987e-08;3.44624e-09;1.97964e-09;9.70261e-09;1.26102e-10;3.26714e-11;1.10754e-08;5.86561e-09;2.37352e-08;1.08815e-07;1.4821e-08;1.07925e-10;5.83397e-10;9.50993e-08;8.32083e-09;4.11928e-08;2.50115e-09;2.02622e-07;1.33142e-06;3.27615e-09;4.21185e-10;1.1799e-09;2.13764e-08;1.79037e-08;7.99083e-09;8.24623e-10;3.80642e-09;1.92905e-09;6.29624e-09;4.03468e-09;1.37472e-08;9.72917e-09;2.53229e-11;3.81168e-10;1.35284e-09;2.06167e-08;6.65366e-09;2.45749e-09;1.6252e-09;3.44607e-10;3.7646e-10;9.45236e-09;2.69678e-08;5.79469e-08;8.45999e-08;3.55207e-07;1.22473e-11;8.36128e-08;3.23149e-08;2.79222e-08;6.13355e-08;7.5116e-08;1.93357e-08;5.14697e-09;7.03847e-08;2.37178e-11;4.02948e-09;1.29438e-10;6.70809e-08;8.04028e-08;1.38168e-08;1.43295e-06;8.00999e-09;3.12622e-08;1.74037e-06;2.35858e-10;1.11242e-08;8.87195e-10;6.08412e-10;1.52393e-10;7.16837e-10;4.23738e-09;2.2558e-08;9.09955e-09;5.70066e-08;6.88829e-09;3.38866e-11
5.88032e-11;8.08144e-09;2.80775e-08;8.10589e-08;1.96937e-07;7.68519e-09;1.24145e-08;1.47012e-08;6.71574e-09;7.61814e-09;8.3822e-09;9.74402e-10;1.50783e-10;8.02936e-10;1.11751e-09;5.29464e-10;2.18163e-08;1.8707e-09;1.96948e-09;1.94896e-07;1.29125e-10;1.42098e-10;1.12427e-09;1.86807e-09;2.3181e-10;1.62062e-08;6.87822e-10;2.19668e-07;2.29111e-10;6.32012e-08;1.0023e-06;1.43418e-11;6.65435e-11;6.83228e-08;7.59417e-10;2.43303e-10;1.62473e-09;1.29585e-09;2.4355e-10;2.01393e-11;6.49173e-09;5.46549e-09;2.37356e-09;2.56601e-08;4.71473e-09;2.30474e-09;4.82841e-09;2.28201e-10;3.17425e-08;6.14976e-08;9.56268e-10;3.82779e-12;1.26628e-08;2.02592e-09;2.58827e-10;3.20328e-09;2.36339e-09;7.77317e-10;3.29533e-09;5.85628e-09;2.13161e-09;2.57772e-09;1.22415e-06;1.1201e-09;1.27281e-09;5.58774e-09;3.16695e-09;4.81643e-09;1.05778e-10;9.28402e-09;1.165e-07;9.14809e-10;5.98504e-11;1.74939e-08;1.25796e-10;6.98846e-10;3.50863e-09;2.97411e-09;8.89017e-10;1.16144e-08;2.92351e-08;1.13038e-09;2.07707e-07;2.26807e-08;1.58708e-08;3.57122e-10;1.94119e-07;3.41429e-09;7.254e-09;1.38069e-09;3.97055e-10;9.16789e-09;1.75739e-09;1.30706e-07;1.59413e-10;7.07286e-08;3.28207e-08;8.86866e-10;1.61472e-09;9.93908e-11;7.75143e-08;7.65624e-08;1.11432e-09;1.07913e-10;9.8189e-07;3.02445e-09;4.80175e-10;1.95051e-09;2.29716e-09;1.6878e-10;1.14869e-10;1.55229e-07;1.54134e-10;7.42067e-10;3.38368e-08;7.36698e-10;7.77509e-11;2.0999e-07;1.84629e-07;4.32412e-09;2.03802e-09;1.87434e-09;1.94051e-09;3.16327e-11;5.14059e-08;1.31609e-07;8.31807e-10;2.87833e-12;6.44753e-08;2.50683e-11;9.14055e-12;9.64824e-10;6.57028e-09;8.36025e-11;3.29789e-12;4.14833e-09;2.75829e-10;8.65703e-09;3.2993e-08;1.46639e-09;1.30575e-09;3.92779e-08;8.62841e-09;3.941e-10;7.94132e-10;1.81758e-09;2.29951e-09;3.71148e-09;2.30008e-10;6.77122e-08;1.53448e-08;6.38275e-10;1.06977e-10;4.48975e-08;4.81318e-09;7.12116e-10;8.67191e-10;2.79475e-10;1.28074e-08;1.43789e-09;4.32054e-09;1.6435e-09;2.47917e-07;7.17098e-10;1.2868e-06;3.67835e-07;6.56219e-08;3.81133e-09;3.96608e-08;5.47845e-10;8.04652e-10;1.00626e-08;8.35843e-09;2.97139e-10;1.23417e-11;3.95434e-07;1.13131e-09;5.97096e-09;1.48352e-09;1.94794e-08;8.67975e-10;8.08561e-08;6.24843e-08;7.60392e-08;4.13814e-10;2.30352e-07;4.12118e-09;5.5037e-09;1.0014e-09;9.39003e-10;3.70917e-09;6.15176e-10;5.05359e-08;2.6129e-07;8.48005e-09;2.85727e-10;7.30485e-07;3.81516e-09;3.44438e-08;3.82341e-09;1.31511e-08;6.58571e-10;1.1933e-08;6.45577e-09;5.13946e-08;1.36388e-10;3.05968e-06;1.02825e-07;1.07065e-09;2.44847e-08;4.46585e-09;1.24802e-08;3.8349e-09;1.33976e-09;1.42081e-10;6.72343e-08;4.67312e-08;1.18127e-09;2.35872e-11;9.88701e-08;2.17103e-08;1.20421e-09;3.97519e-10;6.06478e-10;8.74471e-10;4.24895e-10;1.82371e-08;1.35794e-08;2.84752e-07;2.23346e-08;1.19628e-06;1.71633e-08;2.0145e-10;6.48674e-08;7.17579e-08;8.60106e-09;2.94946e-10;4.24259e-07;9.03608e-10;4.5745e-10;6.62083e-10;1.39905e-08;2.39034e-10;1.29646e-08;4.79998e-10;8.59726e-11;1.73385e-08;1.90963e-07;7.31802e-09;1.12417e-12;2.59335e-07;2.34495e-09;4.24065e-10;6.83187e-09;2.6794e-09;7.85423e-10;2.35382e-09;1.34762e-09;9.16377e-10;7.73093e-11;5.63864e-08;1.18074e-07;4.68239e-09;2.63047e-13;8.15435e-09;3.90305e-09;8.39892e-10;1.50399e-09;1.66035e-08;1.27129e-09;3.88383e-10;2.05994e-09;4.55692e-06;9.58417e-08;9.74191e-06;7.65532e-05;0.00025286;5.18479e-07;0.129501;0.870027;4.35797e-08;2.00716e-05;4.54289e-07;6.72443e-09;6.55375e-08;8.77778e-05;1.77974e-09;2.62186e-10;3.66879e-09;6.77365e-07;7.74108e-12;1.76966e-12;1.28522e-10;7.87467e-10;3.45021e-10;1.23506e-09;2.04741e-09;8.61024e-12;4.0235e-11;4.00269e-09;8.68216e-10;6.19799e-10;2.25703e-08;2.2143e-07;3.88859e-11;1.04525e-11;1.37841e-07;9.72744e-09;8.66927e-11;5.28757e-09;3.28852e-12;8.10262e-12;1.0835e-08;4.06508e-09;8.16535e-11;1.13616e-08;8.12618e-09;6.8657e-12;1.30342e-10;4.20005e-08;3.51155e-11;3.38047e-10;2.11453e-09;1.43347e-13;2.93371e-10;9.78159e-10;6.15501e-07;7.24209e-12;1.21911e-07;2.5579e-11;9.24125e-10;2.05391e-08;1.43027e-09;2.30497e-09;1.99727e-09;8.38881e-09;6.5202e-09;2.10681e-12;3.07634e-10;1.01692e-09;4.85877e-08;2.17516e-11;1.53321e-08;5.33621e-12;2.11969e-10;1.52732e-07;2.14635e-08;2.40917e-11;6.51942e-12
1.63416e-09;1.48282e-08;1.17907e-07;1.55546e-08;1.15359e-08;1.14074e-09;2.17395e-08;4.6644e-07;1.63106e-08;2.75666e-08;1.13323e-06;4.05401e-08;6.49635e-10;3.15389e-08;5.98277e-09;2.94987e-08;2.67622e-09;2.51689e-08;2.20241e-07;8.46138e-08;3.79524e-10;1.5675e-08;1.74731e-08;1.23397e-07;9.08384e-08;9.15297e-05;6.94821e-09;7.27144e-09;2.2912e-08;3.07997e-08;8.52763e-08;4.03298e-09;1.19755e-08;1.4689e-07;9.27597e-09;1.19527e-08;1.44654e-08;9.90236e-09;3.53307e-08;9.06995e-10;1.40265e-09;4.17378e-08;9.46657e-09;6.33102e-08;6.85e-09;6.20625e-09;7.86401e-09;3.31254e-08;9.14489e-08;4.54442e-08;7.96441e-09;1.01114e-08;2.10075e-08;2.46559e-10;1.20445e-05;5.10521e-07;6.63992e-08;1.03153e-07;6.47882e-09;2.61425e-07;9.37415e-09;2.10477e-07;3.25652e-06;1.85918e-07;1.14292e-08;8.94965e-06;1.80252e-06;9.71818e-08;3.2111e-08;1.41921e-07;3.23543e-07;5.44006e-07;1.02289e-07;2.23797e-06;2.07317e-10;2.16784e-08;1.85233e-08;1.7629e-08;1.92809e-08;1.33323e-07;4.51414e-06;1.31981e-06;1.22275e-07;2.69783e-07;2.65412e-06;8.88448e-09;3.28832e-06;5.71075e-09;3.90209e-07;1.58617e-08;2.10023e-08;2.90723e-08;6.56125e-09;1.8098e-06;3.47735e-07;8.68117e-07;8.30128e-09;2.67476e-08;3.79534e-08;1.81607e-09;1.07832e-07;2.08984e-08;3.63985e-10;5.56559e-11;1.95227e-08;6.52147e-11;7.63612e-08;9.47962e-09;1.18511e-08;4.59418e-08;9.08127e-09;1.70725e-06;1.35798e-07;6.51701e-09;6.2533e-08;5.21055e-09;9.75991e-10;6.7279e-06;1.33256e-09;3.18294e-06;5.75928e-06;2.87989e-06;5.01314e-07;1.45784e-09;1.27637e-09;1.13379e-08;2.27212e-10;2.22916e-11;1.12715e-08;6.70412e-12;2.15211e-08;2.03321e-08;5.66609e-08;1.1282e-05;1.18585e-07;7.88751e-06;1.07063e-08;1.36839e-08;6.20059e-08;2.20162e-09;2.84458e-08;1.06478e-07;1.51256e-08;1.64714e-08;2.74841e-07;1.24775e-06;2.11857e-07;5.59647e-08;1.00968e-08;6.24074e-09;1.32637e-09;9.4505e-12;6.76827e-11;3.62946e-09;6.21998e-11;4.32665e-09;1.06207e-06;1.93733e-07;5.68078e-06;2.7515e-08;2.31937e-08;1.44912e-08;3.823e-09;5.47986e-10;8.92062e-08;1.36869e-09;1.86666e-05;1.00802e-06;9.76547e-07;3.11603e-08;6.22435e-08;4.24755e-08;7.32267e-08;5.33656e-10;4.42839e-10;7.07962e-08;1.2015e-10;4.05281e-07;7.55527e-07;4.27451e-06;3.12974e-09;2.30294e-08;2.24411e-09;7.52454e-10;1.22029e-10;6.42604e-09;3.00987e-10;1.81709e-07;4.2052e-07;4.31767e-08;7.24819e-08;1.25906e-08;3.92184e-08;1.34752e-07;1.82366e-10;6.93423e-10;1.78196e-08;1.09421e-08;1.98134e-07;6.8899e-07;2.63251e-07;8.85276e-08;4.20805e-08;2.45156e-08;1.71176e-08;1.89659e-09;8.83727e-07;2.97017e-08;9.22536e-08;3.21784e-08;1.64736e-05;2.80372e-06;8.0546e-07;3.99297e-08;2.70074e-09;1.06003e-08;4.11402e-08;2.49586e-09;1.06294e-07;7.49645e-07;2.39878e-09;1.3891e-08;1.49514e-08;6.8625e-09;9.21562e-09;5.40534e-08;3.00391e-08;2.25532e-08;4.3444e-07;1.1877e-08;7.58485e-07;5.13309e-08;1.94676e-08;1.03908e-07;1.54879e-07;7.81183e-08;2.59035e-08;1.59833e-05;6.22609e-10;4.10056e-08;1.83523e-08;1.58202e-07;6.99005e-08;3.70354e-08;1.39046e-08;1.02269e-08;9.09789e-08;8.99845e-07;2.95157e-07;8.94065e-10;1.22659e-05;9.70942e-10;3.73757e-08;6.2576e-08;2.06849e-08;1.55976e-08;1.64298e-08;2.61779e-08;1.22879e-08;3.06601e-08;6.50976e-07;1.48102e-07;6.49059e-09;4.5243e-07;1.42818e-05;9.90628e-10;1.27847e-08;1.81551e-08;9.57447e-08;1.68918e-08;2.37207e-09;1.3965e-07;2.54473e-10;1.80176e-09;6.94585e-09;9.9981e-08;1.50187e-09;1.02046e-12;1.03511e-08;3.67522e-09;6.50904e-09;1.30295e-08;6.8488e-09;2.83419e-08;4.9073e-10;6.06611e-08;1.44043e-05;3.98918e-08;6.74114e-08;8.35466e-07;4.67724e-07;3.74555e-06;1.07422e-06;7.04452e-11;3.48414e-08;4.24771e-08;1.65499e-08;3.86529e-08;1.25854e-08;1.98823e-07;1.39686e-08;3.09403e-10;1.69162e-08;1.11134e-08;9.43947e-13;2.47125e-11;3.5734e-08;4.52154e-13;4.97112e-09;9.41439e-09;4.50205e-08;9.28536e-09;1.25273e-08;2.0105e-08;1.32387e-08;7.36002e-08;2.37267e-08;5.73497e-09;5.3004e-09;4.59211e-06;1.27532e-10;1.00854e-07;2.91526e-08;2.74111e-11;1.15819e-09;1.10668e-08;2.78445e-12;1.89378e-10;9.34533e-08;3.49503e-08;7.52163e-09;1.8426e-08;1.38815e-08;3.4056e-09;9.95932e-09;8.35919e-09;1.3971e-08;0.00171916;2.92213e-05;2.07954e-06;0.973871;0.0234302;6.2892e-05;5.16191e-06;0.000265419;6.09335e-05;0.000221595;6.60176e-06;9.62318e-06
0.000146474;8.5363e-10;1.59251e-06;5.58546e-07;2.18864e-07;1.26598e-08;4.66895e-07;1.17955e-07;7.65096e-08;6.18e-08;2.01227e-09;1.16235e-10;8.43223e-06;2.89637e-08;5.27388e-08;7.96573e-06;4.72022e-08;5.87326e-08;0.000406907;9.84379e-07;7.71274e-08;8.73824e-07;3.03806e-08;1.6225e-07;2.58034e-06;3.42364e-06;1.71816e-06;7.77118e-08;1.08329e-08;2.41282e-08;4.47885e-07;4.89285e-08;2.75211e-07;2.25495e-07;5.69755e-07;4.88165e-08;6.45067e-08;1.28883e-07;6.09955e-09;1.43463e-09;7.06033e-06;1.22558e-07;5.24372e-08;2.60972e-06;1.48009e-09;1.00149e-07;7.17646e-07;3.59138e-08;4.10925e-08;4.63843e-08;1.03482e-08;1.69844e-10;5.46319e-07;1.30882e-07;1.01786e-07;4.63e-08;1.34629e-07;8.28982e-08;3.69809e-08;6.24985e-07;4.69125e-08;2.23988e-07;0.000162809;1.01432e-06;6.21883e-08;4.64049e-08;5.73474e-08;7.56683e-08;3.55183e-09;4.01953e-08;2.57704e-07;3.36216e-09;1.39063e-07;1.10834e-05;1.44974e-07;7.26628e-08;9.00854e-08;5.52918e-07;6.27604e-08;7.80802e-05;2.1961e-06;1.0706e-08;4.70012e-08;3.42723e-07;4.4377e-10;3.43591e-08;0.00129626;8.10472e-06;1.98419e-06;1.44161e-07;4.05991e-07;4.01608e-07;6.50724e-08;2.43999e-07;1.41017e-07;1.82656e-05;5.4498e-06;2.68858e-07;1.48192e-07;1.07003e-10;4.66099e-09;3.75356e-08;5.80637e-10;1.18453e-08;2.04936e-05;5.99412e-08;1.63413e-08;5.48867e-08;6.83784e-08;1.12852e-10;2.72929e-09;1.42871e-06;2.08488e-08;5.83957e-08;9.3685e-07;5.54924e-08;2.30351e-08;3.56588e-05;2.42951e-07;5.31099e-07;2.29714e-08;1.19808e-08;1.07728e-07;1.69401e-09;5.47826e-08;3.102e-07;5.27045e-10;3.18415e-09;8.93606e-05;6.52229e-07;3.83007e-09;1.60271e-08;9.16631e-08;1.20874e-08;4.25726e-08;2.65035e-05;1.0394e-07;3.52937e-07;5.99879e-07;7.97445e-08;8.12559e-06;0.000799496;8.29249e-06;4.66738e-08;3.99005e-08;8.54431e-08;2.82836e-07;4.20943e-07;6.49047e-09;4.62522e-08;2.79382e-08;1.1403e-08;8.05538e-09;2.38274e-06;4.76418e-08;1.09516e-07;2.44958e-08;2.22013e-09;1.53567e-06;1.27992e-07;3.43072e-08;1.20103e-07;2.1087e-08;2.82666e-08;0.000174641;1.54482e-05;1.89246e-07;1.19549e-07;1.88122e-07;2.88184e-07;1.08941e-08;1.50665e-07;7.86842e-07;2.82019e-10;6.38275e-08;3.52124e-06;1.13344e-08;1.65212e-08;1.80888e-08;1.76831e-07;2.59436e-08;1.26396e-07;1.75347e-07;2.86135e-08;1.1904e-07;0.000444922;3.02418e-07;5.63498e-08;2.46729e-07;1.39275e-07;1.35439e-07;1.22075e-07;3.10024e-07;1.76157e-06;1.62759e-09;6.81558e-08;3.42812e-05;1.78591e-07;1.99547e-07;6.89929e-08;3.32774e-06;4.63286e-07;1.85827e-06;8.80739e-06;2.62744e-08;4.0976e-07;0.000183194;2.00153e-06;8.28967e-08;4.81563e-08;2.64678e-08;1.05064e-07;7.79405e-08;1.66459e-07;3.35397e-09;4.29651e-08;4.71576e-07;8.1839e-10;1.21423e-07;1.44691e-05;2.84948e-07;9.13605e-08;8.00884e-08;2.52412e-08;5.19143e-08;1.35016e-07;2.6006e-07;1.22162e-07;1.55148e-09;8.52626e-07;2.1569e-05;1.34547e-06;5.43562e-08;2.02068e-08;9.83672e-08;1.88534e-09;1.1034e-09;4.89772e-06;1.44282e-06;7.43982e-08;7.16931e-08;1.54045e-07;8.57408e-07;3.7939e-06;5.28205e-08;1.08419e-08;9.07584e-08;9.03319e-08;1.60537e-10;8.37569e-10;7.18467e-06;3.03153e-08;8.29566e-08;2.31309e-07;2.67664e-07;4.51626e-08;4.37551e-07;8.14422e-06;3.50934e-08;2.49104e-08;9.83491e-08;2.39771e-07;1.20139e-08;4.19553e-08;0.000725739;5.1692e-07;7.60539e-08;1.41912e-07;4.05581e-07;3.62694e-08;1.18777e-07;2.4914e-06;1.34978e-09;1.60199e-08;5.53498e-07;9.30668e-06;3.19647e-09;7.61624e-09;5.62952e-05;1.06873e-07;2.17151e-08;1.54287e-07;1.75639e-07;1.21917e-11;1.48247e-08;0.00150103;0.000225045;7.44872e-06;3.58496e-05;8.97403e-05;0.000762147;3.0127e-05;0.95837;0.000300497;8.70048e-07;1.12212e-06;4.66849e-07;1.76991e-05;0.000199938;0.0301528;4.90043e-08;5.05472e-08;1.23778e-06;3.41718e-07;8.94127e-08;4.19873e-09;0.00130129;1.51093e-07;9.76184e-08;6.00271e-08;4.71747e-11;2.3349e-08;7.36943e-05;2.0785e-07;5.41969e-09;1.15247e-08;3.38494e-08;1.4695e-08;8.02882e-09;0.000215917;1.63529e-06;8.92613e-07;1.22613e-07;9.00859e-08;5.10917e-08;1.43381e-07;1.8246e-09;3.79512e-09;4.44259e-05;5.20915e-08;1.98731e-08;1.4793e-08;4.80445e-08;9.3771e-08;7.03424e-08;1.6342e-06;2.17923e-07;0.00155154;8.23586e-08;2.9822e-07;4.63251e-09;1.27838e-08;0.000175077;7.92814e-08;1.78297e-07;2.20497e-07;1.01994e-06;1.64731e-07;3.41003e-06
8.00829e-07;5.44644e-10;9.4159e-10;3.14171e-09;1.60206e-09;3.66833e-10;8.36085e-09;7.74181e-09;8.79537e-10;1.01601e-09;3.51783e-07;1.56295e-09;1.67409e-09;2.49446e-09;7.05186e-10;5.62821e-09;9.12471e-10;9.75896e-10;1.33246e-09;1.66959e-09;1.82782e-08;1.45815e-08;1.49418e-09;3.42084e-08;4.57095e-08;1.03279e-06;3.08255e-09;8.1376e-10;7.67519e-10;1.78229e-11;4.58243e-10;4.18162e-10;3.0095e-09;1.22438e-07;2.60928e-10;1.17187e-09;9.05875e-10;8.30198e-10;5.98544e-10;3.06582e-09;1.09501e-09;6.4079e-10;2.51128e-10;4.34889e-10;1.32479e-10;2.52397e-09;5.11995e-09;3.20209e-08;1.22697e-09;5.77347e-10;4.55649e-09;6.09611e-09;3.18739e-08;1.87566e-10;1.87299e-08;1.19391e-08;2.10118e-08;5.05444e-09;7.62884e-10;3.24435e-09;6.9265e-09;8.08352e-09;1.59932e-08;2.79303e-08;8.84043e-10;2.00012e-09;2.00852e-09;1.67887e-09;1.04439e-09;2.28625e-10;1.35645e-09;5.10222e-09;5.63094e-09;1.43603e-07;7.71728e-11;2.15712e-09;6.59879e-10;9.09505e-10;1.29805e-09;2.35557e-08;5.68247e-09;4.7848e-09;1.26867e-10;6.78493e-10;1.24945e-09;7.71166e-09;2.20686e-07;7.1808e-11;9.34173e-09;3.10326e-09;3.22034e-09;6.20187e-10;6.02731e-10;4.85547e-10;3.00459e-09;3.15503e-09;1.84967e-11;9.21287e-10;1.68575e-09;1.39548e-09;1.21554e-10;2.93086e-10;7.12573e-11;4.84626e-09;2.94301e-08;2.6075e-11;4.63834e-09;9.84467e-10;1.55649e-09;2.28228e-10;1.61268e-08;2.84949e-08;6.70053e-09;1.08344e-09;1.26564e-09;4.31106e-09;1.39848e-09;7.29275e-08;4.49143e-10;3.48643e-09;7.11013e-09;1.22806e-08;7.6049e-10;6.31549e-10;2.50066e-11;5.14878e-10;4.60565e-10;6.09684e-09;1.76642e-08;3.73076e-12;1.40633e-09;6.57662e-10;4.05326e-10;2.29101e-09;1.18905e-08;2.78369e-09;5.73814e-09;4.27359e-09;1.14302e-09;1.19937e-09;2.37502e-07;3.51918e-08;1.07522e-09;1.96877e-09;9.81279e-09;6.98884e-09;6.24357e-08;3.84895e-09;5.49869e-09;1.11857e-10;2.40436e-10;3.46488e-11;4.04419e-09;2.08432e-08;3.9504e-12;1.62352e-09;1.75715e-09;4.97746e-09;1.80341e-08;1.21142e-09;9.22686e-10;8.87391e-10;5.76417e-10;5.37567e-09;1.98625e-08;2.10348e-10;9.64695e-10;1.75486e-09;2.05722e-09;5.02827e-09;1.40907e-09;6.27879e-10;3.30183e-09;3.40735e-10;3.62206e-09;1.10709e-08;9.45703e-11;6.74866e-10;1.82793e-09;4.4362e-09;2.3169e-09;1.87181e-10;7.37905e-10;6.91137e-10;1.13121e-09;9.56791e-09;6.80756e-12;3.41339e-10;3.65113e-09;2.26518e-09;8.15407e-09;3.56204e-09;1.96779e-09;7.94599e-09;8.00076e-09;2.59906e-09;9.98307e-08;9.47208e-10;2.92735e-10;1.52181e-09;1.12924e-08;4.20632e-09;1.42172e-09;4.1696e-09;2.58583e-08;3.74364e-08;9.42282e-09;2.42428e-10;1.34783e-09;6.14838e-10;6.97793e-09;3.24116e-09;3.60118e-09;2.1393e-09;1.57836e-09;1.66465e-10;5.42296e-10;1.50193e-09;1.69946e-09;1.30067e-07;8.41116e-12;1.05972e-09;7.19778e-10;9.18199e-10;2.35611e-09;4.4967e-09;1.31154e-09;5.99609e-10;3.81407e-09;4.80584e-09;9.70202e-09;1.2246e-09;3.87362e-09;1.73201e-10;3.38922e-10;1.57855e-09;3.45199e-10;1.3302e-08;9.87502e-11;2.25211e-09;5.33516e-10;1.094e-09;2.36138e-08;5.49104e-09;1.28499e-09;1.35954e-09;5.32327e-10;5.49002e-09;2.77252e-09;6.29211e-10;3.90599e-07;7.38053e-10;2.75784e-09;1.11536e-09;1.02654e-09;7.84623e-10;9.54635e-10;3.70853e-09;1.13694e-09;1.13719e-09;1.44161e-10;4.00961e-10;1.79738e-11;1.10715e-07;2.63431e-07;5.0766e-12;1.31939e-09;1.01617e-09;1.25422e-09;4.52305e-09;9.45895e-10;2.35038e-08;2.9645e-11;8.35805e-10;7.07529e-11;4.54744e-09;1.60548e-08;2.4863e-09;5.729e-07;7.73129e-13;1.39943e-09;1.0327e-10;7.52664e-10;1.01748e-10;1.21591e-08;2.96983e-08;8.7116e-09;1.57286e-09;7.68889e-11;4.45981e-09;3.63243e-09;8.20701e-10;1.99513e-06;8.24828e-15;1.41014e-09;7.5696e-10;6.45354e-10;2.35063e-09;3.45386e-09;9.73846e-10;1.03017e-09;2.26622e-08;2.44952e-09;1.37892e-08;2.90481e-08;6.70736e-09;1.26649e-06;1.67657e-10;4.61271e-09;1.20758e-09;1.60599e-10;1.04174e-08;1.5775e-08;6.95556e-10;9.25212e-10;1.33752e-10;5.94394e-10;6.52772e-10;1.75114e-09;1.15166e-08;2.38065e-11;1.24563e-09;4.50699e-09;2.67655e-08;2.90335e-09;7.90004e-10;5.47926e-12;9.31161e-10;1.05581e-08;1.6299e-09;2.1325e-09;8.09769e-10;1.88437e-09;2.79896e-10;9.84943e-10;6.77015e-09;1.46799e-09;0.999737;1.61458e-07;6.10215e-08;2.81608e-05;0.000199924;1.01473e-05;2.82716e-06;1.02422e-06;2.10027e-07;1.86995e-07;8.69683e-07;1.0394e-05
0.00948528;2.31579e-07;9.52156e-06;6.72825e-06;7.16216e-08;1.63864e-07;5.81196e-06;4.29381e-07;4.22204e-07;8.55089e-07;1.09949e-08;3.46319e-07;1.28982e-06;7.40588e-07;4.02345e-07;6.71958e-06;2.59437e-07;2.1669e-07;7.32831e-06;2.99812e-06;1.15931e-07;4.97008e-06;3.33038e-07;4.04892e-06;3.88312e-06;4.52982e-07;6.60735e-07;1.70422e-07;4.27068e-07;9.48112e-07;7.34649e-06;4.96312e-08;4.09531e-07;1.04448e-06;6.31296e-06;8.18453e-07;5.10375e-07;5.88766e-07;7.08068e-07;1.9207e-07;4.0984e-07;1.44026e-07;1.46416e-07;1.38482e-06;1.923e-06;7.03559e-07;3.79538e-05;1.38904e-06;7.46398e-07;9.46332e-07;1.40985e-08;1.16953e-07;2.59329e-08;2.03454e-07;7.57946e-07;4.71882e-07;9.35465e-07;1.04578e-06;1.0288e-06;5.65831e-06;3.50882e-07;2.54468e-06;7.74138e-06;4.57379e-06;3.86085e-07;1.67587e-06;1.64183e-06;2.98169e-07;1.35735e-07;4.19029e-07;2.65223e-06;2.4767e-07;6.38135e-07;2.36699e-06;1.43651e-05;3.45819e-07;5.86122e-07;1.46057e-06;1.89281e-06;1.41821e-06;8.48625e-07;1.78216e-07;5.54449e-07;8.95132e-07;2.14208e-07;1.07028e-06;2.90768e-06;4.9353e-06;3.81733e-06;3.18166e-07;2.04983e-06;1.50904e-06;9.87918e-07;1.05403e-08;2.05703e-07;1.72504e-07;3.96532e-06;1.09303e-06;5.33878e-07;1.70356e-08;1.61674e-06;6.30002e-06;4.66904e-07;2.37807e-06;3.85498e-08;4.5803e-06;1.41332e-06;8.41748e-07;4.8744e-07;2.83829e-07;4.43771e-07;3.25832e-06;1.95646e-07;3.89205e-07;5.86017e-06;1.17457e-07;6.8602e-07;1.15438e-08;8.40792e-07;1.81937e-06;2.79117e-07;6.27688e-08;1.13715e-06;5.84314e-07;1.55306e-06;4.38964e-06;5.93708e-07;5.63363e-06;1.14981e-06;1.48086e-05;4.81853e-07;2.24186e-06;1.56543e-06;6.66139e-06;6.01986e-07;1.05798e-06;1.05541e-06;4.97563e-06;3.81697e-06;3.55414e-06;9.92595e-07;2.17438e-05;2.70475e-05;8.99451e-07;9.88085e-07;1.58552e-06;7.75168e-07;2.93768e-06;4.09576e-07;1.25898e-06;1.19436e-05;3.56599e-07;3.76806e-07;1.87574e-06;2.50441e-05;5.50698e-07;5.44992e-07;2.9984e-07;2.14618e-06;1.1315e-06;7.28044e-07;4.63837e-07;6.14916e-07;1.10933e-06;6.83952e-07;1.31339e-05;6.96131e-07;4.8293e-07;2.28155e-07;4.86996e-07;1.41137e-06;5.82935e-07;1.07832e-05;2.71035e-07;6.02648e-06;4.78422e-06;3.55427e-06;3.24023e-07;3.2851e-06;6.61588e-07;1.06426e-06;1.32389e-06;1.37091e-06;1.01295e-06;1.38965e-05;5.72398e-05;1.93809e-05;4.80264e-06;1.23427e-06;6.16242e-07;2.59531e-07;8.664e-07;3.61581e-06;2.57482e-06;1.16469e-07;6.75027e-07;2.91845e-06;4.04001e-06;2.15818e-06;8.08437e-07;1.15712e-06;1.0941e-06;4.75552e-06;9.46676e-06;3.2623e-07;5.35431e-07;1.26494e-06;1.15052e-05;4.21289e-07;4.16303e-07;2.76102e-07;5.70053e-07;1.01825e-06;7.33704e-07;2.68475e-07;6.75093e-07;8.26267e-07;9.4454e-09;9.28035e-07;1.23e-07;9.78668e-07;5.0804e-07;2.81149e-07;6.0797e-07;6.3507e-07;1.94086e-07;9.60116e-07;6.73438e-07;1.57791e-08;8.10727e-07;1.37873e-07;2.02881e-06;2.48965e-07;1.61088e-06;6.75105e-07;1.16419e-07;1.20064e-07;8.33233e-08;6.06519e-06;6.9095e-07;8.36498e-07;4.40346e-07;1.0069e-06;3.09055e-07;8.20874e-07;2.39218e-07;7.03016e-07;8.52341e-06;9.44813e-09;7.65842e-08;1.26463e-07;4.52113e-06;5.75268e-07;2.11658e-06;1.46942e-06;4.77015e-07;8.0327e-07;2.51047e-06;3.07307e-07;4.84207e-07;4.54313e-07;7.64489e-07;6.4884e-09;1.25708e-06;1.59355e-07;5.16372e-06;4.95984e-07;5.69298e-07;2.56059e-06;1.89423e-07;6.09236e-07;1.75291e-07;3.66724e-07;1.26897e-07;6.18492e-07;6.08096e-06;1.27791e-09;2.55331e-07;1.37063e-08;7.9832e-06;3.77711e-07;7.59298e-07;1.63412e-06;2.71271e-08;5.82818e-08;4.70068e-07;3.94784e-06;1.42238e-07;5.04935e-07;2.17187e-06;1.95958e-09;8.47083e-08;9.88471e-08;1.68105e-07;1.55864e-06;6.03895e-07;4.43304e-07;8.76925e-07;2.68023e-06;3.14659e-06;3.51407e-07;0.000301487;0.0166985;0.00781084;0.207342;0.0127251;0.703623;0.0394086;1.59174e-05;5.01306e-06;0.00100531;0.000331274;0.000424365;6.6845e-07;1.14764e-07;7.98514e-07;6.60077e-07;2.53466e-08;1.21695e-08;2.77054e-06;1.58891e-06;1.60519e-06;1.56631e-06;1.9543e-06;3.19612e-06;6.60897e-07;1.23014e-09;2.99859e-07;1.73668e-05;2.26989e-05;6.83656e-07;3.35618e-07;3.68042e-07;9.70043e-07;4.93916e-07;8.29211e-07;3.2168e-06;5.11473e-05;2.78517e-07;6.07619e-07;2.89957e-09;8.60506e-08;5.9377e-07;2.89049e-07;6.37826e-07;8.36663e-07;2.39643e-06;2.71319e-07;7.17915e-06
