1.05895e-07;5.14723e-09;1.13447e-08;1.45906e-08;5.0621e-08;1.03157e-09;1.91918e-09;9.15529e-07;1.58351e-08;1.27944e-08;4.03494e-08;2.23446e-09;1.09361e-06;3.69652e-09;4.33978e-09;1.18355e-07;2.81584e-07;6.55642e-09;1.47386e-06;3.57828e-08;1.23195e-07;2.09766e-10;6.96935e-09;2.94476e-08;6.73926e-10;3.11866e-10;1.3788e-08;3.6837e-08;9.21772e-10;8.40688e-09;2.75375e-09;1.6543e-08;2.83281e-09;2.84199e-09;9.10536e-08;7.21359e-09;6.78971e-09;2.38587e-09;6.13709e-08;5.97447e-09;1.46153e-07;9.48081e-08;5.2959e-08;7.25757e-08;3.72186e-08;1.52119e-08;5.94348e-09;3.80635e-09;5.28414e-09;5.35364e-09;8.26156e-08;6.58967e-10;3.87361e-10;1.82526e-08;3.03495e-09;2.54139e-09;5.03501e-08;2.72578e-09;3.82879e-09;4.88679e-09;3.78977e-09;1.58937e-09;1.9698e-09;7.0849e-09;2.84281e-09;4.7577e-09;2.3331e-09;5.28762e-09;1.53325e-09;1.00678e-08;1.0272e-08;8.87773e-09;1.59999e-09;7.5953e-09;3.33855e-08;3.61376e-09;7.3576e-09;1.53244e-07;2.45359e-08;4.74317e-09;3.65422e-09;2.45112e-09;2.63647e-08;4.18862e-09;5.2597e-08;1.75968e-08;7.29581e-09;9.60202e-08;1.32509e-08;4.92082e-09;4.05789e-09;2.15791e-09;3.72194e-09;1.58356e-08;9.31132e-10;1.82426e-09;2.08965e-08;1.07162e-08;2.75978e-08;1.11503e-10;3.03887e-09;3.50627e-09;9.34429e-09;4.50115e-10;1.10491e-09;9.451e-08;1.90162e-09;1.20539e-08;7.92083e-09;1.04302e-07;3.3703e-08;1.13425e-09;1.1384e-09;5.89121e-09;5.47503e-09;6.78168e-08;3.34767e-09;1.78718e-08;6.91852e-07;1.20399e-08;2.41166e-09;1.8877e-08;6.86291e-08;6.76251e-10;7.42578e-10;4.38691e-09;2.53611e-08;2.61063e-10;6.32537e-10;2.93307e-08;2.51767e-09;5.01294e-09;3.44493e-09;5.20574e-07;9.4166e-10;1.79717e-08;3.67883e-09;1.25318e-08;2.39358e-08;2.45856e-07;6.913e-09;3.19213e-09;1.08886e-08;1.90275e-09;1.69726e-07;4.38686e-08;4.16896e-09;4.33876e-09;6.8666e-10;6.98181e-09;1.50184e-09;2.72586e-08;7.0617e-10;2.77981e-09;2.91737e-07;4.14049e-09;3.02913e-09;2.12239e-08;1.25183e-08;4.27461e-09;3.69398e-09;7.24075e-09;4.01915e-09;7.59467e-09;1.27072e-08;7.87341e-08;1.47529e-08;2.08765e-08;1.91944e-08;3.87616e-09;1.66507e-09;5.89173e-09;1.14293e-08;8.35665e-09;3.11419e-08;3.99307e-09;1.6203e-07;4.29613e-09;3.92084e-09;9.16429e-09;4.94101e-09;1.03217e-08;1.48062e-08;1.6074e-08;2.89701e-08;1.09931e-08;2.30818e-08;1.66191e-07;5.51152e-09;2.85157e-09;1.35832e-08;4.10404e-09;6.9874e-09;2.61432e-08;1.92664e-07;7.48634e-09;1.22558e-08;9.08135e-08;5.16677e-08;4.19913e-09;7.24456e-08;3.95185e-09;4.36381e-09;5.94641e-09;1.36664e-08;1.3365e-09;4.85647e-09;1.92295e-08;3.69947e-09;8.42721e-09;1.5843e-09;1.15929e-09;1.69425e-09;5.39225e-09;2.01269e-09;5.66456e-09;1.18256e-08;5.3876e-09;2.24361e-09;4.40935e-09;2.14928e-08;3.71267e-09;2.89079e-09;4.13681e-09;7.19166e-09;1.38799e-08;2.45e-08;2.93586e-09;2.0938e-07;1.32935e-07;1.74732e-08;6.108e-07;3.90631e-09;6.81555e-09;6.67839e-08;3.30012e-05;7.17499e-09;3.56473e-09;9.88248e-08;8.75549e-09;4.55182e-09;5.02007e-07;2.72782e-08;6.5409e-07;4.43084e-09;6.41174e-10;5.80085e-09;1.35518e-08;3.14601e-07;5.1679e-10;7.02684e-09;1.00122e-07;5.63464e-09;6.25346e-09;2.61033e-09;1.01559e-07;3.61817e-09;3.92974e-09;4.04007e-09;1.0492e-09;7.87845e-09;4.59619e-09;3.43682e-08;3.63296e-11;6.68546e-09;6.17838e-08;5.28222e-09;5.08147e-09;2.36648e-09;8.25841e-09;4.64163e-09;2.78454e-09;2.04904e-13;8.91368e-11;7.62971e-10;2.1838e-09;2.96495e-07;3.02881e-09;1.37988e-08;5.35576e-09;5.35438e-09;7.45019e-08;2.69505e-08;2.72456e-08;3.39849e-09;9.1346e-09;1.29217e-08;1.87872e-10;1.22404e-09;3.67597e-09;2.47094e-08;8.04722e-09;7.42214e-11;1.18553e-06;1.93392e-08;4.78403e-09;6.9385e-09;2.72281e-07;6.30024e-09;4.39579e-08;3.33075e-09;4.17719e-10;5.24876e-09;8.3465e-10;6.88295e-08;1.80035e-08;5.40522e-10;4.64707e-07;7.40415e-09;4.57312e-09;1.07912e-08;6.31842e-09;1.06907e-09;5.96121e-09;2.24773e-09;1.61867e-09;1.39564e-08;1.79571e-08;1.75783e-10;2.63957e-10;6.76921e-08;1.02262e-08;6.07712e-09;0.000545528;8.01059e-07;7.98107e-08;0.996884;6.22451e-06;5.22247e-06;0.00245704;1.48054e-07;4.25067e-07;3.49268e-08;1.58589e-05;3.03996e-08;3.5819e-05;7.66917e-09;3.30164e-10;1.36135e-09;9.67485e-09;1.5834e-07;4.88182e-09;1.03991e-09;2.36173e-08;1.08101e-10;7.73592e-09;3.33418e-09;4.83154e-10;9.74253e-10
1.11228e-07;1.22264e-08;9.42387e-09;2.32214e-08;2.03607e-07;1.20202e-08;1.67681e-08;3.05413e-09;1.18872e-08;5.71043e-09;6.54995e-07;2.06664e-08;3.99333e-07;6.41203e-09;1.59398e-08;3.48863e-08;1.90716e-07;7.03398e-09;1.2517e-07;1.89164e-08;2.68687e-08;2.91709e-08;3.45103e-09;2.94584e-07;3.37805e-07;1.14255e-07;3.3628e-07;6.28468e-08;6.67112e-10;3.91967e-10;2.34646e-10;3.73838e-09;9.52495e-09;1.26854e-09;1.75611e-10;9.93273e-09;6.97763e-09;4.46107e-09;1.19451e-08;1.91061e-08;4.15768e-08;1.21776e-08;9.72321e-09;1.69969e-08;1.35973e-08;9.00566e-09;2.52663e-09;2.73495e-05;4.27793e-06;1.73025e-06;0.987546;0.00274355;0.00952651;0.000121035;2.24037e-06;4.85967e-06;8.53444e-06;8.92654e-09;5.00061e-09;3.09588e-08;3.95547e-08;2.75789e-09;2.65056e-08;1.08804e-09;8.04911e-09;4.7757e-09;3.51035e-09;1.11699e-08;1.7614e-08;1.1387e-08;3.60422e-08;2.35098e-08;2.78612e-07;2.49143e-09;1.43423e-09;8.85393e-09;6.77299e-09;3.9611e-08;2.84995e-08;5.36348e-08;7.31178e-09;1.07952e-08;7.471e-09;3.81878e-08;2.43214e-09;5.10912e-08;1.35542e-08;5.44445e-10;9.85849e-09;5.97905e-09;2.10433e-08;1.07506e-08;4.99234e-09;5.31066e-09;9.10741e-08;2.03595e-07;1.30677e-09;5.05107e-08;3.48833e-08;1.07423e-08;5.47537e-09;1.15393e-09;2.42971e-08;1.30562e-08;2.90986e-08;5.80263e-09;1.93046e-08;2.40009e-08;1.09585e-08;3.13708e-08;7.16704e-08;1.19976e-08;1.78934e-08;6.38317e-09;7.7884e-09;4.49589e-08;1.09194e-07;3.38983e-07;2.24963e-08;4.78083e-08;1.15943e-07;8.49403e-08;3.04598e-08;1.41623e-09;1.03676e-09;1.77659e-09;3.03214e-07;2.55e-08;1.57838e-07;7.57496e-10;6.93419e-09;2.32452e-09;1.3925e-08;1.89565e-08;3.63598e-09;9.60173e-08;1.35454e-08;1.82902e-08;3.90439e-08;7.04617e-07;9.90999e-08;1.09681e-08;1.23396e-08;4.74392e-09;2.52843e-08;3.47063e-08;9.35698e-09;1.781e-08;1.19054e-08;2.09297e-08;1.0788e-09;1.29301e-08;1.13708e-08;5.79311e-08;4.11543e-09;4.631e-09;1.88448e-10;1.39948e-08;8.31431e-08;3.32024e-08;2.85541e-09;1.35483e-08;1.38051e-07;1.4955e-08;1.73225e-07;7.26159e-09;7.17954e-09;3.13478e-08;1.3251e-07;4.22722e-09;1.85029e-09;5.38428e-09;1.2347e-08;2.07852e-09;1.84444e-08;2.4867e-09;1.86191e-10;4.52784e-09;2.61698e-09;8.44265e-09;1.58287e-08;2.34311e-08;8.76023e-09;2.30963e-07;3.54726e-07;5.40331e-08;2.01404e-08;6.83685e-08;4.84704e-08;2.76733e-08;2.65554e-08;3.87503e-08;2.72303e-08;7.78026e-08;6.06888e-08;2.45094e-08;2.11712e-08;2.8778e-09;4.15814e-09;6.89235e-09;4.64476e-08;5.18215e-08;6.22795e-09;1.77038e-08;1.52383e-07;6.79437e-08;1.65412e-07;5.48194e-09;8.75206e-09;2.72945e-09;5.14421e-09;7.68924e-09;1.1526e-08;7.85979e-09;2.61351e-09;2.71338e-08;3.49274e-08;1.77125e-07;5.86469e-08;2.82501e-09;1.31038e-09;9.96574e-09;9.12068e-09;1.14728e-08;6.87288e-09;2.1252e-08;2.18613e-08;8.42337e-09;3.21838e-07;4.73161e-07;2.46817e-07;1.44536e-08;2.17616e-09;9.91004e-09;1.37398e-08;5.9264e-09;6.96164e-09;3.41171e-08;2.0515e-10;7.63097e-09;9.13574e-09;4.0574e-07;1.66923e-08;3.58719e-07;7.20194e-09;6.8775e-09;3.44868e-08;1.23182e-08;2.3897e-08;3.4304e-08;1.32686e-07;1.48374e-08;5.01087e-09;9.24016e-09;6.95773e-09;2.7708e-08;1.13649e-08;2.20016e-09;9.89339e-09;3.65895e-08;3.37657e-08;4.51489e-08;1.52016e-08;5.00898e-07;3.72025e-07;1.67524e-08;9.08716e-09;1.13361e-08;6.23657e-09;5.74171e-07;7.05611e-09;4.73855e-07;2.83183e-12;8.84308e-11;1.68347e-10;6.39855e-10;1.51212e-08;1.13934e-09;2.56925e-07;4.60358e-10;3.25735e-09;6.66041e-09;5.19388e-09;1.93084e-11;4.71456e-09;1.62672e-09;1.52366e-08;6.09954e-09;1.54924e-09;3.11319e-09;1.57882e-08;1.4679e-07;2.31941e-09;7.71827e-11;3.13035e-08;7.33173e-09;8.32513e-09;9.52517e-11;9.6934e-09;3.59794e-08;4.85395e-09;5.45669e-09;3.73609e-10;3.04992e-10;6.01739e-08;6.41895e-08;1.89619e-09;7.80178e-12;3.41666e-09;1.06414e-08;1.63848e-11;6.74217e-09;8.3934e-11;8.16807e-09;2.9789e-08;1.02232e-08;1.47573e-08;1.59259e-07;6.7536e-08;1.31911e-08;3.75883e-08;1.12566e-07;8.19115e-08;2.13442e-11;5.1929e-09;5.23734e-09;3.74299e-10;3.96143e-08;1.89138e-09;2.40342e-09;6.5253e-09;2.66387e-09;9.70365e-09;6.07092e-09;7.07782e-09;3.67099e-08;2.94892e-08;1.00713e-11;2.25824e-08;4.64109e-08;5.52462e-07;2.95593e-08;4.24997e-08;3.81047e-09;4.2417e-09;2.67195e-08;5.04699e-09;3.05359e-09;1.17591e-08
3.18217e-05;3.19023e-06;4.39238e-05;4.61318e-06;7.42797e-07;4.42354e-05;2.29949e-06;1.96399e-06;9.13389e-06;5.91373e-06;2.80667e-07;2.82418e-06;5.55295e-05;2.38868e-06;2.37058e-06;5.22059e-05;3.14566e-05;5.82238e-07;4.03749e-05;3.96393e-06;1.51791e-06;1.6961e-06;1.89526e-06;4.36738e-07;0.000265123;2.86896e-06;2.02362e-05;5.62602e-08;2.28553e-07;2.35887e-06;1.72402e-06;6.15643e-08;2.13916e-06;7.66508e-09;2.00251e-06;2.28847e-06;2.28729e-06;1.52298e-06;9.23011e-07;7.88763e-06;7.93651e-08;1.0018e-05;5.12956e-06;3.51642e-06;4.33756e-06;2.35193e-07;7.32613e-07;9.64413e-07;6.91619e-06;2.3649e-06;2.79832e-07;6.73919e-06;3.6525e-07;1.24952e-05;2.62313e-07;6.21305e-06;5.02667e-06;9.34704e-07;1.33251e-06;2.00346e-05;8.48125e-06;4.91892e-05;8.41077e-07;1.8557e-05;2.02387e-06;7.0644e-06;4.82461e-06;2.78702e-06;1.47782e-06;1.24407e-05;1.0824e-05;1.83587e-06;0.000201353;2.27105e-07;9.99261e-06;2.15268e-06;2.43408e-06;9.8747e-06;0.000329212;3.42203e-05;1.0235e-05;6.21257e-07;1.8854e-06;1.8003e-05;3.49496e-08;3.93979e-05;1.6871e-06;5.38639e-06;3.31725e-06;2.75057e-06;1.1767e-05;1.00047e-05;2.86895e-06;3.35307e-06;1.44731e-05;2.62647e-05;5.32997e-05;5.2386e-06;6.31447e-06;1.56147e-07;2.16664e-06;1.02112e-06;6.40622e-07;1.13712e-05;1.59609e-07;1.873e-06;2.48356e-06;4.23888e-06;2.9411e-06;4.95444e-06;0.000117692;6.19701e-07;2.48739e-05;3.67145e-06;6.5717e-06;2.59163e-06;0.000128908;5.55246e-07;2.33492e-06;2.90472e-06;1.76025e-06;1.24028e-07;3.48861e-06;1.94549e-07;9.75653e-06;1.14446e-06;2.91314e-05;1.17424e-05;7.45042e-06;1.335e-06;4.95783e-06;3.59017e-05;6.1184e-05;8.44971e-07;5.78029e-05;1.46522e-06;8.62924e-07;3.42155e-06;1.3344e-05;6.60222e-05;2.16196e-05;4.41343e-07;1.06782e-05;4.68297e-06;3.01793e-06;3.94739e-05;1.36006e-05;6.89225e-06;7.57071e-07;1.59283e-06;1.66786e-06;2.30332e-07;0.000119277;3.25039e-08;1.56233e-05;1.5749e-06;1.37783e-07;1.25659e-05;3.15453e-06;3.26534e-06;1.83619e-06;3.78083e-06;1.91406e-05;3.29302e-05;2.22563e-06;1.26088e-06;6.60212e-07;3.47585e-06;1.48263e-06;6.40402e-06;9.21737e-06;4.74802e-06;1.92784e-05;5.35616e-06;0.000238673;1.02252e-07;4.18456e-06;1.12861e-06;8.30746e-06;4.45679e-07;1.63476e-06;1.23611e-05;1.93274e-05;7.75247e-06;7.28511e-05;8.35711e-06;2.94214e-05;1.4119e-06;2.49377e-05;4.70361e-06;3.60326e-06;1.24741e-05;1.06412e-05;2.08567e-05;1.65172e-05;0.000138849;4.38854e-05;1.28769e-05;9.54634e-06;6.75345e-05;1.39141e-05;4.54163e-06;7.44134e-06;8.30428e-06;4.43312e-06;0.000306139;2.03176e-05;1.89485e-05;5.55428e-06;2.72519e-06;1.93356e-06;1.86478e-06;5.68367e-06;3.19925e-06;1.33024e-07;2.49781e-06;6.38574e-06;6.5005e-07;2.70325e-06;6.602e-08;4.88627e-08;4.48735e-06;1.06766e-06;1.59304e-06;2.46393e-06;5.47276e-06;1.1898e-05;1.01297e-05;3.15343e-07;9.21976e-05;2.8774e-06;3.97861e-06;5.88473e-07;2.47203e-06;2.11237e-06;7.95859e-07;1.2715e-05;5.27714e-08;4.49736e-06;5.09259e-06;2.02456e-05;1.29794e-05;9.34949e-05;4.26795e-06;2.22329e-06;1.74332e-07;1.26694e-05;2.80571e-06;3.44694e-07;9.81671e-05;4.08098e-07;1.01911e-06;1.63636e-06;1.4054e-05;1.82079e-05;4.52888e-06;6.08623e-06;9.90141e-07;2.55601e-06;0.000405171;0.00117636;0.000434188;0.117728;0.855181;0.00803024;0.00325496;3.00656e-06;4.44784e-06;0.000720445;0.00427056;9.16272e-06;0.00274129;1.79663e-09;2.35344e-08;1.3689e-05;1.32074e-06;1.33598e-07;5.51853e-06;1.78912e-08;3.68378e-08;1.33903e-05;5.28444e-05;1.00233e-05;4.29095e-07;2.2256e-05;1.00684e-06;2.59088e-06;1.03916e-08;1.61225e-06;1.06078e-07;1.96084e-07;6.2385e-07;6.75648e-08;6.78083e-06;1.60926e-06;3.84736e-06;1.958e-06;9.64657e-07;0.000429229;2.20606e-05;1.07758e-06;1.26986e-08;1.66547e-06;3.09333e-08;2.37049e-07;5.64901e-06;3.93535e-06;4.67506e-07;3.34576e-06;2.82976e-06;3.01278e-06;1.06694e-05;4.81239e-07;3.1785e-06;6.7943e-07;5.05281e-05;5.7314e-06;1.28467e-06;8.87515e-06;7.74576e-06;0.000267507;3.94586e-06;6.06859e-06;5.76414e-08;5.92927e-07;5.78441e-06;1.12224e-08;5.6173e-05;1.09329e-07;3.15437e-07;2.62167e-07;7.69436e-07;2.84528e-06;4.46708e-06;9.84993e-07;2.93702e-06;7.06146e-06;1.60316e-08;2.94454e-06;4.53932e-05;1.62445e-07;3.31957e-06;8.37648e-07;6.15516e-08;5.79484e-07;1.98737e-05;6.58898e-06;8.9622e-06;0.000558151
1.22422e-06;1.28841e-08;2.79146e-08;3.40039e-09;4.71972e-07;7.65366e-08;1.19307e-08;6.07761e-06;3.56425e-07;1.47766e-07;6.37671e-07;7.65354e-08;3.15926e-06;1.66972e-07;8.36202e-08;4.08103e-07;5.19346e-05;7.39005e-08;2.79732e-07;5.65879e-08;4.49684e-06;1.72601e-08;8.85673e-08;7.51236e-08;1.56405e-07;1.09325e-07;8.02705e-07;3.04752e-08;1.1791e-08;2.13622e-08;7.84665e-09;5.25809e-09;1.5772e-08;1.09394e-09;7.51368e-07;2.32812e-07;9.64736e-08;8.65936e-08;1.59172e-06;3.58127e-06;2.88308e-07;1.9703e-07;4.21076e-07;9.7763e-09;1.31121e-07;4.61635e-07;5.13461e-09;2.60576e-08;2.11584e-08;1.46272e-09;3.57978e-09;3.61816e-06;7.16687e-06;3.63413e-07;3.15905e-09;7.14881e-08;5.34059e-07;3.80898e-08;2.60734e-07;7.13457e-08;1.14775e-07;6.8985e-08;6.35609e-08;4.96979e-07;6.77018e-08;1.8998e-07;1.21072e-07;1.43914e-07;4.2248e-08;1.8552e-07;1.00593e-07;9.83642e-07;1.2331e-05;2.17951e-06;2.48877e-06;1.31609e-07;8.80754e-08;5.73729e-07;2.18634e-07;8.27988e-07;7.08122e-08;2.06364e-08;4.23269e-08;2.36957e-08;2.69055e-08;1.32828e-06;2.43676e-07;1.00937e-06;2.84045e-07;1.73292e-07;7.90004e-08;1.11552e-07;1.07779e-07;7.4689e-09;5.54207e-07;5.17148e-07;5.81044e-08;5.81949e-07;2.06787e-06;6.3705e-08;2.08549e-08;9.49152e-09;2.71926e-08;1.12642e-07;1.79603e-07;1.37925e-06;4.4474e-08;1.2002e-07;1.36242e-07;4.4002e-06;3.8572e-05;1.92518e-06;1.52381e-07;1.2113e-07;2.58554e-07;1.50685e-07;9.23301e-08;1.4277e-06;1.00803e-06;3.65834e-06;2.71827e-07;1.93507e-05;7.96343e-08;4.92521e-09;3.60925e-08;4.0977e-09;3.14596e-09;3.0808e-08;2.84016e-08;3.99335e-08;1.15266e-07;4.46994e-07;2.01965e-07;2.88425e-08;3.25515e-07;1.22212e-07;2.28376e-07;1.07007e-07;2.39956e-07;7.91568e-06;6.30198e-06;5.76017e-07;1.08734e-06;2.89203e-07;2.09129e-07;2.85239e-06;1.28506e-06;2.21966e-07;5.28656e-08;4.66843e-08;5.26815e-08;1.80031e-06;1.85512e-06;5.47898e-06;1.26856e-08;8.13106e-08;2.23997e-07;2.23985e-06;7.18454e-07;6.88235e-08;1.06018e-07;3.60044e-08;2.83687e-08;4.32279e-08;5.13102e-08;1.38287e-08;5.41828e-09;1.46697e-07;3.3945e-07;7.73285e-08;1.54754e-07;3.14595e-08;1.08706e-07;2.19291e-08;2.08065e-07;7.74245e-07;5.03056e-08;9.84844e-09;7.59234e-07;2.00901e-07;2.20034e-07;4.36293e-07;6.35396e-08;2.30297e-07;7.92335e-07;1.2577e-06;3.65121e-07;9.8846e-08;1.17367e-07;1.18548e-07;5.25638e-07;5.00348e-08;1.09471e-07;3.08422e-08;4.82743e-06;8.26347e-07;1.25877e-06;3.96228e-06;4.0135e-07;2.87031e-07;2.08028e-06;2.12446e-08;1.24011e-07;6.10674e-08;1.83892e-07;2.36315e-07;8.91516e-08;6.43161e-07;1.28178e-07;1.2093e-07;4.94077e-08;6.48376e-08;3.61367e-07;9.51347e-08;1.50592e-07;1.80178e-07;4.81996e-08;9.34703e-08;3.00899e-07;1.08599e-06;2.74276e-08;4.6975e-08;8.95374e-08;6.20967e-08;1.61377e-07;6.11355e-07;2.16551e-07;4.99635e-08;1.76527e-06;7.94802e-07;1.33436e-06;1.55358e-06;1.10015e-07;1.61237e-07;5.97439e-08;1.71403e-08;7.42006e-07;3.39033e-09;1.41019e-07;3.77494e-07;1.82795e-07;4.91589e-06;1.71989e-06;4.50866e-06;1.68761e-07;1.1574e-08;8.72993e-08;2.7773e-08;1.55904e-08;8.19955e-08;1.0291e-06;7.78304e-07;2.05085e-07;2.61052e-07;1.07174e-07;5.73182e-06;1.06059e-06;1.31433e-07;1.28055e-07;3.20999e-08;5.20931e-08;5.98431e-08;6.51837e-10;1.47239e-07;6.42812e-08;2.25282e-07;9.03299e-08;5.099e-08;1.08011e-07;1.11023e-05;1.14306e-07;8.51985e-07;2.56304e-10;4.39966e-09;2.57738e-08;2.68154e-09;4.95107e-09;4.0498e-06;1.98503e-08;7.33039e-10;4.20543e-06;4.51845e-06;3.39676e-06;2.55511e-07;0.000165919;3.13278e-05;9.64408e-08;4.98574e-09;7.2962e-09;4.6536e-09;9.00252e-09;1.57366e-09;3.05919e-06;5.52404e-08;5.10867e-08;7.27515e-08;1.33694e-07;7.2947e-08;2.99389e-06;1.65653e-07;5.57841e-08;7.23902e-09;4.15603e-08;6.92227e-09;1.25919e-09;1.86208e-07;9.22563e-09;2.41361e-06;1.77581e-07;7.99468e-08;1.78565e-07;1.11366e-06;1.20038e-07;1.52636e-07;1.09247e-07;2.43804e-07;1.23486e-07;2.0374e-07;3.53281e-08;1.67306e-09;1.11241e-08;1.05252e-07;1.43818e-06;0.938047;2.69009e-05;8.36745e-07;0.00576021;0.0011183;0.00065963;0.0487214;4.12133e-06;1.7095e-05;1.75503e-06;0.000112112;7.20459e-07;0.00500364;2.16521e-06;1.27532e-08;2.39445e-08;1.64741e-07;1.88196e-10;1.93218e-09;7.71663e-08;1.75177e-07;3.17165e-09;1.82679e-08;2.19046e-08;9.15929e-08;9.69815e-08
4.074e-06;4.53463e-07;3.431e-07;7.01455e-09;6.78604e-07;4.48698e-06;2.5409e-07;6.87293e-08;1.12245e-07;1.43902e-07;4.47522e-08;5.11179e-06;1.09771e-09;4.24823e-07;4.12656e-07;6.87242e-07;9.26907e-07;6.51783e-08;4.18546e-08;2.99941e-07;6.75797e-07;6.57237e-07;1.51059e-07;1.17915e-06;5.33827e-06;1.79212e-08;8.17209e-08;2.66342e-08;4.36322e-07;9.52544e-08;2.16762e-08;7.74907e-07;4.54997e-07;1.29139e-07;3.22158e-09;8.14941e-07;1.07579e-07;1.48184e-07;2.95778e-07;6.13942e-07;1.28018e-08;2.17858e-08;1.19988e-07;3.79952e-08;4.72615e-06;1.30712e-05;1.65879e-07;2.33735e-06;1.86431e-07;9.54646e-09;4.18964e-08;1.30371e-05;5.48461e-07;2.89017e-08;5.5723e-09;1.6132e-07;5.85266e-08;1.15035e-06;5.00109e-07;2.19867e-07;2.01267e-06;3.30863e-06;3.96675e-07;6.20046e-09;8.8526e-08;1.94251e-07;3.46996e-07;1.6382e-07;4.17439e-06;3.01855e-07;1.7398e-07;1.98923e-06;2.66397e-06;3.13359e-08;7.13404e-08;1.01267e-07;2.13337e-07;9.12596e-07;7.4172e-07;1.69116e-07;1.5191e-07;9.19679e-07;3.39149e-07;2.42871e-07;4.47114e-07;1.18522e-06;5.13054e-08;1.04284e-09;1.34277e-07;9.82917e-08;6.01111e-07;2.31092e-07;1.45794e-07;5.64869e-07;4.32251e-07;6.71539e-08;5.43506e-10;1.64329e-07;1.23656e-07;1.47378e-06;4.31662e-08;1.33308e-08;5.46896e-07;6.5849e-06;2.35236e-08;5.17161e-09;6.94723e-07;1.20647e-07;1.43816e-07;3.64829e-07;7.05905e-07;3.47905e-07;7.55659e-07;1.83063e-07;4.47832e-07;2.30357e-07;1.06617e-06;1.43128e-08;2.65749e-10;5.05988e-08;9.94274e-08;1.82429e-08;1.00702e-07;7.15048e-07;6.82143e-08;1.48046e-08;6.51654e-07;3.08445e-05;4.8424e-08;1.91522e-09;2.62188e-06;3.38249e-07;1.54081e-07;1.61076e-07;3.72604e-07;4.1442e-09;4.05573e-06;1.11001e-06;3.55463e-07;1.74567e-06;1.36567e-06;4.4243e-07;5.47645e-08;7.06606e-07;1.56152e-07;2.4266e-07;2.54559e-07;3.15283e-07;7.82979e-06;3.15122e-06;8.5454e-07;4.81251e-06;6.38088e-06;1.6863e-07;7.77321e-09;1.36701e-07;1.4477e-07;2.31072e-07;1.23027e-07;6.04035e-07;2.70867e-07;7.50715e-08;8.08818e-07;2.9796e-07;1.03038e-06;1.51144e-09;9.36786e-08;6.71131e-08;2.21828e-07;1.69768e-07;6.26231e-06;4.32542e-07;4.87271e-07;1.31811e-06;3.71391e-06;6.22906e-07;2.14329e-08;1.68117e-06;1.21483e-06;5.34039e-07;5.22281e-06;4.45917e-07;1.38064e-07;9.88653e-06;1.78379e-05;1.52596e-06;5.47338e-07;6.45864e-07;5.60635e-07;4.30518e-07;1.97629e-07;7.63882e-06;1.35807e-06;4.88325e-07;5.72234e-06;5.56443e-06;1.79907e-07;1.32031e-07;1.42911e-07;8.03491e-08;3.15197e-07;1.39939e-06;1.64332e-07;9.02016e-08;1.31788e-05;8.84729e-07;2.48883e-07;2.01268e-07;8.35723e-07;5.53988e-07;1.20252e-06;6.8374e-08;1.20849e-06;1.35147e-07;2.57559e-06;1.11263e-07;2.57687e-07;5.19694e-07;6.14488e-06;1.45902e-07;4.32002e-10;6.03776e-08;5.59439e-07;9.04863e-08;2.76792e-07;7.15415e-07;2.83046e-08;1.29064e-07;6.37882e-07;3.06331e-08;3.52628e-07;4.0206e-10;1.04221e-06;7.55193e-07;5.77198e-08;3.64207e-08;2.80431e-06;6.62814e-08;1.10551e-09;5.1016e-07;1.32809e-07;1.84987e-06;3.30324e-07;2.60557e-07;2.04753e-07;3.21916e-06;4.1928e-07;9.93231e-08;1.34747e-06;3.03221e-07;4.03608e-08;1.44688e-09;2.52315e-07;5.29272e-08;1.04133e-07;3.91125e-07;1.80138e-06;3.89521e-08;3.40465e-07;5.97287e-06;1.25301e-06;3.73199e-07;6.43463e-07;2.01485e-06;6.89985e-08;3.16843e-08;1.59506e-07;8.06052e-08;2.44611e-07;8.9182e-06;8.17015e-08;3.66017e-07;8.4922e-11;2.16817e-06;3.81121e-07;7.75381e-09;1.19048e-06;4.16851e-05;2.28809e-07;1.26394e-09;1.81611e-06;9.49897e-08;8.20166e-08;5.49978e-08;4.14245e-07;4.5777e-08;1.38234e-07;2.56455e-06;2.65797e-07;1.13232e-08;1.67443e-07;0.000166211;4.51639e-07;8.08078e-13;5.21722e-07;1.66928e-07;1.86825e-07;1.55124e-08;1.44997e-06;3.31065e-08;1.46187e-07;0.00056399;4.3031e-05;2.28331e-05;0.645972;0.350394;0.00194629;3.17775e-08;3.92941e-06;1.91046e-06;0.000377926;0.00010627;5.99916e-07;4.0232e-07;5.3138e-06;1.29818e-06;1.1681e-06;5.72886e-07;5.22482e-07;3.43583e-08;4.77548e-09;6.37511e-06;3.74394e-07;1.58062e-08;4.75285e-07;1.17218e-07;7.14422e-09;9.83553e-08;1.46373e-07;1.90601e-10;1.6771e-06;3.63755e-07;9.80189e-08;1.36175e-07;1.31358e-07;2.01284e-07;8.98043e-07;3.33808e-08;6.82493e-07;2.26303e-07;3.16523e-08;1.94815e-07;1.71884e-07;4.09526e-10;3.29567e-07;2.80996e-07;3.38162e-08;1.12102e-07;7.11144e-07
2.25995e-09;4.2322e-09;9.04046e-09;1.5204e-10;1.25815e-09;4.45273e-09;1.6659e-09;1.51414e-07;4.78885e-10;1.50825e-09;3.53899e-09;7.07934e-08;7.31164e-10;8.12609e-10;4.57926e-10;1.42662e-08;1.60842e-08;1.19799e-09;8.61418e-09;2.51176e-09;2.23593e-08;3.12872e-10;9.4339e-10;2.63569e-09;3.49359e-10;4.47903e-09;4.68834e-09;0.999997;8.08742e-10;4.79237e-09;2.35577e-09;1.65483e-08;7.59635e-11;2.76668e-09;2.3959e-08;1.20676e-09;7.31566e-10;2.23182e-09;1.85771e-09;8.38694e-10;2.08746e-10;8.74696e-08;2.75602e-07;1.46139e-08;1.43231e-07;1.73823e-07;4.95503e-09;4.91706e-10;1.30581e-09;5.46131e-10;1.42043e-09;1.32892e-08;2.73688e-09;1.67034e-07;1.7384e-10;4.45456e-09;1.31816e-09;7.30103e-10;2.18008e-09;5.34242e-10;1.49481e-09;6.09995e-10;1.05531e-09;3.5251e-08;9.10915e-10;3.29699e-09;1.88162e-09;1.15309e-09;2.98144e-09;1.43565e-09;2.39567e-09;4.69327e-08;7.69761e-09;3.12038e-09;3.15437e-09;1.23728e-09;5.21492e-10;7.45924e-09;1.06433e-09;8.6394e-09;3.49086e-09;1.19914e-09;1.13945e-09;4.13805e-10;5.43941e-09;5.1297e-09;8.97013e-08;1.69859e-09;1.51795e-09;1.97967e-09;4.56832e-10;1.23247e-09;1.36702e-09;2.32656e-09;1.69286e-09;4.88141e-10;4.8531e-08;3.18741e-09;1.72596e-10;7.32044e-10;3.97153e-09;6.8065e-10;1.11871e-09;2.8936e-09;1.73207e-09;6.98442e-09;1.06898e-09;8.91505e-10;8.16447e-10;2.88833e-09;3.45093e-09;1.05271e-09;2.11699e-09;8.68709e-10;7.9817e-09;4.52242e-08;3.84291e-09;1.68831e-08;3.13887e-08;8.42669e-09;5.70572e-09;1.00878e-09;6.96336e-10;3.3303e-10;2.86456e-09;5.96709e-10;4.57381e-10;1.00382e-09;6.57615e-10;1.22944e-09;1.08143e-09;7.01798e-10;7.44006e-10;1.57658e-11;1.96037e-10;1.99264e-10;1.2881e-09;2.0891e-09;1.15043e-09;6.94658e-10;6.09136e-10;2.67532e-10;4.03852e-10;1.3575e-09;3.81744e-09;9.85377e-10;1.27861e-08;5.71247e-10;1.34248e-09;4.10554e-09;1.17226e-09;3.59871e-08;1.18489e-09;8.3841e-10;2.16261e-08;1.12633e-09;2.70624e-09;4.08544e-10;1.12024e-09;3.96339e-10;7.49443e-10;6.23303e-10;3.85109e-10;2.27361e-10;4.41048e-10;2.37924e-10;5.67046e-11;1.81462e-10;4.12899e-10;1.15029e-09;9.29318e-10;6.8547e-10;5.86796e-10;7.74832e-09;1.34618e-09;2.29093e-09;5.83684e-08;2.46681e-10;1.91013e-09;4.32151e-09;9.88746e-10;5.1263e-10;2.70936e-09;6.02274e-09;4.75813e-10;4.97599e-09;1.09665e-08;1.0709e-09;1.02737e-09;9.07835e-10;1.14778e-09;2.80533e-10;1.17213e-09;4.77567e-10;2.6295e-09;1.50834e-09;3.47122e-09;2.41273e-08;2.80124e-09;3.08159e-10;2.73453e-10;2.24615e-10;7.27788e-10;1.70504e-10;4.38917e-09;1.5703e-09;6.03948e-10;3.01466e-09;7.89074e-10;1.55777e-09;2.38217e-10;8.41323e-10;9.32096e-10;1.36951e-09;3.67657e-09;2.81236e-09;1.8097e-09;2.05239e-08;1.0345e-09;6.65217e-09;1.61048e-07;5.5077e-10;1.26917e-09;7.71519e-10;7.99054e-10;1.90842e-09;1.17332e-09;1.3427e-09;3.05154e-08;1.81758e-09;4.66441e-09;7.6452e-09;9.71749e-10;1.27976e-09;6.12111e-10;2.41434e-09;3.49e-10;5.05738e-10;2.74079e-09;1.24135e-09;1.15403e-09;6.81371e-10;2.34326e-10;2.64752e-10;7.90889e-10;7.23409e-10;1.17379e-09;2.96574e-10;3.00025e-09;1.37051e-09;2.97516e-10;1.73143e-09;1.54315e-09;1.18984e-09;2.26366e-09;2.1614e-09;4.72516e-10;7.82007e-10;8.19472e-10;4.14109e-10;4.34843e-10;1.85587e-09;1.08726e-08;5.56939e-10;1.10671e-09;3.91922e-09;6.72398e-10;6.98613e-10;9.14834e-10;1.04393e-08;1.31395e-09;1.85724e-09;9.24157e-09;1.02942e-08;8.71468e-09;2.90575e-09;4.48712e-09;2.59097e-09;5.31829e-08;1.26853e-09;4.46084e-09;1.39721e-08;2.5003e-09;3.19169e-10;1.13205e-09;2.61819e-09;3.35486e-09;6.40596e-10;3.3061e-09;8.01608e-10;8.76908e-09;5.54418e-09;4.82997e-09;3.54613e-09;1.42016e-09;1.46552e-09;1.34099e-09;2.24271e-09;2.27476e-09;4.14884e-10;1.40241e-09;6.02892e-11;6.51351e-10;9.84865e-11;4.86776e-11;8.54097e-10;4.12681e-11;2.28084e-09;5.18658e-10;4.9263e-10;1.84665e-09;1.635e-10;2.987e-10;1.4936e-09;2.52629e-09;9.48444e-09;3.84799e-09;3.25272e-08;6.06587e-09;4.58662e-09;2.92877e-08;2.35058e-09;2.75e-09;1.05475e-06;4.8823e-10;6.0911e-10;7.32747e-09;1.96101e-09;1.21202e-09;3.37557e-10;4.0623e-09;8.87566e-09;1.40014e-09;6.88132e-09;1.56274e-09;1.0813e-09;7.16278e-08;2.43198e-09;1.32673e-09;9.20931e-10;5.65295e-11;2.74126e-09;4.021e-10;2.30626e-11;6.54122e-09;1.45584e-09;5.75683e-10;4.80564e-10;1.41244e-10
8.94681e-10;3.6476e-07;3.56575e-07;5.16564e-08;1.05425e-06;3.28021e-07;5.33164e-07;1.48174e-08;1.64461e-08;3.39793e-08;5.09983e-08;1.91637e-06;1.37355e-09;1.27188e-08;1.85059e-08;1.35298e-08;7.04251e-08;1.61764e-08;2.15292e-09;3.14841e-08;8.19294e-09;2.49906e-09;1.77349e-08;2.81272e-08;5.747e-09;8.35429e-08;5.1114e-09;1.50689e-07;1.24407e-08;5.41567e-07;1.44319e-07;2.40271e-08;1.42608e-07;1.83507e-06;5.93154e-09;1.18316e-08;1.07471e-08;1.60583e-08;1.04008e-08;5.48865e-09;9.85241e-09;9.77949e-10;2.11095e-08;4.80031e-10;4.3174e-08;3.16257e-08;8.21616e-09;1.70603e-09;1.19338e-07;3.45089e-08;2.39928e-11;6.00651e-08;1.99784e-09;2.16033e-09;3.14265e-08;5.50932e-08;2.66434e-08;2.57196e-08;2.68082e-08;3.78753e-08;1.34108e-08;1.30984e-08;1.09324e-07;1.5261e-08;1.44356e-08;2.12752e-08;1.47414e-08;2.28931e-08;6.33564e-09;6.45414e-08;5.72335e-08;7.44814e-09;7.56661e-09;3.75076e-08;3.93715e-08;1.12433e-08;9.62118e-09;7.44782e-09;1.13297e-07;1.73362e-08;5.39969e-08;8.67025e-09;7.22959e-08;2.43453e-08;1.58497e-08;1.28653e-08;4.13497e-07;6.47435e-10;4.83291e-09;9.39421e-09;5.24982e-09;3.24746e-08;2.16838e-08;1.11545e-07;1.12473e-07;9.89365e-08;5.19125e-07;9.10895e-09;1.2319e-08;7.22624e-09;4.53471e-07;1.46956e-07;3.4065e-08;1.67951e-07;2.94522e-08;1.18556e-07;1.03888e-08;1.92349e-08;2.24151e-08;1.20035e-08;2.77391e-08;4.59472e-08;9.84673e-09;9.83247e-09;2.75979e-08;4.89353e-09;2.79682e-08;6.87692e-08;2.44137e-07;2.71044e-08;5.17633e-08;1.29453e-08;4.9116e-08;1.94097e-09;1.70247e-07;1.42966e-08;2.76774e-08;6.95556e-09;1.44966e-07;8.19717e-09;1.32488e-09;3.25981e-09;6.13652e-09;4.61561e-10;1.01384e-09;7.94069e-08;2.40791e-09;2.99213e-08;3.90059e-08;3.70852e-07;5.55537e-08;6.49705e-08;3.01852e-08;8.20644e-09;9.00147e-09;4.73759e-08;3.50384e-08;1.53969e-08;2.83063e-09;3.07943e-08;5.41527e-09;6.29113e-09;2.41976e-09;1.29731e-08;4.4515e-08;1.09062e-08;4.43216e-09;1.37723e-08;4.20541e-08;1.28477e-08;2.20785e-08;2.06988e-08;3.78587e-08;2.20996e-08;2.57679e-07;9.34424e-08;5.75829e-09;3.70555e-08;3.09697e-08;1.09944e-08;1.25459e-08;6.53279e-08;2.85395e-08;9.21109e-08;3.22099e-08;1.75984e-07;2.40755e-07;2.69574e-08;2.38147e-07;5.56985e-08;3.03533e-09;7.18879e-08;3.4536e-08;4.85906e-07;3.62214e-08;2.48923e-07;2.21199e-07;1.90194e-08;9.67158e-08;1.57177e-08;1.30449e-08;6.57015e-09;8.87905e-08;2.95851e-08;4.46885e-08;7.37344e-09;1.41342e-07;4.97138e-08;3.61091e-08;9.04537e-08;3.77729e-08;9.92715e-09;7.48207e-08;1.79587e-08;1.62001e-07;4.83018e-08;5.79252e-07;1.03871e-07;1.26606e-08;4.09955e-08;2.48156e-08;1.37683e-08;1.2058e-08;2.32123e-08;8.98391e-09;1.08108e-07;2.10475e-08;8.00224e-08;5.41722e-09;2.61529e-07;6.121e-08;9.49355e-09;1.16571e-08;1.14596e-08;7.86439e-09;8.36478e-09;3.53982e-08;3.02511e-08;1.34291e-06;1.59723e-07;1.17137e-07;1.49884e-07;2.99407e-09;7.58933e-08;3.39167e-08;1.17324e-07;1.95535e-08;4.4786e-08;7.99566e-09;8.30092e-09;1.08552e-08;2.58384e-08;9.76561e-09;1.64991e-08;1.14606e-08;1.68891e-09;5.28225e-08;7.36926e-08;2.76554e-08;2.42994e-09;2.0296e-07;2.06366e-08;1.15344e-08;5.25816e-08;2.20767e-08;3.57575e-08;2.02769e-08;5.12265e-09;1.4518e-08;2.06877e-09;1.79318e-08;1.71527e-08;1.28065e-08;1.26592e-09;3.3316e-09;2.51622e-08;7.34085e-09;1.06769e-08;4.322e-09;4.64036e-09;1.20966e-08;1.24643e-08;0.000213038;1.8743e-05;5.27989e-05;5.13884e-05;0.000691921;0.000454227;0.00627765;0.99206;1.0361e-06;9.73934e-06;2.17688e-06;3.59004e-05;1.90509e-05;8.54337e-05;1.52012e-08;3.03986e-09;1.0081e-07;2.19831e-08;2.54467e-10;6.7456e-09;8.06367e-10;1.26158e-08;8.07369e-09;2.67616e-08;1.10379e-08;2.13959e-10;4.09865e-09;4.07318e-09;2.72241e-08;9.81266e-09;5.72925e-08;6.96037e-08;2.9454e-08;1.27522e-07;1.2839e-08;4.87037e-08;2.45759e-09;8.07502e-08;4.55534e-09;2.79392e-09;6.06401e-09;1.23404e-08;6.25818e-09;9.55263e-08;2.40958e-08;2.57874e-09;7.2272e-08;9.10999e-10;7.8522e-10;2.75799e-09;5.23951e-09;1.91176e-10;3.54961e-09;1.36105e-08;1.01142e-08;1.64252e-07;4.8404e-08;7.15231e-11;4.40988e-09;2.75175e-08;6.65813e-09;1.71647e-10;1.45607e-08;4.05302e-09;6.95503e-09;2.91319e-10;1.93756e-09;3.54793e-08;1.50161e-08;4.54828e-06;8.50819e-09;1.72027e-11;3.87112e-09;5.54195e-08;2.24077e-09;2.57156e-10;1.29962e-09
1.24335e-10;2.62634e-07;3.78571e-08;4.28554e-09;1.32282e-07;3.22697e-07;2.75149e-07;1.31672e-06;1.86907e-07;5.0343e-07;2.5173e-06;1.17859e-07;7.41262e-09;3.0064e-07;3.01338e-07;6.51754e-07;8.5049e-07;2.30804e-07;6.31954e-07;4.46336e-08;4.39194e-08;1.20664e-08;2.61489e-07;9.37145e-08;1.29302e-07;4.53181e-07;3.20159e-07;5.77017e-08;3.35902e-08;1.80399e-06;3.01056e-07;1.15327e-05;1.34562e-06;1.64867e-07;1.25826e-08;2.04743e-07;1.16971e-07;2.15792e-07;9.46992e-07;1.68534e-07;3.6937e-08;9.11464e-09;4.11029e-07;1.32033e-08;4.56628e-07;3.38249e-07;7.3547e-09;3.84151e-08;2.52664e-07;6.56548e-08;4.22722e-08;4.6699e-07;1.28264e-06;6.96671e-08;1.39899e-05;3.1859e-06;1.40304e-06;1.92108e-07;2.11797e-07;3.74265e-07;4.32294e-09;8.55523e-10;4.23341e-08;1.23625e-07;2.0062e-07;5.05429e-06;6.82848e-06;9.89816e-07;3.9158e-05;3.90458e-05;0.000171805;0.183692;0.00304948;0.810343;5.53556e-05;2.66377e-07;1.69936e-07;0.000450865;7.18326e-05;0.000316183;1.61845e-06;2.93043e-06;3.3287e-06;3.98678e-06;2.01185e-05;3.94578e-05;7.3763e-05;2.1326e-08;9.12516e-07;7.0643e-07;2.40009e-07;1.13513e-06;3.40365e-07;4.19492e-05;3.69256e-05;4.4175e-05;8.08512e-07;3.91926e-06;8.13445e-07;9.22586e-09;2.91836e-07;1.45061e-08;1.70793e-08;9.22744e-09;2.91021e-10;3.74054e-09;2.0848e-07;3.14065e-07;8.99846e-08;2.90467e-05;1.08818e-06;3.27452e-05;5.38941e-06;2.90841e-07;6.52835e-07;1.99206e-08;7.76475e-08;2.30972e-06;7.06182e-08;1.72722e-05;0.000120779;7.50157e-05;2.80039e-05;5.59449e-09;2.30056e-08;8.64096e-09;3.47589e-08;2.11069e-08;1.57453e-08;6.64487e-08;3.54622e-06;7.88062e-07;2.21798e-07;1.62672e-06;4.129e-05;3.97536e-05;1.17687e-07;6.62997e-08;3.54473e-07;4.74703e-08;4.36745e-06;7.15407e-08;6.49717e-07;8.19247e-07;4.7194e-05;2.92274e-05;2.06005e-05;3.17127e-07;1.90264e-07;3.86051e-07;2.68442e-08;3.12614e-09;7.44409e-08;1.19238e-07;1.10095e-08;1.25734e-07;0.000203942;3.39883e-05;7.53842e-05;5.42882e-07;1.76786e-07;2.19505e-07;1.15797e-07;3.00339e-08;2.79277e-07;1.38079e-08;7.16847e-06;5.2839e-05;3.15478e-05;8.05024e-07;1.17167e-06;6.4838e-07;3.32311e-07;1.84861e-07;1.16971e-07;3.02283e-07;2.72813e-07;5.13253e-05;0.000136784;4.42916e-05;1.37892e-08;7.66365e-08;1.236e-08;2.95294e-08;1.00095e-08;3.76735e-08;2.23348e-09;4.10006e-06;1.53765e-05;3.61429e-07;2.66348e-07;7.50158e-08;1.61029e-07;7.9164e-08;1.64096e-08;9.56714e-08;1.07177e-07;1.54676e-07;1.13579e-05;1.78135e-05;6.09986e-06;3.20361e-07;3.4834e-07;1.72626e-07;1.02112e-07;9.24541e-08;8.30435e-07;1.85745e-07;8.74351e-07;3.10464e-07;2.77358e-05;4.72547e-05;1.44057e-05;1.86568e-07;1.00238e-07;7.69246e-07;7.36137e-07;1.77337e-07;1.53537e-06;4.38986e-06;8.74208e-08;1.41796e-07;4.49565e-07;2.33256e-07;1.82855e-07;8.71346e-07;5.23752e-07;3.77997e-07;2.94539e-06;3.56318e-06;1.21823e-06;3.08065e-07;7.89259e-09;1.77507e-07;1.32824e-07;2.77566e-09;4.59268e-08;1.19157e-07;2.4919e-09;5.70883e-07;3.81536e-07;1.90385e-07;3.66802e-07;3.17871e-07;1.27556e-07;2.95424e-08;9.43745e-07;5.01473e-08;5.35628e-07;2.85844e-07;3.61812e-07;1.46085e-08;1.42787e-07;2.61362e-07;2.18928e-07;2.96597e-06;2.67574e-07;7.80466e-08;2.01409e-07;1.08224e-06;1.6484e-06;2.17837e-06;5.04848e-07;2.74369e-08;2.68545e-06;4.85207e-08;1.14275e-07;2.0202e-07;4.12745e-07;1.95868e-07;1.90278e-07;5.2167e-07;1.91675e-09;2.65829e-09;9.2245e-09;1.62035e-09;2.82855e-10;3.15994e-09;7.51648e-10;4.02719e-09;1.50731e-07;1.49862e-07;8.63147e-08;2.10001e-05;8.52028e-08;9.33825e-08;1.21562e-05;9.5691e-09;1.96798e-07;3.62128e-08;1.22785e-07;3.89324e-07;1.49245e-07;5.7982e-08;6.22588e-07;8.96409e-07;2.84816e-07;6.34034e-07;6.3549e-07;3.74636e-07;1.5454e-07;1.4428e-10;4.85389e-09;1.33663e-09;2.06072e-09;4.28341e-09;9.8368e-10;1.21346e-09;3.46089e-07;3.44398e-07;1.92093e-05;4.35149e-06;2.85835e-06;3.30631e-07;1.65116e-07;6.99499e-07;3.88574e-07;8.94309e-07;8.60294e-07;4.51244e-08;1.94498e-08;1.18661e-06;5.8529e-07;5.13363e-08;2.75014e-07;2.58695e-07;2.25568e-08;1.35371e-06;1.47233e-06;1.88379e-07;4.61206e-08;1.41228e-07;1.02806e-07;1.12736e-07;2.2021e-07;1.00003e-06;2.6224e-06;5.50313e-09;2.05863e-06;8.53931e-07;5.17329e-06;3.08055e-06;1.14425e-07;1.61774e-06;4.30424e-07;2.64642e-07;8.46946e-07;9.48642e-07;2.97746e-06
4.26829e-05;4.3346e-07;2.92451e-06;5.16084e-08;0.000176655;6.46306e-06;2.09999e-06;6.62714e-08;2.04144e-06;9.46655e-07;1.15501e-07;2.84378e-07;2.17613e-07;5.18852e-06;2.82226e-06;3.7588e-05;4.127e-06;1.10651e-06;1.17999e-05;8.2245e-07;3.46358e-07;9.46565e-06;1.91836e-06;7.24083e-06;8.79158e-05;1.10136e-06;1.3554e-05;1.79688e-05;0.000302708;0.000164047;1.01837e-05;0.427212;0.0151264;0.42022;0.0014026;0.000955933;1.61669e-06;3.23769e-06;0.00435207;0.0985292;0.0267624;2.21292e-07;5.94783e-07;8.45996e-08;3.34979e-05;0.00158309;1.38404e-05;1.24562e-06;2.47307e-07;1.35838e-08;2.07357e-06;3.48032e-07;3.52897e-06;4.37871e-07;7.61726e-07;9.42079e-07;3.94468e-07;4.02787e-06;1.54182e-06;2.97452e-07;4.26407e-06;2.68529e-06;4.65912e-06;7.6438e-07;1.26575e-06;3.82179e-06;3.95828e-06;1.69178e-06;4.68463e-06;1.99267e-06;5.23002e-07;7.4296e-07;1.89285e-06;4.67779e-07;1.01413e-05;2.38078e-06;9.2787e-07;1.98204e-05;3.16677e-06;2.11761e-05;8.18213e-06;3.21839e-06;6.06674e-06;9.68755e-07;2.14904e-06;1.63767e-05;2.25433e-05;5.76564e-06;5.16897e-05;2.4272e-06;6.13549e-06;1.68104e-06;1.99662e-06;3.30339e-07;4.23354e-07;1.52387e-05;8.21741e-09;2.99219e-06;1.0609e-05;2.23996e-06;2.13174e-07;8.49226e-09;5.80141e-06;0.000174195;7.82031e-07;2.45583e-08;1.75648e-05;1.68356e-06;1.51294e-06;2.90664e-06;8.8617e-07;9.91973e-06;8.79195e-05;1.39227e-06;4.29215e-06;1.01846e-05;1.40346e-05;4.82159e-06;1.16525e-06;1.3561e-06;2.68891e-06;2.79806e-06;4.32434e-06;1.38614e-06;7.84631e-07;8.74682e-09;4.67908e-07;4.46548e-05;6.82283e-07;3.30055e-07;1.20031e-05;1.44788e-06;1.18526e-06;2.70951e-06;0.000212001;2.37717e-05;2.48955e-05;8.01723e-07;1.81969e-06;3.13788e-05;4.52287e-06;3.33996e-05;2.15679e-05;1.47641e-05;2.88128e-06;2.2427e-06;1.97811e-06;6.82922e-06;2.10566e-05;1.08472e-05;4.53657e-07;7.1246e-06;3.11619e-05;1.0457e-06;2.51779e-07;2.10446e-06;3.91798e-06;3.95833e-06;4.76332e-06;1.26157e-05;1.82507e-06;1.40812e-06;2.09178e-07;3.01395e-07;2.35621e-06;3.71065e-07;4.7584e-07;1.6816e-06;3.29402e-06;6.43974e-06;8.01997e-05;1.05673e-06;1.21367e-06;1.50167e-05;2.1538e-06;4.93877e-06;1.37273e-06;5.07182e-06;8.60556e-06;7.09836e-06;9.01124e-06;8.08268e-06;9.5223e-08;2.19656e-06;9.86344e-06;3.00597e-06;2.40878e-06;1.96675e-06;1.45271e-06;1.77294e-06;2.28871e-06;9.38574e-06;3.8852e-07;4.00972e-07;5.81992e-07;2.92967e-06;9.62477e-07;1.25349e-06;1.08238e-06;1.94049e-06;1.68341e-06;1.88067e-05;8.93816e-07;5.4061e-07;1.48449e-05;7.23651e-06;8.22002e-06;1.90448e-05;2.80465e-05;3.09312e-06;7.07742e-05;3.8362e-06;1.98831e-05;1.03067e-06;1.28101e-05;5.53345e-07;1.32666e-06;1.36944e-05;5.35498e-06;4.58412e-06;2.05368e-07;3.7526e-07;6.32335e-06;7.29539e-07;9.88138e-07;1.08056e-05;8.36865e-07;4.27069e-06;8.76135e-07;1.08609e-06;3.85632e-06;1.39407e-06;2.06406e-06;1.5938e-06;1.30955e-07;2.21451e-07;7.26179e-06;2.78254e-07;1.4127e-06;2.72217e-05;2.3481e-06;7.45073e-06;4.16766e-06;1.77213e-06;3.83029e-07;1.89422e-06;2.81057e-07;1.22737e-08;1.33368e-06;3.5056e-08;7.61968e-08;7.11397e-08;2.38097e-05;8.85123e-06;1.02054e-05;7.01395e-05;0.000407886;5.99519e-05;1.28786e-06;1.17192e-05;8.06627e-07;9.07656e-07;2.53263e-07;2.58758e-08;3.31324e-07;1.43993e-07;8.51893e-07;1.83341e-06;4.45324e-06;3.52885e-07;1.49234e-06;1.68828e-06;8.19381e-12;1.26227e-06;6.24068e-07;8.35371e-09;1.32368e-07;1.87283e-06;2.04396e-06;1.14613e-09;1.03014e-05;1.07092e-06;5.355e-07;1.47057e-06;8.75172e-07;1.6964e-06;1.28704e-06;3.14145e-07;8.24727e-09;5.76277e-11;6.55507e-08;2.81109e-08;1.83002e-08;1.45254e-10;8.78532e-07;1.13499e-06;1.66243e-06;8.15393e-08;5.35119e-06;4.51023e-06;9.33716e-07;1.45005e-06;2.0247e-07;2.33394e-08;1.66712e-07;7.38891e-07;2.37204e-07;3.83838e-11;1.18776e-05;1.19373e-06;4.19384e-06;2.62182e-05;9.70727e-07;2.50136e-06;7.81354e-06;3.54087e-07;8.53682e-07;2.4073e-06;3.90392e-08;3.99885e-08;2.73123e-08;1.65342e-05;6.85337e-07;1.98116e-06;1.15196e-05;3.19303e-06;2.46013e-06;2.38174e-06;9.29897e-06;1.07337e-06;1.86801e-05;3.31605e-06;1.36214e-06;7.51876e-05;2.3727e-06;4.23972e-05;1.48196e-05;1.42964e-05;9.61436e-06;1.13582e-05;1.25409e-07;1.96884e-07;3.05297e-05;4.78411e-07;3.2471e-06;3.6093e-07;1.23668e-06;6.58085e-06;0.00019638
3.53922e-05;1.6421e-07;2.97847e-07;4.8354e-08;1.42625e-06;7.23051e-07;5.77696e-07;1.45324e-06;3.24186e-08;1.5342e-08;8.903e-08;5.24604e-08;7.51036e-09;4.09316e-08;1.20889e-08;9.1722e-08;1.48298e-07;1.98482e-08;1.17538e-07;8.34752e-08;3.44019e-07;3.23103e-08;1.78312e-08;4.14194e-07;2.89716e-08;7.27169e-08;7.03066e-08;0.999829;6.39804e-08;1.93009e-07;1.1349e-08;2.36346e-05;5.0833e-07;1.76473e-07;1.53048e-07;1.97219e-08;1.72337e-08;4.3483e-08;3.27777e-08;1.32614e-07;5.58925e-09;6.4233e-08;7.18506e-08;3.20786e-08;2.57688e-05;3.47133e-05;8.22023e-07;2.62301e-08;6.70976e-09;9.45221e-09;2.46903e-07;3.60098e-08;2.5292e-07;3.12724e-07;5.08202e-11;7.91445e-09;8.00585e-09;2.97499e-08;5.3175e-08;1.21891e-08;2.71284e-07;7.3854e-08;3.1345e-07;3.05926e-08;1.79347e-08;1.42151e-08;5.78224e-08;1.53725e-08;9.93488e-08;4.96116e-08;1.4816e-07;7.0699e-08;1.64918e-08;2.24873e-07;9.21521e-09;1.48587e-08;1.19252e-08;1.07825e-07;7.14881e-08;1.41575e-07;2.13543e-08;5.35477e-09;6.92809e-08;1.13076e-08;2.18314e-08;2.72885e-07;8.9136e-07;2.65277e-09;7.24019e-08;1.92114e-08;2.77545e-08;1.4435e-08;1.68943e-08;2.7391e-08;2.31665e-08;8.46632e-09;3.70798e-09;1.58556e-08;4.90478e-09;3.1724e-09;2.43217e-08;4.4283e-09;5.14299e-08;1.22595e-06;2.03602e-06;2.57609e-09;2.17069e-08;1.6694e-08;1.7524e-08;1.53843e-08;1.38681e-08;1.2549e-07;1.53773e-08;2.13304e-08;2.39132e-07;1.01894e-05;3.25844e-07;4.88876e-07;9.54743e-07;3.96313e-09;3.48707e-08;1.1598e-07;7.22206e-09;1.69866e-08;7.9434e-08;4.05438e-09;1.91433e-08;6.98649e-08;4.04348e-08;1.65987e-09;4.31813e-09;1.2711e-08;1.71947e-08;8.77359e-11;6.08506e-09;2.95453e-09;1.86723e-07;2.60267e-07;3.93829e-08;1.62864e-08;5.20251e-08;2.41732e-07;1.44387e-09;1.73338e-08;2.60267e-08;8.06085e-09;1.15727e-07;7.42217e-09;2.50912e-08;4.74093e-07;1.91528e-08;1.62425e-07;3.0129e-07;1.03296e-08;7.9595e-09;3.47411e-08;6.48779e-10;8.69663e-10;1.75689e-09;1.5626e-08;1.54217e-08;1.31013e-08;4.25374e-10;5.84154e-09;1.76793e-08;1.44333e-09;7.94718e-10;3.89339e-09;3.59446e-08;1.82564e-08;1.67408e-07;2.37814e-08;5.80429e-08;7.70212e-07;8.75761e-08;2.72269e-07;4.5055e-08;2.06326e-08;6.93604e-09;6.84644e-08;1.033e-07;3.20208e-08;1.23451e-07;1.16784e-07;6.84437e-08;1.03827e-06;2.37853e-08;3.36199e-08;5.51796e-09;2.31292e-08;1.91831e-08;5.89103e-08;8.65955e-08;2.94997e-08;1.44896e-07;1.1271e-07;3.73657e-07;6.20324e-09;4.28952e-09;2.52876e-09;5.99857e-09;1.64847e-08;5.49075e-09;7.88379e-09;2.04161e-07;1.90019e-08;1.66701e-08;1.80477e-08;1.14139e-08;1.93503e-08;8.99331e-10;3.17962e-08;1.7167e-08;1.81914e-08;1.97258e-07;3.32993e-07;7.72677e-08;2.9665e-07;2.8549e-08;1.47119e-07;5.02255e-09;1.0972e-08;2.48207e-08;1.04202e-08;2.8773e-08;5.14515e-08;2.60956e-08;5.96543e-08;1.36875e-08;2.92323e-08;7.42298e-08;6.92881e-09;1.58517e-08;5.1896e-08;8.22887e-09;6.74215e-09;8.24972e-08;4.75416e-09;1.32331e-09;2.01519e-08;1.808e-08;1.49546e-08;3.68508e-08;6.61805e-08;1.89797e-08;5.24122e-08;1.26199e-07;2.61896e-09;5.6038e-08;1.80226e-06;4.05241e-09;1.52278e-09;8.77368e-09;6.85471e-09;1.00219e-08;6.03148e-08;9.28362e-08;2.59259e-07;1.08871e-08;1.77756e-08;2.92022e-08;8.52427e-08;9.07055e-07;1.60153e-07;3.39902e-08;5.30947e-10;1.37632e-08;1.93876e-08;2.90727e-08;1.99401e-08;2.85992e-08;4.81607e-08;5.69746e-11;5.24601e-08;8.84409e-08;1.20903e-08;1.48328e-09;6.88444e-09;1.9952e-06;3.70077e-11;7.07209e-09;5.75907e-08;8.55615e-09;1.31664e-09;1.18466e-09;8.84167e-08;1.94711e-08;7.26499e-08;1.04315e-08;5.2332e-09;4.48069e-07;6.56527e-09;2.59262e-08;2.65573e-10;1.09139e-08;1.31103e-08;2.24396e-08;5.87939e-10;3.34115e-09;6.07573e-09;1.93284e-08;1.54922e-08;4.58401e-08;2.07268e-08;3.68838e-08;2.78741e-07;6.02406e-08;8.78725e-10;2.34127e-08;2.40911e-08;3.13428e-09;2.58893e-08;1.07406e-08;4.66533e-08;1.05764e-07;8.94723e-08;1.25614e-07;6.19605e-07;5.16819e-09;2.25261e-07;9.46059e-08;1.82151e-07;6.79513e-08;2.13104e-06;4.05066e-08;1.58061e-08;7.01147e-07;2.74532e-08;5.44076e-08;2.39994e-09;3.72817e-07;5.97644e-07;7.01074e-08;3.59413e-07;4.18608e-08;4.21794e-07;1.39689e-06;1.01397e-07;7.86309e-09;2.09672e-08;5.99384e-10;9.98517e-10;3.23143e-08;5.80515e-10;1.16572e-08;1.24521e-08;1.27622e-08;7.45378e-10;3.69379e-08
2.2218e-07;2.64464e-07;5.37995e-07;7.30903e-07;9.69148e-06;5.11669e-06;2.19051e-06;1.26492e-07;3.57891e-07;1.46536e-07;5.588e-07;3.9631e-07;6.39973e-08;4.50916e-08;1.21346e-07;1.29647e-08;7.82343e-07;7.95589e-08;1.22785e-08;3.5653e-07;1.36395e-07;5.82875e-09;1.1971e-07;2.60831e-07;2.37824e-07;1.03622e-06;1.15148e-07;2.26421e-07;1.84863e-08;2.43792e-07;2.56725e-08;1.18015e-07;2.40773e-06;2.33474e-07;1.32607e-08;2.38015e-08;9.96123e-08;6.96599e-08;1.75772e-08;7.98088e-07;1.23231e-07;4.52424e-09;1.5453e-08;1.75873e-09;5.59851e-06;7.55664e-06;1.49631e-07;7.83262e-09;3.77126e-08;1.20077e-08;8.40848e-09;4.71044e-08;5.01938e-07;3.75069e-08;2.21451e-09;4.67374e-08;4.86909e-08;4.90086e-08;1.17202e-07;2.51397e-07;3.07895e-07;1.53743e-07;1.32269e-05;3.71278e-08;8.21691e-08;8.41968e-08;3.93351e-08;1.45494e-07;1.88232e-08;5.5867e-07;1.10537e-06;1.51289e-08;1.995e-08;1.92285e-07;2.02535e-08;4.97102e-08;3.883e-08;7.96729e-08;5.45947e-07;2.71019e-07;5.82102e-08;9.53517e-09;3.58458e-07;1.04571e-07;4.8328e-09;8.7047e-07;3.91247e-07;1.53703e-09;3.8256e-08;4.90322e-08;1.85579e-08;8.94817e-08;7.70699e-08;6.84986e-08;3.81351e-08;4.6655e-08;2.92825e-08;7.26462e-08;4.36531e-08;4.68229e-09;9.17279e-08;2.19561e-08;1.27581e-07;3.89803e-07;1.55169e-05;5.89744e-09;2.00614e-08;1.10306e-07;1.2525e-07;1.36564e-08;6.22245e-08;3.59064e-07;4.45007e-08;1.127e-07;2.45708e-07;9.48872e-08;1.42325e-06;2.47414e-06;1.94943e-05;1.02621e-07;1.0419e-07;1.50272e-06;1.06092e-07;5.76298e-09;1.75634e-07;5.24613e-08;6.69566e-07;1.07117e-06;7.53066e-06;1.36006e-08;2.54471e-09;2.34341e-07;1.0564e-07;1.24123e-08;2.80665e-08;1.45759e-07;2.34388e-08;2.12635e-07;1.01333e-07;6.47396e-08;8.65277e-07;8.17067e-08;1.55541e-07;2.29247e-08;8.17967e-08;1.6386e-07;1.22246e-07;1.10449e-07;2.22754e-08;6.02651e-07;1.04744e-07;3.8582e-07;8.73432e-07;1.19119e-06;1.20872e-08;1.10289e-07;7.1547e-09;1.8235e-07;1.81978e-07;3.6103e-08;1.08175e-07;9.74921e-08;1.86873e-08;2.34596e-07;9.07298e-07;1.57731e-07;2.92016e-08;1.10959e-07;3.39346e-07;6.6095e-08;8.6538e-08;1.65349e-07;1.19992e-07;4.54398e-08;5.48102e-07;2.05957e-06;4.04898e-07;2.27455e-08;3.61511e-07;1.56869e-07;1.56203e-08;1.77414e-07;4.15693e-07;2.36933e-07;9.73531e-07;5.92859e-08;3.94174e-08;1.94144e-08;4.20504e-08;6.81127e-08;7.038e-08;2.1895e-08;5.57208e-07;1.36899e-06;7.32416e-07;9.45483e-07;5.06308e-06;1.90305e-08;1.1419e-08;1.68778e-07;7.71231e-08;3.42037e-08;1.42669e-07;1.36455e-07;2.6154e-06;6.17311e-07;5.69877e-06;1.3616e-07;2.03592e-08;1.3279e-07;7.91954e-08;1.02986e-07;4.87219e-08;3.76489e-08;2.99562e-08;5.61224e-07;1.72599e-07;1.02208e-07;5.73782e-08;4.08905e-07;4.07369e-08;5.48079e-08;6.59957e-08;5.94577e-08;1.5085e-07;2.67418e-08;2.24052e-07;2.66017e-07;1.37716e-07;1.00833e-06;3.59664e-07;9.81647e-08;1.49183e-08;2.15779e-07;9.43136e-08;2.55889e-07;3.45585e-07;6.09235e-07;2.0654e-09;3.82294e-08;4.6989e-08;2.43863e-07;4.05589e-07;9.91415e-07;7.11955e-08;1.42235e-08;5.97485e-07;1.77789e-07;8.05666e-08;1.83987e-07;5.57578e-06;5.51016e-08;1.37827e-08;3.93872e-08;4.77452e-08;2.3522e-07;1.4646e-07;2.2444e-07;3.32439e-08;3.90183e-09;1.25379e-07;1.72434e-07;9.89069e-08;1.12162e-08;8.75047e-08;6.12518e-08;5.30646e-08;1.47597e-07;1.02488e-07;8.10188e-09;1.46673e-07;9.66826e-08;4.75562e-06;2.99868e-06;5.67814e-05;5.96047e-05;0.297588;0.066773;0.617088;0.0169222;5.38861e-06;0.000343033;3.6105e-05;6.1333e-05;0.00019112;0.000681195;5.5973e-08;3.43813e-09;2.34049e-08;4.39627e-08;1.76154e-07;5.46549e-08;9.66845e-08;1.94966e-07;3.00091e-08;9.78533e-08;9.35042e-08;1.80262e-09;3.1754e-08;1.07726e-07;8.20826e-08;5.93236e-09;4.77108e-08;1.18336e-07;8.11172e-09;3.7664e-07;8.54501e-07;9.53564e-09;2.06388e-08;2.55331e-07;5.17787e-08;1.21354e-07;2.93812e-07;1.67349e-07;9.50701e-08;3.61339e-07;3.64437e-07;2.05343e-07;9.00022e-06;2.96761e-06;5.2119e-08;1.04921e-07;2.85289e-07;6.35557e-09;1.70927e-08;9.55383e-08;1.82484e-06;2.77218e-07;1.16547e-07;8.07628e-10;3.93903e-08;1.4576e-07;7.4095e-08;4.23538e-09;9.97981e-08;1.50475e-06;1.65627e-07;1.54429e-09;8.59134e-09;1.76571e-07;2.22606e-07;1.63074e-07;3.50669e-07;4.40251e-09;2.03368e-09;5.56249e-07;5.8107e-08;1.12127e-09;7.31405e-07
5.08469e-08;7.31401e-08;3.65822e-08;2.74713e-09;1.80951e-08;1.66233e-06;7.61932e-07;8.27721e-08;4.51177e-08;3.15664e-08;1.87302e-07;1.09975e-05;7.84755e-11;5.98808e-08;2.38093e-08;9.93526e-08;3.79642e-07;1.72674e-08;1.41368e-08;4.06666e-08;1.90365e-07;1.23117e-08;1.75429e-08;1.88795e-07;2.38202e-07;1.73644e-08;1.21547e-08;6.95506e-09;5.42467e-08;4.46735e-09;2.08958e-09;5.56784e-07;6.04957e-08;1.90762e-06;6.90409e-10;3.20809e-08;2.54736e-08;1.77961e-08;3.66607e-08;1.94348e-08;5.15456e-09;1.26783e-11;5.06e-10;1.10179e-09;2.10338e-05;5.79047e-06;6.45972e-07;4.22253e-08;6.89006e-09;3.83053e-10;1.22302e-06;8.46083e-07;1.22806e-06;3.72935e-09;7.90645e-09;5.13714e-08;2.20457e-08;3.41859e-08;1.22257e-08;7.21285e-09;9.43766e-08;4.61406e-09;5.56318e-08;9.0415e-11;3.86174e-08;1.36802e-07;1.20184e-07;5.70084e-08;1.66664e-07;9.48306e-09;3.3234e-08;3.1493e-06;2.85651e-07;1.19524e-08;1.25175e-10;2.02453e-08;2.33303e-08;7.78607e-08;2.57214e-07;9.08632e-08;4.17174e-08;1.6482e-07;5.08363e-08;9.25652e-08;3.29077e-07;1.6415e-06;2.57677e-08;1.57187e-10;4.61121e-08;2.62108e-08;8.2332e-08;3.9969e-08;3.21311e-08;7.93563e-06;1.43953e-07;6.6049e-08;5.98719e-10;1.23143e-07;1.62827e-08;2.88104e-07;3.76348e-08;4.7278e-09;5.9324e-07;6.04468e-06;5.37411e-07;1.91777e-10;3.59357e-07;2.44848e-08;1.77999e-08;1.94025e-07;3.36209e-07;4.44619e-07;3.67878e-07;2.48039e-08;3.36354e-08;3.44526e-07;5.31739e-08;4.47492e-07;2.08355e-10;5.58906e-07;3.06198e-07;6.72787e-08;1.56693e-07;2.94864e-09;8.22988e-10;4.52684e-10;1.81662e-08;5.10125e-07;7.072e-08;3.11006e-12;5.05281e-08;1.50925e-08;3.01106e-08;6.03958e-08;1.56899e-07;4.4257e-09;1.61776e-07;5.18333e-08;4.14433e-08;3.01632e-07;6.05106e-07;2.67788e-08;1.10438e-09;9.85511e-08;3.39096e-07;2.52358e-07;1.60152e-07;2.26957e-08;1.40435e-07;7.40111e-08;5.75744e-09;3.35484e-07;1.89882e-07;1.53404e-09;6.21972e-10;2.81907e-08;1.3679e-07;1.57598e-07;3.90954e-07;3.45143e-08;2.35074e-08;1.5733e-08;2.05309e-07;9.63238e-09;4.85047e-08;1.91795e-10;9.66662e-07;1.56969e-07;1.0604e-07;2.6778e-08;1.49257e-06;3.16169e-08;1.90535e-08;2.11855e-07;1.43701e-07;2.33635e-09;7.05189e-10;5.57181e-07;6.76554e-08;1.01879e-07;3.56486e-08;1.20416e-08;1.6541e-08;1.79729e-07;6.29667e-08;5.47882e-08;1.56742e-09;4.23261e-07;4.12091e-07;1.19333e-07;7.51093e-08;3.19744e-07;4.97954e-08;1.69297e-07;3.68144e-06;1.59608e-06;1.08431e-06;3.71305e-09;8.68865e-07;6.25243e-07;6.54297e-07;2.20619e-07;2.44977e-08;1.58857e-08;1.18048e-05;2.23898e-08;7.32542e-08;8.59816e-09;1.53314e-07;1.79276e-07;9.40832e-06;1.1917e-07;2.8797e-07;1.81126e-08;2.32075e-08;5.31013e-09;4.33904e-08;1.2172e-06;7.67068e-08;4.54375e-08;1.00274e-11;1.19426e-08;3.72176e-08;2.03678e-08;3.24795e-08;2.75642e-07;1.59724e-08;3.4696e-08;1.67481e-06;8.19437e-07;1.06405e-07;1.67829e-09;1.97844e-08;6.24686e-08;4.49747e-09;1.934e-06;3.9371e-06;3.07003e-07;3.43593e-10;7.37342e-08;4.35369e-08;3.93047e-07;1.60893e-07;2.77262e-07;1.18074e-08;2.95672e-08;1.07217e-08;4.1091e-09;8.07744e-07;3.96454e-08;4.17571e-09;6.35738e-11;1.82394e-08;3.08044e-09;4.89779e-09;1.85169e-08;7.36911e-09;3.09967e-09;7.34361e-08;3.30336e-05;3.05498e-05;1.77605e-05;0.993781;0.00448946;0.00136376;2.10545e-06;4.81089e-08;8.08354e-08;1.57185e-06;7.35057e-05;3.41568e-08;5.06265e-05;3.80609e-10;5.8606e-09;5.99787e-10;7.231e-11;2.77156e-08;1.40871e-08;8.78737e-10;5.0846e-13;1.79893e-07;4.75401e-08;9.26464e-09;1.56857e-08;6.18029e-09;9.74547e-10;4.85911e-08;6.79589e-09;3.16442e-10;1.15323e-09;4.67397e-06;5.74414e-06;1.92095e-07;5.26739e-13;1.74994e-08;1.60336e-08;3.93932e-08;3.35706e-09;3.42432e-08;3.39044e-09;2.48096e-08;3.25699e-09;6.62404e-10;4.67547e-10;4.95782e-08;5.34104e-07;4.86002e-08;5.0482e-13;3.11122e-08;1.72342e-08;1.5624e-07;6.52366e-08;6.27511e-09;5.25238e-08;1.71381e-07;2.21844e-07;3.32141e-07;1.15497e-07;7.58826e-07;1.46208e-08;4.7219e-09;6.90603e-07;1.76335e-07;1.54624e-10;1.27774e-08;2.9137e-08;7.45026e-06;6.49527e-08;3.48534e-08;1.96781e-11;3.1615e-08;1.35676e-08;1.83937e-08;1.84685e-08;3.05352e-08;2.55428e-08;9.36903e-08;2.83228e-10;5.17628e-08;2.14615e-08;8.93194e-07;9.48492e-07;2.45257e-08;5.42177e-12;2.69239e-08;1.90091e-07;4.35909e-08;3.22979e-09;2.48538e-06
2.15033e-08;1.94182e-09;7.40599e-09;8.23416e-11;6.62065e-09;5.04392e-09;4.62512e-09;1.08537e-07;1.13143e-09;1.8979e-09;1.39842e-08;2.69624e-08;1.68083e-08;1.05202e-09;4.75414e-10;1.41444e-08;2.64449e-08;1.92631e-09;1.16548e-08;5.07982e-09;4.78458e-08;2.44887e-10;1.66244e-09;1.75652e-08;8.10741e-10;1.05334e-08;1.3903e-07;0.999978;3.54044e-10;3.92816e-10;8.60763e-11;4.03481e-08;3.86548e-11;3.7119e-09;3.70195e-07;1.27555e-09;1.43943e-09;2.23146e-09;1.61149e-07;8.20806e-10;9.85721e-10;2.9351e-09;1.92472e-08;3.3069e-09;2.76417e-06;2.86323e-07;1.39216e-07;2.09896e-10;9.39241e-10;7.11276e-11;1.60409e-07;1.08112e-09;1.8123e-08;1.65899e-07;3.93972e-09;3.96187e-09;1.6563e-08;1.65518e-09;2.25779e-09;4.96967e-10;7.37738e-09;4.05632e-09;1.99543e-08;2.43246e-07;2.72952e-09;1.70451e-08;6.31156e-09;2.37636e-09;1.20274e-09;1.84693e-09;5.7669e-09;1.39488e-06;1.89238e-08;6.37561e-08;3.18738e-08;1.57929e-09;1.36947e-09;1.14482e-07;1.63325e-09;4.79301e-09;3.64557e-09;9.77792e-10;1.61197e-09;2.58533e-10;5.54172e-09;6.9178e-09;1.19099e-07;3.63781e-09;5.21322e-09;3.97499e-09;4.859e-10;1.10205e-09;3.17177e-09;1.87364e-09;8.87535e-10;2.14099e-11;1.49293e-08;2.49156e-08;5.24501e-10;1.8905e-10;9.65389e-10;2.36254e-10;4.9961e-09;1.6059e-09;8.42475e-09;3.96888e-08;3.38589e-09;1.62316e-09;1.65508e-09;3.49873e-08;8.26285e-10;1.11008e-08;4.62722e-09;1.10139e-09;4.06187e-09;4.78077e-07;3.9757e-10;8.53473e-09;1.22113e-07;4.72475e-07;1.05746e-08;1.07046e-08;6.15219e-09;1.04134e-10;1.2624e-09;1.98956e-10;2.63085e-10;5.83465e-10;1.86509e-09;1.42809e-07;8.85823e-10;5.9053e-09;3.42662e-09;1.95942e-09;4.70877e-10;1.13507e-09;1.94295e-09;2.77153e-09;1.36593e-09;9.0442e-08;6.94531e-09;9.5112e-09;1.56731e-08;5.90325e-09;6.65404e-08;1.57917e-09;4.26236e-08;3.10994e-09;3.18422e-10;1.60117e-09;1.20409e-09;5.34975e-08;1.35698e-08;8.17567e-10;2.84574e-07;2.06006e-09;4.00024e-09;1.10499e-10;4.4457e-09;4.43759e-10;1.90831e-09;8.57328e-10;3.23319e-10;2.93083e-10;4.79714e-10;3.80424e-09;4.27838e-10;1.22146e-09;1.7478e-09;7.36525e-10;4.85672e-10;7.19095e-10;1.03057e-09;2.07562e-08;9.01419e-10;4.88968e-10;2.17296e-08;1.17727e-09;5.63659e-10;2.89688e-09;1.18936e-09;5.58505e-09;3.8896e-09;3.01015e-07;2.16696e-09;2.39726e-06;5.11774e-08;1.0527e-07;4.47492e-09;4.58202e-09;5.43064e-09;3.67677e-10;8.45536e-10;6.42142e-10;1.12895e-08;5.95833e-10;8.27945e-09;1.20827e-08;1.87233e-08;7.14793e-10;3.04139e-09;6.77298e-10;1.32104e-09;1.10339e-09;3.49504e-08;2.88699e-10;7.10208e-09;7.96176e-08;3.27565e-09;2.76997e-09;1.10982e-09;4.69483e-09;2.33268e-09;3.20654e-09;7.99639e-10;2.18962e-09;1.58402e-09;1.1658e-08;2.79869e-10;2.372e-09;6.11659e-07;9.5e-10;1.2131e-09;1.63272e-09;1.71574e-09;5.46408e-09;3.25067e-09;2.42973e-09;1.0507e-07;5.08553e-08;3.93529e-09;9.19716e-08;3.11243e-10;7.79101e-10;2.55623e-10;9.09621e-09;1.4414e-10;1.87168e-10;1.29819e-08;3.34379e-09;5.22843e-09;1.04052e-07;2.70815e-09;1.98446e-08;1.86411e-09;4.47178e-10;3.2848e-09;3.61605e-10;3.15656e-08;1.16116e-08;9.2412e-10;6.37079e-08;8.4129e-09;4.92365e-09;2.11702e-09;1.6041e-08;1.39145e-09;8.68508e-09;1.4094e-09;3.77182e-10;7.72539e-10;3.6511e-09;2.61434e-09;9.59622e-10;5.67594e-10;1.12571e-08;1.30421e-09;2.0404e-09;3.9501e-09;3.61637e-08;3.59161e-09;1.33438e-08;1.59786e-08;4.42706e-11;2.47583e-10;2.45094e-10;9.14448e-11;4.16823e-11;1.48835e-09;9.90452e-10;1.42293e-08;1.00936e-06;7.42053e-08;1.4803e-09;8.61208e-10;5.06669e-09;3.85513e-09;1.17277e-10;6.70669e-10;7.78823e-10;9.25874e-08;1.70283e-09;1.2951e-08;9.61988e-07;9.94022e-09;3.0382e-09;3.28856e-09;7.30734e-10;3.66841e-09;1.6606e-09;3.29248e-09;1.02319e-11;3.67212e-11;3.62971e-12;1.55294e-11;9.26959e-11;4.92116e-10;2.17609e-07;1.49469e-09;3.99199e-10;4.15803e-10;3.3459e-10;4.73734e-10;5.8002e-09;2.20581e-09;5.17331e-09;6.52039e-09;9.69896e-09;4.38632e-10;1.15374e-09;5.1875e-06;2.16283e-08;2.5992e-08;5.43572e-08;5.32335e-09;5.49347e-09;2.38794e-06;2.63751e-09;1.97774e-09;2.6994e-09;2.08999e-09;6.93399e-09;5.37662e-09;3.53344e-07;2.45059e-09;5.13269e-09;4.89508e-08;1.75598e-10;7.08936e-10;1.73848e-10;2.86627e-10;2.97934e-11;1.5836e-10;1.76629e-09;1.01329e-10;4.51298e-10;7.52624e-10;8.91811e-10;6.02969e-10
3.31598e-09;7.31975e-08;5.81728e-08;9.35545e-09;2.01359e-06;2.40888e-07;4.8687e-08;2.3461e-08;8.2984e-09;1.28008e-08;1.35879e-07;1.28848e-07;7.07925e-09;1.26634e-08;9.9169e-09;1.04369e-09;1.74901e-08;1.19845e-08;1.07322e-09;1.63689e-08;8.03894e-09;1.04746e-09;1.35593e-08;1.78658e-08;3.09069e-09;4.47174e-08;7.99827e-09;2.67968e-07;3.39104e-08;5.85607e-09;5.40664e-09;1.95723e-08;1.24054e-07;6.01045e-07;4.0026e-08;1.04209e-08;1.91204e-08;5.1086e-09;2.18009e-07;3.4092e-09;5.69396e-09;4.08515e-10;3.75268e-10;1.73245e-10;2.57664e-07;3.90488e-08;2.57535e-08;3.65987e-09;7.7688e-09;1.49546e-10;3.04087e-10;2.83788e-09;1.47279e-08;4.8629e-10;3.99787e-07;9.13895e-09;8.48058e-08;3.0943e-08;1.72741e-08;5.65865e-09;6.11265e-08;3.39338e-08;4.17212e-07;1.08648e-07;9.89784e-09;3.51721e-08;1.21959e-08;1.85757e-08;5.85574e-09;1.61778e-08;1.26184e-08;6.14466e-07;2.11312e-09;2.30558e-07;6.78117e-08;1.22137e-08;1.62789e-08;2.81749e-08;7.4539e-08;6.51673e-09;5.59453e-08;5.09622e-08;1.80423e-08;3.71854e-09;1.29474e-07;2.33552e-08;5.02959e-08;1.77505e-09;2.31391e-08;7.4536e-09;4.93951e-09;7.09054e-09;8.97357e-09;1.87895e-08;8.74461e-09;1.35654e-08;6.07722e-09;2.73018e-08;4.81611e-08;1.80375e-08;1.22843e-08;9.84172e-09;1.20915e-07;4.62107e-08;2.33936e-07;5.01507e-07;3.83125e-08;2.28248e-08;1.9594e-08;8.81553e-07;6.31715e-07;3.23927e-07;3.62578e-08;9.55628e-09;4.58407e-09;2.04914e-08;3.05076e-09;5.99954e-08;9.11727e-08;3.76819e-08;1.79809e-08;1.12551e-07;3.68473e-08;1.59844e-08;7.85973e-09;8.26681e-10;5.55397e-08;1.25624e-09;4.207e-07;8.65187e-09;2.84824e-09;8.30966e-09;8.02945e-09;1.25283e-07;1.80106e-09;1.33172e-08;2.12038e-09;4.46776e-09;5.99637e-09;1.43244e-07;4.2726e-09;1.77548e-08;7.19282e-09;1.11486e-08;5.71108e-10;1.03139e-08;5.5154e-09;2.78998e-08;5.38064e-09;8.49722e-09;6.73422e-10;5.71005e-09;1.70919e-08;2.11861e-08;1.13601e-08;9.11847e-09;5.46192e-09;1.13717e-08;3.26783e-08;1.15339e-08;1.56036e-08;3.49179e-09;1.64844e-09;1.97303e-08;5.4863e-07;5.17082e-08;4.52098e-09;9.61733e-08;5.64416e-08;4.1663e-09;1.07079e-08;3.4337e-08;1.256e-08;4.9926e-08;1.97265e-08;8.05886e-08;2.3373e-08;5.26797e-08;4.85784e-08;3.81536e-08;7.85225e-09;3.14579e-08;9.89489e-09;1.06884e-06;1.00555e-07;6.4043e-07;4.41258e-08;1.40414e-08;8.95504e-08;1.4053e-08;4.00448e-08;1.0765e-08;2.32445e-08;1.06512e-08;1.03308e-06;1.09404e-08;1.89007e-06;5.73088e-08;3.17053e-08;4.47222e-08;2.53166e-07;1.20497e-08;3.55806e-08;9.15111e-09;4.67399e-07;7.03772e-09;4.75839e-07;3.8428e-07;2.21828e-08;4.69951e-08;6.17508e-08;1.84953e-08;5.97014e-09;3.36428e-08;1.29543e-08;5.22622e-08;3.3771e-09;2.28683e-09;2.00993e-08;2.96764e-07;9.38207e-09;4.06095e-09;7.85117e-09;5.86489e-09;6.99813e-09;2.35235e-08;1.23468e-08;1.23984e-08;5.49411e-08;9.0052e-08;1.94955e-07;1.6173e-07;3.51574e-09;1.28852e-08;3.6283e-09;1.9547e-09;2.24446e-08;1.01983e-08;2.54816e-09;1.68225e-08;1.21704e-08;3.92425e-07;3.55389e-08;1.37379e-07;1.24629e-08;2.99565e-09;3.69214e-09;9.25889e-09;8.92253e-08;4.5251e-09;3.33992e-07;9.39698e-08;3.19072e-08;3.79045e-08;4.79845e-09;4.00832e-07;2.08948e-08;1.13513e-09;1.21863e-08;3.08395e-09;3.45441e-09;4.07317e-09;3.2247e-09;6.48126e-10;2.21582e-09;2.9517e-09;4.25853e-09;1.12905e-08;2.55753e-09;5.35304e-08;8.60429e-09;2.00792e-08;0.000207414;6.65388e-06;1.85756e-06;6.45777e-06;0.110716;0.00144379;0.000584308;0.885743;4.85785e-06;0.000100491;1.66116e-06;0.000927831;7.07545e-05;0.000161297;5.86927e-09;9.70861e-10;7.03047e-10;3.66151e-09;3.09049e-09;3.79637e-09;1.60857e-08;1.41544e-10;1.21746e-08;9.08253e-09;4.25021e-09;2.00362e-10;5.12569e-09;1.95372e-09;7.85296e-09;2.29086e-08;5.59255e-09;2.79467e-09;1.02576e-07;5.43514e-08;1.91536e-08;1.95184e-09;6.56432e-09;1.78438e-08;1.172e-08;1.18424e-08;6.44931e-10;9.52274e-09;6.9603e-09;1.25454e-08;6.03191e-09;6.66281e-11;8.83913e-11;2.38838e-10;9.97139e-10;1.10103e-08;1.31685e-08;9.42916e-10;2.71085e-08;1.08383e-08;9.32516e-09;8.07168e-08;8.63018e-08;3.28572e-09;1.09524e-08;1.74274e-08;1.41045e-08;6.1414e-09;1.27916e-08;1.3e-07;5.81197e-08;3.96591e-11;3.17317e-09;4.92374e-09;4.05063e-09;8.95566e-09;6.00041e-09;2.33972e-11;1.1026e-09;2.61224e-08;1.68364e-09;2.14943e-10;2.87904e-09
3.15998e-09;3.99408e-08;1.1475e-07;1.3878e-09;7.70893e-08;1.24348e-07;4.23838e-08;2.61481e-06;4.17127e-08;1.17964e-07;3.04205e-06;6.63882e-07;3.12045e-09;9.0538e-08;3.37171e-07;1.01383e-07;9.39784e-07;8.89654e-08;1.29901e-06;7.57063e-08;2.12278e-06;3.6396e-08;8.15202e-08;5.6853e-07;1.66494e-06;1.99531e-05;1.47455e-06;2.70375e-07;5.46258e-08;4.08395e-08;1.33734e-08;9.63577e-07;6.72051e-06;1.86361e-06;6.30953e-09;3.45427e-08;7.78549e-08;4.93948e-08;3.65448e-06;6.50492e-08;1.36509e-08;1.83089e-08;3.19527e-08;1.15773e-08;4.98009e-07;2.17268e-07;1.13736e-08;9.66207e-09;1.94719e-08;4.33224e-10;3.38027e-08;4.59204e-08;1.76648e-07;6.28785e-07;2.46086e-07;2.29654e-07;2.80911e-07;2.57385e-07;8.52054e-08;1.76615e-07;4.70353e-07;3.88057e-07;1.87663e-06;7.67198e-08;7.35232e-08;3.18371e-06;3.39884e-06;3.69043e-07;8.69526e-08;8.88751e-08;1.70336e-07;1.04743e-05;5.32209e-07;4.00882e-05;1.99813e-08;1.05267e-07;1.00154e-07;5.37862e-06;8.32519e-07;1.02658e-06;6.02814e-07;4.37508e-07;4.68037e-08;4.7912e-08;2.73432e-07;2.12216e-06;3.56512e-06;5.75772e-09;1.57408e-07;8.00484e-08;3.95306e-08;1.00938e-07;8.29373e-08;7.00475e-08;6.02045e-07;7.4757e-06;1.55849e-09;4.52619e-07;2.87774e-07;3.60651e-08;1.86334e-07;6.6278e-08;1.77757e-07;7.46745e-07;5.83039e-07;3.13551e-08;4.93089e-07;8.30673e-08;2.5559e-08;4.47498e-05;1.72793e-06;2.18527e-05;3.31872e-07;9.14462e-08;4.81198e-08;8.00151e-08;1.59661e-07;2.32784e-05;1.93174e-07;9.21662e-06;8.24033e-06;1.12879e-05;5.88833e-06;3.55389e-09;1.59e-09;8.66203e-10;6.03346e-10;1.37578e-08;2.20661e-08;5.99003e-09;7.86799e-08;5.52815e-08;3.09951e-08;1.82935e-06;7.94851e-07;3.16033e-07;5.0213e-08;4.32975e-08;5.88946e-08;1.02546e-07;5.61964e-07;9.98461e-07;8.81927e-09;1.49169e-07;4.53329e-06;1.20872e-05;9.17783e-07;2.6552e-07;1.45765e-07;1.26516e-07;3.06889e-09;2.91201e-08;3.53052e-08;4.31814e-07;4.33817e-09;8.03706e-08;2.87926e-05;6.79199e-06;1.85336e-05;1.17575e-07;4.21567e-08;8.93291e-08;3.46939e-08;2.84344e-07;3.02456e-07;3.08e-08;3.74944e-06;5.19609e-05;4.79675e-06;1.69015e-07;4.04371e-07;1.84496e-07;1.33431e-07;2.14628e-08;7.73064e-07;1.00024e-06;5.80088e-08;3.25388e-06;5.91888e-06;2.90161e-05;3.30674e-08;1.14634e-08;9.19867e-09;2.36652e-08;7.1909e-07;3.52833e-07;1.43439e-08;6.32122e-06;1.19305e-05;4.57419e-07;2.97602e-07;1.1695e-07;1.16102e-07;1.32368e-07;4.6092e-08;1.30336e-07;9.00242e-08;4.48079e-08;2.88642e-06;3.08907e-06;4.89973e-06;2.69993e-07;1.88963e-07;1.15592e-07;6.60011e-07;1.07944e-06;1.54058e-05;5.45002e-07;2.59848e-07;9.94926e-08;1.21597e-05;6.00365e-06;1.59347e-06;6.74173e-07;1.75687e-05;5.71166e-05;4.13714e-05;0.203599;0.693725;0.101769;9.1476e-05;5.11101e-08;7.60725e-07;6.84843e-08;1.04759e-07;3.78618e-07;2.45219e-07;1.37362e-07;5.81237e-07;1.76681e-05;2.32661e-06;3.98263e-07;9.22055e-09;2.96607e-08;4.4711e-08;1.78736e-08;2.3877e-06;1.31126e-07;2.64805e-09;9.2677e-08;6.52176e-08;1.96294e-07;4.14337e-07;2.04505e-07;9.44188e-08;1.82935e-08;5.11986e-08;6.15858e-08;7.53871e-07;3.83595e-07;4.32504e-06;1.14607e-07;4.00057e-08;1.51232e-07;1.97602e-08;4.82118e-07;2.78959e-07;1.15968e-08;9.5649e-08;1.83286e-07;2.08953e-07;8.48266e-08;2.0693e-07;1.13483e-06;3.63103e-05;2.33917e-08;6.33111e-08;1.27845e-07;1.49605e-08;2.46581e-07;1.3136e-07;1.10939e-06;2.48613e-07;2.89538e-09;8.69837e-09;2.34867e-09;2.84144e-09;2.70727e-09;2.8123e-08;1.05751e-07;4.06373e-08;7.3276e-08;2.17702e-08;1.27584e-05;9.80853e-08;1.99478e-07;6.62133e-06;1.57223e-09;2.50632e-08;1.6737e-09;3.54339e-08;1.86647e-06;9.86284e-06;5.58906e-09;7.55394e-09;8.7009e-08;1.19522e-07;2.38063e-08;2.13155e-07;2.08227e-07;8.7631e-08;1.1308e-09;2.06676e-08;1.70334e-09;1.14319e-08;2.48273e-07;4.03353e-08;9.94588e-09;7.3374e-08;7.76297e-08;2.24748e-05;4.83072e-06;2.73939e-07;6.33631e-08;4.21168e-08;5.77166e-08;3.52442e-08;1.82092e-07;1.97496e-07;7.65236e-08;2.76015e-08;1.14301e-06;3.85666e-07;1.3592e-06;2.21339e-08;9.93661e-08;1.05288e-09;7.4567e-08;7.40379e-07;2.86389e-07;3.7037e-08;4.93022e-08;1.16447e-07;1.78779e-07;1.02522e-07;1.07819e-07;1.55993e-07;7.57512e-08;4.36051e-07;7.96513e-08;1.20119e-06;1.73263e-06;3.67714e-07;1.02086e-08;2.96143e-07;2.82938e-07;5.6905e-07;1.0053e-08;3.71667e-05
7.9596e-06;6.37062e-07;8.67814e-06;1.05241e-07;3.40034e-05;1.73581e-06;9.22771e-06;9.00714e-06;1.22505e-06;8.8294e-07;1.19135e-06;1.80161e-06;5.87508e-06;1.24645e-06;2.65899e-06;2.10469e-05;3.27907e-06;1.20671e-06;5.21284e-06;8.55658e-07;3.22609e-05;2.94596e-06;5.62161e-07;2.84097e-06;2.17995e-05;6.0615e-06;1.15389e-05;2.12138e-06;6.27943e-07;1.14202e-06;1.60497e-08;4.60643e-08;9.61464e-07;9.04559e-08;2.7444e-05;5.12455e-06;1.04305e-06;3.14701e-06;3.74723e-06;7.51508e-05;2.91724e-07;6.19219e-06;4.68099e-06;1.44728e-07;3.66792e-06;0.000210859;5.01927e-07;2.24664e-07;2.23114e-07;9.12737e-09;8.18792e-07;1.04141e-05;4.26377e-06;8.56551e-06;1.57762e-06;6.99531e-06;1.5383e-06;2.64008e-06;9.48067e-07;1.26021e-06;1.50904e-06;1.42099e-05;3.26448e-06;0.000147631;1.3108e-06;1.36592e-06;1.50986e-06;1.02622e-06;1.1115e-06;4.35422e-07;5.90548e-07;4.8112e-06;3.98245e-05;3.22835e-06;0.000139295;2.11276e-06;9.93337e-07;2.48433e-05;1.5644e-06;3.89588e-05;1.5038e-05;1.33336e-06;3.62551e-07;6.61034e-07;2.69474e-08;3.06445e-06;3.2946e-05;1.59875e-05;4.72957e-06;3.2816e-06;2.64198e-06;1.60816e-06;1.58638e-06;1.81828e-07;1.2599e-05;1.11136e-06;1.40868e-05;2.73671e-06;1.80993e-06;1.22985e-06;1.96692e-07;4.6347e-08;6.02788e-08;1.67692e-05;1.75545e-06;3.10567e-06;8.97357e-06;2.26258e-06;7.2123e-07;8.08981e-07;2.25531e-06;3.74029e-06;1.35736e-05;1.87625e-06;4.04425e-07;1.81111e-06;1.89124e-06;3.91419e-06;1.10416e-05;2.94897e-06;5.07943e-06;7.25491e-06;2.42879e-06;2.52447e-06;1.08401e-06;6.49235e-08;9.63816e-07;0.000106609;2.73425e-06;0.00050847;1.29526e-05;3.97687e-06;2.94305e-06;4.42064e-06;2.03913e-05;6.42176e-06;4.04431e-06;2.0583e-06;4.8764e-07;1.61349e-06;6.38339e-05;1.1821e-05;0.000249103;7.42274e-06;3.34056e-05;3.30391e-06;1.24598e-05;1.89623e-05;5.50245e-06;1.10697e-06;8.07938e-07;2.44092e-05;0.000118328;2.30408e-06;1.26539e-05;2.45431e-06;4.88981e-06;1.86947e-06;2.95156e-05;4.4516e-06;1.12317e-06;9.9035e-07;1.25502e-07;1.45076e-06;1.54988e-06;1.61948e-06;8.05104e-08;1.50995e-06;4.26686e-07;4.75348e-06;1.05103e-06;1.43004e-06;2.50927e-06;4.5581e-06;9.55304e-06;3.32122e-06;4.64918e-05;1.54075e-07;3.12413e-06;2.30579e-06;1.17612e-05;1.09668e-06;8.20058e-07;9.45769e-07;7.90724e-05;7.28685e-06;2.94539e-06;3.16318e-07;5.00857e-06;1.92205e-06;2.56544e-06;2.70457e-06;8.78971e-07;3.73768e-07;1.28988e-07;1.10455e-06;8.21788e-08;4.24894e-06;6.9838e-07;6.30952e-07;3.74829e-07;4.77151e-06;6.26905e-06;6.23233e-06;9.20209e-05;0.000221883;0.000104633;0.000133242;1.17715e-05;1.82743e-06;1.72249e-05;3.52697e-06;4.90579e-06;2.22749e-06;1.74213e-06;1.20752e-06;3.43366e-07;6.95177e-07;2.65318e-06;1.00728e-05;0.000133343;9.89885e-07;2.82832e-06;1.01038e-06;3.05853e-06;6.87439e-06;1.07669e-06;7.96413e-07;7.11043e-07;1.73025e-06;5.24266e-07;2.1812e-06;1.3701e-06;4.16584e-07;1.21615e-07;7.07592e-08;1.06695e-06;1.01397e-08;6.84391e-06;3.1236e-06;2.25407e-06;1.57686e-06;8.20195e-06;1.65314e-06;2.26582e-06;1.71238e-06;6.1272e-07;1.31056e-07;3.4994e-09;3.77547e-07;1.53434e-06;7.71378e-06;9.17671e-06;3.45067e-06;2.21975e-06;5.70193e-06;2.54982e-05;1.07765e-05;2.14376e-06;5.04153e-06;8.43077e-07;5.99799e-07;1.46063e-07;9.67726e-05;1.10381e-05;2.53384e-05;2.07493e-06;2.36199e-06;7.74421e-07;4.39401e-05;4.73053e-06;6.61692e-05;2.02525e-07;2.02376e-07;1.2183e-07;1.63145e-08;5.0499e-07;1.27288e-06;1.89135e-06;1.61752e-07;3.60642e-06;8.39092e-07;3.8396e-06;8.19288e-07;2.92342e-05;1.3876e-05;1.35167e-05;2.4042e-06;1.01084e-06;1.61411e-08;8.58134e-07;2.8478e-06;3.78615e-05;2.39519e-07;4.00013e-06;5.15913e-06;2.0945e-06;7.06658e-06;0.000115496;1.38064e-05;2.71939e-06;1.89941e-06;1.44278e-06;2.00732e-07;6.73195e-06;3.69597e-06;2.61168e-05;1.37887e-05;1.17792e-05;8.08972e-07;1.93425e-07;1.35855e-05;3.85059e-06;9.68305e-06;0.000188028;9.1601e-05;1.57001e-05;0.0248314;0.800893;0.00335498;0.157148;0.00434525;0.000429038;0.00398596;1.60391e-05;2.04703e-06;4.35684e-09;1.80609e-06;7.24673e-07;1.30609e-05;6.36575e-06;5.49967e-06;2.31121e-06;1.73053e-05;3.50583e-06;1.47733e-06;1.03217e-05;0.000344793;8.85858e-06;8.79669e-07;1.28852e-09;1.92177e-07;1.69545e-06;6.73921e-08;4.96745e-07;1.46194e-07;9.49605e-08;7.56818e-06;4.48672e-05
1.16902e-05;7.19103e-06;5.27924e-06;3.24981e-07;8.07724e-06;5.10723e-06;5.60625e-06;2.50345e-05;1.78187e-06;3.97605e-06;3.08334e-06;5.01631e-06;8.43963e-08;4.47522e-06;4.24629e-06;2.80841e-06;1.69821e-05;2.34119e-06;2.77198e-06;2.62745e-06;1.32418e-05;6.2273e-07;2.94829e-06;2.89553e-06;7.00467e-06;2.66651e-06;3.63282e-06;3.7255e-05;2.847e-06;1.95801e-05;2.51401e-06;7.96069e-07;8.44968e-06;8.38058e-05;1.31945e-06;2.19236e-06;2.04388e-06;3.31311e-06;2.81412e-06;2.75493e-05;3.27791e-07;8.98609e-06;1.89154e-05;2.72331e-07;0.000176451;0.000196121;5.07657e-06;2.80804e-06;5.97512e-06;1.01783e-06;1.64963e-06;3.60029e-05;4.72511e-07;1.53767e-06;5.45391e-07;8.19577e-06;3.87786e-06;4.36757e-06;6.97528e-06;2.95686e-06;1.34216e-05;2.25912e-05;3.35263e-05;4.52606e-06;2.46732e-06;3.64407e-06;1.28309e-05;2.73886e-06;4.14102e-06;3.07591e-06;3.23492e-06;4.29894e-06;1.11817e-05;7.7999e-06;8.21099e-07;2.05563e-06;3.60759e-06;1.2941e-05;1.88848e-05;3.26033e-06;1.10381e-05;2.58067e-06;1.16365e-05;4.76068e-06;1.98402e-05;4.05135e-05;1.33894e-05;1.66294e-07;7.08151e-06;4.14403e-06;1.9114e-06;3.00486e-06;3.02562e-06;2.52617e-06;7.35094e-06;1.07892e-06;4.89032e-07;9.21574e-06;4.32363e-06;5.22942e-06;8.14574e-06;8.71326e-06;1.53112e-06;3.00842e-05;5.30522e-07;4.9235e-07;1.59347e-05;5.53977e-06;2.0536e-06;1.92431e-06;1.28035e-05;3.4699e-05;3.48275e-06;4.15134e-06;2.41312e-06;2.13551e-06;4.47501e-06;1.9796e-06;9.99316e-07;9.18129e-07;3.51882e-06;1.96917e-05;4.25719e-06;2.43142e-06;4.67197e-06;1.27254e-06;3.68057e-06;0.000204871;1.34644e-06;1.10214e-06;3.35818e-06;5.09831e-06;1.41664e-06;2.62626e-06;9.94598e-06;4.73978e-07;7.3957e-06;1.59962e-05;5.76133e-06;1.37735e-05;5.55438e-05;1.69338e-05;1.5135e-05;8.89305e-06;2.33566e-05;1.03969e-05;1.23513e-05;6.42076e-06;8.66272e-06;4.04797e-05;9.64258e-06;1.39641e-05;9.63618e-05;4.4773e-06;2.11907e-06;3.27704e-06;2.08199e-06;1.59097e-05;5.17378e-06;3.23925e-06;4.62364e-06;2.61909e-06;2.9771e-06;3.34164e-05;8.57472e-06;5.75636e-07;7.21098e-07;3.4347e-06;3.19633e-06;3.03692e-06;3.5568e-06;1.91079e-06;3.96502e-06;9.05876e-06;6.35715e-06;5.22071e-05;3.60116e-06;1.30245e-06;1.14618e-05;9.20924e-06;1.004e-05;3.2951e-06;4.12119e-06;4.14942e-05;0.000136499;3.11241e-06;3.17623e-06;4.90914e-06;1.31644e-05;3.72409e-06;4.13554e-06;1.03231e-05;8.93798e-06;3.87781e-06;4.34766e-05;3.78916e-05;1.02003e-05;6.61843e-06;1.82022e-06;4.91472e-06;3.22966e-06;1.7684e-06;3.08124e-06;2.5958e-06;2.82384e-05;8.45116e-06;1.41015e-05;2.45574e-06;2.5226e-06;7.83399e-06;4.57844e-06;5.05592e-06;5.4234e-06;4.19439e-06;3.36399e-06;1.83847e-06;8.80999e-07;9.87463e-06;8.65627e-06;2.04317e-05;3.05321e-07;1.42872e-06;4.12277e-06;1.83036e-06;6.10426e-06;3.04106e-06;1.6152e-06;1.85817e-06;6.71884e-06;2.00816e-06;2.38876e-06;3.23087e-07;4.16786e-06;6.66426e-06;8.63792e-07;5.78286e-06;2.39414e-05;3.0488e-06;3.10756e-07;6.29789e-06;3.25541e-06;5.66078e-06;2.03368e-05;1.55614e-05;4.74325e-06;8.38904e-07;1.93253e-06;8.90088e-07;4.1523e-07;7.8905e-07;1.32159e-06;8.21536e-07;2.00096e-06;3.34978e-06;8.54489e-07;6.66356e-06;1.25822e-05;1.16953e-06;2.94743e-06;9.38186e-06;7.93604e-06;2.11035e-06;1.77363e-06;3.7028e-05;4.44681e-06;7.34134e-07;3.31757e-06;2.60124e-06;8.44032e-06;7.97773e-07;4.0236e-06;2.99302e-06;1.86393e-07;8.26958e-07;2.48671e-06;5.66283e-07;4.18273e-06;1.34734e-05;7.63137e-07;4.11006e-07;6.53443e-06;1.07016e-05;8.23033e-06;6.09628e-06;1.89705e-05;9.82447e-06;1.41717e-05;8.32953e-07;2.51207e-06;1.10864e-06;6.71972e-08;4.68703e-05;1.11779e-06;4.15825e-06;1.22161e-05;6.49578e-06;2.21183e-06;7.12129e-07;1.13822e-05;1.18006e-06;3.77762e-06;0.000404646;0.00174526;0.00198492;0.181174;0.630643;0.00622796;0.00544455;3.97749e-05;3.62985e-05;0.162334;0.00590701;0.000711689;4.0297e-06;6.03243e-06;1.56758e-05;5.65061e-06;6.33345e-06;2.60277e-05;2.17813e-07;1.4946e-06;4.35476e-06;6.19075e-06;1.33398e-06;2.39468e-05;7.80141e-06;7.06898e-07;2.33141e-06;1.0461e-06;6.09115e-07;1.21867e-05;1.87833e-05;1.82234e-06;3.47117e-06;2.70248e-06;1.15999e-05;2.78914e-05;9.18121e-06;2.75462e-06;3.07159e-06;9.52041e-07;2.02567e-05;2.30297e-06;1.03629e-07;2.44578e-06;4.46209e-06;2.33624e-06;2.48532e-07;3.66503e-05
