1.34426e-08;2.07898e-08;7.57121e-08;1.10133e-07;3.75113e-08;2.10342e-07;5.42517e-08;2.41658e-06;9.52791e-08;1.03422e-07;1.44806e-08;4.65181e-08;2.66894e-07;3.39884e-08;7.05019e-08;6.53394e-08;5.92712e-07;6.57489e-08;3.99436e-07;7.9683e-07;7.97729e-06;4.92574e-09;9.57359e-08;1.38984e-08;1.02161e-07;1.03154e-07;4.7723e-07;2.18553e-08;1.40922e-09;2.3856e-08;3.00298e-08;2.45893e-08;6.90779e-07;1.988e-07;3.66021e-08;2.80153e-08;1.08169e-07;1.20318e-07;1.192e-07;4.84348e-08;2.41687e-07;1.44298e-07;1.79635e-07;2.54721e-07;6.20067e-08;6.2399e-08;3.37571e-08;2.12728e-09;1.76786e-07;5.81547e-08;2.45217e-08;3.52121e-08;1.42496e-07;2.47194e-07;2.11936e-09;8.93955e-08;1.26156e-07;2.67861e-08;7.20301e-08;2.0055e-07;1.42709e-07;5.26944e-08;1.11646e-06;2.14529e-07;9.36267e-08;6.69487e-08;1.58585e-07;5.94137e-08;6.76265e-09;9.52807e-08;2.97031e-07;7.5734e-08;4.35292e-07;4.0058e-07;6.10657e-08;7.78677e-08;1.16038e-07;2.83852e-07;4.58357e-07;1.1083e-06;2.48292e-08;1.59597e-09;5.17756e-08;1.48858e-07;5.58513e-08;3.32052e-07;7.5098e-08;8.13065e-08;7.02036e-08;9.11389e-08;2.43228e-08;2.48006e-07;6.58937e-08;3.40307e-07;1.95367e-06;3.30553e-07;2.85149e-08;8.00874e-07;2.20595e-07;6.45318e-09;9.82908e-08;1.78945e-07;4.94576e-07;7.5805e-07;9.19092e-07;1.03696e-07;3.03719e-08;4.64328e-08;8.26233e-08;1.31177e-07;5.08702e-07;2.44503e-06;3.1644e-08;9.90793e-08;1.6285e-07;2.21288e-07;1.37841e-06;2.74876e-07;4.75891e-07;9.89384e-08;1.64199e-07;8.04458e-08;2.0924e-07;3.46517e-10;4.02504e-08;7.89204e-08;6.38978e-08;5.32849e-07;7.94913e-07;8.05516e-08;1.32384e-08;1.51315e-07;3.7605e-07;8.26498e-08;2.77595e-07;3.45244e-07;5.60106e-09;1.83575e-07;4.23763e-07;8.31382e-08;4.00999e-07;5.33174e-07;4.1804e-08;3.88003e-08;1.66974e-07;7.19585e-07;1.35219e-07;9.3494e-08;5.09581e-09;1.46947e-07;8.51747e-08;6.37831e-08;1.97147e-07;1.90377e-08;7.0475e-09;8.35873e-08;5.18456e-09;8.36522e-08;5.55655e-07;3.02834e-08;7.61474e-08;8.55864e-08;1.24713e-07;1.39338e-06;5.7143e-07;1.28878e-07;1.7875e-07;3.09682e-07;2.7697e-07;1.17772e-07;1.5802e-08;1.05971e-07;1.0312e-07;1.64195e-08;7.70945e-07;6.43812e-08;3.73532e-07;1.72873e-07;7.18913e-08;3.09393e-07;1.50212e-08;3.81558e-07;9.33825e-07;2.33975e-07;6.11491e-07;7.15933e-07;7.64778e-07;5.27367e-07;4.76786e-07;2.23626e-07;1.63041e-07;1.02314e-08;8.32409e-08;1.51677e-07;1.75759e-07;2.0476e-07;1.21709e-07;2.10467e-08;8.14048e-08;2.6508e-07;3.41452e-07;1.60087e-08;9.0874e-08;1.18023e-07;1.32409e-07;6.91402e-07;6.98824e-07;8.77749e-08;3.13672e-08;5.57187e-08;1.84848e-08;8.69612e-08;6.41998e-08;1.08469e-07;1.15646e-09;1.56344e-07;3.90214e-07;3.51219e-07;1.84272e-07;2.38128e-07;8.12675e-09;5.94021e-08;7.08144e-08;4.67986e-08;7.95418e-08;2.79399e-08;4.54454e-07;1.98787e-07;2.32921e-07;8.25432e-06;1.33734e-06;4.51283e-07;1.03837e-05;0.000204502;0.000106803;0.941534;0.0408104;0.0102333;0.00670949;5.07505e-07;1.88787e-06;0.00013596;3.24921e-05;9.95867e-05;7.83484e-08;4.57253e-09;1.65593e-07;1.37452e-07;3.60348e-07;2.24697e-07;2.8599e-06;4.03799e-07;1.59456e-08;1.10845e-07;1.66672e-07;1.9336e-07;1.15622e-07;8.42241e-08;9.94082e-08;3.6774e-08;2.63583e-07;1.84866e-07;1.51914e-06;2.26115e-08;2.61531e-06;4.43652e-08;8.22212e-08;1.57046e-07;1.4483e-07;2.17883e-08;8.40266e-08;4.05085e-07;1.32718e-07;5.44255e-10;1.3166e-08;3.6374e-08;1.02446e-07;1.49779e-09;1.45337e-07;2.69854e-08;1.68973e-08;3.15473e-07;1.81774e-07;6.08868e-09;3.41258e-07;3.47691e-07;1.24203e-07;1.76866e-10;1.14183e-08;2.14614e-08;5.5207e-07;5.38794e-08;1.90302e-07;4.79562e-06;1.89445e-08;7.58319e-08;1.25719e-07;1.84924e-08;6.65715e-08;1.80881e-07;5.43758e-08;7.04933e-10;3.00982e-08;1.49058e-08;2.773e-08;2.73585e-07;7.85264e-08;1.53883e-06;1.19875e-08;5.62356e-08;1.55529e-09;1.29471e-07;6.77135e-07;6.25889e-08;3.58457e-09;6.81596e-08;1.3955e-07;4.50787e-08;1.36209e-07;1.27563e-07;7.23331e-07;3.61765e-08;2.07049e-07;8.24661e-09;1.61999e-08;1.48163e-07;2.21934e-05;6.63035e-07;1.5809e-07;1.06627e-08;1.3616e-08;8.52071e-08;1.47499e-07;1.74302e-08;6.66908e-08;4.42893e-07;1.15214e-07;1.26219e-08;9.30069e-09;1.10507e-07;3.13517e-08;1.27607e-06;3.08232e-07;3.4914e-07;1.82156e-09;3.0882e-07;2.26174e-07;1.58285e-08;5.77483e-07
2.15005e-06;1.427e-05;3.01581e-06;1.84892e-06;3.56038e-06;2.62175e-06;9.39248e-07;1.96051e-05;2.50177e-06;1.02801e-06;2.85119e-05;1.04405e-06;2.47472e-05;2.06952e-06;3.78014e-06;4.51166e-06;3.80931e-06;7.19551e-07;4.54298e-07;1.48529e-06;4.1922e-06;1.3771e-06;5.91314e-07;1.50881e-05;6.04433e-07;1.07104e-06;1.14008e-06;4.82233e-08;1.9441e-06;9.05148e-08;5.08481e-08;2.34665e-05;1.35976e-05;5.73941e-07;3.8777e-06;5.56911e-06;1.59534e-06;2.15895e-06;2.39504e-06;4.83652e-06;9.3428e-06;2.02383e-06;1.35212e-06;1.68151e-07;2.88053e-07;1.17027e-06;1.05614e-07;5.78303e-07;2.97439e-07;3.85908e-08;1.07081e-06;2.3728e-07;3.82876e-07;3.31111e-06;1.13121e-08;3.87117e-06;8.20104e-07;4.87501e-06;1.90654e-06;4.55088e-06;8.80933e-07;1.42292e-05;2.89828e-06;1.13437e-05;8.43227e-07;9.85618e-06;1.12954e-06;1.27877e-06;3.63955e-06;1.55204e-06;1.01692e-06;1.18825e-06;6.64305e-06;2.31896e-07;2.8864e-06;1.66935e-06;2.31137e-06;1.28902e-06;1.3942e-06;2.74074e-05;4.28361e-06;5.06743e-06;1.00588e-06;3.95419e-06;6.45308e-06;4.35208e-06;4.07186e-07;7.74772e-06;4.53399e-06;5.69239e-07;3.10814e-06;1.22652e-06;1.10329e-06;1.56201e-06;1.76049e-05;2.61679e-06;1.90757e-07;1.96547e-06;2.74244e-06;1.44348e-06;8.48575e-07;3.75456e-07;2.39475e-05;3.28124e-05;5.89957e-06;8.04859e-05;3.97145e-06;1.89732e-06;1.40748e-06;1.41538e-06;8.73546e-05;1.7033e-06;1.72643e-06;1.14151e-06;1.22689e-06;1.37724e-05;0.000152212;1.49903e-05;4.7116e-06;1.35539e-05;1.36355e-05;2.50819e-06;4.94561e-06;2.16133e-06;2.17189e-06;1.79091e-07;3.56424e-05;1.8438e-06;6.63325e-05;2.146e-05;1.52688e-05;4.19588e-06;1.28603e-05;0.000207325;4.57342e-06;1.75771e-05;2.85331e-06;1.28778e-06;1.76525e-06;1.88295e-06;1.41179e-06;1.11698e-06;1.82636e-06;1.09904e-06;4.36924e-07;6.18303e-06;2.55505e-06;0.00011077;0.00353902;0.00839065;0.00193871;0.912559;0.0534421;0.00903639;0.000483738;1.01799e-06;0.00196408;0.000235348;0.00442064;1.24953e-05;1.07679e-06;1.55711e-06;3.39099e-06;5.39244e-06;3.62819e-06;7.60547e-07;1.58346e-06;5.97323e-06;7.2697e-06;2.93234e-06;2.5099e-06;1.84106e-06;2.99073e-06;1.44546e-06;1.87696e-06;1.17541e-06;1.9352e-06;1.85911e-06;6.05612e-06;2.74003e-05;1.44596e-06;1.11023e-06;1.39408e-07;1.96419e-07;2.67917e-07;2.43859e-08;3.38839e-06;2.82511e-06;1.41697e-06;2.5843e-06;5.95359e-06;3.6004e-06;2.71788e-06;2.31906e-06;8.12077e-06;5.6831e-06;4.18915e-07;7.64288e-06;2.82267e-06;1.451e-06;3.34475e-06;1.10317e-05;1.9618e-06;1.39767e-06;0.000370108;0.000117007;1.5746e-05;1.1437e-05;9.07983e-06;9.1648e-07;1.19078e-05;3.94044e-06;7.58351e-06;1.81465e-06;1.10492e-05;1.57807e-06;9.85611e-07;1.45126e-05;6.23598e-07;8.80767e-07;1.32088e-07;1.19726e-06;2.05539e-06;4.74513e-07;1.36079e-06;2.28116e-06;3.15792e-06;2.17627e-06;1.27409e-05;4.17867e-07;1.63485e-06;7.37529e-07;6.59861e-06;8.52504e-07;8.67976e-07;1.81563e-05;6.6919e-06;1.45445e-07;1.03777e-05;1.45951e-06;1.76262e-06;7.16783e-06;3.19854e-06;8.88656e-06;2.97436e-06;1.97149e-05;2.22998e-06;6.15345e-06;3.49248e-06;9.13986e-06;2.06272e-05;1.32611e-05;3.56754e-06;2.09098e-06;1.93123e-06;3.63511e-06;4.28446e-07;6.44955e-07;2.42106e-06;2.58272e-06;1.71477e-06;8.38781e-07;1.30349e-07;1.03779e-05;1.34922e-06;3.86077e-08;1.31976e-06;9.50582e-07;4.4846e-07;6.95354e-06;1.82458e-06;7.53108e-06;9.35903e-07;1.5649e-07;4.72679e-07;2.54051e-07;7.42564e-05;2.11047e-07;7.05456e-06;1.30228e-05;2.19061e-06;1.14732e-06;1.43853e-06;3.16485e-06;2.39969e-06;5.10582e-05;2.6832e-06;1.60891e-07;2.05214e-08;7.57152e-09;0.00101932;7.28503e-07;3.82576e-06;1.38713e-09;8.76589e-07;1.15936e-06;1.1298e-06;6.34966e-06;4.56555e-06;6.74227e-07;8.184e-07;3.62764e-06;8.93178e-07;1.51621e-07;3.58724e-06;5.0562e-05;5.98425e-07;1.45718e-08;1.93515e-06;7.76422e-07;2.22001e-06;2.01452e-06;1.33729e-06;2.02e-06;2.76207e-06;2.29842e-06;2.16017e-06;0.000115709;3.56175e-06;3.01547e-07;3.78147e-07;1.2665e-05;3.08441e-06;7.23468e-07;1.52689e-06;1.11968e-06;2.58778e-09;1.65347e-06;1.40402e-07;7.1469e-05;3.55653e-06;4.30793e-06;1.77163e-06;3.41595e-08;1.48524e-06;3.58364e-06;4.31205e-06;1.34163e-05;5.61985e-06;6.0315e-06;2.24969e-06;6.81877e-05;4.23856e-06;4.03627e-06;1.78984e-06;1.75013e-06;1.68946e-06;1.91911e-06;7.38606e-07
1.904e-05;4.85871e-07;3.16495e-06;4.34085e-07;7.33241e-06;2.26038e-07;4.01527e-07;4.37407e-06;1.51354e-06;1.09727e-06;6.44666e-07;3.36647e-07;5.23004e-06;2.47331e-07;1.29859e-06;9.08225e-06;2.74253e-07;9.07438e-07;2.48663e-06;8.53525e-06;2.3339e-07;2.24852e-07;4.46072e-07;4.10231e-06;1.41221e-06;2.6774e-06;4.10899e-06;2.73422e-06;1.04967e-08;6.52622e-07;8.48684e-08;5.82747e-08;2.74566e-08;1.18652e-06;1.6689e-07;1.25168e-06;4.89596e-07;4.51363e-07;1.69435e-07;1.64414e-06;6.49766e-06;1.39875e-06;1.06289e-05;1.25218e-06;1.51711e-06;1.37942e-05;1.67445e-06;6.49341e-07;7.49302e-07;2.72683e-07;1.56724e-06;7.70503e-08;6.19249e-07;1.16483e-05;3.23266e-08;2.81511e-06;1.68627e-06;1.43578e-07;1.36703e-06;6.68719e-06;9.75801e-07;3.50368e-07;2.5948e-05;5.83431e-08;8.78389e-07;4.75195e-06;2.81909e-06;1.6448e-06;8.57261e-08;8.37375e-07;1.03483e-06;3.59755e-07;7.448e-07;3.72209e-07;2.37692e-08;4.25188e-07;4.37501e-07;1.54532e-05;3.75529e-07;8.45888e-06;3.42472e-07;7.07553e-08;1.90975e-06;5.9685e-07;8.02652e-07;3.80649e-07;3.97924e-06;4.31848e-06;1.45733e-06;3.83755e-07;1.00247e-06;2.39113e-06;5.93029e-07;6.9125e-06;7.55068e-07;2.36503e-06;3.73814e-06;6.72505e-05;1.18683e-06;2.03358e-08;1.83577e-06;3.84462e-07;3.99388e-07;3.30791e-08;1.50984e-07;6.80774e-07;3.78521e-07;9.37345e-07;4.43232e-07;8.89312e-08;2.59485e-08;3.41646e-06;3.72788e-07;5.64903e-07;9.5832e-06;1.44542e-06;3.68647e-07;1.82039e-06;1.33634e-05;6.39969e-06;1.17108e-06;8.40419e-07;1.55067e-06;1.42798e-08;2.06412e-07;3.19443e-07;1.07384e-06;4.58791e-08;9.52209e-07;2.22353e-08;8.00194e-07;2.81187e-06;9.67786e-07;7.19074e-06;9.62435e-08;9.75316e-06;7.72201e-07;1.67619e-06;2.87144e-06;2.76916e-06;1.15646e-06;1.80627e-05;1.26075e-06;8.73e-07;1.00973e-05;2.33567e-06;2.40484e-06;3.4722e-06;1.28649e-06;2.12477e-05;8.60492e-06;1.8605e-05;1.83014e-07;5.17926e-05;3.30178e-06;5.25933e-07;2.53807e-06;1.22851e-06;3.86544e-06;1.00911e-06;1.28537e-06;8.25402e-07;6.13774e-07;1.21914e-07;3.23782e-06;8.64864e-07;5.87751e-06;3.44458e-07;3.82984e-06;7.80602e-07;1.34019e-06;8.08485e-07;2.02534e-06;5.75824e-07;2.53084e-06;6.79719e-05;1.79483e-07;4.02455e-06;4.79643e-06;1.5157e-05;4.09063e-07;4.77827e-06;1.08399e-06;6.17283e-06;7.9054e-07;4.57484e-07;1.0432e-06;8.78622e-07;2.45843e-07;1.16451e-06;4.76939e-07;9.19597e-07;2.74939e-06;4.03881e-06;3.73315e-07;4.16805e-06;5.16696e-06;1.61589e-06;8.22172e-06;7.16085e-07;8.28578e-06;4.90209e-07;1.22629e-06;4.14912e-07;3.89175e-07;2.63853e-07;3.31168e-06;1.29843e-06;6.83119e-07;8.50449e-07;7.01886e-08;6.13864e-07;2.5098e-06;6.68626e-07;1.59076e-07;1.38558e-06;5.96732e-06;3.06073e-07;1.23754e-07;7.52374e-06;1.70999e-07;4.40329e-07;8.19637e-07;4.24528e-07;1.07196e-06;5.01385e-07;1.52002e-06;6.03476e-07;9.3125e-06;1.44144e-07;2.2843e-06;2.66524e-07;7.20021e-07;1.00085e-06;2.72713e-07;2.53713e-07;4.17744e-07;7.90337e-07;1.26797e-07;1.46506e-06;9.53421e-07;7.60392e-07;3.4557e-07;4.0726e-06;1.18973e-06;2.45113e-07;9.89675e-06;6.51705e-07;2.3119e-07;7.53762e-09;3.57485e-06;2.15172e-08;3.71891e-07;1.07259e-06;4.86831e-07;9.32931e-07;5.15005e-07;1.83204e-06;2.36828e-07;3.85105e-07;2.73499e-06;3.47124e-06;3.14156e-08;2.30927e-08;4.97603e-07;9.38779e-08;4.58335e-07;6.27732e-07;5.16281e-06;2.11309e-08;5.532e-07;3.2283e-06;3.61796e-11;3.60279e-08;6.28099e-06;1.60208e-06;1.27571e-06;8.5197e-07;1.11327e-06;1.13772e-05;1.7654e-06;1.87662e-05;1.86336e-06;1.74852e-08;1.57199e-07;6.48987e-06;1.11669e-05;9.59104e-09;6.89625e-08;7.36822e-07;2.59141e-07;1.88551e-09;4.20421e-08;3.9754e-06;1.08558e-05;2.38085e-06;6.22018e-07;4.28344e-05;6.29904e-07;1.9853e-05;9.61848e-07;4.14558e-05;0.000553165;0.000358917;0.111382;0.00236855;0.025016;0.824321;1.38312e-05;9.19646e-06;0.00244995;0.00221581;0.0301822;1.58579e-06;6.53784e-08;6.4002e-08;2.89758e-07;4.33486e-07;3.89072e-08;1.90077e-05;2.48675e-08;1.22024e-06;5.48602e-07;9.72244e-09;8.9682e-07;5.94306e-07;2.8705e-07;7.10663e-09;1.30709e-06;1.27612e-05;5.05106e-07;2.44006e-06;4.41146e-07;1.58147e-05;6.62461e-07;6.16154e-06;8.05471e-07;1.71912e-06;9.11401e-07;2.60568e-06;9.62731e-06;2.73838e-07;1.35948e-05;1.08367e-06;3.56468e-07;8.71696e-06;1.23681e-05;1.06744e-06;3.75471e-06
9.2326e-05;7.91529e-07;2.32067e-06;9.84857e-07;3.10493e-06;1.32834e-06;1.35877e-06;2.42555e-07;5.27726e-07;1.65137e-07;4.85454e-07;5.66761e-07;5.61647e-06;5.11185e-08;2.09837e-07;8.31104e-06;1.97807e-07;3.0586e-07;6.72794e-07;5.09014e-07;3.22036e-07;4.67225e-08;2.03437e-07;2.8976e-05;1.50048e-06;1.35284e-05;5.71233e-06;3.49478e-08;5.75654e-09;3.45221e-08;5.5768e-08;6.03651e-06;2.619e-06;8.10435e-07;2.62358e-06;1.18365e-07;2.0916e-07;2.49227e-07;1.15034e-06;3.45933e-07;2.78216e-06;1.25495e-07;7.15823e-07;1.81663e-08;1.07454e-07;4.02421e-07;4.46813e-08;2.16031e-07;4.79729e-07;7.53812e-08;9.49151e-05;1.89332e-05;6.75263e-07;3.45582e-06;6.011e-08;4.42676e-06;1.70831e-06;2.49041e-08;1.05931e-07;1.44349e-07;7.70508e-07;5.60332e-09;4.08989e-07;4.27251e-07;4.33317e-07;1.5953e-07;1.1022e-07;8.87545e-08;2.92052e-08;3.71519e-07;6.09729e-07;5.67927e-07;6.63318e-07;2.79997e-07;6.99951e-07;2.30928e-07;1.11251e-07;9.30976e-07;3.16492e-07;2.02147e-06;4.00138e-07;2.99215e-08;1.45292e-07;1.15389e-07;3.31491e-06;3.75644e-06;2.66922e-05;1.92294e-05;5.00266e-07;1.65567e-07;2.0335e-07;4.58384e-07;2.47246e-07;5.97202e-07;4.66847e-07;2.19633e-07;8.05193e-07;4.10805e-06;1.10782e-06;8.49431e-10;1.07684e-07;5.99337e-08;4.7595e-06;2.41868e-06;3.94222e-06;4.98678e-07;2.86883e-08;1.44388e-07;2.6041e-07;2.03208e-06;1.96311e-07;2.69094e-07;1.55017e-07;2.73044e-07;4.94996e-07;1.92945e-07;1.05507e-07;1.21032e-06;1.09645e-06;1.70292e-06;2.79934e-07;3.01548e-07;1.11048e-06;1.77957e-09;2.29874e-08;7.06293e-09;0.000113762;9.19927e-07;2.53134e-07;1.1322e-06;1.04455e-07;3.05187e-07;7.12577e-07;5.92511e-08;9.42521e-08;1.53434e-07;2.72394e-08;5.80967e-07;2.36183e-07;3.64449e-07;1.8999e-06;1.12125e-06;7.82923e-08;1.57915e-07;9.409e-07;9.18676e-07;9.32418e-07;9.37703e-07;2.1718e-07;1.0514e-06;1.10481e-06;8.80534e-08;3.19366e-06;4.36759e-06;2.79556e-07;1.82815e-07;5.65325e-08;2.19452e-07;4.77751e-07;3.5267e-07;2.6319e-07;4.10477e-07;1.67845e-06;7.88119e-06;1.28902e-06;4.12332e-06;1.16121e-06;9.17929e-07;7.47063e-07;2.63636e-07;2.52951e-07;1.06744e-07;9.45731e-07;8.16614e-07;3.0313e-06;1.71642e-07;2.83016e-06;1.44985e-07;9.01949e-07;8.4842e-07;1.41505e-08;2.1406e-07;2.10495e-07;1.76932e-07;1.16509e-07;5.49593e-08;7.19462e-07;7.21658e-07;2.11633e-07;3.49591e-07;3.44855e-06;1.45941e-07;1.63335e-06;5.57008e-07;1.09223e-05;2.72191e-06;8.48566e-07;1.04533e-05;1.29328e-06;9.29863e-07;1.87441e-06;1.6254e-07;1.59231e-07;1.02099e-07;1.94692e-06;1.68627e-06;3.65499e-07;1.743e-06;1.58283e-07;1.03169e-07;1.08587e-07;1.55797e-07;1.7401e-07;8.99349e-07;7.16616e-09;3.2368e-07;2.37847e-07;2.46847e-07;1.65634e-07;2.53178e-07;6.77155e-08;2.90895e-07;2.12483e-07;1.37694e-07;2.90287e-07;3.44714e-07;1.91077e-06;3.98313e-07;4.74831e-06;7.36687e-07;5.08745e-07;1.76293e-06;6.61173e-08;9.91262e-07;2.12254e-07;1.50615e-06;6.79325e-06;1.84406e-07;0.000104293;2.38458e-07;1.33731e-06;3.16138e-07;3.90633e-07;3.66273e-07;2.39855e-07;2.37929e-08;1.25017e-06;2.09639e-07;3.26108e-06;2.54189e-08;5.90575e-06;2.13945e-06;3.21421e-08;1.29479e-07;2.74384e-07;5.51913e-07;2.36526e-07;1.1859e-07;1.33612e-07;2.64861e-08;1.11367e-07;5.44864e-07;2.62549e-07;1.3502e-07;7.342e-07;4.96258e-06;2.26002e-07;2.7336e-07;1.25577e-07;1.57534e-07;2.8505e-07;1.7927e-06;5.47405e-09;1.94895e-09;1.08112e-07;1.07076e-08;1.76953e-07;4.49909e-08;2.40193e-07;1.30133e-09;1.04473e-08;1.36275e-08;2.09684e-07;2.60703e-09;1.24374e-08;1.62167e-08;7.78954e-07;2.36415e-08;8.53091e-08;1.17821e-07;4.12708e-05;6.20408e-06;5.46851e-07;6.92939e-08;1.08156e-07;4.85805e-07;4.28987e-07;1.00595e-05;8.55892e-07;6.45499e-07;2.43811e-07;7.49883e-09;8.9674e-08;2.21555e-08;3.53497e-05;9.20123e-08;4.84343e-08;1.59435e-07;8.25842e-08;2.69248e-07;2.33883e-08;1.93963e-07;3.2047e-07;2.83267e-07;8.88003e-09;2.40481e-08;1.23987e-07;4.9051e-08;1.79328e-06;1.82873e-08;1.32042e-06;6.54694e-07;6.79183e-07;1.02266e-07;2.57082e-08;1.0095e-07;4.36394e-08;1.57121e-06;2.32809e-06;2.38833e-07;3.65302e-08;1.38661e-07;2.25484e-07;1.0931e-07;1.80313e-07;5.27517e-08;5.62339e-07;0.223252;3.81656e-06;4.53624e-05;0.746442;0.00603141;6.88151e-05;0.010519;6.08984e-06;0.00138603;5.8456e-05;0.00831468;0.00299028
0.000707638;1.81625e-06;2.79509e-05;2.32682e-05;2.2323e-06;2.20608e-07;1.62305e-07;1.62099e-05;1.52549e-06;1.91616e-06;2.96724e-07;5.35538e-06;5.49356e-06;1.21724e-06;1.96319e-06;6.1754e-05;2.36042e-05;8.76069e-07;2.68814e-06;2.50092e-06;5.52732e-07;2.75914e-06;1.36724e-06;1.13792e-05;6.31031e-06;4.12724e-06;6.94591e-06;8.44746e-08;2.1942e-07;1.68511e-06;3.46217e-06;4.92001e-06;6.07401e-05;4.92639e-06;1.26005e-05;2.49856e-06;2.03746e-06;3.18527e-06;9.80638e-06;2.54225e-06;4.52455e-06;2.44435e-05;0.000148767;2.07143e-06;1.24999e-05;2.42903e-05;4.14747e-07;1.91637e-06;2.8541e-06;8.10558e-07;8.0601e-07;3.05491e-06;5.07583e-07;1.80241e-05;2.13836e-07;7.19342e-06;9.82906e-06;2.77272e-06;4.36509e-06;2.39518e-05;1.34487e-05;5.8189e-06;6.38634e-06;6.95237e-06;2.02926e-06;4.36849e-06;1.78316e-06;1.85215e-06;1.54517e-06;5.33556e-06;1.1866e-05;9.01986e-07;3.00792e-05;4.32133e-05;7.97918e-05;1.28995e-06;1.64954e-06;1.58335e-05;9.55454e-06;7.79897e-05;9.77622e-07;1.51475e-07;5.00234e-06;7.8656e-06;1.60942e-06;1.98443e-05;9.82445e-06;2.28987e-06;1.16425e-05;4.12848e-06;2.2133e-06;4.17473e-06;2.46526e-06;8.71626e-09;1.99886e-07;6.23393e-07;1.03758e-06;4.63749e-05;0.000193314;2.9249e-08;1.74169e-06;1.05157e-06;4.97098e-06;1.11189e-05;7.7687e-07;1.23432e-05;1.902e-07;1.05084e-06;2.09965e-06;9.94635e-07;4.34741e-06;4.52765e-07;7.63413e-07;1.40912e-06;4.98647e-06;9.77773e-06;7.6013e-06;5.24284e-07;9.16431e-06;1.18091e-05;1.94046e-06;1.66541e-05;3.11165e-06;2.67695e-07;2.95153e-05;6.25052e-07;8.99899e-07;1.11653e-05;4.48152e-06;4.09557e-06;2.38075e-07;1.30658e-06;8.35579e-07;7.05762e-07;6.09991e-07;7.5357e-07;2.10899e-06;2.89533e-05;1.38766e-05;1.04095e-06;3.00103e-05;2.5977e-05;1.5273e-05;1.40376e-06;2.5802e-06;7.31051e-06;8.64729e-06;0.000128722;0.000189369;0.00109242;0.00295201;0.251487;0.0701638;0.59088;0.048086;1.34553e-06;0.0214727;0.0028911;0.00217169;4.65384e-06;1.98069e-06;2.9483e-06;1.43989e-06;5.7615e-05;1.05683e-05;1.63497e-05;4.0866e-07;9.47624e-06;7.03644e-05;2.73356e-06;2.60902e-06;4.47482e-06;1.03647e-05;1.066e-06;2.47329e-05;3.33012e-05;9.08319e-06;1.63232e-07;9.87144e-07;3.52908e-05;2.72923e-07;9.24311e-07;1.27571e-06;6.34302e-07;0.000116975;6.41981e-07;8.51679e-06;5.20389e-06;1.11948e-05;5.01196e-06;1.24762e-05;8.90319e-07;1.25272e-05;9.92057e-07;6.97696e-07;1.89065e-05;7.90335e-06;1.54982e-05;2.64004e-06;1.05999e-06;1.2898e-06;2.2796e-05;5.36007e-05;3.6902e-05;8.09792e-05;0.00110349;0.00229075;0.000619298;3.0651e-06;1.13427e-06;1.47293e-06;5.4805e-06;2.59668e-05;3.65985e-06;1.82812e-06;1.33393e-05;5.45519e-06;1.31674e-06;3.82284e-06;7.4724e-07;4.90049e-06;1.26212e-06;2.39502e-06;9.2136e-07;2.3399e-06;2.68908e-06;3.72059e-05;8.56784e-06;5.18522e-07;0.000146376;8.33472e-06;8.96348e-06;1.21855e-07;7.86597e-07;2.69428e-07;1.50943e-07;1.62501e-07;2.49931e-07;4.6935e-06;6.70421e-07;2.00151e-06;2.87966e-07;1.24576e-06;1.40159e-05;2.74198e-06;7.2237e-07;1.42287e-05;7.9567e-07;1.53426e-05;5.97029e-05;1.80361e-06;2.27564e-05;1.27318e-06;1.98703e-06;2.1972e-06;3.97311e-06;1.55628e-06;2.08931e-06;1.26328e-06;4.86968e-07;3.82376e-07;4.45334e-06;1.32935e-06;1.24724e-05;4.34251e-07;6.80468e-05;1.03432e-06;1.93064e-06;7.18007e-06;2.01493e-05;2.39276e-06;2.85225e-05;2.24719e-05;1.33673e-07;2.9164e-06;4.82604e-07;1.18227e-06;2.46934e-06;2.94753e-08;1.19121e-08;2.41591e-07;1.16744e-06;1.69135e-06;2.81861e-08;6.73512e-07;6.48096e-07;3.64583e-07;9.37941e-09;5.1226e-07;7.41828e-08;2.86281e-06;1.10961e-07;2.00516e-06;8.59519e-07;6.23745e-07;6.37662e-07;2.05834e-06;2.10959e-08;2.33651e-06;1.8247e-06;1.51923e-06;1.00523e-07;8.53371e-07;4.35729e-07;1.82502e-06;7.4088e-06;6.68852e-08;1.21262e-06;4.56752e-07;1.08279e-06;5.92961e-07;1.91518e-06;1.30238e-07;1.47047e-06;2.50955e-07;2.14725e-06;5.24789e-06;3.74203e-06;1.85704e-07;2.79215e-06;8.21677e-05;4.3614e-05;0.000593619;1.91045e-06;2.15551e-07;2.05488e-06;1.03021e-07;3.11228e-06;1.09862e-06;1.90976e-06;4.77804e-07;2.59423e-06;2.60818e-06;1.32509e-06;2.59213e-06;3.0224e-05;1.25858e-05;5.43447e-08;3.66241e-07;6.83452e-06;4.10528e-07;6.53722e-06;7.56223e-07;7.57184e-06;3.50986e-08;5.6224e-07;1.91397e-06;1.16635e-06;9.49991e-07
6.63868e-06;6.43176e-08;5.27431e-07;1.47582e-06;1.08216e-05;2.56544e-06;1.48673e-07;1.24848e-05;1.05307e-06;9.54729e-07;2.30048e-07;1.3602e-06;9.98185e-07;1.18126e-06;1.53874e-06;1.31698e-05;3.25733e-05;4.85344e-07;1.71122e-05;1.91476e-06;3.09619e-06;7.80819e-06;1.66134e-06;6.85035e-05;0.000659105;1.2784e-05;6.65156e-05;2.64806e-07;5.60792e-08;1.02175e-08;2.83905e-08;2.31841e-07;5.81547e-06;8.39619e-06;9.35502e-07;1.57763e-05;6.98515e-07;1.04426e-06;4.19401e-05;0.000460281;1.21606e-05;3.07106e-06;1.65656e-05;3.24573e-06;1.26011e-06;1.2017e-05;6.53106e-07;4.05312e-07;6.04271e-07;4.01159e-08;1.20579e-05;3.97974e-06;7.68856e-06;1.23076e-05;8.7218e-07;3.88737e-06;4.70011e-06;9.7325e-07;1.21485e-06;5.63266e-06;1.20113e-06;7.65132e-06;4.09411e-06;1.77911e-06;1.0927e-06;2.58331e-06;4.19245e-06;1.53226e-06;2.12225e-07;2.63489e-07;1.98437e-07;4.08791e-08;6.88269e-06;2.54277e-07;6.25037e-07;1.14478e-06;9.68521e-07;6.30071e-06;2.80895e-07;9.05951e-06;3.92991e-07;6.6897e-08;1.03545e-07;2.19594e-07;1.77361e-07;2.29243e-06;2.85304e-07;2.56334e-07;5.95448e-06;2.63064e-06;1.07859e-06;6.1831e-06;1.19967e-06;1.27086e-07;6.66699e-06;3.19442e-06;2.2699e-07;1.95902e-05;8.02742e-06;1.91027e-07;4.24838e-08;2.22902e-08;4.47524e-06;2.1425e-05;3.00766e-06;1.84838e-06;2.48689e-06;1.34192e-06;9.2923e-07;9.474e-06;1.51206e-06;6.99276e-05;8.24213e-06;1.28194e-06;1.26861e-05;3.69069e-06;2.3076e-06;7.2844e-06;9.78652e-06;9.0614e-06;6.82663e-06;2.46883e-05;0.000239737;5.81399e-05;1.87329e-05;7.17765e-05;0.0989814;0.71779;0.075427;0.0254823;0.000230428;0.000310684;3.94014e-05;0.0411676;0.0334296;0.00389748;1.36568e-06;1.31706e-06;3.11951e-06;1.54819e-06;8.37033e-06;4.80112e-06;1.39324e-05;3.35249e-06;1.28958e-05;1.95288e-05;1.54581e-05;2.73138e-06;1.78466e-06;2.0817e-06;7.84553e-07;8.52916e-07;5.88876e-06;3.84358e-06;3.5786e-06;1.01323e-06;1.04321e-05;1.88358e-05;1.43068e-05;2.20283e-06;7.28408e-07;5.99187e-07;2.35901e-06;1.22848e-05;2.97142e-06;2.32001e-06;1.15316e-06;1.07384e-05;8.66391e-06;1.72207e-06;2.06674e-06;9.80035e-07;6.21255e-07;1.85544e-07;1.30602e-06;4.2278e-06;1.21161e-07;6.27474e-07;6.5655e-06;7.45318e-06;4.321e-07;1.35779e-06;7.2733e-08;3.12197e-06;3.18297e-05;7.06018e-06;1.35686e-06;6.12611e-06;6.43687e-06;2.72831e-06;5.34551e-06;7.57286e-07;7.25998e-07;8.7938e-07;2.25492e-06;1.79502e-05;1.44315e-06;4.52085e-06;3.34916e-06;2.23559e-06;4.0036e-06;1.40263e-06;8.05104e-07;1.25567e-06;1.43624e-06;8.67686e-06;1.97191e-06;1.52856e-05;3.45238e-06;6.73099e-07;3.49569e-06;1.23232e-06;1.9828e-05;8.69004e-07;2.16304e-07;2.49059e-07;3.2846e-07;3.1749e-06;1.34899e-06;5.78227e-07;2.38184e-08;7.0293e-07;1.93491e-06;6.81903e-07;1.07509e-06;1.33037e-06;7.57654e-07;1.16515e-06;1.51231e-07;8.40971e-07;5.65334e-06;2.1222e-07;8.04819e-07;2.43434e-07;2.34381e-07;5.78761e-06;1.93111e-05;2.91068e-06;6.65026e-07;5.10488e-06;9.58663e-07;2.77253e-06;2.65727e-06;4.30525e-06;1.09923e-06;9.02792e-08;3.84431e-07;1.36139e-07;5.40908e-07;2.87977e-06;1.11709e-06;8.43283e-07;5.05227e-06;7.56967e-06;1.98972e-06;2.00515e-05;1.25044e-06;7.09524e-06;1.4797e-06;4.94396e-06;1.55536e-06;2.34969e-06;5.08219e-07;3.18297e-06;1.79287e-07;2.21108e-06;9.52889e-07;1.48172e-06;1.20559e-05;1.68864e-06;1.05394e-06;6.33281e-06;4.93325e-10;1.81011e-08;5.88213e-08;7.12005e-08;4.06583e-06;2.40514e-06;8.20264e-07;6.16147e-07;1.9883e-06;3.13416e-06;2.19294e-06;1.05054e-05;1.11931e-05;1.62514e-06;8.76993e-07;6.9849e-10;1.76036e-08;4.55215e-09;4.19335e-08;2.48641e-07;5.9242e-07;1.12576e-08;4.06074e-06;1.3491e-06;8.36607e-07;3.16614e-07;4.02021e-06;6.1187e-06;1.12084e-06;1.09936e-07;1.4337e-07;8.49381e-08;3.68101e-07;5.31866e-06;1.16067e-07;3.44502e-07;3.43849e-06;1.33288e-06;6.50349e-05;8.95088e-05;4.62871e-06;7.24555e-07;8.51187e-07;2.28984e-07;1.74195e-06;2.32691e-05;4.82054e-07;1.1317e-05;6.44745e-07;2.88468e-06;8.20457e-06;1.38356e-07;4.20434e-07;1.89497e-06;3.44847e-08;7.96262e-08;3.36403e-08;2.1777e-06;1.09086e-06;3.36456e-07;7.98281e-07;1.59335e-06;1.56355e-06;8.35532e-06;3.35301e-06;1.06427e-06;1.69767e-06;1.63601e-06;8.5881e-06;1.50041e-05;2.13992e-05;6.37587e-05;2.60336e-07;1.74415e-07;4.71633e-06;5.46199e-07;1.65099e-05
0.000221901;1.26633e-06;1.63028e-05;9.47768e-06;1.41458e-05;0.000250257;3.60149e-06;8.63739e-07;6.16018e-06;1.6029e-06;3.84017e-08;1.38431e-06;4.28108e-07;1.25314e-06;2.37734e-06;1.21445e-06;2.10718e-06;1.07449e-06;1.51486e-05;1.24618e-05;2.84564e-06;3.85917e-06;1.59535e-06;5.32331e-06;1.57288e-05;5.77707e-07;9.75378e-07;5.26894e-07;1.02958e-07;4.89815e-08;3.54413e-07;4.62496e-07;2.88391e-07;2.17454e-09;8.71354e-07;5.08715e-06;1.24352e-06;1.69945e-06;4.19188e-06;1.81631e-05;3.31195e-06;1.10088e-05;2.00681e-06;1.59588e-05;1.77739e-06;7.26004e-06;2.66935e-06;2.13557e-07;2.06744e-06;3.15735e-06;1.56823e-05;5.54022e-06;9.39746e-06;3.3015e-05;8.13108e-08;3.65193e-06;1.1356e-06;3.3881e-07;2.67076e-06;1.00859e-05;5.83429e-07;7.3216e-06;1.95249e-06;7.70375e-07;9.38481e-07;6.4118e-07;3.81611e-06;7.82923e-07;7.268e-07;1.44097e-05;1.63441e-05;5.72646e-07;2.78492e-05;1.00883e-06;3.91502e-06;1.00048e-06;1.10708e-06;1.03297e-06;2.52209e-06;7.93833e-06;1.57479e-06;2.23104e-07;8.99215e-07;4.61192e-07;1.07357e-07;7.05363e-07;8.99974e-07;1.02617e-06;2.01263e-06;7.44356e-07;8.75864e-07;3.45436e-06;1.24392e-06;8.6688e-09;4.81928e-06;7.17544e-07;6.18626e-07;7.10409e-07;6.36089e-07;3.85418e-08;2.88728e-07;1.19761e-07;1.44861e-07;9.75477e-07;1.4268e-06;2.09404e-07;3.19185e-07;7.22189e-07;2.23467e-06;2.13216e-07;4.97057e-07;4.10186e-06;8.0739e-07;1.16415e-06;7.10936e-06;8.7089e-06;1.12867e-06;1.37877e-06;2.72614e-06;1.20703e-06;2.36525e-06;1.4293e-06;1.70212e-06;5.80195e-08;5.83727e-07;4.58206e-06;1.17954e-06;2.70769e-06;1.16909e-07;1.1611e-06;1.9465e-06;7.48089e-06;5.13889e-05;8.98222e-07;1.24921e-06;1.23646e-06;1.97392e-06;3.41157e-06;3.29053e-06;1.86202e-07;6.83874e-06;2.16471e-06;9.36854e-07;8.30882e-07;1.81066e-06;3.04942e-06;5.74949e-06;7.01424e-06;4.47506e-06;2.37208e-05;2.94987e-05;1.92421e-05;7.39312e-05;1.15062e-05;7.88801e-06;1.23351e-06;7.48589e-07;2.14509e-06;9.06567e-06;4.34745e-06;1.7573e-06;4.45771e-07;1.42501e-07;2.52499e-06;1.25542e-06;1.83572e-06;4.29334e-07;1.16116e-06;3.16239e-07;1.90298e-06;1.5763e-06;2.63751e-06;2.49002e-06;1.02496e-07;5.91295e-07;7.02012e-08;3.40358e-07;1.31173e-07;4.79209e-06;1.0295e-06;6.74342e-06;1.64831e-05;8.35269e-06;1.93247e-06;5.09538e-06;2.14628e-05;2.13229e-05;2.87253e-06;2.59367e-06;2.7426e-06;2.6368e-06;1.74498e-07;1.8097e-06;1.10052e-06;7.73945e-08;2.20886e-06;8.4601e-08;2.70527e-07;7.89959e-07;4.97845e-07;5.0308e-07;1.14016e-06;1.84601e-06;1.98647e-06;2.53005e-06;6.93678e-06;2.57201e-06;4.40946e-05;2.22162e-06;1.55606e-06;1.70495e-06;3.83949e-06;1.72241e-05;8.1237e-07;4.70897e-07;3.28969e-06;2.86618e-06;3.45202e-07;3.26701e-07;2.27134e-07;1.05478e-07;1.9634e-06;1.83635e-06;1.09341e-06;1.03107e-06;8.59385e-07;2.79947e-06;1.12868e-05;1.37992e-07;2.26623e-06;2.07787e-06;1.33442e-07;5.1226e-07;6.4197e-06;4.41746e-06;4.90599e-06;4.64368e-05;5.17864e-08;1.16575e-06;1.18452e-06;2.30008e-06;2.58e-07;1.60529e-06;5.36592e-07;1.37534e-06;7.43493e-07;6.62798e-06;2.99882e-06;1.72968e-08;6.27385e-05;6.47339e-08;9.89279e-08;1.80212e-06;4.87365e-06;8.03795e-06;1.6573e-06;2.84753e-06;1.11854e-05;1.37196e-06;2.11341e-06;3.86284e-05;3.46087e-05;6.53181e-07;0.000396066;9.23963e-08;1.20688e-05;2.57599e-06;1.35845e-06;2.77405e-05;2.29019e-05;1.52048e-06;1.52379e-05;4.26654e-09;2.53786e-07;1.38691e-06;2.27147e-06;1.56693e-06;1.81978e-06;5.94935e-05;9.72781e-08;7.18483e-07;4.23583e-06;1.89254e-06;2.17228e-07;4.34295e-06;7.55801e-07;2.67907e-06;1.91616e-06;4.63247e-06;6.03508e-07;6.16505e-05;6.22034e-06;9.72479e-07;3.53218e-08;1.81464e-06;1.26809e-06;6.07079e-06;2.68801e-06;3.17903e-06;5.68631e-06;1.08387e-06;7.72618e-08;2.24815e-06;1.73233e-06;6.32297e-08;1.12359e-07;1.68553e-06;2.12553e-07;6.67303e-07;1.75174e-06;5.28597e-07;7.75522e-07;4.11417e-07;8.55369e-06;0.000193307;0.000287076;0.000315369;0.046752;0.753961;0.175365;0.0194403;0.000380541;0.000359658;9.57248e-06;5.87798e-07;6.24497e-07;3.8251e-07;1.23023e-07;2.14616e-07;1.10341e-06;1.38479e-06;6.7804e-06;9.34116e-07;2.53004e-06;1.93024e-06;7.86744e-07;1.44392e-05;0.000486219;1.60225e-06;3.03404e-06;3.75115e-07;1.60497e-08;9.92366e-06;3.52147e-07;3.37433e-07;4.71911e-06;1.99835e-06;1.70503e-06;4.61292e-07
4.11718e-05;2.14162e-05;3.95647e-05;6.8259e-06;1.18204e-06;7.04822e-05;1.48928e-05;6.986e-06;1.54452e-05;5.71206e-06;3.8778e-06;4.5679e-06;6.48968e-07;1.17204e-05;6.63404e-06;2.31638e-06;1.72241e-05;4.42342e-06;1.59161e-06;3.92031e-05;0.000124117;4.10808e-06;7.83207e-06;3.17849e-05;7.26706e-06;8.39837e-06;8.54884e-06;1.61873e-05;5.62866e-06;2.87855e-06;3.11614e-05;3.916e-06;1.09361e-05;1.61875e-07;5.01415e-05;1.60925e-05;7.37933e-06;5.836e-06;6.83788e-06;8.63645e-07;1.91778e-06;2.4695e-05;2.34559e-05;1.10282e-05;1.38492e-06;2.83e-06;2.14161e-06;5.03839e-07;8.02925e-06;5.44539e-06;9.6417e-08;9.14923e-08;1.16198e-06;1.38794e-05;2.6824e-08;3.0949e-06;8.92905e-07;9.89941e-06;1.50817e-05;5.81445e-05;4.07307e-06;6.76193e-06;8.25213e-06;3.0354e-05;3.32508e-06;1.35908e-05;1.2112e-05;5.64048e-06;5.16206e-06;4.95744e-05;5.0014e-05;1.94426e-05;9.16804e-05;4.52659e-06;2.55097e-07;5.26394e-06;4.01232e-06;5.91729e-06;1.0502e-05;1.23201e-05;9.19042e-06;3.91923e-06;4.71945e-06;9.91018e-06;4.80939e-06;5.50433e-06;2.9268e-06;1.61776e-07;7.13637e-06;5.18209e-06;7.08184e-06;9.81533e-06;5.24791e-06;3.22409e-05;0.000110001;5.53476e-06;9.24325e-06;5.00682e-06;1.0237e-06;2.91797e-06;2.01701e-05;2.79544e-05;4.10459e-06;4.06495e-05;2.03836e-05;3.89965e-06;1.19662e-05;7.3932e-06;8.97167e-06;8.4791e-06;2.62814e-05;2.09725e-05;3.21589e-06;3.41993e-06;2.94189e-05;9.59139e-05;2.95802e-05;2.00946e-05;6.55849e-06;3.66102e-05;3.65224e-05;1.77154e-05;6.60025e-06;3.78827e-07;2.19665e-05;1.38008e-05;1.70189e-05;3.98196e-06;3.81256e-06;8.21174e-07;7.06809e-06;3.9107e-05;1.7955e-05;3.37587e-06;7.86404e-07;5.78021e-07;1.39536e-05;6.02059e-05;3.62111e-05;7.39547e-06;2.45778e-05;2.17225e-05;5.8671e-06;3.56067e-06;5.11908e-05;3.07083e-05;9.88192e-05;3.27521e-06;7.05986e-06;3.54198e-05;3.82664e-05;2.11867e-05;5.97814e-05;7.40096e-07;5.09814e-06;6.39207e-06;3.35433e-06;9.43393e-06;1.65682e-05;1.05504e-05;5.22605e-06;3.11101e-06;1.44382e-05;9.82436e-06;3.84307e-06;4.62889e-07;1.31947e-06;6.04081e-06;9.8141e-07;9.85644e-06;7.57221e-06;1.5888e-05;1.03422e-05;5.17238e-05;5.60379e-06;1.46667e-05;2.53091e-05;4.89103e-06;2.57681e-05;1.85643e-05;6.91276e-06;8.61307e-06;4.10612e-05;6.30965e-06;1.28511e-06;6.98321e-07;7.76606e-07;4.73447e-06;2.82037e-06;4.66985e-06;6.69709e-06;1.53489e-06;7.62987e-06;3.17513e-05;5.24474e-06;1.47157e-05;2.80098e-06;7.40967e-07;2.87685e-06;8.24628e-06;1.01453e-06;1.097e-05;1.09707e-05;1.42704e-05;0.000896404;0.00011077;2.42633e-05;2.39185e-05;4.3903e-06;6.18796e-06;9.07767e-06;2.77838e-05;2.16913e-05;7.56914e-06;2.94938e-05;3.96545e-05;6.30222e-05;0.000680656;7.20727e-06;4.27302e-05;3.28221e-06;6.21908e-06;7.00342e-06;2.51907e-06;2.79952e-06;6.89152e-06;1.29202e-05;2.04688e-05;2.35696e-05;1.38542e-05;1.5686e-05;7.25589e-07;1.77767e-05;1.9291e-05;8.28012e-05;3.34358e-05;5.18499e-06;1.80399e-06;9.26143e-07;8.46205e-06;5.55095e-06;8.37737e-06;1.0282e-05;2.78402e-06;4.01648e-06;1.09751e-05;4.85485e-05;4.56055e-05;1.08224e-05;0.000108294;4.07889e-06;2.76799e-06;5.72806e-06;5.36638e-06;1.46549e-05;4.76275e-06;1.39759e-06;1.64022e-05;4.77242e-06;4.06e-06;1.71801e-05;1.30333e-05;2.39017e-05;1.10132e-05;8.18747e-07;8.05826e-08;4.95092e-06;4.36626e-06;9.63987e-06;4.82734e-06;4.66661e-06;3.37542e-06;0.00854133;0.000614145;0.0126788;0.00929619;0.386241;0.0037631;0.482086;0.0577364;0.000857586;0.00719386;0.00108327;0.0133794;0.00202155;0.00624072;1.3487e-05;1.57602e-06;1.38397e-05;3.0065e-05;7.52308e-05;0.000120992;1.54246e-05;0.000150118;1.9664e-05;6.62585e-06;1.13877e-05;4.45513e-05;1.58376e-05;4.493e-06;3.90687e-06;1.82242e-06;2.25348e-06;5.98339e-06;2.49882e-06;2.08216e-07;1.01883e-06;1.58932e-07;3.60758e-06;8.02249e-06;6.90193e-05;1.27e-06;1.79967e-05;9.47192e-06;3.92708e-05;4.21627e-05;5.08012e-05;0.000188602;0.000223152;0.000108694;1.52397e-05;7.71635e-06;5.26717e-06;0.000875487;6.79956e-06;1.44723e-05;0.000123048;5.69868e-06;7.27625e-07;2.47615e-07;7.51585e-06;4.45482e-05;4.70607e-06;3.61535e-06;4.13182e-06;6.18256e-06;1.80967e-05;6.4249e-06;2.19966e-06;3.92739e-06;1.37771e-05;3.17704e-06;3.81673e-06;1.44129e-06;1.0601e-05;1.31837e-05;5.65179e-06;2.3762e-06;8.80777e-08
1.30297e-07;1.74586e-06;1.85246e-06;1.77753e-06;4.44852e-07;3.88854e-06;1.22492e-06;1.10998e-07;3.14041e-06;2.76011e-06;0.000285417;5.63235e-07;4.22689e-07;6.29967e-07;1.08375e-06;8.86468e-08;8.02338e-08;6.49658e-07;8.00224e-08;9.31805e-06;7.7788e-06;7.81909e-07;1.27592e-06;3.26261e-06;2.99398e-06;2.11319e-05;3.27344e-06;5.67531e-06;7.89581e-08;2.36676e-06;2.88421e-06;9.42445e-07;4.63205e-06;1.50461e-06;4.84306e-09;7.86039e-07;9.16301e-07;4.91455e-07;6.325e-08;3.98925e-07;1.48956e-06;1.12686e-06;8.9221e-07;1.62031e-06;1.5042e-06;1.21706e-07;9.58162e-07;7.26644e-08;1.40678e-06;1.81692e-07;2.97386e-07;2.69483e-08;2.74655e-06;8.91054e-06;5.34754e-08;3.19182e-06;4.49167e-07;5.91798e-07;8.4344e-07;1.27854e-05;4.79833e-07;7.7677e-07;6.55122e-06;3.63613e-08;5.53128e-07;6.76785e-06;5.03297e-06;3.97763e-06;1.58786e-07;5.01406e-06;7.05155e-06;4.61466e-07;8.45738e-07;7.73538e-06;1.9212e-08;6.39684e-07;5.54139e-07;1.01452e-06;9.85836e-07;5.08713e-06;6.30119e-06;4.56296e-06;5.74204e-06;5.65102e-06;3.35919e-05;7.18507e-06;2.77358e-05;6.30435e-08;8.76641e-07;6.64178e-07;2.92953e-07;1.10731e-06;6.36258e-07;2.6438e-06;5.4805e-06;2.13131e-06;8.43411e-08;8.23356e-07;2.28598e-07;1.3655e-07;1.25081e-05;2.98192e-06;1.39376e-07;5.85946e-07;1.5417e-07;3.37048e-08;5.79937e-07;8.69077e-07;9.74777e-07;7.76954e-07;5.30458e-07;3.30415e-06;6.35383e-07;4.8187e-07;1.23574e-05;4.44564e-08;1.72301e-06;7.96337e-05;1.59157e-06;3.29443e-06;1.77924e-05;5.70286e-06;9.40785e-06;1.67128e-08;1.31071e-06;1.01751e-06;2.9817e-07;4.26819e-08;2.03989e-06;3.93139e-09;1.84662e-07;2.83004e-06;1.69665e-06;8.06959e-07;1.80844e-07;1.88576e-05;4.3141e-07;2.37031e-06;1.83408e-06;5.13182e-07;7.46926e-06;5.96389e-06;6.26776e-07;6.04609e-07;4.76148e-06;7.36307e-06;5.14974e-06;1.7419e-06;2.88453e-07;6.40714e-06;1.11721e-06;1.1451e-06;3.05557e-06;2.20201e-06;1.79004e-07;8.28247e-07;9.4677e-06;5.5363e-06;8.2796e-06;4.88112e-07;1.2709e-06;5.46625e-07;1.62839e-06;1.24359e-06;5.4738e-06;1.9221e-07;7.90487e-06;9.82094e-06;5.23353e-06;1.30613e-06;1.25897e-06;1.96044e-06;1.2416e-06;5.70422e-07;7.5473e-07;3.72375e-06;2.85739e-08;4.87904e-06;7.44855e-06;1.36226e-05;1.14213e-07;4.25571e-06;1.78015e-06;2.44128e-06;4.94785e-07;4.5248e-07;6.86236e-09;7.53456e-07;5.01166e-06;1.63005e-06;2.38006e-06;4.14657e-07;1.62827e-05;3.18107e-05;2.71529e-06;1.76267e-06;1.39785e-05;3.01607e-07;5.72615e-06;2.59394e-05;9.27046e-06;8.80472e-07;3.4758e-06;1.66878e-06;2.29392e-06;7.14665e-06;3.90322e-05;4.4113e-07;6.37399e-07;9.14852e-07;1.0291e-06;7.00898e-06;3.52743e-06;9.57535e-07;5.63238e-08;2.1118e-06;1.71843e-05;1.07228e-07;9.52501e-07;1.94676e-05;2.80426e-08;9.34614e-07;5.19402e-07;7.83491e-07;6.57556e-07;5.89405e-07;8.50142e-06;2.42252e-06;4.50157e-05;1.95315e-05;2.85094e-05;6.19875e-07;2.09954e-07;3.5872e-06;4.06633e-06;5.90113e-08;1.13425e-07;2.44777e-05;4.54249e-09;3.67782e-07;5.36718e-07;2.88201e-07;3.95322e-07;1.98154e-06;9.54968e-07;5.43526e-07;6.0117e-06;1.70518e-05;8.09693e-06;1.62923e-06;0.000170648;1.28423e-07;6.0853e-07;4.75568e-06;1.83343e-06;1.6408e-06;1.37131e-06;9.86254e-07;4.88007e-07;2.71577e-07;5.73549e-06;3.11479e-06;5.13947e-07;9.70445e-09;2.8104e-06;7.59934e-09;5.55362e-07;8.91404e-07;8.51837e-07;1.21568e-07;6.29361e-07;1.3082e-06;0.000409954;1.39507e-05;0.00767836;0.00672622;0.24869;0.00119424;0.17746;0.538618;4.05796e-05;0.000713894;0.000125551;0.0126536;0.00120721;0.00185953;6.89764e-06;7.49411e-08;1.98262e-06;2.29891e-06;2.2823e-06;3.75763e-08;7.55976e-07;1.65463e-07;5.41119e-07;8.52117e-07;7.5758e-07;2.46774e-06;2.37906e-07;1.05521e-06;6.64692e-07;1.18389e-07;1.82128e-06;2.74851e-06;1.20926e-06;2.77674e-07;2.8074e-06;5.5852e-06;5.80497e-07;2.31255e-06;3.6644e-07;9.54334e-07;0.000775791;3.40939e-06;1.11733e-06;2.46214e-06;1.46398e-06;5.89302e-07;1.62213e-05;0.000176901;6.90387e-09;1.07803e-06;6.48331e-07;7.52617e-08;1.95528e-06;1.39561e-06;5.19035e-07;6.42311e-07;1.25191e-05;8.50166e-07;1.2832e-06;3.07658e-06;6.0657e-07;5.1035e-07;7.83493e-07;2.31175e-06;3.74385e-07;2.57703e-07;2.53253e-07;1.41838e-06;6.26834e-07;1.00609e-07;8.90294e-06;2.64158e-07;7.49352e-07;1.12924e-05;1.20012e-05;3.00765e-06;7.05964e-07
2.45989e-06;2.96822e-06;3.33645e-06;9.6237e-07;1.14833e-06;2.04273e-06;1.54973e-05;2.68409e-06;5.15714e-06;6.02197e-06;0.000126007;0.000275937;3.81624e-06;2.79685e-06;1.78167e-06;1.32114e-05;3.10388e-06;3.24142e-06;2.1632e-06;3.53708e-06;1.08839e-05;9.73725e-07;3.50954e-06;7.37053e-05;5.88832e-05;0.00137678;0.000378096;2.83303e-07;1.08455e-07;3.74555e-06;1.4454e-06;1.69746e-06;0.000187336;6.3826e-07;3.21825e-05;2.00133e-06;4.20221e-06;2.95148e-06;2.01231e-05;6.88226e-06;8.62007e-07;3.36225e-06;2.43707e-06;4.18135e-06;2.26495e-06;7.08803e-07;7.5845e-07;3.43885e-07;1.67092e-05;5.35871e-06;4.87174e-05;2.53411e-05;3.79183e-07;1.34341e-06;0.000191997;4.24449e-05;2.84411e-05;1.36403e-06;1.66746e-06;1.28836e-05;9.83517e-07;1.3685e-06;2.28671e-06;4.44029e-05;2.86516e-06;0.000408731;8.02946e-05;6.76447e-06;4.59173e-07;4.06731e-06;5.39973e-06;3.92393e-05;7.67187e-05;0.00016892;9.60626e-07;2.67181e-06;2.23543e-06;5.73995e-06;2.23506e-05;4.90804e-06;1.02402e-05;2.6681e-06;1.82755e-06;5.52179e-06;2.08393e-05;0.000114259;0.000159939;1.64814e-06;6.32243e-06;6.18176e-06;1.36086e-06;3.93296e-06;2.2503e-06;5.26057e-07;7.71082e-05;3.4061e-06;1.24217e-05;2.8219e-05;7.7385e-06;1.40889e-08;1.23005e-05;2.85041e-06;5.06067e-07;9.16459e-06;9.9586e-09;2.55067e-07;7.67186e-07;2.38119e-06;2.6329e-06;2.66804e-05;6.32229e-06;1.57953e-05;2.51097e-06;3.40539e-06;3.41366e-06;2.90434e-08;4.87543e-06;3.29197e-06;1.66239e-06;8.33132e-06;0.000348008;3.14631e-05;0.000241542;4.69348e-09;1.12791e-07;1.00962e-07;2.26878e-06;8.56773e-06;4.71451e-08;7.33321e-07;3.91065e-06;4.08699e-05;2.33602e-05;0.000580263;0.000396107;0.000221191;5.76886e-07;3.54957e-06;4.77816e-06;4.41451e-06;3.12915e-05;2.67483e-06;1.74276e-05;3.441e-06;0.000586236;0.000384991;1.194e-05;1.69195e-05;1.76213e-06;1.0076e-05;7.25701e-06;1.56008e-07;3.12726e-05;7.65214e-06;3.12381e-06;1.82468e-06;9.75296e-05;0.000222382;0.000262108;1.61526e-06;4.19405e-06;4.30144e-06;3.45069e-06;0.000276887;2.85139e-06;9.77875e-06;0.000443453;0.00097936;3.46841e-05;8.43989e-06;4.24493e-06;2.83856e-06;1.01223e-05;1.30664e-06;7.60002e-06;2.05748e-07;2.41393e-05;2.65992e-05;0.000500783;0.000225244;2.12713e-07;1.95656e-06;2.43437e-06;7.06738e-07;1.0021e-06;8.53281e-07;7.3088e-07;8.44282e-05;0.000313148;2.2607e-05;3.88859e-05;1.34252e-06;2.35724e-05;2.08837e-05;2.84836e-06;2.13153e-05;8.97347e-06;5.49926e-05;0.000790899;0.0013279;0.000224396;8.37711e-07;2.68683e-06;3.221e-06;1.02565e-06;7.83964e-06;2.09821e-06;2.6169e-06;3.68929e-06;2.48437e-06;8.27816e-05;0.000277616;3.0579e-05;5.89718e-06;2.62473e-08;1.87809e-06;3.00252e-06;1.37101e-07;2.80062e-05;2.91688e-06;5.19496e-07;4.37557e-06;2.52371e-06;1.90913e-06;2.53159e-06;1.37804e-06;1.81561e-05;6.01794e-06;2.88809e-05;5.16112e-05;1.42526e-06;2.78907e-05;9.17545e-08;3.8324e-06;1.96142e-06;4.27706e-06;0.000149617;1.50742e-06;3.06126e-05;1.24809e-06;8.22197e-06;1.4646e-06;6.95838e-06;5.44227e-07;7.21441e-06;2.38401e-07;1.63936e-05;6.15101e-05;6.47109e-05;0.00011298;7.95958e-05;8.86943e-05;4.33581e-06;5.79113e-05;2.70044e-05;3.87954e-05;1.8122e-05;4.23205e-05;3.33514e-06;1.08369e-06;7.04165e-06;1.53847e-05;1.05806e-06;5.90844e-06;0.000702526;1.27957e-05;3.38531e-06;2.66268e-06;2.00032e-06;1.86233e-06;5.21759e-06;2.62784e-06;0.000442347;1.13905e-09;9.70529e-08;5.90869e-07;3.50978e-09;2.5289e-09;2.71147e-08;1.59118e-06;3.44406e-07;2.48852e-07;8.12069e-06;8.51576e-06;1.37349e-06;1.05254e-07;0.000570817;4.5968e-08;2.89246e-06;2.4107e-06;0.000119725;0.000173462;1.05577e-06;3.75466e-06;1.09068e-06;6.05509e-06;5.00548e-06;7.31218e-05;1.6709e-05;4.34399e-06;3.71865e-06;4.63355e-08;9.37746e-06;1.54626e-06;2.25201e-07;8.69688e-06;2.98226e-07;2.00621e-06;1.7387e-06;5.19224e-06;1.09327e-05;0.000217944;0.000111815;5.07364e-06;6.26202e-07;5.17199e-06;1.0287e-05;3.28716e-06;9.09423e-05;3.06274e-06;3.87343e-06;1.9467e-05;2.09005e-05;5.92881e-08;9.11996e-07;6.7064e-06;1.28886e-08;3.00597e-05;0.000380758;0.000293;1.27176e-06;4.11813e-06;4.94796e-06;2.23181e-06;2.71539e-06;9.65819e-07;6.36894e-06;0.107784;7.17597e-05;0.000124732;0.181492;0.360137;0.000252248;0.269671;0.00019086;0.0026597;0.00446386;0.0158723;0.0387427
2.64054e-05;1.95213e-09;2.19353e-07;1.61734e-07;2.44951e-08;9.04796e-10;2.81953e-07;1.01715e-05;3.38089e-08;9.95558e-08;7.45331e-09;2.83778e-08;2.41652e-06;4.7544e-08;1.00915e-07;1.49837e-05;3.82857e-07;7.0173e-08;2.07831e-06;4.90754e-08;7.03189e-10;3.1897e-08;3.28307e-08;6.06307e-07;2.64094e-08;1.80591e-09;6.94145e-07;3.12436e-09;2.52003e-09;8.4005e-08;1.07593e-08;2.98512e-07;2.54741e-07;7.15128e-09;3.33312e-05;2.40778e-08;5.69818e-08;9.59494e-08;1.9083e-07;5.09393e-09;2.74608e-08;3.40225e-09;2.00546e-08;2.83314e-08;1.27075e-07;1.91245e-07;2.10102e-07;2.89663e-08;1.46183e-07;3.51182e-08;6.9404e-06;1.4803e-06;9.85496e-09;2.09026e-06;1.51643e-07;7.14143e-07;7.53643e-07;3.16257e-08;1.40595e-07;1.3874e-07;3.50997e-07;4.78276e-07;1.29727e-07;2.15115e-06;1.00255e-07;4.79981e-07;7.22379e-08;6.44881e-08;1.9743e-08;7.37688e-08;2.18538e-07;2.8406e-06;1.57337e-06;2.43831e-06;0.000603829;7.31414e-08;6.72755e-08;1.28377e-06;4.61797e-07;1.42568e-06;1.50685e-07;4.11973e-09;9.11719e-08;2.11459e-07;1.76084e-06;6.05828e-07;9.61597e-07;5.00238e-06;2.35251e-06;1.99582e-07;5.68017e-08;1.15165e-07;7.62903e-08;1.13226e-08;1.40415e-08;7.40557e-08;2.86061e-05;2.84754e-06;2.38134e-06;5.67181e-11;1.43841e-08;9.14064e-09;4.18119e-08;1.62986e-07;5.38835e-08;2.8361e-06;6.96461e-09;6.05185e-08;6.48719e-08;5.96873e-08;3.22097e-08;4.09146e-08;2.21733e-08;7.09283e-08;1.21853e-07;6.99396e-08;1.03096e-06;1.14605e-08;1.28129e-06;1.3944e-07;4.71222e-08;2.65362e-08;5.50046e-07;1.82203e-09;2.11903e-07;9.94788e-09;1.2744e-06;3.30384e-06;2.19166e-07;0.000107646;1.79663e-08;9.08478e-08;1.53027e-07;3.56547e-06;1.46164e-06;2.64036e-07;1.57704e-08;1.499e-07;7.72302e-08;4.00836e-08;3.23555e-07;2.55887e-08;1.61582e-06;4.96736e-08;1.4858e-07;1.05921e-07;7.94781e-08;9.51829e-06;2.70557e-06;1.21898e-05;0.000111798;0.571539;0.000131179;0.00197714;0.417256;5.28214e-08;0.00162468;6.65672e-06;0.000211348;1.56169e-07;8.9407e-08;1.19781e-07;3.75104e-06;2.00922e-06;4.2378e-06;0.00537778;6.7991e-07;1.15928e-06;4.03464e-06;2.81279e-07;1.02937e-07;1.43157e-07;8.89843e-07;9.1332e-06;1.28512e-05;2.82268e-06;0.000263507;8.16244e-08;1.15304e-07;2.94323e-06;4.57952e-09;3.46251e-08;4.43097e-08;9.5268e-08;6.41786e-06;1.61398e-07;2.89845e-06;4.38749e-06;4.95961e-07;8.55793e-08;1.17701e-06;9.691e-08;2.71258e-07;1.22823e-07;5.37815e-07;1.12701e-06;2.02124e-07;3.59271e-05;4.56091e-06;2.12709e-07;3.04132e-07;4.74923e-07;1.28814e-06;2.32132e-06;4.36176e-06;2.32172e-06;1.90769e-05;5.71445e-05;8.55781e-08;5.17626e-08;9.79198e-08;8.54512e-08;4.47598e-07;3.57625e-07;1.50505e-08;1.54577e-07;1.47029e-07;2.12726e-06;1.50496e-06;1.04239e-08;6.24624e-05;6.467e-08;1.1406e-07;8.03519e-08;8.60943e-08;1.9392e-07;9.22981e-07;1.46067e-07;5.09458e-08;4.41164e-05;1.87998e-07;4.47204e-06;1.97739e-09;3.37866e-08;6.15674e-08;1.65395e-06;1.23815e-07;3.9077e-08;0.000114281;5.1159e-08;1.72872e-07;6.10929e-08;1.97471e-07;3.32653e-07;7.02972e-08;9.85152e-09;3.99198e-08;2.85549e-08;1.49917e-07;9.42285e-06;9.64245e-09;5.83917e-05;2.53397e-08;1.67385e-07;4.46232e-08;1.7821e-08;1.2288e-07;1.55515e-06;7.20373e-08;5.78291e-09;3.8834e-09;1.07559e-07;5.54019e-07;1.39391e-07;8.62884e-09;2.06526e-05;3.12402e-08;9.62431e-08;1.31156e-07;1.1345e-07;1.93608e-07;9.47532e-08;2.4631e-06;2.53296e-09;9.74193e-09;9.06695e-09;2.78091e-07;1.24276e-07;1.26051e-08;1.47206e-07;1.26908e-08;1.46212e-08;5.3704e-07;4.36938e-10;6.75092e-09;1.16614e-07;9.04242e-08;9.47101e-10;1.77735e-08;4.74012e-09;1.04235e-05;7.67885e-08;9.61849e-10;2.1056e-08;2.06182e-08;3.79474e-08;4.07002e-08;5.15316e-10;4.16194e-07;9.01562e-08;6.83406e-08;1.76904e-09;1.42509e-08;2.44666e-09;5.19302e-07;1.322e-07;3.77642e-10;3.12951e-07;4.23543e-08;2.14162e-08;1.63697e-08;4.81177e-08;3.98796e-08;6.01826e-08;3.16159e-09;1.15544e-07;5.4613e-08;7.02452e-08;1.19222e-08;4.96558e-08;1.0786e-05;8.17901e-06;1.50199e-05;1.70069e-08;1.24007e-07;3.58466e-07;2.02765e-07;2.78757e-06;5.53686e-07;2.14353e-06;1.38328e-08;4.51325e-08;8.72089e-08;6.22205e-07;2.0351e-07;3.23498e-07;1.28708e-07;1.05717e-09;5.86445e-09;2.2141e-08;1.80143e-09;1.59421e-06;6.27685e-10;1.36335e-07;2.36024e-10;8.02791e-09;1.31914e-08;2.94719e-09;4.17726e-08
9.6315e-06;6.08716e-08;1.06522e-08;2.85056e-08;1.16717e-06;1.23895e-07;4.83992e-08;8.53683e-08;2.21922e-07;1.07469e-07;8.70759e-08;1.1598e-08;2.12749e-08;8.82102e-07;4.28622e-08;1.25765e-05;2.95682e-08;1.01353e-07;7.95849e-08;1.8544e-07;7.28523e-09;6.01792e-06;1.42595e-07;1.20054e-05;8.18912e-07;4.59431e-08;8.56739e-08;2.4893e-08;1.72536e-07;4.20936e-10;2.83589e-09;2.1733e-08;6.92557e-09;4.65089e-09;5.5772e-10;3.96042e-06;1.05075e-07;4.37789e-08;1.54255e-06;1.19394e-06;6.36992e-06;2.59133e-08;2.33737e-08;3.1785e-08;2.35639e-06;6.87125e-07;1.90287e-06;9.09116e-06;4.99373e-08;1.14599e-08;7.44334e-06;6.17716e-10;7.35803e-09;4.25486e-10;0.000294107;1.08535e-07;8.70563e-07;1.57036e-06;1.47882e-07;2.12869e-07;3.66556e-06;4.56072e-08;4.32176e-07;5.42189e-09;1.27614e-07;4.32618e-07;3.50794e-07;1.91713e-07;7.81756e-07;1.04956e-08;1.58772e-08;1.92117e-07;3.73085e-08;9.40758e-08;1.1334e-10;7.81261e-08;1.0689e-07;4.13632e-06;6.98591e-08;2.85283e-07;1.24149e-07;1.90491e-06;6.48536e-08;7.39627e-08;3.87472e-06;1.24678e-07;2.04744e-07;1.50154e-09;1.91097e-05;6.22879e-07;3.21155e-06;1.86011e-07;9.385e-08;3.41551e-07;8.76441e-08;1.38706e-07;1.73643e-09;1.26637e-06;8.03986e-07;4.20358e-06;3.02397e-09;2.76033e-09;1.19015e-06;6.25953e-08;4.906e-08;2.97319e-09;3.4069e-06;1.65052e-07;1.12074e-07;3.52947e-08;2.06723e-07;2.22383e-07;1.57314e-05;1.65223e-07;1.09907e-07;4.47778e-06;4.58601e-08;4.69866e-08;1.57521e-09;2.31628e-06;3.18924e-07;6.8959e-06;3.30915e-06;0.00218885;5.4649e-06;3.00557e-05;0.945074;0.00098497;0.0192515;4.02891e-05;0.00159565;2.2153e-05;5.55589e-06;0.0279877;0.00041804;0.00116505;4.19678e-06;1.29968e-07;2.60936e-07;3.30116e-06;1.07814e-06;5.85558e-07;1.21829e-07;1.28989e-06;6.55062e-07;3.73072e-07;7.45103e-07;3.90206e-07;1.37476e-05;2.99269e-07;3.13306e-07;5.70595e-06;8.07359e-08;2.43164e-06;8.54335e-09;4.22434e-08;3.82235e-07;5.12267e-07;3.65131e-07;2.22198e-06;1.22667e-07;3.82947e-08;6.16258e-06;1.31944e-06;1.79079e-07;1.41646e-08;5.42349e-07;1.443e-07;2.54317e-07;2.17516e-07;3.17524e-06;4.84215e-08;3.24204e-07;3.2529e-06;5.01729e-07;6.78326e-07;9.33637e-10;4.19683e-06;1.72084e-07;3.77527e-07;4.58753e-06;2.4631e-07;7.08568e-08;2.39364e-05;3.30096e-06;4.00566e-07;3.8561e-09;2.82377e-06;2.50414e-07;1.1796e-07;2.1974e-07;9.09349e-06;1.40058e-07;2.29941e-07;1.4282e-05;3.15948e-07;1.12539e-05;4.00347e-07;1.23293e-06;1.48325e-07;1.36297e-06;4.58555e-06;5.78105e-08;1.22401e-07;2.05584e-06;6.80077e-08;1.78178e-08;3.09389e-08;2.00619e-06;1.62021e-07;4.01894e-07;1.42007e-08;5.33277e-07;6.30188e-08;5.73211e-07;1.62449e-08;8.33537e-09;2.74634e-08;3.14182e-09;4.76541e-11;2.12369e-10;4.82628e-08;2.02731e-07;5.47897e-08;2.01758e-07;2.01371e-06;5.51042e-08;7.34385e-08;2.55948e-06;5.40571e-08;1.29632e-06;5.68106e-09;1.25175e-06;2.3987e-08;3.68371e-08;4.33961e-06;2.08765e-08;1.73301e-07;1.49869e-09;4.64442e-06;5.50025e-08;9.02717e-06;1.16326e-06;2.20649e-06;5.06323e-08;2.69839e-07;3.20146e-08;1.166e-08;4.22859e-07;6.43904e-10;7.64911e-09;3.12437e-09;1.29008e-05;1.20575e-06;1.33798e-07;8.96483e-06;3.64593e-07;1.22399e-06;1.21153e-07;6.40461e-06;1.85662e-07;3.5867e-07;4.26513e-07;3.31043e-10;1.14372e-07;9.54188e-10;1.34875e-07;1.22802e-07;7.34299e-07;2.27026e-06;8.97386e-08;9.31229e-07;1.35754e-11;3.51716e-07;1.1737e-08;2.75839e-08;0.000266728;1.98654e-08;9.16583e-10;4.08619e-09;2.72327e-05;2.04382e-07;1.06716e-06;2.17472e-08;5.40515e-07;1.11437e-06;7.25553e-08;1.13685e-07;2.21934e-11;1.98227e-10;1.44438e-07;1.54303e-10;6.85394e-11;4.07636e-12;9.42381e-05;2.50953e-07;3.54375e-08;4.38735e-08;1.53097e-07;1.37009e-07;7.46703e-08;4.63282e-06;9.10751e-09;6.01487e-08;9.88388e-07;1.70654e-08;9.37424e-09;1.35716e-12;2.19393e-06;1.96923e-07;2.0733e-08;1.09367e-06;7.10577e-09;6.11537e-08;2.42342e-06;3.3738e-08;6.1669e-08;0.000102361;3.02204e-10;1.58743e-09;7.74052e-09;6.46645e-06;4.96189e-07;4.09131e-09;1.41302e-05;1.57659e-07;7.62812e-09;1.81036e-08;1.86697e-08;1.52434e-08;1.0787e-06;3.77299e-08;6.01556e-08;4.39664e-06;1.93317e-07;8.03493e-06;1.30642e-07;4.89698e-09;1.53812e-06;7.34165e-08;1.02525e-05;1.44119e-08;3.22976e-07;1.4707e-10;2.06348e-07;5.54733e-08;1.99441e-07;3.19458e-08;6.50406e-09
1.30441e-05;2.32167e-06;5.20106e-06;2.14203e-06;4.39154e-06;0.000474989;2.48703e-05;7.78186e-05;4.85156e-06;3.5077e-06;1.31085e-07;2.13819e-06;6.59298e-06;3.57762e-06;2.67135e-06;2.23409e-06;1.15326e-06;1.44958e-06;8.38954e-06;1.60019e-05;1.72614e-06;3.97594e-06;3.04712e-06;7.66198e-06;2.48118e-05;1.5544e-06;4.3119e-06;0.0002701;9.87955e-07;4.73498e-07;2.70235e-06;3.74031e-07;2.84744e-05;1.94802e-06;1.08376e-06;8.9906e-06;2.94795e-06;2.63905e-06;1.31367e-05;0.00013782;0.00018304;4.11732e-06;5.43524e-06;1.08519e-05;5.39783e-05;2.00935e-05;0.000346388;1.43394e-06;1.05077e-06;4.21462e-07;1.11868e-05;1.30809e-05;2.80374e-06;5.42898e-06;3.89182e-06;3.0257e-06;1.8623e-06;9.62969e-07;5.63556e-06;6.00718e-06;2.63163e-07;1.0502e-05;2.07704e-05;1.44633e-06;2.06608e-06;2.92828e-06;3.35165e-06;1.77709e-06;3.82249e-06;2.37374e-05;2.61224e-05;7.00261e-06;4.78139e-05;3.91771e-05;9.73454e-06;2.67304e-06;2.08977e-06;2.51359e-05;2.12655e-05;1.91039e-05;9.36143e-06;1.75532e-06;1.69353e-06;1.26175e-06;1.80611e-06;3.35096e-05;4.44397e-06;9.74762e-06;8.09279e-06;1.87957e-06;3.54764e-06;3.42862e-06;1.70903e-06;3.48414e-07;1.26946e-05;3.36821e-06;2.15642e-06;8.32829e-06;4.988e-06;7.46919e-07;5.87225e-06;2.01265e-06;4.42788e-06;3.27592e-06;7.04214e-06;6.66929e-06;9.45661e-06;2.22853e-06;3.26852e-06;3.58526e-06;1.45225e-05;5.46608e-06;2.23256e-06;2.22896e-06;5.92998e-06;1.69666e-06;1.39806e-06;2.20545e-06;5.22441e-06;1.04938e-05;5.02662e-06;4.7558e-06;4.60727e-06;3.4221e-07;3.55656e-07;1.37738e-06;4.9695e-07;3.1624e-06;3.56152e-06;1.69532e-07;7.08933e-06;1.61059e-05;1.5313e-05;1.2021e-06;3.23533e-06;9.56991e-06;2.66411e-06;1.37169e-06;2.46552e-06;4.83163e-07;3.06418e-05;3.67776e-07;6.88919e-07;2.20715e-06;1.50802e-06;5.76704e-06;3.02094e-06;1.39874e-05;1.03128e-05;2.53165e-05;1.17405e-05;1.25819e-06;2.97418e-05;2.30848e-05;1.81487e-06;1.51256e-06;3.36328e-07;4.43546e-06;7.5765e-06;8.15142e-06;3.73336e-06;1.46298e-06;1.47366e-06;6.07958e-05;1.05409e-05;9.20359e-06;8.23229e-06;4.7776e-06;5.754e-06;4.12364e-06;8.37835e-06;1.92523e-06;7.45512e-06;3.8569e-07;1.44555e-05;6.34912e-07;5.90927e-07;1.7872e-06;1.54306e-05;3.73512e-06;4.73501e-06;1.62185e-05;2.50168e-06;7.24521e-07;1.36468e-05;1.51407e-05;1.04964e-05;9.06728e-06;7.16577e-06;2.13605e-06;6.22399e-06;1.70771e-06;7.24644e-06;3.36375e-06;2.94991e-06;1.28987e-05;3.23455e-06;6.86792e-06;4.50644e-06;4.07791e-06;5.73686e-06;1.56477e-06;2.33522e-06;2.18556e-06;8.21427e-07;1.57872e-06;1.25053e-06;8.30985e-06;2.54533e-06;2.73135e-06;2.65613e-06;3.75385e-06;3.37494e-06;2.13823e-06;3.76538e-06;8.20518e-06;8.40102e-06;1.73611e-07;6.16755e-06;2.59866e-06;1.66527e-06;3.33984e-06;3.00108e-06;2.347e-06;3.33495e-06;4.47801e-06;7.63486e-06;9.51949e-06;1.57421e-05;4.28521e-05;1.88331e-05;5.10129e-06;2.23026e-06;1.31514e-05;6.5955e-06;6.25484e-06;3.04396e-05;1.0373e-05;2.62456e-05;5.79544e-06;4.16539e-06;3.69721e-06;1.29924e-05;3.25111e-06;2.78597e-06;4.04136e-06;1.23182e-05;2.44965e-05;1.25118e-06;3.61639e-05;6.69509e-06;3.87605e-06;3.84429e-06;1.80753e-05;2.02185e-05;4.04778e-05;4.04512e-06;6.01982e-06;1.98381e-06;2.11082e-06;1.13279e-05;1.7358e-05;1.00321e-07;2.98065e-06;7.67066e-07;9.75437e-06;3.48205e-06;4.10895e-06;1.43397e-05;6.72578e-06;3.5529e-06;3.363e-06;2.06287e-08;1.36196e-06;5.34247e-07;4.61488e-06;1.05892e-07;8.20375e-07;1.03031e-05;9.10799e-07;1.37233e-05;2.40533e-05;1.24157e-05;1.07149e-06;1.01515e-05;1.22649e-05;3.37547e-05;2.44585e-06;6.40887e-07;4.01057e-07;6.64965e-06;3.57384e-05;6.54058e-07;2.73639e-07;2.55106e-06;3.32622e-06;3.3864e-06;1.30965e-05;2.89495e-06;1.95955e-06;1.09691e-06;1.11765e-06;1.04685e-05;2.58767e-06;8.89669e-07;1.46449e-05;2.87469e-05;5.40423e-07;4.90507e-06;2.64031e-06;1.2111e-05;6.43464e-06;7.40565e-06;3.21614e-06;5.53633e-06;7.00518e-06;4.7967e-06;6.0421e-07;1.1502e-05;7.53703e-06;3.19846e-06;3.74435e-06;5.06409e-06;2.71782e-06;6.76349e-06;2.06431e-06;1.13041e-07;7.1667e-06;7.82844e-06;4.31089e-05;2.44241e-06;3.84178e-06;1.72168e-06;8.99965e-07;4.21951e-06;1.16559e-05;0.995786;0.000223312;4.77329e-06;5.37476e-06;1.12089e-07;2.46154e-07;2.1247e-05;1.09549e-06;6.93175e-06;1.33607e-05;3.61139e-06;3.28376e-06;1.44651e-06
