3.37214e-15;1.73728e-15;1.99556e-18;3.25632e-18;1.55948e-15;8.27874e-17;8.08519e-16;1.53475e-16;8.16758e-17;4.81261e-17;1.5498e-15;9.23392e-17;1.16132e-19;3.58806e-16;9.66941e-18;5.03639e-16;7.28634e-17;6.49982e-17;1.33444e-19;8.92736e-17;3.10068e-14;1.48368e-16;1.3074e-17;6.41655e-16;7.14906e-18;6.23057e-19;1.17278e-18;1.67715e-16;2.6965e-16;1.06301e-21;2.3676e-20;6.44538e-16;9.60643e-22;3.28759e-17;1.5334e-22;8.4513e-16;2.87935e-17;4.54207e-18;8.56927e-16;1.06122e-17;6.81925e-19;9.20608e-21;6.22213e-19;2.9624e-18;1.58731e-16;2.12774e-17;4.11704e-15;1.07082e-15;2.89951e-18;4.52735e-18;9.74365e-15;3.93805e-22;2.36631e-17;6.34188e-23;2.80721e-18;1.00034e-18;1.92419e-16;2.31068e-15;1.63827e-17;1.55981e-17;3.83529e-15;4.42016e-17;3.05941e-17;4.73637e-19;5.03404e-16;5.40057e-16;6.9036e-18;2.36598e-17;2.38822e-15;3.58462e-18;1.01606e-18;3.86915e-14;2.9605e-18;8.53269e-18;3.06326e-22;7.41599e-16;2.74725e-17;1.19466e-16;1.48825e-16;1.40888e-17;1.4715e-18;7.20563e-17;1.37498e-18;9.04692e-19;6.56622e-16;3.18026e-19;2.79249e-19;2.21708e-22;1.19676e-17;9.55374e-18;5.7106e-16;3.15692e-17;8.87645e-18;1.87568e-15;5.75912e-17;7.67156e-17;1.82473e-21;1.89999e-16;1.37612e-17;9.1544e-18;3.96684e-21;3.75229e-19;8.34689e-16;6.77658e-20;7.49479e-18;3.79683e-23;1.88702e-16;2.1885e-18;4.3846e-18;1.67674e-18;8.68671e-19;5.53512e-19;2.49297e-17;6.64379e-18;5.77365e-18;1.95685e-11;1.47027e-19;2.57307e-17;2.37242e-22;1.11525e-16;1.00293e-16;4.95877e-21;1.18036e-18;2.54385e-17;2.19829e-20;1.17362e-20;1.10717e-12;9.13152e-21;8.8496e-20;3.18607e-24;7.96398e-16;6.93565e-18;1.42208e-17;2.20496e-14;3.45946e-18;3.83073e-18;1.83931e-15;2.07669e-18;1.15362e-16;1.38221e-13;6.02981e-18;1.65159e-18;3.14985e-20;1.8185e-15;9.72337e-17;3.71314e-17;4.96868e-17;3.40522e-18;5.44459e-15;6.61385e-17;5.99548e-18;4.07849e-13;1.49904e-16;1.35869e-18;2.83579e-20;1.48844e-15;5.63261e-16;1.26862e-17;4.13307e-18;4.83678e-15;6.11449e-18;6.06626e-18;1.28735e-14;2.15277e-18;3.39838e-17;5.80391e-21;2.58925e-16;3.76694e-18;2.34356e-18;5.35356e-18;8.90837e-16;1.57448e-18;9.0905e-18;6.89689e-16;1.15962e-19;1.61416e-20;1.72143e-21;3.12168e-17;3.36342e-19;3.07368e-17;4.52397e-16;3.21889e-18;9.97333e-18;1.65898e-14;3.93644e-19;7.26529e-17;8.71997e-21;6.2515e-16;5.11524e-18;3.39112e-17;2.1066e-15;6.10595e-15;2.95796e-18;6.3799e-18;7.07972e-15;3.66966e-18;8.6059e-19;1.87411e-19;2.52889e-16;4.61468e-18;1.44248e-16;4.60375e-15;2.96764e-17;1.06544e-17;5.65049e-12;6.00306e-17;8.22607e-17;1.52001e-17;2.29322e-14;2.71069e-17;1.63825e-14;1.5269e-17;1.38611e-15;3.02796e-17;5.06785e-16;4.94801e-19;1.52849e-18;1.24386e-15;1.15611e-18;3.72469e-17;5.85761e-24;2.76412e-16;1.59977e-16;1.71903e-16;9.47847e-18;7.26976e-15;1.09371e-17;5.83375e-18;3.46553e-15;1.08902e-15;3.04965e-17;8.90244e-20;7.44133e-10;3.08292e-15;4.36329e-14;1;9.86223e-13;2.56145e-11;5.1334e-14;1.66669e-11;6.06853e-15;1.77262e-10;1.06428e-13;2.74641e-14;1.00062e-16;6.26238e-15;2.19357e-18;1.01365e-18;4.61199e-13;4.63875e-20;4.64283e-19;1.292e-20;5.15521e-15;1.44131e-17;2.95704e-17;1.85719e-15;3.36413e-17;1.73356e-17;2.29383e-17;1.05815e-15;1.53168e-17;8.05048e-18;2.91032e-12;6.04531e-22;2.20517e-16;5.66783e-22;5.7629e-15;3.94712e-17;9.68392e-19;2.42078e-16;6.87353e-17;5.4079e-17;5.43561e-24;7.42411e-17;1.26801e-19;1.12677e-20;5.54252e-14;9.54607e-20;4.01404e-16;3.09352e-27;4.21381e-15;1.84021e-18;4.04803e-18;2.77701e-18;6.65251e-18;7.56521e-19;8.92921e-18;9.90111e-17;5.52483e-20;1.00485e-19;9.83071e-12;1.15082e-20;6.02461e-19;5.28976e-28;9.77949e-16;1.97855e-17;9.05158e-18;1.30107e-15;1.15187e-16;1.77765e-19;4.04707e-17;3.41375e-16;2.83276e-19;6.02775e-20;2.30552e-18;1.13581e-18;1.11539e-13;3.66768e-26;9.8415e-16;1.27371e-17;1.78362e-17;2.39822e-18;3.4202e-19;7.47379e-18;2.27896e-16;5.20796e-19;3.06301e-17;1.4481e-15;2.27027e-21;2.10781e-22;1.57875e-23;7.25374e-16;1.66469e-18;6.44345e-22;5.09771e-15;2.06323e-17;1.38047e-10;2.11841e-16;1.87671e-15;5.42226e-21;4.00102e-16;3.93674e-18;1.30379e-17;3.2885e-16;4.32843e-17;1.96296e-18;1.85909e-18;3.71056e-19;4.10448e-16;5.28868e-18;2.82e-15;4.94811e-19;1.26801e-17;2.39421e-22;6.93642e-15;8.18884e-17;6.61003e-18;2.50972e-16;1.59191e-17
2.78299e-11;5.89261e-13;2.31481e-15;1.17189e-15;4.65098e-15;4.26241e-16;6.83424e-15;3.10258e-13;4.06567e-15;3.9103e-15;1.65278e-13;4.04688e-15;4.09129e-15;3.29486e-15;1.33377e-15;1.81849e-12;1.10737e-14;1.18564e-15;6.8712e-17;4.61359e-15;7.95478e-12;3.82122e-14;8.42898e-16;9.77139e-12;3.3794e-15;2.74338e-14;1.1015e-14;1;7.24304e-15;7.38833e-18;2.63032e-16;6.13891e-12;7.70494e-17;1.25859e-16;8.6082e-17;2.3975e-15;1.23057e-15;9.59722e-16;2.68214e-17;2.90693e-16;2.11146e-17;3.11242e-15;1.52429e-14;2.20171e-15;1.03283e-13;1.98037e-13;1.6677e-14;5.67277e-13;1.92887e-15;6.1807e-17;4.5975e-12;2.90212e-15;6.22498e-14;4.23166e-16;6.97804e-17;2.74261e-14;1.49391e-15;5.97393e-15;6.12025e-15;6.99632e-16;5.80546e-14;4.53153e-14;5.31174e-16;2.52252e-15;3.10066e-15;1.66867e-14;5.02928e-15;5.8914e-16;4.15773e-14;2.95332e-15;2.0043e-16;2.46084e-14;8.05917e-16;5.97396e-17;1.11754e-16;9.01422e-15;1.54012e-14;1.03855e-14;7.55018e-15;2.5295e-15;2.42327e-14;3.96129e-14;2.61237e-15;1.01546e-15;6.44405e-16;6.02391e-14;9.48341e-17;6.50604e-15;5.60559e-15;5.64912e-15;6.95424e-15;2.80113e-16;1.65434e-15;2.87061e-11;1.21092e-15;3.9113e-20;9.09536e-18;5.00577e-15;1.02956e-15;1.74746e-13;2.71047e-16;3.4677e-16;3.36773e-13;4.14051e-16;8.60849e-16;6.69843e-16;1.6853e-13;1.84742e-15;8.01152e-16;2.75188e-15;6.17434e-15;3.03487e-15;1.69244e-14;6.60449e-15;3.14555e-14;1.75611e-09;7.34088e-14;5.79666e-17;5.39061e-16;2.96322e-13;9.87918e-14;3.0804e-14;2.88537e-16;1.27113e-13;4.48526e-15;1.05983e-17;4.54549e-15;5.43305e-19;1.43245e-16;3.47776e-17;3.27192e-14;3.94829e-15;1.2866e-15;2.55348e-14;1.07298e-16;1.44652e-14;2.05046e-14;6.5763e-16;7.74525e-16;3.74961e-15;1.38896e-16;1.10245e-16;1.58338e-15;3.16287e-15;6.92617e-16;1.86696e-15;3.01038e-14;4.24e-15;2.93757e-14;1.84801e-14;4.01723e-15;2.14569e-13;1.53342e-15;8.29644e-17;3.45683e-16;3.09793e-15;2.41142e-16;2.26991e-16;1.80793e-15;1.19147e-14;7.45083e-16;1.47861e-15;5.4841e-13;3.87729e-16;2.08661e-16;2.0108e-18;2.63111e-16;8.52572e-16;7.29129e-15;6.10752e-15;7.57456e-14;1.58046e-15;2.62566e-15;4.87667e-12;6.58373e-16;5.15476e-16;2.33204e-15;1.51005e-14;4.25421e-14;3.81332e-13;1.23028e-14;7.38416e-16;1.08371e-15;1.60096e-15;3.12671e-16;3.6287e-17;8.72628e-13;1.19186e-13;5.86201e-15;1.24232e-13;4.50776e-14;2.4264e-14;8.52284e-16;3.3003e-16;1.42506e-13;7.23613e-15;1.34929e-17;1.0963e-14;2.19559e-14;1.93478e-15;4.15666e-16;1.80209e-14;3.01125e-15;9.32159e-16;3.21862e-12;2.63372e-14;1.52903e-16;7.97625e-15;7.98122e-14;3.05241e-15;2.44347e-15;1.60772e-15;1.41942e-14;1.22385e-14;6.26238e-14;1.25959e-15;9.7846e-16;8.73487e-14;4.49828e-17;9.57288e-15;2.87217e-17;1.06704e-14;9.42151e-13;1.69793e-15;2.59716e-15;6.72741e-15;2.14596e-15;3.41049e-15;2.54765e-14;4.55537e-15;1.44472e-15;5.12092e-16;2.1388e-14;9.20249e-16;2.54081e-15;1.35255e-14;2.46561e-16;4.77585e-15;5.64636e-17;1.36048e-14;3.1937e-15;7.55127e-15;1.8289e-16;6.02287e-16;8.13183e-15;1.645e-14;8.01075e-15;2.939e-17;3.48804e-13;9.52586e-16;5.12659e-18;2.53437e-17;1.22178e-14;3.62956e-16;1.69282e-15;2.23009e-14;6.31539e-17;2.07305e-16;3.00855e-14;1.26981e-14;3.21382e-16;7.93374e-16;1.08364e-13;5.42482e-14;6.57769e-16;4.42262e-15;7.18989e-14;1.17698e-15;1.85959e-15;2.47451e-14;1.13402e-13;2.37803e-13;5.96416e-12;1.31342e-15;2.36307e-17;2.9091e-17;1.92739e-15;1.98212e-20;1.23741e-11;2.75333e-15;6.07211e-14;1.26521e-15;2.46644e-14;2.72889e-17;1.60493e-13;1.10201e-15;5.10766e-14;3.8654e-15;2.32625e-17;4.32812e-16;3.85054e-12;5.34556e-16;5.7475e-17;7.84224e-20;3.46386e-14;1.93204e-14;2.53611e-15;3.56103e-14;3.71285e-15;1.36646e-16;9.30527e-15;1.06507e-15;7.95286e-16;2.29211e-15;1.101e-13;4.40464e-13;1.77708e-15;3.04919e-17;6.59182e-15;2.2141e-15;2.19705e-16;1.54853e-16;5.12962e-16;5.37772e-15;3.89309e-15;2.25692e-16;3.96561e-16;1.33771e-14;1.56488e-15;5.13582e-19;2.7469e-17;4.37635e-13;2.74183e-14;4.53078e-17;2.70128e-14;8.56787e-16;2.01919e-15;1.76282e-14;7.01197e-16;8.52946e-13;2.00411e-14;2.7732e-14;6.97404e-15;9.07949e-15;4.34834e-16;4.08089e-15;3.99917e-11;5.18148e-15;1.23654e-14;1.67932e-15;6.00565e-16;9.33499e-16;2.96934e-16;4.02077e-18;2.30048e-14;1.57392e-15;1.80474e-15;5.63232e-16;1.41682e-17
2.38001e-11;2.34365e-12;1.06685e-09;1.53757e-13;1.83432e-07;1.84129e-12;1.44031e-14;2.71293e-11;4.92487e-11;1.07816e-10;5.05622e-15;2.28057e-10;4.54975e-10;6.09848e-14;3.21138e-12;6.18823e-10;3.25927e-11;7.04305e-13;9.35379e-12;7.49549e-12;1.60458e-14;2.27419e-13;5.39362e-12;1.14465e-09;2.45667e-11;2.90394e-09;1.46806e-09;1.34286e-10;3.62706e-16;6.23969e-11;3.91408e-13;1.55114e-13;1.23669e-12;4.81729e-16;4.02923e-11;2.70919e-13;8.75802e-12;1.35727e-12;5.90423e-11;1.22118e-13;3.01217e-15;3.33721e-14;6.04779e-12;6.29623e-14;6.05632e-11;1.41827e-13;2.40471e-15;5.82528e-14;4.27371e-12;4.90926e-13;1.78095e-12;5.07302e-18;7.71466e-15;2.35717e-11;7.74905e-12;4.3117e-09;3.67732e-10;1.30956e-12;3.95963e-12;1.89595e-11;1.00689e-09;2.99153e-14;7.87065e-12;4.65804e-10;1.07275e-12;8.62684e-09;2.17467e-11;2.72771e-11;1.82097e-14;7.54186e-12;1.20271e-11;1.33739e-15;2.15888e-14;6.08874e-12;2.16419e-10;3.39158e-13;2.31462e-12;6.17929e-11;1.59544e-11;1.51018e-12;8.5164e-13;5.27409e-15;6.34637e-10;5.02341e-13;2.6115e-16;6.85795e-12;3.27367e-13;1.50914e-09;5.42749e-12;1.83672e-12;1.3862e-13;2.73296e-10;5.9857e-12;5.27117e-11;1.5261e-14;1.00512e-16;3.26683e-09;3.6525e-11;1.61417e-10;3.10099e-15;2.60144e-10;8.64322e-13;5.90317e-10;8.45068e-15;1.22796e-15;3.26412e-10;4.06061e-13;1.22856e-10;1.87368e-11;6.86923e-11;8.59123e-12;2.94722e-12;7.19318e-12;1.52251e-11;5.406e-12;7.76373e-14;1.73104e-13;2.48048e-16;1.7518e-08;1.14253e-09;8.31979e-12;3.27044e-11;9.1209e-11;3.92805e-17;8.98062e-13;2.23143e-16;1.00436e-13;5.81496e-20;2.83225e-16;7.40255e-13;6.85863e-13;1.53114e-12;5.23528e-11;3.1701e-14;2.43788e-13;2.39579e-11;4.12473e-13;6.9489e-12;9.49248e-11;2.68043e-10;1.24955e-11;4.12312e-13;3.45517e-10;2.33274e-11;1.21561e-10;6.64757e-10;8.58651e-10;1.05762e-10;1.57861e-14;2.92152e-13;5.24597e-12;1.5934e-15;6.12651e-16;2.64786e-13;1.24609e-10;2.09191e-13;3.01233e-13;3.41483e-12;1.175e-11;1.02414e-12;1.31408e-12;4.12451e-10;2.67233e-14;1.13308e-11;7.90594e-12;1.75813e-07;1.34112e-09;7.10771e-10;2.45689e-11;7.6302e-08;3.3205e-10;5.64235e-08;1.71915e-08;2.59656e-07;3.43078e-08;2.40235e-06;0.999983;1.12903e-05;1.70638e-06;1.20489e-07;5.1153e-15;3.2674e-12;1.40676e-13;2.46712e-11;1.12258e-14;2.30833e-14;1.10823e-08;9.91994e-12;4.51389e-12;2.65363e-11;6.88076e-11;2.16995e-13;1.01109e-11;4.91921e-13;6.86559e-12;9.15112e-12;6.26931e-11;4.10462e-08;5.73838e-08;2.8222e-10;8.40454e-11;5.44651e-13;2.36856e-10;2.983e-11;1.60439e-11;4.25445e-12;8.97666e-13;7.61127e-09;5.58542e-12;3.93029e-12;6.16047e-13;3.93977e-11;3.22262e-11;1.3845e-11;6.78073e-14;3.00809e-10;1.73926e-11;3.63974e-12;4.58752e-19;2.06466e-12;7.8863e-09;9.94364e-13;1.93301e-10;9.23679e-13;5.75614e-11;9.29039e-13;1.47796e-09;1.08796e-10;1.94998e-11;4.60515e-13;1.42113e-12;1.7292e-08;5.45247e-17;2.52345e-12;1.10213e-13;6.96634e-18;9.38805e-18;2.9824e-14;7.0741e-10;1.38814e-13;2.00908e-11;1.69384e-11;9.80574e-14;9.51197e-13;8.47408e-12;1.08639e-14;3.85422e-10;2.00547e-13;1.62769e-12;5.79654e-14;5.10931e-12;2.02031e-09;1.46359e-12;1.33642e-11;8.32402e-12;3.17387e-10;3.94206e-12;2.44211e-12;5.25075e-12;2.75136e-14;1.65921e-12;4.1669e-11;3.18722e-18;1.16525e-16;1.99026e-13;2.8577e-08;1.05449e-13;4.74384e-12;3.06069e-12;1.99726e-13;3.96921e-12;1.65124e-10;2.37282e-12;2.01515e-17;4.61576e-12;1.46816e-15;2.44469e-19;8.4612e-16;8.85087e-18;5.05217e-09;3.01509e-13;2.33689e-11;1.90574e-11;1.95955e-15;4.22253e-13;6.23317e-14;1.76447e-11;7.2684e-18;3.8742e-14;8.221e-15;4.8467e-19;1.53081e-16;1.74867e-19;1.39574e-11;1.87857e-12;1.00329e-10;3.51726e-12;4.26642e-11;1.35398e-10;1.02909e-10;1.49182e-12;5.1635e-16;5.87692e-13;1.47793e-12;1.10085e-14;1.07917e-16;3.92027e-17;5.03239e-11;2.26193e-12;1.68251e-10;1.49146e-13;2.99999e-12;1.21284e-15;6.82333e-12;4.26111e-14;6.09177e-13;1.46392e-11;3.32107e-13;8.6833e-17;7.56328e-17;8.73922e-12;5.27318e-11;3.51803e-10;7.20097e-17;2.71714e-14;2.98431e-12;3.28762e-14;1.34207e-11;8.06711e-13;3.61853e-11;2.72146e-14;5.29877e-11;1.65853e-12;8.33986e-13;1.93302e-12;3.0261e-11;1.04919e-12;4.78421e-19;6.48299e-15;7.95905e-12;8.32593e-18;8.48839e-18;1.21652e-14;2.79129e-14;3.45427e-16;1.06876e-13;3.31897e-13;9.45619e-13;2.93037e-11
8.7622e-12;1.24969e-17;8.74441e-15;4.8305e-16;3.05095e-12;2.31126e-14;1.95592e-16;1.58685e-13;1.51349e-13;1.81399e-13;3.77318e-14;1.29891e-13;7.01769e-13;2.64943e-15;7.20419e-14;4.69008e-14;6.02305e-15;1.5499e-14;1.25799e-15;9.00305e-15;2.82959e-14;6.37406e-15;2.2545e-14;2.49426e-13;7.21624e-14;1.28046e-13;1.3415e-14;8.68654e-16;3.75575e-13;3.08317e-11;3.18004e-12;2.72272e-10;1.2141e-05;0.999988;5.42075e-11;3.63516e-12;2.25123e-13;2.92267e-13;2.63676e-12;1.11841e-09;3.03482e-13;5.45516e-14;7.51483e-13;5.72269e-17;3.55415e-14;1.03601e-11;7.94431e-15;5.30118e-16;4.37312e-16;2.3476e-17;1.23362e-15;5.02784e-17;2.86146e-14;5.71598e-14;1.22849e-19;1.79865e-14;9.09529e-14;5.12347e-15;3.0341e-14;2.16847e-14;2.43558e-14;2.37486e-16;4.60509e-12;2.29607e-17;3.32272e-15;5.54114e-14;8.70111e-13;4.73788e-12;3.8641e-16;1.73428e-14;2.80914e-16;2.85751e-13;7.75258e-16;1.66277e-13;9.25329e-17;7.34501e-15;5.78838e-15;7.02446e-14;5.20666e-15;2.03388e-14;3.29939e-14;3.06794e-16;4.52586e-14;6.84076e-17;4.62711e-11;4.06795e-12;3.80337e-14;9.39757e-16;2.48917e-12;4.54899e-13;2.66804e-14;3.7201e-13;1.62456e-14;3.16802e-13;2.68348e-14;2.43853e-14;1.74719e-15;1.97787e-12;9.63768e-11;5.20045e-17;1.09129e-15;1.73803e-17;6.41431e-14;6.8799e-15;3.62946e-11;2.77754e-16;6.83529e-17;2.37814e-14;1.413e-14;2.30681e-13;1.16914e-15;1.96216e-12;6.23302e-14;2.41784e-13;2.34254e-13;6.04649e-16;1.35368e-16;3.50973e-12;2.31754e-17;1.69282e-16;2.29441e-14;6.54945e-13;8.01774e-13;2.61811e-16;3.38494e-16;7.43536e-17;2.47796e-14;4.32538e-10;1.11326e-09;4.45369e-17;1.17187e-13;1.66393e-12;4.8407e-15;3.73576e-14;1.34823e-11;3.39737e-15;1.31789e-14;1.55414e-14;1.80737e-14;1.00463e-18;1.10713e-13;1.37006e-12;4.22818e-15;1.71129e-13;1.50424e-14;1.14356e-12;5.19152e-12;3.54044e-14;8.03565e-16;4.83136e-16;8.00731e-16;4.8364e-18;3.45182e-18;3.34468e-10;5.90909e-18;8.46556e-15;3.14839e-14;4.42024e-14;7.91526e-12;1.01162e-14;9.61046e-14;1.81144e-13;7.87507e-14;5.48103e-14;5.40518e-11;3.09197e-14;7.05419e-12;6.41829e-12;4.90305e-10;3.09082e-12;8.01498e-13;1.28651e-13;1.44162e-14;1.62258e-17;4.34947e-11;1.44927e-07;5.39931e-16;3.23942e-14;5.36256e-12;1.37781e-10;9.16153e-17;3.90501e-14;9.90282e-17;2.93294e-16;2.09047e-13;2.72209e-12;8.98685e-15;6.24618e-14;1.48043e-11;3.65897e-14;7.28835e-13;1.10934e-15;2.32461e-15;4.65208e-17;1.65368e-13;3.69857e-14;3.43279e-13;8.21795e-16;1.28055e-15;9.10344e-13;6.66143e-14;2.89073e-14;3.34892e-13;1.01289e-13;1.75532e-15;1.12143e-10;3.51468e-09;6.0089e-13;4.66665e-14;3.04313e-15;1.93099e-13;1.93195e-13;4.15028e-12;1.4138e-13;1.02743e-15;4.56048e-14;4.04404e-15;1.45332e-20;4.98976e-13;3.22625e-12;4.03267e-18;3.91732e-14;5.81422e-13;9.1929e-14;2.18417e-11;2.91817e-14;1.48541e-13;3.42097e-14;1.00131e-15;5.25407e-13;7.61977e-13;7.57523e-18;9.55585e-16;1.79684e-13;1.25892e-13;1.76e-15;6.071e-12;5.24852e-10;1.98787e-14;1.73807e-12;3.63267e-13;1.6916e-14;8.00942e-14;3.09206e-13;1.90235e-12;7.44744e-16;7.42872e-14;3.46774e-17;2.3191e-14;1.30518e-10;7.53349e-09;3.25731e-15;2.11784e-15;8.16846e-14;3.38072e-14;4.06786e-14;2.36137e-13;8.84166e-13;6.40903e-14;9.06164e-15;7.45789e-15;5.85982e-14;1.00031e-16;1.05808e-12;7.92696e-15;3.23755e-16;1.81257e-14;7.01931e-14;2.15297e-14;2.2959e-15;2.7349e-12;7.57307e-12;1.05955e-18;2.94395e-14;1.26586e-13;1.55641e-18;1.90907e-14;8.45169e-11;3.47263e-13;6.55811e-23;3.84398e-15;3.3685e-17;6.87829e-14;5.12876e-18;1.04955e-14;3.45324e-15;1.17712e-13;1.01263e-16;9.21329e-16;1.2969e-18;1.39766e-14;4.54562e-13;3.19192e-14;1.2661e-18;1.76669e-14;1.13777e-12;3.7725e-14;4.41903e-13;3.0071e-13;3.19822e-13;1.986e-14;9.09826e-17;2.30032e-18;5.65764e-18;2.24591e-13;2.74904e-15;1.61025e-15;2.53039e-20;1.11699e-14;9.9262e-14;1.30975e-17;3.50713e-12;9.48874e-14;3.69171e-14;6.15289e-15;1.03172e-15;3.09947e-14;1.4963e-14;3.58784e-18;5.02478e-11;3.07987e-19;1.97802e-12;4.97264e-13;1.74867e-17;2.25694e-16;2.68321e-15;8.13304e-18;4.47499e-16;2.71518e-14;2.6173e-16;3.39728e-15;2.58535e-14;1.63824e-14;1.49121e-14;1.23436e-13;7.78251e-11;3.55235e-13;3.65396e-17;1.34504e-13;1.11527e-13;3.01091e-16;4.20562e-16;5.36983e-14;2.02602e-14;2.3483e-16;2.96546e-15;6.44369e-15;2.58503e-13;1.23238e-13
2.35048e-09;9.54768e-12;4.9377e-11;1.31572e-12;1.55319e-12;3.23635e-10;7.99777e-14;4.68084e-11;4.49568e-11;4.4534e-10;2.56453e-15;2.04865e-11;4.86626e-12;1.24168e-12;2.3835e-09;1.38197e-10;2.8026e-09;1.83591e-11;6.568e-11;1.08523e-10;2.87165e-13;1.30847e-13;4.90568e-11;7.78011e-11;3.16417e-09;1.44519e-14;1.41989e-11;1.00016e-09;6.44468e-15;6.62491e-10;3.40621e-12;2.38563e-13;8.55528e-09;9.26422e-12;2.4583e-08;7.30876e-12;1.19517e-11;5.55861e-11;6.37473e-11;5.77117e-11;2.56071e-13;1.03318e-10;1.23978e-11;1.45774e-13;3.59718e-11;2.84851e-11;6.78382e-17;4.29899e-13;7.57969e-12;1.06511e-13;4.69919e-14;7.23396e-13;1.27338e-11;1.70969e-06;1.22658e-13;1.19431e-11;1.02916e-11;1.43161e-12;5.78573e-11;1.23872e-11;2.45329e-12;7.50232e-10;6.49764e-13;6.21345e-09;6.90238e-11;4.14389e-10;1.34699e-10;4.88376e-11;2.2681e-13;5.87559e-11;1.79645e-11;2.97799e-09;9.08363e-12;1.14742e-15;1.42205e-08;4.13236e-12;4.42037e-10;7.23594e-11;1.29309e-11;6.80146e-11;1.64683e-11;8.82205e-14;1.76719e-10;1.11834e-10;2.81448e-10;1.48462e-10;2.05186e-12;2.58466e-07;1.34452e-10;3.44005e-12;5.25916e-12;7.11438e-11;1.88081e-10;4.22932e-11;3.02802e-14;8.89959e-14;1.27393e-11;3.20602e-12;4.82704e-12;4.66764e-13;1.0951e-12;6.20532e-15;1.28152e-09;9.07987e-11;1.39009e-13;3.16048e-09;6.62664e-13;1.49032e-10;4.35217e-11;4.05967e-13;1.22107e-10;3.27075e-12;3.77541e-12;6.89756e-11;1.04678e-09;4.22587e-14;7.04298e-12;3.08711e-13;3.13193e-10;1.30137e-13;9.98931e-13;9.17263e-14;7.89845e-09;8.16147e-10;9.53841e-07;4.08532e-09;1.64994e-05;6.46907e-06;3.11786e-10;0.999966;4.08537e-09;4.50484e-09;9.30851e-08;5.5418e-06;9.32921e-07;6.26192e-10;2.67104e-11;6.53543e-10;4.17619e-11;1.71384e-11;5.18378e-08;5.37488e-13;6.47697e-11;1.2905e-11;1.78877e-12;4.24079e-10;1.43203e-11;1.65254e-10;3.40566e-12;5.61508e-10;1.15822e-10;4.21825e-10;5.37056e-10;1.31114e-12;4.01475e-09;3.91209e-11;4.13106e-14;2.78009e-12;3.5858e-12;4.05073e-12;7.44145e-10;2.33534e-11;1.91813e-15;9.87617e-11;5.74024e-13;9.35963e-12;2.49012e-12;8.96744e-11;2.01751e-11;1.12509e-10;1.75098e-11;4.98944e-10;2.20274e-11;1.85011e-12;2.64455e-11;1.21955e-13;5.51153e-10;4.68446e-11;2.17599e-10;1.17374e-12;2.24683e-12;1.86524e-10;2.577e-12;1.49424e-11;1.09278e-10;1.71936e-12;2.79652e-07;1.43104e-11;1.1164e-11;1.21653e-10;1.18977e-10;3.716e-12;1.42112e-10;2.35183e-11;2.17582e-11;3.04794e-11;2.68266e-11;1.72952e-08;2.35085e-12;6.30346e-12;1.55727e-10;7.72968e-13;2.7355e-09;8.42612e-12;1.18542e-10;1.6921e-10;5.94914e-12;4.13967e-09;4.48985e-12;1.62473e-10;5.88588e-12;2.16063e-11;7.2792e-12;2.59916e-12;1.50787e-12;3.15555e-09;1.53075e-12;5.60448e-13;5.14289e-13;1.05586e-15;1.99232e-12;2.19483e-12;9.40825e-12;1.20139e-11;1.02808e-11;4.18049e-12;5.31945e-10;4.61803e-10;7.34184e-12;2.80458e-10;1.35019e-10;1.72382e-10;1.50027e-12;2.13435e-10;3.13393e-12;3.97096e-13;2.43997e-12;3.34627e-17;1.39366e-06;9.3556e-11;3.31487e-11;5.96315e-10;9.19578e-12;3.0865e-13;8.75096e-11;5.37627e-13;6.22989e-10;3.25101e-12;6.53981e-14;6.39961e-10;3.61512e-15;3.15298e-11;1.74529e-13;1.35927e-12;4.86911e-11;1.13803e-11;2.07364e-11;1.91881e-12;2.31312e-11;8.00559e-13;6.53937e-12;1.69419e-10;2.84279e-10;7.55855e-13;7.41813e-15;5.70105e-10;1.83594e-12;8.41595e-12;3.13582e-10;7.07421e-11;1.7236e-10;2.45899e-12;2.59176e-19;9.78404e-15;6.33891e-11;2.0498e-13;1.24901e-09;1.76012e-09;1.93529e-18;3.96694e-08;2.48574e-11;4.49355e-10;1.46824e-10;4.53709e-19;3.17526e-13;5.18378e-13;5.32348e-13;2.0631e-16;3.70552e-11;2.62376e-14;1.67103e-17;7.90187e-13;4.33521e-18;3.46191e-12;1.51599e-13;3.09223e-11;3.19456e-11;4.95004e-16;1.50014e-10;6.87661e-13;8.40068e-12;1.42498e-16;2.90509e-13;1.53078e-13;4.47768e-13;2.20655e-13;4.70072e-15;5.5252e-15;6.26314e-12;5.20137e-11;2.74902e-13;5.56869e-11;3.72182e-15;3.0723e-11;4.35361e-13;4.11997e-11;9.32268e-11;3.45336e-14;9.10317e-10;1.55156e-12;1.00541e-12;3.35853e-12;3.7107e-12;1.34197e-14;1.33252e-11;1.79387e-09;7.76824e-14;6.55278e-13;2.20873e-12;1.80555e-11;1.81131e-11;4.8597e-10;2.05232e-11;1.8004e-10;9.07364e-11;3.81832e-10;1.18287e-09;2.37273e-12;4.15562e-13;3.00491e-11;1.19752e-15;3.62053e-14;8.22178e-14;1.73911e-13;5.32262e-13;1.15173e-10;1.12169e-10;2.73418e-10;1.50247e-11
6.27134e-13;5.29627e-16;3.50266e-17;1.98552e-17;4.06297e-16;3.22451e-15;1.33149e-16;9.73213e-12;1.12596e-15;3.64411e-15;3.21572e-14;2.23299e-15;1.80095e-16;7.36387e-15;5.73172e-14;5.03423e-14;6.97962e-12;4.58716e-15;2.43257e-14;1.35924e-14;1.91645e-11;2.46861e-16;6.70166e-15;1.38344e-14;1.20055e-14;1.93114e-15;2.00109e-14;1.62545e-15;3.72451e-17;1.18609e-18;2.34741e-17;6.82683e-16;4.39707e-20;2.66578e-17;1.42594e-14;6.30153e-16;2.78049e-15;3.87836e-15;5.33461e-17;2.50831e-14;6.13144e-17;5.46569e-15;1.0502e-14;6.6759e-18;6.37101e-16;5.94475e-16;5.32266e-19;6.83349e-17;5.64129e-17;6.99591e-17;1.44321e-19;1.13702e-16;5.48803e-17;3.12863e-13;1.30046e-18;7.06792e-15;7.81004e-16;5.29919e-17;7.98442e-15;7.26499e-16;1.97509e-16;4.88878e-18;1.49085e-17;2.76963e-16;1.02618e-15;1.16266e-15;1.92619e-15;4.62969e-16;2.83606e-16;2.31441e-15;6.98904e-15;3.04694e-12;6.86698e-14;2.09142e-16;2.05577e-15;3.79017e-15;5.77342e-15;7.45444e-14;7.83913e-17;6.79955e-15;2.20066e-14;2.02154e-15;1.78898e-14;6.12647e-15;4.04015e-13;2.05871e-16;1.31881e-13;1.78065e-17;1.15167e-15;2.36536e-15;4.06298e-15;8.95393e-14;1.67445e-14;1.36761e-14;3.26006e-14;7.71197e-17;1.94334e-16;7.54978e-16;2.36262e-15;6.30377e-16;2.57747e-18;2.31701e-18;4.3931e-16;3.46409e-18;2.56413e-16;2.55235e-19;4.49362e-17;1.69348e-16;1.93447e-15;5.9087e-16;1.50525e-18;3.1881e-15;2.02594e-17;2.60108e-16;1.04337e-16;1.22649e-14;6.60898e-18;7.36549e-19;2.74812e-15;2.98888e-16;2.34345e-15;8.67711e-18;3.47013e-16;4.24609e-18;4.3978e-17;1.87734e-16;1.91987e-16;6.38234e-18;2.14264e-23;8.901e-17;2.21038e-16;2.51243e-15;7.51037e-15;1.30181e-15;7.99871e-17;4.83544e-19;4.15188e-14;2.5838e-14;8.9852e-15;5.19998e-13;1.11703e-12;7.75424e-15;1.49142e-15;6.02692e-16;4.45179e-14;8.96195e-15;1.5671e-12;1.2168e-14;6.2643e-14;9.86596e-14;6.20971e-14;8.28355e-15;9.31459e-12;5.60099e-14;5.10948e-16;3.69333e-15;6.89915e-16;5.96437e-15;1.45911e-16;3.72839e-14;5.01262e-15;3.21494e-14;3.94146e-15;2.02777e-14;3.06486e-15;4.36908e-16;6.24106e-18;5.135e-15;1.61736e-15;6.48914e-15;8.83414e-15;7.81005e-14;7.21716e-15;5.49127e-12;3.76525e-15;8.52367e-14;2.172e-14;1.1355e-14;5.40099e-14;1.81935e-13;6.49657e-15;1.08579e-14;6.53231e-14;1.021e-13;2.18747e-15;1.2778e-15;1.05845e-14;3.8511e-14;4.53762e-16;7.92882e-14;3.04334e-14;2.9166e-15;5.70099e-16;1.81991e-15;4.34021e-14;2.34221e-17;3.70592e-15;8.02231e-14;5.80253e-15;3.24414e-16;1.89683e-15;1.63326e-15;5.45458e-15;7.48151e-15;4.07578e-13;8.24179e-15;1.87346e-14;9.7143e-14;2.46833e-14;4.51433e-15;4.93626e-16;1.75655e-14;2.71965e-13;8.91141e-11;2.36861e-10;5.24169e-11;1.02405e-09;1;8.34899e-11;2.17739e-08;1.40525e-09;7.2438e-14;2.99868e-11;3.26768e-12;2.16909e-13;1.80268e-14;4.6396e-15;1.07983e-13;1.44579e-13;1.40677e-11;2.52634e-13;2.55622e-15;1.08041e-14;2.01714e-15;9.53636e-15;2.19807e-11;1.46537e-15;1.05023e-16;1.25756e-11;1.43568e-15;3.4511e-15;5.03025e-18;1.48204e-15;7.24381e-17;6.35562e-15;6.93917e-15;3.94664e-14;8.44867e-15;2.40841e-15;1.53386e-12;1.08631e-17;1.38285e-17;3.66229e-15;1.31979e-14;4.19593e-14;2.59206e-15;2.08848e-16;4.79795e-16;2.50582e-15;2.23316e-16;7.40036e-17;2.06323e-15;6.12424e-17;2.71073e-15;3.46011e-16;8.30541e-15;2.19803e-15;7.3399e-16;6.07665e-15;4.06104e-14;3.41779e-15;7.24339e-17;6.42214e-17;9.08805e-17;4.51172e-18;4.54684e-16;3.49198e-14;4.8019e-18;1.72626e-10;3.93133e-19;1.28711e-14;1.32939e-14;1.28519e-16;3.57256e-20;1.40555e-16;8.26289e-18;7.99542e-16;4.62421e-16;1.00513e-15;2.14241e-15;4.99527e-12;1.55397e-16;1.3102e-13;3.98346e-20;5.71198e-16;6.51535e-16;3.76537e-14;7.02777e-16;4.8555e-16;1.80206e-15;7.75534e-16;3.11433e-18;7.84798e-16;2.51681e-16;3.20135e-14;1.29656e-18;1.67276e-16;1.5108e-17;9.51221e-16;7.05815e-17;2.37235e-18;3.90625e-16;2.53287e-18;1.28121e-15;8.82202e-16;1.87973e-16;1.89489e-14;1.10835e-17;5.06396e-12;5.94463e-18;9.04566e-18;1.59051e-15;3.68629e-14;2.18136e-12;4.22379e-15;5.4674e-16;5.66781e-16;5.13902e-18;3.91173e-18;3.2454e-18;7.01301e-16;3.1402e-14;2.80438e-15;8.21066e-17;4.60249e-16;2.39339e-17;2.2998e-14;2.1978e-11;4.6118e-16;6.32607e-16;8.25565e-18;1.17354e-17;1.27697e-15;1.8927e-16;6.86404e-17;3.38232e-16;3.89629e-15;7.50363e-19;2.35593e-17
3.69575e-14;1.11057e-13;2.75879e-12;3.46975e-12;8.62505e-11;4.82418e-13;2.3115e-14;8.73841e-14;2.74625e-13;1.30167e-12;1.24545e-12;1.42747e-17;9.54892e-12;1.46481e-12;8.54141e-14;1.25929e-11;4.14995e-13;2.08701e-13;3.31471e-15;4.64146e-13;4.85772e-15;5.88302e-13;2.94319e-14;3.77058e-13;8.76283e-14;8.52121e-15;1.73176e-14;1.63601e-12;1.29409e-13;3.6633e-14;1.74149e-12;1.02213e-15;1.62046e-13;2.23757e-18;1.93609e-14;4.50695e-13;2.87158e-14;2.14192e-13;4.5916e-14;1.37833e-17;3.47455e-16;8.76914e-16;9.24649e-15;1.6642e-13;5.15856e-13;4.68143e-14;2.57421e-12;6.47864e-15;5.53338e-16;3.12075e-15;1.17573e-19;3.14487e-19;8.55056e-17;1.57483e-16;1.36965e-13;1.87795e-14;2.97576e-15;2.2682e-12;4.30287e-12;1.19286e-11;3.14145e-12;1.70449e-13;7.7117e-12;3.13998e-12;8.35446e-13;1.88796e-12;3.64514e-14;1.6276e-12;1.22683e-13;2.51393e-14;1.67757e-13;2.96389e-13;3.21706e-19;1.09447e-13;5.14461e-16;4.71668e-13;4.08245e-13;8.66688e-14;3.31106e-14;4.11284e-14;1.29937e-13;2.73653e-11;1.226e-12;1.31046e-12;1.01147e-10;9.53239e-17;7.59823e-14;1.22615e-13;4.1181e-12;7.63873e-14;2.31197e-12;2.62224e-12;8.52696e-14;3.2605e-15;1.91816e-16;2.06371e-16;2.80422e-13;1.36302e-13;3.15363e-13;2.89214e-11;4.51864e-16;9.98936e-14;5.1127e-11;2.9003e-16;3.95367e-15;3.62331e-15;9.08726e-13;1.57385e-13;3.1669e-14;3.88129e-14;3.17836e-16;1.84026e-17;1.92417e-12;1.2012e-13;1.38158e-13;5.86024e-15;9.17286e-17;2.61411e-17;1.48788e-11;3.16838e-13;6.94684e-15;6.71095e-15;1.4352e-14;2.70525e-15;1.60156e-18;1.25359e-15;5.28462e-13;2.35938e-14;1.82868e-17;2.41643e-16;2.8638e-12;1.19571e-11;3.64539e-13;5.73187e-14;2.47543e-16;3.51204e-15;3.91325e-13;1.14694e-13;4.44869e-13;6.48191e-15;6.31507e-13;1.94335e-13;7.63192e-15;6.42744e-11;1.87625e-13;8.28611e-13;1.761e-13;5.76941e-13;1.76669e-13;7.66442e-14;3.53357e-13;7.46169e-10;8.20845e-20;1.88178e-15;2.18404e-14;3.2016e-13;1.31243e-13;8.78688e-17;7.17325e-15;4.01183e-12;1.66067e-13;4.16181e-12;1.93381e-11;1.46142e-12;5.42775e-14;3.77647e-13;2.30138e-11;5.69417e-14;2.94551e-13;3.06809e-12;3.05978e-11;6.80339e-12;2.95142e-12;1.79864e-09;1.48531e-15;3.90504e-13;4.80398e-11;4.85575e-11;6.16215e-14;9.23124e-13;6.72024e-12;2.06689e-13;2.82053e-11;2.00964e-11;1.01842e-11;3.28291e-13;4.04066e-15;2.76492e-13;2.8108e-12;7.76745e-13;3.58103e-12;1.68545e-12;2.69248e-13;1.23659e-11;1.14714e-10;2.70194e-13;4.08748e-12;5.74016e-13;5.28005e-12;1.10133e-13;1.99467e-12;4.96361e-13;9.42693e-14;3.80486e-13;2.85928e-12;2.11203e-13;1.15254e-13;9.61957e-12;7.16001e-13;1.81312e-13;5.84812e-13;2.9121e-14;2.48489e-12;6.20994e-13;1.61306e-13;3.56084e-14;7.97738e-13;1.05971e-12;3.91928e-15;4.06026e-16;7.35075e-13;3.12352e-13;6.67486e-13;1.65322e-13;4.28074e-13;6.58452e-12;9.81818e-14;5.77314e-13;1.07176e-13;1.69547e-12;3.2449e-14;7.83186e-14;3.84514e-13;9.65152e-13;2.75018e-12;1.64925e-13;7.52765e-18;1.58637e-14;2.3635e-12;2.25096e-12;1.07089e-13;2.92437e-17;7.34833e-15;4.50231e-15;2.62765e-13;1.21289e-12;9.41892e-14;1.07034e-12;4.40679e-11;1.35528e-19;8.29769e-14;1.48218e-14;1.55895e-12;2.90253e-13;2.9295e-13;2.81134e-12;4.46722e-14;2.15531e-12;1.51438e-13;5.77701e-13;1.94715e-13;2.1833e-13;1.72246e-12;9.90763e-20;5.78121e-17;4.31647e-15;1.1782e-12;2.15649e-13;9.58151e-13;1.0338e-13;1.07782e-13;1.14966e-14;1.41169e-10;3.715e-09;2.4413e-09;6.50103e-08;0.999999;6.40763e-10;1.86014e-10;9.29018e-07;7.5521e-09;4.67799e-10;9.32859e-10;3.18072e-09;2.83376e-10;4.59629e-11;4.4232e-15;1.80302e-13;6.17468e-15;2.46222e-15;2.7725e-14;7.1774e-19;1.36602e-20;1.99022e-18;7.8445e-12;9.29678e-14;2.04565e-13;1.43428e-12;3.72885e-16;4.83724e-14;8.10771e-14;1.04798e-13;2.18643e-14;7.70831e-13;5.48659e-16;1.05191e-18;1.50393e-13;5.14764e-13;5.50434e-12;2.29319e-14;1.69665e-14;1.95263e-16;6.8155e-13;3.16654e-13;5.31922e-15;4.12818e-15;7.61541e-13;2.01961e-18;1.08505e-15;4.85961e-17;1.03055e-13;2.11287e-14;4.92391e-13;6.02076e-18;1.2554e-11;5.44364e-14;3.84701e-15;9.94883e-17;2.53124e-16;1.90728e-12;5.27333e-12;5.04008e-14;1.33994e-13;2.51244e-15;1.68067e-13;2.59889e-14;1.4703e-11;2.6073e-14;1.17786e-12;4.1377e-14;2.54738e-16;7.51561e-19;6.36648e-15;4.32231e-13;2.60635e-13;1.21158e-14;5.07198e-13;3.92834e-16;1.54475e-17
2.59269e-12;1.24498e-11;8.78855e-12;6.51137e-11;1.41258e-11;1.86808e-10;6.95447e-11;1.7518e-11;5.93357e-12;1.99691e-11;2.10064e-15;3.42962e-11;3.61746e-14;8.96358e-12;7.1328e-12;2.62147e-13;2.39672e-13;1.01453e-11;1.54092e-14;5.17544e-11;3.40412e-12;3.32574e-13;5.43805e-12;1.05314e-12;2.43027e-13;4.36852e-11;1.4421e-15;1.44724e-09;1.23933e-13;3.45144e-11;1.09232e-11;1.05943e-15;7.62004e-11;2.12633e-10;1.09465e-15;4.36293e-13;6.647e-13;7.53847e-13;2.66683e-16;8.12248e-13;1.01607e-14;9.2496e-11;3.31003e-12;1.40619e-09;2.00282e-10;4.46193e-12;1.72899e-11;7.58399e-14;2.46985e-14;2.45713e-13;3.01717e-14;1.69579e-13;7.24766e-14;1.86307e-16;3.29396e-14;1.17412e-10;1.47262e-12;2.27506e-12;1.21939e-11;1.41453e-10;1.0824e-13;7.14149e-11;1.66175e-12;6.2801e-14;5.57038e-13;7.86078e-13;1.14638e-12;5.19718e-12;2.28093e-12;1.27869e-10;5.80225e-12;7.45888e-12;2.29317e-15;7.40596e-12;5.94956e-16;7.74062e-13;3.26184e-12;7.88248e-14;4.17329e-11;1.48582e-12;1.57085e-11;9.29791e-15;1.0995e-12;6.52162e-12;1.36063e-14;3.40219e-15;1.84146e-13;4.2344e-13;6.08846e-13;3.84908e-13;5.06267e-12;3.11319e-10;1.26733e-12;2.09516e-11;3.24123e-10;1.41235e-13;4.85914e-14;1.83742e-12;1.60272e-12;5.25108e-14;1.92805e-10;4.06774e-11;3.98296e-11;8.48872e-14;7.39579e-14;8.94127e-16;5.60076e-13;2.40964e-12;1.13896e-12;6.96964e-12;1.56879e-12;8.47003e-13;1.03606e-13;1.73316e-12;5.49079e-13;1.29806e-13;1.79527e-13;3.66277e-14;5.18149e-14;1.70762e-12;3.65923e-12;2.22555e-13;7.57284e-13;2.46433e-13;1.53233e-14;7.06219e-12;2.34696e-10;3.8675e-13;2.09727e-14;1.2658e-17;6.37042e-13;2.7697e-11;2.59867e-11;1.2407e-12;2.65953e-12;1.49776e-10;7.99206e-14;9.22131e-13;1.53631e-12;5.71158e-17;3.75605e-15;7.5415e-14;1.27405e-15;4.76848e-13;4.55164e-16;7.05826e-12;3.58987e-15;6.93329e-12;4.88724e-13;6.33874e-11;7.73561e-12;2.27821e-12;9.35827e-14;1.32645e-13;8.01223e-13;3.83284e-13;7.73965e-14;3.55505e-12;6.54471e-13;2.15827e-12;1.01135e-11;3.69698e-11;1.73849e-10;3.95165e-11;1.3537e-11;4.07639e-14;2.71281e-10;2.56753e-12;3.27942e-11;7.26526e-13;1.04641e-11;1.89196e-11;5.58445e-13;1.43304e-12;1.42618e-13;7.53501e-13;1.32916e-14;3.51827e-14;9.27287e-12;5.76705e-12;8.00717e-12;1.38623e-11;3.42155e-11;6.29728e-11;8.54354e-13;1.08136e-10;2.82557e-14;1.04344e-13;1.58115e-10;6.0321e-12;1.56011e-12;1.30751e-13;2.05448e-11;1.02238e-10;1.54152e-12;7.73013e-13;4.94195e-12;1.48967e-13;9.13644e-13;4.74569e-12;2.07445e-11;9.24422e-14;6.4839e-13;2.67546e-12;5.9017e-15;3.65295e-14;1.34842e-13;3.17047e-13;3.55345e-13;2.65287e-12;7.08167e-13;6.68915e-13;6.61517e-12;5.94299e-13;2.24976e-14;4.87899e-13;1.31654e-11;9.18955e-12;1.22722e-13;2.70462e-12;2.35986e-14;3.11015e-13;8.48851e-13;4.11797e-13;2.76414e-13;9.85732e-13;1.05281e-11;1.80866e-11;1.30614e-12;5.35559e-13;2.13979e-13;4.37479e-12;6.25864e-13;9.32898e-11;5.52311e-10;3.86848e-13;5.55621e-15;5.33586e-15;1.54882e-15;3.05968e-12;1.97326e-12;1.55062e-13;8.31867e-12;2.11753e-12;1.0789e-11;1.79259e-14;8.35328e-14;2.66213e-11;1.9556e-12;5.62598e-15;1.04956e-12;2.26438e-15;2.91748e-13;4.08413e-11;2.31119e-11;3.6212e-13;2.28472e-13;1.18263e-11;3.07656e-12;5.06406e-12;1.02095e-11;2.18905e-11;1.74392e-11;4.10578e-13;1.15554e-14;2.32772e-14;1.07088e-12;1.78164e-12;3.09991e-12;1.92196e-16;7.87497e-13;1.29991e-14;1.19913e-20;5.36712e-14;1.05723e-12;2.52316e-11;8.12018e-14;7.75363e-15;4.85817e-13;1.61477e-16;1.5085e-13;4.01317e-12;1.2185e-12;1.25637e-12;6.90757e-12;9.80648e-16;7.71394e-13;2.03081e-12;1.75484e-10;1.37332e-10;4.02617e-16;1.75925e-13;2.90116e-12;1.17983e-14;7.33166e-13;2.97627e-12;5.02696e-12;4.22195e-12;3.83729e-14;2.05307e-13;3.87849e-13;1.04208e-14;1.03059e-13;6.19877e-11;6.33644e-12;3.98596e-13;1.23325e-15;4.15255e-14;5.36281e-13;4.52275e-13;6.77209e-15;1.49124e-13;3.57481e-13;1.18128e-11;3.45341e-12;8.26666e-11;1.34499e-09;9.20283e-16;3.21626e-13;2.33364e-14;4.17069e-15;1.49264e-12;1.3654e-12;2.29246e-18;6.1528e-14;3.3208e-12;8.11456e-13;2.62401e-13;1.32196e-12;1.99116e-11;3.64729e-10;5.69165e-10;3.0441e-11;1.10708e-12;1.00566e-10;1.30213e-11;1;2.14083e-15;3.78432e-13;1.65785e-12;6.42024e-18;2.26142e-14;1.17607e-12;4.7423e-10;4.1382e-13;3.57765e-12;6.11721e-12;8.49465e-11;8.54823e-14
9.34806e-10;1.09504e-09;2.78016e-15;5.10009e-12;1.25866e-11;3.70299e-13;6.75654e-13;1.12601e-12;2.96447e-12;4.81281e-13;1.17382e-10;2.59457e-14;1.90049e-13;9.31449e-11;2.115e-13;8.51008e-12;3.78955e-13;2.46049e-12;9.47661e-13;1.74523e-12;6.9967e-12;1.25257e-10;6.90111e-14;1.60203e-11;3.70049e-14;2.3767e-14;5.73485e-14;2.34096e-12;2.85567e-09;3.79089e-15;9.68717e-14;4.97135e-09;2.1502e-13;1.18076e-12;5.40281e-17;7.54003e-11;3.37425e-13;2.33578e-13;1.47914e-14;5.36039e-15;4.65644e-13;1.51287e-12;6.5586e-15;4.70654e-13;2.35071e-13;1.34359e-15;7.04039e-15;1.61729e-11;1.00444e-14;2.58422e-13;1.76759e-12;2.26426e-14;6.2095e-15;3.1433e-18;1.18049e-14;3.6821e-13;7.02079e-15;2.0729e-09;6.53304e-13;1.44431e-11;5.7282e-12;1.03166e-12;1.11568e-13;1.20176e-14;1.7026e-11;1.49067e-11;1.84264e-13;9.38817e-12;2.00385e-10;2.9289e-13;1.87655e-13;1.56331e-10;5.59416e-15;3.55672e-14;1.50332e-16;1.7805e-11;7.72645e-14;1.51528e-13;8.0635e-14;5.45445e-13;1.46758e-13;1.32087e-10;1.96617e-15;5.52524e-13;3.91497e-13;1.35819e-14;4.88459e-16;1.78002e-18;6.05151e-13;6.72815e-14;3.84953e-10;1.13842e-13;4.09435e-14;2.57872e-09;3.30347e-11;5.37792e-13;1.35292e-14;3.42263e-12;7.87859e-14;1.87462e-11;2.30309e-15;8.81692e-12;5.30017e-10;2.62165e-16;5.78794e-16;6.63693e-19;1.0019e-11;2.97872e-14;5.19754e-14;4.69365e-15;1.30642e-15;1.14187e-15;3.0182e-13;2.40111e-13;9.52012e-15;6.3155e-08;3.00707e-13;1.50441e-13;5.98429e-18;1.62966e-12;1.93614e-12;2.01062e-14;6.87312e-14;3.2606e-10;1.59921e-16;3.87553e-14;8.21472e-12;7.92123e-16;1.42891e-18;3.80845e-18;6.3449e-11;5.82765e-15;3.08575e-14;7.67045e-11;9.51688e-15;8.02878e-15;3.94563e-10;5.27781e-13;6.89268e-13;1.66376e-11;1.0599e-13;1.07853e-13;4.77185e-14;4.13706e-12;5.14297e-12;1.45097e-13;4.02935e-13;1.52042e-14;4.3675e-10;1.66876e-13;7.16894e-14;1.80022e-12;1.65241e-12;3.20959e-16;1.33369e-17;1.30996e-11;2.51912e-11;6.54393e-14;3.28028e-14;3.42432e-10;6.40135e-14;8.92814e-13;2.09003e-09;4.30679e-12;9.03088e-13;1.19239e-16;1.06777e-10;4.82111e-13;2.05247e-13;4.64514e-13;9.00557e-11;4.14398e-13;2.19549e-13;2.71664e-10;3.45933e-13;6.90238e-14;8.57191e-17;1.70005e-13;4.53775e-14;5.06362e-13;2.12907e-09;4.23345e-13;8.81517e-13;3.03569e-11;2.99457e-12;5.69833e-15;1.34462e-16;3.26076e-11;1.07146e-12;1.01581e-13;4.55001e-12;5.75963e-11;1.2094e-12;8.51334e-13;2.30746e-12;1.34606e-14;5.52739e-15;3.58926e-16;5.61733e-14;4.04149e-14;3.24124e-13;1.05222e-09;1.45775e-13;4.34644e-13;3.12478e-11;5.6667e-13;2.67157e-13;5.4092e-16;4.08165e-12;1.33285e-14;1.05384e-11;8.30706e-14;1.76985e-12;1.91367e-12;6.05047e-10;2.42079e-14;1.83265e-13;3.0096e-10;2.81273e-14;7.05962e-13;1.24511e-16;8.88287e-12;1.9376e-12;3.19218e-13;1.18141e-13;2.59141e-10;4.22356e-13;3.33772e-13;6.97655e-11;8.58649e-14;1.978e-12;1.90798e-15;4.3557e-10;2.7465e-14;5.16107e-13;2.38843e-10;1.39741e-14;9.77686e-16;1.11582e-16;1.04995e-11;3.67443e-14;7.98957e-12;2.68232e-13;2.24047e-13;4.31088e-12;1.13216e-10;2.44568e-14;4.65305e-13;4.9714e-10;3.43146e-14;6.71985e-14;3.68107e-15;4.85649e-11;9.57992e-13;4.92126e-13;1.97799e-13;5.12678e-16;2.46318e-13;5.23019e-12;4.48969e-09;1.0906e-12;1.73376e-12;1.02661e-09;1.22749e-12;2.67052e-13;1.50761e-16;6.09002e-10;2.66004e-13;3.68309e-14;3.87611e-13;5.86498e-14;2.1101e-13;3.01183e-18;1.77493e-10;3.67755e-14;9.77233e-15;9.90014e-08;8.93223e-17;2.86343e-14;6.00994e-23;4.50488e-11;8.30868e-15;1.08635e-13;5.0934e-11;2.6638e-15;3.6712e-14;1.92388e-10;4.11525e-06;9.17203e-11;3.48211e-10;0.999992;2.20356e-08;4.6012e-10;3.54153e-14;1.53431e-07;3.29519e-11;2.43772e-11;3.66422e-06;1.21839e-11;7.22431e-11;6.94873e-13;6.13399e-12;1.61357e-15;7.3724e-14;4.50212e-12;5.24278e-14;2.51767e-15;2.14157e-21;3.48818e-11;3.09983e-14;1.92922e-15;3.91444e-17;1.88178e-16;5.18537e-14;2.22659e-10;1.09689e-13;2.0926e-12;2.19949e-07;2.25253e-18;1.16217e-15;1.56185e-15;3.45132e-13;5.21712e-14;9.33488e-16;1.4566e-11;2.03626e-14;3.69402e-14;2.33962e-12;1.61013e-14;3.78711e-17;4.23066e-11;2.33445e-13;1.25522e-13;5.23532e-15;5.7483e-13;1.152e-13;4.63794e-11;3.37666e-19;1.65282e-11;8.91843e-14;1.71601e-12;1.65246e-15;8.23546e-16;1.21409e-14;1.26564e-09;1.98098e-14;5.71496e-14;8.45701e-14;4.55985e-16
3.49642e-12;5.65518e-13;6.0953e-13;1.32964e-11;1.14786e-14;4.99463e-14;7.44734e-14;1.14735e-11;1.7132e-12;7.52751e-13;2.90512e-16;7.34273e-15;1.03495e-12;5.10997e-14;9.0215e-14;9.24783e-12;2.77223e-13;1.20692e-13;2.43846e-11;3.42474e-12;4.2657e-13;2.93353e-15;4.97961e-13;5.73224e-13;4.57365e-14;3.12552e-12;2.28883e-13;1;1.08222e-15;2.81538e-12;6.52464e-13;6.01492e-12;2.01804e-17;6.58227e-15;1.59178e-11;9.00723e-15;3.31689e-13;8.30525e-13;1.81884e-14;2.09993e-15;1.24559e-12;1.95428e-09;2.92326e-12;2.23399e-09;7.98415e-10;1.191e-13;8.55988e-12;2.71078e-15;5.42584e-15;1.69881e-11;4.52367e-11;5.14537e-17;5.23672e-14;1.79854e-10;2.11511e-13;1.96823e-11;2.96705e-11;1.08268e-14;1.09983e-13;6.9408e-12;1.90959e-13;1.01457e-13;7.97601e-14;1.75867e-10;5.49914e-14;3.02841e-13;2.62133e-13;8.94932e-14;9.32597e-15;1.68424e-13;1.25313e-12;2.05805e-14;3.65651e-13;3.05019e-15;1.87183e-13;3.08687e-14;1.63562e-12;1.68497e-13;6.23347e-13;1.00023e-12;1.38896e-14;9.19712e-16;8.29803e-14;2.04287e-12;5.79236e-16;7.90286e-15;3.99512e-13;6.31801e-12;1.87466e-13;1.08712e-12;2.07916e-14;3.05534e-12;3.5674e-13;3.06411e-12;6.08561e-15;3.00102e-14;1.15801e-11;3.20917e-13;1.23542e-13;8.53401e-14;4.47519e-13;8.90735e-11;1.91094e-13;1.88722e-13;6.7654e-14;7.71355e-09;7.72732e-13;6.49021e-13;6.76402e-13;4.12849e-11;4.4352e-10;5.548e-12;1.20462e-13;1.07821e-13;2.51977e-11;8.0564e-11;3.062e-13;4.33334e-12;7.48505e-10;3.18572e-14;2.75631e-13;6.61335e-14;2.38346e-13;7.68913e-16;4.85601e-13;1.26306e-12;1.772e-13;2.46581e-16;5.53342e-18;1.21068e-10;4.42478e-15;1.10881e-12;9.91746e-12;2.99129e-12;1.97825e-14;9.80817e-13;6.65043e-16;5.70135e-15;3.89254e-14;9.2892e-15;2.35848e-15;2.02402e-14;2.32692e-14;9.54694e-14;2.57808e-12;2.90433e-14;1.27989e-13;9.27768e-14;6.19846e-16;2.07527e-13;1.10801e-11;2.9595e-13;6.01736e-16;1.49936e-13;9.27351e-12;1.02828e-14;1.15074e-12;4.75845e-13;2.58383e-14;4.46066e-14;3.36576e-13;2.11832e-13;2.58596e-12;5.22237e-14;1.57906e-13;9.40426e-12;1.33933e-13;4.20315e-14;4.77994e-15;2.54831e-12;3.99768e-15;8.70203e-14;2.28417e-13;1.76312e-12;2.9158e-16;5.94831e-16;1.68175e-12;9.55875e-15;1.45858e-14;8.92618e-14;1.04329e-14;1.70522e-13;3.83416e-12;5.68433e-13;2.74586e-14;6.54963e-12;3.24824e-12;2.35227e-13;3.30209e-14;4.99682e-14;8.90589e-14;1.20626e-14;3.94559e-13;1.34872e-11;5.30262e-13;3.92701e-14;9.3598e-13;9.19046e-12;8.54579e-12;7.75494e-13;5.73438e-12;3.35644e-15;2.50122e-13;1.12069e-13;7.75743e-14;4.34081e-14;4.4505e-14;1.52153e-11;1.22984e-14;1.87361e-12;1.58004e-14;7.67125e-13;2.07993e-13;2.08682e-14;1.34616e-17;8.72511e-14;5.04611e-12;7.95429e-15;1.08903e-16;7.58014e-13;2.09403e-10;1.8471e-14;8.01747e-15;4.59187e-14;7.71684e-14;1.31365e-14;7.70707e-13;5.19488e-13;2.63446e-14;1.56017e-14;9.66636e-13;1.33534e-10;1.25236e-16;4.90169e-14;7.38407e-13;8.15634e-14;6.76618e-17;1.12863e-13;8.82519e-12;2.02906e-14;6.79964e-14;7.95769e-14;3.84071e-13;4.87672e-13;6.50492e-13;1.38793e-16;1.15849e-13;4.04962e-13;8.7627e-14;1.51489e-16;3.92416e-16;1.20929e-11;2.21487e-14;5.11945e-13;2.45761e-12;8.81776e-13;2.08231e-14;1.47905e-12;2.59718e-13;2.19868e-14;7.20345e-13;8.87922e-12;1.79995e-12;2.12306e-17;3.93222e-15;2.097e-11;3.95107e-14;9.35934e-13;6.10193e-12;8.17893e-12;1.70994e-13;5.82288e-13;6.09329e-15;6.28011e-16;1.0355e-12;1.3257e-11;1.58304e-14;2.35916e-15;3.23351e-16;1.21007e-11;1.80067e-14;2.29156e-11;9.62904e-12;4.12726e-17;6.84026e-14;2.17966e-13;4.1369e-14;2.91542e-17;3.76768e-14;1.14751e-12;1.41064e-17;1.18349e-17;9.57662e-18;3.11723e-07;2.54001e-13;1.56629e-12;9.42457e-13;1.09173e-09;6.48765e-15;2.71523e-11;7.86969e-13;1.31688e-17;6.22835e-13;3.27158e-11;2.64027e-16;1.96629e-17;5.76282e-16;7.76515e-08;4.03396e-13;1.97609e-14;4.25635e-17;2.63416e-14;7.84429e-12;4.98501e-13;3.43872e-16;1.02551e-13;9.30231e-13;8.06217e-18;4.3948e-13;5.71552e-14;4.91729e-12;2.18825e-14;7.35162e-13;5.2008e-17;1.86019e-14;4.02562e-12;1.1912e-11;7.16893e-13;6.73044e-12;1.81726e-10;4.60255e-14;1.35038e-12;5.21319e-13;1.35687e-10;1.80224e-12;2.29693e-12;2.06809e-09;2.82959e-13;1.04332e-14;6.67503e-13;8.95485e-15;5.42285e-15;1.59295e-12;4.29438e-12;1.95539e-14;5.78889e-13;3.70447e-11;8.04241e-11;5.04886e-15
4.86142e-14;7.31402e-17;4.75476e-18;3.35098e-15;2.15638e-19;3.34362e-20;6.4804e-17;1.40991e-16;3.25909e-18;3.08942e-19;1.81647e-18;1.12419e-14;9.20575e-21;4.36412e-19;4.16935e-19;7.66368e-18;4.57275e-19;5.8382e-20;1.08565e-18;7.57869e-19;3.26093e-18;1.4793e-18;4.46502e-19;1.11267e-15;1.00015e-18;3.94622e-18;4.8913e-20;3.80457e-19;2.07688e-20;8.95642e-21;2.82713e-18;1.51036e-18;2.11507e-22;3.68451e-19;1.25864e-24;7.09539e-21;1.67278e-19;3.62753e-20;1.57049e-19;2.56251e-23;4.15805e-20;4.34995e-18;3.62263e-21;7.85139e-20;2.02505e-21;3.25572e-23;2.51707e-19;4.04148e-18;3.14144e-20;2.93545e-17;4.2357e-14;9.89406e-23;5.09202e-25;4.4322e-26;9.84161e-19;1.53115e-18;8.77823e-19;2.283e-18;1.89496e-19;1.17711e-16;1.55896e-17;4.5801e-19;7.93268e-19;1.96357e-21;2.45553e-20;7.78954e-19;4.41459e-20;3.57929e-19;1.80271e-19;3.88012e-18;1.28522e-18;2.51415e-21;1.36188e-21;1.63231e-21;9.7575e-23;5.95915e-21;5.90809e-20;6.60477e-22;1.52761e-19;3.4846e-22;1.4675e-19;1.30325e-18;3.00064e-19;6.86233e-18;5.30453e-15;9.13012e-21;5.98465e-22;1.16552e-24;2.28473e-19;1.61849e-19;7.15399e-19;1.33521e-19;4.91001e-21;3.52267e-19;4.56488e-20;3.67924e-20;3.0546e-23;1.94619e-20;1.71744e-20;7.02249e-21;4.83344e-20;1.20417e-16;2.19135e-18;5.05265e-19;1.90333e-21;1.94186e-22;1.73228e-20;2.91631e-20;6.14315e-19;6.62787e-19;4.90027e-22;6.01263e-21;1.75277e-20;1.69262e-20;3.81994e-19;1.73783e-17;1.44993e-18;7.95067e-21;8.52161e-20;3.70143e-20;1.13572e-19;3.28608e-20;9.38543e-20;2.7724e-21;1.02664e-21;8.99246e-18;7.06545e-20;1.02381e-23;7.24583e-25;1.24948e-26;8.13752e-21;3.0023e-20;3.30172e-20;7.47198e-22;2.28575e-23;1.68969e-19;1.37658e-19;4.24432e-19;7.09785e-18;8.72575e-17;3.54222e-19;5.68164e-21;1.00607e-21;1.58758e-20;4.5257e-19;9.11158e-20;8.15101e-21;4.34963e-20;6.20932e-20;2.61876e-19;2.39195e-18;1.84119e-17;1.30533e-19;8.23005e-21;1.86112e-22;4.0623e-21;6.92671e-21;7.51249e-19;8.6043e-20;8.22107e-19;5.40934e-20;6.43298e-18;1.60853e-14;7.08531e-19;1.08686e-19;4.76663e-21;5.80359e-20;2.43699e-18;1.05983e-19;1.3426e-19;1.16713e-19;1.22748e-18;2.12708e-18;5.58421e-17;7.126e-19;4.92186e-21;8.13483e-22;4.70514e-18;1.06224e-19;7.56013e-21;4.15133e-19;1.22836e-17;8.23817e-17;6.44817e-17;3.9711e-20;7.23118e-19;7.0312e-22;6.58026e-20;1.31295e-18;1.93776e-19;2.09243e-19;2.06751e-20;1.11031e-18;1.71661e-17;2.64121e-19;1.31863e-20;1.10336e-19;2.72766e-22;4.77551e-20;1.31739e-19;1.51179e-19;2.43195e-19;2.3873e-19;2.56973e-19;6.79791e-18;1.65957e-21;4.76938e-21;2.05441e-22;9.90986e-21;5.88432e-20;2.84082e-20;2.15213e-20;1.38336e-19;2.78269e-19;1.95326e-20;1.54253e-19;7.31939e-19;9.50088e-20;1.68546e-21;3.51894e-21;5.70265e-24;6.21425e-20;1.10759e-20;3.50947e-20;5.2297e-21;2.59342e-17;2.79813e-17;9.39984e-18;1.40797e-16;5.55166e-17;1.01046e-18;6.62527e-21;1.21475e-21;5.17679e-20;2.60558e-18;5.88909e-20;2.76676e-20;1.34112e-21;3.06912e-24;3.81088e-21;6.88346e-21;1.97849e-18;8.70785e-20;1.34251e-19;1.60672e-19;8.10666e-21;7.03186e-19;4.14379e-17;1.80795e-19;9.09477e-17;4.65379e-20;5.58909e-23;3.47117e-21;8.19681e-21;2.18728e-19;1.24706e-20;2.76055e-21;5.29185e-19;7.51335e-20;3.691e-20;5.79834e-19;3.63115e-18;1.08759e-20;9.62522e-20;6.4415e-22;1.39351e-24;3.13986e-20;1.13282e-20;4.96136e-20;3.85801e-20;6.42328e-21;9.44152e-23;9.75183e-26;1.1996e-19;4.8871e-20;6.21763e-18;9.46835e-15;1.80118e-20;7.67042e-26;4.27784e-23;5.43619e-22;4.30523e-20;3.63348e-20;6.08092e-25;5.44084e-23;5.12161e-23;2.52346e-21;3.47363e-20;1.35517e-19;9.60499e-19;5.27317e-19;3.49581e-22;1.48723e-24;8.15764e-27;3.21352e-20;9.32185e-21;1.14283e-20;2.14155e-19;5.39714e-22;4.44156e-22;5.68399e-19;9.87221e-19;5.69289e-19;3.57572e-16;3.73869e-17;1.04904e-17;1.00555e-19;3.2368e-25;8.91214e-20;2.30584e-19;5.89356e-24;8.81807e-21;6.68862e-23;4.43387e-21;5.05557e-21;2.96012e-20;6.80102e-19;9.37586e-18;3.83955e-22;1.61864e-22;1.2097e-22;3.62944e-20;4.56414e-21;8.6873e-25;3.59387e-19;7.00338e-19;3.1107e-14;3.01531e-15;2.26591e-20;3.96553e-23;2.77394e-19;1.69565e-18;3.14903e-18;4.96497e-21;3.56335e-19;1.48495e-19;2.05755e-19;1.31284e-17;1.26579e-16;2.05016e-16;1;2.35605e-12;4.34398e-15;2.33922e-21;8.3176e-17;3.58133e-16;5.36033e-16;4.62151e-19;1.52437e-19
3.75129e-10;6.451e-16;2.14425e-11;1.29967e-12;1.04411e-14;5.95914e-14;1.23219e-15;1.25089e-10;1.79928e-12;1.65752e-13;7.18793e-17;5.47044e-14;7.5907e-09;1.42345e-14;5.99483e-13;1.45826e-09;1.28684e-13;1.27281e-13;7.29264e-12;6.97214e-13;3.09322e-13;6.03104e-15;3.61511e-13;7.01746e-14;1.52763e-09;2.12453e-13;4.0997e-13;4.73112e-13;1.04079e-17;1.58707e-13;3.26555e-13;8.27474e-15;1.11495e-13;3.46306e-18;1.51956e-11;5.266e-14;1.06855e-12;2.05193e-13;3.12658e-15;7.66382e-12;4.98643e-16;2.38007e-11;1.55098e-14;1.6188e-13;4.09911e-13;1.62011e-14;1.00838e-14;6.65538e-15;3.73639e-12;6.45922e-14;1.96575e-11;2.0114e-15;1.20386e-16;5.00806e-12;1.26012e-14;1.0236e-11;2.50558e-14;2.59236e-14;4.17164e-14;5.73004e-11;5.96262e-14;6.13867e-13;4.94714e-14;7.41476e-13;8.91088e-14;2.55011e-12;1.41669e-12;8.38969e-13;9.07051e-16;3.36359e-12;2.96464e-11;7.21902e-17;5.83004e-10;5.17315e-13;1.61734e-10;2.00094e-13;1.43782e-13;1.8973e-13;1.01035e-10;1.83636e-11;7.46028e-13;1.54076e-15;2.90051e-14;3.89726e-12;1.47833e-13;5.12369e-12;7.24519e-14;5.22435e-10;1.76637e-12;1.52263e-12;1.10761e-13;2.76412e-12;2.27121e-12;4.73583e-13;5.3294e-11;1.13641e-12;5.70438e-12;2.5474e-12;6.25497e-12;1.38467e-17;3.53611e-13;7.90268e-13;7.29292e-14;1.68229e-13;3.96323e-16;2.41991e-10;1.86814e-15;8.0483e-13;4.77997e-13;2.98113e-11;2.63177e-13;1.7234e-13;1.05313e-11;5.51689e-13;7.34218e-11;5.9422e-12;2.83756e-09;1.24178e-18;2.45797e-11;7.32703e-13;1.05594e-12;3.47728e-13;9.43406e-13;6.97077e-20;1.1663e-16;7.72894e-16;2.06139e-16;2.13697e-16;5.20673e-18;1.72092e-12;1.76493e-14;3.37543e-11;1.89346e-12;2.36776e-13;2.01671e-12;6.82451e-13;1.17739e-15;9.1486e-13;3.4389e-12;5.33602e-12;3.01929e-11;8.68791e-13;6.01137e-11;1.72347e-12;1.20693e-11;1.49396e-11;2.09651e-12;1.03054e-11;2.00501e-17;5.02392e-15;5.93624e-14;6.1882e-18;7.45039e-13;1.26224e-16;1.72248e-11;9.72766e-15;2.12157e-14;1.39357e-12;5.43046e-13;1.04018e-14;2.26276e-14;5.72916e-12;1.83587e-13;8.3873e-12;2.38992e-15;8.67615e-11;2.44038e-14;2.39125e-13;3.09129e-14;8.58111e-11;2.67483e-14;2.76739e-12;6.99266e-12;2.09573e-12;1.08584e-10;1.87462e-13;1.11067e-12;2.37738e-13;3.96103e-11;2.78247e-12;8.6865e-15;3.23043e-10;6.33864e-13;1.83538e-14;3.70153e-10;6.28207e-10;3.89103e-10;6.16781e-12;2.82743e-10;1.18704e-12;9.31711e-12;8.05137e-16;7.35186e-13;9.36513e-14;1.08259e-16;9.45246e-11;3.9747e-13;1.73173e-09;1.8449e-11;2.15369e-11;9.44916e-13;4.33048e-14;4.93405e-12;1.82978e-11;5.32719e-14;4.17015e-10;3.58952e-13;4.14553e-10;1.11904e-13;9.47191e-14;1.54706e-14;6.44987e-13;1.57938e-12;2.03023e-11;6.79294e-17;3.97876e-12;6.29265e-12;6.53081e-15;4.47638e-11;2.66697e-15;1.26541e-11;9.23235e-14;7.27419e-12;2.25337e-12;1.38782e-11;2.24468e-13;6.4504e-12;2.18147e-11;6.41584e-15;3.93947e-09;1.12581e-14;2.47417e-10;5.24385e-18;4.4484e-14;3.8396e-15;1.07761e-18;5.57311e-15;1.32432e-16;3.01954e-11;1.1716e-14;1.54252e-12;7.54405e-15;2.26097e-12;1.29513e-14;9.39104e-09;7.63219e-13;4.40227e-08;1.35563e-08;3.71751e-07;0.999951;1.28551e-09;4.76297e-05;6.77782e-12;1.26308e-09;5.11637e-09;4.18993e-07;2.3265e-08;2.06183e-07;1.29546e-13;1.64464e-15;1.07339e-13;2.09201e-12;1.50754e-21;5.6248e-15;4.23361e-16;3.40391e-13;6.10892e-15;3.55516e-13;4.4622e-12;1.41331e-13;2.0858e-12;2.78252e-14;7.91146e-19;1.44964e-18;2.03769e-12;3.75288e-14;1.31083e-16;1.03526e-12;1.37352e-20;8.95271e-18;2.92833e-15;2.78391e-13;3.32813e-13;2.96885e-15;1.35554e-12;5.42215e-16;6.39596e-14;2.42745e-19;4.77096e-15;3.39921e-13;3.81343e-14;5.56958e-13;3.19698e-19;1.24208e-12;4.44494e-14;1.48699e-11;4.23624e-13;8.73989e-16;3.61868e-10;3.58641e-11;1.11271e-13;3.12537e-20;1.8725e-14;1.58791e-13;3.56868e-18;2.13248e-15;3.25995e-16;1.58152e-17;2.30375e-14;1.15742e-13;2.92465e-20;7.05779e-13;2.53655e-16;1.04126e-12;9.00934e-17;8.81877e-15;3.41017e-12;1.87342e-13;9.49944e-13;6.52022e-13;1.8674e-09;1.24446e-14;2.84897e-13;3.41304e-13;8.80976e-16;8.57211e-12;1.76301e-15;9.73373e-11;1.86891e-14;5.08878e-16;5.97967e-16;1.45166e-13;4.29807e-13;1.60434e-12;5.824e-14;9.73999e-13;1.0761e-12;1.0436e-15;7.35512e-16;8.97638e-13;1.56648e-14;2.27111e-11;7.07526e-15;4.14176e-13;5.27716e-17;1.00025e-14;2.39066e-13;8.01575e-14;6.88934e-12
1.41651e-11;4.49337e-16;1.32618e-14;3.49978e-15;1.54667e-11;4.28341e-11;2.15009e-15;1.23941e-11;7.31039e-14;3.10968e-15;2.43112e-14;3.58736e-16;8.82268e-15;4.45032e-14;9.0643e-13;5.60728e-14;3.30926e-13;1.43147e-14;2.38454e-12;7.05969e-15;6.65755e-14;1.95955e-15;2.2672e-12;8.92239e-13;2.28959e-12;4.72955e-13;2.23214e-13;1.98174e-15;1.91689e-18;7.75465e-17;7.96417e-19;6.3476e-15;7.25555e-15;4.99835e-19;3.096e-17;3.1894e-15;6.52041e-15;2.78977e-15;1.04341e-14;1.60799e-13;3.72767e-13;4.82848e-15;1.10708e-13;3.44826e-15;5.83825e-15;1.4938e-14;1.88935e-17;1.20699e-16;8.76559e-17;1.03645e-16;6.04565e-16;6.33689e-15;9.23636e-18;2.03748e-16;5.47662e-19;2.26653e-15;1.13885e-13;1.05332e-15;1.24346e-13;3.41525e-14;3.50763e-15;8.26225e-15;1.32049e-14;3.24817e-18;2.81404e-15;3.45283e-14;1.63303e-11;1.72908e-13;4.8615e-17;1.65925e-15;2.43531e-14;3.26467e-15;2.20079e-11;2.70407e-16;2.30706e-21;3.26064e-15;1.87786e-15;9.83455e-16;1.67296e-14;8.21347e-15;1.06469e-14;2.59005e-16;9.39594e-14;1.99867e-15;1.67389e-14;1.49152e-14;7.94832e-13;6.41671e-18;4.3913e-14;3.99808e-14;8.92014e-14;1.42557e-13;3.71517e-14;4.0685e-13;2.08696e-10;3.10278e-13;1.57532e-16;1.97721e-14;4.17394e-12;2.57912e-18;1.40819e-15;5.29772e-18;6.48448e-17;1.54643e-15;1.35706e-12;5.65297e-14;1.53278e-17;2.40911e-15;2.20571e-14;1.85091e-12;1.05635e-12;6.45062e-11;3.38088e-16;4.35863e-14;1.07535e-13;1.14926e-11;1.141e-15;2.40878e-14;2.81087e-18;1.91054e-16;2.6411e-13;1.39504e-12;9.72862e-15;7.7933e-20;5.38711e-16;4.31591e-18;3.31202e-15;1.16159e-13;4.44507e-18;1.61855e-19;1.31152e-15;9.97877e-13;2.62481e-14;2.6567e-15;3.48355e-13;2.75628e-13;2.12463e-14;2.00151e-14;1.72215e-14;2.2707e-12;9.09895e-13;2.39987e-11;2.55179e-18;6.9177e-15;2.13782e-13;5.78323e-14;6.1034e-11;1.18565e-14;1.64551e-15;8.86141e-15;1.43611e-15;2.91791e-17;8.3018e-14;1.72171e-10;6.30174e-19;2.12354e-15;1.89496e-17;1.36998e-13;2.75819e-13;5.89911e-15;1.21331e-14;6.01333e-14;6.45528e-14;9.31379e-13;3.41322e-14;3.90654e-17;4.61845e-16;3.5194e-13;7.06301e-14;2.51425e-13;3.06978e-14;9.16423e-14;4.20341e-13;1.4775e-14;1.29149e-12;3.233e-11;6.0568e-18;3.97296e-13;2.18318e-10;9.28089e-12;2.0824e-14;6.29004e-13;1.91805e-13;2.5231e-14;2.31176e-13;4.93406e-09;1.30004e-14;4.6434e-14;1.7931e-12;4.49734e-11;2.33761e-13;2.29321e-14;2.80358e-14;3.7259e-14;3.9208e-13;4.45411e-12;1.37389e-14;2.30107e-14;1.49904e-12;7.05426e-12;4.35625e-11;1.078e-15;6.44347e-15;1.73045e-14;3.81317e-14;3.07589e-13;3.88326e-14;1.37596e-14;1.53996e-14;6.22182e-16;4.97732e-17;1.3897e-13;2.01347e-12;9.38124e-15;1.59079e-15;8.67433e-14;4.51472e-15;3.63637e-15;1.83708e-14;1.14327e-14;1.29083e-19;3.51425e-15;2.42741e-13;1.97293e-11;6.08746e-14;1.51762e-14;5.81081e-13;3.54945e-14;6.79229e-16;4.52531e-11;2.22402e-13;2.23342e-15;4.31704e-16;3.8713e-16;9.35652e-15;1.61728e-15;6.54689e-14;3.55115e-18;1.37006e-15;3.57442e-15;7.00154e-15;6.26026e-15;1.11078e-12;1.78322e-12;1.62121e-13;9.52276e-16;1.32827e-12;5.06972e-15;9.37533e-16;2.26084e-09;3.96253e-15;3.83909e-16;3.28656e-15;1.64951e-14;1.74785e-13;2.02403e-13;8.43295e-14;3.38468e-13;1.47608e-14;5.00105e-16;1.98438e-15;5.92195e-14;2.38521e-20;1.49853e-09;6.97594e-18;2.1236e-19;1.1828e-14;2.17498e-14;3.27614e-14;2.88249e-12;6.38977e-13;5.45321e-11;1.9961e-23;1.51249e-16;1.66219e-15;6.70807e-16;1.20758e-16;1.05176e-13;2.60463e-14;2.42902e-22;3.45862e-16;5.03881e-15;2.25319e-15;5.20652e-17;9.53692e-13;4.80856e-12;1.31742e-14;1.53555e-17;3.97538e-16;5.82172e-17;1.82588e-13;1.21311e-15;1.29312e-15;4.65635e-18;8.687e-17;1.25126e-13;9.99345e-14;2.67159e-17;2.10805e-14;4.39249e-12;4.12295e-15;8.12512e-19;4.37628e-17;4.29095e-19;5.8331e-15;2.72875e-15;3.30959e-16;3.93785e-18;4.37048e-16;1.87608e-14;2.35405e-21;7.27713e-14;4.95515e-19;8.80965e-14;1.05587e-15;6.29281e-16;3.08765e-14;2.8655e-14;8.70342e-14;6.63763e-18;1.038e-16;1.03171e-13;7.26843e-14;1;1.23075e-13;2.72937e-12;2.33744e-07;5.99107e-11;5.79675e-12;3.29129e-11;3.88083e-14;4.59212e-11;1.31769e-11;8.49978e-08;1.06002e-10;9.01097e-10;2.43605e-13;4.17267e-11;4.7509e-16;7.88713e-14;1.23307e-18;1.45442e-18;6.26681e-13;2.61153e-16;9.77369e-17;5.70882e-15;4.15287e-15;2.54183e-15;8.55201e-17
6.46092e-14;1.97028e-17;2.07576e-16;6.96859e-17;6.79748e-20;1.04496e-11;4.32833e-18;5.26657e-19;3.39297e-17;3.39119e-17;1.70222e-24;2.22985e-15;3.42095e-18;5.95035e-17;6.0854e-17;2.06629e-19;3.39993e-16;4.87631e-17;2.51626e-19;9.45136e-16;1.50459e-18;1.58804e-17;4.95718e-17;5.1884e-16;9.0388e-10;9.21911e-19;6.38685e-18;8.80734e-18;1.3391e-20;1.21601e-17;5.14135e-18;2.31146e-21;4.16919e-10;3.43051e-21;5.83105e-21;2.07407e-17;1.06594e-17;3.25914e-18;1.10496e-19;1.21549e-14;2.88585e-21;8.4074e-15;2.96899e-17;3.72228e-17;1.69112e-16;6.23697e-13;1.28335e-17;3.01848e-19;2.17002e-19;6.27979e-18;1.10445e-25;4.17676e-08;9.6053e-22;1.85699e-21;2.21323e-23;8.8359e-19;3.44043e-20;5.29015e-17;4.00584e-16;7.59973e-16;1.84469e-18;2.0988e-11;1.13631e-18;1.70453e-16;1.50925e-17;7.82103e-17;1.85708e-16;3.70708e-16;4.35395e-18;9.22514e-16;5.96935e-16;2.63894e-18;7.48163e-14;6.22182e-23;2.55575e-21;9.02601e-18;9.1982e-18;1.6496e-19;5.39735e-12;7.66516e-18;4.57401e-18;2.02343e-17;8.08082e-16;1.94124e-14;4.98934e-21;4.02767e-11;2.11907e-21;5.9219e-21;3.52335e-17;2.31135e-17;9.31038e-17;1.94417e-16;7.57789e-18;5.29599e-18;3.03941e-13;2.17253e-19;4.58757e-21;5.99909e-19;1.62442e-17;2.52502e-19;1.29854e-15;2.23917e-18;1.61745e-16;2.4877e-09;8.2446e-22;5.2166e-21;6.76174e-19;3.84632e-17;3.29994e-17;3.32132e-20;1.6272e-15;5.13072e-20;5.32867e-19;4.15244e-17;3.11941e-17;3.31876e-19;2.0291e-10;1.43144e-19;1.25991e-20;1.17823e-20;1.56492e-16;6.87834e-17;2.15792e-17;5.36007e-21;1.08491e-18;4.63981e-19;8.78521e-23;4.87547e-06;6.84527e-23;7.3693e-23;5.5774e-18;1.14553e-16;4.61316e-17;5.33161e-18;3.55661e-12;1.39e-18;5.33103e-17;7.88747e-15;9.91861e-17;6.91736e-18;5.55957e-11;2.41406e-18;1.52991e-16;2.66783e-18;1.94877e-18;3.70156e-15;3.38003e-18;1.17341e-18;2.22614e-18;5.37141e-17;1.22787e-16;1.43688e-18;1.596e-15;7.75517e-23;2.38497e-19;6.45069e-18;2.66191e-21;4.3035e-15;2.08121e-17;2.38602e-17;2.12858e-17;4.49112e-16;6.53276e-17;2.5424e-12;2.72893e-19;2.65931e-19;6.37733e-17;6.4539e-18;4.64781e-19;5.35676e-16;1.64367e-16;2.4369e-14;7.32622e-16;6.45111e-19;1.17613e-09;2.79555e-19;2.0523e-17;2.54693e-16;9.54882e-14;4.88992e-18;2.4785e-17;9.33455e-16;9.88234e-16;3.06048e-17;2.30103e-10;1.25321e-17;5.24731e-17;8.88765e-19;1.78346e-11;1.65103e-17;9.0086e-17;1.54165e-17;9.30123e-16;1.04597e-14;1.4675e-16;4.79042e-10;5.90064e-19;9.78757e-19;1.0283e-17;1.07745e-14;2.50823e-17;6.69842e-17;1.65566e-16;2.73746e-17;2.03874e-18;2.56547e-12;1.57765e-19;6.19693e-19;2.08897e-17;6.71955e-18;1.04715e-17;1.95069e-18;2.16525e-16;6.70271e-18;2.30892e-18;1.34511e-16;1.00086e-16;8.54023e-17;5.3906e-11;3.33442e-20;1.17364e-21;1.28894e-17;3.74645e-17;1.03151e-13;2.36702e-17;1.04072e-17;5.54649e-16;5.53599e-16;1.32899e-19;1.54669e-11;1.43092e-19;6.88177e-19;9.83044e-18;4.35559e-16;1.52163e-17;1.21723e-20;4.50735e-11;1.52272e-24;1.57379e-18;3.16947e-17;7.90973e-18;1.3578e-17;1.60038e-13;2.09614e-17;3.24282e-16;1.28755e-18;8.47756e-17;1.19212e-17;2.24653e-20;2.35628e-11;2.36163e-24;1.56465e-19;6.7866e-18;3.48391e-17;2.05718e-16;3.48908e-17;9.98752e-15;2.29224e-18;5.52913e-18;2.7024e-18;1.91096e-17;2.42589e-17;2.34604e-21;7.35388e-13;4.49629e-22;4.12163e-21;8.8087e-18;1.6316e-17;4.14445e-18;8.98106e-18;7.03392e-14;4.74279e-18;1.93534e-23;6.29675e-16;3.82298e-14;1.15033e-14;5.88257e-12;0.999995;5.43262e-23;6.08859e-15;2.19323e-15;3.81976e-13;1.9186e-15;3.94572e-14;6.99476e-10;2.07261e-16;3.44813e-17;5.71175e-19;9.51523e-16;1.05619e-17;1.2268e-19;1.38955e-11;5.48182e-23;2.69678e-22;8.56243e-19;5.59092e-17;2.11768e-17;9.18038e-23;2.36472e-14;1.8775e-18;3.1271e-16;6.95436e-20;8.61474e-18;3.2018e-19;3.30858e-17;3.05368e-09;5.56358e-21;9.62267e-25;2.02058e-17;3.50618e-16;1.60697e-21;8.68245e-15;1.52312e-20;4.0089e-17;3.00261e-18;1.50213e-15;7.19623e-16;6.31951e-19;1.22025e-11;1.08608e-20;1.67231e-16;6.28961e-18;2.05542e-17;4.64808e-15;2.38697e-18;1.11605e-15;2.30848e-22;3.71822e-15;3.86944e-19;2.65044e-21;2.07648e-17;1.25835e-16;2.72145e-16;1.44066e-18;1.09083e-16;1.02957e-18;9.19595e-16;4.58894e-21;3.62251e-18;1.03207e-15;7.04132e-21;6.171e-14;8.28142e-18;3.26911e-20;2.20132e-17;2.7516e-17;9.7644e-19;7.05283e-19;2.50115e-16
2.73408e-14;9.07949e-15;6.82759e-17;5.27959e-17;3.73441e-14;8.08821e-16;7.5865e-15;9.20612e-14;7.95712e-16;1.05503e-15;2.35769e-09;1.65998e-20;3.19783e-16;6.08597e-14;1.11273e-15;3.38651e-15;2.16461e-13;2.43053e-15;7.56713e-17;3.30813e-15;2.34931e-12;3.94162e-15;4.55945e-16;3.32071e-15;4.47315e-15;8.16676e-15;1.10415e-15;3.48916e-14;6.09782e-15;1.00152e-17;6.82125e-17;3.09186e-15;1.32791e-17;3.02938e-16;2.63844e-18;4.72737e-15;3.89402e-16;6.10178e-17;1.19202e-16;1.19643e-14;1.13954e-19;2.14956e-16;1.83861e-12;1.47838e-14;3.32235e-17;1.07961e-14;5.04171e-16;3.535e-15;1.02214e-15;1.43679e-17;3.89806e-15;2.11441e-16;1.24928e-13;1.81246e-14;2.96293e-18;1.17249e-15;1.88915e-16;1.21425e-13;1.63391e-14;2.88352e-15;5.89911e-15;4.07184e-14;1.27921e-15;1.107e-13;2.95361e-15;8.8594e-15;3.76427e-14;1.73247e-14;1.15765e-13;5.75656e-15;3.10554e-16;6.57928e-15;3.01279e-15;1.23361e-16;3.84108e-18;1.16573e-14;6.07879e-16;2.49339e-15;5.65634e-16;3.98801e-14;4.75927e-16;4.50109e-14;8.57878e-17;1.14398e-15;9.37419e-15;2.4489e-17;1.11101e-17;1.31982e-17;7.06311e-15;3.49376e-16;3.32066e-14;2.42112e-15;1.43897e-15;2.64755e-15;3.4979e-12;2.06432e-15;1.76293e-16;2.05123e-15;7.46993e-16;1.06027e-13;1.31726e-15;5.46372e-17;3.53108e-15;5.96195e-15;9.34729e-16;2.90975e-15;6.98713e-15;1.63989e-16;3.36888e-16;8.23045e-17;1.0344e-15;4.51999e-17;9.77232e-16;1.25314e-15;8.18465e-16;5.55005e-16;1.62358e-16;2.36738e-16;2.55318e-18;3.76811e-15;1.89579e-14;2.76592e-16;6.87156e-16;2.8951e-16;2.00378e-17;4.74245e-18;1.51674e-15;1.30667e-14;5.84718e-18;2.36636e-19;4.41453e-15;1.85572e-15;2.91306e-16;7.93846e-16;8.74029e-15;1.94797e-17;4.54463e-14;7.83505e-15;8.81085e-16;2.42676e-14;1.25991e-15;9.55215e-17;1.07561e-16;8.48282e-15;1.08509e-13;8.08359e-15;7.84878e-14;7.79682e-17;1.19576e-14;1.5314e-15;1.68838e-16;5.02482e-14;1.43734e-13;1.75446e-16;1.51514e-17;3.68892e-15;6.37335e-16;3.5493e-15;4.77314e-14;1.15738e-14;1.59092e-15;8.68201e-16;1.27099e-13;1.46389e-14;1.6158e-17;3.80964e-18;1.73721e-16;4.53746e-14;6.21008e-16;1.57086e-15;1.5555e-14;3.92815e-15;5.66364e-16;8.27725e-15;1.19833e-15;1.08207e-14;2.6499e-15;1.37837e-15;8.09177e-13;1.65915e-14;8.88089e-15;9.77075e-17;2.13943e-16;1.62063e-17;6.52708e-17;1.52592e-17;1.66747e-18;5.22727e-16;8.72915e-16;1.80036e-15;1.77135e-14;4.29638e-14;2.83387e-16;3.19255e-16;3.40251e-14;8.38266e-15;3.86135e-18;1.35345e-16;5.26635e-15;1.14512e-14;5.63496e-15;1.28158e-14;9.31311e-16;3.95734e-16;5.29702e-14;1.17492e-13;1.77866e-17;2.42421e-17;1.13644e-14;3.43947e-16;1.50797e-14;8.77494e-15;3.51651e-15;1.58443e-15;7.14086e-15;3.50379e-16;1.4314e-16;1.7157e-12;9.57078e-17;3.42289e-18;8.43097e-20;1.55472e-15;1.55158e-15;4.77549e-15;3.43119e-16;4.75975e-14;5.48636e-15;1.08114e-14;1.94877e-13;2.71129e-14;1.70177e-15;2.81026e-15;6.24581e-13;3.74169e-15;1.90554e-15;2.10425e-12;1.95667e-16;4.96052e-17;2.24425e-16;2.81831e-14;5.15347e-16;3.14406e-16;1.11251e-15;3.06643e-17;2.4781e-15;1.36967e-14;1.07728e-15;1.80472e-16;3.25249e-13;5.09656e-14;8.00831e-17;6.32287e-17;6.95672e-15;1.78525e-15;2.47932e-16;4.96977e-16;4.30819e-17;1.26456e-16;2.19972e-15;1.3008e-15;2.11352e-16;1.83892e-17;1.01664e-15;2.16484e-15;7.60455e-17;3.91704e-20;2.07222e-14;2.40182e-16;7.98919e-18;1.30021e-15;5.85823e-16;4.85744e-16;2.96902e-18;1.68301e-15;5.03405e-18;5.21413e-18;8.04468e-13;5.20704e-17;2.02491e-15;1.55013e-21;5.11329e-14;3.56464e-16;6.89009e-17;4.34065e-16;5.24426e-16;7.43582e-16;2.81516e-16;3.47793e-17;8.36692e-17;2.41386e-19;5.99808e-15;3.35748e-17;2.2505e-13;7.59695e-21;4.65992e-15;5.6142e-16;5.30792e-16;1.19874e-16;1.94327e-15;6.5374e-17;2.9334e-15;1.16256e-16;1.57511e-18;1.20201e-19;3.191e-17;1.28647e-16;1.71382e-18;4.30443e-18;5.0041e-15;4.37745e-15;7.26778e-12;6.27757e-15;3.6629e-14;1.7359e-16;8.93769e-14;7.47254e-17;1.33317e-15;1.7327e-15;1.49294e-13;2.86904e-18;3.75855e-18;3.28773e-16;2.52204e-16;0.999973;5.21673e-10;7.16999e-12;2.67177e-05;6.18321e-10;1.61614e-10;4.88598e-11;9.7866e-12;1.30209e-11;1.31579e-12;1.0989e-11;4.86145e-12;1.30922e-11;1.02598e-16;1.10698e-14;3.97092e-14;3.1255e-15;1.0288e-14;5.19848e-16;3.80273e-17;2.84227e-15;5.44005e-15;2.86066e-15;2.38535e-16;2.28398e-17;7.81538e-16
1.50975e-08;6.41899e-11;2.42619e-09;9.18676e-10;1.02865e-10;3.16274e-08;2.99116e-10;3.06108e-13;3.7995e-11;3.27327e-11;4.82922e-13;8.12046e-12;8.14687e-11;2.35309e-12;4.96175e-11;4.08089e-12;4.94301e-11;7.04388e-12;1.0142e-11;5.77345e-11;1.40293e-12;4.76001e-13;1.74094e-11;6.00451e-12;6.79858e-09;5.44477e-13;7.41408e-12;2.0757e-10;3.00292e-15;1.45926e-10;1.20623e-11;1.87833e-15;5.08737e-11;8.80826e-12;2.20269e-14;1.52735e-13;1.15859e-11;9.87644e-12;1.41638e-14;9.12938e-12;2.18912e-12;2.78419e-11;1.094e-10;4.57916e-13;5.32485e-11;1.17597e-09;1.85747e-12;1.66906e-13;1.25615e-10;7.62286e-12;4.26835e-14;3.51779e-08;3.75807e-14;2.45592e-12;3.34236e-16;2.77107e-11;1.01531e-12;9.30012e-12;3.27618e-10;2.97426e-10;1.90156e-09;8.67193e-09;1.23586e-10;2.61923e-10;1.56974e-12;1.16155e-11;2.6301e-11;1.95833e-10;1.02166e-12;8.22028e-10;1.57425e-09;1.19405e-13;3.68829e-10;2.92063e-13;9.41562e-11;3.29007e-12;3.86542e-11;6.71044e-14;2.18832e-09;3.08194e-12;6.72974e-11;3.93542e-14;2.17053e-09;3.91206e-09;5.90142e-16;1.34024e-09;4.49536e-12;4.54602e-12;9.93576e-12;8.95209e-12;1.75284e-11;3.66556e-10;9.34325e-12;5.33035e-13;9.92374e-09;3.46108e-13;4.10476e-13;1.62816e-12;2.22323e-12;3.92622e-14;4.71297e-09;4.33301e-10;1.22078e-13;6.385e-10;2.37285e-11;9.09738e-11;1.34003e-11;8.22869e-12;4.50984e-11;1.33469e-11;7.83245e-10;9.65969e-13;1.4957e-12;2.35495e-11;7.3472e-11;2.12383e-14;3.38587e-09;2.16481e-15;1.9972e-11;5.21748e-14;6.14815e-11;5.31615e-14;2.35694e-11;3.37832e-14;1.51955e-10;3.05293e-12;2.06679e-12;2.43659e-09;2.99647e-15;1.9366e-13;1.5921e-12;2.85875e-10;2.04536e-10;1.01928e-12;8.58831e-11;1.99099e-11;4.39726e-13;4.39941e-10;4.02923e-11;1.64235e-12;1.65168e-09;4.1684e-12;1.21073e-10;1.64891e-12;6.45908e-12;1.0914e-10;1.49047e-13;1.33226e-11;4.38815e-13;1.95329e-10;6.20369e-10;1.31131e-10;2.02025e-09;2.90941e-13;1.80479e-10;1.37453e-12;3.18827e-15;2.63174e-10;2.65959e-10;1.33724e-12;5.0296e-11;4.06694e-10;4.06197e-11;1.86936e-09;1.96488e-11;3.58233e-11;4.68186e-12;1.56671e-11;1.99199e-13;4.02142e-10;2.30629e-12;6.4365e-10;4.57584e-10;2.87159e-12;8.82192e-09;3.43106e-12;3.05511e-10;1.36305e-12;8.32656e-11;2.39928e-12;2.7518e-13;1.37151e-10;2.29525e-11;1.01526e-12;9.47247e-10;1.35348e-12;2.51081e-12;3.90807e-13;1.09487e-11;5.13507e-12;3.28498e-11;2.12557e-11;9.23773e-10;1.68874e-08;4.55855e-13;4.31627e-07;3.0928e-13;4.61264e-10;5.07585e-12;3.04947e-10;1.15497e-12;1.51654e-12;1.14246e-10;2.19615e-11;4.56397e-12;1.28803e-11;5.45988e-12;4.88715e-12;6.01958e-13;6.99897e-12;2.98115e-13;1.30202e-11;4.60192e-12;9.20019e-12;6.39623e-13;5.23726e-10;5.59735e-11;2.84812e-14;1.49701e-08;4.70713e-12;2.5267e-13;2.23485e-12;1.42039e-11;1.51276e-11;6.12233e-12;2.83631e-12;9.45879e-10;7.43062e-11;1.30316e-11;4.69266e-10;8.83694e-13;4.01786e-11;1.37499e-12;8.68263e-09;2.89107e-11;2.04811e-14;4.93468e-10;5.85582e-13;3.01301e-12;1.83901e-12;9.3523e-12;1.21119e-12;1.50639e-10;5.49636e-12;4.84651e-12;6.78233e-14;2.48288e-11;3.96399e-11;3.80012e-12;1.62428e-11;5.60966e-17;1.70076e-13;1.5123e-13;4.45956e-12;2.09183e-11;1.07682e-13;1.90388e-10;9.67581e-13;8.39813e-12;1.87594e-13;2.98828e-11;7.91197e-12;2.7585e-13;1.05163e-11;5.26818e-13;3.98155e-12;1.61166e-12;1.31577e-11;4.48363e-11;3.29222e-14;5.33744e-11;8.15501e-14;2.56449e-15;8.59287e-16;9.13882e-12;2.03428e-11;2.07813e-12;3.18723e-15;1.26172e-13;2.14906e-11;2.27005e-14;6.71922e-12;1.46203e-11;4.79922e-17;1.96221e-10;1.29367e-11;9.80329e-13;9.64397e-16;7.85757e-10;4.6865e-12;2.54854e-15;8.45571e-11;7.32472e-17;1.16298e-12;7.62922e-13;3.242e-11;1.98008e-11;1.73175e-15;9.61243e-10;1.65224e-12;3.54668e-09;2.07831e-10;1.07739e-08;9.17146e-10;0.999989;9.7657e-06;4.07146e-08;4.71662e-09;2.15699e-10;7.41589e-09;1.70517e-09;3.11483e-07;3.10904e-08;1.66389e-11;1.01217e-13;9.17866e-10;2.45748e-11;4.40141e-15;4.32273e-08;2.73149e-12;1.23436e-10;2.72629e-11;1.02698e-11;4.35637e-16;7.05593e-12;3.23475e-09;1.10816e-09;5.40101e-11;3.92785e-12;3.62673e-08;7.36919e-12;3.31298e-10;2.54116e-11;4.29747e-12;4.1757e-11;1.22415e-10;1.10369e-08;1.2129e-10;1.44645e-12;2.18851e-10;9.43304e-16;5.41059e-09;3.00016e-13;9.733e-14;3.6506e-13;2.61245e-10;4.62649e-12;1.68458e-13;1.03404e-10
1.03709e-11;1.37928e-13;3.3226e-13;6.88131e-13;1.36305e-11;1.89845e-11;7.54678e-13;7.01815e-12;7.68413e-13;8.83334e-13;3.01411e-09;1.34852e-13;6.48067e-11;1.19798e-13;3.19025e-12;2.19848e-10;2.74071e-11;4.03817e-13;4.30256e-13;3.16074e-13;9.23321e-12;5.64891e-15;2.10114e-13;1.2414e-13;1.61335e-13;4.20718e-14;3.35553e-13;2.11531e-11;2.80456e-14;6.64286e-13;7.58549e-14;2.8746e-13;1.58312e-15;1.53757e-10;3.27562e-16;2.76056e-13;5.6692e-13;3.78661e-13;1.8626e-12;5.07469e-12;1.0221e-12;1.40564e-12;4.85503e-12;1.96362e-14;5.33614e-13;1.18755e-09;6.82511e-13;8.33971e-14;1.34452e-12;9.3335e-14;1.5456e-13;2.44283e-12;2.12895e-12;9.94873e-14;6.25591e-17;1.71105e-11;5.13068e-14;3.56685e-13;2.72115e-12;2.27622e-13;4.22411e-11;3.90181e-12;1.25118e-10;5.75067e-13;8.41502e-14;1.99986e-11;7.3145e-13;3.85313e-12;2.41023e-13;1.669e-12;2.96975e-13;1.59278e-11;2.23412e-11;9.14278e-15;3.06567e-13;3.85253e-13;3.31773e-13;1.04062e-12;1.01271e-11;1.65216e-12;1.42174e-12;6.11336e-15;4.50533e-13;7.74466e-13;1.46218e-11;6.07888e-12;4.58699e-12;8.53266e-14;1.53936e-12;1.13204e-12;5.60691e-13;5.1511e-12;2.06245e-13;5.2976e-13;5.97374e-10;1.02887e-14;7.38985e-12;5.22196e-12;4.45334e-12;6.92015e-15;1.20559e-12;2.46574e-13;2.37842e-12;2.70711e-10;1.3331e-13;3.0258e-13;8.25723e-13;3.06162e-13;6.15032e-13;7.96283e-13;3.98307e-11;1.01904e-13;1.59656e-13;5.55029e-13;8.12372e-14;2.70399e-12;2.59633e-12;5.13923e-15;1.31798e-12;2.93343e-13;8.16442e-13;2.41912e-13;1.26974e-12;1.402e-15;3.73497e-13;1.86974e-14;5.5461e-10;4.90642e-12;1.01875e-12;1.62011e-17;3.97402e-13;9.52012e-13;5.03238e-13;1.43412e-13;1.84102e-12;9.16663e-13;1.74705e-13;1.66853e-12;2.44632e-13;6.45805e-10;1.12123e-10;4.83838e-14;1.36809e-12;1.51107e-12;5.75228e-10;2.12368e-11;1.12012e-11;4.9174e-13;2.28412e-13;2.74097e-11;1.91124e-12;5.13311e-09;8.57366e-11;3.69505e-13;6.95249e-11;1.36889e-13;5.41198e-13;1.30472e-11;1.43e-11;8.72818e-14;1.00975e-12;1.28061e-12;1.24031e-08;6.44413e-11;6.83468e-13;7.71845e-12;3.23207e-13;6.12621e-13;2.85254e-13;1.28614e-12;1.84993e-14;4.58969e-13;7.60518e-14;6.62867e-09;6.37413e-12;4.28651e-14;2.30986e-11;4.16476e-14;1.87062e-13;3.46459e-12;3.85798e-14;3.81874e-13;1.53581e-13;2.83863e-13;1.27641e-11;1.06556e-13;1.11435e-12;1.84248e-12;5.58986e-12;1.28717e-12;2.94296e-10;1.19727e-13;2.89688e-14;2.56509e-13;8.09505e-13;3.86139e-12;9.87256e-16;1.68606e-12;1.00207e-12;9.33868e-12;4.07485e-14;9.90837e-14;3.75154e-13;3.60041e-13;5.16833e-10;6.62245e-12;5.34623e-13;3.64178e-12;3.38435e-13;5.7499e-13;1.83325e-13;4.06676e-13;5.16903e-13;4.13493e-11;5.40761e-15;6.86588e-15;2.22271e-14;2.99618e-11;2.44591e-11;9.22574e-16;4.65539e-16;1.77435e-13;4.5468e-12;1.20925e-12;1.35689e-12;2.94349e-13;3.38622e-13;5.13455e-13;1.49988e-09;1.36171e-11;1.37646e-14;3.28203e-13;5.76112e-14;9.98929e-12;5.42085e-13;3.69469e-09;4.92096e-11;1.6172e-15;1.16661e-10;1.07282e-12;1.04443e-12;2.9839e-12;1.71007e-11;8.92972e-13;5.93248e-13;3.24587e-15;1.83385e-13;2.5606e-14;1.10852e-08;5.84803e-14;1.48903e-14;6.16779e-11;1.08985e-13;7.63265e-13;1.33838e-13;1.68416e-12;9.01891e-12;2.34519e-13;7.64485e-13;5.7548e-14;3.23028e-13;3.01574e-13;7.28668e-09;2.09324e-14;4.59067e-15;7.43239e-14;4.24166e-12;1.4657e-12;5.28923e-13;1.62262e-13;3.07504e-11;6.41595e-13;3.18278e-17;1.02015e-16;9.94685e-16;4.68772e-15;3.70361e-09;1.96511e-12;5.59199e-10;8.88753e-23;5.4595e-12;1.03472e-12;4.66562e-13;2.31155e-15;3.74876e-11;6.84223e-13;2.83332e-13;7.88346e-16;6.41786e-14;8.02384e-14;4.91084e-12;2.34382e-07;4.14251e-15;1.61437e-14;5.44649e-12;2.62707e-11;3.99823e-13;5.61148e-15;1.0957e-10;7.97577e-14;1.83199e-13;1.88164e-16;4.0015e-15;4.65574e-16;1.12362e-14;5.68368e-10;4.65513e-17;3.98745e-16;1.30259e-12;1.44784e-13;5.70854e-15;4.3832e-11;1.53293e-13;8.51823e-14;2.40071e-15;3.41684e-13;1.38514e-13;9.41814e-13;1.6588e-11;1.9774e-19;7.30106e-16;5.41109e-12;6.08787e-13;6.37531e-05;2.71881e-10;1.90927e-09;0.999931;3.7507e-06;1.30725e-06;1.14334e-10;7.23949e-11;6.16612e-10;1.18409e-10;1.93133e-08;1.17441e-09;2.31153e-08;2.95323e-10;1.16853e-16;2.04202e-13;2.12707e-12;6.27684e-11;5.46018e-09;2.8149e-16;1.01664e-14;6.26844e-15;1.10256e-12;6.62637e-14;4.20612e-16;2.1019e-12
1.30867e-12;2.00735e-11;3.60054e-11;7.90702e-13;8.54635e-13;4.69605e-11;2.45481e-14;3.41222e-12;8.12699e-14;1.88984e-12;5.98631e-15;2.15404e-11;1.303e-12;7.235e-14;4.92221e-12;5.18666e-11;1.47781e-11;3.51422e-13;2.1053e-12;1.40782e-13;1.44506e-14;3.09937e-15;1.05908e-12;6.34755e-12;9.20035e-15;1.40152e-15;5.81527e-13;1.14677e-12;1.12643e-15;2.92148e-11;7.80886e-13;4.57678e-14;2.44859e-15;1.01458e-17;1.3033e-16;5.50368e-15;1.04155e-12;4.14372e-13;2.77558e-12;1.08968e-14;3.36506e-14;3.99315e-12;5.05684e-11;2.28983e-15;5.90788e-11;2.68085e-12;8.27102e-16;2.73998e-13;4.96832e-10;1.13727e-13;7.48665e-14;1.29277e-11;1.07915e-16;1.16954e-15;1.30245e-10;8.95741e-11;5.66101e-13;5.27288e-13;2.49632e-12;2.80928e-13;1.48559e-10;3.2256e-13;5.83077e-14;7.19084e-13;7.17317e-14;1.08595e-11;3.19137e-13;1.54132e-13;5.84005e-14;1.74087e-12;2.30478e-12;9.10283e-13;4.05773e-14;2.56712e-16;2.64781e-13;2.55101e-13;3.19555e-12;2.6429e-14;8.05112e-13;2.62368e-15;2.8107e-12;7.58088e-15;7.15043e-11;6.83646e-11;7.42925e-15;3.55427e-14;5.26291e-14;6.56192e-12;1.42004e-13;1.71206e-13;3.15822e-13;1.061e-12;2.55066e-14;1.76567e-12;2.05047e-11;2.83193e-19;1.66863e-12;2.49086e-14;1.78623e-14;6.84026e-17;3.32371e-12;2.8569e-13;2.82227e-13;3.81618e-15;2.66534e-17;2.00277e-11;3.58716e-12;3.33179e-13;1.4738e-13;5.03054e-11;4.72157e-10;7.09731e-16;7.15631e-13;2.92739e-12;3.53384e-14;5.40319e-15;1.28501e-13;6.16103e-19;3.09757e-12;2.59105e-10;1.49131e-12;4.07339e-14;9.52898e-12;1.68797e-14;6.54464e-10;3.13566e-13;7.40093e-09;1.24518e-17;8.56105e-16;5.62328e-14;1.05741e-12;6.94679e-13;1.26585e-12;1.94012e-13;4.1982e-14;7.39558e-12;2.70099e-13;3.21173e-11;5.93339e-12;5.18933e-11;3.92476e-11;2.70566e-16;1.59993e-10;2.09477e-12;1.39578e-12;9.98019e-12;1.81989e-13;5.30923e-08;7.22025e-10;1.41252e-05;3.92692e-08;0.999978;1.54672e-06;9.53232e-09;6.31511e-06;1.21197e-12;5.30388e-08;4.09072e-09;6.44021e-09;1.32083e-12;5.03332e-12;1.51525e-10;3.31934e-12;6.21238e-12;8.55047e-15;4.82036e-12;1.15405e-13;2.00218e-11;5.42746e-14;2.41515e-12;2.33801e-14;8.75424e-12;2.37823e-12;3.19735e-11;8.98649e-15;2.0987e-15;2.32892e-10;1.11193e-12;1.19817e-11;1.32417e-13;7.50079e-15;1.69564e-12;2.39294e-14;6.00851e-12;1.90586e-14;3.62886e-17;1.47674e-11;1.14673e-14;5.12542e-13;3.97734e-11;2.13444e-11;8.52521e-14;3.6501e-11;3.17682e-12;7.79741e-12;1.50593e-13;1.55263e-16;3.9171e-10;2.17437e-12;5.66828e-12;1.22918e-13;4.03961e-13;4.12717e-11;8.42544e-12;4.39465e-09;7.00963e-14;6.25462e-15;3.90817e-11;3.23493e-13;1.08014e-11;1.95763e-13;3.9237e-13;9.48716e-13;4.69388e-13;1.59258e-14;3.84381e-12;8.62556e-14;1.35401e-13;3.54556e-19;2.24646e-16;3.01676e-13;6.00157e-14;1.4688e-12;6.35945e-15;3.48468e-14;9.62296e-14;6.32608e-13;1.20503e-13;7.88293e-10;1.23902e-15;5.10291e-17;1.52507e-14;2.90992e-15;2.93706e-10;4.24733e-13;1.3339e-13;1.80073e-14;7.03858e-18;1.43864e-12;5.56687e-14;3.55456e-13;6.72354e-14;1.46983e-14;5.33363e-13;3.08313e-13;4.03652e-15;1.09556e-11;3.45705e-13;7.07557e-13;1.09221e-14;5.47006e-18;1.05482e-11;1.09527e-13;2.04574e-13;1.10765e-13;1.33688e-11;4.84863e-13;4.1386e-15;2.15901e-13;3.29728e-15;6.32399e-12;5.35137e-13;2.8783e-11;1.63491e-17;3.51729e-16;3.81854e-14;9.97465e-14;1.89e-13;6.13463e-13;8.9021e-15;1.34069e-12;1.29761e-14;1.03994e-19;1.62962e-19;1.12214e-13;1.14345e-14;1.93783e-14;1.23211e-18;3.18417e-18;6.2246e-11;2.64889e-15;5.45962e-12;1.92153e-13;2.92712e-20;4.03951e-14;2.55436e-14;7.61994e-13;1.63594e-16;1.44552e-12;4.10227e-14;4.63385e-16;1.84578e-14;2.3599e-21;9.18819e-17;6.27098e-12;1.69592e-11;1.39309e-13;3.49202e-16;1.51482e-13;3.29625e-17;5.29245e-13;4.72803e-15;1.12217e-12;2.98093e-15;2.06698e-13;8.90734e-11;3.02034e-18;1.60457e-15;7.95361e-13;4.77941e-12;5.94419e-16;1.53477e-13;4.06062e-15;1.30976e-13;5.27169e-14;4.43263e-12;3.43255e-13;2.07494e-14;4.47773e-15;1.17201e-22;9.29106e-13;1.44276e-11;7.03614e-13;2.23648e-17;3.27463e-13;7.68349e-12;1.62168e-13;2.37126e-11;1.2658e-15;2.91155e-09;2.19872e-13;5.09306e-11;1.91407e-13;5.34313e-12;1.47523e-12;2.56325e-13;1.54365e-13;7.93531e-19;3.42931e-14;2.55425e-13;1.17602e-15;2.76422e-09;2.61411e-19;3.78812e-15;1.52732e-15;4.13934e-12;9.67722e-15;9.16471e-15;6.47525e-16
1.97641e-10;8.18896e-13;1.04104e-10;5.22769e-13;1.50154e-09;5.10856e-11;2.08357e-11;6.51843e-11;1.08929e-09;1.77077e-09;3.80566e-11;2.2342e-09;4.00662e-08;2.64043e-11;1.08299e-09;1.82298e-08;7.27795e-09;4.33826e-11;2.60885e-08;2.25428e-10;4.45014e-13;3.26289e-11;7.56344e-10;2.84272e-10;4.80343e-10;3.75913e-08;2.42508e-06;1.92198e-11;1.37835e-09;2.9614e-08;3.42384e-10;7.26849e-07;3.09383e-07;1.12804e-06;0.00102541;1.35275e-08;1.30873e-08;6.70886e-09;8.85588e-05;1.30388e-06;0.998859;3.83307e-13;2.53364e-07;9.77843e-14;1.36481e-10;3.47535e-08;4.93088e-12;1.15936e-12;1.56234e-08;5.48591e-15;1.55192e-12;1.69225e-14;1.6549e-10;5.24126e-10;1.91618e-10;4.64689e-09;2.33649e-07;5.40089e-12;2.66763e-09;4.90418e-11;9.41153e-10;3.83253e-14;1.14087e-08;9.70265e-10;1.2511e-10;1.25168e-09;1.95852e-10;7.35187e-10;4.44849e-12;4.83449e-12;1.91331e-11;7.55193e-13;6.22002e-08;2.54524e-11;1.27264e-09;7.79696e-11;8.23774e-11;1.59659e-07;2.18801e-10;8.59179e-10;1.02293e-10;2.20449e-12;7.24376e-09;6.91601e-12;1.08466e-09;1.70371e-12;1.52604e-06;3.02903e-06;7.16488e-09;1.28565e-10;5.06838e-11;1.35728e-10;1.50044e-10;2.77312e-12;4.86479e-15;9.19253e-13;1.57494e-10;7.95439e-09;1.18278e-09;1.18359e-13;4.22326e-12;1.95473e-14;2.25872e-11;2.6271e-14;7.37155e-12;3.73084e-09;1.06712e-10;1.26825e-09;3.95937e-11;5.85519e-10;1.39502e-13;2.31086e-10;5.35686e-10;1.32828e-09;6.38828e-09;4.68328e-12;3.10662e-12;1.21798e-11;1.91825e-07;4.33768e-08;1.79679e-10;4.25151e-10;7.13481e-10;1.45108e-15;8.31268e-13;1.78612e-14;1.28744e-12;3.38057e-15;3.97542e-11;8.3531e-12;7.9518e-10;3.67462e-12;9.27367e-12;3.2938e-10;3.56719e-13;5.04952e-08;1.21115e-10;3.50969e-10;3.38688e-10;1.81714e-10;7.97334e-12;3.89317e-07;6.14817e-10;4.35742e-10;3.47592e-10;7.60723e-11;5.04058e-08;1.11862e-08;9.55698e-12;1.86903e-10;1.52993e-11;1.23899e-09;1.49026e-10;5.51658e-08;6.31379e-08;2.6538e-10;4.99065e-10;7.32691e-10;1.30174e-07;4.67992e-11;1.43524e-10;1.42169e-09;2.12428e-13;3.62095e-11;4.29336e-10;3.62107e-09;1.24438e-11;7.17976e-10;2.10018e-07;1.00308e-09;4.18643e-11;4.91428e-10;1.62198e-10;1.31082e-10;3.33247e-09;1.17846e-05;9.34756e-11;6.53438e-11;3.45712e-09;2.06914e-09;2.93059e-12;4.46076e-11;2.39114e-13;1.99394e-11;1.05682e-09;6.37629e-12;1.42086e-08;7.89412e-12;5.52472e-12;8.66919e-10;1.94189e-10;3.66516e-11;7.80713e-11;1.58564e-11;4.02821e-11;5.70226e-10;8.29713e-09;4.0453e-09;2.66185e-10;7.15732e-10;1.12614e-09;1.94373e-10;2.93101e-09;1.12121e-09;5.49183e-09;5.43004e-10;1.32809e-09;1.76213e-08;3.49166e-10;2.47313e-10;2.48391e-10;6.85659e-12;8.26352e-09;2.24762e-11;4.41926e-12;5.46963e-10;5.49642e-10;9.40664e-09;1.47343e-14;1.19183e-10;9.17629e-13;3.83709e-11;3.86369e-10;1.58515e-11;1.07703e-09;1.70986e-12;9.63895e-12;1.04338e-10;4.8863e-13;1.17747e-12;1.00116e-12;4.32248e-12;3.20481e-12;3.07755e-10;1.78926e-11;8.30021e-12;4.10837e-11;1.833e-10;1.52308e-10;1.26609e-11;3.594e-10;3.07978e-11;5.20694e-12;6.9709e-11;8.77702e-10;2.15378e-12;1.08022e-09;8.82264e-11;5.58511e-07;8.82652e-14;2.76914e-11;3.19601e-10;1.30624e-11;2.68283e-10;4.24732e-10;2.1432e-09;1.4517e-10;1.22774e-10;3.96654e-11;7.74271e-12;3.65492e-10;8.9221e-10;3.40507e-12;7.78854e-17;8.34096e-10;1.70009e-10;8.5855e-12;4.92168e-11;1.51703e-10;4.70472e-12;1.91869e-10;5.83898e-08;2.67162e-18;1.57433e-15;9.83487e-12;1.56359e-14;3.30751e-13;1.73803e-12;2.97845e-12;7.18052e-12;4.37735e-12;1.97759e-11;7.50877e-10;1.35757e-15;1.0798e-12;1.22412e-10;8.15716e-10;5.35301e-15;6.36785e-12;2.56755e-14;3.15982e-15;9.55685e-11;1.30943e-08;2.83568e-12;3.64941e-09;1.95718e-08;3.33556e-10;9.50971e-15;2.56371e-08;5.96338e-09;1.62105e-11;6.20967e-14;1.85707e-10;8.53466e-15;1.15867e-13;1.33801e-11;1.46005e-12;1.66382e-13;2.01127e-10;1.43221e-09;4.22607e-15;3.50718e-10;1.04563e-09;2.62959e-10;2.42217e-12;2.18571e-11;7.6642e-11;1.56808e-13;1.17494e-12;7.35272e-11;2.23321e-11;1.37893e-09;4.32113e-09;2.46699e-12;4.16681e-12;3.19224e-11;1.18418e-19;2.38034e-13;4.1063e-13;2.05452e-13;4.44053e-12;7.9752e-12;1.32204e-10;2.11988e-06;1.62526e-10;2.07479e-08;1.31174e-08;2.41412e-14;7.70407e-11;2.19611e-09;5.97666e-15;1.07879e-11;1.3034e-12;1.19262e-10;5.20857e-13;8.0572e-11;5.64133e-10;9.00504e-10;2.37718e-10
4.61789e-06;2.90887e-09;8.39099e-10;3.78937e-10;3.50651e-09;1.40196e-09;3.15609e-12;8.27064e-11;2.35967e-09;1.85855e-09;1.03778e-11;1.983e-13;1.01804e-08;3.7348e-10;3.00194e-09;1.75876e-09;2.83463e-08;1.48029e-10;1.52213e-10;3.4591e-08;4.13207e-13;1.70955e-10;9.63565e-10;9.81106e-10;3.80742e-09;6.28753e-11;9.61564e-10;1.68953e-10;1.63914e-10;1.71786e-10;8.13822e-10;1.21452e-12;4.01222e-12;1.3128e-10;9.30661e-07;8.62254e-12;6.08463e-10;1.74433e-09;5.93145e-11;9.61854e-10;2.59621e-09;3.12349e-12;8.18443e-09;6.47764e-14;7.47616e-12;8.61044e-10;1.1143e-12;4.96922e-11;1.38577e-09;8.39983e-12;3.92457e-15;5.47701e-11;3.92414e-12;2.98811e-09;7.44812e-11;1.09167e-09;7.48344e-09;7.71609e-10;9.21294e-07;4.1696e-09;2.04443e-07;2.57468e-09;1.29517e-10;8.21244e-09;1.75511e-09;5.59969e-10;2.53586e-10;5.40839e-10;5.43734e-10;5.47683e-10;1.95104e-09;1.45328e-11;2.47556e-09;5.15661e-08;2.4734e-10;1.36406e-10;3.95305e-10;2.59529e-11;7.92078e-09;5.61087e-11;1.96082e-08;8.73617e-07;4.0259e-05;5.28743e-06;0.000203777;0.000470737;0.000311332;0.998951;6.35377e-07;1.58494e-08;3.89593e-10;1.42645e-09;3.34535e-09;3.64778e-09;2.49326e-13;4.55758e-14;1.28014e-11;1.01226e-11;1.89666e-10;7.6131e-11;7.57771e-11;2.5641e-12;2.64604e-12;8.90945e-14;3.11393e-12;2.58328e-10;7.49396e-12;2.38136e-10;2.29218e-10;6.98227e-16;3.05823e-12;4.49862e-12;6.6218e-12;7.11267e-09;4.30304e-10;6.71376e-13;3.85219e-13;7.31923e-15;2.92739e-11;6.84739e-10;8.02646e-11;1.56387e-12;2.19915e-11;1.52958e-10;5.56468e-08;3.47073e-11;2.86269e-06;5.17277e-11;3.75338e-12;2.97412e-08;7.49907e-11;3.20386e-11;1.26546e-10;1.9191e-14;1.32788e-12;9.80616e-10;6.74379e-10;1.83511e-08;1.82126e-09;3.15829e-12;5.82848e-10;2.83798e-09;6.96996e-11;1.22857e-11;3.06395e-16;3.9988e-12;5.47244e-11;4.72999e-11;9.61843e-11;1.57175e-09;3.73053e-10;1.756e-09;1.50979e-09;1.58827e-13;3.35246e-15;6.81765e-11;6.77338e-12;3.59074e-11;4.95506e-12;4.0563e-10;1.5915e-09;4.31409e-10;4.99973e-16;3.64723e-10;1.6907e-09;5.16741e-13;2.09541e-14;1.07159e-09;1.14699e-09;9.0923e-11;5.90808e-10;3.53224e-09;3.43179e-10;2.25786e-12;3.91649e-09;7.74509e-08;4.72875e-09;7.36303e-14;6.86445e-09;3.36059e-12;1.18042e-09;1.39273e-08;3.80722e-10;1.18325e-10;1.28491e-08;5.6558e-11;6.15879e-11;2.90898e-13;1.82502e-11;3.7594e-10;4.27096e-10;3.78985e-10;1.25654e-08;6.57896e-10;1.88068e-09;2.06167e-08;1.47592e-07;6.83239e-08;8.23986e-12;2.51261e-11;1.24751e-10;7.25475e-11;1.56141e-09;4.53025e-10;1.00652e-10;1.84095e-10;7.03424e-13;8.23939e-09;3.83503e-11;1.7506e-10;3.82981e-12;2.56745e-12;5.89719e-11;1.56606e-11;8.547e-11;4.11252e-07;1.99476e-10;2.21388e-12;7.70233e-17;1.2889e-10;7.94569e-11;1.06173e-10;1.80189e-11;4.4433e-11;8.18974e-11;1.33139e-09;3.87655e-08;2.1506e-07;5.46127e-11;8.76586e-09;4.39163e-08;7.57405e-09;8.56098e-10;2.58081e-09;2.91041e-10;3.63147e-11;1.62623e-12;3.15024e-14;4.20012e-10;3.76151e-11;1.68971e-10;5.91412e-13;2.00456e-11;3.09275e-12;1.40847e-08;1.13997e-09;1.00185e-06;1.05766e-07;1.89629e-06;1.07561e-10;5.14478e-12;7.46115e-10;2.19569e-11;1.82796e-10;1.84241e-09;3.837e-10;9.96982e-11;1.13696e-11;2.59402e-10;5.10694e-11;1.66502e-08;4.50436e-09;5.70165e-08;2.45566e-12;3.38589e-10;3.52588e-08;7.62537e-11;2.11272e-11;3.7289e-11;1.25534e-12;7.13629e-10;2.529e-11;5.26384e-18;2.85579e-11;8.25276e-10;1.50985e-11;7.88568e-11;1.86883e-08;6.79371e-14;2.68864e-10;5.67811e-12;5.23297e-11;1.4618e-10;4.37763e-18;5.12187e-13;8.7839e-11;5.03826e-11;1.34023e-12;2.74324e-08;8.8814e-14;1.60655e-17;5.94829e-11;1.11116e-11;3.76663e-13;4.58477e-11;1.09891e-08;5.91452e-11;1.48146e-14;9.48778e-09;1.33767e-11;4.76342e-10;9.25831e-12;3.12715e-09;8.79105e-11;1.04658e-06;2.66611e-11;1.92593e-13;2.73422e-13;1.25598e-10;6.79057e-08;1.85075e-11;1.20971e-10;2.32891e-13;9.66618e-11;2.98026e-10;7.0142e-10;3.48516e-10;5.21678e-12;5.191e-12;4.51376e-11;2.06818e-10;2.67288e-12;3.42365e-10;9.7523e-11;1.17988e-10;1.40195e-10;2.08229e-15;5.33263e-12;2.56403e-14;1.20313e-14;4.53835e-10;1.78851e-08;6.29539e-09;1.95021e-09;1.50053e-09;7.85393e-09;8.16742e-08;6.55926e-07;2.45926e-10;3.60266e-07;2.33467e-16;7.75961e-13;6.35043e-11;3.43337e-12;6.95112e-12;3.46635e-09;2.38418e-09;3.63006e-11;4.89124e-10
2.6842e-10;4.29198e-09;1.70993e-10;5.69289e-12;1.58582e-12;6.48215e-12;3.57861e-11;2.80633e-09;4.84337e-11;5.43581e-12;4.58944e-09;4.87179e-16;1.11483e-14;1.2452e-11;3.11252e-12;9.90271e-12;7.5351e-09;2.86412e-12;4.46496e-12;4.35638e-12;2.08078e-13;2.12849e-14;2.45136e-13;6.82137e-13;4.46879e-13;5.18198e-13;1.55928e-12;4.35745e-13;1.61966e-09;8.48173e-08;2.9324e-08;1.03193e-06;1.22905e-12;0.999998;5.46579e-08;5.4187e-10;1.73498e-11;8.93649e-12;2.19003e-10;8.74604e-08;1.57839e-07;1.09601e-10;2.29286e-07;5.03168e-16;6.93287e-13;8.46738e-11;1.11627e-15;1.88841e-14;1.99584e-10;3.10237e-14;9.98558e-18;1.82064e-14;7.09011e-14;3.5697e-11;9.0635e-17;1.35697e-11;2.38737e-12;1.55479e-13;7.82953e-12;1.05798e-12;7.3744e-14;4.18288e-14;2.36638e-13;3.75612e-14;6.37968e-14;2.14168e-14;2.9866e-13;6.47125e-13;1.56115e-12;1.55087e-11;6.64134e-13;2.55972e-11;5.60056e-13;2.83532e-14;1.50538e-14;4.7938e-13;1.29015e-12;2.263e-12;1.2619e-12;1.84161e-12;3.06403e-12;6.26139e-13;8.02601e-10;7.35588e-12;1.49904e-11;7.20627e-13;4.33983e-13;4.16653e-13;5.2747e-13;3.19804e-12;9.43723e-12;1.84372e-11;5.74387e-13;7.92044e-11;5.35395e-12;1.12618e-12;2.72572e-15;8.4921e-15;1.49854e-13;9.28086e-14;5.94516e-11;1.10499e-13;2.60601e-12;6.03139e-15;3.03743e-13;2.10517e-15;2.06843e-14;2.21968e-13;1.23602e-13;8.93512e-17;1.46902e-15;4.83069e-14;5.87301e-15;2.12838e-13;2.21297e-13;6.07901e-15;2.25488e-14;7.72712e-13;9.28931e-13;1.36741e-11;3.15415e-12;1.11554e-14;4.02581e-13;1.3868e-14;1.18437e-10;1.46594e-13;2.27133e-16;2.98577e-14;2.59352e-15;3.27277e-13;7.24309e-12;7.40876e-12;3.23928e-12;7.63853e-13;8.89331e-13;1.49803e-12;1.41648e-11;1.14465e-09;3.36984e-11;5.52432e-11;5.59002e-14;8.85397e-12;9.65931e-13;1.20977e-13;1.2197e-12;6.09351e-13;4.53183e-13;7.53238e-12;8.44213e-13;7.12174e-11;7.67652e-12;1.73045e-11;1.18124e-10;5.62814e-11;1.33532e-12;3.622e-13;9.51034e-13;2.62506e-10;2.26247e-12;1.0778e-12;2.85537e-12;3.31374e-11;2.25885e-12;4.43568e-12;1.06886e-12;1.45885e-14;1.25359e-15;4.63298e-11;1.86095e-13;2.58351e-12;8.42874e-13;1.56077e-10;8.91752e-14;1.55837e-12;3.45926e-12;1.77613e-10;1.47681e-13;6.32547e-17;6.17405e-11;5.34139e-12;2.65867e-12;1.02389e-10;3.6945e-11;3.02753e-13;2.16167e-09;4.17126e-13;1.08862e-13;9.0261e-14;2.12746e-11;9.56616e-12;1.16834e-11;2.38251e-13;2.73403e-11;1.30344e-11;2.65935e-12;4.92352e-12;4.0398e-13;1.06144e-12;8.33439e-15;3.76484e-12;4.27312e-14;2.22588e-12;2.57849e-10;8.49441e-12;1.25629e-11;1.18286e-09;1.50533e-13;4.51829e-11;3.24157e-12;8.193e-12;1.23199e-12;2.59183e-12;3.06136e-11;1.60345e-12;9.82714e-13;9.75044e-11;1.52043e-10;8.21282e-15;6.75518e-15;3.27709e-10;4.17087e-15;1.85208e-13;3.0346e-13;7.21511e-14;7.86447e-14;2.92969e-13;8.49301e-13;3.98876e-11;1.08861e-14;1.65023e-13;7.32319e-13;1.26661e-14;6.06252e-13;3.35701e-11;4.55147e-12;4.43795e-10;1.61586e-15;2.05219e-15;1.35662e-15;3.11308e-14;1.82604e-13;3.14131e-14;3.14396e-13;3.89434e-14;1.44981e-12;2.17187e-13;1.43083e-10;7.16174e-14;1.27878e-15;9.00873e-15;1.31788e-13;2.56099e-14;9.73004e-14;5.05383e-12;1.51266e-11;3.83797e-12;9.24216e-14;2.39069e-14;2.74517e-12;9.68761e-14;6.25825e-11;3.85734e-12;1.32867e-10;8.13218e-18;3.57263e-13;2.68103e-12;5.10649e-13;3.71184e-13;2.2353e-13;5.5894e-15;7.46377e-13;1.17637e-13;7.25272e-19;5.88424e-15;2.02383e-11;5.74241e-13;3.26178e-11;6.91072e-12;5.01876e-12;3.05767e-12;1.22593e-14;5.6763e-11;3.73206e-13;1.53199e-16;5.6491e-11;2.28698e-14;4.58677e-12;1.06089e-15;5.2195e-11;6.73667e-15;6.34286e-16;1.38761e-12;2.60863e-11;1.47928e-13;7.07669e-15;1.41793e-12;4.50485e-13;1.07982e-16;2.36969e-12;6.4405e-14;7.33679e-12;1.89504e-14;1.04962e-09;4.90025e-14;2.8517e-10;1.95079e-13;7.44361e-13;2.12456e-13;6.01046e-13;4.07853e-12;1.36756e-15;2.52369e-12;1.59814e-12;2.32945e-12;3.92848e-13;9.90183e-13;4.13965e-11;2.69215e-14;1.15749e-08;1.56778e-14;1.61709e-14;7.3136e-13;4.73668e-13;3.27075e-10;4.84298e-14;1.88295e-13;2.74313e-14;8.12792e-15;1.03604e-14;3.01652e-17;4.02037e-13;1.66631e-12;3.37965e-13;5.83215e-15;1.58675e-12;6.75293e-13;9.9037e-12;8.0501e-12;1.99585e-12;1.54257e-11;6.50777e-17;8.44959e-14;5.99748e-12;1.15215e-13;9.71933e-15;1.32391e-12;1.69577e-12;2.99176e-15;9.45128e-14
1.51915e-09;2.71942e-11;5.7461e-11;7.96975e-14;7.07105e-13;1.48882e-11;5.9236e-12;3.99563e-11;1.22122e-11;6.76192e-10;1.70564e-12;2.86454e-09;9.33716e-11;2.8623e-11;1.83079e-10;1.35456e-09;9.95058e-10;1.21887e-11;2.3656e-09;2.41367e-09;1.01468e-11;1.10769e-11;3.71645e-11;2.19448e-10;3.95472e-09;3.55612e-12;1.31514e-10;4.45799e-11;7.68061e-13;3.18349e-11;7.2619e-10;9.52452e-14;8.49391e-12;3.09795e-10;1.96232e-11;3.36676e-11;6.44986e-11;6.55904e-11;1.13403e-10;2.11212e-10;3.19575e-12;3.5511e-12;3.69097e-13;2.30364e-11;6.85221e-13;1.0414e-12;1.75021e-12;1.29221e-12;7.78637e-10;6.89644e-13;1.21614e-12;2.87939e-11;4.53792e-14;7.5875e-13;2.78828e-11;8.18736e-10;4.24998e-13;3.51709e-12;1.97342e-10;9.40433e-11;2.18338e-09;9.98511e-09;8.12504e-12;8.88571e-13;3.1485e-10;2.26591e-10;1.55176e-10;3.40127e-11;9.40918e-14;4.38834e-11;7.02448e-12;2.09378e-11;6.64735e-10;1.01616e-13;2.00543e-13;4.98876e-12;1.27289e-11;6.27687e-12;2.11126e-10;4.70953e-14;1.24956e-06;2.97609e-08;1.67503e-07;9.30598e-07;0.999797;9.59585e-06;4.0025e-06;0.000186263;2.46888e-08;2.10322e-10;8.25356e-12;3.57121e-11;7.36312e-12;4.81817e-10;2.62358e-11;4.25676e-13;4.60734e-12;1.05761e-12;4.23454e-12;2.00473e-14;7.18684e-12;1.52244e-09;1.03281e-10;6.89999e-12;1.33466e-13;1.82269e-15;4.03713e-11;4.68916e-12;1.95523e-11;3.84421e-12;6.0133e-13;7.57953e-13;1.11655e-13;6.41059e-12;1.09591e-11;1.75802e-13;2.08566e-11;1.13089e-14;2.04153e-11;1.18966e-11;4.20007e-11;7.30969e-14;7.00315e-13;1.39988e-13;1.15637e-13;4.28282e-12;2.05018e-13;5.08255e-10;6.44502e-15;2.87724e-13;2.88798e-11;6.59187e-11;5.25237e-11;4.65328e-11;2.15026e-11;1.45499e-08;4.59987e-12;7.02742e-11;1.46885e-10;1.5525e-10;2.58496e-11;3.56178e-13;1.7177e-11;1.27467e-11;7.32323e-14;2.07816e-11;5.64767e-13;1.15759e-10;1.36107e-13;2.35773e-11;2.37689e-09;3.89223e-11;3.46876e-10;3.45307e-11;4.00322e-11;1.40654e-10;7.13445e-13;5.56685e-10;1.27364e-12;3.92277e-12;3.50001e-11;5.31757e-11;1.05348e-12;1.34123e-12;1.13427e-11;6.656e-15;2.68982e-12;4.85864e-12;3.03009e-13;1.36928e-10;4.22617e-11;7.67788e-11;1.26062e-10;1.15688e-08;1.06238e-06;3.57597e-11;3.39736e-13;1.0787e-12;1.23004e-10;4.50134e-12;1.11473e-12;1.32427e-09;1.273e-11;3.91318e-13;7.10027e-10;1.94808e-12;2.16227e-12;4.06648e-14;1.6015e-11;2.47574e-11;1.27679e-11;1.73749e-13;6.48907e-11;6.43597e-10;1.69026e-12;7.82845e-09;1.18934e-13;1.51959e-10;2.28559e-12;4.23839e-11;1.10602e-13;1.32546e-11;4.13923e-11;4.62164e-11;5.13709e-13;1.94146e-11;3.28665e-13;5.53544e-10;8.02923e-12;6.27593e-11;3.82024e-13;1.78823e-12;4.782e-11;2.27828e-11;6.1956e-14;5.13069e-12;5.69383e-11;1.63197e-12;2.36883e-13;8.12525e-13;1.1256e-11;2.13796e-12;3.55042e-12;3.14441e-13;6.27759e-12;1.39834e-11;4.55376e-11;1.27144e-10;3.87094e-10;6.96513e-09;3.68019e-12;3.02544e-12;1.48059e-14;9.06679e-12;7.05697e-12;2.05072e-13;1.74644e-12;3.54556e-16;9.32167e-16;5.48383e-12;9.31194e-13;2.4137e-14;2.21113e-12;1.85633e-15;6.11204e-11;1.28115e-12;1.48943e-10;5.14061e-10;5.57847e-11;2.42048e-11;3.02778e-13;3.79125e-12;3.11803e-11;1.56841e-10;4.71746e-09;1.23597e-11;5.84315e-10;2.77486e-11;1.27104e-11;6.52227e-13;1.17549e-11;7.05245e-11;1.13342e-11;3.17458e-09;2.60837e-16;8.49583e-11;1.57279e-11;7.30155e-12;1.3694e-09;1.99851e-15;1.96868e-11;2.84258e-13;4.74113e-18;2.94531e-14;3.36324e-12;6.08766e-12;3.73311e-11;1.20147e-11;6.25894e-16;2.16663e-10;2.11397e-12;3.53118e-12;1.25267e-11;8.1132e-17;2.57399e-13;7.87645e-11;1.00687e-11;3.67147e-15;9.74434e-12;3.90038e-13;1.91525e-13;1.65863e-10;6.62051e-17;1.80825e-13;1.28697e-11;5.1132e-11;1.04077e-11;5.62263e-15;5.56702e-10;2.53455e-11;7.75854e-12;6.98999e-13;1.21447e-11;2.66494e-12;7.86968e-09;3.64129e-09;1.08189e-15;1.37977e-11;5.40784e-12;1.08089e-12;3.05189e-15;4.67703e-12;1.96197e-14;1.10262e-10;8.16001e-13;7.89122e-12;2.60599e-10;1.86436e-11;8.90863e-11;2.70338e-09;1.07992e-13;6.0028e-12;7.46689e-13;3.65434e-18;6.15274e-12;8.68104e-11;2.88702e-09;2.42717e-12;3.69259e-12;4.13346e-11;1.90893e-12;1.46255e-11;2.3626e-11;9.24201e-10;7.83039e-11;2.23467e-12;2.20426e-10;4.05886e-13;8.25865e-12;4.48725e-12;2.31508e-10;2.57377e-11;1.30021e-13;1.87374e-13;1.09145e-12;2.13471e-11;4.17159e-09;1.07353e-12;8.76451e-12
1.83045e-12;2.64991e-12;8.02423e-13;1.46216e-12;2.55009e-14;8.01724e-11;3.45029e-10;5.721e-09;1.86831e-11;4.07338e-11;8.81279e-13;5.75343e-11;2.34756e-08;3.10872e-11;3.7617e-11;6.50434e-09;3.30404e-11;1.09239e-11;2.23489e-10;9.72734e-10;1.24293e-11;5.6388e-14;2.60817e-11;2.77334e-15;3.34002e-12;6.08785e-12;2.73968e-12;4.72439e-11;1.29165e-13;1.01392e-12;4.10104e-11;1.95665e-12;1.25387e-12;2.38933e-15;8.28045e-10;4.41502e-11;2.55585e-11;3.87719e-10;2.15583e-12;2.40647e-10;1.09204e-10;1.24826e-12;6.98241e-11;2.40052e-10;3.61882e-15;3.18824e-11;6.67087e-13;1.12826e-13;8.43609e-11;1.14016e-11;1.56963e-12;5.13375e-14;8.00618e-14;3.79476e-11;4.13764e-11;4.51067e-10;1.50729e-11;1.59305e-13;4.19694e-11;1.08002e-10;2.71686e-10;2.31e-11;6.17436e-10;1.60954e-11;5.14421e-11;3.35178e-10;2.39359e-11;2.78545e-11;1.85908e-13;5.59233e-12;3.11743e-11;4.15675e-13;7.1414e-09;2.62344e-10;1.26994e-08;3.67326e-12;2.15904e-12;7.39377e-11;1.15375e-10;3.31591e-11;5.22381e-10;9.23541e-14;5.26371e-12;1.67905e-10;2.45808e-12;1.32783e-12;1.3557e-10;1.26153e-07;8.90553e-11;1.1967e-11;4.53014e-12;3.38048e-11;4.21709e-11;3.73287e-14;3.42125e-09;4.50867e-14;4.02045e-09;3.65335e-11;2.96231e-10;8.77348e-14;1.50696e-11;1.04122e-07;1.20957e-11;6.05882e-12;9.78265e-13;3.08541e-12;5.1638e-11;3.72553e-11;9.6585e-11;4.75e-13;4.10182e-11;3.8928e-09;3.24454e-15;1.1825e-11;2.24011e-12;5.70106e-15;1.52517e-10;1.29265e-15;3.99593e-12;1.50197e-11;1.8613e-12;2.9392e-11;1.066e-12;1.54139e-15;7.8244e-14;7.72905e-13;4.99555e-13;1.77553e-10;2.432e-15;9.56887e-11;5.68546e-13;1.38945e-11;3.00982e-10;2.86939e-15;3.09202e-12;1.00777e-09;1.96305e-12;2.56839e-11;3.21655e-11;2.73221e-09;7.6505e-11;9.48793e-11;1.15949e-07;5.20864e-12;1.00809e-12;3.51855e-10;2.34532e-12;5.92014e-12;2.26792e-12;1.56367e-13;3.83084e-10;1.06356e-11;1.57843e-10;8.85374e-14;3.70931e-11;6.95863e-12;3.12273e-13;4.92995e-10;8.95297e-13;3.39304e-12;2.78453e-12;8.09192e-10;7.68253e-11;5.02858e-08;2.08871e-12;4.6102e-10;1.35558e-11;8.81881e-11;1.107e-11;8.49147e-11;1.47271e-12;2.72892e-11;2.69451e-10;2.03294e-08;1.12554e-08;8.23507e-11;9.83384e-10;9.34658e-13;1.88443e-10;8.55315e-09;2.50481e-12;6.84603e-10;5.6488e-10;3.75759e-12;2.71343e-08;9.59745e-12;3.16857e-10;4.12575e-13;3.72038e-10;5.21777e-11;2.20042e-10;2.11486e-13;1.29202e-11;5.44934e-11;1.09363e-12;9.86368e-10;2.55735e-13;3.72874e-10;3.12707e-12;1.26077e-09;5.92201e-13;3.30685e-13;8.98593e-13;4.70343e-11;1.55733e-14;2.9603e-11;1.22588e-13;3.45824e-11;1.2933e-11;1.39868e-11;1.75218e-14;2.39668e-11;5.28149e-11;3.98951e-10;7.86835e-14;1.69035e-12;3.86582e-11;3.10328e-13;2.4149e-13;8.70818e-13;3.80935e-08;2.10968e-11;4.18586e-11;8.51887e-13;8.15542e-11;2.21881e-12;1.11658e-11;4.81836e-10;7.28508e-12;1.89012e-10;4.35419e-11;6.55444e-09;1.67967e-14;1.18283e-12;1.88232e-11;1.13235e-13;1.97262e-14;1.4106e-14;5.57079e-11;8.70746e-13;3.45194e-12;6.78543e-13;2.45213e-12;2.53279e-13;3.61411e-12;2.3319e-14;3.43849e-12;2.96318e-12;5.17339e-14;7.18907e-12;4.4313e-13;1.62224e-09;8.58487e-11;6.54092e-10;4.96117e-08;7.0824e-10;2.28163e-10;3.83882e-10;4.80869e-12;6.40337e-13;2.02072e-13;4.3621e-12;8.92033e-16;2.68446e-16;1.00566e-09;2.73871e-07;1.77705e-12;3.35459e-12;2.93335e-11;1.47033e-14;3.13126e-11;4.14944e-12;6.00407e-14;2.75998e-16;2.51903e-15;2.07594e-13;1.48162e-17;6.1233e-14;1.98235e-12;3.05496e-15;4.32142e-14;3.29022e-12;4.68885e-10;1.39593e-16;1.61188e-10;1.67382e-10;8.91284e-07;9.63349e-11;2.53006e-09;4.56944e-07;1.09912e-07;2.28198e-07;9.24012e-06;0.999969;1.28311e-08;1.11054e-06;1.11595e-07;1.6289e-08;1.00946e-06;1.72246e-05;2.16441e-12;1.29265e-16;1.87397e-13;4.26804e-14;3.99083e-16;7.92624e-11;3.15892e-19;1.0225e-13;2.66268e-13;1.3363e-13;3.43836e-16;2.61676e-12;9.61982e-16;8.26048e-12;2.87628e-13;7.36709e-13;3.17173e-11;1.94428e-13;5.92572e-13;6.04184e-17;6.16506e-09;9.29026e-12;1.39454e-10;1.72009e-09;3.11614e-12;2.18977e-11;9.36742e-17;1.25157e-10;6.28674e-12;2.94527e-11;4.25731e-13;9.7992e-12;2.27817e-10;1.96199e-12;1.30019e-11;3.28796e-10;3.36072e-11;1.11085e-17;1.01098e-12;4.89619e-11;6.69424e-13;3.25252e-10;7.56737e-14;3.25337e-12;2.16028e-15;2.56315e-13;4.27232e-10;8.29853e-13;6.59094e-13
4.80177e-10;7.78209e-14;5.75859e-13;1.43254e-10;4.08283e-14;3.84782e-13;2.00304e-10;5.10323e-12;2.49683e-11;8.62336e-11;2.1126e-11;6.67144e-13;1.94685e-11;3.99541e-10;1.4809e-10;2.30767e-10;7.83326e-10;5.61075e-11;3.28018e-11;1.78502e-10;1.63104e-13;5.66614e-13;1.82932e-11;4.20882e-12;4.73906e-12;3.62724e-09;5.53922e-14;3.17021e-12;1.124e-12;2.48958e-13;2.07659e-09;6.26096e-12;1.52935e-13;1.32763e-06;9.11885e-15;6.4706e-12;4.2468e-12;1.23414e-10;1.55152e-11;9.38937e-15;9.81155e-11;4.07327e-15;4.31478e-14;8.20661e-11;8.66362e-15;8.05828e-12;4.11923e-10;5.06934e-12;2.09445e-12;9.90066e-11;1.98689e-15;5.12418e-12;5.2019e-10;4.29264e-13;1.58181e-13;3.6064e-10;1.55137e-10;2.50026e-11;2.34603e-10;3.80597e-08;2.80806e-09;4.8466e-11;1.07424e-07;5.15333e-11;1.60492e-11;2.63015e-10;1.93909e-11;4.18883e-10;2.02783e-12;4.89459e-11;1.50192e-09;3.27228e-14;6.99265e-13;6.22976e-09;3.41545e-12;3.71713e-12;5.01259e-12;2.00716e-12;2.01087e-11;1.176e-10;3.6072e-11;1.70933e-12;5.20226e-10;1.36989e-10;2.66222e-14;1.33969e-13;8.37032e-10;4.85145e-16;8.56731e-11;1.39151e-10;4.97836e-11;6.61747e-10;1.74246e-11;1.72461e-13;9.42269e-11;9.57504e-11;2.46429e-14;7.93329e-11;8.25362e-10;1.09094e-07;4.85182e-07;1.37829e-05;9.45314e-06;1.26568e-06;0.999966;6.18394e-09;1.11615e-09;1.33989e-09;1.41008e-09;2.25274e-06;1.79853e-07;4.14746e-06;8.79836e-12;4.94068e-12;3.24261e-11;1.19938e-13;5.84451e-12;7.9742e-11;5.37048e-12;2.33949e-13;1.20232e-12;5.81468e-11;4.85165e-12;8.1172e-14;4.21647e-13;1.64926e-10;1.46659e-15;2.99716e-11;1.97305e-08;1.68818e-15;4.66967e-13;1.70723e-11;7.12411e-10;6.63918e-15;1.37786e-13;4.91422e-10;4.33565e-12;9.25878e-13;1.59192e-10;3.11275e-14;1.14461e-11;3.85924e-09;9.84566e-14;1.82202e-12;6.67374e-15;3.47835e-11;6.53803e-12;2.43986e-12;9.78473e-13;2.67874e-13;2.17656e-09;8.08645e-16;1.00571e-12;5.55066e-07;1.08737e-14;1.16253e-12;8.18928e-14;9.85202e-12;1.97548e-11;3.21627e-12;4.73926e-12;2.27416e-10;2.92905e-12;3.21268e-11;7.22604e-10;5.89892e-13;6.85694e-14;1.71412e-11;1.82717e-09;1.19977e-11;8.79609e-11;4.25379e-11;3.77262e-09;5.24168e-14;1.59945e-11;5.02825e-08;1.35223e-12;3.87198e-13;2.98661e-12;2.43899e-11;2.69508e-12;1.54484e-11;3.74785e-09;2.92259e-12;1.92737e-10;3.72546e-08;1.05277e-13;6.59459e-14;9.13928e-12;8.93243e-12;4.02088e-10;1.65404e-11;1.22287e-10;4.09088e-08;1.09415e-10;8.75196e-10;3.16247e-09;4.21173e-13;1.29045e-12;8.18695e-11;2.72984e-10;1.24289e-11;8.19163e-11;8.85292e-09;1.26521e-12;2.59164e-11;2.32416e-07;2.90568e-10;6.56487e-12;1.42572e-11;7.08978e-13;4.6879e-12;1.76617e-10;5.01604e-12;7.80793e-14;1.36567e-13;4.82255e-10;1.0756e-16;7.0012e-13;1.61872e-10;3.62536e-16;3.70568e-11;2.49377e-12;5.94908e-12;1.51465e-11;2.71711e-10;1.12765e-09;1.34642e-09;3.69093e-11;4.34322e-09;5.93393e-09;4.44016e-11;2.50809e-14;5.97084e-11;8.30089e-10;5.95783e-16;4.89515e-13;2.47483e-11;6.2619e-16;2.42727e-13;2.12251e-13;2.51377e-14;5.96788e-12;6.13936e-11;1.77052e-11;3.82395e-12;1.49915e-11;7.49543e-10;9.95433e-13;3.31042e-12;5.59919e-08;1.01266e-12;2.38187e-12;1.81021e-12;5.43835e-10;4.77114e-13;6.26475e-11;8.15134e-10;1.27158e-11;8.24458e-12;2.21068e-12;6.7796e-10;1.81848e-12;1.06857e-12;3.07083e-10;6.45502e-12;1.61515e-11;3.13704e-12;4.95651e-11;5.49781e-14;2.7593e-11;2.65273e-09;5.53851e-17;1.05963e-12;1.83585e-14;7.43149e-09;1.36914e-14;3.30913e-10;1.02074e-07;5.70093e-18;6.14815e-14;2.88547e-13;1.17598e-12;9.38188e-17;4.35179e-12;2.92137e-11;4.75932e-12;1.15859e-12;7.64022e-13;7.18803e-09;2.89446e-12;2.01013e-16;7.72187e-12;2.00332e-14;1.65865e-11;2.17007e-10;4.09857e-11;1.84507e-14;4.99803e-14;1.67306e-11;5.74057e-12;2.70713e-15;5.04326e-12;7.3519e-11;1.43375e-13;7.20245e-14;3.85042e-13;4.98422e-17;6.38878e-13;6.92674e-12;1.66001e-18;2.64473e-14;6.03493e-13;1.2573e-11;2.89966e-14;5.15164e-13;6.25174e-11;3.30949e-16;8.79371e-15;1.66975e-11;6.18713e-15;8.81431e-11;7.42542e-09;1.19713e-10;7.75984e-12;1.24464e-11;2.0869e-12;5.76074e-13;3.20827e-10;1.15452e-17;2.0455e-11;5.61692e-12;1.77048e-09;9.70466e-12;3.15957e-10;4.439e-09;4.41123e-11;1.14447e-11;3.40285e-11;1.93194e-10;1.02838e-14;1.15095e-14;4.21494e-10;1.0388e-14;3.70191e-14;1.11867e-12;8.34545e-11;5.85531e-13;3.04317e-15
8.26345e-09;4.22477e-13;1.95613e-14;2.36913e-09;2.39851e-11;2.08301e-12;1.27963e-11;1.93827e-11;1.00637e-11;5.36801e-12;1.11534e-13;6.11212e-12;7.78589e-15;2.41832e-11;2.14968e-11;1.82817e-12;1.25077e-10;4.79099e-12;1.46168e-14;3.93103e-10;9.97366e-12;1.24392e-12;1.17875e-10;1.03127e-10;1.36989e-12;1.05699e-10;1.24922e-12;7.42337e-12;1.49968e-14;4.86437e-13;7.38233e-08;2.91254e-13;1.11981e-15;1.00025e-12;3.00512e-16;1.47142e-11;8.30112e-12;3.06883e-12;8.41201e-12;1.93422e-14;1.8107e-08;1.34544e-13;8.88822e-16;1.45507e-11;3.53106e-13;1.90946e-14;8.0783e-13;7.06014e-12;7.54282e-13;8.57504e-12;2.24741e-19;1.01304e-15;9.78553e-11;2.49059e-15;1.28752e-15;2.93209e-13;1.32961e-11;1.66088e-11;2.29225e-10;1.02048e-08;2.83537e-12;1.664e-11;1.47974e-10;8.44387e-13;8.50568e-12;6.37143e-10;1.23591e-11;9.56953e-12;9.14449e-13;5.64968e-13;1.47198e-08;1.08574e-13;2.57197e-14;3.83343e-08;2.04389e-17;3.06263e-12;1.15079e-11;6.92932e-12;8.08552e-12;2.48768e-12;6.38453e-12;3.03489e-12;1.71053e-10;1.41067e-09;1.76161e-12;6.21107e-11;6.3072e-09;1.66484e-15;1.58195e-11;1.42994e-11;7.26672e-12;1.51206e-11;5.51139e-12;2.51174e-09;2.70748e-13;1.85004e-15;2.5681e-16;2.61429e-13;1.7722e-11;1.60595e-13;3.48997e-12;5.30027e-10;3.37156e-10;1.12784e-15;1.82337e-12;4.87485e-13;1.83631e-13;2.12342e-11;2.02121e-11;9.59074e-15;3.82367e-14;3.26261e-11;1.89767e-12;1.09887e-10;1.90061e-10;5.34949e-11;2.83888e-15;2.61048e-11;2.03932e-14;7.89971e-09;7.68037e-12;5.2469e-09;2.50666e-10;8.87671e-09;4.37659e-11;1.12027e-05;0.999925;2.01104e-11;6.26374e-05;2.26212e-08;8.69835e-10;1.63849e-09;2.86705e-09;3.77496e-07;2.42531e-10;3.13984e-07;6.26727e-12;6.88687e-12;1.83335e-10;2.13692e-13;1.37534e-11;3.8362e-13;5.12715e-13;1.43506e-12;4.49488e-14;1.03173e-10;5.25481e-11;3.57672e-13;3.42981e-13;1.15573e-12;6.11702e-10;1.28772e-14;2.76682e-13;2.40393e-11;4.59975e-18;3.69573e-13;1.30448e-14;1.97728e-13;3.68052e-13;1.33466e-12;1.75837e-12;1.1481e-10;3.30965e-15;5.97333e-11;2.80245e-12;6.40342e-16;5.83079e-15;2.22804e-10;6.9339e-11;5.04441e-12;4.82108e-11;6.52248e-10;6.897e-10;2.14671e-10;1.30872e-10;1.29563e-08;8.36211e-14;1.04382e-13;2.65111e-10;2.59856e-12;3.69504e-13;4.41229e-12;1.04327e-10;3.2746e-09;2.57028e-14;7.28576e-11;4.13907e-16;4.17103e-13;6.32741e-14;7.58977e-12;8.83325e-11;3.84099e-12;2.04766e-11;1.38787e-09;3.5357e-11;1.42747e-13;1.90792e-11;6.2629e-13;1.38281e-12;3.31063e-12;1.0422e-10;6.71223e-12;4.65639e-10;4.67901e-09;1.32985e-10;3.92715e-09;4.41882e-12;4.41434e-13;3.90572e-12;1.97132e-12;1.54768e-12;3.26019e-11;2.25662e-11;3.75477e-13;3.5475e-14;1.7772e-09;3.41874e-11;3.89307e-12;6.34515e-19;3.20713e-10;8.59626e-18;4.26043e-11;3.73464e-12;1.36725e-12;6.37257e-13;5.20714e-11;1.89712e-09;4.33302e-11;1.83814e-09;2.33951e-14;1.27184e-11;1.97041e-16;8.84158e-14;6.93679e-12;4.2154e-09;1.02455e-14;8.08128e-16;5.57312e-14;1.71301e-15;1.38399e-11;1.69703e-12;2.5409e-10;3.91277e-13;7.73642e-12;1.34539e-11;6.09252e-14;7.09263e-11;1.93305e-09;1.02542e-12;5.1331e-15;9.2861e-12;3.44572e-17;4.05681e-13;8.22949e-13;4.1535e-12;8.15538e-13;1.02463e-14;1.62751e-12;7.36263e-11;3.92759e-13;3.93357e-12;1.19181e-09;4.85592e-10;5.10147e-16;8.91358e-11;8.72823e-15;8.15315e-12;9.25621e-13;7.38056e-13;8.01764e-13;4.51965e-13;3.21766e-12;1.91588e-21;9.37889e-17;3.03073e-14;8.50623e-11;2.51665e-17;3.69919e-17;5.02024e-13;5.31056e-16;1.57427e-13;1.22873e-13;7.21803e-14;1.82882e-20;6.53947e-13;5.6584e-13;2.41326e-13;2.08757e-15;1.98102e-14;1.67773e-11;3.50741e-16;7.51847e-17;5.91811e-14;8.1073e-19;5.32121e-12;2.38218e-10;1.35206e-12;2.34065e-14;2.56865e-12;2.54548e-13;6.66061e-12;4.52348e-15;3.07037e-13;1.77e-09;1.19329e-11;2.20339e-15;5.62639e-14;4.404e-19;9.62154e-13;5.5121e-11;8.04597e-16;5.02436e-13;1.38095e-14;2.76999e-12;1.5319e-14;1.16154e-14;4.99114e-11;1.67493e-15;1.05831e-17;3.15025e-11;6.73531e-19;3.84252e-13;6.26894e-12;1.78633e-14;1.53235e-11;1.90684e-11;1.03705e-12;2.88326e-13;5.25592e-13;1.44682e-20;1.00025e-11;2.14383e-10;1.55793e-09;2.11197e-09;3.46433e-10;2.94948e-09;4.04009e-10;3.88122e-12;1.71917e-11;8.03404e-12;1.71116e-15;9.37291e-17;5.95585e-13;1.27968e-14;1.37807e-13;1.22232e-12;3.47288e-10;7.1061e-12;1.21104e-14
5.64115e-10;1.6837e-15;2.51355e-14;1.14155e-12;6.79947e-13;3.48263e-14;1.74933e-13;1.1538e-11;1.6707e-11;3.65516e-12;1.94539e-13;1.27691e-12;8.26672e-14;2.7272e-12;1.90155e-10;1.6856e-13;4.98599e-12;1.83927e-12;9.6317e-13;1.9036e-11;8.6257e-15;3.51143e-13;2.74174e-11;5.36458e-11;1.08591e-11;4.28977e-13;1.28845e-11;1.97127e-14;9.08407e-12;1.07071e-12;3.90072e-07;1.82393e-08;1.5035e-09;8.46557e-07;1.16932e-07;6.53916e-10;7.80877e-10;9.35653e-10;7.20053e-07;4.19808e-07;0.999997;1.81625e-14;4.04064e-13;1.60773e-11;8.51663e-14;2.88803e-13;9.76938e-12;2.39961e-14;7.70919e-14;8.79028e-14;4.5127e-18;7.95614e-13;1.02914e-15;5.97437e-15;5.7474e-17;1.35074e-14;7.83463e-13;1.32031e-13;5.44386e-11;4.22042e-10;1.18366e-12;6.0248e-13;5.6177e-12;7.19015e-14;9.05545e-13;9.13016e-13;1.79582e-13;9.96098e-14;1.21383e-13;4.84788e-12;2.15899e-11;5.353e-15;3.31632e-11;7.37992e-13;8.8436e-11;4.27489e-13;8.53138e-13;1.47032e-12;4.86182e-13;5.3848e-13;1.59899e-13;3.16915e-14;9.23033e-12;7.48863e-12;1.83545e-14;2.63647e-12;1.00659e-12;1.11849e-10;5.77981e-13;1.4078e-13;9.16148e-12;3.99761e-11;1.14532e-13;9.40357e-13;2.20724e-14;5.52142e-13;1.43607e-14;1.46802e-14;6.91177e-13;8.87875e-14;2.28979e-13;6.31172e-12;1.10561e-11;2.94659e-14;4.37466e-13;1.53284e-13;2.41097e-15;1.62264e-12;1.84108e-11;1.32882e-13;6.94368e-13;8.32665e-14;2.4092e-14;8.83319e-13;1.33475e-11;2.15781e-13;1.3671e-16;2.83342e-11;8.71879e-14;5.32993e-12;7.57734e-14;1.03072e-13;1.25993e-13;4.29628e-16;6.65653e-15;2.01724e-12;3.63997e-13;1.07028e-14;4.44018e-14;7.14607e-13;1.91018e-13;3.4421e-13;4.20295e-13;5.56141e-13;4.57422e-14;2.20152e-11;3.34552e-12;3.63231e-11;8.9404e-11;2.0024e-10;1.79126e-12;1.26335e-13;1.32833e-12;1.60411e-13;2.6709e-14;4.65442e-12;1.34697e-14;5.04904e-13;3.37644e-14;6.55444e-14;3.36264e-11;1.71524e-13;1.46582e-09;1.33432e-11;2.00705e-15;2.95374e-13;3.62483e-13;1.7847e-12;3.90779e-13;2.52118e-12;7.11517e-12;7.80279e-11;4.97575e-15;1.73405e-14;1.58396e-12;3.41542e-11;2.71499e-15;3.1243e-12;4.09591e-12;2.14804e-14;7.9453e-13;3.12527e-11;4.50594e-12;1.79799e-14;8.13535e-13;2.02753e-11;5.35943e-14;1.15042e-14;2.44026e-13;1.05812e-13;4.59992e-13;2.35043e-10;3.9061e-12;9.41028e-13;5.23816e-12;8.5868e-10;1.86137e-12;2.3886e-14;1.86027e-14;6.60161e-13;2.36465e-12;8.14652e-14;1.92234e-12;1.43636e-11;6.68171e-12;1.70657e-13;5.21436e-15;9.12589e-12;2.86076e-15;6.37772e-13;1.43943e-13;4.76673e-13;4.72318e-12;9.92909e-11;1.68538e-13;3.2504e-11;7.85452e-13;6.72227e-12;2.18014e-13;1.34522e-12;1.14029e-12;1.23039e-13;4.41504e-12;2.28414e-12;1.27085e-13;8.85139e-12;6.68443e-11;9.60573e-17;2.00628e-13;9.45813e-12;3.28627e-12;5.61676e-13;2.703e-13;2.11438e-13;2.38549e-13;4.6308e-13;1.80079e-12;3.44728e-12;1.28505e-13;9.13391e-15;8.78619e-15;2.0335e-14;4.36779e-14;1.60529e-11;4.80755e-10;1.87811e-11;2.7485e-14;3.42259e-17;5.98819e-13;6.89183e-13;8.17716e-14;3.00025e-14;5.55569e-13;5.27556e-13;5.72363e-13;3.54699e-14;5.83209e-13;8.06076e-12;1.00016e-14;2.23447e-14;8.57403e-14;1.80667e-14;8.92145e-15;5.29739e-12;2.26859e-10;3.37817e-15;1.3789e-13;6.5153e-13;1.45689e-12;3.77249e-13;2.00706e-11;9.93334e-11;3.06721e-13;8.68711e-18;6.60373e-13;2.71889e-10;1.84557e-13;3.67322e-13;1.28448e-13;7.94335e-13;1.1134e-12;4.61776e-12;6.05603e-21;7.68754e-16;9.13365e-15;8.17848e-13;8.33094e-14;3.73186e-17;1.72206e-08;6.49968e-17;5.59383e-15;2.16495e-14;2.50523e-13;1.52047e-19;7.06877e-12;1.04116e-13;3.47777e-14;5.95421e-15;4.23058e-16;8.40416e-13;4.57593e-13;7.40171e-16;2.17556e-13;1.80016e-20;3.26239e-14;7.15318e-12;3.79921e-12;1.19499e-15;1.7674e-11;9.26584e-13;4.95425e-13;1.17541e-14;1.04485e-12;8.98329e-11;1.50023e-13;7.82469e-14;7.43847e-13;4.20187e-16;3.39087e-13;5.25159e-12;6.12437e-16;1.51476e-10;2.12852e-16;1.55549e-12;1.33868e-13;3.49051e-14;5.01541e-12;6.94779e-17;5.33278e-16;4.81694e-11;4.16124e-15;1.40308e-13;5.39242e-13;7.56062e-12;7.60391e-13;1.44571e-13;2.47525e-16;4.93175e-15;3.75408e-16;2.58291e-18;1.83065e-13;1.887e-12;4.67271e-12;1.50795e-11;5.30979e-12;1.7575e-12;5.32822e-12;1.12529e-10;6.2955e-13;9.81385e-12;8.15484e-17;1.39636e-15;4.74345e-13;4.22954e-15;5.61977e-15;2.78615e-13;2.7069e-10;2.01384e-11;8.45941e-13
3.36757e-06;5.99328e-11;3.77752e-10;3.30528e-07;1.2467e-10;1.78644e-11;4.14994e-10;4.91387e-09;3.91815e-08;6.49194e-09;5.15532e-07;4.87251e-13;1.45261e-09;1.11604e-09;2.36325e-08;3.59186e-09;1.01717e-09;4.06057e-10;9.20875e-10;9.01699e-06;1.02123e-10;4.79516e-10;5.35371e-10;1.30477e-08;2.31364e-08;9.47692e-09;3.87973e-08;1.76393e-09;3.83971e-11;4.67731e-10;1.63957e-05;2.37362e-08;6.46418e-14;3.59087e-11;3.94045e-11;5.00701e-11;2.12203e-09;1.53481e-09;2.12487e-10;4.30386e-14;3.22223e-08;3.17592e-08;1.43936e-10;1.33867e-07;1.63974e-11;3.19091e-10;3.93137e-08;1.28054e-10;7.61915e-11;5.82029e-11;3.38652e-10;6.3219e-09;1.67999e-12;5.22606e-09;1.88345e-11;1.09203e-08;7.33031e-11;2.23869e-10;2.00857e-08;4.35902e-07;3.92997e-11;1.90637e-10;3.03751e-09;6.57083e-10;9.91633e-10;3.65519e-09;5.15403e-10;5.57758e-10;1.11544e-10;7.01877e-09;1.46062e-07;6.87583e-12;7.1451e-13;9.72666e-11;2.88734e-09;7.06447e-11;3.07057e-09;6.18249e-11;2.474e-10;8.64029e-11;1.02865e-09;9.2374e-10;6.77529e-09;3.14226e-07;1.9356e-09;6.44027e-12;6.09317e-11;5.46162e-13;1.24844e-09;1.46031e-09;1.01984e-09;2.07597e-08;1.80456e-10;7.20829e-09;4.07919e-11;6.84067e-11;2.27458e-11;5.58314e-12;2.84091e-10;1.91439e-09;1.74046e-09;4.90157e-08;4.32756e-09;3.99046e-11;9.29684e-10;2.09261e-09;4.10481e-12;5.9738e-10;7.21658e-10;1.72508e-13;8.98282e-15;5.37406e-11;2.66655e-11;1.3012e-09;1.81621e-08;4.2293e-12;3.81822e-12;7.33978e-13;1.04274e-08;7.81578e-09;1.30896e-10;3.62768e-11;5.88583e-12;2.07538e-12;1.39374e-11;4.39062e-08;2.05579e-09;1.98917e-12;2.03179e-12;5.08946e-11;7.41509e-11;5.07682e-11;5.91734e-10;2.22541e-10;3.59045e-14;2.49803e-09;3.22023e-09;2.82207e-08;9.44999e-08;1.38822e-11;3.63866e-09;1.79538e-11;6.69562e-09;4.18477e-11;1.77088e-11;2.51233e-10;4.26936e-10;2.27416e-10;3.17832e-11;4.79589e-10;5.49561e-07;1.95983e-09;4.82894e-13;2.51655e-12;2.14257e-11;4.01931e-10;2.70604e-13;3.85003e-11;2.27965e-10;1.85966e-09;1.43692e-09;6.15532e-08;2.37499e-11;2.48465e-10;5.44549e-11;6.79413e-11;8.29485e-12;6.46911e-10;8.96007e-09;8.01191e-10;4.22081e-10;1.64129e-07;2.3996e-08;2.3434e-09;1.05774e-07;9.72435e-10;3.22761e-09;2.60815e-11;2.58326e-09;3.52351e-11;1.40012e-09;2.32316e-08;3.28428e-06;3.34792e-10;2.64872e-09;7.67456e-10;2.01246e-09;2.85474e-11;1.33257e-10;3.78345e-09;9.31808e-11;1.062e-12;2.11585e-10;7.2477e-09;3.64093e-11;1.12558e-10;2.65167e-11;5.45152e-10;4.51899e-13;1.63307e-10;4.97967e-11;1.26275e-09;9.43916e-09;9.32642e-07;1.95964e-09;2.84106e-08;1.91683e-09;1.36133e-09;4.35428e-10;7.06197e-10;6.01056e-11;1.7119e-10;4.55708e-09;2.69978e-09;1.45086e-09;3.86918e-09;5.23851e-06;3.23707e-10;5.40143e-12;2.1138e-10;2.98978e-10;5.7574e-10;1.48981e-10;5.81125e-11;2.09295e-10;2.45237e-10;1.18423e-08;6.52406e-08;7.25654e-09;6.76556e-10;3.02351e-11;6.08196e-10;1.11703e-10;1.83545e-08;1.02311e-06;8.11526e-08;9.97681e-12;3.50589e-12;2.82121e-11;2.94913e-11;3.58389e-11;3.23404e-14;2.00192e-10;6.36149e-11;5.15473e-10;1.17714e-10;8.05993e-09;1.10319e-07;1.01333e-09;4.90307e-09;5.60513e-14;3.80236e-11;9.29478e-12;2.88511e-10;1.09811e-07;4.1933e-12;1.32144e-12;3.50758e-11;1.9526e-07;6.5195e-08;2.45268e-07;1.12274e-05;0.999765;2.89624e-06;3.60717e-06;0.000135409;4.11565e-08;3.75645e-09;3.11933e-08;2.74362e-07;1.30198e-06;6.98006e-07;4.00342e-20;1.24581e-12;2.91644e-12;7.09861e-10;6.09839e-13;2.43969e-15;1.18018e-12;2.93384e-10;1.63555e-11;1.3212e-10;1.39586e-11;1.22454e-18;4.72581e-14;1.3658e-12;7.02115e-11;6.42977e-12;5.25178e-11;3.91011e-06;7.6552e-10;4.32574e-11;4.55787e-13;5.21156e-10;1.13327e-10;1.75042e-08;1.51325e-09;2.33797e-12;8.47555e-11;1.45138e-10;6.52483e-10;1.61641e-13;1.06004e-11;5.99266e-08;1.06908e-08;1.03757e-11;1.37832e-12;4.2357e-09;9.28178e-11;2.36952e-10;2.958e-13;1.28598e-10;1.35199e-11;2.81223e-08;2.08651e-10;1.4861e-09;7.01631e-08;3.36761e-10;2.04805e-11;1.06298e-05;1.30543e-10;4.36753e-10;1.06963e-08;2.03029e-05;4.62942e-10;8.11501e-10;2.01866e-12;3.90664e-11;1.39826e-14;3.95604e-12;5.87507e-11;7.2091e-09;1.25192e-08;2.05826e-08;1.91358e-09;4.23054e-09;3.54682e-09;2.37836e-10;9.07552e-10;8.38907e-10;2.48639e-13;1.23887e-13;2.6335e-11;8.03238e-12;4.80052e-11;2.60639e-10;3.8723e-07;1.95664e-10;1.36309e-13
5.53597e-09;1.06168e-11;5.91042e-12;2.03472e-09;6.6048e-10;4.32987e-11;3.07229e-11;3.90344e-09;5.362e-09;1.37552e-09;9.08844e-07;3.55696e-12;2.97573e-09;1.2127e-10;4.61792e-09;3.75418e-09;5.23959e-09;3.27052e-10;2.67374e-10;2.47089e-07;6.05936e-10;2.01117e-12;1.82453e-09;3.23487e-10;1.01826e-09;2.45859e-10;3.74563e-09;4.59785e-11;1.68782e-12;4.2004e-09;2.62737e-06;2.77453e-10;2.36479e-11;2.95e-08;8.20913e-12;3.957e-11;5.42299e-10;9.53228e-10;3.696e-11;4.93434e-11;4.78002e-08;1.0144e-08;8.81145e-12;9.41272e-10;1.25226e-10;5.55885e-12;2.47287e-11;5.72125e-11;2.50708e-08;2.36198e-09;2.58478e-11;1.06954e-07;8.56978e-12;1.98625e-11;3.53178e-10;2.99161e-09;1.07051e-09;1.09232e-10;1.78302e-09;8.08769e-09;6.11188e-10;3.67871e-08;3.13111e-09;2.11781e-09;5.88303e-10;1.09916e-09;1.16983e-09;1.34274e-09;1.20453e-10;4.66141e-09;2.51427e-08;1.68825e-09;1.68408e-11;4.11884e-08;4.71524e-13;2.91633e-10;1.21816e-09;6.70664e-11;5.81459e-10;2.97962e-10;6.33184e-09;1.69962e-10;3.43355e-09;1.38925e-07;3.89632e-07;1.64189e-08;2.69054e-08;8.51035e-12;2.64227e-09;3.56563e-09;1.34691e-10;1.36819e-09;6.0372e-10;2.85632e-06;9.9964e-10;4.19797e-10;8.79803e-12;1.97548e-10;1.28828e-10;1.06952e-10;7.64695e-10;5.77941e-09;7.42332e-08;5.83756e-11;1.15162e-10;2.52402e-09;4.82837e-11;4.63766e-10;1.10724e-09;6.74314e-12;3.39855e-12;9.62667e-08;1.81328e-10;2.6528e-09;3.38219e-09;1.61253e-12;7.96065e-11;5.98906e-10;1.35573e-11;9.5358e-08;9.78069e-10;6.17757e-09;2.87955e-10;1.4711e-13;1.80177e-12;3.70651e-08;2.71479e-09;2.4323e-12;7.33046e-11;1.01388e-11;2.15205e-11;1.51026e-10;9.43532e-10;1.1392e-12;8.32519e-12;2.19723e-09;8.10619e-11;6.51539e-10;6.28767e-09;1.43856e-10;2.87788e-07;1.02161e-09;2.20708e-08;4.09075e-11;1.92056e-11;4.89067e-09;2.44242e-09;5.81255e-11;1.73565e-11;1.5875e-09;1.21416e-08;3.79538e-08;7.43723e-09;5.02261e-12;3.49957e-13;2.51011e-10;1.21976e-12;1.41746e-11;5.05388e-11;3.73921e-11;2.17465e-10;1.88105e-09;9.72874e-11;2.72828e-11;4.31649e-09;4.32174e-12;2.25521e-12;5.67162e-10;1.55842e-10;1.14349e-08;7.58227e-11;1.52052e-07;2.73705e-09;2.60722e-08;2.20213e-09;7.01686e-08;1.30519e-10;2.76274e-10;9.11053e-09;3.10717e-10;2.00811e-11;2.52892e-10;4.73135e-09;1.75889e-09;3.78565e-12;7.08972e-09;3.76141e-10;1.58447e-11;4.23486e-11;4.19815e-10;1.5367e-09;3.12212e-11;8.2341e-10;1.9212e-08;1.11825e-10;3.51056e-09;2.20138e-09;1.7149e-08;1.73783e-11;5.55994e-10;1.03966e-08;6.16276e-11;1.53187e-09;4.78324e-09;5.70751e-09;3.06016e-08;7.97432e-10;3.67279e-10;3.50874e-11;3.0248e-10;1.36247e-10;4.91222e-10;4.30984e-10;3.17284e-10;4.31002e-11;2.67922e-09;4.4195e-09;1.37794e-08;9.08145e-12;5.82007e-10;2.78016e-11;3.68716e-10;6.43367e-10;1.22349e-10;4.49935e-10;1.11615e-10;9.19028e-09;4.82815e-08;6.50165e-08;1.4047e-09;7.07298e-09;2.38728e-12;1.89067e-11;2.01072e-08;5.8926e-09;3.12117e-09;6.84336e-13;2.66824e-11;9.49679e-12;4.55095e-11;7.02377e-11;6.65529e-10;2.46269e-10;4.19096e-09;2.52209e-06;1.07572e-08;7.56194e-06;1.45114e-05;0.999257;0.000680653;1.37193e-05;1.3713e-06;3.34922e-09;1.84893e-08;6.87205e-07;1.32985e-07;6.24795e-08;1.25165e-05;1.52154e-09;1.38201e-11;7.72678e-10;1.86716e-09;3.53621e-10;3.63556e-11;9.38581e-10;4.39036e-11;5.08984e-11;3.34802e-10;4.29298e-10;2.07103e-09;6.44617e-10;1.70822e-10;1.96897e-16;5.51865e-15;5.4069e-12;1.02369e-09;6.55986e-12;2.26274e-13;1.49996e-11;3.03748e-08;1.63951e-11;1.65703e-08;7.82609e-10;1.04581e-13;1.24304e-09;4.57318e-08;3.06965e-11;4.09028e-15;1.4845e-10;1.52813e-08;1.28181e-14;5.53246e-09;4.92322e-11;1.27418e-07;9.42453e-11;3.03236e-09;3.69627e-10;4.30918e-16;5.287e-12;9.43773e-12;1.78719e-09;3.37878e-13;4.48155e-11;2.58721e-09;8.62766e-12;5.21961e-12;5.10909e-10;8.70007e-14;1.47241e-11;1.04836e-09;1.06485e-10;8.68668e-11;4.35906e-09;9.36133e-10;7.79064e-12;1.44353e-10;4.56444e-09;3.01293e-09;4.01159e-09;2.5323e-10;5.16437e-10;2.5701e-11;5.60169e-11;2.92076e-10;7.06026e-10;2.18751e-08;3.25993e-07;3.5345e-11;6.2377e-13;2.40511e-16;5.20822e-12;1.89256e-09;6.08063e-10;7.54528e-11;1.18488e-09;4.19989e-08;2.33415e-09;8.96286e-14;4.04017e-12;3.38084e-10;7.16268e-11;7.00647e-09;1.13235e-09;1.35729e-11;5.57595e-12;9.20035e-11;8.21424e-09;1.6726e-10;2.1084e-13
1.6891e-08;2.1936e-13;7.95032e-13;2.27031e-13;3.40621e-12;2.55636e-12;1.65664e-13;3.40557e-11;3.42801e-11;1.34758e-11;1.76429e-12;2.83972e-11;1.06965e-09;4.7594e-12;2.31231e-11;3.52275e-10;6.26009e-11;8.39082e-12;2.71409e-09;8.72135e-11;3.27191e-13;4.53715e-12;7.78316e-12;1.1192e-10;7.36114e-11;8.32505e-11;5.26921e-09;5.85973e-12;2.74605e-09;6.15126e-08;5.02313e-08;3.03743e-05;7.31509e-06;2.60087e-08;0.99996;2.59766e-08;1.98203e-09;2.0348e-10;1.0985e-06;8.22915e-09;3.00346e-09;2.24268e-10;4.96111e-15;2.66733e-10;4.92138e-13;2.66006e-13;4.38598e-12;9.93803e-12;1.39098e-10;5.16843e-12;1.12084e-13;8.11576e-12;1.07919e-11;8.60199e-11;2.73405e-13;7.82595e-11;5.20764e-10;1.17572e-12;2.65036e-11;1.09389e-11;6.28868e-13;2.82598e-12;1.21874e-11;1.61984e-08;5.50253e-11;6.79575e-11;1.89501e-10;7.49237e-11;3.31772e-14;1.13429e-13;4.82653e-12;2.36171e-14;8.22555e-13;2.82815e-12;4.36052e-12;1.74469e-11;1.61746e-11;4.35884e-11;7.50952e-12;7.45276e-11;6.0278e-11;1.28365e-12;8.26432e-13;1.52428e-12;1.23458e-11;5.84345e-13;2.24676e-11;1.42186e-09;2.51123e-10;2.1677e-11;8.84398e-12;2.38992e-09;1.60545e-10;1.94571e-12;4.2924e-10;1.42805e-10;4.96057e-08;4.04225e-10;2.34232e-10;1.46974e-12;5.45351e-13;3.0216e-13;4.20214e-13;3.18359e-14;8.35824e-12;9.45661e-09;2.06023e-12;1.2842e-10;6.59745e-12;1.38926e-09;2.93057e-13;1.39816e-08;9.01228e-11;7.07466e-11;2.23198e-09;1.67274e-10;1.80843e-10;1.4524e-11;2.62874e-10;5.77515e-12;1.10753e-10;2.40517e-12;6.82019e-11;1.60438e-13;3.99491e-13;1.787e-12;2.49595e-14;1.56096e-12;4.70489e-14;2.08913e-07;7.19957e-11;1.75257e-10;2.1562e-11;4.09606e-11;2.92627e-11;2.78759e-11;3.95089e-12;3.26769e-12;2.86964e-11;7.26303e-13;3.65448e-12;4.62053e-11;4.6636e-10;1.59962e-10;1.26838e-10;2.72444e-11;1.72267e-10;1.92731e-09;9.26304e-12;1.30019e-10;1.08253e-09;1.12935e-11;6.7406e-11;1.91997e-10;8.32184e-09;5.89626e-11;2.22137e-13;2.8026e-12;1.9265e-09;1.64317e-11;1.77169e-11;1.14126e-11;1.45639e-13;1.42078e-11;6.92692e-12;4.97664e-10;2.36091e-12;5.05967e-12;1.08116e-11;8.07211e-10;1.07674e-11;1.09165e-10;2.05596e-10;2.33873e-10;2.23544e-10;7.03398e-12;1.32752e-08;1.25346e-11;4.14413e-09;5.67958e-09;8.62132e-12;3.44306e-12;7.95393e-11;2.98083e-11;1.48445e-11;1.38595e-09;4.57314e-09;3.12659e-10;2.53761e-12;2.67289e-10;1.49392e-11;1.17055e-12;4.45571e-13;2.78635e-12;2.88453e-13;9.12707e-12;8.85773e-12;1.30856e-09;3.96657e-10;3.10321e-12;1.16751e-10;8.30474e-12;9.56592e-12;3.64078e-11;1.15129e-11;2.87682e-10;1.56494e-10;2.67158e-09;4.02777e-11;1.5723e-11;9.36377e-13;6.33906e-11;8.95089e-11;8.11348e-11;2.82827e-13;3.31829e-10;5.39372e-11;5.00489e-14;1.0833e-13;1.28255e-11;7.53454e-09;2.1047e-11;7.76537e-11;1.13132e-11;1.69937e-10;1.94024e-12;2.56837e-11;4.69073e-11;1.20531e-15;4.99765e-12;2.64838e-12;2.62127e-11;2.61255e-12;1.75425e-12;2.30287e-10;1.12578e-10;1.07367e-10;6.27737e-13;2.60923e-07;1.62335e-09;3.108e-09;2.08285e-09;9.89375e-11;7.14758e-12;6.64853e-11;8.82983e-13;3.78992e-11;1.20215e-11;2.17713e-16;1.08754e-07;6.78267e-10;4.99227e-09;1.89389e-10;2.62391e-10;3.83222e-10;3.94056e-11;2.89414e-11;3.61348e-11;2.22887e-11;9.57285e-13;1.63139e-12;1.57873e-11;4.1176e-13;1.5654e-08;4.69834e-14;1.99457e-10;5.2852e-11;8.39837e-11;9.13317e-12;4.55365e-08;1.11212e-10;6.53903e-10;1.33785e-13;1.14225e-14;7.55157e-12;8.83859e-14;1.50603e-16;1.20376e-13;4.59974e-12;6.06056e-09;3.00258e-11;5.88014e-11;8.94375e-11;9.02383e-12;1.32523e-12;4.88742e-12;3.09213e-11;5.1139e-15;3.95493e-13;3.77097e-12;4.66963e-12;4.34094e-16;4.10522e-09;6.02702e-11;2.33874e-11;3.83215e-10;2.30752e-10;1.38988e-10;1.2524e-09;2.90543e-10;1.33737e-11;2.76985e-14;3.90624e-12;2.25795e-13;1.76716e-12;9.77842e-15;9.38686e-13;7.06896e-12;7.94049e-11;6.37474e-11;5.99045e-13;6.99027e-11;1.15176e-10;1.11911e-10;5.31472e-13;9.35782e-13;2.20473e-12;1.04192e-12;9.1684e-15;4.35362e-12;1.65851e-09;1.71643e-10;1.05535e-10;6.13608e-13;1.61556e-12;1.12238e-11;6.59508e-16;2.03561e-13;3.15723e-12;3.28969e-09;2.63798e-13;2.5973e-11;6.19778e-11;1.59121e-08;5.10041e-12;3.71279e-12;2.26331e-10;2.30123e-07;2.20266e-11;6.34951e-11;4.71578e-14;2.55788e-15;9.75943e-11;1.13976e-10;3.33726e-12;1.80777e-12;1.47307e-10;1.37174e-07;3.07156e-10
1.63661e-10;1.80683e-13;6.88749e-13;1.5276e-14;2.23817e-15;2.48757e-14;8.2457e-17;2.66304e-11;3.30175e-13;2.91569e-12;2.93594e-12;2.61196e-16;2.37318e-12;7.16929e-14;2.83592e-13;1.68862e-12;2.24285e-12;1.90624e-14;6.65207e-14;2.58185e-12;4.45601e-14;3.08285e-14;9.60041e-14;5.06012e-12;4.39345e-13;1.08894e-14;1.13606e-14;1.32089e-12;6.2216e-14;6.66942e-12;3.21401e-13;1.38176e-14;3.6707e-13;3.53506e-13;5.27079e-12;1.07166e-14;4.22998e-13;1.71946e-13;1.44803e-16;5.89501e-17;3.07491e-16;3.45728e-10;1.72335e-10;4.27952e-13;3.21279e-14;3.62103e-12;8.81679e-15;4.23867e-14;6.7946e-13;2.9169e-13;8.06137e-18;5.3987e-14;1.09178e-17;5.65254e-12;4.76511e-16;5.14324e-13;6.28553e-14;1.83683e-13;3.71641e-12;1.03723e-12;4.89589e-13;3.24385e-13;2.41815e-13;4.43556e-14;1.06305e-13;1.59645e-13;1.17669e-12;2.06892e-12;1.5162e-13;9.61262e-13;1.97655e-12;2.11768e-12;1.60827e-13;3.53045e-14;5.03427e-15;2.18493e-14;1.02029e-13;2.17107e-15;5.84479e-14;5.23352e-14;1.57705e-14;1.40541e-13;1.02952e-12;1.19457e-13;4.97318e-14;2.01318e-13;3.97903e-13;4.43889e-14;2.71391e-14;3.08531e-13;1.20668e-13;2.24567e-13;1.27271e-13;6.59078e-13;1.0788e-13;2.39808e-15;9.56258e-14;1.26089e-14;6.00409e-14;3.89532e-12;2.44495e-12;1.00527e-14;2.06184e-10;3.15081e-14;1.23004e-11;5.50649e-14;1.79233e-15;4.73283e-13;5.51526e-14;3.05519e-17;6.55328e-16;6.2518e-14;4.54604e-15;6.21751e-13;4.71951e-12;3.22817e-10;2.18908e-11;9.41291e-15;7.13608e-14;2.21694e-14;1.46753e-13;7.26693e-16;6.96842e-14;1.4917e-14;2.61188e-11;1.90489e-13;6.31273e-15;2.6763e-12;5.89434e-17;3.04747e-13;2.17848e-14;1.14365e-13;1.40101e-14;3.91461e-19;5.86983e-16;4.58294e-15;5.8562e-13;1.608e-11;2.17187e-13;8.5159e-15;9.59218e-11;2.6407e-13;1.82708e-14;1.61013e-14;2.69877e-14;3.04958e-15;3.99107e-12;2.96608e-13;1.02497e-13;8.02464e-12;3.84981e-12;8.25371e-11;1.02372e-14;6.19138e-16;4.18167e-14;3.99847e-14;1.20554e-14;4.94654e-15;3.89674e-14;1.61656e-13;6.94577e-13;2.39419e-13;1.52538e-16;3.3724e-14;1.48976e-13;2.9672e-16;6.16637e-15;2.01861e-15;3.71398e-13;7.52999e-12;6.50474e-12;1.68651e-11;4.41154e-12;1.08814e-10;3.17993e-11;2.45501e-11;1.16836e-10;1.48834e-11;1.77231e-12;2.98794e-11;1.0323e-12;8.12661e-12;9.11205e-12;1.13989e-11;1.21052e-12;4.63631e-14;1.85356e-12;2.90877e-12;5.63301e-13;2.82642e-12;2.70968e-12;1.17867e-12;2.81597e-12;3.82419e-12;4.86317e-11;8.28261e-10;1.20676e-09;4.31472e-12;3.22843e-12;3.68533e-13;2.28196e-12;1.25109e-12;1.96002e-12;7.83485e-13;2.30876e-11;3.34397e-10;2.50004e-13;4.31653e-13;9.93554e-14;1.00841e-13;6.29512e-15;4.51051e-13;1.24238e-13;1.0572e-12;4.76598e-13;1.20697e-11;1.23642e-12;1.43471e-14;7.87398e-14;7.00023e-14;3.5592e-11;6.39051e-14;2.77834e-14;3.5242e-13;6.07641e-13;1.46053e-13;2.32575e-12;1.79391e-11;1.45912e-13;5.90153e-10;1.08453e-10;4.85206e-13;8.55565e-13;5.39762e-13;2.21982e-13;2.19894e-11;7.29483e-14;1.10754e-13;7.52452e-13;6.14977e-14;7.55211e-14;6.47283e-16;1.03215e-13;1.85025e-13;5.49306e-13;5.96008e-13;5.225e-12;5.04916e-14;4.16975e-13;1.19023e-13;1.10365e-14;2.21782e-14;9.09933e-15;1.35117e-14;5.75101e-14;1.35641e-14;2.66356e-15;2.03679e-15;2.70642e-13;1.6182e-14;3.38342e-13;9.05377e-14;2.88621e-14;4.92879e-13;1.9404e-16;2.8191e-14;4.95442e-14;4.99557e-14;3.79899e-14;2.00053e-11;2.35267e-12;7.9715e-12;1.15194e-09;6.54062e-09;3.34153e-07;1.57083e-09;0.999993;5.2063e-06;1.08834e-06;5.26017e-12;2.32584e-10;8.59159e-11;7.69062e-10;3.11879e-15;6.09563e-11;7.13721e-11;8.89252e-14;3.26626e-13;5.12103e-12;1.36549e-13;6.79714e-13;2.10595e-15;1.63174e-14;1.87601e-17;2.38068e-14;7.91418e-14;9.53257e-14;3.52393e-15;1.93359e-14;6.16067e-15;1.06124e-12;2.46877e-14;4.10918e-12;6.7525e-13;1.25413e-11;8.94353e-14;1.30543e-12;8.96411e-15;1.26204e-13;2.28748e-12;5.66475e-19;3.17837e-14;1.89815e-15;1.34465e-13;2.01845e-13;5.19823e-13;4.66696e-13;8.72479e-15;3.54776e-14;5.85797e-14;2.12204e-17;4.14487e-14;2.62731e-14;2.92976e-12;6.73816e-14;1.22064e-14;7.09179e-14;5.74719e-12;5.50196e-15;9.15959e-15;7.82099e-14;3.76474e-12;4.8016e-13;5.20848e-14;1.17044e-13;2.41075e-14;1.2001e-12;6.06053e-13;7.79667e-14;1.93236e-11;1.33751e-13;6.76372e-17;7.31497e-14;5.79975e-14;4.2296e-13;3.40777e-13;1.56353e-14;9.30397e-11;1.08641e-16
2.11119e-09;1.49576e-08;1.76103e-08;4.03729e-10;5.60942e-13;5.63142e-07;1.20164e-10;8.88195e-06;9.90931e-08;6.1381e-07;1.09447e-07;3.053e-08;2.71098e-09;6.52618e-09;7.6738e-08;3.82105e-08;2.02658e-07;2.78363e-09;5.99104e-07;2.98708e-08;3.30319e-08;1.62781e-10;1.33475e-08;2.24602e-08;1.09713e-07;6.95218e-09;1.84492e-08;2.20237e-07;5.52965e-11;1.9642e-09;1.38325e-10;1.01999e-08;1.8261e-07;7.93885e-11;4.56575e-06;2.40513e-10;2.11941e-08;1.80367e-08;1.43957e-11;2.14534e-08;3.63313e-11;1.65124e-05;1.76702e-09;7.82187e-11;2.01816e-10;1.69033e-11;4.41324e-15;6.91945e-12;1.03048e-08;8.38893e-10;2.33396e-08;4.94288e-08;2.72746e-12;2.46059e-06;3.54724e-08;1.18659e-07;2.1151e-06;7.50963e-10;2.76314e-08;5.61979e-08;1.62006e-08;6.71647e-09;2.45807e-12;1.1327e-08;6.75368e-09;4.06628e-08;4.70015e-06;3.12091e-07;5.16291e-11;3.54953e-09;1.71803e-09;1.12596e-08;4.56452e-06;1.14305e-09;1.29635e-09;5.71531e-10;1.90703e-08;3.20312e-10;2.37118e-07;5.69708e-10;4.27122e-09;1.59585e-09;2.51146e-08;2.74551e-07;1.53551e-11;8.82321e-06;1.02403e-08;4.40829e-08;5.7696e-09;2.70125e-08;5.07311e-09;1.32485e-07;8.20711e-08;1.04095e-08;9.94688e-06;2.73719e-10;2.27092e-08;3.41322e-10;1.32993e-09;2.24272e-10;7.00538e-09;1.14567e-09;4.28176e-09;9.65884e-08;1.63471e-12;3.64712e-09;1.17963e-09;3.51622e-08;4.8587e-09;1.45764e-08;2.22528e-08;1.20628e-08;2.83304e-12;3.80388e-09;5.22396e-09;1.40423e-08;8.34925e-08;6.15335e-12;6.72272e-11;7.84811e-08;1.01418e-06;1.61727e-09;4.03612e-08;1.38152e-11;7.12023e-09;7.19778e-11;7.86709e-11;2.81886e-10;3.01384e-14;7.30792e-10;3.22886e-10;4.74456e-08;6.67448e-08;1.02126e-09;8.35683e-08;1.55565e-07;3.85516e-10;1.6116e-07;2.11045e-09;1.32677e-08;9.36835e-08;3.22897e-10;9.66657e-10;2.52356e-10;3.41887e-06;5.06709e-08;1.46616e-07;8.74947e-09;3.14052e-11;6.61869e-08;2.04446e-09;5.45651e-09;4.61496e-06;1.54464e-11;7.8342e-08;1.7604e-09;5.73444e-11;3.2017e-07;6.53671e-09;3.11307e-09;2.87136e-08;3.96029e-08;1.13079e-10;3.6165e-07;6.80788e-11;1.80136e-10;5.76684e-09;3.43765e-08;5.58343e-08;3.18876e-07;1.44919e-08;8.79819e-08;2.70816e-08;1.35e-06;2.21911e-08;8.64836e-10;1.34584e-07;4.95096e-08;1.41016e-05;3.94965e-06;3.58676e-10;2.60824e-07;3.68805e-08;2.77593e-06;7.42209e-07;7.36572e-09;1.97704e-08;2.71999e-06;4.44782e-06;9.51932e-06;7.17808e-06;1.14978e-07;6.06148e-06;5.03575e-06;0.00152943;0.995722;4.53888e-05;0.000312773;0.00147309;0.000285608;3.34273e-05;1.4154e-09;8.69976e-08;1.4597e-09;3.41494e-07;4.40793e-05;7.40764e-10;6.02424e-07;2.31861e-09;7.82725e-08;1.00651e-08;4.21621e-06;4.12597e-07;2.03712e-08;9.78627e-12;1.06595e-08;1.31936e-08;2.06383e-10;6.22269e-08;1.7053e-10;3.2346e-07;5.14602e-10;4.98289e-09;2.03396e-08;1.88316e-08;9.77402e-10;8.01721e-08;4.51278e-07;1.10496e-08;0.000266982;9.49447e-08;3.15061e-06;1.31977e-09;2.33414e-08;1.04331e-08;7.30578e-09;4.15922e-05;7.64601e-10;7.16345e-10;6.74689e-10;1.63327e-08;6.30317e-11;8.21777e-09;2.57367e-09;7.10206e-08;1.24074e-09;1.24049e-07;6.26051e-10;2.7971e-07;6.75623e-06;5.59795e-11;1.16574e-09;1.66689e-09;1.31522e-08;7.08396e-08;7.33121e-07;4.33682e-11;6.10695e-10;1.67029e-09;7.40313e-11;1.13186e-08;3.02468e-09;2.05861e-12;7.49158e-08;7.40905e-13;3.07042e-11;1.42696e-10;1.05274e-09;3.07792e-09;1.94051e-09;7.05444e-09;4.20774e-11;4.0911e-06;1.60533e-11;2.40834e-07;7.71805e-09;2.33532e-11;3.1518e-11;1.23161e-09;8.39275e-09;2.33183e-08;1.58312e-06;8.93011e-07;7.16637e-05;1.78782e-08;7.89168e-09;1.08733e-08;2.72048e-13;6.65987e-09;8.88191e-11;4.77773e-09;8.93258e-09;2.21711e-13;1.17176e-07;1.77623e-09;1.84471e-08;5.43382e-08;4.10896e-10;2.30707e-08;6.44301e-09;1.64991e-07;3.21112e-11;1.9872e-08;2.13458e-10;1.27023e-07;2.33197e-08;2.85078e-11;3.39219e-07;1.95905e-09;2.20389e-08;1.36046e-10;1.4183e-07;1.49226e-10;9.25426e-08;1.02512e-10;4.97138e-08;1.06384e-08;7.94653e-11;3.27702e-07;4.72463e-10;4.96227e-06;6.11801e-09;2.01006e-08;6.02519e-11;1.91038e-11;8.4761e-09;7.88722e-12;1.20325e-07;4.22311e-09;9.80516e-08;8.26099e-10;5.35376e-08;6.8175e-08;4.26353e-06;1.68128e-09;7.18138e-10;5.25007e-08;2.86622e-08;1.50333e-10;3.20232e-08;2.99446e-07;1.02549e-09;4.55616e-10;2.74319e-08;1.98312e-09;2.77842e-08;4.39069e-09;1.28271e-07;9.12586e-11
7.88377e-14;3.2708e-14;1.86537e-12;1.26233e-11;3.37322e-16;4.87052e-10;1.19779e-11;1.92005e-12;8.15875e-11;2.3503e-11;2.46851e-14;6.2225e-12;6.79307e-11;1.86695e-11;1.37547e-10;8.49761e-11;2.99889e-11;3.32749e-11;2.75248e-11;1.19986e-10;1.76153e-15;8.40869e-13;1.56388e-11;5.51894e-14;3.89549e-09;1.27026e-13;2.80146e-13;5.11566e-13;5.96661e-16;2.91965e-13;6.54833e-11;4.92845e-18;1.60208e-11;9.1094e-14;7.60986e-13;2.01933e-12;3.80545e-11;7.37632e-11;2.34207e-15;1.88097e-10;1.87429e-13;1.76812e-08;1.85991e-11;2.25764e-12;4.10798e-14;1.21995e-11;1.06908e-12;2.85622e-15;2.10176e-13;2.03379e-12;1.37939e-18;3.95596e-10;7.21542e-19;1.87142e-15;1.88557e-12;6.09396e-13;2.41284e-12;3.17159e-14;1.79659e-11;9.87673e-10;1.27706e-13;1.47317e-10;1.3976e-11;1.77089e-12;3.31671e-11;1.4701e-11;1.55485e-11;4.94484e-10;1.02554e-13;4.86004e-11;1.39677e-11;2.31563e-13;5.60596e-10;4.62709e-11;4.05617e-12;1.55633e-12;6.55947e-12;5.7902e-14;5.73463e-09;3.79385e-11;6.12455e-12;3.56307e-13;6.34031e-12;2.61598e-09;5.50821e-16;1.74997e-08;2.42268e-09;2.35306e-12;7.25064e-11;6.16992e-12;3.34309e-12;1.95683e-10;1.25847e-11;3.05084e-12;2.59555e-09;1.07953e-13;6.10694e-13;1.10651e-12;1.545e-12;2.34088e-13;8.14719e-12;3.9767e-10;1.32354e-12;2.24192e-08;7.48464e-14;5.09652e-14;8.27904e-13;1.28289e-10;2.99607e-11;2.82224e-14;4.36839e-10;3.16184e-10;9.99817e-13;1.59014e-11;8.70393e-11;3.20345e-14;1.79039e-07;5.10206e-12;9.18981e-12;2.12689e-12;3.54187e-10;1.42357e-11;2.35814e-12;3.31726e-16;7.2099e-14;4.76345e-13;1.64796e-16;4.91544e-08;3.32243e-13;1.4291e-13;1.58156e-12;1.72118e-11;1.95112e-10;2.29589e-15;9.67796e-09;6.06932e-10;5.38175e-14;4.51584e-12;5.47741e-12;1.19181e-10;3.98692e-11;2.41726e-12;2.2535e-10;4.21381e-12;2.58275e-13;2.13076e-09;9.12965e-14;1.02186e-10;1.80136e-13;3.65218e-13;1.0551e-10;2.39906e-13;1.12444e-10;1.15628e-15;3.83797e-11;4.80794e-12;5.01439e-14;2.19908e-11;4.67499e-11;3.04407e-12;1.42434e-11;3.50223e-10;2.11914e-14;2.01996e-08;1.11317e-12;2.51914e-12;1.54582e-11;8.91308e-12;4.41626e-11;5.18385e-10;7.39388e-12;2.08707e-10;1.88038e-10;1.73558e-10;1.45265e-08;4.87598e-13;8.00104e-11;1.15283e-11;4.6587e-09;1.58459e-10;4.5146e-12;1.03903e-09;1.77877e-09;5.90749e-12;7.11701e-09;1.00106e-09;2.15582e-11;5.99384e-12;5.98124e-08;6.77452e-11;6.29112e-11;2.068e-12;9.66948e-11;1.88176e-09;3.70772e-12;3.98189e-08;1.59348e-08;4.11055e-10;1.99753e-10;3.75093e-08;5.88817e-11;1.14314e-13;2.067e-12;2.79286e-11;4.00324e-14;1.16259e-09;5.11388e-14;1.54063e-12;8.40352e-12;3.87888e-11;4.39906e-12;3.46014e-11;6.63345e-10;1.01024e-10;1.11846e-14;8.04687e-12;9.77082e-11;3.27193e-15;1.02713e-09;1.50376e-08;4.52236e-08;5.91371e-12;2.94238e-11;1.76545e-11;3.33489e-11;1.5259e-11;3.9234e-11;7.81536e-10;9.3364e-13;2.27354e-08;3.94023e-11;3.07453e-09;2.15951e-13;5.44051e-11;3.80884e-11;9.20029e-14;7.81661e-11;3.64701e-12;5.096e-13;7.33955e-12;4.30923e-12;2.45721e-14;1.90734e-10;5.56752e-12;5.64905e-11;4.9972e-14;3.59608e-13;4.5165e-12;5.15377e-14;9.15558e-14;2.83303e-13;7.49948e-13;6.29094e-12;2.45397e-10;2.5391e-09;6.21991e-13;5.89429e-10;1.2597e-10;2.65384e-12;9.13074e-13;1.19825e-11;4.91621e-11;7.51546e-15;1.36248e-13;6.7963e-12;3.67552e-12;5.88611e-13;1.76197e-11;1.98672e-10;1.26425e-12;2.9208e-10;4.56392e-14;1.33968e-12;3.80668e-11;3.89525e-09;2.74197e-07;2.9453e-11;0.999981;1.09837e-06;1.21101e-06;9.55131e-10;3.53664e-08;4.17218e-06;3.01728e-08;1.15103e-05;1.06084e-07;2.84698e-11;1.02999e-13;1.06899e-12;2.96743e-10;2.00554e-12;9.33748e-12;3.80522e-15;3.46811e-16;2.34513e-11;6.29487e-10;1.10117e-10;2.1332e-15;1.87749e-10;1.083e-10;1.10609e-10;3.97218e-15;1.25549e-12;6.69446e-10;5.13893e-16;9.78635e-11;1.67834e-11;9.09116e-17;1.23327e-12;6.06929e-12;2.10971e-17;5.05664e-09;5.7327e-11;3.0575e-11;1.58389e-14;2.93321e-11;3.60303e-10;1.68194e-17;4.48338e-11;1.82506e-13;1.76566e-12;2.72471e-13;9.15443e-12;2.07516e-14;4.50956e-13;1.73807e-10;5.41969e-19;2.03259e-09;4.26293e-11;1.21682e-12;6.33893e-12;2.03271e-12;1.78285e-10;1.22936e-13;1.05506e-11;4.17004e-11;9.47006e-11;1.90645e-15;2.78381e-13;3.53864e-11;4.41411e-17;4.85454e-09;1.61212e-10;2.55855e-11;2.31835e-14;1.43535e-12;4.2821e-10;2.43448e-13;1.23952e-13
1.05338e-11;2.25176e-14;4.50561e-14;4.23986e-10;3.67675e-15;3.31472e-12;1.73958e-09;1.22408e-09;3.00823e-11;2.14282e-12;3.08314e-09;3.59009e-15;4.0759e-15;6.9239e-10;4.50711e-11;1.35904e-11;1.73523e-11;6.09961e-11;6.02239e-13;1.29323e-10;1.22696e-12;3.4876e-13;1.97264e-11;4.02414e-13;1.59444e-12;4.02176e-10;5.94322e-13;2.81107e-12;1.72454e-14;2.07392e-13;2.50926e-10;2.16922e-12;4.43793e-15;6.50165e-12;5.81899e-16;8.40173e-12;1.13591e-12;2.67761e-12;8.59217e-13;2.38924e-14;2.30803e-12;7.8667e-13;4.68689e-14;2.68465e-10;3.45985e-14;7.67436e-14;4.34457e-12;1.03624e-13;1.05825e-14;2.49777e-13;1.60247e-14;9.73222e-16;1.45436e-10;8.80317e-15;1.20903e-12;4.51211e-13;4.08276e-10;1.17817e-12;8.97633e-12;1.32677e-09;2.90868e-14;1.56965e-13;1.08537e-10;6.35514e-13;1.25411e-11;3.76518e-11;6.22805e-12;4.5082e-11;1.26855e-12;2.18003e-12;1.05576e-10;1.22947e-10;6.63291e-16;3.16789e-08;1.34734e-14;2.07859e-12;2.33709e-11;1.61098e-12;1.2741e-11;3.44703e-10;8.70828e-13;3.94019e-13;1.58081e-13;2.27933e-10;1.28968e-13;9.61059e-14;1.81352e-10;3.60532e-18;4.47646e-11;5.10013e-12;1.03923e-11;4.1906e-11;2.45795e-11;1.92547e-14;3.02254e-11;3.32665e-08;4.86717e-15;4.52397e-12;5.32306e-11;2.14024e-13;1.22115e-12;4.38207e-10;3.18608e-14;1.42599e-12;1.1309e-10;9.50366e-15;2.19352e-13;3.19439e-11;3.92089e-12;6.2899e-15;7.12953e-12;1.69428e-10;2.48104e-14;3.88938e-12;1.74473e-12;7.96378e-17;1.44983e-15;1.26044e-10;7.3613e-14;2.12351e-12;3.24427e-12;7.41717e-11;7.72683e-13;9.53445e-15;5.35175e-15;2.02207e-10;2.80052e-13;7.88999e-14;3.58896e-10;1.44594e-14;4.46994e-13;2.66727e-12;4.01896e-11;1.47267e-13;1.99917e-11;1.37779e-07;1.61358e-12;3.77617e-13;3.00807e-11;2.7731e-13;2.13531e-13;3.19665e-09;2.41979e-14;2.19458e-12;7.75813e-14;6.81367e-11;8.57444e-12;1.43507e-12;4.03099e-13;3.5975e-13;1.01154e-10;6.23107e-15;2.766e-13;6.00192e-09;4.3007e-15;2.37091e-12;8.41533e-14;1.6215e-12;3.44512e-11;3.12793e-12;4.16175e-12;2.5347e-11;5.28453e-15;1.52075e-10;1.13666e-10;4.09969e-16;9.90228e-14;1.91947e-10;1.0003e-09;8.01891e-13;1.54557e-12;4.15545e-11;6.02085e-12;3.53146e-13;6.07081e-14;3.64039e-12;1.23825e-14;5.32344e-13;1.32701e-11;3.41326e-12;7.51675e-12;3.09089e-12;7.65089e-09;1.39141e-12;3.57474e-13;2.50471e-07;2.02156e-14;1.61936e-12;2.09697e-10;6.51104e-10;1.68018e-11;1.67255e-12;1.23508e-11;2.02212e-09;2.88536e-10;2.72152e-12;9.39677e-08;7.15926e-13;2.90134e-10;2.18884e-10;1.07114e-08;5.16514e-14;5.58713e-13;9.43525e-11;3.51997e-15;5.71717e-13;4.20835e-13;1.70582e-14;4.81401e-12;9.29012e-12;5.86986e-13;6.74258e-11;5.24869e-11;4.32518e-13;3.24687e-14;1.87149e-12;8.75039e-11;1.6788e-16;1.78867e-12;1.65109e-08;1.43857e-14;3.32912e-12;1.15417e-12;9.38586e-13;9.23131e-13;1.235e-10;2.05983e-10;1.29593e-10;2.34574e-10;9.75195e-13;1.92617e-08;1.03533e-10;6.03039e-13;2.51115e-11;1.17424e-08;3.98404e-15;3.98915e-12;3.03265e-10;7.14087e-13;2.84728e-12;6.3123e-13;7.8493e-14;9.28549e-12;2.00142e-10;7.72179e-12;9.29221e-14;2.27559e-13;1.23399e-10;3.99135e-13;2.90631e-15;3.89727e-09;7.82824e-15;2.79727e-12;1.04654e-11;1.28226e-10;1.91131e-12;1.92478e-12;1.01052e-09;2.61152e-12;2.30569e-12;1.43795e-12;1.5303e-10;5.28123e-11;3.18012e-15;7.76443e-09;2.35713e-14;2.07395e-12;5.2007e-12;6.00859e-12;2.3336e-12;4.22627e-13;1.75154e-12;3.48361e-22;1.85791e-15;2.14875e-16;2.54331e-10;1.58931e-18;1.25955e-14;7.25998e-11;1.47746e-17;1.21925e-12;3.73383e-13;3.54793e-12;7.64603e-16;3.70331e-14;6.44266e-11;3.69219e-13;3.62021e-14;5.66232e-14;1.48676e-09;1.75958e-15;9.33387e-17;1.33472e-11;9.16617e-17;1.1063e-12;3.27945e-11;5.89853e-12;8.67425e-19;5.95125e-16;7.14312e-12;2.29834e-11;7.28456e-16;1.78535e-14;8.36254e-10;1.92499e-14;9.28534e-15;3.88992e-09;1.7978e-18;3.15021e-13;5.79814e-12;1.40075e-14;8.29533e-13;2.31098e-09;6.89541e-12;8.98228e-14;3.86328e-14;1.84961e-10;9.84787e-18;1.42789e-14;1.35831e-12;3.54368e-17;5.44955e-13;4.88294e-13;0.999951;2.78054e-10;2.06988e-08;6.87018e-06;1.22641e-06;3.21262e-05;1.25797e-09;3.69807e-09;1.47756e-09;7.37623e-08;3.47872e-09;7.26099e-08;8.16691e-06;1.34132e-10;1.85376e-11;2.05615e-12;3.625e-12;1.24544e-14;2.08724e-15;1.98363e-09;2.12246e-11;2.03644e-14;2.16584e-11;4.88994e-09;2.16695e-11;3.09308e-15
2.94003e-07;5.71221e-12;2.74621e-12;3.13873e-09;1.00869e-11;2.6112e-13;4.3918e-06;1.67288e-13;2.75218e-12;3.77976e-12;3.8043e-15;7.40483e-08;9.78135e-15;1.44897e-09;6.95273e-12;1.05388e-10;8.2935e-12;7.93565e-10;3.0484e-15;8.07737e-11;7.67362e-13;3.23298e-11;4.27973e-12;8.09634e-11;1.29792e-09;3.20617e-11;7.32947e-14;3.41374e-12;1.12448e-11;1.61289e-13;3.89111e-10;1.10678e-12;6.704e-11;2.79389e-07;6.78346e-18;5.72588e-11;7.26393e-12;5.96032e-12;6.07476e-15;1.99877e-12;3.70903e-14;1.27828e-14;4.09218e-16;3.07674e-10;1.28965e-11;5.97168e-11;9.57123e-08;1.02575e-10;4.08839e-13;7.36668e-12;3.96368e-17;5.91165e-10;1.28955e-08;1.32034e-19;8.75467e-16;1.76904e-12;5.14249e-13;2.05937e-10;4.54262e-11;2.10665e-08;9.13383e-12;4.71823e-10;3.81435e-08;1.42358e-13;2.45904e-10;8.07893e-11;3.36065e-12;1.23578e-11;3.89533e-09;1.4565e-10;3.16514e-08;8.48988e-09;1.71447e-13;3.57453e-10;5.17066e-14;2.9752e-11;6.28897e-11;2.74815e-12;4.57738e-10;7.37558e-10;5.76546e-11;5.77232e-11;4.12105e-11;2.85573e-08;1.27542e-14;1.09317e-09;8.723e-11;3.34857e-17;1.23261e-10;8.62531e-12;3.31818e-10;1.34758e-10;9.07574e-12;2.51525e-09;1.16204e-10;1.02791e-11;7.79047e-18;1.59007e-12;2.54077e-12;1.11548e-10;1.55291e-12;2.42892e-10;2.40561e-13;4.57566e-12;8.19362e-07;9.35334e-19;3.69437e-11;9.50331e-12;6.87249e-12;7.24645e-14;9.64152e-13;2.46665e-12;1.5213e-09;1.01704e-11;5.0354e-11;3.58766e-13;1.05215e-12;3.07128e-13;1.54431e-17;2.82848e-12;1.89956e-11;9.05029e-14;2.76527e-13;4.509e-11;1.04697e-14;3.0401e-09;5.15442e-12;1.92467e-10;5.17157e-10;4.86929e-19;7.88394e-11;7.77545e-12;5.07705e-10;2.28325e-13;8.05041e-11;7.02322e-11;3.06813e-10;1.72353e-11;2.28557e-09;2.72577e-10;3.08432e-08;2.77706e-09;2.12719e-14;5.80249e-11;2.83651e-14;5.33576e-11;9.80089e-12;3.91531e-12;2.4892e-10;3.80538e-13;8.90879e-10;6.43365e-14;1.3317e-11;6.68688e-11;2.03718e-16;5.21803e-11;8.55263e-13;2.73506e-13;1.395e-12;6.82604e-11;6.05275e-12;3.94593e-10;1.0049e-11;3.79395e-11;2.64196e-10;6.13692e-17;9.00115e-13;8.67191e-13;4.90481e-13;6.10062e-11;1.95168e-09;2.45839e-09;1.57544e-08;2.21668e-10;4.01745e-09;7.84084e-10;1.90181e-16;8.52478e-12;7.39657e-12;5.68647e-13;2.67495e-11;3.54573e-12;6.85827e-10;1.37875e-12;8.56846e-11;3.97135e-09;1.13913e-16;4.00399e-14;3.2322e-12;9.415e-13;5.03259e-11;2.65558e-09;2.55596e-10;4.04401e-07;2.86543e-11;4.96962e-11;5.90979e-09;1.54052e-13;1.0317e-12;4.32368e-12;1.42765e-11;2.56094e-10;1.11141e-10;7.72766e-08;3.21676e-12;1.52934e-10;2.59318e-10;7.28662e-14;2.41781e-11;9.6259e-13;5.58678e-11;2.00969e-12;7.97978e-10;2.9634e-09;9.13844e-07;2.07021e-08;0.000173127;0.000230046;0.000158753;0.999429;5.53323e-10;2.03079e-09;2.16258e-07;1.21655e-08;1.14619e-10;1.4057e-08;7.15764e-10;2.10009e-09;5.26488e-10;1.75817e-10;1.66971e-09;9.8426e-15;1.03635e-11;1.28342e-10;2.95005e-10;6.24729e-17;4.71824e-15;1.03235e-11;3.64701e-17;2.71176e-12;1.74615e-13;1.01753e-13;4.10903e-12;6.82286e-12;1.09117e-11;1.264e-11;5.95764e-13;6.88425e-09;2.3121e-10;7.28622e-15;2.00736e-10;6.75168e-18;7.60143e-12;1.3961e-12;3.1162e-11;2.06247e-14;1.13687e-10;5.24966e-10;1.35887e-11;1.26793e-10;1.55355e-13;4.65367e-10;6.48424e-13;1.06814e-12;4.66361e-11;5.71246e-17;3.15317e-11;5.99049e-12;1.42362e-11;1.0195e-13;1.46278e-12;3.6489e-13;3.34893e-21;7.12656e-13;6.61725e-14;2.30669e-10;6.95874e-15;2.40519e-14;3.3835e-07;4.55413e-17;1.99484e-12;2.25833e-14;2.07182e-13;2.31969e-19;4.58592e-13;1.37565e-11;2.33892e-13;6.27575e-11;3.53396e-13;3.3162e-08;1.33327e-14;4.50893e-10;1.08588e-07;3.42878e-24;5.09689e-11;5.36308e-12;4.64325e-11;6.19903e-17;4.78443e-11;2.93403e-11;7.9176e-11;8.52605e-10;5.78622e-13;2.08586e-09;1.2928e-08;1.06606e-13;2.82195e-07;5.27973e-26;1.43838e-11;5.61283e-11;2.03379e-13;8.75025e-14;1.19519e-12;2.85112e-12;1.92615e-13;2.66424e-13;4.54896e-09;1.8018e-15;1.5329e-13;3.78705e-09;1.70284e-18;1.08472e-12;3.60052e-12;2.5113e-15;3.77226e-11;5.18121e-11;1.6985e-12;2.61518e-12;6.94416e-12;1.01591e-18;8.53305e-11;1.10934e-12;4.88371e-11;9.97436e-13;7.79753e-12;3.00479e-11;5.95906e-10;2.45824e-13;4.87499e-11;4.42631e-12;8.78229e-15;1.10035e-13;1.34987e-09;3.22452e-15;7.23273e-12;5.79994e-12;1.29693e-09;6.36481e-15;1.46241e-13
1.76138e-09;2.74247e-12;1.90248e-13;1.9631e-11;1.04788e-12;7.42305e-14;1.39759e-14;1.0742e-11;1.48511e-13;8.08209e-14;1.53144e-10;8.96956e-16;8.29692e-15;1.18424e-13;1.49423e-14;8.9678e-13;5.8254e-14;6.0215e-14;6.71119e-14;1.65479e-11;1.75743e-10;2.17256e-13;1.60816e-14;1.10826e-12;2.72306e-14;5.10065e-12;2.81536e-12;1;2.20344e-13;1.40961e-14;1.42154e-11;8.12627e-09;4.48544e-15;5.31562e-18;1.70234e-12;1.92788e-13;4.00099e-14;1.40358e-14;5.30367e-17;2.95434e-15;5.07683e-15;2.07575e-13;1.54927e-13;4.17835e-10;1.24192e-13;2.11406e-12;5.30804e-12;6.17373e-14;1.44906e-13;1.36743e-13;2.60052e-15;4.20026e-15;2.25907e-14;5.08723e-13;1.48422e-17;2.13882e-12;2.9133e-13;1.6168e-13;2.0982e-13;2.9489e-12;3.30947e-15;2.14384e-13;7.59947e-15;6.40218e-13;1.80762e-13;1.70064e-13;2.78073e-12;4.5778e-14;6.61953e-14;6.31995e-15;2.70839e-13;1.13533e-14;9.47542e-16;1.64264e-14;4.29295e-17;4.18916e-14;8.88901e-14;4.61095e-14;4.75777e-14;6.94831e-14;6.20948e-14;1.20927e-13;2.02024e-14;4.77831e-13;9.07203e-16;5.02502e-15;1.07569e-14;1.33498e-17;4.09645e-14;1.62633e-13;3.12576e-13;3.51805e-13;1.2714e-13;1.59636e-13;1.36258e-15;2.55519e-15;4.95932e-14;1.91971e-13;3.39642e-14;2.05474e-11;1.88684e-13;5.05908e-13;2.9143e-13;2.71735e-15;4.25428e-15;6.64449e-15;5.01301e-14;9.18368e-14;1.36113e-14;1.68503e-13;2.91635e-16;4.06317e-13;5.88765e-14;6.97871e-15;5.95044e-13;3.99813e-11;1.50504e-17;1.41836e-14;3.62685e-15;3.0924e-14;4.38302e-13;4.15183e-13;4.52e-15;1.22237e-14;1.65512e-15;1.2013e-12;4.53732e-17;8.04299e-18;1.05616e-17;8.99292e-16;1.24862e-14;4.40032e-13;4.24095e-14;8.0538e-15;7.50283e-16;1.63864e-14;1.12862e-13;1.37953e-14;5.25605e-13;5.49222e-15;4.26265e-16;3.40452e-14;2.95449e-16;7.88092e-14;1.04341e-12;4.11395e-14;1.70224e-12;6.12571e-14;2.87686e-15;5.23199e-14;4.04693e-12;1.09225e-13;1.64423e-16;4.59425e-16;1.08766e-14;4.74437e-14;9.66164e-15;1.32328e-15;2.29243e-15;1.89187e-14;1.9586e-14;6.97459e-14;7.22685e-14;1.53136e-15;3.37152e-15;4.69716e-16;2.51592e-16;8.58145e-16;4.73493e-15;1.9841e-14;1.66199e-13;2.27765e-13;1.63034e-13;1.77744e-10;2.18175e-17;2.0383e-15;1.96863e-14;2.23456e-16;1.38449e-14;2.79119e-13;2.59166e-13;5.8417e-15;4.70397e-11;2.00655e-12;1.01351e-14;2.86348e-13;4.02414e-15;2.13101e-13;1.5243e-14;9.22993e-14;1.14684e-14;5.33675e-14;7.02936e-15;4.43752e-14;1.37569e-13;7.3773e-15;1.98542e-15;1.5643e-13;1.7959e-13;4.66533e-15;6.48266e-13;1.06291e-13;9.32639e-13;2.03713e-12;1.44253e-10;5.69693e-13;1.43684e-12;1.16359e-11;9.88282e-14;2.38339e-13;3.48517e-14;4.59156e-13;7.89576e-12;3.08043e-14;4.37446e-15;5.43727e-14;1.78515e-12;1.5236e-10;4.9302e-17;3.12314e-13;1.64755e-17;8.13754e-14;2.52777e-14;3.26454e-14;2.40918e-14;1.94658e-13;3.37889e-13;2.48883e-13;6.6472e-15;2.6647e-13;2.5213e-13;5.63177e-14;3.3817e-14;3.5892e-14;2.72824e-12;2.35616e-12;5.53903e-16;8.99707e-16;5.20422e-16;1.32261e-14;8.60668e-14;4.57232e-15;4.70742e-14;3.64467e-15;3.57451e-14;3.46347e-14;5.97838e-13;6.25863e-13;6.59915e-14;1.31911e-13;3.40124e-16;1.26088e-16;4.19214e-13;1.74819e-13;4.69902e-13;1.02e-14;1.40613e-15;1.80121e-13;1.17751e-13;1.85328e-14;4.00082e-15;5.7854e-13;5.72169e-11;2.22136e-11;5.48872e-16;3.20163e-14;9.5296e-13;6.81078e-14;7.4021e-13;1.0085e-11;1.27897e-14;1.4859e-13;5.47291e-15;6.61619e-14;5.17096e-14;2.00519e-11;3.76242e-14;1.44604e-19;1.25842e-13;1.26682e-14;1.12832e-11;9.41929e-13;2.91052e-14;9.74496e-15;1.58909e-15;7.11513e-14;9.62356e-15;1.81831e-15;5.98872e-14;9.81156e-12;3.50625e-13;5.24531e-16;1.11024e-15;1.30845e-15;7.59546e-14;3.8881e-14;5.18744e-14;1.51054e-12;5.00176e-15;5.54545e-15;2.35379e-14;6.30227e-16;4.1091e-13;5.14573e-12;5.58478e-14;7.12993e-15;1.10392e-15;1.73266e-13;5.34363e-14;5.81655e-15;4.04497e-15;1.6925e-15;6.46877e-15;5.01803e-13;1.00229e-15;4.61822e-15;1.21315e-12;2.85921e-16;1.01924e-15;7.3671e-12;1.68159e-15;3.58952e-15;6.76485e-13;5.70123e-13;7.55167e-14;2.43694e-14;1.40768e-09;1.83868e-14;1.62622e-13;4.32681e-15;1.05265e-12;1.29198e-12;4.28951e-12;1.35823e-11;2.29847e-13;8.34686e-14;6.96727e-10;4.02032e-12;8.41295e-13;4.47389e-14;1.86362e-15;1.86666e-16;2.832e-13;4.42559e-14;7.17199e-14;1.29825e-14;9.34599e-12;1.44386e-13;1.92697e-15
1.26006e-16;9.60673e-14;1.5349e-15;3.46401e-13;1.96548e-13;2.56898e-15;2.09308e-13;1.65008e-14;1.74875e-16;1.53689e-15;5.41362e-17;4.72481e-18;3.96877e-15;2.75188e-15;5.42901e-16;1.35753e-16;1.9075e-15;6.53535e-16;3.09101e-17;1.86266e-14;1.62929e-14;4.20796e-16;1.78882e-15;2.05012e-15;2.87334e-16;3.88265e-13;3.15158e-15;1.33483e-12;3.59938e-16;7.74538e-16;3.45782e-13;5.10479e-14;6.15689e-17;1.6146e-17;2.35382e-17;1.77886e-16;1.38105e-15;5.70392e-15;8.17081e-17;1.85356e-17;2.47877e-18;2.11664e-13;1.96169e-14;1.50159e-11;1.58766e-16;1.47712e-16;2.22474e-13;1.10884e-16;1.74221e-13;6.69863e-14;1.10793e-16;1.01488e-20;2.86528e-17;1.38135e-19;7.80033e-19;6.36151e-16;3.59579e-16;1.32991e-14;8.26382e-15;2.0326e-14;4.55472e-15;1.15965e-16;2.72692e-13;7.7046e-16;1.45442e-15;9.4494e-15;1.13491e-14;7.2467e-15;7.92882e-15;2.39623e-14;1.31787e-13;3.02617e-14;1.01632e-15;1.03509e-11;1.67074e-18;1.68299e-16;1.52058e-15;1.87079e-16;2.94174e-15;9.22109e-16;7.62626e-15;9.24229e-15;4.28243e-15;2.50119e-14;5.95911e-15;2.26147e-15;4.5438e-12;1.14062e-15;1.75648e-15;9.28671e-16;7.00119e-16;4.19515e-15;1.333e-15;1.19294e-16;8.11744e-16;3.33848e-15;3.93466e-16;3.2839e-16;1.03165e-15;4.04189e-16;3.36432e-15;4.34293e-13;7.95692e-15;2.66043e-17;1.89558e-13;9.97949e-16;8.96588e-16;9.87252e-16;3.89778e-15;1.74357e-15;5.3676e-16;4.4098e-16;3.21583e-16;5.5174e-16;2.87131e-14;6.32384e-16;1.26599e-15;2.80528e-16;4.34135e-17;2.9577e-17;2.43159e-15;7.0694e-17;4.59375e-15;2.56551e-16;1.60753e-16;8.7413e-15;3.81592e-16;8.30614e-17;1.53384e-13;5.41932e-18;3.12314e-17;7.55183e-15;8.43405e-15;2.79166e-18;1.13431e-17;6.87661e-16;5.51623e-16;9.77426e-15;3.42212e-14;1.52154e-15;3.50341e-16;2.65189e-13;7.4059e-16;8.10244e-16;6.29487e-15;1.44703e-15;1.83177e-14;1.22005e-15;1.66228e-16;2.62703e-15;8.7412e-14;7.12213e-17;1.84221e-17;3.24417e-16;1.55522e-17;1.79088e-16;9.80882e-17;4.36494e-16;1.46206e-15;3.17466e-15;3.74796e-15;7.30359e-15;4.01205e-15;3.29767e-16;2.08773e-13;7.51329e-16;1.3479e-14;1.17878e-15;2.01572e-15;1.43509e-15;5.14333e-15;4.53267e-14;8.49994e-14;2.99628e-14;6.96634e-15;7.69765e-14;4.87009e-15;3.13089e-14;1.58456e-15;1.10216e-14;5.90457e-15;2.66263e-14;8.46119e-13;1.00608e-14;4.16415e-14;4.44325e-13;2.35911e-16;4.78131e-14;1.27529e-15;2.04224e-14;3.74143e-14;4.43969e-15;9.54536e-15;2.39024e-13;2.20946e-16;3.09196e-15;1.03155e-12;4.15425e-16;7.82034e-13;7.31536e-15;1.78294e-14;2.73098e-15;8.88608e-15;3.45036e-14;2.78014e-15;1.72363e-14;3.11844e-14;2.15156e-15;9.6742e-17;5.66291e-16;1.28309e-16;2.75035e-14;5.26517e-15;1.75032e-14;2.61989e-17;1.62876e-15;3.07296e-14;6.31659e-16;2.04264e-16;9.29291e-13;4.8854e-15;1.54478e-15;3.9987e-16;3.26441e-16;2.96267e-15;6.28597e-16;1.51429e-14;6.26787e-14;1.66234e-15;6.90568e-14;1.90181e-14;6.2786e-15;1.26713e-15;1.9634e-14;3.12413e-13;4.21211e-15;7.20502e-15;1.11571e-12;1.55747e-17;1.08261e-15;3.82075e-15;1.15252e-15;5.92164e-16;7.24374e-15;1.97264e-15;8.50459e-15;4.10252e-15;2.7281e-13;2.53291e-13;1.7468e-16;2.92195e-13;9.5734e-16;1.03863e-16;2.11513e-16;5.25982e-16;2.68117e-17;8.1381e-16;1.07915e-14;2.50451e-15;1.34884e-16;6.16943e-16;7.47402e-15;4.04138e-17;2.26738e-15;2.64893e-14;6.98745e-17;3.50953e-16;1.90725e-16;4.73011e-16;2.38311e-15;1.35283e-15;1.1076e-15;0.999999;3.28543e-12;3.44073e-11;1.76047e-09;4.74706e-11;3.25929e-13;8.31212e-10;8.89268e-07;5.99252e-14;1.19455e-14;3.34901e-12;2.16283e-10;1.96915e-11;4.28146e-10;3.7385e-16;2.27927e-16;4.38848e-16;9.24875e-14;5.16753e-17;4.31494e-18;5.07649e-16;7.7685e-19;4.21157e-16;2.38453e-16;8.18578e-16;1.86811e-17;3.76001e-17;4.55077e-16;2.09837e-15;1.37366e-14;1.05277e-15;3.4747e-14;1.0199e-15;2.09845e-18;3.01154e-15;7.26731e-18;1.71083e-16;1.69129e-14;3.98847e-19;9.16239e-18;2.55658e-15;1.72404e-15;1.53162e-16;8.3384e-15;5.71358e-15;1.77172e-17;7.69244e-15;2.9387e-15;2.02772e-16;4.97391e-16;3.83885e-15;4.51481e-21;4.86086e-15;9.18137e-16;3.08949e-14;2.7139e-14;2.56929e-14;2.14223e-16;8.8377e-16;1.30889e-15;6.87699e-15;7.18267e-17;1.61264e-16;8.86486e-17;1.77418e-14;1.91933e-20;2.91089e-16;6.73614e-16;1.30136e-15;2.52546e-18;1.55104e-15;1.77323e-14;2.27555e-15;4.80734e-16;8.34506e-16;1.28255e-15;5.38323e-18
3.39814e-11;5.1845e-10;7.66524e-11;1.99548e-10;8.19457e-13;5.98456e-11;1.59906e-09;6.00089e-08;5.56668e-09;4.00896e-09;4.40143e-11;6.09953e-08;3.88436e-11;1.32171e-09;3.15199e-09;4.21518e-11;5.51811e-11;9.67045e-10;3.36108e-10;2.67521e-08;1.56973e-08;4.48559e-11;1.65795e-09;2.27955e-10;6.9998e-10;9.78616e-09;5.43332e-10;1.02538e-11;9.28981e-14;2.01814e-09;4.14108e-10;5.27506e-07;5.80478e-11;1.72724e-10;6.84436e-12;3.72243e-10;4.81946e-10;5.60128e-10;3.08782e-11;3.74197e-11;3.27216e-14;8.36948e-11;3.65738e-12;7.52983e-09;7.66127e-12;5.0849e-11;1.77463e-10;2.42692e-12;3.03576e-09;1.15781e-11;6.82104e-13;1.54187e-11;7.7527e-11;1.17207e-11;5.51221e-10;8.1192e-07;1.45212e-09;3.90496e-10;8.50566e-10;1.74027e-08;1.4579e-10;9.17681e-10;5.13493e-11;6.53671e-11;1.43472e-10;6.71068e-07;1.39327e-06;9.38251e-08;9.85731e-11;2.97362e-09;1.88649e-08;2.47043e-06;3.28934e-08;1.17856e-08;6.84224e-13;4.74278e-10;1.73921e-09;1.23919e-10;8.85312e-08;1.21601e-09;3.21097e-07;5.07577e-10;2.13265e-09;1.07175e-07;1.03253e-08;3.12338e-07;6.66412e-11;2.93866e-12;2.20636e-09;8.52167e-10;4.05221e-10;2.229e-08;4.69999e-10;1.57966e-08;4.31784e-06;1.68989e-08;3.58289e-11;9.77621e-10;7.33628e-10;1.08046e-13;2.30573e-09;6.70544e-09;1.96073e-12;3.67085e-11;6.78871e-14;8.6194e-13;1.75013e-10;1.58282e-09;5.93963e-09;1.88248e-07;2.09361e-07;2.04204e-07;1.02578e-11;9.32181e-11;6.21608e-10;3.90863e-15;1.3751e-11;2.65966e-12;6.11489e-14;1.26252e-08;8.38915e-07;1.68674e-07;3.54055e-08;4.02633e-13;7.37301e-12;9.47458e-10;7.0902e-16;4.30908e-14;7.69915e-12;3.78604e-14;2.34744e-10;1.5261e-08;1.64986e-08;5.32027e-07;1.4257e-05;9.10988e-06;2.62018e-10;5.61506e-10;1.19993e-08;2.18465e-11;8.7512e-10;1.34144e-09;6.83942e-10;4.38037e-10;4.30309e-08;9.43741e-06;2.58613e-07;3.91917e-09;4.36679e-12;3.74519e-11;3.80491e-08;3.25063e-12;1.7857e-12;6.28956e-12;1.77466e-11;6.92569e-10;5.38566e-06;3.31693e-06;6.86407e-06;9.29566e-09;5.67568e-09;2.42356e-06;5.39502e-06;2.0414e-06;4.79783e-06;4.01912e-07;0.999437;0.00011275;0.000302075;1.97414e-09;5.1267e-10;1.24768e-08;2.94877e-09;4.85899e-11;5.27585e-09;6.99108e-12;1.12079e-11;3.19898e-07;7.79634e-06;2.55692e-07;4.49105e-11;8.32031e-10;2.51024e-09;4.2224e-11;1.94526e-10;2.82274e-10;5.86842e-12;6.45951e-08;8.2666e-07;2.5022e-07;3.30999e-09;2.36172e-11;8.28016e-10;2.88918e-08;5.72063e-14;4.82146e-10;5.27121e-13;3.04823e-10;6.21371e-07;2.81947e-06;1.48715e-07;1.85042e-10;6.68095e-09;4.56248e-09;7.81145e-11;2.91466e-11;9.17394e-09;3.69133e-10;9.20832e-10;4.029e-09;3.70266e-06;3.85068e-06;8.69286e-06;1.91229e-09;3.04126e-13;2.77021e-10;5.44561e-09;1.16294e-08;8.96312e-09;8.54151e-10;2.01489e-14;2.09618e-10;2.16106e-09;1.19357e-09;1.35975e-09;2.38018e-09;4.78622e-08;2.70881e-09;1.33085e-07;2.00621e-07;1.94846e-10;1.99557e-09;1.35448e-10;4.39972e-09;3.20229e-07;7.28103e-11;4.50236e-07;8.53179e-13;3.10956e-13;4.31788e-10;2.71409e-09;2.21034e-09;1.08449e-09;8.65175e-11;2.62657e-10;2.09464e-11;1.58924e-09;3.38144e-08;1.7866e-11;1.675e-07;4.24518e-10;5.36093e-11;3.50737e-10;1.11353e-09;3.36468e-09;7.06135e-11;6.95678e-10;6.40782e-09;2.24087e-09;1.08376e-09;2.76839e-09;1.50742e-08;1.58857e-11;2.83317e-05;5.52719e-09;2.64539e-12;1.17929e-09;7.75657e-10;1.11871e-08;6.93976e-12;1.00905e-09;2.06502e-10;3.15989e-12;3.48322e-12;1.00007e-10;2.27745e-10;5.4433e-18;1.05553e-15;2.89038e-14;9.74669e-11;1.40699e-10;2.35359e-10;2.27367e-10;1.07884e-05;8.77637e-09;5.64249e-08;1.415e-07;8.7657e-12;1.48772e-09;3.05121e-08;1.18338e-10;9.73337e-08;1.06945e-12;6.03635e-14;8.73059e-10;1.12314e-09;3.24329e-10;2.8484e-10;5.21817e-11;4.87218e-10;3.20963e-10;5.27261e-13;4.18055e-10;1.50618e-09;3.40906e-13;1.08276e-10;2.49562e-13;9.05735e-13;3.62391e-10;2.79402e-10;1.7797e-08;4.61456e-07;1.73188e-08;1.7945e-08;4.00103e-11;1.68577e-08;1.79366e-08;7.00793e-12;4.19716e-08;3.07266e-10;5.54008e-12;1.48312e-09;3.40102e-09;2.74821e-14;5.09669e-13;9.40528e-10;1.04933e-11;6.95724e-10;1.4694e-09;8.54749e-08;5.04051e-11;2.24625e-10;7.75112e-10;1.36832e-10;1.82507e-10;1.82781e-10;5.51288e-08;2.10654e-11;6.02329e-09;7.69345e-11;2.06209e-08;1.158e-08;4.60248e-11;2.89168e-12;5.73203e-10;1.29968e-09;8.54184e-09;7.232e-10;9.74873e-10
3.56892e-13;1.96532e-15;2.38022e-15;9.01237e-15;2.33541e-16;6.58687e-15;5.87309e-14;1.65422e-13;2.54504e-14;1.04219e-15;2.76159e-20;1.15729e-15;5.19505e-09;1.96386e-15;1.0108e-15;1.11325e-12;5.50157e-16;2.11589e-15;8.10643e-13;4.62292e-15;3.9786e-17;1.47471e-16;3.95264e-16;5.52166e-16;6.5886e-16;3.17469e-17;4.73145e-13;5.56316e-15;9.22985e-18;4.67993e-15;2.44107e-16;1.23677e-15;3.03364e-15;7.11991e-18;2.86032e-11;6.0943e-16;5.92584e-15;2.51045e-14;7.79045e-18;9.72129e-17;1.26483e-17;1.13299e-14;2.65332e-15;2.63861e-15;2.36994e-18;4.28071e-17;9.73863e-17;5.39803e-17;3.79057e-14;4.15272e-16;4.61889e-15;2.10435e-18;1.67052e-18;1.62941e-11;2.72735e-15;6.31684e-14;8.77979e-17;5.81738e-15;5.59248e-15;5.69446e-15;1.32187e-13;4.35122e-15;2.37796e-14;1.20164e-10;1.10363e-14;1.59325e-13;2.61649e-14;9.25796e-14;1.30694e-16;4.49974e-16;5.34762e-16;2.16424e-13;2.36692e-14;9.88842e-17;2.12289e-11;1.14412e-14;7.45809e-15;5.32414e-16;9.32505e-15;1.84729e-14;6.35954e-15;1.72217e-18;1.29421e-17;3.78562e-15;1.6402e-15;1.88387e-16;3.17811e-16;1.07216e-12;1.71213e-12;3.03645e-15;8.78923e-16;1.04053e-14;2.85972e-15;9.57995e-20;1.91063e-12;8.62524e-16;5.30572e-10;6.90937e-15;6.90867e-15;1.88432e-18;7.00574e-18;6.16396e-13;2.5728e-17;1.70096e-11;2.63775e-18;2.80147e-12;4.96484e-14;4.16004e-15;1.51411e-14;4.72506e-14;5.99642e-13;9.37977e-16;1.63851e-16;3.57045e-15;1.76515e-15;3.55233e-14;4.01467e-12;5.12297e-18;6.71478e-12;2.14846e-15;4.29304e-15;6.22581e-14;2.30421e-14;8.25752e-21;5.91619e-18;3.68152e-17;2.12056e-17;1.29674e-17;2.00601e-19;4.77675e-11;4.52139e-16;8.81569e-15;1.87308e-15;2.41037e-14;1.05538e-14;7.15013e-15;6.13329e-16;6.30585e-16;4.48956e-16;2.84917e-16;2.4771e-16;7.66209e-15;9.79686e-10;5.99005e-14;4.07524e-13;2.99469e-14;7.55698e-15;3.23535e-14;1.12675e-16;6.01941e-17;1.0287e-14;6.33717e-15;1.9543e-17;4.9223e-17;1.44032e-10;6.62634e-15;3.19158e-15;2.72713e-14;1.94397e-12;9.36328e-15;3.45377e-15;7.8794e-15;3.29406e-14;1.01497e-13;6.70231e-15;1.07536e-09;8.26901e-13;2.79096e-15;1.86773e-16;2.38083e-12;1.31578e-16;5.55068e-15;6.10955e-15;2.36492e-14;3.61414e-14;9.63283e-16;1.47838e-10;4.27886e-16;3.14519e-15;1.37804e-13;3.7634e-16;2.52155e-16;1.58493e-15;1.93505e-19;2.72713e-14;5.71831e-15;2.65768e-11;2.00161e-14;9.97139e-15;1.94028e-15;3.813e-13;1.32907e-15;2.9223e-15;8.61837e-15;5.28695e-16;8.15226e-15;2.04667e-16;2.41217e-12;2.71731e-14;2.09368e-14;2.60995e-15;1.06056e-15;2.37865e-15;1.79677e-14;2.32577e-16;8.55086e-14;4.36187e-15;1.81289e-12;1.97254e-15;3.07324e-15;3.55637e-16;3.33808e-14;5.63727e-14;3.15537e-12;5.50514e-16;5.77914e-15;1.93279e-14;4.7916e-15;1.26446e-15;2.85757e-16;2.93565e-09;6.32905e-15;1.69301e-13;2.87333e-15;4.73992e-14;6.94299e-16;1.5424e-15;9.66869e-16;1.48292e-16;3.59097e-14;3.70263e-16;1.1683e-10;2.66006e-17;6.11999e-16;6.54971e-16;9.46309e-16;9.51272e-15;1.78988e-21;3.91799e-10;1.29841e-15;2.28816e-14;3.42129e-15;1.7398e-14;7.80072e-17;2.54694e-15;1.9115e-18;6.86288e-17;3.42401e-17;9.471e-18;1.26842e-15;1.24865e-18;1.09117e-09;3.56447e-15;9.04798e-15;1.18166e-14;4.04033e-13;1.41465e-13;3.27139e-12;1.71017e-15;1.17258e-16;1.08409e-17;8.66809e-16;2.66325e-18;2.03725e-17;9.34157e-17;5.448e-12;7.35073e-15;1.8075e-14;8.05124e-14;2.18212e-14;8.6029e-15;7.21042e-17;2.94117e-14;1.22242e-17;1.69024e-16;2.5007e-15;1.05285e-13;3.31366e-16;3.42197e-17;1.90294e-12;5.92325e-16;7.23262e-16;7.91056e-14;3.62745e-15;4.08203e-14;1.05888e-11;1.17879e-11;2.21586e-14;1.50893e-12;5.37444e-11;5.27178e-07;3.32017e-08;9.96009e-16;0.999999;3.93532e-13;4.19461e-11;1.82693e-11;3.91277e-11;2.44721e-10;2.04639e-09;2.39496e-15;6.89763e-19;1.29339e-17;1.71752e-17;1.77145e-16;3.37898e-17;5.75317e-21;1.15971e-12;7.7616e-15;4.07392e-17;2.55057e-18;1.21142e-14;7.9892e-14;9.3673e-16;1.66794e-15;9.20992e-15;1.14661e-15;1.76538e-14;4.18515e-17;5.59878e-18;3.71134e-10;1.45809e-14;1.09364e-14;1.13247e-13;4.42021e-16;8.46158e-14;2.22329e-19;2.63534e-15;4.43453e-16;2.90133e-09;3.99248e-16;1.43664e-14;1.01828e-14;8.42653e-16;2.59974e-15;5.40583e-14;2.71538e-14;3.49974e-18;3.01879e-16;9.29996e-16;2.99989e-16;9.93596e-15;1.50209e-17;9.859e-09;5.72321e-17;1.17548e-16;1.07081e-15;3.93503e-16;7.85115e-16
1.26092e-09;4.47519e-12;2.50953e-11;3.45971e-09;1.11729e-10;5.51442e-11;3.87314e-08;2.14998e-12;1.42244e-10;1.23699e-10;2.06881e-11;1.06012e-13;7.06597e-14;4.41261e-11;2.01808e-10;9.4384e-11;2.2352e-11;1.24972e-09;5.34843e-11;2.80798e-11;8.94363e-16;1.80992e-11;3.43121e-12;1.98971e-12;1.73298e-11;1.12801e-09;4.71701e-13;5.56331e-13;4.83784e-13;1.30292e-10;7.12091e-12;1.06305e-12;2.06678e-14;2.31342e-10;2.31898e-19;3.25262e-12;5.50274e-12;6.80134e-12;3.77219e-14;2.35973e-12;1.50781e-10;2.64993e-11;1.90748e-14;7.30274e-12;3.5048e-11;1.59265e-13;1.11202e-07;9.70672e-13;2.79182e-12;1.06072e-10;2.62648e-12;2.0898e-13;2.73414e-11;5.75723e-15;5.1924e-13;2.78668e-10;8.16786e-12;2.36118e-12;7.31903e-12;7.08703e-11;2.86106e-12;7.83469e-12;1.11054e-09;1.17037e-15;1.0878e-12;1.07471e-12;1.53144e-11;1.27408e-10;3.08133e-13;6.19015e-11;5.91593e-11;4.15373e-13;2.18802e-12;1.01846e-12;1.11872e-16;1.69421e-12;1.22597e-11;7.04704e-14;2.51854e-11;3.37844e-11;2.13604e-11;4.90735e-14;1.83321e-12;2.27285e-10;5.26824e-14;2.54705e-13;1.02156e-10;1.26686e-18;1.58264e-11;4.23552e-11;2.63768e-11;1.7742e-10;2.40733e-13;5.20876e-12;5.59743e-12;4.05302e-13;4.77355e-16;1.00792e-11;2.92534e-12;3.06027e-12;1.7688e-12;1.16328e-10;7.16656e-15;1.15709e-10;6.67135e-11;3.85678e-19;9.10077e-13;8.39294e-12;1.45688e-11;6.44108e-11;1.46938e-11;1.22871e-09;3.17392e-11;9.36734e-13;6.59853e-14;1.43626e-14;3.42421e-11;5.18555e-13;9.8961e-15;3.77735e-13;3.45704e-12;7.33539e-12;2.19954e-12;6.1437e-14;7.31124e-12;3.18765e-09;6.27718e-14;2.6455e-12;6.76806e-09;2.83229e-19;1.27866e-12;5.61502e-11;4.72513e-11;1.6095e-13;1.38754e-12;1.61473e-11;8.20614e-12;2.7994e-11;6.83643e-10;5.7788e-11;4.82253e-12;8.26119e-10;7.3074e-13;2.90457e-11;6.78557e-12;4.24348e-11;1.11461e-11;1.10216e-07;7.04057e-09;1.45553e-08;1.19143e-07;0.000225435;2.39791e-06;0.999768;1.24853e-11;1.64731e-10;2.31901e-08;2.33854e-07;1.02339e-06;1.92834e-11;9.87585e-12;1.1038e-09;8.47718e-11;6.93581e-11;3.00219e-08;1.63807e-13;1.97416e-12;1.18753e-12;1.54744e-11;4.05542e-10;1.09006e-12;2.92106e-11;3.90224e-11;1.22067e-10;9.9674e-12;1.68684e-11;1.244e-15;4.77864e-14;3.28779e-12;4.23155e-12;6.91854e-12;1.46586e-10;4.66512e-09;4.21355e-12;7.61474e-11;9.74088e-09;1.44629e-15;2.21738e-13;3.4157e-11;2.75885e-11;1.09761e-11;5.21487e-13;1.72494e-12;1.18224e-10;1.57001e-13;9.33797e-12;5.90945e-09;6.83547e-16;6.27492e-14;1.49546e-10;2.29495e-12;4.79786e-12;3.49663e-11;3.43946e-10;2.51539e-09;1.15304e-12;1.67671e-08;4.68987e-12;1.96716e-12;2.25284e-11;8.00763e-12;7.1063e-12;9.24672e-10;2.74735e-11;2.53918e-13;7.92062e-12;9.31977e-10;3.32603e-15;1.12487e-12;1.82304e-09;3.38797e-16;4.64469e-12;6.05634e-12;8.63264e-12;4.66293e-12;4.13798e-12;5.53449e-13;1.97099e-10;4.1474e-14;8.12779e-12;7.96683e-11;3.44922e-13;1.24559e-13;2.77882e-10;8.01354e-11;1.18721e-12;2.59994e-13;1.05501e-10;4.58988e-17;8.32317e-13;3.2029e-12;3.17338e-15;7.98324e-10;6.68765e-12;1.76819e-10;1.93657e-14;1.39128e-12;4.62979e-12;5.01876e-13;9.87407e-15;4.48292e-10;2.16861e-14;5.75594e-13;1.35488e-11;3.88172e-12;2.09774e-13;1.18067e-10;2.27004e-11;1.12812e-11;2.71355e-13;4.25779e-11;4.87953e-10;8.90817e-11;5.44654e-16;2.91305e-11;2.4783e-17;4.71821e-12;2.07728e-11;3.52802e-11;8.22564e-14;2.14941e-11;3.69235e-13;8.2912e-21;9.22558e-14;1.3972e-11;2.27984e-10;3.35469e-15;6.98554e-12;1.9146e-06;5.7554e-17;1.21077e-12;6.1682e-11;4.10441e-12;1.83537e-19;7.36953e-12;2.07912e-09;4.24146e-13;2.53892e-13;1.33664e-13;3.24926e-11;8.34765e-16;6.31354e-14;6.13925e-12;7.63647e-18;5.0302e-12;5.76529e-12;6.19106e-12;1.09192e-13;1.56376e-13;1.84063e-12;1.68459e-10;5.2923e-14;8.00103e-12;3.42696e-11;1.91524e-14;1.70503e-13;2.16916e-09;1.77808e-16;5.19265e-12;3.85702e-12;3.24758e-20;2.05868e-10;4.21669e-11;6.45732e-12;8.39948e-15;6.13686e-12;3.55719e-11;2.02416e-16;1.09663e-13;4.93861e-12;8.55452e-18;1.00432e-13;2.47111e-11;1.13224e-13;2.94666e-13;2.5395e-10;4.70728e-12;6.67262e-12;6.32616e-09;6.24263e-15;1.42809e-11;5.16199e-11;1.78112e-11;6.84478e-14;7.1393e-11;5.83071e-10;1.233e-11;3.30742e-13;7.21858e-13;8.33385e-11;9.74195e-15;1.07674e-12;2.88022e-09;7.28377e-18;8.01235e-14;2.1428e-09;1.23305e-09;1.45368e-13;2.97305e-13
1.57796e-09;4.71784e-14;3.10071e-14;5.39063e-12;1.25037e-11;8.35484e-10;7.02693e-09;2.49511e-10;6.78467e-12;4.51216e-12;2.93947e-09;4.27079e-12;5.73705e-14;3.33661e-13;1.3101e-11;3.50816e-12;5.90944e-11;9.56676e-12;3.77549e-12;4.57434e-11;1.87179e-11;3.19419e-14;2.62522e-12;1.21593e-12;9.09098e-11;1.20766e-10;5.33625e-12;3.95171e-11;9.44189e-15;1.10868e-13;3.57734e-13;1.99147e-13;1.13178e-14;1.21508e-10;2.28285e-14;1.8238e-13;9.21836e-13;1.66907e-12;3.73568e-13;2.1164e-11;1.31852e-12;7.16405e-16;1.52152e-16;1.62456e-14;6.66023e-11;6.30472e-12;1.13997e-08;1.33017e-14;1.77928e-13;6.03861e-14;2.76448e-13;7.47788e-11;3.2698e-12;1.38625e-16;3.1753e-15;4.37906e-12;2.47183e-13;1.4658e-14;1.85551e-12;4.47355e-12;2.21409e-13;6.9435e-12;4.03699e-10;9.25656e-14;1.9083e-13;1.16155e-13;1.76506e-13;3.57102e-12;3.97407e-14;7.01663e-12;1.63945e-12;1.61561e-13;2.47664e-11;1.00624e-12;7.67942e-15;1.00801e-12;1.97183e-12;2.16825e-12;7.00856e-13;4.1926e-13;3.14646e-12;4.2695e-14;1.12059e-12;1.8763e-12;9.90737e-10;2.04751e-12;2.34319e-10;2.4989e-13;3.41634e-11;1.43743e-13;1.59951e-13;4.73762e-12;1.5329e-13;1.08858e-14;5.54976e-15;7.17225e-13;6.96836e-13;2.72919e-12;2.59705e-13;1.65196e-14;9.10273e-13;2.36288e-13;1.0278e-10;7.09635e-11;4.33318e-11;1.87037e-12;3.18983e-12;7.028e-13;7.65743e-12;1.14817e-12;3.13357e-13;1.06319e-11;8.7829e-14;1.89479e-12;1.07443e-12;1.14213e-13;1.16708e-13;4.44227e-12;4.29714e-12;8.1593e-14;2.33249e-13;5.04232e-13;2.6264e-12;5.84965e-16;2.71938e-14;5.09853e-12;6.58276e-11;7.57497e-10;9.17105e-11;1.52342e-15;3.39744e-12;4.88538e-12;2.15375e-12;4.48124e-11;9.07594e-13;2.13474e-11;2.1774e-13;1.06538e-12;1.00849e-11;2.05389e-13;5.61008e-12;1.16996e-10;4.29509e-13;3.94011e-13;9.00921e-13;2.63865e-12;5.93147e-12;4.11111e-12;6.30419e-14;2.11275e-12;1.18408e-12;2.34847e-12;4.29818e-11;1.99122e-09;1.62722e-10;2.35111e-12;1.19375e-15;4.22723e-13;1.99398e-11;9.49474e-14;8.22733e-13;2.07994e-12;2.63298e-12;8.91282e-12;2.64544e-12;9.36774e-14;1.56689e-15;9.91919e-13;6.19063e-13;1.69845e-12;5.88557e-14;1.45411e-12;3.05615e-12;6.78623e-11;4.02151e-11;5.49903e-11;1.18882e-13;3.28082e-14;1.73334e-12;1.30806e-12;1.25746e-13;7.99361e-12;2.09183e-12;1.26313e-13;3.4837e-11;1.90753e-11;1.56799e-13;3.21265e-14;1.14107e-13;1.17925e-12;6.4693e-13;8.55559e-14;1.00565e-13;3.95234e-12;3.35677e-12;9.38031e-11;8.39399e-12;7.79604e-14;2.4322e-14;3.75596e-12;3.82754e-13;1.96444e-14;8.22414e-13;3.23827e-13;4.93408e-11;6.79538e-13;2.02983e-11;9.45259e-14;4.54871e-14;1.39605e-12;5.16875e-14;1.39112e-13;5.10992e-13;2.08694e-13;1.08004e-14;2.89231e-12;1.77255e-11;1.96264e-13;1.02013e-11;9.55486e-13;1.3918e-16;1.26642e-13;2.86457e-13;1.18716e-12;8.00659e-13;3.10962e-13;3.54164e-13;3.47408e-12;5.03487e-12;1.02008e-11;2.40932e-13;8.37536e-15;6.63038e-14;6.91343e-12;3.48177e-12;6.50721e-08;1.36509e-11;6.57297e-12;6.37284e-14;9.51999e-13;5.0127e-13;3.71519e-14;8.95023e-12;2.71628e-13;7.3099e-12;3.21709e-15;2.36125e-12;1.63618e-12;2.6549e-10;1.49566e-09;6.26151e-13;9.49816e-16;7.57962e-14;1.44448e-12;1.52745e-12;5.04301e-13;2.54885e-13;1.19933e-11;1.28565e-12;3.01855e-14;9.77627e-12;1.96354e-11;1.5908e-09;8.54803e-15;1.48538e-12;3.76758e-14;4.2938e-13;4.5307e-12;2.73283e-12;5.36372e-15;1.08442e-11;1.02676e-13;3.49808e-20;5.59933e-16;1.78009e-16;1.30886e-12;1.29055e-12;1.13819e-12;1.89787e-10;4.73441e-13;3.96597e-13;1.33903e-11;4.48973e-11;8.01363e-17;1.39448e-13;2.07272e-12;1.21473e-13;5.70487e-17;6.00148e-15;1.46201e-13;6.77099e-13;1.65912e-11;5.63052e-11;4.51865e-13;9.39739e-13;3.3253e-12;1.2332e-12;1.66571e-16;2.85212e-12;1.51225e-12;2.23472e-12;2.38072e-14;2.61892e-14;1.2243e-12;1.05885e-15;1.95965e-10;1.58787e-10;2.66353e-15;2.48029e-13;6.04393e-13;3.03152e-12;2.65122e-13;2.25628e-12;2.00152e-13;4.33812e-15;7.45308e-14;8.05912e-13;4.96757e-16;2.32577e-14;3.05653e-11;2.05127e-16;7.83017e-15;7.3886e-14;1.35783e-09;7.81941e-11;1.58832e-08;1;1.14777e-09;2.84085e-08;8.15169e-10;1.68086e-11;6.38485e-10;4.31323e-10;5.82431e-09;1.00557e-08;2.75431e-08;5.96116e-11;2.54674e-12;1.80485e-14;3.77442e-12;2.27199e-10;1.76111e-09;9.16938e-13;4.48294e-16;2.15242e-14;2.33264e-11;1.0114e-11;4.27351e-16;1.62437e-12
8.79829e-10;1.67488e-12;6.36173e-14;4.21197e-13;1.68066e-11;3.7936e-12;2.87667e-10;4.84105e-10;5.94692e-12;2.44001e-11;6.28858e-07;2.59582e-13;7.56984e-12;3.1518e-12;4.52648e-12;1.45919e-10;4.40557e-12;5.14375e-11;2.09072e-13;2.96593e-11;6.91822e-11;3.59931e-12;1.77183e-11;4.94493e-10;2.0807e-10;1.24662e-09;5.79655e-11;9.38379e-12;1.62997e-13;2.63314e-13;1.23553e-12;6.46078e-08;8.73473e-13;2.00917e-10;5.23366e-18;1.34122e-12;5.62368e-12;5.06447e-12;2.10908e-12;6.43832e-14;1.77261e-10;2.06483e-14;4.8374e-16;1.23899e-15;7.56426e-11;5.8339e-14;7.51604e-09;2.0229e-12;5.89439e-12;1.25779e-12;1.88729e-13;8.92514e-12;7.95327e-09;4.12169e-15;2.0817e-11;2.42979e-10;8.4994e-12;2.87824e-12;5.6691e-12;7.52039e-11;2.67481e-09;7.56629e-12;9.24901e-09;4.53979e-13;6.55881e-12;9.94751e-11;4.91774e-12;2.42807e-11;6.21801e-12;3.55148e-11;1.00914e-10;7.72671e-11;1.98755e-11;1.75428e-09;1.4892e-15;4.96168e-11;3.83503e-11;1.73724e-11;6.19732e-12;5.25676e-10;1.4099e-10;1.22996e-10;2.25284e-10;3.95055e-10;5.67584e-08;3.93147e-11;7.31242e-09;1.50966e-11;7.88607e-11;1.99793e-11;2.81197e-12;4.70557e-12;4.47254e-12;3.04918e-09;3.18072e-11;2.64165e-14;5.81893e-15;1.54823e-11;3.45597e-13;2.76398e-13;3.72532e-13;1.48289e-14;1.28554e-09;6.19829e-12;1.17353e-10;3.15449e-14;9.9885e-11;3.30482e-12;1.00871e-11;7.51709e-12;3.62231e-11;1.80522e-12;2.98469e-10;3.9755e-11;1.84647e-12;3.81501e-12;1.09005e-11;7.82038e-12;1.1199e-11;3.27275e-09;1.85119e-11;5.8604e-13;1.70099e-12;1.55672e-14;6.55706e-16;3.45604e-14;1.65477e-11;1.5482e-15;8.37867e-09;1.72893e-16;3.11286e-12;1.77579e-12;6.59449e-12;1.54448e-16;7.29733e-13;2.12181e-13;4.15436e-12;7.10902e-12;1.61071e-11;8.57291e-12;2.65403e-10;1.19842e-10;1.12107e-11;8.09784e-12;1.52052e-13;4.89971e-11;1.51496e-10;4.84286e-12;7.40035e-12;6.02994e-11;8.0999e-13;1.62167e-10;2.81078e-10;1.4331e-12;4.07968e-15;2.18506e-11;1.82789e-13;2.94085e-14;4.13496e-12;3.09126e-12;1.45856e-12;1.36882e-11;3.66718e-11;1.93874e-11;2.88189e-09;2.73462e-14;1.00248e-13;9.35225e-12;1.1895e-12;8.00845e-11;2.55891e-11;2.10585e-11;5.37316e-11;1.56256e-09;2.51972e-11;7.12194e-11;7.6641e-12;7.75311e-10;6.72813e-11;8.97604e-13;2.61722e-12;5.76948e-13;7.76837e-12;1.65296e-09;3.63015e-13;8.99431e-11;4.64591e-13;3.72296e-12;7.26508e-13;8.66331e-11;2.57398e-11;2.30545e-12;4.72832e-11;2.28353e-11;3.51022e-10;2.58387e-12;7.46797e-11;1.98365e-13;7.51755e-13;3.41724e-12;4.75143e-11;1.28172e-12;1.67855e-12;1.04721e-11;1.33139e-08;1.31975e-12;8.45798e-11;1.02956e-12;6.32847e-13;1.77796e-12;1.82408e-12;4.64923e-12;2.46536e-12;1.24422e-11;1.18543e-11;3.64248e-11;1.25951e-11;3.15101e-11;1.04704e-16;1.58732e-10;1.76254e-12;6.77233e-12;9.72962e-12;5.62842e-12;3.49438e-12;3.7594e-11;2.26049e-11;3.29631e-10;5.71029e-07;3.73703e-12;4.24529e-10;1.29802e-13;2.34797e-13;4.55571e-10;4.33687e-12;1.52383e-09;2.73088e-16;1.00433e-11;1.47863e-14;4.71973e-12;1.75813e-12;2.05176e-12;1.29959e-12;9.25933e-12;5.10404e-08;1.56925e-08;1.44299e-06;3.10181e-08;0.998895;1.98072e-05;0.00108169;1.43931e-08;1.26423e-09;4.45239e-10;2.70699e-09;2.47511e-08;1.6101e-09;2.25111e-07;7.19786e-11;3.29074e-12;4.70172e-11;5.24512e-12;2.15573e-10;1.20928e-15;2.27926e-09;1.36809e-14;9.17325e-12;3.48116e-12;4.7758e-12;6.34637e-11;4.85863e-11;7.68654e-11;1.70089e-15;7.64082e-16;6.59625e-15;7.01383e-13;6.54219e-09;5.85551e-18;2.86788e-12;7.62531e-13;1.41751e-12;1.04665e-10;3.85545e-12;1.48228e-13;1.64841e-12;2.85204e-08;9.36692e-13;8.61926e-16;1.17782e-14;7.45421e-14;1.9227e-09;1.00274e-12;2.30246e-14;4.81649e-16;4.88175e-11;1.81271e-11;6.10984e-12;6.72022e-16;1.55159e-12;6.7517e-12;4.50427e-12;3.27697e-13;4.92476e-15;8.55328e-16;1.43387e-12;1.54888e-14;3.92137e-12;1.01387e-18;3.17184e-13;1.5922e-12;1.45787e-13;1.90008e-14;5.46646e-12;4.75701e-12;1.1272e-12;3.42388e-12;4.9934e-11;3.603e-10;8.24886e-12;2.28357e-12;2.39096e-14;1.2087e-11;1.09111e-11;5.56463e-16;1.26952e-11;2.00855e-11;7.19305e-10;5.9986e-11;4.2179e-12;1.44888e-17;5.94907e-12;1.12824e-10;1.00867e-11;1.47603e-13;3.38825e-11;1.15754e-10;1.48687e-09;1.83954e-15;2.88659e-13;3.97417e-12;2.54423e-15;2.04781e-14;1.77218e-12;3.02632e-14;1.5576e-13;6.70105e-12;3.06191e-12;1.26378e-13;4.00082e-14
2.91025e-10;9.13937e-12;5.38001e-10;5.10164e-12;2.3845e-09;7.53018e-11;6.55822e-11;1.86995e-09;1.35805e-10;4.52708e-10;1.09464e-12;8.68702e-14;7.60693e-11;9.36374e-12;1.20499e-10;6.23624e-10;1.64959e-09;1.33731e-11;6.40834e-11;1.14212e-11;9.55787e-14;2.08513e-11;9.02562e-11;2.93449e-11;7.93739e-11;3.65048e-09;3.84666e-07;9.99397e-12;5.88914e-10;6.22759e-07;1.43346e-09;0.000497072;0.000106785;6.86758e-09;0.999386;2.21683e-07;1.63625e-09;1.78172e-09;8.08534e-06;2.77024e-08;1.8407e-07;3.39328e-12;4.47889e-13;1.49164e-10;1.47398e-12;1.31868e-10;1.75413e-10;1.58878e-12;1.49124e-11;3.41642e-11;9.27869e-15;5.82231e-17;3.39387e-10;7.35837e-13;7.77281e-12;1.01252e-10;1.8472e-08;3.7802e-12;6.46115e-11;8.40753e-11;7.91028e-12;9.95261e-14;1.07336e-10;9.27703e-10;1.75053e-11;1.20673e-08;4.57406e-10;3.54203e-10;1.24678e-13;1.36851e-12;3.80901e-11;2.11542e-13;1.027e-11;5.40206e-14;3.22839e-14;1.20361e-11;6.9743e-11;1.87802e-09;7.92749e-12;1.42639e-10;2.31128e-11;1.26779e-12;2.09481e-10;7.01791e-12;3.23842e-10;3.15525e-13;2.11497e-12;1.77445e-12;1.21805e-10;2.34424e-10;3.94392e-11;8.32723e-09;4.13697e-10;1.11557e-11;5.38877e-13;1.42506e-08;2.91261e-09;1.10101e-08;2.86252e-09;2.82071e-13;2.41555e-11;2.18977e-14;8.06689e-12;1.95926e-14;1.66909e-11;4.7949e-11;1.90149e-12;2.24407e-10;6.19434e-11;1.96268e-08;1.45833e-12;1.87872e-10;3.6889e-10;8.22741e-11;1.90584e-08;4.72755e-08;4.63181e-12;5.42645e-13;1.42044e-09;1.04843e-12;3.99239e-10;1.13769e-11;8.70922e-11;9.75422e-14;1.79464e-11;3.41835e-13;7.288e-17;5.56765e-15;3.84587e-15;1.59723e-09;1.472e-11;7.13381e-09;2.01037e-10;3.44456e-11;1.3069e-11;1.59364e-10;4.75071e-12;1.77876e-12;2.43257e-10;5.17352e-13;5.38479e-12;6.72686e-12;2.72263e-10;4.53562e-11;3.58733e-08;6.08082e-11;3.27687e-09;1.89368e-10;2.95584e-12;5.91504e-11;5.71936e-11;4.07776e-16;4.03575e-12;5.43685e-11;1.59205e-10;5.15697e-11;1.74752e-13;6.34776e-12;1.90436e-10;5.60379e-12;4.75357e-11;7.54713e-11;4.45202e-16;8.54977e-10;1.09848e-09;6.23351e-09;2.94362e-12;8.56565e-12;5.03696e-09;1.08834e-09;8.33947e-11;3.67174e-10;2.71083e-09;8.31988e-12;8.62993e-12;1.23756e-11;5.58495e-09;6.12436e-10;2.15087e-08;2.6913e-08;4.10649e-12;2.5692e-11;3.72316e-10;6.52873e-10;1.15568e-10;4.25671e-08;5.23045e-09;1.0347e-07;6.9453e-11;3.45142e-09;2.07197e-11;1.09628e-11;1.768e-12;1.54676e-12;4.67869e-13;3.30121e-11;1.29411e-10;3.01398e-10;2.63724e-08;2.58575e-11;1.28029e-09;6.27893e-12;3.96065e-11;3.80198e-11;3.37909e-11;3.67297e-11;2.33511e-09;3.52614e-09;9.0811e-11;7.99232e-11;9.69384e-13;3.91327e-10;5.35616e-10;1.60226e-10;2.14261e-12;3.87133e-09;9.81992e-10;3.92666e-15;9.10909e-12;5.14147e-10;2.63554e-10;1.64725e-10;8.43523e-11;3.63958e-10;1.73516e-09;1.59418e-12;7.46597e-11;7.3767e-10;6.62881e-16;3.19837e-11;9.64839e-12;2.09434e-11;1.46006e-12;3.47967e-11;6.85507e-11;3.13593e-12;8.8132e-09;5.74718e-13;1.36005e-09;4.01064e-10;3.57417e-09;2.47898e-11;1.00212e-10;7.50782e-11;1.43752e-09;2.46441e-12;6.8327e-10;3.53183e-11;9.88369e-14;3.20001e-07;3.99928e-11;6.28984e-12;4.82568e-10;3.74677e-09;6.05636e-10;2.07517e-10;2.21945e-09;2.61382e-11;7.48296e-12;8.24994e-13;1.18813e-11;2.40591e-10;1.20631e-13;9.43015e-15;2.13021e-12;9.65126e-12;2.89518e-11;4.46388e-11;1.48651e-11;2.78538e-07;1.27185e-10;2.84466e-08;3.12104e-12;3.4805e-15;5.84789e-12;3.11737e-13;1.01025e-19;1.58121e-14;2.22848e-14;8.74512e-12;5.14014e-13;1.37175e-10;7.97927e-11;2.44648e-15;1.3466e-13;8.21036e-12;1.05262e-11;4.83928e-14;5.84123e-12;9.77984e-13;1.24392e-13;7.94154e-15;7.03952e-15;2.73746e-13;6.19107e-11;1.88511e-10;3.27553e-10;1.9779e-12;2.11769e-10;1.32987e-10;7.79246e-11;7.48274e-15;1.24313e-11;8.98812e-14;1.85666e-14;1.47859e-15;2.14247e-10;8.58703e-12;9.29366e-11;2.04752e-09;2.47668e-15;4.27753e-11;2.6378e-11;2.64213e-09;2.86036e-13;1.89948e-11;9.77109e-12;4.72292e-14;6.21396e-13;6.32043e-13;4.13445e-10;6.11131e-09;5.38328e-08;5.13737e-16;4.30657e-12;5.85312e-12;1.35635e-16;2.22721e-12;9.018e-12;5.15198e-12;8.90694e-13;1.25412e-10;2.29594e-10;1.31527e-08;4.29078e-12;1.69553e-10;1.75973e-09;5.61391e-08;1.33193e-10;1.52549e-09;2.81511e-12;4.84595e-18;4.84124e-12;8.65787e-14;2.91668e-12;1.27429e-11;6.92303e-11;1.00638e-07;6.57652e-10
3.30552e-10;1.30415e-13;3.49965e-13;2.61119e-15;3.14549e-14;1.33085e-13;7.2087e-16;2.04885e-15;3.83347e-13;3.74173e-12;5.38818e-16;3.29958e-16;2.30461e-14;2.74279e-12;2.57217e-12;5.08191e-13;2.74887e-13;8.1566e-13;1.88112e-17;5.56742e-13;8.21638e-14;2.1726e-11;1.08755e-12;5.43705e-11;2.56196e-10;9.88004e-15;1.9781e-13;8.60795e-14;1.52025e-13;5.97547e-14;1.23268e-15;1.75423e-13;4.39788e-14;2.13158e-13;2.64887e-15;7.47363e-12;3.51876e-13;1.37183e-13;1.45573e-16;1.28492e-13;3.78267e-15;1.80089e-14;3.37675e-13;2.06449e-15;2.03703e-12;1.32767e-09;6.28144e-14;8.10724e-12;9.58929e-16;2.22202e-17;3.04938e-17;6.95705e-16;9.65318e-13;9.34494e-16;7.40353e-17;1.55646e-14;2.06146e-14;1.3127e-11;1.4027e-11;1.8129e-13;8.99272e-12;4.84044e-14;2.59459e-12;1.72424e-15;3.52788e-12;8.94723e-13;1.24824e-13;2.52741e-12;4.46254e-11;4.0072e-12;3.695e-13;2.89706e-11;4.08095e-15;5.11511e-14;1.92404e-18;1.64366e-12;1.7309e-13;2.5521e-13;3.63315e-13;2.6518e-14;4.85009e-14;1.5671e-11;1.74233e-12;3.00831e-16;3.98943e-11;2.12779e-14;7.22159e-16;1.1275e-20;6.03108e-13;3.45033e-14;1.14724e-11;2.60972e-13;1.79097e-13;4.43711e-11;9.19609e-18;2.65268e-15;4.65237e-17;5.06097e-14;3.8526e-14;3.08482e-09;1.80781e-14;2.40504e-17;4.05562e-11;1.52232e-14;2.65723e-10;3.94251e-18;6.7548e-13;2.59086e-13;7.68593e-14;5.88814e-15;1.13806e-17;1.64514e-15;2.60197e-11;1.05377e-12;3.30215e-12;5.78086e-11;3.64896e-15;1.99532e-12;2.57605e-19;3.71242e-13;1.45483e-13;5.0568e-15;2.28528e-14;6.2686e-13;4.04885e-15;5.38772e-16;7.96373e-15;3.06105e-10;2.92818e-15;2.09669e-17;2.8071e-11;4.73034e-13;6.57069e-15;1.02938e-14;1.79279e-15;4.57223e-16;4.22919e-10;1.09818e-11;3.5607e-12;1.62581e-12;7.33105e-10;7.81425e-12;4.12781e-15;6.23157e-12;1.09622e-14;4.39293e-14;7.63874e-13;7.28002e-14;1.51574e-11;1.66042e-13;7.36331e-14;3.68993e-13;2.14225e-14;1.22325e-13;2.47584e-18;1.59384e-11;2.29541e-14;1.33879e-16;4.16016e-14;2.23199e-11;1.28963e-12;6.27436e-13;2.62061e-15;1.90591e-13;8.22405e-11;4.15056e-18;1.86507e-13;6.6656e-15;4.09183e-11;1.14698e-12;1.84168e-09;1.25061e-11;7.07811e-13;2.67922e-12;2.10609e-11;8.43189e-10;3.67291e-15;6.09546e-11;7.59515e-13;2.06695e-13;6.63879e-11;2.19073e-11;9.98299e-14;1.48463e-10;4.30574e-12;9.71271e-13;3.34549e-14;1.49393e-12;7.74811e-14;1.91402e-13;7.38154e-12;1.66326e-10;4.42801e-13;1.12935e-13;5.77794e-10;1.05172e-09;1.40295e-10;5.18172e-14;1.6343e-12;1.69865e-13;8.06343e-13;2.624e-11;1.67061e-12;1.49592e-13;2.5422e-11;1.14626e-10;8.47178e-11;4.63737e-14;1.69117e-11;7.0112e-14;3.46229e-12;5.00278e-15;1.55532e-12;3.94081e-13;2.00021e-10;1.96453e-12;1.00188e-13;3.52452e-14;1.02831e-10;1.73948e-12;4.72196e-18;5.7235e-12;2.35126e-12;2.88923e-12;5.15588e-12;1.59421e-11;2.19404e-13;7.16147e-12;1.47456e-12;1.27039e-11;1.39533e-12;6.47895e-17;2.04057e-10;8.6696e-13;9.89018e-14;3.0102e-12;6.44426e-13;1.25941e-14;1.0503e-14;1.13386e-10;1.63008e-13;6.19138e-14;8.65986e-14;4.32969e-15;1.16423e-11;1.20585e-10;1.16368e-12;2.83128e-14;8.26211e-10;3.11731e-13;1.2708e-15;2.49569e-17;1.42908e-12;4.41634e-14;3.44722e-13;1.08185e-14;3.609e-13;2.29369e-15;3.73968e-13;4.73431e-12;1.32264e-13;3.46192e-13;1.17702e-14;1.4308e-14;1.59354e-17;5.38591e-17;1.22586e-11;2.10702e-13;2.8657e-14;6.39926e-12;2.8632e-12;1.76317e-12;7.47927e-22;4.55204e-06;7.58813e-09;3.36667e-13;0.999372;0.00062047;3.16793e-06;3.6767e-14;1.95276e-07;6.53416e-12;9.13147e-11;2.50467e-15;5.08295e-11;7.53684e-10;4.41021e-15;2.06772e-11;6.28744e-15;3.40942e-17;1.09847e-12;3.04829e-15;5.20862e-17;1.07875e-25;1.55338e-12;2.09914e-13;1.00089e-13;3.03244e-16;1.11807e-13;3.40788e-16;3.40438e-13;8.06464e-13;4.83004e-14;3.21799e-16;1.42014e-12;1.65508e-15;5.45009e-12;2.73376e-25;1.59924e-12;7.49511e-13;8.25663e-19;7.47879e-15;7.99783e-17;1.12155e-12;6.06216e-13;6.55617e-14;3.18846e-13;3.26777e-12;4.24823e-15;9.34307e-15;7.3077e-20;9.03597e-13;8.27066e-14;3.33842e-14;3.11858e-10;1.14594e-13;5.87401e-15;2.01104e-13;7.20291e-14;5.22914e-17;6.94778e-10;1.91244e-12;1.56457e-12;7.96626e-10;1.84323e-13;4.45327e-13;2.7344e-11;1.77583e-15;3.0191e-12;2.99486e-12;2.1137e-13;3.45612e-22;3.2579e-14;6.66703e-17;6.0835e-10;3.36099e-13;1.21945e-14;1.02143e-12;2.44551e-14
7.36896e-10;1.30744e-08;7.01372e-11;7.52813e-11;9.76526e-13;3.18465e-12;3.30593e-12;2.17594e-11;2.62031e-11;3.70183e-11;1.9163e-11;5.52131e-14;4.13567e-13;3.24119e-11;6.33995e-12;4.52125e-12;3.72386e-11;3.2538e-12;4.37908e-13;4.50753e-11;1.1408e-09;1.03653e-11;4.0923e-13;1.79282e-11;4.09714e-12;3.13603e-12;1.59893e-11;0.999998;2.00198e-11;5.17035e-12;1.91167e-12;7.2575e-10;1.045e-14;5.64743e-17;1.73712e-10;4.95593e-13;2.10649e-11;6.14792e-12;4.5493e-16;4.69801e-14;9.51042e-15;1.20981e-06;2.10538e-10;3.47046e-11;5.37268e-10;6.05418e-11;6.34324e-14;3.43112e-12;4.56414e-12;1.12487e-12;4.45145e-07;5.59676e-13;7.45154e-16;8.55063e-10;1.55448e-13;2.00909e-11;1.96495e-13;4.48039e-11;8.89834e-11;1.79254e-11;6.05865e-11;3.11197e-13;1.11897e-14;1.6245e-10;1.46787e-11;3.27371e-11;1.3559e-11;2.73706e-12;5.91251e-11;3.83171e-11;5.18826e-12;4.76962e-09;6.80114e-13;6.95138e-16;3.07422e-11;3.89894e-12;7.0425e-11;2.62647e-11;1.15807e-11;2.03424e-12;6.3856e-12;2.22985e-11;5.61744e-11;7.65669e-11;1.55634e-12;3.29479e-11;2.11136e-14;1.84873e-12;7.93555e-12;5.40267e-13;1.4032e-11;1.02398e-11;2.45653e-11;5.33209e-14;1.98657e-13;2.21805e-14;1.26237e-12;4.58143e-13;1.28072e-13;1.61615e-08;2.01002e-10;1.13677e-11;5.66835e-09;1.4095e-12;4.53742e-15;2.37908e-12;2.21634e-12;3.59575e-12;1.44268e-12;8.16196e-13;3.30083e-14;8.60249e-15;1.48711e-12;1.80714e-12;6.54358e-11;1.52871e-08;2.729e-12;6.59027e-14;8.53342e-12;3.18955e-10;3.13691e-11;9.21667e-12;1.48676e-12;8.46555e-11;1.11228e-09;9.74289e-13;3.05751e-11;1.07284e-12;5.23221e-17;6.02436e-11;2.11276e-11;1.34037e-10;1.11946e-10;1.58593e-11;4.53501e-13;5.66207e-15;1.14122e-10;2.34473e-09;1.54536e-11;7.97558e-12;4.47779e-13;4.44953e-15;7.9642e-13;8.02313e-13;8.40335e-10;2.22064e-12;3.02191e-13;9.94631e-13;6.60733e-12;4.33472e-10;1.11252e-11;1.92039e-09;1.89814e-14;7.41376e-17;4.82779e-10;1.93637e-12;1.15279e-13;1.11217e-13;7.66681e-14;6.02669e-11;2.2132e-11;7.08048e-12;5.72604e-13;3.82481e-12;1.86611e-13;8.72351e-13;5.72417e-13;1.22694e-12;2.24182e-12;4.76827e-13;4.98846e-11;6.1506e-11;5.05312e-13;1.42148e-10;6.37294e-14;9.01152e-14;3.71008e-11;3.7358e-13;2.70118e-11;1.87483e-12;1.28019e-11;2.23785e-12;1.45885e-10;1.5394e-11;2.09454e-12;3.81505e-15;2.66118e-12;2.30631e-11;1.62964e-12;2.99112e-12;2.32442e-12;1.66738e-12;2.14843e-12;3.64557e-13;2.29069e-12;1.43873e-12;3.18102e-16;1.44088e-12;2.57519e-13;2.45689e-13;1.4976e-13;1.14805e-11;9.76503e-11;1.68359e-12;1.32584e-10;3.78614e-11;7.77862e-13;3.75159e-11;1.08029e-11;9.8711e-11;6.3066e-12;2.04574e-11;4.25313e-12;8.90546e-12;4.23734e-12;7.7793e-11;9.14646e-12;5.59689e-13;6.31298e-12;1.95487e-15;8.61834e-13;8.45086e-13;3.91624e-12;1.61679e-12;3.91777e-12;1.29841e-12;9.36124e-12;1.08722e-10;3.41036e-12;1.5071e-10;2.48065e-12;2.33422e-11;1.40922e-11;2.39534e-10;3.16339e-11;1.00226e-09;1.47339e-12;1.00781e-14;4.15618e-11;2.05032e-12;3.59071e-12;2.2804e-12;1.47638e-12;3.81249e-14;5.41028e-12;7.7843e-11;1.56277e-10;3.50838e-13;6.33226e-11;3.96037e-11;1.16823e-18;1.18591e-11;2.62162e-12;2.49606e-12;2.24383e-11;2.1294e-11;8.54186e-15;2.84743e-13;8.77872e-12;1.46715e-11;6.84722e-12;5.53921e-12;3.85039e-08;1.36194e-11;3.5253e-14;2.95019e-11;6.37313e-11;6.19669e-13;4.17687e-12;8.26943e-10;3.10716e-11;2.22711e-14;7.75236e-10;3.34921e-10;2.05861e-11;1.69697e-11;7.28075e-11;5.34341e-17;1.28125e-14;2.7892e-13;9.34765e-10;4.46958e-11;1.62377e-10;6.49182e-12;9.60244e-12;6.93432e-14;4.66061e-13;1.45268e-10;7.15395e-10;2.58751e-12;5.39734e-09;1.65725e-14;6.96952e-18;9.863e-10;6.02376e-13;2.70588e-12;1.32936e-11;6.60777e-13;3.00601e-13;2.14065e-14;1.77176e-12;1.29093e-12;1.05572e-11;1.79335e-12;1.26542e-10;1.74967e-14;9.50323e-18;2.90619e-14;2.50315e-12;7.06718e-13;1.44725e-13;3.02003e-13;9.19509e-15;9.74072e-12;5.81889e-12;2.30519e-10;1.77875e-11;2.89137e-13;1.08871e-09;3.51545e-15;2.93006e-10;2.08733e-11;3.50523e-11;4.92878e-11;1.41562e-11;5.99872e-12;1.17129e-10;6.66535e-13;2.33712e-12;5.36415e-13;1.72416e-10;1.59856e-09;1.51881e-10;5.60892e-10;7.11168e-13;1.0956e-13;5.09438e-09;1.07604e-10;1.99815e-11;8.37153e-12;9.76148e-10;3.52368e-15;3.74193e-13;2.09981e-10;7.71924e-10;2.74337e-10;1.59462e-12;1.23295e-11;6.75978e-14
3.58328e-11;6.46814e-10;8.66803e-10;6.23449e-10;4.64225e-11;8.49765e-12;2.11447e-10;2.15929e-10;9.45988e-11;5.27051e-10;7.99508e-10;2.75444e-12;1.21746e-08;4.25863e-10;1.85294e-10;2.34977e-11;2.47132e-09;4.85335e-11;3.7761e-11;1.44456e-09;2.63889e-10;9.25118e-11;1.25347e-11;4.18699e-10;6.61076e-10;1.15641e-08;1.65741e-11;6.37931e-09;4.61134e-12;9.73224e-12;8.38937e-09;1.39822e-11;8.65253e-13;4.47614e-11;1.74352e-10;2.58319e-10;7.65245e-09;3.80627e-10;2.16116e-10;7.7771e-12;5.50137e-13;3.59814e-08;2.03755e-10;1.25522e-10;4.81374e-10;4.72134e-12;4.89809e-10;2.50811e-11;1.90124e-10;8.85331e-10;1.42424e-07;5.94718e-15;1.22956e-12;8.19496e-12;1.42261e-09;9.68768e-10;3.66915e-11;2.7787e-10;4.47401e-10;2.29998e-09;1.13257e-07;2.39388e-10;6.23236e-09;9.5914e-11;1.59751e-10;3.22929e-10;3.37877e-10;2.73751e-09;2.42171e-10;1.31971e-10;9.78305e-10;2.69396e-09;1.21834e-10;8.11373e-09;6.38044e-11;3.28858e-11;5.14251e-10;9.14228e-12;1.68288e-10;4.87868e-11;1.79445e-09;5.39664e-09;7.52044e-09;3.29884e-09;7.50403e-08;7.02961e-10;2.5224e-09;2.3791e-10;3.85754e-09;1.9895e-11;4.96803e-10;7.7628e-09;7.40994e-11;1.0361e-09;9.45823e-09;2.16589e-10;5.8487e-11;3.97149e-11;3.31552e-11;1.83466e-11;5.4112e-12;1.33854e-09;3.78675e-09;2.58807e-12;5.82512e-11;1.54312e-10;1.75285e-10;1.04839e-10;2.43682e-10;1.02604e-09;3.39318e-11;9.37856e-13;8.42501e-11;5.45954e-11;4.23225e-10;4.63923e-11;2.51131e-11;5.85666e-10;1.55784e-10;7.68651e-07;7.93168e-10;8.47264e-12;8.15956e-11;1.75937e-13;2.1796e-12;5.95315e-10;4.54336e-12;3.66605e-12;5.47603e-12;9.21571e-15;1.85268e-11;3.99803e-11;3.13753e-11;6.54524e-11;1.99249e-12;5.96849e-12;1.86184e-10;6.86561e-09;4.72112e-09;5.72149e-07;1.93381e-10;2.13953e-09;1.85459e-10;6.78456e-10;1.12756e-07;1.76762e-08;3.17197e-10;5.6708e-11;2.03914e-12;4.14872e-11;5.64216e-11;5.12035e-11;4.95803e-12;2.93867e-12;5.85921e-11;1.46959e-11;2.50985e-11;1.99577e-11;7.65369e-10;5.82265e-10;8.10969e-10;8.69836e-09;4.12831e-10;9.1954e-11;2.00622e-09;2.12079e-09;2.44286e-08;7.33614e-10;2.11288e-10;4.60045e-10;9.38983e-10;1.42162e-09;4.2149e-10;1.75511e-09;5.8051e-10;1.5709e-10;1.69676e-09;7.26402e-09;7.59444e-10;6.8407e-11;1.42495e-10;2.29674e-09;1.10598e-09;7.24462e-09;2.81239e-10;3.3596e-10;1.9142e-10;2.69087e-09;1.05163e-09;7.16775e-10;8.76601e-09;2.03867e-10;2.89258e-10;1.1928e-09;7.36808e-09;1.04164e-09;3.10467e-11;8.88877e-11;3.93474e-07;6.00559e-09;1.62204e-10;8.93118e-10;1.16015e-09;7.91819e-10;1.89879e-08;1.39877e-11;1.50579e-09;1.1909e-09;1.42866e-10;1.04514e-09;5.66895e-10;6.44184e-10;7.1301e-10;4.09964e-09;6.25195e-12;1.35412e-10;6.90035e-10;4.12975e-10;1.69134e-09;1.12236e-12;5.63314e-11;2.77161e-11;3.40067e-11;5.66958e-11;5.95001e-10;9.05115e-10;6.46051e-10;1.19127e-09;4.18988e-08;5.64798e-08;2.7532e-10;4.47619e-10;2.08104e-11;1.98679e-10;1.92838e-08;1.03259e-06;5.69745e-11;3.12408e-09;1.41183e-10;1.08348e-10;2.64533e-11;2.45596e-11;5.36744e-11;1.299e-12;3.8675e-11;1.78104e-11;9.8118e-12;2.51185e-10;4.25094e-11;4.68838e-13;4.26331e-10;6.23224e-11;7.067e-11;1.38404e-11;9.4786e-11;1.80124e-12;9.65826e-12;2.96132e-11;1.55475e-09;4.66675e-11;6.76713e-10;4.5584e-09;5.25314e-10;7.60609e-11;1.1343e-10;5.85678e-09;2.52731e-10;7.7244e-11;3.24259e-10;1.18435e-08;5.2919e-10;7.05081e-12;3.94365e-06;9.01316e-08;8.52499e-08;2.23352e-06;0.000513107;3.97929e-05;1.7844e-05;0.99936;4.97188e-08;1.76213e-08;3.89415e-08;6.65252e-07;2.47009e-07;1.26114e-07;3.92976e-11;4.57857e-11;9.78052e-11;2.20427e-10;5.84399e-05;1.33525e-16;2.02753e-15;3.33467e-13;6.40914e-10;5.65383e-11;9.86041e-11;7.8346e-13;3.8876e-11;1.45192e-11;1.43866e-10;3.84577e-11;4.58362e-12;3.08753e-11;9.35838e-13;4.36813e-14;1.03715e-13;2.49755e-14;1.36292e-10;9.38932e-11;5.92368e-10;4.51614e-10;5.77996e-11;9.14627e-11;1.45184e-12;2.21099e-10;3.7188e-10;7.37e-12;1.77571e-09;5.11317e-14;4.45674e-13;3.23596e-10;6.68859e-12;1.76046e-16;2.85523e-10;6.70767e-11;5.64057e-09;5.0279e-10;9.10351e-11;3.36508e-11;4.16885e-11;6.52304e-10;8.82566e-11;4.12815e-12;6.22667e-11;4.01192e-12;4.81118e-10;8.80613e-18;3.13216e-11;3.84228e-11;4.04656e-08;8.74428e-15;1.22026e-11;6.86536e-13;1.86419e-11;3.07954e-11;7.1617e-11;4.36013e-12;2.40598e-13
3.9305e-14;3.41051e-13;2.61355e-13;5.21453e-13;2.73519e-16;4.95281e-13;3.90658e-12;9.34367e-08;2.32557e-11;1.72292e-11;3.51098e-13;8.52747e-09;1.68889e-09;7.30374e-12;2.21079e-12;2.62712e-12;3.42864e-12;1.38372e-12;2.66101e-10;1.80816e-11;3.94066e-09;2.54522e-13;4.44397e-12;1.00768e-13;9.87003e-13;7.22864e-13;1.75858e-11;4.94043e-12;8.80423e-16;1.09796e-15;2.47933e-12;6.93335e-12;1.24791e-10;1.24079e-13;7.54744e-14;7.91935e-12;2.31308e-11;5.0935e-11;8.93814e-13;2.02464e-13;9.56534e-17;5.7241e-12;8.71029e-14;2.29249e-11;6.39588e-13;1.11911e-11;3.74832e-12;2.14756e-14;2.19787e-13;3.43135e-15;1.15916e-10;2.85644e-14;2.51739e-14;9.87488e-12;6.43534e-11;1.60853e-09;1.46692e-12;2.72585e-12;6.11893e-12;7.21217e-11;1.85638e-11;1.91964e-11;6.81812e-12;2.71472e-12;4.47488e-12;9.98565e-08;1.90176e-08;2.563e-08;9.07024e-14;1.94401e-13;4.86114e-12;5.27384e-12;2.73005e-09;1.63306e-12;1.3804e-12;6.96359e-12;1.21573e-11;1.06506e-12;4.48088e-10;1.32568e-11;2.55731e-09;1.59938e-12;1.73674e-11;1.35529e-10;2.39963e-12;7.95537e-09;3.04311e-13;1.40201e-11;8.97986e-11;3.86588e-11;3.02886e-11;2.44886e-09;1.65906e-11;1.04732e-09;1.62401e-05;1.24735e-08;4.32866e-09;6.66641e-10;1.38803e-09;5.97873e-15;7.96816e-14;5.78471e-12;6.43524e-15;2.95583e-15;4.0792e-17;1.79792e-14;3.3804e-11;2.18568e-12;7.75279e-12;9.24143e-08;9.63275e-10;7.02682e-13;1.90494e-13;3.06198e-13;1.99665e-12;1.07713e-13;2.01286e-12;7.83525e-16;1.20981e-12;1.40903e-08;1.76677e-07;2.43669e-09;1.68203e-10;5.87685e-17;1.48973e-15;6.58724e-14;7.93324e-15;4.01747e-13;8.60446e-19;1.36418e-13;2.48153e-12;2.72093e-11;1.08926e-11;4.24508e-09;1.37928e-10;2.84438e-11;4.54683e-14;1.54584e-12;4.58133e-13;1.04588e-12;2.53382e-13;9.27137e-17;6.52616e-13;1.70447e-11;1.34437e-07;1.26009e-08;1.43163e-10;2.24356e-11;5.93939e-15;3.24984e-14;3.72203e-13;6.34432e-17;7.86031e-14;2.74852e-17;2.15856e-10;1.80472e-12;2.98186e-09;1.80959e-07;6.21888e-10;4.15551e-12;6.56039e-12;3.45904e-11;1.31656e-15;1.62785e-11;4.07182e-12;1.4272e-10;1.14326e-06;7.76024e-09;2.85519e-09;4.9578e-11;6.27569e-12;2.22336e-12;9.88627e-12;4.55089e-12;4.18236e-11;1.04105e-15;1.25099e-12;4.15128e-08;5.20671e-09;5.08568e-09;7.37768e-14;5.20268e-13;9.99437e-12;2.94107e-13;6.03958e-10;8.23958e-15;1.47351e-14;2.85588e-08;3.66959e-08;1.6465e-09;1.57691e-09;7.81251e-14;1.21924e-12;1.34809e-12;4.88018e-13;4.59334e-12;2.33384e-16;1.54519e-11;2.45435e-08;5.08067e-08;3.4624e-10;4.10668e-13;6.44054e-13;3.37605e-12;1.3899e-13;1.55095e-12;4.23165e-13;1.36971e-12;1.06307e-12;2.90357e-11;6.20647e-10;6.19693e-08;1.97983e-09;3.20042e-09;6.76111e-16;8.60676e-13;1.01761e-11;1.38696e-13;2.13141e-09;1.57668e-12;6.10325e-10;6.2356e-12;3.19084e-11;7.46935e-12;5.9268e-10;1.84924e-09;4.98746e-09;5.57599e-10;0.000715968;0.997948;5.21044e-07;0.00131518;2.29274e-14;6.19993e-12;2.46644e-11;8.69818e-14;2.61972e-09;6.51524e-12;4.68821e-12;1.31731e-12;1.49242e-11;7.746e-15;5.43781e-12;3.7794e-13;8.63672e-12;1.24447e-14;3.48046e-14;2.76604e-13;3.73403e-14;1.98491e-08;7.18825e-13;6.35561e-12;3.55806e-12;1.08036e-11;1.07604e-11;1.72291e-10;3.62108e-13;3.35305e-10;4.25582e-12;1.35378e-12;1.39889e-12;2.91534e-11;7.01963e-13;5.84997e-11;5.33175e-15;2.0764e-11;8.99086e-12;8.17151e-13;4.72586e-12;7.64878e-10;2.2011e-10;2.26385e-12;1.68532e-06;1.362e-15;3.11892e-15;5.59487e-15;2.99789e-19;3.98563e-13;3.01037e-19;2.26745e-15;2.11114e-12;1.31398e-13;5.67022e-12;9.29188e-12;7.43382e-13;1.70139e-13;1.06283e-08;1.1622e-13;1.04489e-14;1.93859e-13;6.17236e-09;3.79269e-09;1.845e-19;1.29083e-14;6.64192e-10;1.35918e-10;8.7187e-12;3.34605e-11;3.47944e-11;8.86537e-11;1.91709e-11;1.01675e-15;1.12907e-14;2.75064e-13;5.89889e-18;3.0275e-14;5.84442e-20;5.7473e-14;2.34382e-12;1.02383e-12;9.43398e-11;1.08051e-08;4.88817e-11;1.03822e-10;2.06283e-12;7.04543e-11;1.64231e-11;8.60052e-12;2.42557e-11;1.45001e-12;3.02474e-10;8.87099e-08;3.36551e-09;1.14045e-15;1.43314e-12;1.61925e-11;6.30814e-14;6.02509e-09;6.16297e-12;8.67635e-10;1.58282e-12;1.3072e-10;2.72974e-11;1.66291e-10;1.10581e-12;1.46352e-12;6.34472e-11;1.90881e-14;3.01615e-11;1.2005e-12;5.50424e-11;6.35509e-11;3.16314e-15;2.91792e-11;1.4216e-12;5.62359e-12;4.96605e-11;3.14696e-10;1.63047e-11
3.62907e-12;3.43286e-13;7.88374e-12;3.79176e-13;1.64045e-16;1.01297e-08;1.61673e-10;1.00655e-14;5.17085e-12;2.17307e-12;7.42157e-19;1.0305e-08;1.43376e-11;4.34441e-13;1.81525e-11;5.49699e-12;4.51107e-12;6.53236e-12;1.42906e-11;1.44238e-12;2.06329e-15;8.77856e-14;3.29732e-12;3.33277e-15;7.2417e-08;2.92058e-15;2.31797e-12;8.34514e-13;3.24385e-17;4.33513e-13;4.14132e-14;7.70527e-19;2.90049e-06;1.4025e-17;7.45246e-15;2.10472e-12;1.52461e-12;1.07159e-11;1.04538e-15;5.12079e-10;4.31075e-15;8.69886e-11;3.51801e-14;9.71677e-17;2.46499e-14;5.65093e-14;4.39857e-15;1.21446e-15;7.43068e-13;2.80589e-16;9.27436e-15;2.70521e-07;6.0745e-16;3.61225e-14;5.60209e-14;2.15863e-12;1.41288e-14;8.16326e-13;2.57256e-12;4.38004e-11;1.36393e-13;8.28315e-06;2.91201e-11;1.10203e-10;2.05402e-11;9.2741e-11;3.96003e-11;1.34204e-09;2.86226e-15;3.43e-14;2.13743e-13;1.61014e-14;1.66731e-07;1.14788e-16;2.01794e-13;3.25097e-12;3.70195e-12;3.52438e-14;7.0198e-09;1.4192e-12;1.15047e-10;1.24809e-16;2.3274e-14;1.85524e-11;1.88582e-18;3.52489e-08;5.23307e-15;1.41744e-13;2.26827e-11;4.39181e-13;2.01841e-13;6.9821e-12;9.48286e-13;1.28834e-16;1.0613e-06;1.74046e-15;1.32217e-14;6.85919e-12;2.45614e-12;2.4904e-17;2.31858e-16;9.97144e-13;2.46027e-15;4.9265e-07;7.00355e-18;1.75507e-16;7.16847e-12;2.43046e-12;9.10249e-13;9.1455e-14;4.97163e-09;6.45264e-14;3.38801e-14;1.61913e-12;6.22403e-13;8.51372e-14;3.67019e-06;1.13908e-17;2.31203e-13;3.1389e-14;1.76429e-11;4.27789e-12;4.26225e-10;1.40296e-13;1.51595e-11;4.29715e-11;2.23759e-08;0.996677;3.0382e-11;9.26677e-07;6.7337e-10;7.88856e-09;2.82013e-09;1.92127e-08;0.00183094;1.8226e-09;1.45342e-13;1.59525e-13;2.49757e-13;1.57086e-12;1.96351e-08;1.12375e-13;5.19285e-09;1.28811e-10;9.05415e-13;1.49271e-08;3.04971e-15;3.17987e-10;2.83121e-14;2.35598e-13;9.96014e-13;7.9622e-14;2.17735e-08;2.54147e-17;2.70464e-10;1.27372e-11;2.13088e-15;9.84534e-09;1.37932e-12;4.27035e-13;4.36481e-12;1.04954e-10;1.62057e-14;1.95098e-09;4.72419e-11;5.91812e-12;3.55147e-11;7.08028e-13;1.14412e-13;2.22424e-08;1.89911e-12;2.76055e-11;8.32645e-11;3.12287e-10;2.46851e-05;1.49923e-14;1.29692e-11;1.27352e-12;6.23698e-10;1.85022e-12;1.48988e-13;2.85422e-12;2.34548e-13;2.06359e-13;2.93415e-06;8.42059e-14;9.3135e-12;4.9593e-15;3.13884e-09;2.62752e-12;3.17404e-11;3.29211e-14;9.33499e-13;5.43077e-13;4.29504e-14;2.48594e-08;4.33268e-17;2.96596e-13;8.59747e-15;2.44836e-09;2.58577e-13;1.37276e-13;7.79225e-12;8.90614e-12;3.78896e-13;1.53147e-08;6.24246e-13;9.19933e-12;1.32312e-12;5.078e-12;4.35565e-13;1.51038e-11;7.07998e-12;3.89563e-11;9.55469e-16;1.49201e-13;9.55534e-13;2.81721e-16;3.16787e-09;1.45876e-15;2.5135e-14;2.84881e-12;1.097e-11;1.22462e-11;9.00427e-11;7.29731e-13;4.76026e-12;9.39338e-12;5.65989e-13;7.1034e-07;7.86577e-15;2.49264e-10;1.96507e-15;4.67517e-13;2.05057e-13;1.74198e-17;1.12346e-07;9.86145e-18;9.29639e-13;8.81416e-13;4.62168e-12;6.41621e-16;3.1228e-09;2.08897e-15;6.18328e-11;1.90316e-16;1.1809e-15;1.16506e-14;7.93043e-16;8.18881e-10;3.5694e-17;6.22239e-13;3.44504e-13;1.00618e-11;7.65109e-11;2.43431e-12;8.19906e-08;3.07488e-11;5.09354e-13;1.68844e-14;2.27097e-14;1.8769e-12;3.20406e-18;1.95438e-11;4.15348e-15;4.25223e-13;7.03701e-13;1.07071e-11;6.74176e-11;4.24133e-15;9.64517e-10;3.4321e-15;5.67163e-22;6.18335e-16;6.22321e-14;3.20754e-14;1.11321e-14;0.00144266;5.59702e-23;1.51602e-16;1.67056e-13;6.86866e-13;1.62506e-11;1.94765e-15;4.97813e-09;8.34464e-13;3.63006e-10;2.57615e-15;7.34695e-14;6.27363e-13;2.56628e-14;2.50589e-08;4.75296e-19;5.02209e-14;3.40042e-12;2.83903e-09;1.04579e-10;1.12848e-15;1.2607e-06;3.45629e-10;3.48546e-12;2.47934e-16;2.615e-14;3.12176e-15;4.25995e-18;7.18643e-07;9.92172e-15;1.207e-19;1.60312e-12;1.23332e-12;5.36691e-18;2.17944e-07;3.31102e-14;1.25783e-11;1.47478e-14;3.26845e-11;1.85173e-11;1.17085e-13;6.06989e-10;1.50891e-18;7.00383e-11;8.04756e-12;9.31323e-13;1.89086e-15;3.87106e-12;3.26442e-09;1.81298e-19;1.62817e-08;9.0974e-12;2.35408e-11;6.13243e-12;6.76976e-12;4.97784e-11;9.57596e-11;6.7979e-11;2.43964e-09;3.72641e-11;1.1847e-20;1.48835e-14;3.26257e-13;5.5247e-22;6.18139e-07;1.42365e-15;4.61554e-12;1.63141e-14;3.89111e-14;5.45462e-13;9.58727e-15;3.72784e-09
2.02836e-11;1.5389e-16;3.45586e-18;1.80949e-16;1.48438e-16;4.09312e-16;1.89144e-13;2.28024e-14;1.04808e-15;4.2789e-17;1.05096e-13;4.52203e-19;8.91424e-17;2.54241e-15;2.10155e-15;3.73259e-15;6.17732e-16;1.92931e-14;1.22946e-16;3.19081e-16;1.44878e-17;4.10229e-17;1.03368e-15;4.79072e-16;1.54074e-15;7.97743e-15;3.9691e-17;1.58068e-16;2.84008e-17;8.63375e-18;1.33522e-17;4.69462e-12;3.03129e-16;2.57456e-16;2.16323e-23;4.80699e-16;6.11582e-17;9.81751e-16;4.16602e-18;6.96781e-18;1.74567e-13;8.9352e-19;4.91337e-16;7.55031e-18;3.30224e-16;4.58002e-15;2.0906e-14;1.02294e-16;1.20542e-17;9.80553e-20;5.22439e-15;9.34998e-20;4.64583e-16;3.51142e-16;7.00594e-18;3.92932e-17;1.67745e-17;9.14922e-16;8.68611e-16;1.52643e-16;5.02232e-13;4.22608e-15;3.53767e-13;1.27272e-17;2.56508e-15;7.77124e-16;9.54081e-17;1.60232e-14;1.42009e-15;6.67001e-17;5.40062e-16;4.08386e-14;3.02539e-15;1.00183e-16;1.53253e-19;1.58304e-15;8.8862e-17;6.11359e-17;1.04844e-16;2.0069e-15;6.64889e-15;1.54728e-17;2.30667e-19;6.82892e-17;1.56584e-14;1.89135e-17;1.27438e-15;2.50934e-22;3.01611e-15;1.84519e-17;1.68185e-15;2.34294e-17;8.21169e-17;2.78215e-15;1.64674e-16;1.47481e-17;6.72027e-20;2.17255e-15;1.13153e-16;4.73647e-19;2.31887e-19;6.45323e-17;1.49208e-15;2.56712e-17;2.34355e-14;1.51521e-21;2.63154e-16;3.5681e-17;1.34015e-16;1.49364e-15;3.48049e-15;5.25482e-17;9.5663e-18;5.62263e-16;1.63657e-18;1.15611e-16;1.74713e-17;4.52616e-18;2.92092e-21;3.37562e-16;1.88686e-17;3.93903e-16;3.64883e-16;3.80755e-18;5.27362e-20;1.26267e-18;6.9794e-11;7.565e-19;1.44745e-16;1.63702e-19;2.71333e-17;1.04653e-17;1.25169e-16;2.40374e-18;2.46698e-16;4.5149e-17;6.5213e-15;1.72318e-16;7.35315e-17;2.2621e-15;2.68883e-15;6.95046e-13;4.15477e-18;3.0709e-16;6.34849e-18;4.8603e-16;3.03868e-17;1.18547e-15;3.96428e-15;5.46503e-17;2.49894e-17;3.0218e-11;1.01791e-14;1.65088e-14;1.52596e-21;4.13505e-15;1.37255e-17;2.76359e-16;1.06685e-15;6.71768e-16;2.71447e-16;4.2159e-15;1.64082e-15;1.05959e-15;1.14102e-12;5.01158e-18;5.73804e-17;8.59023e-16;2.37865e-16;1.83064e-15;4.55562e-16;4.35292e-16;5.14023e-16;1.85889e-14;1.56474e-16;4.01526e-14;5.55567e-19;9.7649e-18;1.74501e-15;1.21229e-17;2.91828e-14;4.06839e-17;4.24413e-15;2.46643e-14;2.8427e-14;1.92063e-13;7.46321e-18;2.61679e-17;3.25562e-17;2.07473e-15;4.74168e-14;1.00204e-14;1.03837e-16;1.16188e-14;1.98574e-13;2.40849e-14;1.62214e-13;1.1539e-17;1.6208e-17;3.79078e-15;7.41399e-15;9.98964e-17;1.04751e-17;7.39275e-15;2.06482e-13;1.18205e-16;8.42648e-16;1.10172e-17;5.60071e-17;1.58141e-17;3.31804e-17;1.88313e-16;9.67813e-17;2.42235e-16;8.29656e-16;6.86096e-17;1.77334e-16;7.22569e-17;1.31115e-20;2.97398e-14;1.71467e-21;4.04479e-16;2.52279e-16;6.03398e-16;9.1802e-17;2.4676e-15;1.2279e-16;1.71375e-15;1.58427e-13;1.52573e-15;2.13344e-13;3.57353e-17;3.2813e-16;4.40086e-15;3.43486e-15;3.59584e-18;1.42407e-16;3.51563e-14;2.47754e-19;2.13212e-16;1.22277e-16;2.24053e-15;3.8019e-14;4.38678e-15;5.02949e-15;3.78632e-16;2.28241e-16;3.50411e-16;5.93766e-12;3.56462e-17;2.84639e-12;1.0634e-16;1.85139e-16;4.95227e-17;6.41246e-17;1.3824e-14;1.58105e-14;2.03012e-15;2.90341e-16;2.20161e-17;1.39359e-17;1.80973e-16;1.32922e-15;4.34406e-19;3.24042e-13;5.04829e-19;7.87713e-16;1.82713e-16;1.64533e-16;5.97217e-16;3.56064e-16;1.04168e-15;4.47872e-28;2.10043e-18;1.38375e-20;7.77098e-17;1.80051e-11;3.91628e-17;2.08144e-14;3.93701e-24;1.778e-18;1.43936e-18;4.87864e-17;7.29233e-20;1.04416e-16;5.44599e-13;1.11951e-15;2.91386e-17;7.64782e-19;1.1703e-17;9.11607e-15;1.17181e-18;3.03939e-18;2.70545e-22;8.99358e-17;9.0647e-16;1.72636e-16;2.35174e-20;1.53239e-16;1.09195e-14;1.63333e-15;1.90182e-16;9.01205e-18;1.24821e-16;9.04546e-14;1.88118e-16;5.84967e-14;3.641e-22;1.46625e-16;1.1446e-15;2.06469e-20;3.04303e-14;5.97431e-17;1.16814e-16;2.11799e-16;1.74931e-17;4.55023e-16;9.3475e-15;8.30771e-15;1.05838e-19;1.05783e-19;4.93809e-15;9.92241e-17;1;1.64693e-12;1.03591e-12;6.65944e-10;7.05029e-09;3.08398e-11;2.12389e-14;2.54537e-12;1.42267e-12;8.00714e-13;2.11302e-12;4.96908e-11;9.92091e-08;2.98715e-13;2.35303e-14;2.76505e-17;1.18149e-15;6.72846e-19;6.67235e-19;1.75532e-15;3.67543e-19;6.46931e-17;1.18539e-15;7.07141e-17;3.43551e-17;1.02343e-15
3.23145e-08;1.89109e-11;1.60124e-13;4.42985e-11;6.42092e-13;1.10787e-12;1.37723e-08;1.17941e-12;1.294e-12;5.43968e-13;3.06529e-13;6.78765e-12;1.47346e-13;5.21995e-13;4.3794e-13;7.71371e-13;1.95305e-11;4.32177e-12;3.52381e-12;3.10706e-12;2.08442e-14;5.64275e-13;3.68364e-13;2.70334e-12;7.90645e-12;1.53245e-11;6.60936e-13;1.4669e-13;1.8119e-08;1.7643e-07;4.21466e-06;5.93898e-06;4.51407e-05;0.999944;3.79567e-11;5.56169e-10;4.68556e-12;2.32188e-11;1.35142e-09;7.18316e-11;2.80543e-07;4.98507e-15;1.24276e-15;1.07187e-13;1.62255e-12;1.37013e-13;1.16283e-09;5.37221e-13;7.15512e-14;5.41396e-13;2.83364e-17;1.55224e-15;8.56703e-11;1.08916e-15;3.30632e-17;1.73562e-13;1.37505e-13;9.69487e-13;5.86105e-13;2.34791e-12;4.68634e-11;1.67479e-11;1.70703e-09;1.17014e-13;1.54407e-12;4.47893e-13;1.85918e-13;5.8163e-12;5.36864e-13;3.15494e-13;5.46835e-11;5.46036e-14;2.73092e-13;1.57653e-12;2.45483e-16;9.89782e-13;7.27253e-13;1.28369e-13;7.5726e-13;1.37804e-12;8.17418e-11;6.05639e-13;1.23874e-12;1.09049e-11;2.6374e-15;5.55059e-12;6.39389e-11;2.5865e-15;2.1629e-12;3.18182e-13;6.1185e-12;7.04003e-13;9.74164e-14;1.21068e-12;7.56086e-13;1.00983e-12;4.08655e-16;1.00039e-12;5.54165e-14;3.27919e-14;1.6781e-13;3.19136e-12;4.89562e-11;6.53969e-13;7.29017e-10;6.56469e-19;7.96315e-13;2.7839e-13;1.07253e-12;8.99198e-14;2.22899e-15;9.40944e-13;2.61569e-13;3.22454e-13;2.94125e-13;1.21346e-11;1.57487e-12;1.66603e-12;4.54095e-14;3.50251e-15;1.9838e-13;6.62562e-14;2.64145e-13;1.2327e-13;4.95099e-15;1.16825e-11;1.66297e-11;1.39142e-12;9.66361e-11;3.19449e-16;2.80185e-13;1.82575e-12;2.12866e-12;2.96098e-14;1.60725e-13;5.21128e-14;2.03908e-12;2.24832e-12;6.43972e-12;3.18646e-14;5.15091e-12;1.13315e-10;1.18432e-14;2.40391e-13;2.3424e-14;4.98272e-13;1.16345e-13;1.55711e-12;5.40947e-13;5.42212e-13;3.4513e-12;5.4577e-14;6.6952e-13;2.9597e-10;2.52094e-15;1.3081e-12;3.2628e-17;7.50159e-14;2.96096e-13;2.24944e-13;4.99451e-13;2.33682e-12;2.13622e-12;3.22189e-13;2.93405e-10;6.46686e-15;1.04918e-14;1.07073e-13;1.46553e-13;2.4035e-11;1.21797e-12;5.10359e-11;4.86043e-10;6.37399e-13;4.52749e-11;1.30803e-09;1.14674e-14;5.74699e-14;7.24909e-13;1.63087e-13;8.8708e-13;4.34441e-14;5.48407e-12;1.5759e-14;9.85689e-13;1.73209e-10;7.32664e-15;1.57568e-14;4.03464e-14;1.08545e-13;3.02114e-12;1.48393e-12;5.38734e-13;7.86439e-10;2.08896e-13;1.23155e-12;1.04532e-10;8.79219e-16;1.80436e-16;4.53389e-14;2.68377e-13;1.34772e-12;2.33286e-12;8.97763e-11;8.5945e-12;6.13492e-13;7.1225e-11;2.82307e-14;8.24492e-14;1.42598e-13;5.9641e-14;9.03065e-14;4.15105e-13;6.87859e-13;3.81509e-13;5.02027e-13;1.81587e-11;6.31061e-15;2.26935e-15;3.19204e-10;4.28374e-17;5.90863e-13;3.70972e-13;1.97277e-13;1.45017e-13;7.38653e-13;1.45447e-12;1.07634e-11;2.28542e-12;2.28362e-12;1.79463e-11;2.04244e-16;1.69698e-12;1.26217e-12;8.46605e-11;6.68483e-13;8.48875e-15;7.07591e-11;6.38804e-16;6.13866e-13;1.97199e-13;6.86496e-12;1.75629e-11;8.00592e-12;2.39234e-12;8.04214e-14;7.47579e-13;1.57799e-11;6.05208e-14;6.37639e-14;1.31454e-09;1.75896e-17;1.70571e-13;1.07253e-13;2.70106e-13;3.59389e-13;8.9441e-13;2.13273e-13;1.67424e-12;4.62437e-13;8.94477e-13;1.88637e-12;8.61791e-13;2.48175e-13;1.57057e-09;8.55101e-16;4.22703e-13;5.02291e-13;3.70356e-13;3.05397e-13;5.10578e-12;2.42077e-12;3.23143e-18;5.90495e-14;4.15478e-15;6.66983e-12;7.22191e-11;8.17334e-13;6.05569e-09;1.11219e-17;3.34083e-15;4.1837e-13;1.15903e-12;6.26488e-16;1.49856e-13;2.78233e-12;1.18201e-12;3.1617e-15;3.24448e-13;3.20578e-12;8.08493e-15;1.44285e-14;1.06365e-11;1.14192e-16;8.8078e-14;3.97882e-14;1.51858e-12;3.36992e-17;1.61152e-13;1.99632e-13;1.73371e-12;1.02261e-11;3.24292e-13;1.15203e-11;1.0884e-08;3.52126e-15;4.48074e-08;1.39431e-18;5.28575e-13;2.80869e-12;2.23369e-16;2.06955e-13;6.27346e-14;5.23372e-13;9.54759e-14;7.56186e-13;1.35119e-12;3.76065e-14;2.12456e-10;2.22232e-14;1.36474e-14;9.81803e-13;9.10299e-13;4.52445e-15;8.94459e-13;1.77435e-12;3.76549e-13;7.01899e-13;1.15346e-13;1.57042e-18;4.88621e-13;1.07467e-12;2.69457e-12;1.14406e-14;5.34331e-12;4.98738e-12;2.05487e-09;7.46182e-11;2.68523e-13;3.36745e-12;3.27622e-15;1.11317e-15;9.93761e-12;2.30527e-16;5.90149e-13;7.40764e-13;2.52237e-12;7.89279e-15;3.10782e-13
