3.20363e-05;0.987994;2.87097e-07;6.22962e-07;8.99567e-06;2.33279e-06;8.70971e-07;0.00758137;1.3326e-06;2.09668e-07;1.39473e-06;0.000261497;0.00401822;9.71205e-05
2.71527e-08;0.999886;3.43834e-10;9.68406e-09;4.03571e-09;1.98105e-09;3.50058e-07;6.14148e-05;1.34727e-09;7.07578e-08;1.90963e-09;1.42725e-09;6.7978e-06;4.56092e-05
9.40524e-12;5.75228e-11;1;2.18191e-11;1.97548e-11;1.13426e-12;4.49563e-11;1.09598e-12;2.13684e-12;1.35731e-11;3.47262e-11;1.78143e-08;1.26256e-13;2.55542e-11
3.89083e-08;0.992962;1.8969e-10;2.25064e-09;7.69176e-09;7.55849e-08;0.00677829;5.35023e-08;4.26597e-08;0.000142394;3.63377e-08;1.0436e-10;8.00702e-07;0.000116245
2.29452e-11;5.93752e-13;1;3.80071e-11;1.04915e-11;3.48376e-10;2.61398e-10;2.49103e-12;4.33779e-11;3.62208e-11;1.80627e-10;2.11519e-07;3.05093e-11;1.33293e-12
1.26549e-06;0.997756;3.78436e-08;4.84156e-07;8.5753e-08;1.86087e-06;0.0014452;3.38783e-06;9.18595e-07;3.71618e-05;1.17949e-05;6.95741e-08;0.000738766;2.84349e-06
3.76589e-09;1.91581e-09;0.999999;3.5423e-08;1.27989e-10;2.83243e-09;1.33481e-07;5.43945e-10;6.69991e-08;2.52003e-09;2.69097e-07;2.94017e-07;1.07446e-10;1.18483e-09
0.000283711;0.0621218;6.78411e-05;4.84603e-05;1.0389e-05;2.99503e-05;8.89099e-05;0.92268;0.00187745;2.29658e-05;0.000910472;0.000950046;0.0106822;0.000225833
3.62027e-08;0.0432196;7.99038e-06;3.88275e-07;2.5483e-07;1.29803e-07;2.04213e-09;2.47213e-06;3.23591e-08;4.83599e-09;2.13936e-06;0.955677;0.00108985;2.01443e-08
1.67453e-06;0.949363;6.98622e-08;1.0508e-07;0.000262819;2.10936e-06;9.4823e-08;0.00436611;8.59995e-08;5.4818e-08;3.25243e-07;0.000128989;0.0442765;0.00159835
1.00922e-05;0.0214556;2.48354e-06;4.4982e-08;0.000117396;2.49205e-07;3.25462e-08;0.00897976;2.19126e-06;5.81355e-08;6.30318e-08;0.969043;0.000121334;0.000267677
1.29815e-05;0.000771423;2.19311e-07;1.26662e-07;0.00103315;0.00010604;2.8304e-07;0.997694;2.45847e-05;3.47229e-07;1.21099e-07;1.1573e-05;6.41398e-05;0.000280518
0.00012145;0.994294;2.45281e-07;8.63379e-08;4.23946e-08;5.71138e-08;0.00528489;7.35971e-05;5.78949e-06;9.59578e-05;9.86766e-08;7.47061e-06;6.6536e-06;0.000109573
6.61315e-08;5.99847e-08;0.999994;1.53197e-07;1.43175e-09;2.38034e-09;2.39061e-06;6.40825e-10;2.43247e-06;2.78847e-08;2.27449e-07;1.5768e-07;1.14063e-09;5.81155e-09
8.27641e-06;0.993861;1.30879e-07;1.30136e-08;4.8227e-09;1.00277e-09;1.96163e-06;5.13823e-06;3.73558e-07;1.29996e-08;4.34704e-07;9.40604e-06;0.0061131;2.53782e-08
2.25951e-08;0.997753;1.40475e-11;4.90612e-08;4.05842e-08;1.62238e-08;8.33519e-06;1.73706e-06;3.66115e-09;3.08508e-06;4.66441e-09;2.88826e-07;1.57325e-07;0.00223344
6.84672e-13;1.13216e-12;1;4.24442e-12;4.16254e-13;2.65147e-14;8.5502e-12;1.02211e-14;3.23025e-13;5.42147e-13;1.60219e-12;2.60866e-08;5.32545e-15;2.38463e-14
7.78341e-06;0.910394;5.83464e-08;1.09304e-05;3.93997e-05;1.52105e-05;0.000196038;0.00286286;0.000113336;1.17954e-06;0.000520207;2.89631e-05;0.0853551;0.00045472
5.86126e-05;0.0109276;0.00114203;7.56437e-06;5.17026e-05;3.63526e-06;4.19526e-06;0.0661793;0.000139114;1.70674e-07;0.000614931;0.920204;0.000663862;3.04369e-06
0.000305693;0.231555;0.00333152;0.000231589;0.00866876;0.0960829;1.24516e-05;0.302668;2.31833e-05;4.04862e-05;1.77589e-05;0.013137;0.246291;0.0976349
0.000144835;0.221106;2.97673e-07;0.000743139;0.0667848;0.000147155;9.48906e-06;0.503936;0.0192228;3.60438e-06;0.0015712;0.177822;0.00660204;0.00190577
1.67591e-05;0.0767676;0.911473;0.00257263;0.000161329;0.00104895;7.6743e-07;5.21375e-06;3.45045e-06;5.7791e-05;3.08204e-05;0.00254846;0.00333882;0.00197398
0.000223895;0.908315;8.6974e-06;2.16945e-05;6.92916e-05;5.60141e-05;4.7074e-05;0.00956203;0.000382302;1.7407e-05;0.000701347;0.00564596;0.0749218;2.79166e-05
5.0397e-06;0.0014662;1.54388e-06;7.41334e-06;0.000807624;0.000344827;2.4026e-06;0.000118101;1.53463e-06;4.91002e-06;2.38547e-05;0.99637;0.000700368;0.000146293
0.000656492;0.403409;2.93196e-05;1.5351e-05;8.11506e-06;3.0573e-05;0.000141661;0.00359153;0.000536259;1.51335e-06;0.000163383;0.0893967;0.501902;0.000118488
1.50514e-05;0.993447;9.67941e-05;8.18154e-06;6.78921e-07;3.29531e-07;0.000256907;0.000596271;0.000136509;7.12795e-06;6.50338e-05;0.00506606;0.000289232;1.49315e-05
3.80076e-05;0.669851;7.62647e-06;0.000227115;0.00118971;4.01933e-05;2.31543e-06;0.00234551;0.000117784;4.95951e-06;9.55562e-05;0.151538;0.174274;0.000267816
5.20491e-05;0.89988;6.13378e-07;4.0651e-05;1.11556e-06;1.60031e-05;1.36e-05;0.000281557;0.00513278;1.04898e-05;0.00190355;0.00255895;0.0900974;1.09379e-05
5.7024e-05;0.0590062;5.92754e-05;0.00146219;0.66415;0.195321;1.10045e-05;0.00969747;0.00318698;0.000952555;0.00180579;0.00684881;0.000265356;0.0571772
8.83678e-05;0.996602;6.15453e-08;8.27015e-07;2.35294e-05;1.89415e-08;7.40719e-07;0.00290647;1.8002e-05;2.5469e-07;1.75229e-06;0.000258752;9.8778e-05;3.7337e-07
4.2636e-05;0.877126;1.65234e-09;6.54472e-07;5.01137e-05;8.81247e-08;2.44461e-06;0.000302127;1.72096e-06;4.1966e-07;7.43139e-08;0.0002357;0.122231;6.91639e-06
4.2519e-05;0.305323;1.78471e-05;9.942e-07;1.78551e-06;1.40873e-07;7.56678e-06;0.00109658;1.02928e-05;1.29131e-06;2.34059e-07;0.691975;0.00151372;9.1516e-06
0.000127816;0.795873;1.07547e-05;0.00468858;0.0188895;0.0363231;0.0144286;0.0019167;0.000360707;0.00783379;0.000856721;0.00663802;0.00164049;0.110412
0.00474277;0.476009;4.01547e-05;0.00182817;0.000368484;0.000312802;0.0013015;0.472358;0.000100008;0.000140941;0.000250363;0.030186;0.00313472;0.0092279
0.000630722;0.802036;0.0194035;0.00022673;0.000224973;0.000557401;2.88238e-06;0.154358;2.44509e-05;1.58395e-05;1.72687e-05;0.00209695;0.0167467;0.00365859
0.000222788;0.0122806;3.29476e-05;0.000453073;0.00184985;2.71951e-05;4.60356e-06;0.764756;0.00148137;0.000472507;0.000332035;0.216241;0.00176193;8.40977e-05
2.83869e-07;0.00118685;0.000410651;2.72056e-06;4.22041e-08;9.016e-08;0.124407;4.69177e-11;6.50979e-09;0.873932;1.92253e-07;5.51982e-11;2.19776e-11;6.09542e-05
7.1168e-11;6.02927e-13;1;1.03582e-11;4.17247e-14;2.47841e-13;1.03691e-08;6.62323e-14;1.04209e-09;3.87646e-12;1.10342e-08;6.65415e-12;4.27765e-13;7.72207e-16
