5.03246e-07;0.999375;7.37937e-06;2.35798e-06;6.66882e-07;3.34704e-07;1.02003e-06;2.07228e-05;1.3104e-08;2.65537e-06;2.48579e-08;1.22942e-08;0.000589364;1.31935e-07
8.87759e-08;3.62011e-07;0.999991;5.98311e-07;9.9386e-10;7.43973e-09;2.98831e-08;6.09617e-09;8.85003e-08;3.39694e-08;3.23525e-07;6.969e-06;1.00627e-07;5.56931e-09
8.98881e-07;3.90222e-05;0.029552;5.6011e-06;5.92637e-06;5.43265e-06;3.89548e-07;0.00030513;1.2714e-06;1.42366e-06;3.25161e-06;0.00936946;1.99225e-06;0.960708
5.41363e-08;6.70665e-05;6.22827e-11;6.23723e-08;0.000309925;8.43711e-07;2.87018e-07;0.999597;2.2484e-06;7.59645e-09;7.33167e-08;1.30262e-08;1.74616e-07;2.25953e-05
7.6409e-10;1.02036e-07;0.999997;6.25829e-09;1.98758e-06;2.91854e-09;7.48252e-12;3.09596e-10;4.5732e-13;1.47992e-11;1.78825e-10;8.47278e-07;3.78467e-08;7.99931e-09
1.10613e-07;0.979842;5.13327e-09;1.36641e-09;5.80993e-07;2.16258e-07;5.03768e-07;0.00142948;3.67378e-10;7.51751e-08;1.80699e-09;1.00118e-10;0.018613;0.000114383
6.17991e-14;3.27709e-14;1;1.23638e-11;1.0802e-10;6.88949e-11;1.22187e-14;1.52266e-15;8.81629e-15;5.95878e-13;4.1159e-14;6.98781e-10;1.71333e-14;3.30076e-11
1.31382e-05;0.914381;0.014431;2.23296e-05;5.92961e-05;4.9026e-06;9.99455e-05;0.0519643;1.15619e-05;3.53755e-07;6.59184e-06;7.42732e-05;0.0189233;7.99571e-06
3.51445e-05;0.633265;4.36542e-05;0.000708514;0.000851033;0.00476499;1.90962e-07;0.323765;0.000679332;1.31336e-06;5.64517e-05;0.0199241;0.0128687;0.00303622
3.65597e-05;0.966412;0.0280505;0.000333267;0.000598883;0.000186414;4.90572e-06;0.00190623;1.304e-06;0.000942339;4.84343e-06;0.000692133;0.000757231;7.31183e-05
6.15782e-06;7.13866e-07;0.999906;1.51664e-06;7.30873e-08;6.2801e-08;1.07762e-06;1.38257e-07;1.42826e-05;5.33998e-08;6.18158e-05;3.46337e-06;4.51545e-06;5.56208e-10
1.24994e-05;0.830055;0.000418147;1.66025e-05;5.01338e-05;3.42745e-06;4.90485e-08;0.168494;2.77452e-05;2.81008e-07;4.77767e-06;0.00072147;3.22952e-05;0.000163682
8.04747e-06;0.904293;2.84673e-07;2.04888e-06;0.0234823;6.87069e-05;6.31209e-06;0.0715502;1.05414e-05;1.69156e-05;7.27712e-06;0.000158084;5.48762e-05;0.000341632
8.12748e-05;0.0269391;0.059998;6.14889e-05;0.153871;0.0480678;3.30241e-07;0.00102345;3.90401e-07;5.52223e-05;2.94137e-06;0.565921;0.0044727;0.139505
1.1029e-05;0.000144847;1.19908e-09;3.21757e-08;1.5726e-05;4.13264e-07;9.09214e-09;0.999041;2.30683e-06;8.23531e-10;2.51397e-07;4.5476e-06;0.000779714;1.12825e-07
1.43889e-06;0.915907;2.30482e-09;4.89901e-08;2.29975e-09;6.98188e-09;1.53866e-07;2.34308e-06;9.9964e-08;2.82181e-09;2.38366e-08;0.0073313;0.0767578;4.3125e-09
1.14031e-05;0.727506;3.22994e-06;0.000349773;0.000114053;0.000558256;2.47848e-05;0.119471;7.68047e-06;7.81519e-05;1.73672e-05;0.043384;0.10822;0.000254321
3.0489e-06;0.964962;3.98429e-09;9.16319e-05;1.36276e-05;0.00093556;3.07827e-06;0.00783509;1.04589e-06;9.36186e-06;0.000318546;0.0158802;0.00986769;7.90907e-05
0.000174362;0.487778;5.5388e-08;5.50741e-05;3.08544e-05;3.26125e-05;4.63731e-05;0.0505721;5.87039e-06;8.89178e-06;0.00220473;0.304576;0.154449;6.60011e-05
0.00100407;0.95277;0.000604711;6.69631e-05;0.000654608;2.20255e-05;0.000803302;0.0181329;5.32824e-06;0.00112787;6.95031e-05;0.00146136;0.0221007;0.00117652
8.24604e-09;2.04849e-08;1;1.68523e-08;7.31958e-09;4.87557e-10;3.51362e-09;3.87892e-10;1.49157e-08;6.50164e-10;1.57586e-08;6.93881e-08;7.17814e-11;2.52188e-09
7.80632e-08;0.998669;5.60239e-09;6.07922e-09;3.57079e-10;6.20875e-11;1.90053e-07;2.28581e-07;1.75882e-08;2.01593e-09;1.09226e-07;0.000103045;0.00122727;4.30105e-10
2.18872e-06;0.970984;9.55274e-08;4.44843e-06;1.78015e-05;8.89695e-06;1.98305e-07;0.0161906;1.18835e-06;3.47398e-07;1.41046e-06;0.000317455;0.00238947;0.0100823
1.3604e-05;0.415353;0.000498124;3.93638e-06;1.32549e-06;6.55762e-07;1.24268e-07;0.00270659;9.47431e-07;1.13711e-07;2.13359e-05;0.581151;0.000236064;1.30189e-05
1.21557e-05;0.851609;1.24911e-07;1.52357e-05;0.000109318;6.54794e-05;0.00316179;1.17568e-05;6.01716e-07;0.00130403;8.38708e-06;4.33137e-06;0.00391327;0.139784
7.26459e-09;2.58112e-10;1;1.32273e-10;3.93276e-11;2.34262e-11;1.40699e-08;1.72847e-11;4.14071e-10;2.98181e-10;7.14247e-11;1.50761e-07;1.98487e-08;9.3135e-13
6.67375e-05;0.0621064;0.000109766;9.53486e-05;0.000111174;9.65326e-05;0.000123946;0.497316;0.000610762;4.9354e-06;9.59689e-05;0.00196686;0.437261;3.40063e-05
2.51349e-08;0.00176633;1.81958e-10;1.82456e-06;0.00404549;1.9083e-07;9.37605e-08;0.993374;1.52877e-05;3.46575e-08;9.62765e-06;0.000696989;8.95159e-05;9.19906e-07
3.87328e-07;0.000614813;0.994796;0.000410539;0.00105129;0.000374065;1.16195e-07;9.38379e-08;2.17322e-08;1.58999e-05;3.59826e-06;3.96173e-05;1.98138e-05;0.00267363
0.000342084;0.987596;7.384e-07;1.54244e-08;1.26829e-08;1.56002e-08;0.000599684;1.44667e-05;5.30226e-05;1.58584e-07;1.65131e-05;0.00698409;0.00439307;1.09591e-08
2.62473e-08;2.14445e-05;7.62574e-08;2.04618e-07;1.42447e-05;8.89949e-06;5.10556e-09;2.60858e-06;1.05111e-05;4.69702e-09;6.02405e-07;0.999911;1.99891e-06;2.80375e-05
1.39591e-06;0.694781;1.49458e-09;5.58194e-10;3.55593e-10;7.99338e-09;7.14069e-08;2.44606e-07;9.09157e-08;8.44589e-11;7.67439e-09;3.27384e-07;0.305217;1.86485e-10
7.05892e-06;0.374982;7.63839e-05;2.57069e-07;0.000209282;1.3597e-05;2.31762e-08;0.0139149;2.13928e-07;1.33625e-07;4.85838e-09;0.603076;0.00517155;0.00254834
3.86599e-05;0.808598;7.90438e-06;0.000290155;0.00057163;0.00163044;4.56662e-06;0.106554;0.000941653;1.21933e-05;3.25094e-05;0.0214889;0.0593783;0.000451108
0.00524704;0.732313;0.00138387;0.00491729;0.000301256;7.19908e-05;0.000120392;0.0727894;0.0622076;3.39429e-05;0.00460496;0.067011;0.0489219;7.67469e-05
0.000191412;0.995005;0.0020304;0.000671029;4.66202e-06;3.63819e-07;5.11979e-06;0.0011728;0.000311396;9.00926e-06;7.10121e-06;0.000520225;6.56057e-05;5.73949e-06
0.000235055;0.853403;6.02839e-06;6.86104e-05;3.14387e-05;1.7411e-05;1.15133e-05;0.0743493;0.00109788;7.95337e-06;0.000156837;0.000415467;0.0701566;4.33402e-05
0.000127137;0.133083;6.00946e-05;0.000205195;0.000590104;0.000443315;0.000140271;0.000443216;0.000275317;4.60601e-05;0.00115222;0.812962;0.0018414;0.0486306
0.000506145;0.818652;2.34138e-06;7.1144e-06;6.19131e-05;1.59069e-07;3.08709e-05;0.110286;0.000892389;1.92288e-07;0.000116049;0.0094415;0.0593956;0.00060767
2.30034e-06;0.90319;3.83542e-08;6.8044e-06;3.3218e-05;4.96136e-06;2.58669e-07;0.0127064;5.52595e-07;1.54789e-06;1.30162e-07;0.000405487;3.67776e-05;0.0836115
7.97533e-05;0.898566;1.64996e-08;3.98357e-06;2.38072e-06;2.21521e-06;0.000234359;0.0172433;4.09583e-05;9.96779e-06;1.00835e-05;0.000186837;0.0836122;8.13335e-06
1.88709e-06;1.79726e-06;0.999986;2.5409e-07;3.6425e-09;2.56142e-09;3.30376e-07;4.90336e-08;2.63598e-07;1.75332e-08;8.75886e-07;8.08919e-06;3.90462e-07;3.61583e-10
1.88542e-05;0.0263464;0.0043151;8.04755e-05;4.72667e-05;9.88943e-05;2.31177e-06;0.000114902;2.531e-05;9.94816e-07;2.0597e-05;0.968134;6.11045e-05;0.000733639
4.01996e-07;0.0256046;6.15441e-08;1.39298e-07;2.55973e-05;0.00016756;4.24649e-08;0.0302032;2.18937e-08;5.49619e-08;2.57712e-07;8.66732e-06;0.943956;3.36634e-05
1.06904e-06;0.0376657;2.69192e-07;0.000174156;0.00531275;0.178266;4.51073e-07;0.00130142;3.62899e-07;1.65035e-05;6.86207e-05;0.180734;0.579661;0.0167986
1.62558e-06;0.00421757;0.995618;8.29494e-07;2.64735e-07;9.70323e-07;6.99847e-08;9.63634e-05;6.0021e-09;1.29757e-07;7.90807e-09;2.32408e-05;4.08005e-05;1.16844e-07
1.82902e-06;0.956722;7.19183e-08;1.02221e-05;7.90773e-06;5.76053e-06;1.47753e-06;0.036411;9.36713e-05;2.06995e-07;1.79082e-05;0.000107095;0.00656467;5.65164e-05
4.4868e-07;0.00575713;1.00938e-07;6.23091e-08;2.94731e-06;2.65613e-07;3.48086e-09;0.993275;1.07269e-07;8.25758e-08;6.24254e-09;4.43758e-08;0.000962361;1.39658e-06
3.81177e-09;4.35988e-06;1.98814e-06;5.71561e-07;2.36811e-05;2.87172e-07;7.38771e-11;1.07862e-06;1.50994e-08;6.06652e-09;8.69623e-08;0.999957;2.19415e-06;8.44495e-06
2.21356e-06;0.99519;1.23346e-07;1.90525e-06;4.5701e-06;1.68052e-07;2.81226e-05;0.00351694;5.865e-06;3.23558e-06;8.28765e-06;3.97065e-06;0.00123444;5.1821e-07
1.18989e-07;0.00037365;5.64671e-07;2.32124e-07;2.59936e-05;3.53728e-08;3.79707e-08;2.59453e-06;4.10739e-08;8.43232e-08;4.75059e-08;0.999558;3.76603e-05;9.96132e-07
2.46403e-07;6.34158e-06;1.1819e-13;2.53495e-09;0.000171827;1.55573e-08;5.03601e-10;0.997887;1.69264e-07;2.83623e-10;1.13851e-09;8.48954e-10;0.00193441;1.66522e-11
5.01805e-05;0.00106189;0.995808;0.00019614;6.94991e-05;9.69295e-05;1.48924e-07;3.40835e-05;1.03608e-06;8.55089e-06;3.77667e-07;0.000242781;0.00242466;5.46016e-06
0.0123618;0.54117;0.286062;0.00011828;0.000230332;3.22136e-06;2.59952e-05;0.0500042;0.000350779;1.75894e-05;6.29251e-05;0.10863;0.00023765;0.000724899
0.000198705;0.086624;1.36097e-07;4.67072e-06;0.000101605;1.25091e-05;6.29454e-06;0.456732;0.000186714;5.69001e-07;7.73782e-05;2.12148e-06;0.455996;5.80997e-05
0.000105827;0.978475;9.25411e-06;9.43282e-07;2.41104e-07;2.73098e-07;0.000895721;2.90657e-05;2.85844e-06;0.00047673;3.32732e-07;0.00251734;0.000116362;0.0173698
2.76635e-09;5.22919e-09;1;2.08992e-09;1.98407e-10;6.97463e-11;1.91125e-08;2.26137e-11;1.27155e-07;3.06244e-10;4.05174e-08;1.25145e-07;5.96168e-11;1.86871e-11
2.15584e-07;0.987398;1.67219e-05;9.06735e-08;3.51927e-07;2.90696e-08;3.21073e-08;6.56685e-06;8.14315e-09;9.33875e-08;4.35752e-08;4.38487e-07;0.012577;1.22664e-07
2.0823e-09;0.000440184;1.77848e-06;5.72566e-09;4.1087e-08;4.92081e-09;2.70336e-09;1.08359e-05;1.95412e-09;1.92924e-09;1.32173e-08;0.999543;2.445e-06;1.18497e-06
1.8346e-07;0.993988;3.72922e-07;2.00517e-07;1.79148e-05;2.92613e-06;1.60971e-07;0.00516928;2.21778e-08;4.39694e-08;6.64213e-08;1.60082e-05;0.000784081;2.03503e-05
7.6768e-05;0.206237;1.63099e-07;5.84095e-06;2.07601e-05;6.95198e-07;8.80767e-07;0.14825;3.39376e-06;3.82686e-06;2.53304e-06;0.644073;0.00128594;3.97023e-05
9.23152e-05;0.010784;0.778271;0.00153083;0.00261146;0.00756782;1.97561e-07;0.00203558;5.11908e-07;2.708e-05;5.96483e-06;0.193023;0.0035244;0.000525116
1.2248e-06;0.998919;8.20799e-07;7.2261e-09;5.50858e-11;1.83368e-10;0.00105259;3.6642e-07;4.3923e-09;5.66886e-06;2.18796e-08;2.55112e-07;3.50807e-07;1.93116e-05
2.16432e-12;1.32342e-11;1;2.261e-13;1.13703e-13;2.16319e-13;1.07106e-10;6.41351e-14;5.48099e-13;2.84191e-13;2.62377e-12;1.61544e-11;8.14507e-11;2.50067e-14
7.27762e-07;0.291522;1.27061e-06;1.6515e-06;6.84595e-05;8.5545e-05;3.26117e-05;0.347202;4.55995e-06;1.99027e-06;1.54385e-05;4.14154e-07;0.360709;0.000354437
1.34775e-10;7.96431e-10;1;1.68529e-09;7.2631e-11;1.29807e-10;1.47165e-09;1.73332e-10;9.20803e-11;6.29004e-10;1.66181e-09;4.14127e-07;2.67675e-08;9.08984e-13
2.39578e-09;4.62437e-08;0.99988;1.80283e-07;4.26932e-07;2.66576e-08;2.22116e-09;2.09915e-05;1.61969e-08;1.54467e-09;7.42565e-09;9.74062e-05;1.89023e-08;5.33062e-07
2.25238e-08;2.28895e-05;6.12042e-06;3.32049e-07;8.55911e-05;0.000946754;6.95804e-10;3.93139e-05;8.44791e-09;4.77439e-07;9.59812e-10;7.65602e-07;4.87176e-08;0.998898
2.88863e-05;0.00272212;3.87221e-06;2.67413e-05;0.000463783;3.1277e-05;5.05607e-08;0.0219615;2.33131e-06;1.03126e-07;0.000301127;0.879157;0.095254;4.7153e-05
3.94209e-07;0.851142;2.74424e-08;6.79091e-07;2.5667e-05;8.24437e-09;3.74648e-09;0.14827;3.8049e-09;5.72349e-08;4.10732e-09;2.1355e-08;0.000559739;1.20934e-06
3.16246e-05;0.123954;0.0780168;0.00200749;0.00060095;0.000322292;1.42575e-05;0.000143184;1.52957e-07;0.000658347;2.12188e-05;0.0363128;0.757881;3.59466e-05
1.98396e-05;0.0362673;0.000103573;4.90283e-05;3.80828e-05;1.6221e-05;5.99557e-05;0.0854772;1.40516e-05;3.88726e-06;0.000790904;0.876946;0.000179878;3.42373e-05
1.61251e-05;0.969167;9.07205e-08;6.81456e-05;0.000757253;0.000120769;4.89748e-05;0.010773;2.85283e-06;5.33365e-06;6.84623e-05;2.28671e-05;0.0174632;0.00148554
3.23346e-07;7.63053e-07;0.999952;2.27894e-07;1.02084e-07;1.75806e-09;2.35055e-09;4.40405e-08;7.18675e-09;2.85705e-09;5.03614e-09;2.3659e-05;2.26103e-05;2.28042e-08
0.00041334;0.272429;3.05638e-05;1.03502e-06;4.90541e-06;2.94388e-07;4.91077e-05;0.724492;0.000232002;1.59133e-06;6.75712e-06;3.31902e-06;0.00232805;8.62138e-06
3.2899e-06;0.084532;2.40622e-06;4.36731e-05;0.000189869;0.00017664;3.69423e-06;0.000330905;0.000174171;1.13992e-06;0.00109477;0.911763;0.000634154;0.00104992
1.85036e-06;4.68383e-05;4.88624e-08;1.38489e-09;4.0743e-07;3.82416e-08;2.39484e-08;0.999943;7.22162e-07;5.40238e-09;7.24669e-09;1.95845e-07;6.45041e-06;5.33586e-09
7.49918e-06;0.00137759;1.05548e-05;0.000246646;0.0654795;0.00461472;5.60585e-07;0.000176875;9.23484e-05;1.4095e-05;9.71731e-06;0.174248;0.000253235;0.753469
0.00025302;0.991425;0.00333475;4.82037e-05;3.52534e-06;3.2064e-07;2.55368e-06;0.00172607;2.50025e-05;8.40023e-07;4.21691e-06;7.30271e-06;0.00316577;3.65608e-06
0.00023219;0.00889642;0.00033278;1.23652e-06;1.72889e-06;2.88921e-08;3.32743e-06;0.0578206;0.00179548;2.05617e-07;0.000114795;0.93045;0.000350889;4.68063e-07
2.50035e-05;0.699818;1.1133e-05;2.50287e-05;0.00102397;0.000926614;0.000304674;0.259797;5.96884e-05;0.000495333;5.60104e-06;7.20781e-06;0.0185797;0.0189218
3.5602e-07;9.98614e-08;0.999981;1.57851e-07;2.62303e-09;5.25664e-09;1.24558e-06;1.21744e-09;6.75322e-07;5.54356e-08;1.79734e-07;1.63843e-05;2.09575e-07;1.95374e-09
1.91357e-06;3.80045e-06;0.99455;6.5586e-06;6.58292e-06;3.08454e-07;4.76014e-07;0.00516652;0.000103471;3.49676e-08;4.66846e-06;0.000154551;1.64786e-07;1.41531e-06
4.51626e-08;0.000237968;2.56015e-05;9.73311e-08;2.71324e-05;0.000655342;5.72256e-11;1.05122e-06;5.89457e-08;1.90059e-07;2.17188e-09;0.00010162;6.72548e-08;0.998951
9.43454e-06;9.25429e-05;8.24423e-09;1.93827e-07;6.6363e-06;2.77366e-06;7.23804e-09;0.99107;5.07903e-06;2.63326e-09;3.12448e-06;1.43692e-05;0.00879597;3.53374e-07
1.53361e-06;0.965545;9.56666e-07;4.72894e-07;6.05963e-08;6.1633e-09;2.57716e-07;0.0311365;2.0026e-06;9.08313e-08;1.24763e-07;9.31916e-06;0.00330399;1.47665e-07
2.68683e-05;0.0042106;0.00037235;0.658435;0.00768102;0.0110712;0.000139398;0.000538839;0.0014406;0.0218092;0.00110252;0.266664;0.00139858;0.0251096
0.00042336;0.993207;3.63796e-08;0.000315821;2.93155e-05;1.39302e-08;0.000333671;0.000836061;0.000153162;1.51318e-05;0.00442462;0.000190963;6.7576e-05;3.06016e-06
0.0034467;0.93524;0.0282313;0.00236354;0.000179096;5.48455e-06;0.000292458;0.000287403;4.00748e-05;0.000430453;0.000576388;0.0201111;0.00855693;0.000239543
0.000551158;0.161754;5.8217e-07;0.000186959;0.000136925;0.000228666;0.000279849;0.026679;0.00793853;2.9506e-05;0.00356743;0.000347186;0.798284;1.65243e-05
0.00260631;0.0251773;0.74087;0.00555346;0.0151509;0.000776649;1.33062e-05;0.0100633;6.57259e-05;0.000207328;6.84102e-05;0.166134;0.0265364;0.00677713
4.8186e-05;0.00565166;3.19999e-09;1.66909e-07;6.84698e-07;1.28338e-06;5.18734e-07;0.00125557;7.74342e-05;1.12627e-08;9.12312e-06;0.000228691;0.992726;5.97131e-07
0.000213507;0.853871;0.000162527;2.02138e-06;1.0676e-05;2.19728e-05;0.00521816;0.00810188;4.56523e-06;0.00894458;7.10613e-07;8.93599e-07;0.000109492;0.123338
1.06596e-10;2.91644e-12;1;1.71692e-11;1.98839e-11;1.13392e-11;3.849e-11;5.25541e-12;1.05376e-11;3.40391e-11;2.94039e-11;1.95579e-08;1.5372e-12;3.82168e-11
3.82638e-07;0.998184;1.9145e-08;2.58955e-09;7.88463e-09;9.18212e-10;1.76337e-07;1.12941e-05;9.58335e-09;2.44324e-08;1.52526e-07;3.90584e-06;0.00179923;5.69517e-07
6.78735e-08;0.99864;4.22073e-08;5.59856e-09;1.04013e-08;3.26677e-08;0.00123533;2.20347e-06;8.84151e-08;2.61809e-05;3.87036e-09;4.51857e-07;1.40407e-07;9.55789e-05
1.24274e-11;1.37281e-12;1;8.28212e-10;3.7711e-11;5.99151e-11;1.96297e-09;3.82733e-11;6.97977e-11;1.1357e-10;5.13654e-10;3.99417e-08;3.40359e-13;6.06681e-12
3.40354e-06;0.000527721;1.91044e-09;2.45965e-08;1.54158e-07;2.48917e-08;5.30991e-07;0.999149;3.73081e-06;4.8627e-09;6.58909e-06;1.19695e-07;0.000308896;7.35221e-09
3.21703e-07;0.133729;3.25381e-07;5.49025e-06;3.23365e-07;1.2819e-06;3.48803e-05;6.64001e-08;7.094e-08;0.00132151;4.74989e-07;5.48899e-05;7.74587e-09;0.864851
7.35136e-07;1.63356e-07;0.99936;3.18016e-06;8.09878e-09;4.56197e-09;2.66929e-05;1.6596e-09;8.39309e-05;3.32802e-07;0.000515286;9.69756e-06;8.80103e-10;3.89071e-09
5.41249e-06;0.984408;5.13236e-07;1.31388e-07;2.15108e-08;1.91112e-08;1.34981e-05;0.000829961;1.34065e-06;9.10807e-08;3.90357e-05;8.73213e-06;0.0146937;1.30955e-10
6.33784e-08;0.973108;2.97201e-08;1.74507e-07;1.76295e-08;2.21899e-06;0.0244531;1.17452e-07;1.17939e-07;0.00209479;2.52974e-06;3.70098e-07;1.77155e-06;0.000336362
4.59102e-12;2.15431e-12;1;7.7642e-11;6.68996e-13;4.43666e-12;1.51899e-09;1.47188e-14;1.43945e-11;1.25725e-11;6.34134e-10;3.31801e-10;3.0144e-13;6.69757e-15
1.4221e-05;0.0517341;2.52699e-08;1.3403e-05;0.000439085;1.30661e-06;9.81523e-05;0.947287;1.49812e-05;1.84202e-05;9.88824e-05;3.12084e-07;4.52966e-06;0.00027538
9.42535e-07;6.41287e-05;0.991076;9.8003e-06;0.000250267;0.000100088;3.64336e-09;9.53173e-07;1.34239e-08;7.17149e-08;5.70949e-06;0.00843265;5.52866e-05;4.47468e-06
2.11588e-06;0.0273063;3.15342e-08;2.69771e-07;1.53284e-07;1.51688e-05;1.62677e-05;0.002757;2.33022e-05;3.50945e-07;8.77974e-05;4.35719e-08;0.969787;4.31573e-06
1.84037e-10;2.20952e-11;1;3.92878e-10;4.2119e-12;3.8162e-11;2.28801e-09;2.25164e-12;1.99313e-10;7.52936e-11;1.16085e-09;6.67435e-10;1.55954e-10;1.39621e-13
4.51812e-07;0.000967338;1.89756e-05;7.86466e-06;8.99332e-07;2.54336e-06;1.33511e-07;2.29674e-05;4.01039e-05;2.00186e-08;1.29257e-05;0.998924;1.16047e-06;7.07998e-07
1.11426e-06;0.987512;1.23668e-10;1.48798e-07;1.58277e-08;9.44247e-07;8.33947e-09;1.43377e-07;7.26187e-07;2.29618e-09;1.07888e-06;5.01326e-06;0.0124792;5.50512e-08
7.34757e-05;0.00124417;0.0163156;3.43465e-06;0.00946499;2.62397e-06;3.98816e-10;0.000163506;2.23506e-08;2.73051e-07;6.81079e-09;0.000771405;1.25368e-05;0.971948
5.95697e-06;0.000478707;7.33633e-11;1.44638e-07;0.00630158;4.92928e-05;6.39569e-09;0.989267;3.90308e-06;5.75597e-08;1.58452e-08;8.73881e-09;0.00388853;4.90554e-06
4.96939e-08;4.35142e-06;0.999985;2.44292e-08;1.03974e-06;2.1935e-07;1.5727e-11;4.03764e-07;8.50745e-11;3.36822e-08;5.99899e-11;9.01832e-06;3.49241e-08;8.38188e-09
5.50502e-06;0.939235;0.000348022;5.86915e-06;5.5382e-06;1.07958e-06;3.64752e-07;0.0598089;9.96144e-05;2.15891e-07;1.08997e-05;0.000105264;0.000363578;9.94101e-06
