5.8151e-06;0.994531;1.75571e-05;0.000106753;1.06325e-06;9.20259e-07;1.38167e-07;7.15526e-06;3.69174e-07;4.21945e-07;5.32179e-07;8.69015e-06;0.00531898;4.94626e-07
0.000266371;0.895779;0.0979975;0.00115343;0.000127657;4.80254e-06;6.84083e-07;0.000794456;2.29681e-06;1.89204e-05;2.50332e-06;0.000626546;0.000424177;0.00280146
2.23111e-05;0.482288;8.81559e-10;4.81449e-06;0.00510857;6.88183e-06;2.47542e-06;0.485815;3.94165e-06;4.65843e-05;1.57992e-06;0.000168711;2.89201e-06;0.0265282
7.7368e-05;0.00501764;0.157636;0.00069506;0.00147875;0.00751057;4.35135e-06;0.000245546;1.31341e-06;0.000360678;4.83335e-05;0.82555;0.000431045;0.000943927
6.59364e-07;0.998949;1.88971e-08;3.76667e-08;5.31462e-09;6.71033e-09;0.000457516;0.000501386;8.2422e-08;4.07373e-06;1.78658e-07;7.57719e-11;6.21135e-06;8.07576e-05
2.19642e-10;3.35499e-09;1;1.26473e-10;1.48343e-12;1.297e-11;6.06174e-08;1.24289e-11;1.65862e-10;2.51451e-09;5.61852e-10;1.6252e-11;8.17103e-10;3.60444e-13
2.09697e-09;5.61647e-08;0.999996;1.76917e-08;3.67185e-09;1.52337e-09;1.09099e-08;8.58791e-08;1.32638e-08;7.03315e-09;2.30593e-08;3.80828e-06;1.34572e-07;1.09281e-09
7.45572e-09;0.000107387;0.00398903;1.65817e-06;1.85881e-06;9.76988e-06;2.11248e-08;3.92806e-05;2.22179e-07;4.73807e-08;1.07522e-06;0.99562;6.27691e-06;0.000223678
8.90327e-08;8.94434e-05;5.51257e-10;5.15429e-09;2.20037e-06;1.09263e-05;2.54996e-08;0.999844;7.38895e-08;2.43113e-09;6.29686e-08;3.90172e-09;5.21131e-05;9.3401e-07
5.82833e-09;2.49043e-05;7.45119e-06;1.04512e-07;0.00392836;5.14011e-05;1.9616e-12;0.000503736;8.48738e-11;3.6665e-10;8.19043e-09;0.994676;6.85663e-06;0.000801425
3.52219e-11;0.999999;1.33731e-11;3.88925e-12;1.70814e-12;1.37051e-11;1.41533e-08;4.66049e-07;3.90288e-14;3.37829e-10;2.39787e-13;1.61482e-13;1.04803e-07;9.03565e-08
1.52596e-12;1.82529e-10;1;4.26873e-12;1.62162e-12;1.02467e-11;1.11744e-12;2.84801e-12;1.46651e-14;1.64676e-12;2.17769e-14;3.9943e-07;7.30911e-11;1.69317e-13
8.43425e-07;0.856053;2.60357e-05;0.00032529;4.38741e-05;1.97544e-05;0.000158367;0.00573505;2.64369e-05;6.1688e-06;1.53931e-05;5.68917e-05;0.137519;1.36535e-05
1.10636e-05;0.0339507;1.83185e-06;0.000361063;0.00809893;0.00437325;4.40587e-05;0.882055;0.000319042;3.5717e-05;0.000129759;0.00012514;0.0701412;0.000353476
2.00514e-05;0.948546;0.0178869;0.00296074;0.0143973;0.000212912;3.62426e-05;0.000741091;4.25221e-08;0.0112597;1.03579e-06;4.70124e-06;0.000158254;0.00377498
1.07038e-07;1.29224e-08;0.999998;1.10364e-07;1.25915e-09;1.70393e-10;2.88402e-07;1.1585e-09;8.63953e-08;1.1885e-08;3.69623e-07;8.98857e-07;1.09121e-07;1.81534e-11
0.000250723;0.242023;0.0420075;0.000289549;0.00131332;1.36799e-05;1.31109e-05;0.696265;0.00218041;7.68148e-06;0.000302934;0.0128256;0.000451597;0.00205599
1.98798e-05;0.686083;1.93034e-07;1.776e-05;0.0804866;0.000783445;0.000141593;0.226325;0.000358308;0.000111353;0.000213887;2.27704e-05;0.000112101;0.00532408
9.66871e-06;0.00178087;0.156042;9.62011e-06;0.0275631;0.00280401;6.63577e-08;0.000651433;1.50697e-08;2.776e-06;1.01469e-06;0.809568;0.000179753;0.00138859
4.40411e-07;0.000253205;1.90605e-10;7.33803e-09;2.54482e-06;3.81524e-07;1.77276e-09;0.997967;1.30913e-07;8.24737e-11;8.89079e-08;9.18688e-08;0.0017762;2.84161e-08
6.09326e-06;0.449423;6.84651e-07;4.45602e-07;1.82505e-08;1.60955e-07;6.98311e-08;0.00855854;2.47459e-06;8.80283e-09;4.36926e-07;0.000675296;0.541333;5.96439e-08
0.000370884;0.354993;0.001811;0.0081207;0.083942;0.00180106;7.18115e-06;0.136352;8.98317e-05;0.00266205;0.000190076;0.105124;0.000299202;0.304237
0.000225676;0.953939;9.05275e-07;5.34005e-05;5.25373e-05;4.53817e-06;0.00471599;0.0274671;1.68087e-05;0.000107544;0.00138765;0.0012361;0.00527428;0.00551827
0.000386787;0.154128;2.7476e-05;1.27959e-05;0.0011703;8.34403e-05;0.000850879;0.298479;4.27571e-05;6.65559e-05;0.00101576;0.491011;0.0526058;0.000118926
3.27743e-05;0.00864835;8.69148e-08;8.50748e-07;2.49724e-05;1.288e-06;6.72317e-08;0.566262;1.21258e-06;4.80344e-08;5.32229e-06;0.000410984;0.424596;1.66387e-05
1.15672e-05;0.413473;4.20651e-07;1.33507e-07;1.84823e-07;3.32397e-07;7.60159e-07;3.53836e-06;5.6517e-07;3.62781e-08;1.06455e-06;0.0288304;0.557674;3.79064e-06
4.12279e-05;0.200265;0.000172486;2.85253e-05;0.00369215;0.0162517;1.7474e-05;0.0936713;2.70445e-06;0.00033031;9.49444e-06;0.573645;0.0237479;0.088125
8.66785e-06;0.0420446;3.54898e-06;9.56001e-05;0.000454588;0.0251647;4.09141e-06;0.020141;1.66586e-06;1.0193e-05;0.00151489;0.000620691;0.909814;0.000122127
2.08028e-05;0.632897;0.365087;8.62917e-05;7.39704e-06;2.59795e-05;3.25624e-06;0.00022436;6.9245e-08;2.37799e-05;5.62396e-06;0.00043972;0.000827485;0.000350847
2.76175e-05;0.0199446;1.12529e-06;1.10749e-05;3.68858e-06;0.000222921;5.52387e-06;0.000930788;1.2816e-06;3.94709e-06;0.00117794;0.0243239;0.953334;1.19225e-05
3.72645e-06;0.610767;4.29901e-06;6.27103e-05;0.000136632;9.07563e-05;0.000474488;0.0406382;4.46057e-06;0.000486651;4.49362e-05;6.71707e-07;6.55404e-05;0.34722
4.217e-09;5.7603e-08;0.999999;3.77437e-08;2.87223e-10;6.30593e-10;7.78064e-08;3.72752e-10;2.681e-09;3.35222e-09;4.49126e-07;5.98433e-08;3.47004e-09;4.49472e-12
7.00103e-07;0.994032;6.21274e-06;9.49575e-08;1.46135e-09;4.96448e-09;8.04964e-07;0.000443922;3.43322e-08;1.57261e-07;9.14092e-05;0.00349481;0.00192957;4.2162e-10
5.26439e-09;0.998826;1.43106e-10;5.3195e-07;8.23055e-07;6.46054e-08;4.67995e-05;9.97238e-07;1.50456e-09;0.000456199;7.84157e-08;9.32086e-07;4.94867e-07;0.000666887
3.11924e-06;3.80497e-06;0.963975;0.000383611;6.56633e-08;0.000143286;0.00182073;7.07001e-07;0.00017832;0.000162742;0.0307262;0.000730933;0.00187159;1.12167e-08
2.63353e-05;0.923177;0.0609081;6.84957e-05;3.32209e-05;1.53397e-05;4.62508e-06;0.00884696;1.56825e-07;5.45387e-05;1.51204e-05;1.41149e-05;0.00683257;2.98461e-06
8.28662e-05;0.00412049;3.915e-07;1.86154e-06;1.91154e-06;2.38319e-07;1.15005e-05;0.00419871;4.55015e-06;1.74782e-06;8.14906e-05;0.0048925;0.986602;3.03632e-08
0.00159844;0.138894;0.00014254;0.0114591;0.00440227;0.000934684;0.000779675;0.130439;0.121563;0.000418826;0.0165453;0.00696689;0.00477785;0.561079
1.62545e-05;0.998754;1.1438e-05;7.49497e-05;5.33596e-06;2.29181e-07;1.76611e-06;0.00078985;1.20347e-06;1.15864e-06;3.19011e-06;7.99248e-05;0.000258605;1.8851e-06
0.000871726;0.37206;0.00237008;0.0012068;0.00139369;0.000231401;6.11464e-05;0.0202978;0.000139049;0.000445079;0.000914425;0.579003;0.00948537;0.0115198
3.08775e-05;0.786833;8.90954e-05;3.16074e-05;5.71877e-05;4.87899e-05;0.148476;0.00014873;1.24139e-05;0.0510932;9.86668e-05;1.37549e-05;0.000154922;0.0129115
2.25617e-10;3.02572e-11;1;5.75422e-10;5.60959e-11;6.69481e-11;7.16553e-10;1.08921e-12;4.64324e-10;9.53837e-11;3.15733e-09;6.94806e-09;1.47988e-11;1.71089e-12
0.000290581;0.409686;0.00476269;5.74084e-05;0.000249951;0.00168007;2.1374e-05;0.520508;6.66341e-05;3.57333e-05;0.000198628;0.025734;0.0362606;0.000448463
7.16907e-05;0.00679282;1.34912e-06;9.31828e-05;2.60921e-05;3.58112e-05;2.54473e-06;0.0101781;0.000313212;1.90657e-06;0.00884882;0.000705198;0.972918;1.12494e-05
1.70327e-06;0.00151512;2.61917e-11;1.35951e-08;8.30651e-06;5.05391e-10;1.14319e-08;0.99847;4.89414e-07;4.21903e-08;9.19036e-08;3.03451e-07;5.53004e-08;3.56917e-06
7.10787e-07;0.000533956;0.999361;2.30062e-06;1.11522e-06;9.83582e-07;7.05405e-09;2.06186e-08;6.18685e-10;4.52039e-07;4.33009e-08;4.41733e-05;4.56825e-05;9.397e-06
4.23681e-07;0.9998;3.45241e-09;2.42753e-10;1.20259e-10;6.67029e-12;0.000196637;4.02213e-07;5.27441e-09;2.45705e-07;1.89746e-07;9.71794e-07;2.14811e-08;1.3788e-06
1.97312e-11;2.89668e-11;1;8.43719e-12;1.06558e-09;3.78024e-12;1.884e-11;5.76345e-12;3.72828e-11;1.02829e-12;8.88556e-12;2.33501e-07;9.38166e-12;5.4702e-12
0.0003413;0.0097749;5.90018e-07;3.1153e-07;0.000492467;1.57588e-06;3.17008e-05;0.948503;0.0406919;5.65243e-07;2.38373e-05;1.72801e-05;0.000117305;3.72878e-06
0.000945061;0.048182;0.839647;3.07502e-05;0.00183193;0.000333931;5.39621e-06;0.000481891;0.000346281;0.00010345;3.07461e-05;0.0843967;0.0235834;8.16025e-05
1.41047e-06;0.980095;1.93025e-07;3.93675e-08;3.49773e-06;5.37809e-08;1.05685e-08;0.00420009;2.24542e-06;7.00584e-10;1.38284e-07;0.0152812;0.000407804;8.00142e-06
3.47777e-07;0.99921;2.00519e-07;9.15068e-11;7.03904e-10;1.1983e-09;1.51699e-07;1.54543e-06;2.38166e-09;8.77098e-10;2.52756e-10;0.000130467;0.000657124;1.71275e-09
1.27398e-06;0.206907;5.23255e-07;1.68223e-06;1.54207e-05;1.88651e-05;0.000109008;0.00119619;1.98753e-05;5.80019e-05;1.4292e-07;2.35845e-05;3.66422e-06;0.791645
9.3756e-10;3.22524e-08;1;5.30598e-11;4.12271e-11;3.01522e-12;2.24683e-09;2.56124e-09;1.07653e-09;1.88228e-11;6.20801e-11;1.12386e-07;1.63898e-09;7.62981e-14
5.27772e-06;0.055603;0.00022617;1.78424e-05;0.00194236;4.08411e-05;4.34656e-07;0.0345659;1.72157e-05;1.01446e-06;2.34615e-06;0.904382;0.00310008;9.51534e-05
1.85543e-06;0.0949316;6.29166e-08;0.000108072;0.000326085;0.000323215;3.69341e-06;0.0124237;6.27026e-07;2.93172e-05;3.49497e-06;0.00057844;0.889771;0.00149921
0.000323991;0.0597882;3.41648e-05;0.0732383;0.000212459;2.19001e-05;0.000964722;0.0143771;0.000158985;0.000572136;0.0840608;0.737097;0.0186951;0.0104549
0.000122209;0.0165145;7.08678e-10;0.00384831;0.0121388;4.39498e-05;2.72855e-05;0.963552;0.00013739;3.01208e-05;0.00189085;0.000845446;0.00032911;0.000520235
0.000520624;0.0251597;0.421062;0.00502638;0.00117847;0.00345579;1.43253e-05;3.0821e-05;4.32544e-06;0.000282755;0.000348821;0.000732481;0.541668;0.00051536
0.000959698;0.468712;0.522778;0.000364766;0.000172172;1.41692e-06;3.34281e-05;0.00461561;2.26291e-05;8.96477e-06;1.39018e-05;0.000720467;7.15377e-05;0.00152606
0.000518557;0.486947;1.10357e-06;0.00226572;0.0873255;0.0321339;8.08743e-07;0.279494;0.0288666;6.18888e-06;0.00102566;0.00130185;0.0769306;0.00318223
0.000858745;0.821967;0.0063813;0.000274224;0.000524789;8.97623e-05;7.76541e-05;0.138688;2.37218e-05;0.00203457;2.22159e-05;0.0251895;0.00374698;0.00012101
2.18395e-06;3.89986e-07;0.999973;1.24558e-06;2.28346e-08;1.2624e-08;1.04924e-06;1.36738e-08;9.29331e-06;4.64549e-08;3.88351e-06;8.4055e-06;4.64359e-07;2.55685e-10
0.000215434;0.932435;0.00665999;0.000161579;0.000416327;1.11303e-05;3.94013e-06;0.0427671;0.000912117;1.02373e-05;9.34703e-05;0.0139695;4.39856e-05;0.00229973
3.49027e-05;0.644094;3.35218e-07;8.31686e-06;0.224887;0.0001963;0.000102558;0.129013;0.000136233;5.55419e-05;8.13956e-05;0.000447025;5.50741e-05;0.000887869
1.0639e-05;0.00454311;0.101042;2.8704e-05;0.105449;0.0096993;1.42558e-07;0.00108701;3.05951e-08;1.56215e-05;3.06178e-07;0.769691;0.000127707;0.00830586
9.06909e-05;0.904548;2.78036e-08;8.06861e-06;4.1363e-05;6.44304e-06;1.45383e-05;0.0050058;0.000309623;2.12514e-07;1.34052e-05;1.01262e-05;0.089924;2.80894e-05
4.62806e-06;4.40434e-05;2.63148e-09;1.1688e-07;1.55025e-06;4.16346e-09;2.78125e-10;0.999946;2.7801e-06;8.40075e-10;1.44879e-09;7.17317e-07;5.00196e-07;9.73848e-09
8.40703e-06;0.817589;7.79455e-07;0.000672519;0.0424099;5.57781e-05;8.98949e-10;0.0703697;1.23212e-07;5.70268e-06;1.00489e-08;0.00539359;7.24811e-06;0.0634876
0.00610389;0.381036;0.00062707;0.0218325;0.00944956;0.317405;0.000710592;0.0802903;0.000134917;0.069044;0.00145985;3.04473e-05;0.0168238;0.0950523
1.19637e-08;9.6445e-13;1;1.75407e-09;8.00967e-12;2.28569e-11;9.992e-10;3.97848e-10;1.16085e-08;1.66668e-11;1.18604e-08;3.10814e-09;3.39614e-11;6.28119e-15
4.89389e-05;0.000384428;2.64389e-05;0.00125353;4.73087e-05;5.42546e-05;1.39626e-06;0.000107964;0.306134;2.92558e-07;0.0174311;0.674127;0.000294329;8.84108e-05
4.46255e-05;0.995901;2.50173e-06;2.07479e-06;1.78012e-07;2.89055e-06;4.25643e-08;8.65332e-06;2.17926e-07;9.43281e-07;2.13379e-07;4.82049e-06;0.00399392;3.80937e-05
7.28473e-07;0.000150727;3.61989e-09;7.75557e-09;0.000398184;1.80716e-06;4.25779e-11;0.999414;1.16733e-09;1.379e-07;1.47088e-09;8.90135e-07;1.74392e-06;3.14838e-05
2.81298e-08;7.52239e-06;0.999774;5.18393e-06;0.000156449;3.46003e-05;1.34672e-10;3.51945e-06;2.6729e-10;1.17064e-06;5.0156e-09;1.58215e-05;1.42418e-06;4.39999e-07
0.000158947;0.00371524;0.000925045;0.000352686;4.00696e-06;8.67964e-05;0.000355904;0.0228882;0.024445;2.03982e-05;0.211546;7.01203e-05;0.735431;3.84097e-07
