8.51594e-06;0.998523;0.00109655;8.35206e-06;8.09082e-06;1.10254e-07;6.23937e-07;0.000249501;6.34559e-08;2.66623e-06;6.55979e-08;2.06849e-05;8.06733e-05;1.39736e-06
1.37649e-06;0.893882;1.68025e-07;9.45832e-06;0.00046352;1.03508e-05;1.07792e-07;0.00545516;7.18642e-07;1.1102e-07;1.28629e-06;0.00120213;0.0985714;0.000401868
7.23508e-06;0.051602;5.24276e-05;0.000293108;0.00446337;0.000221608;3.7784e-06;0.365807;2.79783e-05;4.17056e-05;6.88417e-05;0.558821;0.0173623;0.00122757
7.07302e-05;0.522978;2.73698e-05;0.0051651;0.00160487;0.00192887;0.000396927;0.00519818;0.00124176;0.000114085;0.000323544;0.0679677;0.392483;0.000499309
2.86747e-05;0.00416064;1.19794e-08;1.16324e-06;2.14832e-06;1.12131e-07;1.71781e-06;0.00179685;2.41852e-06;4.14922e-08;9.75823e-06;7.29528e-06;0.993966;2.36235e-05
5.65134e-05;0.7396;2.78519e-06;1.7555e-06;5.13771e-06;1.30308e-06;0.00438331;7.51892e-05;5.44018e-07;0.000895732;5.24328e-07;0.000477766;0.000128914;0.25437
1.24718e-09;2.92761e-08;1;8.19752e-09;2.44483e-10;1.17084e-11;1.17644e-08;6.55141e-11;7.76718e-09;4.71256e-10;2.58229e-08;3.88443e-07;2.24804e-10;1.45443e-12
2.85461e-07;0.995342;3.8962e-05;5.20969e-06;1.12131e-06;1.09328e-07;9.13904e-08;3.44925e-05;5.96003e-09;1.79875e-06;2.82939e-07;0.000343589;0.00423175;5.42209e-07
9.18459e-07;0.00833096;9.10807e-08;7.48095e-05;1.8114e-05;0.000326845;3.98489e-06;0.000536694;4.90197e-06;7.96451e-06;3.64976e-05;0.00771019;0.982942;6.11957e-06
2.53659e-07;0.000126929;0.999583;0.000128163;2.32333e-05;0.000100375;4.21913e-09;1.57763e-07;9.13569e-10;3.182e-06;9.54281e-09;5.46867e-06;5.61752e-07;2.84072e-05
4.03749e-06;0.0170807;2.69223e-10;1.37276e-06;7.49154e-08;7.57643e-07;5.04607e-07;1.40542e-05;1.39282e-05;1.5236e-08;3.81008e-05;0.000185159;0.982661;3.11503e-08
6.63384e-05;0.59232;0.405411;0.000141005;6.10317e-05;1.09067e-06;3.69302e-08;0.00177142;2.08872e-06;3.19329e-06;1.12557e-06;9.55473e-05;4.33651e-05;8.24016e-05
5.07542e-05;0.973028;0.000231217;0.00022888;4.84697e-06;3.94424e-06;6.3582e-07;7.35592e-07;1.83617e-06;6.10039e-06;7.09779e-05;4.06284e-05;0.0258471;0.000484129
3.50266e-06;0.0872218;6.75717e-07;4.8821e-09;3.2607e-08;3.10315e-10;2.36232e-06;1.66766e-06;1.04872e-08;3.11031e-08;8.23655e-08;0.912745;2.41553e-05;1.9513e-07
4.23471e-07;0.00808168;3.45726e-09;1.44074e-08;0.000210586;3.14609e-07;5.82913e-08;0.991694;3.13322e-08;3.01093e-08;7.08219e-10;6.24573e-08;1.02992e-05;2.4473e-06
3.26057e-05;0.00171999;0.987159;9.29223e-06;0.000273733;0.00486921;3.68336e-08;2.39552e-05;5.70636e-08;2.51198e-06;1.02483e-08;0.00476133;0.000731107;0.000417161
2.296e-05;0.933727;1.23355e-07;3.77613e-06;3.00338e-06;3.99428e-06;0.0142655;0.00193299;4.30924e-06;0.00025916;1.13841e-06;4.72827e-08;3.74114e-06;0.0497728
4.88853e-11;3.00858e-11;1;1.03529e-10;4.45252e-12;1.22134e-12;7.02802e-11;7.7121e-12;1.59684e-11;5.39503e-12;2.07564e-11;5.46942e-09;2.51083e-12;4.95095e-14
0.00020835;0.327899;8.78933e-05;0.000441537;4.96096e-05;7.63936e-05;0.000131211;0.413815;0.0011272;6.84317e-05;0.000530983;0.00157927;0.253912;7.32018e-05
0.00175086;0.597707;0.0236642;0.00188456;0.000307013;0.000168042;0.000693251;0.113456;0.00952707;0.0084759;0.0108409;0.17968;0.0477004;0.00414506
7.50676e-09;1.80008e-05;3.52583e-08;4.80511e-08;2.8521e-08;2.25478e-07;0.882665;2.60448e-11;1.60428e-08;0.116691;1.58437e-07;7.19319e-11;6.25311e-11;0.000624807
5.33441e-12;2.051e-12;1;8.39941e-12;4.74564e-14;1.0514e-13;2.76819e-09;1.04162e-14;3.85372e-11;9.7798e-12;4.05833e-10;5.94865e-11;2.66335e-14;4.17048e-15
