1.84506e-05;0.99798;0.00107775;0.000105032;1.05162e-05;8.69704e-07;2.18632e-06;8.50101e-05;1.81312e-07;1.00602e-05;4.07957e-07;7.90416e-05;0.000111349;0.000518813
1.78186e-05;0.904033;2.01709e-09;8.6545e-06;4.16993e-05;5.36251e-07;2.25403e-07;0.0889086;1.06945e-06;2.2907e-07;5.48849e-06;0.000103841;0.00406478;0.0028137
1.063e-06;0.985921;1.54374e-09;2.95398e-07;2.10754e-06;1.92998e-08;8.25017e-08;2.87177e-05;8.90585e-08;8.54812e-08;1.48047e-07;0.0138495;0.00019715;2.06241e-08
0.000491225;0.00393069;0.00689712;0.000730927;0.561979;0.113181;3.22195e-05;0.00106274;8.30896e-05;0.000577541;0.000104021;0.278043;0.00181415;0.0310734
0.000322727;0.0330714;5.46508e-05;0.000325012;0.00102726;0.000211584;4.70438e-05;0.0312471;0.0551222;1.08117e-06;0.0674506;0.810163;0.000505188;0.000451478
3.57634e-06;0.00257896;1.37585e-06;1.40394e-08;1.52737e-06;1.59805e-08;1.68252e-08;0.997393;1.21465e-07;8.05627e-09;2.39809e-08;7.55798e-08;2.12007e-05;1.84051e-08
1.05004e-07;0.00059325;1.23494e-05;3.04311e-07;8.51015e-06;8.93816e-07;3.50755e-10;1.1627e-06;1.25627e-07;5.6288e-09;1.774e-07;0.999254;0.000121374;7.3357e-06
0.000199816;0.688341;6.01984e-07;1.72129e-06;0.000313877;3.19934e-06;3.68961e-06;0.16918;0.000111414;3.79725e-06;6.27164e-06;0.000132207;0.141679;2.29251e-05
3.32815e-06;0.000226706;1.4121e-05;7.40592e-07;0.00696829;3.2575e-07;5.7071e-10;0.00556663;1.64548e-07;1.43024e-07;5.1501e-08;0.987161;1.24563e-05;4.58152e-05
2.52738e-07;0.996256;5.83284e-07;1.92384e-09;3.41035e-08;1.37179e-10;6.2378e-08;1.72762e-10;2.44194e-10;1.13652e-06;1.70763e-11;1.17314e-08;3.58415e-09;0.00374169
0.000321901;8.51993e-05;2.45644e-05;1.12332e-07;5.39977e-06;5.00099e-08;0.00346722;0.874086;0.121965;7.33826e-07;3.52111e-05;1.72465e-06;6.26498e-06;1.11213e-07
5.95165e-08;0.000659636;4.39904e-11;9.8072e-09;1.03056e-06;2.32719e-08;1.42813e-10;0.996714;4.33545e-07;2.35598e-10;1.89517e-08;1.52114e-07;0.00262516;9.95357e-09
3.06445e-05;0.962309;0.0118791;0.00283058;0.000156978;0.00429714;5.01111e-06;0.00263129;1.15314e-05;0.000357939;2.50834e-05;0.00347165;0.00333942;0.00865454
2.00076e-05;0.902037;1.50926e-06;2.34963e-07;1.2298e-09;5.70033e-08;1.74877e-05;6.5973e-07;8.75798e-06;9.24189e-08;2.07182e-05;0.0915084;0.00638536;1.23635e-08
3.5762e-05;0.891951;0.000182652;7.35458e-06;8.16912e-05;0.000214061;1.10397e-06;0.00153165;4.38553e-06;1.10633e-06;5.98476e-06;0.0327703;0.073188;2.4842e-05
0.000966993;0.0319883;5.98824e-05;0.000148246;0.0125155;0.035635;2.31729e-05;0.023267;0.000366148;1.79825e-05;0.000109877;0.0102957;0.0213946;0.863212
2.0893e-06;0.00258311;5.45005e-09;8.25172e-08;6.89615e-08;3.70638e-06;2.34139e-09;2.20067e-05;9.12357e-07;2.19761e-09;2.57302e-08;0.00158109;0.995806;6.11189e-07
4.18009e-07;0.0919721;0.00696234;4.33493e-06;1.67715e-06;7.78776e-07;1.27191e-07;4.95637e-08;5.31519e-09;1.37866e-05;6.54477e-09;0.00103147;1.97924e-07;0.900013
1.33312e-05;0.00314795;3.27891e-06;3.49297e-05;1.36526e-07;7.2223e-07;0.475677;7.41593e-05;0.118573;6.07062e-06;0.401294;1.8717e-05;0.00115653;1.29832e-07
1.7159e-06;0.00588328;5.51455e-08;9.33607e-08;2.92593e-08;1.14475e-07;8.04135e-08;0.989055;6.14358e-07;1.02826e-07;4.15917e-07;4.54558e-08;0.00505788;2.80858e-07
2.72199e-09;2.54392e-05;3.15598e-07;1.79724e-07;1.33957e-07;8.04623e-08;5.5785e-11;3.90041e-09;1.68033e-08;8.01474e-10;7.14972e-08;0.999971;2.64356e-06;3.31684e-07
6.65355e-06;0.92407;2.5043e-06;2.07769e-07;4.38073e-06;1.53432e-07;1.30503e-07;0.000191645;4.21246e-06;4.98688e-08;1.07428e-06;0.00018615;0.0755328;4.74168e-07
9.59649e-06;0.00971202;1.2117e-06;3.04559e-05;0.365015;2.22682e-06;1.08766e-07;0.0603866;1.4047e-05;6.24708e-06;1.26483e-06;0.555862;0.000218491;0.00874055
0.00240927;0.116992;0.799838;1.55985e-05;0.00675367;4.4301e-07;8.64949e-07;0.000694452;1.07793e-05;5.55587e-06;2.23542e-07;0.0722561;0.000859792;0.00016393
0.00135042;0.0577844;9.78869e-09;9.4229e-07;0.000143373;9.19776e-07;0.000197594;0.575705;0.358439;7.17766e-07;0.000286779;0.000519915;0.00537158;0.000199586
5.87235e-06;0.951634;3.23435e-09;2.81199e-07;1.18022e-06;2.41436e-07;4.06875e-05;0.00257066;1.89177e-06;2.31961e-06;5.77085e-07;3.80461e-07;0.0457383;3.35429e-06
1.10841e-08;2.62522e-10;1;3.16403e-08;3.79853e-08;4.46706e-10;1.15485e-09;1.94196e-11;2.51025e-09;2.44843e-10;1.32646e-09;1.07443e-07;3.37127e-10;2.43032e-10
5.17064e-05;0.349761;0.00158753;2.83044e-06;0.000125282;6.63658e-06;2.35026e-05;0.000263848;7.96102e-07;7.80419e-07;1.09831e-07;0.00275457;0.00219444;0.643227
1.25232e-06;2.57587e-05;3.89191e-09;3.9296e-07;0.00307158;3.9243e-05;1.97016e-06;0.995917;0.000253439;1.75474e-07;2.02858e-06;9.76322e-06;5.7109e-05;0.000620134
4.99409e-07;0.0008152;0.995827;2.74742e-05;0.000477638;0.00117029;2.13424e-08;6.22645e-06;3.54958e-09;3.35253e-07;2.72127e-07;0.000580558;1.4685e-05;0.00107941
2.63466e-06;0.455829;7.40313e-10;1.81358e-08;8.52659e-09;2.40603e-07;1.30636e-06;6.43619e-07;6.62324e-07;1.06312e-09;1.55362e-06;3.01812e-05;0.544134;1.24013e-07
1.23324e-05;0.00879266;0.00280982;8.90127e-08;0.000869714;1.0904e-05;4.4688e-10;0.00021845;6.4304e-07;3.90925e-09;3.03097e-08;0.983551;0.00340631;0.000328365
4.84718e-06;0.920663;4.87936e-09;3.10172e-07;0.000183345;1.64497e-06;7.03638e-08;0.0787011;2.95658e-05;2.88059e-08;1.94079e-07;3.09718e-06;0.000301723;0.000111485
5.801e-06;0.123334;1.23112e-05;4.2988e-08;4.53391e-07;3.37762e-08;6.5628e-08;0.000117077;2.51235e-07;4.3099e-08;1.59319e-08;0.875977;0.000517857;3.44491e-05
3.21011e-05;0.166946;6.28097e-07;8.19744e-06;0.000725916;0.000160209;6.70836e-05;0.731616;0.000432629;9.86439e-05;2.9644e-05;0.0924831;0.00437243;0.0030273
8.60524e-06;0.985741;6.07407e-08;3.01857e-06;1.08783e-05;5.38483e-06;2.16079e-06;0.00156233;1.24081e-06;1.97879e-06;9.67462e-06;0.0108992;0.00150908;0.000245189
3.44907e-06;0.994234;1.42582e-07;3.68823e-08;2.13504e-08;5.56704e-07;1.82072e-06;1.46254e-06;1.00676e-07;2.72928e-07;8.01796e-08;0.000785472;0.00497295;1.04845e-07
3.24436e-06;0.00555315;3.3135e-07;7.09523e-06;3.79404e-06;4.34942e-06;3.4313e-08;8.15895e-06;6.55677e-06;2.17923e-07;2.39288e-06;0.994349;2.50817e-05;3.69897e-05
6.09982e-06;0.99715;1.33394e-11;1.82385e-07;3.74969e-06;7.41242e-07;2.53137e-07;0.00276399;4.85426e-07;4.01121e-07;1.96459e-07;8.58674e-07;1.10935e-05;6.17599e-05
7.36696e-07;0.000375759;3.61181e-06;1.02086e-07;7.41116e-07;1.03949e-06;9.55282e-09;0.000149787;1.72128e-09;1.47283e-08;9.03687e-08;0.999126;0.000278854;6.29799e-05
3.81386e-07;0.960994;2.38181e-08;3.79293e-07;5.86203e-07;1.53098e-07;3.67382e-05;0.000275261;2.20243e-08;3.08427e-05;1.68749e-08;3.13158e-07;5.5176e-07;0.0386605
1.65847e-10;4.08955e-11;1;7.11315e-11;5.26453e-11;1.97479e-11;7.37679e-10;3.86806e-10;2.41505e-11;5.43407e-11;5.30149e-11;4.73972e-09;2.17888e-09;4.83776e-13
7.4934e-06;0.00256367;9.002e-09;2.57699e-05;5.92371e-05;3.07623e-05;1.69509e-06;0.0113835;0.00013334;2.60688e-06;0.000177195;0.000204772;0.985395;1.49475e-05
0.00100555;0.0166969;5.53999e-05;0.00194513;4.1924e-05;3.32571e-05;1.84466e-05;0.00238211;0.0127312;4.05905e-05;0.00864069;0.954668;0.00143357;0.000306828
0.000427278;0.989169;3.61687e-06;5.99636e-05;3.65055e-05;2.11422e-06;1.60523e-05;0.00457625;1.73808e-05;1.6402e-05;7.66925e-05;0.00353008;0.00158738;0.000481738
2.17786e-07;0.999917;2.03145e-11;1.60062e-08;9.24224e-09;5.17227e-10;4.86024e-06;1.2772e-06;1.63529e-10;1.43312e-05;4.39501e-09;5.25897e-07;4.59962e-08;6.16033e-05
2.65785e-12;2.55839e-13;1;1.18291e-12;2.79783e-13;2.58335e-13;3.10389e-11;1.50221e-14;2.19376e-13;3.23111e-12;2.25502e-12;5.00936e-08;3.65995e-14;5.16975e-13
2.44992e-06;0.375598;2.474e-06;2.87581e-06;1.31597e-07;2.08234e-07;0.622973;0.000888848;4.25923e-05;0.00034859;8.36838e-05;9.97959e-10;3.02032e-05;2.67647e-05
2.60442e-11;1.23373e-11;1;6.43037e-11;1.2724e-11;3.20004e-12;1.16909e-10;1.70635e-12;1.36751e-11;1.17642e-11;3.30891e-10;6.83486e-08;4.02391e-12;1.69454e-13
0.000119323;0.128506;6.62707e-06;4.16792e-05;0.0030317;0.0017102;2.77789e-05;0.780643;0.000104351;2.01057e-05;7.56328e-05;0.00342986;0.0795603;0.00272275
4.26063e-05;0.199574;0.00018542;0.00742843;0.000107855;0.00036499;9.73383e-06;0.000180978;0.000737121;2.62931e-05;0.00481691;0.603419;0.178231;0.00487537
1.06624e-06;0.996966;4.23411e-09;1.79626e-06;2.9361e-06;1.76328e-05;5.14782e-08;0.00189389;2.5618e-08;3.19451e-06;5.22813e-07;7.97697e-06;0.00104656;5.88451e-05
2.07991e-05;0.00309666;4.09097e-05;4.19454e-05;3.65986e-06;1.10874e-05;1.15681e-06;0.0081467;3.47489e-05;2.33185e-06;0.000351565;1.98775e-05;0.988227;1.46356e-06
0.000159476;0.000366677;0.000208918;3.82801e-05;7.81754e-06;9.97314e-06;1.30996e-06;0.000984055;0.00253998;2.17685e-05;0.00147624;0.991045;0.00313459;5.74747e-06
