1.9691e-05;0.991284;0.000810828;0.000674935;0.000154075;0.000113267;2.04865e-06;1.66424e-05;2.25521e-06;0.000102297;4.84644e-05;7.34055e-05;0.00639062;0.000307079
2.91297e-05;0.0302995;0.00419426;1.01261e-05;2.48041e-05;4.13722e-07;6.27443e-08;4.25921e-05;1.94975e-07;2.37377e-07;2.06033e-06;0.965232;9.02858e-05;7.47393e-05
9.88336e-05;0.995754;5.93129e-06;4.40287e-06;0.00073041;1.06336e-05;3.88044e-05;0.00065232;0.000296481;9.27029e-07;0.000102955;0.00226252;3.25021e-05;8.8134e-06
1.85861e-05;0.825715;6.31606e-05;4.64802e-06;0.000275934;0.000660331;1.06325e-07;0.00141818;1.25846e-07;7.64427e-06;1.38807e-07;0.00124885;0.170578;8.78971e-06
0.000142052;0.241627;8.12106e-06;1.6875e-05;0.00106304;0.000373582;4.75716e-05;0.017406;7.16356e-05;3.60189e-05;2.54467e-05;0.372619;0.36407;0.00249329
0.0001546;0.0366293;3.0989e-05;0.000997385;0.0175166;0.0115212;0.000197202;0.00441171;0.000587857;4.62152e-05;0.00022052;0.00167285;0.923504;0.00250919
0.000572397;0.0168352;2.13504e-06;0.000177662;0.000136084;0.000124226;3.35116e-06;0.000702157;0.000295401;5.25396e-06;0.000268073;0.430181;0.52579;0.0249071
0.000133673;0.974884;3.35405e-06;3.11537e-07;1.79516e-07;6.14788e-08;7.95309e-06;0.0144237;1.41636e-05;3.66693e-07;9.43127e-06;0.003071;0.0074509;5.0326e-07
2.31233e-08;0.00010975;7.68682e-06;5.47513e-07;0.000162931;4.16575e-07;2.64941e-10;0.0054204;6.00305e-08;1.03761e-08;6.78128e-07;0.994278;7.12604e-06;1.19927e-05
1.87785e-09;0.998772;1.80618e-10;4.91257e-09;4.26682e-11;2.78421e-10;0.00122019;3.83807e-07;1.25706e-08;3.4465e-06;4.10031e-07;1.73536e-12;3.56696e-06;2.83942e-07
8.33923e-12;6.58574e-12;1;7.7042e-11;8.25268e-12;3.39194e-13;1.53415e-10;2.5261e-12;2.38729e-11;2.27083e-11;1.05255e-10;2.46468e-08;5.13091e-13;5.06664e-13
0.000415228;0.743991;9.61613e-06;0.00125404;0.00107442;0.000608927;0.000675127;0.0688981;0.118351;0.00033125;0.0028416;0.00118512;0.0598923;0.000471988
0.000918808;0.721199;0.00168197;0.00153795;0.000189744;3.12271e-06;9.84149e-05;0.00514099;0.000741352;0.000544932;0.000162945;0.265157;0.00011018;0.00251333
1.76791e-05;0.74534;0.000171042;5.27379e-06;2.49807e-06;1.54354e-07;4.40049e-07;9.87624e-05;4.13379e-08;2.61947e-06;5.83751e-07;7.0381e-06;0.254336;1.78051e-05
8.65856e-06;0.0200468;1.87728e-07;2.33882e-06;0.000143685;2.62016e-06;3.83924e-05;0.00635195;0.000142437;4.08952e-06;0.000130845;0.96695;0.000149357;0.00602874
3.3005e-06;0.0322591;1.52456e-08;3.72432e-07;1.46743e-06;6.05969e-05;1.06575e-05;1.53571e-05;2.3361e-05;1.77978e-06;3.1295e-05;4.18839e-06;0.967588;6.31952e-07
1.74287e-06;8.55495e-05;0.996984;2.12023e-07;2.67771e-07;4.50353e-08;8.1774e-09;4.81116e-07;4.6759e-08;4.08638e-07;8.67461e-10;0.00292392;2.65637e-06;3.9321e-07
1.10701e-06;0.997225;1.6011e-07;2.59858e-05;4.68675e-06;2.35547e-05;2.16091e-06;0.00086693;7.43807e-05;5.0622e-07;1.01308e-05;8.6833e-05;0.00131087;0.000368363
2.80079e-06;0.00017866;6.88872e-09;4.593e-08;9.49442e-09;8.8279e-09;7.04389e-08;0.999795;6.26282e-06;2.26933e-08;4.29235e-07;3.04581e-07;1.68115e-05;1.30029e-09
1.60514e-08;0.989057;7.72698e-09;1.63786e-06;2.58846e-07;2.6621e-07;2.05598e-07;6.4621e-08;2.59172e-09;1.62864e-05;7.81848e-09;3.44126e-06;1.21802e-08;0.0109203
1.75652e-06;0.000102589;0.999531;3.86672e-07;2.9477e-08;1.46175e-07;0.000317872;3.57822e-05;9.49831e-07;2.92288e-06;3.72838e-06;6.59627e-09;2.69914e-06;4.32167e-08
4.50975e-11;2.62351e-11;1;5.66992e-11;2.01012e-13;9.18792e-13;3.00622e-10;3.27283e-10;1.41203e-10;9.00232e-12;9.60225e-11;1.28268e-09;1.04779e-10;2.71548e-14
2.45974e-08;1.05908e-06;0.999752;2.06866e-08;2.67363e-08;1.08002e-08;1.21911e-08;1.09119e-06;8.573e-09;3.6863e-09;8.4218e-10;0.000244938;1.38232e-09;6.63016e-07
1.05084e-05;0.000298389;1.99554e-05;4.5473e-06;0.0598612;0.611367;2.43928e-07;3.57627e-05;5.11919e-05;1.6586e-06;1.5758e-06;0.000787942;0.00557249;0.321987
2.49457e-05;0.00587636;3.68768e-06;1.96333e-06;0.00126634;0.00142013;4.11778e-08;0.000463625;9.20003e-07;4.51651e-07;1.10907e-07;0.0103657;0.980547;2.83601e-05
1.43426e-06;0.000111202;0.999753;8.71395e-08;2.70977e-06;2.7236e-09;3.11628e-10;0.000131108;4.04639e-09;3.13573e-09;2.38674e-11;3.32335e-08;4.85369e-07;1.29137e-08
6.73197e-05;0.00218155;2.61633e-08;5.7067e-06;0.000155148;3.43697e-06;2.86865e-07;0.994897;0.00220464;5.16434e-07;6.6633e-06;1.06372e-05;0.000458472;8.08901e-06
5.33638e-05;0.991315;1.86231e-06;6.30346e-05;0.000108855;3.50289e-06;1.06978e-06;0.000147263;3.30026e-06;3.23944e-05;3.75513e-06;0.000824899;0.00187228;0.00556985
8.98926e-07;0.999764;8.13619e-10;4.5939e-08;2.26846e-09;1.79107e-09;0.000110076;3.78528e-06;2.04194e-08;5.7432e-05;2.11663e-08;2.37991e-07;3.52114e-08;6.39291e-05
1.17332e-10;8.02079e-12;1;2.65814e-09;1.09539e-10;1.77077e-11;6.48404e-10;2.89371e-12;4.37034e-09;2.46666e-10;4.33743e-09;9.20906e-08;3.91163e-13;1.70928e-11
9.76616e-07;0.99614;2.39199e-07;1.5384e-07;2.02585e-07;1.62371e-08;6.97064e-08;3.20037e-06;1.40225e-07;1.50072e-08;2.80969e-07;8.7541e-08;0.0038547;1.69338e-08
1.3555e-08;0.000111171;3.4342e-06;8.08823e-09;4.30849e-08;2.17627e-09;1.13661e-09;2.74581e-05;3.43251e-08;2.46251e-10;8.39295e-08;0.999855;2.84969e-06;2.04091e-07
6.97348e-07;0.999438;5.39536e-07;5.40276e-08;6.90051e-06;7.55547e-08;2.05219e-08;0.000275178;1.16693e-08;2.52583e-09;1.37313e-08;3.75894e-06;0.000194716;8.0004e-05
5.15912e-08;1.81193e-06;1.63886e-11;3.93478e-10;7.99726e-07;7.1419e-11;5.10484e-12;0.999995;5.54227e-10;3.61233e-10;1.11118e-11;3.12143e-07;4.88023e-10;2.25021e-06
3.42591e-07;0.000419143;0.998902;2.36339e-05;9.63971e-05;2.41928e-06;9.30024e-11;9.98931e-05;4.55895e-09;2.53256e-07;8.30524e-09;0.000399953;1.59591e-08;5.56268e-05
3.72282e-07;3.00021e-05;3.12444e-09;6.45102e-09;1.85529e-10;2.85583e-06;8.16988e-08;5.99355e-07;1.43363e-06;1.28691e-08;7.01182e-06;5.42005e-08;0.999958;1.37484e-09
3.49489e-10;1.56475e-08;1;5.76164e-10;1.16418e-10;6.36915e-11;1.19641e-10;9.74909e-11;4.27598e-11;2.05861e-09;9.41761e-11;2.14541e-07;1.29505e-10;7.28609e-11
1.70298e-06;0.963217;3.10087e-06;1.44284e-05;6.89866e-06;6.37571e-06;8.19559e-06;0.034265;0.000414315;8.91842e-07;0.00030558;1.76382e-05;0.00173222;6.93993e-06
