2.55546e-06;0.950131;8.04138e-05;1.36645e-06;1.10234e-06;5.37631e-07;3.75391e-08;1.20366e-06;4.40049e-09;5.4961e-07;1.92728e-07;0.00029813;0.0494798;3.22531e-06
9.97007e-07;0.00297943;9.2251e-08;3.45115e-07;3.3045e-06;7.81036e-07;6.81127e-08;0.000737119;2.49566e-06;1.01843e-08;6.88448e-05;0.995741;0.000386374;7.94711e-05
5.40962e-07;0.999199;1.0174e-06;2.89578e-08;1.87797e-06;1.3325e-07;4.8504e-07;2.4421e-06;5.64416e-09;1.78469e-08;5.57017e-08;0.000160599;0.00063394;2.04513e-07
1.45399e-07;4.01825e-06;5.10991e-13;9.51114e-09;8.39426e-08;1.51167e-05;7.28866e-09;4.21709e-07;2.03369e-07;1.01949e-09;9.71804e-07;5.71061e-06;0.999973;1.58257e-07
3.70096e-07;9.21924e-05;0.999902;2.4825e-08;4.55299e-08;1.41437e-08;1.23802e-09;2.80319e-07;5.17021e-10;2.74442e-08;2.70903e-10;5.13834e-06;1.14318e-08;1.04966e-07
1.18162e-07;0.999178;2.55723e-08;2.74536e-08;2.92061e-07;5.4601e-08;2.65418e-08;0.000352444;3.78145e-08;4.51689e-09;7.28895e-08;2.24622e-05;0.000442904;3.76101e-06
1.61816e-06;0.991564;1.29593e-09;7.69433e-06;1.56772e-06;1.05821e-06;1.10363e-06;0.00578437;3.41518e-06;1.68093e-06;2.69008e-05;4.78779e-05;0.00247954;7.87449e-05
1.22849e-05;0.994859;1.44348e-06;5.59509e-06;3.03611e-07;3.03645e-07;4.5469e-05;0.000731292;2.78774e-06;3.31622e-05;2.09635e-05;0.00381634;0.000470801;4.8849e-07
2.95642e-06;0.750879;1.96293e-07;2.62659e-05;1.30241e-05;7.55585e-05;0.000201327;0.194452;7.61749e-06;3.61316e-05;7.84339e-06;8.50883e-06;0.042722;0.0115678
1.0586e-11;2.95761e-11;1;3.0133e-10;1.36493e-12;3.032e-12;1.19113e-09;7.22757e-13;4.47055e-11;8.62211e-11;3.00162e-10;6.2031e-10;1.25435e-10;1.73257e-14
3.81719e-07;2.86308e-05;0.998583;2.22314e-06;1.87023e-05;1.95701e-06;7.04742e-07;0.000664663;2.44062e-06;1.96988e-07;3.0972e-07;0.00066632;1.4302e-07;3.07084e-05
3.43701e-06;0.00728478;7.36578e-07;5.89917e-06;0.163399;0.304518;6.78048e-08;0.000783769;7.81692e-07;8.49417e-06;1.61864e-07;0.000204972;0.000234462;0.523555
3.90209e-06;0.0327481;3.90624e-05;5.61804e-07;0.00341494;5.53498e-05;2.63541e-10;0.0291824;1.47965e-09;2.41305e-08;3.59675e-08;0.930427;0.00367508;0.000453186
4.37666e-06;0.0203292;5.44742e-06;2.38156e-06;1.04574e-05;4.55936e-05;9.36828e-06;0.924221;1.03149e-05;4.67151e-06;7.1332e-07;2.55023e-09;0.0553498;7.09748e-06
1.40318e-08;1.71983e-07;0.999998;3.51938e-08;7.55741e-10;4.51416e-10;5.8728e-09;1.72648e-07;5.11031e-10;3.46424e-09;2.65756e-10;1.75167e-06;8.35674e-08;7.67275e-11
9.52979e-08;1.15121e-05;0.0017284;5.62452e-06;9.75575e-07;1.18089e-06;2.74048e-09;0.000507343;6.08644e-07;8.94673e-09;2.1167e-07;0.997743;4.2456e-07;8.19522e-07
1.76945e-06;0.814777;9.58154e-06;9.8001e-07;4.70726e-05;0.000135743;7.6679e-08;0.0048861;2.87039e-08;1.19059e-07;8.75219e-07;3.70521e-05;0.180097;6.54327e-06
2.1425e-05;0.910617;5.02907e-05;0.000182677;0.00346739;0.00376987;0.0165764;0.00203833;1.29899e-06;0.0296129;1.15736e-05;0.000424006;0.000808277;0.0324181
1.73532e-10;8.88227e-10;1;8.80891e-11;4.67052e-11;1.79739e-11;4.4664e-12;1.83212e-10;1.45867e-11;6.43532e-13;1.28592e-12;1.13226e-10;2.40936e-12;9.14927e-12
7.4697e-05;0.357605;1.93852e-07;7.54436e-06;5.25079e-06;4.64972e-06;5.18979e-07;0.610878;7.7189e-05;3.69686e-07;4.76493e-06;0.000873729;0.0304237;4.49437e-05
0.000127132;0.568534;0.000232212;6.35627e-05;0.000285363;1.62577e-05;7.21578e-06;0.323726;3.44568e-06;0.000160412;5.53845e-06;0.0991897;0.00634336;0.00130561
4.45138e-05;0.68224;4.74655e-07;2.00973e-05;0.000102756;4.92149e-05;0.00025193;0.0349296;1.71377e-06;0.000160343;5.23439e-06;4.6773e-06;0.280671;0.00151838
4.61225e-09;1.07968e-09;1;2.24741e-09;7.00437e-11;2.16582e-11;2.3521e-09;2.57093e-09;2.24929e-10;2.49839e-10;6.56749e-10;2.47701e-07;3.01061e-09;1.00108e-11
2.54878e-05;0.0346311;0.00573321;0.00211151;0.00219461;0.000120743;0.000150593;0.000446811;0.0232934;2.5161e-05;0.00560569;0.875581;0.000888349;0.0491924
2.49168e-08;0.000288883;5.88058e-12;2.36352e-09;5.4992e-05;2.74339e-08;2.26413e-09;0.999652;3.43994e-08;2.11378e-09;6.68374e-09;4.67558e-07;2.17357e-07;3.34097e-06
6.41888e-08;2.77055e-05;0.971793;2.12194e-06;0.0116521;0.000955904;7.55135e-10;1.71783e-05;4.82868e-11;9.64159e-08;1.33246e-08;0.0154892;1.08175e-05;5.22078e-05
1.0669e-06;0.0106201;2.33731e-09;3.1915e-08;1.20481e-05;2.54542e-06;1.87766e-09;0.969018;1.0309e-07;1.65846e-10;3.39673e-07;7.46249e-07;0.020343;1.92896e-06
9.125e-07;0.192782;2.81993e-08;2.82098e-07;1.5351e-07;8.05286e-07;4.67828e-09;5.72638e-05;1.75596e-07;1.19424e-08;1.47025e-08;0.000344666;0.806812;1.18841e-06
1.42034e-06;0.0033866;3.88467e-08;5.49731e-05;6.60661e-05;7.20554e-06;4.8915e-08;0.00407059;3.30471e-06;2.02915e-07;8.62836e-06;0.992069;0.000227194;0.000104399
0.00436498;0.751375;0.000877796;0.000238321;1.21006e-05;7.93769e-06;0.0060592;0.176301;0.00374013;0.000178848;0.0204225;0.00292569;0.0334561;3.99603e-05
3.55429e-05;0.518018;3.80511e-07;1.22376e-05;0.000104233;9.98215e-05;0.000119575;0.0731155;1.29472e-06;5.5304e-05;1.77849e-05;0.000347969;0.407939;0.000134008
6.59821e-09;2.74703e-10;1;5.62811e-10;5.54382e-11;7.90542e-11;1.24131e-09;1.37268e-09;1.02881e-09;2.49278e-11;9.39283e-10;3.68841e-08;1.83898e-09;3.79128e-13
9.97946e-05;0.0853438;0.00135641;0.000255569;0.00352;0.000170681;4.5626e-05;0.00141829;0.00837521;6.37344e-06;0.00143938;0.808622;0.00187947;0.0874674
9.01913e-08;0.000129088;2.64911e-12;5.42781e-09;0.000589976;1.46432e-06;1.62861e-09;0.999263;2.58276e-07;2.87902e-09;7.32793e-08;1.64714e-06;2.67026e-06;1.19903e-05
5.7901e-08;0.000129076;0.985126;5.11379e-07;0.00335523;0.000844777;3.46821e-09;4.69063e-07;3.8486e-11;2.51209e-07;1.96676e-08;0.0102913;1.6482e-05;0.000235983
3.28986e-07;0.000577871;8.63465e-10;1.70072e-08;8.28034e-05;7.24622e-06;1.26128e-09;0.994756;5.37067e-08;1.71753e-10;7.47164e-08;1.03281e-07;0.00456255;1.31359e-05
5.28727e-06;0.963153;9.10446e-08;1.96431e-06;1.21319e-05;3.53761e-07;4.27291e-08;0.000432761;9.78835e-07;6.5506e-08;9.24734e-07;0.0201065;0.0162539;3.21443e-05
2.3228e-06;0.749523;2.29669e-10;4.88456e-06;0.00138628;1.09645e-05;1.00423e-07;0.235279;4.13196e-07;2.5631e-06;6.06066e-07;6.46919e-05;0.0137197;5.25352e-06
2.26642e-05;0.00209644;0.775781;0.000533823;0.000961272;4.53841e-05;1.07326e-06;7.16197e-06;4.18987e-08;6.58802e-05;2.39256e-05;0.219735;0.000712991;1.3444e-05
3.25477e-05;8.12471e-06;1.41953e-08;3.98477e-05;4.11142e-06;3.66476e-05;0.000189116;0.00309216;0.0153884;2.16243e-06;0.976946;7.18043e-07;0.00426;8.14684e-08
0.000440123;0.221089;0.777443;0.000116134;6.77917e-05;4.0558e-05;6.14505e-06;0.000427462;2.16543e-06;2.2508e-05;1.47195e-05;5.48244e-05;0.000263735;1.19325e-05
0.000265285;0.16247;0.000144646;6.52458e-07;4.13766e-05;4.79761e-06;2.50426e-07;0.786317;1.8859e-05;6.2164e-07;3.57758e-06;1.61177e-06;0.0504243;0.000307109
8.8083e-05;0.039545;7.90446e-06;0.000500252;0.0141617;0.0795702;5.84211e-05;0.000118529;0.00337975;0.000933296;0.00407487;0.254954;0.00349595;0.599112
0.0096188;0.946156;0.000121288;5.27107e-06;6.83426e-07;4.79816e-07;0.00786945;0.00714994;0.00362609;0.000101619;0.0118547;0.0114545;0.00203278;8.49759e-06
2.44094e-05;0.0375408;8.2399e-05;7.24356e-05;0.000160378;2.25714e-06;4.04303e-06;0.0292121;0.000265297;1.15883e-06;0.000329278;0.93137;0.000833235;0.000102137
5.0324e-06;0.964837;4.04206e-07;1.51956e-05;1.05625e-05;1.3612e-06;2.21793e-05;0.00125962;3.74863e-05;4.54634e-06;8.22049e-05;0.0293142;0.00433816;7.23196e-05
2.65513e-06;0.000388019;1.2077e-09;3.21698e-06;0.0922371;2.41097e-05;3.02985e-06;0.903731;4.72959e-05;1.11496e-05;5.96948e-06;2.78155e-06;0.0035403;3.17115e-06
1.30498e-05;1.96793e-05;0.999731;3.08136e-05;9.78497e-06;4.01173e-07;2.86122e-07;3.82258e-07;2.01403e-07;3.09534e-06;8.92016e-07;0.000171611;1.83112e-05;2.23078e-07
0.000195168;0.00141663;1.30899e-07;1.30961e-07;1.31315e-06;3.04408e-07;8.96405e-05;0.997927;0.000119177;1.78397e-06;3.90418e-05;4.86047e-09;0.000209997;1.0138e-07
3.43063e-08;1.16548e-07;0.99999;1.49727e-08;1.00075e-09;1.10398e-09;6.02858e-08;1.13499e-09;1.88946e-08;6.2684e-09;5.24322e-08;9.05597e-06;1.82796e-07;5.35857e-10
3.53355e-07;1.48514e-06;0.998679;1.9967e-07;8.11046e-06;1.08857e-06;2.72733e-09;0.00123072;1.33169e-07;3.47636e-09;2.2969e-08;6.14347e-05;1.07602e-07;1.72697e-05
3.08466e-07;0.000166857;0.000187185;1.20928e-07;0.000294433;0.00472578;1.6272e-10;1.48399e-05;7.20879e-09;6.27929e-07;3.213e-10;1.148e-05;4.33292e-07;0.994598
1.28039e-05;1.6702e-05;4.61781e-09;1.71117e-07;1.15475e-05;3.30658e-06;1.37295e-08;0.999575;7.41576e-06;3.87292e-09;4.4762e-06;5.93823e-07;0.000368136;1.04947e-07
2.76126e-07;0.999413;2.58657e-06;2.87935e-07;2.01553e-07;8.46878e-09;7.00884e-09;0.00033001;9.26899e-10;1.23882e-08;8.38899e-10;2.6708e-07;0.000253057;2.42931e-07
3.76053e-07;0.976714;5.2538e-09;5.61384e-06;2.55004e-07;8.22097e-08;1.962e-07;0.00379731;2.1943e-08;3.04203e-07;8.51291e-07;0.000112242;0.0193506;1.78129e-05
2.69952e-05;0.855787;1.35109e-05;0.00656926;0.0246223;0.000111662;7.19047e-06;0.0420534;2.76062e-06;0.000723798;9.22571e-05;0.0249442;0.00279477;0.0422505
0.000672165;0.726005;3.93503e-05;0.0042064;0.00101708;0.000340104;0.00160095;0.0384176;0.00131921;0.000269914;0.0720403;0.03822;0.114881;0.000970609
1.40238e-05;0.00297451;1.7721e-07;3.54122e-05;0.330464;0.0182306;3.5103e-05;0.640286;2.6822e-05;0.000315666;3.45471e-05;0.000171429;0.00015109;0.00726061
0.000114541;0.000628629;1.45589e-06;1.08165e-05;0.000177023;5.33198e-07;7.3704e-07;0.996777;1.26097e-05;2.8486e-08;0.000141802;0.000268816;0.00186573;4.32898e-08
3.6332e-07;0.999916;8.19211e-06;3.57107e-07;1.39215e-08;1.63231e-09;5.45532e-08;1.10477e-05;1.45978e-09;1.80148e-07;2.5838e-09;2.55557e-09;6.39537e-05;3.17448e-07
7.3701e-09;1.51929e-07;0.999999;4.20877e-08;3.527e-10;2.33999e-10;2.7629e-09;4.1503e-08;2.02622e-09;3.18348e-09;2.19348e-08;9.68905e-07;1.41873e-08;6.61355e-10
7.88628e-09;5.14106e-06;0.00284098;5.61692e-06;2.9736e-06;6.56179e-06;4.05491e-09;0.000220597;3.69961e-07;6.49913e-08;3.59326e-06;0.996429;6.95554e-08;0.000484534
3.96373e-06;0.965218;0.000240572;6.56794e-06;1.20192e-05;0.000785483;4.34176e-06;0.000275984;6.8099e-08;7.32981e-06;4.69441e-06;6.239e-05;0.0304811;0.00289781
2.1109e-08;0.0020797;2.5409e-07;1.03855e-08;9.63707e-07;1.5662e-06;3.34529e-10;2.67724e-05;1.64853e-10;9.92487e-10;1.28989e-07;0.997793;9.23152e-05;5.04336e-06
8.54037e-07;0.0678636;0.00286078;1.63731e-05;0.0183203;0.00297707;2.90419e-09;0.855085;4.59947e-08;8.62571e-08;5.15498e-07;0.000728209;0.0439797;0.00816724
2.85612e-06;0.107933;5.4234e-06;1.34216e-06;4.91015e-05;0.0109842;3.45837e-06;0.0396635;3.02275e-08;1.15329e-05;9.19787e-07;9.53959e-07;0.841293;5.06617e-05
2.0713e-10;6.00244e-09;1;3.62507e-10;7.11371e-12;2.5184e-10;3.09976e-11;2.20107e-10;3.1419e-12;6.50691e-11;2.17264e-11;1.63399e-09;4.11125e-08;1.4409e-12
1.03475e-07;6.98802e-05;0.00584119;1.5848e-06;1.02251e-06;9.05844e-07;2.91471e-10;7.93088e-05;3.92461e-08;2.3851e-09;7.72522e-08;0.993876;0.000129797;3.44215e-07
1.96553e-06;0.861137;8.72088e-06;1.93196e-06;0.000183497;0.000170898;6.03583e-08;0.00716207;2.56917e-08;2.28739e-07;1.54428e-06;0.000491599;0.130816;2.50854e-05
9.21238e-07;0.957273;1.42356e-05;5.07371e-05;0.000125073;0.0013991;0.00385149;3.19213e-05;3.51332e-08;0.0120297;2.34731e-06;0.000216606;1.58895e-05;0.0249894
1.22195e-11;8.39805e-11;1;8.49842e-11;4.1881e-11;2.87327e-11;1.17635e-11;6.87098e-12;9.17979e-13;1.86486e-12;1.91769e-12;1.39346e-09;9.80063e-13;1.01618e-12
3.2957e-05;0.716668;1.53206e-06;0.000134468;3.57537e-05;0.000584512;4.81716e-06;0.0611046;0.000149645;7.98055e-06;8.82353e-05;0.0058119;0.215274;0.000101574
7.98005e-06;0.987394;0.000957302;0.000193038;5.28759e-05;2.33383e-05;1.8666e-07;0.00123971;9.35503e-08;1.4929e-05;8.79178e-07;0.00915734;0.000804455;0.000153305
7.57474e-05;0.000369279;1.12591e-08;4.21729e-05;3.48333e-05;6.94653e-05;1.49164e-06;0.965349;0.00066143;8.15484e-07;0.00025653;4.5064e-06;0.0331329;1.94546e-06
2.98342e-05;0.0245439;0.049468;4.08447e-05;0.000351812;2.12999e-05;6.44622e-08;0.00253498;2.44911e-07;1.4954e-05;4.16535e-06;0.916041;0.000175562;0.00677325
7.78278e-07;0.985131;2.91935e-10;1.92951e-07;2.53079e-09;8.41663e-10;0.0144564;3.51624e-07;5.38308e-07;0.000231307;1.09418e-05;5.24767e-08;4.31044e-08;0.000168085
1.31884e-10;1.17502e-09;1;2.72931e-10;4.43145e-11;2.31042e-12;1.43114e-08;1.87361e-11;1.01602e-10;1.31324e-10;2.14046e-10;1.65905e-09;2.71465e-12;3.34851e-13
0.000172214;0.0568312;9.00466e-05;0.000495218;0.00109678;0.000380066;0.000854255;0.861509;0.0191314;8.0012e-05;0.00435283;0.00439299;0.0505129;0.000101233
4.87162e-07;0.997838;2.38517e-08;2.38841e-08;2.055e-09;1.24627e-08;1.36521e-05;9.24902e-07;4.38625e-08;4.21826e-07;2.44649e-07;0.000113419;0.00203247;7.55451e-08
2.61327e-05;0.0196406;6.99107e-05;0.000785323;0.00192823;0.00134917;1.227e-05;0.00229275;3.08931e-05;1.11898e-05;0.000810342;0.866475;0.101589;0.00497863
3.19709e-05;0.884018;4.59936e-08;4.53187e-06;6.50453e-06;8.34224e-05;2.91526e-06;0.100633;7.75624e-06;3.33925e-06;3.56979e-06;3.81468e-05;0.0139732;0.00119299
0.000138562;0.00629689;0.000105736;0.000162691;0.000536343;0.000116982;2.49049e-05;0.467972;0.000109503;3.559e-06;0.0012024;0.00606506;0.517186;7.90026e-05
2.13053e-05;0.000453926;8.3947e-06;6.17477e-08;8.45532e-07;3.63605e-08;5.85458e-08;0.999098;6.27803e-08;1.59948e-07;5.38124e-08;0.000292683;0.000122601;1.56043e-06
4.38853e-06;0.0739673;0.00293181;7.5346e-05;0.000507702;0.00209966;6.23354e-06;0.0167075;3.46662e-06;7.42738e-06;2.12667e-05;0.837313;0.00889892;0.0574555
8.72913e-07;0.0319552;5.75846e-07;3.62512e-06;1.21371e-05;1.69592e-05;2.2766e-07;0.00563171;2.84632e-07;1.13321e-07;6.03088e-05;0.000913131;0.961404;7.16107e-07
1.01773e-06;0.999116;3.54744e-10;2.4054e-08;7.28674e-10;7.88889e-09;3.49863e-06;1.22003e-07;3.95828e-07;1.98932e-08;8.46327e-07;0.000227673;0.000650645;9.82218e-09
7.4803e-06;0.0131271;2.90403e-08;1.3877e-05;0.000282685;5.12697e-05;9.9003e-07;0.00809344;3.14933e-06;1.95187e-06;9.71182e-06;0.976969;0.00135684;8.19135e-05
5.48016e-05;0.838222;2.47466e-05;1.70178e-05;0.00182597;5.68167e-05;1.73406e-05;0.0911154;6.69756e-06;1.21306e-05;3.37853e-05;0.00127287;0.0670107;0.000329322
0.000421436;0.139763;0.000144121;0.00369243;3.44277e-05;0.000101451;0.00372615;0.0162774;0.0619219;0.000322052;0.116155;0.0457467;0.611555;0.000138542
1.10365e-05;0.00328986;1.9597e-08;1.28527e-07;2.96567e-07;7.98518e-09;3.70588e-06;0.996541;1.22704e-05;3.19372e-07;1.95773e-05;1.6761e-05;0.000105052;1.83371e-10
2.4365e-07;0.000319778;3.90838e-06;6.93271e-06;3.07613e-05;4.05969e-07;1.26026e-08;0.00054607;5.17622e-07;1.25688e-07;2.47026e-06;0.998872;5.10532e-05;0.000165509
8.64072e-06;0.896527;1.68945e-07;9.85001e-07;4.06095e-06;2.40632e-05;0.000784932;0.054311;2.12979e-05;2.15618e-05;2.80333e-05;3.14518e-09;0.0482516;1.66357e-05
2.85942e-09;2.27835e-09;0.999999;7.27544e-09;6.7666e-10;1.45383e-09;7.83358e-09;5.44153e-11;1.4648e-09;5.2939e-09;2.84051e-09;1.09989e-06;2.67311e-08;2.06887e-10
4.31495e-07;9.30553e-08;0.998174;9.40833e-07;2.05806e-05;1.75775e-06;7.04691e-08;0.0017792;3.97614e-06;1.29358e-08;3.85084e-08;1.43494e-05;3.93223e-07;4.71151e-06
2.08856e-06;0.000155614;0.000508764;1.55992e-06;0.000679321;0.00231547;2.0248e-09;2.10835e-05;5.16913e-07;2.4687e-06;2.7969e-09;0.00015269;2.41804e-06;0.996158
1.17407e-05;7.38948e-07;1.13868e-09;1.29022e-07;3.7322e-05;8.04575e-07;2.99949e-09;0.999925;1.04933e-05;8.57077e-10;1.22746e-06;1.15965e-06;1.08045e-05;3.56904e-07
1.04814e-07;0.999358;8.47938e-08;9.30354e-08;3.51391e-08;1.38486e-08;1.21608e-08;0.000144055;4.49286e-10;6.75114e-08;1.87149e-10;1.8407e-10;0.000497058;3.11243e-08
1.11603e-09;6.82405e-08;0.999999;4.19572e-09;3.12763e-12;3.33954e-12;2.98488e-09;3.2746e-09;2.75547e-10;5.12163e-10;1.41235e-09;7.46921e-07;2.18258e-09;7.89571e-12
1.45629e-08;5.43598e-06;0.00372212;1.76935e-06;7.06693e-07;4.43317e-07;1.43505e-08;1.69427e-05;1.43591e-06;4.59412e-08;2.26764e-07;0.996139;3.63192e-09;0.000111496
2.08475e-06;0.00341793;1.03485e-07;1.52773e-07;0.000275058;8.91935e-05;3.93437e-08;0.99456;7.14554e-07;1.82231e-08;2.19084e-07;6.11316e-06;0.000519144;0.00112956
1.95517e-06;0.00864904;2.15614e-05;2.16163e-08;0.000405026;1.63669e-06;3.78093e-09;0.0352288;1.10448e-08;5.85457e-09;1.1718e-08;0.955281;0.000353173;5.79176e-05
1.03868e-10;0.983516;7.26554e-12;9.80113e-11;9.19254e-08;7.69409e-09;2.42623e-12;0.000526522;2.66534e-12;2.63461e-11;1.65364e-13;1.03356e-06;4.00624e-07;0.0159556
1.32527e-05;0.496442;0.000308161;0.000109461;0.000588876;0.000720494;7.62528e-05;0.13329;2.93857e-05;4.76307e-06;2.18486e-05;7.67854e-05;0.368272;4.63684e-05
2.26435e-08;0.999279;4.1128e-11;2.04647e-09;1.99304e-10;9.07249e-10;3.66646e-09;6.20281e-08;2.23908e-10;3.27629e-10;2.10397e-10;2.17127e-05;0.000698665;1.4811e-09
1.38211e-05;0.147052;4.47745e-07;6.35591e-05;0.000918392;4.28257e-05;1.75041e-07;0.00744155;1.04985e-06;1.31083e-06;4.14056e-06;0.842774;0.00158417;0.000102989
3.04137e-05;0.95699;3.49679e-06;9.88234e-06;0.0036529;1.04778e-05;5.00474e-06;0.0311772;1.52472e-06;4.7824e-06;1.43907e-05;0.00218806;0.00514696;0.000765314
0.000542512;0.0600951;0.000144179;0.028396;0.000561391;0.000173175;0.00411285;0.028217;0.101984;0.000393013;0.186309;0.0448129;0.542404;0.00185523
2.27219e-05;0.158287;1.42618e-06;4.78912e-07;9.80585e-06;3.51564e-07;4.79849e-07;0.841268;9.72942e-08;1.08572e-06;1.78162e-07;1.31624e-06;0.000385525;2.10812e-05
2.62558e-06;0.973086;1.27727e-05;5.72481e-06;0.000218214;3.39076e-05;6.97499e-06;0.0210453;3.96137e-07;3.97175e-05;1.10847e-06;0.00118141;9.89306e-05;0.00426706
3.82131e-10;2.57376e-09;1;6.20679e-11;8.84921e-12;1.13805e-12;8.03006e-10;6.02429e-10;2.06138e-10;2.4104e-11;7.06304e-10;2.57912e-09;1.87718e-09;8.83801e-15
1.8949e-06;0.000229399;0.000533588;3.66552e-06;1.78716e-05;1.81127e-06;1.60733e-06;3.28926e-05;4.66428e-05;3.74875e-07;7.03172e-06;0.998968;1.50762e-05;0.000139889
8.45448e-05;0.868644;1.0689e-06;1.80723e-06;0.000360024;0.00180849;6.11524e-06;0.0543428;1.52677e-05;2.14366e-06;6.69339e-07;3.0905e-05;0.0728704;0.0018313
5.96404e-05;0.772126;6.79241e-07;4.20165e-06;0.00690608;8.1197e-06;2.43541e-06;0.0163337;3.02139e-06;2.73343e-06;4.07676e-07;0.199454;0.00504976;4.87927e-05
0.00109809;0.0935463;2.77631e-08;7.66485e-05;0.000573933;3.93554e-05;2.88248e-07;0.899491;0.00309259;2.52966e-07;2.75468e-06;0.000615163;0.00145824;5.66056e-06
1.60962e-06;0.999981;1.78714e-06;2.19117e-07;1.84838e-08;8.95262e-10;1.00384e-10;5.97642e-06;1.65814e-10;4.77903e-09;2.74085e-11;4.58696e-06;4.3744e-06;4.44868e-08
1.22588e-07;0.999946;4.45425e-10;1.15183e-08;8.4503e-11;1.1979e-10;1.54842e-06;4.19161e-07;4.67136e-10;7.384e-06;8.65842e-11;1.51869e-08;5.58867e-10;4.45722e-05
9.0899e-09;3.07704e-10;0.999999;5.37084e-08;2.20079e-07;3.59487e-10;4.14044e-07;1.78347e-07;3.90594e-08;1.47663e-07;1.24824e-08;2.77919e-07;2.04177e-11;2.9768e-10
6.47165e-05;0.663888;0.0104608;4.3142e-05;0.000117995;2.23966e-05;2.83629e-05;0.000110256;2.42968e-06;2.20491e-05;1.37848e-05;0.000149623;0.325074;2.46419e-06
1.0382e-05;0.969052;6.22452e-07;2.36978e-06;9.68221e-06;4.26024e-06;0.00379301;0.00573338;4.0234e-07;0.00115281;3.92469e-07;8.83657e-05;0.00121537;0.0189371
1.67599e-09;4.25009e-09;1;7.10168e-09;1.37668e-07;4.51328e-08;5.95725e-09;1.22967e-08;2.13876e-10;3.81683e-10;5.8003e-10;3.91463e-07;2.58541e-09;4.64328e-09
3.90848e-06;0.00925699;2.0906e-09;1.08392e-06;5.28111e-06;0.00119335;1.60283e-06;0.000424962;3.12325e-06;8.10501e-08;2.33766e-06;1.43675e-06;0.988942;0.000164099
7.79429e-07;3.63673e-05;0.928782;3.5356e-08;3.59532e-09;2.15522e-08;6.05304e-10;1.61779e-07;8.22667e-10;4.86144e-09;3.4242e-10;0.0711787;1.49162e-06;2.33776e-07
1.68123e-05;0.980984;2.13815e-08;0.000168047;0.00175225;4.75566e-06;1.91069e-05;0.0090387;0.00271319;6.75841e-07;0.00147924;0.00353596;0.000112006;0.000175279
4.91102e-07;0.00376668;9.00144e-06;5.77007e-07;4.06067e-06;3.62803e-07;2.92007e-09;1.75435e-06;4.8054e-09;2.5793e-08;2.53295e-07;3.64778e-06;0.996213;1.24301e-08
3.54274e-06;0.993868;1.07885e-07;1.61273e-06;3.75518e-06;3.27744e-07;0.00481702;7.62101e-05;8.98011e-07;0.000619681;1.5547e-06;7.16924e-06;2.13202e-05;0.000578911
5.08708e-12;8.16006e-13;1;2.77054e-11;6.08804e-10;1.24789e-10;3.35056e-12;6.00571e-13;1.53484e-13;5.75792e-12;1.0998e-12;1.10395e-08;1.44469e-11;4.70935e-12
1.2968e-05;0.00528869;4.64375e-08;6.60284e-07;0.000134485;1.45754e-05;6.65606e-06;0.96223;4.50502e-05;2.43433e-07;6.57109e-06;1.20679e-05;0.0319303;0.000317334
2.48949e-06;0.0130523;1.25993e-08;5.38495e-06;5.32426e-07;0.00037181;1.11524e-06;5.78199e-06;9.83821e-06;4.84708e-07;1.08563e-05;0.000223597;0.986073;0.000243208
7.0473e-07;0.0001378;0.997491;3.97386e-07;5.44246e-06;7.05411e-07;1.0813e-09;5.10193e-06;5.61983e-10;1.62487e-07;2.39866e-09;0.00232665;2.46681e-05;7.1392e-06
2.81332e-06;0.877793;5.571e-07;5.14582e-06;9.66697e-05;0.000128629;8.33302e-07;0.114397;1.01188e-05;2.0686e-07;7.98417e-07;2.70611e-05;0.000816714;0.00672117
6.07394e-06;0.176754;1.28411e-07;0.00018224;0.000207127;0.000130456;1.83918e-06;0.00612948;6.62128e-05;6.49307e-06;0.000192336;1.2441e-05;0.812439;0.00387134
2.92344e-05;0.00153945;9.67827e-08;0.000103696;1.99352e-05;7.94031e-07;3.46678e-07;0.000744151;6.89836e-05;1.7057e-06;3.59887e-05;0.996965;0.000489034;1.06092e-06
9.36136e-06;0.999662;1.10712e-06;1.51533e-07;5.06041e-08;6.11701e-09;1.76677e-06;6.08768e-05;1.11049e-06;1.13787e-07;4.43644e-07;1.04142e-05;0.000251868;8.92973e-07
6.12963e-07;0.000981437;7.60777e-09;3.58016e-06;1.84808e-05;3.25789e-07;7.81101e-05;9.21256e-06;1.30449e-07;0.000865059;2.29877e-07;2.51635e-05;5.57796e-09;0.998018
3.31831e-05;1.33519e-05;0.999671;8.42145e-06;2.99063e-07;4.19313e-08;0.000140472;3.14342e-05;2.90154e-05;4.77349e-07;6.80483e-05;3.8392e-06;1.02635e-06;2.04991e-09
1.41733e-05;0.815385;0.000151499;1.9967e-06;1.0337e-05;1.46857e-05;1.37149e-07;8.53442e-06;1.92537e-08;6.26813e-07;9.91961e-08;1.61904e-06;0.184398;1.3602e-05
1.08031e-05;0.513933;0.000130113;2.50802e-06;3.81227e-05;4.00593e-05;2.0321e-06;0.024418;6.04916e-06;8.85903e-06;7.33813e-07;0.449236;0.0102506;0.00192272
4.28318e-07;0.000328695;1.01069e-07;1.633e-05;0.000700649;0.387274;4.38641e-05;7.22021e-05;1.29634e-05;2.13714e-05;1.3318e-05;7.51399e-06;0.611499;1.04377e-05
2.17429e-05;0.00211067;0.997123;4.53191e-06;2.06699e-06;6.82903e-06;4.95099e-08;5.99727e-06;3.78506e-08;2.98439e-06;3.87446e-09;0.000675038;1.94426e-05;2.78147e-05
1.30472e-05;0.0296914;4.13769e-08;5.01313e-06;2.30718e-06;7.85597e-06;1.73471e-07;0.00126655;5.93298e-05;4.86567e-08;3.77032e-05;1.03636e-05;0.968883;2.33841e-05
1.82752e-05;0.00362261;4.93603e-06;1.86e-05;7.57579e-06;5.75513e-06;1.82754e-08;0.000224142;1.89078e-05;7.11262e-07;1.10039e-05;0.994658;0.00139461;1.45848e-05
2.23519e-05;0.0210193;1.2614e-07;2.72106e-08;2.01111e-07;1.26085e-08;2.48405e-06;0.978651;6.11263e-06;1.20328e-07;2.17279e-06;5.40583e-05;0.000242047;3.6011e-09
1.33083e-08;0.000373124;1.29725e-06;1.91045e-06;1.04892e-05;6.75188e-08;5.52662e-11;0.00102774;3.72863e-08;5.75726e-09;1.12582e-07;0.998553;4.98401e-06;2.68585e-05
7.69515e-06;0.461484;8.87501e-10;3.71849e-06;0.000275492;1.10379e-06;7.64633e-05;0.537905;1.40854e-05;6.53776e-06;6.4718e-05;2.701e-05;0.000100566;3.42017e-05
9.34185e-06;0.0106855;0.563916;2.26741e-05;0.0141796;0.000523354;1.21151e-06;2.8276e-06;2.00446e-08;5.9471e-05;5.05525e-07;0.407045;0.00153882;0.00201603
7.18031e-05;0.00493931;1.2446e-06;1.39932e-06;0.000307538;0.000107392;1.81411e-05;0.99008;0.00260328;2.46327e-07;8.1974e-06;0.00038219;0.000509689;0.000969995
4.54602e-07;0.000776264;2.76806e-09;2.52679e-07;3.95935e-06;5.25643e-07;9.56711e-09;0.000550254;1.25496e-06;5.88586e-09;5.75206e-08;3.77553e-06;0.998663;4.35073e-07
0.000231964;0.0167214;8.35061e-07;9.55738e-05;0.000734408;6.93659e-06;1.80579e-07;0.00103085;4.28893e-05;9.21466e-06;1.56629e-06;0.979211;0.00179842;0.00011446
7.73918e-05;0.000280763;7.10691e-09;2.54837e-09;2.90327e-08;9.67413e-09;2.36252e-07;0.999601;3.28755e-05;1.19344e-08;2.58156e-08;1.90404e-07;7.80535e-06;9.61745e-09
6.24765e-05;0.0208135;1.85522e-05;0.00179603;0.147463;0.00774982;0.00020779;0.130035;0.00352924;0.00153874;0.000215834;0.000230967;8.25331e-05;0.686257
1.4268e-10;3.83562e-09;1;5.27709e-11;1.39009e-12;9.11722e-14;1.70202e-10;1.5151e-12;7.10441e-11;1.28946e-12;7.07666e-11;1.70789e-11;1.41883e-12;1.92245e-13
9.36827e-06;0.0226166;0.0414946;7.10206e-06;1.35226e-06;2.38748e-07;1.03443e-05;3.7134e-05;0.000221482;8.14613e-07;0.00012334;0.934876;0.000268864;0.000332748
1.1136e-05;0.860878;6.88131e-07;2.7312e-06;0.000158261;1.5563e-05;6.58071e-06;0.0180253;5.68434e-05;1.0913e-05;8.69261e-06;0.000227;0.100038;0.0205604
3.1545e-08;0.999199;1.89394e-09;2.9579e-09;3.15625e-10;1.82261e-10;1.30318e-06;3.94211e-08;7.76728e-11;1.19749e-06;1.23213e-10;7.3697e-06;1.3928e-09;0.000791144
1.70429e-10;1.53571e-09;1;2.30499e-09;2.81183e-09;4.69845e-10;3.78463e-09;1.23751e-09;2.7734e-12;1.32725e-09;1.8075e-11;6.74056e-08;6.25934e-12;1.32384e-09
2.22631e-06;0.0562849;1.09866e-07;1.17343e-06;1.26298e-07;4.32461e-05;0.000148658;6.94789e-05;3.43702e-06;3.37653e-06;2.97562e-05;2.99448e-05;0.943382;1.41925e-06
9.69481e-07;5.61589e-05;0.971326;4.29452e-05;7.68834e-07;1.57191e-06;0.000625054;5.34605e-08;2.44749e-07;0.00326238;1.05428e-06;0.0246529;9.92072e-07;2.92675e-05
7.54528e-06;6.815e-05;0.978685;0.00103831;5.95657e-07;7.72856e-07;0.00284788;2.28207e-07;0.00079917;8.65945e-05;0.0163735;8.58543e-05;5.36899e-06;1.18941e-06
5.4834e-07;0.999868;7.54605e-07;2.06933e-05;2.03455e-07;4.00059e-09;9.33509e-07;5.6374e-05;5.8961e-07;1.92645e-07;4.61152e-06;3.72573e-06;4.32403e-05;2.15091e-07
3.16372e-06;0.992605;1.0588e-08;1.47171e-07;4.01364e-08;1.37614e-08;3.37917e-07;0.00635933;6.25391e-08;5.94822e-07;3.13277e-07;7.32077e-06;0.00102054;2.98366e-06
1.88696e-07;0.00034369;2.31637e-06;6.73803e-06;0.00150491;1.47347e-06;1.5145e-07;6.2423e-05;2.5059e-06;5.32172e-07;1.39722e-05;0.998056;9.618e-07;4.14132e-06
8.79753e-06;0.539262;0.00569847;1.1906e-05;1.34254e-05;2.92796e-06;4.17417e-07;1.96541e-06;2.0916e-07;1.99816e-06;2.81802e-06;5.60853e-05;0.454939;1.82309e-07
1.46361e-05;0.111344;5.48163e-06;7.0764e-06;5.3047e-05;9.15679e-07;2.31587e-06;0.0813239;0.000224092;5.6179e-07;5.09999e-05;0.806878;8.49223e-05;9.47253e-06
1.94112e-06;0.992269;2.65038e-07;8.47133e-08;1.33623e-05;3.46601e-06;5.90088e-09;0.00117839;5.07506e-09;2.27855e-08;1.87979e-09;0.000406495;0.00610104;2.59903e-05
0.00135207;0.356163;0.000303824;1.4004e-05;0.000362975;0.000600136;3.14815e-06;0.453586;5.21739e-05;6.76569e-06;3.4281e-06;0.0638344;0.0726946;0.0510236
0.00302407;0.140013;6.68732e-05;0.00427643;0.00359824;0.0282292;0.00621455;0.0032261;0.0531783;0.000947226;0.0257187;0.50951;0.0394826;0.182515
8.73331e-05;0.242924;7.02438e-06;1.26253e-07;5.31742e-06;3.66674e-06;8.8935e-07;0.745513;1.40108e-07;8.81749e-07;1.43525e-08;1.98948e-05;0.0113927;4.55398e-05
2.89284e-07;0.00421252;1.84988e-06;4.74144e-07;8.51078e-05;0.000315245;2.66283e-08;0.000128487;8.56572e-08;1.57456e-07;2.40528e-08;0.985141;0.000398552;0.00971626
3.71046e-07;0.0100497;2.66056e-09;3.06286e-07;1.77563e-06;7.01612e-07;2.49083e-08;8.86232e-05;7.87332e-07;3.54744e-09;4.96206e-07;2.34483e-05;0.989831;2.83859e-06
0.000529215;0.0105016;0.000185699;3.84918e-05;0.000182924;2.00842e-06;2.50051e-07;0.000278375;0.000528586;2.09691e-06;2.94821e-06;0.982938;0.00480577;4.53611e-06
0.000296168;0.222587;6.12879e-07;7.57341e-08;9.06042e-07;3.7624e-08;6.71406e-06;0.776407;0.000186687;3.65266e-07;7.83365e-07;8.4245e-05;0.000428824;4.55969e-08
1.36837e-07;0.000361107;5.26864e-06;1.30035e-05;0.000146245;8.48935e-07;4.10196e-10;0.00275233;6.06682e-07;7.43116e-08;6.03548e-07;0.994948;2.19885e-05;0.00174937
1.24853e-05;0.151968;3.74164e-09;6.19867e-06;0.000198567;6.48973e-07;0.000179598;0.847246;9.55922e-05;6.55039e-06;0.000172532;1.38252e-06;0.000108849;3.73927e-06
6.26971e-05;0.0307237;0.909504;4.98425e-05;0.00448508;9.22321e-05;9.86069e-06;5.04411e-06;1.32982e-07;0.000207581;1.55845e-06;0.0405102;0.0134258;0.000922367
6.03385e-05;0.0158352;3.17814e-07;2.22127e-06;0.000287916;5.7713e-06;5.82522e-05;0.97861;0.00167303;2.47536e-07;1.2268e-05;0.00166851;0.00103952;0.00074664
1.00071e-05;0.000622036;1.85736e-07;2.5712e-05;0.000161851;6.98297e-06;3.14013e-07;0.957426;0.00014284;1.84444e-07;1.21188e-05;0.00038056;0.0412019;9.51517e-06
1.77427e-05;0.976589;2.1611e-08;4.14196e-06;1.6954e-05;2.66338e-08;3.22321e-07;0.0233;1.11182e-05;1.08352e-06;1.58117e-06;1.54034e-05;5.52208e-06;3.71892e-05
2.87599e-05;0.0345361;0.962644;0.000120222;4.62795e-05;2.83197e-06;8.50105e-07;2.87444e-07;2.12319e-07;4.24606e-06;2.75199e-06;4.50158e-05;0.00246318;0.000104887
9.30755e-05;0.110599;0.000268302;1.01162e-06;0.00211797;3.72783e-05;3.96249e-06;0.0146148;9.24828e-06;1.31135e-06;2.48192e-05;0.840979;0.00724845;0.0240015
0.000192962;0.101491;5.219e-05;6.83715e-05;0.0340294;0.140325;0.000532768;0.00636444;0.00108997;9.45403e-05;0.000396024;0.000232296;0.700393;0.0147383
0.000561863;0.0209798;0.954661;6.51335e-06;8.91094e-05;8.36253e-06;1.22922e-06;0.018796;1.36754e-06;2.66911e-06;1.22859e-07;0.00359792;0.000923468;0.000370764
0.00264678;0.0575983;4.23849e-06;0.00103301;0.000951617;0.000199868;6.66854e-05;0.121594;0.0177626;2.03521e-05;0.0144063;0.0036679;0.779759;0.000289487
1.48407e-05;0.999436;0.000175122;1.33314e-06;5.0189e-07;7.25883e-09;3.26299e-07;4.76419e-05;1.88095e-07;7.96408e-08;2.30977e-07;1.2735e-05;0.000310485;1.03174e-06
1.3832e-07;0.999601;6.68016e-12;5.18873e-08;1.49845e-09;1.75876e-10;0.000357001;3.71035e-06;1.48421e-08;1.05492e-05;1.8478e-07;1.9444e-09;4.86261e-07;2.73143e-05
7.20078e-11;2.4614e-12;1;2.68993e-08;4.85338e-10;3.93512e-10;2.05545e-09;3.11553e-12;1.29373e-10;4.88984e-10;1.16128e-09;5.15069e-08;6.20485e-12;1.17304e-12
3.92274e-05;0.0337034;1.83999e-06;1.22288e-05;0.000115462;1.50706e-05;9.59465e-05;0.958252;6.27874e-06;8.01826e-06;0.000157033;8.03514e-06;0.007272;0.000313572
0.000106483;0.154232;2.06636e-06;0.00472726;1.60525e-05;0.000104618;0.0090955;0.00780487;0.0254774;0.000595477;0.431088;0.133606;0.233011;0.00013389
0.00042599;0.818907;1.67301e-06;0.00632565;0.00164028;0.000173531;0.00253766;0.000692264;0.00402355;0.00209493;0.151754;0.00441056;0.00395511;0.00305865
1.21232e-05;0.00783646;1.53677e-09;1.08361e-06;1.17085e-08;4.31025e-07;1.98416e-05;2.9221e-06;1.0007e-05;3.58089e-07;0.000477617;0.000279454;0.99136;3.98811e-09
9.07956e-06;0.00360759;0.983063;7.42622e-05;0.000135274;8.41999e-06;3.71266e-07;1.85448e-05;1.54422e-07;4.49076e-06;5.18777e-06;0.0127983;8.79047e-07;0.000274451
1.80135e-06;0.997046;1.09437e-10;8.21662e-08;0.000331698;6.56945e-07;5.52614e-08;0.00255352;1.29125e-07;2.46104e-08;4.11894e-07;2.36914e-06;6.04855e-05;2.60553e-06
2.19021e-07;6.79376e-06;6.7561e-07;3.40001e-08;5.57454e-06;3.58507e-05;3.80543e-09;0.999633;8.75066e-07;1.3387e-08;1.13875e-07;0.000173378;0.000143041;1.17234e-08
2.51213e-05;0.99871;3.81268e-08;5.68817e-05;1.49507e-05;6.52218e-06;1.21567e-05;5.76173e-05;0.00073823;7.05359e-07;0.000221455;5.93322e-05;8.85598e-05;8.60405e-06
2.71309e-05;0.99581;4.71601e-07;6.76849e-07;3.12879e-08;5.79597e-08;2.61342e-07;0.00176965;2.9536e-05;4.39579e-08;9.54661e-06;3.27244e-05;0.00231992;2.88624e-07
8.61875e-05;0.063884;5.84939e-06;0.000383616;0.338966;0.00120386;2.43058e-05;0.510514;0.0013664;0.00103773;0.000723407;0.0640072;0.00120028;0.0165966
0.000351781;0.994238;6.63556e-05;3.49124e-05;2.15391e-06;6.55232e-07;0.000529928;0.000171689;0.00038732;1.72552e-05;0.000675483;0.00290022;0.000483182;0.00014122
0.000569942;0.0909455;4.43096e-05;4.48252e-05;0.000622227;4.45371e-05;0.000150893;0.0431921;0.00119326;1.25784e-05;0.00056935;0.703784;0.145878;0.0129479
1.60176e-06;0.999429;5.86003e-09;1.73095e-08;4.06454e-09;1.26618e-09;4.49859e-07;3.66565e-06;4.94546e-07;1.27622e-08;1.23304e-07;0.000261058;0.000304065;1.45234e-09
1.52549e-06;0.00706259;1.02634e-06;3.77224e-07;8.15855e-07;1.0646e-07;1.29352e-07;0.000891806;3.70721e-06;7.25181e-08;2.64793e-05;0.991925;8.60359e-05;8.77231e-08
6.81274e-08;0.998637;1.42966e-06;1.10291e-07;1.36198e-07;1.18526e-07;0.000436732;3.74365e-06;3.77539e-09;0.000198479;3.26612e-08;2.75342e-09;8.19936e-07;0.00072109
5.87078e-09;5.22821e-09;0.999999;1.46587e-08;1.8439e-10;6.63198e-10;2.32907e-08;7.74546e-11;1.50609e-08;3.12858e-09;9.02185e-08;1.32148e-06;1.3041e-07;5.55649e-11
1.69159e-05;0.0718305;0.00302452;5.5815e-05;3.90113e-05;0.0010602;5.49597e-05;0.0325618;0.000109447;0.000141188;0.000198254;0.0178105;0.871458;0.00163921
2.49386e-08;0.000323877;1.15631e-08;6.60691e-07;7.75347e-07;2.02315e-05;1.47448e-08;0.00286615;3.54245e-08;2.72854e-08;8.61243e-06;1.6858e-06;0.996763;1.47843e-05
1.46523e-07;5.1901e-05;5.20701e-08;1.45112e-06;1.41779e-06;2.24796e-07;3.55028e-09;9.96724e-06;1.51531e-07;2.02379e-08;7.12251e-06;0.999902;2.12959e-05;4.12322e-06
1.46562e-07;0.000960807;4.72761e-09;4.12919e-08;8.65356e-06;4.91881e-09;7.91336e-10;0.998944;1.91388e-08;1.53544e-09;5.15587e-08;8.55842e-05;4.14516e-07;9.48511e-09
4.26797e-07;0.0646872;0.93405;7.96911e-06;6.13108e-05;4.85317e-05;1.81092e-06;1.00141e-06;7.48597e-11;0.000130882;1.2996e-08;1.01505e-06;0.000438205;0.000571195
1.34457e-10;9.09467e-12;1;8.62045e-12;2.24479e-12;7.69885e-12;3.40911e-10;2.60314e-11;3.20357e-11;7.03627e-12;1.87262e-10;3.5216e-09;5.64896e-12;8.47933e-12
2.07464e-10;2.44444e-07;0.999986;7.49233e-11;2.57844e-09;3.10426e-09;3.242e-10;5.19428e-09;4.88164e-11;1.20917e-10;3.69246e-11;1.3317e-05;1.46491e-08;1.6892e-07
2.10483e-06;0.000283501;6.22397e-06;1.26495e-07;0.00829776;0.984915;5.59066e-07;5.26288e-05;2.86846e-05;3.63242e-07;8.3709e-07;6.90079e-07;0.000554516;0.00585714
3.17046e-07;0.000441906;1.18646e-06;1.06873e-08;0.00401041;2.08106e-05;2.00033e-10;0.00796785;6.69416e-08;1.53696e-09;3.41486e-08;0.986874;0.000665481;1.76774e-05
3.76905e-06;0.997445;0.000364612;6.92975e-07;0.000169374;3.61701e-06;5.81554e-05;7.35349e-06;4.46993e-10;0.00126183;2.79282e-10;1.61086e-06;1.40921e-07;0.000684236
3.00069e-09;3.5984e-10;1;7.56772e-11;1.51689e-10;1.70106e-11;2.13576e-11;3.3577e-09;1.1722e-10;2.90903e-12;1.96463e-11;4.82549e-09;4.77846e-11;5.07843e-12
6.5434e-09;0.996198;1.82747e-08;4.79823e-09;2.14141e-09;3.46449e-09;2.42655e-10;0.000611744;1.6956e-11;5.82048e-09;3.42455e-11;3.07772e-09;0.00319044;3.26558e-11
2.64614e-08;4.45685e-07;0.999981;1.48376e-07;3.58221e-10;3.84035e-10;1.67869e-07;5.3955e-08;1.10295e-08;2.6392e-07;2.59998e-08;1.78531e-05;1.59401e-07;8.12326e-10
2.05044e-07;2.45283e-05;0.00256643;2.14083e-05;2.73645e-06;1.40123e-05;5.84593e-07;4.20846e-05;4.83034e-05;9.2712e-07;1.11233e-05;0.996917;1.11961e-07;0.000350464
1.27729e-07;3.41429e-07;0.997306;9.65592e-07;1.95422e-05;0.000529659;2.2657e-07;5.71822e-08;2.20576e-07;1.58927e-07;1.49928e-07;9.98269e-09;5.1106e-06;0.00213708
1.61205e-06;0.022401;3.4749e-06;2.0653e-08;0.0001166;1.2828e-06;7.87797e-10;0.970819;5.79422e-09;2.3067e-09;1.76029e-08;0.000913451;0.00572069;2.30982e-05
2.44621e-08;0.99889;3.60931e-11;1.67821e-08;5.45424e-08;1.17735e-09;7.82902e-08;3.94884e-05;5.06482e-09;6.84012e-08;1.84806e-10;5.66886e-07;7.79404e-07;0.00106878
3.29188e-06;0.0264613;3.22162e-08;2.12746e-06;3.9164e-07;1.32153e-07;5.73604e-06;0.972025;7.24094e-06;1.75919e-07;2.12021e-07;6.48694e-08;0.00149428;1.08207e-09
3.95098e-07;0.999222;2.41986e-05;9.38107e-05;3.53342e-07;1.19601e-07;6.55018e-09;5.31642e-05;2.19361e-09;7.49196e-07;1.20933e-08;0.000561868;4.21685e-05;1.07206e-06
2.46474e-07;0.00222079;2.16712e-11;1.42811e-07;2.51452e-10;8.3194e-08;3.38733e-07;1.04598e-05;1.03389e-07;1.46333e-08;5.72481e-06;9.4589e-07;0.997761;6.15734e-11
2.10483e-08;3.58138e-06;0.999936;3.90952e-06;1.82963e-07;1.05658e-07;4.47023e-09;2.81094e-08;2.78311e-10;1.09027e-07;9.90876e-09;4.91785e-05;2.02815e-09;6.52922e-06
8.76369e-07;0.991813;7.35334e-10;1.59091e-07;4.86159e-05;3.11663e-07;8.41009e-08;0.00810205;4.24165e-08;3.44371e-08;8.02817e-08;1.68663e-06;2.71625e-05;5.76534e-06
3.30376e-07;5.98767e-05;5.87438e-07;2.10187e-07;1.85486e-05;9.58068e-05;1.8963e-08;0.999412;1.80165e-06;1.11618e-07;2.20988e-07;4.65398e-05;0.00036436;3.30366e-08
4.60199e-05;0.998445;2.00816e-07;5.02856e-06;5.64134e-06;3.98182e-07;1.94372e-06;0.00141299;3.16763e-05;4.75729e-07;1.90278e-06;8.29013e-06;1.16007e-05;2.91261e-05
1.67382e-06;0.999461;1.29096e-09;3.51247e-09;2.50408e-10;5.96921e-10;2.3483e-07;3.89073e-06;1.21552e-07;2.62749e-09;1.89928e-08;1.24021e-07;0.000532625;7.37597e-10
2.12389e-07;0.000123104;7.51571e-07;1.34741e-06;7.01718e-06;1.85844e-05;1.13479e-08;0.000940254;1.0813e-06;9.33757e-08;1.33559e-06;0.998883;9.24885e-06;1.35812e-05
2.3587e-08;0.999331;3.79234e-06;3.60834e-07;1.4858e-10;1.02872e-08;0.000599567;2.56185e-09;3.57288e-09;5.63326e-05;1.07214e-06;4.62925e-07;5.37956e-09;7.33004e-06
1.25872e-09;1.97489e-09;1;2.85831e-08;4.03701e-10;3.68967e-09;5.73023e-08;4.94192e-10;1.41779e-09;4.85198e-10;1.75226e-07;7.23728e-08;1.25474e-09;4.65813e-11
1.69139e-06;0.00346962;1.76213e-07;7.5974e-07;3.31548e-06;1.08968e-05;0.000301471;0.00053252;1.5502e-05;1.76996e-06;0.00103886;6.15395e-10;0.994623;1.50424e-08
1.83459e-09;1.14818e-09;1;1.69183e-09;1.4241e-11;4.88233e-11;8.15873e-10;5.6984e-11;1.14196e-09;1.99097e-10;1.282e-08;8.37569e-09;7.39263e-10;1.84705e-10
2.35096e-08;7.17116e-06;0.995557;6.60098e-09;1.82853e-08;9.00193e-08;1.06689e-09;3.83806e-06;3.54127e-09;8.60656e-10;3.58952e-09;0.0044311;1.99112e-07;1.8223e-07
2.07682e-07;0.0835925;2.86024e-08;9.75962e-08;3.3597e-05;2.86973e-05;1.08064e-06;4.44304e-07;1.84239e-08;4.40275e-06;1.00381e-07;1.16089e-08;1.64836e-06;0.916337
4.7042e-11;5.21441e-11;0.999996;3.28924e-12;5.55717e-10;1.69443e-11;2.18971e-13;1.31151e-09;1.17369e-13;7.5292e-13;2.37297e-13;3.57476e-06;3.10376e-11;7.87881e-12
6.72265e-07;0.0422805;2.70497e-05;7.07198e-06;0.000604019;0.0124608;1.99449e-07;0.92532;1.63626e-06;2.69385e-06;5.07674e-07;0.000329565;0.0188486;0.000116385
3.78746e-08;0.000376479;4.4858e-09;9.01699e-07;3.41239e-06;3.99524e-05;1.17353e-10;0.0225764;1.90767e-09;2.36111e-09;1.90489e-09;1.15058e-06;0.977001;9.21292e-07
2.425e-07;0.000254766;1.64106e-08;3.04487e-06;3.52522e-07;1.24097e-06;2.55945e-10;8.05344e-05;3.62531e-08;2.58077e-08;5.01884e-08;0.997287;0.00236963;2.92174e-06
3.07878e-08;0.00021459;4.21628e-11;3.7287e-09;7.53473e-06;3.03215e-10;9.19792e-09;0.999777;3.04399e-09;5.5518e-09;3.16092e-09;4.09745e-07;3.25064e-08;7.74076e-09
5.28713e-07;9.05229e-06;0.999696;4.90783e-06;6.27751e-05;1.77855e-05;3.00767e-08;2.66189e-07;4.13065e-09;1.08545e-06;4.21552e-07;8.77372e-05;0.000118474;7.51441e-07
5.30791e-06;0.9976;1.2823e-08;1.95145e-08;7.96902e-08;2.64275e-08;0.00224437;8.68433e-05;6.33074e-07;7.72281e-06;1.04526e-06;2.8527e-07;7.31592e-07;5.28508e-05
1.20265e-08;2.63774e-09;1;2.24656e-09;5.24651e-10;1.31321e-11;2.95874e-08;2.95054e-10;4.94434e-08;1.9272e-10;3.12353e-08;2.97002e-08;9.79996e-11;4.16187e-11
9.7012e-07;0.99503;1.02145e-10;1.5883e-08;2.83285e-09;7.00151e-09;4.16083e-08;0.0045213;3.19407e-07;6.30663e-08;6.59344e-08;5.3997e-08;0.000445806;1.66307e-06
2.35777e-09;2.91728e-09;0.999985;6.24491e-08;7.83338e-11;9.91453e-10;1.82413e-09;2.76418e-11;2.56373e-10;6.85972e-09;2.37013e-09;1.45463e-05;1.40567e-10;9.1716e-09
1.86436e-06;0.00364939;0.000113076;9.54102e-06;1.84568e-06;5.51023e-06;1.39179e-06;0.985479;1.34095e-06;2.17877e-07;6.33492e-06;9.33264e-08;0.0107301;6.70647e-07
9.92313e-07;9.29534e-05;8.90147e-08;4.31615e-06;1.19756e-07;0.00479125;3.00331e-05;2.71382e-06;1.95107e-05;1.33123e-05;0.000682976;9.20891e-09;0.994362;2.19429e-07
1.82903e-07;2.3978e-06;0.999992;1.86175e-07;2.95113e-07;7.84636e-09;5.00707e-08;4.16627e-09;5.70309e-09;9.86583e-07;6.86565e-08;3.53237e-06;1.92776e-09;2.08672e-07
1.27903e-05;0.989272;5.2573e-07;4.98906e-05;6.23419e-05;1.48711e-05;6.11702e-05;0.00399979;0.00277248;2.37322e-06;0.00148467;9.32522e-06;0.00215775;9.9717e-05
