2.403e-06;0.999325;0.000469534;1.40133e-05;3.47264e-06;9.10594e-08;1.12949e-07;9.62115e-05;2.42265e-08;4.06315e-07;2.53455e-08;7.10816e-06;7.73449e-05;4.59238e-06
9.11717e-05;0.982717;5.91119e-06;0.000470576;0.000136957;4.51671e-05;9.24174e-06;0.00149752;0.000154578;1.89235e-05;0.000104104;0.00381587;0.0104988;0.000434571
2.2846e-05;0.145013;2.78346e-08;1.01304e-05;0.0403432;2.84169e-07;1.92317e-07;0.767385;1.68884e-07;3.30694e-05;4.7012e-07;0.00360907;8.0703e-08;0.0435822
0.000183092;0.0145234;0.263682;6.14042e-05;0.00054934;0.000291001;4.77424e-06;9.1182e-06;6.80247e-07;7.55889e-05;2.15023e-05;0.709066;0.0111807;0.000351152
2.91963e-07;0.993506;1.05781e-08;5.64956e-08;2.12398e-07;5.06176e-08;0.00144675;0.00495859;1.40857e-06;2.90393e-05;1.36703e-06;2.52526e-09;1.86553e-06;5.48291e-05
5.28808e-10;2.96764e-10;1;2.29137e-09;6.5237e-10;1.346e-09;6.26521e-09;1.46296e-11;3.04333e-09;1.43443e-09;9.01886e-09;1.45595e-07;4.85085e-10;5.4918e-13
8.18836e-06;0.998464;3.09888e-06;1.86274e-07;3.54999e-08;5.85257e-08;5.22791e-07;0.000218589;7.69958e-06;1.55228e-07;6.45174e-05;3.22569e-05;0.00120029;1.0155e-09
7.45168e-08;0.99627;3.46966e-11;8.08577e-07;4.94178e-07;7.32923e-08;8.18585e-06;2.49733e-07;1.59196e-07;0.000323768;2.32608e-07;1.10096e-05;8.5658e-08;0.00338501
3.26031e-07;6.29298e-07;0.999949;2.55007e-06;8.44621e-10;6.10516e-08;4.55599e-06;2.39002e-07;8.46834e-06;2.37732e-07;3.11687e-05;1.97864e-06;4.68972e-07;1.53906e-10
1.24116e-07;1.41226e-06;0.999976;7.15238e-08;9.93028e-08;2.20476e-07;2.07424e-08;1.31117e-06;5.00797e-08;6.07334e-08;7.98351e-08;1.8958e-08;2.10978e-05;5.45164e-09
1.71858e-07;0.999997;3.21818e-10;4.5717e-10;1.4049e-09;6.02734e-11;9.20307e-07;1.17972e-08;2.01821e-09;1.91395e-07;3.64166e-10;4.86546e-08;1.46104e-07;1.42731e-06
5.06221e-09;1.07657e-11;1;1.67883e-12;1.74497e-10;7.74256e-14;6.79951e-11;9.78994e-11;8.04184e-10;1.35793e-12;9.58161e-13;4.53386e-09;2.23158e-11;8.42478e-13
1.07387e-05;0.00312626;5.0506e-05;6.13794e-07;5.08925e-05;8.74523e-05;2.87375e-07;0.993905;0.000827989;9.30157e-07;1.00077e-06;0.000273571;0.0016541;1.07484e-05
6.67524e-07;7.46362e-05;7.80491e-09;1.56379e-07;1.47075e-06;7.8909e-07;8.82238e-10;0.999237;1.23232e-06;3.56965e-09;1.22556e-08;2.03842e-07;0.000683439;4.23599e-07
3.9671e-05;0.00685588;8.29521e-06;1.2225e-05;5.75367e-06;3.95482e-06;1.57751e-07;0.00035653;3.57085e-05;3.03408e-06;1.77937e-06;0.99032;0.00230613;5.13734e-05
5.85328e-05;0.773112;4.86307e-07;7.69874e-07;1.96322e-05;3.45257e-07;7.27311e-05;0.220794;4.75917e-05;3.74955e-06;1.32857e-05;0.000721784;0.0051376;1.72658e-05
1.57816e-05;0.0437283;5.81612e-10;1.23497e-06;0.000329818;2.67236e-08;4.30578e-05;0.955256;2.44593e-05;1.07468e-05;1.00034e-05;0.000114791;0.000465654;3.23311e-07
0.00041799;0.00279286;0.900398;0.00226694;0.00714364;9.55158e-05;5.89053e-06;0.000574902;4.79716e-05;8.83041e-05;0.000517828;0.0770295;0.00858648;3.39512e-05
8.30029e-05;0.996091;3.36563e-08;9.53522e-08;6.04039e-09;2.74921e-09;0.00200178;4.36275e-06;0.00169622;6.93972e-06;8.82967e-05;1.16171e-07;1.09879e-05;1.69814e-05
2.01793e-05;0.00231279;0.994925;4.67146e-07;4.78719e-07;8.49738e-07;0.00253148;4.12474e-06;2.04711e-05;0.000180503;1.57436e-06;4.55008e-08;6.99983e-07;9.5266e-07
6.33736e-10;9.20315e-10;1;1.21963e-10;5.87475e-12;8.16207e-12;1.28142e-10;6.78798e-11;1.45788e-09;2.14753e-11;2.10543e-10;3.00415e-08;2.95921e-11;8.69392e-13
9.01488e-06;0.00221751;0.000211454;2.64426e-07;3.20057e-06;8.42105e-07;2.31099e-05;0.0113796;0.000329715;2.44249e-06;0.000289925;0.985301;0.000231523;3.75536e-08
5.66949e-06;0.165465;1.54061e-08;0.000255399;0.00116399;0.000646691;3.01e-07;0.0976576;0.000574525;6.63808e-07;0.0085026;0.0010046;0.720963;0.00376026
1.00782e-05;0.941517;1.00054e-06;3.04791e-07;3.94866e-07;1.51035e-07;3.57282e-09;0.000248156;1.10312e-07;2.31421e-08;1.61908e-07;0.0274359;0.0307842;2.87032e-06
0.00013493;0.00771955;0.00014599;0.000588338;0.0705456;5.31484e-05;1.23948e-06;0.301362;0.00487176;5.7179e-05;0.001052;0.611613;0.000417307;0.00143796
0.000249259;0.876316;0.0731605;0.00827601;0.0248916;0.0113747;9.84128e-06;0.000521058;0.000120179;0.00126943;0.000116425;0.000487331;0.00149596;0.00171144
0.00128259;0.969949;8.10297e-05;4.69509e-05;2.03125e-05;3.01011e-05;2.45543e-05;0.00315532;0.00522668;4.11281e-06;0.000495728;0.00931677;0.0103406;2.64109e-05
0.000611263;0.212092;9.53483e-05;4.74089e-05;0.000346186;0.00103098;8.74044e-06;0.016824;9.49543e-05;5.89455e-05;7.57973e-05;0.00248896;0.762597;0.00362806
1.00348e-05;0.976691;1.27662e-05;4.43231e-07;6.24718e-05;1.60834e-06;1.28187e-07;0.015721;2.34144e-07;4.98486e-07;1.03072e-07;0.000566462;0.000152982;0.00678058
2.41306e-05;0.00102626;8.62786e-06;0.000184072;0.922653;0.00118372;5.58661e-06;0.00684182;0.00035598;1.90072e-05;0.000113345;0.0550042;0.000313629;0.0122665
0.000216326;0.120062;5.66645e-06;2.54441e-05;4.14384e-06;9.73085e-07;0.871489;0.000283515;0.00114349;0.00654806;0.000169218;3.86984e-08;1.77219e-05;3.39056e-05
9.93094e-09;4.9705e-11;1;1.26116e-08;3.08636e-10;5.02713e-11;2.25898e-08;1.08206e-10;1.15166e-07;2.79946e-10;8.67183e-08;7.42176e-08;2.79898e-10;3.27318e-11
1.95597e-05;0.0049902;0.000998281;8.82544e-06;4.26695e-05;4.10446e-06;1.41269e-06;0.986822;0.00023953;2.38116e-07;1.07558e-05;0.00373097;0.00271466;0.000416837
1.49907e-06;0.995917;1.42625e-06;4.16091e-08;1.67787e-07;1.31579e-07;0.00024184;7.93393e-07;2.8387e-08;7.82831e-05;9.31384e-08;5.63894e-08;1.57647e-06;0.003757
7.50313e-10;3.57365e-11;0.999995;6.57512e-10;4.12596e-08;2.47719e-09;2.58982e-10;2.22431e-10;2.81662e-10;2.08333e-10;5.36951e-10;5.31658e-06;3.5848e-11;2.92175e-09
2.18936e-07;0.997781;1.82757e-09;7.50527e-09;2.82443e-06;1.4751e-08;3.43863e-07;0.0018335;5.02082e-06;1.18183e-08;2.25029e-07;8.80558e-08;0.000376227;4.92106e-08
2.58521e-06;0.0046726;0.00728121;7.32384e-06;0.00509467;0.000207073;8.29084e-09;0.000206704;1.82159e-08;5.81804e-06;7.92005e-08;0.981566;0.00081208;0.000144147
1.98355e-06;0.983226;8.84639e-09;1.43603e-07;2.55069e-05;3.56412e-08;2.20322e-07;0.0137499;8.78125e-06;1.26711e-08;4.87671e-07;0.00157495;0.00141023;1.41433e-06
8.98949e-07;0.965924;0.000740878;2.27172e-06;0.000175202;2.11938e-06;8.06266e-09;1.29478e-05;3.65004e-09;1.55244e-06;9.17623e-09;0.0260459;0.00668517;0.000409083
2.39903e-05;0.291276;5.40234e-09;1.12096e-07;0.00150983;3.43849e-07;3.06981e-05;0.704327;5.67901e-05;1.01475e-06;9.0109e-07;0.00238733;0.000378304;8.02528e-06
1.52865e-05;0.00183932;0.318437;6.51097e-05;0.0173878;0.0185737;1.97296e-06;7.14373e-05;6.35108e-08;0.000121793;3.77872e-07;0.562419;0.00251827;0.0785495
4.1894e-05;0.000149632;2.55288e-08;3.07516e-07;1.87059e-05;9.30389e-07;1.57602e-06;0.997972;5.56499e-05;7.05509e-09;8.85252e-06;7.73808e-05;0.00165602;1.74927e-05
2.03949e-05;0.000703155;2.02745e-05;4.18543e-08;1.32795e-05;2.21199e-07;1.04077e-08;0.171992;1.5378e-07;1.06333e-08;2.77108e-08;0.826508;0.000733806;7.67595e-06
1.40121e-07;0.994183;1.05088e-05;4.89833e-08;1.19243e-06;3.22549e-06;1.00514e-06;0.00492836;9.37192e-08;1.31072e-07;4.60417e-08;1.80106e-06;0.000863707;7.30715e-06
1.37808e-12;1.29848e-11;1;3.87542e-12;1.40499e-12;5.27692e-13;2.44607e-11;4.31415e-12;8.57286e-13;7.38238e-13;1.20817e-11;1.22804e-08;3.74644e-12;1.10427e-13
1.28977e-08;4.99848e-06;0.998733;6.16382e-08;4.86575e-07;2.55687e-07;2.38529e-07;5.38326e-07;8.85642e-09;4.12005e-08;1.22651e-08;0.00124256;5.16161e-08;1.78308e-05
1.21674e-05;0.00336114;1.21467e-06;5.2885e-06;0.0015997;0.0123168;4.05541e-06;0.00362701;0.000203187;1.94224e-06;2.90988e-06;6.16035e-06;5.24488e-05;0.978806
0.000142575;0.102176;0.0237156;8.38806e-07;0.00716494;4.00453e-06;3.88254e-09;0.00222464;1.71272e-08;4.55695e-07;3.98762e-09;0.861839;7.27896e-05;0.00265904
5.41407e-06;0.997353;1.03615e-06;1.25816e-07;6.72918e-06;1.40579e-06;1.44753e-05;0.000109901;1.50953e-08;1.08754e-05;4.10849e-09;6.16542e-08;2.40739e-06;0.00249425
2.41883e-08;5.22045e-06;0.999978;3.31323e-09;1.88274e-08;2.39693e-10;2.41742e-07;2.23175e-08;5.71506e-10;1.18725e-07;6.57003e-11;9.96675e-08;1.0591e-09;1.62222e-05
4.28794e-06;0.0216535;9.43057e-07;1.11718e-05;2.44271e-06;1.33341e-06;0.00182971;0.975323;0.00067969;8.41054e-06;0.000134623;2.28386e-05;0.000326589;8.94763e-07
6.44244e-08;0.99999;3.29639e-07;1.44126e-06;3.31468e-08;2.55597e-09;5.86137e-09;1.68144e-06;4.28274e-09;1.74469e-08;1.3242e-08;5.45378e-06;1.18485e-06;4.34816e-08
1.29606e-05;0.00106469;0.998385;3.95308e-06;2.44877e-06;1.14673e-08;2.82398e-06;0.000307095;5.53016e-07;1.79905e-06;7.34568e-07;0.000160587;2.64834e-05;3.05461e-05
8.16955e-06;0.943347;3.0471e-10;1.01451e-06;0.000148833;5.76437e-08;8.32775e-05;0.00330114;5.84225e-06;8.69463e-06;5.58151e-07;5.29625e-08;2.37263e-06;0.0530933
6.1533e-05;0.0327464;0.00212274;2.09595e-06;1.20724e-05;1.23034e-06;1.70886e-06;3.78633e-06;8.97584e-08;8.62913e-07;4.69953e-07;0.96449;8.91287e-05;0.000467535
1.06083e-08;0.999618;5.51414e-11;9.34156e-11;2.81236e-10;6.40891e-12;5.81828e-05;2.31287e-06;1.262e-09;6.42733e-08;1.43946e-10;8.68206e-12;2.02416e-10;0.000321417
1.39911e-10;1.27592e-10;1;3.41343e-11;4.99489e-11;2.45618e-11;5.41748e-10;1.81493e-10;8.68481e-11;1.69586e-11;4.20318e-11;1.36568e-07;7.7658e-10;1.38634e-12
1.73711e-06;0.0393417;1.8539e-08;1.89602e-06;9.77206e-06;3.38104e-05;1.51105e-06;0.00734827;2.38251e-06;3.32312e-06;1.85055e-06;7.27873e-06;0.953245;1.19391e-06
3.54503e-08;3.6891e-08;0.999999;7.03719e-08;4.86948e-09;7.47599e-09;5.0894e-08;2.5825e-08;3.78099e-08;8.48201e-09;2.0956e-07;8.15454e-07;7.13845e-08;4.12787e-09
2.37083e-06;0.0206781;0.0013041;7.36135e-05;4.17555e-05;7.2408e-05;3.07511e-06;0.00884162;0.00014364;1.43636e-06;0.000151175;0.967227;0.000924827;0.000535144
7.7097e-07;8.37204e-06;1.43804e-09;9.28395e-09;1.64517e-06;1.4086e-06;2.60453e-07;0.999971;2.88393e-06;3.15928e-08;1.27471e-06;2.46488e-08;1.19554e-05;5.47398e-08
6.31579e-09;1.80069e-05;1.43653e-07;2.56221e-07;0.000205867;5.26305e-06;2.1043e-11;1.10406e-05;7.21619e-10;6.99599e-10;2.41909e-08;0.99949;6.86472e-05;0.000200295
3.67882e-07;0.438452;2.03186e-08;5.08486e-08;3.03756e-06;2.27699e-07;2.77858e-08;0.540648;3.61754e-09;3.74739e-09;5.95004e-09;8.88732e-09;0.0208948;1.61696e-06
9.5097e-07;0.0149342;0.978384;1.51684e-05;0.00019836;3.53351e-05;1.37026e-08;5.34791e-05;1.79202e-09;1.83432e-06;1.7806e-08;0.00461125;0.0014957;0.000270098
3.98019e-05;0.915971;7.57739e-09;3.97532e-05;0.000162886;1.5679e-05;5.73014e-06;0.0366874;0.00229459;3.41494e-07;0.000338036;0.0414181;0.0030123;1.45114e-05
4.4077e-08;2.90341e-05;6.4365e-11;5.34612e-10;7.68191e-06;9.55032e-10;7.24641e-11;0.999917;5.84148e-10;5.06841e-10;1.85233e-10;4.5736e-05;8.05725e-09;5.31258e-09
4.76752e-06;0.00136932;0.996689;6.09264e-06;0.000203211;8.64368e-05;2.84847e-07;6.2487e-07;8.33406e-09;1.66407e-05;1.24632e-08;0.00108859;0.000108548;0.000426967
3.52318e-05;0.00527344;1.26882e-07;2.19843e-07;4.55698e-06;2.12091e-06;6.10045e-08;0.989166;6.14805e-06;2.83146e-08;2.26305e-06;0.00131856;0.0041891;2.14275e-06
1.60834e-05;0.17072;1.36426e-05;2.96928e-07;3.20666e-07;2.55621e-07;1.28868e-07;0.000527002;9.48829e-07;3.94749e-08;2.15954e-06;0.00351779;0.825176;2.44256e-05
4.10505e-06;0.170993;1.08833e-08;1.41744e-06;2.79748e-07;5.64366e-06;0.817643;4.78966e-06;0.000157976;0.00678097;5.23582e-06;5.21917e-06;2.62093e-05;0.00437152
9.1236e-08;2.44106e-07;0.999804;7.30974e-06;8.5887e-09;4.64314e-06;3.27404e-05;1.86543e-08;4.79365e-06;1.13523e-07;8.27574e-05;5.11419e-05;1.24419e-05;3.53877e-10
4.49337e-05;0.890403;0.0183517;0.00011545;6.01864e-06;5.2299e-05;2.99096e-05;0.0112632;3.89406e-07;9.76739e-06;1.2654e-05;0.000946822;0.0787637;1.25364e-07
4.20309e-09;0.000959587;3.28678e-11;1.74887e-07;3.08952e-08;1.10951e-05;1.79478e-08;4.35583e-06;3.87535e-09;6.22474e-09;1.14578e-07;5.66586e-09;0.999025;9.30269e-08
2.48847e-07;0.000143032;0.998261;1.60178e-05;3.71887e-05;1.40147e-06;6.41887e-09;3.42752e-06;3.12748e-09;9.92216e-07;1.96269e-07;0.00148979;1.56381e-05;3.13062e-05
6.35494e-05;0.00335539;2.07662e-07;0.00512827;9.80417e-05;0.00155432;0.000283434;0.00202752;0.141624;0.000300903;0.82211;9.81184e-05;0.0232917;6.43694e-05
5.64873e-05;0.944663;0.00292064;0.00127931;1.76788e-05;1.51169e-05;4.10156e-06;4.44788e-05;1.24116e-05;2.79128e-05;4.4334e-05;0.050762;0.000129549;2.28991e-05
0.000185496;0.519012;8.82566e-07;7.27567e-06;1.3735e-06;2.18411e-06;2.79998e-05;0.00195719;0.000191224;3.11032e-06;0.000396052;0.000166815;0.478048;9.20996e-07
4.44065e-06;0.983765;6.48519e-05;2.9487e-06;0.000375342;8.09642e-06;1.52987e-07;0.0105481;5.07488e-07;1.91797e-06;2.52891e-07;0.0020391;2.32354e-05;0.00316559
1.99283e-05;0.00051502;7.22438e-06;0.00036226;0.960405;0.00377601;1.00262e-05;0.00434157;0.000895342;3.22301e-05;0.000316214;0.0239536;0.000309879;0.00505546
0.000127115;0.541517;5.83351e-06;3.37469e-05;1.91408e-06;2.01257e-06;0.450887;0.000181477;0.000198929;0.00664814;0.000112714;3.40119e-08;0.000223123;6.0563e-05
1.5158e-09;4.37622e-11;1;1.53093e-08;2.56952e-10;9.98663e-11;2.49279e-09;6.89789e-11;5.5329e-09;2.45281e-10;2.56934e-08;2.54429e-07;1.64359e-10;4.41685e-11
2.56198e-05;0.111206;0.00180056;5.69907e-05;8.23325e-05;2.30833e-05;9.51556e-06;0.850743;0.000158497;1.196e-06;5.86179e-05;0.0129753;0.0216153;0.00124378
5.19113e-07;0.997449;1.349e-06;4.55921e-08;9.66054e-08;1.06741e-07;0.000166871;1.99785e-07;4.58307e-09;6.34776e-05;5.65429e-08;6.22318e-08;2.6927e-06;0.00231582
8.2142e-10;1.64665e-10;0.999986;1.93542e-09;4.75016e-08;6.89619e-09;9.63258e-10;8.0122e-10;2.61018e-10;6.60989e-10;1.47084e-09;1.36204e-05;1.02668e-10;4.85604e-09
9.24698e-08;0.999178;2.55406e-09;1.57828e-08;2.88098e-06;1.77977e-08;4.44663e-07;0.000479705;2.20515e-06;2.70997e-08;4.11215e-07;1.30353e-07;0.000336464;3.81393e-08
1.09702e-06;0.00256758;0.00750504;7.88339e-06;0.00353859;0.000261568;9.77117e-09;6.44819e-05;5.67342e-09;7.36059e-06;1.51503e-07;0.984976;0.000938969;0.000131323
1.50322e-06;0.987415;6.53457e-09;1.94655e-07;4.25629e-05;4.69936e-08;2.19839e-07;0.00886274;5.34507e-06;1.40057e-08;1.20325e-06;0.00124832;0.00242077;1.66789e-06
1.41458e-06;0.947002;0.00269842;4.33994e-06;0.000444324;2.86377e-06;1.0047e-08;3.04031e-05;4.08684e-09;2.07275e-06;1.98866e-08;0.0416783;0.00767603;0.000459469
2.64556e-05;0.425328;5.52981e-09;9.37724e-08;0.00172928;2.81433e-07;3.36997e-05;0.571079;3.26311e-05;9.95925e-07;9.52112e-07;0.00117584;0.000583629;9.12809e-06
1.22346e-05;0.00128076;0.26338;4.01642e-05;0.0152158;0.00941254;1.99511e-06;3.8253e-05;4.21273e-08;9.97288e-05;3.01942e-07;0.635523;0.00202667;0.0729685
2.78649e-05;7.75805e-05;1.17988e-08;1.68339e-07;2.12899e-05;5.87941e-07;1.28974e-06;0.999104;3.15932e-05;4.65238e-09;7.35547e-06;2.54543e-05;0.000688829;1.41552e-05
4.27455e-05;0.00389208;2.82473e-05;6.42504e-08;1.04644e-05;3.51117e-07;3.79955e-08;0.206729;2.23055e-07;3.04833e-08;3.19268e-08;0.787651;0.00161396;3.16778e-05
1.65374e-07;0.992527;1.47417e-05;6.76449e-08;1.66753e-06;2.71908e-06;2.19232e-06;0.0068316;1.59938e-07;2.33336e-07;5.7373e-08;1.0245e-06;0.000609912;8.25362e-06
8.20849e-13;6.5235e-12;1;2.14566e-12;1.51223e-12;1.97393e-13;1.51426e-11;4.41797e-12;5.59576e-13;5.39626e-13;6.07506e-12;4.88886e-09;6.94988e-13;3.61471e-14
2.59745e-09;6.23721e-07;0.999833;1.35734e-08;3.19358e-07;8.28664e-08;2.44655e-08;4.21106e-07;2.87653e-09;5.96505e-09;1.97909e-09;0.000163277;5.09348e-09;2.43434e-06
5.38269e-06;0.00204332;1.38927e-06;1.92098e-06;0.000426433;0.00733045;3.14786e-07;0.000837186;9.99494e-05;4.21085e-07;1.33107e-06;8.28841e-06;3.29127e-05;0.989211
1.59929e-05;0.0650244;0.00177531;1.59183e-07;0.00257666;4.81621e-07;1.84858e-10;0.000179871;6.8396e-09;3.69799e-08;1.25507e-09;0.929492;3.14918e-06;0.000931953
2.42498e-07;0.99969;3.85589e-08;2.49049e-09;5.70473e-07;4.07239e-08;2.66742e-08;4.4242e-05;1.30249e-10;6.63542e-08;5.04629e-11;8.82416e-09;9.94074e-08;0.000264622
1.56842e-08;0.00010112;0.999588;1.67759e-09;7.19439e-09;2.41376e-10;8.06863e-07;6.4792e-09;1.49845e-10;3.00034e-07;1.87007e-11;6.13874e-08;7.54821e-10;0.000310009
5.08965e-07;0.000613468;1.94608e-06;2.74802e-06;1.03285e-06;1.32357e-06;0.000368151;0.998515;6.54953e-05;1.73551e-06;1.51909e-05;1.83055e-06;0.000411652;7.39224e-08
2.44598e-07;0.999721;7.66801e-05;1.45903e-05;2.4113e-07;2.8749e-07;1.63155e-07;5.32863e-05;2.57227e-09;2.43581e-06;2.41356e-08;5.95601e-06;0.000124734;6.02385e-07
5.86261e-06;0.0517111;6.84136e-08;1.38513e-06;1.28654e-07;3.85997e-07;1.1705e-07;0.000109723;1.31153e-07;1.03306e-07;9.27896e-06;0.00380889;0.944352;8.89743e-07
7.32617e-06;0.336079;1.55664e-08;1.5854e-05;2.53468e-06;3.52732e-05;0.64909;9.33536e-06;7.55126e-05;0.00738952;0.000164768;1.97803e-05;0.000133023;0.00697796
1.70626e-05;7.84521e-06;0.996489;0.000146667;6.20719e-07;1.04989e-05;0.00117116;1.68041e-05;0.000433884;8.33143e-06;0.00111322;3.50622e-05;0.00054946;1.79017e-08
7.58333e-07;0.999409;0.000370141;8.40734e-06;1.066e-07;3.23496e-08;3.13165e-08;1.12181e-05;2.02874e-08;5.33113e-08;4.52191e-08;7.42618e-06;0.000193002;4.05118e-08
5.45145e-06;0.997064;1.7636e-07;3.37689e-06;1.03319e-06;6.02252e-07;5.58614e-08;0.00218401;2.21406e-06;7.75294e-07;4.7047e-06;0.000137887;0.000593231;1.96376e-06
7.84486e-05;0.00844463;0.00218131;0.000228422;0.00118706;4.42887e-06;5.1308e-07;0.000257424;1.11565e-06;3.13139e-05;1.0628e-05;0.984635;1.08809e-06;0.00293838
0.000259547;0.00302073;3.86502e-05;1.76093e-05;0.000453961;5.79355e-06;9.10741e-07;0.983353;0.000109854;1.33825e-06;0.000973014;0.000117953;0.0116472;4.63701e-07
2.75597e-09;0.983335;1.86974e-11;2.61004e-08;5.72898e-09;6.71007e-09;1.61169e-07;1.84973e-08;9.15363e-10;1.88316e-06;2.60335e-09;9.0784e-08;1.47682e-07;0.0166629
6.66185e-05;0.006057;0.000100401;0.00477953;5.54203e-06;2.82889e-05;0.367234;3.43164e-06;0.0385026;0.000246378;0.578133;4.20499e-05;0.00480005;8.52453e-07
5.40064e-07;4.35488e-05;6.94331e-12;6.06202e-08;5.8265e-09;7.15043e-10;1.77519e-08;0.999952;6.44251e-07;2.21072e-09;1.78952e-07;3.7651e-08;2.83354e-06;1.37758e-11
1.16075e-06;6.66831e-05;1.03355e-05;2.65804e-05;5.06803e-06;3.79211e-07;1.71505e-10;4.15421e-06;4.22498e-06;8.29306e-09;1.22313e-06;0.999879;1.83509e-07;1.16761e-06
0.00131317;0.00257288;5.66101e-08;1.03404e-05;0.000744134;6.89111e-05;2.3722e-08;0.000278201;0.00034023;1.48463e-07;6.13085e-05;8.07447e-05;0.993077;0.00145321
0.00025649;0.0492078;2.07714e-06;5.77924e-08;0.00248149;1.34854e-07;8.00747e-11;0.000500747;5.07488e-07;7.51564e-09;5.90504e-09;0.0026289;4.10698e-05;0.944881
1.41966e-07;0.000613432;2.57316e-11;8.42168e-10;0.000797745;7.23006e-10;1.12227e-12;0.998587;4.10696e-09;3.90128e-10;9.04131e-12;4.74028e-08;4.92844e-07;1.37963e-06
4.99708e-09;5.00453e-08;0.999761;1.4883e-07;0.000233817;1.48024e-06;2.61912e-12;8.44966e-09;2.38213e-12;7.73049e-08;9.85391e-12;1.97107e-06;3.96756e-10;1.08887e-06
4.35926e-05;0.98072;0.000810523;8.33478e-05;8.80858e-05;1.99743e-05;4.14402e-06;0.0132748;0.000142101;1.10453e-06;0.000134194;0.00029436;0.00256232;0.0018219
