1.1318e-07;0.999208;9.85786e-11;1.66461e-09;2.19562e-10;9.61579e-09;3.30348e-07;4.16837e-07;2.96966e-08;2.12953e-09;3.95488e-08;1.00717e-05;0.000781171;5.27014e-09
2.32794e-08;0.999478;9.52105e-10;1.29628e-10;5.9799e-10;3.831e-09;8.92434e-09;2.28195e-07;4.77514e-10;2.22973e-10;1.6488e-10;0.000446088;7.61367e-05;1.30522e-09
2.07669e-09;4.99511e-07;1.54366e-08;5.39354e-08;2.36166e-05;1.83547e-05;1.67365e-11;1.33669e-05;5.2541e-07;1.84424e-10;1.93702e-07;0.999939;1.45953e-07;3.91324e-06
4.24371e-08;0.0231731;5.30893e-11;8.67213e-09;3.68923e-08;5.55685e-07;1.28878e-08;0.000145695;4.57496e-08;1.54088e-10;4.71531e-08;1.00357e-06;0.976679;4.03823e-08
3.15637e-06;0.000321551;1.43097e-07;6.31798e-07;2.72388e-06;9.48176e-07;4.39621e-09;0.000310193;6.86048e-06;1.29216e-08;2.07303e-07;0.999012;0.000174815;0.000166889
2.34822e-06;0.993215;1.33077e-07;1.66598e-08;3.86363e-08;2.03165e-08;2.94404e-08;0.000101437;2.41334e-08;1.26861e-08;2.44976e-09;1.66295e-05;0.00666477;5.80121e-09
2.57629e-07;0.00315276;0.000110294;1.20363e-05;2.75103e-05;1.91302e-05;5.5421e-09;3.81948e-05;5.82914e-07;1.67002e-07;6.00863e-07;0.99635;9.86921e-06;0.000278834
1.38954e-05;0.954132;4.02631e-08;0.000160998;0.000278024;2.35333e-05;0.000100899;0.0330703;9.88963e-05;1.30605e-05;0.00300644;3.50248e-06;0.00899218;0.000106142
7.18141e-06;0.00556189;6.15303e-06;1.59176e-05;2.74834e-06;1.017e-06;1.67046e-06;0.00137736;9.46293e-07;3.19127e-07;3.35802e-05;0.992067;0.000918357;5.86962e-06
6.28169e-05;0.0550143;3.04775e-08;1.83198e-06;4.11253e-05;7.68838e-06;1.02708e-05;0.0091133;1.60862e-05;5.30268e-07;1.2861e-05;0.00145927;0.934244;1.54106e-05
0.000536265;0.0109354;0.000220397;5.33641e-05;0.000812982;0.00558839;3.55025e-05;0.00103905;0.000332639;4.65754e-05;0.000390186;0.115264;0.86471;3.49648e-05
3.57953e-05;0.124111;0.869008;0.000138709;0.000685304;0.00025185;3.28913e-07;0.00121119;1.27983e-07;3.64074e-05;4.47915e-07;0.00317237;0.00098493;0.000364085
1.76859e-05;0.000477424;3.44598e-07;0.000350353;0.000244849;8.05597e-05;6.65059e-06;0.00231559;2.81515e-05;4.48591e-06;0.00737303;0.00333284;0.985652;0.000116197
8.5569e-05;0.0137746;1.65813e-05;4.15828e-06;6.33411e-05;3.30745e-06;7.50421e-07;0.971998;3.01766e-07;1.91965e-06;3.59751e-06;0.0123062;0.00120623;0.000535375
1.66441e-06;0.952911;4.44195e-05;8.86707e-06;5.437e-05;0.000144834;2.92279e-05;0.0328628;6.35492e-07;8.7745e-06;1.57259e-05;6.33505e-05;0.011138;0.00271618
1.24514e-11;5.11383e-11;1;4.58681e-11;3.26345e-12;1.00519e-12;6.3369e-11;1.65224e-10;3.20967e-12;3.28868e-12;2.57734e-10;3.07872e-08;1.89377e-11;8.27464e-14
1.43327e-06;0.0032406;0.0232991;3.68285e-05;8.02992e-05;2.22277e-05;1.7592e-06;0.000132614;5.54664e-05;3.07675e-07;6.85246e-05;0.968895;3.93629e-06;0.00416164
0.000502743;0.727043;0.000272691;2.1934e-06;0.0085094;0.000354833;1.19755e-06;0.10971;1.78003e-05;2.74322e-06;2.68232e-06;0.00209668;0.151401;8.33045e-05
0.000309649;0.354486;0.000149677;5.26018e-07;0.0278088;0.00322767;1.95791e-07;0.0176593;9.07484e-07;6.96436e-06;3.73634e-07;0.417414;0.0191221;0.159814
9.50824e-06;0.0357708;1.28645e-06;6.75206e-05;0.0327211;0.00701757;6.6599e-07;0.820109;0.000152976;7.54018e-07;2.36177e-05;0.00577467;0.0226651;0.0756856
9.32625e-06;0.967926;1.38204e-06;1.71021e-07;2.61525e-08;1.75903e-08;2.76126e-07;9.8386e-05;3.7311e-07;1.19797e-08;4.30814e-08;0.00404855;0.027915;1.22081e-08
6.72332e-05;0.104348;6.45903e-05;1.66684e-05;0.000287467;3.19486e-05;7.3237e-08;0.297888;4.72184e-07;3.26313e-06;1.25962e-07;0.582385;0.0103708;0.00453657
1.04489e-06;0.0930893;1.01529e-06;1.01384e-05;4.03694e-05;2.87155e-06;1.10197e-07;0.00096371;3.53965e-07;2.1886e-07;5.64094e-06;0.905583;0.000207166;9.51494e-05
4.53755e-05;0.26039;0.00585052;2.3957e-06;9.55446e-06;9.75322e-07;7.01482e-05;0.035586;1.5484e-06;4.41164e-06;1.33512e-05;0.650909;0.0471147;1.59321e-06
4.83276e-06;0.115911;2.56078e-08;7.92621e-05;0.000678802;0.000668949;0.00120006;0.0173791;9.53651e-05;0.000205695;2.38469e-05;5.29556e-08;0.86317;0.000583019
2.45214e-06;1.53588e-08;0.999995;1.39431e-07;9.87149e-10;9.52819e-10;1.32267e-07;5.93647e-09;2.19769e-06;1.11818e-08;4.11898e-08;4.49302e-07;2.74226e-08;1.02202e-09
0.00045938;0.0109934;0.00169991;0.000284624;6.04911e-06;8.5214e-06;1.55051e-05;0.00350514;0.124983;2.33845e-06;0.000305747;0.857;0.000571107;0.000165338
4.20437e-05;0.0100396;2.03704e-06;1.3097e-06;7.69986e-07;3.09217e-05;1.40009e-07;0.000444174;3.51943e-06;5.17238e-07;4.22107e-07;3.69095e-07;0.989425;8.98377e-06
4.01469e-08;0.000191034;4.82124e-07;2.75878e-08;7.65272e-07;5.77205e-08;1.53584e-12;7.19202e-08;4.36335e-10;6.17651e-11;3.76389e-09;0.999794;1.26278e-05;4.9957e-07
4.61646e-06;0.0639118;1.22394e-06;2.24874e-06;0.00252866;3.83362e-07;4.93778e-09;0.922935;6.36377e-08;1.2023e-07;1.96918e-08;1.72012e-05;3.85287e-05;0.01056
1.09459e-05;0.00107252;7.65211e-11;4.3633e-06;8.14313e-05;0.0028492;4.67662e-07;4.11961e-05;9.37366e-05;8.91499e-07;1.74341e-06;1.3995e-07;0.995812;3.18198e-05
1.62979e-06;6.90003e-06;0.999988;2.00777e-08;9.96056e-09;1.44357e-09;1.78826e-09;4.04213e-07;1.84181e-08;3.83822e-08;3.28361e-11;3.33555e-06;5.02638e-09;4.25431e-09
1.44595e-05;0.969436;1.42328e-05;3.11459e-05;4.93623e-06;2.57542e-06;1.97878e-06;0.0262435;0.00363959;9.63922e-07;1.17733e-05;1.01591e-06;0.000558793;3.86771e-05
