2.44004e-05;0.953435;5.37599e-06;2.29389e-06;5.07052e-06;2.96994e-06;2.81664e-06;0.00384839;2.07386e-05;1.01143e-06;4.81198e-05;0.000160906;0.0423796;6.32559e-05
1.03386e-05;0.987869;2.14083e-09;1.28501e-05;5.68312e-05;8.79402e-07;0.000192868;0.000327914;5.11222e-07;0.00140988;3.72599e-06;0.00324327;5.04646e-07;0.00687148
5.7797e-08;7.56458e-08;1;4.03862e-09;7.93627e-11;1.68639e-10;8.52685e-09;3.7052e-08;6.52907e-08;6.34952e-11;5.51588e-08;1.84853e-08;7.30369e-09;6.20141e-13
0.000224084;0.371945;2.29206e-05;3.55588e-07;3.86856e-05;1.70277e-06;1.12951e-06;0.625935;7.74428e-06;5.63234e-06;1.01433e-06;1.11864e-05;0.00174015;6.486e-05
2.25717e-07;0.000521841;8.60421e-06;6.57581e-07;1.00139e-05;5.55038e-07;5.64666e-08;1.26369e-05;1.25994e-06;5.33251e-08;8.89701e-07;0.999424;8.89428e-06;9.85344e-06
3.03363e-06;0.818392;1.38545e-09;8.72413e-09;8.76216e-10;2.29787e-09;1.36795e-05;8.46488e-06;1.42559e-06;5.25645e-09;5.65084e-07;3.99423e-06;0.181576;5.96416e-11
1.71884e-06;0.00392107;0.112771;4.7198e-07;1.80088e-05;4.76848e-08;6.03503e-09;2.49445e-07;1.17679e-07;9.45587e-08;2.69448e-09;0.883274;1.38594e-07;1.35253e-05
9.26137e-05;0.789902;5.2968e-09;1.13647e-06;5.08278e-05;3.21849e-05;0.00148538;0.00135934;0.000318487;0.00152335;3.48721e-06;9.74893e-09;0.000362748;0.204868
1.27459e-08;1.91436e-09;1;5.91951e-10;4.30014e-09;2.19581e-10;7.1851e-11;9.92343e-08;1.16332e-08;2.77425e-10;1.8376e-10;4.37779e-07;1.00978e-09;9.90945e-12
5.20385e-06;0.0915516;2.22205e-07;5.36914e-08;1.00141e-05;1.96109e-07;2.91718e-08;0.907618;4.13946e-05;1.0893e-07;1.3889e-07;2.98458e-05;0.000743122;4.79848e-07
3.13775e-06;0.984517;4.26317e-08;3.42836e-08;2.22912e-07;3.98689e-08;4.2202e-08;0.000187602;4.72647e-07;6.04324e-07;2.07005e-07;0.0138901;0.00140057;3.85062e-07
6.59159e-05;0.0111419;1.88173e-06;6.98614e-06;0.000559687;2.9013e-06;1.08654e-07;0.0589242;1.72746e-05;2.77948e-07;4.37191e-05;0.691449;0.237707;7.85565e-05
0.00165664;0.0537637;2.95172e-06;1.51946e-05;0.000287617;0.000348768;0.000856811;0.887735;0.02294;0.000126326;0.000364265;0.0103387;0.021081;0.000482472
0.000705499;0.0537181;3.34398e-06;0.0007563;0.00140742;0.000531513;3.76172e-05;0.929383;0.00278764;3.69734e-05;0.000863915;0.000248558;0.00858602;0.000934118
4.50279e-05;0.999737;3.23914e-05;3.35496e-05;5.12898e-07;1.84444e-08;6.15976e-06;0.000106963;3.37964e-07;4.33326e-06;1.11007e-06;4.62447e-07;1.8837e-05;1.28416e-05
3.94023e-09;2.65247e-08;0.999999;1.07079e-08;2.53048e-10;8.86701e-12;1.77404e-08;6.55529e-10;1.66187e-09;9.12336e-10;1.6414e-08;1.31141e-06;3.2889e-10;2.96776e-10
0.000270665;0.0189079;8.25863e-06;5.46938e-05;0.000648405;0.000254703;7.55597e-05;0.077156;0.00177799;0.000103061;0.00223423;0.0543609;0.0276624;0.816485
3.92454e-07;0.998358;6.7173e-09;1.58361e-07;2.68812e-08;8.72738e-09;0.00133326;3.6428e-06;6.07388e-08;0.000175176;2.35943e-07;2.36567e-07;8.54348e-07;0.000127782
1.87652e-08;5.79028e-08;0.999997;1.22832e-07;5.40628e-08;2.68869e-08;2.41376e-09;2.62638e-07;9.51064e-09;1.97404e-09;4.13545e-08;2.42636e-06;1.20108e-08;1.87168e-08
6.55493e-05;0.974448;8.58917e-07;2.35737e-06;2.48672e-06;4.35423e-07;6.33783e-06;0.00672783;0.000166123;2.0277e-07;4.80239e-05;0.000760347;0.0155545;0.00221713
2.16368e-05;7.13741e-05;1.164e-06;1.38863e-08;2.16073e-06;1.43201e-08;4.06506e-07;0.99981;2.68487e-05;4.15925e-08;2.46149e-07;5.73063e-05;8.87306e-06;3.43766e-07
1.45161e-06;0.00878707;9.56919e-07;1.4013e-06;0.00112632;0.000304398;5.4206e-07;0.0056779;4.08291e-06;7.17151e-07;3.94199e-07;2.45378e-05;0.000229798;0.98384
3.69229e-10;6.57242e-08;1;2.11586e-10;1.42124e-11;4.29574e-12;4.16876e-09;8.93581e-11;9.50009e-10;5.21089e-11;1.09694e-09;1.95537e-08;2.78354e-09;8.99986e-13
6.28261e-09;8.42254e-07;0.999899;1.33074e-07;1.94215e-06;1.05995e-08;1.47297e-09;2.37059e-05;1.63381e-07;3.02517e-10;8.20348e-08;7.33023e-05;4.62799e-08;5.77502e-07
7.1501e-09;0.000321919;6.34555e-05;7.58652e-08;6.61968e-05;2.51457e-05;1.11277e-09;9.58728e-06;7.54671e-09;2.08884e-07;9.3702e-10;2.61342e-05;1.3159e-08;0.999487
9.00934e-08;0.996381;2.58717e-07;5.8403e-08;8.41107e-06;7.48414e-08;2.22866e-09;0.00329531;2.09296e-10;3.13683e-09;2.96871e-09;8.96091e-07;0.000310525;3.21438e-06
4.96915e-08;0.0169463;8.10899e-05;1.17591e-05;2.67088e-06;0.000204202;1.07461e-09;7.81435e-06;2.90424e-10;8.3093e-08;1.12435e-08;3.20273e-05;0.982703;1.10632e-05
1.15286e-06;0.0219859;9.93556e-06;3.16174e-05;6.86041e-06;5.87872e-06;2.65644e-07;0.883682;3.44137e-06;5.46065e-07;8.67475e-05;0.0900569;0.00412701;1.67137e-06
3.67817e-09;2.48784e-05;3.90004e-07;7.08155e-06;0.0027058;0.996413;1.2574e-08;0.00034465;1.5321e-09;4.64374e-06;6.26614e-08;1.04137e-09;0.0001191;0.00038011
7.08254e-09;4.16091e-10;1;2.03999e-08;5.37507e-12;5.22273e-10;7.70216e-09;1.26174e-10;9.13326e-11;6.78502e-10;9.51365e-09;7.62331e-09;6.27147e-08;3.76923e-12
7.38685e-07;1.69039e-05;0.000247164;1.08053e-05;1.65772e-07;6.74281e-08;3.05214e-08;4.24736e-06;7.06603e-06;2.18867e-09;5.86964e-05;0.99963;2.40529e-05;4.23008e-08
4.52966e-06;0.00231212;1.84727e-07;2.51307e-06;8.33576e-06;4.21191e-06;3.58484e-09;3.16172e-05;1.92419e-06;2.57101e-08;2.27394e-05;1.84268e-05;0.997298;0.000295062
2.50116e-06;0.0125365;9.24041e-08;2.41807e-08;0.00129934;1.27009e-07;6.98325e-11;0.00020301;4.15376e-09;3.04909e-09;7.99497e-09;0.00112413;3.23014e-06;0.984831
4.83881e-08;0.00126997;5.19415e-11;2.01432e-09;0.00172388;5.11643e-09;2.74503e-12;0.997001;7.40501e-10;8.88505e-10;1.7337e-11;6.44458e-08;1.87092e-06;3.33736e-06
5.3056e-10;4.35261e-09;0.999983;1.55875e-08;1.69089e-05;1.15509e-07;5.35353e-13;5.3945e-10;1.43088e-13;5.37026e-09;1.10093e-12;1.47108e-07;3.32642e-11;3.34937e-08
0.000144683;0.922801;0.00159405;0.00017553;0.000310573;6.20735e-05;3.32879e-05;0.0563421;0.00201966;2.59704e-06;0.000566215;0.0002596;0.0134256;0.00226289
