4.88223e-07;0.998645;2.07735e-09;7.56818e-08;1.03957e-07;2.40397e-07;2.31224e-05;0.0011851;5.70332e-07;2.54115e-06;3.66777e-07;6.5841e-10;0.000132186;1.00003e-05
1.01011e-10;3.27413e-10;1;9.61761e-11;2.67933e-12;3.38137e-13;6.72253e-11;1.42119e-12;1.4223e-11;9.34744e-12;9.93936e-11;2.27797e-08;5.14993e-12;1.33624e-12
8.72845e-07;6.25089e-05;0.268988;9.66387e-07;0.000100716;3.5733e-07;7.37181e-07;0.0053952;1.76206e-06;2.97325e-07;2.82686e-06;0.722622;1.475e-07;0.00282335
7.7988e-06;0.595869;1.13438e-05;9.67588e-07;0.00226169;0.000385619;1.70429e-06;0.071179;6.83865e-06;4.09075e-07;2.04549e-06;5.39258e-05;0.040471;0.289748
1.45771e-05;0.0271439;0.00188859;2.95992e-05;0.0409016;0.00507611;9.85568e-08;0.713622;6.52108e-06;2.21659e-07;1.84755e-05;0.185524;0.0113179;0.014456
1.27712e-06;0.393912;1.06552e-05;4.09198e-07;0.00314259;0.00122328;1.66469e-09;0.565173;1.8859e-09;7.23592e-08;3.52846e-09;0.000345065;0.0317313;0.00445955
1.61818e-06;0.079518;4.92e-08;1.23011e-07;4.31907e-06;8.22294e-06;1.01422e-08;0.0209328;1.44097e-09;1.15269e-07;2.43574e-09;6.811e-06;0.899433;9.52693e-05
1.22999e-08;1.02302e-08;0.999999;4.3401e-08;2.91942e-10;4.83397e-09;7.52635e-09;5.51688e-10;7.68446e-09;1.74132e-09;9.86501e-09;6.8746e-07;2.07039e-08;8.57369e-10
1.38808e-05;0.00218259;0.0746613;0.000210996;3.72454e-05;0.00019146;9.38436e-06;0.0435614;3.3381e-05;2.1707e-06;8.22767e-05;0.838312;0.0405907;0.000111436
5.51015e-07;0.0485224;1.05929e-08;2.73576e-06;3.83929e-07;0.000134344;1.56924e-06;0.000135836;2.34917e-07;1.47979e-07;5.13817e-05;9.87722e-06;0.95114;1.59223e-07
1.72715e-07;0.0062692;0.920355;1.23005e-05;0.000436689;6.51838e-05;2.12678e-08;1.24453e-05;1.80976e-11;7.9902e-07;1.56744e-08;0.0716301;4.0829e-06;0.00121412
9.31134e-07;0.171325;2.57938e-08;1.01907e-05;1.99476e-05;0.0138223;3.15904e-05;0.000315816;5.97883e-07;3.10154e-06;1.66558e-05;5.52169e-06;0.814389;5.95798e-05
3.85928e-06;0.890597;0.101083;1.95185e-05;3.20557e-05;0.000174174;8.81365e-08;0.000436757;1.31152e-09;1.34328e-05;3.17343e-09;0.00326673;0.00219542;0.00217813
4.25363e-07;0.00107895;7.87394e-10;3.38913e-05;5.02212e-05;0.000153863;2.17424e-08;0.000215522;4.84922e-08;5.92175e-07;3.37311e-06;0.00025118;0.998208;3.92823e-06
0.000360746;0.781137;0.000225688;0.205812;1.69535e-05;7.89266e-06;0.000123171;3.21397e-05;0.000457142;0.000187563;0.00539149;0.00370328;9.50008e-05;0.00244996
0.00448765;0.972473;2.14247e-05;0.00138848;8.37492e-07;1.21931e-06;8.50436e-05;0.00110267;0.000228873;4.7036e-05;0.00911977;0.00110506;0.00992455;1.43399e-05
3.22413e-08;5.22719e-06;2.62531e-08;4.70069e-07;3.5213e-05;1.5719e-07;5.05768e-11;0.999958;1.15104e-08;1.80726e-07;1.68608e-08;1.10047e-07;6.88139e-09;1.45335e-07
3.46142e-07;8.27489e-06;0.999847;9.63402e-05;3.19856e-06;4.87502e-06;2.2124e-08;1.66896e-08;2.34711e-07;2.83797e-05;1.13219e-05;3.17463e-07;1.34846e-07;2.47905e-08
0.00167056;0.00348947;0.000112;0.000255067;2.84978e-05;5.06595e-06;0.000106028;0.0105326;0.0245095;8.37362e-05;0.955353;0.000793207;0.00306104;3.34604e-07
