3.71308e-06;0.990159;8.38895e-10;1.43058e-06;7.96977e-06;4.57669e-07;7.16535e-06;0.00162766;7.09055e-05;3.52082e-07;0.000161914;7.76989e-05;0.00784651;3.47629e-05
9.6236e-06;0.981211;0.000207746;0.00121043;0.000320266;4.64366e-05;4.25167e-06;1.61468e-05;3.32507e-07;0.000497313;9.58319e-06;0.00123249;0.00017155;0.0150624
0.000365209;0.0251444;3.49328e-07;0.000108074;1.55263e-06;1.05759e-05;0.000288962;0.000120582;0.00104804;3.13775e-06;0.00458695;0.0016949;0.966627;1.40287e-07
2.31364e-05;0.014861;0.983313;0.000207551;0.000169201;2.77085e-05;5.28346e-07;1.27227e-05;1.52273e-07;1.33009e-05;1.00068e-06;0.00115811;4.8783e-05;0.000163569
9.92075e-07;0.000458174;4.20193e-12;9.92265e-08;2.44481e-08;7.08698e-06;1.25443e-07;4.74945e-06;1.12481e-06;3.97289e-09;1.01209e-05;1.54076e-06;0.999516;1.81526e-08
6.87291e-07;5.73392e-05;0.999802;1.05954e-07;1.73378e-07;2.12141e-08;1.6766e-08;6.16248e-07;8.7345e-10;1.14022e-07;1.36095e-08;0.000132807;5.02483e-06;1.24388e-06
2.19581e-06;0.977032;3.34774e-07;5.20031e-06;4.46802e-05;6.82382e-06;4.75078e-05;0.0106533;6.66307e-06;6.57403e-07;9.17705e-06;7.17441e-07;0.0116804;0.000510081
4.11702e-06;0.00140009;0.000120479;6.46162e-05;0.000232953;3.62002e-06;9.33591e-08;0.998122;1.95029e-05;3.75668e-07;1.44758e-05;4.8585e-06;8.25762e-06;4.62529e-06
2.22363e-05;0.113508;0.00672443;0.000277619;0.00121142;0.0015725;7.51533e-08;0.0734307;1.47242e-06;7.55586e-05;4.15181e-06;0.300397;0.000324451;0.50245
5.37472e-05;0.00121798;3.83994e-09;2.6282e-05;8.02186e-06;0.000243922;1.38857e-06;0.904686;0.000245972;1.19009e-07;0.00198902;1.78128e-06;0.0914817;4.4278e-05
2.60862e-06;0.00918255;3.56822e-09;2.96122e-06;1.45429e-07;1.99323e-06;8.6321e-07;0.000711397;5.51787e-06;1.43671e-07;3.30192e-06;3.32224e-05;0.990055;2.08617e-07
1.00033e-06;0.00332859;1.42272e-09;0.000514399;0.000429295;1.18667e-05;5.17286e-08;0.0396606;3.18274e-07;3.79691e-06;3.41109e-06;0.955513;0.00052504;8.78095e-06
0.000704422;0.831449;2.93649e-08;0.000495485;1.27361e-08;2.22552e-07;0.0206887;3.44647e-06;0.00167567;3.29639e-05;0.136622;0.000112234;0.00821495;3.87869e-07
0.000573369;0.95957;4.65618e-06;0.000548106;3.22651e-05;3.9498e-05;0.00312617;0.000722387;0.000257272;8.02604e-05;0.00487672;0.0259103;0.00393947;0.000319284
2.21529e-05;0.999445;1.24026e-10;8.62921e-07;7.73313e-07;1.94144e-07;0.000162084;0.000230144;2.18786e-06;3.53203e-06;1.26735e-05;6.87397e-08;3.36443e-05;8.61536e-05
8.90344e-09;8.41041e-11;0.999997;9.0329e-09;6.66742e-10;3.62598e-12;5.37571e-10;8.78397e-12;2.86102e-08;1.00943e-10;1.54032e-08;2.99573e-06;1.97136e-12;1.87193e-10
5.46139e-05;0.94052;1.20933e-09;6.68532e-07;2.49313e-06;2.34313e-08;3.39622e-06;2.70048e-05;3.84598e-05;4.89957e-08;2.2422e-05;3.42162e-07;0.0592858;4.52086e-05
5.38091e-06;0.0297879;1.08225e-07;1.74706e-07;0.000924972;6.84263e-08;3.40212e-09;0.00838798;2.72743e-07;8.22758e-09;3.06971e-08;0.0773821;0.000747511;0.882764
8.10117e-07;0.00103668;3.13384e-09;9.69366e-07;4.18239e-06;0.00725997;2.89056e-09;6.90967e-05;1.10535e-06;1.43045e-07;1.55566e-07;4.12238e-07;0.991475;0.000151328
1.01631e-07;8.43901e-08;0.999965;1.58355e-07;2.11959e-07;2.40997e-07;2.71395e-10;2.3111e-08;3.74897e-10;9.1188e-08;2.16151e-10;2.99018e-05;5.39084e-09;4.37684e-06
2.74619e-05;0.989291;2.28091e-05;0.000103966;1.77248e-05;3.55266e-05;1.15537e-06;0.00300255;0.000309697;1.01772e-06;9.69841e-05;0.000208162;0.00617046;0.000711787
