4.81421e-05;0.0929381;3.27214e-07;2.23064e-05;0.000664565;9.83237e-05;1.8464e-05;0.0851736;0.000119067;1.65584e-06;0.000179902;0.00579304;0.81476;0.000182036
3.27998e-06;0.933161;1.96289e-07;1.43637e-06;1.39257e-06;2.97966e-05;1.00036e-07;0.0311977;1.34108e-07;3.76985e-07;3.60941e-07;0.032158;0.00341607;2.97658e-05
8.88626e-05;0.84641;1.13241e-06;0.000391576;0.00109936;0.005847;5.25456e-06;0.0204071;3.24806e-05;8.3496e-06;0.000419253;0.00109802;0.0857632;0.038428
0.000150545;0.014489;2.98417e-05;6.71106e-07;2.68249e-05;1.87345e-06;1.47811e-07;0.984247;1.82106e-07;1.02865e-06;7.26144e-08;0.000235505;0.000774214;4.27446e-05
5.19179e-07;0.00356542;2.62469e-05;3.70424e-06;2.05296e-05;4.71786e-05;3.4042e-08;7.20236e-05;7.01034e-06;1.78019e-08;6.89071e-06;0.995786;5.47502e-05;0.000410144
1.1225e-06;0.994635;1.56136e-06;7.69152e-09;2.96565e-08;6.92958e-08;4.81328e-07;1.22613e-06;4.38714e-08;3.73377e-09;7.19491e-07;0.000245327;0.00511419;8.08227e-08
3.20468e-06;0.00623419;2.14594e-07;1.09792e-06;0.007641;2.89137e-05;6.37366e-08;0.0029414;1.95808e-05;4.99071e-08;9.7685e-06;0.982487;0.000224432;0.000409489
1.44182e-08;0.999994;1.50827e-11;6.42875e-11;9.5737e-09;2.63266e-10;4.41825e-06;8.48507e-08;3.18334e-09;7.09519e-08;7.31749e-11;2.39293e-12;6.55703e-09;1.13008e-06
4.32963e-11;8.72495e-12;1;3.40089e-13;3.37841e-11;4.43505e-14;1.47179e-12;3.15428e-11;1.07784e-12;1.35237e-13;2.84277e-14;2.36421e-08;2.02533e-13;1.48285e-13
5.64426e-07;0.0169555;8.6692e-09;2.23194e-07;1.51206e-06;3.67463e-06;4.91971e-05;0.976025;6.21893e-05;1.02587e-06;3.35784e-07;8.3519e-10;0.00690077;4.77163e-08
3.12989e-09;4.96945e-10;1;6.05603e-09;8.16528e-11;4.00536e-11;4.65943e-09;8.65456e-11;7.82073e-09;1.45919e-09;5.4981e-09;1.69911e-07;8.14673e-10;3.6495e-12
9.74403e-07;0.000131222;0.013549;8.3297e-06;1.87243e-05;4.96142e-06;2.66546e-08;0.000267715;1.54898e-05;3.8981e-08;1.25698e-06;0.985974;2.01841e-05;8.09962e-06
1.02078e-05;0.992581;2.42e-07;1.6534e-06;0.00142713;3.79107e-05;2.3791e-08;0.00165557;5.00906e-06;4.11053e-07;3.76057e-06;2.19264e-05;0.00337943;0.000876068
0.000107819;0.0781686;0.00263478;2.74625e-05;0.147905;0.00152749;1.20068e-07;0.0143454;2.40329e-07;6.43638e-06;3.5695e-06;0.751501;0.00238342;0.00138951
0.000202403;0.0167825;0.000534977;4.90409e-07;0.00201173;7.19394e-05;6.22141e-06;0.960109;5.28302e-05;4.1738e-07;6.74389e-07;0.000759818;0.0194605;6.30957e-06
3.18071e-07;0.108627;3.97314e-09;4.13375e-07;5.55469e-06;4.8058e-06;1.02313e-09;0.0018881;1.31044e-07;4.53642e-09;1.67822e-08;1.00414e-06;0.889466;7.10408e-06
1.28928e-05;0.0348899;0.354051;0.000157789;0.00235359;4.7687e-06;1.86281e-09;2.31617e-05;8.62604e-09;1.81608e-06;1.09949e-07;0.603531;0.00260865;0.00236456
0.000305953;0.0444157;1.64093e-07;7.22546e-06;0.00167937;2.69961e-07;0.000117338;0.952492;0.000485811;2.58316e-05;0.000247836;0.000129478;9.16312e-05;1.0432e-06
3.52711e-06;2.90776e-06;0.988688;1.47701e-05;0.000772267;0.000806393;3.44719e-08;0.000146451;1.66514e-07;6.27235e-06;1.11982e-06;0.00944577;0.000110797;1.4129e-06
0.00012968;0.975504;2.9164e-07;1.16601e-07;6.44336e-08;6.87101e-08;0.0224394;0.00180988;1.51691e-05;2.70857e-05;1.25286e-05;1.97979e-05;3.09307e-05;1.05203e-05
6.31302e-09;1.71601e-07;1;1.19219e-08;1.15966e-09;1.80754e-09;3.3025e-07;1.10906e-09;1.82505e-08;3.5046e-09;1.88203e-08;1.24737e-08;1.05806e-08;1.01102e-09
2.45299e-07;9.17569e-07;1.68801e-08;8.83766e-09;1.3716e-08;9.32372e-10;6.13361e-09;0.999992;5.09488e-06;7.11131e-10;2.9687e-07;9.78065e-07;6.25138e-07;4.03796e-10
3.93133e-07;0.991514;1.1172e-07;1.92918e-05;0.000380553;2.98656e-06;1.30007e-08;0.00595473;4.88938e-08;1.25053e-06;2.86593e-07;0.00174117;1.8055e-06;0.000383651
0.000159192;0.00903074;0.000490163;0.0105825;0.00179579;0.0058199;4.32588e-05;6.82964e-05;2.90725e-05;0.000355583;0.00472764;0.954562;9.79519e-05;0.0122383
0.000103209;0.953129;1.51405e-10;1.33361e-06;3.04843e-06;2.33774e-07;3.28572e-06;0.0343216;3.30258e-06;3.1337e-08;0.000181948;4.15885e-05;0.0122102;1.78824e-06
0.000172143;0.995445;1.22391e-05;5.71847e-06;5.71346e-06;3.656e-06;0.000209267;0.000549045;8.52196e-08;0.000332946;5.52573e-07;0.000217565;0.000738967;0.0023077
6.21869e-10;2.84717e-10;1;2.93511e-10;1.56959e-10;6.92696e-10;3.41031e-10;2.57865e-10;2.90503e-10;1.4604e-10;3.32845e-10;4.06264e-08;1.01884e-11;1.10431e-10
6.87582e-06;0.626088;1.1579e-06;1.0265e-05;4.27893e-05;2.28156e-06;3.61815e-05;0.00370947;1.38486e-05;2.46441e-06;0.000291295;0.000245777;0.369539;1.06861e-05
1.93699e-07;0.00262132;1.61831e-07;3.59639e-05;0.000197513;1.18704e-05;1.63416e-08;0.000567676;1.22844e-06;2.55409e-07;2.81127e-05;0.995891;0.000246693;0.000397908
3.41984e-05;0.81372;5.82287e-07;8.00046e-06;1.58998e-05;4.79015e-07;1.91351e-05;0.000213562;6.98177e-06;4.84437e-07;0.00021889;0.0105615;0.17515;5.02374e-05
1.50204e-05;0.843387;6.21301e-09;9.16475e-08;1.09579e-05;1.83352e-06;3.24941e-07;0.000890289;8.26506e-08;1.15431e-07;6.96415e-08;0.00772829;0.147658;0.000307702
3.20582e-05;0.297913;0.000421908;1.74375e-06;1.40825e-05;2.31433e-07;2.87241e-07;0.23011;7.77729e-06;1.504e-07;2.47794e-06;0.46966;0.00183453;1.93907e-06
2.1889e-06;0.155263;2.97114e-07;0.000665917;0.0523327;0.00721206;5.38704e-08;6.53583e-05;3.72668e-06;5.93523e-06;1.65475e-05;0.00428137;0.00274585;0.777405
2.25009e-05;0.000609233;3.39746e-07;3.70943e-07;1.08969e-06;3.57811e-05;4.13553e-07;0.000592324;1.6885e-05;4.09426e-07;1.04284e-05;0.000377895;0.998331;1.57415e-06
1.81694e-06;0.999151;3.88252e-08;1.58513e-07;3.09244e-08;3.59958e-07;5.08587e-05;3.09147e-05;6.26704e-08;1.8183e-05;1.58137e-07;1.37582e-06;0.000734517;1.04253e-05
1.37331e-06;1.84905e-05;0.99972;8.57816e-06;3.42361e-07;3.29859e-06;1.00824e-05;6.36755e-07;7.43072e-06;2.26924e-06;8.61238e-06;0.000216995;1.08675e-06;1.16926e-06
2.46906e-07;0.999716;1.18098e-09;1.48654e-09;1.05391e-09;3.87317e-10;1.87388e-07;2.83174e-06;7.40028e-09;2.97573e-09;1.60034e-08;4.24714e-06;0.000276666;2.8713e-10
9.95937e-09;0.000695009;9.53443e-09;7.60473e-07;6.1836e-06;1.55367e-06;3.13649e-09;0.00036352;7.84952e-08;2.89448e-08;3.46457e-07;0.998469;1.03921e-05;0.000453596
1.63927e-05;0.830166;9.09255e-08;0.00034739;3.54395e-05;5.9156e-05;0.000761603;0.0388625;0.000612966;9.87262e-06;0.00549012;8.78423e-05;0.123481;6.97447e-05
0.000391537;0.539348;0.00344469;7.25506e-05;6.46604e-05;4.54801e-07;1.9932e-06;0.00268497;3.27481e-06;1.07119e-06;3.23167e-06;0.445564;0.00811275;0.000306788
4.55383e-05;0.0068649;1.90661e-07;1.62243e-05;0.000356448;0.000201277;0.00180099;0.000211452;9.80048e-06;0.00132304;3.71196e-07;1.86794e-09;7.38339e-07;0.989169
1.84949e-08;1.40976e-09;0.999999;2.52591e-08;2.25174e-09;1.10178e-09;3.01409e-08;7.11758e-11;8.53596e-09;2.40693e-09;4.91411e-09;6.70905e-07;4.62279e-10;2.93219e-09
5.45172e-05;0.967367;1.08416e-08;0.00010394;5.39e-06;2.45984e-05;0.0001025;0.00224177;0.000995753;3.55999e-05;0.00119457;9.35532e-06;0.0278606;4.06585e-06
4.03384e-05;0.00181853;0.031449;0.000358343;4.55096e-05;2.4858e-06;1.15541e-06;2.83686e-05;1.12029e-05;2.56554e-06;5.1277e-05;0.966066;7.16407e-06;0.000117694
0.000347473;0.913476;1.25547e-07;9.64959e-06;6.51408e-07;1.96737e-05;0.00121753;0.0229101;0.0036146;1.43708e-05;0.00284276;0.000172572;0.0553734;7.29213e-07
1.49881e-05;0.994907;6.14604e-07;6.52114e-05;2.19771e-05;3.19267e-05;7.17104e-06;0.000517622;1.16087e-05;1.42139e-05;0.000112038;0.000338756;0.00183279;0.00212386
0.000493883;0.0169264;2.90459e-05;1.83868e-05;0.000549968;4.70973e-06;6.95254e-07;0.970732;9.36684e-06;1.2045e-05;1.16044e-06;0.00355413;0.0076545;1.40717e-05
4.05757e-06;0.00773876;1.40605e-05;1.05019e-05;0.000354422;1.43295e-05;3.6547e-08;0.00051381;0.000138031;2.94477e-08;2.62455e-05;0.990507;0.000339532;0.000339489
5.81933e-06;0.987653;2.36094e-06;9.66617e-06;0.00104366;4.74486e-05;4.76325e-07;0.00320923;9.21557e-06;2.56298e-06;1.58546e-05;0.00177164;0.0060558;0.000173132
2.99528e-06;0.0020401;8.57884e-05;1.23037e-05;0.000215326;3.80801e-05;2.87866e-07;1.03789e-05;4.94693e-06;2.39297e-06;1.91589e-05;0.9929;0.00465889;9.02211e-06
0.00210109;0.00902593;1.79059e-07;3.78604e-05;0.000508866;0.00012049;6.94754e-07;0.599478;0.0027237;1.88663e-06;0.000207756;3.7185e-05;0.385756;3.35326e-07
3.5394e-05;0.966341;7.64552e-09;5.53542e-08;4.8658e-08;1.76487e-08;5.19116e-07;0.0318627;1.3907e-07;1.92044e-07;2.84973e-08;1.05047e-05;0.00174877;6.91035e-07
3.02105e-07;0.942746;5.05636e-08;3.85734e-08;1.53068e-09;9.93769e-09;0.0569525;1.09653e-06;3.76022e-07;0.000210306;1.89333e-08;3.04105e-08;5.40488e-07;8.82333e-05
1.66867e-11;2.41218e-13;1;2.60764e-09;6.23913e-12;7.89959e-12;2.43917e-08;2.27698e-12;1.77146e-09;2.63963e-10;9.48303e-09;4.23702e-09;2.92831e-14;1.30223e-12
1.91301e-06;0.994649;2.40395e-08;1.58883e-06;1.52943e-07;2.90189e-07;0.00143334;0.00374998;2.1171e-06;3.14018e-05;2.90176e-05;3.51734e-10;4.84776e-05;5.2862e-05
2.97983e-11;4.17087e-11;1;1.99494e-11;3.66994e-13;3.55504e-13;1.49462e-10;3.01349e-14;3.8744e-11;8.94434e-12;5.28529e-10;5.20402e-09;4.33298e-13;2.10191e-13
0.000120227;0.00428739;0.000239681;0.00017315;0.00314598;0.00136605;7.7857e-06;0.119513;0.00929885;9.77902e-06;0.0161854;0.834669;0.0026275;0.00835619
5.71259e-05;0.656552;3.53454e-05;5.43666e-06;0.00217006;0.000353146;6.38679e-06;0.159209;0.000281985;1.22439e-05;0.00190761;0.00773675;0.138924;0.0327484
2.36454e-05;0.00623399;3.53745e-06;0.000119732;9.23727e-05;1.19794e-05;9.30094e-06;0.0016965;0.00229795;8.05429e-06;0.0121568;0.949626;0.0276311;8.87903e-05
7.98136e-07;4.27368e-06;6.07298e-10;2.7092e-10;1.72171e-08;2.02487e-09;3.92169e-09;0.999993;1.39543e-07;1.36118e-09;5.16605e-09;4.69437e-09;1.69549e-06;1.76535e-10
3.01039e-07;0.00288867;1.91555e-05;1.92286e-05;0.00801291;0.00661868;4.14478e-07;0.000522425;2.6782e-07;5.50093e-05;2.47908e-07;4.49004e-06;9.9387e-05;0.981759
2.73753e-09;1.25989e-08;1;1.45465e-09;6.2015e-12;1.43598e-12;7.2949e-08;3.01105e-10;2.78174e-08;5.65292e-10;3.8658e-08;2.62309e-09;9.14969e-10;1.8936e-12
9.13852e-06;0.185122;0.0073948;5.19456e-05;8.58277e-05;9.1631e-06;1.17313e-05;0.00160742;0.0011682;1.83074e-06;0.000247411;0.79859;0.00561261;8.71709e-05
3.47186e-08;0.999845;9.42901e-09;7.6572e-09;1.79248e-08;4.643e-07;1.99751e-05;5.32284e-05;9.24844e-08;1.8637e-06;1.03284e-07;3.83866e-09;7.85648e-05;4.10102e-07
4.08877e-13;7.5661e-12;1;3.64014e-11;9.18253e-11;1.64894e-11;2.82046e-13;2.02842e-13;1.05581e-14;1.65016e-12;9.39862e-14;9.79604e-08;3.2713e-12;6.60018e-10
2.008e-06;0.00897812;3.3165e-06;1.16174e-05;0.000640948;0.00017822;1.22033e-07;0.989681;3.99783e-07;1.57779e-07;1.75938e-07;2.47355e-05;0.000238777;0.00024046
1.29609e-08;0.996197;1.01341e-11;3.38488e-09;1.16534e-08;3.24386e-08;1.77703e-06;5.92058e-06;2.06337e-09;6.56286e-07;1.18245e-09;1.73017e-07;5.24766e-07;0.00379376
0.000537296;0.216471;0.0314489;0.0499307;0.00192296;0.00227193;0.39376;0.00062074;0.0117908;0.00711103;0.0290514;0.00689862;0.247848;0.000336886
5.47239e-07;0.000199657;1.52132e-10;2.36645e-07;1.63028e-07;2.07015e-09;3.77673e-08;0.999797;7.72291e-07;1.28576e-08;4.09005e-08;2.58027e-08;1.31777e-06;1.57502e-10
5.13157e-07;3.98577e-05;4.68453e-05;3.17834e-05;1.44008e-05;2.89268e-07;7.84733e-11;6.39669e-06;1.46273e-06;1.15192e-08;2.68925e-07;0.999853;4.27035e-08;5.35036e-06
0.000481987;0.00203981;4.34904e-08;8.88546e-06;0.000578772;4.93708e-05;1.19428e-08;0.000239016;8.21903e-05;9.6387e-08;2.81016e-05;0.00016072;0.995147;0.00118372
9.1886e-05;0.0495966;2.83688e-06;4.72613e-08;0.00262276;8.57629e-08;4.97236e-11;0.000668911;9.19663e-08;3.76108e-09;3.61354e-09;0.0029077;1.23912e-05;0.944097
5.17818e-08;0.000409102;1.2645e-11;6.88673e-10;0.00082419;5.8357e-10;6.63825e-13;0.998765;8.3786e-10;1.82257e-10;6.08656e-12;2.90915e-08;3.40313e-07;1.43927e-06
2.40101e-09;3.72973e-08;0.999855;1.10376e-07;0.000142845;5.69832e-07;1.71021e-12;6.50415e-09;8.51531e-13;3.57053e-08;5.8133e-12;1.07483e-06;2.63122e-10;8.96465e-07
4.95311e-05;0.977713;0.00079127;0.000128693;0.000114549;1.9857e-05;8.06739e-06;0.0153;0.00018006;1.52673e-06;0.000274354;0.000480503;0.00302092;0.00191743
