1.19252e-06;0.986747;7.08349e-10;1.59231e-06;4.38244e-06;4.19705e-06;4.87558e-07;0.00439548;5.75898e-07;2.39528e-07;2.01431e-06;8.97811e-06;0.00882484;8.99232e-06
1.45284e-06;0.996102;8.32257e-07;5.24011e-06;2.46986e-08;5.80226e-08;8.53797e-07;5.99112e-07;1.99424e-07;3.05609e-07;6.9827e-07;0.00265547;0.00123229;4.79196e-09
0.00178247;0.00625442;0.000425253;0.00133792;0.00502534;0.000322938;2.33666e-05;0.389436;0.00104875;0.000112048;0.000651619;0.590237;0.00192233;0.00141993
6.88476e-06;0.992295;2.21639e-05;2.84295e-07;3.33987e-08;8.39587e-08;0.00757882;6.40818e-06;4.19627e-07;6.36363e-05;2.54834e-07;4.63119e-08;1.139e-05;1.50013e-05
7.6227e-12;1.85062e-13;1;2.74222e-11;1.0646e-11;5.32986e-12;6.84851e-11;2.56409e-12;1.22738e-11;2.54317e-12;1.66537e-11;1.64121e-11;1.20019e-11;2.75551e-13
9.49755e-05;0.418882;0.0186742;0.000146026;0.00108598;0.00501126;0.00989434;0.356434;4.88035e-05;0.00284493;1.79317e-05;1.36836e-05;0.154964;0.0318885
1.0937e-10;3.43182e-11;1;5.24686e-10;9.07082e-10;9.26916e-10;2.02267e-10;2.05962e-12;9.33036e-11;4.99667e-10;2.52873e-10;3.5622e-08;4.86917e-11;3.25947e-10
0.000123068;0.000343453;0.347363;0.000252804;0.0235881;0.000245527;5.06891e-06;0.191628;0.000261687;5.05561e-06;0.000180232;0.434555;2.08788e-06;0.00144691
3.56615e-05;0.00286694;0.0753382;1.37568e-05;0.012863;0.197353;1.06582e-08;0.0395617;1.49688e-07;1.10216e-06;1.08248e-07;0.0020549;0.00125182;0.668659
0.000621386;0.0742366;0.0035871;0.000153715;0.00982707;0.00863103;3.053e-06;0.00271529;0.000124976;1.69354e-06;0.000247371;0.781149;0.062473;0.0562292
0.000199771;0.332239;0.000117608;1.08953e-05;0.0152032;0.000534189;1.66186e-09;0.418713;2.34468e-06;1.39683e-08;4.73779e-07;0.0193065;0.213435;0.00023706
5.69105e-06;0.0854708;3.41983e-08;1.08263e-07;1.56221e-05;8.71918e-05;6.70457e-08;0.0755898;6.68207e-08;1.08206e-07;9.66355e-09;9.87867e-09;0.838829;1.64344e-06
2.39891e-09;1.52708e-10;1;2.61947e-09;6.94497e-11;1.14339e-11;4.34597e-11;1.58763e-10;5.99966e-11;8.24152e-11;3.52932e-11;2.176e-08;5.28664e-11;2.54973e-12
8.18955e-06;0.00332163;0.000376494;0.000287842;5.43474e-06;1.75207e-06;1.64304e-07;0.000435331;0.000135653;1.68316e-07;2.37108e-05;0.995389;9.4773e-06;5.07133e-06
3.23762e-05;0.995283;9.82153e-07;3.08697e-06;1.49483e-05;1.48418e-05;4.04386e-08;0.00388071;6.7721e-07;8.44646e-07;7.99942e-07;0.000214814;0.000527901;2.48698e-05
1.35066e-05;0.00519802;5.33759e-06;6.56791e-07;0.00606822;0.00012489;1.14149e-08;0.0522292;9.13568e-09;1.19312e-06;2.47116e-07;0.877048;0.0138829;0.045428
1.45249e-07;0.000137439;3.68912e-09;1.09965e-05;0.000321127;0.123223;5.92213e-09;2.14625e-05;7.08965e-07;7.67561e-07;5.01991e-07;4.61763e-07;0.875478;0.000805605
7.43887e-07;8.52102e-05;0.999907;6.15204e-07;1.09646e-07;1.32533e-08;3.1904e-08;2.52057e-07;6.0631e-09;2.84532e-07;3.11155e-09;4.45226e-06;8.12811e-07;3.87636e-09
0.000165854;0.668763;1.85474e-05;0.00645548;0.00398637;0.00204735;6.42367e-05;0.24052;0.0152495;7.47603e-05;0.0040339;0.000153403;0.0545488;0.00391873
