3.49812e-06;0.0180696;4.10042e-09;1.77059e-06;6.88886e-06;1.67034e-05;5.60689e-07;0.000419803;3.31393e-06;3.64534e-07;1.54723e-06;6.95533e-06;0.981466;2.63508e-06
1.47456e-06;5.83328e-05;1.26409e-06;6.43787e-05;7.10697e-05;2.28654e-05;4.53613e-08;0.000194818;7.55206e-07;3.75593e-07;1.55685e-05;0.999308;0.000121792;0.000139769
8.27822e-06;0.999834;6.60807e-09;1.00659e-07;1.52772e-09;2.19286e-08;5.57523e-05;9.0921e-05;1.91936e-07;1.79273e-06;3.16315e-07;3.25355e-10;8.07691e-06;4.73973e-07
4.26268e-11;8.75373e-11;1;4.99802e-11;5.46809e-12;5.45722e-12;8.64635e-11;4.61356e-14;8.50786e-12;2.59928e-11;2.49322e-11;1.60423e-09;1.98895e-13;3.87364e-12
2.30435e-07;0.990974;1.52674e-10;4.29996e-10;1.22676e-10;3.79555e-09;2.15972e-06;2.33525e-08;3.12471e-08;2.80926e-09;7.38868e-08;7.4016e-05;0.00894952;2.02539e-11
1.27056e-05;0.139712;0.000637698;2.27487e-05;0.000279929;0.000468321;3.07357e-06;0.788496;1.73439e-05;7.8651e-06;2.12357e-06;0.0497963;0.0198512;0.000691917
0.000212997;0.153823;9.14334e-05;0.00913898;0.00212782;0.0212959;0.00159031;0.000837363;0.0327685;0.000163402;0.0830879;0.641553;0.0116328;0.0416766
8.52435e-06;0.000566512;3.91742e-08;2.4031e-07;0.000103264;4.2239e-09;5.94857e-08;0.999297;6.16805e-06;3.31885e-08;1.04173e-06;1.19254e-05;1.4322e-06;3.34228e-06
3.05958e-05;0.00244566;0.992337;0.000134586;0.000191148;4.93919e-05;1.0245e-05;1.29209e-05;7.87003e-06;0.000138278;1.5726e-05;0.00441322;0.000156562;5.73654e-05
1.55247e-05;0.990226;6.24279e-07;5.01729e-08;7.9498e-07;2.32727e-07;0.00842373;7.07652e-05;8.80126e-07;0.00019361;5.19117e-07;7.2536e-08;1.04213e-05;0.0010564
1.7423e-10;2.28843e-11;1;5.3089e-10;2.61613e-10;2.49989e-10;2.81945e-09;4.80248e-12;5.63038e-10;1.28047e-09;1.1318e-09;1.18646e-08;8.49075e-13;1.56418e-10
2.30801e-06;0.134329;3.9753e-11;2.87881e-08;1.5457e-09;2.49159e-08;8.88206e-05;1.56911e-06;6.77899e-05;5.63868e-08;1.89976e-05;2.26524e-06;0.865489;4.41068e-10
3.73608e-07;4.01365e-05;0.939442;1.1749e-05;7.87042e-06;3.25482e-07;3.13528e-08;3.1733e-06;7.08883e-08;1.55044e-07;1.26746e-07;0.0604678;3.57562e-06;2.30309e-05
3.13418e-07;0.16578;4.74644e-10;1.67084e-07;1.66485e-06;4.42783e-08;1.51662e-07;0.833921;2.3282e-06;2.96717e-08;1.33982e-06;7.30434e-06;0.000285731;8.81251e-08
6.0929e-05;0.748713;0.0708586;0.0573036;0.00356045;0.0309935;4.06644e-05;0.00455195;8.02987e-06;0.0133505;0.000612769;0.0356182;0.0203069;0.0140215
0.000894542;4.02874e-05;8.45638e-08;1.33408e-06;4.75144e-07;3.09517e-08;4.35529e-05;0.992692;0.0041645;5.6645e-08;0.000409441;0.000122384;0.00163119;6.3422e-09
2.70415e-05;0.890022;3.74179e-06;0.00128082;0.0290821;0.000552018;3.95918e-08;0.0388464;5.12461e-05;1.38435e-05;3.82063e-06;0.021864;6.37836e-05;0.0181889
0.00171293;0.103499;0.00336847;0.0214471;0.0364976;0.0495213;1.59514e-05;0.000401237;0.000305036;0.00114264;0.000772214;0.0275257;0.00666103;0.74713
0.0186883;0.145911;2.41989e-05;8.10818e-05;0.000705989;6.01089e-05;3.13505e-05;0.721754;0.00578523;3.24971e-06;0.00503817;0.016491;0.0853889;3.69808e-05
0.000845609;0.608347;0.0449547;0.000194127;0.0020801;0.00077692;3.31409e-06;0.1776;5.71272e-05;5.39513e-05;0.000104479;0.0144797;0.149016;0.00148704
0.000148057;0.0712011;0.00351499;0.00588245;0.0589704;0.0249074;3.28683e-05;0.277639;0.000126394;0.00103468;0.0044622;0.136701;0.0715309;0.343849
2.1291e-05;0.304986;1.96411e-07;2.08244e-06;2.19664e-07;1.09965e-06;0.681966;2.95207e-06;8.38735e-07;0.0126325;8.31796e-05;4.62549e-08;9.27515e-05;0.000210396
2.97835e-10;7.25111e-11;1;4.44003e-09;2.16249e-11;5.78363e-10;4.41071e-08;1.02727e-13;5.60344e-09;7.65634e-09;8.74292e-08;2.88382e-09;3.78394e-12;2.04e-11
1.33687e-05;0.999525;4.70851e-07;2.89144e-07;7.04266e-09;8.28314e-10;2.59136e-05;5.49775e-05;1.66767e-05;8.78832e-07;0.000302244;6.72071e-06;5.38437e-05;3.45056e-10
4.66129e-09;0.999887;4.01992e-13;1.10027e-07;6.0955e-07;8.07433e-10;1.48039e-08;1.17437e-07;6.6396e-09;2.11995e-06;1.31332e-08;2.7422e-06;2.29372e-09;0.000107532
2.79668e-07;2.60937e-06;0.999975;7.2498e-08;2.29755e-10;1.34649e-09;2.80112e-07;8.16321e-08;5.71152e-08;2.03822e-08;9.32724e-07;6.72764e-06;1.39504e-05;1.27599e-10
6.77854e-07;0.99457;1.01379e-07;1.6047e-08;6.50408e-09;7.79428e-09;0.00529369;6.8257e-06;2.27365e-07;8.49263e-05;1.05537e-07;5.21891e-10;1.81006e-07;4.27851e-05
1.86089e-10;1.509e-12;1;1.33179e-10;1.14737e-09;2.34892e-11;2.25201e-10;8.17279e-11;1.7961e-10;7.33024e-11;4.10919e-11;1.49322e-07;2.87035e-13;1.61595e-12
0.00124743;0.0265567;2.82919e-05;2.77716e-05;1.81717e-05;9.61381e-05;0.000107469;0.700779;0.0325053;3.7215e-06;0.00201875;3.31431e-05;0.236564;1.38528e-05
0.00496305;0.0389389;7.44349e-06;2.01942e-05;0.000211173;2.78174e-06;0.00017384;0.438695;0.441492;3.15912e-05;0.000765523;0.0726256;0.00109531;0.00097766
0.000285038;0.619264;0.254758;6.3033e-05;0.000105554;3.16953e-06;3.1355e-06;0.000932988;1.35337e-06;0.000313603;1.31997e-06;0.000348503;0.122926;0.000994943
6.078e-05;0.78337;7.94729e-05;7.66912e-07;7.34458e-06;1.70951e-08;1.62006e-05;0.0304693;0.00011459;8.30646e-07;5.81637e-06;0.184639;0.000500298;0.000735681
2.68577e-05;0.0107942;8.26223e-06;0.000103131;0.0221739;0.000200247;4.92091e-05;0.0178081;0.00161801;3.26218e-05;0.00353393;0.940567;0.00254382;0.000540626
0.000287874;0.0566249;1.33809e-05;3.59903e-07;1.28694e-05;1.23127e-06;4.31089e-06;0.176089;4.94024e-05;6.97871e-07;2.07019e-06;0.00347836;0.763435;7.06213e-08
8.20054e-05;0.169816;9.97506e-07;8.43209e-05;0.000147002;0.000183847;4.02967e-07;0.0766423;0.000196783;7.64851e-06;4.82174e-05;0.00233308;0.749841;0.000616736
2.06597e-05;3.30455e-05;9.02118e-10;1.60586e-07;6.88301e-08;7.67238e-08;2.77266e-07;0.999579;0.000301799;7.12544e-08;5.16369e-05;5.75419e-07;1.25893e-05;3.53633e-08
3.7955e-06;0.434746;2.53395e-06;1.83276e-05;3.60929e-07;5.34762e-06;0.000719379;9.92784e-06;5.25223e-08;0.00940725;4.72892e-07;1.32966e-05;3.14756e-07;0.555073
1.48571e-07;6.17148e-09;0.999973;3.89497e-07;2.66081e-09;1.2309e-08;2.37892e-06;5.14485e-10;1.38333e-06;1.77399e-08;2.15061e-05;1.09136e-06;9.47314e-11;1.08758e-08
4.35599e-06;0.970115;1.65564e-08;1.05925e-08;1.17942e-09;1.12981e-08;5.25695e-06;6.78061e-05;7.39213e-08;7.10794e-09;1.60025e-06;1.1491e-05;0.0297948;1.526e-09
9.82624e-08;0.000490753;6.24239e-10;4.03706e-07;0.000457093;1.21913e-06;1.07112e-08;0.0234752;4.63581e-07;3.10827e-08;1.00753e-06;0.975539;2.02962e-06;3.30744e-05
2.09439e-07;0.996095;2.98559e-05;1.65177e-06;2.24971e-06;3.21233e-06;5.09034e-08;0.000140919;4.45109e-10;6.8218e-08;8.81996e-08;4.37993e-06;0.00372218;5.82947e-07
8.10934e-06;0.0039865;3.71106e-08;1.71397e-05;4.48405e-05;0.000798712;1.85491e-06;0.00269899;1.38056e-05;1.525e-06;6.45216e-05;0.000356902;0.991416;0.000591322
3.42708e-06;0.000506765;0.999223;1.62685e-05;0.000152843;7.57056e-06;4.92112e-08;1.73664e-05;7.06131e-08;1.27597e-06;1.69269e-08;2.16144e-05;8.45107e-07;4.93487e-05
1.75339e-06;0.697111;2.62643e-09;2.4911e-06;2.1281e-07;1.26569e-06;1.86875e-08;5.51258e-05;2.21642e-06;2.24099e-09;4.76148e-06;1.87161e-05;0.302729;7.32579e-05
1.13757e-05;0.118462;5.34092e-08;3.3559e-06;1.80067e-05;4.93388e-07;2.03047e-08;0.877769;4.48654e-06;6.71789e-07;1.27212e-06;0.00312747;0.00048761;0.000114506
4.47365e-06;0.0221349;0.89125;0.000149413;0.0560372;0.000108094;8.32138e-09;0.000166659;2.35494e-09;6.9049e-06;2.33199e-07;0.019694;0.00879524;0.0016527
2.70313e-07;0.495941;1.81671e-11;1.64672e-08;7.95651e-08;2.81176e-09;0.000109595;2.4449e-07;4.51241e-08;1.08317e-06;4.72295e-08;1.31853e-06;1.03287e-06;0.503945
0.000122641;0.0690964;0.000187574;3.442e-05;1.76206e-06;3.1562e-06;0.907796;0.000351038;0.00157856;5.52254e-06;0.0154799;0.000141566;0.00520062;4.0077e-07
1.79058e-08;0.584302;5.32314e-12;1.31149e-09;4.23572e-11;1.72002e-07;6.34222e-08;1.74361e-08;2.80398e-10;9.33755e-10;1.38192e-09;1.57523e-08;0.415698;2.61057e-09
1.79283e-06;0.000190722;0.971851;6.10753e-06;7.87747e-06;2.05494e-06;1.03234e-08;0.000576168;2.24314e-08;2.10074e-07;1.89554e-08;0.0272738;1.81304e-06;8.84282e-05
0.000194431;0.409412;1.53459e-06;0.000339611;0.00118372;0.00620196;0.00066918;0.032477;0.00176584;0.000111281;0.0228279;0.000109295;0.520948;0.0037577
0.000506526;0.82902;3.98227e-05;5.67511e-05;0.000111412;0.000116854;0.103618;0.00177779;1.27198e-05;0.0184242;0.000240283;3.39779e-06;0.0145882;0.0314848
4.92133e-11;5.89804e-13;1;1.50769e-10;3.69663e-12;2.1834e-12;1.74377e-10;1.21451e-13;5.9941e-10;2.43015e-11;4.80819e-10;1.99439e-10;3.16127e-14;1.40673e-12
0.00174947;0.914404;4.65717e-05;7.82652e-05;7.50183e-06;2.17759e-06;0.00247567;0.0251526;0.0203147;0.000130145;0.00451588;0.000413115;0.0306334;7.66647e-05
3.05337e-05;0.100366;1.13275e-05;0.000344602;0.000511558;0.000125993;3.23433e-05;0.00231028;0.00190223;3.55258e-05;0.00285699;0.883354;0.00391788;0.00420044
0.00124714;0.516365;6.1043e-08;0.00337627;0.00144284;0.000631965;0.000377312;0.00569966;0.010835;0.00223216;0.0139723;0.00223162;0.402412;0.0391767
0.00259682;0.0222275;0.901096;0.000378247;6.2286e-05;1.11902e-07;2.28511e-05;0.00182026;7.6137e-05;5.97136e-05;0.00016476;0.0714243;7.02989e-05;3.61461e-07
1.22008e-05;0.00324817;4.69881e-07;4.54182e-07;1.18254e-09;2.9043e-09;0.994324;5.22499e-07;0.000101066;0.00223862;7.36101e-05;4.89872e-09;1.65711e-07;3.54032e-07
1.39678e-08;2.40393e-09;0.999998;1.1327e-07;3.7143e-10;1.56838e-09;3.46298e-07;6.90121e-10;1.69156e-07;1.93898e-08;1.66562e-07;8.50604e-07;3.44478e-11;2.82127e-10
3.49905e-06;0.98479;2.69028e-11;5.64595e-07;4.36059e-09;3.52112e-08;1.37316e-05;3.03598e-06;5.80942e-05;9.0608e-08;4.50377e-05;3.376e-06;0.0150827;9.31621e-10
0.000435468;0.0913166;0.0165771;0.00232105;2.55696e-05;4.73589e-05;2.83236e-05;0.00152721;8.38036e-05;8.23163e-05;9.51178e-05;0.882577;0.00127098;0.00361206
1.06852e-05;0.985174;5.33327e-08;1.44326e-05;1.61877e-05;3.61831e-05;2.81547e-06;0.00954722;6.53741e-06;9.3755e-07;1.54887e-05;0.000163573;0.00500583;6.14971e-06
0.000223296;0.0657429;0.00493418;0.000421097;4.28161e-05;0.000105573;1.08487e-05;0.640056;0.00273188;1.46003e-05;0.00101421;0.277112;0.00757323;1.70171e-05
0.00977172;0.168901;0.000602166;0.00294885;0.00061428;0.00118758;0.00330907;0.00282326;0.347485;0.000406515;0.0282436;0.333384;0.0971956;0.00312774
0.00447963;0.592954;7.18796e-06;2.11433e-05;0.000140512;3.90463e-05;0.000891332;0.179846;0.0191594;4.11755e-05;0.0012009;0.0274031;0.173614;0.000202573
1.91791e-05;0.031115;2.94532e-07;9.424e-05;0.000278705;2.33866e-05;8.05031e-08;0.00154869;0.000506025;8.72448e-07;3.73517e-05;0.958425;0.00291647;0.00503439
0.000835575;0.0246155;2.1325e-08;6.51123e-05;0.000167862;1.04038e-06;2.93727e-05;0.956924;0.00390556;1.88237e-05;0.000373255;0.000966113;0.0120922;5.89829e-06
5.34934e-05;0.0048439;0.926382;0.00024621;0.00274427;3.76313e-05;7.52423e-07;7.09826e-06;1.83146e-06;3.11874e-05;1.10016e-05;0.0620979;0.000523299;0.00301913
0.000299245;0.00747983;4.62089e-06;0.000193671;2.19693e-05;5.4313e-06;0.00138153;0.00992279;0.434696;1.31176e-05;0.538563;0.00241518;0.00423902;0.000764308
1.29813e-05;0.995865;3.70236e-07;7.1185e-06;2.4094e-05;1.15614e-06;2.974e-06;4.68518e-05;4.08154e-05;1.36114e-06;9.31531e-05;0.0028389;0.000840913;0.000223924
1.92138e-06;5.13891e-06;7.4597e-11;4.01157e-11;1.4454e-08;2.8479e-10;1.19173e-09;0.999983;3.04451e-07;2.54244e-10;3.99496e-10;3.16093e-09;9.80347e-06;5.08285e-10
4.76138e-08;6.85133e-05;2.57785e-06;2.18668e-06;0.00100247;0.000831706;4.06638e-10;5.19263e-06;8.05249e-08;6.56172e-08;8.80144e-08;0.954143;7.06623e-06;0.043937
2.23238e-06;0.0262656;8.02254e-08;2.12831e-07;4.54895e-06;4.55109e-07;7.89162e-09;0.000292037;1.15108e-07;6.53451e-09;5.12328e-06;2.34558e-05;0.973406;2.45982e-07
2.24824e-05;0.810564;1.85903e-07;6.84948e-05;1.39587e-05;5.12085e-05;4.96757e-06;0.0032286;0.000678131;3.53503e-06;0.000154194;0.00449773;0.180216;0.000497421
0.000190075;0.324844;0.00526983;0.00525597;0.00293205;0.00698663;0.00047418;0.0418355;1.28666e-05;0.00156954;0.000100626;0.237794;0.302926;0.0698083
0.000112982;0.517821;0.000311961;0.00629258;8.68521e-06;6.63453e-05;0.00975308;0.000522304;0.00165235;0.000390288;0.440375;0.00876142;0.0138835;4.9399e-05
4.07721e-06;0.996232;1.34901e-08;7.12918e-07;1.3562e-09;6.79789e-08;0.000308669;3.39329e-07;1.90712e-06;2.04628e-06;0.000214756;0.00012618;0.00310903;1.04777e-08
8.2158e-05;0.20995;0.0032192;0.00363493;0.000267689;0.000136778;0.000111362;0.00259318;7.01557e-05;0.000257473;0.000513981;0.778179;1.02452e-05;0.00097375
0.000234509;0.866762;1.59253e-05;0.000138731;0.000120781;1.79834e-05;2.48352e-05;0.0056646;0.000204476;9.34582e-06;0.00919403;0.000600085;0.117007;6.02539e-06
4.90438e-05;0.574803;0.000295131;1.80399e-05;0.000117229;3.80657e-06;3.1748e-06;0.286365;1.37338e-05;1.63882e-05;0.000998064;0.13608;0.00118323;5.41683e-05
7.645e-06;0.0825739;2.93106e-06;2.42558e-05;7.54183e-06;1.9342e-06;0.486246;1.48378e-06;2.82477e-05;0.428283;0.000118908;7.63143e-08;2.03879e-08;0.00270402
3.49239e-08;1.6173e-07;0.999999;9.14949e-08;4.89101e-10;2.19585e-10;7.8439e-08;4.02465e-10;2.18724e-08;1.52542e-08;8.35595e-08;3.12526e-07;7.44441e-09;2.14231e-10
1.28485e-06;0.55381;4.95289e-08;1.38071e-08;3.20364e-09;1.02385e-08;2.42802e-06;7.72998e-06;8.1419e-08;5.62574e-08;3.01323e-06;0.000450932;0.445724;5.65399e-10
3.13958e-05;0.00746601;6.23252e-05;0.00161717;0.00374603;0.00725359;3.96298e-05;0.14174;0.000328481;8.48773e-05;0.00940415;0.436847;0.389252;0.00212803
0.00185339;0.423525;0.00756057;0.00656102;0.00051404;0.00212451;0.000267744;0.444545;0.0110253;6.01163e-05;0.0683769;0.00172296;0.0281093;0.00375418
0.000157545;0.595298;8.03268e-05;0.000144785;0.000674445;0.000367937;1.04478e-06;0.282434;0.000301041;3.88559e-06;0.00087025;0.116164;0.00119575;0.00230706
0.000101311;0.998809;1.59714e-06;5.06099e-07;0.000153356;3.41374e-06;1.56036e-06;0.000628933;4.85151e-06;2.11575e-06;8.09797e-06;0.000149693;5.42468e-05;8.10641e-05
0.000129927;0.00623626;0.000216269;4.1623e-06;0.16302;0.000238582;1.41248e-08;0.0281819;9.60169e-08;4.99014e-07;2.48439e-07;0.798147;0.00310849;0.000716516
1.25362e-06;0.00420981;9.04662e-08;1.67403e-08;7.39043e-07;2.62021e-07;4.32549e-08;0.992633;1.49329e-07;2.03456e-08;2.43447e-08;7.05221e-09;0.00315407;2.37923e-07
5.84735e-10;6.31155e-09;1;1.27064e-09;4.69137e-10;4.53281e-10;6.44769e-11;2.68856e-10;8.14412e-12;1.56302e-10;7.00002e-11;1.53653e-07;5.58672e-09;4.49453e-11
4.3607e-08;7.91644e-06;0.999113;8.78857e-07;2.28511e-06;4.87026e-06;1.30477e-09;0.000614281;5.54165e-08;6.27496e-09;5.45302e-08;0.000243814;3.08811e-07;1.22849e-05
1.53054e-08;0.000211257;8.2541e-06;1.10016e-07;0.000185644;0.00106093;4.58906e-11;1.51899e-06;1.75903e-09;1.96039e-07;3.1416e-10;3.61577e-06;1.71298e-08;0.998528
1.66362e-06;0.00011948;2.14203e-08;5.78586e-08;8.63963e-06;3.99326e-06;1.70675e-09;0.99468;8.0339e-08;2.20513e-09;8.18308e-07;4.01868e-05;0.00514464;1.23338e-07
7.27412e-08;0.00219818;3.80907e-08;5.5904e-08;1.56302e-05;2.53907e-06;3.01579e-08;0.996034;3.32168e-08;7.51584e-08;8.98148e-09;3.06768e-07;0.00174417;4.64275e-06
1.55305e-06;0.0175299;7.7968e-09;1.83832e-05;1.79819e-05;2.39789e-07;7.86684e-07;0.969382;1.44074e-07;3.84539e-07;7.17695e-06;0.000182314;0.0128581;5.05218e-07
4.18141e-05;0.975656;7.32218e-08;6.36923e-05;2.4827e-06;7.22612e-08;0.000111258;0.022782;2.56642e-05;6.52839e-06;0.000278422;6.26404e-05;0.00010898;0.000860436
0.000128935;0.993245;1.39376e-05;4.58412e-06;3.6305e-06;1.62131e-06;3.06425e-05;0.0012336;1.96098e-06;8.01384e-06;4.78261e-05;0.000642177;0.00450694;0.000130791
0.000113069;0.22888;0.000686015;0.000411429;0.0117445;0.000353223;0.0111126;0.723184;0.000875811;0.00272173;0.00356003;0.0121781;0.000127942;0.00405123
1.81413e-09;1.04021e-07;1;1.52443e-10;1.48064e-11;1.0306e-12;1.77851e-09;5.04596e-10;1.04364e-09;5.4019e-12;3.85828e-09;5.6638e-09;1.08125e-09;5.92933e-15
0.000476482;0.016272;0.00671723;7.81788e-05;0.00085283;0.000479325;6.19768e-05;0.00456707;0.000689008;2.22241e-05;0.000418867;0.956869;0.0113271;0.0011692
0.000187067;0.270175;0.000112956;5.25512e-05;0.000912023;0.00191194;1.67836e-06;0.204173;0.000108253;3.44868e-06;3.12167e-05;0.00012579;0.500805;0.021401
0.000128128;0.600165;9.56259e-05;0.00569779;0.00125985;0.0017192;8.14363e-06;0.0117847;0.000757508;0.00010469;0.000247981;0.194631;0.00492279;0.178477
0.000163893;0.942451;7.23834e-07;1.50937e-05;3.84147e-05;2.50461e-07;3.8086e-05;0.056456;2.57381e-05;9.54536e-06;6.51659e-06;0.000259776;0.000520434;1.43201e-05
5.39958e-05;0.0141056;0.0216203;0.00102065;0.00176687;0.00107983;8.17902e-07;3.15921e-05;9.26207e-06;6.28018e-05;8.33682e-06;0.956763;0.00188624;0.00159035
0.000524509;0.62789;2.85544e-06;4.02559e-05;0.000180163;2.93331e-05;9.38446e-05;0.275962;0.0129631;4.22381e-06;0.00330068;0.0246473;0.0542633;9.88763e-05
9.44525e-06;0.927738;5.62243e-08;9.04355e-07;0.000197119;7.98138e-05;0.0493748;9.75272e-05;8.40703e-06;0.0182831;9.97572e-07;3.32733e-07;2.66505e-05;0.00418246
1.03373e-08;4.14429e-10;1;3.91821e-10;2.89025e-11;3.34825e-12;4.73573e-08;4.02632e-11;1.93312e-08;4.46114e-09;7.77852e-10;1.0624e-07;3.97028e-11;1.75521e-12
0.000228408;0.00155188;3.24847e-06;0.000611486;5.97555e-06;5.98018e-06;0.000481578;0.00205351;0.874151;4.23491e-05;0.0508949;0.0660257;0.00394414;1.35438e-07
0.043372;0.836056;0.0343602;0.00399239;0.000526145;1.55049e-05;0.000938882;0.0100349;0.00540486;0.000636529;0.00436408;0.0231975;0.0354353;0.00166548
8.79527e-05;0.984365;1.70813e-08;4.99008e-07;1.61702e-07;1.83778e-07;0.014957;0.000329386;1.37979e-05;0.000101945;7.4604e-07;8.79571e-08;3.71246e-05;0.000106169
1.63045e-09;1.81486e-11;1;4.57799e-10;1.48253e-10;9.40796e-12;7.67545e-09;1.42624e-11;8.74664e-09;1.56042e-10;2.08144e-09;5.53997e-09;4.00475e-11;1.00113e-12
4.02789e-08;0.999955;1.33017e-11;1.3111e-10;1.91502e-11;1.59873e-11;4.25922e-05;4.00461e-07;1.19943e-08;3.92881e-07;1.32712e-08;4.19565e-10;1.35517e-06;8.93582e-09
1.22488e-12;2.83641e-12;1;1.03586e-11;1.40771e-11;4.39361e-13;5.45006e-11;6.90833e-13;2.55287e-12;2.7306e-11;7.26465e-13;5.11804e-10;3.81524e-13;6.04285e-12
9.6832e-05;0.0929943;3.19051e-05;0.000888345;0.00188144;0.00947987;0.0180649;0.0845674;0.732031;0.00030077;0.026761;0.000152699;0.00216834;0.0305816
0.000274079;0.934428;1.21471e-05;0.000112241;1.16598e-05;2.00122e-05;0.00197339;8.96362e-05;0.0202813;8.1471e-05;0.0148336;0.00890494;0.0115879;0.00738955
1.44151e-06;1.01411e-06;1.65085e-11;4.30406e-11;5.07173e-08;2.48712e-10;3.45619e-10;0.999996;6.39322e-07;1.80779e-10;6.42133e-10;2.12581e-08;7.30112e-07;3.58351e-10
4.3448e-07;0.000241971;7.86559e-07;7.18131e-06;0.00853212;0.000393029;1.26661e-10;0.000231727;7.91633e-07;7.52123e-08;1.54926e-07;0.0439322;8.87168e-05;0.946571
5.37474e-07;0.998908;7.70885e-06;3.31747e-07;2.2242e-08;3.43609e-08;1.73524e-06;7.11486e-05;1.51289e-06;2.71984e-07;3.2396e-06;1.89609e-06;0.00100301;1.13867e-07
7.0037e-08;1.24007e-05;4.01703e-07;2.39409e-05;0.0239153;0.0232758;1.12081e-07;0.000239803;2.92393e-06;1.12702e-05;2.43071e-06;0.000183406;1.2373e-06;0.952331
3.94704e-06;0.999915;6.43307e-10;1.73521e-06;3.84636e-09;1.4859e-08;9.30448e-07;1.31484e-05;5.12842e-07;1.21777e-07;1.23476e-06;3.69691e-05;2.67759e-05;1.41252e-07
8.90127e-06;0.998774;5.29343e-06;1.4492e-05;1.06246e-07;4.72806e-08;4.56704e-08;5.94186e-05;4.93819e-07;3.16787e-07;3.25589e-07;0.000297624;0.000838405;1.33791e-07
1.12166e-05;0.00308811;2.76811e-09;0.000117051;3.51101e-06;0.000568918;5.4061e-07;0.000716283;5.8624e-06;1.25566e-05;1.41031e-05;0.000215356;0.995211;3.50602e-05
7.70364e-05;0.000283403;0.966989;0.0284387;0.000250627;8.6801e-05;7.84127e-05;1.08438e-05;3.18974e-06;0.00127748;0.00116073;0.00113754;6.03493e-05;0.000145947
1.73605e-06;2.88439e-06;3.72396e-06;0.000676909;3.27618e-08;2.81787e-06;2.84291e-06;8.45508e-06;0.000572664;5.68532e-07;0.998678;9.26755e-07;4.86759e-05;3.36468e-09
0.000292687;0.992633;1.13086e-05;0.00402953;1.93819e-05;8.68243e-06;1.03053e-05;0.00110273;6.72994e-05;0.000123921;0.00102572;0.000216839;0.000102845;0.000356058
2.06462e-06;9.42908e-06;1.31928e-06;5.61452e-06;3.48492e-05;5.79858e-08;5.61189e-10;0.999936;3.13679e-06;1.11166e-06;4.504e-07;1.28262e-06;4.3007e-06;2.51784e-09
1.70361e-09;2.13925e-08;0.999999;1.12187e-06;5.15756e-09;5.40006e-09;1.49836e-10;5.82386e-13;2.1046e-09;2.35616e-07;2.88488e-08;3.81069e-10;3.39414e-11;1.07561e-10
0.000692641;3.5511e-05;9.35501e-06;1.8058e-05;8.7911e-07;1.98768e-06;0.000513446;0.0002714;0.0520747;9.69382e-06;0.945463;5.89811e-06;0.00090352;6.54969e-08
