1.63785e-06;0.999709;1.29466e-05;2.54475e-05;4.76009e-07;3.81568e-07;2.52818e-07;1.19964e-05;2.90029e-07;2.71605e-07;3.58808e-07;7.62778e-05;0.000160002;8.98765e-07
3.02831e-06;0.230451;1.18777e-08;2.13715e-07;4.34101e-09;1.97959e-07;2.26427e-07;4.39847e-06;3.52708e-07;5.68256e-09;3.83681e-06;5.41287e-05;0.769483;1.30525e-08
2.46139e-06;0.0271202;0.000227963;7.72763e-07;0.000494038;1.79116e-05;4.52593e-08;0.00150562;1.63408e-07;3.10437e-07;1.06531e-06;0.969401;0.0003829;0.000845437
4.32715e-07;0.999461;5.09831e-10;1.38938e-06;1.80814e-06;4.49006e-08;0.000105554;8.13863e-05;3.33268e-05;3.45016e-06;7.21311e-05;8.16855e-06;2.65424e-06;0.000228693
1.18479e-06;1.95217e-05;0.999829;1.79785e-07;1.96813e-08;3.20096e-09;4.90323e-07;2.88994e-05;1.99452e-07;4.97483e-09;1.82096e-07;5.41198e-05;6.61143e-05;1.14106e-10
1.12407e-06;0.152724;6.13051e-10;3.45569e-07;1.43269e-06;2.32143e-06;3.01061e-08;0.00805943;3.71251e-06;7.79348e-09;5.66835e-07;4.11589e-05;0.839164;2.17146e-06
0.000116025;0.510356;0.00038581;9.33274e-05;0.000710434;1.71171e-05;1.47471e-06;0.326599;0.00010993;2.32514e-05;3.27009e-05;0.152405;0.00893474;0.000215336
4.45494e-06;0.00743048;1.23739e-07;0.000212724;0.00188404;0.896439;1.34695e-05;1.28946e-05;0.000372422;0.000194655;0.000235043;1.81538e-06;0.0862655;0.00693331
0.00210212;0.0101658;0.947728;3.11039e-05;1.86628e-06;2.87038e-06;7.96413e-05;0.00011175;2.72172e-05;9.32472e-05;1.61122e-05;0.03936;0.000271991;8.82125e-06
9.01496e-06;0.944826;2.48733e-07;5.68943e-06;1.20642e-05;2.56457e-05;1.48141e-06;0.0389819;4.8233e-05;6.03568e-07;9.58699e-06;8.90186e-05;0.0155744;0.000415768
2.61864e-05;0.947706;4.3922e-07;3.389e-05;4.80129e-05;3.71139e-05;5.15019e-05;0.00695823;1.59033e-05;0.000207847;1.62887e-05;4.8429e-06;0.0444998;0.000393835
2.84365e-08;6.09035e-08;0.999998;6.90817e-08;3.05457e-09;2.57139e-09;9.90378e-08;5.71983e-09;4.42852e-08;1.95424e-08;7.74701e-08;1.34442e-06;2.97314e-09;4.65718e-11
1.20199e-05;0.901855;1.22066e-05;7.0092e-05;0.00010403;1.98117e-05;4.4522e-05;0.0132917;0.000121163;7.29484e-07;0.00016233;0.00485235;0.0794493;5.08808e-06
3.75144e-06;0.431781;4.27715e-05;3.77792e-05;0.000846569;0.000130169;5.90737e-06;0.0639467;1.54122e-06;1.96347e-05;3.00594e-05;0.118437;0.377334;0.00738269
1.68335e-05;0.00904975;0.000252909;0.359248;0.0110994;0.00544624;0.00459768;0.0408582;0.0162132;0.00495609;0.267338;0.0240633;0.256186;0.000673937
6.73245e-05;0.00415641;1.77137e-05;1.89433e-06;1.228e-06;3.08142e-08;2.30966e-05;0.995107;1.52327e-06;1.57639e-06;3.09821e-06;2.20418e-05;0.000597445;4.4999e-08
1.11121e-05;0.912397;1.31351e-05;2.06495e-05;0.000400996;0.000155371;2.41943e-05;0.0117728;1.33175e-06;4.5375e-05;3.58812e-06;0.00106509;0.00405905;0.07003
9.23923e-09;6.36675e-08;0.999999;2.20835e-08;6.55189e-10;8.55688e-10;1.88271e-07;5.76333e-10;9.2951e-09;1.31401e-08;4.76269e-08;4.87302e-07;1.241e-07;5.53905e-11
2.48803e-07;4.96906e-07;0.998946;1.54408e-06;2.45071e-06;1.65558e-07;1.15778e-07;0.00096085;1.58473e-06;1.83118e-08;1.72612e-07;8.43015e-05;2.09032e-07;2.17576e-06
8.66969e-09;4.06638e-05;7.98027e-07;3.86941e-08;1.53072e-05;0.000179274;3.17384e-11;1.16135e-06;3.84347e-09;4.80936e-08;9.44088e-11;4.96502e-07;4.4364e-08;0.999762
2.42525e-05;0.00256255;3.19513e-09;1.12814e-06;4.20873e-05;5.26069e-06;2.01395e-07;0.985999;9.13754e-06;1.27382e-07;1.19947e-05;7.31668e-05;0.0112655;5.74758e-06
6.94817e-06;0.997773;1.06293e-05;0.000230183;1.70338e-05;2.5574e-07;3.66302e-07;0.00165439;3.64257e-06;6.51513e-07;6.39876e-06;5.18203e-05;0.000227795;1.68744e-05
3.2007e-06;0.907159;1.22873e-06;4.80643e-06;3.50966e-06;2.46353e-08;2.07708e-07;0.0245397;2.0101e-07;2.10736e-07;5.18218e-06;0.0677672;0.000504514;1.107e-05
0.000107138;0.763433;7.18792e-06;0.000215521;0.000311811;7.63188e-05;0.000477475;0.023398;0.000326517;6.21867e-05;0.00294587;0.0464854;0.16128;0.000873033
0.000419949;0.368299;5.49065e-05;8.68441e-05;2.1996e-05;4.79551e-06;2.72871e-05;0.0130651;0.00287505;1.13719e-06;0.00242691;0.559974;0.0527085;3.47384e-05
0.000604709;0.0743304;0.00414462;0.000317036;0.00663695;0.00230097;1.4862e-06;0.000636807;2.84669e-05;1.43956e-05;1.55703e-05;0.00482051;0.00157105;0.904577
0.00014459;0.266696;1.16388e-07;6.39748e-06;7.87647e-05;5.9157e-07;2.78443e-07;0.483863;6.61266e-05;2.97663e-07;2.28482e-05;0.00210294;0.246764;0.000253935
4.22578e-05;0.0241881;0.941831;0.00191009;0.00458903;0.000893932;1.62155e-06;0.000144585;6.88639e-06;0.000500284;6.54111e-05;0.0228553;0.000275053;0.00269692
0.000578146;0.152495;0.000683781;0.000642654;0.00456105;0.000188301;0.00125981;0.459117;0.0592389;4.71227e-05;0.149498;0.153535;0.0178781;0.000276911
5.0212e-05;0.996977;0.000164758;0.00012549;0.000682729;3.19105e-06;2.2807e-05;0.000454122;1.04299e-05;8.28346e-06;5.4699e-05;0.000397236;0.00104034;8.7578e-06
0.000133963;0.960639;5.0943e-09;1.68961e-07;2.91701e-06;9.80917e-08;1.76275e-06;0.0293603;0.000271223;4.34747e-08;2.01932e-05;0.000131015;0.00943876;4.77e-08
0.000119185;0.237186;0.00205881;2.96824e-05;0.201583;7.39749e-05;3.69619e-08;0.158228;1.93128e-06;2.85717e-06;7.06549e-07;0.391344;0.00689028;0.00248132
8.65335e-05;0.113212;3.75664e-07;0.000128388;0.000110483;0.000273146;9.47058e-05;0.574324;0.0024329;0.000187129;0.000708731;5.0908e-07;0.308265;0.000175501
1.29776e-08;7.45413e-11;1;1.54247e-09;2.99896e-12;3.57498e-12;1.82939e-09;7.80673e-11;3.48165e-08;8.26539e-11;1.63797e-08;6.48201e-09;2.92364e-10;1.81232e-13
5.86307e-06;1.79384e-05;5.88399e-05;5.1188e-06;1.24961e-06;5.21898e-07;9.78984e-08;0.00045089;0.00306664;1.14117e-08;6.70519e-05;0.996309;1.54413e-05;1.64353e-06
1.23579e-05;0.000199875;4.55638e-06;2.8237e-07;7.25665e-07;1.92714e-05;4.51256e-08;0.000220548;3.11007e-05;2.28533e-08;1.64776e-06;7.5038e-08;0.999509;3.17863e-07
5.6082e-07;6.21903e-05;9.89457e-08;1.09696e-07;1.42047e-05;2.24649e-08;1.15658e-11;1.97339e-06;4.11643e-07;5.10614e-10;2.52462e-07;0.9999;3.66881e-07;2.00619e-05
2.57781e-05;0.000383911;5.44677e-06;5.45671e-08;0.000146817;2.68242e-08;2.16193e-10;0.999418;1.50998e-07;5.74363e-09;6.18728e-10;1.39592e-08;1.46625e-05;5.6244e-06
2.91932e-07;0.000214189;3.42302e-10;1.69578e-08;0.000113137;1.24427e-08;1.41109e-10;0.999647;1.09813e-06;2.30614e-09;1.89249e-09;5.60246e-07;2.38659e-05;8.80049e-09
1.16721e-07;2.76718e-06;0.999973;6.3494e-07;1.14481e-05;1.39091e-06;2.99667e-10;1.3051e-07;8.61094e-10;1.5127e-06;1.42721e-09;8.4428e-06;3.1259e-07;1.30886e-07
4.18385e-06;0.989765;0.000235199;4.70355e-06;2.43757e-06;2.03506e-07;1.60882e-06;0.00938475;0.000151736;1.64372e-07;2.27257e-05;0.000216233;0.000204599;6.80781e-06
