5.48983e-06;0.991773;0.00758098;1.37868e-05;1.11728e-05;2.14545e-06;4.66553e-05;1.76862e-05;5.09958e-08;0.000173405;9.09284e-08;9.69355e-07;0.000364012;1.02369e-05
4.42032e-09;7.19071e-09;0.999999;8.25229e-08;3.47828e-10;3.87232e-09;7.78308e-09;1.24876e-10;2.41917e-08;5.67367e-09;4.16137e-08;9.21547e-07;5.09105e-09;3.62048e-10
1.84103e-06;1.16978e-05;0.889854;2.43047e-05;1.73461e-06;4.86072e-06;3.4409e-07;0.000793823;2.96221e-05;4.76847e-07;3.73177e-05;0.108731;2.77072e-06;0.000506783
9.89385e-09;0.00126198;3.59227e-07;3.59418e-08;5.21371e-08;5.43829e-06;3.91914e-07;4.82206e-09;7.50306e-10;4.39222e-07;2.91491e-09;5.61249e-10;1.87922e-09;0.998731
8.72499e-11;5.56137e-11;0.999984;9.88763e-12;4.59613e-08;2.06226e-11;2.91539e-13;5.11008e-09;2.51659e-13;2.4098e-12;2.04354e-13;1.55629e-05;2.78309e-12;5.09254e-10
2.23468e-08;6.5276e-06;3.59667e-11;6.45849e-08;4.8833e-05;6.00376e-07;1.64799e-09;0.999907;7.59804e-07;2.36397e-09;1.77359e-07;5.17782e-08;3.55198e-05;4.13675e-09
5.39225e-06;0.0754884;0.923117;5.16141e-05;0.00117851;4.55425e-06;1.03204e-07;5.25284e-06;4.47478e-09;8.4367e-07;1.17359e-06;4.03765e-05;5.37102e-05;5.33642e-05
0.000187593;0.886276;0.0716443;8.45849e-06;0.0218196;5.1462e-06;6.73224e-08;0.00234365;1.01591e-08;2.91347e-07;1.62818e-06;0.006958;0.00977628;0.000979023
8.29279e-06;0.000588024;6.86997e-06;1.82865e-08;5.60952e-06;1.07366e-07;7.34131e-07;0.953726;5.60719e-06;3.56849e-08;7.68337e-07;0.0445787;0.00107906;6.49813e-08
1.1295e-05;0.48768;0.000552547;6.53633e-06;5.68423e-05;0.00250045;0.000104769;0.00284636;1.86687e-05;1.24241e-05;9.66619e-05;0.000251055;0.5044;0.00146159
2.49908e-05;0.064336;6.7299e-08;3.45892e-05;9.38204e-06;1.21514e-05;1.64157e-05;0.00108493;0.000946049;2.80583e-07;0.00144568;0.637135;0.293398;0.00155643
1.60855e-07;0.000664507;2.90428e-08;8.04744e-10;1.05526e-07;1.37959e-09;2.4763e-11;0.999332;2.38458e-10;3.51965e-10;2.06646e-11;2.41902e-07;2.86536e-06;2.22936e-08
2.79441e-07;0.994222;1.84121e-05;3.20123e-06;3.17404e-05;5.95657e-05;1.18386e-06;0.0027119;4.0387e-08;2.06097e-05;1.35209e-07;0.000871175;0.0017437;0.000316024
1.20416e-10;3.00861e-10;1;1.65623e-09;1.22555e-11;7.4261e-12;2.47377e-09;3.30884e-10;9.44103e-10;1.77579e-10;9.91732e-09;5.799e-09;5.95715e-10;9.74153e-14
4.64195e-06;0.000573049;0.00661042;2.70308e-05;6.2416e-05;2.69043e-06;1.62208e-06;0.000277218;0.000159892;5.84607e-07;7.08841e-05;0.991805;1.52667e-05;0.00038911
0.00306068;0.48967;0.000299026;5.89896e-05;0.00400371;0.00221364;1.42931e-05;0.00438434;0.00413365;1.09755e-05;0.000221009;0.0121671;0.470435;0.00932781
0.000153039;0.214569;1.41117e-06;3.37681e-07;0.00153266;6.13961e-07;4.77292e-08;0.238928;1.03517e-05;5.50066e-07;9.19681e-07;0.543843;0.000144055;0.000817001
1.76887e-06;0.00314049;0.993822;3.29065e-06;0.00162426;2.48334e-05;3.28513e-09;5.34837e-05;2.59482e-08;1.37556e-07;1.30556e-08;0.00035693;0.000963813;9.43265e-06
0.00563163;0.0119945;0.00032123;3.51577e-05;0.000172665;7.61089e-05;3.85779e-05;0.591825;0.323541;1.85816e-06;0.00317962;0.00145494;0.06169;3.69401e-05
2.33925e-06;0.0237309;3.85543e-06;1.39494e-08;3.49921e-07;7.95057e-08;2.37086e-09;0.97619;8.60832e-08;4.90824e-08;1.1369e-09;1.08194e-06;7.09277e-05;2.43313e-07
9.92895e-07;0.0993949;3.31275e-05;1.32847e-06;1.00301e-05;5.51431e-05;3.06022e-08;0.000412168;1.50043e-07;3.28743e-07;8.88495e-07;0.897601;0.00217517;0.000314566
2.30087e-05;0.273107;0.00010169;1.66084e-05;0.00069505;3.77759e-06;1.97243e-05;0.709988;0.000189726;1.73573e-06;0.00214418;0.00340598;0.0102939;9.00146e-06
2.96768e-08;0.999438;6.04817e-10;2.49951e-09;3.87823e-09;6.92448e-11;2.45034e-05;1.09884e-08;1.3037e-09;5.06703e-06;8.7153e-10;5.59398e-08;6.41258e-09;0.000532768
2.61707e-09;1.03441e-11;1;3.46112e-11;1.7377e-08;1.26458e-13;2.61974e-09;1.72879e-09;2.67994e-09;1.71979e-11;3.85339e-12;1.12175e-08;7.46245e-13;5.81916e-14
7.92694e-05;0.000239001;1.83267e-06;2.72671e-06;6.78647e-05;0.00010721;2.24938e-05;0.974325;0.0181273;3.96576e-06;4.75877e-06;0.00207001;0.00494821;6.90037e-07
2.69058e-06;0.000384299;1.43519e-09;7.38435e-07;1.05806e-06;7.49384e-07;4.23424e-07;0.0016153;0.000135136;1.04604e-08;6.11354e-06;6.71968e-07;0.997853;3.02003e-07
2.92621e-05;0.00297057;7.50131e-08;1.35616e-05;4.85476e-06;7.19858e-07;1.38228e-07;0.000362644;0.000100676;6.01541e-07;3.20706e-06;0.996268;0.000214791;3.13586e-05
2.32187e-05;0.000371634;1.356e-08;5.35508e-09;6.34998e-09;1.46951e-09;6.35335e-07;0.999559;3.75114e-05;7.88902e-09;7.16887e-08;4.16466e-07;7.14853e-06;2.92938e-08
2.88979e-05;0.00812274;4.87085e-06;0.00164046;0.252479;0.031884;3.95298e-05;0.0982801;0.00188179;0.000542469;0.000153808;0.000587539;0.00183291;0.602522
9.47982e-10;8.77339e-08;1;4.20124e-10;1.84751e-11;6.49045e-13;3.21337e-10;2.04157e-12;6.23841e-10;3.16926e-12;5.885e-10;1.23265e-09;1.84948e-10;3.13573e-13
4.72825e-06;0.217753;0.0144499;5.41084e-05;4.59034e-05;3.11318e-06;2.69983e-06;0.000108587;0.000752808;1.98901e-07;0.00130403;0.726491;0.0390107;1.9034e-05
4.541e-07;0.909409;2.6416e-08;5.88853e-06;0.00233327;0.000196853;1.42327e-07;0.00240005;2.17353e-06;7.91148e-07;1.6221e-06;4.64594e-06;0.0103143;0.0753313
2.58724e-07;0.00143024;6.95274e-07;1.97868e-07;4.94929e-06;2.22798e-06;7.51325e-09;0.000658216;2.0531e-07;1.02022e-08;4.19869e-07;0.997876;2.59814e-05;1.07718e-06
1.53161e-06;0.00357815;7.34359e-09;1.47391e-06;2.3262e-05;1.88736e-05;2.54344e-07;4.27597e-05;2.12545e-07;7.93125e-08;2.25624e-06;0.0125941;0.98365;8.6736e-05
3.20374e-05;0.00929546;2.03745e-06;5.37713e-06;2.03031e-06;4.88854e-06;1.69493e-07;5.83555e-05;4.27877e-05;2.35019e-07;4.13944e-05;0.988428;0.00204241;4.44065e-05
2.28233e-05;0.99119;1.34943e-06;4.11851e-06;1.46691e-05;5.51233e-06;7.43493e-07;0.00506512;4.667e-06;2.61905e-06;7.67799e-06;0.000863814;0.00277744;3.95026e-05
0.000376499;0.677736;0.0064806;2.68326e-06;0.000628735;1.18854e-06;6.45913e-06;0.0885471;2.20733e-05;3.87226e-06;0.000273281;0.21739;0.00847571;5.5466e-05
1.84385e-06;0.752402;1.45408e-08;8.63205e-07;0.000475415;4.24239e-06;4.83925e-05;0.000121596;3.12994e-06;1.79507e-05;1.46858e-05;0.0432223;4.9401e-05;0.203639
4.97178e-05;0.837489;1.07019e-06;3.44455e-07;5.48042e-05;9.78455e-06;4.14231e-05;0.0923682;4.65967e-06;3.70247e-06;2.00139e-06;0.0215512;0.048332;9.26839e-05
8.05681e-05;0.0717262;6.52458e-06;1.94071e-06;2.09092e-05;1.42181e-05;9.68764e-07;0.0201686;5.0882e-06;1.12575e-06;6.72693e-06;0.0516134;0.856304;4.96925e-05
8.33759e-06;0.0185146;3.83617e-06;0.000827594;0.00529336;0.000654018;1.76697e-06;0.00867972;9.9559e-05;2.44812e-05;5.47204e-05;0.00506902;0.000169366;0.9606
0.000412409;0.550725;0.00156003;0.00019214;1.33067e-05;9.4903e-07;6.09784e-05;0.0230443;0.00013764;2.20575e-06;0.00162517;0.0130028;0.409099;0.000124821
1.23671e-05;0.955024;3.21276e-08;1.9396e-05;1.77657e-05;1.47336e-05;0.00496442;0.0368374;1.66725e-06;0.000929281;2.53127e-06;1.3729e-08;0.000665289;0.00151129
2.45452e-10;1.02912e-10;1;1.58591e-10;8.06493e-11;3.00817e-12;4.61826e-11;1.18693e-11;2.18506e-11;1.00211e-11;3.17388e-11;1.30407e-08;4.89025e-11;1.10641e-12
3.71624e-07;0.547156;7.60878e-10;8.07771e-08;1.34931e-07;1.87444e-07;5.58073e-06;1.32298e-05;2.21199e-07;3.43364e-06;1.62386e-07;2.30539e-06;1.18876e-05;0.452807
0.000119438;0.365186;4.04873e-07;6.96321e-05;2.23185e-06;6.70455e-06;0.353444;0.00304941;0.125251;4.03198e-05;0.140855;9.6236e-06;0.0119611;5.53555e-06
6.18342e-06;0.999145;3.55726e-09;1.69661e-08;7.40326e-10;5.39642e-09;8.34607e-06;8.48823e-07;2.99744e-06;1.71554e-08;1.12886e-06;0.000171939;0.000663882;6.37658e-09
7.07945e-06;0.17519;2.974e-08;3.8228e-07;2.21958e-05;1.33248e-05;2.65787e-08;0.00210249;1.22138e-06;1.83536e-07;1.1543e-07;0.821981;0.000637135;4.47989e-05
8.26115e-05;0.482569;4.4898e-06;0.000171573;0.00981237;0.00163571;9.81659e-06;0.371508;3.59347e-05;3.36854e-05;2.01293e-05;0.00231807;0.0884343;0.0433642
0.00133988;0.0344023;0.00015872;0.00157105;0.000181644;0.0014334;0.000250055;0.0847821;0.150558;8.29543e-05;0.01015;0.00309645;0.711837;0.000156257
5.53049e-05;0.856737;0.140656;0.000160005;9.53387e-05;3.39158e-05;0.000162987;0.00102266;2.46724e-06;0.000889105;8.67114e-07;2.27521e-06;0.000109402;7.36771e-05
5.52805e-09;6.10828e-09;0.999999;6.15742e-08;6.16655e-11;1.10542e-09;8.28286e-09;1.01033e-09;2.9539e-08;4.52507e-09;1.08495e-07;4.26762e-07;1.06586e-09;8.30697e-11
8.406e-06;0.000246353;0.917259;0.000159276;5.37669e-06;8.7095e-06;1.76129e-06;0.0514508;0.000106896;1.34797e-06;0.000261594;0.030387;2.63295e-05;7.73325e-05
1.93096e-08;0.148064;1.13609e-07;1.63014e-08;4.27406e-09;1.49039e-08;3.66565e-07;2.24274e-09;2.16548e-10;6.16539e-07;1.43315e-09;4.06913e-09;2.03458e-11;0.851934
3.53008e-10;7.64407e-12;0.999861;3.7655e-11;1.65563e-07;7.24357e-12;2.28533e-12;3.78881e-08;1.63452e-12;2.79749e-12;1.91519e-12;0.000139049;3.75345e-12;2.0073e-09
3.5071e-11;1.28364e-08;2.30038e-15;1.61092e-11;2.96672e-08;9.84134e-11;3.69586e-12;1;2.6684e-10;1.82882e-12;1.70167e-11;1.38773e-12;9.98706e-08;2.23942e-13
2.54227e-07;0.000358697;0.999507;5.3002e-05;2.57791e-05;4.36008e-06;3.13466e-08;1.25523e-07;1.18561e-09;5.04357e-07;6.0322e-07;3.32958e-05;6.95004e-06;9.04885e-06
8.49182e-06;0.994283;9.41683e-11;1.00539e-07;6.7388e-07;1.87565e-07;4.07204e-08;0.0028946;6.92365e-07;3.40789e-09;2.30791e-05;3.82846e-05;0.00274214;9.17207e-06
4.91212e-05;0.00407713;5.70733e-07;2.44032e-06;3.48025e-05;1.40304e-06;2.13271e-07;0.000351792;6.89066e-05;8.90409e-07;3.00649e-05;0.989353;0.00585872;0.000170549
7.66433e-05;0.938973;0.00109521;2.64759e-05;6.72739e-05;1.44518e-05;4.30535e-07;1.83586e-05;7.25331e-07;6.96819e-06;9.1221e-07;7.99181e-05;0.0564363;0.00320293
6.16458e-06;0.00140431;0.000162048;4.27759e-07;1.55941e-06;5.96652e-08;6.15705e-08;0.00382393;7.46188e-05;1.4664e-08;2.21902e-05;0.993703;0.000800228;1.05967e-06
0.000175873;0.538129;0.000645988;0.000241102;0.00163929;0.0600683;0.00024767;0.123397;0.000129309;0.000207663;0.00124329;0.00447033;0.26839;0.00101473
0.000578672;0.0787784;7.26681e-06;0.00248168;0.00305209;0.0090753;0.000152035;0.0259217;0.00640071;2.69067e-05;0.0595722;0.441079;0.358052;0.0148222
8.60021e-05;0.209693;0.782302;0.00019638;4.66343e-05;1.26907e-05;3.06854e-07;9.58394e-05;1.67951e-06;9.72393e-06;2.02492e-06;0.00560779;0.00121176;0.000734494
0.000392251;0.957588;2.02726e-06;3.01245e-05;1.97079e-07;6.52192e-07;0.000106334;7.13766e-05;0.00112078;2.8955e-06;0.00391576;0.00715311;0.0296164;6.60299e-07
0.000123122;0.149659;0.0131029;6.38574e-05;0.000491637;9.53973e-06;4.22927e-07;0.00411529;1.13637e-06;2.30591e-06;1.301e-06;0.829272;4.67104e-05;0.00311116
1.30373e-08;0.999996;4.10367e-14;1.73682e-10;1.1713e-10;5.84438e-10;3.43098e-07;4.35778e-08;9.09637e-11;1.65845e-08;1.42024e-10;1.01287e-11;7.48802e-08;3.7731e-06
3.70499e-12;5.32682e-13;1;8.93529e-13;9.80972e-13;8.5791e-14;2.87755e-11;2.04969e-12;8.86067e-13;1.87201e-12;1.23183e-12;2.93127e-08;1.20729e-14;2.08423e-13
8.14945e-05;0.13298;1.728e-06;1.09534e-05;0.000255562;0.000343843;0.0141234;0.701453;0.00300957;0.000343688;0.00042743;4.75177e-08;0.14689;7.85674e-05
6.33385e-10;7.90871e-11;1;1.48612e-10;1.29515e-11;7.13177e-12;1.01396e-09;7.1191e-12;3.3826e-10;3.1494e-11;7.55983e-10;1.70567e-07;1.2615e-11;4.75544e-12
0.000101499;0.120334;0.00130488;0.000257848;0.00304026;0.00102889;3.34625e-05;0.0553441;0.00413629;8.04269e-06;0.000248559;0.793618;0.00672572;0.013819
1.52047e-06;0.912907;3.33409e-08;2.07081e-08;6.45491e-08;6.2613e-06;2.12327e-07;2.56524e-06;5.89481e-07;1.11708e-08;7.1304e-07;1.86469e-05;0.0870618;4.13182e-07
6.73427e-07;8.53627e-05;1.33607e-07;3.43773e-08;3.76783e-05;4.80192e-06;1.80141e-09;0.00100433;8.80789e-07;5.01564e-09;5.37419e-07;0.995218;0.0036469;1.12997e-06
4.006e-05;0.913574;0.000106142;3.04492e-06;0.000301564;0.00084409;0.00204758;0.0170742;2.67884e-05;0.000219532;2.19756e-07;1.48075e-09;0.065754;9.07233e-06
2.42142e-08;2.77337e-08;0.999999;2.96019e-09;2.56304e-09;2.1852e-09;1.54862e-10;3.78218e-08;1.07614e-08;3.41031e-10;1.1652e-10;1.07775e-06;9.43487e-08;1.70148e-11
1.1135e-06;0.000862952;4.91439e-06;7.21386e-06;7.5859e-05;3.95134e-06;8.55749e-09;0.933728;1.88358e-05;4.7542e-07;4.18312e-07;0.0651985;9.6291e-05;1.33996e-06
5.50428e-08;0.923058;1.83691e-10;2.16867e-09;8.37301e-09;7.06586e-07;8.65275e-09;1.75592e-06;8.23773e-10;4.15056e-09;7.08081e-09;0.000167254;0.0767721;7.53957e-09
4.56556e-06;0.0890958;6.79304e-05;1.69157e-05;0.000701731;0.00479023;1.01727e-06;0.00150507;4.7219e-07;3.95399e-06;2.46113e-06;0.893058;0.00711581;0.0036364
1.94399e-05;0.972892;2.00224e-06;8.1839e-06;0.000288646;0.00707126;1.88209e-06;0.00458888;1.36085e-06;3.18861e-06;7.52492e-07;5.24398e-06;0.0146695;0.000448089
1.53026e-05;0.0352354;4.0145e-07;5.13625e-08;2.7589e-07;8.49695e-06;1.39693e-07;0.334146;1.61319e-07;2.38195e-08;7.09829e-09;0.000134073;0.630455;4.87159e-06
3.77612e-06;0.0254094;9.77494e-06;8.67707e-05;0.000176951;0.000875618;3.97399e-08;0.000737831;5.12731e-05;4.50423e-07;8.67837e-06;0.00267428;0.0022127;0.967752
3.88212e-07;0.998336;7.04907e-08;1.89414e-09;1.47021e-10;1.41815e-09;3.76006e-07;1.66676e-07;3.5882e-09;5.46771e-09;2.27812e-08;7.76556e-05;0.00158553;1.38014e-09
4.53275e-07;0.00618612;5.81469e-08;3.85175e-05;0.00989232;0.000178914;1.06117e-07;0.0126965;4.25492e-06;1.70113e-06;8.28409e-06;0.968883;5.62115e-05;0.00205357
8.78428e-07;0.113832;0.0167167;3.92155e-05;4.66955e-05;5.76135e-05;2.83284e-08;0.000109733;1.12984e-08;1.02565e-07;5.79789e-06;8.78743e-05;0.869092;1.13231e-05
0.000311771;0.167219;3.7389e-06;0.000307428;0.000147077;0.0048237;6.91769e-05;0.603421;0.00219952;3.21397e-05;0.00272313;0.12531;0.0598095;0.0336231
0.000501553;0.175983;0.0182419;0.000517096;0.00354703;0.0216262;7.16477e-05;0.583704;0.000137808;0.000107533;0.000301941;0.188476;0.00672491;5.91638e-05
4.54022e-06;0.989175;1.63958e-06;1.58804e-05;1.50009e-06;3.76014e-07;2.20646e-07;0.00402838;6.28676e-06;1.26147e-07;8.37958e-06;0.00537324;0.00136407;2.04613e-05
7.23681e-05;0.439608;0.000475286;0.000931864;2.31522e-05;8.71395e-06;1.77067e-05;0.0102997;0.000388846;1.41331e-05;0.00136087;0.426868;0.119915;1.63668e-05
0.000794178;0.299032;0.005614;0.0307831;0.00497432;0.00338032;0.00114569;0.0391848;0.00643543;0.008524;0.0296838;0.442595;0.111419;0.0164347
0.000982695;0.846867;2.5952e-05;0.000224293;3.61075e-05;0.000187424;0.00505032;0.0290773;0.000450109;0.000359975;0.00117075;0.0116583;0.1039;9.71346e-06
4.38513e-06;0.00173634;6.936e-08;1.09161e-06;1.69723e-05;7.56893e-06;9.49104e-07;0.0113964;3.3013e-07;3.12558e-07;4.75744e-06;5.44084e-06;0.986825;2.60907e-07
7.33253e-06;0.00470965;4.53182e-08;0.000300416;0.00171672;7.29507e-05;2.08489e-06;0.00359652;0.0011103;5.32282e-06;0.000831342;0.000139062;5.19125e-05;0.987456
8.11584e-07;0.999951;5.74803e-06;1.52435e-05;1.00361e-07;7.44387e-09;7.18013e-08;9.87884e-06;4.44077e-08;2.33083e-07;2.95576e-07;5.75753e-06;1.03677e-05;8.46762e-07
8.1587e-06;0.999313;8.45563e-08;5.45665e-07;6.86373e-08;1.19344e-07;2.28838e-07;0.000454106;1.32606e-07;6.33481e-07;2.35098e-06;1.2455e-05;0.000201111;6.80544e-06
1.07231e-08;4.49225e-05;3.50991e-08;2.60861e-07;4.27411e-05;2.12711e-08;3.50916e-09;2.64237e-07;6.6536e-08;1.75588e-08;1.06724e-06;0.99991;1.37648e-08;3.00309e-07
2.37161e-06;0.960132;3.39412e-05;7.81099e-07;4.26548e-06;2.37197e-08;3.18012e-07;2.41364e-06;3.35829e-08;7.41905e-08;3.76356e-07;1.22088e-05;0.0398111;8.87213e-08
0.00013553;0.0925305;3.2652e-06;1.28444e-05;0.0188006;2.52197e-05;9.47003e-06;0.509172;0.00152349;1.29609e-06;3.20918e-05;0.146273;0.00182152;0.229659
1.55354e-05;0.121576;1.07292e-07;2.13991e-07;0.000152516;2.48135e-05;2.79331e-07;0.876681;2.50551e-07;3.85754e-07;2.0409e-09;1.90376e-08;0.00135892;0.000189897
1.28903e-07;2.20434e-08;0.999994;1.08438e-07;2.41312e-08;4.3802e-08;1.05088e-08;7.57579e-10;2.36535e-09;6.95076e-09;9.18998e-10;5.60951e-06;5.63814e-08;2.48004e-07
3.19431e-07;2.27796e-06;0.998847;7.87364e-07;2.57276e-06;1.81233e-07;4.89268e-09;0.000983419;1.82322e-07;2.85227e-09;3.43815e-08;0.000149549;4.5712e-07;1.28476e-05
8.79463e-08;0.000154295;0.000111737;2.22954e-07;1.21581e-05;8.96437e-05;5.1688e-09;6.30047e-05;3.20293e-08;2.45385e-07;9.28261e-09;1.24396e-05;9.22622e-08;0.999556
1.0889e-05;0.0637804;1.67105e-06;2.36271e-06;2.72778e-05;8.41631e-06;1.70758e-06;0.071474;4.77516e-06;1.89852e-07;0.000229903;0.000100859;0.864352;5.36359e-06
1.06273e-07;0.916018;1.73422e-06;1.42355e-07;1.23093e-06;1.68997e-06;6.97309e-09;1.49387e-05;1.74491e-10;9.51652e-08;1.22816e-09;3.42117e-06;0.0839528;5.57193e-06
6.88238e-07;0.00343254;2.28555e-05;2.57634e-07;8.89305e-06;3.2207e-07;6.53476e-08;0.00167989;1.14414e-07;6.67204e-08;2.06604e-07;0.994024;0.00081665;1.39495e-05
8.78027e-06;0.929587;5.64624e-05;8.25708e-05;0.000290674;8.07642e-05;0.00146679;0.0425584;6.76884e-07;4.69e-05;7.10063e-05;0.000102221;0.0255155;0.000132337
3.41493e-05;0.00121683;0.00167488;0.000181616;1.40095e-05;1.29442e-06;2.6366e-06;0.00163421;4.44162e-06;1.37355e-07;0.000174252;0.973388;0.0216732;3.974e-07
1.94462e-06;0.988655;3.38637e-07;8.90098e-07;4.55313e-07;1.19303e-05;2.86664e-08;0.0100353;6.02265e-08;8.99734e-07;2.91706e-08;3.54912e-06;0.00100709;0.000282851
8.65185e-06;0.00107632;4.83789e-06;3.09558e-05;8.90234e-06;2.82168e-05;1.29293e-06;0.0029908;1.65277e-05;8.50289e-07;0.00191247;0.000289653;0.993593;3.79009e-05
0.00072668;0.0149297;0.00060128;2.03322e-05;0.000102806;7.55396e-06;2.96949e-06;0.978957;8.3853e-06;3.15408e-05;5.16927e-05;0.00353054;0.000928622;0.000100971
1.62748e-06;0.00602625;1.1063e-05;1.62807e-05;0.000139175;6.43738e-05;6.5503e-08;0.00348707;6.27526e-06;5.31142e-07;2.25066e-05;0.989446;0.000592205;0.000186395
1.1276e-06;0.995713;2.42802e-06;2.61835e-07;5.33502e-08;1.37807e-08;2.18725e-05;3.18174e-07;2.35466e-07;1.08556e-07;8.77474e-06;7.55567e-05;0.00417614;2.4446e-08
4.9048e-05;0.00203509;0.00135887;8.43071e-06;0.00107337;7.27495e-05;2.23559e-07;0.000233372;9.96148e-06;3.81088e-06;4.77649e-06;0.994247;0.000798822;0.000104272
0.000383169;0.0261739;1.07369e-05;3.99057e-06;2.68338e-05;0.000129481;2.15325e-06;0.968917;0.00119445;4.20547e-06;3.43668e-06;0.00150515;0.00156994;7.52351e-05
1.30304e-05;0.000594644;5.57948e-10;1.959e-07;3.6936e-06;9.6148e-08;2.02607e-08;0.998912;7.2944e-06;2.39429e-08;5.3993e-08;9.70364e-08;0.000469154;1.19539e-07
0.00153516;0.0722216;0.219332;0.00350151;8.53718e-05;0.00135315;6.10025e-07;0.00120582;6.90652e-06;0.000272605;1.10897e-05;0.000424044;0.699905;0.000144561
0.000332433;0.136244;0.219883;8.17892e-06;9.21087e-07;1.23599e-06;2.39917e-05;0.000694714;8.15655e-05;1.24592e-05;0.00453998;0.631174;0.0069558;4.78963e-05
2.21485e-08;0.0021179;1.22846e-07;6.92841e-07;9.91608e-08;9.68477e-06;0.862419;1.74272e-08;5.82176e-08;0.135234;2.34686e-06;2.06486e-10;1.5275e-07;0.000216254
7.44398e-13;2.24912e-14;1;4.13439e-12;1.10988e-14;1.13762e-13;1.2128e-11;1.91865e-15;9.40649e-13;7.27295e-13;1.75314e-11;2.35688e-10;1.52386e-14;2.61604e-16
