7.45133e-06;0.98865;0.00641548;4.68878e-05;1.16133e-05;4.15189e-06;1.21484e-06;0.000276302;6.09759e-08;8.84302e-06;1.53212e-07;7.90848e-05;0.00447652;2.22825e-05
2.0232e-05;0.00931553;1.04661e-08;6.25908e-05;0.000474003;0.000104698;3.78482e-07;0.0310995;6.14665e-06;6.03431e-07;0.000325771;0.000649815;0.957927;1.33943e-05
1.17736e-06;0.999844;4.21426e-06;3.44466e-06;6.67638e-07;2.6038e-07;1.41483e-06;3.01554e-05;1.76538e-08;1.0356e-06;1.25382e-07;2.21948e-07;0.000107582;5.72349e-06
8.34509e-07;1.53038e-06;0.999954;1.30972e-06;3.67753e-09;4.25862e-08;3.67157e-07;6.991e-07;1.0359e-06;8.0537e-08;5.93048e-06;2.86686e-05;5.74925e-06;8.16934e-09
5.45786e-08;6.49052e-06;0.000906906;6.13813e-07;5.29602e-06;1.55331e-06;1.22495e-08;5.73924e-05;1.00593e-08;3.51153e-07;6.97203e-08;0.00054423;8.66644e-08;0.998477
9.96363e-09;8.97882e-06;9.38599e-11;4.84825e-08;0.000863549;1.98778e-06;9.91233e-09;0.999123;1.40157e-07;4.95723e-10;2.25895e-08;6.82537e-09;1.36771e-07;1.98765e-06
1.49492e-09;3.61058e-07;0.999997;1.09334e-07;2.07742e-06;3.14849e-07;1.41047e-10;8.69741e-10;2.46473e-12;2.93047e-10;4.23115e-09;2.81002e-07;3.10386e-08;3.30452e-07
7.13486e-09;0.999569;7.9399e-10;4.42595e-12;1.83479e-11;8.42464e-11;1.08309e-09;2.01171e-08;2.15032e-12;7.58826e-12;8.91127e-11;3.28136e-08;0.000430567;1.98651e-09
1.01317e-08;0.00127904;5.69093e-06;2.58814e-07;0.000227976;8.70883e-05;3.43787e-11;0.00024728;7.79339e-09;3.93853e-09;6.76009e-09;0.991974;2.27932e-05;0.00615556
2.11333e-07;0.999563;5.64086e-09;5.59434e-07;2.7392e-07;3.40297e-06;9.93151e-09;1.05086e-05;1.72166e-06;1.83207e-09;8.86312e-07;6.44783e-05;0.000354531;7.65882e-07
5.06031e-06;0.830157;8.71881e-08;1.35191e-07;3.93213e-08;2.97291e-07;3.31009e-09;3.10458e-06;5.88177e-08;2.78034e-09;1.99897e-08;0.16852;0.00131405;8.44312e-07
1.959e-05;0.988807;2.73944e-05;4.82831e-06;3.46956e-05;2.45223e-05;1.25206e-06;0.000676794;4.02054e-06;7.44573e-07;1.65477e-07;0.000297518;0.00914774;0.000954171
4.34514e-07;0.832759;1.26305e-10;5.51474e-07;3.0368e-06;8.6417e-07;1.20336e-06;0.0894405;9.5626e-07;1.15943e-06;1.10705e-07;1.91405e-09;3.66025e-06;0.0777887
1.47375e-10;3.15464e-10;0.999998;8.37248e-10;2.62756e-11;6.89806e-12;3.68338e-10;2.8313e-11;3.62726e-10;5.98616e-11;9.84033e-10;2.03258e-06;5.30443e-12;7.72633e-12
0.000404947;0.0140161;1.40387e-06;0.000852065;0.000474393;0.00252042;0.000298594;0.00800731;0.831272;3.82347e-05;0.0893018;0.000622037;0.0401501;0.0120409
0.000320731;0.988415;9.0555e-06;1.12368e-05;4.60134e-06;5.20629e-06;1.18784e-05;0.00090267;0.000570756;2.12502e-06;6.53537e-05;0.00701484;0.00255;0.000116682
0.000105039;0.186192;0.000241689;5.16337e-06;0.000241202;1.64687e-05;1.12114e-06;0.00502144;2.95756e-05;5.37937e-06;2.06575e-05;0.790935;0.0171761;8.57603e-06
1.68108e-05;0.394502;5.79383e-07;0.00161742;0.000233837;0.000207253;3.29045e-05;0.00505143;0.00137901;8.01329e-05;0.00036003;0.0020987;0.590127;0.00429326
0.000158552;0.0120781;0.982418;0.000194443;0.00267863;3.90368e-07;3.14009e-06;0.000150388;4.33844e-06;8.79741e-05;1.25937e-06;0.00210394;2.25337e-06;0.000118703
3.2594e-06;0.986725;8.89545e-11;2.65103e-08;4.39435e-08;6.58288e-10;0.013148;1.29841e-07;3.62544e-06;4.40299e-05;7.04689e-07;2.80038e-11;9.74509e-08;7.4972e-05
1.08863e-09;2.40984e-10;0.999994;1.11478e-09;1.63513e-10;2.35473e-11;3.18559e-08;9.17015e-11;2.69545e-09;1.66634e-09;8.61895e-10;6.08725e-06;7.05146e-13;7.81026e-11
0.000227964;0.126962;8.65492e-09;0.00044152;0.000135023;0.000304746;0.000794726;0.0726476;0.756432;4.30738e-05;0.0333702;4.7726e-05;0.00753054;0.00106252
5.29443e-05;0.992628;0.00293324;9.57169e-05;1.89414e-06;7.7293e-08;3.72011e-06;1.65025e-05;1.0373e-05;6.67936e-07;1.61798e-05;0.00391939;0.000319978;1.55523e-06
0.000124952;0.959758;6.04243e-08;5.8158e-05;0.00140856;3.36668e-05;6.11078e-06;0.0335437;8.82976e-05;2.14025e-05;6.03993e-05;6.91742e-05;0.00174896;0.00307833
4.72313e-05;0.0039197;0.0735834;0.000239244;0.020645;0.000310761;2.01918e-07;0.000558615;5.86322e-07;1.71956e-05;2.83393e-06;0.894842;0.000182628;0.00565038
0.00251922;0.0737334;0.000137799;0.00178234;8.93093e-05;0.000251031;0.00072586;0.0658912;0.31988;1.474e-05;0.340062;0.00592685;0.188826;0.000160208
0.000105406;0.989425;4.89918e-06;7.2051e-06;2.61504e-06;7.97246e-06;3.13764e-07;0.00663214;2.70931e-05;5.49004e-07;3.95097e-06;0.000471721;0.00328523;2.63929e-05
8.38015e-05;0.261914;0.000331588;1.6916e-06;2.70775e-05;8.71819e-06;3.33233e-07;0.000906879;2.83621e-05;1.24946e-06;2.23003e-05;0.708214;0.0284581;1.95331e-06
4.33425e-06;0.032754;2.71148e-07;0.00171577;0.000496357;0.00220841;1.26769e-06;0.000361045;0.000713206;4.01388e-05;0.00063139;0.000136338;0.954196;0.00674172
0.000121944;0.00103032;0.998464;9.69125e-06;0.000286566;1.06099e-08;7.95602e-07;2.40372e-05;3.36763e-06;6.1808e-06;8.70383e-07;4.92694e-05;5.96058e-07;1.89679e-06
3.16066e-06;0.99971;7.66055e-12;3.70215e-09;4.70726e-08;1.99465e-10;0.000190652;4.505e-06;8.62493e-06;3.45284e-06;7.229e-08;1.08555e-11;3.3108e-08;7.95445e-05
1.83755e-09;4.09591e-10;0.999974;1.15809e-09;9.92183e-11;1.33714e-11;2.08827e-08;2.10531e-10;2.46626e-09;2.83755e-09;5.71662e-10;2.57839e-05;6.70138e-12;4.30841e-10
0.000294181;0.0498231;2.03061e-07;0.000343319;0.0003925;0.000170266;0.000261301;0.737714;0.194708;2.63989e-05;0.00784903;0.000102984;0.00564214;0.00267307
7.14377e-06;0.999619;0.00011823;1.56163e-06;5.46194e-07;2.36381e-08;1.70499e-05;0.00010999;1.53944e-07;3.52281e-06;9.21606e-08;6.44581e-07;0.000121538;9.59958e-07
5.82768e-09;1.87137e-10;1;3.33165e-08;2.56405e-09;9.91364e-10;3.1054e-09;6.55717e-11;3.28524e-08;1.78006e-09;7.77924e-09;1.56084e-07;1.48455e-10;2.2739e-09
2.98848e-07;1.53661e-06;0.999076;7.10876e-07;1.54092e-06;8.71568e-06;3.4913e-07;8.90901e-05;1.11255e-06;1.99843e-07;1.38165e-07;0.00078917;3.93212e-07;3.10269e-05
2.2008e-06;0.00390859;2.81172e-06;2.96867e-05;0.000977466;0.110328;1.13298e-07;3.59291e-06;1.17995e-05;3.27516e-07;2.61015e-05;0.000176505;0.0256427;0.85889
6.6654e-06;0.00622967;0.000367777;8.75388e-07;7.71834e-05;1.6172e-05;2.1325e-08;0.108887;7.23433e-07;4.34301e-08;1.56331e-06;0.544579;0.339797;3.60412e-05
3.01796e-05;0.0636499;1.45368e-08;0.000809667;0.0112229;0.0264051;7.96539e-08;0.29054;0.000533409;8.18384e-07;2.93719e-05;8.98576e-05;0.606384;0.000305635
7.99616e-06;0.996331;0.00051863;1.50609e-06;1.79935e-06;5.69175e-07;2.19618e-08;0.00265379;1.61066e-09;6.02395e-07;1.40162e-10;1.04389e-06;0.000481691;1.07684e-06
2.75472e-07;7.05181e-07;0.999996;8.01914e-07;1.22635e-09;6.93202e-09;2.71359e-07;1.16521e-07;2.13516e-07;1.27104e-07;1.26076e-07;1.1594e-06;2.03921e-07;2.06879e-10
3.45476e-08;3.06295e-06;0.998172;3.5288e-07;2.51101e-07;8.57586e-08;1.76301e-09;1.60739e-05;4.15911e-08;5.5871e-09;7.77326e-09;0.00180748;2.22864e-08;2.41295e-07
1.20277e-06;0.00352858;2.97605e-05;1.66426e-06;0.00562693;0.0101878;1.31792e-08;0.000360068;3.01122e-07;4.29849e-07;6.51356e-07;2.59219e-05;0.00139348;0.978843
9.9835e-08;0.00165936;2.56021e-07;1.47872e-06;0.000120865;6.71055e-05;2.38911e-09;0.000511519;1.97474e-07;3.86046e-08;8.32068e-07;0.996574;0.000912839;0.000151576
7.85178e-05;0.77327;6.03446e-05;1.10375e-05;2.23025e-06;4.06915e-06;3.14396e-07;0.130474;6.88332e-05;1.21792e-07;2.99457e-05;0.00183491;0.0941649;3.43776e-07
2.99053e-06;0.471243;9.80276e-10;1.30663e-07;2.29715e-07;4.74848e-07;8.82962e-10;0.0127026;2.4112e-08;1.44369e-08;9.9269e-10;7.33234e-05;0.51596;1.7336e-05
8.54603e-07;0.00745019;0.000346362;2.84668e-06;0.000116417;2.25884e-06;5.55396e-09;6.10697e-05;4.65657e-09;7.99567e-07;2.50607e-08;0.991305;0.000548212;0.000165836
0.000205155;0.728921;6.59601e-08;0.00119987;0.0090239;0.000534108;0.000249201;0.0218286;0.000583364;0.000157896;0.0026445;0.00275271;0.231159;0.000741311
0.00452626;0.050377;1.22264e-06;0.000747358;1.16827e-05;2.62743e-05;0.000113321;0.734306;0.0140212;1.596e-05;0.0671622;0.124915;0.0037729;3.67295e-06
0.000159469;0.313814;0.000111468;3.30692e-06;2.22962e-08;4.89045e-08;0.606578;6.32995e-07;2.4615e-05;0.070072;1.92394e-05;1.75872e-07;1.8879e-08;0.00921727
3.6746e-08;3.54263e-08;1;5.79101e-09;2.69511e-09;1.06709e-10;6.9108e-08;9.7732e-10;8.59567e-08;1.69382e-08;1.28178e-08;2.6666e-07;1.08875e-10;6.77363e-10
3.71925e-05;0.440089;2.83067e-08;2.9784e-07;3.87124e-07;1.02672e-07;1.99536e-05;0.000150858;4.28571e-05;7.39888e-07;4.37604e-05;0.499239;0.0603761;6.18434e-08
2.76643e-05;0.00265197;1.79498e-06;0.000328722;0.00024087;0.000890959;0.000122589;0.00393774;0.000274137;4.11327e-05;0.00144406;0.0044351;0.983605;0.00199839
0.000131469;0.656443;1.28775e-07;0.000208327;0.000788685;0.00163053;1.45349e-05;0.00525497;2.33888e-05;7.17998e-05;4.8687e-05;0.000463278;0.315041;0.0198795
0.000451191;0.00252475;6.17401e-06;0.000143926;9.38532e-05;2.49142e-05;1.07525e-05;0.0369435;0.000151937;6.80062e-07;0.00101015;0.0110209;0.947585;3.25292e-05
2.32058e-06;0.999366;1.86271e-05;1.95407e-06;1.85551e-07;1.49169e-07;6.18547e-06;4.19955e-05;4.22165e-07;1.5055e-06;1.51049e-07;1.69924e-09;0.000557939;2.37902e-06
4.14398e-09;2.41978e-08;0.999999;4.19564e-07;3.54264e-11;1.31077e-10;4.68284e-08;2.39825e-09;4.60823e-08;1.2001e-08;1.47373e-07;1.8513e-07;7.15799e-10;3.49271e-11
3.0101e-09;8.35922e-08;0.999736;5.1409e-07;3.90742e-07;5.65814e-08;4.50445e-10;1.18191e-05;2.51294e-09;2.72456e-09;1.40614e-08;0.00024656;1.85049e-09;4.12256e-06
1.04638e-06;0.00926273;1.31619e-08;2.63041e-05;0.0704886;0.00212331;2.23553e-07;0.00902801;1.64169e-06;1.63979e-06;1.92929e-05;3.35637e-06;2.0573e-05;0.909023
1.07184e-06;0.00304575;0.734118;1.74511e-05;0.116969;0.000504805;1.2847e-09;0.00422206;1.40697e-10;1.51426e-07;3.66687e-07;0.129578;0.000559087;0.0109844
1.60002e-08;0.0013999;6.28895e-10;1.46374e-08;1.17887e-07;2.44644e-05;5.45083e-09;4.72344e-06;7.04318e-10;7.13194e-10;6.77199e-09;3.83787e-08;0.998571;2.01568e-08
1.24564e-07;0.000840103;0.998731;1.3479e-07;1.48389e-07;1.12731e-07;1.53158e-10;3.14908e-06;1.77813e-11;1.27736e-08;1.19744e-10;0.000396147;2.94091e-05;3.77587e-08
6.27242e-06;0.543965;7.82786e-07;0.0035291;0.00984117;0.0149634;4.9598e-06;0.122597;4.90669e-05;2.14386e-05;0.00021805;8.36996e-06;0.298483;0.00631279
5.79603e-05;0.942478;0.00151671;0.000923761;0.000125416;0.000273333;5.1265e-05;0.00717001;2.67223e-07;0.000978988;5.42915e-06;0.000397474;0.0455809;0.000440874
3.55499e-09;1.96955e-09;0.999999;2.8463e-07;6.64043e-10;1.32994e-08;1.24555e-07;1.22098e-11;3.2867e-09;2.56245e-08;4.2756e-08;1.78756e-07;5.58507e-09;1.47017e-10
2.50297e-06;0.00020824;0.996954;3.64695e-05;1.85506e-05;6.91354e-05;2.96409e-06;8.85632e-05;3.29389e-06;9.33909e-07;6.81551e-06;0.0020761;6.96326e-05;0.000462816
7.77995e-06;0.00109267;0.000440872;8.33908e-05;0.0579432;0.0817379;2.04784e-06;0.000174706;0.00021068;7.49084e-06;0.000303035;0.000643254;0.000480393;0.856873
2.51914e-06;0.983665;1.65161e-07;2.01252e-07;2.85286e-05;1.5469e-05;0.000118062;6.28669e-05;1.10644e-09;0.000206614;1.13557e-07;2.59091e-07;6.19195e-05;0.0158381
5.01485e-12;1.38692e-11;1;5.75814e-13;5.7343e-12;9.19261e-12;1.84713e-13;1.81271e-12;4.20557e-13;1.39547e-13;3.25266e-13;7.34016e-09;5.41917e-12;3.5241e-14
1.83092e-06;0.354564;2.60862e-07;1.64115e-05;0.000169678;1.89463e-05;3.24841e-07;0.457909;3.07048e-05;5.35611e-08;1.45408e-05;1.71617e-05;0.187252;4.78889e-06
6.23826e-06;0.677106;6.67239e-06;7.05922e-06;0.000423522;6.51461e-05;1.95224e-08;0.0937687;3.66831e-07;1.32155e-06;4.93563e-07;0.000555466;0.226386;0.00167243
3.05919e-05;0.857718;5.84722e-05;8.19874e-05;0.00977276;0.000335024;1.09975e-06;0.00348278;3.39225e-06;3.67123e-05;7.76465e-05;0.0858761;0.0306714;0.0118537
5.75194e-08;0.999895;1.45924e-08;4.71242e-09;5.68612e-09;1.38871e-09;7.6729e-05;3.5017e-09;5.50583e-10;2.08229e-05;1.55886e-09;1.85593e-07;3.4318e-09;7.2044e-06
1.16153e-09;1.86183e-10;1;1.24412e-08;1.05623e-07;4.87929e-09;2.8338e-08;7.71888e-10;1.64083e-09;4.73464e-09;2.43211e-09;9.10992e-09;2.08975e-12;1.58613e-09
9.52344e-05;0.00177118;5.49522e-06;5.89141e-06;0.00647597;0.00132284;0.00013841;0.971527;0.00056891;3.83842e-05;0.000424457;8.55399e-05;0.00514073;0.0123996
5.58619e-05;0.331991;3.59242e-07;2.49701e-06;6.58235e-08;3.98809e-07;0.665806;0.00011193;0.000230667;0.000963354;0.000468817;3.02309e-07;0.000363675;5.1014e-06
3.71056e-08;7.35051e-08;0.999991;9.71508e-08;5.29234e-11;1.2311e-09;5.42445e-06;3.57062e-09;1.43456e-06;2.03539e-08;2.14918e-06;3.14122e-09;4.31841e-08;1.27878e-10
9.10306e-06;0.997323;4.279e-05;8.09136e-05;6.43544e-07;7.71389e-08;1.36699e-06;0.000192019;2.88838e-06;1.47107e-07;9.45588e-06;0.000812714;0.00152453;3.6615e-07
3.53255e-06;0.996443;4.16782e-08;3.50357e-05;4.07741e-06;1.9934e-07;2.40954e-06;0.0022233;4.40052e-06;5.91044e-06;2.74846e-05;7.11975e-05;0.00117009;9.42971e-06
1.70065e-05;0.00314704;0.0362675;0.00267114;0.0154194;0.00990534;2.46246e-07;0.000879;2.19952e-07;7.00274e-05;5.78382e-05;0.922467;0.00603157;0.00306669
0.000193803;0.75288;0.000116081;0.000739597;6.5669e-05;0.000104853;0.000412389;0.0302152;0.000289831;1.52347e-06;0.0475389;0.00052704;0.164041;0.00287439
1.52942e-05;0.953134;1.04704e-07;2.74995e-07;4.52689e-06;1.02347e-06;1.90764e-07;0.0040253;1.33179e-06;4.22441e-08;1.54416e-06;0.000128905;0.0425992;8.79197e-05
1.52431e-05;0.990766;3.09435e-07;5.74223e-07;3.44532e-05;7.34457e-06;2.45795e-07;0.000726152;6.42412e-06;6.57785e-07;3.97781e-06;0.00293986;0.00202759;0.00347098
2.2227e-07;0.999658;2.66839e-08;2.22545e-08;3.06174e-08;6.32261e-09;9.14293e-05;3.43714e-07;3.01863e-08;8.86362e-05;9.07536e-09;1.19194e-07;1.96154e-08;0.000160987
1.28263e-09;1.733e-11;1;6.59897e-09;3.2063e-09;8.7991e-10;5.54387e-09;4.77587e-10;1.00905e-08;8.03925e-10;1.99087e-08;1.87013e-08;9.2846e-12;6.12437e-12
0.000254664;0.00712193;1.484e-05;1.32348e-05;0.00177447;0.000457128;0.000365282;0.974023;0.00183868;5.6179e-05;0.00120376;0.000541157;0.0117882;0.0005476
0.000231438;0.00447572;1.39604e-06;1.43854e-05;2.23736e-05;3.43397e-05;5.50018e-06;0.0654011;0.000302652;5.44811e-07;0.000542388;0.00397634;0.924931;6.0804e-05
4.49499e-07;0.122216;2.96513e-08;8.36477e-08;7.8798e-07;1.0052e-07;2.25952e-08;0.00139177;3.52393e-09;1.81842e-08;1.32219e-08;2.41586e-07;0.876277;0.000113532
1.05364e-06;0.0002782;3.86909e-10;0.00178891;0.00568823;0.86818;4.98959e-07;3.052e-05;9.81907e-06;0.00011168;3.00993e-06;0.000103302;0.0855096;0.0382956
0.00166967;0.129157;0.526547;0.00289269;9.54336e-07;4.53193e-06;0.270186;6.44022e-06;2.41408e-05;0.0665678;0.000441413;0.00243839;3.80128e-05;2.6468e-05
2.61815e-09;2.31502e-10;0.999999;4.42396e-08;1.27948e-11;2.42982e-10;3.24497e-07;2.15544e-11;1.19822e-07;1.95334e-09;4.06276e-07;2.04106e-08;4.21789e-11;1.64191e-11
0.000441751;0.00773112;6.84803e-05;3.6768e-05;9.46423e-05;2.47418e-05;3.59168e-05;0.986122;0.00271753;4.71468e-05;0.00120458;0.000215929;0.000332144;0.000927288
5.75549e-06;0.013696;0.000609402;6.59521e-06;1.70628e-05;2.61999e-06;4.60437e-07;0.000190621;3.92264e-05;1.545e-07;0.000103642;0.984865;0.000460282;3.34382e-06
6.18344e-06;0.813599;1.2387e-06;5.06953e-06;0.000178404;5.12889e-06;1.67441e-07;0.00743205;9.46835e-06;1.35521e-07;1.60038e-06;0.000116664;0.17733;0.00131488
0.000503245;0.483506;0.0181317;8.68625e-06;0.309883;0.000290985;3.94297e-07;0.0817162;6.49884e-06;1.04738e-05;4.70629e-07;0.00328887;0.00844141;0.0942118
0.00212158;0.172785;0.00227351;1.40266e-05;0.000850369;0.00498438;1.79353e-05;0.56865;0.0141486;2.82328e-05;2.88223e-05;0.00485369;0.141363;0.0878806
1.46132e-05;0.00167565;9.47849e-10;4.78175e-06;0.000129804;7.41838e-06;1.45144e-06;0.997135;0.000491719;3.02187e-07;8.5378e-06;4.56474e-07;0.000508182;2.24543e-05
4.35036e-05;0.000595752;5.1979e-09;2.33481e-08;3.74287e-08;1.07195e-09;2.20711e-07;0.999314;4.17031e-05;1.95675e-08;1.65186e-07;2.63109e-08;4.74305e-06;2.90189e-08
1.41207e-06;0.986723;2.24501e-06;2.42197e-07;4.21675e-08;8.69428e-09;0.0127823;1.30466e-07;1.15461e-06;0.000237307;2.03237e-08;3.47668e-05;5.85449e-08;0.000217673
4.0707e-10;1.59703e-10;1;4.03353e-09;3.61881e-11;8.83399e-12;1.89693e-08;1.03684e-11;1.27737e-08;3.85848e-11;1.8507e-08;1.5886e-08;5.04525e-12;2.32725e-12
1.30172e-07;0.97261;3.97677e-08;6.09682e-09;4.61901e-10;2.1962e-10;3.7958e-07;2.28002e-06;5.96705e-08;6.07099e-10;2.51686e-07;1.76521e-05;0.0273694;7.58066e-12
1.71308e-06;0.128881;1.51064e-05;2.97183e-05;0.000109017;0.000472174;2.53752e-07;0.0220766;1.12401e-05;5.9925e-07;8.66043e-06;0.837131;0.00704216;0.00422041
0.000129678;0.903939;0.0114287;0.000169529;0.000607023;0.000767936;1.06368e-05;0.00308822;0.000302997;1.73128e-05;0.000200951;0.0501827;0.00243094;0.026725
1.63552e-05;0.623931;2.42875e-07;2.44359e-05;1.03175e-06;1.39761e-05;2.40933e-06;0.000789072;5.71298e-05;1.34056e-06;0.000394005;0.00118937;0.373532;4.71021e-05
0.000103134;0.918479;0.0550467;0.0017572;0.00162894;3.15306e-05;1.98062e-06;0.000578909;1.31329e-05;2.58893e-05;2.65517e-05;0.0217196;0.000437209;0.000150607
6.99423e-06;0.000212716;0.999612;2.45568e-06;1.01892e-05;1.55463e-07;1.31194e-05;2.1393e-05;1.27649e-06;5.25534e-06;1.31122e-05;8.47919e-05;1.62114e-06;1.50562e-05
8.60037e-05;0.861468;6.78724e-08;0.000106819;0.000271201;0.000221628;0.000635763;0.0604791;0.0181192;2.00009e-05;0.0256564;0.00124431;0.0312647;0.000427257
0.000198973;0.987568;0.00593069;7.95062e-05;3.4988e-05;1.82759e-07;0.000565204;0.000270158;2.79976e-06;0.000250532;3.31531e-06;0.00502647;1.38409e-05;5.49366e-05
3.90201e-09;4.83589e-09;1;1.00928e-08;2.01345e-09;1.73674e-11;1.97795e-08;8.63096e-11;1.1121e-09;1.20729e-09;6.0463e-10;5.9074e-09;1.14217e-10;5.4398e-10
6.09081e-06;0.00219602;3.5145e-05;5.80552e-05;2.78363e-05;3.0734e-07;1.91502e-06;0.259095;0.000951494;6.0617e-07;0.000622186;0.736097;0.000904916;3.22967e-06
0.000162587;0.357164;0.00113622;0.00171274;0.0259261;0.0162669;7.70725e-05;0.361316;0.000332806;0.00257934;0.000736716;0.0328421;0.153868;0.0458791
3.14595e-06;0.00935105;6.84346e-10;3.00078e-06;4.936e-05;8.19109e-07;4.03245e-08;0.473472;8.4169e-07;7.70152e-08;9.60677e-06;0.00173585;0.515364;1.07347e-05
0.000229374;0.815397;0.133441;0.0270153;0.00099038;0.00451563;3.93874e-05;0.000555608;3.31899e-05;0.00465069;0.00033265;0.00100837;0.0108999;0.000890527
0.000175854;0.0448577;0.0239719;0.000405282;3.85603e-06;3.90689e-07;5.1596e-05;0.000112218;6.41958e-05;3.25119e-06;0.00016133;0.930173;1.06383e-05;8.9829e-06
0.00225291;0.525378;0.000161215;0.000618595;0.000134764;0.000104839;0.00665057;0.157455;0.193705;3.61723e-05;0.10513;0.000608539;0.00773765;2.77551e-05
0.0001393;0.320393;0.000181905;7.13845e-06;1.1197e-05;5.86009e-06;1.17867e-05;0.612962;0.000169823;1.17031e-05;7.43985e-05;0.00341772;0.0625966;1.73707e-05
4.0712e-07;0.996325;9.12818e-09;1.45124e-06;2.34123e-07;9.43523e-07;6.81747e-05;2.72865e-06;5.49573e-06;0.00085603;1.15777e-07;1.5266e-09;1.16149e-06;0.00273805
3.81633e-10;2.16398e-11;1;1.40799e-10;4.71751e-12;2.33735e-12;2.89812e-10;2.76772e-12;1.23512e-10;5.09079e-11;2.10827e-10;2.9977e-09;2.74141e-11;3.16156e-13
7.47289e-05;0.00643466;1.99808e-07;1.16464e-05;0.000120306;0.000110564;0.000941222;0.943483;0.00172699;7.84851e-05;0.00229624;2.60083e-05;0.0446877;8.04877e-06
0.000593341;0.0147967;9.9929e-07;0.00183424;0.000246585;0.000134272;0.00025909;0.448265;0.00854804;7.5733e-05;0.0948719;0.000319388;0.430004;5.14773e-05
4.64354e-05;0.999674;3.12161e-05;1.37961e-05;9.32736e-08;1.21325e-08;1.25955e-06;8.03115e-06;7.07227e-07;6.537e-07;2.98445e-06;1.37175e-05;0.000160842;4.59962e-05
1.00754e-06;0.999446;6.63687e-10;1.14211e-07;2.1941e-09;3.12056e-09;0.000263181;0.000163548;2.70795e-07;8.87833e-06;1.78873e-07;8.34542e-09;5.67967e-08;0.000117133
2.15071e-10;1.24575e-10;0.999999;3.57351e-09;8.73135e-11;9.60759e-11;6.86459e-09;1.69867e-10;6.22434e-09;7.75601e-10;1.91171e-08;6.00848e-07;1.27348e-11;1.10481e-10
6.39372e-06;0.958366;2.94037e-09;7.81057e-08;4.13042e-07;7.6149e-07;5.92538e-06;0.000138616;9.7462e-06;1.65457e-07;1.187e-05;6.60076e-06;0.0414498;3.57298e-06
3.2013e-07;0.0390204;5.1974e-06;2.23598e-08;1.58974e-06;7.60214e-07;2.14408e-09;0.00332034;9.67169e-09;9.4805e-09;6.75162e-08;0.956562;0.000826805;0.00026266
1.38258e-06;0.636887;2.34024e-06;3.14376e-05;0.00214012;0.000194271;1.92715e-06;0.249515;3.25475e-07;1.1699e-05;2.08162e-06;0.00150858;0.0155481;0.094155
3.72636e-06;0.00313464;7.54026e-07;6.78737e-07;7.51501e-07;5.2659e-05;2.39599e-06;6.2829e-07;4.4241e-07;1.13218e-06;2.52689e-06;0.00821615;0.98848;0.000103299
3.51268e-05;0.00213401;0.955103;2.09977e-05;7.81312e-07;7.19709e-07;0.000453273;1.24512e-06;8.20553e-07;0.00105951;5.52531e-07;0.0411605;4.36398e-06;2.5167e-05
8.04863e-08;2.70682e-06;0.999991;1.17042e-07;1.28136e-09;4.17669e-09;3.00416e-07;4.18661e-09;9.75521e-07;1.43566e-08;2.27363e-06;2.64049e-06;1.89527e-08;5.53507e-09
6.85159e-08;4.5004e-06;2.18834e-09;4.41952e-11;1.58331e-09;2.15442e-10;7.16413e-10;0.999994;4.35504e-08;3.46347e-10;1.29345e-09;5.50102e-07;8.24932e-07;8.39641e-10
4.15482e-08;4.79857e-05;8.06928e-06;2.91503e-06;0.000425974;0.000257706;1.28272e-07;1.58809e-05;1.32198e-06;8.2908e-07;1.11749e-06;0.000328824;5.58754e-06;0.998904
5.08293e-06;0.00969289;6.28309e-07;7.10015e-07;1.73411e-07;1.0633e-07;1.82858e-06;0.000884823;4.69503e-06;1.3086e-08;0.000185237;4.83038e-05;0.989175;8.59724e-08
3.66951e-09;0.999978;2.85748e-10;2.22442e-09;8.70832e-12;3.76227e-10;1.39607e-06;1.6237e-08;3.67806e-10;2.24249e-07;2.51107e-10;4.55904e-09;1.00555e-08;1.99771e-05
6.92059e-11;3.35944e-10;1;2.30232e-09;1.06924e-09;5.11265e-12;2.67635e-09;2.00681e-10;3.79528e-11;7.67497e-10;1.89033e-10;2.91423e-08;1.90483e-12;4.21619e-12
2.16133e-07;0.0135549;0.000193764;4.35681e-05;9.62553e-07;3.75459e-05;5.62893e-07;2.29835e-05;4.05966e-08;2.2222e-07;6.43794e-06;9.0701e-05;0.986048;2.0901e-07
1.62755e-06;0.0169253;7.84822e-06;6.16923e-05;5.9391e-06;3.70386e-05;2.28386e-06;0.949299;9.83031e-06;9.06701e-07;0.000234231;0.0299197;0.00347899;1.5541e-05
3.38948e-08;0.00065117;1.82763e-07;2.80545e-05;0.000413823;0.989699;1.0707e-07;0.00635962;4.84304e-08;6.25831e-06;2.72277e-06;9.07042e-08;0.0026362;0.000202207
2.38611e-09;2.00481e-10;1;3.16012e-09;1.95936e-13;3.98372e-10;3.67171e-10;9.08865e-12;4.25138e-11;8.163e-11;3.11144e-09;5.51899e-08;9.03692e-08;3.68875e-13
6.608e-07;5.92986e-05;2.98857e-05;6.64521e-06;3.91007e-07;2.66156e-06;2.90703e-08;1.94471e-05;3.2553e-05;8.21674e-09;9.85192e-05;0.999342;0.000407818;2.36351e-07
3.19536e-06;0.00229292;3.31553e-07;2.24245e-06;1.60298e-06;5.97958e-05;4.03956e-08;0.000298717;5.92958e-07;3.11835e-07;1.41055e-05;1.35943e-06;0.997322;3.2289e-06
2.13781e-06;0.00287141;7.25469e-05;6.74072e-06;0.000717339;3.73312e-05;1.7632e-09;0.000259963;1.61572e-07;1.41899e-07;2.60356e-05;0.979825;4.70906e-05;0.0161343
1.16649e-05;0.012869;5.32968e-06;0.000139639;0.0150524;1.40669e-05;1.25715e-08;0.970574;5.56839e-06;8.56729e-07;1.38686e-05;0.000548226;0.000374124;0.000390878
2.63184e-06;2.7847e-05;4.62045e-08;1.17305e-07;0.000278675;1.25324e-07;4.41672e-10;0.999288;9.82425e-08;6.16257e-08;3.01315e-08;8.68033e-07;0.000401447;1.80878e-07
1.97111e-07;8.28171e-06;0.999937;4.15604e-07;3.8109e-06;1.07546e-06;6.01479e-10;1.24025e-07;1.80914e-09;1.48098e-06;4.97473e-09;4.66413e-05;1.18097e-06;1.44833e-07
7.90346e-06;0.722102;0.000233183;5.43898e-05;8.85097e-05;1.27999e-05;3.92433e-06;0.266833;0.000341941;2.94738e-06;0.000834715;0.00699232;0.00230383;0.000188354
