1.24952e-11;9.02991e-12;1;1.00801e-12;2.12428e-13;4.14822e-14;2.09236e-11;2.77364e-13;2.09195e-12;1.26135e-12;1.83015e-12;4.33837e-10;1.22828e-12;2.08142e-15
2.09424e-06;0.00281801;0.000159944;3.96065e-05;0.000340707;4.68849e-05;5.53964e-06;0.00296585;8.1639e-05;2.37372e-07;0.000143306;0.948436;0.0449495;1.11264e-05
8.31848e-08;0.00701797;2.15582e-07;2.10006e-07;2.23417e-05;2.63885e-05;1.23298e-08;0.00499912;1.19855e-08;1.10084e-07;1.59926e-07;4.0537e-06;0.98792;9.02755e-06
2.70407e-07;0.000684107;1.23122e-05;0.00044855;0.00112374;0.000209946;2.55755e-08;0.00140121;9.10925e-07;2.48985e-06;9.87138e-06;0.993103;0.00294908;5.41035e-05
4.52049e-05;0.944102;2.57914e-09;3.88142e-05;0.000139322;5.53236e-07;3.77427e-05;0.0548253;1.06279e-05;1.90883e-05;2.87086e-05;6.352e-06;0.000472939;0.000273471
1.03057e-05;0.000325173;0.0135905;0.00132077;6.94206e-05;0.000122173;1.87691e-06;4.50207e-06;4.33809e-06;7.47675e-05;0.000109279;0.982914;0.00136653;8.65775e-05
0.0002483;0.82587;7.58666e-06;5.47472e-05;0.000104615;2.77523e-07;0.000128194;0.166226;0.00362771;1.92648e-06;0.00331488;0.000292499;2.50173e-05;9.75573e-05
3.25197e-05;0.935833;0.0188297;0.000109101;2.3551e-05;5.71639e-06;2.15419e-05;3.87199e-07;5.6649e-06;1.03589e-05;0.000222002;3.56111e-05;0.0448383;3.25651e-05
1.04846e-05;0.0832714;9.82763e-07;5.27143e-08;2.53346e-05;4.70138e-07;9.45296e-07;0.0051337;7.68783e-07;1.00587e-07;2.22327e-06;0.908159;0.00180841;0.00158589
6.27279e-07;0.98144;4.19366e-06;7.6853e-09;0.000314516;1.77784e-06;1.34206e-07;0.0066275;1.32675e-08;1.21598e-07;1.05481e-08;2.21738e-05;0.0103735;0.00121572
0.000294309;0.0792712;7.44164e-05;7.36008e-05;0.00986594;0.13193;1.49193e-05;0.0643036;0.00367159;0.00015988;0.000111668;0.00142972;0.70182;0.006979
1.87447e-07;7.29026e-05;0.997969;3.20199e-08;4.15405e-07;9.16721e-08;1.54013e-09;1.67133e-07;9.91488e-10;2.43815e-07;6.7587e-10;0.00195699;4.99686e-08;1.47805e-07
3.27587e-06;0.978026;1.48206e-06;7.80956e-06;1.25971e-05;0.000103474;2.90762e-07;0.00119035;7.26048e-06;3.83481e-07;1.39018e-05;1.38966e-05;0.020396;0.000223732
1.77631e-06;0.999425;2.61937e-06;6.4388e-08;8.79947e-10;8.71092e-10;2.04637e-07;8.09043e-05;8.13239e-07;1.29513e-07;2.21248e-06;0.000477082;9.3363e-06;5.0733e-09
1.06069e-07;0.999726;1.29945e-08;7.22805e-06;1.8189e-06;1.49713e-07;1.23141e-05;8.05078e-06;7.67431e-08;0.000219823;1.15751e-07;4.33382e-06;1.17538e-06;1.8421e-05
1.78049e-06;9.55104e-05;0.999831;3.8488e-07;2.09053e-09;1.9124e-07;3.68398e-05;4.05517e-07;4.12859e-07;4.14731e-06;9.70023e-07;5.49054e-08;2.86111e-05;9.0401e-09
2.92727e-09;1.06861e-09;1;3.99612e-09;3.70529e-10;1.10686e-09;1.87814e-08;2.07525e-09;2.51489e-09;4.72177e-09;2.36197e-09;8.18204e-08;5.36484e-08;6.36245e-12
4.16504e-08;4.97819e-07;0.99978;5.18539e-08;1.67207e-06;2.41987e-08;1.39554e-09;0.000135124;9.00963e-09;1.15986e-09;1.62773e-09;8.19759e-05;1.41576e-08;3.12733e-07
5.08823e-08;3.78184e-05;1.14481e-05;2.17914e-08;0.000195906;0.00384065;4.33477e-11;2.30068e-06;2.54594e-09;9.72047e-08;4.47412e-11;4.23675e-07;4.64718e-08;0.995911
9.2815e-06;0.000357465;2.3246e-09;1.06717e-08;3.72522e-06;4.47425e-06;4.74572e-08;0.996589;1.72164e-07;3.31427e-08;4.78801e-08;2.08064e-08;0.00303562;1.39963e-07
2.31014e-08;2.06e-07;0.999999;3.46385e-09;6.65362e-11;6.20976e-11;3.91162e-09;6.9856e-08;1.71468e-09;5.74878e-10;1.69369e-09;2.54857e-07;1.22301e-07;2.27239e-11
1.11472e-08;5.38978e-06;2.72611e-05;3.64126e-07;4.61528e-07;7.31077e-07;3.06212e-10;0.000483574;4.30128e-08;5.96385e-09;2.95101e-08;0.999317;6.37878e-08;0.000165181
6.37046e-07;0.986921;2.68236e-09;5.35925e-07;6.31146e-06;3.40229e-05;2.87664e-06;0.00936894;2.57524e-08;5.28148e-07;3.37302e-07;3.56678e-09;0.00247206;0.00119318
6.88726e-07;0.000431161;4.48888e-06;4.12463e-06;0.0132662;1.66239e-05;9.22211e-07;0.977096;2.52575e-07;1.00446e-06;2.04141e-07;0.00688924;0.000112158;0.00217713
9.28585e-06;0.994045;3.99105e-05;0.000233622;2.16541e-05;1.52563e-05;0.00212321;0.00108466;4.38539e-05;1.04173e-05;0.000145686;6.57861e-06;0.00221822;2.72421e-06
0.000288157;0.917122;0.00731079;0.000187286;0.000335909;7.72706e-06;3.0557e-07;0.0219957;7.39612e-07;1.30933e-06;1.67081e-07;0.0517761;0.000491349;0.000482337
9.07777e-07;0.999168;1.45387e-10;4.52044e-07;1.96129e-07;1.124e-07;4.50375e-09;0.000304254;3.08949e-08;4.5834e-08;1.26713e-07;3.27367e-05;0.000466216;2.74791e-05
1.00484e-07;0.960889;3.43546e-09;1.18478e-06;1.64909e-06;3.81964e-08;2.682e-05;1.33436e-07;6.16575e-09;0.000281687;3.02454e-08;9.67114e-08;3.25897e-08;0.0387996
2.22849e-08;5.18106e-08;0.999996;2.74708e-08;2.19962e-08;6.43746e-09;1.58103e-08;1.48969e-08;3.96478e-09;5.33407e-09;2.86074e-08;3.91173e-06;3.50199e-07;1.52816e-10
3.28934e-06;0.0186481;6.85173e-07;1.04623e-07;0.000598996;0.000213681;3.42301e-06;0.969007;3.826e-06;1.38866e-06;7.48837e-06;7.35723e-05;0.0114228;1.57118e-05
7.66807e-06;0.00253381;1.32464e-08;2.31305e-06;8.23121e-05;6.09175e-06;1.65443e-07;0.991263;3.39399e-06;4.18037e-07;7.02392e-06;0.000109657;0.00596883;1.54099e-05
0.000155631;2.08094e-05;2.23633e-07;6.20148e-08;4.02815e-07;1.42372e-09;2.1788e-07;0.99919;0.000627515;1.26054e-08;1.67014e-06;6.08823e-08;3.84582e-06;2.0111e-09
0.000129667;0.000414039;0.00351396;8.95063e-05;2.01833e-05;1.37507e-05;3.54958e-06;2.82758e-05;0.000445968;2.30408e-05;1.66872e-05;0.990947;0.000676499;0.00367751
0.000156664;0.021544;7.67378e-07;3.19202e-06;3.53971e-07;5.52028e-07;0.956449;8.65087e-06;0.000174025;0.0134832;5.01057e-05;3.66525e-11;1.31085e-05;0.00811611
2.87285e-10;2.24423e-12;1;5.20451e-10;3.33897e-12;2.53318e-13;1.38409e-09;2.03833e-13;3.98583e-09;1.12393e-11;1.88991e-09;6.62576e-10;1.65341e-14;2.77916e-13
0.0137903;0.324058;0.000217088;0.000446823;1.07011e-05;2.43562e-05;0.000108414;0.00842684;0.0378033;0.000106609;0.00143875;0.000105062;0.613151;0.000312924
1.17626e-06;0.00443673;2.27991e-10;1.39131e-08;4.76283e-05;4.547e-09;1.73056e-09;0.995511;1.61956e-06;2.02844e-07;4.0853e-08;9.97137e-07;6.15393e-08;7.20491e-07
8.58721e-05;0.00302931;0.761645;0.000324694;0.0175709;0.000503054;4.84441e-07;8.47802e-05;5.94426e-07;0.00177902;3.02979e-05;0.212403;4.05991e-05;0.00250231
1.00991e-06;0.0036218;1.88852e-08;5.55e-09;7.93709e-11;1.05578e-10;0.996209;3.42998e-07;4.36017e-06;0.000153316;3.67855e-06;6.0523e-13;2.99771e-09;6.28528e-06
8.69172e-13;1.31938e-13;1;4.87822e-13;7.33734e-15;5.45852e-15;2.34064e-11;1.27878e-14;1.2748e-11;3.06504e-13;1.80552e-11;1.87819e-12;1.59601e-14;6.20819e-17
