4.75026e-06;0.997294;0.00150017;1.7461e-05;7.89368e-06;1.31648e-06;8.31675e-07;0.0003477;2.30879e-08;5.39996e-06;3.96239e-08;2.10473e-05;0.00078167;1.80571e-05
2.92841e-05;0.00430935;1.18159e-07;0.000132868;0.000419301;0.000195113;1.18712e-06;0.0103242;1.72478e-05;1.27751e-06;0.0010346;0.000840469;0.982691;3.6305e-06
8.86244e-06;0.99959;0.000215339;2.53752e-05;1.8209e-06;2.11074e-07;3.34156e-05;3.60086e-05;1.7137e-07;1.9477e-05;1.54614e-06;1.63803e-06;2.21896e-05;4.42838e-05
2.14825e-07;1.54814e-06;0.999994;3.2926e-07;1.93967e-09;4.35209e-09;4.20268e-07;1.44601e-07;1.82458e-07;2.95898e-08;1.18979e-06;1.83417e-06;9.83918e-08;4.15639e-09
7.08969e-08;3.67278e-05;0.00450967;1.98575e-06;1.81224e-06;5.60913e-06;3.50428e-08;0.000444332;1.03446e-07;1.34993e-06;3.19805e-07;0.00107548;7.84631e-08;0.993922
5.97561e-07;6.28756e-05;1.93226e-08;4.96857e-06;0.00220549;0.0005445;9.68966e-07;0.99711;2.41999e-05;1.51967e-07;1.62461e-05;3.67359e-06;9.67022e-06;1.65092e-05
5.29371e-09;3.64672e-05;0.999962;3.59478e-08;3.47461e-07;9.86148e-09;1.81496e-10;9.04342e-09;3.08245e-13;1.4512e-09;8.05888e-10;1.44146e-07;5.4899e-07;1.08515e-07
5.79873e-07;0.987143;8.05753e-07;2.66592e-07;9.81425e-07;2.92659e-07;8.76126e-09;0.000143456;1.62052e-08;5.265e-09;1.73492e-06;0.000259619;0.0123971;5.20443e-05
3.4615e-08;0.999491;5.2764e-06;9.45515e-08;2.30897e-06;3.41056e-08;8.97235e-10;0.000333351;9.89935e-10;1.368e-08;4.91268e-08;0.000147494;1.77441e-05;2.47974e-06
2.40344e-07;0.968324;7.67463e-11;8.47607e-07;1.41899e-05;6.71155e-06;1.95251e-06;0.000322927;2.50916e-08;5.41723e-06;1.1267e-07;1.70438e-07;0.0312752;4.84283e-05
3.06405e-09;2.09921e-08;0.999999;2.9559e-08;5.73393e-12;2.31592e-10;1.2993e-09;1.89396e-11;1.80588e-09;2.10927e-09;8.51946e-09;4.28922e-07;3.46771e-07;5.15177e-12
5.10091e-07;6.93611e-05;0.999717;2.26351e-05;6.20973e-07;1.02107e-07;8.6191e-07;1.53718e-05;2.44923e-06;3.14018e-07;5.61931e-06;0.000161512;1.97871e-06;1.32497e-06
2.03606e-06;0.00600771;0.000154486;3.84138e-05;0.00381623;0.00282691;2.72751e-07;0.0397752;4.13281e-07;3.37057e-05;3.13918e-07;5.51422e-06;3.04941e-06;0.947336
9.57935e-06;0.029829;0.000778358;8.34423e-05;0.00759442;0.00069424;2.88685e-07;0.000209385;2.61797e-08;1.78208e-05;4.39611e-06;0.937856;0.0218201;0.00110319
0.000592931;0.110023;1.0654e-07;0.000479733;0.0198527;0.000892443;1.51512e-06;0.691013;0.000709656;9.7045e-07;0.00227354;0.00987517;0.16406;0.000224378
4.60195e-06;0.998975;4.27352e-05;3.05609e-06;1.88304e-05;1.6706e-06;1.29257e-08;0.00078665;4.09238e-10;6.85711e-07;1.00542e-09;4.63328e-08;0.000158358;8.28752e-06
8.38905e-08;1.04318e-07;0.999998;2.69568e-08;4.27137e-10;7.96706e-10;1.14614e-08;7.9902e-09;1.57816e-09;2.20024e-09;2.75716e-09;1.53644e-06;7.36978e-07;1.5793e-09
1.0491e-07;2.15711e-05;0.993204;2.33139e-07;1.2453e-07;7.18689e-07;9.74983e-08;8.01722e-06;3.64287e-08;3.03655e-07;8.36342e-09;0.00495476;2.496e-08;0.00181039
1.0542e-07;0.000163956;1.92874e-06;3.54043e-06;0.000994324;0.022146;3.82691e-08;7.12595e-06;1.6698e-06;1.10156e-07;5.23213e-06;2.43491e-06;2.06808e-05;0.976653
1.52455e-06;0.982616;9.74662e-07;1.18503e-07;4.5083e-06;6.43894e-06;1.45922e-07;0.000153361;1.04419e-09;4.7677e-07;1.43127e-07;0.000111396;0.0168222;0.000282956
1.71592e-10;3.9451e-09;1;1.34419e-10;4.95607e-10;5.10605e-10;1.17169e-11;5.95324e-10;1.70244e-11;2.94304e-12;1.07997e-11;3.78942e-09;7.11642e-09;6.62026e-13
2.21519e-06;0.961663;4.89482e-06;8.1549e-05;1.15561e-05;7.15069e-05;2.2165e-06;0.00894668;3.37251e-05;1.12728e-06;5.92947e-05;0.00223142;0.0268407;5.03313e-05
4.00583e-07;0.156411;1.16001e-07;4.64691e-05;0.000168008;0.000164647;2.92553e-07;0.0380417;4.54075e-08;2.10704e-06;6.93338e-07;0.000890544;0.80367;0.000603469
0.000137462;0.13434;5.33916e-06;0.0303591;0.00151967;0.000195894;4.46465e-05;0.139898;1.69228e-05;0.000117786;0.00260978;0.420828;0.26825;0.00167774
4.89942e-06;0.948417;8.08742e-09;1.62343e-06;3.25843e-07;5.4576e-08;6.69237e-05;2.05802e-05;1.18741e-07;8.68628e-06;4.28181e-06;3.82446e-06;0.000215434;0.0512565
0.000155409;0.00658967;7.33033e-05;0.000174239;5.76978e-05;9.3014e-07;0.915141;0.00147594;0.00671959;7.39306e-05;0.0682385;3.81242e-05;0.00124485;1.70761e-05
5.22603e-05;0.234042;5.1211e-06;0.000125557;0.00168543;0.000220554;3.02152e-06;0.757898;0.00324794;1.02956e-06;0.000243429;0.000708261;0.00174279;2.40741e-05
0.0002137;0.915043;6.36346e-05;1.32316e-06;0.00174469;0.000329076;1.29442e-07;0.0536398;2.15383e-07;3.72198e-05;1.73787e-07;0.000640702;0.00325818;0.0250279
3.33315e-06;0.0018668;5.00766e-06;9.5162e-06;0.000233628;2.18582e-05;1.34109e-08;8.63801e-05;5.11976e-06;6.64627e-08;2.4685e-05;0.997628;1.50797e-05;0.000100794
6.64595e-06;0.973278;4.31394e-06;1.62065e-09;2.50487e-08;2.35863e-09;9.36494e-08;2.65852e-05;1.14433e-08;6.68861e-10;6.75834e-08;1.69403e-05;0.0266668;7.30282e-10
6.26728e-06;0.983774;7.66608e-06;3.28802e-06;6.54636e-06;2.25704e-05;0.00161685;0.000397639;1.82342e-05;0.000585193;5.57344e-07;8.7361e-06;0.000109883;0.0134421
1.33503e-10;7.7833e-11;1;1.46398e-12;1.801e-12;1.26803e-12;1.64711e-11;7.74058e-12;2.54394e-10;2.22482e-13;3.43961e-13;1.35811e-09;2.92027e-12;2.57779e-13
0.000174164;0.69307;1.58386e-07;2.17859e-05;0.000240832;0.00284023;2.37391e-05;0.0113279;0.0279136;7.0488e-07;8.61981e-05;0.000909159;0.263037;0.000354418
8.41592e-06;0.995419;3.86758e-07;7.27462e-09;3.94703e-09;2.36372e-08;4.38696e-08;7.77259e-06;2.25839e-07;6.99193e-09;6.96722e-09;0.00382383;0.000739985;9.34183e-08
1.22684e-07;2.08303e-05;7.54272e-09;3.81679e-06;0.000733198;1.2397e-05;1.81585e-09;0.000124637;2.10666e-05;2.68263e-08;3.44671e-06;0.99891;5.80377e-07;0.000170246
1.76006e-06;0.942351;1.89396e-05;2.47722e-07;2.36585e-07;1.31327e-07;2.39685e-08;4.11302e-07;1.44331e-08;2.31541e-08;2.28506e-08;5.8992e-07;0.0576265;1.82594e-08
0.000617503;0.130627;1.48424e-06;1.01858e-05;0.0131168;0.00025967;5.53647e-06;0.0843094;0.000994032;1.44067e-06;6.46088e-06;0.730306;0.0354236;0.00432031
4.28687e-05;0.00308249;0.0163651;9.04048e-05;0.720606;0.00445069;1.15393e-07;0.15462;3.08505e-07;6.70989e-06;1.20806e-07;0.0167289;0.0295148;0.0544915
0.000608899;0.489352;9.32404e-06;0.0016076;3.76608e-05;0.000160158;0.000228039;0.00157435;0.010708;5.62839e-05;0.00138613;0.046952;0.446393;0.000926542
1.16619e-06;0.999931;7.67551e-08;1.2168e-06;5.96418e-10;4.54465e-08;9.85732e-07;7.73215e-08;7.55984e-07;1.50001e-07;1.77076e-07;2.46338e-05;3.94124e-05;1.74799e-07
7.9597e-07;2.94375e-05;8.91187e-06;2.2041e-05;2.45648e-05;1.79014e-06;2.22264e-09;5.42058e-05;8.84706e-08;6.77694e-08;4.02752e-07;0.999817;1.71352e-07;4.06502e-05
2.22717e-05;0.611815;2.862e-06;1.32457e-07;4.8757e-08;2.70388e-06;3.35588e-06;5.00992e-05;1.77379e-07;2.05383e-07;1.73469e-06;4.61114e-05;0.388056;1.65378e-08
1.85345e-05;0.160675;8.31441e-05;4.618e-05;4.26329e-06;0.000345306;0.599288;2.93524e-05;7.74224e-05;0.222187;1.34008e-05;1.2218e-05;2.48556e-05;0.017196
2.88186e-12;2.15972e-13;1;6.34609e-12;2.82976e-13;4.06379e-12;3.36198e-11;2.95261e-14;5.79454e-11;2.23311e-12;1.5442e-12;4.13458e-10;4.91535e-14;3.20706e-15
0.000115883;0.993168;1.04248e-05;5.27297e-05;6.57029e-05;0.000498804;0.000732237;0.00232403;0.00206674;2.11947e-05;0.000181064;3.92601e-06;0.000718872;4.0475e-05
0.00103306;0.184529;5.01505e-06;6.10242e-05;0.00088002;0.00105026;5.85859e-06;0.0325159;0.000503098;4.89129e-06;5.8249e-05;0.34282;0.436404;0.000130358
2.18991e-06;4.57761e-05;1.81756e-11;3.81055e-06;2.05711e-06;4.90117e-05;4.19085e-09;0.00020781;2.32484e-07;1.7264e-07;4.42603e-08;3.58731e-06;0.999684;1.20735e-06
6.92015e-05;0.000152216;0.999645;3.25857e-05;1.50046e-06;2.47315e-07;3.38026e-07;1.03346e-06;1.81081e-07;1.61205e-05;1.54748e-07;8.86821e-06;7.22802e-05;2.71996e-07
4.97853e-08;3.44876e-05;3.10615e-09;1.04228e-08;2.30203e-12;7.58447e-10;0.99764;1.50666e-10;1.75095e-06;0.00232169;1.48186e-06;6.34348e-13;1.48829e-09;2.53878e-07
6.21777e-13;4.45232e-14;1;1.03422e-11;1.21322e-13;1.3934e-12;9.77102e-11;1.62173e-15;1.62935e-11;3.70744e-12;3.29338e-11;2.1998e-11;1.58161e-15;4.61586e-15
