1.13697e-07;0.999815;2.6069e-08;6.93321e-10;1.60493e-09;1.5752e-10;1.00626e-08;1.20834e-05;7.9868e-10;2.24478e-09;5.78177e-10;0.000123408;4.90299e-05;2.55626e-08
2.37631e-07;0.00100241;3.82003e-07;3.08021e-06;0.000139665;4.84025e-06;0.00119872;1.02082e-05;1.89419e-07;0.0048075;1.47603e-07;2.03301e-06;2.76432e-08;0.992831
1.03839e-05;8.39078e-06;0.999534;9.30041e-06;6.71185e-08;3.63249e-07;0.000217697;9.63704e-05;9.22895e-05;5.70613e-07;2.77381e-05;1.51188e-06;1.6067e-06;4.17357e-08
2.63751e-06;9.30093e-05;5.83461e-10;1.07145e-09;1.47564e-08;2.08173e-09;5.2151e-08;0.999883;9.82223e-06;8.69242e-10;1.98486e-08;2.62774e-10;1.11949e-05;6.45392e-09
2.02224e-05;0.970328;0.000286003;7.28012e-07;1.4064e-06;2.69046e-07;0.0287051;1.22868e-05;1.55423e-05;0.000237432;6.70462e-08;0.000168812;2.57265e-06;0.000221498
8.92972e-10;3.56354e-11;1;2.47456e-10;3.16449e-10;5.00367e-12;2.80304e-09;1.98722e-11;6.65408e-09;1.1367e-11;5.34289e-10;4.32707e-08;3.24957e-11;2.66243e-12
7.23319e-10;0.999998;1.20978e-11;2.6354e-11;6.16818e-11;1.83568e-12;2.8719e-08;2.47888e-10;6.89102e-11;2.7695e-09;6.93969e-12;1.4284e-09;3.53407e-09;2.07916e-06
3.12333e-12;4.06546e-11;1;1.18718e-11;3.74037e-10;1.1099e-12;2.73647e-11;1.40067e-12;3.24277e-13;5.51605e-12;2.86903e-13;9.80942e-09;5.77503e-15;6.15925e-10
2.36573e-07;0.988893;3.45895e-05;8.3015e-07;3.54026e-07;3.93511e-06;2.14955e-05;0.000743846;4.10883e-07;7.0078e-08;7.22205e-07;3.48801e-05;0.0102408;2.47389e-05
1.2818e-08;0.998516;7.16544e-09;1.87995e-07;1.50916e-08;1.33531e-08;0.000170543;2.07723e-05;4.44878e-09;8.24617e-06;2.87465e-08;4.05272e-10;3.31772e-06;0.00128079
2.88538e-11;3.40877e-12;1;1.31785e-09;4.95415e-11;6.44941e-12;3.49861e-10;4.42957e-13;1.71334e-09;2.5689e-11;1.33075e-08;3.39e-08;6.13209e-11;3.55093e-13
1.35021e-06;0.998183;1.15625e-08;2.54699e-06;2.06137e-06;3.85453e-06;0.000883627;0.000171605;4.39639e-06;0.000352826;8.35896e-06;4.31795e-09;0.000360707;2.60737e-05
5.78367e-11;6.10272e-13;0.999999;2.19011e-09;2.68759e-10;2.14491e-09;1.56905e-09;1.12032e-11;5.74704e-11;7.7661e-10;2.20007e-09;1.42182e-06;2.95002e-10;3.08141e-11
2.53513e-06;0.494153;1.95789e-06;2.65833e-05;8.45248e-05;2.6315e-05;8.04534e-05;0.0672913;0.000374339;3.46766e-07;0.00112562;0.000454556;0.436378;2.69175e-07
2.45553e-06;0.95985;0.0104943;2.79547e-05;2.31001e-05;3.31866e-05;0.00403181;2.00452e-06;3.24135e-07;0.0249272;8.50131e-06;1.16145e-06;1.21581e-06;0.000596815
3.9328e-11;1.21262e-11;1;1.19527e-11;1.9539e-12;2.03924e-12;4.0727e-10;1.00725e-12;6.51043e-11;1.01505e-12;3.59345e-10;5.8215e-08;2.38773e-13;4.5447e-13
1.00912e-06;0.983914;2.05323e-06;1.41372e-06;6.39644e-05;6.35772e-07;3.61367e-06;0.000865517;0.000306583;1.50782e-07;4.54198e-05;0.014755;3.17484e-05;8.57491e-06
8.95507e-07;0.103128;0.000170208;3.34128e-06;0.000584131;4.41219e-05;1.7023e-08;2.7498e-05;5.44497e-08;1.47884e-07;4.75431e-06;0.876779;0.018866;0.000391294
7.81222e-06;0.568987;9.29572e-09;6.3882e-07;0.00153655;0.000166766;2.90996e-07;0.0108085;2.48834e-06;2.86373e-08;1.88485e-05;0.00450166;0.330281;0.0836883
6.75994e-06;0.960972;7.66795e-07;1.12525e-07;0.000236241;3.29708e-06;3.69692e-08;0.0272353;9.1358e-07;1.22266e-08;2.10074e-07;0.00864285;0.00288533;1.63791e-05
5.42817e-05;0.187945;0.0282063;5.02694e-05;0.136574;0.011743;5.67648e-08;0.00117979;4.59951e-09;6.68511e-06;1.28311e-07;0.0807945;0.0298619;0.523584
5.55969e-06;0.00818583;1.20972e-08;1.93088e-06;0.0089869;7.89556e-06;1.20135e-07;0.980772;1.01883e-05;2.04882e-08;9.25127e-06;0.000106281;0.00136343;0.000550901
5.09793e-05;0.0249066;0.900374;0.00314841;0.00106329;0.0015835;4.31611e-06;3.92959e-05;1.0972e-05;3.45099e-05;0.0010043;0.0004278;0.0667233;0.000628691
0.000494147;0.908355;0.0466383;9.91883e-05;0.000547294;7.80902e-06;4.57812e-05;0.00970619;6.28282e-05;8.60182e-06;7.73192e-05;0.0157757;0.00559733;0.0125846
8.31275e-06;0.954008;2.24298e-07;1.09722e-06;0.000688036;8.32939e-06;2.64449e-05;0.005582;0.000516894;7.04847e-07;0.000541624;0.000166134;0.0384509;9.14879e-07
0.000103714;0.0571626;0.0337405;1.64734e-05;0.00169992;0.000253392;4.57497e-07;0.00160057;2.34732e-07;7.71994e-05;1.55158e-06;0.890558;0.0145356;0.000249562
1.41512e-05;0.782458;3.11936e-05;4.13177e-06;0.000594727;2.06834e-05;3.90545e-06;0.209094;4.4105e-05;4.79619e-07;1.81651e-05;0.00417424;0.00158647;0.00195581
4.43173e-06;0.961308;1.56611e-07;1.75417e-06;5.45239e-06;7.35746e-07;2.08248e-06;0.00349884;7.44616e-07;1.33447e-06;2.42216e-06;4.67967e-05;0.0351105;1.67047e-05
2.6901e-06;0.994614;1.55066e-11;3.92046e-06;1.60964e-05;1.11466e-05;1.18935e-06;0.00167701;7.30593e-06;7.02134e-06;5.0735e-07;0.0011327;0.00251213;1.40279e-05
3.7205e-05;0.0404452;6.30537e-05;3.39237e-07;2.03243e-06;4.19148e-08;2.04216e-07;0.0197636;9.79602e-07;5.76676e-08;5.81089e-07;0.938526;0.00116041;1.37603e-08
0.000100395;0.574038;5.26399e-07;4.84064e-05;0.000992094;0.00163175;0.00290703;0.0509884;0.000453357;0.000689102;5.59978e-05;1.72376e-06;0.367784;0.000308736
4.29597e-08;1.17541e-10;1;5.14479e-09;9.60335e-11;1.73551e-11;5.42467e-09;1.06763e-09;2.73688e-07;4.7997e-10;9.73193e-09;1.6993e-08;4.17342e-11;4.37381e-12
1.26258e-05;0.000137353;7.97904e-05;6.00735e-06;2.74131e-05;1.94212e-06;9.89834e-08;0.00423298;0.00504538;4.25749e-08;1.67477e-05;0.990397;1.00826e-05;3.20625e-05
6.21116e-05;0.33573;6.1412e-06;3.28428e-06;2.90915e-05;0.000164626;2.66148e-07;0.000380412;0.000102268;1.30209e-06;3.21414e-06;6.97216e-05;0.663307;0.00013988
9.5467e-05;0.282513;0.00208597;2.59652e-06;0.00816231;4.05529e-05;1.37521e-08;0.00160613;3.72072e-07;9.78218e-07;3.19894e-07;0.633844;0.000691568;0.0709568
1.76431e-05;0.00864993;5.33275e-06;0.00047159;0.210321;3.09104e-05;4.46226e-08;0.765689;0.00124066;9.74996e-07;5.77729e-05;0.00287506;0.00186402;0.00877585
2.4725e-05;0.0047524;2.48478e-08;6.92103e-07;0.00084497;2.92226e-07;7.26342e-08;0.994325;7.31139e-06;6.35945e-07;8.72533e-08;7.46414e-06;1.98953e-05;1.68634e-05
9.31059e-05;0.00329893;0.950181;3.04573e-05;0.00225881;0.000130534;1.15071e-07;0.00309701;1.73852e-07;4.06577e-05;2.22408e-07;0.040362;0.000455889;5.11175e-05
8.71108e-06;0.986452;2.65087e-05;4.10141e-06;5.4581e-06;1.36359e-07;4.71375e-06;0.00906641;0.000352179;4.23415e-08;0.000178803;0.00303663;0.000548325;0.000316501
5.09082e-06;0.97364;1.14023e-06;4.00428e-06;7.94923e-05;3.18698e-06;8.99637e-07;0.0243907;8.74475e-05;3.65466e-06;5.32635e-06;0.000232587;0.00104393;0.000502379
1.88396e-05;0.203605;9.35929e-09;3.42152e-06;0.0014209;7.81772e-07;9.97647e-06;0.782458;0.000118199;5.86914e-06;3.44936e-05;0.0105348;0.00176666;2.36314e-05
1.71928e-05;0.00532391;0.00217006;4.07551e-06;0.000761113;1.05252e-06;2.18614e-08;0.0019249;9.04561e-06;1.05636e-07;4.37837e-06;0.98928;0.000503722;6.40955e-08
3.39744e-05;0.976044;1.9999e-08;4.87556e-07;2.29192e-05;3.23912e-06;4.1306e-06;0.0202318;0.000671727;4.06362e-07;1.80042e-05;4.46629e-09;0.00296139;7.45728e-06
1.7845e-08;5.02179e-11;1;6.80881e-10;3.24813e-11;7.13576e-13;4.30734e-10;4.70523e-10;4.71258e-08;2.44023e-11;1.05392e-09;1.36072e-09;6.08787e-10;2.49527e-13
4.70472e-06;6.72088e-06;0.0145016;1.82385e-05;9.57521e-06;9.22257e-08;1.97424e-09;0.000942663;0.000860014;6.96576e-09;1.83242e-05;0.983617;1.92334e-05;1.42949e-06
3.11056e-05;0.426999;0.000103066;2.30078e-06;0.00143151;1.32738e-05;6.87761e-09;0.564738;3.18188e-06;2.37866e-07;5.9378e-07;0.00217266;0.0039999;0.00050463
3.4411e-07;0.00216397;5.14648e-08;1.39373e-07;0.00185772;2.82511e-07;1.97665e-10;0.994627;1.22157e-08;3.95867e-08;7.77263e-09;0.000946698;0.000398885;4.68248e-06
1.38451e-07;9.54587e-05;0.999674;3.90747e-07;3.973e-05;7.10713e-06;2.00386e-10;7.63617e-07;4.32213e-11;3.22617e-07;8.43989e-11;0.000174853;8.21499e-07;6.40851e-06
6.26443e-06;0.828843;9.12737e-06;2.32843e-06;2.65082e-06;2.03194e-06;6.53133e-07;0.170563;9.39401e-05;7.836e-08;4.82259e-06;3.91713e-05;0.000406306;2.65955e-05
