1.23704e-05;0.996254;0.00187574;7.88439e-05;9.80552e-05;6.89759e-08;5.91926e-08;0.00131366;7.3294e-07;1.69814e-07;4.16184e-07;0.000245057;0.000114653;6.38378e-06
8.87455e-07;0.98419;1.46236e-09;6.69413e-07;8.27578e-06;4.53744e-06;1.02366e-05;0.0148205;2.27094e-07;2.19647e-05;1.01219e-07;1.56831e-09;0.000904595;3.78705e-05
3.38669e-12;1.02317e-13;1;2.56601e-10;3.61187e-11;4.00164e-11;5.52164e-12;4.55441e-14;1.49642e-12;1.20649e-11;1.46039e-11;1.15926e-08;1.62828e-14;6.21436e-11
1.04711e-06;0.995072;3.63366e-06;1.17717e-07;8.05671e-08;3.0493e-07;2.61699e-05;0.000138013;7.75125e-07;1.6673e-08;4.3004e-06;2.73687e-06;0.00475074;8.6285e-09
5.57834e-07;0.979414;1.04793e-05;3.03365e-06;6.04789e-06;4.26241e-05;2.79477e-08;0.000322337;6.6156e-07;4.93497e-08;4.049e-06;0.0015434;0.0184746;0.000177871
1.67967e-07;0.000455018;3.89275e-07;3.56697e-07;0.000101404;0.000552043;8.72275e-09;0.000154598;4.04807e-07;8.26756e-08;1.44658e-06;0.908288;0.0896219;0.000824427
1.47805e-05;0.0818024;0.649051;0.000118661;0.00361547;0.000527509;0.000147436;3.41502e-07;2.00443e-06;0.00426814;1.32857e-06;0.00576998;9.77573e-05;0.254584
0.000107459;0.00340195;0.000142443;8.31333e-05;5.88783e-06;1.28031e-05;0.24392;0.00116401;0.316037;2.47358e-05;0.431196;3.37244e-06;0.00390057;5.05302e-08
2.02833e-07;0.00168121;3.61962e-10;1.82773e-08;3.44689e-06;3.18879e-09;2.55322e-10;0.998314;2.15084e-07;4.97367e-10;5.47946e-08;6.79157e-07;2.28312e-07;2.58167e-09
1.57592e-06;0.203903;0.784462;3.20694e-05;0.000108829;0.00354653;8.27046e-07;2.84791e-05;7.03265e-09;0.00036302;9.2765e-08;3.56085e-08;0.00723594;0.000317642
1.81913e-09;7.00528e-11;1;1.27726e-10;1.02123e-10;7.12708e-12;3.71187e-10;8.28953e-08;5.61852e-10;1.25017e-11;2.24314e-09;2.53218e-08;1.67674e-10;1.02063e-11
7.35186e-08;0.00115499;0.00147196;8.95124e-07;1.15079e-05;7.12192e-07;2.32008e-09;8.63991e-06;6.16668e-06;5.1828e-09;1.00728e-06;0.996032;5.16261e-06;0.0013064
0.000546527;0.92532;0.00378723;5.34797e-06;0.0304284;0.00122666;7.64763e-07;0.0013953;0.000261448;2.1895e-06;1.16649e-05;0.00348066;0.0251094;0.00842396
1.32405e-05;0.00946088;1.02897e-06;4.5047e-09;0.0136005;1.11929e-06;4.25019e-09;0.954912;7.2359e-08;2.55464e-08;1.05485e-08;0.0219457;2.05324e-05;4.45044e-05
2.92837e-07;6.34429e-05;0.97876;1.93691e-07;0.0199216;8.98424e-05;1.04976e-10;0.000112551;1.64437e-10;1.39938e-08;2.55602e-10;0.00053363;0.000515411;2.70748e-06
6.60107e-08;0.997933;1.19567e-07;7.84553e-09;9.42111e-07;8.0465e-09;2.81942e-09;0.00167543;2.78222e-09;1.06851e-09;8.27782e-10;4.58348e-07;6.80129e-06;0.000383455
2.51189e-07;0.00247152;1.28268e-07;2.40666e-08;4.40056e-07;1.61457e-08;3.32565e-08;0.996504;2.8144e-07;1.5976e-08;1.40849e-08;4.89427e-11;0.00102322;1.84694e-09
7.36397e-10;1.40414e-05;0.999986;5.13562e-09;7.77684e-12;1.52823e-11;1.88228e-10;1.26352e-09;1.49131e-10;1.09905e-10;1.69945e-10;7.7332e-08;6.22557e-08;4.38305e-12
8.0649e-07;0.00142256;0.000292195;1.08875e-06;3.4225e-06;8.67852e-07;3.79698e-09;1.8501e-05;5.39219e-07;1.41469e-07;5.80599e-07;0.997947;0.000238064;7.37783e-05
1.1699e-06;0.997744;8.9372e-09;1.69058e-05;3.7094e-05;2.97315e-06;1.40922e-06;8.94386e-05;2.77328e-06;1.95152e-06;6.76187e-05;6.16984e-05;0.00160538;0.000367775
4.97707e-07;0.975518;8.37172e-07;1.11511e-07;1.08676e-07;2.54266e-08;4.51082e-06;2.07399e-07;2.22456e-09;6.28897e-07;4.06168e-08;0.0243693;0.000100895;4.75264e-06
4.16261e-05;0.384878;4.21772e-08;1.32107e-06;5.43757e-05;8.16547e-06;0.00072721;0.385127;1.65132e-06;1.70939e-05;9.40271e-07;1.26604e-05;0.229116;1.44394e-05
5.05446e-09;2.22529e-10;0.999999;1.20703e-09;4.75805e-10;9.70609e-11;5.7093e-10;6.1113e-09;6.22437e-10;1.38416e-10;6.74629e-11;8.03723e-07;4.04844e-10;8.48458e-12
1.24688e-05;0.0114079;0.000175433;0.000335929;4.64904e-05;5.06625e-05;1.40263e-05;0.00109714;0.00386131;4.06282e-06;5.3e-05;0.982679;0.000136585;0.000125628
0.000654979;0.739596;0.00028233;5.21096e-05;0.000146824;7.74517e-05;7.23992e-05;0.244194;0.00143793;1.53601e-05;0.00156112;0.0103797;0.00150149;2.79954e-05
2.67999e-06;0.00327881;4.12482e-06;8.74075e-05;0.00642261;5.13209e-05;1.17224e-07;0.00860377;3.74822e-05;2.57147e-06;3.96593e-05;0.980276;0.00090167;0.000291975
0.00105254;0.422783;0.391084;0.00442852;0.00480642;0.00395551;1.16281e-05;0.00579399;2.20948e-05;0.000116809;4.63507e-06;0.0010513;0.163829;0.00106063
0.000871189;0.0422831;4.49634e-05;1.98311e-05;9.16131e-05;0.000151529;3.64191e-07;0.508336;0.000341528;3.43007e-07;5.15733e-06;0.0288928;0.41895;1.14786e-05
4.26185e-05;0.305409;9.84704e-05;2.32288e-05;0.0011348;0.00112967;1.48774e-07;0.00607706;2.05469e-06;1.33765e-05;2.0803e-06;0.637924;0.0265867;0.0215566
0.000106713;0.880164;1.95153e-05;0.000132619;4.55927e-06;0.000160147;0.0427973;0.000158793;2.86925e-05;0.06008;6.68952e-05;3.30471e-05;0.00246587;0.0137813
3.54084e-09;2.91592e-10;0.999999;2.15965e-08;2.55353e-10;1.94056e-07;1.02753e-07;3.36545e-12;5.36582e-08;5.77476e-09;4.87193e-08;2.86837e-09;4.85198e-08;1.46408e-12
0.000386478;0.716525;0.267023;0.00114404;4.22553e-05;0.00011206;0.00258758;0.00491508;0.0009742;0.000103728;0.000438305;1.54059e-05;0.00573045;2.85327e-06
0.00230614;0.77541;2.06029e-05;0.00190479;0.0029326;0.00237716;0.00186347;0.00917891;0.0931212;0.000128728;0.0336077;0.00877386;0.0658039;0.00257107
4.25545e-05;0.900792;1.93688e-06;3.23964e-06;0.00061318;4.88585e-06;6.35511e-07;0.00410821;2.77181e-06;8.83365e-06;3.02817e-06;0.0362124;0.000151566;0.0580548
1.66165e-05;0.996589;1.68153e-07;2.81189e-08;1.4779e-07;3.91638e-08;0.00290237;0.000112634;2.19197e-07;8.73174e-05;4.61048e-08;8.90549e-06;0.000197992;8.42583e-05
1.33138e-09;7.32912e-10;1;7.80876e-11;4.22584e-11;5.9625e-11;2.7959e-09;1.79875e-10;3.49899e-10;1.27314e-10;1.26584e-10;2.09593e-07;5.69156e-11;6.26959e-11
2.21692e-07;0.999901;1.73147e-09;9.31197e-08;3.77801e-08;2.42686e-08;4.17585e-05;4.15377e-08;3.0561e-08;8.59205e-06;1.53999e-07;7.46398e-07;9.94141e-06;3.76141e-05
5.23535e-08;2.69317e-07;0.999993;1.58534e-07;1.02642e-08;5.94709e-08;3.5964e-07;2.06715e-09;6.15204e-08;2.3301e-08;7.46518e-08;5.83712e-06;5.17497e-08;2.02379e-07
6.50734e-06;0.926301;1.81506e-06;9.70788e-08;5.47118e-08;2.47677e-07;8.44362e-05;0.0730584;1.6922e-06;2.11312e-06;2.54447e-05;4.54984e-05;0.000472785;9.5401e-08
1.74928e-07;0.000601652;2.83133e-05;0.000101926;6.92097e-05;0.0004175;5.72149e-07;0.0120684;1.59476e-06;4.75673e-06;4.4831e-05;0.985832;0.000718052;0.000110876
4.13786e-07;0.992744;1.70714e-07;0.000161559;6.59111e-06;5.50638e-05;2.07547e-05;0.00086667;1.78171e-05;2.40235e-06;0.00449984;7.05681e-05;0.00154983;4.57596e-06
2.65115e-06;0.00633527;0.000219652;1.68593e-06;1.54484e-05;5.47106e-06;2.36863e-07;9.96698e-05;7.48219e-07;4.31039e-07;1.45539e-05;0.962711;0.0305846;8.48361e-06
0.000567091;0.18066;0.000107283;6.68493e-05;0.0032067;0.00509865;6.84769e-05;0.657167;0.00959314;0.000476062;0.00026381;0.00232161;0.137563;0.00284044
0.00323762;0.083206;6.77936e-06;0.000102041;0.000171708;1.14153e-05;2.57558e-05;0.691321;0.0923762;5.82147e-06;0.000908206;0.00152479;0.127099;3.86433e-06
8.95848e-05;0.996616;8.25289e-07;1.41895e-06;3.58501e-07;6.5833e-08;1.31508e-06;0.00062511;3.46109e-05;1.71718e-06;1.04554e-06;0.00236164;0.000257818;8.07551e-06
7.7555e-05;0.0328113;6.67485e-06;2.8919e-05;0.000257154;3.10511e-05;1.16429e-05;0.00444485;3.73595e-05;1.21209e-05;7.40151e-05;0.949877;0.0015154;0.0108152
3.61345e-05;0.937941;3.05927e-07;1.04359e-05;4.18888e-06;6.24767e-06;2.93359e-05;0.000642745;3.51145e-05;4.2148e-06;2.09981e-05;8.45733e-05;0.0609068;0.000277389
0.000339003;0.0163453;0.0025444;0.0101478;0.00170734;0.00502119;0.000785161;0.057037;0.0055689;0.000316447;0.00622095;0.889197;0.00316848;0.00160116
0.00082657;0.773588;4.34233e-07;7.39808e-05;4.56158e-05;0.000118666;1.09949e-05;0.0291279;0.000130614;3.15895e-05;0.000129677;0.0203123;0.171147;0.00445658
3.72818e-06;0.9993;2.55164e-08;5.45914e-07;1.21897e-08;1.51936e-08;0.000639474;2.67588e-07;2.32972e-07;3.60286e-05;4.63522e-06;1.50547e-06;1.16101e-05;1.90846e-06
6.94462e-10;2.70899e-10;1;7.31042e-10;7.90983e-10;5.89528e-11;2.43879e-10;1.3327e-09;4.42816e-10;1.79834e-11;1.44245e-09;9.99437e-09;2.3508e-11;4.49602e-12
2.02647e-05;0.908271;1.98988e-05;2.84676e-06;4.3916e-06;6.70388e-07;1.41358e-05;0.0885667;8.2511e-05;4.15682e-06;0.000286092;0.000447602;0.00227946;5.22489e-07
2.24437e-07;0.0386728;2.52381e-06;1.65176e-05;6.94131e-06;6.82789e-05;0.429768;9.11997e-07;1.06199e-06;0.530112;3.93294e-05;1.27911e-05;2.19031e-08;0.00129766
6.41502e-09;3.15047e-08;0.999974;3.41284e-07;7.80362e-11;6.81173e-10;1.79221e-05;2.15795e-11;6.05989e-08;7.36661e-08;7.33425e-06;2.8897e-08;6.79826e-10;1.40601e-10
3.28734e-06;4.46077e-05;4.20224e-09;6.49843e-09;7.37134e-08;6.2719e-09;2.07351e-06;0.999938;1.77381e-06;3.11972e-08;1.20763e-06;1.53906e-07;8.77502e-06;3.75893e-09
5.6753e-07;0.00651829;1.79485e-06;5.91475e-05;0.00780616;0.0070078;4.14515e-05;0.000934537;2.81518e-06;0.00032869;1.10136e-05;3.60248e-07;9.42534e-05;0.977193
5.77393e-10;4.02884e-09;1;4.90886e-10;2.23926e-12;6.04913e-12;6.86157e-09;9.7708e-12;1.63186e-09;8.90919e-11;3.48745e-09;1.05152e-09;2.53313e-10;3.66572e-13
2.89671e-06;0.00697513;0.990361;3.75066e-06;5.4258e-06;9.20553e-06;1.10084e-06;6.0694e-05;8.92996e-06;1.95956e-07;1.50583e-06;0.00210717;9.46977e-05;0.000368613
2.55887e-06;0.582017;8.32529e-05;3.63255e-06;0.0203011;0.0510596;1.29186e-09;0.000182355;2.22672e-07;3.13096e-07;7.84743e-07;0.0192617;0.0031015;0.323986
6.10553e-08;0.9943;1.30339e-05;2.21298e-07;1.09041e-06;3.97669e-05;5.75897e-06;9.98236e-06;2.93462e-10;0.000257051;1.70848e-09;7.25612e-05;2.27463e-06;0.00529785
2.30369e-13;2.91582e-12;1;8.84338e-12;3.67977e-12;1.40039e-10;9.74386e-13;2.48817e-12;5.77704e-15;8.24593e-13;4.38206e-14;8.71021e-11;6.48776e-12;2.07449e-14
2.0535e-08;0.999765;1.38709e-09;1.0962e-07;3.47949e-09;2.9464e-07;0.000194264;2.05198e-08;9.52639e-10;3.68073e-05;6.09053e-09;2.31977e-08;1.57351e-06;1.79204e-06
1.26079e-08;1.27988e-07;0.999998;5.75106e-07;5.62959e-10;1.26615e-08;3.82648e-07;2.70481e-09;3.29861e-08;1.5074e-08;1.01812e-07;6.58328e-08;3.05224e-07;2.74356e-11
5.76111e-08;0.00483635;1.02314e-10;5.27351e-08;1.84374e-06;1.93748e-10;1.32877e-08;0.995161;5.58958e-09;8.33705e-08;5.9459e-09;4.20593e-07;3.28343e-08;2.89767e-08
4.06352e-06;0.00434671;0.932531;0.00100326;0.000116255;0.000191206;8.01524e-07;3.61427e-06;9.89853e-08;4.36599e-05;5.6289e-06;0.000156064;0.0615752;2.25021e-05
5.78791e-05;0.577164;5.12961e-06;8.83802e-05;7.25916e-05;0.000449822;3.54807e-06;0.0341384;1.66449e-05;5.71699e-06;0.000299454;0.379485;0.00635921;0.00185358
3.34623e-06;0.108713;1.46087e-09;2.28526e-05;0.00709383;0.579793;6.57835e-07;0.0302087;2.31492e-07;6.55676e-05;9.21138e-07;8.02829e-08;0.264379;0.00971891
6.86735e-09;1.49655e-12;1;6.67861e-09;2.45507e-12;7.34335e-12;2.27309e-11;1.28601e-11;2.04818e-09;3.816e-11;1.40672e-09;2.75928e-08;1.77809e-09;2.26385e-13
0.000112943;0.00033712;2.70022e-06;0.00682253;3.6683e-05;5.8216e-06;2.70982e-06;4.11287e-05;0.935691;1.70938e-06;0.0494952;0.00733963;9.42106e-05;1.65638e-05
0.00101758;0.0419178;1.557e-05;0.000151664;4.87802e-05;8.03885e-05;5.67365e-07;0.00309104;0.00131357;7.4107e-06;0.00134793;0.000713561;0.950105;0.000189385
2.40914e-06;0.0145721;5.64532e-10;1.80832e-08;0.00223343;2.13539e-07;1.62132e-09;0.983033;5.3831e-07;4.63718e-07;2.05086e-07;6.91096e-05;7.74565e-05;1.11345e-05
2.7719e-06;5.52041e-05;0.985915;3.05157e-05;0.0119996;0.000228696;2.10421e-07;4.92784e-06;1.74546e-07;0.000360085;3.68529e-07;0.00129199;1.70225e-06;0.000108746
0.001094;0.00944507;0.000223522;9.77593e-05;5.34004e-05;2.11571e-05;0.000608533;0.0887101;0.805179;7.07466e-06;0.06647;4.20019e-06;0.0280649;2.16455e-05
