1.70793e-06;0.997912;0.00176294;4.23031e-06;1.92979e-06;6.28034e-07;1.59228e-06;1.16967e-05;3.38601e-09;6.1274e-06;1.04573e-08;2.55195e-07;0.000278647;1.78093e-05
5.10031e-09;8.49815e-09;0.999999;4.99656e-08;4.93411e-10;3.37914e-09;2.19402e-08;2.45433e-10;7.4746e-09;8.22336e-09;1.27747e-08;1.05161e-06;6.3686e-09;1.98679e-10
1.08098e-08;3.7635e-08;0.999873;3.67874e-07;3.24978e-07;2.37147e-08;1.61498e-09;9.36553e-06;9.00571e-08;1.17503e-09;6.93416e-08;0.000113179;3.8732e-09;3.57582e-06
5.28549e-10;0.00399403;1.24415e-10;1.61249e-09;5.06475e-08;2.48915e-07;1.02805e-09;3.88973e-09;1.83236e-10;8.80909e-09;1.04556e-10;3.95967e-13;1.774e-10;0.996006
3.87819e-11;1.07499e-10;0.999974;9.93415e-13;1.09602e-10;3.1326e-11;3.94844e-13;7.5339e-13;1.42482e-14;1.4737e-12;2.22214e-14;2.55014e-05;2.82814e-11;6.94255e-08
5.8371e-07;0.00176891;1.35704e-11;9.18861e-08;0.00156532;4.95203e-07;1.50893e-08;0.996641;3.22694e-06;5.78778e-09;2.96548e-07;4.68762e-07;1.8722e-05;4.46823e-07
8.42106e-07;0.000949563;0.998338;4.13286e-06;0.000666417;1.13237e-06;1.91019e-10;2.17428e-05;7.90026e-10;6.8775e-08;2.84238e-08;2.41975e-06;2.3419e-06;1.32586e-05
5.76026e-05;0.977811;0.0102161;3.93485e-05;0.000757236;1.90247e-05;6.41499e-08;2.69449e-05;5.74839e-08;1.37753e-06;1.78077e-06;1.9378e-06;0.0061217;0.00494546
7.41604e-05;0.00384096;3.42187e-06;5.41938e-09;4.91185e-07;3.74239e-09;4.42244e-06;6.36104e-06;7.88848e-07;6.22371e-09;1.23942e-06;0.992727;0.00332996;1.15163e-05
1.8453e-06;0.00451387;6.84023e-09;2.59715e-09;0.000134075;8.98726e-09;1.72249e-08;0.995307;2.46435e-07;1.01531e-09;4.81201e-09;2.57075e-05;1.24753e-05;4.44826e-06
1.61425e-05;0.000128281;0.994527;6.70402e-07;0.00177548;0.000285102;4.63311e-09;4.76409e-05;3.13881e-08;1.23036e-07;3.72299e-09;0.00214862;0.000626136;0.000444709
2.80967e-06;0.78497;3.78297e-08;2.1058e-07;2.30309e-06;1.56704e-05;1.13172e-05;0.211623;3.79008e-06;2.06711e-07;2.51964e-07;1.90637e-10;0.00325861;0.000112138
6.87721e-11;1.41858e-11;1;1.96739e-11;1.59764e-12;1.23289e-12;3.44224e-11;1.70217e-11;4.4579e-10;2.91908e-12;1.35089e-10;7.80488e-09;2.1482e-10;1.00799e-13
2.12411e-05;0.0500261;0.061245;0.000313702;8.64306e-05;0.000411743;8.88094e-05;0.00279788;0.0340577;1.49104e-05;0.00134609;0.804886;0.0438792;0.000825205
1.66757e-07;0.999551;5.09377e-10;1.07227e-07;3.42562e-07;1.61027e-05;6.77756e-05;0.000128607;6.05966e-07;3.50485e-05;8.11683e-07;9.34405e-09;1.81147e-05;0.000181047
6.2036e-12;5.43501e-11;1;1.3967e-11;1.47604e-10;3.2467e-12;5.35506e-11;1.96923e-11;3.46957e-13;2.47357e-11;6.291e-12;2.49221e-07;1.20842e-13;2.65888e-12
1.20832e-05;0.00550358;0.00176226;5.5066e-06;0.00116941;7.43375e-05;1.81774e-06;0.990066;2.76407e-06;1.86106e-07;5.41136e-06;0.000564725;0.000711183;0.000120728
1.26276e-09;0.99575;1.71635e-10;5.00689e-10;2.72466e-08;5.04467e-09;6.68216e-09;2.87953e-07;1.30099e-11;1.28978e-08;4.43922e-12;1.35846e-09;1.51575e-06;0.00424793
0.000442101;0.69502;0.000116018;0.000584897;9.51009e-05;6.68685e-05;0.1657;0.00484301;0.0498234;0.000282689;0.00428138;0.000465551;0.0781396;0.000139842
5.12196e-06;0.0225961;1.81679e-07;6.39884e-08;4.71918e-07;6.68469e-08;9.36173e-08;0.977273;3.02371e-07;2.92031e-07;1.813e-08;2.56307e-06;0.000121003;9.30832e-07
2.13425e-07;0.0106514;1.28435e-05;7.28558e-07;2.15647e-05;1.25988e-05;4.51222e-08;9.9393e-05;7.67594e-08;2.49711e-07;2.5271e-07;0.98885;0.000148573;0.000202613
6.95849e-06;0.0415563;3.45731e-05;4.44633e-06;0.000592005;2.36913e-06;3.14552e-06;0.953266;0.000144699;1.93278e-07;0.000167548;0.000889131;0.00332554;6.65025e-06
4.78118e-08;0.996004;1.48245e-08;1.0043e-08;5.25189e-08;6.36934e-10;9.46258e-06;4.53842e-08;5.30585e-09;3.98911e-06;5.12645e-10;6.87219e-08;2.04989e-08;0.00398272
4.65546e-09;4.85165e-11;1;6.57277e-11;9.70227e-08;9.40464e-13;6.62708e-10;6.09868e-09;1.7806e-09;1.24537e-11;2.21944e-12;1.07201e-08;2.04505e-12;2.9792e-13
1.15755e-05;9.41849e-05;2.23778e-07;3.21754e-07;6.40799e-06;1.61614e-05;1.04335e-06;0.99766;0.000672175;2.82888e-07;3.73344e-07;0.000310297;0.00122695;2.64301e-08
1.72946e-05;0.00304727;2.32546e-08;1.85319e-05;2.17608e-06;2.12925e-06;8.6663e-06;0.00286109;0.00216749;3.33691e-07;0.000148367;1.74332e-06;0.991723;1.87085e-06
0.000316936;0.0131083;3.09189e-06;0.000214057;9.67754e-06;3.79278e-06;3.12122e-06;0.00118199;0.00272685;1.69078e-05;0.000174886;0.980965;0.00125576;1.98905e-05
1.07982e-05;0.999584;6.17821e-09;5.88738e-07;8.94564e-08;2.57348e-08;0.000126838;0.00018849;2.32854e-05;1.49953e-05;5.30129e-06;2.22253e-07;1.28297e-05;3.26095e-05
1.30337e-10;1.11075e-09;1;4.0647e-11;3.30736e-12;3.1262e-14;6.42832e-10;1.02727e-13;5.06089e-11;7.96439e-11;3.48851e-11;1.15953e-08;6.75517e-14;1.60591e-12
6.49798e-07;6.81638e-06;7.01449e-06;6.76354e-07;4.86473e-06;2.5202e-07;4.90558e-07;0.00402623;0.000331599;8.50731e-08;0.000112019;0.995495;5.80226e-07;1.36829e-05
1.18191e-06;0.992534;8.60914e-09;1.35649e-08;4.53679e-08;3.68105e-08;1.06307e-07;4.63561e-06;1.85153e-06;4.22098e-09;2.93347e-06;6.51594e-06;0.0074479;1.05311e-06
1.30904e-06;0.123875;9.14869e-08;1.77999e-08;3.2856e-06;1.42372e-06;3.59863e-11;0.013881;2.57554e-08;5.76901e-09;9.69236e-09;0.861758;0.000445173;3.48346e-05
7.58444e-06;0.705859;4.05501e-05;1.9088e-05;0.000776856;4.87252e-05;1.62581e-07;0.257598;3.52448e-07;4.09571e-06;1.10824e-06;0.0263546;0.00620738;0.00308221
3.34063e-05;0.0059989;6.40356e-08;8.94715e-06;3.73779e-06;0.00708912;4.70692e-05;3.25543e-05;4.11604e-05;2.17912e-05;0.000100211;0.00381582;0.982203;0.000604116
2.85544e-07;0.000404367;0.999254;4.94022e-07;1.00472e-08;1.03531e-08;1.23031e-05;5.10561e-10;5.39328e-09;4.46634e-05;2.02924e-08;0.000283382;1.31167e-08;7.31128e-07
5.7009e-07;1.9337e-05;0.999934;8.83966e-07;9.07657e-08;1.34426e-08;2.92877e-05;2.85146e-08;4.95436e-07;1.83925e-06;2.85789e-06;1.04411e-05;2.67485e-08;8.81182e-08
2.12286e-06;0.990995;2.94691e-06;3.54794e-07;1.80715e-07;6.03264e-08;9.50169e-07;0.00734261;4.53316e-06;2.61569e-07;0.000109103;0.00112916;0.000411945;3.01443e-07
2.17403e-07;0.978635;4.36952e-10;1.25099e-06;0.000520027;1.14371e-07;4.86205e-07;0.0199014;1.08788e-06;3.63791e-06;1.91212e-06;0.000378288;9.1428e-06;0.000547225
2.11813e-06;0.00105713;0.0147675;2.90143e-05;0.000125259;0.000435147;4.1686e-07;2.7101e-05;5.13083e-07;3.26629e-05;7.25921e-06;0.983349;1.97424e-05;0.0001468
5.87698e-06;0.00370107;8.03574e-09;9.21434e-09;7.12954e-07;6.11553e-07;2.91122e-07;0.995761;6.54036e-07;4.54391e-09;1.02528e-06;1.52386e-05;0.000512965;2.97993e-07
5.74984e-07;0.0154821;1.26168e-05;1.5445e-05;0.000457922;0.000788995;1.11284e-08;0.00017244;7.60507e-06;2.86185e-07;4.2414e-06;0.0289444;0.000408734;0.953705
1.75259e-06;0.977235;5.03541e-07;1.56623e-08;3.10493e-09;9.94922e-09;8.61603e-08;5.75845e-06;6.76841e-08;4.18877e-09;6.87435e-07;0.000314091;0.0224417;2.61353e-09
9.54159e-07;0.0950861;1.31095e-05;4.98482e-05;0.000241307;0.000266331;1.87887e-07;0.00629189;1.03799e-06;6.17126e-06;1.16305e-05;0.893199;0.000260723;0.00457187
4.47573e-06;0.930079;3.98205e-07;8.53564e-06;0.00122401;0.000709883;2.98386e-07;0.0316575;3.08537e-07;2.73544e-06;1.67501e-05;0.00281716;0.0325541;0.000925063
4.94896e-08;0.99996;3.28529e-10;6.02979e-09;4.1003e-10;5.46159e-10;4.3196e-06;5.75339e-09;2.67833e-09;8.0305e-07;7.07745e-08;2.30347e-05;1.63095e-06;1.0021e-05
0.000117111;0.0462069;6.44222e-05;0.000596273;1.59732e-05;1.61621e-06;0.492446;0.000862001;0.0649678;0.000100602;0.392351;6.48149e-05;0.00220405;1.46348e-06
2.4896e-07;0.00471111;5.3771e-10;8.06238e-10;2.72816e-08;1.06722e-09;4.35032e-10;0.995248;6.45072e-10;2.28629e-09;4.98183e-10;2.30159e-08;4.09809e-05;4.14302e-09
3.17193e-08;0.00192415;6.87724e-06;4.30736e-07;2.48791e-05;4.90104e-05;7.8183e-09;1.59139e-05;1.63996e-09;2.7404e-07;2.92318e-08;0.996229;1.38925e-05;0.00173559
9.56936e-09;7.69008e-05;3.51873e-12;1.05736e-08;4.01834e-08;6.9315e-08;7.60119e-09;5.8921e-05;1.30258e-08;5.16692e-10;1.72312e-07;4.21777e-08;0.999864;8.95464e-08
6.86961e-06;0.000134148;1.60766e-06;6.49342e-05;7.5766e-05;4.2488e-07;1.0699e-07;4.61048e-05;6.49826e-05;1.65181e-06;6.97732e-06;0.999575;2.0906e-05;5.83244e-07
0.000164711;0.993558;3.15275e-08;1.07073e-05;3.77423e-06;1.25069e-06;5.79044e-05;0.000577026;0.000734383;1.23939e-05;4.31908e-05;2.24862e-05;0.000215494;0.00459851
4.79237e-06;7.12992e-06;1.19239e-09;4.8545e-09;7.78357e-08;3.36019e-10;8.03056e-08;0.999974;1.17869e-05;2.7394e-08;5.94718e-08;1.44889e-06;4.59422e-08;3.83664e-09
2.47609e-06;0.00449623;1.39072e-07;6.13606e-05;0.000307637;0.000165033;1.586e-08;9.26806e-06;3.97037e-05;4.99672e-07;1.63991e-05;0.992526;0.000283686;0.0020912
3.92816e-05;0.96744;6.79321e-07;4.32928e-07;8.1273e-07;4.85388e-07;1.81289e-07;0.0112457;5.00185e-06;5.35643e-08;2.05036e-06;0.000502311;0.0207534;9.7382e-06
1.24665e-05;0.373729;1.4771e-05;1.73955e-05;0.011571;0.000115837;3.29809e-07;0.126421;1.95239e-07;3.76995e-06;6.30826e-07;0.00321678;0.00780152;0.477095
0.000997452;0.0451862;3.72423e-06;0.000491267;0.000329678;0.0781703;0.00251401;0.000750616;0.000871769;0.000197951;0.00174797;0.185625;0.66588;0.0172344
3.70167e-05;0.0121824;0.967975;5.11388e-05;3.46118e-07;6.00755e-07;0.0137838;9.14116e-08;3.60676e-07;0.00484351;8.90191e-07;0.00107893;6.85934e-07;4.51203e-05
4.84427e-09;1.57636e-08;0.999999;1.20711e-07;7.57326e-10;3.99293e-09;4.66181e-08;2.49342e-09;1.09348e-07;5.77555e-09;3.12671e-07;6.63891e-07;4.42854e-10;8.71409e-10
6.57471e-06;0.974114;3.4029e-07;3.0768e-05;4.56272e-06;2.15125e-06;9.46072e-05;0.0231928;0.00024717;1.95254e-05;0.00181744;0.000116937;0.000328432;2.42807e-05
2.61988e-06;0.960312;1.7184e-08;1.05895e-06;6.1226e-10;1.45213e-08;0.000211259;2.95491e-07;2.74848e-05;4.67278e-07;0.00270751;0.000953068;0.0357845;1.47389e-08
9.02162e-05;0.204628;0.000119603;3.1603e-05;0.000821703;0.0002833;1.21775e-05;0.00817488;5.43392e-06;2.28833e-05;0.000250711;0.739649;0.0100096;0.0359015
1.44629e-06;0.051327;1.94608e-07;3.53958e-08;7.86856e-05;1.36851e-05;1.13423e-08;0.944285;1.12141e-07;1.21396e-08;5.05667e-07;0.00080134;0.00348517;6.983e-06
1.9007e-06;0.00785318;1.09434e-08;3.54783e-05;0.0012522;0.00238994;1.826e-07;0.000329443;1.19861e-06;9.8312e-06;8.97153e-06;0.00839418;0.979073;0.000650862
5.17789e-05;0.0277384;0.971463;0.000201525;1.5653e-05;2.50396e-06;2.53516e-06;1.27138e-05;4.83936e-07;8.91314e-05;2.9685e-06;1.08255e-05;0.000406699;1.93018e-06
4.7026e-05;0.00287381;1.08234e-06;1.29341e-05;2.77211e-06;3.97544e-06;5.8776e-05;0.00320258;5.35689e-06;7.71975e-06;0.00130186;0.000355177;0.99212;6.59166e-06
3.10915e-06;0.00818811;1.12369e-07;0.00126401;0.00102832;0.000186061;1.59085e-06;0.00478129;0.000373094;4.09102e-06;0.00448674;0.00413053;0.00495181;0.970601
1.01715e-07;0.000315002;3.85686e-09;5.02408e-08;6.56884e-06;1.74939e-09;4.53037e-09;0.999665;3.67734e-08;2.10036e-09;5.00213e-07;1.16563e-05;9.7172e-07;4.70204e-08
8.60383e-07;0.000692986;0.998513;1.75854e-05;2.9131e-05;3.99506e-05;2.25205e-05;1.70914e-06;1.01368e-08;0.000177375;1.87464e-06;1.51283e-07;0.000495826;7.08335e-06
4.16409e-09;7.85647e-10;0.999999;4.83262e-10;5.63435e-11;1.37534e-11;1.55245e-08;1.79976e-09;2.47368e-08;6.15682e-11;1.30322e-07;4.51346e-07;6.2106e-11;9.71296e-12
2.72229e-07;0.000211803;0.0149607;1.8236e-07;9.06301e-06;7.95097e-07;3.14427e-08;2.43364e-05;1.29941e-06;6.25246e-09;1.50037e-06;0.984623;0.000150845;1.58152e-05
3.43529e-06;0.00791803;1.12803e-09;4.29376e-08;0.136067;0.00197152;2.16343e-08;0.0289312;0.000207667;2.23055e-08;3.82602e-05;2.74884e-06;0.824846;1.38194e-05
0.000117002;0.0260795;0.0586182;0.000153343;0.427231;0.0160391;5.38505e-08;0.000149247;8.95903e-07;2.29151e-06;1.37989e-05;0.00472388;0.466335;0.000536171
1.77894e-05;0.0189967;0.968264;4.33733e-08;1.31384e-05;3.7296e-09;3.20911e-10;0.0127;7.24295e-09;1.20494e-10;5.43518e-10;3.08095e-06;5.07061e-06;1.66865e-07
2.99054e-06;0.0106887;6.93728e-11;3.25907e-08;1.14229e-05;3.76668e-08;8.58777e-09;0.988402;4.90301e-06;3.36776e-09;1.94674e-07;4.98661e-06;0.000884655;3.21033e-07
7.03905e-07;0.991481;0.000160463;6.01104e-09;6.42361e-08;1.06989e-09;2.74429e-09;2.29e-05;5.85015e-10;1.28919e-08;3.54006e-10;0.00806068;0.000273033;1.31231e-06
4.63006e-07;0.00393484;6.59982e-08;4.82957e-07;7.48575e-05;1.80945e-07;9.63e-06;5.32466e-06;3.72582e-07;2.55872e-05;3.51964e-08;2.72597e-06;3.69414e-08;0.995945
0.000886525;0.000264388;0.959037;1.06494e-05;2.6479e-05;3.26753e-07;0.000246237;0.0361355;0.00155433;1.32574e-06;1.26521e-05;0.00180699;1.33886e-05;4.44118e-06
0.000155588;0.878509;0.0100867;9.11562e-05;0.00046784;1.69159e-05;1.61318e-06;0.0128856;1.61254e-05;9.6389e-06;1.69117e-06;0.0335733;0.0641818;3.06894e-06
0.00020531;0.824718;4.92433e-08;4.89963e-05;0.000788491;0.00132273;5.50402e-05;0.0596287;0.000910098;1.43205e-05;3.86519e-05;0.00616742;0.0774396;0.0286626
2.81864e-05;0.948314;0.0389162;2.7425e-06;4.65138e-05;4.9777e-07;1.27816e-07;6.98277e-05;3.54098e-08;7.02426e-08;1.39879e-08;0.0125719;3.19706e-05;1.74758e-05
7.06992e-07;0.00222167;2.9401e-09;1.53998e-08;7.96593e-07;1.97242e-06;0.00211741;1.63396e-08;3.76299e-08;0.000531481;3.65743e-09;2.88668e-10;2.15924e-08;0.995126
1.79921e-09;1.31033e-09;0.999998;6.751e-11;5.42153e-11;5.42969e-11;9.83128e-10;1.68112e-11;2.76789e-10;1.13543e-10;2.6864e-11;1.62643e-06;6.00419e-11;1.05798e-10
3.05844e-05;0.0368278;1.04106e-05;9.61737e-06;0.000217156;0.000355059;6.99983e-07;0.00888604;2.0271e-05;1.18822e-06;4.86304e-05;0.0381264;0.914861;0.000604988
2.69034e-07;0.902836;2.37012e-07;3.17642e-06;3.30739e-05;0.000386725;7.18591e-07;0.0676623;3.26209e-06;1.18704e-06;3.35905e-06;4.38059e-07;0.00961547;0.0194539
3.41525e-11;3.98592e-11;1;4.36362e-10;4.29003e-12;7.70654e-12;1.65342e-11;1.82302e-11;1.93326e-11;8.03401e-12;5.94988e-10;3.96994e-07;6.97763e-11;1.59399e-12
1.2852e-06;0.00828206;0.0018165;3.27068e-05;0.000127529;8.40091e-05;9.76903e-07;0.00333444;2.41236e-05;1.80569e-07;2.30612e-05;0.985793;0.000329246;0.000150715
1.74499e-06;0.926897;4.0905e-07;3.36584e-06;3.67568e-05;0.000150165;2.9638e-06;4.51837e-05;9.62556e-07;2.50257e-06;3.10733e-06;1.30407e-05;0.0728281;1.51468e-05
1.52358e-06;0.00165375;0.801739;7.59139e-07;0.000121007;1.81445e-07;1.38294e-08;0.000110315;7.86976e-10;3.7103e-07;3.27857e-08;0.196285;1.71046e-06;8.58417e-05
0.000250207;0.249791;1.55293e-06;0.000242388;0.0112864;0.000590866;0.00149559;0.68468;0.013708;0.000178555;0.00555445;0.00132932;0.0300022;0.000889557
5.00854e-05;0.705843;7.34136e-07;2.83143e-06;1.08225e-07;9.31698e-09;3.27422e-06;1.64093e-05;4.88224e-05;3.11679e-07;2.81028e-06;0.293989;4.32247e-05;1.86681e-08
0.000105326;0.187538;2.4544e-05;0.00062503;0.00420874;3.06533e-05;2.154e-07;0.274425;2.21389e-05;3.50768e-05;5.03143e-06;0.532811;4.54512e-05;0.000123913
2.38124e-05;0.782524;0.0129481;7.94285e-05;3.19173e-05;1.95573e-05;3.23368e-07;0.000109853;1.44367e-08;2.6214e-05;1.11227e-06;3.4133e-05;0.204183;1.92368e-05
0.000153907;0.0767222;0.0004382;0.00021914;4.13661e-05;1.70787e-05;2.7568e-05;0.029968;0.000365931;2.27938e-05;0.00188172;0.888345;0.00151676;0.000280349
2.0447e-05;0.998083;6.46407e-06;1.78691e-06;1.70661e-06;1.20555e-07;3.60162e-06;0.00160447;5.91421e-06;4.23851e-07;4.2213e-05;4.13949e-05;0.000187329;8.38662e-07
0.000116627;0.908914;6.55968e-08;1.9583e-06;3.01528e-06;1.1035e-06;7.40984e-06;0.0121932;4.64538e-07;1.77037e-05;2.34865e-07;1.21045e-05;0.0786758;5.58027e-05
3.72872e-08;3.14069e-08;0.999997;3.05161e-08;4.03087e-10;1.37613e-09;5.01339e-09;2.17554e-10;8.22017e-09;1.51101e-08;9.02707e-09;1.9812e-06;1.07411e-06;1.03273e-10
6.8391e-08;3.18517e-07;0.999436;1.69154e-06;3.35318e-06;1.51359e-06;2.37895e-08;0.000344902;2.85732e-07;4.52137e-08;2.18611e-07;0.000152274;2.55194e-07;5.94492e-05
1.61206e-08;0.000190052;0.000118085;1.50128e-07;1.73525e-05;0.000689211;2.85872e-10;4.36153e-06;4.65025e-10;3.63477e-07;1.19129e-09;3.25645e-06;1.70943e-07;0.998977
4.73698e-06;0.112834;4.18412e-06;3.99639e-06;4.49779e-05;0.00010424;2.18236e-07;0.00316365;8.57231e-08;1.80591e-07;8.31143e-05;0.00275163;0.880971;3.3598e-05
8.33227e-07;0.994132;1.71203e-08;4.07185e-07;8.36553e-06;8.91092e-05;5.5241e-08;0.0047193;1.61755e-08;8.38796e-07;7.61838e-09;3.10889e-06;0.000860098;0.00018607
0.000142281;0.0557016;0.00020233;6.96565e-05;0.000274658;0.000372238;6.77471e-05;0.0215126;1.63563e-06;0.000106881;8.66619e-05;0.0121716;0.909216;7.44719e-05
0.00117538;0.418086;0.000174717;0.00405404;0.00556904;0.000678535;2.48131e-05;0.0155637;0.00132005;3.62925e-05;0.00104822;0.0871775;0.00188902;0.463203
7.48538e-05;0.987616;6.5336e-06;6.87823e-05;2.58455e-06;2.54728e-06;4.66354e-06;0.003555;1.77657e-05;6.88982e-06;0.000176006;0.00385799;0.00433969;0.000270523
2.04168e-07;1.59936e-05;3.75903e-11;2.18915e-07;0.00156314;1.22636e-07;2.76856e-08;0.998416;4.49032e-07;1.0232e-06;9.01469e-07;3.6031e-07;1.00442e-06;5.1218e-07
8.1572e-07;2.8703e-07;0.999992;1.864e-06;8.04901e-08;3.13434e-08;2.939e-08;7.22159e-10;1.3229e-09;1.36493e-06;1.90166e-06;1.4839e-06;6.53028e-08;1.48686e-09
5.22873e-06;0.000173293;6.03239e-10;3.951e-09;9.38687e-11;2.07086e-10;0.998457;4.25318e-08;6.87562e-07;0.00134063;2.29791e-05;1.0371e-12;2.54378e-09;2.63731e-07
1.04377e-11;1.604e-12;1;2.29062e-12;2.94278e-14;3.15384e-14;3.41458e-11;2.29061e-13;2.04214e-11;2.4103e-12;5.42058e-11;3.83379e-10;2.7321e-14;4.48242e-15
