2.09171e-12;2.11532e-12;1;2.62466e-13;2.06547e-13;4.49044e-14;5.84705e-13;4.42483e-14;6.74868e-14;4.82407e-14;9.51531e-14;8.53009e-10;5.41043e-12;8.40782e-15
3.21308e-05;0.114218;0.00065673;0.00113974;0.00709006;0.00932664;0.0001557;0.323603;0.0070418;0.000217873;0.00802507;0.486687;0.0250561;0.01675
4.75035e-06;0.729458;9.51419e-06;0.000474623;0.000476195;0.00107121;1.71872e-05;0.00584622;1.89321e-05;9.77984e-06;0.00113794;0.000583817;0.26027;0.000621838
0.00133919;0.138464;1.9148e-05;0.00122081;0.000121331;0.000568139;9.48142e-05;0.0455325;0.00122706;4.54363e-05;0.00455857;0.30135;0.504997;0.000461762
0.00010904;0.267882;1.34459e-06;1.97834e-05;0.0211243;0.000255071;1.68257e-06;0.647762;3.51469e-05;1.60587e-05;6.3423e-06;0.00358467;0.0589465;0.000255403
0.000761343;0.250171;9.34572e-06;0.000588293;0.0349452;0.000844831;7.39053e-07;0.198694;0.000630454;8.24614e-05;6.32882e-05;0.195314;0.316693;0.00120207
0.0102732;0.292294;0.0202547;0.0222244;0.234457;0.00658619;0.00397447;0.0326976;0.00944034;0.0150542;0.00219845;0.0548694;0.288913;0.00676305
0.00476162;0.00607666;9.34492e-06;0.000709584;0.00219728;0.000969419;2.1937e-05;0.868851;0.0978054;1.53809e-05;0.00322924;0.00548594;0.00982704;4.05566e-05
0.000124737;0.992012;2.37761e-08;6.54089e-06;3.37206e-06;1.2892e-06;1.43707e-05;0.0075751;1.08103e-05;3.36182e-06;6.48861e-06;8.81563e-05;0.000128466;2.52599e-05
0.000228288;0.993198;7.91165e-06;5.49763e-06;2.40709e-06;1.86421e-07;1.01237e-06;0.000193764;7.25602e-07;6.23392e-07;2.19725e-06;5.52234e-05;0.00624891;5.52057e-05
1.11163e-06;0.998941;3.90156e-08;1.88616e-08;4.50635e-08;3.40678e-09;0.000681631;1.38252e-05;1.27579e-06;1.05163e-06;5.32674e-09;6.55375e-08;1.24495e-07;0.000360141
6.58918e-12;1.26617e-13;1;3.36619e-10;3.46609e-11;6.29885e-13;1.57339e-10;1.01174e-12;4.83613e-10;1.1731e-12;1.74766e-09;4.47128e-09;9.62311e-15;6.84348e-13
1.22819e-05;0.602009;8.25342e-08;4.2061e-06;1.50286e-06;4.23341e-07;1.53929e-05;0.0940192;2.8412e-05;3.54475e-07;0.000536452;1.24933e-05;0.303359;1.3461e-06
1.86489e-07;0.000213505;9.84964e-06;5.13587e-07;2.09842e-07;8.08626e-08;4.20068e-07;1.52665e-07;3.59397e-08;1.22751e-07;1.83234e-05;0.999728;1.58161e-05;1.29742e-05
9.0068e-05;0.392921;8.949e-07;8.29732e-05;0.000722728;0.000633296;3.53581e-05;0.0665806;0.000404429;2.58207e-06;0.00231052;0.00134829;0.533936;0.000931224
0.000619597;0.111872;2.45412e-05;0.000461802;0.000208505;6.15535e-06;8.41855e-05;0.833479;0.00269734;1.33197e-05;0.018415;0.0253893;0.00666396;6.47015e-05
0.00431565;0.309866;8.17512e-06;0.00885138;0.0567926;0.00216062;0.000282139;0.118119;0.00691513;0.000288218;0.101598;0.0504017;0.339246;0.0011558
0.000112874;0.995929;4.66731e-09;8.59776e-07;3.38351e-06;9.06805e-07;0.00267141;0.000419849;1.78618e-05;0.000439404;2.59745e-05;4.89329e-07;4.77491e-05;0.000330617
2.43908e-09;2.10994e-11;1;1.67986e-10;4.51889e-11;2.2765e-11;7.17052e-10;5.66585e-11;8.54458e-11;1.32462e-10;3.576e-10;4.40432e-09;1.73328e-10;5.3345e-13
0.000956412;0.759251;0.0065582;0.00152714;0.000373991;0.00031102;0.011353;0.0214379;0.0202097;0.00195939;0.0169621;0.0074765;0.151252;0.000372106
0.000103675;0.00458078;3.56083e-06;0.00928518;0.0015007;0.0405618;0.12121;0.00051993;0.215438;0.00419934;0.577576;6.79161e-05;0.0208622;0.00409067
0.00266746;0.892897;0.0882333;0.011313;0.000123097;1.27483e-05;0.000335475;0.000581735;0.000407971;0.000361218;0.000689871;0.000632083;0.000175208;0.00156976
0.00562016;0.337708;2.9293e-05;4.0677e-05;0.00303949;0.000133128;5.08604e-07;0.592129;0.00117292;2.27306e-06;6.565e-05;0.00172926;0.056251;0.00207801
1.38934e-06;0.965857;1.22965e-07;3.88989e-06;3.64754e-07;7.80623e-07;0.000889925;1.44135e-07;7.81417e-08;0.00628292;5.06472e-08;1.83684e-08;3.59836e-07;0.0269626
5.5113e-10;1.28278e-11;1;2.22771e-10;6.53717e-11;1.27767e-12;2.89169e-09;2.89099e-12;4.29224e-10;2.89381e-10;6.20732e-11;2.03205e-09;2.92177e-13;1.88256e-12
9.67523e-05;0.00142434;6.57333e-06;4.53321e-05;0.00032057;3.06198e-05;0.000840831;0.0223496;0.953364;4.38368e-05;0.0213351;2.63467e-05;0.00011105;4.96893e-06
