1.01254e-05;0.996239;0.000446466;0.000289341;4.89472e-06;1.31791e-06;7.43883e-07;0.000141059;2.10067e-07;4.52022e-06;4.53865e-07;1.36523e-05;0.00282046;2.8209e-05
1.82642e-05;0.990439;1.3848e-07;0.000169552;4.26295e-05;2.01889e-05;4.29601e-07;0.00686282;4.94424e-05;1.9967e-06;2.63977e-05;0.00195626;0.000365288;4.71528e-05
1.4071e-05;0.992254;1.14934e-06;1.43834e-05;2.88717e-05;1.14904e-05;3.47134e-06;0.0071152;4.40249e-06;1.17804e-05;9.9562e-06;0.000229153;0.000160095;0.000141596
0.000353375;0.00334102;5.16278e-06;1.68205e-05;0.00130106;3.82774e-05;9.00445e-06;0.00918767;0.00028127;1.92145e-06;0.000240943;0.975207;0.00987624;0.000140215
9.87727e-07;0.999949;1.9957e-10;2.19097e-09;1.08514e-08;3.17658e-10;1.51373e-05;1.21393e-07;1.00518e-07;1.49395e-07;2.89085e-10;5.11907e-11;4.36251e-07;3.4473e-05
1.05496e-10;2.21401e-11;1;2.71321e-11;2.68435e-10;5.88466e-13;1.23291e-10;1.57467e-11;1.14081e-10;4.6111e-12;2.09306e-12;1.73064e-08;1.76718e-14;1.00412e-11
2.49033e-06;0.993108;2.98069e-07;2.71438e-06;1.46124e-06;4.07466e-07;0.00012313;0.00133538;0.00013412;1.4792e-07;2.36996e-05;5.3536e-05;0.00521238;2.63628e-06
9.05881e-06;0.064425;1.09323e-07;1.59321e-07;1.83041e-07;6.77761e-08;9.5653e-08;0.000106687;3.51591e-07;3.14109e-08;6.11457e-07;0.904387;0.0310647;5.77296e-06
5.27374e-06;0.531332;0.000175779;2.58628e-05;8.66314e-05;3.28091e-05;2.56755e-07;0.00323177;4.2397e-06;5.61936e-07;2.16834e-05;0.0992681;0.365743;7.25136e-05
3.87903e-06;0.329999;3.49602e-07;0.00012866;0.000304212;0.000757155;8.79413e-05;0.00248607;3.1929e-06;4.04272e-05;0.000183325;0.0197514;0.644619;0.00163538
0.00036667;0.117467;0.00360796;0.000295474;3.1611e-05;0.00396559;0.00067292;0.000871869;2.42831e-05;2.32419e-05;0.00248391;0.259517;0.610605;6.75439e-05
1.0527e-07;0.99965;4.74766e-10;3.18843e-08;3.06793e-09;2.92732e-08;0.000230828;2.81481e-05;2.37421e-08;2.69569e-06;1.84237e-08;3.50796e-10;1.89953e-05;6.90956e-05
1.83893e-10;2.00506e-11;1;8.12766e-10;1.18292e-10;1.83332e-10;7.88422e-11;2.83858e-11;1.43601e-10;8.05642e-11;5.4489e-10;8.35869e-09;2.89874e-11;3.06611e-11
9.99831e-07;4.42359e-05;9.36371e-09;2.36951e-07;8.77124e-08;2.03978e-07;3.95963e-09;0.999602;7.73326e-05;2.18263e-09;1.93679e-06;3.33774e-08;0.000272951;3.55103e-09
1.96207e-05;0.00740467;6.52343e-05;1.25931e-05;0.000233255;1.1258e-05;4.44922e-07;0.000322492;5.30018e-05;1.56255e-05;0.000131125;0.989323;1.20804e-05;0.00239587
1.2573e-07;0.999491;1.55835e-10;1.85655e-08;1.03337e-09;2.82573e-10;0.000473101;1.81232e-08;2.71758e-08;2.84602e-05;1.33391e-07;1.55201e-08;9.9717e-09;6.83263e-06
1.41229e-11;6.83641e-12;1;1.71167e-11;4.77909e-11;3.73251e-13;5.20594e-10;1.4892e-12;3.26527e-13;3.04402e-11;2.99362e-12;5.42092e-09;1.42727e-13;5.45113e-12
1.16247e-07;6.04842e-05;1.47826e-10;1.30926e-07;6.51717e-06;3.00561e-08;7.5248e-09;0.999591;2.35798e-06;5.60743e-09;3.89607e-07;5.48049e-07;0.000338305;2.28299e-08
2.34307e-06;0.000596875;0.998254;0.00044879;0.000123254;0.000188554;4.33919e-07;2.15879e-05;3.08672e-07;9.15851e-06;3.69166e-06;5.67935e-05;0.000194075;0.000100391
0.000145774;0.369472;2.73099e-06;1.1871e-05;5.29527e-05;3.4641e-05;0.00025074;0.00976444;0.00151841;2.99361e-06;0.0008857;0.0181389;0.599688;3.14197e-05
1.09466e-06;0.0339918;1.13774e-08;1.27562e-07;0.000262174;0.000722631;0.000145763;0.957149;4.64899e-06;4.05643e-05;7.00029e-06;6.58538e-08;0.00766849;6.37017e-06
4.71061e-10;5.00017e-11;1;9.83682e-10;1.32455e-09;1.0419e-10;2.63416e-09;2.65071e-11;1.59439e-10;1.1459e-09;1.04998e-09;8.47342e-08;6.71121e-13;5.79015e-10
8.04536e-05;0.000940999;0.0285313;2.41309e-05;0.000212553;2.10991e-05;3.61857e-05;0.0075929;0.000913501;1.98284e-06;0.000273312;0.960843;0.000281522;0.000247203
0.000147445;0.291903;1.30419e-07;3.44539e-06;0.000628941;0.000367305;4.77191e-05;0.0299622;0.0376612;1.44617e-06;0.0121476;1.21686e-05;0.627112;5.35474e-06
5.8171e-05;0.135789;0.000429349;5.64676e-07;0.016955;7.29868e-06;1.70466e-08;0.00313566;1.20877e-07;1.81172e-07;1.30367e-07;0.839723;0.0032559;0.000646275
9.38241e-06;0.84712;5.23175e-08;2.07344e-07;1.25259e-06;3.47938e-08;0.000163006;0.152596;5.61789e-06;1.63266e-05;1.30457e-08;1.80087e-07;5.97925e-05;2.80883e-05
6.83661e-07;7.86357e-06;0.999872;1.40696e-06;2.03934e-06;6.48166e-08;9.6513e-09;8.60546e-06;4.26013e-08;3.84665e-08;7.11989e-09;0.000106977;8.5363e-07;3.32938e-09
2.40878e-06;0.994105;2.89752e-09;1.36676e-07;6.94289e-08;6.06233e-07;6.2889e-06;0.000166542;1.61744e-08;1.84919e-05;1.7089e-08;2.83721e-08;0.00569275;7.78502e-06
3.99541e-10;5.78627e-12;0.999998;5.82646e-10;7.21963e-09;3.18854e-10;3.19627e-10;1.80634e-10;4.5455e-12;8.39927e-10;1.26507e-11;1.92364e-06;5.86818e-11;7.22885e-10
8.3222e-08;0.000225226;6.19177e-10;8.38464e-08;8.53379e-08;8.77136e-06;5.12742e-06;1.34767e-06;3.49261e-06;6.49345e-09;5.58596e-07;1.23441e-07;0.999755;1.04661e-08
9.47814e-08;5.83641e-06;0.999989;5.16851e-08;1.60601e-09;1.74052e-09;2.20383e-06;2.54892e-11;8.19823e-09;2.5873e-06;2.28341e-09;6.42274e-08;8.06628e-09;5.86479e-08
7.97604e-08;2.08006e-08;0.999997;7.35583e-09;1.90622e-09;1.62945e-10;2.34633e-07;2.83849e-08;7.49878e-07;1.35045e-09;1.00546e-07;1.4281e-06;1.39127e-09;3.42515e-10
6.05036e-05;0.775931;1.32408e-05;8.29932e-06;9.42918e-06;1.52762e-06;3.79279e-05;0.0607679;0.00265373;2.39755e-06;0.000421276;0.00068931;0.159295;0.000108
3.01924e-06;0.983391;2.9757e-08;3.62915e-06;1.29492e-07;5.39615e-07;0.00186936;9.27398e-05;2.57667e-06;0.00244026;6.8794e-06;2.47054e-06;5.31524e-06;0.0121823
5.81145e-10;1.54985e-10;1;9.96764e-10;2.77637e-12;6.72243e-13;4.90553e-09;3.44641e-12;2.05025e-09;2.71605e-10;2.65969e-08;3.79469e-08;8.78193e-11;3.60647e-12
1.06974e-06;0.957172;7.25542e-09;1.06605e-07;1.888e-09;7.60235e-10;0.0424446;2.66852e-07;4.60617e-07;0.00026253;1.08693e-05;1.37161e-08;8.33796e-07;0.000107705
6.64887e-11;7.25213e-12;1;2.77911e-10;9.42926e-10;1.47034e-11;8.04178e-10;1.26349e-11;7.77777e-10;3.58213e-11;3.90899e-09;1.60387e-07;5.28471e-13;1.93432e-11
5.26546e-07;0.982232;1.62901e-09;9.87118e-08;2.89198e-06;4.9335e-06;0.000150033;0.0035786;3.0583e-06;1.61203e-05;5.0515e-07;2.19565e-10;0.0140087;2.65275e-06
5.36963e-10;2.87729e-11;0.999997;3.69071e-08;3.06823e-09;8.53503e-08;1.19238e-08;1.33912e-10;1.23701e-09;2.49487e-08;6.79017e-09;2.62286e-06;1.08832e-10;4.25362e-08
4.36161e-05;0.475495;0.0755062;0.000137385;8.61729e-06;0.000161062;0.000232539;0.0272806;0.000131591;8.43416e-07;0.000181311;0.000289522;0.420523;8.4298e-06
0.00017281;0.941802;0.00639495;8.65182e-05;5.03184e-05;0.000112611;1.70517e-05;0.0167687;0.000193949;8.34652e-06;0.000576506;0.00760928;0.0242109;0.00199634
4.79201e-06;0.987301;5.84607e-08;1.31814e-05;6.55874e-05;3.39429e-05;0.000845087;9.46925e-05;9.29452e-07;0.00762568;4.47162e-06;3.27573e-06;2.61391e-05;0.00398165
5.58228e-10;3.62397e-12;1;1.74457e-10;2.7733e-11;1.33723e-12;5.18519e-10;1.43813e-12;2.54219e-09;5.39484e-11;1.47069e-09;8.35132e-09;1.91186e-12;8.4714e-14
0.000199055;0.00181914;8.08856e-06;0.000115733;6.04733e-06;7.12436e-06;0.000126631;0.0063148;0.474401;1.77341e-05;0.486557;0.0238637;0.00656309;4.78057e-07
0.000523268;0.61085;9.62392e-06;0.000113293;0.000287566;6.83472e-05;0.000171834;0.0298083;0.00277831;7.9966e-05;0.0107404;0.27664;0.0676231;0.000306021
1.55719e-05;0.967022;1.62286e-06;2.28876e-07;2.05478e-06;5.116e-07;4.82342e-05;0.0013696;6.24438e-07;4.0606e-05;2.29039e-07;2.00433e-07;0.0314925;5.52814e-06
8.23009e-10;1.44748e-09;0.999995;8.9586e-10;4.86462e-09;1.42801e-10;5.60251e-10;1.46653e-10;2.35729e-10;8.89543e-10;2.83957e-10;4.53944e-06;1.07474e-12;1.50421e-08
3.489e-05;0.78357;2.84106e-05;3.02084e-05;0.00025094;1.76959e-05;2.86718e-05;0.12751;0.0025238;2.12844e-06;0.000231643;0.0348757;0.0508326;6.34861e-05
3.47334e-06;0.321405;1.80756e-05;2.52465e-06;0.00119158;0.000374038;2.91102e-06;0.647196;0.0001662;2.98425e-05;3.29963e-05;0.001588;0.0279471;4.24529e-05
3.01485e-05;0.688557;2.30504e-05;0.000390207;0.00343117;0.0142354;1.00497e-06;0.0375535;5.42447e-05;2.31582e-05;5.03232e-05;0.0312053;0.168015;0.056431
1.86471e-05;0.999555;1.99277e-07;1.86462e-09;1.65072e-10;7.25038e-10;6.70393e-07;1.86558e-06;4.30365e-07;1.63325e-09;1.46146e-08;1.6682e-06;0.000421446;1.02626e-09
1.44396e-05;0.00189931;4.93645e-06;1.04714e-05;0.00200016;4.88846e-05;3.64725e-08;0.00846329;0.000159379;1.29778e-07;2.06429e-05;0.986701;0.000285368;0.000392318
1.81894e-09;0.999994;4.90983e-11;5.19735e-11;6.35462e-10;6.40718e-10;1.81243e-07;4.50336e-09;1.99543e-11;2.64249e-08;4.52126e-12;1.16986e-11;3.96249e-08;5.40843e-06
1.53755e-13;6.76599e-15;1;4.63047e-13;1.55242e-12;1.14471e-13;1.99418e-13;5.92903e-14;3.57267e-14;3.01459e-14;1.41327e-14;8.25949e-09;1.13113e-15;5.27816e-15
8.08318e-06;0.928217;5.30989e-06;6.6435e-05;1.21369e-05;8.76812e-05;0.00154727;0.00503545;0.000447974;4.28366e-06;9.70398e-05;7.43898e-06;0.064455;8.67516e-06
4.20858e-05;0.233051;4.07219e-08;4.25338e-06;1.52582e-05;1.81886e-06;2.49962e-05;0.765567;0.000305977;1.68657e-06;6.08915e-05;7.27398e-05;0.000844788;7.00666e-06
8.66524e-06;0.388343;1.09449e-08;6.1079e-06;0.000182003;1.4784e-05;6.80807e-07;0.00400508;2.51103e-05;1.76877e-06;1.85061e-05;0.588224;0.0191709;8.64255e-08
0.00458256;0.457314;2.30025e-05;0.00667978;0.00270877;0.000405542;0.0070474;0.0156898;0.237098;0.000723362;0.0384518;0.0270546;0.201938;0.000283536
0.00997839;0.019752;6.47769e-07;0.0015958;0.000114298;4.01672e-05;3.32037e-05;0.115727;0.804786;9.50357e-06;0.0296176;0.0133068;0.0050376;1.23588e-07
0.00127527;0.0675373;0.000177282;1.03047e-06;1.8116e-07;1.78442e-07;7.37654e-08;0.00130403;4.54419e-05;2.7188e-07;2.08807e-06;0.909619;0.0200374;1.12854e-07
4.2388e-06;3.1243e-05;1.91798e-09;2.32673e-05;0.139728;5.45823e-06;1.96777e-09;0.857573;0.000392016;1.58603e-06;1.01198e-05;0.00220141;1.59126e-05;1.38556e-05
0.000312168;0.0352617;0.963218;0.000176509;0.000124737;7.89071e-06;2.21599e-06;3.03974e-05;1.68107e-05;0.000486035;3.42633e-06;4.79113e-06;0.000330605;2.50336e-05
0.00615191;0.078724;0.000935923;6.88112e-05;0.00377126;3.07241e-05;0.000510706;0.236837;0.634525;1.93255e-05;0.0049072;0.0290621;0.00403662;0.000419798
