9.5245e-08;3.87628e-07;2.36607e-11;4.26349e-10;2.33933e-09;4.1324e-10;1.29618e-09;0.999997;8.41687e-07;8.59231e-11;7.128e-09;2.08031e-11;1.89435e-06;7.72136e-10
9.16489e-07;2.621e-05;0.000585283;2.81835e-06;5.93504e-05;1.49191e-07;3.41721e-08;0.00026103;8.42616e-06;2.77926e-08;1.33295e-06;0.999042;2.00392e-06;1.02512e-05
2.0718e-07;0.998922;1.6431e-10;3.72057e-08;2.07491e-07;3.67313e-07;4.57672e-05;0.000798841;5.80946e-08;1.22205e-06;6.05022e-08;5.18497e-11;0.000215543;1.5146e-05
2.04167e-12;2.8175e-12;1;6.53044e-11;8.43922e-11;6.20032e-11;8.92148e-12;1.49849e-13;3.46752e-13;1.33292e-11;1.61578e-12;9.33838e-09;6.46854e-16;5.72672e-10
4.57039e-07;0.992549;1.95811e-05;2.86305e-07;4.82899e-06;4.78744e-07;1.00416e-06;0.000221708;2.08742e-07;6.83979e-09;6.71493e-07;1.37269e-06;0.00719923;1.62587e-06
1.12119e-06;0.993021;0.00011974;8.78935e-06;2.72655e-05;1.48026e-05;6.03755e-07;0.00311474;1.07009e-05;1.14176e-06;2.17428e-05;0.00336479;0.000269291;2.4587e-05
6.10276e-08;6.4552e-06;3.45086e-07;6.13379e-06;0.492869;0.49881;1.39281e-08;0.00131185;3.04304e-07;1.01961e-05;4.48693e-07;0.000387817;8.44907e-05;0.00651366
0.000238523;0.733093;1.03095e-06;4.83136e-05;1.20855e-05;1.39047e-05;2.95504e-05;0.0165658;3.83712e-05;1.13798e-06;0.000324547;4.54319e-05;0.249588;1.07574e-06
6.4614e-05;0.00801551;1.25319e-05;0.00706454;0.0784749;0.00328873;7.11394e-08;0.893095;1.32335e-05;2.362e-05;9.41085e-06;0.000210983;0.000997013;0.0087295
0.000456861;0.352391;5.98556e-05;0.00302913;0.000897679;0.00134519;3.0027e-07;0.361943;0.000128611;2.06312e-06;0.000773933;0.275638;0.000394629;0.00293908
0.000135198;0.981014;0.00171514;2.42238e-05;0.000141931;0.000335244;1.10908e-06;6.66077e-06;5.69534e-07;1.44715e-05;3.74e-05;0.00163177;0.0133406;0.00160179
1.77463e-06;0.993117;3.45134e-08;5.71588e-08;3.28247e-05;1.6941e-06;2.41236e-07;7.88421e-05;1.83875e-09;7.25765e-06;1.59355e-09;5.13959e-08;1.13316e-08;0.00676062
1.08109e-10;7.05831e-14;1;1.04647e-12;7.91345e-09;1.24034e-13;2.92653e-12;7.68773e-10;2.76212e-12;5.55712e-13;3.31308e-13;5.08824e-10;4.4772e-15;2.2168e-13
1.1904e-06;1.88719e-05;6.51484e-08;1.96409e-08;8.5362e-05;1.30161e-06;1.28403e-09;0.999087;4.50466e-07;6.07429e-09;4.21443e-08;0.000717216;8.63807e-05;1.65438e-06
1.03429e-07;0.999085;1.409e-10;2.7743e-09;1.07401e-07;4.48761e-10;6.3448e-07;0.000145031;8.74397e-09;4.14891e-08;2.62051e-09;3.70015e-09;6.42934e-07;0.000768582
0.000983019;0.365784;7.50906e-05;0.000337595;0.000248247;8.95296e-05;0.0131217;0.281917;0.0166547;2.65782e-05;0.00524239;0.00647153;0.308954;9.41663e-05
5.41256e-06;0.000261512;7.02553e-10;2.17684e-09;2.09181e-08;3.93293e-09;6.60213e-09;0.999685;6.41728e-07;1.05664e-09;5.01036e-09;2.11687e-06;4.57966e-05;4.87431e-08
2.04887e-07;7.1927e-05;3.53373e-09;1.78104e-05;0.983535;4.43552e-05;1.01604e-08;0.00494685;2.55525e-06;6.4668e-07;9.0036e-07;0.010374;2.09691e-06;0.001004
2.29786e-06;0.000550465;0.994924;1.97371e-05;0.000107854;2.70903e-06;2.9164e-07;6.9272e-07;4.14343e-07;2.41452e-07;8.68203e-06;8.30228e-06;0.00437033;3.77528e-06
3.16448e-06;0.98888;2.00867e-06;7.9926e-07;2.63681e-05;1.37531e-05;0.000641275;0.00494747;1.25792e-05;4.45825e-05;7.82836e-05;3.40176e-06;0.0027128;0.00263404
2.85989e-10;1.14544e-10;0.999981;6.19217e-09;5.06511e-09;4.59812e-09;3.80702e-10;9.93765e-11;2.4684e-10;7.1847e-11;2.57285e-09;1.92748e-05;5.52318e-11;4.28257e-11
2.181e-05;0.00398719;1.64727e-07;4.60651e-05;0.00201977;0.000205405;7.30649e-08;0.725604;0.000122797;1.33248e-08;0.000757351;0.0149755;0.252256;3.63144e-06
0.00164138;0.452936;9.60224e-05;0.000272159;0.000119928;0.00018411;5.45778e-05;0.0683651;0.000977701;1.33117e-05;0.00142226;0.00285315;0.471012;5.18915e-05
7.49721e-05;0.266413;6.39257e-06;2.32983e-05;0.00386961;3.85261e-05;1.47106e-07;0.00511543;1.65453e-05;8.36214e-07;6.79288e-05;0.712409;0.0117882;0.000175889
8.31345e-05;0.784545;9.02802e-05;1.17519e-06;0.000195269;8.23588e-06;3.01085e-07;0.160802;2.05834e-05;1.59425e-07;1.56982e-05;0.013236;0.0409988;3.0929e-06
3.82418e-06;0.438879;1.64836e-06;1.20451e-05;4.13085e-07;2.12414e-06;0.510845;2.16332e-05;1.16361e-05;0.049703;8.20521e-06;8.12049e-07;4.75694e-05;0.000463015
9.34228e-11;1.6966e-12;1;4.883e-10;5.85865e-14;3.95223e-14;1.50116e-09;4.91058e-14;2.06011e-08;1.94794e-11;3.42839e-09;1.0887e-10;5.66396e-15;4.81772e-15
0.000912989;0.000865927;1.06682e-06;1.21587e-05;1.74805e-06;4.58562e-08;9.1056e-06;0.934719;0.0624571;1.75164e-06;0.000840496;1.29756e-05;0.000165726;1.59817e-07
9.76196e-06;0.00808764;0.000121361;1.27167e-06;8.96449e-05;2.98251e-08;5.06055e-09;0.0474962;1.71512e-06;1.53766e-08;1.78542e-06;0.94409;3.32462e-05;6.7054e-05
9.69764e-08;8.5518e-05;9.80013e-10;1.13187e-09;3.88186e-05;3.77377e-10;6.81618e-10;0.999873;7.86958e-08;3.35898e-09;6.81776e-10;3.67994e-09;2.12542e-06;9.23962e-08
1.02595e-06;1.68339e-06;0.999152;6.78638e-07;0.000707298;8.69245e-07;1.13452e-08;5.21565e-09;5.0263e-08;4.7938e-06;2.03881e-09;0.000105464;2.91951e-08;2.57081e-05
0.000267999;0.000282828;6.47541e-07;1.5467e-06;4.78242e-06;6.51665e-07;1.73624e-05;0.0211019;0.978108;8.61763e-08;0.000158125;2.21804e-07;4.63112e-05;9.32392e-06
