1.32625e-06;0.997678;1.1885e-09;4.36863e-07;5.44023e-06;9.16671e-08;7.39921e-08;0.00169423;1.11399e-06;5.02081e-08;6.75504e-07;2.60778e-06;0.000192551;0.000423328
5.95381e-05;0.601536;1.65826e-05;2.77015e-05;0.000462236;0.000126996;3.19587e-07;0.00178805;9.34236e-06;1.6095e-06;2.22512e-05;0.364314;0.0306669;0.000968659
1.51053e-05;0.996527;1.17055e-06;3.83656e-07;6.80285e-07;1.25259e-06;0.000414774;4.50717e-05;8.64087e-08;0.000694451;2.26127e-07;1.05172e-05;8.54536e-07;0.00228864
8.47904e-11;2.84889e-10;1;1.61057e-11;7.46735e-12;4.1962e-11;7.83983e-11;8.77645e-12;1.35791e-11;7.892e-12;9.819e-12;9.68358e-10;4.04006e-12;3.69054e-13
5.54706e-05;0.259254;3.38413e-06;1.57561e-05;0.00017886;0.000390065;2.07184e-05;0.00373836;0.000134402;7.84206e-06;0.000890646;0.031626;0.703556;0.000129301
1.45037e-06;0.420312;1.27701e-05;2.59069e-05;0.000607133;0.000303532;2.85128e-08;0.00273494;5.81543e-06;1.93165e-07;8.63576e-06;0.00806793;0.00492657;0.562993
4.88139e-06;0.946159;0.00083272;1.98415e-05;0.000135338;0.00014536;4.42233e-06;0.027557;1.04668e-05;7.59177e-06;7.46355e-05;0.0046869;0.0165728;0.00378865
1.05113e-05;0.700953;3.79836e-06;0.000471958;0.00996307;0.00316467;8.34122e-05;0.016203;0.000713292;0.000151916;0.0022826;0.182478;0.0819279;0.00159262
0.000237035;0.0553683;0.00715276;0.000167875;8.62631e-06;3.52288e-06;0.000274141;0.00745368;0.00100126;1.46045e-05;0.118329;0.765429;0.0445597;1.01061e-08
4.57613e-05;0.931686;1.51806e-05;5.68256e-05;5.07005e-05;6.28208e-06;6.02621e-05;0.0379314;0.000273874;4.56326e-05;0.0174423;0.00303999;0.00919316;0.0001526
3.8446e-06;0.996372;6.68414e-08;1.52928e-06;5.36587e-07;6.32226e-08;0.00144919;4.53645e-05;3.80578e-07;0.00196093;2.09125e-06;3.0292e-08;2.98926e-06;0.000160738
1.04329e-09;3.88556e-10;1;1.43299e-09;1.14629e-10;3.11283e-11;8.84785e-10;2.07781e-13;5.36174e-10;9.16166e-10;4.66094e-09;1.72654e-07;9.94245e-12;2.07973e-11
1.93297e-07;0.999992;8.08926e-09;3.0698e-07;9.6753e-08;2.51677e-10;3.86764e-06;5.20185e-07;1.03731e-07;1.13348e-06;4.60211e-07;5.71907e-09;8.97197e-07;6.40108e-08
4.99489e-11;7.75494e-11;1;1.75726e-10;1.19296e-11;2.9013e-13;6.19719e-10;1.37293e-11;5.20194e-11;8.88083e-11;3.07431e-10;1.0122e-07;3.74078e-12;2.0545e-12
0.00030959;0.0211435;1.13602e-05;0.00381351;0.000758173;0.00010077;0.0016313;0.0488832;0.459367;0.000208059;0.128015;0.0853412;0.00284404;0.247573
3.30785e-07;0.00788571;2.8507e-09;2.12593e-08;1.79744e-05;1.03356e-10;3.32917e-08;0.992091;2.66352e-07;1.67915e-09;2.11282e-07;4.72588e-06;1.68857e-07;1.15268e-08
4.72905e-05;0.0083906;0.979929;0.0012351;0.00175816;7.62295e-05;1.75112e-06;0.00027881;3.3339e-06;8.78472e-05;1.47085e-05;0.000985828;0.00550595;0.00168496
0.00044005;0.921656;0.00831151;0.00173632;0.000391261;0.000189048;6.97795e-06;0.000214035;9.97816e-05;3.86572e-05;0.000449341;0.00730069;0.0144065;0.0447597
0.0010677;0.0881799;0.397402;2.43196e-05;0.0977852;1.04429e-06;2.23538e-07;0.0669141;1.83851e-05;2.04078e-07;1.28349e-06;0.347904;1.90272e-05;0.000683357
0.000477898;0.0237496;8.97005e-06;1.14144e-07;0.00854752;9.21049e-07;9.10599e-05;0.956021;0.010601;2.22343e-07;1.14558e-05;3.02315e-05;0.00045977;2.19306e-07
0.000127292;0.0794634;0.221643;3.60435e-06;0.0044011;0.000268264;3.87417e-07;0.0027189;1.31286e-05;1.63299e-05;3.83052e-07;0.663229;0.0281056;9.63501e-06
1.72227e-05;0.0128217;7.52529e-05;1.7909e-05;0.00020028;2.14292e-05;1.15963e-05;0.97086;0.00572341;2.62513e-06;3.75985e-05;0.00952647;0.000107166;0.000577675
2.30211e-06;0.993663;0.000155129;2.66882e-05;1.73584e-05;3.03915e-06;1.18779e-07;4.8919e-06;1.64983e-07;6.20336e-07;1.43305e-07;6.44173e-05;0.00606078;1.12563e-06
9.71422e-06;0.232429;6.23697e-11;1.71016e-08;1.20122e-09;1.4062e-07;1.73361e-07;9.83463e-05;5.60191e-07;5.87244e-09;4.54915e-08;7.36831e-06;0.767454;4.13536e-09
6.81001e-07;2.06576e-05;0.386705;2.36572e-06;1.49415e-05;1.26845e-06;2.33748e-09;1.21417e-05;4.9246e-09;1.70147e-07;2.846e-09;0.613234;8.66921e-07;7.93452e-06
1.53626e-07;0.998387;8.54183e-10;1.01573e-07;4.36735e-09;1.44187e-08;0.00149571;1.0276e-06;9.16327e-07;0.000113503;1.2792e-06;4.07432e-08;5.96502e-07;1.38696e-07
4.5362e-09;9.03446e-09;0.999999;2.71308e-07;4.56362e-09;2.19412e-08;7.12509e-09;2.72949e-08;1.7318e-08;7.99165e-09;1.80864e-08;1.11409e-06;2.35769e-08;4.51614e-11
2.95943e-07;0.00126764;3.40016e-10;3.50162e-08;1.8139e-05;8.93964e-10;2.15706e-08;0.998713;3.07378e-07;7.29899e-09;1.64812e-08;2.56973e-07;6.3834e-08;8.59975e-08
3.45492e-05;0.012391;0.973529;8.74626e-05;0.000428469;0.000169032;4.60095e-07;1.9685e-05;2.5026e-07;1.14812e-05;1.95673e-06;0.00988095;0.00342567;2.04932e-05
3.8151e-05;0.0133723;2.79541e-07;8.68943e-06;0.000257772;1.93874e-05;0.000110063;0.00113486;0.000124917;1.4846e-06;0.000370623;6.41099e-05;0.983994;0.000503564
0.00021551;3.96288e-05;0.000728816;0.00584473;0.87778;0.101377;2.40298e-06;0.00098678;0.00280865;3.30592e-05;0.000354376;2.42936e-05;0.0091786;0.000625946
0.0848296;0.505259;6.76322e-05;3.7095e-05;5.53135e-05;3.48792e-05;3.07939e-05;0.0669136;0.0142952;5.69524e-06;0.000668571;0.00125827;0.325102;0.00144254
1.00534e-05;0.983878;1.83792e-08;2.16202e-08;1.8549e-08;1.21321e-08;2.03671e-05;1.32849e-08;1.42259e-08;6.59599e-05;1.83469e-09;8.7932e-09;2.01345e-07;0.016026
4.10941e-10;1.73964e-12;1;5.27889e-12;2.02793e-11;8.38264e-13;8.87738e-11;5.82613e-12;3.95231e-10;8.39166e-12;7.45282e-12;5.9776e-08;2.70332e-13;1.42314e-13
0.000141066;0.286177;1.39167e-05;0.000123233;0.000105719;5.7223e-05;0.00798723;0.0489573;0.40658;6.79643e-05;0.011396;8.73611e-06;0.238374;1.09904e-05
2.77485e-06;0.963217;9.69649e-09;1.25457e-07;5.87881e-08;8.77555e-08;3.37807e-07;2.28165e-06;5.3021e-06;6.95585e-08;1.7706e-06;0.00281523;0.0339544;1.30535e-07
8.48652e-05;0.179287;0.000933378;1.86785e-05;0.0675571;0.00786172;7.03102e-07;0.00617367;7.71151e-06;2.68372e-05;2.41011e-06;0.709835;0.0208318;0.00737968
0.000144069;0.080946;3.27102e-06;1.83518e-06;0.000139709;0.00176693;2.16067e-06;0.574823;0.000842325;1.80356e-06;0.000133566;0.00249527;0.338495;0.000204343
9.75633e-06;0.992713;2.2198e-08;1.17627e-06;1.75885e-06;6.36057e-07;0.00627677;0.000475645;2.82758e-06;0.000441474;7.38811e-07;2.05921e-06;5.31196e-05;2.05672e-05
1.15626e-07;1.73994e-07;0.999997;5.96448e-07;3.58476e-10;5.13794e-09;4.15775e-07;1.16725e-09;1.53373e-06;3.40903e-08;3.66376e-07;6.07736e-08;7.33083e-09;5.10156e-10
4.11212e-06;0.999657;7.03004e-05;6.58915e-06;3.45875e-07;4.53285e-09;1.70817e-07;0.000234929;1.6214e-07;7.31729e-08;3.58149e-07;1.60566e-05;1.01937e-05;8.98373e-08
9.73822e-06;0.725543;3.82747e-10;1.5753e-05;0.00162647;5.76394e-06;1.49751e-06;0.267313;2.51402e-06;4.12212e-05;2.29976e-06;5.90612e-05;0.000563441;0.00481574
6.08926e-05;0.00310051;0.0729055;0.00215135;0.00397551;0.0492686;1.7632e-05;2.44284e-06;2.22954e-06;0.00104156;0.000264824;0.0970995;0.000312367;0.769797
4.43549e-06;0.98999;1.24578e-07;8.16134e-08;2.6142e-08;1.95146e-07;0.00650368;0.000106326;5.24634e-07;7.59791e-06;2.00014e-06;1.73642e-10;8.63935e-05;0.0032985
2.10562e-11;2.21886e-10;1;4.27734e-12;6.99224e-13;1.69334e-11;4.47007e-09;3.26492e-12;3.65755e-11;8.38847e-11;1.53272e-11;2.2516e-12;2.02536e-10;1.2856e-13
2.24821e-10;3.61616e-09;1;3.63267e-09;2.20966e-10;4.886e-10;2.12968e-08;2.4614e-09;1.75144e-08;1.99622e-09;9.51215e-09;2.00633e-07;1.29034e-08;5.24887e-12
1.91955e-09;4.82433e-06;0.998521;9.02065e-07;1.38728e-07;9.06586e-07;2.0077e-08;1.9128e-06;1.82623e-08;1.5564e-08;2.94365e-07;0.00146447;8.08237e-07;4.88593e-06
9.1473e-07;0.000470994;4.62867e-06;1.68391e-05;0.0191641;0.0542567;3.5325e-07;0.00165674;7.37811e-07;1.20339e-06;4.56362e-05;1.48472e-05;0.00119664;0.92317
4.84825e-10;0.999977;9.64563e-10;8.52832e-11;1.40827e-09;9.31277e-09;3.59522e-08;1.32198e-08;4.93567e-15;2.43355e-08;2.86456e-12;1.0018e-09;1.2353e-07;2.27148e-05
2.56841e-13;7.04267e-12;1;1.89789e-13;1.35668e-11;4.76804e-12;2.45053e-13;2.63912e-12;3.54784e-15;6.02398e-14;1.18727e-14;1.4146e-09;1.66112e-12;4.93193e-14
3.25399e-09;0.907549;3.97014e-09;3.81017e-08;2.37857e-07;6.50014e-06;9.04764e-07;0.000791;5.5012e-10;1.89506e-07;1.03778e-09;1.91066e-11;0.0916516;2.02191e-07
3.98597e-10;9.50685e-09;0.999999;1.60678e-08;6.99012e-11;2.77747e-08;1.49934e-09;2.56813e-10;3.61187e-11;2.78263e-09;4.28564e-10;1.05836e-08;8.95242e-07;2.77335e-11
3.30137e-10;2.84685e-07;0.999981;1.9713e-08;1.42427e-08;1.38485e-07;2.90885e-10;5.54494e-07;3.22386e-11;1.25322e-09;3.95042e-11;1.54963e-05;1.35721e-07;2.01345e-06
5.83434e-08;4.17095e-05;1.08382e-06;9.76149e-07;0.000756985;0.994985;1.72489e-07;4.28697e-05;3.16054e-07;8.69221e-07;1.22581e-06;6.22209e-07;0.00133139;0.0028371
3.39521e-08;0.000501186;1.40199e-06;2.05381e-07;0.00178958;9.26046e-05;3.72673e-11;0.00551719;2.15195e-09;1.25527e-09;9.11236e-07;0.991663;0.000416757;1.68908e-05
7.22047e-09;0.999364;4.07875e-07;3.1789e-08;4.3764e-07;7.19926e-06;2.86836e-06;5.63058e-09;4.57481e-13;4.7138e-06;1.50326e-10;5.37643e-09;2.3913e-07;0.000620136
2.2531e-10;2.5697e-09;1;2.14851e-11;2.80584e-10;5.83107e-10;2.70441e-11;1.1036e-10;2.05959e-12;4.18088e-12;1.40973e-12;1.3031e-08;6.02479e-10;3.874e-11
5.34751e-06;0.171873;3.50861e-05;2.59877e-05;0.00213031;0.000304123;1.73379e-06;0.80247;0.00013266;2.62564e-06;2.48005e-05;0.000869578;0.0221087;1.55786e-05
1.39338e-05;0.860393;3.72681e-06;6.06792e-06;3.45428e-05;1.53307e-05;8.82192e-08;0.0677975;1.2606e-05;1.92562e-06;9.67038e-06;0.00314212;0.0685683;1.32658e-06
5.21605e-07;0.989873;9.63406e-09;1.99576e-07;5.02191e-06;3.06445e-07;2.70889e-05;4.47929e-07;5.23314e-08;0.000123928;2.75421e-07;3.4024e-06;2.33056e-07;0.00996578
6.76025e-08;1.03079e-08;0.999996;1.52676e-07;6.44478e-08;3.80796e-09;1.57727e-06;2.55198e-09;2.04791e-07;1.5278e-07;1.98884e-07;1.42566e-06;4.58452e-10;1.58359e-09
3.70668e-05;0.00164764;1.69386e-07;4.00844e-06;0.00194191;6.83432e-07;7.01451e-05;0.989552;0.0059719;8.73044e-06;0.000739288;3.8267e-06;1.78996e-05;4.67644e-06
0.000189267;0.0278649;0.949287;0.000331155;0.000853703;1.72416e-05;7.52e-05;0.000490884;9.78279e-05;0.000308321;0.000407876;0.0194116;0.000624401;4.08483e-05
0.000119466;0.0309619;2.89021e-06;3.92315e-07;7.44412e-08;1.0473e-06;7.64588e-05;0.00256226;0.000815987;5.90244e-07;0.000150275;0.000321023;0.964988;3.7439e-08
6.92297e-05;0.019986;0.924399;0.000458952;0.000984688;6.39732e-05;5.70786e-06;0.000297154;2.67215e-06;9.08227e-05;5.77562e-07;0.0529838;0.000585042;7.24073e-05
0.0407901;0.33928;0.000474223;0.0035573;8.58411e-05;1.19679e-05;0.00320696;0.211214;0.32294;0.00018351;0.0385256;0.00124634;0.0384832;1.24033e-06
0.00522364;0.361042;0.000787049;0.000797703;0.00602699;0.000606019;0.00010236;0.187036;0.00277187;0.00217173;0.000823799;0.424989;0.000585465;0.00703601
3.31525e-06;0.123929;8.60248e-09;8.84576e-08;2.20012e-09;4.11788e-08;0.866991;1.85886e-07;6.04518e-07;0.00904217;8.71791e-07;3.28673e-11;3.83473e-07;3.26821e-05
7.33265e-11;7.45162e-13;1;5.86827e-10;2.78079e-11;8.50838e-11;4.08129e-09;7.29786e-13;1.64421e-09;8.50245e-10;8.09966e-10;1.55754e-10;1.29033e-14;1.74614e-11
0.000102365;0.994948;0.000129181;4.06884e-05;1.50256e-05;1.5483e-05;0.000366351;0.000218304;0.00271281;9.44288e-07;0.000287688;0.00015418;0.000994337;1.48277e-05
1.90684e-05;0.0293113;4.22646e-09;0.000152396;0.0021853;0.000113419;9.1003e-06;0.965755;0.000897126;8.385e-06;0.000911577;0.000486077;8.7165e-05;6.39861e-05
0.000154511;0.960645;0.000159434;2.52392e-05;0.000109456;1.27915e-06;1.58151e-06;0.0295926;2.59128e-06;4.92054e-07;0.000110628;0.00452488;0.00457706;9.5002e-05
3.70438e-05;0.808089;1.25405e-09;2.46348e-06;1.0561e-05;1.79317e-06;7.62815e-08;0.000756259;1.46445e-05;6.0586e-08;2.19076e-05;0.0222101;0.168457;0.000399148
0.000152868;0.882056;0.000382756;2.81429e-05;2.68259e-05;2.37215e-06;2.51901e-07;0.000958613;1.85913e-05;1.88047e-06;6.29219e-07;0.115828;0.000151725;0.000392334
6.54734e-05;0.0101976;1.01838e-06;0.000230119;0.443582;0.000372549;2.6417e-05;0.51898;7.438e-06;0.000135995;2.07612e-05;0.00250101;6.08863e-06;0.0238741
4.3943e-06;0.004107;0.982935;7.20873e-06;1.91429e-05;1.04024e-05;1.2186e-08;5.7695e-07;2.09997e-09;1.22693e-07;2.6877e-07;0.00203295;0.010873;9.77614e-06
1.63964e-05;0.093775;7.52513e-07;1.6168e-05;6.82935e-05;0.000785063;0.00151447;0.176058;8.24308e-05;0.000234618;0.00163353;8.68602e-07;0.724906;0.000908537
4.55729e-11;6.12025e-12;1;4.31513e-10;3.38386e-11;1.71874e-10;1.57019e-09;1.35654e-11;3.21146e-11;1.51181e-10;1.22292e-09;4.30243e-08;3.01633e-10;1.87252e-13
4.24881e-05;0.0315196;0.000633046;0.000402936;0.00112921;0.00181271;6.9257e-06;0.000584945;0.00192143;6.52595e-06;0.000350666;0.953055;0.00721473;0.00132002
0.000127581;0.998816;1.16342e-05;1.09516e-06;1.07321e-05;2.14039e-06;6.11661e-07;0.000234407;6.85934e-06;2.20018e-06;1.00566e-05;0.000618341;0.000153086;5.17097e-06
1.22831e-06;7.23151e-05;5.37023e-10;3.95208e-08;0.0358314;4.2416e-07;2.13996e-09;0.96398;2.08799e-07;1.29839e-06;5.57092e-09;5.4223e-06;1.51115e-06;0.000105903
1.69633e-06;6.00264e-05;0.998033;4.46165e-06;0.000118273;4.50374e-05;5.86902e-10;3.88137e-07;3.26004e-08;7.9462e-08;1.30166e-09;0.00171788;1.84529e-05;2.50245e-07
9.00888e-07;0.00024143;5.57118e-11;1.71358e-09;2.28054e-07;3.4037e-07;1.7243e-09;0.993479;1.15854e-07;1.93238e-08;2.09847e-10;1.89609e-11;0.0062781;2.53045e-08
5.8497e-11;5.79347e-13;1;3.0035e-10;5.43964e-12;1.65902e-11;6.34346e-12;1.07243e-10;3.4981e-11;2.81341e-11;1.09791e-11;1.33683e-07;3.1733e-11;2.19431e-14
2.30239e-07;1.06479e-05;1.20073e-05;0.000144234;6.02888e-07;4.79619e-06;1.87895e-08;8.54469e-06;0.00139564;4.33151e-08;0.000116856;0.998264;4.17416e-05;4.90439e-07
0.00137105;0.994692;2.60721e-06;3.11791e-05;4.58588e-06;5.42472e-06;5.25067e-06;0.000532041;0.000140061;1.35781e-05;0.00107376;0.000312648;0.00172711;8.89145e-05
8.09618e-08;6.88444e-06;1.73371e-09;8.99845e-08;0.000867295;1.43452e-07;8.79589e-12;0.999112;3.9116e-09;1.42652e-08;2.19151e-09;4.07549e-06;8.77874e-06;1.48277e-07
4.15958e-08;1.57335e-06;0.99998;2.89031e-06;1.0712e-06;1.29613e-05;6.78477e-11;6.36187e-08;8.24648e-10;2.34338e-07;1.60465e-09;2.32876e-07;6.64824e-07;1.69888e-08
0.00192355;0.0150237;0.000314802;7.7007e-05;0.000129431;6.74875e-05;1.42684e-05;0.928294;0.0104129;2.02294e-05;0.00120661;0.00106776;0.0414446;3.56656e-06
