0.000103518;0.867704;4.32392e-07;1.54865e-06;0.000149462;1.15784e-05;4.15468e-06;0.0605902;0.000101145;2.28489e-07;2.16679e-05;0.0497345;0.021471;0.000107126
2.81851e-05;0.801601;2.36063e-05;1.15965e-06;4.7834e-05;0.000415433;1.89884e-06;0.105031;1.17499e-06;3.43847e-06;3.08942e-07;0.0100635;0.0821997;0.000581405
5.951e-06;0.0196084;2.05095e-06;0.000484691;0.0131227;0.493481;2.75816e-07;0.0126277;1.46198e-05;9.23306e-07;0.000135084;0.0894213;0.038223;0.332873
1.37684e-05;0.836329;2.17588e-05;2.56034e-08;3.56677e-09;2.01166e-07;2.52997e-07;2.83424e-05;4.65842e-09;3.47966e-08;6.85384e-09;0.139534;0.0240726;1.45287e-07
1.11248e-06;0.00269696;1.0747e-07;0.000111123;0.0462273;0.000942064;9.89237e-08;0.0108726;4.93625e-05;2.60617e-06;5.59267e-05;0.936576;0.000415425;0.00204933
5.99808e-06;0.342539;0.0335925;0.00055033;0.000290239;0.000582499;9.57311e-06;0.000169199;2.75849e-07;3.76931e-05;9.78655e-05;0.000289599;0.621821;1.43701e-05
0.000136406;0.0613802;2.73763e-05;3.33864e-05;0.000297329;0.000103111;7.98873e-06;0.0160451;0.000124242;5.62261e-06;0.000828054;0.902632;0.0154595;0.00291966
1.09937e-05;0.996469;0.000457996;2.55224e-06;0.000320281;5.3694e-06;2.53922e-06;0.00219021;1.90598e-06;2.79697e-06;1.30577e-05;0.000392696;7.0442e-05;6.06012e-05
2.95355e-05;0.145276;4.91307e-07;1.40069e-05;0.000300077;2.8575e-06;1.1206e-06;0.000120394;0.000108174;8.97345e-07;0.000183738;0.830289;0.0236556;1.83732e-05
3.82404e-06;0.000988304;2.61823e-08;1.52203e-08;2.32667e-05;1.23367e-05;8.73576e-08;0.997987;2.12639e-05;1.63793e-07;8.98413e-07;8.56789e-06;0.000952722;1.23387e-06
8.29461e-06;0.989683;2.98792e-07;2.997e-07;5.65514e-08;1.63867e-07;0.00936378;0.000447624;5.01771e-07;0.000473611;6.67735e-07;7.25603e-06;4.13317e-06;1.00016e-05
5.62882e-09;1.9032e-08;0.999999;2.24664e-08;5.02032e-11;4.99165e-11;1.97206e-07;2.4461e-09;1.8806e-07;5.54518e-09;1.5057e-07;1.78655e-08;1.20476e-08;9.37656e-12
4.63571e-06;0.997726;2.55711e-08;9.99444e-07;8.70441e-08;5.61376e-08;0.00116364;0.000889876;9.47803e-06;0.000163523;7.67168e-06;2.82986e-07;1.87265e-05;1.51619e-05
4.81705e-10;5.60189e-09;0.999999;1.29065e-09;1.09686e-11;1.59873e-11;5.09505e-09;5.08961e-13;1.0567e-10;3.4337e-10;1.11301e-09;1.13484e-06;4.65476e-10;1.63386e-11
5.01192e-05;0.00397042;0.000581638;4.03374e-05;0.00087649;0.000157204;4.25826e-07;0.359711;3.46022e-06;4.08607e-05;1.39399e-05;0.626927;0.000224153;0.00740295
7.21576e-09;0.992734;1.88445e-10;7.52585e-09;1.58693e-10;4.91407e-10;1.42961e-06;5.85731e-08;9.57908e-09;4.88929e-07;1.19354e-07;6.19429e-08;3.3414e-08;0.00726416
0.00028136;0.0400547;0.00392629;0.000360042;1.15219e-05;9.04989e-06;0.317315;0.00209341;0.0994192;0.000133776;0.515528;0.00696413;0.0138978;5.51992e-06
