1.45146e-05;0.0218573;3.16193e-07;3.62739e-05;0.000245087;1.8029e-05;2.05449e-07;0.964816;0.000112828;3.50381e-07;4.63572e-05;0.0125176;0.000315286;1.987e-05
6.63155e-06;0.892049;8.63266e-05;1.52956e-05;4.93465e-05;0.000120769;3.32235e-07;1.76193e-05;4.91786e-09;3.62986e-05;6.46034e-07;0.00611073;0.101327;0.000180353
6.34413e-05;0.00107165;4.11203e-05;8.59742e-06;2.5018e-05;1.25843e-06;9.16617e-06;0.00797136;8.78124e-05;5.00025e-07;0.00067546;0.988849;0.00119034;4.85383e-06
2.20256e-05;0.0167922;2.12035e-06;2.65962e-06;0.00136237;0.000114186;1.67819e-07;0.963377;7.10091e-07;4.60347e-07;6.43589e-07;0.000243642;0.0175613;0.000520188
0.00074434;0.430894;0.00143551;0.00200599;0.000137153;0.000181048;0.000281362;0.0336184;5.8494e-05;7.33694e-05;0.000765393;0.328818;0.197235;0.00375237
0.000237764;0.426849;2.66319e-06;0.000976851;0.00350748;0.000769506;1.20941e-06;0.455591;0.000196924;4.80371e-06;0.000159223;0.101371;0.00732886;0.00300399
3.02782e-06;0.720361;2.79275e-10;7.49289e-08;6.09703e-07;1.4523e-06;5.04002e-06;0.0146907;2.13806e-08;1.11381e-06;2.50065e-07;6.90657e-09;0.264908;2.78501e-05
2.57732e-08;4.96266e-09;0.999984;2.3655e-07;2.65672e-08;6.39277e-08;2.18673e-08;8.48671e-11;2.21452e-09;3.65006e-08;6.19711e-09;1.52243e-05;8.07727e-08;8.11135e-09
5.94154e-07;2.13749e-05;0.999204;9.24555e-06;8.64845e-05;2.89971e-06;6.99843e-08;0.000359659;7.98135e-07;2.00066e-08;5.55952e-08;0.000267254;1.28303e-07;4.6937e-05
9.23142e-07;0.000106191;5.43117e-05;2.61309e-05;0.00339255;0.0563673;1.41694e-08;0.000114363;2.763e-06;9.89289e-07;4.19871e-07;8.66665e-05;3.0776e-06;0.939844
3.41439e-06;0.0128734;1.43593e-08;2.82401e-07;9.7803e-07;1.9004e-06;2.90137e-08;0.0139404;9.15195e-08;5.73956e-09;1.15063e-05;2.45005e-06;0.973164;1.6109e-06
8.33949e-06;0.9878;2.61141e-07;5.53787e-07;2.10395e-06;3.82947e-07;1.31317e-05;0.00147933;4.52578e-08;4.21504e-06;7.73419e-08;1.741e-07;0.00619559;0.00449563
7.85288e-12;8.39933e-12;1;1.97625e-11;1.61118e-11;9.8606e-14;1.47799e-11;2.94854e-12;2.99998e-12;4.45685e-12;1.81424e-11;5.15456e-08;6.31602e-14;1.19001e-12
2.08342e-06;0.584141;3.76247e-09;9.35796e-07;5.32578e-07;1.14098e-06;1.88307e-05;0.000175609;5.17875e-05;1.44022e-07;0.000109538;1.2002e-06;0.415461;3.62853e-05
1.48808e-05;0.808548;0.00329689;2.49544e-05;2.88659e-05;5.7515e-06;1.51703e-05;0.0367391;3.72233e-06;2.17236e-05;1.88803e-05;0.140937;0.0101228;0.000221781
1.51533e-05;0.00467437;0.000271274;0.00186614;0.415281;0.357463;1.70725e-05;0.0114887;4.32126e-05;9.42626e-05;0.00146116;0.00185617;0.0189571;0.186511
0.00277315;0.126621;0.00135725;5.47773e-05;1.35092e-05;1.48288e-05;6.37929e-05;0.10254;0.00266051;5.55509e-06;0.00108144;0.525536;0.237235;4.21279e-05
8.32895e-05;0.122745;7.63127e-05;2.22348e-06;0.000287852;4.08144e-05;4.16615e-07;0.582342;1.08835e-06;1.19402e-05;9.93882e-07;0.000197972;0.000830138;0.29338
4.59293e-08;0.000562602;1.61487e-07;4.01901e-07;0.000143719;1.04496e-05;1.14447e-09;5.54771e-05;9.27758e-09;4.1046e-08;2.68315e-07;0.996531;3.36405e-05;0.0026623
1.58562e-06;0.98249;5.31307e-06;2.76647e-08;7.17406e-06;2.03444e-07;1.34707e-06;0.0141662;4.04747e-07;1.09267e-08;4.32783e-07;5.35315e-06;0.00331574;5.77842e-06
1.48377e-05;0.00579518;0.000111471;7.07257e-05;0.25049;0.000217166;2.2624e-06;0.0610754;5.31985e-05;2.56929e-06;0.00013288;0.666438;0.00943352;0.00616293
3.50931e-05;0.00172965;4.64566e-06;4.92762e-07;0.000836099;3.77906e-05;9.58463e-07;0.986222;0.000262825;3.33543e-07;6.38265e-07;1.5143e-06;0.0108665;1.55277e-06
7.36728e-06;0.999367;2.66223e-10;1.3176e-05;6.39026e-06;2.26047e-07;5.19335e-08;0.000375092;1.7675e-05;2.74353e-07;1.02091e-06;5.82096e-06;0.000154023;5.23627e-05
0.000100936;0.986398;4.30461e-06;3.19221e-05;3.11282e-05;2.2031e-08;6.52459e-08;3.73109e-05;2.73598e-07;2.34223e-06;1.68917e-07;0.000162457;0.0132287;2.60141e-06
1.14621e-05;0.999622;3.00925e-10;5.29808e-08;7.69307e-08;3.24604e-09;0.000204283;2.44884e-05;1.99455e-07;1.48819e-05;1.14132e-07;3.0845e-09;6.21386e-05;6.08306e-05
1.988e-11;1.32828e-13;1;1.27026e-11;1.72517e-11;1.12485e-12;1.3047e-11;1.04799e-13;2.04649e-11;4.04714e-12;9.52055e-12;4.91901e-08;5.21782e-16;1.87256e-11
0.000151918;0.693207;1.03158e-07;4.43981e-05;2.99385e-05;4.47325e-05;0.00154477;0.00839997;0.262993;1.27639e-05;0.0233542;5.87686e-06;0.00824962;0.00196194
4.67424e-06;0.822138;8.17477e-08;3.97794e-07;4.9129e-08;7.01757e-08;2.96315e-06;3.38314e-07;3.11802e-06;5.26574e-08;2.31232e-05;0.129788;0.048039;1.1283e-07
3.33977e-05;0.0763242;4.73762e-05;1.92076e-05;0.00311056;0.000406492;1.30911e-07;0.0231842;9.30336e-06;9.73705e-07;1.37658e-05;0.828028;0.0490707;0.0197517
3.30622e-05;0.957689;5.81741e-05;2.6069e-05;2.03012e-06;3.35899e-06;7.42619e-08;0.00194202;0.000147672;1.19041e-07;8.10794e-05;0.00444162;0.0354989;7.64471e-05
1.55227e-05;0.99742;0.000299166;8.21423e-06;2.16568e-05;6.81168e-09;2.91307e-08;0.00216534;5.734e-06;3.01336e-07;4.24123e-07;6.21242e-05;1.10216e-06;3.79883e-07
0.000126747;0.38537;0.00287109;0.000203465;0.000776435;1.82195e-05;4.53728e-07;0.000735365;4.59838e-06;1.19959e-05;9.03221e-05;0.345057;0.264666;6.72156e-05
0.000310402;0.0998132;4.59106e-06;0.000203747;0.00846229;0.0003933;0.000280966;0.763385;0.00672797;1.24317e-05;0.0103409;0.0308916;0.0697123;0.00946129
0.000806814;0.781299;0.00495819;5.36858e-06;0.000474518;0.000187904;1.03429e-05;0.200775;2.20029e-05;1.67622e-05;3.45688e-06;0.00491327;0.000754694;0.00577221
9.12024e-05;0.788629;2.72078e-05;2.27303e-05;0.000571249;0.00015413;5.49696e-06;0.179343;6.94714e-05;5.53949e-06;2.59347e-05;0.00756095;0.0179204;0.00557395
5.06188e-05;0.0518452;3.24955e-05;2.08785e-06;4.27771e-05;7.53734e-07;4.20689e-06;0.0129143;4.99184e-05;6.26319e-07;6.20214e-05;0.93256;0.00242288;1.24784e-05
3.17019e-05;0.915242;0.000141183;8.44358e-06;0.00711112;9.56818e-05;3.1588e-06;0.00296796;1.13241e-05;0.000120797;8.71729e-07;0.0230586;0.00201481;0.0491923
0.000856985;0.352031;8.73822e-06;8.74952e-06;0.00341112;0.000748099;0.000300514;0.307862;0.00212743;0.000117465;5.73294e-05;0.00630616;0.325839;0.000325152
0.000448227;0.0456394;2.47469e-06;8.44102e-05;0.000354329;0.000125092;5.35798e-06;0.0763382;0.0013339;4.71025e-06;0.00073736;0.0434764;0.831266;0.000184025
1.24979e-05;0.99852;5.40638e-06;5.32181e-07;1.76531e-07;1.16752e-08;9.36609e-07;0.00127354;3.67217e-06;2.83534e-07;2.88454e-06;0.000112947;6.66324e-05;3.19069e-07
3.34974e-07;0.957457;4.44629e-10;6.03228e-06;6.15601e-05;2.70968e-08;5.60142e-07;0.0165854;7.26957e-08;2.69833e-06;2.21264e-07;0.0258708;1.25956e-06;1.39115e-05
1.2602e-05;0.000820969;0.0120222;0.00302783;0.000272273;0.00114675;8.55793e-06;0.000126994;8.3734e-07;0.0010346;0.000269881;0.980483;0.000569498;0.000203904
0.000218633;0.93565;8.08671e-08;0.000961476;0.000115003;1.87542e-05;0.000128189;0.0174557;0.000153599;1.7464e-05;0.0371572;0.000616337;0.00734983;0.000157866
6.912e-05;0.949548;0.000594479;0.000548527;0.030087;8.83545e-06;5.44673e-08;0.0183194;4.25301e-07;6.29292e-06;2.4469e-06;7.76217e-05;0.000159056;0.000578971
1.62148e-05;0.948165;1.20196e-05;1.02705e-05;8.44687e-06;1.46519e-05;4.30033e-08;6.80857e-06;3.98542e-09;1.24081e-05;4.7425e-07;0.000357785;0.0513577;3.81264e-05
7.66479e-07;0.000345638;9.6803e-07;1.21009e-07;1.99479e-06;2.25193e-08;1.32921e-08;0.00160869;1.77434e-08;6.39009e-09;1.73321e-06;0.998035;3.38655e-06;1.13975e-06
1.64316e-05;0.00592595;4.57823e-07;1.12583e-05;0.132091;0.000367703;3.67353e-05;0.859564;2.81654e-05;3.11896e-06;4.39747e-05;0.00174312;0.000108202;5.98108e-05
6.9574e-05;0.0351582;0.949071;9.35549e-05;0.000207441;0.000605071;1.5644e-06;0.000774833;2.1039e-07;1.40239e-05;2.267e-06;0.00173853;0.0121936;6.98932e-05
0.000750134;0.518949;3.47997e-05;0.000299478;6.75067e-05;0.000193989;0.000154594;0.0658733;0.000179639;1.0513e-05;0.00878673;0.014554;0.385544;0.00460278
0.000219478;0.079989;6.80036e-05;8.71986e-05;0.0569322;0.00130239;3.7199e-07;0.573665;7.44063e-06;8.31898e-06;4.94066e-05;0.00373577;0.283173;0.000762611
5.03875e-06;0.999079;6.95071e-09;6.84139e-07;2.1895e-08;2.31013e-08;0.000303477;1.43636e-06;8.08995e-08;3.20783e-05;3.44198e-07;1.32337e-07;1.41397e-05;0.000563828
3.44102e-12;2.35552e-12;1;1.02876e-12;2.55834e-14;1.68918e-14;4.1194e-11;2.10088e-14;8.86378e-13;2.86624e-13;3.12836e-12;3.10152e-12;2.35061e-12;8.50725e-15
5.81191e-07;0.0508564;3.73885e-07;1.63824e-07;1.26153e-08;1.58461e-07;0.944498;5.18015e-06;2.3644e-06;0.00449364;1.41957e-06;1.00315e-08;1.6798e-07;0.000141973
3.22549e-10;2.71424e-11;1;2.00225e-08;8.85549e-11;1.71792e-09;1.41168e-07;1.8123e-11;5.36582e-08;9.75287e-09;3.61276e-08;4.47462e-09;8.11055e-11;1.26673e-11
0.000172031;0.0050957;4.55021e-05;2.7029e-05;1.25618e-06;4.84673e-05;0.00514874;0.00119703;0.000959787;7.09818e-05;0.000140708;4.9376e-07;0.987091;1.15727e-06
7.36307e-06;0.000698423;1.95969e-05;2.48182e-05;1.66089e-06;4.48783e-06;1.85593e-05;1.79399e-05;0.000301259;2.5199e-06;0.000187026;0.998516;0.000189736;1.03559e-05
8.79742e-05;0.976163;4.81135e-08;0.000160065;4.25687e-05;2.56138e-06;7.8707e-07;0.000621615;3.81296e-05;3.55798e-06;7.73004e-06;0.0145376;0.00555201;0.00278214
2.25534e-07;1.00981e-05;3.08769e-12;1.46876e-09;1.45372e-06;2.76971e-12;2.99445e-10;0.999988;2.28144e-08;1.85611e-09;6.95569e-11;8.66144e-08;5.60894e-09;5.80836e-10
1.61305e-08;9.88883e-09;0.999996;1.09419e-06;4.92336e-07;3.5636e-07;4.43883e-10;1.7939e-09;7.76559e-10;2.07334e-06;1.19653e-09;4.0075e-08;1.03469e-10;4.45923e-08
1.4072e-06;0.000363953;1.52519e-08;1.18335e-09;1.43841e-11;2.90671e-10;0.999293;5.56531e-09;7.81639e-07;0.000339214;3.79345e-07;3.49411e-14;9.51195e-09;1.57969e-06
2.7892e-13;5.69261e-15;1;2.74277e-13;5.88959e-15;1.82811e-14;1.19514e-11;6.93991e-17;3.20963e-12;4.4366e-13;4.52589e-12;6.77747e-13;1.0856e-15;8.90547e-16
