2.17506e-07;5.13022e-07;3.53705e-11;2.0286e-10;7.29418e-10;7.60637e-11;2.73079e-09;0.999998;1.31425e-06;1.8579e-10;5.06584e-09;1.3546e-10;2.4461e-07;3.61197e-10
2.76362e-05;0.0549216;0.000122305;1.14605e-05;2.33059e-06;3.84746e-07;3.19955e-06;0.000387069;8.64453e-05;1.1808e-06;6.59283e-06;0.944073;0.000344282;1.2393e-05
5.88713e-05;0.903264;1.02558e-08;3.89262e-06;5.63067e-06;2.07377e-05;3.03511e-05;0.000174748;3.90995e-05;4.73097e-07;0.00013201;0.00607807;0.0898197;0.000372319
2.54362e-06;0.575698;3.48044e-05;3.29509e-07;0.000580613;2.04724e-06;3.80006e-08;0.345839;3.36773e-08;3.06674e-07;5.48276e-08;0.00163375;0.0698667;0.00634201
4.25381e-06;0.00958107;5.99286e-11;1.49706e-05;0.000190123;0.0163076;3.99116e-06;3.19497e-06;1.89824e-05;7.1201e-06;9.67389e-06;0.000665264;0.913165;0.0600286
5.92666e-05;0.000212336;0.993183;3.99186e-07;5.66979e-09;1.82579e-08;3.13554e-05;2.70529e-08;2.327e-07;4.13931e-05;7.96373e-08;0.00647141;7.14747e-07;1.96192e-07
1.35787e-07;2.93411e-07;0.999994;1.78294e-07;1.95993e-09;1.04393e-08;5.39047e-07;7.78252e-09;2.61136e-06;4.68913e-08;1.62345e-06;5.5857e-08;2.95284e-08;3.54415e-10
2.43391e-06;0.992992;2.86042e-06;1.07776e-07;1.1405e-08;1.70148e-09;2.44468e-07;0.00683632;2.82773e-06;2.06443e-07;4.57908e-05;0.000106949;1.02996e-05;1.70221e-08
1.71953e-07;0.99662;1.4251e-09;1.92292e-07;1.79595e-05;2.85912e-09;2.81093e-07;0.0028321;8.9712e-08;8.97532e-07;3.21235e-07;0.000479712;2.29032e-07;4.79264e-05
2.76831e-06;0.000420517;0.00214373;3.75798e-05;0.000457506;0.000111455;1.10123e-06;0.000329752;2.82377e-07;8.01966e-05;5.9393e-06;0.996012;2.33251e-05;0.000373558
8.21075e-06;0.000202174;3.5188e-10;4.48882e-07;1.03865e-06;1.43021e-07;1.51433e-06;0.999397;0.000117833;1.30727e-08;9.19341e-05;3.59527e-05;0.000143792;7.49589e-08
1.48139e-05;0.997445;1.43461e-08;2.03544e-06;3.45914e-06;1.30638e-07;9.47811e-07;0.00195328;5.67605e-05;6.00556e-07;4.54267e-06;0.000242492;0.000228549;4.70447e-05
9.77767e-07;0.998207;1.32817e-07;2.48352e-07;9.95204e-08;1.56222e-07;5.84737e-06;1.89346e-05;2.25142e-09;2.50842e-05;1.73063e-08;9.54984e-08;0.00171829;2.34588e-05
7.2913e-12;4.03343e-13;1;3.15686e-11;3.12486e-09;4.07521e-11;1.80185e-12;4.6109e-12;3.65827e-14;2.86941e-11;6.28916e-13;5.13465e-08;1.06303e-13;4.6893e-10
4.33533e-08;0.00421272;2.24396e-10;3.39985e-08;9.83047e-08;6.08893e-06;2.72801e-06;3.30488e-07;3.73151e-07;2.64983e-09;8.44304e-07;7.99858e-08;0.995777;2.51653e-08
2.1092e-08;3.21972e-06;0.999994;4.2009e-08;1.14283e-09;4.76426e-09;1.51667e-06;3.45271e-11;6.92468e-10;1.15362e-06;2.34109e-09;2.68366e-07;9.23866e-09;1.03488e-07
3.62707e-08;4.2553e-08;0.999998;1.5014e-08;9.5776e-09;1.90966e-09;2.9259e-07;2.77778e-08;1.19033e-07;2.402e-09;1.85436e-07;1.42624e-06;5.03343e-09;1.14342e-09
1.0743e-05;0.894827;1.0575e-05;2.90413e-06;6.03773e-06;1.5674e-06;1.28706e-05;0.00748912;6.00372e-05;8.3134e-07;0.000177073;0.000199029;0.0971382;6.3734e-05
4.22659e-06;0.949423;2.30524e-08;1.02807e-05;1.56844e-06;3.17071e-06;0.00451056;0.000157502;1.04801e-06;0.00861521;1.73871e-05;8.5761e-06;1.16549e-05;0.0372353
1.3466e-10;1.69887e-11;1;3.56959e-10;1.34943e-12;3.02444e-13;1.29697e-09;3.60821e-13;2.15175e-10;6.90393e-11;5.99935e-09;5.82848e-09;2.62993e-11;5.42021e-13
4.17113e-06;0.858816;4.18025e-08;3.4927e-07;1.33959e-08;4.50214e-09;0.139635;1.8883e-06;1.21459e-06;0.000914056;2.43716e-05;2.21098e-08;3.57899e-06;0.000598946
3.46947e-11;5.38346e-12;1;9.1253e-11;1.79168e-10;4.06102e-12;9.89675e-10;1.35385e-12;4.2114e-10;1.91157e-11;1.35115e-09;2.36502e-08;5.24057e-13;4.01986e-12
4.25917e-07;0.991927;2.79139e-09;1.12577e-07;3.28108e-06;2.63362e-06;0.000278369;0.00157904;1.51808e-06;4.30416e-05;2.32458e-07;3.28066e-10;0.00615832;5.55043e-06
7.88584e-10;2.12771e-11;0.999989;4.37098e-08;1.09674e-08;5.45173e-08;1.44819e-08;1.50568e-10;6.05179e-10;2.82245e-08;3.30877e-09;1.11312e-05;4.09981e-10;5.91718e-08
3.51172e-05;0.869402;0.00773752;8.84063e-05;3.53746e-06;1.60584e-05;0.00102665;0.020636;6.67239e-05;1.13684e-06;9.62455e-05;0.000954835;0.0999349;1.23409e-06
0.000240191;0.78764;0.0341774;0.000276339;0.000289085;7.86726e-05;0.0001713;0.024707;0.00035993;1.63122e-05;0.00120825;0.015311;0.134342;0.00118302
6.25934e-05;0.390347;1.51861e-06;0.000431137;0.00374176;0.0021223;0.140181;0.00115909;0.000114586;0.346863;0.000104587;0.000277996;0.000426721;0.114167
6.50008e-10;4.53961e-12;1;2.75756e-10;2.92615e-12;2.87858e-13;3.72456e-10;3.01044e-14;5.50203e-09;7.76834e-12;2.19648e-09;6.15188e-08;2.26693e-12;1.21781e-14
0.00571189;0.102992;2.89213e-05;0.00067514;3.71349e-05;7.07963e-06;0.000945484;0.0539289;0.270218;8.21916e-05;0.267954;0.130939;0.166464;1.65728e-05
5.83332e-05;0.988708;2.4238e-09;0.000395933;2.5307e-05;0.000221579;8.49116e-05;0.000486445;0.00301181;0.000421876;0.000956794;0.000659115;0.00425668;0.000713604
4.41261e-05;0.000195046;0.000669731;6.98761e-05;3.8449e-06;2.34173e-07;4.17501e-07;3.90239e-06;1.24837e-05;6.01943e-07;1.24487e-05;0.998962;1.34012e-05;1.18898e-05
0.00229292;0.00257558;4.80626e-07;0.000136447;3.59061e-07;2.68433e-06;0.00170813;0.00578908;0.892808;6.68927e-06;0.0829837;0.000582302;0.0111125;7.59407e-07
0.000707283;0.0779612;2.77554e-05;1.00012e-05;3.4521e-06;2.19343e-05;7.05856e-07;0.030461;1.48297e-05;8.30431e-06;2.68294e-06;1.04098e-05;0.890628;0.000142751
8.9624e-10;3.17703e-05;2.1926e-09;2.45073e-09;2.37161e-07;1.07113e-08;2.89635e-13;2.26105e-10;5.21369e-12;9.84128e-11;9.20109e-11;0.999958;4.33944e-07;9.23142e-06
3.16864e-07;0.0215075;1.30921e-08;1.80575e-08;7.66203e-06;5.84411e-08;1.63822e-08;0.151953;3.69572e-09;5.21416e-09;1.86879e-08;7.33791e-07;0.826498;3.23261e-05
2.36018e-06;0.00259753;9.95144e-07;8.30676e-05;0.000114966;0.0148643;4.41054e-07;6.24766e-05;0.000129922;3.12766e-05;1.92885e-06;5.45897e-06;0.981974;0.000131598
1.62583e-05;0.000186052;0.999745;8.35897e-06;1.98831e-06;9.1799e-08;3.30049e-07;9.98138e-08;3.0202e-07;1.26039e-05;1.45041e-08;2.79942e-05;4.76048e-08;1.03992e-06
0.000232955;0.821103;7.86549e-06;0.00180622;0.000393842;0.000411325;9.4708e-05;0.125899;0.0320652;5.24148e-05;0.0050359;2.86711e-05;0.00868976;0.0041787
