1.87806e-05;0.984928;1.44724e-06;2.30549e-05;3.29641e-06;2.81917e-06;2.93793e-05;0.00502245;9.1806e-05;2.2952e-06;8.73448e-05;4.46959e-05;0.00972117;2.37293e-05
6.67341e-05;0.891707;1.3983e-07;3.72086e-05;2.00697e-05;7.57704e-06;3.80378e-07;0.016014;1.28966e-05;1.66465e-06;0.000101052;0.0812451;0.0099532;0.000833363
2.38936e-06;0.0608023;8.81313e-08;9.06803e-08;1.12627e-05;3.43551e-06;5.57431e-06;1.12449e-05;1.53573e-09;7.59147e-05;6.79965e-08;1.72246e-06;4.84893e-05;0.939037
1.27162e-10;5.2153e-11;1;2.31283e-12;1.14636e-10;4.01172e-12;2.09033e-11;1.97607e-11;2.87237e-12;3.56566e-12;1.70618e-11;1.01934e-08;3.96039e-12;2.79368e-12
2.30281e-06;0.981988;3.33637e-06;2.44418e-05;6.04991e-05;1.44494e-05;7.0981e-05;0.00136181;0.0013393;2.32144e-05;0.00290273;0.000225087;0.0118762;0.00010805
5.53329e-07;0.987217;4.65036e-08;1.41312e-05;1.09199e-06;0.000248591;1.14801e-05;8.08432e-06;5.03982e-06;1.68151e-05;7.08041e-05;0.00388596;0.0085179;2.74663e-06
7.59404e-06;0.00959151;0.00146471;2.17975e-05;4.45113e-06;1.98222e-05;2.80304e-07;1.79323e-05;4.42049e-08;2.75866e-06;1.05029e-06;0.985872;0.00269305;0.000303257
1.76531e-06;0.00845316;4.81429e-08;1.9472e-07;2.52833e-07;1.35874e-06;6.40791e-08;0.000293333;1.54726e-07;7.26843e-09;6.2789e-06;0.000370903;0.990872;3.07802e-08
2.10731e-05;0.273543;6.43857e-07;5.41108e-05;0.000225313;0.000137801;5.56957e-05;0.0335001;0.000200802;8.74739e-06;4.06944e-05;0.00318583;0.687903;0.00112366
5.61721e-05;0.0490176;0.000514029;0.0212506;0.00384645;0.00163143;1.24951e-05;0.594582;0.000368259;4.10444e-05;0.00170571;0.210863;0.113597;0.00251458
2.5389e-07;0.994428;3.20706e-11;8.4981e-07;6.70441e-09;3.55264e-08;9.80273e-05;2.73586e-07;4.41543e-07;2.39635e-05;2.30597e-05;7.56665e-09;8.00846e-07;0.0054241
5.99472e-05;0.000928792;0.0125454;6.93267e-05;2.41597e-06;1.68792e-06;0.281004;9.26363e-05;0.000921028;1.09141e-05;0.704047;3.26505e-05;0.000283536;2.07619e-07
1.7031e-05;0.846054;3.71891e-09;4.08689e-06;0.000450697;1.42188e-06;9.4269e-06;0.148692;0.000155084;1.94644e-06;0.00166186;8.13605e-05;0.00280724;6.3957e-05
0.000337345;0.0544636;0.472421;0.00109504;0.45268;6.37112e-05;8.57477e-07;0.00909331;3.14445e-06;0.000196746;2.57561e-05;0.00678741;0.000243772;0.0025883
0.000933482;0.0105836;9.15939e-05;1.9123e-05;4.23933e-05;3.36371e-07;6.89962e-05;0.0801034;0.00108576;2.33185e-06;0.0184148;0.883085;0.00556608;3.22653e-06
0.000247063;0.909424;3.01521e-07;5.17132e-05;0.000658785;0.000579283;0.000923808;0.0159906;0.000603198;1.78362e-05;0.00925646;0.0118664;0.0501971;0.000183541
0.000448186;0.117996;0.00605994;0.000128848;0.000176342;0.000161429;2.97844e-06;0.0439005;2.85645e-06;1.12893e-06;7.92782e-06;0.0660678;0.765043;2.47709e-06
0.000316009;0.0177009;1.23384e-05;0.000241346;0.000261025;0.0267915;3.60967e-05;0.00183763;0.000566272;2.24858e-05;0.00102642;0.00931714;0.94163;0.000240498
4.29545e-05;0.0076166;0.930967;0.000122713;0.000127289;2.30385e-05;8.92728e-07;0.000397966;1.05978e-06;1.79874e-05;4.87968e-06;0.0588782;2.49821e-05;0.00177407
4.4159e-06;0.00146824;5.5807e-11;2.74483e-07;2.86459e-07;2.74845e-06;3.25423e-06;0.00682683;1.35513e-05;4.56794e-08;0.000130681;2.36444e-07;0.991549;4.45375e-08
5.01406e-07;6.1473e-07;0.999989;2.13846e-07;5.68062e-09;1.87977e-08;7.08642e-08;9.80875e-08;2.43239e-07;1.04297e-08;6.24371e-07;7.54579e-06;1.25074e-06;9.13437e-08
6.00852e-07;0.000675077;3.1266e-05;2.54524e-07;1.3309e-05;1.66965e-06;5.81835e-08;0.000501216;2.6674e-07;6.85562e-08;8.92986e-08;0.000114446;3.85314e-05;0.998623
1.40342e-08;1.10728e-05;1.6498e-11;2.07912e-09;5.59657e-05;8.37617e-08;5.25306e-09;0.999933;8.36961e-08;8.76492e-10;1.25261e-08;1.31221e-07;2.99512e-08;1.52877e-08
2.9072e-10;1.33675e-07;0.999999;9.85575e-10;1.23032e-08;1.33964e-09;2.08045e-11;3.22898e-11;7.12463e-14;6.01283e-11;3.3025e-11;6.32016e-07;1.01987e-09;1.18695e-09
5.70527e-08;0.999331;2.60307e-09;1.85917e-08;4.46356e-08;3.37707e-08;7.05133e-08;2.87706e-05;4.67755e-08;4.37277e-10;2.0489e-07;1.73925e-06;0.000636131;2.10751e-06
6.05686e-06;0.944334;3.09311e-08;1.52567e-06;2.09116e-05;3.75302e-06;6.50935e-07;0.0174171;2.00066e-06;3.22152e-07;6.94409e-07;0.000267018;0.0378676;7.80992e-05
5.66728e-07;0.989145;1.74578e-08;5.99288e-06;0.000411631;2.3501e-06;5.04411e-08;0.00265252;1.37307e-08;2.13963e-05;3.01302e-09;0.00050444;0.00653596;0.000719751
1.19139e-06;0.000287119;1.00522e-08;6.17153e-05;1.63296e-06;0.000134389;4.53626e-05;7.88961e-07;1.10725e-05;3.38721e-05;0.000214752;0.000110791;0.999094;3.59486e-06
1.14616e-06;2.17334e-05;0.999665;1.4017e-05;3.51208e-07;1.96589e-07;8.96191e-05;2.04348e-09;8.77869e-08;0.000203686;2.37032e-07;4.04462e-07;7.85749e-09;3.93777e-06
0.00020974;0.000313684;0.99199;0.000109994;1.54187e-06;1.48658e-06;0.000668275;1.93909e-06;0.00310058;4.13223e-06;0.0034664;1.07565e-05;0.000121556;4.29063e-08
8.41359e-07;0.999578;1.83033e-05;7.30002e-06;9.93587e-06;2.80619e-09;3.97869e-09;0.000257811;6.6037e-08;1.70691e-08;1.59806e-07;2.42541e-05;0.000103439;1.9531e-07
6.41458e-08;0.0475397;7.85161e-12;2.41725e-08;1.09693e-05;8.87129e-09;1.09129e-08;0.952362;8.1166e-09;2.75966e-07;4.94594e-09;5.65974e-08;8.67964e-05;3.71834e-07
3.48293e-07;4.00827e-05;0.995112;0.000243338;9.63131e-05;0.000141292;4.81889e-08;1.10982e-07;1.02125e-08;6.55877e-05;1.83873e-06;0.00370802;2.93984e-07;0.00059094
0.000241494;0.979337;5.93375e-09;6.01985e-06;2.29035e-06;9.22692e-06;4.12346e-05;0.0094794;0.000198778;1.72386e-06;0.00234936;0.000362122;0.0079625;8.75565e-06
2.45991e-05;0.994377;1.36882e-07;1.70156e-07;2.29545e-08;5.93987e-07;5.00558e-07;0.00258309;1.01227e-07;5.00017e-08;2.70143e-06;2.64639e-06;0.00300852;3.33535e-07
6.70339e-07;0.999581;1.48569e-08;1.44291e-09;1.47059e-09;1.00071e-08;0.000107612;4.66153e-05;2.73856e-08;6.71249e-07;9.98098e-10;2.69677e-09;2.14142e-05;0.000242361
2.12541e-10;1.60414e-11;1;8.88939e-10;9.70804e-11;1.59895e-10;1.08262e-07;1.32865e-11;6.29806e-10;3.84272e-09;1.64612e-09;1.51109e-10;3.93645e-12;3.12486e-11
4.91692e-08;4.41329e-07;0.999997;2.91423e-07;2.14622e-08;1.11056e-07;2.94668e-07;1.41944e-07;2.47243e-08;8.72336e-09;5.21022e-07;2.13352e-07;5.38746e-07;3.36657e-08
4.92568e-08;0.000132915;0.000167615;9.69239e-08;9.88439e-07;7.81523e-07;2.67974e-08;9.52509e-07;4.69969e-09;6.57509e-08;3.70333e-07;0.000182634;2.68694e-07;0.999513
8.05015e-08;1.10007e-05;1.22485e-11;8.09873e-08;0.00101744;1.10232e-05;4.36024e-08;0.99894;2.11101e-06;3.06849e-09;1.49129e-06;2.83869e-06;2.1302e-07;1.36777e-05
1.42562e-08;5.73422e-05;0.99991;3.2519e-08;6.72448e-06;3.14188e-07;3.13902e-11;4.27286e-08;5.03626e-13;3.91599e-10;6.93144e-10;2.52496e-05;8.87985e-08;1.10837e-07
2.28681e-09;0.000300472;6.38107e-12;8.08732e-11;1.18034e-08;3.18034e-09;2.79109e-10;6.69294e-07;1.27424e-11;5.53086e-12;5.80792e-10;1.71476e-10;0.999699;4.37974e-08
1.10536e-10;1.4931e-06;7.79839e-09;1.70669e-08;1.77448e-06;1.18423e-06;1.09896e-13;1.44651e-06;8.866e-10;1.48552e-11;6.35255e-10;0.999975;5.65506e-06;1.39175e-05
9.38516e-08;0.000373347;3.93845e-11;2.73407e-07;3.08627e-06;7.96805e-07;5.1645e-08;4.22753e-05;4.70542e-07;9.33416e-10;2.53537e-06;1.85563e-06;0.999575;2.69247e-07
8.75275e-06;0.000575446;7.64821e-07;2.99045e-06;6.91422e-06;7.42326e-06;1.94327e-09;4.63733e-05;2.74839e-06;2.03892e-08;5.1725e-06;0.997236;0.00208682;2.05075e-05
2.42826e-05;0.00763543;2.89981e-06;1.84389e-05;0.00511009;0.000187197;9.79168e-07;0.985437;4.76511e-05;7.81667e-06;0.00011368;0.000151482;0.00123629;2.71649e-05
0.000125946;0.0116602;1.19286e-06;4.11937e-05;3.20875e-05;1.12783e-06;5.9285e-06;0.920881;7.02743e-05;1.81665e-06;0.00060616;0.0148973;0.0516746;1.09084e-06
4.63944e-05;0.98532;2.40125e-07;3.54323e-07;3.33688e-07;3.08651e-08;5.43819e-07;0.00341123;1.93595e-07;2.29942e-07;1.86259e-07;6.48869e-05;0.0107092;0.00044653
1.4068e-05;0.224918;3.10137e-06;4.34051e-06;0.000430438;5.96388e-07;2.66442e-07;0.0112423;2.30852e-06;2.17771e-06;9.903e-07;0.760881;2.69039e-05;0.00247389
1.22713e-06;0.000299772;2.49878e-09;1.99632e-06;4.20141e-07;0.000651239;6.27362e-06;3.80964e-06;6.68044e-06;8.29904e-06;0.000133111;5.13858e-07;0.998886;1.90174e-07
2.92162e-07;2.38837e-06;0.999976;5.66118e-07;3.66073e-08;1.35553e-08;3.12427e-07;3.92803e-08;2.0024e-08;1.13213e-06;2.54107e-08;1.90949e-05;7.00737e-08;2.14216e-08
3.94452e-05;0.914644;4.66076e-06;0.000521257;0.000126661;0.000152261;3.91073e-05;0.0490947;0.00442666;1.63621e-05;0.000790628;3.66998e-05;0.0297151;0.000392599
