2.43982e-06;0.999652;1.10193e-07;2.89507e-07;1.81736e-07;5.29031e-08;4.24557e-07;0.000208394;3.84211e-06;6.29389e-09;1.66518e-07;1.81404e-05;0.00010996;3.99725e-06
3.50739e-06;0.000486601;5.91117e-08;1.04256e-05;0.000151268;2.29793e-05;1.87639e-08;0.993044;2.45941e-06;1.79524e-07;4.28038e-06;0.00622271;2.93457e-06;4.89097e-05
0.000122402;0.982106;7.55697e-08;1.07659e-06;2.16928e-06;1.49396e-07;2.3363e-06;0.000437733;5.52554e-07;2.76914e-07;8.68146e-06;9.33435e-06;0.0173049;4.63697e-06
5.72123e-06;0.283516;6.98481e-06;2.04843e-06;3.94713e-06;8.6065e-07;1.04091e-08;5.79463e-05;8.0841e-07;6.33752e-08;5.93268e-07;0.63233;0.0836319;0.00044294
4.4646e-05;0.161596;5.97614e-06;2.67192e-05;0.00657356;1.66314e-05;1.8721e-06;0.0344148;1.62713e-05;1.09028e-05;5.43969e-05;0.72085;0.0756874;0.000700535
1.70969e-05;0.0318305;2.04339e-09;7.42074e-05;3.23875e-05;0.0083187;2.16443e-05;0.00248555;2.32956e-05;1.37033e-05;0.000282085;0.000380163;0.956498;2.28959e-05
2.8718e-06;0.000275525;0.996119;1.31743e-05;2.13531e-05;9.57004e-05;1.6043e-08;7.18364e-05;3.09649e-09;3.93089e-06;4.77148e-08;0.00332182;2.59887e-05;4.91497e-05
2.63326e-05;0.0119805;1.18675e-07;8.33789e-06;4.40555e-06;5.69744e-05;2.46064e-06;0.00211549;4.96698e-06;3.77997e-07;0.000648447;0.000145024;0.985002;4.46873e-06
4.63273e-06;0.999278;3.36644e-06;6.87553e-08;9.76649e-09;1.23265e-09;1.09436e-06;0.000556786;1.73154e-06;3.12719e-08;2.72434e-06;0.000109518;4.19182e-05;2.99198e-08
1.1681e-06;0.968864;8.79497e-10;3.25274e-05;0.00239204;1.17111e-06;4.23462e-07;0.00387687;1.98898e-07;1.8121e-05;3.70149e-07;0.0221792;2.79805e-06;0.00263133
1.12441e-05;0.000315242;0.000476298;0.000498193;0.000182085;0.000361943;4.68419e-06;8.24483e-06;4.969e-07;0.00025465;0.000139602;0.996984;0.000531598;0.000231568
0.000260358;0.937979;2.49286e-08;0.000173952;8.50987e-05;2.28307e-06;0.000374242;0.014075;0.000114259;4.32525e-06;0.0382914;0.000177056;0.00827515;0.000187386
0.000146016;0.00175329;0.000348556;2.66925e-06;0.000895456;1.8621e-05;6.65076e-07;0.97272;4.32924e-07;2.46715e-06;6.50207e-06;0.0231023;0.000966318;3.66514e-05
2.88695e-06;0.959802;4.17702e-05;3.65051e-06;0.000429424;0.000285432;2.97677e-05;0.0167306;2.04561e-06;1.39588e-05;1.78178e-06;2.75016e-05;0.0223517;0.000277833
6.44617e-12;3.15567e-11;1;5.35495e-11;2.22167e-12;3.08568e-13;2.85021e-11;3.71837e-12;1.52124e-11;2.85698e-12;2.41652e-10;1.63108e-07;1.71645e-13;1.7351e-14
2.68114e-06;0.00541295;0.00998875;8.81172e-06;0.000383568;1.92262e-06;3.06266e-07;0.00217974;1.79882e-05;2.53259e-07;2.28106e-05;0.981666;4.64492e-06;0.00031002
3.61335e-09;1.52056e-10;0.999867;6.79362e-10;0.000124265;3.72079e-07;1.33736e-10;1.04457e-08;8.93557e-10;1.2235e-09;7.06107e-11;1.1875e-10;4.30361e-10;8.09575e-06
2.11146e-07;0.999563;1.80384e-07;1.31772e-09;1.2765e-05;7.50661e-09;1.23766e-06;5.42288e-08;1.17442e-10;1.40421e-06;3.99445e-11;3.21759e-09;1.0244e-09;0.000421099
3.65347e-10;1.24189e-10;1;5.09093e-13;2.20043e-11;1.22638e-14;1.90414e-11;2.38475e-10;7.68612e-12;1.80229e-13;3.61171e-13;8.6221e-08;1.14748e-12;1.24447e-12
1.59236e-07;1.88869e-05;9.49389e-09;4.4173e-07;6.13169e-05;3.26227e-06;1.10188e-08;0.999862;1.34417e-05;3.40901e-08;9.71223e-07;1.51728e-06;3.29962e-05;5.05572e-06
5.03803e-09;0.999895;3.40058e-07;3.98685e-09;2.6987e-09;1.11518e-09;8.9164e-09;3.89994e-05;1.21587e-11;1.87206e-08;1.18176e-11;1.09477e-09;6.53953e-05;7.10983e-10
2.31633e-10;8.41015e-11;1;4.84783e-09;1.25992e-11;4.43646e-11;4.93173e-10;7.89136e-11;2.71147e-10;9.67988e-10;1.69541e-10;4.02931e-08;5.60522e-11;7.24607e-12
2.64447e-08;1.07864e-07;0.999304;3.47198e-07;1.45895e-07;1.10135e-07;6.0541e-09;2.84604e-06;3.91515e-08;7.96366e-08;1.16095e-08;0.000673087;1.09621e-10;1.94102e-05
8.34311e-05;0.00204596;1.59076e-07;4.97792e-05;0.111584;0.0543706;3.6608e-06;0.424101;0.000354019;4.65691e-06;6.32671e-06;3.2181e-05;0.000466123;0.406898
1.07442e-05;0.843573;0.00326281;5.76465e-07;0.00187192;5.54985e-06;1.33756e-09;0.00705723;9.65855e-10;9.99313e-09;1.0764e-08;0.127709;0.0160577;0.000451394
6.33333e-07;0.00397834;7.86944e-09;4.5945e-07;2.2092e-05;0.000174084;1.40961e-08;0.85755;9.66422e-08;7.49261e-07;5.73603e-09;2.6725e-11;0.138257;1.58028e-05
7.03737e-13;1.69131e-14;1;5.15637e-12;9.73551e-14;1.19957e-13;7.54717e-15;8.689e-14;5.78455e-15;4.09046e-14;4.1776e-15;9.99057e-10;1.13515e-14;7.08528e-16
7.56407e-07;1.05124e-05;0.000168103;0.000201494;7.91527e-06;1.97553e-05;3.3705e-08;9.13491e-05;0.000271101;2.13264e-07;4.35495e-05;0.999163;1.85349e-07;2.24364e-05
1.0973e-05;0.999845;9.89061e-08;2.52106e-06;3.07589e-07;1.13531e-06;3.15669e-07;8.33782e-06;2.3291e-07;4.73962e-07;6.28904e-07;1.2005e-05;0.000113762;3.79149e-06
1.0905e-06;4.20364e-05;4.55033e-09;1.29306e-06;0.083055;4.15644e-06;2.09533e-10;0.916878;2.12719e-08;3.30049e-07;2.79068e-08;2.75537e-06;2.12246e-06;1.28952e-05
8.3515e-08;1.98535e-06;0.999995;7.33736e-07;1.57477e-06;4.25294e-07;2.14894e-11;2.18908e-08;2.89507e-10;3.65027e-08;2.22432e-10;3.99892e-09;3.64561e-07;5.31552e-09
0.00191369;0.00660701;0.00114797;0.000120827;0.0003638;0.00029867;2.0603e-06;0.923229;0.00517771;2.06841e-05;0.000353265;0.0334348;0.0271725;0.000158111
