4.03553e-06;0.909861;0.0899463;1.03253e-05;7.61605e-07;5.01943e-08;9.21669e-08;8.3375e-06;1.32918e-08;2.21151e-07;5.84185e-08;1.8179e-05;0.000149773;5.29186e-07
2.65964e-06;0.0139741;1.74679e-09;1.81519e-06;0.000106449;1.0079e-07;1.98745e-07;0.985711;9.55525e-06;2.84059e-07;1.30994e-05;8.60153e-06;0.00015726;1.45322e-05
2.00037e-05;0.0151054;0.808456;0.0136299;0.146188;0.00136987;4.815e-07;0.00191864;1.04442e-05;0.000297751;0.000219325;0.00215125;0.000437743;0.010196
0.000916643;0.949273;3.29643e-07;2.89217e-05;5.49607e-05;1.81866e-05;0.00276504;0.00438513;0.000644936;7.41503e-05;0.00122567;0.000153384;0.0402967;0.00016307
6.53408e-09;1.2672e-09;1;1.73442e-09;2.68294e-10;2.21451e-10;4.32419e-10;2.15424e-10;1.31551e-09;1.01162e-10;3.13869e-09;3.13602e-09;2.2924e-09;1.44106e-11
2.40286e-06;0.00401264;1.34359e-05;2.55834e-07;3.68842e-06;2.32284e-06;2.17106e-07;0.000279559;1.79516e-07;1.06696e-07;2.44215e-07;0.00084125;0.00108032;0.993763
4.42582e-08;8.62856e-06;6.01098e-11;9.1305e-09;3.55519e-05;5.6374e-07;3.25672e-08;0.999953;1.63722e-06;1.5249e-09;7.05053e-08;3.8015e-07;1.53822e-07;1.37346e-07
2.50028e-09;5.12507e-07;0.999999;1.16453e-08;1.23953e-07;1.73923e-08;3.2387e-10;3.8094e-10;4.21283e-12;4.86248e-10;8.57216e-10;1.78655e-07;7.17996e-09;3.66763e-09
1.19008e-08;0.999354;2.58772e-10;1.2333e-09;6.46255e-09;4.34338e-09;2.61311e-09;4.23362e-06;3.323e-09;1.74816e-11;1.84565e-08;5.50193e-07;0.000641489;2.57563e-07
3.1491e-06;0.971837;2.7571e-08;4.14494e-07;1.13152e-05;2.16046e-06;3.40219e-07;0.00995514;2.74276e-07;2.16524e-07;1.58442e-07;0.000149887;0.0179497;8.99484e-05
4.74203e-07;0.975775;8.88232e-08;6.31268e-06;0.000542416;4.24229e-06;5.22612e-08;0.0108211;7.04034e-09;2.67359e-05;2.79725e-09;0.000215642;0.0118466;0.000761434
9.77438e-07;0.000708965;1.3561e-08;1.47331e-05;2.43557e-06;0.000583634;2.90292e-05;1.10212e-06;1.56067e-06;1.9574e-05;2.00593e-05;4.98119e-05;0.998554;1.45824e-05
8.26924e-08;6.69897e-07;0.999914;1.77137e-07;1.74425e-07;4.75169e-08;1.16887e-05;6.90999e-11;1.33719e-09;6.43581e-05;2.41958e-09;7.78713e-06;3.03627e-10;7.60511e-07
5.17818e-07;6.10385e-07;0.999938;6.78275e-07;7.25188e-08;2.97903e-07;1.20807e-05;1.3077e-08;2.4024e-05;2.44489e-07;2.29055e-05;1.29825e-07;5.55482e-08;4.74392e-09
3.9644e-06;0.000329296;2.22938e-08;6.54744e-09;1.07181e-08;5.8314e-09;4.91879e-08;0.999654;8.79515e-06;1.56232e-08;2.86531e-07;2.90559e-08;3.18216e-06;1.34988e-09
1.27209e-08;0.946219;1.38587e-10;3.34676e-08;8.63293e-08;3.48835e-09;1.65335e-07;1.41889e-09;3.28214e-09;6.32022e-06;1.40047e-09;1.24585e-05;8.19233e-12;0.0537618
1.41885e-06;1.81126e-05;0.999757;2.4605e-07;2.34208e-07;7.0738e-08;1.98477e-06;8.8582e-06;2.01962e-06;6.13506e-08;5.50549e-06;0.000204548;2.91971e-07;6.56222e-09
8.23797e-06;0.889586;1.44493e-05;2.19876e-06;0.000157497;0.000438922;1.27922e-06;0.0552043;7.60965e-06;3.04871e-06;1.08621e-06;0.000747252;0.0536032;0.000225114
0.000109714;0.824183;3.37339e-05;6.61298e-06;0.000202694;1.35471e-05;4.22022e-06;0.0657817;3.83289e-06;1.10826e-06;2.38571e-06;0.013799;0.0956768;0.000181255
0.000122242;0.00480147;9.48768e-07;0.00010837;0.00031398;4.59787e-05;2.8043e-07;0.00577196;0.00107996;3.66576e-07;4.04942e-05;5.96227e-05;0.00031077;0.987344
0.000137309;0.351924;1.18889e-05;2.72264e-06;4.89126e-06;1.43752e-06;2.00427e-07;0.250018;1.66023e-05;1.14497e-07;1.85717e-06;0.000388939;0.397491;9.11149e-07
2.56138e-05;0.196967;8.31692e-07;0.000889037;0.00835789;0.0023235;5.08742e-07;0.000835048;6.86463e-05;8.68685e-05;8.93637e-05;0.0812407;0.00148897;0.707626
0.0201595;0.672721;0.0056838;0.0168886;0.0776374;0.00946936;0.00404484;0.00654243;0.0540322;0.0111773;0.0371299;0.0459101;0.0337661;0.00483731
1.57105e-05;0.020195;4.64165e-07;9.565e-07;1.90863e-07;2.14949e-08;0.978092;9.65951e-07;0.000232722;0.00135607;9.28631e-05;5.80299e-10;6.25769e-07;1.21082e-05
2.92998e-09;2.02337e-11;1;7.00875e-09;4.47549e-09;2.29255e-11;2.13528e-07;4.44393e-11;2.28814e-07;5.34511e-10;4.25047e-08;1.02788e-09;2.07397e-12;4.48366e-12
9.08734e-07;0.999828;1.93764e-07;2.11866e-08;8.82451e-08;4.22974e-09;1.65403e-07;0.000114747;1.93421e-07;3.17767e-08;3.03672e-08;1.93615e-05;3.5679e-05;1.62515e-07
7.85833e-06;0.0642506;3.33663e-07;1.30395e-05;0.000202255;2.8822e-06;0.0287306;0.000163734;1.75362e-05;0.0350058;1.5924e-05;1.11169e-05;8.3318e-07;0.871578
4.03629e-06;1.97117e-06;0.99971;1.78686e-06;8.01421e-09;1.74461e-08;0.00019713;1.11616e-05;6.4754e-05;3.98133e-07;7.59723e-06;6.43395e-07;2.12389e-07;3.92218e-09
7.92241e-07;2.26174e-05;1.2859e-10;4.97125e-10;8.81069e-09;7.99904e-10;6.11726e-09;0.999967;8.14469e-06;4.59772e-10;4.81982e-09;1.96405e-11;9.64076e-07;6.31749e-10
9.99707e-07;0.999698;2.60784e-06;1.61563e-08;2.47829e-08;3.17245e-09;0.000237687;4.06987e-08;2.63149e-07;4.19324e-06;1.34838e-09;3.25023e-05;4.67331e-08;2.34665e-05
5.90634e-10;8.41289e-11;1;7.97488e-11;3.30277e-10;4.37426e-12;1.45278e-09;1.14844e-11;2.28665e-09;5.68058e-12;1.08728e-10;1.77193e-08;3.2041e-12;3.56066e-12
4.47431e-10;0.999942;1.1851e-11;1.11791e-11;7.97383e-11;3.81869e-11;6.40009e-08;1.19172e-10;6.96435e-12;4.43758e-09;1.38059e-12;1.11503e-10;2.32251e-08;5.82164e-05
9.06695e-13;8.24396e-12;1;3.56439e-12;3.80621e-11;4.02407e-11;3.53047e-12;1.4386e-12;6.96959e-14;1.38131e-12;9.74189e-14;8.81732e-08;1.31034e-12;1.77529e-11
4.98402e-07;0.431368;4.22501e-08;3.63316e-05;1.25753e-06;0.000984684;0.000533998;0.00235243;2.7773e-05;3.44353e-06;0.000105974;4.18041e-06;0.564529;5.29672e-05
2.69293e-06;0.00207135;0.996553;1.88027e-05;5.63546e-07;5.21539e-07;1.05913e-07;1.07254e-05;6.66027e-08;3.06658e-07;2.53764e-06;0.000196156;0.00114258;3.40857e-07
2.70768e-05;0.941913;1.29298e-07;2.43326e-05;9.46428e-06;2.16303e-05;0.0398169;0.000187153;1.41161e-05;0.00122075;0.00424753;3.2838e-05;0.0124187;6.65133e-05
2.18977e-08;1.04137e-08;0.999994;1.47556e-07;2.47645e-09;3.11559e-08;2.80194e-07;3.86964e-10;1.50439e-06;4.03128e-09;3.84272e-06;2.11988e-07;5.60835e-09;8.07245e-10
4.58464e-06;0.989735;8.79804e-07;3.18409e-07;7.22654e-07;3.37495e-07;2.789e-07;0.00182236;5.57206e-06;6.54238e-08;1.32454e-05;5.99005e-05;0.0083554;1.26537e-06
2.62708e-05;0.888116;4.33497e-07;3.36568e-06;5.22417e-05;4.04821e-06;3.89679e-06;0.0881758;4.07411e-05;5.41237e-06;7.20297e-05;0.0144907;0.00659726;0.00241233
2.08646e-05;0.410879;0.000242155;9.66675e-06;6.30484e-06;1.60507e-05;1.21348e-05;0.00657468;1.28403e-05;4.65238e-06;0.000143863;0.58052;0.000942125;0.000615317
4.31605e-05;0.262549;1.19267e-06;7.02177e-05;0.000183073;0.00221979;1.29909e-05;0.00117984;5.75959e-05;2.96503e-06;0.000408076;0.0896415;0.00648912;0.637142
5.46191e-06;0.995259;2.72544e-06;1.65347e-08;1.40316e-08;1.15084e-07;8.03303e-08;8.23635e-05;4.21571e-08;5.8746e-09;5.13777e-09;0.000813482;0.00383615;8.94892e-07
1.60816e-06;0.00246523;2.18431e-06;1.36228e-06;9.5074e-05;0.0200982;1.0496e-07;0.000139693;1.83723e-05;4.16874e-07;1.09284e-05;0.811904;0.164834;0.000428449
8.25647e-06;0.641028;0.355735;2.55818e-05;2.98308e-05;8.67364e-05;0.000459338;1.17706e-07;2.52324e-07;0.000424056;1.57779e-06;0.0012924;2.21631e-05;0.000886713
1.06222e-09;3.69902e-09;1;5.68583e-10;1.8001e-10;9.25065e-11;7.05268e-09;2.02508e-11;1.62069e-09;1.79403e-10;8.1028e-09;1.93357e-07;4.51188e-09;3.8893e-12
8.07159e-06;0.00055891;3.24046e-06;8.56043e-07;0.000162866;4.5384e-05;6.9772e-05;0.960078;0.00194692;5.47181e-06;0.00104871;0.000250132;0.0358203;1.66686e-06
2.25146e-05;0.963328;2.37629e-07;2.90707e-06;2.82478e-07;5.16645e-07;0.0131451;0.0226322;2.70949e-05;0.000627483;6.44994e-05;6.30506e-06;0.000137634;5.26373e-06
2.42583e-07;3.20211e-06;0.999991;3.51397e-07;5.73911e-10;5.87445e-10;1.47517e-06;4.05695e-08;1.11446e-06;3.58408e-08;1.89018e-06;6.53226e-07;5.43916e-07;1.99471e-10
1.52288e-06;0.997024;8.91527e-06;4.12986e-06;5.33524e-07;2.26145e-10;9.68645e-08;0.00281877;3.67026e-07;2.61532e-08;2.60286e-07;9.00858e-05;5.1473e-05;1.98985e-08
1.5387e-06;0.837653;1.16915e-08;6.72918e-06;1.79508e-05;2.93573e-05;1.62439e-05;0.075251;5.7103e-07;0.000147534;3.6682e-07;1.96211e-07;0.0864971;0.000378147
4.85851e-11;4.3077e-13;0.999999;3.12224e-08;3.97e-09;4.84077e-09;1.524e-09;2.70907e-12;1.26734e-11;5.01233e-09;2.04365e-10;6.17531e-07;2.02442e-12;4.7488e-09
6.07621e-06;0.98582;0.000111826;9.39025e-05;4.1837e-06;4.74382e-06;0.000252152;0.000836905;2.92863e-05;1.69623e-07;0.000457964;3.83441e-06;0.012378;4.92172e-07
1.53132e-05;0.699628;1.18644e-05;2.45224e-05;8.28222e-06;0.000277092;6.32502e-07;0.298839;3.55732e-06;5.57511e-06;9.55473e-06;0.000114075;0.00046395;0.000598608
3.31411e-06;0.000610166;6.45251e-08;4.51216e-06;4.58205e-06;1.39637e-05;1.57298e-08;0.0225578;6.69427e-06;3.43656e-08;6.68716e-05;8.71121e-06;0.976712;1.1613e-05
7.57416e-05;0.000496459;2.45271e-06;4.08432e-06;6.56052e-06;5.3844e-06;7.95364e-08;7.28849e-07;4.32927e-05;1.35416e-07;0.000110168;0.996773;0.00138291;0.00109898
4.09754e-06;0.981906;5.54175e-07;7.21363e-08;9.83537e-06;3.5994e-07;1.26057e-09;0.0176059;4.81922e-08;2.82827e-08;7.15642e-08;0.000153165;0.000302698;1.7623e-05
1.18082e-05;0.609853;0.00102809;0.000408081;0.0055799;0.0163512;1.37757e-07;0.00575068;1.46658e-08;3.02177e-05;1.51644e-05;0.172;0.150281;0.0386898
4.65487e-06;0.413585;3.85785e-07;0.000848314;0.00134457;0.000576301;5.15102e-06;0.00147468;1.97988e-06;1.13166e-05;0.0229943;0.390609;0.00369424;0.16485
6.43859e-06;0.018043;1.12471e-07;3.70356e-07;9.91189e-06;1.41151e-05;2.78172e-06;0.0820353;1.54433e-07;1.55246e-07;6.95224e-05;0.00743406;0.892384;4.2046e-07
3.48152e-07;0.999267;1.05521e-07;4.6686e-08;3.01455e-08;7.22196e-08;0.000534662;3.12538e-08;1.55281e-09;3.87555e-05;1.04441e-07;3.32991e-06;0.000146846;8.75449e-06
4.14032e-09;1.96871e-09;0.999996;3.67867e-07;1.44499e-08;1.13482e-07;9.15918e-08;7.87817e-09;3.17512e-08;1.51081e-08;2.69421e-07;3.63427e-06;4.44561e-09;3.85968e-08
4.00267e-07;0.994352;1.25491e-09;3.48046e-07;1.25177e-09;2.40769e-09;2.8569e-05;7.58239e-06;1.6694e-06;2.875e-08;3.97591e-05;3.06197e-06;0.00556688;2.49451e-10
3.40687e-07;0.947767;3.28429e-10;1.57044e-05;3.89459e-06;4.20031e-05;6.11093e-08;0.00124675;1.57635e-07;6.3952e-07;1.81382e-05;0.048779;0.000927566;0.00119925
0.000262926;0.0985495;0.000705483;0.00281017;0.00125869;0.000929402;0.000135586;0.00774017;0.000747705;0.00035681;0.0352935;0.845116;0.00311783;0.00297587
5.16528e-05;0.998004;0.000357743;7.30761e-05;6.20631e-05;9.62709e-06;4.11703e-06;4.65889e-05;1.36103e-07;1.04712e-05;1.77406e-05;1.04369e-05;0.00114622;0.000205665
2.3534e-07;0.00513105;7.63685e-08;3.74661e-10;2.89598e-09;3.30025e-11;1.39335e-07;3.67816e-09;1.18013e-09;7.44241e-10;7.65851e-09;0.994802;6.60731e-05;8.26965e-09
1.32279e-06;0.00364794;4.82928e-08;3.35894e-07;0.0016207;0.00050711;8.33337e-07;0.988051;4.95991e-06;7.7258e-08;7.86172e-07;8.33708e-05;0.006076;5.61867e-06
8.52017e-05;0.0772383;4.57916e-08;2.23122e-05;8.37058e-05;9.30441e-05;8.90169e-08;0.0164973;5.69632e-06;1.17845e-07;1.50388e-05;0.0070692;0.896652;0.00223754
4.87773e-05;0.00106881;0.000332616;2.03647e-06;1.25647e-05;1.81648e-06;3.97068e-08;0.000151284;1.21221e-07;1.00605e-07;3.67912e-07;0.957376;0.0409844;2.06299e-05
6.28733e-06;0.0173547;4.16757e-05;6.96576e-06;6.25707e-07;8.01559e-06;7.01541e-06;0.00177397;1.73521e-05;1.77869e-07;8.59535e-05;0.00200618;0.978684;7.17299e-06
2.23431e-06;0.0206842;4.79034e-05;0.00121097;0.00121188;0.00513568;4.77623e-05;0.0255932;7.08219e-06;4.73483e-05;0.000538625;0.0029777;0.937165;0.00533012
0.000126714;0.00153794;1.84056e-06;0.00420071;0.000127031;0.00026683;0.000232195;0.00766164;0.00738935;1.74912e-05;0.925038;0.00180402;0.0515913;4.93059e-06
3.62984e-06;0.0111847;1.24178e-09;2.03218e-09;5.68541e-08;2.72553e-09;1.26854e-08;0.988471;6.25055e-09;9.74173e-09;4.52887e-09;5.17349e-09;0.00034094;5.31336e-08
1.32505e-07;0.000576861;1.37162e-06;4.37619e-07;7.78872e-06;2.6125e-06;1.64175e-09;5.20332e-05;6.57249e-08;4.21672e-08;9.5916e-08;0.996198;5.83314e-06;0.00315451
1.00798e-06;0.0118091;1.15485e-11;9.46961e-08;1.76283e-06;7.18036e-08;5.10975e-08;0.000181606;1.35628e-06;7.07343e-09;2.26795e-06;1.04081e-06;0.987999;2.38516e-06
5.17666e-05;0.00197776;7.43941e-08;1.86282e-05;2.93876e-05;1.16957e-08;6.57169e-07;3.7546e-05;0.000304135;1.79414e-06;2.7709e-06;0.997559;1.55294e-05;1.05397e-06
0.000346103;0.84035;0.000146435;4.26465e-05;0.000396678;9.48192e-06;4.81809e-08;9.43302e-05;2.55251e-07;2.56953e-06;3.15246e-07;0.000616853;0.15794;5.50578e-05
0.000141954;0.229171;1.81983e-06;1.2081e-05;0.00480487;1.92381e-05;9.47686e-06;0.71178;5.23901e-05;3.97661e-06;5.07667e-05;0.0255648;0.00895848;0.0194295
7.41342e-06;0.0706834;1.51688e-09;1.53368e-05;0.000148424;0.0228813;4.55579e-06;0.00134229;1.9684e-06;8.76477e-07;1.83234e-05;6.755e-06;0.904786;0.00010324
6.08071e-06;7.64038e-05;0.996365;6.41489e-07;8.25114e-06;2.8515e-06;1.80791e-08;1.87355e-06;1.69366e-09;1.17228e-06;2.30606e-09;0.00338322;1.58541e-06;0.000152559
1.67417e-05;0.963232;1.55222e-07;1.29942e-05;9.78657e-05;0.000209809;2.76829e-06;0.0248075;2.46569e-05;5.28094e-07;1.63531e-05;3.41273e-06;0.00845507;0.00312004
2.17697e-06;0.999494;0.000186822;3.21594e-07;1.22811e-08;5.29481e-09;6.90587e-07;2.09091e-05;7.87039e-07;2.74343e-07;4.58113e-06;0.000232588;5.6522e-05;9.88213e-08
2.2903e-07;0.996991;3.19552e-09;1.68852e-05;0.000523008;1.553e-07;6.48493e-07;0.0016551;5.66524e-07;5.66339e-06;5.94198e-07;0.000751533;1.17561e-06;5.34032e-05
3.25882e-06;0.000269383;0.00241825;0.000326017;0.000581498;0.00233958;5.9667e-07;5.54638e-05;1.20521e-07;6.82553e-05;9.16741e-06;0.993636;0.000144307;0.00014848
1.29922e-05;0.0399686;1.67728e-09;5.72067e-06;3.00914e-05;4.22224e-06;5.95022e-06;0.00250499;2.95189e-06;1.58171e-07;0.000150213;4.27562e-05;0.957249;2.21243e-05
6.3135e-06;0.000188104;1.44979e-05;7.41933e-06;2.07614e-05;5.09183e-07;3.70995e-07;0.000122308;2.08504e-06;6.49818e-07;8.98585e-06;0.999539;8.66848e-05;1.90955e-06
1.27274e-06;0.000108314;0.999721;3.78286e-07;1.03872e-05;5.52928e-08;1.29431e-08;0.000142642;2.02645e-07;4.54003e-08;1.69883e-07;3.74887e-07;1.55228e-05;4.886e-08
8.36627e-08;0.999931;3.3034e-07;3.37444e-07;2.67684e-06;1.03688e-07;2.66928e-06;9.1828e-08;1.46934e-09;1.56957e-05;1.9725e-08;4.87238e-09;1.28038e-07;4.65046e-05
6.02558e-10;3.12295e-10;0.999999;6.36349e-11;3.4677e-12;4.07671e-13;7.81064e-09;1.51965e-12;9.71309e-11;1.34848e-11;2.39052e-09;1.3824e-06;1.30398e-11;3.29632e-13
0.000307737;0.0159226;3.2519e-06;7.32272e-05;0.00617931;0.000258634;0.00102586;0.509652;0.172639;5.9628e-06;0.125392;0.000125668;0.14168;0.0267342
1.54996e-06;0.986504;1.98081e-05;2.37278e-06;1.71489e-05;4.3436e-06;8.31976e-07;0.000364216;8.31108e-06;2.02284e-07;2.70413e-05;0.000952701;0.0120957;1.66119e-06
5.23484e-07;9.91172e-05;3.56546e-07;2.02526e-06;0.758625;0.165259;1.28149e-08;0.00413945;1.14967e-06;1.569e-05;3.93745e-08;0.000164839;4.7193e-05;0.071646
1.98241e-05;0.00549329;1.47703e-09;5.41718e-07;1.20764e-06;5.22712e-07;4.67537e-08;0.0165906;9.18828e-06;1.97442e-08;2.53125e-07;4.13191e-05;0.977843;2.79875e-07
1.51423e-05;0.00267169;8.96964e-07;1.0264e-05;7.01902e-06;2.37243e-07;5.4192e-09;0.000183499;8.04753e-06;2.56832e-07;7.96331e-07;0.996886;0.000212784;3.46701e-06
2.47517e-05;0.992812;1.4309e-06;4.02917e-05;2.49416e-05;6.16171e-08;5.02414e-08;0.000286589;2.78477e-06;6.535e-07;1.94711e-06;0.00677411;2.65213e-05;4.20711e-06
6.9724e-05;0.197282;9.42984e-06;0.000147947;0.000435354;0.000118881;1.77623e-06;3.12508e-05;5.85316e-07;5.05605e-05;4.17897e-05;0.000327257;0.801249;0.000234909
3.64693e-06;0.00690214;6.82668e-06;4.73528e-06;2.02427e-06;1.35237e-06;2.34615e-06;0.00101524;6.82927e-06;1.2771e-07;0.000135612;0.991274;0.000638261;6.92765e-06
8.55629e-07;0.0522891;9.55924e-05;1.36066e-06;0.0788252;0.000861235;3.45912e-08;0.830899;7.9158e-08;5.26977e-08;2.832e-08;2.18464e-06;0.0351146;0.00191086
4.22312e-07;0.000264843;3.85118e-06;5.12551e-06;7.09351e-07;5.98581e-05;5.39795e-08;2.06946e-05;1.38517e-07;2.64564e-07;7.70845e-07;2.51e-05;0.999614;4.42102e-06
7.18672e-07;2.68946e-05;0.999958;9.52991e-08;1.78633e-06;5.16903e-08;2.26839e-10;2.91713e-06;5.24614e-10;2.44065e-08;3.82793e-10;4.01937e-06;6.69434e-07;5.18003e-06
2.62264e-07;0.991699;6.98211e-07;1.62278e-06;1.73703e-05;3.92503e-05;3.64794e-07;0.00482742;5.20445e-07;1.39081e-07;1.07905e-06;2.48605e-05;0.00167103;0.00171616
8.44341e-08;0.050142;1.82924e-10;2.38898e-06;5.08821e-06;1.19318e-05;5.66844e-08;0.00182547;3.23764e-07;1.09554e-07;4.76939e-06;5.42965e-06;0.947956;4.65372e-05
6.5546e-07;0.000557194;4.15721e-07;3.27955e-05;2.58168e-06;1.90043e-07;4.42325e-08;7.16795e-05;6.12775e-07;1.92131e-06;1.26824e-06;0.999247;8.37813e-05;2.71871e-07
3.2836e-05;0.00470056;1.90455e-06;4.24944e-05;0.000147667;1.02192e-06;1.48644e-06;0.993067;4.65286e-05;1.36909e-07;8.05946e-05;0.000268545;0.00160871;9.601e-07
6.39687e-10;1;1.48277e-13;4.513e-11;1.23354e-10;6.08312e-12;8.89801e-08;2.84563e-09;1.05237e-12;2.62592e-08;4.2801e-12;3.39486e-13;5.46998e-10;2.68118e-07
5.57551e-11;2.44903e-13;0.999907;3.52218e-11;6.28699e-09;1.67735e-11;4.46368e-11;3.95083e-11;9.4605e-13;3.15432e-11;2.04356e-13;9.31979e-05;4.04169e-13;7.3314e-11
3.1465e-05;0.78506;1.44229e-08;1.40519e-05;3.0518e-05;3.95566e-06;0.0171478;0.153872;0.0117463;4.30117e-06;0.000458806;3.99955e-07;0.03163;8.90304e-07
0.0010932;0.978976;0.00278917;0.00203061;4.10119e-05;2.54353e-05;0.000418913;0.000324983;0.000250562;0.000587096;0.00279814;8.48413e-06;0.0106332;2.28091e-05
0.000430477;0.18825;0.223647;3.15465e-05;0.00128199;2.13597e-07;4.88442e-06;0.000445674;4.24813e-05;5.13433e-07;1.09088e-05;0.585093;7.03774e-05;0.00069084
9.19587e-05;0.204376;8.46152e-05;4.6059e-07;0.000228158;0.000119447;4.97988e-06;0.791864;0.000209569;3.00312e-06;3.41182e-06;1.36666e-05;0.00299783;2.65597e-06
3.08674e-07;0.00241239;4.08079e-09;3.75989e-07;5.31518e-06;1.468e-05;1.50631e-08;8.26741e-05;1.55192e-06;4.61762e-08;3.98311e-06;0.00259062;0.994886;2.12673e-06
0.00649553;0.00662574;0.000130833;0.00264064;0.0280053;0.00247341;0.000166028;0.0106881;0.0165575;0.00132085;0.00527176;0.906594;0.0116672;0.00136313
0.0015683;0.967134;2.25096e-06;1.26126e-05;5.94986e-06;2.92387e-06;8.89338e-05;0.00773183;0.000346661;5.73011e-06;0.000151752;4.1206e-06;0.0228095;0.000135357
1.46776e-07;0.994281;4.31912e-09;1.3295e-08;1.05174e-09;1.68222e-09;0.00558891;4.42371e-07;4.99364e-07;8.46133e-06;7.43806e-09;2.32531e-08;1.03081e-07;0.00012063
8.65411e-11;1.30966e-12;1;4.26752e-09;2.90746e-11;2.82103e-12;2.40667e-08;8.55391e-13;3.8099e-09;8.23323e-11;6.91704e-08;3.8042e-08;8.07771e-14;1.36926e-12
9.89164e-07;0.997925;2.70523e-08;2.08991e-07;4.77301e-08;2.59684e-07;6.08048e-05;0.000500341;2.22237e-08;9.63187e-06;1.03373e-06;1.2676e-09;0.00149144;1.0019e-05
3.29255e-12;2.95731e-12;1;2.55218e-11;2.69763e-10;1.71994e-10;8.28383e-13;5.75873e-12;4.82918e-14;1.95447e-11;2.92122e-12;4.9064e-08;1.0163e-12;5.09407e-09
4.91175e-08;0.0129591;1.85835e-09;9.16738e-08;3.3386e-08;6.53345e-05;5.972e-06;2.65853e-06;1.36474e-06;1.20422e-08;1.31045e-05;5.4889e-07;0.986951;3.66276e-07
1.87923e-08;2.60834e-05;0.999956;1.59128e-08;2.0457e-10;8.39591e-10;4.51785e-06;1.48977e-10;6.17429e-10;2.50503e-06;1.03519e-08;1.05964e-05;5.84625e-10;3.60722e-09
1.77768e-08;2.0211e-07;0.99999;1.12797e-07;1.38139e-08;5.67219e-08;1.33389e-06;3.54627e-09;3.60145e-07;4.44226e-08;7.78274e-06;3.50355e-07;9.03047e-09;3.11079e-09
0.00012969;0.759481;0.000147246;1.28935e-05;5.22352e-06;1.05885e-05;0.00152619;0.116125;0.00184291;5.07158e-05;0.0302676;0.0167741;0.0735947;3.27726e-05
9.21752e-07;0.995438;7.49045e-11;9.38011e-07;2.04706e-07;1.30598e-07;0.000557626;1.10839e-05;3.20212e-06;0.000264338;6.67309e-05;0.00364638;3.73853e-06;7.25072e-06
8.26434e-06;0.000143279;0.999494;1.76951e-06;2.49414e-08;9.30598e-08;3.18432e-06;5.0322e-05;1.04796e-05;3.05877e-08;4.53437e-05;1.96118e-06;0.00024092;8.81741e-10
8.59667e-05;0.979495;0.0021009;0.000178871;2.38795e-05;2.70004e-06;1.06563e-06;0.00107247;4.5469e-06;4.56197e-06;1.18008e-06;0.00133056;0.014469;0.00122962
0.00165302;0.52576;1.71899e-05;4.66209e-05;0.00376269;0.000721981;3.00362e-06;0.458766;0.00225181;7.72028e-06;1.2214e-05;0.00411875;3.62974e-05;0.00284194
0.000122183;0.00633202;1.49989e-09;7.53704e-07;0.000115079;6.20395e-05;8.64533e-06;0.945646;4.09e-05;1.59581e-06;3.76345e-06;8.34131e-06;0.0476524;6.5815e-06
0.000117817;0.158502;0.000306928;0.000159608;0.014491;0.00225516;5.54224e-08;0.00117759;1.66565e-05;1.28817e-06;1.0628e-05;0.654247;0.00891465;0.1598
0.000607157;0.554125;0.000200647;2.30237e-05;0.000609334;8.58196e-07;5.43229e-06;0.379472;0.00121656;2.16059e-07;0.000139766;0.0448485;0.0187491;2.10411e-06
0.000105571;0.457978;0.000174651;0.000891391;0.153688;0.0047962;2.41099e-06;0.00374217;5.73279e-06;0.000256582;6.72653e-07;0.133598;0.019271;0.22549
0.000223381;0.850794;1.9953e-07;1.64115e-05;8.59374e-05;2.50226e-05;2.91504e-06;0.0115876;8.47141e-06;2.59026e-06;6.82836e-06;0.0836752;0.0535132;5.7958e-05
9.90574e-05;0.905467;3.54371e-07;5.62017e-05;1.0517e-05;1.55968e-06;1.23307e-05;0.00814774;3.32693e-06;2.45643e-06;3.53248e-06;0.0011539;0.084959;8.27458e-05
0.00013018;0.00180749;2.30431e-07;0.0110066;0.226324;0.0201553;4.07669e-09;0.687489;4.13601e-05;4.03353e-06;2.17004e-05;0.0154626;0.00201656;0.0355407
4.17282e-06;0.992431;4.47641e-10;5.8811e-08;1.55275e-07;2.65627e-07;1.57617e-07;7.85901e-07;1.39517e-08;6.8471e-07;7.93102e-09;1.13819e-05;0.000886344;0.0066646
0.00269383;0.730172;0.00219878;6.06269e-05;0.000547668;0.00017811;0.0394384;0.0284443;0.00350162;0.000800348;0.00312245;5.49973e-06;0.18793;0.000906572
3.53739e-08;2.49319e-08;1;8.93214e-09;2.19389e-09;1.50904e-09;1.27617e-07;1.0093e-07;1.62866e-07;4.703e-09;4.55729e-09;4.25061e-09;3.52726e-08;3.76705e-11
3.86778e-07;2.4113e-05;0.000245133;6.0423e-06;5.488e-06;2.17359e-06;1.21716e-09;3.51997e-05;2.73912e-05;5.11108e-08;1.21782e-06;0.99943;6.98919e-08;0.000222914
7.43242e-06;0.999499;1.10299e-08;9.19099e-08;9.20332e-07;3.21333e-05;1.51875e-07;3.40779e-05;6.38609e-07;1.45293e-06;1.21687e-06;7.92866e-07;0.000383018;3.89839e-05
3.54668e-08;0.999874;1.78511e-08;3.16076e-10;2.79758e-07;2.78981e-09;1.00334e-06;5.81296e-07;1.57436e-10;4.61678e-07;2.08786e-11;3.37868e-07;3.38257e-08;0.000123895
7.22368e-12;1.84419e-12;1;2.665e-12;1.03476e-10;2.5485e-12;1.45785e-12;1.72301e-09;8.16096e-13;3.91109e-13;2.18142e-14;5.23406e-10;1.35614e-13;8.67303e-14
1.53938e-05;0.0977334;3.01514e-07;2.44347e-05;5.61834e-05;0.000108144;7.35515e-06;0.680131;0.000460162;1.99257e-06;0.00012127;4.55446e-05;0.221295;2.07126e-07
6.54102e-06;0.999059;1.18153e-06;4.79512e-07;1.05308e-08;7.177e-09;8.74897e-08;6.00669e-05;9.52842e-07;5.12532e-07;1.1593e-06;0.000687237;0.000182368;2.68134e-09
7.92014e-08;0.99995;1.01168e-11;8.66916e-07;9.38626e-07;1.76397e-09;1.86224e-06;2.95515e-07;4.68327e-08;2.13619e-05;8.53392e-08;6.2349e-06;2.02591e-07;1.82807e-05
6.29171e-06;3.50465e-05;0.999027;2.01884e-06;1.15342e-08;1.83203e-06;0.000660933;1.35707e-05;5.85555e-05;1.41729e-05;5.83555e-05;6.36244e-09;0.000122471;6.06497e-10
2.01776e-09;5.7406e-10;1;3.5998e-09;1.73588e-11;1.44552e-10;6.10024e-09;2.26756e-09;8.51984e-09;1.92155e-09;1.52496e-08;6.98982e-08;4.54369e-09;1.02201e-12
2.54621e-08;1.84267e-05;4.78566e-05;8.93276e-08;7.23172e-08;3.47219e-08;6.29701e-10;3.71017e-07;3.37895e-07;7.83641e-10;6.32561e-08;0.999932;1.70376e-07;6.49528e-08
1.85405e-06;0.999835;3.86265e-13;7.1889e-08;1.37495e-06;4.136e-08;6.72899e-05;1.84738e-05;1.77379e-07;6.82111e-06;1.17005e-07;1.70349e-11;3.33442e-06;6.58253e-05
1.88044e-09;2.05659e-11;1;2.34223e-10;8.5154e-09;5.2697e-13;2.89513e-12;6.19696e-11;6.61895e-11;6.43501e-12;6.85365e-12;2.70422e-07;7.85359e-14;3.05319e-11
6.17668e-07;0.000105588;7.87484e-08;9.29165e-09;0.000169237;1.14655e-08;1.32014e-11;0.999701;9.57707e-09;1.51525e-10;3.23676e-10;9.63699e-06;1.32117e-05;1.03104e-06
9.95616e-09;5.41836e-07;2.73503e-10;3.50028e-09;2.41607e-05;6.32498e-09;5.05526e-12;0.999955;9.4391e-09;8.06542e-10;5.9196e-11;3.23634e-09;1.99966e-05;4.72078e-10
6.12637e-09;4.40785e-07;0.999977;1.92373e-07;1.25711e-05;4.89592e-06;5.84751e-12;7.52228e-09;6.23606e-12;6.69203e-07;4.3494e-11;4.0262e-06;1.0897e-08;2.99328e-07
1.17597e-05;0.992483;0.000145835;1.13544e-05;6.06789e-06;1.89225e-06;1.40237e-05;0.00630074;0.000208323;5.94965e-07;0.000193021;5.83054e-05;0.000438271;0.000126748
