2.24365e-05;0.996292;0.00210306;0.000479137;1.49928e-06;7.65681e-07;3.27846e-06;6.64081e-05;1.11072e-06;7.40421e-06;2.34096e-06;6.99806e-05;0.000920482;3.04562e-05
1.33527e-05;0.994363;6.37826e-09;9.07625e-05;8.28638e-06;4.02072e-06;4.66039e-07;0.00468989;0.000182771;1.14561e-06;8.08269e-05;0.000468035;8.01449e-05;1.70428e-05
1.04917e-05;0.99224;4.18132e-07;2.97353e-06;2.05174e-06;5.66055e-06;1.49897e-06;0.00417433;8.21392e-07;6.68754e-06;2.14513e-06;6.80413e-05;0.00347141;1.3934e-05
1.64327e-05;0.00197569;2.17505e-05;5.49495e-06;0.000123628;3.96744e-06;3.68379e-07;8.41428e-05;7.80363e-06;1.50577e-07;1.03935e-05;0.997357;5.49158e-05;0.000338586
0.000168813;0.947165;1.59097e-07;8.28605e-07;3.20646e-05;1.67981e-06;3.52365e-07;0.0177133;0.00027779;2.49674e-08;1.03354e-06;1.60164e-05;0.0345265;9.66224e-05
4.57561e-06;0.899354;3.15389e-05;0.000167017;0.00884805;0.000438767;4.17628e-07;0.000976804;5.92174e-06;2.91633e-05;1.27671e-06;0.00804522;7.27198e-05;0.0820245
3.42101e-05;0.0798056;8.84893e-06;2.02883e-05;0.00204143;0.000626231;5.73185e-05;0.000244275;3.92596e-06;2.34253e-05;9.74209e-06;0.880725;0.0315553;0.00484471
2.37085e-07;0.985925;3.23418e-09;1.98849e-06;1.2084e-05;2.27026e-06;2.10496e-06;0.0100621;2.15948e-08;2.11682e-06;6.72818e-08;3.25231e-08;0.00116537;0.00282617
6.70653e-10;2.2587e-09;0.999999;3.14595e-08;9.32829e-10;8.16347e-11;1.23312e-09;1.51192e-11;8.06001e-10;4.23934e-10;2.0695e-08;8.43102e-07;8.05879e-11;4.68973e-11
6.86234e-06;0.0182539;1.41961e-05;1.76254e-05;0.000145344;1.54689e-06;9.9807e-07;0.98147;5.58847e-05;2.41673e-07;7.97195e-06;6.79784e-06;1.17007e-05;6.9083e-06
7.46098e-08;0.000233119;0.998261;4.44939e-06;1.3946e-05;0.000321217;6.5778e-09;3.48851e-06;4.13223e-08;3.42435e-07;3.75169e-08;8.47176e-05;1.81882e-07;0.00107736
7.57793e-07;0.055014;1.92463e-09;1.01956e-06;0.000588702;0.00196725;1.29132e-06;0.000361625;2.3559e-07;9.31875e-06;7.95108e-07;6.4798e-10;1.12421e-05;0.942044
5.4082e-12;8.29244e-13;1;2.08661e-13;1.54016e-12;2.4611e-13;7.88032e-14;1.25176e-11;1.85057e-14;8.58618e-14;5.07498e-14;4.17255e-07;5.563e-12;7.80078e-14
1.33506e-06;0.0196196;2.16172e-08;5.74845e-06;3.12192e-05;5.61092e-06;2.68464e-07;0.976335;0.000189257;1.24693e-07;1.12803e-05;0.00175668;0.00204243;1.31174e-06
6.84677e-07;0.0066637;1.90945e-08;8.45604e-07;0.00148194;3.41964e-07;5.06491e-09;0.991836;5.76548e-08;6.24903e-07;1.02654e-08;8.11081e-07;1.40679e-05;7.73076e-07
4.18405e-05;0.00342172;0.989658;0.00131574;0.0017476;0.00126758;4.82951e-06;4.45024e-05;1.41873e-07;0.000942708;1.71809e-06;0.000370017;0.000163762;0.00101941
5.30182e-05;0.934618;3.43562e-07;4.16986e-07;7.08211e-07;7.98673e-07;4.03201e-07;0.058516;9.55189e-08;1.44303e-07;1.13215e-06;0.00667422;4.44998e-05;8.99719e-05
1.59815e-07;0.997994;4.42242e-08;6.90271e-10;5.34631e-08;5.61019e-08;2.85763e-05;1.55454e-05;6.00538e-10;7.57886e-07;1.88552e-11;4.85526e-11;4.11519e-05;0.00191959
1.09499e-12;2.13247e-14;1;9.81011e-13;1.62759e-13;1.17523e-13;5.51164e-11;4.37187e-14;1.61501e-13;1.13864e-11;1.09691e-13;3.55709e-13;2.13216e-14;3.66675e-14
1.50802e-07;5.84952e-07;0.999993;7.88128e-08;1.15701e-08;1.37912e-09;2.96356e-06;1.34937e-06;1.41132e-07;2.62801e-08;1.2524e-06;1.55489e-07;3.37702e-07;1.28567e-09
1.19993e-07;2.94533e-05;0.00909169;1.15555e-06;3.05919e-07;5.1968e-08;4.42598e-07;2.537e-06;1.03352e-06;2.97574e-08;2.00031e-05;0.99083;9.55687e-08;2.34479e-05
6.86391e-07;0.0228709;4.55009e-09;3.1615e-07;7.5072e-05;0.000710678;5.44974e-08;0.00210781;1.93045e-07;3.49722e-08;1.26058e-05;7.97597e-07;0.973332;0.000889339
1.57809e-07;0.0236115;8.64813e-09;3.69399e-07;0.000164052;9.49319e-06;4.19144e-09;0.00233178;1.10119e-08;3.93155e-08;2.62089e-07;0.969151;0.00423994;0.000490976
4.62936e-08;5.1683e-06;0.999969;2.61007e-09;7.76113e-09;4.64116e-09;5.65324e-09;2.15591e-05;4.16559e-09;5.87878e-10;8.85687e-11;4.37572e-07;3.52946e-06;5.39621e-11
2.4885e-06;0.184227;6.08944e-09;6.39172e-06;1.71745e-06;4.06399e-06;2.39493e-06;0.806933;0.000551956;3.80372e-08;7.68605e-06;2.2717e-05;0.00823917;2.15634e-06
6.15932e-07;0.0168543;9.03736e-09;1.00236e-08;5.49642e-08;4.16455e-08;2.13349e-09;0.981701;1.76329e-09;3.13259e-08;1.95054e-10;3.5402e-08;0.00144366;5.47879e-08
8.08676e-09;2.1165e-05;7.53528e-07;3.45395e-07;3.81938e-06;2.14428e-06;1.83126e-09;7.36345e-07;3.45012e-09;1.79999e-08;6.17382e-08;0.999955;1.18034e-05;3.9693e-06
2.96472e-07;0.00392816;1.37906e-09;2.64676e-07;9.93859e-08;4.17403e-08;6.56987e-06;0.000288787;1.5589e-07;7.56993e-08;9.47845e-07;3.66298e-08;0.995774;1.7493e-07
0.000467538;0.0108431;3.13639e-08;0.261047;0.585222;0.00783311;2.83695e-05;0.00323379;0.0653621;0.00123848;0.00211055;0.00610159;0.00126989;0.0552423
0.0066588;0.982141;4.10433e-06;1.75938e-05;9.37974e-06;4.31544e-07;5.34495e-05;0.00941887;8.16745e-05;1.69118e-05;4.61095e-06;9.71849e-06;0.00158099;2.94527e-06
0.0232638;0.543857;0.00100035;0.000911909;0.00555716;6.19845e-05;0.000524595;0.0111491;0.0114699;0.000175982;0.000124806;0.372703;0.0243408;0.00485941
0.00031328;0.000804914;2.79937e-10;0.0011312;0.00110328;0.0022506;0.000137861;0.00109675;0.350587;1.87394e-05;0.000795848;3.31265e-07;0.641727;3.36317e-05
0.00466099;0.598638;0.391427;0.00121911;5.14549e-05;2.05805e-06;2.37804e-05;2.21668e-05;7.14201e-05;5.22154e-05;9.10411e-06;0.00118875;2.57087e-05;0.00260757
0.000102009;0.955815;1.13555e-08;3.50272e-06;6.1185e-05;3.503e-06;2.85912e-06;0.0435662;0.000325897;1.16246e-06;4.56941e-06;3.44405e-05;2.27198e-06;7.71293e-05
1.05346e-05;0.00045453;5.07666e-09;1.86118e-07;3.83426e-06;1.15799e-05;2.77854e-06;0.997739;0.000456942;5.03086e-07;5.72097e-06;5.94457e-05;0.00125497;5.52143e-08
0.0007468;0.0356907;6.31114e-05;0.00031093;0.00396898;0.000167332;4.84396e-07;0.000827789;0.00686241;8.74304e-07;0.00016578;0.946793;0.00357617;0.000825496
0.000130822;0.0567955;1.14804e-07;1.96972e-07;0.00508029;8.75181e-09;4.68386e-07;0.937653;5.62875e-05;4.16726e-08;1.2999e-06;0.000172075;2.52086e-05;8.48796e-05
1.79946e-06;0.173836;2.99247e-06;7.03916e-07;0.000368385;9.55128e-08;1.00715e-07;0.0197317;1.87625e-06;4.25317e-07;8.58412e-08;0.790326;6.99001e-05;0.0156592
2.58138e-06;0.974259;2.02684e-07;2.82884e-07;1.04484e-05;3.04045e-06;2.0652e-06;0.0134153;1.67034e-06;1.93934e-07;3.54733e-07;0.00513808;0.00716431;2.26815e-06
2.52379e-06;0.0024464;1.34675e-07;9.83124e-07;2.58839e-06;6.71008e-06;6.01996e-09;0.0247455;3.59982e-07;9.44596e-09;4.15996e-07;0.00047902;0.97229;2.50882e-05
1.3572e-06;0.00244067;1.13874e-05;1.43975e-06;4.16868e-06;4.32038e-06;1.58308e-09;0.000180192;1.83351e-07;6.6638e-08;4.42913e-07;0.994479;0.00278852;8.86035e-05
2.9335e-06;0.103089;4.71618e-07;2.32338e-06;0.000224658;1.30933e-06;1.19266e-06;0.896196;1.13104e-05;2.18596e-06;9.58995e-05;0.000239132;0.000125799;7.89234e-06
1.49287e-08;2.82754e-06;0.998548;1.30941e-07;0.000359213;3.55064e-08;5.27906e-11;0.00021053;5.04778e-11;6.1304e-08;4.19982e-09;0.000878339;4.34656e-08;3.48183e-07
3.2088e-06;0.998573;2.24835e-05;2.37807e-06;2.22288e-06;1.49455e-07;0.000146741;6.36664e-06;6.79879e-07;0.000189905;5.37441e-06;5.57552e-07;8.9147e-07;0.00104582
0.000184589;7.74943e-05;4.08175e-06;1.56206e-06;4.90115e-08;1.14449e-09;0.783115;0.00215912;0.172039;1.3018e-06;0.042403;8.66966e-07;1.36634e-05;3.68994e-10
0.000207815;0.831656;5.49997e-08;9.8835e-06;1.83836e-06;1.16223e-08;5.66882e-07;0.161987;0.00581895;8.84011e-08;0.000308722;3.45362e-06;5.76348e-06;2.47007e-08
3.36246e-05;0.976915;0.000204126;6.97816e-05;0.000102513;1.15414e-05;5.13443e-08;3.31565e-05;9.95504e-08;2.1783e-05;1.68688e-06;0.00484772;0.0172963;0.00046247
0.00142242;0.0484507;9.51601e-09;4.59636e-05;5.61513e-05;8.81797e-05;3.20203e-06;0.0063399;0.00501011;5.71254e-07;0.00486615;0.0427804;0.890913;2.31366e-05
2.0345e-05;0.0016137;0.996762;7.13834e-05;0.000304465;9.46846e-06;1.56909e-08;1.90003e-06;1.6359e-08;4.39818e-07;2.72866e-08;0.000357159;1.90329e-05;0.000840162
4.6125e-05;0.868427;6.78291e-07;3.84005e-07;1.32977e-06;1.45107e-05;2.60124e-06;0.00230168;5.52314e-07;8.60047e-08;5.9363e-07;0.000203541;0.128973;2.78177e-05
1.22448e-06;0.0323045;2.0381e-07;4.71152e-06;0.000138145;0.00308274;7.07679e-07;0.00106065;1.50196e-06;2.74231e-06;2.7038e-06;6.80169e-07;0.00119142;0.962208
3.70492e-08;3.26081e-09;0.999998;5.52577e-09;3.26333e-10;4.04639e-10;4.31589e-09;3.11244e-09;1.78119e-08;6.39842e-10;3.73946e-08;1.73644e-06;1.92779e-08;1.13093e-10
3.83836e-06;0.00535679;5.74777e-06;2.30953e-06;4.42639e-05;9.03774e-06;2.34522e-06;0.000426355;5.84814e-06;7.33066e-07;1.81001e-06;3.06312e-05;0.000276802;0.993833
2.36727e-08;2.30276e-05;2.8506e-12;1.96909e-09;2.23182e-05;9.10943e-08;1.1691e-08;0.999954;4.035e-07;6.37943e-10;1.25129e-08;1.50972e-07;9.95535e-08;1.6694e-08
5.30088e-09;2.57102e-06;0.999995;2.30702e-08;9.25412e-07;4.00516e-08;2.30888e-10;5.81815e-09;3.14626e-12;1.99022e-09;3.41049e-10;1.43464e-06;4.38867e-09;2.4407e-08
6.0095e-08;0.999667;4.09927e-10;4.82576e-09;1.12088e-08;6.50282e-09;1.45635e-08;8.52874e-06;5.26971e-08;1.0299e-10;6.28094e-08;2.02316e-06;0.000321914;5.13698e-07
2.87387e-06;0.984314;3.71515e-08;4.37832e-07;8.18245e-06;4.05314e-07;3.04127e-07;0.00513429;2.37212e-07;2.87697e-07;6.36543e-08;0.000496724;0.00995334;8.89097e-05
1.22139e-07;0.992324;1.94844e-08;2.89742e-06;0.000751777;1.10065e-06;1.05734e-08;0.00333979;1.4185e-09;9.10216e-06;4.03875e-10;3.85988e-05;0.0027873;0.000744912
5.22344e-07;0.000494362;3.46981e-09;1.00185e-05;9.31673e-07;4.62433e-05;2.10018e-05;1.95474e-07;1.69721e-06;6.18253e-06;1.63389e-05;3.10113e-05;0.99937;1.47967e-06
5.08823e-07;1.79004e-06;0.999842;1.34099e-06;2.20339e-07;2.46173e-08;7.83192e-05;4.43921e-10;1.95717e-08;6.79482e-05;2.93343e-08;5.21739e-06;2.64169e-10;2.68424e-06
2.89512e-06;7.03196e-06;0.999821;2.64942e-06;1.19604e-07;1.82634e-07;1.81012e-05;1.85063e-07;7.13471e-05;1.08118e-07;7.58447e-05;5.67404e-07;1.16644e-07;1.90238e-07
7.51443e-09;1.48841e-06;4.54474e-12;4.85945e-12;1.10038e-10;4.14931e-11;3.25451e-11;0.999998;8.4955e-09;6.48185e-12;7.2421e-11;4.2946e-10;4.94441e-07;1.67059e-11
6.58329e-08;0.000107273;8.84669e-07;7.67545e-06;0.000212266;0.000167087;2.11489e-09;3.78322e-06;4.62033e-06;8.0524e-08;4.84187e-06;0.956847;5.67672e-07;0.0426444
1.59655e-08;0.999772;2.10952e-09;3.12071e-11;3.24779e-11;1.44256e-11;6.84114e-09;1.37556e-06;2.86271e-10;1.06278e-11;4.54104e-10;5.58556e-09;0.000226331;3.69395e-11
1.0418e-12;1.51105e-07;2.9126e-10;1.93055e-11;3.76215e-09;9.43779e-10;4.33901e-15;6.05263e-09;6.63683e-12;2.18659e-13;2.7335e-12;1;7.79167e-09;8.72679e-08
3.36469e-09;0.000774648;7.66153e-11;4.44631e-09;3.66835e-07;1.08264e-07;1.95269e-09;0.000870707;8.73551e-09;8.67563e-11;5.95307e-09;8.14095e-08;0.998354;1.97389e-08
1.90843e-06;0.00074733;2.35222e-06;1.60961e-05;1.26928e-06;6.13315e-07;4.04403e-09;0.000212636;2.33655e-05;5.30353e-08;1.68649e-06;0.998952;1.47787e-05;2.58128e-05
5.94229e-06;0.000119679;1.3463e-09;3.53258e-07;6.92195e-06;2.91651e-07;5.29041e-09;0.999826;2.34736e-06;1.17154e-08;3.12117e-08;3.69859e-08;3.5992e-05;2.68705e-06
7.53097e-06;0.0310917;1.88488e-07;3.87079e-05;1.02914e-06;2.37736e-05;0.000120338;2.87465e-06;2.4394e-07;0.0010315;7.46624e-08;3.32776e-06;2.79512e-06;0.967676
1.81812e-07;6.64132e-10;0.999984;1.02131e-06;8.28205e-10;5.36917e-10;2.18243e-07;2.0047e-10;7.19918e-06;6.80244e-09;3.85351e-06;3.0887e-06;3.17766e-12;2.06766e-09
2.6536e-06;0.01233;1.18292e-09;1.99008e-06;1.73262e-09;1.04233e-07;7.45548e-08;6.03286e-06;8.16239e-06;1.59645e-08;0.000105031;9.80848e-07;0.987545;7.6094e-09
9.71337e-06;0.0147408;2.18317e-06;6.16147e-06;3.84739e-05;5.94568e-06;1.18476e-07;7.60306e-05;2.03872e-06;1.04523e-06;5.32748e-05;0.984488;3.28124e-05;0.000542851
1.81526e-05;0.00642451;4.50566e-07;3.20644e-05;0.00581263;1.16809e-06;2.13798e-07;0.984812;7.09518e-07;2.90737e-06;5.66582e-06;6.63875e-06;0.000667552;0.00221567
0.000223146;5.55324e-05;1.35457e-08;0.000129639;7.90072e-05;0.000938386;9.6197e-06;0.000180371;0.00238159;2.51153e-05;0.00255435;6.54051e-07;0.993417;5.65953e-06
2.05431e-06;2.61554e-06;0.999995;9.89156e-08;2.00787e-08;3.35191e-10;2.07802e-08;1.03372e-07;5.06705e-08;2.30439e-07;1.86686e-08;9.67222e-08;6.06387e-10;2.5661e-09
2.175e-05;0.973833;3.58443e-05;2.47304e-05;2.20547e-06;3.76607e-07;3.35378e-05;0.0183035;0.00610722;1.15442e-06;0.000846036;1.58294e-06;0.000777524;1.11157e-05
