1.96176e-05;0.939591;3.03841e-07;3.78332e-07;2.5669e-07;8.20322e-08;4.17751e-07;0.0574835;8.23016e-07;4.72554e-07;3.93586e-07;1.15375e-06;0.00290115;3.74634e-07
2.33624e-05;0.546621;0.000402492;5.01656e-05;0.000875366;5.78588e-05;1.14196e-07;0.000702534;1.44628e-06;3.85477e-06;2.79884e-06;0.415433;0.000412055;0.0354145
4.41893e-05;0.078524;7.62963e-08;9.70348e-05;0.00192723;0.00440427;0.00782706;0.0275266;0.000584628;0.0010205;0.00034779;4.21109e-09;0.869598;0.00809866
5.82357e-09;3.83542e-09;1;7.56112e-09;1.13606e-10;8.48469e-11;5.83871e-09;2.84081e-11;4.47541e-09;2.23648e-09;6.98001e-09;4.06971e-08;9.22147e-11;5.01894e-11
2.46802e-05;0.000221114;0.00302246;0.000112453;3.8206e-05;7.24744e-06;2.66912e-06;0.000529505;0.00169157;6.03498e-07;0.00133681;0.993003;8.55265e-06;1.2063e-06
0.000144165;0.801047;5.13996e-05;8.44566e-06;0.00115765;0.000274578;1.68101e-07;0.0269981;2.51766e-06;2.52709e-06;4.91574e-05;0.00580038;0.164403;6.12288e-05
7.2858e-07;0.000602282;4.76452e-07;4.47029e-06;0.00396801;1.00004e-06;3.01258e-09;0.989839;7.01116e-07;9.39028e-08;5.14452e-07;0.00440206;0.000103003;0.00107756
5.37201e-06;0.0127834;0.363153;7.93884e-05;0.536632;0.000156958;3.0067e-10;0.000669211;6.49543e-09;7.5982e-08;2.03479e-08;0.000376137;0.00018467;0.08596
9.21292e-06;0.00566737;1.07516e-09;2.39363e-09;0.000134309;1.12745e-08;1.81675e-09;0.994042;1.34072e-07;6.66611e-10;1.23597e-08;1.92384e-06;0.000142489;2.11133e-06
3.31961e-06;0.0562573;0.547934;1.11535e-05;0.00249084;0.00088606;3.8892e-08;5.06188e-06;1.10498e-08;3.92915e-05;1.48819e-08;0.385915;0.00403618;0.00242137
3.04934e-05;0.682996;4.01186e-06;9.01884e-06;8.39799e-05;6.67217e-05;3.30691e-05;0.300424;0.00123794;3.2163e-07;7.14884e-05;0.00722072;0.00386245;0.00395977
4.53806e-07;0.99166;6.40135e-09;6.17141e-07;5.12402e-06;1.31216e-05;1.26194e-05;0.00424167;3.67757e-08;9.16055e-06;8.85339e-08;6.95532e-10;0.00403171;2.58474e-05
3.39977e-10;5.16261e-10;0.999999;7.51924e-09;4.00947e-10;2.31896e-10;7.74181e-10;1.36509e-11;2.43631e-11;1.21765e-09;6.69528e-11;1.29958e-06;1.70416e-09;1.43739e-10
1.3287e-05;0.00517724;9.6826e-05;0.000196259;0.000511564;0.000214169;1.53441e-05;0.0230302;0.000250602;3.28474e-06;0.000155074;0.968671;0.000567676;0.00109724
5.56236e-07;0.985203;8.0013e-10;1.27156e-08;1.19114e-08;4.34025e-07;6.88494e-07;3.43632e-06;5.7581e-08;1.52557e-08;8.45573e-07;2.49346e-07;0.0147904;1.09333e-08
3.58444e-08;0.0122566;1.17573e-08;1.09247e-08;2.34167e-07;1.31102e-07;1.65247e-09;2.28327e-07;1.76894e-09;9.93578e-09;1.06277e-07;0.987276;0.000454372;1.26948e-05
6.76298e-07;0.993213;7.02234e-07;9.91001e-07;1.24753e-05;1.1587e-05;0.00545123;8.35493e-06;3.14032e-06;0.00101587;1.13486e-07;4.83707e-08;1.3379e-05;0.000268568
2.3905e-08;8.68753e-07;0.999984;1.04238e-08;5.07673e-08;5.49139e-08;2.15971e-10;5.58352e-07;1.62378e-08;3.60028e-10;4.73902e-10;9.99446e-07;1.36195e-05;1.65686e-11
5.05632e-07;0.998377;0.000123143;8.05054e-06;1.32219e-05;4.94032e-06;5.71418e-08;0.000469217;3.47992e-09;1.39444e-05;2.6082e-10;8.96819e-07;0.000987436;1.24838e-06
4.91917e-09;1.4858e-07;0.999999;1.64846e-08;1.98937e-11;1.27205e-10;4.26418e-10;1.80369e-10;8.31681e-10;1.3832e-09;1.02949e-09;4.41208e-07;4.89586e-09;1.80314e-11
3.44687e-08;7.56917e-06;6.32137e-05;1.85981e-06;2.40984e-07;2.20945e-07;1.22791e-09;0.00252298;2.87216e-06;2.08784e-08;1.40442e-06;0.997398;1.18666e-07;1.59804e-06
1.12282e-07;0.953004;1.50299e-07;1.09285e-08;3.06515e-09;1.33899e-06;9.43571e-08;3.40011e-06;3.76272e-09;9.67121e-09;3.56742e-08;2.19104e-06;0.0469886;1.47055e-07
1.77284e-08;9.91223e-05;5.01662e-07;1.49006e-07;0.000277093;3.45059e-05;2.03636e-10;0.000605257;1.69688e-08;5.78972e-09;4.68139e-08;0.998893;4.53162e-05;4.44675e-05
3.21212e-05;0.838724;3.82971e-05;0.000202291;0.00415218;0.002307;2.16004e-06;0.0901073;0.000262084;1.42221e-06;7.03088e-05;0.00191992;0.0621483;3.19673e-05
2.75482e-06;0.991294;0.000172939;8.73552e-07;1.83288e-05;7.80705e-06;2.42694e-08;0.00630155;4.20473e-09;1.4199e-06;2.19715e-10;8.21002e-07;0.00219765;1.38236e-06
1.36889e-08;2.96273e-07;0.999986;1.2899e-07;6.60398e-10;3.66311e-10;1.05069e-09;2.19978e-09;8.50133e-09;2.57715e-09;3.26796e-09;1.30638e-05;6.10033e-09;5.67012e-11
4.9651e-07;0.00070696;0.000225761;3.24597e-05;1.20516e-05;1.82898e-06;1.22857e-08;0.0187979;4.33165e-05;3.40011e-08;7.6273e-06;0.980141;2.44646e-05;5.6406e-06
1.6718e-06;0.982174;1.79122e-06;1.15192e-06;2.47975e-05;4.76208e-06;4.02154e-06;0.0111482;7.8055e-06;1.11204e-06;7.95249e-05;2.32859e-05;0.00652633;1.26548e-06
1.65811e-06;0.083339;2.17844e-09;2.50448e-06;0.0254334;4.92425e-05;4.55536e-08;0.877997;1.97984e-08;1.9904e-06;3.57771e-07;0.00994909;0.000339992;0.00288625
7.61805e-06;0.582789;0.405256;0.000113079;0.00343907;7.22484e-05;9.6959e-08;0.00181289;1.02877e-09;5.25598e-06;3.66008e-08;0.00461592;0.000335002;0.0015538
6.38878e-05;0.0152861;8.78583e-07;2.65872e-05;5.07613e-05;0.000157862;5.03058e-06;0.0915222;0.00021743;1.30182e-06;0.00111759;2.4175e-05;0.891514;1.26163e-05
3.71095e-05;0.848678;0.139232;0.000213629;0.000638396;0.000198066;9.40517e-06;0.00769472;1.04403e-07;0.000875319;2.09241e-07;2.50091e-05;0.000413765;0.00198451
8.97746e-08;6.31571e-07;0.999993;1.0003e-07;1.6183e-10;2.30568e-10;1.97089e-07;1.74857e-09;7.45348e-08;1.64115e-08;6.55586e-07;4.82101e-06;3.64018e-08;4.42506e-10
1.5862e-06;0.000294766;0.992504;2.11741e-05;2.72001e-06;4.06634e-06;1.4793e-06;0.00120214;3.93965e-05;2.25131e-06;1.88736e-05;0.00560919;9.73676e-07;0.000297005
1.12232e-06;0.0120444;2.54155e-07;9.93134e-07;0.00168338;0.0105522;1.36777e-08;0.000179571;8.76201e-07;1.97685e-07;4.38651e-06;2.20897e-05;0.00742388;0.968087
2.19599e-05;0.092665;1.99879e-05;7.54155e-07;0.0187362;2.66003e-05;3.88981e-08;0.1178;1.69919e-08;5.06431e-06;1.514e-07;0.762338;0.000362411;0.00802319
9.97442e-05;0.136638;0.38497;0.000100576;0.116642;0.00180236;6.8844e-08;0.356557;5.32853e-08;4.0603e-05;9.64839e-08;0.000587187;0.000678901;0.00188333
0.000112261;0.760427;0.000200915;2.92719e-06;7.00434e-06;8.84852e-06;5.02586e-07;0.0525815;2.76238e-06;2.27707e-06;5.79709e-06;0.0339645;0.152675;7.80893e-06
7.66163e-07;0.921092;3.32098e-06;1.38641e-05;3.71485e-05;7.75451e-06;6.59579e-09;0.0125926;1.24814e-08;4.97878e-07;2.34981e-07;0.00175623;0.064413;8.27749e-05
6.04003e-06;0.034737;3.28228e-09;0.000140632;9.82497e-06;3.13458e-06;1.2272e-06;0.00215102;0.000174339;2.49062e-06;0.00267836;0.959358;0.00073165;5.88579e-06
2.42848e-06;0.997336;7.95918e-05;1.73877e-05;2.24538e-06;1.29951e-06;1.54639e-06;4.11994e-06;8.83924e-09;4.1086e-06;7.72485e-06;0.000634973;0.00189846;9.95133e-06
7.80157e-07;0.000587758;4.60809e-05;3.4366e-07;3.26771e-07;7.1358e-08;9.91567e-07;0.00215838;1.38668e-07;1.37872e-08;1.45807e-05;0.996923;0.00026708;4.43315e-07
8.69052e-06;0.990484;1.82755e-06;1.80028e-05;4.65114e-05;5.97971e-06;3.80658e-06;0.00394222;9.1579e-06;3.21515e-07;4.04228e-05;0.000248035;0.00517235;1.86038e-05
0.000611413;0.00383332;0.000866397;1.32536e-05;0.000519477;1.32235e-07;2.5211e-09;0.281363;9.71183e-07;6.78451e-08;2.18021e-06;0.71277;1.40094e-06;1.87269e-05
3.36144e-05;0.96153;3.43329e-05;5.62156e-06;9.44234e-05;1.09856e-05;4.7779e-05;0.000193892;1.18131e-08;0.00117843;1.44681e-07;1.8968e-07;4.27684e-06;0.036866
2.09483e-11;2.89294e-13;1;6.61054e-13;2.70377e-13;5.12888e-13;3.29846e-12;8.60562e-13;4.6097e-12;1.53299e-13;2.05261e-11;1.33158e-08;5.28739e-12;3.21254e-14
5.26394e-05;0.0329002;0.000298276;0.000773188;0.000838168;0.000239581;0.000176646;0.183535;0.0515152;4.52052e-06;0.288948;0.0257715;0.41449;0.000457318
0.000298994;0.782952;3.74976e-05;2.21166e-05;0.000321823;1.15532e-05;6.30424e-06;0.204813;0.000282813;1.11516e-05;0.000715196;0.000856146;0.00957932;9.21747e-05
0.000277525;0.0559841;0.00302402;1.5176e-05;0.00220729;0.000280961;2.2323e-06;0.00291916;5.8014e-06;1.0296e-05;1.44243e-05;0.632794;0.290744;0.0117216
4.8372e-06;0.0412187;2.17094e-08;1.12104e-06;5.22363e-07;1.82105e-06;0.952528;3.64686e-06;1.81128e-05;0.0032895;1.53906e-06;1.52249e-09;0.00249062;0.000441292
1.72788e-09;2.58578e-10;1;1.19062e-09;1.39245e-10;3.04661e-11;1.16607e-08;8.75521e-13;7.59788e-09;7.51987e-10;7.54216e-10;9.0858e-09;2.29492e-11;8.05773e-12
0.000133335;0.976387;8.60349e-09;3.0921e-06;1.16028e-07;7.78618e-08;0.00144664;2.32734e-05;0.00269738;3.28025e-06;0.00100737;0.00388535;0.0144129;9.62437e-09
6.03781e-05;0.963301;1.3196e-07;1.82364e-05;4.15453e-06;7.79953e-06;0.00041395;0.00109676;3.27697e-05;2.68372e-05;0.000120266;0.0321335;0.00214204;0.000641872
2.89361e-06;0.998333;6.12397e-10;1.33631e-07;1.47741e-09;1.30971e-08;0.00129993;7.48125e-07;2.32835e-07;1.58821e-05;8.15219e-07;2.72109e-07;1.18497e-07;0.000346173
2.66693e-08;1.89004e-09;0.999999;5.10289e-09;2.49827e-11;4.85075e-12;1.45933e-07;2.21513e-11;2.77273e-07;1.51701e-09;3.73396e-08;1.58323e-07;1.05954e-11;6.39796e-11
1.35724e-05;0.998321;1.51552e-09;1.41205e-07;4.6678e-08;2.21939e-08;1.59969e-05;1.60299e-06;0.000190244;6.67653e-08;2.43814e-05;1.13442e-07;0.00143248;6.38845e-07
3.04669e-05;0.901065;3.09146e-06;1.51124e-06;0.000444196;1.14057e-06;4.05129e-07;0.000768602;3.00769e-06;1.10261e-07;3.6698e-07;0.0476989;0.00359547;0.0463878
8.27611e-07;0.000601434;2.41236e-06;2.78812e-06;0.00918135;5.55359e-05;5.1804e-09;0.0378456;3.67389e-09;1.54325e-07;1.15333e-08;9.48953e-05;0.00430965;0.947905
2.01957e-07;1.91669e-05;7.10679e-09;1.54067e-07;1.88045e-09;1.22304e-05;1.62657e-08;6.30977e-07;7.42248e-07;1.89982e-08;4.56847e-07;4.22616e-07;0.999966;1.23984e-07
2.796e-09;1.22725e-07;1;2.43844e-08;7.61034e-10;1.36484e-09;2.84366e-10;3.71564e-10;1.13587e-10;1.79639e-08;8.08303e-11;3.36076e-07;1.34272e-10;2.10988e-08
3.56312e-06;0.993206;2.75957e-06;0.000315238;8.09764e-05;8.88787e-05;8.11194e-06;0.00346795;0.000155925;3.73743e-06;0.00170686;9.17425e-06;0.000522711;0.000428401
