2.40244e-11;1.96333e-11;1;2.04168e-11;9.75876e-13;4.61247e-13;2.99474e-11;4.52119e-13;4.37293e-12;2.55291e-12;9.14603e-12;7.75899e-10;6.05274e-11;1.12079e-14
1.98434e-08;2.75315e-06;0.00139379;2.3749e-07;1.8483e-05;8.98753e-08;5.13136e-09;0.000155923;2.97781e-07;3.47256e-09;2.39802e-07;0.998427;5.46622e-08;6.80527e-07
1.0916e-06;0.959482;9.11273e-06;3.84212e-06;9.77101e-05;0.000143409;1.31121e-06;0.0076526;1.39144e-06;2.8844e-07;5.62108e-06;1.55719e-05;0.0324324;0.000153977
1.67155e-06;0.00213309;3.80947e-05;0.00180867;0.0267931;0.753835;1.17463e-05;3.87703e-05;5.08969e-06;2.61547e-05;0.000914717;0.00298323;0.000299543;0.211112
6.52219e-07;0.0237192;2.27726e-08;7.64835e-10;1.34158e-07;6.26827e-08;6.48581e-11;0.974413;7.34003e-11;8.40481e-11;1.56587e-11;2.48255e-07;0.00186637;4.07016e-08
8.03196e-09;0.00128544;6.23413e-07;6.54205e-08;1.08373e-05;6.56191e-06;2.52671e-12;1.81914e-05;1.16878e-10;1.77008e-09;2.43107e-10;0.997636;0.000419252;0.000623079
2.37532e-07;0.985146;2.04347e-06;6.93035e-06;2.00559e-05;0.000140967;3.20384e-07;0.00604218;1.02658e-06;4.64246e-06;4.73707e-06;5.99336e-06;0.00861773;6.9623e-06
2.94245e-06;0.0015868;4.3605e-07;1.85671e-05;0.95949;0.0252824;2.80075e-06;0.00264235;4.74092e-06;0.000381276;5.14376e-06;0.000179815;0.00110459;0.00929837
0.00471569;0.823644;5.92864e-08;0.000143855;0.000240436;5.22807e-06;0.000186104;0.149365;0.0205698;2.16176e-05;0.000418604;2.74444e-05;0.0006589;2.48257e-06
0.000167319;0.999692;2.81015e-08;1.65058e-06;1.53989e-06;1.46288e-08;1.33998e-06;2.8846e-05;6.13793e-06;2.5049e-06;4.94378e-07;3.4817e-05;5.03076e-05;1.28952e-05
1.74612e-06;0.999909;2.20731e-10;4.90351e-08;1.31598e-08;3.45921e-10;1.0757e-05;3.28115e-07;3.00313e-08;2.96234e-06;2.8853e-08;2.54594e-07;6.14345e-09;7.45933e-05
2.00077e-09;2.94947e-10;0.999393;4.21376e-10;1.70321e-09;2.16321e-11;2.65982e-09;1.27967e-10;2.46014e-10;5.96353e-10;5.40962e-10;0.000607207;2.96435e-12;3.12079e-10
7.40355e-07;0.974967;1.51875e-10;1.45592e-08;6.14676e-06;9.18426e-07;6.96679e-07;0.000550884;1.0979e-06;1.8369e-08;6.38614e-07;6.06661e-06;0.0244643;9.13187e-07
5.80501e-08;0.000605273;8.64956e-11;1.86553e-07;6.32528e-06;5.12992e-05;1.57487e-08;1.23086e-05;2.58014e-08;4.09484e-08;1.76741e-07;0.000123718;0.999169;3.19428e-05
5.51607e-06;2.00506e-05;0.998842;3.35526e-06;0.000639318;3.51027e-05;2.74287e-08;1.80896e-06;1.33861e-09;4.58656e-07;5.648e-09;0.000338715;2.81389e-05;8.55814e-05
2.03427e-05;0.883516;2.72757e-06;1.94872e-06;1.4004e-05;7.19711e-05;1.51806e-05;0.00106194;4.25196e-07;3.26188e-07;3.38569e-07;2.98026e-05;0.112596;0.00266983
3.72687e-07;0.00625779;2.45588e-08;7.53674e-05;0.000109089;8.57003e-05;5.19583e-08;0.000202375;1.64524e-05;2.73579e-07;1.69391e-05;0.0019952;8.85925e-05;0.991152
2.35251e-06;0.0184658;1.0199e-05;2.55194e-07;2.71001e-05;1.77504e-07;7.18306e-09;0.981426;3.40862e-09;1.48337e-07;1.0426e-08;3.24217e-05;1.67665e-05;1.87275e-05
4.63675e-07;0.983286;3.95288e-05;2.00563e-05;0.000286075;0.00167631;1.11693e-05;0.00113636;2.47555e-07;0.000112869;5.84518e-07;0.000106863;0.000432524;0.0128911
7.86738e-10;9.76623e-10;1;1.59674e-09;5.84304e-12;1.66611e-11;3.68523e-09;3.32142e-09;1.60626e-09;1.13347e-10;7.96454e-09;3.54487e-08;4.796e-09;3.88424e-14
2.43635e-08;3.81728e-07;1.51068e-06;1.47961e-07;8.24828e-08;5.40293e-08;1.62509e-09;5.30437e-07;5.48875e-06;1.14075e-09;2.79569e-07;0.999981;3.62451e-08;1.02654e-05
0.0002601;0.147562;3.82711e-06;2.5092e-05;3.09904e-05;0.000254363;1.62522e-06;0.000503347;0.000833681;1.04202e-06;1.61117e-05;8.61419e-05;0.850224;0.000196958
0.000509289;0.0136234;6.00457e-06;4.05216e-07;0.0279885;4.04489e-06;4.10469e-10;0.000458291;4.38638e-07;2.89071e-08;6.5566e-08;0.900028;0.00941059;0.0479706
7.77107e-06;0.96761;2.00081e-06;3.23242e-08;0.00169393;3.76698e-08;3.75162e-10;0.0292323;4.54794e-09;3.26816e-09;2.22293e-10;7.82829e-05;0.000199715;0.00117615
4.82679e-07;0.00128516;2.68178e-07;2.18762e-07;0.00118738;2.7217e-08;4.71458e-11;0.997467;2.25928e-08;1.01631e-07;9.41606e-10;5.24919e-05;3.44496e-06;3.44092e-06
1.59162e-07;0.00012938;0.997935;2.24942e-05;0.000858094;0.000201968;6.15227e-09;2.39192e-06;3.2203e-10;4.10402e-05;2.73453e-08;0.000792734;2.51316e-06;1.44279e-05
0.000185316;0.730222;0.000941958;0.00132506;0.000640399;0.000491761;0.000281482;0.148497;0.00260556;2.82872e-05;0.0141476;0.00380313;0.0943098;0.00252068
