2.789e-07;0.989951;4.55553e-10;3.40464e-09;2.65729e-10;9.16533e-10;1.93748e-07;3.83735e-07;3.95348e-08;1.44549e-09;9.60938e-08;1.26995e-05;0.0100352;1.63041e-09
2.28393e-06;0.000647539;1.74396e-07;1.87303e-05;0.000102624;5.34367e-06;3.73018e-07;9.4089e-05;1.70067e-05;2.18759e-06;7.59496e-06;0.998932;2.59177e-06;0.00016773
2.23257e-05;0.999346;8.92085e-06;8.42835e-05;3.81628e-06;2.41976e-06;7.1688e-06;4.00016e-06;2.89901e-07;1.73801e-05;5.58739e-06;5.7405e-06;0.000436415;5.54551e-05
0.000129472;0.00631295;2.81069e-07;0.000139381;4.1292e-06;8.71986e-05;1.17299e-05;0.000231476;0.000204759;3.36131e-06;0.00035382;0.00173872;0.990775;7.61209e-06
8.30122e-07;0.000278566;0.999376;1.44316e-05;7.70007e-05;5.45301e-06;3.89127e-09;4.14147e-06;1.3431e-09;4.30003e-07;8.82128e-09;1.04292e-05;4.977e-06;0.000227464
4.63889e-08;4.20932e-05;2.34336e-14;5.12228e-09;4.96271e-10;3.5375e-07;3.65693e-08;4.73796e-07;7.93196e-08;6.75283e-10;1.15802e-06;1.41159e-07;0.999956;4.14118e-10
2.16534e-08;5.53432e-06;0.999992;1.11865e-08;1.03674e-09;1.02219e-08;2.9363e-10;1.31783e-08;9.64933e-11;4.4246e-09;3.90246e-10;2.08886e-06;1.74565e-07;3.85876e-09
7.42462e-07;0.844692;1.97768e-07;7.91331e-07;8.11913e-07;8.32231e-08;0.000311766;0.154843;3.12357e-05;3.3226e-06;1.46615e-05;2.302e-09;0.000100472;8.1268e-08
5.91267e-10;1.6294e-08;1;1.98716e-09;7.38598e-12;1.21026e-12;8.09724e-09;1.96962e-10;5.11299e-09;1.65453e-10;1.6055e-08;1.10609e-08;9.22355e-11;2.85527e-13
1.34494e-06;0.876609;2.56421e-06;4.47047e-06;3.07273e-05;1.51909e-07;4.52506e-06;0.0109207;1.31126e-05;1.66572e-06;9.3786e-05;0.112085;0.000169221;6.34885e-05
2.13353e-06;0.966744;9.65104e-07;4.59343e-07;6.57759e-07;8.73897e-07;2.27472e-06;0.00491343;7.59759e-07;9.17773e-07;1.17308e-05;0.00633698;0.0217291;0.000255616
2.98293e-09;0.999566;1.40681e-07;6.68932e-09;2.23302e-09;2.00625e-09;6.99424e-05;2.55514e-06;4.78454e-11;6.89402e-05;2.23089e-09;3.60555e-07;7.08403e-09;0.000292164
8.51114e-12;1.77327e-11;0.999996;4.57261e-10;4.05136e-10;6.81911e-10;3.26518e-10;2.33932e-10;1.5471e-12;5.2637e-11;5.47991e-11;3.49943e-06;5.83181e-11;1.9194e-11
4.51885e-06;0.468415;1.85267e-07;4.72699e-06;7.97068e-06;1.36884e-05;1.85704e-06;0.00667131;1.44109e-06;1.86917e-07;2.28485e-05;0.000259145;0.524577;2.00751e-05
4.85943e-05;0.384994;1.65941e-05;0.000109076;6.34986e-05;0.000315237;7.68779e-05;0.154379;0.000550268;1.51043e-05;0.0014521;0.188349;0.259406;0.0102246
2.60178e-05;0.515119;4.65919e-06;0.000651612;0.000817698;0.00832593;1.63437e-05;0.323195;2.86013e-06;0.000741783;4.88544e-05;0.0778633;0.0490124;0.0241746
0.000466149;0.0275622;1.5483e-05;0.000280767;0.00010572;4.63462e-05;9.31311e-05;0.473209;0.000456829;8.02862e-06;0.00922609;0.0028421;0.485665;2.26901e-05
3.04765e-06;0.998903;1.03585e-05;3.81074e-06;3.76932e-07;2.2851e-07;2.88268e-06;6.00868e-05;1.83851e-07;3.22364e-06;3.04202e-07;9.86223e-08;0.00101174;9.92357e-07
6.50014e-09;5.1585e-08;0.999999;4.66857e-08;1.23582e-10;1.21599e-10;3.40875e-08;1.2396e-09;4.02571e-09;5.31587e-09;2.25456e-08;4.51432e-07;9.14941e-09;1.84182e-11
1.38791e-08;6.12732e-07;0.000278319;1.97308e-06;1.44476e-05;2.91128e-07;1.21443e-08;0.000346759;4.3883e-07;3.18543e-08;2.04024e-06;0.99935;5.92828e-09;4.67821e-06
8.7533e-08;0.992204;1.21627e-07;8.08929e-07;6.30775e-07;5.26063e-06;1.5318e-06;0.00195817;1.01226e-07;3.56836e-08;3.11798e-06;1.11588e-07;0.00581211;1.39411e-05
2.9967e-07;0.000319872;1.75208e-06;0.00111318;0.0149613;0.459626;4.27062e-06;4.6566e-05;9.93921e-07;1.6179e-05;0.000938717;0.00062345;5.42694e-05;0.522293
7.914e-07;0.0361925;2.18066e-07;4.69409e-09;4.79454e-07;2.1651e-07;5.06425e-10;0.962412;1.54029e-10;5.81679e-10;6.68025e-11;1.36699e-07;0.00139392;4.90885e-08
1.11268e-08;0.00102779;7.70146e-07;6.50596e-08;1.11351e-05;1.61275e-06;1.86524e-11;3.27137e-05;1.72001e-10;2.50452e-09;8.34177e-10;0.997971;0.000786119;0.000168856
3.1325e-07;0.950931;1.33558e-06;3.2132e-05;3.3999e-05;0.000115584;7.46049e-07;0.0149081;5.31809e-06;6.93016e-06;3.60715e-05;1.60124e-05;0.0339042;8.12241e-06
7.57864e-06;0.00310013;5.19666e-06;7.28308e-05;0.94627;0.0243261;3.25571e-06;0.00587644;9.94588e-06;0.000167069;2.94708e-05;0.00628475;0.00297329;0.0108735
0.00126561;0.388422;2.06615e-08;1.83105e-05;0.000120482;3.81199e-07;6.4139e-05;0.605569;0.00251659;3.10148e-06;6.87287e-05;1.69488e-05;0.00193358;1.52541e-06
0.000552165;0.0434718;6.75627e-05;0.000653248;0.00677129;0.000614469;6.00016e-07;0.939621;0.00109422;1.19396e-05;6.1456e-06;0.0058065;0.00100602;0.000322777
0.000171936;0.167398;2.1198e-09;5.23442e-07;2.92852e-05;8.49792e-05;1.24263e-06;0.0471421;2.27325e-05;1.18815e-06;1.88165e-05;0.000104377;0.784939;8.57466e-05
1.97982e-06;0.00790186;3.5925e-05;5.06488e-07;3.08233e-06;3.90115e-07;2.89513e-09;0.000138803;3.72284e-07;5.34464e-09;4.57528e-07;0.991378;0.000538067;9.13085e-07
2.01549e-06;0.0546465;2.45973e-05;9.8181e-07;0.0602803;9.72498e-06;6.50085e-09;0.881664;1.09707e-07;1.31761e-08;3.75657e-09;4.04972e-05;0.00209141;0.00124031
7.80857e-05;0.753259;8.63561e-05;0.003579;0.00108323;5.73106e-05;0.000114602;0.0079926;0.000262979;4.10201e-05;0.0001373;0.0292189;0.179858;0.0242314
0.000397301;0.954699;4.11257e-07;0.0033706;0.000110604;0.000432381;0.000117078;0.0117919;0.00267626;4.16439e-05;0.000226903;0.00212534;0.0208308;0.00317955
4.19019e-05;0.0853123;0.00342046;4.10446e-05;7.66109e-05;4.01895e-07;8.74139e-08;3.75363e-05;2.22366e-07;2.02447e-06;3.96497e-07;0.910807;6.04105e-05;0.000199782
9.4695e-05;0.433206;3.92551e-07;1.94307e-06;9.67082e-07;3.33503e-07;0.564579;4.16791e-05;8.0076e-05;0.00162064;0.000163925;5.7346e-08;0.000105119;0.000104592
1.25715e-11;3.14535e-12;1;1.82322e-11;3.88175e-11;5.49185e-12;4.5208e-11;1.41803e-14;2.70066e-11;7.45403e-12;5.03905e-11;4.74544e-10;7.44574e-13;4.73951e-12
3.21124e-06;0.999759;1.11786e-07;3.80886e-08;1.01507e-07;2.66371e-09;3.14934e-05;0.000176369;2.65788e-06;5.00441e-06;2.41479e-07;2.98907e-09;5.55804e-06;1.63408e-05
6.93376e-10;8.86574e-09;1;1.69985e-09;4.0707e-09;5.59311e-11;2.69916e-09;7.45449e-12;7.32845e-10;1.422e-09;4.72492e-10;1.86371e-07;2.50619e-14;2.95548e-08
1.08083e-07;0.999955;5.2066e-08;6.90341e-11;1.14158e-10;5.6459e-11;3.15276e-07;1.63075e-07;4.23315e-09;1.02536e-09;3.99852e-09;1.35159e-05;3.12656e-05;3.57981e-08
5.10342e-08;0.998956;4.1146e-09;3.93733e-09;1.31845e-07;6.89595e-08;9.51025e-05;0.000212204;2.10805e-08;3.34437e-05;2.42444e-09;4.74408e-06;1.13642e-07;0.000697829
8.49716e-11;1.79688e-09;0.999999;8.58777e-11;6.833e-11;9.9326e-10;9.70835e-11;1.25953e-08;7.02777e-12;2.71687e-11;3.70125e-12;1.33251e-06;6.90327e-10;2.68341e-11
9.80249e-07;0.00565238;1.17895e-07;7.60651e-06;2.99703e-05;2.87425e-05;1.5613e-07;0.00674017;2.48375e-06;3.70468e-08;9.97803e-06;1.40512e-05;0.987089;0.000424693
6.27978e-07;2.25142e-05;4.29407e-08;2.48611e-07;1.29838e-07;6.35181e-08;2.71991e-09;1.61781e-05;2.14138e-06;2.44411e-09;1.33975e-06;0.999856;9.92112e-05;1.8407e-06
4.02975e-05;0.0962167;2.14185e-05;8.22365e-07;1.94733e-05;7.64227e-05;2.51285e-07;0.86994;2.88623e-07;3.4916e-06;6.79588e-07;1.79256e-05;0.0335808;8.16249e-05
1.30457e-07;0.00186998;0.000123625;9.14906e-07;1.07034e-05;1.74923e-05;2.1205e-08;8.21302e-05;5.23e-09;3.05982e-07;1.00684e-06;0.99762;0.000111864;0.000162256
2.18115e-06;0.877139;2.48904e-06;8.13343e-06;6.74519e-05;4.6207e-06;1.35787e-05;0.118384;2.64992e-05;8.53337e-07;0.000809666;0.000415652;0.00288913;0.000236841
4.67586e-06;0.020189;4.61147e-08;7.08274e-08;0.000398828;1.48754e-08;2.07865e-06;0.953632;1.81804e-06;1.09814e-07;3.17793e-07;0.0257493;2.11154e-05;7.76181e-07
1.19657e-05;0.000133792;0.998074;8.89351e-07;0.000335968;2.23631e-07;1.4113e-08;5.6009e-06;3.057e-08;6.72811e-08;1.53529e-08;0.00124695;0.000186687;3.98686e-06
0.00117834;0.00313541;3.04927e-05;9.97772e-06;5.13908e-06;9.22969e-07;0.000257038;0.00173255;0.96582;2.0655e-06;0.0186761;7.05395e-05;0.00885214;0.000229715
9.65797e-06;0.00095867;1.45512e-07;1.11115e-08;1.33806e-06;1.9841e-07;1.14765e-08;0.998936;6.69705e-06;8.37541e-08;7.03248e-08;1.21689e-06;6.07235e-05;2.51441e-05
2.58852e-08;6.39275e-05;7.85936e-07;4.88242e-08;2.56855e-06;1.32275e-07;2.97363e-10;2.12611e-06;1.72688e-07;1.33711e-09;8.27955e-07;0.999917;5.16798e-06;7.5285e-06
3.22092e-06;0.997269;1.48237e-06;1.87474e-07;4.33297e-06;9.35214e-08;3.2325e-06;0.00240779;6.32558e-06;6.24185e-07;5.27156e-06;1.06868e-05;0.000286057;1.5069e-06
6.71888e-06;0.0193748;4.13708e-06;1.75809e-06;0.0001099;1.34999e-06;1.78138e-06;3.12295e-05;2.18549e-05;1.95384e-06;4.49292e-06;0.974293;0.00614119;6.32561e-06
0.000235105;0.00115208;9.60616e-09;1.60404e-07;1.4688e-05;5.7383e-06;5.07881e-07;0.429199;0.000165986;1.77202e-07;2.60592e-07;7.24034e-07;0.569226;4.28382e-09
6.87299e-05;0.99289;8.79318e-08;1.36093e-06;2.14459e-06;3.0655e-08;3.09631e-07;0.00355803;2.53198e-06;4.7762e-07;6.53645e-08;3.8941e-05;0.0034203;1.72096e-05
5.51826e-05;0.989106;2.67721e-09;0.00150256;0.00238617;0.000353306;1.84228e-06;0.00202826;1.92162e-05;0.000531867;6.78384e-07;0.000437763;0.000117652;0.00345976
0.000224698;0.997175;3.206e-06;7.49685e-06;9.05806e-08;2.79565e-07;2.51707e-05;0.000504125;8.73847e-05;2.51312e-06;0.000376428;5.52501e-05;0.0015382;1.90255e-07
6.50146e-06;0.0178226;3.66739e-09;1.57575e-05;0.000515554;0.000102368;1.3828e-06;9.74811e-05;5.43751e-07;4.00043e-05;4.43561e-07;0.000832988;0.000390736;0.980174
2.65072e-05;2.03959e-05;2.87072e-10;1.39183e-06;3.79613e-07;3.26636e-07;8.6309e-07;0.000369913;4.11256e-05;2.66334e-08;1.50659e-05;7.86945e-07;0.999523;1.29186e-07
7.13865e-06;9.45468e-06;1.51154e-08;1.22474e-06;1.66295e-07;1.05444e-08;1.12831e-08;3.10415e-06;0.000377893;1.60084e-08;7.89736e-06;0.999581;1.20872e-05;4.50001e-07
1.95654e-06;0.990725;9.2108e-06;2.39181e-06;6.23184e-07;8.16367e-07;3.01895e-09;1.36184e-06;3.6786e-09;2.31234e-07;1.65768e-08;1.55171e-07;0.00925829;2.64099e-07
3.0089e-06;5.30897e-05;2.22677e-06;1.01495e-06;1.50558e-05;9.38735e-08;4.12911e-09;0.0024692;1.21816e-08;3.39168e-08;1.61636e-07;0.99718;1.19508e-06;0.000274511
4.89313e-07;0.985921;1.43826e-06;6.54102e-08;2.02505e-05;2.63067e-07;1.20466e-08;0.00910635;2.15372e-10;4.75651e-09;1.94868e-09;9.38622e-07;0.00414957;0.00079965
7.88905e-07;6.47437e-05;3.50208e-07;2.46402e-06;1.11651e-06;0.0871634;3.0912e-07;2.84881e-05;3.68906e-06;3.07892e-06;1.42379e-06;1.79359e-05;0.912614;9.77009e-05
8.34788e-08;1.98918e-06;0.999989;1.52685e-06;1.40171e-07;6.56217e-07;4.33447e-08;1.14112e-07;3.88604e-09;9.0526e-07;3.40413e-08;5.16667e-06;1.2782e-08;2.61722e-08
3.92929e-06;0.988464;1.4693e-05;0.000119138;2.60634e-05;3.97617e-05;4.71267e-06;0.00590664;4.66538e-05;1.67703e-06;0.000671411;1.00532e-05;0.00462019;7.06282e-05
