4.60863e-07;0.999988;1.63446e-06;2.14425e-06;1.27939e-07;2.52402e-09;4.09525e-08;1.45958e-06;9.06026e-09;4.01757e-08;1.44104e-08;1.48844e-06;4.25714e-06;3.94758e-07
6.78217e-06;0.997591;1.53408e-07;6.31332e-08;1.18838e-07;3.9606e-08;1.33495e-07;0.00204895;3.04595e-08;2.26133e-07;3.08476e-08;9.37005e-06;0.000331321;1.21555e-05
1.10399e-07;0.000192595;2.6221e-07;2.23383e-06;0.00171755;2.68452e-07;5.08984e-08;0.000111594;1.48623e-06;2.124e-07;7.82184e-06;0.997964;1.09044e-06;6.75094e-07
1.85395e-05;0.388986;0.000741721;3.821e-05;0.000267187;1.63943e-05;1.01242e-06;9.7684e-05;3.8828e-07;3.27978e-06;5.79928e-06;5.93187e-05;0.609761;3.50619e-06
0.000378591;0.0098485;0.000104251;0.000145076;0.0011366;0.000573845;2.96538e-05;0.128157;0.00181451;1.03448e-05;0.000328337;0.155926;0.701119;0.000428133
0.000439198;0.0243483;3.33948e-05;0.00647488;0.0767454;0.0980187;2.82563e-06;0.0187695;0.00167116;4.47051e-05;0.00131949;0.0106186;0.705182;0.0563322
4.99089e-06;0.00344682;4.64263e-08;2.22806e-10;7.23006e-09;9.30411e-10;1.07264e-09;0.99567;7.01619e-10;7.66887e-10;2.41668e-11;2.15123e-06;0.000875944;7.88638e-09
3.10531e-06;0.134567;0.00181688;4.35932e-06;5.21781e-05;0.000283993;1.18943e-07;0.00826226;7.77494e-07;8.23753e-07;3.47753e-07;0.803273;0.00451534;0.0472196
1.0313e-07;0.0001829;1.03083e-08;4.37367e-07;8.99577e-06;3.95985e-06;3.00152e-09;0.000681467;3.24559e-08;1.64969e-08;8.44802e-07;4.5592e-06;0.999097;1.96417e-05
3.00686e-05;0.00381725;2.02883e-07;1.64515e-06;2.91482e-06;1.97184e-07;6.83497e-08;0.000160264;5.43452e-05;1.01519e-07;1.05794e-05;0.99485;0.00106287;9.34438e-06
1.17178e-06;2.50954e-05;4.21121e-10;3.10234e-10;9.83459e-09;7.77941e-10;9.86853e-09;0.999964;1.32999e-07;1.28489e-09;1.01613e-09;1.01269e-07;9.72857e-06;2.06226e-09
1.44897e-07;3.37826e-06;7.88637e-08;4.02478e-05;0.504367;0.000106997;1.90119e-08;0.00167733;3.52616e-06;8.72469e-07;8.0295e-06;0.489944;1.10825e-06;0.00384698
9.36775e-05;0.827554;0.124535;0.00146159;0.000352617;6.87357e-05;0.000177135;0.000191224;6.53869e-06;0.000152474;0.000612867;1.05602e-05;0.0438164;0.000966808
3.08201e-07;2.05253e-07;5.41758e-09;8.07413e-09;3.88215e-09;3.76918e-10;2.07681e-08;0.99998;4.35586e-06;2.23992e-10;3.54257e-06;1.14631e-05;4.1561e-07;1.47313e-09
5.9819e-07;0.953397;6.44206e-06;1.19122e-05;1.10476e-05;0.000119866;4.40171e-08;0.000256731;1.97091e-08;5.51074e-06;1.20727e-07;0.000520731;0.000262376;0.0454076
0.00202045;0.0350492;2.75692e-06;0.0013242;9.01936e-06;0.000100623;0.000522595;0.192254;0.0185065;1.4046e-05;0.290998;0.00107199;0.457874;0.000252703
6.85549e-05;0.00558254;7.27816e-07;4.50342e-07;1.31039e-06;5.79472e-07;2.58112e-08;0.983852;1.425e-06;1.8042e-07;1.99519e-06;0.007494;0.00299007;6.0113e-06
1.88895e-07;0.00490654;0.00114944;4.0527e-06;3.96011e-05;1.939e-05;1.97574e-09;0.000437904;6.42498e-08;7.13058e-08;5.70085e-07;0.991086;0.0023216;3.46353e-05
1.05618e-06;0.0305146;1.9344e-06;2.39682e-05;0.000108018;0.0532429;1.66761e-05;0.00013181;1.49184e-06;3.68427e-05;0.000745496;2.18989e-05;0.91438;0.000773699
9.7904e-06;0.000124936;0.980645;1.42357e-06;0.000135358;3.22309e-06;7.03866e-07;3.98996e-06;1.3262e-08;1.1635e-05;6.31562e-07;0.0190442;9.30634e-06;9.68155e-06
6.4104e-05;0.00133535;8.70203e-08;1.19601e-06;0.000321858;3.50575e-05;8.28325e-06;0.995123;0.000454056;2.35494e-07;5.82168e-06;5.67638e-06;0.00263338;1.17156e-05
5.65622e-05;0.000551515;6.24191e-07;1.19095e-05;3.40824e-05;2.06405e-06;7.38209e-07;0.983991;0.000149407;4.70288e-07;1.27872e-05;0.000112197;0.0150738;2.46254e-06
8.16144e-05;0.958721;1.22403e-06;0.000196315;2.78328e-06;2.24339e-06;3.59769e-05;0.00431803;0.000531275;4.20972e-05;0.000287565;3.24884e-05;0.0022663;0.0334806
1.92628e-06;0.999575;2.04389e-07;6.90129e-07;2.30642e-08;2.43484e-09;1.39123e-06;4.66036e-06;4.62363e-06;5.64703e-08;4.59814e-07;0.00037127;3.80878e-05;1.88936e-06
1.72337e-05;0.00280698;1.99883e-07;0.000395095;0.00762305;0.000518288;3.70314e-06;0.974669;0.000639807;1.27109e-05;0.00140328;0.0113797;2.29256e-05;0.000508348
0.00080684;0.980625;7.06067e-07;1.29136e-05;3.50577e-05;1.9651e-06;0.000193764;0.0158299;6.32192e-06;1.1024e-05;0.000236524;0.000256267;0.00193409;5.00794e-05
3.52108e-06;0.911564;1.74649e-08;2.89636e-06;1.99085e-06;6.8048e-07;1.51144e-08;5.54371e-05;1.37039e-06;2.98627e-08;1.5543e-06;0.0001688;0.0878977;0.00030187
2.24482e-05;0.0826356;1.41859e-05;4.51446e-05;0.00149406;5.70611e-06;5.30253e-07;0.00250705;2.41965e-05;7.49312e-06;1.89979e-05;0.9119;0.000810404;0.000514457
5.94898e-06;0.00703012;2.70374e-09;8.0194e-05;0.00308065;3.92616e-06;2.09255e-06;0.988236;5.67761e-05;6.44573e-06;0.000188562;0.000507925;0.000800819;5.39199e-07
1.00464e-05;0.00177739;0.933192;0.000131667;8.53922e-05;0.000113008;4.5358e-07;8.96742e-06;2.45067e-08;1.61315e-05;1.32382e-05;0.0611968;0.00328523;0.000169462
1.65719e-05;0.00161592;1.46695e-09;4.92354e-07;4.19437e-06;3.37928e-06;3.3441e-07;0.655647;1.21169e-05;1.13717e-08;0.000603985;0.000194111;0.341901;6.63911e-07
8.67864e-06;0.979236;9.94906e-06;3.14034e-06;1.07045e-05;1.59879e-05;2.21892e-06;0.0160772;6.84905e-06;1.83959e-06;1.3229e-05;0.000772385;0.00272499;0.00111674
1.19643e-05;0.963988;8.14915e-05;3.5389e-05;9.55622e-05;3.0779e-05;6.03617e-06;0.00262481;5.45987e-07;1.13253e-05;1.09665e-05;0.0300285;0.000334476;0.00274005
8.05359e-07;0.0176407;2.70664e-07;2.42485e-05;0.000101114;5.94098e-05;6.74063e-07;0.000687578;1.72379e-06;1.40831e-06;4.83178e-05;2.51865e-06;0.000332227;0.981099
0.000134219;0.663616;1.65689e-05;5.5353e-05;6.25211e-05;9.30506e-05;0.000240681;0.0122961;0.000149055;5.98691e-05;0.0102186;0.0819966;0.230974;8.6345e-05
1.82667e-05;0.982748;4.626e-06;0.000109081;0.000265508;1.83503e-05;1.85663e-05;0.0152339;2.77971e-06;4.63437e-05;6.15371e-05;8.66716e-05;0.00019057;0.00119607
1.89741e-05;0.998558;1.02237e-06;0.000299998;0.000259392;2.56581e-06;3.75164e-05;4.91603e-05;2.59496e-05;2.54965e-05;2.94083e-06;7.45409e-05;1.54256e-05;0.00062859
3.86073e-05;0.000129517;2.79965e-08;0.00016093;3.64133e-05;7.58587e-06;2.13926e-05;0.997969;0.000276301;1.03509e-06;0.00111156;0.000215946;3.17659e-05;3.58177e-07
0.000603633;0.99187;8.86752e-06;3.82602e-05;9.12661e-06;7.7957e-07;0.00057741;0.00624241;4.60179e-06;3.20734e-05;8.84699e-05;8.49211e-06;0.000468938;4.70045e-05
1.23973e-06;0.993778;5.48517e-09;1.35963e-06;1.8517e-07;4.26649e-08;8.67805e-08;5.88312e-05;1.08026e-06;2.81863e-08;9.42453e-07;3.29146e-05;0.00610627;1.85289e-05
7.53261e-06;0.00362881;4.40071e-05;5.4536e-05;0.00104534;1.18205e-06;1.4233e-07;0.00228577;2.4584e-05;5.83734e-07;1.01135e-05;0.992803;5.74764e-05;3.7052e-05
2.31893e-06;0.00823772;3.34343e-09;1.43823e-05;0.00357657;4.83875e-07;3.10725e-07;0.988078;5.22783e-06;1.07237e-06;1.03069e-05;2.48704e-05;4.82809e-05;1.18274e-07
4.43171e-06;0.000711376;0.998755;3.45267e-05;1.01253e-05;5.58401e-05;6.1122e-06;2.01445e-06;2.9179e-08;8.85976e-05;1.12617e-06;1.45574e-06;0.000309739;1.9309e-05
1.6663e-07;1.26558e-09;0.999988;3.92323e-08;3.6833e-11;1.83222e-10;1.59044e-06;2.98776e-09;6.0674e-07;5.11019e-09;9.4036e-06;4.57008e-08;1.90682e-08;7.17168e-11
1.32986e-08;2.64001e-06;0.999515;6.10644e-08;6.65877e-09;5.23686e-09;3.64682e-10;6.00875e-05;6.11297e-08;1.58727e-10;5.8721e-08;0.000422099;2.05308e-07;9.31954e-09
1.02574e-07;0.002176;4.80691e-09;2.52992e-07;8.29213e-06;0.00016138;2.22601e-06;3.01255e-07;2.13544e-07;7.90972e-06;3.80135e-07;4.00626e-11;1.89441e-06;0.997641
7.47979e-10;3.32098e-10;0.999943;3.42743e-09;2.20375e-09;1.06471e-10;1.00367e-12;1.04138e-10;1.25435e-10;9.5007e-12;2.48232e-10;5.70427e-05;2.68727e-12;1.58917e-10
3.11245e-06;0.0177901;5.71157e-07;3.34766e-07;0.000347348;9.556e-07;7.20881e-11;0.981813;1.44689e-07;1.77088e-09;3.82401e-09;8.28093e-07;1.31413e-06;4.27424e-05
2.06881e-08;6.5375e-06;6.25037e-10;1.92523e-10;6.47108e-07;7.9057e-10;6.60623e-13;0.999981;2.09841e-10;1.17672e-10;4.94446e-12;3.65438e-09;1.13513e-05;2.18979e-10
5.50597e-09;2.88548e-06;0.999984;1.06692e-07;8.78133e-06;1.54387e-06;6.87732e-12;9.10301e-10;1.71142e-12;5.55748e-07;5.09627e-11;1.41249e-06;7.02346e-08;2.38438e-07
7.17193e-06;0.989357;0.000271892;2.22818e-05;1.0749e-05;2.28712e-06;6.92951e-06;0.00844273;6.97727e-05;1.52936e-06;0.000101235;0.000926252;0.000459387;0.00032139
