2.45599e-06;0.999813;2.69399e-05;2.24507e-05;7.48189e-06;1.01993e-07;2.18179e-07;6.43582e-05;1.79855e-07;5.93117e-07;2.07748e-07;3.14774e-05;2.45137e-05;5.34159e-06
4.73004e-06;0.000112938;6.4852e-09;1.63612e-07;4.94621e-07;1.74158e-07;4.06213e-07;0.999855;2.20063e-05;1.3831e-07;1.81128e-06;3.0279e-09;1.51597e-06;8.74424e-08
2.64313e-05;0.985537;0.00039061;1.12169e-05;8.66614e-06;1.06315e-06;0.0097066;0.000798305;5.20487e-05;0.000301309;7.10001e-06;0.00312646;3.18036e-05;1.1894e-06
1.0991e-09;1.94098e-08;1;1.48051e-09;4.45714e-11;1.27539e-12;3.77861e-07;1.22907e-11;1.03293e-09;3.27295e-10;2.20124e-09;9.16493e-10;4.28569e-12;5.55777e-12
7.57339e-06;0.832688;0.000139882;6.41936e-06;1.66327e-06;1.83884e-07;6.19636e-06;0.113998;1.3335e-05;1.00586e-07;3.12032e-05;0.00530888;0.0477979;3.69095e-07
1.47253e-06;0.884878;0.00079274;5.14258e-05;0.00343497;0.0106638;3.24146e-08;0.0210214;5.63704e-07;7.38796e-06;2.88741e-07;0.031351;0.00123406;0.0465633
4.78709e-05;0.576817;1.02769e-05;0.00157082;0.000316379;0.0312923;0.00256768;0.0492532;0.000212985;0.0030877;0.000763372;9.04685e-06;0.326393;0.0076583
9.60788e-10;5.32859e-10;1;7.26455e-09;3.00502e-11;1.81011e-10;4.32945e-10;2.59354e-11;1.85007e-10;1.56702e-10;2.06865e-09;5.08462e-08;1.48672e-10;7.0664e-11
5.22009e-06;0.0152736;0.000227311;0.000102106;0.000172489;0.000141626;7.27292e-07;0.00117022;7.13375e-05;1.11033e-06;0.000248333;0.981976;6.18734e-05;0.000548062
5.90873e-06;0.882935;3.64991e-08;3.74517e-06;0.000374226;0.000654296;1.27094e-06;0.0225122;2.15406e-06;1.77581e-06;6.59152e-05;9.24347e-05;0.0932008;0.000150381
2.2555e-07;0.00519869;1.35406e-07;2.37108e-07;4.86131e-05;8.68214e-06;7.12762e-10;0.000174043;1.32822e-08;9.72992e-09;1.46063e-06;0.98617;0.00704787;0.00135046
1.15897e-07;0.999974;2.20481e-09;6.31548e-09;3.23502e-09;1.53735e-08;5.64227e-07;2.53166e-07;1.48603e-08;3.85368e-08;3.83049e-10;1.19829e-07;8.426e-06;1.68304e-05
0.000210517;0.849172;7.77205e-06;3.63814e-05;4.82272e-06;9.43506e-06;0.0046318;0.0704226;0.00415114;1.75041e-05;9.91358e-05;0.00125821;0.0699782;4.95583e-07
1.06508e-07;0.0491653;4.3146e-12;5.65234e-08;2.79465e-09;1.49777e-07;9.19678e-08;3.27518e-06;3.53776e-08;2.68449e-08;1.84021e-08;3.35774e-06;0.950828;4.89418e-11
1.38217e-05;0.00151875;0.913221;0.00053515;7.08358e-05;1.97176e-05;3.46721e-07;0.000318286;1.58931e-07;2.75392e-05;1.72069e-07;0.0828335;8.64887e-06;0.00143196
8.46114e-06;0.0560956;3.77021e-10;0.000166511;9.2567e-05;0.00459838;1.6943e-06;0.0135278;0.00011722;1.29733e-06;0.000161391;9.7389e-06;0.925003;0.000215789
2.15672e-05;0.00126414;0.996089;1.82732e-05;1.69051e-05;7.72364e-06;6.36708e-07;6.96631e-05;1.48077e-07;4.80971e-05;2.8585e-07;0.00240794;5.47209e-05;1.28478e-06
4.48141e-06;1.09471e-07;0.999959;1.64027e-06;1.23379e-07;6.75049e-08;5.11426e-06;1.7582e-06;2.45155e-05;3.30154e-07;2.19639e-06;2.67903e-07;4.61831e-08;5.02405e-09
6.39125e-05;0.00218902;0.000957477;0.000116859;2.82249e-05;1.0934e-05;8.31327e-07;0.0147319;0.00465727;8.60039e-07;0.000220577;0.97697;4.73957e-05;5.02307e-06
1.88427e-05;0.352363;1.36772e-07;2.54498e-06;1.92891e-05;0.000381644;2.26973e-07;0.00116715;1.33785e-05;7.96772e-07;3.21136e-05;8.92575e-05;0.645885;2.71802e-05
1.49891e-07;0.0114202;3.22843e-07;3.95142e-08;9.77719e-06;1.72781e-07;1.55855e-10;3.35945e-05;2.96798e-09;1.47675e-08;8.67849e-09;0.988411;3.38337e-05;9.11386e-05
3.86524e-06;0.979643;8.11429e-09;1.4105e-07;1.81988e-05;4.8525e-07;0.000445651;0.0197941;2.59941e-05;4.34268e-05;2.64783e-08;2.778e-09;6.8547e-06;1.88732e-05
1.05968e-06;2.23956e-05;0.999279;5.84543e-07;1.15876e-06;3.49423e-07;1.67161e-09;2.6256e-05;3.92312e-07;1.55718e-08;1.33783e-08;0.000655248;1.35508e-05;1.95686e-09
4.96628e-07;0.999076;8.77992e-06;3.86515e-06;1.09905e-05;2.3947e-06;1.55437e-07;2.34864e-05;5.36471e-09;2.45816e-05;5.45416e-09;9.20696e-06;0.000839157;3.97413e-07
1.51642e-09;2.30954e-08;0.999999;1.2034e-09;1.66884e-11;8.46882e-12;2.85463e-09;4.7356e-11;3.02157e-10;5.91986e-10;1.83739e-10;8.71451e-07;4.28945e-11;3.83645e-12
8.55711e-08;2.22757e-06;0.000111437;1.03092e-06;9.12033e-06;8.32154e-09;8.59599e-09;0.000264601;2.09289e-05;1.02528e-08;8.93514e-07;0.999579;3.69644e-10;1.11173e-05
3.29012e-07;0.994648;2.21652e-06;3.28285e-07;0.000167409;1.88481e-06;1.38773e-08;0.00373981;8.50076e-10;1.57089e-07;3.44574e-09;2.91729e-06;0.000348925;0.00108759
1.25296e-07;0.998762;1.87692e-10;7.25843e-10;4.80074e-06;1.40949e-08;3.09092e-07;0.00116865;5.85933e-11;1.36017e-07;1.50708e-10;3.69255e-06;4.74699e-07;6.01179e-05
2.12087e-10;4.65939e-09;1;2.68823e-11;7.49831e-11;4.93817e-11;1.82295e-11;5.7014e-11;5.43255e-13;3.02277e-12;2.65618e-13;6.53733e-08;1.36644e-10;9.76498e-11
8.76583e-06;0.97152;1.18414e-06;1.27931e-05;3.76561e-06;3.98279e-05;0.0132993;9.26659e-05;2.28616e-05;0.00644976;7.83464e-06;1.09674e-06;3.47429e-06;0.00853701
1.30447e-09;1.36198e-07;0.999999;1.15987e-08;4.32107e-09;1.05474e-08;1.36621e-10;4.29591e-09;2.90067e-10;4.90819e-10;1.53552e-09;3.12093e-07;8.49618e-08;7.73016e-11
5.29237e-07;0.987092;2.27078e-05;9.41212e-06;1.13619e-05;6.20845e-06;7.54739e-07;0.000602101;1.06781e-08;1.08114e-05;1.3407e-08;3.01773e-07;0.0122431;2.64236e-07
8.40371e-09;1.21862e-08;1;1.16826e-07;4.50773e-10;2.27003e-10;6.10874e-09;2.3246e-10;3.11958e-09;1.1853e-08;1.11428e-08;3.27424e-07;6.33775e-09;1.8661e-10
1.87038e-06;0.000160867;0.000528059;4.59234e-05;3.27221e-06;1.35812e-06;2.94558e-07;0.00237507;0.000340326;4.99814e-08;0.000131826;0.996372;9.30388e-07;3.78142e-05
2.54471e-05;0.987022;0.000396742;6.65946e-06;6.17054e-06;1.54139e-05;1.45822e-05;0.000972775;3.37166e-05;2.81771e-06;8.2743e-05;6.18736e-05;0.0112859;7.28303e-05
1.69198e-07;0.979247;3.43515e-08;1.84854e-09;6.88718e-08;3.80591e-09;1.56517e-05;1.87729e-06;2.35046e-10;9.73466e-06;2.25492e-09;7.15397e-07;2.71707e-08;0.0207246
3.27523e-12;1.91318e-12;1;2.42495e-12;2.47888e-10;5.1468e-12;4.79413e-13;1.01815e-09;4.12568e-13;1.97826e-13;4.57385e-14;4.48281e-09;7.06463e-13;6.11995e-14
2.28228e-08;0.000373011;1.05087e-11;4.02542e-09;1.81251e-05;9.71319e-09;1.41709e-09;0.999608;2.50193e-08;3.66335e-09;9.55148e-10;1.90553e-08;2.09795e-07;2.61786e-07
2.56157e-06;1.62757e-05;0.999288;6.4928e-06;0.000198508;4.08791e-05;4.08712e-07;0.000218155;2.37014e-07;3.99597e-06;5.5439e-07;0.000133818;8.94507e-05;1.23071e-07
2.64028e-05;0.766729;4.42565e-05;2.48066e-05;2.80877e-05;1.13936e-06;2.02536e-05;0.218211;0.000249983;2.01217e-07;0.000126038;0.00255315;0.011966;1.96638e-05
1.39775e-06;0.992821;4.2133e-08;3.38119e-07;1.29432e-06;3.88048e-07;8.61733e-06;0.0044432;3.06559e-07;2.15238e-05;3.57467e-08;5.35282e-08;5.3847e-05;0.00264828
2.01203e-10;2.3333e-09;1;3.54791e-11;1.04835e-11;1.86628e-12;1.17974e-10;4.93714e-13;1.48953e-11;2.0174e-11;1.32024e-11;8.35625e-08;1.83299e-10;2.15576e-13
1.16367e-06;8.29189e-06;0.000166155;2.19054e-06;0.000187848;7.69993e-07;1.24962e-07;0.0296815;1.33227e-05;1.62675e-07;2.23561e-05;0.969909;5.55201e-06;1.67882e-06
2.47363e-05;0.382784;4.90667e-07;5.41126e-05;0.0297806;0.000436912;6.35931e-06;0.196266;0.000133363;1.52465e-05;0.00104611;0.0113376;0.373582;0.0045325
0.000153216;0.0169808;7.87545e-05;8.03678e-05;0.000241233;0.00367451;0.000113322;0.00453446;0.00293549;1.57873e-05;0.000501992;0.0156433;0.954999;4.76407e-05
5.05412e-06;0.0488112;0.949634;7.43589e-07;4.71234e-06;9.70067e-07;3.21632e-09;1.13587e-05;1.5873e-08;3.03757e-07;4.07476e-10;0.00140369;0.000120589;7.13369e-06
1.52031e-06;0.000537393;5.20659e-09;6.0578e-07;8.82644e-07;5.00646e-07;6.33103e-09;0.00486594;2.35239e-06;7.71601e-09;1.90115e-06;8.04516e-05;0.994508;5.16738e-07
6.80641e-06;0.00029029;4.79348e-07;4.2058e-06;2.18578e-06;9.94879e-07;3.31302e-08;0.000656106;5.03947e-05;2.31523e-07;1.82471e-05;0.998412;0.000527641;3.01261e-05
9.94971e-06;0.0245595;1.98296e-06;3.71442e-08;5.41562e-06;6.96737e-07;2.27042e-08;0.974397;9.82368e-09;4.51516e-07;6.56916e-09;5.62981e-06;0.000169847;0.000849538
2.02218e-08;0.000267282;3.25469e-06;5.33962e-07;1.86948e-05;1.67175e-06;3.25139e-08;6.62368e-05;3.45369e-09;2.28201e-07;2.05251e-07;0.999332;1.9273e-05;0.000290678
3.05765e-05;0.0300361;1.56732e-06;3.06261e-05;8.9416e-05;2.07058e-06;9.9864e-06;0.0580659;1.27755e-05;4.52406e-07;0.00297096;9.09605e-05;0.908658;9.09799e-07
2.01559e-06;0.999916;6.96812e-06;1.55112e-06;1.36386e-08;2.90055e-10;8.30236e-07;5.83489e-06;2.05678e-07;8.13333e-08;8.64009e-08;6.0746e-05;5.42913e-06;3.67632e-07
1.09857e-05;0.0524497;1.40561e-09;1.39535e-05;7.30438e-07;7.33575e-06;5.0496e-07;0.00106598;1.48121e-05;5.58708e-07;2.32354e-05;2.4974e-05;0.946387;1.12313e-07
3.44075e-05;0.000434741;0.720058;0.00189926;0.000213209;9.65753e-06;1.69308e-06;7.88539e-05;3.52633e-07;7.39221e-05;6.17135e-06;0.275333;2.56005e-07;0.00185595
1.12055e-05;0.000318003;2.22147e-09;3.18958e-05;3.95827e-06;0.000201119;4.38478e-06;0.000210798;3.94039e-05;3.2024e-07;0.00634731;1.46711e-05;0.992817;2.48399e-07
2.20266e-05;0.0166629;0.982979;1.12071e-05;8.42133e-07;2.5301e-08;0.00011856;4.95769e-07;4.36647e-08;0.000190282;2.59458e-06;1.05249e-05;1.16624e-07;1.62183e-06
1.73984e-06;1.88437e-06;0.999971;4.72156e-07;3.08404e-08;1.41921e-08;7.08253e-07;4.41197e-08;1.97719e-06;1.61894e-08;9.10536e-06;1.2767e-05;2.43044e-07;6.19325e-09
4.24498e-05;0.799026;0.000589765;9.10108e-06;1.56463e-05;9.78958e-05;1.78873e-06;0.122317;3.23088e-05;9.88233e-06;1.33395e-05;0.0717299;0.00476519;0.00134961
4.65327e-07;0.000294003;7.45903e-09;5.10876e-07;4.7196e-07;2.38948e-06;1.20428e-08;0.00133259;3.12662e-07;1.16821e-08;2.08981e-05;3.53364e-06;0.998311;3.36618e-05
2.0956e-05;0.000621685;2.42638e-07;7.7223e-07;7.34333e-07;9.27439e-08;1.91298e-08;2.40065e-05;9.0568e-07;4.93928e-08;3.55608e-06;0.998385;0.000906423;3.52662e-05
4.26956e-06;0.979485;5.82214e-10;1.83429e-05;4.69214e-06;3.77074e-06;1.98701e-08;0.00181764;9.13493e-06;8.69684e-07;2.60369e-06;0.000685411;0.0179679;3.12989e-07
0.00011618;0.0062855;0.0122114;0.000631723;9.86199e-05;4.78477e-06;4.77623e-07;0.000128455;7.61046e-08;6.03825e-05;3.01744e-06;0.979291;9.67958e-05;0.00107114
1.00589e-05;0.000382268;3.29375e-10;3.34556e-06;2.1979e-08;1.4355e-06;0.994825;3.14749e-05;3.29417e-06;0.00315655;0.000461702;9.39411e-09;0.00112143;3.69827e-06
7.2707e-11;3.09908e-12;1;8.23484e-10;1.45945e-13;7.72058e-13;9.65669e-09;7.16126e-14;7.04762e-10;1.16037e-10;1.63658e-08;1.70816e-10;3.25205e-13;1.19752e-14
0.000753986;0.983271;2.01759e-06;4.30302e-05;2.23661e-07;4.21166e-07;0.000529262;0.00370828;0.0036032;2.10155e-05;0.00623866;0.000439796;0.0013866;2.27642e-06
2.31704e-05;0.192732;1.59655e-05;4.5169e-07;1.07292e-06;5.88595e-07;1.85721e-07;0.000663223;1.52418e-06;6.03134e-07;3.47467e-06;0.805951;0.000606316;3.50472e-07
1.0943e-06;0.0005417;1.93646e-09;3.78621e-05;1.66372e-06;0.000181991;7.07297e-07;0.000388604;7.4004e-06;7.39283e-06;1.20328e-05;1.68275e-06;0.998749;6.92136e-05
1.17127e-05;3.06754e-05;0.999817;1.63051e-05;1.06746e-06;4.60792e-08;3.37065e-07;3.40662e-07;1.30347e-06;1.26053e-05;1.09786e-06;0.00010546;1.67796e-06;5.4804e-07
5.50886e-07;0.000168852;6.15071e-09;4.63084e-09;1.17857e-10;7.72468e-10;0.99295;1.39247e-08;1.69117e-06;0.00686141;3.7443e-07;3.83193e-14;6.9389e-10;1.70287e-05
1.27072e-12;1.12513e-13;1;1.70414e-12;1.78988e-14;2.54166e-14;8.7253e-12;1.03774e-14;7.61516e-12;1.69815e-12;5.66091e-12;1.74584e-10;5.91483e-15;1.63852e-15
