1.63522e-06;0.993928;1.2415e-09;1.1427e-07;2.3426e-06;1.24763e-06;6.20912e-06;0.00333947;7.05904e-07;3.6578e-06;1.46674e-07;7.3104e-09;0.00271255;4.27668e-06
6.06853e-10;1.0122e-10;0.999998;3.48415e-09;4.28386e-08;5.95021e-10;2.49578e-10;3.35703e-11;1.79398e-11;7.26932e-10;5.4854e-11;1.62832e-06;2.84572e-12;2.4799e-08
1.95934e-06;0.952528;1.08355e-06;2.2666e-07;7.61869e-07;2.1985e-07;5.74387e-05;0.00032108;4.93398e-07;3.57827e-08;3.20328e-06;0.00112082;0.045965;1.60456e-07
1.23942e-05;0.000612882;5.00327e-06;2.38728e-06;3.13523e-06;7.34256e-07;5.35922e-05;0.00460512;0.000365441;1.36742e-06;0.000464214;0.993496;0.000331288;4.5925e-05
2.80782e-05;0.921969;1.10313e-05;2.07608e-05;5.26944e-05;1.61574e-05;6.18408e-06;0.0273192;3.32079e-05;4.91679e-06;5.48789e-05;0.000945153;0.0380469;0.0114919
1.82868e-06;0.997845;8.68409e-08;8.95011e-07;8.78107e-06;1.59702e-07;6.39182e-08;7.03787e-06;4.51901e-07;1.29837e-08;4.47235e-07;0.00170041;0.000288019;0.000146871
0.000230588;0.283513;1.24535e-07;7.09664e-05;0.00350586;9.51497e-05;8.79376e-06;0.690916;1.26137e-05;2.31048e-06;0.000163362;0.0160177;0.00463051;0.000833089
6.56459e-05;0.663002;9.52306e-08;7.31541e-07;6.77508e-06;1.39796e-06;2.1351e-06;0.270114;5.32414e-08;1.75929e-07;2.76122e-06;5.09638e-05;0.0653504;0.00140223
5.30601e-07;0.951054;2.29121e-08;1.47528e-06;1.77238e-05;2.59247e-05;5.78347e-08;0.0137842;2.16043e-07;3.94528e-07;3.25936e-07;1.29251e-06;0.00992586;0.0251885
2.94553e-09;2.95971e-09;0.999998;3.03622e-08;4.18116e-10;6.0135e-11;2.09797e-09;5.52389e-10;4.48161e-09;5.87572e-10;9.82634e-08;1.42106e-06;1.92261e-09;3.37976e-11
7.71382e-07;0.00122896;6.21695e-05;4.15442e-06;3.54861e-05;1.44685e-05;2.24057e-06;0.000483867;3.58598e-07;8.28722e-07;1.16371e-06;6.50407e-05;6.48338e-05;0.998036
2.84944e-08;3.14425e-06;7.50934e-13;3.60333e-08;0.000188485;5.22445e-07;4.35415e-07;0.999806;6.74575e-07;7.50935e-09;1.10324e-07;8.7981e-09;3.55744e-07;7.63664e-08
5.29342e-09;2.04103e-06;0.999997;3.02278e-07;7.09672e-07;8.62283e-09;1.80511e-09;5.52558e-10;4.77328e-12;3.16569e-09;4.04065e-09;2.09506e-07;3.6469e-09;5.49121e-08
7.96259e-07;0.99926;4.03733e-10;3.01331e-08;3.72339e-07;7.56511e-09;1.21884e-08;0.000638449;2.51551e-07;1.31669e-10;6.0765e-07;7.26148e-07;9.82066e-05;4.72193e-07
9.01627e-06;0.383026;9.69616e-07;2.04175e-07;7.66847e-05;2.28571e-06;8.06708e-09;0.00312985;1.01883e-06;1.36641e-07;1.10847e-07;0.608961;0.00362864;0.00116488
3.07079e-05;0.767093;7.72807e-08;1.81265e-07;0.00117959;0.000117253;4.08915e-07;0.00732036;3.34575e-07;9.78863e-07;2.21322e-07;0.000989078;0.222036;0.00123146
2.12606e-06;0.0282801;0.000848969;4.50937e-07;1.08727e-05;5.07068e-07;2.33613e-08;0.00390296;5.54965e-08;5.78684e-08;3.98518e-08;0.96532;0.00154664;8.71563e-05
1.32873e-06;0.00918271;4.9688e-07;0.000131521;0.299249;0.000103664;2.58013e-06;0.610103;4.97052e-05;5.96124e-07;0.000254927;0.0595478;0.0210907;0.000282153
0.00017038;0.107214;0.629985;0.0107994;0.0415334;0.000681188;1.74279e-05;0.00013701;2.577e-05;0.000105524;0.000132634;0.0772888;0.102388;0.0295212
4.00331e-06;5.31165e-05;1.96365e-10;9.52069e-09;0.000449231;8.69731e-09;1.58427e-09;0.999465;2.16035e-06;2.6758e-09;1.11876e-08;2.5153e-05;6.38089e-07;7.29326e-07
5.88079e-06;0.000260421;0.988649;2.50983e-06;0.000303677;8.73714e-06;1.20362e-07;1.44459e-06;2.25789e-08;3.4914e-06;3.07665e-08;0.0107008;4.8492e-05;1.50363e-05
4.01765e-06;7.36627e-05;8.93578e-10;1.35585e-08;3.27895e-06;3.91109e-08;3.96608e-09;0.999807;3.01314e-06;2.01111e-10;1.02196e-06;9.57099e-07;0.000107022;4.15521e-07
1.22155e-06;0.999016;2.53175e-05;1.01369e-06;9.57674e-08;5.25573e-09;6.32693e-08;1.3625e-05;1.64765e-08;2.06661e-07;5.16992e-09;2.8428e-06;0.000850793;8.91588e-05
2.45176e-05;0.886187;4.10862e-09;2.49422e-05;4.33779e-06;2.80664e-06;7.78039e-07;0.00926102;0.000113882;1.47712e-06;1.86273e-05;0.101642;0.0026903;2.86816e-05
6.68935e-05;0.715393;1.06345e-05;7.12585e-05;0.000104519;0.000253731;1.80101e-06;0.24474;2.05378e-05;2.53278e-05;9.11488e-05;0.00353439;0.0356659;2.04106e-05
0.000117335;0.00150655;1.5758e-05;6.93906e-06;0.000533849;9.04962e-06;1.38001e-06;0.00879268;5.40132e-06;1.15764e-06;9.37302e-05;0.98815;0.000643235;0.000122533
3.30224e-06;0.932396;4.89755e-08;1.53878e-07;3.45415e-09;2.30371e-09;0.067545;3.04037e-06;2.30235e-06;4.47905e-05;2.7995e-07;9.859e-11;3.50056e-06;1.86873e-06
2.19599e-08;3.06861e-08;0.999999;9.31985e-08;8.56123e-09;1.7447e-08;3.2867e-08;1.14717e-09;5.75352e-08;3.18659e-09;6.36231e-09;9.87432e-07;2.78216e-10;2.65567e-08
2.78947e-07;0.999672;3.10966e-08;3.3118e-07;5.27742e-08;6.53708e-08;9.73049e-08;3.21849e-05;2.01912e-08;1.57152e-08;2.22734e-08;1.49273e-08;0.00029451;6.0771e-08
2.67649e-05;0.514241;7.12296e-06;9.95486e-06;5.07821e-05;2.90327e-05;2.78067e-05;0.000174105;2.86836e-06;1.69302e-05;1.34487e-05;0.445051;0.0031086;0.0372412
4.96359e-05;0.376891;1.29878e-05;2.54799e-05;0.002384;0.000164184;2.80472e-05;0.0118403;7.37422e-06;2.67123e-05;9.31265e-06;0.50544;0.0883177;0.014803
0.000183993;0.0245154;2.5771e-07;4.457e-05;0.000237249;0.00013428;3.00452e-06;0.0272747;7.85355e-05;1.38159e-06;0.000605215;0.0480059;0.897045;0.00187065
4.21768e-06;0.991966;4.37684e-07;5.24049e-08;3.47977e-08;7.28266e-08;1.42768e-06;0.00681523;3.23053e-07;1.6629e-07;4.65065e-07;0.000931048;0.000279763;7.50341e-07
5.65263e-07;0.00177241;7.65663e-06;5.91751e-05;3.71936e-05;0.00010704;1.88176e-07;0.0144254;3.28457e-06;1.1213e-06;1.6725e-05;0.982346;0.000916962;0.000306269
2.69125e-07;0.985363;1.90608e-08;6.69498e-06;2.88081e-07;6.66129e-07;1.44851e-05;0.000355989;1.76759e-06;2.79549e-07;0.000217705;0.000125955;0.0139125;2.95466e-07
1.80319e-06;0.00416122;4.16514e-05;1.72843e-06;2.27342e-05;2.34314e-06;6.58937e-07;0.00144103;7.71117e-07;5.01762e-07;1.71197e-05;0.845344;0.148937;2.76641e-05
0.000105006;0.00670969;2.63322e-05;6.27394e-05;0.00260183;0.00139368;0.000165413;0.833573;0.00643136;0.000166294;0.000647756;0.000446279;0.147561;0.000108765
0.000302981;0.000884971;4.70712e-07;2.50405e-05;6.48352e-05;1.56534e-06;6.08745e-06;0.985578;0.00499605;1.27656e-06;0.000271147;3.5817e-05;0.00783157;7.52126e-07
1.43187e-05;0.993151;4.19697e-09;3.27185e-07;1.14531e-07;4.93616e-09;5.33326e-06;0.00673974;6.63274e-05;2.8579e-06;1.94759e-06;1.43209e-08;1.16605e-05;6.67201e-06
6.82435e-10;6.78006e-08;1;7.681e-11;3.15075e-12;1.72734e-13;1.35214e-10;7.16767e-13;8.5483e-11;2.63937e-11;8.15019e-11;3.69667e-08;6.11035e-11;2.14627e-12
8.83843e-10;3.61645e-08;5.20461e-06;8.4003e-09;6.93598e-08;6.53879e-09;4.27108e-11;5.10639e-06;3.39645e-08;2.97881e-10;9.60322e-08;0.999989;1.43874e-08;4.12124e-07
2.48125e-06;0.988246;2.45798e-08;4.60487e-07;3.54267e-07;2.16022e-07;1.67733e-06;9.39292e-05;3.91013e-06;3.15739e-08;4.84004e-05;3.7825e-06;0.0114702;0.000128302
6.38587e-06;0.0916767;0.000257356;7.04725e-07;1.03334e-06;6.89738e-07;5.74035e-07;0.0264508;7.39322e-07;1.87013e-07;1.03935e-05;0.879397;0.00219742;2.79135e-07
1.17771e-06;0.122202;1.4337e-06;7.0263e-05;0.00449981;0.000864243;9.34113e-08;0.842157;1.65205e-06;1.00716e-06;6.87855e-06;0.0111071;0.016984;0.00210285
4.80847e-05;0.42532;9.29307e-07;0.000399611;5.56198e-06;1.10808e-05;3.07299e-06;0.00332772;0.00024231;7.25672e-06;0.000199485;0.0602645;0.510167;3.8232e-06
0.000172472;0.0121836;0.976373;0.00253474;5.7013e-06;3.14763e-07;5.15944e-07;2.62624e-05;1.16921e-05;3.38042e-05;1.07313e-05;0.00826436;9.35172e-06;0.000373433
4.25928e-05;0.992551;3.82211e-08;1.52472e-05;0.000104937;5.83306e-07;1.18831e-06;0.00709282;1.40083e-05;9.8181e-07;3.01988e-05;0.000117605;6.1384e-06;2.22974e-05
7.01109e-05;0.0103095;1.59989e-05;3.00228e-06;7.29691e-05;4.36857e-05;0.000275017;0.978645;5.2192e-05;2.15181e-05;4.76792e-05;0.00494695;0.00547274;2.35752e-05
0.000185698;0.0114141;2.75376e-05;0.00218421;0.00250306;0.000172234;1.53751e-05;0.00434862;0.0186428;6.7376e-06;0.00804482;0.934081;0.00313691;0.0152371
7.64082e-07;0.999565;8.14981e-11;6.2e-08;5.07477e-08;1.65369e-09;2.39158e-10;0.000381073;2.25441e-07;5.17706e-10;2.8884e-07;3.87771e-06;4.82945e-05;9.2279e-08
0.000269207;0.0797944;5.29945e-06;2.19586e-05;0.0185512;9.10374e-05;1.02379e-06;0.149871;5.71825e-05;6.4467e-05;5.31529e-05;0.706556;0.00839492;0.0362695
0.00131635;0.320938;0.436086;0.00116578;0.0894095;0.00124163;8.26488e-06;0.00352217;1.38352e-05;0.00025484;9.538e-05;0.00314326;0.133512;0.00929343
0.0002381;0.341082;1.193e-05;8.72764e-06;9.48583e-05;3.03088e-07;9.73805e-05;0.028054;0.000294264;1.05817e-05;0.000271019;0.626338;0.00110229;0.00239622
8.59545e-05;0.902648;0.000339822;0.000335859;0.00237426;8.31919e-05;0.000223503;0.00046478;0.000309747;1.80292e-05;0.0271541;0.0588484;0.00704156;7.24072e-05
0.000106557;0.379878;6.61881e-10;2.28618e-06;7.56198e-06;2.3202e-07;1.53583e-06;0.00496922;2.37113e-05;2.60079e-07;0.000360887;0.506635;0.107996;1.92888e-05
0.000340037;0.967956;1.70061e-05;1.90287e-06;3.18398e-06;4.92725e-06;0.00400636;0.00225909;5.51872e-06;0.00239191;2.10034e-06;8.00528e-06;0.000597018;0.0224073
1.74703e-11;1.78325e-12;1;3.9498e-11;1.26174e-11;4.02792e-12;1.72901e-11;6.26082e-13;4.11616e-11;2.14792e-11;2.43438e-10;2.35568e-09;6.46594e-13;6.84762e-13
1.93022e-07;0.000420801;0.999491;1.77736e-06;1.05195e-06;5.45752e-08;1.74698e-06;1.8071e-06;5.90542e-07;5.76471e-07;7.8706e-06;1.98874e-06;7.02391e-05;1.6322e-07
4.45213e-07;0.992057;2.12101e-05;1.50289e-06;2.42743e-05;1.63079e-05;4.06609e-07;0.000595133;1.07244e-07;2.53844e-06;1.83735e-06;0.000226034;0.00704183;1.1271e-05
1.65747e-05;0.285065;6.13737e-06;0.000168354;0.000213045;0.00699769;0.000103687;0.00917659;3.48398e-06;0.000542411;0.000309621;0.0318963;0.485377;0.180124
0.000137573;0.108239;3.72193e-06;0.000257416;0.000169179;1.65027e-05;2.42281e-05;0.00370314;3.23074e-05;7.31467e-06;0.00053414;0.0142812;0.872586;8.16605e-06
2.0715e-05;0.88141;1.61205e-10;4.95457e-06;2.35498e-05;1.98154e-06;1.04381e-06;0.118267;5.21181e-05;7.43328e-07;1.38256e-05;0.000111944;8.38179e-05;8.5407e-06
8.41292e-06;0.465786;0.0880954;0.000267271;0.000318712;0.000122145;1.25905e-07;6.00883e-05;1.31411e-07;1.85359e-05;1.09552e-05;0.428198;0.0170612;5.34342e-05
1.76816e-05;0.446434;3.72831e-08;1.50279e-06;2.0112e-05;8.55748e-07;1.21614e-06;0.0417163;0.000115443;1.34248e-07;0.000404968;0.510628;0.000629731;2.98928e-05
0.000381444;0.372449;0.000479355;6.29492e-05;0.0584409;0.018677;5.54827e-05;0.0945895;4.69009e-05;7.35766e-05;3.58573e-05;0.0736581;0.378526;0.0025238
0.00116567;0.726139;5.14213e-05;2.95673e-05;6.31765e-05;9.12312e-05;0.000194543;0.0769049;0.000513507;1.44385e-05;6.33224e-05;0.000802854;0.191682;0.00228454
7.75032e-05;0.306567;5.38622e-06;0.00118431;0.00209607;0.00029574;3.78587e-06;0.031583;0.00231565;2.54346e-05;0.00150607;0.001838;0.012069;0.640433
5.37373e-05;0.970006;0.016982;0.000741843;0.000108036;6.71448e-07;2.98962e-06;8.692e-05;2.77365e-06;7.40638e-05;6.43773e-06;0.00967633;2.30597e-05;0.00223528
0.000984025;0.736767;9.58483e-09;0.000142545;0.000389545;5.63722e-06;1.51685e-05;0.257726;0.00129202;1.27098e-05;0.00164952;0.000534464;0.000477964;3.33126e-06
3.26049e-05;0.722423;0.00933907;2.26396e-05;0.000235872;0.000271628;6.57884e-07;1.3557e-05;5.74864e-08;3.32398e-05;5.08699e-07;0.266436;0.000999862;0.000191011
8.45956e-06;0.00248257;4.31054e-10;3.12456e-07;3.84718e-06;1.91728e-05;1.07503e-06;0.00156121;3.52243e-07;2.40117e-07;5.69235e-07;1.41048e-05;0.995898;9.80205e-06
1.14026e-06;0.000890304;0.998988;4.0664e-06;7.34878e-06;2.32144e-06;3.14517e-07;9.58763e-07;8.49302e-10;9.88416e-07;2.89245e-09;4.32696e-05;4.95932e-05;1.1511e-05
1.15931e-07;0.81143;7.22587e-09;2.4239e-07;1.88383e-09;5.52549e-09;0.188451;3.27947e-06;2.55214e-07;8.0972e-05;2.82994e-07;6.35165e-10;4.86892e-07;3.27593e-05
5.74481e-11;5.08415e-11;1;3.28542e-09;2.80375e-12;1.54197e-12;3.4402e-08;3.20698e-14;3.27508e-09;1.0679e-10;5.50379e-09;2.70839e-09;6.88752e-14;9.70088e-12
7.42919e-07;0.00111628;1.58249e-07;3.80742e-08;7.95116e-07;2.19642e-09;4.44293e-08;0.99888;9.4371e-08;1.13069e-08;6.75183e-08;6.74197e-07;9.37555e-07;1.34794e-07
5.29877e-07;0.974114;6.19083e-06;3.36636e-05;0.000330483;0.000849789;2.56487e-05;0.000519395;1.93226e-06;5.37805e-05;1.35662e-05;0.000219483;0.00201113;0.0218208
2.32125e-10;1.0323e-09;1;7.27881e-09;4.12909e-11;1.53516e-10;6.44215e-09;1.36071e-09;1.9852e-09;8.89618e-10;7.28421e-09;1.13858e-09;2.05743e-10;1.51858e-12
6.71289e-08;8.2261e-06;0.999766;2.9298e-07;3.57436e-08;3.59048e-08;1.72759e-08;4.3198e-07;2.03479e-07;2.20478e-09;1.00626e-07;0.000224215;2.5748e-07;2.41509e-07
4.61776e-07;0.00131338;2.33827e-10;2.01537e-07;5.20159e-05;0.000140239;5.59508e-06;5.99315e-07;4.8121e-06;1.62315e-05;5.71534e-08;2.1136e-11;4.4696e-09;0.998466
5.40182e-10;8.08995e-11;0.999999;1.71443e-10;2.15925e-09;2.74954e-12;2.84117e-12;4.13886e-12;6.63668e-11;3.34704e-12;1.05088e-11;1.05539e-06;1.98827e-13;3.06551e-12
5.77e-07;1.6682e-05;4.39175e-07;2.60971e-09;2.0099e-05;1.37829e-08;1.82537e-12;0.999958;3.77473e-09;2.37632e-11;1.01354e-10;8.58481e-08;3.85765e-06;7.19687e-08
9.6442e-09;5.81436e-07;3.06935e-09;1.02143e-09;2.22303e-06;1.857e-10;1.11706e-12;0.999994;2.75576e-09;6.74455e-11;2.28184e-11;6.3106e-10;3.31905e-06;5.45798e-11
9.249e-08;6.2526e-06;0.999875;1.60618e-06;6.09637e-05;2.96227e-05;4.15909e-11;1.42165e-06;1.39437e-10;3.49707e-06;4.33071e-10;1.51799e-05;6.20903e-06;4.9452e-07
3.37322e-06;0.979226;0.000425923;1.17428e-05;3.60451e-06;7.99942e-07;9.18183e-07;0.0188629;2.14274e-05;3.01932e-07;1.88791e-05;0.000626333;0.000782139;1.52187e-05
