1.65454e-06;0.99837;1.7322e-08;1.0224e-07;1.03378e-08;5.03282e-08;0.000421319;5.50909e-06;8.45258e-08;4.12671e-05;3.86125e-08;5.78545e-08;3.47354e-08;0.00115974
9.51368e-10;4.70756e-10;1;8.6967e-10;1.12653e-09;3.62834e-11;5.54007e-10;6.74219e-11;6.26929e-10;1.75897e-10;6.61036e-10;3.93472e-07;3.07177e-11;1.83422e-11
2.47696e-06;0.970843;1.66018e-06;4.05647e-06;1.03413e-05;1.13865e-05;4.76955e-07;7.89671e-06;3.11349e-08;7.37025e-07;4.17235e-07;9.46235e-06;0.0290962;1.21999e-05
1.33426e-05;0.0311056;1.3058e-05;1.42144e-06;8.65241e-06;2.03162e-06;1.72414e-07;0.794011;2.57878e-06;7.54409e-08;3.26249e-06;0.159128;0.0157066;4.70599e-06
1.04006e-05;0.774121;0.000224464;0.000134246;0.00183213;0.0407436;1.7331e-06;0.0348198;3.98338e-08;0.000101946;2.28704e-07;0.000340868;0.127301;0.0203686
2.98189e-05;0.182761;1.32958e-05;0.000136822;0.000105259;0.00805338;2.42008e-06;0.00269323;1.03619e-05;2.32443e-06;2.24406e-05;0.343829;0.107057;0.355283
8.71362e-08;0.000856978;3.203e-08;2.41477e-07;7.0942e-07;3.55576e-06;8.7239e-10;0.000126674;3.47634e-09;2.77414e-09;7.63007e-08;7.48113e-06;0.998996;8.4884e-06
1.82697e-05;0.0726805;7.50198e-06;3.45537e-06;2.0605e-05;0.000121683;1.01901e-05;0.00896364;3.66886e-07;6.49108e-05;1.38769e-06;0.000279974;0.917696;0.000131514
1.5296e-10;1.05918e-10;1;1.17962e-09;2.52306e-11;1.0336e-10;9.50348e-10;6.34329e-11;9.54215e-11;4.65949e-10;1.64762e-09;3.18055e-08;3.19541e-10;2.15149e-12
9.39243e-07;0.000891334;0.0255268;0.000125107;2.97667e-05;2.92296e-05;2.99499e-06;0.00293344;9.63638e-06;3.77796e-06;0.000102958;0.970025;0.000252431;6.61421e-05
3.81465e-05;0.615386;9.84382e-06;9.15379e-05;0.00126057;0.00162823;3.11431e-05;0.372181;5.54962e-06;0.000106281;0.000469556;0.00267801;0.0057433;0.000371172
3.86768e-06;0.82165;8.54751e-06;2.35017e-05;0.00165369;0.000654755;9.62864e-07;0.06238;5.02963e-08;7.4399e-06;0.000174224;0.0834917;0.0281332;0.00181785
7.01463e-07;0.341318;1.22723e-06;4.28769e-07;7.41158e-07;7.44195e-05;6.44653e-05;0.000298992;7.87517e-08;2.69045e-06;1.45007e-06;2.38436e-07;0.658237;3.02179e-07
6.42701e-10;1.33067e-09;0.999998;9.74249e-10;9.2887e-11;7.56457e-10;5.29615e-11;2.04431e-09;1.02543e-10;1.07505e-10;2.60192e-11;1.94371e-06;1.78416e-08;1.12302e-11
3.72813e-07;0.00465708;2.68804e-06;4.39273e-05;2.76863e-05;3.81501e-05;9.75255e-08;0.000222399;2.85697e-05;2.86513e-07;1.10767e-05;0.9934;0.00154441;2.33333e-05
2.42602e-08;0.9834;1.56624e-10;2.65065e-08;1.99224e-09;4.45035e-07;9.27848e-08;2.9683e-07;3.60554e-09;9.93069e-09;1.31416e-07;1.80715e-05;0.0165811;1.43434e-09
1.09777e-06;0.0607033;3.31117e-07;2.95059e-05;0.00150373;0.00396226;1.25697e-08;0.000467975;1.29665e-08;6.13887e-07;4.18724e-06;0.923101;0.00884308;0.00138246
1.01722e-05;0.491251;3.19225e-05;1.08389e-05;0.00398228;0.00425727;2.58891e-07;0.00511263;3.23777e-07;1.75262e-06;3.89711e-06;0.00469923;0.490254;0.000384285
8.30444e-06;0.390586;3.88119e-09;1.04716e-05;6.83714e-06;4.77599e-05;4.90911e-07;0.0512184;4.39099e-05;1.2052e-06;6.74647e-06;0.000249592;0.557818;2.46143e-06
4.20841e-06;0.86848;0.130008;5.04494e-05;0.000118964;2.22383e-07;4.79043e-08;3.68162e-05;1.14255e-08;4.64234e-06;3.21922e-09;0.00129014;1.37385e-07;6.62373e-06
0.000120655;0.638623;1.43733e-06;1.61185e-05;5.02102e-05;2.21136e-05;3.02879e-05;0.0151704;0.000237249;4.74622e-06;0.000125946;9.28831e-05;0.345444;6.05601e-05
0.0001404;0.775919;1.03312e-06;5.78448e-05;0.00551542;5.51253e-05;2.68585e-06;0.0449583;5.77083e-05;8.88243e-06;1.01732e-05;0.0882052;0.00263558;0.0824329
3.71635e-05;0.759005;5.94121e-05;1.50984e-05;0.000132312;8.02311e-05;4.95666e-08;0.145784;1.83933e-06;5.67988e-08;1.29131e-06;0.090975;0.00237498;0.00153387
3.41527e-07;0.919457;1.57957e-08;1.3099e-08;5.84727e-08;9.8664e-08;0.000253936;2.71808e-07;1.50318e-09;0.000138638;4.08235e-10;1.61418e-10;3.07566e-09;0.0801496
6.63146e-10;1.79845e-10;1;1.38661e-09;9.93764e-10;7.76037e-09;6.4641e-10;4.81179e-10;1.55137e-10;6.75913e-10;2.6153e-11;4.58923e-07;1.1395e-09;8.92688e-10
1.21557e-06;0.000218077;1.1592e-08;2.32251e-06;4.89303e-06;1.68771e-05;9.80668e-08;0.0024316;8.81419e-06;2.44281e-08;1.18033e-05;1.60646e-05;0.997287;1.56544e-06
0.00054956;0.0615817;0.000255916;7.92098e-05;0.000400674;0.000512429;0.00221515;0.0432296;0.000268904;0.000790373;0.000190804;0.00082103;0.887715;0.00138954
2.0523e-10;8.99808e-10;1;1.56876e-09;1.95313e-11;5.06303e-11;8.21546e-10;2.87849e-11;2.53412e-10;1.10125e-10;1.06389e-09;4.03848e-09;1.80065e-10;5.10474e-12
2.9408e-07;0.001836;0.00426116;1.51856e-05;1.17822e-05;5.3518e-06;9.25851e-08;0.00332309;3.10712e-06;9.74364e-08;4.35146e-06;0.990472;2.00168e-05;4.7821e-05
8.35279e-06;0.990862;0.000124344;2.10929e-05;2.81778e-05;0.000171889;5.38287e-06;0.000403219;3.53952e-06;2.0737e-05;4.61972e-05;0.000295899;0.00781196;0.000196655
2.64766e-07;0.998107;6.877e-08;5.55934e-08;6.73207e-06;4.52929e-07;1.18616e-07;0.000104594;6.71609e-11;2.45004e-06;1.55933e-08;4.0562e-05;6.84096e-08;0.00173805
3.60505e-13;1.96902e-14;1;5.10431e-13;6.21794e-10;1.97909e-12;8.95549e-13;1.56064e-10;8.29177e-15;3.2099e-13;2.72152e-14;1.32811e-10;8.88195e-14;4.90978e-14
5.49019e-08;4.79977e-06;5.1849e-07;1.3976e-08;0.000145685;1.00489e-05;1.97528e-10;0.999142;1.28672e-08;7.26354e-10;9.65138e-09;6.21499e-05;0.000634185;1.20403e-07
2.76197e-09;0.999871;5.45406e-11;5.56802e-10;1.11515e-08;1.14433e-09;2.07324e-08;2.86754e-06;2.95919e-11;4.3027e-09;6.14438e-11;1.32682e-09;8.81775e-07;0.000124935
8.72514e-06;0.0745786;4.24043e-05;2.8243e-05;0.000202408;0.000109259;0.000139691;0.406984;1.84587e-05;5.57357e-06;9.92683e-06;9.96031e-05;0.517769;4.167e-06
5.2301e-06;0.870133;7.49141e-07;2.46436e-06;5.20548e-06;7.29364e-07;4.17874e-08;0.0106174;1.03737e-08;2.75851e-07;2.05793e-07;4.06997e-05;0.119184;9.67712e-06
1.91176e-08;0.998492;1.28131e-09;1.23086e-09;2.33096e-10;4.79847e-11;0.00150419;1.32152e-07;1.88346e-09;1.39133e-06;7.35348e-10;1.84817e-08;1.58918e-08;2.05793e-06
1.15654e-11;4.15708e-13;1;1.07828e-09;3.98535e-11;5.65521e-12;1.07134e-09;5.19901e-12;5.47763e-11;4.92991e-11;2.12636e-09;4.36967e-08;4.9953e-13;4.18252e-13
2.90024e-06;0.987488;2.35113e-06;0.000124135;7.9132e-07;1.37163e-05;3.79404e-06;0.000323624;5.50532e-07;1.19441e-05;0.00026886;1.61378e-08;0.011757;2.59257e-06
1.43993e-07;0.000212946;0.000766502;8.39657e-07;4.79449e-07;2.58268e-09;1.26025e-08;4.57023e-08;1.12966e-08;8.59885e-09;7.65496e-07;0.999015;9.48182e-09;3.12037e-06
0.000515231;0.561269;7.70534e-05;7.83359e-05;0.000368991;0.0114452;0.00167512;0.247903;0.00110814;3.62193e-05;0.0522777;4.59675e-05;0.123197;2.3207e-06
1.15497e-06;0.00300305;5.09128e-10;2.47227e-07;3.1314e-06;1.34827e-05;2.96096e-08;0.0216781;1.90988e-07;1.08002e-08;6.90691e-06;0.000576241;0.974715;2.64586e-06
0.00232422;0.448274;7.09574e-05;0.00040409;0.00317095;0.00117663;0.000924593;0.0147671;0.000275435;0.00440182;0.000294363;0.0077829;0.515313;0.000820238
1.50262e-06;1.73032e-08;0.999964;4.85675e-07;2.57605e-09;7.84368e-09;1.15671e-06;4.09213e-08;1.8997e-05;4.69081e-08;1.35344e-05;2.82589e-07;3.0726e-08;1.98589e-09
3.8915e-07;0.000109343;0.00033133;7.65413e-07;1.8722e-06;9.15097e-07;1.89245e-07;1.51789e-05;2.87375e-07;2.87409e-07;9.79302e-07;5.49289e-05;7.77768e-06;0.999476
4.11855e-08;5.70328e-06;5.8072e-11;6.04332e-08;0.00039439;6.42634e-07;4.63136e-08;0.999595;2.78717e-06;1.68418e-09;1.47113e-07;1.85601e-07;3.95139e-08;7.33308e-07
8.64311e-10;1.44197e-06;0.999997;1.19312e-08;3.67708e-07;1.33375e-08;6.78342e-12;4.12104e-09;9.97839e-14;2.77663e-11;1.11345e-10;1.09482e-06;1.83431e-09;2.15165e-09
4.32864e-09;0.00227343;1.81759e-10;1.62953e-10;4.04226e-09;1.76331e-09;4.10978e-10;1.06855e-06;1.42416e-11;4.56453e-12;1.87378e-10;1.67578e-10;0.997725;3.61462e-08
5.76501e-10;2.12301e-05;6.39402e-08;1.32146e-07;1.10155e-06;4.97499e-07;2.74835e-13;1.15093e-06;9.55239e-09;7.23567e-11;7.45017e-10;0.99996;1.45896e-06;1.46954e-05
1.00315e-06;0.0287457;1.50141e-09;1.42149e-05;5.15582e-06;7.23031e-07;8.95813e-07;8.6968e-06;9.32426e-06;1.50393e-08;2.78852e-05;5.06295e-05;0.971135;5.12259e-07
9.26423e-06;0.000838792;1.33741e-07;1.15539e-06;9.44906e-07;1.1074e-06;1.86496e-09;1.05745e-05;5.2983e-07;1.84038e-08;2.57324e-07;0.996099;0.00302943;8.82409e-06
9.22816e-07;0.00235496;1.86276e-09;1.57619e-06;8.60585e-07;5.47073e-05;1.13292e-08;5.07067e-06;8.18422e-07;3.69936e-08;4.4971e-07;2.98289e-07;0.99758;4.34765e-07
9.48067e-05;0.012529;0.975044;9.01925e-05;5.63297e-06;2.32868e-06;2.41918e-08;0.000196942;4.82965e-08;8.67761e-07;1.51051e-07;0.0119506;5.1204e-05;3.36079e-05
0.00329002;0.352161;0.0143022;0.000617505;0.00394956;0.00197923;5.86716e-05;0.0790814;0.000343439;0.000178026;0.000957484;0.0465673;0.49273;0.00378438
2.72641e-07;0.000105326;1.72306e-08;7.2308e-07;9.73772e-07;0.00403128;2.91932e-06;3.07892e-06;1.31231e-05;2.21879e-06;1.32488e-05;2.47044e-07;0.995824;2.52921e-06
8.19963e-07;5.20649e-06;0.999984;4.60956e-07;1.3179e-07;2.80042e-08;1.22843e-07;5.22469e-08;1.74052e-07;1.68831e-06;4.12168e-08;6.8929e-06;5.90897e-08;2.43199e-07
7.81707e-06;0.993188;6.3578e-06;3.15755e-05;7.4166e-06;2.55686e-06;4.50297e-06;0.00306519;0.000898397;1.50837e-06;0.000110994;1.03499e-05;0.00264311;2.21586e-05
