9.30078e-07;0.986602;8.73253e-10;9.6002e-09;1.10401e-09;1.93093e-09;1.26687e-06;2.38248e-06;1.23932e-07;7.01163e-09;3.30984e-07;6.75708e-05;0.0133249;6.12607e-10
6.34156e-06;0.992305;1.17951e-06;1.84665e-05;7.43941e-05;6.48934e-05;4.29422e-05;0.00349728;8.85313e-05;1.68933e-06;5.10533e-06;0.00276791;0.000958931;0.000167534
9.79992e-05;0.140562;4.66461e-06;0.00090782;0.00346873;0.00289563;2.00713e-05;0.722243;7.91401e-05;4.796e-05;0.000303705;0.00128673;0.0044771;0.123605
0.000182755;0.969903;2.168e-08;0.000116763;5.93522e-07;3.16261e-07;3.30245e-06;0.00401028;3.81508e-05;3.14285e-07;0.000788787;0.0012161;0.0237069;3.32741e-05
3.19359e-07;0.998599;1.48418e-10;4.19051e-08;2.38609e-06;7.17811e-10;4.07104e-10;0.00135813;3.01046e-08;4.14977e-09;1.03789e-08;5.68023e-07;6.73347e-06;3.28211e-05
1.45068e-05;0.0209189;0.000127585;0.00294076;0.11898;0.0199195;6.55107e-08;0.000459911;9.24411e-08;0.000115837;8.68973e-06;0.698124;0.00910665;0.129284
0.000849833;0.00205655;0.00537439;0.00020169;1.30362e-06;4.47182e-05;0.00113077;0.0052514;0.000708232;5.18345e-06;0.533889;0.00441367;0.446073;2.47547e-07
1.22799e-05;0.729443;5.03085e-07;5.30884e-05;0.000430613;0.000133222;7.86432e-06;0.00656534;2.00433e-05;2.30904e-06;0.000600631;6.44589e-06;0.262572;0.000152231
0.000682813;0.0240044;0.00030658;0.000744665;0.0755728;0.00115181;1.50716e-05;0.0140412;0.000535171;0.000162976;0.00371026;0.738446;0.131238;0.00938806
0.000709394;0.408924;6.06286e-09;3.31874e-05;6.28403e-05;4.98236e-06;0.553758;0.00380262;0.00111065;0.0299898;0.00110432;2.32428e-08;0.000156331;0.000344355
2.35507e-09;4.16697e-09;1;6.74927e-10;7.06406e-12;3.79691e-11;1.62878e-09;3.23806e-11;5.44999e-09;1.47668e-10;2.11378e-09;3.12952e-09;1.52594e-10;5.64228e-12
1.06935e-05;0.94811;3.14969e-08;1.54847e-07;5.5169e-09;2.68089e-08;1.51759e-05;3.0244e-06;0.000196252;4.50193e-08;0.000415321;0.00352926;0.0477197;2.63812e-09
3.14384e-05;0.0209974;0.000710626;2.70698e-05;0.000199;0.000464097;3.61802e-06;0.000710979;3.73928e-05;1.01833e-05;4.02966e-05;0.965015;0.00528263;0.00647052
0.000258682;0.943236;1.42124e-07;8.6816e-06;0.00019103;6.445e-05;4.1621e-05;0.0344922;0.000152988;4.21748e-06;0.000101785;0.00121659;0.0162629;0.00396913
0.000426989;0.133401;0.000546075;0.00131842;0.00728339;0.000998661;1.53766e-06;0.531591;8.77414e-05;4.72775e-05;5.21775e-05;0.220436;0.0857138;0.0180966
1.03479e-07;0.999888;8.22344e-11;6.2267e-08;1.97465e-10;2.0482e-10;3.97372e-07;4.58232e-07;2.8165e-07;7.38069e-08;9.77576e-08;4.56811e-07;1.17107e-06;0.000108542
0.00011782;0.743108;1.22011e-07;5.15996e-06;4.28652e-07;2.98212e-06;0.0807401;0.0856712;0.00430975;3.26267e-05;0.00158819;5.94112e-09;0.0844232;1.54016e-07
4.28211e-09;1.21225e-08;1;1.03252e-08;2.0165e-11;4.17342e-11;3.37284e-08;3.80572e-10;2.40423e-08;5.86676e-10;2.89157e-08;7.36438e-08;1.79691e-09;9.97472e-13
3.44173e-06;0.00132717;0.973189;5.02474e-06;7.95917e-06;2.52853e-07;8.31375e-08;0.00136543;1.58254e-06;1.45389e-07;6.35884e-08;0.0240953;1.14983e-07;4.32906e-06
5.61554e-05;0.00333098;8.05847e-08;0.000127221;0.325123;0.214947;1.2248e-08;0.00294655;7.87584e-05;4.53112e-06;1.99754e-05;0.0137908;0.00561287;0.433962
1.55239e-05;0.00235068;3.21568e-08;1.09166e-05;0.000122769;0.00120674;1.14786e-07;8.57828e-05;4.04011e-06;9.39728e-07;1.68296e-06;1.21521e-05;0.996179;9.83076e-06
3.04106e-07;2.80382e-05;0.999968;2.09423e-07;7.6586e-07;8.04141e-09;4.38344e-12;1.27688e-06;4.06459e-09;1.0994e-09;1.67938e-11;1.40235e-06;6.69925e-08;1.61363e-09
0.000109311;0.00593289;4.45586e-06;3.09493e-06;2.85428e-06;6.01539e-07;4.80918e-08;0.990238;0.00149468;7.88727e-07;5.38348e-06;4.03537e-05;0.00216772;9.90875e-08
