6.16085e-06;0.999886;6.56358e-05;5.71845e-06;9.00604e-07;9.28704e-09;3.0985e-08;1.4425e-05;3.29122e-08;1.03961e-07;4.47864e-08;1.61254e-06;1.6256e-05;3.32871e-06
2.27157e-07;0.999829;8.17704e-11;3.90632e-08;5.41847e-08;6.69152e-09;2.34846e-07;8.33468e-05;1.23696e-08;3.91966e-07;4.29736e-09;1.87758e-10;2.99593e-08;8.67926e-05
2.38468e-11;2.71929e-12;0.999999;4.58111e-11;5.43294e-11;1.5102e-12;6.64275e-11;3.47064e-11;3.64469e-11;2.58992e-11;2.84002e-11;6.22305e-07;6.2046e-14;4.55762e-11
2.38046e-05;0.774072;1.99389e-07;6.18523e-07;6.49744e-05;1.70287e-05;2.14868e-05;0.0397932;0.000137398;1.26793e-06;4.03263e-05;2.67289e-05;0.185719;8.25518e-05
2.31372e-05;0.0277347;2.78449e-05;2.27229e-05;0.000427663;7.49663e-05;1.79662e-06;0.23469;0.000206324;2.11554e-06;0.000134502;0.733383;0.00272818;0.000542717
6.44989e-05;0.213577;9.64811e-05;2.34945e-05;5.7224e-05;0.000125442;3.53602e-06;0.005911;8.42279e-06;2.6344e-06;0.000177111;0.0145806;0.765348;2.4934e-05
0.000151853;0.276579;4.16297e-06;0.000121222;1.40598e-06;1.45211e-06;1.73171e-05;0.0308728;0.00126721;8.74983e-06;0.000284404;0.357379;0.333262;4.98526e-05
4.93438e-06;0.941283;2.78761e-05;1.1203e-05;1.9677e-05;4.13778e-07;5.97575e-08;0.0135731;1.46482e-06;2.42862e-06;6.60674e-07;0.00453707;0.040465;7.35664e-05
2.76835e-05;0.747872;4.10833e-07;0.000179232;0.000724647;0.000470031;6.79184e-05;0.0197506;1.63589e-05;6.00542e-05;0.000237931;0.172407;0.0526326;0.00555302
1.94397e-05;0.592863;6.31529e-07;0.000200606;3.53783e-05;9.04714e-06;7.27239e-05;0.000436514;1.13775e-06;7.58641e-06;8.04441e-05;0.00400997;0.400268;0.00199639
8.7772e-06;0.000679054;8.16545e-09;5.3491e-05;0.00900566;4.49561e-05;1.71382e-07;0.989492;8.25666e-07;5.7761e-06;1.62124e-07;1.54257e-07;4.3325e-05;0.000665501
1.5025e-07;3.83608e-06;0.999942;9.45443e-08;2.26332e-06;3.69333e-06;8.91648e-10;9.37709e-07;2.0876e-09;4.27739e-09;6.38294e-10;4.59223e-05;1.25591e-07;9.91213e-07
6.11831e-06;0.144847;6.55102e-07;5.46387e-07;0.000130112;0.000309815;3.61813e-05;2.29368e-05;7.34658e-07;1.89928e-05;1.06576e-07;2.144e-09;9.80662e-05;0.854528
8.42003e-11;1.47663e-13;1;8.89098e-13;4.91739e-12;5.09092e-13;4.01788e-12;3.10206e-12;2.98837e-12;6.11834e-13;9.62713e-14;3.87162e-07;3.77247e-13;1.10614e-12
0.000556491;0.074819;2.31825e-06;0.00134262;0.000655028;0.000346634;0.000346063;0.382151;0.503186;1.69734e-05;0.0041726;0.00353474;0.028805;6.57792e-05
6.66682e-06;0.99962;6.27694e-05;1.05935e-05;8.22545e-06;7.92914e-08;8.0607e-09;8.28515e-05;1.61202e-08;3.95237e-07;1.76629e-09;8.14224e-06;5.65837e-05;0.000143293
1.0867e-07;0.999947;7.87032e-11;5.65396e-08;1.06792e-08;4.02688e-10;4.27229e-06;1.40803e-05;1.93023e-09;1.68848e-06;1.68212e-09;9.99094e-10;1.01389e-08;3.23501e-05
2.66499e-11;4.2519e-13;0.999999;3.5244e-10;5.79825e-11;8.65626e-12;3.08917e-10;7.84452e-12;1.75387e-10;6.24926e-11;1.35535e-10;6.11542e-07;4.79093e-13;4.50339e-12
3.96036e-05;0.630607;1.27278e-08;5.21232e-06;2.92423e-05;7.13693e-06;2.00268e-05;0.000749868;0.000252702;7.76878e-07;0.000521367;1.99834e-05;0.367697;4.91804e-05
0.000101899;0.602956;7.55703e-05;1.50748e-05;0.000102376;1.37255e-05;1.28218e-05;0.00248935;3.73271e-05;2.01621e-05;4.79197e-05;0.22048;0.173188;0.000459794
0.000245875;0.109273;8.91517e-06;0.0101093;0.183076;0.0147198;1.10394e-05;0.0322914;0.00258748;0.000146607;0.0010197;0.550596;0.0106023;0.0853129
6.77497e-05;9.65612e-05;1.12514e-08;3.99983e-06;0.000372778;8.68194e-08;7.40507e-08;0.998972;1.26917e-05;4.1546e-07;6.36759e-06;0.000303717;1.96232e-05;0.000143565
0.000200978;0.017898;0.964359;0.000579506;0.000682488;0.00296455;0.000203044;0.00108881;4.0416e-06;0.00460107;3.00521e-05;4.02497e-06;0.00127809;0.00610609
1.28679e-08;1.13027e-10;1;3.74995e-10;1.19918e-11;1.37041e-11;5.39456e-09;2.8917e-10;2.67474e-08;4.79261e-11;7.17889e-08;2.1321e-07;9.10374e-11;6.08311e-12
1.48103e-07;5.26073e-05;1.47219e-05;2.44083e-07;5.39537e-07;1.94971e-07;2.08594e-08;0.000165385;2.75296e-05;6.71525e-09;1.28001e-05;0.999722;3.3309e-06;4.48303e-07
1.38081e-07;0.995994;5.62335e-10;4.43619e-10;3.38491e-09;8.99652e-07;1.79491e-08;8.13286e-08;6.52754e-09;9.13738e-10;3.26117e-08;3.02564e-07;0.00400402;5.51383e-08
1.48065e-08;6.94488e-06;1.88941e-05;2.01226e-08;1.88387e-05;6.67911e-06;3.45681e-11;1.24298e-05;1.06797e-08;4.86541e-10;1.28103e-08;0.999924;1.00354e-05;2.59065e-06
3.47463e-06;0.0623131;3.08908e-07;1.19285e-06;4.93304e-06;8.46712e-05;4.9659e-08;0.934609;4.11558e-05;8.12273e-09;3.00228e-07;8.50973e-07;0.00294016;1.20828e-06
7.50164e-06;0.737843;2.05228e-07;2.38967e-07;1.67203e-06;3.75041e-06;3.27726e-09;0.162701;3.79277e-08;4.7185e-08;5.19161e-10;2.46306e-05;0.0994164;1.06463e-06
3.86545e-06;0.00917218;0.000885795;1.46104e-05;0.00058817;9.89834e-06;4.11098e-08;0.00085828;2.50698e-07;5.94746e-06;8.23618e-07;0.988105;5.21846e-05;0.000303303
1.80943e-06;0.0318229;4.70017e-07;1.75725e-05;4.33593e-08;5.00195e-07;0.833107;7.82841e-06;3.76801e-05;0.134976;1.89447e-05;3.43809e-08;4.10097e-07;9.10335e-06
4.947e-09;4.74549e-10;0.999995;2.49607e-07;5.74651e-10;2.17985e-09;3.01961e-06;2.79797e-11;6.02854e-07;2.26976e-08;1.0873e-06;9.7577e-10;4.17904e-11;6.93495e-11
6.94591e-06;1.60579e-05;8.14176e-09;8.71269e-09;1.32075e-07;3.95681e-09;2.64475e-06;0.999953;1.95234e-05;2.0363e-08;5.80994e-07;8.45526e-08;8.71301e-07;1.18141e-08
9.58774e-07;0.00275907;3.69003e-07;7.42146e-06;0.000762558;0.00023816;6.95219e-06;0.000174437;7.56146e-06;1.15879e-05;3.27159e-06;1.81648e-06;0.000198032;0.995828
2.09806e-08;4.67259e-08;0.999999;2.07824e-08;7.10898e-10;3.04792e-10;5.25857e-08;1.04425e-09;1.26876e-07;1.3785e-09;7.35206e-08;2.30495e-07;1.48832e-07;6.20641e-11
2.46586e-07;0.000205475;0.998874;1.21979e-06;2.69382e-06;6.2794e-08;2.41933e-08;0.000702792;6.82703e-07;5.22305e-09;4.86876e-08;0.000199556;1.11373e-06;1.1848e-05
2.52934e-09;1.77703e-05;4.6597e-06;1.04923e-07;3.02615e-05;0.000409472;9.2229e-11;3.89777e-06;4.8519e-09;5.70142e-08;2.89126e-10;6.73301e-07;6.9298e-08;0.999533
8.98082e-06;0.993204;1.05596e-06;2.32514e-06;2.65352e-06;4.36994e-06;2.27388e-07;0.00132187;1.19483e-07;3.85284e-08;6.68043e-06;0.000139288;0.00529087;1.75831e-05
5.26587e-09;0.999965;7.48384e-12;1.80172e-09;2.48612e-10;1.20997e-09;3.3141e-08;1.16401e-07;1.27329e-11;6.62547e-08;1.83306e-11;2.83726e-10;4.23815e-09;3.43999e-05
1.23584e-10;8.22743e-11;1;2.55712e-09;3.89221e-09;1.88911e-11;3.94428e-10;2.26236e-09;8.06241e-12;7.39804e-10;1.18967e-10;1.49797e-08;2.46412e-12;1.34361e-11
7.1024e-07;0.01651;0.000254806;7.57251e-05;2.46071e-05;7.94935e-05;4.01773e-07;2.64427e-05;2.62173e-08;5.98946e-07;3.15091e-06;1.83877e-05;0.983004;1.75787e-06
2.22039e-05;0.0357159;0.000765651;0.000324153;0.000134954;0.000234083;4.25218e-05;0.770031;8.40265e-05;8.78045e-06;0.00130415;0.127258;0.0640378;3.67048e-05
3.09049e-08;2.56001e-05;1.26398e-06;2.18373e-05;0.00676053;0.982641;1.47274e-08;0.00912746;8.25742e-09;2.29154e-06;1.72249e-07;1.4475e-05;0.000507974;0.000897017
1.58913e-05;0.00303215;1.94611e-06;2.3625e-05;4.18055e-08;4.01611e-06;1.03723e-06;5.35865e-06;2.21047e-06;1.39929e-07;0.00012724;0.000261612;0.996523;2.06499e-06
0.000493676;0.801502;2.04961e-05;0.0114036;0.00172405;0.00530304;8.46745e-07;0.0166987;0.000610192;2.65529e-05;0.0037659;0.0905269;0.0184989;0.0494248
1.30494e-05;0.45091;3.52542e-09;8.07951e-07;7.98776e-07;2.10428e-06;1.34222e-08;0.00101329;6.68095e-08;5.81914e-08;2.47173e-06;0.000123495;0.547768;0.000165654
7.55297e-06;0.178034;8.38571e-05;2.18079e-07;0.00105133;3.55356e-07;4.117e-08;0.00296637;1.33424e-08;5.67421e-07;1.20222e-07;0.790959;8.91961e-05;0.0268083
1.25591e-05;0.845911;5.16545e-08;5.07615e-06;0.000368267;2.66696e-05;0.00045556;0.145478;1.83565e-05;7.09691e-05;2.63906e-05;5.06033e-08;0.0075142;0.000112261
1.58494e-07;3.49659e-10;0.999998;7.58766e-08;2.42738e-10;2.57341e-10;1.72866e-07;8.264e-08;2.51502e-07;6.75558e-09;4.10649e-07;1.11082e-06;4.91787e-10;2.24626e-11
0.000671549;0.00921793;0.00126377;0.00674909;6.71368e-06;4.75453e-05;0.000376297;0.0153;0.683154;9.8838e-06;0.127231;0.155023;0.000941527;7.05881e-06
3.34605e-05;0.987084;1.30477e-08;1.92493e-05;1.79578e-06;0.000178278;2.85408e-06;0.00167986;7.28663e-05;3.34949e-06;0.000248701;0.000365519;0.0102307;7.93405e-05
4.19228e-08;0.000550829;1.16323e-09;1.92032e-08;1.39766e-07;1.56025e-05;2.04251e-10;2.61707e-06;4.01044e-10;2.30347e-09;1.0039e-08;2.5178e-06;0.999417;1.10791e-05
6.22088e-07;5.65091e-06;0.999535;3.87495e-06;0.000164081;6.10016e-06;2.93152e-09;3.57322e-06;7.00068e-09;6.26755e-07;6.43204e-09;0.00019625;1.07687e-06;8.35278e-05
0.000421231;0.00688965;0.000214706;0.000716769;2.71118e-06;6.28415e-05;0.000753366;0.0145162;0.787435;4.24824e-05;0.154957;0.00021938;0.0337681;5.68185e-07
