1.81479e-06;0.999898;7.69231e-07;1.47053e-06;1.47801e-07;1.51942e-09;2.6472e-08;7.492e-06;1.31666e-08;7.04066e-08;2.63489e-08;4.47095e-06;8.59048e-05;1.78591e-07
6.97376e-07;0.999923;6.85856e-09;1.03407e-08;6.40274e-10;1.33444e-09;4.16682e-05;3.54976e-06;4.95505e-09;1.07562e-05;5.17049e-09;1.40038e-08;2.24762e-07;2.00267e-05
1.01267e-10;1.8506e-11;0.999998;3.29311e-10;9.0329e-11;3.31449e-11;1.85357e-10;4.62115e-13;2.45914e-10;1.41813e-10;4.14186e-10;2.32992e-06;3.74293e-14;2.65162e-11
3.14347e-08;0.998794;1.55418e-12;7.49835e-10;3.58553e-10;4.03808e-12;0.00119298;1.73973e-07;1.61698e-09;3.75642e-06;4.91811e-09;2.22769e-13;2.10658e-07;8.61765e-06
6.8191e-11;1.00964e-11;1;3.90283e-10;4.9117e-10;1.96799e-10;1.38413e-09;1.82307e-12;2.96463e-11;6.06432e-10;2.88053e-11;1.35574e-07;3.58269e-11;9.19164e-11
1.17869e-07;0.985153;5.93057e-09;1.77142e-07;1.26723e-07;7.84488e-07;7.37972e-05;0.000229975;1.95671e-07;8.86318e-08;1.47387e-07;5.98247e-10;0.0145081;3.31659e-05
1.63097e-10;1.2485e-10;1;1.95477e-09;1.28172e-10;1.57628e-10;1.69145e-09;2.04979e-12;1.92631e-10;1.23584e-09;4.10482e-10;6.37627e-08;4.17208e-10;1.01384e-11
2.23113e-08;6.85281e-07;0.998019;1.28641e-05;7.9599e-05;1.5074e-05;1.59115e-08;0.00176601;5.20128e-07;5.8708e-08;1.95535e-07;7.39164e-05;4.2499e-07;3.13535e-05
1.76504e-08;3.72533e-05;1.09098e-06;1.76771e-06;8.28459e-06;0.00917604;1.49667e-09;6.87927e-05;7.12571e-09;6.74705e-07;3.05587e-08;2.75584e-06;3.30398e-06;0.9907
3.35456e-06;0.00378754;8.47963e-06;2.85236e-06;1.84976e-06;2.2052e-06;3.01602e-07;0.000528558;1.27675e-07;7.41637e-08;8.31852e-05;0.000720069;0.99486;1.08045e-06
1.7598e-06;0.498798;3.60391e-09;7.98058e-06;0.000676809;1.60974e-06;3.50381e-08;0.500282;1.52332e-06;2.13418e-07;5.14262e-07;0.000213839;9.58542e-06;5.66942e-06
8.22666e-06;0.27494;0.00578889;0.000115517;0.00573375;0.00358954;1.99382e-08;5.10083e-05;2.40081e-09;1.17872e-05;7.33945e-07;0.0984563;0.611269;3.58185e-05
0.000875056;0.0192145;3.2384e-05;5.2454e-05;7.84315e-05;1.98457e-05;0.00023469;0.966512;0.00133219;2.89145e-06;0.00148399;0.00611412;0.00392623;0.000120921
0.00056965;0.0418018;0.000774002;0.0238153;0.126879;0.335312;3.59029e-06;0.315529;0.000164791;6.80596e-05;2.39763e-05;0.0238352;0.0201459;0.111078
0.000570696;0.990511;2.13076e-07;0.000131221;3.94022e-06;7.67801e-05;3.9401e-06;0.000231403;0.000147265;1.28878e-06;3.79732e-05;0.000118404;0.00781904;0.00034735
0.000852108;0.131197;0.0749478;5.76389e-05;0.000127316;7.56898e-07;4.85409e-08;5.19682e-05;9.88165e-07;4.23608e-06;1.00304e-06;0.789796;0.00083422;0.00212932
0.000298067;0.72142;3.02627e-08;1.1089e-06;1.78945e-06;2.11956e-07;0.274477;0.00100731;0.000273653;0.00235412;5.2661e-05;7.6227e-10;2.53609e-05;8.88743e-05
4.57364e-11;1.19005e-12;1;1.16446e-10;4.49724e-11;3.64262e-11;5.02193e-11;6.83856e-14;1.70044e-10;2.8587e-11;3.49723e-10;2.07774e-09;2.65066e-13;1.87655e-11
5.9312e-06;0.991818;4.88035e-09;9.62366e-08;7.67981e-07;1.92307e-07;7.33591e-06;0.0038325;0.000419267;5.4159e-07;2.54625e-05;6.56077e-06;0.00388132;1.9878e-06
1.15982e-06;0.00824866;1.32372e-06;5.96563e-08;2.13755e-06;1.33315e-07;1.62419e-07;0.000986671;4.50824e-06;4.5132e-07;1.25062e-05;0.990655;8.62478e-05;8.45648e-07
0.000101903;0.914487;4.79086e-07;0.000173717;0.00421546;0.000315218;0.00273505;0.000718913;0.00614862;0.000346965;0.00659518;0.0233952;0.0347575;0.00600889
1.00228e-06;7.51642e-07;2.01104e-10;2.76978e-11;3.73416e-10;1.97281e-12;2.12184e-10;0.999997;7.87905e-07;3.8825e-11;1.25835e-10;4.74262e-11;6.73048e-08;4.83754e-11
5.82369e-06;0.00266492;1.20621e-05;6.73236e-06;3.33359e-05;1.7951e-06;7.92963e-08;0.000176719;1.35661e-05;5.37177e-07;8.71203e-08;0.996931;0.000130957;2.25837e-05
0.000173071;0.992304;2.17301e-06;1.98975e-06;4.10583e-07;8.88446e-08;3.47095e-07;0.001947;7.0765e-06;4.96287e-08;2.26943e-05;0.00137458;0.00406362;0.000103135
2.08867e-07;0.983402;1.17995e-10;4.38627e-09;1.78942e-09;6.16755e-09;0.000589259;2.6414e-07;3.87348e-08;2.89556e-05;2.66997e-09;3.45107e-10;8.90788e-08;0.0159796
6.99756e-12;4.0801e-13;1;6.31093e-11;9.8375e-12;6.89486e-11;1.17358e-10;7.45145e-12;5.47559e-12;1.70191e-11;1.14396e-11;2.54447e-08;2.00536e-13;7.57378e-12
2.10435e-05;0.017695;3.23252e-08;0.000156372;0.000178416;0.000972425;4.80456e-06;0.30344;0.000408877;1.61195e-06;0.00181771;3.30882e-05;0.674362;0.000907857
5.73338e-05;0.00178938;7.02536e-06;3.26739e-05;1.36091e-05;2.4105e-06;1.54412e-06;0.00100619;5.29395e-05;7.33171e-07;0.000381575;0.994215;0.00241776;2.18868e-05
3.85717e-07;0.999872;9.0057e-07;1.77118e-08;2.20113e-09;3.72356e-09;3.6604e-07;4.06631e-06;1.70967e-08;6.02992e-08;2.38092e-07;1.31369e-05;0.000108285;5.78626e-07
6.72914e-08;0.000218612;2.93753e-08;6.26183e-06;7.84491e-06;3.60484e-07;3.02016e-05;6.50613e-06;8.62978e-08;0.000940172;7.22536e-07;2.08655e-05;5.70669e-10;0.998768
1.3316e-05;0.00013525;0.99748;1.86746e-05;3.14654e-07;5.31427e-08;2.24448e-05;0.00228427;5.07616e-06;6.70132e-07;3.77794e-05;4.88395e-07;1.57437e-06;1.67124e-08
9.77745e-06;0.0298631;0.000900384;2.33029e-05;4.52779e-06;9.40232e-06;5.2899e-07;4.64894e-06;1.79966e-06;3.68902e-07;9.04951e-05;1.84618e-05;0.969073;4.8046e-07
5.74294e-06;0.975113;2.61685e-08;6.0192e-08;3.15809e-05;8.98874e-08;2.97016e-07;0.0033547;1.1086e-05;7.09495e-08;7.85844e-06;0.0196765;0.0017965;2.45927e-06
0.000166186;0.0501001;0.0204638;1.81715e-05;0.857281;0.001376;1.19922e-05;0.000892404;4.68016e-07;6.59182e-05;1.16472e-06;0.00133993;0.0556109;0.0126719
0.000838163;0.372738;2.6401e-05;1.87374e-05;0.000144346;2.62881e-05;0.000299336;0.218725;0.0044351;5.77374e-07;0.00049648;0.00144751;0.39808;0.00272353
1.26267e-05;0.935838;2.72241e-05;5.99767e-06;7.87055e-05;7.34522e-05;4.37295e-08;0.0619728;9.41169e-07;1.38235e-06;1.94589e-07;0.000629558;0.00112694;0.00023194
3.77988e-07;0.000577433;2.88072e-10;2.44836e-07;6.77302e-08;6.06545e-08;9.46135e-09;0.00996996;3.52441e-07;3.75945e-09;3.13273e-06;7.3575e-07;0.989447;1.62665e-07
0.00046783;0.0019651;1.55196e-05;2.00963e-05;3.35341e-05;1.41496e-06;9.93004e-06;0.15869;0.000192968;5.00855e-06;0.00084491;0.805282;0.0322976;0.000174555
9.18252e-05;0.979368;1.72584e-05;7.21131e-06;1.72878e-05;4.04996e-06;0.00259921;0.00390813;6.8932e-06;0.000659737;1.21433e-05;1.09457e-05;0.000354943;0.0129424
2.37646e-09;2.21435e-09;0.999999;6.72054e-08;1.83428e-08;1.33926e-10;3.94093e-08;1.01382e-11;5.04786e-09;7.68917e-09;8.47308e-08;4.44751e-07;9.98659e-13;1.37967e-08
2.26445e-07;0.903567;1.24457e-07;5.32575e-08;1.12144e-07;1.08246e-09;1.23554e-08;2.49354e-06;1.14422e-09;5.65902e-09;2.1057e-08;4.12054e-07;0.0964291;7.26414e-08
6.88805e-07;0.081121;5.83569e-08;4.43299e-07;0.00232418;1.2286e-06;1.26411e-07;0.0574363;2.40266e-07;6.37909e-08;1.21341e-07;0.12581;0.00101697;0.732288
7.32142e-06;0.484499;3.60515e-08;2.8066e-05;0.000540491;0.0455761;7.4409e-06;0.00463627;3.78685e-06;4.00289e-06;2.60341e-06;9.46931e-07;0.463156;0.00153765
3.20405e-06;3.10031e-05;0.99405;1.41156e-06;5.43326e-06;2.31266e-06;2.43922e-08;2.34634e-07;8.9808e-09;4.29545e-07;2.71041e-09;0.00568847;4.3164e-07;0.000216942
1.1644e-05;0.989674;1.05409e-07;2.61826e-05;3.20691e-05;6.11091e-06;1.28796e-06;0.00446921;0.000246725;1.00861e-07;6.50719e-05;0.00306666;0.00135507;0.00104607
7.04396e-07;5.22642e-05;5.9366e-10;8.57901e-10;1.32031e-08;5.59019e-10;7.82954e-09;0.999943;6.8829e-07;1.65565e-09;6.35676e-09;5.75967e-08;3.37986e-06;1.44655e-09
1.39254e-07;0.00649281;6.74016e-07;4.93021e-06;0.00027024;0.000652106;3.51634e-07;0.000128367;1.20253e-07;5.55415e-06;1.03203e-07;5.83822e-06;0.000741336;0.991697
1.07463e-09;3.69107e-08;1;8.10182e-09;6.12533e-11;1.04182e-10;3.86772e-08;1.11191e-10;1.08792e-09;2.34687e-09;7.41418e-09;5.43815e-08;5.4634e-08;6.19582e-11
1.35552e-07;0.000308036;0.999071;1.54937e-05;4.03386e-06;1.21995e-06;4.95621e-07;0.00052007;1.00974e-06;6.07694e-08;2.25948e-06;3.58442e-05;2.19629e-05;1.88584e-05
3.41958e-09;0.000219744;4.89614e-05;9.22459e-07;0.000113835;4.20375e-05;5.30265e-10;1.3012e-05;3.73839e-09;2.52546e-07;7.90275e-10;8.16871e-06;1.42998e-09;0.999553
1.1559e-07;0.999394;2.99919e-06;2.46956e-07;1.14675e-06;7.49153e-07;3.89222e-09;0.000173147;4.37858e-10;2.66213e-09;1.1099e-08;0.00011064;0.000313796;3.03839e-06
2.14103e-08;0.00672941;1.48341e-10;3.70759e-08;7.66451e-06;1.30849e-05;8.94398e-10;0.99236;4.80099e-08;1.75023e-08;1.37326e-08;3.21363e-07;0.000880969;8.94662e-06
2.5176e-07;0.000653103;9.31179e-10;4.46811e-05;7.63139e-05;6.03731e-06;1.29904e-08;0.00103251;2.241e-09;7.33892e-07;1.12774e-06;1.43237e-05;0.998122;4.8571e-05
0.000359222;0.000835806;1.10372e-05;0.00833108;0.98602;0.000107795;1.19995e-06;0.000436857;5.66158e-06;8.76546e-05;0.000106261;1.20517e-05;1.19105e-05;0.00367359
0.000159644;0.832958;3.22794e-10;3.07511e-08;7.10658e-06;1.9675e-09;3.8899e-07;0.16687;2.12166e-07;8.17544e-08;1.13439e-08;1.10847e-08;2.3781e-06;2.96004e-06
1.94261e-05;3.85129e-05;0.0155419;2.21153e-05;0.0001054;1.36082e-05;5.48407e-08;1.51222e-05;1.06122e-07;1.04849e-05;4.77636e-08;0.984219;1.7425e-07;1.44217e-05
6.81011e-06;8.179e-09;2.03407e-10;1.66233e-06;1.38544e-10;5.75615e-10;1.66156e-05;9.0188e-08;0.992905;2.73634e-09;0.00706893;5.38276e-08;3.51949e-07;2.09229e-11
6.45148e-05;0.999886;3.18162e-08;1.13576e-07;2.34175e-10;2.31321e-11;1.09697e-07;1.88898e-05;9.37275e-06;1.64584e-08;8.34472e-07;1.81599e-07;1.98467e-05;1.9416e-09
9.22806e-07;0.000583277;4.13158e-08;8.002e-06;0.000166702;2.16535e-07;1.38779e-09;0.999201;9.03804e-07;6.21141e-06;5.72862e-08;2.51165e-05;3.79022e-06;3.63326e-06
3.15927e-06;4.68357e-06;0.997505;0.000857664;4.51307e-07;2.59835e-06;5.45229e-07;8.97705e-09;2.67911e-05;0.000340308;0.00123822;1.99635e-05;2.6983e-07;2.79332e-08
0.000100665;1.68602e-05;1.18704e-06;1.60761e-05;3.45259e-07;4.99932e-07;4.3787e-05;7.34355e-05;0.0123869;6.93244e-06;0.987297;2.41679e-05;3.21287e-05;1.67234e-09
