1.00426e-06;0.99997;2.36134e-06;3.9824e-06;2.43433e-07;1.62974e-08;5.69616e-08;5.78925e-06;3.90047e-08;1.5035e-07;5.28776e-08;7.10434e-06;5.83418e-06;2.87432e-06
4.32666e-06;7.19284e-05;1.06962e-09;2.44776e-08;4.02371e-08;2.06512e-08;1.62014e-07;0.999902;9.62535e-06;8.30632e-09;2.54724e-07;1.40655e-08;1.11971e-05;2.04036e-09
4.79566e-08;1.56876e-05;8.27903e-08;2.06198e-06;5.01277e-06;1.03842e-06;8.16678e-10;1.09407e-06;1.44732e-06;8.77699e-09;1.25624e-06;0.999921;4.69921e-07;5.06867e-05
7.97854e-06;0.7506;5.43656e-10;2.62544e-07;3.23212e-08;3.00313e-07;1.53188e-06;2.50485e-05;5.70113e-06;9.75346e-09;6.19224e-06;9.45851e-07;0.249347;5.00763e-06
4.10698e-06;0.879031;0.104187;1.33572e-06;4.62198e-06;5.31994e-08;1.63655e-08;0.00294769;1.17864e-09;7.03378e-08;7.40009e-10;0.00991492;0.000578828;0.00333022
6.95404e-08;1.86658e-05;2.16496e-10;5.59115e-06;0.00117016;0.0953828;6.63016e-09;1.19081e-06;9.38824e-08;1.14558e-06;1.89255e-08;9.06491e-07;0.000979413;0.90244
7.13289e-06;5.14834e-05;0.213845;1.08652e-05;3.62675e-08;6.40292e-07;0.00026384;6.83347e-09;1.33683e-08;0.000784006;2.2095e-07;0.785029;1.18166e-07;8.10774e-06
4.69879e-08;4.09578e-09;0.999985;6.25842e-07;1.34156e-10;5.94985e-09;3.48183e-06;5.48276e-10;1.07599e-06;3.78083e-08;9.39786e-06;1.959e-08;1.07367e-08;6.58669e-11
8.47571e-06;0.997853;2.61449e-08;2.60652e-06;1.19061e-07;1.64825e-08;0.000507664;0.00137502;1.9601e-05;8.83872e-05;0.000113227;1.42904e-08;3.74408e-06;2.77708e-05
1.43227e-09;2.79451e-07;1;8.78045e-10;4.12997e-12;6.74879e-13;4.41254e-08;2.52119e-12;2.79493e-10;5.09525e-10;7.13525e-09;1.03251e-07;1.01726e-10;1.51735e-11
8.83345e-07;0.000290614;1.84391e-05;2.25453e-07;2.27284e-07;8.44981e-09;9.07864e-06;0.0203025;1.39827e-05;8.21727e-08;0.00095443;0.978391;1.86592e-05;8.40648e-08
4.57859e-07;0.984121;2.73468e-07;3.80318e-06;0.000540888;2.19758e-05;2.82381e-07;0.00145045;6.92267e-07;2.3259e-06;6.8956e-06;4.68551e-05;0.0105304;0.00327354
4.09298e-06;0.00301882;2.93251e-06;1.16339e-07;4.91343e-07;7.37154e-05;5.13457e-06;7.71976e-07;1.17725e-06;1.77486e-06;1.35713e-06;0.00503207;0.991857;1.22065e-07
7.08742e-06;0.000560527;0.999093;7.20997e-07;6.06153e-07;2.13188e-07;2.20202e-06;6.82086e-08;3.20749e-08;0.00019354;3.43282e-09;0.000128676;1.70993e-07;1.31888e-05
7.27581e-06;9.52507e-05;0.999797;7.20749e-07;4.09435e-08;1.11708e-08;2.50745e-06;8.35636e-07;3.79857e-05;2.16641e-07;3.17776e-06;5.42817e-05;2.4026e-07;9.26554e-09
1.18358e-06;0.998169;2.46252e-07;9.13296e-09;3.63635e-09;5.42792e-10;5.03657e-06;1.35375e-05;3.58726e-07;7.69566e-08;9.45481e-08;0.00176999;4.00786e-05;5.3668e-09
5.07877e-08;0.0123835;2.70765e-08;1.55562e-06;2.12761e-05;0.000559626;1.12801e-07;0.00194544;1.9276e-07;2.47113e-06;1.22007e-07;2.38119e-06;0.000242029;0.984841
3.86319e-10;3.93795e-08;0.999999;6.53825e-09;1.84097e-11;1.16704e-10;1.07053e-08;2.18733e-09;4.64507e-10;6.78651e-10;1.88932e-09;4.63251e-07;1.88308e-07;2.41089e-12
2.09367e-08;2.88967e-05;0.997949;1.03945e-05;3.23995e-06;8.71242e-08;7.95407e-08;0.000211648;2.15516e-07;1.13968e-08;3.01401e-07;0.00179112;3.41015e-07;4.14863e-06
2.82643e-08;0.000129463;5.09752e-05;2.90346e-07;0.000401591;0.00562178;2.95676e-10;0.000468178;2.85557e-09;1.00619e-07;7.70878e-10;1.09488e-06;9.05012e-07;0.993326
3.12929e-07;0.996135;9.25015e-07;2.59185e-07;7.30712e-06;8.70722e-07;3.41822e-09;0.000250899;1.92179e-10;4.20852e-09;1.55542e-08;4.09238e-05;0.00327875;0.000285046
8.71694e-06;0.967437;2.2824e-08;1.4813e-05;2.41109e-06;8.7478e-06;3.41555e-08;0.0157896;5.4473e-06;3.03058e-07;9.18603e-06;1.25169e-05;0.0166591;5.26228e-05
9.06137e-06;0.405586;0.138738;1.71871e-05;2.65799e-05;1.46621e-07;1.07481e-08;5.24672e-06;3.68225e-10;4.28079e-06;4.32964e-08;0.450356;1.67568e-06;0.00525616
2.26284e-06;0.840108;1.49003e-10;1.812e-06;1.00257e-06;2.65116e-06;0.0140928;2.03578e-05;2.40818e-08;0.00685357;1.32377e-06;1.35805e-10;1.07577e-07;0.138916
6.1913e-10;2.0002e-11;1;5.01192e-10;7.40394e-11;3.49602e-10;1.91007e-09;7.51832e-10;5.65242e-11;3.43334e-10;1.49254e-09;3.00626e-07;1.15196e-11;8.47175e-13
3.37774e-05;0.536004;4.92656e-08;2.20903e-05;1.7419e-05;6.5768e-06;4.56941e-05;0.012794;2.19484e-05;1.74738e-06;0.000553919;1.09459e-05;0.450467;2.11287e-05
0.0001125;0.366153;0.000132164;1.26718e-05;3.58168e-05;5.10104e-06;1.56459e-06;0.614148;3.26892e-07;2.85007e-05;6.08285e-07;0.00857344;0.00785446;0.00294148
3.45924e-06;0.103904;4.97766e-06;9.25321e-06;3.75167e-05;1.0921e-06;1.80798e-06;0.152408;5.94326e-06;2.84211e-07;2.15006e-05;0.743018;0.00031034;0.000274244
6.17312e-05;0.342311;0.000377354;1.11115e-05;0.000107242;4.43041e-06;6.74651e-05;0.0681783;0.000135523;1.33026e-06;0.00203822;0.477509;0.109194;3.64655e-06
3.34455e-05;0.924631;2.04191e-06;4.87066e-06;0.0013881;2.90014e-05;0.000154368;0.00300954;5.63231e-06;0.000352047;8.01544e-07;1.46698e-06;0.0672221;0.0031659
1.06861e-06;6.21564e-10;0.999952;1.83034e-08;2.3619e-09;1.32399e-10;1.90868e-07;1.82162e-08;4.67273e-05;4.92952e-09;9.89658e-08;6.39559e-08;1.14449e-08;4.18586e-11
0.000431632;0.0475821;0.00831514;0.000144603;0.00143303;1.68385e-05;1.40939e-05;0.138337;0.0674365;9.24118e-06;0.000454763;0.733998;0.00169299;0.000134866
0.000174579;0.789086;7.73077e-07;5.57405e-05;0.000189955;0.00208286;1.52282e-06;0.00427168;0.00230482;5.35877e-05;0.00037611;0.00191123;0.199366;0.000125193
4.42534e-05;0.103465;0.0217037;4.0786e-06;7.24811e-06;1.20791e-06;6.59142e-08;2.118e-06;4.54957e-09;7.16581e-06;8.57363e-08;0.873607;8.45309e-05;0.00107328
3.00941e-05;0.992987;1.25463e-09;4.07409e-06;0.000114419;4.09794e-05;0.00035506;0.00508357;6.15071e-06;0.000217963;1.79942e-06;1.93369e-06;0.00013277;0.00102412
4.44912e-07;2.34074e-06;0.998077;9.56072e-08;1.61523e-08;3.49656e-06;1.61268e-07;1.98803e-05;1.83031e-07;3.84399e-08;1.61116e-08;6.64857e-08;0.00189602;4.40358e-11
7.3188e-06;0.980173;0.0186296;1.03664e-06;1.23664e-07;1.23688e-08;4.78245e-07;0.00045024;2.60133e-08;1.71946e-06;3.30273e-09;9.21605e-05;0.000644041;1.13014e-07
9.98363e-07;0.0612224;2.8621e-09;2.69139e-06;6.17002e-07;5.41638e-08;1.1412e-07;0.936218;3.18284e-05;2.39591e-08;6.20646e-07;0.000279917;0.00224115;1.62405e-06
1.27682e-05;0.0213536;8.53517e-06;1.17215e-05;0.000174158;1.16386e-06;1.73224e-07;0.00133427;3.92548e-05;6.71902e-07;2.29086e-05;0.976745;0.000294141;1.83276e-06
0.00065921;0.317846;1.04983e-06;0.000155898;0.0140575;0.00238211;0.00448555;0.0828731;0.000420215;0.00984469;2.20996e-05;2.15931e-07;0.564281;0.00297116
1.69504e-08;3.33194e-11;1;3.16578e-09;1.71652e-12;2.33871e-11;1.62973e-09;5.07195e-12;1.61328e-07;1.1398e-10;3.74785e-09;1.25752e-09;8.9615e-10;6.34355e-14
3.03089e-06;2.81251e-05;0.999203;1.70803e-05;2.21502e-07;2.29703e-06;2.65879e-07;9.07807e-06;0.000155577;9.82333e-07;3.14889e-06;0.000574434;5.77471e-07;2.03681e-06
7.35911e-05;0.486494;2.16376e-05;0.000480483;0.00162794;0.0102201;5.01033e-07;3.76982e-06;3.39831e-05;3.79659e-05;4.46889e-05;0.000428403;0.000163766;0.500369
3.56448e-07;2.86975e-05;8.86455e-10;9.76371e-09;1.74464e-05;5.36542e-07;5.70836e-11;0.999628;1.36018e-09;1.99644e-08;2.15466e-09;8.96809e-07;0.000324046;9.26805e-08
5.4204e-09;7.28785e-07;0.999986;1.49298e-07;7.3316e-06;3.31589e-06;1.61214e-12;8.5934e-08;1.47212e-11;6.45675e-09;1.78188e-11;1.71061e-06;2.02106e-07;1.06909e-08
0.000148069;0.0213587;0.000707671;0.000181984;2.72629e-05;0.000688816;4.21943e-06;0.245134;0.00260702;7.46294e-06;0.000633078;0.000107635;0.728386;8.4454e-06
