4.64024e-07;1.86881e-06;7.64849e-11;6.31866e-11;1.06396e-09;3.21141e-10;1.0652e-09;0.999997;5.9398e-08;1.83652e-10;4.73988e-10;5.90978e-09;3.41472e-07;1.86949e-09
6.02703e-07;4.63828e-05;2.07122e-06;9.28229e-05;0.00256391;0.000143572;2.0229e-08;2.17016e-06;1.58109e-05;1.218e-06;7.24488e-06;0.966976;4.95883e-06;0.0301428
2.86814e-06;0.992759;0.00105824;6.81317e-07;2.24449e-07;2.65194e-08;3.83344e-08;2.41732e-06;4.18699e-09;6.32542e-08;1.84976e-08;6.7173e-08;0.0061585;1.82613e-05
1.87065e-07;0.000810012;9.94577e-08;3.9286e-08;4.64937e-06;1.25637e-07;2.57061e-08;5.94075e-05;6.12718e-07;8.02607e-09;9.8628e-07;0.999065;4.15845e-06;5.43681e-05
1.62172e-06;0.152282;4.69118e-08;2.41177e-06;3.0177e-06;0.000188589;1.81841e-06;0.000112851;1.31949e-06;8.09507e-07;3.33473e-05;2.58477e-05;0.847339;7.36078e-06
3.31983e-06;2.03901e-05;0.984936;2.95547e-06;2.71152e-06;1.09551e-07;9.63196e-09;1.09992e-05;2.08262e-08;2.34677e-07;3.34849e-08;0.0150197;2.22867e-06;1.07896e-06
8.21378e-06;0.972582;8.05579e-07;5.61784e-05;1.16178e-06;2.61733e-06;4.01117e-07;0.011464;0.00017109;1.62398e-07;7.02871e-05;0.000579301;0.0150446;1.92059e-05
1.37231e-06;0.0248687;1.58833e-08;2.92108e-08;9.67502e-08;4.09775e-08;2.30392e-09;0.974198;2.89766e-08;4.24631e-08;2.05758e-08;3.57516e-07;0.000930358;1.31039e-06
1.03235e-08;0.000236657;9.98016e-05;3.82756e-07;5.21868e-06;3.84503e-07;4.3928e-10;3.86163e-06;3.37631e-09;4.92198e-08;1.8843e-08;0.999545;5.02143e-05;5.87581e-05
1.57989e-06;0.0890808;1.80343e-08;1.42778e-06;4.53417e-06;0.00155957;0.000183897;0.00047541;2.45251e-05;2.36568e-05;3.27594e-05;4.44648e-08;0.908466;0.000145831
3.66147e-06;8.48662e-05;0.992162;1.04e-07;1.16019e-05;2.16735e-08;2.19438e-07;1.79952e-07;3.48321e-08;2.29995e-06;5.7747e-09;0.00772739;3.5441e-07;7.34939e-06
6.62569e-06;5.29716e-05;1.34506e-08;9.47915e-08;3.43616e-05;4.52984e-06;1.15884e-07;0.999604;0.00026469;8.95159e-09;3.81572e-08;1.02581e-07;2.28007e-05;9.85336e-06
1.18009e-05;0.000215076;7.02301e-09;2.74634e-07;1.15809e-06;2.73372e-08;5.91647e-09;0.999459;5.06654e-05;4.38456e-09;3.63855e-08;1.05281e-06;0.000260449;6.18568e-08
8.26575e-06;9.91053e-05;2.13579e-10;7.27146e-09;1.9495e-08;6.98006e-10;1.7193e-08;0.999795;2.71463e-05;3.55158e-09;3.42867e-08;3.15376e-07;6.98805e-05;2.15717e-09
3.19825e-05;0.104371;1.72668e-05;0.00012176;6.11638e-07;9.22997e-05;0.00792974;1.39565e-06;2.64501e-05;0.0551489;2.16818e-06;0.000986941;5.21626e-06;0.831264
9.33703e-08;1.31407e-10;0.999984;2.36404e-07;4.88339e-10;2.96192e-10;2.13469e-06;1.4643e-10;9.55607e-06;2.69228e-08;3.48091e-06;1.22615e-07;5.01038e-12;5.37477e-09
3.86088e-07;1.85542e-05;5.70676e-11;7.49675e-10;1.37531e-08;1.79107e-10;4.16823e-10;0.999938;2.19533e-07;3.93872e-11;7.72368e-09;2.40481e-09;4.30826e-05;1.02283e-10
1.17154e-07;0.106166;1.23233e-09;2.1593e-06;9.33302e-05;7.92619e-06;2.60819e-06;0.000343521;8.49342e-08;1.82818e-05;4.27757e-08;2.82562e-08;2.09761e-07;0.893366
4.15259e-12;8.48205e-12;1;2.54077e-12;5.86375e-14;2.78824e-14;1.36938e-10;4.389e-13;4.46098e-12;3.87119e-13;1.66615e-11;2.53929e-11;1.90021e-12;2.93713e-15
1.50556e-07;0.0235238;7.11189e-07;2.51758e-07;4.36544e-09;2.2403e-08;0.97488;1.94652e-08;1.69749e-06;0.00153961;7.58326e-06;1.83014e-06;1.0572e-05;3.33265e-05
7.73437e-11;7.93407e-10;1;4.46183e-08;6.24741e-10;7.36518e-09;1.50447e-08;1.36648e-11;1.91865e-08;1.07269e-09;5.70957e-08;6.14477e-10;1.11888e-10;7.51113e-10
1.08102e-06;0.999232;3.05531e-07;1.54127e-05;6.8319e-07;9.32491e-07;4.18302e-07;0.000118915;2.1538e-07;1.32803e-07;2.37084e-06;1.21527e-05;0.000612128;3.53211e-06
1.29657e-05;0.000114605;1.21279e-08;6.24839e-08;3.75496e-07;1.62743e-07;8.02701e-08;0.999814;8.04939e-07;6.91604e-08;4.28086e-07;1.6579e-06;5.35582e-05;1.45562e-06
1.72353e-06;0.000985531;4.84332e-07;0.000265255;0.00714765;0.000195765;4.32451e-08;1.56345e-05;1.39207e-05;5.2639e-06;1.58591e-05;0.819396;0.000103705;0.171853
3.65785e-05;0.588486;0.30429;2.88691e-05;4.31832e-05;8.01471e-07;3.01319e-07;0.000354222;9.23579e-08;2.37413e-06;7.14763e-07;1.09796e-05;0.106256;0.000489526
6.08516e-06;0.159393;7.1928e-07;3.23428e-06;0.000220707;9.20983e-06;7.8559e-06;0.0159246;3.86065e-05;4.88548e-06;9.31461e-05;0.810499;0.000513143;0.0132862
1.83928e-06;0.443076;1.63885e-07;6.61801e-06;9.97228e-06;0.00084484;2.43272e-05;6.69976e-05;2.3318e-06;7.39847e-05;0.000141831;0.000489832;0.555249;1.26833e-05
4.59267e-06;2.83694e-05;0.921904;1.12595e-05;3.62459e-05;5.56212e-06;8.62119e-08;4.57819e-06;5.2382e-08;8.86633e-06;1.20743e-07;0.077956;2.85882e-05;1.19491e-05
6.17134e-06;0.973015;7.74164e-08;2.43457e-05;2.56994e-05;1.79507e-05;2.20469e-06;0.00316852;7.19327e-05;1.25679e-06;2.21251e-05;1.61775e-05;0.0232976;0.000330462
9.42235e-06;3.66594e-05;7.99968e-08;6.80632e-08;7.97174e-07;1.70875e-08;2.21899e-08;0.999887;3.33727e-05;1.44835e-08;1.09051e-06;2.34769e-06;2.95149e-05;6.81068e-09
3.96506e-07;0.290262;5.19522e-06;6.85069e-06;1.87183e-06;3.57324e-06;0.000134716;6.46881e-08;1.76369e-08;0.00689093;6.61573e-09;6.00581e-08;3.20796e-09;0.702695
6.72719e-09;2.93881e-09;0.999998;1.57419e-09;1.5687e-10;1.11857e-11;5.49599e-08;9.90602e-12;3.81215e-09;1.13892e-09;4.1271e-09;1.67915e-06;4.54333e-11;3.47166e-10
3.48816e-05;0.920604;1.89983e-09;9.22124e-06;5.71189e-05;5.35456e-07;2.52169e-05;0.0760081;0.000179588;1.0015e-05;1.88278e-05;6.94772e-07;0.00262484;0.000427166
1.05102e-05;0.0757717;0.121467;0.000203316;0.00444672;6.76795e-05;5.55489e-08;3.47113e-05;7.9583e-09;1.3698e-05;3.54048e-07;0.795457;0.000500972;0.00202597
2.06245e-06;0.963825;3.90392e-10;7.14527e-09;3.3607e-10;5.09626e-11;0.0351587;1.05945e-08;5.94962e-08;1.66401e-05;1.10059e-07;1.80503e-10;1.31676e-08;0.000997816
2.87693e-12;5.66885e-14;1;1.29395e-12;4.40196e-13;1.69858e-12;9.07267e-10;8.79049e-14;6.02881e-12;6.14705e-13;2.95203e-12;1.73276e-09;6.18849e-13;3.2735e-14
5.87691e-07;0.395633;2.557e-09;1.6198e-06;1.57813e-07;1.56311e-07;0.603517;0.000521406;0.000171053;0.000141104;3.38231e-06;8.57537e-11;6.73962e-06;4.00565e-06
2.29904e-09;4.91184e-09;1;6.53396e-08;8.51037e-11;2.01265e-10;4.29715e-08;2.17468e-11;3.76149e-09;6.92061e-09;4.4828e-09;2.33083e-08;8.95049e-12;1.53932e-10
0.00176539;0.951968;0.000360167;0.000698118;1.50061e-05;2.22036e-05;2.20242e-05;0.0259138;0.0003669;0.000198859;0.000118593;0.00755945;0.0102315;0.000760312
1.77564e-05;0.00327032;8.101e-08;2.91217e-05;0.000355128;4.44465e-08;5.98705e-07;0.996108;2.54009e-05;2.84693e-05;1.02978e-05;7.08072e-05;3.75294e-06;8.04047e-05
3.28739e-06;0.000309029;0.99929;3.32122e-05;6.37947e-05;4.66919e-06;3.48563e-07;6.03944e-07;6.42875e-08;0.000225514;7.4893e-07;3.35623e-05;4.55802e-07;3.47136e-05
3.36344e-08;1.53231e-05;1.24683e-10;4.70671e-11;4.41785e-12;3.43812e-11;0.99991;7.60315e-11;8.22515e-08;7.41099e-05;3.2681e-08;3.71048e-14;1.88491e-09;6.35966e-08
5.86679e-13;7.53221e-14;1;3.05276e-13;8.3871e-15;1.69948e-14;5.9859e-11;5.29393e-15;6.97402e-12;2.62011e-13;5.26399e-12;3.03377e-12;9.21613e-15;8.13409e-17
