1.72077e-07;1.09842e-06;2.60388e-11;2.43573e-11;1.08217e-09;1.44775e-09;3.30238e-10;0.999998;2.40863e-08;7.8102e-11;4.01074e-10;2.66784e-09;9.71816e-07;3.81496e-10
8.33607e-08;0.00151453;3.48201e-06;2.37251e-06;2.33856e-06;7.33472e-06;5.30109e-05;6.89071e-07;4.88344e-08;0.000264854;2.1591e-08;1.25172e-05;4.85121e-09;0.998139
3.36472e-08;3.23589e-06;0.999992;2.87042e-08;8.4271e-11;3.60498e-10;2.75106e-06;3.50937e-09;1.3222e-06;4.27681e-09;3.67454e-07;2.05816e-08;1.21148e-09;5.7282e-10
3.58285e-07;0.998585;1.181e-08;1.46364e-09;2.57907e-10;4.0102e-10;1.48903e-06;1.52464e-07;1.64611e-07;4.19738e-09;1.54248e-07;5.08868e-05;0.0013614;3.70294e-09
1.60071e-08;0.0114511;2.55812e-07;9.1901e-08;2.99336e-06;2.49748e-06;3.90792e-11;1.12879e-06;3.65355e-08;2.12358e-09;6.91835e-09;0.988127;2.85312e-06;0.000411666
9.33307e-08;0.953547;1.65883e-08;1.22779e-08;0.000149267;1.24253e-06;1.56168e-09;0.0389073;2.69493e-10;8.78112e-09;1.27107e-10;1.19287e-05;0.00160186;0.00578129
3.84334e-08;0.00302342;0.00207538;5.68945e-07;2.28565e-07;6.29305e-07;1.54171e-08;3.5447e-06;7.35547e-11;8.4925e-08;1.44658e-08;0.994808;1.34859e-05;7.50573e-05
1.05891e-08;0.998447;1.32444e-10;2.12554e-08;2.14769e-09;9.2749e-09;1.14101e-06;7.49294e-06;1.43917e-10;4.53282e-07;3.50483e-10;1.14775e-10;4.93752e-07;0.00154355
7.84314e-11;4.05297e-10;1;8.62087e-11;6.82435e-11;7.33387e-10;2.87359e-11;1.58317e-10;1.27383e-12;1.07132e-10;3.81515e-12;3.89787e-08;2.22473e-10;7.36731e-11
3.69701e-07;0.00866405;1.18655e-08;8.76687e-06;2.35756e-06;1.01204e-05;1.07551e-06;0.000588069;7.92846e-06;2.63404e-07;1.47455e-05;3.0171e-06;0.990699;5.85346e-07
0.000357293;0.0877346;1.27946e-05;0.00521022;3.18651e-05;0.00012145;1.30177e-05;0.0168776;0.000512028;0.0003933;0.00184368;0.878589;0.00792321;0.000379532
6.53034e-05;0.997477;4.41964e-07;1.11466e-06;1.29355e-07;7.8029e-08;1.90517e-05;0.00164906;6.50671e-06;3.37379e-06;5.38211e-05;6.51282e-05;0.000658818;1.64573e-07
1.55563e-09;0.99997;8.05169e-13;6.30706e-10;9.25224e-10;4.27202e-12;3.79659e-06;3.75723e-09;6.81217e-11;1.46236e-07;1.57592e-11;5.02397e-09;2.30956e-09;2.60009e-05
4.36842e-12;2.13252e-14;1;1.22207e-10;7.58991e-11;1.78901e-13;1.45593e-09;3.39722e-13;1.86543e-11;8.19088e-12;1.6562e-10;2.65806e-10;1.83841e-14;1.49261e-14
3.62121e-08;0.000745118;2.96954e-09;6.06004e-09;6.01996e-09;2.7718e-09;0.99919;1.26881e-06;1.79697e-06;5.1805e-05;9.04647e-06;1.31665e-10;7.54498e-07;1.96803e-08
2.12779e-11;6.23684e-12;1;2.82073e-10;4.47362e-12;1.14901e-12;1.84852e-09;1.6079e-13;6.58012e-10;3.89206e-11;3.16986e-09;3.09999e-10;9.79859e-14;1.56078e-12
0.000141477;0.93979;4.88187e-06;2.00696e-05;8.14686e-05;4.02004e-05;2.17751e-06;0.00335203;0.000413705;5.41152e-06;0.000142769;0.00161884;0.0543286;5.80438e-05
1.9581e-06;0.0050752;1.00833e-08;3.86618e-06;0.000915996;2.2003e-08;7.37816e-09;0.990831;9.50083e-06;2.10102e-07;1.23551e-05;0.00311011;1.1173e-05;2.85643e-05
0.000385219;0.0117934;0.886017;6.21584e-05;0.0135771;2.23831e-06;3.0067e-06;0.0106903;6.71645e-07;2.87649e-05;2.26578e-05;0.0771005;0.000292068;2.52311e-05
2.55913e-07;0.00677083;1.80682e-08;5.83793e-10;4.23948e-10;5.32799e-12;0.993185;2.00819e-08;1.69962e-06;4.17449e-05;4.17037e-07;6.32283e-09;2.42452e-10;7.20155e-08
8.24e-10;1.62212e-11;1;2.36428e-10;1.84118e-10;1.3305e-12;1.83819e-08;5.65262e-10;1.89863e-08;2.14804e-10;9.08408e-09;9.34382e-08;1.27682e-12;7.92853e-13
2.55381e-05;0.991111;5.28176e-06;7.3046e-05;5.7255e-06;1.24729e-05;4.02317e-06;0.00059713;0.000292695;1.8693e-05;5.1994e-05;3.06565e-07;0.00779761;4.42398e-06
0.000280821;0.0273578;0.0139043;2.82011e-05;7.75762e-05;5.85156e-07;6.87941e-07;0.00034528;3.82812e-05;9.14673e-07;4.70768e-06;0.957612;8.03797e-05;0.000268835
0.00285663;0.303799;2.98025e-06;3.36792e-05;0.00172846;4.52201e-05;0.000621633;0.58084;0.0839847;2.17074e-05;0.00175548;0.00904529;0.0152008;6.40261e-05
0.000154504;0.948169;0.00262283;1.73543e-05;0.00014054;6.71861e-05;9.0567e-06;0.000493569;6.85235e-06;0.000131405;1.37718e-06;0.000681245;0.0474479;5.76091e-05
6.26553e-06;0.215429;5.32008e-06;8.16509e-07;2.48897e-06;1.52609e-07;1.20248e-06;0.00719775;0.000102325;1.08592e-07;1.63163e-06;0.777167;8.26544e-05;4.00554e-06
4.59354e-06;0.196473;1.0278e-05;4.69628e-06;0.0111464;0.00126243;8.84708e-08;0.0932164;2.35154e-06;6.99306e-07;1.61123e-06;0.00299907;0.694687;0.000191672
5.1827e-06;0.0717119;2.03469e-06;2.03863e-05;8.64823e-06;0.000152039;3.13947e-05;0.0144477;2.4503e-05;3.38047e-05;3.83669e-06;2.98761e-05;0.913503;2.60628e-05
9.19874e-09;4.80468e-09;1;5.94406e-09;1.39516e-10;2.12477e-10;5.01064e-10;3.08244e-09;5.70094e-09;1.41285e-10;1.15463e-09;5.71963e-09;1.93551e-08;1.11861e-11
8.23527e-07;0.000444215;0.00189889;2.26589e-05;2.69728e-05;5.02188e-05;2.08482e-08;0.00101624;1.29359e-05;7.24856e-08;7.22733e-06;0.996163;1.10706e-05;0.000346034
2.59754e-05;0.647512;0.000151495;5.93496e-06;0.00099509;0.00194433;6.05342e-07;0.0274769;9.82312e-07;1.13721e-06;4.26262e-06;0.000109326;0.320256;0.00151571
1.87829e-08;0.00016147;2.55247e-05;6.20752e-08;2.99048e-05;8.53201e-06;7.41309e-11;6.53132e-05;1.68015e-09;3.31353e-09;3.13962e-08;0.999679;6.93708e-07;2.92148e-05
1.89874e-07;0.972936;1.60089e-06;2.18492e-06;3.76918e-06;9.81008e-06;5.57185e-06;0.00102408;4.04192e-07;2.45949e-07;5.35282e-07;2.33181e-07;0.0260067;8.92652e-06
2.61644e-07;0.998553;1.16074e-09;5.726e-09;3.59735e-08;1.13006e-07;3.59367e-06;0.000175566;1.15021e-09;1.91176e-06;8.05469e-11;1.02786e-10;0.00125713;8.0653e-06
5.33315e-12;1.82584e-11;1;3.16979e-10;8.36808e-12;1.68153e-11;2.23102e-12;1.07602e-14;2.4796e-12;6.01107e-12;8.30336e-12;2.3912e-08;1.63914e-13;4.26436e-12
5.49219e-06;0.989283;4.59101e-06;6.78626e-07;1.32483e-06;5.5607e-08;5.77208e-05;0.00936488;1.02565e-05;5.84193e-06;2.23508e-06;1.11529e-06;0.001262;2.15402e-07
1.19952e-05;0.0244708;0.000135968;0.00137859;0.00302694;0.00873795;2.59008e-05;0.00120172;0.000153278;7.53444e-05;0.00153804;0.04438;0.00323592;0.911628
3.77979e-05;0.937594;2.49842e-07;2.0851e-06;1.41885e-06;1.77272e-07;1.16388e-05;4.64916e-05;8.77726e-07;1.24585e-06;1.85864e-06;0.00115505;0.000276467;0.0608703
0.000119842;0.917083;5.20078e-09;4.62129e-06;0.000704458;3.93714e-07;2.7511e-05;0.0107516;4.15545e-06;9.87926e-06;1.70665e-06;0.0155889;0.0115073;0.0441961
0.000107841;0.88241;0.0833665;9.53603e-05;0.00380792;0.000199041;7.22628e-07;1.92605e-05;5.97594e-07;1.48659e-05;8.84463e-07;0.0211848;0.00425299;0.00453923
9.08708e-06;0.958163;4.32392e-08;1.82449e-07;2.58978e-06;1.96638e-06;0.0178108;0.000147391;8.36635e-07;0.00160524;2.51614e-07;7.23217e-08;2.18025e-06;0.0222565
9.29712e-10;1.17181e-11;1;4.32905e-10;7.02282e-10;1.00963e-09;9.75629e-09;1.47508e-09;3.93785e-11;3.58382e-10;6.28529e-10;3.49422e-08;6.60328e-10;2.20117e-11
7.69006e-05;0.0168495;1.24655e-06;0.000202078;0.000672537;9.40691e-05;1.52127e-05;0.039492;0.000679759;4.4593e-06;0.00230146;0.00466309;0.934842;0.000105652
3.11088e-06;0.999794;2.92802e-06;1.10643e-05;8.23616e-07;2.12637e-09;1.16288e-07;3.43521e-05;9.34159e-07;1.66752e-07;1.65833e-06;0.000142131;7.85375e-06;6.0158e-07
5.06962e-06;0.993018;2.85104e-06;4.23077e-05;4.4852e-07;1.10183e-07;8.60687e-06;4.85235e-06;1.32607e-07;2.68562e-05;5.28994e-06;0.000811682;0.00607161;2.31352e-06
0.000288896;0.235741;2.94115e-05;0.00980987;0.000172992;0.000512998;0.00123959;0.00796818;0.00572231;0.000286084;0.0390097;0.233363;0.465813;4.27404e-05
5.51185e-05;0.00745455;0.970187;0.00102377;0.0176767;0.000286725;2.01984e-07;0.000454018;6.38223e-07;1.20458e-05;9.37161e-07;8.36157e-05;5.24773e-05;0.00271195
6.37412e-07;0.0073514;8.36662e-11;7.89757e-09;1.2607e-08;2.92878e-07;2.06789e-06;7.62165e-05;4.29974e-08;5.96979e-08;1.12761e-07;4.89258e-09;0.992569;1.81446e-08
9.66751e-11;1.05437e-10;1;1.62766e-10;3.09304e-13;2.71721e-12;3.31199e-11;3.9653e-12;5.77162e-11;1.14487e-11;1.66845e-10;1.81571e-09;7.23688e-10;5.79e-14
2.62284e-08;2.77783e-05;0.0207119;4.18638e-07;4.96672e-07;4.11953e-07;5.57651e-09;8.40952e-05;1.40504e-07;9.81959e-09;1.9813e-07;0.979167;6.57963e-06;1.17079e-06
2.85426e-07;0.977615;5.01789e-09;2.90145e-07;4.48512e-06;1.83562e-06;0.0199277;3.1391e-05;2.37272e-08;0.000998608;1.04011e-06;5.11457e-11;8.03865e-06;0.0014115
2.26165e-11;4.83549e-12;0.999999;4.54051e-10;5.33892e-09;6.08498e-10;8.68849e-12;1.62114e-11;3.24678e-13;5.49031e-11;5.52044e-12;8.59856e-07;4.04426e-12;1.7001e-10
3.28794e-05;0.120383;7.39335e-05;2.47603e-05;0.00240331;0.00218416;1.36639e-06;0.701858;7.82468e-07;2.29838e-06;8.36574e-07;0.000317705;0.170528;0.00218934
2.43446e-06;0.000330135;1.66648e-06;1.66785e-06;0.000908151;1.57696e-05;8.39955e-09;0.98087;2.79079e-06;5.29697e-08;4.16396e-06;0.000514213;0.0173482;2.50288e-07
1.33124e-06;0.0817501;0.595224;3.24042e-05;0.00286204;0.000482516;2.45094e-05;1.66519e-07;7.16806e-10;0.0277508;8.32827e-09;1.18148e-07;9.86225e-08;0.291872
1.34681e-09;1.33502e-09;1;4.5545e-11;1.52345e-12;2.76877e-13;4.75847e-09;1.62296e-12;4.62053e-10;7.19221e-12;5.62662e-10;6.24745e-09;1.80645e-11;2.84096e-13
1.62912e-05;0.759481;0.00530416;1.34335e-05;0.00037598;5.04639e-07;8.20159e-06;0.00305522;0.000327262;2.09724e-06;7.34842e-06;0.227974;4.78645e-06;0.00342953
5.74206e-06;0.462627;0.000130169;6.39304e-05;0.0610512;0.0204221;7.50246e-08;0.00123322;3.52892e-07;1.25073e-06;2.38567e-06;0.00332946;0.371305;0.0798287
8.43288e-06;0.738711;2.78489e-08;1.09679e-07;0.000647672;0.000154534;3.58313e-08;0.00350462;1.84262e-08;4.1667e-08;1.62062e-07;0.122963;0.128771;0.0052401
1.04924e-06;0.414751;4.65499e-09;1.94486e-06;0.00402777;7.94797e-06;1.66013e-10;0.470137;3.65498e-07;1.3777e-09;1.43448e-08;0.110934;0.000127826;1.044e-05
1.6556e-05;0.92062;0.00458521;0.00044219;0.0290186;0.0192364;3.73798e-09;0.000785524;1.45282e-09;7.84392e-06;5.69086e-09;0.00052393;0.019554;0.00520937
4.3359e-05;0.0250354;6.47943e-06;2.30429e-05;0.000263836;0.000173219;5.82516e-06;0.00951827;5.64825e-07;1.66735e-06;1.85673e-06;0.000724269;0.963324;0.000878291
1.87026e-05;0.0525021;1.15413e-05;0.00100139;0.0135589;0.00311975;2.59478e-06;0.0520015;1.46334e-05;1.50274e-05;1.67991e-05;0.826605;0.043619;0.00751322
0.000518372;0.509947;2.4755e-05;0.0001185;1.35183e-05;3.60859e-06;1.48637e-05;0.000222335;5.24626e-05;8.40663e-07;4.24963e-05;0.324971;0.164067;4.14358e-06
0.000839834;0.0508174;4.88417e-07;4.81935e-06;0.000159014;9.34961e-05;3.67916e-08;0.0593913;3.96632e-06;2.43636e-07;1.3309e-06;0.0335924;0.853848;0.00124729
1.19167e-06;0.998961;1.1068e-08;7.66459e-07;3.14592e-08;1.48041e-07;8.57207e-06;1.50789e-05;1.64608e-08;1.37575e-05;3.91372e-08;7.59545e-08;4.54505e-06;0.000995068
1.40886e-11;5.88649e-13;1;2.68087e-11;2.54784e-11;4.85312e-12;2.24088e-09;3.19166e-13;4.99407e-12;5.56618e-11;3.51427e-11;1.96124e-10;3.74976e-14;5.98625e-14
1.08512e-08;1.64391e-05;2.09935e-08;1.32269e-09;1.12268e-09;2.33299e-08;0.998661;5.31569e-10;1.02317e-07;0.00131984;9.05822e-08;1.26183e-13;2.86694e-10;2.40072e-06
2.02718e-12;4.38252e-14;1;1.77932e-12;2.96047e-14;1.18369e-13;3.86253e-10;5.11372e-15;9.30378e-11;3.31164e-12;1.27943e-10;2.17119e-11;2.49354e-14;4.2257e-15
