5.5756e-06;0.99974;4.98757e-05;2.34499e-05;1.95556e-06;2.57278e-08;2.77628e-07;5.6182e-05;3.20115e-07;4.18426e-07;2.91141e-07;6.66373e-06;0.000115048;9.9741e-08
3.94797e-06;0.997443;9.25121e-08;2.06616e-06;9.23248e-07;1.99697e-06;0.000109747;0.000378249;7.85334e-08;0.000151586;1.31386e-07;1.00849e-08;0.00183594;7.22122e-05
2.14257e-11;2.25765e-13;1;3.81422e-10;1.34355e-09;7.63974e-11;9.91361e-12;1.52671e-12;1.57714e-12;7.09598e-11;1.30399e-11;6.9065e-08;8.24967e-14;4.13391e-10
8.2605e-07;0.0633874;8.78505e-10;2.01699e-06;7.58315e-08;3.18652e-06;1.4652e-05;5.12207e-05;4.62256e-05;1.19972e-08;0.000199249;4.3826e-06;0.936291;3.4649e-08
9.08131e-07;0.0014133;0.998571;7.97898e-07;9.97803e-09;7.16926e-09;1.21761e-06;4.05648e-08;1.06967e-08;1.10953e-06;3.79279e-08;1.08723e-05;9.84299e-08;9.07437e-07
1.01606e-06;5.41187e-05;0.999862;7.26871e-08;2.17287e-07;1.21e-07;5.23833e-07;2.03955e-06;3.33036e-07;3.84896e-08;1.0586e-06;7.82932e-05;3.37042e-07;3.66684e-08
2.62019e-08;0.0167571;6.27732e-13;1.76651e-08;2.11945e-07;3.50666e-06;5.96886e-09;0.000136363;8.82975e-09;3.46593e-09;1.22989e-07;3.40691e-08;0.983102;3.29691e-07
2.06069e-05;0.0362506;0.876257;0.000464603;0.000920858;0.000163504;9.03403e-06;0.00241123;6.26718e-08;0.00100673;1.83407e-07;0.0458666;0.000855325;0.0357741
1.20074e-05;0.131349;1.14749e-07;0.000110502;0.000125357;0.0175364;0.000121457;0.00288607;9.62519e-05;4.85648e-06;0.000111158;4.8434e-05;0.778596;0.0690022
5.77697e-06;0.1802;0.787655;1.24964e-05;3.32427e-06;6.02111e-07;0.000109503;2.94664e-08;1.0886e-08;0.00108011;3.18453e-08;7.0383e-05;1.21696e-07;0.0308624
4.27055e-07;1.1954e-07;0.999981;2.08116e-06;4.36943e-07;6.64638e-07;3.89512e-06;2.67e-07;1.63217e-06;3.33266e-07;6.08541e-07;7.92587e-06;4.98052e-07;2.09697e-09
0.000285197;0.288801;9.02016e-07;0.000692957;0.000130999;6.23865e-05;1.88013e-05;0.238219;0.000595019;5.8769e-06;0.00321334;0.00437225;0.463596;5.90357e-06
0.000401916;0.756201;0.223801;0.000421431;0.000131586;3.24994e-07;0.000141744;0.0158155;9.89911e-06;7.52345e-05;5.65047e-05;8.15075e-05;0.000270668;0.00259113
7.41143e-07;0.0783417;2.5128e-09;2.65198e-07;1.88289e-08;1.11915e-07;0.913206;1.46629e-06;1.2855e-06;0.00833195;1.42201e-06;1.41948e-09;5.43053e-06;0.000109884
5.44997e-11;9.63414e-12;1;5.90437e-09;6.61495e-11;6.76998e-10;4.82984e-09;2.37706e-12;3.01312e-10;1.67306e-09;3.329e-09;2.61363e-08;9.44473e-13;9.78774e-11
1.81005e-06;0.997908;2.81229e-10;3.01558e-07;3.13311e-09;3.75944e-07;1.2849e-05;4.40726e-07;1.48317e-05;1.51885e-07;2.88418e-05;3.13338e-07;0.00203186;6.53816e-08
2.03943e-05;0.00101416;0.0247354;1.04846e-05;1.05596e-06;1.65435e-06;8.47931e-06;6.4945e-05;2.02576e-06;1.22873e-05;2.10291e-06;0.974102;4.73428e-07;2.47324e-05
4.22601e-06;0.982126;5.77527e-07;1.97842e-05;4.55911e-05;3.30607e-05;1.39741e-06;0.0094969;1.63851e-05;1.65579e-07;1.92863e-05;6.44428e-06;0.008181;4.95121e-05
3.23377e-07;0.990989;2.22442e-09;8.60373e-07;1.68495e-06;2.18137e-06;6.68303e-06;7.81812e-05;2.91687e-07;3.27663e-05;4.14083e-08;1.42891e-06;0.000231102;0.00865547
4.02958e-12;7.75795e-13;1;1.68509e-10;1.16171e-11;4.03316e-12;3.38833e-11;1.56153e-13;6.43918e-12;3.55948e-12;3.29021e-12;4.7438e-09;3.13018e-12;4.97012e-14
3.97737e-06;0.958131;1.17121e-08;2.42472e-05;1.04943e-06;3.05584e-07;0.0391916;0.00119874;0.000152726;0.000237269;0.000212492;1.31321e-07;0.000126908;0.00071948
6.38699e-08;1.43004e-07;0.999996;8.70412e-08;8.46065e-10;8.84694e-10;2.46536e-07;8.01654e-07;3.30427e-07;1.49987e-09;1.73398e-06;4.85909e-07;2.8686e-07;9.36771e-11
4.21212e-07;0.985522;2.82366e-11;1.19157e-08;3.53698e-08;1.86633e-07;4.4229e-08;0.000106878;1.66128e-06;9.38186e-09;8.50742e-07;2.02727e-07;0.014367;1.26681e-06
1.72316e-06;0.000922656;1.29426e-06;1.16859e-07;3.23508e-06;6.61602e-08;7.59076e-09;0.00190738;3.18746e-08;4.39029e-08;4.84564e-08;0.997088;2.32749e-05;5.19754e-05
1.21474e-06;0.985137;1.30938e-08;1.03012e-07;3.631e-05;3.69117e-07;1.33009e-06;0.00826448;1.5141e-08;1.73199e-07;4.95967e-09;1.61125e-07;0.00526774;0.00129072
9.20532e-05;0.00935417;6.83045e-06;7.72934e-05;0.000190777;0.0700933;0.000265771;0.000249448;0.000366632;0.000122475;5.91532e-05;0.155589;0.753935;0.00959827
4.10858e-05;0.00119099;0.957934;0.000580866;2.34322e-05;0.000247435;0.0156561;8.51622e-07;6.92468e-07;0.0195611;5.70832e-06;0.00380007;4.54567e-06;0.000952774
4.30313e-09;3.38655e-09;1;5.7073e-08;4.05605e-10;3.19502e-09;7.01064e-08;4.82043e-11;1.86315e-08;7.03455e-10;9.59977e-08;1.60754e-07;2.99002e-09;3.08402e-10
8.26445e-05;0.2241;9.02912e-07;0.000581432;4.62103e-05;0.000126302;0.000805631;0.0183953;0.00152886;0.000174439;0.00576365;0.000499881;0.747688;0.000206324
9.74717e-07;0.00218576;1.42539e-08;3.18136e-05;3.29557e-06;0.000112831;1.02505e-06;0.000196133;2.72762e-05;1.04355e-06;0.000608233;0.980894;0.0159272;1.00727e-05
8.45246e-05;0.699146;2.84314e-06;2.46772e-05;6.22321e-06;1.22988e-05;0.00013923;0.221289;0.00047795;6.37007e-06;0.00179555;0.00032543;0.0766656;2.39363e-05
8.22058e-06;0.00559634;3.93759e-07;3.88911e-05;0.000124362;1.06771e-05;4.73062e-08;0.00123738;3.93498e-06;5.22594e-07;2.7052e-05;0.992755;0.000190787;6.2633e-06
0.00233885;0.101864;2.19187e-05;1.67559e-06;2.58491e-05;3.53921e-07;2.942e-07;0.892339;0.000439058;4.01338e-07;2.55331e-05;0.000826858;0.00211335;2.90815e-06
2.79394e-08;0.0390391;4.03636e-12;5.84876e-09;4.61443e-07;2.22042e-08;4.24158e-10;1.13761e-07;3.45696e-09;1.24008e-07;3.56095e-10;2.1856e-06;8.06718e-09;0.960958
0.00187494;0.40916;1.77678e-05;3.03201e-05;7.49964e-05;1.64107e-05;0.0205073;0.400064;0.0872714;3.32249e-05;0.00963823;3.25151e-07;0.0713051;6.12445e-06
5.38515e-06;2.31041e-05;3.90619e-08;5.91428e-08;1.93278e-07;7.04111e-08;7.63945e-10;0.999808;6.32246e-05;7.74946e-10;3.65498e-07;8.97e-07;9.90566e-05;7.22287e-09
1.44731e-05;0.00575406;0.000141049;2.83856e-06;0.00151392;2.01806e-05;1.65198e-09;4.56244e-05;1.78688e-06;2.0469e-06;2.72595e-06;0.992049;2.31018e-05;0.000429199
8.95429e-06;0.999209;6.53012e-09;5.0681e-08;3.44709e-09;2.29655e-10;0.00066465;3.18883e-06;9.38365e-06;9.55357e-05;5.32959e-06;1.54423e-07;1.58783e-08;3.66462e-06
7.12891e-11;1.1535e-12;1;3.91393e-12;7.92494e-11;6.00146e-14;3.05546e-11;4.36722e-11;4.17695e-12;1.99789e-12;3.56015e-12;6.57683e-10;3.72139e-13;1.03767e-13
2.202e-08;1.78354e-06;6.26964e-12;3.16242e-09;3.91585e-06;9.39605e-10;1.04305e-11;0.999985;2.53738e-07;7.28185e-11;5.01105e-09;1.08107e-07;8.79652e-06;1.38423e-09
5.27617e-08;3.50504e-06;0.999988;3.58074e-06;2.03363e-06;1.88526e-07;2.30738e-10;2.32582e-06;7.65758e-09;1.72878e-08;2.0135e-08;1.36122e-07;2.28597e-07;3.67969e-08
7.52524e-05;0.894663;1.28875e-06;1.64397e-06;2.20261e-07;4.35992e-07;3.5874e-07;0.00595812;5.41668e-05;7.24015e-08;1.24929e-05;0.000847711;0.0983798;5.26177e-06
3.61899e-06;0.994014;5.28545e-05;4.55535e-07;1.39005e-08;8.1434e-07;3.89337e-06;0.000100072;3.21146e-07;4.88235e-06;7.04653e-07;0.00530009;0.000513189;4.64018e-06
1.1796e-07;0.000316101;1.39294e-07;4.33367e-05;0.00845117;3.57828e-05;3.46727e-07;0.991058;4.84744e-07;3.28318e-05;5.93886e-07;1.06843e-06;4.7268e-05;1.31718e-05
6.55805e-07;1.5615e-05;0.999803;4.68558e-05;2.48203e-05;7.06016e-06;4.00396e-07;1.55785e-07;5.62785e-08;1.86581e-05;2.28562e-06;7.87929e-05;6.40428e-07;1.51511e-06
1.95704e-06;0.000194377;3.94097e-07;5.93899e-07;1.30137e-07;5.88248e-07;0.991406;3.15153e-07;4.71844e-05;0.00775959;3.28061e-05;2.88257e-08;1.27864e-07;0.000555518
5.6762e-09;3.31321e-10;0.999998;8.18697e-09;1.00135e-10;3.28053e-11;8.27764e-07;1.09393e-11;3.75116e-07;2.72117e-09;5.54451e-07;1.54323e-07;7.60684e-12;1.05987e-11
7.09998e-06;0.998153;1.89319e-08;3.85709e-07;2.60443e-07;1.09269e-09;7.6764e-07;0.00163238;1.73325e-06;3.97891e-08;4.91392e-06;3.79418e-06;0.000195874;1.42929e-08
1.54226e-06;0.999884;1.33536e-09;1.83934e-09;1.78533e-09;9.83222e-10;1.67883e-05;5.49817e-06;3.52909e-09;5.44033e-06;3.49984e-09;5.87125e-08;3.21644e-06;8.33542e-05
2.7327e-10;3.68656e-11;0.999999;1.00388e-10;1.72223e-10;3.44899e-11;1.12817e-10;3.06844e-12;1.02806e-09;1.89814e-11;7.50699e-10;8.66818e-07;1.25163e-12;6.37084e-11
6.91896e-09;0.99997;3.75124e-13;2.80827e-10;8.66263e-10;8.062e-12;2.3336e-05;6.72548e-07;2.53445e-10;4.16214e-07;8.82148e-10;2.86085e-13;4.22501e-06;1.54342e-06
1.30479e-11;5.08819e-12;1;7.42801e-10;5.25773e-10;3.05192e-10;3.45738e-10;6.34613e-12;4.33057e-12;1.5018e-09;8.05476e-12;2.19622e-07;1.17715e-11;1.61198e-10
2.60728e-06;0.984218;4.24519e-07;0.000513454;1.65519e-05;1.70171e-05;0.00470208;0.000489798;0.00111949;2.50016e-06;0.00193682;0.000133147;0.00652709;0.000321448
6.63034e-06;0.00509119;3.17892e-06;1.04284e-06;1.30707e-05;1.07804e-06;5.13925e-08;0.994785;7.30012e-08;5.94954e-07;1.08414e-07;1.93057e-05;5.288e-05;2.55111e-05
6.48098e-07;0.981328;1.54618e-06;5.63802e-05;0.000530717;0.0031188;2.58337e-06;0.00133424;7.30645e-07;5.19151e-05;1.34579e-06;0.000229601;0.00744454;0.00589886
1.34244e-09;1.67176e-09;1;2.9214e-09;9.42906e-12;1.73142e-11;1.65665e-09;3.11793e-10;8.4748e-10;1.92196e-10;3.60074e-09;6.19532e-08;3.20983e-09;1.5146e-13
3.09546e-07;1.17074e-06;9.54417e-05;2.70334e-06;1.87445e-06;1.0273e-06;1.42643e-08;5.98465e-05;6.60151e-05;4.11688e-09;3.87314e-06;0.999765;2.02522e-06;1.05628e-06
2.96899e-06;0.00165061;9.45637e-07;3.04807e-07;8.91196e-07;2.60512e-05;1.84089e-08;2.47321e-06;1.10291e-06;2.51033e-08;2.12556e-07;5.98034e-08;0.998313;7.71506e-07
5.78325e-06;0.000219066;6.29425e-05;1.61736e-07;0.00193162;2.72074e-06;4.54001e-11;0.000176484;1.86719e-08;9.06382e-09;2.33933e-08;0.995426;9.86655e-06;0.00216557
1.97194e-06;0.00519868;9.72393e-08;1.63044e-06;0.000917569;3.71528e-07;2.68296e-10;0.993791;5.16752e-07;1.75825e-08;1.84836e-08;4.28748e-05;9.96356e-06;3.49157e-05
3.724e-07;2.71248e-05;3.31685e-11;4.22886e-09;1.29017e-05;2.33878e-10;3.56197e-11;0.999959;1.86282e-09;4.64789e-09;7.6538e-11;1.6186e-07;2.57119e-07;1.10579e-08
2.88479e-07;3.12544e-06;0.999907;1.09745e-06;4.16972e-06;5.37072e-07;1.13497e-09;4.29649e-07;6.4893e-10;3.09425e-06;3.78976e-09;7.99694e-05;5.07e-07;4.61853e-08
1.13676e-05;0.974418;0.000304498;1.6432e-05;4.3761e-06;2.72203e-07;2.22675e-05;0.0231528;0.000406324;4.97905e-07;0.000616821;0.000716169;0.000310126;2.00811e-05
