3.66577e-05;0.955159;5.35058e-06;6.00623e-06;3.36332e-05;5.29241e-05;9.38633e-06;0.0105937;1.36074e-05;6.27227e-06;5.95149e-06;0.000441037;0.0331349;0.000502092
3.83168e-05;0.816709;1.58022e-05;0.000130714;0.000181698;5.50455e-05;5.53929e-06;0.0158643;2.41331e-06;5.35226e-06;4.16291e-05;0.126337;0.00665523;0.0339586
1.47522e-06;0.0013518;1.81253e-09;7.34884e-06;5.23281e-06;1.92105e-06;5.21305e-08;0.000277641;7.3084e-06;5.71701e-08;1.69278e-05;6.20997e-06;0.000616317;0.997708
0.000456877;0.744412;1.13215e-06;4.2323e-05;1.95999e-05;6.88682e-07;0.000157404;0.01219;0.00110029;3.12737e-06;0.00287099;0.207676;0.0308719;0.000198358
1.15833e-06;0.779681;2.4404e-05;3.59277e-06;8.79908e-06;2.51484e-05;5.30891e-08;1.72305e-05;9.44267e-10;3.11934e-06;3.18917e-08;3.63978e-05;0.220192;7.10124e-06
2.38066e-05;0.00694719;3.87045e-05;2.03685e-05;0.0015999;1.69319e-05;6.95337e-07;0.470886;2.56831e-05;2.96886e-06;1.28092e-05;0.513157;0.00587866;0.00139008
9.19991e-07;0.144397;7.42431e-10;0.000194559;0.000326641;0.339139;3.52711e-06;3.85316e-05;1.53014e-06;4.16275e-05;0.000213074;1.26486e-06;0.498331;0.0173112
2.91847e-05;0.000125163;0.716021;2.70273e-06;4.08137e-07;2.46246e-06;2.8292e-07;3.03819e-05;1.0833e-08;1.43281e-06;1.15419e-06;0.282774;0.00100829;3.75425e-06
4.72036e-06;0.966283;1.56773e-06;2.72304e-06;6.12885e-06;3.4419e-05;1.72825e-06;0.0169221;2.53732e-06;4.59373e-07;1.38022e-05;2.24825e-05;0.0164131;0.000291738
3.26442e-07;0.991144;3.55029e-08;4.41245e-07;2.90017e-08;2.0978e-07;0.00773875;6.3122e-06;1.3244e-07;0.000743747;2.57888e-06;7.4591e-08;0.00036215;1.29023e-06
1.4339e-08;2.10529e-08;0.999996;7.88688e-07;1.19529e-09;2.39755e-07;9.25353e-07;1.16653e-08;4.8771e-07;9.44582e-08;9.07368e-07;8.79679e-08;1.96361e-07;3.14868e-10
3.47183e-07;0.999956;1.17529e-06;4.66914e-06;5.49817e-08;2.96911e-09;6.08199e-07;1.42871e-05;5.58232e-08;1.11915e-07;3.17725e-07;4.50206e-06;1.767e-05;1.34038e-08
1.10118e-06;0.0217732;2.33517e-09;4.76814e-06;0.000462148;4.82428e-07;1.59157e-05;0.977463;1.98045e-06;3.89434e-06;2.22213e-05;3.48379e-05;0.000201244;1.49501e-05
2.05625e-06;9.30985e-05;9.48957e-05;4.5222e-05;0.00112903;7.8663e-06;9.92161e-07;0.001391;2.27005e-06;1.28947e-06;6.06592e-05;0.997126;4.51593e-05;6.23928e-07
2.96176e-05;0.974526;8.57348e-08;3.53662e-06;1.8609e-06;1.25472e-06;0.0204243;0.00227549;0.000134955;9.59445e-05;7.73335e-05;1.52155e-09;0.00241103;1.88405e-05
5.73589e-09;1.10274e-09;1;4.28813e-09;2.34397e-11;3.09034e-11;2.46824e-09;2.96074e-10;2.16168e-08;3.91429e-10;1.24176e-09;9.979e-09;1.5114e-10;1.56822e-12
7.74793e-06;0.00287341;0.00296121;0.000155795;1.03396e-05;1.59791e-05;5.41361e-08;0.00204883;0.000956471;4.9542e-07;8.75409e-05;0.990819;5.18319e-05;1.09236e-05
0.000134512;0.569741;6.95995e-05;4.45214e-05;0.00156511;0.00519996;7.08108e-07;0.0688359;1.05632e-05;2.25012e-05;0.000112594;0.00699205;0.347031;0.000239286
2.50269e-06;0.511661;5.12237e-08;3.83489e-06;2.56023e-05;5.40861e-05;3.7269e-05;0.000300513;4.22013e-09;0.00170826;4.28214e-07;0.000117179;0.000101526;0.485987
5.31398e-13;5.71423e-11;1;2.06477e-13;5.3453e-14;1.98604e-13;4.01144e-14;3.21975e-12;1.66909e-15;2.52639e-14;2.71819e-15;1.16518e-11;1.39282e-11;1.21451e-15
2.63252e-06;0.0201263;0.000244601;0.000184969;1.36022e-05;0.00069857;3.73086e-06;0.00462571;0.000673658;1.56365e-05;0.000494654;0.000141593;0.972773;1.56392e-06
