3.86005e-06;0.999816;1.77052e-05;3.14716e-05;4.80252e-06;1.30035e-07;2.76878e-07;6.06287e-05;5.68866e-07;1.68344e-06;3.53175e-07;3.01834e-05;1.37407e-05;1.81703e-05
3.96416e-06;5.39744e-05;2.5166e-10;3.17364e-08;2.25043e-07;1.62801e-08;4.79767e-08;0.999935;5.88772e-06;2.72736e-08;2.4776e-07;1.32208e-09;6.13878e-07;7.36663e-08
1.69102e-06;0.999441;3.58813e-06;1.71531e-07;1.22842e-07;1.1324e-08;0.000288899;1.22877e-05;4.03608e-07;1.73726e-05;2.78409e-08;0.000230682;1.06773e-06;3.13813e-06
4.19051e-09;1.88271e-08;1;4.98116e-09;2.55976e-10;3.92547e-11;1.1379e-07;7.69543e-11;9.93828e-09;3.34286e-10;8.04355e-09;1.57651e-08;1.879e-10;4.83714e-11
2.32443e-08;0.994513;1.893e-09;1.3259e-10;9.59999e-11;4.92603e-11;1.23046e-08;8.89683e-08;7.38573e-10;4.67461e-11;1.65708e-09;2.45749e-05;0.00546183;2.02471e-10
2.11777e-07;0.39855;1.74144e-06;2.3375e-06;0.00021327;2.70488e-05;1.68258e-08;0.1344;1.68617e-07;6.89214e-07;3.99381e-08;0.465521;0.000117731;0.00116667
6.8474e-07;0.0960961;1.78935e-05;1.39939e-06;6.05254e-06;0.000480866;1.6175e-07;0.00114709;6.17913e-08;6.34411e-07;1.92248e-06;0.899674;0.000162213;0.00241109
9.37099e-08;0.999036;1.46131e-08;1.55406e-07;2.97693e-09;2.24887e-08;1.04542e-05;0.000661018;1.32784e-08;2.25331e-06;1.44688e-08;4.09689e-08;2.97382e-07;0.000290301
1.23385e-08;1.23078e-06;0.999996;3.26037e-08;3.00888e-09;1.24713e-09;2.905e-08;8.45355e-09;7.99161e-09;6.59057e-09;1.5773e-08;2.67729e-06;6.69331e-09;3.60928e-09
7.54002e-07;0.982564;9.76648e-10;2.46374e-09;5.47639e-09;3.26227e-08;8.23772e-07;9.84046e-06;3.37836e-08;1.63694e-08;5.97122e-08;2.96806e-05;0.0173949;2.39043e-09
3.54539e-07;0.00471925;2.8715e-05;1.72253e-05;9.33526e-05;0.00833811;4.73689e-07;0.00283147;1.46885e-07;8.41437e-06;6.00426e-07;0.849312;0.00195408;0.132696
7.79476e-08;0.894958;2.5154e-07;1.9398e-05;2.69799e-05;0.00166791;3.64706e-06;0.00060177;3.25782e-08;2.87821e-06;1.08232e-05;0.000153413;0.0906123;0.0119427
5.02104e-06;0.0117269;0.000247914;0.000342661;6.97231e-05;6.93394e-05;1.87397e-05;0.000787359;4.10632e-06;4.45891e-06;0.000775655;0.335189;0.650749;1.04618e-05
0.000251157;0.042593;1.39067e-07;0.000294656;0.00127005;0.00375605;6.68582e-06;0.940173;0.00122484;1.67998e-05;0.000111626;0.000189142;0.0100896;2.32955e-05
0.000143394;0.987645;2.94085e-06;0.000142466;7.69019e-05;1.20877e-05;6.95343e-06;0.00577453;6.89878e-06;3.77023e-06;1.19551e-05;0.000364815;0.00572725;8.11173e-05
0.00103497;0.906899;9.60126e-07;8.10775e-05;0.00115951;8.19904e-05;6.40072e-06;0.0311015;5.53253e-06;2.33127e-05;1.2008e-06;0.0156382;0.0433449;0.000621559
0.000195024;0.0134762;4.94438e-05;0.000165164;0.0128167;2.13164e-06;2.58701e-07;0.584124;1.90635e-05;5.50307e-06;3.38524e-06;0.385943;0.000204708;0.00299509
7.53234e-07;0.372548;3.45848e-06;8.30781e-07;2.4242e-07;2.26919e-08;4.14972e-06;2.2877e-09;1.31671e-09;3.50089e-05;2.2911e-08;9.84343e-07;1.98546e-08;0.627407
0.000125451;0.00266982;1.58038e-07;1.81021e-06;7.25581e-08;2.17561e-07;0.668102;0.00159928;0.183164;3.16593e-07;0.143863;2.04842e-06;0.00047219;5.43206e-08
2.51624e-07;0.991952;3.60258e-10;4.04838e-09;1.11954e-09;1.6487e-09;3.98437e-07;1.06933e-06;1.90613e-07;5.05962e-10;1.69498e-07;1.88946e-06;0.00804396;1.28634e-10
0.000108889;0.0796237;0.000203094;1.46781e-05;0.0131622;0.00134657;3.93538e-07;0.00512491;7.08795e-06;1.87683e-05;9.34537e-07;0.874784;0.00058655;0.0250179
0.000229582;0.495495;5.66065e-05;7.22417e-05;0.000126229;0.0027491;0.000171502;0.0162162;0.000386846;3.57984e-05;0.00248609;0.00470239;0.475272;0.00200038
1.07573e-05;0.518618;2.18433e-06;8.49335e-05;0.000104503;2.56212e-05;5.57664e-05;0.480216;3.1101e-05;8.58613e-05;4.03643e-05;7.72575e-07;0.000712436;1.10931e-05
9.38007e-11;3.20938e-11;1;2.73913e-10;1.92241e-11;7.06017e-13;1.85974e-11;1.45933e-12;1.09636e-10;7.66666e-12;1.50613e-10;5.45752e-10;4.34692e-13;2.87006e-13
0.000256689;0.803528;3.64472e-06;8.35541e-06;4.07271e-05;4.43335e-06;3.4146e-05;0.0327461;0.00127957;1.36641e-05;0.00056051;0.0175717;0.143873;7.92801e-05
9.9793e-05;0.627997;2.24733e-06;2.16978e-05;0.000223449;3.1508e-05;2.05592e-05;0.0164659;8.52566e-05;6.35593e-05;0.000101105;0.0113894;0.00918146;0.334317
9.8368e-06;0.969959;2.89875e-06;0.000188927;4.3569e-05;6.6291e-06;2.7328e-06;0.00628013;0.000140569;4.61058e-06;0.000124946;0.0218753;0.00112604;0.000234657
3.99818e-06;0.0289566;2.72875e-11;1.66035e-06;0.00862285;3.61348e-07;1.45465e-06;0.96142;1.23496e-07;7.09436e-06;2.49272e-07;0.00015903;5.25278e-05;0.000773775
6.15365e-06;8.60588e-06;0.998249;1.62388e-05;6.35291e-05;7.92436e-05;6.54376e-08;3.76932e-06;1.31683e-08;4.0603e-06;6.05789e-07;0.00148693;7.05578e-05;1.12046e-05
2.80191e-05;0.991438;8.73183e-09;1.89596e-07;8.83946e-08;1.18294e-07;0.00800711;0.000366939;2.47732e-06;6.33156e-05;1.52678e-05;6.35573e-07;1.03648e-05;6.78326e-05
7.67534e-09;5.89134e-09;0.999999;3.08147e-08;6.08881e-10;2.22114e-09;7.15304e-08;7.79687e-09;6.34439e-08;2.86058e-09;2.01178e-07;5.32154e-07;4.89497e-09;4.42226e-10
1.86015e-05;0.949888;2.7976e-08;4.31292e-05;1.36302e-06;1.23335e-05;3.11987e-05;0.0129829;0.00131388;2.52704e-06;0.00158688;0.000361299;0.0337492;9.07615e-06
6.08625e-06;0.992994;1.4042e-05;4.36345e-06;3.14134e-06;1.56388e-06;6.74896e-07;0.000281681;1.71098e-07;5.96469e-06;2.50155e-06;0.00518799;0.00117962;0.000318357
0.000130817;0.320663;0.00046678;0.000700113;0.0199113;0.000340976;0.000150507;0.36431;0.000112693;0.000540752;0.0098462;0.0105978;0.22876;0.0434695
3.17677e-06;0.00554318;5.33189e-09;4.44108e-06;2.98278e-05;0.00149046;1.05523e-05;4.45455e-06;1.3104e-05;6.3938e-06;0.000304331;0.000101419;0.992475;1.36395e-05
2.83275e-05;0.00149133;0.959426;1.90358e-06;6.33204e-07;3.89476e-08;4.55725e-05;2.77355e-09;3.74547e-08;0.000409411;9.26255e-08;0.0385442;1.08149e-07;5.27769e-05
1.56937e-06;2.15708e-07;0.999962;7.00414e-07;1.52614e-08;5.56663e-09;9.01956e-07;1.97632e-09;6.21497e-06;4.0288e-08;6.89539e-06;2.11392e-05;2.49948e-07;3.80735e-10
9.59555e-08;0.000463325;2.9894e-11;6.40791e-09;4.04757e-06;2.57834e-10;1.28874e-09;0.99953;8.31185e-08;1.05484e-08;1.91444e-08;2.26734e-06;2.32743e-08;4.75746e-07
2.0889e-08;4.34777e-06;0.999919;1.9207e-07;6.67777e-07;1.00339e-06;1.2567e-09;8.63566e-08;9.97938e-10;2.32352e-07;7.58362e-08;5.98388e-05;1.48933e-05;2.1463e-07
1.8588e-07;0.998828;5.98771e-10;4.35666e-09;5.40915e-09;2.81007e-09;0.00110828;3.49386e-05;4.78382e-08;7.94633e-06;2.40863e-06;6.62114e-08;7.1836e-07;1.71387e-05
9.20433e-11;8.65524e-11;1;2.64062e-10;2.13326e-11;2.52766e-11;4.7818e-10;2.22301e-11;4.24725e-10;3.30443e-11;1.89458e-09;6.77402e-08;9.54194e-11;5.71161e-12
8.25405e-06;0.977396;1.56134e-07;2.84012e-06;4.34182e-06;1.3548e-06;2.65433e-05;0.0190313;1.77611e-05;8.44335e-06;3.39415e-05;0.000159272;0.0032682;4.14989e-05
4.06396e-05;0.869286;0.000542067;6.29879e-05;1.93088e-05;3.947e-06;7.32541e-05;0.0795092;1.7916e-05;0.000203783;7.83925e-05;0.0212949;0.0288556;1.24271e-05
0.00010228;0.520053;4.20949e-05;0.0212927;0.00506259;0.047272;0.00838886;3.17611e-05;0.000243055;0.100315;0.00770058;0.00299451;0.000751441;0.28575
0.000180694;0.961504;2.81677e-06;1.08021e-06;4.3472e-08;4.564e-07;3.0994e-05;0.00171909;7.37922e-06;4.54055e-07;0.000577799;0.0204673;0.015507;3.76794e-07
5.31875e-08;0.999373;1.06295e-11;6.47788e-07;0.000242836;6.7657e-07;1.05873e-08;0.000255412;1.37325e-08;8.94549e-07;3.87829e-08;7.41468e-05;5.80938e-06;4.65875e-05
9.76509e-05;0.000477711;0.0220952;0.000682522;0.000725627;0.0525428;3.74244e-07;4.0819e-05;3.82392e-06;0.000364322;8.62282e-05;0.921154;0.00114595;0.000582735
7.67748e-05;0.996972;2.76517e-08;7.57887e-08;1.0264e-08;1.6642e-07;0.000820414;0.00209469;4.30335e-07;6.01178e-06;2.13492e-06;4.03802e-08;1.88341e-05;8.14427e-06
1.949e-09;1.13842e-08;0.999999;1.99389e-09;1.86013e-10;7.3282e-09;1.40656e-06;2.49304e-10;5.76395e-10;1.44535e-07;1.75792e-09;2.9578e-10;2.9645e-09;1.58287e-09
3.07271e-09;7.51477e-09;0.999998;2.28942e-08;1.37282e-10;4.7014e-10;1.15059e-08;2.65329e-09;1.26001e-08;1.27474e-09;8.35655e-08;1.67596e-06;4.32151e-09;1.36004e-10
1.78933e-08;0.000536142;0.00252905;1.66495e-06;7.0201e-07;1.77746e-07;1.25625e-08;3.87781e-05;5.74003e-09;4.53659e-08;1.50041e-07;0.996883;2.14407e-06;8.19468e-06
1.76038e-07;0.641188;9.78783e-11;3.05097e-05;5.56387e-05;0.0108793;4.52384e-07;0.000684221;1.89204e-07;1.12908e-06;4.85373e-05;1.13165e-06;0.347075;3.6031e-05
1.00705e-05;0.0804362;0.0218416;0.000265255;3.17724e-05;0.0005789;5.98293e-07;0.000956724;6.18194e-09;5.96051e-06;1.37415e-05;0.892064;0.0012215;0.00257405
2.76159e-06;0.512047;2.73984e-09;5.40821e-05;2.80632e-06;0.00199666;7.50296e-07;5.11296e-05;1.86349e-06;8.84498e-08;3.38607e-05;0.000353863;0.485455;5.94422e-07
2.7433e-05;0.860837;6.76769e-05;4.99319e-07;5.89897e-06;2.49253e-05;2.44738e-09;0.0889053;5.5492e-08;5.18049e-08;2.06799e-08;2.34297e-05;0.0500836;2.37181e-05
0.000171392;0.321804;0.00379761;0.000955557;0.0133914;0.0328014;2.02016e-06;5.64571e-05;0.000338913;0.000103429;6.35502e-05;0.289771;0.0240183;0.312725
0.000302543;0.183372;1.42353e-05;9.52494e-06;0.00408888;0.000298022;6.47261e-06;0.00103087;7.15495e-06;0.000101636;2.89568e-06;0.000239317;0.000564689;0.809962
0.000291204;0.0704331;0.00126123;7.49308e-06;0.000446618;0.000531558;6.31488e-06;0.000784919;2.5595e-05;6.9322e-06;1.98552e-05;0.757402;0.000512364;0.168271
2.50825e-08;0.984725;1.9582e-11;3.73114e-09;1.84014e-07;1.17573e-08;1.01524e-06;1.94809e-05;7.54727e-10;4.11352e-07;2.81421e-10;2.5563e-10;1.28888e-07;0.0152536
6.51496e-12;2.00744e-12;1;2.86696e-12;9.09337e-12;3.8438e-13;6.38705e-12;1.52991e-12;4.91172e-13;3.76085e-12;6.17299e-13;8.65317e-10;1.31754e-12;2.8646e-13
9.29267e-07;0.999306;9.31821e-11;9.88476e-08;1.63425e-07;1.16343e-08;0.000610563;3.78822e-06;1.39689e-06;2.2312e-05;1.04703e-06;7.38521e-08;4.93237e-05;4.19239e-06
1.4785e-08;1.03003e-08;0.999995;2.33201e-08;5.96286e-10;2.96779e-10;3.85297e-07;8.7831e-10;1.20657e-08;1.49726e-08;1.45082e-08;4.93525e-06;4.77351e-09;3.51759e-10
0.000385862;0.941706;5.34019e-06;0.000165869;2.96141e-06;1.72799e-05;0.000126798;0.0325739;0.0167247;1.49461e-05;0.00212661;0.000358723;0.00546243;0.000328359
5.65862e-05;0.189151;1.11413e-05;3.99352e-05;1.84873e-05;8.87303e-06;6.3378e-06;0.00099939;1.48654e-05;2.16163e-05;1.7133e-05;0.809201;0.00029313;0.000160808
4.45771e-06;0.000547549;3.78407e-08;4.87388e-07;6.32989e-05;1.65972e-07;6.76781e-07;0.999364;4.36049e-08;1.09313e-05;1.91489e-08;1.44295e-07;4.64578e-06;3.79836e-06
1.42118e-05;5.10453e-06;0.99956;3.4335e-06;2.48214e-05;1.19583e-05;2.95217e-08;9.23292e-07;4.34338e-08;1.64132e-05;7.45384e-08;0.000357063;5.14027e-06;7.02912e-07
3.5852e-07;0.000540005;2.9874e-08;3.31492e-08;1.52378e-10;3.35348e-09;0.988197;5.03347e-09;3.05207e-06;0.0112499;7.03349e-07;1.03309e-10;6.59212e-09;8.92575e-06
1.75618e-13;5.90264e-15;1;1.3312e-12;8.69477e-14;2.47414e-13;5.19302e-12;1.43114e-15;6.46621e-13;6.14846e-13;3.55809e-12;2.25447e-11;1.92711e-16;7.88528e-16
