1.23351e-05;0.995544;0.00335176;3.21932e-05;6.18766e-05;9.82619e-08;1.13783e-07;0.000551893;1.4928e-07;2.81703e-07;1.33818e-07;0.000242976;0.000201706;7.1971e-07
9.83798e-07;0.997567;4.65828e-09;9.9749e-07;1.88196e-06;1.21566e-06;0.000934889;0.000308028;5.74435e-08;0.000809882;9.20283e-08;6.33966e-10;8.0711e-05;0.0002947
4.08835e-12;4.67192e-14;1;5.23008e-10;1.84167e-10;1.78612e-10;1.50885e-11;4.72919e-14;2.10227e-12;2.66879e-11;2.79723e-11;2.07429e-08;5.23178e-14;1.48963e-11
7.75149e-06;0.960143;5.70089e-07;4.61807e-06;2.52183e-06;1.0842e-06;0.000204692;0.00928788;2.46728e-05;2.68273e-07;0.00010052;2.43535e-06;0.0302201;9.99305e-08
0.000176913;0.900224;0.000121434;0.00123413;7.33997e-05;0.000123662;1.64017e-05;0.0848059;0.00106174;7.99081e-06;0.00151631;0.0102346;5.69315e-05;0.000346482
0.00127669;0.111003;0.000926236;0.000141029;0.000839446;9.67453e-05;4.46809e-06;0.103944;0.00030808;1.30274e-05;0.0010376;0.504515;0.274772;0.00112334
0.00189762;0.0912618;9.23881e-06;6.99993e-06;0.000200912;3.49805e-07;5.93993e-07;0.00232073;0.000909518;5.83961e-07;6.56459e-05;0.885311;0.000415167;0.0175995
8.79954e-08;0.99924;2.95935e-08;3.31932e-10;2.23464e-07;1.54869e-09;7.87133e-09;2.592e-08;7.3201e-12;3.56185e-07;3.1913e-12;4.00135e-10;1.02579e-09;0.000759055
3.44297e-11;4.03101e-12;1;3.9036e-13;5.34355e-12;1.82098e-12;2.46418e-12;7.59077e-12;1.26373e-12;4.74788e-13;4.06518e-13;1.17424e-07;1.83762e-13;1.10832e-12
1.30281e-05;0.79763;0.000176853;2.04619e-05;0.000140013;0.000695978;2.21141e-05;0.0869944;3.70884e-05;1.19381e-06;0.000184675;0.00835402;0.100988;0.00474225
1.0406e-05;0.976105;3.68645e-07;2.70761e-06;2.5558e-05;2.23647e-05;4.25754e-06;0.000978048;2.58476e-06;1.59287e-05;2.78507e-05;2.59375e-05;0.0227719;6.67229e-06
4.36193e-08;1.91397e-07;1;1.20793e-08;4.15273e-10;3.85081e-10;5.2063e-08;1.02771e-09;2.82325e-08;6.20934e-09;4.92209e-08;3.20452e-08;1.6245e-08;5.01063e-11
5.66948e-05;0.187078;9.31276e-07;7.43381e-05;1.00068e-05;4.78518e-05;5.18847e-05;0.00383156;0.000521342;7.60939e-06;0.000708111;0.773673;0.0339117;2.61785e-05
1.37913e-06;0.938305;2.68569e-06;8.8293e-07;8.32546e-07;1.43958e-07;2.73469e-06;0.0117144;8.49469e-08;6.04007e-07;7.56808e-06;0.000279014;0.0496841;2.14697e-07
1.16777e-07;0.000901721;2.3033e-10;0.000113653;2.83423e-05;0.00095777;1.169e-05;3.35269e-07;4.18069e-06;7.68103e-06;0.000218512;0.00120445;0.996495;5.70482e-05
3.55546e-05;0.000882727;0.994225;8.98934e-05;3.60482e-07;5.70799e-07;0.00167383;3.52847e-07;7.2514e-06;0.00299601;9.74353e-06;7.55211e-05;7.161e-07;2.38085e-06
1.67487e-07;1.6745e-07;0.999979;2.75135e-07;1.86272e-09;2.34664e-09;9.39794e-06;5.72782e-09;4.01723e-06;6.45108e-08;6.17198e-06;1.86805e-07;5.54443e-09;1.68626e-10
2.63204e-05;0.00994619;1.48878e-05;4.42548e-06;0.000110511;1.60523e-06;1.55567e-05;0.980319;0.00446151;4.43136e-06;0.00148798;0.00150046;0.00210515;1.87724e-06
1.53978e-05;0.991835;1.51379e-09;1.6751e-06;6.86758e-07;1.76079e-07;0.000160717;0.00737494;5.77445e-05;0.000329768;1.9947e-05;2.05953e-06;7.23057e-05;0.000129793
1.01879e-08;1.22925e-08;0.999999;1.58569e-09;4.48728e-09;3.86342e-12;2.3376e-08;4.71177e-10;4.85716e-10;2.24423e-09;1.1902e-09;8.1244e-07;2.15154e-12;3.79862e-10
2.15656e-05;0.99303;2.27118e-07;3.50048e-07;2.73188e-06;2.16389e-08;0.000300871;0.00579054;5.21661e-05;3.8422e-06;4.18087e-05;0.000520444;6.05068e-05;0.000175435
2.50754e-05;0.0498282;1.41445e-05;5.08471e-06;0.000763628;0.000236873;6.94457e-05;0.909512;6.75791e-05;2.85537e-05;1.81934e-05;0.0255254;0.012407;0.00149907
1.04084e-05;0.00172124;3.85475e-08;1.62489e-06;1.28602e-05;5.55137e-06;1.44068e-07;0.330892;3.70794e-06;3.71499e-08;1.21685e-06;0.000329002;0.666911;0.000111121
1.10758e-06;5.04404e-05;1.23158e-06;1.5813e-06;1.31977e-07;7.3357e-08;2.91426e-09;8.83632e-06;3.01807e-06;1.66983e-08;1.01154e-06;0.999915;1.64352e-05;6.72045e-07
1.28312e-05;0.294009;1.03317e-07;6.51129e-07;2.24661e-05;4.44845e-08;3.63339e-07;0.705823;1.57255e-06;3.98328e-07;9.589e-07;0.000104445;1.93157e-05;5.28811e-06
2.35838e-05;0.0298363;0.838853;0.00017682;0.00344876;0.000304615;7.38627e-07;1.5558e-05;2.21939e-08;0.000116732;1.22591e-06;0.0633399;0.0593368;0.00454575
9.35074e-05;0.0134912;0.000149098;5.13235e-06;0.000465651;2.16618e-05;5.72816e-06;0.855651;0.000126032;1.23598e-06;0.000978419;0.126486;0.00249973;2.48715e-05
6.46936e-05;0.811522;0.00930111;6.08671e-06;6.93913e-06;2.45604e-06;0.140351;2.77803e-05;2.00598e-06;0.0379363;5.084e-06;0.000386461;0.000152662;0.000235306
1.79449e-08;2.89294e-10;1;4.41457e-10;3.35281e-11;2.01265e-11;1.63647e-09;4.46713e-12;9.38695e-08;4.48248e-11;6.29328e-10;1.54537e-09;9.17702e-11;2.05556e-11
0.00302879;0.20676;0.21201;3.66308e-05;0.000359377;0.00113473;0.000257;0.419747;0.0185581;0.000114406;7.37526e-05;0.0985171;0.0338002;0.00560255
6.65793e-06;0.0583364;1.23402e-08;1.30973e-06;1.33174e-05;0.000285275;2.05969e-07;0.130065;2.70055e-05;1.18374e-07;7.95666e-06;5.24477e-07;0.811161;9.48042e-05
3.97726e-05;0.00900721;1.15954e-05;6.58919e-06;3.11576e-05;7.1337e-07;1.74371e-07;0.013479;1.76085e-05;1.59642e-06;7.69224e-06;0.976196;0.00118336;1.72597e-05
1.48234e-07;0.997857;1.47967e-09;8.85823e-07;7.51937e-07;8.34333e-08;1.34296e-07;0.000521173;1.285e-08;2.62295e-07;4.31967e-08;0.00159325;2.4929e-05;1.40721e-06
4.63467e-05;0.981882;1.47661e-06;7.93131e-06;5.4169e-07;1.41089e-06;0.000104236;0.00708321;2.96579e-05;2.35368e-06;0.00504448;0.000145293;0.00565041;2.44844e-07
3.80412e-06;0.107108;6.65222e-08;6.91204e-05;0.00218077;0.000683745;1.18646e-06;0.000512978;1.83309e-07;8.76982e-05;1.3132e-06;0.00385815;0.00372269;0.88177
2.745e-05;4.73658e-05;3.84965e-10;1.03289e-06;4.40306e-08;8.74827e-08;1.40878e-06;0.00101737;4.69575e-05;4.93663e-08;6.69531e-05;5.96329e-07;0.998791;7.60366e-08
5.49094e-05;0.000132342;2.91917e-07;5.86037e-06;6.07917e-07;1.00456e-07;5.48081e-07;0.000151044;0.000846266;6.60099e-07;9.10286e-05;0.998408;0.000295234;1.29942e-05
1.02321e-05;0.836837;0.000339936;2.19645e-05;9.22518e-06;8.36719e-06;1.6658e-07;3.3166e-05;1.68086e-08;7.9555e-06;5.59226e-07;4.14877e-06;0.162719;8.16949e-06
4.98441e-06;0.00326312;4.39127e-05;6.56587e-07;8.39647e-07;1.19639e-07;7.27914e-07;0.000792328;1.3135e-07;3.73357e-07;3.79944e-05;0.995471;0.000374216;9.80441e-06
5.9465e-07;0.540568;5.31487e-07;0.000104377;0.0109069;0.000529576;7.43197e-07;0.426426;3.3403e-07;3.99709e-06;2.25049e-05;0.000329777;0.0129292;0.0081775
3.76749e-06;0.00204747;5.5855e-08;1.53875e-05;7.1983e-07;0.00022074;2.39739e-06;2.20532e-07;7.0709e-07;5.74381e-06;0.000109359;0.000209396;0.997021;0.000362594
2.01874e-05;0.029644;0.969792;4.43428e-06;5.36048e-06;1.36407e-06;1.41551e-07;6.74796e-05;6.74591e-08;1.79448e-06;2.58888e-07;0.000259639;0.000189924;1.30211e-05
7.1086e-07;0.979499;2.84132e-07;1.98181e-07;2.87804e-06;1.71399e-06;3.27827e-07;0.0079916;3.87147e-07;1.27483e-07;3.26263e-06;0.000459559;0.0119905;4.92428e-05
3.42771e-07;0.997481;3.40109e-07;1.0792e-06;2.40761e-07;1.21971e-06;0.00113263;1.61052e-06;1.02793e-07;0.000625584;2.69794e-06;2.58798e-06;0.000687376;6.3431e-05
1.16268e-08;6.99977e-09;0.999999;2.01796e-07;3.04466e-09;6.84867e-09;3.40557e-07;1.21833e-08;1.12615e-07;1.48146e-07;1.57043e-07;2.34696e-07;1.52658e-09;2.75564e-09
8.96618e-06;0.000127474;2.89016e-10;2.04763e-07;3.80148e-09;2.50948e-08;2.47616e-06;0.999563;0.000209522;2.10135e-07;6.25937e-05;4.05737e-08;2.50567e-05;5.34318e-08
2.58877e-05;0.977801;0.000189286;8.13077e-06;2.658e-08;6.56977e-07;0.0168284;9.81827e-06;3.5716e-06;0.000433025;8.63214e-06;0.0045336;3.12307e-05;0.000126906
5.66078e-10;1.30376e-08;0.999981;3.53784e-10;1.03607e-12;3.25939e-12;1.89634e-05;1.78193e-11;5.81416e-11;1.52255e-07;1.16307e-09;3.95284e-12;4.09092e-13;1.31902e-10
1.09315e-11;8.37491e-10;1;8.21923e-12;7.00413e-13;1.69825e-12;1.88288e-09;1.16576e-10;4.72095e-12;5.12248e-12;5.0569e-11;1.01254e-08;1.27313e-10;1.17133e-13
1.58236e-09;1.28613e-05;1.94639e-05;3.22192e-07;2.94929e-06;1.20455e-06;4.5852e-09;1.82424e-07;8.04823e-08;7.60292e-09;7.52618e-07;0.999948;3.28391e-06;1.09716e-05
7.95677e-08;0.699004;6.47588e-09;3.02939e-07;3.62463e-06;9.90253e-05;2.32667e-09;0.000146658;3.34769e-09;1.10681e-08;7.1015e-08;3.30272e-05;0.300624;8.92094e-05
1.79719e-07;0.847067;7.02096e-08;2.95443e-06;0.00112265;0.000572543;9.07228e-11;0.0273806;5.33256e-11;2.25454e-07;9.81936e-10;0.00324896;0.114349;0.00625523
1.37186e-06;0.00284573;8.37909e-07;2.68156e-07;1.04717e-06;0.000467427;7.5944e-08;0.000128558;6.45018e-08;1.12999e-07;7.52963e-08;0.000816059;0.995736;2.592e-06
4.2281e-06;0.00444194;0.992877;2.5383e-06;2.71798e-06;2.24101e-06;7.12813e-05;2.09449e-06;1.31754e-08;0.00236973;1.29612e-08;0.000217689;3.46448e-06;4.88241e-06
2.60406e-08;5.91936e-08;0.999997;6.87621e-08;4.1714e-10;2.26583e-09;2.91023e-07;1.17421e-08;5.76984e-07;4.86916e-08;3.52557e-07;1.41312e-06;5.77022e-08;4.53821e-12
7.07223e-06;3.46898e-05;2.77196e-07;3.88098e-08;3.23432e-09;2.30647e-09;1.70181e-07;0.999903;4.34459e-05;1.51429e-07;2.39161e-06;3.7501e-06;4.83986e-06;2.68348e-09
1.46274e-07;0.950709;1.99129e-09;3.7105e-07;3.30552e-08;1.14209e-08;2.57938e-05;1.2229e-07;4.13762e-07;0.000551864;2.82557e-07;5.06205e-06;2.76083e-10;0.0487064
7.96737e-08;2.08923e-08;0.999991;6.23469e-08;1.58294e-09;2.56221e-09;5.72321e-07;2.18969e-07;1.81268e-06;9.69633e-09;4.97382e-06;1.32835e-06;7.03249e-09;8.83303e-11
1.59949e-07;0.985778;2.16105e-10;1.09374e-10;1.59942e-10;7.2704e-10;1.88188e-07;2.39452e-06;3.49224e-09;4.09362e-09;3.06384e-09;6.73374e-07;0.0142182;3.11176e-10
5.75011e-06;0.00118595;0.000342878;9.17584e-06;0.000421818;1.35193e-05;6.14209e-08;0.000675302;2.74606e-06;3.56368e-07;4.15124e-06;0.996663;0.000620382;5.44598e-05
0.000226518;0.0385642;5.66914e-09;5.59623e-07;5.21801e-05;0.000570472;1.04282e-06;0.872284;0.000246963;8.20845e-07;2.17256e-06;6.32421e-07;0.0879202;0.000130007
0.000115779;0.00131551;1.09993e-06;1.35277e-06;5.92088e-06;6.88959e-06;2.43574e-07;0.984692;2.44192e-05;5.24964e-08;9.50854e-07;3.57711e-05;0.0137956;4.04311e-06
0.000315605;0.0054603;9.21489e-05;3.56919e-05;6.89509e-06;6.90094e-07;3.04696e-06;0.00996825;0.00096028;7.67225e-06;0.000109412;0.981753;0.00125939;2.79019e-05
5.56089e-07;0.997822;5.30836e-09;2.25484e-06;8.38041e-07;2.19561e-07;4.59408e-07;0.000560866;1.96202e-07;7.83495e-07;5.50759e-07;0.00149068;0.000119854;1.01802e-06
0.000105583;0.934935;0.000111876;0.000116059;1.00222e-05;5.28438e-05;0.000595459;0.017923;0.000106672;3.1981e-05;0.0375958;0.00046779;0.00794481;3.00331e-06
3.03598e-06;0.0464344;1.23777e-07;0.000105315;0.0017932;0.00165736;3.14657e-06;0.0007038;9.69143e-08;6.49865e-05;5.59726e-06;0.00438936;0.0279312;0.916908
2.48225e-06;2.22557e-05;5.90299e-11;3.89914e-07;3.92201e-08;1.23178e-07;2.74797e-07;0.00019292;8.41608e-07;1.03407e-08;2.67765e-05;1.44883e-07;0.999754;5.00972e-08
7.30788e-06;0.000112693;2.13189e-08;1.71005e-06;1.3849e-07;5.7252e-08;6.66331e-08;3.95702e-05;3.03703e-05;1.48536e-07;2.07567e-05;0.999755;2.99489e-05;2.28418e-06
5.62048e-07;0.332892;1.57833e-05;1.39678e-06;7.18052e-07;2.99839e-06;3.4468e-10;4.60128e-06;3.74888e-10;9.5738e-08;3.30151e-08;4.06685e-06;0.667077;1.54241e-07
5.29544e-07;0.000234693;6.75517e-07;4.03032e-06;3.39656e-06;1.61597e-07;1.69614e-08;0.0198676;1.00175e-07;4.03659e-07;2.84632e-06;0.979873;1.59574e-06;1.12745e-05
5.72041e-06;0.155139;0.000160071;0.000128964;0.00783316;0.000174021;7.49747e-08;0.827897;6.10742e-08;1.11788e-06;4.86823e-06;0.0051142;0.00294662;0.000594973
4.74114e-08;5.70467e-07;1.68805e-09;2.5012e-09;1.49161e-11;4.27411e-07;5.7414e-09;3.32057e-09;1.31001e-08;3.88871e-09;5.18714e-07;4.73195e-08;0.999998;8.7537e-11
8.28564e-09;8.71276e-07;0.999999;1.83706e-08;2.72822e-10;1.89072e-10;6.44922e-10;1.23214e-09;3.34074e-10;2.09789e-08;1.30714e-09;4.73253e-07;1.70493e-09;5.07564e-10
8.25385e-07;0.994712;1.44073e-05;6.4411e-05;4.99273e-06;2.60052e-06;8.41608e-06;0.00316227;8.5985e-05;2.26146e-06;0.000809621;1.49756e-05;0.00107385;4.3981e-05
