4.8509e-06;0.998226;0.000896242;8.04864e-05;4.17115e-06;1.90256e-07;2.53544e-06;6.661e-05;8.03969e-08;8.33224e-06;1.29391e-07;4.37794e-06;0.000668759;3.73412e-05
8.09742e-05;0.474525;0.000107556;0.000211495;0.000403272;0.000435356;3.28028e-06;0.51854;2.615e-05;8.61564e-06;1.69239e-05;0.00123929;0.00407289;0.000329711
0.000482155;0.0639087;0.00098742;0.00209164;0.0164136;0.0412033;0.000286882;0.177239;0.00207875;0.000347292;0.0071597;0.0198833;0.644548;0.0233705
0.00210238;0.568822;3.77511e-06;0.00257655;0.131157;0.000359644;0.000477638;0.286621;0.00267048;0.000789386;0.00128178;0.000395338;0.00086152;0.00188185
0.0029472;0.00645791;0.626044;0.00086835;0.00306839;0.000215845;4.16478e-06;0.00010354;2.32978e-05;6.2349e-05;7.99187e-05;0.359144;0.000765267;0.00021632
1.69009e-05;0.988631;9.62154e-10;6.2497e-09;2.61497e-08;5.64943e-10;0.0112274;1.4415e-06;1.10425e-07;7.47341e-05;5.91049e-07;8.10452e-10;7.53892e-07;4.73902e-05
1.77865e-12;2.14033e-14;1;7.53148e-13;2.86199e-12;2.68887e-12;2.76069e-12;7.47521e-15;2.83357e-13;3.32291e-13;2.55374e-12;7.25459e-10;4.53271e-14;2.21741e-13
3.0272e-07;0.982356;2.46714e-08;2.50961e-07;3.03397e-06;1.757e-06;3.67339e-05;0.00612026;6.88294e-06;2.11997e-07;2.77543e-06;8.05114e-10;0.0114651;7.13225e-06
6.60958e-11;2.17159e-10;1;8.6342e-10;1.10869e-10;1.50651e-10;5.64317e-11;4.33625e-10;1.69844e-10;4.22888e-11;3.56321e-09;1.81238e-07;1.84546e-10;2.40229e-12
9.94252e-09;4.95793e-05;0.998661;2.50602e-07;2.33228e-06;1.43729e-06;1.69595e-09;7.28363e-06;2.98576e-09;1.28775e-08;4.19088e-09;0.00126774;1.17596e-06;9.30266e-06
6.55661e-07;4.69878e-05;4.04327e-06;2.68662e-05;0.918971;0.0274777;3.62874e-08;0.0419231;1.90149e-05;1.23454e-06;1.07875e-05;9.55246e-06;5.61248e-05;0.0114531
8.19695e-07;0.00285134;0.960181;0.000113112;0.00782937;0.0202098;1.08791e-08;3.98629e-05;9.33512e-10;4.19951e-06;4.06391e-07;0.00523577;0.00048285;0.00305113
0.000153583;0.249673;0.00164465;2.81233e-06;7.36176e-07;5.4578e-06;4.63838e-07;0.100974;1.75621e-05;4.73419e-08;1.82069e-05;3.38904e-05;0.647476;2.05002e-08
2.7004e-08;0.999844;1.23673e-08;1.61313e-09;7.55179e-10;2.59819e-08;5.51224e-08;1.18154e-06;1.22371e-10;1.80115e-07;5.49078e-11;9.43455e-10;0.000154258;1.81899e-07
2.05498e-10;1.20036e-09;1;4.52955e-09;1.77477e-10;1.84388e-10;1.50322e-09;1.07479e-11;4.06159e-11;4.22222e-09;4.53207e-11;3.5279e-08;3.34554e-10;2.07182e-11
0.000187567;0.0061195;0.00119861;0.00804926;0.00678487;0.00213655;0.000547581;0.840713;0.0228708;0.000197354;0.0252545;0.0806584;0.00137054;0.00391142
3.32005e-07;0.960804;2.33686e-10;5.49034e-07;1.91269e-08;1.51085e-08;0.000321228;3.66763e-07;1.16221e-06;9.31808e-05;1.44648e-05;6.31765e-09;1.27918e-06;0.0387635
4.67801e-05;0.00135743;9.98972e-05;4.41973e-05;4.35497e-07;1.94938e-07;0.399142;2.65499e-05;0.0259571;2.41957e-05;0.567936;0.000788628;0.00457632;6.32705e-08
2.30877e-06;0.98905;1.51453e-10;5.68384e-08;3.32988e-07;3.57536e-08;4.16355e-07;0.00134289;9.08104e-07;2.40323e-08;1.01953e-06;2.27724e-05;0.00957819;1.63163e-06
1.05725e-05;0.0234971;5.65059e-05;5.47748e-06;0.000499399;7.63039e-06;3.32346e-09;0.00303722;9.06544e-07;7.605e-08;2.27206e-07;0.967001;0.00566957;0.000214072
9.09698e-06;0.164264;2.13681e-07;0.000177919;0.00709199;1.7871e-05;3.25994e-06;0.811007;8.76014e-05;3.60456e-06;0.000209871;0.000148388;0.0151607;0.00181799
6.41991e-05;0.0100352;0.956684;0.000721505;0.000212009;0.000131799;1.01339e-05;4.31724e-05;4.29915e-06;8.78736e-05;5.67797e-05;0.0153435;0.0154296;0.00117629
3.22274e-05;0.00669089;1.08942e-06;2.99529e-06;0.000125975;2.29817e-05;1.78968e-05;0.988564;0.00195926;2.38224e-06;0.00186283;2.83901e-05;0.000684198;4.58325e-06
1.0833e-06;0.950163;9.70723e-09;5.80754e-08;6.54454e-08;1.89679e-08;1.50087e-06;2.9583e-07;4.38338e-07;6.13909e-08;4.07875e-06;0.024038;0.0257913;1.08548e-08
0.000161917;0.0115268;0.00115195;7.21022e-06;0.10873;0.000146083;2.75821e-07;0.00225523;1.16405e-05;5.86767e-06;6.6657e-06;0.870824;0.00476211;0.000410413
3.20439e-05;0.0242818;8.91475e-06;8.39475e-08;4.18534e-05;0.000268102;1.51928e-07;0.881643;3.16989e-05;4.45116e-07;4.97042e-07;0.000186791;0.0934697;3.50267e-05
2.28789e-06;3.78593e-05;6.67297e-08;4.26713e-07;4.36911e-06;1.74668e-06;5.65626e-08;0.999361;3.99993e-05;1.99343e-08;7.97447e-07;2.7978e-07;0.000551388;2.33889e-07
0.000264491;0.000480791;5.70565e-07;1.95839e-07;4.18778e-08;7.52315e-09;1.4587e-07;0.998801;0.000415498;1.67806e-07;3.10977e-06;3.54748e-06;3.04714e-05;5.28928e-09
6.21187e-07;0.998848;8.88106e-09;3.45311e-06;7.64004e-07;5.20037e-07;1.59738e-06;6.82208e-06;1.62449e-07;0.000105239;6.48894e-08;5.53854e-05;4.02052e-07;0.000976923
1.70571e-07;2.1951e-07;0.999989;3.16269e-08;2.44581e-09;8.83864e-08;8.92588e-06;1.87715e-07;9.39532e-08;3.8301e-07;7.85274e-07;1.66769e-09;1.25987e-07;7.89549e-10
3.5624e-10;6.84275e-11;1;6.11488e-11;2.49347e-12;1.06366e-11;3.57397e-10;1.52244e-09;1.10374e-10;2.19262e-11;6.67249e-11;4.45634e-09;1.23607e-10;8.01472e-14
3.93775e-07;1.10684e-05;7.63902e-05;2.01854e-07;4.03927e-06;8.77081e-07;2.51417e-09;3.96214e-05;1.80553e-06;7.55358e-09;1.22852e-07;0.999849;1.42004e-07;1.58184e-05
8.32453e-07;0.996101;2.7602e-10;1.13164e-09;3.0963e-08;1.59971e-06;2.01495e-08;1.37446e-07;7.95404e-09;2.99325e-09;1.64486e-09;7.5395e-07;0.0038934;2.28354e-06
1.05113e-06;9.02329e-05;0.000205255;1.32251e-07;0.0146972;1.37507e-05;7.08763e-11;0.00119735;1.18869e-07;2.98142e-09;7.58361e-09;0.98353;1.83835e-06;0.000262947
3.43001e-06;0.0521457;4.52702e-09;3.45271e-08;1.69712e-06;1.00229e-05;6.13378e-07;0.946565;8.73953e-06;3.08812e-08;7.4614e-09;1.5243e-11;0.00126425;3.05592e-07
1.10502e-07;1.90261e-06;0.999993;2.24566e-08;3.52739e-09;4.64058e-10;2.67136e-10;3.93748e-08;1.5049e-09;1.16682e-10;1.00752e-10;4.77936e-06;1.62088e-07;3.06657e-10
9.28089e-07;0.00108576;0.0532976;2.80279e-06;3.48422e-05;6.47931e-06;1.76702e-07;0.00067184;4.4171e-08;4.43033e-07;1.51823e-09;0.00482383;6.25926e-06;0.940069
3.7072e-07;0.000543729;1.50189e-10;2.88094e-08;0.00196793;1.6009e-05;1.38887e-08;0.996849;3.85341e-07;4.69256e-08;1.93788e-08;7.49358e-08;6.97207e-05;0.000552662
9.48863e-08;1.45161e-06;0.999781;3.15485e-08;0.000179121;3.75107e-06;3.15457e-10;2.96064e-07;2.27114e-11;6.06944e-09;1.49866e-09;3.1648e-05;2.03766e-06;1.88517e-07
9.43442e-06;0.990292;2.36613e-08;5.35385e-08;8.59758e-05;1.61127e-05;0.000446443;8.19806e-05;3.6642e-06;8.67142e-06;1.12642e-06;4.86235e-08;0.00123252;0.00782176
2.01905e-10;3.89266e-11;1;7.85797e-13;1.01468e-10;2.69522e-12;2.62843e-13;1.23293e-13;4.9049e-12;2.35674e-13;2.17575e-13;2.4551e-07;3.68829e-13;7.47534e-12
2.76454e-05;0.447709;9.80772e-09;1.69985e-06;0.000438858;6.65383e-06;1.55338e-06;0.549978;0.000193906;1.77056e-06;6.6972e-06;2.41775e-05;0.00145128;0.000159217
3.48669e-05;0.0297389;2.51064e-06;1.36343e-05;5.93608e-05;0.000538766;1.55364e-06;0.00825532;4.83351e-06;1.36157e-05;2.1001e-05;0.942975;0.0173663;0.000974718
3.40983e-07;0.960449;4.79934e-07;1.10578e-06;9.74759e-09;2.2603e-07;0.00314489;1.18762e-07;5.15348e-08;0.000313251;7.8048e-07;1.04449e-05;4.24863e-07;0.0360793
1.93173e-09;3.8038e-09;0.999999;8.31944e-09;1.02814e-10;1.46869e-10;7.06817e-07;4.80808e-12;3.23724e-08;1.12683e-09;3.06244e-08;3.41974e-08;1.68827e-09;1.0612e-11
2.54611e-08;5.99862e-05;5.68676e-12;3.78966e-10;2.27239e-06;1.79484e-10;4.68977e-08;0.999938;3.54854e-08;1.61895e-09;2.34581e-09;2.57657e-08;7.96958e-09;1.21409e-08
6.15962e-07;2.07001e-05;0.997764;2.33215e-06;0.000143378;0.000154236;1.21547e-07;4.4454e-07;1.56465e-08;1.95766e-06;2.12225e-07;0.0012388;0.00066974;3.8864e-06
1.9443e-05;0.981383;6.06562e-08;1.77725e-07;6.38615e-06;2.74169e-06;0.00143108;0.0168417;1.86094e-06;3.42983e-05;4.84052e-06;1.70613e-05;7.0426e-05;0.000187319
8.86352e-09;1.26625e-08;1;1.43545e-09;2.03043e-10;9.49012e-10;1.8495e-08;1.8981e-10;1.65636e-08;2.27883e-10;3.96693e-09;1.30398e-08;7.45711e-09;3.49521e-11
2.95931e-06;0.989258;3.33695e-06;1.42362e-06;2.77938e-06;2.40207e-08;7.73317e-08;0.0105254;2.57416e-07;5.15099e-08;6.36335e-08;0.000152862;5.25936e-05;1.41997e-07
1.33714e-05;0.227726;2.81664e-07;1.94484e-05;1.10597e-05;7.60414e-05;9.26501e-07;0.0539342;5.31717e-07;2.80567e-06;6.62452e-06;0.0104443;0.707031;0.000732758
1.09519e-07;0.16694;8.63785e-07;0.000124867;3.30574e-06;1.33417e-05;0.00078119;6.94592e-06;4.37426e-08;0.0021471;7.37472e-07;1.82048e-06;2.74392e-07;0.829979
7.75481e-10;1.05598e-10;1;6.97291e-09;2.23945e-09;9.06717e-10;1.11154e-07;3.28235e-10;2.71763e-09;5.46125e-10;1.85241e-08;2.89481e-10;6.41272e-11;1.89656e-12
5.09768e-06;0.0135355;1.452e-08;3.86961e-07;0.000645638;3.39367e-05;4.92988e-06;0.983199;8.51777e-05;6.14511e-07;5.39189e-05;4.48111e-06;0.00242772;3.78387e-06
1.99881e-05;0.0864245;1.45672e-08;8.84487e-05;0.000868406;6.38979e-05;7.05786e-06;0.00066153;5.43233e-05;1.18207e-05;0.000156134;0.00365057;0.90785;0.000143603
0.0010969;0.00268949;1.41672e-05;0.0109517;0.976405;0.00105613;1.44022e-05;0.00227184;0.0020069;0.000264124;0.00263325;7.58782e-06;0.000219224;0.00036939
0.000771961;0.980093;2.0565e-08;5.71031e-07;0.000107113;2.0779e-08;3.32552e-06;0.0189839;6.34831e-06;9.75816e-07;6.24508e-07;3.24138e-06;1.13454e-05;1.79469e-05
5.90998e-05;0.00038639;0.000250846;2.52019e-05;0.00248491;7.48299e-05;2.40168e-08;4.56256e-05;1.87593e-07;6.23855e-06;5.545e-08;0.995718;3.11222e-05;0.000917652
0.00106053;2.67467e-05;1.80919e-06;1.9284e-06;4.80671e-08;4.80683e-08;0.00018099;0.000113974;0.997178;3.15791e-08;0.000955456;5.6624e-05;0.000423706;2.1323e-09
5.90768e-06;0.999718;1.89524e-10;2.15986e-08;8.67377e-10;2.29022e-10;0.000122698;0.000107718;2.73351e-05;1.28112e-06;1.25015e-07;8.62004e-11;1.64164e-05;6.63656e-08
3.44979e-09;4.64609e-10;0.999978;1.75401e-07;1.65487e-09;2.69765e-11;2.0144e-10;2.38476e-10;1.34391e-08;9.5578e-10;4.05652e-09;2.18826e-05;6.18462e-13;2.34019e-09
3.86948e-05;0.525744;7.32283e-07;1.37375e-05;6.58852e-05;3.30319e-07;1.04165e-06;0.473953;6.51217e-05;5.03655e-07;7.56035e-06;4.83041e-06;4.9809e-05;5.47675e-05
1.05388e-05;6.01363e-05;1.64584e-07;1.94356e-07;2.51653e-05;4.00121e-08;8.05707e-08;0.999722;1.6184e-05;1.52449e-06;3.49876e-06;1.10353e-06;0.000159913;1.62124e-08
4.14204e-06;0.000315334;0.999109;8.25641e-06;0.000221519;3.00906e-05;1.2298e-07;8.27188e-07;7.03676e-08;0.000128264;1.2247e-06;0.000150956;2.62148e-05;3.66277e-06
3.16548e-05;0.929219;0.00108355;2.56938e-05;2.52791e-05;2.68866e-06;2.63648e-05;0.0423917;0.00127014;2.6496e-06;0.00100596;0.023837;0.000795673;0.000282236
