1.58072e-06;0.994938;1.03601e-07;1.63034e-07;4.28953e-06;1.81125e-07;5.29344e-08;0.00166081;7.23619e-07;2.30207e-08;6.74352e-07;0.00110764;0.00226946;1.68777e-05
2.31061e-05;0.626445;4.64419e-06;4.68386e-06;2.25816e-05;1.03866e-05;1.72243e-06;0.00169252;6.46638e-06;5.79249e-07;1.68555e-05;0.00210058;0.369234;0.000437472
3.53904e-05;0.318279;0.000442638;1.21866e-06;0.000186694;2.77303e-05;6.52569e-06;0.193066;1.60601e-05;3.84099e-06;3.47855e-05;0.477227;0.00886215;0.00181064
0.000129292;0.261491;0.000811518;0.00133566;0.0250211;0.00805143;0.000462716;0.0852847;0.00276294;4.09217e-05;0.00942331;0.0106718;0.00294342;0.59157
0.000604876;0.142222;5.85014e-06;3.64149e-06;1.31847e-06;3.82451e-06;3.62329e-06;0.00390538;0.000273226;2.33222e-07;0.000148658;0.0235547;0.829272;2.56143e-07
1.31605e-06;0.999141;3.41358e-07;1.11272e-07;2.18286e-09;3.90753e-08;0.000217811;8.76986e-09;4.87302e-08;0.000381997;1.06903e-08;1.6539e-08;5.53496e-08;0.000257653
2.08532e-10;4.28392e-12;1;5.12144e-09;5.01717e-09;2.89517e-10;3.12607e-10;2.49107e-10;3.80197e-10;1.55844e-09;7.68837e-11;4.02309e-09;2.96638e-14;1.42171e-11
0.000238494;0.0836265;0.000123422;0.000217865;8.13607e-05;0.00168808;0.000167407;0.884937;0.000796477;3.49683e-05;0.00058908;0.000144883;0.0273445;1.04158e-05
4.83423e-07;0.0338297;4.02479e-09;1.02263e-06;6.8544e-09;1.1025e-08;0.961007;1.44795e-07;7.62929e-08;0.00506561;1.14865e-05;6.0308e-09;4.7578e-08;8.49754e-05
7.60791e-09;9.39979e-10;0.999992;1.38215e-07;2.08709e-11;4.32022e-10;4.66321e-06;6.25021e-12;4.51834e-07;1.85945e-08;2.87253e-06;2.11564e-09;4.16556e-10;4.90909e-10
0.00127528;0.0408687;3.07705e-05;3.47041e-05;1.46193e-05;8.97717e-07;0.000168309;0.951106;0.00109314;3.26303e-05;0.000294329;0.000493462;0.00451082;7.5896e-05
1.03628e-07;0.00641764;1.78843e-08;5.56619e-07;2.10223e-06;4.71333e-08;2.48543e-08;2.01549e-05;6.80222e-07;3.28631e-08;7.04398e-06;0.993497;5.19026e-05;2.20994e-06
4.64317e-06;0.837046;3.3918e-08;1.35145e-05;1.31252e-05;5.24883e-06;2.82648e-06;0.00126435;5.93238e-05;2.36416e-06;2.52714e-05;0.000143566;0.161418;1.86053e-06
1.16785e-05;0.000390738;0.00304655;4.02364e-05;0.000168952;4.55405e-07;1.89002e-08;2.46657e-05;5.08239e-07;7.95874e-07;1.57794e-07;0.996124;1.23373e-05;0.000178535
0.000104959;0.00626932;3.18151e-10;3.02835e-07;9.7461e-07;1.17833e-05;6.45988e-07;0.209978;0.000782709;1.1756e-07;1.38501e-05;1.22548e-06;0.782836;5.71258e-08
5.13724e-05;0.975862;1.58635e-07;1.87762e-06;1.02763e-07;3.64408e-07;0.00978292;0.0139549;1.05321e-05;0.00010583;2.61031e-06;4.63327e-07;0.000226012;1.19769e-06
1.85159e-06;8.9385e-07;0.999892;5.87126e-06;2.8242e-09;7.03018e-08;4.21639e-05;9.00882e-07;3.74263e-05;2.29535e-07;1.19968e-05;2.35102e-06;4.16083e-06;3.28491e-09
4.88422e-06;0.997709;5.65116e-05;2.84129e-05;2.63182e-06;4.55261e-09;6.10018e-07;0.00207372;1.44086e-06;7.93207e-08;1.21572e-06;4.38355e-05;7.69995e-05;2.12887e-07
1.14316e-06;0.97687;5.45874e-09;3.76349e-06;5.6507e-06;2.53155e-05;3.40435e-05;0.00994225;5.47864e-07;9.6561e-05;5.3118e-07;2.05006e-08;0.012858;0.000161876
1.9894e-12;5.07546e-14;1;4.989e-10;7.97312e-11;6.03963e-11;3.32634e-11;6.95237e-15;1.05803e-12;5.49786e-11;1.92169e-11;2.71851e-08;7.70559e-16;1.41859e-10
2.41021e-06;0.902894;2.06938e-05;1.19235e-06;2.83084e-06;3.92913e-06;2.57427e-06;0.000907928;9.10815e-07;1.44995e-08;2.40107e-05;6.1652e-06;0.0961329;5.88197e-08
1.00323e-05;0.985526;6.89341e-06;2.97904e-05;0.000113442;0.00043641;4.46936e-05;0.00342459;8.16247e-05;3.35824e-05;0.000472017;0.000725625;0.00789343;0.00120147
4.69573e-07;4.0603e-06;2.21457e-07;8.29042e-05;0.896575;0.101805;4.28234e-07;0.000345326;3.02965e-05;8.26337e-05;3.35246e-05;0.000100601;9.5958e-06;0.000930352
0.00019176;0.987097;5.68574e-08;1.49107e-07;3.88982e-09;6.55859e-08;2.06263e-06;0.000135181;3.46966e-05;8.08728e-09;1.78359e-05;2.38689e-06;0.0125187;2.3409e-10
3.94809e-05;0.290647;0.525256;6.93699e-05;0.00038492;1.59023e-05;2.02959e-07;8.09625e-05;2.92194e-07;7.04309e-06;1.29479e-07;0.180736;0.000248258;0.00251407
9.45175e-05;0.0416048;1.47887e-09;2.77816e-05;0.00138429;0.000187652;1.06146e-06;0.911968;0.000130886;2.21553e-06;0.000203204;0.000270416;0.0439799;0.000144816
1.61304e-05;0.724058;0.0003265;8.92226e-06;5.2122e-05;9.28258e-06;2.26654e-06;0.00064958;4.77913e-08;1.4576e-05;4.59475e-06;0.273618;0.000553812;0.000685557
3.10729e-06;0.00836;2.94722e-09;0.000145972;0.0550399;2.73303e-06;8.90189e-06;0.918541;0.000312595;1.3494e-06;0.000250723;0.0165764;0.000748276;8.7409e-06
2.87847e-05;0.0486672;0.934671;0.00444758;0.00237702;0.00205854;2.97701e-06;4.92481e-05;4.77207e-06;8.56388e-05;0.000106308;0.00180852;0.0053143;0.000377722
7.7041e-06;0.994767;2.40258e-08;4.54046e-09;4.58689e-09;1.67121e-08;2.54678e-05;1.08327e-06;1.4759e-06;8.23997e-08;8.50054e-07;0.0042249;0.000971826;4.03266e-09
4.11033e-06;0.0191431;2.89524e-07;0.000117589;0.00292737;0.0104792;4.97177e-06;0.00204637;0.000819598;7.41247e-06;0.000322739;0.956781;0.000862629;0.0064834
5.07099e-07;0.98211;8.35281e-09;8.1815e-10;5.74427e-11;1.82465e-09;8.3908e-08;1.68119e-07;6.22457e-08;7.91538e-11;1.02622e-08;6.53039e-07;0.0178887;3.68697e-12
2.63616e-06;0.0204397;1.13848e-07;3.84681e-07;1.84377e-05;2.50574e-05;2.8883e-09;0.000236985;1.67982e-06;2.34047e-08;1.94989e-08;0.979045;0.000197916;3.22297e-05
0.000187424;0.0692679;2.16085e-05;0.000173754;0.0539895;0.0118713;6.8101e-07;0.0752779;1.36151e-05;3.11237e-05;3.10659e-06;0.00326647;0.769648;0.0162474
0.000901587;0.662136;0.00228562;0.000136502;9.90894e-06;7.30992e-05;4.21606e-05;0.033734;0.000231957;1.791e-05;0.000126786;0.0790789;0.221066;0.000159175
8.53174e-06;0.0506909;3.20037e-08;1.57209e-05;6.37735e-05;1.00857e-05;4.19799e-07;0.936322;3.27632e-05;3.09479e-07;9.28521e-06;0.00021127;0.0123261;0.000308979
1.21807e-05;0.01145;0.000106947;4.48468e-05;8.75391e-05;9.60251e-07;4.08158e-06;0.00110446;2.44288e-05;1.86927e-06;8.92325e-05;0.985379;0.00165359;4.05472e-05
2.00151e-06;0.993813;2.08465e-07;9.20224e-07;2.46732e-05;5.47123e-07;5.68318e-06;0.000122176;1.53597e-06;3.69413e-06;6.86121e-07;0.000644559;0.00479689;0.00058357
0.000118527;0.937387;2.86509e-08;4.91505e-06;0.000450454;9.19386e-06;0.000195618;0.029483;0.00350456;1.17314e-05;8.60852e-05;0.00540293;0.0232069;0.000139178
1.81534e-06;0.997787;2.15172e-10;4.88695e-07;8.29213e-06;1.87045e-07;1.64847e-05;0.000107732;6.01155e-07;5.81659e-06;1.09592e-07;6.64253e-07;0.00205904;1.13299e-05
4.49141e-08;1.66926e-09;0.999997;1.70378e-07;3.19388e-07;1.67726e-09;7.17243e-09;4.24125e-11;2.26169e-09;2.21273e-09;3.83266e-09;2.91571e-06;7.74587e-10;5.58055e-10
0.000116447;0.0878504;0.00181708;1.27356e-05;0.000215669;3.83005e-05;0.000214629;0.00012537;5.85833e-06;8.81271e-06;1.86865e-06;0.00970066;0.000582476;0.89931
8.31923e-07;2.07285e-05;3.54743e-09;9.3285e-08;0.000674317;6.90093e-06;3.66725e-07;0.99912;1.91763e-05;3.65269e-08;4.03686e-07;1.07752e-06;9.07003e-06;0.000147257
7.79607e-07;0.00214295;0.965636;2.93911e-05;0.00271731;0.00456323;3.73149e-08;1.47604e-06;2.57706e-09;6.73348e-07;3.94723e-07;0.000350487;1.37264e-05;0.024544
6.73598e-07;0.997589;1.05296e-07;1.72812e-10;5.08836e-09;1.68128e-08;9.45938e-08;1.58792e-06;1.32875e-09;2.18708e-10;1.76246e-09;2.0515e-05;0.00238785;2.84873e-08
2.25715e-07;0.00114781;6.4383e-06;4.50946e-07;0.000642551;0.000192071;4.84075e-10;0.00142236;1.3666e-06;8.84925e-09;6.60314e-08;0.99621;2.44368e-05;0.000352224
6.04574e-06;0.613655;2.91247e-06;3.78141e-07;3.29734e-06;4.07058e-06;1.91199e-07;0.0139927;3.86381e-06;2.04794e-08;8.17352e-07;2.23563e-05;0.372308;3.80032e-08
1.23044e-05;0.0878806;0.000224982;3.03908e-05;7.11312e-05;4.0116e-05;4.22683e-08;0.00282979;4.71531e-06;5.60343e-06;6.88834e-07;0.875853;0.0291935;0.0038534
7.81166e-05;0.812975;2.75953e-07;0.000225633;1.90839e-05;9.66527e-05;9.88115e-05;0.000358283;0.000636367;3.99237e-05;0.00213126;0.00292019;0.180044;0.000377067
0.000424307;0.561404;0.000235464;2.8702e-05;6.88507e-07;7.9014e-08;7.2545e-05;0.0121336;8.37887e-05;6.59373e-06;0.000772768;0.423034;0.00180275;2.54252e-07
4.78668e-06;0.965178;1.96064e-09;0.000284519;0.0064866;1.28708e-05;5.78158e-07;0.0267576;1.64347e-06;5.08259e-05;6.54638e-06;0.000463101;0.000682134;7.08262e-05
0.00215012;0.00402623;0.378057;0.103032;0.0102287;0.0236205;5.0805e-05;0.000558024;0.000563614;0.0336892;0.0045793;0.271999;0.0016401;0.165806
0.0340871;0.833591;0.00219003;0.0278635;0.000822013;0.000100734;0.00301384;0.0639114;0.0103143;0.000571606;0.0111971;0.00613151;0.00615513;5.11516e-05
1.32787e-05;0.999749;3.49583e-05;2.38962e-07;6.25199e-09;1.52086e-08;2.6568e-06;9.55608e-06;9.2445e-07;3.28655e-07;1.96617e-05;1.62545e-05;0.000153511;2.02561e-08
5.21961e-08;0.998742;1.34096e-10;5.4523e-07;1.38076e-07;4.83897e-08;0.000237655;3.05899e-06;3.00141e-07;0.000423824;1.81188e-07;7.38967e-06;3.28299e-08;0.000584139
1.93922e-07;6.30834e-08;0.999988;3.86227e-07;4.79723e-09;1.45781e-08;6.7418e-07;3.77889e-08;3.49158e-06;1.76081e-08;6.71362e-06;5.87705e-07;7.52042e-08;2.90088e-10
2.83643e-06;0.993907;4.23404e-06;8.73573e-07;6.76327e-06;5.23105e-07;1.20257e-06;0.000979443;3.69748e-08;6.52351e-06;3.85019e-08;1.73231e-07;0.00508989;1.26786e-07
3.83178e-07;3.38552e-09;0.999988;2.15532e-08;4.77912e-10;5.8913e-11;7.88121e-08;1.14852e-09;1.05566e-06;5.08353e-09;5.46038e-08;1.0517e-05;1.50898e-07;3.00612e-12
0.000161307;0.00150456;0.333498;6.19031e-06;6.38001e-05;1.2091e-07;8.99879e-07;0.61029;0.00030487;4.32381e-07;8.00218e-07;0.0541602;2.89655e-06;5.73956e-06
2.35985e-05;0.039293;2.68142e-06;6.57425e-05;0.68948;0.0192331;2.12786e-05;0.234649;0.00435606;7.76468e-05;8.92728e-05;0.000737812;0.0104333;0.00153797
0.00014985;0.0348638;0.7437;0.00430958;0.0893954;0.0222262;3.11199e-06;0.00121832;2.08717e-05;0.000153143;8.92009e-05;0.0503614;0.000291044;0.0532177
8.55731e-05;0.979744;0.00890971;3.57808e-06;9.80312e-05;7.47148e-07;4.13597e-08;0.0102178;5.36882e-07;9.04328e-09;4.81944e-08;7.51065e-05;0.000862984;1.55615e-06
2.35564e-05;0.997793;1.37317e-06;5.08731e-09;9.13612e-08;4.54895e-07;5.52392e-07;0.000692243;5.88909e-07;5.25458e-08;2.58234e-08;0.000124747;0.00136353;4.40668e-08
3.97104e-07;0.00192482;1.69588e-05;4.46306e-06;0.000502807;0.000354822;5.4969e-09;0.00226061;4.04553e-06;2.45816e-07;1.04839e-06;0.981927;8.76898e-06;0.0129945
1.11039e-07;0.999122;9.37083e-10;7.76627e-10;4.47631e-10;5.93272e-10;2.90476e-08;4.08067e-06;1.98188e-08;2.12958e-10;1.43e-08;6.92885e-07;0.000872757;7.18208e-12
7.16471e-08;0.00871929;1.16225e-07;1.41365e-08;1.26116e-08;8.21005e-09;1.07624e-09;1.64208e-06;9.0783e-08;8.30051e-10;7.45094e-08;0.991173;0.000105681;8.54369e-08
2.13529e-05;0.827475;7.06306e-06;1.85307e-05;0.000161844;1.91125e-05;2.36615e-05;0.131929;2.36607e-05;1.77572e-05;2.33435e-06;0.000122673;0.040088;9.03031e-05
0.000331183;0.304291;0.0867999;0.00105032;0.00124175;0.00221598;5.61371e-06;0.0314303;0.000105876;1.46907e-05;6.67845e-05;0.143398;0.429019;2.94585e-05
8.60339e-05;0.914524;3.28516e-05;0.000197959;0.000200462;0.00679384;0.00822848;0.00772647;0.000468122;0.0430056;5.9479e-05;9.59589e-08;0.00922015;0.00945674
8.93558e-10;4.99915e-12;0.999996;1.43635e-08;4.24521e-10;2.74435e-10;8.70584e-10;3.04027e-12;4.76538e-09;1.22045e-09;5.65882e-09;4.4712e-06;9.3431e-13;8.91554e-12
3.82864e-05;0.000965514;3.88806e-06;3.24542e-05;0.00023522;4.7055e-05;2.87205e-06;0.997554;0.00044245;4.937e-07;0.000261769;1.43346e-05;0.000401365;7.58889e-07
0.000602683;0.305992;0.000506597;2.8764e-05;6.04126e-08;1.45124e-07;0.684559;1.60186e-05;0.000890753;0.00625361;0.00112844;3.06589e-06;1.26183e-05;5.50052e-06
3.95787e-10;6.03073e-12;1;4.98848e-11;1.34179e-10;8.13405e-13;2.04165e-10;2.28109e-11;5.08655e-10;1.63592e-11;8.22166e-11;4.91302e-09;1.59816e-12;6.12716e-13
0.000395249;0.878773;1.57809e-07;7.61465e-06;0.000171207;3.10752e-05;3.1351e-05;0.0060035;0.00328435;4.02542e-06;5.01288e-05;2.10645e-06;0.0774844;0.0337615
6.61514e-06;0.123204;0.000251219;7.64951e-07;2.68976e-05;1.46384e-06;2.0929e-08;0.000635939;1.46404e-05;4.78996e-08;7.95286e-06;0.875637;0.000163065;5.01814e-05
2.59056e-07;0.993764;4.83528e-09;2.7645e-08;1.23552e-07;4.05174e-07;0.00013876;5.90671e-08;8.71632e-09;0.000210354;1.39513e-09;2.18831e-08;9.76599e-08;0.00588554
9.92263e-08;2.31829e-09;0.999999;6.95498e-09;3.31325e-09;3.58048e-09;1.18707e-07;9.32721e-09;3.62271e-08;1.90064e-08;9.93907e-10;6.3789e-07;1.95628e-08;8.59412e-11
0.000438515;0.00437319;1.03058e-06;0.00119583;0.00145843;0.000598521;5.12248e-05;0.0389117;0.0522717;2.60342e-05;0.0130896;0.0128038;0.874723;5.77457e-05
5.49379e-05;0.998785;6.61978e-05;0.000338752;2.04115e-06;1.22814e-06;6.18876e-05;7.33202e-05;7.2702e-05;1.07105e-05;4.7428e-05;1.44744e-05;0.000443868;2.7093e-05
5.28014e-07;0.992283;1.00391e-08;1.06111e-08;3.00335e-10;2.14369e-09;4.69923e-08;2.41465e-05;6.95067e-08;1.68754e-09;4.68475e-08;4.21291e-06;0.00768752;4.93532e-09
4.29276e-08;0.000449737;2.87474e-08;1.74659e-06;1.67638e-05;0.000103592;8.54749e-08;1.23493e-06;1.16079e-06;9.6402e-08;1.27214e-06;0.998018;1.32305e-06;0.00140477
1.55852e-05;0.828279;2.08262e-07;8.90286e-06;8.46705e-05;7.96349e-05;4.84639e-06;0.163321;0.000102213;2.43282e-07;0.000146129;3.21676e-05;0.00720959;0.000715852
3.81251e-05;0.187127;1.32766e-05;8.62028e-06;4.71088e-06;3.65788e-05;1.96283e-06;0.00048917;2.99997e-06;3.98856e-07;6.31562e-06;0.809469;0.00264046;0.000161293
1.4038e-05;0.0589386;5.38676e-09;1.29101e-05;0.00131286;4.27124e-06;5.31704e-08;0.936238;0.000987921;4.72316e-08;4.47928e-06;7.34906e-05;0.00240791;5.48332e-06
7.0712e-06;0.0123957;0.973427;0.00036638;4.05776e-05;8.69775e-05;2.11665e-08;1.94874e-07;5.50799e-07;3.50346e-06;7.86294e-06;0.0106905;0.00294329;3.01662e-05
3.65538e-05;0.0159075;2.16672e-06;2.52402e-06;0.00137054;3.48556e-05;1.32355e-06;0.950928;0.000737513;4.70005e-07;0.000338735;0.000729658;0.0298938;1.59135e-05
2.65719e-05;0.938048;1.89854e-05;0.000143666;0.000743284;0.000248781;7.74503e-06;0.00035674;4.64227e-05;0.000115275;0.000319465;0.0539389;0.00450027;0.00148539
0.00944497;0.0700208;0.000234788;0.000406779;0.00812015;1.47068e-05;0.000786896;0.0229516;0.00249198;0.000179583;0.00315846;0.858404;0.0235812;0.000203679
0.00210744;0.984577;8.26342e-05;1.90347e-06;0.00025742;1.7935e-06;0.000159581;0.000805046;0.000379402;2.47425e-05;2.81163e-06;0.00278808;0.00863747;0.000174227
0.000247596;0.0915811;2.05043e-07;7.87132e-06;0.000586225;0.000119243;0.00032183;0.839373;0.00362072;8.92711e-05;9.39211e-05;0.0488067;0.0141761;0.000976793
0.000154472;0.837176;4.23718e-07;0.000451224;0.00260363;2.8916e-05;7.58286e-05;0.0274502;0.000540484;6.15626e-05;0.000446102;0.0487451;0.0814904;0.000775308
0.000171167;0.00687037;5.62755e-08;0.000240561;0.827381;6.09264e-06;1.34325e-05;0.16417;9.4463e-05;0.000138413;1.81045e-05;3.18607e-05;0.000344312;0.000520199
0.00104888;0.00023425;0.983553;0.00868035;0.000620024;0.000114597;4.32955e-06;9.09704e-06;0.000104756;4.61842e-05;0.000239121;0.00150065;0.00276876;0.00107572
7.08356e-05;0.00355521;1.23613e-07;2.55757e-08;8.2674e-07;1.21999e-09;9.18524e-07;0.996031;8.448e-05;9.30752e-09;8.83917e-05;0.000147872;2.02314e-05;1.75848e-08
1.31467e-06;0.997511;6.56466e-08;2.54085e-07;8.63145e-05;1.09157e-06;0.00163168;1.55393e-05;8.01762e-06;0.000521102;9.12831e-06;3.16926e-05;2.57313e-05;0.000157434
1.72979e-10;1.62695e-11;1;4.61875e-12;1.54645e-12;1.126e-14;1.14116e-10;4.13559e-12;1.35938e-10;2.41279e-12;4.23052e-11;8.54182e-10;8.27784e-12;4.18923e-15
9.77021e-06;0.0914979;2.00047e-07;1.07989e-06;1.41744e-05;3.01906e-07;5.96214e-05;0.897223;0.000607134;5.87631e-07;3.37456e-05;0.000115647;0.0104367;3.44991e-07
1.53158e-05;0.863453;1.20277e-07;1.82107e-05;4.90847e-05;1.30308e-05;0.000770662;0.0100911;4.78073e-06;0.000223388;2.8611e-05;2.39134e-07;0.124613;0.000719514
4.84631e-09;3.28383e-11;1;9.81158e-08;2.09721e-09;1.16674e-09;1.63651e-08;3.02762e-11;1.15791e-09;1.85586e-08;5.65443e-09;1.19623e-07;1.42115e-09;2.76597e-10
5.92783e-07;0.000277495;0.996841;1.05822e-06;1.93134e-07;2.80691e-07;9.33765e-08;1.00159e-06;2.26104e-07;4.80391e-09;1.86281e-08;0.00287497;1.39693e-06;1.24431e-06
4.72506e-07;0.000817079;3.59382e-08;7.65678e-07;3.60668e-05;0.00116901;6.36343e-07;2.77038e-06;5.38701e-06;4.23814e-06;1.34165e-07;1.49122e-10;4.35522e-06;0.997959
5.00146e-11;4.48414e-12;0.999999;2.40198e-10;3.16625e-10;3.68049e-12;2.60145e-13;6.48951e-13;3.3036e-11;1.01266e-12;8.49455e-12;7.84237e-07;7.21811e-14;1.07138e-12
1.17316e-06;6.19518e-05;2.95804e-08;7.60396e-08;0.000181738;5.44357e-08;2.79164e-11;0.999754;1.11134e-07;1.59238e-10;1.05231e-09;1.80729e-07;2.1348e-07;6.50013e-07
3.42803e-07;2.40171e-05;5.08275e-08;1.58184e-09;1.82455e-07;7.60575e-11;1.83169e-11;0.999959;2.97438e-08;2.26901e-10;2.31043e-10;2.28479e-07;1.60852e-05;4.33915e-11
2.18981e-08;1.01121e-06;0.999963;4.61818e-07;6.11762e-06;3.75706e-06;6.05522e-11;1.06132e-08;4.65371e-11;1.51288e-06;6.07115e-10;2.30615e-05;1.36425e-06;1.43782e-07
1.24094e-06;0.996441;9.75709e-05;3.01019e-06;1.52033e-06;2.10279e-07;6.34841e-07;0.00315939;1.07075e-05;1.09653e-07;7.55308e-06;5.0024e-05;0.000211114;1.62539e-05
