3.82733e-05;0.953444;5.2267e-06;7.15534e-06;4.18208e-05;6.17511e-05;1.25118e-05;0.0115904;1.6588e-05;7.81195e-06;7.13318e-06;0.000489563;0.0336508;0.00062708
3.83343e-05;0.837119;1.94269e-05;0.000146886;0.000174104;5.75508e-05;5.41062e-06;0.0168062;2.48568e-06;5.12314e-06;4.45693e-05;0.108208;0.00631922;0.0310539
1.31752e-06;0.00150375;1.24286e-09;6.98801e-06;4.40031e-06;1.86328e-06;5.03586e-08;0.000268964;7.16964e-06;5.51367e-08;1.82315e-05;4.74743e-06;0.000731858;0.997451
0.000440212;0.74615;1.29801e-06;4.46835e-05;2.66635e-05;7.40255e-07;0.000170967;0.0149617;0.00126836;3.20105e-06;0.00320097;0.19932;0.034226;0.000184858
2.10665e-06;0.601388;7.20748e-05;6.50522e-06;4.12828e-05;5.62339e-05;5.77372e-08;0.000105562;2.23069e-09;4.34112e-06;6.39387e-08;9.28831e-05;0.398218;1.28855e-05
2.43632e-05;0.0106535;3.93966e-05;3.39663e-05;0.00142969;2.11162e-05;8.96548e-07;0.409703;5.56391e-05;3.43038e-06;2.60637e-05;0.573126;0.00370502;0.00117709
3.30469e-06;0.42675;6.9158e-09;0.000727458;0.000698589;0.335468;4.67874e-06;0.000189323;9.66874e-06;5.52408e-05;0.00133737;1.09593e-05;0.225638;0.00910704
6.15073e-05;0.000462378;0.264952;3.58497e-06;7.63691e-07;5.05361e-06;1.9012e-07;4.88473e-05;1.79662e-08;1.12955e-06;1.8834e-06;0.733928;0.000523385;1.13791e-05
3.76629e-06;0.965961;7.40967e-07;1.31684e-06;3.37393e-06;2.66912e-05;2.63216e-07;0.0205133;8.75207e-07;9.90798e-08;6.85716e-06;1.89805e-05;0.0133053;0.000157398
1.57706e-07;0.998066;4.23284e-08;1.51105e-07;4.4739e-09;4.14477e-08;0.0017207;3.46431e-07;1.51166e-08;0.000149596;6.70022e-07;2.58285e-08;5.84981e-05;4.30749e-06
1.53964e-09;4.33003e-09;1;1.16037e-07;9.60694e-10;1.41403e-08;1.02476e-07;1.45944e-08;2.48167e-08;9.38322e-09;1.53142e-07;4.92971e-08;3.98577e-09;9.19148e-10
3.13034e-06;0.996326;4.23166e-08;1.50426e-05;1.79536e-06;1.64128e-06;6.15666e-05;0.00274642;3.76794e-05;9.19858e-06;0.00027764;2.49432e-05;0.000429016;6.6125e-05
2.51308e-06;0.0428822;6.19965e-08;4.61969e-06;0.00272446;1.59971e-06;5.55292e-05;0.952668;5.8148e-06;1.73392e-05;4.64261e-05;0.00145846;2.24063e-05;0.000110628
1.19114e-06;9.09495e-05;1.88187e-05;1.49851e-05;0.000797931;5.05631e-06;4.36467e-07;0.000898383;1.41718e-06;1.13837e-06;3.6753e-05;0.998111;2.07908e-05;1.20146e-06
1.78657e-05;0.992095;1.01117e-07;4.92738e-07;3.51553e-07;3.69909e-07;0.000127389;0.00669049;2.93568e-05;1.77726e-06;3.55224e-05;7.12577e-09;0.0010003;8.78113e-07
3.43265e-08;3.35992e-09;1;2.40312e-09;6.85522e-11;2.29059e-11;3.04184e-09;3.5528e-08;4.55601e-08;3.77551e-10;3.15906e-09;4.74417e-09;1.1203e-08;6.47762e-12
6.40095e-08;2.5265e-06;0.000301986;2.31018e-06;6.41515e-07;1.46851e-07;1.08339e-10;8.37766e-05;1.83863e-05;1.46268e-09;1.32556e-06;0.999581;7.71625e-07;7.1928e-06
0.000833275;0.459099;0.000238094;0.000117122;0.00192672;0.00503782;2.81502e-06;0.359152;0.00018053;0.000148024;0.000215538;0.00306272;0.152197;0.0177895
3.56777e-07;0.999469;6.54758e-09;5.17602e-09;6.351e-08;5.40006e-08;2.32395e-08;4.66782e-07;1.54239e-11;1.09481e-06;2.8144e-09;1.39934e-07;1.92733e-06;0.000526959
4.71865e-12;6.63345e-11;1;2.99539e-12;8.4304e-13;4.96962e-12;3.4305e-12;1.04962e-11;1.75206e-13;2.7474e-12;5.80451e-13;5.98152e-13;3.50942e-11;4.20734e-13
0.000388666;0.199326;0.00209991;0.00257719;0.00191417;0.0251853;0.00204397;0.215492;0.146838;0.00100214;0.0669472;0.00267032;0.331979;0.0015363
