4.20782e-06;0.998792;1.80077e-07;3.24852e-06;5.54098e-07;7.89507e-07;1.04297e-06;0.000793186;1.00804e-05;3.1053e-07;2.63839e-05;3.00149e-05;0.000249383;8.85402e-05
4.11754e-06;0.992013;4.00989e-07;8.13204e-08;2.29805e-07;9.61305e-08;2.17871e-08;0.0071142;2.60679e-08;6.21274e-08;6.13097e-08;7.39209e-06;0.000858347;2.37206e-06
2.11547e-08;0.00135149;1.69448e-06;1.45453e-08;9.83208e-06;1.16543e-06;7.29295e-10;5.07175e-05;1.18899e-09;1.65983e-08;4.81282e-08;0.998511;1.52732e-06;7.25141e-05
9.80704e-09;0.990668;4.29046e-08;5.16057e-10;1.61781e-10;8.97495e-11;0.00931717;3.75978e-08;2.86327e-09;1.21285e-05;3.3366e-08;8.28351e-10;2.19917e-08;2.4922e-06
3.95659e-10;1.0371e-09;0.999999;1.74705e-08;1.35731e-08;2.66053e-09;6.45357e-09;1.63011e-09;1.03885e-08;1.01999e-09;2.34363e-09;1.26469e-06;1.86574e-11;1.92831e-08
0.00289641;0.706467;1.51e-06;0.000232739;0.000430696;7.42574e-05;0.000372057;0.184046;0.0738958;5.35524e-06;0.00317491;0.007678;0.0117655;0.00896013
0.000199023;0.315165;1.08774e-05;7.36307e-08;8.27248e-07;2.44461e-08;1.34204e-07;0.683299;6.02108e-06;2.95388e-08;2.47133e-08;6.47839e-05;0.00125376;4.26963e-07
1.54114e-06;0.06439;1.63366e-05;7.29296e-06;0.000180122;4.51916e-05;6.97648e-08;0.00130394;2.97919e-06;4.65625e-07;3.58382e-06;0.930501;0.00149223;0.00205561
7.2762e-05;0.989407;2.79856e-05;2.00631e-05;2.86713e-05;7.57582e-06;4.4523e-06;0.00107526;0.000216534;4.39723e-06;0.000278433;0.00415169;0.00467802;2.70784e-05
0.000813196;0.761627;0.095578;9.97152e-05;0.00110936;2.19976e-05;1.27726e-06;0.00010587;5.45068e-06;3.5042e-05;9.24414e-07;0.136222;7.12999e-05;0.00430853
0.00682876;0.0175486;3.45787e-06;4.17096e-05;0.000626576;0.000209503;3.06877e-05;0.806131;0.16607;1.15321e-05;0.000298219;0.000234432;0.00187948;8.63887e-05
0.00643167;0.333474;0.000113781;0.000143906;0.000791769;0.000469698;8.95465e-05;0.250767;0.00770926;0.000114864;0.000148662;0.0232834;0.375621;0.000841762
0.00194609;0.38205;1.69894e-05;0.00130433;0.00236931;0.000526392;0.000989066;0.202545;0.0614853;0.000161705;0.0461198;0.159646;0.13297;0.00787051
1.11445e-05;0.599936;5.53827e-07;3.76372e-07;1.39662e-08;1.95383e-08;0.364921;3.20691e-07;3.48996e-06;0.019296;6.31477e-07;5.76176e-09;8.59082e-08;0.015831
4.12579e-10;7.95048e-11;1;2.59628e-10;1.10306e-11;2.38037e-12;1.06427e-08;4.28236e-12;7.65726e-09;3.30599e-10;6.82304e-10;2.70122e-08;1.58917e-12;7.31329e-13
5.01652e-05;0.859069;6.25644e-07;2.85504e-06;2.00442e-07;6.27789e-07;0.000134087;0.000157561;0.00168465;2.9966e-06;0.000594508;0.123738;0.0145648;1.38983e-07
0.000460107;0.0833911;0.00907795;0.00166064;0.00108705;0.000874819;7.55752e-05;0.0287684;0.00107319;8.10245e-05;0.000862436;0.862398;0.00489222;0.00529725
1.99745e-06;4.50756e-06;2.18759e-09;2.6081e-08;1.12006e-07;1.59323e-07;4.77427e-09;0.999894;1.45791e-05;4.75827e-10;4.1919e-07;8.83401e-08;8.4207e-05;2.45927e-09
1.49223e-05;0.00902607;0.00147866;1.38682e-05;6.26281e-06;1.63436e-05;3.67963e-07;0.000234652;1.29746e-06;3.18038e-06;1.19049e-06;0.975615;0.00968227;0.00390562
5.14697e-06;0.0725464;1.38331e-07;2.01311e-07;6.04981e-08;2.15444e-07;0.910158;2.05498e-07;3.43972e-06;0.00407524;2.08031e-06;8.43516e-11;1.04557e-06;0.0132076
4.06004e-11;4.48681e-12;1;8.12035e-11;2.13791e-12;1.15007e-12;1.10805e-09;4.66062e-14;1.30685e-09;2.34487e-11;1.04923e-09;2.7251e-09;8.64512e-14;8.7386e-13
7.76317e-05;0.980824;4.05303e-07;2.62508e-05;4.4086e-05;2.57499e-06;0.00114393;0.00916556;0.00376753;4.34532e-05;0.00194503;0.00179361;0.000706968;0.000459056
1.35414e-06;0.971956;9.26042e-08;7.84323e-09;2.62421e-09;8.77504e-09;2.83927e-06;1.79422e-06;4.60153e-08;5.63533e-08;1.2978e-07;0.001243;0.0267952;3.53453e-09
1.64825e-05;0.0126157;1.97591e-06;0.00010016;0.00309016;0.00194068;4.99149e-05;0.00399913;0.000550685;9.25315e-06;0.000823345;0.966417;0.00494991;0.00543552
0.000365719;0.197518;7.15778e-07;0.000413172;0.00271279;0.000229859;5.98476e-06;0.598257;0.00368188;2.79338e-06;0.00778161;0.0212019;0.167384;0.000444483
0.000431721;0.898712;1.19397e-05;7.79864e-06;2.75083e-07;2.06563e-06;1.07605e-06;0.023366;0.000657399;3.39041e-07;0.000127299;0.0360913;0.0405859;5.05501e-06
0.000182267;0.950758;1.77426e-06;5.16694e-05;0.00709944;8.32298e-05;9.26376e-06;0.0396699;0.00111416;9.6899e-05;0.000157028;0.000307398;0.000160752;0.000308268
0.000331034;0.0707853;0.128852;4.90906e-05;0.00112477;7.53836e-05;4.29495e-07;0.000279737;2.01525e-06;5.62727e-05;4.7356e-06;0.79767;0.00058606;0.000183246
5.18178e-05;0.818688;6.25957e-06;3.70367e-06;0.0001846;0.000124498;5.40253e-06;0.153945;4.91876e-05;8.80197e-07;0.000126112;0.0171875;0.00747838;0.00214842
3.10892e-06;0.00171095;5.51844e-08;1.62659e-06;7.63978e-05;7.52661e-06;1.06931e-07;0.0198152;1.42105e-06;1.18532e-07;1.48761e-05;1.76281e-05;0.978296;5.45812e-05
2.78709e-05;0.000922279;4.62121e-07;2.15063e-06;3.37013e-06;2.32848e-07;4.26433e-08;0.00040464;0.000175956;1.72511e-07;1.9068e-05;0.998231;0.000209499;3.36738e-06
3.35496e-05;0.998533;1.19066e-06;3.89169e-07;6.95265e-07;2.0995e-07;9.52873e-06;0.000581324;2.41416e-06;1.0868e-06;6.67574e-06;0.000247067;0.000558488;2.39545e-05
2.05614e-07;0.996505;8.5933e-09;4.16111e-08;2.00415e-09;7.24187e-09;0.00142168;1.67373e-07;1.06648e-09;0.000690718;5.66652e-08;1.13061e-06;5.54999e-08;0.00138116
1.9211e-11;2.96705e-13;1;3.83524e-10;1.4651e-11;1.17754e-11;2.13759e-09;9.40178e-13;3.79612e-10;2.81282e-10;1.3743e-09;2.46629e-08;4.36773e-14;2.42562e-11
6.26715e-07;2.32775e-05;2.3389e-09;4.63757e-09;9.28156e-09;1.59205e-09;6.6942e-08;0.999799;1.01481e-05;1.2245e-09;3.97046e-06;7.04074e-09;0.000163391;1.78681e-11
1.83671e-05;0.0180835;0.00757219;0.000107484;0.000262189;0.000150665;6.53646e-06;0.000998982;1.21181e-05;2.96936e-05;6.63909e-05;0.899257;0.0258005;0.0476347
0.000231468;0.956872;6.89317e-06;6.66926e-05;1.71426e-05;0.000121787;0.000791796;0.000216202;0.00170146;2.89519e-05;0.0019304;7.27314e-05;0.00893957;0.0290033
1.50754e-05;0.995012;3.95501e-06;4.20483e-08;1.94047e-08;1.89694e-08;8.27277e-07;0.00060096;4.80077e-06;6.49021e-08;4.74869e-06;0.00418796;0.000168374;1.08141e-06
6.73146e-07;0.967741;6.74683e-09;1.19254e-05;0.0164874;5.40213e-06;7.94818e-08;0.0118544;2.97094e-07;8.91391e-06;2.69365e-08;6.84367e-05;3.87929e-06;0.00381815
1.06235e-05;5.0726e-05;0.000168196;1.20961e-05;7.73678e-05;2.08569e-05;7.4238e-08;5.68441e-05;2.06342e-07;1.25101e-05;7.18998e-07;0.999451;6.00946e-05;7.91461e-05
8.75848e-05;6.94976e-05;5.00819e-09;3.04904e-06;1.76035e-05;3.40152e-07;2.83504e-06;0.99719;0.00167408;2.90094e-08;0.000780433;7.47053e-05;9.90403e-05;4.30887e-07
1.15021e-05;0.000178561;3.94097e-09;1.94803e-09;1.09841e-07;6.73681e-10;2.46111e-08;0.999802;3.1554e-06;2.26343e-09;1.23278e-08;2.23191e-07;4.49602e-06;4.96586e-08
5.3268e-07;0.000768088;4.94165e-07;6.09089e-06;0.000469953;0.000350745;1.98808e-07;0.000767097;4.77338e-07;4.67102e-06;1.75228e-07;4.69989e-05;9.19152e-05;0.997493
9.09666e-09;6.0977e-07;0.999999;2.72332e-08;4.44391e-11;9.11207e-11;1.37236e-07;9.80127e-11;1.93895e-09;2.68674e-09;8.53561e-08;7.56087e-08;1.81297e-07;2.22774e-11
1.35979e-06;0.000379743;0.99611;3.39364e-05;1.07088e-05;2.12962e-06;2.22395e-06;0.00205989;3.02105e-06;1.0886e-07;1.29765e-05;0.00128432;4.58817e-05;5.42883e-05
9.68086e-09;0.000129315;6.23665e-06;1.38273e-07;1.80302e-05;0.000148725;5.57895e-10;2.60925e-05;4.57771e-09;1.43492e-07;1.07812e-09;7.04106e-06;5.64966e-08;0.999664
2.00468e-06;0.997679;7.77811e-07;3.79491e-06;1.66866e-06;4.22778e-06;1.6356e-08;0.000628161;2.42015e-08;2.44306e-08;7.96178e-07;0.000179835;0.00144731;5.25187e-05
1.48677e-06;0.998773;1.06184e-08;2.72464e-06;8.73692e-08;1.08439e-06;5.7976e-09;0.000438301;8.44519e-08;3.46397e-08;1.45009e-07;2.41585e-05;0.000751616;7.47906e-06
4.29497e-07;0.000693309;5.67799e-10;2.16792e-05;7.99035e-07;0.000277115;2.09117e-08;0.000692384;1.1351e-08;1.84704e-06;6.1871e-07;3.38792e-05;0.998271;7.14615e-06
1.9817e-06;1.15815e-05;0.997887;0.00196214;3.156e-05;6.44399e-06;1.50813e-06;3.77369e-07;3.28374e-09;4.35005e-05;1.30575e-05;2.23538e-05;5.6852e-07;1.76054e-05
2.91737e-06;1.11866e-05;2.98219e-06;0.000222457;2.26352e-09;1.61416e-07;3.90446e-06;4.27851e-06;0.000181065;1.64638e-07;0.999441;2.03333e-06;0.000128219;1.8793e-09
8.95378e-05;0.996014;5.10166e-06;0.00133666;3.81402e-06;1.82776e-06;7.93569e-06;0.000716842;1.74215e-05;4.87179e-05;0.000267101;8.63533e-05;5.8121e-05;0.00134657
3.51172e-06;7.64843e-06;3.71485e-06;1.66293e-05;4.68967e-05;8.86686e-08;1.96607e-09;0.999903;8.56986e-06;3.28409e-06;1.50875e-06;2.40145e-06;3.0914e-06;5.21486e-09
1.49917e-09;3.14241e-08;0.999999;8.59729e-07;2.56461e-09;3.02931e-09;1.92636e-10;1.06568e-12;1.25613e-09;1.77912e-07;4.6429e-08;7.56225e-11;1.96643e-11;5.24924e-11
0.000599874;6.26877e-05;1.06816e-05;1.89726e-05;9.81275e-07;1.76563e-06;0.000269088;0.000315261;0.0177131;1.24647e-05;0.979067;1.11849e-05;0.00191697;6.65609e-08
