3.57897e-06;0.999129;0.000281506;0.000117787;1.81811e-06;2.5194e-07;7.14884e-07;2.65735e-05;1.18917e-07;8.80596e-07;2.27339e-07;3.67038e-06;0.0004143;1.9201e-05
1.78654e-05;0.874915;7.79675e-09;1.27607e-05;4.08073e-05;3.36801e-05;2.99832e-07;0.117179;9.12186e-06;9.29631e-07;4.07077e-06;0.000764532;0.00526351;0.00175837
4.06173e-05;0.107715;9.82673e-06;9.1367e-06;0.000221168;0.000328796;0.0157999;0.000290391;9.90009e-07;0.0366588;7.74998e-06;3.39946e-06;0.0015345;0.837379
5.34086e-09;1.33002e-11;1;1.96066e-09;7.21939e-10;1.31947e-09;1.63431e-08;2.13846e-11;2.90716e-08;6.09481e-10;3.31261e-08;8.25684e-08;8.13895e-12;8.19339e-10
2.34338e-07;0.999861;1.87416e-09;2.23061e-10;1.00415e-10;1.14075e-10;6.30142e-07;9.91531e-08;1.17877e-07;1.07513e-09;6.75604e-08;1.73334e-07;0.000137885;8.21229e-11
2.16583e-07;0.00178602;1.80771e-06;7.07148e-07;0.000221929;2.35065e-05;1.12688e-09;0.00215259;5.29189e-06;6.01165e-08;2.00482e-06;0.995648;2.01146e-05;0.000137479
3.49727e-09;0.999972;1.98756e-11;2.17388e-10;1.78616e-09;7.89481e-10;2.3473e-07;3.84529e-07;2.55139e-10;2.90418e-08;1.20974e-10;3.57615e-10;3.84399e-07;2.74285e-05
3.49689e-12;2.57727e-11;1;4.09524e-12;5.48545e-12;1.96443e-13;1.61856e-11;9.44607e-12;1.38583e-12;6.9248e-13;2.38212e-13;8.65214e-08;1.90692e-13;2.36407e-13
5.39611e-06;0.936919;3.7087e-06;1.15965e-05;1.03044e-06;1.77859e-06;0.00179106;0.00625775;0.000706297;3.11837e-07;0.000240765;2.73551e-05;0.0540328;7.30008e-07
0.000114373;0.553246;3.01928e-06;3.7515e-06;4.37612e-06;2.351e-06;5.0043e-06;0.0293994;1.17737e-05;3.4164e-07;1.25034e-05;0.0717936;0.345389;1.37471e-05
1.0237e-05;0.382801;0.000134927;1.78537e-05;0.00102432;5.79252e-05;1.82586e-07;0.0106631;2.99594e-06;9.16166e-07;3.96628e-06;0.146188;0.458924;0.000171019
1.43127e-05;0.0674148;1.71873e-06;0.000178466;0.00323936;0.000492778;0.000650891;0.00605705;1.40133e-05;0.000133077;0.00011628;0.00455198;0.915198;0.0019376
0.000973814;0.0233533;0.00716381;0.000851432;0.00140297;0.0150829;0.00417967;0.00269757;0.000279745;0.000204931;0.00237618;0.0189138;0.92242;9.98933e-05
1.64542e-06;0.986499;7.43886e-09;3.4371e-07;1.53158e-06;6.142e-06;6.24986e-05;0.0016724;2.19137e-07;4.29696e-06;8.56024e-08;2.5471e-09;0.0116429;0.000108742
1.25845e-08;1.06858e-09;0.999997;1.42464e-08;8.46667e-10;3.69997e-09;2.68506e-09;2.00328e-10;4.64947e-09;2.2915e-09;1.3741e-08;2.70946e-06;2.26039e-08;3.45043e-11
0.000315772;0.408074;2.1393e-05;0.00368034;0.00131097;0.0444514;6.12978e-05;0.0256618;0.0159663;4.85445e-05;0.00068131;0.0139971;0.48477;0.000959055
5.89482e-05;0.937938;0.0271578;0.000323421;1.40138e-05;2.18159e-05;4.20321e-06;0.000664916;1.15783e-06;5.61738e-05;8.67314e-06;0.00919365;0.0245562;1.17531e-06
1.94497e-05;0.298582;1.23184e-05;8.78006e-05;6.76478e-06;0.000112218;0.604202;7.98319e-06;1.67644e-05;0.0798765;0.000553694;1.9887e-06;1.31016e-05;0.016507
1.85211e-11;4.95299e-12;1;1.58848e-10;7.85311e-11;1.01042e-10;1.14486e-09;3.48825e-12;8.08587e-12;1.48829e-11;1.12253e-10;2.74871e-10;2.53697e-12;2.6333e-13
1.20821e-05;0.253469;4.04619e-09;6.85481e-07;0.000402411;2.42842e-06;7.70105e-06;0.745215;9.01181e-06;4.98106e-07;6.51394e-06;4.08901e-05;0.000618609;0.000215229
1.87594e-05;0.123034;0.512694;9.36739e-05;0.00215203;0.000137491;9.04778e-07;0.000216976;2.23924e-07;2.48243e-05;9.11528e-06;0.356762;0.0032775;0.0015788
0.000212138;0.641422;0.00796622;0.000231446;0.00030523;6.17099e-05;0.0601679;0.0728885;0.0184094;5.29467e-05;0.0629569;0.00406802;0.13124;1.7282e-05
9.35989e-07;0.150631;6.70402e-07;8.97261e-07;0.00794714;0.00591077;1.30437e-06;0.798631;2.23979e-06;1.00956e-05;1.13117e-06;4.27922e-05;0.0367139;0.000105934
2.2455e-06;0.000355182;5.01881e-09;2.00865e-06;7.69822e-05;2.44051e-06;2.67976e-08;0.958754;1.43446e-07;9.68392e-08;7.28661e-07;0.000132597;0.040668;5.97712e-06
4.26337e-05;0.00219996;1.17822e-06;5.24865e-06;4.20781e-06;3.47785e-07;1.17927e-07;0.000146677;2.05916e-05;2.66961e-07;1.18273e-05;0.997361;0.000195598;1.01486e-05
6.89414e-05;0.968895;0.00869978;8.42049e-06;5.76525e-05;1.41614e-07;2.72123e-08;0.0149554;2.75042e-07;1.32302e-07;1.01794e-06;0.00727238;3.99418e-05;4.29091e-07
2.07584e-07;0.997992;3.86212e-09;2.2172e-07;1.14489e-08;5.06967e-08;0.00140286;3.37524e-07;2.68305e-08;0.000190071;4.70745e-07;4.91036e-09;7.80006e-08;0.00041336
1.74539e-11;4.85132e-12;1;5.45297e-09;7.36123e-09;6.1848e-10;1.18403e-10;8.02612e-11;9.9539e-12;7.78027e-11;3.68493e-10;2.96613e-08;6.89964e-14;1.01201e-09
1.15321e-05;0.856831;6.23881e-06;7.53448e-05;0.000375687;0.000406359;1.55857e-05;0.139342;7.16828e-05;5.13718e-06;0.000156973;1.67098e-05;0.0025512;0.000135095
3.48231e-05;0.231284;1.16381e-05;2.57686e-05;0.000248162;0.00509566;0.000191279;0.176659;9.59847e-05;0.000181203;0.00056089;0.345166;0.238403;0.00204273
2.25989e-05;0.00236013;1.87915e-07;1.35654e-05;2.70409e-05;2.09629e-05;2.02974e-06;0.483072;8.88193e-06;4.4992e-07;2.52783e-05;0.000137305;0.514284;2.583e-05
0.00010601;0.00052743;2.73684e-05;3.72613e-06;4.20564e-07;1.39528e-07;3.0921e-07;0.000572839;6.80282e-05;6.64219e-07;6.97652e-06;0.995368;0.00331542;3.10643e-06
8.19112e-05;0.903813;0.000753813;2.76915e-05;0.00113048;1.85421e-05;1.02717e-06;0.0815937;5.85855e-05;2.52598e-06;3.96861e-06;0.000536368;0.011884;9.43043e-05
3.53732e-05;0.0466189;0.000706034;0.000781274;0.039282;0.00197539;1.03261e-05;0.0109172;1.64873e-05;0.000494065;0.00121778;0.865834;0.0270706;0.00504026
2.44982e-07;0.00668055;1.3765e-06;1.81224e-07;1.11457e-09;2.68159e-08;0.991625;1.84603e-10;1.34134e-07;0.00167011;1.99267e-05;7.0728e-08;1.53734e-07;2.30047e-06
1.58456e-09;7.09598e-10;1;9.39382e-09;5.59373e-12;1.25639e-11;1.18113e-07;2.17021e-11;1.14791e-07;4.29087e-10;1.95658e-07;2.9584e-08;1.57419e-10;2.45438e-13
5.22916e-06;0.999043;2.25148e-07;7.52798e-05;3.42204e-07;1.23724e-08;3.95763e-05;0.000172733;4.79644e-05;9.08687e-07;5.5632e-05;3.86892e-05;0.000520787;3.66485e-09
7.77477e-07;0.995683;7.31672e-09;5.89548e-07;2.47317e-07;3.24191e-07;5.93879e-06;0.000743623;2.04887e-08;2.0405e-05;3.41591e-08;5.75419e-08;0.00353207;1.31239e-05
8.08503e-11;1.63628e-12;0.999997;5.66071e-09;2.0765e-07;2.51791e-09;1.38613e-10;1.95388e-10;3.00851e-12;1.81294e-09;2.85727e-11;2.51047e-06;1.42516e-11;8.58162e-09
4.71752e-08;0.00503694;3.03033e-10;4.10331e-07;1.71632e-07;3.02825e-06;5.74574e-06;3.60541e-06;1.71829e-06;8.78388e-09;6.78189e-06;3.15265e-07;0.994941;1.02524e-08
2.64426e-07;0.000639213;0.999349;5.32927e-07;1.65771e-08;2.28407e-09;4.23025e-06;4.83227e-08;9.43178e-09;4.26912e-06;2.96834e-08;2.45059e-06;1.83216e-08;3.35332e-07
6.03596e-08;3.29266e-07;0.999996;9.46682e-08;1.64167e-08;1.82451e-09;6.18457e-07;1.69697e-09;6.26053e-07;4.88289e-09;2.01804e-06;1.89739e-07;4.67283e-10;2.19566e-08
1.8173e-07;0.999754;3.87316e-08;4.11496e-08;8.03608e-08;1.00286e-08;3.43504e-06;0.000236746;3.85323e-07;1.31359e-07;2.05893e-07;6.53217e-09;1.89771e-07;4.55962e-06
9.01717e-12;1.61372e-11;0.999999;1.84105e-11;5.19803e-11;6.26728e-13;2.0264e-11;2.25482e-12;6.76444e-12;7.42337e-12;4.70958e-11;1.05724e-06;4.97866e-14;2.00358e-11
1.48155e-05;0.796472;4.7518e-09;5.32384e-07;4.49903e-05;2.62345e-05;3.75215e-06;0.00182358;1.69769e-05;7.01813e-07;5.68182e-06;2.24414e-05;0.197278;0.00429025
1.21977e-05;0.234207;6.20079e-06;2.49196e-06;0.000256739;1.29129e-06;1.3405e-06;0.500807;7.89148e-06;1.20137e-06;6.06679e-06;0.231904;0.0288357;0.00395061
0.000687644;0.104599;3.86853e-06;0.0192587;0.0278279;0.0205479;0.000407447;0.0140127;0.00778497;0.00216953;0.0247862;0.180296;0.55665;0.0409681
0.0455234;0.380742;0.0912463;0.000714494;5.1503e-05;2.64355e-06;6.25263e-06;0.0042999;0.000109209;2.35507e-05;3.7625e-05;0.468266;0.0078877;0.00108863
3.01618e-06;0.999965;6.75427e-11;1.48853e-07;6.12677e-09;6.13908e-09;5.19729e-06;1.265e-05;2.16027e-06;1.51914e-06;1.81674e-07;1.4506e-09;6.30613e-07;9.63676e-06
3.14614e-09;1.08971e-08;0.999999;2.27002e-09;1.98761e-10;2.07631e-11;1.03596e-08;3.17614e-11;4.8702e-09;6.21724e-10;7.9232e-09;6.51475e-07;1.21461e-10;8.6794e-11
4.30561e-05;0.847549;5.88159e-09;1.50942e-06;9.87432e-05;2.2433e-05;2.02558e-05;0.00381147;0.000219101;1.00573e-06;3.64383e-05;2.6314e-05;0.142154;0.00601707
4.96911e-06;0.0475728;0.00011506;1.64317e-07;3.83588e-06;1.83305e-07;7.18508e-08;0.0242221;1.60867e-06;4.05584e-08;3.45703e-07;0.927382;0.000695676;1.38164e-06
9.22484e-05;0.575562;0.000409785;0.000214069;0.00549617;0.0711115;3.32566e-05;0.0148982;1.33148e-05;0.000266549;1.26607e-05;0.0176351;0.293258;0.0209975
0.000366452;0.535194;6.33477e-07;0.000625531;0.000962403;0.00020963;3.73628e-05;0.0170063;0.00399464;3.86944e-06;0.000379846;0.396064;0.0103086;0.0348459
8.75303e-06;0.000214128;2.87552e-07;7.14146e-09;1.19826e-07;1.21415e-07;2.55203e-08;0.999633;1.58742e-06;3.60837e-09;6.80086e-09;1.65598e-05;0.000125066;2.28678e-08
3.19561e-07;0.0161275;1.28324e-06;2.96519e-05;0.000115613;7.54754e-05;0.000726552;3.61566e-05;1.43793e-06;0.00144448;3.30393e-07;2.16906e-06;2.73132e-07;0.981439
3.48365e-10;5.63668e-09;1;3.46718e-09;8.56259e-13;1.6211e-12;1.81907e-08;2.1614e-12;1.37766e-08;5.07194e-11;2.67388e-08;2.83863e-09;5.8094e-11;6.75529e-13
2.43921e-05;0.0521703;1.10545e-05;5.74518e-07;1.95953e-06;3.51563e-08;3.8578e-06;0.946361;8.41321e-06;4.83483e-07;1.19723e-05;0.00110869;0.000294741;2.25159e-06
6.99482e-08;0.0461367;5.37964e-05;7.22343e-06;8.1709e-05;2.94468e-05;1.56241e-07;7.87362e-05;3.03714e-07;1.05708e-06;2.93641e-06;0.952478;0.000776504;0.000353343
6.30416e-06;0.0257976;7.54416e-06;0.00021104;0.000632348;0.00142056;0.000126409;0.0976971;0.000291343;2.5842e-05;0.000405908;0.000181126;0.873113;8.41922e-05
1.64708e-05;0.00883407;0.947971;1.01347e-05;3.72416e-05;1.64085e-07;1.36969e-07;1.15686e-05;9.48384e-08;1.66277e-06;3.28438e-08;0.043098;9.82919e-06;1.01082e-05
0.00266013;0.713494;1.41172e-08;6.80504e-05;5.90257e-05;3.13046e-06;0.00119847;0.170601;0.102325;4.10852e-05;0.0016549;4.89179e-05;0.00782616;2.03158e-05
0.000158364;0.996054;0.000726338;8.70667e-05;8.067e-05;4.15448e-07;2.64561e-07;0.00158307;6.23716e-06;2.27021e-06;3.32355e-07;0.00105862;0.000207264;3.50345e-05
3.71777e-07;0.994111;1.07562e-10;7.61237e-10;1.54563e-10;6.32809e-10;1.38686e-07;6.78708e-06;6.3143e-09;1.46259e-08;4.54625e-09;0.000125698;0.00575591;7.53196e-10
2.84253e-06;7.96053e-05;4.52336e-05;6.86929e-05;0.00055386;5.80037e-05;4.08324e-07;0.0017833;3.24692e-06;1.04169e-06;3.06684e-05;0.997191;0.000173413;8.68453e-06
7.65607e-05;0.878305;1.52153e-06;3.14827e-05;2.84263e-05;0.000814649;4.20717e-06;0.0761232;9.72498e-06;5.06054e-06;1.36175e-05;0.000288401;0.0434714;0.000826179
9.23706e-05;0.946256;4.3988e-07;0.000154852;7.15755e-05;2.07402e-05;1.87708e-05;0.00803296;4.72069e-05;5.05036e-06;0.000173639;0.00233557;0.0426387;0.000151908
0.000267528;1.50107e-05;2.44592e-09;9.5021e-07;7.16537e-06;8.58776e-08;9.8578e-08;0.999426;0.000208714;3.43934e-08;4.8698e-06;5.71002e-08;6.97335e-05;2.08028e-07
8.33498e-06;0.127144;5.91086e-07;1.24368e-05;4.02577e-07;9.69094e-06;2.35189e-05;7.58714e-07;1.87485e-07;0.000431564;6.5177e-08;6.04994e-07;6.08338e-07;0.872368
2.93057e-07;2.25243e-09;0.99997;5.05544e-08;7.28422e-10;8.92678e-10;2.3921e-05;3.26441e-09;1.85626e-06;7.97149e-07;2.70964e-06;4.59896e-09;3.10689e-12;4.85208e-09
4.12223e-09;3.43338e-07;1;1.44795e-08;6.60369e-11;8.4195e-11;4.1639e-09;6.46537e-10;3.16159e-08;3.80062e-10;3.12375e-08;1.81088e-08;6.69688e-09;1.81429e-11
2.48229e-06;0.00221526;0.00181265;2.24289e-06;2.10587e-05;1.71976e-06;7.99893e-09;4.93153e-06;1.6682e-06;4.38409e-07;5.12701e-06;0.995632;0.00024606;5.43632e-05
3.8531e-06;0.992673;5.81605e-08;5.41316e-05;0.000130005;1.73181e-05;2.10008e-05;0.00171579;1.52269e-05;9.40803e-06;0.000165189;0.00136831;0.00119502;0.00263123
7.47726e-07;0.90221;1.19966e-07;4.1417e-07;2.29694e-07;8.07177e-08;1.71354e-05;7.03816e-08;5.97793e-09;5.01657e-07;7.15124e-07;0.0969735;0.000777972;1.8198e-05
7.15004e-06;0.704693;1.02593e-09;1.46305e-06;9.6757e-06;1.1243e-05;5.52386e-05;0.00185608;6.57456e-06;1.06496e-06;2.73807e-05;0.0520057;0.241277;4.88425e-05
4.64186e-05;0.948101;1.69792e-09;2.36076e-06;1.29468e-05;2.12145e-06;4.37779e-07;0.00325015;8.03953e-06;1.03377e-07;6.63451e-06;0.0196315;0.0289229;1.5112e-05
3.44105e-06;0.997757;1.14647e-08;3.90121e-06;0.00011806;3.71922e-07;1.57072e-05;0.000192399;7.11447e-09;4.93443e-05;2.58121e-08;1.81451e-08;6.77689e-05;0.00179164
2.02744e-10;2.69937e-11;1;3.67119e-10;2.11693e-10;8.21425e-12;7.85414e-11;4.02648e-13;3.21662e-12;2.0297e-11;8.2429e-12;8.19801e-09;8.43214e-11;4.13095e-12
4.07589e-06;0.982125;1.54866e-07;2.39307e-05;1.38869e-05;6.63042e-07;0.000236211;0.0109395;0.000428863;2.24137e-07;0.000405786;0.00490484;0.000908936;7.97821e-06
0.000664815;0.403582;1.23519e-05;0.00583565;0.000531617;7.90251e-05;0.00593132;0.0297116;0.0417509;6.29073e-05;0.151506;0.284123;0.0532719;0.0229364
3.84155e-06;0.00478005;5.98865e-06;6.54802e-08;1.82854e-05;9.30964e-08;1.33242e-08;0.995028;1.07765e-08;3.34932e-08;6.45521e-09;9.81915e-05;6.45821e-05;9.69954e-07
1.82134e-06;0.945833;6.73519e-06;5.18807e-05;0.00492437;0.00599861;1.61648e-05;0.00137321;1.00796e-06;0.000160645;8.85902e-07;0.00062004;0.00436681;0.0366449
8.97784e-09;5.25474e-09;1;1.59437e-08;5.05273e-11;1.25347e-10;3.49071e-08;5.41896e-09;6.18465e-08;1.20185e-09;8.78315e-08;1.00339e-07;1.09014e-08;6.57673e-13
1.12297e-06;7.00792e-06;0.000674805;4.60307e-06;6.46795e-07;3.80659e-07;1.04277e-07;1.10411e-05;0.000209629;2.6008e-08;2.1945e-05;0.999066;1.70067e-06;7.12225e-07
5.85945e-07;0.998549;2.10554e-10;5.01657e-08;4.67531e-09;2.52398e-07;2.67092e-05;1.64888e-08;3.3966e-07;2.38842e-06;3.28937e-08;3.53823e-11;1.78815e-06;0.00141838
2.46658e-08;7.72338e-10;0.999967;5.44353e-09;7.83708e-08;8.64021e-11;3.09614e-11;1.97741e-10;3.00485e-09;8.62016e-11;1.76988e-10;3.26946e-05;2.73704e-12;1.20103e-09
6.59317e-06;0.000662889;2.84323e-07;1.42095e-07;0.00320218;1.22277e-06;9.44261e-11;0.996013;1.00979e-06;2.07381e-09;3.33224e-09;3.6792e-07;2.57555e-05;8.6534e-05
1.35225e-07;3.05428e-06;1.01021e-08;9.13382e-09;9.96699e-06;6.86512e-09;2.17172e-11;0.999835;1.14339e-07;1.6124e-09;2.44684e-10;7.77578e-09;0.000151655;2.11953e-10
1.93381e-07;1.90468e-05;0.999298;7.19054e-06;0.000352214;0.000170907;3.11715e-10;2.22394e-07;3.76726e-10;3.18284e-05;2.00041e-09;0.000109986;7.84022e-06;2.9876e-06
1.00339e-05;0.984735;0.000217175;2.34959e-05;8.45862e-06;1.44771e-06;1.14826e-05;0.0137667;0.000139677;8.70548e-07;9.58839e-05;0.00019988;0.000720247;6.9321e-05
