4.29901e-08;0.999828;5.40805e-08;1.20505e-08;2.18453e-08;3.16976e-09;1.7841e-05;2.59293e-10;4.32197e-11;4.19747e-05;5.6721e-10;5.40408e-09;3.59607e-08;0.000112506
1.61442e-10;2.01943e-12;1;2.44832e-11;6.51421e-12;7.55928e-13;1.18971e-09;6.29881e-11;1.8483e-10;3.47012e-12;5.33298e-10;1.80137e-07;3.52485e-13;6.24848e-12
1.64731e-07;0.996913;1.1946e-09;8.69428e-07;1.61959e-07;1.24161e-06;1.46933e-05;3.94182e-05;2.60311e-05;5.74368e-07;2.13891e-05;1.74055e-07;0.0029823;1.16641e-07
9.31803e-07;0.000290008;0.000538937;1.16253e-06;1.08428e-07;2.01822e-07;1.62837e-08;1.29072e-06;6.06978e-07;1.85334e-08;3.91149e-06;0.999056;0.000107055;2.17695e-07
0.000183561;0.0544078;3.64497e-06;1.53801e-05;0.000120469;7.71961e-05;2.3533e-05;0.927464;0.00667253;1.61603e-06;0.000352959;5.16725e-05;0.010614;1.19457e-05
2.53654e-06;0.000555073;4.21706e-08;8.30994e-09;2.71722e-07;1.18567e-07;1.00869e-08;0.999297;1.0335e-06;1.67678e-08;9.21667e-09;2.16604e-06;0.000141443;7.50354e-08
9.28621e-08;1.87305e-05;6.58521e-07;5.24468e-06;0.00122615;0.000186388;1.71231e-09;1.72159e-06;4.25534e-07;4.21684e-07;5.27903e-07;0.000390967;5.48314e-07;0.998168
3.42403e-06;0.99682;1.05704e-06;9.33096e-09;1.99172e-09;3.11712e-09;0.00312674;8.68416e-06;1.51907e-07;2.70022e-05;1.31205e-07;6.69089e-11;4.78207e-06;8.22007e-06
7.06666e-12;4.00704e-12;1;8.13202e-12;3.05712e-11;5.24006e-12;2.05353e-11;5.42103e-13;4.94383e-13;2.88724e-11;2.65348e-12;3.28201e-09;2.73738e-14;8.31975e-11
3.5051e-06;0.785803;1.37874e-07;3.44213e-07;4.04052e-06;2.58912e-07;4.23342e-06;0.000502898;2.01761e-06;1.75639e-07;3.41863e-06;5.14732e-05;0.213542;8.23934e-05
1.3031e-06;0.09175;7.9059e-05;4.10256e-06;0.000566787;4.85669e-05;6.66984e-07;0.665521;1.79534e-06;4.34817e-07;2.15337e-07;0.235918;0.00326328;0.00284469
1.34087e-06;0.116286;1.16682e-06;6.46407e-06;0.000899861;0.000442469;9.55789e-07;0.830804;2.10165e-08;4.514e-07;8.89563e-07;6.08166e-06;0.050802;0.000748709
8.49021e-09;1.47931e-08;1;1.21769e-08;2.29895e-09;5.75125e-10;1.97477e-08;1.62758e-08;8.26905e-10;1.33836e-09;6.32878e-09;6.06827e-08;1.55584e-08;2.26618e-09
5.56337e-06;0.0134731;0.00361065;0.000323973;0.000201693;6.76293e-05;4.73072e-07;0.00545779;0.000130984;5.2035e-07;0.00174138;0.974084;5.34158e-05;0.000848609
1.17617e-06;0.993565;2.32538e-08;7.24672e-07;8.90185e-06;1.55611e-06;1.97687e-07;0.00562525;3.04197e-07;4.35977e-07;0.000206325;0.000400381;0.000187517;2.18039e-06
3.81667e-08;0.997689;0.000118737;7.66919e-07;2.33403e-06;1.95542e-05;4.63451e-05;9.27714e-10;4.93461e-12;0.000182177;5.57474e-08;6.407e-06;1.84872e-09;0.00193425
5.57817e-09;1.60244e-06;0.999997;2.09705e-09;4.42206e-11;3.03655e-09;1.06167e-06;3.91162e-11;7.60545e-10;5.89123e-09;1.48952e-08;3.87041e-10;2.5754e-08;3.42276e-08
4.67872e-08;0.0189441;4.39617e-09;2.20456e-08;7.44575e-08;6.34734e-06;1.03096e-05;0.00386029;3.76883e-08;6.12853e-08;7.79585e-07;2.7995e-11;0.977178;1.32603e-08
1.54996e-11;1.4782e-10;1;2.13929e-10;3.53929e-12;6.9157e-10;2.24672e-10;1.40521e-11;1.94882e-12;4.76236e-11;3.81752e-11;1.17131e-10;2.43683e-08;1.04456e-13
2.26046e-10;1.98479e-07;0.99999;1.21e-08;3.69944e-08;4.08119e-07;9.18306e-11;4.35926e-08;6.82115e-11;4.64037e-10;1.22933e-10;8.39554e-06;8.76188e-08;3.77395e-07
1.38853e-07;2.04126e-05;6.22387e-07;9.65872e-07;0.00264674;0.991425;1.80747e-08;5.67662e-05;2.83791e-07;8.06171e-07;8.18493e-07;6.93574e-08;0.000435539;0.00541181
1.09572e-07;0.000535925;3.43786e-06;6.75023e-07;0.00766996;0.000101329;1.7934e-10;0.00421624;2.08635e-08;6.27304e-09;4.1303e-06;0.987203;0.000238766;2.63621e-05
2.44778e-07;0.998321;0.000181203;1.99267e-06;0.000167847;6.56902e-05;1.85558e-05;1.0116e-05;1.88252e-10;5.295e-05;1.62587e-08;2.28068e-07;4.90619e-07;0.00118026
2.71877e-09;5.54687e-09;1;5.00419e-09;8.69675e-09;2.23505e-08;6.86228e-11;1.20261e-09;9.69794e-10;1.43784e-11;5.3684e-10;5.13162e-07;1.44526e-08;3.73256e-09
9.53102e-07;0.984477;1.57826e-06;4.83665e-08;1.45788e-06;9.51463e-08;2.82301e-08;0.00189814;2.19323e-08;1.52849e-07;7.43319e-09;6.06327e-06;0.0135949;1.90775e-05
1.02435e-07;0.990727;4.35742e-10;1.8432e-08;2.1691e-06;5.66953e-08;8.30576e-06;2.96004e-05;4.52313e-10;4.37708e-05;2.27052e-09;2.0713e-07;1.51004e-06;0.00918726
5.66995e-10;4.89413e-11;0.999999;4.40591e-10;3.38043e-10;3.22164e-12;9.28772e-10;4.70337e-09;2.25599e-11;2.82136e-10;9.66247e-11;8.68701e-07;5.76432e-12;5.01267e-12
0.00016911;0.198451;9.0615e-07;0.000354922;2.69362e-05;1.14556e-05;0.0394047;0.0213082;0.163943;0.000286195;0.533743;0.00280466;0.0394832;1.31481e-05
0.000697914;0.582408;0.00824677;0.0110336;0.00655373;2.40475e-05;0.000203424;0.000604332;0.00531086;0.000279684;0.00256175;0.37129;0.000457704;0.0103275
2.51597e-06;3.04139e-05;1.86753e-10;1.65906e-09;7.0656e-08;6.66021e-09;1.45594e-07;0.999959;2.11809e-06;4.63682e-09;1.28328e-08;5.04017e-08;5.82999e-06;1.71516e-09
3.12176e-07;0.00993452;4.70067e-06;3.97346e-05;0.00139233;0.00680376;2.05672e-06;0.000181849;6.16795e-07;4.31945e-05;2.03534e-07;3.25939e-06;0.000295877;0.981298
9.68684e-10;5.28048e-09;1;1.72266e-09;4.63788e-11;2.13269e-11;1.03251e-08;1.44525e-10;1.68416e-09;3.68222e-10;2.22041e-09;4.99503e-09;2.76433e-10;6.96162e-12
1.08858e-06;0.0798565;0.000192606;1.26717e-05;8.7919e-06;5.84216e-06;1.45488e-06;0.000546342;5.73273e-05;2.5193e-07;1.24029e-05;0.91906;0.000235007;9.86176e-06
1.47728e-09;7.27033e-08;0.999882;5.09842e-08;7.25914e-06;6.33711e-06;1.07283e-09;1.6072e-09;8.1168e-10;1.36079e-08;8.21002e-10;1.10389e-06;7.29266e-07;0.000102672
1.11926e-06;0.257384;0.000235716;9.97497e-08;3.62913e-05;1.15064e-06;1.39764e-09;0.741221;6.36325e-09;5.053e-09;2.30995e-08;0.000586096;0.000375868;0.000158306
1.87993e-11;0.999045;2.19605e-12;2.65611e-10;3.60838e-11;2.35941e-11;2.10835e-10;4.53647e-09;2.39321e-13;2.31099e-09;2.9435e-13;1.44622e-08;1.00911e-09;0.000955025
0.000719646;0.663767;0.0291134;0.00782408;0.000669479;0.000258389;0.0193312;0.028158;9.85659e-05;0.000675335;0.000417829;0.000981457;0.247039;0.000946333
1.3113e-05;0.306679;2.57356e-09;8.6853e-06;1.67804e-05;1.13187e-07;2.89199e-07;0.47851;6.25906e-07;1.19441e-06;4.21814e-06;1.73498e-05;0.214748;4.94949e-07
1.51057e-05;0.786269;0.0330033;0.000158731;0.000269185;0.000147856;5.83406e-07;5.83131e-05;3.12536e-08;4.84446e-05;5.35189e-07;0.000152457;0.179576;0.00030138
1.46328e-06;0.733544;3.10304e-09;4.87562e-07;2.47232e-07;1.09046e-07;0.00451159;1.2666e-07;2.54794e-08;0.00101405;2.23748e-07;1.1996e-06;1.38384e-06;0.260925
8.34947e-12;4.508e-12;1;8.20732e-11;6.74574e-11;1.54528e-10;1.03195e-10;1.31627e-11;2.11342e-13;4.19306e-12;2.91826e-11;4.8625e-08;6.48598e-12;5.52547e-13
3.33276e-05;0.0784128;6.51415e-06;0.000630416;0.000638754;0.0956418;0.0642879;0.169886;0.000431909;0.00617961;0.00240112;2.2195e-08;0.574988;0.00646148
1.02002e-10;2.1907e-12;1;2.07794e-09;3.48408e-12;1.85558e-10;4.11441e-09;1.4264e-12;3.71567e-10;1.55636e-10;6.33463e-09;1.41602e-09;3.28417e-11;2.23228e-12
7.62417e-05;0.14171;0.181583;0.00310647;0.000555418;0.00574067;9.41207e-06;0.00375829;0.00250768;8.17329e-06;0.00162044;0.653421;0.0031608;0.00274344
0.000209658;0.385621;8.97805e-06;3.60565e-05;0.00284453;0.0171791;2.11166e-06;0.0202504;1.13755e-05;3.3791e-05;0.000362927;0.000555873;0.570665;0.0022195
5.14971e-07;0.0478655;5.22249e-09;9.10858e-07;1.57015e-05;2.27061e-05;1.04664e-05;6.12568e-06;1.49687e-09;0.000925972;9.59016e-08;7.20203e-05;1.1102e-05;0.951069
1.3677e-12;5.65464e-11;1;2.72055e-13;1.50093e-13;1.56037e-13;1.43316e-13;1.77168e-11;1.39134e-14;4.30485e-14;4.60585e-15;1.25152e-11;5.967e-12;9.73775e-16
1.2918e-05;0.253567;0.000536575;0.000526755;4.29993e-05;0.000995548;1.01444e-05;0.0526488;0.00384171;4.13779e-05;0.000647856;0.000108324;0.687014;6.59287e-06
