1.91336e-06;0.999347;8.08374e-06;1.23969e-06;6.31238e-06;1.56424e-06;4.31703e-05;8.09116e-08;1.37958e-08;0.000330652;2.01093e-07;6.27154e-08;7.9361e-06;0.000251262
1.69565e-10;1.22372e-11;1;5.01322e-12;2.53297e-11;1.39041e-12;8.43108e-11;4.03092e-11;2.13243e-11;3.82183e-13;8.6565e-11;5.95487e-08;1.08602e-13;1.85242e-12
1.44492e-06;0.995667;7.48817e-05;5.51126e-08;2.27223e-06;1.14236e-06;0.000112835;8.89679e-05;1.94403e-06;1.06896e-06;6.20749e-06;0.00266292;0.00137896;8.25899e-07
8.51119e-08;0.00142128;1.933e-10;1.27911e-07;0.0236714;1.85287e-06;1.96273e-08;0.97449;1.65958e-05;1.15212e-08;9.20363e-06;3.10783e-05;0.000357063;1.70178e-06
2.50653e-06;0.00928495;0.902128;0.000151626;0.00732399;0.00227684;1.8293e-08;3.05558e-05;2.21347e-08;1.7822e-05;4.3191e-07;0.000622859;1.14728e-05;0.0781495
1.44701e-05;2.59774e-07;5.28259e-08;3.10363e-09;1.8578e-08;7.9353e-09;6.72097e-08;0.999892;6.20672e-05;5.56529e-10;6.72979e-07;4.43716e-08;3.04312e-05;4.78466e-10
5.74644e-06;0.00421986;0.00292804;1.86491e-06;5.84804e-05;1.23937e-05;4.70661e-09;2.65508e-05;2.33781e-07;3.5368e-07;5.28075e-07;0.991916;8.72416e-05;0.000742628
2.14179e-06;0.998586;1.05441e-08;8.57325e-08;3.35213e-08;1.99765e-09;0.000453884;4.18992e-08;1.89488e-07;3.0399e-05;5.53491e-07;1.03399e-06;9.04981e-09;0.000925661
6.37612e-11;6.8232e-13;1;3.44593e-12;5.26909e-10;2.2574e-14;6.24126e-11;3.06782e-09;4.53305e-12;6.01111e-13;2.97155e-12;2.17654e-09;4.77501e-14;1.61317e-13
3.09923e-08;3.80782e-06;1.00944e-10;1.56335e-08;3.59093e-06;1.33298e-08;1.78573e-07;0.999977;5.22025e-06;1.01003e-08;1.66171e-07;1.31434e-07;9.88161e-06;1.24901e-10
1.7112e-06;1.17367e-05;0.999957;8.53691e-06;7.29584e-07;1.15707e-06;5.59063e-07;7.99136e-07;1.57546e-07;7.3944e-07;5.1904e-06;3.42496e-06;8.1386e-06;2.32578e-07
1.99945e-05;0.998998;3.09805e-08;4.57631e-08;4.80811e-09;3.68814e-09;6.75257e-05;0.000851108;1.90488e-06;3.40029e-07;2.17631e-06;3.18091e-08;5.85834e-05;4.37937e-07
1.11074e-08;1.779e-06;0.999998;1.96128e-10;1.10276e-11;1.68764e-11;7.66707e-09;4.67709e-10;1.61938e-09;4.60748e-10;2.25464e-09;1.57613e-07;1.18113e-08;5.10543e-11
1.67156e-05;0.00609354;1.54086e-06;4.84147e-06;0.00189899;0.000209225;5.52087e-07;0.0544008;0.000102207;4.61365e-07;4.65032e-05;0.854554;0.0822072;0.000463949
1.59918e-06;0.00131212;3.52053e-05;6.21405e-06;0.020963;0.000115108;7.53806e-08;0.00295113;5.81816e-09;1.63937e-06;2.78325e-07;1.18536e-05;0.968375;0.00622682
3.51019e-05;0.00201463;5.31648e-06;7.45076e-05;0.000253429;0.00353651;3.20354e-06;0.000135093;0.000196096;2.69085e-06;0.000169257;0.0229076;0.97056;0.000106581
3.17977e-06;0.00155662;0.998164;7.44763e-07;1.79386e-07;2.28923e-08;1.57134e-06;2.87159e-08;4.36188e-09;1.30033e-05;2.15775e-09;0.000138139;4.7696e-08;0.000122693
1.40606e-08;5.11878e-08;0.999998;1.69152e-09;1.03156e-09;3.41022e-10;3.4074e-08;2.71912e-09;1.19617e-08;9.88062e-10;8.23047e-09;1.65041e-06;3.43406e-09;3.00626e-10
3.9386e-07;0.0149579;8.20638e-08;5.9445e-07;3.6481e-05;4.51159e-07;6.87771e-07;0.982518;3.78755e-05;7.91348e-08;1.09964e-05;0.000123125;0.00230878;4.77886e-06
1.6289e-06;0.00407523;0.000123148;4.12715e-06;5.68262e-05;2.34343e-07;1.58043e-06;0.0054001;6.82082e-06;3.27574e-07;3.97921e-05;0.984295;0.00594699;4.77818e-05
2.29176e-06;0.962563;1.44358e-07;3.60749e-07;7.84955e-06;6.04435e-07;3.03454e-06;0.000144838;1.65532e-06;1.04013e-06;1.20128e-06;0.00177789;0.0319616;0.00353463
0.00010768;0.317179;3.65605e-08;7.91372e-07;0.00206782;7.8338e-07;2.19553e-05;0.667933;0.000971634;1.33311e-06;3.94613e-06;0.00923289;0.00240806;7.13682e-05
0.000200263;0.968683;0.00532211;5.88836e-05;0.0168589;8.49911e-05;4.99981e-05;0.00292929;1.06428e-05;0.00134783;3.5726e-07;1.95462e-05;0.00428236;0.000152077
1.09578e-07;4.84555e-10;1;3.8249e-10;6.03194e-10;4.76707e-12;1.96329e-09;2.52018e-10;3.6773e-08;1.16684e-11;2.57563e-09;1.98665e-07;1.25518e-11;1.65296e-11
9.97409e-06;0.00635214;0.00746216;1.55513e-07;1.20447e-05;1.67493e-06;3.35169e-06;5.61953e-05;1.23027e-06;5.10468e-07;9.29575e-08;0.00610062;6.26427e-06;0.979994
4.62622e-07;9.68853e-05;5.98122e-09;3.00903e-08;0.00228299;8.60544e-05;3.1643e-08;0.996461;2.11739e-05;1.89934e-08;4.15295e-08;1.52189e-06;8.66509e-06;0.00104124
2.74286e-07;0.000491359;0.996755;1.5534e-06;0.00081392;0.000398617;1.78784e-09;8.40003e-06;4.05171e-10;1.04313e-07;9.81878e-09;0.000979195;3.20944e-06;0.000547976
4.11294e-06;0.979989;1.08802e-06;1.37983e-09;2.62565e-07;5.16005e-07;9.09749e-08;0.000182586;8.28033e-09;1.16835e-09;5.0318e-09;2.3419e-05;0.0197988;7.14034e-08
5.46139e-07;0.0189966;4.972e-05;7.50385e-07;0.000570674;0.000172484;1.83869e-10;0.0178829;2.53574e-07;2.04564e-08;3.50142e-08;0.961794;9.15056e-05;0.000440144
4.07102e-06;0.701402;3.63106e-06;5.94108e-07;1.76839e-05;7.87225e-06;9.16487e-08;0.0023132;2.57598e-07;5.6481e-08;5.37664e-07;0.000132589;0.296117;1.82051e-07
1.69393e-05;0.292773;7.72854e-05;9.14305e-06;0.000123821;2.81106e-05;7.19778e-08;0.00200723;7.18076e-07;7.06566e-06;4.17081e-07;0.680493;0.0202834;0.00417941
0.000497206;0.594839;7.29191e-06;0.00161148;0.0011203;0.00232231;0.00287791;0.0105946;0.00745992;0.000688886;0.0183224;0.00976816;0.346456;0.00343445
3.1064e-05;0.996762;3.93416e-05;2.14732e-06;5.40857e-08;1.52104e-08;5.5813e-06;0.000250474;5.76925e-06;9.29735e-07;3.38655e-05;0.00285541;1.32609e-05;1.19776e-07
3.30685e-07;0.999055;1.05559e-10;4.63607e-06;0.000265904;1.73307e-07;7.93487e-08;0.000566137;3.28718e-08;1.30783e-06;1.38217e-07;6.63008e-05;4.94438e-07;3.9231e-05
5.44586e-05;0.00112315;0.0142696;0.000621322;0.00516632;0.0135766;7.21826e-07;0.00092706;3.26619e-07;0.000287841;6.32756e-06;0.95997;0.000930332;0.00306578
2.44924e-05;0.00589779;2.87651e-09;4.71211e-06;9.48936e-06;2.48843e-06;7.08929e-06;0.00861972;2.02632e-05;1.72048e-07;0.000294489;3.59789e-06;0.985102;1.3987e-05
3.62406e-06;0.000182771;2.76411e-06;1.46045e-05;7.31056e-06;1.16814e-06;1.10557e-07;1.33722e-05;6.1308e-06;4.5328e-07;3.55724e-05;0.999638;8.54082e-05;8.52213e-06
1.91723e-06;0.999697;2.01318e-07;1.54708e-06;1.33886e-06;5.97067e-08;9.70812e-09;0.000271588;1.50503e-08;1.77614e-08;2.83314e-08;7.38988e-06;1.7952e-05;7.8839e-07
5.70404e-07;0.99299;1.97608e-08;1.74711e-08;1.31399e-08;4.26738e-08;1.47983e-07;1.05921e-05;9.70871e-10;2.73967e-08;4.50434e-08;0.00614716;0.000851561;2.63141e-07
1.77649e-06;0.00214871;3.10265e-08;0.000247872;0.758171;0.00127751;4.02327e-06;0.182857;0.000160762;1.0901e-05;0.00109903;0.0533921;5.4182e-05;0.000575001
3.78049e-05;0.666333;0.285506;0.00304362;0.000127093;0.00074689;1.91058e-05;3.97991e-05;3.58425e-06;1.58472e-05;0.000559696;5.35737e-05;0.0434799;3.36782e-05
0.000196316;0.816697;1.6436e-05;3.37497e-06;1.41718e-05;6.79911e-06;4.48516e-07;0.00732877;1.06683e-05;2.05928e-07;8.7849e-05;0.113087;0.0556281;0.00692339
0.000948426;0.0797321;6.03395e-05;0.000254525;0.0573821;0.000130219;7.36823e-05;0.850072;0.00257275;5.92436e-05;0.000781124;0.00420899;0.000100663;0.00362347
0.00119033;0.113601;0.00126258;0.000445722;0.0167217;0.00102655;1.86991e-05;0.0376574;2.73948e-05;4.31659e-05;7.2926e-05;0.0449478;0.00397219;0.779013
0.000176488;0.128428;1.12363e-05;1.40209e-06;0.000641043;0.00299191;1.46473e-06;0.457031;6.0432e-06;3.60329e-06;1.51169e-05;0.0874028;0.32318;0.000110152
1.67799e-08;0.000216931;8.12243e-09;1.09826e-08;9.77773e-07;6.80273e-06;1.75199e-10;8.60573e-06;1.62856e-10;1.70179e-09;1.52455e-08;8.18773e-05;0.999683;2.07612e-06
2.39466e-05;0.00613215;3.9831e-05;0.000360209;0.000102964;0.00174461;8.98642e-07;4.6084e-05;2.70933e-06;6.84143e-05;2.37802e-05;0.986595;0.00483656;2.27986e-05
2.2202e-05;0.999747;7.94212e-06;2.64464e-07;6.42109e-09;1.79078e-08;4.42977e-06;0.000132773;3.55602e-06;2.22928e-07;9.92928e-06;1.1153e-05;6.07981e-05;1.88357e-09
1.31332e-08;0.999933;5.06503e-11;7.46279e-07;6.76982e-07;1.30587e-08;5.11002e-07;4.17195e-06;2.24599e-09;9.84918e-06;1.23025e-08;5.18346e-06;4.21354e-08;4.54378e-05
8.10182e-07;1.19622e-05;0.999847;3.81052e-06;1.35946e-08;1.99284e-06;7.32785e-05;5.96232e-07;8.42177e-07;6.00336e-06;2.52749e-05;3.65112e-09;2.8736e-05;6.88641e-09
4.39093e-08;7.18059e-09;0.999999;4.11445e-08;4.48706e-10;4.76251e-10;2.97595e-07;8.90425e-08;2.86204e-08;2.85089e-08;7.3812e-08;1.80838e-07;6.18195e-08;1.50524e-11
4.30997e-07;0.000154729;0.00305317;7.69795e-07;6.3844e-07;5.40406e-08;4.403e-09;1.1864e-05;1.81185e-06;2.16649e-09;2.42798e-07;0.99677;6.02125e-06;8.19583e-08
0.000228232;0.986562;2.13711e-10;1.80054e-06;1.2863e-05;1.00013e-05;0.00749711;0.00165805;0.000268665;0.000343076;4.64194e-05;3.88767e-09;0.00170931;0.00166237
1.49114e-09;5.55e-11;0.999998;7.75711e-10;1.47932e-09;1.29071e-12;1.91114e-12;2.68991e-11;3.35312e-10;4.53882e-12;1.93092e-11;1.65421e-06;4.98227e-13;6.12643e-11
4.13951e-05;0.843961;3.99168e-05;1.13887e-06;0.000938219;2.4983e-07;7.30407e-09;0.153362;5.22784e-06;2.16948e-08;7.43623e-09;0.00051581;5.26839e-06;0.00113014
8.33929e-09;8.40715e-07;1.25435e-10;8.9706e-11;1.79648e-06;3.00875e-09;8.04676e-13;0.999995;2.5516e-09;1.89107e-10;1.52685e-12;2.98132e-10;2.46176e-06;8.48109e-10
5.449e-08;9.81549e-06;0.99986;2.40027e-07;8.74843e-05;3.42672e-06;5.80428e-11;8.14858e-08;5.12519e-11;1.847e-06;2.29725e-10;3.68026e-05;6.6544e-08;4.85528e-07
1.74935e-06;0.993253;0.000391449;2.20418e-06;2.60709e-06;2.69085e-07;8.24309e-07;0.00585502;2.01388e-05;1.27814e-07;6.33374e-06;0.000357563;9.35058e-05;1.50779e-05
