1.81675e-05;0.411106;1.81846e-08;1.29706e-05;0.000120788;7.29677e-07;1.9658e-07;0.588453;1.63467e-05;2.59989e-07;1.6535e-06;2.97219e-05;0.000101882;0.000138232
5.24148e-06;0.0621357;0.000113797;1.80849e-05;0.000131356;0.000189776;3.87567e-09;7.06148e-06;1.63246e-08;6.15481e-07;1.3314e-06;0.0126913;0.924629;7.71119e-05
5.16024e-05;0.983024;1.83013e-08;2.40322e-07;0.000456464;2.49692e-07;1.88149e-07;0.00740323;1.05041e-05;1.12312e-07;1.8897e-05;0.00758546;0.00143849;1.04764e-05
0.00159278;0.189341;0.0291539;5.08803e-05;0.524356;0.000538243;9.92131e-06;0.00281354;2.05339e-07;7.338e-05;1.99573e-06;0.0915424;0.00331539;0.15721
0.000241348;0.891185;3.5528e-06;1.14757e-05;3.89551e-05;8.91983e-06;1.20941e-05;0.0146727;0.000157254;1.76905e-07;0.00013385;0.00068579;0.00806617;0.0847827
1.58116e-05;0.979073;3.1049e-06;7.70959e-06;0.000126608;0.00021175;2.67543e-08;0.0163704;4.5096e-07;1.70095e-06;3.21016e-07;0.000151222;0.00205822;0.00197966
6.62221e-07;0.000300764;4.21547e-10;2.01488e-07;9.81367e-08;1.68286e-07;4.69528e-09;0.0010869;1.07217e-07;3.52332e-09;2.67741e-06;9.39719e-07;0.998605;2.09061e-06
0.000506961;0.0202113;3.38912e-06;3.73035e-05;0.000115555;0.000124784;0.000768467;0.019515;0.000489311;0.000306429;0.000830718;0.00270414;0.954242;0.000144921
1.79199e-07;5.23859e-08;0.999996;1.23143e-07;1.25308e-09;1.43639e-09;3.95107e-07;6.75896e-08;4.30078e-07;1.20332e-08;1.97476e-06;4.94171e-07;5.55729e-08;4.71722e-10
2.7332e-08;5.18811e-05;7.01929e-05;4.22062e-07;3.20935e-06;8.79134e-07;2.23148e-08;1.8947e-05;6.59708e-09;9.45179e-08;6.53882e-08;6.16193e-05;2.07409e-06;0.999791
5.42997e-08;1.47484e-06;4.86255e-10;5.52838e-07;0.0195663;1.14217e-05;9.70768e-08;0.980413;1.76381e-06;6.31348e-09;1.4523e-06;2.54372e-07;2.33807e-07;3.46969e-06
4.55068e-10;1.93151e-08;0.999999;1.53082e-07;5.86621e-07;4.47329e-09;6.39644e-11;1.69828e-09;3.5892e-12;9.61238e-11;9.709e-09;2.43018e-08;6.05996e-09;1.46231e-09
5.82282e-07;0.923997;4.89726e-05;2.24057e-07;2.23629e-08;2.06808e-08;6.93682e-09;1.84572e-08;1.29444e-10;1.86419e-09;5.56602e-08;1.93965e-08;0.0759513;1.48108e-06
3.77989e-07;0.00677152;1.05569e-05;1.78085e-07;4.46412e-05;2.9029e-07;5.23167e-09;0.00100426;9.17071e-08;1.31852e-08;4.04799e-07;0.990906;0.00114076;0.000120735
7.13968e-07;0.986393;6.5271e-08;3.58061e-06;0.000348018;2.30862e-05;2.17595e-07;0.00592348;4.42917e-07;3.84072e-08;5.65734e-07;1.28498e-05;0.00700916;0.000285069
6.78812e-05;0.019056;9.36033e-08;4.77664e-06;5.63819e-05;4.11162e-06;8.00416e-09;0.679375;3.5025e-06;3.61567e-08;4.55713e-07;0.24947;0.0518556;0.000105586
2.00603e-05;0.141915;7.74842e-07;1.08954e-05;1.78527e-06;0.000390096;9.68763e-07;0.00126555;3.33378e-05;3.63485e-06;1.27918e-05;4.2489e-05;0.855985;0.000317223
1.49578e-06;0.00257856;0.984667;6.52617e-06;1.28229e-06;2.34974e-07;6.53546e-07;2.93269e-06;5.01238e-08;1.31129e-05;2.28495e-07;0.0127083;5.05372e-06;1.49976e-05
3.27243e-07;0.993353;2.11146e-08;1.9093e-05;5.43114e-06;7.97382e-07;1.66362e-06;0.000902728;1.30618e-05;1.91926e-07;9.94904e-05;0.000251811;0.00532466;2.80002e-05
1.0861e-07;0.00306413;5.94393e-10;6.21018e-08;0.000114273;4.28674e-08;7.39482e-09;0.991488;5.88415e-08;5.76953e-08;8.36937e-08;0.00532659;2.11593e-06;4.34632e-06
9.26438e-07;0.000513253;0.996932;2.24857e-05;8.23935e-05;1.19268e-05;3.57909e-06;2.33581e-06;3.27803e-08;3.83142e-05;9.44258e-07;0.00236598;2.08757e-05;5.05479e-06
4.15492e-05;0.00656471;2.82516e-08;8.24301e-07;3.91028e-05;2.26187e-06;1.1241e-06;0.987393;4.82925e-05;3.66854e-08;0.000165501;3.35973e-06;0.00573747;2.93618e-06
1.96766e-06;0.999564;0.000307319;2.09536e-07;1.79027e-07;1.31244e-09;8.25297e-08;8.04654e-06;6.55297e-09;1.70603e-07;1.44098e-09;7.33563e-06;6.49562e-06;0.000103852
1.14463e-05;0.228399;1.5351e-08;1.25646e-05;0.000133817;4.2539e-07;1.02096e-07;0.671653;5.3608e-05;7.19841e-07;7.11028e-06;0.0995793;0.000142743;6.16055e-06
8.62265e-06;0.959622;0.000355623;0.00062521;0.000149948;0.000464816;2.60818e-06;0.000945189;9.97465e-08;0.000516464;2.60601e-05;0.0103494;0.026298;0.000635515
7.96403e-05;0.00674804;3.34412e-05;4.12784e-06;9.07041e-07;9.755e-09;6.27799e-05;0.185407;9.83534e-05;1.40134e-07;0.0221697;0.785261;0.000135131;7.40648e-08
3.67962e-06;0.955063;1.18794e-07;7.25938e-05;0.00279117;4.09571e-05;3.79598e-08;0.0376015;1.83631e-06;1.43519e-07;5.71879e-06;0.000141007;0.000109997;0.0041684
0.000117839;0.609903;1.63343e-08;9.46838e-07;2.50663e-06;1.06205e-05;1.12038e-05;0.000337314;1.06298e-06;4.28179e-06;2.75562e-06;6.92352e-06;0.389493;0.000107969
1.84742e-06;1.26544e-07;0.999996;1.9521e-07;3.52584e-09;2.56881e-08;1.13259e-08;6.33219e-08;1.38911e-07;5.7376e-08;1.38958e-07;1.00145e-06;6.5062e-08;4.72434e-08
5.26773e-07;5.1403e-05;5.8544e-06;4.71171e-07;5.10759e-06;1.76138e-06;1.05663e-07;8.67385e-05;2.51338e-07;4.11621e-07;1.60064e-07;2.80359e-05;3.64026e-06;0.999816
9.27536e-08;1.1453e-05;7.14319e-11;3.03204e-08;0.000119488;9.07396e-07;7.01462e-08;0.999864;1.99091e-06;9.29833e-09;1.81873e-07;8.31884e-07;5.28325e-07;2.28459e-07
1.01973e-08;1.00056e-05;0.999985;5.40341e-08;1.71399e-06;5.45441e-08;1.15681e-09;4.48102e-09;6.04525e-12;3.77101e-09;1.90474e-09;2.80906e-06;1.29265e-08;1.68874e-08
2.31169e-08;0.999448;9.98712e-10;2.3087e-09;6.60857e-09;3.25707e-09;3.40566e-09;3.2703e-06;1.6901e-09;4.03404e-11;8.85035e-09;1.72057e-06;0.000546988;3.57444e-07
1.62009e-06;0.980605;8.71521e-09;3.44885e-07;9.63795e-06;8.37448e-07;2.5661e-07;0.00385121;1.0982e-07;2.10418e-07;4.63683e-08;0.000234272;0.0152127;8.38869e-05
5.95053e-08;0.997718;1.92157e-09;6.75855e-07;8.31112e-05;4.21091e-07;2.68036e-08;0.000837447;8.86523e-10;5.98926e-06;2.3944e-10;3.9848e-05;0.000859081;0.000455227
1.26178e-06;0.000467675;8.63832e-08;2.05481e-05;1.56108e-06;0.0003211;9.49799e-05;7.22132e-07;8.79658e-06;3.0378e-05;3.25993e-05;7.49737e-05;0.998945;7.93459e-07
3.87073e-07;4.44475e-06;0.999903;1.35798e-06;9.61157e-08;4.19111e-08;3.77014e-05;7.03197e-11;1.8121e-08;4.88646e-05;1.28017e-08;1.95844e-06;1.75168e-10;2.0471e-06
1.84466e-06;8.52448e-06;0.999982;2.32158e-07;2.27909e-07;2.5708e-08;1.97038e-06;2.80987e-07;2.07859e-06;1.34985e-08;2.18834e-06;4.95143e-07;4.44783e-08;2.34468e-08
2.87506e-08;0.999848;1.11121e-08;1.42953e-10;1.30573e-10;1.60476e-10;9.10823e-09;1.20523e-06;8.76645e-10;2.6078e-10;5.58242e-10;7.53046e-07;0.000149668;1.60091e-10
1.13033e-08;0.000594539;7.93731e-08;1.16163e-06;5.34575e-05;0.000484994;1.97446e-09;0.000250758;4.42126e-08;1.83807e-07;1.42127e-08;0.0057853;6.28821e-06;0.992823
1.37106e-07;0.0153124;1.1745e-07;4.84127e-06;1.35466e-07;9.46169e-07;7.4952e-08;0.000899861;2.66526e-07;4.28008e-08;2.19971e-05;1.66728e-06;0.983757;1.56863e-07
2.28243e-06;0.00147979;3.79062e-09;7.94036e-07;1.34561e-08;3.16394e-08;3.0789e-09;1.73461e-05;3.29137e-06;1.46928e-08;4.34825e-06;0.998441;5.08504e-05;7.47754e-08
2.06245e-07;0.999889;5.61213e-11;6.57498e-08;2.12312e-08;2.1513e-08;1.02567e-05;1.14662e-06;1.10352e-10;2.18914e-05;1.3932e-09;4.06612e-09;1.85631e-05;5.81523e-05
3.87779e-12;1.89752e-13;1;2.43821e-11;4.12131e-11;6.55449e-11;3.24346e-12;8.95956e-13;6.99008e-15;2.03322e-11;3.33774e-14;1.40219e-09;2.21746e-12;2.57916e-12
3.32463e-07;0.00370234;2.08377e-08;2.10557e-05;1.27708e-06;0.00253863;0.000148767;4.24186e-05;2.67261e-06;9.83599e-07;1.26885e-05;9.74776e-09;0.993496;3.27349e-05
5.28887e-07;2.71303e-05;0.999757;3.62858e-06;7.99778e-09;6.34385e-08;8.84389e-05;1.05846e-10;1.02945e-08;7.59831e-05;9.8569e-07;3.24809e-05;7.72222e-09;1.3545e-05
1.23662e-07;5.44024e-08;0.999965;9.22096e-07;4.058e-09;6.52709e-09;1.95947e-06;5.83056e-09;8.15555e-06;4.20359e-08;2.27869e-05;8.80629e-07;9.4719e-10;5.75576e-10
6.06858e-07;0.999457;2.78075e-11;1.13181e-06;6.54262e-09;3.77276e-09;0.000374129;5.31769e-05;7.76417e-07;1.37194e-05;7.89622e-06;1.06389e-11;8.69029e-05;4.70411e-06
8.95177e-08;9.35695e-10;0.999992;4.3203e-06;9.79564e-09;1.07792e-09;2.58736e-07;2.84955e-09;1.58925e-07;1.88612e-07;1.05682e-06;1.73324e-06;1.44447e-10;2.18286e-08
0.000822799;0.0494099;2.53849e-05;0.000118464;0.00259845;3.6217e-06;1.51188e-05;0.939489;0.001952;9.50521e-07;6.20198e-05;1.01406e-05;0.0013267;0.00416511
5.98287e-06;0.0220137;1.33455e-08;4.95003e-07;0.000409659;1.49386e-07;3.56205e-07;0.976678;1.97427e-05;2.2834e-06;4.56179e-06;1.00049e-06;0.000862203;2.36472e-06
6.35024e-06;1.10453e-05;0.975929;3.56734e-05;0.00231124;8.68686e-05;9.74713e-08;5.27219e-07;4.38753e-07;0.00025727;3.84868e-06;0.0208905;1.772e-07;0.000466883
0.000294749;0.88058;0.000270863;3.0502e-05;5.09233e-05;7.1925e-06;3.54521e-05;0.0830084;0.0319841;1.15661e-06;0.00245879;3.05215e-05;0.000864241;0.000382906
