2.19892e-06;0.999398;3.55504e-05;4.28127e-06;1.5397e-06;4.89116e-08;3.22983e-08;2.62697e-05;9.71445e-09;3.26142e-07;1.16723e-08;6.97397e-05;0.0004618;3.75915e-07
0.000488086;0.669308;1.28669e-05;0.00109231;0.000701989;0.000183169;5.75589e-05;0.0348165;0.00122053;0.000110579;0.00119975;0.2665;0.0231255;0.00118284
6.73744e-06;0.999235;1.05317e-05;2.51452e-06;1.53173e-06;5.46544e-08;2.8735e-06;5.38644e-05;4.44482e-06;5.75463e-07;7.01011e-05;0.000449549;0.000160514;1.41206e-06
5.07473e-05;0.971863;1.46804e-10;1.54488e-05;2.85882e-05;2.3353e-06;0.00252553;0.00361796;0.000151647;0.000231937;0.000103739;1.42414e-05;0.0213035;9.14561e-05
1.55802e-08;3.69191e-08;0.999999;2.28789e-08;5.10544e-11;4.42652e-11;1.01829e-09;2.47338e-11;4.82447e-08;2.32501e-10;2.45916e-08;5.75963e-07;3.01635e-09;5.03183e-12
1.03889e-05;0.0114958;0.00129224;3.12383e-05;2.67535e-05;2.83171e-05;1.406e-07;0.0149398;0.000168466;7.30763e-07;4.3957e-05;0.971249;0.000691962;2.08647e-05
1.26544e-05;0.443621;2.9183e-08;3.13345e-05;0.000418801;0.00947065;1.64175e-06;0.0163688;2.50117e-05;7.42996e-06;0.000271001;0.000110097;0.528682;0.000979325
1.475e-05;0.713369;2.96874e-06;2.55925e-06;0.00238568;0.000176163;5.76301e-08;0.00541837;3.05234e-08;3.76082e-06;1.13656e-06;0.0698581;0.18464;0.024127
2.56946e-05;0.0145302;5.09248e-06;2.62518e-05;0.000157381;2.86703e-06;4.31978e-07;0.977073;0.000144128;6.06009e-07;6.7249e-06;0.00289153;0.00489406;0.000242069
5.61892e-08;0.0177602;7.42343e-12;1.78033e-08;0.000180721;2.7582e-09;7.69573e-11;0.982058;4.76746e-09;5.08544e-09;6.37847e-11;4.39002e-07;9.43917e-07;1.26275e-07
1.10582e-05;0.141092;0.842585;0.000502386;0.00118286;0.00288045;1.93906e-07;1.15563e-05;7.64194e-08;0.000161261;9.23523e-07;0.00745881;0.00353802;0.000575693
0.000146018;0.0826182;3.11311e-06;3.42797e-06;0.000348726;9.4313e-05;1.55244e-05;0.775022;1.48885e-05;1.90733e-06;0.000136351;0.139673;0.00179426;0.000128163
1.43501e-05;0.0483075;0.000386847;2.04776e-05;0.00224663;0.0151614;2.1123e-07;0.0172903;1.90369e-06;5.57564e-07;2.79956e-06;0.0122783;0.857207;0.0470814
1.35915e-07;0.00146763;7.58888e-09;6.35706e-07;4.77558e-07;2.09643e-05;1.49616e-08;3.24213e-05;1.10632e-07;6.18603e-09;3.62311e-07;2.81673e-06;0.998469;5.16596e-06
3.59146e-07;0.000781036;0.995184;2.9276e-06;9.22729e-05;1.63484e-07;1.49878e-09;1.97663e-05;1.93124e-10;3.33167e-07;1.2505e-08;0.00391143;5.70711e-06;2.26723e-06
6.69442e-06;0.000727612;2.48486e-07;1.15851e-05;1.41082e-07;1.13609e-06;0.969214;5.77559e-06;0.000305092;0.0285036;0.00122171;8.33632e-08;4.65357e-07;1.53659e-06
3.9459e-09;2.2564e-09;1;7.90614e-09;9.29988e-11;3.70786e-10;8.65172e-08;1.02276e-11;2.2386e-08;1.71761e-09;2.90635e-08;2.54053e-09;1.17754e-10;6.06682e-12
6.17095e-07;0.999259;2.47703e-08;1.24803e-07;4.71737e-08;1.97152e-09;3.65091e-08;0.000462714;1.44259e-08;2.37411e-08;7.93283e-09;5.3157e-07;0.00027726;2.04994e-09
0.000203386;0.895296;3.35039e-06;0.000665398;0.00056145;2.70144e-05;0.000128329;0.00614241;0.000317854;0.000273667;0.00010163;0.0358586;0.0583944;0.00202598
3.9538e-05;0.998711;4.39945e-05;1.84531e-05;5.1524e-06;9.08659e-08;1.79266e-05;0.000175089;2.01411e-05;3.87214e-06;5.69125e-05;0.000765523;0.000134707;7.28581e-06
6.40911e-05;0.98033;1.31137e-09;2.13616e-05;3.73425e-05;2.81508e-06;0.0068143;0.00127108;2.15384e-05;0.000653266;1.73732e-05;2.61815e-06;0.00985672;0.000908164
4.89328e-09;1.88222e-09;1;1.40558e-08;2.0156e-11;1.45641e-10;3.23426e-09;9.56007e-12;8.25069e-09;7.77074e-10;5.11241e-09;2.12039e-07;1.26094e-08;2.59031e-12
6.55859e-06;0.000680309;0.990223;2.80427e-05;1.83671e-05;2.7567e-05;3.1792e-06;0.000439249;2.80551e-05;1.91453e-06;4.58867e-06;0.00844233;7.91607e-05;1.74736e-05
1.85016e-05;0.00822562;0.000199966;0.00021035;0.156308;0.286194;1.48655e-05;6.37565e-05;0.000166782;4.21211e-05;9.72511e-05;1.79844e-05;0.000760192;0.547681
0.00175465;0.437312;0.00147523;0.000160407;0.00407153;0.0738268;0.000203904;0.0034892;2.1402e-05;0.00116918;0.000166178;0.218444;0.220962;0.0369431
0.00322407;0.430659;0.0102358;0.00018642;0.000202543;0.000816003;0.000371857;0.512434;0.00625952;2.01714e-05;0.000235977;0.000494977;0.034782;7.77762e-05
0.000131298;0.423726;1.43929e-05;1.45143e-05;9.54252e-05;2.93581e-05;1.19802e-08;0.218303;7.03148e-06;1.31827e-06;3.80383e-07;0.000561799;0.357099;1.56264e-05
2.79327e-07;0.987796;5.5225e-10;1.32204e-05;4.65586e-06;1.14245e-06;1.6179e-05;6.35954e-05;1.20921e-08;0.00301653;7.01181e-09;1.53808e-08;2.49843e-06;0.00908545
1.57284e-11;7.46314e-13;1;1.28041e-10;2.77376e-12;1.31149e-12;3.7806e-10;2.45465e-13;1.58251e-12;1.07843e-10;1.57338e-10;1.79494e-10;6.95461e-13;3.09983e-15
1.78396e-08;0.000137893;7.03815e-09;1.04329e-08;2.49346e-11;1.786e-09;0.997625;1.29009e-10;2.65932e-08;0.00223535;7.01131e-07;3.12326e-13;2.40952e-09;4.98672e-07
8.90123e-13;3.48132e-14;1;1.73132e-11;4.15307e-14;6.92411e-13;2.69291e-10;4.34967e-15;2.57792e-11;8.31671e-12;4.56418e-10;2.50112e-12;1.83277e-14;8.84476e-15
