9.25547e-06;0.998587;0.000984772;2.15374e-05;3.95102e-06;9.47019e-07;4.7807e-06;2.86852e-05;4.40093e-08;2.99432e-05;6.20515e-08;2.12397e-06;0.000318154;8.80849e-06
1.44341e-10;1.08273e-09;1;1.47508e-10;7.11664e-12;7.42485e-12;7.43228e-11;4.18163e-12;5.7377e-12;6.4312e-11;1.55792e-11;6.70444e-09;1.74989e-11;1.81056e-11
2.23566e-06;0.000886955;0.00101145;4.1751e-06;3.78266e-05;0.000128283;2.24133e-06;0.000897826;4.73485e-06;1.31693e-05;1.4933e-05;0.996718;3.17461e-05;0.00024657
6.09033e-06;0.955498;2.40185e-06;9.08513e-05;0.000467001;0.000587487;6.22585e-06;0.00913671;0.000136232;6.64446e-06;0.00419119;0.000371592;0.0283138;0.00118533
6.56026e-05;0.588279;3.31735e-05;4.08647e-06;1.24209e-06;2.71754e-05;0.000779124;0.0348604;2.08367e-06;0.000221299;5.36476e-05;0.0075033;0.368168;1.53036e-06
2.02772e-10;1.81444e-09;1;1.58014e-09;3.92418e-11;2.8199e-11;3.78746e-10;9.05831e-12;1.14587e-10;1.39532e-10;1.02248e-10;2.15581e-08;6.13271e-10;1.839e-12
5.47819e-05;0.0984583;0.000136651;0.000346332;0.000274605;0.000654954;9.21963e-05;0.00423359;0.000830869;6.71757e-06;0.000166823;0.818635;0.0752949;0.000814686
3.3726e-05;0.0985934;6.17517e-07;0.000167112;0.0008922;0.0194538;8.80323e-05;0.0653181;0.00026013;8.57157e-05;0.000215109;0.000358936;0.81142;0.00311358
3.47248e-06;0.0939328;1.97606e-07;1.57653e-05;0.00108832;0.000438518;1.09948e-07;0.00350364;1.7842e-07;6.79871e-06;3.22524e-06;0.898122;0.00199497;0.000890188
1.65699e-05;0.946044;1.97174e-08;4.62e-06;4.79309e-05;7.62341e-06;8.43463e-06;0.0526079;1.40126e-06;4.9791e-06;4.26197e-06;5.85161e-06;0.00114093;0.000105802
9.65795e-06;0.0115474;8.05233e-10;8.5213e-06;0.000947201;9.14412e-06;6.60999e-08;0.986439;6.54134e-06;1.32691e-06;6.33543e-07;3.39626e-05;0.000263461;0.000733176
9.3895e-05;0.99724;1.91622e-07;1.71217e-06;1.48939e-07;9.79639e-09;1.92422e-06;0.000190947;1.19772e-05;1.83542e-07;2.2681e-06;0.00072971;0.00172658;3.69875e-08
8.82303e-05;0.212003;7.65941e-08;1.58031e-07;3.12008e-05;5.8136e-09;6.49029e-08;0.00150884;1.19226e-05;9.24055e-08;1.02837e-05;0.786343;2.71914e-06;5.84162e-07
0.000368147;0.33413;0.00126606;6.4496e-05;0.0368624;0.00281658;8.05139e-06;0.0018571;1.85433e-06;5.03707e-05;9.55292e-06;0.00812384;0.612853;0.00158832
0.000482903;0.00748898;5.14137e-05;6.09597e-06;0.000173385;3.03829e-05;4.54394e-05;0.936724;0.00142563;5.11224e-07;7.05944e-05;0.035489;0.0177113;0.000300019
1.82077e-07;0.999155;3.05978e-07;1.88946e-07;6.20357e-08;3.23574e-08;0.00045831;0.000109634;1.33604e-07;5.7841e-05;1.54735e-08;1.60616e-09;4.33541e-06;0.000214004
3.40388e-09;6.9077e-10;0.999999;7.99149e-09;1.38761e-10;1.76055e-10;1.0038e-08;3.95296e-11;1.46118e-08;2.09278e-09;4.44285e-09;5.91312e-07;1.03794e-09;1.28281e-11
1.32245e-05;0.927608;3.81566e-07;9.4329e-05;3.23136e-07;2.3321e-07;7.01169e-06;0.000184211;2.13646e-05;2.24453e-06;7.17321e-06;3.6245e-06;0.0720575;1.26859e-08
0.00218962;0.695848;0.173846;0.0275683;0.00313621;7.3598e-06;8.4072e-06;0.0404901;0.000123125;0.000193239;0.000121517;0.0480956;0.00670197;0.00166967
9.33516e-05;0.666365;1.56285e-07;2.43087e-05;0.000470697;2.15622e-07;1.59098e-05;0.326013;8.55845e-05;4.11284e-05;8.71268e-05;0.00674988;3.72663e-05;1.63546e-05
3.44211e-05;0.000742495;0.862312;0.000634784;0.0236802;0.0376878;5.79788e-06;0.000248936;3.94763e-06;0.000868829;3.93115e-05;0.0726277;0.00035014;0.000763554
1.6356e-06;0.401715;1.56746e-07;1.94928e-07;1.05834e-08;1.63398e-08;0.598115;1.29125e-05;8.53208e-06;7.00899e-05;3.40757e-06;4.33566e-10;3.19296e-05;4.06063e-05
1.23148e-08;7.92635e-09;0.999997;7.78218e-08;2.99956e-10;9.01806e-10;4.99945e-07;9.18117e-11;2.13615e-06;5.51721e-09;2.1507e-07;7.759e-08;1.79367e-09;4.33197e-10
7.441e-07;0.999525;1.40453e-07;7.31408e-07;2.16776e-07;1.09021e-08;4.05089e-08;0.000420977;1.1111e-07;4.35469e-08;6.36403e-08;5.94025e-07;5.10136e-05;2.7289e-08
1.76229e-08;0.999923;1.86341e-10;1.59179e-08;1.54361e-08;2.24583e-08;1.56626e-07;6.85529e-07;8.32023e-10;7.16355e-07;9.86894e-10;1.32516e-09;3.21386e-07;7.53166e-05
2.06003e-11;1.48197e-11;1;5.49419e-10;1.29596e-10;2.72906e-11;6.82525e-10;3.92547e-12;5.44915e-11;9.23022e-10;1.28364e-10;6.95644e-08;7.46535e-15;2.93225e-09
7.70441e-05;0.266479;7.04348e-08;1.81459e-05;0.000262846;7.35899e-05;0.000261192;0.0474104;0.0254497;2.55061e-06;0.0378364;6.01278e-05;0.621433;0.00063525
1.02804e-08;0.999858;6.67926e-09;1.28761e-09;4.6117e-09;4.48726e-10;8.955e-06;6.34353e-07;1.6778e-09;7.12186e-07;1.02014e-08;7.097e-08;2.18056e-07;0.000130889
3.74225e-10;1.17701e-09;0.999998;2.21557e-09;2.84683e-09;8.30751e-10;3.16156e-09;1.06053e-09;1.08233e-09;1.02031e-10;1.69975e-09;1.91399e-06;2.64009e-11;2.56156e-10
8.75061e-05;0.0834009;5.53485e-06;1.14226e-05;0.000245914;0.000510712;8.7997e-07;0.841371;9.28254e-05;1.40955e-07;2.52855e-05;0.000971473;0.0723892;0.000887558
8.66714e-05;0.0973122;0.000182754;1.60498e-06;2.38072e-05;1.02994e-05;0.000272145;0.0150765;2.60567e-05;1.67798e-05;2.6278e-05;0.856944;0.0298063;0.000214635
7.47616e-08;0.00464685;6.1029e-10;1.88002e-06;0.0074939;1.11576e-06;4.63914e-08;0.987395;1.99706e-06;1.33692e-07;1.4748e-06;0.000242997;0.000143711;7.10895e-05
6.55161e-06;0.00123097;0.977343;0.00596756;0.000804317;6.32206e-05;3.81839e-06;1.37579e-06;1.02414e-05;0.000136376;0.000497421;0.0132177;0.000632203;8.50759e-05
4.65154e-06;1.65182e-05;1.2688e-10;2.88389e-09;1.0097e-05;1.92747e-10;4.0525e-08;0.999951;1.59843e-05;1.97439e-09;1.0304e-06;4.02333e-08;8.2034e-08;7.34309e-08
9.45181e-06;0.00187986;0.997408;5.9219e-06;0.000318954;7.2745e-05;5.64846e-06;7.62284e-06;5.47064e-07;0.000150549;5.85468e-07;2.46187e-07;4.55657e-05;9.44021e-05
3.60415e-07;3.67913e-09;0.999999;8.67441e-11;1.13564e-10;1.35955e-11;1.44677e-08;1.34223e-07;2.62645e-07;5.93971e-11;3.14195e-08;1.45326e-07;3.81978e-10;1.56573e-10
3.61185e-07;0.000165545;0.00103145;5.35112e-09;1.1577e-06;5.01216e-08;3.21884e-08;2.99214e-06;1.43382e-07;2.39155e-08;1.73293e-08;0.00152541;1.48329e-06;0.997271
2.18847e-06;5.32571e-05;1.54848e-10;1.49105e-08;0.0227253;0.000146506;3.86319e-08;0.976842;0.000193419;5.77908e-09;1.99869e-07;1.49726e-06;1.98793e-06;3.37594e-05
1.35284e-08;3.97293e-06;0.999984;4.72782e-10;7.94664e-06;9.89097e-09;1.1835e-11;2.94066e-09;6.74959e-13;6.20816e-11;7.94512e-12;4.34201e-06;9.86526e-09;3.37819e-09
1.82929e-07;0.996341;1.90302e-08;1.53101e-09;5.15823e-07;2.73909e-08;2.99481e-09;0.00293685;1.13151e-08;4.47601e-11;4.37201e-09;6.54942e-07;0.000720539;3.13172e-07
1.13885e-06;0.815087;1.56637e-05;2.69589e-07;8.64553e-06;1.03278e-06;5.42219e-09;0.0216291;2.48194e-07;2.22166e-08;6.16764e-08;0.00351001;0.159734;1.30996e-05
1.27212e-08;0.997026;3.86858e-10;3.92473e-06;0.000374457;5.43936e-06;7.0308e-09;0.000717525;3.50807e-09;2.63706e-06;4.05271e-09;9.7286e-06;9.87533e-06;0.00185018
1.26838e-05;0.00625202;2.9717e-06;1.55013e-06;8.45914e-07;1.40646e-05;1.05237e-05;1.5118e-05;4.55551e-06;3.37377e-06;1.00435e-05;0.00685877;0.986813;4.64974e-08
0.000107726;0.00164413;0.977307;5.2764e-05;1.48973e-06;4.38936e-07;0.0102991;9.63697e-08;4.97623e-06;0.0103708;3.48109e-06;0.000169222;8.36206e-08;3.8589e-05
1.85745e-05;2.52376e-05;0.999457;1.06056e-05;3.86095e-07;2.29654e-07;0.000157753;1.41453e-07;0.000205224;8.36155e-07;0.000114729;6.70838e-06;1.53361e-06;6.34373e-07
4.37268e-08;1.2122e-05;2.76766e-12;1.09835e-11;2.20381e-10;1.60566e-11;4.2693e-10;0.999987;8.9026e-09;8.51114e-11;5.37713e-11;1.89305e-09;3.9806e-07;7.1419e-10
2.53571e-09;1.90454e-06;3.19973e-07;1.04804e-06;8.0655e-05;0.00044704;2.11168e-09;1.42054e-06;2.25915e-08;5.50302e-08;2.36183e-08;0.000390626;8.45014e-07;0.999076
2.06286e-07;0.00163004;5.45591e-09;1.27644e-06;4.19699e-08;1.31797e-07;7.00708e-08;0.00225149;6.87377e-07;2.14076e-09;1.15959e-05;2.61261e-06;0.996101;7.65948e-07
3.35153e-06;0.00103778;3.33064e-07;1.75213e-05;4.44793e-08;8.26535e-07;3.81729e-08;0.000138934;4.67035e-05;4.1238e-08;2.10842e-05;0.993906;0.00481729;9.73005e-06
4.22078e-06;0.0182162;6.43925e-08;4.20806e-05;6.21932e-07;1.59267e-05;2.53909e-07;9.05479e-05;1.33277e-06;9.54508e-07;2.18065e-05;0.000107825;0.981487;1.13962e-05
1.3873e-05;0.038296;0.000151591;4.33697e-05;1.15073e-05;1.33215e-06;7.52754e-08;2.82533e-05;3.41551e-08;1.14086e-06;2.2949e-05;0.960747;0.000199325;0.000483632
1.86892e-06;0.0138679;2.03295e-08;0.000213996;0.0169597;1.02884e-05;1.38469e-07;0.932575;1.27309e-06;5.58575e-06;1.9129e-05;0.000143893;0.00424844;0.0319532
6.4158e-06;0.000157103;2.77824e-06;0.00021094;1.99943e-06;0.00123303;1.72264e-05;2.91652e-07;6.81125e-06;3.71139e-05;0.00433927;1.66662e-06;0.993984;1.14119e-06
5.78096e-07;2.48137e-06;0.999995;2.07356e-07;3.98001e-08;1.97934e-09;1.45362e-08;9.28014e-08;1.07617e-09;2.35579e-07;5.92965e-08;1.12581e-06;2.87692e-09;2.84269e-09
8.48069e-06;0.995427;2.56989e-05;3.11118e-05;1.08141e-05;8.08108e-07;1.51993e-05;0.00154499;0.000223126;1.18681e-06;0.00169263;2.30974e-05;0.000932847;6.27825e-05
