4.5207e-06;0.999362;8.08353e-05;0.00026532;4.01278e-06;1.43628e-07;1.24662e-06;4.48219e-05;5.42723e-07;1.10494e-06;8.29106e-07;5.84265e-06;0.000221155;7.70794e-06
3.13424e-05;0.973304;9.87021e-08;3.32319e-05;1.6024e-05;4.9498e-06;7.04113e-07;0.023817;1.70792e-05;1.25633e-06;9.37309e-06;3.27465e-05;0.00125064;0.0014812
4.47071e-06;0.0377763;1.99152e-06;4.2926e-07;1.19104e-05;1.13518e-05;0.000718818;1.04732e-05;2.46951e-08;0.00102436;1.68015e-07;4.06879e-07;2.16523e-05;0.960418
3.87492e-09;2.41213e-12;1;3.51367e-10;5.21084e-09;3.55782e-11;2.7193e-09;1.82853e-11;3.98709e-09;7.50472e-11;5.53372e-09;1.02044e-07;2.44129e-11;3.32386e-11
4.01199e-10;0.999999;1.03711e-12;4.97419e-12;7.98521e-12;3.53658e-13;1.24799e-07;2.39235e-10;1.10819e-11;5.26158e-09;2.50022e-12;1.69232e-13;1.26227e-09;7.0998e-07
1.30529e-12;1.06702e-11;1;2.80607e-12;6.23488e-12;1.66287e-12;8.94709e-12;1.94774e-12;4.0266e-13;1.90267e-12;4.34171e-13;1.78654e-07;6.0753e-14;1.86088e-12
4.52429e-07;0.986288;5.17198e-09;8.89545e-06;3.76764e-07;1.40812e-05;0.00127541;0.00157954;0.000181144;8.80006e-07;0.000339323;4.03343e-07;0.010305;6.39403e-06
8.90264e-07;0.994968;2.47519e-09;6.17042e-08;4.68107e-11;1.34773e-09;6.76684e-07;1.28727e-07;1.43814e-07;2.42086e-09;2.76052e-06;0.00218134;0.00284627;1.07753e-09
7.94071e-05;0.144215;4.00452e-05;6.32174e-05;0.0070919;0.00122045;6.98498e-06;0.0108401;5.23513e-06;3.29993e-05;2.354e-05;0.770216;0.003006;0.0631599
2.87285e-05;0.0149334;0.000145742;7.93169e-06;2.22854e-05;0.0023767;1.95383e-05;0.00892079;9.77374e-05;2.40197e-06;0.000350639;0.00353069;0.969531;3.2869e-05
1.1757e-06;0.99661;9.16437e-08;6.63749e-06;1.80735e-05;8.34913e-06;2.83403e-05;0.00174462;2.98805e-07;7.17471e-05;8.35721e-07;1.25915e-06;0.000798071;0.000711049
1.20933e-11;1.52178e-12;1;1.85436e-11;1.85861e-12;8.96418e-13;8.66295e-12;8.61087e-13;5.75084e-12;5.79254e-12;3.02244e-11;6.14123e-09;1.61611e-12;6.38992e-15
2.2002e-05;0.769298;2.00406e-06;0.000116549;0.000128201;6.20538e-06;1.87319e-05;0.114959;0.00252262;1.12784e-06;0.00169932;0.00370157;0.107524;1.68568e-06
4.77357e-05;0.557685;5.35162e-07;1.90463e-05;0.0230811;7.60044e-06;3.59782e-05;0.0358176;1.93101e-05;0.000121201;2.49305e-05;0.00065044;2.41295e-05;0.382466
5.36774e-06;0.00256434;0.0397804;5.9192e-05;0.00644677;0.00254708;5.61476e-07;1.11952e-05;6.43887e-08;2.27049e-05;4.29868e-06;0.940441;0.000144673;0.00797281
2.50886e-07;0.962982;4.05798e-08;7.22442e-09;2.91562e-09;5.59011e-09;0.0362922;2.49571e-06;1.36989e-07;4.66581e-06;9.57574e-08;1.57542e-10;7.7092e-07;0.000717085
3.43223e-10;2.88358e-09;1;2.37053e-10;9.15627e-12;5.07967e-11;3.18255e-08;1.26196e-10;1.64136e-09;1.59929e-10;1.88783e-09;3.19472e-08;1.71789e-08;1.11728e-12
5.42656e-06;0.35732;6.42998e-08;2.30698e-05;4.91971e-06;1.35205e-05;2.20026e-07;0.00525246;9.19914e-06;7.99531e-07;2.22723e-05;0.00351908;0.633828;8.28676e-07
7.2568e-05;0.836971;0.125119;0.000278057;9.59513e-05;7.85903e-07;2.09409e-05;0.0349755;7.12512e-07;0.000164544;6.39899e-06;0.000371474;0.000969774;0.000953023
2.955e-07;0.0247517;4.00266e-09;6.68495e-07;9.91474e-09;1.52401e-07;0.958837;3.69251e-07;7.61302e-07;0.016373;4.18546e-06;1.23561e-08;1.93495e-05;1.27128e-05
1.4893e-10;6.19542e-11;1;5.00861e-08;2.19449e-10;2.27195e-09;2.2774e-08;5.3009e-12;1.71794e-09;4.164e-09;2.31184e-08;1.39187e-08;1.39393e-11;1.93643e-10
9.1775e-08;0.999661;7.3337e-10;3.22876e-07;4.12691e-08;1.01401e-07;7.9222e-07;0.000153166;1.07818e-08;7.86355e-08;8.82614e-08;1.26373e-10;0.000184586;4.31508e-08
2.45736e-09;1.49732e-09;1;4.36711e-09;5.11212e-11;7.42385e-11;1.6703e-09;1.73405e-11;3.8051e-10;8.37242e-10;3.44866e-09;9.73498e-08;1.27051e-09;2.314e-10
1.37109e-08;3.43419e-06;4.9466e-06;3.11003e-08;1.64582e-06;2.06661e-07;1.58505e-08;9.74016e-06;2.21605e-08;1.48168e-08;1.7e-08;6.67753e-07;1.78937e-08;0.999979
5.19976e-08;7.99101e-05;9.68983e-10;3.46226e-08;0.000237665;4.95242e-07;3.66529e-07;0.999678;1.85482e-06;7.97425e-09;9.31562e-08;1.59033e-07;6.32468e-08;1.52515e-06
1.56594e-09;4.20908e-07;0.999996;3.80337e-09;3.22862e-07;1.00115e-08;8.51359e-11;5.08194e-10;8.32016e-13;3.74897e-10;1.4661e-10;3.07741e-06;3.5939e-08;3.23055e-08
5.42542e-08;0.999613;1.96926e-08;6.68052e-08;6.05599e-07;2.27907e-08;1.70548e-07;0.000334015;1.32859e-07;9.34367e-10;1.0309e-06;9.83575e-07;4.56744e-05;4.72629e-06
1.962e-08;2.01515e-05;0.999969;9.67407e-08;1.47289e-06;4.0523e-08;1.43132e-08;2.32233e-07;3.53595e-08;1.94694e-08;1.04291e-08;3.07403e-06;4.64012e-06;1.28642e-06
6.74876e-08;0.999303;3.29042e-08;1.19446e-08;2.45194e-06;3.7438e-08;2.26078e-07;0.000658883;2.68311e-08;6.21235e-08;1.70213e-09;4.86307e-07;3.07646e-05;4.09438e-06
2.05876e-07;0.000814507;1.63441e-09;3.30646e-06;6.04356e-06;7.02447e-05;6.92684e-08;3.41329e-05;7.77594e-07;1.02963e-07;4.07174e-07;0.000212544;0.998724;0.00013415
8.052e-08;0.00266716;0.997167;5.76082e-07;3.79845e-08;1.64322e-09;2.13527e-07;8.80662e-10;1.02863e-10;1.847e-05;4.36736e-10;0.000145343;1.17695e-09;1.11557e-06
5.42931e-08;8.44229e-07;0.999995;3.0895e-07;1.32299e-07;7.85968e-09;3.17224e-06;1.34112e-09;9.21148e-08;1.70532e-07;3.67524e-07;6.68762e-08;9.90523e-09;1.22798e-08
2.06823e-05;0.946791;1.33405e-05;5.01424e-06;1.29129e-05;2.33996e-06;2.11164e-05;0.0395749;4.03228e-05;2.48086e-05;5.57892e-05;0.0113068;0.00212148;9.2906e-06
1.63015e-06;0.972235;1.57604e-05;2.06103e-07;7.55318e-07;3.50681e-06;2.65766e-06;0.0125127;1.00542e-06;1.68412e-06;5.47914e-06;0.000638742;0.0145799;1.34952e-06
9.09649e-06;0.222789;1.98133e-05;0.00118592;0.001028;0.000590294;2.74244e-05;0.0163856;1.8849e-05;6.4511e-05;0.000583228;0.0141189;0.73778;0.00539925
7.1107e-06;0.00161812;1.22981e-07;4.7562e-07;2.17319e-05;3.18665e-07;4.33155e-07;0.995821;9.31833e-06;8.24182e-08;1.26959e-05;6.40872e-05;0.00244345;8.80055e-07
1.2969e-05;0.905968;2.617e-06;0.000110204;8.41424e-05;2.74075e-05;4.48605e-06;0.0667797;3.00446e-06;5.82344e-05;6.77872e-06;0.0155274;0.0103721;0.00104279
0.00023753;0.000567304;0.00069972;0.000134784;0.000310754;2.83567e-06;3.76565e-06;0.00223785;1.22137e-05;6.14188e-06;0.000276401;0.922695;0.072813;2.59972e-06
4.64971e-05;0.99876;5.62668e-08;1.09597e-06;2.83965e-07;4.15584e-09;0.000792214;1.47023e-07;6.61412e-05;5.47761e-05;2.11256e-06;1.14371e-06;3.3008e-07;0.000275461
0.00137391;0.00289746;9.06232e-07;1.87465e-05;1.19484e-05;2.42221e-07;0.369447;0.129765;0.488949;2.31362e-05;0.00747972;1.99099e-06;2.86522e-05;2.45028e-06
2.35717e-05;0.0303683;1.88292e-09;2.04053e-08;2.3372e-07;2.43222e-07;7.06403e-08;0.966616;9.19684e-07;1.13622e-07;7.2854e-08;9.01601e-05;0.00290064;2.14228e-08
2.01758e-06;0.667728;2.33422e-05;1.12431e-05;4.89841e-06;4.65728e-06;0.0309107;1.69583e-05;2.42065e-07;0.0141702;1.0258e-06;0.00170095;4.87771e-07;0.285425
6.44198e-09;4.12486e-07;0.999999;5.64265e-09;6.86342e-12;1.40096e-10;1.6689e-07;1.24239e-09;2.23868e-07;1.07548e-09;7.26405e-08;4.26467e-09;6.82717e-10;7.26075e-13
0.000132268;0.980849;0.00462792;3.96408e-05;4.41881e-06;1.83321e-07;7.64542e-05;0.000252621;1.98342e-05;4.0358e-05;3.00494e-06;0.0138933;5.73645e-05;3.30836e-06
5.24376e-07;0.998368;4.25417e-10;2.24208e-07;1.77477e-07;2.57501e-08;1.81868e-08;7.16956e-05;6.29145e-07;7.29521e-09;2.07209e-07;4.81306e-06;0.00155187;1.73804e-06
2.30764e-06;0.073427;5.88485e-10;1.04708e-06;0.00533119;4.45837e-07;8.18426e-08;0.00449782;8.1399e-08;4.08207e-06;2.29115e-08;9.19045e-05;5.59873e-07;0.916643
1.62573e-05;0.000840448;0.0461115;3.5833e-05;0.00050038;1.40376e-05;6.70239e-07;1.9907e-07;9.90446e-08;4.95644e-06;1.09356e-06;0.949667;1.41187e-06;0.00280597
2.26594e-07;0.999312;9.50089e-10;1.92518e-09;6.24811e-10;1.96917e-10;0.000387683;6.05056e-06;1.62924e-07;2.82839e-07;4.73324e-08;3.77774e-11;7.40863e-08;0.000293059
1.02713e-10;4.61025e-10;1;1.15014e-11;8.35828e-12;2.65993e-11;4.19719e-10;8.86493e-11;9.4572e-11;2.4114e-11;7.03868e-11;2.55347e-09;2.12461e-09;3.43513e-12
7.49735e-07;0.00379124;3.3133e-08;6.15231e-06;2.71824e-05;3.0574e-05;2.26446e-08;0.0362989;2.88945e-05;1.95874e-07;4.43727e-05;5.51119e-05;0.959669;4.72138e-05
0.000123715;0.0037635;0.000116947;2.65644e-05;5.89871e-05;1.16889e-05;4.02974e-07;0.0475579;0.000212261;4.04709e-06;0.000176825;0.94674;0.0011411;6.62736e-05
6.31378e-05;0.0165197;3.53741e-05;3.31169e-06;0.000133887;4.8451e-05;2.8645e-06;0.976303;6.6815e-06;2.68959e-05;4.12959e-06;1.08031e-05;0.00121795;0.00562361
4.37079e-07;0.00208343;6.61294e-05;3.52982e-05;7.20644e-05;9.32544e-06;2.73565e-08;1.34469e-05;1.82724e-07;7.30519e-07;1.69999e-05;0.993998;1.99713e-05;0.00368353
3.42992e-06;0.999644;2.97007e-07;2.0607e-08;1.85306e-08;1.78279e-09;4.26028e-06;0.00026351;2.76052e-07;3.70301e-07;1.73737e-05;4.68733e-05;1.92188e-05;2.12085e-08
9.71318e-09;0.999564;5.33417e-10;2.27871e-10;4.51053e-09;1.94715e-11;0.000428427;1.03844e-09;1.60598e-09;3.23993e-06;1.52898e-10;8.53316e-09;4.4508e-08;4.26043e-06
3.63278e-09;6.07789e-13;1;8.67596e-11;7.3341e-11;1.50133e-12;1.76646e-09;1.65204e-10;1.38152e-07;3.08833e-11;9.31112e-11;6.24451e-09;5.25726e-13;3.17898e-14
6.68226e-05;0.000984585;7.92492e-08;2.81974e-06;2.29605e-06;1.49567e-07;1.19923e-05;0.0700758;0.927866;2.42973e-07;0.000845282;1.81533e-06;0.000142495;1.99354e-08
0.000213601;0.940131;5.87121e-05;1.9441e-06;1.4939e-07;1.38336e-08;8.21308e-07;4.0093e-05;2.89893e-05;1.66452e-06;8.878e-07;0.0583856;0.00112825;8.06229e-06
1.02937e-05;0.000176063;1.91542e-10;9.02559e-08;0.000207015;8.72997e-09;5.38717e-08;0.999583;2.84158e-06;4.36622e-07;1.18292e-07;9.83765e-06;2.63724e-06;7.46727e-06
4.425e-05;6.70051e-05;0.99964;1.85494e-06;2.28236e-06;4.70709e-08;5.15096e-08;1.37909e-05;2.49544e-06;2.87125e-06;1.01143e-07;0.000224478;1.8581e-07;2.58359e-08
0.00159118;0.00100969;2.06056e-05;6.74287e-06;2.92189e-06;2.14537e-06;3.50003e-05;0.00878764;0.983942;3.03627e-06;0.00296953;8.15811e-05;0.00154739;7.11332e-07
