9.68969e-07;0.0163776;1.20772e-08;1.0059e-06;9.97996e-07;5.50782e-06;1.49638e-07;0.00116057;6.05517e-07;6.69661e-08;1.51504e-06;7.06635e-06;0.982442;1.7407e-06
1.87402e-06;0.0018166;5.30584e-08;0.000161891;7.00608e-05;0.000142538;3.10108e-07;0.0121704;5.34879e-06;5.01874e-06;9.81746e-05;0.983985;0.000957474;0.000585097
0.000558991;0.531498;3.61294e-05;1.34968e-06;2.90594e-07;4.25224e-07;1.71539e-05;0.467025;3.04025e-06;1.31618e-06;6.01832e-06;4.88127e-06;0.000846221;1.478e-06
4.76874e-06;0.101308;1.06868e-05;8.92295e-06;0.000453463;0.000111238;1.89164e-07;0.00373762;1.20391e-06;4.95421e-07;1.32676e-05;0.864008;0.0196654;0.010677
6.21439e-06;0.957116;3.70388e-05;2.48767e-05;0.000700646;8.9892e-05;1.59758e-06;0.033325;0.000207756;4.39407e-06;4.88211e-05;0.00407954;0.00423026;0.000128336
2.35949e-06;0.00129768;1.85034e-07;4.11701e-06;0.89972;0.0872097;4.59968e-06;0.00630874;1.0009e-05;0.000139525;3.99712e-07;3.66098e-07;0.00316433;0.00213844
7.26717e-09;2.56157e-10;1;1.54211e-10;7.23105e-12;2.83227e-12;2.52856e-09;1.50129e-10;6.60189e-09;9.35912e-11;2.45548e-10;7.50318e-11;7.07583e-10;3.86327e-14
6.40802e-08;3.38909e-07;0.999515;5.69367e-08;1.00353e-07;2.1096e-08;2.3326e-09;4.24217e-06;2.92714e-07;7.69923e-10;2.56569e-08;0.000480185;1.58334e-07;1.16907e-08
2.22957e-06;0.0030341;1.30194e-06;1.21323e-06;0.00651082;0.00637022;2.82062e-07;0.00013574;9.41514e-06;1.716e-06;2.90078e-06;3.03807e-05;0.00030754;0.983592
3.40578e-05;0.996633;1.53335e-05;3.69972e-07;0.000313782;9.19033e-06;0.000320233;0.000378098;3.36552e-08;0.000411152;5.20766e-08;8.81437e-07;0.000216129;0.00166812
2.80372e-09;1.97855e-10;1;1.05337e-10;1.04326e-09;4.55086e-10;1.09046e-11;2.17543e-11;6.03432e-10;1.20373e-11;7.09682e-12;6.91487e-08;6.38135e-10;1.38005e-11
1.77693e-07;0.999977;4.7428e-07;6.0267e-08;8.86204e-08;1.27753e-08;4.23995e-08;1.25698e-05;3.75756e-10;4.31392e-08;4.93009e-11;5.65865e-06;3.87575e-06;2.72158e-07
4.33592e-10;1.41094e-08;1;1.71241e-10;1.13802e-10;8.23747e-12;7.03404e-10;1.96371e-09;2.53836e-11;2.40865e-10;1.02458e-11;1.45158e-07;6.15773e-10;2.55864e-10
1.36659e-07;4.23387e-05;2.02337e-07;1.95791e-07;2.3323e-06;4.0356e-05;8.00448e-07;0.997467;7.28544e-06;6.27795e-07;7.07355e-07;1.20365e-07;0.00238541;5.21881e-05
2.14535e-11;2.46731e-10;1;4.72812e-11;7.62194e-13;2.10341e-12;2.58391e-10;5.68666e-12;1.19043e-11;8.85082e-12;1.15246e-10;4.54077e-09;2.78199e-10;2.31851e-13
6.98599e-09;3.07533e-06;0.999642;4.02565e-08;3.00279e-07;7.00928e-08;3.67344e-09;2.90644e-07;1.19773e-08;6.89866e-10;5.6757e-09;0.000349522;1.93641e-07;4.44047e-06
2.16977e-07;5.33027e-05;1.28609e-05;2.00865e-07;0.0168841;0.0189035;3.36256e-09;6.06646e-06;4.30517e-07;1.36658e-07;5.00154e-08;9.52319e-06;2.02296e-05;0.964109
7.87718e-06;0.230812;3.97241e-06;5.45647e-07;0.014761;7.0411e-05;5.86967e-08;0.201713;1.37132e-06;3.81121e-07;4.85881e-07;0.549084;0.00351601;2.8946e-05
2.76321e-05;0.0175788;3.27127e-07;5.88818e-06;0.000444362;0.000114278;9.05592e-08;0.0903825;2.14135e-05;1.08102e-07;3.78985e-06;0.000423562;0.890996;8.48414e-07
1.14693e-06;0.973076;0.0212673;3.01204e-06;2.95618e-05;1.25548e-07;2.53049e-10;0.00535717;1.24708e-10;8.28916e-08;6.24876e-11;3.73616e-06;0.000249029;1.30902e-05
2.26336e-06;0.737207;3.20623e-07;9.03605e-05;7.91592e-06;2.99896e-06;4.23584e-07;0.140599;1.88383e-05;3.24068e-06;0.000136041;0.000457978;0.12147;2.67539e-06
1.34195e-06;0.0277654;1.48707e-05;0.000888085;0.15621;0.70421;0.000109686;0.0241109;1.3885e-06;0.0402991;5.53555e-05;1.76489e-06;0.0016348;0.044697
1.36722e-09;5.27665e-11;1;8.00311e-10;6.668e-12;1.61309e-12;2.52072e-09;2.90829e-11;2.73781e-10;3.41112e-10;4.77359e-09;4.07045e-09;3.3655e-11;1.36406e-13
0.000334399;0.073653;0.050162;0.000835886;0.00194742;8.81302e-05;0.000549187;0.0250665;0.018927;7.79197e-05;0.00779765;0.819849;0.00068184;3.01729e-05
5.37721e-05;0.991197;2.38199e-07;1.81105e-06;3.24757e-05;2.40855e-05;2.37e-06;0.00619587;5.33961e-05;3.27652e-06;0.000185636;1.16288e-05;0.00220247;3.54556e-05
1.91595e-08;0.00174301;7.27454e-07;4.34988e-08;1.34948e-05;1.83439e-07;5.41743e-12;2.86748e-06;3.89381e-10;1.28538e-09;1.06593e-09;0.998196;4.48706e-07;4.31124e-05
4.66728e-08;0.0116723;1.03143e-11;5.44349e-09;5.09998e-06;6.35327e-06;9.44807e-10;0.987225;4.59231e-09;9.681e-09;2.72917e-11;5.13383e-13;0.00109;9.43023e-07
2.93126e-08;9.47593e-09;0.999983;9.69248e-08;2.48e-10;3.3323e-09;3.99449e-10;3.36791e-07;1.99613e-09;1.85438e-09;1.47525e-10;1.64021e-05;1.87268e-07;5.58973e-12
1.00396e-05;3.00903e-05;0.000107319;0.00446154;1.5456e-05;6.73088e-05;9.43899e-08;0.00111749;0.0162971;1.56511e-06;0.000574178;0.977236;1.32794e-05;6.82453e-05
0.000477999;0.995247;7.1303e-07;5.13638e-06;1.88441e-06;4.94681e-07;7.1197e-06;0.00401339;3.87889e-06;1.08894e-05;2.74935e-05;4.16087e-05;0.000155394;7.18692e-06
1.17591e-08;1.50991e-07;2.79055e-08;1.7861e-08;0.000435893;1.81442e-07;7.59016e-13;0.999561;2.62158e-09;6.93433e-09;8.9703e-10;1.80764e-07;2.73881e-06;4.61229e-08
4.61589e-09;1.35884e-07;0.999999;7.74501e-07;9.68943e-08;3.68483e-07;2.78084e-11;6.57224e-09;8.72889e-10;2.6542e-08;2.47709e-10;5.00564e-09;2.71624e-09;1.29511e-09
0.000258592;0.000949173;7.47335e-06;5.07865e-06;3.98904e-06;1.19528e-05;1.04505e-06;0.990563;0.00612218;1.00798e-06;5.11422e-05;2.22757e-05;0.00200334;1.23599e-07
