3.15516e-05;0.666987;3.61238e-06;8.03236e-06;4.68148e-05;9.405e-05;1.76459e-06;0.0169517;9.42061e-07;9.98788e-07;1.35281e-05;0.00563736;0.309365;0.000857044
2.67381e-08;0.0224955;1.3121e-08;6.63557e-07;3.34838e-06;1.47653e-05;5.13341e-07;0.000815822;1.88184e-08;1.38988e-06;2.47048e-08;2.16578e-09;0.000106324;0.976562
4.91168e-11;4.3758e-11;1;5.8806e-10;3.81377e-12;1.02283e-11;3.75708e-10;2.22709e-11;2.57656e-11;4.24455e-11;1.70361e-09;1.06164e-07;8.38708e-11;2.01253e-13
3.37346e-06;0.0272729;0.0152196;0.00011215;0.000185697;0.000653849;1.9402e-06;0.47943;2.22373e-05;6.01477e-07;2.99986e-05;0.475745;0.00121623;0.000105918
1.92791e-06;0.970118;1.28715e-07;1.06419e-05;6.45154e-05;0.000138228;0.0174204;0.00245894;1.13567e-07;0.00295472;2.75599e-05;1.67427e-08;0.00664344;0.000161108
2.92374e-10;3.37037e-11;0.999999;1.40444e-08;2.19109e-08;2.08376e-08;6.73922e-10;8.9168e-11;1.11225e-11;4.83789e-09;2.14647e-09;1.25625e-06;4.65546e-10;9.2883e-10
0.000393352;0.167027;0.00662732;0.0711033;0.00766227;0.0489255;0.00071898;0.0853792;0.00752469;0.000114657;0.0502484;0.409301;0.142073;0.00290169
0.000546719;0.690919;0.248554;0.000618475;5.71629e-05;3.34715e-05;8.14946e-06;0.00136732;2.43503e-06;8.88903e-06;0.000122398;0.000672234;0.0569833;0.00010659
1.51971e-05;0.995263;1.48259e-06;3.62942e-06;2.13423e-05;7.7262e-07;4.67532e-05;0.000246631;9.85185e-08;9.5106e-05;4.46233e-06;5.03261e-06;1.35028e-06;0.00429524
2.36698e-09;3.18326e-08;0.999996;3.22682e-09;2.4423e-07;1.19132e-10;2.01012e-09;8.73007e-09;2.4777e-10;1.00002e-09;1.05073e-09;3.53335e-06;6.68872e-10;1.18415e-10
1.17895e-07;0.980351;7.45317e-07;2.31365e-08;2.41813e-06;5.44113e-07;2.05668e-08;3.14355e-06;1.34178e-10;1.49279e-07;4.10677e-09;6.043e-06;0.0194813;0.000154261
7.11144e-05;0.164563;0.000875409;8.17327e-05;0.00159066;0.000173946;0.0251866;0.575727;0.000408046;7.96835e-05;0.00122843;0.19084;0.0377814;0.00139269
1.31355e-06;0.00179203;0.120388;0.000263546;0.0224002;0.00412974;2.82263e-08;0.848767;1.12437e-07;2.90201e-07;2.68504e-07;2.68716e-05;0.00155111;0.000679904
4.77612e-05;0.0285605;0.00036905;1.56509e-05;0.000170038;0.00583751;6.76895e-08;0.00914272;1.68275e-07;6.12199e-06;1.76193e-07;0.0109389;0.0128375;0.932074
1.8561e-05;0.0117255;1.19414e-08;3.28302e-07;5.62925e-07;1.63587e-05;1.14751e-06;0.746263;1.07112e-06;1.14543e-07;8.13218e-07;7.66172e-09;0.241972;4.19458e-07
6.97426e-08;1.57333e-06;0.999991;3.34718e-07;1.34992e-09;9.50438e-09;2.32248e-07;3.59491e-08;7.24452e-08;2.35838e-08;6.95349e-08;6.24046e-07;6.03301e-06;8.06929e-10
4.05017e-08;0.00011576;0.000490382;9.58795e-06;2.07796e-05;6.25258e-07;3.29962e-09;0.000283808;1.29527e-07;4.72838e-08;9.31844e-08;0.99902;8.82908e-08;5.87227e-05
1.21094e-05;0.389987;4.17714e-06;0.000738775;0.000515999;0.00198486;3.12593e-05;0.165288;0.00010128;5.30015e-06;0.00403536;0.000326543;0.436943;2.75286e-05
1.41779e-06;0.00199076;3.92023e-05;0.000454183;0.047285;0.884006;8.50187e-06;0.000611325;9.8916e-09;0.000173348;1.49002e-05;0.00157948;0.000994411;0.062842
1.07714e-07;0.00781845;4.77748e-09;6.35651e-08;6.83801e-07;1.16137e-06;1.85736e-10;0.0113638;8.79572e-11;5.44478e-11;1.19835e-09;6.15203e-07;0.980815;1.77834e-08
1.63477e-05;0.846633;0.00252619;0.000115542;3.34245e-05;8.3175e-07;2.7846e-08;0.000247317;1.02158e-07;4.32929e-07;5.40324e-08;0.129178;0.0209061;0.000342658
4.0087e-07;0.95043;5.91815e-10;3.64698e-07;7.48659e-05;5.60966e-08;1.32368e-07;0.0493858;3.84707e-08;6.05018e-07;6.41327e-07;9.89577e-06;6.15426e-05;3.52062e-05
1.74784e-06;0.000951507;0.0158601;0.00230832;0.0122213;0.0105589;3.36306e-07;0.00245692;7.9424e-08;0.000143833;2.75117e-05;0.954778;0.000560879;0.000130897
0.00167963;0.0142021;0.00653531;0.00155363;7.22962e-07;5.36389e-05;0.0238374;0.0413481;0.00714159;0.000101333;0.788153;0.000279392;0.115114;3.10446e-07
0.000383972;0.971427;7.0973e-05;9.0524e-05;8.13406e-06;1.28011e-05;6.21859e-06;0.00275318;0.00018628;2.39505e-06;0.00041487;0.000540472;0.0240402;6.28995e-05
2.96271e-06;0.99892;0.000192325;4.3007e-06;2.11825e-05;4.40996e-07;1.14908e-06;1.55305e-07;5.40515e-09;1.21076e-05;4.3901e-09;0.000104856;5.7074e-07;0.000739407
2.02785e-07;2.31142e-07;0.999997;2.54023e-08;2.76859e-08;3.23263e-09;2.11041e-06;1.33099e-08;2.48911e-07;1.71749e-07;2.17037e-07;1.51602e-08;1.32153e-08;3.26861e-10
9.62108e-07;0.000129683;6.67946e-07;7.07113e-07;4.83699e-06;1.17011e-05;0.931789;2.98066e-05;0.000506368;0.0674136;9.33869e-05;1.10386e-07;2.79299e-07;1.91687e-05
1.2674e-09;5.19583e-11;1;2.12031e-09;7.11227e-12;7.71452e-11;1.38881e-08;6.93748e-11;3.12563e-08;9.08215e-10;4.23143e-08;6.79161e-09;4.03672e-11;1.82418e-12
7.4997e-06;0.999144;3.34206e-07;5.01513e-06;1.36279e-06;1.16582e-08;1.2371e-06;2.58184e-05;5.06988e-06;1.72326e-07;4.89639e-06;1.41974e-05;0.000790639;1.75438e-08
4.0435e-06;0.995775;3.07219e-10;4.3884e-08;1.50936e-05;1.20224e-08;7.40242e-08;0.00399116;6.76287e-07;3.78848e-07;9.163e-08;9.74863e-06;0.000193345;1.01652e-05
1.19581e-05;0.00455904;0.0322834;0.000362729;0.00228371;0.000322542;2.64148e-07;6.32303e-06;4.95323e-07;0.000161947;5.42398e-07;0.958416;1.23608e-05;0.00157904
0.011686;0.0102172;0.000102943;0.00358603;5.48258e-05;8.8216e-05;0.00395804;0.221988;0.402905;3.43152e-05;0.175155;0.0166058;0.153612;6.09086e-06
0.000259354;0.578986;8.60325e-08;3.71837e-05;4.59067e-06;2.13513e-06;1.89631e-07;0.0431895;0.000408011;1.38594e-07;0.000106851;4.04343e-05;0.376965;8.26683e-08
0.000353168;0.0618266;0.000266048;0.000147694;0.00260054;6.46686e-05;1.24023e-06;0.0111504;0.000222644;0.000536594;1.26356e-05;0.920775;0.0019501;9.29277e-05
1.57145e-07;0.000163253;8.03984e-08;6.03954e-08;1.512e-08;1.69702e-07;0.913407;1.49448e-09;1.2327e-06;0.0864235;8.24128e-07;1.14211e-10;1.79337e-08;4.19891e-06
2.8324e-11;4.25209e-13;1;6.51935e-12;6.31114e-15;7.1855e-14;2.84873e-10;3.34585e-14;4.03764e-10;7.794e-12;5.10198e-10;9.02306e-11;8.70138e-13;8.01352e-17
