0.000144716;0.254175;2.0557e-06;8.41269e-05;0.00316635;0.000807992;4.14995e-05;0.181957;0.00449802;2.051e-06;0.000196836;0.012409;0.541667;0.000848126
0.000197389;0.114749;0.00275352;0.000872282;0.0477878;0.000829796;2.69682e-06;0.00564738;1.31676e-06;1.23366e-05;6.32745e-05;0.745117;0.0451409;0.0368244
0.000972325;0.188657;0.000210055;0.000378945;0.000781742;0.000224126;1.28927e-05;0.0262647;0.000643362;3.96692e-06;0.0065356;0.0908909;0.68369;0.000734953
8.10606e-05;0.899714;3.87091e-05;0.000996035;0.00117224;0.000442176;1.90237e-05;0.00676812;0.000456404;7.88132e-05;0.000466975;0.0278408;0.0573233;0.00460281
0.000664712;0.0900395;0.00207805;0.00107569;0.000526579;2.67528e-05;0.000258891;0.0100671;0.00452043;5.60295e-05;0.0166262;0.872793;0.00124237;2.50291e-05
2.34825e-05;0.986196;7.1237e-05;7.67548e-06;6.91033e-05;4.42291e-05;3.37755e-06;1.1338e-05;1.32394e-05;4.97291e-06;1.53506e-05;0.00757827;0.00553413;0.000427562
0.000303417;0.120542;1.46082e-06;1.21033e-05;0.00931455;0.000731637;5.18921e-06;0.349237;0.00160618;6.09573e-06;0.000161578;0.119505;0.392673;0.00590118
4.0225e-07;0.998085;7.3862e-06;1.17872e-06;4.65323e-05;3.46577e-06;3.63049e-08;0.000388948;1.74147e-06;2.04338e-06;2.52367e-07;0.00140908;2.40723e-05;2.93387e-05
4.02174e-07;0.000798722;8.01873e-07;3.41879e-05;0.819683;0.159783;6.10872e-07;0.000275769;5.0217e-06;0.000212329;2.67912e-06;0.000817966;0.000162247;0.0182229
0.000171051;0.990906;4.21942e-07;1.41351e-05;7.03846e-07;2.83511e-07;1.56603e-05;0.000409981;3.02504e-05;3.33794e-06;4.79631e-05;0.000389357;0.00801054;5.38827e-07
3.07298e-05;0.952079;1.00133e-07;9.73131e-07;5.49242e-07;3.16566e-08;1.06816e-07;0.0361134;1.92319e-05;1.16948e-07;8.20629e-06;0.00940051;0.00234712;5.50765e-08
2.20038e-06;0.371252;2.12661e-07;1.5756e-06;0.000102053;3.72384e-06;1.52526e-07;0.00288994;6.0173e-07;2.76235e-06;1.13778e-06;0.602419;0.0230745;0.00024968
5.89848e-05;0.958465;3.63891e-06;4.15103e-05;0.000187167;0.000317931;0.00834484;0.0122319;2.992e-05;0.000922311;0.000292363;0.000390382;0.018267;0.000446704
0.000131408;0.00620385;7.11854e-06;9.1738e-05;0.000267757;1.03359e-05;6.89103e-05;0.0437189;4.35466e-05;9.54108e-06;0.000697066;0.153123;0.795624;2.13205e-06
0.00201926;0.463325;1.8905e-06;0.000374495;0.00132457;0.000186552;0.00021195;0.519355;0.00420063;0.000265049;0.000410805;0.00112648;0.00595064;0.0012483
0.000986153;0.272779;4.07302e-05;0.00288719;0.000639257;6.60738e-05;2.66658e-05;0.0668605;3.31909e-05;0.000147381;6.53887e-05;0.637473;0.0121619;0.00583345
0.00160144;0.0272598;2.37871e-05;0.000698852;5.94668e-05;1.42657e-06;0.000249431;0.903675;0.00152907;0.000282977;0.0585215;0.0036393;0.00245779;2.45961e-07
3.46597e-07;0.000802004;9.86554e-05;1.37648e-06;8.98091e-08;1.60874e-07;0.0419857;1.04265e-11;4.2736e-09;0.952451;9.11254e-08;8.92013e-12;4.71538e-12;0.00466095
1.86962e-10;1.56198e-13;1;7.94279e-12;1.15986e-13;1.04871e-13;3.09762e-09;2.79281e-13;5.11652e-09;2.30047e-12;6.77365e-09;1.32543e-11;1.28483e-14;2.31877e-15
