3.75894e-07;0.999709;2.12978e-09;3.42153e-08;2.80925e-08;4.87653e-08;2.07229e-05;3.23327e-05;3.49816e-08;5.57873e-06;5.13139e-08;3.92448e-10;1.52755e-05;0.000216109
5.28908e-12;3.28436e-11;1;4.04297e-12;8.45212e-13;2.79929e-13;9.07752e-12;6.18739e-14;7.07504e-13;2.17197e-12;3.55561e-12;1.45197e-08;8.39994e-13;2.46876e-13
6.92073e-07;2.74848e-05;7.91939e-05;2.05064e-05;0.000222434;0.000299856;2.45208e-07;0.00293799;0.000258835;8.54836e-07;0.00106039;0.994866;5.51834e-05;0.000170323
2.35245e-06;0.0218223;1.2835e-07;3.07808e-07;0.000883493;0.000837388;1.12155e-07;0.791744;2.09116e-06;4.31519e-07;4.2508e-05;2.51645e-05;0.18453;0.000110072
1.01749e-06;0.000281235;8.18354e-06;5.9342e-06;3.85856e-06;3.16883e-07;1.19757e-07;3.06319e-05;2.3829e-06;1.76845e-07;9.08182e-05;0.999123;0.000452479;3.42571e-07
1.25772e-05;0.0643018;6.31957e-08;8.53567e-06;0.00054188;3.68041e-06;1.0174e-08;0.933725;1.00174e-06;1.64069e-07;5.22832e-06;0.00131094;8.75222e-05;9.62823e-07
5.45319e-05;0.170721;0.00172977;4.63409e-06;1.79741e-05;3.00461e-05;6.66106e-07;0.0161279;6.79622e-06;4.61218e-06;1.71785e-05;0.0315335;0.779751;1.58924e-07
9.23747e-05;0.00389347;6.96443e-07;0.000533944;0.000917628;0.000379229;3.74026e-06;8.23005e-06;0.000528256;2.75709e-05;0.00167325;0.975195;0.0126536;0.00409328
0.00588755;0.232998;1.1443e-05;8.66575e-06;6.39604e-05;4.59896e-06;2.09963e-05;0.364125;0.00111064;3.9454e-06;5.68433e-05;0.00545288;0.390251;4.98933e-06
2.32673e-05;0.96599;4.11823e-05;3.80405e-05;0.000958413;0.000521376;1.15406e-06;0.00277708;0.000160199;1.37993e-05;1.65135e-05;0.0258428;0.00164656;0.00196979
4.8445e-06;0.00129853;3.52993e-07;7.29659e-05;0.767736;0.196235;9.57422e-06;0.00499941;1.04421e-05;0.00194516;1.03265e-05;0.00020173;0.00462115;0.0228537
0.000515555;0.992401;7.29507e-08;0.000292083;2.7833e-06;7.87985e-07;0.000819834;0.00166942;0.0016281;2.55489e-05;0.00220487;6.10749e-05;0.00037759;1.40112e-06
1.01571e-05;0.999932;2.00247e-05;2.38151e-06;5.50321e-07;5.42865e-09;2.29682e-08;9.44902e-06;1.79084e-08;1.96439e-07;3.63024e-09;2.42926e-06;1.39434e-05;8.60144e-06
2.11717e-07;0.999963;1.13099e-11;3.34819e-08;2.2884e-08;8.17065e-10;9.17907e-07;1.91275e-05;1.06437e-08;3.28862e-07;1.79461e-09;1.19685e-09;4.10818e-09;1.65564e-05
5.03688e-10;8.51871e-11;0.999988;4.99888e-10;2.63083e-09;2.24348e-11;2.88354e-09;3.99316e-10;2.50427e-10;3.49534e-10;1.49024e-10;1.16679e-05;3.0827e-13;2.63369e-09
2.25305e-06;0.868868;1.99382e-10;1.86838e-08;1.31112e-05;5.52281e-06;9.15002e-07;0.00204201;2.632e-06;3.32897e-08;6.97915e-07;2.20968e-06;0.129061;1.99846e-06
3.89355e-05;0.0572229;7.64093e-06;1.16703e-05;0.00474383;0.000330318;2.56485e-05;0.114787;1.09232e-06;4.01262e-05;7.04123e-06;0.138391;0.673986;0.010408
1.378e-06;0.000432863;3.57517e-07;4.89075e-05;0.0195489;0.00463512;4.40111e-09;0.00169459;6.25307e-07;1.28592e-07;2.42819e-06;0.962184;0.000725899;0.0107248
0.000124317;0.602385;0.000161826;7.6646e-06;9.20639e-06;9.80681e-06;2.09184e-07;0.0205722;2.21083e-07;1.17179e-07;1.41768e-06;0.00198461;0.374605;0.000138214
5.9259e-08;0.994316;5.67583e-10;1.27597e-07;9.48449e-08;3.03109e-07;2.19393e-05;3.39634e-08;2.0024e-09;8.32188e-05;3.56495e-09;6.43372e-08;4.6028e-07;0.00557822
1.56476e-10;2.70556e-11;0.999999;3.07617e-08;3.25957e-09;1.37938e-09;1.03697e-09;2.76815e-10;1.44943e-10;2.26373e-10;2.71391e-09;6.13927e-07;9.04722e-11;1.02665e-11
6.10677e-05;0.549658;0.000298894;0.00280889;4.37243e-05;0.00099907;0.00165882;0.361175;0.0022023;3.87309e-05;0.0564734;0.000135745;0.0244123;3.40706e-05
8.54382e-05;0.339632;9.11058e-06;0.000268359;0.00178013;0.0353795;0.0186881;0.239635;0.00194875;0.00241646;0.217862;1.81537e-05;0.14132;0.000957492
7.17214e-09;2.60955e-09;0.999998;5.20936e-09;6.17468e-12;9.42766e-11;7.15646e-07;2.83004e-11;3.0654e-08;5.7577e-09;1.10126e-06;8.98535e-08;1.56792e-09;1.30745e-11
1.63753e-05;0.00154593;0.00383974;4.54813e-05;9.42854e-05;2.43544e-05;2.97055e-05;0.00535807;0.00151346;1.82355e-06;0.000752286;0.986634;0.000124883;1.96216e-05
6.73575e-06;0.184534;5.71611e-10;1.62439e-06;5.82006e-06;0.000141459;7.19493e-07;0.00088882;4.38766e-05;5.15876e-07;6.5153e-05;1.06833e-06;0.814307;2.88752e-06
2.92759e-05;0.0164891;0.784552;1.00313e-05;0.00960432;7.37715e-06;3.41854e-08;0.000244473;5.58651e-08;2.12229e-06;2.45128e-08;0.186484;2.91072e-06;0.00257464
4.17215e-06;0.000376742;1.57296e-09;3.11393e-08;7.99863e-05;1.1506e-06;3.28541e-07;0.999323;8.21353e-06;4.35132e-08;6.0941e-08;1.0788e-06;2.27423e-05;0.00018226
4.4879e-05;0.00080799;2.41225e-07;1.35123e-07;1.57928e-06;5.43851e-08;2.08803e-07;0.999074;3.88367e-05;6.63183e-08;6.0254e-08;2.34874e-05;8.11141e-06;3.02913e-07
2.75834e-05;0.0163712;0.00010033;5.0955e-06;0.000114998;3.10094e-06;2.60493e-07;0.000214139;6.83734e-07;8.02423e-07;2.60539e-08;0.982757;0.000345578;5.91895e-05
1.07194e-07;0.999913;2.34644e-10;3.41855e-08;2.39763e-09;1.58932e-09;2.50182e-06;8.26407e-05;9.75056e-09;1.12704e-07;5.85173e-09;2.02199e-08;1.4888e-06;4.0876e-07
2.21895e-11;7.3731e-08;1;2.35658e-11;1.95827e-13;5.39869e-13;3.66396e-10;4.17979e-14;6.60828e-13;2.9631e-11;7.85947e-12;6.53407e-09;3.32999e-11;2.69099e-11
8.46425e-07;0.312851;1.80331e-08;2.74235e-07;4.51199e-07;2.68332e-06;0.678071;1.58576e-07;1.60697e-05;0.00831639;2.21554e-06;1.03901e-07;7.55137e-07;0.000737837
1.81013e-07;1.63948e-07;0.999602;7.6231e-07;4.42007e-08;1.64223e-05;3.54036e-06;9.37818e-08;3.89541e-06;2.91104e-07;3.76056e-06;2.39089e-05;0.000345212;2.06186e-09
2.11654e-05;0.882921;0.097065;3.98852e-05;2.28101e-05;1.79343e-05;3.09732e-06;0.00576007;3.88089e-07;2.8899e-05;2.74579e-07;0.000156822;0.0138665;9.5852e-05
5.30244e-06;0.0344165;4.06782e-09;4.80237e-05;1.75556e-05;1.50201e-05;3.10252e-07;0.00219715;1.01427e-05;1.24414e-06;0.000151191;0.000374136;0.962757;6.12684e-06
1.89482e-05;0.997742;2.42778e-05;0.000316428;4.31147e-07;1.33214e-07;2.47467e-06;1.43699e-06;6.41458e-06;1.39557e-06;4.57024e-05;0.00178396;2.51212e-05;3.14728e-05
2.9481e-05;0.995882;1.86581e-08;2.81358e-06;9.04182e-08;2.11881e-07;1.90752e-06;0.00390283;2.75213e-06;2.14601e-06;1.56252e-05;3.71379e-05;0.000123084;3.59839e-07
2.54665e-06;0.00145501;1.22213e-05;8.80402e-06;0.000309227;1.87326e-05;7.03894e-09;0.000553033;1.41686e-08;9.23425e-07;7.79703e-07;0.997491;5.97926e-05;8.79874e-05
5.20125e-07;7.02975e-06;2.93768e-11;1.19376e-05;7.81191e-06;0.000797958;5.79022e-08;3.23959e-05;4.66349e-06;1.05994e-06;9.74735e-06;5.98836e-09;0.999126;6.75518e-07
3.39667e-07;1.26879e-07;0.999986;9.1211e-06;1.0599e-08;5.25477e-09;6.12771e-09;2.53535e-08;2.91399e-07;5.4613e-08;1.37049e-06;2.39739e-06;8.13704e-09;6.99521e-10
0.00118457;0.001506;5.9706e-05;0.00035195;3.81155e-06;9.33943e-06;0.00112162;0.0124077;0.256448;7.78795e-05;0.723676;2.01876e-05;0.00313282;2.12405e-07
