5.67728e-07;0.999975;4.36387e-06;5.69489e-06;1.16911e-06;1.01304e-08;6.83444e-08;2.39734e-06;2.52432e-08;8.83589e-08;2.18287e-08;4.98956e-07;7.54957e-06;2.70668e-06
5.2654e-07;1.3703e-05;1.34222e-10;1.89117e-09;6.27645e-08;1.10416e-08;8.47538e-10;0.999979;5.04405e-08;9.41511e-10;2.37049e-09;2.00973e-08;6.76607e-06;1.44821e-08
6.47881e-07;0.000189235;1.78259e-07;3.07987e-05;0.495115;1.36863e-05;4.01069e-08;0.0275986;4.62847e-06;8.80326e-07;2.99387e-06;0.47473;1.7013e-07;0.00231247
4.98591e-05;0.285635;0.635777;0.000164781;0.000638462;0.000150373;9.92723e-06;0.00162044;1.59e-06;9.16595e-06;1.56875e-05;0.000311086;0.0755895;2.71406e-05
1.05271e-05;0.016903;2.52232e-07;0.0001305;0.000125443;1.45576e-05;5.62797e-05;0.000368994;9.29116e-05;9.31723e-07;0.00185652;0.0174124;0.962247;0.000780573
0.000499819;0.0656012;6.34633e-07;0.015733;0.140111;0.0301114;4.42929e-06;0.0866769;0.000215696;7.09158e-05;0.00186188;0.0191901;0.637725;0.00219738
0.000757442;0.950323;9.81073e-06;3.40607e-06;1.33483e-06;4.38281e-06;0.000344849;0.00275307;2.3313e-07;0.000290312;4.89882e-07;7.56122e-07;0.0442796;0.00123171
2.44218e-11;7.32103e-12;1;3.68423e-12;3.0901e-13;9.82463e-14;1.8936e-12;4.49786e-14;6.16318e-13;1.7359e-12;2.4757e-12;6.91523e-11;5.23599e-13;6.31025e-13
0.00033296;0.796354;1.22352e-05;0.000660596;0.00101341;0.00365635;0.00207975;0.0497193;0.0229652;0.000960329;0.0142849;0.0104259;0.0962055;0.00132949
7.14412e-05;0.197547;7.16306e-08;1.96954e-05;1.51777e-06;5.10905e-05;1.38062e-05;0.000453466;0.000119762;2.97234e-06;0.00296395;0.00206366;0.796689;2.54226e-06
1.96963e-06;0.00491271;0.325801;2.11506e-05;0.000103851;1.12412e-07;3.14583e-07;9.45458e-07;1.80295e-08;3.24484e-06;2.50527e-07;0.66754;2.77023e-06;0.00161142
3.44337e-05;0.0560741;6.79381e-08;1.20798e-06;1.8975e-05;3.46057e-05;5.52341e-05;0.817365;7.11406e-05;1.12664e-06;2.50613e-05;0.000303918;0.126012;2.66267e-06
2.18955e-06;0.00526931;2.07332e-07;7.41552e-07;3.06569e-06;4.8464e-06;4.41829e-08;0.00338411;2.52843e-07;2.66978e-08;8.23516e-07;0.000389657;0.990904;4.0495e-05
6.14882e-05;0.00671243;5.72285e-06;3.40467e-05;7.01604e-05;3.74287e-06;1.4835e-06;0.00356001;5.35029e-05;6.78143e-06;3.17498e-05;0.986656;0.0027241;7.8525e-05
6.78456e-06;0.0487403;3.43422e-05;7.35411e-06;4.94365e-06;8.87721e-07;1.86328e-06;0.95007;4.03304e-06;2.18608e-07;7.29984e-06;0.000914706;0.000205722;1.59966e-06
2.67456e-05;0.976948;5.13804e-08;7.75825e-06;2.1323e-05;6.43342e-05;4.10544e-05;0.00353868;1.02973e-05;1.94619e-05;0.000201754;0.00214369;0.0160238;0.000953309
8.38897e-06;0.000893503;4.75515e-06;8.23872e-06;4.9316e-07;3.75152e-07;1.16673e-06;0.000206145;4.05521e-06;2.02923e-07;0.000208178;0.997633;0.0010279;3.49719e-06
8.31652e-05;0.0368428;6.2713e-07;7.78283e-06;0.00138572;5.28865e-05;2.58168e-06;0.947295;9.44187e-07;2.18339e-06;3.62091e-06;0.000457969;0.0116235;0.00224089
0.000430376;0.183441;0.000723981;0.00495375;0.000505894;0.00150069;3.11368e-05;0.0359868;0.000247631;2.30435e-05;0.00177435;0.474233;0.287491;0.00865761
6.88861e-05;0.940707;3.24539e-06;6.81024e-05;4.45763e-05;0.00179193;1.3598e-06;0.0394477;2.03809e-05;2.93e-05;1.11124e-05;0.000173455;0.012876;0.0047568
3.64886e-06;0.00222155;2.43149e-08;1.46545e-06;5.09081e-07;4.13546e-06;6.75379e-08;0.00364686;1.74299e-06;1.52487e-07;2.89844e-05;1.96772e-05;0.994064;7.09314e-06
0.000116244;0.0310049;3.84523e-06;9.12107e-06;3.29414e-06;4.69912e-06;1.41436e-06;0.000345459;1.20592e-05;5.08016e-06;2.03723e-05;0.960467;0.00783204;0.000174808
9.07565e-05;0.284742;5.35336e-07;2.08923e-05;1.48606e-05;7.84582e-05;1.56559e-06;0.00152796;5.46929e-05;2.99585e-06;6.88835e-05;0.679034;0.0342353;0.000126715
3.23425e-06;0.972164;6.29364e-05;3.75384e-06;3.90514e-05;1.38215e-06;2.05443e-07;0.0171336;1.25248e-08;2.61212e-06;1.47214e-06;0.00227557;0.00828412;2.78631e-05
2.14238e-08;0.00023965;5.81365e-12;1.05521e-06;3.83999e-08;1.35483e-05;5.54912e-06;1.58507e-08;3.23139e-07;5.33727e-07;5.57983e-05;6.91677e-05;0.999614;1.46492e-07
5.24388e-07;2.20398e-06;0.999858;7.67144e-07;2.39672e-09;1.61343e-08;5.71205e-05;1.97795e-09;4.53434e-08;6.46147e-05;2.17777e-07;1.65371e-05;2.30439e-08;1.26969e-08
1.00761e-06;5.39691e-06;0.999744;3.85912e-06;2.02672e-08;1.23705e-07;3.08886e-05;2.71338e-07;0.000114546;6.55729e-07;9.54452e-05;3.32229e-06;9.6099e-08;1.99349e-08
5.30061e-07;0.991417;4.16823e-08;9.91321e-09;3.94919e-10;7.3296e-10;2.13774e-06;8.49578e-06;2.39715e-07;1.30013e-08;7.74848e-07;7.54808e-07;0.00857013;1.43651e-10
4.192e-08;0.998364;2.61664e-10;6.44459e-08;1.50785e-07;1.41461e-07;4.26691e-07;1.62055e-05;1.28258e-08;2.70935e-06;7.5915e-09;1.28195e-05;2.97742e-07;0.0016035
4.67355e-11;9.76346e-10;1;4.49007e-10;3.49129e-10;5.60705e-12;2.05495e-09;1.35435e-11;4.17529e-12;8.66745e-10;3.62442e-11;6.07899e-08;3.32868e-13;1.80098e-09
1.76731e-06;0.973956;4.2338e-07;1.94308e-06;1.83832e-05;6.8194e-07;0.000197226;0.0243203;2.53271e-05;4.02061e-06;0.000252246;4.69915e-05;0.00111309;6.17778e-05
1.41945e-05;0.0982883;9.23487e-06;2.59025e-06;7.0153e-06;0.000108068;0.000101456;0.00895116;1.83947e-05;4.82874e-05;0.000928734;0.0281094;0.863403;9.97472e-06
3.85228e-07;0.000223455;8.22642e-10;1.06913e-06;1.41751e-06;1.82673e-07;7.95777e-08;0.00459492;1.04507e-06;8.39073e-08;7.32671e-06;6.65142e-05;0.995103;4.82858e-07
3.41414e-06;1.02661e-05;6.28423e-08;1.08077e-06;3.32781e-07;9.8362e-09;1.29477e-08;2.70592e-05;4.24195e-05;6.21835e-08;1.11818e-05;0.999897;6.84277e-06;3.23398e-08
7.27322e-06;0.03403;8.76356e-09;2.02288e-06;6.92894e-05;4.91608e-08;8.18801e-07;0.965837;2.47275e-05;9.53943e-07;1.86035e-05;8.31824e-07;8.39681e-06;4.43662e-07
7.1006e-07;0.00178395;0.998132;2.33612e-05;2.02123e-07;1.52371e-06;2.54755e-07;4.59531e-08;9.12168e-09;4.16303e-06;6.99871e-07;1.95198e-05;2.59703e-05;7.19589e-06
4.39251e-07;3.63943e-06;0.99995;1.89572e-08;1.03511e-07;6.27771e-08;4.31217e-08;8.21768e-06;2.1e-08;9.88844e-08;1.95465e-07;4.48683e-06;3.57202e-08;3.2408e-05
4.54778e-08;0.999989;3.42026e-09;3.31478e-11;2.4011e-09;6.59065e-11;1.09427e-05;1.55211e-07;2.59587e-09;9.73816e-09;1.07901e-10;3.03926e-11;3.42717e-08;2.65722e-07
3.79192e-11;3.08774e-13;1;9.19091e-14;1.15593e-12;4.65707e-14;6.63814e-12;1.05946e-13;3.64632e-12;7.01417e-14;4.60499e-13;2.46211e-09;1.21913e-11;1.34857e-14
1.73982e-05;0.101258;1.80445e-05;3.70678e-06;0.00023486;5.82126e-05;8.96338e-06;0.857866;0.00037348;2.689e-07;4.12973e-05;0.000540234;0.0392531;0.000326236
2.1084e-06;0.00391067;9.0801e-08;5.22062e-07;1.1885e-05;1.1135e-06;1.97982e-08;0.891472;3.24476e-06;5.11538e-08;4.9621e-07;3.77659e-05;0.104546;1.40979e-05
4.83308e-06;0.00332549;1.31833e-05;5.82572e-06;1.5878e-06;3.33691e-06;4.4238e-08;5.92526e-05;1.91998e-05;9.36882e-07;5.64285e-06;0.995584;0.000951787;2.5054e-05
2.35238e-05;0.999333;2.17734e-05;1.43993e-05;2.55701e-07;1.43029e-07;9.0944e-05;0.000225441;1.86185e-06;4.62752e-05;6.2442e-06;1.87734e-05;0.000215844;1.44217e-06
1.84157e-09;3.61484e-08;1;6.566e-09;5.32493e-11;7.41774e-11;1.13045e-08;3.22241e-11;1.36185e-09;2.58822e-09;2.80032e-09;1.9456e-07;1.03268e-10;2.83677e-11
9.87622e-07;9.42627e-06;2.5314e-05;3.67888e-06;4.1135e-06;2.02257e-06;9.28358e-07;0.00103642;0.000173503;3.96486e-07;0.000284681;0.998419;1.57634e-06;3.84137e-05
8.45421e-07;0.990649;9.24525e-10;1.27824e-07;9.10659e-08;2.08027e-07;1.23021e-06;2.25067e-06;1.05361e-06;2.6665e-08;1.21033e-05;4.73587e-06;0.00932014;7.70901e-06
1.90735e-06;0.00366202;0.000685945;7.99293e-08;3.82262e-06;5.59801e-08;1.2734e-08;0.0285575;2.1592e-08;1.14624e-08;5.49498e-08;0.966866;0.00022019;2.02475e-06
2.24776e-06;0.314666;2.01569e-08;4.70644e-05;0.000395467;0.014774;6.54424e-06;0.00258499;3.16816e-05;1.09606e-05;2.12409e-05;5.38155e-05;0.665874;0.00153183
3.74007e-05;0.00541999;0.406935;0.000163474;1.45945e-06;1.08269e-05;0.000684613;1.21654e-06;5.82361e-07;0.00179128;1.23517e-06;0.584627;2.61903e-05;0.000300515
1.99919e-08;8.36799e-08;0.999999;1.40009e-08;3.54689e-11;7.62991e-11;2.70471e-07;5.67003e-10;2.14471e-08;3.92636e-09;9.27677e-08;1.03723e-07;8.42279e-09;6.07532e-12
8.90145e-06;0.00768202;8.96247e-06;2.23152e-06;1.42362e-05;6.1163e-07;1.90213e-07;0.969833;8.46574e-05;1.29084e-07;0.00010896;0.0182198;0.00403504;1.69618e-06
9.3059e-09;0.996808;2.96493e-05;5.39134e-08;2.69959e-08;7.30913e-09;4.9533e-05;6.21371e-11;3.26108e-10;0.000111835;9.84685e-09;3.31934e-08;9.90815e-11;0.00300069
2.34602e-09;7.95309e-09;1;3.47862e-10;8.57401e-11;1.33227e-11;4.78307e-08;6.3529e-10;9.68894e-09;7.50097e-11;3.64689e-08;1.59808e-07;5.26601e-11;2.50524e-11
8.85565e-07;0.00748625;4.03898e-06;1.46944e-07;0.000167348;2.63758e-05;1.26256e-05;0.979451;4.76158e-05;1.42504e-06;2.37661e-05;0.000865755;0.0119108;1.79026e-06
1.03831e-07;5.96492e-05;7.20667e-10;2.71521e-08;6.15423e-07;1.60702e-07;2.53004e-09;0.994268;4.81004e-08;2.99888e-09;8.32922e-08;5.14071e-06;0.00566565;8.57457e-07
9.82933e-06;0.00249553;2.87276e-07;9.56664e-07;1.97134e-07;4.67498e-08;5.66394e-08;0.000183582;9.5347e-06;2.26624e-07;3.15707e-06;0.997213;6.20315e-05;2.20024e-05
3.05591e-06;0.999763;6.35483e-07;2.34694e-06;1.93627e-08;3.83326e-09;1.06288e-07;3.21016e-05;5.82452e-07;5.84311e-08;9.85853e-07;0.000175072;2.2051e-05;2.32717e-08
1.37435e-06;0.996238;1.39136e-08;6.04829e-08;2.61093e-09;4.76863e-08;7.12579e-07;1.27044e-06;9.18315e-09;1.16264e-07;2.07332e-07;0.00250328;0.00125426;1.89898e-07
1.20771e-05;0.462576;0.000190637;1.4441e-05;0.00212433;0.000808164;1.94431e-06;0.390909;1.81863e-07;2.14696e-05;9.26372e-07;0.128822;0.012585;0.00193374
5.4734e-06;0.0333404;8.56066e-06;0.000222341;0.000118019;0.033988;0.000273577;0.000572359;4.56756e-05;5.9448e-05;0.00111218;6.05359e-05;0.929833;0.000360052
3.16522e-06;0.000125245;0.998479;2.66848e-06;1.97699e-08;4.19743e-08;0.00107087;1.39207e-08;4.89596e-08;9.60639e-05;2.77514e-07;0.000220307;2.54841e-06;2.03855e-07
7.17145e-08;1.79908e-07;0.999997;7.45405e-08;1.82993e-10;1.60488e-10;2.79397e-07;1.59561e-09;1.43362e-06;1.98858e-08;5.69448e-07;8.22603e-07;4.37671e-09;3.36974e-11
7.32451e-07;0.999378;3.48297e-07;4.11887e-06;6.76471e-08;6.75964e-09;1.42214e-06;0.000512503;6.40314e-07;1.67212e-06;5.73954e-07;1.90326e-07;9.97353e-05;2.15384e-08
2.46081e-09;9.06052e-08;0.999999;4.32614e-09;2.62863e-12;4.77103e-13;1.17319e-08;8.98297e-12;1.58325e-09;4.88576e-10;5.35762e-09;4.14879e-07;2.16232e-09;7.40106e-12
8.89114e-08;2.89071e-06;0.00147107;4.79635e-07;3.28777e-07;8.32813e-08;3.93654e-08;0.000289827;1.25487e-05;5.62727e-08;3.66855e-06;0.998185;2.76579e-07;3.34941e-05
6.22672e-07;0.997945;1.34412e-09;4.15107e-07;1.23289e-07;5.41209e-07;2.6322e-06;2.00506e-05;5.59447e-06;2.48601e-07;1.23694e-05;2.54255e-07;0.00176053;0.000251074
1.8773e-07;0.00435502;4.06665e-09;2.15892e-07;8.85993e-07;1.44089e-07;3.54113e-09;0.000296454;3.4265e-09;1.7046e-08;3.19129e-08;0.995314;1.14098e-05;2.16411e-05
8.72419e-06;0.428511;3.09232e-07;3.20535e-06;0.00126326;8.84715e-05;1.74943e-06;0.100548;1.68868e-07;5.5359e-06;4.14862e-07;5.16392e-05;0.468288;0.00122952
3.14541e-06;0.00093108;3.42541e-07;8.40598e-06;2.23147e-07;0.000210416;8.85247e-06;5.75885e-05;3.49287e-06;1.03042e-05;2.33284e-06;0.000143935;0.998616;3.58435e-06
1.12022e-06;0.000394128;0.999516;8.26069e-07;1.57292e-07;1.25305e-07;1.9201e-06;1.1705e-08;3.73486e-09;6.30269e-05;4.06273e-09;2.10367e-05;2.66414e-07;1.09766e-06
3.05977e-05;0.000912017;0.987394;2.13421e-06;1.82099e-08;2.8223e-08;0.0111577;4.70864e-07;6.96729e-05;0.000387322;4.52773e-05;1.25457e-07;7.02327e-08;4.47149e-08
8.27272e-10;8.84874e-09;0.999999;3.39084e-10;1.01286e-10;4.17237e-11;3.27396e-08;5.7197e-11;7.41267e-10;1.17133e-10;1.09913e-09;3.4047e-07;2.27546e-07;1.81006e-12
6.00858e-07;0.000659067;0.0434854;2.99889e-06;6.47922e-05;0.000110137;4.52853e-06;3.92323e-05;4.14858e-06;3.96454e-06;1.54582e-06;0.867818;0.000102041;0.0877033
4.24178e-06;0.957997;1.87281e-08;2.28831e-05;5.90986e-05;5.47973e-05;2.90015e-05;0.0187176;3.50599e-05;4.96253e-06;8.9244e-05;0.000385941;0.0221727;0.000427072
1.11493e-05;0.0840877;8.78792e-08;6.90737e-06;4.90089e-05;1.75823e-06;1.48545e-08;0.00995423;4.54102e-09;1.63832e-07;7.8534e-08;0.904745;0.000996227;0.000147278
2.11379e-06;0.986415;4.31928e-12;4.61792e-07;0.000225693;1.14028e-05;1.48519e-06;0.00353913;6.31177e-09;1.5357e-05;4.11939e-09;8.30444e-08;0.00117836;0.00861059
2.62462e-11;2.78865e-13;1;7.73191e-13;2.41229e-13;6.07912e-14;8.82726e-12;7.61779e-14;2.85777e-13;1.58788e-12;2.21078e-13;9.80354e-11;1.24543e-13;2.78003e-14
3.26479e-08;4.48087e-05;1.94799e-08;8.25842e-09;6.96984e-12;1.42349e-09;0.998215;3.81886e-10;7.02914e-07;0.00173862;6.45176e-07;1.99533e-12;1.89433e-09;6.04897e-07
5.71655e-13;6.71224e-15;1;6.18029e-12;4.0992e-14;3.80902e-13;1.83635e-10;2.38444e-15;8.42512e-11;3.1017e-12;7.44475e-11;4.32583e-12;1.38141e-15;3.98274e-15
