4.36566e-05;0.185649;2.21795e-07;1.72437e-05;5.44855e-06;9.28269e-06;6.52226e-06;0.0157975;0.000109965;2.03323e-06;5.86756e-05;0.000253744;0.797335;0.000711869
1.07196e-06;0.00149012;8.11578e-07;7.17835e-07;2.08717e-05;1.46124e-05;1.90415e-05;1.13114e-06;2.62903e-08;6.91887e-05;3.49135e-08;4.35608e-10;2.01035e-06;0.99838
1.00185e-08;1.49207e-08;1;3.45115e-10;1.46111e-11;5.21428e-12;1.10041e-08;2.33361e-11;1.84763e-09;1.83144e-10;3.43967e-09;2.65676e-08;1.70401e-08;5.45011e-13
5.69228e-06;0.00326699;7.23899e-06;6.73048e-05;0.000285412;1.66698e-06;1.11178e-05;0.00150586;0.000169426;1.30024e-05;0.000623016;0.993381;0.000635475;2.66467e-05
2.21119e-05;0.282805;6.09611e-06;4.33838e-05;0.00178709;9.42826e-06;5.09284e-06;0.667303;1.8595e-05;7.28642e-06;0.00011088;0.000500279;0.0468994;0.000482569
4.46857e-05;0.124305;2.42199e-06;3.98269e-06;4.32119e-07;4.54899e-06;0.00100872;0.000767261;2.34342e-05;0.000103958;7.50575e-05;0.000185223;0.873474;7.76665e-07
5.66065e-09;1.02219e-07;0.999999;1.23778e-07;1.24152e-10;1.53359e-10;2.78782e-08;4.19028e-11;5.82743e-08;6.04847e-09;7.26592e-08;7.199e-07;1.07421e-08;1.91779e-10
8.42553e-06;0.035169;0.000150173;0.000274505;0.00019847;4.97519e-05;7.5535e-06;0.0430316;0.00183202;2.38452e-06;0.00045936;0.91752;0.00119115;0.000105226
5.69858e-07;0.980112;2.33715e-09;3.4969e-07;1.27381e-05;4.03383e-05;2.96617e-07;0.00238365;1.62757e-05;3.67067e-07;7.78326e-05;2.21197e-05;0.01733;3.02206e-06
1.76547e-06;0.17626;2.47732e-06;8.52936e-06;0.0257616;0.00154239;5.52571e-09;0.0258565;1.16781e-07;1.87468e-06;1.43712e-06;0.75857;0.0108841;0.00110882
1.9118e-05;0.782785;9.79733e-06;2.28553e-05;1.34194e-05;9.59037e-06;6.05494e-07;0.123541;6.35737e-05;5.13022e-07;4.14859e-06;0.000747839;0.0927817;8.79402e-07
1.73656e-05;0.964695;1.36223e-07;3.36443e-06;5.25339e-06;1.16429e-07;1.14178e-07;0.0052394;2.75511e-07;1.50762e-07;3.24444e-08;7.45246e-05;0.0299611;3.35572e-06
7.82202e-05;0.546784;1.15286e-05;0.000384937;0.00466688;5.72878e-06;5.35361e-06;0.023538;6.33347e-06;4.7839e-05;2.18109e-06;0.0283138;0.000823201;0.395332
0.000466629;0.637343;5.13043e-07;4.8671e-05;0.0189226;6.3255e-07;0.00030665;0.340389;2.57762e-05;8.93897e-05;2.89931e-06;0.00114699;0.00037182;0.000884987
0.000200185;0.00388643;0.754894;4.52668e-05;0.00468389;0.000135896;8.80927e-07;2.67365e-05;2.25832e-06;1.31025e-05;4.22362e-07;0.23349;0.0001536;0.00246759
0.000103687;0.196981;2.73623e-08;6.72283e-06;0.000544672;3.98387e-06;0.000258384;0.768085;0.0251278;3.83702e-07;0.00067525;0.00739756;0.000807408;8.5868e-06
0.000143305;0.656344;0.0040452;2.69885e-05;0.00325082;0.000429126;3.76022e-06;0.000144717;9.02376e-07;3.44577e-05;1.37032e-06;0.00535559;0.328474;0.00174567
4.03416e-06;0.00438149;2.67839e-08;5.9096e-06;3.74457e-05;2.10556e-05;6.30477e-07;0.00438701;0.00127076;2.35058e-08;3.70135e-05;0.982587;0.00719905;6.82741e-05
2.84361e-06;0.469517;5.23074e-06;1.4135e-05;0.000151782;2.15077e-05;1.73557e-07;0.0127796;2.59973e-06;6.31715e-07;1.07842e-06;0.00148819;0.515992;2.30191e-05
7.51461e-06;0.0053047;9.18875e-07;4.98291e-05;0.000697152;0.000343763;1.3038e-06;0.0417653;3.02432e-05;5.6039e-06;7.12742e-05;0.353307;0.598224;0.000190909
0.000254102;0.409841;1.27383e-05;1.10503e-05;2.49362e-05;3.13707e-05;0.000166939;0.177397;0.00376876;9.13532e-06;0.00118406;0.000338143;0.406957;3.54523e-06
0.000235107;0.00022991;1.02645e-05;7.34193e-07;5.49551e-06;3.8211e-08;8.21897e-07;0.998933;0.000248825;2.56963e-07;8.33726e-06;0.000239989;8.75936e-05;5.35878e-08
1.66789e-06;0.983144;9.80238e-09;5.54291e-06;0.000893036;3.11563e-07;7.1747e-08;0.000563688;3.24161e-07;6.93298e-06;6.13185e-08;0.000396893;1.03408e-07;0.0149875
0.00019645;0.000441551;0.00223586;0.000272323;0.0108397;0.00121574;2.99541e-06;0.0011948;2.76556e-05;5.33188e-05;9.42239e-05;0.97915;0.000117935;0.00415771
1.61197e-05;0.871199;1.37429e-09;2.13703e-07;1.35396e-06;8.58155e-07;4.21201e-05;0.104213;1.27808e-06;4.07215e-07;3.29828e-06;1.32505e-09;0.0245209;1.19494e-06
1.10237e-09;8.95507e-10;1;9.5333e-09;7.32525e-10;5.20175e-10;5.33801e-10;9.25622e-11;1.12942e-10;2.7006e-10;1.32201e-09;2.66553e-08;3.31382e-10;2.15195e-11
3.32516e-06;0.00146069;0.0439377;1.77518e-05;5.48518e-05;3.58614e-05;6.29753e-07;0.000703215;9.13376e-06;2.10731e-07;6.10733e-06;0.953495;4.82081e-05;0.000227621
5.83822e-06;0.772653;8.41728e-07;2.29161e-06;0.000831272;0.00106679;1.98875e-06;0.0136023;2.12582e-05;1.45249e-06;6.457e-05;1.54266e-05;0.211722;1.14981e-05
7.275e-06;0.164778;3.19617e-05;3.47928e-05;0.193708;0.00656277;8.85738e-08;0.0710655;2.77013e-07;5.5861e-06;6.88935e-06;0.465784;0.0745463;0.023469
5.69302e-06;0.498781;1.51602e-06;3.81037e-05;0.000356452;0.000148461;5.25958e-07;0.0695261;4.91938e-06;6.89758e-07;7.68482e-06;4.80987e-05;0.431072;9.5275e-06
6.47388e-09;0.999997;1.40052e-09;5.07983e-09;1.91952e-09;8.37722e-10;1.1054e-08;8.95068e-07;2.69793e-11;6.02958e-08;8.5518e-12;1.02241e-09;1.34524e-06;1.6846e-07
2.25676e-10;4.57002e-10;0.999999;3.47358e-09;4.12431e-10;4.50784e-11;3.25409e-11;4.02473e-11;5.63503e-11;3.79182e-11;5.05035e-11;5.9159e-07;1.14004e-10;8.4678e-14
1.41976e-06;0.0133467;9.00794e-08;1.14096e-07;2.55581e-05;5.22049e-07;2.54202e-07;0.986158;3.67185e-07;1.36315e-07;1.1518e-06;0.000346082;0.000114848;4.82945e-06
2.02357e-08;0.000147787;9.30208e-09;1.67474e-08;4.11081e-10;2.94293e-08;0.997823;1.03341e-08;1.20977e-06;0.00202652;1.30217e-06;6.7622e-10;1.77233e-07;6.75398e-08
6.80062e-11;8.1936e-12;1;6.03419e-10;7.68707e-13;1.5589e-10;5.7161e-09;1.30761e-13;9.03228e-09;1.1101e-10;5.03071e-09;7.89384e-11;1.50584e-10;6.09328e-13
1.01928e-06;0.997407;6.81154e-06;5.2519e-07;7.69067e-08;2.11528e-08;1.41495e-06;0.0021463;5.115e-08;9.04846e-07;5.19418e-08;1.40871e-06;0.000434406;6.87063e-08
1.52753e-06;0.00596331;2.21691e-08;1.89136e-05;8.26441e-06;8.01898e-06;1.16335e-07;0.00344999;3.22677e-06;6.20258e-07;9.10628e-06;0.000152182;0.990384;5.21013e-07
0.000786939;0.943031;0.0012083;0.0202564;0.000158762;2.99607e-06;0.000209374;0.000598429;0.0008246;0.000132475;0.00274181;0.010295;7.54787e-06;0.0197458
0.000542848;0.990511;3.92338e-05;3.14345e-05;1.27196e-07;8.59267e-08;0.000123632;0.00240764;0.000129324;9.95602e-06;0.00031938;0.00346109;0.00242397;2.11665e-07
8.97911e-08;4.15266e-06;1.85279e-09;8.84573e-07;0.000413953;4.70864e-06;1.15434e-09;0.999557;2.70692e-08;1.76026e-06;5.46768e-08;7.45572e-07;1.15786e-05;5.24138e-06
9.41814e-08;2.2862e-06;0.999978;6.38759e-06;8.22602e-07;3.11481e-07;6.51051e-10;3.2451e-09;1.11214e-09;6.88592e-07;1.60381e-06;9.58166e-06;3.3229e-07;1.10958e-07
4.91008e-06;0.000468252;2.1057e-06;4.13934e-05;4.69833e-07;6.86008e-06;9.33737e-06;0.000422163;0.000310429;3.33916e-06;0.993536;4.41606e-06;0.00519011;6.26747e-08
