3.74974e-12;2.73329e-12;1;1.1371e-11;1.14241e-13;6.79257e-13;2.03091e-11;7.89932e-14;5.72217e-12;1.81464e-12;7.47777e-12;7.84947e-11;5.70942e-12;1.78439e-14
1.56843e-10;1.41826e-09;0.999994;7.24672e-09;4.00928e-09;6.71053e-09;1.84026e-10;3.62019e-08;2.40969e-09;4.1992e-11;1.56223e-09;6.08875e-06;1.80067e-09;2.86204e-08
7.76484e-08;8.06482e-06;1.06312e-05;1.90498e-07;0.00223021;0.00157635;2.04969e-09;5.18197e-06;1.79876e-07;1.80248e-08;1.78597e-07;1.87067e-06;4.6985e-06;0.996162
7.01504e-10;0.999942;7.15874e-11;2.05745e-11;2.55736e-09;3.45367e-09;2.08083e-09;6.30296e-09;1.67839e-14;1.95289e-09;8.42063e-13;2.36036e-10;2.45943e-07;5.82033e-05
1.00367e-12;2.80221e-11;1;2.57266e-13;1.67382e-11;4.15458e-11;2.15126e-13;4.76343e-12;3.80974e-15;1.19415e-13;2.56029e-15;2.36606e-08;1.84047e-11;2.75273e-12
1.18989e-07;0.0845909;1.02957e-07;4.66351e-06;8.22686e-06;0.000222796;3.01647e-06;0.00926914;2.21878e-06;1.85269e-07;4.95545e-06;1.80837e-07;0.905891;2.44463e-06
3.45402e-06;0.160099;5.82302e-07;2.61e-06;1.24569e-05;9.3894e-05;5.36087e-09;0.821503;3.85111e-08;1.30865e-06;8.46184e-08;7.86561e-06;0.0182259;5.0128e-05
3.46517e-08;0.000979739;2.56519e-06;3.11373e-06;4.18398e-06;1.05126e-06;7.13805e-09;1.04634e-06;7.9194e-09;1.08617e-07;7.85202e-07;0.998961;4.01673e-05;6.37787e-06
6.54224e-05;0.880973;7.93186e-05;1.95221e-05;0.000342985;1.75435e-05;6.15962e-05;0.0846866;1.9782e-05;2.09728e-05;0.000301223;0.00359118;0.0295299;0.000291056
0.000310964;0.122015;0.00571575;4.05304e-05;0.0408541;3.43643e-06;8.72803e-06;0.00276891;0.000198349;3.11528e-05;0.000122074;0.815213;0.00238138;0.0103362
0.00045061;0.0700996;0.000169915;1.2055e-05;0.00822772;2.18296e-05;1.26144e-05;0.893515;0.02608;7.4848e-06;2.32029e-05;2.33477e-05;0.000458825;0.000897446
0.00396029;0.00610982;0.000277941;2.54816e-05;0.029054;0.00163152;0.00013539;0.847319;0.0871506;9.92276e-05;3.75319e-05;0.00621324;0.0154088;0.00257736
0.000195738;0.00269758;3.8752e-08;9.51796e-07;5.161e-05;2.60412e-07;8.62693e-09;0.837983;5.9121e-05;7.14812e-09;2.63141e-06;0.15605;0.00295956;1.90304e-07
6.07471e-09;0.999999;1.2148e-12;5.5765e-11;1.24986e-10;1.42709e-12;6.06134e-08;3.00638e-07;3.43814e-12;5.97883e-08;4.26761e-12;3.65055e-12;2.97539e-07;3.38015e-07
4.7777e-11;2.19364e-11;0.999999;3.10274e-10;6.41493e-11;4.80775e-11;1.48836e-10;1.47457e-11;4.60872e-12;4.97683e-10;1.18142e-12;7.70373e-07;7.71629e-12;8.90862e-12
0.000121107;0.638412;0.000305102;0.01714;0.000625442;0.0021174;0.226703;0.0168606;0.0340272;0.000382445;0.036852;0.0013652;0.0239461;0.00114254
2.19107e-05;0.990537;0.00907614;0.000143052;3.19762e-06;6.745e-07;4.04451e-06;3.39132e-05;4.51817e-07;6.3863e-06;1.43884e-06;2.03271e-05;0.00013123;2.01764e-05
8.40885e-05;0.0193602;7.06251e-05;1.78431e-05;0.000197896;1.84978e-05;2.37488e-06;0.139274;5.28034e-05;1.89319e-06;0.000768884;0.827354;0.0127913;5.59475e-06
7.82037e-06;0.41668;7.8612e-07;1.62115e-05;0.000664256;0.000788527;0.000267934;0.0931119;7.8606e-06;0.000189722;4.91278e-05;0.00393948;0.484187;8.95584e-05
0.000111252;0.00104349;6.07142e-08;8.85188e-05;1.04856e-05;5.90427e-06;6.83429e-05;0.028919;0.00039874;7.25935e-06;0.00125206;0.00036553;0.967722;7.26787e-06
0.00181527;0.130394;1.59934e-05;0.0001221;2.5578e-06;2.07353e-06;3.81916e-05;0.00679202;0.000913515;3.99632e-05;0.000303021;0.857319;0.00221849;2.42345e-05
3.3519e-05;0.82326;8.6415e-07;1.38837e-05;3.007e-05;9.28249e-07;1.09666e-06;0.0709137;4.07342e-06;1.61037e-06;7.85645e-06;0.105344;0.000382133;5.58213e-06
1.50436e-05;0.0114081;7.14646e-08;8.18835e-06;3.4947e-07;2.05898e-06;5.37616e-06;0.000115515;6.46098e-06;3.80457e-06;0.000176564;0.000333189;0.987925;1.20102e-07
0.000351802;0.140468;0.826693;0.00116305;0.000789125;4.97716e-05;7.18146e-06;6.89946e-05;3.13545e-06;0.000547031;6.24069e-05;0.01823;0.000962437;0.0106047
1.12278e-06;0.00902647;1.50919e-10;1.44147e-08;1.59064e-10;1.4834e-08;0.984165;2.72718e-08;1.57278e-07;0.00679829;6.07139e-07;9.6926e-11;1.61231e-06;7.26149e-06
7.70567e-13;2.36476e-13;1;4.80427e-12;2.43579e-14;2.15538e-13;1.72311e-11;3.46453e-14;6.3736e-12;3.34235e-12;2.50811e-11;2.96059e-11;2.49001e-14;7.98552e-16
