3.03048e-06;0.0341364;4.93922e-09;3.13717e-06;1.44593e-06;5.90904e-06;2.63477e-07;0.000259471;1.64179e-06;1.9425e-07;2.03221e-06;4.39268e-06;0.965571;1.08463e-05
6.89886e-06;0.000350511;0.000242629;5.38574e-05;7.34619e-05;0.000254492;5.55954e-07;0.0202123;1.42567e-07;6.92773e-06;1.24061e-06;0.97441;0.00434597;4.08533e-05
1.51923e-05;0.990855;2.04588e-05;1.21662e-05;5.63493e-07;1.5278e-06;3.5639e-06;0.000600308;1.17561e-05;3.36681e-07;1.7838e-05;3.21629e-05;0.0084256;3.69221e-06
0.00173622;0.135644;0.0418258;0.0191935;0.074956;0.00484799;0.0024469;0.0636579;0.0152426;0.00538049;0.0616168;0.0863176;0.0908058;0.396329
0.000956854;0.898576;4.27345e-07;0.000782227;0.00137804;0.00034638;0.000824165;0.00674265;0.000953088;0.000268279;0.000871821;0.00288933;0.0848079;0.000603173
5.17877e-05;0.0248039;1.01429e-07;9.41994e-07;2.25489e-06;1.09723e-06;1.12066e-06;0.102868;3.71667e-06;8.98916e-08;7.97935e-06;0.00129811;0.87096;4.68102e-08
2.70426e-05;0.0742888;7.42455e-08;0.000436108;1.57273e-05;0.00146452;7.85735e-05;0.00631624;0.00252413;3.25461e-05;0.000655492;3.39393e-05;0.913925;0.000201707
7.94721e-05;0.0092502;0.0979825;0.0126457;0.00827963;9.17041e-05;6.72967e-06;0.00502379;8.99687e-06;0.000114371;1.49852e-05;0.864563;0.000274696;0.00166436
0.000138767;0.0771514;4.01926e-05;0.000509983;1.95085e-06;4.91569e-05;0.814673;0.00920501;0.0004188;0.00602034;0.0141603;4.48883e-09;0.0776285;2.31639e-06
6.47334e-10;4.23966e-11;1;3.01084e-08;1.42062e-10;5.34579e-10;6.87302e-09;1.82062e-11;5.67548e-10;7.48216e-10;1.92806e-08;2.3577e-07;2.98739e-11;2.99855e-11
3.68025e-05;0.947542;0.000110009;0.000312538;0.000107221;6.83871e-05;0.000228382;0.000591099;0.00108188;7.21655e-06;0.000644234;0.048439;0.00021;0.000621022
8.23938e-06;0.81827;4.761e-09;7.59294e-07;4.3606e-05;0.000160157;5.47939e-07;0.0386743;8.08664e-07;5.01886e-07;3.38348e-06;7.99141e-06;0.142808;2.20073e-05
7.73438e-06;0.0915023;3.89697e-05;2.81678e-06;0.00101421;0.000230489;4.80874e-07;0.00131653;1.73627e-07;7.09021e-07;6.24854e-06;0.889054;0.0148932;0.00193244
0.000159369;0.525914;3.65939e-05;6.97491e-05;8.78481e-05;0.00028549;1.11947e-05;0.420517;0.00863856;8.03872e-07;0.000651713;0.00718804;0.0362175;0.000221755
9.12282e-07;0.00209723;1.2648e-08;1.01694e-08;2.30996e-06;2.09809e-07;2.45146e-10;0.997889;1.14875e-08;7.27982e-09;3.37055e-10;3.4377e-07;7.69056e-06;1.83171e-06
8.46077e-08;0.00433086;9.32504e-06;1.0205e-06;0.000123036;3.34339e-06;2.28726e-10;8.426e-05;4.19427e-09;2.77296e-08;3.79662e-08;0.994779;2.68652e-05;0.000642455
4.65049e-07;0.993864;7.36538e-07;3.13983e-06;9.13683e-06;5.65903e-07;4.16402e-06;0.00579309;2.10817e-06;2.87602e-06;2.6338e-05;4.30344e-06;0.000285059;4.11919e-06
8.47072e-07;4.29463e-05;5.76999e-07;2.00903e-05;0.954607;0.0247783;2.89435e-07;0.000631416;4.45537e-06;2.49728e-05;3.29217e-06;0.00142256;9.43929e-05;0.0183692
0.00114727;0.919766;3.64586e-07;8.96117e-06;2.59855e-06;2.53317e-07;7.88477e-06;0.0746131;0.00178104;5.30814e-07;3.75108e-05;2.66146e-05;0.00260758;1.41207e-07
4.39118e-06;0.0981373;2.2618e-09;5.51196e-07;0.000346623;7.55659e-05;2.66905e-07;0.899041;1.71051e-05;3.20329e-06;1.21716e-07;7.06582e-07;0.00236212;1.11413e-05
2.96653e-09;1.90529e-10;1;1.81072e-09;8.36043e-11;3.17706e-12;8.06646e-10;2.33402e-10;3.93027e-10;3.76451e-10;5.53066e-10;5.86602e-08;5.6533e-11;7.45751e-13
3.15698e-07;8.03166e-06;5.26213e-05;1.15795e-06;7.33397e-05;1.08415e-07;1.3586e-08;0.00129695;4.81933e-06;1.28955e-08;9.15301e-07;0.99856;9.22473e-07;5.84408e-07
3.77644e-05;0.957707;2.00666e-07;1.03336e-05;0.000433666;0.000119593;7.41393e-05;0.0200797;0.000576007;5.05085e-06;9.20841e-05;3.58799e-06;0.0208275;3.35486e-05
0.000200256;0.000684922;0.000834777;0.00250286;0.969325;0.0126469;2.04487e-05;0.000148373;0.000162316;4.6849e-05;3.12729e-05;0.00948487;0.000574131;0.00333685
1.19843e-05;0.879001;2.46459e-10;5.82615e-08;2.32441e-05;3.93484e-08;1.21621e-09;0.120701;1.13348e-07;1.77029e-09;3.9319e-10;1.04382e-06;0.000260979;6.52179e-08
5.44165e-06;0.598151;0.0134101;2.74903e-05;3.14835e-05;6.649e-05;4.19668e-09;6.04459e-06;2.90916e-09;1.17996e-06;1.20739e-08;0.17393;0.214326;4.61323e-05
8.39806e-05;0.0844953;5.29555e-06;3.06682e-06;4.33195e-05;4.66566e-06;1.17648e-07;0.793294;8.46006e-06;2.58458e-08;5.10383e-06;0.104369;0.0166428;0.00104488
2.54303e-05;0.0974438;5.37117e-05;9.93272e-06;0.0864164;0.00222193;2.75979e-06;0.473956;1.21994e-05;5.40807e-06;3.47195e-06;2.12824e-05;0.00979492;0.330033
3.39785e-05;0.345746;9.49983e-09;8.28762e-08;7.40431e-07;2.56522e-06;1.34693e-06;0.047326;2.59501e-06;9.06271e-08;4.67509e-07;2.58889e-05;0.606852;8.50319e-06
1.12345e-07;6.87392e-08;1;3.13631e-09;1.28406e-10;1.55603e-10;1.29232e-09;7.21334e-09;3.6012e-09;2.35477e-10;3.01463e-09;1.28476e-07;1.9524e-08;1.39435e-09
2.94129e-09;3.55816e-06;9.01243e-07;2.57824e-09;1.61494e-07;1.51563e-08;3.31895e-10;9.3238e-07;3.33234e-10;1.48008e-09;1.07621e-10;8.35814e-07;1.2176e-08;0.999994
4.03642e-08;7.31614e-06;2.5235e-10;1.31911e-08;0.000651985;7.6386e-07;6.86254e-08;0.999338;1.05561e-06;2.7362e-09;1.75704e-08;2.86919e-07;2.01597e-08;7.07291e-07
9.1029e-11;4.39211e-08;1;5.09318e-10;1.46369e-08;1.00382e-09;2.55497e-11;2.30216e-11;4.88755e-14;2.72617e-11;1.33815e-11;5.76638e-08;3.00695e-10;8.11579e-10
1.45679e-08;0.999958;1.38839e-09;8.57549e-09;1.87257e-08;3.32073e-09;2.51991e-08;1.30641e-05;1.64394e-08;8.95416e-11;5.96418e-08;2.51632e-07;2.80503e-05;3.32761e-07
3.61135e-08;0.000236406;0.999737;8.10358e-08;1.65855e-07;1.37241e-08;9.96691e-09;1.05524e-07;5.02715e-08;1.04762e-08;4.33758e-09;1.98737e-05;2.97799e-06;3.59064e-06
1.55396e-08;0.999647;1.56092e-08;7.09228e-10;6.49633e-07;1.65142e-08;1.06747e-07;0.000345475;1.43359e-09;5.5151e-08;2.57165e-11;9.5959e-08;4.51176e-06;1.72716e-06
1.2515e-08;0.000208896;2.44472e-09;2.61345e-07;9.28176e-07;0.000288844;5.07656e-07;4.64527e-06;2.95565e-08;3.36587e-07;5.61096e-09;2.07316e-06;0.999314;0.00017969
2.81185e-08;4.09375e-06;0.999123;3.23845e-07;1.22324e-08;4.98465e-08;3.30925e-06;2.48731e-10;4.02923e-10;0.000144387;4.28557e-10;0.000724158;1.1795e-08;6.40941e-07
1.51416e-07;5.95501e-07;0.999963;3.63159e-06;1.40101e-08;1.12756e-07;1.91676e-05;8.36307e-09;2.18528e-06;9.31141e-07;1.02079e-05;2.48612e-07;1.13215e-07;1.88506e-09
1.04811e-05;0.981684;0.000226691;0.000145352;2.22858e-06;1.05663e-06;1.11551e-05;0.000732152;9.42428e-07;9.56708e-06;1.50438e-05;0.0153916;0.00176904;4.26591e-07
8.74663e-07;0.453871;3.43856e-08;5.7272e-07;3.29544e-08;1.65419e-07;1.97864e-07;1.30501e-05;2.16394e-08;7.73908e-08;3.598e-06;8.16981e-05;0.546028;1.57981e-06
8.70325e-08;0.0145304;3.24681e-10;4.44974e-07;5.94404e-08;2.49881e-06;0.979441;6.0025e-07;9.59285e-07;0.00506983;1.94746e-06;1.80379e-07;8.342e-07;0.000951166
6.76595e-08;5.4078e-08;0.999988;1.4228e-06;5.72216e-09;1.10653e-07;4.69647e-06;5.62216e-07;4.73497e-07;5.40715e-08;1.37896e-06;9.24925e-07;1.9296e-06;1.01957e-10
2.15313e-06;0.99947;0.000148263;2.35455e-05;1.81074e-06;5.86837e-08;6.8692e-07;0.000246037;1.33455e-07;4.53965e-07;3.74058e-07;2.93594e-05;7.69799e-05;5.02961e-08
7.34774e-06;0.118971;5.30188e-09;8.84364e-06;3.61913e-05;2.01748e-05;2.07406e-06;0.0542458;2.41068e-05;1.44235e-06;8.95064e-05;0.000190719;0.826403;5.01527e-07
4.82028e-05;0.196866;0.000306729;0.000289591;0.0396362;0.000369868;2.58505e-07;0.00201671;1.70635e-07;3.85035e-05;6.85534e-06;0.741646;0.0179189;0.000856344
9.8851e-05;0.824284;5.79392e-08;0.000372829;7.36806e-05;6.84004e-06;0.137637;0.00547084;0.000253902;0.0309397;0.000442266;2.31756e-05;0.000144184;0.000252541
7.84101e-08;4.40974e-08;0.999999;1.84588e-07;5.56665e-10;1.53891e-09;2.22621e-07;1.44332e-08;1.25525e-07;1.62464e-09;1.5575e-07;1.798e-08;6.53173e-08;5.96648e-12
1.04974e-06;9.82401e-05;1.87631e-07;2.78934e-07;2.1333e-07;9.17672e-08;1.61624e-08;0.999883;1.19364e-06;6.00441e-09;1.63975e-07;1.12119e-06;1.42456e-05;1.01254e-08
2.74819e-07;7.51046e-06;4.6231e-05;3.14312e-06;4.46525e-05;3.35183e-05;4.48134e-11;4.55861e-06;1.92079e-06;7.8813e-09;4.21541e-07;0.998993;2.10963e-07;0.000864366
0.00151725;0.00375747;6.12757e-07;4.95968e-06;6.93944e-05;0.000984796;7.0757e-07;0.00150569;0.000142745;8.61389e-07;1.99076e-05;5.2531e-05;0.991898;4.46923e-05
3.97437e-05;0.00378482;1.22927e-05;1.08402e-06;7.41424e-05;9.46118e-08;1.26902e-10;0.00256803;2.03618e-05;3.93049e-09;8.50926e-07;0.993224;3.61489e-06;0.000270523
9.94824e-05;0.0731365;7.66132e-08;4.23077e-06;0.0151161;1.26571e-06;1.82601e-10;0.909158;7.51999e-06;1.36887e-07;2.78784e-08;4.10673e-06;1.16553e-05;0.00246078
6.56923e-07;0.000103674;2.54372e-10;1.80796e-09;2.09941e-06;9.50358e-10;4.93804e-12;0.999875;4.51217e-09;3.36742e-09;3.89538e-11;5.5425e-08;1.80332e-05;4.97504e-10
4.86579e-07;0.000401244;0.999471;2.96063e-06;1.77472e-05;2.40023e-06;4.17808e-10;6.74251e-07;3.14593e-10;2.12244e-05;2.97171e-09;7.28969e-05;8.77408e-06;2.2226e-07
4.78437e-05;0.918341;0.00839571;8.12701e-05;3.03146e-05;3.37517e-06;1.43027e-05;0.0390572;0.000698521;7.66059e-06;0.000688381;0.0311442;0.000216924;0.00127307
