8.44629e-08;0.00107587;2.14576e-06;1.3628e-07;7.55803e-08;2.22705e-07;3.2176e-11;1.98141e-09;9.48623e-11;1.27914e-09;1.09969e-08;2.96716e-05;0.998892;5.7892e-09
1.49541e-07;0.000590063;7.48534e-09;8.411e-08;1.60845e-06;5.38203e-09;1.80407e-09;0.999262;1.44529e-07;1.05295e-08;4.90371e-07;0.000142889;1.24479e-06;1.36986e-06
1.36378e-08;5.50661e-05;0.999775;4.72502e-07;0.000109468;2.61918e-06;5.40318e-11;8.98835e-07;9.9383e-12;2.55506e-08;1.05628e-09;3.201e-05;1.46871e-06;2.28454e-05
1.8118e-06;1.76549e-05;2.70249e-09;4.54506e-08;1.54645e-07;0.000155682;1.05459e-06;1.91118e-06;2.88887e-05;2.78145e-08;2.53566e-05;8.17328e-08;0.999766;1.16461e-06
2.21011e-06;0.00724945;0.990894;3.51729e-07;8.55867e-07;1.25667e-07;7.67129e-08;9.92325e-07;7.70305e-09;8.69392e-07;1.87739e-08;0.00184755;8.61024e-07;2.32077e-06
9.33769e-07;0.963998;1.28147e-08;1.0175e-06;8.67925e-07;3.52014e-07;3.08334e-06;0.0334409;3.31031e-06;1.17899e-07;2.19952e-06;0.000165859;0.00237032;1.33789e-05
6.24515e-06;0.0191242;2.30952e-09;0.00040181;0.000103214;6.99247e-06;7.18635e-07;0.907616;0.00169911;4.00123e-06;0.00427706;0.0662885;0.00045972;1.20314e-05
3.5357e-06;0.237885;6.15903e-05;4.59727e-05;5.82859e-07;3.91665e-06;2.30867e-07;7.19569e-07;4.56304e-08;6.36435e-06;2.05497e-05;0.00361854;0.758348;4.63978e-06
0.000435666;0.0209102;6.63886e-05;3.93538e-05;3.49013e-06;2.87709e-07;0.000472488;0.00139871;0.00402737;1.75163e-06;0.0398773;0.930063;0.00180094;0.000903459
2.5883e-06;0.00474084;9.24529e-07;6.53822e-07;0.0121411;1.03098e-06;5.80931e-08;0.981278;6.5318e-08;1.01845e-06;6.51596e-08;2.37373e-05;9.89314e-06;0.00179961
0.000131291;0.00748666;9.53075e-07;7.75548e-06;3.07634e-05;2.86742e-05;6.19048e-05;5.70353e-05;0.000503577;1.24069e-06;0.000411378;0.00260468;0.988672;1.93731e-06
0.000360014;0.0916322;0.89513;1.4497e-05;3.8575e-06;1.03341e-06;0.000121499;3.58944e-07;8.02467e-07;0.000290875;9.9926e-07;0.000232281;1.71717e-05;0.0121939
7.69535e-07;3.07469e-07;0.999871;2.79174e-08;7.30165e-09;2.83731e-08;4.07248e-07;3.52638e-08;4.18773e-07;1.94985e-08;2.03694e-06;0.000120582;4.61522e-06;1.91622e-09
2.77504e-07;0.0087905;2.73694e-08;2.6289e-06;3.91094e-07;5.33918e-06;6.77739e-06;0.00107222;2.80893e-05;1.40369e-07;0.000130006;3.41862e-05;0.989929;3.6553e-07
1.203e-06;0.10745;0.88307;4.87004e-06;0.000124024;1.10908e-07;3.41338e-08;0.00265904;9.85383e-09;6.60616e-07;1.68759e-07;0.00636222;5.13695e-05;0.000277049
7.81148e-06;0.479106;6.35841e-07;3.81275e-05;3.91883e-05;0.000506021;0.0012191;0.195089;0.000121332;0.00157305;0.000565598;5.23663e-07;0.320932;0.000801788
3.51317e-10;6.92365e-11;1;1.15131e-08;1.19085e-10;1.77133e-09;8.46052e-09;6.17131e-13;8.78572e-10;4.31276e-09;6.42114e-09;1.87434e-07;5.06029e-10;2.38667e-11
1.86757e-06;9.63713e-05;0.99939;1.41644e-05;5.22961e-06;3.0673e-06;5.43781e-06;0.000424391;3.71643e-05;1.10723e-07;8.22534e-06;8.53409e-06;5.04201e-06;8.48536e-07
1.63754e-06;0.000675853;0.00213255;4.14175e-06;0.000517861;0.00103774;3.26392e-09;2.13707e-05;5.16332e-07;2.87322e-06;5.38095e-08;0.000713942;1.36112e-06;0.99489
1.16121e-05;0.000374154;5.44523e-09;7.20858e-08;9.81101e-07;1.61959e-06;2.1996e-08;0.999012;1.97419e-06;9.02805e-09;1.13029e-06;2.47156e-06;0.000593179;8.78175e-07
2.65247e-07;0.0107258;5.31541e-10;7.93793e-08;3.27496e-06;3.70758e-08;1.58724e-08;0.989043;2.62253e-06;3.58525e-08;3.79306e-07;1.33425e-06;0.000223311;1.2678e-07
1.17262e-07;0.99952;2.97495e-09;2.32117e-08;3.67884e-09;1.86578e-10;3.21148e-08;2.33994e-06;2.0019e-10;7.26155e-08;6.34899e-09;0.00040683;7.08255e-05;1.85668e-09
5.94116e-06;0.00636644;1.08421e-08;6.67045e-07;9.28582e-06;5.11774e-06;8.56511e-08;2.34419e-06;1.23923e-07;3.11867e-07;2.88098e-06;0.992973;0.000605062;2.86592e-05
1.91583e-05;0.999198;0.000743682;3.50897e-08;3.21866e-08;6.18992e-11;3.02705e-05;2.92136e-07;2.66283e-08;5.93007e-06;7.8731e-09;3.74915e-07;2.40038e-08;1.98579e-06
8.76085e-11;6.39722e-14;1;1.04108e-12;1.26696e-11;3.7964e-14;6.58947e-12;1.65345e-10;6.2481e-11;8.21412e-13;1.14667e-12;4.08772e-10;1.36502e-13;6.47707e-14
9.42481e-07;0.000227237;3.58714e-07;2.32766e-07;5.3323e-06;2.59575e-06;2.8934e-09;0.981695;3.90909e-06;2.66818e-08;3.36187e-07;4.59038e-05;0.0180178;7.69621e-07
8.87272e-07;0.000102161;4.02577e-08;1.07716e-06;1.39314e-06;4.13412e-07;1.35156e-08;0.99855;4.64437e-06;1.0787e-08;1.0273e-06;1.40043e-05;0.00131909;5.21899e-06
1.10962e-05;0.000126887;1.15809e-06;5.84403e-06;4.95973e-07;6.52341e-08;2.50577e-07;0.000169594;6.52892e-05;1.42268e-07;3.31062e-05;0.999539;4.41779e-05;3.10715e-06
5.40655e-07;0.99718;2.62868e-06;5.2572e-07;3.83816e-08;6.95015e-08;4.54322e-07;0.000240272;2.14065e-09;3.52378e-07;1.82335e-08;1.82189e-08;0.00257545;7.55861e-08
5.46346e-09;7.37786e-08;0.999993;1.23235e-07;3.12125e-10;9.25164e-09;3.66584e-08;4.59235e-09;2.14673e-09;2.1467e-08;1.02325e-08;6.66666e-06;1.06015e-07;3.04491e-09
3.37279e-09;1.69936e-08;0.99976;7.55487e-07;1.29574e-07;1.56212e-07;2.0875e-09;1.54807e-05;1.16388e-07;1.15178e-09;8.49913e-08;0.000220856;2.62474e-10;2.73613e-06
4.22763e-08;0.000611586;5.56704e-06;1.35353e-07;6.98667e-05;0.00389397;6.50891e-10;5.60132e-06;4.62602e-09;3.52753e-08;1.45449e-08;2.73519e-07;1.75786e-05;0.995395
5.08795e-08;3.14741e-05;1.87128e-09;2.92393e-09;4.42918e-07;8.20415e-08;3.49712e-11;0.00107701;4.03848e-10;5.36783e-11;7.54336e-08;3.99001e-07;0.99889;4.4411e-07
6.65242e-05;0.648172;5.93154e-06;2.02394e-05;0.000109761;4.25474e-06;1.92486e-07;0.0213819;7.50273e-06;8.71096e-07;1.17404e-05;0.0432832;0.285938;0.000998527
1.18377e-05;0.90952;3.4494e-07;1.6382e-05;6.78173e-05;3.84623e-06;1.83564e-06;0.0054188;1.6119e-06;1.06717e-06;8.45799e-05;0.0447811;0.0400729;1.79286e-05
0.000160046;0.306235;0.00199527;7.80632e-05;0.00177935;0.000462432;1.73001e-06;0.560913;1.16959e-06;2.32017e-05;5.28863e-05;0.0445213;0.0791963;0.0045798
5.89715e-06;0.00445634;5.89706e-06;0.00427948;0.00620393;0.328379;4.18438e-05;1.99589e-05;4.73491e-06;8.44338e-05;0.00374031;0.000275821;0.551888;0.100614
6.93469e-05;0.0105331;0.964047;1.01066e-05;2.31177e-05;5.58994e-07;8.38732e-07;0.000869799;8.17226e-08;6.94168e-07;2.15116e-06;0.00847911;0.0159618;2.68981e-06
6.60181e-05;0.216425;1.33087e-06;4.6343e-05;0.000328174;0.000152213;2.09025e-05;0.631939;0.000150046;4.90714e-05;0.000138678;0.00340379;0.145659;0.00161971
9.29588e-05;0.0192335;4.46228e-07;0.00244583;0.00956056;0.00104113;1.07496e-05;0.887438;0.000161067;4.43347e-05;0.000445451;0.00141243;0.0780733;4.06237e-05
0.000158799;0.997755;0.00105772;0.000337497;2.0394e-07;1.99236e-07;5.82553e-05;6.03154e-05;3.09669e-06;2.65577e-05;1.65153e-05;2.09266e-05;0.000210375;0.000294054
1.59112e-05;0.994279;8.70567e-10;4.84303e-05;7.42255e-07;6.15318e-06;1.24095e-05;0.00424732;0.000179784;1.84354e-06;0.000307942;3.83168e-05;0.000848165;1.47613e-05
4.10985e-05;0.00604645;8.81536e-05;0.000241019;0.000788818;5.10192e-06;1.28264e-06;0.00365867;9.92043e-07;1.01959e-05;4.22537e-05;0.989001;4.24746e-05;3.29522e-05
0.000382316;0.534457;1.38113e-07;3.61094e-05;0.000573835;1.35014e-05;2.03495e-06;0.0485674;5.33645e-06;7.62152e-07;9.57242e-05;0.00497309;0.409705;0.00118865
1.56629e-05;0.133816;1.42213e-06;0.000368334;0.00311256;0.00365112;6.16188e-08;0.802687;7.23004e-06;1.49281e-05;2.22809e-06;0.0111663;0.0346217;0.0105356
0.0002014;0.906488;1.96085e-07;0.00034123;0.000122197;0.000181705;0.000941236;0.0146618;2.61755e-05;0.000165304;0.000441651;7.40051e-07;0.0763932;3.5486e-05
8.85885e-08;4.21773e-08;0.999999;5.04154e-08;3.90794e-12;7.75033e-11;4.78179e-08;6.39908e-10;2.53212e-08;1.58922e-09;5.54141e-07;4.85091e-08;3.14663e-09;2.82958e-11
0.000156626;0.233705;0.000136332;0.000566893;4.42047e-05;2.6663e-05;1.04751e-05;0.00949835;0.00269635;5.01873e-06;0.00437402;0.74708;0.000281421;0.00141879
1.42762e-06;0.999731;9.16189e-12;3.72415e-07;4.74887e-07;1.52425e-07;0.0001412;2.21137e-05;5.24904e-08;1.62809e-05;8.21355e-06;6.08115e-08;8.42199e-06;7.02945e-05
8.30526e-11;1.35466e-11;0.999995;1.08468e-09;8.16854e-09;3.36856e-10;2.92707e-12;1.63198e-12;4.3326e-13;3.5226e-11;2.77244e-11;4.62677e-06;3.48325e-12;3.16282e-10
2.64076e-07;0.000630797;1.76935e-07;3.63708e-07;0.000287663;5.9518e-06;7.58762e-09;0.995064;5.86279e-09;1.93369e-08;6.49762e-08;5.4701e-08;0.00396596;4.433e-05
3.98662e-08;1.08271e-05;2.40125e-08;4.50725e-07;3.6186e-08;0.000192786;8.40914e-08;2.44081e-06;9.99264e-07;1.26951e-07;8.39723e-06;1.74618e-08;0.999784;2.10634e-08
3.27513e-09;5.12691e-07;0.999999;2.45162e-08;2.08508e-08;4.94341e-09;2.1462e-10;1.9162e-10;6.2052e-11;5.22508e-08;1.78194e-10;3.80566e-07;2.34624e-10;1.2846e-07
1.61137e-06;0.997606;8.25004e-06;3.70548e-05;2.64066e-05;5.41181e-06;9.51765e-06;0.000802469;5.49239e-05;1.71449e-06;0.000790492;9.69061e-06;0.000538277;0.000108421
