6.94019e-06;0.994239;0.00427008;0.000138387;3.55553e-05;1.29391e-07;4.20226e-08;0.000858932;4.28382e-07;1.56417e-07;4.57115e-07;0.000399912;4.13621e-05;8.5305e-06
7.61153e-07;0.977274;4.53819e-09;1.09793e-06;2.62074e-06;2.67556e-05;9.45288e-07;0.00489677;2.2799e-07;5.40534e-06;2.04797e-07;2.69821e-09;0.0177294;6.1818e-05
3.04807e-11;4.87357e-13;1;1.87791e-09;5.62062e-10;1.92147e-10;1.31117e-10;1.24931e-12;8.64557e-12;4.35948e-10;1.18667e-10;4.70381e-08;1.9405e-13;2.83617e-10
2.30926e-05;0.904945;3.67218e-05;3.39094e-05;8.95591e-06;5.79343e-06;0.000419781;0.000849263;0.000111926;3.2115e-07;0.0019454;0.00431177;0.0873081;2.07702e-07
6.38935e-06;0.123143;1.37162e-05;1.51693e-07;6.53098e-06;3.08145e-07;3.57784e-07;0.875783;1.28729e-07;2.92019e-07;2.5384e-07;0.000100749;0.000902386;4.28345e-05
5.93213e-06;0.000718247;3.57852e-06;0.000121264;0.000615992;1.4171e-05;3.40834e-06;0.00340698;0.000445514;1.78772e-05;0.000135665;0.992573;0.000916647;0.00102215
4.42148e-05;0.936898;1.01766e-06;0.000156492;5.64316e-06;1.02741e-05;0.000122079;0.000117815;0.0129242;4.24384e-05;0.0419894;0.00655517;0.00111944;1.39023e-05
0.000202351;0.0316206;0.000298236;0.000168982;0.000223279;8.13056e-05;4.46678e-05;0.000433177;1.26082e-05;4.71079e-05;0.000138655;0.897899;0.0687572;7.25811e-05
3.51352e-06;0.0183246;2.20955e-07;1.41719e-06;1.55729e-06;8.28475e-06;2.36521e-07;0.000154593;3.94418e-06;1.21101e-08;6.06493e-06;0.000544961;0.98095;2.6729e-07
4.04619e-06;0.270073;0.000253468;2.03632e-06;0.0027901;3.10017e-05;4.8971e-08;0.183216;1.93739e-06;6.87824e-08;2.75057e-08;0.00865522;0.533338;0.00163522
1.39959e-07;0.00219205;6.61079e-08;0.000177291;8.00875e-05;0.00188203;7.87242e-07;3.98955e-05;6.7872e-06;1.21897e-05;1.50319e-05;2.54545e-06;0.995548;4.2731e-05
9.78104e-07;9.13639e-06;0.993039;2.00547e-06;4.89589e-07;2.13941e-07;2.8714e-08;2.13284e-08;2.34479e-09;2.27988e-07;6.63054e-08;0.00694181;4.24723e-07;5.24383e-06
1.34168e-05;0.326434;6.53491e-09;5.33587e-05;0.0613102;4.24716e-06;0.000114479;0.603277;0.00321042;1.28443e-06;0.00509238;0.000236797;0.000236323;1.55547e-05
7.28968e-05;0.169281;0.760755;0.000985514;0.0025851;0.000668122;3.53523e-06;0.00425569;1.72382e-05;4.03448e-05;4.34971e-05;0.000878391;0.0602405;0.000173475
9.10199e-06;0.907867;3.14136e-08;4.21467e-07;2.32616e-08;1.24351e-08;6.71536e-05;7.52704e-06;3.86242e-05;1.80439e-07;1.33925e-05;0.00257704;0.0894191;2.2352e-08
0.000242454;0.0178438;0.00211472;0.000787707;0.0466679;0.0700399;7.51018e-05;0.229687;0.000297513;8.43338e-05;9.14202e-05;0.573453;0.0537796;0.00483547
0.000137101;0.485221;4.88595e-05;7.51019e-06;1.51721e-05;1.94447e-05;2.5125e-06;0.110515;8.47397e-06;3.36656e-07;4.54411e-06;0.011664;0.392265;9.06414e-05
1.49957e-05;0.667707;4.21888e-07;4.13189e-06;4.11842e-05;7.20113e-06;2.30291e-07;0.00495195;1.32654e-06;6.95066e-08;1.33061e-06;0.272176;0.0550818;1.25496e-05
2.98095e-05;0.0150316;3.26549e-05;8.64312e-06;6.52874e-06;0.000322796;3.46767e-05;0.00131824;1.36048e-05;2.25676e-05;5.8008e-06;6.18136e-05;0.983102;9.27023e-06
1.52521e-06;4.53261e-05;0.999238;4.27571e-07;4.88103e-06;1.39773e-07;1.05616e-08;2.89032e-07;3.2202e-09;2.43704e-07;6.32649e-09;0.00070338;2.86414e-06;2.92811e-06
6.31169e-06;0.944563;8.63191e-10;7.00297e-07;4.87258e-07;4.18663e-07;0.0536534;2.18776e-05;0.000245828;0.00102561;2.52883e-05;5.35433e-09;0.000170275;0.000286695
6.5834e-07;4.32451e-07;0.999928;1.1816e-05;2.92044e-07;1.16571e-06;6.49392e-07;1.30748e-06;1.79872e-05;2.75807e-07;8.25939e-06;1.94287e-05;9.70036e-06;3.56533e-09
3.94971e-06;0.999961;1.25106e-05;2.25e-06;2.98198e-08;1.65011e-09;2.21262e-07;6.99516e-06;1.1086e-07;1.873e-07;1.45368e-08;1.65997e-06;7.14914e-06;4.07052e-06
2.76536e-05;0.182888;1.87468e-08;5.97979e-05;0.00024526;2.99474e-06;4.42852e-07;0.815965;0.000168887;4.09899e-06;1.04774e-05;0.000465671;0.000139087;2.28077e-05
4.05801e-05;0.180324;0.00527861;0.000194696;0.00144206;0.0023603;5.13465e-07;0.00100919;9.40711e-07;0.000130886;4.25598e-05;0.0104427;0.796944;0.00178825
0.000910009;0.215745;3.97892e-06;3.28752e-05;0.00465509;0.000168967;0.000254101;0.0374059;0.00201629;3.38006e-05;0.0117599;0.699269;0.00572641;0.0220183
1.16855e-05;0.98955;1.48941e-06;2.59745e-07;2.04264e-05;3.62074e-07;4.75994e-08;0.00575915;1.31277e-06;7.16228e-08;1.31375e-06;0.000107289;0.00454502;1.81141e-06
3.86604e-06;0.696656;1.18182e-05;7.47665e-05;0.000740707;2.57634e-05;2.68345e-08;0.0678041;9.69052e-06;2.06453e-06;8.3827e-06;0.219866;0.0103083;0.00448908
2.23098e-05;0.052884;2.69311e-05;0.000220132;0.118174;0.172514;4.5411e-05;0.100296;5.35717e-05;0.00135916;0.000146088;0.0630062;0.0450729;0.446179
1.78772e-05;0.00708441;8.04923e-08;1.49902e-05;5.08609e-05;2.23979e-05;8.81599e-07;0.182934;6.87698e-06;2.50112e-07;0.00020447;0.00333484;0.806327;6.11587e-07
2.5101e-06;0.000188852;9.95328e-09;6.41768e-10;1.79136e-08;7.94201e-09;8.04552e-10;0.999759;1.08038e-07;8.78707e-10;2.36623e-09;2.07633e-06;4.74525e-05;9.86009e-09
6.05757e-08;1.90887e-06;2.35451e-08;2.27662e-05;0.995313;5.70706e-05;3.92084e-09;0.00203293;2.05822e-06;1.12094e-06;6.73882e-07;0.00191398;3.85735e-07;0.000654263
1.39757e-06;0.00360458;0.996286;6.31649e-05;3.00571e-06;1.19834e-06;3.02304e-07;7.96911e-08;1.49204e-07;4.27288e-07;1.23131e-05;1.94261e-07;2.61049e-05;1.24115e-06
6.48078e-06;0.839846;4.80558e-08;9.07987e-09;4.25614e-08;8.2265e-08;7.63667e-06;6.72817e-06;1.43815e-07;9.81021e-08;1.77884e-05;0.0864198;0.0736952;2.66538e-07
7.92309e-07;0.966486;0.00010613;2.53757e-07;1.66248e-06;3.11676e-06;0.0288358;9.03158e-06;2.55808e-07;0.00262592;3.1791e-06;1.87766e-05;7.10555e-07;0.00190804
1.12744e-10;3.76509e-11;1;3.85107e-10;5.17952e-11;2.81056e-10;1.43147e-10;1.75015e-11;9.61831e-10;6.96964e-12;5.04089e-10;4.04099e-08;3.88813e-11;8.19823e-11
1.63908e-05;0.0651999;5.35148e-08;1.89644e-06;6.38462e-06;7.80488e-06;3.17034e-07;0.00196455;4.93403e-05;3.36404e-08;0.000257738;2.26459e-05;0.932266;0.000207004
1.67508e-06;0.999436;4.00088e-06;2.84126e-09;6.17076e-10;3.29547e-09;5.6894e-07;1.18076e-06;2.28443e-08;5.86101e-09;7.29506e-08;0.000225638;0.000330803;4.23323e-08
4.52313e-08;0.000319696;1.42887e-08;1.84269e-06;0.0096774;4.8605e-06;2.26884e-08;0.0132202;3.81504e-06;6.86825e-08;4.47361e-06;0.976506;4.99704e-06;0.000256679
6.86553e-06;0.570955;0.332809;0.000191427;0.000539922;7.99671e-05;1.14761e-06;0.000411914;6.89108e-07;3.60153e-06;8.82965e-05;0.00253171;0.0923795;8.41087e-07
6.36634e-05;0.339106;8.28462e-05;1.34073e-06;0.000106575;6.85581e-06;9.73459e-07;0.266021;2.47799e-05;4.15668e-07;2.03113e-05;0.123269;0.271232;6.42763e-05
3.89435e-05;0.0112532;7.02074e-05;0.000121883;0.0540544;0.0113349;2.41429e-06;0.439329;0.000183894;2.87741e-06;0.000105895;0.0308336;0.394739;0.0579297
0.000632501;0.931926;0.000181015;3.33489e-05;0.000553233;4.97776e-07;7.39973e-08;0.0645169;6.49119e-05;1.42902e-07;1.05239e-05;0.000441388;6.63141e-05;0.00157276
5.16364e-05;0.0707498;2.57218e-09;2.47757e-07;5.62268e-05;1.18818e-07;1.06734e-07;0.929014;7.43043e-06;2.42006e-07;1.05152e-07;1.34341e-05;5.10183e-05;5.58836e-05
9.14306e-06;0.0333556;0.369437;2.95269e-05;0.00445862;0.00181783;5.46933e-08;6.65155e-06;1.9322e-08;2.84911e-05;2.40526e-07;0.580969;0.00246936;0.00741796
8.58036e-06;0.689053;2.86787e-06;8.64145e-06;0.000629842;0.00131271;2.67311e-05;0.262443;1.61396e-05;2.08227e-06;2.31898e-05;0.00960303;0.00559962;0.0312712
1.24762e-07;0.00591429;7.38508e-10;6.97883e-07;1.63622e-05;1.69196e-05;2.13296e-07;0.000182148;1.55666e-07;1.07832e-07;1.65599e-06;2.35744e-05;0.99384;4.27643e-06
4.83018e-06;0.000931914;2.62149e-07;5.27612e-06;6.55419e-06;4.83483e-07;9.42226e-08;3.36777e-06;2.7801e-06;1.15471e-06;6.23881e-07;0.998223;0.000819555;3.06822e-07
6.90707e-06;0.99917;1.38309e-08;9.99223e-07;1.05052e-08;1.21038e-07;8.24159e-06;3.41479e-06;0.000124447;1.52865e-07;3.95762e-06;0.000207375;0.000473976;4.50495e-08
5.6839e-05;0.169569;0.00232211;0.00207463;0.000662579;0.00151263;5.97752e-07;0.00223469;9.46886e-06;1.69288e-05;1.49233e-05;0.820249;0.000191647;0.00108541
5.31604e-06;0.998989;6.76616e-08;6.71173e-08;2.98689e-09;6.66988e-07;7.7054e-06;1.91687e-06;5.49199e-08;2.64205e-07;9.08783e-07;3.26444e-05;0.000960517;5.03047e-07
1.66617e-07;3.21418e-05;3.96692e-08;4.4131e-06;0.00520269;3.57153e-06;4.85907e-08;0.00133626;1.32407e-05;1.21311e-07;1.92823e-05;0.993383;5.37601e-07;4.26948e-06
9.64319e-06;0.87774;0.0196975;1.57169e-05;9.27331e-05;1.96816e-05;2.73712e-07;0.000141925;8.3924e-08;6.03991e-07;8.47348e-07;5.04616e-05;0.10223;7.94178e-07
0.000269698;0.0649148;4.45859e-05;2.69002e-06;0.000446577;0.00117515;9.33891e-07;0.0499871;9.07723e-06;2.76009e-06;2.46112e-06;0.163381;0.713745;0.0060173
3.51632e-06;0.0412359;4.38588e-05;9.50555e-06;0.00169483;0.000192081;3.22908e-07;0.948799;1.00579e-07;1.1266e-06;1.46275e-07;0.00140108;0.00525459;0.00136447
0.000106903;0.406995;6.26774e-05;0.00275333;5.38233e-06;7.73596e-06;0.000125314;0.00383996;0.00520177;1.37133e-05;0.00491259;0.564368;0.0114833;0.000124931
2.40323e-07;0.000385656;8.14505e-10;3.09505e-07;1.27115e-05;3.23421e-08;1.26712e-08;0.999588;3.09041e-07;2.72629e-08;3.48747e-07;1.05232e-05;9.01458e-07;8.80989e-07
1.5988e-07;0.000406567;0.999272;5.36472e-06;7.55596e-06;5.38672e-05;1.75546e-05;7.01209e-08;4.41493e-09;0.000202765;2.24125e-07;4.50671e-08;1.98474e-05;1.45035e-05
1.49599e-09;4.79677e-11;1;8.04986e-11;2.5769e-11;1.3796e-11;3.39106e-09;1.05396e-09;1.71908e-09;1.9249e-11;6.94417e-09;1.14012e-07;1.39794e-11;1.38217e-12
9.7102e-08;0.000266529;4.48664e-05;6.1446e-08;1.00675e-06;1.08238e-07;1.55568e-08;8.32337e-05;1.00905e-06;1.00591e-08;7.77502e-07;0.999599;2.03597e-06;8.94708e-07
1.18491e-07;0.999096;6.48931e-11;2.08349e-10;4.67699e-09;6.98318e-07;7.29554e-09;2.72313e-07;3.71375e-09;6.13288e-10;5.07325e-09;1.05611e-07;0.000903145;8.56147e-08
7.28865e-09;2.75765e-05;7.82071e-06;6.96617e-09;0.000114068;3.4194e-07;9.17942e-13;3.32252e-06;1.28413e-09;1.5749e-10;4.3702e-10;0.999827;4.29819e-08;2.00327e-05
2.27897e-08;0.0015314;4.90193e-11;3.00949e-10;1.21146e-07;2.20233e-06;2.25079e-10;0.998157;2.18424e-08;1.286e-10;3.40908e-11;1.60428e-13;0.000309524;2.12505e-09
1.2587e-07;2.59271e-06;0.999989;7.83197e-08;2.51281e-09;3.41207e-09;6.41525e-09;2.91164e-06;2.22589e-09;8.0448e-09;1.5388e-10;1.16624e-06;4.45724e-06;8.2332e-11
3.43491e-08;2.05062e-06;0.000376184;1.66423e-05;6.18549e-07;2.54071e-06;7.14313e-10;6.3438e-05;2.8029e-06;5.12724e-09;2.053e-07;0.999528;3.54253e-07;7.74467e-06
0.000360773;0.275133;7.57057e-06;2.11614e-05;0.000708244;0.000945616;1.45411e-06;0.707795;1.04928e-05;1.39087e-05;8.81273e-06;1.10577e-05;0.0140466;0.000935982
2.56214e-07;0.999804;3.15351e-07;7.52707e-09;1.86908e-08;1.11515e-07;5.91594e-06;8.84451e-06;4.14238e-10;7.20527e-06;1.40994e-09;1.09234e-09;8.02332e-06;0.000165347
1.46706e-13;2.89591e-13;1;2.90248e-14;3.72246e-14;2.38702e-14;8.57481e-15;3.29278e-14;6.17537e-15;4.86158e-14;1.09756e-15;1.66588e-13;2.54561e-14;1.0125e-14
0.0006736;0.104013;0.000817206;0.00257378;0.00960855;0.0654078;0.000980193;0.229545;0.334722;0.00112507;0.0384825;0.0258894;0.183983;0.00217899
