4.99699e-08;0.999797;1.49792e-11;1.52839e-09;2.72552e-11;3.36977e-11;2.6155e-07;6.26772e-08;1.22746e-08;2.92125e-10;2.8301e-08;1.36786e-07;0.000202485;1.33176e-11
1.50369e-06;0.968742;4.55726e-11;9.76593e-06;4.60126e-05;5.01361e-05;2.64369e-08;0.00133421;1.7245e-06;3.08662e-07;2.69714e-06;0.0268578;0.00120008;0.00175349
0.0016581;0.0454559;0.000559903;9.70778e-05;0.00215817;8.13568e-05;1.18865e-05;0.0716659;4.85412e-05;0.000266801;0.000138236;0.871383;0.000207694;0.00626742
5.01199e-05;0.994147;0.00171113;1.53599e-05;4.43898e-05;7.34094e-06;7.80444e-07;0.000365172;2.08616e-07;1.02309e-05;1.41895e-06;7.04221e-05;0.00352614;5.07517e-05
1.314e-05;0.0658616;1.49466e-06;7.22915e-06;1.7826e-05;0.000136982;2.64926e-06;0.000410672;2.61089e-05;2.75111e-06;0.000222562;0.931186;0.00112762;0.000982932
3.81225e-06;0.961203;0.00241121;3.95019e-06;2.99432e-05;6.68251e-06;8.41142e-05;2.76478e-06;2.32858e-10;0.000601534;1.90964e-08;0.0343015;1.26869e-06;0.00135074
8.31652e-11;3.71777e-11;1;2.15248e-11;5.45952e-11;2.45196e-10;2.90584e-11;3.45935e-12;1.86775e-13;1.94189e-11;4.61433e-12;1.43011e-08;1.15192e-10;5.8622e-12
5.37316e-06;0.3385;1.34789e-07;4.11126e-06;3.83766e-06;5.80611e-06;1.85373e-05;0.0076259;8.93355e-06;2.04797e-06;0.000335896;9.63459e-05;0.653362;3.03881e-05
1.3825e-06;0.000180592;1.23571e-05;5.62419e-06;1.24854e-05;2.06638e-05;1.43107e-07;0.00155792;2.28118e-06;3.48438e-06;2.6294e-05;0.997488;0.000685002;4.09053e-06
9.59052e-07;0.995019;6.40039e-08;5.82727e-09;2.10259e-09;2.87842e-07;1.70908e-06;1.78927e-06;4.18159e-08;1.65841e-07;8.37943e-08;9.74024e-05;0.00487807;6.00272e-08
2.73379e-06;0.015163;3.14788e-06;4.35698e-05;2.5219e-05;2.84886e-05;2.80726e-07;8.29696e-05;2.39971e-06;1.21567e-06;1.69338e-05;0.983811;0.000796832;2.24922e-05
2.7369e-05;0.961189;1.64299e-11;7.45522e-06;9.2764e-05;3.89772e-05;7.12983e-07;0.0318634;5.09827e-05;7.65508e-07;4.53484e-05;0.00163723;0.00503534;1.06317e-05
0.000123423;0.0416393;9.7734e-05;3.74406e-06;2.39344e-05;1.43751e-05;1.65636e-06;0.0257087;1.4548e-07;1.38598e-06;2.95275e-06;0.762143;0.17019;4.95291e-05
3.04791e-06;0.995035;1.23714e-07;2.56613e-06;8.74508e-07;8.82451e-08;0.00135719;0.00221304;8.62349e-07;7.89329e-05;1.10656e-07;6.11998e-08;6.08147e-06;0.0013022
1.54232e-09;1.30795e-10;1;4.05107e-09;2.00511e-09;1.69277e-11;1.43025e-08;5.23187e-11;1.2262e-08;1.17149e-10;6.4849e-09;1.75458e-08;2.04887e-10;2.46451e-11
0.000142891;0.864927;5.03806e-07;3.83342e-05;0.000430396;5.71897e-06;0.000333766;0.128077;0.00233788;0.000231022;0.000260136;0.00162962;0.00131506;0.000270365
3.43996e-05;0.308609;1.08998e-05;0.000671208;0.000110201;0.000188119;0.000544616;0.00176307;0.00167594;0.000133665;0.00988879;0.654322;0.0207739;0.00127458
9.0408e-06;0.968263;2.76081e-08;5.329e-06;2.05957e-06;1.21427e-05;4.93638e-06;0.00255732;3.76887e-07;6.80414e-06;7.03405e-06;0.000601053;0.028509;2.16515e-05
7.73204e-06;0.000332383;3.55138e-08;2.33648e-06;3.40531e-06;4.31249e-07;3.91055e-07;0.0499644;7.98002e-07;3.83331e-08;8.86821e-06;6.46545e-06;0.949672;9.87383e-07
3.27184e-05;8.32995e-05;1.09909e-06;9.45437e-06;6.28083e-07;1.0302e-07;9.47019e-07;0.000410196;0.000487224;4.98293e-07;0.000190876;0.998551;0.000230391;1.53787e-06
4.8422e-05;0.0447224;2.75799e-05;1.5193e-06;4.76976e-05;7.86675e-06;2.36222e-07;0.953444;7.95167e-07;3.44426e-06;7.88122e-07;2.31869e-05;0.000153973;0.00151782
1.98491e-06;0.973692;8.87631e-05;5.79285e-05;0.000431628;0.000571953;2.77484e-05;0.0126711;1.66862e-07;0.000173007;3.09907e-05;0.00100669;0.00257576;0.00866984
3.12761e-09;7.72757e-08;0.999999;1.71298e-09;3.33122e-11;1.72085e-11;4.3384e-08;4.25713e-09;5.24263e-10;3.68682e-10;5.28574e-08;3.46763e-07;9.12698e-09;4.6272e-13
3.3133e-07;5.89314e-05;0.00344822;2.60516e-06;4.64162e-06;1.87708e-06;1.09061e-06;2.57192e-07;7.97481e-07;1.0567e-07;4.93763e-06;0.996429;9.65572e-06;3.75615e-05
4.87786e-06;0.214277;2.07138e-08;8.64796e-08;6.60284e-05;0.000404347;4.99366e-07;0.138907;1.68603e-07;1.65972e-07;8.86816e-08;2.7889e-07;0.646058;0.000282534
2.18351e-05;0.167957;3.87104e-06;7.6102e-05;0.0269167;0.0259864;4.35276e-06;0.000918472;3.87095e-06;7.64422e-05;1.00198e-05;0.0909648;0.666792;0.0202685
8.07128e-05;0.0241767;0.89735;6.46892e-07;2.37693e-05;7.68182e-08;1.38386e-08;0.0783576;3.95804e-07;1.57552e-07;1.61104e-09;9.08024e-06;2.96341e-07;1.0081e-06
5.67651e-07;0.153141;9.52388e-10;1.88128e-07;5.57298e-07;1.97943e-07;6.18167e-09;0.845655;3.04988e-06;2.70371e-09;2.23295e-07;0.000217334;0.000981316;3.96103e-07
3.67671e-08;0.999001;8.6878e-10;2.0413e-10;3.21143e-10;1.41739e-10;2.3724e-09;1.6981e-06;6.41847e-11;2.85676e-09;7.0562e-11;0.000701555;0.000295806;2.48418e-09
3.45366e-07;0.00106907;1.65485e-05;6.48404e-05;0.00234668;0.0733918;7.6209e-08;0.00156702;1.22539e-06;6.64277e-06;2.07758e-06;0.457962;0.000953358;0.462619
7.45326e-09;9.44997e-05;3.12566e-10;7.28314e-09;1.92897e-08;7.7992e-08;1.61315e-10;0.000139581;4.9223e-10;1.03856e-10;2.35109e-08;2.52854e-08;0.999766;1.59392e-08
2.03662e-06;0.00122846;1.79463e-06;2.22403e-06;9.74403e-07;6.11942e-07;2.40021e-08;0.000194556;4.48247e-06;1.36201e-07;1.89296e-06;0.99456;0.00399987;3.49291e-06
4.46439e-06;2.57262e-05;4.64792e-08;4.1923e-07;6.33555e-07;3.69546e-08;4.39143e-08;0.999879;5.94056e-05;2.17175e-08;2.12467e-06;5.188e-07;2.71529e-05;1.30827e-08
1.68592e-06;0.937709;2.26618e-08;0.000173487;0.000746335;4.59019e-06;8.78057e-08;0.00941468;2.4307e-07;1.53527e-05;4.60264e-07;0.00517845;1.44829e-07;0.0467559
0.000902061;0.0575812;0.0034476;0.00784926;0.011856;0.0774553;1.96803e-05;0.00265942;6.06899e-06;0.000523951;0.00167575;0.732901;0.00256223;0.100561
8.22295e-05;0.00311739;5.82802e-09;1.74751e-06;2.07022e-05;6.67592e-06;3.78282e-07;0.968932;3.06726e-06;4.95564e-09;0.000253216;5.84808e-05;0.0275228;1.58545e-06
0.000241368;0.0111551;6.07254e-06;9.61876e-06;1.22789e-05;1.32778e-05;1.79661e-06;0.000359969;2.08689e-05;9.70735e-07;0.000370278;0.962616;0.0250662;0.000125752
1.08158e-07;0.999817;2.17991e-08;1.04842e-08;6.97479e-10;9.42801e-09;2.60204e-05;3.1177e-07;1.56754e-09;8.83616e-06;7.32039e-09;8.80773e-08;1.79389e-08;0.000147401
4.27229e-10;6.75301e-11;0.999999;2.23359e-08;2.13242e-10;2.18521e-10;7.06922e-09;2.23809e-11;9.5283e-09;5.60507e-09;1.3643e-07;3.78431e-07;1.10758e-12;5.56604e-11
5.82667e-07;0.158519;1.1204e-06;1.1313e-06;6.37714e-07;2.79991e-06;4.21406e-09;3.24745e-05;1.62118e-09;4.01341e-08;4.31213e-07;1.59001e-06;0.84144;2.58786e-08
2.20391e-08;2.83754e-05;1.27374e-08;1.03326e-07;3.13762e-07;7.44245e-08;3.27954e-09;0.000959422;3.27655e-09;9.96028e-09;5.51137e-07;0.99901;1.26441e-06;1.36316e-07
5.09321e-06;0.378452;0.000131318;3.03413e-05;0.00285662;0.000261174;2.67084e-08;0.596005;5.02125e-08;3.14098e-07;5.79016e-07;0.00332118;0.018841;9.47764e-05
5.03509e-08;5.09192e-07;4.81517e-10;6.10708e-10;1.12482e-11;2.60284e-07;1.32924e-09;1.70827e-09;2.03941e-08;1.25341e-09;3.03691e-08;8.56941e-09;0.999999;7.74323e-11
9.83108e-09;8.80879e-07;0.999997;2.22575e-08;4.15955e-10;3.47329e-10;2.28907e-10;1.36694e-09;4.91593e-10;2.99181e-08;2.66733e-10;2.00514e-06;1.60413e-09;2.25875e-09
1.09139e-06;0.991918;1.3238e-05;7.11246e-05;5.90757e-06;3.736e-06;8.59035e-06;0.0062053;0.000130938;3.00421e-06;0.000529712;1.93161e-05;0.00100024;9.00069e-05
