2.38683e-06;0.999784;4.13143e-06;2.14481e-05;7.34634e-06;1.42849e-07;2.23089e-08;1.95523e-05;2.91106e-07;1.16744e-07;4.20355e-07;2.07314e-05;0.000128523;1.0424e-05
6.33229e-07;3.91695e-05;2.64515e-10;9.5095e-10;4.40915e-08;2.78127e-08;3.06067e-09;0.999954;2.96573e-08;3.39941e-09;1.7728e-09;8.49101e-09;5.83432e-06;3.57465e-09
5.33096e-08;0.000164146;5.54577e-06;1.09983e-05;0.000219683;0.00193348;1.56683e-08;2.52783e-06;5.60482e-08;4.11428e-07;2.98156e-07;0.0291463;2.13334e-05;0.968495
1.11711e-05;0.107937;3.47297e-07;2.07261e-05;1.39393e-06;7.71408e-07;1.89751e-05;0.00051137;1.82111e-05;1.08221e-07;0.000784212;3.34198e-05;0.890662;5.26344e-07
4.5434e-06;0.762806;1.56345e-08;0.000382417;3.83197e-05;1.62477e-05;2.44931e-08;0.0358212;1.41115e-05;5.14512e-08;2.26564e-05;0.197824;0.00306103;9.33015e-06
1.38319e-05;0.941686;2.52686e-05;0.000337899;8.75778e-06;2.86171e-05;3.80615e-06;0.0175921;0.000262989;4.0041e-06;0.00179687;0.00267394;0.0355621;3.41378e-06
5.42416e-06;0.00343993;1.23765e-05;0.00343523;0.0574844;0.722667;3.40908e-05;0.197815;4.50281e-05;0.0040001;0.000578019;2.45876e-06;0.00228113;0.00819901
1.01439e-09;4.87584e-12;1;1.11574e-08;2.32255e-12;8.4738e-12;3.3579e-09;5.28359e-11;4.36196e-10;2.94225e-10;1.98409e-07;8.17944e-10;2.03209e-10;3.81673e-14
0.000764565;0.0412846;0.00110707;0.0066819;0.00870107;9.10096e-05;0.000223421;0.00279587;0.0164238;7.52519e-05;0.440628;0.477894;0.000189621;0.00314013
5.32339e-07;0.990847;6.13496e-12;1.70955e-08;7.27538e-05;1.05911e-07;1.33355e-09;0.00895042;2.04636e-08;3.47633e-08;2.80758e-07;2.52638e-08;1.98331e-05;0.000108836
1.42495e-06;0.000402567;0.00122413;1.24434e-05;0.144235;0.00173621;6.26389e-10;0.000402319;7.76215e-10;2.11374e-06;1.38035e-07;0.851726;0.000140132;0.000117817
0.00148107;0.0314258;0.00234879;0.00169965;0.000233277;0.000818741;0.000790486;0.648151;0.00574441;3.05482e-05;0.117061;9.63004e-05;0.190116;2.71558e-06
9.52298e-05;0.962905;7.13997e-07;0.0019208;6.32773e-05;0.000460974;8.5606e-08;0.0329215;0.00031532;2.53283e-06;8.16031e-05;0.00099877;0.000222511;1.14946e-05
1.89381e-05;0.999813;6.73565e-07;9.97772e-07;2.21962e-07;2.44453e-07;1.08754e-08;1.10527e-07;8.6049e-09;1.46817e-06;2.91046e-08;1.65413e-06;0.000141687;2.13365e-05
0.000181995;0.00116302;4.59814e-09;3.82473e-06;0.0162103;1.63302e-05;2.2199e-07;0.982177;2.03562e-05;3.71639e-05;1.21043e-06;1.26176e-05;7.49673e-06;0.000168698
6.19382e-06;5.21409e-05;0.999938;1.13e-06;4.94387e-07;2.22164e-08;1.10942e-08;8.72335e-08;5.87269e-07;4.70445e-07;5.84833e-08;9.51475e-08;8.73651e-08;1.8348e-07
0.000608868;0.000103784;7.03558e-07;5.07408e-06;1.71804e-05;1.46631e-05;9.36648e-05;0.00261976;0.985115;5.01724e-06;0.0110597;0.000158991;0.000183546;1.44629e-05
