9.60494e-07;0.997522;2.92577e-09;1.40126e-07;4.60852e-07;4.79981e-07;1.50211e-05;0.000249496;4.16788e-08;1.40362e-05;3.44989e-08;5.96889e-09;0.00218998;7.44161e-06
1.08559e-10;6.9778e-13;0.999998;3.46301e-09;1.99628e-08;1.24973e-09;2.6809e-11;1.50707e-10;1.10673e-11;4.2594e-10;7.26265e-11;1.6788e-06;1.64336e-11;9.82571e-10
7.15839e-07;0.0283426;1.48724e-09;2.47966e-06;1.0847e-06;9.66133e-06;4.15131e-05;9.72637e-05;3.84282e-05;4.02998e-08;0.000129502;2.87959e-06;0.971334;5.84007e-08
1.52978e-07;0.0011518;0.998845;6.12106e-07;1.30742e-08;1.00856e-08;1.21866e-06;8.8257e-09;1.06355e-08;1.50228e-06;3.31667e-08;4.46161e-08;1.52552e-07;2.76906e-08
1.67693e-08;2.7391e-07;0.999998;2.64968e-08;1.67373e-09;3.91522e-10;8.38165e-08;2.08115e-10;7.06691e-08;1.3063e-09;3.46532e-07;9.30803e-07;2.1495e-10;1.57581e-09
7.34321e-07;0.982157;7.4851e-08;1.46492e-07;1.36474e-05;2.95941e-07;3.34072e-08;0.017615;1.83952e-06;1.83902e-08;4.64618e-07;0.000188312;2.18507e-05;8.81957e-07
6.08827e-07;0.00131247;3.40662e-08;4.95022e-08;5.51059e-06;1.31659e-05;1.54011e-06;0.996242;2.38534e-06;1.51626e-06;1.49469e-06;0.000217918;0.00220082;7.99192e-07
7.59481e-06;0.0153513;1.10513e-05;0.000106527;0.000462435;0.000172405;1.05431e-07;0.00103241;0.000407641;2.77126e-07;0.000194562;0.979381;0.000528295;0.00234471
4.65183e-06;0.965868;5.3127e-11;4.70688e-07;1.66804e-06;7.44944e-08;6.40432e-09;0.03378;1.54202e-05;2.02833e-09;2.6851e-06;1.83487e-05;0.000305974;2.14674e-06
2.89237e-05;0.0232475;2.33619e-06;1.97982e-07;0.000155818;6.98634e-06;3.68422e-09;0.00299661;1.15387e-06;1.1884e-07;1.46145e-07;0.970992;0.00179284;0.000775608
3.07379e-06;0.88695;1.77218e-08;9.76631e-09;2.22032e-05;7.49437e-07;8.51833e-09;0.0011223;5.60421e-08;1.42564e-08;1.07108e-08;3.2785e-06;0.111875;2.34023e-05
4.59266e-08;0.00355398;9.07652e-06;4.79022e-08;2.85262e-06;9.7364e-09;3.07532e-10;0.000194092;2.36783e-08;1.15157e-09;1.12428e-08;0.996197;2.84459e-05;1.44426e-05
1.02443e-05;0.310197;3.53083e-06;1.84232e-05;0.00283329;0.000374415;7.29631e-07;0.0690526;6.42497e-06;1.32146e-06;4.96843e-06;0.0135175;0.601448;0.00253152
0.000117469;0.0267568;4.53322e-06;4.17834e-06;0.000776416;5.76803e-06;1.59333e-09;0.504193;9.56572e-06;4.03001e-08;3.59208e-06;0.465444;0.00143165;0.00125225
2.87151e-06;0.928958;6.32343e-06;4.75271e-07;2.77105e-05;2.48689e-06;1.62475e-05;5.58443e-07;1.62821e-10;0.000478308;6.24075e-10;1.08705e-08;2.26369e-06;0.0705049
1.06823e-09;5.87948e-12;1;1.46338e-11;1.23794e-11;1.94214e-11;4.75484e-10;2.47095e-10;1.86152e-10;1.10334e-11;4.63771e-10;2.36032e-07;1.29729e-10;5.8784e-12
4.9319e-06;0.018406;8.03472e-07;9.08216e-05;3.96855e-05;0.000201137;0.000249912;0.126593;0.00388654;1.1683e-06;0.00923925;5.26593e-05;0.841225;9.67217e-06
3.6983e-06;0.076402;0.913954;5.01012e-05;7.91699e-06;1.14446e-06;1.39672e-06;1.97308e-05;1.94614e-07;2.44712e-06;1.43573e-05;0.00935802;0.000160229;2.49871e-05
0.000253141;0.000714182;1.94936e-05;0.00224584;0.000204889;3.57456e-05;0.0107372;0.0146602;0.00666827;0.000201687;0.808334;0.000574853;0.155334;1.70325e-05
0.00161084;0.884968;0.00882295;0.00602874;0.00291317;0.00120403;0.00165746;0.0497699;5.19118e-05;0.000605787;0.000345468;0.0383727;0.00178068;0.00186815
0.000239565;0.958166;1.75321e-08;4.55494e-06;0.000225331;0.000129623;1.28802e-05;0.0098032;4.09521e-05;4.03747e-06;3.64055e-05;0.0103918;0.0206557;0.000289695
2.31564e-06;0.00057283;2.71032e-10;5.26265e-07;1.32123e-05;7.97182e-05;7.09531e-08;1.08121e-05;1.37871e-07;9.73783e-08;1.72473e-06;0.000234575;0.999063;2.08278e-05
1.2704e-05;0.00236501;0.997368;1.16664e-05;6.75756e-05;6.51577e-06;2.07901e-07;1.30073e-06;8.05373e-09;2.31592e-06;9.42076e-09;1.31893e-05;0.000142543;8.85013e-06
9.55975e-06;0.925935;7.66569e-07;4.71845e-06;8.3478e-06;4.44592e-05;6.46014e-05;0.00764592;1.61837e-06;7.83209e-07;2.60692e-06;8.23253e-06;0.0659957;0.000277698
7.01698e-06;0.0662433;4.9662e-07;0.00431032;0.00381884;0.00086966;1.13783e-05;0.0036923;0.00171802;9.45296e-06;0.00424947;0.0918807;0.0008715;0.822318
2.54362e-06;0.0173667;2.91672e-06;1.8565e-07;2.39926e-05;8.07972e-08;1.03413e-08;0.982578;4.21612e-09;9.3934e-08;6.58468e-09;9.9287e-06;1.31292e-05;2.54123e-06
2.06344e-06;0.977858;5.13036e-05;1.57068e-05;0.000472505;0.00143814;1.45354e-05;0.00388454;5.44857e-07;3.40925e-05;4.86135e-07;0.00016877;0.00448387;0.0115753
6.82573e-10;2.67729e-10;1;5.17259e-10;2.59637e-11;2.23396e-11;6.73465e-09;8.96659e-10;6.98485e-10;1.44889e-10;1.02103e-09;1.05982e-08;8.35046e-10;9.99553e-14
4.0591e-07;6.82197e-06;0.0013602;1.24849e-05;1.03774e-05;2.29977e-06;4.29382e-07;6.26241e-07;8.45301e-05;9.13113e-08;1.66403e-05;0.998445;1.09927e-07;5.99321e-05
0.00023861;0.981944;0.000311348;2.29893e-06;0.000380859;0.000117208;7.50128e-07;0.0142354;3.10181e-06;2.86496e-06;2.76132e-07;2.26212e-05;0.00256077;0.000179706
7.43131e-07;0.00119201;9.60622e-06;1.52717e-07;6.62465e-05;5.67939e-06;1.19175e-10;0.00045534;7.28145e-08;1.6533e-08;1.64899e-08;0.99812;6.00681e-07;0.000149066
0.000156946;0.835563;1.2274e-06;0.00125966;0.000133882;2.25615e-05;1.43147e-06;0.0947206;0.00650824;1.4205e-06;0.000280727;0.000304422;0.0608407;0.000205239
0.00342997;0.253407;0.477677;0.000324968;0.00277056;9.54322e-08;1.20353e-08;0.256058;2.10421e-06;2.14039e-06;6.74541e-08;0.00622928;1.78482e-05;8.12869e-05
3.45622e-08;1.3161e-06;7.34864e-12;1.38976e-10;2.38599e-08;9.16874e-12;7.03097e-12;0.999998;1.23776e-08;1.95824e-10;5.97927e-11;1.52119e-10;9.25242e-07;1.44764e-11
8.26208e-08;0.000137409;0.999767;3.43282e-06;1.5627e-05;8.82539e-06;1.08852e-09;4.92424e-08;6.42866e-10;3.27916e-05;6.65233e-09;2.73886e-05;3.84227e-06;3.4358e-06
8.21732e-05;0.93922;0.00222612;0.000137577;4.91449e-05;5.96954e-06;6.97774e-05;0.0300451;0.00255807;1.1229e-05;0.00148601;0.0223277;0.000453017;0.00132798
