8.53817e-06;0.998272;0.000466811;0.000188026;3.79834e-07;3.59596e-07;6.03794e-07;2.30018e-05;2.93264e-07;1.86584e-06;6.46415e-07;2.9073e-05;0.000990747;1.7777e-05
3.89735e-06;0.994463;2.45777e-09;1.38831e-05;4.76687e-06;1.08498e-06;5.66941e-08;0.00511498;1.50465e-05;3.09346e-07;4.69686e-06;0.000355921;1.50319e-05;7.06272e-06
7.29624e-06;0.993348;3.66248e-07;1.52263e-06;6.19978e-06;5.35896e-06;1.88912e-07;0.0038927;9.48676e-07;1.25156e-06;2.64449e-06;0.00121996;0.00150875;4.91543e-06
1.91065e-05;0.000613407;9.48836e-08;1.68116e-06;0.000303403;7.08341e-06;1.2926e-06;0.000195002;2.88622e-06;6.17392e-07;5.72867e-06;0.998113;8.80521e-05;0.000648432
1.00466e-05;0.947652;3.50698e-08;2.48783e-07;2.28082e-05;4.93825e-08;2.20618e-07;0.00561828;2.29018e-07;1.44157e-08;3.24764e-08;3.92531e-06;0.0466816;1.04751e-05
1.11671e-05;0.0604988;1.14142e-05;0.00558283;0.0250817;0.000399338;4.83537e-07;0.054105;8.76439e-05;1.94051e-05;7.66465e-06;0.0410397;0.00101879;0.812136
2.96932e-05;0.967188;7.88796e-06;7.20508e-06;0.000123839;6.71296e-05;3.71705e-07;0.0137911;7.20466e-08;5.84162e-07;1.58563e-07;0.0123723;0.00616106;0.000250338
1.36091e-05;0.971248;7.03926e-06;4.30199e-05;0.000356337;0.000122605;0.00391322;0.0191013;1.14993e-05;0.000119514;3.02607e-05;0.000320447;0.00111666;0.00359631
4.9458e-11;3.06702e-10;1;1.89897e-11;2.23127e-11;5.8306e-12;1.77816e-10;1.92181e-11;2.55571e-11;4.35473e-12;8.9418e-11;1.05863e-09;3.13201e-12;5.91059e-14
0.00026864;0.518137;5.08215e-05;5.90849e-06;0.00160226;0.000541586;0.00111398;0.19741;0.00107815;4.89201e-05;0.000160365;0.268017;0.011432;0.0001324
3.88824e-06;0.366258;2.12371e-09;1.74753e-05;0.00757502;2.96296e-05;4.29073e-06;0.549395;0.000246494;1.51696e-06;0.000126056;0.0110374;0.0652618;4.35427e-05
6.8756e-05;0.0178783;0.958601;0.00327511;0.000445472;0.000256991;1.45275e-05;9.82509e-07;4.39034e-07;0.000353931;3.39188e-05;0.000393651;0.0175499;0.00112708
1.23575e-06;4.54502e-07;0.999996;2.45705e-09;9.54235e-09;2.12726e-11;2.77464e-07;6.9324e-07;7.52016e-07;1.68872e-09;1.21714e-07;1.22229e-07;1.92229e-08;2.2937e-09
0.000224305;0.513924;6.89009e-06;0.000112424;0.00499282;0.000409634;0.0365875;0.0553992;0.350263;0.000198901;0.0212559;0.00648742;0.00939972;0.000738567
0.00114732;0.939756;7.78928e-07;6.29167e-05;2.52192e-05;3.94493e-06;0.000111648;0.00778256;0.0141871;1.34125e-05;0.00182133;0.0320865;0.00297205;2.9667e-05
4.49482e-05;0.999421;8.10509e-05;2.51641e-05;6.04858e-06;3.79856e-07;2.66362e-07;5.19133e-05;7.0676e-07;3.22209e-06;1.07279e-07;0.000327599;1.49089e-05;2.28712e-05
0.00272355;0.777753;3.46715e-05;0.000224262;2.75185e-05;1.43967e-06;1.85174e-05;0.0396134;0.00232845;1.24013e-05;0.00119484;0.0248235;0.151238;6.91596e-06
0.000515844;0.492254;1.29876e-05;0.000105384;0.00308111;7.99128e-05;1.88169e-05;0.00352826;8.97923e-06;0.00217687;5.00951e-06;0.00145067;8.97352e-05;0.496672
0.000378014;0.0131785;0.0019706;4.68694e-05;1.75929e-05;0.000291815;0.000187932;0.00313809;8.24156e-05;5.96567e-06;0.000404426;0.979663;0.000158777;0.000475594
3.69784e-08;0.999591;3.75601e-09;1.0801e-08;5.14119e-08;3.83471e-08;1.96871e-05;3.69102e-06;2.32224e-09;2.91311e-06;2.44917e-08;5.76067e-10;4.53275e-07;0.000382323
5.00433e-11;4.89719e-12;1;7.46173e-12;3.52025e-11;1.91657e-10;1.47181e-11;1.48427e-10;1.15107e-12;2.63117e-11;4.75344e-12;1.12874e-07;3.31237e-10;2.8428e-11
2.38803e-07;0.000146195;9.20403e-10;5.63349e-07;1.25998e-06;2.30922e-06;1.93241e-08;0.000280806;1.01892e-06;7.47064e-09;1.27213e-06;8.28817e-07;0.999566;4.98634e-08
5.37973e-07;0.00010118;1.19114e-08;2.29575e-06;1.42654e-07;1.22536e-07;4.70723e-09;5.3069e-05;3.82512e-06;2.24203e-08;3.05869e-06;0.999571;0.000264284;2.10531e-07
6.08995e-08;0.000222649;5.16154e-10;3.36025e-08;5.57987e-06;3.73946e-09;7.44079e-10;0.99976;2.632e-08;1.64591e-09;9.08612e-08;1.19487e-05;6.34751e-08;1.63251e-08
2.6109e-07;0.00233386;0.997505;1.95135e-06;5.47893e-06;8.41688e-06;1.42178e-06;1.10261e-07;4.05568e-10;4.21876e-05;5.35387e-08;8.67929e-08;9.36714e-05;7.38232e-06
1.1484e-09;3.93247e-10;1;3.17985e-11;3.98898e-11;2.44221e-11;9.49674e-10;1.90007e-10;5.97177e-10;1.43091e-11;2.53262e-09;1.2147e-07;6.04313e-12;2.3617e-11
1.08684e-08;3.03733e-05;0.0364648;5.77698e-09;1.36979e-07;1.69776e-07;3.82988e-09;1.04534e-07;1.98149e-08;4.86256e-10;3.62767e-08;0.963491;1.31973e-05;2.44423e-07
7.64053e-06;0.32328;6.98509e-07;1.00869e-07;0.0139944;0.00421468;9.68359e-07;0.233719;3.1202e-05;4.8246e-07;7.03606e-06;2.13944e-05;0.421524;0.00319698
2.96825e-05;0.0633656;3.11411e-05;0.000162441;0.349923;0.00555058;2.12994e-07;0.131179;0.000129673;6.4283e-06;5.87945e-05;0.391361;0.0490194;0.00918232
5.20175e-07;0.982272;6.75827e-05;2.00108e-08;2.7163e-06;5.65738e-08;4.89824e-10;0.0174535;1.14817e-10;2.51607e-09;7.31059e-12;3.70141e-09;0.000203864;1.66938e-08
4.89102e-07;3.81591e-06;0.999927;2.30102e-07;4.99894e-09;8.15005e-10;1.56736e-09;2.00387e-05;1.15515e-08;7.90773e-09;1.99128e-08;4.60624e-05;2.17718e-06;3.24744e-10
2.99089e-08;1.33954e-05;0.00608616;3.69364e-07;9.56062e-07;1.22587e-07;1.547e-10;0.000504536;1.02627e-08;2.85442e-09;1.0878e-08;0.993386;1.36373e-06;7.35988e-06
2.16595e-06;0.65273;7.9151e-09;9.25316e-07;0.0019809;0.00327132;7.46023e-07;0.0209984;4.50104e-06;1.20177e-06;4.54239e-06;1.82443e-06;0.320972;3.10825e-05
4.17311e-07;0.000302048;3.53968e-05;5.569e-08;4.45456e-06;1.43208e-07;7.02014e-10;3.81431e-05;6.84441e-10;2.88289e-08;2.82974e-09;0.999598;2.16685e-05;1.35435e-07
0.000107131;0.0196828;1.73394e-06;0.000469867;0.0011482;0.000311661;8.8879e-06;0.970314;0.00527817;8.03627e-06;2.44694e-05;4.97944e-07;0.00233526;0.000309369
2.99055e-06;0.999939;2.48718e-05;3.93156e-07;2.8566e-07;7.2302e-09;3.26449e-10;2.44122e-05;3.41888e-10;1.57314e-08;1.51491e-11;2.37793e-07;7.41489e-06;8.49769e-07
2.02306e-05;0.921609;1.53525e-06;2.52429e-05;2.84855e-05;3.14941e-07;1.5182e-07;0.0772084;2.08576e-05;2.7371e-06;8.32421e-06;0.000515416;0.000534857;2.47075e-05
1.18226e-05;0.796849;8.35827e-08;0.000126511;0.0057231;8.36991e-05;1.04674e-06;0.000426033;4.99644e-07;0.00034923;1.70703e-06;0.0019024;0.000276365;0.194248
2.95656e-05;0.000243184;1.51956e-05;1.13747e-06;2.55167e-07;5.60452e-07;1.09088e-05;7.45465e-07;5.14053e-06;2.40556e-07;3.93971e-05;0.999634;1.2734e-05;7.08652e-06
3.53187e-08;0.999908;7.0808e-10;4.34852e-09;4.08447e-09;1.61066e-09;3.77756e-05;1.4963e-05;7.12066e-09;5.82051e-07;4.70138e-09;4.82602e-10;7.55719e-08;3.86019e-05
2.67485e-10;1.18114e-10;1;1.45288e-10;2.28951e-10;6.37844e-10;2.23261e-10;8.5575e-11;1.33064e-11;1.38374e-10;3.96848e-11;2.05909e-07;1.75739e-09;1.70604e-11
1.07903e-06;0.000930728;7.93686e-09;6.85867e-06;8.73038e-06;7.52154e-06;4.79056e-08;0.00583228;6.47837e-06;7.06717e-08;1.13464e-05;1.06309e-05;0.993184;5.13746e-07
1.032e-05;0.000965757;6.01506e-08;2.35213e-05;1.52821e-06;6.75659e-07;3.55702e-07;7.10871e-05;8.75247e-05;5.67686e-07;7.90976e-05;0.997471;0.00128308;5.29508e-06
1.38124e-06;0.000143607;9.56281e-07;6.39531e-08;2.85215e-06;1.61825e-07;3.04747e-09;0.999838;1.10031e-08;3.1276e-08;2.1103e-08;2.23088e-06;4.21921e-06;6.0892e-06
2.33309e-07;0.993616;2.25306e-05;4.09165e-06;0.000156325;0.000300411;3.94273e-07;0.000321246;1.62049e-08;6.53336e-06;8.95536e-07;0.000473383;0.00123922;0.00385917
1.06901e-10;1.79306e-10;1;3.0891e-10;1.33427e-12;5.75547e-12;1.10054e-08;1.44164e-10;9.17373e-10;5.64996e-11;5.28742e-09;1.5423e-09;5.61728e-10;3.23882e-14
1.12091e-08;3.49647e-08;0.998561;1.08306e-07;3.20609e-07;3.97201e-08;4.36188e-09;6.40739e-08;3.85596e-07;7.90032e-10;1.36219e-07;0.00143694;1.68789e-07;5.38166e-07
5.15952e-07;0.013684;2.07409e-10;1.32808e-08;0.00110167;6.2778e-05;1.85932e-08;2.75212e-06;1.3594e-06;2.05972e-08;6.08547e-09;2.21938e-10;7.19031e-07;0.985146
4.1807e-07;3.22656e-06;0.000643217;1.27453e-08;0.998953;1.88109e-06;1.0968e-10;0.000182707;6.18832e-10;3.22662e-09;4.24555e-10;0.000212543;2.4566e-06;5.5724e-07
9.59668e-06;0.993591;7.44823e-08;2.60235e-09;9.05324e-05;2.06328e-08;4.84145e-05;0.00619133;4.29801e-07;6.89958e-07;8.98728e-10;5.05301e-11;5.02619e-07;6.70505e-05
9.1574e-10;8.96891e-10;1;6.57957e-12;1.05225e-11;4.05156e-14;5.95579e-11;1.30021e-09;1.28451e-11;6.1947e-12;1.78098e-12;2.11766e-07;8.13629e-11;8.08686e-14
1.21498e-05;0.000613402;5.54319e-08;2.60174e-05;2.57308e-06;6.11468e-06;9.43191e-06;0.991907;0.0051879;2.5704e-06;0.000330769;0.00131963;0.000554304;2.80546e-05
5.96361e-08;0.999984;1.03049e-07;2.41982e-07;1.13179e-09;2.4864e-10;2.43828e-09;7.71723e-07;1.50242e-09;3.24554e-09;2.12895e-09;1.7987e-07;1.43325e-05;9.77902e-10
8.24916e-06;0.991778;1.7175e-07;1.51159e-06;3.45522e-05;6.70415e-07;6.46984e-09;0.00398;2.36208e-07;3.10905e-07;2.10664e-07;7.08258e-05;0.000582716;0.00354241
0.000457271;0.0400781;5.44264e-06;1.43983e-05;8.40525e-05;2.89876e-06;5.47751e-05;0.000155462;4.96296e-05;0.000368737;4.57663e-06;0.0085653;1.01856e-05;0.950149
0.00274272;0.00358623;0.0128044;0.000715166;0.00123603;0.0855192;0.00036156;0.000662078;0.00818839;0.000107303;0.00142207;0.786669;0.000350914;0.0956353
1.83348e-07;0.999255;8.24683e-10;1.70085e-09;6.76294e-09;5.86096e-09;4.76845e-06;2.53067e-06;8.60018e-09;3.53684e-07;3.42327e-09;6.33487e-10;3.89399e-08;0.000737479
1.50242e-11;1.95491e-12;1;1.08249e-12;1.29823e-11;3.60647e-11;4.59286e-13;1.93055e-12;1.27551e-13;1.34744e-12;3.86443e-13;1.56537e-08;4.87195e-11;1.4126e-12
4.22767e-07;0.00322994;3.17804e-09;4.55912e-07;1.35099e-05;4.78e-06;5.16075e-09;0.00605248;2.26559e-07;3.77588e-08;1.2078e-06;1.30888e-05;0.990683;4.17872e-07
3.10045e-05;0.0193419;1.07117e-05;0.000162721;1.81573e-05;5.31064e-05;8.86953e-07;0.000473897;3.29297e-05;3.05891e-05;8.73679e-05;0.975356;0.00437961;2.13152e-05
9.97258e-06;0.999078;1.50436e-05;3.57286e-07;1.24562e-08;2.23332e-08;3.10499e-06;0.000703445;1.13941e-06;1.52293e-06;2.57557e-05;9.00322e-05;7.14797e-05;2.96727e-09
1.83034e-08;0.998154;9.42753e-11;1.50598e-06;1.42769e-06;2.23168e-08;2.8416e-05;1.69447e-06;6.14629e-09;0.000736709;6.04843e-08;2.55576e-05;1.30393e-08;0.00105086
1.4332e-06;1.16089e-05;0.999763;1.27916e-05;1.67591e-08;6.47421e-07;4.75082e-05;4.99694e-07;1.00675e-05;3.01562e-06;0.000148105;1.25271e-06;3.80149e-07;6.40947e-09
1.52615e-05;0.978274;6.48545e-08;2.33118e-06;9.847e-06;3.33055e-07;7.14011e-06;0.011782;8.62814e-07;3.15309e-07;1.6367e-05;1.91051e-05;0.00986902;3.6078e-06
0.000195702;0.0184015;1.28486e-07;9.97803e-05;0.00585793;4.35723e-07;3.9637e-06;0.973279;2.36118e-05;2.08404e-05;8.7438e-07;0.000317431;0.00170923;8.91706e-05
0.000772319;0.0447258;0.952936;8.23206e-05;0.000173075;5.48361e-07;1.69289e-06;1.04249e-05;8.39429e-06;1.32844e-05;2.79601e-06;0.000997828;0.000244753;3.06756e-05
0.000155861;0.00385675;6.63079e-06;0.000425065;4.32544e-05;1.046e-05;0.00214405;0.026229;0.822732;6.02709e-06;0.141654;0.000179398;0.00174945;0.000807767
0.00163847;0.0699186;6.08411e-05;0.00231255;0.00455825;0.00857135;0.000295056;0.47735;0.0158539;0.000255907;0.0496164;0.357417;0.0107146;0.00143666
0.000739809;0.042085;1.15421e-05;1.4657e-06;0.000135505;8.89338e-05;5.21247e-06;0.933077;5.35542e-06;2.2381e-05;7.63415e-07;2.76139e-06;0.0227785;0.00104555
1.91224e-09;1.01867e-05;2.72228e-08;1.46216e-08;3.19383e-08;9.9742e-09;2.82092e-11;3.19236e-09;1.53872e-09;1.10826e-10;1.36775e-08;0.999989;4.23749e-07;1.21223e-07
8.86305e-06;0.97146;3.14436e-06;1.83434e-06;8.86426e-06;4.14012e-07;4.31015e-07;0.00414731;1.04411e-05;4.36208e-08;3.34109e-05;0.000155654;0.024133;3.62308e-05
1.34088e-05;0.867329;5.11149e-11;7.18271e-06;0.00182704;6.31778e-06;6.31494e-08;0.000103258;2.09911e-05;6.56946e-07;8.77163e-06;0.120386;0.00130087;0.00899684
0.172131;0.677795;0.00271294;4.77932e-06;6.41419e-05;2.81138e-05;0.00067187;0.0874745;0.0468738;1.39411e-05;1.08212e-05;0.00204637;0.010157;1.59202e-05
1.35634e-05;0.994278;1.15695e-08;2.81836e-08;2.42758e-07;3.56231e-09;0.00146798;8.89549e-05;2.71766e-05;1.96449e-05;3.12741e-08;1.81465e-08;2.36178e-06;0.00410191
5.67987e-09;4.17876e-10;0.999999;5.73197e-10;8.78675e-11;1.09757e-11;2.65399e-08;2.22013e-10;2.2236e-08;1.24338e-09;4.68018e-10;1.37776e-06;1.02061e-10;2.00239e-11
0.00116459;0.529299;6.65154e-08;0.000224084;4.48782e-05;9.58036e-05;0.000142577;0.136713;0.300156;8.18669e-05;0.00084525;0.000222659;0.000988102;0.030023
2.37579e-05;0.723372;7.39865e-06;5.68067e-07;6.62354e-08;6.5096e-09;1.1608e-07;1.86649e-05;1.27137e-06;9.04777e-08;6.3606e-08;0.276442;0.000130771;2.94738e-06
1.53127e-05;0.000664231;7.86195e-11;1.32723e-06;0.000674038;3.68834e-07;9.29647e-07;0.998515;3.2785e-05;2.10191e-05;2.68078e-07;2.62738e-07;6.80258e-06;6.79725e-05
1.10544e-05;1.05841e-05;0.999821;1.49762e-05;4.46075e-06;3.20244e-05;6.63209e-07;6.83402e-09;9.40272e-08;5.31903e-05;5.32024e-07;3.96791e-05;1.89576e-06;1.00344e-05
3.3571e-07;3.79126e-05;3.94426e-11;1.60904e-10;6.47596e-12;6.18941e-11;0.9999;4.12602e-10;1.52894e-07;6.14124e-05;1.04281e-07;9.32697e-13;1.56451e-09;4.73794e-08
1.75356e-12;1.82047e-13;1;2.90563e-13;4.74201e-14;3.73352e-14;1.93315e-11;4.37206e-15;1.01064e-11;2.6073e-13;1.51762e-12;3.68647e-11;1.91664e-14;1.39527e-15
