4.63362e-06;0.995897;3.84218e-09;5.51142e-07;6.80305e-07;6.55861e-07;4.75152e-05;0.00369723;1.51538e-05;1.28208e-05;6.08638e-06;3.70827e-08;0.000306446;1.14016e-05
2.27485e-10;4.49011e-09;1;5.36543e-11;2.32334e-12;2.41011e-13;6.63957e-10;1.04193e-13;2.61014e-11;9.50922e-11;5.06778e-11;1.05083e-08;1.5217e-12;1.69112e-12
1.54273e-08;1.28777e-07;6.27068e-07;2.49788e-08;2.67894e-07;1.93136e-07;2.36887e-09;1.4184e-05;1.09898e-06;1.92592e-09;2.21002e-06;0.99998;3.79595e-07;1.28336e-06
3.8437e-06;0.994817;6.91597e-09;7.28059e-08;3.97318e-06;2.09778e-07;1.01889e-07;0.000351006;3.56962e-06;1.28706e-08;1.22068e-05;0.000123738;0.0045657;0.000118176
1.25819e-05;0.849877;1.54822e-06;8.08802e-07;0.000127426;1.51568e-05;2.28862e-08;0.106474;6.42253e-07;4.8373e-07;6.63996e-07;0.0403029;0.000248932;0.0029384
3.70568e-06;0.0422036;0.000294675;2.2105e-06;0.000379455;0.000266506;4.87525e-06;0.0022051;5.15942e-07;5.62251e-06;2.8406e-06;0.936166;0.0019904;0.0164749
8.91621e-08;0.998428;8.39268e-09;7.41724e-08;8.66269e-09;1.55615e-08;6.62177e-06;0.00108841;2.53193e-08;1.45852e-06;2.92628e-09;3.96321e-09;2.3087e-05;0.000452426
2.51073e-10;2.19684e-08;1;2.41083e-09;6.73809e-12;4.92407e-11;5.25784e-10;2.93013e-11;2.65024e-10;1.18427e-10;2.99055e-09;2.83288e-07;5.76785e-09;1.14911e-11
2.91109e-06;0.938591;0.000148879;6.42414e-06;8.66463e-06;2.62027e-05;1.52529e-05;0.0579349;1.01199e-05;2.33542e-05;2.89576e-06;0.000349483;0.000706951;0.00217266
1.71374e-06;0.0471143;1.42719e-06;4.73986e-05;9.74657e-06;0.00011897;4.16407e-06;0.00567172;1.48414e-05;3.81359e-06;0.00125308;0.0357706;0.909975;1.30059e-05
1.57411e-06;0.994783;1.71654e-09;5.58229e-07;9.29428e-06;1.43017e-05;1.25508e-07;0.000527422;4.78412e-07;7.80716e-07;1.09455e-05;0.000491768;0.00271941;0.00144018
2.05122e-06;0.992885;2.68958e-08;2.2886e-06;1.87713e-05;2.54388e-07;1.98851e-06;8.55846e-05;3.65559e-08;2.29128e-06;1.40943e-06;0.00552471;0.00119264;0.000283166
0.000177015;0.836935;2.15608e-07;0.000383395;0.0596358;0.000358575;2.91589e-05;0.0685527;3.72526e-05;7.74207e-05;3.92035e-05;0.000638854;0.0206573;0.0124784
3.8929e-05;0.00260205;2.17812e-07;1.23966e-06;8.78758e-06;8.72053e-07;5.94652e-07;0.00191951;9.08668e-07;4.02839e-07;2.35373e-06;0.995043;3.45606e-05;0.000346839
8.91101e-07;0.997301;2.60514e-07;7.57347e-07;1.9444e-08;1.14855e-08;0.00224031;0.000107133;1.01461e-06;7.82473e-06;1.64247e-06;1.05041e-08;3.75087e-07;0.000339161
8.17016e-10;1.00878e-09;1;1.117e-09;3.61215e-10;1.71393e-11;7.37541e-09;1.4942e-10;7.88917e-09;1.9639e-10;1.82474e-08;2.17594e-08;3.52947e-11;3.80968e-10
7.24361e-07;0.999164;2.67688e-08;3.60753e-08;1.54123e-08;9.38066e-09;0.000752664;9.68876e-06;6.93604e-07;4.42283e-05;7.96247e-07;8.21097e-10;3.07285e-06;2.38488e-05
7.289e-11;7.15609e-11;1;1.01065e-09;1.01982e-08;2.9298e-10;1.65056e-10;3.80158e-12;1.1715e-10;7.9257e-10;2.61787e-10;1.77947e-07;9.26251e-14;1.0322e-08
2.35719e-06;0.0515978;1.32643e-06;1.90397e-07;7.24849e-05;3.40253e-06;1.71202e-05;0.942973;0.000124046;9.31149e-07;1.53124e-05;2.59247e-06;0.00517951;9.84823e-06
2.62828e-06;0.00324556;5.50306e-07;2.2134e-05;0.00093023;0.000147113;4.26534e-07;0.96014;1.01913e-05;2.90542e-06;3.69905e-05;0.00958091;0.0215719;0.00430903
0.00768975;0.151847;0.00047328;4.36911e-05;0.000187437;5.40514e-06;0.000250923;0.552733;0.00032813;2.38309e-05;0.000225923;0.122963;0.16319;3.90287e-05
4.93276e-07;0.00500743;4.89007e-06;2.58378e-07;1.85065e-06;3.94443e-07;6.91555e-09;3.90291e-05;7.45768e-07;2.77928e-09;1.95473e-07;0.994525;0.000419819;2.53717e-07
6.31994e-05;0.239962;0.00262135;1.98608e-05;0.000402452;0.000203488;8.50621e-06;0.0418136;5.55516e-05;2.80993e-05;5.30921e-05;0.0405679;0.673819;0.000381502
0.00130947;0.255695;2.19536e-05;0.0835274;0.0230114;0.155384;0.00379813;0.0108753;0.280949;0.0383953;0.0769525;0.020284;0.0231512;0.0266448
0.00891131;0.985862;0.00146216;0.000113367;1.91669e-05;7.55425e-08;1.25356e-05;7.56173e-05;0.00239052;4.97322e-06;1.14972e-05;0.00113151;9.3164e-07;4.5685e-06
0.00361576;0.00382485;0.985648;1.80548e-06;7.94844e-06;3.68384e-08;3.17486e-05;0.00249189;0.00428982;3.12399e-06;3.66645e-06;4.25076e-05;1.58877e-05;2.33544e-05
7.43522e-06;0.982873;2.5613e-11;4.67988e-08;2.51542e-05;2.13536e-08;1.50439e-06;0.00548822;1.09375e-05;5.82809e-07;2.0542e-08;5.88916e-08;1.82307e-06;0.0115906
1.36909e-05;0.0038508;0.000508123;6.30663e-07;6.72474e-06;7.42632e-06;4.0983e-07;1.96367e-05;1.21069e-07;1.26601e-06;2.59742e-08;0.995448;6.6532e-05;7.66722e-05
8.24898e-08;0.99981;2.31072e-09;5.69857e-10;2.72292e-10;1.08181e-10;0.000112497;7.07207e-05;3.0383e-08;3.56469e-07;1.2838e-09;3.35373e-10;1.67473e-08;5.97237e-06
8.29515e-11;1.19685e-10;1;1.26038e-11;2.51957e-11;7.06334e-12;3.22778e-10;1.9151e-10;7.2513e-11;5.36413e-11;1.05504e-11;3.96869e-08;1.06505e-10;4.64868e-13
2.45379e-05;0.0121885;2.71346e-06;3.85078e-05;0.000201082;0.000199721;7.14855e-07;0.032359;0.000554021;3.02084e-06;0.00016482;0.0885459;0.865706;1.14832e-05
4.35393e-07;0.985992;2.83522e-10;2.54788e-09;1.98602e-10;1.25076e-08;1.48936e-06;2.56434e-06;5.48171e-08;4.99467e-08;4.46625e-08;1.74194e-05;0.013986;1.70232e-08
9.24826e-06;0.0146351;0.000386213;0.00113028;0.000362747;0.0012839;1.79933e-05;0.00697505;9.94989e-06;2.42237e-05;0.000262116;0.926657;0.0480067;0.000239328
0.000140574;0.659472;3.10768e-07;0.000195364;0.000288844;0.00288749;0.000140118;0.232785;2.94751e-05;0.000122;0.000226652;0.00213095;0.073539;0.0280413
4.03464e-05;0.0219609;5.26448e-07;4.7196e-05;1.9668e-05;9.40774e-06;2.82275e-05;0.185033;2.04031e-05;1.48558e-06;0.000992275;0.000796496;0.79105;3.69965e-07
3.11565e-05;0.99931;7.77147e-05;4.48647e-05;7.92141e-07;1.56665e-08;6.12914e-06;6.53902e-05;1.04538e-05;4.88863e-07;1.48233e-05;0.000201325;0.000233687;3.02131e-06
3.96321e-05;0.752621;6.32601e-07;5.94523e-06;1.92517e-06;5.47298e-08;2.17164e-05;0.245236;7.21565e-06;1.42317e-05;1.42149e-05;6.15566e-05;0.00197584;5.89923e-07
5.89177e-05;0.19529;0.00296125;0.00267929;0.0047377;0.000503136;4.19648e-05;0.000777464;0.000104196;0.000154442;0.00209473;0.765968;0.000303309;0.0243252
0.000123285;0.702119;3.71534e-06;0.00019226;0.00129229;0.00557128;0.000212215;0.038594;0.000322137;0.000173496;0.00123512;1.25624e-06;0.241733;0.00842668
7.83441e-05;0.00339667;3.28047e-07;1.66828e-05;2.91076e-06;6.55369e-06;3.02767e-06;0.0734627;2.13796e-05;5.63404e-07;0.000581933;3.20731e-06;0.922422;3.37148e-06
0.00134399;0.387468;0.00813626;0.000476266;1.4981e-05;5.04235e-05;1.71164e-05;0.00401598;0.000460618;3.22181e-05;0.0048854;0.490398;0.101978;0.000722669
2.11119e-05;0.828242;8.85422e-06;6.57136e-06;4.83015e-05;1.29579e-05;6.07286e-07;0.164856;2.0038e-06;9.77134e-06;1.30118e-05;0.00507168;0.00124021;0.000466958
5.9499e-06;0.972037;0.000815432;1.60117e-06;2.04908e-05;8.82276e-05;1.1466e-06;0.00655989;8.5202e-08;1.34955e-05;2.39143e-05;0.00921429;0.0111978;2.04454e-05
2.86246e-06;0.00390663;9.5936e-07;0.000377997;0.000549536;0.000979002;2.49691e-06;0.00820051;2.61509e-06;9.20441e-06;0.00244381;0.000990314;0.972419;0.0101148
0.000407876;0.00778989;0.000386094;1.23421e-05;6.00478e-06;6.71014e-07;7.24725e-07;0.00199944;5.95247e-05;8.71072e-07;0.000234028;0.960662;0.0284376;2.8133e-06
4.5481e-06;0.982524;2.19823e-06;1.35597e-05;2.57297e-06;1.84631e-06;2.03411e-06;0.0152059;1.94121e-05;1.74332e-06;5.56822e-05;0.000238572;0.00188986;3.84722e-05
1.56687e-05;0.000950871;0.000117222;0.000418137;0.00164872;0.000646665;3.75654e-07;0.00936716;1.69537e-06;1.33628e-05;9.72544e-05;0.915267;0.0704586;0.000997558
2.57194e-06;0.994184;4.94664e-08;2.34993e-06;1.13821e-07;1.87157e-07;0.0005099;9.89812e-09;4.26627e-08;7.17751e-05;2.93006e-06;1.49494e-07;4.38499e-05;0.00518152
4.7552e-05;0.000874279;2.53977e-05;1.02724e-05;1.41332e-06;6.02911e-07;0.935653;0.000610483;0.00531831;1.10394e-05;0.0559503;6.16103e-07;0.00149704;9.25548e-08
5.66163e-06;0.0187753;6.25282e-08;3.67458e-08;8.23231e-08;1.12358e-08;2.5918e-07;0.981086;2.47501e-07;4.99847e-07;2.03403e-07;5.28763e-08;0.000131571;4.20416e-07
2.6536e-07;0.00261141;1.15012e-05;6.4513e-06;3.63207e-05;2.10178e-05;4.43063e-08;1.83414e-05;1.79376e-07;1.77192e-06;1.65207e-06;0.988043;3.18304e-06;0.00924463
6.85668e-05;0.0284246;2.61684e-07;4.22828e-07;8.68548e-07;2.28919e-07;6.37532e-05;0.950299;5.92095e-05;9.76553e-07;0.000474634;1.18807e-05;0.0205956;6.90593e-09
7.26552e-06;0.130177;0.000140099;6.52203e-05;9.18752e-05;1.78916e-05;3.78085e-07;0.0191246;3.62155e-06;2.88975e-06;4.8915e-06;0.836269;0.0139352;0.000159733
4.52149e-05;0.605451;3.10947e-06;9.53793e-06;0.000718288;0.00421823;2.14156e-05;0.366584;3.52545e-05;1.69011e-05;7.85878e-06;3.53476e-05;0.0222214;0.00063267
5.54035e-06;0.787735;1.63938e-06;5.39255e-06;3.08435e-06;1.24356e-05;0.187358;8.64691e-05;4.61565e-06;0.0211137;2.59637e-07;9.52311e-08;8.83469e-05;0.00358521
3.83351e-09;4.57806e-11;1;1.78672e-08;2.72826e-10;2.07046e-09;2.46132e-08;6.16949e-12;9.62158e-08;2.52558e-09;2.51814e-09;1.86501e-08;1.01267e-10;1.22264e-11
2.41571e-05;0.999302;0.000308288;2.80706e-06;1.69385e-07;1.85419e-08;2.54973e-06;3.93424e-05;8.53395e-07;1.26679e-06;5.22358e-08;0.000130702;0.000188223;2.72467e-08
0.000302248;0.0908988;5.51138e-07;0.000536435;0.0437654;0.000499982;3.52921e-05;0.77989;0.00479961;2.84164e-05;6.33161e-05;0.00476232;0.073503;0.000914442
0.00019096;0.43668;0.00798071;0.00282009;0.0112421;0.000233782;1.12033e-06;0.00220435;1.93592e-06;6.99273e-05;3.91535e-05;0.514564;0.0196718;0.00430068
3.27909e-05;0.809647;3.44538e-09;0.000123238;6.11508e-06;1.65336e-06;0.183672;6.37259e-05;7.88554e-05;0.00571507;0.000157765;2.74888e-05;0.000122188;0.00035247
1.51934e-07;1.02934e-07;0.999995;1.3483e-06;1.77011e-09;6.9001e-09;2.23567e-06;3.67158e-08;5.6435e-07;9.51662e-09;1.58045e-07;4.04089e-08;1.7372e-07;1.21536e-10
3.86929e-07;5.57801e-05;3.56596e-07;8.1377e-07;2.57546e-06;9.67797e-07;2.51772e-08;0.999934;1.09005e-06;1.16323e-08;3.1046e-08;4.92052e-08;3.53737e-06;4.84274e-08
8.27614e-06;0.00122002;0.00113636;0.000109398;0.000183842;0.000432081;6.52619e-10;2.63707e-05;0.000102239;8.30658e-07;6.90493e-06;0.996417;6.12253e-06;0.000350251
4.12029e-05;0.999884;3.69763e-11;7.68861e-08;2.03911e-08;5.0734e-08;2.92847e-05;1.68877e-05;1.30018e-05;3.40953e-06;1.52308e-06;1.76003e-09;7.93731e-07;9.90965e-06
1.92916e-09;1.32197e-11;1;1.48356e-09;1.17709e-08;6.45872e-12;2.35273e-12;4.09681e-11;6.46783e-10;2.26733e-11;1.15928e-11;6.87827e-08;8.42312e-14;3.37365e-10
8.12625e-05;0.00545913;6.39501e-06;8.52853e-07;0.00186282;1.42673e-07;1.52231e-08;0.992134;9.46872e-05;2.61815e-08;5.78579e-08;7.04848e-06;2.35163e-06;0.000351563
8.6147e-07;2.01371e-05;1.80855e-10;4.27027e-09;2.74031e-05;6.91862e-09;5.74558e-10;0.999935;4.69552e-06;7.90423e-09;5.06737e-10;4.56217e-09;1.20303e-05;2.54734e-09
4.70448e-07;8.11609e-05;0.999451;5.50663e-06;0.000251492;1.7712e-05;2.03446e-09;7.75041e-08;7.78858e-09;4.52569e-05;6.83367e-09;0.000135245;3.50486e-06;8.22635e-06
0.000122815;0.948883;0.000413863;8.66809e-05;5.27126e-05;6.921e-06;8.68854e-05;0.0327616;0.01164;5.54202e-06;0.00142379;0.00304014;0.000976196;0.000499708
