4.59813e-06;0.999788;0.000151619;1.0366e-05;2.27373e-07;3.64572e-08;9.96484e-06;1.19794e-06;6.96132e-08;1.10972e-05;1.15546e-07;7.77702e-07;2.14064e-05;1.07222e-06
1.88294e-09;5.64692e-08;1;5.4138e-09;1.75947e-10;2.87953e-11;1.19676e-09;5.40029e-11;7.15584e-10;3.87055e-10;1.45355e-09;1.39831e-07;2.58225e-10;1.29792e-11
1.449e-05;0.000467725;0.000911694;3.07243e-05;0.000973336;0.000320585;9.04637e-07;0.0618306;7.16748e-05;2.37269e-06;0.000110502;0.932273;0.00189903;0.00109356
1.16514e-05;0.239037;6.92665e-06;0.000189809;0.000121186;0.000716398;5.69731e-05;0.370831;0.000200903;1.59836e-05;0.00473632;0.000199733;0.383634;0.000241614
7.13698e-05;0.151584;0.000176189;0.00166154;0.000485995;0.000583957;0.00034893;0.000687744;0.000643406;6.64725e-05;0.00895739;0.823964;0.0045108;0.00625813
0.000117524;0.551677;4.38648e-06;2.19638e-05;0.000131933;0.000294494;3.52162e-07;0.431536;4.63538e-06;5.47957e-06;3.14599e-06;0.00714787;0.00891843;0.000136406
1.50814e-06;0.000961237;2.29035e-08;1.7398e-07;1.2804e-06;9.05504e-07;2.60518e-09;0.0333989;1.39659e-07;4.31639e-09;2.56775e-07;1.08358e-06;0.965634;8.38e-07
1.07707e-05;0.000212308;2.30329e-06;1.34581e-05;5.88879e-06;1.75246e-06;2.96615e-08;0.000384348;5.79807e-05;3.25048e-07;6.45133e-05;0.998675;0.000491988;7.90214e-05
0.000379378;0.816348;0.000101723;4.96688e-05;0.000159467;1.08835e-05;4.02827e-06;0.179952;9.50425e-05;8.71894e-05;6.18292e-05;0.000164114;0.00136378;0.00122276
8.52368e-05;0.927238;0.00081438;0.000242773;0.000518571;7.95347e-05;3.26165e-06;0.00100892;2.20635e-06;5.37128e-05;8.75307e-05;0.0441575;0.0034003;0.0223078
0.000111093;0.370152;2.39159e-08;9.08486e-05;6.5732e-05;4.26795e-05;0.569048;0.00265016;7.33868e-05;0.0208205;0.000872674;3.30343e-09;0.0022364;0.0338365
3.69354e-10;1.52349e-10;1;4.59894e-11;6.53095e-12;3.32152e-13;5.09318e-11;4.29555e-13;1.30355e-11;7.02626e-12;7.74765e-11;5.95496e-08;7.6423e-11;5.46594e-14
0.000269434;0.380301;5.98672e-06;0.00303189;0.00182306;0.00093648;0.000164581;0.12632;0.127429;0.000125288;0.135729;0.00736528;0.215287;0.0012115
0.000364686;0.545671;2.90983e-05;0.00140025;0.00181248;0.00016581;6.58485e-05;0.262859;0.000792101;0.000134574;0.00125492;0.0796311;0.104613;0.00120523
0.00374324;0.771604;6.69709e-08;0.00192525;0.00416458;8.37051e-06;0.000833521;0.162837;0.0330618;0.000143354;0.0204156;0.000880467;0.000230847;0.000151024
0.000779095;0.0706307;0.0651793;7.26584e-05;0.00078855;5.42773e-05;5.31918e-06;5.16444e-05;8.89499e-06;0.000130888;1.54044e-05;0.859427;0.00264784;0.00020881
2.2018e-05;0.943824;1.3623e-07;6.97939e-07;4.5561e-06;2.84881e-07;3.34332e-07;0.0558076;3.52578e-05;3.73602e-08;5.45864e-06;0.000116094;0.000145512;3.83202e-05
6.0512e-05;0.737298;1.15611e-06;6.85594e-05;0.00115153;8.47041e-05;4.89777e-07;0.00239231;0.000156872;2.91779e-06;5.68611e-05;0.165801;0.088693;0.00423181
2.81657e-05;0.997335;2.12274e-06;1.81764e-06;4.51844e-07;4.54847e-08;2.14007e-05;0.000191759;7.39679e-06;8.55696e-07;8.1354e-06;0.00130349;0.00108509;1.43815e-05
1.61654e-05;0.296732;4.2187e-06;2.2916e-05;5.23903e-06;2.42858e-05;6.52203e-05;0.000417335;7.39982e-06;8.94661e-06;1.85098e-05;0.640466;0.062198;1.39604e-05
5.1568e-07;0.990127;4.58048e-07;1.97423e-06;4.93502e-07;2.50175e-06;0.000103947;0.00583121;7.99861e-07;1.88029e-05;4.94644e-07;1.24038e-07;0.00386284;4.85099e-05
8.2844e-10;3.15974e-10;0.999999;3.2434e-09;1.64849e-10;1.64015e-10;1.01961e-09;3.22704e-11;5.67451e-10;4.04117e-10;3.7024e-09;7.64584e-07;6.91594e-10;7.08479e-12
2.44788e-05;0.883782;2.54845e-06;2.73134e-05;5.20502e-05;2.31618e-05;4.54883e-05;0.11086;0.00113787;7.92591e-06;3.09556e-05;0.00295664;0.00100687;4.26504e-05
2.78227e-07;0.994158;1.62906e-11;1.84959e-08;2.30189e-09;7.08571e-08;2.12517e-06;3.44718e-07;6.1782e-08;5.99676e-08;1.60583e-07;6.47856e-06;0.00583253;7.97652e-09
3.50282e-05;0.484556;7.81028e-05;1.3239e-05;0.000292025;3.52635e-05;4.673e-06;0.341268;6.78232e-07;1.21112e-05;2.29648e-06;0.100275;0.0724311;0.000995754
0.000752125;0.285063;0.000419849;0.00303437;0.0798814;0.142782;0.0167744;0.0299089;0.0037628;0.00113709;0.000597608;0.00953848;0.420472;0.0058764
0.000274877;0.00383672;5.76108e-08;2.13304e-06;7.37225e-06;2.68519e-06;2.35113e-06;0.412325;0.000158891;1.23655e-07;4.89326e-06;6.81504e-05;0.583277;4.00384e-05
0.000291654;0.915461;1.91257e-05;5.26353e-05;5.97602e-05;5.50015e-05;0.00229189;0.00411651;0.000170925;0.00113872;9.10366e-06;0.00118992;0.0144445;0.0606996
7.28702e-10;1.36936e-09;1;7.86727e-10;3.93545e-11;5.35416e-12;1.25472e-09;4.851e-10;7.42004e-10;5.4593e-11;1.96877e-09;3.50751e-08;4.60149e-11;1.24418e-12
2.59259e-05;0.850595;2.20542e-05;1.37771e-05;0.000182536;1.71813e-06;5.43133e-06;0.0844137;1.85025e-05;2.67867e-06;2.15577e-05;0.00329689;0.0613179;8.22613e-05
2.11055e-07;0.00655909;2.76638e-08;7.9911e-06;0.00393112;1.58466e-05;5.39309e-09;0.000569086;2.26303e-07;2.04674e-07;2.16536e-06;0.136161;0.00216568;0.850587
2.53185e-05;0.919181;2.03444e-08;4.45914e-06;9.78746e-05;4.83256e-08;6.50344e-05;0.02858;4.96816e-06;1.31765e-06;5.43943e-05;0.00123473;0.0507328;1.83774e-05
7.37303e-05;0.0647237;0.141524;4.83493e-05;0.00428098;0.000381706;1.32612e-05;0.000615782;1.83645e-06;0.000124483;1.05973e-05;0.786865;0.000748154;0.000588113
7.15017e-05;0.0406681;1.86406e-05;8.3965e-05;0.000592289;8.98952e-05;1.61762e-05;0.928415;0.00624878;7.46695e-07;0.00136212;0.0208738;0.00124863;0.000310093
2.23831e-05;0.11272;9.19451e-06;8.11707e-08;1.86522e-05;5.96387e-07;5.22682e-08;0.886929;4.41495e-08;9.10749e-07;8.17169e-09;4.24279e-06;0.000212161;8.33081e-05
1.21404e-07;0.00139412;2.01189e-06;1.82623e-07;1.56729e-05;4.15217e-06;7.43806e-10;1.29946e-05;8.96204e-08;1.16356e-08;1.17493e-08;0.997809;0.000518036;0.000243501
3.04348e-06;0.997557;8.06284e-09;3.14276e-08;5.13187e-09;9.57081e-09;3.51639e-06;6.18732e-06;2.20597e-06;1.98867e-08;4.76872e-07;9.51508e-06;0.00241794;1.28106e-08
1.81205e-05;0.19644;0.000754183;1.8686e-07;3.48646e-06;4.91483e-07;1.11094e-06;5.45041e-05;2.03893e-06;3.7684e-07;3.09746e-07;0.802628;9.70486e-05;6.90469e-07
1.90138e-07;0.99959;1.77346e-10;4.90917e-09;1.09734e-08;1.74282e-08;0.000203581;1.46724e-06;2.51355e-08;1.2254e-06;1.40075e-09;1.49382e-09;9.56334e-07;0.000202588
3.93212e-08;6.81377e-09;0.999998;3.85766e-09;1.31481e-09;3.81766e-10;4.94946e-07;1.01268e-09;1.70388e-07;7.50665e-09;3.207e-09;1.26817e-06;5.38617e-09;4.86357e-10
5.38724e-05;0.00118228;4.31577e-08;2.17906e-05;2.30077e-05;1.84668e-05;0.000176944;0.0468736;0.94598;5.52301e-06;0.00402162;0.000508222;0.00113461;1.05894e-07
8.31804e-06;0.999019;4.20425e-05;9.26544e-06;2.63286e-07;9.83228e-08;7.69729e-07;3.41192e-06;2.10311e-06;7.88239e-07;2.10638e-07;1.04355e-05;0.000903251;7.87827e-08
0.000194936;0.986119;9.1542e-07;1.63972e-05;1.29014e-06;3.53264e-08;1.50347e-05;0.00536559;0.00167533;4.66937e-06;5.75631e-05;0.00551875;0.00102852;1.63937e-06
0.00152911;0.744259;8.6334e-07;0.00100409;0.00921367;0.000114253;8.91524e-05;0.0334249;0.00430347;0.00321659;0.00102773;0.0127578;0.000497804;0.188561
0.000873833;0.102945;0.000106706;4.97104e-06;1.66706e-05;1.08636e-05;0.000225298;5.52089e-05;3.16494e-05;2.86055e-05;8.58654e-05;0.875112;9.21127e-05;0.0204108
6.98172e-08;0.998376;1.82226e-09;4.54174e-09;1.86239e-09;2.53523e-09;0.000404309;4.89826e-06;9.41183e-08;3.16337e-06;1.4065e-08;4.11383e-10;2.03921e-07;0.00121156
3.2323e-10;2.50806e-10;1;3.41011e-10;1.60871e-10;2.3058e-10;1.04815e-09;1.77265e-10;1.23287e-09;1.81191e-10;1.05932e-09;3.09454e-07;1.52505e-10;3.40821e-11
3.68187e-06;0.0133628;1.14706e-08;1.57503e-06;9.64599e-06;1.07335e-05;1.86303e-08;0.00230926;7.39515e-06;7.04839e-08;3.40992e-05;4.86113e-05;0.984209;2.96119e-06
2.71668e-05;0.996245;1.08344e-06;1.09787e-06;2.62826e-06;8.17617e-07;3.20865e-05;0.000188432;3.89131e-07;5.10415e-05;7.18979e-07;5.87824e-05;0.000424337;0.00296615
2.72081e-10;1.45857e-08;1;4.76259e-10;1.12255e-10;2.4312e-10;1.79165e-10;3.68792e-10;1.41544e-10;4.40896e-11;1.45347e-09;1.71598e-08;1.1742e-10;3.6824e-11
9.67124e-06;0.0462672;0.000678797;3.1836e-06;0.000224398;4.37065e-05;0.000125531;0.298441;1.9837e-05;7.76606e-05;0.000807851;0.606054;0.0472355;1.1127e-05
2.39067e-07;0.951588;2.05806e-08;3.23934e-05;4.64884e-05;0.000212105;5.18141e-07;0.00203799;1.07592e-06;2.81571e-06;0.000194543;0.00191554;0.037057;0.00691142
3.08794e-05;0.0613643;0.000531857;0.00029849;2.12251e-05;2.2422e-06;0.000180919;0.0121856;2.86711e-05;0.000104911;0.00636919;0.878264;0.0405694;4.77659e-05
0.000670182;0.521754;2.50197e-09;0.0107033;0.000648569;0.000356269;0.00275862;0.00582811;0.0731123;0.000800681;0.259726;0.0185275;0.105083;3.07603e-05
0.0178168;0.667393;0.277045;0.00085579;7.48336e-05;3.55978e-06;0.000119705;0.00043153;0.000587204;8.58425e-05;4.60723e-05;0.0335775;0.00196161;1.62912e-06
0.0256154;0.251792;9.44857e-05;0.000140833;0.00014612;5.90285e-06;4.11514e-05;0.57228;0.141454;7.8601e-06;0.00192486;0.00316329;0.00331953;1.5191e-05
6.35548e-05;0.992647;4.56818e-08;4.59492e-07;7.06268e-07;2.9001e-08;3.16675e-06;0.00591968;5.30642e-05;1.15243e-06;1.68882e-05;0.000586972;0.000698862;8.36133e-06
2.44875e-05;0.0291317;2.71049e-05;1.41323e-05;3.67573e-06;1.7607e-05;2.34541e-06;3.53691e-05;7.17244e-06;2.5189e-06;1.27972e-05;0.967066;0.00288934;0.000766001
4.36128e-06;0.993703;7.48155e-09;1.34577e-06;1.45389e-08;1.88472e-08;0.0043095;5.58293e-05;2.4208e-05;5.64446e-05;1.26308e-06;2.00089e-09;1.87944e-07;0.00184389
7.80965e-09;4.46527e-10;1;3.94432e-09;1.7041e-09;5.982e-11;7.96017e-09;3.08035e-10;8.10418e-09;1.01314e-09;3.02498e-09;9.93046e-09;3.41888e-10;1.38884e-10
2.8328e-06;0.972117;9.87934e-10;7.10087e-08;1.14253e-05;9.58847e-09;1.04243e-06;0.0277847;7.82585e-05;4.11753e-07;7.57653e-07;2.35348e-07;2.67135e-06;7.89322e-08
1.67761e-05;0.00569616;0.00963311;5.55092e-05;0.000438151;0.000149888;1.61762e-06;2.74133e-05;2.07346e-07;0.000451334;1.04443e-06;0.982705;0.000668842;0.000155205
0.000182516;0.857818;1.34193e-05;1.02588e-05;4.54067e-05;1.03192e-05;0.00140577;0.136325;0.00031311;4.1916e-06;0.000141722;0.00125033;0.00182177;0.00065784
0.000148124;0.00712577;3.95786e-06;4.42993e-05;0.000146374;3.62799e-05;4.63435e-05;0.019908;0.000142146;1.10057e-05;0.000147041;5.99042e-05;0.971674;0.000506398
0.00132966;0.979947;1.80472e-06;2.03087e-06;7.03695e-08;7.76952e-08;0.0119362;4.93544e-05;2.77559e-05;0.0018123;4.88479e-07;0.000351721;0.000349571;0.00419169
3.25795e-09;1.00046e-09;1;4.42833e-10;2.54746e-11;1.65192e-11;7.57005e-10;1.76965e-10;1.61158e-09;1.30027e-10;1.91627e-10;9.90133e-08;2.19642e-11;9.74953e-13
9.70116e-05;0.0317993;0.000469749;0.000273137;0.000665542;0.000139412;5.99643e-07;0.331702;4.91266e-05;3.99328e-05;0.000128617;0.000115974;0.63437;0.00014971
0.000146939;0.0428074;0.00198958;0.00148108;6.54355e-05;0.00133541;5.81521e-05;0.00548169;0.000324072;0.0036673;0.00823576;0.85688;0.0774739;5.28456e-05
6.97629e-09;0.000482623;4.74623e-08;1.37797e-08;2.80709e-12;6.60826e-10;0.992455;2.17746e-12;1.22285e-09;0.00706203;4.83661e-07;1.68613e-11;4.25691e-10;2.48385e-08
5.46844e-12;4.19113e-12;1;2.47134e-11;4.90337e-14;1.44922e-13;1.70362e-09;3.81001e-14;6.22802e-11;2.28459e-11;1.99029e-10;1.19827e-10;3.23855e-13;5.83551e-16
