4.37572e-06;0.997571;1.82255e-07;3.24567e-07;6.66253e-08;1.64513e-05;7.96385e-05;0.000264258;2.54373e-08;2.25175e-05;3.67469e-08;1.6114e-08;0.000124396;0.00191624
2.03868e-11;9.26942e-11;1;2.04279e-11;6.3391e-12;7.46685e-11;1.9649e-09;2.38506e-12;4.28319e-13;1.42457e-09;1.84446e-12;1.10022e-10;6.63197e-12;2.32832e-11
3.1816e-08;3.21378e-08;0.999994;3.85024e-07;2.34935e-08;1.11881e-07;3.31423e-07;5.22403e-08;3.00676e-07;3.30077e-08;4.44303e-07;3.65827e-06;7.5784e-07;1.03719e-09
7.85815e-10;1.02823e-07;0.999291;1.84118e-08;1.2886e-08;1.15745e-08;1.62121e-10;7.1611e-07;1.30556e-10;3.08201e-10;1.37127e-09;0.000708428;1.57449e-08;3.43346e-08
1.39486e-08;2.87994e-05;2.91394e-09;1.15365e-06;0.000925516;0.00365793;3.31481e-09;5.9092e-07;1.48386e-08;1.1574e-08;1.34601e-07;3.28865e-08;2.12409e-05;0.995365
9.0627e-06;0.358099;0.000181637;1.19583e-06;0.00017944;0.000277516;1.79186e-08;0.000909499;6.76405e-09;2.37842e-07;2.53343e-07;0.638507;0.00153567;0.000299615
6.55772e-06;0.155267;9.08523e-08;2.35763e-07;0.000618919;5.19608e-05;1.27644e-07;0.829757;2.67588e-06;1.45073e-07;1.03446e-06;1.22915e-05;0.0142366;4.50997e-05
0.00014322;0.372217;0.136958;0.000315802;0.0672538;0.00526386;3.33063e-07;0.000992536;7.17405e-07;0.000144109;1.53016e-06;0.107011;0.307389;0.00230988
2.6325e-05;0.501072;4.62773e-05;0.000304956;0.00334474;0.000103403;1.67613e-06;0.342346;8.55899e-05;3.30671e-06;6.44113e-05;0.0943821;0.0577139;0.000505609
1.24269e-05;0.743667;1.38771e-06;4.34601e-05;0.00559132;0.000589227;2.65859e-06;0.202457;4.51151e-06;1.49574e-05;3.10551e-05;0.0282038;0.018138;0.00124342
1.40719e-05;0.052168;9.72978e-08;2.42792e-06;0.000336081;1.25681e-06;9.87122e-07;0.880724;1.34431e-07;1.08918e-05;2.69403e-06;0.000112303;0.0666253;2.11831e-06
1.59006e-05;0.000928822;0.568451;0.000638184;0.00710331;0.00283765;4.74155e-07;2.29024e-05;3.42735e-07;0.000114516;1.10272e-05;0.417148;0.000437849;0.00229011
0.00176822;0.19941;9.31379e-08;4.58991e-06;1.16015e-05;3.74792e-05;7.07313e-05;0.754386;0.00236231;1.79542e-06;0.00315319;0.000754521;0.0380374;2.4598e-06
4.9153e-06;0.99766;3.16692e-07;7.85019e-08;3.73739e-08;2.69025e-07;0.0016246;2.82252e-05;2.45515e-07;2.53543e-05;8.28666e-07;1.61218e-06;0.000649169;4.62919e-06
9.373e-07;1.43668e-07;0.999931;4.00671e-07;1.70629e-08;1.80574e-07;9.65331e-06;5.27155e-07;2.87908e-05;8.74347e-08;4.73348e-06;2.32424e-05;2.42965e-08;1.64837e-07
5.84987e-08;0.999936;4.1646e-10;6.49038e-11;7.27201e-12;5.24449e-12;7.96445e-08;2.8163e-08;9.17438e-09;7.00053e-11;4.72111e-09;2.27588e-07;6.3396e-05;3.05475e-12
7.72342e-10;7.92318e-05;2.89117e-10;2.61733e-08;6.59063e-08;7.48729e-08;1.20742e-11;8.56574e-07;3.95476e-08;2.56012e-10;1.51246e-08;0.999918;1.17568e-07;1.50154e-06
7.67166e-07;0.919631;1.77476e-08;7.67026e-08;2.11569e-07;4.57915e-07;1.37988e-07;0.000454342;2.95158e-08;1.91751e-08;2.45333e-07;3.75911e-05;0.079868;7.47523e-06
7.36298e-06;0.352728;6.99663e-05;2.37876e-06;9.40699e-05;4.44814e-05;7.41221e-07;0.00567683;6.5507e-07;1.25379e-06;7.47031e-07;0.584597;0.0132183;0.0435581
8.73579e-06;0.281175;7.00592e-05;0.00682052;0.0189097;0.0688382;1.2307e-05;0.274319;0.000308298;0.000110176;8.56877e-05;0.00376347;0.291013;0.0545657
1.17917e-05;0.965003;9.74417e-09;3.24695e-05;1.82413e-06;7.20783e-06;1.88362e-05;0.00377648;3.53075e-07;1.64184e-05;1.1029e-06;7.58972e-07;0.0306944;0.00043551
9.11663e-09;1.16595e-09;1;3.38623e-08;1.16179e-10;8.67121e-11;1.86158e-09;1.11635e-09;1.60685e-09;4.42848e-10;1.16011e-08;5.3412e-09;4.6299e-09;2.31678e-11
7.19875e-06;0.00253914;0.00268937;0.000350913;4.27011e-05;7.6532e-05;7.3258e-07;0.00829776;3.48216e-05;1.4863e-06;8.52651e-05;0.985151;7.07328e-05;0.000652857
8.26216e-06;0.88666;3.34783e-08;0.000198159;0.000396282;0.00177431;9.80022e-06;0.0397404;1.95156e-05;5.99517e-06;0.00151483;5.06252e-05;0.0691845;0.000437228
1.15379e-05;0.89304;3.45009e-05;3.49193e-05;0.0161101;0.00188511;3.88763e-07;0.0148074;2.38457e-08;1.48192e-05;7.14628e-06;0.0140678;0.035339;0.0246469
1.55232e-05;0.0117773;7.11478e-06;0.000159606;5.57809e-06;0.00041067;7.89253e-06;0.000919454;0.000130756;5.23407e-06;0.000681315;0.000117666;0.985743;1.88992e-05
7.23668e-06;0.999214;0.000139378;6.92818e-06;2.38873e-06;1.58325e-06;3.57061e-09;5.87575e-05;7.27878e-09;1.82244e-07;6.63632e-10;2.38453e-06;0.000563281;3.20959e-06
1.1197e-06;0.999372;8.26826e-08;2.24786e-07;2.27842e-08;4.23127e-06;2.71652e-05;3.86395e-05;1.14145e-09;0.000303669;1.12452e-09;3.77834e-09;8.05694e-05;0.000172226
2.68365e-11;1.11992e-11;1;5.46519e-10;3.70358e-11;3.7599e-09;9.52876e-09;6.49094e-11;6.22422e-12;1.37778e-08;8.16666e-11;3.23136e-09;1.91257e-11;8.69824e-12
4.47769e-09;6.02153e-08;0.999997;1.64769e-07;1.65444e-09;3.76174e-08;1.66945e-06;2.45127e-08;8.00717e-09;9.31424e-08;1.05693e-07;1.75004e-07;9.92465e-07;9.40055e-11
1.30254e-09;2.14127e-08;0.99962;5.29832e-07;2.11883e-07;3.23286e-08;8.24215e-10;2.51838e-06;1.22017e-09;1.67898e-09;3.50931e-08;0.00037598;1.36891e-09;6.82924e-07
4.78609e-08;0.00058841;5.89528e-08;2.63628e-06;0.00676583;0.00463683;3.76627e-10;0.0210455;7.83705e-09;3.71708e-08;4.38127e-08;1.41426e-06;1.09384e-05;0.966948
7.15885e-06;0.00275043;0.109832;0.00054626;0.0184856;0.0538061;6.68147e-07;6.00725e-05;6.84506e-09;6.37165e-05;4.44035e-06;0.685528;0.00376856;0.125147
0.000152282;0.037932;0.00431244;0.000106072;0.000737066;0.00176437;5.91626e-07;0.64108;7.76672e-06;1.01341e-07;0.00067206;6.79134e-06;0.313227;1.3236e-06
2.41789e-07;0.999898;6.7077e-09;1.3262e-08;7.76832e-09;2.01237e-07;6.98687e-06;9.97928e-07;1.10876e-09;1.74806e-06;4.28384e-08;2.89462e-09;5.25314e-05;3.92077e-05
1.61957e-10;3.30759e-11;1;6.54666e-10;1.49063e-10;8.23907e-11;2.04249e-10;1.09954e-11;6.2367e-11;1.70964e-10;1.06118e-10;2.16343e-08;4.59557e-12;4.56224e-11
0.000570897;0.0425731;6.59529e-05;0.00280824;0.0517182;0.000516906;0.000581683;0.343828;0.277206;6.02294e-05;0.23028;0.0228183;0.00841129;0.0185615
1.10966e-05;0.970659;5.17741e-09;2.25832e-06;6.74976e-06;1.46851e-05;0.000165435;0.0180263;2.28139e-05;2.76768e-05;8.26927e-05;3.08476e-09;0.0109678;1.38105e-05
2.28811e-10;1.04838e-11;1;8.82615e-10;2.42458e-10;6.08753e-10;1.28653e-10;2.41966e-12;2.90256e-11;3.58595e-10;1.21344e-09;7.03375e-08;2.69046e-11;6.9442e-10
2.514e-05;0.330677;0.651321;1.31703e-06;2.7684e-06;5.15698e-06;0.000252678;0.00128427;8.6484e-06;1.11711e-06;2.59927e-06;0.00920737;0.00717355;3.81167e-05
4.16694e-06;0.0920582;4.01326e-05;2.08839e-05;0.0174499;0.00825441;1.61238e-07;0.000290871;2.66948e-05;2.16446e-06;9.48449e-05;0.0117852;0.00997531;0.859997
1.03328e-06;0.99922;3.51202e-08;5.0265e-08;1.27003e-06;1.53157e-07;2.5832e-07;7.30833e-06;3.42319e-09;6.29684e-07;2.15844e-08;2.40083e-06;9.16397e-05;0.000675678
1.67693e-09;4.30413e-09;1;6.5602e-10;2.83382e-10;5.27548e-10;2.30886e-09;5.57471e-09;2.37471e-10;1.27906e-10;2.42927e-10;1.79872e-07;1.12495e-07;9.11954e-12
2.77415e-05;0.445499;4.96898e-06;0.0096201;0.000189837;0.0010173;0.00180975;0.0651951;0.0116459;0.000459977;0.0410663;0.00105038;0.422208;0.000206427
1.25475e-05;0.708839;0.0171582;0.0030266;0.000256586;0.000474843;1.13034e-06;0.00485901;1.00758e-07;3.23853e-05;1.20662e-05;0.25953;0.00572763;7.00306e-05
5.82184e-06;0.00697744;1.66235e-07;7.71025e-05;7.35511e-07;7.29594e-06;0.000458551;0.000194601;2.32811e-06;7.49268e-06;0.00315596;3.63352e-06;0.989095;1.42229e-05
0.000533105;0.124965;4.48796e-07;0.451125;0.152484;0.0109375;5.8054e-05;0.0309632;0.00160071;0.00109799;0.0133146;0.1946;0.00271791;0.0156027
1.19718e-06;5.41478e-05;1.91543e-12;1.27114e-08;3.18986e-06;1.19553e-10;2.76418e-09;0.999941;1.1395e-07;1.52982e-09;8.76024e-08;9.25982e-08;2.44353e-07;1.7173e-09
1.40067e-05;4.40828e-05;0.999145;0.000104587;0.000529247;1.6022e-06;4.12642e-07;1.18627e-07;2.55357e-07;6.70802e-06;4.17276e-06;6.88231e-05;5.67502e-06;7.56747e-05
0.00631087;0.632008;4.77499e-05;2.9455e-05;0.00118794;2.49338e-05;0.000421435;0.188742;0.0122659;7.96776e-06;0.00430077;0.000118906;0.153434;0.00110023
0.000480839;0.177569;1.81741e-07;4.14789e-06;0.000633509;1.08244e-05;1.89194e-06;0.000559727;0.000821349;4.88148e-06;0.000350706;0.804456;0.000243339;0.0148636
0.0036883;0.619452;6.46128e-10;1.34877e-05;0.000132455;1.42209e-06;0.000210862;0.0246779;0.347582;1.87278e-06;0.00376418;6.77123e-06;0.000220746;0.000248206
0.000862502;0.364407;7.47868e-06;2.48515e-05;1.49373e-05;4.87864e-07;7.17686e-08;2.4017e-05;1.19628e-05;4.86052e-07;6.67656e-06;0.11893;0.515707;1.80435e-06
0.000161999;0.964111;1.02154e-05;1.85146e-06;3.15426e-07;1.81317e-08;1.4312e-07;0.000732982;1.28957e-05;8.90865e-08;2.25997e-05;0.0327136;0.000645348;0.00158693
1.52063e-05;0.0831313;2.46988e-06;1.24018e-05;0.494483;0.000457479;1.99078e-07;0.214647;3.03857e-05;3.7717e-06;2.62467e-05;0.134719;0.0563765;0.0160955
5.43272e-07;7.85809e-07;6.41275e-08;1.92096e-08;5.35514e-10;1.33361e-06;1.2132e-08;4.18838e-07;1.8684e-06;1.5264e-08;8.5578e-07;1.52169e-07;0.999994;1.23138e-11
9.04356e-08;2.42766e-05;0.999975;4.8628e-08;1.01929e-08;1.27087e-09;1.70857e-09;1.49704e-07;1.68969e-09;7.39014e-08;1.05759e-09;6.37819e-07;5.99239e-09;4.68126e-10
5.5302e-06;0.989765;4.07255e-06;4.03692e-05;6.71606e-06;3.2861e-06;6.11672e-06;0.0063293;0.000287189;1.39926e-06;0.00091448;1.50848e-05;0.00258072;4.03871e-05
