2.04658e-06;0.999766;0.000142117;1.29827e-05;1.40568e-06;2.14632e-07;1.28081e-07;2.3851e-05;4.2722e-08;3.40226e-07;4.13203e-08;5.37811e-06;4.26484e-05;2.55717e-06
4.10467e-07;0.998735;1.49746e-08;1.23614e-08;4.32436e-10;5.22924e-09;1.45685e-07;2.24349e-06;1.24268e-08;4.31727e-09;6.24798e-08;1.58512e-06;0.00126074;2.20998e-09
3.28659e-07;9.65554e-05;5.07515e-06;4.97489e-07;0.000106985;3.86764e-05;8.09438e-09;0.00281807;4.60879e-07;2.73836e-08;1.61823e-06;0.996912;1.99269e-06;1.73181e-05
4.54934e-08;0.999901;1.56561e-06;8.83373e-09;6.95454e-11;3.75604e-09;8.86759e-05;4.08065e-08;6.70156e-09;6.30667e-06;2.6378e-08;2.18908e-08;4.75235e-09;2.04031e-06
1.00498e-10;1.47814e-10;1;4.73308e-10;2.77572e-11;3.74431e-10;1.2987e-10;1.13751e-10;2.92742e-10;1.17013e-11;3.89325e-10;1.64259e-08;5.05484e-11;2.82817e-12
7.72566e-06;0.18771;2.36578e-06;6.21343e-06;9.86091e-05;0.00104656;5.27509e-05;0.0982868;0.000194415;2.12959e-05;0.000621424;2.94567e-07;0.711948;3.048e-06
5.33698e-10;1.29322e-10;1;6.26975e-10;7.98495e-12;2.44549e-11;3.5576e-10;2.07043e-10;5.26883e-09;2.27009e-10;7.91311e-09;2.6987e-07;1.32023e-09;3.45589e-12
2.99315e-07;0.000626305;0.000352682;1.14602e-06;3.7624e-05;2.53996e-07;9.23032e-09;0.000510227;2.18504e-05;4.91154e-08;2.15301e-06;0.998394;6.22295e-07;5.28279e-05
2.45957e-07;0.999146;1.92043e-12;1.8355e-10;1.3471e-06;9.13585e-08;6.82962e-09;0.000562667;3.23967e-09;5.18249e-09;1.60663e-09;2.50522e-07;0.00028895;1.26548e-07
1.01149e-06;5.00485e-05;0.142884;5.04649e-06;0.686964;0.0131742;9.03968e-11;0.000929652;2.03304e-10;2.21534e-07;1.6822e-09;0.136911;6.02452e-06;0.0190749
1.8592e-08;0.999825;3.53973e-13;2.06998e-10;2.7277e-09;1.49391e-09;2.28666e-08;1.23526e-06;1.32448e-10;1.53159e-09;1.41508e-11;1.27723e-09;2.09363e-06;0.000171698
0.000238952;0.341911;5.40493e-05;8.76816e-05;0.000180406;4.79129e-05;0.000531187;0.19264;0.000348071;3.17152e-06;2.18336e-06;4.49541e-05;0.463909;1.27638e-06
2.07054e-06;0.995732;0.0018363;0.000233319;1.29529e-05;7.91212e-07;1.14372e-08;0.00016655;1.73791e-08;6.43951e-07;2.93363e-09;8.25005e-05;0.00192284;9.98331e-06
5.72189e-06;0.981502;1.6994e-08;0.000172769;1.39816e-05;5.14722e-05;5.10108e-06;0.0134801;4.44824e-05;1.33134e-05;2.70726e-05;3.23347e-05;0.00463921;1.29056e-05
0.000115332;0.00418565;0.0207181;0.00295727;0.00187138;7.26995e-05;4.72099e-07;7.26429e-05;7.79026e-06;1.40664e-05;8.81159e-05;0.969808;7.77002e-06;8.03315e-05
0.00309221;0.687385;4.61461e-06;3.16062e-05;0.0001236;2.5027e-05;0.000307396;0.0285862;0.00864334;6.94093e-06;0.00322572;0.000696913;0.267684;0.000186922
9.05637e-05;0.268682;1.04364e-05;2.02874e-05;0.00156031;8.737e-05;6.53345e-06;0.000346353;1.35697e-05;2.47319e-05;2.7479e-05;0.00561951;0.018365;0.705146
9.2438e-05;0.151942;3.22447e-07;1.13941e-05;0.00299137;9.26952e-06;1.15522e-05;0.716005;0.000683361;2.14966e-05;7.94491e-05;0.127054;0.000569006;0.000529754
0.000209282;0.325296;3.54232e-06;0.000177742;0.00169525;0.000629899;8.89557e-05;0.0527464;0.000459717;4.38524e-05;0.00627137;0.118832;0.49354;5.54847e-06
3.23862e-06;0.00490386;1.31281e-09;4.22996e-06;6.99877e-07;4.41173e-07;6.19592e-06;0.000266245;4.1108e-07;4.66427e-07;1.09047e-05;0.000113355;0.994687;3.32353e-06
0.000803942;0.309035;9.52741e-07;0.0317263;0.0227896;0.141938;1.78241e-06;0.267548;0.000210124;0.000189022;0.00137374;0.10896;0.0676717;0.0477526
0.000189722;0.785026;1.39453e-06;4.48892e-05;2.05002e-05;4.36782e-06;0.000118685;0.187852;5.21067e-06;4.0416e-05;0.000152119;3.05727e-06;0.0259615;0.000580734
0.000651791;0.00672799;0.00152806;0.00860358;0.692481;0.0015852;0.000108109;0.0281267;0.0102947;4.1645e-05;0.00552994;0.0289214;0.0372539;0.178146
0.00039011;0.759649;3.83743e-06;1.75892e-05;0.00135765;1.46397e-05;0.00490289;0.211779;9.81349e-05;0.000108535;0.000150726;3.71239e-07;0.0214953;3.20854e-05
7.34139e-09;3.60896e-10;1;2.88948e-09;7.68258e-11;8.00888e-12;1.17828e-08;1.32383e-11;1.1973e-08;6.38256e-10;4.52062e-09;5.8448e-09;1.31812e-11;3.92863e-11
1.52541e-05;0.000238259;0.981206;3.63268e-06;8.5639e-05;5.54342e-06;3.33271e-07;0.00960013;1.13371e-05;1.88486e-07;8.5082e-07;0.00877471;4.10219e-06;5.35215e-05
3.27685e-06;0.000943213;0.00129655;1.82405e-05;0.0186338;0.895051;7.77265e-08;4.96032e-06;2.22155e-05;1.37656e-06;3.4071e-05;0.000384431;0.0368907;0.0467157
4.94181e-06;0.000929981;5.98183e-05;1.29461e-05;0.00401263;0.00115389;1.16676e-06;0.00461269;4.79486e-06;1.93545e-06;0.000108545;0.0213835;0.967633;8.03709e-05
0.000177639;0.0449833;1.80434e-05;0.00037732;0.0267342;0.0011698;1.90708e-07;0.273357;0.0032433;7.49324e-07;0.000118781;0.588251;0.0615671;1.21284e-06
1.22766e-05;0.631441;7.8205e-09;2.49539e-07;1.08208e-05;1.04015e-07;2.87071e-08;0.367581;1.05777e-07;2.03128e-07;1.28355e-08;3.39152e-06;0.000950295;4.59831e-07
7.89094e-05;0.767748;0.000316579;4.1546e-05;4.03234e-07;3.04621e-07;1.57258e-06;0.00176677;4.62912e-05;1.07817e-05;3.68894e-06;0.222324;0.0076602;2.44229e-07
7.96459e-05;0.0395004;2.42302e-05;0.711579;0.00660785;0.0702819;2.64345e-05;0.000193255;0.0307115;0.0492643;0.00546568;0.0555953;8.67925e-05;0.030584
0.10153;0.839201;0.0431103;0.00953921;0.000100512;1.56669e-05;5.93914e-05;8.94231e-05;7.13175e-05;0.00030379;0.000497813;0.000511907;0.002022;0.00294751
3.43796e-05;8.78597e-05;1.24888e-09;1.37279e-08;1.61647e-06;1.26184e-09;1.12711e-07;0.999777;2.24931e-05;6.13683e-08;9.20326e-06;3.95931e-06;6.34569e-05;9.41111e-10
1.49346e-07;0.00443753;0.995486;3.13521e-06;2.64998e-06;1.75905e-06;7.12291e-10;8.99014e-06;1.8911e-08;3.4904e-06;5.14598e-08;1.48584e-05;3.7534e-05;4.0687e-06
0.00132175;0.252784;0.000645421;0.000485068;0.000527735;0.0011359;0.00259714;0.0956262;0.176388;0.000329937;0.0427765;0.285316;0.137871;0.00219535
