1.19873e-06;0.999499;4.08882e-09;1.52211e-07;4.02725e-08;4.06801e-08;7.94179e-05;0.000317782;1.31042e-06;9.65667e-06;9.93189e-07;9.79266e-10;9.82457e-06;8.01961e-05
1.97755e-10;3.21734e-09;1;1.87704e-11;1.18827e-12;1.60021e-13;3.95848e-10;4.86423e-13;1.02493e-11;5.93704e-11;4.64251e-11;5.29454e-09;3.67661e-12;2.38206e-12
2.12934e-06;2.27723e-05;8.70439e-07;2.0585e-06;0.00334384;1.91612e-05;8.73648e-07;0.0272088;4.47828e-05;3.77885e-07;7.10305e-05;0.968395;4.28205e-05;0.000845013
6.37983e-08;9.75457e-05;1.41735e-06;4.08085e-08;3.10313e-05;1.8563e-06;3.75323e-08;0.000372402;1.07025e-09;6.31971e-09;4.249e-07;3.94034e-07;0.99949;4.26181e-06
7.18942e-06;0.00148829;7.27879e-07;1.69265e-05;0.000187266;0.0129875;4.72959e-07;0.00341467;6.85246e-06;3.16819e-06;2.25127e-05;0.0259747;0.955207;0.000682969
2.02616e-08;2.33881e-06;0.999952;1.15461e-08;1.95363e-08;2.82406e-09;1.16186e-10;7.70166e-08;3.41765e-11;1.89255e-09;1.75565e-11;4.52206e-05;1.65165e-09;1.292e-08
1.3577e-06;0.462237;5.71967e-09;1.69104e-05;0.00585823;5.8595e-06;8.08336e-06;0.530853;0.000159392;1.77581e-07;0.000121474;1.03496e-05;0.000720494;7.85509e-06
6.65772e-05;0.917484;0.00857443;0.00456958;0.00113537;0.00604857;7.89428e-05;0.0218001;4.10296e-05;0.000936673;0.000363884;0.00170825;0.0342341;0.00295846
5.28686e-06;0.80525;8.54535e-07;6.79441e-08;1.1856e-08;2.9555e-08;7.27396e-05;4.63479e-05;4.61613e-06;4.87191e-08;4.49803e-06;0.00123133;0.193384;1.26972e-08
8.15505e-05;0.075444;3.69385e-05;6.9201e-05;0.0721987;0.000798109;0.000156294;0.144634;0.00319892;6.87049e-06;7.15986e-05;0.688347;0.00666549;0.00829132
7.71092e-05;0.0929045;0.000150601;1.27822e-05;0.00560553;2.55459e-05;2.97244e-07;0.291697;1.00005e-06;1.39422e-07;2.4855e-06;0.247685;0.361375;0.000462665
2.04927e-06;0.230119;2.82902e-06;7.16534e-07;3.50843e-07;6.46363e-06;3.44993e-08;0.010635;1.15558e-07;1.01187e-07;1.52693e-07;0.00148624;0.757735;1.24959e-05
1.44783e-05;0.035712;2.18864e-06;0.00552964;0.00128473;0.00211699;3.86961e-05;0.00338672;3.43803e-05;0.00030413;0.000945305;0.00794931;0.902652;0.0400296
1.34092e-05;0.00301083;5.63577e-06;0.000189559;1.1256e-06;3.61758e-06;1.88859e-06;4.73148e-05;1.59446e-05;1.49336e-06;0.00131469;0.995064;0.00032966;8.37132e-07
8.34881e-05;0.995016;0.00419293;8.04676e-05;2.69369e-06;7.24393e-07;9.47418e-05;0.00038917;2.29393e-06;4.58395e-05;8.92928e-06;2.6518e-06;6.2242e-05;1.75364e-05
3.16509e-07;2.54413e-05;0.999972;1.85255e-07;1.22522e-09;9.91083e-10;1.90547e-07;5.62356e-09;1.10132e-07;5.6655e-08;4.62173e-07;1.45179e-06;1.51686e-07;1.48174e-10
8.58181e-06;0.00240885;8.67746e-07;6.04867e-06;0.000216337;1.90336e-05;1.15431e-07;0.0217471;1.69557e-05;4.08863e-07;3.07715e-05;0.974648;0.000876963;1.946e-05
7.03745e-06;0.0194798;3.99606e-06;6.72662e-05;0.00132909;5.24551e-05;1.04775e-05;0.0507847;1.1396e-06;4.43033e-05;4.99775e-05;0.000148214;0.926305;0.00171637
0.000166152;0.010015;2.61176e-06;0.00280415;0.000565383;0.00116382;0.000739706;0.00198112;0.00494383;0.000276901;0.0488866;0.0208554;0.907471;0.000128415
7.32888e-06;0.00393854;0.995709;4.40059e-05;2.89633e-06;8.6446e-08;8.6667e-05;7.03313e-08;1.64583e-07;0.000188249;2.482e-07;1.10341e-05;1.32904e-07;1.19898e-05
1.83763e-06;4.08173e-06;0.999957;1.07899e-06;9.27234e-08;3.28747e-09;9.41298e-07;6.98594e-08;1.80995e-06;3.05527e-08;4.46752e-06;2.80879e-05;3.95347e-07;7.00752e-09
7.91825e-07;0.00265764;1.50962e-08;2.13094e-06;0.000274538;1.29195e-07;2.65642e-08;0.996756;2.40218e-05;8.1733e-08;1.39748e-06;0.000197205;8.61396e-05;1.66976e-07
9.7159e-05;0.433367;0.0180996;0.0509405;0.0332273;0.0477503;9.62705e-05;7.25537e-05;0.000259073;0.0240874;0.0188159;0.255117;0.0525415;0.0655288
0.00310849;0.846494;0.000583266;4.15645e-05;8.47152e-05;1.03346e-06;1.85788e-05;0.00216423;4.13014e-05;2.09074e-06;0.000364637;0.146053;0.000549593;0.000493032
0.000143725;0.988035;1.49345e-08;4.69178e-07;4.14235e-06;2.10386e-06;0.00262735;0.000118339;4.92947e-05;2.24081e-05;7.5538e-07;1.10853e-08;2.21836e-06;0.00899401
7.41774e-07;3.12559e-07;0.999586;1.93319e-08;9.51377e-10;1.42564e-10;1.04031e-07;1.20229e-08;5.38675e-06;1.51163e-09;3.72221e-08;0.000407218;5.9846e-09;4.81697e-10
0.000229563;0.792579;1.51858e-10;3.17399e-06;2.28917e-06;1.46874e-05;6.53566e-06;0.0026249;0.00136855;7.07657e-07;3.46076e-05;1.57252e-06;0.203128;7.21468e-06
0.000258764;0.0782926;0.00015202;3.76328e-05;0.000314129;3.50692e-06;1.55596e-07;0.00135351;2.72794e-06;4.32199e-07;5.59881e-06;0.912653;0.00471691;0.00220873
1.50252e-05;0.0428461;5.41899e-07;1.08719e-05;0.0497202;6.14198e-05;1.04557e-08;0.01796;4.29663e-08;3.70646e-06;4.46471e-08;0.000161585;0.881872;0.00734799
1.20561e-06;5.7219e-06;7.34617e-09;1.8553e-06;4.3232e-08;0.000155061;1.05063e-07;6.85311e-07;1.26925e-05;5.59412e-07;2.27239e-06;7.60966e-07;0.999819;4.99257e-07
1.60184e-08;4.65592e-07;0.999999;3.33069e-08;3.27375e-09;1.43083e-09;1.09652e-09;5.85484e-10;4.52463e-10;5.59311e-08;2.82358e-10;8.89023e-07;8.67303e-11;1.91807e-08
3.49967e-06;0.994794;5.8362e-06;3.49526e-05;3.20983e-05;1.78716e-05;1.0892e-05;0.0037286;0.000175674;1.0668e-06;0.000372811;4.21774e-06;0.000265077;0.000553701
