1.39081e-06;0.991416;8.90916e-09;4.13222e-07;9.22944e-07;2.59054e-07;1.48392e-07;0.00244901;4.03955e-08;5.12621e-08;2.17229e-07;1.0821e-05;0.00610365;1.68389e-05
4.19942e-05;0.89698;3.57376e-07;0.00264997;0.0242312;0.0197882;2.19545e-05;0.00591632;6.55386e-05;0.000121786;0.000150121;0.0213109;0.0200312;0.00869079
3.27633e-05;0.824395;1.61866e-06;6.71335e-06;1.2617e-08;3.25247e-07;7.35674e-05;2.34602e-07;3.13366e-05;7.19353e-07;0.000175359;0.167571;0.00771108;7.50139e-08
8.66131e-05;0.0861911;4.10925e-07;0.00028857;0.0354589;0.00293489;8.09311e-05;0.751087;0.0115905;2.66509e-05;0.0192579;0.0842186;0.0083109;0.000466613
4.33254e-07;1.65936e-05;0.999947;1.8279e-06;6.78062e-07;1.83479e-08;1.7495e-06;1.66721e-05;4.74444e-07;2.14464e-07;2.12082e-06;5.96178e-07;1.14509e-05;8.89252e-10
0.00039226;0.0184503;0.00126114;7.584e-05;0.00057261;8.50148e-06;0.000180165;0.975411;0.000169526;3.74292e-06;0.000597334;0.000846624;0.0020263;5.12057e-06
1.44666e-05;0.000556034;5.69793e-06;6.24329e-08;3.13452e-05;5.35264e-08;8.91956e-09;0.999203;1.13128e-07;6.71823e-08;6.07542e-08;7.92311e-07;0.000156444;3.15844e-05
1.00646e-05;0.00113843;1.98694e-05;6.1931e-06;0.000127424;5.20067e-07;1.08353e-08;0.00758252;5.04663e-05;1.16851e-06;1.16123e-05;0.990808;2.72886e-05;0.00021653
9.54119e-06;0.995726;4.5918e-07;1.39417e-06;2.88801e-06;6.21279e-06;1.11255e-05;2.35617e-05;5.35441e-05;2.54561e-05;9.77865e-05;0.000174271;0.00386581;1.6277e-06
1.99974e-06;5.3324e-06;0.00598468;2.77037e-06;2.27835e-06;5.3824e-07;4.40844e-07;2.77757e-06;3.64544e-07;2.95253e-06;1.89613e-06;0.993991;2.45081e-06;7.09303e-07
9.82624e-05;0.792006;2.58241e-07;0.000483028;0.000365654;0.000177246;3.17792e-05;0.02684;0.0124289;3.30732e-06;0.00743524;0.000142922;0.157741;0.00224618
1.47593e-07;0.99942;2.87774e-06;8.12432e-07;4.9612e-07;1.9146e-07;2.10818e-09;3.8633e-05;1.9495e-09;1.22818e-07;5.77592e-10;1.81018e-08;0.000525316;1.18246e-05
1.45812e-06;1.53802e-06;0.9999;4.16652e-06;6.82184e-08;6.87773e-08;3.86137e-07;4.78629e-07;9.44887e-07;6.61876e-07;4.97726e-07;8.73965e-05;2.32107e-06;3.08414e-08
3.34627e-07;1.18049e-05;0.000359519;1.58747e-06;1.0702e-05;4.45498e-06;1.35672e-07;0.000124006;6.64888e-07;3.10734e-07;3.2441e-07;0.000532092;1.4102e-06;0.998953
1.33173e-07;0.000198668;3.59886e-10;3.98436e-08;0.000118163;7.66629e-07;2.4715e-07;0.999676;2.51971e-06;6.08531e-09;1.00957e-07;7.14562e-08;5.29559e-07;2.44084e-06
9.73177e-09;1.46893e-06;0.999988;1.02365e-08;3.25904e-06;5.901e-09;1.18593e-09;3.84904e-09;6.00369e-12;2.59266e-09;6.47143e-10;6.74369e-06;7.37069e-09;5.50663e-08
4.38213e-08;0.999589;4.61441e-08;2.83847e-08;7.62294e-08;6.68454e-09;8.35233e-08;0.000299214;1.34774e-07;5.25708e-10;6.52131e-07;7.75227e-07;3.11693e-05;7.91861e-05
1.89849e-07;0.0145492;7.11252e-08;2.62969e-09;3.6645e-06;4.86488e-08;6.15804e-10;0.985228;4.09632e-08;1.1648e-08;4.43223e-10;5.92282e-09;0.000213567;5.34069e-06
2.48746e-09;2.5923e-05;1.55963e-06;1.94654e-07;4.38731e-06;3.66412e-07;2.83574e-11;1.21235e-07;8.2404e-09;1.98587e-09;2.57623e-08;0.999963;2.70336e-06;2.13215e-06
9.17456e-07;0.993913;3.82182e-08;1.93468e-07;1.91897e-06;3.98423e-08;6.93091e-06;0.00445728;6.14939e-07;1.03597e-06;8.15251e-07;5.14489e-07;0.00161596;5.04449e-07
7.52317e-08;0.0014708;1.76237e-06;4.60067e-07;3.8543e-05;4.12868e-07;4.97687e-08;1.98629e-06;2.46491e-07;1.26256e-07;4.86402e-07;0.998238;0.000228263;1.83618e-05
5.09408e-06;0.000719286;3.03606e-09;2.67353e-08;2.07275e-05;1.16172e-05;2.41696e-08;0.987043;1.23018e-06;4.42325e-08;2.04462e-08;2.18426e-08;0.0121986;3.34635e-08
2.29137e-06;0.000269003;2.86927e-09;3.35419e-08;3.55436e-08;6.59772e-08;6.14867e-09;0.990332;2.84952e-07;7.65933e-10;1.2324e-08;2.36026e-07;0.00939562;6.49034e-08
3.27269e-06;0.000189689;1.04983e-07;4.43488e-07;2.41366e-08;1.37051e-06;3.74351e-09;3.673e-05;5.46104e-06;3.13312e-08;1.98085e-06;0.994782;0.004946;3.28701e-05
9.69845e-06;0.971508;2.29632e-08;5.88538e-07;3.18379e-07;3.11187e-07;1.28753e-07;0.00200379;7.72239e-08;3.23126e-07;3.39098e-07;2.46657e-06;0.0264547;1.92966e-05
1.09792e-06;0.00642469;0.000108334;3.0375e-05;0.0226125;9.09589e-05;1.1225e-07;0.000624488;3.14637e-08;5.80921e-06;9.7118e-09;2.41071e-05;0.000453387;0.969624
2.83544e-07;0.000726037;8.60899e-09;1.25646e-06;1.614e-06;3.67376e-05;1.95833e-05;3.15049e-07;2.36786e-07;3.8305e-07;1.24158e-05;3.37187e-06;0.999195;3.23305e-06
1.72664e-05;4.46072e-05;0.995528;1.48014e-05;2.26213e-06;1.16913e-06;0.00235974;3.40444e-09;5.36175e-07;0.000875739;4.92437e-06;0.000571659;7.10566e-07;0.00057863
3.04738e-07;1.57558e-08;0.999987;1.03921e-07;6.74966e-08;3.28415e-09;7.62892e-07;4.53295e-08;6.5477e-06;1.04451e-08;4.32798e-06;3.87247e-07;5.90514e-10;2.09333e-10
4.36287e-06;0.000547606;5.03719e-07;4.97681e-07;1.60831e-05;3.95181e-07;4.34285e-07;0.998812;0.000105847;4.86922e-07;3.34469e-05;0.000463008;9.20091e-06;5.73131e-06
1.97517e-07;2.11098e-06;0.999918;1.86972e-07;4.39095e-07;1.92255e-08;2.75501e-08;3.82441e-08;7.0764e-08;3.87964e-07;7.59334e-07;7.5888e-05;9.6058e-07;4.50263e-07
6.29422e-07;0.999984;2.34226e-07;1.30389e-09;8.97873e-08;8.74037e-11;6.16498e-06;3.001e-08;4.21297e-09;4.34934e-07;5.64406e-09;2.13535e-09;2.42793e-09;8.34942e-06
1.3116e-07;8.06852e-09;0.999998;8.47038e-12;2.22342e-10;2.38596e-14;7.51274e-07;5.61203e-09;1.26052e-07;7.7773e-11;6.57618e-10;7.88014e-07;2.86296e-12;2.99934e-10
3.19567e-06;4.20235e-05;2.99972e-08;5.22098e-09;2.41872e-06;3.50527e-07;9.16203e-07;0.998995;0.000756125;2.36488e-08;3.41965e-06;4.06393e-07;0.000196158;2.13755e-07
4.32845e-07;0.996171;9.86532e-06;4.1351e-08;4.31117e-08;3.58297e-08;0.000772915;0.00292071;6.13976e-07;1.60742e-05;1.59448e-07;4.74082e-07;9.14305e-05;1.6204e-05
5.81603e-10;1.48274e-10;0.999997;1.04122e-09;9.34126e-11;8.97923e-11;2.2314e-09;2.10561e-10;1.51026e-08;1.28298e-10;1.68172e-09;3.11349e-06;3.9369e-11;2.37183e-11
5.02784e-06;0.999564;2.31088e-09;3.18776e-07;6.07649e-08;8.44839e-08;9.61054e-06;0.000165239;0.000109628;2.92547e-07;4.26264e-06;2.09118e-06;0.000137191;2.74087e-06
1.46341e-05;0.976438;1.09618e-09;4.56981e-08;2.9141e-08;2.18062e-08;2.00988e-05;4.31034e-07;6.03223e-06;1.85323e-07;1.95409e-06;0.0211844;0.00233045;3.68497e-06
4.78947e-05;0.760547;1.83668e-05;6.02205e-07;0.000657355;2.29214e-06;7.3754e-06;0.189717;6.0508e-06;5.54395e-06;5.33365e-07;0.0463689;0.00175885;0.000862461
5.16632e-05;0.861207;6.37697e-05;6.56722e-06;0.00285819;0.000214772;2.21942e-05;0.0100367;0.000292229;1.54244e-06;1.71993e-06;0.00327627;0.121257;0.000711122
7.02176e-05;0.00189816;7.25121e-07;8.41049e-07;7.48956e-06;5.20892e-07;2.84524e-08;0.175278;2.63999e-06;7.00257e-09;5.67456e-07;0.00474106;0.817989;1.05908e-05
2.74092e-05;0.0575604;3.78014e-06;5.01297e-07;5.41094e-06;1.0135e-05;1.23098e-06;0.0163083;7.39106e-07;6.1929e-06;1.23399e-07;0.000123328;0.925848;0.000103912
2.04325e-09;4.61206e-09;0.999998;1.14296e-08;1.33181e-10;3.85383e-10;1.03913e-08;5.26782e-10;3.02775e-09;4.8943e-09;2.8731e-08;1.58938e-06;2.01161e-08;3.65919e-11
4.58965e-09;2.42085e-07;0.999425;6.12017e-07;4.14965e-07;6.97995e-08;4.40545e-09;0.000406478;1.83429e-08;4.50149e-09;7.10612e-08;0.000165505;6.10104e-08;1.36168e-06
5.83788e-09;0.000332798;1.92334e-05;2.40654e-07;3.68559e-05;0.000942689;1.12836e-10;5.71966e-06;8.25344e-10;9.69347e-08;3.52849e-09;6.46196e-07;1.32923e-07;0.998662
8.05675e-07;0.0185285;1.16581e-08;9.91756e-07;2.08377e-05;5.44308e-05;3.76103e-08;0.00406533;6.76209e-08;6.78658e-08;8.29881e-05;0.000874613;0.976347;2.40445e-05
1.75342e-06;0.0176214;2.01809e-08;6.35429e-07;4.22777e-05;1.47119e-05;7.80153e-07;0.981297;5.50224e-06;3.56306e-07;1.25128e-05;9.20958e-06;0.000971498;2.203e-05
4.01397e-07;0.043852;5.42635e-07;9.19733e-08;3.13601e-06;3.53144e-06;3.02853e-08;0.00194614;1.27224e-09;3.18424e-08;2.52996e-08;0.000884278;0.953308;1.95192e-06
8.88699e-05;0.0111159;1.79608e-06;0.000873499;0.000162089;6.41875e-05;5.64481e-05;0.0105479;0.000727267;5.26002e-06;0.0114575;0.00640772;0.958381;0.000111071
4.57646e-05;0.0259043;0.963239;0.000117958;0.00071;1.83217e-07;3.22837e-07;0.00968023;1.97556e-05;4.2414e-07;6.50119e-05;6.6142e-05;0.000149761;1.56773e-06
1.30284e-05;0.0121099;3.32575e-07;7.74008e-08;0.000600077;9.22692e-06;1.09305e-07;0.985771;3.17131e-05;3.2299e-07;1.36523e-06;5.27303e-05;0.00139657;1.39078e-05
2.39345e-06;2.13192e-05;1.02303e-08;3.04446e-07;4.36453e-05;2.14447e-07;3.52787e-09;0.999796;1.04487e-06;6.35185e-09;2.16169e-07;3.28156e-05;0.00010005;1.92562e-06
0.000445726;0.0741461;2.68067e-05;3.148e-05;1.57896e-05;1.19965e-06;6.81391e-07;0.0120142;0.000293072;1.9866e-06;5.70808e-05;0.90252;0.0104295;1.59868e-05
2.88069e-06;0.999176;0.000184064;7.67179e-07;4.59962e-07;7.25441e-08;1.99909e-07;0.000165786;2.19128e-09;1.95111e-06;2.23937e-08;7.50019e-06;0.000456698;3.41309e-06
8.56642e-09;1.41862e-08;0.999998;2.11233e-07;4.38519e-09;3.90835e-08;2.77359e-08;2.19877e-09;2.57037e-09;8.05897e-08;3.64348e-08;1.30717e-06;5.89784e-08;7.63421e-09
1.91569e-08;9.15692e-09;0.999741;1.09831e-06;8.01245e-07;6.3705e-07;1.10475e-08;9.24695e-05;1.30829e-07;1.37245e-08;1.65141e-07;0.000145954;1.21612e-09;1.81368e-05
1.57018e-07;0.000392156;0.000140766;6.59096e-07;3.57509e-05;0.0112694;6.83788e-09;1.54618e-05;2.61583e-08;2.7742e-07;4.02775e-08;4.23839e-06;9.23844e-06;0.988132
6.62334e-07;0.000326654;4.59174e-08;1.44966e-07;5.98017e-07;2.189e-06;1.22923e-09;0.000723109;6.60535e-08;1.41185e-09;8.47876e-06;5.97863e-05;0.998878;3.6187e-08
3.20464e-07;0.999978;3.2027e-08;6.13518e-08;3.40536e-08;8.83107e-09;1.70587e-09;3.63236e-06;3.60873e-09;1.11892e-08;5.31815e-09;2.85158e-07;1.68119e-05;9.63788e-07
7.37283e-08;0.0063086;1.48167e-10;5.44057e-07;4.0052e-05;1.84457e-07;8.25646e-09;0.993644;1.24109e-09;2.048e-06;2.99957e-09;2.44323e-06;2.92428e-07;1.70623e-06
4.3814e-09;5.1369e-06;0.999991;1.86716e-06;5.35895e-07;2.47667e-07;2.36336e-10;3.17258e-10;1.02032e-11;1.53017e-08;3.63187e-08;1.5128e-06;7.0199e-09;1.09665e-07
6.09395e-05;0.00184552;1.53254e-07;2.58711e-06;6.58507e-06;0.00184535;0.0204483;0.000425951;5.48837e-05;0.000106158;0.0127696;9.43334e-09;0.962364;6.98976e-05
7.11806e-10;1.17885e-10;1;4.31697e-10;5.31223e-12;5.20167e-11;6.01157e-09;1.42498e-11;2.59393e-10;1.48545e-10;3.39404e-09;4.70376e-09;2.80604e-10;3.4649e-12
2.25711e-05;0.0463663;0.00131386;0.000128135;4.73639e-05;2.60115e-05;4.78582e-07;0.00384949;0.000363881;6.23986e-07;9.85372e-05;0.947649;2.89041e-05;0.000105101
4.93556e-05;0.00262682;3.90993e-07;8.53606e-06;0.00121128;8.39066e-05;2.63631e-08;0.987848;1.51655e-05;1.25271e-06;0.000222549;0.00209373;0.00583356;5.14003e-06
2.74384e-07;0.955072;4.08062e-09;6.06553e-08;9.5595e-07;6.2393e-07;1.23025e-05;1.18841e-07;3.77686e-10;6.96496e-05;1.37317e-08;1.3076e-09;2.82629e-07;0.044844
3.98324e-12;3.92555e-12;1;6.65548e-12;5.5508e-11;1.14011e-11;1.10946e-12;3.66117e-12;1.71927e-13;2.43063e-12;5.32171e-14;6.28587e-11;4.76134e-12;4.30284e-13
2.78649e-05;0.0406547;4.27038e-05;8.73347e-06;7.17471e-05;6.84923e-05;1.39924e-05;0.8621;0.00193887;2.81388e-06;8.90299e-05;0.00101687;0.0939611;2.71619e-06
