4.50442e-11;3.21379e-11;1;1.72019e-10;5.56996e-12;2.26201e-11;2.12714e-10;1.56475e-12;3.6997e-11;3.27414e-11;6.5603e-11;4.56913e-09;8.16064e-10;3.18575e-13
1.05256e-10;2.79988e-10;0.999993;9.56849e-09;5.56165e-08;1.61491e-09;2.10109e-11;2.4938e-06;5.60611e-10;2.00202e-11;3.82871e-10;4.49731e-06;5.40262e-11;3.04164e-08
6.11296e-10;6.10595e-06;4.10603e-07;8.7422e-09;7.69362e-06;0.000479064;2.15223e-12;1.1101e-07;1.16466e-10;7.1506e-09;7.51664e-11;1.27314e-07;8.11143e-09;0.999506
2.84393e-07;0.00116286;1.94304e-08;5.01555e-08;2.88665e-06;1.59828e-06;7.00463e-10;0.00096796;6.71833e-09;2.59173e-09;1.07539e-06;5.90171e-05;0.997803;8.79346e-07
9.46392e-07;0.948297;9.09687e-05;6.87074e-06;7.07938e-05;0.000112817;9.09658e-09;0.000320974;4.55282e-10;5.65884e-07;1.66318e-08;7.16413e-06;0.0510181;7.32546e-05
1.05762e-06;0.00435475;0.000274879;9.2919e-07;4.00573e-07;4.48552e-08;5.78601e-07;0.123429;1.33327e-06;1.13547e-08;0.000135817;0.871577;0.000224126;2.20412e-08
1.6457e-07;0.977497;1.2518e-07;0.00057662;0.002647;0.0017888;1.28433e-07;0.000463606;4.7808e-07;8.98382e-07;0.00013163;0.000419375;0.0125186;0.00395529
8.44989e-05;0.00464997;6.42555e-06;1.82637e-06;6.12077e-07;4.37275e-07;1.19463e-06;0.000231206;1.36258e-06;1.63108e-07;9.36856e-05;0.000666676;0.994261;1.24669e-06
1.23835e-06;0.998611;1.22216e-08;2.08005e-08;4.28449e-07;1.80382e-08;4.93316e-07;0.00010127;1.08039e-09;1.765e-06;2.08146e-08;6.42761e-10;1.20611e-05;0.00127147
2.59929e-11;2.93192e-11;0.999999;5.11476e-11;1.68053e-10;5.14947e-12;4.24626e-11;7.88019e-13;9.09109e-13;1.08463e-10;4.4507e-11;5.91399e-07;2.9712e-14;7.87848e-10
6.36777e-05;0.900019;5.79544e-07;1.3968e-05;1.70252e-05;7.65673e-07;0.000889983;0.0414596;0.00254523;4.08958e-06;0.0101265;1.32255e-05;0.0446601;0.000186592
4.92264e-05;0.112068;0.00205424;0.000139092;4.88243e-05;1.29918e-05;6.61168e-05;0.511308;0.000204795;1.94975e-05;0.00385487;0.319102;0.0509873;8.46781e-05
0.000139669;0.125652;0.0016141;0.00811938;0.0181827;0.0347298;0.000394287;0.0714906;4.82691e-05;0.00177684;0.00110378;0.15109;0.0182951;0.567363
7.75632e-05;0.080913;2.76201e-06;9.85901e-06;1.08115e-05;7.46563e-05;2.45542e-06;0.00836727;2.95049e-06;5.59609e-07;5.5236e-06;0.0121786;0.898347;6.73535e-06
9.57615e-06;0.204755;8.38094e-08;5.60601e-06;6.59932e-06;9.3456e-06;1.04197e-05;0.00104254;7.24718e-07;4.54212e-06;6.70628e-06;7.78391e-07;0.794118;3.08863e-05
7.06e-05;0.00135971;2.01834e-08;0.019074;0.376198;0.392971;5.66417e-07;0.00665531;0.00134929;0.000104544;0.000981039;0.145548;0.000345258;0.0553423
0.000163965;0.360313;1.50667e-09;3.76236e-08;6.99537e-08;5.75634e-07;1.48444e-06;0.000315717;3.56891e-07;6.40781e-08;3.74506e-07;1.02383e-06;0.639203;2.33104e-09
1.05768e-05;0.122828;0.000104078;7.71025e-06;0.000220498;0.000187054;2.17031e-08;0.000271886;4.56965e-07;3.82162e-07;1.04947e-07;0.68087;0.0026301;0.192869
2.78344e-07;0.997669;5.86514e-09;7.45838e-07;4.62097e-08;5.3172e-07;0.0021998;2.53996e-06;5.76279e-06;7.04041e-05;1.72285e-07;1.93082e-09;4.16993e-05;9.23413e-06
1.31499e-06;3.19508e-06;0.999925;1.18693e-05;5.02447e-08;4.99709e-07;6.98332e-07;1.16625e-06;5.13065e-05;8.54226e-08;3.67362e-07;1.70575e-06;2.78797e-06;6.55054e-08
2.98568e-05;0.999137;5.17748e-05;2.46239e-05;2.45724e-06;7.86238e-08;1.7568e-07;0.000246878;7.09981e-06;2.40133e-07;7.24055e-08;2.28265e-05;0.000475858;6.56399e-07
6.93194e-07;0.999919;4.32987e-10;2.95242e-08;4.37799e-08;3.07053e-09;2.34117e-06;4.43324e-05;2.52642e-08;2.56164e-06;2.02768e-09;1.87115e-10;1.22898e-05;1.92482e-05
9.82724e-11;1.31216e-11;0.999999;5.06203e-10;1.06565e-10;8.29616e-12;2.30222e-10;6.28924e-12;9.08613e-11;3.01442e-10;1.01179e-10;1.04417e-06;3.91126e-14;9.51653e-11
0.000801339;0.503704;4.1678e-07;0.000199806;6.05856e-05;2.6556e-05;0.000573376;0.00856015;0.21679;3.23414e-05;0.0357677;0.000818117;0.228748;0.00391782
7.38356e-06;0.729076;2.01001e-08;4.20483e-07;1.45102e-05;3.71563e-09;1.09861e-06;0.270623;2.75128e-06;2.04457e-06;2.55485e-06;0.000192647;2.91549e-05;4.77724e-05
2.29049e-06;0.000664096;0.870552;0.000179527;0.0237381;0.00607537;1.03733e-08;0.000106742;5.89747e-08;9.63921e-07;7.84279e-07;0.0890358;0.000184622;0.0094601
0.000229405;0.711949;1.50497e-05;1.49709e-06;1.2376e-06;0.000269521;0.000699906;0.109495;0.000295665;6.32399e-06;1.55883e-05;8.86493e-07;0.177004;1.70342e-05
1.61528e-10;2.16064e-10;1;9.23783e-11;1.09357e-11;1.36268e-10;2.27579e-10;2.12893e-11;1.61202e-10;3.83129e-11;3.57782e-11;3.43432e-08;3.62768e-11;7.54176e-12
1.23762e-07;3.09214e-05;0.000305092;2.05381e-06;8.08376e-06;2.6473e-05;7.76101e-09;0.000157049;4.17578e-06;1.42741e-08;5.18765e-07;0.999456;3.1102e-06;6.57769e-06
7.15047e-08;0.993043;8.30941e-10;6.25189e-10;5.3651e-09;4.63415e-07;2.63486e-09;4.33692e-08;5.92422e-10;4.64069e-10;4.25286e-09;7.06859e-07;0.0069555;4.62285e-08
9.6731e-09;1.47492e-05;2.84203e-07;1.43157e-08;0.000273758;5.89675e-06;5.06748e-11;0.000143596;2.5688e-09;5.13998e-10;6.64791e-08;0.999551;1.04701e-06;9.99788e-06
3.62526e-07;0.999203;0.000147055;6.5594e-08;1.14557e-08;1.08881e-06;0.000320374;2.27032e-05;2.09737e-08;4.04013e-06;1.06569e-08;7.32624e-09;0.000300461;5.80734e-07
7.46684e-10;4.85624e-09;0.999999;1.66099e-09;4.73818e-10;1.63469e-09;9.10312e-11;5.99512e-10;3.24562e-10;6.0852e-11;1.0735e-11;5.06443e-07;8.62639e-09;1.77791e-11
0.000204445;0.0408664;0.000130152;0.00879474;0.000245634;0.00224144;1.37266e-05;0.285122;0.0368237;6.55868e-05;0.0030672;0.241088;0.381017;0.000319972
1.0635e-05;0.994754;3.01649e-05;2.13897e-05;8.55091e-06;1.22685e-07;1.99718e-07;0.000491559;1.30565e-07;9.54425e-07;1.26059e-06;0.000171385;0.00450828;9.42194e-07
1.90748e-07;0.999892;2.52333e-09;2.30783e-08;5.6238e-08;7.49884e-09;4.37372e-06;2.10466e-05;5.47027e-10;7.35741e-06;1.35156e-09;2.38979e-10;2.10561e-05;5.37929e-05
9.3552e-13;7.7505e-14;1;7.53728e-12;8.50332e-12;1.09032e-13;1.40776e-11;9.54683e-14;3.16084e-13;3.11355e-12;5.82834e-13;5.62152e-09;1.71697e-16;2.59588e-11
9.10653e-05;0.775823;1.86513e-07;2.03661e-05;9.31974e-05;1.4264e-05;0.000295166;0.0593256;0.0255234;4.38959e-06;0.00204595;3.19826e-05;0.136424;0.000308082
9.05186e-05;0.352469;0.000393588;7.36203e-05;0.00128464;2.46054e-05;1.58199e-06;0.0774393;0.000251879;8.20806e-06;0.000264732;0.501036;0.0625134;0.00414975
9.95404e-07;0.253122;4.905e-09;6.80949e-07;1.7513e-05;3.20198e-05;0.00339623;1.94539e-06;6.43916e-08;0.000586015;8.64908e-08;1.11907e-08;3.89404e-05;0.742804
5.05261e-09;4.09421e-08;1;1.50435e-10;4.008e-12;4.77865e-11;6.85464e-09;1.24666e-10;5.66104e-11;2.13815e-10;2.37556e-11;1.32168e-07;2.58793e-07;7.82728e-11
4.97292e-05;0.151719;5.56387e-07;0.000592567;4.365e-05;0.00578008;0.00153321;0.000517232;0.0286453;0.000196923;0.015828;0.00270368;0.792313;7.77007e-05
1.65763e-05;0.63951;0.183624;0.000235903;0.000190907;0.000412868;5.40685e-07;0.000236729;1.16729e-07;3.18377e-05;1.68969e-06;0.169263;0.000524995;0.00595053
1.27199e-05;0.0047051;5.65889e-08;3.40513e-05;0.000105205;0.000551983;8.64712e-05;0.00137961;1.51244e-05;3.95166e-06;0.000649298;1.12883e-05;0.991603;0.000842582
0.00073658;0.0377853;0.000595888;0.0178866;0.51231;0.11031;5.57904e-06;0.019754;0.000395855;0.000467853;0.000209945;0.00202908;0.0124229;0.285091
4.71583e-05;0.998567;2.46345e-09;6.38159e-08;5.58437e-05;9.76542e-08;1.73136e-07;0.00101058;8.18977e-07;5.72974e-07;2.12478e-08;3.6793e-07;4.73932e-06;0.000312497
9.82274e-06;0.00152137;0.00142367;7.80407e-06;0.00906222;6.70497e-05;8.4674e-09;5.67027e-06;6.18509e-08;8.7403e-06;1.8609e-08;0.986314;7.17852e-07;0.00157897
0.000501541;4.40702e-05;4.46516e-07;3.36013e-06;1.50526e-07;4.16472e-07;0.00310981;7.57711e-05;0.99348;6.66678e-07;0.00260252;2.15024e-06;0.000179184;1.10369e-08
4.03146e-06;0.00386156;4.48234e-10;8.95393e-10;1.98217e-08;6.56471e-10;3.79335e-08;0.995798;5.1943e-07;5.36511e-09;6.86437e-09;1.16021e-07;0.000335815;5.95252e-11
3.56322e-08;0.000646993;3.80061e-07;2.83481e-06;4.83463e-05;1.057e-05;1.3586e-10;0.000104274;6.20764e-08;7.36844e-08;2.5599e-08;0.995215;1.27981e-05;0.00395893
2.10245e-05;0.990987;1.67464e-06;2.23965e-05;8.13298e-06;0.000230341;9.28876e-05;0.00408739;7.40302e-05;9.84311e-06;0.000348107;1.08386e-05;0.00409237;1.36365e-05
9.41721e-05;0.0704026;3.09058e-06;2.12608e-05;0.000336575;0.000124995;2.67715e-06;0.0381743;6.52188e-06;2.3713e-06;2.18322e-05;0.0245049;0.866174;0.000131009
0.000173541;0.00174257;4.29562e-06;4.31621e-05;0.0021217;3.61195e-05;4.46475e-06;0.97502;0.0201295;2.35854e-06;0.000133283;1.76398e-06;0.000570658;1.65139e-05
0.000488893;0.976224;1.54714e-07;9.80949e-05;5.16492e-06;2.2224e-06;7.53935e-07;0.0177041;0.00187941;8.77553e-06;0.000177512;0.00262233;0.000746798;4.22297e-05
0.0511624;0.685288;0.00197363;0.000892805;0.00214546;3.87037e-05;3.83207e-05;0.0129569;0.000301865;0.000786513;0.00160674;0.236641;0.00428196;0.00188544
0.000163779;0.0309548;3.19121e-09;3.53089e-07;9.84092e-07;5.33901e-08;0.000934208;2.08199e-05;1.24491e-06;0.000840042;2.71221e-07;2.68537e-08;9.23184e-06;0.967074
1.87231e-10;1.70327e-12;1;2.31093e-12;1.30282e-13;6.3935e-15;1.17207e-11;2.50655e-12;2.93922e-11;1.28222e-12;3.07754e-12;1.72527e-11;6.40371e-13;2.69959e-14
7.45407e-05;0.000167974;0.000912765;0.000491973;5.37078e-05;1.62328e-05;5.65906e-05;0.00206011;0.952949;7.21738e-05;0.0416931;0.000769098;0.000675031;7.87463e-06
