1.07494e-05;0.992836;2.84442e-07;1.14269e-07;1.29947e-06;3.17824e-07;1.518e-07;0.0061391;2.30432e-07;4.84423e-07;6.47516e-07;0.000530614;0.000475244;4.76077e-06
6.46338e-07;0.978598;9.95801e-08;7.56999e-07;2.86115e-08;1.40599e-07;0.00921601;4.79563e-06;7.61008e-08;0.0121461;3.28067e-07;1.7948e-07;1.00969e-06;3.21816e-05
9.21593e-13;9.8445e-14;1;2.40772e-12;3.27263e-12;5.64971e-13;6.01995e-12;6.78787e-14;1.58825e-13;4.66265e-12;1.09902e-12;3.45809e-10;1.07053e-14;1.58644e-13
1.7669e-05;0.970759;4.18503e-06;1.3364e-05;2.87473e-06;1.83279e-05;0.000771774;0.000208724;0.000200807;9.6622e-06;0.00469542;0.00115102;0.0221294;1.77046e-05
5.57652e-06;0.990101;9.60261e-06;1.2376e-06;8.59017e-07;3.38282e-06;3.26984e-06;0.000984762;6.27949e-06;1.62707e-06;0.000458436;0.00815616;0.000248116;1.94235e-05
9.53441e-08;0.997797;1.84803e-11;1.21759e-07;4.80493e-05;9.83846e-09;9.23753e-08;0.000434467;1.73562e-07;9.62584e-08;2.07647e-07;0.00170894;6.07473e-06;4.872e-06
1.78987e-06;0.00512273;0.00513421;1.79953e-05;6.08124e-05;0.000889672;3.93495e-08;6.67447e-05;5.54963e-08;2.07676e-05;2.98374e-07;0.986259;0.00239491;3.10876e-05
4.17695e-06;0.000100733;6.51843e-09;6.29082e-07;4.19051e-06;8.33156e-06;2.31699e-07;0.996635;1.99445e-05;2.5676e-08;2.59557e-05;6.51992e-06;0.00319071;3.9889e-06
1.09508e-06;0.000231234;4.9284e-06;1.70477e-07;3.05024e-07;4.16535e-07;3.59988e-09;3.19821e-05;3.1981e-07;1.58056e-08;4.00116e-07;0.998444;0.00128445;2.4393e-07
3.14554e-05;0.164292;1.11873e-05;1.61519e-05;6.14738e-05;0.000365196;4.32181e-07;0.0225655;0.000183137;4.72136e-07;0.000102987;5.91133e-05;0.812298;1.24348e-05
6.42594e-06;0.187046;3.24767e-05;0.00408077;0.0281859;0.0284942;3.88455e-07;0.00555202;1.11494e-05;0.000217804;0.000234587;0.739791;0.000523017;0.00582464
1.08881e-07;0.680218;5.34805e-08;3.38965e-07;2.62066e-08;5.79304e-08;0.317934;3.92408e-10;5.53998e-09;0.00175088;2.24535e-06;5.17385e-09;2.38162e-09;9.37538e-05
2.38402e-09;1.54081e-09;1;6.12973e-10;2.16503e-10;1.28282e-10;2.85932e-08;2.29227e-10;1.20749e-09;4.01233e-10;8.20868e-09;4.50271e-08;2.15026e-10;1.79554e-12
1.07381e-06;0.0156714;6.21829e-09;4.73756e-07;1.6909e-05;2.7348e-05;1.92306e-05;0.981131;0.000240511;2.07661e-06;2.68889e-05;2.74747e-09;0.00286274;2.32398e-08
4.57685e-09;9.13605e-10;1;7.90052e-09;2.78024e-11;1.08401e-11;9.56254e-10;2.79767e-10;7.55087e-10;5.97202e-10;9.84491e-09;3.33351e-07;2.03152e-11;2.34976e-12
1.16496e-05;0.00253552;7.9219e-05;2.40265e-05;4.72242e-05;7.57825e-08;2.2693e-07;0.00186503;4.50303e-05;3.13314e-07;3.75704e-06;0.995319;2.22139e-07;6.86378e-05
7.36201e-05;0.98418;8.56618e-06;2.49353e-05;0.00311477;3.43737e-05;2.8241e-08;0.0108774;1.20653e-07;5.02916e-06;3.90919e-07;2.5641e-05;0.00113943;0.000515699
1.24792e-05;3.63738e-05;1.6978e-08;6.39623e-08;0.0647128;1.1268e-07;2.00956e-09;0.935217;7.82224e-07;1.65757e-07;4.27768e-08;1.06746e-05;8.80414e-06;8.4098e-07
4.35591e-07;1.77903e-06;0.999862;2.14977e-07;0.000129457;1.24127e-06;4.59666e-11;7.43254e-07;3.15548e-10;5.54882e-07;5.50573e-10;3.40176e-06;1.43929e-07;1.04567e-07
6.45856e-05;0.100886;0.00320353;0.000114271;0.000103552;1.23233e-05;1.1499e-05;0.886859;0.000912167;4.73845e-06;0.00176712;0.00292572;0.00146843;0.00166713
