2.33048e-07;0.999996;3.32281e-07;1.81048e-07;5.32294e-08;2.64363e-09;1.29385e-07;1.96705e-07;9.17889e-10;6.50525e-07;1.85097e-09;6.97711e-09;1.639e-06;1.26472e-07
7.25648e-10;2.93399e-08;0.999998;7.05142e-10;2.34871e-11;4.32069e-11;8.24493e-10;2.62908e-12;8.74618e-11;5.45464e-10;2.5353e-10;1.49744e-06;1.34742e-09;6.818e-11
0.000114414;0.000805988;0.000145419;0.000296806;0.179014;0.00156019;3.60242e-05;0.503088;0.0103807;0.000224235;0.00812846;0.229084;0.000387211;0.0667341
1.88992e-05;0.831154;5.24117e-07;2.42799e-05;4.23293e-05;0.000260893;1.33632e-06;0.0169283;3.76537e-05;1.17038e-06;0.00027071;0.00149391;0.149755;1.1026e-05
1.44751e-05;0.997643;1.72813e-05;1.62721e-07;2.21509e-07;1.11519e-07;2.09292e-07;0.000343537;3.83952e-07;7.90219e-08;1.30847e-05;0.000698317;0.00126762;1.40048e-06
3.05962e-06;0.969697;1.10119e-09;3.05702e-06;0.0167149;1.44482e-06;5.02204e-08;0.00735572;1.97994e-07;1.4354e-06;2.20701e-07;0.00214133;5.04706e-06;0.00407653
1.52378e-05;0.000729217;0.00271415;4.19922e-05;0.000858731;0.00142224;2.82287e-07;0.000154961;3.0236e-07;5.32568e-05;2.75794e-06;0.992774;0.000129003;0.00110363
0.000342705;0.000796038;2.85903e-07;8.65775e-06;2.88382e-05;6.08655e-06;2.01041e-05;0.990155;0.00182762;9.23461e-08;0.00247441;0.000979846;0.00335255;7.81676e-06
0.000164479;0.0384532;0.000223279;1.20068e-06;1.88134e-05;2.87132e-06;3.42523e-07;0.878149;2.07825e-06;7.9859e-07;1.92441e-06;0.0708397;0.0119803;0.000162004
4.01066e-07;0.084137;1.46063e-05;1.99701e-06;5.29446e-06;5.99439e-06;1.57397e-08;6.26426e-05;2.34359e-06;3.51046e-08;8.68583e-06;0.914363;0.00116137;0.000236492
1.65803e-06;0.827151;8.32836e-08;3.50874e-07;0.000167446;9.29339e-06;2.08801e-06;0.155179;1.53047e-05;3.71015e-07;0.000227563;0.00779577;0.00944835;1.48907e-06
7.09592e-06;0.292308;1.28326e-05;3.1933e-08;2.43746e-07;5.55325e-07;1.5832e-05;3.24065e-06;5.27366e-08;6.12265e-07;1.06634e-06;0.608379;0.0992709;1.8188e-08
0.000123619;0.00171096;3.81587e-09;1.67888e-05;0.000880811;0.0043873;4.30139e-06;0.042531;0.00675204;5.00335e-07;3.74149e-05;5.02248e-05;0.943357;0.000147855
0.000218435;0.0326046;0.964234;2.68371e-05;8.50012e-05;3.99931e-07;4.43753e-08;0.00254632;5.42351e-06;3.21403e-07;2.4414e-07;0.000208945;6.07038e-05;8.75026e-06
0.0080803;0.440071;0.000358525;0.000158922;6.12111e-05;3.17244e-06;0.000102659;0.299645;0.199865;4.17398e-05;0.00101987;0.0251222;0.0254143;5.63645e-05
2.52001e-05;1.01015e-05;1.52589e-07;6.87125e-07;3.87103e-06;9.22844e-08;3.96026e-07;0.99959;0.000365059;5.89758e-07;1.99959e-07;2.15292e-08;2.12866e-06;1.48036e-06
0.000847208;0.00555554;0.000750347;6.33889e-05;0.00167887;4.04487e-06;3.14641e-05;0.00419434;0.0227009;1.38348e-06;0.000166834;0.963618;0.00030345;8.4036e-05
6.72342e-05;0.979377;1.0582e-07;5.18617e-07;3.5883e-06;2.79816e-07;0.0185442;0.00097837;5.16204e-06;0.000197825;3.38278e-07;1.80949e-07;0.000682147;0.00014316
7.33196e-11;1.92323e-12;1;2.94502e-09;2.775e-09;4.33229e-10;4.2612e-10;1.84441e-12;1.02405e-10;1.77346e-10;6.16358e-11;4.58257e-07;9.20675e-14;7.0433e-09
3.97736e-05;0.796282;1.9049e-05;1.56191e-05;1.36284e-05;6.61274e-07;0.000242286;0.134956;3.61775e-05;1.65399e-07;1.76002e-05;6.93623e-05;0.0683041;3.71199e-06
3.71966e-05;0.145131;0.000158032;0.000182646;0.000853096;0.000177249;6.02426e-08;0.828245;6.8755e-05;8.01825e-07;1.13938e-05;0.0231271;0.000420972;0.00158729
8.75612e-06;0.930649;1.46743e-08;8.15765e-05;1.78889e-05;0.000444298;7.09764e-06;0.00045607;0.000482261;5.95636e-05;0.000222936;0.000351887;0.0671834;3.51371e-05
9.01812e-06;9.85503e-05;0.00589356;1.48143e-05;0.000530235;3.97253e-06;8.5592e-10;5.00803e-06;8.60086e-07;6.86547e-08;5.33688e-07;0.993381;1.70401e-06;6.05725e-05
0.00193748;0.00748153;3.43802e-05;1.03306e-05;0.000262631;0.000180933;2.05892e-05;0.966038;0.0185439;2.04639e-06;0.000356715;0.000193708;0.00493691;8.95851e-07
3.95174e-06;0.00218955;7.36688e-09;4.60305e-08;4.41054e-05;5.88319e-07;2.75902e-10;0.995861;2.3142e-07;4.63391e-09;5.93834e-08;3.2228e-06;0.00189488;2.58465e-06
1.18301e-07;0.998842;7.79088e-08;2.00938e-08;9.5289e-08;8.03578e-09;3.26541e-05;2.26461e-08;1.60284e-10;0.000129536;4.1621e-10;1.20175e-08;2.22796e-08;0.000995663
2.08077e-11;6.06701e-13;1;1.35773e-11;3.42851e-13;1.06959e-13;3.3287e-10;5.96856e-12;6.81706e-11;1.77481e-12;1.85858e-10;1.17905e-08;2.54889e-14;4.0848e-13
1.77643e-06;0.990616;2.8463e-08;4.66348e-05;1.3564e-06;1.85609e-05;0.000450588;0.000150361;0.000565823;1.10286e-05;0.00387013;5.47788e-06;0.00425985;2.24334e-06
2.35322e-07;5.03563e-05;8.88544e-05;5.56103e-07;5.079e-08;1.33556e-07;1.24673e-08;5.18072e-08;8.94096e-08;8.47008e-09;8.67905e-06;0.999815;3.61351e-05;5.26484e-08
0.00102773;0.13065;2.32832e-05;0.000196204;0.000204739;0.00213453;0.000259097;0.740513;0.0147341;1.65549e-05;0.0218246;0.00168911;0.0865261;0.000200433
1.3684e-05;0.00189452;5.02394e-07;1.57788e-08;4.04526e-07;2.10556e-06;1.1762e-08;0.996607;5.27446e-07;2.88898e-08;1.42569e-08;1.17606e-05;0.00146919;2.59584e-07
4.67683e-07;7.90031e-05;2.22007e-07;1.8401e-05;0.016442;0.00145435;1.94279e-10;4.39866e-06;2.44769e-06;3.05716e-07;9.32416e-07;0.932723;1.00872e-05;0.0492646
2.4438e-08;0.999993;8.66604e-13;3.61805e-10;8.31524e-11;5.41804e-12;5.48008e-06;3.44185e-07;3.1079e-10;1.52324e-07;3.34119e-09;6.07647e-13;2.74513e-07;6.07795e-07
3.2586e-11;2.46819e-11;1;5.69734e-11;2.49671e-11;7.48735e-11;1.08674e-10;4.59628e-13;4.34319e-12;8.7021e-11;4.94835e-12;2.57329e-07;1.25988e-13;1.65201e-11
4.00387e-06;0.977753;2.66176e-05;0.00017397;0.000132592;0.000279719;0.000260555;0.00102565;0.000159168;1.55191e-06;0.000152776;0.00110856;0.0186129;0.000309489
5.41968e-05;0.751889;1.74567e-06;0.000348544;0.0069856;0.00115606;5.07611e-06;0.213466;7.78133e-06;4.333e-05;0.000120881;0.0183145;0.00713432;0.000472138
1.44846e-05;0.0301602;7.46269e-07;2.53145e-05;0.375765;0.0265783;7.96174e-07;0.399297;5.19231e-07;0.000139307;2.57475e-06;0.00303787;0.162795;0.00218218
0.000241449;0.078628;2.63445e-05;0.0062296;0.000992933;0.00813427;0.00111384;0.00644475;0.0020604;0.00216991;0.00552965;0.00101025;0.887385;3.36799e-05
7.96844e-05;0.996954;0.00260597;9.1392e-06;5.21266e-06;5.53337e-07;4.25419e-06;7.5844e-05;3.61428e-06;2.68717e-06;3.08393e-05;0.000217996;9.45087e-06;2.79578e-07
1.26427e-06;0.995575;1.00272e-10;4.76198e-07;0.000311091;2.50386e-08;3.4504e-07;0.00305821;5.59957e-08;3.27329e-07;7.90289e-08;0.00104238;4.49808e-07;1.00862e-05
1.49146e-05;0.00123756;0.114635;0.000129682;0.00750469;0.0168854;1.57351e-07;0.00126886;7.97145e-08;6.90973e-05;4.19224e-07;0.857189;0.00101694;4.73068e-05
5.24509e-07;3.89701e-05;7.13262e-09;4.10742e-07;3.19048e-06;1.43329e-06;7.23543e-09;0.00020204;1.24465e-06;8.78882e-10;4.35401e-06;5.91266e-05;0.999688;1.81845e-07
0.000119943;0.000861883;6.19262e-05;0.00152592;0.000478273;0.000156495;3.42948e-07;0.00108571;0.000223882;4.2084e-06;0.000412342;0.916103;0.0789362;2.99076e-05
0.00134358;0.821403;1.05872e-05;5.85436e-05;0.000136085;1.92184e-05;2.27198e-06;0.104501;0.000213589;2.62636e-06;7.31569e-05;0.00239171;0.0697133;0.000132013
1.44897e-06;0.999328;3.42386e-08;2.79268e-07;1.2266e-07;5.46063e-09;0.000301033;8.05899e-07;1.91232e-08;0.000218838;1.37763e-07;5.59717e-06;9.15268e-08;0.000143977
2.8499e-10;1.05881e-12;1;4.83227e-09;7.99802e-09;3.92647e-10;3.08438e-10;4.45125e-11;1.37219e-10;5.85926e-10;5.33119e-10;2.58835e-07;1.59181e-12;8.02944e-10
0.00017464;0.00185225;3.70559e-06;5.56718e-05;9.7929e-05;4.59389e-06;0.000984302;0.912367;0.0731699;4.33291e-06;0.00989108;2.70037e-05;0.00135715;9.85737e-06
0.000531048;0.0247822;0.765686;0.00506278;5.45383e-05;4.00469e-05;0.000323729;2.13275e-05;0.00125046;0.000247539;0.0816013;6.91157e-06;0.12038;1.23859e-05
0.000187186;0.944476;0.0538599;2.94364e-06;2.98747e-05;1.22409e-08;6.26218e-05;0.00066441;5.52324e-06;7.1159e-07;3.48758e-06;0.000523533;6.0627e-05;0.000122636
6.33433e-05;0.0582089;3.59317e-07;5.75223e-07;0.000338111;6.81946e-06;4.82654e-05;0.888308;0.000295958;1.04179e-06;2.8396e-05;2.86163e-06;0.0518516;0.000845781
8.59926e-05;0.246155;0.000173808;1.82453e-05;0.000687035;2.81943e-05;5.70684e-06;0.477949;0.000170028;5.87557e-07;3.72929e-06;0.162929;0.106837;0.00495592
5.60748e-05;0.0859057;1.50966e-08;0.000378226;0.0305013;6.65014e-05;2.93577e-06;0.00942919;3.51515e-05;1.86516e-05;2.11226e-05;0.00216568;0.0010712;0.870348
1.39204e-05;0.00709391;0.00959957;1.16052e-05;6.45335e-05;5.59918e-05;1.2834e-09;2.65676e-06;1.01364e-08;1.00742e-07;1.35473e-07;0.0275114;0.955539;0.000107548
2.85997e-06;0.00399372;1.4069e-08;3.24209e-06;6.81264e-05;1.12732e-07;1.05006e-06;0.994681;0.000158979;1.1867e-07;0.000201639;0.000293618;0.000583399;1.17522e-05
5.59349e-08;1.93336e-05;0.998146;9.63519e-06;0.000185597;0.00012795;1.12625e-08;1.10358e-07;2.04218e-09;1.72632e-07;1.23915e-06;0.00148746;3.77791e-06;1.90894e-05
0.000745583;0.354481;0.000291212;2.76256e-06;0.00124879;1.76946e-05;0.000731755;0.492395;0.0040969;1.96064e-06;0.00748983;0.000562447;0.137933;3.30259e-06
1.6406e-08;1.191e-07;0.999981;7.29142e-10;8.35566e-08;3.14001e-10;2.74187e-10;3.46518e-08;8.6577e-09;1.02424e-09;2.25041e-09;1.88816e-05;2.71857e-07;5.45413e-10
5.57647e-08;0.999991;4.08547e-09;1.9778e-10;2.72573e-08;4.03815e-10;9.0251e-07;4.56094e-08;1.04666e-09;1.75243e-07;1.39907e-11;1.03127e-11;3.96167e-09;8.02811e-06
1.45729e-09;1.56574e-11;1;1.69658e-13;2.45811e-12;4.02139e-15;1.18056e-09;5.39684e-11;1.17561e-09;7.17874e-13;4.66034e-12;5.06046e-08;7.67576e-13;3.1459e-13
3.29974e-06;0.000133403;4.36185e-08;4.93025e-08;9.61125e-06;3.27616e-05;2.67358e-06;0.99573;0.000257052;5.63303e-07;2.35128e-06;8.24884e-09;0.00381338;1.5241e-05
6.43544e-10;8.87026e-10;1;5.17272e-11;1.90792e-11;6.96977e-11;3.47897e-10;9.52834e-11;1.51758e-10;2.95952e-11;1.25452e-10;5.82185e-08;5.83086e-08;1.02308e-12
1.65592e-08;3.45511e-07;0.999593;1.69382e-08;4.34055e-07;1.50593e-08;9.41306e-10;3.15583e-05;6.35792e-09;1.07931e-09;1.10316e-09;0.000373825;2.49884e-08;5.65383e-07
7.04715e-08;1.40979e-05;2.29991e-05;4.74054e-08;0.000896284;0.023464;1.80274e-11;8.01229e-07;3.01422e-09;2.22489e-07;9.51937e-11;1.83211e-06;2.38157e-07;0.975599
1.59831e-05;4.56186e-05;9.75374e-08;5.76734e-08;1.69859e-05;7.06413e-06;4.59388e-09;0.992731;4.18986e-06;1.65728e-08;1.06899e-06;1.2678e-06;0.00717621;1.9196e-07
1.1637e-06;0.99893;1.30905e-07;4.14126e-06;1.33224e-06;2.68717e-06;4.13996e-07;3.55207e-05;4.09286e-06;2.23729e-06;1.10661e-06;4.38439e-06;0.000963673;4.89047e-05
1.11741e-06;0.997191;1.40376e-05;5.25919e-08;1.01459e-09;1.40785e-10;1.53235e-06;6.63007e-06;7.89046e-08;2.84802e-07;2.58666e-06;0.00276386;1.85242e-05;5.67119e-11
9.79542e-08;0.999711;2.02502e-10;2.12926e-06;1.30757e-05;3.53229e-08;1.53166e-05;2.09708e-06;8.63805e-08;5.68427e-05;1.16923e-06;0.000180016;1.81028e-07;1.78723e-05
1.07614e-05;0.000361531;0.998248;1.68328e-07;6.93497e-09;3.50066e-07;6.63075e-05;0.000529831;4.38042e-07;8.29634e-07;1.46678e-06;7.87835e-08;0.000780331;2.57138e-09
1.06034e-10;9.42207e-11;1;7.24407e-11;2.42539e-12;1.25995e-11;3.16588e-10;1.75181e-11;8.56769e-11;7.24561e-11;6.99536e-11;1.43201e-08;1.23177e-09;4.43716e-13
2.10382e-09;3.68879e-08;0.999977;1.60054e-08;1.38463e-07;3.33585e-08;2.46104e-10;7.30865e-08;6.74126e-09;2.84332e-10;1.92272e-09;2.18189e-05;7.04829e-09;5.47111e-07
6.17804e-08;0.000126772;5.55859e-07;2.0164e-08;0.00128153;0.000463085;1.08447e-11;2.13373e-05;1.65193e-09;3.02676e-08;7.13283e-11;7.57289e-07;7.05419e-08;0.998106
2.08335e-05;0.0062307;5.07774e-07;1.00679e-07;0.000199057;7.90255e-07;2.70064e-08;0.985023;9.11372e-08;3.12079e-08;3.43362e-07;0.00186471;0.00658342;7.64371e-05
4.70642e-05;0.377525;2.30519e-06;0.000105066;0.000395796;6.74422e-06;4.7695e-05;0.601741;7.45807e-05;6.71892e-06;9.13863e-05;0.000247243;0.0195885;0.000121383
6.92416e-07;0.964267;0.00111794;1.45366e-06;8.10543e-08;3.00158e-08;3.68941e-09;9.03817e-05;6.39965e-10;4.36679e-08;7.91069e-09;0.0344207;9.63035e-05;5.95368e-06
9.31412e-06;0.0195061;1.84587e-09;0.000761603;0.0294173;0.00303611;2.97165e-05;0.00368999;1.90363e-06;2.41717e-05;0.000519353;1.45506e-07;0.0481577;0.894847
0.00527579;0.040073;0.00280706;0.00714998;0.0706029;0.0017253;0.000618267;0.680235;0.000162733;0.000134544;0.00125612;0.17486;0.00258742;0.0125119
0.00154046;0.0205893;4.52602e-06;0.000166888;0.000150733;0.000240501;8.52544e-05;0.0158014;0.0208368;2.74961e-06;0.0233671;0.0677059;0.849411;9.69479e-05
4.69141e-05;0.985153;1.97419e-06;3.96471e-06;9.36728e-06;3.70476e-06;2.75627e-06;6.69943e-05;6.78794e-06;2.46805e-06;2.66746e-05;0.0124649;0.0016803;0.000529716
3.28531e-06;0.982127;9.20833e-09;1.07276e-08;7.19376e-08;8.6648e-08;1.25017e-07;2.4405e-06;6.12393e-08;1.05722e-08;9.97364e-08;0.000412992;0.0174542;7.9433e-08
9.80951e-05;0.0724804;2.08994e-05;8.10886e-06;0.000348396;5.03647e-05;2.89179e-06;0.000662371;1.64446e-05;2.91308e-06;1.16863e-05;0.854126;0.002592;0.0695789
0.000391665;0.913054;0.00128922;3.48714e-05;0.000648725;2.74295e-05;5.06464e-05;0.07123;0.000418236;1.05406e-05;0.000188448;0.0077119;0.000967019;0.00397758
1.56182e-05;0.0263177;2.77235e-07;1.06468e-07;4.53521e-08;7.60149e-06;1.58459e-06;7.50157e-05;5.85038e-05;2.56876e-07;3.11228e-05;0.00924312;0.964249;1.31955e-07
6.20555e-06;0.0021433;0.993161;2.11888e-05;1.92283e-06;1.26751e-07;0.000200485;4.69539e-07;7.54773e-07;0.00317613;3.11616e-07;0.00124342;8.51938e-08;4.5026e-05
4.17925e-07;3.86536e-06;0.999899;8.25913e-06;1.00253e-08;8.90371e-08;1.60947e-05;4.18641e-08;1.86074e-05;7.24022e-07;4.88439e-05;2.83977e-06;1.08725e-06;3.77608e-09
1.29458e-06;0.982656;4.71043e-09;9.91566e-07;1.45752e-09;5.23724e-09;4.72372e-05;1.1258e-06;4.67415e-05;1.00998e-07;0.000350371;0.000183778;0.0167128;1.32234e-09
4.25976e-07;0.000705245;3.09838e-05;4.29966e-06;0.000147756;3.89641e-05;1.99498e-08;0.000500826;4.2228e-07;2.71288e-07;2.49795e-06;0.996154;0.00223331;0.000181009
2.77343e-06;0.902712;3.16994e-06;9.5161e-06;1.78859e-05;0.000343831;1.17874e-05;0.0161723;3.50409e-06;4.94968e-06;2.1199e-05;0.00166543;0.0786577;0.000373552
4.61161e-06;0.00807353;4.28313e-08;0.000175146;0.00202626;0.000332238;2.65337e-06;0.00127776;2.39161e-06;1.00536e-05;5.60655e-05;0.0161723;0.970699;0.00116806
0.000364847;0.00987891;1.1218e-05;0.000200496;2.69986e-05;6.09615e-07;7.01558e-06;0.000365069;0.000238871;6.36844e-06;0.000385527;0.987241;0.00127208;1.07086e-06
3.24698e-05;0.993763;0.00329311;3.34861e-05;9.16886e-06;5.55551e-08;3.84481e-07;0.00282389;1.58462e-06;1.11568e-06;2.09769e-07;3.39364e-05;6.9418e-06;9.65253e-07
3.17639e-05;0.0757829;5.12356e-05;0.000120254;0.000448948;0.000365466;3.8119e-07;0.0132641;2.27188e-05;1.0858e-05;1.66652e-05;0.000319761;0.908703;0.000861869
3.69472e-05;0.984053;2.8557e-07;0.00139822;0.00095592;0.000266505;9.44431e-06;0.000277267;3.36295e-05;0.000211735;0.00167072;0.00222122;0.00286398;0.00600111
7.0688e-08;0.999971;5.30566e-12;6.16796e-09;1.95074e-09;1.35806e-11;2.84079e-06;3.15978e-09;2.02152e-12;2.93271e-07;5.94411e-10;8.30858e-09;1.68375e-09;2.56316e-05
4.05994e-11;3.46024e-11;1;5.61129e-12;1.36928e-10;5.37877e-13;2.60392e-11;1.19106e-11;1.20927e-13;1.77729e-12;2.78315e-13;9.22067e-09;4.23007e-12;7.08642e-13
2.59074e-06;0.965071;3.44189e-06;6.56916e-06;6.392e-06;6.99746e-05;0.000932488;0.0217739;8.5784e-06;1.47561e-05;9.31283e-06;1.51578e-05;0.0120802;5.10691e-06
4.3183e-06;0.0161789;8.92741e-10;0.00026354;1.99326e-05;5.17582e-05;1.22767e-05;0.000345268;7.15157e-05;3.0285e-06;0.00182629;0.000117197;0.980908;0.000198176
3.42223e-05;0.000843147;4.98231e-05;0.000146458;3.4537e-05;1.29369e-06;6.24239e-07;0.00150351;3.91703e-06;4.0569e-06;1.31146e-05;0.996898;0.000466688;2.63271e-07
0.000107745;0.124564;3.92205e-06;3.53122e-05;2.08449e-05;2.49674e-05;9.49682e-06;0.00406302;0.000601434;6.38347e-07;6.94515e-05;2.25369e-05;0.870287;0.000189749
2.17528e-05;0.0041405;8.3963e-06;9.34177e-05;0.000651233;0.000767214;3.30532e-06;8.98434e-06;8.25437e-05;5.96302e-05;5.52409e-05;3.72587e-05;6.89312e-05;0.994002
2.17591e-05;0.995806;5.4121e-09;6.86677e-07;1.64e-08;2.35171e-08;0.00385933;4.71081e-06;3.37902e-06;7.78951e-05;3.79228e-05;4.76577e-07;1.17496e-05;0.000175702
1.19607e-08;1.84158e-08;1;3.77987e-09;9.11962e-09;1.36545e-12;1.34434e-08;3.78557e-09;7.52463e-09;1.66575e-09;1.40575e-08;1.20508e-07;1.23445e-12;4.02029e-12
0.000302825;0.789578;0.00410502;7.74764e-05;0.0111071;0.000664769;1.35478e-06;0.0907558;1.21326e-05;1.10092e-05;2.41497e-05;0.00436246;0.0989732;2.49759e-05
9.59082e-05;0.467806;9.77558e-08;3.67275e-06;0.00129077;5.23898e-05;1.85227e-05;0.0924551;3.96061e-06;9.57183e-06;6.63567e-06;0.125486;0.310522;0.00224957
7.1581e-05;0.0105557;0.00010365;0.000482401;0.0430628;0.0289053;4.72151e-07;0.021302;2.71979e-05;4.05912e-06;0.000189956;0.784021;0.0736447;0.0376295
7.14195e-05;0.58326;5.50606e-07;4.08173e-07;1.63252e-07;1.56873e-07;1.04505e-06;5.56292e-06;7.03351e-06;1.30473e-08;4.21953e-06;0.0325622;0.384088;7.76503e-08
7.22265e-06;0.168726;0.00011118;4.9465e-06;0.0017366;0.000173022;1.04453e-08;0.00428656;2.53969e-07;1.22921e-06;3.59051e-07;0.725216;0.0949531;0.00478285
5.58227e-06;0.293648;7.24213e-06;2.04944e-05;0.000307724;0.019084;2.62096e-06;0.0608377;1.10194e-06;3.31902e-05;0.000120211;0.00973032;0.615851;0.000350728
2.54356e-07;0.00154841;2.78834e-08;9.88145e-06;5.92486e-05;0.00013388;3.35618e-07;6.23543e-06;7.41559e-09;1.98935e-06;1.57739e-05;0.00348238;0.994681;6.07754e-05
0.00144198;0.0413843;0.000261542;0.000440488;0.000128965;8.87343e-05;0.000366912;0.00119783;0.000118351;0.000374067;0.00135186;0.866495;0.0862596;9.06334e-05
2.34566e-06;0.999381;8.41218e-05;1.18152e-07;1.1601e-08;9.45624e-09;7.95155e-07;0.000490966;1.34094e-06;4.18213e-08;1.62447e-06;6.89028e-06;3.03905e-05;2.15875e-09
2.76076e-08;0.997385;1.62535e-09;4.37681e-06;0.000635038;6.60178e-07;1.18182e-08;0.00135652;5.05059e-09;1.94813e-06;2.60371e-08;0.000553446;2.34432e-07;6.25427e-05
2.36196e-05;0.00365795;0.00664239;0.00187141;0.000692223;0.00666779;1.04891e-05;0.000305629;7.49651e-07;0.00101304;0.000207983;0.978279;6.0729e-05;0.000566946
0.000148244;0.0319398;6.17727e-08;5.61152e-05;1.81753e-05;1.15789e-05;1.80925e-05;0.00586586;8.79425e-05;2.92004e-07;0.0181612;0.00138502;0.942275;3.25517e-05
0.000595647;0.00719862;2.52217e-05;4.39994e-05;0.000234747;6.99289e-06;1.45068e-06;0.106366;2.36503e-05;8.37583e-06;4.91948e-05;0.844905;0.040488;5.28482e-05
1.27239e-05;0.022491;1.79534e-06;1.21932e-06;8.85432e-06;1.77123e-06;8.15319e-09;0.0127085;1.11378e-06;2.22859e-08;1.65369e-06;0.0302035;0.934547;2.10695e-05
8.74609e-09;0.0162619;1.29426e-10;4.95295e-07;4.37403e-07;1.29127e-07;4.2408e-07;3.06723e-08;4.78402e-10;1.59789e-05;1.00082e-08;2.12871e-06;1.98642e-07;0.983718
1.51315e-05;0.0119395;7.96364e-06;0.000160839;3.52227e-07;4.95323e-07;0.797133;3.14252e-05;0.00125938;5.22159e-05;0.187567;1.65545e-06;0.00183117;3.07689e-08
3.91449e-05;0.0131685;3.50248e-07;4.86862e-05;2.81644e-06;8.52494e-06;1.10352e-05;0.0368509;7.76803e-05;1.88547e-06;0.000238408;0.000191543;0.949288;7.24799e-05
4.18306e-05;0.0423684;2.02106e-07;1.96069e-05;4.08273e-05;6.22726e-06;1.67462e-05;8.41184e-06;7.20987e-06;0.000394231;1.9385e-06;1.17069e-07;4.651e-05;0.957048
1.02696e-06;3.08859e-06;0.999994;3.17455e-08;2.94598e-11;1.80452e-11;2.90964e-07;3.26631e-11;5.76065e-07;6.21192e-09;1.28204e-06;1.07548e-07;1.04284e-08;4.2896e-11
0.000193133;0.0885567;0.0119865;5.88282e-05;0.000277327;1.01726e-05;1.14639e-05;0.76786;0.000258613;9.17645e-05;0.000223789;0.0301941;0.100117;0.000159995
2.63073e-06;0.0369016;1.6467e-07;1.50239e-05;2.20649e-06;0.00498249;3.66112e-06;0.000259879;0.000103389;1.74922e-05;0.000254426;0.000136996;0.957184;0.000136204
6.23434e-05;0.00235196;0.923172;0.000133633;1.4385e-06;2.2327e-06;0.00102236;1.02192e-06;4.77008e-07;0.00453652;2.76109e-06;0.0675867;4.79221e-06;0.00112117
2.17807e-08;9.07659e-09;0.999995;4.96865e-07;9.73187e-10;1.05693e-09;4.89924e-08;7.453e-10;9.06852e-08;2.16544e-08;4.965e-07;3.635e-06;1.01891e-09;7.23052e-09
1.00747e-06;1.55587e-06;6.49855e-10;4.75856e-08;6.37928e-08;1.66892e-10;1.91384e-07;0.999932;5.84595e-05;3.02569e-09;4.08254e-06;4.38367e-07;2.11501e-06;3.05011e-10
1.88134e-05;0.656895;4.45952e-08;0.000968797;0.0325739;5.94575e-05;6.82403e-07;0.274244;0.000149229;7.50321e-05;7.19811e-05;0.00751237;0.00116673;0.0262641
0.000456241;0.00162099;0.000763026;0.0204511;0.00133911;0.000551648;0.000119676;1.06825e-05;0.00311226;0.00428468;0.0275519;0.882313;5.11277e-05;0.0573748
0.00184659;0.992212;6.09044e-05;4.30703e-05;1.8434e-05;1.30099e-07;2.94635e-06;0.00561749;2.96877e-05;4.25253e-07;3.60524e-05;6.97027e-05;5.4577e-05;8.49105e-06
3.36057e-06;0.999872;2.07444e-10;5.41352e-08;7.07807e-09;1.79387e-08;1.91631e-05;3.21372e-06;8.00728e-08;5.54115e-06;1.78034e-08;1.72641e-09;2.06356e-08;9.63287e-05
5.23249e-08;4.84547e-10;0.999893;8.18446e-08;3.33658e-10;7.27338e-10;5.51826e-08;4.80439e-08;2.17728e-06;1.77645e-09;4.9261e-07;0.000103677;3.91596e-10;3.04511e-10
4.00116e-05;0.152624;1.69669e-10;5.74383e-07;1.70291e-07;1.37306e-06;3.09832e-06;0.000253631;0.000135986;9.68937e-08;1.86919e-05;3.88395e-08;0.846922;1.29115e-07
1.78882e-08;0.000119774;1.7376e-07;9.57441e-09;7.44956e-09;8.87777e-10;1.20052e-11;2.40012e-07;1.25016e-08;1.35475e-11;1.37507e-08;0.999877;2.53906e-06;1.48064e-08
1.23558e-06;0.0482;4.7199e-07;6.45911e-07;0.00274877;5.5631e-05;3.19343e-09;0.495267;3.49006e-08;1.28089e-07;2.29481e-08;2.18963e-05;0.452931;0.000772848
2.84814e-07;1.77616e-05;1.62052e-07;2.17917e-06;5.25836e-08;0.000116528;9.80113e-08;2.0548e-07;1.51348e-05;3.52463e-07;1.41317e-06;8.82803e-07;0.999844;4.89389e-07
2.02986e-07;1.90405e-06;0.999998;2.08033e-08;1.31879e-09;4.04726e-10;2.06033e-09;1.07042e-08;6.78785e-09;2.0839e-08;2.21632e-10;2.25032e-07;7.40423e-09;2.24847e-09
1.50895e-05;0.971599;1.08286e-05;0.000100629;3.77497e-05;2.16957e-05;7.2141e-06;0.0226535;0.00369181;3.34558e-06;0.000382588;4.40012e-05;0.00066732;0.0007657
