1.42791e-06;0.999589;3.32175e-05;8.73741e-06;1.36164e-06;1.51403e-07;4.67188e-08;5.05996e-06;3.34602e-08;2.46996e-07;3.57932e-08;1.37133e-05;0.000346347;2.70884e-07
0.000103196;0.99275;3.9481e-06;4.57913e-05;7.41167e-05;9.86818e-06;9.07685e-07;0.00245713;5.1906e-05;3.19949e-06;6.94223e-05;0.00219877;0.00199986;0.000231341
6.43539e-06;0.999712;8.55996e-07;4.52749e-07;1.81463e-06;9.25948e-09;2.57679e-06;4.53834e-05;5.97845e-07;7.43849e-07;5.92479e-06;0.000197087;5.75725e-06;2.02411e-05
3.36278e-06;0.00951864;6.87117e-08;6.97362e-07;4.25303e-07;3.13949e-07;1.29049e-06;1.43197e-05;7.63011e-07;1.89378e-07;2.45546e-06;0.990063;0.00038971;4.32576e-06
3.17201e-07;0.999538;9.3223e-08;1.01507e-07;1.28196e-08;4.35343e-08;0.000203458;6.26888e-05;6.80223e-08;2.9143e-05;2.71479e-08;4.27519e-08;4.75247e-06;0.000161226
9.72358e-10;1.38186e-09;0.999997;3.35938e-09;1.90821e-10;4.60903e-10;5.52875e-10;5.89495e-11;4.84091e-10;3.83766e-10;2.28726e-09;2.4822e-06;1.80533e-09;3.50669e-11
7.33392e-06;0.927607;4.10553e-05;3.08946e-06;7.11448e-06;0.000576557;8.96349e-07;0.0657249;1.93904e-06;1.20784e-05;1.0452e-07;0.000192155;0.00372959;0.00209579
8.14006e-09;2.33889e-05;2.0362e-10;8.56505e-08;5.16872e-07;4.3275e-06;2.2468e-09;1.95519e-06;1.49972e-08;5.95348e-09;1.34692e-07;2.57595e-06;0.999967;1.04992e-07
1.66704e-06;0.000197191;1.32613e-08;3.46085e-06;5.21334e-06;5.12301e-07;7.00364e-09;2.99743e-06;1.09291e-07;1.36489e-07;2.38204e-06;0.999254;0.000529334;2.53496e-06
1.09873e-07;0.00067514;6.77581e-12;7.57195e-10;2.52701e-05;3.04552e-10;7.3574e-10;0.999298;3.24443e-09;1.47852e-09;8.08486e-11;1.13042e-06;7.05795e-09;9.35709e-08
1.64218e-07;1.66922e-05;0.99953;1.36579e-06;9.96732e-05;1.99093e-05;4.14211e-10;1.32748e-07;1.67234e-10;2.38445e-07;4.26586e-09;0.000292111;3.46149e-05;4.91101e-06
9.72356e-05;0.967815;3.72941e-07;3.18345e-07;5.24563e-06;5.55626e-07;0.00018653;0.0314641;4.36824e-06;3.86663e-06;1.46637e-05;1.89907e-05;3.79472e-05;0.000350805
9.47965e-10;2.65475e-09;1;5.27652e-11;9.09278e-11;2.35373e-12;4.6327e-11;9.27917e-11;2.69209e-10;2.48811e-12;9.61504e-11;2.52188e-09;8.96169e-12;3.08208e-11
0.000545678;0.742051;3.14964e-06;5.91593e-06;2.41711e-06;4.95334e-06;1.50332e-06;0.0264513;0.00439499;1.72144e-06;0.000872081;0.00236084;0.222997;0.000307528
1.13393e-07;0.999927;2.48531e-08;5.62618e-10;3.11706e-11;1.7672e-12;6.21424e-05;1.84627e-09;3.52767e-09;8.49071e-06;3.33337e-08;7.32369e-07;2.1188e-10;1.11854e-06
1.09966e-10;6.79458e-10;1;6.07051e-10;1.40509e-09;3.04138e-12;1.26572e-08;1.66144e-10;1.12716e-10;4.01739e-09;2.2923e-10;6.06017e-10;1.23734e-12;1.11668e-11
0.000555957;0.815292;0.0200359;0.00428354;0.000871606;0.000185567;0.00627773;0.0238342;0.01153;0.0018619;0.0189008;0.0116627;0.0845851;0.000122593
0.000392685;0.41271;3.45811e-07;0.00145128;0.000593326;5.71072e-05;0.00147674;0.174523;0.105813;6.92575e-05;0.022432;0.056183;0.222112;0.00218633
0.000363421;0.839373;0.0533045;0.0144533;0.00563457;0.000473918;1.07805e-05;0.000512684;2.52319e-05;7.69776e-05;3.31405e-05;0.0580882;0.00445156;0.0231983
0.00180731;0.0403209;3.51719e-05;1.26329e-06;5.10799e-06;6.54896e-07;7.63735e-05;0.909089;0.0001266;1.9745e-06;4.00339e-06;7.17613e-05;0.0484491;1.05146e-05
9.6419e-06;0.287681;0.00336395;6.24263e-05;5.39185e-05;4.52975e-05;1.24932e-06;8.25029e-05;0.000140237;2.1797e-06;0.000146322;0.706847;0.00119797;0.000365503
3.72324e-05;0.829487;0.000336771;2.44115e-05;0.0006601;2.64297e-05;7.55443e-07;0.168342;8.67226e-06;3.78767e-06;1.06187e-05;0.000206605;0.000646377;0.000209204
6.48967e-05;0.00397424;0.000647982;1.16673e-05;0.000438421;6.2153e-05;1.16172e-06;0.00166486;0.000294035;1.85986e-06;0.000859636;0.961745;0.0302258;7.94817e-06
0.00125039;0.241673;1.00959e-06;0.000146313;0.00226293;8.61588e-05;2.94693e-05;0.00238609;0.00280688;6.00912e-06;0.00225012;0.0746758;0.672107;0.000318213
0.0473437;0.346214;0.000374789;0.000319418;0.000553025;5.16412e-05;0.000140218;0.413515;0.0426443;4.79627e-05;0.000409221;0.0991025;0.0490199;0.000264534
4.4039e-05;0.974738;6.20736e-06;1.57845e-05;0.000200487;0.000557874;4.40531e-08;0.0176445;1.69859e-06;1.08079e-05;7.85324e-08;0.00344559;0.00034078;0.00299403
0.000582197;0.00617811;2.70751e-06;0.00159362;9.03985e-05;0.000437455;8.34099e-06;0.0222461;0.00103768;1.94281e-05;0.00696115;0.0137013;0.947048;9.32025e-05
0.00078882;0.339562;2.433e-05;4.32615e-05;0.000306654;2.47603e-05;2.39694e-05;0.587877;0.00148483;5.88408e-06;0.00290215;0.000367034;0.0665719;1.76452e-05
0.000192484;0.889486;3.48515e-08;0.00544265;0.000383183;1.77174e-05;0.0139212;0.0381013;0.000847454;0.0404162;0.0012744;5.65577e-06;0.000199032;0.00971316
1.97005e-10;1.74258e-12;1;2.94693e-10;2.68014e-12;2.98289e-15;4.68222e-11;2.45789e-13;4.19536e-11;2.25178e-12;5.73538e-10;2.94903e-10;9.0557e-15;9.50023e-16
0.00112266;0.00167742;9.05403e-08;5.29974e-05;0.00146977;2.25134e-07;1.15878e-06;0.987823;0.00546286;4.16691e-07;0.00153189;0.000134707;0.000243887;0.000479282
5.64669e-05;0.000692611;1.13311e-08;2.08641e-06;0.00218761;7.4739e-08;2.39097e-07;0.996943;5.82174e-05;3.50027e-06;1.16773e-05;2.96289e-07;1.73336e-05;2.66802e-05
3.32357e-06;1.12099e-05;0.999884;2.81404e-06;1.1131e-05;2.03312e-06;9.04602e-09;1.54301e-07;6.71714e-08;1.05204e-05;1.83624e-07;6.22078e-05;3.26324e-07;1.22292e-05
0.000104357;0.950738;0.000332644;5.75269e-05;1.2101e-05;1.46615e-06;0.000102218;0.0289014;0.0132068;2.42182e-06;0.00339656;0.0008122;0.000429281;0.00190305
