2.26094e-05;0.974124;2.93007e-06;4.55469e-05;1.27956e-05;5.4976e-06;2.21113e-05;0.00565477;0.000135836;1.35873e-06;0.000164373;0.000344641;0.01942;4.34805e-05
2.06134e-05;0.908167;1.10697e-08;4.24835e-06;1.03673e-05;2.01626e-06;7.65134e-08;0.0281383;2.2094e-06;3.06732e-07;1.88062e-05;0.0561858;0.00659143;0.000858531
1.4675e-06;0.0167372;1.03098e-06;1.07429e-07;2.73682e-06;4.38171e-06;0.000205905;1.30259e-06;4.78062e-09;0.000510408;2.5164e-07;1.81466e-06;1.33336e-05;0.98252
1.1057e-09;1.4244e-10;1;1.06874e-10;6.05589e-10;9.0157e-11;4.25413e-09;4.28414e-11;1.94282e-09;1.07826e-10;4.5139e-09;1.23592e-08;3.53657e-12;2.46862e-11
1.1859e-05;0.983374;7.09984e-06;1.68035e-06;2.34183e-05;1.40889e-07;3.35088e-05;0.0107875;0.00122058;8.515e-07;0.00223058;0.00105589;0.00125199;9.07462e-07
1.49396e-06;0.966871;7.67696e-08;1.09944e-05;0.000160511;2.34823e-05;2.6002e-08;0.000587523;1.12637e-06;1.6727e-05;7.27733e-06;0.026447;3.09304e-05;0.00584179
7.67098e-05;0.915051;4.40711e-06;1.71109e-06;2.36833e-07;3.65219e-07;9.96065e-07;0.000233487;4.89154e-06;8.75677e-07;0.000117606;0.0571996;0.0272726;3.54021e-05
0.000138648;0.950079;5.84372e-06;1.24608e-06;6.6643e-06;1.36466e-06;1.43066e-05;0.0476171;2.31443e-05;9.19697e-06;8.32366e-06;0.00138491;0.000705045;4.71684e-06
2.72663e-05;0.961591;5.85263e-06;1.83366e-07;1.87584e-06;5.27632e-06;3.04379e-06;0.00808496;1.4153e-05;2.90172e-06;5.96147e-06;0.0188457;0.011411;7.70466e-07
1.10675e-05;0.0769816;7.98292e-07;1.79789e-05;0.000695705;0.000819993;3.50181e-05;0.00756219;1.28782e-06;0.000368782;7.36778e-06;4.39733e-05;0.907638;0.00581632
2.18644e-08;1.75499e-09;0.999999;1.33059e-08;1.72084e-10;3.68567e-11;6.11726e-07;2.36266e-09;1.51623e-07;9.15842e-09;1.45935e-07;1.18602e-08;2.016e-09;1.52042e-10
2.81396e-05;0.0262833;0.893882;6.75012e-05;3.65862e-05;1.8362e-05;1.83457e-05;0.0109628;0.000103853;1.41762e-05;2.68049e-05;0.0677286;0.000555996;0.000273441
4.56949e-05;0.0614677;9.42494e-06;5.17095e-05;0.0623855;0.0181138;9.42083e-06;0.0153544;1.8571e-05;6.624e-05;0.000112927;0.0254996;0.0150647;0.8018
1.54008e-06;0.0099352;3.82405e-09;3.82806e-07;0.00115215;4.77621e-07;1.23354e-07;0.930937;4.49048e-07;1.81183e-07;5.90272e-06;0.0571536;0.000813254;1.55214e-07
1.01676e-06;0.00153423;0.978775;0.000113514;0.00295152;0.000389217;2.14865e-08;0.00101695;3.42813e-08;4.1749e-07;2.85037e-07;0.00132171;0.0138936;2.51529e-06
5.91573e-06;0.968573;2.7995e-06;6.66707e-07;5.33278e-06;1.90323e-05;2.68037e-05;0.0150567;1.26222e-07;1.39688e-05;1.78856e-08;1.9871e-08;0.0162807;1.5297e-05
1.98697e-10;5.98953e-11;0.999996;3.42002e-09;1.19254e-09;4.64178e-09;3.32234e-11;2.69694e-10;7.71011e-11;3.55311e-10;7.65791e-11;4.41267e-06;1.35524e-09;1.22853e-10
2.34629e-05;0.331735;0.00568769;5.59999e-05;0.000159621;6.2604e-05;5.77476e-07;0.0799365;3.58935e-05;4.56834e-07;7.75256e-05;0.212246;0.36989;8.8893e-05
5.94639e-08;0.999907;1.95663e-07;1.0708e-07;9.29774e-07;2.31228e-07;1.188e-06;1.09026e-08;2.1287e-10;2.01479e-05;1.00323e-07;1.81722e-07;7.73112e-07;6.88122e-05
2.8045e-10;6.87328e-11;0.999996;5.43305e-11;3.25232e-09;4.15818e-11;6.88004e-10;1.34264e-10;2.64592e-11;1.99325e-11;5.86149e-10;3.87971e-06;4.68082e-13;7.73763e-11
1.48464e-05;0.709403;0.00138109;2.35925e-06;0.00158228;0.000463114;0.000756577;0.0312956;1.88702e-05;2.08013e-05;7.86808e-05;0.0157996;0.239153;3.05444e-05
1.41579e-07;0.0166928;7.30842e-10;1.14606e-06;0.107147;3.88283e-05;1.7864e-08;0.866745;6.73394e-06;2.78232e-08;1.07937e-05;0.000477012;0.00879185;8.8241e-05
1.87626e-05;0.253092;0.130213;0.00165014;0.167583;0.0937707;9.17034e-08;1.56689e-05;7.45712e-08;4.9177e-05;1.765e-06;0.000205268;0.00549593;0.347904
1.31257e-05;1.43453e-05;1.06456e-08;1.6743e-10;7.66069e-08;3.58063e-09;5.31293e-09;0.999963;1.14645e-07;2.84002e-10;1.26359e-09;3.04373e-07;9.25233e-06;3.13368e-09
1.07307e-07;1.29298e-05;1.04768e-06;2.12377e-06;0.980021;0.000192151;3.07208e-09;0.000230042;2.80832e-07;1.73692e-07;5.75453e-08;0.00993975;4.68071e-07;0.00959998
3.59264e-05;0.0315215;0.905633;6.81158e-05;0.000219798;0.000283355;2.89178e-07;7.2113e-07;7.27794e-08;6.17789e-07;1.42994e-06;2.14255e-05;0.0619351;0.000278506
6.75775e-06;0.468086;8.35425e-06;6.00002e-09;1.18021e-08;2.59166e-08;2.11094e-07;6.11258e-06;1.23242e-08;1.70554e-08;1.97186e-07;0.415626;0.116267;4.50426e-08
1.68379e-07;0.996763;1.55551e-07;4.39205e-07;3.01534e-06;1.77845e-06;6.50007e-05;8.3114e-05;5.77677e-08;0.00023646;2.19346e-07;0.00111018;1.77459e-07;0.00173598
5.05493e-09;1.66571e-08;0.999998;1.53139e-08;1.05081e-09;4.45366e-09;5.83539e-09;7.59133e-08;3.29857e-09;1.82873e-10;8.05445e-09;1.80927e-06;9.44478e-08;1.0591e-11
2.55171e-06;0.00148738;9.24286e-09;1.8542e-08;1.15766e-05;1.99505e-08;6.41095e-10;0.998341;1.85171e-07;1.15448e-09;1.51493e-07;1.28621e-05;0.00014422;1.32281e-07
6.91329e-06;0.0076837;0.967546;5.45964e-05;0.00160072;0.000532326;0.000304676;4.29971e-07;8.84263e-08;0.0100484;2.21498e-06;6.37729e-07;1.09712e-05;0.0122088
1.79837e-09;2.3224e-10;1;2.28697e-11;2.4526e-12;8.0799e-13;3.00306e-09;1.41621e-10;3.67426e-09;1.97853e-12;1.22935e-08;1.13185e-08;5.18651e-11;5.8573e-14
4.27958e-06;0.00173431;0.00248525;6.33995e-06;5.3357e-05;2.05059e-06;3.72707e-07;0.00124994;0.000342308;2.06611e-07;0.000112109;0.992233;4.51212e-05;0.00173112
4.90626e-05;0.706544;9.708e-05;6.76906e-08;0.000859002;0.00659846;4.2551e-08;0.240525;5.11046e-07;2.64722e-07;1.74121e-07;5.85997e-06;0.0438276;0.00149303
4.42932e-08;0.992998;3.18138e-06;4.44081e-09;6.37119e-07;3.28433e-07;1.41734e-06;1.25533e-05;4.95531e-10;9.40546e-07;1.3278e-09;0.000150166;8.44271e-07;0.00683184
5.51998e-13;1.60935e-11;1;6.34461e-13;1.42611e-12;4.25667e-13;6.11297e-13;1.85385e-11;1.19206e-12;2.39524e-14;8.5875e-14;2.30622e-09;3.463e-14;7.77023e-14
5.02257e-06;0.0136899;4.15638e-07;1.97908e-07;1.3894e-05;6.91765e-06;1.73885e-08;0.984388;2.52197e-05;8.17353e-09;1.32333e-07;0.000635979;0.00123356;3.41032e-07
6.55704e-08;0.999498;6.89183e-08;1.15324e-10;2.12113e-10;8.67001e-10;1.73906e-09;9.51229e-06;1.42319e-10;4.71115e-10;2.17019e-11;2.72568e-05;0.000465454;7.42281e-11
5.31882e-08;7.8517e-05;1.61961e-07;7.10229e-06;0.0854787;4.69403e-05;3.07982e-08;0.0289626;4.16677e-06;3.30682e-07;9.71677e-07;0.885211;7.58365e-06;0.000201465
1.89434e-06;0.616756;0.000232622;2.65744e-05;3.27285e-06;7.30833e-06;9.47709e-07;2.84471e-05;3.78699e-08;1.00544e-06;9.46566e-07;3.52157e-07;0.382939;1.72835e-06
3.00441e-05;0.53383;3.20087e-06;1.64301e-07;2.28776e-07;2.29273e-07;3.97902e-06;0.00019969;2.13893e-06;1.31459e-07;4.8939e-07;0.454209;0.0117179;3.51619e-06
5.54311e-05;0.0211916;0.000132142;0.000151918;0.122232;0.019406;1.17936e-05;0.0307248;0.00287867;1.61927e-06;7.8427e-05;0.0162051;0.786365;0.00056635
1.51421e-05;0.913602;2.82791e-07;4.15904e-07;5.83789e-07;1.75168e-07;8.0164e-07;0.00587898;5.82472e-07;4.91899e-08;4.28099e-07;0.0284329;0.0520649;2.43337e-06
5.70914e-05;0.714515;0.000115701;8.42242e-06;6.19713e-07;3.72932e-06;3.2148e-07;0.000805412;5.68095e-06;8.74037e-07;1.3647e-06;0.00789192;0.276587;7.06256e-06
6.999e-05;0.0348465;2.07515e-06;0.00182941;0.000743172;0.000539014;7.92425e-07;0.0102918;6.76046e-05;3.51951e-05;0.000338223;0.916373;0.0299997;0.00486349
0.000171132;0.609643;7.6677e-09;0.000221304;1.48526e-05;0.000488944;0.210528;3.46144e-05;0.000171305;0.0424289;0.00178897;8.77991e-09;0.00852355;0.125985
3.61051e-10;7.87089e-11;1;1.07429e-10;2.54145e-12;1.11669e-11;3.71308e-08;2.82962e-13;2.22265e-10;2.32194e-10;3.02528e-09;1.11075e-08;2.78353e-11;1.56994e-13
8.3373e-05;0.38234;0.000368462;0.00114526;0.00125171;0.000414422;0.00125116;0.468959;0.0148933;7.25532e-06;0.0203987;0.0693006;0.0395821;4.69106e-06
1.67402e-06;0.0186596;4.98153e-06;1.25295e-06;4.50251e-05;7.8698e-05;5.27672e-08;0.00468695;6.22715e-07;2.60525e-07;5.71731e-06;0.000531514;0.975977;6.18185e-06
0.00012859;0.0529654;0.00170845;0.00870659;0.0734952;0.0282222;0.000257461;0.0977984;0.00066139;0.00280971;0.00317019;0.117045;0.572697;0.0403344
7.93436e-05;0.839355;3.22775e-06;8.0159e-07;1.83695e-08;1.58931e-07;0.159911;2.21094e-05;9.07596e-06;0.00051532;3.69992e-06;7.34922e-08;4.91784e-05;5.10362e-05
4.63736e-11;9.47333e-12;1;1.10665e-11;7.35053e-13;5.19816e-13;2.29284e-09;2.38548e-14;2.00702e-10;6.50753e-11;8.2168e-11;1.09484e-10;8.70541e-15;4.55871e-12
6.37611e-06;0.994835;8.65256e-08;8.28825e-07;0.000377646;1.34293e-07;0.00109319;0.00307418;0.000152136;9.13047e-06;1.94473e-06;2.22921e-08;3.9429e-06;0.00044516
4.41665e-12;6.35549e-13;1;2.32116e-11;8.04927e-11;5.40809e-14;1.09655e-10;1.96882e-13;9.20428e-12;5.42459e-12;9.3537e-11;1.19938e-09;1.44913e-14;9.99497e-14
4.51218e-05;0.925505;3.0772e-06;1.85941e-06;6.15934e-05;1.70241e-06;2.33327e-05;0.00124326;0.000128379;2.08758e-06;0.000109472;0.000267792;0.0534692;0.0191384
3.35213e-07;0.996464;8.54404e-09;3.40234e-07;3.22124e-07;1.64274e-08;0.00230022;6.34229e-05;1.09068e-05;0.000262638;7.9493e-07;1.21511e-05;3.58944e-06;0.000881341
1.16231e-07;5.39816e-08;0.999945;1.01042e-06;1.17891e-06;6.84236e-08;7.86802e-07;5.98797e-07;1.76865e-06;7.09104e-08;7.57183e-07;4.74497e-05;7.548e-07;1.09119e-09
2.72357e-06;0.999604;8.58971e-09;5.13598e-08;4.10339e-08;1.59933e-07;5.41612e-05;2.03973e-05;4.37073e-07;8.26785e-06;5.46607e-09;1.53178e-10;0.000287075;2.26622e-05
1.48387e-10;3.74452e-12;0.999999;6.12401e-10;5.09088e-09;1.5509e-09;7.9625e-11;1.26669e-10;9.29718e-11;1.58745e-10;1.8168e-11;1.07046e-06;2.08806e-12;8.62943e-10
1.29061e-06;0.898818;1.86818e-07;1.57361e-06;9.49937e-05;5.69842e-06;5.09226e-06;0.00671681;0.000267791;5.61527e-08;3.4975e-05;5.42542e-05;0.0939986;5.33539e-07
1.58816e-06;0.963699;0.0119992;4.56257e-06;1.04191e-05;1.50153e-05;0.00607933;2.14782e-07;1.13158e-06;0.017747;2.70667e-06;2.16604e-05;7.86902e-08;0.00041852
2.42165e-11;7.58518e-12;1;2.21511e-11;5.20673e-12;5.97724e-12;1.18747e-09;1.04458e-12;2.3194e-09;1.23038e-12;2.58321e-10;4.26579e-08;1.91782e-14;2.30175e-12
5.11389e-08;0.998791;2.13381e-08;5.29592e-10;2.60628e-10;2.31075e-10;6.47726e-07;2.31071e-08;1.20779e-07;1.14769e-10;5.65079e-08;2.54293e-07;0.00120765;3.24418e-10
1.75246e-06;0.947361;1.32338e-06;3.7104e-08;0.00017952;9.48295e-06;2.27423e-06;0.0373077;2.5847e-06;1.41927e-06;6.44119e-07;0.0126926;0.000279427;0.00216078
3.61317e-08;0.998441;2.96097e-10;3.95065e-09;5.72321e-06;7.19486e-07;0.000122759;0.00114689;1.26679e-08;1.89804e-05;6.51461e-10;3.54655e-09;8.28876e-06;0.000255564
2.43487e-10;1.62116e-10;1;4.83276e-10;1.6085e-10;1.25861e-10;1.29412e-10;4.03598e-10;3.62653e-11;1.57942e-11;1.09341e-11;3.56809e-07;2.52479e-10;3.05134e-11
2.57123e-05;0.971256;2.18636e-06;1.5063e-05;8.3116e-05;3.90662e-06;5.47273e-05;0.0174191;6.67834e-05;5.10922e-06;3.67616e-05;0.00722245;0.00327076;0.000538444
0.000253836;0.490268;8.08272e-05;0.000520417;0.000300864;0.000128172;0.00164058;0.00631601;0.0146618;3.23243e-05;0.0605847;0.125187;0.300016;9.99859e-06
5.47676e-05;0.597492;5.63425e-07;0.000498302;0.00248401;0.000146706;2.79909e-06;0.0207807;0.000121321;3.32801e-05;0.00102097;0.079478;0.279143;0.0187434
8.72337e-05;0.990758;1.02785e-06;1.64743e-06;3.07503e-07;3.33258e-07;0.00519871;3.34005e-05;5.91555e-06;0.000347763;7.19799e-06;2.64282e-08;0.00020809;0.00335007
4.81877e-10;3.32295e-11;0.999999;1.07433e-09;1.8823e-10;4.93595e-11;1.30699e-10;1.28886e-11;8.8718e-10;1.4327e-10;3.03254e-09;1.29822e-06;1.23158e-11;7.25238e-11
1.26361e-06;0.00789514;9.04653e-10;5.24227e-08;1.11015e-06;1.95434e-06;1.48055e-08;0.000751225;6.9896e-06;4.1217e-09;2.32132e-06;6.86288e-08;0.99134;3.10975e-07
3.38303e-07;0.00361561;3.66473e-06;1.47833e-06;3.20453e-06;2.09547e-06;2.16299e-09;9.00269e-06;9.62003e-07;1.94273e-08;6.66678e-06;0.981988;0.0142951;7.36375e-05
0.00187851;0.202728;0.0230823;0.00162211;0.283382;0.106251;0.00015297;0.0460183;0.000922227;0.000622925;0.0021333;0.201318;0.0562205;0.0736685
0.00241402;0.0233635;0.00347079;0.000305272;0.000101492;0.000177088;0.00130563;0.000456702;0.0161417;5.32688e-05;0.0073916;0.0266566;0.917523;0.000639845
0.000100725;0.989348;6.59117e-05;7.7799e-05;4.25681e-05;3.10061e-05;2.26352e-05;0.000454833;0.00139879;1.41532e-05;0.000458851;0.00320612;0.00418704;0.000592025
4.05603e-06;0.996317;2.61424e-08;1.83632e-06;4.0714e-05;1.45559e-06;9.62569e-07;0.00012386;7.13931e-07;1.38844e-06;2.90958e-06;0.00205083;0.00112686;0.000327452
0.000184174;0.0650075;0.000127736;5.42017e-05;0.00179265;2.27068e-05;1.95425e-06;0.771513;2.03788e-05;2.31256e-06;1.70408e-05;0.150819;0.0100149;0.000423276
0.000749342;0.14254;0.000517802;0.000604618;0.0230044;0.0487103;0.00048067;0.139981;0.000144702;0.000314698;0.000714471;0.176879;0.441331;0.024029
5.0595e-06;0.0052782;7.40903e-09;8.64121e-06;0.00389729;9.81863e-07;5.87559e-07;0.98962;0.000192404;2.85247e-07;2.66241e-05;3.5705e-05;0.000889446;4.45481e-05
1.12003e-06;0.00165796;0.996984;9.93832e-05;4.59341e-05;6.59356e-05;2.18715e-07;1.90719e-07;1.24477e-07;4.71298e-05;1.58524e-06;1.89908e-05;1.14243e-05;0.00106555
9.95767e-05;9.12596e-05;1.14614e-08;1.61453e-08;1.69143e-07;4.09701e-08;2.68677e-06;0.997611;0.00214437;1.99318e-08;4.83792e-05;8.59569e-07;1.94802e-06;2.53891e-08
4.37981e-06;0.000954164;0.000102553;1.12841e-05;0.00598947;6.00004e-05;3.9836e-08;0.000190547;2.76019e-05;3.344e-07;5.75565e-05;0.990017;1.00715e-05;0.00257456
8.98454e-10;1;3.91903e-11;2.37047e-12;4.93282e-13;1.93342e-13;3.73866e-07;2.05876e-10;9.48037e-12;8.71969e-10;2.96853e-12;1.18754e-13;4.27713e-10;7.07187e-08
8.89246e-12;9.14897e-12;1;5.00332e-12;4.91347e-11;1.61026e-12;8.14972e-11;6.24647e-11;1.33983e-12;3.24087e-12;3.05985e-13;1.19226e-07;1.81111e-14;3.88511e-11
5.89955e-08;0.997165;2.18556e-08;5.72624e-08;2.8966e-08;4.54721e-07;0.000219767;0.000210802;8.62133e-08;2.49607e-07;2.01411e-08;6.59725e-11;0.0024028;1.12057e-06
1.15537e-09;3.84377e-10;1;2.1171e-09;2.93155e-11;5.08016e-11;4.80194e-08;3.86966e-11;1.05504e-09;1.37652e-09;8.16761e-10;4.79463e-08;7.8869e-09;2.14914e-11
1.42929e-08;5.05384e-08;0.999779;8.86219e-07;2.70727e-06;3.46385e-07;3.10202e-08;0.000169911;1.72321e-07;5.61617e-09;3.95855e-08;4.62889e-05;2.33387e-07;6.20409e-07
7.04036e-09;0.000102324;2.19802e-05;7.83393e-08;7.5133e-06;0.000418249;1.82642e-10;6.47071e-07;5.54719e-10;1.6753e-07;3.06095e-10;1.60856e-06;2.43799e-08;0.999447
1.36617e-05;9.23523e-05;1.53866e-07;2.15691e-05;8.32107e-05;0.000130353;5.99975e-07;0.0105603;1.61068e-05;2.41416e-07;0.00120411;0.00168409;0.986138;5.57189e-05
2.10261e-06;0.00142853;5.42168e-07;2.97417e-08;7.66098e-06;2.65176e-08;3.98486e-10;0.998526;1.10135e-09;3.77474e-09;3.0529e-09;1.02817e-05;2.42391e-05;1.02712e-06
1.57707e-07;0.996231;2.93055e-05;1.07757e-06;2.71956e-05;2.15251e-05;4.96672e-07;0.000952842;1.18917e-08;1.55673e-06;1.25748e-07;0.00104606;0.00121037;0.000477764
2.17856e-11;2.18987e-10;1;9.15121e-10;2.10648e-12;7.53863e-12;5.24865e-09;1.73585e-10;1.81863e-10;9.4551e-11;4.32564e-09;9.48119e-10;1.19418e-10;2.43495e-14
8.35572e-10;1.19457e-08;0.999954;8.27873e-09;1.66737e-09;2.58864e-09;1.77324e-10;3.60952e-09;1.63507e-09;5.23618e-11;2.67561e-09;4.58598e-05;9.87205e-10;2.00741e-08
3.89929e-07;0.00173264;2.63287e-10;1.22933e-07;9.84169e-06;0.000164183;1.50394e-06;1.34612e-07;1.35723e-06;1.75001e-06;3.01728e-08;4.80486e-12;4.28667e-08;0.998088
1.54333e-09;6.46563e-11;0.999999;1.46127e-10;1.72885e-08;2.16364e-11;1.67717e-12;9.65065e-12;1.70019e-10;1.70009e-12;1.19627e-11;1.00432e-06;1.16034e-12;3.88431e-11
1.64867e-06;5.85707e-05;1.25332e-07;8.16789e-09;0.00189379;3.10025e-07;2.09424e-12;0.998016;5.72257e-08;8.26682e-11;2.41414e-10;9.73615e-08;4.69859e-06;2.452e-05
1.60927e-08;5.87941e-07;1.08334e-09;3.72407e-10;9.44889e-07;1.61499e-10;4.31179e-13;0.999983;5.62403e-09;2.28655e-11;1.10657e-11;9.92151e-11;1.58712e-05;6.87155e-12
1.77351e-07;1.82942e-05;0.999493;4.16531e-06;0.000236108;0.000118889;6.36568e-11;5.10571e-07;2.93428e-10;1.33167e-05;5.72239e-10;7.8813e-05;3.44637e-05;1.78538e-06
4.04928e-06;0.981334;0.000463135;2.32959e-05;5.9383e-06;1.16301e-06;2.36489e-06;0.0157696;3.38724e-05;6.71428e-07;4.77021e-05;0.00129645;0.00100258;1.47116e-05
