5.13498e-06;0.997723;0.000113176;0.000278099;6.49286e-06;2.78271e-05;8.52465e-07;1.614e-06;4.9774e-07;3.01355e-05;2.1823e-05;1.98125e-05;0.00175868;1.32532e-05
4.36481e-06;0.00162977;0.0014061;4.94238e-06;1.45675e-06;6.26547e-08;1.2279e-08;6.8473e-06;9.22466e-08;2.01536e-08;1.13747e-06;0.996934;9.07824e-06;1.96339e-06
0.000309014;0.982201;3.10601e-05;2.10462e-05;0.0042551;5.10929e-05;0.000135424;0.00990898;0.00176517;2.48382e-06;0.000747819;0.000100533;0.000460016;1.08962e-05
3.37359e-05;0.903458;0.00196603;2.50357e-05;4.25799e-05;0.000311181;9.50462e-08;0.000746394;5.74051e-07;2.32679e-06;8.58429e-07;5.9275e-05;0.0931978;0.000156045
1.82718e-06;0.00947076;1.54584e-07;2.11911e-09;1.1767e-09;3.4341e-09;2.42786e-07;3.99723e-07;1.67098e-06;3.67516e-09;8.0265e-08;0.990089;0.000435639;3.83675e-09
0.000149801;0.0310457;4.70668e-06;2.52536e-05;0.00814864;0.0021987;2.64312e-05;0.750325;0.00238062;2.3836e-06;0.00021867;3.25903e-05;0.204959;0.000482722
3.55436e-06;0.998579;2.68873e-10;2.28351e-08;8.61206e-07;2.17027e-07;8.07764e-07;5.91075e-05;6.4323e-08;1.1226e-07;2.48757e-09;3.02666e-08;6.73665e-06;0.00134972
7.05355e-12;2.08565e-12;1;8.03638e-13;8.88471e-13;4.5873e-14;3.71487e-13;7.14673e-14;3.12499e-13;6.79081e-14;5.7161e-14;1.56055e-07;1.56753e-13;6.33612e-13
4.87919e-05;0.104186;3.55568e-07;2.79276e-05;0.000292423;0.00897302;2.39631e-05;0.046493;0.000901149;1.69159e-06;0.000608233;0.00438791;0.832609;0.00144686
4.54373e-06;0.166365;9.25926e-07;4.66475e-05;2.66508e-05;7.95233e-06;7.53405e-06;0.00349701;1.22296e-06;4.63146e-07;0.000111855;0.00125841;0.826825;0.00184648
7.95776e-05;0.0239637;2.10164e-06;0.0298417;0.62187;0.273902;8.16335e-07;0.0139939;0.000109441;7.1015e-05;0.000170855;0.00866343;0.0012758;0.0260555
0.00200186;0.116064;4.41065e-06;5.84177e-06;4.10809e-05;0.000107754;9.42147e-06;0.170878;1.5264e-05;4.81864e-06;9.21143e-06;0.000350774;0.710486;2.1452e-05
1.7719e-05;0.0694305;9.43381e-06;1.5408e-05;0.00049626;3.90776e-05;1.16872e-06;0.000232877;8.69127e-06;2.25431e-06;1.87804e-05;0.926285;0.00281218;0.000630291
0.00110753;0.352745;0.0122858;9.40177e-05;0.0017724;7.38129e-05;0.000244766;0.0728179;0.00266758;0.000331083;0.000189427;0.532779;0.0160846;0.00680644
0.000370285;0.00359449;7.58742e-06;3.76881e-05;6.89469e-05;1.13481e-05;0.00157387;0.00158971;0.941964;9.2471e-06;0.0445879;0.00013602;0.00603962;9.17602e-06
0.000162878;1.204e-05;1.18596e-09;6.82829e-10;5.80021e-08;5.12806e-10;8.49368e-09;0.999294;0.000519758;4.22152e-10;1.74271e-07;8.66403e-08;1.11574e-05;7.0736e-10
4.42623e-06;0.18552;2.62857e-06;1.90701e-07;2.15564e-07;6.40685e-06;5.28869e-05;6.78852e-08;2.08197e-07;0.000670043;9.75618e-09;1.34582e-06;1.26251e-07;0.813741
1.18246e-08;1.18767e-10;0.999999;4.78528e-10;2.04701e-09;6.77607e-11;5.43301e-09;9.00388e-11;1.17723e-07;1.13671e-09;5.34144e-09;1.03417e-06;5.28342e-14;1.83505e-09
1.23551e-05;0.00890083;2.29562e-07;2.59782e-07;0.000131499;1.32887e-07;2.53837e-07;0.99013;0.000598589;6.67627e-08;7.20728e-05;9.71436e-06;0.000142159;2.07787e-06
5.88881e-05;0.000237176;1.03417e-08;1.09508e-07;2.31187e-05;4.13487e-08;1.09769e-07;0.999587;4.77453e-05;1.10662e-07;1.88943e-06;1.52738e-05;2.67586e-05;1.60933e-06
3.61507e-05;0.0153991;2.99354e-05;3.89925e-08;1.78411e-05;6.28928e-08;1.56693e-06;0.000217391;8.16173e-07;2.63697e-07;2.7059e-08;0.984235;3.89639e-05;2.31746e-05
5.84339e-05;0.0822561;1.12873e-05;2.64477e-06;2.24653e-05;2.74147e-06;4.69832e-05;0.90131;0.000199059;4.74223e-07;1.10014e-05;0.00147985;0.0123448;0.00225382
4.11918e-05;0.0450957;3.04023e-06;2.93874e-05;0.000698586;2.21206e-05;8.02602e-07;0.743614;4.22325e-05;6.16163e-07;2.2958e-05;9.67815e-05;0.208033;0.00230029
0.00019943;0.9913;1.50067e-07;8.23487e-05;6.02152e-06;6.36007e-07;1.59125e-05;1.39043e-05;0.00158815;4.72881e-06;0.000405958;0.000381486;0.000886048;0.00511534
4.63815e-05;0.259033;4.72301e-06;5.59525e-08;1.77479e-06;1.94012e-08;4.58993e-08;0.740805;8.93521e-08;7.93095e-08;2.42403e-08;8.93285e-06;9.58341e-05;4.28901e-06
1.99404e-08;0.00108211;6.40737e-06;6.57305e-07;0.000110607;0.000138527;2.76536e-09;3.44209e-05;7.1187e-09;3.93434e-08;1.11483e-07;0.997235;1.74337e-05;0.00137445
7.91721e-07;0.000647025;2.69491e-08;7.92337e-07;7.67201e-06;1.95715e-06;3.21585e-08;0.00657388;1.2954e-07;4.94382e-09;1.29524e-05;1.00773e-06;0.992753;1.06166e-06
0.000630566;0.0339112;0.00016835;0.00010483;0.000240367;1.13415e-05;1.24475e-06;0.00496069;0.000302189;2.34502e-06;4.64764e-05;0.58074;0.37868;0.000199629
0.000192512;0.75853;2.46754e-07;0.000312763;0.000961225;6.5389e-05;5.52619e-07;0.000911958;0.00118879;1.39644e-06;0.00018921;0.0855246;0.151927;0.000194329
5.30493e-07;0.000475426;3.34746e-10;1.99657e-05;0.00178544;5.41495e-06;1.36686e-07;0.997639;1.65804e-07;6.59742e-05;1.51681e-07;1.15545e-07;1.37852e-06;6.17261e-06
1.20923e-07;1.40188e-05;0.999845;0.000130953;1.59726e-08;1.57928e-07;4.76643e-08;5.24986e-10;8.08255e-09;1.27161e-06;7.40454e-06;5.72418e-07;3.87121e-09;4.28957e-08
0.0195632;0.748612;0.00217676;0.0036702;9.51105e-06;1.97293e-06;0.00224637;0.00138322;0.00470131;0.000120477;0.136746;0.079339;0.00133656;9.36246e-05
0.0010244;0.986605;1.47039e-06;2.23829e-05;1.16104e-05;7.11908e-06;0.000152472;0.000988886;0.000342882;6.81381e-06;0.00186111;0.000105265;0.00866464;0.000206398
1.47855e-07;4.28726e-05;1.44981e-11;4.98612e-10;3.97661e-07;6.28651e-11;1.65111e-10;0.999953;6.75669e-08;4.52373e-09;9.63953e-09;7.49461e-07;2.41981e-06;8.07475e-11
1.07945e-06;0.000200652;0.999658;1.9773e-05;4.39327e-06;1.20084e-06;7.99623e-09;2.91172e-06;4.32908e-07;2.34521e-05;1.16931e-06;4.71131e-05;3.4348e-05;5.35417e-06
0.000221466;0.00767224;3.3995e-06;7.17227e-05;7.00979e-06;8.49887e-05;0.00345589;0.00543485;0.235387;6.8073e-05;0.706814;0.000339776;0.0403993;4.06954e-05
