1.21377e-06;0.0228549;1.21923e-11;8.28255e-08;8.30771e-05;2.43962e-08;1.80615e-07;0.977014;3.38243e-07;4.77191e-07;2.98382e-08;3.02304e-08;4.43946e-05;1.34174e-06
3.65075e-06;2.4944e-05;0.997252;0.000423148;0.000414082;0.000330055;6.2526e-08;4.83674e-07;1.27567e-08;2.4396e-05;5.51595e-07;0.000377828;7.61556e-06;0.00114125
5.78429e-05;0.993177;2.56993e-09;1.37043e-07;6.49066e-09;1.38932e-08;0.00625596;0.00034802;6.79653e-06;6.26011e-06;2.10012e-05;3.66611e-09;0.000126742;7.94191e-08
1.09585e-10;3.43042e-10;1;6.2133e-12;3.86246e-13;7.55978e-13;1.06216e-10;4.69267e-12;1.4108e-11;4.6282e-12;4.04637e-11;3.22462e-10;1.5144e-09;7.08723e-15
4.07006e-05;0.0571891;9.19861e-06;5.51816e-05;0.000347949;0.00200311;2.26289e-05;0.00103846;0.00230343;1.75397e-05;0.00194839;0.754756;0.17764;0.0026281
3.73445e-05;0.279974;7.9879e-05;1.09244e-05;0.00690345;0.00016554;2.60519e-07;0.359321;6.89047e-06;2.18098e-06;5.64865e-05;0.0300571;0.322251;0.00113382
2.44966e-05;0.4627;8.22127e-09;7.81103e-06;0.000122486;0.00178795;7.71017e-05;0.00202468;4.62579e-06;0.000115334;2.144e-05;7.15332e-05;0.532573;0.000470468
2.38162e-08;1.55452e-08;1;1.24843e-09;1.99577e-12;8.13397e-12;1.42323e-08;1.00233e-10;1.00402e-08;3.06464e-10;2.12108e-09;6.5575e-08;2.388e-09;1.12861e-12
6.10759e-05;0.00437557;0.000754373;4.39665e-05;0.000680788;2.25252e-05;1.8698e-06;0.0380141;0.00185635;1.60283e-06;0.000101292;0.953922;6.03848e-05;0.00010434
2.25273e-05;0.910268;9.20352e-06;6.27537e-06;0.000851584;0.000238239;4.57806e-06;0.0770591;4.33292e-05;6.59128e-06;1.7572e-05;6.54762e-05;0.00919053;0.00221715
4.26395e-10;0.0449177;5.13913e-12;3.76741e-09;4.62851e-06;1.03592e-07;1.56524e-09;4.02282e-07;1.89185e-10;9.34318e-09;3.49422e-10;1.23742e-06;8.00129e-08;0.955076
0.000233746;0.555158;0.000147322;9.51074e-05;4.55183e-05;1.51625e-06;0.0836207;0.0462625;0.0232919;1.92342e-06;0.00245413;0.000264606;0.288423;3.4522e-07
1.07142e-08;0.999615;5.92977e-12;3.75928e-09;2.11718e-08;2.92245e-08;1.32709e-08;3.7378e-05;1.7733e-10;1.44516e-07;1.55983e-12;2.72274e-10;0.000347156;3.69617e-07
3.31152e-12;2.55841e-14;1;7.96322e-10;1.41545e-09;3.22592e-10;6.50298e-12;2.42394e-12;6.19437e-13;1.47948e-10;5.09996e-13;5.08851e-07;1.97075e-13;1.35531e-11
6.81118e-06;0.658593;1.64134e-06;0.000127385;0.000483106;3.64237e-05;0.000149412;0.19068;0.000947179;1.45327e-06;0.00136178;0.000618306;0.146994;3.68538e-08
5.96795e-06;0.936267;0.0353239;0.000120939;3.9233e-05;8.67231e-05;0.00476458;1.73272e-05;1.25235e-06;0.0233045;3.89585e-05;5.70469e-08;1.07388e-06;2.82545e-05
4.10519e-12;8.13139e-13;1;6.26883e-13;1.2129e-13;4.53674e-14;5.17148e-11;2.43237e-14;1.23952e-12;6.29853e-14;9.0643e-12;1.01009e-08;1.32173e-14;3.87089e-14
9.56969e-06;0.599845;6.88932e-05;5.57368e-06;0.00292491;2.12926e-06;2.45247e-05;0.246009;0.00133037;1.17696e-06;0.000112064;0.149417;7.59187e-05;0.000174373
5.77332e-07;0.0600005;0.000838234;1.0926e-06;0.000217485;1.65415e-05;3.2646e-08;8.464e-06;7.22324e-09;4.05579e-07;5.83431e-07;0.936806;0.00206633;4.41137e-05
2.05725e-05;0.735314;5.0876e-08;1.36308e-05;0.000613505;0.000176589;2.31448e-05;0.0135177;6.67024e-05;1.16632e-06;0.000571131;0.0761842;0.150388;0.0231101
1.82153e-05;0.981264;1.92112e-07;9.33557e-05;4.08581e-05;0.000106845;9.7483e-07;0.0046996;5.6266e-06;1.33184e-06;3.91888e-06;0.00119225;0.0121184;0.000453942
0.000131727;0.302114;0.0144333;0.00148599;0.0111417;0.000150956;2.85477e-08;8.93823e-05;3.35571e-08;3.36565e-06;1.31465e-07;0.580836;0.000147287;0.089466
0.00115483;0.239036;9.44707e-06;6.18708e-05;0.000175643;7.34343e-07;1.03186e-05;0.0419435;6.75896e-05;1.50514e-06;0.000126267;0.71268;0.00471218;2.02201e-05
0.0002928;0.847397;0.122196;0.0102331;0.00589983;0.000262565;6.67138e-06;3.00739e-05;4.14708e-05;0.000752088;0.000637219;0.00171991;0.00236751;0.00816415
0.000289467;0.981643;6.2719e-05;2.55968e-05;1.73971e-05;2.06672e-06;2.87058e-06;7.58386e-06;7.13191e-07;4.9936e-06;2.80793e-06;3.96447e-05;0.017248;0.0006537
7.71567e-05;0.0121033;0.00180595;4.70219e-06;4.95506e-06;2.76081e-08;4.73947e-05;0.00452905;5.76656e-05;3.18642e-08;0.00324211;0.978114;1.01748e-05;3.22886e-06
2.48737e-07;0.992674;7.66374e-06;8.54919e-07;0.000267715;1.55896e-07;2.13354e-09;0.00536286;1.46324e-08;1.0292e-08;1.00641e-07;0.00123296;0.000324186;0.000129667
2.18422e-08;1.27553e-06;4.66736e-10;2.0016e-09;1.77207e-09;1.11138e-06;2.71308e-10;3.69384e-07;5.74372e-08;2.50197e-09;1.89375e-08;1.62782e-08;0.999997;1.08959e-09
3.63718e-08;9.57831e-06;0.999989;5.15125e-08;1.16631e-08;4.61554e-09;6.90508e-10;1.03441e-08;5.05582e-10;3.22903e-07;1.62028e-09;1.28966e-06;1.14399e-08;9.91886e-09
1.17617e-06;0.99424;2.98916e-06;1.79348e-05;5.08319e-06;1.77879e-06;3.93265e-06;0.00390542;3.12267e-05;1.61319e-06;0.00020462;3.44813e-05;0.0014988;5.09794e-05
