2.52912e-10;8.53718e-11;1;9.67584e-11;6.70559e-13;6.53763e-13;6.5514e-11;4.67164e-12;8.767e-11;9.47581e-12;2.14204e-10;4.66517e-09;1.09283e-10;2.18088e-13
1.22137e-06;0.000485004;0.0221891;6.2972e-06;3.88594e-06;1.684e-06;1.23884e-06;0.000102685;1.02184e-06;6.92321e-07;8.38233e-07;0.0291862;3.42298e-06;0.948017
2.15391e-08;4.37457e-07;8.63092e-11;4.52542e-09;0.000488648;6.33795e-07;3.62764e-08;0.99951;7.50624e-08;4.46738e-09;2.603e-09;5.18862e-10;9.9065e-08;3.74697e-07
7.0691e-11;3.31668e-08;1;3.50165e-09;5.46103e-08;1.68135e-09;2.80314e-11;2.18793e-11;4.00417e-14;3.60523e-11;4.0667e-11;2.00823e-08;1.20222e-09;4.03106e-09
3.29858e-08;0.998723;1.72731e-08;1.93844e-09;3.62317e-08;1.17342e-07;6.53931e-10;0.000190603;1.0316e-10;7.16037e-10;1.16915e-09;3.17086e-07;0.0010699;1.62953e-05
1.24452e-07;0.0396348;6.28225e-09;1.46712e-07;7.972e-06;1.31993e-05;5.44295e-10;0.00111821;1.26847e-09;4.82484e-09;3.15586e-08;1.36912e-05;0.959087;0.000124357
6.00022e-05;0.185261;4.70399e-06;9.86671e-06;2.2069e-05;6.49805e-06;1.30347e-06;0.0242175;1.70039e-06;6.13913e-06;1.93882e-06;0.024704;0.765655;4.85952e-05
5.66252e-07;0.0219375;1.37762e-06;3.97183e-05;0.000250263;0.00103598;3.11311e-08;0.00260707;8.31717e-07;3.42712e-07;2.02142e-06;0.97348;0.000552849;9.14598e-05
5.65539e-06;0.0474632;1.34576e-08;6.39567e-06;7.66017e-05;0.00113813;7.50651e-05;0.396432;2.35976e-07;3.78896e-05;6.5101e-05;4.34477e-08;0.554453;0.000246578
1.46183e-11;2.53983e-13;1;1.48301e-09;1.43472e-10;4.70581e-10;3.32263e-10;8.52367e-13;2.48263e-12;2.26862e-10;1.88849e-10;3.51533e-09;1.47884e-11;1.96334e-12
1.87246e-08;2.67409e-07;0.999986;4.36349e-07;1.4758e-06;5.9838e-07;9.97757e-09;4.51406e-07;1.45397e-08;5.71322e-10;1.15722e-07;1.07513e-05;5.49181e-08;2.05042e-07
7.69853e-07;2.13243e-05;1.25704e-06;2.11606e-07;0.000970864;0.000197536;1.15133e-07;1.45111e-06;2.03575e-06;1.33649e-07;6.15896e-06;2.08663e-06;7.8097e-07;0.998795
6.10131e-06;0.998791;3.75211e-07;2.54271e-08;1.1873e-05;9.50626e-07;0.000130284;3.77307e-05;1.67269e-08;3.09895e-05;1.34684e-07;8.44745e-08;9.67835e-05;0.00089372
2.2153e-11;3.25521e-12;1;2.00042e-12;1.15436e-10;6.4061e-12;9.41023e-14;6.34163e-13;6.72767e-12;2.08343e-13;4.25672e-13;1.08575e-09;3.23027e-13;1.04844e-12
1.16125e-08;0.999995;2.44089e-09;5.40178e-09;1.09297e-07;6.55212e-10;7.2261e-09;3.96417e-06;3.94189e-11;2.81058e-08;1.00946e-11;1.75877e-08;7.53338e-08;6.90531e-07
7.11793e-12;1.6374e-11;1;1.00129e-11;3.30964e-12;2.33026e-13;1.41127e-12;1.35047e-11;2.99027e-13;5.75007e-12;6.59685e-13;3.89091e-08;9.81778e-12;8.29196e-13
1.54705e-06;2.60691e-05;7.84421e-07;5.15062e-05;6.60598e-05;3.9678e-05;1.70852e-06;0.995848;0.00148295;2.63991e-06;0.000467992;0.000285776;0.00148002;0.000245543
6.75359e-08;0.999386;2.6453e-05;2.33808e-07;2.18665e-08;1.03293e-08;2.25911e-07;1.19114e-05;8.09743e-10;1.33528e-07;8.59059e-09;4.76302e-09;0.000575252;7.88714e-09
3.96403e-09;6.94562e-08;0.999977;1.03765e-08;7.73184e-11;1.75497e-10;3.37518e-09;2.99634e-09;4.75226e-10;4.61314e-09;9.33658e-10;2.32146e-05;1.10526e-08;1.70615e-09
1.46329e-08;1.1967e-06;1.65931e-05;1.04471e-06;1.31292e-07;4.01835e-07;6.83008e-09;2.25089e-05;4.64329e-06;1.87333e-08;1.39099e-06;0.999934;6.11149e-09;1.84626e-05
4.15119e-07;0.995739;1.41415e-07;6.02047e-09;8.91014e-09;2.6771e-06;1.51206e-06;4.80585e-07;1.59675e-08;7.32137e-09;5.99995e-08;9.62667e-07;0.00425404;8.93638e-07
6.9314e-08;7.17469e-05;8.35316e-06;1.03427e-07;0.000324324;7.71978e-06;1.46417e-09;0.000386359;2.11077e-08;2.93368e-09;3.38338e-08;0.999095;3.93139e-05;6.65807e-05
2.05822e-06;0.0273563;1.21064e-09;7.43804e-06;7.68942e-06;5.11618e-05;1.10627e-07;0.96743;9.60113e-05;6.62765e-09;5.14046e-06;2.51396e-06;0.00504081;1.12666e-06
1.13965e-07;0.999979;3.75707e-07;1.77713e-06;1.3792e-09;1.39783e-09;2.78545e-10;1.2069e-05;5.44689e-10;3.5123e-09;1.10731e-10;1.46839e-07;6.53347e-06;1.22046e-07
3.48582e-06;0.9486;2.56718e-09;1.23234e-05;3.42362e-06;9.84649e-07;1.98501e-09;0.0443854;7.32024e-07;4.09557e-08;5.32537e-07;0.00654377;0.000419139;2.99626e-05
3.26086e-05;0.010239;4.94749e-06;0.000411862;0.00274311;0.000154394;7.4503e-07;0.00160886;0.000206485;7.27861e-05;0.000506173;0.978491;0.00164111;0.0038867
0.000187104;0.976302;0.000195794;4.97049e-05;0.0038384;9.84435e-07;5.5416e-07;0.000790706;1.99327e-06;3.04439e-06;3.665e-05;0.000783738;0.0170894;0.000719523
6.79836e-05;0.476768;3.03918e-08;1.4026e-06;0.000598562;1.32294e-06;3.86806e-05;0.00762018;3.26192e-05;3.73587e-07;7.99413e-06;0.000601362;0.0474635;0.466798
4.9843e-05;0.617335;5.50642e-05;1.88439e-06;0.000129405;2.57153e-06;2.59355e-06;0.243665;1.07426e-06;7.7388e-07;6.88064e-07;0.130611;0.00619621;0.0019481
0.000832667;0.157302;0.000247311;0.00996958;0.0160164;0.00383237;9.43873e-05;0.00903005;0.00243564;1.32835e-05;0.00364231;0.167684;0.430855;0.198045
0.000673002;0.736586;0.0865891;0.00133074;3.09567e-05;3.89213e-06;2.32621e-07;0.0744125;7.65018e-07;7.83236e-06;1.59456e-06;0.0805588;0.018152;0.00165217
0.00010801;0.93598;2.90456e-05;9.08459e-05;6.44331e-05;1.47369e-05;3.91264e-06;0.0387348;1.53311e-05;6.01573e-06;0.000205961;0.0169733;0.00769679;7.72869e-05
3.25331e-07;0.0091043;5.72134e-09;1.10624e-07;5.43602e-08;2.14597e-07;0.98387;3.85398e-07;1.2117e-06;0.00699113;9.69851e-06;6.70281e-09;1.19003e-05;1.07614e-05
4.10668e-09;8.91941e-11;0.999999;5.48421e-08;1.81896e-10;4.09801e-10;8.91981e-08;2.22385e-11;2.50332e-07;5.24834e-09;1.22311e-07;7.28543e-07;2.27539e-11;3.64912e-10
3.42768e-06;0.999873;1.43117e-08;1.68233e-05;1.23225e-08;6.90913e-09;8.58057e-06;3.98226e-05;2.51559e-05;3.74476e-07;7.24728e-06;1.75305e-08;2.60255e-05;3.11199e-08
1.53818e-05;0.996381;7.88267e-11;3.1475e-06;1.39102e-06;2.11201e-07;6.35044e-09;0.00327904;7.75932e-06;1.58932e-07;1.81172e-06;4.88503e-05;0.00022574;3.55622e-05
4.54021e-05;0.0039614;1.05855e-07;7.04881e-06;0.000174116;7.11007e-06;3.03803e-07;0.000315169;3.17091e-05;9.88273e-06;2.36715e-05;0.98984;0.00010132;0.00548267
0.000932604;0.92348;0.000134598;3.08521e-05;0.0016623;0.000157649;5.25066e-06;7.21477e-05;1.17671e-06;3.67306e-05;8.50843e-06;0.000333963;0.0724442;0.00069974
3.47094e-05;0.00644383;1.37226e-07;8.76671e-07;0.00117548;2.99593e-06;5.26105e-05;0.00797472;2.05097e-06;6.90515e-06;1.71171e-06;0.00180435;0.979891;0.00260854
1.23825e-06;0.00013108;9.99279e-05;0.00018667;0.00131626;0.000143672;1.15527e-07;5.76638e-05;6.11998e-06;6.21295e-07;1.96787e-05;0.997157;0.000224832;0.000654693
0.000235953;0.924818;1.94013e-05;6.6494e-05;0.000515406;0.000102453;1.17564e-06;0.069046;6.68331e-06;4.90571e-06;1.81002e-05;0.00134173;0.00237894;0.00144457
6.69399e-07;0.000733047;1.25966e-09;3.30207e-07;3.48123e-07;1.86377e-07;3.9014e-09;0.00078611;2.07369e-07;1.05117e-09;4.39234e-06;1.59433e-05;0.998459;2.76424e-08
8.72606e-06;0.940149;2.48226e-06;4.15074e-07;1.1046e-05;7.63194e-07;1.07912e-08;0.000749178;1.49219e-07;1.98663e-08;1.42798e-07;0.00679569;0.0522697;1.28629e-05
1.7334e-07;0.00128458;4.20291e-10;6.69276e-05;0.00783009;6.74912e-06;4.55545e-08;0.989472;4.43169e-07;1.48557e-05;1.01011e-06;0.00112986;6.42952e-05;0.000128653
7.10674e-08;5.14153e-06;0.999679;3.3525e-05;3.76072e-06;2.87406e-06;2.7714e-07;4.1345e-08;1.14817e-10;5.4567e-06;9.96066e-07;0.000267456;1.89885e-07;1.63763e-06
8.38589e-05;0.102701;3.526e-08;0.000179247;4.75939e-07;5.16398e-07;0.00995522;0.000305031;0.000483005;7.69694e-06;0.882994;8.1881e-06;0.0032753;5.62169e-06
9.26521e-06;0.00784935;8.72325e-10;3.10241e-06;6.26824e-05;6.84421e-08;1.72925e-07;0.991625;1.07448e-05;1.13719e-07;6.07376e-05;0.000374633;3.57862e-06;6.57831e-07
1.83815e-05;0.050466;0.947073;8.57321e-05;0.000274327;2.81553e-05;8.55695e-06;2.66054e-06;1.85033e-08;0.000645623;9.74164e-07;8.5994e-08;0.00103349;0.000363047
5.7821e-09;5.49218e-11;1;2.34489e-10;1.21543e-10;1.66815e-11;4.12458e-10;1.53882e-08;1.26752e-09;1.54559e-11;3.17253e-08;1.22058e-07;8.05392e-11;1.3539e-10
3.83384e-08;0.000154838;0.00213207;7.76016e-08;9.44351e-07;1.1116e-07;1.46758e-08;2.78859e-05;3.82831e-07;1.51599e-09;2.14111e-06;0.997663;1.29704e-05;5.48066e-06
0.000241614;0.169685;0.00696025;1.29489e-05;0.0116575;0.0165103;2.0692e-05;0.0218866;7.8812e-05;3.55511e-05;0.000100982;4.75e-05;0.770702;0.00206038
9.45881e-06;0.0247118;5.10691e-06;1.68483e-07;0.000645524;1.88356e-05;1.95678e-09;0.013547;5.84631e-08;6.79137e-08;6.84762e-07;0.960968;8.05384e-05;1.26806e-05
9.47894e-07;0.00470798;3.05472e-09;3.58571e-06;0.000147034;7.95441e-05;1.20506e-07;0.992722;2.63012e-06;1.48091e-07;1.91741e-06;2.05246e-07;0.00233212;2.09726e-06
2.91479e-06;0.991433;0.00815569;1.945e-05;8.54417e-06;3.2513e-08;7.66237e-08;0.000308998;1.74173e-09;5.06391e-07;2.64917e-09;4.27868e-06;6.38738e-05;2.45065e-06
9.19777e-07;0.986954;2.70512e-08;1.03202e-06;1.81067e-08;1.9219e-09;3.42489e-07;0.00793218;2.07683e-07;2.66399e-08;4.74333e-07;0.000460872;0.00464923;2.22047e-07
5.89419e-07;0.847749;5.68433e-10;0.00298085;0.000392564;3.15856e-05;5.26425e-08;0.00475582;1.19948e-06;8.57585e-06;8.24486e-06;0.143427;0.000339175;0.000305526
0.0052793;0.768739;8.01393e-06;0.00234098;0.000206596;0.00131466;0.00144297;0.00905894;0.000499826;0.000233836;0.00906018;0.0620022;0.139517;0.000296622
6.02515e-06;0.00176422;1.14863e-09;1.48836e-06;4.21495e-06;7.72847e-07;4.66546e-07;0.00346189;5.21519e-07;2.88537e-08;3.27544e-06;2.57334e-07;0.994756;9.30609e-07
0.000477672;0.000184896;7.69951e-05;0.015235;0.918062;0.0298204;1.23332e-07;0.00181637;0.000185262;1.93084e-05;0.000134052;3.97405e-05;0.00543278;0.0285149
1.02752e-05;0.999187;4.15304e-11;7.96271e-09;7.15931e-06;3.41443e-09;4.96218e-09;0.000736075;1.0701e-08;2.26377e-08;4.16544e-09;3.31714e-07;3.74991e-07;5.92012e-05
1.3895e-05;0.000100786;0.00319401;5.17915e-05;0.110837;0.000142146;1.13058e-07;1.90111e-05;9.53433e-08;2.25751e-05;5.42037e-07;0.885053;1.31388e-06;0.000563609
0.000322567;7.52466e-06;2.714e-07;5.58246e-06;1.98164e-07;1.87323e-07;0.00314159;0.000142852;0.986241;3.69704e-07;0.0100665;2.68068e-07;7.1351e-05;8.11879e-08
3.41004e-06;0.999843;1.08684e-08;3.39807e-07;2.31293e-08;1.41364e-08;1.67224e-06;3.53544e-05;6.71227e-05;2.72909e-07;4.50463e-07;4.55889e-08;4.89108e-05;1.20051e-07
9.3526e-06;0.947999;1.11159e-06;1.58924e-06;1.0087e-05;2.84389e-06;2.55025e-08;0.00029347;4.24836e-07;4.66006e-07;6.58682e-08;0.00205163;0.049619;1.08629e-05
1.22692e-05;0.00271737;0.000490224;9.32216e-06;0.0186637;0.000249986;1.17334e-07;2.00462e-05;3.14036e-07;2.50149e-06;3.36205e-06;0.968262;0.000116864;0.00945162
0.000200927;0.626958;3.07895e-05;6.07508e-06;4.33747e-05;1.78599e-05;0.000124482;0.100389;0.000330587;3.22948e-06;0.000195345;8.29569e-05;0.271591;2.66478e-05
3.37378e-05;0.148262;1.82726e-06;3.27819e-05;0.001942;0.00031284;8.92049e-06;0.385997;2.63963e-05;4.94246e-06;6.4532e-06;0.0394455;0.423734;0.000190937
0.000181571;0.969159;2.09484e-09;3.32695e-05;2.13758e-06;9.02884e-07;4.41544e-06;0.00171881;0.000197483;7.06565e-07;3.14713e-05;0.0254634;0.0030866;0.000120043
6.8961e-06;0.980157;6.60792e-08;1.77192e-07;1.8978e-09;1.70532e-08;7.17437e-09;3.73904e-06;2.53471e-08;5.11999e-08;1.08632e-09;0.0198074;2.21548e-05;2.11036e-06
3.66513e-07;9.25129e-07;1.63321e-09;3.69977e-07;0.00102321;2.30959e-06;2.17792e-09;0.998961;1.79452e-08;4.5166e-07;6.95013e-09;1.98875e-06;1.49606e-07;9.41026e-06
1.54014e-07;3.78258e-06;0.999991;1.4965e-07;9.07517e-09;5.65277e-08;1.51886e-09;7.59597e-09;3.86169e-10;1.10771e-07;9.74276e-09;1.90492e-06;2.96918e-06;8.70535e-10
2.07739e-08;3.58911e-05;5.1571e-09;1.03149e-08;3.22338e-11;1.77592e-08;0.996577;4.38037e-10;3.45397e-07;0.00337758;4.73353e-06;2.01588e-11;7.25098e-09;4.7667e-06
9.29831e-13;5.12282e-14;1;1.38299e-11;1.57969e-13;8.36326e-12;4.21476e-10;1.01922e-14;2.04122e-11;4.81524e-12;1.90721e-10;1.78532e-10;8.71078e-14;1.80771e-15
