1.3844e-06;0.999975;1.66661e-06;2.81893e-06;2.69021e-07;3.00632e-08;9.09694e-08;5.24904e-07;5.143e-08;1.25919e-07;2.12929e-08;7.27e-06;1.003e-05;3.209e-07
1.6166e-06;0.999275;1.44084e-09;6.92371e-07;1.0852e-06;2.74525e-08;3.2281e-08;0.000365578;2.08963e-07;3.81063e-08;7.20129e-07;4.1445e-05;0.000309254;4.57929e-06
4.12034e-05;0.9761;6.72242e-07;3.55165e-05;0.000571553;7.99729e-05;4.91355e-07;0.003933;6.59941e-07;1.02071e-05;3.1255e-06;0.00263821;0.0100958;0.00648914
0.000134271;0.0306768;2.18102e-05;9.61193e-07;1.6352e-05;0.000136056;2.3207e-05;0.00136975;1.9518e-05;5.24395e-06;1.00493e-05;0.955846;0.00289938;0.00884075
1.3998e-07;0.997537;1.37862e-09;2.09835e-07;7.68538e-07;1.5498e-07;0.000243348;0.000599069;1.52095e-07;2.71465e-05;7.43492e-08;2.69496e-09;1.54544e-06;0.00159059
5.98099e-09;5.57121e-08;0.999999;9.65338e-08;3.79107e-08;2.18429e-09;2.50532e-07;5.12925e-11;8.26924e-09;9.37556e-08;2.56421e-08;2.87018e-07;9.1152e-11;5.1417e-09
1.49793e-05;0.988017;2.66022e-06;4.76006e-07;1.02297e-07;4.44942e-08;5.27599e-06;0.0113993;8.13865e-05;4.66707e-07;0.000186908;0.000213395;7.80215e-05;1.78441e-08
2.02721e-06;0.857908;4.29531e-09;1.59761e-05;0.00217381;7.09114e-07;2.44687e-07;0.13312;3.25509e-06;9.86608e-06;3.41126e-06;0.00586432;1.09983e-06;0.000897617
4.61735e-06;0.00792451;9.40786e-05;3.90128e-05;0.00029623;0.0012006;5.4557e-07;2.27134e-05;6.53649e-08;0.000342382;1.64938e-06;0.986694;7.20938e-05;0.00330799
2.21628e-05;0.000393581;1.15882e-08;4.454e-07;5.92419e-06;1.44669e-06;2.41269e-07;0.975742;3.739e-06;7.06568e-09;5.84508e-06;0.00016312;0.0236583;3.25969e-06
2.88026e-07;3.65844e-05;3.15301e-09;3.36255e-08;1.07073e-07;8.77051e-08;2.21963e-10;5.46062e-06;9.62114e-08;1.70656e-09;4.38783e-08;0.999194;0.000762024;1.65388e-06
7.10451e-08;0.00251186;1.81043e-10;1.23687e-09;1.075e-05;1.42183e-09;3.15098e-10;0.997476;2.09165e-09;2.86382e-09;8.98789e-10;6.99479e-07;3.8857e-07;2.31077e-08
7.92391e-08;1.96907e-05;0.999287;6.84839e-07;3.71024e-05;6.37054e-05;2.81173e-09;4.74778e-07;1.35086e-10;8.8324e-07;2.29002e-08;0.000487733;0.000101349;1.41161e-06
7.30525e-06;0.997916;5.99266e-08;1.48393e-07;4.35282e-07;4.13851e-07;0.00134899;0.000606473;5.59076e-07;3.47874e-05;7.50323e-06;1.84117e-05;7.7351e-07;5.77236e-05
5.74178e-08;2.18906e-07;1;3.1552e-09;4.28624e-09;5.21002e-10;8.59043e-08;2.29796e-09;1.15006e-08;6.29049e-10;1.68509e-08;4.29216e-08;4.76354e-10;4.47093e-09
1.03201e-06;0.99945;9.03673e-08;9.62849e-10;1.36133e-09;7.84921e-09;1.84858e-06;4.94986e-06;5.99125e-08;1.87965e-09;2.44359e-08;1.18221e-05;0.000529998;1.08697e-08
2.22869e-07;0.885897;7.78745e-08;4.23734e-06;1.25078e-05;0.000250679;1.07313e-05;0.0194905;6.05876e-07;2.1369e-05;6.32706e-07;2.97944e-05;0.00029433;0.0939873
6.36029e-11;2.82272e-09;1;2.44289e-09;1.68892e-11;5.73609e-10;1.0534e-09;1.59486e-10;9.23414e-11;8.47317e-11;4.38498e-09;2.30597e-08;9.17286e-09;5.1343e-13
3.37442e-07;0.000420519;0.985468;4.33039e-06;4.08936e-06;5.36425e-05;1.74925e-06;0.000186816;5.06301e-08;4.53682e-07;1.36912e-06;0.0136861;7.19512e-05;0.000100191
1.33628e-06;0.000693214;2.48745e-06;5.60084e-05;0.0055645;0.0328639;4.07203e-07;7.05766e-05;1.24983e-05;6.63559e-07;4.68507e-05;4.86906e-05;0.000226944;0.960412
1.16125e-06;0.00426272;2.82571e-05;6.30305e-07;2.57953e-05;1.90752e-06;4.38077e-09;0.00276826;3.59638e-08;3.1927e-08;2.17063e-07;0.992362;0.000344188;0.000204913
6.56406e-06;0.92469;7.42252e-06;1.94536e-05;0.00023634;3.1027e-05;1.30144e-07;0.0669127;2.03472e-05;3.67728e-08;9.06117e-06;7.26431e-05;0.00797859;1.60973e-05
8.25084e-07;0.465464;9.75876e-09;4.9374e-08;0.000111322;2.55559e-05;7.30203e-08;0.532409;5.03324e-08;5.44596e-07;7.76603e-10;9.61554e-09;0.00185701;0.000131532
1.73027e-09;3.15053e-09;1;1.67275e-08;1.25108e-09;2.39954e-09;2.64954e-10;2.20734e-10;1.50415e-10;1.6109e-09;6.04849e-10;4.89272e-07;2.13964e-09;6.84886e-10
2.26444e-07;4.66035e-05;0.987922;9.40491e-07;7.84426e-07;7.4149e-06;2.7541e-07;0.00032084;8.59203e-08;1.06373e-07;1.02882e-07;0.0116884;8.45062e-06;4.08078e-06
1.82098e-06;0.00318237;2.1425e-05;0.000772877;0.0177887;0.596143;3.59901e-06;4.95493e-05;8.08991e-05;2.59684e-05;0.000885566;0.00011534;0.00153731;0.379391
1.39647e-06;0.00191608;9.45234e-05;1.87846e-06;1.73344e-05;5.3184e-06;4.51851e-08;0.00138896;9.23341e-08;2.85811e-07;5.99418e-06;0.995912;0.000641168;1.43627e-05
2.43312e-05;0.928207;8.88634e-07;0.000185474;0.000735086;0.00173051;3.1557e-06;0.0152285;0.000313357;1.25064e-06;0.000397652;0.000176047;0.0529759;2.09511e-05
2.55877e-06;0.998124;0.000115372;6.43571e-07;1.86233e-06;9.08521e-07;1.19226e-09;0.000147045;5.03009e-10;1.10742e-07;3.5264e-11;7.65798e-08;0.00157804;2.96209e-05
1.84998e-08;1.69768e-07;0.999996;2.81719e-08;8.24364e-10;7.33481e-11;3.54148e-10;4.83066e-08;3.94016e-09;1.19151e-09;1.15696e-09;3.3133e-06;4.57274e-09;1.30395e-10
3.56122e-06;0.0151529;0.105852;0.000143907;0.000369823;1.32135e-05;7.82887e-08;0.0944635;1.77661e-05;2.02802e-06;4.27405e-06;0.766974;4.76208e-05;0.0169551
3.58363e-07;0.005826;9.58349e-11;1.43444e-07;9.48049e-05;2.86712e-06;2.15634e-07;0.991121;3.1745e-06;2.50265e-07;1.5465e-05;6.56233e-07;0.00293467;5.3458e-07
8.66059e-08;8.59092e-05;0.794074;4.01061e-06;0.000465437;0.000128313;1.38264e-09;3.02231e-06;1.17005e-10;5.20282e-07;3.31045e-07;0.204939;2.46387e-05;0.000274737
1.55179e-06;0.944986;3.02656e-08;5.61912e-06;9.62459e-06;4.20111e-05;1.61365e-07;0.00290494;2.09078e-05;6.78619e-09;1.5674e-05;0.0001167;0.0518103;8.69338e-05
1.44346e-08;0.0175625;2.01574e-11;8.96658e-10;1.74315e-06;1.13683e-07;3.06028e-10;0.982128;6.70641e-09;1.98481e-09;1.11961e-10;1.68331e-08;0.000306704;5.85827e-07
3.1563e-10;2.43055e-10;1;5.09565e-10;1.43436e-09;2.36681e-12;7.13806e-12;2.47304e-10;2.42693e-11;1.22063e-10;7.46122e-12;1.56285e-07;7.78372e-13;2.49388e-11
8.94398e-05;0.00221107;0.196405;3.04153e-05;0.0111446;5.72226e-06;8.30552e-07;0.0348743;0.000440603;8.33632e-07;8.14437e-06;0.754337;3.87827e-05;0.000413481
4.69635e-05;0.0332255;1.36874e-09;1.19347e-07;0.000872193;1.54419e-06;5.47632e-07;0.964713;0.000603586;2.81042e-07;3.8027e-05;6.28313e-05;0.000434677;4.66049e-07
4.74673e-06;0.000118378;0.812457;2.1911e-06;0.0464521;2.36327e-05;2.62967e-07;7.52066e-05;2.22287e-07;1.44658e-05;5.02006e-07;0.14075;5.46473e-06;9.55965e-05
1.81256e-06;0.00927485;1.2058e-08;1.11442e-06;0.000153171;6.26729e-06;1.35881e-06;0.989262;0.000442248;1.7819e-08;6.32313e-06;3.27101e-07;0.000838526;1.16561e-05
3.81858e-07;0.99885;0.000490655;1.16792e-06;1.63941e-06;2.68372e-07;6.25518e-08;0.000396292;1.25844e-09;4.13141e-06;1.0257e-10;2.31269e-06;0.000251275;2.28115e-06
3.40768e-08;2.22178e-06;0.999984;6.62015e-08;1.13815e-09;1.40546e-09;9.57885e-09;4.6057e-09;1.0309e-08;6.32182e-09;3.18186e-09;1.37951e-05;7.21771e-08;3.40713e-10
3.74344e-08;2.18957e-06;3.52868e-06;3.73979e-07;2.38567e-07;1.62375e-06;2.80495e-09;5.06937e-05;3.42946e-06;1.17447e-08;2.77649e-07;0.999917;1.89595e-07;2.07621e-05
9.00568e-07;0.978442;3.2864e-08;5.31511e-09;6.53785e-09;1.36781e-05;5.12196e-06;1.09912e-05;6.83132e-08;3.14456e-08;5.9946e-08;6.46851e-07;0.0215256;7.20046e-07
2.015e-08;0.000163398;2.39165e-08;2.24567e-07;0.000104616;3.07838e-05;2.30612e-10;8.07143e-05;7.8896e-08;1.90297e-09;1.26931e-07;0.99529;4.18579e-05;0.00428775
1.46442e-06;0.614136;2.80979e-07;2.23526e-06;0.00019256;8.30156e-05;5.64945e-08;0.0820678;3.68783e-06;5.29178e-08;7.9775e-07;0.000156837;0.303341;1.43665e-05
3.1439e-07;0.00476924;1.25743e-08;9.27858e-09;3.91035e-05;4.83983e-06;2.96986e-09;0.994996;4.35995e-08;3.03372e-08;3.21886e-10;2.32454e-08;0.000189979;1.17532e-07
2.79605e-10;1.6481e-09;1;2.32887e-10;4.00263e-11;2.13943e-11;1.73205e-12;2.82869e-11;3.48013e-12;1.63451e-11;4.34749e-12;7.808e-08;1.2677e-11;1.5541e-11
2.53826e-07;0.000179294;4.98525e-06;4.27407e-07;1.10563e-06;1.03223e-06;3.79943e-09;0.00131826;2.49235e-06;4.96951e-09;4.31272e-07;0.998416;7.48028e-05;3.95679e-07
3.9752e-07;0.984152;1.47526e-08;1.61718e-09;3.87555e-09;1.59598e-06;1.3595e-07;3.24161e-06;1.49153e-08;1.18137e-08;1.43711e-08;4.50207e-06;0.0158378;1.79548e-08
1.35487e-07;0.00120441;8.88512e-07;2.35951e-06;0.000716852;7.24672e-05;4.99729e-09;0.00106897;7.63326e-07;2.0744e-07;4.02359e-07;0.985483;2.04429e-05;0.011429
9.37207e-07;0.167849;1.31424e-08;2.00097e-06;0.000217725;0.000696889;5.46568e-08;0.0169311;2.38554e-06;5.20443e-08;8.27347e-07;1.71675e-05;0.814281;1.32954e-06
5.63568e-06;0.885845;0.111818;4.01809e-06;2.92696e-05;2.41335e-06;1.87601e-08;0.00215058;1.30978e-09;4.97764e-06;1.51907e-10;4.54283e-05;8.88296e-05;5.97094e-06
8.12417e-08;3.67717e-08;0.999998;5.04225e-08;8.06468e-09;4.04061e-09;1.66953e-09;2.22421e-07;2.18019e-08;2.35885e-09;4.65956e-09;1.67079e-06;8.32805e-09;5.15118e-10
1.53699e-05;0.0738622;4.55457e-05;7.87071e-05;4.91955e-05;5.33021e-05;1.41112e-07;0.191846;0.000485105;1.11344e-06;2.58302e-05;0.730678;0.000757461;0.00210248
2.87807e-06;0.814704;1.32261e-07;6.70027e-08;1.5865e-07;2.38167e-05;1.64241e-06;2.8638e-05;2.42361e-07;1.19107e-07;1.00283e-06;0.000377865;0.184857;2.02004e-06
6.51531e-06;0.788033;1.23575e-06;1.12259e-07;0.000579445;0.000193934;2.87232e-07;0.010358;3.29026e-07;1.2788e-07;5.42828e-08;0.194306;0.0049352;0.00158556
2.12206e-06;0.97137;1.40006e-07;1.9753e-05;0.00164321;0.000355243;1.03241e-07;0.00361343;1.46991e-05;7.40656e-08;7.96291e-06;0.000181417;0.0221708;0.000621055
4.22902e-07;0.0107546;2.59072e-09;3.55776e-08;1.59887e-05;1.73114e-05;4.90069e-08;0.981605;3.36625e-07;1.20548e-07;3.89014e-09;2.66781e-08;0.00760045;5.74173e-06
1.25415e-09;3.59884e-09;1;3.93505e-09;1.03089e-09;1.99518e-10;6.47895e-11;2.93109e-10;7.25146e-11;5.68963e-10;5.42583e-11;1.12958e-07;5.28901e-11;1.58423e-10
1.84114e-05;0.00281774;7.12187e-05;2.76216e-05;0.000131568;3.37668e-05;2.7018e-07;0.00699352;0.000129;4.25997e-07;1.01543e-05;0.988607;3.34527e-05;0.00112571
8.73765e-05;0.932155;1.93984e-06;2.58e-07;1.48231e-06;0.00012004;1.21944e-05;1.92062e-05;5.98065e-06;4.62588e-07;6.15148e-06;0.00409547;0.0634834;1.1454e-05
0.000129076;0.0904359;0.00109352;1.87249e-06;0.0306712;0.000584691;2.29034e-05;0.0407176;3.7141e-05;4.19003e-06;2.57341e-06;0.825742;0.0099248;0.000633049
3.38591e-05;0.394637;3.37208e-06;0.000203908;0.0236422;0.00943724;7.76823e-07;0.32113;0.000235121;2.42606e-07;6.84476e-05;2.04468e-05;0.241314;0.00927292
1.39268e-06;0.986858;0.000217294;2.20458e-07;1.61692e-06;4.08472e-07;2.86831e-09;0.001993;5.19917e-10;1.0468e-07;1.31185e-11;3.75995e-07;0.0109178;9.89699e-06
1.39901e-08;1.09112e-07;0.999999;1.02794e-07;5.65265e-10;4.91488e-09;2.29544e-09;2.55464e-09;4.41881e-09;5.60238e-09;2.34709e-09;6.23465e-07;2.32431e-07;2.66652e-10
1.00526e-07;4.80546e-06;0.996416;9.45922e-07;5.60615e-07;8.64522e-06;1.75744e-08;0.000163301;5.09288e-08;5.99821e-08;2.38138e-08;0.0032349;3.50758e-07;0.000170647
3.61235e-07;0.000167767;2.44301e-05;1.5424e-06;0.00203408;0.144905;6.52616e-07;0.000313203;3.904e-07;9.34275e-07;7.008e-07;1.86017e-06;0.000441814;0.852107
4.68647e-06;0.340239;5.93335e-07;7.60526e-05;0.0988071;0.0111719;6.78039e-08;0.00362853;3.04608e-06;1.94895e-07;7.87047e-05;0.222027;0.226466;0.0974972
1.60387e-07;0.0094888;3.24139e-08;2.11263e-08;0.000491611;3.78473e-05;4.76936e-09;0.989185;5.19785e-09;2.53018e-08;1.59638e-09;2.99255e-09;0.000790401;6.17348e-06
2.80983e-09;1.974e-08;1;3.11292e-09;9.08079e-10;1.10316e-09;3.97307e-11;1.5706e-09;4.6831e-11;1.15142e-10;3.06447e-11;1.92544e-08;1.01345e-08;4.00801e-11
1.63361e-07;3.36317e-05;0.998554;4.43139e-07;2.13437e-07;1.6464e-06;4.2758e-09;2.34131e-05;1.2347e-08;6.3538e-09;2.15519e-09;0.00138033;5.49066e-06;2.61168e-07
6.32562e-06;0.000895539;0.000543822;2.52486e-05;0.0339037;0.681142;1.79896e-06;0.00396986;3.55491e-06;3.38566e-05;2.15442e-06;0.000160154;0.0314063;0.247906
2.7176e-05;0.0336567;1.36637e-05;0.00278146;0.572578;0.107314;2.83763e-06;0.00654031;0.00023737;2.44726e-05;0.00409456;0.0111766;0.110707;0.150845
3.14403e-05;0.96757;0.0303412;1.23165e-05;0.000138705;9.10653e-06;7.47392e-08;0.00137792;3.74851e-08;3.60961e-06;1.24193e-08;5.55953e-05;0.00045331;6.71406e-06
4.72198e-07;1.18031e-06;0.999993;6.69337e-08;1.43392e-08;1.22806e-09;1.18846e-08;7.87993e-08;3.12639e-08;1.39693e-08;4.29714e-09;4.59848e-06;1.44764e-07;5.14436e-10
7.10495e-06;0.0283882;0.000358139;2.59952e-05;4.64671e-05;2.63791e-05;6.36775e-08;0.0684636;7.41451e-06;5.57004e-07;1.91709e-07;0.90228;0.000390237;5.39669e-06
3.33026e-06;0.0472516;2.10763e-05;6.50735e-06;0.000470045;0.00411776;4.4563e-07;0.0750752;2.52862e-06;3.73255e-06;2.28482e-06;0.00160557;0.871198;0.000242328
4.5286e-06;0.0129166;3.27968e-07;0.00145483;0.00322375;0.00810478;1.30449e-05;0.00237366;0.000154887;7.47341e-05;0.00140886;0.0142756;0.955933;6.12891e-05
7.49837e-05;0.0333849;0.964765;0.000186385;3.61316e-05;2.67061e-07;4.92586e-07;0.00140981;8.03929e-07;7.81099e-07;1.91314e-07;0.000134456;1.63298e-06;4.1124e-06
0.00194401;0.493587;2.34768e-05;0.000204879;2.28183e-05;3.05291e-06;1.36846e-05;0.291014;0.0146632;1.91178e-06;0.000649062;0.00269565;0.195162;1.41756e-05
0.00062849;0.487917;0.00129385;0.00295954;0.0412541;0.00821071;6.62113e-06;0.292636;0.000376329;0.00299523;3.99813e-05;0.116965;0.0267988;0.0179181
1.42882e-06;0.999796;1.98091e-11;4.20509e-08;8.60287e-09;1.08682e-08;4.54273e-05;8.95194e-07;8.5711e-08;9.99171e-06;6.56302e-08;3.79126e-09;3.90279e-06;0.000141641
5.01006e-10;4.59083e-11;1;1.37245e-10;6.96619e-12;4.18125e-12;1.1903e-09;5.52618e-12;2.31462e-10;4.55103e-11;6.64608e-11;5.05695e-09;1.33265e-11;2.76036e-13
0.000223063;0.0507082;3.74196e-05;0.00276867;0.000569501;0.00120865;0.00353012;0.0448646;0.705232;6.95039e-05;0.102691;0.0501268;0.0370565;0.00091438
2.25427e-05;0.990898;5.92836e-08;6.44631e-05;8.15458e-06;1.06009e-05;2.10055e-05;0.000626889;0.00104559;1.30214e-05;0.00181591;0.00079189;0.00375987;0.000922231
0.000428228;0.874028;0.000135576;1.00973e-05;2.49087e-06;1.27473e-06;4.07151e-05;0.114115;4.44946e-05;1.21272e-05;2.75123e-05;0.000327294;0.0108156;1.18544e-05
4.31068e-08;0.000538475;2.08135e-07;8.53278e-08;3.24827e-06;2.32531e-07;2.1069e-09;8.27383e-05;5.77031e-07;4.88431e-09;4.53644e-07;0.999371;1.08375e-06;2.33661e-06
3.61335e-06;0.973692;1.91312e-08;5.23521e-08;1.1271e-06;7.98284e-07;4.41721e-07;0.000101245;1.79662e-05;1.62036e-08;4.39951e-06;0.00019519;0.0259796;3.97166e-06
1.50095e-05;0.415544;5.98917e-06;3.07137e-07;4.24244e-05;2.33892e-06;6.68292e-09;0.580767;1.77669e-05;2.26108e-08;6.69803e-08;0.0013268;0.00146958;0.000809007
5.39958e-05;0.101016;5.51276e-05;0.000125765;0.119765;0.00215399;6.96373e-07;0.0981285;7.4256e-05;3.6444e-06;1.10216e-05;0.0278157;0.00130961;0.649487
0.000226145;0.837928;0.000110962;1.53862e-05;9.80755e-05;6.68184e-06;3.12446e-06;0.0785008;0.000116382;4.9708e-06;3.76313e-06;0.0671215;0.0153785;0.000485463
2.29968e-05;0.0246526;5.61491e-06;6.572e-06;0.00054534;0.000141309;4.12478e-06;0.671004;2.49925e-05;2.33497e-05;1.04885e-05;0.279938;0.02316;0.000460057
4.01151e-06;0.000894177;1.89505e-06;4.81536e-06;6.67815e-05;7.01489e-06;4.96909e-07;0.965862;1.67146e-06;1.21686e-07;1.28454e-05;0.0129343;0.0202097;7.53679e-07
3.5e-06;0.861656;1.2621e-07;1.64138e-07;1.17402e-06;6.48476e-07;1.98344e-06;0.1333;2.01952e-07;3.40195e-06;9.48886e-08;3.46276e-05;0.00496249;3.54084e-05
0.000226321;0.108756;0.000103022;0.00452804;0.0101244;0.00165384;0.00109071;0.324037;0.00123326;0.000728658;0.0198307;0.0115118;0.515687;0.000489357
0.000129308;0.990228;0.00414437;0.00057445;1.79343e-05;9.16455e-06;2.86106e-05;0.000153572;9.45641e-06;4.31312e-05;0.000125149;0.00133336;9.99915e-05;0.00310348
0.00016864;0.925286;1.79807e-07;4.84606e-05;1.14622e-05;2.08158e-06;2.92027e-05;0.0370673;2.47217e-05;1.39747e-06;0.00168685;8.85924e-05;0.035343;0.000241776
4.40366e-06;0.963175;2.92895e-10;1.06119e-05;0.000210939;4.19195e-06;3.12577e-05;0.00209917;3.60801e-08;0.000388727;4.36657e-07;1.16945e-05;2.27591e-05;0.0340412
4.25372e-11;4.11353e-11;1;1.09563e-10;2.01099e-11;8.8759e-13;1.72677e-11;1.93075e-13;4.11423e-13;8.03259e-12;3.22247e-11;5.588e-09;5.07391e-12;6.80676e-13
1.54915e-06;0.919392;1.03351e-07;2.08676e-05;2.12637e-06;7.71778e-07;0.000410892;0.0001513;1.48708e-05;5.7711e-05;0.00143293;0.000100656;9.32758e-05;0.0783208
1.07361e-05;0.000848956;3.53657e-05;0.000118738;4.92527e-06;6.38335e-06;0.115802;0.000135137;0.00139673;1.33036e-05;0.858979;1.00884e-05;0.0226385;1.01936e-07
6.7137e-06;0.403264;2.64003e-08;1.5391e-06;3.93841e-05;9.12069e-05;1.37039e-07;0.582618;1.81989e-07;4.16625e-07;1.5346e-06;1.01883e-05;0.0138779;8.82659e-05
1.55216e-05;0.00206062;4.15996e-08;1.87512e-05;0.000173147;2.93056e-05;6.7231e-08;0.0275945;3.79859e-06;4.12724e-07;0.00023773;0.000530116;0.969311;2.50268e-05
0.00057393;0.996632;0.000145271;0.000908773;7.24321e-05;4.60053e-07;1.41124e-05;6.45961e-05;0.000215584;8.54373e-06;0.000446607;0.000264034;0.000316923;0.000336933
7.9374e-05;0.573803;4.43239e-06;8.46689e-07;1.89947e-06;1.993e-08;1.54548e-06;0.425752;1.48287e-06;9.64762e-07;2.65172e-06;5.84375e-06;0.000342243;4.17953e-06
3.98093e-08;0.000376028;1.19382e-06;5.73132e-06;1.51224e-05;1.79149e-06;5.39063e-09;2.33624e-06;2.5315e-07;4.27533e-08;1.52402e-05;0.999541;3.0393e-07;4.07438e-05
9.49828e-07;0.994311;4.63845e-11;3.57199e-07;1.28637e-06;2.83267e-07;3.06476e-08;0.00458259;1.68601e-06;1.10995e-08;2.21433e-05;1.15995e-06;0.0010786;3.24638e-07
0.000134046;0.00949594;2.63813e-06;1.70338e-06;0.000708676;3.59666e-07;6.07465e-07;0.00446516;2.39682e-05;2.62728e-06;1.06052e-05;0.984933;0.00020674;1.3461e-05
0.00128569;0.488029;0.0176439;0.000458298;0.347695;0.00101837;7.23019e-07;0.0338885;1.81029e-06;0.000108795;1.29418e-06;0.00194573;0.0675871;0.0403361
0.000246984;0.0115826;0.00512334;2.66577e-06;1.86906e-05;3.01894e-05;1.76601e-06;0.443336;0.000117694;1.60617e-06;4.59527e-06;0.460705;0.0788198;8.56627e-06
2.81744e-06;0.00546782;6.54971e-07;0.000130535;0.000143215;0.0010076;4.55074e-07;0.000120672;8.3464e-06;9.10975e-07;9.95297e-05;0.000321849;0.992341;0.000354249
0.000138867;0.000405796;0.000292657;1.59912e-05;1.14776e-05;2.71227e-06;1.30613e-06;0.000105921;5.15053e-05;4.06317e-07;0.000130097;0.996664;0.00217629;2.75323e-06
4.13869e-06;0.00440824;3.24806e-08;9.36089e-08;3.52695e-05;1.8459e-06;5.9617e-07;0.994905;1.48825e-05;1.4825e-07;2.20476e-05;2.99215e-05;0.000504627;7.3326e-05
7.47671e-07;0.999551;1.17558e-08;1.7516e-08;9.87122e-08;1.57912e-08;0.00010521;4.13531e-05;2.12468e-09;0.00016694;1.28262e-08;1.28404e-07;8.2613e-07;0.00013378
5.30866e-09;3.02004e-10;0.999999;1.42723e-08;6.72749e-10;3.59879e-10;4.23181e-08;6.23008e-11;5.0305e-08;1.05185e-08;9.07955e-08;9.12745e-07;4.16788e-12;6.2794e-10
9.19242e-06;0.985502;6.73569e-09;1.12631e-08;1.23529e-09;4.09912e-10;8.79357e-05;3.82209e-05;5.96215e-05;1.81307e-08;5.09392e-06;2.934e-07;0.0142979;4.24713e-11
1.02551e-06;0.0136241;5.28231e-05;8.42411e-06;1.17471e-05;1.19309e-05;1.97151e-07;0.000486003;1.9576e-05;1.00304e-06;7.05312e-06;0.985332;0.000260043;0.0001842
8.98329e-06;0.853481;8.04035e-06;5.73934e-05;0.000655362;4.5772e-05;7.60125e-07;0.121835;1.53462e-05;1.75671e-06;3.3934e-05;0.00018234;0.0198809;0.00379407
2.45874e-06;0.989626;2.653e-09;1.04728e-06;1.21521e-06;5.09214e-06;1.00525e-06;0.00356188;2.23694e-08;2.67154e-06;1.19535e-08;3.63086e-06;0.00589953;0.000895799
4.48194e-08;7.44137e-09;0.999995;8.5839e-08;9.08284e-10;3.05562e-09;1.85537e-08;6.11657e-10;4.50581e-08;7.89424e-09;8.09788e-09;4.35786e-06;9.01413e-08;2.61645e-10
3.86795e-06;2.81548e-05;0.99341;0.000305389;5.71542e-05;1.90133e-05;2.50832e-06;0.00512562;7.5385e-05;1.35639e-06;4.43318e-05;0.000883581;3.54312e-05;8.37096e-06
2.7627e-06;0.0228518;0.000820088;2.56275e-05;0.000106615;0.0107235;2.15842e-08;0.00284591;1.3395e-07;8.6311e-06;7.33487e-07;0.000164466;1.55337e-05;0.962434
1.18324e-06;0.000572889;7.69584e-08;2.49936e-06;2.0251e-06;2.03622e-05;9.20263e-08;0.00183294;1.89478e-07;7.45513e-08;0.000250236;0.00105295;0.996264;8.5855e-07
4.51866e-06;0.990203;1.03122e-08;1.00589e-06;6.00325e-06;7.11788e-06;8.33749e-07;0.00546445;1.32549e-06;2.80698e-07;7.56304e-06;0.000118292;0.00410223;8.33791e-05
2.29645e-07;0.0118658;2.28006e-08;1.98244e-08;1.00994e-08;3.73855e-07;2.98862e-07;5.45535e-07;4.05339e-09;3.29973e-08;2.42429e-07;4.18031e-05;0.988091;5.4058e-10
2.09666e-07;3.31257e-06;0.999821;4.09795e-07;2.9656e-06;1.67143e-07;1.4565e-08;1.30232e-08;4.686e-10;8.48293e-08;2.44647e-08;0.000131464;5.34696e-09;3.98832e-05
8.75258e-07;0.998084;3.21066e-10;8.71844e-09;3.40697e-05;6.85804e-09;9.67641e-08;0.00186785;2.1093e-08;7.63043e-09;1.61763e-08;7.57629e-06;2.96069e-06;2.61685e-06
2.5657e-07;1.04992e-05;2.7008e-06;3.85776e-08;8.27549e-06;9.28448e-07;9.76204e-09;0.999606;2.3206e-07;1.66862e-08;5.44088e-09;0.000359621;1.10335e-05;4.05501e-08
5.43422e-06;0.99887;8.75692e-08;2.39021e-06;1.94686e-06;1.67092e-06;6.84478e-07;0.000740807;3.16562e-06;2.09861e-07;2.48681e-07;0.000151426;0.000197004;2.46609e-05
1.45029e-06;0.00108277;3.16963e-09;3.57279e-07;2.64029e-07;9.80153e-08;6.01218e-09;0.00172378;2.56789e-07;2.16688e-09;5.18759e-07;2.389e-05;0.997166;3.55562e-07
7.78119e-05;0.0209066;2.5073e-05;0.000138935;0.000230518;0.000619185;0.00040282;0.00596477;4.83446e-05;0.000752078;5.73192e-05;0.000426935;0.96557;0.00477996
2.82875e-10;4.86652e-11;1;1.58606e-09;1.48491e-12;4.73542e-12;6.62176e-09;3.20671e-11;8.72134e-10;7.57111e-11;2.71485e-08;1.65383e-09;2.0134e-11;2.79649e-13
3.93458e-08;1.06362e-05;0.99833;2.27392e-06;3.03828e-07;1.51167e-07;1.0595e-08;4.6588e-05;5.78335e-08;1.14877e-08;3.49507e-07;0.00160047;7.41188e-07;8.14393e-06
1.01838e-06;0.0161076;5.17307e-09;4.9987e-06;0.00113211;0.00563039;1.61441e-07;1.80586e-05;1.80341e-07;6.70498e-06;2.02043e-06;9.28247e-09;2.65961e-05;0.97707
5.4371e-12;9.93153e-12;0.999999;9.63372e-11;4.12267e-11;4.0983e-11;3.42157e-14;1.40888e-13;7.00454e-14;2.31587e-13;6.4448e-12;1.18227e-06;7.50891e-13;8.48856e-12
2.77523e-08;0.000206551;6.03792e-08;1.63567e-07;4.04399e-05;3.36592e-06;8.34442e-12;0.999707;2.70744e-09;4.44832e-11;5.94322e-09;2.09795e-07;4.23417e-05;1.50092e-07
1.18552e-09;1.2211e-07;1.80444e-09;4.36188e-10;9.36802e-10;4.86612e-06;1.16658e-12;9.44794e-07;7.48384e-11;3.36272e-11;3.11253e-10;1.76834e-11;0.999994;4.23383e-11
1.46933e-08;9.5337e-06;0.999982;3.95257e-08;8.29065e-08;2.60224e-08;1.15741e-11;1.15802e-08;2.68134e-12;9.76266e-08;8.08405e-11;8.49575e-06;3.19535e-08;1.77681e-07
1.70825e-06;0.993322;1.88522e-05;0.000129839;4.11498e-05;1.33478e-05;2.70046e-06;0.00315113;1.38699e-05;6.421e-06;0.000446484;4.2949e-05;0.00228426;0.000525583
