1.35117e-06;0.999331;9.02127e-05;1.75023e-05;1.61799e-06;3.49851e-07;2.86875e-08;7.30546e-06;2.43148e-08;3.39261e-07;4.2421e-08;1.97414e-05;0.000530291;3.14593e-07
0.000134123;0.987373;1.48914e-05;0.000232767;0.000106435;0.00012441;8.84033e-07;0.000952367;0.000133706;8.1862e-06;0.000248826;0.0040241;0.00536777;0.00127883
2.22832e-05;0.999344;1.59158e-05;1.75561e-06;1.62847e-06;1.27421e-07;9.74114e-06;0.000442002;1.06037e-06;6.07734e-06;1.19586e-05;3.08045e-05;7.34419e-05;3.88545e-05
3.61455e-06;0.0396983;1.48587e-07;3.38871e-06;7.44674e-08;4.17876e-06;1.05611e-06;4.09859e-06;2.28207e-06;2.72623e-07;1.28294e-05;0.959647;0.000609139;1.40818e-05
1.181e-07;0.999584;3.2817e-09;9.44622e-09;3.92588e-09;8.13899e-08;4.13781e-06;5.68893e-05;2.8379e-09;1.59571e-06;1.65425e-09;9.19154e-10;2.58376e-05;0.00032697
4.59486e-11;7.56486e-11;1;3.18237e-11;4.34702e-12;1.23944e-10;8.52002e-10;2.34107e-11;2.53425e-12;1.15926e-09;1.20763e-11;2.01932e-10;9.9008e-10;2.47045e-13
3.94798e-09;4.29826e-08;0.999998;5.88669e-08;5.34577e-11;4.0914e-10;2.99606e-07;2.73114e-09;2.89389e-07;1.68313e-08;1.25237e-07;2.93709e-07;4.26398e-07;1.12124e-12
2.42091e-09;9.09886e-07;0.999795;3.19909e-07;3.00158e-08;1.88149e-09;1.47519e-08;1.55407e-07;4.18107e-09;8.17417e-09;5.27406e-09;0.000202427;1.96133e-09;6.22545e-07
3.25232e-07;0.00121565;7.9937e-06;1.48639e-05;0.0139996;0.00465074;2.8002e-07;0.0270043;4.27873e-08;9.84905e-06;1.8203e-08;1.41163e-07;2.46858e-06;0.953094
4.07118e-07;0.0046801;0.00289793;1.36677e-05;0.0023539;2.87297e-05;3.07806e-08;9.21124e-06;1.67065e-10;1.63382e-06;9.01095e-08;0.989404;0.000369485;0.000240339
8.85108e-05;0.346993;5.549e-09;0.000140818;0.00145445;0.000329676;1.17106e-06;0.049991;3.46055e-05;2.62683e-07;0.000295613;0.000115576;0.600532;2.2818e-05
6.96841e-06;0.999013;0.000278576;2.5059e-06;7.71512e-06;3.13696e-07;4.3388e-08;0.000587352;4.57342e-10;1.64936e-06;2.06987e-09;1.71604e-06;5.97272e-05;4.01567e-05
1.20892e-07;5.64582e-08;0.999991;1.69425e-07;4.29385e-09;5.08979e-09;1.28089e-08;1.15823e-08;1.20433e-08;8.1653e-09;1.61019e-08;8.31594e-06;1.49568e-07;1.39777e-09
1.81817e-07;2.59869e-06;0.9934;2.15725e-07;1.8594e-07;1.78104e-06;4.06542e-08;6.39112e-05;2.82442e-08;2.00369e-07;6.66909e-09;0.00628757;1.15142e-07;0.000243377
7.63658e-08;0.00033414;1.03147e-05;2.86261e-06;0.00124517;0.0367144;1.11383e-08;2.1616e-06;4.94141e-07;8.7842e-08;1.79397e-06;1.01434e-05;8.00488e-05;0.961598
2.07289e-06;0.919844;6.53132e-07;5.72568e-07;7.45424e-06;7.32307e-05;4.18068e-07;0.000206832;1.0318e-08;8.48134e-07;2.19738e-06;5.32003e-05;0.0792177;0.000591181
1.12036e-11;6.13418e-10;1;1.29999e-11;3.54897e-12;1.75103e-11;1.32587e-12;1.449e-11;8.16227e-13;1.34167e-13;5.6296e-13;7.40731e-10;2.08825e-10;4.73988e-14
1.22852e-05;0.897728;1.84315e-05;0.000572489;0.000421159;2.05653e-05;3.39552e-05;0.0801599;0.000782027;8.26539e-06;0.000647533;0.00343516;0.0161003;6.04594e-05
3.23502e-06;0.0196124;0.960239;0.000667457;0.00763621;1.93456e-06;1.75143e-06;0.00986167;7.18734e-07;1.95879e-05;5.89881e-07;2.36157e-05;9.88637e-06;0.00192149
3.96287e-06;0.981381;0.0150992;1.9523e-05;0.000499361;1.42659e-07;3.29357e-07;0.000203749;3.33522e-09;5.63714e-07;8.12102e-08;0.000189614;0.000492179;0.00211042
0.000176562;0.539167;2.07827e-08;4.32129e-06;0.000167303;3.24365e-07;0.00682274;0.438284;0.000154679;7.36236e-06;0.000293232;0.00744025;0.00730494;0.00017747
3.63262e-06;0.000760842;0.96684;2.08419e-05;0.000425016;9.43558e-05;1.35645e-06;9.40007e-05;7.30833e-08;3.14099e-06;1.4706e-06;0.0316563;8.86392e-05;1.00107e-05
4.7789e-05;0.360291;2.14195e-07;0.000130897;0.000280101;0.000146055;7.20125e-05;0.402261;0.00132901;7.40224e-07;0.00202954;0.0043221;0.228044;0.00104552
2.06485e-05;0.834759;3.41606e-07;9.96599e-06;6.311e-05;3.67825e-06;1.7395e-06;0.0167815;2.17379e-06;1.03757e-06;9.43095e-06;0.10258;0.0453959;0.000371612
2.81963e-05;0.892716;1.02509e-06;1.70297e-06;0.000187579;1.41872e-06;6.971e-06;0.0239555;9.93154e-06;1.50463e-06;1.36628e-06;0.0298344;0.0532518;2.29929e-06
6.66514e-06;0.00134259;4.45694e-06;2.80178e-06;2.66605e-06;0.000462764;1.6287e-05;0.00033621;0.000152402;4.1835e-06;3.4356e-05;0.000433196;0.997197;4.4441e-06
4.31007e-06;0.00053306;0.998853;6.5913e-06;4.40593e-05;3.70307e-05;7.62918e-06;1.14807e-05;7.57159e-07;2.06099e-05;4.56494e-07;0.000297875;0.000171077;1.16055e-05
4.44075e-06;0.992745;1.6346e-07;7.81375e-07;3.11068e-07;1.81904e-07;0.00505653;0.00177395;0.000106974;1.08916e-05;9.04888e-06;4.89311e-11;0.000290705;1.37049e-06
7.96876e-10;1.54084e-09;1;3.51922e-10;1.41028e-11;1.9894e-13;9.03096e-09;4.32051e-11;1.77077e-09;7.51385e-11;1.16669e-09;2.66722e-09;4.77532e-12;2.60464e-12
3.89404e-07;0.000142528;0.869405;1.22004e-06;5.82785e-05;1.36079e-08;2.21814e-08;0.126996;2.92779e-07;1.82289e-07;6.0613e-08;0.00339324;2.35929e-06;2.66945e-07
5.19419e-10;0.999842;1.71841e-09;1.06115e-08;1.57397e-08;1.24784e-09;5.24025e-08;2.32262e-08;3.29078e-11;1.95178e-07;7.64198e-10;1.62934e-08;1.79858e-06;0.000156421
5.24806e-05;0.683457;2.39241e-07;3.293e-06;2.27455e-06;7.031e-06;0.0503839;0.045509;0.000358838;7.56913e-06;0.0056145;3.82554e-06;0.214599;6.82067e-07
3.03909e-09;1.91028e-08;1;1.08647e-09;1.3003e-10;3.20662e-10;4.46776e-08;9.52391e-09;1.78755e-09;3.7286e-10;7.92934e-10;1.43348e-09;5.26474e-08;2.84355e-13
2.30588e-07;3.24876e-05;0.998634;1.52594e-06;4.53818e-06;1.44242e-07;2.403e-09;0.000297889;2.3054e-07;1.27177e-08;4.86243e-09;0.0010155;1.47875e-07;1.31994e-05
5.88689e-07;0.000615692;5.07543e-07;8.67605e-07;0.0149591;0.0026792;7.54624e-10;0.00143035;2.7496e-08;1.84215e-06;4.04466e-10;4.19828e-08;1.43025e-06;0.98031
3.34532e-05;0.000713321;0.00151496;3.30201e-05;0.00397685;0.000334682;8.0275e-08;7.97585e-05;5.44568e-08;1.36334e-05;3.14667e-07;0.991608;0.00150259;0.000189439
7.40977e-05;0.00328162;1.51042e-08;9.28561e-06;0.000339368;6.20369e-06;1.61751e-07;0.995816;0.000343202;1.33484e-07;1.83828e-05;7.26091e-05;3.82348e-05;4.79994e-07
3.46749e-06;0.999636;1.72929e-05;4.25544e-06;3.59706e-06;2.37854e-07;3.43647e-09;8.8881e-05;1.28927e-09;9.94588e-08;4.04491e-09;6.07449e-06;0.000240294;2.26989e-07
0.000311257;0.805118;3.10217e-06;4.70161e-05;4.90217e-05;1.11191e-05;7.88231e-07;0.125042;2.24321e-05;1.03703e-06;3.89883e-05;0.0198607;0.0493972;9.73315e-05
1.32442e-05;0.998495;1.62036e-05;2.28783e-06;5.13877e-06;2.8376e-07;7.42231e-06;7.97018e-05;1.38886e-06;2.24194e-06;1.11396e-05;0.000537756;0.000805491;2.23363e-05
0.000148558;0.780969;2.74538e-05;5.69498e-05;1.76619e-05;2.19721e-05;0.00158076;4.71609e-05;0.000190633;2.00364e-05;0.000918816;0.129918;0.0857297;0.000353892
6.77353e-07;0.999498;7.57102e-09;7.3716e-08;1.05002e-07;1.05701e-07;0.000266019;0.000104177;7.44714e-07;5.43704e-06;1.59335e-07;5.02831e-09;1.24758e-05;0.00011207
1.74083e-09;5.87337e-10;0.999999;7.76828e-10;2.88802e-10;2.85657e-12;5.89953e-09;3.69552e-11;3.61309e-10;3.80406e-10;3.33487e-10;1.02523e-06;4.87259e-12;1.52939e-11
0.000123965;0.0187731;0.224419;7.89593e-05;0.00141773;8.57803e-07;2.77596e-05;0.751341;0.000406823;2.31311e-05;8.73521e-06;0.00309188;0.000286483;4.44972e-07
2.30455e-08;0.999397;6.49753e-08;2.94296e-07;3.04805e-07;5.74417e-08;1.57968e-07;1.35299e-07;9.15629e-10;1.71693e-06;3.57051e-09;2.14472e-06;1.78442e-05;0.000580801
0.000122379;0.249757;2.07456e-06;6.22066e-06;5.56589e-07;2.06588e-06;0.723969;0.0057232;0.00222186;1.78629e-05;0.00325473;1.25371e-07;0.0149224;8.58894e-07
3.09938e-08;4.6452e-08;0.999999;2.93064e-09;4.17175e-10;2.28612e-09;1.53425e-07;3.88652e-08;1.80306e-08;3.07772e-10;1.56548e-08;3.11535e-09;9.7791e-07;2.13504e-11
1.67068e-07;0.000254444;0.995721;5.77416e-08;3.36208e-07;1.93026e-06;8.9165e-09;0.000159529;1.04156e-08;4.56747e-08;5.18694e-10;0.00365387;6.88649e-07;0.000207558
2.23087e-07;0.000636556;2.9151e-07;1.79549e-06;0.0100147;0.113208;1.71886e-09;5.00559e-06;3.25342e-07;7.84035e-08;2.12622e-07;4.01393e-06;0.000493524;0.875636
2.13656e-05;0.995947;5.78271e-07;5.05814e-07;6.17593e-06;4.81445e-06;5.43717e-07;0.000109764;5.66157e-08;3.44088e-06;2.09344e-07;0.000163431;0.00229656;0.0014458
1.26194e-09;1.18068e-09;1;7.53732e-10;1.86985e-09;5.65992e-10;7.39492e-11;1.91656e-09;3.67338e-10;1.68184e-11;6.28873e-11;4.74156e-09;1.38587e-09;3.23497e-12
1.92074e-05;0.300386;9.20672e-05;0.00226415;0.00146816;0.00267176;7.02085e-06;0.613864;0.00224865;8.67211e-06;0.000508617;0.000738913;0.0720824;0.00363971
1.99007e-05;0.769763;1.05039e-05;0.00111314;0.000194062;0.00525702;3.20735e-06;0.020143;7.69886e-06;9.95265e-05;3.2775e-05;0.0191603;0.177258;0.00693702
0.000259674;0.102514;2.33844e-05;5.68594e-05;0.000790845;8.48716e-05;0.000478442;0.0182233;8.25473e-05;0.00013631;0.00100956;0.859588;0.0165832;0.000168133
2.95259e-05;0.0272733;2.85773e-06;3.52963e-05;0.0438024;0.000312241;1.09853e-06;0.887716;2.24412e-06;3.08813e-05;8.54496e-06;0.00313826;0.0317889;0.00585832
8.26333e-05;0.936595;1.7122e-06;0.00020182;2.47228e-05;1.40492e-06;0.00206422;3.7106e-05;0.000575256;0.00123321;0.00104427;0.00206408;0.00143718;0.0546372
0.000459554;0.00136994;3.75798e-06;1.62915e-05;4.66439e-07;2.09028e-08;0.284239;0.000535298;0.601553;4.53508e-06;0.111797;3.27382e-08;2.0615e-05;1.75957e-08
7.59599e-05;0.00502515;1.91674e-06;5.17583e-06;6.2533e-06;1.19276e-07;3.27028e-07;0.992746;0.00146849;3.34066e-08;0.000101214;0.000565986;3.20143e-06;2.04694e-07
1.55643e-05;0.966975;1.04004e-10;3.82968e-07;2.74138e-06;4.10702e-06;2.63469e-08;1.31619e-05;5.25035e-06;1.04643e-07;1.70893e-05;0.000209648;0.0322199;0.00053674
2.16959e-05;0.00913547;1.26905e-06;3.36002e-08;1.18527e-05;5.60238e-08;4.32786e-08;0.000615165;1.01494e-06;3.39897e-08;1.09853e-06;0.990159;3.79208e-05;1.50972e-05
5.47415e-06;0.843724;9.72869e-09;2.58742e-07;0.00202225;7.47459e-06;3.59243e-07;0.0204868;1.43668e-08;1.85267e-07;4.5965e-09;1.34641e-05;0.00925819;0.124482
1.89482e-05;0.000784097;4.64974e-06;8.91531e-07;1.36614e-06;0.000176886;1.97655e-07;0.000240121;1.38481e-06;1.19183e-07;4.01328e-07;0.0230393;0.975705;2.65256e-05
4.927e-06;9.57128e-05;0.999305;1.25849e-05;3.36325e-07;1.15537e-06;7.9792e-05;7.10406e-08;2.27316e-08;0.000314578;5.02863e-08;8.53452e-05;1.59096e-07;0.000100382
3.96064e-08;6.40302e-08;0.999998;1.51252e-07;2.96824e-10;6.81336e-10;6.01659e-07;1.80265e-09;9.28706e-08;7.40733e-09;2.26909e-07;3.72767e-07;1.79772e-08;5.92626e-10
5.94999e-05;0.901522;3.94394e-06;7.20499e-05;2.54041e-05;2.04343e-05;6.88721e-05;0.0307464;0.000496285;5.79931e-06;0.000807151;0.00849382;0.0570833;0.000595253
0.000601719;0.0187644;2.76097e-05;5.87359e-05;0.000123747;1.56842e-05;0.00131351;0.00299486;0.0034892;3.56287e-05;0.0170244;0.831533;0.123664;0.000353247
1.24166e-05;0.0788472;8.67293e-08;2.34537e-05;1.35378e-05;0.000280142;0.800946;7.91675e-05;2.02474e-05;0.0911538;3.51599e-05;2.08801e-07;2.20405e-05;0.0285661
4.78521e-10;9.92185e-11;1;5.00278e-10;3.25581e-12;1.10418e-11;2.95996e-09;1.79771e-13;4.29256e-09;7.86748e-11;3.54988e-09;1.89425e-08;1.12915e-12;4.65694e-12
2.89924e-05;0.00154455;1.77274e-07;5.59973e-08;8.07801e-07;1.23107e-08;2.09155e-07;0.99839;4.15595e-06;8.453e-08;3.58675e-06;1.03718e-06;2.67083e-05;4.50036e-08
2.35951e-07;0.0247025;1.41202e-05;6.40979e-07;7.35725e-05;1.37149e-06;1.18841e-09;0.00118088;1.08095e-07;2.68143e-08;6.36373e-07;0.973348;0.000138654;0.00053912
2.15278e-07;0.993931;4.61632e-06;3.49224e-06;3.22015e-05;2.7246e-06;2.91534e-07;0.00481944;3.24044e-06;3.93452e-07;5.51098e-06;3.69735e-05;0.00115103;8.97333e-06
1.0608e-06;0.000116141;2.09749e-07;5.54543e-06;0.958535;0.0260606;1.84186e-07;0.00123145;2.9009e-06;3.44743e-05;2.27299e-07;0.00015737;0.000108074;0.0137471
0.000883807;0.0488799;4.79914e-08;3.56671e-06;2.86697e-05;4.46023e-07;1.00513e-06;0.09795;0.000809249;1.13021e-07;1.15688e-05;0.000115784;0.851316;1.55741e-07
3.63972e-05;0.0129985;4.18182e-07;4.19058e-05;1.50381e-05;6.25647e-07;6.66643e-08;0.000118329;0.000217249;2.67331e-06;9.72929e-06;0.984366;0.00218576;7.06692e-06
1.34688e-05;0.999824;2.8113e-06;1.11123e-05;3.27491e-07;5.08859e-09;8.9307e-08;8.53144e-05;1.51292e-07;6.493e-07;2.64222e-07;5.05444e-05;3.5154e-06;7.76704e-06
5.3829e-05;0.129463;2.00693e-06;0.000307844;0.000682863;2.60235e-05;5.76128e-07;0.857585;2.5832e-05;5.40963e-06;0.00023511;0.00947357;0.00169637;0.000442656
2.59044e-06;0.958254;6.403e-09;2.68129e-07;3.8639e-07;1.556e-06;2.97726e-07;0.00023049;1.25515e-07;8.96396e-08;2.38077e-06;0.000100272;0.0413397;6.82068e-05
3.45401e-05;0.0205516;0.000137359;4.80345e-07;6.05831e-06;3.81391e-09;6.01175e-07;0.114499;4.67086e-06;4.40388e-08;2.55177e-05;0.864556;0.000183186;8.44803e-07
1.19749e-05;0.707594;5.0544e-07;0.000742101;0.206154;0.000556209;3.85871e-07;0.00139149;9.15907e-06;1.46473e-05;1.1949e-05;0.00143184;0.0016439;0.080438
0.00121425;0.0685138;0.000217705;0.000215652;5.02389e-05;0.0017076;1.16864e-05;0.000327952;0.00270973;2.56312e-05;0.000925284;0.20732;0.716623;0.000137431
0.000215286;0.181923;0.814518;0.000140476;1.15841e-05;3.09219e-06;1.67721e-05;1.10954e-05;1.41907e-06;0.00275109;1.63378e-06;0.000345793;1.06971e-05;4.99841e-05
5.61801e-06;8.51184e-05;0.999852;6.60884e-06;2.29181e-08;6.64301e-09;2.5361e-05;8.21901e-09;2.88051e-06;6.02774e-06;1.04357e-05;5.40939e-06;1.49957e-07;9.99713e-08
1.4796e-05;0.630606;1.14775e-07;1.55374e-06;3.66584e-07;2.70015e-08;4.2556e-06;0.363048;5.25253e-05;5.69551e-07;0.000173423;0.00233645;0.00376185;3.69721e-08
1.3235e-05;0.342857;0.000444606;0.000112024;0.000120111;2.22737e-05;6.90594e-05;0.00173452;0.000163457;9.36616e-06;0.00148749;0.609232;0.0422819;0.00145319
3.75244e-05;0.845623;7.61716e-08;3.69777e-05;0.00013184;0.00110515;0.091322;0.0327615;0.0016459;0.00157846;0.000720117;1.00552e-07;0.0160773;0.00896012
1.13611e-09;7.82877e-10;1;1.14373e-09;2.38461e-11;9.07803e-12;3.92514e-09;1.48411e-11;5.80204e-09;1.06303e-10;2.59593e-09;1.20945e-08;2.88351e-11;5.61262e-13
7.94751e-06;0.000712983;0.996046;2.03228e-06;1.46778e-05;2.00687e-07;1.49073e-06;0.00297945;2.58826e-05;8.91666e-08;2.66609e-07;0.000205813;1.01976e-06;1.96896e-06
4.2947e-06;0.000182175;0.00240816;1.5385e-06;0.628168;0.0125744;3.87566e-09;0.0084706;6.29145e-07;7.81412e-07;4.01714e-08;0.000215046;7.96957e-05;0.347895
1.31586e-05;0.209179;1.77183e-08;3.4748e-06;0.320119;9.52307e-05;2.76878e-08;0.432302;5.83221e-06;8.84553e-07;6.38988e-07;0.0046384;0.0332428;0.000399786
1.27453e-05;0.000132529;0.933455;1.65831e-05;0.0109929;3.31182e-05;2.69361e-09;0.00218621;1.02023e-07;2.01794e-06;1.79814e-08;0.0531559;1.13576e-05;2.02122e-06
1.48105e-05;0.282645;1.6949e-06;2.05111e-05;7.84414e-05;4.27334e-06;1.70316e-07;0.716777;0.000119391;1.48251e-07;6.67546e-06;2.16952e-05;0.000170416;0.000139495
4.2219e-08;0.998151;6.58776e-06;4.36561e-07;3.59834e-07;4.19171e-07;1.02112e-09;0.000166306;5.13418e-11;4.3653e-07;6.13645e-11;5.81486e-08;0.00167416;1.62641e-07
8.22261e-09;2.33196e-07;0.999996;1.53737e-07;4.6425e-10;1.05909e-09;2.83179e-08;1.09956e-08;1.27856e-09;7.8678e-08;6.43836e-09;3.50654e-06;1.30358e-07;3.77033e-10
2.17014e-07;2.77196e-05;0.00450727;1.35307e-05;1.43994e-05;3.44369e-06;1.03966e-07;0.000308017;1.29564e-05;1.40063e-07;8.61436e-06;0.994951;4.31793e-08;0.000152082
7.80712e-06;0.12464;9.74259e-06;2.41236e-06;3.21462e-05;0.000168651;1.79947e-06;0.805389;6.67444e-06;1.1899e-07;2.08507e-05;3.14084e-06;0.0697154;2.00651e-06
6.1473e-09;0.998336;1.67252e-09;2.25821e-09;1.30611e-08;4.41734e-08;1.28269e-05;2.09645e-08;3.08132e-11;1.78136e-06;4.15253e-10;3.14071e-07;8.32659e-08;0.00164891
4.44923e-10;3.08801e-09;1;5.79784e-11;5.02828e-10;1.40022e-11;1.16833e-09;1.07409e-08;2.50899e-11;1.00428e-10;1.35496e-12;8.87357e-10;7.73427e-11;4.98434e-12
1.76721e-05;0.0058281;2.53398e-07;5.01072e-05;2.72977e-05;5.5622e-05;8.29454e-05;0.835453;0.00691595;3.37992e-06;0.000241756;0.000337491;0.150986;3.45597e-07
5.76644e-07;0.998721;1.89609e-05;3.51425e-06;9.08996e-07;3.47025e-07;3.59879e-09;0.000142136;2.04188e-09;7.3181e-08;2.05535e-09;1.04072e-06;0.00111047;7.21962e-07
4.12221e-06;0.0291906;1.57169e-08;1.01513e-05;5.65965e-06;1.66653e-06;1.19547e-06;0.01357;1.6529e-06;4.45482e-07;1.69409e-06;5.20374e-06;0.957196;1.14529e-05
8.17655e-06;0.000531343;6.70186e-06;0.00999193;0.169572;0.00665873;1.00992e-07;0.00050918;1.01911e-05;0.000113518;9.44726e-06;4.39963e-06;1.29334e-05;0.812572
0.000979835;0.996789;7.68213e-10;1.21142e-05;8.61799e-05;8.71264e-07;7.92266e-05;0.00112216;0.000276331;9.01031e-06;7.28992e-05;3.01154e-06;0.000102237;0.000467638
0.000700518;0.00989325;0.00120454;0.00016799;0.0395559;0.00026643;1.17688e-06;5.57027e-05;3.67206e-06;7.44458e-05;4.39834e-06;0.945287;0.00211661;0.000668297
0.000622985;1.98408e-05;2.18949e-08;1.9185e-06;2.49095e-07;4.73385e-08;0.00106203;3.59234e-05;0.996954;6.61695e-08;0.0012617;7.77414e-07;4.08273e-05;2.57303e-08
2.38904e-05;0.998949;1.67113e-06;3.39148e-07;4.36796e-06;1.07621e-07;2.3875e-08;9.78183e-05;1.55785e-05;6.40978e-08;1.98065e-07;1.51461e-06;0.000888272;1.73296e-05
2.53996e-06;0.688885;1.95758e-08;2.58584e-07;5.79854e-05;2.79009e-06;5.28613e-08;0.000246869;6.92142e-08;3.15373e-06;8.24159e-09;0.000156462;8.00077e-05;0.310565
9.59029e-06;0.0265029;0.00118036;0.000181312;0.00169338;0.0249335;1.3458e-05;1.6945e-06;1.17891e-06;8.80726e-05;8.83588e-05;0.881764;0.000440573;0.0631012
9.94538e-07;0.999547;7.93629e-09;5.77063e-08;2.20008e-08;1.00345e-08;0.000329995;5.90718e-05;2.20468e-07;3.43404e-06;5.22342e-07;5.44058e-09;2.35233e-06;5.61548e-05
1.47528e-10;9.89745e-12;1;2.31122e-11;4.97159e-12;3.1581e-12;5.32666e-10;1.29963e-11;2.55105e-11;3.40075e-11;2.7059e-11;8.00025e-09;1.70566e-10;2.5664e-13
1.95325e-05;0.144461;3.67353e-07;2.41941e-05;3.08909e-05;3.11744e-06;9.61553e-06;0.00993124;0.000322636;1.10469e-05;0.000177479;0.0340406;0.810968;1.38264e-07
5.39865e-05;0.984088;2.55867e-09;3.0488e-05;1.20973e-06;5.64563e-06;3.51246e-05;0.0088633;0.000292778;9.10021e-06;0.000105133;0.00162389;0.0039864;0.000905391
1.09379e-05;0.124418;4.3228e-06;3.98781e-06;1.17965e-07;8.44427e-08;2.68832e-07;2.08291e-05;1.0368e-07;6.06179e-07;1.67215e-07;0.875478;1.72095e-05;4.50754e-05
2.89458e-06;0.00161871;3.2895e-10;1.49701e-06;0.000747956;6.26907e-07;7.38015e-07;0.997338;2.02971e-07;9.04106e-06;1.36094e-07;9.2694e-08;1.51086e-06;0.000278922
2.4094e-06;3.31106e-06;0.999829;1.1808e-05;3.0611e-06;2.52705e-05;2.22522e-07;3.48514e-09;5.25909e-09;1.67667e-05;4.45679e-07;9.97076e-05;1.47754e-06;6.84263e-06
1.37504e-07;4.72036e-05;1.66196e-11;2.50852e-10;3.53329e-12;1.10898e-10;0.999896;4.07476e-10;3.38299e-08;5.59892e-05;3.84816e-07;8.43493e-14;2.79035e-09;1.82037e-08
2.04115e-12;8.02547e-13;1;1.40049e-12;5.66269e-14;1.16898e-13;5.20441e-11;2.98602e-14;9.28695e-12;1.04143e-12;1.56107e-11;4.46852e-11;3.08921e-14;2.61391e-15
