1.46589e-06;0.999944;2.63634e-06;1.36178e-05;6.73628e-07;9.47935e-09;2.05752e-07;8.33386e-06;1.7309e-07;5.55315e-07;1.49364e-07;1.35031e-05;2.46857e-06;1.21256e-05
1.80976e-06;4.71759e-05;2.38146e-10;2.07218e-08;6.71453e-08;2.84926e-09;3.0094e-08;0.999945;2.91472e-06;6.92998e-09;9.49397e-08;8.38511e-11;3.46661e-06;7.708e-09
1.60043e-07;0.999839;8.20019e-08;4.81693e-08;2.14799e-09;3.13495e-11;0.000130192;1.58058e-08;3.10096e-08;2.08162e-06;3.76121e-09;1.76772e-05;1.69792e-08;1.0878e-05
1.42862e-09;6.19739e-10;1;3.98544e-09;3.0339e-10;4.23802e-13;1.93604e-08;4.79563e-11;8.47925e-09;1.87272e-11;9.73042e-09;1.60091e-07;5.26169e-11;1.85051e-11
6.5353e-07;0.163655;2.51945e-09;2.17478e-07;3.4227e-05;5.13722e-08;1.54944e-07;0.800073;1.29145e-06;5.65196e-08;4.13127e-07;7.8234e-07;0.0362315;3.04731e-06
1.42894e-07;0.00128175;0.979594;5.09671e-05;0.00229639;0.000306372;2.93191e-09;9.79411e-06;3.9767e-09;4.41344e-06;1.38255e-07;0.00083039;1.90503e-06;0.0156232
2.30016e-06;0.953267;1.00053e-09;9.86151e-07;4.60936e-07;8.78316e-07;7.77153e-08;5.8495e-05;6.25976e-06;5.293e-09;6.26983e-05;0.0439846;0.00261619;3.40389e-07
5.22355e-07;1.11075e-05;2.62345e-09;2.39149e-10;4.63833e-09;7.0611e-09;2.66497e-09;0.999988;3.79928e-08;5.41334e-10;3.96944e-09;1.2245e-07;3.53316e-07;1.06356e-09
8.08586e-06;0.0005067;7.41238e-06;0.0016028;0.0500048;0.0230236;1.47694e-06;0.00105857;0.000596801;3.9605e-05;0.000229683;0.0845894;6.88897e-05;0.838262
4.02117e-05;0.995842;0.002388;5.51983e-05;1.40167e-06;1.77548e-07;9.4586e-07;0.000162845;7.11833e-06;2.90143e-07;7.59719e-06;4.36705e-06;0.00148886;6.30406e-07
3.15295e-05;0.0115136;0.000247025;1.21719e-06;1.41801e-06;9.98132e-08;9.26616e-07;0.0162345;0.000159161;9.51537e-08;0.000399421;0.971148;0.000262136;6.02289e-07
5.8278e-06;0.821321;2.4043e-05;6.16983e-05;0.00291646;0.0058414;0.000520808;0.0211065;4.17473e-06;0.00115916;3.31576e-05;5.07294e-05;0.106118;0.0408372
3.80853e-08;6.63585e-08;0.999979;1.15559e-07;1.2643e-09;4.38539e-09;4.52646e-07;2.13978e-10;3.52135e-08;2.23004e-08;1.22813e-07;2.04277e-05;9.19982e-08;1.93984e-09
3.56991e-06;2.89628e-05;0.982447;2.10336e-05;3.12084e-05;7.01126e-07;1.1393e-06;0.0171658;5.79488e-05;9.85627e-08;1.78205e-05;0.00021951;1.25574e-06;3.53453e-06
1.38415e-07;0.000360826;0.000423804;6.25057e-07;0.000110205;0.00125197;1.23648e-10;1.9336e-05;1.05788e-07;5.36195e-07;8.97635e-09;0.000642574;2.6484e-07;0.99719
1.00246e-05;0.000645506;4.78528e-09;2.88029e-07;1.36996e-06;2.52418e-06;3.47191e-08;0.99268;3.5584e-06;1.14329e-08;3.85103e-06;4.64949e-06;0.00664852;1.61549e-07
1.41685e-06;0.968766;7.36788e-07;7.80474e-07;8.50134e-08;5.11024e-09;2.11722e-07;0.0195262;1.42101e-06;1.20753e-07;2.69965e-07;9.76016e-05;0.0116043;5.47502e-07
1.62038e-05;0.00557205;5.67927e-05;0.38542;0.136357;0.243733;8.50341e-06;0.00264912;0.000222242;0.00877018;0.000363815;0.0816688;0.048951;0.0862107
0.000658561;0.908552;0.0808196;0.00259909;3.9887e-05;3.34458e-05;0.00166807;5.53409e-05;1.2233e-06;0.00289635;5.263e-05;2.36521e-06;0.00251124;0.000110423
2.96661e-08;4.13561e-09;0.999982;7.87866e-08;1.31282e-11;1.74101e-10;1.3369e-05;1.00016e-10;1.84931e-07;2.14423e-08;3.91407e-06;3.11381e-09;9.19598e-09;6.0038e-12
6.66501e-07;2.69062e-05;0.998878;1.81452e-06;5.89878e-07;2.7101e-07;4.97024e-07;0.00105023;5.25809e-06;4.33083e-08;3.87547e-06;1.88985e-06;2.89706e-05;7.16719e-07
1.76008e-07;0.111001;7.59625e-08;1.33281e-07;3.12502e-05;6.26961e-05;1.40426e-05;5.3178e-06;6.60239e-08;4.49769e-05;9.41592e-08;2.12528e-09;4.73102e-06;0.888836
1.88577e-11;1.1405e-11;1;9.22932e-12;9.5939e-10;7.96619e-11;6.90791e-14;2.97742e-11;5.811e-13;7.43303e-13;6.21566e-13;3.45278e-08;9.78272e-13;1.74312e-11
5.69839e-06;0.998849;3.44494e-07;1.2075e-06;1.13271e-06;9.65632e-07;3.42176e-05;0.000493139;3.48251e-05;1.57229e-05;4.32716e-05;9.35105e-05;2.79159e-06;0.000423682
0.00204319;0.313573;0.00266254;0.000184921;4.39927e-05;5.42845e-06;0.0625648;0.0703028;0.0493911;2.00911e-05;0.31846;5.8171e-05;0.180678;1.17466e-05
9.67689e-08;0.999953;1.17919e-09;4.25557e-09;2.39856e-09;2.09727e-09;2.80939e-07;4.3125e-05;1.72877e-09;2.44561e-07;6.50589e-11;2.25819e-09;4.35322e-07;3.25291e-06
1.08539e-11;1.40215e-11;0.999999;4.0982e-11;4.86612e-11;2.21441e-11;1.93591e-12;4.13849e-13;9.60961e-13;1.15807e-11;3.13675e-12;9.6591e-07;6.72554e-10;8.44442e-12
1.05909e-05;0.834139;4.41912e-07;3.83088e-05;0.0212323;8.22612e-05;1.68512e-06;0.124827;6.76597e-05;5.0093e-05;2.16894e-05;2.3747e-05;0.00354501;0.0159601
1.54493e-05;0.085651;0.0399594;0.0034949;0.0633875;0.0049461;4.81028e-06;0.00338786;9.95738e-07;0.000728132;2.94828e-05;0.788233;0.00362797;0.00653367
0.000305844;0.968401;5.13474e-05;6.01475e-05;1.52266e-05;3.98666e-06;0.00216628;0.00255361;0.00102021;6.84971e-06;0.0028341;0.000546823;0.0220264;8.29048e-06
8.58402e-06;0.0102752;1.24624e-10;1.19018e-07;0.0194096;7.9426e-08;1.6916e-07;0.968786;3.08939e-07;8.82299e-07;2.69847e-08;0.000114905;9.52348e-07;0.00140349
9.58549e-05;0.000343166;0.971287;2.33787e-05;0.00761133;0.000352318;3.07352e-08;2.07706e-05;4.89943e-07;1.8034e-06;6.77479e-07;0.0149568;0.00517573;0.00013086
1.15927e-05;0.998406;7.01381e-09;1.69095e-08;3.55937e-07;1.56793e-08;2.71264e-05;0.00142444;2.06059e-07;1.35377e-06;1.19758e-07;3.78029e-07;9.62828e-07;0.00012694
1.04109e-09;2.19373e-09;1;1.54072e-10;7.84463e-11;2.94491e-11;7.38818e-10;2.12253e-10;8.83661e-10;6.59421e-12;7.14216e-10;3.07369e-09;1.34059e-09;1.56547e-11
1.22776e-05;0.119715;8.64654e-09;1.53935e-06;6.94156e-06;3.03498e-06;1.20371e-06;0.297567;0.00018177;3.43158e-07;3.67778e-05;8.98929e-06;0.582446;1.90998e-05
3.76728e-08;0.000123419;2.69884e-05;3.21165e-06;1.91841e-07;4.73856e-07;9.13207e-08;2.58727e-05;2.29518e-08;1.96159e-07;7.08211e-07;0.999776;2.80972e-05;1.41958e-05
4.67196e-05;0.056858;1.90662e-07;0.000157426;1.59169e-05;4.38361e-05;0.000471663;0.0476907;0.000916589;3.0789e-06;0.0460365;0.000851465;0.846894;1.36741e-05
8.59198e-05;0.0076906;5.48077e-06;2.72815e-05;2.93345e-05;9.59589e-06;7.21157e-07;0.051975;0.000136866;1.22529e-06;0.000828305;0.934424;0.00471098;7.48832e-05
8.5244e-05;0.901513;2.07451e-06;1.10882e-05;0.000196608;0.000341503;8.34755e-05;0.0244041;1.12247e-06;0.00104054;2.32287e-06;1.0095e-07;0.0167506;0.055568
5.85189e-10;3.73467e-12;1;1.18664e-10;1.48592e-10;1.73573e-11;2.79902e-10;9.92995e-12;1.39278e-10;1.93324e-10;7.61912e-10;1.21918e-08;2.22722e-12;5.97406e-12
5.86265e-05;0.663087;0.00021765;6.47551e-05;9.26541e-05;1.86924e-06;8.10029e-05;0.0462;0.00418689;2.20216e-06;0.00323739;0.00673407;0.276034;2.12116e-06
4.62923e-06;0.261841;0.000398575;1.29058e-05;0.0069996;8.35616e-05;4.61981e-07;0.0023033;3.7558e-06;2.32953e-06;4.47814e-05;0.707934;0.00479635;0.0155744
3.64462e-05;0.0228183;1.85938e-06;0.00100275;0.15841;0.000664606;1.80801e-05;0.728531;0.000315266;8.26146e-05;0.000947556;0.0110214;0.0748899;0.00126094
0.000735361;0.0797532;0.899409;0.00063684;0.000125179;0.000313461;4.67123e-06;3.2766e-05;2.56976e-06;8.0153e-05;8.23562e-06;0.00324861;0.0127742;0.00287617
0.00016489;0.981829;8.14964e-08;1.27036e-07;6.67009e-08;1.93757e-06;0.0131542;0.00146488;7.44575e-06;0.000146042;9.83113e-06;1.52675e-09;0.0023738;0.000847888
4.79851e-12;1.34876e-10;1;8.73352e-12;6.06422e-12;3.49788e-10;3.49502e-10;5.72786e-13;1.57417e-13;4.80504e-10;4.02462e-12;7.5736e-12;4.0292e-12;3.15061e-11
3.90535e-10;4.45436e-09;1;9.32796e-10;1.50044e-11;1.86795e-10;2.45054e-07;1.34738e-09;1.54811e-08;1.51552e-09;6.17199e-09;2.71762e-09;2.34122e-08;1.18074e-11
1.35481e-12;5.90133e-10;0.999999;8.52366e-11;2.50357e-10;9.79257e-11;2.56135e-12;2.44943e-09;2.93705e-12;8.66278e-12;4.82161e-12;7.33357e-07;4.95525e-11;1.20154e-08
8.32737e-09;0.00180416;7.96161e-10;3.77494e-08;0.0004126;0.00123533;6.1759e-07;7.39647e-06;8.60391e-10;1.55475e-06;1.04702e-09;3.9039e-11;5.75954e-06;0.996533
2.09624e-12;2.41098e-11;1;3.16935e-12;8.38321e-10;3.96717e-11;3.25306e-14;4.12003e-11;2.96483e-15;7.08396e-14;2.28197e-14;2.05749e-07;9.40574e-12;5.14978e-12
7.19711e-08;0.99285;5.80519e-09;2.49897e-08;1.06454e-07;1.06523e-06;3.486e-07;3.36248e-05;7.60485e-09;2.08892e-07;7.88396e-09;8.57519e-07;9.85049e-06;0.00710383
2.41967e-05;0.786304;2.46931e-05;1.18024e-05;1.93951e-05;2.47189e-05;0.000247565;0.0627603;0.000158557;6.47528e-07;7.0088e-05;1.8446e-05;0.150332;4.3305e-06
4.11117e-08;0.000660009;2.38799e-11;8.30817e-11;5.76397e-09;2.13414e-09;1.10161e-11;0.999222;2.44649e-10;1.59677e-10;8.33652e-13;2.85156e-08;0.000118151;1.6882e-09
2.5862e-06;0.0105587;0.000206777;0.000274767;0.013554;0.0110573;1.00341e-07;0.0023448;1.14132e-07;2.00242e-05;3.90081e-07;0.262157;0.0274268;0.672397
1.21311e-06;0.981759;2.10064e-07;1.38055e-05;1.52107e-05;5.99369e-06;3.48214e-07;0.0114637;1.07944e-06;1.44628e-07;2.82162e-05;0.00042778;0.00576322;0.000520317
6.40864e-06;0.703858;0.00025932;1.24317e-05;0.000480595;0.000390445;4.60813e-06;0.116447;3.59091e-07;3.41223e-05;5.55189e-06;0.0626021;0.113828;0.00207047
8.33188e-05;0.0028258;1.46874e-06;0.0212882;0.136459;0.310504;4.04568e-05;0.00612105;0.0116076;0.00064851;0.00667284;0.0154197;0.0328415;0.455487
0.00851237;0.00120243;5.20914e-05;2.10496e-06;1.69807e-06;2.25432e-07;3.01746e-06;0.98185;0.00584352;1.47042e-07;0.000174219;3.75298e-05;0.00232015;3.41844e-08
3.05506e-07;0.881838;5.19334e-07;3.57743e-07;4.92324e-08;1.50997e-07;2.92042e-05;1.81669e-08;9.78818e-09;0.000512821;1.91572e-09;1.32526e-08;4.0754e-10;0.117619
1.52538e-08;8.19392e-09;0.999999;6.09247e-09;4.55099e-09;1.10753e-10;3.69993e-08;4.22212e-10;9.59087e-09;5.29683e-09;4.66024e-09;1.3933e-06;9.95399e-12;8.28617e-10
1.28179e-05;0.424562;1.67201e-06;1.03909e-06;3.76033e-05;0.000206845;6.57698e-07;0.513598;2.02959e-06;1.73069e-06;2.07114e-06;5.41443e-05;0.0615026;1.72079e-05
8.46399e-07;0.468168;8.05503e-07;0.000421034;4.73716e-05;0.00100197;0.0150176;0.00126444;2.12186e-06;0.0446564;1.35406e-05;1.54578e-05;0.000143953;0.469247
1.05278e-08;1.16517e-08;0.999992;8.08023e-07;4.61045e-11;5.50443e-10;3.39438e-06;7.47396e-10;1.34301e-07;3.20601e-08;3.32987e-06;1.50731e-08;1.51296e-09;2.47602e-11
2.99005e-06;0.998984;9.19477e-08;1.39485e-06;9.11655e-08;7.92066e-10;1.55673e-06;2.95856e-05;6.08576e-07;2.46941e-08;2.70981e-06;4.34684e-05;0.000933389;9.40498e-09
1.70152e-07;0.999838;4.09573e-11;3.69082e-09;8.95828e-09;2.05338e-09;3.42641e-05;7.8852e-05;1.2212e-09;4.68767e-06;2.10538e-09;1.20512e-10;4.03938e-05;3.20911e-06
2.9012e-11;1.28331e-12;0.999999;9.09643e-11;2.33129e-09;4.20551e-10;8.41996e-11;1.67705e-12;1.65349e-12;1.93884e-10;7.10916e-12;6.17577e-07;1.33866e-13;2.0433e-10
5.6898e-07;0.994119;3.39507e-08;3.50633e-06;3.81499e-06;1.19385e-06;3.35106e-05;0.000821838;0.000133154;7.21423e-08;6.67667e-05;3.86538e-06;0.00478879;2.38923e-05
2.38588e-05;0.0736708;0.0022813;3.15017e-05;9.16943e-05;0.000202414;8.07894e-06;0.0900119;3.41374e-05;4.39148e-05;1.64801e-05;0.820267;0.00962579;0.00369087
8.72947e-07;0.0102493;3.45889e-06;0.000466691;0.00201187;0.00520715;3.17438e-06;0.00427728;0.00011625;6.79222e-06;3.88333e-05;0.00024763;0.97714;0.000230275
0.000221777;0.0227852;7.21327e-06;0.000138341;0.00015161;0.00010694;4.12036e-05;0.951651;0.0118519;6.23033e-06;0.000806321;0.00290696;0.0092548;7.03758e-05
3.85561e-05;0.255133;5.81858e-08;5.48397e-06;5.41257e-06;8.47078e-06;7.33136e-08;0.000941396;4.56246e-05;9.95046e-08;4.17203e-06;0.00972597;0.734091;7.24345e-07
6.71662e-06;0.00120539;3.54337e-06;3.42618e-07;5.93212e-05;3.01386e-06;1.69893e-09;6.40737e-05;1.12322e-07;5.38741e-08;8.43325e-08;0.998365;0.000143345;0.000148882
0.00106656;0.90202;2.86563e-07;0.000187278;0.0013151;2.10876e-06;1.83423e-05;0.0200706;0.00148052;6.61112e-06;0.000124053;0.000712429;0.0721645;0.000832153
0.0320719;0.552966;0.0657504;0.145594;0.0485401;2.1167e-05;7.2302e-07;0.0497596;0.00350492;6.12701e-05;0.00174546;0.0920959;0.00167046;0.00621761
0.000651501;3.6454e-05;4.45832e-06;2.79334e-06;0.000562677;3.88845e-07;6.73737e-08;0.998642;3.26389e-05;2.46824e-07;4.79437e-06;3.97009e-05;2.08421e-05;1.34637e-06
2.1018e-05;0.00838213;1.38351e-06;5.56216e-06;0.0383047;1.20717e-05;4.16179e-09;0.948871;8.54521e-06;7.62736e-07;1.70762e-06;0.000644303;0.00372728;2.00201e-05
2.73199e-07;8.39343e-06;0.999865;2.96772e-07;1.8424e-06;3.11934e-07;2.39292e-09;2.07888e-08;8.88187e-09;1.28009e-06;1.40604e-08;0.000121043;1.02787e-06;1.74603e-07
2.66645e-05;0.456695;0.000714133;0.000102239;0.000115729;6.25853e-05;2.98315e-05;0.522809;0.0105489;7.51076e-06;0.00315863;0.00420822;0.00112755;0.00039432
