7.41503e-09;7.55441e-08;1.76708e-13;1.11852e-12;7.1656e-10;2.51206e-11;8.48606e-12;1;6.90621e-09;1.3731e-12;4.41876e-11;1.15107e-11;2.47279e-08;1.48355e-11
4.66196e-08;2.43137e-05;6.60029e-07;3.24015e-06;0.00289222;0.000322849;5.12622e-11;3.62878e-06;5.18804e-08;2.50261e-08;8.53468e-08;0.00512245;1.66e-05;0.991614
4.20059e-07;0.999061;1.92941e-05;2.4531e-07;3.17985e-07;2.26326e-08;2.95138e-07;0.000773678;1.13607e-06;7.11678e-08;4.34412e-06;2.19735e-06;0.000136243;3.38214e-07
6.08653e-09;1.20775e-05;2.47809e-08;9.1279e-07;0.059991;0.0149171;9.58523e-09;6.86757e-05;1.28458e-07;1.6588e-06;2.04458e-07;0.000503971;1.38917e-06;0.924503
5.27331e-06;0.996513;1.92356e-07;9.13669e-07;2.49236e-07;7.07178e-07;1.72158e-06;0.00104256;1.01275e-07;3.05493e-07;1.38277e-06;0.000272648;0.00215305;7.56331e-06
1.21618e-05;0.166334;1.60958e-06;6.07828e-05;2.3318e-05;2.56858e-06;9.13838e-08;0.00513758;9.67982e-07;4.97381e-07;1.13055e-05;0.000663225;0.827747;5.49982e-06
5.53237e-06;0.999298;2.04707e-05;2.67966e-05;4.00379e-07;1.08142e-07;1.04654e-06;0.000125833;2.19484e-07;8.10128e-07;2.49605e-06;0.000381568;0.000130334;6.37297e-06
3.49608e-07;0.995274;2.06407e-10;5.58283e-08;2.31207e-10;8.15031e-09;1.91819e-06;8.34299e-07;1.75396e-08;1.58264e-08;2.58317e-06;0.000182492;0.00453772;4.92218e-09
1.94243e-07;0.000855836;4.86851e-06;7.49559e-06;3.57139e-07;3.41943e-07;4.71412e-07;0.00157638;4.49907e-07;2.88047e-08;0.000436597;0.997108;8.74656e-06;1.38622e-08
2.80879e-07;0.98358;1.19511e-08;0.000105251;0.000591035;0.000566278;2.14988e-08;0.00234212;1.51164e-07;1.94963e-07;8.9911e-05;6.75736e-06;0.00688502;0.00583264
5.9007e-06;0.0125404;1.76221e-06;5.96173e-06;1.39712e-07;1.33474e-06;4.74556e-07;0.00070084;2.71371e-06;4.1781e-07;0.000646108;0.00397004;0.982124;1.2998e-07
2.4676e-05;0.0149542;3.72486e-06;0.000577831;0.00646541;0.000680355;1.40728e-05;0.961848;0.000524076;0.00018692;0.0122044;0.000656305;0.0016566;0.000203858
9.041e-05;0.910514;3.00708e-07;3.68832e-06;1.89987e-05;5.98706e-07;1.99811e-06;0.0866755;7.60524e-07;5.30156e-05;7.66168e-06;0.000108271;0.00252366;1.30987e-06
2.77595e-06;0.000920273;1.56174e-06;5.0085e-06;1.30439e-05;3.24277e-06;5.18586e-08;8.26386e-06;1.02452e-06;2.30946e-07;4.2133e-05;0.998908;2.17787e-05;7.26822e-05
0.000163787;0.645601;4.53594e-06;2.83767e-06;7.07168e-06;8.08494e-07;1.9743e-05;0.351445;0.000100152;5.95153e-07;0.00026139;4.29401e-06;0.0023755;1.32393e-05
2.30787e-05;0.0227159;6.46257e-09;0.000258352;0.0108985;0.0224474;1.47832e-07;0.000181616;2.82657e-05;4.03091e-05;1.40197e-05;0.00291597;0.000754087;0.939722
0.019553;0.97497;8.84387e-05;1.20866e-06;3.83341e-07;2.72382e-07;0.000366031;0.00215304;0.00212256;2.83423e-05;0.000193581;0.000373936;0.000147937;1.67745e-06
0.000606278;0.120444;0.000145472;0.000516182;0.00222189;6.11334e-05;1.8111e-05;0.0164737;0.00549903;1.4051e-05;0.00044741;0.831419;0.0178788;0.00425428
0.0001481;0.977209;3.03658e-07;4.17933e-05;3.55514e-05;9.71787e-06;0.000184094;0.00736284;0.00501699;2.26895e-05;0.000466659;0.0039391;0.00531081;0.000252632
1.80812e-05;0.00118164;1.17132e-09;1.81516e-06;0.0867116;8.98748e-06;1.49447e-05;0.90962;0.000523067;1.66119e-05;1.33647e-05;4.62196e-05;0.00183436;9.42726e-06
7.05011e-05;0.000377282;0.996853;7.95015e-05;0.000102454;5.99904e-06;1.16768e-06;1.05031e-06;1.25854e-06;2.36737e-05;1.33626e-06;0.002359;0.000117653;6.5473e-06
0.00131727;0.0126992;4.68071e-07;4.25004e-07;1.83381e-05;6.02607e-07;7.45021e-05;0.983685;0.00168748;3.27764e-06;0.000126115;5.99498e-05;0.000326641;6.33327e-07
0.000219246;0.00680071;4.93393e-06;3.0351e-05;0.00027842;0.000130607;4.89772e-06;0.916405;0.000710284;3.0862e-06;0.000221781;0.00202901;0.0731568;4.95638e-06
3.58e-05;0.99439;0.00122516;4.4978e-06;4.46937e-07;1.60286e-07;2.19214e-06;0.00311343;5.75781e-07;4.19807e-06;2.46094e-07;9.08879e-06;0.00116819;4.63981e-05
1.25792e-05;0.434761;3.59772e-07;0.000122232;1.40682e-05;3.68487e-06;8.61929e-07;0.0141007;1.16167e-05;1.62809e-06;0.000223999;0.00133355;0.549369;4.45166e-05
4.29536e-06;0.999446;9.23059e-06;4.97236e-05;2.21812e-07;4.48364e-08;1.04207e-05;4.99887e-05;1.77446e-07;2.2628e-06;6.80107e-06;0.000381944;3.30938e-05;5.33149e-06
6.23426e-07;0.997812;6.24941e-10;2.48158e-08;4.04593e-10;4.8458e-09;2.75748e-06;1.73607e-06;1.35164e-08;2.46041e-08;1.34564e-06;0.000242779;0.00193846;2.70644e-09
3.74051e-07;0.000607389;1.49533e-05;5.61674e-06;1.56131e-06;3.7353e-07;6.22009e-07;0.00215699;1.32406e-06;6.99363e-08;0.000203591;0.997002;4.90531e-06;3.06624e-08
2.05012e-07;0.989674;2.04719e-09;0.000398411;0.0023097;0.00020694;1.52388e-08;0.00134429;1.38092e-06;1.54986e-07;0.000199421;4.59882e-05;0.000761584;0.00505788
9.6185e-06;0.016694;1.01058e-06;3.75278e-06;3.22738e-07;1.76887e-06;1.71601e-07;0.00360712;8.56869e-07;1.8059e-07;0.000254686;0.0281512;0.951275;2.53161e-08
7.44008e-07;0.066702;2.44067e-08;6.92294e-06;0.000802581;0.00225482;4.759e-07;0.916879;1.23055e-06;4.85291e-05;1.29948e-05;1.24422e-08;0.0132838;7.08325e-06
9.86862e-09;7.93666e-10;1;1.4107e-08;7.23459e-11;2.72028e-11;4.20482e-10;2.76167e-09;1.79864e-09;2.8091e-09;3.09744e-08;2.86651e-07;3.36496e-11;6.32269e-12
2.75024e-07;3.29862e-06;1.94919e-05;1.73015e-06;1.86585e-06;6.37519e-08;1.30311e-09;1.53824e-05;1.5885e-05;4.41468e-09;6.6488e-06;0.999924;3.69597e-08;1.11836e-05
5.96182e-05;0.00185374;1.58139e-07;1.00455e-06;4.58852e-06;0.000108489;3.79741e-07;0.000696941;4.28432e-05;6.79218e-07;2.5442e-05;4.42541e-07;0.997179;2.67129e-05
6.16893e-05;0.000210691;3.85873e-05;3.22312e-07;0.000288666;5.92177e-08;1.03587e-09;0.00166709;9.35322e-08;8.1739e-09;7.44761e-07;0.997297;0.000127876;0.000306715
5.06286e-06;0.965122;3.93101e-07;3.0656e-08;0.000191599;2.87565e-09;5.79985e-10;0.0336841;4.18808e-09;1.20198e-09;7.04078e-10;6.56965e-06;7.75857e-05;0.000912834
1.79434e-06;0.000364734;2.20391e-09;3.72328e-08;0.000129985;2.87785e-08;9.84049e-10;0.999459;1.92151e-07;6.50706e-08;8.25359e-10;2.07742e-05;2.26298e-05;4.2428e-07
4.5145e-07;4.23744e-05;0.998959;3.79285e-05;0.000478355;0.000101781;3.13115e-08;1.23025e-06;3.81721e-09;5.6239e-05;5.54939e-08;0.000313906;5.12796e-06;3.2702e-06
0.000383004;0.694754;0.000946299;0.00253384;0.00074875;0.000347226;0.000660301;0.201919;0.0167759;4.35436e-05;0.021482;0.00455041;0.0518582;0.00299727
