1.12763e-11;3.10847e-12;1;3.55317e-12;6.52764e-13;2.17642e-13;7.66916e-12;5.58751e-13;5.49468e-12;1.96317e-13;5.76756e-12;1.10002e-08;2.23635e-11;3.72778e-15
3.96477e-05;0.0029116;0.00398438;0.000227611;0.00145667;0.000241857;6.52401e-05;0.869403;0.00154985;1.29523e-05;0.0035771;0.0235942;0.0919657;0.000970629
1.70554e-05;0.702847;3.01537e-05;0.000512021;0.00273009;0.00417012;2.19676e-06;0.00786706;5.41066e-05;3.07189e-05;0.000471887;0.00773747;0.0685391;0.204991
3.44198e-06;0.293634;2.34461e-11;1.49622e-06;2.37677e-05;2.11059e-07;2.42614e-07;0.701832;1.72342e-07;1.14339e-06;9.8743e-06;0.00433657;0.000117901;3.93277e-05
1.77702e-05;0.022148;0.9627;0.000128983;0.00948814;6.45911e-05;1.29972e-07;6.75653e-05;6.89326e-10;3.53311e-05;6.31292e-07;0.00107513;0.00394723;0.000327069
0.000536223;0.459383;7.80424e-06;1.11006e-05;4.88315e-05;3.58426e-05;0.00205666;0.0136904;0.00143985;2.27606e-05;0.00497122;0.0352346;0.482256;0.000305408
2.56999e-05;0.564336;4.70533e-07;0.00105861;0.00253323;0.000203551;0.00026355;0.00374041;9.39238e-05;8.51905e-05;0.00545065;0.00498201;0.416762;0.000464751
6.32917e-05;0.0848917;1.08302e-10;0.000143492;0.0187277;4.75463e-06;7.36762e-06;0.894688;2.96233e-05;5.50008e-05;8.80834e-06;5.01038e-05;0.000971948;0.000357765
2.51387e-06;9.36602e-06;0.998861;5.07789e-05;7.05772e-06;4.89428e-07;1.19415e-08;1.92021e-09;2.37385e-08;5.80196e-08;7.80524e-07;0.000165404;0.000901428;1.10265e-06
2.29544e-05;0.0099238;4.42332e-08;3.08516e-08;5.48848e-05;6.26246e-09;8.27089e-08;0.989887;1.59297e-05;8.67823e-09;1.07578e-05;1.22463e-06;4.79574e-05;3.50355e-05
1.35229e-05;0.0281108;0.550822;1.73615e-05;0.00306833;5.30759e-05;3.58303e-06;5.77373e-06;2.68989e-06;1.12994e-05;2.4446e-05;0.41213;0.000438079;0.00529948
0.000973896;0.0103046;6.08983e-06;4.77432e-07;0.000183925;6.88291e-07;0.00014172;0.890954;0.0934689;3.19234e-07;0.00115095;0.000457167;0.0023538;3.6093e-06
1.61225e-05;0.952805;1.40913e-08;9.9979e-08;1.31821e-06;1.26022e-08;2.03691e-07;0.0123921;1.48581e-05;2.43677e-08;1.52164e-06;0.000822721;0.0339461;7.45931e-08
5.09147e-05;0.652154;3.61757e-09;1.44047e-06;2.70978e-05;2.44199e-06;2.39983e-07;0.00077965;2.11425e-06;3.53809e-07;1.49722e-06;0.00102015;0.345907;5.33012e-05
9.90603e-05;0.0646555;0.00130822;1.41679e-06;5.32461e-05;1.61656e-06;1.96766e-08;0.0197203;6.08185e-06;1.34678e-07;1.67527e-06;0.906667;0.0073689;0.000117354
2.72197e-05;0.0680448;1.96038e-05;0.00472416;0.0108829;0.00695662;3.25436e-05;0.00195449;0.000499688;4.44917e-05;0.0174344;0.00149622;0.885314;0.00256872
0.00344574;0.00866402;0.00839845;0.000666161;0.000344641;0.000338787;0.000414503;0.00323766;0.00413211;2.5581e-05;0.0142403;0.787987;0.167874;0.00023149
7.16594e-05;0.806501;1.14849e-07;8.17824e-06;0.000295083;1.2026e-06;2.72136e-05;0.187194;0.00519577;2.93145e-06;0.000137099;8.99127e-05;0.000459848;1.54717e-05
9.01285e-05;0.0945417;0.0131736;5.649e-05;0.21126;0.00035435;1.71978e-08;0.000632867;8.68762e-08;8.62365e-06;2.27141e-06;0.659429;0.0167277;0.00372318
3.08462e-06;0.999747;7.54145e-11;8.11389e-11;2.2419e-10;2.09055e-11;0.000241458;5.55743e-07;1.09024e-07;1.41163e-07;1.2283e-08;5.47511e-11;4.74701e-09;7.9542e-06
7.47557e-11;6.74057e-11;0.999999;3.23926e-12;2.98545e-11;3.48229e-12;8.32065e-10;4.68347e-12;2.28144e-11;7.47496e-12;1.14332e-12;8.79485e-07;3.17763e-11;4.98511e-12
4.96782e-05;0.681932;8.29349e-06;0.000221897;0.000215638;0.00011548;0.0232406;0.0394216;0.078888;2.57761e-05;0.0038796;0.000109524;0.171721;0.00017085
1.025e-05;0.0688959;7.44307e-07;3.30028e-07;3.0312e-06;2.74242e-07;1.21027e-07;0.930009;9.04296e-08;1.25878e-06;5.81397e-08;7.77372e-06;0.00106636;4.52518e-06
1.59101e-07;0.000759245;3.14836e-06;8.78869e-06;1.49135e-05;9.24976e-06;2.91318e-08;1.21105e-06;1.91794e-07;3.03039e-07;4.33677e-06;0.998629;7.51323e-05;0.000494313
7.29965e-06;0.443269;8.72697e-08;8.52271e-08;8.58741e-07;6.18461e-09;9.81582e-06;0.555366;1.12399e-05;1.87891e-07;1.24582e-05;5.27067e-06;0.00131777;7.40465e-09
5.41849e-06;0.00144438;0.331692;1.92643e-05;0.00437281;0.000185427;1.75149e-08;9.38921e-06;6.12318e-08;2.3637e-06;1.04932e-07;0.662039;0.000135148;9.49601e-05
0.00266165;0.0237284;0.000122313;3.875e-06;4.35961e-06;4.26704e-06;3.8612e-05;0.952056;0.0147798;8.43781e-07;8.22361e-05;0.000196926;0.00631986;1.15336e-06
0.000106525;0.0327032;1.60028e-07;8.61948e-07;6.35769e-07;8.85022e-05;6.88095e-07;0.000225846;0.000622861;1.01963e-07;2.43517e-06;3.87325e-07;0.966245;2.90634e-06
0.00032652;0.0714035;0.358669;0.000153412;0.000538335;1.16772e-05;1.26772e-06;0.00392005;4.22278e-06;8.77881e-05;7.9018e-08;0.560105;6.04953e-05;0.00471892
0.000920966;0.0161937;1.74491e-06;0.000241413;6.62169e-06;9.72403e-05;0.00151379;0.00179648;0.529724;1.85465e-05;0.0184145;8.16715e-05;0.430989;7.6923e-08
4.05862e-05;0.99683;0.00294398;5.48104e-05;2.63468e-06;8.60308e-08;1.59505e-05;6.98424e-06;6.7079e-07;5.50844e-05;1.22295e-06;1.46194e-06;6.82605e-06;4.01167e-05
3.17833e-09;5.01899e-09;1;9.85418e-10;1.97041e-10;2.21915e-12;6.33912e-10;9.0232e-10;2.28701e-09;5.90655e-11;1.32876e-09;7.9736e-08;4.65267e-11;2.4122e-12
0.000131344;0.00854857;0.000436335;0.000817554;0.000540193;0.00132366;1.26724e-05;0.53372;0.0565082;1.53333e-05;0.015396;0.37533;0.00676263;0.000457691
0.000354964;0.0289559;5.90025e-05;5.89617e-05;0.000356096;0.00221835;1.91038e-05;0.0895681;0.000529834;1.399e-05;0.00408544;0.00485829;0.868539;0.00038311
0.00142774;0.52763;4.30657e-05;0.000263027;0.000372321;0.00103214;0.000159603;0.021499;0.00618482;0.000122944;0.00417682;0.212314;0.164354;0.0604209
1.52558e-05;4.21012e-05;2.19867e-07;2.09661e-07;2.36199e-05;2.99954e-07;2.79565e-08;0.999874;2.15914e-05;1.15794e-07;2.51048e-07;1.80602e-05;5.22915e-07;3.66243e-06
6.74779e-06;0.852139;3.25604e-07;0.000404752;0.0684981;6.15463e-05;1.52472e-07;0.00175696;1.17712e-05;4.05442e-05;1.03035e-06;0.000455267;2.19651e-06;0.0766221
0.00151984;0.0812507;0.00604849;0.00139621;0.00112535;0.00134865;2.13458e-06;0.000493083;6.95832e-05;0.000174395;0.00060012;0.893614;0.000232367;0.0121254
0.000237507;0.434287;2.724e-09;8.55102e-06;0.000156145;2.74916e-06;1.49212e-06;0.563871;3.69629e-05;4.40553e-08;0.000347707;2.47218e-05;0.000985432;4.12741e-05
0.00027333;0.898191;0.000456487;4.53308e-05;0.000149104;0.000440186;9.3846e-07;0.00692388;1.29854e-06;3.14643e-06;4.90848e-06;0.00222708;0.0911408;0.00014285
4.87831e-05;0.929175;3.64157e-07;7.83771e-05;0.000199327;3.37101e-06;0.0128666;0.00431039;7.28873e-05;0.00133178;7.81689e-05;7.35844e-06;2.80205e-06;0.0518246
2.42494e-10;1.88333e-10;1;5.83837e-10;1.65141e-10;7.40573e-13;4.41285e-09;1.71634e-11;8.80863e-11;5.3447e-11;2.9164e-09;1.18342e-09;2.36388e-11;1.48118e-13
1.55029e-05;0.803336;1.60759e-05;4.63505e-06;1.96626e-06;6.83938e-06;0.000100132;0.0189542;7.42321e-05;9.17424e-06;0.000619019;0.00408211;0.172778;1.69084e-06
6.0199e-05;0.880285;3.73764e-07;0.00903489;0.000903891;0.000283426;0.00109557;0.00124336;0.00274754;0.0014319;0.0382295;0.0295589;0.0168714;0.0182543
0.00521769;0.0340204;2.79993e-05;0.000108804;0.000216506;3.11948e-06;0.000593249;0.747564;0.000178041;9.43028e-05;0.000859635;0.210618;0.000470712;2.7983e-05
2.87269e-06;0.990081;1.74801e-06;2.00847e-06;2.01774e-05;5.03102e-05;3.81786e-05;0.00541732;2.01042e-06;4.83929e-06;1.74323e-06;5.18121e-06;0.00332501;0.00104723
5.08437e-11;6.13873e-11;1;8.96798e-11;8.89144e-12;2.51511e-12;6.87241e-10;1.39607e-12;2.19572e-11;3.55997e-11;1.50535e-10;1.15528e-08;1.06939e-11;4.84764e-13
5.55537e-07;4.83069e-05;0.99301;8.24653e-07;2.19365e-05;6.40943e-06;3.09561e-07;0.00016618;6.16705e-07;3.68654e-08;1.36217e-07;0.00668811;4.03436e-05;1.6303e-05
1.99545e-06;0.00290678;6.76161e-06;2.22547e-06;0.0221869;0.591574;6.83189e-08;0.000755622;7.89875e-06;2.26902e-06;4.82079e-07;8.72413e-06;0.000781137;0.381765
7.59391e-05;0.0654674;1.8666e-05;3.95758e-05;0.0259426;0.00272784;1.13897e-06;0.10709;4.66681e-06;6.38699e-06;2.40159e-05;0.558782;0.239052;0.000767582
0.00015859;0.00790859;7.06648e-06;1.71206e-05;0.000221777;3.4423e-06;5.53691e-06;0.977589;0.0138385;6.18342e-07;0.000167068;2.06182e-06;7.2063e-05;8.40932e-06
2.75196e-06;0.999924;1.60714e-08;7.44015e-08;1.42505e-07;1.95897e-09;1.25323e-08;5.03257e-05;4.42096e-09;6.39123e-08;3.66675e-09;5.83744e-07;1.7081e-06;1.99551e-05
1.25479e-08;0.999997;1.08651e-11;8.62712e-11;1.34394e-09;1.5626e-11;6.05067e-08;1.94049e-07;2.91865e-11;3.28048e-08;4.62739e-12;2.82731e-09;2.65047e-06;2.6526e-07
2.85951e-13;7.12504e-15;1;3.33602e-13;1.00593e-12;6.71473e-14;1.38498e-12;1.50331e-14;3.77543e-14;6.89952e-13;6.39201e-14;3.94816e-09;1.3486e-15;2.60527e-14
6.8493e-06;0.91031;6.13451e-06;7.40916e-05;0.000599677;0.000216823;0.000644374;0.0404146;0.000434969;2.68699e-06;0.00147513;0.000159563;0.0434268;0.00222881
0.00020736;0.981913;4.24312e-05;0.000980575;0.000400203;0.000151546;1.89475e-05;0.00326422;0.000481198;2.91471e-05;0.00253042;0.00709795;0.00156084;0.00132166
0.000124056;0.0798768;1.54158e-07;1.55673e-05;0.00807474;0.00128319;1.48479e-07;0.0466802;0.000157037;8.79595e-07;4.36091e-05;0.000113932;0.863518;0.000111801
0.00279695;0.466748;0.000363184;0.000215738;0.00251229;0.00155344;5.12647e-07;0.0855773;0.00107541;2.0297e-05;0.000135159;0.0580639;0.379539;0.00139798
1.89063e-06;0.999043;5.01506e-09;5.54904e-08;1.32617e-06;1.56136e-09;2.52371e-06;7.2368e-07;5.68699e-10;1.39415e-06;6.4365e-09;2.23178e-07;8.17131e-08;0.000948414
2.19968e-09;1.1735e-09;1;1.41075e-11;1.97545e-11;6.57759e-12;5.07506e-10;1.08188e-10;2.19844e-10;3.38265e-12;6.36303e-11;1.03108e-08;1.23751e-09;1.39829e-12
1.21274e-06;0.981006;7.94624e-08;4.51466e-07;5.44213e-06;1.25164e-07;0.000231611;0.0183602;4.31774e-06;5.41118e-06;1.71306e-06;5.03478e-07;2.37758e-05;0.000358887
6.79569e-12;3.95812e-11;1;2.61217e-12;2.1583e-12;1.38706e-12;3.97808e-11;2.3251e-11;1.41852e-12;3.12592e-12;4.12076e-12;8.7178e-08;9.41794e-12;2.616e-14
0.000114508;0.194334;0.00590211;0.0231123;0.0253524;0.0199909;0.00527429;0.144995;0.0385924;0.000247128;0.141338;0.212003;0.181086;0.00765938
3.32612e-05;0.181777;4.17672e-06;1.37855e-06;3.03971e-05;6.34531e-06;1.01226e-07;0.816396;2.3482e-07;1.33201e-06;6.84523e-07;3.58206e-05;0.00140847;0.000304666
1.4056e-07;0.00231365;3.07091e-06;1.8002e-06;0.000636885;1.35628e-05;5.51413e-10;7.55702e-05;8.98389e-09;9.65411e-08;8.76662e-08;0.995819;0.00010481;0.00103118
2.0565e-06;0.985647;1.42018e-05;6.4566e-06;3.41573e-05;3.30942e-06;9.74564e-07;0.012797;5.32624e-06;1.63336e-06;7.022e-06;1.60094e-05;0.00146283;2.06137e-06
3.70156e-07;2.97849e-05;4.92414e-07;9.61847e-07;0.953006;0.0225848;8.81702e-08;0.000327973;5.12545e-07;2.2742e-05;2.66907e-08;2.20103e-05;2.29682e-05;0.0239808
0.000114676;0.997997;1.04072e-08;2.5897e-06;2.6163e-06;4.44788e-07;2.89781e-06;0.00122375;0.000207946;3.85917e-07;5.3778e-06;1.74606e-06;0.000440401;5.2791e-08
0.000185719;0.000439625;1.70647e-08;2.92354e-07;2.19344e-07;3.11761e-09;2.96628e-07;0.998912;0.000438459;1.28396e-07;8.86468e-07;2.31858e-07;2.17006e-05;4.77709e-09
1.7513e-06;0.917372;3.97583e-09;2.43181e-05;3.22154e-06;1.8573e-07;2.5257e-06;2.42201e-07;2.01383e-07;0.000383414;1.07236e-07;0.000143208;5.85722e-09;0.0820686
6.69712e-06;9.22429e-08;0.999799;9.15753e-07;7.64551e-09;6.05738e-09;7.91295e-06;1.30593e-06;9.43159e-06;7.98773e-08;0.000171971;2.20549e-06;1.49812e-07;6.88701e-09
1.92144e-07;0.000226167;9.83517e-09;4.71447e-09;1.74488e-05;4.79847e-08;1.43709e-09;0.999736;4.92441e-09;6.01208e-09;1.07523e-09;2.53422e-07;1.79849e-05;2.05671e-06
2.49673e-06;0.00275367;4.73253e-07;5.13451e-06;7.4249e-05;4.87161e-07;3.64258e-08;0.000299918;2.63898e-05;1.04122e-06;3.80974e-06;0.996621;0.000209013;2.67675e-06
7.45042e-05;0.996094;3.18944e-07;1.95257e-06;5.25748e-06;8.23142e-06;3.12739e-05;0.000309862;0.000955791;2.08844e-05;8.69509e-05;1.0222e-05;0.00240098;1.82197e-07
2.51063e-05;0.000252863;0.00029285;6.1043e-06;1.38994e-05;3.7687e-06;8.27604e-07;5.46963e-05;4.50416e-06;5.66372e-06;1.45885e-06;0.999299;3.61488e-05;2.89058e-06
0.000111361;0.739012;2.90893e-08;0.000278214;4.50132e-05;0.000201595;1.42867e-05;0.0669074;0.00247892;4.68961e-06;0.000931494;8.32681e-06;0.189657;0.000349881
1.98626e-06;0.998401;0.00046728;3.42562e-05;1.73372e-06;3.43187e-07;3.0798e-08;1.10023e-05;4.21407e-08;1.22476e-06;8.82433e-08;0.000170955;0.000689148;0.00022124
0.000894906;0.90377;0.000114636;0.00158783;0.000119306;3.04109e-05;8.51556e-05;0.00789313;0.00209903;0.000150318;0.00687632;0.00654705;0.0696212;0.000210541
5.57355e-06;0.978492;1.61484e-06;9.18868e-06;0.00117431;1.34915e-06;3.37592e-07;0.0177213;6.96788e-07;3.70687e-06;3.76979e-07;0.00217962;2.89449e-07;0.000409388
5.11483e-06;9.72072e-05;3.58149e-09;6.10634e-07;3.34455e-05;0.000183802;5.87204e-07;0.999154;0.000106156;1.92656e-06;2.70104e-06;1.22352e-06;0.000412551;8.32678e-07
0.000288543;0.00232962;1.9912e-07;2.1333e-05;0.00013995;3.20347e-06;2.51654e-06;0.994187;0.000479567;1.30173e-07;0.000118718;7.48853e-05;0.00234188;1.26356e-05
2.58634e-05;0.00211107;2.07084e-08;3.41764e-09;2.33894e-08;1.06642e-09;2.49454e-08;0.997828;1.84446e-06;6.12918e-09;7.92448e-09;1.81907e-08;3.34935e-05;6.36371e-08
1.58301e-08;7.92047e-06;1.9803e-07;3.25404e-06;0.000271004;0.000569528;2.48899e-09;5.5763e-05;4.34519e-08;2.5971e-07;3.07613e-08;0.00133745;3.15408e-06;0.997751
1.33774e-06;0.0140643;8.26619e-08;9.87733e-06;1.06064e-07;4.65337e-07;2.7222e-07;0.00304474;2.54586e-06;3.68245e-08;0.000232391;2.21836e-06;0.982641;2.25521e-07
5.46771e-06;0.0147759;1.66146e-08;3.56943e-06;1.82579e-07;1.09549e-06;3.66668e-09;0.000133418;4.89473e-06;4.82348e-08;1.30577e-05;0.98476;0.000218907;8.36549e-05
5.582e-08;0.999893;3.50954e-11;8.72571e-09;9.87876e-09;3.92786e-09;1.93752e-06;4.42931e-07;5.24748e-12;2.65845e-06;5.08422e-10;2.31456e-09;6.15539e-06;9.60129e-05
5.56471e-13;2.94456e-13;1;7.33257e-12;5.43617e-11;3.75738e-11;1.58661e-12;5.15569e-13;7.9348e-16;7.53894e-12;1.24894e-14;1.23824e-09;1.97237e-13;2.90393e-12
2.46696e-07;0.00643525;1.52623e-07;2.51928e-05;2.18886e-05;0.00638792;0.000179695;0.000232502;4.76934e-06;6.36045e-07;3.16395e-05;1.22043e-07;0.986668;1.25582e-05
1.57381e-07;3.69338e-05;0.999831;2.23026e-06;9.06419e-09;4.61391e-08;8.2726e-05;4.01354e-11;1.5714e-09;3.86694e-05;1.50768e-07;2.96304e-06;2.17697e-08;4.55905e-06
6.32069e-08;1.28343e-08;0.999978;1.34203e-06;1.10369e-08;5.41396e-09;6.65129e-06;2.00162e-09;5.10129e-07;9.58005e-08;1.0384e-05;3.00715e-06;4.93654e-09;2.43596e-09
9.72851e-06;0.959041;6.57722e-09;0.000426237;2.35114e-06;2.19708e-05;6.65267e-05;0.0175894;0.00153068;3.9065e-05;0.00327703;6.20835e-06;0.0179882;1.73795e-06
7.36547e-06;0.000228873;0.000183336;3.13323e-05;4.61913e-06;1.03216e-07;9.17865e-08;2.06936e-05;2.66545e-07;7.95109e-07;1.1501e-05;0.99942;7.25117e-05;1.8469e-05
3.49028e-06;0.0150689;1.01752e-09;1.72017e-07;4.39894e-09;2.31057e-08;0.984573;1.28091e-06;1.01249e-05;0.000314358;1.96115e-05;7.63703e-10;8.24016e-06;5.32178e-07
1.99976e-10;5.48335e-10;1;5.11782e-09;1.0807e-12;5.14908e-12;2.95099e-09;1.95204e-13;5.14211e-09;2.34779e-10;1.19147e-08;3.78664e-09;9.56707e-13;2.27186e-12
1.32196e-06;0.999469;2.14988e-11;4.52794e-07;3.2013e-08;4.62702e-09;8.00114e-05;0.000342137;1.02869e-05;1.24398e-05;9.60773e-07;3.55482e-09;1.38552e-05;7.00456e-05
6.9721e-11;7.50773e-12;1;4.94563e-11;3.7896e-12;7.02172e-15;4.81541e-11;2.11449e-13;3.18328e-11;1.3651e-11;6.0599e-11;1.10487e-08;1.6651e-14;8.82952e-14
8.5069e-05;0.000746139;7.28577e-06;2.4715e-05;0.00403843;6.13516e-07;1.00018e-07;0.82893;0.00114803;5.94179e-07;0.000150008;0.0847875;1.61644e-06;0.0800799
2.67105e-06;0.00198984;1.73302e-10;2.58262e-08;0.000209925;8.14539e-09;8.19148e-09;0.997761;2.32461e-06;7.68991e-08;5.73097e-07;1.53995e-08;3.22956e-05;8.14983e-07
1.00822e-05;0.000642007;0.984848;9.39776e-06;6.05742e-05;7.90188e-06;2.36932e-08;9.12474e-06;1.29046e-07;4.6517e-05;3.83918e-07;0.0143424;1.01179e-05;1.31424e-05
0.000168489;0.783888;0.000962976;0.000250896;8.10967e-05;1.16166e-05;2.28805e-05;0.187471;0.0194993;6.60336e-06;0.00232253;0.00293196;0.000879148;0.00150391
