2.31952e-06;0.999467;5.05076e-09;1.79608e-07;5.55928e-07;1.31276e-07;6.54765e-08;0.000132705;2.09171e-07;4.41559e-08;3.93406e-07;7.80806e-05;0.000310859;7.13377e-06
4.34004e-06;0.58659;8.57894e-10;1.81443e-06;0.00319548;6.57304e-08;1.09351e-06;0.409265;1.14496e-07;1.3541e-05;6.00476e-07;8.58308e-06;3.40742e-05;0.000885856
2.21559e-05;0.000648063;0.696094;0.0031753;0.00339003;0.000407451;1.56519e-06;2.05664e-06;3.21203e-06;0.000320146;0.000127338;0.295373;0.0001368;0.000298184
0.00297654;0.812787;8.25115e-07;5.38691e-05;3.00973e-05;4.45908e-07;0.00276193;0.00209192;0.0188311;3.58525e-05;0.0746379;0.000981706;0.000500374;0.0843101
0.000412434;0.000659328;3.04156e-07;1.13581e-07;1.77907e-05;5.39361e-08;5.0182e-06;0.998408;0.000378378;3.5329e-07;1.57748e-05;9.91827e-07;9.82721e-05;3.55745e-06
2.29542e-05;0.997144;2.51674e-06;4.99864e-07;6.57007e-06;4.58352e-08;0.00223392;1.48458e-05;5.12852e-05;0.000138992;3.84335e-07;0.000117006;3.87576e-07;0.000266095
2.49028e-10;1.00202e-09;1;8.70347e-11;9.49014e-12;1.11743e-12;5.2386e-10;5.72208e-12;3.92833e-10;7.50343e-12;8.36274e-10;1.94395e-10;3.35285e-11;9.25994e-13
8.08592e-05;0.875889;0.000673078;2.85508e-05;0.000283087;5.98407e-06;2.52523e-06;0.0308442;8.96506e-05;2.60131e-06;0.000869155;0.0297943;0.0600788;0.00135847
1.14727e-07;0.993175;3.66452e-08;4.70535e-08;1.45009e-06;6.89724e-08;2.15998e-09;0.00165547;3.24172e-09;1.64855e-07;1.83872e-09;5.92287e-06;1.57845e-06;0.00516033
6.15508e-07;0.0278608;0.000115249;1.34913e-07;2.05157e-09;9.99252e-08;5.68017e-08;2.12073e-06;5.51791e-08;3.70789e-08;5.89097e-06;0.971948;6.37775e-05;2.85832e-06
1.78165e-08;0.997696;2.66045e-09;4.60272e-07;4.88754e-08;2.37203e-08;9.2326e-06;0.00171892;3.69557e-09;1.62112e-05;2.51903e-07;1.30125e-06;8.03941e-07;0.000556989
1.73016e-11;2.39067e-10;1;5.92206e-10;2.55975e-11;3.13802e-10;3.03654e-10;2.43243e-10;4.24174e-12;1.24071e-10;9.41646e-10;7.93297e-08;1.06517e-08;3.12345e-13
2.45305e-08;0.000207428;6.22994e-11;1.81373e-07;9.40736e-09;3.57336e-08;2.72779e-08;8.11129e-05;1.34589e-07;7.51481e-09;6.07399e-06;2.28419e-06;0.999703;9.5246e-09
4.69303e-06;0.000265364;5.96017e-07;4.11506e-06;1.29923e-06;7.49807e-08;6.42582e-08;0.00222546;2.84427e-06;4.48249e-07;5.0427e-06;0.995991;0.00149682;1.94653e-06
3.96363e-07;0.0462842;1.64472e-09;4.20288e-05;0.00148745;5.02748e-06;5.87845e-08;0.951181;1.07757e-06;1.4534e-06;3.43295e-06;0.00037748;0.000613516;2.49059e-06
9.89727e-05;0.919167;0.00236634;0.0241459;0.000791283;0.00185631;4.73442e-05;4.54739e-05;1.42695e-05;0.0193325;0.0107697;0.0174758;0.00238134;0.00150741
4.40272e-05;0.0229757;0.000415802;0.000110856;2.77042e-06;8.44637e-08;3.00721e-06;7.04504e-06;4.7312e-06;1.51151e-06;0.000179942;0.976241;5.98144e-06;7.69027e-06
0.0174784;0.72263;7.09975e-05;0.000141412;0.000322331;2.28093e-05;0.00732089;0.124076;0.0740058;2.61736e-05;0.0464863;1.93068e-05;0.00737727;2.30565e-05
3.91914e-06;0.993714;1.37002e-08;1.04966e-07;4.38272e-07;3.10358e-07;6.0306e-05;5.6967e-06;8.13914e-07;3.55847e-05;5.94388e-08;1.04188e-07;1.83877e-07;0.00617818
5.65739e-10;8.34671e-12;0.999999;1.68217e-11;1.68718e-10;2.39841e-12;4.46752e-11;6.60582e-12;6.4801e-10;4.90782e-12;4.17636e-11;6.20357e-07;6.35437e-11;4.02687e-13
3.2642e-05;0.676351;1.30358e-06;7.61379e-05;0.010289;3.62594e-05;1.01895e-06;0.267376;0.00358391;7.27927e-06;0.00039478;0.000445855;0.0411069;0.000298246
3.43938e-05;0.0680989;0.0555655;0.00270168;0.0156487;0.00275792;2.55829e-06;0.00109913;3.02714e-06;0.000241175;9.94842e-05;0.817485;0.0300257;0.00623693
0.000314169;0.913833;6.00233e-05;0.000209043;0.000149581;1.74752e-06;0.00623454;0.0289623;0.00400196;9.18905e-06;0.0146853;0.00108128;0.0304525;5.75004e-06
1.71106e-06;0.0022718;7.71925e-10;8.9917e-08;0.00202236;1.09924e-07;1.26319e-08;0.994115;1.01482e-07;5.21509e-08;3.57102e-08;0.00152843;1.67202e-05;4.3837e-05
0.000552139;0.11408;0.850791;0.000160143;0.00492352;0.00014769;1.69365e-05;0.000496883;2.39038e-06;0.000703259;1.89654e-06;0.0221708;0.00521112;0.000741941
9.883e-05;0.000388594;6.1532e-07;3.78635e-06;0.000517165;1.75841e-06;2.4294e-07;0.982708;0.000187925;8.59243e-08;0.000158142;0.0150229;0.000904945;7.41436e-06
1.16329e-05;0.866203;7.75518e-05;2.45696e-05;1.13888e-06;4.54625e-07;4.89787e-07;4.0336e-05;2.07485e-06;2.54714e-07;3.15286e-06;1.06271e-05;0.13362;4.40652e-06
1.05796e-05;0.97204;0.000200127;0.000237339;6.07385e-06;9.24808e-07;1.20105e-07;0.000137062;3.80404e-06;1.7382e-06;5.47643e-06;0.0259019;0.0009446;0.000509945
0.000137492;0.796274;1.33736e-07;0.000616617;0.00361664;4.13675e-06;0.000409787;0.100492;0.0013982;0.000307744;0.0131351;0.0682932;3.26722e-05;0.0152825
7.9589e-05;0.19942;0.542594;0.000279351;0.00345032;8.94402e-06;1.01514e-05;7.9026e-05;3.65755e-07;5.51506e-05;0.00014425;0.24819;0.00523946;0.000449875
0.000143709;0.308057;2.09748e-07;1.53489e-06;0.00112855;0.00017438;1.84293e-05;0.0791266;8.73504e-05;4.39321e-07;0.001404;0.109862;0.499255;0.000740925
1.18381e-05;0.175526;4.7492e-08;5.25985e-07;4.46923e-05;3.40485e-06;1.08089e-06;0.00162807;3.17043e-07;1.42784e-07;7.45688e-07;0.000724507;0.821957;0.000101857
0.000343236;0.00054714;2.81396e-05;0.00180837;0.152468;0.822001;1.09361e-06;0.00901037;0.000104979;6.12195e-05;2.01844e-05;0.000137141;0.00495514;0.00851385
0.000121014;0.892897;1.11089e-06;0.00010128;4.9631e-05;0.000196369;7.2471e-06;0.000215211;3.25436e-05;1.95012e-06;0.000155831;0.000688645;0.102815;0.00271667
0.000815148;0.0160664;0.00134911;4.02613e-05;0.000966891;2.10154e-05;1.64415e-05;0.0389386;0.000298488;6.50718e-06;0.000222757;0.92844;0.00760698;0.00521177
0.00943103;0.17788;0.000457726;0.000156577;0.000781086;7.27631e-05;0.00717064;0.0528317;0.675051;6.65897e-05;0.0220379;0.0131378;0.0393535;0.00157199
5.13937e-05;0.984344;1.63387e-08;1.69546e-08;4.77476e-08;4.72222e-08;0.0145428;0.000185789;1.24078e-05;7.28183e-05;1.16049e-07;2.15708e-08;0.000317783;0.000472505
3.46594e-10;4.0128e-11;0.999999;2.45038e-10;1.16046e-09;1.35526e-09;5.26531e-10;1.12167e-11;5.32495e-09;3.24582e-10;4.03834e-10;1.36399e-06;9.07892e-13;2.35154e-09
3.23448e-06;0.984916;2.13813e-08;2.3169e-07;1.83767e-06;8.15077e-08;3.82556e-06;0.000406857;1.17987e-05;1.80764e-07;2.86093e-06;6.88778e-07;0.0146513;1.43807e-06
2.70823e-06;0.846358;9.59565e-06;6.77039e-05;0.00372841;5.40937e-05;2.7202e-07;0.00210176;6.48862e-06;1.01873e-05;4.34698e-06;0.0497009;0.00239617;0.0955588
5.28612e-06;0.970063;2.74451e-06;2.32943e-06;0.000104669;7.05629e-07;6.09465e-05;0.000437339;1.57027e-06;9.96601e-06;4.86855e-06;0.0254229;0.00255786;0.00132603
4.39808e-05;0.00424281;4.07943e-08;6.01507e-05;1.54088e-05;4.96228e-06;0.000633739;0.000758614;0.00017636;2.52e-05;0.000413483;0.965721;0.0279025;1.97352e-06
8.49472e-06;0.996183;0.00290184;5.33999e-06;3.34519e-06;1.13062e-06;2.03497e-07;0.000112744;1.96728e-08;5.6329e-07;1.99305e-08;7.22434e-05;0.000702018;8.65186e-06
1.23649e-06;0.000325075;6.63311e-09;5.20109e-06;3.9031e-05;7.30402e-06;7.71858e-09;0.000437273;1.40629e-07;1.63788e-08;5.55093e-06;0.000330957;0.998841;7.07227e-06
4.07445e-05;0.00149442;3.58713e-07;1.82397e-05;2.01244e-05;6.97708e-06;7.4528e-07;3.53254e-05;1.64961e-05;1.53069e-06;0.000142685;0.994442;0.00363957;0.000141162
1.24479e-06;0.9977;4.09739e-08;3.9434e-07;2.51603e-08;2.26339e-07;0.00192473;4.1665e-06;2.28883e-07;0.000104246;1.37616e-06;4.34162e-07;1.2396e-07;0.000262401
5.16334e-10;5.33252e-10;1;2.113e-08;4.71745e-11;7.40195e-12;4.45075e-09;2.74622e-12;5.28445e-09;7.24325e-10;1.05392e-07;1.17178e-07;8.67606e-13;5.97837e-12
5.55443e-06;0.350729;8.1376e-07;1.03214e-05;4.40214e-06;4.67986e-06;2.24768e-08;0.00271373;2.96578e-08;1.56432e-07;1.72057e-06;3.89774e-06;0.646525;3.16908e-07
5.09631e-06;0.00664452;4.05679e-05;2.24908e-05;2.34655e-07;2.02616e-06;2.52855e-07;0.000375949;8.56449e-07;1.05555e-07;7.36126e-05;0.986734;0.00604609;5.39689e-05
5.44828e-06;0.813081;1.19878e-06;0.00041856;0.00739549;0.00229737;2.49687e-08;0.15602;4.73174e-07;1.38871e-06;9.62836e-06;2.709e-05;0.0193398;0.00140294
1.14212e-08;2.83256e-08;1.59381e-09;3.64064e-10;2.93412e-11;2.32213e-07;4.19573e-10;8.04192e-10;8.13925e-09;3.26297e-10;3.46452e-09;1.71953e-09;1;9.12257e-12
5.62376e-08;1.91494e-06;0.999998;3.3896e-08;1.76223e-09;9.98389e-10;7.50823e-10;9.74371e-09;2.41231e-09;1.0577e-07;5.08013e-10;1.54007e-07;3.38384e-09;2.22564e-09
1.04063e-06;0.997267;1.82432e-05;2.6484e-05;6.01838e-06;1.73082e-06;1.38075e-06;0.00201391;7.32878e-05;1.57581e-06;9.33349e-05;1.47413e-05;0.000411861;6.94252e-05
