2.4571e-06;0.982242;6.49995e-08;1.86981e-05;4.19368e-05;2.11631e-05;4.77904e-07;0.00653631;1.81209e-05;1.38256e-07;4.16508e-05;0.000215381;0.0103864;0.000475516
1.19204e-05;0.00838255;6.75469e-05;3.07783e-06;2.61659e-06;5.20548e-06;4.21693e-06;0.00916421;1.93636e-06;8.94514e-06;2.01412e-06;0.976089;0.00625376;2.51999e-06
1.91439e-06;0.0219345;1.253e-06;0.000888732;2.82409e-05;0.00112431;1.13552e-05;6.15012e-05;0.000618962;6.20889e-06;0.000102218;0.000791246;0.97442;9.07086e-06
3.72683e-05;0.997199;6.85831e-06;3.32226e-06;4.81888e-07;1.66862e-06;9.12085e-08;6.99817e-05;9.25269e-07;1.78335e-07;9.03398e-08;0.000975076;0.0016889;1.58177e-05
0.000182736;0.108517;3.99698e-06;4.44786e-05;0.00913661;0.000679556;4.94434e-06;0.00164694;5.55883e-06;3.17038e-05;3.60374e-06;0.339002;0.00212952;0.538611
0.000169918;0.531119;0.000242149;5.58817e-05;6.4144e-06;6.47676e-05;0.000197194;0.00540053;0.000201104;6.96058e-06;0.000137122;0.209153;0.252503;0.000742853
7.89997e-07;0.984865;1.97756e-08;2.42825e-06;1.91758e-07;1.57033e-07;0.00377423;8.69687e-05;5.81561e-07;6.90832e-05;2.97569e-07;1.43007e-07;4.38313e-07;0.0111996
1.09154e-09;1.20054e-09;1;2.95902e-09;1.48018e-09;1.86773e-10;4.4654e-09;5.70563e-10;2.76489e-09;1.41072e-10;4.53788e-09;7.435e-09;1.26442e-09;5.32744e-11
3.0912e-06;0.977674;1.78347e-09;5.83861e-08;1.56574e-05;3.54735e-08;1.66746e-06;0.0221652;4.58113e-05;2.86327e-07;3.75674e-06;2.28897e-06;8.15378e-05;7.01438e-06
1.17361e-05;0.00491834;0.0644624;5.23501e-05;0.00555744;0.000328295;2.45715e-06;0.000129966;1.73342e-07;0.000636152;2.76039e-06;0.91262;0.000567625;0.0107099
6.88062e-06;0.961811;1.83775e-06;1.46111e-06;2.18144e-05;1.46637e-05;1.88195e-05;0.0337055;5.08144e-05;3.25636e-07;4.71707e-05;0.00175933;0.00123123;0.00132868
4.37247e-07;0.0014639;2.04566e-10;1.34535e-07;2.08817e-06;4.63951e-07;9.31216e-08;0.000304215;5.87224e-07;8.68937e-09;1.10071e-06;0.000310372;0.997907;1.00767e-05
0.00026179;0.200014;2.32275e-06;2.88713e-05;0.000578609;3.99178e-05;1.31972e-05;0.00600924;1.85335e-05;0.000141288;7.76689e-07;0.00114854;0.79164;0.000103211
2.84547e-08;4.19479e-10;1;3.96059e-09;3.00191e-10;3.95423e-11;3.22138e-09;7.88345e-10;2.02727e-07;2.00348e-10;7.8212e-09;8.89914e-08;2.64309e-10;3.98123e-11
7.52582e-07;0.00361072;0.0211388;4.27108e-06;5.36122e-05;5.71226e-07;5.96674e-08;0.000563477;1.50569e-05;7.32476e-08;1.72901e-06;0.974484;9.71783e-06;0.000116939
2.18737e-06;0.842341;3.26065e-06;2.44074e-06;0.00084273;0.00214729;1.16952e-06;0.000149708;2.86362e-07;2.79508e-06;1.49316e-06;5.87165e-06;0.154245;0.000254946
2.35342e-07;0.00020342;0.132865;2.09499e-07;4.56528e-06;6.62564e-08;4.51421e-09;2.2202e-06;8.38805e-11;5.14731e-08;5.02756e-09;0.866879;3.80706e-07;4.43325e-05
0.000115677;0.439584;1.04588e-06;0.000552714;0.000390097;0.00027659;0.000429467;0.332143;0.00224193;9.76284e-06;0.00224663;0.000190325;0.221606;0.000213333
2.16386e-05;0.989742;0.000269822;3.29068e-06;7.62338e-06;1.34365e-08;1.55315e-08;0.00129267;1.35014e-07;3.10378e-08;2.01703e-08;0.0083823;0.000279074;1.72036e-06
2.82648e-08;0.999979;5.44113e-11;1.36071e-09;2.4073e-09;1.16676e-09;6.69179e-07;1.00172e-05;2.68992e-11;8.49482e-07;2.89449e-11;9.16933e-11;6.29214e-06;2.8267e-06
6.19697e-11;1.02837e-11;0.999991;2.80771e-10;5.60538e-10;3.95931e-10;9.97447e-11;2.73449e-11;2.32535e-12;3.75733e-10;2.0608e-11;9.04114e-06;4.40366e-13;1.35834e-10
1.03563e-06;0.989749;7.1678e-08;1.51727e-05;5.51376e-06;4.2512e-06;4.53195e-05;0.00351826;0.000266179;1.70661e-07;0.00027973;2.32404e-05;0.00605922;3.25544e-05
6.45e-05;0.0614948;0.000586527;6.97426e-05;0.000185196;0.000923218;2.26717e-05;0.330977;9.63159e-05;4.91649e-05;0.000141525;0.511054;0.0915848;0.00275016
7.77537e-07;0.0208716;7.32697e-07;0.000284208;0.00116911;0.00408589;5.18677e-06;0.00250702;0.000144208;2.94473e-06;7.59202e-05;0.00041407;0.97038;5.82929e-05
0.000541822;0.0836059;2.02177e-06;0.000424288;0.00126374;0.00121154;0.000171474;0.772701;0.0340473;1.21111e-05;0.00196065;0.000862423;0.103155;4.06595e-05
0.000214226;0.928003;3.93533e-05;2.3654e-05;5.26392e-05;6.19185e-05;1.23776e-06;0.0116888;3.72499e-05;7.32053e-06;2.91289e-06;0.00599386;0.0538406;3.30296e-05
0.000102901;0.394746;6.68765e-06;0.000269499;0.000191267;0.000560881;5.39911e-06;0.000386393;0.000219341;8.67057e-05;0.000143424;0.594281;0.00652638;0.00247495
0.00399359;0.0583776;2.37243e-06;0.00922261;0.00192529;3.16852e-05;9.40726e-06;0.421299;0.195668;3.78582e-05;0.054884;0.00053183;0.253949;6.86999e-05
0.00460186;0.0106984;0.952196;0.00132038;0.00495852;6.752e-09;2.32908e-07;0.0252189;0.000128076;3.28006e-06;2.64013e-05;0.000579482;1.99901e-07;0.00026808
5.03462e-07;7.57864e-06;5.45451e-12;1.63245e-09;2.03735e-06;1.28108e-11;9.37242e-10;0.999988;1.51583e-06;3.97302e-09;1.73405e-08;7.05862e-11;1.14192e-07;5.92537e-10
2.20734e-07;1.41706e-06;0.99994;2.32558e-06;7.53642e-06;1.67896e-06;1.43637e-09;6.28999e-08;1.44917e-08;1.8162e-05;5.13267e-08;2.00798e-05;1.88346e-08;8.53456e-06
0.000490625;0.735256;0.000454501;0.000123522;1.83498e-05;2.85935e-06;0.00134072;0.0850929;0.134747;1.00997e-05;0.0386578;0.00142339;0.000729505;0.00165303
