2.66481e-05;0.96103;0.0370199;1.59873e-05;1.67131e-05;2.88469e-06;1.70929e-07;8.40856e-05;2.50189e-08;5.81975e-07;1.40676e-07;0.00105372;0.000738097;1.07782e-05
1.23484e-08;0.999917;8.08349e-11;4.04451e-08;3.75367e-09;2.16141e-09;2.33885e-05;5.55215e-05;6.0697e-09;5.11606e-07;7.04552e-09;1.15385e-11;1.93739e-06;1.60568e-06
3.71305e-12;1.17645e-11;1;5.13855e-11;3.22319e-13;2.45228e-13;4.69318e-11;3.81727e-15;2.00053e-12;3.0777e-12;5.49255e-11;1.6051e-09;4.90636e-13;4.32427e-13
6.08242e-07;0.99662;2.44689e-10;3.35519e-07;3.06153e-07;6.48315e-08;0.00311464;6.27226e-06;1.62559e-05;5.77772e-05;5.50036e-06;2.98927e-08;6.01393e-06;0.000172466
9.40042e-07;1.55534e-07;0.999701;1.47772e-06;2.45103e-07;3.09536e-07;3.82074e-06;9.26608e-07;8.74479e-07;2.28842e-07;2.30422e-05;0.000181479;8.55053e-05;6.20267e-08
7.07237e-08;0.000482083;4.94593e-08;8.47583e-10;2.58886e-06;1.0475e-08;9.72732e-10;0.999427;5.62103e-10;1.10062e-09;5.84115e-10;1.81675e-08;8.56314e-05;2.8577e-06
1.81568e-07;0.00693685;1.73695e-07;6.39905e-07;7.46224e-06;1.01231e-07;6.43185e-09;0.00090902;3.1692e-07;2.0652e-07;2.79106e-07;0.992035;7.76544e-05;3.17319e-05
1.13823e-05;0.989096;6.77167e-07;5.04331e-06;1.81489e-06;2.08587e-05;0.000110425;1.09173e-05;0.000197762;3.82513e-05;0.000345395;0.000133566;0.0100271;1.16824e-06
7.17315e-06;0.000258131;0.00636054;9.68282e-06;3.70156e-06;1.21075e-06;2.93849e-05;4.059e-05;1.96339e-06;1.72742e-05;4.87941e-06;0.993238;2.35256e-05;3.47622e-06
7.65136e-06;0.77614;5.57638e-08;0.000244229;1.52418e-05;5.41485e-06;7.13839e-06;0.00340478;0.000819973;7.86279e-07;0.000447488;0.000584306;0.21827;5.24599e-05
3.11108e-07;0.00755066;2.80371e-09;1.97587e-07;4.22163e-05;5.18052e-09;9.44811e-09;0.992353;7.07029e-08;1.23749e-07;6.56689e-09;4.47366e-05;3.64656e-07;8.07221e-06
6.97134e-07;0.000859471;0.998197;0.000125451;3.19972e-05;7.03537e-06;3.6651e-07;2.25922e-08;5.69112e-08;1.57356e-05;7.43203e-07;0.000439864;0.000298574;2.27101e-05
0.000137916;0.759006;7.27355e-08;2.35466e-05;1.64335e-05;2.96077e-05;0.00170728;0.00685049;0.00215471;3.6168e-05;0.00150332;5.40362e-05;0.228461;1.98886e-05
5.89654e-06;0.000119196;0.653455;6.76855e-06;0.00252277;1.49705e-06;1.47216e-09;3.33789e-07;2.03446e-07;1.96013e-07;1.32113e-07;0.34377;3.04584e-06;0.000115285
0.000231812;0.00527589;1.57232e-06;6.7338e-08;1.64237e-05;1.20281e-06;2.90331e-06;0.989735;0.00235195;3.75172e-07;1.275e-06;2.89803e-05;0.00235254;8.05352e-08
2.78034e-05;0.00124897;3.85466e-07;1.56073e-06;0.000177392;2.57276e-06;1.66543e-08;0.993769;7.95071e-05;7.26849e-08;1.49419e-06;4.84698e-05;0.0046272;1.55562e-05
4.89212e-06;0.996652;1.95774e-08;1.17434e-05;3.84599e-06;4.4478e-06;0.000353512;0.000463683;1.32661e-05;0.00157227;6.40989e-07;4.2358e-09;0.000185906;0.000733309
5.78689e-11;1.84935e-12;0.999998;1.12955e-09;2.1932e-11;5.97936e-12;2.65222e-10;1.33766e-11;6.88541e-11;3.47647e-11;1.99201e-10;1.74214e-06;1.30771e-13;3.31976e-11
2.3273e-07;0.95344;3.56121e-09;3.11039e-07;1.47117e-06;1.15351e-08;8.84008e-07;0.0431381;2.15057e-06;1.29758e-08;8.9277e-06;4.30164e-06;0.00340407;4.61209e-09
3.24171e-08;0.999247;1.20483e-06;4.42833e-08;1.28723e-08;3.22607e-09;0.000294734;9.56106e-10;1.21021e-10;0.000373682;6.72935e-09;6.6765e-09;4.10187e-10;8.30233e-05
1.83079e-11;8.89905e-13;1;9.72178e-12;1.81756e-12;5.39546e-13;5.98761e-10;2.32178e-12;4.28261e-11;2.31594e-12;3.70722e-10;2.01639e-07;1.26034e-13;4.18223e-12
9.40817e-08;0.995309;6.84851e-10;1.34865e-06;1.20614e-07;1.2584e-06;1.6911e-05;7.8105e-05;4.19199e-05;1.12746e-06;0.000148781;2.99744e-07;0.00440102;2.49591e-08
1.29572e-07;1.81424e-05;0.000507015;1.54911e-07;3.33267e-08;1.70143e-07;2.55869e-09;7.94981e-08;1.23075e-08;9.13133e-09;5.49936e-07;0.999454;1.92389e-05;1.08515e-07
0.000212349;0.545373;4.27897e-06;8.02758e-05;0.000118035;0.00788247;0.000181211;0.404861;0.00744679;2.8696e-05;0.0026789;0.000510007;0.0303664;0.000256416
5.4605e-07;0.987455;8.72621e-06;4.09301e-08;1.39031e-08;3.96789e-08;5.44256e-08;2.37827e-07;3.19646e-09;1.1465e-08;2.35094e-08;0.000914327;0.0116213;1.61648e-09
2.44051e-06;0.975622;1.1314e-10;8.49296e-06;0.00269087;1.68028e-05;1.83757e-06;0.00618774;7.05669e-06;1.24966e-05;2.78548e-06;0.00363802;3.97086e-05;0.01177
7.01339e-05;0.00404226;0.829212;0.000300315;0.000141795;7.81699e-05;1.00851e-05;1.37589e-05;2.09896e-06;3.322e-05;9.3329e-05;0.164627;0.00137231;4.27954e-06
0.00182764;0.690648;1.22202e-05;3.16407e-05;1.9726e-05;1.05616e-06;0.000298049;0.0781086;0.000845869;2.05246e-06;0.0177779;0.0168722;0.193208;0.000347724
0.000105117;0.00916726;2.09323e-09;0.0005035;0.120079;0.000315159;5.30549e-07;0.638511;0.000853041;1.2793e-05;0.00180564;0.22607;0.00227637;0.000301316
0.00867166;0.061464;0.864303;0.0268079;0.00165758;0.000497267;1.71676e-05;0.00132708;0.000678336;0.000655358;0.00400655;0.00984866;0.0177092;0.00235607
0.00466042;0.0098822;4.10999e-06;0.000250629;1.0665e-05;2.50761e-06;0.000970501;0.0102894;0.0811505;2.09044e-05;0.883354;0.00662193;0.00277806;4.20457e-06
0.000109848;0.887641;2.92881e-07;0.000109916;0.00023411;0.00277798;6.3818e-06;0.105356;4.76045e-05;4.08007e-05;0.000395002;0.000151571;0.00196759;0.00116261
0.00345428;0.0332363;3.5826e-07;0.00107489;0.00036979;0.00102207;9.39389e-05;0.0276961;0.00886459;5.23744e-05;0.364272;0.00435259;0.554944;0.000566962
0.000399964;0.0352896;0.000149689;7.44848e-06;4.20479e-05;8.64991e-06;2.96422e-07;0.000280192;2.17838e-06;2.28594e-06;1.99667e-05;0.961245;0.00255155;1.38634e-06
2.82416e-05;0.664349;9.28802e-06;5.38745e-07;0.000466559;0.000110193;2.45816e-07;0.165735;2.25408e-06;1.07886e-06;8.96037e-07;0.000241641;0.168876;0.0001795
6.9222e-06;0.0154614;6.11403e-05;0.0587398;0.0523408;0.709771;8.40089e-06;0.00526511;8.57731e-05;0.0137328;0.00734667;0.0429637;0.019663;0.0745535
0.000162874;0.0235938;0.971277;0.00189145;3.61548e-05;1.47092e-05;0.000132633;4.31137e-06;6.99615e-07;0.00172689;0.000713275;2.97548e-05;0.000131665;0.000284517
0.00139646;0.441285;9.94898e-06;3.17945e-05;1.85942e-05;1.98659e-06;0.00363176;0.00297089;8.93591e-05;5.23007e-05;0.024894;0.00903563;0.516575;7.49636e-06
1.81173e-05;0.13552;5.10477e-05;5.36002e-06;0.00154558;2.93921e-05;1.02621e-05;0.830462;3.74397e-05;1.61911e-06;5.44237e-06;0.0115289;0.0137536;0.00703112
1.78341e-05;0.141349;7.91331e-06;4.49435e-05;0.000463207;9.23563e-05;0.000146401;0.792989;1.88449e-06;3.66155e-05;3.46545e-05;4.21954e-06;0.0646395;0.000172038
2.06917e-08;9.01391e-08;0.999999;5.80143e-08;4.7196e-10;1.06534e-09;7.27769e-09;2.46188e-10;3.81435e-09;2.24584e-09;7.01089e-08;2.94123e-07;7.79657e-09;1.68631e-09
1.49357e-05;0.0272484;6.86435e-05;3.70487e-05;7.14376e-05;7.40591e-05;2.86122e-07;0.02085;0.000124415;2.91687e-07;0.00053962;0.948068;0.000949584;0.00195304
2.13951e-07;0.998959;1.82162e-08;1.06744e-09;1.51329e-08;9.5094e-07;2.78384e-07;1.39766e-06;1.2745e-09;2.07158e-08;1.68828e-07;2.61663e-05;0.00100827;3.17299e-06
3.02289e-08;0.000670854;1.36114e-07;2.217e-07;0.000302292;0.00172232;1.322e-10;0.00137144;7.77782e-09;4.49777e-09;2.91403e-07;0.969614;0.000115751;0.0262031
1.22988e-08;0.998841;6.0047e-10;7.90201e-09;2.16552e-08;6.22777e-07;3.74424e-07;2.95615e-06;3.05343e-10;5.46793e-09;1.56321e-08;1.25151e-10;0.00115503;3.76475e-07
7.75048e-10;6.56678e-09;1;4.35869e-10;1.33223e-10;3.08379e-10;1.23198e-11;6.82777e-10;4.46003e-11;1.97236e-12;4.23528e-11;4.35448e-07;2.28873e-08;9.37926e-12
1.23764e-05;0.0829476;4.11715e-05;0.00188459;0.000115401;8.47632e-05;3.50729e-05;0.0138574;0.0053168;6.60353e-06;0.0236052;0.00317577;0.868908;9.62482e-06
1.6721e-06;0.991969;5.61542e-09;2.43864e-05;2.59238e-05;5.26825e-05;3.17515e-07;0.00613046;1.12574e-07;1.0866e-06;1.77831e-06;4.4168e-05;0.00123267;0.000515552
1.8095e-05;0.0107512;0.000598681;9.03416e-05;0.000202775;4.07929e-05;1.27894e-07;0.000834168;1.82864e-07;1.89221e-07;6.39762e-06;0.973462;0.0136065;0.000388398
1.20518e-05;0.00405172;1.96576e-07;0.000419059;0.00425545;2.36079e-05;2.86943e-05;0.965224;0.000221413;6.07051e-06;0.0028797;8.6025e-05;0.022553;0.000238883
0.0001067;0.0391587;0.831143;0.00871046;0.00100393;0.00231348;1.01176e-05;3.24492e-05;5.43181e-06;0.000214209;0.000312292;0.0135294;0.000644819;0.102815
0.000370064;0.0291421;1.85296e-07;3.68287e-07;1.88156e-06;4.8029e-07;2.83734e-05;0.964231;0.000429916;1.17443e-07;0.000215992;9.42259e-07;0.0055775;1.49034e-06
1.62802e-09;3.39514e-05;6.99359e-07;1.03173e-08;1.54894e-07;1.22623e-08;9.3835e-11;8.33235e-08;1.24138e-08;1.97945e-10;7.48417e-08;0.999964;8.80071e-07;3.02147e-08
8.21667e-06;0.990278;8.30095e-10;6.2812e-08;8.64837e-06;1.13142e-08;1.33357e-06;0.00809334;5.33043e-05;8.97953e-09;5.40965e-06;4.39703e-05;0.00148398;2.36179e-05
3.83403e-05;0.29177;1.50716e-05;2.37138e-08;1.56857e-06;2.31156e-09;1.71203e-07;0.0045315;4.44562e-06;7.31688e-08;1.80176e-08;0.70246;0.000228499;0.000951082
6.10084e-07;5.95361e-05;6.09347e-09;3.80262e-08;0.00147269;9.86578e-08;6.41626e-08;0.998386;2.92464e-06;1.28386e-07;4.75996e-09;1.04909e-07;4.59866e-08;7.72881e-05
0.00053481;0.0153798;0.978728;0.000208631;0.000735121;3.14054e-05;4.57643e-06;0.0037788;7.37814e-05;5.34432e-05;2.53006e-06;0.000252784;0.00012518;9.16106e-05
0.00789509;0.337545;2.08447e-06;1.94796e-05;2.07849e-06;7.62413e-07;0.00381339;0.00043954;0.334579;1.31221e-05;0.00979377;0.300165;0.00572575;5.69431e-06
0.00323008;0.720328;9.03868e-06;5.54693e-05;0.000225567;8.17299e-05;0.00102669;0.0354758;0.00384143;6.89303e-05;0.00503873;0.211628;0.0144932;0.00449676
1.47293e-06;0.999193;8.29278e-10;1.27566e-08;3.5515e-09;3.39561e-08;0.000317719;3.30926e-07;1.2385e-07;3.90586e-06;5.61238e-08;3.06455e-08;3.49064e-07;0.000483399
2.05365e-09;2.62017e-10;0.999998;9.20342e-10;1.35674e-11;1.04808e-11;1.58834e-09;1.16308e-11;3.21059e-08;1.34757e-10;1.96608e-09;1.92214e-06;1.41064e-11;2.49007e-11
4.35925e-06;0.0102221;7.46333e-10;7.54624e-07;3.50611e-08;1.86285e-06;4.60864e-07;6.83234e-06;0.000462395;4.63474e-09;0.000256631;1.51745e-07;0.989044;1.0025e-07
9.99798e-06;0.00718174;1.57416e-05;1.26258e-06;1.48169e-05;2.20725e-06;1.10928e-07;0.000487574;4.33511e-06;1.62399e-07;6.05462e-06;0.99199;0.000160954;0.000125381
1.91027e-06;0.0321318;3.62764e-07;5.35527e-07;0.00515561;0.000109548;1.6536e-09;0.897136;2.17424e-08;1.46997e-07;1.75502e-08;3.1359e-05;0.0619493;0.00348324
4.43743e-07;1.2857e-05;3.41505e-07;5.95186e-07;4.00138e-09;1.05326e-05;4.65299e-08;5.04863e-07;7.69897e-06;1.51514e-07;1.16924e-06;2.06914e-06;0.999964;5.61589e-08
5.66713e-08;2.9602e-06;0.999996;6.42042e-08;2.4214e-09;1.36535e-09;1.49031e-09;1.11846e-08;3.37096e-09;9.50334e-08;4.06462e-10;4.12621e-07;1.76967e-09;1.51316e-08
2.71966e-06;0.99169;9.86859e-06;7.11892e-05;9.01524e-06;4.73839e-06;6.34535e-06;0.00694231;0.000489666;2.26993e-06;0.000309774;1.08089e-05;0.000343969;0.000107026
