7.99298e-07;0.990336;2.46714e-09;1.70112e-07;6.77412e-09;2.63242e-08;1.30341e-05;9.31937e-07;4.06942e-06;3.49974e-08;1.07512e-05;3.78387e-05;0.00959676;1.0836e-08
2.58167e-06;0.991596;5.27386e-09;2.9181e-06;1.19921e-05;6.49341e-06;2.01562e-06;0.00205261;3.16006e-06;1.31523e-06;4.8965e-06;0.00456366;0.000691804;0.00106087
5.53338e-06;0.998171;6.06251e-06;2.09076e-07;6.8201e-07;1.63772e-06;7.58049e-07;0.00143824;3.55159e-08;2.40809e-06;1.10843e-07;3.65974e-05;0.000175569;0.000161057
6.95268e-08;4.07382e-05;1.37171e-07;8.2336e-07;0.000157236;2.37948e-07;6.3583e-09;1.67e-05;6.91426e-07;3.29121e-08;3.94878e-06;0.999778;7.35848e-07;3.43632e-07
1.34991e-05;0.943968;0.000355758;6.76686e-06;2.91509e-05;2.34453e-06;1.26534e-06;6.01772e-05;1.0866e-07;2.54859e-06;9.90166e-07;1.51613e-05;0.0555421;1.72257e-06
0.000132458;0.0236818;5.03481e-05;7.04093e-06;6.52668e-05;7.16355e-07;1.49222e-05;0.298301;0.002035;4.59522e-07;0.000546662;0.674736;0.000420198;8.37641e-06
1.58348e-05;0.85256;3.25184e-07;0.000554621;0.0728984;0.000935959;1.26953e-07;0.0245721;4.2083e-05;3.71484e-06;2.92208e-05;0.00759037;0.0245495;0.016248
0.00118042;0.397918;4.15346e-06;1.63157e-05;2.05499e-05;1.32032e-05;3.66875e-06;0.022334;0.000331931;1.28457e-06;7.4895e-05;0.229571;0.348496;3.50773e-05
2.25303e-06;0.998215;5.96603e-07;7.8585e-09;1.57099e-09;3.80743e-08;2.94178e-07;2.11626e-06;7.36225e-08;3.01629e-08;2.75958e-08;0.000123867;0.00165555;4.2712e-09
3.06877e-06;0.0180048;8.57354e-07;8.22548e-05;0.00217785;0.00205678;5.75619e-07;0.0121547;1.69061e-05;1.12629e-05;9.22877e-05;0.249999;0.000216847;0.715182
2.02154e-07;0.999913;3.26797e-08;6.22134e-09;3.27765e-10;1.04183e-09;7.62841e-05;3.58279e-06;2.51611e-09;3.64503e-06;1.33629e-08;4.36614e-10;1.28277e-06;1.58055e-06
2.31221e-10;3.59905e-10;1;1.90902e-09;9.04933e-12;1.65706e-10;3.37972e-09;6.09165e-12;2.39942e-09;8.35394e-10;1.72852e-09;8.57502e-08;1.05582e-12;5.517e-10
3.50172e-06;0.0473578;3.22933e-09;1.37078e-08;2.04363e-09;1.49173e-08;0.000102184;5.8366e-06;2.44935e-05;2.56974e-08;3.59502e-06;2.77102e-07;0.952502;1.09355e-10
1.36693e-07;0.00746347;1.35828e-05;1.59432e-06;2.6694e-06;6.3826e-05;1.93908e-08;0.000116756;6.26133e-07;1.44901e-07;2.81214e-07;0.991028;0.00128603;2.29056e-05
4.63985e-07;0.00330003;1.88155e-06;1.15053e-05;0.00242932;8.49089e-05;1.74967e-08;0.992512;3.15294e-07;1.76861e-07;1.24339e-06;1.04333e-05;0.00095968;0.000688149
4.93539e-06;0.979879;2.59812e-09;5.82041e-05;2.03874e-05;2.80907e-05;1.12734e-07;0.00436517;5.06955e-06;5.79846e-07;4.1814e-06;0.00461324;0.0108484;0.000172657
1.11469e-05;1.99155e-05;2.35795e-08;8.25375e-08;4.66613e-08;4.41486e-09;7.61988e-08;0.99991;5.68952e-05;5.82185e-09;5.41103e-07;3.46138e-08;1.63896e-06;2.89496e-09
3.75864e-06;0.979871;7.25752e-08;3.14294e-05;0.00253089;7.85623e-06;1.13451e-07;0.00562897;5.96041e-07;7.88462e-06;1.36026e-07;0.000237665;1.87047e-07;0.0116793
6.58743e-05;0.00130914;0.000211391;6.48875e-05;0.00367823;0.00200355;8.41842e-07;0.000657036;9.75739e-07;5.00872e-05;9.18522e-06;0.988579;0.000172738;0.00319751
5.1504e-05;0.981954;1.96834e-08;7.41604e-06;9.7576e-06;3.87384e-06;1.933e-06;0.0144721;3.39136e-05;1.03428e-07;0.000293841;2.53216e-05;0.00311269;3.32068e-05
1.57913e-05;0.00624956;3.43594e-05;7.60131e-07;4.41433e-05;1.21238e-06;2.26127e-09;0.992182;6.24342e-09;1.78886e-07;1.3696e-08;0.00136642;0.000101115;4.53585e-06
6.63806e-07;0.0262809;5.24087e-05;3.57023e-06;0.000825724;2.86316e-05;5.49822e-09;0.00318171;4.97852e-08;5.90256e-08;6.83642e-07;0.965062;0.0025776;0.00198624
9.64567e-08;0.998734;3.23984e-05;3.77653e-06;6.31025e-06;5.0149e-06;1.69872e-06;0.000307025;1.49486e-07;2.02882e-06;1.88939e-05;0.000171074;0.00070761;1.0026e-05
6.84358e-07;0.000405;1.49324e-07;1.54038e-05;0.954614;0.0374226;1.93125e-06;0.000243998;5.91127e-06;3.72333e-05;1.59052e-05;0.00419505;0.00215614;0.000885886
1.934e-05;0.969212;2.24085e-10;2.43774e-08;6.19703e-08;3.78337e-08;3.75858e-06;0.0279928;2.10916e-06;1.56331e-07;4.73351e-08;1.50671e-10;0.00276993;2.04769e-09
5.38403e-08;6.82666e-08;0.999996;5.45772e-08;3.13634e-09;4.58989e-09;9.45175e-09;8.88554e-10;1.13645e-08;9.12646e-09;3.20847e-09;3.54656e-06;2.77854e-07;3.52969e-10
3.40797e-06;0.00535974;0.00406247;2.38582e-05;0.000225956;4.48741e-06;2.0293e-06;0.00416241;1.1086e-05;1.60132e-06;2.31335e-06;0.985833;1.87311e-06;0.000306313
6.82914e-06;0.404533;3.12154e-06;4.82351e-05;0.00207236;0.00032559;2.20868e-06;0.26274;9.12548e-06;1.17671e-06;7.21899e-05;0.000730623;0.32943;2.48954e-05
1.04806e-06;0.00451374;3.88575e-06;0.00013212;0.0925841;0.878816;1.84184e-06;0.000459718;2.49386e-08;7.86666e-05;5.06658e-06;0.000362519;0.00129306;0.021748
1.03191e-06;0.982348;1.10324e-09;3.32241e-07;2.41707e-06;4.86272e-06;6.07068e-09;0.00158085;2.39597e-09;3.67763e-09;1.11497e-08;5.12332e-06;0.0160241;3.31459e-05
4.63368e-05;0.115278;0.000283546;1.16295e-06;0.000452636;7.93156e-05;4.81479e-09;0.805294;1.10046e-09;4.25668e-06;3.42884e-10;0.0691516;0.00793696;0.00147235
1.57767e-07;0.00233635;0.000498225;1.55134e-06;3.11303e-05;5.27551e-05;1.24962e-07;0.00211103;5.64499e-08;1.99777e-07;2.05723e-07;0.994539;0.000415527;1.37472e-05
8.36164e-06;0.109098;3.29749e-06;2.69299e-05;0.000363075;3.76e-05;1.52404e-06;0.022671;1.3087e-06;1.80743e-06;0.000537472;0.000360416;0.866872;1.66567e-05
0.000109845;0.993137;0.000182146;0.000108225;2.06186e-05;2.28347e-07;1.94267e-05;0.000438937;1.09998e-05;5.27515e-06;1.33942e-05;0.00539502;0.000517421;4.16524e-05
2.09844e-05;0.982037;6.55408e-10;5.54187e-08;3.63507e-09;2.42135e-09;2.28814e-06;0.000334563;3.43012e-06;4.36686e-08;9.78382e-07;6.96644e-06;0.0175934;5.68006e-10
3.43342e-07;0.0144298;3.24048e-07;1.72149e-07;3.6237e-08;2.37479e-08;2.14412e-08;5.38407e-06;2.50299e-07;1.20099e-07;1.43727e-06;0.98553;3.05241e-05;1.15674e-06
3.79997e-06;0.875609;6.1693e-07;1.16723e-05;4.22716e-05;9.6846e-06;0.0956244;1.7822e-05;2.09508e-05;0.012737;3.95371e-05;1.53883e-07;6.43959e-06;0.0158771
5.44009e-08;2.69156e-08;0.999998;2.16185e-08;6.63897e-10;6.80369e-10;4.78872e-07;1.17645e-08;3.13172e-07;3.17366e-09;2.17556e-07;8.62371e-07;3.0072e-07;1.14733e-10
7.03787e-08;9.38002e-06;4.63971e-11;1.20827e-10;3.76101e-09;8.56956e-10;2.05043e-09;0.99997;4.7429e-07;1.10235e-10;8.66577e-10;5.81107e-11;1.96136e-05;6.27159e-11
1.50641e-06;0.00270996;3.74116e-06;0.000104488;0.00894699;0.000292051;1.48047e-07;0.00101055;5.52344e-06;6.54605e-06;1.40371e-05;0.0233131;2.9997e-05;0.963561
3.83106e-05;0.988104;2.13787e-06;8.83717e-07;3.40975e-07;2.01619e-08;0.0113804;2.13277e-05;3.83784e-06;0.000122136;1.29369e-05;5.42666e-08;6.0661e-06;0.000307996
9.99362e-10;8.02215e-10;1;5.37306e-09;8.36109e-09;4.74703e-11;2.79534e-09;6.56028e-11;5.15799e-09;6.75612e-10;2.33436e-09;2.13654e-08;1.19079e-13;5.67299e-09
1.41411e-06;0.982145;2.68247e-06;1.31961e-07;1.439e-06;3.95437e-09;4.22876e-07;6.45462e-06;2.21189e-07;5.11836e-08;2.25901e-07;3.26933e-07;0.0178413;6.12159e-07
2.9908e-06;0.870747;4.87538e-08;2.49887e-07;5.40946e-05;2.02647e-06;1.02706e-06;0.0159064;1.09847e-06;3.36879e-07;3.35066e-07;0.020443;0.00289176;0.0899502
5.07279e-05;0.788528;2.99053e-05;3.11986e-05;0.0190503;0.000358929;1.98552e-06;0.090063;2.9521e-06;3.07234e-07;1.50654e-06;0.0301455;0.0622639;0.00947169
1.76328e-06;0.000268942;7.59599e-05;6.64667e-06;0.000264065;0.000122597;1.44438e-08;5.69489e-06;4.2685e-09;1.98243e-07;2.71886e-08;0.000708759;0.000868862;0.997676
5.54236e-05;0.196264;4.51826e-07;7.26952e-05;2.14176e-07;1.62271e-06;5.77932e-06;0.00445495;9.5611e-05;7.73025e-07;0.000772441;0.142115;0.655989;0.00017171
1.85713e-07;0.0879592;6.2967e-09;8.30214e-07;4.49181e-09;1.71086e-06;3.19207e-07;1.12979e-07;6.1986e-08;5.64586e-08;7.09733e-07;5.21087e-05;0.911985;8.20249e-10
1.41498e-06;0.000381155;0.916677;0.000328623;9.33825e-05;7.68272e-05;1.89627e-07;0.000110719;4.96469e-08;1.24186e-05;1.09052e-06;0.0815208;4.45016e-06;0.000792331
1.2799e-07;0.000300331;4.10112e-10;3.02967e-06;2.68089e-06;0.000358107;1.20414e-07;1.07285e-05;1.68069e-06;2.32074e-08;6.80296e-05;2.46409e-07;0.999255;2.53004e-08
8.22414e-07;0.000534322;0.999432;1.62929e-06;1.87511e-06;1.75071e-06;2.58254e-07;1.7133e-06;4.2318e-09;7.59563e-06;1.0532e-07;4.9239e-06;1.24473e-05;4.76805e-08
3.47802e-07;2.8577e-08;0.999998;1.20691e-07;4.89418e-08;1.49679e-08;5.21459e-08;2.61021e-07;3.87643e-07;1.55287e-08;1.78486e-07;8.89178e-07;4.33493e-08;3.63822e-10
1.03491e-05;0.00165781;3.77361e-06;6.27596e-05;1.86177e-05;6.94439e-05;2.51311e-07;0.0472611;0.00264033;7.73971e-07;7.29432e-05;0.947966;0.000221938;1.38809e-05
7.09239e-07;0.999249;3.67461e-09;1.08855e-07;3.41193e-09;1.02818e-07;3.53985e-07;1.20995e-07;6.48317e-07;8.56537e-09;2.3612e-06;1.57948e-05;0.000730356;1.39588e-08
5.15418e-06;0.00119067;5.75596e-09;7.93059e-07;0.00144083;1.52782e-05;4.62313e-11;0.00127362;4.11691e-07;1.01738e-08;3.44967e-07;0.994158;0.000156708;0.00175849
1.47418e-05;0.994633;8.1281e-08;3.36486e-08;4.78325e-06;1.90811e-06;0.000184713;0.00032378;1.73079e-06;4.59672e-05;2.32982e-08;1.06609e-09;6.40178e-06;0.00478326
5.37627e-12;2.42241e-12;1;2.51103e-13;9.48996e-13;3.48112e-14;5.88611e-13;3.2711e-12;5.14097e-13;3.93989e-13;2.85078e-14;4.45775e-11;9.20661e-15;2.12576e-13
2.42289e-05;0.00189314;3.66205e-06;8.68354e-06;0.000106547;1.70734e-05;2.53269e-05;0.95063;0.0407953;5.76923e-06;0.000625098;0.000212108;0.00565205;7.04445e-07
