1.19258e-06;0.99873;0.00117876;6.52766e-06;8.98073e-07;2.5687e-08;4.35176e-08;1.40131e-05;8.67826e-09;1.03547e-07;3.97994e-08;1.26094e-05;5.45663e-05;9.25464e-07
8.55305e-05;0.574127;1.399e-05;8.79581e-05;4.76894e-05;0.000166578;7.92237e-06;0.243273;0.000110655;7.03932e-06;0.000165503;0.00643782;0.174987;0.000482025
3.09911e-05;0.859034;0.000567213;0.0132188;0.0251203;0.0136648;0.000142253;0.0208443;0.00111859;0.00159039;0.00423575;0.037531;0.00377307;0.019128
0.000559091;0.36191;1.36545e-06;0.000134696;0.0145789;0.00997711;0.00938144;0.333888;0.000504529;0.00168761;0.00182021;8.68503e-05;0.25813;0.00734038
5.97756e-08;1.04007e-08;0.999998;1.34351e-08;3.22735e-10;3.90097e-10;5.07802e-08;5.78847e-10;4.35097e-08;6.96297e-09;3.45192e-08;1.97171e-06;1.12159e-08;8.55258e-11
7.34078e-07;9.65392e-06;0.999004;8.75303e-06;1.33897e-05;1.04977e-06;5.89801e-08;0.000410316;7.88784e-06;2.57395e-08;2.07263e-06;0.000540549;2.11591e-07;8.37696e-07
1.71011e-07;0.00034274;5.14132e-05;4.51029e-07;0.000275215;0.00796242;1.02821e-10;2.87309e-05;2.79499e-08;2.75769e-07;3.68465e-09;2.98402e-06;1.67591e-06;0.991334
1.43335e-05;0.000869531;1.74141e-08;1.2759e-06;2.12168e-05;1.12341e-05;1.55753e-08;0.752464;2.95069e-06;2.88852e-08;2.17511e-05;4.69907e-05;0.246533;1.36556e-05
6.28123e-05;0.569634;1.4193e-05;5.95785e-06;3.93856e-05;4.82301e-07;3.94194e-07;0.418983;1.52521e-06;2.46256e-06;7.1861e-07;0.000354714;0.0108949;5.79889e-06
7.51602e-06;0.563198;0.000127346;6.42647e-06;1.01445e-05;7.51693e-07;5.60651e-07;0.000224266;1.17968e-07;1.01759e-06;1.61293e-06;0.400358;0.0360387;2.62402e-05
7.53784e-06;0.0305086;1.42641e-07;4.68936e-05;8.58759e-05;5.51314e-05;0.893497;0.00649075;2.54669e-06;0.0418448;3.40755e-05;9.54428e-09;0.0190156;0.00841104
1.53267e-09;1.31059e-09;1;1.05765e-08;3.541e-11;6.12236e-11;2.08488e-08;7.12339e-13;2.10688e-09;7.7418e-10;1.72886e-08;6.49291e-08;2.0345e-10;5.61411e-12
0.000101807;0.00023733;0.0316632;4.80159e-05;0.000234715;4.26787e-06;1.18035e-05;0.966498;5.90669e-05;2.12363e-06;9.88433e-05;0.000143983;1.75934e-05;0.000879096
2.49922e-11;2.36547e-09;5.60242e-10;2.40283e-11;2.03939e-08;1.91091e-08;4.35962e-14;8.16288e-11;3.77239e-13;2.09844e-11;3.84576e-13;8.26044e-12;3.24562e-12;1
1.54663e-06;6.38361e-05;3.7779e-11;6.35044e-09;0.00120642;7.77398e-07;7.17435e-09;0.998722;1.47941e-07;2.00359e-09;8.40835e-09;1.886e-06;7.5483e-07;2.83817e-06
1.06037e-09;2.87886e-08;1;2.44864e-10;2.96705e-08;3.19765e-10;2.49793e-12;4.90218e-11;6.4407e-14;1.42193e-11;2.18411e-12;5.19242e-08;3.60883e-10;7.04616e-09
3.18831e-06;0.996719;4.98249e-08;8.57935e-07;3.33162e-07;3.94851e-08;9.57822e-07;0.00275104;1.33919e-05;7.34364e-09;2.64642e-05;0.00020249;0.00025298;2.96396e-05
1.17634e-08;3.10626e-05;0.999936;1.61839e-07;1.68442e-07;5.32374e-09;1.35664e-09;5.90595e-08;1.43912e-08;5.82261e-09;2.74101e-09;3.16048e-05;6.57265e-07;7.24705e-07
1.51156e-07;0.997858;5.3585e-08;4.15483e-08;1.68818e-06;8.2116e-08;5.47573e-07;0.00210986;5.93925e-08;1.68193e-07;3.86099e-09;6.94579e-08;2.88213e-05;9.18164e-07
6.4638e-08;0.000115339;7.63674e-12;1.57677e-06;8.31079e-07;0.000154803;6.38126e-08;1.098e-06;7.18742e-07;5.86234e-08;3.00897e-07;9.53344e-06;0.999529;0.000186275
1.11471e-05;0.00417802;0.99532;1.25541e-05;9.31625e-08;3.32112e-07;1.22236e-05;3.96395e-07;2.26782e-08;0.000188763;5.43477e-08;0.000204742;5.93526e-05;1.2364e-05
7.27624e-07;4.21393e-06;0.997733;1.84396e-06;7.1036e-09;3.5729e-08;0.00213868;1.98464e-08;4.29526e-06;9.72317e-05;2.02687e-05;5.52254e-09;1.77851e-08;1.18373e-08
1.37128e-10;2.52879e-09;1;3.15613e-09;6.44217e-12;1.1537e-11;3.72778e-09;1.03659e-11;6.19233e-09;6.00441e-11;4.55884e-08;4.02531e-08;6.07173e-11;1.67419e-12
2.9011e-05;0.451136;0.000366798;1.59871e-05;1.92113e-05;1.39003e-05;1.60273e-06;0.00777737;8.99996e-05;2.97779e-06;0.000379808;0.185325;0.354686;0.000155763
5.37206e-06;0.923633;2.72416e-07;0.000174157;4.92662e-05;1.9462e-05;3.15558e-05;0.000384252;8.75648e-05;3.85313e-05;0.00105621;0.0639114;0.00259659;0.00801291
8.54862e-07;0.992103;5.84731e-08;8.60285e-07;6.41007e-08;1.19869e-07;1.32183e-05;5.50242e-07;1.7663e-07;2.14286e-07;2.37442e-06;0.00105849;0.0068193;4.0495e-07
8.80151e-05;0.770561;1.2413e-07;4.15266e-06;5.62962e-05;5.38584e-06;3.73967e-05;0.00246901;2.37957e-06;3.0068e-06;4.75479e-06;0.0103623;0.216156;0.000250411
1.92861e-06;5.47415e-05;9.6721e-07;7.40415e-09;2.34244e-05;3.0826e-08;1.40774e-09;0.9997;1.05755e-08;5.3965e-09;4.3974e-10;0.000180999;3.29438e-05;4.83305e-06
5.24373e-05;0.0829186;5.78122e-05;0.000348837;0.0310918;0.000893495;1.76742e-06;0.0478891;0.000641814;7.45338e-05;3.95208e-05;0.761006;0.00604122;0.068943
0.000385438;0.814595;6.76867e-06;1.8844e-05;1.30207e-05;0.000152394;0.000897843;0.000157807;0.0027381;9.21045e-05;0.000990572;0.00133698;0.178612;3.00047e-06
3.89746e-05;0.0016604;0.3028;1.77153e-05;1.63917e-05;3.70199e-06;1.57528e-06;7.82998e-05;3.91531e-06;1.55817e-05;2.88739e-06;0.695344;6.10755e-06;1.01083e-05
5.23907e-06;0.93909;3.77537e-08;2.97659e-05;5.1537e-05;2.17988e-05;6.6431e-06;0.0215028;0.000469172;9.86947e-07;0.000107802;0.00015384;0.0381687;0.000391972
3.31403e-07;1.79974e-05;9.68088e-10;1.81074e-08;2.24526e-08;4.47508e-09;3.96436e-09;0.999969;2.44386e-06;1.7092e-09;5.79717e-09;2.85248e-09;1.04583e-05;3.17821e-08
1.12219e-06;0.000101873;5.83262e-05;1.73028e-05;0.000286621;1.56923e-06;5.56104e-08;0.000878193;2.59689e-05;1.67063e-07;1.6028e-06;0.998278;0.000329893;1.93338e-05
5.72182e-07;0.990213;1.45795e-09;2.11504e-07;1.69961e-07;5.28024e-07;0.000851873;0.000230589;3.2338e-07;9.35352e-06;3.16419e-07;4.11523e-10;0.0086865;6.16968e-06
3.65032e-11;3.75608e-12;1;2.32906e-09;2.64755e-09;8.67934e-10;2.28965e-10;4.87982e-12;1.66666e-11;2.00431e-10;4.27262e-11;4.3831e-08;1.3161e-14;5.02837e-09
3.5607e-06;0.993748;0.000974807;7.74695e-06;2.77339e-06;3.27017e-06;0.000176115;4.82972e-05;4.20306e-06;1.4232e-07;1.05673e-05;2.26465e-05;0.00498842;9.56321e-06
6.755e-05;0.607087;0.000117322;9.30114e-06;0.000142919;8.20508e-05;8.27106e-07;0.0387303;5.73243e-05;3.1436e-07;4.90768e-05;0.255829;0.0953785;0.00244903
1.62304e-06;0.947739;2.22027e-06;2.44453e-06;0.00112753;9.4444e-06;3.68387e-09;0.0188995;2.00194e-06;7.22759e-08;5.1315e-06;0.0183517;0.0128383;0.00102083
1.51154e-06;0.276636;6.2857e-07;2.55549e-05;0.032772;0.00614084;0.0067973;3.16003e-05;1.81623e-07;0.0268464;1.7645e-06;1.83528e-05;8.76962e-06;0.650719
1.47453e-10;4.615e-11;1;1.29263e-10;1.20748e-11;1.70893e-11;4.25628e-10;2.17532e-12;1.96009e-11;6.32887e-12;2.0996e-09;1.42882e-09;1.65266e-10;1.33567e-13
0.00159688;0.131073;0.000198719;4.07005e-05;0.00366831;0.000405771;0.106238;0.364457;0.00263871;0.00239502;0.0814157;0.0857177;0.219541;0.000613207
2.33878e-05;0.458551;6.82041e-07;0.000178387;0.00223113;5.20487e-05;7.02591e-06;0.290355;0.00017591;2.01633e-06;0.00204405;0.0545651;0.189646;0.00216885
7.0763e-06;0.0550266;2.97435e-10;1.55349e-05;0.00649715;6.4325e-07;1.50621e-08;0.933607;1.60962e-06;1.48048e-06;5.94937e-06;0.00465404;0.000176444;6.8521e-06
0.000124354;0.00203074;0.99208;0.00129401;0.000185261;0.000117431;3.14108e-06;5.6601e-06;1.80793e-05;0.00011318;0.000179115;0.00343319;0.000205586;0.000210758
0.000502689;0.00129913;2.2293e-07;7.51857e-09;1.89639e-07;1.26821e-08;6.54495e-06;0.992737;2.25708e-05;4.39595e-08;2.93716e-05;0.000154932;0.00524723;7.9914e-08
9.52296e-06;0.0201585;0.00655749;2.41227e-05;0.00222835;0.000136571;5.50983e-07;0.0100416;1.15412e-05;2.19506e-06;4.26227e-05;0.928184;0.0245218;0.00808153
0.000894617;0.680292;0.00026083;0.000162741;0.00537926;0.00409006;0.00246316;0.0205373;0.0403674;5.63033e-05;0.0204237;0.183324;0.0218231;0.0199256
0.000185729;0.875592;6.75384e-07;1.02353e-05;0.00122535;7.69844e-06;3.52385e-07;0.00462766;1.94748e-05;5.9816e-07;4.73189e-06;0.0862615;0.0316963;0.000367548
0.000213392;0.878954;3.66384e-09;3.13598e-06;0.0305142;2.88499e-06;5.21827e-07;0.0890528;0.000160129;8.36549e-06;5.54647e-07;1.11129e-05;0.00107515;3.36795e-06
0.00017723;0.000727327;0.946723;7.95408e-06;0.030328;2.39523e-06;3.16181e-08;0.00126919;2.39486e-07;7.52153e-06;9.06435e-08;0.0207349;1.31703e-05;8.8231e-06
0.00027157;0.521629;2.18223e-08;8.33298e-08;1.29449e-06;8.83986e-08;0.476451;0.000341042;0.000300096;0.000672557;3.82231e-05;3.24924e-07;1.5348e-06;0.000293024
8.06395e-09;3.2558e-09;1;5.79691e-10;3.8084e-11;3.66904e-12;2.26578e-08;4.20346e-10;1.62272e-08;4.71173e-11;3.39355e-09;1.70556e-08;3.69998e-11;5.48623e-13
1.75685e-07;0.000121095;1.13567e-10;4.73291e-09;9.83055e-06;1.93581e-09;1.43773e-09;0.999858;1.52614e-06;4.19027e-10;4.03929e-08;8.92254e-06;1.3644e-07;1.94144e-08
3.06106e-05;0.0180967;0.971076;5.19241e-05;0.00157884;0.00349218;0.000131152;6.43854e-06;4.83105e-06;0.00252227;4.81552e-06;8.06321e-07;0.00210848;0.000895252
3.50125e-10;8.01152e-12;1;3.78326e-12;1.7203e-12;1.09733e-12;8.32653e-10;6.16697e-12;9.12704e-10;2.5597e-12;1.98324e-10;2.2255e-09;4.59107e-13;6.98046e-13
1.23895e-07;8.41855e-05;0.0565808;2.12904e-08;1.58195e-06;5.00263e-08;2.42501e-08;2.193e-06;7.21042e-07;1.87802e-09;5.51621e-08;0.943324;4.71524e-06;1.21185e-06
3.86659e-05;0.859462;1.60756e-07;1.58075e-07;0.00486375;0.0100831;1.92294e-07;0.0672029;8.44511e-06;6.48256e-07;5.19174e-07;9.88354e-06;0.0256764;0.0326529
2.95053e-09;0.0455409;2.77475e-10;1.28472e-09;3.00744e-05;8.83827e-07;5.74692e-10;2.67444e-06;1.13182e-09;4.025e-09;8.74292e-11;0.000140337;1.28862e-06;0.954284
4.33077e-07;0.00234594;1.37592e-08;1.99268e-08;9.03475e-07;2.67402e-07;1.7087e-07;0.997623;9.86317e-06;5.93111e-10;1.41503e-08;1.93817e-09;1.93529e-05;1.77141e-09
7.64757e-07;0.999046;0.000100347;5.47118e-07;5.81876e-07;4.22009e-08;4.98051e-10;0.00077216;1.26707e-10;5.37224e-08;3.14526e-11;9.50735e-06;6.98036e-05;1.06631e-07
1.23216e-07;0.897398;1.00339e-09;1.14118e-06;3.90003e-07;5.28025e-08;6.69147e-09;0.0156503;1.74448e-08;1.55877e-08;8.4545e-08;0.00131279;0.0856366;2.67153e-07
7.72628e-06;0.00913979;0.00498449;0.000151021;0.00317775;4.04851e-05;3.16777e-06;0.0109895;5.86819e-07;4.03869e-05;9.04994e-06;0.969469;0.000414353;0.0015724
4.09434e-05;0.0273725;2.98668e-09;0.000847222;0.325348;4.53972e-05;0.000225913;0.618696;0.0129576;1.09905e-05;0.0103177;0.000703197;0.00334672;8.81122e-05
0.000151924;0.010062;0.982033;0.00344167;0.000245224;5.79592e-05;6.68257e-06;3.20519e-05;1.88777e-05;5.54565e-05;0.000223808;0.00160216;0.00189027;0.000179322
0.000610512;0.1549;5.20952e-07;1.24513e-06;7.75157e-06;1.11385e-06;5.80467e-05;0.825929;0.000209731;3.89431e-06;0.000134702;2.85912e-05;0.0180934;2.12663e-05
7.45537e-07;0.00580985;2.71006e-05;7.14778e-06;0.000133693;1.87953e-05;1.93236e-07;3.12404e-05;5.9125e-07;1.68492e-06;6.50109e-06;0.993218;7.97226e-05;0.000664544
4.55275e-07;0.000403668;3.04622e-06;5.3124e-09;5.61253e-06;2.54941e-08;2.39249e-08;0.999556;1.50652e-08;1.41752e-08;1.52934e-08;7.6374e-07;2.76572e-05;2.96577e-06
1.19736e-06;0.00130688;2.84456e-06;9.14404e-07;9.9488e-05;9.50852e-07;1.44718e-07;0.000470338;2.0168e-05;6.93732e-07;2.423e-06;0.998;5.51201e-05;3.84059e-05
0.000156719;0.982228;9.93534e-07;3.44132e-07;1.82848e-06;4.83423e-06;3.33984e-05;0.00548633;0.0006429;3.15803e-06;7.35851e-06;4.20739e-06;0.0114305;2.76223e-08
1.64271e-05;0.000836741;0.0229367;4.03154e-06;8.04767e-06;1.85463e-06;1.52895e-07;0.000772877;7.50192e-07;3.83728e-06;6.33612e-08;0.975368;4.82897e-05;2.74742e-06
4.10812e-05;0.792318;1.99286e-07;0.000611016;3.35666e-05;1.41396e-05;0.000179519;0.156529;0.00462964;2.89786e-05;0.00155404;4.37055e-05;0.0439421;7.49943e-05
1.22317e-05;0.978931;0.0168548;0.000299036;2.29167e-05;1.89286e-07;9.29371e-07;0.00252512;3.84356e-07;1.67913e-05;1.24324e-06;0.000799906;0.000173545;0.000361741
0.000313388;0.848251;4.69542e-07;0.000535344;2.49155e-05;1.38896e-05;0.00209783;0.00653434;0.00450092;8.78998e-05;0.0646588;0.0119779;0.0609749;2.81659e-05
0.000101023;0.156637;2.33513e-05;0.000373127;0.000583815;0.000108554;0.000613047;0.493263;0.000179154;0.000184787;0.000423525;0.00247946;0.343966;0.00106454
0.000367676;0.888973;1.41353e-06;0.000632644;0.000561846;0.000460549;0.000380543;0.0676856;0.000148003;0.000953083;0.000319776;0.00992168;0.0258088;0.00378571
0.000771564;0.134451;3.45289e-07;0.0005109;0.000890587;0.00024507;0.000277538;0.200878;0.000993203;9.45503e-05;0.0293952;6.58777e-05;0.631413;1.2615e-05
0.000388523;0.995992;0.00265982;8.09398e-05;3.05316e-06;2.02032e-07;0.000117417;0.00034895;2.56114e-05;1.73349e-05;3.06858e-05;6.33517e-05;0.000260314;1.16535e-05
1.89878e-06;0.963799;7.38713e-10;8.59257e-06;5.16423e-06;1.5273e-06;2.88223e-07;0.00196648;2.6251e-06;8.19181e-08;1.49047e-05;2.80846e-05;0.0341329;3.86424e-05
1.02108e-05;0.0195573;0.000945822;0.00012884;0.00515382;0.000233863;2.81247e-05;0.0327344;5.61232e-07;0.00010909;3.72357e-05;0.910864;0.00287459;0.0273224
1.81657e-06;0.000189843;2.81745e-09;0.000208941;0.793886;0.000499278;2.83668e-06;0.20269;0.000166895;1.46013e-06;0.00131385;0.000246907;0.000305215;0.000487006
3.94535e-05;0.0818032;0.912143;0.00470486;9.17805e-06;8.7933e-06;2.47125e-05;4.56453e-06;2.76556e-06;3.59965e-05;0.000174514;5.55612e-05;0.000973791;1.96571e-05
2.89219e-05;0.00827527;1.2745e-06;1.13469e-07;8.15031e-06;3.0928e-07;2.48538e-06;0.991589;8.38557e-07;3.7129e-07;6.94284e-06;1.49871e-05;6.40456e-05;7.7003e-06
3.00201e-06;0.917232;9.42457e-05;3.85768e-05;0.00268303;0.00541819;0.000162532;0.0305903;1.1594e-06;0.000403443;1.41184e-05;0.000614456;0.0130917;0.0296536
2.49874e-10;7.79544e-10;1;2.46325e-10;3.6341e-12;3.22006e-12;6.0061e-09;2.3295e-10;2.51324e-10;7.98019e-11;1.91605e-09;5.59105e-09;1.36912e-10;1.73752e-13
2.38681e-07;5.13045e-05;0.000280908;1.18153e-06;5.33064e-07;4.5797e-08;2.81257e-07;5.521e-05;4.10383e-06;2.73397e-08;1.12414e-06;0.999603;8.27116e-07;1.10285e-06
4.43083e-06;0.929137;5.54845e-11;1.11577e-05;9.22564e-06;0.000819917;3.76087e-06;0.00684577;6.64486e-05;1.30152e-06;1.15976e-05;2.58044e-07;0.0630777;1.14542e-05
6.0881e-07;0.000346794;0.000113546;1.04575e-07;6.84837e-05;9.83866e-09;1.86374e-10;4.22644e-06;1.5151e-09;1.30913e-09;1.31138e-09;0.999464;1.7327e-06;8.44376e-07
1.55262e-05;0.0119532;4.65927e-08;3.57421e-08;1.22193e-05;1.18274e-06;4.28208e-06;0.987505;2.27733e-05;2.92024e-07;9.65905e-09;3.82172e-11;0.00048526;9.1321e-08
3.5521e-08;1.42822e-08;1;3.88656e-09;1.37188e-10;1.17976e-11;1.76164e-09;5.39839e-09;8.92972e-10;7.75713e-10;2.86495e-10;5.49398e-07;1.24289e-08;1.02988e-11
4.37734e-09;2.52961e-07;0.996466;2.18311e-08;4.43244e-08;2.63788e-09;1.36716e-11;0.000113612;2.96357e-09;5.1212e-11;1.62681e-10;0.00342046;3.16328e-08;8.65858e-08
1.66509e-07;0.00322428;1.44396e-09;5.19256e-07;7.73913e-05;0.000547497;8.85254e-07;4.04414e-07;7.2026e-08;1.41947e-05;1.59264e-08;3.17676e-11;1.90039e-05;0.996116
1.394e-09;1.26956e-10;0.999939;1.86115e-09;2.68441e-09;1.01034e-11;6.64672e-13;6.84418e-11;1.1186e-10;6.53978e-12;7.70178e-11;6.13498e-05;9.7386e-13;1.17929e-11
4.40262e-06;0.00298031;3.8711e-08;1.39146e-07;0.00016279;1.4029e-07;6.89775e-11;0.996845;2.1138e-07;5.51868e-10;2.93846e-09;5.261e-07;5.36489e-06;1.32415e-06
1.32047e-08;6.80976e-07;1.24614e-10;2.52763e-11;1.33413e-07;4.09572e-11;8.51917e-14;0.999992;1.49899e-10;1.03561e-11;9.30121e-13;2.65417e-10;7.1233e-06;1.30828e-11
1.73612e-08;4.10371e-06;0.99998;1.39152e-07;4.93443e-06;5.94517e-07;7.27652e-12;7.57159e-09;4.84594e-12;6.27374e-07;8.15418e-11;9.24907e-06;2.90239e-07;1.31689e-07
2.94159e-06;0.996622;0.000453206;4.43486e-06;9.68701e-07;1.40683e-07;1.73206e-06;0.00239233;2.47605e-05;2.31843e-07;5.11354e-05;0.000296981;7.67121e-05;7.18395e-05
