7.69494e-06;0.999802;8.02237e-05;1.23329e-05;5.50956e-07;5.72306e-08;3.67757e-06;4.79705e-05;2.88049e-07;6.33171e-06;2.86639e-07;1.21938e-06;3.3076e-05;4.39574e-06
6.93369e-08;4.7699e-06;0.999995;2.63666e-08;1.8582e-10;5.44775e-10;6.17603e-08;5.64159e-10;8.39936e-09;2.39231e-08;2.6721e-08;1.38146e-07;2.0208e-08;1.68002e-09
1.02369e-06;0.000184532;7.69263e-07;2.61619e-06;0.000118729;2.45417e-05;3.33629e-07;0.000677377;4.20689e-06;5.96297e-07;7.37859e-06;0.996733;0.000255265;0.00198951
4.60967e-07;0.0411685;1.42945e-06;5.12499e-07;0.000260647;4.4789e-06;1.0327e-06;0.0109908;3.96588e-09;2.83148e-07;1.02359e-06;3.39633e-07;0.946087;0.00148373
8.30625e-06;0.000770897;7.87689e-07;2.44128e-05;0.000153349;0.0156204;1.67854e-05;0.000363284;1.23598e-05;4.1369e-05;3.00723e-05;0.0473692;0.93413;0.00145906
5.95011e-08;2.58881e-06;0.999973;9.82201e-08;4.25309e-09;2.13116e-09;2.73104e-06;1.74762e-10;1.28215e-09;4.68239e-06;4.61052e-10;1.67553e-05;1.35951e-10;8.81008e-08
1.20965e-07;2.57686e-06;0.999989;4.36397e-07;2.20488e-09;6.00088e-09;1.62671e-06;9.76361e-09;1.6411e-06;5.34128e-08;4.01299e-06;9.66859e-08;4.32462e-09;2.60534e-08
1.376e-08;1.63102e-06;8.56958e-11;2.55111e-11;4.11495e-10;4.32468e-11;4.36417e-11;0.999998;4.66893e-08;4.34361e-11;1.1735e-09;2.29099e-09;5.14584e-07;2.05803e-10
1.20771e-06;0.000829344;2.00745e-05;6.61214e-07;6.33191e-05;3.85224e-07;1.03632e-06;3.92268e-05;9.42855e-06;8.22551e-07;2.86406e-06;0.998894;0.000119507;1.77443e-05
1.18462e-05;0.988646;1.4427e-06;2.76147e-06;1.74584e-06;1.49182e-07;5.75114e-05;0.00542405;4.48697e-05;4.38637e-07;6.15034e-05;0.00218221;0.00349536;7.0587e-05
2.16696e-07;0.996044;1.39468e-05;9.84892e-07;3.10489e-07;2.15759e-08;4.67231e-08;3.98139e-05;5.80471e-07;2.71388e-08;1.88635e-06;0.00380255;9.11827e-05;4.20577e-06
5.41491e-07;0.990531;4.02932e-09;4.27251e-06;3.38907e-06;4.42109e-06;1.67537e-07;0.000628716;1.92388e-07;1.29074e-06;2.70295e-07;0.00692858;0.00180978;8.69766e-05
1.629e-07;0.00100706;1.45994e-10;2.5637e-07;1.12264e-08;2.19513e-07;8.52143e-09;0.000142651;7.49465e-08;1.90849e-09;5.59112e-07;3.9787e-05;0.998809;2.29535e-08
1.93475e-06;0.000422319;1.22817e-06;1.0187e-05;1.04565e-06;6.3886e-06;2.19563e-08;4.70436e-05;1.07722e-06;3.44367e-07;9.04133e-06;0.996994;0.002501;4.46432e-06
8.9098e-06;0.71659;2.76673e-06;1.08327e-05;1.09595e-05;2.87478e-05;7.93587e-07;0.0482398;6.67893e-06;6.03036e-07;1.4729e-05;0.00309437;0.231984;6.66739e-06
4.41995e-05;0.445317;1.27626e-05;0.00880821;0.000300772;9.34897e-05;1.21318e-05;0.485812;2.01724e-05;0.000129876;0.00162812;0.0258732;0.031199;0.000748697
8.72678e-08;0.99848;6.03803e-13;3.02649e-08;6.59045e-11;1.96857e-10;0.000227172;2.03158e-09;2.42627e-10;1.00806e-05;2.00842e-07;1.39073e-11;1.73668e-08;0.00128233
1.77128e-11;3.8367e-12;1;3.04818e-12;6.5384e-13;4.61096e-13;2.93715e-09;3.90193e-13;9.9789e-13;8.53024e-12;6.64751e-11;4.1541e-08;2.04517e-12;7.27927e-14
2.21133e-05;0.331214;3.90664e-06;0.000174698;3.63988e-05;0.000117564;0.0296284;0.0348735;0.0278559;2.15134e-05;0.127271;6.23539e-06;0.448772;2.01885e-06
1.68473e-05;0.0380635;3.08372e-06;4.52625e-07;6.04987e-06;6.79759e-06;6.4224e-08;0.958721;2.51538e-07;1.56502e-06;8.37156e-07;1.87566e-05;0.00306315;9.73369e-05
1.7225e-06;0.00842514;2.6379e-05;2.00664e-05;0.000138299;5.07409e-05;1.58145e-07;6.01867e-05;2.38168e-06;3.71838e-06;3.53774e-05;0.987909;0.000152207;0.00317456
3.56592e-05;0.833199;1.01579e-05;4.03136e-06;4.57718e-05;4.04683e-06;3.68137e-05;0.148243;0.000239924;3.58524e-06;0.000374581;7.71532e-05;0.0177225;3.3107e-06
0.000206314;0.209253;4.70977e-05;2.08837e-06;0.000485337;2.26181e-07;1.37389e-05;0.000300418;0.000104017;1.67396e-05;2.16088e-05;0.789226;0.000307545;1.60348e-05
0.00260574;0.00516676;1.24634e-07;5.31787e-06;0.000506515;0.000130938;1.27531e-05;0.844551;0.0481399;1.07006e-06;0.000115037;1.95277e-05;0.0987391;5.71275e-06
4.48613e-07;0.999997;2.26469e-09;7.11692e-11;1.40598e-11;3.54676e-11;6.2626e-07;8.37373e-08;3.94522e-09;8.78422e-08;2.79811e-11;9.3453e-10;1.70691e-06;1.03856e-08
1.60484e-09;3.60397e-09;0.999999;1.20287e-09;1.52367e-10;9.44944e-10;5.57719e-09;1.16482e-11;1.56247e-09;2.77026e-09;7.96746e-11;5.88961e-07;3.67861e-09;2.37132e-09
7.63455e-05;0.0122147;6.71323e-08;8.69957e-05;0.000122323;0.0195903;0.00202562;0.0157379;0.262659;2.3285e-05;0.00272565;8.37225e-05;0.68463;2.36669e-05
5.248e-05;0.900932;0.0978338;4.08688e-05;4.62855e-06;1.03952e-06;2.52476e-05;1.97263e-05;1.29287e-05;2.1596e-05;2.20367e-06;5.53508e-05;0.000958658;3.97658e-05
0.0002166;0.664585;4.11739e-07;0.000222666;0.00144339;0.000240432;0.000834888;0.103624;0.0541837;0.000203673;0.00216707;0.000501874;0.171728;4.77471e-05
0.00185152;0.177714;0.455396;0.00635554;0.11057;2.54453e-05;4.09476e-06;0.00621826;0.000181988;0.000154314;4.87167e-05;0.236395;0.000224695;0.00486079
0.000206169;0.978143;5.81604e-08;1.93221e-07;3.16244e-07;2.17831e-06;2.56658e-05;0.00258308;4.2269e-05;2.87169e-06;2.83752e-06;4.4809e-05;0.0189462;5.89029e-08
5.74247e-06;0.00028236;3.67219e-07;4.11797e-05;6.75759e-05;0.000155498;1.98101e-07;0.000100175;2.39858e-05;6.57207e-07;4.14734e-05;0.130442;0.868785;5.38351e-05
0.000274724;0.000437494;1.35098e-06;7.90265e-05;2.01555e-05;7.53035e-07;9.80072e-07;8.92368e-05;0.000929263;6.44297e-07;0.000340007;0.997723;0.000102638;8.36556e-07
8.37218e-07;9.3466e-05;2.70515e-10;1.48556e-08;1.2857e-05;2.90751e-09;1.56522e-09;0.999891;5.71099e-07;1.69285e-09;2.08046e-08;9.29882e-08;8.32665e-07;9.79231e-08
5.42889e-07;0.000318586;0.99933;6.68394e-06;8.8331e-05;5.75776e-05;1.24022e-06;7.0612e-07;2.52628e-09;0.000102253;4.19383e-08;2.08205e-07;3.39392e-05;5.98569e-05
6.30831e-10;7.22687e-12;1;1.17296e-11;8.93087e-12;1.35792e-12;4.90859e-10;7.41766e-11;5.31525e-10;4.32973e-12;8.83118e-10;1.33431e-08;1.47071e-13;1.75532e-12
1.34356e-08;1.42123e-05;3.45996e-05;1.77813e-08;4.65417e-08;2.11668e-08;4.12169e-09;1.76248e-07;3.7469e-06;4.17511e-10;7.31318e-07;0.999946;4.13797e-07;6.26059e-08
1.37061e-06;0.962727;2.29782e-08;6.17358e-10;4.33403e-08;1.56798e-05;2.4135e-08;1.27661e-06;1.16739e-07;9.3992e-10;5.81918e-08;7.57416e-07;0.0372526;1.06404e-06
1.28284e-07;0.000389799;7.20745e-06;2.56092e-08;0.000104923;2.74405e-05;4.86494e-10;2.14195e-06;1.0514e-07;1.96456e-09;2.12118e-08;0.999167;5.83043e-05;0.000242937
8.37107e-07;0.000440914;9.32122e-10;7.47788e-09;7.88873e-07;8.747e-08;1.94123e-09;0.999523;2.24599e-05;2.14457e-11;1.36012e-08;8.21509e-08;1.13485e-05;5.26786e-09
3.26723e-06;0.98591;6.39404e-09;4.70558e-08;3.04623e-07;6.68658e-09;3.65925e-09;0.00197577;3.74147e-08;3.97563e-09;1.17335e-09;0.000197324;0.0119135;2.92774e-07
8.34932e-06;0.0462392;4.77278e-09;1.90819e-06;0.000106166;7.76314e-06;5.89685e-08;0.00125368;6.64549e-08;6.07956e-07;2.07241e-08;0.00515173;0.0358281;0.911402
3.91096e-05;0.0720706;5.93842e-05;2.51527e-06;9.08725e-05;1.00529e-05;9.32773e-08;0.705531;1.40938e-07;3.13829e-07;2.79555e-07;0.0719012;0.127331;0.0229636
5.97302e-07;0.00323031;3.60299e-08;7.60238e-06;2.25657e-05;0.00018913;1.07037e-06;2.20653e-06;6.74036e-07;1.1073e-07;5.33111e-07;2.85639e-06;0.996433;0.000109078
2.89501e-05;0.00241299;0.992663;7.71237e-06;4.96053e-07;1.87138e-07;8.53267e-08;8.76897e-05;1.19374e-07;7.20951e-07;3.08574e-08;0.0047452;4.7395e-05;5.28316e-06
2.77975e-05;0.979765;3.61285e-06;0.000266541;1.15361e-05;4.93188e-05;5.72895e-06;0.00675978;0.00139014;1.83133e-06;0.000699946;0.0013752;0.00713751;0.00250608
2.40749e-05;0.380186;9.57287e-07;3.42426e-07;7.73229e-07;1.58952e-07;3.12704e-07;0.611925;7.979e-07;8.18205e-07;4.6299e-07;6.41698e-06;0.00784385;9.46526e-06
5.32758e-08;0.000780312;2.73341e-05;6.94154e-07;9.90745e-06;1.01889e-06;5.87038e-09;7.57852e-06;1.20077e-08;1.2265e-07;1.01695e-07;0.998754;5.26027e-05;0.000366298
1.55324e-06;0.139818;9.91412e-07;4.90426e-07;4.68624e-06;9.69261e-06;1.56761e-06;0.787898;2.5691e-06;6.55443e-07;4.18194e-06;1.58836e-05;0.0722245;1.71957e-05
4.17337e-05;0.00552;1.84085e-07;7.87922e-05;0.0181546;2.06098e-05;5.06628e-06;0.726601;7.05659e-05;5.17894e-06;3.35144e-05;0.00972089;0.239646;0.000101139
0.0353513;0.788128;0.114716;0.00629321;0.000374389;2.31323e-06;6.46023e-05;0.0263592;0.0261899;0.000104413;0.000278849;0.00138824;0.000498413;0.000250404
9.67543e-05;0.819209;3.10376e-09;8.60966e-07;3.27574e-07;8.8753e-07;3.45809e-07;0.171738;0.000236295;6.50359e-07;8.59797e-06;8.68125e-06;0.00869887;1.00444e-06
7.33977e-05;0.935133;5.41464e-06;5.49583e-05;6.26798e-06;8.3486e-06;0.0484946;3.86016e-05;2.01234e-05;0.014674;0.000299689;0.000129144;3.02179e-05;0.00103224
6.77829e-07;2.45832e-08;0.999983;3.3322e-07;1.50484e-08;1.78386e-09;1.03594e-05;1.65558e-08;2.04335e-06;5.7235e-08;2.68148e-06;8.43072e-07;4.01631e-10;3.63619e-09
0.000532955;0.14087;1.06157e-05;0.000145931;2.16076e-05;0.00010927;0.000150549;0.0307546;0.00179873;3.75885e-05;0.00127614;0.0229931;0.801293;5.87506e-06
3.43097e-05;0.0473049;1.50292e-07;0.00015803;7.23457e-06;0.00111025;4.60471e-07;0.00102582;7.29622e-06;5.84169e-06;7.77389e-05;0.000693106;0.949555;2.03829e-05
1.91109e-05;0.0145588;0.979199;1.75342e-05;1.13244e-06;2.26382e-07;2.2249e-07;8.2228e-06;3.18977e-08;7.58333e-07;4.11775e-07;0.00614696;3.45696e-05;1.30867e-05
1.47462e-05;0.0269979;4.26387e-07;3.71056e-05;3.09498e-07;7.03624e-06;0.959145;6.59035e-06;0.000203867;0.00848173;0.00484659;7.19774e-08;6.10327e-05;0.000197547
6.53772e-07;7.90862e-07;0.99988;2.50159e-06;2.5102e-08;1.06647e-06;2.01088e-05;2.38159e-10;4.82326e-05;2.54673e-07;3.53886e-05;1.02354e-05;2.77054e-07;3.00181e-09
4.85077e-06;0.999655;1.99926e-05;2.08613e-06;1.15245e-06;4.98008e-08;2.98409e-06;0.000276546;1.32621e-06;2.09525e-07;2.132e-07;6.60762e-07;3.53162e-05;3.11684e-08
8.4948e-05;0.471688;9.1965e-07;3.98271e-06;2.03898e-05;1.7515e-05;1.29329e-05;0.0194375;0.000127478;7.00981e-06;2.6235e-05;0.473401;0.0351581;1.4067e-05
1.75677e-05;0.674546;9.80993e-06;4.73129e-05;7.00884e-05;8.0303e-06;7.81748e-07;0.00215315;2.66766e-05;2.03145e-07;3.33329e-05;0.280689;0.042351;4.65074e-05
0.000115121;0.105948;0.00100272;0.000107622;0.00416303;2.84993e-05;2.121e-05;0.124183;8.57982e-05;7.49093e-06;5.39863e-05;0.758999;0.00308836;0.00219682
3.04916e-05;0.0954232;7.1487e-08;9.01269e-05;6.54954e-05;0.0046312;0.000183515;0.000119256;0.000202643;2.71232e-05;3.39021e-05;0.000832843;0.892588;0.0057717
0.000396138;0.0310516;0.705676;5.37293e-05;3.55372e-05;4.54634e-05;7.44249e-06;0.00145572;4.66504e-06;1.17814e-05;1.23289e-06;0.254025;0.00711613;0.00011976
3.5063e-07;0.989465;2.49239e-08;5.63659e-07;5.91422e-07;8.11301e-06;4.55219e-06;0.00423816;9.66839e-07;5.66253e-07;7.57176e-08;1.77282e-09;0.00625061;2.99254e-05
2.41977e-09;8.94253e-08;0.999997;1.73573e-08;2.24298e-10;8.51067e-10;1.21152e-08;4.02009e-10;8.58878e-10;1.66924e-09;8.74864e-09;3.07563e-06;1.09938e-07;8.47637e-11
4.63428e-07;0.0342105;0.000112266;9.73278e-06;7.86444e-05;1.5916e-05;1.08486e-07;0.140661;2.0259e-06;1.71222e-07;1.09349e-06;0.82451;0.000246374;0.000151733
9.98901e-06;0.177934;6.08586e-06;0.00014565;0.0424354;0.00560263;4.72678e-05;0.752794;0.000395925;3.18878e-05;0.000804663;0.00138692;0.0141746;0.00423082
1.7428e-06;0.788409;6.47473e-07;1.30279e-05;0.0201119;0.0147085;0.000107982;0.163114;4.18831e-06;0.000413589;3.44402e-05;0.000243176;0.0106671;0.00217072
7.59469e-10;8.16273e-08;1;1.81975e-09;1.21563e-10;4.86613e-11;1.07325e-09;3.69393e-10;1.38131e-10;1.3644e-10;1.65522e-10;1.54427e-07;1.97668e-10;3.18756e-12
1.17953e-05;0.958672;1.05273e-05;1.05298e-05;1.44638e-05;1.98773e-05;1.29596e-06;0.0210908;1.18773e-05;4.48263e-07;5.33886e-07;0.0023726;0.0177721;1.09756e-05
2.2699e-06;0.115279;4.19277e-08;8.05697e-06;0.00180301;0.000575284;2.91878e-07;0.0549417;7.07284e-06;3.9739e-06;1.46662e-06;3.46353e-05;0.827336;7.40515e-06
0.000387459;0.0435169;0.0257841;0.0265738;0.159832;0.173978;2.96597e-06;0.000125356;1.69217e-07;0.00169572;5.0727e-05;0.0691409;0.495712;0.00320035
0.00141404;0.0253138;0.88245;2.15782e-06;0.000733982;4.5652e-08;1.26527e-05;0.0802836;6.55989e-07;1.5362e-06;4.93499e-07;0.00978231;3.04515e-06;1.65279e-06
3.85946e-06;0.0204486;4.36072e-09;1.80942e-08;9.60197e-07;1.01187e-07;0.977855;0.00144237;3.04382e-05;0.000212855;2.95171e-07;8.24897e-11;3.82005e-06;1.75126e-06
3.80939e-09;4.6281e-11;1;5.60154e-10;3.10184e-11;4.11074e-11;2.00648e-08;1.37587e-11;7.30859e-08;9.45938e-11;1.60505e-09;1.3983e-07;2.38347e-12;5.24702e-11
3.94017e-05;0.989144;2.0403e-08;1.03432e-06;9.99887e-07;9.39007e-07;0.000215241;0.00948885;0.000494184;2.14352e-05;1.24497e-05;4.74383e-08;0.0001265;0.000454526
2.64176e-09;1.44679e-09;1;3.42045e-11;9.78834e-12;1.75162e-12;5.39611e-10;2.33212e-13;2.03301e-09;1.87103e-10;2.39023e-10;6.78503e-09;3.0409e-12;2.62825e-11
0.000455631;0.00233184;5.10127e-06;2.19e-05;0.0203727;0.00164449;1.53043e-05;0.0942845;0.0110092;6.70314e-06;0.000376351;0.76306;0.0253242;0.0810921
0.000157107;0.045712;0.0010268;1.06465e-05;0.016433;7.1307e-05;2.9488e-05;0.157752;1.02658e-05;1.80497e-05;2.6174e-05;6.6456e-05;0.763302;0.0153854
1.80765e-05;0.00036507;5.64747e-07;5.49803e-06;0.000157284;0.013889;4.32015e-05;0.000647172;0.000182271;2.08858e-05;5.04181e-05;0.00106555;0.983256;0.000298677
1.41992e-07;1.97758e-06;0.999955;4.68618e-08;2.94707e-09;3.42923e-09;2.84293e-06;3.43186e-11;2.57157e-09;7.2933e-06;2.05166e-10;3.24311e-05;5.6408e-10;1.23944e-07
8.71908e-07;1.40399e-06;0.999902;7.75878e-07;8.77959e-09;3.64782e-09;6.03995e-06;1.56082e-08;6.79193e-05;1.37443e-07;1.47386e-05;6.33114e-06;2.58085e-09;1.56277e-09
3.82674e-07;1.8759e-05;0.999926;2.59839e-07;2.49895e-07;6.75372e-09;3.68413e-08;2.21832e-05;1.59531e-07;2.64391e-08;1.66586e-07;9.1907e-06;2.22794e-05;3.11422e-07
2.23944e-09;0.999995;4.6653e-11;3.5796e-11;4.27954e-12;6.88294e-12;2.52914e-06;2.37131e-08;7.1361e-11;1.22637e-08;9.41176e-11;3.27535e-11;3.62782e-09;2.29815e-06
7.65917e-12;1.93518e-11;0.999996;6.47185e-13;4.07496e-12;5.57942e-14;5.18387e-12;2.79136e-12;4.02939e-13;6.36676e-13;1.75475e-13;3.86336e-06;3.70645e-13;7.25487e-13
1.22167e-06;0.0500961;1.43332e-08;2.35013e-07;7.77072e-07;2.60729e-06;0.000147407;0.947697;1.46467e-05;2.75553e-06;1.56127e-06;2.90693e-09;0.0020343;1.17426e-06
7.32898e-09;6.65654e-09;0.999998;1.01719e-08;5.1031e-10;8.24839e-10;4.62035e-08;5.72458e-10;3.58198e-09;5.89695e-09;7.9293e-09;2.24985e-06;6.65401e-08;1.24651e-10
1.58061e-08;5.99529e-08;0.999644;4.75587e-07;2.66676e-06;1.95477e-07;5.33403e-09;9.82617e-05;4.1338e-08;2.63156e-09;4.24109e-09;0.000249051;1.97818e-08;5.47755e-06
2.12454e-08;3.67124e-06;3.86728e-07;3.45219e-08;0.000106681;0.0015011;2.63526e-11;1.8673e-06;3.63904e-09;4.34112e-08;4.64548e-11;5.84449e-08;3.35572e-07;0.998386
0.000110516;0.00242811;5.46649e-08;5.59814e-06;6.14873e-05;6.39128e-06;2.19659e-07;0.946908;0.000189488;2.18174e-07;8.75951e-05;3.22688e-05;0.050167;2.96018e-06
3.41359e-06;0.999832;4.91544e-06;2.51723e-06;5.87091e-07;5.00203e-09;4.53483e-09;7.36415e-05;9.12106e-09;6.44812e-08;3.44626e-09;6.37598e-08;7.82786e-05;4.63949e-06
5.39916e-08;0.99986;2.79355e-10;3.37067e-08;1.45802e-09;1.05932e-10;2.90246e-07;0.000137257;3.89541e-10;8.60234e-07;6.87742e-10;1.78827e-08;6.18192e-09;1.57184e-06
3.79099e-10;6.00603e-11;1;8.86944e-09;2.80415e-10;2.6166e-11;9.43899e-09;6.98735e-11;7.42532e-10;2.36048e-09;3.2903e-09;4.92142e-07;3.50644e-12;3.27066e-10
6.11817e-05;0.914076;3.29597e-08;2.89917e-06;4.71102e-06;4.54696e-06;8.86123e-06;0.00334133;1.84436e-05;1.51045e-06;4.36531e-05;7.18843e-05;0.0818665;0.000498203
9.00681e-05;0.570553;0.0132613;1.57447e-06;1.1138e-05;1.00809e-07;9.35042e-06;0.0432696;2.67245e-06;1.80488e-06;3.6976e-05;0.360107;0.0126456;9.18177e-06
3.17477e-06;0.440407;6.53894e-08;4.03576e-05;0.000817306;0.00864265;2.15766e-05;1.21867e-05;2.43249e-06;6.50302e-05;7.86812e-06;0.00197975;0.519016;0.0289843
0.000261178;0.000696716;0.12107;2.93662e-05;3.27807e-07;8.83245e-07;0.000950237;3.2163e-09;1.14055e-06;0.0064032;6.3001e-07;0.869568;4.49554e-06;0.00101316
6.55002e-07;1.96899e-07;0.999973;1.06373e-06;7.01277e-10;3.49741e-09;1.08726e-06;1.07425e-08;1.85094e-05;2.35464e-08;4.6164e-06;8.64981e-07;5.25035e-07;1.56344e-10
1.91005e-08;9.62805e-05;9.86413e-11;1.15607e-08;1.11911e-06;2.97846e-10;2.62686e-10;0.999902;6.18518e-08;1.44873e-09;3.74089e-08;5.4655e-07;3.31545e-08;1.26328e-08
1.21896e-07;0.000618476;0.999177;1.97825e-06;1.50798e-06;6.50864e-06;8.72577e-06;2.56108e-07;9.90271e-09;8.06296e-05;3.38991e-07;4.26089e-08;0.000102785;1.45248e-06
1.27425e-09;6.69027e-10;0.999999;1.27292e-10;2.66408e-11;4.69525e-11;9.97828e-09;1.02345e-09;2.2265e-09;9.08798e-11;8.50396e-09;9.0936e-07;2.68909e-11;7.72873e-11
7.72779e-08;3.59302e-05;0.00168559;1.8146e-07;2.60668e-06;6.07827e-07;3.66342e-08;5.14667e-06;5.62465e-06;7.75586e-09;1.50087e-06;0.998249;2.07611e-06;1.14282e-05
7.0293e-07;0.972166;6.74607e-11;2.2969e-10;8.72889e-08;7.85364e-06;7.34797e-09;3.13042e-06;1.54529e-08;1.71669e-10;3.42837e-09;6.77857e-07;0.0278218;1.83945e-07
1.1619e-07;5.85789e-05;4.10609e-05;1.76364e-08;8.99533e-05;3.41773e-05;1.96841e-11;2.3217e-05;5.13006e-09;1.05374e-09;8.491e-10;0.997375;0.00235625;2.12522e-05
2.30215e-07;9.04008e-05;7.21616e-08;2.98581e-08;3.65047e-06;7.31936e-06;1.06881e-10;0.999881;6.50207e-06;5.1418e-11;1.75201e-09;2.59395e-08;1.11444e-05;2.30172e-08
6.30541e-07;0.00356417;1.48214e-09;1.83441e-07;8.19928e-09;3.12088e-07;3.16438e-10;0.000528973;2.64331e-07;3.2683e-09;2.34044e-09;1.29337e-05;0.995893;8.15105e-10
1.64953e-05;0.0731414;8.27182e-06;1.77631e-05;1.23715e-05;3.67558e-08;4.78163e-08;0.00303736;3.33341e-07;1.75689e-06;9.27152e-07;0.923744;8.78544e-06;1.04033e-05
0.00151332;0.285731;0.002423;5.94751e-05;0.00144315;6.17021e-07;1.63916e-06;0.703006;6.85178e-05;9.33156e-06;0.000106224;0.00234873;0.000583502;0.00270498
0.000122143;0.00807619;2.43232e-08;1.6318e-05;0.245391;1.29899e-05;7.14077e-06;0.744423;0.000658763;0.000250335;1.79919e-05;0.000191639;0.000540577;0.000291948
1.6937e-05;1.6779e-05;0.999707;1.08435e-05;0.000110911;1.14058e-06;6.1633e-07;5.36731e-08;3.58091e-06;6.55029e-05;1.4227e-06;6.10661e-05;5.76198e-07;3.73455e-06
0.000452595;0.840008;0.000155669;0.000169048;0.000329524;1.60769e-05;0.000104463;0.0647668;0.0692591;8.23878e-06;0.0213901;0.000826783;0.00187041;0.000642884
