8.57593e-06;0.861288;0.138191;3.74622e-05;5.78954e-06;3.09013e-07;1.85553e-06;0.000129866;5.37437e-08;4.28201e-06;9.75104e-08;0.000154485;0.000173608;4.47605e-06
0.000155845;0.47827;8.75031e-07;0.000166821;0.000161388;7.98418e-05;3.65732e-05;0.437531;0.000143537;1.71705e-05;0.000235198;0.00414553;0.0789664;9.00122e-05
9.54856e-06;0.498131;8.72509e-08;3.74565e-05;8.12927e-06;2.89799e-05;1.50968e-07;0.00257054;4.97158e-06;1.35274e-06;1.15638e-05;0.498407;0.000754146;3.56751e-05
0.00417222;0.482009;3.74646e-07;0.00042709;0.0006297;0.00162429;6.65105e-05;0.0515431;0.000283531;3.41706e-05;0.00187664;3.35809e-05;0.0223966;0.434903
3.44433e-05;0.999066;3.44273e-08;1.21478e-07;1.14449e-08;1.94015e-08;0.000419212;8.33797e-05;2.26489e-07;4.00726e-05;2.26912e-07;4.50864e-07;0.000352611;3.22251e-06
1.02944e-10;2.26775e-10;1;1.24472e-09;5.87971e-12;1.40875e-11;6.17355e-11;5.89839e-13;2.48787e-10;6.18184e-11;3.52501e-10;7.70496e-10;7.5713e-12;6.10974e-12
0.000115149;0.891589;3.25012e-07;0.000584933;8.7212e-05;0.00115802;0.00206535;0.00238967;0.00809748;0.000165567;0.0582882;0.0101885;0.0248483;0.000422813
0.000497342;0.0216962;1.7212e-06;0.000800146;0.0003324;0.00267782;0.000505166;0.0212265;0.00449788;7.23407e-05;0.187833;0.103595;0.652661;0.00360371
3.7405e-05;0.707952;0.00892004;7.22614e-05;0.000263233;0.000117456;1.49979e-05;0.116073;4.5257e-06;4.25068e-05;8.34774e-06;0.000108082;0.162402;0.00398427
2.87091e-06;0.00324863;1.30063e-08;4.48382e-06;6.17933e-06;0.000739006;2.60796e-05;8.31071e-07;1.37633e-05;3.20273e-06;1.05144e-05;0.000163299;0.995756;2.53319e-05
0.000119401;0.00366736;0.98862;0.000108694;2.80882e-06;4.4699e-06;0.00187875;8.17415e-08;4.95094e-06;0.00164944;1.3267e-05;0.00374987;2.50458e-05;0.000156318
1.91178e-07;2.61498e-07;0.99999;1.29853e-07;6.69896e-08;6.04137e-09;2.36618e-06;6.93146e-08;1.30144e-06;3.2832e-08;2.30337e-06;2.87879e-06;4.8512e-09;2.10658e-09
1.48702e-05;0.00475097;4.93651e-06;1.03106e-05;0.000796043;1.66787e-05;3.09197e-05;0.981547;0.00400822;1.1666e-05;0.00356899;0.00481951;0.000401912;1.80202e-05
5.97442e-07;7.52323e-06;0.999944;1.47429e-07;2.67329e-06;1.00545e-08;2.56367e-08;2.72601e-05;2.32378e-07;2.28328e-07;1.87278e-06;1.06189e-05;5.23439e-06;1.1234e-07
1.857e-06;0.999765;8.88215e-08;4.92026e-09;7.61211e-08;1.42274e-10;0.000219135;2.45949e-07;1.72873e-07;6.23289e-06;4.89289e-08;4.67068e-10;1.45949e-08;6.57226e-06
1.60647e-08;3.11883e-10;0.999996;3.94711e-12;1.21774e-11;1.7007e-14;1.24079e-08;5.12895e-10;1.70079e-07;3.12835e-12;8.93814e-10;3.91381e-06;2.71804e-12;1.98623e-13
3.60952e-05;0.00539129;8.96655e-08;6.97689e-07;0.000119025;3.50649e-06;2.34007e-06;0.947434;0.0302455;1.88796e-07;0.000307514;1.25184e-05;0.0164162;3.13201e-05
1.64145e-06;0.968229;0.000523445;1.76548e-06;4.23683e-05;2.58824e-06;5.5805e-09;0.00247366;5.26276e-06;1.48387e-07;1.46487e-06;0.0277068;0.00100923;2.34369e-06
4.45447e-06;0.00570612;2.7289e-06;1.93992e-06;0.942221;0.0291908;1.26331e-07;0.00326828;4.65275e-06;2.68153e-05;1.31228e-07;0.000546077;0.000311165;0.0187157
4.33689e-06;9.37719e-05;1.37476e-09;1.70208e-08;9.72715e-07;2.09308e-08;6.24975e-09;0.998619;2.10502e-06;1.32932e-09;1.23835e-08;4.13833e-06;0.00127597;1.06138e-08
2.82335e-05;0.00625177;1.50628e-06;7.42029e-06;2.1145e-06;1.08041e-06;7.6743e-08;0.000595171;6.90176e-05;7.88171e-07;1.75856e-06;0.989309;0.00372775;3.87879e-06
1.58394e-05;0.9789;0.0189746;2.04508e-05;2.58873e-06;1.07495e-07;4.96234e-07;7.05214e-05;6.98953e-08;1.58988e-06;3.95002e-07;0.00187041;0.000142199;3.04781e-07
0.000207407;0.675777;0.000143889;4.98765e-05;5.87151e-05;6.6611e-06;0.000913423;0.289484;9.46353e-05;0.0002241;0.000880064;0.0185892;0.0134974;7.29822e-05
0.000103601;0.396335;5.17583e-05;0.0245102;0.0106305;0.00511649;0.000218831;0.0121403;0.00459781;0.00254065;0.0308983;0.501156;0.00544433;0.00625672
0.0021829;0.879958;0.00919343;0.0320613;0.000427469;5.22249e-05;0.015463;9.88722e-05;0.000199521;0.0509568;0.00118103;0.000872626;6.7423e-05;0.00728492
2.56911e-06;8.13769e-07;0.999965;1.03715e-07;4.47062e-09;1.61042e-09;1.66646e-06;9.81621e-09;4.39286e-07;1.05785e-08;4.97137e-06;4.5817e-06;1.99367e-05;1.17473e-11
2.47744e-06;0.00200704;1.55592e-06;3.53916e-06;5.30722e-07;1.022e-06;8.298e-06;0.00426916;3.41146e-05;5.20338e-07;0.000165692;0.000124689;0.993381;1.87179e-07
1.19635e-05;0.0541085;0.000179257;0.0034504;0.00123644;0.00190795;0.00013863;0.0173247;0.000180736;0.000134161;0.00175562;0.00616051;0.910023;0.00338773
0.000962962;0.509706;1.53514e-06;0.0015974;0.00121849;0.00138393;0.0013904;0.256265;0.000371024;0.00159795;0.00624862;0.000425901;0.206479;0.012352
0.00222473;0.0225686;3.4714e-05;0.000608219;0.000104453;2.31985e-05;0.000181308;0.215014;0.000989137;2.80068e-05;0.0135013;0.00103256;0.743681;9.25116e-06
9.17161e-06;0.998325;8.74411e-08;1.72338e-06;5.84358e-07;5.86006e-09;3.54816e-07;0.0013518;1.27016e-06;3.15765e-07;4.37204e-07;1.94478e-07;0.000308524;1.35873e-07
3.14667e-10;3.49184e-09;1;2.26887e-10;1.40193e-11;1.13782e-12;3.12834e-11;1.02112e-10;1.72381e-11;3.83561e-11;2.02032e-11;5.30228e-08;2.30923e-10;6.28374e-12
4.92143e-07;5.94327e-06;3.51566e-07;1.42086e-06;7.2554e-05;3.22222e-05;8.20465e-08;0.00134931;2.37285e-06;1.2272e-06;2.22635e-06;0.000242858;2.04624e-05;0.998268
2.42666e-05;0.785626;8.57278e-06;1.08765e-05;0.000733627;8.10244e-05;3.71572e-05;0.168411;5.88447e-05;8.09225e-06;0.000646511;0.00247686;0.0401699;0.00170692
1.80594e-05;0.0355046;2.46984e-06;7.79436e-06;3.38053e-05;0.000502097;7.40349e-06;0.000111388;1.41674e-05;5.25558e-06;0.000653532;0.203043;0.760047;4.94606e-05
4.76667e-05;0.00663307;0.990144;3.13115e-05;1.20637e-05;2.57661e-07;0.000114642;1.10375e-05;1.90621e-06;0.000834517;1.85343e-06;0.00213504;7.50315e-06;2.549e-05
2.24878e-07;2.47486e-06;0.999989;3.49025e-07;6.13643e-09;9.51201e-09;3.81227e-07;4.90667e-08;1.7951e-06;3.71062e-08;1.71373e-06;2.93343e-06;8.10292e-07;5.21414e-10
2.04011e-07;0.981594;2.60568e-09;2.59756e-08;1.94384e-09;1.8566e-09;9.48021e-07;3.63403e-07;7.9524e-07;2.35328e-08;2.02424e-06;0.000295483;0.0181067;4.82882e-10
6.0294e-07;0.00300818;0.000271168;9.90713e-06;0.00249755;0.000100141;1.29898e-07;0.00164225;5.64043e-07;5.13895e-06;1.82517e-06;0.989515;0.000399262;0.00254785
4.22201e-06;0.83079;6.76239e-06;3.89322e-05;7.48308e-05;0.00036424;2.93788e-05;0.00147744;4.98562e-05;6.99571e-06;0.000218983;0.00512;0.161428;0.000389885
1.50473e-05;0.114692;3.25641e-06;0.00330489;0.00233897;0.00300634;0.000253007;0.000789474;1.12772e-05;0.000260848;9.07134e-05;0.000219332;0.867541;0.0074737
0.00554284;0.0968222;6.19947e-06;0.116378;0.469141;0.00274282;2.7975e-06;0.0940525;0.00860386;2.9896e-05;0.000795689;0.200852;0.00488602;0.00014371
0.0224821;0.759112;0.000871593;0.000119993;0.00191165;1.69825e-05;1.06767e-05;0.131119;0.00707535;4.85198e-06;0.000148028;0.0029041;0.0741924;3.09406e-05
2.26677e-05;0.0693446;6.54929e-09;2.04317e-06;0.00152337;2.40573e-05;4.13525e-05;4.58106e-05;5.09233e-05;0.000773516;2.43165e-07;7.12158e-07;5.49127e-06;0.928165
3.36199e-09;1.10757e-11;1;9.0464e-11;7.40511e-12;3.03074e-13;1.14157e-10;2.67214e-11;1.28364e-08;2.35819e-12;7.2413e-11;6.42832e-09;1.58385e-11;4.86203e-14
1.72445e-05;0.000192805;7.35504e-09;0.000103552;4.25513e-06;1.68359e-07;8.16086e-07;0.0150271;0.977054;3.95025e-07;0.00749246;0.000101377;5.77562e-06;3.47078e-08
0.000310934;0.982891;3.81695e-06;6.26481e-06;4.34688e-06;5.46107e-08;8.55294e-07;0.0156027;1.14161e-05;4.01908e-06;1.31351e-05;0.00103186;0.000118353;1.49621e-06
1.49762e-06;0.001448;2.31437e-09;1.69755e-06;0.000569735;1.19056e-07;5.03681e-09;0.980012;2.91683e-06;5.12299e-07;3.81303e-07;0.0179485;1.17706e-05;2.29395e-06
1.99042e-06;0.0113028;0.988438;1.18522e-05;4.72804e-06;6.00405e-07;3.51884e-08;2.4159e-06;2.3681e-07;6.07539e-06;1.51707e-07;1.80583e-05;0.000211742;8.41815e-07
0.000465199;0.0121923;5.50216e-05;5.67669e-05;0.00259099;0.00146639;0.000449072;0.0317289;0.905295;7.46991e-05;0.003506;0.0289005;0.0129439;0.000275001
