2.43207e-05;0.924985;4.70471e-07;6.12328e-06;5.7057e-05;1.86451e-06;3.70639e-06;0.0704202;9.72948e-06;2.14198e-06;6.37981e-06;0.000539021;0.00351239;0.000431424
5.94817e-05;0.272239;1.83527e-08;0.00018251;0.00084514;1.44328e-05;2.63719e-06;0.0662035;0.000319216;1.0694e-05;0.000569495;0.656549;0.00281513;0.000189696
6.10315e-05;0.930579;0.000393126;3.6075e-05;0.000132384;0.000212568;6.72271e-06;5.76224e-05;3.76994e-07;0.000219093;9.77589e-06;0.00956436;0.0584424;0.000285552
9.9702e-06;0.0390363;2.0029e-05;8.93242e-07;7.59945e-06;1.57071e-07;1.25783e-06;0.00133693;4.62099e-06;5.93802e-08;3.37987e-05;0.959525;1.24951e-05;1.10736e-05
1.55935e-05;0.192061;4.18311e-05;8.76668e-07;0.0122193;0.000164053;1.23833e-07;0.345141;6.67573e-07;1.47625e-07;1.99741e-06;0.00100191;0.449335;1.65614e-05
5.76767e-05;0.325749;2.65542e-05;0.000350783;0.000255043;0.000922492;0.00111794;0.106911;6.76093e-05;0.00108839;6.76045e-05;0.000430466;0.559395;0.00356093
2.37101e-08;1.0968e-07;0.999999;1.79171e-08;3.77369e-10;3.10665e-10;8.05192e-09;3.61854e-10;1.4016e-09;1.05213e-09;6.07883e-09;8.88271e-07;3.66571e-08;2.48895e-10
2.17685e-05;0.0347083;0.000225108;0.000147295;8.32109e-05;0.00195147;8.15818e-06;0.0137501;0.000458788;2.6099e-06;0.000625878;0.937302;0.00283101;0.0078839
3.25065e-06;0.000288405;5.24045e-11;6.91475e-09;1.70314e-07;1.63854e-06;9.36592e-08;0.999535;6.21977e-06;7.04028e-09;4.44907e-07;1.2043e-08;0.000164643;5.25775e-07
1.28754e-07;3.24722e-05;1.38126e-05;2.0917e-06;0.00840058;0.000115992;9.36557e-12;0.000100566;5.35824e-08;3.06077e-09;3.8021e-07;0.983927;1.59142e-06;0.00740533
3.24762e-10;0.999999;7.56008e-12;1.43833e-11;1.8235e-12;5.86717e-12;7.55362e-08;3.92794e-07;8.69673e-12;1.14272e-09;8.31453e-12;1.88513e-14;2.30776e-08;2.88077e-07
5.76971e-14;2.25377e-12;1;1.29525e-13;3.92379e-14;6.10314e-14;7.01031e-14;6.55759e-14;2.90911e-15;2.58054e-14;1.88926e-15;1.4413e-09;1.87882e-12;2.60965e-15
1.62554e-06;0.0177059;3.46824e-05;0.00104751;0.000618424;0.00371185;2.35978e-05;0.0259098;0.00224928;2.83069e-06;0.000423822;0.000289197;0.94775;0.000231755
3.88125e-05;0.522301;1.01148e-06;0.000502365;1.26639e-05;0.000451571;1.79567e-07;0.207692;3.57715e-05;5.65432e-06;1.90941e-05;0.0413712;0.227527;4.14443e-05
9.98169e-05;0.0121024;3.38371e-05;0.00406017;0.0042136;0.0292875;5.73787e-07;0.00037852;5.71412e-06;0.000388458;6.01691e-05;0.683584;0.0192363;0.246549
0.000687098;0.870749;2.66634e-06;0.000171483;5.17838e-05;8.23951e-07;2.15367e-05;0.0339977;5.10744e-05;2.89721e-05;0.000304801;0.0538607;0.037748;0.0023249
0.000703267;0.121206;6.5881e-08;0.00359305;0.0029507;2.45249e-05;7.39546e-05;0.785083;0.0202603;0.000123447;0.0237172;0.00438169;0.0376743;0.000208935
0.0196338;0.390488;0.00121421;0.00364025;0.000148148;3.58702e-05;0.00873024;0.0659529;0.383047;0.0015647;0.107969;0.00687559;0.0106763;2.43717e-05
