1.71254e-06;0.999934;5.96765e-06;7.63574e-06;1.4304e-06;4.98687e-08;1.96154e-08;7.89405e-06;8.51947e-08;6.22157e-08;8.58311e-08;1.80562e-05;2.02517e-05;2.30916e-06
5.38761e-07;4.17177e-05;2.3657e-11;1.05358e-09;4.06146e-08;9.31148e-09;7.02501e-09;0.999956;1.13813e-07;3.28408e-09;2.69165e-09;7.75623e-10;1.51923e-06;1.28144e-09
2.3055e-07;9.11864e-05;3.69114e-06;2.72258e-05;0.000225902;0.000283834;7.43493e-09;9.23144e-06;1.44605e-06;1.20052e-07;4.67636e-06;0.994547;7.07218e-06;0.00479829
9.21413e-07;0.996509;2.9917e-09;2.13672e-09;2.4905e-10;4.62514e-10;7.93331e-07;1.1426e-06;7.45508e-08;4.35887e-10;1.07171e-07;4.2498e-07;0.00348713;9.01024e-11
1.88932e-06;0.948407;0.00251408;2.64352e-06;1.90491e-06;1.46161e-06;6.99911e-07;0.0212815;1.61167e-06;1.1543e-06;3.32918e-07;0.027244;0.000335916;0.000205627
0.000196509;0.210759;0.000705688;0.0626362;0.00546201;0.0455761;0.0194379;0.000712579;0.147092;0.00171368;0.294321;0.0855072;0.00254101;0.123339
0.000129605;0.0657664;5.73723e-05;1.66417e-06;3.13024e-06;5.58477e-07;1.86044e-06;0.933259;2.29681e-06;7.84619e-07;1.05825e-06;0.000626002;0.000142138;8.1052e-06
2.52028e-06;0.964606;3.72299e-06;3.92934e-05;0.000134341;0.000670941;8.03982e-06;0.0149184;1.88018e-06;3.89472e-05;2.4746e-06;3.63029e-05;0.00701024;0.0125269
3.33542e-09;2.05626e-08;1;3.78483e-08;5.2913e-10;3.8028e-10;3.14185e-09;8.32132e-10;3.93221e-09;1.54471e-09;2.28144e-08;5.01532e-07;9.91214e-09;1.4076e-11
1.0715e-05;0.00148865;0.000519955;0.000126209;0.000177244;1.73337e-05;1.79806e-06;0.00498477;0.000424887;6.34745e-07;8.78294e-05;0.991985;3.66521e-05;0.000138743
0.00010339;0.0814637;7.60986e-05;1.02507e-05;9.82391e-05;0.000298681;2.50404e-06;0.000249709;4.07267e-05;2.78671e-06;1.75664e-05;0.000300523;0.917259;7.71952e-05
6.88937e-05;0.0463758;0.000258066;4.97204e-06;0.0259087;0.000218497;1.03129e-07;0.00447181;6.53426e-07;4.96862e-06;1.03e-06;0.892205;0.00175878;0.0287229
2.37359e-05;0.037836;6.52682e-06;0.000374586;0.0163004;5.70274e-05;2.9009e-07;0.938953;0.000116368;2.45922e-06;1.95383e-05;0.00181236;0.00421202;0.000285951
3.17944e-05;0.0189417;5.30673e-10;1.05807e-06;0.000325716;6.72578e-09;2.77235e-07;0.980418;4.53233e-07;1.27051e-06;4.48965e-08;0.000197189;5.6496e-06;7.64095e-05
3.42607e-05;0.00390182;0.976764;8.61742e-05;0.0010277;8.36825e-05;2.38639e-06;0.000559327;1.56187e-07;0.000149684;6.64309e-07;0.0165918;0.00054187;0.000256345
1.82378e-06;0.575662;9.96963e-08;1.85882e-07;6.17737e-07;1.20324e-08;0.000279223;0.423861;5.76566e-05;2.49864e-07;1.63375e-05;2.18956e-08;0.000120291;5.46301e-07
3.68035e-11;1.4181e-10;1;6.67225e-11;1.45545e-11;1.92343e-13;3.51366e-10;2.13481e-11;2.97394e-10;3.25321e-12;3.65681e-10;1.85577e-09;1.48898e-11;3.4516e-14
1.85312e-05;0.0676256;0.0257103;0.00011377;4.09549e-05;7.5191e-05;6.73651e-05;0.00206014;0.00180118;1.79727e-05;0.000517021;0.886262;0.000925136;0.0147653
1.59928e-05;0.555459;1.60312e-08;3.81527e-06;2.44753e-05;2.35397e-06;6.43292e-06;0.0293264;9.34598e-05;2.36652e-06;0.000115663;0.000155535;0.41434;0.000454165
4.57789e-08;0.997138;4.34659e-10;2.08217e-08;7.25512e-08;7.33381e-09;5.37696e-07;3.58723e-07;2.54223e-10;1.05009e-06;7.68712e-10;5.4816e-06;2.80651e-07;0.00285453
6.52853e-10;3.63042e-09;0.999999;1.6536e-09;1.33124e-08;5.20669e-10;6.48071e-09;1.22225e-09;2.64319e-11;1.74466e-10;1.38287e-10;8.38083e-07;1.566e-09;7.11763e-11
2.31441e-05;0.235521;1.2504e-06;0.000121888;0.000215142;0.000522054;0.00148527;0.0750386;0.000790592;6.99447e-05;0.00254134;0.000277955;0.682276;0.00111634
9.63687e-06;0.966587;1.48945e-06;0.000357254;1.28568e-05;8.88181e-05;0.000118101;0.000113643;8.93741e-05;2.71729e-05;0.00282724;0.00147625;0.0272923;0.000998412
1.38983e-05;0.985692;5.23671e-09;8.39295e-05;1.57144e-05;3.81956e-05;1.60765e-05;5.82791e-05;3.52018e-05;7.56687e-05;0.000173876;0.00275764;0.00147905;0.00956026
1.59244e-06;0.992042;9.3662e-09;1.75473e-08;1.55568e-09;3.26712e-09;3.0885e-06;4.45764e-07;9.26347e-08;2.53051e-08;1.05052e-07;0.00100253;0.00694985;2.22835e-09
3.63996e-05;0.241439;6.76257e-05;6.74383e-06;0.0146904;0.000902756;3.8892e-07;0.04756;5.81337e-06;1.0457e-06;4.39119e-06;0.672321;0.0202651;0.00269941
2.44567e-05;0.618755;0.00109505;0.000113319;0.00158151;0.00279231;2.14666e-05;0.216125;0.00021906;5.43164e-05;0.000154439;0.0502657;0.0795508;0.0292474
0.00029201;0.0179476;4.90414e-05;0.000236606;9.87177e-05;2.959e-06;4.72268e-05;0.00495914;0.000487023;9.41716e-07;0.000568265;0.0436119;0.931691;7.74393e-06
5.33567e-07;0.999904;1.93671e-07;1.74085e-09;5.28632e-10;1.13763e-10;1.51354e-08;2.89526e-06;1.20668e-08;1.35888e-09;4.82415e-09;6.00438e-06;8.62585e-05;8.70317e-09
3.24936e-08;0.000547283;8.45387e-10;2.7848e-07;3.88156e-06;2.07529e-07;6.91957e-06;7.27282e-06;4.15604e-08;0.000131558;3.70891e-08;1.46651e-05;2.7071e-09;0.999288
2.91249e-06;9.09824e-06;0.999754;8.4799e-06;6.13063e-08;1.15201e-07;8.32089e-05;1.36282e-05;2.16636e-05;2.8195e-07;9.50943e-05;1.0668e-05;4.50301e-07;4.34574e-09
5.67094e-06;0.763579;0.000610363;2.24048e-06;1.70234e-06;1.39644e-06;5.60178e-07;3.35196e-05;6.51101e-08;5.32462e-07;6.79651e-07;8.02527e-06;0.235755;7.15631e-07
2.35734e-06;0.00404566;1.19356e-06;1.14014e-06;3.15292e-05;4.904e-06;7.37504e-07;0.00396173;5.02535e-05;2.01264e-07;8.68628e-06;0.991075;0.000572557;0.00024459
1.22695e-05;0.997185;1.21391e-06;2.97976e-06;3.85208e-05;1.89395e-05;1.43861e-05;0.00227957;2.34144e-05;1.3113e-05;1.16223e-06;3.51815e-06;0.000400677;4.74874e-06
0.000701252;0.185038;2.53108e-06;5.20714e-06;8.2107e-06;5.30593e-05;1.32052e-05;0.0161868;0.00218003;3.60735e-06;9.31526e-05;0.065267;0.730448;3.27429e-07
0.000961246;0.705633;2.78919e-05;0.0021797;0.000620683;0.000316277;1.98035e-05;0.00681061;0.000125152;0.000250445;0.000383534;0.0226993;0.240693;0.0192802
8.1257e-05;0.846154;4.91758e-07;0.000317638;2.87476e-06;8.45571e-05;0.00861583;8.86942e-06;2.06806e-06;0.0292636;2.10951e-05;7.70454e-06;8.64312e-05;0.115354
7.04845e-10;1.65833e-10;1;8.19385e-10;1.40244e-10;1.02449e-11;4.14996e-10;3.92118e-11;1.0087e-10;5.24249e-11;1.02439e-09;3.70253e-08;2.84995e-10;9.41798e-12
7.68424e-05;0.398436;2.80479e-06;6.89312e-06;1.86423e-05;1.33443e-05;0.00250761;0.153722;1.91236e-05;0.000321048;0.00017259;6.7235e-06;0.444573;0.000123056
5.28015e-10;9.41475e-11;0.999999;2.13908e-09;2.31539e-09;1.82798e-09;1.13055e-09;3.78525e-11;9.39006e-11;2.41474e-09;5.37773e-10;1.38726e-06;8.13206e-11;3.0221e-09
1.06812e-06;0.000766719;0.997857;7.84741e-06;8.7897e-06;2.26396e-06;3.79569e-06;0.00125234;8.80229e-06;1.85973e-07;2.64036e-06;5.19527e-05;2.84689e-05;7.74025e-06
2.55308e-08;0.000387541;0.00098266;7.86749e-07;4.44145e-05;0.000914255;3.77484e-10;2.75141e-06;5.26901e-09;3.68735e-06;2.2625e-09;0.000276484;4.17784e-08;0.997387
1.59268e-05;0.00136538;3.67633e-08;1.08206e-05;1.16343e-05;8.56265e-05;1.05132e-07;0.806746;2.72045e-05;1.379e-07;0.000194609;3.87402e-05;0.191498;5.67286e-06
1.1734e-07;0.00636411;1.04279e-07;3.39639e-07;1.03233e-07;3.79217e-07;7.28171e-09;6.59943e-05;1.22604e-07;5.76563e-09;7.53363e-08;1.0262e-06;0.993563;4.98135e-06
1.5409e-05;0.0052071;8.73523e-05;0.000643932;0.00911168;0.00102654;4.68431e-06;8.87809e-05;1.79616e-05;8.49604e-05;4.52931e-05;0.00201427;0.000172267;0.98148
1.28484e-05;0.998358;1.09062e-08;5.62403e-08;8.05008e-10;2.03856e-09;5.07747e-05;9.40422e-07;1.92199e-06;8.04666e-08;1.29263e-05;1.79975e-05;0.00154393;1.29876e-08
1.05283e-06;0.104571;2.73295e-06;2.16712e-06;2.03659e-06;6.01196e-07;5.6703e-06;8.63043e-05;8.73171e-06;2.00983e-06;7.8419e-06;0.895276;1.29343e-05;2.05673e-05
3.35156e-05;0.52004;1.16008e-07;0.000107028;0.00462802;0.000218662;3.06358e-07;0.391087;4.33637e-05;9.4071e-07;0.000140854;0.00877889;0.074167;0.000753899
1.4354e-05;0.174296;0.000653863;5.73599e-07;3.14163e-07;5.43203e-06;2.41028e-08;0.00681496;1.89718e-08;5.51935e-07;3.70648e-07;0.149516;0.668695;2.38298e-06
6.25776e-05;0.00185389;4.83475e-07;7.83136e-05;8.19262e-05;2.70906e-05;2.34612e-06;0.022767;1.04779e-05;2.73663e-06;0.0013628;0.000388261;0.973022;0.000339724
3.81927e-05;0.00422211;1.45074e-05;4.76139e-06;3.03547e-06;4.40108e-07;9.53404e-07;0.000453298;3.98474e-05;5.75499e-07;6.37652e-05;0.994867;0.0002825;9.08791e-06
1.26936e-05;0.991828;1.23072e-07;2.91073e-07;3.78199e-08;9.4858e-08;1.2584e-05;1.78954e-05;3.45456e-05;1.39683e-07;6.33126e-05;0.00108576;0.00694437;2.70357e-08
5.77506e-05;0.0682711;0.00333484;1.3674e-05;0.0035236;0.000454891;7.11921e-07;0.856777;1.66504e-07;6.34814e-05;7.26167e-07;0.033555;0.000106713;0.03384
5.13839e-06;0.404487;1.84105e-05;5.2846e-05;0.000739036;0.00302353;2.71452e-05;0.00286827;1.82513e-06;3.95965e-06;0.000195312;0.54643;0.0369469;0.00520013
4.09538e-06;0.00258104;2.18795e-06;8.70655e-07;1.14266e-05;1.51177e-06;1.52094e-07;0.00499405;1.15405e-07;6.20164e-08;1.22774e-05;0.00121815;0.991174;7.64063e-08
0.000127546;0.979924;2.10051e-05;9.02575e-06;0.000432843;2.71801e-05;7.27011e-05;0.00578149;0.00022214;4.54878e-06;3.63895e-06;0.000209834;0.0055233;0.00764061
7.70562e-06;0.00195594;2.56234e-07;8.30268e-06;2.89528e-05;0.000130508;6.98001e-06;0.997425;2.70945e-05;6.17358e-06;9.84815e-06;0.000111341;0.000204804;7.69874e-05
8.1271e-06;0.999598;5.54441e-08;2.27279e-05;1.81127e-06;1.30385e-06;2.81868e-05;0.000135958;2.08414e-06;5.05302e-06;0.000109295;1.81114e-06;5.79464e-05;2.76799e-05
4.2738e-05;0.0484502;1.55731e-08;5.40377e-06;2.73792e-05;2.76324e-06;5.87519e-07;0.94991;3.53335e-05;1.67288e-07;0.000112181;0.00028501;0.00111922;8.78354e-06
8.0646e-08;0.999973;7.27655e-10;2.41365e-10;3.66947e-10;3.57021e-10;4.05859e-10;5.60604e-07;3.55349e-11;7.50034e-10;1.9235e-10;1.40651e-05;1.27056e-05;1.37396e-08
8.21604e-08;5.82314e-05;1.64872e-08;1.95095e-06;0.000727766;0.00639733;4.29016e-09;3.30889e-05;5.37186e-08;1.78139e-07;8.96176e-07;0.0274841;4.22198e-06;0.965292
7.49237e-08;0.00010519;2.28337e-10;1.31481e-08;1.30468e-08;2.48131e-08;5.57344e-10;0.000193224;1.61321e-08;6.25071e-11;8.37678e-07;3.06709e-08;0.999701;2.95635e-09
5.45198e-06;0.000518763;2.28408e-07;1.93526e-06;1.98708e-07;5.0332e-08;1.93281e-08;7.48602e-05;3.56464e-06;5.64594e-08;8.11593e-07;0.997476;0.00191062;7.98734e-06
6.6285e-06;0.970646;7.83882e-10;0.000245654;6.05926e-06;2.26894e-05;1.52772e-06;0.000189861;7.16666e-05;9.31165e-06;7.87587e-05;0.000768654;0.027948;4.82059e-06
6.69652e-07;4.68773e-05;1.63739e-05;2.25744e-05;5.48319e-07;6.79771e-08;1.01088e-09;1.40635e-07;5.80054e-09;4.75795e-08;3.66892e-07;0.999911;2.90867e-07;1.45723e-06
0.000736576;0.00393691;5.90615e-08;0.000324459;2.54539e-06;1.28543e-05;0.00171852;0.000253473;0.00622052;4.47875e-05;0.977657;0.00014421;0.00893579;1.27605e-05
8.59526e-06;0.995204;9.24106e-08;8.95736e-07;1.10556e-08;6.75324e-08;0.00239517;3.02759e-06;2.45511e-07;0.000566361;4.26742e-06;1.19291e-07;3.9144e-08;0.00181698
4.84003e-08;2.67642e-09;0.999997;8.48354e-08;8.15737e-10;4.43322e-11;9.01463e-08;6.17925e-13;1.52278e-06;1.21962e-08;9.06297e-07;4.40921e-07;3.53404e-12;9.16748e-10
2.13143e-05;0.991243;1.66802e-08;3.64446e-06;1.02675e-06;4.42439e-07;3.50373e-07;2.98903e-05;2.10326e-06;5.82227e-07;2.01981e-06;2.26014e-08;0.00869432;1.09672e-06
1.13988e-06;0.000159165;3.18113e-05;1.309e-07;1.17339e-08;1.79765e-10;2.02228e-08;0.000393641;6.0509e-07;1.08316e-09;5.85844e-06;0.999407;4.00542e-07;4.85394e-08
4.27734e-07;0.972828;1.26719e-06;3.61323e-05;0.00624849;1.94936e-05;1.08858e-09;0.0174738;3.23563e-08;1.67033e-07;1.1145e-07;2.13215e-05;0.000447266;0.00292346
2.60703e-08;4.14678e-07;1.20707e-09;1.23558e-09;3.93876e-10;6.23497e-07;4.45747e-10;2.6294e-09;1.39827e-08;1.20424e-09;5.04573e-09;4.45131e-09;0.999999;1.29105e-09
1.14043e-07;6.67598e-06;0.999992;8.61193e-08;1.1828e-08;3.95178e-09;1.22329e-09;2.52173e-08;2.92781e-09;3.85014e-07;7.7087e-10;6.68348e-07;5.3833e-09;1.29668e-08
1.92858e-06;0.996429;6.53942e-06;3.82313e-05;7.39842e-06;3.15019e-06;3.25648e-06;0.0023563;0.000131484;2.33775e-06;0.000104018;1.0917e-05;0.000804343;0.000101337
