1.60344e-06;0.999926;4.2889e-06;1.78818e-05;5.11998e-07;1.9779e-08;1.53476e-07;2.19359e-05;1.28343e-07;2.21343e-07;2.05631e-07;2.2976e-05;2.84784e-06;1.22759e-06
5.623e-06;0.00019279;4.00424e-09;8.54257e-08;6.14991e-08;2.91458e-08;4.98769e-08;0.999789;6.05713e-06;1.94763e-08;6.06533e-07;1.06343e-09;5.13922e-06;3.73104e-07
2.64913e-06;0.999183;5.90781e-06;1.1188e-06;2.94665e-07;2.86653e-08;0.000464883;0.000154122;1.21974e-06;2.28647e-05;3.1045e-07;5.48494e-05;1.25621e-06;0.000106938
1.30354e-11;1.85641e-11;1;2.34834e-12;1.75411e-13;1.673e-14;5.85239e-11;2.14481e-12;2.65255e-12;2.41056e-13;8.86726e-12;2.24017e-10;2.07185e-12;1.22759e-14
3.54428e-06;0.940866;0.000364608;7.12045e-06;1.86196e-05;2.3814e-06;1.07415e-06;0.00540158;9.33613e-06;5.12879e-07;1.06626e-05;0.00999685;0.0410165;0.00230061
4.94753e-06;0.853299;0.000426798;0.000107253;0.00166331;0.000304715;3.21359e-08;0.115013;2.03371e-06;2.48756e-05;7.79171e-07;0.00859059;0.000103719;0.020459
1.10392e-05;0.353377;2.41456e-07;1.44443e-05;2.34616e-07;0.000309554;1.7104e-05;4.0123e-06;6.34045e-06;3.14107e-05;0.000422073;0.0205342;0.625262;9.70116e-06
1.36594e-05;0.00644888;0.97824;0.000162315;1.08202e-05;0.000254009;2.82592e-05;2.06011e-06;5.33167e-09;0.0012391;1.51848e-06;0.00114422;0.0123459;0.000108973
6.72834e-08;4.56833e-07;0.999609;9.09929e-08;4.32175e-10;1.99201e-08;0.000375561;1.81451e-09;1.49075e-09;1.35247e-05;6.18756e-07;3.24967e-08;1.06426e-06;1.6399e-09
6.75936e-10;3.88329e-09;0.999998;4.28506e-08;2.48104e-11;7.0473e-10;1.93154e-07;1.16318e-10;1.08097e-08;4.13368e-09;1.52995e-06;1.60972e-07;2.87909e-07;1.67429e-11
2.67404e-08;3.64718e-06;0.99876;1.4376e-06;2.50369e-07;1.67207e-07;1.52482e-07;3.83221e-05;3.78176e-08;6.21125e-08;4.50044e-07;0.00118491;3.97999e-06;6.32752e-06
2.04426e-07;0.00151315;0.00136776;3.27993e-05;0.00311371;0.00653455;1.5039e-08;7.07139e-05;5.13328e-07;2.26527e-06;1.00224e-06;0.00122349;4.15363e-06;0.986136
1.52149e-07;0.861834;4.80765e-05;8.33093e-07;8.66389e-06;3.06635e-06;4.7226e-09;3.89083e-06;8.19426e-09;5.21741e-08;5.2289e-07;0.137749;3.41312e-05;0.000317398
1.247e-06;0.992188;3.85779e-05;6.49523e-06;1.26417e-05;6.19109e-06;1.80594e-08;0.00534988;3.57835e-09;1.43639e-07;3.48149e-08;0.0019216;6.99629e-05;0.000405275
4.23362e-08;0.995202;2.30193e-10;1.8295e-09;4.99103e-11;1.04245e-09;9.54833e-09;1.50699e-07;1.05158e-10;2.31774e-10;3.82244e-09;3.64358e-06;0.00479402;2.69392e-10
4.60686e-07;0.364299;1.3074e-06;1.5726e-07;6.79046e-07;7.00093e-07;2.69517e-09;0.000961262;2.92852e-09;2.95194e-08;1.73016e-08;0.63334;0.00139492;1.28013e-06
3.2182e-06;0.561464;0.000490468;0.000177474;0.00111529;0.000180863;1.05626e-06;0.221124;2.41878e-07;7.30498e-05;3.70526e-06;0.00400857;0.196511;0.0148466
6.92009e-05;0.0105578;0.000200069;0.00647273;1.26497e-05;0.033382;0.0230934;1.03456e-05;0.00109039;0.0245329;0.0332129;0.0134083;0.85377;0.000187622
0.000111141;0.00790605;0.985373;0.000410656;4.40083e-06;5.50018e-06;0.00377643;8.94689e-06;6.1371e-06;0.00207882;4.51355e-05;0.000251612;2.11559e-05;1.14315e-06
1.86316e-07;3.7987e-06;0.999988;6.78367e-08;1.43468e-09;6.18121e-10;3.87993e-07;1.98402e-08;1.81999e-07;2.70332e-08;2.32728e-07;7.25639e-06;3.88723e-08;1.47973e-09
5.79787e-07;0.999186;1.41762e-06;8.11327e-09;4.37656e-09;8.21553e-10;3.13442e-06;0.000310175;8.71959e-08;2.48569e-07;5.64303e-07;0.000443685;5.42676e-05;1.707e-09
4.14429e-08;6.17797e-05;3.0772e-06;5.00809e-06;5.12573e-05;5.17329e-06;2.84073e-07;0.00829536;1.39553e-06;1.74673e-06;3.21261e-06;0.99123;0.000169316;0.000172812
7.09884e-06;0.118897;2.01716e-07;0.00012538;1.3127e-05;7.92977e-07;1.97603e-05;0.0781531;0.000149417;1.2788e-06;0.00405218;0.00011993;0.79846;1.44776e-07
2.81505e-06;0.99953;1.56695e-05;2.98828e-06;1.27067e-07;1.44779e-09;1.11078e-07;0.000133838;3.83422e-07;7.16305e-08;2.54195e-07;3.19741e-05;0.000282171;9.68996e-08
2.16691e-06;0.998612;1.49829e-08;6.3023e-07;9.85472e-08;3.22679e-08;7.53892e-05;0.000148264;1.54788e-07;5.54599e-05;8.38479e-08;3.8985e-07;0.0011038;1.88627e-06
3.84632e-11;4.43665e-13;1;1.41494e-09;1.02152e-08;1.74124e-10;2.0821e-11;4.7875e-11;6.01859e-12;1.81947e-10;2.34484e-11;1.35075e-07;9.23436e-14;2.19282e-10
1.46509e-06;0.0918432;8.34918e-09;4.66935e-06;1.22055e-06;1.08874e-05;1.40744e-05;0.00031284;2.1005e-05;4.82774e-08;0.000231905;3.72582e-06;0.907555;2.64585e-07
1.80292e-07;0.00128037;0.998718;2.39628e-07;8.8378e-09;1.5683e-09;1.07143e-07;4.78064e-08;1.2033e-09;2.85703e-07;1.44357e-08;2.95359e-07;1.88691e-08;3.45994e-08
1.68834e-07;2.23178e-07;0.999998;3.2205e-08;5.99916e-09;3.03056e-09;3.21581e-07;6.73269e-09;3.15543e-08;8.94508e-09;5.68995e-07;1.15039e-06;1.11281e-08;2.35271e-08
1.45436e-05;0.805064;0.0101469;4.662e-06;1.54848e-06;7.30469e-05;5.78817e-06;0.0607267;7.84202e-06;2.27621e-06;1.32911e-05;0.123006;0.000916678;1.65001e-05
1.46192e-07;0.959567;3.52721e-06;6.48998e-07;4.25452e-07;6.68089e-06;0.000597618;5.34635e-07;4.05897e-08;0.000405275;4.31501e-07;1.00526e-07;7.1562e-07;0.0394167
6.68334e-11;4.51161e-10;1;4.60535e-11;3.1588e-11;1.12239e-10;4.6626e-11;2.42715e-10;3.10585e-11;1.31279e-11;1.73372e-11;5.63219e-08;7.63359e-11;4.0576e-11
4.83029e-06;0.821153;3.40277e-08;1.00234e-06;1.39116e-07;4.49623e-07;4.59799e-05;0.000590042;6.5858e-05;1.69192e-07;1.28688e-05;0.000179458;0.177946;4.52186e-09
8.22436e-06;0.339961;3.70537e-06;1.29937e-06;4.65236e-06;4.27537e-06;3.40808e-07;0.114673;3.37957e-06;2.08373e-07;5.18818e-06;0.49702;0.0483136;1.3124e-06
1.54721e-06;0.605962;7.02629e-05;3.12642e-05;0.00209912;0.00222837;8.46732e-05;0.00436473;7.92192e-09;0.00686429;2.09421e-08;9.98044e-07;0.00190616;0.376386
1.82716e-09;5.41264e-10;1;1.20151e-08;1.16617e-10;1.06628e-10;9.5594e-09;2.8181e-12;9.52968e-10;1.21914e-09;6.7919e-09;2.80515e-07;1.61339e-10;3.22524e-10
3.58334e-05;0.749921;0.123897;9.59439e-05;3.73903e-05;0.000286803;0.000329869;0.00452041;2.91546e-05;2.21975e-05;0.000107712;0.0938166;0.0256334;0.00126639
2.42239e-07;0.929838;2.29586e-07;1.50683e-05;1.12785e-05;0.000120606;0.0112101;1.23491e-05;7.00495e-07;0.00465509;1.66722e-05;5.00641e-09;4.16667e-05;0.0540777
1.8113e-09;2.44748e-09;0.999991;6.50462e-08;2.45145e-09;1.54795e-08;1.82897e-09;1.91008e-09;2.05601e-09;1.83109e-09;3.94255e-08;8.95209e-06;1.36814e-09;2.60808e-10
8.44409e-07;0.995874;5.14393e-07;0.00011374;3.77689e-07;9.85105e-07;5.85213e-07;0.000671519;6.60205e-07;1.37071e-07;2.24674e-06;3.16426e-06;0.00333076;7.27138e-08
8.90544e-07;0.96265;8.78694e-09;8.51779e-07;9.24035e-07;2.78383e-05;1.42252e-09;0.0360637;5.62373e-09;2.4692e-07;4.96692e-09;9.47016e-06;0.00122716;1.85945e-05
8.21808e-07;0.00282156;9.12373e-09;5.25564e-06;1.29296e-05;3.02389e-05;8.50505e-08;0.00399671;4.27825e-07;3.44461e-07;8.85297e-06;4.95901e-05;0.993066;7.64574e-06
4.42317e-05;0.00372147;1.21472e-05;2.6859e-05;7.62209e-05;7.32911e-06;7.07461e-07;9.39531e-05;2.01838e-06;5.09645e-06;8.30268e-06;0.99366;0.00207154;0.000270512
5.27441e-06;0.999021;6.2968e-09;2.5332e-08;5.87928e-08;1.56125e-08;8.1602e-07;7.36059e-05;1.39621e-06;1.24177e-08;6.49545e-08;1.68323e-05;0.000880603;4.12776e-09
5.47465e-07;0.0050113;6.98105e-07;2.3865e-07;1.52679e-06;4.63155e-08;9.28865e-09;0.000121522;1.84107e-07;6.31452e-08;4.23497e-07;0.994829;3.41888e-05;3.9173e-07
9.49677e-07;0.980592;2.97791e-06;6.59781e-06;1.47159e-05;4.23646e-06;0.00279694;1.7565e-05;3.8563e-08;0.00353384;7.58311e-07;2.21604e-08;2.11953e-05;0.0130081
4.92401e-09;2.98345e-09;0.999997;2.2471e-08;1.4914e-10;2.70602e-10;4.40069e-08;4.7962e-12;8.36476e-09;1.38846e-09;3.41242e-07;2.13913e-06;8.10334e-09;7.15794e-12
8.79521e-05;0.319279;0.00283748;0.000212379;0.000174106;0.00411917;0.000470048;0.325644;0.0014041;0.000182508;0.00138766;0.00412884;0.339372;0.000700641
8.20976e-06;0.0797108;4.47459e-08;5.8214e-05;0.000360349;0.000479545;2.30766e-05;0.00670741;9.01917e-05;1.05706e-05;0.00587528;2.41523e-05;0.906565;8.74754e-05
9.45179e-06;0.000266692;1.32002e-05;2.03634e-06;3.09207e-05;7.45946e-07;4.11952e-08;0.000112593;3.36007e-07;3.08554e-07;8.72286e-06;0.998135;0.00141875;1.19254e-06
0.000131735;0.985993;3.42709e-05;1.51605e-05;1.56625e-05;1.95286e-06;8.62208e-06;0.00408331;0.000246981;1.33349e-06;0.000245681;0.00243055;0.00666457;0.000127159
2.01694e-06;0.975522;6.43615e-08;3.58561e-05;1.85644e-05;1.83617e-05;0.000122207;0.000266046;3.00138e-08;0.0105098;4.22649e-07;2.17901e-05;1.56462e-06;0.0134814
1.58989e-10;4.23763e-11;1;1.05217e-09;8.62388e-11;9.23182e-12;8.58139e-10;1.78869e-11;5.31477e-11;4.67676e-10;8.91242e-10;2.85039e-09;3.62557e-12;1.6385e-12
0.000559272;0.607521;9.37292e-05;0.00169684;6.89176e-05;0.000124803;0.00521586;0.0107587;0.00506176;0.00278934;0.319573;0.00394186;0.0425256;6.86928e-05
2.06032e-05;0.993895;0.000404738;1.41761e-06;1.93324e-07;2.25185e-08;1.38166e-05;0.000421447;5.65603e-06;2.70995e-06;0.000213541;0.00500885;1.18872e-05;3.73004e-07
3.29128e-07;0.997468;9.61333e-11;7.00289e-06;0.000662247;2.15579e-07;1.50377e-06;0.00102143;6.3683e-08;1.3688e-05;2.48542e-07;1.36967e-05;2.00821e-06;0.000809932
6.96215e-05;0.0040163;0.000396639;0.000233725;0.000157528;0.000262812;1.74561e-06;0.00111476;8.33316e-07;0.00011442;1.37473e-05;0.99322;0.00025335;0.000144772
0.000233003;0.077235;3.52736e-09;0.000252526;3.42089e-05;4.26922e-06;8.28592e-05;0.00186517;0.00164735;1.7236e-06;0.0293653;4.1384e-05;0.889167;7.07201e-05
0.000516991;0.00187082;3.76537e-05;4.3125e-05;9.07864e-05;1.88898e-06;5.82964e-07;0.000123098;1.54809e-05;2.44312e-06;9.91321e-05;0.993492;0.00366978;3.57424e-05
1.8485e-05;0.99272;8.96523e-08;4.03208e-07;4.39984e-06;4.17923e-06;0.000314637;0.00612314;3.319e-07;9.01553e-05;3.92882e-08;2.99096e-08;2.6118e-05;0.000697633
5.0089e-13;5.27519e-13;1;9.10508e-13;1.05402e-12;5.32127e-13;1.46962e-13;2.52356e-14;4.99199e-14;1.00233e-13;3.10636e-13;9.80568e-09;2.42154e-14;1.34604e-14
1.99099e-05;0.835096;2.04723e-05;0.000171622;0.00820299;0.000209614;6.33412e-06;0.0136268;8.86062e-05;3.62872e-06;0.00052909;0.00456138;0.136594;0.000869054
3.14753e-05;0.458425;3.78236e-05;3.15954e-05;0.000173893;6.89571e-06;0.000458524;0.0176734;0.000159762;5.42794e-05;0.00200532;0.478243;0.0426845;1.41124e-05
7.54373e-06;0.00393558;9.02936e-08;6.84799e-05;0.00131754;3.13102e-05;1.08744e-06;0.00882539;6.77992e-06;2.65864e-06;3.79423e-05;0.982598;0.00294912;0.000218308
2.00273e-05;0.00837645;5.69146e-09;1.208e-08;3.37428e-06;1.56753e-10;5.94007e-09;0.991546;5.62479e-07;7.55377e-10;3.30284e-08;2.83484e-05;2.49468e-05;2.8894e-09
0.000607865;0.150699;0.642039;0.00161889;0.0233039;0.0484173;6.05114e-05;0.0804925;5.58086e-05;0.0164922;9.20584e-06;1.06101e-05;0.00468853;0.0315043
2.32688e-09;5.85303e-11;1;2.39073e-10;1.83589e-12;9.8437e-13;6.55543e-10;6.03456e-11;4.08913e-09;1.64687e-11;1.0303e-09;1.94967e-08;6.27495e-12;2.0058e-12
1.53091e-06;0.000508548;0.0126809;1.44488e-06;3.35335e-06;2.28569e-07;1.93606e-08;0.000420099;0.000150194;3.59328e-09;2.62816e-05;0.986156;5.07651e-05;7.20969e-07
1.88001e-07;0.999637;1.13263e-11;1.27488e-09;2.52012e-09;1.05394e-07;0.000205919;3.89339e-08;1.57279e-07;6.8685e-06;3.22741e-08;7.07281e-10;1.14038e-06;0.000148848
3.24648e-09;2.00652e-10;0.999896;1.51944e-09;5.52522e-08;3.60104e-09;2.89242e-10;1.37062e-10;1.56768e-09;2.07592e-10;5.20707e-10;0.000103612;6.36169e-11;4.191e-09
3.35627e-06;0.0015784;4.96817e-08;3.49026e-07;0.00036926;2.5955e-06;8.79911e-11;0.997922;5.53826e-07;3.44393e-10;2.25647e-09;1.50326e-06;0.000110597;1.1475e-05
2.19823e-06;0.00043277;1.81234e-08;8.41975e-08;0.000192081;1.7652e-07;6.09179e-11;0.998958;1.28919e-07;8.48009e-09;2.9144e-10;1.83315e-08;0.000414902;5.54242e-08
3.4626e-07;0.000141622;0.997581;6.21604e-06;0.000125534;0.00015361;5.4558e-10;5.81595e-07;1.16316e-09;1.34049e-05;9.4359e-09;0.00191764;5.21984e-05;7.76933e-06
2.17675e-05;0.307753;0.00479877;0.000148422;8.01475e-05;0.000104827;4.28652e-06;0.620956;0.000204991;3.48507e-06;0.000222021;0.062671;0.00267253;0.000359157
