4.30414e-07;0.00822035;0.000198501;8.69641e-07;6.11646e-06;2.55692e-06;2.76491e-10;4.05432e-08;5.44325e-10;2.1305e-08;3.40507e-08;0.00103573;0.990535;2.99291e-07
1.18449e-07;0.0019905;1.468e-08;1.25321e-07;1.59175e-05;1.15729e-08;3.01434e-09;0.997429;3.2826e-07;1.16859e-08;1.25917e-06;0.000553143;7.74681e-06;1.45671e-06
2.35011e-08;0.000544196;0.999086;4.75761e-07;4.36516e-05;1.3721e-05;2.26326e-10;1.52331e-06;2.20454e-11;3.06803e-08;2.67838e-09;0.000251245;1.44415e-05;4.49554e-05
0.000279804;0.00672938;7.93949e-07;1.56478e-06;3.25124e-05;0.000462774;6.38414e-05;0.000306439;0.00347297;1.3289e-07;0.00234073;0.000741082;0.985237;0.00033106
3.93747e-07;0.997965;2.96926e-07;1.5157e-10;7.28209e-10;1.67173e-09;6.0316e-08;9.23623e-07;3.0414e-09;7.96364e-10;2.18229e-09;0.00119429;0.00083927;5.54077e-10
2.10553e-07;6.37948e-05;1.93602e-07;1.00895e-05;0.00759598;0.000273478;1.59721e-08;0.00333293;2.87322e-05;2.10581e-07;8.90454e-06;0.988034;2.99426e-05;0.000621127
2.63801e-07;0.0253131;2.85804e-05;5.46293e-07;2.20038e-08;7.10321e-07;4.17833e-08;2.088e-07;2.16044e-09;1.14631e-08;3.5316e-07;3.07521e-09;0.974656;1.88371e-09
7.9539e-07;0.000970742;4.26378e-07;7.77141e-09;1.047e-06;5.44379e-09;1.51375e-09;0.000188061;1.50313e-08;1.77949e-09;7.31495e-08;0.998761;6.88922e-05;8.73026e-06
2.02536e-07;0.00164846;1.10737e-06;8.13641e-06;0.00992192;9.23844e-05;6.74323e-10;0.980566;9.48048e-08;4.22395e-08;1.19816e-07;0.000316315;0.0067351;0.000710258
9.70727e-06;0.928496;0.00118089;3.00256e-06;7.42371e-06;0.000114837;5.11774e-08;0.00459986;2.00534e-08;5.55424e-07;4.61296e-08;0.0138205;0.0517063;6.03664e-05
1.52873e-06;0.0114131;1.33557e-08;7.9362e-06;1.82354e-06;1.37643e-05;4.20777e-07;0.0018912;2.42773e-06;1.96453e-07;8.28843e-05;6.06175e-05;0.986404;0.000120552
3.86561e-06;0.000224768;3.80642e-07;2.46208e-06;7.33397e-07;3.76321e-07;8.28108e-08;0.000116741;3.73966e-06;1.29941e-07;7.77621e-05;0.999426;0.000142011;8.19383e-07
1.44733e-05;0.0073117;3.41951e-06;6.24803e-08;3.1604e-05;4.81997e-06;3.36093e-08;0.992362;2.06451e-07;4.25035e-07;7.48856e-08;2.7263e-05;4.12399e-05;0.000202389
2.48709e-07;0.00180013;9.57747e-05;2.01752e-06;6.572e-05;4.09191e-05;2.62748e-08;2.5048e-05;1.08012e-07;2.13938e-07;3.39312e-06;0.9978;6.4728e-05;0.000102141
6.01229e-07;0.999292;2.67897e-08;9.03868e-10;7.03218e-10;4.60807e-10;4.71721e-07;2.5218e-06;6.68623e-09;1.84626e-09;1.09231e-07;4.90463e-05;0.000655297;1.47743e-09
3.90558e-07;0.00057153;8.27816e-06;7.07334e-07;0.000320012;1.33112e-06;1.93139e-09;0.00019781;1.57506e-06;1.17537e-08;1.92864e-07;0.998794;3.13444e-05;7.26053e-05
0.000102693;0.0148205;1.74808e-06;3.64885e-07;5.17178e-06;0.00020319;1.13875e-06;0.978462;0.00262735;1.64911e-07;5.87394e-07;2.20375e-07;0.00377263;2.14704e-06
5.11719e-06;0.0170049;6.36618e-09;1.7114e-06;2.47352e-06;2.15206e-05;1.92499e-08;0.000180048;1.10397e-05;2.24806e-08;1.7413e-07;6.09095e-05;0.982696;1.62615e-05
0.000128745;0.0272446;6.16685e-05;0.000152496;2.60837e-05;2.66843e-05;7.10093e-07;0.000150952;0.000398729;1.38076e-05;2.51636e-05;0.97044;0.00127906;5.11202e-05
3.80347e-05;0.191631;3.21602e-07;4.21392e-07;2.17921e-05;4.70448e-07;2.75607e-06;0.807634;0.000174862;6.03599e-07;4.22811e-05;0.000114882;0.000338265;4.07793e-07
8.48383e-05;0.250622;1.61138e-06;0.000142987;0.111217;0.000297935;3.30824e-06;0.430659;1.69021e-05;7.2056e-05;6.75396e-05;0.185664;0.0149515;0.00619989
0.000318642;0.105133;0.00363615;6.60286e-05;0.000302297;3.53384e-06;1.17281e-05;0.0247876;1.81185e-05;1.67287e-05;7.30587e-05;0.827512;0.0381134;7.44988e-06
0.000456838;0.0176902;0.000971854;0.00474341;0.00753216;0.00307144;0.000545274;0.810984;0.0419811;0.00116764;0.00307994;0.00121673;0.106498;6.17405e-05
0.00841672;0.00218219;9.72891e-07;0.0050962;0.00251461;7.02852e-05;7.03834e-05;0.871132;0.0742759;2.71549e-05;0.0193536;0.00104324;0.0157735;4.36862e-05
0.000765789;0.995791;2.65392e-07;6.44178e-06;1.65399e-06;1.07222e-07;6.81722e-05;0.000135657;0.000337966;1.16258e-05;0.00031393;6.0162e-05;0.00108808;0.00141902
5.8162e-06;0.998531;3.63868e-08;4.18534e-08;5.16241e-09;5.41855e-09;0.00132012;2.12579e-06;3.0722e-07;5.18343e-05;2.65237e-07;6.08031e-09;2.91977e-06;8.54335e-05
9.27887e-10;5.53156e-10;1;3.46975e-10;3.27497e-10;8.45607e-11;5.27891e-09;7.63318e-11;3.55004e-10;7.17578e-10;1.4752e-09;6.57791e-08;3.75489e-13;1.32711e-09
6.21728e-09;0.999962;2.67182e-11;5.01162e-11;3.84336e-10;3.93534e-11;3.23343e-05;2.52549e-08;4.82896e-09;1.1851e-08;2.45804e-10;3.64064e-11;1.59401e-07;5.95308e-06
3.63916e-12;3.1658e-14;1;8.98998e-11;2.18422e-11;2.25433e-12;4.40952e-11;7.78433e-12;8.93903e-11;2.56359e-12;4.17971e-10;1.4804e-08;1.7986e-14;2.62275e-12
4.79517e-05;0.969599;8.66564e-09;1.78959e-05;8.26538e-07;1.55972e-06;1.8991e-05;0.00229309;0.000663795;2.63649e-07;0.00149764;2.93852e-06;0.0256748;0.000181166
2.47747e-07;0.0142828;1.47683e-08;7.20319e-09;2.68532e-10;2.51927e-11;1.50419e-09;9.03824e-10;1.45459e-08;2.90319e-11;3.105e-07;0.985469;0.000247348;1.31768e-09
4.05591e-05;0.393662;0.000123961;1.02431e-05;0.00211977;0.00039305;2.2113e-07;0.452629;1.0095e-05;4.65628e-06;6.40871e-06;0.00290977;0.131464;0.016626
2.11379e-07;1.63663e-05;1.28566e-07;4.84571e-07;4.74464e-08;0.000820305;6.20927e-08;5.58381e-07;1.42446e-05;1.58118e-07;1.24394e-05;1.64732e-07;0.999133;1.3837e-06
1.45379e-08;5.03089e-07;0.999999;3.08328e-08;3.68995e-09;2.78267e-09;1.00799e-09;3.22848e-09;9.95992e-10;3.18112e-08;6.39282e-10;7.39908e-08;1.26897e-09;3.30379e-09
6.47871e-06;0.990799;6.38923e-06;0.000129391;2.82079e-05;2.28041e-05;2.4687e-06;0.00542192;0.000275098;2.97568e-06;0.00107109;8.2941e-06;0.00217237;5.30015e-05
