7.77263e-07;0.999965;1.15141e-05;5.82646e-06;5.28922e-07;1.78348e-08;5.19402e-08;1.35476e-06;1.62869e-08;1.52291e-07;2.8498e-08;2.58018e-06;1.16978e-05;3.30543e-07
1.34354e-05;0.998736;9.97501e-07;2.33759e-06;1.20489e-07;5.08498e-08;7.06183e-06;0.00103543;7.32981e-06;8.27568e-07;2.19922e-05;5.61635e-05;0.000117274;1.07901e-06
6.38404e-06;0.273246;5.8949e-08;0.000889012;0.0046999;3.36707e-05;6.78368e-07;0.0130837;2.03334e-05;3.13669e-05;3.17738e-05;0.00143613;1.46223e-05;0.706506
0.000372086;0.653418;1.97659e-06;4.18662e-06;4.42294e-06;4.78303e-05;1.12759e-05;0.000155539;2.07625e-05;9.32089e-06;2.19118e-05;0.332167;0.0136502;0.000114919
1.72048e-07;0.997284;9.25406e-08;3.2333e-08;1.41479e-07;5.73438e-08;5.47356e-06;1.67408e-05;5.6952e-09;1.00017e-05;1.18731e-08;7.6298e-07;5.96335e-07;0.00268253
2.3452e-11;5.96113e-11;1;7.90715e-12;3.24915e-12;4.25516e-12;2.46182e-11;1.76159e-11;4.12229e-12;1.19445e-11;6.03941e-12;8.21579e-09;4.79047e-12;7.30459e-14
0.000248131;0.00636932;1.98096e-05;0.000243536;0.00190576;0.00187523;1.13278e-05;0.133714;0.00140146;2.34225e-05;0.00331119;0.0460128;0.80476;0.000103581
3.73417e-05;0.0729777;1.21931e-08;4.4862e-07;2.16439e-05;2.06461e-05;3.89385e-06;0.799631;4.58651e-06;2.41009e-06;2.94006e-06;2.3776e-05;0.126951;0.000322491
4.64008e-07;0.000145795;1.90176e-07;5.90555e-05;0.00524594;0.000379922;1.72973e-09;0.00720706;1.44411e-07;5.82557e-07;2.72998e-06;0.961937;0.00131571;0.0237048
6.76762e-07;0.999678;5.20383e-09;1.22678e-07;5.33392e-09;1.94097e-08;1.9956e-05;6.05882e-06;2.91778e-07;4.89454e-07;3.62755e-06;0.000115235;0.000174453;1.34671e-06
2.31972e-05;0.0176668;1.53195e-05;5.16268e-05;1.64713e-06;1.86556e-07;0.957645;9.3368e-05;0.0028417;3.14406e-05;0.0184748;0.00039446;0.00276041;2.93853e-07
2.63989e-05;0.00987168;3.96968e-08;8.13228e-06;6.90186e-05;8.91842e-06;6.08752e-06;0.984508;0.000115262;3.98279e-07;8.12848e-06;0.000127547;0.00524912;8.23015e-07
3.01217e-05;0.0720971;2.30989e-08;1.51446e-05;0.000290555;0.00266348;5.05605e-06;0.00462087;0.000302054;2.51744e-05;0.000138277;0.000147489;0.919663;1.53923e-06
0.00580149;0.0893009;0.791606;0.0018917;0.0187956;1.11341e-05;6.69026e-05;0.000693513;1.69294e-05;0.00205836;1.27829e-05;0.0617894;0.00140801;0.0265476
0.00553155;0.0154902;4.94049e-05;0.000279727;6.023e-05;2.36755e-06;0.00116082;0.242187;0.696788;9.04708e-06;0.0195436;9.6124e-05;0.0188006;7.78356e-07
0.000223281;0.553452;8.82774e-08;2.02619e-05;0.000133422;0.000145228;1.07198e-07;0.445043;0.000143527;7.75839e-06;2.41476e-06;0.000190131;0.00023225;0.000406449
3.32454e-05;0.0252201;1.03192e-09;4.83614e-06;6.07278e-06;7.39434e-06;3.65454e-07;0.00108201;2.42866e-05;4.64175e-07;3.84933e-05;0.00103593;0.972541;6.1545e-06
0.00491977;0.032576;6.3598e-06;0.0007014;0.0003174;2.96465e-06;2.02335e-05;0.00381356;0.002748;5.23197e-05;0.00175476;0.946745;0.00633441;7.53977e-06
0.000100322;0.920023;5.47316e-06;2.5706e-05;0.000154617;2.18072e-06;4.77355e-06;0.0788985;2.28396e-05;1.10996e-06;7.63316e-06;0.000725732;2.19142e-05;6.41268e-06
0.000122592;0.810179;2.96884e-07;1.15316e-05;0.00038646;5.74556e-05;5.3444e-06;0.0115401;1.38114e-05;5.18791e-06;9.11762e-05;0.0317788;0.125559;0.0202483
0.000341736;0.161834;0.000927125;2.09532e-05;0.000130462;1.98972e-05;1.97493e-06;0.0775198;2.98775e-05;9.09372e-07;9.8549e-05;0.672131;0.086833;0.000110466
9.72334e-05;0.755825;3.14525e-06;1.2516e-05;0.00211868;0.00900191;5.14115e-06;0.0841632;1.3112e-06;1.05589e-05;4.93302e-07;0.00136464;0.142621;0.00477425
3.21634e-05;0.306341;1.09785e-06;3.40982e-05;0.00027192;0.0200316;2.3069e-06;0.0313542;4.48625e-06;1.06619e-06;2.63941e-06;0.0017289;0.103396;0.536798
6.55438e-07;0.0241934;1.28484e-08;2.24379e-06;2.22406e-06;2.01152e-05;2.67588e-08;0.000774408;1.24694e-07;2.94896e-08;3.19815e-06;0.000180378;0.974773;5.00538e-05
2.82122e-06;0.000413498;2.91272e-06;3.95031e-06;3.74447e-06;7.25524e-07;3.9251e-08;2.01007e-05;1.60725e-06;1.49541e-07;1.65579e-05;0.999459;7.42367e-05;3.92304e-07
0.000126884;0.031789;2.36292e-05;1.16346e-06;0.000284865;5.28576e-05;2.35699e-06;0.965941;5.12873e-06;7.40834e-06;2.44837e-06;3.26663e-05;0.000715259;0.00101578
4.2817e-06;0.137966;0.000589477;0.000109013;0.00114305;0.00124673;1.58525e-06;7.01422e-05;4.49455e-06;6.18937e-06;0.000258369;0.852993;0.000741117;0.00486578
3.47915e-06;0.99604;1.79804e-07;1.0352e-06;6.52325e-06;5.16273e-07;3.1289e-05;0.00331771;1.27786e-05;1.328e-06;0.00028748;6.54901e-05;0.000231879;3.86179e-07
0.000100913;0.13486;5.77209e-06;3.02711e-07;4.63651e-06;2.64398e-07;1.14544e-05;0.000154574;3.27006e-06;5.43962e-07;3.28118e-05;0.253569;0.611255;2.56532e-07
0.000166206;0.0981928;1.53351e-06;4.88685e-07;0.000379669;0.00010342;3.90525e-06;0.890759;3.25541e-05;2.8013e-06;1.54545e-06;0.000648957;0.00934279;0.000364182
3.2364e-05;0.00309999;5.93736e-09;1.47309e-06;0.000144846;6.35319e-06;1.7931e-07;0.00413279;0.000137939;2.98363e-07;1.53977e-06;0.000248334;0.9921;9.35967e-05
3.79018e-05;4.59936e-05;2.26065e-06;3.49082e-06;9.74191e-06;1.40077e-07;1.4049e-08;0.000138666;0.000103854;3.0082e-07;1.64385e-06;0.999417;0.000238685;4.02303e-08
6.31315e-05;0.989434;8.49203e-06;7.22465e-06;1.72657e-05;1.33427e-05;4.3996e-06;0.00591849;7.5426e-05;6.02604e-06;1.60399e-05;0.000908093;0.00331575;0.000212579
3.90194e-05;0.928035;1.59801e-06;0.000166826;0.000574238;4.14087e-05;3.44165e-06;0.0315599;3.76243e-06;7.76159e-06;7.18279e-05;0.023806;0.0123979;0.00329148
1.43471e-05;0.0111616;1.16374e-09;7.94849e-05;1.27629e-05;9.67729e-05;5.64266e-07;0.00097589;5.854e-05;9.51223e-07;0.000649806;0.982934;0.00398658;2.8441e-05
1.16777e-07;0.999482;1.74465e-09;2.10171e-11;3.28629e-11;1.16222e-10;1.85512e-08;2.56948e-08;1.94359e-10;1.51231e-11;1.48283e-09;2.5026e-08;0.000517802;5.62069e-12
3.52492e-08;8.13435e-05;1.07654e-08;4.67495e-08;3.83204e-06;2.72039e-06;3.03421e-10;0.000145207;9.32974e-07;3.79265e-10;5.77439e-08;0.999733;4.97878e-06;2.76134e-05
2.15517e-05;0.347909;3.07344e-09;6.33886e-06;4.23964e-07;5.02565e-06;3.16813e-06;0.00180608;0.000771625;2.91168e-08;0.000118284;3.48907e-05;0.649318;5.78848e-06
0.00366804;0.337868;1.2964e-05;7.02545e-05;4.86586e-05;2.07548e-05;1.28887e-06;0.0166253;0.00297645;3.14665e-06;6.02653e-05;0.621494;0.012665;0.00448622
5.55167e-06;0.999541;1.8525e-09;1.76682e-06;5.74413e-07;4.24964e-07;9.16364e-07;2.04012e-06;7.77312e-07;9.08285e-06;5.51538e-08;2.41579e-07;7.8879e-07;0.000436987
6.29581e-09;4.46874e-09;0.999994;1.49174e-08;2.92226e-09;7.3151e-10;9.56104e-11;1.25787e-10;5.42413e-11;7.67055e-10;1.88643e-10;6.17514e-06;2.74741e-12;2.78987e-09
1.464e-07;0.000907434;1.06371e-07;1.32074e-06;1.04175e-05;7.56919e-06;2.01254e-08;0.981582;9.59647e-09;7.31479e-08;2.39002e-07;9.64447e-07;0.016998;0.000491397
9.71831e-07;6.33948e-05;3.33085e-07;5.54108e-05;5.79892e-08;0.002074;5.39995e-06;3.25409e-06;7.14173e-05;9.87123e-06;0.00356632;1.15064e-06;0.994147;1.69878e-06
1.14214e-08;6.39393e-07;0.999999;8.51854e-08;7.62481e-09;3.80955e-09;4.61182e-09;3.98445e-10;3.67221e-10;1.03622e-07;4.45015e-09;1.47309e-07;2.0251e-10;1.19211e-08
3.26442e-06;0.996496;1.21878e-06;2.65915e-05;1.29795e-05;5.3387e-06;1.78455e-05;0.00182693;0.000121812;7.74396e-07;0.000796178;9.0229e-07;0.00063979;5.01447e-05
