2.26962e-05;0.0410528;1.39872e-07;3.52443e-05;0.00010229;2.562e-05;2.12693e-06;0.148554;9.08211e-06;4.55682e-07;0.000289484;8.2652e-05;0.809818;4.63563e-06
1.22229e-06;0.998568;0.000144638;2.10729e-06;7.02955e-08;7.30123e-08;1.14563e-06;3.02348e-05;2.911e-09;2.43088e-06;1.18726e-08;1.83054e-07;0.00118314;6.68619e-05
7.85903e-09;4.77503e-08;0.999982;2.81997e-07;4.60877e-10;5.46292e-09;1.24046e-07;3.79545e-09;3.90454e-09;5.97525e-08;6.05185e-08;1.72121e-05;1.21139e-07;3.61931e-09
5.08665e-10;3.29231e-09;0.999515;5.92596e-07;2.89206e-07;1.05702e-07;3.1184e-10;4.10348e-05;1.06428e-09;1.53237e-09;1.20383e-08;0.000440982;1.35666e-10;1.94474e-06
1.09999e-08;0.00172034;6.98136e-06;5.81881e-07;1.51377e-05;0.0114046;1.34392e-09;3.89009e-05;2.12512e-10;4.29828e-08;2.38172e-08;2.44435e-07;2.04719e-05;0.986793
2.94506e-09;3.9443e-05;3.39096e-10;1.27509e-09;2.16829e-08;7.88988e-07;7.55114e-10;0.000117793;5.27929e-12;9.35039e-10;2.58935e-08;5.82368e-08;0.999842;3.10518e-08
7.53202e-09;2.13284e-07;0.999999;4.47013e-08;3.2421e-10;7.51726e-09;1.47303e-09;3.19496e-09;1.5217e-09;1.47468e-09;1.14945e-07;1.6204e-08;1.38195e-07;2.38361e-09
1.98468e-06;0.00313391;0.42625;2.72079e-05;1.53542e-05;2.21808e-05;5.48596e-08;0.0103086;4.81283e-08;1.16263e-06;2.09641e-06;0.0391939;3.50069e-05;0.521009
3.1571e-08;8.02727e-06;5.05251e-11;9.03839e-08;0.000782552;4.34686e-06;3.77667e-08;0.999204;1.32874e-07;9.83959e-09;7.65882e-08;7.3014e-09;2.21138e-07;8.93216e-07
5.50293e-10;3.13452e-08;1;8.89053e-09;1.49919e-08;5.07768e-09;2.74937e-10;2.00478e-11;4.71801e-14;1.40857e-10;1.90003e-09;8.79875e-08;2.82656e-08;2.39924e-09
4.86718e-08;0.999981;7.52377e-09;3.97462e-10;1.28559e-10;3.10357e-10;8.83486e-06;1.38685e-07;3.24312e-11;1.03414e-07;6.13313e-09;6.19471e-10;1.3433e-06;8.82651e-06
4.48475e-10;2.13349e-07;0.999998;6.20175e-10;2.17043e-09;9.24084e-10;1.71387e-09;1.01534e-08;1.40249e-10;4.90957e-10;2.76608e-10;1.67736e-06;3.33934e-09;6.0646e-09
3.12216e-07;1.32863e-05;6.98734e-07;3.68643e-08;3.50467e-07;2.62072e-08;6.73312e-08;0.999918;5.5823e-07;6.57592e-09;1.53983e-07;5.1554e-05;1.48054e-05;1.77686e-08
4.40542e-07;0.93107;0.000406792;1.21073e-05;9.60702e-05;0.000686502;1.66819e-09;0.00210121;4.95889e-09;4.34199e-06;6.99772e-09;0.00034404;0.00141647;0.0638621
0.000202417;0.921425;3.88419e-07;0.000434912;1.56577e-05;5.36629e-05;2.37351e-05;0.00148008;0.000305778;1.49902e-05;0.0184375;0.00019366;0.0566977;0.000714657
1.27612e-05;0.00015768;3.57947e-10;6.41985e-09;1.40128e-08;2.89776e-09;1.10193e-08;0.999809;1.04823e-05;1.64913e-09;6.92101e-07;3.93202e-08;8.8315e-06;4.79635e-08
6.11613e-09;0.0189615;1.00004e-08;1.18383e-07;6.30539e-09;4.22433e-07;3.71986e-07;1.94356e-09;1.11523e-11;7.98464e-05;5.10643e-11;3.55334e-08;5.76453e-10;0.980958
1.03488e-07;2.40204e-09;0.999983;4.10276e-07;4.13736e-09;1.56647e-08;7.57159e-06;3.85072e-08;4.60909e-07;2.90444e-07;6.65037e-06;1.73952e-06;7.88772e-11;3.53327e-08
1.13061e-05;0.0164272;3.93654e-07;0.000110017;2.60404e-05;3.62611e-05;6.56846e-06;0.0151404;2.16547e-05;7.57274e-07;0.00704664;9.49906e-06;0.961162;7.94188e-07
5.90233e-07;0.999305;9.76273e-06;2.48494e-06;7.677e-08;7.06059e-08;1.1227e-06;0.000203701;4.08122e-09;1.50862e-06;7.78914e-08;9.92104e-08;0.000461788;1.37074e-05
2.69917e-09;1.30925e-08;0.999999;7.33567e-08;1.54545e-10;1.04153e-10;3.63677e-08;1.28575e-07;1.97172e-09;2.69482e-09;8.33366e-08;3.96542e-07;1.83981e-08;2.09151e-10
5.66843e-08;6.64183e-06;0.117977;4.61053e-05;2.73208e-05;3.02061e-05;7.19713e-08;0.000538743;8.37631e-07;1.71948e-07;5.97114e-06;0.880756;7.64827e-07;0.00060968
3.01533e-05;0.512932;0.0137471;0.000346673;0.00189736;0.0123113;5.15274e-05;0.0199155;3.79584e-06;8.00467e-05;7.84083e-05;6.28704e-05;0.427837;0.0107068
8.55285e-07;0.0493129;1.36575e-05;3.72935e-06;0.00125693;0.00172552;7.76006e-10;0.0402185;1.18806e-08;4.96004e-08;1.7526e-06;0.906899;0.000138608;0.000428071
8.95379e-07;0.251955;3.21761e-08;1.09163e-05;0.000146279;0.00856975;5.27927e-05;0.571538;3.97082e-08;4.47288e-05;1.92704e-06;1.5202e-10;0.16744;0.000239694
6.13637e-11;3.27116e-10;1;1.06115e-09;8.06642e-12;4.45036e-11;1.19091e-11;1.21073e-11;1.86736e-12;1.88373e-11;1.37131e-11;1.22143e-09;5.50073e-10;8.78243e-13
3.81811e-07;0.000725679;0.00444042;1.00816e-05;9.16567e-07;1.44989e-06;1.0308e-07;0.000429889;3.56576e-07;8.3681e-08;8.42404e-07;0.994359;2.93613e-05;1.06198e-06
1.43586e-07;0.0205806;1.88144e-08;1.02869e-07;1.94374e-06;0.000303458;3.31594e-08;0.00646118;3.51092e-09;4.98306e-08;8.17122e-08;6.0991e-07;0.972648;4.18757e-06
2.08018e-06;0.0218952;7.19119e-07;5.54267e-05;0.00105803;0.112835;5.18601e-06;0.000129846;7.01116e-08;1.32233e-05;1.90236e-05;0.0583194;0.803061;0.00260572
1.79247e-05;0.196985;0.786361;1.08605e-05;0.000548439;5.93136e-05;6.55284e-08;0.00755661;5.27081e-08;9.07936e-08;3.99064e-08;0.000195166;0.00825555;9.6364e-06
1.64224e-06;0.808886;9.54267e-08;9.83959e-08;2.06716e-05;8.74586e-05;2.0375e-06;0.0737079;2.57766e-08;2.54433e-06;5.20465e-09;1.12671e-08;0.117229;6.26564e-05
3.50279e-10;2.13769e-10;0.999998;6.3475e-09;3.01312e-10;1.83289e-09;5.84057e-10;1.26416e-11;1.48901e-10;9.34082e-10;8.18295e-11;2.23375e-06;3.48654e-09;5.00069e-12
6.91337e-06;0.000856755;0.977376;4.61134e-05;3.26674e-05;1.61787e-05;3.98469e-06;0.00102878;1.07804e-05;1.42902e-06;4.54114e-06;0.0204419;1.97839e-05;0.000154102
1.28087e-05;0.000919955;0.00397798;7.81874e-05;0.0123318;0.0220257;5.78372e-06;0.000234795;2.1054e-05;7.15567e-06;9.27177e-05;0.000383418;0.000352074;0.959557
2.56204e-06;0.820569;9.22509e-08;8.4134e-07;4.83105e-05;2.1217e-05;0.00013412;2.38018e-05;3.56038e-09;0.000319069;8.70119e-08;2.77864e-05;4.77669e-06;0.178849
6.19766e-12;1.0664e-11;1;4.45812e-12;2.26711e-11;3.28973e-12;3.88359e-13;3.21994e-12;2.33164e-13;9.05983e-14;2.75879e-13;1.68348e-09;3.36406e-12;2.62084e-13
3.53153e-06;0.1206;1.33012e-07;1.28504e-06;4.02348e-06;3.28447e-05;2.41097e-05;0.113964;7.70899e-07;1.39432e-05;2.07361e-06;1.53707e-08;0.765351;3.01309e-06
2.52356e-10;2.75102e-10;1;4.71434e-09;5.9493e-11;2.7485e-10;5.60151e-11;4.42879e-11;2.6769e-11;2.14415e-10;1.09883e-09;2.08518e-07;5.21088e-10;4.67187e-11
3.60374e-06;0.0269361;0.011213;8.20701e-05;2.6635e-05;6.52152e-06;3.09836e-06;0.0127785;1.1925e-05;8.70498e-07;5.07892e-05;0.947824;0.000187402;0.000875695
1.33592e-06;0.00504847;1.11331e-05;6.51717e-07;7.25496e-06;6.15141e-05;9.46865e-08;0.000124507;1.04903e-07;2.5777e-07;1.11167e-06;0.000110168;0.994606;2.70753e-05
8.62087e-08;0.000416256;1.65899e-08;1.32493e-07;1.63233e-05;3.96317e-07;8.96306e-10;2.24749e-05;2.29715e-08;3.85715e-09;1.63825e-06;0.999288;0.000208603;4.56929e-05
5.35311e-06;0.00362333;8.80436e-05;1.44216e-06;0.0046862;6.6803e-05;2.44714e-07;0.991189;8.40368e-08;2.17636e-06;9.81611e-08;4.64828e-06;3.20619e-06;0.000328943
4.78009e-06;0.242245;9.90713e-08;1.69217e-06;1.58812e-05;1.77971e-05;4.47921e-05;0.378816;3.43202e-06;1.91873e-06;2.02447e-06;8.83542e-09;0.378823;2.38447e-05
1.23939e-10;1.40501e-09;1;7.37427e-10;7.08021e-12;8.59642e-13;1.42912e-11;2.25142e-10;1.32939e-11;1.73978e-11;4.46893e-11;1.90655e-09;1.20197e-09;4.59235e-13
5.1583e-06;0.0212203;0.00448293;7.76231e-05;9.90133e-05;9.10686e-07;3.10792e-07;0.417176;3.55468e-05;3.57666e-07;4.71799e-06;0.556191;0.000218339;0.000487986
3.32389e-05;0.504971;6.10248e-05;1.17244e-05;0.00242997;0.00189195;4.01397e-06;0.309289;1.25219e-06;9.84401e-05;3.76737e-06;0.00597325;0.173994;0.001237
5.11094e-05;0.0533922;3.04369e-06;2.83878e-05;0.40065;8.23158e-05;3.78867e-08;0.443558;2.24408e-07;2.75226e-06;4.07343e-05;0.0589627;0.0407059;0.00252284
0.000529948;0.457408;0.159987;0.0338688;0.138211;0.00881079;0.000240153;0.00275984;2.35741e-05;0.00116234;0.000275177;5.66622e-05;0.191218;0.00544845
2.15234e-05;0.00130945;1.61464e-06;2.62936e-08;8.66243e-07;2.32123e-08;5.39445e-07;0.99865;5.75267e-07;5.91595e-08;2.94141e-08;7.94804e-07;1.42556e-05;1.73478e-07
6.43177e-07;0.988434;7.50141e-05;9.67777e-06;0.000426121;0.000332884;1.07957e-05;0.00770868;2.40579e-08;5.72945e-05;3.81443e-07;1.23405e-06;0.000511016;0.00243176
7.40533e-11;8.94319e-12;1;3.12823e-11;2.07687e-12;2.10504e-13;2.95271e-10;1.86858e-11;1.26999e-11;2.26687e-11;1.18429e-10;9.65581e-09;6.79325e-12;1.17357e-13
4.35283e-06;0.00275428;0.000505564;2.33279e-05;2.01747e-05;4.55325e-06;1.97351e-06;0.000527956;0.000467768;1.41595e-06;4.96752e-05;0.995574;2.90279e-05;3.60469e-05
5.17254e-05;0.988486;2.45237e-07;3.8114e-07;2.36626e-06;2.11205e-06;1.61631e-06;0.00287332;1.3851e-05;5.28075e-07;1.7801e-05;0.00132414;0.00722521;6.93963e-07
3.35259e-07;0.00070395;5.27079e-09;5.86836e-08;0.0264715;1.64107e-07;8.91175e-10;0.972683;1.65187e-08;3.14476e-07;1.13934e-09;2.60474e-05;1.31178e-05;0.000101728
3.8723e-06;9.68853e-05;0.963733;2.04006e-05;0.0299322;0.00018191;5.02662e-09;0.00399692;1.57249e-07;3.00864e-07;8.13086e-09;0.00197426;2.79663e-05;3.22095e-05
1.24378e-05;0.0158587;2.49928e-07;1.72447e-07;4.16084e-06;4.47503e-05;7.45972e-07;0.97245;9.40922e-06;1.26583e-06;6.79525e-08;3.91277e-08;0.011614;3.92537e-06
1.15468e-10;8.3603e-11;0.999999;9.03193e-10;3.18316e-11;1.41728e-10;2.34877e-10;6.09611e-11;1.41935e-10;1.12337e-10;1.14943e-10;5.22091e-07;2.26979e-11;4.91329e-12
8.54429e-07;0.000239898;0.00821387;3.13561e-05;7.94143e-06;1.86815e-05;1.14231e-07;0.000282875;2.88979e-05;3.4671e-08;1.33769e-05;0.990767;0.000384473;1.01822e-05
0.000248491;0.648419;8.46582e-07;7.33604e-06;0.0233571;0.00175152;4.6936e-06;0.231263;0.000185192;1.91413e-06;0.000177814;0.00016995;0.0862521;0.00816101
6.86867e-08;0.997625;2.07964e-10;4.04149e-09;5.89547e-05;7.16998e-07;2.08969e-06;6.66646e-06;1.36314e-08;4.86638e-07;6.53417e-09;2.54619e-06;2.3746e-06;0.00230082
1.05491e-10;9.68612e-11;1;2.12204e-12;1.1894e-10;2.80558e-11;9.40713e-13;2.5311e-09;5.56617e-12;5.83062e-14;7.12964e-14;2.43023e-08;5.38362e-10;9.0407e-14
2.94682e-07;0.0782451;5.46252e-08;3.66775e-07;2.11729e-07;1.90123e-05;2.44958e-05;0.357164;2.03436e-06;7.91216e-06;3.66126e-08;1.0191e-08;0.564536;1.3111e-07
9.6551e-10;6.31581e-09;1;1.53952e-07;1.77232e-09;8.04257e-08;4.86218e-10;9.85353e-09;4.47364e-10;2.77025e-09;7.23e-10;2.09618e-07;5.76654e-09;1.25848e-09
9.96482e-06;0.0111681;0.00917248;5.83956e-05;0.000348075;0.000191211;6.9439e-07;0.0424484;1.5712e-05;8.93705e-07;9.89214e-06;0.890504;0.000207476;0.0458645
5.0562e-06;0.145673;6.26727e-05;2.83189e-06;0.0019522;0.0055448;3.09025e-07;0.000280588;6.06777e-07;3.37253e-06;5.12487e-06;0.0113658;0.818418;0.0166848
7.32135e-06;0.916567;1.04157e-06;3.99007e-07;0.00411524;0.000937225;1.26006e-07;0.0233865;3.9874e-07;3.8191e-07;1.48541e-06;0.00907545;0.00244426;0.0434627
7.24605e-07;0.949773;2.48674e-07;2.04094e-06;0.000744523;3.82442e-06;3.79672e-08;0.00513806;5.79642e-08;3.10572e-08;1.06362e-07;0.0152686;0.029051;1.74987e-05
1.57671e-06;0.00604499;3.86654e-06;3.10842e-06;0.981295;0.000492315;1.85611e-09;0.0069192;3.97382e-08;2.09465e-07;1.98285e-08;4.10433e-05;0.00507741;0.000121037
0.000293069;0.0629458;0.00355833;0.000290571;0.00173453;0.00134746;2.60774e-06;0.0731827;6.00411e-05;9.4714e-06;1.28573e-05;0.00660664;0.849555;0.000400653
1.08578e-05;0.0261277;1.55626e-05;1.27047e-05;1.28357e-06;3.13782e-05;3.16644e-07;0.000305912;4.15198e-06;6.1289e-07;1.42358e-05;4.67305e-05;0.973414;1.4216e-05
7.27725e-06;0.000912701;1.21939e-06;3.16e-06;0.00129576;4.27308e-06;1.08984e-07;0.000779507;2.04971e-05;1.1785e-06;5.56426e-05;0.996719;0.000175285;2.40158e-05
7.98726e-06;0.995367;1.51093e-07;3.04889e-08;9.02837e-10;1.76454e-10;0.0043476;2.49565e-05;1.5297e-07;0.000251605;2.07849e-07;1.66269e-08;6.4111e-08;4.34536e-08
1.07895e-10;7.68924e-12;1;1.2246e-11;4.70648e-12;5.09102e-13;1.18936e-09;8.50668e-12;1.57175e-11;2.85289e-11;1.04225e-11;4.03617e-09;5.9999e-12;7.80254e-14
1.68564e-05;0.816441;1.3905e-06;9.70914e-06;2.19891e-05;1.29603e-05;0.00203253;0.129304;0.0001963;1.03689e-05;9.25927e-06;1.19047e-08;0.0518271;0.000116367
1.69889e-08;7.15326e-09;0.999999;1.51401e-08;8.49637e-10;3.99684e-10;2.25773e-07;1.48257e-09;3.46189e-08;1.04105e-08;2.12766e-08;2.55526e-07;5.8003e-08;8.98172e-11
1.13506e-07;1.03548e-06;0.999737;1.99319e-06;4.29835e-06;3.29906e-07;7.58556e-08;0.000146729;6.10995e-07;3.38682e-08;1.66287e-08;9.66714e-05;1.66379e-07;1.1063e-05
4.14354e-08;1.8139e-05;2.64276e-06;1.06703e-07;3.81261e-05;0.000370808;1.3869e-10;8.10056e-07;5.69779e-09;1.71445e-07;1.2175e-10;1.01251e-06;6.86924e-08;0.999568
4.32928e-05;0.000137196;4.33906e-09;1.627e-06;1.6565e-05;3.21563e-06;5.85921e-08;0.96098;1.98573e-05;1.78491e-08;3.61166e-05;2.82059e-05;0.0387272;6.70354e-06
7.67401e-06;0.968233;2.60169e-09;1.00249e-07;1.85727e-08;1.45379e-10;1.19893e-06;0.018337;7.47035e-06;2.69387e-08;6.048e-06;1.04682e-05;0.0133968;6.16996e-09
7.29486e-07;0.106654;3.18332e-07;2.17428e-06;4.46049e-07;5.36541e-08;5.50792e-05;2.86108e-06;1.317e-09;0.000429178;6.29508e-09;3.96552e-06;4.7275e-07;0.892851
1.65788e-08;4.32955e-09;0.999937;1.05019e-06;5.26326e-11;1.62866e-11;1.12025e-05;2.04213e-11;2.85649e-06;6.71653e-08;4.73573e-05;6.61878e-09;5.12312e-11;7.47659e-11
9.86858e-07;0.00584947;5.16288e-09;2.2253e-06;5.40303e-09;6.07398e-09;1.55535e-06;1.1507e-07;3.90562e-07;1.20848e-07;7.33028e-05;3.62496e-09;0.994072;6.95723e-10
3.25513e-07;0.000268124;4.53464e-06;4.11482e-07;7.8053e-06;2.29223e-08;2.32739e-09;1.61311e-05;1.89066e-08;3.60414e-09;4.48983e-07;0.99961;8.76532e-05;4.73237e-06
5.52994e-08;0.059379;6.62534e-10;5.33843e-07;0.000162817;2.35946e-05;3.72684e-11;0.93871;1.51829e-09;1.76184e-08;5.6457e-09;4.85026e-06;0.00163581;8.33497e-05
1.45196e-07;5.98022e-06;3.05373e-09;7.67554e-08;1.54501e-09;4.17534e-06;1.10624e-10;1.95671e-08;2.63321e-09;5.27742e-09;1.14851e-08;6.38864e-06;0.999983;6.73844e-08
1.09966e-07;8.01564e-06;0.999991;3.04799e-07;7.02065e-09;7.64981e-09;3.09663e-09;3.20537e-08;8.06752e-10;2.14185e-07;4.07996e-09;2.14596e-07;1.18583e-08;4.73279e-08
2.51182e-06;0.988932;5.31064e-06;6.2681e-05;1.3108e-05;7.21248e-06;8.65605e-06;0.0048429;5.2963e-05;1.47725e-06;0.00094879;5.36827e-05;0.00490952;0.00015899
