9.41376e-07;0.970554;7.16873e-11;1.38949e-07;3.72745e-06;6.25674e-06;3.67044e-06;0.00400103;4.62271e-07;2.67094e-06;1.20664e-07;1.05824e-09;0.025407;1.95792e-05
2.19778e-10;6.12421e-12;1;4.52993e-09;7.41813e-09;4.72482e-10;1.3252e-10;1.32602e-11;1.32709e-11;1.67894e-10;5.63013e-11;5.06153e-07;5.03301e-12;4.74707e-09
9.97444e-06;0.862361;0.000165076;5.30539e-06;6.44813e-06;4.29217e-06;0.000399098;0.00518736;2.24972e-05;1.35124e-07;8.20971e-05;0.000281677;0.131462;1.27073e-05
8.7818e-05;0.176354;3.17175e-06;6.95908e-06;9.73114e-06;1.15791e-05;1.84409e-05;0.013321;0.00102007;4.93244e-07;0.00166494;0.79985;0.00744409;0.000207916
1.85005e-06;0.000778809;7.98748e-08;1.47742e-09;1.26879e-07;2.88802e-08;5.7948e-09;0.999086;3.99119e-08;2.6664e-09;3.44678e-09;2.9083e-06;0.000129598;9.6655e-08
5.36621e-08;2.96301e-06;2.81044e-07;2.61136e-05;0.687809;0.000579343;2.78914e-09;0.000106698;1.96546e-06;3.41708e-07;1.57593e-06;0.305945;1.84122e-06;0.00552534
1.71542e-05;0.713834;0.275076;9.37379e-05;3.16481e-05;3.8958e-05;5.92122e-07;3.09654e-05;8.99581e-08;1.74995e-06;1.56272e-06;2.89005e-06;0.01043;0.000439906
6.43235e-06;0.756863;6.14094e-07;1.45966e-07;2.31041e-07;2.99407e-07;1.24176e-05;0.000113732;1.07829e-06;1.02339e-07;2.67749e-05;0.232792;0.0101829;3.27012e-07
2.21619e-06;0.0292017;3.57409e-06;1.91642e-06;3.03129e-06;0.000301059;1.5597e-06;0.00291868;5.38533e-06;4.09659e-07;0.000178988;0.0288379;0.938542;1.63435e-06
1.2871e-06;0.00114186;0.997976;2.85269e-05;1.67713e-05;1.87901e-05;5.29546e-08;6.38159e-05;5.34922e-09;5.27803e-07;9.76778e-08;0.000307549;0.000411156;3.36846e-05
1.60209e-05;0.00649069;9.3283e-07;8.19681e-06;4.35784e-05;1.2197e-05;1.14567e-06;0.00278495;0.000141156;6.32339e-08;0.000482796;0.0115206;0.978482;1.55152e-05
6.89722e-06;0.0761947;8.93657e-06;2.50473e-05;0.0312522;0.0105579;0.000237943;0.87194;1.42071e-05;0.00073158;0.000171633;6.81542e-06;0.0048501;0.00400182
1.11042e-09;3.83003e-10;1;7.56717e-10;1.2208e-11;8.35321e-12;3.03804e-09;1.14557e-11;9.33571e-10;1.71975e-10;1.41953e-08;3.28618e-08;1.87536e-10;1.29786e-13
7.9387e-06;0.00224264;0.976915;1.22691e-06;1.19752e-05;3.05752e-07;3.04792e-06;0.00116218;1.44425e-06;1.94252e-07;2.21989e-06;0.0196332;1.51777e-05;3.48391e-06
9.86225e-06;0.000826826;0.000148485;7.20778e-05;0.129984;0.0195537;2.35296e-06;0.000391267;0.000167274;8.66145e-06;0.000102779;1.80974e-05;0.000297808;0.848417
9.18062e-07;1.97288e-05;2.18168e-06;5.74222e-07;3.16627e-05;8.91868e-07;9.76247e-09;2.99147e-05;1.12389e-06;4.0945e-08;1.95661e-06;0.999898;1.10717e-05;2.16128e-06
4.29969e-05;0.801634;0.000152405;2.47089e-07;0.000196174;2.2775e-06;2.25077e-07;0.197634;2.04773e-06;1.618e-07;1.99752e-08;1.20782e-07;0.00033396;1.43552e-06
2.03629e-06;0.0119888;9.50108e-09;2.87491e-06;7.7134e-06;3.16912e-06;1.79462e-07;0.979347;6.75025e-05;3.4032e-08;1.97079e-06;0.00697918;0.00159762;2.21663e-06
3.91781e-07;0.0101241;3.10905e-08;1.70257e-08;4.212e-06;6.82496e-08;8.1178e-10;0.989492;3.33732e-10;1.26694e-07;1.10076e-10;1.52729e-07;0.000378568;4.30662e-07
5.83577e-08;0.00174021;7.77862e-07;3.13491e-06;2.59222e-05;7.61494e-06;4.60475e-09;1.41345e-05;1.29762e-08;1.34619e-07;2.4268e-07;0.997206;3.19771e-05;0.000970007
3.70524e-06;0.982883;3.28636e-10;1.47776e-06;5.47857e-07;1.03126e-07;7.7004e-06;0.000739418;2.72353e-06;7.13893e-08;1.60729e-05;2.75272e-06;0.0163345;8.00712e-06
0.000266987;0.00185112;4.06996e-08;8.07128e-07;0.000229634;1.05091e-06;3.31446e-07;0.997102;4.26946e-05;9.1777e-07;4.5796e-08;3.75867e-06;0.000499676;7.2283e-07
1.44069e-05;0.0048458;8.07247e-07;2.25155e-05;0.00969588;0.000687531;1.5454e-07;9.22744e-06;0.000153272;3.28124e-07;1.52664e-06;0.944708;2.22685e-05;0.0398381
7.21418e-05;0.203246;6.48087e-08;5.76415e-07;3.91826e-06;8.47609e-07;5.49792e-05;0.000132083;8.71204e-06;2.11177e-07;1.73927e-06;2.3076e-07;0.796477;1.44686e-06
6.8243e-06;0.0108625;1.74636e-06;0.000254018;0.00233827;3.91147e-05;2.11124e-07;0.00364682;1.54946e-05;1.62819e-06;2.35145e-06;0.967687;0.000105059;0.015039
0.000204182;0.924493;2.06176e-06;0.000192732;0.000103538;1.23567e-06;4.83129e-05;0.000348421;9.14557e-05;1.51091e-06;3.73849e-05;0.00368027;0.0702004;0.000595811
0.000222995;0.971849;1.92687e-07;8.53118e-06;2.704e-05;6.29241e-07;1.37804e-07;0.0153383;1.08079e-05;1.91469e-07;2.83976e-07;0.00324365;0.00521563;0.00408262
1.52838e-05;0.000294926;3.09786e-07;4.58593e-07;8.37956e-05;5.70497e-07;8.95333e-10;0.9975;8.64845e-07;3.88833e-07;2.35639e-08;0.00209763;3.88682e-06;2.36616e-06
6.08651e-07;0.00243956;0.00959014;3.28584e-06;2.66252e-06;2.99604e-06;0.00771733;4.64099e-10;1.93622e-09;0.890991;9.06476e-09;1.00807e-11;6.92304e-12;0.0892526
2.5956e-10;5.67766e-13;1;2.30973e-11;1.03794e-13;1.25211e-12;9.50247e-10;2.27982e-13;2.75562e-09;7.71234e-12;1.11122e-09;1.01386e-10;1.30665e-12;6.82677e-14
