1.08295e-06;0.999843;2.36907e-05;9.70521e-06;2.62073e-06;6.28573e-08;5.25961e-08;1.14291e-05;4.99263e-08;9.96468e-08;6.01146e-08;3.46359e-06;0.00010218;2.43562e-06
1.05233e-07;9.44849e-06;1.49336e-11;3.12966e-10;2.56427e-08;1.929e-09;8.46376e-10;0.99999;1.27599e-08;5.01615e-10;6.24841e-10;1.31711e-09;4.7421e-07;2.68891e-09
3.145e-07;1.22691e-05;1.9861e-06;9.30075e-05;0.121579;5.40688e-05;5.6114e-08;0.00087468;2.89535e-05;5.89345e-07;3.686e-05;0.874753;8.60196e-08;0.00256503
2.76819e-05;0.363115;0.00802837;4.83273e-05;9.76791e-06;2.18566e-05;1.06164e-06;7.8719e-05;9.15784e-07;9.11311e-07;2.47135e-05;5.92479e-06;0.628578;5.84432e-05
7.99587e-06;0.987951;1.84553e-08;2.84707e-06;6.22503e-06;5.95655e-07;5.39774e-06;0.000391486;8.71982e-07;6.09742e-07;1.10632e-05;0.00205078;0.00868513;0.00088602
1.3926e-05;0.00822938;0.000268005;7.09841e-05;0.914899;0.000489372;1.19858e-06;0.00541979;1.51426e-06;3.92029e-06;9.49234e-07;0.00270016;0.0350974;0.0328047
2.11602e-06;0.000726364;2.64143e-07;1.8341e-06;2.91818e-06;4.25886e-05;9.28701e-07;6.61425e-05;4.27057e-07;2.14529e-07;3.35124e-06;0.000473118;0.99868;9.10093e-08
1.63892e-07;9.02392e-05;0.9999;3.41586e-07;8.35347e-08;6.19941e-08;1.38367e-09;7.52885e-07;3.29481e-10;3.68077e-08;4.49794e-09;7.42214e-06;8.31797e-07;1.26203e-07
8.61786e-06;0.980287;7.47415e-09;4.67059e-05;7.82133e-07;2.62251e-06;3.46965e-05;0.000451153;9.98913e-05;1.33776e-06;0.0160143;3.8078e-05;0.00298072;3.36599e-05
1.89852e-05;0.967586;6.50745e-08;0.000492692;2.21361e-05;2.79095e-05;9.94348e-06;0.000202727;2.81976e-05;4.16939e-05;0.00240554;0.00498828;0.023619;0.000556422
1.22123e-05;0.998483;1.98779e-06;4.67303e-07;1.74671e-07;2.43802e-08;1.02981e-06;0.000394302;6.21695e-08;4.42544e-07;2.53875e-06;0.00012213;0.000980499;1.44255e-06
6.80359e-06;6.99406e-05;1.98689e-07;3.9214e-06;0.00181873;0.000240005;6.10631e-07;7.3479e-05;6.28204e-06;2.07725e-06;5.81136e-05;0.992331;1.5346e-05;0.00537311
1.97094e-05;0.979889;1.1151e-08;2.07642e-07;2.61995e-07;2.13636e-08;9.29323e-06;0.000886936;6.52137e-07;8.11631e-08;1.1582e-06;2.10269e-07;0.0191909;1.70689e-06
8.53935e-05;0.118406;4.33225e-05;0.00034419;0.301154;0.000207746;2.48043e-06;0.366274;0.00042224;4.07989e-06;4.50272e-06;0.000388333;0.000886595;0.211778
3.52044e-06;0.952319;3.05383e-09;2.49998e-06;4.96277e-05;1.17312e-05;2.2167e-06;0.0313607;3.24988e-06;8.37096e-07;8.40001e-06;3.41389e-07;0.0161533;8.42054e-05
3.35769e-08;1.65011e-09;1;6.31593e-09;1.99848e-10;2.64301e-11;1.83445e-09;2.11408e-10;3.95046e-09;3.71785e-10;9.92565e-09;2.43438e-07;9.97806e-10;2.8161e-10
4.3736e-06;0.00121013;6.79969e-05;1.46983e-06;0.000162015;6.73576e-06;4.90639e-07;0.00083878;3.39044e-06;2.67648e-07;2.66755e-06;2.69853e-05;5.58412e-06;0.997669
4.7934e-07;0.00120536;3.17993e-10;2.72043e-08;0.000435836;4.58652e-07;4.9875e-08;0.998345;3.76852e-06;6.95985e-09;3.27581e-07;9.32013e-07;4.21737e-06;3.70022e-06
3.14431e-08;3.59542e-06;0.999924;3.71402e-08;2.1636e-05;7.9884e-08;1.78606e-09;2.0768e-08;2.25248e-11;1.00433e-08;1.79268e-09;5.00886e-05;4.59458e-08;8.12945e-07
6.71941e-07;0.997816;2.29683e-07;3.45836e-07;1.01979e-06;1.84027e-07;1.22684e-06;0.00136188;5.89792e-06;7.47113e-09;1.09277e-05;5.9869e-06;0.000281989;0.000513324
1.16001e-06;0.0251571;2.16754e-07;5.42069e-09;5.43062e-06;1.44725e-07;5.15616e-09;0.973454;2.3246e-07;3.28055e-08;2.52157e-09;5.41867e-08;0.00136522;1.63336e-05
2.49364e-09;1.5798e-05;1.18179e-06;1.02511e-07;1.05446e-05;4.27518e-07;2.98746e-11;1.00417e-07;8.2446e-09;2.03714e-09;1.2329e-08;0.999965;4.0601e-06;2.56407e-06
1.89624e-06;0.995597;1.12807e-07;2.83244e-07;3.89496e-06;6.7298e-08;1.44023e-05;0.00214322;2.14712e-06;1.36367e-06;9.07379e-07;8.44851e-07;0.00223332;7.76043e-07
2.06633e-07;0.00236106;2.49521e-06;5.10484e-07;0.000101965;3.64346e-07;2.09779e-07;1.86055e-06;9.9336e-07;1.42932e-07;5.66678e-07;0.997241;0.000280788;7.5674e-06
8.01113e-06;0.00019635;2.16403e-09;2.83808e-08;3.61436e-05;3.77893e-06;2.28302e-08;0.988123;5.51256e-06;1.42647e-08;1.67751e-08;7.71672e-08;0.0116268;2.00393e-08
3.96142e-06;0.000283246;5.35043e-09;6.34574e-08;1.07218e-07;4.19922e-08;1.03802e-08;0.99269;6.59027e-07;5.80473e-10;1.27883e-08;2.83278e-07;0.0070214;1.00299e-07
0.000752896;0.0941888;0.0001505;3.05447e-05;1.72465e-05;7.17499e-06;2.41211e-06;0.0411996;0.000606575;9.50334e-06;4.65667e-05;0.792838;0.0685908;0.00155886
1.5048e-06;0.999895;7.59175e-10;4.4827e-08;3.58494e-07;3.96162e-09;1.58656e-06;6.52693e-05;1.30497e-07;1.3706e-06;8.21019e-08;1.78363e-07;1.29282e-05;2.12495e-05
2.40015e-11;4.91758e-12;1;4.21418e-11;3.02872e-10;4.75152e-13;3.58431e-11;1.35471e-11;4.04643e-13;6.13756e-12;2.19662e-12;2.60729e-08;4.99986e-14;1.15836e-12
1.83933e-06;0.995554;2.09699e-06;1.14369e-05;3.3187e-06;9.52253e-07;0.00241851;0.00102685;3.83158e-06;2.26939e-06;2.707e-05;4.38589e-06;0.000127501;0.000815761
7.26365e-05;0.0517085;2.2488e-05;6.38883e-06;4.33939e-06;9.93986e-06;3.81783e-05;0.08128;3.31058e-05;1.43287e-06;0.000559727;0.771197;0.0950612;4.70832e-06
9.16566e-06;0.0203072;1.98453e-07;5.66258e-06;1.646e-05;7.58304e-06;1.5849e-07;0.00814997;1.95286e-06;1.63653e-07;0.000115528;0.000592553;0.970758;3.54594e-05
3.07564e-05;0.00737152;9.39862e-06;1.38449e-06;1.76339e-05;3.6585e-06;7.80715e-08;0.000429886;7.18396e-07;1.57986e-07;2.2021e-06;0.984277;0.00784771;7.95911e-06
2.54303e-06;0.00524768;5.82393e-05;2.8583e-06;1.70587e-06;2.42305e-05;4.64416e-06;0.000503897;2.39431e-06;7.0674e-07;5.4913e-05;0.00060952;0.993475;1.16135e-05
1.25652e-06;0.00815878;1.19087e-05;0.00185976;0.00169138;0.0228176;4.85616e-05;0.00555573;9.04816e-06;0.000106392;0.00389466;0.0137394;0.93987;0.00223584
7.12156e-06;0.00667783;3.83096e-07;3.47361e-05;3.63737e-06;0.00229164;1.02993e-05;0.0017337;1.50567e-06;2.512e-05;0.000861032;1.10285e-05;0.988333;9.41612e-06
2.0058e-06;0.000143534;5.13213e-09;3.32066e-06;1.58422e-06;2.78714e-06;2.64794e-07;0.017608;7.00694e-07;4.82133e-08;6.07166e-05;7.86062e-07;0.982176;2.55714e-07
5.80415e-06;0.000223989;4.18585e-07;4.75897e-06;6.57573e-06;1.77709e-06;9.96539e-08;0.000112759;3.55609e-05;3.1245e-07;0.000150394;0.993641;0.00581428;2.56474e-06
1.36357e-06;0.0197963;1.12105e-08;2.11997e-07;4.18824e-05;3.61896e-05;6.40913e-06;0.968783;8.83915e-06;3.30157e-06;2.74926e-05;5.66824e-08;0.0112941;6.83599e-07
8.74826e-10;3.37514e-10;0.999997;1.26984e-08;3.27115e-09;2.49521e-10;5.49274e-10;1.12191e-09;1.18169e-10;2.61227e-09;1.35146e-08;3.23514e-06;1.13097e-12;5.98518e-10
2.42245e-05;0.000911657;0.0014965;0.000132835;0.00128227;5.99581e-05;7.71676e-07;0.00375419;0.000201774;3.84675e-07;0.00114107;0.990183;0.000509827;0.000301638
6.37362e-07;0.995561;1.41577e-10;2.76383e-09;2.18567e-05;4.88183e-08;6.91768e-08;0.00439823;1.4929e-06;1.21361e-08;2.88e-06;2.72712e-09;1.3006e-05;1.06099e-06
1.81577e-06;0.000400383;0.0100049;2.37011e-07;0.951269;0.00018416;1.37888e-09;0.000122805;4.7557e-10;1.23118e-07;3.75207e-08;0.0378052;6.35857e-06;0.000205396
2.9841e-08;0.998875;2.22984e-09;9.88183e-11;1.0395e-08;1.95456e-10;3.52466e-07;0.00110221;2.68851e-09;9.06178e-10;1.36677e-10;2.48467e-12;2.12563e-07;2.23247e-05
5.70721e-11;1.85052e-09;0.999998;1.20474e-11;2.48282e-12;2.42798e-13;1.46955e-10;4.59783e-10;5.47776e-12;4.7241e-12;6.6623e-12;1.65282e-06;4.13298e-10;1.29463e-12
1.84036e-06;0.00382596;1.42774e-08;7.0544e-06;5.53682e-06;0.000141071;1.99362e-05;0.120843;0.000484008;8.67859e-07;5.53253e-05;0.000130056;0.874426;5.96345e-05
2.5564e-07;0.998894;0.000557928;2.42096e-06;4.42384e-07;1.76146e-08;1.44323e-07;7.67262e-05;2.1615e-08;4.72771e-08;1.58501e-07;5.2908e-05;0.000414775;9.90003e-08
5.77633e-07;0.257721;2.60302e-09;5.44639e-07;0.000726595;0.000358946;3.13292e-05;0.731744;1.55113e-06;2.16135e-05;1.6669e-06;5.3065e-08;0.00926893;0.000122765
9.56326e-11;3.11508e-12;1;2.76076e-10;1.88562e-11;3.93849e-12;1.94409e-09;5.92043e-14;1.08304e-10;9.05695e-11;3.47397e-10;1.01975e-08;5.71823e-14;3.7426e-12
0.000367966;0.0109979;0.367152;7.46942e-05;0.00114791;2.7796e-05;0.000282283;0.578073;0.00606369;2.73932e-06;0.000938581;0.0347642;9.21772e-05;1.5124e-05
0.00442464;0.244024;0.00175402;0.00128346;0.124419;0.163838;0.000265111;0.0238278;0.0768633;0.00012744;0.0506772;0.00673495;0.110875;0.190885
2.8227e-05;0.0507297;1.91209e-06;2.03524e-07;0.00114054;0.000124616;2.45776e-07;0.0642025;9.43404e-06;7.4774e-08;3.40577e-06;0.0360342;0.847663;6.2214e-05
7.46419e-06;0.00413215;5.27701e-07;1.66887e-05;0.000473034;0.00070972;1.03805e-07;0.365954;4.85545e-05;3.8995e-07;1.19012e-06;2.48572e-05;0.628605;2.59678e-05
2.60322e-05;0.792798;0.137539;0.00011907;0.016582;1.57245e-05;4.33322e-09;0.0522134;1.23533e-07;6.10396e-07;7.05977e-09;0.000305793;0.000258557;0.000141746
3.40527e-06;0.114263;5.10643e-08;3.14358e-07;1.63155e-05;3.36188e-05;2.70848e-06;0.510814;9.94968e-06;2.31591e-06;1.86064e-06;1.18745e-08;0.374853;3.55116e-08
3.22388e-11;3.1056e-12;1;3.95283e-10;4.53224e-11;7.86659e-11;3.91145e-11;5.6281e-12;5.96729e-12;1.63943e-10;1.79122e-11;2.8967e-08;4.23862e-13;1.2159e-11
2.05244e-06;0.000477661;0.00109222;1.4994e-05;0.000162089;4.5464e-06;8.49154e-07;0.000198967;0.000176452;6.18233e-08;1.92537e-05;0.997717;1.81904e-06;0.000131847
6.64838e-07;0.00110936;1.75918e-08;1.20927e-08;2.33932e-05;5.22498e-08;6.13198e-09;0.998834;3.38482e-08;3.24981e-09;3.24446e-08;1.202e-07;3.24263e-05;4.63608e-07
1.87779e-07;0.99907;1.21404e-09;1.96719e-09;4.32687e-07;9.48586e-10;3.48159e-05;4.48666e-07;2.01115e-10;1.17942e-06;9.70822e-11;2.1084e-07;1.11757e-07;0.000892552
3.82408e-10;8.47759e-11;1;1.6642e-11;2.57688e-10;2.5923e-12;1.15911e-11;2.00618e-09;7.6865e-11;1.18417e-13;5.19953e-13;1.03926e-07;6.2858e-12;5.53464e-14
6.25699e-07;0.0202197;6.28796e-10;2.17998e-07;1.89959e-05;3.98695e-06;2.23602e-06;0.976861;6.31432e-06;3.90418e-07;1.39085e-07;2.42242e-09;0.00288582;1.93968e-07
2.16277e-09;4.98092e-11;0.999999;6.26361e-09;6.22927e-11;5.37587e-11;1.69347e-10;1.32938e-09;1.2101e-09;2.15672e-10;4.90587e-10;5.20175e-07;7.75241e-10;2.11292e-12
2.34208e-07;1.40121e-06;0.000363497;1.88047e-05;1.41081e-06;8.91574e-07;3.33772e-08;0.000109979;0.000127463;2.70866e-08;3.80822e-06;0.999359;5.61362e-07;1.27884e-05
0.00146485;0.184622;5.51645e-05;9.22242e-06;9.91637e-05;0.00033707;2.73325e-06;0.00307912;9.18132e-06;1.79809e-05;5.16583e-06;2.51769e-06;0.807929;0.00236695
2.02824e-06;0.00269959;5.00144e-07;4.71917e-08;0.0325521;3.59711e-06;1.04109e-10;0.939568;5.26213e-09;5.8056e-08;3.73827e-09;0.0250561;7.00447e-05;4.83906e-05
1.44594e-07;0.000809578;0.998488;1.02682e-06;0.000425207;1.06473e-05;2.28209e-10;3.75631e-05;4.09346e-10;1.25831e-07;1.93166e-09;0.000154447;7.27322e-05;7.51271e-07
2.76365e-05;0.000398833;0.000296967;9.24354e-06;7.68841e-05;6.56952e-05;1.93654e-07;0.99446;0.000866976;5.14775e-07;5.00562e-05;7.82358e-05;0.00366832;5.3362e-07
