1.76514e-07;0.996884;1.93213e-10;1.08239e-08;3.07391e-10;3.37574e-09;2.17951e-06;2.24185e-07;1.53095e-07;7.56927e-09;3.78682e-07;1.16523e-05;0.00310138;8.09141e-10
2.88569e-07;0.998873;3.93419e-10;3.76744e-07;2.22072e-07;7.2994e-07;2.67655e-07;0.000267593;7.02032e-07;1.62569e-07;7.78767e-07;0.00059099;0.00024283;2.23656e-05
1.56493e-06;0.988607;2.67651e-09;4.18053e-08;7.71864e-09;3.79381e-08;1.54881e-06;3.77203e-07;2.41353e-07;2.08874e-08;1.264e-06;0.0106675;0.000720086;3.49714e-07
0.000385867;0.0608528;0.00106241;2.11392e-05;0.0154959;0.00281124;1.15723e-05;0.47609;8.30262e-06;8.45072e-05;1.04123e-05;0.412471;0.0103953;0.0202996
2.82408e-05;0.0179739;3.61937e-05;0.000109672;0.00154578;0.056632;4.48218e-06;0.00735114;0.00022551;2.60416e-06;6.25171e-05;0.00321685;0.909933;0.00287812
2.13772e-05;0.0254155;0.970514;1.79616e-05;2.13842e-06;8.54212e-07;1.37538e-05;7.57977e-07;4.62485e-07;9.63153e-05;7.85217e-07;0.00389572;1.448e-05;6.37134e-06
8.43702e-07;2.64056e-07;0.999988;6.50918e-07;1.01483e-07;5.42011e-09;2.92672e-07;8.01825e-08;7.72073e-06;6.42517e-08;7.26692e-07;1.0747e-06;2.48639e-08;1.2481e-09
0.000481703;0.709305;6.84771e-07;2.12672e-05;2.91398e-05;4.40185e-06;1.09874e-05;0.264472;0.00356449;3.44898e-05;0.000228037;0.0181952;0.00364488;7.21884e-06
0.000159624;0.206738;6.136e-06;1.48434e-05;0.00137496;3.83976e-06;1.36078e-06;0.665587;4.89387e-06;1.22563e-05;2.04914e-05;0.114707;0.00826814;0.00310156
9.87628e-05;0.658099;1.09287e-05;0.000749682;0.000995123;0.00124072;0.00466317;0.0738475;0.000150866;0.00631821;0.000279268;2.79896e-06;0.24565;0.00789471
1.2483e-08;8.47046e-11;0.999999;7.3763e-08;3.67103e-10;2.4997e-10;6.47326e-07;3.45348e-11;7.18246e-08;1.28256e-08;8.17041e-08;2.36031e-08;1.57074e-10;1.14169e-10
8.27256e-06;5.25766e-05;0.987648;7.80345e-05;5.94907e-05;2.50598e-06;1.39999e-05;0.0117853;0.000130932;4.04229e-07;8.04696e-06;0.000159435;8.95304e-08;5.23214e-05
1.83497e-06;0.000211472;0.000211697;1.07136e-06;0.000369182;0.00163428;3.04075e-09;0.000112323;9.35682e-07;5.23626e-07;1.40245e-08;4.77075e-06;1.85442e-06;0.99745
8.09797e-05;0.0189959;5.03628e-08;1.3192e-06;6.00826e-05;1.31809e-05;4.8745e-08;0.924104;1.01482e-05;5.83026e-08;1.03704e-05;1.80455e-05;0.056677;2.89858e-05
2.46079e-06;0.998902;1.19562e-08;5.60188e-07;1.58481e-07;6.22865e-08;4.63786e-07;1.62653e-05;5.52396e-07;2.652e-07;1.824e-06;1.68673e-06;0.00100449;6.97892e-05
1.57676e-08;0.999983;2.20271e-10;5.05442e-09;9.12691e-11;6.52778e-12;1.06411e-06;2.03117e-08;7.05325e-12;1.84926e-06;1.01395e-09;5.02809e-06;2.86774e-09;9.38292e-06
6.6434e-11;2.27548e-11;1;3.06415e-10;4.40764e-09;2.89576e-12;8.17506e-10;4.55845e-10;3.00238e-11;4.65957e-10;1.81962e-10;2.07005e-08;1.3135e-13;8.62041e-12
1.24352e-05;0.972261;0.000300014;5.72577e-05;6.57007e-05;5.42144e-05;3.47104e-05;0.000768615;1.92758e-06;7.00201e-06;0.000204505;1.74487e-05;0.0261522;6.29733e-05
1.86588e-06;0.0677033;1.17191e-07;1.11625e-07;2.77736e-08;1.17967e-08;2.02179e-05;3.61604e-06;3.30419e-06;4.10804e-08;4.05982e-05;0.930739;0.00148736;2.63648e-07
2.605e-05;0.0609638;0.000403339;3.04342e-06;0.00180731;0.000725147;4.6207e-07;0.933258;5.69352e-07;1.05993e-06;1.04027e-06;3.70649e-05;0.00152558;0.00124811
3.84063e-05;0.0369543;2.92358e-06;6.37427e-06;4.7272e-05;0.000148235;7.5605e-08;0.000163158;7.11316e-06;6.29521e-08;9.24642e-06;0.0396077;0.873546;0.0494692
0.00012951;0.739719;5.79621e-05;6.54056e-06;0.00019807;1.73287e-05;8.03938e-08;0.173904;4.11406e-06;1.86663e-06;2.70179e-06;0.080173;0.00564681;0.000139792
5.48394e-05;0.568523;1.7751e-05;2.92152e-05;0.00226629;2.8902e-05;2.61213e-07;0.28169;2.39292e-07;1.84321e-05;8.98482e-06;0.0777538;0.0681286;0.00147897
3.08606e-05;0.858124;2.68472e-06;0.000299164;0.000155152;0.000575018;0.000243;0.0577625;7.78047e-06;0.00286131;3.45354e-05;8.49641e-07;0.0791948;0.000708612
1.10671e-08;2.11474e-11;1;5.30673e-08;1.09054e-09;5.90976e-10;2.88415e-07;8.96064e-11;1.07612e-08;1.43161e-08;4.74604e-08;6.55236e-08;2.12795e-10;2.07413e-11
3.05699e-05;2.16603e-05;0.903384;0.000428923;0.000903549;0.000140213;8.02739e-05;0.0942714;0.000293006;4.30196e-06;9.84579e-05;0.000136686;7.58115e-06;0.000199262
1.04964e-05;0.00152109;0.00143891;4.56785e-06;0.000263318;0.00574853;2.35367e-08;8.88806e-05;1.93111e-06;2.35672e-06;1.44721e-07;3.61056e-05;1.82774e-05;0.990865
0.000159307;0.0269816;1.12314e-08;9.60554e-06;0.000177687;6.13743e-05;2.86239e-07;0.876708;4.75992e-05;3.21013e-07;6.30668e-05;6.82406e-05;0.0956004;0.000122112
8.91512e-06;0.0005525;3.62331e-10;1.01232e-08;8.34094e-09;4.11151e-09;1.27688e-08;0.999136;9.69372e-06;9.10767e-10;2.61248e-07;6.68204e-09;0.000292655;2.35175e-10
3.02946e-07;0.253739;1.59878e-07;4.55115e-07;1.8059e-08;8.22955e-06;3.02164e-05;4.09788e-07;1.03152e-10;0.000906644;2.9283e-10;6.86698e-07;3.58715e-06;0.745311
4.00264e-09;4.47367e-11;0.99999;1.49506e-08;1.73219e-10;1.38272e-09;9.07501e-06;2.64566e-11;1.93508e-08;2.1266e-07;3.0298e-07;1.90284e-10;3.92586e-11;1.97898e-10
1.82895e-08;6.06823e-08;0.999996;2.12585e-07;1.46257e-10;3.55135e-10;2.56403e-06;2.24559e-08;4.63758e-08;1.75466e-08;6.01737e-07;1.30547e-07;4.76767e-07;1.66357e-11
1.00867e-08;1.89279e-05;0.000260558;1.23022e-06;1.529e-07;3.56681e-08;3.75606e-09;3.2182e-05;1.73678e-08;7.76139e-09;3.47076e-07;0.999686;1.77467e-07;6.016e-07
9.99214e-08;0.799785;6.2615e-13;1.18039e-05;1.67053e-06;0.000530528;4.54723e-07;0.000216236;1.72045e-07;3.39773e-07;2.17645e-05;1.16593e-07;0.199419;1.27739e-05
1.07647e-07;0.000511816;0.00020819;2.94783e-07;3.22445e-06;1.44929e-07;1.02219e-10;2.11909e-05;2.06503e-11;2.38301e-09;1.28693e-09;0.999245;6.35134e-06;3.84515e-06
0.000228741;0.206552;5.45595e-05;5.62026e-05;7.53162e-05;0.0028298;0.00911852;0.0537802;9.8943e-05;0.000294688;3.7096e-05;4.06179e-09;0.726825;4.87457e-05
7.46477e-08;5.14994e-08;0.999999;4.83202e-08;3.30666e-10;1.48452e-09;1.25095e-09;1.72173e-08;1.61954e-08;1.51027e-09;9.13055e-09;1.02292e-06;3.7139e-08;1.18824e-10
1.61332e-05;0.0539795;0.000888127;0.000336402;0.000123091;4.84634e-05;3.75357e-07;0.00519061;0.000113979;6.38246e-06;3.70482e-05;0.935783;0.00160632;0.00187017
2.89596e-07;0.999704;3.73306e-12;1.51417e-07;1.10108e-06;2.13951e-06;8.14091e-08;1.78285e-05;3.76524e-08;1.41455e-06;1.0034e-06;1.28397e-08;8.12606e-05;0.00019095
9.31564e-10;1.09383e-09;0.99854;3.85848e-10;3.06471e-09;2.21161e-10;1.18563e-11;1.10232e-11;1.58085e-12;3.39277e-11;1.01239e-10;0.0014598;2.45742e-11;1.18856e-10
8.28382e-09;4.89228e-05;6.12735e-08;2.02444e-09;1.91319e-06;1.194e-06;8.70339e-12;0.999248;1.83098e-10;4.44826e-11;1.08105e-10;1.2856e-08;0.000699928;1.94974e-07
1.07514e-08;1.10975e-06;1.94682e-07;5.10458e-08;5.981e-08;0.000310361;2.12242e-10;2.66384e-06;3.28199e-08;6.53332e-09;4.02899e-08;8.82915e-10;0.999685;3.63659e-09
3.15554e-07;0.000724195;0.999256;1.58977e-06;7.71599e-06;1.46415e-06;7.69146e-10;1.33389e-06;2.6033e-10;1.77392e-06;1.57705e-10;3.12896e-06;5.24018e-07;1.68702e-06
1.91599e-06;0.99299;2.28366e-05;8.32314e-05;1.84724e-05;6.50928e-06;6.46504e-07;0.00461955;1.53598e-05;2.81437e-06;3.04406e-05;1.88419e-05;0.00198257;0.00020672
