4.18632e-06;0.999722;5.7178e-05;8.53395e-05;1.55716e-06;1.02594e-07;2.74423e-07;2.09606e-05;4.72578e-07;3.52292e-07;4.83874e-07;2.23166e-05;8.26962e-05;1.86345e-06
1.77262e-06;0.997545;2.12121e-09;2.13253e-08;5.18602e-10;1.93841e-09;4.78966e-07;3.18681e-06;3.95251e-08;2.10768e-08;1.94354e-07;1.73173e-05;0.00243245;3.72527e-08
1.38276e-05;0.0488825;9.9905e-05;9.8632e-06;0.000531809;0.000211029;0.00285156;0.000544747;4.83327e-07;0.00324997;1.1287e-06;6.97348e-06;3.92753e-06;0.943592
2.33405e-09;1.57127e-11;1;9.18505e-10;1.43853e-09;1.28054e-10;4.2883e-09;8.16119e-11;2.63455e-08;1.62939e-10;1.5587e-08;3.83911e-09;8.65063e-11;1.08759e-12
2.16004e-09;0.999998;1.72462e-11;5.63079e-11;1.48606e-12;9.46892e-13;2.15532e-06;2.47351e-08;7.36492e-10;5.12054e-08;6.23837e-09;9.3937e-12;2.05102e-07;3.98339e-10
3.99756e-13;3.17985e-11;1;7.8686e-12;6.33925e-12;3.71401e-13;5.59588e-12;2.87203e-13;2.13497e-13;1.54829e-11;1.16566e-12;9.23079e-11;7.30486e-14;9.03243e-12
9.45798e-05;0.35031;2.82419e-05;0.00226628;0.00126838;0.00345385;0.024433;0.213797;0.245683;0.00124941;0.139408;0.00091793;0.0143765;0.00271421
0.000162723;0.499064;5.57733e-06;9.3308e-05;1.1538e-05;4.48183e-05;0.000144211;0.00438001;0.000769548;4.6486e-05;0.0132084;0.00902323;0.471893;0.00115341
1.43671e-07;0.985687;1.84889e-09;6.26691e-10;2.39817e-10;1.46039e-09;1.54047e-07;7.17477e-08;8.06971e-10;1.24779e-08;5.39904e-09;0.00019644;0.0141164;1.49428e-08
5.00204e-07;0.000120612;4.18156e-07;8.36539e-07;1.46856e-05;1.97181e-06;9.24588e-08;6.25041e-05;3.47327e-07;4.29916e-08;9.87215e-06;0.999691;9.46474e-05;2.68647e-06
3.26785e-05;0.339028;7.82598e-08;4.28719e-06;0.000482434;0.000120816;8.05547e-07;0.618187;9.6682e-06;4.49262e-07;1.71681e-05;0.000136183;0.0418294;0.000150998
0.000192158;0.481879;9.36168e-06;7.90768e-05;0.000139097;0.000107601;6.86987e-06;0.00444544;7.39829e-05;8.22306e-06;0.000330055;0.108839;0.403819;7.09839e-05
0.0030103;0.533561;0.457103;0.00120853;0.000734085;6.86182e-06;0.000919588;0.000116521;5.7008e-05;0.00174105;2.37225e-05;3.48792e-05;0.000738975;0.000744741
1.4784e-07;2.46437e-07;0.999998;3.46486e-08;3.65982e-09;4.69004e-11;2.71563e-08;6.65659e-09;2.08211e-07;1.40474e-09;2.33432e-08;1.60507e-06;3.80154e-10;1.29996e-10
0.000573114;0.061388;0.00379658;0.000156743;0.00539086;6.33512e-05;0.000251483;0.181194;0.00620688;0.000153158;0.00348547;0.728354;0.00764445;0.00134127
4.72171e-05;0.00650845;2.86533e-07;0.000278233;0.0153492;1.20519e-05;2.10891e-05;0.919072;0.0162664;1.65496e-05;0.0233899;0.010126;0.00890396;8.28178e-06
6.04181e-05;0.0398583;0.925553;0.000928305;0.0231128;0.000356977;1.64944e-06;2.48292e-05;2.02272e-07;0.000180574;8.91602e-06;0.000710815;0.000543627;0.00865974
0.0396651;0.316724;0.0665495;1.80672e-05;9.99604e-06;5.61905e-07;0.00113064;0.081591;0.34088;3.57474e-06;0.0153382;0.120217;0.017871;2.28283e-07
0.000507755;0.322075;0.00134907;0.000389922;0.0815723;0.0536288;4.55102e-06;0.0337649;0.00139837;8.6661e-05;4.08874e-05;0.232606;0.262948;0.00962733
0.00653965;0.242751;0.045388;0.00764515;0.0200457;0.0130878;3.9599e-05;0.0453927;0.0209696;0.000206706;0.00536758;0.161873;0.427485;0.00320902
0.00241494;0.477683;0.000417335;5.79389e-05;0.00168862;0.000347238;1.11531e-05;0.204344;0.00061336;3.47557e-05;0.000104027;0.00262931;0.308161;0.00149321
0.00147858;0.232107;0.000107808;0.00878281;0.013496;0.0056397;0.000427137;0.0904289;0.298652;0.00243663;0.0286842;0.232288;0.0845046;0.000966812
3.09182e-06;0.999976;2.79231e-09;7.59263e-08;3.68517e-09;1.69149e-10;1.53477e-05;3.64932e-08;2.42901e-06;1.60296e-06;7.97317e-07;1.88474e-07;7.35635e-08;3.86489e-08
2.70518e-07;1.56822e-07;0.999994;6.12293e-09;1.34203e-09;1.18101e-11;1.29758e-06;1.00243e-09;1.74188e-08;1.46672e-08;4.4887e-09;3.88772e-06;9.27906e-08;2.27183e-09
9.38863e-07;0.000155764;1.01581e-09;1.57998e-08;0.000222194;6.48115e-09;1.32677e-08;0.999591;1.22282e-05;2.38919e-08;8.18186e-08;9.26115e-06;5.82229e-07;7.88038e-06
6.58885e-10;0.988748;1.37857e-06;4.01251e-09;3.70929e-09;6.74779e-10;3.55648e-08;2.15401e-11;2.80901e-11;3.65543e-06;7.87239e-11;2.13304e-08;6.04473e-10;0.0112467
0.000549925;0.110721;0.000890547;6.95808e-05;0.000188179;4.75829e-05;0.435446;0.100147;0.25151;9.07765e-05;0.093473;0.000242526;0.00660957;1.50214e-05
