2.66078e-07;0.998614;4.95072e-11;1.54918e-09;2.34929e-09;2.01749e-09;4.84278e-08;1.2418e-06;2.35688e-08;2.17652e-09;2.59006e-08;5.09982e-06;0.00137895;4.25476e-10
1.47776e-05;0.841191;0.00089406;6.00397e-05;0.00182364;0.0266883;6.86341e-07;6.68862e-05;2.17603e-08;8.4479e-05;2.72341e-08;0.00629597;0.00171926;0.121161
0.000230767;0.218206;8.23478e-05;4.48571e-07;3.58277e-06;3.00101e-06;5.69443e-07;0.553861;5.46244e-05;1.88204e-07;2.84947e-05;0.216822;0.0107063;3.21739e-07
4.29317e-05;0.382496;0.000324586;1.16857e-05;0.00416612;0.0600002;7.26203e-05;0.0388388;7.47696e-05;0.000114162;5.00705e-06;0.0300925;0.483211;0.00054882
1.22377e-05;0.00972506;1.58726e-08;6.71905e-06;5.70792e-07;6.87937e-06;2.30887e-07;1.60031e-05;6.29954e-05;1.96959e-07;6.15535e-06;0.00121473;0.988939;9.29152e-06
4.4533e-05;0.00525977;4.57291e-07;2.54135e-06;5.31533e-06;2.10575e-06;4.26348e-09;0.000833196;8.26005e-06;1.73588e-07;8.52997e-07;0.9911;0.00272176;2.07814e-05
1.11543e-07;0.99954;5.09573e-09;2.77235e-10;1.86525e-09;1.50142e-08;8.96018e-10;2.73432e-06;5.36785e-10;7.41775e-10;1.01209e-10;9.44183e-05;0.000362471;1.56452e-08
9.63787e-08;0.000499382;2.22774e-05;3.35579e-05;0.00535378;0.161771;6.42076e-09;0.000905123;9.57217e-08;3.77552e-06;2.8735e-07;0.19425;4.19399e-05;0.637119
1.1821e-09;8.17223e-05;1.66481e-11;1.62797e-08;1.36674e-09;1.40448e-07;1.79338e-09;1.32405e-07;1.58762e-09;7.5407e-11;3.68812e-07;2.78324e-08;0.999918;8.68831e-09
5.44641e-06;0.000266236;7.02004e-07;2.88618e-05;9.00932e-06;4.56681e-07;4.08735e-07;0.000418217;3.02536e-05;7.85067e-07;3.18931e-05;0.999119;4.59326e-05;4.29768e-05
2.51057e-05;6.48183e-05;2.33631e-08;1.3691e-07;1.89713e-06;1.1699e-08;4.99565e-07;0.999446;0.000458051;4.32164e-08;9.08618e-07;1.24786e-09;1.26321e-06;8.96054e-07
2.93236e-05;0.993035;3.97933e-05;1.77398e-05;1.44642e-05;1.71554e-07;0.00605842;0.000353951;0.000132619;0.000105464;4.17707e-06;0.000188679;2.53785e-06;1.73054e-05
2.68002e-10;6.02887e-10;1;9.77242e-10;2.26387e-10;1.37399e-12;1.60012e-09;1.1641e-11;6.83924e-11;1.45495e-11;3.52965e-10;3.10012e-11;6.29965e-12;4.24751e-11
7.03239e-06;0.145099;1.89734e-06;5.5305e-06;3.04741e-06;1.77714e-07;5.6284e-07;0.0418922;1.04784e-05;7.96133e-08;0.000241828;0.787636;0.0250971;4.26888e-06
1.11597e-05;0.545561;1.78434e-07;0.000164545;0.00120249;0.000721151;4.40698e-06;0.00139188;1.6572e-05;1.13918e-05;0.000462234;0.000599412;0.0853962;0.364457
0.00183268;0.310631;4.59435e-05;0.00171544;0.000237676;0.000981576;1.13429e-05;0.0141713;0.00207684;3.57784e-05;0.014683;0.626834;0.025235;0.00150853
0.000525059;0.313914;0.18526;0.000836792;0.00529011;0.000195563;8.16986e-07;0.000955934;1.30606e-06;7.22794e-05;2.62842e-05;0.486206;4.87442e-06;0.00671069
2.12814e-05;0.00174495;2.89572e-07;8.45882e-06;0.000544195;0.000121875;2.70468e-06;0.000532848;3.52936e-06;4.08692e-07;0.000336716;1.21295e-05;0.996632;3.85362e-05
7.08956e-07;0.00122463;1.10966e-05;2.01894e-05;0.000337218;0.000103496;3.30763e-09;0.00107224;2.60217e-06;3.58646e-08;9.20636e-05;0.996113;0.0005041;0.000518839
9.28938e-06;0.0223893;1.38499e-07;2.35555e-06;9.02515e-06;2.29086e-06;8.98642e-07;0.000168977;5.16822e-06;1.56609e-08;0.00028038;0.000419134;0.976712;1.29184e-06
0.000198989;0.00854051;0.000649068;1.23742e-05;5.349e-05;5.86808e-05;4.46517e-08;0.00209843;2.16467e-05;2.92622e-07;2.90427e-05;0.951085;0.0362213;0.00103067
7.06076e-05;0.160669;1.89104e-06;1.2162e-05;0.00458893;0.00487357;4.40469e-08;0.00501994;3.61862e-06;1.69204e-06;7.97973e-06;0.000257547;0.813914;0.0105792
2.54845e-07;0.99949;3.96053e-08;1.9084e-07;2.49389e-08;2.21959e-08;7.21827e-07;6.14059e-07;1.38445e-09;7.22376e-06;2.96682e-08;3.27495e-06;2.3667e-07;0.000497055
6.11696e-10;2.01385e-10;1;9.99237e-10;2.08393e-08;5.00243e-10;3.35338e-08;2.13085e-09;1.44512e-10;1.04838e-09;2.24947e-09;1.44517e-08;5.57999e-12;2.97817e-11
3.66056e-07;0.000341178;1.92841e-07;6.39088e-08;7.81413e-07;7.14055e-06;0.99336;1.86311e-06;5.06698e-06;0.00622512;3.72079e-06;1.29769e-09;3.32621e-07;5.37341e-05
1.71848e-10;7.96004e-12;1;7.66685e-11;1.99521e-12;1.69871e-11;2.37353e-08;6.11772e-13;2.15557e-09;2.04561e-10;2.02521e-09;9.27862e-10;1.6345e-11;3.66826e-12
4.58935e-06;0.997175;1.31744e-06;6.799e-06;1.74851e-06;2.40254e-08;3.23694e-06;0.000675748;4.07672e-06;9.31593e-08;4.23484e-06;1.30007e-05;0.00211014;1.35708e-08
2.32524e-05;0.354317;3.58668e-06;5.6974e-07;4.54372e-06;1.50363e-08;1.77514e-06;0.630091;9.65631e-06;3.87035e-07;2.34851e-05;0.0143743;0.00115051;3.27112e-08
4.36231e-08;0.992201;1.58096e-07;1.36441e-06;9.90006e-07;1.00813e-07;0.00325015;3.01602e-07;1.86988e-08;0.00265496;3.84022e-08;4.1153e-08;9.58885e-08;0.00189098
2.92123e-09;4.64196e-10;0.999999;2.28858e-08;4.57419e-10;2.21288e-10;5.75283e-07;1.05753e-11;2.24693e-08;7.75542e-09;9.42383e-08;3.00965e-07;1.08754e-09;1.91764e-10
9.95363e-07;0.0283177;6.13035e-08;4.6024e-08;5.03717e-10;2.39006e-09;0.971447;8.25314e-07;2.64899e-06;0.000217583;3.76558e-06;1.52592e-10;7.69981e-08;9.69166e-06
2.72731e-10;3.83864e-10;1;4.75257e-10;4.98346e-11;2.43828e-11;1.14848e-08;1.06789e-12;9.23349e-10;1.29762e-10;2.78751e-09;7.91402e-09;4.86563e-12;4.09114e-11
9.0638e-09;0.999687;1.31935e-11;2.11643e-11;1.78219e-11;5.18289e-11;1.60566e-08;5.75874e-08;2.02293e-10;2.56494e-10;5.23162e-11;4.66928e-08;0.000312794;6.40368e-10
7.8307e-08;0.00348704;2.05216e-07;1.03096e-05;0.000169885;0.00545186;4.40395e-08;0.00209544;3.8095e-07;1.47714e-06;1.00152e-07;0.611103;0.000209393;0.37747
4.21939e-08;0.000421787;1.48892e-10;3.07393e-06;1.50685e-07;7.7289e-06;1.8147e-08;3.86301e-05;2.72801e-07;4.99516e-09;2.84727e-06;3.6897e-06;0.99952;1.86404e-06
5.23628e-06;0.000215654;1.00825e-07;2.83081e-05;4.92888e-08;3.76814e-08;1.85465e-08;4.90379e-05;1.73547e-05;6.06367e-08;9.51869e-06;0.999361;0.000313761;3.47086e-07
0.000170165;0.0223477;1.82082e-07;2.2761e-05;1.11732e-06;1.04186e-05;3.4145e-06;0.000200918;0.000111344;1.02299e-06;3.61073e-05;0.00012282;0.976964;7.71398e-06
1.80156e-05;0.0211031;7.05906e-05;1.22468e-05;0.000860485;6.78164e-06;6.39314e-09;0.000370944;1.31543e-07;1.01997e-06;1.27215e-06;0.96575;0.000116638;0.0116885
2.63661e-05;0.115932;4.43089e-07;0.000504988;0.0134991;0.000131011;1.25952e-06;0.714688;2.76949e-05;4.72779e-05;8.37205e-05;0.00402265;0.144614;0.00642137
6.63744e-05;3.91515e-05;5.50117e-05;8.29119e-05;5.23575e-07;0.000679499;8.29281e-05;1.80433e-06;0.000423716;4.69242e-05;0.00647952;4.10052e-07;0.992041;4.84055e-07
7.24809e-06;9.10256e-05;0.999891;1.8047e-06;3.1999e-07;1.09404e-08;9.94213e-07;8.59386e-07;2.06543e-07;2.8732e-06;7.31693e-07;2.74548e-06;6.95836e-09;5.8039e-08
8.58078e-06;0.994528;1.0971e-05;4.44729e-05;7.85494e-06;1.62099e-06;1.60602e-05;0.00153957;0.000541207;1.55642e-06;0.00194868;3.6024e-06;0.001178;0.00016956
