1.11213e-05;0.964058;1.93833e-09;2.37427e-06;4.22659e-06;2.64409e-08;3.92462e-06;0.0356209;3.0654e-05;4.43927e-07;3.44087e-05;0.000195399;3.55407e-05;2.71961e-06
2.86526e-05;0.931237;0.0662645;0.000195613;1.66693e-05;2.5339e-06;9.97132e-06;3.10597e-07;1.15938e-07;0.00012266;4.60127e-06;0.000540819;0.000392258;0.0011842
5.4907e-05;0.0528845;6.75647e-08;2.01025e-06;8.29075e-06;4.0092e-05;1.50294e-06;0.00725839;2.92714e-05;2.77693e-07;0.00016035;0.000186513;0.939368;5.98899e-06
2.99358e-05;0.000287221;0.984352;3.35376e-06;0.000704986;2.70895e-06;2.89214e-09;1.54015e-05;3.13735e-08;1.59433e-06;1.77475e-08;0.0125947;0.000136754;0.00187155
1.76959e-06;1.71488e-06;1.42752e-11;4.811e-09;4.17951e-08;6.33459e-06;7.81393e-09;2.14048e-06;5.43659e-05;4.15108e-10;5.0638e-07;8.9038e-06;0.999924;3.82129e-08
5.58306e-06;0.135712;0.864226;1.77585e-07;3.17054e-08;7.49812e-09;1.67662e-06;2.66404e-08;3.08569e-09;9.19814e-06;3.64729e-10;2.49366e-06;1.10212e-07;4.24471e-05
9.83457e-08;2.07167e-06;0.999886;6.39853e-09;1.59199e-10;6.59006e-10;2.5e-08;3.15297e-06;2.02574e-08;3.44155e-09;5.66987e-09;0.00010825;9.67123e-08;1.47861e-10
5.91772e-05;0.390848;1.14009e-05;0.000499115;0.0002719;2.46059e-05;1.02645e-05;0.111804;0.000326403;1.17247e-05;0.00084587;0.268648;0.226595;4.47446e-05
0.00095486;0.39954;0.00044317;0.000673956;2.14762e-05;0.00146036;0.000247402;0.0764587;0.000475374;5.23197e-05;0.00326573;0.0558884;0.459413;0.00110449
1.21074e-05;0.965801;1.8333e-06;0.000170877;9.54002e-05;0.000244001;6.23466e-06;0.00148274;4.1149e-05;3.05572e-06;0.0016621;0.00837696;0.00290053;0.0192019
2.87427e-06;0.00141249;0.000174164;5.71286e-07;4.40309e-07;2.38476e-07;7.31779e-07;0.000633681;1.22864e-06;2.79706e-07;1.35691e-06;0.996929;0.000842507;3.58613e-08
0.000142165;0.00337326;1.01319e-05;0.0117433;0.00181112;0.0145081;3.67677e-05;0.038803;0.775979;2.71729e-05;0.0226033;0.00227725;0.128406;0.000279316
0.000216839;0.0128845;6.20455e-07;2.21157e-06;1.23941e-08;8.55911e-07;2.32167e-07;0.000966737;6.08244e-06;8.24877e-08;1.78617e-07;2.14755e-08;0.985922;6.04523e-08
5.9863e-09;4.25987e-06;5.12057e-07;4.9159e-08;1.40983e-07;4.62666e-08;8.41014e-13;7.31818e-10;2.75648e-10;1.62078e-10;7.25999e-10;0.999986;8.90882e-08;8.96e-06
2.14161e-06;0.129682;1.14958e-06;5.11713e-07;0.00015199;2.46156e-05;3.8451e-09;0.172265;7.79978e-08;1.96742e-07;4.32081e-08;9.58296e-07;0.697809;6.30062e-05
5.20614e-07;0.00013287;1.19123e-06;4.61102e-05;1.57162e-05;0.00945716;2.73303e-07;9.47827e-07;1.21481e-05;2.36353e-05;1.22585e-05;4.20777e-06;0.990272;2.08954e-05
1.45325e-07;1.70026e-07;1;1.63729e-08;3.73044e-09;8.98316e-11;2.56226e-09;2.16755e-09;3.69972e-09;4.07214e-08;8.7078e-10;9.21289e-08;6.96195e-11;4.533e-10
0.000139256;0.732866;1.08318e-05;9.3944e-05;2.56535e-05;3.20626e-06;0.000104963;0.17262;0.0898731;5.16746e-06;0.00384146;2.83086e-05;0.000348133;3.99563e-05
