7.71802e-05;0.941137;0.00580632;0.00492242;0.00152862;0.000672335;1.10873e-05;6.05533e-05;1.4818e-05;0.000698801;0.000482421;0.000616332;0.0434735;0.000498754
0.000114169;0.210458;0.0850384;0.000111056;6.19328e-05;4.444e-07;4.20291e-06;0.000506988;5.9997e-06;1.64728e-06;3.29583e-05;0.703302;7.74687e-06;0.000354606
0.000127005;0.974964;6.61725e-05;8.89517e-07;0.00015001;1.18218e-05;0.000207648;0.0243546;5.1665e-05;1.69238e-06;1.50976e-05;2.1358e-07;2.83592e-05;2.05706e-05
3.58007e-06;0.940497;2.36153e-06;2.16283e-06;2.02852e-05;2.0484e-05;6.78354e-07;0.00259421;9.98105e-06;1.46421e-07;9.09323e-06;0.00507607;0.0517412;2.27437e-05
3.29311e-05;0.0749887;2.71639e-05;5.19195e-06;5.4347e-06;4.37409e-06;4.80436e-07;0.000968734;2.67341e-05;6.22707e-07;5.00127e-06;0.912558;0.0113724;3.68314e-06
0.000136229;0.102772;0.00321708;9.84669e-05;0.0311012;0.00240587;4.86823e-07;0.0751033;4.99686e-05;7.15961e-06;2.46137e-06;0.00421763;0.780453;0.000435018
5.94531e-05;0.0599595;3.16734e-07;1.96179e-05;1.77523e-06;0.0010988;0.000280145;0.00785167;0.00177174;6.49118e-05;9.91438e-05;9.04254e-08;0.928704;8.90683e-05
3.65131e-08;1.74808e-08;1;1.33197e-08;1.93695e-11;1.04731e-10;9.99568e-09;5.20373e-10;8.47912e-08;7.39857e-10;1.88795e-08;1.09795e-07;1.06411e-09;4.19349e-11
1.29454e-07;1.71504e-05;6.66546e-05;6.2575e-07;3.95859e-06;9.88991e-08;6.99323e-10;0.000460638;1.05366e-06;1.37967e-09;2.03009e-07;0.999446;4.02537e-07;2.5317e-06
2.32505e-06;0.0211828;5.08231e-07;1.70089e-07;6.76262e-05;1.0977e-05;9.18332e-10;0.000120255;8.64678e-08;7.71868e-09;1.05158e-07;2.15168e-05;0.978477;0.000116164
7.23241e-06;0.0306308;5.93007e-05;1.44504e-07;0.00743249;5.00102e-06;1.79052e-10;0.00349682;1.1066e-07;5.14855e-09;2.6756e-08;0.0129085;0.00010259;0.945357
1.78121e-07;0.0154726;4.17072e-10;3.16559e-08;0.00817767;1.76479e-07;1.59713e-10;0.976292;2.88651e-08;4.94108e-09;2.41463e-10;1.60593e-06;1.76353e-05;3.7761e-05
8.29818e-09;8.17319e-07;0.997114;9.82056e-08;0.00285347;1.27229e-05;3.09509e-12;4.10558e-08;5.19976e-13;2.0101e-08;2.70554e-12;1.24598e-05;4.22255e-09;6.00927e-06
2.05893e-05;0.964497;0.000282304;7.16052e-05;0.000260649;0.000258696;4.60273e-06;0.00389923;8.08804e-05;5.10071e-07;4.64418e-05;0.000315151;0.0228447;0.00741756
2.59307e-06;3.63705e-05;4.01973e-09;7.02341e-09;1.8528e-08;1.16428e-09;2.99489e-08;0.999945;8.02713e-06;5.3669e-09;2.64989e-07;8.00639e-07;6.75945e-06;6.43567e-10
7.2641e-08;0.999436;2.86038e-09;2.81003e-06;8.25323e-07;1.33759e-07;5.44817e-07;1.93451e-07;6.71328e-08;2.81659e-05;7.40099e-08;1.32465e-05;2.45643e-08;0.000517428
2.95438e-05;0.000188745;0.998917;1.99933e-06;5.68411e-08;3.05225e-07;0.000749037;1.2224e-06;2.36401e-05;2.46637e-05;6.24655e-05;8.34393e-08;5.9384e-07;9.50777e-07
1.08742e-08;1.35947e-08;1;7.15305e-10;6.38005e-11;1.04403e-10;2.37332e-09;3.29896e-09;3.48009e-09;8.3698e-11;1.15307e-09;5.62626e-09;9.86071e-09;4.20891e-13
3.70948e-07;0.000104362;0.993016;1.97557e-08;8.20111e-07;1.1802e-07;8.04346e-09;5.03539e-05;6.80201e-09;6.63094e-09;3.5762e-10;0.00682498;7.08471e-07;2.47517e-06
2.08529e-06;9.42086e-05;4.68224e-06;1.06084e-05;0.0592946;0.0314333;1.08736e-06;6.04039e-05;6.71142e-05;1.48222e-05;1.75678e-06;1.59475e-06;4.5154e-05;0.908969
3.33855e-05;0.000623607;0.00164106;3.70572e-05;0.000553533;0.000128064;7.57921e-07;0.000604046;7.02159e-05;8.04329e-06;6.65872e-06;0.996195;9.54045e-05;2.92154e-06
0.000238863;0.995027;0.00119964;1.60694e-06;3.46652e-05;2.85801e-06;2.98465e-06;0.00348039;4.2535e-06;2.10969e-06;1.21833e-08;2.5162e-07;4.40249e-06;6.46812e-07
1.05732e-05;0.0162263;9.14066e-08;9.34854e-06;9.21644e-06;1.84699e-06;1.3034e-06;0.982233;1.08988e-05;2.48962e-07;1.10196e-07;0.00023535;0.00126089;5.11077e-07
4.17339e-05;0.929484;0.000121535;0.0061904;0.000422515;2.47873e-05;1.69315e-07;0.0257627;4.76019e-07;5.70157e-05;5.43951e-07;0.000349884;0.0375034;4.07225e-05
0.000677614;0.94714;0.0032189;5.61426e-05;2.2293e-05;7.74285e-07;7.72033e-06;0.0410656;4.4096e-06;0.000343663;1.34272e-05;0.00460539;0.000498766;0.00234517
5.30994e-08;0.000205455;2.40099e-09;1.07325e-08;1.79427e-09;1.22527e-08;0.952228;2.88556e-10;1.63062e-07;0.0475385;1.47662e-07;8.85848e-12;2.15795e-09;2.71558e-05
8.27627e-12;7.75139e-15;1;2.21589e-12;1.07145e-13;2.42664e-14;2.38503e-10;2.77392e-15;3.76557e-10;2.35098e-12;8.42195e-11;1.56915e-11;2.17417e-16;2.36257e-15
