7.05435e-07;0.997319;1.86304e-09;7.24651e-08;9.24526e-10;3.94776e-09;9.90436e-06;4.44394e-07;1.98029e-06;2.26071e-08;3.99422e-06;9.75477e-05;0.00256634;3.52635e-09
5.09013e-06;0.972567;1.22132e-08;1.084e-05;5.93421e-06;5.372e-06;5.87845e-06;0.00485878;2.16646e-05;2.38752e-06;2.57031e-05;0.0194258;0.00131127;0.00175405
5.5028e-06;0.993721;1.93142e-05;3.52222e-07;2.38546e-07;1.6574e-06;3.11927e-07;0.00552836;5.77466e-08;1.00462e-06;1.28116e-07;9.55307e-06;0.000697293;1.54242e-05
2.27935e-08;2.67268e-05;7.51156e-09;8.18665e-08;1.19423e-05;7.94331e-07;6.95403e-11;2.89859e-06;5.32347e-08;1.36649e-09;2.69152e-07;0.999954;1.29002e-06;2.34105e-06
6.55028e-08;0.999969;2.12333e-12;6.06745e-10;2.50049e-08;4.7553e-10;9.77075e-06;1.54791e-05;1.92572e-10;9.45205e-07;3.52377e-10;9.16492e-12;2.91107e-06;2.10051e-06
6.87682e-11;5.22333e-13;1;9.24774e-12;2.4023e-10;3.32433e-11;8.11764e-12;5.45233e-12;3.87202e-12;2.95099e-11;5.38712e-14;1.92932e-08;1.97694e-12;5.6766e-13
1.56103e-05;0.991911;1.27127e-07;9.27718e-05;1.89465e-05;0.000163371;0.00013945;0.000477244;0.00145905;9.92409e-07;0.000108304;5.13247e-05;0.00552992;3.18992e-05
1.01779e-05;0.999743;3.09047e-06;4.45318e-07;2.62395e-08;6.36741e-08;1.91603e-06;4.00372e-05;4.79531e-06;7.09404e-07;4.57983e-06;0.000143892;4.74541e-05;1.45219e-07
1.03369e-07;0.998404;7.62666e-11;3.10757e-06;2.89254e-06;7.96063e-08;0.000202238;1.6103e-07;6.90178e-07;0.000904862;1.71914e-07;7.05308e-06;4.18732e-08;0.000474393
2.65525e-05;1.00616e-06;0.999644;7.82803e-06;4.15e-08;4.63718e-07;4.90023e-05;1.73081e-06;0.000160023;6.14605e-07;6.33332e-05;3.60516e-06;4.12911e-05;1.07943e-09
1.76674e-06;0.810695;1.60456e-10;1.06511e-08;5.34675e-05;2.26326e-08;2.27631e-07;0.18905;2.46334e-06;1.19495e-07;4.97676e-08;4.54642e-08;0.000196544;9.84635e-08
7.13538e-05;0.00113324;0.0427707;8.64288e-05;0.920015;0.000189564;1.39282e-08;0.000261513;2.11696e-08;3.69921e-05;5.96995e-08;0.034305;0.000512638;0.000617391
3.70344e-07;0.999717;2.28009e-11;2.46301e-10;5.05622e-09;4.62036e-11;4.43105e-07;8.05376e-05;2.94841e-07;3.49496e-09;1.47687e-09;1.92826e-09;4.45732e-08;0.000200717
0.000109799;0.0016428;1.88923e-05;2.70566e-05;1.25303e-06;3.03737e-07;0.0718118;0.00551795;0.903989;8.90206e-06;0.0167735;8.92144e-06;8.89974e-05;5.73452e-07
1.06464e-06;0.00284791;1.29778e-09;4.96292e-10;7.0903e-09;3.54924e-10;4.43644e-10;0.997067;3.16983e-08;8.95824e-10;3.92197e-10;2.4532e-08;8.39227e-05;5.34814e-09
1.51045e-07;0.00978695;2.54466e-05;4.37707e-07;3.11134e-05;9.81163e-07;1.63802e-09;3.12122e-05;1.59905e-08;9.43807e-08;5.10436e-08;0.986415;0.000113627;0.00359456
3.11972e-06;0.70685;5.64743e-06;4.31938e-05;9.37605e-05;4.69887e-05;1.57765e-06;0.031533;0.000247253;1.51786e-06;0.00020631;1.2593e-05;0.260921;3.4922e-05
4.64686e-06;0.000671296;1.18563e-07;8.34046e-06;0.974456;0.000989385;1.28466e-07;0.00634861;2.94301e-06;2.14208e-05;2.4721e-07;3.68464e-05;3.78046e-05;0.0174222
0.000361607;0.000123486;1.26998e-06;2.34356e-07;2.83868e-06;4.12084e-09;6.10152e-08;0.998835;4.08893e-05;1.4267e-09;2.55219e-07;1.56722e-05;0.000618777;2.91605e-09
2.77827e-06;0.999972;3.64702e-07;6.15319e-07;3.51058e-07;1.70181e-10;2.23839e-08;1.70644e-05;6.80028e-07;4.84648e-08;6.72245e-09;4.70209e-06;7.15979e-07;6.7445e-07
1.08933e-05;0.915867;1.68154e-05;3.50066e-06;5.74165e-06;1.89265e-07;5.03621e-08;1.52977e-05;2.05932e-08;1.08934e-06;9.55656e-08;0.000605729;0.0834709;2.63155e-06
7.29115e-05;0.103012;1.13924e-05;0.00011856;0.0303239;0.000265408;2.02295e-05;0.492486;0.000136701;1.1803e-05;0.000238632;0.354056;0.00819884;0.0110481
0.000448037;0.461304;5.62607e-08;0.000868325;0.00125434;0.0133353;2.68176e-05;0.253654;0.00125262;6.54291e-06;0.000664713;0.000175138;0.266118;0.000891722
0.000303207;0.170582;0.810496;0.000205721;4.04733e-05;0.000157649;4.78375e-08;0.000199664;2.41138e-07;2.89681e-06;1.59899e-07;0.0022406;0.000294221;0.0154768
0.000354806;0.0747448;1.32077e-06;1.2387e-05;7.92844e-06;1.17429e-05;9.30987e-08;0.0345805;2.4334e-05;2.07862e-07;0.000288913;0.0161746;0.873796;2.94234e-06
3.47596e-08;0.999989;2.46878e-11;1.00875e-09;7.82647e-10;4.0517e-10;2.70886e-06;5.72657e-07;2.0667e-09;7.16373e-07;1.35662e-09;1.14827e-10;2.3478e-07;7.18986e-06
7.65557e-10;2.83272e-10;0.999998;6.2961e-09;7.93323e-10;6.27501e-10;2.82361e-09;1.27238e-10;2.34974e-10;2.59392e-09;3.32158e-10;2.2231e-06;1.90578e-11;9.11546e-11
1.04891e-05;0.0340602;2.11724e-06;2.53138e-05;0.000150234;5.56461e-05;1.39318e-06;0.956858;2.13867e-05;6.73682e-07;0.000122975;0.000171982;0.00837892;0.000141158
0.000111593;0.00911895;2.39709e-05;0.000680276;2.20681e-05;0.000254193;0.0271839;0.000516962;0.0165781;9.89051e-05;0.922747;0.00820165;0.0139766;0.00048561
1.08597e-05;0.0700812;5.998e-07;7.70358e-08;2.99505e-06;3.7112e-07;2.13653e-06;0.928048;3.51513e-08;1.10233e-06;1.78614e-07;7.73973e-06;0.00183841;5.8843e-06
9.75758e-09;0.000523326;2.83718e-07;1.65045e-07;1.16034e-05;4.05424e-06;9.92665e-09;3.58057e-05;8.42841e-10;6.65081e-08;2.11214e-08;0.999314;5.77404e-05;5.30269e-05
4.59899e-06;0.00351207;3.31468e-08;3.8033e-06;2.22449e-05;6.85442e-07;3.14727e-07;0.00622521;2.62695e-06;8.09051e-08;0.000290625;5.74363e-05;0.98988;1.23699e-07
4.34327e-06;0.999786;0.000117568;8.3729e-06;5.56657e-08;1.6415e-09;4.27022e-07;4.9757e-06;8.5592e-07;1.76628e-07;5.70818e-07;5.66873e-05;1.72653e-05;2.63912e-06
1.25112e-05;0.111645;1.30346e-07;3.48329e-07;1.66821e-06;5.48016e-08;6.7037e-07;0.886117;1.26415e-06;6.09651e-07;1.5437e-06;1.99387e-07;0.00221805;5.09563e-07
2.67219e-08;0.000241791;9.63151e-07;1.19444e-06;3.61347e-05;1.8282e-06;1.19193e-09;1.55878e-06;3.17272e-08;1.78356e-08;2.09482e-06;0.999639;5.82581e-06;6.92894e-05
6.5941e-07;0.996209;6.52253e-09;8.66463e-07;4.18111e-06;9.78886e-07;6.4889e-07;0.00197079;1.45984e-06;3.39978e-07;5.08354e-06;7.27441e-07;0.0018039;1.46244e-06
1.20809e-05;0.066874;0.000172105;3.831e-05;0.00146618;0.000158922;2.21116e-06;0.00932266;1.08613e-05;5.65692e-06;0.000100981;0.896643;0.0249748;0.000217732
0.000390377;0.21502;2.09588e-05;1.23492e-05;0.000872053;0.000308059;1.41913e-06;0.0838078;1.03863e-05;9.24577e-06;5.27893e-06;3.11464e-05;0.699492;1.88693e-05
2.35347e-05;0.00117412;6.31039e-07;1.51204e-06;5.76124e-06;1.22315e-06;5.52079e-08;0.702882;5.27308e-06;1.88898e-08;8.41662e-07;3.45211e-05;0.295869;1.27274e-06
1.33056e-05;0.0426967;2.71902e-07;3.47332e-07;8.42325e-06;3.25666e-08;1.81112e-07;0.956473;5.87891e-07;6.18634e-08;1.76433e-06;8.65615e-05;0.000610993;0.000107957
1.41338e-07;0.999102;6.58599e-11;5.81069e-08;1.62669e-07;2.51263e-08;0.000339649;0.000415845;1.61541e-09;1.55133e-05;5.88233e-09;1.92091e-07;8.21942e-06;0.000118079
1.43426e-10;1.57791e-10;1;6.82406e-10;3.05105e-11;6.7571e-11;3.92587e-09;5.82812e-11;1.57787e-11;4.305e-11;1.73545e-10;9.76391e-09;2.5943e-12;6.51801e-12
6.61716e-05;0.885056;1.60816e-06;4.09453e-05;0.00011226;0.000258129;0.0144863;0.045845;0.000762264;2.84486e-05;0.0153107;3.85964e-05;0.0379205;7.25005e-05
1.46089e-06;0.00248057;1.72713e-09;3.6655e-07;1.12818e-07;4.20932e-05;7.95942e-06;6.40261e-05;5.29861e-07;1.09115e-06;4.6981e-06;1.57871e-06;0.997395;7.38515e-08
1.0831e-06;0.00054145;0.997442;6.7395e-07;0.000102514;1.12509e-07;6.14158e-09;1.50337e-05;5.55028e-10;2.18188e-07;1.42799e-08;0.00189162;6.86287e-07;4.97416e-06
2.85742e-06;0.990199;3.32175e-08;6.53002e-06;8.41759e-06;2.7019e-06;0.00495494;0.000105582;2.77039e-05;0.00159273;6.97416e-05;2.18563e-08;3.7344e-05;0.00299231
3.39709e-08;1.72428e-08;0.99999;1.06534e-06;2.2516e-08;1.17029e-08;1.26317e-07;6.88312e-08;1.35045e-06;2.09149e-08;5.37797e-06;1.56988e-06;4.43782e-08;2.82562e-11
5.77106e-07;2.18825e-06;6.09392e-11;1.01418e-09;6.28628e-10;1.60441e-11;1.30813e-08;0.999972;1.83503e-05;1.05565e-10;3.11301e-07;6.64071e-10;6.52558e-06;1.15497e-11
2.34511e-06;0.152859;7.38631e-06;1.14501e-06;4.69399e-06;2.42821e-06;7.39918e-05;1.9035e-05;2.27436e-08;0.000756818;3.64946e-08;1.63958e-06;3.54953e-07;0.846271
3.0642e-07;1.36418e-07;0.999939;7.90913e-08;1.77338e-08;2.92395e-09;2.86827e-05;3.14394e-08;5.09458e-06;7.58027e-08;2.18804e-05;4.63036e-06;4.81905e-08;3.43964e-08
2.85242e-07;0.989598;7.18059e-08;3.00819e-08;1.05306e-08;1.3682e-08;0.0101336;3.03768e-06;9.74895e-08;0.000205782;3.30147e-07;1.42185e-09;5.20827e-05;6.82592e-06
3.80405e-10;3.53907e-10;1;3.79e-08;1.72735e-09;1.92315e-08;4.1539e-08;2.57644e-11;3.50885e-09;1.75364e-08;1.62778e-08;3.05677e-08;5.39494e-12;1.07012e-08
2.62906e-05;0.947681;0.000577967;2.65702e-05;1.17603e-05;6.70102e-07;2.60958e-05;0.0208351;3.48583e-06;3.22703e-06;2.18335e-05;2.50498e-06;0.0307761;7.44469e-06
4.9879e-06;0.95123;1.02698e-06;8.31129e-05;3.92574e-05;1.25813e-05;2.27655e-06;0.0213251;3.15038e-05;1.02712e-05;0.000145569;0.00958917;0.000547371;0.0169779
2.31542e-05;0.00945088;4.69685e-05;0.000231194;7.96109e-05;2.9261e-05;2.89085e-06;0.00338012;1.63464e-05;2.5079e-06;0.000729613;0.363894;0.622071;4.19411e-05
1.25784e-06;0.998026;6.43613e-09;8.68563e-07;9.95164e-09;2.68535e-08;0.000759377;6.61727e-09;3.71037e-07;2.60872e-05;5.97792e-07;2.55023e-05;9.83098e-06;0.00115024
8.83843e-05;0.00325779;5.23433e-06;2.60963e-05;4.96846e-07;1.3568e-06;0.919443;0.00111799;0.0151992;4.62832e-06;0.0602599;5.17291e-06;0.0005905;9.24787e-08
1.54584e-07;0.0533683;1.09118e-12;1.97811e-08;2.73485e-09;1.17236e-07;9.37778e-08;1.49636e-05;2.47353e-07;5.86753e-09;2.31261e-07;2.62313e-07;0.946616;4.58403e-11
6.6471e-06;0.000750462;0.971656;9.01304e-05;1.8112e-05;7.41356e-07;1.00612e-07;3.09003e-06;7.32216e-08;2.41061e-06;7.29672e-08;0.0271804;1.14691e-07;0.000291556
2.59823e-06;0.980873;7.28922e-10;7.51424e-07;0.000116754;1.90521e-07;9.76548e-08;0.0189831;1.13689e-07;5.93289e-08;1.1079e-07;1.8441e-06;1.84148e-05;3.05132e-06
1.62707e-06;7.70629e-05;3.65263e-07;1.54871e-06;1.12783e-05;3.71058e-06;8.09347e-08;0.998747;8.47839e-06;2.22694e-07;1.06177e-06;0.000651842;0.000495845;1.59116e-07
0.000349137;0.986598;1.29981e-08;0.000303135;2.97242e-05;1.08635e-06;0.000261648;0.00144565;0.0099045;8.49794e-06;0.000645003;0.000154121;0.000252439;4.73819e-05
1.14391e-06;0.00103452;1.36252e-08;1.54736e-07;5.92238e-08;3.09723e-08;4.38806e-10;2.68266e-06;1.37279e-08;1.30406e-09;1.9942e-08;4.71921e-07;0.998961;6.11787e-09
2.06041e-07;0.000159597;3.60492e-07;5.14972e-07;2.56307e-07;5.5686e-09;6.86128e-09;9.53838e-07;4.34303e-06;2.01968e-09;1.56515e-05;0.999728;8.78321e-05;1.87872e-06
2.54581e-05;0.012055;4.33926e-05;1.68558e-05;0.00640697;0.00187416;4.53036e-06;0.977836;5.40388e-06;5.72088e-06;3.7821e-05;2.96271e-05;0.00139499;0.000264334
9.3396e-08;3.58109e-06;4.47624e-10;7.8014e-08;6.4347e-07;4.36347e-05;3.50748e-09;3.00118e-07;1.16781e-07;4.97714e-10;8.71189e-07;2.21876e-06;0.999927;2.105e-05
3.88731e-07;0.00188609;0.998058;7.68759e-07;1.60349e-06;1.48718e-07;1.59064e-09;5.26358e-06;9.62969e-10;1.53171e-07;6.64802e-09;3.78041e-05;2.62296e-06;6.93154e-06
1.11282e-07;0.997394;2.81928e-08;1.40934e-06;1.07238e-05;4.34121e-07;1.14269e-07;0.0010552;3.4108e-07;2.31399e-08;6.51517e-06;2.66537e-05;0.00147199;3.19291e-05
1.16786e-07;0.00120434;7.35249e-09;1.79779e-07;0.000202309;1.29974e-05;6.74172e-07;0.998011;1.00017e-06;1.22864e-06;2.22456e-06;5.7446e-05;0.00049618;9.95131e-06
2.8631e-06;0.000556941;6.64784e-09;6.18499e-05;0.000353175;1.44775e-06;7.81153e-07;0.997079;8.01158e-06;7.63184e-07;0.000157398;0.000111355;0.00166516;1.00445e-06
6.4919e-06;0.999919;2.37369e-05;4.88095e-06;7.9391e-08;1.13668e-09;1.87728e-07;3.33597e-05;2.69573e-07;1.14979e-07;3.01624e-07;5.24926e-06;5.40047e-06;1.06608e-06
4.76782e-06;0.99901;3.04814e-08;2.25799e-08;8.00202e-09;2.73584e-09;4.06682e-07;0.000737777;1.10441e-07;7.65862e-08;4.69677e-07;5.33893e-06;0.000239411;1.56527e-06
2.63065e-08;0.000271384;1.90736e-07;5.99108e-07;0.000433629;1.63946e-07;4.40681e-08;0.00013993;1.38342e-07;1.49676e-07;2.38652e-06;0.999148;6.48888e-08;3.83077e-06
2.67712e-06;0.508008;0.000689833;2.51099e-06;4.19009e-05;1.85702e-05;4.61427e-07;0.000209341;1.03543e-08;6.88081e-07;1.12605e-06;2.7578e-05;0.490997;6.59892e-07
1.55353e-05;0.0374352;7.21827e-07;1.39907e-05;9.1759e-05;2.15864e-05;6.53951e-06;0.0057273;1.77564e-05;2.23171e-06;0.000118594;0.946073;0.00814008;0.00233606
0.000119636;0.113368;7.13405e-06;1.58702e-05;0.159055;0.00047962;2.19699e-07;0.0895232;1.85289e-06;3.23961e-06;5.93114e-06;0.00169514;0.634382;0.001343
8.16986e-05;0.00815841;0.000215568;1.14996e-05;4.40732e-05;3.05268e-06;6.9659e-08;0.00413564;5.59396e-06;3.13325e-07;1.35273e-05;0.892791;0.0945281;1.12684e-05
1.14609e-05;0.0361773;3.11087e-05;2.58158e-06;0.00700775;0.00355179;1.25366e-06;0.932036;3.51371e-06;1.8805e-05;2.38838e-06;0.00100581;0.00142112;0.0187291
6.54726e-06;0.000309087;1.37756e-07;4.44412e-06;2.3063e-05;1.32761e-06;8.56953e-07;0.993856;5.97535e-06;1.58065e-07;5.78714e-05;0.00105745;0.00467554;1.8704e-06
6.25254e-05;0.0126976;5.56457e-05;2.91422e-07;4.79647e-06;1.87823e-07;2.84358e-07;0.971359;2.0173e-07;6.82266e-07;2.30396e-07;0.0147544;0.00104828;1.54233e-05
1.04101e-06;0.958498;8.27315e-05;4.15215e-06;1.90726e-05;2.29828e-05;0.000113225;0.0326163;5.55538e-07;1.97643e-05;2.54248e-06;7.40872e-05;0.00833319;0.000212577
3.1903e-12;2.10622e-11;1;9.09486e-12;2.09009e-12;9.85387e-13;5.87007e-11;1.92564e-10;1.12306e-12;3.81358e-12;3.49712e-11;9.63725e-09;8.84046e-11;1.2723e-14
7.19262e-08;3.5424e-05;0.00153145;2.3698e-06;1.1037e-05;1.28606e-05;2.58996e-07;2.82016e-05;2.65164e-06;2.79092e-07;3.33739e-06;0.998316;6.51189e-06;4.91845e-05
8.75344e-06;0.987663;3.72335e-08;2.26089e-07;6.43551e-07;3.46917e-05;3.48053e-06;3.62966e-05;3.72482e-06;3.37977e-08;1.44941e-06;3.22839e-06;0.0122426;1.8928e-06
6.60233e-06;0.00112309;1.47649e-05;7.75553e-08;0.000107797;1.90951e-06;1.12562e-09;0.000950323;1.53866e-07;1.51779e-08;6.73632e-08;0.997482;0.000311989;1.35968e-06
1.98763e-07;0.999969;2.20535e-09;8.11867e-09;3.5952e-08;1.91342e-07;6.40242e-06;6.5886e-08;4.93444e-09;1.44755e-06;8.01088e-11;3.75601e-11;9.31321e-07;2.13226e-05
3.13325e-08;2.0147e-07;0.999999;7.54124e-10;4.73034e-10;4.15903e-11;9.22962e-10;5.12446e-08;4.44139e-09;2.20727e-10;7.51759e-12;1.85697e-07;5.90862e-09;1.3812e-10
3.87906e-06;0.00199608;2.8225e-06;2.65142e-05;6.19645e-05;6.45058e-06;2.71026e-06;0.990707;0.00184993;1.38317e-06;2.34968e-05;2.10031e-05;0.00529164;5.60267e-06
4.14329e-07;0.986527;3.90887e-09;4.39786e-07;5.12082e-07;1.77026e-06;3.43356e-07;0.0098997;6.0696e-08;1.68935e-06;7.48577e-08;6.3934e-10;0.00356619;1.94486e-06
1.95406e-10;1.36262e-10;1;1.5101e-10;4.45304e-12;1.06739e-12;1.30772e-10;8.07202e-12;5.09045e-12;1.59559e-10;2.73594e-11;3.83538e-08;4.62108e-11;2.21426e-11
1.03268e-09;1.44206e-08;0.994819;9.11007e-09;1.36392e-08;1.7114e-07;2.18127e-09;4.18663e-07;7.41919e-09;5.26567e-10;3.54098e-09;0.00518027;5.04077e-08;3.03307e-07
6.55229e-08;0.0122673;1.31006e-09;3.07537e-07;2.27646e-05;0.000629105;2.70553e-06;4.07492e-06;1.39947e-07;2.82922e-06;3.59048e-07;2.03999e-10;3.7726e-05;0.987033
5.15429e-12;2.01222e-11;1;5.00599e-13;3.47828e-11;1.07603e-11;4.86354e-14;2.39845e-11;6.23515e-14;1.2042e-13;1.16451e-13;1.74897e-07;1.08063e-11;5.30758e-13
6.87581e-06;0.0745662;0.000138724;0.000540295;0.0145802;0.0206865;3.57258e-06;0.732945;0.00021584;7.36527e-06;0.000126697;0.000808589;0.155249;0.000125279
5.90721e-06;0.912997;1.0397e-07;2.20043e-05;6.64214e-05;0.00023928;4.11785e-08;0.0320314;6.40789e-07;3.79968e-06;4.3242e-07;0.00030783;0.0542979;2.76942e-05
4.00116e-06;0.209386;0.0205599;0.000204262;0.000106028;3.00637e-05;7.38635e-09;4.03722e-06;1.32418e-09;1.17599e-05;1.30484e-08;0.769469;3.61735e-05;0.000187822
0.00238371;0.0430398;0.000139004;0.00015024;0.000430809;0.000132321;0.000217132;0.364322;0.00368571;3.39669e-05;0.0488872;0.345129;0.191443;6.47359e-06
0.00011156;0.317012;7.70899e-05;0.000129888;0.00377948;0.00389335;0.000843062;0.499789;0.00035208;0.000402192;0.000606298;0.0376796;0.131501;0.00382324
0.000403174;0.0273781;6.55177e-08;0.000228582;4.89058e-05;1.89707e-05;4.36942e-05;0.0128195;0.00108741;2.35756e-06;0.00331312;0.000649237;0.953525;0.000481768
2.96275e-05;0.998034;7.11065e-08;3.29039e-07;6.52508e-06;6.23473e-08;4.31972e-07;0.000584687;2.09602e-06;1.63476e-07;5.44555e-07;2.09263e-06;0.000588248;0.000750693
3.9277e-08;0.999791;4.88298e-12;2.5214e-09;8.23561e-08;3.08167e-10;1.20169e-07;2.05917e-06;8.48229e-10;1.52627e-07;6.36633e-10;2.47711e-08;7.71132e-10;0.000206745
3.78021e-10;1.57716e-10;0.999793;1.78548e-10;1.72738e-09;2.85069e-11;2.48596e-09;6.83443e-11;1.21422e-11;7.00711e-10;1.05833e-10;0.000206934;3.62764e-12;4.25435e-09
1.6979e-05;0.7477;3.10997e-08;2.57587e-06;0.000149079;0.000217171;0.00153758;0.0295653;0.000175114;1.92001e-05;0.000687182;5.06395e-05;0.219713;0.000165504
1.91662e-05;0.435971;1.21557e-07;0.000755926;0.000175968;4.15354e-05;5.43237e-05;0.00202335;0.000224679;1.16918e-05;0.0209871;0.527137;0.010582;0.00201588
1.13999e-05;0.0028824;4.60577e-09;2.71248e-06;0.00662242;8.12706e-07;1.26605e-08;0.990362;4.27904e-07;1.23823e-07;7.41154e-07;3.97466e-05;7.39881e-05;3.25955e-06
3.24511e-05;0.00616193;0.983292;0.000239325;6.66641e-05;0.000195677;2.67018e-08;1.97987e-06;2.67715e-08;5.64757e-06;5.55362e-07;0.00017404;0.00104836;0.0087818
0.00571968;0.181489;2.11358e-05;5.73582e-06;6.55439e-05;5.33659e-05;2.60361e-05;0.600399;0.000239713;2.69125e-06;0.000626568;0.00668551;0.193415;0.0112519
3.27627e-06;0.00925667;5.54194e-05;6.82987e-07;0.00146968;1.4748e-06;2.88666e-08;0.00142757;2.0033e-07;3.33361e-07;3.50915e-06;0.987506;0.000116094;0.000159411
1.14357e-08;0.978537;1.43679e-06;7.55232e-09;5.08754e-07;5.19588e-09;1.71171e-07;8.95004e-10;1.34368e-10;2.38372e-06;2.01712e-10;4.71707e-08;2.18666e-08;0.0214579
6.52474e-05;0.00146122;2.99044e-06;9.74562e-07;2.04273e-07;1.51407e-08;0.212383;0.00217829;0.779784;3.04361e-07;0.00410817;6.71054e-07;1.552e-05;2.18483e-08
8.63317e-08;0.00131658;5.78611e-10;4.47442e-11;3.73895e-09;2.01343e-10;2.94182e-10;0.998605;6.39779e-10;3.95897e-10;2.96114e-11;2.28669e-09;7.80221e-05;2.50648e-10
6.83836e-08;0.00593228;3.96079e-05;4.05081e-07;2.27768e-05;3.22478e-05;9.88345e-09;8.23789e-05;4.01328e-09;2.67712e-07;1.02068e-08;0.984754;0.00033732;0.00879853
1.00135e-05;0.00349906;3.60646e-07;3.79588e-06;0.000111785;3.63528e-06;1.06443e-06;0.00161258;1.31256e-05;2.12595e-07;0.000119786;3.32679e-05;0.994588;3.7579e-06
7.39814e-07;8.25222e-05;1.24223e-11;2.48122e-11;1.93473e-09;3.72247e-11;4.65761e-09;0.999916;1.11933e-07;4.47661e-10;1.69204e-10;7.35998e-08;3.82229e-07;5.39022e-10
9.3416e-08;0.000127942;1.90866e-07;3.7956e-05;0.00492551;0.0145534;7.95697e-09;8.98791e-05;4.74788e-07;1.47594e-06;1.78377e-07;0.0227188;0.000245074;0.957299
1.5883e-06;0.00959207;1.84664e-09;1.14302e-06;3.16515e-07;2.18554e-06;3.00624e-07;0.00855401;1.35545e-07;1.20159e-07;8.92675e-06;2.88376e-08;0.981839;2.23246e-07
1.01385e-07;1.06453e-07;0.999998;3.60134e-07;4.00791e-09;1.20488e-08;1.6582e-07;6.41375e-09;2.15996e-08;1.43565e-08;5.05031e-07;3.75125e-07;2.59703e-07;1.3793e-09
6.38778e-06;0.00893419;0.00039617;9.57032e-05;0.000446809;8.04486e-06;2.31688e-06;0.0207496;5.23745e-05;6.12699e-07;0.00028032;0.968899;8.2624e-05;4.57146e-05
1.06303e-06;0.900062;1.73518e-06;1.07423e-05;1.04524e-05;1.18874e-05;2.18139e-06;0.0765388;1.11796e-06;6.44759e-07;9.3275e-05;8.91168e-05;0.0231651;1.23849e-05
5.64608e-07;0.000182108;1.538e-05;0.00928695;0.00753715;0.854801;2.0105e-05;1.39112e-05;1.41606e-06;5.96184e-05;0.00646274;0.000355119;4.24188e-05;0.121222
3.90808e-06;0.00871059;2.20366e-07;1.72832e-08;1.98797e-07;7.3489e-07;3.80651e-09;0.980497;7.23176e-10;2.37359e-09;1.41189e-08;5.65365e-07;0.0107863;1.10597e-07
1.38448e-08;0.000161696;1.0941e-05;3.6794e-07;5.8044e-05;2.7273e-05;4.08248e-11;4.69019e-06;1.59452e-10;9.99857e-09;2.20837e-08;0.996678;0.00023158;0.00282776
4.8078e-07;0.966519;4.36347e-07;7.08522e-06;3.81157e-05;3.17586e-05;1.37922e-06;0.0256781;1.99152e-06;2.91705e-06;3.11994e-05;2.40637e-06;0.00768089;3.81938e-06
1.96469e-06;0.00123384;2.10388e-07;4.33435e-05;0.971722;0.0128138;2.49037e-06;0.00145356;1.91688e-06;0.000228643;1.66401e-05;0.00175828;0.000363039;0.0103597
0.00152641;0.941506;6.58188e-08;0.000338316;7.18642e-05;3.39365e-06;1.99401e-05;0.0488635;0.00117723;4.84596e-06;0.00111509;0.000113564;0.00525688;3.33157e-06
1.01314e-05;0.999856;2.19941e-05;2.67743e-05;1.01107e-06;8.64471e-09;3.77894e-08;5.44541e-06;6.80321e-08;5.1945e-07;1.12073e-08;4.42841e-07;2.73911e-06;7.50809e-05
8.1773e-07;0.995809;5.03249e-10;1.27678e-07;2.59821e-07;2.2042e-08;1.53536e-08;0.00415374;3.81254e-08;1.76445e-08;1.10052e-08;3.58773e-05;5.44814e-07;1.51587e-07
3.53754e-07;0.000151947;3.27186e-09;6.79814e-08;1.43096e-05;3.24822e-06;7.20563e-07;0.99948;7.38365e-08;7.63699e-07;3.79612e-07;1.71027e-06;0.000343733;2.64748e-06
1.75565e-06;0.000451153;7.70558e-07;0.000117935;0.00670088;0.00232185;2.68003e-07;0.000325905;6.02601e-06;7.06864e-06;1.16619e-05;0.0601936;0.000328008;0.929533
1.70662e-05;0.996609;1.22147e-08;3.84436e-08;1.29341e-08;4.15416e-09;1.80002e-05;3.54649e-06;5.93472e-06;1.57902e-08;1.94385e-06;3.91729e-05;0.00330525;9.72449e-10
1.25891e-06;0.0100444;6.81087e-07;4.20036e-06;2.44233e-05;1.29624e-06;6.30782e-08;1.48926e-05;8.29068e-07;1.92177e-07;2.54483e-07;0.989883;1.02158e-05;1.38672e-05
1.77344e-06;0.996118;2.25303e-07;5.85625e-07;1.34262e-05;4.39744e-07;1.59547e-09;0.0030798;2.28291e-08;7.97599e-09;4.31343e-08;0.000604983;0.000126376;5.47083e-05
1.14539e-06;0.990082;2.76062e-06;1.7585e-06;5.77339e-08;9.89719e-07;1.47862e-05;5.35528e-05;1.1725e-07;2.43648e-06;6.80036e-07;3.02569e-08;0.00974993;8.91861e-05
5.01005e-09;5.62405e-10;1;2.04795e-09;2.49311e-10;6.9845e-11;5.01539e-09;7.17047e-11;7.30277e-10;4.19057e-10;5.87856e-10;2.38367e-07;7.48568e-10;6.05516e-10
2.3154e-08;3.78042e-06;0.999947;4.04065e-08;1.75816e-07;2.81925e-06;1.46234e-08;1.6785e-06;2.07118e-08;3.89711e-09;1.48185e-09;4.18563e-05;8.01384e-07;1.4521e-06
6.99583e-08;0.00465582;4.45666e-09;2.17164e-07;1.92571e-05;0.00017427;5.19257e-06;4.3515e-07;1.81308e-07;5.28343e-06;9.85537e-08;7.18332e-11;2.48112e-06;0.995137
5.94507e-10;5.5985e-11;0.999991;2.01646e-11;3.62116e-10;3.34667e-11;8.22695e-12;2.9183e-11;1.76326e-11;4.32985e-12;4.61207e-12;8.60284e-06;4.7144e-11;4.54629e-12
8.47107e-05;0.0132292;2.85017e-07;3.25266e-05;0.000714573;0.00031114;9.69572e-06;0.968714;0.00266552;1.24729e-06;0.000268706;0.00235646;0.0115844;2.78321e-05
7.04942e-08;0.999976;4.00905e-10;1.03894e-08;1.14952e-09;2.22443e-09;3.22697e-07;9.52817e-08;3.64014e-10;1.6553e-06;4.33862e-11;1.50965e-09;1.47347e-08;2.15377e-05
1.94968e-07;3.24113e-08;0.999928;7.13488e-06;4.50768e-09;1.98766e-08;2.21822e-06;1.53628e-09;4.93048e-06;1.18711e-06;2.60136e-06;5.34826e-05;1.18202e-08;3.42278e-08
6.25001e-09;7.83276e-05;5.56608e-11;7.36131e-09;3.14382e-10;3.9263e-09;9.73085e-11;1.76862e-08;3.9441e-10;9.31269e-11;3.46161e-09;5.69398e-10;0.999922;1.37685e-11
1.66128e-08;0.000215174;4.56758e-07;1.54044e-07;6.35386e-08;5.20989e-09;7.01147e-10;1.14822e-07;1.2099e-08;8.38664e-10;6.46218e-08;0.999778;2.52397e-06;3.14152e-06
1.41608e-06;0.0140796;1.52993e-05;4.70647e-07;0.000420028;1.63425e-05;1.78969e-08;0.985424;7.70597e-09;2.67335e-07;9.79577e-09;1.83603e-05;7.88473e-06;1.60644e-05
3.19449e-08;6.95874e-07;2.97977e-10;1.74557e-08;3.97391e-08;5.88692e-05;7.98681e-10;4.4163e-08;3.86426e-08;1.59728e-09;1.56169e-08;7.83641e-09;0.999937;3.40775e-06
1.93525e-09;6.88539e-07;0.999999;7.03478e-09;1.33255e-09;4.24625e-10;1.74761e-11;1.43253e-09;2.06332e-11;1.02439e-08;1.04755e-11;1.67886e-07;2.8423e-10;2.33158e-08
7.68403e-07;0.997155;2.05623e-06;3.87758e-05;5.92497e-06;3.12177e-06;2.76977e-06;0.00184859;3.89827e-05;1.50487e-06;0.000183792;9.18208e-06;0.000656452;5.32921e-05
