2.42254e-05;0.989271;6.68322e-07;3.20703e-05;1.81012e-05;2.04899e-06;0.000112881;0.00347832;9.41988e-05;2.7961e-06;0.000144849;0.000138512;0.00665681;2.34484e-05
1.60559e-05;0.994721;4.03455e-08;1.44334e-05;2.30017e-06;8.20353e-07;1.45985e-06;0.00215736;4.75948e-06;1.29954e-06;2.60434e-05;0.000408422;0.00207099;0.000575455
1.16692e-06;0.00597351;5.40751e-06;5.5132e-08;1.95354e-06;1.22762e-06;8.05473e-05;1.33958e-06;4.79648e-09;0.000108543;4.93928e-08;1.20049e-07;5.3187e-07;0.993826
2.53742e-09;1.99214e-11;1;5.87353e-11;1.18499e-09;1.10511e-11;3.09811e-09;3.04695e-11;1.91438e-09;3.06332e-11;4.05492e-09;2.58216e-08;2.01515e-11;7.85908e-12
7.93364e-11;0.999999;3.88887e-13;1.00819e-12;5.87755e-12;2.3129e-13;1.97522e-08;2.00536e-11;3.61577e-12;1.12035e-09;2.19559e-12;1.74776e-12;3.34776e-10;8.09121e-07
4.14104e-13;4.98205e-12;1;2.85191e-12;8.39542e-11;7.42014e-12;4.41582e-12;2.64536e-12;1.89373e-13;9.82623e-13;1.04926e-12;2.27155e-07;5.7721e-14;1.11659e-10
1.54541e-09;0.99776;1.63897e-10;1.00187e-08;4.17408e-09;3.37543e-07;2.41467e-06;0.000895676;1.34889e-08;1.60122e-08;4.54843e-08;6.10998e-12;0.00134169;1.49483e-07
4.4759e-11;6.88153e-10;1;5.26361e-10;5.4951e-13;4.95569e-11;7.73919e-10;5.08335e-12;2.58735e-11;1.218e-10;1.25466e-09;8.2904e-09;6.12192e-09;1.11979e-12
2.17907e-08;6.45396e-05;0.999456;1.49602e-06;6.69367e-07;8.28908e-06;4.03116e-07;9.0908e-06;6.75823e-07;6.70206e-08;3.85102e-06;0.000452497;1.30338e-06;1.39394e-06
2.86575e-06;0.0316801;6.1783e-05;3.48171e-05;0.031808;0.0998873;2.67238e-06;0.00524153;1.0546e-05;1.96099e-05;0.00024872;0.000347551;0.000168816;0.830486
7.63429e-06;0.341821;0.000931859;8.6811e-06;0.000161452;0.000404843;1.53799e-08;0.0664299;1.72039e-08;9.39901e-07;8.10825e-06;0.523781;0.0663584;8.54604e-05
8.23058e-10;0.999782;2.97315e-08;8.46636e-08;5.09301e-09;6.49872e-08;2.84177e-07;5.19965e-09;5.36174e-11;6.14372e-08;2.80254e-09;9.34977e-10;3.49345e-06;0.000213538
1.43977e-05;0.230232;2.01267e-05;1.05121e-05;3.65928e-05;4.65424e-05;0.000143774;0.0321797;1.77507e-05;5.86124e-07;2.10889e-05;2.62316e-05;0.73725;1.31359e-06
3.15705e-07;0.816059;2.31309e-09;4.46699e-07;2.59886e-06;0.000148422;1.90425e-07;0.00770113;3.79443e-09;1.62492e-05;1.36164e-09;1.03644e-07;0.175996;7.59039e-05
4.07219e-10;2.31269e-11;0.999998;9.26967e-08;3.38532e-08;6.10957e-08;2.14238e-09;4.85817e-11;2.3228e-11;4.07488e-08;1.66966e-10;1.57943e-06;6.82267e-10;3.00804e-08
4.14922e-05;0.832214;0.0387632;0.00189551;0.000111355;0.000107741;0.00143429;0.0737385;0.000120522;5.86552e-06;0.00185045;0.000472755;0.0492354;8.69997e-06
4.77074e-06;0.982993;0.000491494;6.6177e-05;4.03646e-05;0.00104308;1.34056e-06;0.0111072;5.78801e-07;2.31667e-05;1.10972e-05;0.000621272;0.00106058;0.00253566
1.11008e-05;0.00841313;6.88899e-07;2.681e-05;4.50802e-05;9.61993e-05;3.89788e-07;0.047049;8.07104e-06;5.57013e-07;0.000891722;0.000164379;0.942858;0.000435184
0.000135371;0.0439171;5.50446e-06;2.36604e-06;0.000863832;2.12667e-05;2.5774e-07;0.0254647;2.40604e-06;6.02594e-07;1.33185e-05;0.890031;0.0393805;0.000162271
1.80904e-05;0.00794191;6.10218e-06;1.38351e-05;0.000197317;0.00584446;1.51616e-06;0.000778102;9.45089e-06;1.52921e-05;1.44615e-05;0.000255217;0.984559;0.000345676
1.00718e-07;0.000384439;0.999196;4.94521e-07;5.03118e-07;5.02185e-08;9.55162e-10;1.40318e-08;3.04669e-11;1.05372e-07;1.38065e-08;0.000417893;2.1217e-07;6.06253e-07
1.62769e-05;0.922164;7.07278e-08;1.9679e-05;2.12219e-05;3.30364e-05;0.00251992;0.000336275;2.94737e-05;0.00408911;0.000816189;6.99381e-07;0.000242102;0.0697122
9.94837e-07;3.80212e-07;0.999762;2.06636e-06;2.16628e-07;2.68348e-07;2.97737e-06;1.54756e-05;1.86108e-06;3.9188e-07;0.000151429;6.00302e-05;2.26746e-06;1.70888e-09
2.18018e-07;0.935799;3.29997e-10;1.99172e-09;4.31164e-11;8.56744e-11;3.52121e-07;3.21302e-07;3.20424e-08;2.60232e-10;7.40585e-08;3.97559e-07;0.0641999;5.95126e-12
2.74687e-07;0.013711;1.79638e-07;1.87166e-06;0.000157507;3.16332e-06;8.04378e-09;0.000770308;7.29819e-08;1.93943e-07;9.70008e-08;0.984641;0.000167572;0.000547159
3.1693e-05;0.0288607;4.01637e-08;1.30923e-05;1.56009e-05;0.00187175;6.97416e-06;0.000250996;0.000841252;2.21961e-06;0.000795096;0.000109693;0.967185;1.57142e-05
6.98167e-05;0.000839022;0.338757;1.7964e-05;1.06076e-05;1.07623e-06;0.000385887;3.14313e-06;1.20035e-06;0.000427951;5.36446e-06;0.65947;5.12248e-06;6.26682e-06
3.74751e-07;1.71602e-08;0.999998;7.84779e-09;3.61649e-09;8.55835e-10;2.22041e-07;5.40362e-09;1.41583e-06;1.40805e-09;2.721e-07;3.52048e-08;2.54952e-08;4.03368e-11
0.000116479;0.990999;5.82772e-07;7.60603e-07;3.76541e-08;7.59557e-08;0.00449448;0.00293132;0.000359307;0.000213257;3.0093e-05;3.76128e-06;6.60223e-05;0.000784877
5.78214e-09;7.72669e-09;0.999977;1.16584e-08;3.81217e-09;2.80628e-09;2.15501e-08;7.46858e-10;2.86198e-08;4.18344e-09;6.38782e-08;2.25234e-05;2.14921e-11;3.59944e-08
2.43908e-08;0.997385;4.2228e-09;2.77786e-11;2.64474e-11;1.13162e-11;1.67775e-07;3.15585e-07;5.8516e-09;3.51583e-11;1.06338e-09;2.12991e-08;0.0026143;7.83013e-12
4.39407e-11;8.16278e-07;4.46155e-09;1.56565e-09;3.74172e-08;1.53191e-08;1.2945e-12;8.91484e-07;1.80976e-08;1.02942e-11;2.57067e-09;0.999997;1.21509e-08;1.258e-06
2.00279e-07;0.0337309;5.65703e-10;1.355e-07;3.37118e-07;1.28926e-06;8.61957e-08;0.00110259;2.39789e-06;1.294e-09;1.66332e-06;6.06112e-05;0.9651;1.56465e-07
1.45448e-05;0.00318993;2.68196e-07;8.97458e-06;1.36009e-07;5.77468e-07;1.14201e-08;0.0017152;0.000165532;1.30732e-08;1.68805e-06;0.987403;0.00749815;1.61722e-06
0.000415453;0.417926;5.12021e-06;0.00144527;9.05163e-05;8.50939e-05;1.34608e-07;0.00553004;0.000156136;6.28229e-06;1.18069e-05;0.0330577;0.540032;0.00123803
2.12173e-05;0.0172301;3.02628e-07;7.11949e-05;0.00932343;4.5669e-06;9.8737e-09;0.9082;2.03923e-06;9.43177e-07;9.45701e-07;0.0544401;0.00720783;0.00349697
4.21651e-06;0.00076084;1.21324e-09;4.05094e-06;1.8091e-06;0.00152998;2.44498e-07;2.31797e-05;3.41535e-05;3.67785e-06;3.30764e-05;3.50947e-09;0.997603;1.38986e-06
7.35092e-07;1.96849e-07;0.998633;3.36981e-07;4.2135e-08;5.45884e-09;2.96095e-08;9.78291e-08;1.44338e-08;9.82453e-07;2.0911e-08;0.00136429;2.74348e-09;6.51926e-08
0.000309628;0.902176;8.84093e-05;0.000999404;0.000140852;0.000116994;0.000108818;0.0308538;0.0502061;2.3526e-05;0.0098684;6.82739e-06;0.00465511;0.000446187
