6.5149e-05;0.95395;1.83511e-06;7.57576e-06;1.04949e-05;3.41219e-06;1.10574e-05;0.0100959;0.00018838;2.70781e-06;0.00034791;0.000115744;0.0351373;6.21154e-05
8.51501e-06;0.968829;2.70259e-10;7.28442e-06;3.26641e-05;6.55822e-08;1.30958e-05;4.13108e-05;5.4738e-07;0.000109509;2.22677e-06;0.0293107;2.44776e-08;0.00164507
1.66509e-06;1.02789e-06;0.999993;8.15461e-08;8.81002e-10;1.67261e-10;1.25259e-07;1.12094e-06;1.54574e-06;7.26527e-10;7.07569e-07;4.91587e-08;7.80088e-07;6.85346e-12
1.16787e-06;0.999689;4.13255e-11;2.82138e-08;3.07624e-07;1.00963e-08;1.70524e-07;0.000294047;4.96162e-07;1.48424e-06;2.38006e-08;3.49559e-10;9.93297e-06;3.34713e-06
1.72367e-10;4.60465e-12;1;1.57235e-10;1.57022e-09;5.95563e-12;3.48475e-11;1.40741e-12;1.29618e-11;4.18854e-11;2.50653e-12;2.08316e-08;6.5203e-13;2.06902e-10
0.000130419;0.37091;3.87602e-05;1.19618e-06;0.00100183;5.73401e-06;4.68489e-06;0.609898;0.000298856;4.93509e-08;4.41286e-06;0.000826507;0.0161852;0.000694233
1.16432e-05;0.164195;5.03475e-07;1.08728e-06;0.000913505;1.407e-07;2.46104e-06;0.834428;0.000101628;2.36262e-06;3.43442e-06;2.18212e-05;0.000263593;5.51202e-05
2.33604e-05;0.0078989;0.606286;1.04736e-05;0.0985656;0.00822238;1.3301e-07;5.24069e-06;1.33374e-07;0.000319518;3.57467e-08;0.0878695;1.38384e-05;0.190784
0.000264423;0.575654;3.06857e-06;4.29861e-05;0.000673303;0.000519866;0.000259644;0.394232;0.0159053;3.29723e-06;0.000389058;6.81388e-05;0.00280065;0.00918463
2.10542e-05;0.995168;2.38942e-05;2.39842e-07;1.42527e-07;3.12378e-08;6.32587e-07;2.88321e-05;4.64635e-06;8.1016e-07;3.34358e-06;0.00445111;0.000297175;1.15884e-07
6.05033e-08;0.999689;2.4815e-11;5.97908e-07;1.09043e-06;7.08894e-09;2.21085e-06;2.49672e-07;2.1512e-07;4.57109e-05;1.38099e-08;4.34221e-05;8.42665e-08;0.000217407
0.000322414;0.000474589;0.935228;0.000128905;6.002e-07;9.3398e-06;0.00325496;0.000187219;0.0374802;9.73604e-06;0.015453;0.00710537;0.000345791;1.73928e-07
3.20637e-07;0.994591;6.16586e-08;6.54129e-10;1.38486e-09;1.69588e-08;4.314e-07;9.48408e-07;5.81819e-09;5.36119e-09;6.10457e-09;1.33325e-06;0.00540622;1.08738e-10
5.39202e-06;0.0166328;2.11884e-06;2.12411e-06;0.000308434;0.000408256;6.67442e-07;0.0012425;1.39852e-06;2.52832e-06;3.52006e-07;0.977883;0.00243083;0.0010795
3.63456e-05;0.379842;9.85907e-08;1.28085e-05;1.85724e-05;1.83978e-05;7.68068e-06;0.0169252;0.000479128;7.52157e-07;1.50336e-05;0.000199811;0.60244;4.6288e-06
0.000867105;0.020477;2.64275e-05;0.000356743;1.57897e-05;4.79919e-06;1.34811e-05;0.0226053;0.130798;1.23812e-05;0.000216121;0.822988;0.000724535;0.000894147
0.00369304;0.498666;6.18815e-05;0.000526718;0.00802516;6.93472e-06;4.87753e-07;0.485172;0.00200783;1.49705e-05;1.39816e-06;2.99677e-06;7.60263e-05;0.00174457
0.00211569;0.956964;0.00343983;0.000249891;1.97562e-05;1.51157e-05;2.85529e-07;2.13731e-05;2.71495e-05;7.64442e-06;5.38472e-06;0.000175242;0.0365111;0.000447637
9.28046e-06;0.000249168;2.43565e-06;3.18169e-08;1.07119e-06;5.57454e-07;1.34198e-07;4.39652e-05;6.78975e-06;7.47054e-08;7.70897e-07;0.999655;1.22863e-05;1.83991e-05
2.49405e-08;0.999233;8.03112e-13;6.23059e-10;5.30617e-08;1.72276e-09;1.16788e-07;4.2783e-05;2.92957e-09;4.38037e-08;8.01018e-10;2.03791e-10;6.13813e-08;0.000724546
3.14452e-10;3.48023e-10;1;5.98237e-12;5.24332e-12;2.1357e-12;5.52392e-11;1.65026e-12;4.55267e-12;2.05979e-11;1.75943e-12;5.79133e-08;1.00614e-10;5.94403e-12
1.03502e-05;0.94298;3.99048e-05;2.3914e-05;0.000250693;0.000689887;4.65723e-05;0.0185464;9.78976e-05;8.0135e-06;2.20258e-05;0.000606456;0.0281031;0.00857531
1.13686e-05;0.00819889;4.05796e-05;8.03672e-05;0.000192608;0.000302149;1.78285e-07;0.0162546;1.06869e-05;2.81351e-06;0.000113679;0.0420815;0.932693;1.74377e-05
