4.11044e-06;0.99988;1.44195e-05;2.54723e-05;1.87193e-06;1.32034e-08;2.28397e-07;2.86035e-05;5.47589e-07;2.81209e-07;4.03779e-07;1.0759e-05;3.29419e-05;2.67879e-07
1.06223e-06;0.999236;9.66044e-09;3.17466e-07;4.32689e-07;3.12294e-07;3.66776e-06;0.000273205;9.6079e-09;1.28063e-05;1.31181e-08;6.78561e-09;0.0004564;1.55997e-05
7.4632e-12;1.59142e-13;1;1.52657e-10;2.33039e-09;6.56765e-11;6.41376e-12;5.69612e-12;3.21368e-13;7.48376e-11;3.33657e-12;2.39964e-08;2.54018e-13;2.29532e-10
4.21748e-07;0.0465653;5.34502e-09;1.63871e-06;7.154e-07;1.48156e-05;6.41331e-05;6.05464e-05;2.06887e-05;5.59814e-08;9.01071e-05;1.1697e-06;0.95318;3.08165e-08
6.4595e-08;9.64223e-05;0.999901;1.45921e-07;2.54195e-08;2.77467e-09;4.94479e-07;1.35979e-07;6.2377e-09;1.19253e-06;8.35641e-09;2.35014e-07;5.99203e-09;1.2742e-08
8.75503e-07;2.4242e-05;0.999921;1.47022e-06;1.15251e-07;4.18411e-08;7.34071e-06;1.05923e-07;2.05187e-06;3.25774e-07;8.9926e-06;3.32538e-05;5.08285e-08;2.63969e-07
1.7783e-06;0.744531;1.02604e-07;1.48929e-06;7.08812e-07;2.267e-06;1.14954e-07;0.252239;4.77873e-06;9.79007e-08;3.34005e-06;0.00282222;0.000392618;1.14418e-07
1.89773e-06;0.00302428;1.45854e-07;3.25073e-06;5.83328e-06;0.000215905;4.9119e-06;0.00561807;6.59349e-06;2.48442e-06;7.45624e-05;0.0002106;0.990828;3.18284e-06
1.85348e-06;0.000756613;7.63323e-12;1.06453e-05;3.35293e-07;7.31059e-05;5.19278e-07;6.31851e-06;2.83327e-05;6.62021e-07;8.44668e-05;0.000393854;0.998643;2.58778e-07
3.00497e-06;5.28768e-05;0.99993;1.67786e-06;3.15517e-07;1.14491e-08;3.35805e-09;8.24993e-06;4.98869e-08;9.0494e-09;5.73285e-08;5.87645e-07;2.69454e-06;1.7908e-07
0.000976969;0.230999;3.44804e-06;2.84978e-05;0.000206117;0.00120657;0.000112621;0.298479;0.00202177;2.6943e-05;0.00249198;0.000361817;0.460376;0.0027088
1.94831e-05;0.0160847;3.32079e-07;1.53188e-05;4.01014e-05;5.297e-05;4.04263e-07;0.0504755;9.99054e-06;2.32396e-07;6.28226e-05;0.000541413;0.932018;0.000678813
0.000143545;0.0464199;2.49494e-06;9.72747e-06;2.26241e-05;5.9376e-06;4.63327e-07;0.166192;4.86862e-05;1.80993e-06;3.85992e-05;0.702319;0.0847843;1.12704e-05
3.66974e-06;0.979403;9.80154e-07;8.80651e-05;3.79715e-05;8.03777e-05;3.91307e-07;0.00693913;6.82886e-05;5.78207e-07;0.000110507;0.0121473;0.000820365;0.000299445
0.0011101;0.57394;0.00432479;0.000174175;0.00551745;0.00122582;2.45307e-06;0.0550734;2.74857e-05;0.000215988;0.000438776;0.115447;0.214997;0.0275057
4.02968e-05;0.693176;2.49321e-05;1.388e-06;0.00201097;8.23306e-05;1.14268e-07;0.00324715;2.33683e-07;6.16092e-06;2.5125e-06;0.296933;0.00170505;0.00276987
2.04377e-05;0.493035;1.39428e-06;1.05345e-05;0.00110613;2.21981e-05;2.03075e-06;0.497605;1.39052e-06;4.44803e-06;1.35434e-05;0.00051682;0.00603154;0.00162948
0.000130707;0.00307515;0.000102408;2.01732e-05;3.32717e-05;4.57835e-05;6.36706e-05;0.000423865;0.000133312;3.04483e-06;0.003537;0.987963;0.00421224;0.000256489
7.21253e-06;0.00319078;2.05446e-07;2.61624e-07;1.8839e-05;4.28219e-06;2.20555e-06;0.00219732;1.5445e-06;1.10232e-07;2.70392e-05;0.000910369;0.993633;6.45898e-06
0.000100694;0.158706;0.000107578;7.39298e-05;3.18213e-05;0.000285187;1.94479e-06;0.00224115;1.58186e-05;2.28468e-05;0.000104785;0.813587;0.0212425;0.00347864
8.17684e-06;0.996546;6.30804e-05;3.50342e-07;3.70492e-07;1.08332e-07;9.13192e-08;0.00137203;3.0196e-07;1.72147e-07;4.70496e-06;0.00197308;3.17826e-05;1.98327e-07
2.31886e-07;0.968888;1.80463e-10;1.02535e-05;0.00372455;1.72472e-07;5.41627e-07;0.000506256;1.14216e-07;1.55373e-05;1.15983e-06;0.0244628;1.87902e-06;0.00238848
5.17e-05;0.000371279;0.00471478;0.000156456;0.000927537;0.000379161;5.86257e-06;0.000439311;2.63443e-06;0.000195757;7.62121e-05;0.991277;0.00122461;0.00017762
7.01123e-07;0.927965;9.43857e-07;7.66627e-07;1.49457e-08;1.20077e-08;0.0713858;0.000505417;1.35506e-06;0.000127169;6.33262e-06;1.33218e-09;1.21617e-06;5.19401e-06
2.12575e-09;1.14236e-09;0.999999;9.03742e-09;3.58531e-11;1.97111e-11;1.44724e-07;3.14229e-11;2.56202e-08;1.56092e-09;4.56641e-07;6.41365e-07;5.9851e-10;2.10338e-12
8.87561e-07;0.999296;5.12313e-10;1.31298e-07;1.5616e-08;6.56108e-08;7.37225e-05;0.000170046;1.47811e-07;7.11589e-05;1.58455e-07;6.47699e-09;0.000384675;3.12621e-06
4.33244e-10;8.0047e-11;1;6.34458e-10;3.20841e-09;8.70281e-10;1.19314e-09;7.24629e-10;1.25737e-11;2.38142e-09;1.09657e-10;2.52781e-07;3.14189e-09;6.44669e-09
2.57904e-08;0.0315438;2.2719e-10;8.54788e-08;2.72124e-08;2.10887e-05;7.17599e-05;1.60886e-06;6.732e-07;9.42639e-08;7.16355e-07;1.01654e-07;0.96836;4.07529e-07
7.51723e-09;2.66816e-07;0.999905;8.86714e-09;2.39175e-10;2.03791e-10;2.77671e-06;2.85166e-11;3.11721e-10;4.5499e-06;5.06702e-10;8.72692e-05;5.98023e-11;5.53235e-09
2.11641e-07;1.53858e-06;0.999963;3.95209e-07;2.29217e-08;1.04135e-07;1.16547e-05;3.36731e-08;1.36427e-05;1.7271e-07;4.37095e-06;4.89691e-06;3.03746e-09;2.09929e-08
6.53732e-08;0.99998;6.93641e-10;7.3268e-11;1.10765e-11;2.51232e-11;2.71491e-07;6.6617e-07;1.2512e-08;9.0567e-10;3.92277e-09;2.21488e-07;1.8847e-05;2.02626e-11
3.50192e-07;0.0862368;3.93385e-07;4.96628e-06;2.7455e-05;2.85316e-05;8.33452e-10;0.00170969;4.61983e-06;5.78482e-08;8.64617e-07;0.910211;0.00040465;0.00137018
1.83464e-06;0.995799;8.38356e-08;1.38876e-06;3.82662e-06;4.44214e-07;2.5603e-07;0.00323884;5.95197e-07;1.69116e-07;5.93506e-07;6.38851e-05;0.000191991;0.000697474
2.14694e-05;0.00388396;2.30409e-05;7.90658e-05;0.000303869;0.00364562;5.57508e-07;0.00355625;1.01367e-05;1.8337e-05;8.46389e-06;0.986914;0.00108231;0.000453019
1.80876e-06;0.998861;6.72208e-08;4.68535e-07;3.14555e-08;7.86984e-07;2.7442e-05;0.000644567;2.44997e-08;4.4675e-06;9.53865e-09;1.26542e-08;0.000182246;0.000277614
1.24896e-10;6.97486e-10;1;6.73007e-11;1.39049e-12;1.32186e-11;7.84448e-10;1.06383e-11;7.46221e-13;3.52001e-10;3.12767e-12;1.58746e-10;2.3752e-10;2.85392e-12
3.44702e-08;1.33021e-07;0.999987;2.44129e-07;2.84019e-09;5.58561e-09;2.95257e-06;3.8617e-08;2.8291e-07;1.05849e-07;1.4467e-07;3.18374e-06;5.97559e-06;1.4329e-09
8.9818e-10;2.86594e-08;0.999927;1.33117e-07;4.36264e-07;1.65117e-08;5.04276e-10;8.94742e-06;1.15774e-09;8.40131e-10;1.50015e-09;6.10637e-05;6.79099e-10;2.31671e-06
2.60507e-09;0.000111067;3.66698e-06;1.1233e-07;5.69647e-05;0.000744527;2.81108e-10;1.61534e-05;2.05594e-10;3.92789e-08;2.87039e-10;7.27792e-08;1.0114e-07;0.999067
5.14529e-08;0.899858;3.29072e-09;5.09548e-08;8.67039e-07;2.45938e-06;1.64256e-08;0.00132659;6.79175e-11;8.0515e-09;1.69424e-08;4.97766e-07;0.09881;1.61569e-06
2.56115e-06;0.000394377;0.999102;1.83809e-06;5.8951e-08;4.64232e-07;1.07674e-06;0.000122682;1.94763e-07;2.2112e-07;7.01585e-07;1.40391e-05;0.000359175;6.02934e-07
1.33037e-08;3.89104e-05;6.00948e-05;3.10046e-07;1.6645e-06;1.87434e-07;7.62721e-09;8.04778e-06;3.7407e-10;1.84661e-07;3.02833e-09;0.00117694;2.29123e-07;0.998713
1.14492e-09;3.38562e-07;6.8088e-12;4.70296e-09;0.000105234;1.36226e-07;2.9812e-09;0.999894;1.27611e-08;1.42763e-10;7.96994e-10;2.49825e-10;2.17484e-08;4.4329e-08
2.29043e-11;3.06352e-09;1;3.74555e-09;1.51898e-08;5.50386e-10;8.42538e-12;8.01427e-12;1.63074e-14;1.22229e-11;3.40588e-11;2.17007e-08;2.24814e-11;4.55927e-09
7.79371e-09;0.999558;2.32863e-10;3.81472e-12;3.1586e-12;6.27848e-12;8.32851e-09;4.05516e-09;4.24202e-12;5.67196e-12;2.06939e-10;3.88901e-09;0.000442218;2.37264e-10
6.5692e-10;0.000520441;9.31325e-08;1.33261e-09;9.57935e-08;1.64665e-08;7.93111e-12;1.86013e-06;5.29443e-10;1.34867e-10;1.02468e-10;0.999465;5.42119e-07;1.17955e-05
4.10449e-07;0.970389;4.44849e-08;8.91099e-07;8.45465e-06;3.88872e-06;1.28807e-08;0.0287832;1.19285e-05;3.10575e-09;3.52666e-07;6.67353e-05;0.000732332;3.31129e-06
7.26496e-05;0.767651;1.63081e-05;1.34767e-05;0.000681683;0.00310091;1.41487e-08;0.0716845;6.05918e-06;3.36535e-07;5.56611e-08;0.00242056;0.153925;0.000426813
1.06787e-05;0.0277769;8.9304e-08;1.40824e-05;8.27441e-06;2.42854e-05;4.10454e-08;0.00776632;1.16062e-06;2.92935e-07;1.33716e-07;7.99484e-05;0.964231;8.70828e-05
0.00230786;0.0642681;0.00128159;0.103847;0.180784;0.0959863;1.01347e-05;0.0586576;0.00296691;0.000477372;0.00270357;0.00353198;0.0283719;0.454806
1.5541e-05;0.997997;9.92711e-10;7.22243e-08;1.54253e-05;1.67139e-07;9.1458e-08;0.00163018;5.50768e-08;5.50271e-07;9.6614e-08;2.78904e-05;4.33552e-06;0.000308085
1.48103e-05;0.0173178;0.00380275;1.1222e-05;0.00222177;0.00018856;4.57785e-07;7.70073e-05;1.81881e-08;2.05258e-05;6.5266e-08;0.971317;0.000141077;0.00488643
0.00043971;0.000128846;1.18253e-06;1.32595e-05;6.87057e-07;5.19314e-05;0.0803595;0.000909453;0.848806;8.41549e-06;0.0111437;7.75904e-07;0.0581361;5.31207e-08
3.56912e-05;0.975078;0.0156565;9.91269e-06;6.08653e-05;5.80979e-06;2.30744e-06;0.00820911;9.17002e-07;8.37887e-06;9.19213e-08;2.17299e-05;0.000885471;2.53294e-05
8.00906e-05;0.125359;2.34458e-07;0.000272616;0.000104666;1.79347e-05;7.52118e-06;0.04018;0.000109968;1.37557e-05;0.000930623;0.00368066;0.829241;2.09559e-06
2.98611e-05;0.999135;0.000140741;0.000351129;1.89453e-06;2.75174e-07;6.70924e-06;3.61435e-05;1.36769e-06;4.89212e-06;1.82449e-05;0.000154087;6.8415e-05;5.09726e-05
3.4576e-05;0.967776;2.62143e-07;0.000219401;2.21326e-06;3.52913e-07;1.15102e-05;0.00200955;2.70319e-05;2.78669e-06;0.00103044;0.0227346;0.00609216;5.95796e-05
9.03385e-06;0.161659;7.569e-08;0.017482;0.00428011;0.00300067;5.60417e-07;0.399891;6.90044e-05;4.00546e-06;0.0194045;0.355079;0.0378092;0.00131229
0.00162663;0.455673;0.000242014;0.000760169;5.00958e-05;0.00292363;0.000693152;0.207676;9.59363e-05;0.000492221;0.00752082;0.0180457;0.304165;3.50662e-05
9.40729e-08;0.000222971;1.36213e-09;2.2848e-07;2.1901e-08;2.17199e-07;5.85976e-09;6.02305e-06;7.12706e-09;2.09419e-09;3.17317e-06;1.35763e-06;0.999766;3.46172e-08
5.80353e-07;4.32245e-05;1.02062e-08;1.39542e-06;4.34514e-08;7.2298e-08;1.1143e-08;4.79358e-07;1.28209e-07;8.58857e-08;1.04435e-05;0.999933;1.00352e-05;1.68208e-07
5.95801e-06;0.923208;2.00834e-09;1.81584e-07;4.08338e-09;1.41912e-07;7.27913e-07;1.22615e-05;9.58849e-07;1.31526e-08;1.38463e-05;8.64385e-05;0.0766714;3.96206e-10
2.35788e-05;0.0404904;0.335512;0.00191607;0.000525297;0.000907274;6.78742e-07;0.00220055;2.2045e-07;0.000120366;6.62839e-06;0.261778;0.000132047;0.356387
3.30377e-05;0.64056;1.22925e-07;0.000630805;0.000564094;0.0160349;5.22825e-06;0.00810865;1.41102e-05;7.68665e-06;0.000909139;0.00627222;0.325597;0.00126351
0.000306762;0.656812;0.0224975;2.47783e-05;0.00018214;0.00012711;3.86664e-07;0.189857;5.46126e-07;2.30141e-05;1.26978e-05;0.104944;0.024935;0.00027693
4.87456e-07;0.752096;1.23719e-08;1.15379e-06;4.54706e-06;2.11529e-07;2.35431e-06;9.78705e-07;3.68552e-07;7.65775e-05;6.67369e-07;0.0010798;1.85183e-06;0.246736
0.000330338;0.00830131;2.33607e-05;0.000944016;0.00484652;7.98126e-06;0.303165;0.133724;0.464951;0.000644623;0.0805378;1.89446e-07;0.00252122;2.91682e-06
6.25546e-06;0.999824;2.82068e-05;7.21109e-05;8.07376e-07;1.22723e-08;9.81115e-07;7.80653e-06;3.04699e-06;9.16318e-07;2.99469e-06;4.56682e-07;4.88538e-05;3.36966e-06
5.30959e-07;6.65882e-06;5.62909e-11;2.72907e-09;8.05361e-09;5.607e-11;5.36159e-10;0.999992;8.3181e-07;3.06825e-10;2.44501e-08;1.6057e-08;5.86145e-08;1.34871e-10
4.08045e-06;0.980916;1.86625e-08;2.70548e-05;0.00287952;1.15953e-06;1.25006e-07;0.00564678;1.37941e-06;7.74989e-06;8.6415e-07;0.00914311;1.47058e-07;0.0013724
0.000178432;0.000571712;0.00151442;0.000228779;0.000364525;0.000177623;1.25649e-06;0.000948534;1.38297e-05;1.41405e-05;7.30713e-05;0.994521;0.000210409;0.00118243
1.91492e-05;0.00115912;2.95776e-09;1.717e-07;8.93711e-07;6.25001e-08;8.73981e-09;0.998061;6.68243e-05;3.42055e-10;1.49227e-05;5.97458e-05;0.000617667;1.22823e-09
5.76617e-07;0.00931661;9.93408e-10;8.14059e-09;1.11386e-07;1.42346e-07;2.76102e-10;8.68315e-05;5.90548e-09;4.54489e-10;3.03752e-09;1.36824e-06;0.990594;7.19979e-07
5.55915e-07;4.36897e-05;9.25347e-07;6.05386e-06;3.73274e-06;8.52086e-07;1.64975e-09;0.029005;1.02381e-07;2.95281e-07;1.74496e-07;0.970921;5.95955e-06;1.16991e-05
4.39213e-05;0.824068;0.000986195;0.000866379;0.0014411;7.47693e-05;1.21808e-06;0.128257;8.75411e-07;8.14475e-06;3.2208e-05;0.0364555;0.00620323;0.00156187
7.31868e-08;7.02835e-06;9.9196e-11;5.26518e-09;2.3754e-11;5.12385e-07;4.46444e-08;3.86525e-08;1.19095e-07;9.99798e-09;8.30586e-07;3.43123e-08;0.999991;2.89474e-10
1.03527e-08;1.92159e-06;0.999996;6.21784e-08;2.63439e-09;1.72692e-09;1.13715e-09;4.92794e-09;8.1398e-10;1.06906e-07;4.42427e-10;1.55964e-06;2.36995e-09;6.62052e-09
1.94441e-06;0.99148;3.55663e-06;9.23305e-05;9.3215e-06;9.24373e-06;8.04927e-06;0.0065966;0.000189527;3.04865e-06;0.000199318;1.27883e-05;0.00133114;6.34251e-05
