1.87484e-07;3.876e-06;5.70573e-12;1.41428e-11;4.46933e-09;2.85572e-10;9.91204e-10;0.999995;4.62918e-08;3.13758e-10;2.18239e-10;3.50976e-10;6.66167e-07;1.10851e-09
4.84112e-08;2.39283e-06;4.74109e-06;4.60598e-06;0.00105471;0.000507414;8.90418e-10;1.7377e-06;8.17326e-08;1.18986e-07;7.70956e-08;0.099063;1.58396e-06;0.899359
8.94508e-06;0.510582;7.55414e-07;7.36043e-07;2.85679e-07;6.65253e-08;2.69206e-07;0.000683248;6.16178e-07;2.58124e-08;5.04958e-06;5.07574e-05;0.488666;1.39206e-06
4.48247e-06;0.173781;7.92388e-06;3.82915e-06;0.000191734;4.02985e-05;1.61648e-06;0.787835;6.5192e-06;2.99942e-07;3.57669e-07;0.0055661;0.0307955;0.00176558
3.4385e-06;0.239976;1.53201e-06;7.46114e-05;0.000343458;4.43462e-05;2.37603e-06;0.742565;4.52864e-07;8.03656e-07;3.55373e-05;0.000669753;0.0156386;0.000643962
3.13447e-05;0.638365;1.16104e-08;2.93151e-07;3.12346e-08;1.62589e-08;3.20118e-06;1.94538e-06;1.10128e-06;4.15655e-09;1.45828e-05;0.0046268;0.356955;3.21057e-07
1.22095e-05;0.305793;0.000280107;2.00123e-05;0.00285776;0.000140645;2.66256e-06;0.0129882;4.28175e-07;1.04612e-05;8.19924e-06;0.1016;0.00436537;0.571921
1.95199e-05;0.102355;2.4026e-06;4.79641e-05;0.021648;0.0513479;4.74737e-05;0.471639;5.83459e-05;1.92966e-05;0.000550847;0.0111324;0.339486;0.00164616
9.0303e-06;0.00177453;4.02713e-08;2.70813e-05;2.77218e-05;5.93916e-05;3.47236e-07;0.000735946;5.02717e-06;1.64642e-07;0.000341378;0.0440763;0.952913;2.98917e-05
0.000447573;0.00763779;0.000785998;0.000497004;0.000308541;6.21471e-05;9.60699e-07;0.00562197;6.77068e-06;9.14612e-06;0.000227396;0.959631;0.0247072;5.65515e-05
3.42759e-06;0.00460484;7.35115e-10;2.76134e-09;2.96352e-08;2.57649e-08;1.69301e-08;3.26801e-06;4.96683e-08;2.0177e-10;1.65372e-07;9.97039e-05;0.995288;7.14009e-08
2.62686e-08;0.0651311;1.11725e-08;7.41422e-08;5.43958e-06;2.24144e-06;3.74185e-07;9.39912e-07;6.96914e-10;7.27053e-06;2.78437e-09;6.66753e-05;1.37966e-06;0.934784
1.29357e-05;0.00374856;9.01692e-06;7.58533e-05;5.36779e-06;0.000153959;0.5283;2.35419e-05;0.00898442;0.000139313;0.438552;8.92447e-06;0.0199828;3.28906e-06
6.37578e-06;0.995001;0.00167181;3.33494e-05;4.55165e-06;1.06059e-05;0.000204201;9.29294e-05;1.26932e-07;0.000443879;1.31653e-06;1.48736e-05;0.0025025;1.21768e-05
2.93693e-09;5.00134e-09;1;2.11054e-08;4.21808e-10;2.26697e-11;1.10199e-08;1.912e-10;4.89914e-09;4.37942e-09;1.14021e-08;1.82339e-07;1.18197e-09;2.09594e-12
9.62425e-06;0.00275138;1.88214e-05;2.61848e-06;1.17052e-06;1.63768e-07;3.04158e-07;0.996759;1.49805e-05;3.79878e-07;2.68624e-05;0.000142765;0.000269957;2.45192e-06
2.35796e-07;0.963785;5.75154e-10;9.70484e-07;1.60332e-07;9.21146e-08;0.00299844;4.47602e-08;3.74916e-06;0.000236543;3.97938e-05;1.2332e-06;1.21088e-06;0.0329322
3.37982e-05;0.000443586;1.90706e-06;3.67844e-05;1.34756e-06;4.77752e-07;0.769264;0.00011263;0.0522036;1.64863e-05;0.177627;2.13249e-06;0.000256462;1.74301e-07
1.0297e-06;0.999908;2.10389e-07;9.31092e-07;3.84963e-07;2.82195e-08;5.68686e-09;6.40089e-05;6.57361e-08;1.58102e-08;2.70728e-08;1.04644e-06;2.29546e-05;1.338e-06
2.79056e-07;0.998948;1.33489e-09;2.6615e-10;9.39645e-11;1.45641e-09;7.19518e-09;1.94196e-06;3.49888e-10;5.75522e-10;6.94238e-10;0.000674229;0.000375622;3.42636e-09
4.76335e-06;0.8997;4.57174e-06;1.61333e-05;0.000275507;0.000126755;0.000312793;0.0203903;3.85163e-06;0.000349881;3.59648e-06;0.00048606;1.84628e-06;0.0783244
1.20073e-10;6.70257e-09;1;5.07253e-10;1.66391e-09;2.99767e-11;2.77125e-10;1.73368e-09;6.78354e-11;1.75894e-11;1.31799e-10;1.15036e-08;1.5315e-10;4.06222e-13
3.05562e-06;0.984697;0.0008928;5.05637e-05;0.000252912;3.98278e-05;4.9904e-06;0.00235676;2.4174e-05;4.90949e-06;0.000129458;0.00984037;0.00160595;9.73457e-05
1.51128e-07;0.000608648;7.43482e-08;1.34434e-05;0.0609222;0.826157;1.33251e-06;0.00382533;2.07017e-06;5.65283e-05;2.60004e-06;5.34458e-05;0.00723146;0.101126
6.5272e-06;0.0179295;9.0719e-09;4.62629e-05;7.73615e-06;1.91853e-05;7.54042e-07;0.000335035;4.1688e-06;8.06368e-07;4.88919e-05;0.00079228;0.98079;1.84493e-05
7.15559e-05;0.00614494;1.03671e-05;7.68397e-05;1.35171e-05;5.11151e-06;1.76745e-07;0.000175295;2.07367e-05;1.73929e-06;7.73178e-05;0.992564;0.000829082;9.56735e-06
3.20556e-06;0.993289;8.76297e-10;1.0109e-06;4.36067e-07;1.07967e-07;1.38483e-06;0.00668079;1.3254e-06;8.11431e-06;5.51437e-07;7.43008e-08;5.60142e-06;7.98969e-06
2.22022e-10;9.67643e-09;1;2.31867e-10;4.31347e-13;1.60674e-13;3.67099e-11;7.44134e-14;3.93117e-12;7.2232e-11;1.05776e-10;6.476e-10;1.23337e-12;5.5638e-13
3.20038e-07;9.74723e-06;1.66374e-07;1.33045e-07;2.18361e-08;4.19288e-08;1.96861e-08;2.47914e-05;6.19337e-07;1.05309e-08;5.24491e-05;0.999836;7.55827e-05;3.167e-07
4.07619e-06;0.0138949;4.59418e-06;8.16277e-07;0.000438918;3.45299e-05;3.35137e-07;0.246173;7.37153e-06;1.86779e-06;4.69281e-05;0.000549683;0.737681;0.00116194
6.81094e-07;5.63055e-05;1.76841e-08;3.04971e-07;7.45202e-07;0.000182788;2.77369e-07;1.20715e-06;2.58144e-06;1.83211e-06;6.65554e-06;0.000125364;0.999621;3.90736e-07
5.7099e-08;1.29834e-06;0.999998;8.7079e-09;6.95398e-09;1.98068e-10;6.82236e-10;2.99199e-08;2.21246e-09;5.8555e-08;4.39284e-10;1.71034e-07;3.64202e-09;4.16097e-10
2.21203e-05;0.799858;2.55884e-06;3.29742e-05;2.74583e-05;2.96482e-06;9.86342e-06;0.189851;0.00804789;2.36676e-06;0.000288832;4.19695e-05;0.00178046;3.19589e-05
