8.0519e-08;0.99987;2.57221e-11;8.69105e-09;9.61811e-09;1.15125e-08;6.27623e-06;6.63968e-06;7.13613e-09;2.43257e-06;8.74402e-09;1.57135e-10;1.06895e-05;0.000104256
9.86991e-12;3.55695e-12;1;4.24734e-12;1.18448e-12;4.98773e-13;2.26628e-11;7.2981e-13;1.54089e-12;8.80476e-12;5.63805e-12;2.48082e-08;9.5591e-12;3.80117e-14
4.69112e-07;0.000475419;0.000104295;2.4032e-05;0.000487972;0.000150648;7.55588e-07;0.00172236;3.93894e-05;1.51883e-07;0.000206452;0.993648;0.00302773;0.00011271
2.34865e-05;0.663771;3.51989e-06;2.51566e-05;0.00147503;0.000745759;9.5642e-06;0.0590426;6.33297e-05;1.40836e-06;0.00018685;8.65301e-05;0.274112;0.000453296
1.76418e-05;0.721138;2.33028e-06;0.000273259;0.171356;0.00587957;1.39835e-07;0.0104;2.16885e-05;2.17708e-06;1.48088e-05;0.0708333;0.0105967;0.00946459
0.000206554;0.976072;7.93398e-07;1.10484e-06;3.97184e-06;5.73176e-07;0.0226138;0.000603051;5.24904e-05;0.000331132;8.66749e-07;7.12692e-07;3.83202e-05;7.4474e-05
3.20538e-09;3.10559e-10;1;2.78812e-09;3.06081e-10;1.63177e-11;5.49224e-09;1.61033e-11;2.27374e-08;1.16851e-10;1.86539e-09;4.94226e-08;1.65789e-10;4.66811e-12
1.79038e-07;0.999194;1.52902e-07;4.97647e-09;2.75744e-08;2.80902e-10;8.21924e-08;0.000691008;2.6548e-08;2.07388e-08;1.07649e-08;0.00010022;1.41278e-05;1.08492e-07
6.42564e-07;0.109053;1.03161e-07;4.3852e-06;2.58805e-05;9.13298e-07;0.0528735;0.00017571;5.42844e-06;0.0205269;4.83385e-06;4.8845e-07;1.35934e-07;0.817328
1.58865e-06;1.13033e-05;0.996184;7.36978e-06;2.43608e-08;8.83702e-08;0.00349879;4.27956e-06;9.8049e-05;1.81222e-06;0.000157348;3.5291e-05;1.28783e-07;9.16807e-09
7.62003e-07;1.6237e-05;5.889e-10;9.46013e-10;1.71799e-08;3.25649e-09;8.35565e-08;0.999974;8.3463e-06;1.70239e-09;1.36781e-08;4.6983e-11;8.87355e-07;1.23384e-08
9.87287e-05;0.992694;0.000709563;1.19092e-05;0.000675618;2.97102e-06;0.000448891;0.00375339;0.000555302;0.00011389;5.83523e-07;0.000810494;4.60397e-05;7.80159e-05
1.3297e-08;1.37306e-07;1;1.69554e-09;3.31862e-09;6.4978e-12;8.05124e-09;1.52622e-09;1.15451e-08;1.04819e-10;1.34146e-10;1.15874e-09;3.78974e-12;2.86927e-09
2.22602e-07;0.96628;2.19102e-07;3.3163e-09;5.51006e-09;2.51942e-09;2.03252e-07;5.54501e-07;2.00505e-07;7.24898e-10;3.28446e-08;0.000913906;0.0328052;7.8377e-09
2.31719e-06;0.0720898;2.42627e-07;7.84168e-07;0.000121524;3.54143e-06;2.62171e-07;0.52393;3.20996e-05;4.4133e-07;1.23552e-06;0.403726;5.7362e-06;8.5471e-05
7.72997e-08;0.99979;9.59594e-06;1.45086e-07;6.90759e-07;2.07569e-07;1.40908e-05;3.65675e-07;4.62753e-10;0.000134272;4.08615e-10;2.08182e-07;1.43441e-08;5.00695e-05
3.21467e-10;5.22442e-10;1;5.81021e-10;9.85589e-11;9.11144e-11;1.19428e-10;3.66366e-11;3.03253e-10;1.3694e-11;1.08753e-10;1.75391e-08;1.9365e-12;4.39417e-10
1.00227e-07;0.988896;1.27763e-08;3.34222e-09;8.21623e-10;4.61718e-08;4.51889e-07;1.06279e-06;3.84233e-08;5.48571e-09;2.60126e-07;0.000224847;0.0108778;1.96619e-08
2.16252e-05;0.090835;2.69154e-05;0.000504241;0.0012244;0.00683853;1.89191e-05;0.117633;0.000165524;2.6072e-05;0.00218042;0.343375;0.423203;0.0139468
0.000696727;0.250093;2.04083e-05;0.00526023;0.00412467;0.0134582;5.34051e-05;0.031622;0.0212793;1.38926e-05;0.108784;0.309854;0.253755;0.000984505
3.80074e-05;0.961144;1.10183e-06;2.22579e-06;4.368e-05;1.56967e-05;4.70364e-07;0.0153919;5.88268e-07;1.2271e-06;2.3736e-06;0.0115766;0.0117292;5.26175e-05
1.94553e-05;0.00438552;6.49405e-06;1.97674e-05;0.00507376;9.04507e-07;1.13198e-08;0.431733;1.66604e-06;6.0522e-07;3.28534e-06;0.558597;0.000112883;4.53068e-05
4.66198e-06;0.922474;0.000376472;1.66105e-06;2.68941e-06;1.56877e-07;5.66175e-06;1.85759e-07;6.41785e-08;7.12205e-05;1.52067e-07;1.08937e-06;1.3732e-06;0.0770611
0.000163885;0.00403364;4.48748e-08;3.43756e-07;8.86729e-07;1.22818e-07;0.0560691;0.262431;0.61149;8.59048e-07;0.0653645;1.88731e-08;0.000445575;3.38051e-08
6.52165e-09;3.58572e-07;1;1.8419e-10;9.86861e-11;4.28409e-12;3.042e-08;1.7848e-09;7.09878e-09;4.62663e-11;1.02101e-08;6.18844e-10;1.48965e-08;3.14104e-13
1.4446e-07;0.000641237;0.000555832;2.47052e-08;1.45738e-05;4.272e-07;6.39877e-09;0.000199204;1.98764e-07;2.88322e-08;1.85548e-08;0.998289;3.15992e-06;0.00029622
5.00417e-06;0.713684;3.58324e-07;7.21161e-07;0.000535215;0.00014163;3.1196e-07;0.0236824;1.36478e-06;4.62458e-06;5.66582e-07;6.78061e-05;0.230636;0.0312397
0.000135053;0.413505;0.000394082;0.000180148;0.000432868;0.000129072;1.873e-06;0.16847;0.000182271;1.63889e-05;0.00022495;0.41322;0.0019655;0.0011435
0.000631457;0.595841;5.92086e-05;0.000162759;0.000745605;5.46156e-05;6.01813e-05;0.0511614;0.000192897;5.14725e-05;0.00321463;0.33808;0.0089324;0.000812408
1.82694e-06;0.995774;1.09017e-07;1.2258e-08;2.73107e-09;3.9899e-09;0.00406786;3.86599e-05;1.98072e-08;6.55469e-05;2.7098e-09;2.81146e-08;4.25297e-06;4.7613e-05
7.4392e-11;1.6335e-10;1;5.30049e-10;3.82022e-11;1.02095e-10;1.31662e-10;2.34493e-12;8.0549e-11;1.61609e-10;5.29616e-11;1.55904e-08;4.6397e-11;1.0929e-10
8.85396e-08;0.991923;3.42699e-09;2.03223e-09;8.18449e-10;1.06967e-08;6.53105e-07;2.0024e-07;2.27187e-08;7.37088e-08;1.86013e-08;2.35774e-06;0.00807347;3.0037e-08
1.71554e-06;0.00839963;0.000133832;0.000113599;0.00028626;0.000574086;2.66818e-07;0.00553826;2.71301e-06;2.5052e-06;2.93882e-05;0.983584;0.000978061;0.000355656
1.85796e-05;0.769308;8.86913e-08;3.08931e-05;9.47162e-05;0.0074705;1.29171e-06;0.00338254;2.69482e-06;1.29083e-05;3.47603e-05;5.61667e-06;0.141559;0.0780788
4.79647e-05;0.980967;1.36392e-05;4.60615e-06;4.621e-07;1.03326e-06;0.00227061;0.000464725;2.10449e-06;6.02397e-05;4.51886e-05;0.000653029;0.015469;5.12249e-07
1.40302e-08;2.56543e-08;1;2.26461e-08;2.12513e-10;4.29221e-10;4.68548e-08;7.08646e-09;3.32983e-08;1.13867e-09;6.62428e-08;4.20472e-08;2.3104e-08;1.10583e-10
1.50389e-06;0.996082;6.88983e-10;1.62293e-06;2.15746e-07;8.87839e-07;1.74817e-07;0.000709798;2.72406e-06;1.58742e-07;1.11112e-05;0.000913361;0.00226693;9.5604e-06
4.04861e-07;0.995657;6.82242e-05;4.76946e-08;2.58863e-08;1.0383e-08;2.87284e-06;7.89282e-05;2.79834e-09;7.4315e-07;6.96796e-08;0.000296323;0.00389551;6.07005e-08
4.22927e-06;0.0118968;7.75349e-06;2.60043e-05;0.00705223;0.75968;0.000193673;0.000114881;0.000208592;0.000200991;0.000801602;0.0290326;0.188115;0.00266613
0.000116206;0.00526479;0.989006;2.57633e-05;8.36814e-05;2.64027e-05;0.00179392;1.65912e-05;6.41338e-06;0.000936242;4.97395e-05;0.00254481;5.82549e-05;7.07993e-05
1.82857e-09;1.66992e-09;1;4.12014e-10;2.33138e-11;1.55885e-11;1.30576e-09;1.36917e-12;9.31316e-09;3.66987e-11;4.39325e-09;4.56512e-07;4.96986e-11;4.74825e-12
1.54969e-05;0.99775;3.70865e-06;3.46304e-08;6.32159e-09;4.72374e-09;8.81686e-06;0.000131441;2.63772e-06;7.71443e-08;1.71608e-06;0.00015275;0.00193372;4.52248e-09
1.04027e-08;4.19447e-06;7.72374e-09;2.06045e-06;0.000224857;1.33261e-06;2.61919e-09;9.33544e-05;2.02137e-05;3.40167e-08;3.85854e-06;0.999518;4.10988e-08;0.000131717
5.97144e-07;0.338978;0.000884456;5.25794e-06;1.42893e-06;1.91959e-06;2.66964e-08;4.92193e-06;1.43774e-08;9.53908e-08;8.12238e-07;3.41364e-05;0.660088;6.27371e-07
3.02175e-07;0.000373258;1.13552e-10;1.30025e-08;3.4937e-06;1.94713e-08;1.22087e-08;0.999507;1.33921e-06;4.41569e-09;6.85593e-08;0.00011052;3.27312e-06;4.08724e-07
6.60611e-07;0.000167501;0.993637;0.000260809;0.00130799;0.000991372;3.95504e-08;0.000156434;3.51642e-08;1.04831e-05;4.68803e-08;0.00318666;3.98354e-06;0.000276805
0.000122491;0.16613;1.29275e-06;2.84219e-06;2.57603e-07;3.66396e-05;2.66723e-05;0.000121963;0.000123525;6.16349e-07;1.10148e-05;2.07506e-05;0.8333;0.000102309
1.85604e-05;0.0113295;0.956529;3.5751e-05;5.96484e-05;4.08111e-06;1.05428e-07;8.81035e-06;1.66131e-06;1.13876e-06;3.20486e-07;0.0318593;8.13828e-05;7.03706e-05
0.00030033;0.126461;5.13737e-07;5.77793e-05;0.00113231;0.000163319;8.65603e-06;0.0922004;0.000149375;9.91681e-06;0.00153279;0.0327102;0.744808;0.000466144
6.21036e-05;0.632042;8.46184e-07;3.91195e-06;1.26167e-05;9.06783e-06;0.251907;2.39067e-05;3.08708e-06;0.073122;4.08401e-06;5.51443e-05;0.000171114;0.0425828
2.77004e-10;6.78574e-11;1;9.60046e-10;2.24364e-11;4.11991e-11;3.63322e-09;3.78318e-11;3.68274e-09;2.5745e-10;7.5297e-09;4.04907e-08;5.72994e-12;1.92859e-12
5.4423e-06;0.991582;1.13123e-06;4.46886e-05;4.2941e-06;2.16981e-06;1.38763e-05;0.00361706;3.30997e-05;7.57166e-06;0.000918461;0.00191137;0.00184553;1.37297e-05
1.36367e-05;0.212723;0.000389605;0.000704891;3.12277e-05;1.00532e-05;4.61411e-07;3.80823e-05;7.48658e-07;2.33336e-05;3.39282e-05;0.780613;0.00530205;0.000116197
0.000537503;0.878008;0.000505195;0.00062918;0.0040395;0.000840781;0.000363037;0.00914041;0.000114068;0.000470384;0.0324188;0.0299214;0.00536591;0.0376459
5.40018e-06;0.454219;1.44806e-07;1.36243e-07;4.52675e-08;1.14992e-07;0.542736;1.20936e-08;1.00589e-06;0.00250733;2.01495e-05;3.93081e-05;1.32471e-06;0.000469852
1.02268e-08;1.21051e-08;1;3.73184e-09;1.39311e-10;9.21853e-11;9.19145e-08;1.02362e-10;6.12734e-08;4.45025e-10;1.87019e-08;9.90202e-08;1.16089e-08;1.4975e-11
1.06729e-07;0.0114007;2.29366e-10;1.09786e-08;2.18489e-05;2.87026e-09;9.24836e-09;0.988564;1.30918e-07;1.31539e-08;3.23902e-08;1.23755e-05;2.28256e-07;3.10743e-07
1.38625e-07;2.71231e-05;0.999479;3.38619e-06;2.02641e-05;9.50587e-05;4.43389e-08;1.47938e-07;3.30427e-08;1.93358e-06;5.06428e-07;0.000238149;0.000127948;6.32593e-06
6.7058e-06;0.996801;3.42987e-08;2.57959e-07;1.54363e-06;1.84199e-06;0.00142325;0.00134348;1.21533e-06;1.63228e-05;1.6216e-05;1.11952e-05;1.26095e-05;0.000364276
3.01083e-09;4.49132e-09;1;2.36744e-09;2.03614e-10;9.39189e-11;8.90978e-09;1.35507e-10;4.08525e-09;7.64704e-11;9.50264e-09;1.15646e-07;2.08089e-09;1.24942e-11
4.16008e-05;0.0594588;5.74615e-05;1.36118e-06;5.03057e-05;9.26307e-07;1.31343e-07;0.932809;2.56503e-05;1.20703e-07;4.10489e-06;3.24108e-05;0.00746137;5.69485e-05
1.51864e-06;0.939006;1.18895e-08;9.9032e-06;5.84751e-07;5.60445e-06;0.0413655;8.43898e-07;2.98364e-06;0.00688488;1.12085e-05;4.49296e-06;4.66287e-05;0.0126593
1.70183e-10;6.04802e-11;1;9.15851e-10;3.29075e-12;1.40002e-12;1.41844e-08;8.09896e-13;1.62817e-10;9.71254e-11;3.48112e-08;2.65951e-09;3.14581e-12;3.63134e-13
2.02951e-06;0.0923286;2.07741e-07;4.50257e-06;1.44188e-07;2.7331e-08;0.904712;3.32541e-06;6.55507e-05;0.00181817;0.0010495;1.19417e-07;2.33057e-07;1.58471e-05
1.85791e-08;2.74804e-07;0.999997;3.63163e-07;6.01623e-08;4.18153e-09;1.56147e-06;9.44314e-10;1.81893e-07;2.1035e-07;6.1012e-07;4.79736e-08;1.31405e-10;4.72427e-09
3.17207e-08;0.00897796;4.1401e-08;2.82385e-08;5.91338e-08;3.55791e-07;1.38099e-10;2.22498e-08;8.86264e-10;7.23116e-10;4.32579e-09;3.44192e-07;0.991021;1.96331e-09
5.66649e-08;0.00593411;1.07057e-09;1.09687e-07;4.50201e-06;2.58821e-08;4.31565e-09;0.993495;1.3209e-07;3.72256e-08;6.29773e-08;0.000560577;2.15785e-06;3.30451e-06
2.36531e-08;0.000129603;0.999317;2.8694e-06;5.99706e-05;4.17483e-05;7.10524e-10;5.584e-06;1.6028e-10;1.11114e-07;8.72376e-09;0.000409087;5.44919e-06;2.87212e-05
0.000297405;0.00769433;3.52885e-07;7.34645e-06;0.000106786;0.00110659;0.00013009;0.000215863;0.00426329;1.01104e-06;0.00192597;0.000363719;0.980582;0.00330575
8.59519e-07;0.995952;7.07517e-07;1.28489e-09;1.50295e-09;6.12176e-09;9.71661e-08;5.62885e-06;7.43068e-09;3.30533e-09;3.88061e-09;0.000712812;0.00332793;1.06372e-09
2.05221e-08;4.79248e-05;1.14075e-09;6.64667e-07;0.00110449;4.25868e-06;4.96971e-10;0.0011184;6.99984e-07;2.59399e-08;1.56469e-07;0.997678;1.06835e-07;4.49585e-05
3.76816e-06;0.0814937;0.00834526;6.59171e-06;8.31927e-06;2.61691e-05;4.05566e-07;4.52931e-05;6.9476e-08;6.8528e-07;2.64944e-06;5.19595e-05;0.910015;4.90188e-08
4.79068e-06;0.169023;2.8866e-06;7.5682e-06;1.15294e-06;1.59979e-06;3.80516e-07;0.00041915;0.000112228;5.77597e-08;0.000151135;0.827322;0.00295216;2.20714e-06
1.3533e-05;0.252135;0.000370524;2.58297e-05;0.0156918;0.000475607;1.17168e-07;0.660583;1.04645e-06;2.00912e-06;3.06164e-07;0.00165812;0.068947;9.68766e-05
0.000135546;0.663331;6.14799e-06;0.00127975;2.02116e-05;0.000224146;1.03299e-05;0.0367802;0.00281537;1.19742e-05;0.000113098;0.0653562;0.229725;0.000191396
0.000509762;0.956142;2.1979e-07;0.00209067;6.28432e-05;3.30079e-05;4.55543e-06;0.000712846;0.00154179;3.03026e-05;0.000512518;0.00602484;0.024648;0.00768676
3.21657e-06;0.999211;2.80497e-07;2.03278e-08;4.56332e-09;7.63465e-10;2.66853e-07;3.40596e-06;2.99594e-08;1.93786e-08;7.45272e-08;0.00014834;0.000633515;7.06993e-09
1.76132e-06;0.982915;9.26349e-07;1.19921e-06;9.43139e-06;1.76646e-06;0.00909407;2.39643e-05;1.98753e-07;0.00352368;5.82486e-07;5.16409e-05;1.01428e-08;0.00437586
6.17538e-11;7.96858e-11;1;1.38322e-09;4.01743e-09;4.42042e-10;3.33298e-10;5.22607e-11;1.14851e-10;1.27354e-10;2.68298e-10;1.3562e-08;1.46759e-12;3.82194e-10
0.000252255;0.470093;0.000206997;3.7765e-05;1.50937e-05;5.74722e-05;0.00138076;0.361614;0.00189832;2.39526e-05;0.00166094;0.000359951;0.16238;1.95504e-05
0.000108374;0.0385209;2.42765e-05;3.32767e-05;0.000105701;1.35393e-05;3.69017e-06;0.0437744;0.000111765;1.0219e-06;0.00103153;0.00182544;0.914408;3.77942e-05
1.32692e-06;0.996875;2.03351e-09;1.90405e-07;1.02187e-06;2.49184e-07;3.32506e-05;0.00266043;4.35121e-07;4.42496e-05;5.80088e-08;4.11961e-08;0.000291678;9.19632e-05
1.26852e-10;1.38895e-12;0.999999;1.45105e-08;3.96286e-10;4.66729e-10;6.08705e-09;5.28431e-11;6.62656e-10;1.66046e-09;1.67682e-09;9.83445e-07;6.64681e-12;9.34719e-10
4.98333e-06;0.938887;6.26377e-05;9.3067e-05;3.80558e-06;6.39305e-06;0.000808308;0.0392255;1.53995e-05;2.10749e-06;0.000291395;6.24864e-06;0.02059;2.77934e-06
6.74444e-05;0.950112;2.61511e-06;0.00299333;5.51958e-05;0.000869419;1.66261e-05;0.028677;0.0017937;1.06952e-05;0.0128164;0.00126774;0.00125017;6.79984e-05
1.74106e-05;0.000405384;0.974258;4.82065e-05;4.21332e-05;1.23598e-06;3.88471e-08;3.66105e-07;2.05996e-07;8.46389e-07;1.28741e-05;0.0252015;2.62525e-06;9.63871e-06
0.000530905;0.0251349;3.51373e-08;7.68469e-07;0.000852219;1.91474e-06;2.80484e-07;0.960967;9.11764e-05;3.81764e-08;2.6114e-05;2.32475e-07;0.0123798;1.44455e-05
5.12592e-06;0.00268224;4.24318e-07;5.47862e-06;2.7407e-05;7.28667e-06;1.84823e-07;0.000210164;1.49347e-05;6.93207e-07;1.05898e-06;0.996653;0.000381783;1.04169e-05
0.00852325;0.865516;2.38173e-06;0.000648817;0.00065182;7.51817e-06;0.00252579;0.0296568;0.0214014;3.34388e-05;0.0160859;0.00717944;0.0470267;0.000740501
2.00687e-05;0.959849;1.23701e-10;6.31117e-07;6.17148e-07;9.06056e-08;1.39646e-06;0.0400448;3.60637e-06;2.89554e-07;1.98902e-06;7.29348e-09;7.08656e-05;7.2898e-06
1.75331e-10;6.68396e-10;1;2.93493e-10;2.59234e-12;2.417e-12;2.3888e-11;2.74773e-12;8.84425e-11;1.03151e-11;3.56162e-10;2.44018e-07;5.63933e-13;1.18349e-10
0.000331844;0.150411;1.01208e-07;1.36873e-05;0.000206633;0.000302796;3.45775e-05;0.0339331;0.0065465;4.49572e-06;0.000760438;8.11997e-05;0.0153822;0.791991
5.4384e-05;0.896344;8.51239e-06;3.7538e-07;5.80074e-05;3.53895e-07;1.48295e-06;0.0893672;1.27626e-05;8.66127e-07;1.51052e-05;0.00237833;0.0116547;0.000103957
0.000128539;0.524882;0.00727807;9.56055e-05;0.0363182;0.000294444;3.49719e-05;0.0141609;0.000119662;1.69665e-05;2.47362e-05;0.373462;0.0376046;0.0055789
0.000136386;0.0706393;1.0727e-05;6.06956e-06;5.64048e-06;7.63944e-06;1.03251e-05;0.000502499;3.07589e-05;1.10607e-06;7.4032e-06;0.56961;0.359013;1.87506e-05
1.38594e-05;0.997046;2.01084e-06;4.44002e-08;6.36588e-08;3.32365e-08;1.8516e-08;0.000490837;1.67538e-06;2.89855e-08;3.50856e-07;0.00238674;5.7891e-05;3.50317e-07
2.05966e-07;0.989853;4.10212e-10;1.28008e-05;0.00264269;5.9206e-06;9.39662e-08;0.000374869;1.78888e-07;1.08398e-05;8.47453e-08;0.00300539;3.967e-06;0.00409035
5.98389e-06;6.78351e-05;0.00408031;0.000252748;8.36497e-05;0.00242646;6.76956e-06;1.37462e-06;1.8634e-06;0.000572118;1.53662e-05;0.991326;5.0333e-06;0.00115423
5.64806e-06;4.74407e-05;2.82692e-10;2.89795e-07;8.36313e-08;1.06023e-06;2.22576e-07;0.999689;4.90034e-06;7.34878e-09;6.81072e-06;2.6296e-07;0.000244625;2.6615e-09
5.61859e-06;0.983565;3.55674e-08;7.16106e-08;2.72787e-09;3.72645e-08;9.54878e-08;2.08348e-05;8.01708e-08;1.30087e-08;8.22404e-08;3.93006e-05;0.0163691;3.86717e-09
5.11317e-05;0.0136715;0.000853967;7.12541e-06;3.91873e-05;5.5202e-05;2.07324e-07;0.00567545;2.98777e-06;2.12953e-05;1.83735e-06;0.976205;0.00339266;2.26805e-05
2.10671e-08;0.00171301;7.93049e-08;2.44762e-07;1.16779e-10;3.46794e-08;0.983654;6.26141e-10;5.37979e-08;0.0146263;4.93185e-06;1.22664e-11;2.55913e-08;1.61965e-06
1.89128e-12;1.88079e-13;1;9.98677e-12;1.32213e-14;1.35041e-13;8.65149e-11;5.27434e-15;5.36256e-12;1.94597e-12;6.76747e-11;5.60642e-11;2.57434e-14;7.86111e-16
