4.67584e-06;0.997252;0.00169865;2.23787e-05;5.69697e-06;1.04224e-06;1.04079e-06;0.000202119;2.88387e-08;6.28954e-06;6.2289e-08;3.19716e-05;0.000755613;1.88012e-05
2.72718e-05;0.00814388;9.5624e-08;0.000117982;0.000480736;0.00016621;9.01011e-07;0.0149713;1.23856e-05;1.2104e-06;0.000668259;0.00309954;0.972299;1.08804e-05
6.04304e-06;0.999559;3.19233e-05;1.93752e-05;4.38971e-06;7.54722e-07;7.30254e-05;0.000116341;3.67373e-07;2.81869e-05;1.86189e-06;2.77735e-07;0.00012992;2.90571e-05
3.64982e-07;1.16815e-06;0.999988;1.03173e-06;1.97279e-09;8.19455e-09;6.08641e-07;2.4206e-07;7.09867e-07;4.46329e-08;4.31181e-06;3.12341e-06;1.98192e-07;6.65617e-09
4.33044e-08;1.99711e-05;0.000674481;8.13563e-07;1.16174e-06;1.03856e-06;1.54713e-08;6.3108e-05;2.65177e-08;3.47192e-07;1.38894e-07;0.000127125;7.48906e-08;0.999112
1.09441e-07;3.47149e-06;4.66708e-09;8.74729e-07;0.00525103;1.19211e-05;5.22431e-08;0.994719;6.12808e-06;2.19605e-09;2.72862e-06;3.14469e-06;7.03458e-07;1.31866e-06
2.15721e-09;2.07862e-06;0.999997;5.14788e-08;8.35847e-07;4.9492e-09;1.34831e-10;9.27695e-10;2.22853e-12;8.84572e-10;3.99561e-09;1.11326e-07;1.42755e-08;6.01466e-08
1.83565e-08;0.00180151;7.9021e-07;2.14601e-09;9.47157e-08;3.95929e-08;6.78903e-12;6.87646e-08;1.3284e-12;4.45093e-11;5.79433e-10;3.7586e-07;0.998197;1.85385e-08
1.09884e-06;0.0532735;0.00267056;9.61467e-06;6.56753e-05;8.16988e-05;6.22107e-07;0.011172;2.97748e-07;6.32852e-07;1.45114e-05;0.728773;0.203453;0.000483786
1.62164e-06;0.237378;2.25377e-05;2.3396e-05;0.018199;0.00186613;3.35759e-07;0.342137;3.56668e-07;2.49226e-07;5.73363e-06;0.00405652;0.395953;0.000355874
6.31972e-05;0.0239809;1.42399e-07;6.95542e-07;1.60213e-05;5.93379e-05;2.13241e-06;0.00166685;1.57374e-07;7.20993e-06;2.01264e-07;9.32282e-07;0.974093;0.000108952
3.61003e-10;7.53251e-10;1;6.04565e-10;4.29485e-12;2.38848e-11;6.41427e-11;2.39847e-12;1.47897e-10;8.59794e-11;2.44958e-10;1.6751e-08;3.99479e-09;6.01642e-12
5.26242e-08;1.2836e-05;0.998366;3.51118e-07;1.95589e-06;1.18782e-06;2.41872e-09;2.88041e-05;2.08159e-08;8.01332e-09;5.04574e-08;0.00152858;3.97643e-05;2.03824e-05
3.37731e-07;1.49844e-05;4.01994e-05;1.2364e-05;0.972374;0.0147686;1.15075e-07;0.000934842;1.45673e-05;1.64477e-06;4.98294e-05;7.55593e-05;2.63881e-05;0.0116862
1.66867e-07;0.990127;0.000115273;1.4604e-06;0.00114495;0.000244541;0.000183115;1.83289e-06;6.17782e-11;0.00211146;2.00554e-08;1.1141e-06;4.83523e-07;0.00606813
5.78417e-13;5.99404e-11;1;3.27153e-13;9.75142e-13;2.41807e-13;1.10913e-13;1.33204e-13;2.32778e-14;4.14823e-15;2.43905e-14;6.40401e-10;5.83607e-13;1.59402e-15
1.73048e-06;0.867277;1.58366e-05;3.94394e-06;3.41283e-06;4.01983e-05;4.65077e-07;0.0171901;1.66546e-05;1.23677e-07;2.17581e-06;0.000140756;0.115307;5.99882e-08
7.50998e-06;0.388724;1.82759e-06;0.000342848;0.035627;0.0737608;2.90418e-07;0.278327;5.62161e-05;2.5196e-05;1.71742e-05;4.91593e-05;0.222552;0.000508466
0.000708053;0.494607;0.0122161;0.00141531;0.0279892;0.00349252;5.62255e-06;0.0889494;9.03199e-06;0.00038888;0.000177802;0.28059;0.0881952;0.00125604
8.03186e-06;0.186274;1.70566e-07;2.52146e-05;3.23388e-06;2.91502e-07;0.704118;2.57768e-06;1.27717e-05;0.108548;2.43734e-05;3.08046e-07;2.26442e-07;0.000983
5.10809e-09;2.55549e-11;1;4.41461e-09;2.28755e-09;2.22135e-11;5.65211e-08;1.0196e-11;3.07893e-08;1.03019e-09;7.3256e-09;8.59161e-09;1.50713e-11;4.04982e-12
0.000467759;0.756504;5.29845e-07;2.62847e-05;0.00504352;3.10156e-06;0.000196977;0.145651;0.0903003;4.30256e-05;0.00114775;9.88314e-05;0.000460943;5.60391e-05
3.5054e-05;0.00311675;0.043454;2.96531e-05;0.000992629;1.55764e-05;3.83868e-07;2.65918e-05;2.50462e-06;1.61377e-05;8.43853e-06;0.951961;0.000268373;7.29725e-05
1.34845e-05;0.951156;1.30353e-09;5.31036e-07;0.000307907;1.2237e-08;5.4042e-06;0.0475483;0.000266112;7.8176e-08;1.3825e-05;0.000422654;0.000261507;4.38459e-06
1.73022e-05;0.929807;0.0465372;1.38577e-05;0.000458144;8.13891e-06;9.63156e-08;1.06144e-05;2.33048e-07;3.4724e-06;2.86922e-07;0.0126655;0.00994365;0.000534841
0.000242205;0.65146;2.77454e-08;6.17818e-06;0.00436931;5.17984e-05;0.000242102;0.200537;0.0141978;1.77977e-05;0.000140921;0.0561684;0.0722747;0.000291947
9.87108e-06;0.000356872;0.345914;3.56556e-05;0.0150811;0.00147206;1.60235e-08;5.60437e-07;5.68346e-08;1.22188e-06;5.92553e-07;0.627622;0.0067703;0.00273594
0.000738507;0.745072;4.14576e-05;8.9697e-06;2.35221e-05;1.34013e-05;0.000252662;0.0580091;0.00759933;1.75083e-06;0.00524062;0.00238965;0.1806;9.77643e-06
0.000164307;0.0914618;0.00255702;6.27143e-05;0.000178388;2.03462e-05;5.88991e-05;0.0068693;0.00217746;6.75309e-06;0.00125308;0.876722;0.0184078;6.01053e-05
0.0028891;0.887307;0.00068757;5.62784e-05;0.00603035;0.000403582;2.51286e-05;0.0719884;0.00145856;7.85404e-05;3.26739e-05;0.0042492;0.00571798;0.0190754
0.00331021;0.0677868;0.000109828;1.62294e-05;0.00178648;0.000616983;0.000468138;0.735969;0.0165575;4.81792e-05;0.000156073;0.128917;0.0392908;0.00496637
0.000190857;0.00211184;9.4478e-07;2.59981e-05;0.000667;4.39989e-06;6.76462e-06;0.960981;0.000707265;8.00449e-07;0.000118953;0.000492868;0.0346341;5.75196e-05
1.04492e-07;0.999964;4.15104e-08;1.42022e-09;1.62436e-08;1.70897e-10;3.23069e-09;1.43345e-05;1.49635e-09;2.32802e-09;7.76203e-10;1.07698e-05;9.98976e-06;4.53868e-07
1.56508e-07;0.000878462;1.62059e-08;7.75888e-07;1.03565e-05;3.87746e-07;0.00149082;5.40138e-06;1.96162e-07;0.00105801;2.98532e-07;1.56341e-07;8.22764e-09;0.996555
2.98461e-06;1.78702e-06;0.99913;6.37428e-06;9.30496e-09;1.25396e-07;0.000666217;2.87091e-05;5.20756e-05;8.77102e-07;0.000110303;2.1734e-07;7.38453e-07;9.77122e-09
5.54039e-07;1.23152e-05;1.06693e-09;6.03073e-10;2.38068e-08;4.81776e-10;8.31749e-08;0.999984;2.99507e-06;1.07978e-09;2.15998e-08;1.15025e-11;5.02231e-07;7.39387e-10
1.29111e-06;0.997692;5.18522e-06;1.23759e-07;2.13819e-07;1.17209e-08;0.00204154;5.54113e-08;1.54958e-06;6.13886e-05;1.06394e-08;4.10967e-05;3.49325e-08;0.000155492
2.27809e-09;3.28452e-09;1;6.03283e-09;1.05806e-09;5.67434e-11;1.39191e-08;1.14194e-09;7.00896e-08;7.31788e-11;8.37724e-09;4.50819e-09;2.64819e-11;5.65908e-11
2.80422e-08;0.958337;8.45499e-10;1.30584e-09;1.82854e-10;2.82714e-10;2.30885e-08;3.94583e-07;2.26037e-08;9.32869e-11;2.88734e-08;0.000103651;0.041559;3.39679e-11
1.17762e-05;0.242469;0.000249558;0.00030285;0.00285316;0.0219936;4.56929e-06;0.0136344;4.51196e-05;1.4733e-05;1.70544e-05;0.342487;0.373954;0.0019633
5.32038e-06;0.966063;0.00584805;0.000130176;0.000615017;0.00252598;1.14837e-06;0.00644689;1.26556e-06;6.43016e-06;5.61064e-06;0.00262675;0.0035381;0.0121864
1.61177e-05;0.0563432;2.48017e-06;3.29719e-06;4.19192e-07;2.1066e-06;7.85643e-07;0.00296852;1.0352e-06;6.57731e-08;1.71337e-05;0.680848;0.25979;6.94199e-06
0.000268359;0.594303;0.000838054;5.16881e-05;0.000126664;3.63432e-05;1.95406e-06;0.234002;6.74902e-05;5.28411e-07;0.000513636;0.0056701;0.163834;0.000286264
9.14828e-07;0.999627;6.13309e-08;5.21664e-07;5.02087e-08;6.58103e-08;0.000145647;9.47832e-07;2.97334e-07;4.06092e-05;1.20396e-06;1.04682e-06;1.43693e-06;0.0001802
1.28048e-10;7.34897e-12;1;2.77268e-09;1.89708e-09;4.63134e-10;2.51116e-08;6.42723e-11;5.09226e-10;5.97268e-10;9.04354e-09;1.50385e-08;1.03314e-11;3.7252e-13
2.8568e-07;0.0183862;7.66352e-08;2.3974e-07;1.08277e-07;2.3959e-07;0.978896;2.59142e-07;1.76146e-06;0.00263161;6.34123e-05;7.4448e-10;1.26663e-08;1.99849e-05
1.28155e-09;1.15716e-10;1;7.8889e-10;2.44069e-11;2.46228e-11;1.34879e-07;1.92329e-11;2.4882e-09;8.60691e-10;9.20106e-08;5.00765e-09;1.03568e-10;4.54626e-12
0.000308979;0.649603;5.67594e-05;6.26796e-05;0.000421027;4.34084e-05;0.000257027;0.0770641;0.000740341;3.66079e-05;0.00186072;0.1137;0.155737;0.000108882
3.33992e-05;0.318776;3.60717e-07;3.97443e-05;8.716e-05;0.000102946;0.500262;0.00010239;7.15117e-05;0.176321;0.000145314;1.14784e-08;8.48673e-05;0.0039741
1.20261e-09;1.23482e-10;1;1.05919e-09;1.94977e-11;1.10931e-11;1.65379e-08;1.12634e-12;6.12731e-10;2.49163e-10;1.82474e-09;1.39914e-07;2.28844e-10;3.46563e-12
2.47691e-06;0.9872;3.30902e-07;2.3119e-07;3.32189e-08;5.20819e-08;0.0127261;1.39392e-05;8.66788e-06;1.07667e-05;6.62631e-07;1.02228e-07;5.36044e-06;3.16181e-05
1.03959e-12;8.21893e-13;1;1.06428e-13;3.58332e-13;6.92261e-15;1.05353e-12;1.24721e-14;7.5846e-13;1.41158e-13;1.09579e-13;6.54512e-11;1.77432e-14;2.13582e-13
3.82511e-06;0.936442;5.03391e-09;1.82482e-07;6.41831e-05;5.30901e-07;2.24142e-07;0.0574485;7.4779e-06;3.71633e-07;3.11386e-06;0.00144398;0.00104045;0.00354564
8.11802e-07;0.00457213;2.09354e-05;5.05598e-07;5.5579e-05;0.000412568;1.48405e-08;0.000547064;1.39467e-07;8.41414e-07;1.69472e-07;0.991019;0.00264806;0.000722305
2.46172e-07;0.984051;9.98458e-09;3.98422e-08;1.84943e-08;1.60538e-08;0.000653253;8.5463e-06;4.79079e-09;2.94137e-05;6.62688e-09;2.95035e-07;4.80371e-07;0.015257
7.14154e-11;4.10174e-11;0.999999;3.1929e-11;4.24315e-12;6.26758e-12;1.25183e-10;5.9146e-12;4.84367e-12;1.83738e-11;2.2731e-11;8.58969e-07;4.11223e-10;4.7412e-13
1.3864e-05;0.315344;3.89414e-07;8.7522e-05;0.000106112;4.31477e-06;1.81993e-05;0.00267875;0.000259733;1.24538e-06;0.000783656;0.00918809;0.671506;8.18689e-06
4.60207e-05;0.244331;1.94298e-08;0.000216923;0.000196278;0.00103362;2.67353e-06;0.551714;0.00100215;3.93618e-06;0.000226208;0.158968;0.042189;7.01091e-05
5.51202e-05;0.879292;1.58223e-06;0.000161714;0.000132441;0.000354575;7.07368e-05;0.0771073;0.00145418;6.24508e-05;0.00345965;0.00196758;0.0358024;7.86762e-05
0.00223236;0.0936357;0.00983152;0.00459358;0.0108591;0.00023081;2.13218e-05;0.0510515;0.000309259;0.000279081;0.00162494;0.822239;0.00211134;0.000980905
0.0436907;0.640879;7.36947e-06;4.23221e-05;0.00063288;6.42024e-05;4.54417e-05;0.108031;0.175665;4.77767e-06;0.002139;0.00118696;0.0256203;0.00199059
0.00429914;0.748116;1.31336e-06;5.65601e-06;0.00476543;2.97125e-06;2.95262e-05;0.154385;0.00230473;0.00010736;3.14342e-05;0.0329329;0.00183974;0.0511788
0.00246503;0.426181;0.188053;0.000310797;0.210864;0.000128515;1.92529e-05;0.00464896;6.31916e-05;0.00168549;8.79378e-06;0.0581728;9.03897e-05;0.107309
0.00174091;0.00550146;9.26403e-07;5.25304e-05;0.000601732;5.51031e-06;0.0110862;0.0147139;0.909795;4.44158e-05;0.0390299;0.0110791;0.00282709;0.00352149
6.38922e-06;0.999573;3.31259e-08;5.90079e-07;1.72154e-07;5.4982e-08;5.06869e-06;2.01233e-05;1.39344e-05;1.58717e-07;2.66608e-05;0.000245522;6.40957e-05;4.44057e-05
6.22908e-06;0.999217;1.30444e-08;1.16403e-08;9.26509e-08;3.43946e-08;1.00915e-07;2.08392e-06;7.4015e-08;1.05854e-08;4.70214e-08;0.000178101;0.00059293;2.92829e-06
4.7475e-07;0.00880428;7.09717e-08;3.62802e-07;2.14213e-05;1.5276e-05;3.42153e-10;5.64909e-05;1.91056e-07;4.47491e-09;4.54743e-07;0.990613;0.000367625;0.000120407
4.66041e-05;0.98182;5.70074e-06;4.31635e-06;0.000550552;9.29081e-06;1.74757e-06;0.00553761;3.43162e-06;1.83624e-06;2.16846e-05;0.000154856;0.00744836;0.00439407
2.75466e-06;0.000450022;1.89593e-05;2.34758e-06;1.30564e-05;0.000475391;9.50717e-07;2.4801e-05;9.86234e-07;1.45464e-07;4.57652e-06;0.988929;0.00987042;0.000206704
2.86517e-07;0.999606;2.15688e-08;1.31125e-07;2.70766e-08;1.5e-07;1.16828e-05;8.07823e-05;1.09822e-07;8.95527e-07;4.58705e-08;4.35482e-08;1.81608e-06;0.000298017
3.71081e-11;7.3226e-11;1;1.46449e-10;1.68076e-10;2.2125e-11;3.78992e-11;2.2868e-12;1.14815e-11;2.88024e-11;9.96117e-11;1.49968e-08;4.04275e-12;1.09008e-11
1.22229e-05;0.0283239;1.13118e-05;2.91023e-06;0.000887767;0.000117275;1.87399e-05;0.967716;0.000871352;7.96222e-06;7.37671e-05;3.50587e-05;0.00177812;0.000143544
2.39101e-05;0.734266;2.10053e-07;1.84454e-05;3.16298e-05;3.16421e-05;0.000716015;0.242803;1.19098e-05;0.000211949;1.7916e-05;3.10219e-05;0.0217813;5.45538e-05
4.36077e-08;1.62472e-08;0.999999;5.33299e-08;2.67224e-10;1.34782e-10;3.22184e-07;2.80352e-09;2.71418e-07;5.86655e-09;6.55875e-07;1.184e-07;6.38951e-09;1.06699e-10
0.000343899;0.0943447;0.0317116;0.000106648;0.000667029;1.79936e-05;2.05163e-05;0.78744;0.000982708;5.30664e-06;7.40952e-05;0.0356117;0.0134642;0.035209
1.56688e-09;0.998842;1.69395e-11;1.6676e-10;2.82721e-09;2.47365e-09;3.02407e-07;1.6096e-09;3.88346e-12;3.89655e-07;1.71477e-11;7.16331e-12;6.93528e-08;0.00115746
1.71376e-12;1.01684e-12;0.999999;5.83757e-13;6.44329e-11;1.8469e-12;2.49902e-12;3.62095e-12;4.17705e-15;2.53531e-12;3.70831e-14;1.40415e-06;2.66521e-14;7.36764e-12
5.47761e-06;0.825474;3.74649e-05;0.000475126;3.38131e-05;7.39897e-05;0.0482638;0.0186438;0.0070317;2.68887e-05;0.00943933;0.000109843;0.090381;3.89251e-06
5.94426e-07;0.987168;6.85299e-09;1.44493e-06;1.73686e-06;5.56415e-06;4.1698e-07;0.00044583;9.37214e-07;1.28751e-06;4.02618e-06;2.57136e-06;0.0123147;5.30807e-05
2.26058e-07;0.97878;4.60925e-10;2.4389e-08;1.01193e-09;3.69958e-09;2.75295e-07;2.60321e-08;8.77876e-09;1.48432e-08;1.70221e-07;0.000415637;0.020804;3.83519e-09
8.18536e-07;0.0069931;1.28452e-07;8.87824e-08;0.000447489;3.51844e-06;7.27224e-10;0.000276935;5.41284e-08;8.09255e-09;3.26313e-07;0.991316;0.000376969;0.000584932
1.01482e-06;0.975275;2.52455e-08;2.27526e-07;1.2788e-05;7.76215e-08;5.44553e-08;0.0238294;1.31354e-06;1.31256e-08;3.26386e-06;8.55776e-05;0.000777055;1.42676e-05
5.44983e-06;0.0140392;1.25057e-05;4.00749e-08;1.16247e-06;1.75544e-06;2.49153e-08;0.000345542;7.65049e-08;1.0811e-08;1.23843e-07;0.984493;0.00108069;1.99917e-05
1.40919e-07;0.995151;3.57757e-08;1.84105e-07;1.84358e-07;5.05385e-08;1.68681e-05;0.00464976;2.19273e-07;1.94459e-06;4.91022e-08;1.28813e-07;9.02883e-07;0.000178489
1.14284e-10;4.3587e-10;1;5.66366e-10;3.24545e-10;1.1833e-11;1.18461e-09;6.66017e-11;5.88039e-10;9.9308e-11;2.889e-09;1.41956e-07;3.82256e-11;2.0292e-12
5.25489e-06;0.00295871;3.46653e-07;3.62462e-07;0.000486609;3.32609e-05;6.36116e-05;0.995326;0.000661123;1.33251e-05;6.45589e-05;9.66608e-05;0.000202163;8.84256e-05
1.2546e-05;0.000596055;4.97219e-08;5.60546e-06;1.29582e-05;1.89231e-06;3.81402e-06;0.98956;0.000112269;9.23772e-07;0.000118643;0.000557156;0.00901461;3.06275e-06
0.000527555;0.0929361;2.46678e-05;5.89903e-07;3.27989e-06;4.70029e-08;3.38811e-06;0.878996;2.04095e-06;5.14592e-06;4.74267e-07;0.0196196;0.00780372;7.7665e-05
2.50669e-07;0.000821379;1.2169e-06;4.99099e-07;4.69554e-06;5.66316e-07;9.8257e-08;2.52037e-05;5.16758e-07;3.06267e-08;7.37619e-07;0.997736;0.00133284;7.62685e-05
1.118e-06;0.0108864;2.91012e-08;1.38747e-06;5.03242e-05;1.54592e-06;6.80478e-07;0.00469028;1.85068e-07;7.06311e-08;2.12992e-06;7.19937e-05;0.984247;4.69928e-05
4.72096e-05;0.0041672;1.46511e-08;0.000757567;0.879678;0.0350162;0.000176549;0.0007981;1.8203e-05;0.0107844;1.66466e-06;3.99598e-08;0.00246437;0.0660903
3.30737e-06;7.67885e-08;0.999986;1.19897e-06;3.84408e-09;9.18917e-10;1.26249e-06;1.12347e-09;7.31279e-06;5.96337e-08;3.39863e-07;1.56846e-07;7.63794e-09;1.46935e-10
7.95008e-05;0.000382042;0.992804;0.000174474;1.16719e-05;7.05189e-06;1.34531e-05;0.000974993;0.00151835;9.58627e-07;2.66284e-05;0.00395411;4.43185e-05;8.20501e-06
6.59822e-06;0.000806669;1.48448e-06;5.19863e-05;0.000108244;0.017701;1.89295e-07;7.38035e-06;0.000101943;3.468e-07;2.11826e-05;9.10283e-07;0.00554495;0.975647
0.000176066;0.970539;0.000162112;8.62269e-07;0.00902921;8.8789e-05;2.40296e-07;8.73007e-05;3.57059e-07;5.48031e-07;5.4806e-07;3.24102e-05;0.00966;0.0102226
1.2081e-06;0.987361;4.54132e-09;5.02132e-09;1.69191e-05;9.46432e-09;1.54176e-06;0.00012605;6.7342e-08;4.70278e-07;1.31188e-09;7.22244e-09;1.12962e-07;0.0124924
6.41817e-09;5.04076e-08;0.999953;3.40202e-10;4.40378e-09;2.83598e-11;2.03123e-09;4.78702e-08;9.15194e-11;7.81449e-10;7.90505e-12;4.66607e-05;3.12269e-10;5.15367e-10
3.3298e-06;0.000296171;1.48514e-08;1.39525e-05;0.000250152;0.00141783;1.49281e-05;0.995704;0.000300223;3.01419e-05;3.76135e-05;3.62614e-05;0.000815559;0.00107957
1.10142e-05;0.991574;2.29692e-06;3.51131e-05;4.7784e-06;1.35024e-06;1.05488e-05;0.00747261;3.20384e-06;2.38054e-06;1.43134e-05;2.88871e-05;0.000750994;8.85614e-05
6.59515e-06;0.992752;1.4491e-06;0.00024033;0.000460904;4.63361e-05;9.71147e-07;0.000388819;1.27029e-05;1.28388e-06;3.7416e-07;0.000146589;0.000611237;0.00533076
7.25163e-06;0.00237538;1.19033e-08;4.0028e-05;1.64096e-05;5.09544e-06;7.68328e-07;0.997249;1.04771e-05;7.39451e-07;1.04254e-05;0.000271762;3.98736e-06;9.20864e-06
0.00140428;0.96204;3.31533e-05;0.000170922;0.000102722;2.06808e-05;0.00118876;0.0248475;9.27312e-05;3.81047e-05;0.000776015;0.000154005;0.00897524;0.000156094
6.68306e-07;0.0918473;6.75404e-10;1.49657e-06;1.51073e-06;2.1053e-06;4.08411e-09;6.85391e-05;8.73732e-07;7.17223e-09;1.17743e-06;0.00025909;0.907758;5.95947e-05
6.68766e-07;0.0218673;3.21483e-05;8.44876e-06;0.000317509;1.24057e-06;7.76881e-08;0.000372508;1.59548e-07;7.28176e-07;1.65614e-06;0.97616;0.000264808;0.000972327
8.96929e-06;0.0677023;1.61711e-05;0.00411315;0.055349;0.000213077;1.75132e-06;0.83964;7.83896e-05;1.07892e-05;0.00460922;0.00252514;0.0256729;5.93088e-05
1.78729e-05;0.0397885;0.000148775;6.0719e-06;2.99576e-06;1.82782e-05;1.009e-05;0.0049565;1.39937e-07;7.30035e-06;4.12241e-06;6.76212e-07;0.955037;2.05136e-06
1.94144e-10;3.49356e-10;1;1.51696e-10;7.52799e-13;1.81967e-12;1.94582e-10;1.47141e-11;6.0588e-11;1.66647e-11;4.89196e-10;1.36814e-09;1.30973e-09;3.11537e-13
2.67908e-06;0.00126591;0.0847914;8.88565e-05;0.000261134;2.83692e-05;9.42823e-07;0.0140732;2.07767e-05;1.49688e-06;9.0004e-05;0.897857;6.66424e-05;0.00145146
3.54723e-05;0.967113;5.52597e-05;2.37923e-05;0.000223998;0.000587704;8.40315e-06;0.00190562;3.03326e-05;7.29827e-06;0.000148817;0.000670077;0.0291117;7.82283e-05
3.2258e-07;0.00391339;0.107427;9.72781e-09;1.86127e-05;3.22191e-08;5.57053e-10;9.61527e-07;2.93636e-11;2.85371e-08;7.53953e-10;0.888471;1.0162e-07;0.00016896
5.63434e-06;0.711871;1.02137e-07;4.06285e-07;0.000969822;1.88812e-05;0.0057774;0.280366;1.18087e-06;0.000180879;3.38599e-07;3.27205e-08;0.000731928;7.64529e-05
1.64637e-07;2.26207e-06;0.999854;5.33839e-08;3.34703e-07;2.86132e-09;7.35351e-09;2.87042e-05;6.50078e-09;2.90703e-09;4.89477e-10;0.00011446;8.02e-08;3.04859e-09
9.72173e-07;0.996346;1.21133e-08;9.15886e-06;3.98697e-06;2.70682e-06;2.1789e-07;0.00253341;1.27826e-06;1.14777e-06;2.8299e-08;0.000951867;0.000147817;1.78942e-06
5.3149e-06;0.979777;9.966e-07;2.24614e-06;1.50689e-07;1.08729e-06;1.10783e-06;0.00171242;6.30137e-07;2.43248e-07;8.30182e-06;0.000663193;0.0178276;5.61023e-08
1.51336e-06;0.0202745;8.61979e-09;3.31111e-05;0.00251171;0.000900262;4.89268e-07;0.000338046;5.52708e-08;1.71963e-05;4.64311e-07;0.000137324;0.00114873;0.974637
2.31151e-05;0.000108133;2.23635e-11;8.20357e-06;3.6587e-07;1.66028e-06;6.35883e-07;0.000478868;3.18508e-05;5.75223e-09;6.57198e-05;0.000555868;0.998725;7.75506e-07
0.000216155;0.0221252;1.35021e-07;0.000104597;7.1202e-06;1.35168e-06;8.57702e-07;4.9817e-05;9.1088e-05;2.63613e-06;7.98011e-05;0.964642;0.0125986;8.08495e-05
3.17491e-06;0.99895;1.25543e-10;7.10536e-08;2.04806e-08;1.8917e-08;4.33077e-07;2.52952e-06;6.63023e-07;1.88473e-08;5.44994e-07;6.58161e-07;0.00104055;8.33027e-07
0.000131473;0.942767;8.60326e-06;2.61594e-05;0.000432196;1.89879e-06;9.81655e-07;0.00125217;2.75628e-06;1.05697e-06;1.79365e-06;0.0257318;0.00453124;0.0251109
2.99397e-06;0.000834011;1.03023e-05;7.00048e-05;0.0138098;0.00015316;2.80736e-07;0.0142559;8.68677e-09;2.80844e-06;1.4271e-06;9.34332e-05;0.0190557;0.95171
3.6959e-07;3.52137e-06;1.68339e-08;5.93589e-07;3.43682e-09;2.692e-05;2.83746e-07;8.31461e-07;2.32522e-06;7.80945e-08;2.0139e-05;2.86858e-08;0.999945;4.12623e-08
4.39934e-09;4.92866e-07;0.999999;2.3454e-08;9.4031e-10;9.13681e-10;9.4796e-10;3.16243e-10;1.78747e-10;2.30761e-08;1.23595e-10;8.75347e-08;1.98636e-10;7.94786e-09
1.61667e-06;0.995957;7.00338e-07;6.54305e-05;2.06927e-05;1.28668e-05;9.33963e-06;0.00262873;7.88276e-05;1.24482e-06;0.000798682;1.95129e-06;0.000364362;5.83944e-05
