1.56741e-06;0.99996;5.85598e-06;8.73936e-06;5.93415e-07;1.72823e-08;2.52268e-08;4.15064e-06;6.13815e-08;5.09261e-08;1.35448e-07;6.49552e-06;1.12815e-05;1.13691e-06
4.22416e-05;0.84016;4.28926e-06;2.70654e-07;1.60665e-06;4.26607e-07;6.78415e-07;0.159404;1.25699e-07;1.77909e-06;1.088e-07;2.04246e-06;0.00037209;1.09365e-05
5.28309e-07;0.00213189;0.00582155;5.1979e-06;5.77146e-05;2.5533e-05;3.90062e-07;0.000120027;3.08609e-07;2.62342e-06;2.28835e-06;0.991759;1.17145e-05;6.14282e-05
5.92321e-06;0.468513;5.70283e-07;7.57575e-06;0.00017442;3.64505e-05;1.94621e-06;0.363185;0.000113198;2.12653e-07;0.000118037;0.000869685;0.166963;1.01602e-05
2.91877e-05;0.228581;5.22136e-05;2.43733e-05;0.000171108;3.55613e-06;3.66975e-06;0.000226476;4.92785e-05;4.07558e-06;6.93437e-05;0.757157;0.01357;5.91144e-05
0.00018224;0.648496;5.67414e-06;2.54308e-06;0.000551367;4.64553e-06;4.93437e-07;0.00534204;4.0091e-05;7.86585e-07;3.80371e-07;0.0029062;0.342466;1.40405e-06
0.000207351;0.80376;1.75913e-05;7.43217e-06;0.000142952;0.000556619;5.28278e-07;0.160822;0.000238942;1.4095e-05;5.50117e-07;0.00146982;0.0271386;0.00562335
0.000626324;0.116794;7.02054e-06;0.000849402;0.0206612;0.029908;3.09571e-05;0.623568;0.000848567;0.00050345;5.99227e-05;0.0716989;0.104624;0.0298206
5.83843e-05;0.993037;5.57841e-06;4.3098e-05;2.58098e-06;7.33059e-06;1.74262e-05;0.000144383;0.000116094;1.92345e-06;9.08897e-05;0.000206017;0.00511692;0.00115201
1.38868e-06;0.728679;2.71879e-08;6.92179e-07;8.52336e-06;2.91081e-07;6.55486e-07;0.000431165;1.30254e-06;9.2768e-08;1.1911e-05;0.261652;0.00901856;0.000194324
1.05682e-05;0.0416434;3.52303e-06;2.92366e-05;0.022306;7.15166e-05;1.05029e-06;0.499508;6.1782e-07;7.72653e-06;4.66502e-06;0.16771;0.26703;0.00167407
0.00017832;0.278134;8.70067e-05;0.000218932;0.00593096;0.00545726;0.000106262;0.0641249;3.42468e-05;0.00075533;4.71229e-05;0.00199308;0.640926;0.00200614
5.99843e-05;0.000557666;4.47595e-07;8.57072e-05;2.59929e-05;5.06736e-06;3.24135e-06;0.0484048;0.000305751;3.04294e-07;0.000312827;0.0156073;0.93463;1.00594e-06
1.89948e-06;0.00364163;7.40612e-10;4.76309e-07;1.30604e-05;1.73752e-08;2.60126e-08;0.996329;4.85287e-06;2.90988e-08;6.03265e-07;5.38496e-06;1.29589e-06;1.73646e-06
2.15788e-06;0.00231133;0.996829;2.69007e-05;3.21203e-05;4.26445e-05;6.52502e-05;1.97378e-06;3.98778e-08;0.00045849;1.48772e-06;1.5123e-07;0.000220721;8.08103e-06
3.29279e-10;1.28304e-12;1;5.4717e-11;4.57917e-11;4.02599e-12;3.86641e-10;4.98108e-10;1.2072e-10;7.18735e-12;1.51761e-09;2.07137e-08;1.20982e-12;7.4162e-12
5.62946e-08;0.000633117;0.00114888;4.17148e-08;4.85836e-07;3.94757e-07;2.84119e-08;2.56043e-06;7.17838e-08;5.84718e-09;1.86418e-07;0.998201;5.26712e-06;8.28429e-06
3.05122e-05;0.259316;9.49807e-08;3.64184e-06;0.0017766;0.00564038;7.6996e-07;0.0654582;8.80124e-05;4.86307e-07;0.000275466;0.000231611;0.661939;0.00523975
8.98334e-08;0.00122936;3.6841e-11;2.75446e-08;7.37611e-06;8.57029e-08;3.94409e-11;1.62907e-05;1.86012e-08;5.24127e-10;6.16275e-08;0.998069;0.000677729;1.0086e-08
1.63434e-06;0.00129324;2.59488e-10;2.89162e-08;1.38871e-06;1.49594e-07;2.13628e-09;0.998678;1.65117e-06;7.29971e-10;2.4721e-09;1.81073e-09;2.40742e-05;1.02364e-09
6.55153e-07;0.978504;1.03954e-08;1.03881e-07;3.4876e-09;3.15085e-09;2.85145e-09;3.27938e-07;7.80568e-09;8.1594e-09;7.68857e-09;0.0180901;0.00340498;1.11099e-09
0.000164229;0.90495;7.76411e-08;7.08313e-05;7.61155e-05;1.44315e-05;1.51869e-05;0.00220766;8.6744e-06;4.64722e-05;5.5999e-05;0.080877;0.00186934;0.0096437
5.0534e-06;0.99574;3.28512e-09;2.0118e-07;3.45799e-09;5.31674e-08;0.0033485;3.17268e-07;1.44749e-07;0.000162011;2.64497e-06;1.64969e-06;3.01467e-07;0.000739007
7.23001e-10;4.16417e-11;1;2.59254e-09;3.66722e-12;1.49518e-12;3.19081e-09;6.35326e-13;1.87354e-08;2.41583e-10;1.26701e-08;7.08909e-09;5.08042e-13;1.07109e-12
2.25749e-06;0.992397;1.76322e-07;6.35756e-07;6.58818e-09;9.4045e-09;4.22687e-07;3.64434e-07;2.87886e-07;4.87066e-08;1.63678e-06;1.30778e-08;0.00759752;3.56091e-08
1.22852e-07;0.000111449;2.04167e-08;9.4955e-09;5.32905e-09;1.38993e-10;2.10571e-09;4.55619e-06;3.42574e-08;1.67282e-10;9.64667e-07;0.999879;4.11515e-06;5.52518e-08
3.1549e-07;0.00253604;3.34451e-07;1.47786e-06;0.00146599;5.41899e-06;1.16368e-09;0.994801;5.30003e-09;2.24074e-08;2.86075e-08;1.27586e-06;0.00115911;2.91187e-05
9.2137e-09;3.57004e-07;1.8126e-12;1.12184e-09;5.78259e-10;3.91876e-07;1.4668e-11;2.10365e-09;2.07847e-09;2.46217e-10;1.44859e-09;9.03444e-08;0.999999;3.57852e-09
1.2143e-08;1.78633e-07;1;9.39854e-09;2.38187e-10;1.58867e-10;9.57845e-11;1.31578e-09;4.79228e-10;1.30924e-08;1.83228e-10;1.70702e-07;1.87863e-10;9.65474e-10
6.79164e-07;0.993897;3.08483e-05;1.80171e-05;1.60478e-06;8.31549e-07;3.64311e-06;0.00550545;0.000102772;8.6503e-07;0.000154636;4.63738e-06;0.000243829;3.49428e-05
