1.39873e-06;0.999397;2.37383e-05;1.59341e-05;9.41621e-07;3.18878e-07;6.0916e-08;3.01456e-06;4.44167e-08;3.76414e-07;5.2736e-08;5.00254e-05;0.000506506;2.93689e-07
0.000162686;0.970432;1.09862e-05;0.000148529;5.80743e-05;3.07138e-05;1.48724e-06;0.00633572;9.11164e-05;4.94626e-06;0.000128635;0.0194827;0.0028055;0.000306827
1.18252e-05;0.998992;6.0822e-07;1.19905e-06;6.31879e-06;7.10259e-08;1.65337e-06;0.000470416;1.60236e-06;6.14086e-07;1.58998e-05;0.000358488;0.000120899;1.84611e-05
7.566e-06;0.0390741;1.20162e-06;5.12918e-06;7.16417e-07;2.50608e-06;2.34878e-06;5.93325e-05;2.04502e-06;9.16044e-07;7.2239e-06;0.954166;0.00665916;1.19333e-05
2.28415e-07;0.999217;2.0363e-08;1.71266e-07;1.20273e-08;5.29573e-08;0.00047496;2.7794e-06;2.61203e-07;8.63567e-05;1.12318e-07;2.08228e-08;7.46383e-07;0.000217287
2.41457e-10;1.13085e-10;0.999998;4.86133e-09;1.27763e-11;3.96124e-11;6.76691e-10;1.70202e-11;2.2041e-09;1.4655e-10;7.02592e-09;1.61471e-06;3.00693e-10;7.52691e-13
1.91516e-08;8.48054e-05;2.2546e-12;2.8929e-09;4.2682e-07;3.31478e-10;1.11057e-09;0.999914;1.38828e-07;7.28297e-10;2.3541e-08;5.54456e-08;1.37664e-07;3.77881e-10
1.74923e-07;0.000219793;0.999621;3.24661e-06;5.84666e-06;2.19941e-05;5.68111e-06;3.73146e-08;4.89972e-09;8.70078e-05;6.36197e-08;1.15274e-08;2.77865e-05;7.21273e-06
1.14772e-09;2.24991e-11;1;2.68363e-11;1.1661e-11;2.65345e-12;8.06135e-10;4.24526e-10;1.02313e-09;1.10278e-11;1.30449e-09;7.54151e-08;1.26355e-12;7.62241e-12
1.06583e-08;6.19336e-06;9.47661e-05;1.20179e-08;1.14909e-07;2.09434e-08;2.11718e-09;1.15507e-06;5.90789e-07;1.00114e-09;9.41208e-08;0.999896;4.04107e-07;1.87736e-07
7.06452e-07;0.972859;4.41184e-10;4.94243e-10;6.94601e-08;4.56886e-06;3.54627e-08;1.71913e-06;9.75535e-08;7.33916e-10;9.42508e-09;6.20242e-08;0.0271334;2.08119e-08
1.39808e-08;3.68759e-06;2.70736e-06;7.21491e-09;9.9898e-05;2.0655e-06;4.22606e-12;8.066e-07;2.40281e-09;1.85497e-10;3.67685e-10;0.999886;4.19124e-06;3.2121e-07
1.56289e-07;0.000127346;3.11862e-08;9.25267e-10;1.062e-06;5.76603e-08;4.57751e-11;0.999816;1.30586e-08;2.96393e-11;2.27451e-11;3.26885e-10;5.51101e-05;1.32182e-08
2.19682e-06;0.97884;3.62767e-07;1.62305e-05;1.69148e-05;1.28492e-05;9.89385e-09;0.00577871;1.23612e-06;1.19176e-06;4.17506e-08;0.0002511;0.0150775;1.75819e-06
2.49553e-06;0.993168;0.000192735;0.00145976;5.24919e-05;1.54687e-05;9.11824e-06;3.46036e-06;4.14156e-08;0.00492517;3.70862e-08;9.05545e-05;9.10048e-06;7.19708e-05
1.83415e-08;2.36808e-09;0.999999;2.04214e-08;1.14371e-10;8.71578e-11;5.61659e-08;2.76198e-10;3.36446e-09;6.06213e-10;4.55262e-08;6.03894e-07;7.1099e-09;8.4106e-13
1.07295e-05;0.00663246;1.07088e-08;1.04017e-05;0.00337334;1.19253e-05;2.96979e-06;0.984323;0.00104855;1.63496e-06;0.000656897;0.00310134;0.000464412;0.000362052
0.000151175;0.903637;0.0357739;0.00249655;0.00455542;0.00145726;7.8456e-05;0.000345199;8.1372e-05;0.000560079;0.00220716;0.000404905;0.00490335;0.0433484
1.08724e-05;0.977964;4.99602e-08;4.79242e-09;3.20807e-09;6.95105e-10;5.79649e-06;3.25752e-07;1.951e-07;8.66314e-09;1.57802e-06;0.0152071;0.00681012;8.36336e-09
1.04249e-08;3.44327e-06;1.28578e-09;7.37925e-08;2.80822e-05;6.44523e-07;4.86405e-11;0.000822117;6.10202e-06;1.0313e-10;1.31999e-06;0.999138;4.01617e-07;2.52983e-07
4.23008e-07;0.514152;8.19761e-11;6.4157e-09;3.18883e-08;7.38852e-08;1.04057e-09;5.29779e-05;7.15106e-08;9.14057e-11;7.06518e-08;9.4322e-06;0.485785;7.32033e-08
1.25162e-05;0.00151344;1.49371e-08;1.71793e-07;4.49777e-05;6.56662e-07;9.76579e-10;0.0829331;7.39546e-06;3.57206e-08;7.69623e-08;0.913143;0.00217181;0.000172547
4.28377e-06;0.0705069;0.840348;0.000259332;0.00394957;0.000523841;2.71993e-09;0.0015007;2.20122e-08;8.18345e-06;2.88403e-07;6.45483e-05;0.0814098;0.00142442
6.59033e-05;0.774037;0.00403829;0.000119192;0.00132482;0.000529608;1.33665e-05;0.000730232;0.00010597;2.52857e-05;0.00174194;0.175386;0.0182417;0.0236399
4.37053e-06;0.0153891;2.51419e-05;6.94389e-06;0.17879;0.0968792;9.38912e-06;0.656646;3.26613e-06;7.83832e-05;3.53453e-05;0.000420898;0.0302204;0.0214923
1.15965e-05;0.000143563;7.87968e-08;1.22671e-06;7.05531e-06;1.2275e-06;1.19861e-06;0.934797;4.30551e-06;8.82779e-08;3.19437e-05;0.000603845;0.0643939;3.08934e-06
2.60952e-05;0.00548709;2.24783e-06;1.63387e-06;1.69785e-06;5.18299e-07;5.889e-08;0.000607511;3.14018e-05;1.77327e-07;3.78697e-05;0.993252;0.000542027;1.01998e-05
1.1213e-06;0.999023;7.49512e-05;2.08569e-06;5.92951e-07;1.2668e-07;7.63168e-09;1.75115e-05;6.89461e-09;2.32437e-07;1.17784e-07;0.000466682;0.000413789;2.24543e-07
3.98868e-05;0.958335;3.51324e-06;0.000150094;0.000931384;7.77629e-05;1.1889e-06;0.00783133;4.67968e-06;2.19827e-05;0.000220369;0.00594517;0.00292349;0.0235142
3.73325e-05;0.994164;3.53915e-06;1.05493e-05;9.40301e-06;3.3712e-07;1.25694e-05;0.000243286;1.65434e-06;5.88979e-06;0.00132621;0.00395659;8.12111e-05;0.000147501
5.3004e-05;0.170689;4.56045e-07;1.61381e-05;1.19394e-06;9.35287e-06;3.32034e-05;0.000252561;6.003e-06;6.4162e-06;0.000246902;0.815313;0.013354;1.87807e-05
5.39005e-07;0.99957;1.63811e-07;1.05188e-07;3.30011e-09;2.51921e-08;7.8643e-05;1.01449e-06;9.78228e-08;2.07813e-05;1.00029e-07;1.45679e-06;2.23376e-06;0.000324417
1.52968e-09;9.00679e-10;0.999999;3.39299e-09;7.22195e-11;1.38517e-10;5.54308e-09;1.1876e-11;2.24129e-09;1.13494e-09;4.76899e-09;8.97234e-07;1.19161e-09;8.34217e-12
5.77567e-08;0.00102617;2.29767e-12;1.51974e-09;5.5104e-06;1.16277e-09;3.38725e-09;0.998968;3.9934e-08;7.43729e-09;2.70766e-09;4.21258e-08;9.9221e-08;2.346e-08
2.4177e-07;6.19683e-06;0.999494;4.13864e-07;1.59053e-05;2.05972e-05;1.39863e-08;6.84675e-08;1.952e-09;7.07727e-07;2.8612e-08;0.000367909;9.39497e-05;1.21427e-07
1.83614e-05;0.972199;7.3349e-08;2.40083e-07;1.71429e-06;1.37817e-06;0.0267933;0.000311935;3.20524e-06;0.000229853;9.57107e-06;9.94304e-06;2.02938e-06;0.000418883
3.4619e-09;3.58776e-10;1;9.45357e-10;7.09006e-10;4.9687e-11;4.83351e-09;4.21402e-10;1.27728e-08;5.95406e-11;4.29221e-09;9.21008e-09;1.89137e-11;1.52981e-11
2.81805e-05;0.912539;5.42241e-08;1.29282e-07;1.23646e-06;2.11879e-07;2.85478e-07;0.0807727;8.37776e-06;7.8042e-08;2.06989e-06;8.91778e-05;0.00655151;7.61898e-06
3.85778e-06;0.875409;6.47791e-06;8.75893e-07;2.12837e-07;2.59724e-07;0.088155;6.81577e-08;2.89038e-06;0.0107527;1.65573e-06;4.5562e-07;1.25842e-06;0.0256654
6.0073e-12;8.45385e-14;1;2.10023e-11;1.79559e-11;1.10781e-12;2.25648e-10;4.96856e-14;7.83051e-11;1.09717e-11;2.20976e-10;8.02158e-10;1.94208e-13;9.27546e-14
6.85028e-06;0.815545;3.27424e-08;8.18286e-07;6.73895e-07;1.19106e-06;0.181838;0.000262517;1.82571e-05;0.000841544;7.88154e-05;3.79553e-08;6.92443e-06;0.00139992
1.53167e-10;4.93936e-12;1;4.63477e-11;2.24618e-12;2.75663e-12;2.14672e-09;3.78761e-12;2.04099e-09;8.48036e-12;1.33229e-08;1.91683e-08;2.85515e-10;4.89054e-13
1.33936e-05;0.934;1.4265e-05;5.38181e-06;1.29777e-06;8.40127e-06;2.20677e-05;0.0184496;0.000536443;1.71039e-06;0.000789921;8.77494e-05;0.0460422;2.76744e-05
7.31554e-05;0.498497;1.70691e-05;8.58279e-05;0.0047581;0.00112012;8.43958e-05;0.0630068;0.00551149;0.00015465;0.00763194;0.141838;0.273293;0.0039283
0.00019034;0.016397;4.47153e-06;3.322e-05;1.21796e-05;5.37631e-06;0.946334;0.00234404;0.000263345;0.0306344;0.00264868;2.13147e-05;0.00111026;1.6731e-06
6.58252e-09;6.74088e-09;1;3.05497e-09;1.26586e-10;2.93196e-12;1.07257e-08;8.27935e-11;5.63199e-09;1.15308e-09;1.31787e-08;4.56999e-07;4.29685e-10;6.38031e-12
0.000209821;0.903838;8.47428e-05;0.00020309;0.00051273;2.69443e-05;0.000403274;0.0360711;0.00375962;0.00017443;0.000400896;0.0537274;2.27238e-05;0.000564782
2.41707e-06;0.99721;2.01997e-06;1.88789e-06;8.62062e-07;1.85753e-05;1.94451e-06;7.56213e-05;5.9923e-06;7.52989e-07;0.000138169;9.56296e-06;0.00252843;3.4725e-06
4.35684e-07;0.0341925;1.33247e-09;7.85045e-07;0.000616107;0.000426897;3.20797e-09;0.000248257;9.17542e-09;1.64874e-06;3.01172e-08;0.00924189;0.000912309;0.954359
1.95994e-07;5.71459e-05;1.56779e-10;4.48081e-08;1.54284e-07;9.56701e-07;2.47341e-09;0.00411291;6.46818e-08;4.29546e-10;3.07941e-08;1.70168e-07;0.995828;7.61885e-08
4.0903e-07;1.85185e-05;1.22085e-08;5.69445e-07;1.24995e-07;3.30263e-08;2.41339e-10;1.05183e-05;3.31704e-06;4.86002e-09;1.33791e-07;0.999904;6.26199e-05;1.95822e-07
4.93634e-07;0.977804;1.33716e-05;2.06102e-06;6.27434e-07;1.15757e-06;1.2417e-09;5.98332e-07;3.15679e-10;2.54289e-07;4.01374e-09;4.98774e-07;0.0221766;1.80315e-07
6.81576e-07;2.93624e-05;1.31859e-06;1.64033e-07;1.73114e-06;9.63506e-09;2.97916e-09;0.00111555;3.74246e-09;8.60524e-09;2.08647e-08;0.99883;3.66806e-07;2.05331e-05
4.51538e-07;0.970612;1.10108e-06;7.94599e-08;4.04386e-05;2.83761e-07;2.35709e-08;0.0262547;4.02264e-10;7.98445e-09;1.63529e-09;8.05567e-07;0.00255437;0.000535824
1.14355e-06;0.000131327;3.26305e-07;4.5633e-06;2.1166e-06;0.0992755;7.79008e-07;2.84793e-05;4.50829e-06;6.73715e-06;1.44404e-06;2.12518e-05;0.900351;0.000170632
9.78747e-08;1.42381e-06;0.999988;1.64299e-06;1.15267e-07;2.74574e-07;3.79867e-08;5.56149e-08;2.6626e-09;1.09065e-06;2.29773e-08;7.53405e-06;1.7262e-08;4.49844e-08
6.49152e-06;0.987706;1.80392e-05;0.000175438;4.82974e-05;4.46271e-05;7.15423e-06;0.00700144;6.69039e-05;2.6522e-06;0.00069582;1.27751e-05;0.0039961;0.000218194
