1.76238e-06;0.999898;1.46265e-05;1.37921e-05;1.30349e-06;3.44245e-08;6.13108e-08;3.05548e-05;8.50998e-08;3.14543e-07;7.34633e-08;1.83639e-05;2.04325e-05;9.07979e-07
4.59319e-06;8.04582e-05;7.58419e-09;7.7334e-08;7.79812e-08;1.17486e-07;3.99057e-08;0.999834;6.54521e-06;1.57554e-08;1.57584e-07;8.77735e-09;7.34024e-05;1.20163e-07
5.55898e-06;0.00186516;4.19503e-06;1.55084e-05;2.94124e-06;2.17468e-06;3.09182e-06;0.000323206;0.000170982;2.79296e-07;3.93409e-05;0.996875;0.000683481;9.22455e-06
2.15152e-06;0.999912;1.67613e-08;1.39922e-09;2.43396e-10;6.7277e-10;2.21442e-06;1.60296e-06;3.13242e-08;2.65221e-09;2.35462e-08;7.85946e-06;7.37725e-05;2.62334e-09
2.47568e-07;0.294102;1.66127e-08;3.57235e-07;1.81457e-05;8.71151e-07;4.12981e-10;0.000147955;3.29537e-07;5.09424e-09;4.10242e-08;0.70395;1.05412e-05;0.00176957
7.93022e-07;0.984943;6.11378e-10;5.76679e-08;0.000150631;5.21019e-08;2.2033e-08;0.0119258;3.15087e-08;3.73564e-08;3.38337e-09;1.45482e-06;1.35103e-05;0.00296472
7.12328e-06;0.0292108;0.0263586;3.05383e-05;0.000315329;0.000120267;6.53648e-08;3.70448e-05;1.16117e-08;5.67419e-07;7.90737e-08;0.931553;2.07374e-05;0.012346
8.56952e-09;0.999466;9.45866e-11;2.8858e-09;3.41403e-10;3.55617e-10;1.46841e-06;9.88696e-06;5.75969e-10;3.38201e-08;3.25111e-10;4.15947e-11;3.41402e-09;0.000522391
5.70352e-10;3.89355e-09;1;4.38243e-10;1.47309e-10;9.54585e-10;1.56191e-09;1.28312e-08;8.37787e-11;2.39481e-10;2.51986e-10;7.7012e-08;9.53656e-09;1.51674e-11
4.91737e-07;0.00800208;4.48049e-09;6.77831e-06;6.56561e-06;5.36081e-06;3.12068e-07;0.011354;1.54772e-05;1.04437e-07;0.000129364;7.53209e-06;0.980471;1.04131e-06
4.46325e-06;0.000498708;2.74175e-08;2.31438e-05;7.64158e-07;1.8859e-07;2.37387e-07;0.000471254;7.63312e-06;7.10171e-07;6.22372e-05;0.998749;0.000178414;3.42127e-06
0.000192351;0.0296199;2.77394e-05;6.78844e-06;2.72101e-05;8.13678e-06;5.49969e-05;0.969063;7.63693e-06;2.6401e-05;2.10677e-05;1.29496e-05;0.000470988;0.000460967
9.74103e-07;0.0684618;1.03958e-05;3.09411e-05;0.000222493;3.53087e-05;1.77012e-06;4.13425e-06;1.42005e-06;1.93499e-06;0.000108936;0.92823;0.0001627;0.00272721
1.99021e-07;2.98988e-06;0.999981;1.02535e-06;1.74171e-06;2.84601e-08;3.22814e-06;4.58743e-06;6.19735e-07;6.07532e-07;3.06821e-06;4.48027e-07;5.80876e-07;1.60454e-08
0.000418566;0.0281907;0.000103169;2.27189e-05;0.000289856;1.21946e-05;0.00064284;0.965189;0.00147514;2.17798e-06;0.00108235;0.000170602;0.00239924;1.23602e-06
4.48063e-05;0.000534501;7.08227e-08;9.02808e-09;3.89253e-05;4.73478e-08;1.8608e-08;0.999226;3.5604e-07;3.58486e-08;2.46703e-09;9.63326e-06;0.000141098;4.54514e-06
4.86726e-05;0.00359339;2.1221e-05;6.51092e-06;0.000377929;3.48218e-06;4.34551e-08;0.00423737;0.000421104;2.39481e-06;2.93009e-06;0.990828;0.000413667;4.28722e-05
3.80184e-05;0.977491;1.09692e-06;2.38646e-06;9.70152e-06;1.53662e-05;8.11054e-06;0.000223432;0.000217;1.6953e-05;3.82893e-05;0.000294421;0.0216431;1.32335e-06
6.84327e-06;5.43943e-05;0.00313563;2.08842e-06;1.56426e-05;2.83118e-07;2.81788e-07;1.29763e-05;3.8912e-07;1.98696e-06;1.86686e-07;0.996751;7.65638e-07;1.75653e-05
0.000177784;0.834084;2.19397e-07;9.84298e-05;0.00248976;1.74327e-05;0.00112443;0.114359;0.0260278;1.30723e-05;0.00268173;0.0036883;0.0151884;4.88901e-05
6.40075e-06;0.975884;0.000362969;1.3323e-05;2.58278e-06;5.15821e-06;1.90036e-07;0.000211716;1.84415e-07;7.57224e-06;1.72483e-07;0.00329503;0.020202;8.2926e-06
6.674e-06;0.0945172;5.29345e-08;1.11925e-05;1.19974e-05;7.7603e-05;6.6151e-06;0.0460556;0.0001374;3.49418e-06;3.48283e-05;0.00347587;0.855648;1.38997e-05
1.53725e-05;0.0676266;0.890676;0.00295341;0.00568835;0.00101106;4.94563e-07;2.51914e-05;1.89258e-06;3.00897e-05;1.51784e-06;0.0290256;0.00215369;0.000790642
1.8887e-05;0.00152848;4.41706e-07;3.67967e-06;6.93315e-07;8.52591e-05;2.36981e-05;8.20827e-06;3.87382e-05;4.0137e-06;0.000111102;4.4584e-06;0.998172;5.11193e-07
6.86549e-06;0.00140897;0.998098;7.77115e-06;4.51715e-05;3.79934e-06;5.67016e-08;8.53482e-05;5.12129e-08;5.98085e-06;1.35589e-07;0.000318566;1.09386e-05;8.23543e-06
5.23887e-07;0.991601;2.99712e-07;5.0359e-06;6.84425e-05;9.36006e-05;8.33818e-07;0.00259436;3.16806e-07;9.54861e-07;3.08455e-06;0.00011265;0.00273907;0.00277939
8.49407e-07;0.0484549;3.82429e-09;2.28169e-05;2.92447e-05;6.57186e-05;5.17426e-07;0.000221283;7.16679e-07;1.39806e-06;0.000196751;0.000260104;0.95056;0.000186104
4.18087e-05;0.0148456;1.39776e-05;0.000103219;0.000155996;0.000119947;4.39755e-06;0.00132011;9.79375e-07;9.95365e-05;1.77425e-05;0.981283;0.00186304;0.000130263
0.000123694;0.130503;5.65605e-07;6.85641e-05;2.38484e-05;0.00215445;7.89534e-05;0.00687922;0.000257388;5.59863e-06;0.000909758;3.36533e-05;0.858926;3.474e-05
5.28208e-07;0.000908743;0.983799;6.64458e-06;0.000386947;1.79039e-06;2.64612e-09;0.000239202;4.95056e-10;8.35161e-07;5.30043e-09;0.0146061;9.94186e-07;4.86775e-05
3.10726e-06;0.971778;2.93646e-07;7.84018e-06;2.9166e-06;2.31343e-05;0.00574485;0.00178759;2.07576e-06;0.000173526;3.24654e-05;3.46949e-09;0.0204405;3.82649e-06
2.24766e-10;1.99746e-11;1;2.09556e-09;3.76436e-11;4.94268e-11;3.78705e-09;5.94093e-11;1.53967e-10;6.11698e-10;5.40173e-09;1.35724e-08;3.03502e-11;7.56079e-13
1.46661e-05;0.00762888;9.59006e-05;0.000278672;0.000212502;2.18258e-05;6.62368e-06;0.00757878;0.00272827;1.11567e-06;0.00102801;0.980207;0.000109517;8.78675e-05
3.54799e-05;0.996488;9.76463e-07;1.54961e-06;1.809e-05;2.00459e-05;9.71087e-06;0.000808903;1.40748e-05;7.76197e-06;0.000209732;3.93522e-06;0.00237195;9.96999e-06
4.45746e-08;0.999906;1.78489e-09;6.27988e-10;2.69889e-07;4.01514e-09;8.23525e-06;1.75199e-07;2.32179e-09;2.17403e-07;8.59202e-10;1.71874e-07;2.15324e-07;8.4971e-05
5.34928e-11;1.20903e-11;1;5.78886e-11;1.12616e-10;9.43974e-12;3.24528e-11;1.61872e-10;2.88652e-11;5.91034e-13;2.74448e-12;1.48489e-08;3.5293e-12;4.11197e-13
5.55539e-07;0.0183782;3.61289e-09;9.14028e-08;4.8876e-06;1.45595e-08;3.22978e-08;0.97642;6.15216e-06;3.13948e-09;1.94943e-06;1.75779e-07;0.00518843;1.54512e-09
0.000146445;0.87519;0.00956104;0.00180082;0.00148939;0.000240074;3.19864e-07;0.000141028;6.82575e-07;0.000116664;5.8997e-06;0.000207175;0.10835;0.00275079
0.000623387;0.0650949;0.00262337;8.21131e-06;1.5994e-05;6.6886e-06;3.12319e-05;0.00226099;6.00697e-06;5.00791e-06;4.12441e-05;0.365685;0.56359;8.0867e-06
4.24333e-05;0.0395133;0.00026613;4.76387e-05;0.0418088;0.00123139;6.18118e-07;0.694198;3.83974e-06;3.25136e-06;1.17759e-05;0.0186134;0.203028;0.00123126
7.90616e-05;0.581392;1.39892e-08;2.79536e-06;1.9461e-05;0.000764881;3.61507e-07;0.0139623;2.17325e-05;1.11391e-07;2.02692e-06;0.000473198;0.403211;7.17772e-05
1.12673e-05;0.000151042;0.977802;7.75924e-07;3.07604e-06;4.67363e-07;4.30081e-08;9.92378e-06;9.39872e-08;6.93514e-07;2.48639e-08;0.0220165;2.76081e-06;1.8222e-06
1.41381e-05;0.916874;3.19992e-06;4.91474e-05;0.000206104;6.33503e-05;3.74342e-06;0.0785774;0.00139226;2.25703e-07;8.82968e-05;0.000311361;0.00178925;0.000627626
4.24949e-07;0.996753;3.0985e-07;2.16768e-08;5.50059e-10;5.93632e-09;7.27818e-08;2.16906e-07;1.45446e-07;2.32935e-09;1.55024e-07;1.19387e-06;0.00324491;2.48772e-08
3.62298e-07;0.0069629;1.10926e-06;1.71136e-08;2.94601e-05;4.73904e-06;2.13414e-08;0.000137439;2.18193e-07;7.82347e-08;9.40238e-08;0.992664;5.66792e-06;0.000194279
2.68011e-10;0.999828;2.19299e-12;9.92317e-11;1.06176e-09;6.901e-11;2.85286e-07;1.40307e-07;2.65003e-11;2.00266e-08;1.08194e-10;2.16674e-11;3.86092e-10;0.000171792
4.77423e-12;2.76244e-11;1;5.46559e-12;1.69927e-11;4.90754e-14;1.14021e-11;2.96514e-12;1.49927e-13;1.08869e-12;1.89709e-12;4.57504e-07;3.5999e-13;1.84723e-13
1.43461e-05;0.90332;6.07961e-06;4.35905e-05;7.19026e-06;8.93643e-05;0.00919841;0.039745;0.000377297;3.91767e-05;0.000348739;7.36786e-07;0.0468074;3.06452e-06
1.38018e-07;0.0065765;9.64888e-11;1.37215e-06;8.91119e-07;3.93135e-07;6.71913e-08;0.000677229;1.03374e-07;7.32666e-08;9.43891e-07;2.08999e-06;0.992734;5.95552e-06
5.22748e-06;0.000293179;3.82891e-07;4.41084e-05;2.49214e-06;1.17314e-07;3.72315e-08;3.00128e-05;9.2915e-07;8.14081e-07;7.96285e-06;0.999592;2.09188e-05;1.4829e-06
1.56518e-05;0.996234;7.63196e-08;9.03944e-06;5.46561e-06;3.3849e-09;4.79981e-08;0.00366572;4.27797e-06;1.07685e-07;1.34148e-06;6.28142e-05;9.98287e-07;3.78342e-07
2.31409e-05;0.998299;0.000196553;0.000147941;0.000123359;1.50416e-06;7.82783e-07;3.36835e-05;2.30409e-07;5.84474e-05;4.73421e-06;7.21195e-05;0.000926528;0.000112198
8.39621e-06;0.00926641;0.000574449;1.86533e-05;3.71851e-06;2.41748e-07;7.36415e-06;0.000166387;1.39052e-05;1.25906e-06;0.000852686;0.988734;0.00027366;7.84065e-05
5.72784e-06;0.990772;9.0176e-07;3.2403e-06;0.000556509;3.88137e-06;2.19075e-07;0.00215605;1.4072e-06;3.69385e-08;4.15045e-06;0.000169711;0.00629954;2.61354e-05
2.33703e-06;0.00265916;6.01973e-09;1.64729e-07;1.33892e-05;8.32096e-08;4.38385e-10;0.0278809;6.7073e-08;7.1869e-09;7.25206e-08;0.960318;0.00912597;1.46552e-07
1.41763e-05;0.00143039;0.021;0.00120623;0.000240821;0.10795;3.80791e-07;0.00011013;2.75326e-06;3.69729e-05;5.5892e-05;3.85992e-05;0.867871;4.27855e-05
8.92471e-06;0.000393084;0.999567;6.82934e-07;5.67504e-08;9.51608e-08;1.64744e-06;1.13722e-06;8.46185e-08;7.53869e-07;1.17019e-06;2.33339e-05;8.42891e-07;1.29093e-06
1.31606e-06;0.990208;5.99879e-08;2.01058e-07;3.58588e-06;8.01203e-06;1.88964e-06;0.00103116;1.1265e-05;1.20496e-08;2.05343e-05;7.48009e-06;0.00869649;9.34589e-06
3.825e-07;0.00155313;1.70246e-07;7.24816e-08;6.64114e-05;1.81932e-07;1.54436e-09;0.992588;2.34769e-06;1.55667e-09;6.60275e-07;0.000790409;0.00499393;3.93389e-06
1.727e-09;0.999876;1.17456e-09;3.31173e-09;1.72827e-09;2.02894e-10;3.73788e-07;2.17629e-08;2.12116e-10;9.45868e-07;1.55192e-10;8.77357e-09;3.79357e-09;0.000122316
7.69744e-12;5.28205e-11;1;1.02145e-11;5.26657e-11;3.81383e-13;9.18505e-11;3.38774e-12;2.10302e-12;3.16357e-12;3.45413e-12;1.7517e-08;1.42517e-12;1.40346e-14
3.10824e-06;0.912777;1.94459e-05;5.04051e-06;5.72863e-06;4.86687e-05;0.039825;0.0125636;2.66893e-05;2.89206e-05;0.000114204;2.70989e-05;0.0345549;7.28984e-07
1.76037e-06;0.0190591;7.19301e-10;1.69e-05;4.61425e-06;1.375e-05;2.8201e-05;0.000883487;2.53802e-05;2.5744e-06;0.000435413;0.000101777;0.979361;6.5749e-05
4.79325e-06;0.0047093;3.53336e-07;1.872e-05;2.62987e-06;6.12942e-07;2.27805e-07;4.58542e-05;1.43227e-06;1.40902e-06;4.64309e-06;0.994745;0.000464839;2.32687e-07
6.06417e-05;0.996817;0.000533432;0.000117691;3.09948e-05;2.06495e-07;5.4028e-07;0.000684684;3.81352e-06;4.94198e-07;3.56561e-06;0.00130042;0.000436977;9.82054e-06
7.04801e-07;0.00204731;1.7208e-10;1.2051e-06;0.00126702;3.04313e-08;3.0071e-08;0.996484;2.94791e-07;4.93575e-07;7.24794e-07;7.68435e-06;1.61455e-06;0.000189023
1.33252e-06;1.54325e-05;0.998914;0.000291733;0.000283235;3.0315e-06;1.03921e-06;1.90101e-07;5.73608e-08;3.64385e-05;3.8378e-05;0.000378273;6.53462e-06;3.02721e-05
0.000592788;0.941913;0.000174137;3.84746e-05;0.000417186;5.84121e-06;0.00013831;0.0323943;0.0033652;4.18602e-07;0.00881593;0.000796837;0.0106471;0.00070038
2.5349e-05;0.00272859;5.60598e-05;2.44156e-06;9.85203e-05;6.32639e-05;1.59979e-08;0.996683;2.3268e-06;3.26438e-07;7.44954e-07;4.83895e-05;0.0002857;5.52295e-06
2.13102e-05;0.0302776;3.51049e-10;4.25242e-07;1.24884e-06;6.75667e-07;5.23975e-08;0.000867447;2.92275e-06;1.08799e-08;1.70615e-05;3.34431e-07;0.968809;1.7632e-06
0.000470066;0.0751733;1.77439e-05;7.08835e-05;7.49412e-06;4.63952e-07;3.10626e-07;0.00178087;0.000832976;1.53364e-06;0.000168709;0.919803;0.00162887;4.38388e-05
0.00064579;0.879526;3.1502e-06;1.7547e-05;0.000106339;1.10736e-06;4.05496e-06;0.115419;0.000521063;4.08216e-06;0.00083387;0.00112903;0.00141204;0.000376927
3.44418e-08;0.999702;1.48959e-13;3.56627e-09;3.84467e-09;7.21188e-10;3.41065e-07;1.58068e-07;1.33256e-11;1.30095e-06;9.62971e-10;3.45135e-08;3.49605e-09;0.00029609
3.3099e-11;4.85877e-11;1;1.41677e-12;6.69025e-13;5.76924e-14;3.38002e-11;9.10543e-13;1.82791e-13;4.57766e-12;2.85347e-12;1.2258e-07;9.11938e-13;1.12173e-12
4.39331e-05;0.0131184;5.84731e-06;0.000506254;6.63045e-05;0.000160693;0.0320576;0.0303438;0.163066;5.98326e-05;0.750044;3.38097e-05;0.0104775;1.63898e-05
1.44902e-05;0.00913031;3.06526e-07;6.66782e-08;3.33602e-06;8.58137e-08;5.41592e-08;0.99069;1.78209e-08;3.63024e-07;8.99618e-08;5.16935e-07;0.000157852;2.61546e-06
9.81995e-08;0.00183436;7.32399e-08;4.9318e-07;6.64371e-05;6.5053e-07;7.49491e-10;5.93556e-06;1.69641e-08;2.34139e-08;8.73768e-08;0.99514;2.50893e-06;0.00294879
6.64496e-07;0.997492;1.04515e-07;3.23707e-07;2.96781e-06;3.77684e-07;1.99996e-07;0.00228359;8.2299e-07;6.57376e-08;1.10338e-06;6.53756e-06;0.000210162;6.53999e-07
1.057e-06;0.000133062;2.84182e-08;1.13863e-06;0.940178;0.0289487;3.40619e-08;0.000346482;2.14588e-07;1.48273e-05;5.05558e-09;2.05797e-05;0.000322145;0.0300337
0.0132305;0.0267884;5.2611e-05;0.000209894;3.95134e-05;1.82677e-05;5.31519e-06;0.0563277;0.0113748;1.07502e-06;5.97962e-05;0.00272211;0.88917;1.80275e-07
0.0100329;0.00988157;3.66396e-05;0.0107371;5.26887e-06;7.34621e-06;3.10355e-06;0.00144719;0.367142;0.000106167;0.00337465;0.578985;0.0182342;6.7097e-06
0.000740164;0.997314;1.3929e-06;5.47829e-07;7.39492e-09;7.05791e-11;4.25865e-06;0.00148693;1.35389e-05;8.77239e-07;6.89363e-06;0.000430652;1.17356e-06;3.71063e-08
1.00191e-08;3.06094e-07;8.13052e-10;1.81988e-07;7.39144e-05;2.59791e-08;8.03717e-12;0.999923;1.56801e-08;6.57277e-08;9.81219e-09;1.41195e-08;2.24108e-06;1.45325e-08
4.36068e-09;1.56667e-08;0.999985;1.28662e-05;1.46854e-08;1.48529e-08;9.70209e-10;5.83864e-12;4.90681e-09;1.54495e-06;9.38103e-07;8.08264e-09;2.12402e-10;1.08767e-09
0.000457499;6.16475e-05;2.10714e-05;4.1068e-05;3.5396e-07;8.24428e-07;0.000337749;0.000513665;0.0736579;1.80706e-05;0.924305;1.86713e-06;0.000583049;3.76909e-09
