5.6395e-07;2.02781e-06;2.17478e-11;1.71301e-09;6.25231e-09;1.86622e-09;2.15287e-09;0.999992;2.82459e-06;3.477e-10;2.13352e-08;2.88936e-10;2.50928e-06;7.61309e-09
5.48121e-06;0.000138802;0.000178665;7.0668e-07;4.95527e-06;6.46079e-07;8.13511e-08;0.000162243;8.93686e-07;3.4067e-08;1.70985e-07;0.999435;1.87e-05;5.35054e-05
3.76061e-08;0.999901;6.8849e-11;2.72062e-09;9.40446e-11;7.89914e-11;6.60516e-05;2.69508e-05;6.87451e-09;4.46874e-08;5.20531e-09;8.60918e-11;2.35402e-07;5.56411e-06
1.04357e-12;3.86353e-11;1;1.30082e-12;2.24876e-13;1.3628e-14;1.00607e-10;1.38921e-13;4.61914e-13;9.05674e-13;3.75e-12;2.29448e-10;4.74926e-14;2.91655e-13
7.55158e-07;0.990697;7.81638e-09;4.10431e-08;3.26474e-07;1.62036e-07;0.00748072;9.1726e-07;2.22224e-06;0.000190373;1.87516e-07;2.49579e-08;5.93096e-07;0.00162632
1.39293e-10;9.42508e-12;0.999998;1.43786e-10;4.85986e-10;1.68031e-10;3.0231e-10;5.82085e-12;1.21984e-10;1.93381e-10;1.12045e-10;1.70396e-06;1.18488e-11;2.064e-10
6.04451e-06;0.0463452;1.03056e-07;3.44891e-06;0.000334127;3.3797e-05;1.08657e-07;0.0920809;1.2037e-05;3.09963e-07;5.65594e-05;0.000605795;0.860509;1.29022e-05
3.81909e-06;0.932491;3.23224e-05;8.29423e-05;0.000141114;8.90287e-05;2.81016e-06;0.0318701;0.000118883;7.61847e-06;0.000248292;0.0211573;0.0112175;0.00253775
5.66662e-06;0.0389566;1.60974e-05;0.000981357;0.218147;0.446333;1.79517e-05;0.0970262;3.34498e-05;0.000551264;0.000379296;0.0262761;0.0321737;0.139103
0.00034969;0.130585;3.13527e-05;0.000116233;0.000218849;3.0272e-05;5.52497e-05;0.285078;3.80526e-05;4.73741e-06;0.000814685;0.0160188;0.566658;1.1005e-06
8.39668e-06;0.0818335;1.78701e-07;7.19525e-07;6.35956e-05;2.00821e-05;4.32429e-05;0.911871;4.51121e-05;1.71826e-05;2.81835e-05;6.84498e-06;0.00604557;1.60649e-05
3.86579e-09;2.20374e-10;0.999998;1.26808e-09;4.88636e-10;1.20725e-11;2.99863e-09;1.12142e-09;6.09103e-10;1.70371e-09;2.67521e-09;1.79818e-06;1.53515e-11;3.33373e-11
0.000170776;0.0154856;0.00103433;0.000563156;0.000534845;0.000383263;7.41713e-06;0.0370181;0.00190329;1.41519e-06;0.0015971;0.785081;0.155882;0.000337738
0.000520052;0.99491;0.0024207;2.11262e-05;2.72154e-05;1.76383e-06;0.000691972;4.83424e-05;1.42376e-06;0.000428422;3.28686e-06;0.000766277;3.24013e-05;0.000126566
4.8779e-10;3.65313e-11;1;7.93189e-12;3.18198e-11;4.86157e-13;1.04886e-10;1.28918e-10;2.31367e-10;1.79396e-12;1.18e-10;6.13469e-09;1.41108e-11;2.36276e-12
1.50675e-05;0.0670568;2.40561e-06;4.09503e-06;3.03707e-05;9.31774e-05;0.00499648;0.916067;0.000762262;0.000249371;1.88872e-05;2.72272e-08;0.0106229;8.07387e-05
6.14909e-10;3.89113e-11;1;1.57293e-09;3.33014e-11;2.73031e-11;2.78395e-10;3.7292e-10;3.47798e-09;2.32618e-11;2.63606e-09;3.58605e-07;2.26199e-10;1.61746e-11
5.02782e-06;0.116278;0.00197533;9.04915e-06;5.02299e-05;2.38312e-05;1.10494e-07;0.00318313;2.98493e-05;2.61887e-07;1.80711e-06;0.840923;0.000417299;0.0371026
0.000231702;0.344866;0.000105562;1.46061e-05;0.0015504;0.000778824;1.63713e-06;0.0113028;0.000715671;1.57861e-05;1.43534e-05;0.00491242;0.611182;0.0243081
5.31223e-05;0.702002;0.000331957;1.09811e-07;9.85859e-05;5.30639e-07;2.11152e-08;0.00197919;6.123e-07;1.02194e-07;8.73122e-08;0.295418;9.15089e-06;0.000106747
0.00026639;0.0370853;0.00928668;3.38766e-05;0.0900039;0.00455508;5.53434e-06;0.00886877;1.37375e-05;4.959e-05;1.03787e-06;0.00566492;0.00143423;0.842731
0.00239992;0.151962;0.00367892;1.89188e-05;3.8458e-05;3.04734e-05;2.55295e-06;0.793626;0.000304604;5.74732e-06;4.55113e-06;0.00853916;0.038659;0.000730744
4.42396e-05;0.301991;4.65553e-05;1.89091e-05;8.21634e-06;1.68562e-05;7.29497e-09;0.000213323;1.23176e-05;1.04387e-06;2.2717e-07;0.691945;0.00515639;0.000545244
1.03659e-06;0.995558;3.82208e-06;8.23065e-06;8.10142e-07;8.94826e-09;0.000138859;1.36496e-07;1.28423e-08;0.0011609;5.49263e-10;1.08268e-07;1.39583e-08;0.00312822
1.60327e-07;2.91639e-08;0.999996;3.06177e-07;6.25638e-10;7.43381e-09;7.28004e-07;4.10039e-07;1.07755e-06;2.65805e-08;9.78897e-07;1.3242e-07;2.41368e-07;4.08742e-12
