1.8082e-06;0.999832;8.38718e-06;2.06503e-05;1.019e-06;5.59458e-07;1.21307e-07;8.56517e-06;1.74381e-07;2.56419e-07;3.13582e-07;4.28776e-05;7.24983e-05;1.04001e-05
4.89832e-06;0.951558;6.59226e-09;1.72086e-08;2.50198e-09;7.73199e-08;1.60237e-06;9.40404e-05;4.52854e-08;4.8165e-08;1.80448e-07;3.81276e-06;0.048337;1.41989e-08
8.63198e-08;0.000132001;9.5299e-07;1.59468e-06;4.37903e-05;0.000123181;4.98427e-10;1.00664e-05;2.83711e-07;2.55021e-08;4.74931e-07;0.999456;6.7992e-06;0.000224279
9.03635e-06;0.331416;0.000816466;1.72556e-06;0.00883337;0.000151764;1.23641e-07;0.498085;6.66318e-06;7.59796e-08;3.96209e-07;2.02908e-05;0.160502;0.000156707
0.000212996;0.104227;0.00019705;0.0158791;0.0113785;0.00107633;4.16343e-05;0.229775;0.0131828;0.000176915;0.00754913;0.470829;0.143516;0.00195836
0.000111626;0.993662;0.000115939;3.40759e-06;4.01632e-07;6.21794e-08;6.25901e-07;0.000175954;3.29155e-05;1.63595e-07;1.59326e-05;0.00566006;0.000220312;3.07548e-07
0.000272986;0.740655;2.91899e-08;8.40231e-05;0.00285488;3.53717e-05;1.10743e-06;0.198454;0.0004031;1.22458e-05;5.16181e-05;0.0220274;0.0330505;0.00209771
0.000936075;0.400066;0.121437;0.0098463;0.117154;0.00669317;4.08907e-06;0.000677969;2.72464e-06;0.00136296;1.22297e-05;0.141951;0.0921856;0.107671
0.00172055;0.334519;0.00441646;0.000193687;4.54363e-06;9.74438e-06;0.00276532;0.000302083;0.00505586;1.81258e-05;0.0735154;0.147786;0.429468;0.000225194
1.36592e-05;0.670225;4.20882e-08;1.88429e-06;0.000318629;2.93916e-05;1.68575e-06;0.305964;3.48408e-05;7.22663e-07;2.12314e-05;0.00507049;0.0183072;1.1296e-05
9.16489e-06;0.973976;1.00987e-08;8.09332e-06;0.000114997;0.000172186;1.13118e-05;0.00159398;1.82746e-06;6.68599e-05;1.45785e-06;1.34764e-05;0.0220949;0.0019359
8.41437e-09;1.19176e-11;1;1.95901e-07;8.21908e-09;1.11998e-08;1.35288e-08;2.58569e-11;7.12138e-09;1.24167e-08;7.32573e-09;1.05121e-07;6.29355e-09;1.49323e-11
5.55509e-06;0.000510767;3.5859e-07;1.81525e-05;5.89643e-06;2.24928e-06;4.15425e-07;3.25861e-05;0.000120141;5.68956e-08;1.22398e-05;0.999277;1.44412e-05;2.97663e-07
8.11209e-06;0.971663;8.6001e-09;7.67498e-07;3.9195e-09;4.37405e-07;3.19709e-06;1.78944e-07;5.66795e-05;1.7074e-08;3.26128e-05;2.41544e-05;0.0282109;1.64996e-07
6.39588e-05;0.0222038;0.000444223;0.000404681;0.00205175;0.000489317;1.38032e-07;0.00118728;3.49633e-05;2.06324e-06;8.95527e-05;0.967783;5.54731e-05;0.00518955
1.01467e-06;0.997107;3.35634e-07;4.22895e-07;5.15724e-06;1.62615e-07;6.72323e-11;0.00233091;4.40289e-08;1.35954e-09;1.01286e-08;5.30314e-07;0.000538113;1.66471e-05
1.65653e-07;0.000937435;1.00676e-10;1.77609e-09;2.598e-05;1.28538e-08;1.39688e-11;0.998182;1.50308e-08;1.92482e-09;7.99684e-11;8.55222e-07;0.000853712;1.50233e-07
4.98052e-08;5.49931e-06;0.999784;2.9919e-06;4.03432e-05;7.46054e-06;3.55279e-10;2.09574e-08;3.67965e-10;1.4103e-05;1.64304e-09;0.000144948;8.13914e-08;7.31271e-07
0.000152779;0.316524;0.000275441;3.65742e-05;4.87415e-05;6.10518e-06;0.000184186;0.654237;0.0224544;2.39629e-06;0.00575094;0.000165148;0.000152226;1.02773e-05
