2.13655e-06;0.99476;4.86153e-09;1.68539e-07;1.59344e-07;1.81965e-06;1.01827e-05;0.000136363;3.29546e-08;2.32844e-05;2.15724e-08;7.77771e-09;0.00502883;3.75982e-05
5.23885e-11;3.30278e-12;1;3.39677e-10;1.59511e-09;4.13938e-10;9.20394e-12;9.34686e-12;9.91209e-13;1.60578e-10;2.93291e-12;1.13931e-07;1.48981e-11;2.03414e-09
1.46766e-07;0.0513172;4.9484e-10;4.17179e-07;9.38982e-09;2.93073e-05;1.61514e-05;1.98218e-06;6.14292e-06;3.54398e-08;8.38976e-06;5.12222e-07;0.948619;2.29337e-07
1.39934e-07;5.20795e-05;0.999946;3.80009e-08;5.98522e-10;7.04142e-10;9.55509e-07;2.41126e-09;1.60678e-09;1.11497e-06;3.54961e-09;2.14242e-07;1.85408e-08;7.86705e-09
3.97492e-07;5.43642e-05;0.998742;1.95424e-07;9.1097e-09;2.3093e-08;0.00115462;6.92326e-08;7.43509e-07;4.56643e-05;2.08079e-06;2.48049e-09;2.32683e-09;1.10611e-07
3.78063e-10;9.55907e-08;1;1.25444e-10;9.33213e-12;8.07783e-12;5.89693e-09;3.2209e-09;4.30686e-10;8.84431e-11;2.6379e-09;1.50969e-09;1.41234e-07;4.13761e-13
2.21444e-07;0.000222243;0.000197213;1.67359e-06;1.92645e-05;0.000141007;2.831e-07;2.73319e-06;1.61747e-05;4.43021e-07;2.94707e-05;0.992953;4.39475e-06;0.00641219
3.35668e-06;0.37513;1.07304e-06;5.21464e-07;3.20943e-06;1.08844e-05;5.25985e-06;0.010822;2.54604e-06;1.50898e-07;4.81971e-05;5.22511e-05;0.613896;2.47958e-05
1.62485e-06;0.611913;0.0112902;7.57695e-06;0.0016063;0.0104712;8.32832e-09;0.000365821;1.67976e-09;4.27288e-07;4.09261e-08;0.130185;0.0535847;0.180574
9.5176e-07;0.997769;3.81691e-09;5.55803e-08;1.02596e-07;1.72425e-07;4.83713e-05;9.28669e-06;3.51838e-08;2.80902e-06;5.0363e-09;8.64145e-08;1.54876e-05;0.00215393
2.70066e-11;3.11571e-11;1;5.06445e-12;1.75435e-12;3.39396e-13;2.73353e-12;4.57135e-13;7.6966e-13;1.37127e-12;1.29231e-12;5.58805e-08;5.11146e-12;5.64168e-13
1.37848e-05;0.96574;0.000282505;0.000261557;1.22272e-05;7.1355e-06;0.00032962;0.003021;0.00687589;0.000132586;0.000898947;0.000457429;0.0219654;2.24118e-06
9.78313e-06;0.00204495;2.06802e-06;0.00424497;0.174068;0.0859518;1.74223e-05;0.00563428;0.0014816;0.000591327;0.000807507;0.0122863;0.00523965;0.70762
7.65896e-07;0.999101;2.29193e-12;2.89151e-06;3.86116e-06;3.22814e-09;7.95165e-07;0.000868432;1.03099e-07;9.50394e-07;1.3466e-06;4.62533e-08;1.80096e-06;1.77577e-05
7.93719e-05;0.176757;0.00459551;0.000675058;0.00182926;6.86599e-05;5.27131e-07;8.69338e-05;3.47389e-07;2.32981e-05;5.55033e-06;0.013005;0.802767;0.000106066
4.86322e-06;0.996767;2.29385e-08;4.66845e-08;4.5147e-06;8.86413e-10;4.22735e-07;0.000173432;2.89738e-06;3.88841e-08;8.32339e-07;0.00301632;2.96204e-05;2.35859e-07
7.70501e-05;0.00737782;0.00234205;3.01089e-05;0.824872;0.000586665;1.64021e-06;0.000411264;5.12873e-08;5.52688e-05;2.88377e-06;0.147938;0.0106554;0.00564979
0.00376601;0.0763579;0.000250725;8.51179e-05;0.00268192;3.00853e-05;0.000726823;0.0988744;0.00334303;2.27538e-06;0.00480669;0.129209;0.670804;0.00906181
5.61026e-05;0.937752;0.0058819;9.75357e-06;9.1461e-05;8.01227e-05;7.24286e-07;0.0357482;2.74603e-06;1.43918e-06;1.78497e-06;0.0199181;0.000396937;5.86259e-05
5.78741e-08;0.999832;2.52255e-07;1.06765e-08;1.46185e-09;2.93575e-09;0.000155362;1.86205e-06;3.72941e-09;2.73904e-06;9.19651e-09;2.14201e-08;3.02245e-06;4.66967e-06
1.61676e-10;2.28926e-12;1;2.0352e-10;8.94723e-11;6.45327e-12;2.37672e-10;5.63104e-12;2.16829e-10;5.34254e-11;4.75957e-10;1.37495e-07;5.37515e-12;5.39029e-12
5.22905e-05;0.969523;1.47572e-06;9.90995e-07;1.29492e-06;2.02174e-06;0.00637326;0.00445981;6.74868e-06;0.000341978;2.99747e-06;1.0422e-08;0.0192271;7.00281e-06
6.84932e-10;6.55277e-11;0.999999;1.98281e-10;3.29058e-09;1.69232e-10;2.20056e-10;4.98992e-11;1.00044e-10;2.26312e-10;1.14821e-10;1.05869e-06;6.34114e-12;3.35118e-09
2.42912e-05;0.669463;2.22751e-05;3.9863e-05;0.000153383;0.00601867;0.000184501;0.000781956;0.000868803;2.01477e-05;3.04443e-05;0.000114444;0.271182;0.0510968
2.8099e-06;0.00138406;0.890738;4.07692e-06;6.65102e-05;6.67097e-05;1.91277e-07;5.60885e-05;9.31396e-08;1.06408e-05;2.05701e-07;0.107369;0.000156634;0.000145319
3.51899e-06;0.956725;5.32287e-08;3.04193e-07;7.23013e-05;3.96935e-05;1.25314e-07;0.0239824;2.26725e-07;5.5334e-08;1.19142e-06;3.97175e-05;0.0174968;0.00163847
1.30711e-07;0.99979;1.42482e-07;6.26948e-08;3.32024e-08;6.65922e-09;0.000172814;1.14026e-07;1.31568e-09;1.73997e-05;3.7735e-09;6.90025e-08;2.34856e-06;1.67229e-05
7.03819e-09;1.53279e-09;1;2.4297e-08;8.58047e-10;8.52036e-11;2.8007e-08;1.45471e-09;3.08513e-08;4.01229e-10;6.02102e-09;1.6192e-07;7.14785e-10;2.63737e-11
1.06646e-05;0.977771;3.44074e-08;4.88098e-06;5.01284e-07;2.65829e-06;0.000392131;0.0194239;2.94886e-06;0.000288193;1.57725e-06;2.10339e-08;0.0020068;9.42588e-05
1.05777e-10;1.48151e-11;1;6.36243e-10;2.15073e-10;2.82128e-10;2.7709e-11;2.68121e-10;1.73013e-11;4.92739e-11;2.79615e-10;1.88145e-07;2.7174e-11;6.56432e-10
4.02917e-07;0.98746;2.45096e-08;1.96191e-06;8.86359e-07;6.23258e-07;6.60998e-06;0.000225817;3.14052e-05;3.28176e-08;5.46303e-05;0.000381478;0.0118343;1.90962e-06
1.42508e-08;8.7839e-07;7.27379e-11;1.6768e-11;2.6473e-09;1.17556e-10;1.91578e-10;0.999999;2.79649e-09;1.84033e-10;7.64674e-11;1.71587e-09;1.06981e-08;9.69155e-10
7.05072e-08;0.000182682;1.14703e-07;8.89953e-06;0.00846778;0.000647024;4.10175e-09;0.000156499;2.20958e-07;4.37873e-07;2.15795e-07;0.286309;7.85386e-05;0.704149
2.1514e-05;0.0287871;4.37855e-08;2.42081e-05;2.52421e-05;1.20906e-07;2.27779e-06;0.100581;7.94667e-05;7.65048e-08;0.00103662;8.39879e-06;0.869433;6.52167e-07
1.8346e-06;0.996753;2.9901e-06;2.17995e-05;1.03884e-06;3.82821e-07;4.58824e-08;1.11242e-05;3.04017e-08;9.6493e-07;1.38634e-07;3.30397e-05;0.00238209;0.000791919
1.98099e-05;0.0536091;2.22132e-07;0.000115637;1.39568e-06;3.97088e-05;9.51802e-06;0.000335461;4.8389e-05;1.89473e-06;0.00078908;0.000371037;0.944645;1.32352e-05
1.65474e-07;9.19988e-05;0.999185;3.38784e-05;1.24138e-05;8.7789e-06;1.25165e-09;9.28863e-07;2.61759e-10;1.06025e-07;9.40618e-08;0.000550682;6.10172e-07;0.00011528
3.73097e-06;0.00297475;5.73926e-10;1.07927e-06;1.69037e-06;3.35048e-05;1.40767e-07;2.20405e-05;3.2237e-06;1.10072e-08;0.000619171;0.00224469;0.994084;1.1703e-05
2.35126e-08;1.34361e-06;1.27e-10;1.32735e-11;4.13259e-10;1.25539e-09;1.11486e-10;0.999995;3.12468e-09;3.29022e-11;2.81981e-10;3.82476e-11;3.55883e-06;5.46808e-11
2.90668e-07;0.000279083;7.05741e-06;2.26636e-05;0.00904071;0.0108262;9.43725e-10;0.000103161;9.72866e-07;2.60638e-07;5.7692e-06;0.0784034;1.7215e-05;0.901293
1.30186e-07;0.999944;2.30352e-09;3.64756e-09;6.02951e-11;5.21031e-10;4.53456e-05;2.35471e-08;1.08713e-08;3.71386e-07;1.41302e-07;7.37153e-10;1.02853e-05;1.38296e-07
1.65348e-09;1.0342e-08;0.999998;3.55493e-08;6.8763e-10;8.98054e-09;3.33132e-09;7.84467e-10;1.24177e-08;6.22316e-10;4.12143e-08;1.9019e-06;1.70274e-08;4.05179e-10
3.52413e-05;0.352831;8.95092e-07;5.5904e-05;1.85087e-05;2.19494e-05;8.54708e-05;0.103763;0.00180112;8.15967e-06;0.012469;0.0134427;0.515459;8.79732e-06
1.60098e-05;0.538725;5.26327e-05;0.000198197;0.00219212;0.000469234;8.70324e-08;0.369727;1.23195e-07;5.07258e-06;5.80227e-05;0.0303608;0.0578951;0.000300262
1.50955e-08;0.986602;1.27021e-10;2.90203e-07;1.46748e-07;2.82045e-09;2.14718e-07;2.77664e-07;2.13839e-10;2.06802e-06;5.31252e-08;0.000196426;3.3465e-07;0.0131983
0.000669423;0.00112493;0.00767277;0.000148307;4.8898e-06;1.13488e-06;0.840023;0.00166219;0.0318939;9.01263e-05;0.106898;7.20641e-07;0.00981084;5.44819e-08
0.00182245;0.217264;0.000262612;0.00495203;0.000221621;0.00117764;0.000288077;0.158539;0.458403;5.01751e-05;0.0556985;0.000506353;0.100782;3.26662e-05
0.00087109;0.718487;1.92794e-05;0.000471015;0.0271295;0.000322092;4.82675e-07;0.0470396;1.80812e-05;0.000290404;7.11484e-05;0.150866;0.04939;0.00502433
8.82129e-07;0.998856;1.45129e-10;9.40386e-08;3.48701e-10;8.12654e-10;0.00101375;1.03365e-08;1.70716e-08;9.92663e-05;2.85209e-07;4.8437e-10;8.40574e-08;2.93385e-05
4.83605e-11;1.66117e-12;1;7.2486e-12;4.91019e-13;2.15567e-13;1.17713e-09;1.8395e-13;7.28387e-12;9.87713e-12;2.23733e-11;4.10053e-09;2.81374e-13;4.71643e-14
0.000103716;0.62417;9.37109e-07;0.000228154;2.16301e-05;2.17987e-05;0.0608396;0.0446758;0.0705091;7.98154e-05;0.0490183;1.35785e-05;0.150313;4.4614e-06
2.27877e-06;0.994803;1.48365e-08;1.48946e-06;2.80627e-07;6.59722e-08;0.00293543;9.47294e-05;1.33269e-06;0.00180386;5.52049e-06;2.35666e-08;3.70125e-06;0.000348421
2.88403e-09;1.38788e-08;1;4.75812e-09;1.42381e-11;1.17993e-12;3.4019e-08;6.56023e-13;3.89583e-09;4.19964e-09;5.36541e-09;1.00205e-07;2.41507e-11;2.92854e-11
1.97009e-05;0.00133078;1.89792e-07;7.149e-06;4.57809e-06;2.68732e-06;7.84442e-06;0.00270879;0.00038274;4.49697e-06;0.000363035;0.994976;0.000185314;6.35286e-06
5.08878e-05;0.667076;3.01511e-05;2.67764e-06;1.97217e-05;4.41655e-06;5.49177e-07;0.208433;1.49223e-05;5.92823e-07;0.000226028;0.0285145;0.0956239;2.53619e-06
1.542e-07;0.0841569;4.57415e-11;1.80977e-07;3.71838e-07;5.434e-06;6.67213e-08;4.28953e-06;3.28583e-07;7.6968e-08;5.23638e-07;0.00054927;0.915228;5.45489e-05
2.11991e-07;1.26895e-05;0.997014;7.95783e-08;2.34066e-08;1.9943e-08;1.01102e-09;4.48324e-08;4.52794e-09;3.80987e-08;2.67957e-09;0.0029717;1.5787e-06;2.80791e-08
5.29027e-06;0.631346;4.68953e-06;4.21712e-06;1.59389e-05;9.06052e-06;2.17036e-05;0.366485;0.000130503;1.22904e-06;2.02143e-05;3.00058e-06;0.00155521;0.000397895
2.04007e-06;0.998698;7.56492e-07;1.40923e-06;3.73568e-07;2.66063e-07;0.000196682;0.000271707;6.09684e-06;1.71942e-05;7.69057e-06;4.09127e-07;0.000793746;3.28191e-06
1.69772e-07;1.39541e-06;0.999981;7.6915e-07;1.35838e-08;9.22835e-10;6.07627e-06;1.74976e-07;1.23826e-06;2.44008e-07;1.97476e-06;6.69465e-06;1.39823e-08;8.15225e-09
0.000106273;0.981751;9.85648e-08;8.96619e-06;9.42031e-06;2.54492e-06;0.000181298;0.00682556;0.000318552;3.51715e-06;9.45468e-05;0.000302507;0.0102992;9.6698e-05
3.09434e-06;0.208755;0.00138126;8.73181e-07;0.000156995;2.04158e-06;7.36316e-08;0.172231;4.21997e-08;6.85647e-08;6.96439e-07;0.611711;0.00561605;0.000142068
2.70639e-06;0.148703;1.15468e-05;0.000461217;0.0083042;0.0764771;0.00112884;0.0534832;5.3924e-06;0.00435907;5.85428e-05;1.291e-05;0.666633;0.0403593
2.14577e-09;9.54232e-11;1;2.1366e-08;1.06999e-11;8.06263e-11;3.98228e-08;3.28185e-12;8.16038e-10;1.24566e-09;1.87546e-08;1.28922e-08;2.43199e-10;3.20471e-11
1.53517e-06;8.01342e-06;0.999887;1.49977e-06;3.18039e-08;1.47869e-06;2.20041e-06;1.92822e-06;2.19428e-06;2.01137e-08;6.15879e-06;8.42526e-05;3.83578e-06;1.10971e-07
1.47138e-05;0.249845;7.30185e-07;0.000198923;0.000684396;0.00050478;0.000169143;0.00015127;0.000799755;6.26805e-05;0.000559069;4.12369e-08;2.1646e-05;0.746988
1.64468e-09;8.37115e-10;1;5.44454e-10;1.76134e-10;2.48578e-12;1.09238e-11;6.05305e-10;4.9165e-11;8.85624e-12;8.21483e-11;4.11545e-07;5.31698e-12;8.95728e-12
2.33267e-05;0.226356;1.52666e-05;5.01629e-06;0.00190832;3.09366e-05;1.5955e-09;0.749577;9.59791e-07;4.55601e-08;7.40554e-08;2.8201e-05;0.0220287;2.69528e-05
2.57304e-07;0.00136484;1.33204e-08;7.89768e-06;0.000854158;8.80685e-06;3.75438e-09;0.996694;1.34538e-07;2.51741e-06;3.07475e-08;4.04125e-06;0.00105648;6.59321e-06
1.77202e-08;7.11044e-07;0.999924;7.09854e-06;3.65329e-06;4.19892e-06;7.05431e-09;6.08093e-10;1.22624e-10;1.56703e-05;1.40797e-08;4.25057e-05;8.19661e-09;1.82074e-06
6.83696e-05;0.963619;0.000111902;0.00023398;4.12842e-05;2.00649e-05;0.00238015;0.0031903;0.00296587;1.14656e-05;0.0198773;3.23976e-05;0.00553811;0.00190999
