1.64608e-05;0.205846;7.05697e-08;5.05023e-07;1.32644e-05;6.84145e-06;7.55184e-07;0.0361122;2.96997e-06;1.83272e-07;1.01138e-05;5.30815e-05;0.757774;0.000163379
8.08114e-07;0.0281214;3.04842e-08;2.91425e-05;0.00576351;0.000344601;4.65341e-09;0.000876587;1.64171e-07;3.0642e-07;1.07428e-06;0.11708;0.789023;0.0587595
9.92747e-08;0.000190269;3.0116e-10;6.59034e-07;0.000101264;6.55984e-09;3.41584e-09;0.998866;3.49019e-07;2.98975e-08;5.06766e-07;0.000839359;1.33529e-06;7.08036e-09
1.03761e-05;0.00538896;0.890019;0.000810514;0.0243878;0.0709659;5.45919e-07;0.000208119;3.93927e-08;0.000314503;2.34104e-06;0.00681484;0.000203664;0.000873908
0.00148399;0.00310688;6.66087e-07;1.25623e-05;0.000101136;6.77297e-05;2.73843e-05;0.756169;0.00112716;7.17688e-07;0.0012626;9.58313e-05;0.236483;6.12921e-05
8.56061e-05;0.000606512;8.96625e-05;2.61536e-06;4.04209e-06;5.14462e-06;7.12113e-07;0.00451754;2.2984e-05;1.31344e-06;9.98169e-06;0.992264;0.00189733;0.000492591
9.70166e-08;1.04409e-05;0.99998;2.44934e-08;1.56455e-07;3.1647e-08;1.50485e-09;3.2431e-07;8.9489e-09;1.22034e-08;1.34711e-08;1.84217e-06;6.74849e-06;3.57086e-08
2.84326e-08;0.999658;1.93582e-07;9.68979e-08;3.58459e-06;2.55007e-07;3.69723e-07;1.02772e-08;7.48885e-11;1.08709e-05;1.61232e-09;1.0906e-07;1.71728e-07;0.000326613
2.46157e-10;1.47551e-10;1;1.17015e-11;2.13389e-12;1.44615e-13;1.14775e-08;8.28004e-13;1.80137e-12;5.04778e-11;1.04289e-10;4.16993e-08;1.00266e-12;4.43367e-11
0.000338164;0.00668946;3.68585e-05;3.9811e-05;0.000675951;0.00691305;0.0321085;0.195906;0.0670008;0.000118106;0.31176;0.00277678;0.373409;0.00222773
1.90493e-07;0.993544;4.95714e-07;1.14171e-07;2.94427e-08;5.27412e-08;0.0063579;1.06501e-05;5.37429e-07;2.75188e-05;4.81719e-06;1.37888e-07;2.69851e-05;2.68722e-05
7.11603e-11;2.79056e-11;0.999999;9.20994e-10;2.34331e-10;2.81235e-11;4.73176e-10;1.36007e-10;6.06634e-10;6.96506e-11;9.64598e-10;8.8303e-07;3.81942e-11;6.91603e-13
1.34099e-07;0.000699237;3.65327e-10;7.8373e-09;2.70635e-06;5.19332e-09;1.46581e-08;0.99929;6.32379e-07;2.03733e-09;4.22962e-08;1.61426e-06;5.45208e-06;1.38687e-09
1.03988e-06;0.0057408;0.989358;1.02456e-05;0.000316004;0.000828559;8.32841e-05;6.38374e-08;2.83768e-08;0.00338141;2.24169e-07;9.22722e-08;5.49217e-05;0.000225778
2.21882e-10;3.43147e-12;1;8.19307e-12;6.40906e-12;4.11342e-12;4.29091e-10;2.89952e-11;2.03441e-10;3.90676e-12;2.14183e-10;7.6552e-08;3.12355e-13;1.30017e-12
9.50288e-08;0.000693293;0.000673487;7.31185e-08;4.43537e-07;1.77545e-08;5.72727e-07;1.43107e-06;3.42339e-06;2.02549e-08;8.16255e-07;0.998625;4.93594e-07;8.05099e-07
1.04079e-07;1.6857e-08;0.996966;4.67103e-08;0.00221236;0.000581085;1.67222e-08;4.15987e-07;5.92152e-07;3.10175e-08;4.70246e-08;4.12969e-09;4.91032e-07;0.000238404
3.86655e-06;0.999415;3.43257e-06;5.48511e-09;5.67759e-06;2.45942e-07;0.000225686;3.04547e-05;6.66057e-08;5.72145e-05;4.5636e-09;2.978e-07;3.11124e-05;0.000226462
6.85456e-10;6.03359e-10;1;1.86516e-11;5.36486e-10;1.96584e-12;8.63749e-11;2.18831e-09;5.77574e-11;2.94917e-12;2.1443e-12;1.05543e-08;2.99857e-11;1.08866e-12
5.54741e-06;0.0345094;1.93856e-08;9.21057e-06;8.40616e-06;2.52462e-05;2.45944e-06;0.880307;0.00010579;3.47015e-06;5.01976e-06;4.21555e-05;0.0849757;2.40605e-07
3.32371e-06;0.938055;0.0483313;0.000317568;4.95003e-05;4.26715e-06;1.47332e-07;0.000976853;7.70294e-08;3.45335e-06;3.49578e-07;0.00996925;0.00225264;3.65998e-05
3.75707e-09;2.48911e-05;2.96992e-11;6.23832e-10;3.1304e-07;2.11827e-11;5.01115e-10;0.999975;1.22642e-09;3.55796e-10;1.23702e-09;2.07127e-07;1.69368e-08;3.24545e-08
2.30466e-06;0.00240217;0.996012;0.000212347;0.000313085;0.00024541;3.62046e-06;1.91087e-06;5.36157e-07;0.000191906;2.56796e-05;7.44323e-05;2.59047e-05;0.000488842
0.000137565;0.955226;1.68597e-08;6.74707e-09;6.52361e-09;4.28504e-09;0.000217898;4.47881e-06;3.80781e-05;4.92688e-08;8.84577e-05;0.00560339;0.0386838;4.9798e-08
1.44548e-06;0.0074043;5.17048e-08;2.24909e-07;0.000214879;1.60948e-05;1.06168e-08;9.24027e-05;3.73109e-05;1.29041e-08;1.75106e-06;0.990315;0.00148104;0.000435127
2.18247e-06;0.000927939;8.88583e-06;6.34814e-09;1.40007e-05;6.74306e-07;7.09408e-10;0.00215605;1.25051e-06;1.29265e-10;1.192e-07;0.00128761;0.995601;4.99349e-08
1.75364e-06;0.000989471;2.69413e-05;7.12135e-09;1.52338e-05;5.33316e-06;8.05999e-10;0.997514;9.13128e-07;8.72982e-09;1.48608e-08;0.000216133;0.00121465;1.60356e-05
1.48712e-07;8.43012e-05;3.38407e-09;2.99916e-08;2.40941e-06;5.51889e-07;1.56206e-10;0.99981;3.2589e-07;6.47085e-10;1.12451e-08;4.26935e-08;9.1829e-05;1.07811e-05
0.000173466;0.0261588;2.40887e-07;7.66458e-06;4.64538e-06;4.28648e-07;2.47086e-07;0.0207474;0.000273217;2.68937e-07;6.70648e-06;0.950771;0.00181211;4.35787e-05
1.01904e-06;0.999846;2.77169e-06;1.5986e-08;7.03378e-10;2.77863e-10;4.59623e-07;4.58275e-06;6.74349e-08;2.0022e-08;1.39268e-07;5.22876e-05;9.24717e-05;4.43806e-07
1.95102e-07;0.000338087;1.07231e-08;2.12497e-06;5.98709e-06;1.72061e-07;5.19979e-05;3.28761e-05;3.63181e-07;0.000241328;6.33485e-07;2.21542e-05;4.35047e-09;0.999304
0.000114722;0.000112273;0.997474;2.0598e-05;1.64186e-06;4.75085e-08;0.000523613;0.00132866;0.000327436;1.07756e-06;9.03201e-05;2.61402e-06;2.48939e-06;5.34033e-08
0.000301946;0.755856;0.0177377;0.00069591;0.00074328;2.97791e-05;5.7375e-06;0.000417739;7.40447e-05;1.40602e-05;9.91205e-05;0.00315818;0.220655;0.000211155
5.21472e-05;0.892587;1.36832e-08;7.83596e-07;0.000164209;1.74775e-05;3.71452e-07;0.0160907;0.000146434;7.14751e-08;4.49771e-06;0.0381355;0.0475751;0.00522592
1.63165e-06;0.99785;9.12513e-10;8.59485e-09;7.70948e-05;9.83665e-07;1.94519e-09;0.00160684;4.4575e-07;3.12636e-09;1.6355e-08;6.59809e-05;0.000392602;4.34526e-06
0.000105914;0.000324248;0.0973297;5.23393e-06;0.0283799;0.000142255;1.68907e-06;3.2135e-06;1.30835e-07;1.82166e-05;9.48198e-08;0.00130867;0.000196572;0.872184
0.000108026;0.80673;1.94265e-06;2.74034e-05;0.00010546;7.29516e-05;2.49746e-05;0.0809521;0.000538145;6.38665e-07;0.00010103;0.000166623;0.00617738;0.104993
5.45195e-06;0.976924;2.80913e-06;1.2676e-06;7.73429e-07;1.11151e-05;3.62145e-08;0.0213246;4.72322e-07;1.09175e-06;3.43231e-07;0.000141301;0.00156108;2.60831e-05
4.16535e-07;0.00304878;6.1752e-08;8.40979e-07;2.13038e-07;1.05571e-06;2.77252e-08;0.000265915;5.34029e-07;3.66987e-08;4.90874e-06;3.58097e-06;0.996671;2.96464e-06
0.000106762;0.00108734;3.30188e-06;8.92256e-06;9.1552e-06;2.16262e-05;1.31426e-06;0.00181826;0.000348665;1.78773e-06;0.000220168;0.987758;0.0085012;0.000113424
9.0411e-08;0.999985;1.47584e-09;2.10299e-10;1.32903e-10;8.24927e-10;3.86334e-08;8.37176e-07;7.97728e-10;1.66386e-09;5.63887e-10;3.36142e-06;1.08867e-05;1.5123e-09
2.35464e-08;0.000905889;2.61559e-07;3.81991e-05;0.000613632;0.00885581;1.3696e-08;0.000923533;4.93503e-08;1.55327e-06;4.26588e-07;0.223238;2.99609e-05;0.765393
7.76438e-08;0.053939;3.61285e-09;1.37697e-06;5.57406e-07;3.19655e-05;1.25229e-06;0.00224447;3.56923e-09;3.71776e-07;2.97505e-06;1.27967e-09;0.943777;9.87102e-07
1.02451e-08;7.02376e-09;0.999994;4.47035e-08;2.90334e-10;9.76267e-10;2.12411e-08;7.60429e-10;2.51962e-09;1.24985e-09;5.35631e-08;6.07976e-06;1.95899e-08;5.79336e-11
5.99429e-06;0.0318673;3.10596e-05;0.000307328;0.000441835;3.53862e-05;1.64203e-06;0.0129555;0.000119176;6.45892e-07;0.000207801;0.951445;0.0025671;1.46043e-05
1.34627e-05;0.937885;3.96132e-07;7.04786e-05;4.16635e-06;5.59927e-05;8.19289e-05;0.0329284;6.50601e-05;8.55761e-06;0.00111789;0.000167121;0.0276015;4.91878e-07
9.18208e-05;0.00354468;1.21294e-05;0.20622;0.077541;0.633911;0.00382245;0.000210638;0.0002208;0.00330723;0.0492155;0.0104144;0.000506389;0.0109824
3.78606e-06;0.987017;1.26802e-09;2.423e-07;3.7993e-10;2.98033e-08;2.67356e-07;5.63981e-07;4.05121e-08;2.18826e-09;3.85884e-07;1.5155e-06;0.0129764;2.88105e-09
3.48649e-05;0.894456;0.0109263;0.000877233;3.13748e-05;3.89899e-05;2.61578e-07;0.00070933;5.83984e-07;1.12528e-05;2.05521e-06;0.0187809;6.92603e-05;0.0740615
6.97262e-07;0.993061;5.64291e-12;9.34784e-07;4.55488e-06;1.58497e-05;4.56251e-09;0.00087981;2.96244e-07;3.11204e-08;7.01281e-06;2.21831e-05;0.00592402;8.3946e-05
5.03092e-05;0.00275819;6.89358e-06;2.89105e-05;0.0147635;0.00035957;1.39749e-06;0.0132934;1.49865e-05;5.76254e-05;0.00026468;0.966185;0.000336953;0.0018782
0.000998092;0.670135;0.0846647;0.00035746;0.00970224;0.00269379;1.15988e-05;0.00490781;4.32387e-06;0.000264727;0.000178359;0.0034711;0.22224;0.000371143
0.000102718;0.872372;1.1152e-06;8.53187e-05;0.000228904;8.87036e-06;0.000247949;0.00664719;0.000346316;9.39421e-06;0.00821621;0.017633;0.0911498;0.00295087
3.41792e-05;0.417358;3.35685e-05;0.000253506;0.00464246;0.000527329;8.17652e-07;0.000761019;3.85539e-06;1.40336e-05;0.000297287;0.51251;0.0572271;0.00633599
7.67873e-05;0.0750438;1.27718e-08;7.09749e-07;0.00145555;1.75493e-05;4.30186e-07;0.0725054;9.07697e-07;5.18868e-07;5.24349e-05;0.0258675;0.823184;0.001794
3.35598e-06;0.979309;2.62699e-06;5.47904e-06;2.93254e-05;1.70784e-05;3.26094e-07;0.0169364;9.2617e-07;1.89899e-05;2.85015e-06;0.0022466;0.0011219;0.000305086
1.1438e-05;0.0121651;6.94154e-05;0.000196222;0.427703;0.535292;3.453e-06;0.00389355;1.94649e-05;0.00170104;0.000228606;0.00708569;0.00332147;0.00830955
0.000168036;0.933896;4.14565e-08;4.65238e-06;5.42667e-06;1.0661e-06;9.58485e-07;0.0641613;1.12296e-05;5.674e-07;0.000176084;0.000127543;0.00144083;5.83726e-06
1.25668e-06;0.999258;1.3039e-06;8.26117e-10;4.9142e-10;1.37371e-09;1.62489e-07;1.51244e-07;6.86038e-10;1.03788e-08;1.90822e-09;0.000451278;0.000287917;1.30557e-09
2.58595e-07;0.00183174;2.19596e-07;4.60316e-06;0.000629708;0.006315;4.68957e-08;0.00137346;7.28689e-08;2.87161e-06;1.16461e-07;0.0161149;0.000337971;0.973389
5.12264e-07;0.00477355;8.33944e-08;4.35342e-06;8.09239e-07;1.64114e-05;3.00972e-07;0.000148563;5.42665e-07;7.55905e-08;0.000213917;3.04856e-07;0.994841;1.36545e-08
1.16614e-06;0.999748;3.12709e-07;4.04786e-08;1.43076e-10;2.17824e-10;1.33476e-07;2.72331e-05;1.1101e-07;3.58861e-08;2.38882e-07;0.00020995;1.31531e-05;1.92393e-09
3.62744e-07;0.996894;6.71612e-11;0.000170272;0.000206933;5.91832e-07;2.99594e-05;3.13806e-06;3.43226e-07;0.000690035;4.65468e-07;8.82066e-05;3.63397e-07;0.00191485
1.97407e-06;2.58829e-05;0.999867;1.72384e-05;1.12263e-08;1.28511e-06;3.06038e-06;1.63723e-05;1.51998e-07;4.28964e-07;1.21955e-05;5.3763e-06;4.85935e-05;5.2395e-10
1.26503e-07;0.000399935;2.34796e-10;2.40429e-06;3.94454e-06;5.38888e-06;2.97645e-07;0.000664285;7.65958e-08;5.57963e-08;4.36413e-05;4.58363e-08;0.998879;7.28233e-07
3.42991e-05;2.60484e-05;2.9529e-06;0.00139493;0.991602;0.00368151;1.81838e-08;9.75047e-05;1.3112e-05;8.6889e-06;5.23705e-05;0.000399006;0.000321388;0.00236643
4.50939e-05;0.999522;5.08094e-11;1.80808e-08;6.7191e-06;5.61777e-09;1.13107e-07;0.000419533;3.8904e-07;1.08285e-07;1.79086e-08;2.73845e-09;1.53839e-06;4.92815e-06
9.7361e-06;0.000241043;0.000167063;9.9708e-06;0.00066817;3.04321e-06;5.6463e-08;1.11237e-05;3.59441e-07;6.35764e-06;9.34157e-08;0.99888;5.60058e-08;3.05799e-06
6.43467e-05;1.41911e-06;8.52449e-09;1.21649e-06;7.4264e-09;3.66173e-09;5.32122e-05;5.84824e-06;0.99844;1.55501e-08;0.00143138;1.18351e-08;3.0115e-06;5.62939e-10
0.000123296;0.998546;9.69832e-08;3.74816e-07;8.10453e-07;1.36227e-07;1.38616e-07;0.000562527;8.754e-06;2.07609e-07;4.13355e-08;4.56086e-07;0.000756003;1.39408e-06
3.09439e-08;1.66231e-06;3.66059e-12;1.77004e-08;3.93582e-05;4.64812e-09;2.74136e-12;0.999958;2.43425e-09;1.55177e-08;4.9175e-10;2.21029e-07;1.53665e-07;6.173e-07
6.35793e-07;1.71624e-05;0.999976;3.39425e-06;1.14255e-07;1.91684e-08;4.92738e-09;3.77138e-08;2.0571e-08;8.19077e-07;1.06516e-06;8.64232e-08;2.20072e-07;3.74811e-08
4.74991e-05;4.98523e-05;8.29486e-07;5.42351e-06;1.5013e-06;1.16285e-05;0.000475483;0.0001504;0.0234453;4.21145e-06;0.9751;3.48749e-05;0.000671328;2.00282e-06
