1.3584e-06;0.980011;1.80032e-06;2.2457e-05;1.45964e-05;4.50163e-05;7.7232e-07;0.00155855;1.66823e-05;8.55318e-07;4.69718e-05;0.00016256;0.0179693;0.000148398
1.39724e-07;0.00188957;7.33098e-09;4.28349e-05;0.0770317;0.904762;5.03266e-07;0.00273847;6.98766e-07;0.000113844;2.98657e-06;1.15076e-07;0.000772683;0.0126444
1.31993e-09;8.58819e-11;1;5.28192e-10;7.11348e-13;1.09176e-12;2.10954e-10;5.93042e-11;5.20873e-10;2.35299e-11;2.51584e-09;1.48582e-09;5.49661e-11;5.42374e-14
6.39999e-07;0.000184949;0.0003705;3.24818e-06;2.23173e-06;6.63899e-07;7.69185e-08;3.96802e-05;6.57016e-05;2.48101e-08;2.95097e-05;0.999296;2.9352e-06;3.60141e-06
2.8031e-05;0.872237;4.06038e-05;2.39704e-06;0.000130738;0.000478787;3.02363e-07;0.000188107;4.7816e-06;9.68089e-07;6.30144e-06;4.30213e-05;0.126728;0.000110914
9.88958e-06;0.0726806;0.000596466;1.74306e-07;0.0191433;3.07227e-05;5.41455e-10;0.00787016;4.1981e-09;7.29292e-08;1.52264e-08;0.889495;6.1943e-05;0.0101116
1.0856e-05;0.056002;0.000124178;0.0023333;0.0304451;0.00234979;2.35627e-06;0.554268;0.000373054;6.29456e-05;6.5927e-05;0.00705757;0.0853478;0.261557
0.000715089;0.226421;0.000738808;0.00167746;0.00436008;0.00255504;5.10051e-06;0.547862;0.0017798;3.6236e-05;0.000197314;0.0169264;0.195476;0.00124974
2.39886e-06;0.997945;0.000304351;1.24257e-06;9.40847e-07;1.84789e-07;8.95663e-09;0.00162576;1.00155e-09;9.21226e-07;3.9794e-10;2.78512e-06;0.000115989;3.96419e-07
4.38005e-08;8.38598e-08;0.999998;4.45134e-08;1.81388e-10;4.05576e-10;1.53005e-08;4.84379e-08;3.1526e-08;4.47389e-09;1.08565e-07;1.61222e-06;1.08732e-07;5.69295e-11
6.00389e-07;0.00107269;0.00160877;2.29446e-05;2.70063e-06;6.18312e-06;1.71538e-07;0.00542474;4.6243e-05;4.28266e-07;2.70224e-05;0.991655;7.37632e-06;0.000125343
1.374e-05;0.98433;4.09199e-05;4.62347e-06;5.32149e-05;0.000211347;1.00207e-06;0.00185962;3.03117e-06;3.13543e-06;2.6802e-05;0.00114109;0.0110928;0.00121817
9.01217e-06;0.238221;0.00182894;1.24636e-07;0.000161654;1.44047e-05;1.85227e-09;0.0261674;1.08401e-08;5.70201e-08;4.13734e-07;0.716812;0.0145414;0.00224351
8.95634e-07;0.0238759;5.55957e-06;3.21104e-05;0.000722562;0.000540227;4.06786e-08;0.970273;3.30153e-05;5.94327e-07;4.05056e-06;0.000299931;0.00372159;0.000490638
0.000459564;0.0770716;0.000189507;7.69612e-05;0.00048818;0.000110546;1.35813e-05;0.66308;6.57121e-05;1.1552e-05;0.000250816;0.0125212;0.245597;6.35226e-05
3.20831e-05;0.99236;1.64531e-06;3.79255e-07;1.25504e-07;6.3201e-08;7.41874e-06;0.00749707;6.25759e-09;7.07017e-05;6.91571e-09;1.51881e-07;3.71402e-06;2.67641e-05
1.36868e-09;9.98755e-09;0.999999;8.6724e-10;8.6296e-11;1.08723e-11;2.33915e-10;6.84057e-10;5.26945e-11;2.97931e-10;1.45529e-10;5.42883e-07;2.43337e-09;9.3698e-11
8.92423e-08;3.24289e-07;9.34308e-10;1.6113e-09;5.38986e-09;1.95265e-10;6.07316e-09;0.999997;1.60905e-06;2.79315e-10;3.57015e-08;8.12848e-08;1.23212e-06;1.18205e-10
9.46065e-07;0.977709;1.4886e-05;7.3304e-06;1.46858e-05;7.73537e-05;2.45157e-09;0.000400404;2.98771e-08;3.55311e-06;2.39964e-08;0.000682986;0.000196521;0.0208925
0.000988401;0.888045;2.37886e-07;0.000668964;5.80668e-05;3.56558e-05;0.000318586;0.00105344;0.00413551;8.43162e-05;0.0848141;0.0023716;0.0105381;0.00688835
2.77124e-05;0.000216348;4.57376e-10;9.27365e-09;5.60292e-08;1.7839e-09;6.60693e-08;0.999634;0.000119224;2.0697e-09;1.00124e-06;2.79018e-09;1.81024e-06;4.52367e-08
2.01529e-08;0.0463733;4.19986e-09;5.9911e-08;3.02883e-08;1.26958e-07;3.17915e-07;9.47043e-09;2.07826e-11;6.44342e-05;1.83525e-11;1.72066e-08;2.80557e-10;0.953562
2.44297e-07;7.63974e-10;0.999982;3.26849e-07;2.47409e-08;3.40305e-08;2.93619e-06;2.84826e-07;4.5069e-07;6.62182e-08;5.16751e-06;8.25625e-06;3.04078e-09;1.51489e-08
7.20648e-06;0.0182368;4.45138e-09;5.23361e-05;1.04712e-05;5.19499e-06;2.72002e-06;0.0361488;3.52889e-05;9.40488e-07;0.00325327;1.28657e-06;0.942246;1.02257e-07
1.03027e-05;0.998105;0.000908949;0.000176156;1.62605e-06;1.0967e-07;6.06896e-06;0.00034597;2.81421e-06;2.79759e-06;3.9192e-05;0.000291096;2.66289e-05;8.33185e-05
2.74978e-06;0.991728;1.54782e-08;2.49633e-06;1.43469e-07;7.57132e-08;0.000445629;0.00763374;9.59467e-06;2.91613e-05;6.7867e-05;9.15409e-09;6.51921e-05;1.48482e-05
1.59019e-11;4.36882e-10;1;1.20599e-10;2.12798e-12;2.22389e-13;4.82809e-10;1.29783e-13;4.4019e-12;1.16269e-10;1.47159e-10;2.08634e-09;2.85265e-13;2.11569e-11
9.98751e-07;1.13117e-05;2.07958e-09;6.42933e-08;2.84925e-05;5.72443e-07;1.25448e-06;4.21972e-05;1.29579e-05;1.01372e-07;6.04091e-06;2.28354e-06;8.59261e-06;0.999885
2.74574e-06;0.888035;1.24908e-06;9.31357e-09;3.91898e-06;1.0209e-07;3.57702e-07;0.030954;8.83293e-08;2.27317e-08;1.81164e-07;0.00176017;0.0792361;6.15069e-06
1.91266e-05;0.540348;4.46955e-06;1.02831e-06;0.0010408;0.000131949;2.2893e-05;0.352061;1.60126e-06;6.18106e-06;1.68495e-07;0.0614848;0.0443753;0.000502716
0.00126973;0.125098;0.000171479;0.000710102;7.40952e-05;4.27924e-05;4.97572e-05;0.418658;0.000477527;1.62546e-05;0.000690277;0.150722;0.302017;3.71376e-06
1.97581e-05;0.999316;0.000593601;3.77788e-06;4.01267e-08;1.24826e-08;1.00763e-08;8.25927e-06;2.67015e-08;7.37274e-08;2.01486e-08;3.66501e-05;5.41806e-06;1.63543e-05
8.80175e-07;0.00191679;3.5269e-12;9.19952e-08;2.4427e-06;6.91907e-10;1.84065e-08;0.998072;1.22642e-07;5.53958e-08;3.947e-07;2.84516e-07;5.83318e-06;1.67949e-06
5.90536e-07;2.18662e-05;0.999102;1.25727e-05;1.58685e-06;5.18172e-05;1.7331e-08;2.15219e-08;9.32353e-10;1.40081e-05;3.96711e-07;0.000775927;1.84028e-05;2.91313e-07
1.78684e-07;3.32264e-05;9.63448e-11;2.84974e-10;1.93787e-12;2.59076e-10;0.999912;2.15672e-09;6.69283e-08;5.43473e-05;1.88345e-07;1.80809e-11;5.70089e-09;3.1733e-08
6.80288e-13;9.29526e-13;1;2.49345e-13;6.82367e-15;4.77569e-14;1.13063e-11;2.29377e-15;2.67997e-12;2.5231e-13;1.29707e-12;8.24953e-13;7.22654e-14;8.09985e-17
