4.94315e-06;0.999371;7.00782e-05;0.000298195;3.03879e-06;1.40732e-07;1.53695e-06;3.34778e-05;8.20968e-07;1.14156e-06;1.16294e-06;9.21729e-06;0.000199621;5.32004e-06
1.92982e-05;0.973078;2.0474e-08;1.10786e-05;9.90982e-06;5.56365e-06;2.37353e-07;0.0229207;6.86238e-06;5.15403e-07;4.40046e-06;2.64726e-05;0.00221075;0.00170589
2.33145e-06;0.024439;1.10164e-06;3.13182e-07;3.47862e-06;3.42756e-06;0.000473843;3.23947e-06;2.02082e-08;0.000747811;1.36921e-07;2.04877e-07;3.10608e-06;0.974322
3.17427e-09;4.25239e-12;1;2.1265e-10;2.24146e-09;2.926e-11;1.37375e-09;4.31535e-12;2.60829e-09;2.86597e-11;6.10166e-09;4.21757e-07;1.2743e-11;3.63e-11
1.13497e-09;0.999999;1.35642e-11;1.9292e-11;2.60668e-11;7.5143e-13;7.28848e-08;1.64379e-09;5.96415e-11;3.26691e-09;3.11243e-11;6.92327e-12;3.27157e-09;6.65853e-07
1.62486e-12;1.28521e-10;1;3.33761e-12;7.56303e-12;7.59983e-13;9.83489e-12;7.41009e-13;2.84325e-13;2.15854e-12;8.1252e-13;1.57899e-07;9.03994e-14;3.63513e-12
5.62146e-08;0.998093;1.11912e-08;6.24983e-07;1.57739e-06;4.92009e-07;7.37848e-05;0.00144792;5.82414e-07;1.35025e-07;2.77232e-06;7.60052e-08;0.000372618;6.58133e-06
1.20735e-06;0.00533031;4.63709e-09;1.2366e-06;4.7761e-08;1.7416e-05;9.11427e-06;5.19988e-05;7.79631e-07;8.98026e-07;1.49856e-05;4.46694e-05;0.994527;1.96552e-07
6.19506e-08;9.73008e-05;0.999743;6.48088e-07;5.35929e-08;5.17346e-08;1.8404e-08;1.3649e-08;3.78371e-10;1.59707e-07;9.97289e-09;0.000156727;2.14295e-06;2.41627e-07
5.43108e-06;0.991299;6.0253e-09;8.11824e-06;4.66545e-06;5.23284e-06;0.00665306;6.37872e-05;3.54177e-05;0.000300158;0.000489008;6.55785e-07;0.000893608;0.000241872
1.20986e-07;6.86738e-06;0.999928;4.07769e-06;1.51458e-07;1.70309e-07;5.24713e-07;1.71749e-06;9.6102e-08;1.55245e-07;1.65761e-06;8.66672e-06;4.73933e-05;1.84478e-09
3.84041e-05;0.427014;3.26311e-07;2.48655e-05;4.61973e-05;2.23115e-05;5.12452e-07;0.555268;0.00013779;1.77638e-07;3.76798e-05;0.00687817;0.0104967;3.4301e-05
0.000271732;0.121434;1.10158e-05;6.79898e-05;0.0383107;0.000310455;9.60161e-07;0.219401;6.13927e-06;0.000146349;1.33748e-05;0.148496;0.00713507;0.464396
0.000607132;0.0423995;0.164164;0.000181457;0.771478;0.000957405;7.48694e-07;0.00806371;1.9421e-06;3.28719e-05;4.51332e-05;0.000183174;0.00962768;0.00225769
6.21326e-06;0.999624;6.73522e-09;1.9384e-08;4.38217e-07;9.63869e-09;9.76502e-05;4.89518e-06;4.46096e-07;4.17314e-06;9.26905e-08;5.13981e-07;3.34015e-06;0.000258484
1.07312e-11;4.882e-12;1;8.56317e-12;7.56937e-10;5.96163e-12;1.86647e-11;2.60901e-12;6.78717e-14;7.53351e-12;4.0067e-13;2.47272e-10;1.82876e-15;2.9197e-09
6.21712e-05;0.0146574;7.22148e-08;2.5153e-07;0.000119388;0.000249174;4.42899e-06;0.968868;5.36029e-05;4.1758e-07;5.37571e-06;0.000887379;0.0130173;0.00207528
5.41075e-07;0.97675;1.36619e-06;8.18106e-07;1.83231e-07;5.65724e-07;0.000691501;5.55824e-05;4.52685e-07;0.000105001;4.31829e-07;5.88703e-07;2.43082e-05;0.0223687
7.75031e-10;5.02487e-09;1;5.91135e-08;7.05768e-10;2.80111e-09;8.7248e-08;6.07387e-10;1.62012e-08;6.95175e-09;8.34532e-08;1.88559e-07;2.12865e-09;1.43244e-10
2.19938e-06;0.990022;3.43931e-05;7.81564e-06;2.42993e-07;7.61908e-07;4.68528e-06;0.000165935;8.78154e-07;1.94816e-07;2.80979e-06;0.000214698;0.00954334;1.29883e-07
6.87314e-06;0.736754;2.79238e-09;1.80315e-05;5.52521e-06;5.95126e-06;8.46814e-05;0.0116115;1.11355e-05;7.14565e-06;0.000226019;3.22411e-05;0.251141;9.50352e-05
0.000224428;0.0514405;2.29179e-05;0.139705;0.478631;0.1208;9.02119e-06;0.125221;0.000444518;0.00139459;0.00266479;0.0220368;0.00101327;0.0563921
0.000863027;0.735909;1.91848e-05;2.3259e-05;0.000285478;0.00036018;1.15175e-05;0.0237628;2.34202e-05;6.49599e-05;5.88365e-05;0.0260831;0.211149;0.00138633
0.000878236;0.274069;0.000124193;5.90004e-05;0.0449127;0.00013006;1.50894e-06;0.0856836;2.77895e-05;1.56543e-05;0.000224314;0.168128;0.416598;0.00914847
2.99229e-05;0.77797;1.9917e-05;0.000569272;0.00297225;0.000508814;1.16403e-05;0.18871;0.00290364;6.51542e-05;0.000247862;0.000504129;0.0235961;0.00189228
0.000100398;0.0337992;2.31006e-05;0.00416607;0.55135;0.13612;0.000704231;0.0307565;0.00152851;0.00404125;0.00212233;0.0289745;0.0196808;0.186634
0.00043537;0.0216603;8.61615e-06;0.000213367;0.00113527;1.98118e-05;1.8359e-05;0.697686;6.4074e-05;8.03223e-07;0.00298069;0.00621563;0.269559;2.07656e-06
3.81161e-07;0.997003;5.25933e-10;4.65416e-08;4.3159e-07;6.40085e-07;1.18754e-05;0.00276833;3.41161e-08;6.0094e-06;3.41833e-08;6.75907e-09;0.00018676;2.20318e-05
2.50481e-11;9.37427e-13;0.999999;3.00257e-09;6.12362e-10;4.27639e-10;1.96286e-10;2.30825e-11;3.73754e-11;2.0851e-10;1.61846e-10;1.15575e-06;7.86169e-13;4.99051e-11
5.1496e-07;0.974744;7.17892e-06;5.64878e-07;1.2744e-06;4.58491e-07;7.50094e-07;0.00391044;1.10126e-07;1.01312e-08;3.43392e-06;2.08468e-06;0.0213297;2.14572e-08
6.93533e-06;0.987669;3.00976e-05;0.000154414;3.40306e-05;0.000107263;6.3739e-05;0.000875826;9.9623e-05;2.23054e-05;0.00282455;0.00108295;0.00679211;0.000237183
2.88346e-06;0.00014533;3.38505e-06;0.000244262;0.900601;0.0735491;2.97798e-06;0.000158319;3.06471e-05;7.38572e-05;0.000100682;0.00200559;4.77021e-05;0.0230345
0.000968622;0.397446;1.55617e-07;3.20178e-08;4.44378e-07;1.96075e-07;1.23906e-06;0.00879094;4.20036e-06;3.43055e-09;2.79157e-06;4.66488e-05;0.592739;2.50506e-09
6.97115e-05;0.0647005;0.000385465;2.23214e-05;0.00186781;0.00114124;1.77328e-06;0.00462865;3.23063e-06;1.6236e-05;2.61562e-06;0.808929;0.0707224;0.0475095
1.85795e-07;0.0019719;3.76087e-11;7.47746e-06;0.140354;2.0289e-05;3.05513e-08;0.857393;1.01475e-05;2.14907e-07;7.33685e-06;0.000147451;4.47429e-05;4.32968e-05
2.23673e-06;0.000552551;0.99411;0.000661723;0.00125935;0.00113651;3.7505e-07;9.39627e-07;2.76674e-07;2.33031e-05;5.16471e-05;0.00167696;5.24449e-05;0.000471732
8.97062e-05;0.990515;2.94242e-08;1.10523e-08;7.78512e-09;2.16828e-08;0.000466918;9.39888e-05;3.95062e-05;4.8469e-08;7.78353e-05;1.29607e-05;0.00870422;2.14718e-09
6.52481e-09;2.04717e-05;1.18453e-07;2.42273e-08;7.50494e-06;1.23704e-06;8.40746e-11;8.20484e-07;2.60608e-08;5.04485e-10;1.78515e-08;0.999967;1.82227e-06;5.54927e-07
4.23969e-07;0.107877;9.19692e-07;1.77571e-08;3.21027e-06;9.86797e-06;9.71348e-10;0.0138822;2.49627e-08;2.17021e-09;8.34929e-09;7.39213e-07;0.878225;1.52553e-07
2.24641e-05;0.875251;5.30826e-05;0.000786994;0.00338621;0.00243769;9.06908e-07;0.0178644;0.000177677;5.88856e-05;2.19982e-05;0.0466478;0.0262825;0.0270088
6.45732e-06;1.45125e-06;5.04818e-08;1.33213e-07;3.2912e-07;2.8741e-09;3.24321e-08;0.999967;2.39549e-05;6.92016e-09;6.61893e-08;4.46331e-09;1.28653e-07;5.19466e-10
2.3013e-05;0.978729;1.90976e-06;4.79505e-05;0.000450229;6.03776e-07;3.76382e-08;0.00718122;4.42958e-07;1.78336e-06;5.82418e-08;0.0119442;1.22779e-07;0.0016192
6.68284e-05;0.00163846;7.32237e-05;0.000238391;0.00274335;0.000199175;1.22866e-06;0.000105808;1.10505e-06;3.01097e-05;2.34514e-06;0.993007;0.000708082;0.00118526
0.000127122;0.354852;2.05682e-07;8.66817e-06;0.000420609;9.86319e-07;7.86395e-07;0.624967;2.47426e-05;5.74277e-08;1.14844e-05;0.000170294;0.0194112;5.0567e-06
1.62126e-06;0.989829;5.97908e-09;1.01535e-05;0.000196191;0.000185929;6.38662e-05;0.00307619;2.77507e-08;0.000349804;8.72434e-09;3.07064e-09;0.000831112;0.00545569
7.94621e-11;7.32544e-13;1;5.82258e-09;4.80734e-10;1.11936e-10;9.61409e-11;3.47963e-12;3.2546e-11;6.64531e-11;4.16509e-11;3.73673e-07;1.85451e-13;1.47413e-10
1.75972e-06;0.998716;6.06203e-08;3.66662e-06;1.38e-06;1.46875e-07;1.61158e-05;0.00104505;1.65032e-05;3.8252e-08;3.30606e-05;1.84711e-06;0.000164507;5.31493e-08
0.00012419;0.825735;0.0698761;0.000333952;0.000212377;0.000760916;6.60215e-06;0.101611;2.16796e-05;1.07566e-05;2.48535e-05;6.22842e-05;5.52624e-05;0.00116502
2.83992e-06;0.0118445;9.98248e-05;5.05739e-05;0.0233051;0.00211671;6.57487e-09;7.701e-05;1.44351e-05;1.64604e-07;1.13003e-05;0.95248;0.000351121;0.00964668
2.15872e-05;0.870094;1.14315e-06;1.01455e-07;8.02437e-05;5.02181e-06;4.49116e-09;6.79954e-05;2.6814e-06;4.79726e-09;4.78855e-07;0.000469349;0.128745;0.000511794
5.16922e-07;0.996037;2.54668e-09;2.16449e-08;1.41375e-06;1.29687e-08;2.76916e-07;3.02935e-05;2.46138e-08;1.28808e-06;5.73129e-10;2.00063e-06;7.00691e-08;0.0039267
3.32401e-10;8.59858e-10;0.999964;1.12173e-10;8.24013e-09;1.06128e-10;2.5741e-11;4.74184e-09;4.27222e-13;9.82437e-12;1.815e-13;3.56832e-05;2.62044e-11;8.82545e-12
2.87096e-07;0.00627871;6.41356e-10;1.11639e-05;0.0324402;9.26251e-06;2.04388e-07;0.9609;1.76229e-06;1.30145e-07;6.86377e-07;1.48147e-05;0.000295845;4.6658e-05
0.000214933;0.106449;0.434937;0.0746294;0.0953336;0.110108;8.30734e-06;0.000658749;1.55894e-05;0.00159304;0.000447353;0.0154746;0.048389;0.111741
0.000748953;0.914565;0.00913054;0.00202061;0.000418965;1.5754e-05;4.37101e-05;0.00475816;3.98028e-05;3.42449e-05;0.000171905;0.0650947;0.000284227;0.00267335
4.91871e-05;0.983015;7.02357e-10;9.34475e-06;0.00128509;8.40324e-05;4.20746e-05;0.0146958;1.69832e-05;3.39427e-06;5.19619e-05;2.50592e-05;0.00066024;6.22243e-05
0.000352472;0.0301556;1.19646e-06;3.61723e-06;5.30174e-05;6.15489e-05;8.55865e-05;0.741576;5.0552e-06;5.80075e-06;1.75795e-05;0.0128325;0.213346;0.00150367
5.92988e-05;0.247308;7.19085e-07;4.30997e-05;0.0067184;0.00018453;3.38963e-05;0.670104;8.91337e-05;5.48876e-05;3.86005e-05;2.17006e-05;0.0039742;0.0713694
2.07888e-09;1.42794e-08;1;1.00796e-10;1.7966e-11;1.38407e-13;9.29177e-09;2.56101e-11;1.21682e-09;1.08523e-10;4.43263e-10;4.00024e-09;6.5773e-11;1.44023e-14
1.32985e-05;0.0969518;0.00057723;0.000108079;0.00400998;5.70454e-05;2.15291e-05;0.00336142;0.000429731;1.71795e-06;0.000292096;0.888521;0.00557329;8.17763e-05
3.937e-08;0.0121002;1.77443e-07;6.65632e-08;1.74364e-05;5.75208e-05;9.71519e-09;0.00803457;3.86087e-09;2.25304e-07;2.48409e-08;7.00259e-05;0.979703;1.65941e-05
1.03493e-05;0.0234393;0.00320585;0.116616;0.0095531;0.177026;0.000705702;0.00193345;0.000982202;0.00737848;0.0198479;0.196867;0.440003;0.00243106
0.011022;0.027586;0.000381716;1.56903e-05;7.67712e-07;3.94464e-07;0.00013535;0.952754;0.00121056;6.6032e-06;0.000706861;4.96984e-05;0.0061299;3.10525e-07
9.04316e-09;0.999902;7.6433e-11;4.8834e-08;5.20423e-08;3.81983e-09;2.57655e-08;1.84555e-07;1.5349e-09;6.30012e-07;2.94313e-10;2.93759e-09;9.54149e-10;9.74181e-05
6.03689e-07;1.7013e-05;0.999979;8.81916e-08;8.40775e-08;5.87212e-07;1.2179e-06;3.40924e-07;2.80601e-08;5.1242e-07;5.69681e-08;2.42344e-08;2.44788e-07;3.98436e-08
2.49058e-09;7.4197e-10;1;3.39892e-10;1.34248e-11;2.72746e-11;2.50303e-10;2.63952e-09;1.57337e-09;6.7821e-11;2.42883e-10;1.71235e-07;3.15448e-09;9.07871e-13
1.25115e-07;3.27575e-06;9.13401e-05;1.27099e-07;4.90144e-06;1.50169e-07;5.95214e-10;0.000329511;5.57265e-07;2.02389e-09;3.42807e-08;0.999569;1.80185e-07;3.50211e-07
3.25768e-05;0.279134;7.1686e-08;2.42701e-06;0.000592846;0.00227378;3.80846e-07;0.0877295;4.63774e-05;4.46714e-07;4.76762e-06;9.78825e-05;0.629718;0.000366849
0.000155067;0.26795;6.36624e-05;3.19089e-05;0.266367;0.000500747;1.44804e-05;0.132029;0.00010689;1.23237e-05;1.4894e-05;0.314757;0.0101809;0.00781637
7.2499e-05;0.0213475;9.22687e-10;2.23001e-05;0.00286653;3.57126e-05;1.32228e-08;0.968779;3.9076e-05;4.54814e-08;1.39858e-07;0.000438482;0.00608337;0.000315263
1.07285e-05;0.996915;1.02025e-09;5.21383e-07;3.0271e-07;1.50723e-08;1.71154e-08;0.00156278;2.68358e-07;4.30312e-08;3.24973e-08;0.000231812;0.001274;4.68676e-06
1.5066e-05;0.00471085;3.18813e-07;1.854e-08;9.77813e-08;6.13462e-08;2.18976e-07;0.995187;1.09694e-06;2.16789e-07;5.86107e-09;1.10332e-06;8.34551e-05;7.60951e-08
4.91622e-05;0.0140564;5.54323e-05;0.00146099;0.148834;0.039414;9.64588e-05;0.624162;0.00372998;0.00123294;0.000449583;0.000562213;0.00163522;0.164262
3.09594e-09;3.47275e-07;1;3.63234e-10;6.4493e-12;2.04259e-13;2.91835e-09;1.25819e-11;9.70584e-10;1.83555e-11;5.3143e-09;1.4754e-08;1.57416e-10;3.45596e-13
1.17399e-07;0.000318791;0.000405969;2.69654e-07;2.94128e-07;3.74939e-08;5.40851e-08;2.48077e-06;8.08766e-06;4.62378e-09;7.46134e-06;0.999192;6.28642e-05;1.63069e-06
1.43268e-06;0.853453;1.01411e-07;9.60783e-06;0.000136376;9.09822e-06;4.72253e-07;0.00132169;1.43936e-05;4.51873e-07;9.08615e-06;0.000133033;0.128246;0.0166651
6.31411e-06;0.683436;4.36748e-06;2.57318e-05;5.33599e-05;5.17572e-06;8.12121e-07;0.0272264;1.43101e-07;2.55715e-06;5.90195e-07;0.288188;0.000195471;0.000854736
3.46916e-05;0.663121;0.00315437;0.058529;0.00218071;0.00838689;3.72926e-06;0.0378426;4.48555e-05;9.21336e-05;0.00076177;0.0254024;0.1895;0.0109461
3.07476e-05;0.80739;3.63088e-08;6.64213e-06;5.37284e-07;5.4391e-07;9.52312e-08;0.000158611;5.81278e-06;1.94854e-07;5.173e-06;0.185747;0.00665281;1.61823e-06
5.2793e-07;0.999856;1.29014e-09;3.83371e-08;1.97286e-08;8.35303e-10;1.08782e-05;6.68998e-07;1.13696e-10;2.40088e-05;2.98817e-09;4.10719e-09;2.0186e-07;0.000107984
1.63505e-10;2.32138e-10;1;6.86156e-10;1.03345e-09;7.10953e-10;3.62659e-10;3.43912e-11;6.32684e-12;1.19994e-09;1.20294e-11;1.65276e-07;5.01142e-10;8.14366e-12
9.21298e-06;0.866731;2.1703e-05;0.000189948;0.0012386;0.00235499;0.000273262;0.0377083;7.20028e-05;1.43467e-05;8.6196e-05;0.000842573;0.0843629;0.00609466
0.000104599;0.113038;8.28834e-06;0.00181636;0.00195752;0.00160209;0.000168377;0.00990518;0.000206412;0.000148011;0.0180239;0.00788778;0.844027;0.00110638
0.0013409;0.384346;2.59251e-05;0.00037233;0.00122751;0.000305809;0.000681328;0.199854;0.00252614;0.000161365;0.0037138;0.30414;0.0974678;0.00383753
5.96386e-05;0.946156;1.50965e-06;0.000119244;9.49091e-06;4.82335e-05;0.00121234;0.00177238;0.00302261;0.000101056;0.00694527;0.000716965;0.0397949;4.04294e-05
0.00163372;0.192921;0.0542881;0.0300583;0.0873848;0.000572434;6.34861e-05;0.00280724;0.00136683;0.000910792;0.00227143;0.591282;7.37345e-05;0.0343654
0.00343748;0.366788;0.00105818;0.000319174;0.00130255;2.09311e-05;0.000340354;0.00327648;0.00275864;3.53617e-05;0.0090756;0.109609;0.501304;0.000674125
0.000314592;0.578522;3.57116e-05;2.3995e-05;0.00162333;2.16064e-05;1.33375e-06;0.0319251;0.000361084;2.39043e-06;0.000365762;0.0672084;0.318805;0.000790503
2.41742e-08;0.999929;2.63356e-10;6.11833e-09;3.44869e-08;4.58803e-10;2.98632e-07;3.65477e-07;1.26999e-09;1.72116e-06;1.6566e-09;1.53087e-06;3.85486e-09;6.65264e-05
5.07307e-10;2.10533e-10;0.999997;2.64442e-10;8.98551e-10;1.8956e-10;2.42704e-09;2.54769e-10;4.69883e-11;5.73847e-11;1.24258e-10;3.41522e-06;1.36528e-10;1.35802e-12
2.37788e-07;0.000577443;1.23286e-10;2.29639e-06;0.0295273;1.15804e-06;8.74985e-07;0.969748;0.000116449;5.73978e-08;1.37185e-05;3.13404e-07;1.18384e-05;5.92469e-07
5.54626e-07;3.89392e-05;0.997922;0.000292599;0.000666524;0.000522625;2.63207e-08;1.05044e-07;4.81239e-07;2.66106e-06;8.24002e-06;0.000441709;1.32747e-06;0.000102442
0.00103979;0.766812;0.000298212;0.00024597;0.000358075;0.000269949;0.000513356;0.017907;0.0110502;1.78654e-05;0.0093794;0.0029578;0.188593;0.000556913
4.49025e-05;0.1135;1.17396e-06;9.25953e-06;7.32595e-05;1.07124e-05;8.76826e-07;0.00477546;1.30367e-05;1.1606e-06;6.29137e-05;0.00261886;0.878698;0.000189974
2.17545e-05;0.158534;2.40176e-07;6.31553e-08;5.19095e-05;8.05611e-07;0.000103803;3.72185e-06;2.16163e-07;0.000110494;2.0778e-07;2.62363e-07;1.69742e-06;0.84117
7.24754e-10;1.45725e-11;1;4.35585e-12;6.25373e-11;1.44701e-12;4.39646e-10;2.47231e-11;1.49977e-10;1.46986e-11;1.89699e-10;4.98857e-08;4.06643e-13;5.78453e-12
2.42129e-05;0.863085;6.53917e-07;1.39239e-06;2.91174e-05;3.26471e-05;2.12518e-05;0.00389102;0.00199221;1.38785e-06;0.00224085;0.000146483;0.12849;4.42035e-05
0.000242238;0.805704;0.0261395;0.000110128;0.000717821;0.000336037;2.2623e-05;0.0256513;0.00013531;7.17556e-05;0.000418627;0.100925;0.0124784;0.0270476
6.4598e-07;0.996054;5.0929e-10;7.24645e-07;6.4522e-06;1.48816e-06;4.90901e-06;1.75481e-05;1.11368e-07;8.51838e-06;2.9848e-07;4.15079e-06;1.73974e-06;0.0038995
1.39142e-06;0.000693693;0.994708;6.87547e-08;5.78769e-08;2.69785e-08;6.64375e-09;0.000296992;1.18075e-08;1.02984e-08;2.38311e-08;0.00329067;0.00100883;1.12981e-07
6.66691e-06;0.865577;0.000141572;0.000156326;0.000722478;0.000781832;2.0499e-06;0.103137;0.000177274;3.63766e-05;0.000231582;0.000910302;0.0254726;0.00264747
5.40808e-07;0.000475021;1.1937e-06;3.86548e-05;0.0935888;0.597938;4.09485e-07;0.00207779;6.38561e-07;0.000293845;6.2085e-06;0.00899163;0.000246433;0.296341
0.000217705;0.0733272;7.97533e-06;0.000112932;3.15379e-05;4.14087e-05;0.000789199;0.342059;8.66297e-05;8.87062e-06;0.000940834;0.000186913;0.58219;2.51806e-07
0.000435485;0.753616;0.0028374;0.00329325;0.000656857;0.000157564;3.71113e-05;0.180029;0.00051308;6.31221e-05;0.000220358;0.0521912;0.0055521;0.000397921
2.13829e-05;0.145335;0.000428989;0.00070199;0.0273487;0.00308609;6.82133e-08;0.619725;4.64311e-05;4.74609e-06;4.76038e-05;0.200153;0.00033959;0.0027604
0.000655636;0.842325;2.98736e-06;0.000147925;0.00748798;0.0109814;2.68304e-05;0.0938599;0.00261033;3.58621e-05;0.0042404;0.00137683;0.0340712;0.00217779
0.000100975;0.149825;8.59653e-05;4.18835e-05;0.00361842;4.96449e-05;8.85834e-06;0.000639556;7.18854e-05;6.98125e-06;0.000114278;0.843311;0.00190615;0.000218724
4.82384e-05;0.33665;2.88972e-10;1.18593e-06;0.00110287;6.18602e-06;5.15299e-09;0.659444;1.12632e-06;2.6846e-08;3.26737e-08;3.85062e-05;0.0027064;2.15579e-06
5.65606e-05;0.82929;1.25794e-05;4.4043e-06;2.99193e-05;2.96386e-06;2.4754e-08;0.0330227;1.01652e-06;4.82546e-07;1.81282e-07;0.122129;0.0153905;5.95255e-05
1.68953e-05;0.990352;0.000103191;2.37904e-05;3.21071e-06;5.97746e-07;1.22428e-05;0.000745978;1.90773e-05;1.37441e-05;0.000142105;0.00816116;0.000403925;2.51316e-06
2.74736e-06;0.982625;3.83171e-09;1.52095e-05;2.33413e-06;2.26774e-06;5.73006e-06;6.85144e-06;1.27562e-06;1.43984e-05;1.26257e-05;0.013177;0.00406562;6.9362e-05
1.84056e-05;0.00310109;5.95059e-07;2.61149e-06;5.85262e-07;5.40624e-07;2.50653e-07;0.00314369;2.18838e-06;4.36863e-08;6.41435e-05;0.000431692;0.993234;4.04531e-08
0.000235895;0.526266;9.35462e-06;2.03944e-05;0.000254589;0.000319013;0.000142584;0.284052;0.00145172;2.44231e-05;0.00054804;0.1209;0.0653271;0.00044875
2.05007e-06;0.168028;4.64731e-09;7.80334e-06;2.5041e-06;6.11879e-07;0.753267;1.0272e-05;9.9414e-07;0.0756765;6.85098e-06;2.23448e-06;2.12778e-06;0.00299353
1.70661e-08;1.61791e-09;0.999994;7.48819e-07;1.04131e-09;2.89224e-09;3.99284e-06;5.94479e-11;1.31887e-07;6.23745e-08;6.28613e-07;3.89201e-09;6.54268e-10;5.34262e-11
4.16896e-05;0.996657;5.55422e-06;0.000232801;1.16958e-06;5.92931e-07;3.71391e-05;0.00177024;1.50226e-05;7.30003e-07;0.000106788;6.40428e-06;0.00112511;1.56128e-07
1.38335e-06;0.987268;2.33009e-06;2.38459e-06;3.62457e-05;2.40188e-06;5.16338e-08;0.00555445;2.30028e-08;5.07631e-07;9.16146e-07;0.000133745;0.00612654;0.000870748
8.4262e-06;0.829633;1.02951e-05;0.00917418;0.0259523;0.00199712;2.71097e-05;0.0139573;2.50467e-05;0.000428183;0.000773845;0.0262737;0.00588242;0.0858571
0.000249329;0.0369359;5.65335e-06;0.000260124;2.39608e-05;0.000552946;0.00253645;0.00080825;0.000401258;7.64799e-05;0.00176424;0.000333515;0.956051;3.74034e-07
9.54874e-07;0.000493795;0.99947;1.50649e-06;1.13368e-06;2.05789e-07;3.54078e-08;9.68681e-08;3.35045e-09;6.96224e-07;6.04649e-09;3.07205e-05;7.32565e-07;5.18882e-07
1.06513e-06;0.999753;2.83568e-09;1.83509e-07;3.39538e-07;2.55951e-07;0.000135282;1.26078e-06;1.68027e-06;6.1518e-05;1.50208e-06;3.36232e-08;6.26591e-06;3.73227e-05
1.54281e-08;6.11009e-07;0.999997;6.23907e-08;4.39223e-08;6.69876e-08;7.3106e-09;2.44685e-08;1.72942e-09;2.04817e-07;3.13465e-09;1.34518e-06;2.3305e-07;2.41917e-08
1.69067e-05;0.827307;1.44368e-07;6.14886e-06;1.31685e-05;5.39827e-06;8.04318e-07;0.170125;5.83709e-05;8.53637e-07;4.80982e-06;1.81922e-06;0.00241742;4.17816e-05
1.74757e-05;0.0986523;4.8605e-06;1.14156e-05;2.83958e-05;6.94029e-07;4.66717e-06;0.00543186;5.20697e-06;1.5337e-05;3.85786e-05;0.895468;0.000321049;2.18995e-07
2.26222e-07;0.0276118;1.50369e-08;7.31867e-07;4.00375e-08;2.11914e-08;0.942801;2.14843e-07;4.52021e-07;0.0295459;1.54567e-06;1.54786e-09;7.89943e-09;3.78853e-05
8.87608e-11;8.25474e-12;1;3.74233e-09;5.98897e-11;1.16037e-10;1.89686e-09;3.50724e-11;1.13813e-09;2.31768e-10;1.64766e-09;1.44634e-08;2.00189e-10;2.87073e-12
6.12057e-05;0.493698;2.22694e-05;0.00028099;8.09283e-06;3.67448e-06;0.000602466;0.0936749;0.00181365;8.21288e-06;0.00679947;0.00770065;0.395324;3.33407e-06
6.44813e-06;0.914827;4.353e-08;7.32574e-06;2.62527e-06;1.3418e-06;4.17192e-07;0.0102571;6.29019e-06;2.93864e-06;8.63486e-05;0.0384988;0.0362132;8.98107e-05
4.76444e-06;0.225114;4.86489e-06;1.08955e-06;1.31885e-05;8.56029e-06;0.0371586;7.40637e-06;1.28929e-07;0.0722504;4.94748e-06;2.77931e-06;1.55193e-05;0.665414
5.4576e-09;4.34563e-10;0.999999;1.56365e-09;6.39912e-10;4.37352e-10;1.14558e-07;1.7747e-10;3.94817e-08;2.81029e-09;5.6125e-08;5.25763e-07;4.81803e-11;1.21474e-10
4.36787e-07;0.987853;3.17403e-09;2.38779e-08;3.33098e-10;4.6815e-10;0.000154639;1.15048e-07;1.59107e-05;3.89872e-08;1.84843e-05;7.37301e-07;0.0119571;1.12678e-10
5.07221e-08;0.999831;7.49417e-10;9.24625e-08;5.01586e-08;6.08951e-08;1.25436e-06;7.85172e-05;5.11243e-08;1.41262e-05;2.56437e-08;2.57865e-06;4.45484e-07;7.21822e-05
9.80264e-10;3.22482e-06;0.999997;2.52064e-09;1.29963e-10;1.07652e-11;2.03901e-08;8.43954e-10;1.31203e-10;1.5493e-09;6.37537e-10;1.5879e-07;1.79743e-10;1.80484e-09
6.06455e-06;0.366363;6.92448e-06;1.75913e-05;0.000130787;7.18193e-06;3.99418e-06;0.611076;7.4113e-05;5.89443e-07;6.67598e-05;0.0111545;0.0107424;0.000350006
1.49248e-05;0.793717;2.12766e-05;0.000113657;0.00347135;0.00467367;0.000377528;0.174752;8.99635e-06;0.00164632;3.75711e-05;5.88556e-05;0.00708285;0.0140235
9.2423e-10;3.85695e-09;1;9.49391e-10;2.89619e-11;1.02106e-10;2.915e-09;3.12955e-10;2.00956e-10;3.31366e-10;1.13832e-10;1.05117e-08;9.81609e-09;5.92899e-12
9.28339e-06;0.00396753;0.935142;4.80753e-05;9.48439e-06;2.19595e-05;2.88239e-05;0.00420887;3.99404e-05;1.06899e-06;4.64485e-05;0.0277736;0.0286279;7.53398e-05
1.26539e-05;0.0132387;0.00379157;0.000236524;0.00220736;0.053095;7.38544e-06;0.00784119;0.000123005;1.94955e-05;0.000329793;0.00014628;0.0132006;0.90575
3.70112e-07;0.00144222;4.0994e-06;7.7647e-07;0.00177419;1.2014e-05;1.70377e-08;0.00130294;5.00414e-07;3.84307e-08;1.16735e-05;0.994312;0.00112583;1.37807e-05
3.83709e-06;0.993375;7.18191e-08;3.46965e-07;2.24572e-07;1.30731e-06;4.35628e-05;0.00187616;3.90838e-08;2.42159e-05;1.76098e-07;1.07103e-07;0.00466431;1.03344e-05
8.31951e-11;1.7033e-09;1;1.00787e-11;6.92367e-12;1.40994e-10;7.84275e-12;1.85279e-11;5.90565e-13;2.75382e-12;1.61816e-13;5.39122e-08;1.15427e-09;5.38972e-13
3.56638e-05;0.703712;1.39228e-05;0.00100547;0.00704558;0.00427639;9.63938e-05;0.058135;0.00145423;9.86918e-06;0.000191667;0.0146115;0.208626;0.000786716
5.36235e-06;0.864641;2.71938e-06;4.28836e-05;9.36817e-05;1.13298e-05;1.76924e-07;0.0164401;2.99019e-06;1.80147e-07;8.0214e-06;0.00459272;0.114153;5.60941e-06
3.19739e-06;0.524176;1.33515e-10;1.1736e-05;0.00132015;0.000122273;1.5943e-08;0.0121681;1.3405e-07;1.06893e-06;1.63685e-07;0.000304963;0.458659;0.00323299
8.80811e-05;0.0344859;1.48331e-05;1.97565e-05;0.00136411;5.60702e-05;1.06709e-05;0.00969952;1.67923e-05;8.56565e-06;2.27779e-05;0.941446;0.0120215;0.000745216
0.000139034;0.0712007;1.12893e-05;0.000111401;0.000630559;9.32037e-05;0.000158714;0.000924832;0.000160333;6.20206e-06;0.000759141;0.845006;0.0804706;0.000328033
2.02394e-05;9.29909e-06;1.03821e-08;1.33967e-08;5.68389e-07;2.88949e-09;6.64389e-08;0.999951;1.51447e-05;2.56107e-09;1.57712e-07;3.38694e-07;3.32174e-06;2.88535e-08
1.09867e-06;0.990754;7.06607e-08;1.64976e-05;0.00204104;4.93852e-06;3.19468e-08;0.000731576;9.92347e-08;2.06904e-06;1.60272e-08;0.00216294;2.89406e-07;0.00428501
1.66317e-05;0.00153106;0.000296594;6.11246e-05;0.00135255;0.00254521;8.20167e-08;0.000185144;2.50669e-07;9.38213e-06;8.51297e-07;0.987797;6.72486e-05;0.00613642
5.89632e-05;0.900649;3.4735e-08;2.09158e-05;2.28123e-05;2.85972e-05;2.36354e-05;0.0922877;2.88585e-05;6.07712e-07;8.4838e-05;1.72855e-05;0.00676764;8.72269e-06
2.76039e-05;0.993812;0.00154955;0.000322382;0.00173785;3.05923e-05;1.67149e-07;0.000556097;1.51837e-07;1.01772e-06;4.51766e-07;2.88098e-05;0.000503856;0.00142895
9.17959e-07;0.99736;5.3205e-09;1.99061e-09;1.24275e-09;1.17168e-08;1.07064e-07;8.1165e-05;3.03442e-09;2.8567e-09;4.28532e-08;9.42984e-05;0.00246363;4.17839e-09
8.67183e-07;0.835499;1.62391e-05;1.63113e-05;3.24978e-06;2.44008e-05;0.00816931;7.29766e-06;9.39034e-07;0.00321202;3.10087e-06;8.96562e-05;1.59614e-07;0.152958
6.00665e-09;3.99099e-07;0.999998;8.48943e-08;3.48945e-10;9.21913e-10;1.27689e-06;2.87675e-09;7.76245e-08;1.08724e-08;1.33085e-07;2.27883e-08;2.79137e-09;3.16426e-12
3.14223e-07;0.92769;1.04985e-08;4.58636e-07;2.55217e-09;5.91777e-09;7.39977e-06;1.19984e-07;3.65427e-07;2.16884e-08;4.86388e-06;5.5889e-05;0.0722402;1.09475e-10
3.48848e-06;0.00508451;0.044292;0.000114822;0.00109399;4.81317e-05;1.90496e-07;0.000233936;7.73601e-08;3.49092e-06;1.8156e-07;0.754712;2.23914e-05;0.19439
2.22846e-07;0.627532;1.53642e-11;9.29785e-07;1.22597e-05;0.000574894;7.10705e-07;0.018346;2.8207e-08;8.12221e-07;5.01257e-07;1.79005e-09;0.353495;3.64597e-05
4.10874e-11;7.84049e-11;1;1.25404e-09;1.02382e-12;5.59997e-11;6.20129e-12;4.59645e-12;1.4295e-12;2.18421e-11;6.71944e-11;3.7108e-07;1.90957e-11;5.55774e-13
3.01543e-05;0.00788095;0.000114059;0.000764503;0.000117505;0.000498677;3.9835e-06;0.00202861;0.00183299;9.65563e-07;0.00103307;0.981789;0.00329245;0.00061305
5.59805e-06;7.38356e-05;1.36187e-06;2.66015e-07;1.04209e-07;3.27526e-06;3.56367e-08;5.73626e-05;6.70597e-06;1.32093e-08;3.85831e-06;1.02397e-07;0.999847;1.36174e-08
7.02292e-07;0.000101323;1.79501e-07;4.45095e-07;1.21369e-05;2.14611e-08;9.70137e-11;2.61855e-06;1.14127e-06;2.01135e-09;2.95788e-06;0.999867;2.06638e-06;9.29842e-06
1.26872e-05;2.76199e-05;3.55835e-06;1.53677e-07;0.000241234;4.69695e-08;2.26287e-10;0.999696;1.352e-07;3.31018e-08;1.69072e-09;6.34259e-08;2.16375e-06;1.58072e-05
2.96586e-06;0.000708277;9.43123e-09;2.79658e-07;0.000389802;5.90481e-08;7.49815e-09;0.998596;1.94262e-05;4.44869e-08;2.57501e-07;4.22701e-06;0.000278706;3.36575e-08
8.00568e-08;5.07031e-06;0.999962;6.90461e-07;1.05825e-05;1.62499e-06;6.63045e-10;1.14238e-07;1.05721e-09;2.37242e-06;4.88485e-09;1.73568e-05;2.49903e-07;1.60729e-07
1.78472e-06;0.995134;5.85163e-05;4.16735e-06;3.35625e-06;2.4536e-07;1.44709e-06;0.00430291;4.54555e-05;1.56469e-07;2.72509e-05;0.000110853;0.000296399;1.30284e-05
