1.09714e-06;0.0292424;0.000458826;2.16318e-06;6.14026e-06;3.445e-06;3.12233e-09;2.46065e-07;2.33949e-09;7.95067e-08;1.84546e-07;0.00275063;0.967534;3.81453e-07
1.96113e-08;5.29569e-05;9.45451e-10;1.54052e-08;7.73273e-07;7.11764e-10;1.47188e-09;0.999916;5.30921e-08;1.56627e-09;2.74889e-07;2.88875e-05;4.75967e-07;2.54839e-08
3.72789e-08;7.98977e-05;0.999065;1.17235e-06;0.000190014;5.93598e-06;8.31349e-10;1.57666e-06;2.72214e-11;1.98306e-08;6.96665e-09;0.000601535;1.9402e-05;3.51602e-05
0.000105003;0.0238707;1.32401e-06;5.14039e-08;6.48802e-06;3.71598e-05;8.64028e-05;0.0051576;8.53747e-06;7.93909e-07;9.23474e-06;4.0765e-08;0.970288;0.000428628
5.80622e-11;2.40026e-11;1;1.4522e-11;5.4578e-12;8.68136e-12;1.31636e-10;1.03663e-13;1.32548e-11;1.2953e-11;2.35315e-11;1.0909e-08;7.24541e-10;6.74176e-13
9.93613e-10;3.96266e-08;0.999923;2.41987e-08;1.31382e-07;2.27446e-08;3.46103e-10;3.44613e-06;4.1095e-09;1.01286e-10;1.76393e-09;7.27504e-05;4.1478e-08;5.25767e-08
2.97991e-09;4.13024e-05;2.47051e-05;1.965e-07;2.04549e-05;0.00134523;1.36633e-10;2.72448e-06;8.91254e-10;1.32698e-07;8.02991e-10;5.24002e-06;3.33603e-07;0.99856
5.05995e-07;0.0036258;3.62133e-08;6.74227e-06;2.49662e-06;2.54662e-06;5.9926e-08;0.00188905;1.02973e-07;9.08514e-09;5.32877e-05;6.21195e-05;0.994357;8.32782e-08
3.58098e-07;0.392398;1.01561e-10;1.22498e-06;7.3132e-06;1.231e-08;7.70399e-10;0.607578;3.14526e-08;6.16915e-09;9.72982e-09;1.13886e-07;1.30189e-05;1.75825e-06
9.85234e-06;0.0934947;0.0321315;0.000980299;0.00148599;0.000607667;5.48583e-09;2.17039e-05;1.30899e-08;6.34968e-06;8.60752e-06;0.0290088;0.842114;0.000130342
2.05637e-05;0.962721;1.21289e-07;3.90132e-07;8.72427e-05;4.80536e-08;6.48559e-07;0.0315594;8.90714e-06;1.2608e-07;3.07163e-05;0.00433335;0.00123122;6.05827e-06
0.000249248;0.0597402;0.105089;9.32948e-05;0.638111;0.000300952;3.03562e-05;0.00492431;1.62124e-07;0.000749136;1.89153e-05;0.149279;0.000690346;0.0407245
0.00114612;0.914835;5.5157e-05;8.49355e-05;0.000148192;9.61645e-06;0.000471521;0.00459629;0.00656267;1.86514e-06;0.0282165;0.0133579;0.0109983;0.0195156
6.46677e-06;0.98475;1.23415e-06;6.26682e-07;1.93895e-05;1.77214e-05;9.36956e-09;0.0143826;9.39455e-08;3.07239e-07;6.0956e-08;9.21132e-05;0.000438844;0.00029027
1.00083e-07;0.00016199;4.56071e-11;3.83616e-08;1.63107e-07;1.83633e-07;1.72233e-09;2.89644e-05;3.85528e-08;3.57278e-09;5.98508e-07;5.03018e-06;0.999802;4.71878e-07
2.61891e-05;0.000189304;2.64576e-06;2.41603e-05;5.92854e-06;5.69708e-07;4.15968e-08;1.67704e-05;6.19886e-06;6.04212e-07;2.30932e-05;0.99962;8.43356e-05;4.34627e-07
2.56336e-05;0.986949;3.65195e-06;3.05562e-06;3.92986e-05;8.95995e-09;1.38072e-08;0.012952;6.14484e-07;8.06457e-08;1.21728e-07;2.22046e-05;3.78432e-06;3.61969e-07
2.966e-06;0.994363;5.25703e-05;1.84285e-05;1.69071e-05;1.26787e-05;6.10828e-08;3.58637e-05;2.61516e-09;2.67014e-05;1.83884e-07;0.000563931;0.00466027;0.000246686
1.73065e-07;0.000227489;1.33934e-06;1.10522e-07;2.74009e-06;1.40137e-08;2.03405e-09;0.000547392;7.04586e-09;1.16912e-09;8.08533e-07;0.999216;1.90491e-06;2.09101e-06
5.26927e-07;0.000523571;2.00692e-09;1.2112e-07;0.00319582;3.47275e-06;3.50303e-07;0.996259;2.18898e-07;9.52994e-08;2.26429e-07;5.48258e-06;4.04556e-06;7.19037e-06
6.03309e-05;0.0391887;0.928748;0.000100686;0.000197831;0.000302052;7.10969e-07;0.000907204;5.47669e-08;1.01904e-05;1.28224e-06;0.0026144;0.027812;5.6352e-05
1.18203e-05;0.00815986;8.76884e-10;1.08713e-05;1.18894e-06;1.9168e-06;1.04884e-06;0.000481266;3.62259e-05;3.36171e-08;0.0035821;0.00267002;0.985002;4.15072e-05
1.7718e-06;0.000250644;1.20257e-07;4.21277e-07;9.21411e-06;3.77821e-07;1.38999e-08;7.3875e-06;1.98026e-07;2.06619e-08;4.21607e-06;0.999629;9.63493e-05;9.86982e-08
4.17403e-05;0.310625;1.76777e-07;1.3385e-07;1.48993e-05;0.00010953;1.10143e-05;0.0552664;2.07785e-06;8.0516e-07;2.82982e-06;2.31874e-06;0.633856;6.64465e-05
2.1344e-06;0.0136766;4.02681e-05;9.62016e-05;0.00539547;0.013361;4.83509e-07;0.00617271;5.46072e-07;1.14794e-05;5.10563e-06;0.0180322;0.00740651;0.935799
1.46482e-07;0.961221;1.97151e-09;3.95371e-06;2.33322e-06;1.38034e-05;8.51343e-07;0.0317049;6.06854e-07;5.0458e-07;2.11124e-05;5.14774e-09;0.0069995;3.1094e-05
1.61513e-09;3.40492e-10;0.999999;1.67231e-08;1.06495e-10;1.47103e-10;5.29963e-09;6.72621e-10;1.27393e-09;1.88503e-09;1.25761e-07;6.79341e-07;4.25628e-09;8.63203e-12
2.76237e-05;0.00778981;0.000320174;1.86142e-05;0.000379016;2.06043e-05;0.000266935;0.000703053;0.00010537;3.87482e-06;7.65512e-05;6.02944e-06;0.000806283;0.989476
1.30677e-06;0.0199911;2.91914e-10;7.37956e-08;0.000351822;3.45341e-07;5.09515e-07;0.979622;2.02352e-05;3.32657e-08;1.09293e-07;4.84305e-07;1.2892e-06;1.09112e-05
4.23457e-08;3.97936e-06;0.999909;7.38616e-08;3.61995e-05;6.43999e-08;4.76813e-09;7.33685e-09;2.88316e-11;3.386e-08;1.82558e-09;5.00631e-05;1.00783e-08;8.94699e-07
2.32756e-07;0.999689;1.49382e-07;1.92209e-07;1.79284e-07;1.37166e-08;2.91084e-06;0.000126209;3.40558e-06;4.84955e-09;8.8013e-06;3.12116e-06;4.15661e-05;0.000124155
3.87529e-07;0.00621475;7.66578e-08;2.65555e-09;2.10823e-06;1.96888e-08;3.75974e-09;0.993571;1.44272e-07;1.66608e-08;1.16067e-09;6.7985e-09;0.000208789;2.42004e-06
1.37397e-09;1.48831e-05;4.19895e-07;1.6735e-07;3.08961e-06;1.37561e-07;3.49027e-11;3.746e-08;1.3556e-08;1.44672e-09;2.96391e-08;0.999978;1.137e-06;2.44582e-06
1.24942e-06;0.994187;1.33016e-08;4.38746e-07;3.87559e-06;1.2473e-07;6.64685e-06;0.00299112;2.49422e-06;7.16687e-07;2.37409e-06;2.94639e-06;0.00279989;6.80074e-07
5.96226e-07;0.0116179;2.01431e-06;4.66068e-06;3.52905e-05;5.96573e-07;1.22911e-06;3.9659e-06;5.96175e-06;2.69913e-07;8.40441e-06;0.986884;0.0014334;1.5385e-06
1.33239e-05;0.000368348;6.80597e-09;7.11721e-08;1.67704e-05;4.84484e-06;5.83603e-09;0.988707;1.79487e-06;7.76571e-09;2.49929e-08;2.83579e-07;0.0108877;2.00188e-08
2.97259e-05;0.56409;3.18357e-08;1.74723e-06;1.30918e-06;1.79207e-07;3.81139e-08;0.00315363;1.91874e-06;1.04827e-08;1.48398e-07;1.87133e-05;0.432702;1.03623e-06
2.53025e-05;0.0228337;8.84989e-06;7.81033e-06;2.91504e-06;1.84691e-07;1.18522e-09;0.000455344;1.55255e-06;1.08086e-07;3.96062e-07;0.973413;0.00324594;4.39571e-06
3.92699e-05;0.976317;2.92762e-07;1.23349e-05;0.000105295;1.22445e-08;4.68969e-08;0.0113329;3.42797e-06;1.216e-06;2.99439e-06;0.0121659;7.74366e-07;1.86924e-05
5.39429e-05;0.94097;0.00153153;0.000126221;0.0011287;6.02287e-05;2.71599e-06;4.79244e-05;8.98775e-08;0.000153073;1.85363e-05;0.0194055;0.0289946;0.00750698
4.79871e-05;0.25417;5.53073e-07;3.54459e-05;0.00211303;0.00338906;0.00044798;0.00757391;0.000218643;2.31234e-05;0.000914703;0.00199342;0.722942;0.0061302
2.88482e-06;0.00190171;0.996996;1.94291e-06;0.000134114;8.73963e-07;1.96562e-08;0.00087934;8.00351e-09;4.85913e-08;9.72493e-09;7.84001e-05;1.58515e-06;2.82138e-06
0.000456704;0.329506;4.3804e-06;6.98992e-05;0.0525388;0.024232;0.000102578;0.0184855;0.000810349;2.9369e-05;0.00214699;0.00271479;0.498719;0.0701837
2.05608e-05;0.990126;6.45798e-06;1.952e-07;6.16316e-08;6.88601e-09;1.08125e-07;0.00345236;5.16357e-07;3.61615e-08;1.684e-06;0.00567904;0.000712718;2.15817e-07
2.34573e-07;0.99909;2.2837e-10;2.64784e-06;0.00015642;6.81375e-08;1.41645e-08;0.000694223;5.4111e-08;4.9038e-07;1.37825e-07;4.74512e-05;6.1827e-07;7.68927e-06
1.67852e-05;0.00231829;0.00760439;0.000317114;0.00120234;0.00221061;1.66702e-07;0.00130165;1.75003e-07;9.02182e-05;7.94348e-06;0.984358;0.000464093;0.000107704
0.000104485;0.076905;3.15695e-07;9.46959e-05;0.000102572;9.37994e-06;3.32685e-05;0.0251126;0.000114893;1.83563e-06;0.00303849;0.000181297;0.894118;0.000183039
5.25183e-05;0.000396496;7.0352e-05;4.16064e-05;5.81963e-05;3.51496e-06;4.78828e-07;0.00102468;1.53043e-05;2.21068e-06;0.000188692;0.997723;0.00041908;3.62723e-06
6.93666e-07;0.999203;3.30823e-06;1.24533e-07;2.93676e-07;1.22164e-07;4.02118e-08;0.000127372;1.62232e-10;2.65612e-07;4.8398e-10;4.07936e-08;0.000664842;2.66142e-07
1.27752e-09;7.49607e-09;0.999999;2.01371e-08;6.8527e-10;3.63508e-10;7.39494e-09;1.46419e-10;5.17904e-11;3.79995e-08;4.63389e-10;8.80831e-07;3.62871e-09;6.01192e-10
3.7005e-09;2.17856e-08;0.998675;1.77666e-06;8.25174e-07;2.26202e-07;6.93654e-09;3.4305e-05;6.65118e-08;5.48029e-09;9.0888e-08;0.00128577;4.97565e-09;2.17268e-06
4.33192e-08;0.0014526;1.45799e-05;4.80279e-07;2.47991e-05;0.00851908;2.34302e-08;1.71817e-05;2.74492e-09;1.09666e-06;1.25459e-08;5.17842e-07;8.67281e-06;0.989961
3.34414e-08;4.14302e-06;1.18719e-08;5.27036e-07;8.18318e-08;5.03587e-06;3.04528e-10;1.63998e-05;1.02234e-08;5.97011e-10;4.91046e-06;1.83818e-05;0.99995;6.46852e-08
2.96824e-07;0.999981;1.77984e-09;3.30486e-09;3.45758e-10;4.04523e-11;1.32115e-10;8.25486e-06;8.64495e-10;4.04471e-10;5.02313e-09;5.26725e-07;9.59099e-06;2.04677e-09
2.09985e-08;0.000728969;1.14812e-10;1.22473e-06;0.0008813;3.41578e-07;2.11429e-10;0.998378;2.04861e-10;1.40838e-06;2.75536e-10;8.337e-07;5.1548e-06;2.94092e-06
8.66917e-08;2.66708e-07;0.99961;0.000256181;1.36911e-07;4.07586e-06;4.35827e-08;2.84864e-10;4.29509e-08;3.07214e-05;6.2186e-06;9.26898e-05;2.576e-09;7.98065e-08
2.68986e-05;1.00534e-05;3.35738e-09;1.84831e-05;8.11748e-10;4.17643e-08;5.33071e-05;1.69687e-06;0.00547412;6.14233e-07;0.994394;5.0159e-06;1.54972e-05;4.99788e-10
0.000193719;0.998177;4.07794e-06;3.19417e-05;1.88034e-07;1.09454e-07;7.32021e-06;0.000517906;4.0949e-06;1.30802e-05;6.5392e-05;0.000823095;0.000161643;5.08117e-07
1.48767e-06;7.11589e-06;8.629e-09;3.7409e-06;0.000557034;2.41637e-08;4.04788e-10;0.999426;5.2237e-08;1.61364e-06;6.85335e-08;3.77584e-07;5.93826e-07;1.34283e-06
4.03627e-07;8.83146e-08;0.999945;2.04197e-05;2.39091e-08;2.27405e-08;4.16052e-08;2.35939e-10;2.47787e-07;3.96728e-06;2.99026e-05;1.88968e-09;3.888e-09;6.68397e-10
0.000158054;6.45598e-06;1.89966e-06;7.28372e-06;1.99237e-07;4.94752e-07;9.10825e-05;0.00012704;0.0172996;2.4565e-06;0.982167;1.89241e-05;0.000119094;5.44284e-08
