4.62919e-06;0.999627;1.33569e-05;5.4576e-06;8.12958e-07;1.42658e-08;1.29927e-07;1.50428e-05;7.6737e-08;4.22585e-07;1.26081e-07;0.000134015;0.000198337;4.84475e-07
4.35896e-06;0.999242;3.13226e-08;3.07426e-07;2.14239e-07;4.25674e-08;2.60461e-05;0.000683196;3.22235e-07;2.90262e-05;2.74721e-07;7.41257e-09;1.05637e-05;3.93579e-06
1.74096e-10;1.28682e-10;1;6.6744e-10;1.19391e-09;3.78889e-11;5.75549e-11;2.98855e-12;2.07617e-11;2.12385e-10;5.28601e-11;1.02489e-07;3.43321e-13;1.08789e-10
3.56886e-05;0.944628;8.91301e-08;1.00574e-05;4.54326e-05;5.96675e-06;3.77898e-05;0.00846653;0.000834432;1.29599e-06;0.000302203;0.000871704;0.044639;0.000121841
2.6514e-06;0.994916;2.79079e-07;1.14259e-06;4.98367e-07;2.93472e-07;9.57297e-06;0.000102893;2.61718e-06;1.27742e-06;1.88626e-05;0.00299844;0.00190481;4.04347e-05
9.31548e-06;0.79294;7.65647e-07;4.97903e-05;7.34654e-05;3.60122e-05;1.6371e-05;0.00207142;8.44762e-06;1.29312e-05;1.75727e-05;0.190713;0.0132922;0.000759097
4.45694e-07;0.879336;3.41713e-09;1.05279e-06;1.60564e-06;3.69876e-05;8.67371e-07;0.0700466;1.35456e-06;6.93074e-07;4.67773e-07;7.17058e-08;0.0504031;0.000170836
3.88852e-09;1.28463e-08;0.999991;2.56471e-08;1.2994e-10;5.38636e-10;2.79298e-09;5.99623e-10;2.40047e-09;2.38809e-09;2.15411e-08;9.49241e-06;1.09059e-08;1.54835e-11
5.96262e-05;0.200961;0.00016625;0.00030233;0.000375232;0.000189237;5.54634e-06;0.533354;0.0058029;1.51368e-06;0.000868334;0.249397;0.00850112;1.60875e-05
8.71312e-07;0.995483;1.02738e-09;1.56518e-07;9.07989e-06;7.38202e-06;1.73826e-07;0.000319589;2.38555e-06;3.36168e-07;4.77738e-06;4.0948e-06;0.00416837;2.24975e-07
3.08463e-05;0.326776;0.0011805;9.0687e-05;0.142076;0.000938253;1.00949e-06;0.0145866;1.28365e-07;5.69812e-05;4.93308e-06;0.430575;0.0389169;0.0447659
0.000100706;0.0452753;7.35895e-06;0.000262263;3.39849e-05;1.56996e-05;0.000244491;0.893288;0.0199218;9.73339e-06;0.00112804;0.000126788;0.03958;5.84705e-06
2.70849e-06;0.00471775;1.5589e-08;1.93867e-08;6.15404e-07;1.5272e-08;3.12859e-09;0.99524;8.97633e-08;2.45416e-08;4.75022e-10;5.658e-08;3.85539e-05;1.21467e-07
1.80896e-08;1.56713e-05;2.50403e-07;1.17532e-07;4.05597e-06;5.00808e-08;1.62798e-10;1.94869e-06;4.33155e-08;2.93396e-09;5.44233e-08;0.999965;2.31961e-07;1.26751e-05
3.1215e-06;0.989998;3.70089e-08;3.05239e-07;3.502e-06;4.27137e-07;2.4611e-06;0.00149778;1.57716e-05;1.83613e-07;6.96125e-06;3.69826e-07;0.00847054;5.5488e-07
5.51857e-06;0.00759134;5.33423e-06;1.91154e-06;0.000210654;2.09984e-06;3.67792e-06;6.20128e-05;5.20794e-06;2.8217e-06;2.01722e-06;0.990651;0.0013426;0.000113772
0.000240324;0.00113528;5.00139e-08;3.34464e-06;0.000432182;1.93765e-05;4.74939e-07;0.942557;0.00126663;4.27072e-08;4.27469e-06;1.84042e-05;0.0543225;9.59908e-08
5.44324e-06;0.995937;1.75626e-09;2.59289e-08;7.88543e-08;8.97496e-09;1.48953e-06;0.00304678;4.90115e-08;3.57789e-07;1.01838e-09;1.42397e-09;0.00100858;2.02531e-07
3.02139e-08;1.04486e-08;0.999998;1.63294e-07;4.14602e-09;9.20082e-10;6.22022e-09;2.34797e-09;4.54938e-09;1.16955e-08;2.69489e-09;1.86283e-06;2.74282e-08;5.2457e-10
3.87559e-07;0.000263218;6.15911e-05;2.87897e-06;4.88022e-06;1.45104e-05;2.16665e-08;0.000129547;5.58784e-07;9.7766e-08;1.36699e-07;0.998314;3.85934e-06;0.00120428
1.41667e-05;0.869731;3.91941e-06;4.64394e-05;0.000118996;0.00349228;2.80866e-05;0.00664591;2.47881e-05;5.57995e-06;0.000288476;0.000228533;0.117396;0.0019753
5.96382e-07;0.945398;4.25156e-08;1.48188e-06;0.000111624;4.1455e-05;1.2107e-08;0.00201689;1.14708e-09;1.36264e-07;1.81795e-07;0.0505102;0.00190863;1.04664e-05
3.97944e-05;0.519275;1.40194e-05;3.88269e-05;0.00025219;0.0121999;1.05777e-05;0.32265;1.56881e-05;8.19984e-07;3.37664e-06;5.25401e-05;0.145307;0.000140294
5.40755e-07;0.965201;4.84895e-09;9.66504e-08;9.56048e-09;2.86324e-07;1.7003e-07;6.68327e-06;2.21826e-07;1.4104e-08;4.55461e-08;6.61517e-05;0.034725;8.89813e-09
4.76051e-06;0.878416;1.2916e-07;3.90636e-05;6.769e-05;7.97714e-05;7.68639e-07;0.000389165;4.89211e-06;8.92911e-06;6.17238e-06;0.112676;5.59764e-05;0.00825062
1.10616e-05;0.000575643;1.35777e-09;1.48954e-08;3.60082e-07;4.57896e-08;3.36314e-07;0.999394;5.6995e-06;1.61894e-08;1.11949e-06;5.54265e-07;1.1182e-05;2.80583e-08
2.04567e-05;0.00243154;1.59379e-05;0.000190177;0.0276155;0.00187217;9.34511e-08;0.0038699;2.02449e-05;1.22494e-06;2.67506e-05;0.564371;0.00142215;0.398143
4.2792e-05;0.944339;9.01735e-06;6.50149e-07;3.03475e-06;1.31297e-07;2.34487e-06;0.000122424;3.69222e-06;1.59081e-07;4.04986e-06;0.000935421;0.0544661;7.14372e-05
4.41423e-05;0.038732;8.65917e-06;0.000149492;0.0454247;0.000299365;1.29893e-06;0.0014894;8.43958e-05;6.04506e-06;0.000110293;0.181473;0.0297058;0.702471
1.21749e-05;0.879061;7.08815e-07;2.11911e-06;5.07342e-05;1.18987e-05;2.68835e-07;0.100721;1.20395e-06;1.47961e-06;2.80719e-07;0.0193112;0.000615451;0.00021007
7.9043e-06;0.00547864;1.50128e-07;0.000125959;0.00762013;0.00112987;2.42112e-06;0.105189;4.27755e-06;1.13994e-06;0.000246717;0.000331772;0.868629;0.0112327
0.000138535;0.0686227;1.79321e-05;2.09743e-05;7.15826e-05;6.93854e-05;0.000239488;0.00367822;1.52978e-06;0.000167485;9.16998e-06;0.000636165;0.92585;0.000477086
5.58295e-10;4.44912e-11;1;4.77328e-10;5.68306e-12;4.29926e-12;4.41868e-10;3.82394e-10;3.66991e-10;4.48592e-11;3.44587e-09;4.42288e-09;6.18885e-12;1.49129e-12
6.4053e-07;0.00507315;0.000352053;2.33712e-05;3.78055e-06;3.92589e-07;1.81969e-07;0.00016232;1.11031e-05;2.87564e-07;2.6149e-05;0.994275;2.47906e-05;4.69503e-05
1.24492e-07;0.999278;1.70542e-11;7.80112e-08;3.57247e-07;3.56484e-06;4.04409e-08;0.000334737;9.61543e-09;3.07671e-07;5.60477e-07;6.00051e-09;0.000321086;6.0897e-05
3.56655e-10;9.95046e-09;0.999841;3.15499e-09;2.36132e-10;2.1547e-09;5.80988e-11;3.98834e-12;2.38696e-12;1.42431e-10;5.88553e-10;0.000159414;1.63309e-10;8.99198e-10
4.27505e-07;0.00746515;9.36941e-06;5.74178e-07;5.2327e-06;0.000197963;4.83716e-09;0.818472;1.79008e-08;2.91287e-09;1.8248e-08;1.39548e-07;0.173849;7.39095e-07
2.14897e-08;3.90124e-06;2.13449e-08;2.23885e-08;2.00473e-08;0.00241025;2.21015e-09;3.30553e-06;1.70623e-08;1.22007e-08;1.87207e-08;3.13972e-11;0.997582;1.99017e-08
7.9087e-08;4.76129e-05;0.999948;3.39433e-07;5.4117e-07;1.35063e-07;8.78585e-10;3.27194e-08;2.23328e-10;5.73307e-07;4.29336e-10;8.95628e-07;6.36814e-08;1.37047e-06
2.12425e-06;0.985332;4.96963e-06;6.22516e-05;3.32968e-05;9.40058e-06;2.28259e-06;0.0109795;6.42084e-05;3.17982e-06;0.000109038;1.42194e-05;0.0032504;0.000133261
