1.24725e-06;0.99987;2.15574e-06;1.07202e-05;3.78315e-07;8.78762e-08;7.92496e-08;6.48858e-06;5.58208e-08;1.6696e-07;9.34975e-08;9.35769e-06;9.8578e-05;8.54282e-07
4.56731e-06;0.902636;2.80871e-07;6.71672e-08;1.27171e-08;1.18174e-07;4.68599e-07;3.35161e-05;6.21733e-08;3.06322e-08;2.81195e-07;0.00088746;0.0964375;1.04217e-08
0.000104172;0.264277;0.000342968;0.00122134;0.143686;0.0458799;0.00010469;0.0838549;0.000292276;0.000905821;0.000394004;0.243896;0.000686483;0.214354
0.000988954;0.0918946;2.26439e-05;0.00173748;0.0311916;0.00497795;0.000225729;0.490671;0.0596605;5.81722e-06;0.0483031;0.0503199;0.216945;0.00305515
0.000122195;0.778833;1.4975e-05;1.6951e-07;2.60375e-06;7.69272e-07;5.64083e-07;0.151146;4.53374e-06;1.05084e-07;2.32479e-06;0.0521173;0.017626;0.000129511
0.000273219;0.370759;4.92564e-05;4.53499e-06;0.000462764;0.000220228;0.00206668;0.536225;0.000164853;0.000233863;1.50558e-05;0.000134355;0.0893193;7.16642e-05
9.2652e-09;5.55649e-08;0.999999;7.99127e-10;5.15259e-11;6.98526e-11;2.1525e-09;1.08415e-10;4.18654e-09;8.67326e-11;2.32868e-09;6.23603e-07;1.59367e-10;5.11707e-11
6.66625e-06;0.0139793;0.00119866;7.57502e-06;0.000721688;1.49648e-05;4.75675e-08;0.010442;9.6516e-06;2.80649e-07;1.26094e-06;0.970802;1.82821e-06;0.00281415
3.06186e-05;0.264286;3.50374e-06;6.69074e-06;0.00243138;0.00680371;3.29607e-07;0.230933;3.08462e-06;9.54559e-07;6.57858e-06;0.000156694;0.491886;0.00345218
1.40779e-10;0.128523;7.57902e-13;3.07953e-09;1.79926e-06;1.55348e-06;5.66539e-10;3.45479e-09;5.7269e-11;3.96112e-09;6.12541e-10;3.37492e-05;8.35178e-08;0.87144
1.04295e-05;0.0981136;8.89198e-05;9.87937e-05;4.11134e-06;0.000118681;0.0020593;0.00266791;0.000343369;2.81047e-07;0.00072471;1.22321e-05;0.895758;7.96237e-08
1.01748e-06;0.0118311;9.01245e-09;4.35028e-06;1.87395e-06;4.14888e-06;2.66199e-09;0.98653;2.91013e-07;2.51501e-08;5.70645e-09;5.3264e-05;0.00157406;6.42879e-08
5.92774e-07;0.000252275;9.85107e-05;0.000107967;0.000448285;4.4517e-05;2.12575e-10;0.000535967;2.57004e-07;1.20279e-07;9.46442e-08;0.998336;2.13455e-06;0.000172961
0.000111346;0.00278103;8.02909e-07;2.09721e-05;0.000643994;0.000139966;1.66799e-07;3.09728e-05;3.36294e-05;1.16667e-06;5.23173e-05;6.50106e-05;0.99505;0.00106854
0.000114841;0.0763783;9.85856e-06;3.86408e-06;0.0120715;4.36719e-06;3.53849e-09;0.00124809;3.77912e-06;1.51839e-07;7.05814e-07;0.012796;0.000445156;0.896923
2.31688e-06;0.00252959;1.09471e-10;5.6341e-08;0.00340994;1.86701e-08;1.94914e-09;0.994034;1.16523e-07;1.99179e-08;6.63188e-10;1.71412e-07;9.21625e-07;2.32574e-05
2.58651e-07;9.01328e-07;0.998055;6.87328e-06;0.00180605;1.79827e-05;2.06153e-10;8.38312e-07;2.12084e-10;2.57883e-07;5.83652e-10;9.65935e-05;4.20866e-08;1.55735e-05
1.14953e-05;0.998896;1.75921e-06;1.02898e-05;3.36881e-06;1.82097e-07;2.40193e-07;0.000112344;2.36339e-05;2.96089e-08;8.53531e-06;0.000403413;0.000121885;0.000406545
4.72733e-07;0.0657452;1.52105e-09;1.15735e-08;2.89564e-06;1.04544e-08;5.72866e-08;0.934101;5.14375e-08;1.04854e-07;1.11013e-08;1.37e-07;0.000150358;1.90478e-07
1.24023e-08;1.78533e-06;0.00262505;1.42821e-05;5.10479e-06;1.61371e-05;5.43643e-10;9.53766e-08;3.6215e-09;4.94388e-07;7.17899e-08;0.997335;5.48649e-07;1.84021e-06
0.000387378;0.0241892;4.01143e-07;0.000275897;3.03375e-07;2.0422e-06;0.000653422;0.00709107;0.305932;1.89706e-06;0.652373;0.000186231;0.00890643;1.00001e-07
4.30389e-05;0.996676;3.02857e-08;6.63432e-07;1.06925e-05;2.18929e-07;1.14516e-05;0.00297414;4.40073e-06;4.42698e-06;5.97428e-07;5.33417e-06;0.000255624;1.30422e-05
1.36931e-06;8.45211e-05;4.20074e-11;8.29078e-10;1.00621e-06;8.97736e-12;5.83374e-10;0.999888;2.63496e-07;1.84188e-08;1.30014e-09;2.25561e-05;2.75084e-06;2.19685e-11
2.52566e-05;0.00297791;0.994155;0.000258773;0.00141612;1.16757e-05;1.98731e-07;9.35015e-06;3.60626e-06;0.000509458;7.36606e-06;0.000332612;8.65063e-05;0.000206376
0.000522824;5.77047e-06;4.82178e-06;3.32052e-06;9.02715e-06;4.99866e-06;0.000305795;0.00318466;0.977855;2.00774e-06;0.0178532;1.95927e-05;0.000228132;3.27281e-07
