5.67214e-06;0.969812;0.000280977;7.23962e-06;0.000123289;1.94357e-08;9.10353e-09;0.0297422;3.04712e-08;3.87591e-07;1.96254e-08;1.17215e-05;1.59956e-05;8.26934e-07
1.94803e-07;0.996357;3.38903e-08;2.9914e-07;5.23044e-08;2.21859e-08;0.000709548;3.78656e-10;5.29965e-10;0.00240059;8.46332e-09;5.76377e-08;9.21963e-08;0.000532182
5.76838e-11;1.2728e-13;1;1.81592e-10;1.46598e-11;5.57504e-12;1.91008e-09;8.16541e-12;2.98519e-10;5.75727e-12;2.05559e-09;4.72494e-08;2.20572e-13;7.73731e-12
4.55417e-07;0.995705;1.56627e-09;4.60057e-06;4.64891e-07;2.50767e-06;2.21541e-05;1.84258e-05;0.000240604;7.89532e-07;0.000195904;4.60677e-08;0.00380887;4.13174e-07
1.3633e-06;0.000158348;5.63456e-05;2.73693e-07;4.35521e-09;6.31513e-09;5.63811e-08;4.50629e-07;3.28171e-07;3.06947e-08;1.85188e-06;0.999772;9.33366e-06;2.96584e-08
0.000304428;0.591464;4.98508e-07;4.68712e-06;6.7393e-06;2.7966e-05;0.000754976;0.380455;0.00549726;2.03434e-05;0.000183317;3.19532e-08;0.0212759;4.82508e-06
1.90673e-10;1.24335e-08;1;5.90108e-11;4.33316e-12;1.87068e-12;1.35541e-10;4.57178e-13;2.26603e-11;3.37153e-11;3.66384e-11;2.24362e-08;3.09052e-11;5.17204e-12
6.62519e-07;0.000947054;1.71577e-05;8.59535e-07;4.82644e-06;2.82179e-06;1.63528e-07;0.00111694;0.000102921;1.23507e-07;2.19672e-05;0.996885;0.000885183;1.41651e-05
1.50373e-07;0.997958;3.10404e-10;2.15072e-07;1.87985e-06;1.24966e-06;8.92723e-08;0.000180186;4.20533e-07;2.82852e-07;9.19498e-07;4.84616e-06;0.0018465;5.19957e-06
1.64762e-07;0.000107524;2.03535e-07;1.56121e-07;7.47531e-09;2.77437e-09;6.64995e-09;2.11574e-06;4.60598e-08;3.65258e-09;7.87081e-07;0.999884;5.30932e-06;1.77419e-09
4.28558e-06;0.00526745;1.53341e-06;1.31114e-06;0.00046427;2.83551e-06;9.05394e-08;0.993038;1.1787e-07;5.62713e-07;4.37567e-07;0.000284899;0.000406285;0.000527474
3.2466e-05;0.0227391;1.59879e-06;0.000118963;3.53624e-05;0.00134072;2.26531e-05;0.000945522;0.000135399;3.07962e-05;0.000295198;0.0326922;0.941301;0.000309511
1.38492e-06;0.00263716;0.997262;2.30709e-06;6.84532e-07;1.61804e-07;9.76905e-07;1.85736e-07;8.61328e-09;7.29268e-06;2.13562e-08;8.55791e-05;2.54756e-07;2.24345e-06
1.19158e-07;4.03947e-06;0.999991;2.95008e-08;1.14231e-07;1.17867e-09;3.5066e-07;1.48258e-07;5.0054e-08;8.85337e-09;3.50079e-07;3.5272e-06;4.7185e-08;9.91663e-09
1.07708e-07;0.995018;1.43029e-05;2.85504e-06;3.64843e-05;5.28327e-06;1.7867e-07;0.00215884;2.1993e-06;4.8613e-07;4.86369e-06;0.000198255;0.00253757;2.09042e-05
5.35478e-09;5.12944e-05;2.4151e-07;4.9092e-06;0.0231666;0.164628;9.40681e-08;0.000133949;7.30417e-08;2.43068e-05;3.2872e-07;3.12144e-05;2.16451e-05;0.811937
3.0371e-06;0.0898987;4.93222e-09;6.24377e-06;2.33085e-07;2.02384e-06;1.62376e-06;0.000409302;8.39126e-06;8.54767e-08;0.000126008;3.92363e-05;0.909504;1.3902e-06
0.000110874;0.0103547;0.000350649;0.000144876;3.1402e-05;8.34779e-06;7.08447e-07;0.0414113;3.32445e-05;1.11982e-05;8.46713e-06;0.935829;0.0116939;1.16793e-05
1.90078e-05;0.209441;1.02033e-06;6.56463e-05;1.02899e-06;7.26212e-06;6.93305e-07;0.000300191;2.6605e-05;5.41828e-07;1.66474e-05;0.00513589;0.784929;5.51699e-05
0.000118994;0.00425549;6.97552e-06;0.00118578;0.00297035;0.00515222;6.13422e-05;0.000149083;0.000203668;0.000222408;0.000752615;0.000842364;0.00798488;0.976094
1.18926e-06;0.0104785;1.69142e-11;3.02434e-08;1.21377e-09;1.41486e-06;1.86414e-07;6.76985e-08;4.58943e-08;1.35738e-08;6.16206e-07;7.50815e-07;0.989511;6.32066e-06
5.31103e-06;0.00291785;0.990098;6.2574e-06;2.83562e-05;1.41363e-07;2.3223e-07;0.00474628;3.64245e-08;5.88872e-07;6.39292e-08;0.00211759;6.53144e-05;1.42696e-05
2.75186e-06;0.00523311;1.33726e-08;8.21887e-06;0.00643629;0.0515099;7.91053e-06;6.4637e-05;2.88785e-05;1.21814e-05;3.0182e-05;3.49491e-05;0.933519;0.00311183
1.91613e-05;4.0847e-05;0.987592;5.70525e-06;1.17024e-05;8.99632e-07;0.000194824;1.61358e-07;1.51878e-07;0.000619664;5.22683e-07;0.0108916;8.29215e-07;0.000622084
2.64356e-06;3.36589e-06;0.999834;3.50999e-06;2.36185e-07;1.10516e-07;1.23701e-05;6.30932e-07;0.000117501;5.20976e-07;2.4843e-05;3.26143e-07;4.16487e-07;5.75658e-08
3.92627e-07;1.13739e-06;4.09676e-10;2.44693e-09;4.77007e-09;3.02642e-11;2.36132e-09;0.999987;1.09732e-05;9.45528e-10;1.21462e-07;7.75429e-08;2.34682e-08;3.18413e-10
3.84634e-06;0.971441;3.66717e-06;1.07689e-05;0.000270045;2.47027e-07;7.56078e-08;0.00119966;1.31988e-06;6.03675e-06;4.05263e-07;0.01623;5.67569e-08;0.0108323
2.12715e-06;0.000101976;0.000227381;3.68188e-06;6.91909e-05;5.80856e-06;4.3813e-08;3.00007e-05;1.72315e-07;9.56075e-07;1.01576e-06;0.999337;2.47651e-05;0.000196076
3.52753e-06;0.000574109;4.40633e-10;2.06747e-08;1.07974e-06;1.87805e-08;2.99519e-08;0.999261;6.93711e-06;8.73934e-10;1.57452e-06;5.45099e-07;0.000151269;1.26708e-08
3.51676e-07;0.0261208;3.60349e-06;7.18511e-08;1.29614e-06;9.04411e-07;3.46832e-10;4.16438e-05;4.47825e-10;8.44071e-09;9.07154e-10;2.48613e-05;0.973806;1.62445e-07
5.54377e-07;0.00100545;0.000316121;3.42865e-06;4.10355e-07;8.78029e-06;1.03477e-07;0.000218135;6.33e-07;2.21549e-07;1.47702e-05;0.969325;0.0291051;8.86583e-07
1.79438e-06;0.444111;1.01063e-05;3.50978e-05;0.00208844;0.000394096;1.04538e-06;0.116366;8.28422e-08;5.66874e-07;3.48669e-05;0.00167939;0.435232;4.60406e-05
1.24442e-05;0.0197926;1.71149e-08;8.40326e-07;1.21427e-05;0.000147105;4.74023e-06;0.00275724;3.62069e-07;3.9314e-06;3.56539e-06;9.02458e-08;0.977257;8.12716e-06
1.47153e-10;3.37767e-11;1;1.21286e-10;6.83971e-13;2.6479e-12;2.1584e-10;2.34065e-13;1.6211e-10;5.14316e-11;1.75233e-10;7.40118e-10;2.31046e-10;1.62692e-13
9.61133e-09;3.15833e-08;0.999987;1.67257e-07;9.44426e-08;9.44388e-08;5.92518e-09;4.28434e-07;2.22189e-07;2.01863e-09;2.30485e-07;1.16749e-05;9.47271e-08;1.31796e-07
3.58924e-06;0.00115377;7.05747e-05;2.17193e-06;0.0109894;0.004263;2.55759e-08;0.00019634;1.3063e-06;8.268e-07;4.43835e-06;0.000662907;9.01127e-05;0.982562
1.08122e-09;0.999987;1.91614e-09;4.02094e-11;1.17127e-08;1.06016e-08;2.78342e-08;6.55916e-09;1.79662e-14;2.14242e-07;1.78785e-12;1.2959e-09;6.13226e-09;1.26988e-05
6.40783e-13;6.10434e-12;1;3.44806e-14;2.75146e-11;6.03611e-12;2.96004e-14;4.07885e-12;1.1478e-15;1.02989e-13;4.65802e-16;1.61255e-08;3.16557e-13;8.97828e-14
6.11381e-07;0.531971;4.81744e-07;2.04446e-05;3.81286e-05;0.00183807;3.78241e-05;0.00200581;3.749e-06;1.16015e-05;3.67889e-06;2.769e-06;0.464049;1.67411e-05
1.74733e-07;0.999643;6.49905e-07;3.02638e-07;3.0443e-08;1.02353e-07;1.80014e-08;0.000303737;7.10713e-09;1.2551e-07;2.52112e-08;1.00546e-05;4.14647e-05;2.3079e-08
3.52039e-08;0.999303;1.46637e-10;1.16875e-05;0.000150598;7.28055e-08;1.03989e-07;0.000267091;1.76622e-09;6.74963e-06;9.30454e-09;0.000222413;8.34902e-08;3.7854e-05
3.74706e-05;0.001626;0.014146;0.00709807;0.00154681;0.015859;2.20007e-05;0.000346121;8.96153e-07;0.0029111;9.74245e-05;0.955003;0.000240874;0.00106535
7.6086e-05;0.00833187;1.3435e-07;4.48272e-05;2.89721e-05;2.02241e-05;3.90565e-05;0.00897823;6.94442e-05;3.27045e-07;0.00255604;0.00012687;0.979686;4.20841e-05
0.000298257;0.00565872;0.000101552;0.000115812;4.26674e-05;2.50149e-05;6.25283e-06;0.00158096;7.00156e-05;1.19006e-05;0.000207618;0.935148;0.0566489;8.47325e-05
0.00062779;0.852611;0.000157599;2.2247e-05;5.1425e-05;1.8261e-05;1.06132e-06;0.0668657;5.41928e-05;5.9731e-06;1.28869e-05;0.0687762;0.0106273;0.000168082
0.0001903;0.516692;0.000153897;4.88669e-05;0.0319078;0.000611284;1.06682e-07;0.011013;2.4499e-06;2.88261e-05;2.89342e-05;0.366998;0.0040302;0.0682945
2.68482e-06;0.993012;3.49041e-09;2.53086e-05;2.0771e-05;9.50937e-06;0.0011614;0.00129954;4.61396e-07;0.00155634;7.48429e-06;4.40928e-08;0.00031979;0.00258515
2.40627e-12;9.69029e-15;1;3.34996e-12;6.5904e-13;1.51125e-14;1.10549e-10;1.30683e-14;4.44755e-13;1.00399e-12;8.13352e-11;6.53667e-11;1.02603e-14;2.62447e-16
5.22943e-08;0.000169688;2.13332e-09;3.2552e-08;1.76212e-09;2.87926e-09;0.999574;8.29773e-09;2.5644e-06;0.000243368;1.00169e-05;8.86955e-11;1.95452e-08;1.35392e-08
4.00001e-10;1.00751e-11;1;3.70018e-09;3.18804e-11;4.84662e-11;3.15872e-08;1.51916e-12;1.71675e-08;1.30613e-10;3.41862e-08;1.67516e-09;5.21145e-12;1.91327e-12
2.20725e-07;0.999929;5.46743e-11;3.04887e-07;1.87304e-08;5.85582e-10;1.81504e-07;8.85396e-06;1.49858e-07;1.43134e-08;8.50735e-08;9.41239e-09;6.12029e-05;6.91095e-10
1.05015e-05;0.951918;1.45028e-05;4.60228e-05;1.46993e-05;2.15259e-05;3.0008e-07;8.08747e-05;4.64917e-08;3.27697e-05;2.31284e-07;8.46378e-05;0.0476636;0.000112243
0.00013562;0.244588;0.00184895;8.65266e-05;0.000700056;4.91087e-05;6.10392e-06;0.671273;0.000138117;7.27568e-06;0.000233361;0.054413;0.020237;0.00628452
7.35945e-05;0.00982511;0.000983303;0.000253654;0.218688;0.601364;0.000195821;0.0240169;0.000513067;0.000282762;0.000367849;0.00872928;0.0857763;0.0489298
9.39075e-07;0.00139329;1.63789e-08;7.50808e-08;8.17549e-09;7.66971e-08;2.1892e-09;1.18315e-06;8.65058e-08;8.96589e-10;1.38278e-07;0.000114173;0.998487;2.58833e-06
2.66951e-05;0.0532729;6.32518e-07;1.46126e-06;1.5054e-05;1.3266e-06;1.74946e-09;0.00268719;4.15699e-07;1.00888e-07;7.58454e-08;0.856291;0.0870623;0.000640351
1.78545e-06;0.0656818;1.13153e-08;1.15108e-06;8.06855e-05;0.000743829;1.87927e-09;0.00061233;6.24171e-08;1.80324e-07;7.79468e-08;0.0589367;0.873624;0.000317204
4.7401e-07;0.034883;0.012039;9.73245e-06;3.22083e-05;1.18267e-05;4.88993e-07;3.8159e-06;1.02132e-10;0.000281763;2.86484e-09;0.015923;8.38381e-07;0.936814
3.44827e-06;0.00151445;4.98475e-07;5.77459e-05;1.26109e-07;1.69324e-05;0.581964;0.00011986;0.0102953;3.84281e-05;0.401439;1.40036e-07;0.00454945;3.68537e-08
5.46748e-07;3.2719e-06;1.55149e-10;4.61439e-09;1.00879e-09;4.76946e-10;1.05746e-07;0.999993;1.64883e-06;3.34719e-09;3.27699e-07;9.79175e-10;9.90715e-07;3.23334e-11
8.11847e-07;0.973823;6.9598e-09;5.66644e-06;4.88424e-06;4.87515e-08;1.35368e-06;7.6377e-08;2.14663e-07;8.34941e-05;3.95155e-08;0.000198727;2.79293e-10;0.0258816
0.000244619;2.13887e-06;0.993715;1.08214e-05;7.5341e-07;2.88784e-07;2.71737e-05;3.78583e-05;0.00458208;2.83016e-07;0.000671998;0.000698169;9.24222e-06;9.41534e-08
8.05398e-06;0.178191;7.00552e-11;1.45318e-06;3.21006e-06;2.56374e-05;1.06327e-07;0.00102923;3.61252e-05;1.28215e-07;1.83217e-06;1.97609e-07;0.820703;2.36286e-07
2.81098e-07;1.19335e-05;0.0201974;3.94932e-07;0.000113643;2.17483e-08;2.0613e-10;6.97788e-07;4.87282e-10;4.36656e-08;7.05495e-10;0.979671;9.31744e-09;4.79179e-06
3.64898e-05;0.000600704;4.12113e-09;6.23873e-07;6.25727e-05;3.25369e-05;1.04986e-05;0.996583;0.000417952;8.02066e-07;3.27801e-05;1.6809e-05;0.00220548;1.63064e-07
6.72777e-06;0.00526989;1.36458e-08;9.33967e-07;7.40947e-06;5.72523e-07;2.49308e-07;0.000894124;1.315e-06;6.52742e-08;6.2393e-07;6.15197e-05;0.993756;5.46598e-07
0.000181613;0.305081;1.3429e-06;0.00282521;0.000204858;2.49797e-05;2.35898e-06;0.000238124;0.000215022;9.20186e-05;6.24176e-05;0.687183;0.00383739;5.06116e-05
0.000792451;0.992773;0.00170674;0.00013474;9.8919e-06;5.91687e-08;2.30019e-06;0.000186607;2.51601e-06;4.78823e-06;2.61709e-06;0.00428295;1.86984e-05;8.27399e-05
0.000128243;0.883007;3.24879e-08;0.000214783;0.000190769;3.764e-05;0.00535464;0.00312876;6.78775e-05;0.00241571;0.000116191;1.26416e-07;2.17798e-05;0.105316
1.68898e-08;1.07369e-09;0.999999;6.23779e-09;5.70217e-10;1.55756e-11;1.46178e-07;2.70842e-10;2.49084e-08;1.37383e-09;3.79308e-08;5.63998e-07;6.2662e-11;2.36833e-10
2.33558e-05;0.979458;1.66879e-09;2.65544e-07;1.69881e-07;1.4501e-07;4.78875e-05;9.53774e-05;0.000264396;2.7192e-07;7.38206e-05;8.9917e-05;0.0199403;6.5396e-06
2.56741e-05;0.905287;4.97264e-08;3.71345e-06;1.17283e-05;4.04382e-05;2.16497e-06;0.00042252;1.19064e-05;4.82901e-07;6.3513e-06;0.00745107;0.0848009;0.00193619
7.03252e-05;0.948225;0.0134569;1.22482e-05;4.38696e-05;1.16461e-06;3.54591e-08;0.0338329;1.10441e-08;1.98858e-07;4.4227e-09;0.000921377;0.000831402;0.00260406
2.46288e-08;7.46245e-07;2.82778e-11;1.11139e-07;3.78982e-05;0.00171134;1.0147e-10;3.01543e-08;1.9964e-08;6.72974e-09;7.57866e-10;2.34587e-08;3.20162e-05;0.998218
0.000105536;0.0011243;0.0135247;2.81383e-06;6.55694e-07;7.36718e-07;1.65214e-05;2.20645e-06;4.94029e-08;0.000104823;2.10381e-08;0.983923;1.69337e-06;0.00119248
1.54364e-08;4.491e-10;0.999999;1.35096e-07;1.37163e-10;7.71158e-10;3.31676e-09;1.09928e-09;5.13823e-07;1.94295e-10;6.30309e-08;1.3673e-07;1.33618e-09;1.86299e-11
5.12747e-05;0.0142681;3.31684e-07;1.7427e-05;5.67968e-08;5.36632e-07;1.18071e-06;0.000249863;0.000263621;4.99785e-07;0.000314755;0.000157277;0.984675;2.95394e-07
2.32325e-05;0.00184157;2.01344e-05;1.26018e-05;5.29382e-05;2.07331e-07;1.68152e-08;0.000202747;3.11881e-05;8.44057e-08;6.62312e-05;0.996705;1.9016e-05;0.00102535
3.77311e-06;0.00929952;6.68689e-08;3.63958e-06;0.000106304;1.48923e-08;7.51621e-09;0.990444;5.58001e-06;1.7759e-07;6.03158e-07;3.03704e-06;1.85077e-05;0.000114599
8.0951e-05;0.000262217;1.54069e-07;5.89066e-07;9.94876e-06;1.11327e-09;4.44888e-07;0.999466;2.56014e-05;1.22284e-06;2.06517e-06;8.1887e-06;0.000142303;7.43377e-09
7.11116e-07;5.63114e-06;0.999893;1.49332e-06;9.43518e-06;5.93088e-07;4.93577e-09;3.59291e-08;1.98953e-08;1.09385e-05;2.51256e-08;7.69295e-05;4.35628e-08;1.48307e-06
7.8131e-05;0.908996;0.000131276;4.91731e-05;3.77378e-05;1.33522e-06;6.56407e-05;0.0767266;0.00966578;2.36489e-06;0.00307883;0.000426097;0.00024109;0.000499747
