3.09823e-06;0.999878;5.47998e-06;2.30734e-05;1.00139e-06;3.17209e-08;4.62543e-07;6.07774e-05;3.6967e-07;1.10927e-06;2.6734e-07;1.47187e-05;6.15394e-06;5.70345e-06
1.21686e-05;0.000678215;9.29588e-10;9.14027e-08;2.0133e-07;5.75074e-08;7.96442e-08;0.999272;5.3331e-06;1.90464e-08;6.29495e-07;7.18833e-09;3.13942e-05;3.38617e-07
1.96034e-06;0.996382;6.65742e-06;1.71415e-07;7.06226e-08;7.83955e-09;0.000184977;1.38193e-05;2.44161e-07;5.03081e-06;4.21376e-08;0.00337526;2.09397e-06;2.80734e-05
1.84649e-09;1.75263e-08;1;1.73517e-10;2.2116e-10;2.52446e-11;5.82613e-09;2.58891e-09;8.08849e-10;3.27066e-11;5.33166e-10;2.1879e-07;5.77742e-11;2.23307e-11
3.27331e-08;0.0139035;7.2981e-10;1.0414e-08;1.97664e-07;6.10558e-09;1.27767e-07;0.000281207;1.47671e-08;1.22922e-09;6.4299e-08;1.57425e-06;0.985813;5.37177e-08
7.78664e-09;0.0047481;1.03628e-08;1.65901e-05;0.000507244;7.83218e-05;1.25142e-10;5.23461e-05;1.52416e-07;4.63789e-08;7.65816e-08;0.949992;0.000100333;0.0445044
1.72863e-05;0.362564;9.47763e-07;8.92185e-05;3.74731e-06;2.29059e-06;6.5281e-06;0.00147333;1.7341e-05;3.28697e-07;0.000297775;0.132892;0.502578;5.79647e-05
2.12877e-08;0.00032302;3.56366e-11;1.7634e-09;5.66925e-06;6.16714e-10;6.34236e-11;0.999554;7.15978e-10;1.74061e-10;1.89818e-09;0.000117126;3.19423e-08;1.4158e-07
2.07639e-07;0.000131169;0.992837;2.05095e-05;0.000970229;0.000787616;4.42814e-08;9.53972e-07;6.99123e-10;3.08988e-06;4.34598e-07;0.00512953;6.28323e-05;5.64843e-05
4.7657e-07;3.88841e-05;1.864e-10;2.18678e-08;4.23992e-07;1.45792e-07;4.88234e-09;0.99618;1.05137e-07;2.2973e-10;7.05535e-06;5.92906e-08;0.00377301;2.36683e-07
1.63626e-06;4.3884e-05;9.36854e-07;3.36656e-07;9.08403e-07;1.61077e-07;4.46918e-09;1.39588e-05;9.60482e-06;8.55878e-09;4.90432e-06;0.999847;6.32282e-05;1.34029e-05
3.78042e-06;0.997788;6.06751e-08;2.78837e-07;3.13355e-07;1.00423e-07;8.85409e-07;0.00171302;1.53597e-05;8.91131e-08;6.05995e-06;1.9028e-06;0.000463862;6.30931e-06
1.09737e-07;0.997421;6.14601e-08;4.42021e-09;1.56177e-09;2.14953e-09;2.43025e-08;1.3463e-06;2.98401e-09;1.48465e-08;3.25694e-08;0.00053926;0.00203859;1.07291e-08
0.000345222;0.0302153;1.51685e-05;0.000710388;0.16159;0.0640006;4.10517e-05;0.0216358;9.90251e-05;0.00020129;0.00166194;0.437584;0.0578479;0.224053
0.000232138;0.983539;0.00181306;2.05248e-06;8.3342e-05;3.01094e-06;1.3015e-05;0.00448414;4.91632e-06;4.28471e-06;4.78307e-06;0.00588685;0.00216122;0.00176854
0.000841599;0.149777;1.52222e-05;6.89354e-05;0.000123866;1.00283e-05;0.000177484;0.0111033;0.00180793;1.44662e-05;0.000957458;0.308171;0.524181;0.00275065
4.19785e-05;0.908201;8.59814e-07;3.5686e-05;6.41907e-06;4.69203e-05;7.36672e-07;0.0382351;4.97631e-05;3.08656e-06;1.31542e-05;0.000315698;0.0530108;3.84205e-05
6.33599e-06;0.00098921;9.18638e-07;5.44321e-06;4.14279e-05;1.84079e-05;1.39453e-08;0.0266592;3.60703e-07;9.14743e-08;6.93125e-06;0.000345091;0.971852;7.49058e-05
0.000250214;0.155397;4.16648e-06;7.23814e-06;0.000172306;0.000226098;0.000199087;0.0404899;1.33706e-05;0.000179176;9.55734e-06;0.000266895;0.801808;0.000976395
2.9504e-10;1.5708e-10;1;5.49697e-10;2.90554e-11;7.52717e-11;6.07807e-10;5.1778e-11;9.34268e-10;9.04652e-11;9.86915e-10;6.30737e-09;4.00142e-11;4.26584e-12
1.17081e-08;4.59777e-06;0.999919;1.63645e-07;1.34617e-06;4.34532e-07;1.86094e-09;1.62097e-05;8.43673e-09;5.13877e-09;7.22494e-09;3.47515e-05;6.19801e-07;2.26707e-05
3.53952e-07;0.000607852;1.93527e-06;5.12367e-06;0.00259811;0.0205903;3.14931e-07;1.63365e-06;1.83295e-06;1.81829e-06;8.5834e-06;1.7582e-06;1.5086e-05;0.976165
1.00632e-07;0.991547;2.27154e-06;1.58154e-07;2.32469e-06;4.31353e-05;9.67817e-09;6.58508e-07;4.14848e-12;5.54977e-07;3.76007e-09;0.00769136;3.97326e-05;0.000672222
3.38649e-08;0.00442295;0.995353;3.40815e-08;1.2058e-09;4.19809e-08;1.64814e-05;8.48111e-10;5.27797e-10;7.88248e-07;1.57593e-09;1.07691e-07;3.25758e-09;0.00020708
1.26464e-06;0.752368;2.19716e-06;1.25593e-05;5.50095e-07;3.10154e-05;0.000813119;0.000180888;1.17616e-05;3.48199e-07;0.00022451;2.45237e-07;0.246353;1.85727e-07
5.8549e-08;0.99568;4.2455e-09;3.04706e-07;1.83682e-06;4.13622e-07;5.76377e-09;0.00414279;8.40609e-09;6.58455e-08;1.23805e-08;1.32601e-05;0.000110061;5.0901e-05
4.85415e-06;0.552803;0.000353435;3.26641e-05;0.00288499;2.15273e-05;5.4462e-07;0.0357822;3.00297e-08;6.20045e-06;5.64988e-07;0.406754;0.000406445;0.000950028
0.00014357;0.0723922;5.29563e-05;0.000392425;0.026565;0.00254404;2.26653e-05;0.587374;0.000276253;3.91745e-05;0.00223868;0.207989;0.0886044;0.0113654
0.000367489;0.564653;8.57165e-05;0.00125828;0.00108221;0.00133684;3.96534e-05;0.0439125;0.000587249;1.33957e-05;0.00212627;0.284295;0.0969152;0.00332634
0.000824574;0.398036;0.0170529;0.000882255;0.0684573;0.0526884;6.44171e-06;0.0719892;7.70173e-05;3.64715e-05;7.2592e-05;0.104546;0.162034;0.123298
1.60613e-06;0.999767;1.14552e-07;1.01301e-08;7.30402e-10;4.1003e-09;2.24987e-05;3.90882e-08;9.5305e-09;1.57323e-06;9.29499e-10;3.55843e-07;2.34951e-06;0.000204487
6.00433e-11;2.09669e-13;1;7.50264e-11;1.80284e-09;3.77289e-12;1.01376e-10;4.19295e-11;2.23803e-11;1.77561e-11;2.8304e-12;1.75311e-09;7.11065e-15;3.51535e-11
1.66051e-05;0.00247531;3.82301e-05;2.38229e-05;0.000131624;2.30548e-05;1.30391e-05;0.947291;5.74926e-05;1.23996e-06;3.36473e-05;0.0493673;0.000504771;2.26615e-05
9.12801e-09;0.999386;2.71298e-10;6.15162e-09;1.63887e-10;2.65109e-10;1.658e-05;2.26832e-08;3.53159e-08;1.04144e-06;2.56588e-07;3.19531e-10;4.00603e-07;0.000595252
3.78323e-05;0.00722154;0.000100495;2.83743e-05;6.45723e-07;3.58887e-07;0.465959;1.64788e-05;0.0357385;1.89465e-05;0.488379;4.70667e-05;0.00244943;2.21605e-06
3.36525e-08;0.000156477;2.64477e-10;2.7909e-11;3.69133e-08;1.34668e-10;1.61011e-10;0.999842;2.91582e-10;1.44381e-10;1.80336e-10;4.08159e-09;1.47781e-06;1.25073e-08
1.85381e-08;0.00330371;3.35895e-05;1.95776e-07;5.11225e-05;4.7193e-05;2.92914e-09;8.3641e-06;1.51132e-09;1.07178e-07;1.0976e-08;0.992565;1.39196e-05;0.00397634
1.06973e-06;0.00113244;2.59285e-08;5.36451e-07;2.28895e-06;8.33028e-07;1.66538e-08;0.00177135;3.64155e-07;9.39509e-09;1.20117e-05;2.4532e-07;0.997076;3.05765e-06
3.2176e-05;0.00691482;2.63199e-05;1.08526e-05;7.91369e-07;7.01055e-08;1.06258e-07;0.000475541;4.23258e-05;2.00522e-07;9.54633e-06;0.989318;0.00316724;2.47983e-06
0.000129961;0.521783;3.56654e-06;4.05797e-05;0.000115051;1.57048e-05;1.69719e-06;0.460348;3.1742e-05;1.37974e-05;1.79771e-05;0.0071133;0.0103537;3.2033e-05
1.40545e-06;0.996593;8.65252e-07;1.7997e-07;3.74062e-06;2.92835e-07;7.92807e-07;0.000716996;2.76522e-08;2.19696e-06;1.31977e-06;0.00265118;2.69385e-05;1.30959e-06
1.35891e-05;0.862411;5.452e-09;0.00517735;0.00468585;0.00082769;0.000457978;0.00152251;6.70545e-05;0.00068419;0.00464108;5.65401e-05;0.110645;0.0088099
0.00357305;0.923226;0.0550891;0.0112678;9.11567e-05;1.96875e-06;0.000242393;0.000206457;3.06983e-05;0.00117889;9.07294e-05;0.00117683;0.000679931;0.00314536
7.60865e-05;0.00516809;1.25528e-08;5.03534e-05;7.55392e-05;6.28177e-07;6.00085e-06;0.946668;0.0025916;9.1758e-07;0.000577788;0.0447676;1.65172e-05;9.9651e-07
3.00012e-05;0.99519;0.000393665;7.27015e-05;7.21174e-05;5.25793e-05;2.74556e-07;0.000178554;2.25996e-07;2.27824e-05;1.09999e-05;0.000380569;0.00254741;0.00104786
7.68224e-06;0.00152652;7.28539e-11;1.21806e-09;3.55419e-08;8.87263e-09;2.34459e-07;2.26101e-08;6.92559e-08;1.4505e-09;4.22729e-07;0.995788;0.00267481;1.97506e-06
1.96674e-05;0.024239;0.000133076;2.84881e-07;0.0116311;0.000147209;2.08166e-06;0.375558;2.29014e-06;6.21082e-07;1.26937e-07;0.000312186;0.57904;0.00891425
3.08646e-05;0.366801;3.40923e-06;2.81063e-06;3.12745e-05;0.000906894;3.06204e-05;0.000252218;0.000113548;4.78626e-07;4.02664e-06;0.000607441;0.630769;0.000446498
3.73827e-06;0.000121722;0.999771;5.34e-07;1.10542e-07;3.35637e-08;2.68901e-07;8.64046e-08;7.23965e-09;1.99366e-06;6.45653e-09;9.13946e-05;7.0727e-06;2.43183e-06
1.35652e-06;2.33066e-05;0.999937;1.23091e-06;2.8989e-08;2.48255e-08;1.50825e-06;1.15701e-07;9.70727e-06;1.13424e-07;7.77569e-06;1.79616e-05;1.73654e-07;1.6255e-07
2.5233e-06;0.946951;5.12413e-07;4.98171e-08;7.28285e-09;2.112e-08;7.47976e-06;2.8995e-05;5.24353e-06;4.81945e-08;9.68275e-06;0.0369166;0.0160776;5.23172e-09
6.79334e-06;0.294002;0.000126354;4.17589e-05;2.0998e-05;0.000138961;3.39285e-05;0.0218262;0.000126304;7.05194e-06;0.000338112;0.632648;0.0495964;0.00108643
4.45297e-06;0.971239;4.78164e-08;9.94269e-06;0.000382087;1.17197e-05;2.81786e-07;0.0198641;4.26729e-06;3.60086e-07;2.66884e-05;0.00693617;0.00055426;0.000967153
6.06653e-07;0.00337234;2.10431e-06;2.86341e-08;4.41295e-08;3.86205e-10;5.6553e-09;0.000253236;5.95525e-08;3.5054e-09;1.96458e-08;0.996363;7.86525e-06;1.39122e-07
4.04183e-05;0.0302561;4.09663e-05;7.3748e-05;0.00856412;0.0145945;1.05715e-05;0.744864;2.11285e-05;0.000124258;2.45977e-05;0.166522;0.0343893;0.000474136
6.08041e-05;0.00109481;1.23508e-07;4.47152e-06;7.89409e-06;7.34966e-06;6.18757e-07;0.866221;1.67518e-05;1.02115e-07;4.11375e-05;8.67964e-05;0.132456;2.37187e-06
2.17175e-06;0.000147826;8.42955e-07;2.01696e-06;1.19918e-06;1.8137e-06;3.06502e-08;3.41623e-05;6.42844e-06;1.77207e-07;1.12668e-05;0.999522;0.000258707;1.0908e-05
5.61495e-06;0.997861;3.98077e-08;6.19467e-06;2.64743e-06;1.08097e-06;8.369e-06;0.000695279;4.40589e-05;2.78836e-06;0.000142738;0.00014898;0.000987827;9.36136e-05
7.36383e-06;0.000100158;2.01295e-06;3.75551e-07;1.13896e-06;6.499e-08;4.91764e-07;0.999872;6.62158e-06;1.08102e-06;2.70182e-06;1.20344e-06;3.86857e-06;1.18322e-06
2.53004e-05;0.995559;0.000109246;1.16343e-05;1.73756e-05;1.51258e-06;0.00358357;0.000101375;3.79172e-05;0.000174409;1.38026e-05;0.000197035;6.83421e-06;0.000160962
2.77103e-10;1.67952e-09;1;6.35843e-11;5.17712e-13;1.60259e-13;1.92273e-09;4.98664e-12;1.23371e-10;5.92654e-12;1.59099e-09;9.91763e-10;1.284e-11;1.15454e-13
4.29889e-06;0.4804;7.60336e-06;9.40469e-07;2.23503e-06;1.01854e-06;2.11525e-07;0.00691072;6.14735e-06;6.10064e-08;4.06801e-05;0.501154;0.0114054;6.63739e-05
1.40109e-06;0.63236;7.80028e-05;3.08069e-06;0.000547763;4.1231e-05;7.20238e-08;0.193965;1.59862e-07;3.50343e-06;9.04388e-08;2.10316e-05;0.160294;0.0126847
4.2229e-06;0.134837;1.26357e-07;2.74608e-05;6.3805e-06;0.00834973;2.40466e-05;7.32112e-06;1.44161e-06;2.46076e-05;5.91683e-05;0.0997798;0.755594;0.0012845
1.96499e-05;0.000685264;0.974848;0.000156893;1.3443e-06;6.4903e-06;0.00406484;1.79872e-07;2.71935e-07;0.00830751;3.69101e-05;0.0116584;2.27576e-05;0.000191284
3.54624e-08;9.00767e-08;0.999989;3.04773e-07;3.98848e-09;1.07566e-08;1.34927e-06;1.99791e-08;1.05864e-07;4.08108e-08;6.10981e-06;2.97765e-06;8.31011e-08;2.82838e-09
3.12777e-05;0.852486;1.98688e-06;7.87537e-05;1.03389e-05;1.9386e-06;0.000364861;0.137888;0.000139699;7.62366e-05;0.000901085;0.00679481;0.00115431;7.01832e-05
2.68303e-05;0.543358;1.32697e-08;2.77667e-05;1.30562e-05;1.09453e-07;2.12619e-06;0.212457;6.08814e-05;1.8397e-06;0.0010354;0.242975;3.80745e-05;3.97242e-06
9.14979e-07;0.988673;7.24517e-05;5.70982e-06;1.06427e-05;1.71469e-05;4.46177e-08;1.16788e-06;4.70982e-09;6.95113e-06;7.24462e-07;0.0107166;0.000262546;0.000231967
6.71006e-06;0.00349603;1.30267e-10;8.88087e-08;1.92872e-06;1.14415e-05;1.50832e-07;1.62626e-05;2.00574e-07;1.54774e-08;4.01922e-06;0.00166154;0.994757;4.49465e-05
9.55697e-06;0.0108481;0.986238;6.92157e-06;0.000429271;8.67268e-06;9.22618e-07;0.000232063;4.42269e-09;6.82892e-06;3.17702e-09;1.10508e-05;0.002158;5.09929e-05
9.33067e-08;0.000560351;4.54568e-09;5.79139e-07;3.10643e-07;5.54054e-05;4.62823e-07;8.04817e-06;2.00701e-07;3.10125e-08;2.31393e-07;2.13394e-07;0.999363;1.06894e-05
4.35161e-07;7.68001e-05;0.998692;1.03244e-05;7.38309e-07;1.59559e-07;2.80186e-05;1.52826e-09;7.10216e-09;0.000172924;7.9569e-08;0.000150549;3.56204e-08;0.00086822
4.08903e-08;1.48901e-07;0.999992;2.77918e-07;6.23078e-09;3.6028e-09;1.02819e-06;4.96981e-10;3.02488e-07;2.32074e-08;1.63781e-06;4.82949e-06;8.37048e-10;3.90269e-09
1.08761e-05;0.0390915;3.80376e-06;3.48208e-07;2.80456e-06;2.20568e-07;2.35027e-06;0.960449;1.65134e-06;1.15518e-06;5.217e-06;1.77386e-05;0.000408956;4.11317e-06
1.62611e-06;0.00253638;0.000102906;0.000113978;0.000353254;0.000138282;9.30643e-07;0.000102942;2.21194e-05;2.12282e-06;0.000647907;0.991508;0.000398402;0.00407065
4.92449e-07;0.999559;0.000167926;2.31699e-07;7.74723e-07;1.66711e-09;1.1304e-08;0.000249467;2.51742e-09;4.15499e-08;1.17737e-08;1.86932e-05;3.08081e-06;1.05119e-07
1.27682e-06;0.999241;3.11649e-08;1.03224e-07;3.71743e-08;7.67403e-10;0.000571585;1.60539e-06;2.10689e-07;5.09598e-05;1.18074e-07;5.48906e-08;6.39147e-09;0.000133045
6.04195e-10;9.65629e-12;1;8.43321e-11;3.52349e-08;5.38319e-13;1.32592e-10;1.38731e-09;8.07696e-11;8.12569e-12;6.54719e-12;1.63438e-07;4.32995e-13;8.50304e-14
1.59196e-07;2.66416e-05;2.09077e-09;9.56836e-09;1.68467e-07;1.85729e-07;8.56306e-09;0.999956;3.05652e-06;3.58746e-09;9.34599e-09;2.45127e-06;1.08588e-05;4.24739e-10
1.13732e-05;0.00107291;6.50215e-09;9.30217e-06;6.68529e-06;3.98841e-06;1.91191e-06;0.00199141;0.000383321;2.97584e-07;8.7207e-05;7.57017e-05;0.996354;1.98841e-06
3.00396e-05;0.00102041;2.9465e-08;1.95401e-05;2.27605e-06;3.07311e-07;5.89586e-08;1.57224e-05;6.52368e-05;3.35717e-07;2.3869e-05;0.997647;0.00117332;2.1769e-06
1.67099e-06;0.999942;3.0493e-07;6.85588e-07;9.14923e-09;9.8551e-10;1.02877e-08;8.89046e-06;8.82623e-08;1.48111e-08;1.31465e-08;1.33779e-06;4.48682e-05;4.41768e-08
9.40584e-05;0.58254;0.000649017;0.00173827;0.0474648;0.000846831;1.16226e-06;0.0452206;0.000279167;1.32357e-05;0.00010712;0.312648;0.000810633;0.00758705
5.06375e-07;0.998239;8.79055e-11;4.76892e-08;3.58215e-06;1.30586e-07;2.65938e-08;0.000335372;3.34469e-07;1.47853e-08;1.21076e-06;1.84477e-06;0.00115131;0.000266423
2.87251e-06;0.425063;8.07844e-06;3.76526e-08;1.67963e-07;5.05211e-09;1.269e-06;9.8009e-08;8.39949e-08;1.79397e-08;2.81488e-07;0.574629;0.000289617;5.6234e-06
7.85519e-05;0.00962338;2.18049e-06;3.11552e-06;0.00477569;0.000101063;8.68301e-06;0.947744;0.000839699;1.42751e-07;3.55949e-05;0.00267092;0.0332129;0.0009039
1.56536e-07;0.999035;2.91211e-09;1.84618e-09;7.98465e-10;1.65643e-09;3.72656e-07;1.26696e-06;9.47449e-10;7.4717e-08;2.45637e-11;1.18647e-07;5.65265e-08;0.000962642
4.58514e-11;8.48785e-12;1;3.1263e-10;3.08636e-09;1.52144e-11;9.48213e-11;4.17832e-10;9.88286e-12;1.96472e-11;5.96856e-12;1.26617e-08;3.33935e-14;3.40942e-10
8.17721e-07;5.12026e-05;1.5197e-05;2.13775e-06;6.55333e-06;2.12767e-06;1.73483e-07;0.999462;4.93781e-06;1.96521e-08;7.8454e-06;0.000219535;0.000226864;5.6637e-07
2.10404e-08;0.991284;4.66281e-10;1.45457e-08;3.97058e-10;1.73108e-09;6.0392e-05;3.90681e-08;7.73898e-08;3.27287e-06;3.17915e-07;3.2374e-09;2.71525e-06;0.0086493
1.71887e-05;0.00476602;1.11376e-05;1.14165e-05;5.81122e-08;6.96921e-07;0.745761;5.46293e-05;0.00502191;2.14254e-05;0.235543;3.79568e-06;0.00878776;1.37041e-07
4.55596e-07;0.723287;2.30166e-11;6.14372e-09;8.11189e-10;4.98091e-09;7.63987e-07;9.17894e-06;6.72971e-08;1.5152e-09;8.71569e-07;2.17427e-05;0.276679;7.72114e-10
2.63015e-07;0.00124487;1.0684e-05;5.80779e-08;3.65169e-06;2.53726e-07;1.28703e-09;0.000306584;3.14618e-09;9.98093e-09;1.62989e-08;0.998233;0.000196908;3.19203e-06
2.52687e-06;0.992328;8.65881e-09;4.6856e-05;4.45574e-07;1.94965e-06;0.00440488;0.000926529;9.34759e-05;7.16282e-05;0.000670891;9.04955e-07;0.00119796;0.000253619
7.77811e-06;1.09023e-05;0.999915;4.29659e-06;4.19031e-09;2.86102e-09;1.24023e-05;1.95666e-05;4.14076e-06;4.96622e-08;1.13628e-05;8.8447e-06;5.68219e-06;1.29541e-09
7.42893e-06;0.979877;1.10953e-08;2.35247e-06;7.39287e-07;5.96e-07;1.93985e-07;0.0197673;0.000143209;7.16732e-08;8.69197e-06;1.44594e-05;0.000175566;2.87491e-06
5.55257e-05;0.00929046;6.28248e-07;2.21845e-05;3.23253e-05;6.2154e-06;5.066e-07;0.0013613;0.000324122;1.63423e-05;0.000197836;0.987385;0.00114516;0.000162763
3.83881e-05;0.841541;3.39024e-05;5.65709e-06;3.14126e-05;0.000118842;4.47337e-08;1.42297e-06;1.19661e-08;4.94078e-06;1.74089e-07;5.98099e-05;0.157988;0.000175442
1.7098e-05;0.0317602;5.32258e-06;2.78995e-07;3.87904e-05;3.75072e-07;2.16893e-07;0.955706;2.03481e-06;1.82928e-07;2.78589e-07;0.000636793;0.0117708;6.12543e-05
4.13647e-06;0.00366343;3.32126e-08;7.93579e-05;0.00166569;0.506826;2.24643e-06;2.31999e-05;4.3231e-06;1.9701e-05;2.32208e-05;0.00365173;0.4073;0.0767368
8.75227e-05;7.80067e-05;0.575538;4.44045e-06;8.57832e-08;5.602e-07;0.000206196;5.15741e-07;6.13034e-08;0.000565817;1.90557e-07;0.423441;2.35786e-05;5.38705e-05
5.80617e-08;1.46389e-08;0.999999;8.57931e-08;2.31932e-10;1.07923e-09;1.67445e-07;5.77928e-09;4.77726e-07;1.08236e-08;4.1691e-07;2.48138e-08;6.57892e-09;3.5755e-10
3.76579e-05;0.965678;2.6336e-06;2.78321e-05;2.90596e-06;4.58309e-07;0.000100946;0.0285532;0.000127092;2.70996e-05;0.000561082;0.00334677;0.0014633;7.11604e-05
6.01307e-06;0.233607;1.59151e-09;8.16243e-06;2.32279e-06;3.61729e-08;5.89723e-06;0.0359927;0.000124459;1.02721e-06;0.00165022;0.728436;0.000161798;4.19276e-06
4.15099e-06;0.543023;5.498e-05;1.66105e-05;2.58031e-05;0.000376149;2.13744e-06;1.61004e-05;1.79101e-08;3.93733e-05;7.73879e-06;0.00421007;0.452076;0.00014857
5.55411e-05;0.126066;7.39641e-06;2.13426e-06;0.000280109;2.28631e-06;2.39486e-06;0.845027;8.02445e-06;9.01407e-07;3.41093e-05;0.0126444;0.0149299;0.000939914
6.01345e-06;0.00147241;9.77857e-09;0.000257782;0.00505838;0.355026;3.42497e-07;0.000315925;2.12199e-05;1.21261e-05;2.05506e-05;7.90157e-05;0.575479;0.0622514
0.000950171;0.0113303;0.885721;2.33545e-05;1.11005e-07;4.1899e-08;0.000108434;3.57934e-08;2.88155e-07;0.000117181;2.65549e-06;0.101681;5.24148e-07;6.47467e-05
7.2828e-08;8.68491e-09;0.999999;8.22261e-08;5.9678e-10;2.07111e-10;2.34023e-07;6.28842e-10;1.98311e-07;5.51013e-09;2.53733e-07;3.4735e-09;1.17961e-10;8.10486e-10
0.00044396;0.0947122;2.70783e-05;9.49761e-05;3.52454e-05;2.90071e-06;4.2413e-05;0.784262;0.00346879;4.47546e-05;0.0100155;0.100734;0.00608983;2.63013e-05
8.39099e-06;0.941649;1.02975e-06;1.32654e-07;1.04912e-06;2.3558e-07;6.47717e-06;0.0557318;2.24289e-06;1.27428e-06;2.43914e-05;0.00110167;0.00146897;2.86152e-06
7.85899e-06;0.754443;5.61244e-09;0.000792859;0.000468525;0.000111314;0.000141201;0.000609492;7.96837e-05;0.000296403;0.00141771;0.000195891;0.240107;0.00132916
0.00264033;0.950362;0.0406608;0.00196844;3.37884e-05;3.17303e-07;4.47521e-05;0.000273934;1.87605e-05;0.000577333;9.27971e-06;0.00183938;0.00108765;0.000482983
0.000124611;0.00193981;1.12256e-08;4.03774e-05;5.55889e-05;3.86305e-07;6.96923e-06;0.937613;0.0255411;8.26737e-07;0.000403817;0.0342676;5.85634e-06;5.03725e-07
8.32582e-05;0.988167;0.00338286;0.000139978;9.02989e-05;6.87217e-05;4.93945e-07;0.000268374;7.17757e-07;3.94363e-05;1.03851e-05;0.000595662;0.00655438;0.000598739
3.13304e-05;0.0133612;5.56503e-10;3.66974e-09;6.44998e-08;1.6811e-08;1.11344e-06;1.44936e-07;4.0713e-07;4.00496e-09;4.04165e-07;0.979941;0.00665961;4.28119e-06
8.44656e-05;0.0232088;0.000177074;8.08115e-07;0.0068441;0.000378847;1.44007e-05;0.333875;2.2514e-05;1.52706e-06;7.3649e-07;0.00519723;0.626926;0.00326832
1.57314e-05;0.0318724;6.86286e-07;6.56851e-07;1.62577e-05;0.000602049;4.17321e-06;0.000280743;8.43979e-05;5.35409e-08;1.00255e-06;0.000844208;0.966196;8.13873e-05
1.39154e-05;0.000678254;0.999176;1.46945e-06;1.43881e-07;3.59732e-08;1.79653e-06;6.75298e-07;1.56936e-07;4.28343e-06;4.20877e-08;0.000121052;2.2076e-06;4.5418e-07
8.92801e-06;1.31804e-05;0.999904;3.33177e-06;2.2913e-08;2.52286e-08;5.90514e-06;3.04764e-07;3.32876e-05;1.98644e-07;2.89016e-05;1.26866e-06;1.09488e-06;2.6823e-08
0.00019736;0.287423;0.00184431;2.30713e-05;4.74434e-06;6.5805e-06;5.94275e-05;0.287221;0.00039579;1.34201e-05;0.000835531;0.32596;0.0959733;4.33617e-05
7.92459e-05;0.486305;0.00529357;0.000367998;0.0230399;0.000102444;1.92663e-05;0.0385408;0.000461382;3.39113e-05;0.000223248;0.112336;0.267321;0.0658768
4.77113e-05;0.291993;0.000119304;3.49811e-05;1.66892e-05;0.000121838;6.55606e-05;0.114952;6.84283e-05;2.79169e-05;0.00032456;0.0911116;0.501082;3.37607e-05
8.4691e-06;0.00333014;4.82386e-08;1.02596e-05;0.000261079;7.21388e-05;1.66386e-07;0.174614;3.17525e-06;1.03647e-06;6.72071e-06;0.000300947;0.821218;0.000173909
8.66948e-06;0.000183908;5.26033e-07;2.54748e-06;2.47255e-06;3.11755e-07;3.3207e-08;1.48164e-05;6.55183e-05;2.10114e-07;2.31739e-05;0.999679;1.4337e-05;4.92723e-06
1.31309e-06;0.999948;1.99053e-06;3.25976e-06;2.31378e-07;5.42927e-08;9.99508e-08;2.82638e-05;3.13644e-07;1.86485e-07;1.63122e-07;9.61092e-06;6.06247e-06;1.64705e-07
2.14415e-06;0.891267;5.4866e-07;2.801e-07;3.29466e-08;3.79134e-07;3.12864e-07;3.36537e-05;1.64248e-07;1.49508e-07;7.9838e-07;0.100594;0.00809998;7.65053e-08
4.08529e-05;0.177141;0.00037715;0.000201292;0.000765567;0.00279603;3.37528e-05;0.0517872;0.000118265;2.53099e-05;0.00063315;0.735254;0.0298943;0.000931726
7.72241e-05;0.0902929;2.14204e-07;0.000151028;0.0276095;0.000676701;1.64233e-06;0.857591;0.000157602;7.92049e-07;0.00107316;0.0187603;0.00306698;0.000541559
2.94794e-05;0.0901122;6.42471e-05;7.735e-07;5.12843e-07;6.04496e-08;1.89639e-07;0.00535001;6.57225e-07;1.87668e-07;1.05992e-06;0.901966;0.00247384;6.69075e-07
0.000277679;0.074641;0.000191849;0.000965941;0.0406269;0.0372818;3.97733e-05;0.709469;9.97705e-05;0.000415292;0.000268352;0.0654134;0.0674711;0.00283831
0.000335685;0.016728;2.94957e-08;1.57193e-05;3.83974e-06;1.44625e-05;1.34059e-06;0.571025;2.62242e-05;4.47902e-07;0.000133553;0.00132177;0.410389;4.81779e-06
5.7278e-05;0.0329952;1.68555e-06;1.63295e-05;1.06858e-06;4.22279e-05;3.77861e-07;0.000323809;4.76238e-06;9.62256e-07;1.99391e-05;0.732998;0.233533;4.84181e-06
5.18106e-06;0.957748;0.0265649;6.05327e-06;3.6334e-06;2.77445e-07;1.74546e-08;0.0155023;8.86572e-09;2.09165e-07;9.15712e-08;3.40962e-05;0.000104823;3.02596e-05
5.82775e-06;0.846163;5.06331e-08;5.04202e-05;0.000706777;0.0131679;6.19467e-05;0.045008;4.74972e-06;0.000411649;9.48719e-05;3.16326e-06;0.0797838;0.0145383
9.40763e-09;4.83153e-10;0.999996;1.13302e-07;6.81064e-10;3.60536e-09;3.46917e-08;2.29193e-10;4.42659e-09;6.05112e-09;4.83428e-07;3.73756e-06;3.47751e-10;9.12781e-10
9.69954e-07;4.07117e-05;1.03615e-06;4.53106e-07;1.47781e-05;5.63737e-06;3.55201e-06;8.96837e-05;7.05973e-07;8.21219e-08;2.85199e-06;8.89196e-07;7.94367e-06;0.999831
2.62165e-07;8.80344e-06;4.3194e-11;2.35245e-09;8.72684e-06;2.44519e-08;3.02478e-07;0.999975;6.02013e-06;3.7938e-10;2.38972e-07;1.46354e-07;9.94085e-08;4.46639e-08
2.84682e-09;2.95667e-07;0.999999;1.18565e-09;1.53575e-07;1.75742e-09;1.64397e-11;4.51591e-11;1.52112e-12;9.40837e-11;8.49801e-11;4.8651e-07;1.23525e-09;1.2395e-08
3.61821e-08;0.999846;3.87147e-09;4.55068e-09;4.28119e-08;3.21088e-09;9.60077e-09;3.1608e-05;3.96782e-08;1.04593e-10;1.28528e-07;1.84517e-06;0.000119299;1.00334e-06
9.72644e-06;0.921715;5.49878e-07;1.60624e-05;0.000154842;5.6621e-06;3.20958e-06;0.0277594;7.45119e-06;2.60082e-06;8.95626e-06;0.00153527;0.0486664;0.0001144
1.21382e-06;0.966958;4.15039e-08;4.40874e-05;0.00339253;8.72402e-06;2.70184e-07;0.00649863;6.36853e-08;3.87719e-05;3.74343e-08;0.000692708;0.0200853;0.00227982
1.60609e-06;0.000183021;6.55604e-09;5.33942e-05;4.6493e-06;5.31998e-05;3.59663e-06;2.0569e-05;1.86006e-05;3.68666e-06;0.000241338;3.79543e-05;0.999378;7.53317e-07
3.06082e-07;0.000175169;0.999777;3.15596e-06;6.75748e-07;8.97125e-08;9.07996e-06;7.46339e-09;5.55147e-09;3.25676e-05;1.52809e-08;9.30027e-08;2.16877e-08;2.01231e-06
3.89993e-06;4.60819e-06;0.999938;1.49056e-06;3.90987e-07;4.2128e-08;2.99751e-06;8.07342e-07;5.64238e-06;1.12812e-07;2.1072e-05;2.08332e-05;9.72898e-08;4.03802e-08
3.84739e-06;0.899157;2.23329e-08;4.16301e-05;5.83722e-06;8.34964e-06;1.61785e-07;0.0992257;0.000509545;2.70819e-07;0.00020421;0.000395654;0.000441705;6.31348e-06
3.97342e-06;0.124478;0.000471375;5.88629e-05;1.4238e-05;7.50029e-07;1.23388e-07;0.000185393;3.01692e-07;2.43666e-06;5.43662e-06;0.874662;0.000117111;2.03328e-07
1.10081e-05;0.929137;3.6332e-11;3.82161e-07;2.35541e-07;3.8604e-07;7.92058e-06;0.000200894;3.73986e-06;2.48425e-07;2.36412e-05;2.45319e-06;0.0706104;1.53343e-06
4.36909e-06;0.0079213;1.6636e-05;1.37545e-06;2.43102e-07;2.54661e-07;6.59978e-08;3.00237e-05;2.22959e-07;2.56404e-08;5.98616e-07;0.989771;0.00224638;7.41677e-06
5.26879e-06;0.0214606;6.32717e-07;1.16637e-05;0.00284908;0.000109786;4.76766e-07;0.961678;2.64704e-07;1.71642e-06;3.21627e-07;0.000274796;0.00551185;0.00809557
4.71107e-05;0.422458;5.46481e-10;0.000161762;5.9879e-05;0.00159179;2.05265e-06;0.000257191;1.69602e-05;7.64558e-06;6.44167e-05;0.000866184;0.57004;0.00442706
2.73615e-06;1.0031e-05;0.997385;9.77198e-07;5.25202e-07;6.15004e-08;1.04533e-08;1.52928e-06;1.51543e-08;8.29578e-07;5.98827e-08;0.00259715;3.2272e-08;1.40962e-06
1.08139e-05;0.979625;7.86365e-07;2.4464e-05;0.000241051;6.76674e-06;2.92057e-06;0.0193664;0.000207568;4.96936e-07;9.47745e-05;1.82054e-05;0.00030681;9.41642e-05
3.47068e-06;0.993872;2.4756e-06;8.31655e-08;4.25019e-07;1.20547e-07;5.85245e-07;0.0049515;2.21225e-06;3.54709e-07;2.89319e-06;0.000121532;0.00104229;1.8632e-08
1.62379e-08;6.49518e-05;1.89523e-07;9.96397e-06;1.9427e-05;2.67486e-05;1.04177e-08;3.34273e-05;1.02558e-06;3.72892e-07;2.9091e-06;0.999432;6.56863e-05;0.000343285
2.08562e-06;0.993909;1.01534e-07;5.78911e-08;1.34124e-09;9.3097e-09;6.62537e-05;3.64016e-06;2.80479e-06;2.27391e-08;4.18019e-06;0.000163732;0.00584768;2.59847e-10
3.79497e-05;0.261594;8.13515e-05;7.05793e-05;0.00028695;0.000445685;8.33455e-05;0.0389324;0.000363825;6.62483e-06;0.000115323;0.226861;0.470441;0.000679435
0.00037724;0.379943;5.16342e-07;0.000314676;0.150349;0.000166241;6.50466e-06;0.413229;0.00247505;1.18761e-05;6.58309e-05;0.0483334;0.000183621;0.00454385
0.000180468;0.0584259;9.98517e-05;4.12663e-07;4.60984e-06;4.05454e-09;4.97461e-08;0.0181732;5.84805e-06;2.38111e-08;3.93683e-08;0.92283;0.000279275;2.14854e-07
0.000160945;0.011619;1.39126e-05;8.70455e-05;0.0205217;0.00401406;7.18645e-06;0.872668;0.00018379;0.000203463;3.29773e-05;0.0767955;0.0132564;0.000435809
8.42978e-05;0.0435065;7.31117e-08;0.000247985;0.000141819;6.1257e-05;1.65511e-05;0.00256109;0.000684085;5.53827e-06;0.00167004;0.00148364;0.949256;0.000281342
6.47915e-05;0.00399908;3.61134e-05;0.000222187;0.000112811;1.47195e-05;8.55681e-07;6.81611e-05;6.44091e-05;7.74232e-06;0.000180045;0.99501;0.000184173;3.50231e-05
1.87195e-05;0.999657;4.29401e-05;1.13318e-05;1.52385e-06;3.34426e-06;5.15659e-07;0.000112312;1.4589e-06;1.69678e-06;6.08079e-07;5.29372e-05;8.94179e-05;6.68217e-06
5.11848e-06;0.491008;9.13772e-09;4.78654e-07;7.75157e-09;2.20974e-07;3.81194e-07;1.85613e-05;1.18937e-06;2.0019e-08;1.64945e-05;0.00117382;0.507776;1.01932e-07
6.57862e-05;0.32442;0.000263062;0.000160721;0.00441988;0.000484494;7.40744e-07;0.000340071;1.74704e-05;8.25389e-06;0.000103407;0.364042;0.00566053;0.300013
7.25387e-06;0.997887;2.40889e-10;5.22356e-08;3.62443e-05;6.8707e-08;1.53789e-06;0.000711098;8.33268e-07;1.06812e-07;1.0338e-06;7.90579e-06;8.53702e-05;0.00126147
9.79099e-07;0.974201;4.39121e-07;3.59077e-08;2.52308e-07;2.83418e-09;1.84423e-07;7.97631e-05;4.59585e-08;4.74015e-08;8.82457e-08;0.0256415;3.27718e-05;4.30662e-05
5.62164e-06;0.228263;2.42675e-07;3.15995e-05;0.0100776;0.00160535;1.68968e-06;0.262311;9.80883e-07;8.72053e-06;1.08303e-05;0.0215906;0.475971;0.000122179
4.20715e-08;1.10585e-05;4.04397e-11;5.68613e-08;1.2978e-08;1.65326e-07;6.45718e-10;1.98536e-05;6.71387e-09;4.858e-10;2.86513e-07;3.32352e-05;0.999935;4.1168e-07
1.39293e-06;0.000142743;8.79411e-07;3.14863e-05;7.74265e-07;5.32649e-07;2.13238e-08;4.69919e-05;1.13916e-06;3.30825e-07;3.67245e-05;0.999686;4.44716e-05;6.45e-06
0.000157144;0.289886;3.94641e-08;0.000131663;0.000341303;8.58195e-07;6.33439e-06;0.702523;0.000453894;2.62074e-06;0.00164686;0.00462629;0.000155153;6.90235e-05
0.000197806;0.44566;0.507659;0.000771057;0.00117411;1.23881e-05;1.52037e-06;4.57113e-05;1.58638e-07;5.25948e-05;3.66774e-05;0.00434665;0.0386555;0.00138635
7.46982e-05;0.0105917;1.18392e-09;2.97169e-08;0.000168651;1.90966e-07;6.71022e-07;0.987807;9.79425e-06;7.3441e-08;1.59636e-05;1.96162e-05;0.00130138;1.0454e-05
2.61032e-06;0.0010424;0.990786;2.01261e-06;0.00663571;1.45208e-05;8.14798e-09;4.30751e-06;6.79001e-09;5.91336e-06;5.25677e-08;0.000323434;3.36563e-05;0.0011491
0.000969594;0.0160143;1.94451e-09;9.50583e-07;0.000117288;0.000819001;0.000178802;0.0266097;0.0184663;2.97662e-06;0.000796256;2.04474e-06;0.93599;3.30911e-05
4.17058e-05;0.0769626;0.904453;9.49403e-07;3.94376e-06;9.3199e-07;7.94531e-06;6.66239e-05;2.408e-07;3.4466e-05;3.83867e-07;0.018379;4.38084e-05;4.53156e-06
2.344e-06;0.978099;1.74623e-08;1.41614e-06;2.40971e-06;5.36639e-06;9.93783e-06;0.00260223;8.06178e-06;3.14531e-07;1.69632e-05;1.04473e-05;0.0191731;6.8642e-05
3.50854e-06;0.991569;0.000159017;1.04098e-06;2.70807e-07;2.19437e-08;2.75588e-06;0.000262965;1.65853e-06;7.97829e-07;2.45463e-05;0.00794675;2.67156e-05;7.19009e-07
1.78162e-07;0.999597;2.5854e-11;2.84872e-06;8.27934e-05;5.05031e-09;4.55284e-06;0.000207861;4.45387e-07;1.69091e-06;4.01996e-07;9.79714e-05;2.99971e-07;3.68235e-06
0.000132123;0.00622088;0.0088914;0.000496225;6.62069e-05;0.000114874;8.79404e-06;0.00119207;1.00137e-05;0.000265593;1.41741e-05;0.982329;0.000210464;4.82569e-05
0.000448747;0.0435852;9.32015e-08;0.000336814;3.84105e-05;2.67373e-05;4.12674e-05;0.00830933;0.0143454;1.78695e-06;0.0334833;8.28182e-05;0.898951;0.000348904
2.86044e-05;0.000570716;1.45573e-06;2.90221e-06;1.694e-06;7.97634e-07;1.06612e-08;0.000197638;1.04926e-06;1.14389e-07;3.01577e-06;0.996079;0.00310051;1.26659e-05
3.78156e-05;0.00662239;3.2671e-09;1.20291e-07;1.26903e-05;6.46685e-07;1.04226e-07;0.992874;4.07263e-06;2.36343e-07;2.78096e-07;0.000176412;0.000255321;1.61148e-05
3.28844e-05;0.249656;0.575578;0.000271018;0.0200952;0.00256828;2.18193e-08;1.39487e-05;5.95498e-09;1.76241e-05;1.61369e-06;0.0129158;0.124456;0.0143932
2.77505e-07;0.996699;2.64381e-11;1.40795e-08;1.17712e-07;1.79371e-08;8.9144e-05;2.07423e-05;4.02438e-08;2.59946e-06;3.58436e-07;4.68512e-06;0.00014968;0.00303311
3.82841e-05;0.00115928;3.66648e-05;8.58991e-06;3.6466e-06;2.23277e-05;0.890366;6.09447e-06;0.0120203;0.000105907;0.0871888;1.01091e-05;0.00903325;4.83159e-07
9.18919e-05;0.985248;0.000124056;3.06098e-06;1.07624e-06;5.95971e-07;0.00074053;2.05738e-05;1.42957e-06;9.76826e-05;1.17021e-06;9.72249e-06;0.0136527;7.19092e-06
5.34262e-09;6.23026e-09;1;8.88086e-10;8.05377e-11;1.51261e-12;1.8996e-09;4.91309e-10;1.99679e-09;5.49408e-10;4.42914e-10;7.74235e-08;9.81299e-11;7.10898e-12
6.26938e-06;0.00151378;1.14856e-05;6.6084e-07;1.89889e-06;2.03669e-07;7.62e-08;0.991911;6.55961e-06;3.3434e-07;4.98936e-06;0.0063809;0.00012268;3.92193e-05
5.76537e-07;0.913991;1.22582e-09;6.54059e-07;7.30266e-07;6.22082e-07;0.00440267;9.7463e-08;9.7455e-06;0.000530077;2.74691e-05;3.83857e-06;8.78856e-06;0.0810238
1.6348e-05;0.000159293;3.73812e-07;2.38041e-05;3.08844e-07;3.26669e-07;0.811378;2.46619e-05;0.0984435;2.64032e-05;0.089787;1.12586e-05;0.00012838;8.53375e-08
2.05662e-05;0.999341;0.000322952;3.31672e-06;5.89539e-07;3.04804e-08;3.04814e-08;0.00015497;5.07791e-07;1.52219e-07;7.8994e-08;4.28409e-05;0.000111809;1.09874e-06
3.16102e-05;0.994721;9.15662e-08;2.11294e-06;1.13027e-06;1.43996e-07;1.70224e-05;0.00510896;1.12868e-05;3.67968e-05;3.00019e-07;4.48324e-06;6.22335e-07;6.50681e-05
7.4205e-08;3.24383e-08;0.999997;5.97159e-08;2.49159e-08;9.5629e-10;7.57447e-08;5.62815e-09;9.28631e-08;1.86638e-08;4.60858e-08;2.50757e-06;4.42758e-10;1.97042e-09
0.000132474;0.192651;2.91024e-05;4.39946e-06;0.000129219;9.05943e-05;7.56889e-06;0.0357187;3.98647e-05;1.53236e-06;4.23579e-05;0.087691;0.683414;4.81155e-05
4.2521e-07;0.997446;2.38807e-09;1.47414e-06;1.88933e-05;2.51959e-06;0.0003013;0.000191228;6.09963e-07;0.000383527;4.24788e-07;4.15019e-07;3.03574e-06;0.0016501
7.59315e-11;2.47341e-11;1;9.79452e-11;2.94884e-11;1.46579e-12;1.16383e-09;4.7782e-12;2.87883e-11;2.03813e-11;1.99602e-10;8.16277e-09;5.61329e-12;1.69564e-13
0.000150404;0.945602;9.41477e-06;9.48929e-05;9.43228e-06;0.000157213;0.0189494;0.00341939;0.00732559;0.00026859;0.0114509;2.50051e-05;0.012478;5.93542e-05
2.35122e-05;0.986481;0.000563414;9.03712e-06;8.26996e-07;4.96822e-07;3.05685e-05;2.94908e-05;6.89734e-05;1.42006e-05;0.000182946;0.0125817;6.84275e-06;6.37312e-06
7.01619e-07;0.999817;1.19789e-11;8.52284e-07;2.04381e-05;1.26028e-08;7.49709e-06;0.000122347;2.23476e-06;1.26836e-06;1.07858e-06;1.69328e-05;6.90452e-07;9.21954e-06
8.00176e-06;0.00124613;0.00614606;3.3051e-05;7.70691e-05;0.000297977;1.58038e-07;9.58919e-05;1.46383e-07;1.80057e-05;2.26144e-07;0.991928;4.07968e-05;0.000108613
4.71636e-06;0.00119466;7.58489e-10;4.36119e-07;4.31409e-06;1.63847e-06;3.32291e-07;0.00295615;9.67997e-06;9.49936e-09;1.53036e-05;4.39048e-06;0.995808;8.01043e-07
8.11787e-06;0.000505797;8.502e-07;3.78029e-06;5.17146e-06;1.58077e-06;4.64771e-08;0.000100476;2.7148e-06;4.36903e-07;2.42898e-06;0.998294;0.00102291;5.20047e-05
7.15493e-06;0.00020958;6.81487e-09;4.99212e-09;2.06318e-08;3.15462e-08;9.22666e-09;0.999751;1.11201e-05;1.7415e-09;2.34334e-08;1.09693e-06;1.97278e-05;5.31766e-09
3.93079e-06;0.00583354;9.17534e-07;0.000250624;0.0186434;0.00137509;1.57488e-08;0.00013546;6.56691e-05;2.18719e-06;7.77666e-05;0.685661;4.21955e-05;0.287908
4.34305e-08;0.999894;6.55973e-13;5.68809e-09;4.51882e-09;2.19659e-10;1.9938e-06;8.77041e-05;3.20222e-10;9.9284e-08;9.03569e-09;4.41327e-12;1.52914e-05;7.59961e-07
2.87008e-11;5.66986e-12;1;1.67854e-10;5.76173e-10;2.44842e-11;1.13089e-11;2.62199e-11;2.87565e-13;2.74099e-11;7.58862e-13;1.09841e-08;2.79254e-14;2.08535e-11
3.15093e-07;0.998873;7.77292e-07;1.02387e-05;5.04273e-05;1.54117e-06;1.03273e-05;0.000733478;2.64997e-06;7.77262e-08;1.54337e-06;3.41452e-06;0.000245601;6.6338e-05
4.36206e-05;0.0513329;2.33604e-05;0.000110307;0.0702982;0.393083;0.000361266;0.45396;0.00194857;0.000986702;0.000614725;0.00130417;0.00878044;0.0171523
0.000110431;0.223199;1.78507e-07;0.00658678;0.0475716;0.013318;5.43502e-05;0.059969;0.000105685;0.000638689;0.00187087;0.00921936;0.513813;0.123543
0.00280513;0.0204372;1.06636e-05;0.000126297;1.21222e-05;1.74811e-07;5.30062e-05;0.000459392;0.000210718;3.42179e-05;0.000313787;0.975043;0.000492121;1.87605e-06
1.49839e-07;0.999975;1.38434e-09;1.63207e-10;7.40189e-12;2.28836e-11;1.44403e-08;8.82449e-10;6.11627e-10;7.38133e-10;5.09155e-10;5.98109e-06;1.86378e-05;2.64781e-09
8.12509e-07;0.981404;3.98937e-09;6.2067e-06;1.24112e-05;1.04826e-06;0.0144198;0.0002668;5.21368e-06;0.000843504;1.79914e-06;2.6737e-05;3.62476e-07;0.00301127
1.94679e-10;1.54719e-09;1;3.34401e-08;1.63131e-11;3.20518e-11;1.8427e-08;6.21604e-11;5.44765e-10;8.83959e-11;1.52477e-07;1.99518e-08;1.47918e-10;7.61137e-13
1.80526e-05;0.13475;1.19252e-05;3.03818e-07;7.80973e-07;1.51146e-07;2.06025e-06;0.859204;1.12854e-06;1.11347e-07;1.40134e-05;8.07337e-07;0.00599402;2.4491e-06
1.38242e-08;0.000268447;1.14475e-07;3.26957e-07;3.01293e-07;4.43743e-07;2.18002e-09;2.55105e-07;1.90798e-07;1.06671e-08;5.68742e-06;0.999709;7.71285e-06;7.74009e-06
6.98934e-05;0.976097;2.30496e-05;3.78363e-07;3.69692e-06;3.78383e-07;5.40342e-07;0.0115799;1.10586e-05;1.78431e-07;7.9652e-06;1.25184e-05;0.0121934;2.71804e-08
0.000249119;0.361303;0.00479395;1.03909e-05;0.0209827;0.000272742;8.68559e-08;0.0353541;6.19725e-06;1.09214e-05;1.17092e-06;0.0712862;0.00137226;0.504357
0.000891951;0.156812;2.25162e-06;0.00841292;0.00909245;0.00456799;0.000229873;0.0586349;0.486844;0.000551723;0.0112449;0.00238189;0.019444;0.24089
0.00483105;0.862692;3.73995e-06;1.83798e-05;6.42728e-08;1.15431e-07;0.000211604;6.15587e-05;0.126493;1.03569e-06;0.00207735;0.000285089;0.00332508;3.2773e-08
4.26675e-05;0.355065;7.4108e-05;4.63465e-06;9.29685e-05;3.48317e-07;3.22419e-08;0.0049223;1.1096e-06;5.41429e-07;8.90615e-08;0.639728;1.28119e-07;6.77835e-05
2.49877e-06;0.0197694;7.63683e-10;1.34373e-07;3.601e-06;4.35581e-07;9.29161e-08;0.00109815;2.30331e-07;9.55492e-09;2.07636e-07;3.9163e-07;0.979123;1.4752e-06
1.27294e-08;1.74097e-05;1.20891e-07;3.01341e-06;2.87495e-05;1.52097e-05;6.48233e-11;1.46943e-05;6.7162e-07;5.66067e-09;3.73516e-07;0.999796;2.44501e-06;0.000120904
1.41364e-05;0.00520827;9.06322e-09;5.64865e-06;3.30572e-06;2.79975e-06;6.05366e-06;0.000316942;0.000296965;3.06965e-08;0.000553717;2.51653e-05;0.993566;1.25562e-06
0.000262608;0.00229168;8.95044e-06;1.17734e-05;9.26317e-06;2.21281e-06;1.05643e-07;0.000826325;0.000132203;2.93642e-07;1.87567e-05;0.993561;0.00285166;2.32507e-05
0.000771213;0.829354;0.000185625;0.000199539;0.000767849;0.00119845;1.83651e-06;0.0158554;7.83685e-05;0.000136921;3.10693e-05;0.00157399;0.147305;0.00254142
2.53913e-05;0.16817;0.000290164;0.000109785;3.67118e-05;2.35649e-05;5.45818e-08;7.79227e-05;2.31634e-06;1.27981e-05;0.000130662;0.830127;0.000520077;0.000473592
4.51691e-05;0.127816;6.59509e-08;0.000185936;3.30025e-07;1.09576e-06;0.800579;2.93631e-05;0.00208171;0.0581303;0.00892592;1.55157e-07;1.46777e-06;0.00220333
5.44098e-05;1.56773e-05;0.99268;0.000156258;2.91272e-07;1.96312e-05;0.0017642;0.000124272;0.000464377;2.1962e-05;0.00467458;8.80888e-06;1.51022e-05;7.27069e-08
1.03837e-07;0.999963;1.94617e-10;1.58866e-10;5.74027e-12;2.3569e-11;2.24244e-07;1.11976e-07;7.4155e-09;2.28068e-10;6.84577e-09;3.89624e-08;3.67744e-05;5.67683e-12
2.02758e-08;0.000424519;1.42385e-08;8.79302e-08;3.59993e-07;6.69621e-07;4.4546e-10;4.75462e-06;1.20365e-07;3.51355e-09;1.29654e-07;0.999555;8.15939e-06;5.77004e-06
1.31418e-06;0.881314;5.14288e-10;3.70715e-09;4.88133e-08;1.33586e-07;2.59205e-08;8.18841e-05;4.95345e-08;3.16379e-09;2.80986e-08;1.38911e-05;0.118587;1.50104e-06
5.26273e-05;0.398793;1.09787e-06;9.40809e-07;8.83244e-05;8.62021e-06;6.91955e-07;0.580178;7.02122e-05;1.80373e-06;1.1092e-07;0.00609826;0.011779;0.00292756
0.000114119;0.189921;6.55839e-05;0.000352352;0.000819498;0.0907285;0.000314902;0.00247222;0.00119963;0.00106967;0.000158238;0.00664713;0.705803;0.000334374
7.23978e-05;0.00836417;0.970326;0.000156719;7.2063e-06;1.41338e-05;8.04611e-05;1.68296e-05;1.00049e-06;0.00133205;3.951e-07;0.0193864;0.000108022;0.00013438
1.14747e-07;3.37548e-06;0.999984;3.33016e-06;5.35958e-09;6.71538e-08;1.87056e-06;3.27559e-09;6.90207e-07;2.67336e-07;3.50913e-06;2.50526e-06;1.7022e-07;1.34142e-08
1.07302e-06;0.986487;1.27672e-07;1.03275e-07;4.91331e-09;5.47055e-08;2.37443e-05;7.35438e-06;9.65637e-07;1.03995e-07;1.28535e-05;0.00571565;0.00775112;3.89213e-09
9.59695e-06;0.283849;1.83424e-05;0.000291144;8.45718e-05;0.00137188;0.000118784;0.0768978;9.28191e-05;4.22374e-05;0.000928771;0.502978;0.131728;0.00158971
2.21516e-05;0.889169;2.31912e-08;0.000384309;0.00511498;0.000156405;3.19529e-06;0.0834196;4.20697e-05;6.01226e-06;0.000674506;0.019204;0.000266549;0.00153748
8.73062e-06;0.0617776;0.000129192;4.91334e-07;3.12799e-07;6.76272e-09;8.42048e-08;0.00220774;1.65939e-07;4.16447e-08;3.99606e-07;0.934624;0.00125057;7.93168e-08
0.000116216;0.0374835;2.85327e-05;0.000201445;0.0452704;0.00824057;0.000111212;0.741224;9.7847e-05;0.00102523;0.000133665;0.14184;0.0214989;0.00272839
7.33091e-05;0.0580162;1.34504e-08;3.48266e-05;3.06304e-05;2.59279e-05;2.74095e-05;0.00983659;0.000172922;3.25389e-06;0.000451844;0.00122433;0.929839;0.000263877
5.39394e-06;0.000522334;9.21363e-08;2.97177e-06;6.72043e-07;2.15285e-07;5.80293e-09;3.82884e-05;1.8592e-06;4.08248e-08;1.16556e-06;0.999327;9.97525e-05;5.49722e-07
0.000116373;0.99316;9.85418e-05;9.21841e-05;5.34017e-05;1.68619e-05;6.11365e-07;0.000322462;6.6519e-07;1.91248e-06;9.50632e-07;0.00077305;0.00390582;0.0014575
1.07032e-05;0.693653;1.74788e-05;5.70127e-06;0.00046241;4.02722e-05;2.81919e-06;0.14572;1.04854e-07;2.21264e-05;1.09347e-06;0.000386057;0.134599;0.0250797
4.49739e-06;0.0125007;3.79023e-06;0.000166352;0.000259829;0.0102282;0.000469003;2.34078e-05;6.06254e-05;3.00431e-05;0.000282049;0.00134938;0.974476;0.000145956
1.79221e-06;3.2e-05;0.999924;3.16581e-06;7.46392e-08;4.74041e-08;2.76844e-05;1.32905e-07;1.45421e-07;6.39964e-06;2.39743e-06;2.01257e-06;2.56447e-07;1.45667e-09
3.97118e-06;3.93825e-06;0.999909;1.1065e-06;1.54533e-08;1.85409e-08;1.0495e-05;1.4692e-07;5.44286e-06;1.16247e-07;6.31735e-05;1.78617e-07;2.48154e-06;1.65107e-09
0.000103446;0.505946;0.00153631;8.7343e-06;1.30832e-06;5.42816e-07;3.95983e-05;0.227899;5.6268e-05;4.26089e-06;0.000234925;0.212876;0.0512903;2.67831e-06
