5.98561e-08;0.999781;4.43643e-07;1.67673e-08;1.50922e-08;3.34901e-09;6.38889e-06;8.64577e-11;1.11944e-10;0.000203098;7.98654e-10;7.9918e-09;1.93933e-09;9.04887e-06
2.31332e-10;3.67517e-11;1;9.97108e-12;7.90181e-12;4.79811e-12;2.75823e-10;3.74177e-11;2.82238e-11;1.9289e-12;8.82664e-11;7.31177e-08;1.71731e-12;2.23654e-12
5.52746e-09;0.999985;7.35386e-13;1.91986e-11;4.49535e-09;5.63104e-11;1.55793e-07;7.6835e-06;1.18775e-09;4.04096e-10;1.35582e-09;4.67754e-08;6.77525e-06;3.1947e-11
4.15498e-07;7.02338e-05;0.00021368;4.54618e-06;0.000671376;0.995581;1.07544e-08;5.99216e-05;6.27884e-08;1.29751e-06;2.12199e-07;0.00157082;0.000143629;0.00168294
4.35766e-07;0.999808;7.65209e-10;8.37146e-10;2.58778e-09;1.77584e-07;8.67416e-06;0.000116883;7.95269e-10;1.60432e-07;1.55366e-09;1.79955e-08;4.08274e-05;2.48019e-05
4.80483e-10;7.01378e-09;1;2.07656e-10;1.41449e-11;3.04424e-09;5.87417e-09;5.57902e-11;2.17657e-10;3.06697e-10;9.46076e-11;2.70573e-12;1.10398e-08;7.79905e-12
1.1881e-08;4.09294e-08;0.999998;1.82258e-08;4.74829e-10;4.79634e-09;1.49931e-08;4.55021e-08;1.85775e-08;2.69015e-09;1.42984e-08;8.81181e-07;1.14482e-06;1.33554e-09
4.0197e-09;9.63903e-06;0.000451473;1.02175e-07;7.98025e-07;4.33758e-07;4.3558e-09;2.35492e-06;2.65413e-10;1.327e-08;4.39004e-09;5.64315e-05;5.2991e-07;0.999478
1.15707e-08;5.45225e-05;2.55515e-10;2.48899e-08;0.000373357;3.3829e-06;1.41548e-08;0.999567;9.50839e-09;1.67747e-09;1.14072e-08;6.01399e-08;2.87155e-07;8.76577e-07
2.47551e-10;3.62987e-07;0.999996;9.65383e-09;1.98978e-07;2.70065e-07;3.11463e-11;1.4633e-09;3.12843e-14;2.1534e-10;6.14404e-11;2.66822e-06;1.26163e-07;2.09942e-08
3.26091e-08;0.996669;2.93287e-08;2.42221e-07;5.34872e-07;9.97275e-07;2.03101e-08;0.000110498;1.77104e-08;5.19562e-10;2.99833e-07;3.4329e-06;0.00321031;4.91262e-06
9.18836e-09;1.22654e-06;0.999979;8.0489e-08;2.91334e-07;8.17766e-08;8.65307e-10;5.52469e-08;2.52992e-09;2.06799e-09;4.46238e-09;1.58121e-05;2.95975e-06;4.94437e-08
2.13664e-08;0.996839;6.14968e-08;3.79049e-09;1.22013e-06;4.99041e-08;3.58395e-08;0.00311689;4.66265e-10;4.74181e-08;4.38455e-11;3.7705e-09;4.28579e-05;3.38429e-07
2.65596e-09;1.43133e-05;1.11027e-09;8.6846e-08;1.81767e-07;3.19095e-05;1.26625e-08;4.10813e-07;4.78633e-09;1.43651e-08;2.65946e-09;7.00486e-06;0.999926;1.95789e-05
8.8812e-08;2.03396e-05;0.999636;1.56002e-06;9.60148e-08;2.6207e-08;9.79366e-06;1.80704e-09;8.91942e-10;0.000204583;4.89901e-09;0.000107003;1.59352e-08;2.07312e-05
2.06945e-08;1.68127e-07;0.999994;1.88214e-07;2.88123e-09;4.23248e-09;3.38777e-06;7.72947e-10;1.11235e-07;3.55258e-08;1.77473e-06;6.65472e-08;5.47403e-08;8.23358e-10
1.20822e-07;1.04439e-06;9.40872e-10;8.76501e-10;3.07597e-09;1.22015e-09;1.73455e-07;0.999997;6.62936e-07;3.41375e-09;5.61077e-08;3.78858e-08;4.77517e-07;5.25365e-10
1.24967e-06;0.000521406;5.9296e-06;0.000170265;0.000984125;0.00173475;4.41847e-07;0.000244367;7.86904e-05;4.33376e-06;0.000260838;0.012657;4.36797e-05;0.983293
1.37281e-06;0.998668;2.15929e-07;1.5681e-08;5.54176e-10;3.80933e-09;0.000891476;6.10596e-05;6.56054e-09;9.70319e-06;5.1718e-08;1.52201e-10;0.000334691;3.36728e-05
8.84376e-13;6.66113e-12;1;3.12161e-12;2.01163e-13;8.92838e-13;8.73068e-10;1.13638e-13;6.1186e-14;1.28859e-10;4.76902e-13;2.65519e-12;7.71926e-14;4.39739e-12
6.0477e-09;5.30986e-07;0.999996;2.90334e-08;1.10664e-10;1.40911e-10;2.48092e-06;1.13913e-08;1.55693e-07;3.88945e-09;9.48273e-08;3.04876e-07;2.48419e-07;3.52103e-10
1.43334e-08;1.43383e-05;0.0186883;7.86142e-06;1.815e-06;9.5332e-07;1.49421e-08;5.74454e-05;7.99164e-07;1.43889e-07;1.32093e-06;0.980241;3.1669e-07;0.00098594
3.97695e-06;0.166019;2.7893e-05;1.09291e-05;4.43355e-05;0.00101103;4.28802e-07;0.000129529;3.71766e-08;8.6387e-07;1.27106e-06;0.000144492;0.831076;0.00153035
1.37293e-07;0.000890028;1.15545e-06;2.03707e-07;5.93825e-05;1.18954e-05;1.89234e-10;8.49217e-05;3.00411e-11;3.33588e-09;4.26941e-08;0.996984;0.00131209;0.000656216
2.41831e-07;0.0389069;4.96694e-06;2.13268e-05;0.00142037;0.00687193;3.07195e-08;0.833996;1.06773e-08;4.46578e-07;1.12479e-06;6.5226e-05;0.113866;0.00484567
4.68648e-08;0.000204139;3.99781e-10;5.21073e-07;2.39691e-07;0.000148142;3.58888e-10;4.2281e-06;9.59252e-10;3.84992e-09;1.68228e-07;9.01397e-05;0.999552;1.52675e-07
2.2223e-06;0.0411682;0.958684;1.14063e-05;3.08857e-06;3.88838e-06;3.1277e-08;3.42262e-05;2.65405e-10;4.58007e-06;7.62854e-09;2.81726e-05;4.62321e-05;1.39598e-05
2.73192e-07;0.943623;7.21743e-06;2.2219e-06;3.44288e-07;2.22049e-06;8.44421e-07;0.00023709;4.94519e-08;1.01236e-07;3.85932e-06;0.000255244;0.0558658;1.44528e-06
4.44935e-07;0.785913;1.21127e-07;2.55104e-05;0.000116226;7.46474e-05;6.04697e-06;0.039872;1.42324e-06;5.33711e-06;4.87235e-05;0.00393124;0.169426;0.000578368
6.2912e-06;0.00445341;2.58258e-05;0.000445157;0.00501493;7.13019e-05;5.88534e-05;0.0178735;9.90455e-06;0.000225686;4.13076e-05;0.968706;0.00276272;0.000304685
0.000669875;0.163696;7.21079e-06;0.00782153;9.92785e-05;2.68287e-05;0.016895;0.00315475;0.225268;0.000356098;0.555352;0.00381289;0.0228353;5.16882e-06
0.00351025;0.908961;7.15416e-07;3.02249e-05;4.43214e-06;2.7183e-07;0.000713759;5.15438e-05;0.000153412;9.6701e-05;0.000662107;0.0016846;0.0828359;0.00129467
4.71574e-05;0.965703;8.90992e-09;6.67616e-07;2.54585e-08;1.89569e-08;0.028049;6.66102e-06;5.08946e-06;0.00321856;5.6457e-06;5.07762e-07;4.93181e-08;0.00296327
4.30419e-09;1.0324e-09;0.999999;1.01368e-08;4.39048e-10;2.38324e-11;7.70126e-09;6.35226e-11;3.52261e-08;2.80459e-09;4.6246e-08;7.87942e-07;4.44065e-11;2.33405e-11
5.35889e-06;0.954402;2.17218e-06;1.38593e-06;9.33016e-07;9.72852e-07;1.56131e-07;5.26771e-06;2.898e-07;5.9587e-07;1.63797e-06;8.21013e-07;0.045577;1.133e-06
8.7126e-06;0.0452229;2.49181e-06;7.19064e-07;1.05148e-05;3.23078e-05;5.85601e-08;0.00323767;2.33379e-07;8.03694e-07;1.29921e-07;0.889294;0.0619847;0.000204944
2.26106e-05;0.457421;0.00553154;0.000326872;0.0134691;0.00502791;7.80935e-07;0.408463;3.2542e-07;9.5908e-05;1.9118e-06;5.18458e-05;0.0461221;0.0634654
1.89681e-07;1.14644e-05;5.22167e-09;1.37346e-08;1.1622e-09;4.56842e-06;2.26007e-08;6.65606e-07;1.97058e-07;6.36198e-09;6.04157e-08;0.000362295;0.999621;1.27413e-08
1.11232e-06;0.000670276;0.999254;1.61857e-06;8.55798e-09;1.10833e-07;4.46522e-06;1.4566e-08;2.73539e-09;4.89548e-05;1.79629e-09;9.20281e-07;9.58254e-06;9.1007e-06
2.65052e-08;5.91962e-07;0.999992;1.60152e-08;1.58848e-10;1.19008e-09;7.36652e-06;6.65113e-09;1.92041e-08;2.95913e-07;6.4499e-08;5.81396e-10;1.31748e-08;8.42157e-11
1.29582e-09;6.4488e-08;0.999999;3.57936e-09;7.23931e-11;9.14263e-11;3.99253e-08;1.09512e-07;1.67036e-08;1.6182e-09;4.84218e-08;2.62065e-07;6.91633e-07;4.46149e-12
2.21862e-08;0.000303279;0.0234621;2.44968e-06;8.93752e-06;7.1847e-06;2.25621e-08;5.99682e-05;2.17035e-06;1.20949e-07;4.15438e-06;0.97286;1.67193e-06;0.00328781
6.18201e-07;0.98595;9.61221e-06;2.70143e-07;2.06702e-05;3.5913e-05;7.55992e-07;0.000755238;4.71469e-08;1.74595e-06;1.81718e-07;1.08623e-05;0.013086;0.000127575
1.09661e-08;0.00271738;3.27512e-07;5.94181e-09;4.99032e-06;3.65157e-07;1.60275e-10;1.07851e-05;1.13075e-10;1.46905e-09;6.0695e-09;0.997215;4.56921e-05;5.59408e-06
2.17727e-06;0.342559;0.00188333;8.10633e-06;0.0173982;0.000325314;4.78966e-09;0.57161;4.5932e-08;2.00082e-07;2.07911e-08;0.000913398;0.0071609;0.0581394
1.42884e-05;0.840286;4.34609e-06;4.40102e-07;7.29638e-06;0.000209553;1.16593e-05;0.0184765;1.81938e-07;6.88743e-06;2.83441e-08;1.15875e-06;0.140931;5.06743e-05
9.42788e-10;2.25233e-08;1;5.6662e-10;6.92433e-12;1.64474e-11;1.01721e-10;1.54666e-10;1.40279e-11;2.09625e-10;2.32691e-12;1.21434e-08;2.61428e-09;2.56719e-12
1.46063e-07;0.000402053;0.00236353;3.50308e-06;2.0961e-06;3.26427e-07;1.85775e-09;0.000125034;2.33431e-07;1.1145e-08;3.4602e-08;0.997098;4.35857e-06;8.77694e-07
2.25985e-06;0.620994;1.88554e-05;5.38405e-06;0.000101413;0.000442565;2.431e-07;0.0113615;2.20801e-07;6.66958e-07;3.70887e-06;0.000144109;0.366905;2.00878e-05
2.50751e-06;0.939339;8.79438e-06;0.00021627;0.000207435;0.00399305;0.0120935;0.000988627;3.29791e-07;0.0363569;1.73461e-05;0.000317105;0.000110711;0.00634839
1.64221e-11;9.64379e-10;1;2.71259e-11;6.93505e-12;3.7489e-11;5.98046e-12;1.73705e-12;2.25361e-13;4.82959e-13;6.78963e-13;2.71768e-10;5.60006e-12;1.21848e-12
4.97521e-05;0.563219;5.48587e-06;2.67077e-05;1.23334e-05;0.000322851;1.73222e-06;0.0322486;6.10671e-05;9.30878e-06;2.18639e-05;0.00401781;0.399443;0.000560251
1.01104e-05;0.978288;3.08696e-07;1.44697e-05;6.57354e-05;6.75832e-05;3.40249e-06;0.0185441;1.58171e-05;3.55528e-05;4.04011e-05;0.00135688;0.00138951;0.000168273
0.000289734;0.835029;0.00120491;0.00016052;0.000554245;2.79859e-05;7.27231e-05;0.0646799;5.3433e-05;0.000319748;0.000850285;0.0824545;0.0142328;6.98069e-05
0.000555685;0.426434;5.94689e-07;6.07033e-05;6.10465e-05;1.78993e-05;0.000699558;0.00576208;0.00114709;8.63449e-05;0.0150905;0.362774;0.187278;3.28926e-05
7.1826e-08;0.999855;2.23906e-09;9.90832e-10;6.00524e-12;2.09619e-12;0.000139899;1.16395e-09;4.13788e-09;5.4794e-06;1.20716e-08;9.21084e-10;6.98208e-10;1.55672e-08
3.07467e-10;1.82907e-10;1;2.7314e-09;8.62658e-09;3.1861e-11;2.61735e-09;4.75823e-10;4.49055e-10;7.41672e-10;1.49435e-10;3.31878e-07;6.37901e-12;1.3199e-10
0.000141204;0.168866;8.97389e-05;2.59207e-05;0.00021023;0.000571585;8.65145e-05;0.802048;0.0030878;9.79422e-05;7.36941e-05;0.000346033;0.0242373;0.000118011
2.62347e-05;0.0143911;3.16327e-07;5.57462e-05;5.86772e-05;0.00011393;1.14874e-06;0.322652;6.31968e-05;3.7058e-06;9.23002e-05;0.000355508;0.661528;0.00065779
7.42525e-05;0.00383634;2.86651e-06;3.79672e-05;5.2573e-05;4.01261e-06;7.57317e-07;0.000831547;9.25111e-05;7.14465e-06;0.00014564;0.994131;0.000723206;6.03644e-05
1.02867e-05;0.999156;1.08386e-07;3.76439e-07;5.68606e-07;3.61327e-08;2.28587e-06;0.000129166;9.00009e-08;6.4978e-07;1.11875e-06;4.08759e-05;0.00052642;0.00013213
2.53718e-07;0.897801;1.28401e-08;2.10962e-07;4.48341e-08;4.8151e-08;0.101089;1.56894e-06;7.70865e-07;0.000493151;1.23774e-07;1.17514e-08;4.53811e-07;0.000613491
2.45989e-11;5.12732e-13;1;2.14462e-08;5.05129e-11;8.49554e-11;2.52914e-09;2.49278e-12;7.2949e-10;1.39511e-10;6.27244e-08;3.99622e-09;9.22983e-14;1.51545e-11
1.02662e-07;0.999948;2.79214e-08;1.61975e-06;4.72358e-08;2.23362e-08;2.58449e-07;1.39765e-05;9.32484e-09;1.19192e-08;2.77781e-06;4.56087e-07;3.19544e-05;5.46506e-07
3.40197e-06;0.000779638;4.96541e-10;3.42611e-08;1.52491e-07;2.40455e-07;3.89241e-08;0.994964;5.47251e-07;2.36059e-08;3.96083e-06;1.19556e-07;0.00424742;1.74427e-08
1.02953e-07;0.000106;1.43851e-06;2.17872e-05;3.26691e-05;7.54296e-05;9.28066e-09;4.83261e-07;2.14047e-06;1.1553e-07;4.65853e-05;0.998185;5.10951e-06;0.0015228
2.29195e-05;0.480148;6.34575e-06;1.66295e-05;1.68302e-05;4.47836e-07;1.88138e-05;0.456513;0.000285954;2.71442e-07;0.0136359;6.38978e-06;0.0493036;2.51781e-05
4.03801e-07;0.0134337;2.41648e-06;2.1376e-06;2.40935e-06;8.53821e-07;8.30446e-09;0.00019749;1.94365e-07;1.95293e-07;3.5978e-06;0.9861;0.000128491;0.000127877
0.000110644;0.0496883;1.08311e-05;0.000119022;2.66897e-06;6.41109e-06;1.03099e-05;0.00197997;0.000162336;5.15737e-07;0.00226906;0.392906;0.552729;4.89793e-06
0.000869258;0.291589;5.63003e-05;4.68418e-05;5.23117e-06;6.77166e-06;6.05439e-07;0.00818238;4.57254e-05;1.989e-06;0.000107697;0.680775;0.017788;0.000525122
1.32625e-07;0.000765036;1.0047e-10;1.43445e-09;1.03624e-07;1.57316e-10;2.37061e-09;0.999232;8.18258e-08;4.10512e-09;4.81712e-08;2.11333e-06;7.47746e-07;9.89519e-11
2.0873e-06;0.00979878;0.811848;0.000309453;0.00355342;0.000153572;1.23964e-07;2.82837e-06;8.60123e-09;1.8532e-05;4.01458e-06;0.00225108;0.171294;0.000763941
1.66504e-06;0.997557;1.54252e-12;6.99598e-08;4.39193e-08;7.98258e-09;0.00168091;7.21126e-06;6.21682e-06;2.76371e-06;5.65973e-05;5.25989e-05;4.75642e-05;0.000586901
1.82713e-05;0.00137533;0.000188684;5.1768e-06;1.11518e-06;3.55001e-07;0.93679;0.000211173;0.00869428;1.30098e-05;0.0498368;2.312e-05;0.00284245;3.40758e-09
3.29744e-05;0.789907;1.20071e-07;6.75087e-08;1.57444e-06;1.52094e-08;2.91972e-06;0.206825;3.39981e-06;4.82375e-07;4.70038e-07;0.00258615;0.000630178;9.77348e-06
3.9873e-06;0.985679;4.48642e-07;8.26446e-06;7.70424e-07;1.66068e-06;4.03403e-05;0.000272761;5.95724e-05;3.45633e-05;3.49982e-05;2.39813e-05;0.0138324;7.21129e-06
0.000270351;0.0344246;0.0161755;0.0111335;0.0115619;0.000146947;1.28502e-05;1.45107e-05;0.00031357;0.000301952;0.00203399;0.912139;0.000203632;0.0112674
0.00264927;0.546371;1.1428e-06;0.000143373;0.0229843;8.81449e-06;9.48022e-05;0.395781;0.00347065;3.5571e-05;0.0184;0.00491359;0.00343044;0.00171594
3.17608e-05;0.0399977;0.00880035;3.19346e-05;3.94394e-05;0.000122068;4.42259e-07;1.73374e-05;6.3686e-07;1.93711e-06;1.41515e-05;1.96932e-05;0.950901;2.13909e-05
5.98484e-06;0.00764702;0.00016074;2.37697e-08;4.02444e-07;5.74017e-08;1.29884e-07;0.00172271;2.65399e-07;4.74485e-08;8.89716e-07;0.990259;0.000192181;1.08012e-05
6.51299e-07;0.00442767;2.19572e-09;3.81375e-07;0.00904157;1.13351e-06;1.40653e-07;0.986308;1.36031e-05;6.67992e-08;4.52129e-06;0.000192175;2.97905e-06;7.4358e-06
0.000100157;0.383878;0.412072;0.000140655;0.0011366;0.00250407;4.24741e-07;0.000679166;1.81681e-07;1.9073e-05;9.48778e-07;0.150079;0.0490593;0.000330348
8.42161e-06;0.00176821;2.45326e-10;1.25964e-06;3.20324e-05;2.13393e-05;1.19775e-07;0.00699809;5.50891e-06;3.84944e-08;1.48862e-05;0.000146056;0.990896;0.000108345
3.91569e-05;0.028664;3.10137e-05;9.80185e-06;0.000482496;0.000625117;9.05135e-06;0.00749201;3.15117e-07;7.38144e-05;7.02126e-07;0.00462263;0.957908;4.17985e-05
2.2876e-08;2.19174e-09;1;1.20387e-08;5.23597e-09;8.61272e-09;4.01359e-08;2.99657e-09;2.18218e-08;3.352e-09;4.27957e-09;5.86078e-08;6.4793e-08;1.43332e-10
6.05135e-09;7.60867e-07;0.9997;1.9385e-07;2.2006e-07;1.28928e-08;1.79089e-09;1.90826e-05;1.25994e-08;5.5603e-10;1.14288e-08;0.000280018;5.17643e-08;1.95692e-07
2.67923e-09;0.000212845;8.41058e-06;9.59336e-08;2.03126e-05;0.00089896;2.16089e-10;2.4337e-06;5.30777e-10;8.29383e-08;8.06923e-10;2.00019e-07;1.01827e-07;0.998857
1.41121e-07;0.000843739;4.35126e-08;5.82661e-07;1.84261e-06;1.43603e-05;3.69447e-08;0.000484229;3.13527e-08;1.65664e-08;3.65552e-05;4.15437e-05;0.998572;5.37848e-06
1.75248e-05;0.040422;4.03696e-06;1.7574e-06;1.28952e-05;4.33692e-06;5.78573e-07;0.954761;3.43342e-07;1.23348e-06;7.05235e-07;0.000123641;0.00457757;7.25077e-05
2.2935e-09;2.83737e-05;7.24604e-07;5.06937e-08;4.26104e-08;1.28727e-08;4.19716e-10;6.26024e-07;1.94746e-09;1.72642e-09;1.04348e-07;0.999963;7.00252e-06;4.28816e-08
5.73324e-06;0.899227;6.44477e-05;3.72986e-06;3.56724e-05;1.46107e-06;5.93008e-06;0.0540531;1.62985e-06;2.11611e-06;4.86658e-05;0.00204139;0.0444899;1.98241e-05
8.00503e-05;0.00079233;0.000892509;0.000143684;0.000389761;1.21107e-05;6.69936e-05;0.000782208;0.00178197;1.83679e-05;0.00751725;0.986328;0.00105881;0.000135463
0.000314283;0.00532949;6.9337e-07;1.85004e-06;0.000317229;0.000254488;3.9737e-07;0.989597;0.000597369;8.39598e-07;1.88567e-06;1.37072e-06;0.00357101;1.15908e-05
5.6984e-05;0.000522409;3.99536e-08;4.83511e-07;3.87214e-07;1.42559e-06;2.6779e-08;0.99766;5.79324e-05;1.30835e-08;9.1747e-07;7.3636e-05;0.00162229;3.30369e-06
5.09561e-06;0.000284209;2.09273e-10;5.97724e-10;1.35869e-09;2.50436e-09;2.49563e-08;0.999658;3.73866e-05;1.00563e-09;5.19469e-08;7.47781e-08;1.56283e-05;1.82922e-09
4.34799e-05;0.0222199;0.000385039;0.000318507;0.169658;0.000690097;1.87447e-07;0.0129491;0.000166785;7.14829e-06;5.58513e-05;0.737251;0.00148422;0.0547701
2.18791e-09;0.999948;1.42951e-12;4.71017e-11;3.07735e-11;2.51324e-12;2.80111e-07;1.50507e-09;5.99296e-12;1.32257e-08;2.21134e-11;1.75188e-13;7.41963e-09;5.1491e-05
1.25523e-11;2.40032e-11;0.999999;4.19512e-11;1.59512e-10;3.33634e-11;2.04277e-10;3.7921e-11;7.7427e-13;4.11492e-11;6.26185e-13;1.17211e-06;1.81168e-14;9.84574e-10
3.78203e-05;0.673847;1.06472e-05;0.00243934;0.000109951;0.000611426;0.127157;0.0266866;0.0108971;2.67192e-05;0.0447465;5.34846e-05;0.112941;0.000435624
5.96735e-06;5.56315e-05;9.33628e-10;7.32852e-09;2.01023e-08;1.26342e-09;2.2495e-07;0.999931;4.71644e-06;5.54034e-09;1.68909e-07;3.32671e-07;2.25014e-06;7.509e-09
6.03031e-07;0.00713076;8.62513e-07;2.1809e-05;0.00138215;0.00208377;9.97023e-07;0.000147994;2.10149e-07;1.39397e-05;3.14467e-07;5.66541e-06;0.00086432;0.988347
9.78786e-10;3.88746e-09;1;9.02134e-10;4.2791e-12;1.4689e-12;2.27005e-08;3.12578e-12;5.80767e-10;3.06911e-10;2.00712e-09;3.30905e-09;6.98342e-10;1.50124e-12
5.56686e-07;0.000367133;0.998121;2.41076e-05;1.7802e-05;1.93441e-06;3.49056e-07;0.000268652;6.74287e-06;4.05489e-08;4.48248e-06;0.00113669;3.61011e-05;1.46971e-05
7.07389e-09;0.000444004;4.72794e-05;2.16868e-07;2.43627e-05;0.000823153;1.60493e-09;2.63457e-05;2.58406e-09;1.47451e-06;4.41632e-10;2.44965e-05;1.99618e-07;0.998608
3.56575e-06;0.936182;2.00377e-05;0.00036554;1.15011e-05;0.000254054;1.34205e-07;0.00137723;7.41719e-07;1.67161e-07;2.26064e-05;0.000528408;0.0609726;0.000261274
9.93292e-08;0.999923;1.99262e-10;5.81186e-09;2.76726e-11;6.60554e-11;9.55284e-11;3.67318e-05;4.15107e-10;5.2872e-10;1.93372e-09;6.48181e-07;3.91618e-05;4.76692e-09
3.42619e-09;0.000302531;2.32605e-11;1.19975e-06;0.000127546;5.92157e-08;9.63504e-11;0.99956;1.50238e-11;9.22726e-07;1.17496e-10;1.474e-07;1.50372e-06;5.77009e-06
7.73832e-07;3.77376e-06;0.995743;0.00342451;5.43999e-07;1.07446e-05;7.50016e-07;6.00024e-09;1.46334e-07;0.000289833;2.75497e-05;0.000497674;9.59249e-08;2.57002e-07
4.51181e-05;9.54989e-06;7.11691e-09;4.77433e-05;1.26501e-09;2.0958e-08;0.000132116;9.89506e-07;0.00609428;1.11491e-06;0.993632;2.02633e-05;1.6611e-05;9.96284e-10
0.000318347;0.99749;6.73378e-06;9.82022e-05;4.50583e-07;1.69693e-07;1.44081e-05;0.000642883;5.30713e-06;2.75616e-05;8.37526e-05;0.00109117;0.000220093;9.29093e-07
1.65371e-06;7.2742e-06;1.26405e-08;5.75521e-06;0.000468088;2.54371e-08;4.6701e-10;0.999513;4.82803e-08;2.04308e-06;9.63662e-08;1.86822e-07;4.94812e-07;1.41279e-06
3.1372e-07;1.09155e-07;0.999947;2.03503e-05;1.56807e-08;2.13769e-08;3.58586e-08;3.09017e-10;1.62096e-07;4.00185e-06;2.85931e-05;1.85345e-09;3.97028e-09;1.1345e-09
0.000127426;1.02456e-05;1.3951e-06;6.65332e-06;1.44329e-07;3.10801e-07;8.46402e-05;0.000118872;0.0131888;2.35372e-06;0.986353;1.9619e-05;8.63415e-05;4.63022e-08
