6.96157e-07;0.0170203;1.30342e-09;3.87467e-07;1.42177e-06;2.48811e-06;2.90398e-08;0.00115994;2.4968e-07;2.31399e-08;2.09425e-07;1.41807e-06;0.981812;1.28008e-06
1.80149e-07;0.000193478;1.78065e-09;1.54044e-05;4.87481e-05;5.83766e-06;6.49767e-09;0.00135163;9.51599e-07;1.70008e-07;3.61227e-06;0.998281;3.8147e-05;6.13386e-05
7.46884e-05;0.000127551;5.65528e-08;2.78596e-08;1.58073e-08;4.14631e-08;1.51044e-06;0.999576;0.000125068;2.11343e-08;2.34837e-06;4.32378e-08;9.22072e-05;3.70009e-09
1.32826e-05;0.000726563;1.92217e-05;0.000226245;0.0308565;0.00302417;7.2265e-06;0.000875552;8.17366e-05;2.31741e-05;0.000149268;0.00507957;0.000195099;0.958722
5.33112e-06;0.999813;5.74724e-07;7.21835e-09;1.24457e-08;2.01752e-09;0.000108145;4.59587e-06;3.1707e-08;9.36973e-06;6.19601e-09;1.68788e-09;2.3516e-06;5.62866e-05
3.07684e-11;1.47433e-11;1;6.08432e-11;6.52592e-10;1.73189e-10;6.40809e-11;2.59198e-12;1.72997e-11;3.21189e-11;9.08604e-12;1.90393e-09;2.03026e-14;7.97148e-10
7.69035e-07;0.995357;1.64981e-08;3.22464e-09;1.40084e-09;6.34536e-10;2.4037e-05;8.58989e-07;9.37545e-07;1.02008e-08;3.08908e-07;8.34216e-06;0.00460784;3.16655e-09
6.658e-07;0.0274587;0.000145232;3.10741e-07;2.64862e-05;6.61562e-07;1.32752e-07;0.253745;8.43748e-07;2.3972e-07;1.3271e-06;0.718496;0.000123767;2.53905e-07
1.14707e-06;0.168694;9.2241e-06;4.7882e-05;0.000801515;0.102925;1.0665e-08;0.0273814;2.16231e-08;2.83789e-06;1.11218e-06;0.00237323;0.696015;0.00174723
2.2093e-07;0.00225665;3.63629e-09;4.17846e-07;1.9532e-09;2.81649e-07;1.33509e-09;5.00512e-07;3.89286e-09;4.00357e-09;7.01562e-07;0.372931;0.624809;1.68171e-06
0.000119036;0.703071;0.00169712;5.57273e-05;1.89106e-05;6.88811e-06;5.07164e-05;0.0378949;6.87371e-06;8.98916e-05;7.85773e-05;0.0104872;0.246412;1.1996e-05
3.85968e-05;0.0950064;4.8898e-06;0.000211526;0.00437285;0.0263158;0.00172127;0.208603;0.00728986;0.000859441;0.0152882;0.00452431;0.635689;7.52772e-05
1.29243e-05;0.991933;0.00150333;9.69847e-05;9.74991e-05;4.72657e-06;0.000106028;8.67158e-05;2.88837e-08;0.00536241;8.49646e-07;0.000643822;4.03438e-05;0.00011173
1.576e-07;3.34174e-08;0.999992;2.53258e-07;2.62769e-09;5.95798e-11;2.63763e-06;6.65808e-09;2.46617e-07;4.79829e-08;3.4943e-06;7.49409e-07;1.76299e-09;9.18424e-12
9.19887e-05;0.00326994;3.18498e-05;3.03663e-06;4.88551e-06;8.88724e-07;1.80826e-06;0.992939;0.000263901;4.47765e-07;0.000376158;0.000130529;0.0028804;5.61888e-06
1.07543e-06;0.818749;5.23232e-08;3.92299e-07;1.23266e-07;3.87235e-07;0.000455187;1.35351e-06;1.02161e-05;5.81984e-05;5.42423e-06;8.1989e-06;2.83363e-07;0.18071
0.000177033;0.00212732;7.92159e-08;1.25149e-05;7.2718e-07;7.93583e-07;0.386556;0.000643093;0.524639;7.48298e-06;0.0850333;0.000703729;9.84435e-05;4.2515e-07
2.08371e-08;0.99997;1.9671e-11;1.2652e-11;4.48594e-12;3.63021e-12;1.92387e-09;5.96328e-08;1.43364e-09;4.78448e-12;1.01358e-10;2.60194e-08;2.95134e-05;3.39374e-13
1.28921e-08;0.000158192;2.14774e-08;5.02212e-08;3.9537e-06;2.78619e-07;2.71919e-11;7.51578e-06;5.85927e-08;8.07064e-10;6.37817e-09;0.999823;1.88363e-06;4.72637e-06
3.43203e-06;0.940617;3.04647e-09;4.62931e-07;4.13325e-07;2.14222e-07;8.01654e-07;0.000101268;8.29452e-06;5.42281e-08;1.88922e-06;7.10184e-05;0.0590735;0.000122022
9.41244e-05;0.61678;1.87158e-08;0.000101324;6.67586e-05;0.000126488;2.91833e-06;0.0501117;0.00155767;3.62033e-06;1.30783e-05;0.018889;0.311803;0.00045098
2.34195e-05;0.0041106;0.975103;0.000991691;0.00102482;6.37393e-05;1.45854e-08;0.000124048;5.66837e-07;1.5249e-06;2.87765e-07;0.0182627;7.01382e-05;0.000223513
0.000935368;0.745076;2.65666e-05;0.000361466;5.22793e-06;2.83379e-05;4.76953e-05;0.0264413;0.00496322;7.07651e-06;0.00290572;0.0410412;0.178142;1.86224e-05
4.84797e-05;0.494333;0.502024;6.21164e-05;3.06282e-05;8.93923e-06;5.92372e-07;3.79113e-05;2.94661e-08;5.99957e-05;8.46985e-08;5.2826e-05;0.00125491;0.0020866
9.3438e-07;3.88545e-07;0.999976;1.57686e-06;2.46602e-07;1.19294e-07;3.16437e-06;7.1892e-08;7.39052e-07;1.37367e-06;1.2304e-06;1.37177e-05;4.08012e-07;5.581e-08
1.27687e-05;0.00219627;0.699219;0.00046288;6.05724e-05;1.74738e-05;3.96655e-06;0.293038;0.000838083;1.82743e-06;0.000444472;0.00352739;0.000164546;1.29964e-05
2.62059e-07;0.0129625;0.00116319;4.49137e-06;7.3803e-06;0.00187876;3.25512e-09;0.00010641;5.42078e-08;7.29212e-06;2.28702e-07;0.00139847;1.24931e-05;0.982458
1.68875e-05;0.00714929;3.79626e-08;1.49649e-05;3.58614e-05;0.000253502;3.69451e-07;0.444935;6.04904e-06;3.27284e-07;0.000368354;0.000102325;0.546412;0.000705572
8.1714e-05;0.716633;4.24394e-07;8.53018e-07;4.21317e-05;1.20693e-06;1.73978e-07;0.153934;2.66868e-07;1.237e-06;3.98295e-07;0.0484126;0.0808785;1.29004e-05
1.12827e-07;0.00907245;4.20876e-05;7.24968e-08;1.10846e-07;5.0079e-07;1.20281e-08;1.44177e-06;9.98144e-11;1.71589e-07;1.38729e-09;0.990398;0.00048324;1.76148e-06
9.7854e-08;0.809595;2.92507e-08;4.01026e-05;1.6472e-05;2.54248e-06;0.179793;5.25986e-05;9.05412e-07;0.00852098;5.5157e-05;1.67816e-08;2.20164e-05;0.00190123
3.67341e-08;2.81109e-07;0.999928;5.19709e-07;7.809e-11;2.93527e-09;4.09465e-05;4.85376e-08;1.48422e-07;1.19118e-07;2.94609e-05;2.36352e-07;5.55854e-07;1.37111e-12
0.000106633;0.959737;0.00108554;0.00355392;0.00063752;2.68253e-06;1.39068e-05;0.00145993;4.59122e-05;1.47868e-05;0.00022851;0.0294651;0.00364754;1.40122e-06
0.00172418;0.829902;3.83848e-06;7.7529e-06;0.00229883;1.66344e-06;3.19143e-06;0.127278;6.25708e-06;1.22624e-05;7.93182e-06;0.00161679;0.0368071;0.00032949
1.14756e-05;0.971181;1.44027e-07;5.8852e-06;1.05139e-07;2.47162e-07;0.0259247;1.44319e-05;1.11228e-05;0.00266654;5.58421e-06;1.05376e-06;3.78536e-05;0.000139732
5.05336e-11;8.10988e-12;1;1.13459e-11;5.72785e-14;2.7512e-14;1.91607e-10;6.71122e-16;1.22432e-11;6.56765e-13;8.54691e-11;3.92028e-10;5.6158e-14;5.61156e-13
1.13399e-05;0.951362;1.8696e-08;6.09697e-07;1.63918e-07;1.5388e-07;0.0464886;4.58984e-05;9.13596e-05;0.000511775;4.28709e-05;2.72386e-07;9.65836e-06;0.00143561
2.88598e-08;6.91521e-09;0.999998;2.2342e-08;3.04687e-09;1.54535e-08;5.67848e-08;1.79099e-08;7.50487e-08;2.49526e-09;3.64073e-07;1.50269e-06;2.74051e-07;9.48046e-10
6.71872e-07;0.00725942;1.74672e-08;1.12031e-08;3.55011e-08;5.02269e-07;6.89339e-09;0.000448357;9.23626e-07;3.13521e-10;1.26159e-07;3.74115e-06;0.992284;2.51192e-06
4.9473e-06;0.00230998;1.15428e-06;1.09485e-06;0.000194236;4.61162e-05;9.15296e-08;6.51247e-06;1.09271e-05;1.63806e-06;4.80559e-07;0.000269934;7.41999e-05;0.997079
5.51676e-05;0.993281;7.00486e-10;3.53965e-07;2.465e-07;1.90829e-07;6.82685e-06;0.00017013;0.00446609;3.26122e-07;6.011e-05;0.000537107;0.00140257;1.97528e-05
3.70245e-05;0.526671;4.14273e-08;1.76644e-06;1.45679e-06;3.44559e-07;2.20989e-06;0.000499348;0.000114289;3.95612e-07;1.15102e-05;0.470007;0.00251209;0.000141872
4.72383e-06;0.954136;2.68224e-08;2.80523e-07;1.82982e-05;1.90649e-06;2.79766e-08;0.00308342;8.53469e-08;4.2402e-08;6.90227e-08;0.0415541;0.000693894;0.000507248
4.70197e-07;0.00334266;6.6919e-07;1.12911e-06;0.00176385;3.06064e-05;6.70554e-09;0.000925648;7.9018e-10;3.53628e-07;1.38134e-09;2.37369e-05;0.00627807;0.987633
8.68108e-07;0.000154012;1.70875e-08;1.40722e-06;2.16759e-07;2.64164e-05;5.25604e-07;5.35206e-06;2.56246e-06;1.46106e-07;4.61354e-06;0.000258883;0.999544;7.93059e-07
3.0708e-07;0.00015845;0.999648;1.76227e-06;2.29489e-08;3.70105e-08;1.04475e-05;7.13843e-10;6.38152e-09;1.1286e-05;1.08454e-08;0.000167819;1.415e-08;2.27727e-06
2.29199e-07;1.82544e-06;0.999994;1.10915e-07;5.49643e-08;8.11103e-09;6.44395e-07;2.93605e-08;2.46282e-07;7.4017e-09;1.7377e-06;8.80853e-07;2.34665e-07;1.04044e-08
4.36755e-06;0.996988;9.4673e-07;3.36214e-07;2.92247e-07;3.66963e-07;0.000349852;0.00169793;6.47934e-07;3.92507e-05;1.73998e-06;5.79037e-08;0.000483914;0.000432495
8.53354e-12;3.80597e-12;1;5.26948e-11;5.76546e-10;3.9091e-11;2.22751e-11;4.31602e-13;6.24142e-12;1.03992e-11;2.60473e-11;1.87784e-08;1.22176e-15;1.42903e-09
3.00417e-05;0.547116;4.80568e-05;5.31147e-07;2.87925e-05;1.11663e-06;0.000272246;0.415966;0.001766;1.25612e-06;0.000533889;1.92501e-05;0.0342117;5.7051e-06
2.1359e-08;0.996613;3.622e-08;3.36021e-08;6.70996e-07;2.6593e-08;2.84275e-05;3.15639e-07;1.16775e-08;0.000244819;1.92476e-08;2.0704e-06;2.30511e-09;0.00311068
2.8977e-10;1.57796e-09;1;2.34451e-10;4.54736e-09;6.558e-13;1.53869e-09;5.87941e-11;9.23038e-11;1.22885e-10;1.48414e-10;5.22712e-07;3.9661e-12;9.50411e-13
4.36602e-06;0.000378234;2.29477e-05;9.056e-07;1.43699e-05;1.60334e-06;1.6517e-06;0.99905;0.000198251;1.47536e-07;3.78367e-05;9.25368e-06;0.000280016;4.20352e-07
0.000591459;0.137775;0.0016632;0.000500827;0.0504619;0.20678;0.00214857;0.375345;0.0401733;0.00720879;0.00660336;0.0430555;0.0552221;0.0724708
4.6301e-05;0.0873123;3.96523e-09;8.57155e-06;5.19142e-06;4.30339e-06;2.68599e-06;0.0124997;0.000270275;4.02682e-07;0.000127843;0.000613378;0.899097;1.18935e-05
3.6935e-05;0.00601614;1.25065e-06;3.14871e-06;1.04292e-06;4.37932e-07;6.67494e-08;0.000762142;7.79029e-05;2.56196e-07;4.47347e-06;0.992248;0.000847662;6.44893e-07
0.000348679;0.236589;4.13816e-06;9.72887e-06;0.000195978;4.22342e-05;1.28508e-06;0.733881;3.80993e-05;1.20538e-05;4.55707e-06;0.0139607;0.0117154;0.00319718
1.52353e-07;0.0188867;1.64688e-06;6.25745e-07;2.19199e-05;7.94677e-08;5.39189e-09;1.1371e-05;1.60309e-08;3.44251e-08;8.88469e-07;0.981054;7.63813e-06;1.52966e-05
2.1265e-05;0.932963;7.55856e-06;1.58211e-06;0.000544468;1.49772e-06;7.68354e-06;0.0601552;1.94924e-06;2.05664e-06;1.12199e-05;0.00169178;0.00296847;0.00162224
2.87109e-09;0.0233115;1.82856e-12;3.90311e-09;1.52953e-06;5.58978e-09;1.59374e-09;5.96466e-07;7.72578e-09;7.22611e-09;1.80562e-09;6.80584e-06;1.09845e-07;0.976679
0.00134789;0.033318;1.55858e-05;9.18476e-06;2.76748e-06;2.51119e-07;0.0189764;0.0186064;0.922207;1.30155e-06;0.00257559;1.19394e-07;0.00293889;2.5524e-07
4.28977e-07;9.64315e-05;4.17333e-12;8.63207e-12;2.76926e-10;6.75955e-11;3.88704e-10;0.999864;4.98165e-08;1.42154e-10;4.56969e-11;1.17695e-08;3.86405e-05;5.07666e-11
4.52243e-08;1.50063e-05;4.13277e-06;1.12722e-06;0.000214109;0.000140319;3.39172e-10;2.8788e-05;2.02392e-08;1.26247e-07;1.8253e-08;0.998431;6.35708e-06;0.00115943
2.86107e-06;0.00760757;4.00991e-09;5.38177e-06;5.35818e-06;1.6893e-06;9.80525e-08;0.00158695;3.2651e-06;2.11851e-07;5.29986e-05;5.57374e-06;0.990727;6.3539e-07
2.58889e-05;0.998873;0.000228836;0.000287973;3.78504e-07;1.66565e-07;1.11649e-06;3.54289e-05;2.18794e-05;3.59865e-06;4.70315e-06;0.000311024;5.54606e-05;0.000150163
3.787e-05;7.49941e-05;4.02263e-09;2.29672e-06;2.86032e-07;3.01912e-08;9.50823e-08;0.999373;0.0004738;5.94167e-08;3.45914e-05;2.75983e-07;2.47802e-06;1.00882e-07
8.20719e-06;0.284054;1.10418e-07;8.13488e-05;7.08433e-06;5.7988e-05;3.20647e-05;0.000194686;8.12476e-08;0.00115718;1.28945e-06;8.45798e-06;6.10577e-06;0.714391
1.17871e-08;5.52527e-10;0.999999;7.2093e-09;1.9696e-10;1.15121e-10;8.08948e-08;1.42731e-09;8.66403e-09;1.31584e-09;2.65641e-07;4.97987e-07;5.51218e-11;5.89032e-11
6.06612e-06;0.814539;1.02282e-08;2.70648e-05;5.65814e-06;1.53525e-06;2.17744e-05;0.134268;0.000121342;9.61176e-07;0.00181676;1.57703e-05;0.0490045;0.000171766
7.74522e-06;0.00640255;1.09284e-07;4.20655e-06;0.000980835;6.41773e-07;5.29208e-06;0.944345;1.34458e-05;1.21766e-06;6.34075e-05;0.0480955;7.64265e-05;4.14585e-06
1.15045e-05;0.00052727;0.998311;4.31227e-05;0.000424484;2.66888e-06;7.88821e-07;3.99535e-06;2.65945e-08;5.60052e-06;5.69592e-06;0.000143465;0.000498395;2.2254e-05
5.72825e-05;0.0013496;2.4334e-06;0.000107757;3.28412e-06;1.73654e-06;0.000602928;4.47476e-05;0.00346194;1.74175e-06;0.964987;5.67689e-05;0.0292477;7.54471e-05
3.43368e-05;0.975945;3.23457e-07;2.34922e-05;2.59894e-05;0.00119637;5.88371e-07;0.00745224;3.41655e-06;4.75874e-06;1.62157e-05;0.000173114;0.0141049;0.00101961
3.73545e-06;0.00245041;1.3292e-10;1.73204e-06;3.95529e-06;7.61267e-06;1.60081e-08;9.31314e-05;7.66572e-06;2.48073e-08;4.20527e-05;1.04094e-06;0.997355;3.40939e-05
5.50723e-05;0.00010791;6.00483e-06;2.09713e-05;0.00034618;1.33501e-05;3.60048e-08;1.01356e-05;7.33411e-06;1.38892e-06;4.0463e-05;0.996492;0.00287932;1.9703e-05
1.77595e-05;0.957908;1.61311e-08;1.58949e-07;0.000146402;2.49832e-07;1.81082e-07;0.0417231;5.50626e-05;1.45727e-07;9.01299e-06;2.11239e-05;0.00011818;3.06052e-07
6.73434e-06;0.00731004;0.0025491;1.62868e-05;0.00184042;1.7788e-05;8.57278e-09;7.93691e-05;2.05086e-09;1.45161e-05;7.54222e-07;0.987964;9.49009e-05;0.000105677
0.000212844;0.126442;3.82405e-07;0.000102957;0.00192987;1.52758e-06;4.08678e-05;0.0540152;0.00432157;1.55037e-06;0.0718624;0.739812;0.00124763;8.51285e-06
3.06317e-06;0.992033;0.00580207;3.77367e-06;7.03511e-05;2.16517e-07;3.01173e-08;9.7111e-06;5.40669e-09;8.59154e-07;2.26202e-07;0.0017494;0.000272357;5.48984e-05
1.99476e-05;0.0293934;7.04507e-09;5.61262e-08;0.000311013;7.98155e-08;1.23619e-05;0.968006;5.17937e-05;3.04404e-07;8.3488e-07;8.64751e-06;0.00219184;3.60179e-06
1.47799e-05;2.16038e-05;0.982336;0.000476593;0.00481219;0.00071431;3.40209e-07;3.12459e-06;2.87263e-06;2.79226e-05;5.1428e-06;0.00320342;1.33255e-05;0.00836823
0.00100487;0.993618;3.5176e-07;7.76974e-08;7.8934e-07;3.81361e-08;1.41914e-05;0.00270316;0.000436961;2.27877e-07;4.71923e-05;0.000398442;0.00177593;1.33962e-07
4.80223e-09;0.99997;1.71819e-10;3.69732e-11;3.37802e-09;6.27833e-11;3.61879e-06;1.75112e-09;7.20197e-10;3.89187e-08;9.11323e-12;4.62606e-09;1.15344e-07;2.60292e-05
8.54671e-12;2.25039e-14;1;4.02597e-11;1.97892e-12;1.02885e-13;1.71453e-10;2.26388e-12;4.55926e-10;2.82153e-12;1.70952e-10;3.86091e-09;1.20812e-14;3.2931e-14
5.9213e-05;0.587432;9.03071e-07;2.19867e-05;8.26347e-07;4.65608e-08;0.00068712;0.0441988;0.0644339;9.95415e-07;0.298715;0.000369129;0.00408047;3.01817e-08
1.49956e-05;0.998886;6.1413e-07;1.05496e-06;3.36591e-07;5.66015e-08;5.9016e-07;5.7719e-06;4.41522e-07;6.55247e-06;1.76117e-06;0.000445804;9.03319e-05;0.000545455
9.23171e-06;0.00132295;2.84796e-11;2.20577e-08;1.72682e-05;5.44783e-09;7.9446e-08;0.998643;1.33108e-06;2.45729e-07;4.75104e-07;1.17997e-06;3.97126e-06;6.09055e-07
1.61248e-06;1.23784e-05;0.999984;2.09424e-07;1.10733e-07;4.82401e-09;5.01919e-09;6.72793e-07;2.35509e-07;2.17622e-07;6.87769e-08;1.14291e-07;5.35752e-08;1.22347e-07
0.000415941;0.000306448;5.992e-07;2.2432e-06;1.27969e-05;6.25011e-06;0.000167357;0.00758549;0.963631;5.52873e-06;0.0270889;0.000645935;0.000114485;1.64936e-05
