1.50505e-05;0.0712524;4.31739e-05;1.54566e-05;5.44703e-05;9.37578e-05;4.03913e-07;0.926328;2.21315e-05;2.53972e-07;4.19086e-06;0.00143711;0.000568755;0.000165251
1.0091e-05;0.105221;1.15116e-09;6.96148e-08;1.64121e-05;0.000179985;1.44487e-07;0.00764898;8.35517e-07;2.10322e-07;1.70534e-06;0.000531289;0.886296;9.27646e-05
6.38053e-07;0.006036;3.36891e-05;1.13629e-07;3.92595e-06;8.50224e-07;1.51564e-10;8.6286e-05;3.44591e-08;1.20932e-09;2.47662e-08;0.993368;0.000469906;8.25262e-07
8.10909e-06;0.274009;0.000224474;2.05064e-06;0.0961497;4.22188e-05;1.67154e-08;0.570895;1.21725e-07;2.73524e-08;1.89218e-08;0.00347937;0.050066;0.00512403
3.65616e-05;0.16098;0.000159854;0.00324764;0.00134317;8.82356e-05;5.51246e-05;0.010843;0.000109904;1.25222e-05;0.000283322;0.292485;0.520171;0.0101851
0.000205554;0.91304;1.80559e-06;0.00226561;2.68377e-05;0.00026178;4.68644e-05;0.00893748;0.000479201;1.47104e-05;0.000238807;0.00206034;0.07064;0.00178077
3.06719e-05;0.128091;0.0143763;4.93776e-05;3.46877e-05;2.86117e-07;1.24086e-07;3.67513e-05;1.72436e-07;1.69816e-06;8.47288e-07;0.857071;6.13821e-05;0.00024558
2.1489e-05;0.809645;5.65528e-08;3.9997e-07;1.83417e-07;6.47627e-08;0.189748;3.24713e-05;9.50297e-06;0.000396923;7.55223e-05;1.4478e-08;5.52107e-05;1.50126e-05
3.65952e-11;3.34052e-11;1;6.42377e-11;2.44928e-11;3.92312e-11;6.35393e-10;3.28575e-13;7.77104e-11;8.38386e-11;3.65695e-10;2.70985e-09;2.6079e-12;1.82746e-10
2.08761e-06;0.99678;1.36338e-08;9.92958e-09;1.43614e-08;9.51726e-09;0.00268922;7.41845e-05;4.20153e-07;0.000106082;1.34195e-07;1.03755e-08;1.02644e-05;0.000337529
3.41791e-10;2.0063e-10;0.999999;6.98861e-09;2.20468e-09;2.47973e-08;1.44386e-08;1.70461e-11;8.33652e-09;1.62485e-08;1.02283e-08;5.59726e-07;5.39254e-13;5.14067e-08
1.44709e-07;0.999286;2.58934e-09;2.39645e-10;8.62225e-11;3.15372e-10;8.92376e-06;2.3357e-07;7.75128e-08;3.41556e-09;2.24208e-08;1.2462e-08;0.000704118;3.53993e-10
1.87612e-08;0.000591903;2.60086e-07;7.27485e-07;1.36818e-05;1.16534e-05;1.51914e-09;6.8821e-05;1.69154e-06;2.98481e-08;6.40794e-07;0.999035;1.29437e-05;0.000262607
3.22825e-06;0.490397;4.90549e-05;3.84071e-06;0.00719605;0.000928226;9.69171e-08;0.268006;1.72974e-05;2.66815e-08;7.27382e-07;0.000483399;0.232307;0.000607745
2.28646e-05;0.477379;0.000434931;0.00068206;0.000260437;9.95728e-05;6.74224e-06;0.0521693;9.27552e-05;6.77332e-06;9.75936e-05;0.0464979;0.42201;0.000240304
8.71084e-07;1.17573e-05;0.999962;1.70166e-07;1.10682e-06;1.06766e-08;9.7728e-09;4.0604e-06;1.3133e-07;1.71852e-08;3.09016e-08;1.72232e-05;2.20692e-06;3.91155e-09
1.83909e-08;0.999979;1.51571e-11;2.29581e-10;2.70449e-09;8.14473e-11;1.78923e-05;8.23616e-07;4.69347e-08;3.40256e-07;4.77777e-09;2.08263e-10;4.46488e-10;2.30757e-06
6.08901e-10;8.39874e-11;1;2.62666e-11;6.64104e-11;4.72479e-12;1.53906e-09;9.45775e-11;9.43197e-11;4.8854e-11;1.2983e-10;3.86378e-07;5.12432e-11;6.77116e-12
9.66463e-07;0.0325157;2.28477e-06;4.69438e-07;5.4522e-06;7.01296e-05;2.11525e-07;0.0242636;5.80063e-06;4.43866e-07;1.14533e-06;0.000306716;0.942824;3.06974e-06
3.05861e-05;0.00247827;3.18606e-06;0.000217129;0.000123688;0.000112411;6.89311e-07;0.431058;5.71992e-05;4.24547e-06;9.53416e-05;0.00612392;0.557806;0.00188909
3.67846e-05;8.11812e-05;2.35351e-06;1.25983e-05;3.09026e-06;4.86898e-07;1.07195e-06;0.000237546;0.00065061;2.04462e-07;0.000163781;0.998713;9.47741e-05;2.36508e-06
3.08685e-06;0.97987;1.85607e-07;7.6532e-07;2.59931e-06;6.04089e-06;2.18108e-06;0.0178518;1.18057e-06;1.61784e-06;5.39967e-07;6.33161e-06;0.00223119;2.20626e-05
9.13798e-06;0.0104976;4.42883e-07;0.00013943;1.78198e-05;3.64828e-05;3.32241e-07;0.072368;1.52018e-05;1.66369e-06;0.000156377;0.001955;0.914742;6.05574e-05
0.000198061;0.0616575;5.42969e-08;0.00011916;1.29859e-05;6.73516e-06;1.58664e-06;3.81422e-05;0.000111247;1.06948e-05;0.0018614;0.926352;0.0083256;0.00130489
3.45788e-07;0.999992;9.05438e-10;2.25756e-09;1.45766e-11;4.86359e-11;6.13511e-06;1.46939e-08;2.79468e-09;2.78213e-07;2.35673e-08;6.06527e-08;2.69012e-07;6.65344e-07
3.19378e-10;1.20724e-11;0.999992;2.15945e-09;6.11509e-10;3.97322e-11;3.83127e-11;9.24176e-11;2.49756e-11;3.46645e-11;2.1506e-10;8.26004e-06;1.01507e-13;9.46568e-10
2.13451e-07;0.000958754;3.93514e-08;1.18601e-06;2.42679e-05;1.17096e-07;1.41944e-08;0.998961;3.19758e-08;1.49039e-08;2.08172e-07;1.98095e-07;4.37846e-05;9.85674e-06
4.14993e-07;0.00013643;3.29631e-10;5.89075e-07;3.52978e-08;1.98457e-05;4.65148e-08;1.38283e-06;2.50536e-06;1.28139e-07;4.58495e-05;9.51122e-08;0.999793;1.18583e-07
3.6202e-08;1.68641e-07;0.999994;2.51842e-08;8.92105e-09;7.07972e-10;8.41161e-10;2.04054e-09;6.70746e-10;9.46381e-08;2.29326e-08;6.06387e-06;1.20949e-09;1.02621e-08
7.86048e-06;0.994273;3.87288e-06;1.58932e-05;1.02463e-05;1.73633e-06;1.10287e-05;0.00322859;0.000880189;7.98547e-07;0.00117228;1.7869e-06;0.00035323;3.98166e-05
