6.60312e-11;1.42278e-09;1;3.24593e-11;1.27441e-12;1.56471e-13;1.12688e-10;7.86881e-13;9.03881e-12;4.69994e-12;1.8947e-11;1.70086e-09;4.91561e-12;1.26467e-13
3.07932e-06;0.0345556;5.20537e-05;1.5617e-06;6.60115e-07;1.01236e-08;1.41075e-05;0.422428;1.88428e-05;1.96089e-07;0.000692559;0.541979;0.000255111;1.17861e-08
3.86592e-07;0.948693;1.28568e-07;3.43867e-05;0.00233742;9.41593e-06;7.6385e-08;0.0380822;6.5587e-07;3.58898e-06;3.63866e-06;0.000160529;0.000511927;0.0101622
2.78661e-06;0.00590846;1.01443e-06;3.33857e-06;1.5481e-06;0.000102504;2.17045e-06;7.55489e-06;2.59107e-06;3.44261e-06;4.18281e-05;0.0211;0.972822;4.60174e-07
2.08649e-05;0.00181363;0.99578;2.72285e-05;1.23015e-05;9.67034e-07;0.000221479;1.31119e-06;2.36869e-07;0.00196449;1.55191e-06;1.92393e-05;5.74898e-06;0.000131359
8.50588e-07;3.607e-06;0.99999;3.36378e-07;3.4534e-08;1.17847e-08;6.55899e-07;1.68093e-07;1.42269e-06;4.17932e-08;1.16466e-06;1.27391e-06;8.19267e-08;3.05256e-09
1.825e-06;0.999348;4.22499e-07;5.82466e-08;1.52654e-09;8.34832e-09;2.46131e-05;9.86062e-06;1.05225e-06;2.4004e-07;1.41088e-06;7.54765e-05;0.000536671;6.79747e-09
6.16902e-08;0.000534258;4.40609e-09;6.32036e-06;1.49879e-05;0.000167859;3.58694e-09;9.71245e-05;3.52543e-06;1.23814e-07;5.40507e-06;0.0036138;5.96861e-06;0.995551
1.11166e-07;0.99928;8.01886e-08;6.50777e-09;7.07009e-10;2.49886e-08;2.95465e-05;4.7487e-05;5.12521e-10;4.37454e-06;3.32482e-09;3.00639e-11;0.000627977;1.03924e-05
1.45041e-13;1.92063e-12;1;1.43491e-12;1.14523e-13;4.36749e-12;2.26427e-11;3.58697e-14;1.09877e-14;3.80856e-11;3.34613e-14;6.6974e-12;1.3329e-13;5.81378e-13
1.34479e-09;8.55568e-09;0.999994;1.56213e-08;5.08008e-10;2.18093e-10;6.14872e-06;7.38656e-09;2.12838e-07;2.64386e-08;2.38808e-08;3.16585e-09;1.24303e-08;9.8098e-12
2.44955e-08;3.19927e-05;0.12283;1.64299e-05;8.66898e-06;4.92299e-06;4.1866e-09;2.90852e-05;2.29374e-06;8.40276e-08;3.71222e-06;0.876971;2.70192e-07;0.000101614
2.38936e-07;0.999045;6.02939e-10;8.59565e-08;6.21445e-06;3.23879e-06;1.35816e-08;0.000715166;5.37962e-09;5.21093e-08;2.99317e-07;4.71644e-06;0.000174793;4.98562e-05
1.56252e-08;0.998604;3.53768e-06;5.68355e-08;8.0231e-07;1.61443e-06;5.86547e-06;9.18797e-09;3.57345e-13;4.39242e-05;1.91346e-10;4.80467e-06;8.20427e-10;0.00133568
8.05335e-10;9.13902e-08;1;5.54873e-11;1.87184e-11;2.50855e-10;1.04002e-08;5.71666e-11;6.78119e-11;1.27438e-10;4.26449e-11;5.36701e-11;8.40819e-10;1.89621e-09
8.81455e-08;0.0619048;1.3177e-08;2.81764e-08;2.06662e-07;4.74378e-06;5.43725e-06;0.0179009;1.1218e-07;1.61227e-07;1.73186e-07;4.83295e-11;0.920183;1.55083e-08
9.00337e-11;1.42666e-10;1;9.64964e-10;1.02671e-11;6.12839e-10;1.23705e-10;1.46842e-10;3.95445e-11;9.93103e-11;1.69416e-10;4.43302e-09;2.09129e-08;4.02714e-13
6.52627e-09;4.30849e-06;0.999919;1.15391e-07;3.63948e-07;2.26788e-06;1.57655e-09;8.54352e-06;8.48961e-10;7.76908e-09;1.20857e-09;5.79843e-05;2.26294e-06;5.63669e-06
3.72185e-07;2.52899e-05;1.70998e-06;7.92791e-07;0.00294175;0.986916;9.02934e-08;0.000150288;2.84214e-07;2.35169e-06;9.90282e-07;6.12899e-06;0.000990699;0.00896293
5.40194e-08;0.000211561;3.86466e-07;6.59144e-07;0.0139492;0.000196062;7.5626e-10;0.0136858;3.07924e-08;9.98837e-09;3.56547e-06;0.971067;0.000876356;9.53056e-06
1.68508e-06;0.913889;0.0237598;4.87834e-05;0.00317902;0.0425396;5.63852e-06;0.00125008;4.01892e-10;3.30391e-05;6.3134e-08;3.29432e-07;0.0147175;0.000575748
4.98865e-09;1.90064e-08;0.999999;1.31203e-09;2.49214e-09;3.30416e-09;5.86171e-11;1.99382e-09;3.58199e-11;3.70318e-11;7.85353e-11;1.11834e-06;8.1166e-08;6.47157e-10
3.78318e-06;0.66944;0.000450897;3.06964e-05;0.000105749;3.47507e-05;1.03469e-07;0.1228;2.90187e-06;1.16441e-06;3.3178e-07;0.205219;0.00190123;9.15899e-06
1.34069e-05;0.0478288;7.12756e-08;1.83653e-05;0.000212595;8.7414e-05;1.08563e-05;0.904836;6.17502e-05;2.63158e-05;0.00180791;0.0234562;0.0216377;2.381e-06
3.28868e-05;0.0517143;3.79831e-06;0.00203078;0.0578729;0.0497623;0.000146514;0.0117602;0.000779769;0.000534702;0.204105;0.195196;0.423122;0.00293917
0.000179468;0.94147;0.0129178;0.000717811;0.000103091;4.01381e-05;1.00635e-05;0.00254539;4.08351e-06;2.54203e-05;2.12686e-05;0.00232095;0.0393834;0.000260964
7.96462e-06;0.938795;1.2537e-09;4.07636e-07;2.00102e-06;2.90405e-06;5.84553e-08;0.0232767;3.34245e-07;5.38061e-07;2.06042e-08;0.000113654;0.0377925;8.39283e-06
0.000105916;0.00657802;0.000149545;0.00142768;0.00158327;0.000356136;5.90336e-06;0.0345844;0.000186243;6.3483e-05;0.000442142;0.393115;0.561266;0.000136284
0.00058561;0.968352;0.000202048;0.00985458;4.47165e-05;6.68747e-06;0.000113142;0.000352108;0.000677127;3.79132e-05;0.00140106;0.000147014;0.0176979;0.000528188
9.46989e-05;0.973576;0.00425451;0.00015269;1.99544e-05;1.1184e-07;1.3427e-06;0.0215148;4.18674e-06;2.18556e-06;2.24198e-06;0.000172932;0.000123491;8.04407e-05
3.94355e-06;0.00954756;9.91221e-10;1.89975e-05;0.00153695;3.69934e-06;6.00944e-07;0.988196;5.36793e-06;1.84242e-05;1.05985e-05;2.70965e-05;0.000215856;0.000415073
1.90875e-05;0.0107077;0.885849;0.000649998;0.05149;0.00020443;1.16656e-06;5.10138e-06;1.36146e-07;2.75641e-05;3.37899e-05;0.0491058;0.000118121;0.00178788
3.19155e-07;0.97864;3.19753e-09;1.71364e-07;3.09584e-06;8.61258e-08;4.29043e-07;1.7714e-05;1.05728e-06;2.76272e-08;5.40117e-06;9.17649e-06;1.38624e-05;0.0213087
0.000122507;0.0499681;7.14547e-07;5.53458e-06;7.90446e-07;2.34504e-06;0.00371323;0.000652078;0.00319109;7.54717e-07;0.00562917;4.93234e-05;0.936664;2.55833e-08
1.09003e-05;0.984399;0.0101784;3.60214e-05;1.95958e-05;7.78727e-07;3.49615e-07;0.00388428;1.19582e-06;8.55097e-07;5.95802e-07;0.000572567;0.000893662;1.7228e-06
0.000108657;0.299253;1.75679e-08;4.63062e-05;2.74211e-05;7.4169e-06;2.96514e-05;0.576117;0.000999241;1.29429e-05;0.000607672;0.00130888;0.121442;3.90269e-05
2.64806e-06;0.997188;2.54901e-07;4.35349e-06;8.91219e-07;2.57625e-07;0.00011472;1.09781e-05;4.75661e-07;0.000269713;1.47248e-06;6.13177e-06;5.9001e-07;0.00239997
3.15871e-09;5.23106e-09;1;8.04512e-09;2.08714e-09;5.01481e-10;1.36242e-08;8.14742e-12;6.19775e-10;1.08193e-09;2.70162e-09;4.2455e-08;5.16899e-11;8.91969e-10
2.76224e-05;0.183758;0.000227213;9.84194e-06;0.00025222;2.30353e-05;1.67375e-06;0.623687;2.90442e-05;9.88516e-07;0.000225368;0.109243;0.0133387;0.0691766
2.2983e-05;0.442103;1.27411e-06;0.00195233;0.00159645;0.0017615;1.98023e-05;0.0549106;0.00497873;5.72916e-05;0.0301308;0.0840654;0.276819;0.101581
5.81026e-06;0.998502;2.20487e-08;4.27655e-06;4.98354e-05;2.14366e-06;2.5548e-06;0.00096192;1.61909e-05;8.44047e-07;5.01243e-05;0.000196848;0.000204455;2.93254e-06
2.44387e-05;0.0165884;0.0352288;4.41756e-05;0.0213329;0.0014438;2.46171e-08;0.00048604;7.12396e-09;2.80905e-05;1.2137e-07;0.923193;0.000644777;0.000985264
2.3718e-06;0.958376;5.41269e-07;9.53577e-07;2.49974e-05;1.08805e-05;2.88105e-07;0.0389027;1.24686e-06;2.58011e-08;1.48129e-06;0.000367394;0.00203735;0.00027361
1.70895e-06;0.184348;1.92761e-08;4.57871e-06;1.21911e-05;1.92274e-06;3.2622e-07;0.00202891;1.02968e-06;2.53869e-07;1.75593e-05;3.60798e-05;0.81353;1.74757e-05
7.39383e-05;0.449106;1.49483e-07;7.9429e-05;8.67397e-05;6.62351e-06;3.8993e-07;0.000414123;3.15336e-05;5.63435e-06;1.04435e-05;0.441703;0.108478;3.71754e-06
0.000120959;0.976236;0.012389;6.49495e-05;1.73516e-05;3.72485e-07;2.36546e-06;0.000270874;1.32052e-06;3.68111e-06;6.92197e-07;0.0108485;1.37348e-05;2.99146e-05
7.68298e-06;0.982932;7.12794e-10;1.52479e-06;2.12053e-05;1.23328e-06;1.13852e-06;0.0106407;1.10399e-05;1.4007e-06;8.31875e-06;5.5116e-05;0.00626177;5.6622e-05
4.02387e-07;0.999841;1.09903e-10;1.05435e-07;2.01532e-07;5.04264e-10;8.2987e-05;9.35825e-07;1.81935e-09;1.79348e-05;2.989e-08;2.27584e-07;1.15751e-07;5.62244e-05
2.55884e-10;1.15761e-12;1;4.89636e-10;9.24145e-09;1.44941e-10;4.50762e-10;1.07354e-12;5.2778e-12;4.02211e-11;8.29021e-12;6.12552e-09;1.92333e-12;1.2995e-12
0.000165497;0.0360216;0.000909343;6.2669e-05;0.000746246;7.79969e-05;7.90743e-05;0.304731;2.19135e-05;7.92319e-06;1.71295e-05;0.000379895;0.649184;0.00759565
2.75007e-05;0.860843;1.98163e-05;0.00954358;1.25012e-05;7.42212e-05;0.00117098;0.000321272;0.0469785;0.000107794;0.0413295;0.00183492;0.0365947;0.00114163
7.42526e-06;0.00105484;2.38442e-09;1.27199e-05;0.00231782;2.30044e-06;2.12027e-07;0.993834;1.06588e-05;1.11232e-06;1.5278e-05;0.0026148;6.80112e-06;0.000121667
1.39274e-06;0.000304545;0.998833;2.69665e-05;5.14392e-05;1.41292e-05;2.08083e-05;2.54305e-07;3.22163e-08;0.000658761;2.1164e-07;5.74355e-08;9.90182e-07;8.77223e-05
1.66147e-08;1.32095e-09;1;3.11058e-10;2.54275e-11;4.38282e-12;2.09799e-09;1.06277e-09;2.25038e-08;9.13232e-12;3.04117e-08;2.64313e-08;6.89141e-11;1.84059e-12
5.42453e-07;0.00413718;0.00021116;6.5637e-07;1.00412e-06;5.09217e-07;6.14261e-09;0.00838114;4.38437e-06;2.52666e-08;1.24934e-06;0.987108;0.000152548;1.71201e-06
4.11797e-07;0.945763;1.73765e-09;2.05778e-08;1.0004e-07;5.53026e-06;3.76317e-07;3.60814e-06;1.04235e-06;2.26663e-08;1.23617e-06;1.96059e-06;0.0542229;4.0289e-08
2.37589e-05;0.00564683;7.74412e-05;1.72513e-05;0.0080422;0.000564759;2.8957e-08;0.000524227;2.01029e-05;2.23566e-06;2.32526e-05;0.983585;0.000493513;0.000979095
7.61477e-05;0.995985;0.0007871;3.33187e-06;0.000450511;4.42112e-05;2.47576e-07;0.00185274;1.76549e-07;6.93005e-06;3.05779e-09;8.00644e-07;0.000559644;0.000233675
2.37894e-09;7.85052e-10;1;1.83736e-10;3.09901e-10;2.11498e-12;3.21427e-12;8.02015e-09;6.10802e-10;2.01819e-11;1.00082e-11;1.73662e-08;5.71235e-10;2.34431e-12
1.72925e-06;4.02549e-05;4.56825e-05;7.60462e-05;5.70012e-05;4.30822e-05;2.70438e-08;0.984974;0.00219636;1.67417e-07;1.12177e-05;0.0110565;0.00148826;9.16308e-06
9.95317e-08;0.997916;2.283e-06;1.74238e-06;1.52256e-07;1.59279e-06;8.98434e-07;0.00128519;4.2116e-09;7.24437e-06;7.31168e-09;1.66771e-07;0.000784565;1.59918e-08
5.15436e-10;2.12397e-09;0.999969;4.92404e-09;1.25302e-11;4.91631e-11;4.29124e-09;6.46093e-09;3.08528e-10;1.8887e-09;8.45975e-10;3.13975e-05;1.55594e-08;2.39673e-12
4.02554e-06;0.000749828;0.0840819;0.00040702;5.28218e-05;2.43454e-05;1.53092e-05;0.0146064;0.000251543;2.37703e-05;4.57767e-05;0.899624;2.60325e-05;8.77092e-05
3.74591e-05;0.980067;4.00588e-07;3.87882e-05;1.03806e-06;0.000162368;0.000565027;0.000145646;0.000730949;6.03303e-06;0.000226662;6.05036e-06;0.0179664;4.66632e-05
0.000154196;0.0123444;0.0257661;1.21962e-06;0.000729361;8.69195e-07;1.58404e-08;0.000559755;1.6361e-07;6.6093e-08;2.85035e-08;0.958306;3.50873e-06;0.00213459
1.32447e-06;0.999416;2.18533e-12;6.36799e-09;2.86727e-07;5.51701e-07;2.77345e-06;0.00041764;1.80927e-08;2.654e-07;3.09336e-10;1.84795e-12;5.02318e-06;0.000156062
1.59458e-11;6.33114e-11;1;2.79551e-13;3.64787e-12;6.02376e-14;4.26915e-14;5.76195e-11;3.32289e-14;1.59926e-14;5.60825e-15;1.37366e-09;3.75489e-12;2.80833e-14
2.50763e-06;0.0060747;3.67079e-06;3.32102e-06;8.18721e-05;0.000677829;7.33291e-07;0.895312;2.34744e-06;2.6405e-06;8.68852e-07;0.000249142;0.0975721;1.63523e-05
6.79032e-06;0.0971141;3.79343e-09;0.000185579;0.000137445;3.91994e-05;1.47348e-06;0.00707452;8.52871e-06;9.9305e-07;7.37516e-05;9.66562e-05;0.895139;0.000122142
0.000756625;0.193624;4.06798e-05;0.000688396;0.00125387;2.68417e-05;4.85e-07;0.261111;1.72505e-06;3.76646e-05;2.11949e-06;0.492506;0.0499452;5.03192e-06
0.00230585;0.684646;0.000800792;0.00138389;0.000455629;1.08803e-05;0.000620926;0.246671;0.00402633;9.14269e-05;0.00116544;0.0159886;0.041061;0.00077231
0.000346169;0.455213;1.83384e-07;0.0260493;0.116455;0.0179574;4.15164e-05;0.0844269;0.0147408;0.000356633;0.0352895;0.00440817;0.0958002;0.148915
0.000394267;0.899193;3.44845e-08;1.73495e-06;3.46163e-05;3.37251e-08;4.43285e-06;0.0995321;2.64705e-05;1.83007e-06;5.88151e-05;0.000655251;8.97808e-05;7.34828e-06
9.07301e-05;0.0210346;0.0139408;0.000306851;0.0125195;0.00134543;1.15465e-06;0.000383104;2.23329e-06;0.000127977;6.56494e-06;0.946201;0.00396022;7.94913e-05
0.00105775;0.215965;9.82488e-06;3.09811e-05;2.99108e-05;3.94299e-05;2.47773e-05;0.344097;0.000686622;7.21157e-06;3.05425e-05;0.00652688;0.431178;0.000315441
5.1538e-07;0.996331;4.23898e-08;3.70752e-08;7.99009e-09;2.06387e-08;2.8261e-06;3.31548e-08;3.46642e-08;2.23541e-08;1.18396e-07;1.25575e-06;0.00366467;1.90857e-08
6.53529e-06;0.136353;5.44572e-08;1.11267e-06;1.03582e-06;2.84463e-06;1.03111e-06;0.0329019;5.59932e-06;5.97691e-08;2.66822e-05;0.693268;0.137431;1.38252e-06
3.30151e-05;0.0753869;3.62914e-05;0.000545979;0.175391;0.00721945;4.64031e-06;0.707826;0.000745334;1.38028e-05;0.000680605;0.0148998;0.0115729;0.00564381
6.7343e-06;0.973003;2.75457e-08;6.60027e-07;3.77952e-06;4.34505e-06;0.00311022;0.0125682;2.05756e-05;6.61252e-05;1.83739e-05;2.09207e-06;0.0111949;1.46277e-06
4.17032e-09;1.77795e-09;1;4.09253e-09;2.02951e-11;6.51491e-11;2.81081e-08;5.24865e-11;2.67821e-08;1.19352e-09;1.1178e-08;2.43352e-07;6.36721e-10;1.23825e-12
0.000143311;0.145141;0.000603454;0.000570205;0.000245877;0.00019166;0.000380406;0.483773;0.0227652;9.47957e-05;0.00286981;0.34225;0.000949971;2.04791e-05
0.000155418;0.250032;3.8055e-06;0.000431537;0.000924568;0.00191085;3.49764e-05;0.0408519;0.000486436;2.09358e-05;0.0250817;2.99797e-05;0.679637;0.000398244
2.10219e-05;0.11985;2.33972e-08;1.11502e-05;0.000103806;0.000193447;8.3181e-05;0.000130177;1.89283e-06;0.000422991;5.39754e-06;4.63315e-06;0.00123112;0.877941
3.44713e-11;1.58158e-10;1;8.27587e-12;3.99973e-12;1.62666e-12;1.29091e-12;5.18865e-12;6.30398e-12;1.91692e-13;7.84267e-13;1.87014e-08;5.62371e-13;6.87541e-13
0.000182435;0.321033;0.00878687;0.000940457;0.00188462;0.010807;0.000116721;0.0112087;0.00724532;4.10848e-05;0.00411178;0.0160874;0.615118;0.00243671
9.34919e-07;0.82895;4.70636e-08;1.39395e-05;0.0128627;0.000241322;7.18606e-08;0.00929492;3.88831e-06;2.73659e-07;2.05963e-05;0.000110248;0.147976;0.00052531
3.21208e-07;0.99872;1.58447e-09;1.67095e-08;4.56667e-05;2.16963e-08;4.34543e-06;5.25457e-05;5.3618e-08;5.78314e-06;1.50164e-08;4.48912e-07;4.46492e-09;0.00117081
1.77014e-09;5.11526e-10;1;1.35015e-10;2.93959e-09;8.43715e-12;1.87888e-08;6.85719e-11;2.01457e-10;1.85595e-09;2.80444e-11;4.38414e-07;3.64123e-13;4.7261e-10
0.000748154;0.00588282;1.16443e-05;2.92782e-05;0.00648911;0.000752683;0.000772755;0.90479;0.0548031;6.12496e-05;0.000406939;0.000701077;0.0242266;0.000324575
8.17659e-05;0.00993089;4.35781e-06;1.26247e-05;1.00281e-05;2.21899e-06;8.43952e-07;0.976357;0.000185424;3.27704e-07;1.3851e-05;0.00168236;0.0117045;1.33689e-05
7.46286e-06;0.0734403;1.93912e-07;1.07674e-05;1.20289e-05;8.38287e-06;3.98115e-08;0.000536372;1.35784e-05;2.18274e-07;8.59459e-07;0.00110697;0.918921;0.00594198
0.000260167;0.0130061;2.22063e-06;0.000164554;0.0202657;9.1247e-05;6.14361e-05;0.0144235;0.000260342;0.000464517;6.76329e-06;0.00253066;6.00261e-05;0.948403
0.0018403;0.248236;0.279285;0.00293237;0.00254643;0.00131084;0.000123969;0.00465181;9.93808e-05;0.000421049;0.000235363;0.00850403;0.449425;0.000388519
2.15281e-06;0.000136384;8.80754e-11;2.2856e-07;0.000116051;2.15718e-07;3.46855e-08;0.999628;6.83911e-06;2.29615e-08;4.10692e-06;5.80115e-05;4.31819e-05;4.86654e-06
7.26852e-05;0.0275222;0.953336;9.40179e-05;0.0093964;0.000516906;1.98253e-07;0.00348388;1.96345e-07;2.60087e-06;2.69018e-06;0.00032813;0.00466129;0.000582565
0.00529063;0.488892;0.0109044;0.000552161;9.77914e-05;0.000199794;0.00062481;0.0707073;0.00657916;1.88521e-05;0.0065359;0.00519472;0.395827;0.00857535
2.7517e-05;0.797571;4.85407e-05;1.01969e-05;0.000430681;4.51914e-06;4.77073e-06;0.00485823;2.13089e-06;2.13339e-06;6.11138e-05;0.194705;0.000541071;0.00173279
5.27052e-05;0.381318;0.000118222;3.27558e-06;9.78956e-06;3.9422e-06;3.25146e-06;0.00994479;2.16731e-06;6.06262e-07;6.47793e-05;0.258296;0.350094;8.89553e-05
1.5333e-07;0.999565;1.87216e-08;3.01104e-08;2.69533e-09;2.38773e-08;0.000185327;4.87812e-06;2.96021e-08;4.81722e-05;2.33416e-07;2.26072e-07;1.63164e-06;0.000194334
1.61711e-11;6.70292e-12;1;1.38893e-10;6.89591e-11;5.2377e-09;1.10063e-10;6.11983e-11;9.2492e-12;7.4679e-11;7.42852e-11;2.30041e-07;4.98309e-10;1.69062e-12
3.99793e-06;0.00322068;6.13109e-08;1.58914e-05;3.00623e-05;0.000476356;7.6811e-07;0.0614247;1.66197e-05;4.20139e-07;4.6804e-05;1.45386e-05;0.934711;3.7631e-05
7.31345e-05;0.00864896;0.000104984;2.29861e-05;6.72091e-06;9.86169e-05;5.19459e-06;0.00183366;1.58559e-05;6.74239e-06;8.91263e-05;0.263329;0.725642;0.00012275
6.76511e-05;0.350018;8.16185e-05;0.000562531;0.00306914;0.0026771;1.58176e-05;0.130244;0.000255568;1.72896e-05;0.00197663;0.0266957;0.484215;0.000103599
6.4453e-06;0.113518;0.000306548;0.000148136;0.00177168;0.000442788;2.68994e-07;0.00756314;2.07798e-07;6.59942e-05;1.22918e-05;0.870838;0.00473433;0.00059206
8.72681e-07;0.0268694;1.05877e-06;6.07146e-06;2.34013e-09;7.51655e-08;0.961648;1.14685e-06;5.62331e-07;0.0113375;0.000123057;1.81658e-08;1.01418e-05;2.56431e-06
6.82841e-11;9.50015e-12;1;5.65011e-10;1.63012e-12;1.18946e-12;8.85089e-09;7.30148e-12;2.76841e-10;1.20103e-10;1.03143e-08;1.23849e-09;2.28973e-12;6.52787e-14
1.51346e-05;0.0421562;2.94769e-07;3.54847e-05;2.39754e-06;1.53532e-06;2.05442e-05;0.00276719;0.000210984;1.24098e-06;0.000953434;0.000134589;0.953687;1.41492e-05
5.07588e-05;0.0252644;2.10385e-07;2.39915e-05;0.00992739;6.54841e-05;1.54031e-06;0.0762304;8.43602e-06;1.97746e-05;1.84627e-05;0.0131409;3.60153e-05;0.875212
9.41068e-07;0.999394;3.53615e-05;1.14449e-06;3.5139e-05;1.20628e-06;1.68926e-08;0.000167115;1.31164e-09;8.42389e-07;1.155e-08;0.000242285;9.7261e-05;2.49192e-05
9.21517e-07;0.0102725;7.14932e-09;3.11386e-06;4.69031e-05;0.000155869;2.40158e-06;9.84715e-05;2.43453e-06;2.05278e-06;8.64613e-06;0.000193473;0.988985;0.000228289
2.19106e-06;3.08966e-05;0.998976;5.32922e-05;0.000590959;8.99428e-05;1.50854e-06;9.16063e-07;3.46317e-08;9.47947e-06;3.80565e-07;0.000209197;1.62804e-06;3.34564e-05
0.000262829;0.854907;9.84211e-06;0.000463961;0.00019166;8.6866e-05;7.55876e-05;0.00170555;0.000343848;4.79361e-07;0.000720156;0.00331623;0.137271;0.000644268
8.30147e-05;0.545512;0.000701825;7.99572e-06;5.75922e-06;6.37628e-07;2.44536e-07;0.435831;1.78569e-05;2.2145e-07;8.8043e-06;0.00997562;0.00785512;4.12358e-07
8.13294e-07;0.975531;2.58548e-06;1.10518e-05;5.32324e-07;7.14724e-07;0.00762193;5.3514e-06;4.70344e-07;0.0147824;2.35645e-07;1.55408e-06;6.2986e-07;0.00204127
2.45091e-10;1.07362e-11;1;8.01777e-09;4.35358e-11;1.28599e-10;9.67148e-08;7.54017e-13;5.55909e-09;4.22505e-09;9.33082e-08;8.6288e-10;1.93433e-10;2.15061e-11
1.64184e-07;0.00178117;1.11652e-08;1.84993e-08;7.73549e-10;3.51266e-08;0.996969;4.2651e-08;4.81826e-07;0.00123258;6.07449e-06;1.04268e-12;2.9068e-07;9.59039e-06
2.09893e-10;1.08949e-10;1;6.0137e-10;9.01017e-12;1.47555e-10;1.20924e-07;4.73371e-13;8.08585e-10;3.74105e-09;9.18153e-09;6.24707e-10;1.33284e-10;5.72972e-12
2.15028e-06;0.996498;2.21897e-05;7.94602e-05;2.50186e-06;9.1996e-08;1.24054e-05;0.000142226;1.02166e-05;9.12189e-07;9.40908e-06;5.11163e-05;0.00316897;1.29481e-07
1.90442e-07;0.00311053;1.2168e-09;6.54735e-07;0.000444811;9.1108e-08;4.58234e-09;0.996422;2.43229e-07;1.90018e-07;1.6001e-07;1.22627e-05;3.68009e-06;5.52842e-06
3.45943e-07;0.000932297;0.996119;4.77743e-05;0.000218436;0.000606465;3.16126e-05;2.9673e-07;1.04651e-08;0.00186103;9.32242e-07;3.53656e-08;1.84478e-05;0.000162909
9.41253e-10;3.4833e-11;1;2.94536e-11;5.70137e-12;2.49017e-12;5.15529e-09;5.03442e-11;1.65337e-09;7.44763e-12;6.91759e-09;1.1176e-08;5.96788e-12;4.77531e-13
4.12282e-06;0.0147134;0.00571924;3.96966e-06;2.06942e-05;2.34079e-05;1.45676e-06;0.000346328;0.000270964;5.9849e-07;7.1919e-05;0.978791;2.28952e-05;9.79515e-06
1.01852e-08;4.79215e-08;0.999912;1.01483e-08;3.72413e-06;6.07212e-05;3.75891e-10;1.94971e-10;2.49721e-09;7.09157e-09;2.72033e-09;4.40767e-08;6.80183e-07;2.31463e-05
2.66142e-07;0.000210453;5.04681e-07;2.51369e-10;6.73682e-06;1.38019e-07;1.49893e-12;0.999712;4.73318e-09;3.2623e-11;1.42122e-09;1.1479e-06;6.50487e-05;3.98831e-06
3.27907e-09;0.998582;2.20806e-10;3.52798e-09;5.9215e-08;2.13801e-09;1.98912e-09;1.39806e-05;6.90317e-10;7.6923e-09;2.48451e-11;3.87755e-07;1.17799e-06;0.00140228
3.15118e-06;0.00286059;2.82729e-07;4.9077e-06;1.04427e-05;6.38595e-07;2.28689e-06;0.996973;1.01886e-05;2.74818e-07;2.15785e-07;3.82349e-07;0.000132886;3.59152e-07
2.30445e-07;0.9996;6.26989e-10;1.10973e-08;1.52161e-09;5.14111e-10;5.79901e-09;0.000162404;1.26237e-08;3.87437e-08;1.25892e-08;2.17227e-05;0.000215552;1.94592e-10
2.78649e-09;0.99996;4.74436e-11;1.13617e-09;4.65936e-10;9.42568e-12;3.17146e-05;4.50141e-09;2.35189e-10;1.13974e-06;5.50902e-11;8.45729e-10;1.6421e-08;7.39239e-06
8.31665e-12;6.49022e-14;1;6.17763e-10;9.62137e-12;2.57862e-13;6.84968e-09;1.5407e-13;5.22375e-11;1.62949e-10;6.67514e-10;9.61724e-10;1.68637e-14;2.01308e-13
0.000161724;0.125694;1.79624e-06;8.84599e-05;3.07654e-05;1.62029e-06;0.0260462;0.079684;0.103464;1.09804e-05;0.616441;0.000142572;0.0482328;6.21761e-07
5.17889e-05;0.984787;4.86215e-06;5.43752e-05;3.7963e-05;1.84874e-06;2.7412e-06;0.000439144;7.648e-05;5.13482e-06;0.000512105;0.0125684;0.000683615;0.000774731
0.000151286;0.105086;3.301e-10;1.9799e-06;0.0010342;1.22691e-06;3.79551e-06;0.893105;1.87201e-05;9.18195e-06;1.57323e-05;0.000267376;0.000158343;0.000147283
5.20964e-05;0.00366244;0.99601;3.35981e-05;4.66757e-06;1.53825e-06;1.4451e-06;2.40696e-06;6.11967e-06;9.47917e-06;1.48235e-05;0.000164028;2.94581e-05;8.05332e-06
0.000141733;0.000586559;3.50001e-10;1.94028e-05;2.00455e-06;6.51836e-05;0.00094297;0.00603591;0.244341;1.05629e-05;0.741495;0.000137413;0.0062202;1.8881e-06
7.21936e-05;0.93811;0.00472868;0.000364162;1.30855e-05;9.85746e-06;1.15822e-05;2.16864e-05;4.81131e-06;5.05725e-06;0.000237127;0.0554657;0.000936753;1.97932e-05
2.83964e-05;0.990754;5.70838e-08;1.12358e-06;1.49846e-07;2.00933e-06;2.53929e-06;0.00134377;1.82502e-05;4.25037e-07;1.39118e-05;0.000126613;0.00770835;7.67037e-07
1.55226e-05;0.0165695;0.000187304;7.22769e-06;1.15663e-05;1.40719e-05;2.37419e-06;2.76581e-05;3.85222e-06;4.10487e-06;3.26774e-05;0.979877;0.00312105;0.00012582
2.22446e-06;0.0107602;4.30439e-08;2.30592e-07;7.15261e-05;3.39502e-06;9.46559e-09;0.988633;6.05525e-08;2.41261e-07;1.44273e-07;0.000117882;0.000305898;0.000104807
2.53945e-07;0.995046;1.45181e-08;3.78662e-07;4.63906e-09;8.37791e-10;0.00023568;1.52845e-07;2.33037e-07;1.62369e-05;2.38862e-06;9.18563e-06;2.58522e-07;0.00468952
2.40679e-05;0.000234839;6.69871e-06;1.74534e-05;4.03994e-07;1.55605e-08;0.616478;0.000108;0.080618;4.87045e-06;0.302496;5.62829e-07;1.12277e-05;2.01479e-08
3.66294e-07;0.000614132;8.03201e-10;3.60908e-10;3.74048e-08;1.62122e-10;1.39702e-09;0.99938;8.66236e-09;7.04927e-10;2.5057e-09;2.01716e-08;5.84643e-06;2.0404e-09
1.22312e-06;0.803613;2.08744e-05;2.44499e-06;0.000463352;0.000172906;5.9748e-07;0.00114482;4.0956e-08;9.41628e-06;1.50389e-07;0.00867164;0.00190698;0.183993
1.46832e-08;3.82317e-07;0.999997;3.05981e-08;2.84011e-09;5.80175e-09;1.35728e-07;6.06675e-08;6.24548e-08;4.87595e-09;6.25633e-08;1.72195e-07;1.74386e-06;1.89312e-11
3.89224e-08;3.1157e-08;0.998141;3.77788e-07;1.59488e-06;6.41069e-08;3.178e-09;0.000126172;8.47867e-08;2.02095e-09;1.96209e-08;0.00173018;1.16434e-08;3.16878e-07
1.04166e-07;1.30127e-05;6.62112e-07;4.56492e-08;0.000103032;0.000936877;2.09471e-10;6.27927e-06;3.44935e-08;5.37688e-08;4.60203e-10;1.94704e-07;4.30988e-08;0.99894
3.27752e-05;0.000258786;4.98374e-08;1.47133e-06;4.04133e-05;4.61234e-06;4.12468e-08;0.995565;4.1731e-05;1.91524e-08;3.47252e-05;4.5077e-05;0.0039746;4.50027e-07
2.90038e-06;0.999436;0.000268463;1.70188e-06;5.51589e-07;3.11369e-08;5.9483e-09;6.78467e-05;5.08187e-10;1.30832e-07;9.16892e-10;9.36449e-08;0.000219526;2.47404e-06
2.85785e-06;0.0576089;3.19889e-05;2.24868e-05;1.69753e-05;7.69977e-07;8.51426e-08;0.932533;1.5424e-07;2.97243e-06;7.456e-07;0.000580282;0.00918577;1.32032e-05
3.97092e-06;0.00180896;3.74092e-06;0.000308971;0.000185882;0.005749;4.8262e-07;2.33109e-06;1.13173e-05;7.12123e-06;7.38093e-05;0.988333;0.00346177;4.9681e-05
0.00135898;0.84098;0.116019;0.000619003;0.000168172;4.41022e-05;0.0141537;1.70822e-05;1.43323e-06;0.0215801;1.15398e-05;9.21922e-06;0.000207681;0.0048305
5.5021e-08;1.07527e-09;0.999999;1.27913e-09;1.83571e-10;4.80145e-11;4.40887e-08;5.36511e-09;2.00346e-08;2.16342e-09;1.01189e-08;8.96144e-07;7.26276e-09;1.43677e-11
0.000119062;0.147552;9.65242e-06;0.00486637;0.000590863;4.80914e-05;0.00188864;0.609667;0.132281;4.78454e-05;0.0736617;0.00234123;0.0265549;0.000370869
1.48801e-06;0.99912;4.61452e-06;7.33631e-06;8.78605e-07;2.18009e-08;2.9184e-08;8.41403e-05;9.13158e-08;1.48021e-07;3.57548e-07;0.000167443;0.000603135;1.03336e-05
1.07286e-06;0.999295;5.34349e-09;3.67234e-08;1.87106e-08;8.03825e-08;6.04119e-05;0.000135666;4.35058e-09;5.11735e-05;1.08838e-08;1.0451e-10;0.000423279;3.32836e-05
3.80312e-12;1.1076e-12;1;8.51251e-12;4.39301e-12;7.29801e-11;1.28366e-10;4.38222e-14;2.30734e-13;4.42004e-10;5.53231e-13;6.57745e-12;3.94775e-14;1.58464e-11
2.75436e-08;1.13366e-07;0.999991;1.12e-08;1.47429e-09;4.66753e-10;7.94685e-06;1.91382e-07;8.92533e-07;2.91455e-08;1.28888e-07;5.89696e-10;9.39318e-08;1.96211e-11
2.1818e-08;1.31452e-05;0.0262055;1.81256e-06;1.24123e-06;2.81139e-07;1.14377e-09;6.19099e-06;1.60192e-06;1.90486e-08;2.19376e-06;0.973746;1.57925e-08;2.18982e-05
3.94972e-07;0.998877;4.4222e-10;1.16617e-07;1.14457e-05;7.92532e-06;4.65147e-08;0.000604924;7.4075e-08;8.53389e-08;1.15816e-06;2.2839e-06;0.000374087;0.000120526
6.58207e-09;0.99966;1.31112e-06;1.31538e-08;3.0171e-07;3.43077e-07;1.72729e-06;2.76139e-09;2.3379e-13;1.14338e-05;3.61887e-11;9.43089e-06;1.34731e-10;0.000315258
1.31217e-09;5.0533e-07;1;3.10594e-11;2.01881e-11;5.36599e-11;1.94363e-08;2.32544e-10;2.42901e-10;1.27967e-10;8.81523e-12;7.32949e-11;1.26739e-10;1.50246e-09
3.54921e-07;0.326462;3.76822e-08;3.15566e-08;2.0187e-07;3.23617e-06;1.27333e-05;0.0866173;8.53503e-07;2.08379e-07;1.02561e-07;2.48909e-10;0.586903;1.87118e-08
7.86228e-11;4.07976e-10;1;2.47543e-10;2.95886e-12;4.16185e-10;9.94821e-11;4.66169e-11;2.50338e-11;4.49926e-11;2.10172e-11;5.53534e-09;1.33677e-08;8.71874e-13
1.01292e-09;1.42357e-06;0.999979;7.55208e-09;4.8411e-08;2.40281e-07;1.39506e-10;5.50825e-07;7.36806e-11;1.647e-09;1.18004e-11;1.33374e-05;4.31336e-08;6.01311e-06
3.13013e-07;0.000109978;4.5226e-07;2.22773e-07;0.00363177;0.987498;2.80993e-08;5.55465e-05;1.30163e-07;7.32526e-07;9.77413e-08;1.4308e-07;0.0018631;0.00683935
2.4383e-08;4.61052e-05;2.67009e-07;2.72743e-08;0.00127771;6.46048e-05;4.82213e-11;0.00176492;1.60226e-09;2.58839e-09;2.8705e-08;0.996719;0.000106336;2.11236e-05
6.26036e-07;0.997738;2.69626e-05;8.84506e-07;3.7581e-05;7.03846e-05;0.000346768;1.72069e-06;2.74698e-10;0.000547809;2.31801e-09;1.37872e-06;1.24104e-06;0.00122627
9.27097e-08;8.07034e-08;0.999997;6.66129e-08;5.46663e-08;1.25919e-07;7.66717e-09;6.84801e-08;2.90248e-08;1.28688e-09;3.17049e-09;2.51757e-06;1.10138e-07;1.45939e-08
2.15127e-07;1.34761e-05;2.4323e-09;1.70016e-09;2.09471e-08;7.87003e-10;6.11648e-10;0.999952;1.05855e-07;1.65467e-10;2.20276e-09;4.6089e-08;3.41272e-05;3.20788e-11
1.18479e-07;0.0104405;1.82251e-06;8.2144e-07;4.30812e-07;7.05891e-07;5.13489e-06;3.18571e-07;9.3502e-09;0.000409389;2.03795e-09;5.37524e-08;1.29282e-08;0.989141
2.46129e-08;9.45214e-11;0.999972;1.14704e-06;7.99295e-09;8.16163e-09;6.09834e-07;1.22624e-10;1.34152e-05;4.65365e-08;1.12283e-05;1.07547e-06;3.60738e-12;1.67982e-07
1.24718e-06;0.999888;1.82522e-09;9.80883e-09;2.70705e-09;2.06165e-10;3.51449e-07;2.64073e-05;8.92366e-08;6.44778e-08;2.07924e-07;3.95863e-08;8.22299e-05;1.19849e-06
2.7886e-07;0.992025;5.69268e-10;1.07871e-08;6.01682e-07;7.61828e-09;6.16366e-05;5.71529e-06;3.01391e-09;8.85881e-05;5.34501e-09;7.45327e-08;1.11512e-08;0.00781803
8.76948e-10;5.00671e-09;1;9.14551e-11;8.78953e-12;1.22075e-12;1.37014e-08;2.86373e-10;1.27605e-10;1.02894e-10;6.41639e-11;1.13538e-08;1.83393e-12;3.33879e-12
0.000154575;0.0815378;3.07998e-06;2.63156e-05;4.8414e-06;3.30667e-05;0.485791;0.0108275;0.0340908;0.00175312;0.010432;1.93224e-07;0.375343;2.64447e-06
1.65939e-09;1.26938e-10;0.999999;2.03319e-08;8.20542e-11;2.64559e-10;7.56795e-08;1.53665e-10;1.51548e-07;5.60787e-09;7.89785e-08;1.9641e-07;4.53018e-11;8.54682e-12
1.1283e-05;0.0176974;0.00576381;0.000243928;5.42572e-06;2.19654e-05;2.40891e-05;0.000373067;0.000520469;2.77522e-06;7.80571e-05;0.975232;2.0721e-05;5.08076e-06
2.28173e-05;0.223313;5.67777e-05;5.75299e-06;4.81014e-05;0.00224205;9.65368e-08;0.000490491;4.56039e-07;1.01028e-06;4.73653e-06;0.00628423;0.767507;2.31541e-05
3.39118e-07;4.17648e-05;9.3422e-10;1.13525e-06;2.15087e-05;0.00177533;2.26127e-09;9.25559e-05;6.11484e-08;1.61551e-07;3.5033e-07;1.10978e-06;0.998038;2.77795e-05
3.39722e-08;1.36011e-05;0.99998;3.68578e-08;1.1441e-06;9.95666e-09;4.30059e-11;4.60014e-06;5.97026e-11;3.81277e-09;9.57449e-12;6.46866e-08;2.99077e-07;2.72767e-08
2.19839e-05;0.0117063;6.72911e-06;0.000230977;1.35432e-05;0.000176953;4.20829e-06;0.914435;0.00904129;3.37479e-05;0.00219269;4.77009e-05;0.0620884;6.8999e-07
