9.93244e-07;0.999968;3.20227e-06;3.68996e-06;7.67335e-07;8.34756e-09;1.57991e-08;1.06181e-05;2.98412e-08;9.21292e-08;2.76691e-08;9.37973e-06;2.29033e-06;1.40869e-06
9.07437e-07;7.55392e-06;1.51114e-10;3.47419e-09;1.73445e-07;1.80729e-08;1.37044e-09;0.999985;1.47826e-07;6.41556e-09;4.11433e-09;5.84747e-10;3.10225e-06;3.02922e-06
7.92731e-06;0.00279723;8.71829e-06;2.64568e-05;6.25049e-05;7.82744e-07;2.25623e-05;0.032176;0.000118229;2.62884e-06;1.72767e-05;0.964513;0.000245656;9.19315e-07
2.2594e-05;0.938354;0.00775999;1.31475e-05;9.16376e-07;2.58394e-07;2.42651e-06;1.14639e-06;5.34466e-08;4.30404e-07;1.5523e-06;2.06545e-05;0.0537983;2.46401e-05
4.92432e-06;0.814524;3.25264e-06;7.64144e-08;2.03652e-06;4.31378e-09;3.42399e-07;0.0558452;7.68991e-07;6.04899e-08;3.09103e-06;0.129333;0.000269056;1.42602e-05
3.89305e-06;0.0634859;0.000116616;5.11208e-05;0.0348624;0.022003;9.73514e-06;0.0143158;4.65246e-06;3.27738e-05;3.17405e-05;0.0168587;0.835007;0.0132162
4.22889e-06;0.000214942;5.32579e-08;7.5486e-07;5.93307e-07;8.12836e-07;3.22894e-09;0.00014733;2.62811e-07;5.55575e-09;1.08459e-06;0.0412169;0.958395;1.82399e-05
6.28381e-06;0.0228763;5.86872e-07;1.97325e-07;1.63867e-06;5.48421e-06;1.17923e-08;0.00841548;2.15337e-08;6.7301e-07;2.81584e-08;0.000760969;0.967927;5.27117e-06
3.45589e-10;1.11084e-09;1;3.05389e-09;4.03587e-10;8.00285e-10;3.86384e-10;2.05165e-10;3.68835e-11;1.44317e-09;9.30103e-10;1.71956e-07;2.8206e-09;1.66498e-10
1.49646e-09;1.77786e-07;0.999636;2.05036e-07;9.67187e-07;6.07843e-08;5.36635e-10;0.00031915;1.68888e-09;1.01236e-09;1.46148e-08;4.25428e-05;8.30628e-08;7.96437e-07
1.68681e-09;0.000174463;0.000245686;3.31819e-07;3.68535e-05;0.0113099;1.68497e-10;3.18633e-06;3.11933e-10;4.09588e-07;2.74674e-09;2.02175e-06;3.32396e-07;0.988227
7.41873e-08;0.00311922;1.99639e-09;3.27538e-07;3.66873e-06;3.05826e-05;1.49809e-08;0.000792649;2.29671e-09;4.95243e-08;5.82621e-06;1.01432e-05;0.996031;6.07964e-06
4.39826e-06;0.00739029;1.45263e-10;4.75487e-07;1.94677e-07;1.17221e-07;3.10208e-07;0.990756;5.891e-06;4.49859e-08;7.44808e-07;1.06021e-08;0.00184107;1.7214e-08
2.05298e-05;0.111588;0.229463;0.000481027;6.415e-06;3.03719e-05;1.6082e-07;2.59271e-05;6.00581e-08;1.25864e-05;1.2919e-06;0.655413;0.00287067;8.6241e-05
2.24506e-06;0.980697;1.15603e-09;2.53922e-06;6.69167e-07;6.46747e-07;0.0189359;6.09522e-07;2.22108e-06;0.000225113;4.97561e-05;1.20612e-08;1.41949e-05;6.88998e-05
2.16757e-07;1.26676e-06;0.998675;3.89047e-08;1.43079e-09;7.01539e-08;0.00132067;1.3144e-07;3.48449e-08;7.6395e-07;1.49514e-06;2.67443e-09;7.48392e-07;1.15077e-09
5.34059e-10;3.41018e-10;1;3.8824e-10;2.45756e-11;5.34192e-11;4.53718e-09;2.20638e-10;1.12915e-09;3.44626e-11;7.09815e-10;2.52212e-09;1.81353e-09;8.04499e-12
1.03304e-08;4.89603e-06;0.999216;2.21182e-08;6.57916e-08;7.91297e-08;3.0491e-10;2.15241e-07;1.01102e-08;9.68638e-10;2.4199e-09;0.000777622;4.58465e-08;1.14912e-06
2.67936e-07;0.00333505;1.33744e-08;8.25793e-08;3.54041e-05;0.000776851;4.63858e-06;6.95636e-08;2.04345e-07;1.76909e-05;2.85236e-08;5.10755e-11;9.37388e-07;0.995829
6.55533e-11;1.08853e-12;1;7.09898e-12;7.65589e-09;1.22368e-11;1.48873e-12;9.60564e-12;2.47067e-12;8.1676e-13;8.81996e-13;6.84044e-08;5.86667e-14;1.3194e-11
1.81412e-07;8.35947e-07;5.45904e-09;8.84359e-08;0.000134041;3.97453e-07;7.05911e-10;0.99985;4.06668e-06;1.43815e-10;3.88458e-08;3.21838e-06;7.01713e-06;5.02862e-08
2.68198e-05;0.017711;9.37924e-06;7.09379e-08;0.000141009;1.56993e-07;5.01668e-10;0.966314;4.03581e-07;2.20017e-09;1.96137e-08;1.24508e-05;0.0153718;0.000412893
5.32948e-06;0.0367483;9.24343e-08;6.99878e-08;4.38482e-05;8.49002e-08;9.53921e-10;0.957895;1.21864e-07;3.12775e-08;5.62127e-09;6.96723e-05;0.00523624;1.75234e-06
7.97004e-06;0.135781;0.517279;2.96197e-05;0.000736439;0.000175377;1.88126e-08;0.000172216;2.49849e-08;6.88237e-05;1.97404e-07;0.333237;0.00485754;0.00765448
8.44706e-06;0.916692;2.7555e-07;2.56524e-06;8.43493e-06;2.31923e-05;6.02028e-07;0.0534663;1.31076e-05;4.35514e-08;9.47965e-05;0.0230581;0.00190037;0.00473159
1.46879e-07;0.999876;2.56935e-09;1.73522e-10;2.37289e-09;2.72018e-09;2.34588e-07;6.02686e-06;1.20896e-09;3.00338e-09;1.87649e-09;1.96414e-06;0.000115327;9.24282e-09
1.68518e-07;0.000447977;2.46241e-07;4.09588e-06;0.00066347;0.00151704;1.72538e-09;0.00131278;1.31701e-06;4.02428e-08;2.55763e-07;0.540239;0.000190126;0.455623
1.57073e-07;0.991197;4.38487e-09;1.17057e-07;7.82576e-08;7.28124e-08;3.66003e-05;6.61423e-06;4.33709e-09;2.0564e-06;1.19043e-07;3.02988e-08;0.00875664;8.52492e-07
1.93703e-09;2.37896e-09;0.999999;5.04585e-08;4.27447e-10;9.17717e-09;1.00379e-09;1.86592e-10;1.3078e-09;2.92242e-10;6.84648e-09;7.72354e-07;1.0868e-08;1.80101e-10
1.47336e-05;0.847359;0.0454285;0.000164993;4.5631e-05;0.000652543;1.1889e-05;0.0223791;3.67389e-06;1.30806e-05;1.3769e-05;0.0683874;0.0106662;0.00485922
6.50921e-07;0.00139005;1.65566e-08;4.01722e-05;0.000197197;0.000961818;2.92756e-06;0.0145168;5.31471e-06;5.19738e-07;0.00189592;3.74965e-05;0.98089;6.11489e-05
8.53013e-07;0.00318112;1.696e-06;8.20267e-05;1.43402e-05;1.5877e-05;1.08626e-07;4.94775e-06;8.76345e-08;6.30241e-07;0.00016294;0.996395;0.000133652;6.88901e-06
0.000131927;0.99147;0.00380482;0.000317794;2.65517e-05;5.89182e-05;1.70309e-05;0.000617959;3.97572e-06;7.14134e-06;9.64229e-05;0.00187532;0.00157078;1.4266e-06
1.59999e-08;0.00252666;2.80201e-12;2.91057e-09;2.41451e-09;4.82257e-07;1.07509e-09;9.69938e-07;8.491e-11;2.72618e-10;7.40251e-09;1.00992e-07;0.997472;8.09343e-08
5.23333e-08;0.000466209;0.999287;1.08334e-06;1.75481e-06;1.54814e-07;2.60373e-09;5.6466e-05;1.77934e-11;1.28527e-07;5.28385e-10;3.20421e-06;0.000116585;6.69964e-05
3.12086e-07;0.000159636;3.55242e-09;2.53924e-05;0.000783175;0.956588;2.42221e-06;5.2264e-06;2.42469e-06;3.67928e-05;5.34774e-05;1.99952e-08;0.0352129;0.00713051
1.53519e-05;0.000607604;0.956657;1.56405e-05;1.37794e-05;4.05857e-06;7.24611e-07;1.30247e-05;4.16615e-08;2.62738e-05;1.03034e-06;0.0425573;1.07272e-06;8.69609e-05
3.84659e-05;0.932467;3.57055e-07;0.000546836;0.0049082;0.00435692;1.89478e-06;0.0124644;0.000600374;1.58463e-06;0.00181103;0.00159379;0.0349928;0.00621629
2.903e-05;0.990594;8.89794e-06;3.47227e-07;1.5481e-07;1.01892e-07;3.2314e-05;0.000122905;8.77575e-07;1.31947e-06;1.74307e-06;0.00204778;0.00716077;1.47875e-08
6.4369e-06;0.0174724;1.00365e-06;0.00125057;0.00451293;0.00627859;1.05009e-07;0.0021428;0.00029822;8.61918e-06;0.000436428;0.823455;0.000363705;0.143774
1.89228e-06;0.834144;1.79236e-07;1.68593e-07;2.94775e-06;2.88082e-08;1.77463e-07;0.164865;1.87107e-07;7.62847e-08;8.77302e-07;1.51898e-05;0.000969063;2.4212e-08
6.6419e-06;0.0014411;0.241652;0.000216552;0.00069764;0.0005233;5.21391e-07;4.82769e-05;1.45878e-07;6.47928e-05;3.41866e-06;0.753688;0.00078559;0.000871341
0.00108146;0.777029;0.000363508;8.54616e-05;1.15246e-05;4.40561e-06;0.00289791;0.167925;0.02864;1.02716e-05;0.011997;2.2028e-05;0.00992581;6.44305e-06
1.0451e-08;0.999998;2.69933e-11;8.55137e-11;7.04188e-10;4.60955e-12;1.35751e-07;1.23365e-08;6.76272e-11;3.06321e-09;1.09802e-12;2.54858e-11;6.52167e-09;1.43242e-06
2.96086e-10;1.02455e-11;1;1.7747e-11;2.39377e-11;3.87118e-14;6.89063e-10;6.67437e-12;4.34771e-11;1.35537e-11;5.99194e-12;3.37638e-08;3.70238e-13;8.35417e-12
2.08896e-05;0.0145802;9.01771e-10;6.16558e-07;4.35465e-05;1.82094e-05;4.99412e-05;0.978744;0.00217048;1.93077e-06;7.09128e-05;1.13447e-08;0.00427032;2.86441e-05
1.03043e-08;3.02269e-09;1;9.36382e-10;1.01591e-11;1.71123e-11;3.23835e-07;4.04501e-11;1.40617e-08;8.75886e-10;1.80391e-08;5.34675e-08;1.86233e-09;6.29544e-12
1.64499e-07;8.7844e-07;0.998975;2.83517e-07;3.57085e-06;8.45018e-07;3.96607e-08;1.71214e-05;1.46355e-06;6.09807e-09;1.16311e-07;0.000987544;1.30197e-06;1.13113e-05
6.42557e-05;0.00325899;1.19501e-06;3.35302e-05;0.0956827;0.398048;2.15159e-06;0.000335926;0.00235735;2.56016e-05;2.45061e-05;5.51121e-07;0.000743355;0.499422
4.9296e-05;0.113454;0.101439;1.18757e-06;0.00148044;6.9337e-06;3.07778e-10;0.000146986;6.84816e-08;1.21249e-07;5.32284e-09;0.783283;7.63046e-05;6.37338e-05
1.26683e-06;0.998129;5.50168e-12;1.32663e-08;6.77564e-08;6.99595e-10;1.37732e-06;0.000825218;3.5187e-07;5.43035e-08;5.82475e-09;9.86742e-11;2.15056e-07;0.00104271
0.000586613;0.0889182;0.000128657;1.63075e-05;0.000182471;9.6452e-07;0.000288789;0.889481;0.000192152;1.36533e-06;1.43832e-05;0.00491684;0.0152612;1.14908e-05
4.7284e-07;0.979786;1.31958e-10;7.73013e-08;4.94968e-06;4.66615e-07;3.31545e-09;0.0101016;4.65265e-09;2.65002e-08;1.46514e-09;0.000535794;0.00956923;1.72287e-06
4.43032e-06;0.00743841;3.68715e-09;5.78969e-05;5.91745e-05;0.000331305;3.16925e-07;6.8274e-05;8.93758e-07;2.68198e-06;9.74044e-06;0.0139705;0.977929;0.00012708
0.000110114;0.000544585;0.997244;0.000328164;0.00116601;1.54469e-05;7.17968e-05;1.10902e-05;2.30106e-07;5.57965e-05;3.93969e-06;0.000198357;0.000216995;3.38101e-05
0.000317416;0.505359;6.02398e-06;0.0014825;0.0002354;0.000139485;0.000942589;0.00323439;0.00376286;2.91361e-06;0.0121404;0.000173539;0.471645;0.000559096
7.51332e-06;0.865787;5.503e-07;1.3083e-05;1.95472e-05;4.16184e-05;6.46553e-09;0.133764;3.51394e-07;5.23953e-07;1.4954e-07;1.19861e-05;0.000186201;0.000166662
4.49767e-07;0.00318183;5.22612e-10;1.52045e-06;1.28202e-06;2.75381e-07;1.34723e-08;0.000108791;5.90397e-07;2.92333e-08;9.84028e-06;1.13536e-05;0.996682;2.36361e-06
7.19256e-06;0.000142393;6.03894e-07;1.02084e-05;8.68238e-06;5.45433e-08;4.63592e-09;3.12445e-05;8.75614e-07;9.29531e-08;5.28978e-06;0.999767;2.48347e-05;1.37985e-06
9.52541e-06;0.990551;1.69934e-07;9.67778e-06;2.33513e-05;1.02199e-08;4.03859e-08;0.00931536;2.95006e-07;2.59511e-07;2.18758e-07;8.89668e-05;1.13103e-06;3.27185e-07
6.80846e-07;0.0175693;3.79154e-05;9.74997e-06;1.06276e-05;3.36179e-06;1.55324e-09;9.60954e-07;4.25865e-10;2.90628e-07;5.02546e-07;0.00347831;0.978887;1.67055e-06
1.66078e-07;0.000568364;1.37072e-08;2.19431e-06;5.06026e-05;2.02388e-08;1.1333e-07;0.999203;4.55914e-07;2.2654e-07;3.57442e-05;0.00013189;4.50861e-06;2.37163e-06
1.5417e-07;0.000323084;0.997567;1.76803e-05;0.00121508;7.88303e-05;5.90374e-09;9.69379e-06;1.42897e-10;1.77041e-07;3.04749e-07;0.000549893;7.0789e-05;0.000167665
0.000187406;0.179422;5.20459e-06;2.27267e-07;4.05906e-06;1.18857e-05;0.000838784;0.00192676;5.4649e-06;4.16043e-06;4.20645e-05;1.3296e-07;0.817309;0.000242291
2.49079e-10;3.76141e-10;1;7.82114e-11;1.13555e-11;1.78839e-11;1.91443e-10;1.58983e-12;7.38623e-11;1.55393e-11;1.97301e-10;4.90602e-08;5.76786e-09;7.92098e-13
2.70631e-09;9.66759e-08;0.99992;5.68525e-08;4.67693e-07;8.07146e-08;6.1993e-10;3.23402e-05;7.36868e-09;3.56766e-10;3.94703e-09;4.71626e-05;5.33909e-08;2.87653e-07
2.62847e-09;1.56891e-05;0.000121728;5.23168e-08;1.17303e-05;0.00329049;4.87585e-11;3.51855e-06;4.43778e-10;5.45416e-08;2.44335e-10;7.53859e-07;2.15559e-07;0.996556
7.08725e-08;0.00134845;9.7801e-10;6.50241e-08;2.88757e-07;9.20478e-06;1.8849e-09;0.000817898;3.77453e-09;4.1595e-10;1.77947e-06;5.86438e-06;0.997816;3.70341e-07
1.88125e-08;0.999833;4.17234e-09;2.02343e-10;4.25645e-11;2.66935e-10;6.5796e-09;7.59615e-07;1.26574e-11;2.29367e-10;4.28172e-11;1.82471e-06;0.000163967;3.68468e-09
1.38192e-08;1.72835e-05;1.35423e-08;6.45841e-06;0.00242792;8.71617e-06;1.86997e-09;0.00205539;1.20369e-07;9.85433e-08;2.95947e-07;0.99543;9.41239e-07;5.28976e-05
2.45403e-07;0.0495217;0.00185954;5.30426e-05;6.38274e-06;1.24759e-05;1.77603e-07;3.32984e-05;4.58458e-09;1.47356e-07;2.87927e-06;3.41441e-06;0.948507;8.98832e-08
3.36945e-05;0.0341013;0.000433026;5.96688e-05;3.43042e-05;1.10857e-05;1.32745e-06;0.736985;8.1929e-05;5.45377e-07;0.000485998;0.204535;0.0232332;4.08962e-06
2.15825e-06;0.101398;5.10225e-06;0.000191495;0.00469637;0.837982;1.14217e-05;0.0172143;1.12916e-06;0.000357145;7.86127e-07;1.88205e-08;0.00131608;0.0368248
1.77818e-08;1.01815e-07;0.999997;2.84846e-08;8.97601e-11;1.47592e-09;1.689e-09;4.37806e-10;1.43153e-10;8.12206e-10;9.71029e-10;2.25585e-06;1.31199e-07;2.5944e-11
2.36245e-06;0.00145075;0.000686403;3.39333e-05;1.42181e-05;6.89278e-06;1.74001e-06;0.000213296;6.79298e-06;6.43101e-07;6.32881e-05;0.997399;0.000117432;3.6531e-06
1.31688e-06;0.82344;2.47525e-06;1.80424e-05;0.000171213;0.000221682;6.96333e-07;0.0819971;3.30828e-06;3.68787e-07;6.52547e-05;3.48068e-05;0.0939088;0.000135353
2.69341e-06;0.0182972;2.46103e-05;0.000298022;0.58886;0.196597;7.49885e-06;0.00248854;1.57096e-06;0.000163715;2.59457e-05;0.00132702;2.04995e-05;0.191886
9.53978e-07;0.0258591;1.21525e-08;3.13082e-08;0.000149284;6.55204e-05;1.40196e-08;0.846227;2.11963e-07;5.8186e-09;1.40165e-08;1.19619e-05;0.127686;5.50504e-07
5.33291e-06;0.979612;5.32137e-07;4.70097e-05;1.44037e-05;1.12836e-05;3.63812e-07;2.9061e-05;6.00747e-07;2.28084e-06;3.41011e-07;0.0029319;0.0171514;0.000193892
0.00136648;0.0321647;4.56998e-07;0.00716632;0.122465;0.0297438;3.03711e-06;0.492196;0.000393286;0.000363887;8.96962e-05;7.35848e-06;0.309896;0.00414413
3.87333e-06;0.999927;4.18893e-09;1.14853e-09;1.00463e-08;4.90878e-10;1.31005e-06;8.36296e-08;2.35771e-09;3.34203e-07;6.94964e-10;6.17488e-09;4.20569e-08;6.698e-05
2.12495e-08;1.55541e-09;0.999997;3.25511e-10;1.85712e-08;3.00535e-11;5.72351e-08;1.99726e-10;6.51767e-10;8.62139e-09;3.4829e-11;1.39178e-06;2.4295e-13;1.37766e-06
0.000103674;0.0202773;1.57796e-07;2.20171e-06;0.000675073;8.60267e-05;0.00125201;0.968067;0.00541915;3.21135e-05;1.74917e-05;1.40954e-05;0.00385932;0.00019451
0.000249631;0.00427799;8.92439e-05;0.000131004;0.00147675;0.000149916;1.77387e-06;0.850931;0.000739229;1.86393e-06;0.000162672;0.088747;0.0526581;0.000383839
4.15002e-05;0.986987;6.52953e-06;0.000210597;0.00231889;8.69004e-07;1.12805e-07;0.00819101;4.30981e-06;4.864e-06;1.19213e-06;0.00109348;0.000411828;0.00072782
2.52566e-05;0.963346;0.00224514;0.000210543;8.3388e-05;1.8997e-05;6.75811e-08;2.06302e-05;1.1973e-07;6.15175e-06;5.44323e-07;0.00531862;0.0279747;0.000749593
0.000321905;0.0788873;0.00146688;0.000990405;0.0116936;0.00554009;0.000393332;0.251685;0.000847857;0.000300408;0.00100571;0.519125;0.124601;0.00314168
0.000597051;0.644153;0.00296749;0.00832186;0.00855432;0.0178869;1.83605e-05;0.0693684;0.00232017;4.31846e-05;0.0025801;0.0107567;0.231514;0.0009184
0.000683607;0.0420653;0.00183768;1.03704e-06;5.39021e-07;2.18033e-07;7.92358e-07;0.00850771;4.01373e-05;1.68232e-07;2.74596e-05;0.830765;0.116069;1.25167e-06
2.79588e-06;0.994823;2.57738e-07;1.75979e-06;4.9448e-07;4.3717e-07;0.00445598;9.31981e-06;5.91285e-06;0.000480367;2.72177e-06;2.42909e-07;3.01476e-05;0.000187075
2.89392e-09;5.29676e-09;0.999998;1.54389e-08;1.08357e-09;2.25757e-11;4.16508e-08;2.56535e-10;5.1159e-09;3.5682e-09;3.64359e-08;2.15529e-06;8.95056e-11;2.89697e-12
1.07965e-06;0.0334375;3.46343e-06;2.20971e-07;0.000144644;5.42525e-07;1.21647e-06;0.963339;4.6368e-06;1.43398e-07;6.5642e-06;0.000636479;0.00241391;1.06296e-05
1.03245e-06;0.151501;2.41096e-07;2.32453e-05;4.84037e-05;0.00154971;8.84803e-05;0.00517228;7.30457e-05;0.000467949;8.00223e-05;4.52716e-06;0.840794;0.00019554
2.58202e-09;1.41233e-10;1;3.12904e-09;4.8088e-11;1.53165e-11;1.45997e-09;3.58644e-11;3.41599e-09;2.81359e-09;5.39542e-09;2.50223e-07;7.13447e-12;3.27483e-12
7.45963e-06;0.00110645;9.68897e-05;5.12897e-06;1.61213e-06;2.02065e-07;1.23307e-06;1.46537e-05;0.00243576;2.79676e-08;3.64772e-05;0.996285;8.57266e-06;1.19998e-07
5.74064e-06;0.999172;2.91813e-11;3.50579e-07;6.5082e-07;2.30404e-08;0.000577144;5.54929e-05;4.71755e-06;5.28925e-05;1.17815e-06;3.21039e-10;9.85179e-07;0.00012878
4.84821e-09;2.59773e-11;0.999999;2.90105e-09;6.18562e-08;5.22265e-12;3.2626e-11;6.57594e-11;3.77322e-10;1.01611e-10;7.875e-11;1.03103e-06;1.87523e-13;7.30645e-11
8.56019e-06;0.000923204;4.90589e-07;4.95424e-08;0.001081;4.43263e-08;2.11356e-10;0.997928;1.28574e-07;1.42284e-09;2.91041e-09;1.16376e-05;3.83846e-05;8.74975e-06
1.64987e-07;6.24621e-06;7.35611e-10;2.85397e-08;6.27918e-05;1.49001e-08;3.82509e-10;0.999874;8.03289e-07;1.55146e-08;3.01459e-09;1.58283e-07;5.56697e-05;9.00428e-09
6.27997e-09;9.7866e-08;0.999986;9.41733e-08;8.50872e-06;1.46153e-06;1.98846e-11;2.51003e-10;2.41765e-11;3.66635e-07;9.26147e-11;1.57151e-06;1.49741e-09;1.65263e-06
3.52331e-05;0.982264;4.88829e-05;1.65582e-05;1.97471e-05;5.34953e-06;5.7631e-05;0.0135949;0.0018749;7.73659e-07;0.000604682;2.63856e-05;0.000957492;0.000493524
