1.85419e-05;0.883216;1.08945e-07;1.41123e-06;5.39533e-05;8.82699e-06;9.30731e-07;0.0141151;6.05688e-06;3.07528e-07;6.99049e-06;0.0130243;0.0887142;0.000833583
1.46787e-06;0.942078;4.74022e-06;7.32961e-06;3.09266e-05;3.84665e-06;1.49845e-08;0.0255143;5.90309e-07;4.96728e-07;7.29534e-07;0.0312083;0.000282952;0.000866632
1.40989e-06;0.121612;1.21747e-07;1.66409e-06;0.0154287;3.63097e-05;4.30288e-07;0.856685;7.05583e-08;2.24732e-06;1.69259e-07;0.00611662;8.70872e-06;0.000106684
9.57928e-05;0.0346877;0.314175;0.00030053;0.00320724;0.0883596;2.31525e-06;0.00073483;2.73495e-07;0.000183465;4.07508e-06;0.318142;0.217032;0.0230746
2.23251e-05;0.00105795;3.00262e-08;3.70074e-06;3.98074e-05;2.42967e-05;1.57891e-06;0.904965;2.45781e-05;7.81577e-08;6.9371e-05;2.1124e-05;0.0937269;4.3773e-05
7.56597e-06;0.000428306;3.01061e-05;6.59822e-06;3.62873e-05;3.7829e-05;1.17207e-07;0.000349202;7.70944e-06;5.52256e-07;2.47896e-05;0.991388;0.00759826;8.4153e-05
1.20145e-05;0.0172118;1.43165e-06;4.77354e-06;0.000101658;6.43458e-06;8.22848e-06;0.980991;0.000215396;2.79341e-06;0.00077862;0.000366856;0.000293817;5.38021e-06
0.000162486;0.0884217;8.90853e-05;0.00011539;0.00138451;1.03067e-05;7.91067e-07;0.167899;5.33812e-06;1.9808e-05;0.000282902;0.725106;0.0164436;5.92321e-05
0.000154394;0.988631;1.00259e-08;1.43457e-05;6.29783e-05;3.55541e-07;0.00793591;0.000642976;4.73406e-06;0.00127056;1.45324e-05;3.84702e-06;0.00016068;0.00110395
3.42188e-08;3.48427e-10;1;1.83979e-10;1.31252e-11;1.25859e-13;3.046e-08;1.66102e-10;2.51305e-08;2.39132e-11;5.40886e-09;4.40661e-10;5.16717e-11;8.9699e-14
6.37353e-06;0.984111;6.81171e-10;3.74503e-07;5.10698e-08;8.16235e-09;0.00266299;4.93685e-06;0.00162022;3.37486e-05;3.62479e-05;8.96887e-07;7.92149e-06;0.0115154
4.03608e-05;3.04827e-05;2.62339e-05;7.41206e-06;8.90237e-07;2.09935e-07;0.12929;0.000934343;0.856497;3.87654e-06;0.0131002;3.77484e-07;6.88109e-05;8.04864e-08
0.00168463;0.13007;2.9623e-07;1.01581e-06;1.4203e-06;4.23367e-07;1.90845e-05;0.863248;0.00160396;5.474e-06;1.66955e-05;9.725e-06;0.0033284;1.07516e-05
1.69592e-07;0.00533627;2.41987e-06;4.94776e-08;8.911e-08;1.44599e-08;2.40022e-09;2.21435e-07;2.42983e-08;5.70952e-09;2.04104e-08;0.994653;7.12674e-06;5.0625e-07
7.47035e-05;0.179113;3.9637e-08;6.03443e-07;7.74485e-05;1.00674e-06;1.18936e-07;0.136584;0.000199857;2.22522e-08;1.96461e-05;0.647093;0.0368329;3.62286e-06
1.17577e-06;0.000600195;3.32393e-09;3.77344e-08;0.0230728;1.68385e-07;4.11884e-09;0.975891;1.27436e-07;1.19746e-07;9.34307e-10;1.89211e-07;0.00041801;1.63125e-05
6.49303e-06;1.50277e-06;0.999989;4.78032e-07;2.36343e-07;3.46472e-09;2.80003e-09;6.1347e-08;4.75894e-07;1.20886e-07;4.47656e-09;1.60078e-06;1.95392e-08;1.34404e-08
0.00153295;0.00128473;7.01477e-07;5.22142e-06;9.89029e-07;2.0847e-07;5.60623e-06;0.053094;0.942607;3.12783e-07;0.00135561;1.46393e-05;9.78017e-05;4.98872e-09
