3.28282e-07;0.0194519;5.92602e-10;7.76839e-08;8.25447e-06;2.98842e-07;1.63289e-08;0.0114438;5.03359e-10;1.42691e-08;1.8338e-09;1.28609e-07;0.969051;4.42995e-05
2.40818e-07;7.72037e-06;6.19681e-11;0.000422825;0.00771295;0.949713;1.83952e-08;1.48048e-06;5.64768e-07;1.75985e-05;1.86983e-07;1.94933e-06;0.0304109;0.0117105
0.00148001;0.0330362;0.930275;0.000172436;4.35919e-07;1.21802e-06;0.0249116;7.10738e-07;3.30262e-06;0.00924723;2.03655e-05;0.000789084;2.71551e-05;3.52659e-05
3.87473e-09;1.77485e-10;0.999999;2.43617e-08;9.02727e-12;8.69419e-11;1.53697e-07;5.31983e-12;2.55168e-07;1.33451e-09;1.14863e-07;1.70844e-07;3.74166e-11;1.80577e-11
0.000308764;0.00039945;0.000195823;2.7374e-05;7.84048e-05;1.7201e-05;1.52664e-05;0.994492;0.00366231;1.28633e-05;0.000249868;6.07688e-05;0.000227891;0.000252241
9.76092e-07;0.00762365;0.00012409;4.49536e-06;3.42194e-06;7.89521e-07;8.10315e-09;8.05439e-07;4.10067e-05;3.84886e-09;5.12019e-05;0.991562;0.00058182;5.28447e-06
4.54916e-07;0.997779;1.93129e-08;1.42083e-08;4.39835e-05;1.2234e-08;3.93905e-09;0.00142474;4.35928e-07;2.3035e-09;1.38059e-08;1.97251e-07;3.17139e-06;0.000748259
1.65372e-07;7.43204e-06;0.00338997;1.4469e-07;0.996443;9.26915e-07;6.0564e-10;4.00696e-05;4.40431e-09;3.62517e-08;2.78542e-09;7.40351e-05;4.55157e-07;4.40543e-05
0.000168274;0.998947;7.97978e-08;7.67058e-09;1.56554e-06;2.49208e-09;0.000315627;0.000336145;0.000214137;1.56752e-06;4.45219e-07;3.7667e-09;7.47129e-07;1.46728e-05
4.85607e-10;1.71221e-10;1;6.84082e-13;3.97421e-13;1.27189e-14;9.4894e-11;6.10881e-11;1.31204e-09;7.01987e-13;2.33885e-12;9.50257e-08;7.04223e-12;7.89768e-14
5.84821e-05;8.21598e-05;4.98429e-08;5.47465e-07;2.08834e-05;1.50523e-06;3.40121e-06;0.963496;0.0310389;4.66191e-07;0.000176683;0.000526547;0.00458964;5.06068e-06
3.50146e-05;0.992966;4.17342e-07;3.78783e-08;7.1202e-07;1.60508e-06;1.56884e-05;0.00132154;3.32459e-07;1.66085e-05;3.15875e-08;2.48617e-07;0.00525534;0.000386918
1.651e-10;3.47948e-11;0.999999;1.67947e-11;4.66973e-10;4.27216e-11;2.46494e-12;1.67545e-13;1.38299e-12;1.83968e-11;1.27282e-12;7.07302e-07;7.30619e-13;2.38849e-10
8.39166e-05;0.975118;0.000250598;4.18865e-05;0.000346724;6.43845e-07;3.24396e-05;0.0148492;0.00665917;5.68284e-06;0.000255617;0.000639889;0.00166717;4.9143e-05
1.10457e-05;0.87417;3.88527e-09;3.22868e-05;0.00259656;1.56136e-05;1.53037e-06;0.00699749;3.49028e-05;6.98106e-05;3.93108e-06;0.00250051;0.00227923;0.111287
2.01724e-06;0.00168901;9.78383e-06;5.94293e-07;3.22412e-07;9.55636e-08;1.29832e-06;2.25204e-06;2.35523e-07;1.4109e-07;3.78079e-07;0.998278;9.26371e-06;6.47183e-06
2.62898e-08;0.999765;3.66201e-10;1.01933e-08;1.42402e-08;1.51181e-09;3.94842e-05;0.000136496;5.87666e-09;4.57367e-07;1.43559e-09;1.46291e-08;1.13648e-06;5.70517e-05
6.57251e-11;5.24543e-11;1;8.33764e-11;5.88512e-11;1.06951e-10;2.45979e-10;1.70102e-10;3.04314e-12;6.56567e-11;1.1349e-11;3.28379e-07;8.58632e-10;1.71334e-12
7.95437e-07;0.00556282;1.88086e-10;7.68486e-07;2.87341e-06;4.29003e-07;4.75304e-06;0.0097824;1.35431e-05;1.43215e-07;7.76467e-06;4.00577e-06;0.98462;1.02503e-07
9.18597e-05;0.0479755;5.86451e-07;0.00477187;0.00011335;2.61148e-05;2.53966e-05;0.000950645;0.00129391;0.000449559;0.00102342;0.941447;0.00160585;0.00022472
0.0023294;0.994305;0.00011522;0.00108291;1.20279e-05;2.84502e-07;5.6582e-05;0.000473455;5.21235e-05;3.90197e-05;0.000112071;0.00124905;0.000106019;6.66633e-05
1.37856e-05;0.997889;2.53468e-09;8.88241e-06;8.29544e-07;1.13398e-07;0.000755972;0.000552776;1.97031e-06;0.000174238;3.40294e-06;4.61657e-09;5.07222e-07;0.000599072
6.64297e-09;4.18462e-10;0.999999;1.8001e-08;4.64186e-10;3.40362e-11;4.88838e-08;2.16517e-10;6.03131e-08;1.60738e-09;1.29717e-07;5.19282e-07;5.85475e-11;1.10319e-10
2.65387e-05;0.946401;6.75623e-09;1.79265e-07;6.08789e-07;6.26741e-07;6.70517e-07;0.000689687;5.48373e-05;1.50248e-07;1.07342e-05;9.52267e-05;0.0526706;4.90183e-05
1.46587e-05;0.916596;5.9388e-05;5.55486e-07;7.24248e-05;6.66357e-07;2.73084e-07;0.0653029;2.72382e-06;9.03628e-07;5.1952e-07;0.01309;0.0044426;0.000416337
5.11157e-05;0.01699;3.30475e-05;4.97227e-05;0.000373053;0.0776054;2.15788e-05;0.000102784;6.74733e-05;3.16639e-05;0.000136934;0.0142078;0.887601;0.00272866
0.000141193;0.00325794;0.83106;4.06239e-06;6.73548e-08;2.57084e-07;0.000792992;2.39617e-08;4.03499e-07;0.000671033;1.83159e-07;0.163683;1.34144e-06;0.000387192
1.05797e-07;4.0074e-07;0.999997;1.35828e-07;9.02845e-10;1.41821e-09;2.1819e-07;1.0753e-08;9.34157e-07;9.13666e-09;2.09778e-07;8.98738e-07;5.25742e-08;6.4918e-10
9.95639e-09;0.000176353;3.98957e-11;3.90162e-09;3.50974e-06;4.82792e-10;1.12899e-09;0.999819;1.9675e-08;4.58538e-09;1.06905e-08;1.30599e-06;9.78789e-09;1.36293e-07
7.30673e-08;3.02209e-05;0.999452;1.03632e-06;1.90472e-06;1.68272e-06;7.99591e-08;1.26084e-07;2.40591e-09;1.17108e-06;2.16684e-07;0.000486293;2.41964e-05;9.19896e-07
6.7088e-06;0.00210287;3.16016e-08;2.01522e-06;1.40129e-05;1.92787e-06;1.9243e-06;0.9669;1.32387e-05;6.11884e-08;0.000818268;0.0260249;0.00407897;3.52272e-05
1.28169e-05;0.0765612;2.68724e-08;7.6772e-07;0.000128846;6.17086e-08;3.29361e-07;0.922529;9.93354e-06;3.01355e-07;3.81355e-06;5.86063e-05;0.000673352;2.0974e-05
3.83993e-05;0.0135736;0.977665;3.60544e-05;7.97933e-06;4.52487e-06;9.96877e-07;1.48345e-07;1.38233e-07;2.23649e-05;2.06289e-06;0.000241437;0.0083961;1.0909e-05
2.34265e-05;0.000454613;1.14237e-05;2.1042e-07;3.7451e-06;7.23682e-08;5.62367e-07;0.99892;2.53527e-05;1.25287e-07;8.80142e-05;0.000359002;0.000110377;2.65237e-06
0.000186084;0.823073;1.0031e-06;0.000847557;0.00693631;0.044447;9.6632e-05;0.000967349;0.00252722;0.00114645;0.00246973;0.0161856;0.0480114;0.0531042
0.0878349;0.761348;0.007925;2.9343e-05;1.20823e-06;1.63073e-05;0.000916888;0.0050192;0.122093;1.17159e-05;0.00902756;0.00354618;0.00221802;1.20612e-05
3.34873e-06;0.971275;5.63501e-10;6.32551e-08;2.05586e-06;1.60037e-08;2.96708e-08;0.0287136;7.9639e-07;6.86714e-08;1.17041e-08;3.61544e-06;4.07754e-07;5.69104e-07
3.07591e-06;0.00591105;0.0174896;2.53268e-05;0.000571167;0.0124597;3.22607e-08;2.78337e-05;1.38317e-08;5.99008e-05;2.47133e-07;0.961623;0.00107944;0.000750018
4.27771e-05;0.00904039;2.33882e-09;5.23703e-06;3.34029e-05;5.40667e-05;2.02199e-06;0.0043538;0.000108717;2.16894e-07;0.00052202;0.00230788;0.983416;0.00011379
0.000272529;0.0166137;0.000440475;0.000439471;0.000261948;0.000344017;9.92322e-06;0.00195346;7.55631e-05;7.95456e-05;4.64176e-05;0.942552;0.0368654;4.60525e-05
7.87252e-05;0.774057;0.000785407;6.56442e-05;9.83824e-06;9.69976e-06;6.79153e-07;0.072133;4.33013e-05;3.75394e-07;8.25648e-05;0.0427181;0.110014;1.22178e-06
2.61155e-05;0.617336;7.7609e-06;0.00128366;0.000134485;0.000571374;5.36807e-05;0.0166974;1.1591e-05;0.000315819;0.000464071;0.30236;0.0588467;0.00189197
2.55651e-05;0.179772;1.74759e-07;0.001739;0.135803;0.00115207;0.00286617;0.631899;0.00032938;0.000653098;0.0222606;3.39135e-06;0.0233775;0.000120014
0.00414171;0.130918;0.209123;0.353087;0.0256408;0.00162782;0.0014861;0.00674828;0.00187852;0.0247561;0.067992;0.163688;0.00553748;0.00337584
0.00237936;0.991398;0.00120461;0.000155646;0.000125226;3.17513e-07;9.5749e-05;0.00328016;0.000543388;7.34973e-06;0.000154254;0.000595996;1.34246e-05;4.65563e-05
0.00052706;0.935238;2.23491e-06;2.82859e-07;7.22336e-07;7.53738e-08;4.78401e-05;0.0637591;0.000161507;2.79302e-06;4.95928e-06;6.93383e-06;0.00023783;1.03684e-05
1.70772e-08;1.23006e-05;4.52598e-07;8.94596e-08;1.53196e-05;2.05214e-08;3.81574e-09;3.75441e-06;6.70552e-07;6.40297e-09;8.52667e-07;0.999966;2.35442e-07;4.76005e-08
1.19342e-06;0.162685;5.11712e-05;5.04127e-07;4.58854e-06;3.42691e-06;3.13015e-08;2.13072e-06;4.32264e-08;2.45253e-07;2.03357e-07;2.63492e-06;0.837248;3.81589e-07
0.000216321;0.0044636;0.00573969;2.95636e-05;6.34625e-05;4.08971e-05;5.46721e-05;0.681625;0.00156552;1.84441e-05;8.48425e-05;0.278167;0.0278661;6.55385e-05
1.45499e-05;0.00121597;0.00176641;0.000169214;0.048864;0.0048222;1.15259e-07;0.93236;2.91288e-06;1.08081e-05;1.13658e-06;8.17954e-05;0.000706469;0.00998437
0.00244739;0.240432;7.03059e-06;0.000437501;0.00133831;0.0359168;5.93126e-07;0.0727175;0.000338419;2.08476e-05;6.75863e-05;0.33984;0.283926;0.0225092
5.03018e-05;0.990106;2.95802e-06;6.46488e-08;1.03585e-08;5.73779e-08;1.42234e-07;0.00970303;2.35035e-06;7.8046e-08;1.19461e-06;7.54526e-05;5.80408e-05;1.43965e-07
1.69037e-06;0.964047;1.82282e-08;1.27856e-05;0.0129871;9.11067e-06;2.56354e-08;0.0198106;2.75125e-07;8.44496e-06;4.31275e-08;0.000474227;2.57589e-06;0.00264653
1.23758e-05;0.000538027;0.000829225;7.05732e-05;0.00118157;0.00260036;2.00759e-07;1.57821e-05;1.61005e-07;0.000115015;1.31595e-06;0.990644;0.000474923;0.00351644
8.30482e-05;0.00125608;1.22841e-09;5.48123e-07;1.19472e-06;3.63842e-07;4.13098e-06;0.997486;0.000354746;3.18479e-08;8.63052e-05;0.000456809;0.000270805;6.80662e-08
1.95651e-05;0.896835;0.000244823;9.50863e-06;1.51913e-05;4.52203e-06;4.28879e-08;0.0104262;1.67453e-05;4.4836e-08;4.14815e-06;0.00191398;0.0905023;8.06462e-06
9.66574e-06;0.85012;4.4342e-06;0.000420365;1.56079e-05;0.000399655;2.92511e-06;0.00151049;3.28886e-05;0.000111937;0.000102211;0.141731;0.00455036;0.000988584
3.41845e-06;0.907539;5.08969e-08;0.000173312;0.0103504;0.000347023;4.60093e-05;0.0769943;1.28993e-05;4.54306e-05;0.0020574;3.21207e-06;0.00242222;5.14762e-06
0.000228236;0.00375267;0.79254;0.0163843;0.00138349;0.00133539;5.76665e-05;0.000297169;1.71884e-05;0.00114585;0.00390119;0.176421;0.00198652;0.0005492
0.00930323;0.702293;5.61664e-06;0.000323613;0.000100357;1.07225e-05;0.0014922;0.0582336;0.0662298;4.10705e-05;0.148199;0.000962392;0.0113379;0.00146758
4.11606e-05;0.99394;4.12144e-05;5.57187e-07;6.79739e-06;1.57507e-07;3.29772e-07;0.00246167;1.5399e-06;2.5957e-06;4.03199e-07;0.00293746;0.000543495;2.26047e-05
0.000762972;0.0406746;7.16541e-05;0.000301136;0.0514004;0.0106178;0.000175233;0.0104858;0.000197104;0.00158194;0.000317725;0.405643;0.000334933;0.477436
0.000263742;0.725201;1.37424e-06;4.90516e-06;1.60286e-07;1.23013e-06;9.68606e-07;0.000124559;4.4257e-06;2.01829e-07;0.000434488;0.0849182;0.189042;2.1568e-06
7.99206e-08;0.99987;2.89196e-06;7.8026e-08;1.67061e-09;2.00555e-10;1.0033e-05;2.04211e-08;8.57591e-10;7.48301e-06;3.43056e-10;2.87833e-09;8.85304e-08;0.000109231
3.48054e-09;6.33624e-08;0.999998;1.16087e-07;1.13704e-09;8.99915e-09;4.07056e-09;9.04257e-07;1.03034e-08;5.40139e-09;4.54322e-08;5.31947e-07;1.61017e-08;1.1055e-10
