2.11221e-08;1.59205e-07;1.65189e-12;4.19656e-12;1.76597e-09;4.35081e-11;3.82828e-11;1;2.32989e-09;8.37955e-12;1.65839e-11;2.34834e-10;2.05436e-07;1.04871e-10
5.77669e-07;4.08403e-05;2.048e-06;0.000292737;0.523362;0.0021669;1.23865e-07;0.000235033;1.62307e-05;4.16266e-06;1.08413e-05;0.0341005;1.46274e-05;0.439754
2.51377e-05;0.969185;0.0194773;0.00065513;7.68258e-06;1.46192e-05;6.08798e-06;5.54357e-06;8.06606e-06;4.45681e-06;0.000151697;7.83765e-07;0.0103433;0.000115012
3.72921e-06;0.0590849;0.00453698;1.52052e-06;2.07833e-06;2.93129e-08;1.33015e-07;3.50171e-06;7.86519e-08;1.97144e-08;1.26034e-06;0.936131;0.000226376;8.20954e-06
6.441e-05;0.825797;2.8714e-05;3.11511e-06;0.000225896;0.000524673;0.00532008;0.00280297;3.33937e-06;0.00011531;4.52905e-05;1.10454e-08;0.164989;8.00288e-05
3.23281e-10;1.07739e-10;1;1.84147e-10;9.50192e-11;2.12244e-10;3.09337e-10;1.09449e-11;1.84135e-11;9.38376e-11;2.16505e-10;1.64321e-07;1.68801e-10;3.31407e-11
3.26224e-06;0.000287046;0.0040927;1.37216e-05;7.45374e-05;2.21053e-05;1.56268e-06;0.00161969;0.000189521;5.17083e-07;2.42785e-05;0.993528;4.51764e-05;9.81354e-05
2.56773e-05;0.734861;1.38027e-06;4.25803e-06;0.000375684;0.00649498;1.76479e-06;0.013003;7.55085e-06;2.56434e-05;1.0783e-05;4.34197e-05;0.243895;0.00125027
1.9523e-05;0.00518987;0.00111753;6.00503e-05;0.010156;0.000229861;6.48651e-07;0.0156235;4.17941e-05;1.03548e-06;0.000319261;0.962671;0.00449123;7.8242e-05
1.58162e-05;0.0147686;6.52553e-10;7.64436e-06;0.0117687;0.000432327;1.02807e-09;0.640235;5.94434e-06;1.49996e-08;6.56284e-07;7.22023e-05;0.332591;0.000102351
4.1423e-05;0.051143;3.84678e-08;2.88532e-07;0.000198678;8.93716e-07;2.69756e-09;0.937686;3.12932e-07;7.47947e-08;5.42144e-09;0.00853606;0.00195395;0.000439411
3.77647e-06;0.708907;0.248157;1.97801e-05;0.00129442;9.76154e-06;3.72017e-09;4.86751e-06;3.56739e-10;7.07034e-06;3.57811e-08;7.16452e-06;0.0414741;0.000115025
2.82946e-07;0.999338;7.82571e-09;9.48918e-10;1.49691e-08;6.13672e-11;3.36941e-06;5.91651e-08;8.19832e-10;5.3247e-07;8.07092e-10;2.78923e-07;4.96615e-09;0.000657195
8.25825e-12;2.6087e-11;1;1.34012e-11;2.18685e-09;3.58253e-11;1.14695e-10;3.16358e-13;8.45594e-14;8.81335e-11;4.33332e-13;1.60611e-08;1.71647e-15;6.38536e-08
1.15719e-05;0.000762866;7.7727e-07;8.11092e-07;0.000533641;0.00192112;4.63619e-06;0.989282;6.22975e-05;6.51706e-07;4.43756e-06;8.52083e-05;0.0031471;0.00418242
2.91773e-05;0.0107583;8.87251e-06;6.13023e-06;3.7835e-06;6.94276e-05;1.93339e-06;0.0621314;2.45753e-05;1.05576e-07;4.28387e-05;0.00251478;0.923894;0.000515044
3.69566e-07;2.3847e-05;4.04974e-07;1.25319e-07;6.76105e-08;5.37276e-07;1.6892e-09;9.86885e-06;1.03067e-06;6.47549e-09;1.90564e-07;0.999761;0.000200931;1.59836e-06
2.14199e-08;0.996448;7.01301e-11;1.46175e-10;2.65342e-12;4.74601e-11;4.62047e-09;4.85219e-08;5.37889e-09;5.59622e-11;8.14568e-10;1.04244e-05;0.00354109;2.26805e-12
3.96221e-07;7.15777e-05;6.92654e-07;0.000152774;4.60993e-05;6.16967e-06;1.46559e-09;0.00054079;5.04784e-06;1.02688e-07;6.31222e-06;0.998871;3.30755e-06;0.000295931
0.000334785;0.987642;0.000483029;0.00144577;4.66134e-05;4.1542e-05;1.67443e-05;0.00536596;3.4023e-05;6.11771e-05;0.000695804;2.05499e-05;0.00329617;0.000515791
3.64642e-05;0.000207529;1.24734e-08;1.39634e-07;1.57581e-06;7.90028e-09;3.00701e-06;0.97989;4.71409e-05;1.01869e-06;9.75518e-05;0.000265721;0.0194501;1.09253e-09
8.25014e-08;1.78656e-05;0.999903;6.68419e-06;6.47288e-06;4.0352e-06;4.54163e-08;2.21635e-07;2.43516e-08;3.45782e-05;5.871e-07;2.43854e-05;1.1155e-06;3.36823e-07
9.94921e-06;0.967184;8.27757e-05;0.000112786;1.90192e-05;4.07944e-06;9.69996e-05;0.0235137;0.00159064;3.92244e-06;0.00466569;0.000257947;0.00233452;0.000124251
