4.19507e-06;0.873823;0.125978;1.62336e-05;1.70675e-06;9.76147e-08;1.67524e-06;2.33531e-05;2.00051e-08;2.00207e-06;3.14587e-08;1.77796e-05;0.000126232;6.05411e-06
0.000127735;0.199584;5.22295e-07;0.000109299;0.000328581;0.000219018;3.69247e-05;0.692285;0.000478814;9.87678e-06;0.000846617;0.00297884;0.102945;5.04106e-05
2.03377e-05;0.765476;3.19419e-07;4.3743e-05;4.5461e-05;0.000271388;4.39459e-07;0.0123169;1.52424e-05;5.01858e-06;2.8483e-05;0.215819;0.000632459;0.00532521
0.00123581;0.918454;9.77688e-08;0.000124756;0.000450857;0.000447955;0.000234285;0.03931;0.000279344;4.37687e-05;0.000596115;1.58937e-05;0.00188362;0.0369233
0.000557899;0.822194;1.45859e-06;9.21343e-06;1.23079e-05;2.1425e-06;8.03835e-07;0.00527634;4.31756e-06;4.63964e-07;1.57743e-06;0.0236118;0.148309;1.87705e-05
0.000273937;0.115851;0.000205639;0.00076723;0.00556788;0.000212847;3.31893e-05;0.000612226;0.000132026;7.91987e-05;1.28359e-05;0.290469;0.000788183;0.584994
0.000943591;0.479045;4.12085e-06;0.000334898;0.000129952;0.000194977;0.00806207;0.130761;0.00234483;0.00010809;0.019136;0.250189;0.108168;0.000577978
2.67139e-06;0.983723;1.56178e-06;1.68422e-05;1.35275e-06;1.93079e-05;0.00169509;0.00869657;2.13585e-06;0.000120736;1.86353e-05;3.83371e-06;2.64334e-05;0.00567218
7.55708e-09;3.75932e-08;0.999996;2.90664e-08;4.52103e-10;1.49549e-09;2.90445e-07;1.92186e-10;5.74824e-08;1.43237e-09;2.8675e-07;3.54215e-06;9.15026e-10;2.23478e-11
2.36695e-06;0.000980265;0.998944;8.17617e-07;1.32669e-06;1.04764e-07;4.94377e-06;2.93285e-06;1.16961e-06;5.56339e-07;2.52512e-07;8.73957e-06;4.96638e-05;3.08495e-06
7.79398e-07;0.997613;1.42721e-11;7.4833e-09;1.83401e-06;7.14626e-09;4.85509e-07;0.000144134;9.2638e-08;9.54864e-08;6.91307e-09;2.57875e-08;1.13203e-06;0.00223803
1.18844e-06;0.000292781;0.000903525;5.40481e-07;4.41922e-05;1.85081e-05;8.73478e-08;4.15983e-07;3.73283e-09;2.14906e-07;2.99286e-08;0.998187;1.77987e-05;0.000533886
1.64486e-08;0.999639;1.62459e-10;5.76718e-10;5.38826e-09;2.75447e-09;4.88478e-05;3.87111e-05;4.19867e-09;7.79265e-08;6.92862e-10;9.21438e-12;3.94494e-08;0.000273544
1.38349e-11;2.42731e-12;1;1.80394e-12;4.66728e-12;6.97136e-12;3.46296e-11;3.89728e-12;1.13073e-11;1.09235e-12;4.39064e-12;7.37439e-09;1.68759e-11;3.58065e-13
6.79818e-08;0.999739;1.22177e-08;3.85127e-08;4.88306e-09;3.40575e-08;0.00010121;9.31307e-08;8.28391e-08;1.73509e-05;8.9187e-08;3.19984e-06;0.00013858;1.08543e-07
1.7968e-09;1.47039e-09;1;2.76465e-08;4.1635e-09;5.79677e-09;2.58489e-08;2.52415e-09;6.15102e-09;6.85035e-09;1.03096e-08;2.65812e-08;9.44828e-10;5.81284e-09
2.22585e-07;6.65185e-06;5.70365e-09;2.96797e-08;1.50677e-08;1.23059e-08;7.92858e-09;0.999939;8.56587e-06;3.88736e-10;8.06551e-07;2.25155e-08;4.45771e-05;2.73837e-09
4.26833e-05;0.193114;0.000579947;5.20241e-05;0.00100111;6.97734e-05;1.12224e-05;0.00158025;6.64862e-05;9.34441e-05;0.000802042;0.790908;0.000644937;0.0110342
1.48319e-07;0.997572;4.91031e-10;2.91496e-08;6.68901e-09;1.67744e-09;0.00219614;8.13198e-07;3.38357e-08;0.000218874;3.48174e-07;5.02128e-08;2.18542e-08;1.1303e-05
1.47006e-13;1.24406e-13;1;6.14057e-13;9.99296e-13;2.91351e-14;1.93844e-12;2.48476e-14;2.80077e-15;5.91589e-13;7.07476e-14;1.03014e-10;1.43611e-15;1.1627e-14
2.75185e-07;0.000434987;2.23614e-09;1.15181e-07;1.24484e-05;8.95226e-08;4.63816e-09;0.999494;3.66916e-07;1.10975e-08;1.58057e-07;2.82251e-06;5.47163e-05;1.03049e-07
7.33072e-07;0.000231473;0.999531;9.76936e-06;4.71477e-05;2.76947e-05;2.29849e-07;0.00010621;1.68441e-08;6.66872e-06;1.76234e-07;1.32117e-06;2.51902e-05;1.28156e-05
0.000562154;0.863096;0.000152117;0.000190793;7.08023e-06;0.000172887;0.00132264;0.00227587;0.01184;9.02664e-05;0.0142492;0.0292367;0.0766838;0.00012077
8.59245e-07;0.999866;7.44865e-06;1.39747e-08;7.5519e-10;1.78128e-09;2.99177e-06;6.82777e-06;4.496e-08;1.76959e-07;1.69369e-06;7.27177e-06;0.000106239;2.75584e-09
1.01537e-08;0.998441;1.43968e-10;1.70441e-06;1.71604e-06;7.98739e-09;1.20113e-05;3.66862e-08;6.91136e-09;0.000100658;2.74313e-08;0.000248259;1.83652e-08;0.00119433
7.12294e-06;3.51997e-06;0.999557;1.15418e-05;4.00262e-08;1.35902e-07;9.75713e-05;8.18401e-06;3.97034e-05;8.26507e-07;0.000232494;1.01673e-05;3.21106e-05;1.48019e-08
1.81568e-07;0.979939;6.73232e-11;1.7531e-06;8.66179e-08;1.974e-06;2.09198e-06;0.000284658;1.82473e-06;2.75007e-06;5.13187e-06;3.45565e-07;0.0197599;9.14512e-08
2.63579e-07;2.97331e-06;0.000118436;1.34715e-06;6.61735e-06;3.67677e-08;6.09057e-10;3.0971e-08;9.3369e-09;4.09489e-08;2.67395e-08;0.999869;2.82188e-07;5.60714e-07
0.00431827;0.00033881;2.18103e-06;5.9148e-06;4.68064e-06;1.78717e-05;0.000761951;0.192478;0.795954;1.12003e-05;0.00269312;2.52245e-05;0.00338852;3.65087e-07
2.5889e-05;0.000768485;3.68543e-09;5.34793e-08;8.99668e-07;7.98313e-07;7.21696e-08;0.995952;6.67362e-06;1.72307e-08;2.44247e-07;1.09957e-05;0.00323312;6.83032e-07
1.71528e-06;0.0223061;1.83935e-05;6.7176e-06;0.000268341;2.79964e-05;5.10881e-08;0.000255988;6.61037e-07;6.10823e-07;4.41687e-07;0.00194286;0.000771125;0.974399
0.000140249;0.0984;4.35948e-05;0.00850729;0.000887829;0.000360897;0.0041116;0.0207179;0.141834;0.000419442;0.22139;0.0262791;0.47607;0.000837674
0.000112018;0.742562;3.36191e-07;0.00585203;0.000358205;0.000831587;0.00021577;0.000103062;0.00178371;0.000817386;0.0240604;0.153444;0.0696263;0.000232692
0.00350403;0.201587;0.00182807;9.29349e-05;1.98007e-06;2.40703e-06;0.000111141;0.00211458;0.00430496;6.80886e-06;0.0227077;0.508643;0.255096;2.32095e-07
0.000429881;0.936217;2.42403e-05;0.000208521;0.00413218;0.000189484;0.000132037;0.00761536;0.00184148;0.000127737;0.00130645;0.0417717;0.00227438;0.00372938
0.000946206;0.687165;8.06689e-05;0.000124717;0.00681046;1.25564e-05;4.1425e-05;0.0503407;0.0019015;4.08174e-05;0.000862338;0.00877482;0.242118;0.000780794
1.00022e-05;0.973644;1.20247e-09;2.49354e-06;2.34043e-05;2.75474e-07;0.000153312;1.53897e-05;5.7909e-06;0.000130722;9.22966e-07;2.21078e-08;0.000149096;0.0258646
9.02132e-10;1.18636e-11;1;1.9145e-10;3.42971e-11;3.35447e-13;2.49762e-09;4.02364e-12;1.76108e-09;6.61505e-11;9.70102e-10;2.01447e-08;9.63128e-13;5.49019e-12
0.000173557;0.000768675;5.20614e-08;0.000157078;6.91389e-05;2.67329e-05;0.000646454;0.0208884;0.761594;4.91804e-06;0.213776;0.000132982;0.00036288;0.00139911
0.000674651;0.862401;4.25364e-05;1.33683e-06;1.48234e-06;2.15188e-06;2.2604e-05;0.134228;3.85054e-05;5.39384e-06;3.19735e-05;9.08099e-05;0.00123997;0.00121969
4.53719e-07;0.00589928;2.02201e-05;3.61889e-07;7.94341e-06;6.41891e-06;3.78298e-08;1.05978e-05;8.67756e-07;3.44202e-08;1.37024e-06;0.993535;0.000514824;2.41508e-06
2.10872e-05;0.83187;4.6483e-06;1.46614e-06;0.000545141;6.92422e-07;4.55858e-07;0.1464;0.000355994;4.83616e-08;5.16694e-05;0.00282498;0.0179176;6.00112e-06
2.62151e-08;0.990327;4.2131e-11;7.70321e-10;1.06727e-07;2.08158e-10;7.16814e-07;8.14078e-09;3.69134e-10;1.42571e-06;4.56093e-12;5.66837e-09;8.55168e-09;0.0096711
6.4449e-09;1.69569e-10;1;1.7194e-11;5.19269e-11;1.84013e-12;1.84762e-09;3.38162e-11;5.1947e-09;2.07114e-11;1.37283e-12;2.75496e-07;1.69487e-11;5.68747e-14
0.000138681;0.00278277;9.0841e-06;2.93078e-05;1.39448e-05;1.17042e-05;0.00373463;0.0024109;0.985622;2.85511e-06;0.000694812;0.000268298;0.00427716;3.7385e-06
7.74561e-08;1.11253e-07;4.69616e-13;2.84679e-12;4.9207e-10;3.06776e-12;7.15276e-12;1;1.17646e-07;1.77869e-12;2.09205e-11;6.11215e-12;1.59333e-07;1.14133e-12
8.82022e-08;0.00012938;5.37553e-06;6.53639e-06;0.000555297;4.86526e-05;2.53442e-11;2.00909e-06;1.57879e-07;5.10664e-08;2.69258e-08;0.000183725;2.5937e-06;0.999066
4.09294e-05;0.966451;0.000164003;1.08422e-05;2.17959e-05;2.57523e-06;4.88514e-06;0.0319722;0.000345082;5.8557e-06;0.000195599;1.38232e-05;0.000761323;9.84947e-06
5.02047e-07;0.000138782;8.24381e-08;1.01581e-05;0.193135;0.0796198;3.15968e-06;0.000137076;6.05186e-06;0.000308098;1.74573e-06;1.53326e-05;5.51958e-05;0.726569
8.96325e-05;0.994128;3.39994e-07;7.85252e-05;4.55798e-07;1.16695e-07;8.85414e-07;3.09447e-05;0.000140427;2.62217e-07;0.000109837;0.00539004;3.0684e-05;1.5988e-07
3.27333e-07;0.999994;5.04847e-09;1.20744e-08;5.37328e-10;1.06004e-10;4.21597e-10;3.78652e-06;3.81734e-09;3.76254e-09;1.31641e-10;6.36296e-08;1.55754e-06;2.93276e-08
6.08112e-07;6.19338e-05;1.47239e-10;4.95943e-06;0.00541129;3.27746e-07;1.95465e-09;0.994451;3.7048e-08;8.1955e-06;1.1923e-08;3.12787e-05;2.67019e-06;2.76136e-05
1.95233e-06;2.46354e-07;0.998918;0.00092851;3.50139e-06;7.46583e-06;4.55474e-07;1.59987e-07;7.6395e-07;1.33815e-05;6.43644e-05;6.15493e-05;8.79536e-08;1.04405e-09
3.63941e-05;2.02385e-06;4.36746e-09;9.14907e-05;3.21143e-09;1.42741e-07;3.14577e-05;5.15665e-06;0.0387283;1.7069e-07;0.960138;2.71282e-06;0.000963723;2.03704e-09
8.0439e-05;0.999667;6.33809e-07;7.97405e-07;3.90223e-09;1.31902e-09;2.1966e-07;1.35723e-05;3.5824e-07;2.10424e-07;7.5102e-06;8.32201e-05;0.000145918;5.90767e-08
6.21769e-07;0.000184649;1.05217e-07;9.11614e-06;0.000894276;2.98799e-07;9.51718e-10;0.998863;7.34088e-08;4.98116e-06;1.79058e-08;2.26717e-06;7.62683e-06;3.33033e-05
2.21682e-06;1.93909e-05;0.999163;0.000367437;1.12594e-06;7.16679e-06;4.12638e-07;5.31075e-08;5.06818e-06;0.000252546;0.000153664;2.6559e-05;6.68405e-07;4.16859e-07
0.00041232;0.000153347;7.38312e-06;3.09316e-05;4.01079e-06;4.94739e-06;0.000237992;0.000627358;0.0334249;2.35794e-05;0.964111;0.000597272;0.000364654;1.06154e-07
