2.19972e-06;0.999924;1.10034e-06;2.37186e-06;1.22675e-07;1.6586e-09;4.02469e-08;6.91479e-06;2.5245e-08;1.03071e-07;4.8814e-08;4.87781e-06;5.82697e-05;2.36095e-07
8.97701e-07;0.99996;6.55472e-09;1.28163e-08;1.20123e-09;1.24595e-09;8.75067e-06;1.21332e-05;4.92396e-09;3.70311e-06;6.49272e-09;6.32128e-09;3.70791e-07;1.41046e-05
3.10097e-10;3.20543e-11;0.999996;4.00122e-10;6.44513e-10;1.22391e-10;1.44445e-10;1.59266e-12;2.09892e-10;2.1211e-10;3.3657e-10;3.83812e-06;1.00759e-13;1.4426e-10
4.47544e-08;0.999963;1.61993e-13;7.4958e-10;2.92634e-09;6.11893e-11;2.63671e-05;2.05697e-06;2.44056e-09;7.69857e-07;7.36712e-09;3.22504e-12;3.71385e-06;4.07175e-06
3.49614e-10;4.85996e-11;0.999999;9.20811e-10;2.22573e-09;9.00299e-10;9.49366e-09;3.86423e-12;7.14504e-11;2.42427e-08;8.80872e-11;7.4434e-07;9.72142e-11;1.52887e-09
3.668e-06;0.956678;3.25369e-05;8.37714e-05;2.51117e-05;5.22595e-05;0.00138608;0.000570658;8.65811e-05;3.87682e-06;0.000119196;1.8226e-05;0.0405088;0.000431437
9.54176e-06;0.958577;9.67793e-07;1.36387e-05;7.46691e-05;0.000264679;8.27113e-07;0.0357894;1.62187e-06;4.85548e-05;1.5723e-06;1.8298e-05;0.00343447;0.00176502
7.32845e-06;0.00766017;4.07503e-07;3.18268e-05;5.07567e-05;0.000117214;3.57737e-07;0.00199196;3.02449e-06;4.53574e-06;0.000123457;0.000201392;0.989798;9.55747e-06
9.5623e-05;0.996909;1.13597e-05;1.27169e-06;8.66171e-08;5.64188e-08;5.15208e-06;0.000725626;6.97913e-05;5.81737e-07;0.000217137;0.00172196;0.000241515;3.09275e-07
2.96648e-07;0.998165;1.33261e-10;5.18799e-06;0.00011398;1.40049e-07;5.59103e-08;0.00159687;8.20454e-08;2.20321e-06;6.61217e-08;7.9934e-05;1.39154e-07;3.62944e-05
3.67039e-05;0.00149296;0.00204851;0.00272154;0.00122042;0.00860837;2.06677e-06;4.52676e-05;6.78568e-07;0.000805871;0.000196352;0.979467;0.000874289;0.00247969
6.29943e-06;3.67947e-05;3.79434e-10;1.62158e-06;6.006e-06;7.46619e-07;2.04266e-07;0.998404;2.54456e-06;7.40609e-09;0.000336563;1.13327e-06;0.00120326;1.24411e-06
4.04421e-05;0.00237846;6.12255e-06;1.02279e-05;8.21835e-06;2.51917e-06;5.01598e-07;0.00110404;2.37443e-05;2.65225e-07;0.000296707;0.992904;0.00320882;1.54946e-05
4.48904e-06;0.00396325;1.92974e-07;2.76827e-08;1.69668e-06;5.76287e-08;8.89179e-09;0.995945;5.09619e-08;7.13075e-08;6.32821e-08;1.92209e-06;8.14351e-05;1.63398e-06
1.16555e-08;0.000403417;4.8232e-06;7.98233e-08;1.85504e-06;2.42436e-07;1.18338e-10;3.34447e-06;6.66081e-10;4.2647e-09;1.01688e-07;0.999573;4.13641e-06;8.61176e-06
2.57357e-05;0.110641;4.75485e-05;2.20215e-05;2.08062e-05;1.73822e-05;8.82429e-05;0.330963;4.62182e-05;2.67273e-06;0.00179928;1.28911e-05;0.556112;0.000200809
5.98991e-06;0.000462988;8.68172e-05;5.35101e-06;5.40079e-05;8.5425e-07;2.97443e-08;0.000137837;5.03505e-06;4.04617e-08;7.45874e-05;0.999078;8.57557e-05;2.90321e-06
0.000160667;0.997665;2.02889e-08;6.27635e-08;9.35375e-08;6.64732e-09;0.00186064;2.34408e-05;2.89783e-05;0.000160866;2.49745e-07;9.83793e-09;8.36982e-07;9.96361e-05
2.32886e-08;2.70739e-11;1;9.77447e-11;3.37128e-11;3.35551e-12;2.61014e-09;1.09305e-10;4.75485e-08;2.18423e-10;8.46422e-10;3.86039e-07;2.67575e-11;6.04572e-13
0.000164022;0.00417198;3.29686e-06;0.000390773;0.000653653;2.6337e-05;0.000565238;0.0176399;0.954372;1.14719e-05;0.0178593;3.41622e-05;0.00345145;0.000655946
1.54982e-05;1.70636e-05;4.80174e-08;1.64122e-08;1.67895e-07;3.6138e-10;3.64547e-08;0.999732;0.000230897;1.8989e-09;7.31194e-07;4.34694e-07;2.95203e-06;9.89796e-10
6.43852e-06;0.11615;6.91861e-08;9.41334e-06;0.00028991;0.000147954;5.88227e-06;0.000528844;1.27541e-06;0.000494385;7.75617e-08;1.98281e-07;1.21466e-05;0.882354
5.56383e-07;1.8152e-09;0.999957;1.07592e-07;1.36973e-08;2.53529e-09;7.53253e-08;3.96173e-10;1.45361e-06;9.36289e-09;5.73917e-07;4.02105e-05;5.54259e-10;3.35608e-08
0.000568275;0.0811545;0.0699549;0.000382082;0.00118184;0.00554468;8.46092e-05;0.806402;0.000614707;0.000121682;0.000101853;0.0250827;0.00738566;0.00142033
1.80467e-05;0.862083;6.53634e-07;0.000110706;0.0016815;0.0104418;2.37979e-06;0.000268908;2.35637e-05;4.27258e-06;0.000191139;0.00981974;0.0982082;0.0171465
1.09639e-05;0.00178247;7.21731e-05;3.02927e-06;2.4803e-05;1.04743e-06;1.05539e-06;0.13531;2.20055e-05;1.16118e-07;0.000155155;0.862364;0.000252891;4.60635e-07
7.47189e-05;0.875127;8.2144e-07;0.0011607;0.0314854;0.00194942;1.00103e-06;0.0601772;0.00047396;2.05322e-06;2.06961e-05;0.000364737;0.0280788;0.00108326
0.00129144;0.700106;5.97761e-07;4.37817e-05;1.10302e-05;1.53888e-05;3.76916e-06;0.233223;0.0023115;1.54578e-06;2.83074e-05;0.0128847;0.0500175;6.05122e-05
0.000107079;0.978621;2.12836e-06;6.13366e-07;2.24976e-05;7.55795e-06;1.24849e-07;0.0105845;1.53051e-07;8.73119e-06;5.24391e-08;0.000172581;0.00252369;0.00794983
4.91128e-08;0.000509927;1.08815e-07;2.22646e-07;5.50379e-05;3.27856e-07;2.69677e-09;3.74324e-06;3.21356e-08;4.76179e-08;1.10925e-07;0.999421;6.29844e-07;9.21148e-06
6.28004e-07;0.00978439;2.59668e-05;9.19071e-08;1.09741e-06;4.29493e-08;4.24261e-08;9.74641e-07;5.28031e-09;1.41733e-08;2.10779e-07;8.16346e-06;0.990178;1.93445e-08
1.57626e-07;9.78006e-05;3.59905e-07;4.47597e-07;3.5024e-06;5.30925e-07;7.02423e-08;1.55256e-05;1.77335e-05;8.05206e-09;2.50375e-05;0.999499;0.000325118;1.43488e-05
1.07455e-05;0.0472492;1.73106e-06;2.97777e-07;7.11543e-05;7.94574e-06;1.11192e-07;0.952044;8.94918e-08;1.9172e-07;2.62282e-08;9.5283e-08;0.000599486;1.47011e-05
8.04512e-05;0.0950649;1.40276e-06;1.1922e-05;0.000335692;2.49838e-05;3.52382e-07;0.00640269;8.40421e-05;2.2747e-07;1.00378e-05;0.124792;0.758152;0.0150391
5.58794e-07;0.00561872;6.29866e-08;1.73896e-07;0.000146637;0.000250609;4.75919e-07;0.993302;3.61472e-06;1.97957e-06;5.69907e-07;6.42432e-08;0.000667107;7.53751e-06
8.17595e-10;7.53213e-10;1;4.18448e-10;2.34935e-11;1.57024e-11;2.67996e-09;4.0931e-10;2.74565e-10;4.22723e-10;2.47949e-09;1.75191e-07;2.22422e-11;1.9827e-12
2.34724e-07;7.66854e-05;6.48877e-05;3.52641e-07;5.40575e-07;7.55387e-08;4.23435e-07;6.35533e-05;1.12555e-05;2.38019e-08;4.76111e-06;0.999776;1.08875e-06;3.46512e-07
2.83165e-06;1.9058e-06;0.997105;3.10174e-07;0.000249427;0.00013559;3.0086e-07;1.19125e-07;1.54422e-06;3.02757e-07;3.31154e-07;2.1613e-07;5.45221e-06;0.00249689
1.80758e-06;0.00588223;5.17987e-06;7.17302e-10;2.32629e-05;4.95343e-08;1.10489e-10;0.994035;1.4346e-08;1.77618e-10;1.87245e-09;3.3448e-05;1.50359e-05;3.85876e-06
1.0197e-08;0.99957;6.55885e-10;6.38799e-09;1.27645e-07;1.02039e-09;1.19623e-08;3.3418e-05;4.87548e-09;1.21042e-08;1.25863e-10;1.08072e-05;2.03172e-06;0.000383535
6.44749e-06;0.00161875;2.67267e-05;6.4521e-06;1.96519e-05;9.33583e-07;4.67324e-06;0.997045;2.2919e-05;1.43417e-07;4.96538e-07;1.14431e-07;0.00124712;3.45369e-07
5.08018e-05;0.458368;6.48975e-07;2.08649e-05;9.93246e-06;2.44285e-06;3.03126e-07;0.26595;9.3193e-06;2.28231e-06;8.14158e-06;0.0165983;0.258964;1.46301e-05
0.000249366;0.734281;0.000468081;3.41093e-06;0.000865366;9.89922e-06;2.3171e-06;0.15032;1.11324e-07;8.94421e-05;4.12052e-07;0.0262124;0.000653589;0.0868437
3.96756e-06;0.0622211;6.23287e-05;3.11248e-05;0.00212014;0.000429159;1.6508e-05;0.00198966;2.3715e-06;1.07729e-05;1.4513e-05;0.905325;0.0112908;0.0164824
3.73185e-05;0.0102606;3.2187e-07;8.78977e-06;0.000136378;3.42967e-06;8.01091e-06;0.00671141;4.08989e-05;3.00479e-07;0.000620282;3.79897e-05;0.982134;5.04156e-07
5.23848e-06;0.999927;1.73235e-05;1.09833e-06;1.09017e-07;1.7574e-09;1.01534e-07;1.68122e-06;8.38291e-07;1.9278e-08;1.71081e-07;3.84047e-05;2.02124e-06;6.24069e-06
1.79716e-05;0.184265;1.35069e-07;2.7133e-08;1.11328e-06;1.29349e-07;5.97972e-08;0.814086;1.68579e-07;9.87679e-08;4.94885e-08;5.62816e-07;0.0016282;2.58129e-07
8.22614e-08;0.00152503;8.13937e-06;5.70958e-07;2.03153e-05;3.32502e-05;5.29047e-09;1.87174e-05;1.73067e-08;2.06363e-07;8.00059e-07;0.997972;1.65029e-05;0.000404556
2.98407e-07;0.996933;3.42097e-09;7.67416e-08;8.25413e-09;1.21785e-08;0.00302717;2.21054e-08;4.79932e-08;3.13355e-05;4.91839e-06;2.11521e-09;1.61877e-06;1.28044e-06
3.91687e-08;3.26512e-08;0.999992;7.34715e-08;1.66312e-09;2.46751e-09;9.57191e-08;1.26845e-08;1.78188e-07;1.62592e-09;5.75546e-08;7.93651e-06;4.84294e-09;1.48003e-09
6.76948e-06;0.0849273;4.70706e-09;2.12767e-06;5.0281e-05;4.83122e-08;1.85389e-06;0.914921;2.65918e-05;2.80432e-07;1.62643e-05;2.42233e-05;8.01583e-06;1.55959e-05
3.66305e-05;0.107211;0.849643;0.000267849;0.00108181;0.000140018;1.14101e-05;3.56841e-06;6.54547e-07;7.78306e-05;4.67245e-05;0.00865867;0.0326823;0.00013862
0.000128971;0.155419;0.000132576;1.84194e-05;0.00855523;0.00117759;1.41487e-05;0.10653;1.0927e-05;1.33754e-05;0.000823622;0.696511;0.029603;0.00106212
0.00112692;0.526711;2.18323e-06;0.00304267;0.099605;0.0154858;5.47788e-05;0.0229448;0.000373854;0.000141357;0.0142316;0.0822264;0.22614;0.00791402
0.0429172;0.301797;0.500648;9.84035e-05;0.000615683;7.4265e-06;7.22406e-06;0.0101849;8.03583e-05;1.68376e-05;1.80377e-05;0.000101806;0.143439;6.88622e-05
0.000328846;0.814472;2.71561e-05;4.12756e-05;3.82281e-05;3.15231e-05;2.72178e-06;0.165264;0.00288956;7.44024e-06;0.00147539;0.00337865;0.0119542;8.968e-05
3.81039e-07;0.000526466;1.37369e-06;1.13252e-05;0.0384737;0.920961;1.17622e-06;0.00952673;1.20328e-06;0.000602709;8.16127e-06;3.52319e-05;0.00189549;0.0279547
2.2798e-05;0.99302;6.9713e-09;3.32833e-05;5.21898e-07;2.28656e-05;2.80471e-05;0.000167904;1.14119e-05;9.78956e-06;0.000499119;2.75404e-05;0.00615624;6.67457e-07
4.77334e-07;0.999979;4.19082e-07;4.84134e-09;1.04907e-11;5.72591e-12;4.52518e-08;8.16001e-07;6.42848e-09;1.37961e-08;7.04633e-08;1.13844e-05;7.40193e-06;2.65141e-11
1.71331e-07;0.99811;5.67979e-11;1.00841e-05;1.14093e-05;8.74398e-09;5.49774e-05;6.01945e-07;2.45567e-07;0.000199257;3.87945e-07;0.00137456;7.68335e-08;0.000238667
8.6512e-07;4.31756e-06;0.999956;1.724e-06;3.0274e-09;1.34433e-07;1.06818e-05;5.39952e-06;1.12367e-06;1.12942e-07;1.69886e-05;2.24779e-07;2.69278e-06;4.63354e-11
5.32748e-08;0.000184157;1.90077e-09;3.70357e-07;2.93116e-06;2.11203e-06;4.69129e-08;0.000209668;3.62882e-08;1.18762e-08;7.83335e-06;1.0751e-07;0.999593;1.12136e-07
1.87652e-05;2.20572e-06;5.56021e-06;0.000263611;0.996741;0.000633018;4.2694e-09;1.89656e-05;1.17971e-06;5.5726e-06;2.88747e-06;3.55808e-05;4.4924e-05;0.00222647
0.00346416;0.926945;1.14796e-08;2.09967e-07;7.93798e-05;3.06757e-08;1.08014e-06;0.0692923;0.000213783;4.13078e-07;3.02787e-07;1.19966e-08;1.48766e-06;2.02463e-06
0.00158585;0.00624619;0.0485049;0.000229543;0.0156661;0.000528586;1.0344e-06;0.00556457;3.34358e-05;0.000221494;1.97243e-06;0.92087;0.000129661;0.0004166
0.000132451;1.29156e-05;7.99333e-09;1.97492e-06;1.98204e-08;2.38585e-08;0.000360375;2.89875e-05;0.997705;2.3091e-07;0.00174865;6.45808e-07;8.89701e-06;1.1668e-08
0.000143341;0.998634;6.72147e-06;1.00401e-05;3.24812e-07;3.70443e-08;2.56314e-06;0.000214786;0.000602425;6.68027e-07;5.79289e-06;2.38749e-05;0.000355483;1.41145e-07
3.8116e-07;4.26138e-05;1.55034e-10;1.45286e-07;0.000129535;2.35898e-09;5.20802e-10;0.999822;1.22853e-07;9.71531e-07;3.85795e-09;1.80394e-06;6.56382e-09;2.5218e-06
9.86275e-08;2.22265e-07;0.999993;2.83843e-06;5.21387e-08;8.74332e-09;5.22098e-09;1.21741e-09;1.13031e-08;1.63201e-06;5.53857e-07;1.41066e-06;2.78272e-08;1.65561e-09
0.00039384;0.00366813;6.02131e-06;7.75328e-05;1.727e-05;0.000182411;0.000107893;0.025827;0.0818206;1.62739e-05;0.858869;7.55481e-06;0.0290047;1.28513e-06
