6.69842e-08;0.999832;3.43434e-07;1.81437e-08;1.6797e-08;3.13779e-09;5.30816e-06;1.12276e-10;1.14424e-10;0.000148606;9.69594e-10;6.05041e-09;5.87769e-09;1.32569e-05
2.15709e-10;3.93895e-11;1;6.71726e-12;8.18811e-12;4.25081e-12;2.58512e-10;5.2084e-11;2.67326e-11;1.91155e-12;8.40114e-11;6.57624e-08;1.40844e-12;6.68209e-12
3.19761e-09;0.999972;3.8662e-12;1.82317e-11;1.4626e-09;8.90928e-11;1.78759e-07;8.5494e-07;1.5497e-09;3.03746e-10;2.22201e-09;4.73677e-08;2.67446e-05;1.18275e-11
1.62118e-07;4.10011e-05;7.0828e-05;2.32004e-06;0.000659291;0.996738;4.39524e-09;2.19779e-05;5.11676e-08;7.01648e-07;1.60295e-07;0.000320972;9.05855e-05;0.00205432
6.26014e-07;0.999656;6.48477e-09;2.24174e-09;3.48837e-09;2.09414e-06;5.12236e-06;0.000123285;9.75727e-10;1.06652e-07;4.53816e-09;2.57009e-07;0.000193465;1.94019e-05
7.82005e-11;7.36502e-10;1;1.82212e-11;2.16899e-12;1.22149e-10;4.315e-08;8.00489e-12;9.76762e-12;8.79562e-10;6.68746e-12;9.17264e-13;3.7892e-10;4.96248e-13
2.77471e-10;3.46005e-09;1;1.93668e-09;1.86079e-10;7.54391e-10;1.29735e-09;2.86768e-10;9.43512e-10;1.53734e-10;1.09593e-09;2.88878e-07;1.02214e-08;6.26856e-11
1.79389e-08;0.000120063;0.977706;3.43607e-07;9.88444e-07;6.72958e-06;2.89229e-08;6.18104e-05;1.15512e-09;3.80258e-08;1.37137e-08;0.0220754;4.41587e-06;2.38369e-05
2.82169e-08;0.000655757;3.56099e-06;7.37116e-05;0.0329657;0.176018;6.07711e-08;2.23458e-05;5.68445e-08;5.48616e-07;1.20269e-05;2.76186e-05;0.000325223;0.789896
1.78997e-07;0.00746832;1.92407e-07;4.41785e-07;0.00117162;0.000142688;1.49738e-09;0.98887;2.68827e-08;1.34882e-08;7.14275e-06;6.62122e-05;0.00226948;3.47252e-06
2.45397e-07;0.00405648;0.00109729;7.1343e-05;0.0473257;0.890797;8.85057e-09;3.9916e-05;8.81903e-11;2.01726e-06;2.91487e-08;8.84634e-05;0.0478528;0.00866896
3.99995e-05;0.0664117;0.00392868;6.32422e-07;1.16024e-05;1.43554e-05;1.60009e-07;0.0222339;9.01012e-07;3.13847e-08;1.605e-06;0.00059808;0.906758;3.79106e-08
2.52579e-05;0.902932;0.0101668;0.00021399;0.000877809;0.00473992;3.00787e-06;0.00673001;9.47729e-06;7.22952e-05;1.05238e-05;0.0272541;0.0443803;0.00258416
0.000172048;0.45238;0.000412159;0.000358846;0.0802057;0.00568144;0.00037002;0.181007;0.000939409;0.000282585;0.00502735;0.21955;0.0507227;0.00289127
4.5091e-06;0.957352;4.07691e-09;1.7353e-06;4.05748e-06;3.88054e-06;0.000155718;0.00559517;9.08681e-08;3.91263e-05;7.18284e-06;1.62135e-05;0.0367754;4.48151e-05
6.62698e-08;1.49819e-07;0.999978;4.47872e-07;7.64909e-08;7.71521e-08;5.47837e-07;1.0779e-08;1.18525e-08;4.12594e-07;2.08299e-07;1.66382e-05;3.65777e-06;6.76608e-09
5.76526e-07;3.71093e-06;0.993818;4.90787e-06;1.92048e-05;3.94848e-07;1.76283e-07;0.00520913;6.31375e-07;3.47307e-08;5.36015e-07;0.000939778;2.54094e-06;4.25714e-07
1.98026e-08;5.61284e-05;3.41137e-05;1.19192e-06;0.00020625;0.00352118;6.21346e-10;1.84008e-05;7.6086e-09;7.38281e-07;6.09355e-09;4.1363e-06;2.84687e-07;0.996158
4.2058e-05;0.00316594;4.43584e-08;7.30456e-05;0.000358918;0.000335377;1.14103e-06;0.472838;7.26386e-05;7.27749e-07;0.00620768;7.06674e-05;0.516755;7.87995e-05
1.68487e-06;0.999828;2.14763e-05;3.53334e-06;4.18281e-07;7.42787e-08;1.47828e-08;1.07917e-05;3.23138e-08;2.71479e-08;1.33261e-07;6.00957e-06;0.000103588;2.45092e-05
6.41552e-07;0.99712;2.64655e-08;8.68904e-09;1.13886e-07;7.61105e-09;3.73525e-08;0.00277299;1.64053e-09;3.65292e-08;8.27994e-09;4.75764e-07;0.000101142;4.4273e-06
8.73172e-06;0.49542;9.96957e-05;5.93266e-05;0.00880816;5.70051e-05;5.115e-05;0.487989;6.87424e-05;7.61668e-05;0.000166173;0.00646971;3.69965e-05;0.000689235
2.38325e-10;8.75466e-08;1;6.15931e-11;9.96384e-11;4.34667e-12;4.46067e-09;1.03751e-09;9.72522e-11;3.98828e-11;1.50971e-10;3.37473e-09;3.39891e-10;5.11863e-13
2.65002e-05;0.000370084;0.000274855;2.21423e-06;0.000868255;6.42497e-06;4.53167e-06;0.00021647;0.00012066;1.30116e-05;8.49711e-06;0.0178949;0.000101507;0.980092
2.16975e-06;0.915019;1.30847e-08;1.08695e-08;4.01604e-05;1.139e-07;2.04688e-07;0.0847653;1.59016e-06;1.14183e-07;3.68452e-08;6.25007e-05;0.000101708;6.98172e-06
2.95206e-06;0.977029;2.63407e-08;2.2118e-07;3.81713e-05;3.0188e-06;7.35125e-07;0.000416149;1.66021e-07;8.61512e-07;2.8932e-07;0.00924442;0.0132315;3.24101e-05
1.27823e-05;0.975591;9.16225e-10;1.39553e-05;5.74718e-07;7.21145e-08;8.9173e-06;0.000304009;4.35112e-05;4.18114e-07;4.46377e-06;0.00063472;0.0233605;2.51997e-05
4.40412e-05;0.00253032;2.17188e-05;1.04252e-06;5.99296e-05;7.12755e-08;3.8006e-09;0.988161;3.16908e-08;1.91356e-07;2.05703e-09;0.00916262;1.57576e-05;3.34226e-06
1.31574e-06;0.990483;9.45606e-06;7.14566e-06;4.43218e-05;0.000194515;5.89888e-06;0.00523624;1.67435e-06;4.33699e-06;7.66882e-07;0.000276093;0.00270844;0.00102683
2.45693e-10;2.03511e-10;1;7.13815e-10;6.86391e-12;2.69553e-11;2.39627e-10;3.53332e-10;2.57886e-10;4.04943e-11;1.95173e-09;1.8836e-08;7.25555e-10;6.71099e-13
3.93181e-08;4.85399e-06;8.62869e-05;7.40393e-07;3.99611e-07;5.99366e-07;3.16451e-09;8.52749e-06;1.61709e-06;3.1612e-09;5.59837e-07;0.999883;9.65843e-07;1.19385e-05
3.70762e-06;0.000128794;5.022e-07;9.78832e-08;7.78397e-07;1.51941e-05;9.19861e-09;1.5761e-05;7.26781e-07;7.63511e-09;1.36572e-07;1.21186e-08;0.999834;1.80601e-07
3.45518e-07;1.87432e-05;1.40594e-07;3.10021e-08;7.94877e-06;2.71334e-09;5.41209e-12;2.71994e-06;9.97814e-08;1.26372e-10;8.91412e-08;0.999966;1.40194e-07;3.63952e-06
2.65739e-06;1.92728e-05;4.2099e-06;5.45457e-09;6.02967e-05;3.16893e-09;1.02021e-11;0.999911;7.65228e-09;5.43398e-10;2.54909e-11;3.00825e-09;2.72846e-07;2.24942e-06
3.39164e-08;0.000183167;5.05931e-10;2.95278e-09;1.74474e-05;8.5573e-10;5.23788e-12;0.999793;3.48843e-08;2.65494e-10;1.18028e-10;2.23328e-07;5.68577e-06;2.62082e-10
1.6632e-08;1.84763e-06;0.999992;2.2053e-07;1.75313e-06;2.87868e-07;3.24023e-11;1.57448e-07;7.20529e-11;4.67479e-07;2.49346e-10;3.06422e-06;5.715e-07;5.30968e-09
1.38394e-06;0.990242;0.000183112;4.17762e-06;8.17422e-07;9.5104e-08;8.23397e-07;0.00881723;2.63942e-05;1.83926e-07;1.99823e-05;0.000429038;0.00027088;3.70017e-06
