2.18038e-06;0.999882;7.82589e-06;2.22603e-05;1.8022e-06;4.9154e-08;1.63596e-07;2.24598e-05;1.67365e-07;2.69593e-07;2.52692e-07;5.12991e-05;6.75353e-06;2.72246e-06
2.06432e-06;4.02165e-05;1.43595e-09;2.33438e-08;3.74901e-08;1.48352e-08;1.34407e-08;0.999952;1.60681e-06;5.85662e-09;1.18208e-07;3.98291e-10;3.39622e-06;1.68444e-07
9.91092e-06;0.995655;2.19525e-05;4.4437e-06;2.34321e-06;1.70025e-07;0.000285201;0.00275269;7.15545e-06;2.06127e-05;1.52477e-06;0.0011611;2.52794e-05;5.25159e-05
4.01145e-11;1.09858e-10;1;4.86828e-12;5.9261e-13;5.75021e-14;6.96245e-11;6.31006e-12;5.41449e-12;4.45163e-13;1.86781e-11;9.19136e-10;1.65707e-11;3.71079e-14
1.89138e-06;0.938686;9.81586e-06;2.83446e-06;1.24279e-05;1.36492e-06;8.09476e-07;0.00118617;6.69341e-06;2.94122e-07;9.08425e-06;0.0329685;0.0232401;0.00387363
3.57274e-06;0.368133;0.000143709;3.15221e-05;0.00622378;9.76676e-05;2.78961e-08;0.596886;4.89263e-07;9.08554e-06;2.17608e-07;0.00704309;0.000102611;0.0213256
2.04129e-06;0.0164192;8.75356e-08;1.61896e-06;1.85441e-07;4.42252e-05;4.09004e-06;1.40452e-06;1.23139e-06;3.45411e-06;8.51152e-05;0.00208936;0.981347;1.13555e-06
4.87821e-07;0.000172327;0.999004;1.99833e-05;6.05782e-07;3.32716e-07;8.44385e-06;6.36445e-08;5.07823e-09;0.000224223;7.39947e-07;0.000565545;4.46189e-07;2.20736e-06
5.92866e-08;2.09343e-07;0.999973;3.7134e-07;1.72703e-09;3.9727e-09;1.87795e-06;2.74831e-09;1.02053e-07;5.23719e-08;2.15904e-05;1.65759e-06;6.61077e-07;1.60312e-09
2.73673e-06;0.993078;1.25791e-07;4.3271e-07;7.40644e-09;2.01556e-08;0.00567047;0.000188247;4.13864e-07;0.000586177;1.58543e-05;6.77036e-08;4.18306e-05;0.000415382
9.29441e-11;2.6766e-10;1;4.82193e-09;4.13205e-11;2.89876e-10;3.19673e-09;1.56641e-12;5.87766e-10;1.65254e-09;1.66519e-08;1.45834e-07;2.01568e-12;3.59758e-09
7.9935e-07;0.116155;2.60189e-09;2.55567e-09;7.74569e-10;8.74629e-10;2.11129e-05;1.14567e-05;3.7565e-07;8.81756e-09;9.04724e-07;6.44635e-08;0.883811;7.46565e-11
1.88733e-08;0.00273281;3.8446e-05;3.49356e-07;1.35931e-06;1.03746e-05;9.76905e-10;2.24673e-05;2.01889e-08;2.07418e-08;4.92517e-08;0.99708;8.44726e-05;2.98003e-05
9.31665e-07;0.0745665;4.36203e-06;9.28604e-06;0.000991895;3.1455e-05;1.87721e-07;0.91911;4.08669e-07;1.22599e-06;3.07901e-06;8.01542e-06;0.00341908;0.00185355
1.86956e-06;0.619929;3.04624e-09;9.62108e-05;1.74888e-06;8.04387e-06;1.90522e-07;6.29098e-05;1.03699e-05;4.32917e-07;2.19475e-05;0.376038;0.00379568;3.39501e-05
0.000239653;0.000174973;1.38384e-07;2.83514e-07;1.08939e-08;1.37695e-08;1.26706e-06;0.99908;0.000446797;6.07043e-08;5.68047e-06;1.37682e-06;4.98906e-05;7.23942e-10
2.19291e-07;0.999661;2.41384e-09;4.28113e-06;8.73254e-07;3.77684e-07;1.59858e-06;9.7505e-07;1.74502e-07;3.95299e-05;4.00147e-08;1.30141e-06;2.02909e-08;0.000289435
4.91599e-06;1.2933e-05;0.999944;4.57443e-07;1.29277e-07;4.41166e-07;2.94152e-05;2.07713e-06;1.11666e-06;2.54266e-06;1.11133e-06;3.54858e-09;9.33758e-07;1.18005e-07
4.84962e-09;7.73069e-10;1;1.72394e-09;7.30382e-11;1.0043e-10;1.20328e-09;8.45251e-09;2.91722e-09;3.86837e-10;6.66901e-10;8.31014e-09;2.93075e-09;1.71538e-12
1.83791e-07;6.02697e-06;0.997895;1.23842e-07;1.88411e-06;3.84781e-07;1.28367e-09;2.80985e-05;3.72061e-08;2.01373e-09;2.31575e-09;0.00206759;9.76803e-08;3.24143e-07
2.78856e-06;0.000485616;3.17366e-05;1.00001e-05;0.00431716;0.0284611;2.30947e-07;4.53845e-06;5.2881e-06;4.25708e-06;1.08906e-06;1.25577e-05;6.8689e-05;0.966595
5.72451e-05;0.030956;3.69872e-06;0.000105268;0.0106919;0.00187313;3.9657e-07;0.00446637;7.90746e-05;3.50145e-06;0.000219022;0.692809;0.258609;0.000126188
6.13209e-05;0.0860896;0.912898;1.39443e-05;0.000209749;1.27814e-07;3.73231e-09;0.000696254;8.78807e-08;2.41928e-07;2.22351e-09;1.45216e-05;3.25407e-06;1.27525e-05
2.45948e-05;0.00148769;1.64453e-05;9.11389e-07;1.29767e-05;1.1066e-07;5.82935e-08;0.997722;1.65732e-05;2.52112e-08;1.276e-07;0.000670879;4.76549e-05;3.34571e-09
4.54146e-05;0.429828;8.16551e-07;3.18555e-06;7.13807e-05;2.60974e-05;1.09661e-07;0.045459;1.71237e-06;6.50916e-06;1.30039e-06;0.381567;0.142583;0.000407032
8.13231e-06;0.981744;2.15907e-07;2.142e-05;5.79676e-06;1.99251e-06;0.000763639;0.000162924;4.13124e-06;0.0159188;1.40123e-06;5.34514e-05;7.81514e-06;0.00130596
4.03526e-07;5.89322e-05;0.999872;5.9831e-06;1.31046e-07;6.3986e-07;1.41375e-06;7.69652e-06;9.37394e-08;8.81872e-08;3.31337e-07;6.02426e-07;5.20434e-05;1.26047e-08
3.09859e-06;0.995459;1.17858e-09;2.90378e-08;3.47653e-09;1.21103e-08;5.60024e-07;1.584e-05;1.3275e-06;7.8451e-09;7.85208e-08;4.00945e-06;0.00451614;1.14318e-08
7.09511e-07;0.0297057;3.12612e-09;6.3087e-09;7.53606e-07;7.10535e-10;2.23499e-09;0.00118261;2.526e-07;1.71695e-09;1.58963e-07;0.969109;2.65124e-07;5.39205e-09
1.06139e-05;0.415277;0.000298399;1.43304e-05;0.00785566;0.00141364;3.75977e-07;0.000277985;3.71618e-08;1.16537e-05;8.43139e-07;0.0311189;0.54062;0.00310109
0.000247339;0.1421;0.000773432;6.47026e-05;0.00667129;0.00630822;1.49545e-05;0.455638;0.000812052;1.11819e-06;0.000122656;0.294312;0.0822468;0.010688
6.69165e-07;0.00990013;3.41932e-07;1.04272e-06;3.03708e-05;1.10712e-05;1.26385e-08;0.111006;1.45415e-07;1.72597e-08;7.89134e-08;5.76388e-06;0.879003;4.09625e-05
3.57051e-07;0.0005117;1.91146e-07;3.23843e-08;2.44782e-08;5.78434e-09;1.95421e-09;1.39739e-06;1.83508e-07;7.3584e-09;1.53714e-08;0.998789;0.000696746;2.28681e-07
0.000118231;0.855076;2.75326e-07;0.000139421;1.07238e-05;1.49138e-05;5.66076e-05;0.00756393;0.00325244;7.44059e-06;0.00132413;0.00521352;0.126991;0.00023088
2.90723e-06;0.123264;2.01592e-08;1.78588e-07;3.75376e-05;4.38246e-09;3.67163e-08;0.876167;6.18485e-08;8.12886e-07;5.30293e-08;0.000453596;3.10383e-08;7.33202e-05
3.89384e-07;0.000228065;0.99464;7.82265e-06;0.000129196;5.18133e-06;7.66572e-08;7.44119e-08;5.4508e-09;9.0535e-07;1.97649e-07;0.0048937;6.92801e-05;2.49284e-05
0.00126796;0.0683591;7.14993e-07;0.000261979;0.000425866;0.000784392;0.00336338;0.0521849;0.576603;3.65677e-05;0.0412614;0.0425613;0.206399;0.00649088
9.6059e-05;0.00120596;0.000512007;1.74798e-06;0.00188717;0.000300484;8.99387e-07;0.993737;2.36414e-06;3.01485e-06;4.41615e-07;0.000324282;3.38519e-05;0.00189484
6.91933e-06;0.986376;7.89001e-07;2.76537e-07;5.9705e-06;9.49775e-06;3.3799e-05;0.00183613;4.68319e-06;6.16754e-07;1.05795e-07;3.10873e-06;0.0114235;0.000298824
2.00362e-10;1.19825e-09;1;4.21238e-10;1.31657e-11;5.41745e-12;2.11934e-10;2.79089e-12;4.586e-10;1.27688e-11;7.18805e-10;3.11524e-08;1.95301e-10;2.0876e-12
2.60811e-07;0.00268091;0.993587;3.27778e-07;1.30768e-06;9.35334e-07;3.43292e-08;0.000247688;5.67966e-08;3.24646e-08;1.54269e-08;0.0034665;8.60952e-06;6.54313e-06
5.60548e-06;0.00362268;3.94436e-05;0.000131738;0.0187484;0.213402;8.75215e-06;2.81305e-05;0.000325664;1.14616e-05;0.000308025;7.41021e-05;0.000412541;0.762882
0.000663297;0.877433;0.0019472;5.90923e-05;0.00229019;0.000597994;3.14277e-05;0.0178774;1.27832e-05;6.43116e-05;0.000133371;0.0376334;0.0601848;0.00107166
0.000117423;0.0439565;0.00068241;2.44442e-05;0.00024991;8.76295e-05;1.71652e-05;0.941979;0.00089422;2.34764e-06;6.55606e-05;0.000731787;0.0111761;1.54157e-05
1.14106e-05;0.0351303;2.31815e-06;8.43076e-07;2.131e-06;4.33417e-07;7.55858e-09;0.959622;2.39129e-07;6.90357e-07;2.1471e-08;0.00253324;0.00269064;6.01641e-06
0.000154303;0.403526;2.70686e-06;0.00026709;0.00192609;3.3842e-05;8.97353e-05;0.00913247;5.02037e-06;0.0144511;4.65122e-05;7.35905e-05;0.000251012;0.570041
8.20512e-09;3.18206e-09;1;2.74084e-09;8.84762e-10;4.4598e-12;4.05572e-08;2.77702e-11;7.40155e-10;4.70371e-09;1.8882e-08;4.8636e-08;7.82729e-12;1.37951e-11
2.30625e-05;0.827702;1.24037e-05;4.79404e-07;2.32148e-07;1.772e-08;0.00054516;0.00329798;7.24402e-05;1.50474e-06;0.000431575;0.00033943;0.167574;1.03516e-07
2.74399e-06;0.503387;3.51211e-06;0.000240923;0.00274377;2.37173e-05;7.35562e-06;0.0888916;2.18648e-05;0.000540599;3.12021e-05;0.0372985;0.00181158;0.364996
2.3122e-05;0.104565;4.10089e-08;0.000203398;3.71382e-05;0.000280433;0.00109208;1.19285e-06;5.20773e-05;0.000617735;0.000606004;0.00800623;0.884438;7.72743e-05
0.000339725;0.0814544;0.815327;0.000214119;3.95234e-07;4.91217e-08;0.0471212;5.60894e-08;1.97493e-05;0.0213789;3.47533e-05;0.0340979;1.60301e-06;1.02721e-05
2.77688e-07;1.33057e-07;0.999951;3.61767e-07;3.74292e-09;7.17151e-10;6.97016e-06;2.39145e-09;2.39218e-05;3.40275e-08;1.31532e-05;3.92569e-06;3.2944e-10;3.25361e-09
2.27145e-06;0.0107326;2.78738e-06;3.34848e-08;4.16516e-07;1.91586e-08;1.99018e-08;0.98916;1.58385e-07;7.62586e-08;1.75253e-07;9.76539e-06;9.17016e-05;3.71566e-07
6.36351e-07;0.966867;2.96236e-05;2.45907e-06;3.4357e-05;9.78803e-05;4.54908e-06;0.0286585;6.50681e-07;8.43055e-06;2.86854e-06;0.000259708;0.00246633;0.00156677
1.56955e-11;3.87992e-10;1;1.93741e-11;5.39979e-13;6.36113e-13;4.20733e-10;7.3419e-10;3.59605e-11;5.00618e-12;5.8581e-11;3.82504e-09;9.86347e-11;2.65273e-14
1.46364e-08;8.27534e-06;0.000116873;1.28083e-07;1.65308e-06;4.12476e-09;8.5503e-10;8.71456e-06;5.01933e-07;1.83826e-09;1.16721e-07;0.999863;4.36951e-08;7.3381e-07
3.02591e-05;0.994439;2.20237e-08;3.29037e-06;0.000306903;2.30811e-05;5.89156e-06;0.00311537;0.00018681;4.32079e-07;6.70352e-06;5.02578e-05;0.00102323;0.000808233
0.000321315;0.00326027;1.5536e-06;0.00029071;0.991296;0.000162891;6.86038e-05;0.00204344;0.000758062;1.39586e-05;4.79766e-05;0.00124605;0.000178151;0.000310639
3.9296e-05;0.998214;1.86807e-05;7.00212e-07;7.78262e-06;3.79151e-08;9.32905e-10;0.0013047;7.36812e-10;1.87291e-08;1.08548e-10;6.57048e-07;0.000410013;4.15745e-06
1.73732e-05;0.0762144;5.31035e-08;1.4028e-06;4.42272e-08;6.31666e-07;9.58031e-08;0.0216129;2.6053e-06;6.67223e-08;3.46317e-07;0.00256838;0.899582;7.90279e-08
4.90959e-06;0.0051943;0.988056;0.000349406;0.00154505;0.000127566;4.44659e-08;0.000189622;1.30818e-08;6.78846e-06;2.131e-07;0.00158923;2.17441e-05;0.00291553
9.50449e-06;0.00430084;9.66161e-12;1.0006e-06;2.64002e-07;5.77082e-05;7.22833e-06;0.000178904;0.000184139;1.21363e-07;0.000442145;6.53254e-06;0.994811;1.86146e-07
4.01221e-05;0.0117802;0.988026;3.18948e-06;3.28507e-06;1.16821e-06;1.83106e-07;8.55148e-05;2.96873e-07;2.25685e-06;1.19379e-07;3.60662e-05;2.03444e-05;1.08947e-06
1.55014e-07;0.999248;3.04622e-08;5.6742e-08;6.19646e-07;3.8096e-08;3.39498e-09;0.000136551;1.38234e-07;1.12525e-09;2.70947e-08;1.91184e-05;0.000585449;9.48337e-06
1.0694e-07;0.998043;1.59147e-07;9.45577e-07;5.9307e-06;2.31594e-06;7.29468e-09;0.0012877;2.7619e-07;2.76743e-07;1.85468e-07;8.03319e-05;0.000145056;0.000433746
3.0035e-07;0.000474714;1.52262e-05;2.3633e-05;0.0127605;0.0668701;5.57068e-06;1.76413e-05;1.0947e-06;0.000415514;4.86196e-06;0.0192508;1.68951e-05;0.900143
1.2286e-07;0.999359;1.93674e-09;7.49665e-08;1.7486e-09;1.97423e-08;0.000474225;1.5181e-06;3.88001e-08;1.49613e-05;2.79557e-07;1.42019e-11;6.26971e-06;0.000143815
6.32908e-12;1.52854e-11;1;2.44549e-11;1.45687e-13;9.41598e-14;8.42544e-11;3.83171e-14;2.76338e-12;1.46756e-11;4.9485e-11;3.25821e-09;1.40666e-13;1.96224e-13
6.78603e-06;0.00929314;0.989111;0.000115019;1.44577e-05;4.15321e-06;6.50139e-05;0.0010591;5.13402e-05;8.72819e-06;0.000117614;2.34934e-06;0.000148892;2.35035e-06
2.14441e-06;0.987537;4.92879e-09;5.55003e-07;1.29785e-06;1.42855e-05;4.33533e-07;0.00544659;5.71004e-08;8.47933e-07;7.64314e-07;0.000535536;0.0064576;3.34528e-06
5.24447e-07;0.145509;1.10693e-07;9.8934e-05;2.13262e-05;0.000135221;0.0622292;9.47661e-06;6.66187e-08;0.0208992;6.64536e-06;2.96529e-07;2.81794e-05;0.771062
6.41699e-10;9.041e-11;1;1.20902e-09;2.09807e-11;5.29682e-11;4.64062e-08;1.51739e-11;1.62307e-09;2.76028e-10;1.43479e-08;9.76993e-09;9.81323e-11;2.3773e-12
3.36315e-06;0.982903;1.16369e-07;5.61326e-07;3.77412e-07;4.64126e-07;0.0165673;7.02446e-05;8.3034e-06;0.000373685;7.76905e-06;1.08352e-07;5.21839e-06;5.92631e-05
3.30386e-10;3.7822e-09;1;2.224e-10;2.01469e-10;1.8214e-11;2.94684e-09;4.18089e-12;1.50447e-10;2.46926e-10;1.54996e-10;1.50443e-07;1.4231e-11;1.6888e-11
2.72543e-05;0.0834547;2.31671e-06;8.72145e-05;0.00252268;4.09438e-05;3.8496e-06;0.076;0.000237907;5.10145e-06;0.000326594;0.828976;0.00796991;0.000345826
3.47478e-05;0.929022;1.2581e-05;2.21443e-05;7.63934e-05;2.04891e-05;1.61671e-05;0.0081237;2.10021e-05;2.35062e-06;0.00012854;0.000135415;0.0621981;0.000186425
7.37052e-05;0.499507;8.45797e-05;1.89205e-06;0.00011724;0.000115059;7.88481e-05;0.0852369;2.07735e-05;9.00198e-06;8.92653e-06;0.398694;0.0106688;0.00538331
2.33451e-07;0.974379;4.92092e-09;1.89237e-06;6.05636e-06;2.68819e-07;4.43962e-05;0.0236483;2.93581e-07;8.85632e-06;5.3665e-08;6.17228e-08;2.90773e-06;0.00190774
2.35973e-09;4.38401e-09;1;2.94618e-08;7.74174e-10;9.95603e-12;6.8415e-09;6.96469e-11;3.98208e-09;4.60413e-10;1.96973e-09;7.81034e-08;6.42324e-11;8.44679e-11
5.31423e-05;0.941628;9.9986e-08;1.38517e-06;1.12389e-06;1.72905e-08;3.32762e-06;0.0571285;0.000133513;1.30891e-06;1.24027e-05;5.97369e-05;0.00097665;7.34403e-07
2.21501e-05;0.994501;0.000102099;3.01955e-06;2.36467e-05;8.65977e-06;0.000245559;0.000462359;2.33388e-05;0.000373814;1.50478e-05;5.28283e-05;0.00408109;8.53006e-05
9.60842e-11;7.29905e-11;1;7.51609e-09;6.1651e-11;2.24914e-10;1.92161e-09;6.03652e-11;1.73525e-09;5.97782e-09;7.72158e-10;1.01719e-08;1.15475e-10;3.37947e-11
1.55657e-06;0.000402772;0.990353;2.00603e-05;6.06411e-07;5.10272e-07;1.13086e-06;1.43459e-05;0.000443405;7.22381e-08;2.68309e-05;0.00873223;1.07969e-06;2.14155e-06
2.75488e-06;0.0971252;2.07796e-07;7.19491e-07;1.11407e-05;2.25193e-05;0.000149981;9.25135e-07;4.47867e-06;0.000431777;6.65453e-08;3.5063e-09;2.18784e-08;0.90225
4.58351e-10;3.49984e-10;1;1.58073e-10;8.5173e-09;1.11999e-11;5.58188e-12;2.12246e-11;1.96824e-11;1.41827e-10;6.60572e-13;4.37581e-07;2.60249e-14;2.20554e-10
1.32847e-06;1.13358e-05;9.02723e-07;4.44592e-08;0.000123127;1.87635e-08;1.68422e-11;0.999861;9.1668e-08;1.55716e-10;1.0317e-09;1.12724e-06;3.62536e-07;2.52915e-07
1.09568e-06;0.000114198;2.52347e-08;9.75721e-09;1.49631e-05;2.08285e-09;9.01717e-10;0.999772;2.57986e-07;5.53453e-09;1.54477e-09;3.03346e-08;9.71842e-05;3.04743e-09
1.85854e-06;0.000667706;0.996543;4.27085e-05;0.000651643;0.000361353;3.49622e-09;2.35854e-06;1.31761e-08;0.000111286;2.73671e-08;0.00119122;0.000388979;3.82032e-05
1.22561e-05;0.837412;0.000413228;0.00017725;5.27711e-05;2.37368e-05;5.47217e-06;0.141189;0.000118304;2.63489e-06;0.000166984;0.0171319;0.00243972;0.000853977
