1.20032e-06;0.999706;0.000249978;5.60236e-06;2.40282e-07;3.90077e-08;3.12334e-07;4.22825e-06;7.83162e-09;1.71405e-06;1.47135e-08;9.88679e-07;2.28653e-05;6.41979e-06
7.21246e-05;0.0743414;9.94294e-06;8.38782e-05;0.000100799;1.73216e-05;4.90585e-07;0.0391192;5.18738e-06;7.90907e-07;0.000183199;0.407375;0.478689;1.55402e-06
2.80258e-07;0.00125456;3.51241e-10;4.61988e-07;0.00130255;7.85798e-07;2.53931e-08;0.996875;1.11503e-06;1.17791e-07;9.38417e-07;0.000517199;4.14566e-05;5.72684e-06
0.000196504;0.0886996;0.703058;0.0201865;0.0245177;0.0243803;0.000427663;6.61293e-05;0.000126891;0.00322072;0.00425102;0.00123932;0.0240349;0.105594
0.000199175;3.81617e-06;1.07259e-07;2.14067e-07;9.01156e-07;3.48843e-08;5.17671e-06;0.998293;0.00046543;1.92341e-08;0.00101992;8.27895e-07;1.1663e-05;1.83471e-08
1.9963e-06;0.998033;1.59305e-07;6.526e-06;0.000473406;1.10314e-06;1.48005e-07;0.00032571;3.17068e-07;1.54345e-06;4.01366e-07;0.000682147;3.19677e-07;0.000473779
0.000680673;0.00143895;0.00299617;0.00143643;0.0199353;0.0257773;7.34712e-07;0.000263692;7.54009e-05;6.18381e-05;0.000515025;0.931778;0.00201399;0.013027
0.000432379;0.751265;3.71384e-08;1.20785e-05;4.15312e-05;1.65251e-06;3.29773e-06;0.247239;4.786e-05;6.04701e-07;0.000531564;0.000159584;0.00025151;1.45718e-05
7.45675e-06;0.00125959;1.84874e-07;4.55264e-06;0.00222186;0.000192215;8.54764e-08;0.991211;3.71079e-06;5.56605e-07;5.69684e-06;3.09397e-06;0.00508259;7.62611e-06
0.00603859;0.380996;0.00693641;0.00181812;0.00287312;0.000493654;0.00015314;0.0778365;0.000190723;0.000474575;0.00116524;0.00134036;0.515241;0.00444289
0.00256875;0.339742;7.5732e-05;0.000152155;0.00459267;3.02138e-06;3.72531e-05;0.361014;0.00260816;6.79747e-06;0.00313886;0.281719;0.00404911;0.000292726
0.000485594;0.959031;3.11483e-05;5.99465e-06;3.72749e-06;5.70353e-07;0.0319212;0.00267648;0.0001407;0.000588974;0.000211447;1.96079e-06;0.00490064;9.69838e-07
2.16711e-09;6.27223e-11;1;6.82257e-10;4.2845e-11;1.15497e-11;1.63762e-09;9.47713e-12;1.9161e-08;8.14118e-11;3.14181e-09;2.17885e-08;2.88218e-10;1.68486e-12
7.61701e-05;0.018672;0.853017;1.79372e-05;0.00015718;0.000373745;3.38777e-05;0.0666186;0.00058592;1.61075e-05;1.92803e-05;0.0559234;0.00101524;0.00347332
4.73355e-06;0.0227554;1.61465e-05;0.000204562;0.0134231;0.254947;3.78777e-07;0.000208298;0.000178195;2.97228e-06;0.00035119;0.00435236;0.0038218;0.699734
6.36729e-05;0.0287461;0.000819088;4.64116e-06;0.000635137;3.59983e-05;1.58871e-08;0.0696376;1.72987e-06;5.58864e-08;1.22769e-05;0.816752;0.082967;0.000324962
2.36646e-08;0.999842;1.14331e-12;4.33937e-09;8.06904e-06;2.55786e-08;1.14316e-10;9.89174e-05;1.38141e-09;2.03022e-09;1.68918e-11;1.13113e-08;1.99203e-06;4.92883e-05
0.000160484;0.551227;5.2865e-05;2.69501e-06;1.16954e-05;1.99783e-07;6.41495e-05;0.447631;0.000221046;1.8305e-07;5.70592e-07;0.000431663;0.000151895;4.37822e-05
7.71777e-06;0.129307;9.12322e-07;7.77712e-07;0.000203059;2.98676e-06;4.0638e-07;0.861742;3.08975e-06;4.88502e-07;1.5452e-07;0.000638678;0.00807395;1.84174e-05
9.25918e-07;0.995198;5.23249e-07;7.48097e-07;3.05619e-07;4.50781e-07;0.00344377;7.76276e-05;1.85203e-06;0.00083714;2.50349e-07;7.93322e-07;9.32988e-06;0.000428198
2.58819e-10;1.68783e-10;1;1.08001e-08;2.93694e-09;6.45507e-10;1.39077e-08;7.2654e-12;1.9303e-09;5.941e-10;2.83726e-09;1.3874e-08;3.01098e-11;2.00284e-11
0.000238013;0.0775945;0.000119999;7.22994e-05;0.00224931;0.000818385;0.000195264;0.868785;0.000223897;0.000156448;7.91372e-05;0.000259048;0.0485806;0.000627924
0.000401438;0.5098;0.000125339;0.00128694;9.84216e-05;0.00132193;0.00183708;0.000398412;0.0061064;0.000179385;0.0434569;0.206411;0.219425;0.00915181
0.000300705;0.97914;0.00211494;4.11017e-05;1.11844e-06;1.27087e-06;7.36609e-05;0.0039608;0.00027326;1.35711e-05;0.000273861;0.0132898;0.000497787;1.75858e-05
4.95051e-06;0.883686;9.09609e-09;0.000136331;0.000312884;2.33286e-07;2.47766e-06;0.00200592;5.07479e-05;3.34451e-06;4.22125e-05;0.113717;1.41982e-05;2.33349e-05
1.58255e-05;0.0075371;0.000779837;0.000360275;0.000200482;0.000688887;4.11155e-07;4.17781e-05;1.21372e-06;7.79968e-05;1.94401e-05;0.989915;0.000233176;0.000128671
0.00013536;0.880479;8.33842e-07;5.75633e-06;9.48291e-05;1.1301e-05;2.44916e-06;0.0687136;2.00715e-06;2.38008e-07;1.8236e-05;9.26463e-06;0.050251;0.000275715
0.000231479;0.486543;0.000177678;0.000960215;0.00344773;0.00177016;1.51303e-05;0.381555;0.000210132;5.79131e-05;0.00011789;0.00723186;0.10594;0.0117412
0.000840256;0.0200798;0.0063185;0.00537041;0.0424809;0.0043155;7.89809e-05;0.00180182;0.0074188;0.000694378;0.0011149;0.89959;0.00941828;0.000477403
1.62737e-05;0.145778;2.02495e-08;1.61944e-06;1.53257e-06;7.05539e-08;0.844632;3.77991e-06;2.82724e-05;0.00920467;8.65628e-05;4.2121e-09;4.32143e-08;0.000247541
7.92598e-09;9.7285e-11;1;1.37866e-09;7.17258e-11;4.70848e-12;4.8953e-07;1.23752e-10;7.02148e-09;1.89108e-09;9.82087e-09;2.1986e-09;2.41321e-12;5.00551e-12
0.00188718;0.728566;0.000862843;0.000291052;0.000167934;0.000303703;0.000177783;0.214483;0.0312192;2.54446e-05;0.00152672;0.000793375;0.0196835;1.29562e-05
1.4247e-05;0.00199532;8.09276e-08;1.28705e-05;0.0031924;3.33971e-05;4.89993e-08;0.971987;0.000285667;1.48939e-05;9.31224e-05;0.0221663;6.76058e-05;0.000136794
6.30345e-07;0.0161396;0.000467279;9.60879e-07;2.51622e-08;9.09308e-09;0.268655;1.71432e-10;5.11263e-08;0.714722;5.97533e-07;5.16095e-11;2.07285e-10;1.4462e-05
1.54695e-10;7.80959e-13;1;1.02395e-11;1.59427e-13;2.76775e-13;5.27423e-09;1.79089e-12;9.20364e-09;5.58469e-12;1.29929e-09;5.28818e-10;6.84297e-14;1.07733e-14
