2.51637e-07;0.997577;1.32563e-10;5.56384e-09;7.73386e-11;4.62013e-10;7.71687e-07;6.00908e-07;6.53404e-08;9.61571e-10;1.92727e-07;6.83279e-07;0.00242036;7.72895e-11
5.64433e-06;0.646833;1.20053e-09;4.999e-05;0.000266189;0.000122926;2.45845e-07;0.00894455;2.03179e-05;1.08738e-06;2.22909e-05;0.325667;0.000237971;0.0178287
5.31059e-05;0.0129773;0.000357716;9.19837e-06;4.12001e-05;5.33441e-05;1.25528e-06;5.99111e-05;4.69448e-06;4.17185e-06;2.01797e-05;0.975386;0.00960826;0.00142393
1.60015e-05;0.971244;5.46167e-07;2.6478e-07;6.45967e-06;4.25534e-07;3.35867e-06;0.000356047;3.22469e-06;1.78232e-07;7.18966e-06;0.000863112;0.0274407;5.85224e-05
9.16721e-07;0.970275;2.35952e-06;1.513e-06;5.18142e-05;8.29245e-07;6.16371e-08;0.00416265;3.26389e-06;2.62232e-07;3.54921e-06;0.0247118;0.000217112;0.00056853
7.15065e-07;0.984227;2.27599e-10;1.29223e-05;0.00412119;4.08078e-05;1.29995e-06;0.00145485;9.75887e-08;1.23614e-05;2.84795e-06;0.000134426;0.000136897;0.00985462
0.000121457;0.00135791;0.36773;0.000888298;0.00114834;8.06212e-05;7.94591e-06;1.32971e-05;2.71166e-07;0.00010411;0.000109774;0.598684;0.0294887;0.00026554
0.0062314;0.366119;0.000132688;0.000291153;0.000271832;3.5889e-05;0.0043891;0.0441681;0.017495;0.00011401;0.500705;0.0228891;0.0190059;0.018151
1.91536e-05;0.964705;7.98024e-06;1.34412e-05;0.000141424;1.02459e-05;6.35583e-05;0.000131456;2.04969e-05;1.78219e-05;0.00109008;0.0286924;0.00390958;0.00117783
6.13103e-06;0.998117;3.85281e-05;1.00742e-06;4.37039e-07;1.36002e-07;0.000109724;0.00108357;6.92901e-06;2.41192e-06;0.000197646;0.000171256;0.00026487;4.978e-07
9.02019e-06;0.665794;8.81444e-05;0.000165882;0.0504798;0.00126092;1.3511e-07;0.0116205;3.30325e-06;1.29971e-05;7.54047e-05;0.214012;0.0399997;0.0164789
2.89843e-05;0.993578;1.16361e-05;1.14144e-05;6.29562e-06;1.55397e-05;1.50916e-05;0.000155931;0.00013549;8.63178e-06;0.000586306;0.000865907;0.00456775;1.326e-05
4.31269e-06;0.000858488;5.21452e-06;2.18757e-05;0.741965;0.235365;1.0391e-06;0.00922635;1.51376e-05;0.000109083;3.97908e-06;0.000275665;0.00152224;0.0106262
0.000183333;0.973646;6.62992e-08;8.95315e-05;1.28438e-05;3.84846e-06;1.28152e-06;0.0253378;5.11113e-05;5.16834e-06;1.24782e-05;6.82394e-05;0.000581322;7.27971e-06
0.000267705;0.00551848;1.16476e-08;9.31916e-06;0.000752748;1.29698e-06;2.96673e-08;0.992154;4.57801e-05;3.16951e-06;4.94671e-06;0.000244719;0.000997527;6.09209e-07
1.74382e-05;0.999664;1.17856e-08;2.66523e-08;1.10217e-08;1.47967e-09;0.000153021;7.77744e-06;1.24147e-08;0.000144732;1.61804e-08;2.61572e-09;1.27273e-05;3.56879e-07
2.44105e-12;1.51209e-12;1;1.04882e-12;8.37213e-14;1.80239e-15;7.30421e-12;4.69883e-14;2.15699e-13;3.2972e-12;3.73028e-13;8.4551e-13;1.22929e-14;1.25761e-14
0.000105386;0.00106606;6.47104e-06;0.000150341;0.000157866;0.000150878;0.00158895;0.0566881;0.909233;0.000123965;0.0292368;1.24923e-05;0.00145765;2.17168e-05
