3.77576e-05;0.469542;5.89738e-06;2.72936e-06;4.60105e-06;9.39416e-05;3.361e-07;0.00178202;5.7191e-05;1.99796e-07;1.35437e-05;0.00248032;0.52596;1.97216e-05
8.99629e-06;0.127802;4.35214e-06;0.00235679;0.536801;0.158585;8.11115e-07;0.030693;4.78369e-05;0.000237863;7.42049e-05;0.00645673;0.0267241;0.110208
0.000417055;0.78565;0.000263397;9.72946e-05;0.00145681;0.000157843;0.000502993;0.00180765;8.3201e-05;0.000277998;0.00102161;0.188713;0.0174776;0.00207292
0.000111181;0.0806952;2.18715e-07;2.28332e-06;0.000106873;1.71388e-05;1.9041e-05;0.000560189;2.77774e-05;4.4438e-06;3.79254e-05;0.857417;0.0609789;2.20209e-05
4.71276e-06;0.999492;9.45615e-06;5.95759e-08;9.8625e-08;1.56062e-08;2.08482e-07;0.00021105;7.00021e-07;4.00482e-08;7.68007e-07;0.00024405;3.64555e-05;2.88779e-08
1.70906e-07;0.989989;1.26869e-09;8.7853e-06;0.00547808;1.59509e-06;1.10383e-08;0.000967837;2.43807e-08;2.5178e-06;4.44226e-08;0.0010311;1.91468e-06;0.00251913
8.87343e-06;0.000817679;0.00390277;0.00105568;0.000516743;0.00474524;1.21722e-06;2.99863e-05;9.33182e-07;0.000201631;5.96607e-05;0.986109;0.0007602;0.0017908
4.83407e-06;0.000129321;1.07841e-09;2.46003e-07;1.55114e-06;8.71257e-07;1.91936e-07;0.996084;3.72269e-06;5.57691e-09;8.18641e-05;1.11992e-06;0.00369216;1.46286e-07
0.000117093;0.727116;0.00011696;5.31798e-06;8.82667e-05;7.8175e-05;0.00460883;0.0131801;3.15782e-06;0.00181387;1.79738e-05;0.000448728;0.251769;0.000636007
1.74251e-10;1.11748e-09;1;2.48982e-10;1.37753e-11;1.52576e-11;2.70931e-10;1.80195e-11;1.94538e-10;2.60478e-11;7.47271e-10;2.53382e-08;7.68771e-11;1.98289e-12
2.94632e-06;0.0202152;0.566418;8.46481e-06;0.000102651;5.99968e-06;9.45906e-07;0.344598;5.91989e-07;3.88262e-06;6.98293e-07;0.0663323;0.000204024;0.00210598
1.32266e-05;0.00217945;7.08696e-05;0.000114118;0.225613;0.0274928;1.29591e-06;0.72964;1.91092e-05;7.65679e-07;5.131e-05;6.71173e-05;0.00252902;0.0122081
3.28019e-08;0.116263;1.22221e-09;1.29469e-07;1.01697e-06;1.86392e-08;1.11254e-07;1.01726e-06;2.5087e-11;1.59803e-07;1.25547e-08;2.37637e-05;7.68854e-07;0.88371
1.97932e-05;0.995923;8.71384e-06;3.62565e-06;1.94357e-06;1.37334e-07;0.000306877;0.00105224;6.98284e-06;6.68537e-08;9.34258e-05;3.38679e-06;0.00256834;1.15543e-05
1.52895e-08;0.999159;4.05282e-12;7.69408e-11;5.15057e-10;1.80536e-11;5.50207e-10;0.000727045;5.80474e-10;5.49204e-11;3.08527e-11;1.21109e-05;0.000101304;4.92696e-11
4.00743e-07;0.000295791;0.0185505;5.28916e-05;0.00637632;0.0504876;2.06957e-08;1.32615e-05;2.60701e-08;3.36064e-05;3.37348e-08;0.910346;1.09873e-05;0.0138328
0.000166622;0.8709;9.59044e-07;0.000627202;8.32358e-05;0.000985509;0.000508062;0.04517;0.0021544;1.27115e-05;0.0329602;0.00706015;0.00398588;0.035385
4.37146e-05;0.97207;6.83128e-07;3.03908e-06;1.60659e-06;1.04151e-05;0.00234818;0.00922081;1.94042e-05;5.88654e-05;3.60452e-05;4.36606e-07;0.0161203;6.59866e-05
4.19286e-09;2.89679e-08;0.999999;3.27996e-09;6.72816e-11;3.55116e-11;4.76875e-09;8.91046e-12;4.19869e-09;2.27963e-09;1.42226e-09;7.89067e-07;2.30082e-10;1.26326e-11
0.000305482;0.433859;6.47778e-06;0.000123214;3.20046e-05;2.54701e-05;5.4203e-05;0.00282533;0.00194516;1.08363e-05;0.000228808;0.186546;0.373783;0.000254558
0.000106064;0.226525;1.79417e-06;0.000241091;0.0109712;0.00155581;7.02756e-05;0.632029;0.000347396;0.000619247;3.9217e-05;0.000108768;0.0879083;0.0394769
2.41704e-06;0.0046139;1.75663e-07;5.98653e-06;1.00984e-05;0.000318771;2.60023e-06;2.64283e-08;2.72368e-07;3.05868e-05;1.71236e-06;0.0011915;0.992638;0.00118349
1.81497e-05;0.000163914;0.986986;5.88101e-06;1.06257e-07;3.36928e-08;0.000861521;1.70368e-08;4.26617e-07;0.00170271;1.61121e-07;0.0102295;2.83147e-07;3.16844e-05
3.96792e-08;1.35055e-08;0.999967;3.12303e-07;4.64311e-09;7.1175e-09;4.24621e-07;2.72324e-09;2.80074e-05;2.15524e-08;3.72396e-06;5.42089e-07;2.79154e-10;5.76225e-10
2.94469e-07;8.07091e-06;1.07772e-10;3.58323e-10;4.10663e-09;1.3255e-10;7.37957e-10;0.999988;2.44125e-06;9.88547e-11;1.21964e-07;8.77873e-09;1.11391e-06;2.58232e-10
5.95747e-08;0.504855;1.54119e-08;2.39904e-08;4.18213e-09;4.61752e-08;3.81264e-06;2.99297e-08;1.85496e-09;1.56003e-05;3.10044e-09;3.94644e-07;4.6291e-09;0.495125
1.77854e-08;2.54187e-09;0.999982;2.49476e-08;4.61573e-09;8.07711e-10;6.00828e-07;4.33382e-10;5.90063e-07;9.32978e-09;1.09928e-06;1.53662e-05;1.05781e-10;2.1592e-09
2.08568e-06;0.0410313;6.8406e-08;1.46701e-06;3.33888e-05;4.98965e-07;2.59773e-06;0.955716;7.9971e-05;2.04259e-07;0.000143468;7.52887e-06;0.00298156;2.24454e-07
8.9233e-05;0.22574;2.94179e-05;0.000205388;6.32958e-05;5.64375e-05;5.18313e-05;0.0525771;6.01277e-05;0.000119326;0.00153219;0.641112;0.0782859;7.75095e-05
0.00451501;0.145626;0.00107468;0.0106431;0.162441;0.000643815;0.0222982;0.101497;0.202529;0.00249185;0.193712;0.140859;0.00210633;0.00956277
0.00928228;0.0479116;2.14575e-07;0.000232856;2.91309e-05;9.92746e-07;4.56058e-05;0.37446;0.555097;2.0513e-06;0.0113525;0.000570277;0.0010143;1.19101e-06
3.55574e-05;0.000512153;1.96882e-07;1.56726e-08;1.23459e-06;1.37504e-08;1.23728e-08;0.999342;7.30564e-07;9.29287e-08;5.30332e-08;9.09715e-05;1.47583e-05;1.86074e-06
2.23586e-05;0.881026;6.55225e-05;2.52157e-06;0.000359014;0.000114931;3.78675e-06;0.0509717;9.89246e-07;1.1298e-05;1.77865e-06;0.00162414;0.014426;0.0513698
1.85079e-09;4.54288e-08;1;7.062e-10;9.55602e-11;5.03212e-11;1.68223e-08;2.88817e-09;2.71097e-09;2.703e-10;3.15533e-09;1.59932e-07;1.67994e-07;1.50436e-12
7.74417e-09;2.55887e-08;0.999833;2.81244e-08;1.15625e-07;7.13654e-09;9.26546e-10;2.9684e-06;2.44454e-08;5.4303e-10;2.61701e-09;0.000163031;9.19892e-10;6.04276e-07
3.31819e-08;4.41993e-05;8.9887e-08;1.48934e-08;3.081e-05;0.000755493;1.57041e-10;3.79424e-06;1.36199e-08;3.28485e-08;9.14561e-11;2.08219e-07;6.73884e-08;0.999165
1.00029e-05;0.000393977;5.82038e-08;4.30058e-07;4.03033e-05;5.40817e-06;8.25335e-09;0.984783;2.52856e-06;6.71896e-09;1.64771e-06;0.000211557;0.0145507;6.16145e-07
3.04612e-05;0.952818;0.000883641;0.000139163;9.03513e-05;1.30426e-06;3.58616e-08;0.0397086;2.13958e-07;6.92524e-07;1.20223e-07;2.04112e-06;0.00632042;5.2366e-06
1.85873e-05;0.792424;9.67454e-06;6.64658e-06;2.09259e-07;6.79756e-08;2.65523e-06;0.116377;1.27543e-06;1.28606e-06;1.32919e-05;0.00835926;0.0827853;2.71601e-08
0.000175489;0.056829;0.00840993;0.112712;0.196647;0.0235057;0.00125317;0.00767424;0.00148058;0.0136933;0.0321178;0.509576;0.00184381;0.034083
0.0102811;0.133166;2.89163e-06;0.00805487;0.000803197;3.06167e-05;0.00131933;0.231531;0.0640321;8.86715e-05;0.524345;0.00435239;0.0219173;7.64192e-05
0.000244939;0.0150803;4.01474e-08;1.71583e-07;4.24042e-06;3.90511e-08;4.0984e-07;0.977166;2.98673e-06;1.85777e-07;1.9523e-06;4.20499e-05;0.0074564;3.33412e-07
1.14128e-06;0.995874;9.15634e-06;2.43083e-07;5.43841e-06;4.11056e-07;1.09983e-06;0.000439979;2.1073e-08;1.15365e-06;2.72239e-08;0.000191967;0.000128693;0.00334705
2.84719e-10;1.16586e-09;1;5.73953e-11;2.13458e-10;3.85106e-12;3.52812e-09;1.44304e-09;3.34885e-10;1.80506e-11;1.2396e-10;7.38203e-10;5.1456e-10;9.53761e-13
2.91206e-10;1.23853e-07;0.999949;3.09203e-10;3.734e-09;9.11166e-09;1.39952e-10;3.54394e-09;1.42683e-10;7.15263e-11;1.01401e-11;5.07095e-05;2.52856e-09;1.35983e-07
7.25371e-09;5.23078e-05;4.62769e-10;9.54187e-09;4.37745e-06;0.000285246;1.91891e-07;1.73922e-07;1.86006e-08;1.94448e-07;6.72211e-10;2.7119e-12;2.98745e-07;0.999657
6.62711e-11;1.69052e-12;0.999997;1.56221e-12;4.31634e-11;9.31764e-12;5.75976e-13;6.27617e-11;6.18272e-12;2.05102e-13;4.9975e-13;2.43727e-06;1.47114e-11;1.22264e-12
3.30177e-06;0.030047;8.81302e-09;4.54583e-06;8.73876e-06;7.53791e-05;2.00756e-07;0.960452;0.000141588;4.77642e-08;3.10027e-06;7.31681e-06;0.00925502;1.55662e-06
3.20748e-06;0.999026;0.000214329;1.21635e-05;0.000267379;6.25014e-07;2.15005e-08;0.000277022;5.84294e-09;4.80455e-07;5.01195e-09;2.52122e-05;0.000171103;2.28696e-06
2.20136e-08;0.999979;2.83082e-11;1.23615e-09;9.11633e-09;1.05071e-09;3.61778e-07;1.1377e-05;5.73796e-11;1.98225e-07;2.12711e-10;5.96189e-09;2.13921e-06;6.84364e-06
1.55914e-12;7.37202e-13;1;2.95112e-12;1.38696e-11;2.97004e-12;1.47685e-11;6.51673e-13;7.00495e-15;7.90941e-12;4.08098e-14;1.50613e-09;4.00076e-14;5.49737e-12
3.33544e-06;0.0453734;1.74461e-07;1.57304e-05;5.44447e-06;0.00172077;0.0331345;0.000457542;0.000279596;1.52463e-05;0.000309967;4.37281e-07;0.918683;9.35121e-07
3.92953e-05;0.0275343;0.96823;2.07802e-05;1.09596e-06;4.30485e-07;0.00201122;2.15314e-07;1.18257e-06;0.000735083;8.44684e-06;0.00134181;4.72634e-06;7.17434e-05
8.11325e-08;4.82727e-07;0.999978;1.19059e-07;5.92498e-09;4.93713e-09;4.21926e-07;1.4496e-08;6.0361e-07;1.0219e-08;8.80363e-07;1.95438e-05;1.71148e-08;1.25099e-09
1.57341e-05;0.0203159;1.36877e-06;2.65673e-05;9.81551e-05;1.27572e-05;8.59543e-05;0.921294;0.00442415;1.80599e-05;0.00605492;0.0473063;0.000341945;4.32584e-06
5.19616e-06;0.890076;7.99803e-05;2.14503e-06;7.2378e-07;5.79676e-07;9.73805e-07;0.00165011;2.53232e-06;2.28988e-07;0.000522325;0.0558364;0.0518199;2.71495e-06
0.000112919;0.858256;1.67273e-07;2.38713e-05;2.88338e-05;1.40564e-05;0.00026764;0.0296552;0.00250557;2.33226e-05;0.00312603;0.0769432;0.0286518;0.000391827
0.00044397;0.0345794;7.18687e-06;0.000371898;0.00208219;8.61121e-05;0.000414252;0.402136;0.555465;3.16642e-05;0.00249601;0.000207616;0.00164994;2.868e-05
5.28081e-05;0.00791255;7.02659e-08;2.27642e-08;6.40979e-07;4.70498e-09;2.9143e-08;0.992002;1.38533e-06;6.02128e-08;6.97533e-09;1.52164e-05;1.53154e-05;1.66732e-08
4.08238e-05;0.897493;4.29211e-05;1.51725e-05;0.000912051;0.000319018;4.88482e-06;0.0188339;4.03994e-06;5.03788e-05;1.69665e-06;0.0129871;0.0142504;0.0550442
2.13227e-08;3.43457e-08;1;5.33823e-09;7.23154e-10;2.8626e-10;9.38422e-08;4.98016e-09;3.78181e-08;2.97551e-09;1.22156e-08;2.03148e-07;8.60133e-08;8.10583e-12
1.08092e-07;3.54899e-08;0.999714;2.05049e-07;8.6856e-07;2.67069e-08;1.04817e-08;2.15332e-05;9.01966e-07;1.82279e-09;1.62732e-08;0.00026144;4.78253e-09;4.63104e-07
1.47536e-08;7.12462e-06;3.09389e-08;3.95536e-09;7.28584e-06;0.000135602;2.13979e-11;4.62475e-07;1.14664e-08;1.03753e-08;2.05596e-11;2.58844e-08;2.2854e-09;0.999849
2.08961e-05;0.000142203;4.32063e-08;4.28068e-07;2.01338e-05;3.43543e-06;3.27739e-08;0.996311;5.38074e-05;9.5089e-09;6.25243e-06;0.000186768;0.0032544;3.75703e-07
5.54701e-07;0.999206;1.08381e-06;1.25095e-06;1.6105e-07;3.92739e-08;5.19269e-10;1.62646e-05;1.34172e-08;7.99308e-09;2.57314e-09;2.07098e-08;0.000774495;1.31606e-07
1.5264e-05;0.349855;4.38346e-06;2.92593e-06;8.21457e-07;1.82213e-06;5.42958e-08;0.0368174;2.55167e-06;1.31245e-07;3.418e-06;0.0379713;0.575325;1.34153e-07
2.6363e-05;0.188595;5.19099e-05;0.0140405;0.634717;0.0429107;1.2063e-05;0.0125451;7.77555e-05;0.000737638;0.00110884;0.0195145;0.0730006;0.0126613
0.000943285;0.904166;0.000111827;4.80875e-05;0.00286833;9.21202e-05;0.00102435;0.0055784;7.26119e-05;0.000152675;0.00198707;0.0352624;0.0441269;0.00356575
0.000526984;0.473757;8.40379e-07;1.58358e-05;0.00485735;8.25786e-05;4.83384e-05;0.00902402;4.80914e-05;3.04031e-05;4.04412e-05;0.448742;0.0625872;0.000239397
4.49601e-05;0.989768;0.000107603;2.40477e-07;2.24023e-07;1.54087e-08;3.15869e-07;0.000209184;2.82676e-06;1.18326e-07;8.28112e-07;0.00983767;2.74332e-05;1.50501e-07
5.2206e-07;0.99238;1.95036e-10;9.54735e-06;0.0041625;1.25271e-06;5.95216e-08;0.000666602;1.07072e-07;2.38806e-06;2.71335e-07;0.00011279;3.47247e-06;0.00266087
1.6721e-05;0.00121342;0.00160337;0.000470311;0.000329307;0.00283007;3.39991e-07;0.000128458;4.28053e-07;5.99635e-05;1.31232e-05;0.990018;0.00218378;0.00113241
7.30527e-06;9.91289e-05;2.52232e-09;4.52466e-07;2.66678e-06;1.04532e-06;1.10406e-07;0.992802;2.38533e-06;5.21086e-09;2.82279e-05;1.30238e-06;0.00705528;2.37749e-07
3.68052e-05;0.109837;4.49276e-06;3.70561e-06;1.51043e-05;4.06955e-05;0.000182051;0.0115098;1.16968e-06;0.000133741;1.17409e-05;0.000485694;0.877482;0.000256588
4.28938e-09;6.48026e-09;1;1.13206e-08;3.20384e-10;3.64879e-10;5.06039e-09;7.15264e-09;9.82743e-09;5.82955e-10;4.67203e-08;2.70103e-07;1.225e-08;2.7443e-11
2.85644e-07;0.0105958;0.0270847;1.70568e-05;7.7323e-06;6.55757e-06;1.22335e-07;0.00421407;5.28067e-06;3.74984e-07;9.40894e-06;0.957645;2.43986e-05;0.000389197
4.73412e-06;0.986244;0.000663154;5.2501e-06;5.56859e-05;0.00082437;5.11563e-07;0.000225443;6.89643e-07;2.74531e-06;1.59014e-05;0.000688821;0.0109288;0.000339336
2.57374e-07;0.00755395;3.90591e-06;1.18982e-07;0.000418545;1.6881e-05;1.3382e-09;0.00703029;1.14826e-09;4.13721e-08;1.06463e-06;0.980138;1.09864e-05;0.00482597
5.27979e-06;0.221882;2.63687e-05;1.88024e-05;0.00288455;0.0161099;2.31908e-07;0.202198;2.36239e-08;2.45147e-06;2.90582e-06;0.000913763;0.555377;0.00057842
1.98683e-09;0.999634;6.70653e-12;3.59643e-09;1.00922e-08;4.28487e-09;2.46821e-09;1.64994e-05;7.15406e-11;6.18817e-09;6.95615e-11;5.9704e-07;3.24113e-05;0.000316603
0.000246007;0.571143;0.00297515;0.000959176;0.000296895;6.9107e-05;0.00366622;0.0794564;0.000124464;0.000171397;0.000956421;0.00140723;0.338512;1.59134e-05
7.5735e-07;0.99393;6.58857e-08;2.60136e-06;1.42656e-05;1.2383e-06;5.08735e-07;0.00310557;1.48091e-07;5.92554e-07;1.8516e-08;1.50216e-05;0.00291708;1.16401e-05
6.39354e-06;0.00442431;2.61531e-06;0.000253539;0.00057356;0.00401016;3.15728e-06;0.989014;2.25384e-06;7.2138e-05;2.85003e-05;0.000384285;0.000363526;0.000861244
3.14437e-05;0.998705;4.73057e-08;4.30748e-05;5.25703e-06;4.69467e-06;9.22356e-05;0.000371168;8.86096e-06;8.01226e-06;0.000455234;7.2694e-06;0.000105335;0.000162643
2.38109e-05;0.0135449;3.38386e-09;1.13153e-06;5.38153e-05;1.75178e-06;1.18934e-07;0.984814;2.77497e-05;4.00311e-08;8.04059e-06;9.46021e-05;0.00142774;2.49462e-06
1.32783e-06;0.999339;8.97775e-08;6.416e-09;3.62444e-09;3.11189e-09;8.01114e-09;6.40266e-07;2.495e-09;6.01723e-09;1.76913e-09;0.000481219;0.000177384;1.62605e-08
3.67562e-07;0.000182959;9.23037e-09;3.39675e-06;0.00147672;0.00217583;1.18133e-08;0.000255501;1.40996e-07;3.83927e-07;5.91008e-07;0.008523;3.17317e-05;0.987349
4.16216e-06;0.0021292;4.12412e-08;2.27319e-06;1.29664e-07;3.03449e-07;5.69194e-08;0.00385528;6.6735e-06;5.04271e-09;8.16657e-05;3.45048e-06;0.993917;3.56215e-09
9.6779e-06;0.00160728;1.78499e-08;4.87153e-07;7.26783e-08;3.67363e-08;7.03933e-10;6.9312e-05;7.70867e-06;5.57153e-09;1.15563e-06;0.997971;0.000332784;5.69431e-08
8.90905e-08;0.999972;5.67032e-12;7.31079e-09;1.02961e-08;1.507e-09;8.67546e-07;6.27044e-07;5.06711e-11;1.96482e-06;5.33041e-10;2.8696e-10;5.99316e-06;1.82237e-05
2.12203e-12;6.40347e-14;1;2.59655e-11;6.38534e-11;7.84279e-11;2.1852e-12;5.86191e-13;7.96931e-15;2.11307e-11;7.31031e-14;6.23983e-10;5.80682e-13;1.67113e-12
4.38041e-07;0.00182693;1.22454e-08;1.96335e-05;6.81683e-06;0.00172108;0.000376569;0.000152888;1.78698e-05;5.7031e-07;0.00011676;9.04643e-08;0.995748;1.24954e-05
6.33577e-07;2.94756e-05;0.999848;1.48406e-06;1.73265e-08;3.4882e-09;8.30412e-05;3.55355e-09;2.73693e-08;3.12007e-05;3.98e-07;5.47855e-06;4.7554e-09;8.51137e-07
4.47091e-08;7.15797e-08;0.99998;3.21058e-07;4.31578e-09;1.04701e-09;1.62694e-06;2.20719e-09;2.79791e-06;2.0873e-08;1.14003e-05;3.7212e-06;3.10183e-09;1.46682e-09
4.26119e-07;0.981698;2.96875e-07;5.54177e-07;1.27282e-07;1.20856e-07;7.53949e-07;6.61999e-06;4.06383e-08;1.12782e-06;1.22622e-06;6.15037e-07;0.0182904;1.27188e-07
8.62305e-08;2.05543e-05;1.25061e-09;2.03573e-07;7.62252e-06;9.44666e-08;7.42694e-08;3.20919e-05;1.27933e-08;2.17716e-08;6.77079e-07;0.999801;0.000130264;7.14865e-06
1.54893e-07;0.00127124;5.47194e-07;5.32187e-07;0.000550927;0.000165621;1.38941e-08;0.00355856;1.29002e-09;1.65076e-07;1.70327e-08;1.72946e-06;0.994359;9.12543e-05
8.60535e-07;0.000217031;6.33584e-08;3.24819e-06;1.19528e-06;9.89932e-05;9.47085e-07;1.86459e-05;2.60748e-06;8.28162e-07;1.56757e-05;9.36876e-05;0.999539;7.33879e-06
5.32435e-06;0.0119973;0.987887;1.23981e-05;8.04771e-06;2.37175e-06;3.42157e-07;2.4334e-05;6.19914e-08;6.9425e-06;1.44825e-07;4.16047e-05;4.27534e-06;9.50522e-06
1.1924e-07;0.999246;1.23656e-07;1.18597e-06;5.47068e-06;6.67034e-07;1.07716e-07;0.000442273;8.90014e-07;1.57231e-08;2.97915e-06;2.03055e-05;0.000237284;4.25234e-05
1.7586e-07;0.00230969;1.94159e-08;1.37155e-06;0.000318816;1.1105e-05;1.49712e-06;0.997211;2.85697e-05;1.63352e-06;3.69782e-05;2.44134e-05;4.81324e-05;6.54636e-06
6.5277e-08;1.63767e-06;0.999955;9.61948e-07;1.21686e-05;3.80774e-08;1.04039e-08;8.00594e-06;8.0281e-09;6.0914e-07;3.1819e-07;2.02525e-05;1.38519e-06;1.8641e-07
6.02288e-08;0.999982;7.88181e-08;5.55545e-10;2.30171e-10;2.10121e-12;1.3896e-05;2.53251e-10;1.82483e-10;4.23513e-07;2.81269e-10;1.83279e-11;6.72824e-10;3.94187e-06
4.60001e-08;9.44627e-10;0.999998;9.11658e-12;1.56163e-11;5.16293e-15;1.23431e-06;2.44202e-09;7.62698e-08;3.47563e-11;1.44894e-09;7.47026e-07;4.56069e-12;1.22487e-11
5.82647e-06;0.00153273;1.29754e-08;2.83992e-08;2.6861e-06;6.60084e-07;2.73702e-05;0.991606;0.000362024;3.58616e-07;5.63507e-06;4.31682e-09;0.00645151;5.29441e-06
2.94165e-09;7.45867e-09;0.999998;3.71562e-10;1.64981e-10;5.47127e-11;5.91747e-09;2.86441e-10;9.66321e-10;1.61719e-10;5.42215e-10;1.54018e-06;2.66757e-08;1.85288e-11
3.546e-08;1.27035e-07;0.999945;6.6261e-08;1.35387e-06;7.07224e-08;2.17581e-09;1.67066e-05;8.1783e-08;9.30752e-10;3.2315e-09;2.99246e-05;2.54694e-08;6.8411e-06
8.9712e-08;5.45014e-06;7.05256e-07;1.30395e-08;0.000400167;0.000573535;8.85187e-12;1.39345e-06;1.15425e-08;4.11743e-08;3.57011e-11;4.7094e-07;5.01882e-08;0.999018
0.000102068;1.53494e-05;2.61311e-07;5.27271e-07;3.23436e-05;1.1883e-06;1.03722e-08;0.999443;7.31293e-05;6.69197e-09;2.84273e-06;2.51237e-05;0.000302841;8.67045e-07
3.66658e-07;0.999758;9.26973e-09;9.17616e-07;4.12869e-07;8.03989e-10;9.35439e-10;0.00019468;7.55353e-08;6.32072e-09;6.54437e-09;6.73073e-08;4.57153e-05;4.34694e-08
3.34445e-06;0.974446;3.17846e-05;6.78177e-05;2.66497e-06;9.07713e-07;3.02007e-08;1.13528e-06;4.03828e-09;4.09403e-06;2.63862e-07;4.49877e-05;0.0253845;1.28962e-05
1.25054e-05;0.00271778;0.000211724;1.03607e-05;4.74641e-06;8.82411e-07;3.3396e-06;0.00022508;3.78069e-07;9.97428e-07;5.31689e-06;0.98513;0.0116742;2.58395e-06
4.32158e-05;0.220212;6.14524e-06;3.05418e-05;0.174651;0.000819219;6.67347e-07;0.295694;1.24352e-06;1.93947e-06;1.43633e-06;0.000329013;0.307702;0.000508743
2.6217e-05;0.00375753;2.5908e-10;1.47897e-06;1.076e-06;0.000431143;1.44689e-07;0.000315644;1.32733e-06;9.14615e-08;8.01874e-07;0.000232608;0.995211;2.06562e-05
3.30276e-07;3.85984e-05;0.999805;6.10945e-08;2.47247e-08;2.81172e-08;3.56496e-09;1.20929e-07;9.92792e-11;2.51629e-08;4.59907e-10;0.000152318;3.42965e-06;1.64801e-07
5.84281e-08;0.995321;2.78679e-08;7.44e-08;1.48145e-07;1.51024e-07;7.26882e-06;0.00450031;2.11345e-08;1.6125e-07;1.98981e-08;2.51386e-10;0.000112252;5.84816e-05
2.07607e-11;1.71855e-09;1;6.19393e-11;7.43535e-12;4.2031e-12;3.29943e-11;4.13127e-11;1.58872e-11;7.78418e-12;7.22248e-11;8.40153e-09;1.66839e-10;6.58923e-13
1.74763e-07;0.00152975;0.000946546;1.51833e-05;0.000116265;6.20837e-05;1.59837e-07;0.00129512;8.7534e-05;3.03728e-07;1.54622e-05;0.994725;6.51418e-05;0.00114147
7.75662e-08;0.999871;1.95053e-06;2.83837e-09;3.74258e-08;5.17031e-07;1.36775e-06;1.96439e-06;4.48599e-09;2.75862e-08;2.23719e-08;3.12795e-06;0.000119879;2.62786e-07
1.08508e-09;7.77159e-05;8.44139e-07;2.35173e-07;2.13466e-05;0.000294659;1.28696e-11;1.21655e-05;5.536e-10;2.84118e-09;1.19346e-08;0.98555;1.12517e-05;0.0140317
4.10064e-07;0.714176;8.72279e-08;1.56789e-07;3.24572e-05;2.14822e-06;6.89912e-09;0.268891;3.04578e-08;5.86191e-09;2.3644e-07;2.52318e-07;0.0168963;8.37545e-07
1.73729e-10;0.999991;1.18898e-10;1.34055e-10;8.66012e-10;1.53456e-10;3.91894e-11;1.12266e-09;1.14e-16;1.8133e-08;4.54455e-16;4.62769e-11;7.85744e-10;9.39278e-06
1.28537e-10;3.87544e-11;1;1.64339e-12;2.90426e-12;6.89871e-14;1.0267e-10;3.21192e-11;2.16925e-12;5.48017e-13;1.22451e-12;8.31439e-08;5.95017e-13;5.47568e-14
2.90867e-06;0.409757;4.63432e-06;1.10725e-05;3.78034e-06;2.34382e-06;0.00119237;0.558045;0.00138251;1.44459e-06;0.000106088;8.50221e-06;0.029482;2.57269e-07
5.56847e-06;0.0594758;2.50007e-07;1.069e-05;0.0004845;9.54522e-05;1.7738e-05;0.935009;0.00120418;2.62445e-05;0.000246253;0.0001469;0.00202133;0.00125656
1.22531e-05;0.965466;1.98191e-07;3.24374e-05;0.000566792;1.25139e-06;2.87944e-05;0.0230517;9.8666e-06;6.51641e-05;0.000135821;0.00961272;0.000969224;4.82156e-05
0.0023954;0.0570799;0.0234879;0.00034861;0.00454942;3.82664e-05;1.47925e-05;0.0016032;6.83655e-06;3.62068e-05;0.000138192;0.703284;0.207012;5.8635e-06
0.000430784;0.00259191;2.1606e-06;3.78766e-06;4.06611e-05;1.01948e-07;1.97346e-05;0.993051;0.00211587;3.99807e-07;0.000161364;0.000319827;0.00126238;2.99136e-07
0.00174775;0.548525;8.43988e-06;0.0010974;0.00139586;4.92019e-05;0.000123492;0.00351446;0.0156376;0.000497647;0.0025185;0.420262;0.00436968;0.000253394
0.0721369;0.114804;0.000607177;0.072318;0.0238146;0.015715;0.0179627;0.00338635;0.178383;0.0573565;0.0269516;0.00937425;0.0391629;0.368026
0.00282143;0.972046;1.76124e-06;9.5132e-06;1.47499e-06;5.51621e-07;0.000340272;0.000875743;0.0103665;4.37378e-07;3.39973e-05;0.00224702;0.0112489;5.84203e-06
0.00153728;0.0432222;7.25157e-05;0.00117686;0.00741698;0.0112239;3.57639e-06;0.912515;0.00170137;7.86414e-05;9.93088e-05;0.00733649;0.00526765;0.00834814
0.000171582;0.991425;2.50761e-07;7.27299e-06;4.86056e-06;4.86594e-06;7.91604e-07;0.00432884;2.53539e-05;6.33624e-07;2.15205e-05;2.24538e-05;0.00396194;2.42358e-05
0.000110825;0.00939752;5.1675e-07;2.73381e-05;0.000448713;4.71381e-05;2.7701e-06;0.981348;0.000676306;1.76212e-05;4.45575e-05;0.000279517;0.00750918;8.99676e-05
3.98837e-05;0.999672;1.36193e-08;9.50421e-07;2.94577e-07;6.68114e-08;1.4694e-05;7.99021e-05;1.34454e-06;6.32874e-05;3.72033e-07;8.29222e-07;0.000110619;1.59222e-05
7.66961e-10;1.58766e-11;1;1.63025e-10;8.60465e-11;2.5936e-12;7.55023e-10;2.89053e-13;6.4407e-11;2.49836e-10;1.12698e-10;5.1645e-08;1.92855e-14;3.49893e-11
3.29425e-05;0.942305;4.8858e-05;1.65851e-07;7.81682e-07;4.08939e-08;0.000489878;0.0345283;4.08234e-05;1.95293e-06;1.91999e-05;1.49257e-05;0.0225173;1.72084e-07
9.55786e-06;0.579726;4.417e-05;0.000323308;0.00597005;0.0764001;0.000143736;0.0027925;0.000744909;0.00386507;8.10783e-05;0.00346472;0.177458;0.148977
9.13365e-06;9.64876e-05;0.0346541;0.000230846;1.185e-06;6.0502e-06;0.00394888;9.68683e-09;2.43074e-06;0.0284575;3.00385e-06;0.932366;5.40207e-07;0.000223695
2.94417e-06;4.86637e-06;0.999356;1.5172e-05;6.81332e-10;1.28728e-08;0.000187627;5.9438e-09;0.0001573;1.63104e-06;0.000271468;2.67476e-06;2.63803e-08;4.9775e-10
2.14192e-06;0.999924;5.80077e-07;2.53237e-06;1.92103e-07;1.10146e-09;9.48533e-08;2.20321e-06;3.42413e-07;3.64041e-08;1.03131e-06;3.56599e-05;3.1438e-05;1.99935e-10
1.61967e-08;0.999969;5.73641e-14;1.95532e-09;4.16037e-10;1.0819e-10;4.38832e-06;1.40715e-07;5.37721e-11;1.55349e-06;3.34874e-10;1.679e-11;2.28452e-06;2.28651e-05
6.98906e-12;8.30959e-14;1;5.79131e-11;3.31492e-11;4.8073e-11;2.77352e-11;1.05184e-12;3.16443e-13;4.21552e-11;7.22239e-13;4.30542e-09;4.30165e-12;1.90625e-13
2.53022e-07;0.0114393;6.77891e-10;3.11362e-06;1.69681e-06;0.000125422;5.09018e-05;2.95416e-05;2.07913e-05;1.06981e-07;1.35629e-05;3.89204e-08;0.988303;1.23763e-05
1.98863e-06;0.000726879;0.998672;6.83201e-06;3.95893e-07;9.49595e-08;4.38081e-05;1.45223e-08;6.93125e-08;0.000154275;1.22957e-07;0.00030677;4.17338e-08;8.73114e-05
1.32893e-07;1.25757e-08;0.999949;2.31507e-06;2.14164e-08;5.04336e-09;7.91039e-07;2.90672e-09;3.45212e-05;7.3054e-08;1.24136e-05;3.60599e-07;3.54947e-10;3.84302e-10
1.87898e-05;0.949086;2.49781e-05;3.98611e-05;6.64095e-07;5.14644e-07;7.74513e-07;4.18482e-05;4.60397e-06;1.76405e-06;2.92275e-05;1.80125e-07;0.05075;2.2094e-07
1.6265e-08;2.57183e-05;8.51194e-09;6.12487e-10;8.85036e-10;1.19637e-11;1.19238e-09;6.91754e-07;1.11242e-09;1.58057e-10;2.78796e-08;0.999973;1.60252e-07;6.66444e-09
1.04441e-07;0.993129;7.95739e-07;4.00887e-08;1.05236e-05;1.09483e-07;2.92083e-09;0.00263045;6.59897e-10;1.23853e-08;9.17553e-10;2.17452e-07;0.00392489;0.000303997
9.21226e-07;3.3898e-05;4.31281e-08;4.06646e-07;6.80855e-07;0.00734044;6.94254e-08;2.04828e-05;3.85117e-06;8.20613e-07;2.55713e-07;9.01338e-06;0.99252;6.86764e-05
5.24819e-08;3.0512e-06;0.999978;3.07979e-07;6.28735e-08;5.83645e-08;1.44646e-09;1.31617e-07;7.36075e-10;5.51086e-07;4.38705e-10;1.78096e-05;1.26998e-08;6.58959e-08
6.38579e-06;0.985133;1.16763e-05;9.29999e-05;1.62556e-05;1.31741e-05;3.96964e-06;0.00785806;0.000101824;2.8709e-06;9.55226e-05;3.58228e-05;0.00655076;7.72198e-05
