9.56003e-07;0.999354;4.12108e-09;6.5589e-08;6.35593e-07;3.56187e-07;5.5928e-05;0.000155272;5.00071e-08;4.97499e-05;2.46547e-08;3.79965e-09;0.000372494;1.07978e-05
1.34817e-11;6.44671e-13;1;8.27274e-10;4.66778e-10;5.1862e-10;1.59756e-11;2.4014e-12;5.01339e-12;7.3525e-11;2.32327e-11;1.69158e-07;8.90584e-12;9.39072e-11
6.39403e-07;0.984062;4.98899e-07;9.78477e-08;5.56548e-07;7.09824e-07;2.82121e-06;0.00143123;9.36269e-08;7.59317e-08;2.03319e-07;1.82829e-05;0.0144821;6.92809e-07
2.09699e-06;0.0128915;1.67959e-07;8.162e-07;0.000149002;2.16732e-06;5.99292e-08;0.943247;6.73653e-07;8.98954e-08;4.66689e-06;3.33017e-06;0.0436981;7.87798e-07
0.000172688;0.553183;0.392098;0.00442049;0.00718042;0.0044997;3.17287e-05;0.00404392;2.84807e-05;0.000214814;0.00027644;0.00292388;0.0259084;0.00501818
6.53348e-05;0.782257;0.000141475;9.56233e-08;8.05277e-07;2.66581e-08;5.58846e-07;0.0110655;6.12593e-06;3.6057e-08;7.95967e-05;0.203558;0.00282597;1.3404e-07
5.59421e-07;0.957557;2.69654e-06;4.22749e-06;8.59219e-05;0.000122953;0.0192658;8.26354e-06;1.46144e-07;0.00944244;5.81616e-06;2.38156e-05;4.46581e-05;0.0134356
1.82049e-10;1.01672e-12;1;1.36156e-09;1.30882e-10;5.92412e-11;9.78139e-11;4.37357e-13;9.2632e-10;1.2468e-11;4.13561e-09;5.1965e-08;2.0566e-10;8.75563e-13
0.000213254;0.931025;0.00082949;5.9463e-05;0.000113965;1.59483e-05;9.03675e-06;0.00253326;3.66993e-06;1.94073e-05;3.14054e-05;5.09269e-08;0.064709;0.000437126
3.63337e-06;0.0159357;6.90721e-07;1.4655e-08;2.81075e-09;5.74929e-09;7.62976e-06;8.6841e-08;7.60357e-07;9.79222e-08;2.69117e-06;0.979688;0.00436051;3.01377e-08
6.30977e-05;0.191858;2.4519e-07;0.000328923;0.00146891;0.0787429;0.000238851;0.0321832;0.00489977;0.000215329;0.00247178;0.0761859;0.609993;0.00135001
0.000382287;0.354538;0.628362;8.01365e-05;0.000120863;0.000317608;8.9555e-07;0.00689092;3.09634e-06;3.72045e-05;3.23139e-07;0.00423069;0.00490579;0.000130645
0.000256792;0.939232;1.6709e-06;5.97653e-05;0.000432216;0.000295121;2.0336e-05;0.0424621;0.000214865;6.1362e-05;5.82873e-05;0.00064664;0.0142359;0.00202335
6.04362e-06;0.998518;6.69695e-08;7.17031e-07;2.15043e-08;1.97114e-07;3.35719e-06;1.80453e-07;1.15118e-05;7.3647e-07;1.01902e-06;0.000479892;0.000978117;1.90411e-08
4.37517e-05;0.823713;7.78353e-06;1.33338e-06;4.95148e-07;1.85657e-06;2.59314e-07;0.00101428;3.44387e-05;6.70343e-07;7.07357e-06;0.175081;9.06815e-05;2.72574e-06
2.94693e-08;0.999924;1.23525e-11;1.29831e-07;3.43845e-05;1.65105e-07;3.31704e-08;1.93767e-05;6.53882e-08;1.92904e-07;4.11189e-08;8.39929e-07;1.77642e-05;3.12818e-06
5.93633e-06;1.54878e-05;0.0639048;8.09411e-06;2.92075e-05;3.88079e-05;8.61389e-09;3.88317e-05;3.77814e-08;2.22068e-06;1.23895e-06;0.935398;0.000556742;3.18782e-07
4.76936e-05;0.953357;7.52238e-09;6.37899e-07;3.59786e-07;7.66797e-08;0.0419732;0.00390039;7.0581e-06;0.000646903;4.07638e-05;2.14213e-07;4.11378e-07;2.55261e-05
1.22053e-07;5.42163e-07;0.999995;2.39451e-07;1.731e-08;7.49873e-08;5.05313e-07;7.85084e-09;6.3958e-07;6.62599e-08;5.62045e-07;2.54929e-06;2.39639e-08;6.43393e-09
2.59218e-07;0.999785;9.76181e-08;6.40651e-07;1.37826e-07;1.17787e-08;1.05904e-08;0.000189629;4.29752e-08;2.6905e-08;5.16109e-08;3.02466e-06;2.15926e-05;1.45403e-08
1.23062e-07;0.989347;1.54468e-08;1.23324e-08;1.56102e-09;1.41965e-07;7.47294e-08;2.09991e-06;1.9344e-09;1.16547e-07;3.58864e-08;0.00185184;0.00879817;7.60291e-08
1.45537e-06;0.00664832;5.96097e-05;2.61093e-05;0.000445816;0.000571815;1.37427e-07;0.000389424;7.01366e-07;1.53802e-06;3.0971e-05;0.991116;0.000655935;5.1668e-05
0.000381549;0.696198;0.000555832;8.2239e-05;0.00719424;0.00363309;7.37464e-06;0.191852;0.000789214;3.86346e-06;0.00084169;0.000356354;0.0799268;0.0181781
2.69381e-05;0.0908533;1.96283e-06;2.58869e-06;0.00295849;0.00290495;8.64593e-07;0.679309;1.06845e-05;5.27769e-06;9.81261e-06;0.120991;0.0952599;0.00766462
8.85217e-06;0.981847;6.0485e-07;9.63239e-07;2.16572e-07;1.89888e-07;0.0174164;0.000238236;7.98753e-07;0.000356994;4.12225e-06;1.24133e-05;0.000112451;9.59915e-07
6.9273e-09;7.37837e-08;0.999999;4.90379e-08;1.09586e-10;9.98647e-10;3.10828e-07;5.86887e-10;8.97279e-08;1.80203e-08;1.62819e-07;1.29096e-08;7.14963e-09;3.91938e-11
4.56317e-05;0.992856;6.71485e-05;2.42761e-06;3.0194e-08;1.41522e-08;3.54741e-05;0.00338384;2.9879e-05;3.32099e-06;0.00150468;0.00127369;0.000797601;1.39741e-08
2.29821e-08;0.999589;1.96288e-13;9.58998e-07;2.42788e-07;1.76917e-09;3.16831e-05;9.52565e-08;1.77107e-07;2.26789e-05;8.0275e-07;5.3383e-05;6.01866e-08;0.000301207
2.83987e-06;1.99045e-05;0.999339;2.24798e-05;6.11168e-09;7.24327e-08;0.000118833;2.48496e-06;3.86933e-06;6.26283e-07;0.000425929;1.46749e-05;4.9768e-05;9.6083e-10
9.00722e-06;0.939648;4.49568e-05;5.74037e-06;6.55951e-07;1.57935e-06;1.59661e-05;0.0173987;2.19207e-06;3.61645e-06;0.000106212;0.00544308;0.0373202;1.95169e-07
3.72056e-05;0.0195798;4.65358e-09;0.000152516;0.000774634;8.19941e-05;1.20208e-06;0.0142969;0.000128125;7.05319e-06;0.000550165;0.459738;0.501858;0.00279514
0.00498132;0.268419;6.64763e-07;8.7126e-05;0.00021372;1.37426e-06;0.000185802;0.670019;0.0208805;3.2022e-05;0.00170385;0.00281906;0.0306561;1.81841e-07
0.00821455;0.321931;0.208991;0.0403543;0.0102748;0.0054657;4.34545e-05;0.00193256;0.00152683;0.0118054;0.00143868;0.00330415;0.382585;0.00213311
0.00820153;0.868244;0.0239933;0.000695011;0.000344498;2.17593e-06;3.54251e-05;0.00333294;0.000400106;7.98588e-05;4.56327e-05;0.0757254;0.000688502;0.0182121
0.000352365;0.0582449;4.94601e-08;0.000141257;0.0165338;0.000108667;1.20689e-05;0.919088;0.00164655;1.24087e-05;0.000123128;1.81611e-05;0.00295047;0.000768163
0.000653037;0.0525595;0.0651722;0.00297708;0.000556416;0.00347263;1.61541e-05;0.00041863;0.00020867;0.000146429;0.000877803;0.370557;0.494226;0.00815916
1.28461e-06;0.000137146;2.48575e-10;3.31509e-10;2.48977e-06;7.0774e-11;1.57005e-08;0.999858;1.28967e-07;1.46646e-09;7.21459e-09;1.07299e-07;1.16469e-08;9.22992e-07
8.98409e-07;2.29622e-05;0.999581;2.81744e-07;2.90428e-05;1.01581e-05;6.82081e-09;1.07111e-07;1.29767e-08;1.17723e-07;6.96825e-08;0.000335067;1.68219e-05;3.45305e-06
4.23672e-06;0.998411;2.38138e-09;9.61987e-09;8.30761e-08;1.35852e-07;3.46039e-05;0.00151047;5.84693e-07;8.07603e-07;2.1801e-06;5.64276e-06;5.92228e-06;2.41714e-05
1.29492e-09;2.45042e-09;1;3.58582e-11;3.92721e-10;8.59538e-11;1.20332e-09;5.76181e-10;7.47932e-10;1.67675e-11;1.13113e-09;2.09124e-08;4.10342e-10;4.37391e-11
0.000967869;0.339469;0.000761064;9.2752e-05;0.000618641;0.00073961;0.000174902;0.483543;0.0162267;7.79405e-05;0.00541971;0.107608;0.0406389;0.00366132
8.27087e-09;1.9925e-06;0.999982;1.0188e-08;1.27462e-07;1.78113e-08;2.27798e-10;4.30206e-09;1.03331e-10;5.24437e-09;7.52585e-09;1.50948e-05;4.55822e-07;3.42042e-07
8.4876e-06;0.959976;2.26292e-06;8.59011e-05;0.000190445;0.000618164;0.000206819;0.0266371;0.000432542;5.8785e-05;0.00126481;4.18248e-05;0.00900502;0.00147145
0.00131605;0.0493359;0.000158929;0.00377331;0.0180409;0.00927722;0.0369333;0.402393;0.0289735;0.00191678;0.226052;0.00818725;0.213551;9.03858e-05
5.03252e-05;0.64606;7.66826e-10;2.40009e-07;2.89587e-08;1.1321e-07;1.78879e-06;5.42941e-05;5.838e-07;3.78223e-08;1.17233e-06;0.00021136;0.35362;1.1888e-09
1.89315e-06;0.00999539;1.68288e-05;7.69492e-08;4.77023e-06;2.28216e-07;1.3527e-09;0.000268595;7.80873e-09;7.58565e-08;1.91946e-08;0.988797;0.000904267;1.06417e-05
9.24017e-07;0.982581;1.26216e-09;6.46869e-07;3.83655e-08;1.06058e-07;0.0153539;1.24036e-05;9.94338e-06;0.00149668;4.1354e-06;2.77691e-09;3.44628e-05;0.000505586
1.17645e-09;1.8392e-11;1;2.83592e-10;3.72305e-12;6.87962e-12;3.74497e-10;8.31963e-10;2.50118e-09;2.46494e-11;5.82216e-10;5.00743e-09;5.77567e-10;1.16912e-14
