1.50855e-05;0.980042;1.4831e-07;1.15826e-05;1.96602e-05;3.24098e-07;1.96677e-06;0.0180198;6.63876e-05;6.1738e-07;7.63973e-05;0.000227491;0.00148793;3.09709e-05
6.42269e-07;0.998884;1.37906e-08;5.87569e-07;1.53294e-06;1.40434e-06;5.09831e-06;0.000281038;8.70735e-09;2.57561e-05;1.99355e-08;7.3108e-09;0.000665458;0.00013465
3.74131e-12;8.00979e-14;1;3.82929e-11;1.4249e-09;1.7545e-11;2.10911e-13;2.07109e-12;3.31725e-13;5.38945e-12;3.94682e-12;1.53809e-08;8.85759e-15;2.14284e-10
1.22128e-06;0.963582;1.84517e-08;3.27497e-07;1.63189e-06;7.15244e-07;3.02794e-06;1.1013e-05;4.46245e-05;7.61453e-09;7.87883e-05;0.000115391;0.0361601;7.88551e-07
7.18497e-09;7.0722e-08;1.96219e-10;8.87383e-12;5.83394e-09;1.2067e-09;1.06842e-10;1;1.60064e-08;3.26886e-11;1.44449e-10;6.30568e-10;9.35835e-09;9.6204e-10
1.651e-06;0.000365792;2.93787e-05;0.000174871;0.128152;0.016162;1.41901e-08;0.00091663;3.02777e-05;1.78264e-06;7.56338e-06;0.502138;4.50745e-05;0.351974
1.35775e-05;0.987606;9.3969e-08;1.74899e-07;4.91048e-07;6.71204e-08;5.94974e-08;0.00147113;1.06822e-07;4.24311e-08;1.94061e-06;3.34678e-06;0.0108641;3.88238e-05
2.05651e-08;0.999681;3.23844e-10;1.20929e-09;1.93216e-09;1.54545e-09;7.81565e-05;1.24664e-06;9.54173e-09;1.94623e-06;4.14528e-10;1.54071e-08;7.02086e-07;0.000236684
3.00468e-12;2.40509e-13;1;2.55632e-09;4.75339e-11;5.86463e-12;3.2242e-10;2.45306e-12;7.31864e-11;5.65076e-11;7.81477e-10;1.19083e-08;5.85192e-15;9.86696e-12
5.12379e-07;2.86353e-05;2.30626e-10;1.14745e-08;4.28512e-08;2.85648e-10;3.71262e-08;0.999967;7.53604e-07;3.6256e-10;1.30824e-06;1.63379e-09;2.15247e-06;1.82044e-08
9.80206e-08;0.0359955;1.28715e-09;8.28149e-07;8.79537e-08;2.84602e-07;3.55192e-06;3.48864e-07;7.93049e-09;6.3236e-05;4.70571e-08;1.11243e-07;1.94142e-08;0.963936
1.77633e-07;9.27445e-10;0.999951;1.1662e-07;6.05019e-10;4.83988e-10;2.49256e-06;3.81205e-10;1.4519e-06;4.31254e-08;1.87497e-05;2.63935e-05;1.77364e-09;5.3271e-10
5.73892e-05;0.353714;6.84516e-08;0.000262088;9.47044e-05;8.32127e-05;0.000142089;0.391341;0.0029638;1.13404e-05;0.0337031;0.000129531;0.217493;3.96496e-06
8.39168e-06;0.00726682;0.000198322;3.31994e-05;7.49597e-07;2.14085e-06;7.49732e-07;3.97628e-05;7.8809e-07;4.35441e-06;4.49457e-05;0.990739;0.00166047;5.57556e-07
2.91799e-05;0.00614926;3.27414e-07;0.0122099;0.000120374;7.24823e-05;0.000398788;0.000364345;0.0150871;0.000151756;0.963282;0.000337805;0.00179319;3.52415e-06
0.000190951;0.00746351;0.000115757;0.00071931;3.6821e-07;9.01785e-05;1.63695e-06;2.19908e-06;1.37978e-06;2.59326e-05;0.00111514;2.32602e-06;0.990271;3.72627e-07
0.00456301;0.165192;0.0186266;0.000506148;0.000209567;0.000259915;1.14639e-05;0.00181175;0.000411396;2.3095e-05;0.0769173;0.431998;0.299456;1.32873e-05
0.00108209;0.197816;0.059374;0.000497281;0.0107078;0.00195962;1.93439e-05;0.483413;0.000390778;9.98476e-05;0.000557695;0.0053212;0.23306;0.00570107
0.00109822;0.0307439;0.00156682;0.00207874;2.44182e-05;0.000772334;0.0001931;0.00936813;0.142215;0.00016354;0.108803;0.000476512;0.702216;0.000280137
