1.76304e-06;0.9991;8.5514e-08;8.20843e-08;1.03727e-06;5.50638e-08;1.36888e-06;0.000709971;3.28648e-07;8.75716e-07;3.4426e-07;4.42809e-05;0.000123016;1.66228e-05
0.000135216;0.979576;1.69625e-05;8.45593e-05;1.89139e-05;4.08677e-05;0.0001962;0.0010515;0.000312305;6.04445e-05;0.000881822;0.00629295;0.0109774;0.000355234
7.36683e-06;0.989523;0.00208586;1.05449e-06;1.44337e-07;2.65031e-08;8.95785e-08;2.63555e-06;6.26063e-09;4.87749e-07;7.75012e-08;0.00813983;0.000184367;5.50722e-05
4.48649e-08;0.00246084;5.98956e-11;5.69213e-08;5.98849e-05;2.11112e-07;6.31659e-08;8.52883e-07;5.2717e-09;2.22736e-06;2.66192e-09;1.36702e-08;1.55859e-11;0.997476
1.73734e-05;0.000514268;0.99707;1.60342e-06;2.57871e-06;4.23152e-06;7.87967e-07;0.00021824;5.61868e-07;1.39412e-07;1.33203e-06;0.000816214;0.00135225;4.09793e-07
4.44958e-07;0.998738;9.07653e-07;1.06507e-09;3.40317e-08;4.00471e-09;1.14526e-07;0.00113129;3.64483e-09;1.94101e-08;1.31217e-08;5.1301e-05;7.75838e-05;7.45461e-09
2.00924e-07;0.00420787;3.06864e-05;2.36181e-05;0.000772808;0.00264951;1.31341e-07;0.00539754;4.41502e-07;7.82414e-06;5.90012e-07;0.974113;0.00158171;0.0112139
8.19685e-08;0.00122489;3.1226e-10;4.47752e-07;1.6844e-07;2.70026e-07;6.43378e-08;0.000486897;2.80193e-07;6.2963e-09;2.41095e-06;2.81178e-07;0.998284;1.99013e-08
3.33566e-06;0.000391291;4.09777e-08;7.24041e-07;2.78443e-07;2.71565e-08;7.12434e-09;0.000126668;3.22274e-06;2.07321e-08;4.11836e-07;0.998601;0.000872865;1.66297e-07
4.309e-06;0.975133;0.000111121;1.48739e-05;4.83433e-05;6.22358e-08;2.54805e-09;0.0237583;8.97475e-08;1.56455e-07;3.94975e-08;0.000790051;0.000139253;2.23214e-07
3.79766e-07;0.998774;2.98289e-09;9.2717e-06;9.33682e-06;3.71127e-06;1.76413e-05;0.000105071;2.63316e-08;0.000609006;9.82966e-08;1.31623e-08;0.000235537;0.000235866
2.68278e-12;1.38252e-13;1;9.76721e-10;1.56405e-10;2.51917e-11;4.72136e-12;2.56242e-14;2.69144e-13;2.08753e-11;1.59717e-11;1.04097e-08;4.58435e-15;4.78415e-11
8.43734e-07;0.976665;5.12182e-08;6.0692e-07;4.04685e-06;3.60195e-08;9.29987e-07;0.0208542;8.69237e-07;1.28709e-08;2.357e-05;1.43902e-05;0.00243586;2.86766e-08
3.06536e-07;0.994076;1.02864e-05;2.46793e-07;2.6867e-08;2.37844e-08;0.00443765;1.59761e-08;2.55854e-09;0.00122672;2.36668e-07;6.59822e-08;4.00093e-09;0.000248339
2.76097e-11;1.74133e-12;1;2.15889e-11;1.80911e-12;1.55847e-12;2.1801e-09;2.59933e-12;1.31831e-10;3.25731e-12;2.20474e-09;3.56228e-08;1.11147e-12;2.42455e-12
5.78129e-08;0.98887;4.61921e-10;1.1742e-06;1.01078e-07;1.70547e-06;1.0796e-05;2.27133e-05;3.16395e-05;4.2095e-07;0.000136579;3.62477e-07;0.0109249;3.06815e-08
3.55956e-08;1.37197e-05;6.27827e-06;7.86047e-08;1.1284e-08;1.19057e-07;8.06526e-10;1.05489e-08;4.64248e-09;1.48836e-09;2.85358e-07;0.999978;1.31804e-06;1.45424e-07
0.000236338;0.38619;6.48774e-06;5.2759e-05;9.00717e-05;0.0038848;0.000149335;0.264744;0.00236882;8.06985e-06;0.000674139;8.74741e-05;0.341469;3.90787e-05
3.43589e-06;0.988542;4.02936e-07;1.10936e-05;4.23156e-06;9.86117e-05;1.25336e-08;0.00148641;8.06608e-06;1.91719e-07;3.12819e-06;0.00878733;0.00105353;1.58175e-06
7.94692e-07;0.999081;6.48501e-08;1.4747e-07;2.00287e-06;1.87824e-06;1.11007e-08;0.000250976;1.7772e-08;5.93292e-07;1.47365e-08;1.34883e-06;0.000634117;2.66181e-05
6.04226e-05;0.0166153;4.5136e-06;6.38079e-05;0.00131247;0.00085667;1.18627e-05;0.000156331;0.00112964;5.23019e-06;0.00050166;0.96523;0.00800969;0.00604252
1.99389e-05;0.998236;2.98285e-08;9.31452e-08;1.25035e-08;1.2223e-08;8.6981e-06;3.93512e-06;4.13597e-05;1.06494e-08;7.08783e-07;8.76862e-06;0.00168067;4.11866e-09
2.02066e-05;0.39194;1.97842e-05;3.06191e-05;0.000657322;0.000151382;1.07009e-06;0.000954891;8.94144e-05;4.61691e-06;1.14732e-05;0.604324;0.000417594;0.00137733
1.68354e-06;0.999202;1.8235e-10;1.16086e-06;3.35294e-05;4.1105e-06;4.65716e-08;0.00014182;1.59207e-06;3.67243e-08;1.59987e-06;0.000148919;0.000447112;1.60808e-05
2.20196e-07;0.00423386;7.10426e-05;1.22277e-08;2.9822e-08;1.03134e-09;4.03516e-10;2.1212e-05;1.28166e-10;1.21756e-09;1.07529e-09;0.99564;2.94199e-05;4.38959e-06
6.80419e-05;0.394052;2.1048e-06;5.19941e-05;0.00236059;0.0011771;0.00014283;0.212624;0.000118796;2.00141e-05;0.000333116;0.0200094;0.369005;3.50725e-05
6.93455e-06;0.0275255;7.87362e-09;4.54728e-06;1.35705e-05;9.86513e-06;6.51553e-07;0.00134146;9.35212e-07;5.95879e-08;5.37131e-05;0.00103615;0.969988;1.87198e-05
1.28713e-05;0.0280281;9.034e-05;1.36884e-05;0.000145381;3.4051e-05;6.31738e-08;0.00182418;4.93106e-08;1.70974e-06;1.01982e-06;0.947331;0.0224839;3.37971e-05
0.000150683;0.0472636;0.00306362;6.14036e-05;0.00099603;0.000146389;7.2896e-06;0.862949;0.000381422;2.57774e-06;0.000862545;0.00230726;0.0815546;0.000253212
2.55651e-06;0.914024;5.95327e-07;5.27014e-05;5.59932e-05;0.000618428;0.000361827;0.00286854;8.66068e-07;0.000579591;1.21204e-05;1.8992e-06;0.0800055;0.00141563
4.8291e-11;2.31725e-12;1;4.43717e-10;9.20063e-12;1.06477e-12;5.54646e-11;1.90166e-13;2.54e-11;8.65096e-12;3.66186e-09;1.80713e-09;3.88149e-12;6.8046e-14
9.54835e-06;0.964417;2.05868e-06;2.18095e-05;4.06919e-05;2.78537e-06;0.00529874;0.000374884;6.32154e-05;6.11113e-05;0.00048751;0.0093455;0.000749747;0.0191257
9.84419e-05;0.0441727;0.000194001;0.000126227;0.00102216;0.00249218;0.189362;0.215825;0.00936077;4.8007e-05;0.162284;6.02363e-07;0.374869;0.000145032
1.02213e-05;0.471278;2.88454e-06;3.4363e-05;0.000594887;0.000337469;2.09902e-07;0.0164124;7.21998e-06;2.41584e-06;4.84826e-05;0.340123;0.169396;0.00175335
1.67275e-08;5.786e-06;2.56992e-09;4.39319e-07;0.999223;7.28763e-05;6.18663e-10;0.000659362;3.3647e-08;2.72741e-07;1.02092e-08;1.40775e-07;3.01544e-06;3.56571e-05
0.000738967;0.0910126;0.888831;0.00979704;0.00118461;0.000539737;9.42528e-06;0.00034356;7.88027e-06;0.000345278;0.000550332;0.0007922;0.00561604;0.00023106
0.000180864;0.990308;0.00261352;6.1227e-06;2.49848e-06;2.01524e-08;8.29256e-06;0.00104617;3.45723e-06;1.50934e-06;6.20254e-06;0.0057993;2.35579e-05;1.17942e-07
2.26987e-05;0.730925;3.93469e-05;0.000167085;0.000615925;0.000151553;2.50656e-05;0.0103778;0.0019548;1.00448e-06;0.00163404;0.00468442;0.249383;1.77624e-05
0.000175778;0.846566;2.04548e-06;0.000327157;0.00264734;0.000107064;7.57203e-05;0.0708821;0.000593379;3.39702e-05;0.000456225;0.0268154;0.0483516;0.00296591
8.71993e-05;0.122813;0.00096565;0.000126655;8.30682e-05;2.41115e-06;8.05074e-06;0.00328534;8.81457e-05;7.94492e-06;1.83568e-05;0.839322;0.033191;1.40833e-06
0.000364193;0.0142114;1.82874e-06;0.00182379;0.000329141;0.000112667;9.51378e-05;0.0313347;0.00471677;2.82357e-05;0.00411976;0.0543486;0.888364;0.000149552
6.37249e-05;0.945975;1.69964e-07;1.37075e-05;1.73665e-06;0.000104739;1.48513e-06;0.0237282;1.56641e-06;2.13397e-06;8.46265e-06;0.00191435;0.0281343;5.07122e-05
1.27142e-06;0.00187729;4.97631e-10;8.46754e-07;1.66338e-06;1.72401e-06;1.33145e-07;0.000470657;4.33981e-07;3.6205e-08;1.18257e-05;8.6119e-05;0.997541;6.98572e-06
7.83545e-06;0.000121639;6.16613e-08;1.13759e-05;2.07124e-05;4.173e-07;3.55987e-08;1.09205e-05;4.75079e-06;1.98778e-07;8.19782e-06;0.999656;0.000153871;3.57693e-06
1.40136e-05;0.999703;2.83987e-06;3.70593e-06;7.66316e-07;5.94478e-08;3.11078e-08;0.000233409;1.33327e-07;9.61544e-08;1.58615e-08;6.22425e-06;2.73941e-05;8.58612e-06
1.16464e-06;0.987756;8.72743e-09;1.76244e-06;2.18335e-05;3.37109e-05;8.04772e-09;0.0103395;6.06158e-08;5.5615e-07;3.31187e-08;0.00101441;0.000205781;0.00062561
0.000100795;0.0646261;3.95051e-07;2.43875e-05;0.000710206;0.000377983;0.001849;0.858142;4.5804e-05;0.000163065;0.000591026;5.24626e-05;0.0707108;0.00260621
0.000181009;0.0169427;0.00017836;0.0031845;0.0364449;0.00204992;3.90957e-06;0.00788002;0.000235299;2.26877e-05;0.00277869;0.771578;0.00918655;0.149334
1.87434e-06;0.9999;3.60721e-11;2.20506e-07;2.2202e-07;4.58188e-10;7.59022e-05;1.1757e-05;5.62248e-07;1.58886e-06;5.02466e-07;3.75727e-09;7.81998e-09;7.94869e-06
1.1815e-09;1.63894e-09;0.999999;2.86041e-10;1.13791e-10;5.41964e-13;2.22538e-09;3.30815e-11;2.96562e-10;7.45334e-11;1.83601e-10;5.74519e-07;3.44263e-12;7.78133e-13
3.2106e-05;0.0227355;4.62479e-09;3.26737e-06;2.68459e-05;3.06036e-05;1.85649e-06;0.00261737;0.00107154;1.2648e-07;0.000116441;0.00100846;0.972348;8.289e-06
2.5775e-05;0.0837011;5.75846e-05;1.93151e-06;1.45612e-05;6.63906e-07;9.23732e-07;0.910562;1.43585e-05;1.32046e-06;3.47691e-06;0.00376638;0.00183718;1.32219e-05
5.99827e-07;0.000825383;3.69187e-07;5.36392e-05;0.000197369;0.944901;2.34429e-06;6.45422e-06;1.09378e-05;2.31757e-05;2.24145e-05;8.83898e-06;0.0524733;0.00147367
5.72748e-05;0.000529721;0.997437;1.5469e-06;8.82727e-07;1.21402e-06;9.55476e-08;2.25775e-05;4.4781e-08;3.4141e-07;5.02622e-08;0.00175867;0.000185816;4.83606e-06
1.04891e-07;0.997882;1.71201e-09;1.37216e-07;1.07927e-06;1.18854e-06;1.84729e-07;0.00144522;5.66439e-08;1.11399e-07;1.16246e-08;4.31561e-10;0.000362734;0.000306754
4.12998e-09;1.27006e-08;1;8.14529e-08;4.96133e-11;6.46988e-10;1.21295e-08;2.2099e-10;1.36833e-08;2.38095e-09;4.69262e-08;2.02909e-08;1.17777e-08;2.34759e-10
4.67672e-09;1.05462e-05;0.999894;5.1358e-08;3.50367e-09;5.82811e-08;1.96432e-09;2.09161e-07;1.78428e-09;1.50334e-09;1.20362e-09;9.45758e-05;7.48223e-08;6.16439e-07
2.02789e-06;0.171608;3.13418e-06;0.000206578;0.000977999;0.00156839;5.75649e-05;3.87636e-05;9.55406e-05;0.000150131;8.35832e-05;1.89844e-08;6.28517e-05;0.825146
4.61669e-11;1.42934e-10;1;1.6935e-10;1.6246e-11;4.10855e-13;1.5561e-12;6.34878e-11;1.13161e-12;3.05046e-12;6.14702e-12;4.10362e-07;4.63519e-14;6.2758e-13
3.71966e-06;0.0368792;5.61011e-07;2.00993e-06;0.000352801;4.33389e-07;1.41615e-09;0.962725;3.98517e-07;5.11264e-09;4.06888e-08;5.17892e-06;2.9673e-05;1.02426e-06
2.58277e-07;0.00104026;3.53718e-09;1.22929e-07;1.00986e-05;1.89234e-08;7.27793e-11;0.998815;4.76844e-09;5.56809e-08;3.84381e-10;3.8586e-06;0.000130719;4.0742e-08
1.60093e-08;2.6827e-07;0.999958;5.35327e-06;7.38306e-07;1.58371e-06;2.27419e-09;1.97601e-09;1.88701e-10;1.7784e-05;2.48938e-09;1.57269e-05;1.71783e-08;1.69746e-07
5.41219e-05;0.955468;0.000317027;0.000744089;2.37557e-05;9.75128e-06;0.00619522;0.00303329;0.00446043;3.81454e-05;0.0223231;8.37014e-05;0.0066763;0.000573178
