5.03987e-06;0.999331;0.000635263;2.91672e-06;6.44721e-07;1.24671e-08;1.83567e-08;5.94039e-06;1.62316e-08;1.04384e-07;1.51806e-08;2.13505e-06;1.34701e-05;3.83713e-06
2.03962e-07;0.999794;2.3677e-11;3.44368e-08;4.34173e-07;5.23998e-09;2.23831e-07;0.000125723;3.59321e-08;4.82612e-07;7.76741e-09;1.03062e-09;1.13131e-08;7.90534e-05
1.01126e-10;1.30725e-11;0.999978;1.02814e-10;2.16726e-10;4.15875e-12;2.21962e-10;4.9747e-11;5.27617e-11;6.9413e-11;7.71828e-11;2.18581e-05;2.59916e-12;1.43119e-11
7.03175e-06;0.779486;5.57575e-09;1.06211e-07;0.000122486;4.13519e-06;4.6685e-06;0.012714;8.13226e-06;8.1113e-07;4.34679e-06;1.37515e-05;0.207604;3.02011e-05
5.27815e-05;0.0270702;7.20133e-05;6.13535e-05;0.00193818;0.000411169;4.39255e-06;0.0158526;0.000329486;1.39276e-05;0.000204092;0.933362;0.0034683;0.0171591
5.83471e-05;0.998355;6.56501e-06;3.35367e-06;4.98076e-07;2.58069e-07;8.77515e-06;0.00020512;1.08719e-05;6.64795e-07;4.68224e-05;0.000988755;0.000311491;3.68424e-06
0.000108742;0.77078;3.49352e-10;2.49578e-06;1.98914e-05;6.29238e-09;2.02919e-06;0.221653;5.53985e-06;2.0084e-06;1.77563e-06;0.00733298;2.76728e-05;6.39239e-05
1.21185e-05;0.0212221;0.47152;9.98631e-05;0.000214398;0.000101805;4.41131e-09;2.54151e-05;6.0367e-08;1.92433e-06;1.77666e-07;0.496976;0.00484155;0.00498481
0.000256414;0.629792;0.000396358;6.24197e-05;0.000905033;0.00424103;0.00163737;0.207287;0.000415021;0.000478808;0.00123333;0.0367195;0.0662301;0.0503459
1.00269e-06;0.017635;1.03278e-08;2.28777e-05;5.42041e-05;5.51456e-05;5.13233e-06;0.000140463;2.33656e-06;4.99452e-07;0.000583124;0.000202296;0.981128;0.000169453
5.0027e-05;0.3273;5.22392e-07;6.72661e-06;2.02042e-06;2.16943e-06;1.20425e-06;0.00446373;9.58034e-07;3.63221e-06;1.35356e-06;0.616095;0.0520715;1.43941e-06
0.000248674;0.327455;0.00255219;0.000267274;0.000131846;0.000415301;5.79393e-05;0.0343188;0.00012512;2.88036e-05;8.00709e-05;0.13065;0.503262;0.000405926
7.80183e-05;0.275717;2.05575e-07;0.019092;0.0031599;0.0364469;5.17321e-05;0.0360607;0.00013677;0.000629104;0.00130814;0.0986524;0.509106;0.0195617
0.00320692;0.226988;0.710108;0.0312759;0.00301209;5.34745e-05;0.000115157;0.00759914;3.53958e-05;0.000342124;0.00319957;0.0120604;6.50611e-05;0.00193839
4.97481e-07;0.998984;1.88986e-11;2.61265e-08;3.02105e-08;3.26942e-08;2.20235e-06;0.000137304;8.82757e-09;6.96875e-07;1.27506e-07;1.86308e-07;3.8142e-05;0.000837002
0.00018879;0.0043997;7.25217e-05;6.07278e-05;6.90509e-06;8.61515e-06;0.37081;0.000431562;0.201101;0.000110825;0.415234;9.19861e-06;0.00756707;7.98936e-08
3.9534e-06;4.81604e-06;4.49061e-11;4.65415e-10;1.71022e-09;1.30393e-10;2.22088e-09;0.999985;3.94203e-06;8.42301e-10;3.44032e-08;2.79647e-09;2.65097e-06;2.61861e-10
7.33746e-07;0.870817;1.70165e-09;9.46518e-07;2.85045e-06;6.18011e-08;1.5947e-07;1.47729e-07;1.62901e-07;0.000104729;1.01111e-08;0.000597328;6.04579e-10;0.128475
0.000202023;2.5486e-06;0.987569;2.39759e-05;7.79287e-07;1.64505e-06;9.71257e-05;1.22588e-05;0.00610178;2.04294e-06;0.00456939;0.00141386;3.04362e-06;5.00094e-07
4.23585e-05;0.813722;7.22376e-07;4.37931e-08;1.12756e-07;8.54578e-08;2.34052e-06;0.167439;1.46577e-05;5.71536e-08;9.9058e-06;3.33625e-06;0.0187659;1.7865e-09
2.65967e-07;0.000133336;5.63724e-08;4.82556e-06;0.000466423;1.55676e-06;3.75427e-09;0.00226581;1.8729e-06;1.23016e-07;1.24872e-06;0.996901;2.70366e-05;0.000196393
6.95146e-05;0.534889;5.08519e-09;1.18841e-06;1.00889e-05;6.33051e-06;1.67648e-05;0.4447;7.96005e-05;2.03292e-06;1.37705e-06;1.34154e-07;0.0202237;3.03028e-07
0.00134349;0.894301;2.94934e-07;0.00206811;0.000262163;0.000172096;4.61922e-05;0.00697831;0.00187331;0.000117107;0.000111976;0.0656545;0.0266727;0.000398699
0.0236755;0.948195;0.0243204;0.000471838;0.000214308;1.23105e-06;2.87065e-06;0.000255573;1.35753e-05;1.93167e-05;1.00619e-06;0.000114398;0.00265648;5.87506e-05
6.42143e-05;0.997902;1.66013e-09;5.38089e-07;1.68073e-07;1.19311e-08;0.0017988;6.14153e-05;4.08235e-05;5.33328e-05;3.28231e-07;1.31574e-08;3.01014e-07;7.76342e-05
3.33796e-11;3.36665e-12;1;2.72668e-11;5.25041e-12;6.15102e-13;1.80634e-10;2.30878e-12;4.05051e-10;5.86538e-12;5.70133e-11;5.59329e-10;1.02695e-13;8.73438e-13
0.00029561;0.821407;7.94945e-07;1.89123e-05;6.83869e-05;0.000215228;3.84433e-05;0.00630955;0.0401941;2.84322e-06;0.00344764;0.000224376;0.126937;0.000839747
6.58188e-05;0.494471;5.30759e-05;4.71083e-07;4.37554e-05;5.61061e-07;1.75088e-06;0.0744594;7.67359e-05;7.56498e-07;5.00983e-06;0.429953;0.000810322;5.84836e-05
5.75945e-05;0.0508545;0.000114228;2.02178e-05;0.0163301;0.000273467;9.51418e-07;0.106739;3.6712e-05;1.39548e-06;1.67354e-05;0.76294;0.0337047;0.0289114
0.000955889;0.424033;0.000120029;1.45234e-06;1.57188e-05;1.06706e-05;7.781e-07;0.0994709;0.000126504;8.8537e-07;4.85449e-06;0.281905;0.193331;2.36026e-05
6.20177e-07;0.998835;3.5207e-09;4.13295e-08;2.02967e-08;2.21212e-08;0.000253366;8.47865e-08;1.66382e-08;0.000145526;5.18458e-09;6.61989e-08;2.73583e-06;0.000762302
6.10386e-09;4.61747e-11;0.999999;9.55578e-09;1.62453e-09;2.46395e-09;4.72212e-08;3.8293e-10;2.39308e-08;2.86802e-09;8.12472e-09;5.20218e-07;6.88633e-10;1.06826e-09
2.9284e-05;0.850741;8.07123e-08;6.73222e-05;9.23543e-05;4.51132e-06;0.000119296;0.0677928;4.82435e-05;6.02557e-06;0.000266576;2.33699e-05;0.0804398;0.000369636
7.67452e-05;0.0639243;2.42351e-07;0.0128448;0.0149922;0.129537;0.00253461;0.60906;6.15869e-05;0.0473944;0.000112913;4.38321e-07;0.0120079;0.107452
1.63969e-08;8.3168e-09;0.999999;2.72451e-07;4.81886e-10;4.96839e-10;5.27892e-08;1.15919e-10;1.23634e-08;8.06008e-09;1.77532e-07;2.16308e-07;2.39335e-10;4.2762e-10
3.63623e-05;0.0522227;0.000411275;0.000452508;0.000378298;0.000164785;7.918e-06;0.00562627;0.000924579;3.08165e-06;0.000901115;0.937356;9.27963e-05;0.00142252
3.47277e-06;0.951261;3.5781e-09;1.89878e-07;8.98606e-05;0.000181254;8.73724e-08;0.00126334;1.07032e-05;5.63211e-08;2.10339e-05;2.11811e-05;0.0471456;2.65475e-06
9.78646e-07;0.0124222;0.000171705;2.27915e-07;6.65051e-05;1.78176e-05;3.79869e-08;0.000310169;2.65743e-07;3.04039e-08;4.17419e-07;0.986467;0.000511703;3.0515e-05
0.000217677;0.439461;1.24671e-05;0.000130036;0.000373958;9.20235e-05;3.39901e-06;0.264464;0.00347524;2.66387e-07;3.34032e-05;9.75709e-05;0.291624;1.54789e-05
1.73445e-05;0.985895;2.65472e-05;1.12525e-06;3.90397e-05;3.46762e-07;2.86397e-09;0.00238332;6.67891e-08;1.47059e-07;4.76528e-09;0.0110055;0.000388091;0.000244024
0.000102414;0.684435;3.44084e-05;0.000141625;5.79882e-05;3.4601e-05;1.45479e-06;0.00166497;8.18492e-05;7.02126e-06;3.25685e-05;0.272438;0.0393389;0.00162915
9.55455e-05;0.903682;4.28768e-07;1.94405e-05;4.83002e-06;3.09682e-05;5.3441e-07;0.00164755;4.15887e-05;2.61568e-06;1.57619e-05;0.0250693;0.0693634;2.5854e-05
0.00031421;0.681204;0.0184846;4.56198e-05;0.000129147;4.29022e-05;2.97324e-06;0.0171594;8.15231e-06;1.08497e-05;4.67708e-05;0.25877;0.0237279;5.32881e-05
5.85312e-05;0.161337;1.02751e-05;3.52364e-05;0.000140694;8.7801e-05;9.61743e-06;0.0244952;0.000398298;1.06188e-06;8.81388e-05;0.792554;0.019312;0.00147235
0.000330321;0.821751;0.000119348;0.000218939;2.38066e-05;3.93831e-05;5.55726e-06;0.0827012;0.000149118;4.09065e-05;4.09944e-05;0.0335765;0.0607933;0.000209649
2.28776e-05;0.28028;8.53383e-08;0.00384686;0.000302953;0.00480278;1.06462e-06;0.00383285;6.63508e-05;4.93447e-05;0.000101999;0.0383465;0.667385;0.000961804
0.00282185;0.0322783;0.611178;0.00403549;0.000651612;7.65401e-06;4.33677e-05;9.48365e-05;8.52377e-05;0.000720882;0.000487918;0.346902;0.000639926;5.22634e-05
0.000232421;0.0135608;1.19308e-07;1.02898e-06;1.40913e-07;5.30081e-08;0.98345;3.22058e-05;0.000357274;0.00223731;9.35392e-05;4.0517e-09;2.77221e-05;7.48333e-06
2.77564e-10;5.46227e-12;1;1.70873e-09;1.75183e-11;2.6209e-11;1.69609e-09;2.24999e-13;4.43909e-09;2.41161e-10;1.42279e-09;1.00111e-09;6.73036e-13;1.68026e-11
0.000236782;0.994401;2.25808e-07;4.98191e-06;1.15718e-07;2.57592e-07;5.40175e-05;0.00299705;0.000790264;9.29485e-06;8.44008e-05;1.02004e-05;0.0014038;8.15403e-06
8.29204e-05;0.129619;3.9518e-05;5.06032e-05;1.13875e-05;9.5134e-05;6.52721e-06;0.00325344;1.40229e-05;7.86778e-05;1.30795e-05;0.860541;0.00588736;0.000307557
8.86087e-06;6.82136e-05;1.76152e-08;0.000119301;1.16788e-05;0.00243304;6.60624e-07;0.00110417;4.11131e-06;9.00502e-06;1.44129e-05;7.07654e-06;0.996209;1.01074e-05
9.14548e-07;1.88477e-07;0.999998;1.4617e-07;3.33985e-09;7.19998e-10;2.55622e-08;2.21811e-08;2.22152e-08;1.59286e-07;3.7041e-08;8.82415e-07;7.01034e-08;2.81037e-10
7.33689e-08;1.90768e-05;1.70883e-09;1.30186e-08;5.44682e-12;5.14803e-10;0.996624;1.59899e-09;4.07604e-06;0.00335001;2.63184e-06;3.42774e-14;3.94732e-09;9.94315e-09
3.00557e-11;2.789e-12;1;1.67257e-10;6.22222e-13;5.6738e-12;8.58775e-10;4.9163e-13;4.82918e-10;9.3011e-11;8.83329e-10;2.37015e-10;1.70609e-13;3.79456e-14
