3.15162e-06;0.973996;5.17878e-12;1.39212e-06;2.59055e-06;3.42836e-06;2.62691e-07;0.00317696;2.40893e-06;3.91556e-08;1.13452e-05;8.64529e-06;0.0227835;1.04516e-05
1.02312e-06;0.999309;1.32755e-07;4.03805e-08;3.81206e-09;6.10503e-09;7.11592e-07;2.72425e-07;1.40093e-09;2.25358e-07;3.76006e-09;0.000464686;0.00022409;5.34856e-08
3.78566e-06;0.000950334;8.48554e-08;0.00048593;0.000183485;0.000236921;1.22321e-06;8.53312e-05;0.000886068;5.49948e-07;0.000623414;0.985132;7.14881e-06;0.0114033
4.62379e-07;0.998596;1.58422e-11;8.22219e-07;6.61449e-07;8.72371e-07;6.76078e-09;0.000726116;5.49643e-07;7.28898e-09;1.26579e-06;3.53181e-07;0.000669639;3.69589e-06
6.84929e-06;0.000511825;6.41886e-07;2.34147e-06;1.3609e-05;1.82201e-06;1.96679e-08;5.3031e-05;3.394e-06;2.67879e-07;7.2058e-06;0.998896;0.000457122;4.58889e-05
8.74602e-05;0.503371;2.74262e-05;7.28628e-06;0.000101012;0.000131776;3.86645e-08;2.05396e-06;3.8458e-08;1.50294e-06;7.9161e-07;2.59376e-05;0.496139;0.000104474
0.000515355;0.211542;0.00441513;6.55522e-07;4.79762e-05;2.07411e-06;1.43066e-05;0.239744;5.10458e-06;4.22381e-06;4.34573e-06;0.456743;0.0867152;0.000245876
8.00654e-07;0.00507177;9.39962e-07;1.28448e-05;0.000273892;0.110892;3.66969e-06;0.000235188;2.14339e-06;2.16205e-06;5.65819e-05;0.000128725;0.881537;0.00178281
6.95014e-06;0.00650586;0.476467;2.12153e-06;1.25515e-07;4.89909e-07;7.02981e-05;9.41567e-10;2.13614e-09;0.000321834;9.32677e-08;0.516338;2.96553e-06;0.000284102
4.11123e-07;1.25657e-06;0.99999;2.46966e-07;4.35784e-09;3.79245e-08;2.9173e-07;5.52271e-09;3.50588e-07;3.25588e-08;5.77631e-07;2.90679e-06;3.4799e-06;2.61968e-09
1.18262e-07;0.00365081;1.47393e-10;1.76619e-08;3.49776e-05;6.53144e-09;9.4209e-09;0.996294;6.1721e-08;4.56258e-08;4.56935e-08;1.81424e-05;1.8866e-07;1.42452e-06
1.09113e-07;4.45652e-06;0.998972;3.98342e-07;2.88414e-05;2.32389e-05;1.85963e-08;6.07885e-07;1.28318e-09;5.79115e-07;1.82367e-07;0.000948959;2.0493e-05;3.48172e-07
5.76697e-08;0.998746;8.37123e-10;5.41763e-10;1.63809e-09;2.66868e-09;0.00123562;1.86415e-06;1.99273e-09;3.32156e-06;1.17092e-07;4.13491e-08;3.77436e-08;1.25174e-05
3.60947e-10;4.9244e-10;1;2.26333e-10;1.62413e-10;1.46116e-10;2.22537e-09;5.71007e-11;1.85392e-09;4.9893e-11;1.04255e-09;1.26988e-08;2.52043e-11;5.58889e-11
1.11774e-06;0.991755;1.09556e-08;3.03655e-09;1.29741e-09;2.67211e-09;1.43598e-06;9.05596e-07;2.13539e-07;6.15033e-09;3.03483e-07;1.95436e-06;0.00823877;9.30417e-10
3.5993e-07;0.99425;2.65248e-08;7.81802e-07;5.15352e-08;1.63876e-06;0.00245481;5.37978e-06;4.51119e-08;0.001806;1.53389e-07;2.2601e-05;2.82763e-07;0.00145733
3.53487e-13;2.93829e-13;1;2.64171e-11;1.43087e-13;1.10041e-12;3.76406e-11;3.3666e-15;7.09046e-13;1.02287e-11;1.46219e-11;2.56811e-11;2.08391e-14;2.88879e-13
3.86391e-07;0.998628;1.49173e-09;3.44022e-07;3.57279e-08;6.66178e-08;1.41205e-05;0.000518917;2.37922e-06;1.41353e-07;0.000296109;2.94578e-05;0.000510268;1.13386e-07
2.06605e-07;0.00495364;5.43118e-07;2.03858e-07;4.19881e-07;4.03724e-08;8.47324e-08;2.25518e-05;3.74841e-07;4.71687e-08;0.000139524;0.99486;2.16077e-05;7.07666e-07
4.17287e-05;0.488372;1.82647e-08;7.37841e-06;3.97709e-05;0.000455553;0.0034102;0.331198;0.000258156;5.66985e-05;0.000816098;5.9421e-07;0.17514;0.000203767
6.84608e-08;6.24597e-09;1;1.31709e-08;3.72037e-10;2.91511e-11;1.46723e-08;1.91431e-08;6.51495e-08;5.9977e-10;3.90764e-08;6.49578e-08;1.58161e-08;6.21581e-12
8.58869e-05;0.0388597;0.000355653;0.000293883;0.000583705;1.05639e-05;7.16307e-08;0.182522;0.0034017;5.18563e-07;0.000119009;0.772796;0.000126456;0.00084456
0.000186315;0.947688;0.00072312;1.49257e-05;0.00582131;3.19793e-05;3.9891e-08;0.0207221;0.000119317;2.27522e-06;9.57829e-06;0.015404;0.00686581;0.00241095
6.76507e-05;0.028949;6.54029e-07;1.75491e-06;0.569116;7.4926e-05;2.00399e-07;0.368353;2.85677e-06;6.43486e-06;2.86216e-06;0.0281172;3.8963e-05;0.00526796
1.14588e-05;0.000730064;0.984714;3.46764e-06;0.0128319;7.3953e-05;7.71627e-07;0.000257192;1.14881e-07;7.4639e-06;5.94132e-08;0.0012807;6.90137e-05;2.01188e-05
9.49352e-05;0.680922;2.79732e-06;7.09766e-05;0.00128757;0.000167581;0.000169564;0.300113;0.0037823;1.17195e-06;0.000224277;0.000530557;0.00889456;0.00373883
1.66975e-05;0.971506;1.87317e-08;1.20776e-05;6.42903e-05;2.63265e-06;7.97161e-07;0.0177976;3.71138e-06;7.435e-07;1.88537e-06;5.01854e-05;0.0100489;0.000494667
2.75326e-06;0.999607;7.6805e-09;2.59928e-07;7.83443e-07;5.95092e-08;4.26253e-05;2.4344e-05;6.27473e-09;0.000131426;2.25915e-09;6.80587e-07;7.36402e-05;0.000116092
7.07647e-10;2.27478e-11;1;3.45973e-09;3.62508e-11;6.0002e-11;6.1373e-09;9.94052e-12;2.64062e-08;2.56766e-10;1.25059e-08;3.00324e-09;8.50678e-12;5.52806e-12
1.95501e-05;0.960692;1.82331e-07;4.39352e-06;7.23692e-06;2.33186e-07;9.1371e-05;0.0208918;0.00281893;2.78093e-06;0.00186442;0.000461802;0.0131445;4.90643e-07
5.64742e-05;0.780769;1.82365e-05;4.54889e-06;6.55433e-05;8.1857e-08;4.49476e-05;0.0614924;6.16726e-05;5.03443e-06;0.000305932;0.156804;0.000366446;5.57386e-06
4.83982e-05;0.773869;2.84267e-07;7.97038e-05;0.000179357;4.62621e-06;0.000639715;7.8861e-05;0.000267228;1.84732e-05;0.000476564;0.202992;0.0127238;0.00862226
0.000271657;0.978121;6.5311e-08;2.61305e-06;2.58277e-06;2.37456e-07;1.85811e-05;0.0140047;0.000529947;5.43252e-07;5.37117e-06;0.00189073;0.00515168;1.56758e-07
0.000148175;0.294919;3.79299e-06;7.1941e-06;2.49707e-06;6.70337e-06;1.03909e-07;0.00307473;3.38153e-05;2.95923e-07;1.20284e-07;0.639314;0.0624846;5.53164e-06
5.20391e-06;0.000140594;1.59995e-07;1.08588e-05;1.31938e-05;0.010972;2.79213e-07;4.73462e-06;1.96623e-06;5.47064e-06;2.90026e-07;9.01481e-07;0.988347;0.000497747
3.15557e-07;6.35822e-06;0.999985;2.40371e-07;3.88129e-09;5.58e-09;1.0725e-08;2.89695e-08;2.98744e-09;7.33134e-08;2.697e-09;1.06256e-08;7.66199e-06;1.26694e-07
0.00175428;0.0417446;0.000406773;0.00432887;0.00604182;0.0123225;0.00222981;0.0217438;0.65509;0.0031233;0.217335;0.00210892;0.0239377;0.00783339
