1.02908e-10;5.07858e-11;1;8.31048e-11;1.29748e-12;1.24272e-12;1.50851e-10;1.2835e-12;8.86071e-11;7.89577e-12;1.96135e-10;2.11125e-09;2.19223e-11;1.11769e-12
2.34934e-07;0.000125009;0.0376832;3.29653e-07;1.44051e-06;6.64695e-07;2.87384e-07;0.000126116;9.37845e-08;2.61337e-07;8.77293e-08;0.000394317;9.9204e-07;0.961667
2.10006e-06;1.77423e-05;2.65599e-07;2.02462e-05;0.0893466;0.000908548;1.08677e-05;0.907541;0.00158657;4.06222e-07;9.23799e-05;0.00011241;1.31598e-05;0.000347455
1.31551e-08;5.82323e-06;0.999971;1.13518e-07;3.0977e-06;8.90162e-08;5.49692e-10;2.59754e-08;3.00352e-12;3.17129e-10;3.90057e-09;1.06115e-06;1.81862e-05;1.44632e-07
2.93543e-08;0.978535;4.70113e-08;1.34983e-08;4.93578e-08;3.59779e-09;2.68769e-09;2.62142e-05;1.38967e-09;9.43349e-11;3.01514e-08;1.96085e-06;0.0214291;7.70007e-06
2.62347e-08;0.99381;1.80696e-10;2.35204e-06;0.000233682;4.73378e-06;3.02974e-10;0.00130039;2.91106e-08;1.45365e-08;2.56539e-08;0.00109095;0.000182595;0.00337483
2.67479e-06;0.999225;3.96171e-10;1.06578e-06;1.07391e-06;5.01585e-06;5.06647e-06;0.000453238;8.97102e-07;2.80434e-06;2.1093e-07;1.80395e-08;0.000264053;3.83164e-05
1.79101e-07;2.86102e-08;0.999995;1.09912e-07;7.27384e-10;1.1856e-09;2.20065e-09;2.14144e-09;1.86242e-07;1.15043e-09;5.82334e-08;4.49027e-06;3.12389e-08;7.50618e-10
7.38418e-06;0.0264709;0.00226223;4.42836e-05;6.41134e-05;9.45482e-06;1.08659e-07;0.00203526;8.51532e-05;3.26725e-07;3.74728e-05;0.968754;0.000206036;2.29091e-05
1.24622e-05;0.58428;4.18471e-06;7.5402e-06;0.000162993;0.00336471;2.5667e-06;0.000320301;5.70521e-06;3.4506e-06;3.2258e-05;3.71759e-05;0.411231;0.000535993
1.00675e-07;0.00021213;0.810162;3.2092e-07;1.98723e-05;7.19278e-07;1.70142e-09;2.67551e-06;6.05654e-11;4.47986e-08;6.25939e-09;0.189269;2.81546e-06;0.000329885
3.38278e-05;0.504691;1.46525e-07;5.00568e-05;0.00212997;0.00041838;1.7111e-05;0.353636;0.000441217;2.71936e-06;0.000150036;0.000387513;0.137232;0.000810755
4.01643e-06;0.995564;0.00107514;6.39018e-07;1.0293e-05;4.62072e-07;1.04078e-07;0.00236863;8.18086e-09;7.98804e-07;2.37258e-10;1.5288e-05;0.000960198;3.46611e-07
2.2676e-09;5.46898e-09;1;4.11127e-08;1.24364e-09;1.65157e-09;4.9302e-09;1.94109e-09;1.13763e-09;1.23922e-08;1.82183e-10;5.41313e-08;3.31894e-09;2.12957e-10
7.37956e-08;5.02109e-06;0.0152401;4.26742e-06;2.65118e-06;1.82617e-06;6.57895e-10;0.000271235;8.74327e-07;1.50855e-08;2.56123e-07;0.984467;1.10718e-07;6.12078e-06
3.52121e-06;0.98485;8.30824e-09;6.11881e-07;2.95838e-05;3.2849e-05;8.18964e-07;0.0146396;7.09907e-07;1.77739e-06;3.96139e-06;0.000102702;0.000252183;8.19685e-05
2.5359e-06;0.984937;0.00914249;3.01561e-06;0.000212535;0.000145881;7.30456e-05;1.88332e-06;1.36074e-10;0.00142087;8.31612e-08;0.000568522;7.83777e-08;0.00349228
4.08445e-10;4.6072e-07;1;3.49622e-11;1.782e-11;1.38499e-10;1.55263e-09;1.81393e-11;4.20425e-11;1.30166e-10;7.57883e-12;4.69591e-11;2.91109e-11;7.13503e-09
7.38636e-05;0.375802;0.000582585;4.99788e-05;5.18151e-05;3.55358e-05;0.00891466;0.38203;0.00108469;1.57337e-05;0.000518778;0.000199282;0.23064;7.17682e-07
2.66135e-06;0.0117966;2.64025e-07;5.22224e-05;0.000408898;1.95996e-05;2.31398e-08;0.985442;4.01095e-05;2.66901e-07;4.96707e-06;0.000419002;0.00181095;2.00113e-06
1.42616e-06;0.479894;4.60387e-05;7.92607e-06;2.89711e-05;0.000110386;3.03793e-08;1.00211e-05;4.79231e-10;8.37425e-06;5.2525e-08;0.000881989;0.518934;7.62104e-05
1.9666e-05;0.0061696;0.000204468;3.77581e-06;0.000533408;1.63661e-05;2.23936e-06;0.0113013;1.73409e-06;1.86734e-06;3.31504e-06;0.975216;0.0061054;0.000420778
1.96357e-05;0.000714391;3.91685e-09;0.000119401;0.012347;0.146648;5.17123e-07;0.00176311;2.30722e-05;1.87303e-06;3.33641e-06;2.46888e-05;0.837201;0.00113428
0.000175217;0.925891;0.0649528;7.28339e-06;5.46962e-06;9.05712e-06;3.21813e-08;0.00060877;2.70148e-08;1.09507e-06;5.11821e-09;0.0054913;0.00284291;1.55624e-05
2.81129e-07;0.0141949;2.44435e-09;3.27374e-07;4.18169e-07;1.62449e-06;1.75563e-08;1.91885e-05;7.49403e-08;2.74977e-08;4.64592e-07;1.22899e-07;0.985764;1.82153e-05
1.86082e-06;0.00413682;6.96449e-07;1.75402e-05;5.58935e-07;1.8153e-06;2.4748e-08;1.01854e-05;1.32578e-06;5.83635e-07;6.46958e-06;0.995757;6.11314e-05;3.60115e-06
1.84921e-06;0.993816;2.36673e-11;3.7431e-09;7.1355e-07;3.65336e-09;1.01872e-07;0.00598744;1.30071e-07;5.90066e-09;5.91953e-08;0.000180143;1.38677e-05;7.93659e-10
1.62196e-06;0.0331403;0.000735944;0.000184572;0.0272878;0.760792;6.4702e-08;0.00129312;1.44046e-08;0.000123456;1.29279e-07;0.160899;4.63581e-05;0.0154959
1.90883e-06;0.000523794;1.19939e-09;8.24807e-07;6.07932e-07;2.08206e-05;5.0878e-07;2.45415e-05;4.07079e-06;2.28827e-08;3.73358e-05;0.000248789;0.999136;9.17751e-07
0.000664383;0.0149033;0.000157839;0.000119371;4.99531e-05;2.30921e-05;4.75625e-05;0.000343745;0.000964069;8.1062e-06;0.0011132;0.970936;0.0106538;1.6097e-05
8.12267e-07;0.992516;7.16561e-09;1.27844e-08;6.60854e-09;9.19364e-09;1.3166e-06;6.86741e-07;4.45418e-07;5.22042e-09;1.98581e-07;1.98656e-05;0.00746054;1.50312e-09
4.71445e-06;0.126403;0.000305078;8.15661e-06;2.67981e-05;9.30822e-05;1.24221e-06;0.0123358;2.07078e-06;4.56151e-06;4.09426e-06;0.833912;0.0268973;2.85308e-06
2.2548e-05;0.868353;0.0154152;0.000480631;0.000699988;0.0280345;0.000178832;0.0612895;8.74236e-06;0.000222936;0.000917273;0.00044792;0.022401;0.00152794
4.03003e-05;0.260697;1.20424e-06;9.35915e-05;3.91412e-05;0.000121109;4.0376e-05;0.100552;4.08438e-05;4.13119e-06;0.00321828;0.000739234;0.634395;1.79435e-05
2.24375e-05;0.984778;1.70477e-06;2.37385e-05;3.44888e-07;2.70052e-07;1.47313e-05;0.000917665;9.97767e-05;3.95021e-06;0.000821672;0.00949738;0.00381874;1.08285e-07
0.00047649;0.682427;0.000218531;0.000822977;0.00449125;0.000176079;6.71634e-05;0.055329;5.84799e-05;0.00573606;0.000281035;0.202586;0.0121981;0.0351321
7.6614e-07;0.000580767;1.86757e-09;9.08903e-08;9.19066e-10;3.53017e-08;0.994042;4.53006e-08;6.92672e-07;0.00536707;2.81716e-06;2.13344e-08;5.02482e-06;2.46603e-07
6.56042e-12;1.83e-12;1;3.31365e-10;9.13382e-13;2.82604e-11;2.74449e-10;1.39989e-14;5.29196e-11;1.56725e-10;2.75717e-10;1.22297e-10;1.49447e-12;1.20306e-13
7.51746e-06;0.991467;6.09659e-05;1.0556e-05;1.16428e-06;1.20589e-06;4.33889e-06;0.00311729;1.76708e-07;1.10158e-05;9.44824e-07;3.94948e-05;0.00527702;1.18024e-06
3.15909e-05;0.0627804;8.01536e-07;0.000361569;0.000963164;0.000149497;1.19631e-06;0.00826882;6.42734e-06;1.18372e-05;0.000476175;0.0038151;0.923088;4.49571e-05
0.000181485;0.996606;0.000176388;0.000288012;7.41031e-05;9.39591e-06;0.000408341;0.000358967;1.12981e-06;0.00047271;7.62181e-06;2.40044e-06;0.000416062;0.000997673
3.78418e-08;9.83374e-09;1;6.79446e-08;1.4046e-09;1.36883e-09;1.57008e-07;3.14984e-08;1.52793e-08;2.11645e-08;3.31748e-08;7.73848e-08;1.01532e-08;4.76905e-10
1.33674e-06;0.000493603;8.38917e-05;0.0001317;9.04775e-06;2.65726e-05;2.03057e-07;0.00189327;0.000192161;1.28097e-06;4.86414e-05;0.996946;4.03511e-06;0.000167978
1.21227e-05;0.999171;6.82077e-07;2.01202e-06;6.84525e-07;1.00487e-06;1.9469e-06;0.000357994;1.79011e-06;1.14389e-06;5.83312e-05;0.000116207;0.00027253;2.8242e-06
4.95097e-08;4.19245e-05;7.4412e-10;2.2218e-08;0.00015741;3.06751e-08;4.86412e-10;0.999779;1.5317e-09;9.22247e-08;6.48307e-09;3.47716e-06;1.04924e-06;1.72075e-05
1.21029e-07;1.13434e-05;0.999267;4.79166e-06;3.3208e-05;5.31901e-05;1.14749e-09;1.21696e-06;4.3533e-09;2.63366e-08;6.03543e-09;0.000622027;6.42727e-06;8.22047e-07
3.11773e-05;0.0461605;7.45868e-08;7.19218e-07;1.77735e-06;6.1782e-05;1.293e-05;0.514822;5.28429e-06;6.45682e-06;7.88832e-07;9.18899e-09;0.438892;4.11476e-06
3.39595e-10;2.72749e-11;1;3.51169e-09;1.32759e-11;4.15702e-10;1.71246e-10;3.15049e-11;5.04733e-10;1.80347e-10;8.87309e-10;2.56262e-07;6.29816e-11;3.03458e-12
3.81152e-06;0.0022453;0.0312883;0.000132519;1.62123e-06;1.66118e-05;1.71137e-06;9.47353e-05;2.79397e-05;1.01448e-06;3.66912e-05;0.966087;5.91225e-05;3.51967e-06
2.57531e-05;0.841942;7.80972e-06;6.36251e-05;0.000127748;0.00295974;3.98462e-07;0.000376555;2.75953e-06;3.08931e-06;0.000238137;0.0970604;0.057132;5.96545e-05
3.60093e-08;0.000110517;2.12604e-10;1.12642e-07;4.02384e-06;0.00332329;5.26149e-10;8.99324e-07;1.31618e-10;1.37927e-08;5.17874e-08;3.02776e-05;0.996382;0.000148378
1.04061e-06;0.00405237;0.994552;7.54933e-06;0.000141408;0.000114795;3.15818e-09;3.39003e-05;6.00741e-10;2.9325e-07;1.09983e-08;4.97418e-05;0.000987114;6.02382e-05
4.88524e-06;0.0134292;1.6454e-05;2.05169e-05;2.48693e-06;0.000194149;1.01723e-07;0.0148184;2.28714e-05;1.2799e-06;5.88772e-05;0.000464434;0.970965;8.1024e-07
