1.68839e-05;0.953584;4.67882e-07;4.51382e-07;1.67996e-06;8.92725e-07;2.40991e-07;0.0111554;5.6289e-07;1.99474e-07;9.04924e-07;0.00140145;0.0338354;1.70039e-06
3.43059e-06;0.235878;7.98163e-06;1.41682e-05;0.0162357;5.39616e-05;1.66422e-08;0.0386309;5.39002e-07;1.52689e-06;3.39357e-06;0.695101;7.87414e-05;0.0139903
4.29524e-05;0.257943;3.99719e-07;0.000584548;0.00692947;0.0233359;0.00702044;0.061726;0.00117137;0.00821616;0.000686858;1.07935e-06;0.626343;0.00599885
2.26627e-07;3.21934e-09;0.999937;4.70852e-07;2.84631e-10;1.1238e-10;5.67377e-06;3.92965e-10;3.91951e-06;3.25751e-08;5.25617e-05;1.05726e-07;2.01235e-09;2.60029e-11
0.000468624;0.0354588;0.000456232;0.000445648;3.12922e-05;1.99389e-05;0.000959938;0.0649085;0.0264781;5.06758e-06;0.108504;0.729503;0.0327598;1.998e-06
1.05824e-05;0.946444;2.13214e-08;3.75358e-06;0.000177029;9.92066e-05;4.30502e-06;0.00555234;6.98298e-05;1.56658e-06;0.000206961;2.29557e-06;0.0471877;0.000239888
5.8188e-06;0.00427034;1.56134e-05;6.52131e-07;0.000469603;8.85226e-07;5.68536e-10;0.000852171;9.51486e-08;3.15277e-08;9.72395e-08;0.994006;0.000368874;9.35947e-06
6.63515e-06;0.0159222;2.09557e-08;2.10638e-06;0.00221511;1.14264e-07;3.25943e-08;0.981773;6.02972e-05;2.78912e-07;5.45681e-08;1.78055e-07;1.51029e-05;4.95493e-06
8.93443e-05;0.0341993;0.0039579;1.51095e-05;0.000187207;8.33564e-05;1.33347e-08;0.000166761;1.26251e-07;1.12048e-05;2.42904e-08;0.959283;0.00178054;0.000226187
5.02328e-06;0.0198994;8.66867e-09;3.51795e-06;0.00180809;2.1171e-06;5.38681e-06;0.977445;0.000366287;3.3233e-07;2.35339e-05;0.000418842;1.64677e-05;6.28218e-06
0.000176523;0.223791;0.681763;0.00122859;0.00477263;0.000797623;0.000387039;0.000338862;6.64718e-06;0.00157814;1.68966e-05;0.000461012;0.0846038;7.81631e-05
0.00128605;0.036176;0.000265297;0.000469997;0.000288432;7.29953e-05;0.00125682;0.315441;0.0273706;8.31696e-06;0.00298478;0.588849;0.0255265;4.80896e-06
0.000540761;0.785511;4.25539e-06;2.76314e-05;0.000138388;2.426e-05;5.30232e-07;0.00601353;0.000611441;3.5674e-07;2.66633e-05;0.0725425;0.126382;0.00817648
2.53326e-05;0.000241989;5.4702e-10;3.48562e-09;1.23713e-05;7.15996e-10;1.21276e-11;0.998946;6.91891e-07;1.14219e-10;2.34456e-10;0.000771384;9.85248e-07;9.03654e-07
1.24015e-05;0.465556;0.000348816;5.46841e-06;0.000642969;5.81104e-05;3.47186e-06;8.60756e-06;1.48529e-09;0.0144455;9.67472e-10;1.215e-09;9.36232e-08;0.518919
5.94772e-11;1.73237e-13;1;2.2377e-13;2.33414e-14;8.98777e-14;3.20349e-11;3.10623e-13;1.96147e-11;8.57903e-13;1.03498e-12;2.66097e-10;2.33474e-13;6.44291e-15
8.23995e-05;0.0306079;0.00151224;0.000263554;0.00026763;5.24293e-05;0.00147204;0.0336094;0.834948;1.29879e-05;0.0809799;0.00677917;0.00934567;6.67985e-05
