2.90643e-07;0.0329776;8.81283e-11;1.05037e-08;4.68919e-10;1.52091e-07;5.12205e-07;3.60803e-07;8.51746e-08;1.11613e-08;2.2927e-07;1.70628e-07;0.967021;1.65001e-10
1.14599e-06;0.00305053;0.994602;7.61565e-06;1.43667e-06;6.2739e-07;2.11168e-07;3.63309e-07;8.09284e-09;1.64322e-06;1.57482e-08;0.00219717;9.9037e-08;0.000137647
3.39866e-07;0.997169;1.65089e-11;1.03797e-07;3.75198e-05;2.55311e-07;9.57094e-08;0.00278191;1.76792e-08;5.93847e-08;3.03728e-08;3.15019e-06;5.21695e-06;2.01538e-06
4.67877e-06;0.000186918;3.7001e-06;1.25195e-06;2.51805e-05;6.73839e-05;3.85306e-07;0.989012;1.59608e-06;2.14697e-06;3.90712e-07;0.00962567;0.00106839;5.36447e-07
0.00136275;0.941498;3.76361e-05;0.00415841;0.00272095;0.000167701;0.000985157;0.0107897;0.00206204;8.56587e-05;0.000592601;0.000455617;0.0310867;0.00399764
4.65228e-05;0.989918;9.21259e-09;1.19069e-05;3.48045e-05;0.000158158;9.41094e-08;0.0045749;6.01887e-06;2.34629e-06;5.32133e-07;1.77345e-06;0.00395543;0.00128944
9.57676e-06;0.000783853;7.28166e-08;2.30805e-05;2.06002e-05;2.82179e-05;3.74756e-08;0.0132431;1.14647e-06;1.17672e-07;3.74217e-05;0.000311491;0.985425;0.00011579
8.27509e-05;0.00136425;9.67996e-08;5.20107e-06;4.01193e-05;6.7941e-07;9.32918e-08;0.000190377;7.7718e-06;1.03334e-07;6.24248e-05;0.996902;0.00133272;1.15656e-05
7.94455e-05;0.982343;4.88946e-05;2.93783e-06;7.3672e-05;9.14439e-06;7.32031e-06;0.00425387;7.68738e-06;2.98431e-06;2.23288e-06;0.000347487;0.0125997;0.00022203
2.35318e-06;0.12791;1.46968e-07;0.000197145;0.00677665;0.000304585;5.02633e-05;0.0641015;4.811e-06;0.000945309;3.95556e-05;1.16283e-06;7.46892e-05;0.799592
3.05258e-11;3.7684e-11;1;7.90139e-10;3.96662e-13;1.90102e-13;4.04293e-10;6.09186e-13;2.29393e-11;2.34263e-11;1.96307e-08;6.24681e-10;1.68988e-12;2.83921e-14
0.000719047;0.0508118;7.26343e-07;0.000230456;9.82559e-05;0.000340403;0.000334585;0.00495478;0.0395739;9.95871e-06;0.52948;0.000898931;0.352933;0.019614
6.57671e-05;0.91009;9.1292e-06;1.05809e-07;7.10856e-08;4.74776e-08;9.6213e-06;0.0286504;1.07426e-05;1.44277e-07;9.617e-05;0.00074562;0.0603224;7.74731e-08
7.52463e-06;0.00229424;8.21157e-05;7.0323e-05;0.00140114;0.00135844;4.60616e-06;0.000292958;4.82072e-05;4.83662e-05;6.54696e-06;0.985014;0.00127601;0.00809541
0.000132065;0.0581749;6.1087e-09;0.00108553;9.46567e-05;8.44728e-06;9.46136e-05;0.00699549;0.885758;9.01628e-06;0.0251857;0.0210526;0.00138201;2.68628e-05
7.84801e-06;0.998904;1.53204e-09;5.1467e-07;1.83734e-08;7.89212e-09;9.49604e-07;1.0155e-05;1.53275e-06;5.42552e-08;8.98644e-07;6.3809e-05;0.00100914;1.38125e-06
7.61754e-05;0.00750834;1.71731e-05;6.02659e-05;0.000643837;2.00406e-05;1.56099e-07;0.00521831;2.44091e-05;4.33263e-07;6.22085e-06;0.947749;0.0376562;0.00101907
9.5517e-06;0.00227111;2.03624e-07;0.00026006;0.0014361;4.30828e-06;9.58751e-06;0.974832;0.000498875;3.10172e-06;0.0002029;0.000118445;0.0203333;2.08844e-05
1.82496e-05;0.00126828;0.997547;0.000614558;4.39676e-06;2.70354e-05;2.18015e-06;1.41064e-05;1.11143e-06;3.45812e-05;1.71222e-05;0.000149127;0.000108398;0.00019356
0.00403355;0.310758;1.60576e-05;1.59964e-05;1.56549e-05;1.73971e-05;0.000905593;0.611122;0.0376634;6.9299e-06;0.0219114;0.00011751;0.0133557;6.111e-05
1.78633e-08;0.00138597;2.12446e-06;2.60997e-08;4.96599e-07;8.10933e-08;3.76531e-10;3.66276e-07;2.7856e-08;8.6711e-10;1.75221e-07;0.99858;3.06378e-05;3.41312e-08
1.70941e-05;0.974294;3.73116e-09;1.23669e-08;9.08771e-05;2.68484e-08;1.27813e-06;0.022484;2.18289e-06;1.96603e-08;1.95396e-07;2.00186e-05;0.00254919;0.000540592
3.72064e-05;0.102049;5.58606e-05;1.00118e-07;2.3575e-05;1.87558e-08;9.87504e-07;0.00442977;2.1182e-05;4.32495e-07;3.73909e-08;0.892125;0.000240576;0.00101599
3.25545e-05;0.00784607;2.75499e-05;2.54156e-05;0.0211861;0.00716736;2.91358e-06;0.956808;0.000239408;2.11907e-05;1.15004e-06;0.00177596;0.00096887;0.00389769
4.52279e-05;0.000846296;1.92469e-07;5.93703e-07;7.15947e-06;5.19384e-06;1.12782e-08;0.94476;6.93062e-06;6.36578e-09;2.00692e-07;0.000782352;0.0535358;9.92365e-06
0.000124373;0.0375454;4.59518e-05;9.27291e-06;5.91365e-05;0.000132976;9.30406e-05;0.0337248;3.9945e-05;0.000167158;3.88534e-06;0.000620568;0.92697;0.000463308
4.07729e-10;8.74644e-10;1;1.18803e-09;5.04395e-11;1.01434e-10;4.15757e-10;7.75099e-11;3.93878e-10;1.32678e-10;2.12723e-09;1.11596e-07;1.20152e-10;8.55866e-11
1.83398e-07;0.00209164;0.000194402;2.02253e-06;1.52223e-05;6.09653e-06;1.03397e-08;0.00164903;1.31646e-06;1.72537e-08;1.40935e-06;0.995532;0.000135232;0.000371683
2.72052e-08;0.999134;2.19812e-09;3.26751e-10;3.07116e-09;2.14117e-07;6.97253e-08;1.05983e-06;2.64001e-10;2.3636e-09;1.15598e-08;1.47164e-06;0.000863415;5.46069e-08
6.80408e-09;0.000469182;1.9282e-07;2.78875e-07;0.000460529;0.000219527;1.33824e-10;0.000426421;1.21677e-09;3.43199e-09;2.11506e-07;0.985682;3.67087e-05;0.0127047
1.4101e-11;0.999998;4.12892e-13;4.87879e-11;1.38425e-11;2.55294e-10;2.05456e-09;1.2106e-09;1.73484e-13;3.57389e-11;2.50955e-11;3.74487e-13;1.64429e-06;5.37975e-08
1.24746e-09;5.57819e-08;0.999998;1.69173e-10;6.55841e-11;1.17508e-10;9.30637e-11;4.36492e-09;2.86653e-12;5.76335e-12;6.61663e-12;1.57223e-06;2.10307e-07;1.0213e-11
6.6097e-06;0.0201933;2.25209e-06;0.00285479;0.000446399;1.7696e-05;0.000194596;0.0241094;0.00212445;1.59002e-05;0.00938205;0.00045593;0.940191;5.34386e-06
3.58014e-06;0.131347;0.000135712;0.00132264;0.000555099;0.00244187;1.61257e-07;0.00122329;5.67797e-09;1.0274e-05;1.89278e-06;0.00102577;0.861872;6.0581e-05
0.000224978;0.373826;0.152611;0.000219875;0.000170996;1.0082e-05;3.79217e-05;0.333575;5.8386e-06;2.21179e-05;0.000421367;0.0418351;0.0968917;0.000148352
8.8143e-07;0.00332417;8.55508e-08;0.000165859;0.00344885;0.802162;2.45322e-07;0.000466939;1.38785e-06;1.52636e-05;5.57963e-06;2.81734e-06;0.0145597;0.175846
0.00138115;0.0246873;0.591815;0.000402668;3.1035e-05;0.000138008;0.000121183;0.000112484;5.07485e-06;0.000274513;0.000124099;0.379942;0.000559315;0.000406366
1.73311e-05;0.979607;1.2229e-08;5.28199e-05;2.66619e-05;1.17472e-05;4.74906e-07;0.00105802;1.229e-05;2.35776e-07;0.000124448;3.41478e-05;0.0167836;0.00227118
6.24287e-08;0.000338795;1.62972e-11;3.72316e-09;8.85719e-05;1.57468e-09;4.82e-10;0.999563;3.4404e-09;5.32072e-09;4.00775e-10;5.5398e-06;2.79485e-08;4.11285e-06
1.28776e-07;1.85881e-06;0.999628;1.19077e-06;1.18653e-05;3.24976e-06;2.9375e-09;1.15921e-07;1.61913e-09;1.35524e-07;4.56837e-08;0.000339918;1.31686e-05;9.88903e-08
4.14015e-06;0.997675;1.74151e-08;3.27984e-08;7.1904e-08;1.64693e-08;0.00180678;0.000466992;1.0069e-06;6.11307e-06;6.97093e-06;1.05015e-07;3.42098e-06;2.90929e-05
6.91885e-11;1.46425e-10;1;1.39657e-11;1.3691e-11;4.57405e-12;7.83018e-11;2.33843e-12;9.83279e-11;1.75746e-12;7.19579e-11;7.23201e-09;6.14943e-12;5.89744e-12
6.03979e-05;0.476883;6.80978e-06;3.10186e-07;3.23602e-06;2.29117e-06;1.23143e-06;0.521615;4.2392e-05;1.43673e-06;2.18108e-06;2.57095e-05;0.00126021;9.52721e-05
6.64528e-08;0.0451027;5.1383e-07;1.69088e-06;1.55913e-06;5.59904e-07;6.47222e-08;6.98583e-06;1.5179e-07;1.16381e-07;4.77158e-06;0.954855;9.53772e-06;1.63637e-05
3.37809e-06;0.979841;5.4338e-06;2.40706e-08;3.89305e-08;3.7044e-08;1.57287e-05;6.05015e-05;2.51182e-08;5.09805e-08;9.98241e-07;0.000337774;0.0197349;1.60254e-09
4.56133e-05;0.810998;2.06003e-05;3.6712e-06;1.95856e-05;1.98491e-05;0.177167;0.000293605;5.07595e-05;0.00719275;4.24648e-06;0.000282956;0.000404675;0.00349663
5.29332e-08;6.86625e-10;0.999997;3.33896e-09;1.25447e-09;8.17807e-09;4.35398e-08;1.2191e-10;2.81112e-06;7.48472e-10;8.99538e-10;6.63597e-09;1.00043e-08;2.17628e-12
0.000190864;0.0551985;0.00407098;6.58867e-06;8.19927e-05;2.36304e-06;3.11239e-06;0.926344;0.000164773;7.76163e-07;9.73884e-07;2.75442e-05;0.0139056;1.95228e-06
8.96225e-05;0.154343;4.10935e-05;0.00027968;5.05727e-05;0.000188621;2.06165e-05;0.650996;0.140479;1.24799e-05;0.000440686;0.000223421;0.0522844;0.000550981
6.49001e-05;0.00544784;1.82034e-05;4.10577e-06;0.000759421;0.00044775;3.516e-08;0.968395;4.3763e-06;9.54767e-06;1.13863e-07;0.000706581;0.000217883;0.0239243
8.81376e-06;0.115741;3.43965e-05;6.9509e-07;1.8652e-06;2.11768e-07;1.96167e-06;0.00159302;2.90741e-06;1.41889e-07;2.33308e-06;0.877124;0.0054339;5.52398e-05
2.46844e-05;0.128717;0.000191015;1.55471e-05;0.0192909;0.000250324;1.22047e-05;0.82386;0.000161297;5.35341e-06;5.75864e-06;0.000881792;0.0115418;0.0150419
8.74926e-05;0.795474;8.49166e-07;1.89233e-05;0.00112732;1.16252e-06;1.69541e-05;0.184121;2.52098e-05;9.71172e-07;1.57563e-05;0.000329016;0.0186192;0.00016188
0.00465558;0.00311657;4.00109e-06;0.00016221;0.000505968;1.67075e-06;7.58556e-05;0.0636651;0.884339;1.74849e-06;0.00704449;0.0340105;0.00234816;6.94232e-05
5.04489e-06;0.998423;1.07205e-07;2.6615e-06;4.44089e-06;3.26619e-09;5.20956e-09;0.00155126;8.19329e-07;5.24507e-08;5.2385e-08;6.92648e-06;3.03856e-06;3.16789e-06
0.000105245;0.982124;0.000409742;0.000224414;3.74271e-05;2.25866e-06;4.39771e-06;1.59001e-05;2.38655e-06;4.63413e-05;6.67753e-05;0.00330854;0.0136419;1.05557e-05
6.8449e-05;0.00505297;3.08286e-06;6.17156e-05;0.000354819;0.000147912;2.75609e-05;0.0110739;0.000744017;1.36121e-06;0.0113379;0.969512;0.00143757;0.000176625
2.07258e-05;0.13966;4.53326e-06;2.72272e-07;0.000620379;0.000143091;1.49277e-06;0.857864;7.02994e-06;5.50937e-07;1.25168e-06;4.32643e-05;0.0011622;0.00047043
4.19908e-05;0.0314536;4.59179e-07;6.2312e-07;7.41065e-07;1.64777e-05;6.33023e-07;0.000490523;9.97594e-05;1.85675e-07;1.15704e-05;0.00597158;0.961906;5.56621e-06
2.20235e-05;0.0194048;0.979742;6.60193e-06;2.38201e-06;1.03757e-06;4.57169e-07;2.91859e-06;5.72244e-07;8.37813e-06;2.42386e-07;0.000626664;0.000162055;1.93862e-05
5.22022e-06;0.993427;1.03396e-05;2.21923e-05;1.0127e-05;1.51913e-06;3.16854e-06;0.00354004;1.70334e-05;4.71315e-07;1.77243e-05;0.000698074;0.00211951;0.000127667
2.33058e-06;0.0043576;1.63171e-06;1.88616e-06;2.91005e-05;1.84967e-06;1.38543e-08;0.982254;1.20647e-06;1.01326e-07;1.37201e-06;0.00126585;0.0120714;1.13976e-05
6.02919e-08;0.907824;6.35631e-05;1.8234e-06;2.00372e-07;7.25702e-07;0.000114071;6.12103e-11;3.92943e-10;0.00176709;2.25071e-08;5.2832e-08;5.49368e-09;0.0902283
7.50448e-08;6.70283e-09;0.999956;5.84052e-09;3.32504e-10;2.03987e-10;3.57897e-05;2.7368e-09;1.92507e-06;4.61641e-09;6.01753e-06;3.02996e-07;2.25347e-09;2.44114e-10
1.05353e-06;0.175808;1.38471e-07;6.67033e-08;4.52062e-07;9.25612e-08;0.822849;0.000352868;0.000338951;0.000227347;0.000406941;5.18082e-08;1.50492e-05;1.51941e-07
1.55014e-09;1.83199e-09;1;1.2552e-09;5.43675e-11;1.24551e-11;5.13579e-08;1.09894e-10;4.98898e-09;1.99522e-09;1.86414e-08;3.89249e-07;2.65488e-11;1.78879e-10
2.08651e-05;0.331413;1.18581e-06;8.35635e-07;1.81167e-05;9.29729e-07;2.95764e-07;0.601479;2.79828e-05;4.22968e-08;8.37852e-06;0.000477245;0.0665503;1.07537e-06
2.51204e-05;0.0102239;4.24002e-05;1.01275e-05;1.86814e-05;4.14769e-05;6.30915e-07;0.0045942;1.1536e-05;2.77042e-06;5.23937e-05;0.96961;0.0153532;1.37379e-05
6.64834e-06;0.0344434;1.56665e-06;9.27314e-06;5.62729e-08;1.55729e-06;0.961297;4.33326e-06;2.5821e-05;0.00404706;1.26218e-05;3.22732e-08;1.55829e-06;0.000149654
3.53101e-09;7.15651e-10;1;8.91842e-10;7.60249e-12;5.51428e-12;2.40181e-08;3.51687e-12;3.68728e-08;1.01916e-10;1.82269e-09;2.10414e-08;2.37983e-12;3.48539e-11
0.000848658;0.0369604;1.1516e-05;8.02312e-06;6.96609e-05;8.53111e-06;6.53912e-05;0.938983;0.0189927;1.60005e-05;0.00018853;0.000312148;0.00344741;8.75555e-05
1.1142e-07;0.00998047;2.34549e-05;1.02383e-07;2.80094e-06;1.37305e-07;3.3822e-08;7.91435e-05;4.74682e-07;2.9801e-08;4.90266e-07;0.989907;4.72447e-06;1.07351e-06
3.75257e-05;0.216285;0.000302906;2.1275e-06;0.000391074;7.72643e-05;4.68886e-05;0.687594;0.00101243;3.543e-06;8.18142e-05;0.00112409;0.0929212;0.000120069
3.6216e-06;0.177672;1.82848e-07;5.73708e-07;8.97886e-05;7.47308e-06;2.45617e-06;0.000804969;1.51645e-05;2.62951e-07;3.04716e-07;0.00260239;0.818738;6.32264e-05
0.00139944;0.0217603;0.000463419;1.53133e-05;0.00277269;0.000165573;2.86035e-05;0.343269;0.00740736;9.57177e-06;3.0375e-06;0.24304;0.379549;0.000116502
0.00150991;0.26064;1.78492e-07;0.000416407;0.0022972;0.000429801;0.000194062;0.122786;0.580969;0.000520734;0.000332024;0.000552097;0.0279115;0.00144073
0.00140312;0.992299;9.87707e-05;0.000470477;0.000915676;4.07642e-06;2.37132e-05;2.9432e-05;0.00265805;0.000104206;8.48038e-06;0.00152482;1.9673e-05;0.000440643
0.00115716;8.60797e-05;9.35826e-09;2.28133e-07;8.1405e-07;2.1317e-08;1.46202e-05;0.963765;0.0347158;7.25194e-08;7.49994e-06;7.77589e-07;0.000252412;2.4319e-09
2.76821e-06;0.000220979;2.62455e-05;6.59426e-06;2.56755e-06;1.27152e-06;2.48262e-08;1.0408e-05;9.54138e-05;6.61138e-08;3.63432e-06;0.999616;1.12078e-05;2.81717e-06
0.000271639;0.945596;2.05e-07;1.96219e-05;2.03166e-05;1.04951e-05;1.90314e-06;0.00133648;0.00118826;3.1747e-07;0.000184624;0.000944084;0.0496546;0.000771416
8.17324e-05;0.586773;5.93455e-06;6.146e-07;0.00185746;5.28237e-07;8.26586e-08;0.380719;1.83946e-05;8.41e-08;1.04959e-06;0.0276706;0.00088806;0.00198342
0.000104605;0.383621;4.77077e-05;0.0265726;0.0564407;0.0256328;3.61098e-05;0.110027;0.00646691;0.000265246;0.00309464;0.0645936;0.291385;0.031712
0.0225757;0.0249777;0.000339855;0.0221727;0.00364133;0.00085903;0.000484877;0.0291317;0.0595556;0.000100351;0.0237568;0.5226;0.281021;0.00878272
2.25184e-05;0.0734629;5.10352e-08;2.52925e-07;3.7851e-06;1.2789e-06;4.22595e-09;0.000646985;4.03504e-07;5.09052e-08;3.93766e-08;0.000527183;0.924808;0.00052652
8.64128e-05;0.0504897;7.21949e-08;1.03894e-05;0.000302161;3.6105e-06;1.1527e-06;0.000322419;3.69285e-06;5.55602e-06;2.7884e-05;0.0666864;0.0294492;0.852611
1.95921e-05;0.0630177;1.3041e-08;3.4688e-07;0.00414503;1.32281e-08;2.25905e-08;0.925371;6.48108e-08;7.01305e-08;1.65754e-07;0.00560308;0.000143807;0.00169938
1.44374e-05;0.000470245;1.14147e-08;9.35628e-06;0.0321088;2.8015e-06;3.52627e-06;0.96703;4.34109e-05;4.09671e-06;2.34593e-06;1.64418e-06;0.000308291;1.00721e-06
0.000161418;0.000607282;0.990806;5.5224e-05;0.000199818;2.71667e-05;3.60438e-06;2.33716e-07;1.063e-06;6.42348e-05;1.92494e-06;0.0033305;2.71713e-05;0.00471472
1.20919e-05;0.993537;2.43078e-07;8.24637e-06;2.63932e-06;1.9073e-07;7.99683e-06;0.00164802;0.000140178;8.76521e-08;7.73501e-05;6.26085e-05;0.000102353;0.00440067
1.9106e-07;0.00114262;1.2275e-10;4.89978e-09;0.000133995;2.15805e-09;4.7532e-09;0.998719;5.70759e-08;1.56789e-08;5.27201e-09;1.17354e-06;1.87858e-08;2.94688e-06
4.46948e-07;8.74114e-06;0.99922;7.01479e-07;1.34618e-05;2.26418e-05;2.90921e-09;1.15751e-07;3.34167e-09;2.91453e-07;4.69035e-08;0.000304826;0.00042763;8.15526e-07
2.8687e-06;0.998548;6.21134e-09;1.42029e-09;6.85457e-08;5.39398e-09;2.55581e-05;0.00141268;6.67009e-08;9.05761e-07;1.43825e-07;1.89492e-07;5.93748e-06;3.5696e-06
3.6877e-10;3.0751e-09;1;2.60028e-10;3.29476e-10;1.54252e-10;2.86447e-09;3.26533e-12;7.4432e-10;2.78032e-10;2.72329e-10;3.13497e-09;1.96665e-10;3.44773e-11
1.04393e-05;0.997056;6.76895e-06;8.4239e-08;2.483e-09;7.63702e-09;5.03476e-06;0.00247341;2.46096e-05;2.24802e-07;4.38138e-05;8.06065e-05;0.000298764;1.32278e-09
3.4684e-08;0.999756;5.17703e-11;1.43471e-06;5.42147e-07;4.89458e-08;1.06041e-05;5.69838e-07;1.00337e-07;0.00015561;2.79839e-07;5.6641e-06;1.05272e-06;6.7956e-05
6.18001e-07;1.37535e-05;0.996734;6.4868e-06;6.75937e-09;1.48578e-06;0.00296519;2.03183e-07;3.61203e-07;0.00014341;8.83118e-05;1.05079e-08;4.6529e-05;5.98326e-09
7.23643e-10;7.21914e-10;1;2.67618e-09;1.77559e-11;9.96207e-11;1.38895e-08;4.01632e-10;8.47866e-10;6.56722e-10;5.47599e-08;2.71676e-08;6.30401e-10;8.57245e-13
2.23214e-05;0.00598544;0.00680043;9.05235e-05;0.000511932;5.04907e-05;9.48975e-07;0.0175418;0.000271499;1.33317e-06;0.000309637;0.968052;0.000156281;0.000205671
1.30133e-07;0.998799;1.03144e-11;1.0794e-10;1.497e-09;9.73987e-08;2.07131e-09;6.57558e-08;5.5523e-10;5.65228e-10;5.21176e-09;4.78096e-09;0.00120059;5.64943e-08
1.64187e-05;0.272838;6.52403e-05;3.35397e-06;0.000163198;2.47829e-06;7.64053e-05;4.42322e-05;2.16303e-07;0.000386975;2.53509e-07;0.352847;1.34371e-07;0.373556
2.87608e-09;5.2577e-10;0.999989;1.11898e-10;1.0559e-06;4.00691e-11;1.21767e-10;9.72351e-06;1.54965e-10;1.56011e-11;8.55502e-13;6.39413e-08;1.57305e-12;1.55147e-11
1.4837e-09;7.86125e-06;1.79915e-11;4.71428e-11;1.29199e-07;1.99325e-08;1.00012e-11;0.999991;5.77428e-10;3.6958e-11;9.08325e-13;7.49882e-08;5.9893e-07;1.58611e-10
2.00117e-06;0.0126183;2.22362e-07;4.06699e-07;1.5707e-05;2.08506e-06;3.65721e-07;0.983675;8.04804e-08;3.2863e-07;3.73297e-09;1.33085e-06;0.00367768;5.90274e-06
1.82808e-06;0.049405;1.51549e-07;0.000452131;0.00196519;0.000278078;1.68982e-07;0.818474;6.86744e-06;8.54349e-06;1.63757e-06;0.00357482;0.0048628;0.120969
0.000193625;0.0689451;3.15503e-05;0.000116293;1.41922e-05;1.72334e-06;0.000103133;0.00756497;0.000510736;3.91667e-06;0.00507135;0.812774;0.104669;4.55523e-07
7.42211e-06;0.688907;6.90773e-09;1.94152e-06;1.02244e-05;5.45442e-06;0.000116992;0.00139712;2.94128e-07;8.02031e-05;4.59959e-07;4.30274e-08;0.309147;0.000324913
3.6029e-09;2.81743e-10;1;6.32266e-09;4.04532e-11;1.19592e-10;1.3839e-08;5.44494e-13;6.39324e-09;1.70724e-09;1.86232e-09;4.93368e-07;5.37907e-11;3.92714e-11
0.000187818;0.01729;0.701744;0.000216728;0.00258257;2.70584e-05;0.00032199;0.270211;0.00343326;4.45181e-05;5.89667e-05;0.00030813;0.0027946;0.000779944
1.07421e-05;0.0274182;1.74324e-06;0.000115229;0.0033936;0.565965;3.51377e-06;2.34517e-06;0.000373305;3.57286e-05;0.000477954;0.00760044;0.065944;0.328658
4.71855e-05;0.880487;0.0994712;1.66447e-05;2.21799e-05;2.55727e-05;4.80558e-05;1.6458e-07;1.9353e-08;0.000372338;4.8797e-07;0.0122347;0.000171679;0.00710286
8.15427e-07;8.58667e-07;0.999994;1.811e-08;3.89743e-09;6.21725e-09;2.70828e-07;7.02414e-08;5.60768e-07;7.34247e-09;9.27846e-08;2.38793e-06;1.09137e-06;2.86909e-10
2.24832e-05;0.00125966;4.53171e-07;5.65022e-05;7.24017e-05;3.40108e-05;4.06487e-05;0.896681;0.0872245;4.98499e-06;0.00119244;0.000170973;0.0132402;2.50709e-08
9.36578e-07;0.99982;2.31959e-05;5.77948e-06;2.62488e-07;6.86297e-08;1.01423e-08;3.01674e-05;3.25296e-08;5.26296e-08;2.83548e-08;7.24e-06;0.0001118;1.11251e-07
2.17666e-05;0.0263029;1.35916e-05;5.24296e-07;1.37001e-07;4.48835e-08;7.07645e-07;0.00677903;1.40086e-05;1.35519e-07;2.93391e-06;0.941867;0.0249972;5.78501e-09
0.000225866;0.0400177;0.00366326;0.00159322;0.00617857;0.00526921;4.87424e-05;0.014105;0.00633356;0.000232351;0.000501288;0.0329478;0.88862;0.000263046
0.000618812;0.574388;2.01186e-05;0.000377796;5.48033e-05;2.72808e-05;9.17242e-05;0.000231378;0.0439147;3.27531e-06;0.0203811;0.246617;0.113201;7.2425e-05
0.00163405;0.357341;6.65017e-06;9.46849e-05;5.02948e-05;2.37417e-05;3.82157e-05;0.00195146;0.00261122;9.07327e-06;0.000661243;0.417774;0.217414;0.000389902
0.000576612;0.130755;7.85362e-05;9.92037e-06;0.000159012;9.4036e-05;1.39913e-06;0.00348029;1.66374e-05;1.1088e-05;3.28228e-06;0.0175057;0.847275;3.31637e-05
0.000390501;0.0159329;0.00126765;0.0144732;0.00590456;0.0268406;2.28064e-05;0.0230135;0.00395672;0.000559149;0.00192818;0.886641;0.0173398;0.00172944
0.00056609;0.935687;3.29591e-07;0.00224454;0.00029266;4.65572e-05;1.68508e-05;0.0202009;0.000373995;7.34804e-05;0.000684717;0.0106069;0.0279431;0.00126258
0.00789465;0.647157;0.00875039;6.46687e-05;2.26934e-05;3.46228e-06;2.59594e-05;0.267395;9.32167e-05;0.000116005;0.000354688;0.0621551;0.00513219;0.000834969
1.61982e-07;0.0355869;1.1245e-07;3.73893e-08;4.92366e-09;3.18583e-08;0.892289;7.18537e-09;3.78375e-08;0.0717235;6.13991e-08;7.71966e-11;1.55797e-09;0.000399873
1.57402e-13;3.89707e-16;1;4.00351e-12;2.46833e-12;2.4723e-12;6.46039e-12;2.02334e-15;1.86033e-12;3.1772e-12;1.14611e-12;1.39363e-10;1.08208e-16;1.97551e-13
