4.17001e-06;0.999338;0.000106431;9.17149e-05;1.50077e-07;2.28696e-07;3.78417e-07;4.46731e-06;1.5766e-07;1.03395e-06;2.09016e-07;7.01462e-06;0.00043271;1.32412e-05
5.35658e-06;0.996515;5.52231e-09;2.62349e-05;4.22723e-06;3.13389e-06;4.76027e-08;0.00275982;3.58574e-05;2.37848e-07;7.59551e-06;0.00043924;0.000194702;8.90139e-06
3.97384e-06;0.999285;1.5442e-08;1.13741e-06;8.17413e-07;4.11675e-06;3.65292e-07;0.000216401;1.62804e-06;2.42376e-06;2.86557e-06;4.94229e-05;0.000407032;2.51511e-05
0.000577584;0.0057669;1.63281e-06;9.47918e-05;0.000756274;1.57598e-05;0.000146191;0.00149503;0.000856776;3.49604e-06;0.000969519;0.987424;0.000449688;0.00144286
3.00632e-05;0.989688;2.99048e-08;3.9449e-08;6.59869e-05;9.62986e-09;5.00547e-07;0.00463227;5.07313e-07;3.57099e-08;1.17624e-08;3.49702e-05;5.04379e-05;0.00549702
4.17359e-05;0.770775;2.78135e-07;8.7579e-07;0.000842226;0.00013984;2.76521e-06;0.152903;7.27688e-06;1.21584e-06;7.297e-07;0.00406118;0.0203815;0.0508418
5.51777e-07;0.809312;1.43327e-08;9.57758e-08;3.80759e-07;5.90381e-07;9.78354e-07;0.00835865;1.00107e-08;1.02221e-06;3.59435e-09;5.30992e-07;2.60703e-05;0.182299
7.82991e-10;5.24175e-08;1;4.59497e-09;4.30337e-10;5.61448e-09;1.30015e-08;7.64009e-10;2.82662e-10;1.65074e-09;8.23665e-10;9.85171e-10;2.9429e-09;1.03515e-09
2.72642e-08;1.30523e-07;0.999998;2.72717e-08;4.05822e-09;2.12849e-09;2.06875e-08;2.53042e-08;1.32198e-08;2.06247e-09;1.76884e-08;1.98107e-06;2.46175e-07;1.85699e-08
4.45383e-09;7.57835e-06;0.000133493;1.88827e-08;2.02468e-06;3.03768e-07;2.05368e-09;2.81336e-06;6.3117e-10;3.03554e-09;2.09462e-09;6.79205e-05;1.13088e-07;0.999786
8.49881e-08;0.000654149;9.37991e-10;7.96483e-08;0.00407442;4.35855e-06;3.22491e-07;0.995248;5.8092e-07;1.89129e-08;1.2157e-07;2.45901e-06;1.13375e-06;1.48107e-05
1.9901e-09;1.82298e-06;0.999955;8.58815e-09;3.45328e-06;2.22059e-08;8.26657e-10;8.51331e-09;2.34557e-13;1.31483e-09;3.07466e-10;3.93785e-05;2.05399e-08;7.78821e-08
5.45958e-09;0.999967;3.50728e-09;8.48521e-09;7.51418e-09;2.16247e-09;3.85844e-08;8.24113e-06;6.33199e-09;1.28881e-10;1.1797e-07;1.91555e-07;1.62571e-05;7.87812e-06
7.05865e-08;0.00576992;1.66719e-08;4.74877e-10;4.33812e-07;1.06009e-08;2.86788e-10;0.994045;7.38401e-09;1.47271e-09;9.04104e-11;3.75197e-09;0.000183999;3.58691e-07
3.48644e-09;8.12383e-05;2.59314e-05;4.19744e-07;5.92418e-06;6.60774e-07;1.13674e-10;7.28528e-08;5.63112e-09;8.96747e-09;1.75942e-08;0.999873;2.99244e-06;9.86545e-06
2.43234e-06;0.979101;4.113e-08;5.63784e-07;4.63613e-06;2.43469e-07;6.18991e-06;0.0111705;3.64192e-06;7.55794e-07;3.32268e-06;1.63649e-06;0.00970429;7.20933e-07
1.31897e-07;0.00661164;1.64351e-06;7.84272e-07;1.18127e-05;1.10342e-07;9.77813e-08;7.38965e-07;4.19426e-07;2.59096e-07;5.86511e-07;0.993306;4.22416e-05;2.3694e-05
5.07342e-06;0.000322087;2.28017e-09;3.42761e-08;3.45868e-05;5.79933e-06;8.99241e-09;0.991958;9.83514e-07;2.08317e-08;2.33957e-08;4.74432e-08;0.00767337;4.16018e-08
7.10999e-07;1.74828e-05;3.16748e-09;1.33988e-08;8.03993e-08;2.97251e-08;5.08023e-10;0.991687;4.00143e-08;1.31415e-10;2.0489e-09;3.34598e-08;0.00829438;5.80375e-08
8.97346e-06;0.00126844;8.85521e-06;6.47377e-06;3.07882e-07;3.07175e-06;3.7e-08;0.000439903;2.26255e-05;6.7282e-07;1.58232e-05;0.994405;0.00374478;7.50042e-05
7.75508e-05;0.933606;3.38839e-05;1.19514e-05;3.63583e-06;3.77732e-07;4.2174e-05;0.0384155;7.81636e-06;1.86027e-05;4.16158e-05;0.0104674;0.0172696;4.14219e-06
4.77236e-06;0.330907;1.97776e-08;3.83505e-05;0.000637572;9.29265e-07;5.86877e-07;0.0347162;1.41856e-06;1.10155e-05;2.12419e-05;0.633569;5.90751e-05;3.31996e-05
8.07397e-05;0.866063;0.000183775;0.000572558;0.00248535;0.00130668;1.00157e-05;0.00400051;1.22596e-07;0.000588849;4.13348e-05;0.0355411;0.0846164;0.00450914
0.0002036;0.603545;1.80541e-05;3.34357e-06;3.82721e-06;5.48035e-08;0.000255885;0.029648;6.58965e-05;8.54178e-07;0.00966771;0.352823;0.00376026;4.5521e-06
3.07419e-05;0.896893;6.37831e-07;0.00258661;0.0505533;0.00034075;8.59959e-06;0.0235831;0.00069076;1.00838e-05;0.00134376;0.00246895;0.00358359;0.0179059
0.00156322;0.264872;2.15184e-06;1.68031e-06;1.78284e-05;3.61409e-07;6.64582e-06;0.730579;4.15072e-06;1.10882e-06;3.99264e-06;0.00053253;0.00239395;2.13975e-05
5.12706e-06;0.398197;5.93293e-06;2.36412e-06;7.0744e-05;0.000468827;5.10163e-07;0.00026426;6.28853e-08;5.26827e-06;3.69738e-07;7.34046e-06;0.0166519;0.58432
6.91934e-09;7.61626e-09;0.999999;1.25845e-08;4.53646e-10;8.40546e-10;2.17033e-08;2.81604e-10;1.00471e-09;4.07728e-09;1.20532e-08;1.02591e-06;1.84994e-08;5.34016e-11
1.69363e-07;1.07111e-06;0.998745;2.10393e-06;4.64438e-06;4.7702e-07;7.35385e-08;0.000665106;1.33514e-07;1.44642e-08;2.09075e-07;0.000577909;2.20778e-08;3.02452e-06
3.6788e-09;5.12898e-05;2.12734e-07;1.82108e-08;5.12106e-06;0.000713321;3.09697e-11;1.28043e-06;2.18668e-10;1.22393e-08;3.53821e-11;4.20069e-08;1.35835e-08;0.999229
1.35063e-06;0.000253854;2.33854e-10;4.51032e-08;5.74426e-06;3.0109e-05;6.63028e-09;0.269479;6.0317e-08;1.69221e-08;6.35954e-07;1.3316e-07;0.730229;7.60691e-07
5.87293e-07;1.01609e-06;0.999993;2.43862e-07;6.14839e-09;1.83264e-09;5.32101e-08;9.73185e-07;1.14523e-07;1.79329e-08;2.09245e-07;1.08348e-07;3.22878e-06;1.33185e-09
6.73194e-08;9.40774e-06;0.000155871;2.82417e-07;3.0899e-06;2.57621e-07;8.26964e-09;4.17883e-05;1.27581e-08;4.7697e-08;1.22838e-08;0.00180778;4.34751e-07;0.997981
3.19062e-08;5.62729e-06;5.60349e-11;2.41807e-08;0.000130149;9.83483e-07;7.4229e-08;0.999862;5.33077e-07;2.5325e-09;2.15761e-08;1.0538e-08;1.13203e-07;1.71067e-07
2.50337e-10;1.37015e-08;1;1.97931e-09;4.97611e-08;5.47634e-10;5.37258e-11;2.10925e-10;1.10349e-13;8.54374e-11;5.82869e-11;1.93787e-07;2.19318e-10;1.43145e-09
8.07658e-10;0.999985;5.70539e-10;4.73408e-10;6.3301e-11;5.68644e-11;4.24066e-10;1.66498e-07;5.81189e-10;4.72751e-12;3.39353e-09;1.14901e-08;1.46926e-05;8.87116e-10
1.06288e-07;0.99295;1.19347e-06;2.57989e-08;2.94266e-06;2.25807e-07;4.94242e-10;0.000885503;1.2004e-08;2.06178e-08;3.32704e-10;4.4425e-06;0.000537989;0.00561714
6.9218e-07;0.701027;4.95803e-07;4.11087e-05;0.01591;4.35323e-05;2.83799e-06;0.00229634;1.79248e-06;7.18156e-05;1.62434e-07;0.000385749;0.000315155;0.279904
2.4388e-06;0.00581894;7.53042e-08;1.4748e-05;1.72925e-05;0.000357215;3.41688e-06;1.64244e-05;4.43714e-06;8.49937e-06;1.93956e-06;0.0018193;0.991932;3.58119e-06
2.26053e-06;8.23248e-05;0.997202;6.28321e-06;1.31628e-06;1.93428e-06;4.44813e-05;2.4495e-07;3.27033e-08;0.00105423;4.59021e-08;0.00156705;3.25139e-05;5.53387e-06
7.20696e-08;2.43651e-07;0.999992;1.55255e-06;4.96447e-09;2.01e-07;3.87992e-07;2.08533e-09;2.64351e-07;2.31776e-07;1.7202e-06;2.26246e-06;7.24104e-07;4.13964e-09
2.76086e-06;0.996263;0.00327591;1.40471e-05;5.52836e-07;3.58624e-08;2.06873e-06;5.28305e-05;2.64624e-08;7.71554e-06;3.96389e-07;0.000166368;0.00020944;5.01154e-06
4.47385e-07;0.981823;4.29129e-11;8.59733e-07;2.68297e-06;9.23663e-09;9.96957e-07;0.0180191;2.06089e-06;4.8874e-07;5.73469e-06;4.24549e-05;0.000102247;1.64839e-07
7.96882e-05;0.686327;0.135297;0.00477597;0.0200738;0.0188906;6.9473e-05;0.0273269;1.45854e-06;0.00403545;0.000373257;0.081885;0.012513;0.00835142
0.000103108;0.519475;9.12425e-05;3.81484e-06;2.68559e-06;1.91241e-07;0.000207073;0.00708545;1.62044e-05;2.00054e-06;0.0015042;0.458005;0.0134795;2.47016e-05
2.38809e-05;0.95212;1.21854e-06;0.00257132;0.0232301;0.000584073;7.57309e-06;0.00211761;0.000297305;2.8251e-05;9.6954e-05;0.000408131;0.000341874;0.0181719
0.000608085;0.353874;1.75594e-05;7.47304e-07;2.19654e-05;6.68209e-07;2.28998e-07;0.643806;5.14219e-07;2.84307e-07;1.21264e-07;0.00112154;0.000494497;5.43098e-05
1.77883e-06;0.213526;2.19937e-07;4.43709e-06;0.000248417;0.00152665;1.42036e-06;0.000224373;3.06211e-07;3.06976e-05;5.68432e-08;1.10267e-07;0.00066872;0.783766
8.71002e-09;1.28838e-09;1;7.29306e-09;2.2178e-11;1.50385e-10;3.58894e-09;1.38939e-10;4.10395e-09;5.16805e-10;8.48152e-09;6.53358e-08;4.4462e-10;3.65516e-12
4.59864e-06;0.000476025;0.000447392;1.34983e-05;4.8682e-06;7.08187e-06;7.7624e-08;0.000163946;0.000106708;5.20188e-08;1.47054e-05;0.998746;2.15157e-06;1.33603e-05
4.21478e-06;0.998538;8.51073e-11;1.08412e-06;4.98165e-07;2.17027e-06;0.000319538;0.000121457;1.85099e-06;2.24092e-05;3.92846e-06;2.83183e-11;0.000485948;0.000498436
2.64865e-09;1.61678e-10;1;7.06321e-09;2.68943e-08;1.96599e-10;6.39361e-11;5.60721e-11;1.2935e-10;6.97214e-10;2.54593e-10;4.1344e-07;5.74011e-13;1.15373e-08
0.000506189;0.016127;0.000100493;7.43242e-05;0.0852484;1.32137e-05;3.73752e-07;0.893625;0.000352637;2.36485e-07;4.46395e-06;0.000212337;0.000429037;0.00330627
2.99366e-07;0.000162678;2.91783e-10;2.5466e-09;1.19945e-05;3.35288e-09;1.01863e-09;0.99976;2.65681e-07;3.43767e-09;3.97189e-09;2.99266e-09;6.50353e-05;1.64675e-09
5.06609e-07;1.84346e-05;0.998043;3.1095e-06;0.000265479;1.89954e-05;6.09049e-10;2.79633e-07;1.70859e-09;1.56059e-05;5.01199e-09;0.00161015;6.20034e-07;2.35401e-05
5.78507e-06;0.988839;1.57194e-05;1.02681e-06;1.72028e-06;1.496e-07;1.88185e-06;0.0108006;0.000236008;8.61374e-08;4.17489e-05;1.59458e-05;2.74968e-05;1.32363e-05
