1.50723e-05;0.997946;0.0013502;0.000223418;2.36502e-06;5.06636e-07;9.02756e-07;3.45045e-05;2.64796e-07;3.18355e-06;5.95952e-07;7.92334e-05;0.000320194;2.39789e-05
3.39602e-06;0.998822;1.41876e-09;1.90355e-05;4.88614e-06;3.46082e-06;1.58658e-07;0.000881977;1.3285e-05;4.44809e-07;4.75703e-06;8.84873e-05;0.000150709;7.70813e-06
2.80137e-06;0.999118;1.69122e-06;7.0363e-07;5.69401e-07;2.09891e-06;2.57229e-07;0.000556764;2.00342e-07;1.80351e-06;5.11879e-07;9.68576e-05;0.000197497;1.98986e-05
3.07914e-05;0.00313787;5.08133e-08;6.84409e-06;6.32836e-05;3.40999e-06;1.12286e-05;0.000143223;0.000467436;8.59097e-07;0.00022747;0.995822;3.09982e-05;5.42336e-05
0.000261339;0.0238467;0.97508;2.68547e-06;2.72689e-05;2.64805e-08;1.26377e-05;0.000164364;1.79306e-05;3.57958e-07;2.14685e-07;1.64488e-06;0.000534052;5.0866e-05
1.27875e-05;0.973205;1.10051e-09;2.18048e-07;0.000428198;4.87343e-09;2.12823e-06;0.0111151;1.99503e-06;1.99687e-07;1.25616e-07;1.76689e-05;2.47031e-06;0.0152139
6.71434e-06;0.00448833;0.00109175;2.83416e-06;0.00163919;3.13624e-05;1.31046e-08;2.87705e-05;4.14572e-09;1.0658e-07;1.6283e-08;0.991428;3.23581e-05;0.00125025
3.83982e-07;0.997475;1.97333e-08;3.68427e-08;3.53797e-07;2.19071e-08;5.48868e-06;0.00186034;3.00379e-08;5.38819e-08;1.23716e-08;4.53895e-09;1.03292e-06;0.000656772
2.42988e-09;6.49765e-08;1;1.90474e-10;1.86343e-09;2.54626e-11;2.75932e-10;6.4193e-10;1.01423e-10;6.40362e-11;1.92176e-10;2.39063e-07;5.01982e-09;5.7967e-10
1.77314e-05;0.0791635;3.88038e-07;7.64791e-06;7.46135e-06;0.00029941;5.57191e-05;0.00182607;0.000376956;2.9874e-05;0.00016257;1.13651e-05;0.918017;2.38828e-05
1.71746e-07;0.00387177;0.992707;5.79644e-07;5.60474e-08;8.75295e-08;1.97815e-08;2.17036e-08;4.37853e-10;1.58658e-07;7.5399e-09;0.00341157;8.08241e-06;7.73723e-07
4.55209e-07;0.999283;1.96576e-09;9.85676e-07;6.16469e-07;4.88364e-07;0.000415646;1.84682e-05;4.05395e-06;8.65816e-05;7.59909e-06;2.16827e-08;0.000100549;8.11451e-05
1.14144e-08;8.35358e-07;0.999995;3.16931e-08;1.94413e-08;2.03274e-07;3.20261e-07;3.58483e-07;6.44408e-09;1.93816e-07;9.91215e-09;3.49193e-09;2.91591e-06;1.67399e-10
5.34061e-09;2.62561e-08;1;2.8408e-09;1.35626e-11;4.97995e-11;4.76409e-08;3.58074e-08;1.5721e-08;7.46331e-10;2.87262e-09;4.92569e-08;2.09972e-08;8.18488e-13
8.87256e-09;2.17359e-06;0.00079812;2.97733e-07;2.79141e-07;1.13804e-08;2.09951e-09;1.77508e-05;8.22301e-07;1.12659e-09;1.50797e-07;0.99918;2.06784e-08;5.56417e-07
3.98012e-08;0.000945935;8.36991e-09;5.27085e-09;3.00319e-05;4.99373e-07;1.05452e-09;0.99898;1.55959e-09;9.26467e-10;6.06603e-09;9.01734e-08;3.3775e-05;9.48877e-06
1.72222e-08;0.999472;9.99721e-10;3.89903e-09;6.22824e-07;1.88713e-07;1.36533e-06;9.30103e-05;4.08078e-11;8.08232e-07;8.68925e-11;6.65797e-08;7.46144e-06;0.000424015
2.68509e-12;1.4274e-11;1;4.118e-12;1.57562e-12;1.23405e-12;3.16433e-12;4.41721e-11;4.0328e-13;1.28448e-13;2.4301e-14;1.81963e-08;2.42577e-14;1.17543e-13
3.18883e-06;0.974752;2.0567e-06;2.90409e-05;3.70657e-05;1.44347e-05;5.77795e-05;0.0193717;0.000234772;1.11316e-06;0.000109085;3.26644e-06;0.0053707;1.36362e-05
3.7334e-06;0.977411;3.80017e-09;2.2328e-06;2.33007e-05;5.16071e-06;2.00509e-06;0.022394;2.77181e-06;1.32732e-05;1.9049e-07;6.82906e-09;0.000119476;2.22407e-05
3.01134e-10;2.16186e-09;1;6.0797e-10;5.94623e-11;4.1223e-12;3.43962e-10;7.52133e-14;1.18886e-10;1.59348e-10;1.09164e-10;8.76889e-09;1.92851e-12;7.6251e-12
3.01667e-07;0.000129127;3.19942e-06;1.99201e-07;9.53046e-06;3.68005e-07;2.21824e-08;0.00132321;1.4572e-06;2.68518e-08;3.05421e-06;0.998376;0.000151352;2.60639e-06
3.61249e-05;0.821325;1.13503e-06;0.000133224;0.00110502;0.000244586;8.40358e-05;0.0470542;0.00116388;1.93246e-05;0.00974013;0.00642184;0.111578;0.00109375
5.92221e-05;0.293691;4.19964e-07;3.0285e-05;3.47723e-05;3.15247e-06;8.42571e-07;0.513769;4.8909e-05;8.24898e-07;0.00026032;0.187507;0.00453285;6.13118e-05
0.000143621;0.324782;9.89539e-06;0.00031751;3.44744e-05;4.61774e-06;3.35884e-06;0.0247164;0.000717107;1.16978e-05;0.000784166;0.592741;0.0507158;0.00501819
6.01893e-05;0.00681972;8.83943e-07;7.82489e-06;0.00181377;6.23514e-07;2.41818e-07;0.941947;9.68369e-06;3.91482e-06;8.20074e-06;0.0485601;5.41654e-05;0.000713654
2.70334e-05;0.0130969;0.95454;7.02707e-05;0.00141328;9.58421e-05;8.57694e-06;3.96875e-05;3.74178e-07;0.000335044;4.75625e-06;0.0290903;9.54775e-05;0.00118242
1.5766e-05;0.00478121;1.96474e-09;1.79841e-07;1.17952e-05;2.78166e-07;3.88514e-07;0.994117;2.20185e-05;2.09549e-08;3.20778e-05;1.52076e-05;0.00100121;2.70661e-06
8.9872e-07;0.999344;5.47273e-05;9.95849e-07;1.98532e-07;1.60419e-08;1.00502e-07;8.30376e-06;1.72519e-08;3.96847e-07;1.34404e-08;1.37952e-06;0.000553902;3.5023e-05
2.20461e-05;0.967584;3.58772e-09;0.000376491;4.95033e-06;1.65728e-05;5.07889e-07;0.00950152;0.000470218;5.48413e-06;0.000102418;0.0159977;0.00584936;6.84192e-05
9.90286e-05;0.0612581;0.00945365;0.000695241;0.000176252;1.06311e-05;8.09985e-07;0.00159649;1.01361e-06;5.12797e-05;9.50027e-05;0.925354;0.00118039;2.78852e-05
1.50506e-06;0.983463;4.74219e-11;1.59174e-07;4.05677e-08;4.79457e-07;0.0138585;9.12811e-06;6.04821e-09;0.000903229;1.30519e-06;4.29105e-10;4.16141e-07;0.00176263
2.03801e-10;3.14092e-12;1;3.10584e-10;3.13694e-11;1.60608e-10;6.45268e-10;1.51298e-11;6.16118e-11;4.60955e-11;2.83686e-09;2.41721e-08;2.99521e-12;4.93029e-12
4.29173e-06;0.671481;3.29975e-09;2.38246e-06;2.48403e-07;4.57486e-07;2.29858e-05;0.00032749;9.89611e-06;1.33301e-07;0.00015261;5.93587e-07;0.327995;3.80316e-06
0.000115721;0.0092452;3.51256e-07;0.00179916;0.0169176;0.0112344;1.54379e-08;0.800438;8.51383e-05;4.3582e-06;0.000158342;0.0818876;0.00152678;0.0765876
4.78183e-05;0.980062;1.50717e-08;3.29515e-06;7.23332e-07;8.33148e-06;2.24895e-05;6.82315e-07;5.39805e-06;1.68367e-05;5.17935e-05;0.000682842;0.00106804;0.0180299
0.0026274;0.0372159;0.00121083;4.2223e-05;5.79779e-05;1.56983e-06;0.16865;8.44459e-05;0.0713766;1.52004e-05;0.714452;0.00331034;0.000953275;2.56943e-06
5.71198e-06;0.980973;8.70283e-09;1.58226e-07;3.23992e-05;4.59065e-06;5.33743e-08;0.000847342;6.36193e-05;1.84315e-08;8.34267e-07;9.6622e-05;0.0179654;1.03584e-05
1.17691e-05;0.904135;2.76507e-07;4.37478e-06;0.0855613;2.20705e-05;4.08702e-07;0.00827744;1.42658e-05;1.0512e-05;1.57666e-06;0.0010166;0.00037932;0.000565103
0.000541984;0.990502;0.000217968;6.23441e-05;0.000717955;4.83385e-06;3.96263e-05;0.000921663;3.21677e-05;1.34201e-05;3.24225e-05;0.00159022;0.00529745;2.63111e-05
9.56414e-05;0.00519897;4.54476e-06;2.97584e-05;2.00462e-05;2.13257e-06;3.02552e-06;0.00236092;4.06638e-05;1.46425e-06;0.000165287;0.990157;0.00182203;9.81297e-05
0.00024569;0.00265058;1.52037e-05;1.71103e-07;1.86918e-05;2.19048e-07;2.49644e-08;0.996212;5.51143e-07;1.24334e-07;3.72999e-07;0.00073154;0.000102766;2.1615e-05
5.71294e-07;0.00344006;2.8479e-05;2.00221e-06;0.000624019;3.1044e-05;7.58752e-10;0.000601191;1.57646e-07;3.1579e-08;1.41604e-06;0.99103;0.00134691;0.00289434
2.6625e-07;0.996246;4.44231e-06;3.62576e-07;4.91013e-06;7.19414e-07;1.26015e-07;0.00259738;4.03452e-07;5.93984e-07;1.2725e-06;9.17866e-05;0.00104929;2.93337e-06
7.28482e-07;0.000103366;3.52e-07;1.46576e-05;0.922425;0.0656071;3.5767e-07;0.000994312;2.38414e-05;5.11757e-05;4.10664e-06;0.000754886;0.000556479;0.00946402
0.000962007;0.938539;2.73737e-08;7.13691e-06;4.34785e-06;7.79698e-08;5.59182e-06;0.0378615;0.00100906;5.6469e-07;1.98281e-05;1.32478e-05;0.021578;3.80593e-08
7.89444e-05;0.997435;1.60554e-07;0.000225775;9.91792e-05;1.30397e-05;7.8562e-07;0.00027032;3.07997e-05;2.36755e-05;4.8877e-07;0.00140267;0.000343921;7.52817e-05
5.54139e-05;0.0597788;1.09775e-07;9.3081e-06;1.22523e-05;1.46138e-05;1.17806e-07;0.00265958;3.35599e-06;2.87326e-07;5.05678e-06;0.000276898;0.937036;0.000147878
7.42778e-05;0.0645825;2.55106e-08;1.26458e-05;0.000653565;3.94799e-07;6.17187e-07;0.933325;1.65582e-05;1.14864e-06;1.80855e-06;0.000884947;6.47641e-05;0.000382145
0.00593581;0.934557;0.00082821;0.0127108;0.00441322;0.0027346;5.53747e-05;0.00165695;0.000936843;0.000137791;0.000234077;0.00129111;0.0279442;0.0065641
1.27917e-05;0.999353;9.14054e-10;1.82032e-08;5.81163e-07;7.63901e-10;1.09834e-06;0.000598708;9.13449e-06;1.86564e-08;2.08887e-07;2.11786e-05;1.24793e-06;2.01794e-06
5.07562e-06;0.00037803;0.00118214;4.77773e-06;0.0125557;0.000122849;2.75247e-08;1.44804e-05;1.15493e-08;3.49325e-06;1.28819e-07;0.985099;1.24497e-05;0.000621595
3.26269e-05;0.904454;1.0943e-05;2.26173e-06;0.000506132;0.000577024;6.76715e-06;0.0376197;1.23098e-05;2.70058e-07;3.3708e-06;0.000149277;0.0410666;0.0155591
2.71103e-07;0.000243595;2.00047e-08;9.907e-08;2.59671e-06;7.95131e-07;9.16201e-09;0.00440515;1.04269e-07;6.29335e-09;2.68462e-07;1.31938e-05;0.995332;2.11039e-06
1.10406e-06;0.000209671;2.37835e-08;3.96895e-07;1.56838e-07;6.08151e-08;3.49791e-09;1.44755e-05;7.90358e-06;1.19848e-08;2.23145e-06;0.999703;5.9708e-05;1.16905e-06
2.48621e-06;0.999771;9.68971e-07;1.02969e-05;7.49159e-07;4.99113e-08;1.77098e-08;0.000108525;1.51388e-07;6.53528e-08;5.57776e-07;7.95593e-05;2.49255e-05;1.06049e-06
1.58939e-07;1.78641e-05;1.81966e-11;7.94209e-10;4.04054e-08;3.43815e-09;2.34407e-09;0.999977;6.55574e-09;4.16871e-09;2.65389e-09;8.19485e-09;4.61389e-06;2.39137e-09
2.35826e-07;7.8429e-05;7.04183e-05;0.000168368;0.00258058;0.00790463;1.33377e-07;1.63163e-05;4.37296e-07;3.11583e-06;1.50803e-05;0.520449;4.57016e-05;0.468667
9.92007e-07;0.00279573;4.55826e-09;1.15759e-06;3.48648e-07;1.96136e-07;4.04669e-07;0.00240801;1.17237e-06;6.18659e-09;0.000177827;9.48565e-07;0.994612;8.2799e-07
0.00010273;0.0261524;1.30443e-05;4.52998e-05;1.9832e-05;5.21687e-06;6.92043e-07;0.0475376;7.10694e-05;3.22242e-06;7.90818e-05;0.876254;0.049514;0.00020206
1.34509e-06;0.994897;1.01749e-08;0.00026456;4.3191e-05;1.67989e-05;2.78309e-07;0.000309862;6.98448e-06;9.08298e-07;8.11712e-05;0.00144791;0.00288151;4.81125e-05
6.18158e-08;0.000228048;2.46003e-12;7.08805e-09;3.76513e-06;1.2774e-10;4.88544e-10;0.999768;4.39864e-10;4.67515e-09;4.00324e-08;4.71071e-07;6.36031e-09;2.79491e-08
3.13813e-07;1.59146e-06;0.999472;1.17751e-05;0.000157411;7.65298e-06;7.34671e-08;2.98174e-09;4.55444e-10;4.34486e-07;9.90863e-07;0.000322595;1.41805e-05;1.10561e-05
6.43459e-05;0.970161;5.82801e-08;1.89663e-07;1.06266e-05;7.43203e-06;6.13599e-06;0.0184577;4.06494e-06;7.1703e-07;8.03612e-05;2.23436e-05;0.0111435;4.16622e-05
9.62046e-05;0.145703;2.5553e-08;0.00032458;0.000239968;5.01932e-05;7.89511e-05;1.65519e-05;0.00011795;2.81326e-05;0.00338135;0.841327;0.000772223;0.00786373
0.0439856;0.000764386;0.000432725;2.21031e-06;4.27516e-05;5.77885e-08;1.49874e-05;0.954331;8.85257e-05;5.90597e-07;1.77727e-05;4.05868e-05;0.000278932;4.13577e-08
9.11881e-06;0.0374705;2.97208e-05;5.90373e-06;0.000108879;0.000297031;2.66228e-07;0.0010446;7.64429e-06;1.40735e-07;1.00085e-05;0.95754;0.000958767;0.00251719
0.000349267;0.0099202;2.37499e-05;0.000496015;0.000190566;6.94197e-05;2.31122e-06;0.429692;0.000917663;9.15846e-07;0.0210869;0.00794509;0.529267;3.81384e-05
0.000244053;0.0229176;7.06408e-05;1.08594e-05;1.55982e-06;1.09952e-06;8.5753e-09;0.00012303;4.65296e-06;2.57626e-07;7.60136e-06;0.31071;0.665869;4.04088e-05
1.87276e-07;0.000449872;2.83541e-09;1.53298e-07;2.80835e-05;1.4817e-08;2.98174e-10;0.999463;9.45453e-07;2.68308e-08;2.31381e-07;4.0837e-08;5.61586e-05;8.8625e-07
2.76455e-07;5.59005e-05;0.998521;0.000156589;0.000503764;0.000397329;8.90672e-09;1.39175e-06;2.7981e-08;6.57285e-05;1.3523e-06;0.000272754;6.88187e-07;2.35517e-05
0.00172112;0.018385;0.000645661;0.000166806;0.000107615;7.07354e-05;0.0164109;0.0389425;0.408652;0.000159826;0.44824;2.82278e-05;0.0664677;1.10419e-06
