8.19065e-07;0.999941;1.67111e-06;4.34501e-06;7.47128e-08;3.07643e-09;3.28476e-08;1.69269e-06;2.92952e-08;5.11501e-08;3.3924e-08;1.36323e-05;3.67088e-05;9.59864e-08
3.11845e-05;0.887245;1.89807e-08;8.56833e-05;4.70931e-06;1.6444e-05;8.10893e-06;0.00284859;1.33538e-05;2.10268e-05;3.0518e-05;7.13868e-05;0.109613;1.10242e-05
4.96481e-05;0.00181496;0.570296;0.00376663;0.000760212;2.59917e-05;4.32072e-07;3.1551e-05;2.28664e-06;2.47623e-05;2.60161e-05;0.403984;5.47222e-06;0.019212
3.2486e-05;0.688732;1.27156e-08;3.47537e-06;4.90836e-06;9.63051e-05;7.10398e-06;0.00212673;6.47242e-06;4.50781e-06;6.89722e-05;0.000184499;0.308682;5.10127e-05
5.59323e-06;0.000734775;3.21987e-08;1.37875e-06;4.94474e-05;1.92256e-05;9.28563e-08;0.231921;4.15667e-07;3.97021e-08;5.34729e-06;2.60783e-06;0.767256;4.60916e-06
1.12514e-05;0.000148257;1.63706e-07;1.39752e-06;1.63753e-06;1.82448e-07;3.89824e-08;0.000196075;2.31779e-05;1.45238e-07;7.15377e-06;0.999401;0.000179874;3.01576e-05
1.45101e-05;0.000128112;1.39258e-07;1.5867e-08;2.52198e-07;1.01026e-08;2.6514e-08;0.99983;1.63741e-05;1.12428e-08;1.57044e-07;8.43296e-06;1.38187e-06;2.61107e-08
2.49008e-05;0.0758322;0.000105642;0.00312006;0.112757;0.0333016;0.000237371;0.216515;0.000334518;0.00939319;0.000145575;0.000188663;0.00112466;0.54692
2.06756e-09;4.83178e-07;1;2.3558e-09;2.86651e-12;5.15151e-13;3.5141e-09;9.51403e-13;3.32801e-09;2.18628e-11;1.36653e-08;4.85115e-09;3.5008e-10;7.38625e-13
2.42567e-05;0.57477;3.43804e-05;1.71436e-05;4.9498e-05;4.62833e-07;4.49919e-06;0.000718928;2.6122e-05;3.29576e-06;9.78768e-05;0.334722;0.0893881;0.000144118
9.59819e-06;0.788079;9.11589e-09;3.42114e-06;0.000769928;1.42466e-05;1.7212e-06;0.179785;4.94624e-07;3.29778e-06;1.63913e-06;0.000107442;0.0189363;0.0122886
2.59814e-08;0.00134552;5.89994e-08;6.39163e-08;6.03451e-10;7.54301e-07;1.73722e-09;9.05152e-06;3.88458e-10;1.26324e-09;2.30057e-08;0.998634;7.59567e-06;2.82323e-06
2.56395e-07;0.998563;1.21486e-08;1.83839e-07;5.4451e-09;7.15416e-08;1.74377e-05;9.29994e-05;2.31556e-09;6.16948e-06;3.90294e-08;1.45663e-08;3.16505e-05;0.00128846
1.34579e-10;6.28571e-10;1;6.97605e-10;3.0616e-11;2.6251e-10;3.32176e-08;3.03405e-11;3.22991e-11;6.96204e-09;2.88747e-10;4.84681e-11;1.05164e-10;1.18808e-11
9.2278e-09;3.70826e-08;0.999999;2.97954e-08;6.02224e-10;1.51037e-10;1.03636e-07;2.93584e-08;1.19349e-07;2.5912e-09;8.92503e-08;8.80336e-08;1.17868e-07;2.07777e-11
3.26876e-07;0.000974305;0.00740239;3.87105e-05;0.000332419;3.298e-05;1.02564e-07;0.00122897;9.71105e-06;5.74947e-07;7.89741e-06;0.977585;2.82505e-06;0.0123837
8.85247e-06;0.994297;0.000404989;4.80406e-06;0.000675849;9.72868e-05;6.96406e-06;0.000366375;6.90163e-07;1.04171e-05;4.07392e-06;0.00114158;0.00215198;0.000829256
3.5446e-06;0.150991;4.69069e-07;1.20787e-06;0.0139879;3.63559e-05;2.46578e-07;0.717152;1.06337e-07;2.04479e-06;3.73066e-06;0.111276;0.00145301;0.00509248
8.56767e-07;0.00436229;0.990061;7.92536e-05;0.00229703;0.00122335;5.13627e-08;8.95806e-05;4.21884e-09;2.3925e-06;3.92478e-08;0.000137778;0.00171729;2.91997e-05
0.000891626;0.442404;0.00137302;4.92574e-06;9.40758e-06;2.9371e-06;6.24838e-06;0.129246;3.17187e-05;1.00451e-06;3.77028e-06;0.0343072;0.391718;7.94116e-07
8.50779e-07;0.0122116;4.57724e-09;1.1211e-07;7.69361e-06;1.36197e-08;6.78988e-08;0.987665;4.34845e-07;1.64659e-07;1.49969e-08;7.18055e-07;0.000113685;3.16023e-09
7.04645e-07;6.1589e-05;0.994941;9.17488e-05;8.50865e-05;2.33441e-05;3.12592e-09;2.503e-06;9.13555e-09;2.01379e-06;2.24481e-07;0.0045485;0.000241075;2.02721e-06
5.86307e-07;0.998175;1.00948e-09;5.21872e-08;1.06994e-09;4.68525e-09;0.00172501;1.46082e-07;6.61881e-06;6.08424e-06;5.71767e-05;5.29317e-08;9.26065e-07;2.85551e-05
7.91874e-06;0.00820344;0.954467;1.38465e-06;4.55834e-06;9.37007e-06;0.0362894;1.61593e-06;8.72526e-06;0.000983975;1.46129e-05;1.09231e-06;3.66107e-06;2.74334e-06
8.35507e-10;6.17126e-10;1;1.41669e-10;3.1147e-11;1.57994e-11;1.95985e-10;1.75772e-10;2.63514e-09;2.37786e-11;9.16653e-11;2.57698e-08;1.51674e-10;1.20161e-12
2.88157e-06;0.000493766;5.86218e-05;1.86168e-07;2.84036e-06;4.14012e-07;9.02528e-06;0.00481707;6.51936e-05;1.92391e-06;4.29407e-05;0.99435;0.000154882;8.92595e-09
2.60758e-06;0.103678;1.40107e-08;9.08223e-05;0.000206985;0.000124728;4.0245e-07;0.116042;0.000155875;4.53873e-07;0.00303743;0.00106491;0.775346;0.000250033
1.22225e-05;0.951037;2.36068e-06;3.0387e-07;4.0111e-07;5.16193e-08;3.02132e-08;0.000687106;8.77225e-08;1.2275e-07;1.07863e-07;0.0169982;0.0312546;6.83862e-06
2.16678e-05;0.000943496;0.000103686;0.000426085;0.0216033;1.11513e-05;9.83047e-07;0.00301381;0.00202679;3.45315e-05;0.0016162;0.969471;0.000418736;0.000308084
7.3759e-05;0.978267;0.0101708;0.00322124;0.00290913;0.000816705;2.30488e-05;6.57254e-05;2.35511e-05;0.00134783;8.9127e-05;8.40621e-06;0.00217956;0.000803794
0.000780278;0.9867;0.000352607;5.43087e-06;7.30821e-05;9.025e-07;3.65304e-05;0.0084421;0.000197731;1.69036e-06;3.81222e-05;0.0023743;0.000997008;4.70308e-07
6.6652e-05;0.972167;2.14101e-05;0.000145296;0.000104461;0.00055291;0.000331412;0.0177793;9.79071e-05;0.000310892;0.000218652;0.000257268;0.00600788;0.00193841
1.41287e-05;0.0081591;3.48818e-07;0.000643673;9.92047e-05;0.00126209;1.75117e-05;8.23359e-05;0.000127959;3.09499e-05;0.000725367;0.00465634;0.984117;6.41626e-05
0.00304522;0.0304614;0.951441;0.00633957;0.000155891;4.72044e-06;0.000151523;0.00013927;0.000234195;0.000298655;0.000421555;0.00535596;0.000803627;0.00114789
0.000634432;0.0566439;1.78939e-07;8.84999e-06;6.05732e-05;0.000119071;0.00365814;0.737704;0.000220459;7.65264e-05;0.000166598;9.14757e-08;0.200701;5.66586e-06
6.22148e-08;3.03304e-08;0.999998;4.45123e-08;2.38656e-09;2.17506e-09;1.85667e-07;2.39692e-09;3.30599e-08;8.88358e-09;8.23765e-08;1.28581e-06;4.64039e-07;1.4775e-10
6.87428e-07;1.94466e-06;0.960929;1.31382e-06;1.06177e-05;5.24249e-07;2.14403e-08;0.0389636;4.99178e-07;1.23786e-08;5.9071e-08;8.73306e-05;1.19133e-06;2.92738e-06
1.79174e-07;0.000155983;0.000392562;7.68882e-07;0.00064961;0.00827151;1.41251e-10;6.41884e-06;1.09071e-08;9.03447e-07;6.02434e-10;0.000135479;8.80442e-07;0.990386
2.65024e-05;5.47319e-05;3.64174e-10;1.84541e-06;2.15373e-05;7.96632e-06;1.84034e-08;0.995701;4.69832e-05;1.32124e-08;4.6131e-05;6.05256e-07;0.00409141;1.43815e-06
4.71564e-07;0.999906;2.06825e-06;3.85761e-07;8.58349e-08;2.06425e-10;9.04987e-09;3.39395e-05;4.78128e-09;2.30034e-08;5.03887e-09;1.12968e-06;5.58424e-05;1.12218e-07
3.8704e-07;0.999317;1.44465e-08;2.19087e-07;3.22229e-08;1.81866e-09;6.58212e-06;0.000507444;7.68534e-09;8.37514e-06;5.28161e-08;5.03034e-10;0.000159391;4.12773e-07
1.03397e-10;1.13356e-10;1;2.51157e-09;2.15077e-10;4.17637e-12;7.69735e-10;2.86725e-13;1.88064e-11;5.8323e-10;5.16555e-10;5.57555e-08;7.5802e-15;4.82792e-10
2.50948e-05;0.63167;1.50105e-05;4.13591e-06;6.2281e-07;5.66941e-07;0.000603807;0.000830291;9.922e-05;6.57804e-06;6.2097e-05;3.24135e-05;0.366646;4.58395e-06
9.27563e-06;0.446746;1.4082e-06;1.75681e-05;0.000353696;2.50127e-05;7.29109e-06;0.298648;9.10026e-06;1.15113e-05;1.32805e-05;0.23855;0.0114651;0.00414141
1.98371e-06;0.309953;1.19119e-10;3.41664e-06;1.91197e-06;4.5382e-05;2.41543e-06;0.000615482;1.06161e-06;8.94218e-08;3.0324e-06;0.000291142;0.689076;4.54427e-06
2.06387e-06;0.000240437;0.999355;3.3142e-06;2.20832e-06;6.36043e-07;8.14003e-09;8.9483e-05;4.38719e-09;1.47741e-07;2.91594e-09;0.0002834;1.6688e-05;6.88042e-06
0.000265077;0.0116539;1.56613e-07;0.000542459;0.000165697;7.99678e-05;9.12235e-06;0.0896719;0.00285132;2.18981e-06;0.0145536;0.000737904;0.879429;3.72103e-05
4.65501e-05;0.997254;0.000162918;1.14079e-05;2.6546e-06;8.70303e-08;7.8912e-07;5.0683e-05;1.07248e-06;2.43308e-07;5.40084e-06;0.00143153;0.000966219;6.68173e-05
1.44874e-06;0.999065;3.87205e-09;6.60645e-08;2.36645e-08;7.08141e-08;4.07204e-05;0.000164819;9.8815e-08;4.47489e-06;8.52335e-07;4.93008e-09;0.000703236;1.90591e-05
1.57088e-10;6.42477e-11;0.999999;9.87919e-10;2.83966e-10;3.36092e-09;3.31107e-10;2.69215e-11;2.54295e-11;4.49712e-10;9.63053e-10;7.58687e-07;6.62901e-12;2.43974e-10
3.32278e-06;0.995393;8.51053e-07;9.77153e-06;1.45259e-05;1.7454e-05;1.24153e-05;0.00234693;4.59306e-05;8.09179e-07;0.000142356;3.05141e-05;0.00183584;0.000146937
2.34001e-06;0.856672;7.79358e-08;6.91995e-05;0.000208887;0.000182558;1.58704e-06;0.123476;1.34297e-06;3.53479e-05;0.000116638;0.00919679;0.00331247;0.00672492
8.05488e-05;0.129392;1.74646e-06;0.000741721;6.412e-05;0.0124242;0.00928311;0.0627454;0.00727671;0.000584251;0.217768;0.000441912;0.559162;3.38083e-05
0.000275446;0.0623113;0.926534;0.000326535;0.000131381;2.98315e-06;2.91237e-05;0.00729788;6.56113e-06;0.000166446;7.46562e-05;0.00174827;0.00106524;2.97514e-05
0.00024461;0.00726895;3.62513e-09;2.89912e-05;3.31787e-05;8.97967e-07;3.32052e-06;0.254943;0.00139541;7.09497e-07;0.00997559;0.000518047;0.725587;1.40174e-07
6.46411e-07;0.999976;1.98286e-06;8.45253e-07;1.89158e-08;2.6178e-09;3.34431e-09;1.20258e-06;1.63588e-08;2.97872e-08;5.65136e-09;6.1843e-07;2.88274e-06;1.58179e-05
6.61632e-07;0.99219;5.37136e-12;8.12454e-08;3.32195e-07;4.46871e-08;1.37244e-08;0.00776371;3.34091e-07;6.131e-08;1.14622e-07;3.52115e-05;7.73165e-06;1.43166e-06
6.99067e-05;0.0474222;2.21984e-06;3.31816e-05;0.00128792;0.000113391;0.000163227;0.922764;1.31167e-05;0.00014576;0.000741884;0.0104967;0.0147498;0.00199676
2.45974e-05;0.0391991;4.32277e-06;0.000267988;0.00870878;0.000343559;2.39599e-06;0.00636612;1.43636e-05;9.67152e-06;6.84584e-05;0.760759;0.0269046;0.157328
0.000391059;0.256409;2.71533e-05;8.71997e-05;0.000896139;8.51808e-06;1.78054e-05;0.691541;0.00434328;2.02222e-06;0.00142411;0.0105856;0.0342657;1.60635e-06
4.91349e-05;0.0450152;1.2838e-06;0.000351275;0.417602;0.0607332;8.32012e-06;0.0862515;6.34233e-05;0.000677629;5.60143e-05;0.107666;0.0276852;0.253839
0.000758344;0.220708;0.000162519;0.00230954;0.000353077;4.61822e-05;8.38977e-05;0.199939;0.000308066;4.32222e-06;0.0108876;0.0744305;0.490003;5.86264e-06
5.24799e-06;0.989875;1.04834e-07;2.33832e-06;1.87793e-06;1.18317e-05;3.85774e-08;0.00248721;4.40294e-08;1.04398e-06;3.13166e-07;8.97815e-05;0.00742512;0.000100604
5.02018e-07;2.77663e-05;5.11533e-09;2.04431e-06;2.31689e-06;1.40894e-06;4.61983e-08;0.00500191;1.01776e-07;6.05326e-08;3.55394e-05;4.03039e-05;0.994886;1.60166e-06
8.56437e-06;0.000239134;6.37153e-08;3.33716e-05;1.71126e-06;2.53817e-07;3.03526e-07;9.56335e-06;2.19152e-05;4.46124e-07;0.00152721;0.998082;7.46609e-05;8.76409e-07
1.08552e-05;0.999502;1.29608e-06;0.00011355;2.31679e-06;1.95716e-07;1.0826e-07;0.000275696;6.18517e-07;1.36852e-07;1.05787e-05;5.79803e-05;2.38005e-05;1.36057e-06
1.64799e-07;3.42829e-05;2.23995e-10;1.71373e-09;2.55856e-08;1.96163e-09;2.01936e-09;0.999965;3.97187e-09;2.40757e-09;6.76271e-09;3.09653e-09;6.56691e-07;6.18242e-09
1.05255e-06;0.0117585;2.84795e-06;0.000215733;0.00261686;0.00630945;2.81208e-06;0.00206229;2.21792e-06;5.11744e-05;8.24652e-05;9.09012e-05;0.000283628;0.97652
9.63769e-09;1.01214e-07;1;4.2009e-09;1.25543e-11;8.51345e-12;1.81356e-08;3.07659e-09;6.30118e-09;1.1757e-10;1.25202e-07;6.097e-09;9.22921e-09;3.45785e-12
7.53799e-07;0.00370291;0.000387569;1.26831e-06;4.25328e-05;3.43829e-07;5.57942e-07;0.000175522;5.68446e-07;1.05288e-07;2.03365e-06;0.000298819;0.000126524;0.99526
1.91977e-08;0.000345367;1.13368e-11;4.78686e-09;0.000791277;6.39393e-08;9.17055e-09;0.998862;8.11488e-08;1.35087e-09;1.56757e-09;4.898e-07;6.94643e-08;6.80086e-07
3.69279e-10;2.65103e-07;0.999998;5.61661e-09;2.47067e-07;4.76757e-09;2.96416e-11;2.01345e-10;5.24313e-14;9.64294e-11;6.32879e-11;1.63425e-06;5.67457e-09;3.68247e-08
1.22695e-09;0.99992;1.31927e-10;2.18768e-10;5.10655e-10;2.54765e-11;8.95423e-08;7.8687e-05;3.22908e-10;1.05063e-10;6.28399e-10;3.07671e-13;1.12876e-06;6.74171e-08
1.28459e-09;6.25495e-07;0.999999;1.19905e-09;7.65196e-11;1.47724e-11;8.53785e-09;1.38486e-10;1.42779e-09;3.30688e-10;5.87325e-10;8.02998e-09;9.82991e-10;9.9364e-10
6.48322e-09;2.07589e-05;4.9175e-06;7.26917e-08;2.89084e-07;6.48629e-09;2.27876e-09;0.000126964;1.20976e-07;1.68909e-08;1.65154e-07;0.999844;1.99658e-06;2.26646e-07
3.54186e-07;0.995345;4.48953e-10;1.09756e-06;2.22894e-07;4.60558e-07;2.73023e-07;0.000933332;4.39834e-07;5.81196e-08;4.17112e-06;5.04078e-05;0.00363483;2.96233e-05
1.21619e-06;0.666922;1.22503e-08;2.90579e-06;5.14165e-06;1.63851e-07;4.64686e-08;0.00440036;9.4899e-08;1.23298e-07;1.17885e-06;0.328106;0.000550583;9.94425e-06
7.9003e-06;0.0113142;9.01437e-08;9.57115e-06;3.02793e-06;0.000852719;1.30809e-05;9.78008e-06;2.47255e-06;2.74641e-05;1.08685e-05;0.0153343;0.970634;0.00178068
1.8934e-06;0.00108133;0.985129;3.03715e-06;1.01091e-08;2.15525e-08;0.000180111;1.29026e-10;2.3729e-08;0.000493693;1.53471e-07;0.0131089;1.57195e-07;1.50364e-06
7.35844e-07;4.78083e-06;0.999883;1.61567e-06;8.67713e-09;1.40868e-08;1.41597e-05;1.45975e-07;1.7315e-05;1.70871e-07;5.72751e-05;2.09598e-05;2.70833e-07;1.32065e-09
1.84651e-08;0.00071029;1.0529e-10;5.7177e-09;1.94702e-06;1.50292e-10;3.84233e-09;0.999267;7.67839e-08;6.60101e-09;1.09042e-07;2.02886e-05;9.11331e-08;1.29562e-08
2.50375e-07;0.000403328;0.997939;2.2398e-06;3.68619e-06;1.23384e-05;1.77549e-07;4.9432e-08;3.54882e-09;2.55977e-06;7.80949e-07;0.00118431;0.000416207;3.4581e-05
1.46712e-06;0.0143483;8.8802e-09;3.47513e-08;1.92119e-06;2.8939e-07;2.25614e-07;0.984753;6.3864e-07;4.13447e-09;1.31797e-05;8.61413e-05;0.000787602;6.9705e-06
1.42056e-05;0.897015;1.60326e-08;3.13737e-05;0.000103806;1.41454e-05;3.00232e-07;0.00341431;9.30598e-05;7.37487e-07;5.83105e-05;0.0480242;0.0510023;0.000228325
3.33308e-06;0.000467759;1.21339e-10;2.93661e-09;7.2859e-07;1.44673e-10;8.60589e-09;0.999516;4.65685e-07;3.1523e-09;3.68426e-08;1.09994e-05;2.98535e-07;1.15081e-07
1.33543e-05;0.000143257;0.99825;1.80029e-05;0.000795305;4.72593e-06;5.59343e-07;1.75193e-06;6.48409e-08;4.15995e-06;5.2408e-07;0.000361913;0.000263739;0.000142308
0.00116257;0.859567;3.71152e-07;1.31313e-07;0.00016952;9.27394e-06;1.02962e-05;0.110331;0.000132549;1.23358e-06;4.09816e-05;0.00382881;0.0227457;0.00200045
0.0013327;0.738948;3.78332e-07;0.000120937;0.00852279;4.93659e-05;5.80051e-05;0.00174345;0.00349914;2.63202e-05;0.00173915;0.191022;0.0237545;0.0291832
0.120143;0.0124744;0.000793523;5.46044e-07;8.18415e-05;1.57158e-08;1.59589e-05;0.863513;0.00131324;9.55194e-07;2.44808e-06;0.00147864;0.000179041;3.08713e-06
3.96232e-05;0.0581458;0.000269681;1.28725e-05;0.000539943;0.000156487;2.82093e-06;0.0272275;0.000139807;1.77697e-06;1.01538e-05;0.849205;0.000349677;0.0638985
0.00019662;0.0254829;1.964e-05;2.46467e-06;0.000142482;7.75969e-06;1.64587e-07;0.505689;5.86746e-06;1.19223e-07;9.01072e-05;0.00901617;0.459333;1.38364e-05
9.73262e-06;0.999276;2.86666e-06;1.23361e-07;1.08931e-07;1.25157e-08;0.000403333;2.19146e-05;1.07432e-07;0.000124002;5.8984e-08;4.35825e-05;4.68983e-05;7.12292e-05
8.27415e-10;6.45918e-10;1;1.16039e-09;1.33284e-10;7.62578e-11;4.07841e-09;6.67155e-11;1.54735e-09;4.23732e-10;4.80858e-09;1.7536e-07;2.17653e-10;1.08956e-10
7.65276e-06;0.742801;0.0552305;1.85836e-05;5.05813e-05;0.000203145;2.46426e-05;0.0782441;3.8861e-06;0.000133414;7.67388e-06;0.0717131;0.00973885;0.0418233
6.11964e-08;0.00112727;7.05179e-08;1.3591e-06;6.38475e-06;0.000184002;3.88435e-08;0.000606641;2.43847e-08;5.28075e-08;1.0323e-05;5.78108e-07;0.997994;6.91917e-05
2.19171e-06;0.00243794;4.22865e-05;6.41844e-06;0.000226904;2.86595e-05;1.46184e-08;0.001698;2.62641e-07;1.51552e-07;3.04711e-05;0.990535;0.00498623;5.11535e-06
5.27885e-07;0.00261758;1.41119e-06;2.05046e-07;0.000488511;0.000111184;2.11056e-07;0.995137;1.41648e-07;7.58689e-07;1.06979e-06;0.000581103;0.00105161;8.98065e-06
4.41352e-06;0.00442222;2.19671e-07;1.97779e-05;0.000109308;1.04432e-05;2.66129e-06;0.958095;4.05731e-07;8.10338e-07;6.1156e-05;0.000461089;0.0368042;8.19398e-06
0.000644492;0.148486;0.000283957;3.46348e-05;2.62954e-05;8.8613e-07;3.78847e-05;0.697642;1.62294e-06;8.04715e-05;3.23785e-05;0.128516;0.02409;0.000123083
6.8446e-07;0.0110028;5.36203e-06;1.73239e-06;1.62755e-06;2.05264e-07;6.68784e-07;0.000807242;5.15649e-07;9.89456e-08;2.89766e-05;0.988007;0.000134956;8.15487e-06
2.60713e-06;0.0649421;2.41092e-05;1.03945e-06;2.15243e-06;4.3047e-08;4.09035e-05;0.922427;2.50769e-06;1.62608e-07;0.000369258;0.000546846;0.011641;2.47277e-08
1.03525e-06;0.0184899;6.47667e-08;9.48467e-05;0.00135432;2.85074e-06;1.54337e-07;0.000164202;1.0589e-06;1.02101e-06;1.75759e-05;0.976742;0.00300801;0.000123207
0.00527987;0.00530951;1.10971e-07;8.572e-05;7.33527e-06;1.71068e-06;0.000155513;0.00535485;0.961466;7.04498e-06;0.0162002;0.000160509;0.00597148;4.34769e-07
2.16704e-05;2.92397e-05;1.92758e-11;9.80763e-10;2.86828e-08;7.07744e-10;1.99845e-08;0.999919;2.54479e-05;2.60235e-09;2.68941e-08;1.84218e-09;4.52605e-06;3.57583e-10
0.000116624;0.0230317;0.000282402;8.47319e-05;0.000273796;0.0120824;1.10952e-05;2.72224e-05;2.0043e-05;0.00608145;5.93831e-07;3.32122e-06;5.65466e-05;0.957928
9.98967e-07;2.60318e-07;0.999974;1.16997e-08;8.41253e-10;9.7741e-11;2.2092e-05;1.48853e-11;1.47622e-06;1.26754e-06;1.71414e-07;1.70703e-08;7.52265e-14;8.8777e-08
2.12384e-08;1.81722e-08;1;1.39034e-09;8.9395e-10;5.68541e-12;1.09956e-07;1.5646e-09;1.13156e-07;9.09049e-10;1.07656e-08;4.64725e-08;1.35094e-10;2.03099e-10
0.00123982;0.0566241;0.000692973;9.56348e-05;0.00548905;0.000304306;0.000354359;0.0368281;0.281365;0.000185758;0.00885128;0.293915;0.00240419;0.311651
2.87206e-08;0.999952;3.22445e-08;1.93862e-10;2.31085e-09;1.82217e-10;4.28609e-05;2.81057e-06;3.8991e-09;1.05734e-06;1.18203e-09;3.21381e-08;1.05493e-09;1.31796e-06
1.13328e-10;2.4304e-09;0.999999;1.5441e-10;1.5816e-09;9.6296e-11;1.90814e-09;6.83309e-10;7.59004e-12;8.90371e-11;2.69489e-11;6.02623e-07;7.86412e-12;4.99364e-10
0.000205742;0.233454;3.8631e-05;1.10081e-05;2.83821e-05;0.000286642;0.0817108;0.5382;0.00138759;0.000534294;0.000163818;2.77387e-06;0.143915;6.20784e-05
1.18398e-11;2.5398e-12;1;8.44327e-11;1.6613e-12;8.86013e-13;4.16864e-10;1.12779e-13;3.12693e-10;9.26825e-12;2.03086e-10;1.81841e-09;1.63135e-13;1.45827e-12
3.56555e-06;0.00799171;0.966831;3.94112e-06;1.76032e-05;1.67124e-06;1.54144e-05;0.00157959;1.43883e-05;3.30655e-07;4.65395e-07;0.0234694;6.71372e-06;6.4151e-05
1.04067e-05;0.0020165;0.000191601;1.00345e-05;0.0358679;0.76793;7.74574e-06;0.00577282;8.39749e-05;2.0119e-05;4.91524e-06;3.59108e-05;0.0093944;0.178654
1.08418e-06;0.000355233;6.38162e-08;0.000158571;0.185434;0.0236927;3.14343e-08;0.000407963;3.56335e-05;1.72793e-06;3.01406e-05;0.0038631;0.000683602;0.785336
7.89251e-05;0.991915;0.00221574;1.73401e-06;5.94361e-06;4.97789e-09;1.20658e-08;0.00572954;7.04413e-07;7.27892e-08;9.63265e-09;1.69046e-05;3.56493e-05;6.54454e-08
2.08187e-05;0.86197;8.84683e-09;8.45467e-08;1.01479e-06;1.95862e-08;3.91286e-06;0.137739;1.85455e-06;7.55655e-06;1.50426e-08;1.30214e-09;0.000254691;1.11339e-06
3.67192e-09;5.89206e-09;0.999998;7.11491e-08;1.73437e-08;7.36291e-10;9.85356e-10;3.26259e-12;3.23362e-10;1.38404e-08;7.96934e-10;1.79626e-06;1.78845e-11;8.51865e-09
6.7371e-05;0.33579;1.33804e-05;1.58551e-06;2.47187e-06;1.0689e-06;3.38015e-05;0.00421056;1.36514e-05;5.70335e-06;1.06523e-06;0.000853459;0.658987;1.91556e-05
4.59779e-05;0.299865;7.55333e-06;0.000211596;0.0033722;0.000248211;2.08201e-05;0.373727;0.000106996;0.000185878;4.82101e-05;0.26972;0.0517116;0.000728525
5.80852e-06;0.719673;1.26507e-09;2.15585e-05;7.03391e-07;7.15405e-05;3.67121e-06;9.75786e-05;1.60777e-05;1.04215e-06;6.06294e-06;0.000462661;0.27964;9.85282e-07
1.09363e-05;0.000251922;0.998955;1.15126e-05;6.38402e-06;3.11349e-07;2.22522e-08;1.13245e-05;2.41525e-08;1.18192e-06;7.33111e-09;0.000734595;7.29782e-07;1.6359e-05
0.00283415;0.0130903;5.2329e-08;0.000924419;0.00112367;2.53357e-05;2.64694e-05;0.936611;0.00814376;1.4231e-05;0.00320405;0.000730737;0.0331547;0.000117162
0.00127402;0.955094;0.0175141;0.00119299;0.000292693;4.52499e-05;4.13902e-08;0.000256684;5.74342e-06;3.82049e-06;4.08511e-06;0.00224304;0.0216138;0.00046016
2.44961e-06;8.03834e-05;1.46929e-10;1.70543e-08;5.68952e-05;7.08042e-10;1.89554e-09;0.999858;2.51179e-07;5.58425e-08;1.42217e-08;1.4399e-06;2.38358e-07;3.91573e-07
1.16346e-09;3.82912e-08;0.999997;3.28376e-08;3.85056e-07;5.2863e-07;3.44445e-12;2.61879e-09;1.99606e-12;1.3651e-08;2.21738e-10;2.10609e-06;7.22044e-11;2.95861e-08
2.62862e-07;0.0231521;1.08888e-06;1.04879e-08;2.12897e-10;6.43085e-09;0.976645;5.27514e-07;2.42106e-07;0.000135799;3.28568e-07;5.93672e-13;6.78878e-08;6.39256e-05
3.38676e-14;1.1023e-14;1;5.29948e-14;4.47309e-16;2.2536e-15;6.73713e-12;7.58562e-16;7.18552e-13;3.57124e-14;4.87173e-12;3.83141e-13;5.79421e-15;2.50509e-17
