4.65128e-07;0.999617;2.16571e-05;2.79443e-06;6.0799e-07;3.82593e-07;1.76524e-06;1.05296e-05;7.15985e-09;3.80328e-06;1.3063e-08;2.27444e-08;0.000340343;5.13529e-07
2.80056e-08;9.41321e-08;0.999996;5.77209e-07;2.29294e-09;1.11658e-08;2.29369e-08;4.11992e-09;6.05399e-08;1.34089e-08;1.61174e-07;2.62292e-06;8.71636e-08;1.58883e-09
1.74625e-07;0.000132398;0.00146901;1.86419e-05;2.04179e-06;5.99092e-06;7.6307e-08;0.000123588;2.5966e-05;1.76624e-07;1.48083e-05;0.997553;1.96868e-07;0.000653625
3.70057e-05;0.102253;7.28287e-05;3.41581e-05;4.46554e-05;0.00520348;5.40906e-06;0.000680082;6.74103e-05;1.48292e-06;0.000226984;0.000479352;0.889226;0.00166798
3.36046e-05;0.0707858;0.00078664;4.97212e-07;7.18075e-05;1.81432e-05;9.67626e-09;0.0105467;1.68062e-07;5.5289e-08;4.39808e-06;0.916039;0.00159414;0.000119045
1.30816e-06;0.96212;0.000529168;1.69461e-06;0.00226636;0.00107925;2.23926e-08;0.0272805;6.06682e-08;1.21368e-06;6.29371e-09;2.0495e-05;0.00440752;0.00229226
2.34761e-07;0.933481;2.14911e-10;1.95656e-07;1.67091e-05;1.59456e-06;2.5533e-07;0.0650109;2.98389e-08;6.16719e-07;1.48494e-08;2.5121e-10;0.000131807;0.00135654
1.61179e-10;5.00991e-09;1;9.07655e-11;1.42355e-11;2.25632e-12;3.28843e-11;2.22121e-10;1.55498e-12;3.95774e-11;2.76994e-12;2.29636e-07;2.66625e-10;7.81407e-12
0.00034178;0.0113769;2.10654e-06;0.00486332;0.00143152;0.000255256;0.00217628;0.292283;0.172726;0.000120975;0.0444751;0.00492431;0.456454;0.00857005
7.96632e-07;0.0070507;9.83418e-08;9.58616e-09;1.75635e-07;3.7782e-08;1.49629e-08;0.992593;8.25001e-09;1.65207e-08;4.9921e-09;1.16733e-06;0.000353672;7.45715e-08
4.81026e-07;0.986838;0.000118812;6.79001e-06;0.000747446;0.00123341;1.43994e-06;0.000855624;2.49746e-08;2.91491e-05;2.86401e-07;0.0010376;0.00546256;0.00366883
7.32036e-11;9.4036e-10;1;3.58476e-11;1.03179e-12;1.34772e-12;1.65234e-09;4.85475e-10;4.21084e-11;2.94782e-11;4.52608e-11;1.38873e-09;5.60959e-11;1.38356e-13
3.94011e-08;2.05418e-06;0.993148;5.40584e-08;9.92628e-07;2.79721e-07;8.93582e-09;4.52995e-07;8.1508e-08;6.50546e-09;4.36209e-09;0.00683261;3.73627e-08;1.5353e-05
2.1184e-05;0.00120045;4.59092e-05;6.20537e-06;0.848392;0.0166404;9.58713e-09;0.00986799;4.09599e-05;2.16344e-07;1.92948e-06;6.70923e-05;5.21618e-05;0.123664
8.15585e-09;0.999713;1.37219e-09;5.7451e-11;2.0034e-09;5.62271e-10;2.04133e-07;1.333e-09;1.85261e-11;6.83103e-08;5.86153e-12;4.40205e-08;2.71778e-08;0.000287086
2.16973e-12;4.38445e-13;1;1.22056e-13;1.86806e-11;7.26168e-13;1.15917e-13;4.32434e-11;3.10776e-13;4.72201e-14;1.74179e-16;2.9031e-09;4.25708e-13;1.68786e-15
2.4015e-06;0.00336318;3.08378e-08;7.67538e-06;1.70644e-05;2.40667e-05;3.00227e-05;0.992546;0.00167256;3.96145e-07;1.50198e-06;1.03179e-06;0.00233393;1.96911e-07
4.2616e-06;0.000274585;2.20849e-09;2.29441e-08;4.85914e-08;4.69574e-10;1.83078e-09;0.999686;1.36302e-06;6.5305e-10;7.28588e-09;2.82107e-08;3.40529e-05;2.79818e-10
1.04766e-06;0.635219;6.42703e-07;2.4075e-06;7.48629e-07;4.88522e-07;4.82805e-06;2.58485e-05;3.66531e-09;0.000191683;1.96893e-09;1.07668e-05;8.0578e-08;0.364543
1.14354e-07;3.92267e-10;0.999996;8.13058e-08;1.46804e-08;1.17325e-09;2.93114e-07;5.02671e-09;1.19387e-06;5.77543e-09;1.97505e-06;6.15311e-07;1.90047e-09;2.4597e-09
1.36931e-06;0.997615;5.35863e-09;1.00631e-07;9.0679e-08;5.44943e-09;0.00212604;1.38078e-05;1.26843e-07;9.47045e-05;1.38926e-06;2.96124e-09;0.000140839;6.46103e-06
8.51668e-11;3.49474e-11;1;2.25294e-09;3.3158e-10;1.29814e-10;9.06987e-10;2.78958e-12;4.26393e-10;7.17084e-10;1.66455e-09;3.99276e-07;1.11334e-14;2.95398e-09
0.000745076;0.864308;3.62325e-05;2.87386e-05;1.99888e-06;1.5306e-06;0.000403797;0.103569;0.00476627;4.13587e-05;0.00181346;0.00019988;0.0240733;1.13775e-05
2.59052e-07;0.989856;8.2188e-10;3.88043e-07;1.56621e-05;2.9157e-06;1.72598e-08;0.00372608;1.85178e-07;6.46012e-07;4.11174e-07;0.000220016;1.5473e-05;0.00616151
1.84972e-05;0.967238;3.51688e-08;7.4295e-06;0.000471017;2.08426e-05;2.17764e-05;0.000659102;2.51079e-06;1.26025e-05;5.39248e-05;0.014282;0.0144457;0.00276666
0.000945661;0.0858203;8.9555e-06;9.69685e-05;0.000568725;3.04394e-06;5.36207e-05;0.0479037;3.78563e-05;3.71762e-06;5.04346e-05;0.695701;0.168583;0.000223016
4.10182e-05;0.998893;1.45011e-09;4.92587e-08;1.35241e-07;1.05532e-09;2.94409e-06;0.000877399;1.53925e-05;3.22686e-08;1.70502e-07;0.00015114;1.86402e-05;7.72279e-09
7.76118e-06;0.00217258;0.00250445;0.000630472;0.00312236;0.00729145;4.2887e-07;9.73997e-05;1.40224e-06;1.68017e-05;1.24539e-05;0.983737;6.40072e-05;0.000341749
2.04288e-06;0.998833;1.37455e-07;8.21313e-08;2.36663e-08;8.20805e-07;0.00110292;4.79746e-06;3.85969e-09;1.21244e-05;7.29672e-07;4.14109e-10;1.30036e-05;2.99341e-05
1.92047e-11;2.69783e-11;1;1.14398e-12;1.00318e-12;1.28413e-11;1.02767e-10;5.30896e-12;7.0531e-13;2.64467e-12;7.10016e-12;2.98939e-10;1.06968e-09;2.53876e-14
3.02879e-06;0.0603598;6.96089e-05;0.000227071;0.00303593;0.00458957;2.85487e-05;0.311541;0.000323192;1.1779e-05;0.00061205;0.00781485;0.610827;0.000556825
2.89307e-07;0.0153395;2.0266e-07;4.04887e-05;5.4271e-05;0.000191498;4.92489e-08;0.00229344;8.67024e-07;3.25946e-07;3.65365e-05;2.6467e-06;0.982026;1.34334e-05
2.16833e-06;0.00107897;6.9605e-07;1.73203e-05;2.60957e-05;7.9216e-06;5.11634e-09;1.95987e-05;9.27226e-08;6.67593e-07;1.63464e-06;0.998576;0.000213554;5.50806e-05
6.61591e-06;0.00517342;3.35855e-08;2.07105e-07;2.156e-05;2.84066e-08;2.39796e-07;0.994777;1.95874e-07;6.90437e-08;6.90457e-07;7.9987e-07;1.24414e-05;7.13589e-06
1.21381e-07;0.998658;1.7465e-10;9.08813e-08;5.95651e-07;8.78046e-09;7.74977e-05;1.56335e-05;9.6166e-10;1.44545e-05;2.93329e-09;1.2552e-06;5.43073e-07;0.00123204
1.93303e-09;2.30356e-10;1;9.71064e-10;4.34474e-10;1.47166e-11;1.46605e-08;1.03e-09;7.30732e-10;1.31422e-10;2.38361e-10;4.42804e-08;1.65819e-12;1.4865e-11
9.58212e-05;0.81782;3.89329e-07;6.09028e-06;9.78444e-05;0.000196771;0.0516016;0.075255;0.001974;0.000218883;0.0022985;8.55821e-07;0.0498381;0.000596333
3.93981e-09;4.55113e-10;0.999999;3.19435e-09;1.95801e-09;2.96723e-10;4.81188e-07;5.58116e-11;1.13611e-08;2.78789e-08;1.81093e-08;2.85961e-07;8.09708e-10;3.16329e-10
1.2433e-07;1.98731e-06;0.998399;3.4709e-06;4.22704e-05;5.89726e-06;1.17748e-07;0.00112391;5.27166e-06;4.01443e-08;9.22859e-07;0.000412028;3.0015e-06;1.89375e-06
9.33442e-08;0.000190729;3.68072e-05;9.37966e-08;0.000215611;0.0199706;2.34897e-10;1.39585e-05;1.66264e-08;1.42614e-06;1.235e-09;3.22774e-06;2.03582e-06;0.979565
2.61568e-05;0.00138346;4.45813e-08;7.26947e-07;1.64228e-05;4.17858e-05;8.52055e-08;0.819601;1.12614e-05;4.66551e-08;3.74065e-05;5.0994e-05;0.178828;2.33181e-06
2.53801e-07;0.997673;1.38981e-07;1.46825e-08;9.7893e-10;8.28777e-11;3.05982e-08;0.00226577;1.06216e-07;3.18708e-09;1.26179e-07;5.35273e-07;6.03654e-05;6.14133e-10
8.69055e-09;0.995183;6.75074e-11;6.0745e-07;1.51943e-05;1.9957e-09;2.50575e-09;0.00273731;2.84634e-10;1.35286e-07;1.73908e-09;0.00205384;4.17091e-08;9.92197e-06
5.46956e-06;0.0030853;0.00117907;0.000336805;0.00057488;0.000501132;1.22689e-06;0.000151933;1.86162e-08;0.00023124;1.29534e-05;0.993431;0.000440226;4.92256e-05
2.56522e-05;0.010991;1.54223e-08;4.00905e-05;0.000204136;9.06169e-06;1.36346e-05;0.0100468;2.31607e-05;1.29493e-06;0.00414824;1.83966e-05;0.974371;0.000107068
1.63933e-05;5.53411e-05;1.39948e-05;2.64653e-05;7.53352e-05;1.37775e-06;4.79585e-08;7.5666e-05;4.14871e-06;4.32015e-07;2.88943e-05;0.999668;3.09876e-05;3.04757e-06
5.05437e-07;0.999946;6.50221e-08;2.17237e-07;9.04213e-08;5.77369e-09;8.53556e-09;4.50302e-05;2.24186e-09;1.27754e-08;3.03307e-09;2.70854e-07;7.46574e-06;2.23063e-08
1.82922e-07;0.96921;6.18337e-10;2.86295e-08;5.72201e-09;1.97331e-08;8.34847e-08;3.82989e-06;7.59033e-10;1.52969e-08;1.494e-07;0.00415763;0.0266278;3.57005e-08
1.72896e-05;0.0500956;8.76409e-05;0.000548259;0.00017188;0.000434466;8.4308e-05;0.473608;7.53125e-07;9.56589e-05;0.000141635;0.431003;0.0432407;0.000471031
0.00034906;0.271664;0.000942029;0.221219;0.0433414;0.269909;0.00198383;0.031918;0.000523414;0.000378634;0.0361368;0.000178922;0.0253317;0.0961254
5.8706e-06;0.990351;2.97374e-06;8.32262e-07;2.26761e-08;1.12641e-05;3.29835e-08;0.00233237;2.32775e-08;1.41657e-07;6.9026e-08;0.00016035;0.00712735;8.10869e-06
8.4336e-05;0.0308273;2.49316e-06;0.000274585;5.86094e-05;0.000262818;1.34821e-05;0.00991213;0.000411035;2.97102e-06;0.00745105;0.000137433;0.950551;1.09476e-05
0.000210389;0.000718199;2.88724e-06;2.79836e-06;0.000323958;7.28502e-06;9.0802e-08;0.0184418;1.48736e-06;4.88261e-07;1.86436e-05;0.934679;0.0455843;8.88436e-06
2.61947e-05;0.995524;1.01817e-07;3.29059e-07;6.402e-06;6.49684e-06;0.0011005;6.25594e-05;3.62893e-07;0.000185158;2.95585e-07;3.89647e-07;0.00033999;0.0027469
2.93353e-10;2.53496e-11;1;2.42533e-09;3.40662e-09;2.31906e-09;2.47624e-10;1.46023e-12;4.01098e-11;2.35165e-10;2.08363e-09;8.39204e-08;8.54316e-13;1.49891e-09
1.10464e-05;0.962594;0.000593334;1.09213e-06;2.12656e-05;1.30521e-08;1.80581e-06;0.0366697;4.15071e-08;8.06382e-07;1.8748e-07;2.44961e-05;8.24954e-05;1.00696e-07
5.52476e-08;0.966157;1.42388e-09;1.67232e-07;1.02281e-07;4.62823e-08;0.000718764;1.14415e-07;3.89537e-08;0.000588011;2.22445e-07;5.66019e-10;1.52885e-08;0.0325359
1.10961e-11;1.52684e-12;0.999999;3.99535e-11;2.26218e-11;1.31605e-11;2.15229e-09;1.60704e-14;6.6657e-12;5.74777e-11;8.81041e-11;6.64976e-07;6.84475e-13;3.40269e-13
9.60307e-06;0.742774;5.11315e-06;1.4229e-05;1.69105e-06;1.1559e-06;0.218231;0.0210054;0.000233491;1.40718e-05;0.000479812;1.33674e-08;0.01723;4.76756e-07
5.8806e-06;0.990338;7.55112e-08;1.16507e-05;4.68401e-05;2.90332e-06;6.61977e-06;0.00403565;2.39888e-05;4.89344e-07;1.6397e-05;0.000475629;0.00496771;6.77934e-05
0.000155813;0.0209536;2.21907e-06;0.00143594;0.00266763;0.0070396;6.96692e-05;0.959616;0.000122241;0.000373414;7.07713e-05;0.000487956;0.00561736;0.00138783
7.48622e-05;0.244988;3.47255e-09;6.07764e-06;5.52914e-07;1.86285e-06;4.36566e-06;0.00075075;3.03301e-05;1.18115e-07;0.000163894;1.02672e-06;0.753973;5.49541e-06
8.57931e-05;0.0788415;9.07347e-08;7.51326e-06;6.2359e-07;1.5062e-06;3.49285e-07;0.00192151;0.000133871;1.20459e-06;3.07033e-05;0.913252;0.00567191;5.16532e-05
1.93254e-07;0.9999;1.40447e-08;5.15321e-10;9.18066e-11;2.957e-10;2.30089e-08;8.74688e-09;1.4524e-08;1.2228e-09;3.10889e-09;9.29303e-05;6.83819e-06;3.75647e-10
7.85017e-08;2.12929e-05;1.62198e-07;1.34854e-05;0.00015458;0.000195686;1.45786e-09;6.20544e-05;5.08714e-05;5.73245e-08;4.26886e-05;0.999417;2.25077e-06;3.95589e-05
1.6794e-07;0.972064;6.88316e-11;3.8033e-08;7.09768e-09;4.84846e-08;2.14973e-08;1.44853e-05;1.27286e-07;1.37825e-09;1.81261e-06;7.39769e-07;0.0279177;4.19424e-07
2.14599e-07;0.00411537;3.32298e-07;1.9304e-08;2.00107e-07;3.16794e-08;1.70833e-08;0.000360929;7.04253e-08;1.0453e-08;4.07237e-07;0.995426;9.48278e-05;1.757e-06
3.03278e-07;0.865117;1.88056e-08;1.05141e-07;0.00441814;3.57256e-06;9.71525e-08;0.115638;4.53118e-09;5.69044e-08;1.17482e-09;2.02747e-05;0.00174474;0.013058
7.3778e-06;0.0348668;2.07095e-07;4.0673e-07;2.42341e-07;1.68405e-05;2.24949e-07;0.000327261;6.75512e-07;3.73252e-08;2.59906e-07;0.0133065;0.951471;2.33751e-06
2.8269e-06;0.000228012;0.99896;2.60672e-06;1.314e-08;3.94113e-08;1.99879e-05;2.58404e-08;6.57757e-09;1.8539e-05;1.90619e-08;0.000742894;1.00639e-07;2.49596e-05
1.43335e-08;9.83352e-08;1;4.05026e-08;1.58247e-09;4.52376e-10;1.7433e-07;6.19928e-09;3.14419e-08;6.94501e-09;1.29761e-07;9.29044e-08;3.2827e-09;5.76438e-09
1.99347e-06;0.00279997;4.72868e-07;1.69321e-06;5.76407e-05;5.5593e-06;1.21444e-06;0.995437;0.000287926;6.48644e-07;0.000436402;0.000314692;0.000379543;0.000275205
6.55922e-07;0.997427;1.37951e-09;1.51769e-08;6.09854e-09;1.01752e-09;4.27424e-06;1.63927e-05;2.36118e-07;9.55156e-08;2.43614e-06;0.000838336;0.00171061;3.41348e-09
9.0259e-07;1.59269e-05;1.83832e-07;1.45678e-07;3.13018e-05;5.11928e-06;8.03166e-09;2.07282e-06;9.83041e-07;6.20513e-08;3.61707e-06;0.999732;0.000206095;1.24399e-06
0.000100126;0.952154;0.0472415;6.85617e-07;1.25592e-06;4.54048e-08;0.000357172;2.32374e-05;2.86271e-06;0.000114056;1.16664e-07;2.01032e-06;4.15509e-07;2.36572e-06
7.15607e-09;7.56849e-10;1;7.68677e-10;2.80647e-11;4.41363e-12;2.27399e-10;1.27054e-10;7.75663e-08;2.47662e-11;9.54508e-10;1.53218e-08;2.24896e-10;5.50152e-12
2.41937e-05;0.00867448;0.0023284;2.93544e-06;3.36776e-06;1.59053e-05;2.27537e-07;0.985362;0.000265957;1.8341e-06;1.55407e-06;0.00247429;0.000820121;2.44189e-05
1.00229e-06;0.00234898;2.53227e-08;5.16137e-06;4.59634e-06;4.68965e-05;1.06917e-07;0.00478361;9.03795e-05;8.57787e-08;6.99189e-05;2.78376e-06;0.99264;6.20766e-06
6.81463e-06;0.00251533;1.50254e-07;5.27317e-06;2.3396e-06;5.63863e-07;4.93967e-09;0.000521126;2.03215e-06;3.81635e-08;2.57327e-06;0.994705;0.00223831;7.27537e-07
0.00026879;0.28563;5.5514e-07;1.3253e-05;8.94852e-05;9.41215e-06;5.73604e-07;0.0421868;4.43134e-05;1.00785e-06;3.3329e-06;0.000854027;0.670534;0.000364728
0.000476297;0.614986;0.00104807;6.70163e-05;0.000519794;9.16928e-07;1.83685e-05;0.0299559;1.11321e-05;2.7153e-05;5.11361e-05;0.349062;0.00222841;0.00154785
0.00102585;0.0227779;0.000767684;0.00216021;0.161614;0.00155799;3.08517e-05;0.697116;0.000135992;0.000595373;0.000204331;0.0588734;0.0470752;0.00606466
0.000211266;0.0209757;2.28114e-09;9.96192e-05;0.00138262;9.16393e-07;0.000312496;0.960186;0.0109734;1.58002e-05;0.00312551;1.38866e-06;0.00271262;2.72375e-06
6.80838e-05;0.000223313;0.992413;0.000164941;0.000112771;1.10717e-05;1.09523e-05;1.81579e-05;3.69325e-06;0.00015292;2.47009e-05;0.00675864;1.98368e-05;1.72502e-05
4.24203e-06;0.997643;1.99374e-07;1.56873e-05;1.15397e-06;1.29793e-07;2.63311e-06;0.001035;0.000262692;3.82629e-08;0.000599034;1.44235e-05;0.000317454;0.000104414
1.73871e-06;0.984472;1.11098e-07;8.54247e-07;4.09934e-06;8.06117e-08;5.04856e-07;0.0127775;1.75692e-06;2.83054e-07;3.51343e-06;4.77629e-05;0.00268928;9.31624e-07
1.51408e-05;0.00338975;0.0127635;0.00045943;0.00686372;0.0027283;2.39382e-08;0.000510747;2.31935e-07;8.44441e-06;2.80624e-06;0.958893;0.00993722;0.00442739
0.000333425;0.258713;8.03934e-06;0.000969041;1.26487e-05;3.12096e-05;0.00032062;0.139885;0.0211718;2.28013e-06;0.297727;0.00127267;0.27929;0.000262913
0.000350334;0.657155;0.00012287;2.29479e-05;4.58117e-05;0.000104041;1.10502e-05;0.0265785;0.000248366;2.90579e-06;0.000570498;0.00402026;0.310762;5.42469e-06
3.17271e-06;0.994496;6.90294e-09;5.2214e-07;8.92511e-07;5.53494e-07;0.000243354;4.97847e-06;5.81284e-06;0.000403284;1.5454e-06;1.17152e-06;2.48538e-05;0.00481401
6.81699e-10;1.37277e-12;1;3.16028e-09;3.90434e-10;4.69412e-12;1.77143e-09;6.99359e-11;5.57259e-08;1.10164e-09;5.0292e-09;5.27453e-09;2.16856e-13;7.3869e-13
2.33924e-06;1.74068e-05;5.39646e-07;3.5236e-07;0.00012012;2.28438e-08;1.42066e-08;0.999824;2.36454e-05;7.30612e-09;3.31379e-06;2.03201e-06;5.80614e-06;5.13219e-07
0.000254238;0.0402721;4.79003e-05;5.48283e-06;4.81229e-05;4.39361e-08;5.77236e-06;0.955416;0.000680278;4.93603e-06;0.000116327;0.0013596;0.00178747;1.81736e-06
1.57398e-05;0.00149454;0.986455;0.000118232;0.00318175;0.000262602;2.84273e-06;8.43889e-06;3.77283e-06;0.000327813;2.34251e-05;0.00765613;0.000274199;0.000175834
4.40755e-05;0.9817;5.45998e-07;8.58458e-06;1.26419e-05;3.40242e-07;5.64366e-05;0.0145705;0.00083809;3.66232e-07;0.000225936;0.000757933;0.00129285;0.00049201
2.18965e-05;0.985345;1.23022e-07;1.09481e-06;1.49468e-05;4.08267e-06;2.07258e-05;0.0037981;5.92141e-05;5.58656e-06;1.05855e-05;0.000630774;0.00810512;0.00198305
2.06445e-06;0.998101;3.91281e-08;2.32159e-08;1.40666e-08;5.18867e-08;0.00167954;3.455e-05;1.80067e-07;3.80523e-05;9.33442e-08;2.69575e-08;0.000135358;9.30674e-06
3.44689e-10;3.97071e-11;1;2.35232e-10;1.01578e-10;2.06033e-10;6.79169e-09;1.00946e-10;7.58634e-10;4.61426e-09;8.25464e-10;1.57404e-09;4.57382e-14;2.1141e-10
2.17871e-09;6.17486e-07;0.999999;1.60715e-10;2.1127e-11;5.29966e-12;4.65526e-08;1.70466e-10;8.71624e-09;8.38616e-11;7.41244e-09;8.09582e-09;8.14105e-09;2.37559e-12
2.59017e-10;3.59044e-08;0.00010534;3.07745e-09;6.56807e-08;6.56287e-08;1.50677e-11;6.71723e-08;2.43837e-08;1.7133e-10;7.46909e-08;0.999892;9.64636e-09;2.41036e-06
1.20924e-06;0.671755;9.60092e-10;4.99356e-07;7.69334e-07;6.74841e-06;7.79787e-08;0.00402101;1.43103e-05;4.92577e-09;4.77692e-05;7.35803e-05;0.323999;7.976e-05
3.26361e-06;0.965283;6.23654e-06;5.74985e-07;3.59704e-05;9.69456e-06;8.83308e-09;0.00720259;3.53614e-07;3.91819e-08;1.3308e-07;0.0250922;0.00105507;0.00131127
8.2801e-07;0.995903;5.14247e-10;1.30856e-07;0.000120623;8.2016e-07;1.761e-08;0.00276728;6.46719e-09;1.45466e-07;9.8829e-09;0.000223302;0.00052241;0.000461604
1.2329e-07;0.00296266;4.95338e-08;2.95928e-08;7.29441e-08;5.67903e-09;1.69714e-08;7.49781e-06;1.58406e-07;4.26544e-09;4.86769e-07;0.996969;5.97634e-05;1.21804e-09
6.94804e-07;0.0477386;4.5999e-09;1.27613e-05;0.000255438;1.3236e-05;8.83477e-07;0.000589841;2.77854e-07;1.08829e-06;4.17797e-06;0.00029502;0.948574;0.0025142
7.00909e-05;0.00782319;0.000114539;5.76844e-05;0.000134654;6.2966e-05;4.23995e-06;0.004144;0.0001341;6.54971e-06;9.39616e-05;0.962474;0.024863;1.6596e-05
1.11519e-05;0.0523;8.56036e-06;4.55252e-06;0.00472442;0.00262955;3.46805e-06;0.930221;1.21253e-05;4.71624e-05;1.67574e-05;0.000987136;0.00862487;0.000409193
6.92397e-06;0.000358163;8.48755e-08;1.86162e-05;0.000346681;8.21905e-06;9.98678e-07;0.996888;1.317e-05;7.47398e-07;6.49575e-05;0.000624998;0.00164542;2.28815e-05
2.10291e-05;0.00293926;7.31769e-07;2.36748e-08;1.78824e-06;1.5754e-08;7.45002e-08;0.996497;2.83468e-08;1.5136e-07;1.15096e-08;0.000133609;0.000405358;6.70185e-07
1.23129e-06;0.0136151;0.000897045;1.16718e-06;1.79151e-05;1.43599e-05;8.42712e-07;0.000994713;3.64848e-07;7.06089e-07;1.6184e-06;0.982464;0.000301244;0.00168918
9.26852e-06;0.013945;7.08432e-06;4.13422e-06;0.000250441;1.87888e-05;8.64638e-06;0.0522757;7.44998e-06;6.03621e-07;0.000347052;0.000400154;0.932711;1.41592e-05
6.78521e-05;0.386003;1.5146e-06;0.000450592;0.000499995;0.000226766;1.17705e-06;0.0135542;0.000900368;2.66502e-06;0.000727829;0.0343197;0.110416;0.452828
1.87092e-05;0.989897;9.80053e-09;8.75458e-07;2.8675e-05;8.27498e-08;3.049e-06;0.00293127;1.86206e-06;1.24806e-06;4.31645e-06;0.00668653;0.000114595;0.000311619
9.237e-10;8.91126e-10;0.999999;2.17977e-10;2.89332e-08;1.14303e-11;4.74233e-10;1.86166e-09;5.61455e-12;5.86959e-10;6.00168e-11;9.35277e-07;2.28052e-09;1.29864e-09
0.000274889;0.0147772;1.85968e-07;4.67865e-05;0.00123839;0.00589652;0.00756853;0.055641;0.195545;5.7159e-05;0.0180426;8.7011e-05;0.695519;0.00530539
0.000118637;0.578369;0.420991;3.45709e-06;6.62367e-06;1.86828e-07;1.25883e-05;5.92498e-05;1.83595e-06;1.86541e-06;4.19336e-07;0.000361919;4.89598e-05;2.43505e-05
0.000168478;0.0611209;1.32106e-06;3.62621e-06;0.000154417;9.99473e-05;1.20205e-05;0.0387128;0.000101765;1.33255e-06;2.83866e-05;0.000525944;0.898897;0.000171891
3.32848e-06;0.00794888;3.26287e-06;8.20682e-05;0.000395763;0.000303855;5.87365e-07;0.000234528;0.000185472;1.68492e-06;7.47891e-05;0.0562454;0.000811023;0.933709
3.7613e-06;0.0838474;2.03756e-08;2.12561e-08;6.60406e-09;6.54528e-08;5.66395e-07;6.67152e-06;6.87103e-07;2.27838e-09;4.80166e-06;0.000158986;0.915977;5.57773e-11
2.93098e-06;0.0371917;3.1901e-08;1.30178e-05;1.06142e-05;0.00546287;9.97771e-08;0.00014542;6.84383e-07;4.03674e-07;1.65435e-06;0.00523363;0.951769;0.000167435
1.15623e-05;0.00245261;0.985982;6.84683e-05;0.000145158;1.51987e-05;1.14209e-07;3.85209e-05;2.2194e-07;1.07176e-06;2.65537e-06;0.00995487;2.21599e-05;0.00130532
5.51422e-05;0.679775;1.90958e-05;6.10661e-05;1.93411e-06;0.000309892;0.00343257;0.0360072;0.000772372;4.62329e-05;0.0355151;0.000359949;0.243605;4.02667e-05
8.15724e-06;0.00531012;1.16544e-06;7.91174e-06;5.55652e-06;5.34233e-05;2.26319e-05;0.0440371;4.82735e-06;1.3508e-06;0.000108657;0.000134544;0.950304;5.88481e-07
3.61942e-05;0.0308022;1.58256e-05;0.00601848;0.00292245;0.0011277;1.72398e-06;0.0027003;0.00278214;2.14511e-05;0.00276831;0.0287509;0.00144421;0.920608
6.95265e-05;0.965544;4.70789e-05;1.72221e-05;7.58991e-05;1.62514e-06;1.735e-06;0.0159468;1.14972e-05;1.75197e-06;0.000110303;0.00881485;0.00923978;0.00011752
2.50217e-06;0.000997601;3.29311e-08;3.73061e-06;0.000117906;9.77645e-08;1.08729e-05;0.998607;6.95553e-06;8.24495e-06;1.77436e-05;3.08675e-05;0.000189371;7.22258e-06
1.06007e-08;6.77912e-08;0.999973;1.14805e-07;2.34904e-05;2.0588e-07;3.40583e-11;1.66597e-09;1.03392e-11;3.96916e-09;3.44422e-09;4.70353e-07;2.60929e-08;2.72733e-06
9.71644e-06;0.965322;1.52289e-10;8.03273e-09;2.71735e-09;1.95256e-09;0.00737156;1.75788e-06;2.04384e-05;3.71887e-06;1.40325e-05;5.35621e-08;3.07754e-06;0.0272534
2.02199e-05;0.00259214;1.19367e-05;5.30531e-05;6.49267e-06;2.73767e-06;0.839358;0.000110461;0.111858;3.73762e-05;0.0446808;9.83324e-07;0.0012678;1.72378e-07
2.45537e-06;0.999849;2.15968e-07;2.80211e-07;5.02334e-08;6.26621e-09;4.36473e-09;4.31059e-05;7.44366e-08;1.00998e-08;8.2178e-09;1.36595e-06;0.000103933;7.93888e-08
5.45243e-06;0.998419;4.01452e-08;1.54224e-06;3.70646e-07;1.11624e-07;2.32358e-06;0.00134683;7.36258e-07;3.73242e-05;4.18359e-08;3.7275e-06;1.28964e-07;0.000182011
4.89307e-09;3.93646e-10;0.999999;2.30455e-08;3.13644e-09;3.61649e-10;3.97059e-09;1.49455e-09;9.17104e-09;7.34536e-09;9.82407e-09;6.87579e-07;3.44073e-11;1.02884e-09
0.000104129;0.095619;3.36678e-05;8.16996e-06;0.000128686;0.000277846;9.94399e-06;0.143533;2.55265e-05;3.05212e-06;0.000125526;0.0306772;0.729442;1.30411e-05
1.19984e-07;0.999371;1.79861e-09;4.19843e-07;1.01006e-06;1.79109e-07;0.000170644;3.21959e-05;8.16636e-08;0.000129036;2.59447e-07;2.24689e-07;7.78505e-07;0.000294406
1.16676e-10;1.03526e-10;1;2.83636e-10;1.10532e-10;7.12583e-12;1.85381e-09;2.27847e-11;4.69117e-11;8.81301e-11;4.53838e-10;8.1887e-09;6.9014e-12;1.91267e-12
8.27742e-05;0.975649;1.34259e-05;9.70192e-05;3.63126e-06;0.000194441;0.00390128;0.0010266;0.0037817;0.000209379;0.0101367;3.49261e-05;0.0048098;5.87882e-05
7.66982e-06;0.994058;4.52043e-05;1.69495e-06;1.40529e-07;1.14783e-07;3.07684e-06;1.35037e-05;9.3723e-06;5.32438e-06;2.9549e-05;0.00582183;6.50849e-07;3.85004e-06
1.26436e-06;0.999029;6.99523e-12;1.45817e-06;8.22197e-05;4.15938e-08;6.8991e-06;0.000416755;3.6078e-06;1.90873e-06;2.37589e-06;0.000440879;9.13008e-07;1.22355e-05
1.46226e-05;0.00330196;0.00835555;3.46553e-05;0.000179302;0.00106869;3.74381e-07;0.000104786;7.7835e-08;5.84491e-05;1.26095e-07;0.986649;9.75236e-05;0.000134986
2.53516e-06;0.000302675;5.15861e-09;9.64485e-07;1.08369e-06;8.40523e-07;3.25129e-07;0.000121376;5.5739e-06;1.29095e-08;7.78121e-06;4.88331e-06;0.999551;6.07194e-07
4.26154e-06;8.50017e-05;3.09672e-07;1.31444e-05;1.74107e-06;4.88921e-07;8.88313e-09;1.52268e-05;3.68839e-06;1.31625e-07;2.80593e-06;0.999449;0.000423177;1.26081e-06
7.44784e-07;0.00086767;7.9202e-10;4.3452e-08;1.84674e-05;4.62487e-09;9.46065e-09;0.999111;3.47327e-07;8.63828e-09;3.36092e-08;6.07839e-07;7.01619e-07;1.56339e-07
1.25424e-06;0.000147516;0.999231;3.07812e-05;0.000124062;4.16904e-06;1.33517e-07;7.41278e-07;3.75368e-08;5.56469e-06;1.05489e-06;0.000422608;1.1842e-05;1.9762e-05
0.000256431;0.968698;4.48922e-07;5.03837e-07;0.000250204;1.00563e-05;0.00741245;0.0162898;2.21446e-05;0.000110672;2.57675e-05;2.7862e-08;0.0030956;0.00382752
5.32572e-12;9.47608e-14;1;5.16942e-13;1.31997e-11;1.9126e-13;1.07381e-12;1.98757e-14;5.38049e-12;1.71938e-13;9.06405e-13;2.7382e-09;5.30062e-16;4.33722e-13
0.00368196;0.0750866;0.000129538;9.29309e-06;0.00256164;0.0001515;1.95817e-05;0.13434;0.494789;9.46372e-07;0.00211034;0.000145693;0.274081;0.0128926
5.05156e-07;0.999886;5.57689e-07;6.90262e-08;1.48154e-07;8.7054e-09;1.56081e-05;5.41871e-06;2.68376e-06;3.24969e-06;4.51379e-08;1.75152e-06;8.38373e-06;7.56941e-05
7.63438e-11;1.01592e-10;1;8.84963e-12;2.08956e-10;4.4971e-12;6.22926e-12;1.58825e-12;6.09585e-12;1.15057e-12;6.30906e-13;3.55298e-07;5.75272e-12;7.46783e-12
3.83892e-05;0.0158782;5.20987e-09;3.88394e-06;0.00251396;5.31554e-05;4.47965e-05;0.959074;0.0197208;3.75623e-06;1.53901e-05;3.51135e-05;4.72644e-05;0.00257154
0.000123177;0.0350858;0.0408623;0.000306996;0.00226991;6.80848e-05;2.20468e-06;0.000998122;1.20532e-05;1.35903e-05;2.24295e-05;0.918048;0.00216049;2.63586e-05
8.58049e-06;0.00111422;9.9843e-10;2.07373e-07;7.91942e-06;1.57122e-06;2.20351e-06;0.000720709;3.38309e-05;1.12122e-08;8.63959e-06;4.49046e-05;0.997829;0.000227701
1.09783e-05;0.00279266;0.000189993;1.15209e-06;7.25939e-05;3.08245e-05;2.58196e-08;0.000296535;1.24014e-05;1.0612e-07;1.48651e-06;0.967354;0.0292231;1.39067e-05
1.62695e-06;0.00992744;6.08472e-07;6.54275e-08;0.00229312;0.000721117;3.13852e-07;0.986122;4.03801e-06;2.15858e-06;3.3224e-07;7.43272e-05;0.000622634;0.000230658
3.22944e-06;0.00130395;7.18001e-07;7.90592e-06;0.000180753;4.0849e-05;6.50694e-07;0.992382;4.21033e-06;7.73763e-07;1.93539e-05;0.00103085;0.0048908;0.000134345
0.000153927;0.00370071;0.000104932;1.38375e-06;2.74098e-05;2.14925e-07;1.68273e-06;0.993926;3.44138e-06;3.56129e-06;1.3e-06;0.00199824;3.70773e-05;4.01613e-05
2.50878e-06;0.0198005;0.000186328;1.51609e-05;2.44678e-05;8.3741e-06;7.76087e-07;0.000354294;1.33782e-05;4.26122e-07;6.51664e-05;0.97863;0.000748225;0.00014998
5.53016e-08;0.999783;5.79203e-10;6.03603e-09;8.37411e-08;2.07086e-08;2.65301e-07;4.33975e-05;4.26639e-08;2.18133e-08;2.29681e-07;1.22254e-05;0.000160311;4.39209e-08
2.90556e-08;1.25191e-05;2.93798e-07;1.68625e-09;2.24103e-07;4.5994e-10;5.29443e-10;1.5468e-06;8.18672e-09;8.26122e-10;4.04906e-08;0.999981;4.88932e-06;2.05955e-09
2.86151e-05;0.00779383;2.26399e-09;2.07892e-07;9.49451e-06;1.02952e-05;0.00135832;0.983346;0.00027833;2.47417e-05;1.84433e-06;9.78425e-11;0.00714514;2.9492e-06
1.2558e-08;6.25722e-09;1;1.21966e-09;8.57353e-11;1.84406e-11;1.39866e-09;1.7749e-09;1.04983e-08;3.41153e-10;4.91349e-10;1.42411e-08;7.49416e-10;6.26719e-12
4.13056e-06;0.000199461;0.0160635;1.19832e-05;6.95566e-06;8.46009e-06;8.41823e-08;0.000221139;0.000138082;2.56548e-07;1.54409e-06;0.982675;3.61734e-05;0.000633168
5.04064e-05;0.888041;1.02906e-06;2.62634e-06;0.000365739;0.00151533;9.10369e-08;0.0356846;3.53806e-06;8.67147e-07;1.03483e-06;0.000736988;0.0723853;0.00121127
9.39127e-07;0.000356952;1.04924e-07;1.05626e-07;0.00426489;1.18385e-07;5.93309e-10;0.988669;3.60414e-08;6.04413e-08;4.0807e-09;0.00670046;2.8194e-06;5.03935e-06
6.66478e-07;1.45858e-05;0.990528;1.39311e-07;0.00937345;9.32834e-07;3.65777e-12;5.11269e-05;4.21168e-12;1.22621e-09;1.84168e-10;1.18466e-05;8.62585e-06;1.02538e-05
9.41995e-08;0.997836;1.74064e-10;6.73247e-11;1.72237e-10;5.70986e-11;5.93759e-08;8.72351e-07;1.88844e-09;8.65496e-09;3.7116e-10;3.93823e-08;5.9762e-08;0.00216327
0.000377847;0.160405;0.00050335;0.00325702;0.0076048;0.00236102;0.0634537;0.40722;0.27642;0.00110382;0.0591341;0.0048251;0.0104858;0.00284875
3.26074e-05;1.65093e-05;3.49128e-10;2.82865e-09;5.67246e-08;3.28243e-09;1.27446e-07;0.999928;1.27545e-05;3.30387e-09;6.208e-08;6.37935e-07;8.88564e-06;2.85363e-09
3.74397e-07;0.00389887;1.84487e-07;7.43728e-06;0.000649108;0.000720622;3.92556e-07;5.14143e-05;1.32653e-07;1.13858e-05;3.84497e-08;1.68853e-06;0.000176559;0.994482
1.73486e-09;8.23546e-09;1;1.78834e-09;6.40487e-12;1.57041e-11;4.82643e-09;2.71162e-11;1.4658e-09;1.44308e-10;5.27954e-09;7.70684e-09;1.71038e-08;1.20235e-12
9.74056e-08;3.086e-05;0.999882;2.74155e-06;4.43797e-07;3.99081e-07;3.66961e-07;4.17953e-05;4.79326e-07;2.22556e-08;3.28567e-07;8.02223e-06;9.96734e-06;2.239e-05
6.39392e-09;3.65185e-05;8.82613e-05;4.34087e-07;1.72681e-05;0.000197537;9.48345e-10;7.29343e-06;4.96743e-09;2.74347e-07;7.23009e-10;2.28754e-06;1.08738e-08;0.99965
1.03724e-07;0.998934;4.00609e-08;5.9129e-08;4.70791e-07;2.81129e-07;5.15858e-11;2.85234e-05;8.36523e-11;3.00581e-10;3.621e-09;9.28453e-05;0.000940817;3.27279e-06
3.99761e-10;0.999974;4.11356e-17;2.51034e-11;7.04345e-11;2.64893e-11;1.12139e-08;6.78312e-07;1.32335e-13;1.18298e-08;6.74596e-13;1.44387e-14;3.01073e-06;2.19065e-05
4.18512e-10;2.66913e-11;0.999997;1.9463e-08;4.8629e-09;1.91965e-09;6.37147e-10;4.92069e-10;1.46717e-12;2.26866e-08;5.33105e-12;2.91572e-06;5.56479e-11;2.78597e-10
7.87285e-05;0.831341;0.000150913;0.136351;0.000314608;0.00146495;0.00253789;0.00164219;0.00406201;5.00946e-05;0.00869911;1.30525e-05;0.00821845;0.00507598
2.28118e-05;0.999746;8.16717e-07;5.49404e-06;1.37523e-07;3.19213e-08;1.01669e-06;1.93659e-05;4.83162e-07;1.06965e-06;1.04752e-05;0.000178131;1.35282e-05;5.20424e-07
6.94225e-07;0.00055338;2.41893e-10;6.12481e-05;0.112312;3.62086e-06;9.34637e-08;0.886985;3.18553e-07;4.36445e-05;4.378e-08;8.98131e-08;3.87162e-05;2.10332e-06
4.43236e-06;8.97917e-08;0.99886;0.000245722;4.42619e-07;2.69429e-06;3.50885e-06;5.68336e-09;6.72968e-06;0.000800074;1.08738e-05;6.49189e-05;2.78971e-08;1.05562e-08
1.0137e-05;0.00010976;4.56171e-09;5.58325e-08;5.44548e-10;1.01537e-09;0.999335;5.95142e-08;4.35258e-05;0.000468187;3.31929e-05;1.40623e-12;5.70979e-08;8.05843e-09
9.15254e-09;8.91183e-10;1;2.69877e-08;9.81629e-10;1.16735e-09;9.55329e-08;9.38514e-11;1.11029e-08;2.04403e-08;2.59146e-08;3.80119e-09;1.42115e-11;1.97776e-10
6.27362e-05;0.990732;1.45787e-07;2.28747e-06;6.04993e-08;3.3834e-08;1.19691e-06;0.00866186;2.42347e-05;4.50586e-07;7.48112e-06;5.37319e-05;0.000453218;1.76528e-07
3.42251e-07;8.44852e-05;1.2224e-11;1.93756e-06;0.000153399;1.02396e-08;2.99306e-09;0.999745;4.34144e-08;4.06322e-06;3.55991e-08;3.48408e-06;5.5381e-08;6.92321e-06
4.05402e-06;1.89131e-06;0.999413;0.000100532;2.9877e-07;3.72474e-07;2.86162e-05;7.09288e-09;5.50421e-07;0.000314895;0.000120712;1.46724e-05;6.44288e-08;3.83359e-08
2.26691e-07;9.30133e-05;2.02067e-10;2.21774e-10;3.83075e-12;1.47501e-11;0.999835;2.6223e-10;6.40888e-08;7.10172e-05;9.16343e-07;2.77934e-14;4.50413e-09;4.85209e-08
4.21475e-13;8.59904e-14;1;4.53918e-13;6.89224e-14;1.68567e-13;6.03785e-12;1.34068e-15;1.17789e-12;4.76785e-13;2.10928e-12;4.69255e-12;1.99218e-15;4.18487e-15
