4.9497e-06;0.998668;0.000110322;0.000224743;2.1532e-06;4.78415e-07;8.67745e-07;2.2537e-05;3.25795e-07;1.14192e-06;9.73417e-07;1.70496e-05;0.000926356;2.04895e-05
2.21775e-06;0.979903;6.21921e-09;1.41007e-06;1.20058e-06;8.1902e-06;2.16235e-08;0.0199887;3.27774e-07;3.07305e-07;2.87422e-07;4.1753e-05;3.26574e-05;1.9679e-05
0.000132701;0.677391;1.30377e-07;0.00056714;6.21588e-05;0.000158275;5.31994e-05;0.301112;0.000746795;1.30505e-05;0.0126554;0.000869866;0.00576093;0.000477343
0.00696931;0.0251028;0.00473411;0.000100057;0.0034096;4.7859e-05;4.08349e-06;0.468182;7.96053e-06;1.6258e-05;2.84469e-05;0.477536;0.0137262;0.000134664
5.12217e-05;0.526856;0.000135433;3.32632e-05;0.0048896;0.000409893;6.10057e-06;0.353477;0.000111503;1.47296e-06;2.6274e-05;0.0776986;0.0344312;0.00187286
7.10271e-06;0.0452086;0.000475085;0.000991646;0.00232031;0.000420372;1.24628e-05;0.0026536;0.00189607;1.30948e-05;0.00369518;0.93115;0.0038488;0.00730773
0.000185941;0.155533;1.23787e-07;0.000250235;0.00053725;3.39261e-05;6.30504e-06;0.000604188;0.00105422;5.6381e-05;0.00188622;0.013013;0.825675;0.00116435
0.000159822;0.991994;3.93906e-09;8.02653e-08;3.17665e-07;2.33347e-09;4.71071e-06;0.00276079;4.1593e-05;4.01048e-07;3.61149e-07;2.76926e-08;0.00503787;4.15964e-07
2.5918e-09;3.19154e-09;0.999997;3.49375e-11;7.79728e-11;3.28297e-13;3.4842e-10;1.46337e-11;1.65533e-10;8.65125e-11;3.25344e-11;3.07948e-06;2.35369e-11;2.86623e-11
0.000246406;0.544846;4.38971e-05;3.63544e-05;0.00669134;2.73254e-05;8.42087e-05;0.3662;0.00567628;7.50428e-05;0.000784272;0.00114631;0.0558633;0.0182791
5.62668e-06;0.840327;2.2703e-05;8.84808e-05;0.000771615;0.00048805;2.88214e-06;0.13576;5.2019e-05;6.87554e-05;8.12021e-05;0.0107724;0.00454006;0.00701913
3.15754e-06;0.997284;5.42559e-09;2.40758e-05;8.66617e-05;3.2104e-05;1.17041e-06;1.11076e-05;2.89891e-07;5.54936e-06;1.1216e-05;0.000147747;4.24145e-05;0.00235059
7.20391e-05;0.999271;5.06944e-08;2.71002e-08;1.04771e-09;1.12266e-09;6.81858e-07;6.57528e-06;2.31327e-06;2.32617e-08;1.01816e-07;8.42513e-05;0.0005626;4.09244e-09
1.75159e-06;0.002326;4.71124e-08;1.37154e-06;1.15074e-06;4.06576e-05;4.60253e-09;3.43887e-07;1.10926e-05;2.44515e-07;1.2391e-06;0.997498;4.53773e-06;0.000113673
1.37261e-06;0.999846;5.48151e-06;8.73346e-07;3.11825e-08;5.53355e-09;4.97121e-05;4.70548e-09;1.50719e-08;2.22191e-05;8.33982e-08;2.20852e-05;4.13196e-09;5.21789e-05
1.75459e-09;2.69065e-09;1;1.38759e-09;4.65238e-10;1.2875e-11;3.95441e-08;5.76581e-11;2.11371e-10;3.1395e-10;6.13641e-09;6.73186e-08;8.24433e-10;6.61286e-12
0.000193429;0.0725469;0.00219855;0.000340079;0.000629021;0.00735895;0.00367419;0.391727;0.00454963;0.000357704;0.0132955;0.0106058;0.492505;1.86451e-05
4.2687e-08;5.50623e-05;9.83665e-11;5.39567e-07;3.33987e-07;2.4509e-06;2.30196e-08;5.54617e-05;7.06097e-07;6.37869e-09;2.26723e-05;8.7308e-06;0.999853;9.80972e-07
1.5307e-05;6.49534e-05;5.69189e-08;9.06769e-06;3.55592e-06;2.55982e-07;8.22886e-08;0.000159414;1.53076e-05;2.44877e-07;8.26338e-05;0.999286;0.000359552;3.66518e-06
8.21324e-06;0.000387947;4.53406e-09;1.97386e-09;1.83278e-08;1.21123e-09;8.89956e-08;0.999596;4.90518e-06;3.7711e-09;8.9605e-09;1.14538e-07;3.12576e-06;3.47009e-09
1.68032e-06;0.000250258;9.81634e-06;0.00275442;0.0124943;0.00130649;1.38225e-07;9.71057e-06;0.000183118;6.47791e-06;0.000210698;0.860913;8.72264e-06;0.121851
7.51711e-07;0.994543;1.64751e-12;2.4222e-07;3.05143e-08;1.21101e-08;6.12952e-09;0.00448042;6.10889e-07;2.66901e-09;5.31519e-06;1.72835e-07;0.000969142;2.65582e-07
1.04868e-05;0.00344204;1.83117e-07;6.48963e-07;4.08993e-05;4.05492e-07;3.3145e-08;2.73512e-05;8.73249e-07;5.83429e-07;2.78557e-06;0.996104;2.25446e-05;0.00034693
0.000236167;0.973081;0.000221221;4.14312e-06;0.00248959;4.2726e-05;2.50147e-07;0.000152174;6.85898e-08;4.75327e-06;1.43391e-07;0.000137331;0.0228422;0.000788188
9.29967e-06;0.000164191;6.27518e-09;1.21299e-07;7.23977e-05;7.93531e-07;7.97965e-06;0.00120986;1.76299e-06;4.35635e-07;6.83438e-07;0.000333167;0.997946;0.000252844
2.47169e-06;0.00101323;0.000111308;6.00471e-05;0.00150845;0.00022416;2.81054e-08;0.00152554;8.02826e-07;2.91524e-07;8.09704e-06;0.989692;0.00188454;0.00396937
0.00020504;0.972864;4.15446e-05;5.10635e-05;0.000915368;0.00106843;1.68325e-06;0.0133138;1.37112e-06;3.1692e-06;1.33061e-05;0.0017538;0.00915323;0.00061412
1.05236e-05;0.0114617;5.55414e-08;3.7121e-07;1.25026e-06;3.33822e-06;4.20506e-07;0.0442512;8.76302e-08;5.78733e-08;2.34166e-06;0.000211334;0.944048;9.26303e-06
3.14892e-05;0.172083;1.37296e-06;0.00149436;0.00264729;0.00254848;1.69891e-06;0.0198216;0.000888131;3.05032e-06;0.00274614;0.0824283;0.0229028;0.692402
4.83761e-05;0.949953;0.0309268;0.00530134;2.74949e-05;7.9501e-06;1.40444e-05;0.000842569;1.08032e-06;0.000107036;2.5964e-05;0.000904671;0.0117451;9.47273e-05
0.000374777;0.742409;5.25713e-05;0.00159968;0.000592411;3.19652e-05;8.54945e-05;0.241741;9.09255e-05;6.88803e-05;0.00209627;0.000420511;0.0104299;7.39769e-06
0.000406406;0.0100636;2.05883e-05;0.00235963;0.00213629;0.000396061;0.0123341;0.0152752;0.0815032;0.0007243;0.867687;0.00478372;0.00154128;0.000768604
0.00885777;0.822485;1.64863e-05;0.000851867;0.000485922;7.35537e-06;0.0030173;0.00379371;0.0326632;0.000298646;0.00868964;0.00625121;0.00473952;0.107843
0.00225422;0.00105137;9.56561e-08;1.06882e-07;4.42831e-07;2.10466e-08;1.44918e-05;0.991023;0.00563121;2.68782e-07;3.31536e-06;4.79195e-07;2.10154e-05;2.0493e-07
2.01565e-06;0.000164596;1.52828e-08;4.25028e-06;0.000231623;9.12229e-06;4.0044e-09;3.88479e-05;2.845e-05;6.1067e-08;5.05258e-06;0.996514;1.69424e-06;0.00300031
8.77104e-08;0.999989;3.51749e-12;1.12116e-09;5.93622e-10;4.55211e-12;3.71579e-06;1.06263e-06;1.00977e-10;1.05138e-07;8.6951e-10;9.7232e-12;2.55919e-06;3.20699e-06
4.38189e-10;3.91933e-10;1;7.90833e-10;7.88014e-10;1.72616e-10;2.36175e-10;2.77227e-11;1.23009e-11;2.30987e-10;8.04166e-12;4.29452e-07;3.71566e-10;2.27954e-10
5.15452e-06;0.968683;8.58074e-06;0.000362869;5.2724e-05;5.2117e-05;0.000274262;0.00563734;0.000164157;9.26379e-07;0.000244357;0.00075117;0.0228243;0.000938721
1.45555e-05;0.960356;1.20795e-05;0.000108926;7.74534e-05;0.00102284;2.48002e-06;0.0369338;2.45892e-06;1.3182e-05;8.42682e-06;7.76181e-05;0.000910211;0.000460193
1.31896e-05;0.00845515;1.97679e-06;1.01729e-05;2.11468e-05;2.35252e-05;3.57736e-06;0.0315134;3.82948e-07;3.47247e-06;2.99947e-05;0.00108461;0.958831;8.10707e-06
9.11391e-05;0.0100513;2.29848e-06;0.00499001;0.00775749;0.00157054;1.26782e-05;0.0121806;0.0125571;1.57582e-05;0.0229347;0.0294551;0.00158165;0.8968
2.13298e-05;0.996857;0.000930308;0.000705005;3.81541e-06;7.94167e-07;1.82953e-06;0.000116271;3.98461e-07;1.22935e-05;2.15186e-06;4.30047e-06;0.00132093;2.37555e-05
7.40091e-05;0.938482;3.23457e-06;8.26543e-05;0.000173346;1.2723e-05;1.19032e-06;0.0605954;2.69574e-06;1.33181e-05;7.21861e-06;6.34371e-05;0.000430252;5.82514e-05
0.00212807;0.0534793;1.10113e-05;0.00532618;0.0933135;0.0122589;0.0059577;0.0822479;0.0196089;0.00253609;0.387193;0.286407;0.0144206;0.0351113
0.00814445;0.596426;0.000222975;0.00345864;0.00155269;4.86172e-05;0.00367097;0.00722448;0.00589077;0.000473307;0.00830177;0.12603;0.219052;0.0195029
0.000270741;0.969528;7.45987e-08;1.63939e-05;7.08413e-05;8.26726e-05;1.35401e-06;0.0284632;0.000108609;3.74543e-06;2.15293e-05;3.44207e-05;0.000453122;0.000945033
1.86636e-05;0.00949355;2.99083e-09;1.14774e-06;1.10722e-05;7.79782e-06;9.32246e-08;0.0118227;1.3751e-06;3.22206e-08;1.60884e-05;0.215699;0.76285;7.87493e-05
0.0006998;0.558813;6.87324e-05;1.77333e-05;0.000892835;0.000171407;0.00062846;0.0160505;3.68293e-06;0.00036389;1.11622e-05;0.00102226;0.421037;0.000220199
4.28456e-09;2.44568e-09;1;1.67626e-09;3.22852e-10;2.06335e-10;4.05462e-09;5.89555e-10;5.91806e-09;1.94372e-10;3.34224e-09;3.83988e-08;6.70878e-11;2.99572e-11
1.94387e-07;0.00189698;0.981055;6.50897e-07;9.13837e-06;1.58647e-06;1.56308e-09;0.000787606;1.70784e-08;1.44993e-08;2.14798e-08;0.0158909;6.92334e-06;0.000351307
4.55088e-07;0.00632869;0.000292233;5.54744e-05;0.0367802;0.0234043;2.0449e-07;0.000412161;2.43426e-06;1.5013e-06;2.64219e-05;0.000175079;0.000214236;0.932307
6.03097e-07;0.0246769;4.10151e-06;0.000125386;0.043873;0.151199;1.2676e-06;0.0115045;5.79308e-07;5.13659e-06;0.000328189;0.635301;0.125576;0.00740362
1.27568e-06;0.331767;2.23976e-06;3.00042e-06;1.09958e-07;6.61091e-06;9.75688e-07;0.00269534;6.6563e-07;2.98737e-08;3.40718e-05;4.54346e-05;0.665443;3.64877e-08
1.48594e-05;0.0348467;2.25992e-06;2.19195e-06;9.48026e-06;4.20169e-06;2.55633e-09;0.839149;2.35971e-07;2.25223e-07;1.80056e-07;0.00638339;0.119553;3.42915e-05
5.0187e-05;0.91136;4.68979e-06;0.000179444;0.00092984;6.49401e-05;8.09611e-05;0.00135198;2.85241e-06;0.00302625;3.19619e-05;1.42746e-06;0.00339648;0.079519
4.47408e-09;4.40211e-10;1;1.03985e-09;9.81914e-10;3.66186e-12;6.41621e-09;9.18709e-12;4.24157e-10;4.69187e-10;1.47903e-08;3.30409e-07;8.20231e-12;9.94912e-12
3.67624e-05;0.506906;1.47574e-06;2.76243e-06;0.000607306;8.36905e-06;2.02638e-05;0.00429337;0.000113238;7.44664e-07;0.000142516;7.81947e-05;0.486748;0.00104126
1.29192e-06;0.836922;9.64462e-07;5.32494e-06;0.000364076;2.19565e-05;4.52981e-07;0.0177069;2.24977e-06;4.10532e-06;2.75314e-06;0.144267;0.000297854;0.000403041
2.08201e-05;0.0984889;1.1176e-06;0.000182436;0.0219963;0.0108157;0.000207988;0.018889;9.48244e-07;0.000275682;3.76952e-05;0.00141189;0.828654;0.0190173
0.000104746;0.0930186;1.87475e-06;0.00138263;0.000499891;0.00168567;3.99759e-06;0.00546644;0.000173902;6.87358e-06;0.000700768;0.319603;0.0279628;0.549388
8.73647e-05;0.0436342;6.66079e-05;1.74663e-06;5.94938e-05;3.17387e-06;7.79808e-07;0.954073;1.7405e-06;1.19777e-06;7.67882e-07;8.64747e-06;0.00205081;1.00855e-05
8.13417e-08;0.00113447;1.18035e-06;4.31082e-06;9.53206e-06;1.30475e-05;3.04939e-09;1.06542e-06;4.31568e-07;6.41975e-08;1.03181e-06;0.998749;4.8272e-05;3.75842e-05
3.25516e-06;0.994317;9.24825e-08;4.12417e-07;3.03954e-06;8.24452e-07;2.76351e-06;0.00118239;2.25443e-05;4.77829e-07;2.24168e-05;4.51682e-05;0.00439941;5.93244e-08
3.12918e-06;0.000851615;2.8816e-05;1.75774e-07;1.35313e-05;3.13846e-07;9.75786e-08;1.4701e-05;2.59562e-06;4.8014e-07;2.53746e-06;0.998174;0.000908236;9.09266e-08
0.000183948;0.00414536;1.00641e-08;6.31557e-06;0.000462995;0.00023193;1.79171e-05;0.916715;0.0268542;2.59873e-06;7.6807e-05;1.99255e-06;0.0512771;2.3589e-05
1.42147e-05;0.997292;0.00230308;4.9307e-06;4.67131e-06;5.20616e-08;4.95017e-09;0.00025628;2.18371e-07;5.63636e-07;1.92111e-09;5.38477e-05;5.49226e-06;6.40328e-05
2.04506e-05;0.00184352;2.23396e-08;1.09726e-06;0.00042819;7.40061e-08;1.628e-08;0.9954;4.34308e-05;1.82843e-07;9.89383e-07;0.00218158;5.93196e-05;2.13141e-05
3.6768e-07;0.282915;3.55497e-06;5.47999e-06;3.96055e-05;2.9389e-07;2.88316e-07;3.55785e-08;3.91057e-09;0.000204103;1.18881e-08;2.20049e-05;9.43845e-08;0.71681
0.000597576;0.00140182;1.48741e-07;8.78521e-06;5.38717e-07;9.0229e-08;0.530071;0.000261684;0.386983;2.40227e-06;0.0758597;1.25419e-05;0.00480118;3.61881e-08
4.12169e-05;0.0300042;0.000611355;7.20544e-05;1.16536e-06;1.9188e-05;8.34583e-07;1.43668e-05;1.90048e-05;6.21814e-07;4.20891e-05;7.00523e-07;0.969173;3.33067e-07
1.85309e-05;0.13474;0.812605;2.71333e-06;2.99185e-05;2.48098e-07;1.58398e-08;0.0020894;3.54084e-08;2.20511e-07;1.94062e-08;0.0497644;2.73158e-05;0.000721754
5.62119e-05;0.382811;2.75171e-08;1.01324e-05;0.0863201;0.00454726;1.0932e-06;0.516438;0.000486974;4.24399e-06;1.01871e-05;1.03968e-07;0.00579264;0.00352188
4.37784e-05;0.00220563;0.392494;1.81275e-05;0.000752771;0.00071422;4.11173e-08;0.00019057;5.18698e-07;1.97698e-06;1.31777e-06;0.602451;0.00108845;3.83406e-05
1.113e-05;0.870493;5.53178e-07;8.2452e-06;0.000200369;1.39984e-05;1.67007e-07;0.127973;0.000644366;6.19808e-08;1.12202e-05;3.87031e-05;0.00019233;0.000412223
2.83321e-06;0.00233786;2.79499e-08;2.157e-07;0.00043721;7.03501e-05;1.19212e-07;0.993943;8.41145e-05;4.5402e-07;3.07921e-06;1.17072e-05;0.00309742;1.15455e-05
1.15188e-06;0.999221;3.17134e-08;2.20825e-07;2.48116e-07;1.20673e-07;0.00052591;0.00017777;6.23137e-08;4.81171e-05;5.02739e-08;5.88346e-08;8.89923e-06;1.5939e-05
3.456e-08;3.70363e-08;0.999999;2.46536e-08;5.711e-11;8.47403e-11;4.33497e-07;1.91808e-09;1.87243e-07;8.3247e-09;4.15844e-08;8.57358e-09;2.28467e-09;1.16134e-10
6.91905e-06;0.575933;2.39714e-09;1.31404e-07;1.05459e-09;2.76969e-08;1.83775e-05;2.15015e-06;1.79262e-05;6.1384e-08;7.77313e-06;5.00041e-06;0.424009;3.6698e-09
2.14893e-06;0.00231332;0.961393;4.67929e-06;3.30683e-06;6.9761e-08;8.66167e-08;0.00642685;5.08295e-08;1.7895e-07;3.10288e-08;0.0296803;2.29384e-06;0.00017417
1.48071e-05;0.897293;1.60365e-09;3.66618e-05;0.00117651;0.000228496;0.000873434;0.0701891;0.000100233;3.68638e-05;0.000652838;2.36175e-05;0.0292169;0.000157761
0.000245407;0.228085;0.28925;0.000357631;0.012314;0.0012788;0.000132968;0.00164119;1.80469e-06;0.00145881;1.58487e-05;0.449675;0.00322436;0.0123199
0.000349458;0.0215239;2.43518e-07;0.000182675;0.00276469;0.000373557;0.000149268;0.910308;0.0321064;2.58948e-06;0.00195527;0.000480989;0.0283333;0.00146934
6.3291e-05;0.986369;0.00984653;0.00023289;0.000167273;6.3491e-06;1.25802e-07;0.000351564;2.11718e-06;4.67601e-06;2.32763e-07;9.9426e-05;0.00209523;0.000761526
0.000225901;0.929782;1.30598e-08;9.01895e-06;0.000199779;0.000268454;2.34629e-06;0.0659333;2.44552e-05;3.44804e-05;7.52119e-07;0.000201709;0.00270318;0.000614517
0.00032155;0.00574284;7.64857e-05;8.83995e-05;0.000805961;0.00957528;2.29623e-05;0.0742171;4.69362e-05;3.51643e-05;0.000209522;0.710272;0.192003;0.0065833
2.89369e-06;0.274553;3.72308e-07;5.23677e-06;0.00011079;0.000136451;4.64775e-05;0.0062531;1.88106e-06;1.13618e-05;1.40908e-06;6.67889e-09;0.00114664;0.71773
4.01821e-10;2.03793e-09;1;1.0474e-09;2.17818e-11;1.11197e-11;1.07365e-08;1.26442e-10;4.95588e-10;1.33631e-10;4.48858e-09;3.72123e-08;1.05618e-10;3.0046e-12
1.92535e-07;0.00104355;0.989721;1.10412e-06;1.89337e-05;4.42563e-06;2.0827e-08;0.00156859;4.19005e-08;4.01199e-08;4.70475e-08;0.00700085;1.64716e-06;0.000639779
4.52321e-07;0.00404319;0.000350525;3.58842e-05;0.0691358;0.0253035;2.95142e-07;0.0003433;2.00847e-06;1.78532e-06;4.37307e-06;9.29171e-05;0.000114642;0.900571
8.75953e-07;0.0237149;6.35198e-06;9.89565e-05;0.122382;0.0803044;4.12128e-07;0.0686099;8.77764e-07;7.78108e-06;4.49815e-05;0.611683;0.0596216;0.0335241
3.92992e-06;0.840562;2.6634e-05;2.52426e-05;1.54132e-06;2.24399e-05;3.99446e-06;0.0025179;3.04733e-06;2.51826e-07;8.75109e-05;0.000194928;0.15655;6.05804e-07
3.77838e-06;0.107142;6.55336e-08;5.61888e-07;8.72002e-07;4.14853e-07;1.39274e-09;0.862034;6.59873e-08;3.47848e-08;2.30455e-08;0.000130725;0.030685;2.76797e-06
4.32481e-05;0.895299;1.88995e-05;0.000224145;0.00348546;0.000217028;1.385e-05;0.00331598;4.12701e-07;0.00265729;3.08675e-06;3.8579e-06;0.0043293;0.0903887
2.48069e-09;8.57583e-10;1;2.55576e-09;1.72902e-10;3.53946e-12;5.13685e-09;1.11014e-11;3.88265e-09;1.86268e-10;3.46735e-08;3.31261e-07;7.43531e-12;6.11193e-13
9.98678e-06;0.869841;7.71523e-06;1.83429e-06;2.44769e-05;1.32686e-06;3.40036e-06;0.000181863;4.35874e-05;3.97399e-07;4.15594e-05;0.000111524;0.129607;0.000124317
2.72082e-07;0.951641;9.81959e-09;2.35806e-06;0.000418638;1.3447e-06;1.72457e-07;0.0439766;1.05958e-06;1.46416e-06;1.26533e-06;0.000230607;0.000107128;0.00361808
2.09832e-07;0.000771933;1.01941e-06;6.49198e-06;0.000234669;1.44217e-05;1.83613e-08;7.99545e-05;1.01713e-08;5.20483e-08;7.87295e-07;0.997389;0.00147469;2.67432e-05
1.59148e-07;8.4849e-05;8.49423e-12;3.72648e-09;1.17846e-08;4.88759e-09;3.95409e-09;0.000102731;5.95134e-09;5.81007e-11;9.57893e-09;1.72909e-05;0.999795;1.90486e-09
1.4216e-05;0.000308248;8.22406e-07;1.59234e-05;2.44877e-05;8.93398e-06;2.65945e-08;0.000113491;2.5615e-05;3.62488e-07;8.65626e-06;0.997455;0.00164644;0.00037804
1.10919e-05;0.000187333;3.96103e-08;3.23009e-08;1.08289e-06;1.65591e-07;2.4711e-07;0.99977;2.61603e-06;5.65927e-08;1.03937e-07;3.91001e-07;2.71217e-05;1.88644e-07
2.37234e-06;0.000143359;8.03351e-06;0.00119051;0.00128494;0.000187865;1.60366e-06;3.51703e-05;0.000396557;2.84358e-06;0.000464154;0.96163;7.36476e-05;0.0345785
5.1524e-06;0.987279;1.44135e-11;2.27153e-06;3.52325e-07;1.94827e-07;3.07449e-08;0.0106606;6.86056e-06;1.88108e-08;3.36848e-05;9.08548e-07;0.00200801;3.1962e-06
2.78751e-06;0.000542664;1.06742e-08;1.19872e-07;4.86614e-06;8.88384e-08;2.63555e-09;1.05789e-05;3.39595e-07;3.70369e-08;1.50675e-06;0.999402;8.91348e-06;2.59077e-05
5.50899e-05;0.992386;0.00075915;3.22476e-06;0.00109431;3.44595e-05;7.74135e-08;9.39412e-06;3.54266e-09;3.10274e-06;5.54416e-08;1.13041e-05;0.00399737;0.00164608
2.40018e-05;0.000910436;7.16093e-08;5.58553e-07;0.000155571;7.30407e-07;3.91608e-05;0.0139666;2.63885e-06;1.49636e-06;5.5063e-06;0.00143661;0.982966;0.000491051
9.66056e-07;0.00101971;2.7356e-05;0.000212386;0.00111917;0.000289263;5.46405e-08;0.000951819;1.19682e-06;6.79443e-07;2.19719e-05;0.994929;0.000488242;0.000937706
4.55466e-05;0.978843;3.30409e-06;2.51283e-05;0.000104892;0.000164374;3.04575e-07;0.0162535;3.65506e-07;1.28863e-06;6.10928e-06;0.000363247;0.00415923;2.9773e-05
7.33103e-07;0.0027436;5.80628e-11;1.08818e-07;1.35998e-07;3.10311e-07;1.49692e-08;0.000837192;5.9758e-08;2.40442e-09;2.31626e-06;1.9444e-05;0.996394;2.27621e-06
3.70965e-06;0.000794943;5.68357e-08;7.18447e-06;2.54955e-06;5.07478e-07;1.74744e-08;4.35258e-05;9.81168e-07;8.25989e-08;1.08486e-05;0.998391;0.000743922;1.7995e-07
8.24266e-05;0.996543;0.000487627;0.000144755;5.04859e-06;1.29063e-06;2.07963e-06;0.00084462;7.36939e-07;5.4468e-06;1.50551e-06;9.71627e-05;0.00177748;6.91983e-06
3.15346e-05;0.940801;3.38831e-05;0.000283889;0.000672432;2.49542e-05;9.7419e-07;0.0499875;2.17088e-06;1.95839e-05;1.45714e-05;0.00123769;0.0067487;0.000140624
0.000118646;0.0668677;4.65637e-06;0.00299786;0.00146717;0.00260814;0.0052283;0.0153902;0.0234428;0.000728548;0.856953;0.00196922;0.0110094;0.0112145
0.00102198;0.684063;6.47679e-06;0.00163995;0.000377511;6.19362e-05;0.000667399;0.002232;0.00174312;0.000494899;0.00727499;0.0161879;0.0174106;0.266819
0.00384042;0.0010329;5.43044e-07;8.98412e-07;1.46235e-06;2.0015e-07;4.63599e-05;0.990538;0.00412786;3.54184e-07;2.53358e-05;4.52549e-06;0.000380649;4.33931e-07
7.83002e-07;9.16883e-05;3.79314e-09;3.4489e-06;0.000312155;7.7507e-06;1.33161e-09;1.76958e-05;6.19224e-06;1.7919e-08;1.8326e-06;0.998178;3.71133e-06;0.00137626
3.32263e-08;0.999994;5.83764e-13;5.23747e-10;5.80685e-10;4.31092e-12;1.09206e-06;5.81924e-07;1.70644e-11;3.08302e-08;3.08304e-10;8.30134e-12;1.81284e-06;2.59222e-06
1.11291e-10;4.06158e-11;1;1.77114e-10;2.09901e-10;1.78255e-11;9.5364e-11;1.53408e-11;2.21733e-12;7.72302e-11;2.70965e-12;2.58476e-07;1.13501e-11;2.27545e-11
2.3985e-06;0.996297;7.31416e-06;0.000496734;1.4335e-05;1.27439e-05;0.000414596;0.000452167;0.000163044;8.39015e-07;0.000500421;0.000351051;0.00122735;6.02466e-05
2.52856e-06;0.972212;1.59154e-07;1.35324e-05;3.73491e-06;5.3561e-05;1.62953e-07;0.0272454;3.01193e-07;1.61587e-06;1.95099e-06;1.46126e-05;0.000415881;3.41631e-05
2.90394e-06;0.00162734;2.44085e-09;8.88264e-06;1.30053e-05;9.18491e-06;3.47707e-07;0.00452601;1.75347e-06;5.69793e-07;8.72556e-05;0.000192823;0.993524;6.07993e-06
2.79364e-05;0.000344317;1.40823e-07;3.3432e-05;7.09648e-06;6.03935e-07;1.0642e-07;1.11863e-05;1.53026e-05;6.11223e-07;7.41084e-05;0.999386;9.78623e-05;1.53714e-06
0.000417075;0.994392;0.00253627;0.000340756;2.59095e-05;4.39465e-06;3.71785e-06;0.00176313;5.47927e-06;1.80116e-05;1.59362e-06;9.59462e-05;0.000342845;5.34266e-05
9.35453e-06;0.95168;3.62662e-06;1.67417e-05;8.52188e-05;3.85222e-06;6.05882e-08;0.0471902;1.78093e-07;7.39318e-06;3.16587e-07;8.66567e-05;0.000499635;0.000416946
0.00044586;0.377905;1.54126e-06;0.00201544;0.0104724;0.04526;0.00517039;0.0580002;0.00561169;0.00293314;0.333404;0.0239652;0.0437426;0.0910724
0.000661507;0.252778;0.000172933;0.00115472;0.00179649;0.00103863;0.000128143;0.00112663;0.000215329;0.000339235;0.00252524;0.566959;0.118176;0.0529284
0.0019641;0.961866;5.74547e-08;2.85932e-05;0.000465479;0.000229886;4.97218e-05;0.0267852;0.000127171;8.34773e-05;4.54727e-05;0.000257348;0.00169391;0.00640359
0.000389703;0.0539055;4.55777e-06;3.59732e-06;4.0554e-05;0.000202766;1.52794e-06;0.0532653;4.57047e-06;7.03327e-07;1.15936e-05;0.19338;0.69844;0.000349015
4.00388e-07;0.0829433;2.75529e-07;1.04738e-06;1.87274e-05;1.38476e-05;1.4807e-05;0.00161639;1.5616e-07;7.68953e-06;8.56584e-08;5.90863e-09;0.000128577;0.915255
7.6201e-10;9.41218e-09;1;5.4335e-09;6.677e-11;3.65644e-11;1.82492e-08;8.07651e-11;9.74922e-10;2.78023e-10;2.25771e-08;5.05492e-07;1.77966e-09;9.56515e-12
6.914e-06;0.0190837;0.284192;0.000142385;0.000195104;0.000179192;7.13061e-06;0.501711;1.08581e-05;9.4781e-06;1.81431e-05;0.171339;0.000125096;0.0229811
5.86462e-06;0.032319;0.000298091;0.0012754;0.0115065;0.133814;1.13921e-05;4.34522e-05;1.88203e-05;5.25487e-06;0.00018752;0.00112156;0.00667928;0.812714
2.54868e-05;0.957733;0.00158464;4.80176e-06;0.000981579;0.000682296;4.23594e-07;0.0255034;7.8771e-09;1.57659e-06;1.33116e-06;0.000805368;0.00524454;0.00743152
3.62238e-06;0.592435;7.13264e-07;4.80533e-05;0.00636286;0.0141735;1.78539e-07;0.0873087;8.99149e-07;1.81259e-07;3.01967e-06;4.01145e-05;0.00878514;0.290838
1.20732e-05;0.0909677;3.76293e-07;4.84732e-07;1.71831e-06;1.33494e-06;4.62143e-09;0.900397;1.39339e-07;4.43012e-08;9.13617e-08;9.83976e-05;0.00851517;5.55368e-06
5.65596e-05;0.870224;9.28223e-05;9.70988e-05;0.00263215;0.00031102;4.03745e-06;0.0125709;5.02889e-07;0.00131423;1.13934e-06;5.69467e-06;0.00105359;0.111637
1.97416e-09;1.81034e-09;0.999999;1.67211e-09;6.9269e-10;4.93141e-12;8.60081e-10;1.06799e-10;1.49855e-09;1.72265e-10;2.6394e-09;7.56195e-07;4.92354e-12;6.55567e-12
7.36402e-05;0.813795;4.09802e-05;1.1589e-05;0.00030825;6.32608e-06;1.87862e-05;0.00068319;0.000383253;3.20161e-06;0.00016647;0.000636598;0.179429;0.00444418
2.88037e-07;0.979749;1.29025e-09;1.22713e-06;0.000305693;3.59761e-07;4.32442e-07;0.018937;3.19156e-06;5.72934e-07;2.27588e-06;8.92504e-06;0.000172175;0.000818751
3.11623e-07;0.00138777;5.75685e-07;1.13498e-05;0.000885368;3.97715e-05;4.97316e-08;0.000354226;1.60145e-08;1.5199e-07;4.79036e-07;0.995282;0.00201911;1.86119e-05
7.56427e-06;0.00297411;3.87835e-09;1.05862e-06;3.71269e-07;1.18043e-07;2.00369e-06;0.000343379;2.32148e-06;1.11505e-08;4.31007e-06;0.000532318;0.996132;4.85346e-08
2.55736e-05;0.00141506;6.22393e-06;2.30321e-05;4.68593e-06;1.02711e-05;1.16364e-07;6.10307e-05;4.53811e-05;5.39197e-07;1.04052e-05;0.997578;0.000736193;8.38582e-05
0.000100239;0.00339246;6.14337e-05;1.51546e-05;0.000508768;0.000385869;2.0457e-06;0.993178;6.22013e-06;1.65201e-05;8.89467e-06;2.65592e-06;0.00105684;0.00126498
1.15282e-07;0.000626866;4.95779e-06;4.72693e-06;3.35611e-06;5.27766e-06;6.92846e-09;1.03612e-06;1.94475e-07;7.4018e-08;7.80873e-06;0.999224;0.000110359;1.07067e-05
9.40757e-06;0.984765;7.23573e-07;1.10622e-06;1.3149e-05;3.46404e-06;8.30107e-06;0.0108083;5.6265e-05;1.93681e-06;0.000111044;5.00992e-05;0.00416935;1.72642e-06
2.07407e-05;0.00188793;6.31016e-05;6.70299e-07;2.27554e-05;2.04119e-06;3.82651e-07;0.0002011;2.97303e-05;1.59444e-06;4.8945e-05;0.974884;0.0228374;1.15305e-07
0.000679631;0.00775889;1.29886e-08;3.35534e-05;0.000265391;0.000475306;0.000105339;0.354263;0.195508;1.40517e-05;0.00130374;2.48857e-05;0.43955;1.92284e-05
4.59547e-05;0.98856;0.0106545;1.37882e-05;1.26958e-05;1.01929e-07;1.13922e-08;9.51319e-05;9.94885e-07;1.22171e-06;1.27706e-08;0.000446938;2.06587e-06;0.000166432
9.91994e-05;0.024744;2.66828e-07;4.49624e-06;0.000640553;4.64795e-07;1.79703e-07;0.97238;0.000451084;8.72624e-07;1.83517e-05;0.00135482;0.000277847;2.80408e-05
1.45131e-06;0.470436;0.00039058;4.57634e-05;3.44248e-05;1.43353e-06;7.71242e-06;1.70914e-08;1.14609e-08;0.00181616;8.69484e-08;2.5942e-06;1.74258e-07;0.527264
0.00195524;0.00243975;3.58045e-05;6.70858e-06;1.01249e-07;1.27161e-07;0.72836;0.000555241;0.194615;1.99886e-06;0.0703275;0.00123427;0.000468565;2.92234e-07
1.30947e-06;0.0142178;1.62103e-10;1.66725e-08;3.66516e-08;1.39698e-06;2.84464e-07;0.000122091;2.61923e-06;2.2008e-09;4.25747e-07;4.62256e-07;0.985653;6.16802e-08
1.29493e-05;0.125922;0.620289;1.07135e-05;3.99211e-05;3.04347e-05;7.77488e-08;0.010129;2.59711e-08;1.7689e-06;1.06044e-08;0.232719;0.0106396;0.000205022
2.307e-06;0.00249018;1.11249e-09;1.02971e-05;0.000108924;0.880206;1.90903e-07;1.3095e-05;2.4019e-05;2.71626e-06;4.61546e-06;8.88975e-08;0.11193;0.00520795
6.07664e-05;0.000183966;0.24969;1.49642e-05;1.36619e-05;2.04221e-05;2.13251e-07;4.70631e-05;4.16858e-07;3.10196e-06;2.27534e-07;0.74986;3.86544e-05;6.6813e-05
1.9271e-05;0.956863;7.62258e-07;5.96328e-05;0.000629795;6.7206e-05;3.61765e-07;0.0408839;0.000656973;3.75716e-07;7.40425e-06;4.2695e-06;0.000451564;0.000355267
9.0293e-06;0.00150179;1.19846e-07;2.01735e-06;0.000412441;0.000120923;3.04022e-07;0.996798;0.000418586;1.40172e-06;9.46959e-06;1.48343e-05;0.000683542;2.74238e-05
1.99611e-06;0.999501;1.01579e-08;2.11584e-07;5.14103e-08;4.39074e-08;0.000385684;6.77002e-05;8.65924e-08;3.12994e-05;6.13221e-08;1.16732e-08;1.01926e-05;1.93507e-06
9.45473e-08;2.05582e-07;0.999998;1.1161e-07;1.20821e-10;3.40522e-10;8.15287e-07;9.11395e-09;5.2718e-07;2.88009e-08;1.70751e-07;3.58122e-08;2.65473e-08;4.27344e-10
1.02413e-05;0.197533;4.03495e-09;3.99385e-07;2.41496e-09;4.71385e-08;1.16996e-05;1.53878e-06;3.08748e-05;6.15222e-08;1.15214e-05;5.27832e-05;0.802348;9.52054e-09
1.97388e-06;0.000541992;0.972754;6.62536e-06;1.5356e-05;5.69019e-08;4.61646e-08;0.0061125;4.68132e-08;1.09205e-07;4.48953e-08;0.0204558;7.54116e-07;0.000110566
3.50918e-06;0.734744;2.54161e-09;6.00135e-06;0.00227008;8.23487e-05;4.96143e-05;0.2598;1.29664e-06;1.17928e-05;9.59434e-06;2.85672e-06;0.00261915;0.000399371
5.71459e-06;0.00137812;0.854314;8.24428e-05;0.00349026;0.000375849;2.3114e-06;3.65704e-05;1.51366e-07;0.000133642;5.04095e-06;0.137675;0.000200475;0.00230024
0.000267533;0.0250712;4.27017e-07;0.00051634;0.00309577;4.538e-05;0.000295456;0.840003;0.10366;6.50733e-06;0.01908;0.00053387;0.00060019;0.0068248
5.68218e-05;0.997805;0.00102226;0.00015389;6.05316e-05;5.39472e-07;1.71753e-07;0.000592689;4.91771e-06;2.00607e-06;9.91055e-07;5.47238e-05;0.00014012;0.000105277
4.91885e-05;7.37683e-05;7.82059e-10;5.9112e-08;1.66824e-07;7.83444e-08;2.07528e-07;0.999731;0.000108521;3.67101e-08;2.4917e-07;1.35683e-07;3.62782e-05;1.04315e-08
3.28391e-06;0.000533887;2.79299e-07;6.46445e-05;0.000411457;7.61824e-05;1.82181e-08;1.78357e-05;0.000111995;2.56366e-07;4.83148e-05;0.9886;3.30054e-05;0.0100989
1.85926e-08;0.999991;5.39676e-14;5.10483e-10;1.28927e-10;3.43862e-12;2.02877e-06;6.2108e-07;2.87532e-10;1.97487e-08;1.09089e-09;7.66132e-13;3.8423e-06;2.50489e-06
1.33457e-09;1.07006e-10;1;3.07132e-09;2.53511e-09;5.41327e-10;9.44432e-10;1.09169e-09;1.23195e-10;7.72502e-10;7.2855e-11;2.68689e-07;1.64233e-10;5.41241e-12
1.76975e-06;0.978499;2.36557e-05;4.17373e-05;2.07699e-05;7.42107e-06;7.54362e-06;0.00208113;4.8703e-06;6.64755e-08;5.73327e-06;0.000367211;0.0189245;1.50408e-05
1.87836e-05;0.578028;1.14912e-06;0.00191306;0.000470839;0.00476423;3.46791e-05;0.0423093;0.000629901;7.25405e-05;0.00161814;0.00858664;0.359711;0.00184114
0.000585856;0.118215;0.000349301;0.177215;0.0223278;0.0118905;0.00975401;0.0101891;0.00648152;0.00650958;0.0224734;0.130668;0.47987;0.00347092
0.00650158;0.0113697;1.74904e-08;0.0114956;0.00658768;0.000166744;0.000814454;0.378903;0.181394;0.000179554;0.349151;0.00164303;0.0517928;7.22325e-07
0.00350488;0.0279199;0.861919;0.0156119;0.00112615;0.00156715;7.25809e-05;1.90017e-05;6.96843e-05;0.000951353;0.00188057;0.0401333;0.0446813;0.000543282
0.00106974;0.935379;0.0489187;1.97881e-05;0.000132448;1.60574e-07;1.11573e-05;0.0133545;5.35032e-06;1.54334e-06;2.38398e-06;0.000183114;0.000811666;0.000110495
4.93281e-05;0.305152;5.32508e-06;8.99879e-05;0.000158234;4.10719e-05;5.33188e-05;0.627872;0.00284559;6.05668e-05;0.000596644;0.00149364;0.0615443;3.80384e-05
3.41032e-05;0.486955;4.74174e-05;0.00394224;0.00231718;0.0341817;2.80542e-05;0.00871225;0.000509545;0.000934489;0.000302055;0.0819773;0.194443;0.185615
0.00443321;0.932726;1.37549e-06;0.000820211;8.43953e-05;7.28502e-06;0.000747116;0.00215083;0.00205241;4.15177e-05;0.00279954;0.00278024;0.0355602;0.0157957
0.000149228;0.843444;1.83082e-08;2.136e-05;0.000443125;5.34136e-05;1.83711e-05;0.15412;5.23109e-06;5.19527e-05;3.11579e-07;6.78921e-09;0.00108706;0.000605921
3.07652e-10;3.12015e-11;1;1.67333e-10;3.78685e-10;1.02148e-11;4.83332e-12;1.64646e-12;1.71935e-11;6.33633e-13;1.04124e-11;4.09194e-08;1.14871e-10;6.6108e-12
2.04461e-08;0.085115;1.81655e-08;3.15838e-09;2.22606e-07;2.70031e-08;8.52453e-08;6.9134e-08;2.55148e-09;9.40969e-08;8.08148e-11;8.5607e-07;6.90918e-09;0.914884
0.00124055;0.0853186;0.00191123;0.000540714;0.300661;0.0566237;0.056948;0.0283521;0.334715;0.000657638;0.0459271;0.000125299;0.0405577;0.046422
1.43979e-05;0.92258;5.43847e-07;4.68023e-08;6.77151e-07;9.80265e-07;4.55697e-07;5.1406e-06;3.17694e-06;2.48967e-08;7.16512e-07;0.0609021;0.0164913;2.28019e-08
0.000344839;0.00454885;0.810965;2.01813e-05;0.00154623;2.16986e-05;5.99486e-06;0.000480245;5.68129e-06;5.98034e-05;1.08834e-07;0.181278;6.78727e-06;0.000717208
3.3443e-08;4.76786e-07;0.999999;6.42339e-09;4.50535e-09;9.89492e-10;1.44303e-09;1.15871e-08;1.79646e-07;3.7189e-10;2.10398e-09;3.27501e-08;1.68575e-09;6.04966e-10
6.04736e-05;0.00784462;5.97642e-05;3.84109e-06;3.12438e-05;2.58713e-06;3.32998e-08;0.950946;0.000341977;1.21589e-06;2.67041e-06;0.0350276;0.00564686;3.13257e-05
1.33175e-05;0.89794;0.000177831;2.00472e-05;0.000285614;1.09293e-05;1.34123e-07;0.0875034;1.61333e-05;6.78709e-06;8.43134e-06;0.0120896;0.000921169;0.00100627
4.78856e-09;0.999602;4.62963e-13;1.19652e-09;2.51509e-10;1.20681e-10;1.00254e-06;8.75913e-11;2.26183e-10;7.0904e-07;2.72698e-10;2.34629e-07;1.20448e-07;0.000396303
0.00093227;0.0173583;6.95365e-07;6.19872e-05;6.74156e-06;5.53225e-07;0.393072;0.00877482;0.475067;1.1358e-05;0.10133;0.000465915;0.00291755;6.57033e-08
1.12762e-05;0.993378;7.84751e-05;1.54127e-05;1.625e-06;1.73146e-07;4.68258e-08;0.00413906;8.04266e-07;1.41145e-07;4.50781e-08;4.12495e-06;0.00236254;7.96761e-06
7.60868e-05;0.912717;8.92227e-06;5.20786e-05;0.00031021;0.00203531;6.69935e-08;0.0532294;9.13604e-06;3.07272e-05;4.17206e-07;0.0166171;0.00123049;0.0136828
8.48677e-05;0.000686799;9.02497e-07;8.34776e-05;0.000112268;0.000817097;5.58115e-07;0.566374;0.000270921;1.67482e-06;0.00178759;0.000447847;0.429293;3.86593e-05
2.5443e-06;0.996138;8.53233e-10;2.47007e-08;4.10105e-10;8.09645e-09;1.51374e-06;6.90659e-08;2.03426e-07;1.36483e-08;6.27687e-07;0.000134992;0.00372179;2.93027e-08
1.37813e-06;0.00141546;4.44293e-07;3.24189e-05;0.000142963;6.94169e-05;6.75781e-07;0.00448812;0.000141093;9.04777e-07;9.81273e-05;0.99137;0.00182702;0.000412262
1.60978e-06;0.997761;6.12813e-08;9.7298e-06;8.358e-09;3.25947e-07;1.11091e-05;4.04762e-06;9.70931e-06;2.90147e-07;0.000198677;0.00181606;0.000187186;1.81418e-07
0.00013227;0.542833;0.000908429;0.00020269;2.63553e-06;2.3465e-05;1.23822e-05;0.000807319;9.30761e-06;1.69667e-06;0.000771965;0.433645;0.0206445;5.72523e-06
1.63759e-06;0.952076;4.71432e-10;1.45862e-08;1.66671e-09;1.31473e-08;9.07624e-07;3.95133e-06;1.28625e-07;3.32321e-09;8.29307e-07;1.56658e-05;0.0479005;1.6148e-08
6.27179e-07;0.00210994;3.65377e-06;8.8674e-07;4.87231e-05;8.13121e-07;9.47609e-08;0.00137894;1.58217e-06;1.87701e-07;1.46706e-06;0.996371;4.20979e-05;3.95684e-05
2.54379e-05;0.94692;2.12048e-07;0.00027529;0.000381061;2.63282e-05;8.66185e-05;0.0156655;0.000620921;7.82733e-06;0.00242591;0.00235753;0.030881;0.000326653
0.000855134;0.704955;1.74434e-05;0.000694718;6.83605e-06;1.57628e-05;0.000212112;0.0553604;0.000725395;4.9806e-05;0.00198335;0.114854;0.120091;0.000179308
7.75969e-05;0.446486;1.26183e-06;0.000116174;5.48685e-05;0.000110066;3.52016e-06;0.538347;4.45057e-05;6.40299e-06;8.09946e-05;0.00104048;0.0135784;5.35424e-05
5.36868e-05;0.0429863;3.94578e-08;2.14735e-05;0.000161574;2.05164e-05;9.71792e-06;0.0194876;9.00858e-06;4.263e-06;8.58109e-05;3.22462e-05;0.936908;0.000219376
0.00099295;0.0115737;1.4987e-08;0.0305659;0.455271;0.215346;1.03284e-06;0.0188115;0.00405456;0.000112653;0.00511747;0.00454881;0.0249292;0.228675
0.000395037;0.998971;0.000519938;5.46963e-06;2.86072e-06;1.63539e-08;3.95868e-06;7.14734e-05;6.31817e-08;2.20358e-05;9.95688e-08;3.2029e-06;4.0973e-06;1.1487e-06
2.08673e-08;4.29339e-09;1;5.36458e-09;2.25314e-10;1.4774e-11;1.2042e-08;8.18016e-11;1.59654e-08;4.36735e-10;3.70976e-09;2.73828e-07;1.86849e-09;5.84895e-12
6.88574e-05;0.108277;0.00526603;1.6765e-05;1.90133e-05;1.3834e-06;4.83216e-05;0.8821;0.000906482;2.48288e-05;7.27538e-05;0.000107439;0.00129437;0.00179658
0.000438336;0.386478;0.00102779;0.00253861;0.00202002;0.00285923;0.00978002;0.000860614;0.410857;0.000947892;0.0984276;0.0180337;0.0293128;0.0364188
0.000516852;0.088604;5.66994e-06;9.90737e-07;7.28364e-06;3.36947e-07;6.56752e-05;0.909976;6.26749e-05;1.24231e-05;1.8214e-06;0.000121052;0.00049783;0.000127358
1.3935e-06;0.0215655;3.54607e-06;5.66249e-06;0.000851138;0.000205602;6.92359e-07;0.00041455;2.38694e-06;1.64603e-06;3.83025e-07;0.923418;9.05973e-05;0.0534393
2.54111e-05;0.00903925;5.12872e-07;1.20862e-06;1.08723e-05;2.31814e-06;1.98586e-07;0.00650333;1.59659e-06;3.48739e-08;3.38169e-06;2.93078e-05;0.984375;8.03128e-06
4.87702e-05;0.993166;6.58113e-06;4.97572e-07;4.04671e-07;1.53074e-06;0.000190727;7.98553e-05;3.37096e-07;9.00039e-05;4.77813e-08;3.44005e-05;0.0041389;0.00224185
9.12935e-10;9.5321e-09;1;5.49717e-10;2.28365e-11;6.86818e-10;4.25148e-08;2.19372e-09;6.29212e-10;4.54779e-09;4.442e-10;1.48084e-11;4.28243e-10;2.20246e-11
1.81984e-11;3.13062e-10;1;2.52979e-10;2.46183e-12;1.29902e-11;6.68079e-10;9.48315e-11;2.1117e-11;2.60126e-10;3.1727e-10;5.15478e-08;2.98103e-10;1.47437e-11
4.03743e-10;8.26957e-06;0.999445;1.89545e-08;3.06143e-08;5.47779e-08;1.2155e-09;2.20674e-07;2.42548e-10;1.94622e-09;9.15498e-09;0.000546046;2.65779e-08;2.56012e-07
6.52374e-06;0.0281293;0.00235935;4.43892e-05;0.205158;0.512705;3.52394e-06;0.00232751;5.30806e-07;2.21406e-05;1.79414e-05;0.000657214;0.00800267;0.240566
3.6034e-06;0.0446362;0.00744088;2.33088e-05;0.000899662;0.00225719;3.69455e-06;0.0025585;2.78173e-08;3.76884e-06;1.59173e-05;0.770848;0.169995;0.00131442
5.02531e-06;0.36992;8.02565e-05;5.80908e-05;1.906e-05;0.000496659;4.43589e-06;0.158406;4.57904e-06;5.92472e-07;2.09151e-05;0.000124862;0.470795;6.49195e-05
1.48356e-06;0.979779;3.46333e-07;2.74673e-06;3.99427e-06;1.24357e-05;2.59093e-08;8.25217e-05;7.7915e-08;1.09178e-06;4.6968e-08;1.86484e-05;0.0189743;0.0011234
2.57872e-05;0.0106803;1.24597e-07;4.68672e-07;1.8078e-06;1.82549e-06;3.45532e-07;0.989173;3.63257e-06;3.13721e-06;3.01725e-08;2.25643e-05;8.59464e-05;8.08081e-07
6.95897e-07;0.00063065;3.60402e-08;5.18678e-05;0.00153412;0.000897233;2.60001e-09;3.3785e-05;1.13274e-06;8.47251e-07;2.94071e-06;0.984667;0.000126072;0.0120535
1.4271e-08;0.999995;6.36858e-12;4.71782e-10;2.38752e-11;1.54572e-11;2.19087e-07;6.28979e-09;6.96512e-13;7.84582e-08;2.37867e-10;3.36455e-10;2.66864e-07;3.98789e-06
8.1075e-12;6.45324e-11;1;5.95063e-12;5.62054e-11;1.03063e-10;1.47335e-11;7.12269e-12;8.49136e-15;2.0382e-11;9.45899e-14;8.43585e-09;5.17305e-12;4.92814e-11
2.34532e-07;0.0214462;4.55985e-07;7.78844e-06;4.81098e-06;0.00136781;9.30155e-05;4.25982e-05;3.56101e-06;6.55332e-07;6.92275e-06;1.28106e-06;0.977006;1.86447e-05
1.44042e-07;1.64979e-05;0.999209;1.16023e-06;6.71232e-08;6.50549e-08;4.97076e-06;9.57931e-10;8.96521e-10;9.94884e-05;1.85485e-08;0.000651671;7.86334e-09;1.72917e-05
2.07329e-08;6.1349e-08;0.999992;3.24849e-07;2.74087e-09;3.50551e-08;1.71917e-06;1.67255e-09;4.86265e-07;6.60733e-08;2.62392e-06;2.98959e-06;4.63039e-09;2.54853e-09
3.40002e-07;0.990428;2.18627e-10;3.15449e-08;1.94063e-09;2.12301e-08;8.87193e-05;4.49769e-06;1.05404e-06;7.81383e-08;1.28444e-05;4.24905e-06;0.00945971;1.10027e-09
1.20185e-06;0.00132081;2.1393e-07;7.18977e-06;3.25942e-05;4.64979e-06;4.91608e-06;0.000302481;5.4848e-07;1.25015e-06;2.23164e-05;0.997789;0.000510703;2.0152e-06
3.5579e-06;0.976213;9.04907e-07;5.36972e-06;6.07751e-05;5.23511e-06;2.97298e-06;0.00748877;3.15172e-08;1.66213e-06;5.07426e-07;0.000147554;0.0140837;0.00198611
0.000592769;0.145113;0.000796467;0.00720174;0.000201828;0.000132434;0.0227886;0.0124831;0.101069;0.000253964;0.120789;0.0168589;0.56633;0.00538842
0.000172983;0.0522626;1.62923e-06;4.3346e-07;1.39403e-05;3.16297e-07;4.45905e-06;0.947388;4.7986e-06;3.43632e-06;3.79099e-07;2.51566e-06;0.000106616;3.76479e-05
1.02013e-06;0.00355282;1.09897e-05;1.0957e-05;0.00034658;7.10147e-05;2.64596e-07;4.73336e-05;1.97662e-06;1.06029e-06;2.94627e-06;0.99508;3.40747e-05;0.000839071
1.75624e-05;0.989756;1.40184e-05;4.13343e-06;5.39309e-06;1.06956e-05;2.59769e-06;0.00079022;0.000111724;2.87576e-07;5.57633e-06;5.61012e-06;0.00925256;2.31332e-05
6.03445e-05;0.00455741;1.45542e-07;5.18476e-06;0.0017286;5.13801e-06;1.47149e-07;0.993056;3.46329e-06;1.54105e-06;2.81483e-07;0.000442848;2.20712e-06;0.000137116
0.00170845;0.921107;8.88265e-07;7.08758e-05;0.000209091;2.5917e-06;2.19107e-06;0.0747995;0.000204647;9.11515e-07;4.74103e-05;0.000419321;0.000956733;0.000470394
4.26961e-06;0.981788;5.87863e-08;1.1704e-06;2.22804e-06;3.2078e-06;2.17756e-08;0.0136103;5.28236e-07;6.58939e-07;7.81363e-08;0.000166095;0.00440375;1.98155e-05
0.000149733;0.0414219;8.39988e-07;0.00148899;0.00113018;0.00135357;8.84472e-06;0.0542062;8.17134e-05;5.52842e-05;0.0012013;0.00195605;0.888814;0.00813102
0.000125055;0.000955692;2.4657e-05;1.65985e-05;1.23371e-05;8.04203e-06;1.09449e-06;5.42722e-05;1.26374e-05;1.06839e-06;0.000272691;0.997299;0.00089492;0.000321756
4.60376e-05;0.0219647;0.000669725;2.64166e-06;2.17027e-05;5.38229e-05;4.80336e-08;0.00516008;8.35253e-06;3.19279e-08;1.30607e-05;0.000215985;0.971842;1.31012e-06
5.50812e-06;0.958516;3.16575e-07;0.000141427;0.00150226;0.000390712;1.59528e-07;0.00130527;3.85524e-06;3.37291e-05;3.25434e-05;0.0192579;0.000778896;0.0180313
4.68409e-08;0.999884;1.42717e-11;2.15273e-08;2.33542e-09;1.28436e-10;5.35733e-05;7.64791e-10;9.45186e-12;5.45626e-06;4.18777e-08;9.49962e-10;4.10613e-09;5.73343e-05
1.28446e-11;2.68965e-12;1;2.66957e-12;1.74667e-13;9.2753e-14;2.52162e-10;3.46629e-12;2.87148e-13;2.65061e-12;1.32635e-11;4.81144e-10;5.36044e-12;4.14282e-14
1.80537e-05;0.220148;1.38796e-06;0.000581514;1.51702e-05;7.78513e-06;0.178478;0.0202056;0.031677;6.51296e-05;0.201573;3.05998e-05;0.347198;2.96892e-07
2.3161e-07;0.00491869;9.8937e-10;8.5965e-08;6.87265e-06;2.86751e-09;1.47871e-08;0.995031;6.83104e-08;1.69605e-08;6.66187e-07;4.14797e-05;7.10365e-07;1.59981e-07
8.29075e-06;0.064597;0.915569;5.32538e-05;0.000349639;4.54021e-06;0.00471491;5.97927e-07;2.63236e-08;0.0141511;2.73084e-06;1.41123e-05;2.54242e-05;0.000508977
2.62257e-09;4.27997e-11;1;9.42549e-11;5.20688e-11;6.77357e-12;4.93969e-09;1.12088e-10;6.21674e-09;6.81527e-12;2.25971e-08;1.89893e-07;6.97073e-12;2.91823e-12
2.80605e-07;9.36157e-05;0.974349;3.37532e-08;5.29571e-07;1.24244e-07;7.21741e-08;0.000178152;8.46539e-08;1.16693e-08;3.74472e-08;0.0253642;1.1872e-05;1.94676e-06
1.92037e-05;0.00137307;2.17451e-05;5.00687e-05;0.0351669;0.606274;6.83209e-06;1.89322e-05;0.000678344;1.74178e-06;8.90742e-05;4.52785e-05;0.00601799;0.350237
0.000205228;0.25686;0.000185997;3.08665e-06;0.000530384;0.00020351;4.57527e-08;0.0581733;8.21027e-06;2.23057e-07;1.8684e-06;0.000919785;0.682905;3.16002e-06
2.13192e-05;0.00405626;1.21515e-06;2.31305e-06;3.93255e-05;0.000201303;9.64445e-09;0.984059;1.69477e-05;8.75652e-09;2.80397e-07;1.3546e-06;0.0114921;0.000108791
7.9988e-07;0.00121092;1.77981e-07;6.86154e-09;8.27519e-07;3.40785e-08;2.58346e-11;0.998627;5.32616e-10;5.30552e-09;3.07409e-11;3.29858e-07;0.000159697;3.34084e-07
1.03493e-08;0.000162253;4.92357e-06;1.21027e-07;9.23366e-08;4.14524e-08;4.54448e-11;6.21773e-07;3.25053e-09;2.58256e-09;4.76449e-08;0.999823;8.9731e-06;1.76027e-07
2.31627e-07;0.998372;1.17157e-08;2.71526e-08;6.09686e-07;1.39251e-07;1.61236e-07;0.000330652;4.59283e-07;9.10405e-08;7.36313e-07;2.26145e-05;0.00127188;1.8895e-07
2.80474e-06;0.000751298;2.70514e-05;6.2713e-08;1.08551e-05;1.15998e-07;2.7397e-08;1.1327e-05;8.97599e-07;1.8994e-07;9.56601e-07;0.998722;0.000472095;1.94052e-07
