1.92293e-05;0.999512;9.36072e-08;5.9956e-07;5.99163e-07;1.03764e-07;7.72116e-06;0.000253424;3.62383e-06;7.61138e-07;5.7897e-06;3.4365e-06;0.000168042;2.47575e-05
9.86875e-07;0.999794;2.95021e-10;1.07316e-07;7.53175e-08;1.59743e-09;6.52923e-06;7.82304e-06;4.83216e-08;3.17505e-06;1.22894e-07;8.3859e-08;1.77008e-08;0.000187025
1.25939e-09;1.08058e-09;0.999991;4.01095e-10;1.29111e-09;3.46094e-12;1.9276e-09;9.09621e-11;4.32336e-10;5.00119e-10;5.89656e-10;8.49361e-06;5.23805e-13;1.1984e-08
1.57978e-06;0.962932;1.65008e-09;5.21198e-09;9.30555e-07;1.41704e-06;3.10782e-07;8.95469e-05;9.19359e-07;1.54276e-08;5.28027e-07;5.58316e-06;0.036963;4.26253e-06
1.88467e-05;0.0605413;0.000213367;1.13924e-06;0.00231557;0.000485788;3.52379e-07;0.394748;6.73695e-08;2.66711e-06;7.71741e-07;0.0912889;0.285283;0.1651
3.51782e-07;0.000575811;1.28095e-06;1.06423e-05;0.00196532;0.185531;2.03669e-07;0.000175789;2.81614e-07;6.95313e-07;6.84519e-07;1.84516e-05;0.66824;0.143479
5.1636e-06;0.00228942;0.9791;5.00709e-06;3.50848e-07;2.47428e-07;1.74996e-05;2.54447e-06;7.51529e-09;5.60448e-05;3.2988e-08;0.0185027;5.58994e-06;1.48761e-05
1.66546e-07;1.64412e-06;0.999977;6.35262e-06;3.9339e-09;3.28582e-08;1.39277e-06;1.60123e-08;3.23374e-06;8.47342e-08;7.42917e-06;2.3656e-06;4.40859e-08;3.37311e-09
7.57016e-07;0.999022;9.21394e-06;1.30713e-05;1.55884e-07;3.42159e-08;2.62191e-07;4.49602e-05;4.55275e-08;7.00475e-07;6.01949e-07;0.00086201;4.59024e-05;3.52766e-07
1.02558e-06;0.966048;3.1816e-09;5.511e-08;2.64161e-08;8.98708e-08;3.03218e-07;0.00018825;7.39565e-09;2.04345e-07;1.34367e-07;5.67389e-06;0.0336465;0.00010949
2.5048e-06;0.0571019;2.35328e-05;3.07177e-06;0.000280335;1.13442e-05;4.9852e-06;0.000655938;3.37414e-07;1.45818e-05;1.77781e-06;0.939151;7.68942e-05;0.00267156
7.8375e-06;0.0229155;9.54895e-08;1.3345e-05;2.35032e-05;0.0111385;0.000403531;4.63353e-05;2.17137e-05;0.00010776;0.000164226;0.000158736;0.964825;0.000173629
2.74733e-06;4.79722e-05;0.996091;2.36536e-06;3.49943e-07;3.2297e-07;8.22995e-05;5.54978e-08;5.06439e-08;0.000297049;2.05421e-08;0.00346792;4.98819e-06;2.42435e-06
5.89039e-08;3.30176e-06;0.999991;2.14769e-06;2.90585e-09;4.66773e-08;9.33401e-07;3.34626e-09;1.05904e-06;4.77789e-07;4.96192e-07;5.53877e-07;1.50073e-07;2.88671e-09
6.99698e-06;0.000143858;2.54642e-08;1.85214e-07;1.76202e-08;7.58634e-09;6.5266e-07;0.999748;5.66596e-05;1.38269e-07;1.13967e-05;2.04681e-05;1.20328e-05;1.26646e-09
1.77546e-08;0.999541;3.11148e-10;3.89457e-07;4.74394e-08;2.33351e-08;5.01021e-07;2.00839e-07;8.43293e-09;4.47288e-06;5.78387e-08;3.77685e-07;1.47428e-08;0.000452763
4.54666e-07;5.90775e-05;0.999849;1.26234e-07;9.54598e-09;3.16086e-08;8.60491e-05;8.65077e-07;9.81125e-08;1.2558e-06;1.10994e-06;4.79401e-08;1.70229e-06;1.13637e-08
5.39676e-09;1.65564e-09;1;4.34356e-09;6.33499e-11;5.01918e-10;5.56481e-08;1.0505e-07;1.0163e-08;7.0198e-10;9.20247e-09;9.5151e-09;9.79836e-08;1.21203e-12
2.30401e-08;1.76849e-06;0.999232;1.37176e-08;2.14629e-08;2.67735e-08;4.24857e-09;1.25698e-06;2.46305e-09;9.18912e-10;5.19123e-10;0.000764594;7.35482e-08;1.05664e-07
3.46704e-06;1.72111e-05;2.60919e-05;6.67239e-06;0.128136;0.0702577;9.91895e-08;0.000481806;5.52195e-05;3.44365e-07;2.96653e-06;4.61224e-05;0.000435566;0.800531
3.02839e-05;0.378985;2.24906e-07;1.01109e-05;0.119677;0.000427361;3.75242e-10;0.0699627;6.22363e-07;1.21005e-07;4.83581e-07;0.412933;0.0177472;0.000225081
7.24138e-05;0.128951;2.28918e-07;2.37285e-06;0.000771275;1.46049e-05;1.77922e-09;0.869467;5.52132e-06;2.12827e-08;3.98837e-07;0.000221927;0.000478094;1.53604e-05
3.68767e-08;0.999957;4.11693e-08;5.75737e-08;1.23267e-07;2.11616e-09;5.14384e-12;8.65437e-06;3.91604e-12;4.11155e-09;7.03223e-12;3.04222e-05;2.24055e-07;3.64164e-06
5.53243e-08;0.998783;2.54914e-09;1.88636e-09;3.05475e-10;2.98054e-10;3.99121e-08;1.43705e-06;1.53167e-10;1.50554e-09;8.64339e-10;1.46173e-07;0.00121508;3.82139e-10
3.46843e-10;1.33557e-05;2.76e-07;5.71407e-08;4.28411e-07;4.8968e-07;1.29985e-11;4.08014e-07;2.23647e-09;3.54601e-10;2.84742e-08;0.999959;1.73071e-08;2.61223e-05
1.01966e-06;0.0818777;1.74345e-08;2.1861e-07;1.20365e-05;1.95678e-06;4.21022e-07;0.00657586;1.30567e-06;4.72734e-09;9.14029e-06;3.48895e-05;0.911485;2.75126e-07
0.000266768;0.166993;3.13412e-05;7.04634e-06;0.000263928;0.000100459;0.000154333;0.110547;9.53655e-06;0.00022695;2.13768e-06;0.000125577;0.718351;0.0029206
6.69847e-11;2.65012e-11;1;7.10136e-10;1.43352e-11;6.06581e-12;8.63146e-12;8.2173e-12;2.53681e-11;3.39026e-11;4.38498e-11;1.19713e-09;1.14092e-11;4.2649e-13
5.95769e-06;0.0467511;7.06078e-05;3.39136e-05;2.79258e-06;6.88624e-07;7.55629e-07;0.0597646;3.28149e-05;1.48229e-06;4.57516e-05;0.893094;0.000178966;1.68396e-05
7.87902e-07;0.984898;4.46628e-08;5.78615e-07;5.25702e-08;3.49087e-06;4.04653e-06;1.10131e-06;2.25019e-07;1.97208e-07;1.23987e-05;0.00214948;0.0129285;1.2056e-06
2.06999e-07;0.0293704;5.35172e-06;4.67308e-08;1.56543e-06;1.8826e-07;6.79043e-09;0.00870558;6.37014e-10;6.77317e-09;2.9817e-07;0.961447;0.000468451;4.65694e-07
2.30889e-08;0.469057;2.7345e-11;5.16221e-06;0.000109891;0.0201696;3.15161e-08;1.10539e-05;1.66049e-08;1.40083e-07;1.05421e-07;5.29682e-08;0.509965;0.000682124
1.07713e-05;0.0164894;0.902454;3.52564e-06;3.99428e-07;7.39128e-07;1.42274e-08;0.000550376;1.11153e-08;3.43804e-07;7.65492e-09;0.0803;0.000190426;7.43127e-08
9.9979e-06;0.909047;7.91628e-07;0.000469943;3.97895e-05;3.1591e-05;6.77698e-06;0.0663565;0.000261299;3.13607e-06;5.98181e-05;1.68189e-05;0.0236105;8.58604e-05
2.03112e-06;0.992159;0.000251011;2.24991e-05;4.44891e-06;1.29017e-06;2.30706e-07;0.000413066;8.63849e-09;1.97213e-05;1.30826e-08;1.18687e-06;0.00710691;1.91596e-05
2.49331e-08;1.63932e-08;0.999989;4.56301e-07;7.25074e-09;3.55828e-09;7.06945e-07;1.67154e-09;1.73027e-08;4.13118e-07;4.07678e-08;8.89029e-06;8.6401e-08;6.43504e-10
1.20906e-07;1.18548e-07;0.998125;4.55849e-05;1.55443e-05;7.25774e-06;1.31838e-07;0.000378609;8.02324e-06;1.51307e-07;6.25012e-06;0.00135953;9.08373e-08;5.38169e-05
8.3665e-08;0.000774364;1.37377e-05;1.22371e-06;1.30279e-05;0.00304127;4.54074e-09;4.41968e-05;7.34809e-09;8.87887e-07;4.70415e-08;2.81326e-06;6.58219e-06;0.996102
1.24888e-06;0.000660959;3.49644e-07;2.9395e-06;6.5768e-06;6.34498e-06;4.25238e-08;0.00965174;4.83189e-08;4.83891e-08;2.58128e-05;0.00019157;0.989411;4.18036e-05
2.90767e-05;0.864794;1.48867e-06;9.75078e-06;8.23781e-05;1.65966e-06;1.34722e-07;0.103106;1.10206e-06;1.11894e-06;3.8135e-06;0.0187867;0.0131733;9.17544e-06
1.15883e-06;0.994429;1.9259e-05;4.64138e-07;7.68492e-07;3.56451e-07;4.92333e-07;0.000755697;2.73899e-08;1.89023e-06;7.81081e-07;0.00421974;0.00056992;2.12185e-07
1.13108e-07;0.00148695;3.22762e-11;9.03248e-05;6.8243e-05;1.03295e-05;1.75738e-06;3.42291e-05;2.61829e-07;3.34536e-06;0.000250561;0.000118285;0.99774;0.000195609
0.000208643;0.00273441;3.12699e-07;0.00213368;4.01404e-06;1.78054e-07;2.95842e-05;4.23916e-05;0.000245066;7.63831e-06;0.0353063;0.955701;0.00358585;1.4206e-06
1.3377e-05;0.999467;0.000385029;9.45696e-05;7.98536e-07;2.93234e-08;2.05717e-07;6.33876e-06;2.65403e-07;4.05731e-07;3.02347e-06;1.51531e-05;4.14539e-06;9.85289e-06
1.03602e-05;0.982773;4.27138e-08;5.85038e-06;2.59539e-05;1.92691e-06;9.01359e-07;0.0159581;1.22585e-06;2.57864e-06;1.00693e-05;0.000626968;0.000194781;0.000388468
1.37119e-05;0.878006;7.35763e-06;0.000325917;0.00302006;0.000134624;1.00528e-05;0.00286317;9.13347e-05;1.0364e-05;0.00472721;0.105256;0.00548009;5.3437e-05
5.45918e-05;0.658886;0.00208819;1.01826e-05;0.0058289;2.54775e-06;1.51807e-07;0.000139341;1.94032e-08;5.34031e-07;1.42349e-06;0.134665;0.19822;0.000103975
6.0021e-05;0.131752;2.44674e-06;1.28469e-06;0.0827603;8.52585e-05;1.3421e-06;0.433637;4.73478e-06;2.59933e-07;3.04609e-07;0.00169604;0.326394;0.0236037
1.37608e-06;0.702238;1.66031e-05;1.07678e-06;0.000213597;0.00246883;4.55276e-09;0.235944;1.91131e-08;3.62396e-07;2.4983e-09;0.0552719;0.00306061;0.000784396
8.73806e-07;0.0169358;2.56371e-07;2.65998e-05;0.000174763;0.00304899;4.29503e-08;6.41242e-06;4.86461e-08;7.98687e-07;2.79417e-07;0.000551136;0.881726;0.0975283
0.000287438;0.0317985;3.68851e-05;1.96506e-05;5.81743e-06;2.10805e-05;1.52565e-06;0.00180047;1.67354e-05;2.57391e-06;2.62341e-06;0.917516;0.0478087;0.000682007
1.24033e-06;0.998649;3.47855e-08;3.27086e-08;2.92772e-09;1.68126e-08;3.93046e-07;3.78616e-06;4.17816e-07;2.52695e-08;5.92219e-08;1.0009e-05;0.00133554;9.63906e-10
2.1393e-06;0.00326938;1.06364e-06;1.85666e-06;6.21633e-07;3.14258e-07;1.15622e-07;0.000140415;2.1053e-06;2.92317e-07;1.41392e-05;0.996495;7.22334e-05;4.08122e-07
7.86515e-07;0.990388;1.79707e-07;3.24198e-06;1.82603e-07;8.12129e-07;0.00671784;1.17214e-06;1.10014e-07;0.00195547;3.74575e-06;3.09272e-09;5.45871e-06;0.000922585
9.41645e-09;3.99363e-09;0.999997;5.65956e-08;6.08714e-11;3.33196e-10;4.31463e-08;2.33619e-12;1.39834e-08;1.04109e-09;3.40867e-07;2.6782e-06;2.39596e-08;6.29703e-12
3.19187e-05;0.877668;0.00140615;2.16768e-05;1.1355e-05;8.78043e-05;7.5504e-05;0.0970503;0.000100748;8.83566e-05;3.88855e-05;0.000222839;0.0231049;9.10443e-05
2.51118e-06;0.00418809;2.2287e-05;0.000171945;0.000154153;0.000882894;2.54577e-06;0.00132355;0.000201356;2.08838e-05;0.00515152;8.6369e-06;0.987812;5.72333e-05
2.51588e-05;0.000289816;2.82864e-05;2.82844e-05;2.00138e-05;3.21448e-06;1.82484e-07;0.000269264;1.32791e-05;8.80835e-06;0.000255194;0.998606;0.000451307;8.65915e-07
