2.32025e-06;0.995305;0.00447697;8.07194e-06;1.50933e-06;2.58569e-08;2.42678e-07;1.89613e-05;1.24218e-08;3.66188e-07;1.92628e-08;1.55077e-05;0.00016829;3.06442e-06
4.52335e-05;0.120298;3.98524e-07;1.73154e-05;5.8421e-05;1.14038e-05;8.63515e-06;0.784612;2.17303e-05;3.58188e-06;2.85834e-05;0.00139811;0.0934483;4.84252e-05
5.59224e-06;0.126145;9.89736e-06;7.70227e-05;4.95936e-05;0.000181805;1.52111e-07;0.0146058;5.36528e-06;3.50561e-07;1.29169e-05;0.852686;0.00588098;0.00034012
6.38171e-05;0.848673;2.20894e-09;4.36181e-06;0.000197676;0.0005759;0.000219506;0.0419687;1.90695e-06;8.17981e-05;3.48528e-06;9.45674e-10;0.0103564;0.0978534
3.21546e-08;1.11257e-09;0.999999;2.37198e-08;5.41404e-09;1.90046e-09;7.03003e-09;3.38969e-10;6.86161e-10;5.50324e-09;2.67826e-10;5.55737e-07;3.15047e-09;3.70572e-09
1.52037e-05;0.00193157;0.000490069;0.00028213;8.18533e-05;0.000181649;8.42482e-07;5.45078e-05;8.86942e-05;5.81041e-07;4.2417e-05;0.996571;0.000128178;0.000130862
6.61876e-06;0.960904;7.89485e-07;4.08031e-06;7.87127e-07;9.83896e-05;1.13345e-07;6.3075e-05;1.38673e-07;6.61019e-07;8.98788e-06;0.000466059;0.0384378;8.32459e-06
1.86409e-07;0.935453;2.85484e-08;3.20812e-06;2.15096e-05;6.71075e-06;0.000271485;1.0268e-05;1.07862e-08;0.00340002;6.68376e-07;0.000797663;3.91382e-07;0.060035
5.31696e-09;3.06435e-07;0.999986;3.60198e-09;2.38604e-09;2.70588e-08;4.08904e-09;1.30385e-05;1.00572e-09;1.27785e-10;4.98428e-10;7.5749e-10;4.72923e-07;1.47031e-12
2.70783e-08;0.967255;3.74011e-10;1.8488e-10;5.2768e-11;1.64633e-08;8.70903e-09;8.54138e-07;8.18068e-10;2.24979e-09;4.89096e-11;1.76467e-06;0.0327427;1.27064e-10
8.06485e-07;0.0117452;3.4673e-06;1.85494e-05;4.12215e-06;1.82121e-05;1.31196e-08;4.49692e-06;8.79241e-08;1.01854e-06;2.34129e-07;0.988099;9.27275e-05;1.17939e-05
7.56128e-06;0.997861;1.21053e-11;3.69166e-07;3.15502e-06;1.89388e-06;1.32396e-06;0.00204762;3.61229e-07;1.40417e-06;6.32758e-07;6.56183e-06;1.28308e-05;5.56243e-05
2.02794e-06;0.000163709;1.82753e-05;3.77728e-07;5.47875e-06;7.0165e-06;3.63255e-08;0.000279428;5.3521e-09;3.62764e-08;3.09564e-07;0.998926;0.000563493;3.40233e-05
1.84213e-07;0.995597;7.24489e-10;3.65509e-08;4.66025e-08;4.02822e-09;1.40213e-05;0.000148133;4.96494e-09;2.47184e-06;1.49977e-09;1.48782e-08;1.26806e-07;0.00423835
1.26708e-10;1.22037e-10;1;1.57052e-10;1.93959e-10;4.91038e-11;2.7487e-10;7.51354e-11;2.74342e-11;5.41494e-11;3.81071e-11;9.64504e-09;3.42302e-10;1.56356e-11
5.05338e-06;0.00387154;1.12684e-08;3.64121e-05;5.3177e-05;3.9242e-05;5.64617e-07;0.00463234;0.000118616;4.73483e-07;0.000191761;0.000416625;0.990601;3.29343e-05
6.1e-05;0.00115875;1.58789e-06;0.000127084;1.14937e-05;2.78516e-06;2.35772e-06;0.000384191;0.000603527;1.41924e-06;0.00119928;0.995428;0.00100465;1.42235e-05
3.14758e-05;0.620444;4.17742e-07;0.000199781;9.42486e-05;5.40691e-05;3.52672e-06;0.329539;1.79746e-05;3.66935e-06;0.000132308;0.00292429;0.0455132;0.001042
0.000127258;0.694312;5.14988e-06;1.61553e-05;2.37112e-05;6.92251e-06;0.00533318;6.67312e-05;4.17058e-07;0.01017;3.35535e-05;3.63808e-07;0.000587368;0.289317
1.39136e-09;2.56898e-11;1;7.77903e-10;2.73666e-10;3.18812e-11;1.01442e-09;2.15582e-12;1.58483e-10;3.18686e-10;2.94544e-09;6.20226e-08;5.54111e-12;7.7556e-11
3.14005e-05;0.85195;1.35482e-05;7.76956e-06;2.77881e-06;1.13945e-06;4.08738e-06;0.0419375;0.000143878;3.337e-07;0.000187699;0.000157326;0.105557;5.29184e-06
1.11585e-07;0.994398;2.16782e-08;1.2123e-05;9.34329e-05;3.12702e-05;3.95363e-09;0.0032418;2.6696e-08;1.82981e-06;4.05958e-07;0.000239191;0.000147097;0.00183505
6.27842e-05;0.00612813;0.000277656;0.000275618;9.13697e-05;0.0315199;0.000396178;2.28074e-05;2.92492e-05;0.0012172;0.00167069;0.353435;0.604712;0.000161156
3.33878e-05;4.26831e-05;0.989959;2.94296e-05;1.1654e-06;9.78342e-07;0.0031691;7.5639e-08;2.43557e-06;0.00608511;3.23509e-05;0.000641865;1.89405e-07;2.39818e-06
6.53837e-06;7.2103e-05;0.999595;8.90314e-06;1.80773e-07;2.03679e-07;4.25431e-05;1.64099e-07;7.69325e-05;3.9671e-06;0.000190983;2.18448e-06;2.32869e-07;2.19911e-08
1.80651e-07;0.999868;9.79654e-07;1.74411e-06;2.26417e-07;1.67319e-08;8.52786e-09;1.14588e-05;9.30094e-09;5.69651e-08;2.71596e-08;2.589e-05;9.14562e-05;1.36443e-08
5.16494e-06;0.986081;1.28234e-08;1.00211e-05;2.21894e-06;1.94322e-06;5.06476e-07;0.000722457;6.88267e-06;5.25433e-07;2.22959e-05;0.0003789;0.0127174;5.05718e-05
3.09159e-06;0.999562;4.28119e-07;1.38361e-06;3.0937e-07;4.44645e-09;1.1767e-05;1.73979e-05;5.30617e-07;1.30591e-06;1.94188e-05;0.000360664;4.44214e-06;1.75724e-05
3.58255e-05;0.320708;3.57088e-06;3.14945e-05;6.15603e-06;3.46103e-05;0.000125163;0.000147661;7.73215e-06;6.65879e-06;6.07851e-05;0.648108;0.0303318;0.00039226
2.06267e-06;0.9896;3.87258e-08;7.63034e-07;4.59464e-07;2.66156e-06;4.21501e-05;0.00616737;8.89488e-07;7.25091e-06;5.63211e-07;1.44027e-07;0.00371034;0.000464759
9.10352e-10;9.76816e-09;0.999998;1.52274e-09;5.02553e-10;6.51564e-11;8.62197e-11;4.12948e-10;6.9537e-11;3.41248e-10;4.50085e-10;1.99472e-06;2.93525e-09;6.00731e-11
2.62375e-05;0.158547;0.000251536;0.000124125;0.00293903;0.000812668;5.62772e-06;0.829387;0.00128877;1.53595e-05;8.06714e-05;0.00202784;0.00170756;0.00278599
5.63663e-06;0.98466;6.50061e-06;6.73818e-07;6.19769e-05;6.03669e-05;1.61022e-06;0.00121001;8.62184e-08;8.97293e-05;2.44087e-07;0.000502463;0.0133165;8.41264e-05
4.43787e-05;0.260988;4.36903e-05;0.000122548;0.000424305;7.22976e-05;1.08769e-06;0.000143195;1.20112e-06;2.93574e-05;5.71476e-05;0.728011;0.00795608;0.0021059
2.98608e-05;0.382639;1.86563e-08;5.31698e-05;0.000870602;0.000303122;3.37354e-06;0.613879;5.18031e-06;2.20998e-05;2.8749e-06;0.000839596;0.000202711;0.00114945
3.85458e-05;0.11658;8.68575e-07;1.43925e-05;0.000117663;0.000556885;1.32753e-05;0.278175;3.44268e-07;2.19115e-05;2.90278e-06;0.00290583;0.601372;0.000200556
0.000132864;0.00263301;3.27021e-06;0.000407408;0.000462515;4.56484e-05;1.02627e-05;0.106955;6.2252e-06;4.73262e-06;3.72174e-05;0.00188451;0.887308;0.000109912
7.78869e-05;0.0019007;5.4844e-05;3.50066e-05;8.5231e-07;4.39131e-07;2.75538e-06;8.28445e-05;4.49246e-05;1.50702e-06;1.08772e-05;0.997622;0.00016465;1.04408e-06
0.000301366;0.974953;3.26973e-05;0.000127983;3.78408e-05;0.000113388;0.000110802;0.0201918;6.20127e-05;0.000177484;0.000110104;0.000153955;0.00175567;0.00187183
0.00148977;0.105708;0.0250007;0.013292;0.00252091;0.000761515;4.5945e-06;0.0118251;8.96796e-06;0.000201621;0.000378999;0.655126;0.183362;0.000319576
0.0512982;0.217555;0.0282145;0.00127441;0.000537563;7.93856e-05;0.000315002;0.364781;0.00605289;0.00609117;0.189036;0.0711242;0.0634888;0.000152801
4.07061e-08;0.000305014;1.20555e-08;5.83598e-08;2.46747e-09;4.69822e-08;0.931847;1.24695e-09;1.011e-07;0.0678171;1.80637e-06;4.80441e-11;1.53768e-08;2.86155e-05
7.27207e-11;8.66328e-13;1;2.25353e-10;3.16908e-13;2.22634e-12;3.12879e-09;7.9137e-14;1.32457e-09;1.23636e-10;1.34985e-08;3.16822e-11;3.75643e-13;3.11118e-14
