3.48721e-07;0.99626;1.05987e-09;7.04602e-09;2.98943e-10;3.68841e-09;1.05123e-06;4.29306e-07;1.77637e-07;4.23951e-09;3.8184e-07;5.01373e-06;0.00373291;1.07319e-09
0.000168081;0.120198;0.00174564;6.2655e-05;0.00602338;0.00195421;3.1652e-06;0.211153;1.60395e-05;8.42164e-05;7.4241e-06;0.643603;0.000346303;0.0146346
5.72591e-06;0.903819;2.43356e-06;3.73638e-06;0.00037916;0.000139611;1.48704e-07;0.000741187;8.88456e-07;6.03434e-07;3.90613e-06;0.0899945;0.00446605;0.000442871
2.29385e-05;0.0280874;1.78744e-05;7.52161e-06;6.08576e-05;4.76654e-06;8.77609e-07;0.00297608;1.91339e-05;8.41443e-07;1.25958e-05;0.956307;0.0124531;2.94736e-05
9.07845e-05;0.982089;4.80164e-05;9.12311e-06;2.40772e-05;5.13548e-07;8.35196e-07;0.00248822;0.000126247;1.32803e-06;1.40855e-05;0.0142052;0.000893193;9.54201e-06
0.000156873;0.318267;5.98447e-10;1.46316e-05;5.52629e-05;5.07337e-05;9.23438e-05;0.0972937;0.000169164;0.0001104;3.37281e-06;2.77454e-06;0.583769;1.46805e-05
3.10573e-08;8.33153e-09;0.999999;3.08007e-08;3.13737e-11;1.54413e-10;1.05457e-08;1.4742e-10;3.09514e-08;6.60666e-09;1.68467e-08;6.79571e-07;8.41532e-09;5.23861e-12
2.81169e-06;0.000473517;1.87694e-06;1.69737e-05;1.78867e-05;9.0168e-06;1.8769e-07;0.00370515;0.000263046;3.54009e-07;1.437e-05;0.995457;2.05142e-05;1.71951e-05
3.2045e-07;0.998305;3.46119e-09;5.15731e-09;9.74649e-09;2.66742e-07;1.76547e-07;2.80042e-07;6.18808e-09;1.24021e-08;2.61009e-08;7.34867e-06;0.00168668;2.26358e-08
4.35691e-07;0.000294765;0.000108392;2.93713e-06;0.000855448;0.000108113;7.55646e-09;0.00236319;7.77694e-08;1.48858e-07;1.88647e-07;0.995671;0.000123493;0.000471508
9.24155e-05;0.847922;5.02919e-06;0.000167857;1.22677e-05;0.000261648;1.1059e-05;0.0952129;0.00149999;5.00299e-07;3.378e-05;1.6008e-05;0.0547169;4.76233e-05
6.50454e-05;0.294821;4.53445e-07;1.89253e-06;9.24467e-05;0.00015342;1.39883e-09;0.255613;2.61824e-07;1.3491e-07;1.13214e-09;0.00103988;0.448193;1.9668e-05
8.95841e-06;0.965147;5.53167e-07;4.90097e-05;2.58995e-05;6.79963e-06;2.9896e-05;7.25063e-05;1.06616e-07;0.002066;3.96918e-08;8.5805e-05;1.72704e-05;0.0324902
4.48549e-11;2.13082e-12;1;5.6847e-11;6.14467e-12;2.91569e-12;6.72459e-10;9.50353e-13;2.28646e-11;6.68405e-12;6.47536e-11;4.51903e-10;1.3141e-11;3.57934e-15
1.63087e-07;0.00135958;3.46555e-07;1.17842e-06;3.56166e-08;2.80952e-07;0.994513;1.22432e-08;1.11274e-05;0.00409842;1.26904e-05;4.61142e-09;1.46551e-08;3.24725e-06
4.86879e-10;8.01675e-11;1;7.26552e-09;1.57635e-10;3.54241e-10;7.44825e-08;1.85399e-12;1.00452e-07;1.08534e-09;7.25915e-08;3.77984e-10;1.83504e-12;1.66897e-11
3.73728e-07;0.997897;5.64497e-07;5.74459e-07;7.7298e-08;2.98649e-08;4.09495e-07;3.52158e-05;4.08626e-08;1.09769e-07;3.16832e-08;1.69389e-07;0.00206492;4.0223e-09
0.000100378;0.857552;4.05228e-06;0.000384166;0.00229283;0.000643575;3.24447e-05;0.0749515;0.000428748;0.000322216;0.000173351;0.0138407;0.0438;0.00547368
3.82183e-05;0.991414;3.18843e-05;4.82903e-05;1.07934e-06;1.11756e-07;5.09353e-05;0.000165566;0.000165387;1.98329e-05;0.000275241;0.00764707;0.000141647;1.35786e-06
9.53335e-05;0.960729;4.08699e-09;0.000316477;6.81024e-05;5.9852e-06;1.67354e-05;0.000719007;0.000382553;2.32248e-05;0.000375742;0.025086;0.0112699;0.000911965
0.000184648;0.050324;4.27516e-05;1.59015e-06;6.85222e-06;2.82084e-06;1.59565e-07;0.805344;1.44954e-05;3.03015e-07;8.54908e-06;0.0443838;0.0996816;4.10127e-06
2.28141e-06;0.978569;2.30766e-07;9.46004e-06;2.95013e-06;4.36095e-06;0.00114336;1.03519e-05;2.30496e-07;0.0165318;3.40781e-07;1.66133e-06;2.6474e-05;0.00369723
8.13506e-09;1.09094e-09;0.999993;1.0815e-08;7.16656e-10;7.969e-10;7.98581e-09;1.02907e-11;1.28832e-08;1.24821e-09;2.12077e-08;7.28829e-06;1.77847e-09;1.75072e-11
0.000402018;0.201475;0.00024198;7.03749e-05;0.000127982;0.00661073;2.38708e-05;0.745356;0.00175886;3.92602e-05;0.000628308;0.00461314;0.0381708;0.000481346
2.09253e-06;0.994333;6.22553e-08;2.98838e-07;1.28229e-08;6.08992e-07;0.00497632;3.29607e-06;8.57248e-07;0.000167089;2.74491e-05;1.55179e-06;0.000485637;1.87666e-06
6.22783e-09;1.83025e-08;1;1.02569e-08;6.7348e-10;6.64574e-09;3.96771e-08;2.15917e-10;8.81677e-09;2.66602e-09;4.35396e-08;2.97414e-08;1.53372e-09;4.56965e-09
2.28271e-07;0.99993;1.25261e-08;3.7479e-10;1.42853e-10;5.5425e-10;5.24461e-07;6.17661e-08;1.318e-08;5.80824e-09;9.78441e-09;2.29311e-05;4.60678e-05;2.87899e-09
5.22122e-07;0.0096023;7.90733e-07;4.4875e-06;0.000284309;0.000425212;6.01808e-09;0.0124242;1.14024e-06;1.9515e-07;6.78523e-07;0.91196;0.000312071;0.0649844
5.03821e-10;0.999993;1.01043e-11;7.56375e-10;6.73106e-10;7.42369e-10;2.29309e-08;5.62677e-08;3.63617e-12;3.31008e-09;2.43159e-10;2.67987e-11;6.84454e-06;1.22586e-07
2.44652e-10;8.06674e-10;1;1.58258e-10;1.70751e-11;1.51279e-11;4.08553e-10;3.24441e-10;2.55408e-11;1.68908e-11;5.52822e-11;3.49177e-07;6.84752e-10;5.91742e-13
1.91239e-07;0.018804;7.36717e-07;2.6554e-06;6.89503e-09;6.90624e-08;0.977063;6.04134e-07;9.35057e-06;0.0040958;1.97747e-05;1.71669e-08;7.34916e-07;2.82176e-06
2.67129e-11;4.21601e-12;1;7.69013e-09;3.51078e-11;7.51656e-11;8.01934e-09;1.07417e-12;4.81979e-10;3.70644e-10;3.17061e-09;5.27628e-10;4.10395e-13;1.65402e-12
6.9533e-07;0.996394;9.66003e-08;2.97651e-05;9.05305e-07;2.30655e-06;2.78352e-06;0.00151189;4.40313e-08;6.23073e-07;7.22151e-07;3.537e-08;0.00205648;1.09036e-07
9.96861e-05;0.161692;0.000298826;0.000465836;0.000468814;0.000281418;1.51769e-05;0.025511;1.21612e-05;1.72784e-05;0.00204017;0.0851736;0.722909;0.00101517
1.12428e-05;0.971221;2.18774e-05;0.000132842;3.67429e-05;1.20909e-05;0.000483872;0.000672774;1.13607e-05;0.000103586;0.00160677;0.000173534;0.0254622;4.9893e-05
0.000590217;0.0411026;0.00257412;0.05439;0.0342692;0.000147997;0.000129714;0.4418;0.00190341;9.08025e-05;0.0374022;0.374689;0.00840617;0.00250473
0.000108733;0.926347;5.73594e-05;0.000104411;0.000143981;0.00242635;4.29598e-07;0.0422838;1.3587e-05;2.06322e-05;4.58083e-05;0.000759113;0.0272402;0.000448364
1.95372e-05;0.983086;1.8835e-06;2.23458e-06;8.09238e-07;2.97265e-06;4.5311e-05;0.000611305;3.58653e-07;3.27973e-05;3.26369e-05;4.32733e-06;0.0160661;9.41509e-05
7.9238e-09;2.38117e-09;1;3.14704e-09;2.0696e-09;3.38753e-10;1.18507e-09;7.01294e-09;4.93443e-10;1.61049e-09;2.31661e-09;3.0265e-07;9.89102e-09;2.48107e-10
0.000351062;0.662555;0.000201448;0.00958198;0.00502365;0.0012075;0.000103877;0.0829534;0.034758;0.000167269;0.0713541;0.00675191;0.124778;0.0002117
4.1291e-07;0.997455;0.0012878;3.3093e-05;1.57437e-06;2.32018e-07;3.22989e-06;4.37595e-08;4.71481e-10;7.26507e-05;3.52069e-08;5.33928e-05;2.0547e-07;0.0010921
5.1909e-10;4.3425e-10;1;1.27689e-09;1.33932e-10;8.45724e-12;5.52198e-09;5.18638e-11;2.38966e-11;1.33104e-10;5.55023e-09;1.4708e-07;8.01484e-11;6.64196e-12
1.18458e-05;0.0245722;5.15021e-07;0.000285646;0.00485939;0.000336345;0.000741742;0.842592;0.00572526;0.000260651;0.102281;0.0133042;0.00476468;0.00026426
9.82017e-05;0.707695;0.0691714;0.0216866;0.00198751;0.00263686;0.000252287;3.20562e-05;0.000144083;0.00292745;0.105935;0.000445997;0.0841771;0.00281097
0.000217037;0.365477;0.00577405;1.59072e-05;6.90615e-06;1.46171e-07;7.89786e-06;0.000232333;4.25213e-06;1.7122e-06;0.000123048;0.62553;0.00260706;1.96454e-06
0.000720179;0.0857999;0.000123906;0.000553241;0.00826017;0.0031519;0.000745685;0.00360441;0.0428588;1.62739e-05;0.0473616;0.219255;0.58729;0.000259232
0.00038869;0.78034;1.37887e-05;7.02961e-06;5.60079e-06;4.15152e-08;2.46804e-06;0.190388;0.000278277;5.682e-07;0.000827061;0.026831;0.000917097;8.84418e-07
0.000113112;0.877242;1.86814e-08;0.000116783;0.00051311;5.93935e-06;1.68264e-07;0.0746103;0.00122359;2.14051e-06;0.000197335;0.00622707;0.0395865;0.000161897
6.14097e-06;0.761397;3.74557e-10;1.05911e-07;0.000129572;1.53207e-07;6.39918e-07;0.238339;4.20808e-05;2.42459e-06;2.19115e-06;2.90394e-05;4.1069e-05;1.00931e-05
2.35459e-06;8.13282e-05;0.398638;5.10957e-06;0.000252337;3.14366e-05;1.45778e-07;3.52261e-06;7.3103e-08;1.74294e-05;4.97658e-07;0.600931;2.9476e-05;6.80341e-06
1.59079e-06;0.951948;9.75779e-09;1.14448e-08;2.82956e-07;2.30291e-07;3.69872e-05;0.0477438;2.72607e-05;1.03145e-07;2.48995e-06;4.01997e-10;0.000238599;6.76658e-07
8.04349e-09;4.47185e-09;0.999999;2.81431e-09;8.27476e-11;6.24094e-12;4.47082e-09;4.21907e-10;1.48749e-07;4.22381e-10;3.19193e-08;9.94701e-07;2.60217e-10;6.76e-12
6.70286e-05;0.194601;0.00219467;3.78315e-05;0.000391214;9.95027e-06;2.20425e-06;0.0173689;0.00147322;2.58587e-06;2.17122e-05;0.782704;0.000655251;0.000470722
8.3212e-06;0.985591;3.46071e-09;2.21935e-06;0.000519174;5.77704e-05;5.07851e-07;0.00731056;0.000120074;3.18987e-06;1.13919e-05;5.33424e-06;0.00631467;5.5711e-05
2.50859e-05;0.0572549;0.000325298;4.90051e-06;0.00349887;2.51939e-06;2.69882e-09;0.0196301;5.20127e-08;4.16034e-07;9.87534e-08;0.918429;0.000736476;9.23344e-05
5.22393e-06;0.00306372;1.27961e-07;9.3931e-07;0.000684094;7.23142e-08;2.35934e-08;0.996147;1.72983e-05;4.00924e-08;2.98637e-08;1.06482e-07;8.13694e-05;3.56373e-07
0.00287055;0.685581;0.0457219;0.000752387;0.0137303;0.00257563;1.50122e-06;0.0189017;6.33541e-06;0.00103276;6.59264e-07;0.206472;0.0189041;0.0034499
7.83348e-05;0.127955;0.000169291;1.13915e-05;7.30617e-05;2.25233e-06;2.65712e-06;0.447164;0.000290171;2.35245e-07;9.24402e-05;0.423146;0.00101212;3.23886e-06
1.86893e-06;0.985233;2.10586e-06;3.8349e-07;4.07887e-08;3.75971e-08;0.0137108;6.53827e-06;1.94741e-06;0.00102981;4.37215e-07;3.8179e-08;9.28408e-06;3.57736e-06
2.59291e-09;4.39599e-10;1;3.12448e-08;1.16519e-09;4.32499e-10;9.03648e-09;2.57987e-11;1.29453e-08;2.85364e-09;6.76163e-10;1.02088e-07;1.81471e-11;7.68613e-11
0.00793473;0.179713;0.000184715;0.000133309;0.00055145;0.000470009;0.000241656;0.772858;0.0273353;2.33911e-05;0.000754297;0.00292128;0.00664566;0.000232981
1.45616e-05;0.132479;2.42075e-08;3.17394e-07;1.25006e-09;3.58665e-09;0.861097;2.9346e-07;3.57479e-05;0.00631921;1.6798e-05;1.92663e-07;1.33772e-06;3.63152e-05
4.60503e-09;2.98952e-10;0.999999;4.28478e-09;2.9891e-11;1.07822e-10;8.71088e-08;9.48282e-11;4.10099e-07;2.47489e-10;6.34772e-08;3.1655e-09;1.17838e-10;1.13761e-11
9.07159e-07;0.999199;1.83079e-10;1.12772e-08;8.96731e-10;1.65978e-09;6.37645e-06;3.60919e-07;1.29311e-05;1.70365e-08;1.98921e-06;1.9491e-05;0.000759253;2.29803e-09
2.38269e-06;1.17984e-05;4.64775e-09;1.00304e-07;2.87676e-07;2.81226e-08;4.29808e-07;0.999674;0.000208787;2.01021e-08;5.93742e-06;9.55695e-05;5.62507e-07;2.48102e-08
1.86964e-06;0.85939;2.77474e-06;1.421e-05;2.04525e-05;0.000638986;3.9902e-08;6.54038e-05;8.78968e-07;1.05976e-05;4.08286e-07;0.00260709;0.0103741;0.126874
0.000845676;0.0178244;1.43798e-06;0.000390812;6.7374e-06;4.67923e-05;0.000102472;0.210157;0.00825116;1.06934e-05;0.046086;0.000651786;0.715266;0.000358174
0.000815877;0.557806;3.16974e-05;8.19131e-05;2.16753e-05;5.03384e-06;2.27734e-05;0.0859532;0.000306502;3.83916e-05;0.000218957;0.349852;0.00471325;0.000132033
8.48096e-07;0.967266;9.31837e-07;5.59778e-08;3.39951e-08;2.66722e-07;3.81711e-06;0.0276165;6.41877e-08;3.88822e-06;3.37594e-07;8.06551e-07;0.00510608;6.92576e-08
8.55914e-12;2.47357e-11;0.999999;9.94288e-09;1.62834e-10;8.77215e-10;1.05294e-09;1.22022e-11;5.90329e-12;3.95539e-09;3.82859e-10;7.98881e-07;1.52541e-10;2.48793e-11
1.8503e-07;2.03955e-06;0.99454;0.000124334;0.000110064;6.20258e-05;1.949e-05;0.00500729;3.16466e-06;1.38716e-06;5.29877e-05;5.68436e-06;1.52072e-06;6.96267e-05
5.70434e-07;0.000500513;0.000434901;1.06924e-05;0.000220113;0.00364881;8.39005e-09;0.000101917;1.21193e-07;1.5594e-06;7.58961e-07;0.000231551;9.11714e-06;0.994839
1.90767e-06;0.000469252;2.00982e-09;4.97508e-07;2.86842e-06;4.87821e-06;2.43737e-08;0.97951;8.10353e-07;1.31916e-08;2.24725e-05;1.23083e-05;0.0199739;1.0063e-06
2.15496e-06;0.741227;1.21238e-07;1.82395e-06;8.27231e-06;2.00816e-06;3.25881e-07;0.256282;6.71035e-06;1.60414e-07;8.91416e-06;1.21741e-05;0.0024433;4.86627e-06
3.48179e-07;0.0404896;6.47571e-10;3.46431e-06;1.886e-06;1.63253e-06;1.3871e-08;0.0156641;9.72051e-08;5.67238e-07;1.52158e-06;0.943478;0.000353784;5.17919e-06
1.31468e-05;0.996308;6.20978e-10;2.93552e-08;8.90519e-09;8.67203e-08;1.364e-05;5.50957e-07;2.50141e-07;8.94255e-08;1.02961e-05;2.07907e-05;0.00363321;3.17218e-08
5.33727e-05;0.000662444;7.63064e-08;8.12503e-07;6.37147e-05;1.0158e-07;7.14005e-07;0.000357775;3.65493e-06;7.68168e-08;2.46005e-06;0.998727;0.000126885;7.43407e-07
0.0003643;0.93281;3.43008e-06;1.37913e-06;0.0011323;1.91057e-06;1.48803e-07;0.0151987;2.23129e-05;3.91591e-08;2.49102e-08;6.02925e-05;0.0499643;0.000440893
8.36941e-05;0.207195;5.79917e-05;3.93598e-05;2.59648e-05;0.00034884;5.02954e-07;0.0498708;0.000205012;1.45552e-06;2.45321e-06;0.000833776;0.692846;0.0484887
3.18683e-05;0.00497941;1.11581e-08;6.73028e-05;0.000107997;0.000121209;2.31344e-07;0.129462;4.52916e-06;1.89734e-07;3.60752e-05;0.000211635;0.862253;0.00272487
2.03644e-05;0.000615918;3.325e-08;2.44657e-06;3.74834e-07;1.95395e-07;1.53135e-07;1.50837e-05;2.75754e-06;1.83512e-07;1.85618e-05;0.998527;0.000759942;3.71708e-05
5.35256e-07;0.998415;1.52856e-07;2.27786e-07;8.74244e-09;4.28179e-08;0.00127093;2.50013e-06;4.40536e-08;7.03648e-05;2.52033e-07;3.70124e-07;6.89969e-08;0.000239955
1.01278e-10;7.35826e-11;1;3.88175e-09;1.2993e-11;4.44504e-12;9.42731e-10;8.11577e-13;1.28575e-09;2.76844e-10;1.20909e-08;2.07603e-08;3.51112e-13;5.62582e-12
1.34381e-06;0.986877;3.92523e-08;2.95572e-06;2.72234e-07;3.83654e-07;1.00746e-07;2.47006e-05;7.62944e-09;1.97846e-07;3.07995e-07;5.38971e-08;0.0130923;3.83534e-07
5.84598e-08;0.000177012;8.76426e-06;2.67896e-08;7.95651e-10;2.2991e-11;5.0456e-09;4.28614e-05;7.75629e-09;1.45946e-10;2.17341e-06;0.999769;6.6052e-08;6.49359e-09
5.62739e-08;0.990488;4.10827e-08;9.34145e-06;0.00100094;6.38574e-06;8.55366e-10;0.00753049;2.58182e-09;3.80739e-08;9.51896e-08;1.38672e-06;0.000395409;0.000567772
5.47527e-09;2.1639e-08;3.20314e-10;3.25395e-10;5.72208e-11;1.77448e-07;1.59557e-10;2.0146e-10;2.35449e-09;3.61839e-10;4.74956e-09;8.68085e-10;1;4.58519e-11
1.74982e-07;1.32588e-05;0.999986;1.16892e-07;1.16696e-08;4.4269e-09;1.89072e-09;9.26215e-08;5.07073e-09;4.52557e-07;1.27408e-09;1.31901e-07;8.29687e-09;6.76353e-09
1.13995e-06;0.997014;1.7494e-05;2.33396e-05;2.88961e-06;1.07912e-06;1.39137e-06;0.00207771;4.71754e-05;1.66833e-06;7.94906e-05;1.74719e-05;0.00067508;4.02669e-05
