1.83705e-05;0.682254;8.83878e-07;6.58513e-07;2.82578e-05;1.14541e-06;5.60204e-07;0.305634;6.5244e-07;4.19457e-07;7.05135e-07;0.000922163;0.0109766;0.000161987
6.55535e-06;0.648631;7.36252e-05;2.24975e-06;0.0128526;3.89908e-06;1.85634e-07;0.0126007;3.26475e-07;3.98658e-07;9.05973e-08;0.00178212;0.28645;0.0375963
3.15233e-05;0.126906;0.0654213;0.000359624;0.0495352;0.0207333;2.73652e-05;0.0520979;6.42804e-05;0.000301077;0.000516815;0.493216;0.122239;0.0685508
2.91227e-05;0.00490138;5.57921e-08;3.93204e-05;9.46844e-05;0.000148378;2.09001e-06;0.00817772;9.53717e-06;5.86946e-07;0.000416257;0.000152049;0.984688;0.00134098
1.20641e-05;0.0012135;6.30886e-08;3.16391e-07;2.20302e-06;7.09474e-08;8.83455e-09;0.000218208;1.0707e-06;1.62075e-08;8.68276e-07;0.997927;0.000615127;9.63189e-06
7.32122e-07;0.998647;6.93271e-06;1.49587e-08;1.30493e-08;6.19492e-09;1.7823e-08;5.0331e-05;2.83536e-08;1.24058e-08;6.50579e-08;0.000562962;0.000732062;8.49227e-08
4.67556e-08;0.00133796;9.18467e-08;1.63523e-06;8.44031e-06;2.8875e-06;8.05818e-05;4.14077e-06;6.28654e-09;0.00462665;4.71162e-08;6.47552e-06;7.29041e-10;0.993931
1.33533e-05;4.49164e-05;0.998041;3.52851e-05;2.1181e-07;4.85391e-07;0.000767418;0.000931902;1.97545e-05;5.19984e-06;0.000131053;5.85108e-06;3.80731e-06;2.13406e-09
0.000186116;0.118121;0.0135425;0.000156671;7.16256e-06;9.99414e-06;0.000281337;0.000171608;4.79775e-06;8.39697e-05;0.000184253;6.99594e-06;0.867242;1.60775e-06
8.16859e-06;0.997034;2.44596e-09;2.00669e-07;4.2099e-08;1.204e-08;0.00283385;3.02897e-05;1.58843e-06;1.55665e-05;1.53245e-06;3.75426e-06;8.70036e-06;6.27191e-05
6.38877e-11;1.86011e-10;1;5.72516e-12;6.64335e-10;3.71614e-12;1.93641e-10;6.46774e-13;1.16309e-11;6.49014e-12;1.08534e-12;8.63227e-11;1.35411e-11;2.45035e-11
6.74962e-05;0.0220964;7.16761e-08;3.35177e-06;0.000593351;0.00599899;3.63299e-05;0.000861842;0.00181403;4.345e-06;8.41627e-05;0.00668653;0.961651;0.000102022
2.48404e-05;0.000425287;0.946341;3.45819e-06;3.8182e-07;7.6421e-07;0.00240237;1.2066e-08;6.76735e-07;0.00136253;5.96858e-07;0.0492184;8.79498e-07;0.000218887
4.91494e-07;5.0961e-06;0.999963;1.31894e-07;3.29338e-09;8.45198e-09;1.28061e-05;3.10544e-09;4.56881e-06;3.24587e-08;1.45285e-06;1.04884e-05;1.53803e-06;1.76404e-09
2.89486e-06;0.968448;2.86784e-06;3.06161e-05;1.78037e-07;3.7632e-06;6.90121e-06;2.95499e-05;9.80232e-06;1.02874e-05;5.29758e-05;1.48072e-06;0.0313999;1.06834e-06
2.29716e-07;0.00035613;0.005649;1.22908e-06;1.15706e-06;6.28853e-09;2.40168e-08;5.08714e-06;1.02283e-07;6.80631e-09;1.49614e-07;0.993965;9.68912e-08;2.18649e-05
3.01718e-05;0.939804;1.94031e-05;1.17162e-06;0.000136533;0.00018434;9.91808e-05;0.0102864;7.33818e-05;1.36832e-06;1.0991e-05;2.05865e-05;0.0493312;1.70109e-06
4.59255e-07;0.000958905;4.3865e-09;3.89708e-08;1.28097e-06;1.8049e-06;2.78183e-09;0.00562963;2.59773e-07;2.18659e-09;1.3342e-07;5.74909e-05;0.993346;3.85396e-06
0.000184453;0.0445544;5.22112e-06;5.4733e-06;0.000341656;0.000110447;3.3143e-05;0.0226348;6.30411e-05;0.000151608;6.89228e-06;0.0132598;0.918559;8.97234e-05
3.06716e-08;1.51219e-08;0.999999;6.79821e-08;8.98612e-10;6.8714e-10;3.17533e-08;5.10534e-09;1.78256e-07;6.3427e-09;4.54886e-07;5.60547e-07;1.36342e-09;4.01581e-10
5.8337e-07;0.000506766;0.00270681;8.16419e-07;3.75581e-05;5.98978e-07;1.12166e-07;0.00190638;3.15871e-08;6.53792e-07;1.07664e-07;0.000188507;2.41707e-05;0.994627
2.09427e-07;3.71311e-05;7.04268e-10;1.57121e-06;0.0307507;3.19408e-05;6.44391e-07;0.969143;1.34161e-05;1.32758e-07;3.57767e-06;2.7778e-06;9.19731e-06;5.8122e-06
2.91134e-09;1.15853e-06;0.999994;2.04483e-06;1.48457e-06;3.55825e-08;3.22536e-09;1.31651e-09;2.47072e-11;1.808e-09;1.12446e-07;9.53231e-07;5.43982e-07;5.67887e-08
2.00561e-06;0.277826;4.57799e-09;2.8376e-09;6.82079e-06;7.23564e-10;1.76351e-08;0.72199;2.68932e-09;2.02471e-09;1.01335e-08;6.49401e-06;0.000160851;7.32522e-06
5.10647e-06;0.0173128;0.933286;1.53475e-05;0.00640295;0.00178634;6.96444e-08;3.20685e-05;4.31239e-08;1.03046e-05;2.49974e-07;0.0266655;0.01294;0.00154286
1.0873e-05;0.000380078;4.10306e-09;2.78094e-07;0.000149762;9.37493e-07;4.79619e-08;0.998376;3.44737e-05;1.06858e-08;5.24436e-06;5.90654e-05;0.000977116;6.30856e-06
4.85202e-06;0.954405;0.000191638;9.02242e-07;2.4446e-07;1.36545e-07;2.55358e-09;1.17661e-05;2.8862e-09;7.33526e-08;6.66305e-09;1.17435e-05;0.0453707;3.18536e-06
0.000129031;0.072533;1.37713e-05;7.28947e-06;9.00312e-06;1.34398e-06;7.67036e-08;0.00788105;3.03142e-05;2.48276e-07;7.26709e-05;0.916734;0.00131992;0.00126809
2.02502e-05;0.276939;3.05424e-06;5.58769e-05;0.00202329;7.61268e-05;5.29978e-07;0.0200603;2.27444e-06;1.77363e-06;0.000152827;0.531627;0.168484;0.000553896
1.20326e-08;8.03092e-06;1.77009e-09;1.75211e-08;9.00768e-10;5.65492e-06;3.5582e-09;4.45173e-08;3.8843e-08;5.73358e-09;5.2882e-07;9.78291e-08;0.999986;2.21221e-09
4.70401e-09;2.98722e-07;0.999999;1.08934e-08;7.94684e-10;4.70839e-10;1.75682e-10;8.27401e-10;1.42823e-10;2.40556e-08;4.5492e-10;1.19928e-06;4.97994e-09;4.35241e-10
4.50898e-07;0.995148;1.39568e-05;1.71355e-05;1.59648e-06;6.71704e-07;1.57841e-06;0.0031925;2.45512e-05;8.97702e-07;0.000217954;3.40103e-05;0.00133655;9.72945e-06
