1.7531e-07;0.999858;1.00822e-05;7.07436e-07;1.46443e-07;2.0547e-07;2.0785e-07;3.41165e-06;1.13089e-09;7.73166e-07;2.77158e-09;1.89738e-08;0.00012627;2.84208e-07
3.0049e-09;2.03188e-08;0.999997;2.59358e-08;1.07574e-10;6.93163e-10;1.53822e-09;1.03795e-10;1.71346e-09;1.33435e-09;6.86757e-09;2.56915e-06;1.65314e-09;5.97676e-11
3.46349e-07;0.000114796;0.00829941;1.09264e-05;6.08781e-06;3.10959e-06;3.83013e-08;0.00137684;1.46787e-05;9.76317e-08;2.10158e-05;0.990114;7.27187e-07;3.74391e-05
7.84364e-07;0.981611;6.10624e-07;9.87503e-07;6.94341e-06;8.84555e-05;1.92481e-06;0.00397415;9.18767e-07;2.09984e-07;8.28504e-06;7.34871e-07;0.0141555;0.000149172
8.9996e-06;0.0436821;0.000197596;5.57364e-05;0.137523;0.0277263;4.2652e-06;0.248523;2.08733e-05;9.2494e-05;5.49262e-05;0.418386;0.00432026;0.119404
2.03624e-05;0.329228;1.01858e-06;1.74395e-05;0.000576925;0.000255349;1.29127e-07;0.332828;3.49674e-05;4.007e-08;5.5651e-07;5.47064e-05;0.336885;9.72354e-05
2.62601e-06;0.991888;0.00532725;2.7086e-06;4.89584e-06;7.88584e-07;7.68682e-10;0.00203452;1.65741e-10;4.98735e-07;4.937e-11;9.34877e-06;0.000705891;2.3796e-05
3.88067e-08;4.41223e-06;0.999995;9.99902e-08;1.71574e-09;9.37705e-10;3.65542e-09;1.94253e-08;1.49892e-09;1.57194e-08;6.89013e-09;4.64561e-07;1.31546e-07;1.75279e-09
1.17821e-07;2.56724e-05;0.0131967;1.12151e-06;7.77073e-07;7.7195e-07;1.37383e-08;0.000313078;2.47255e-07;1.23738e-07;2.57865e-07;0.986453;3.98795e-07;8.11266e-06
0.000108827;0.843681;2.5267e-05;8.9865e-06;1.55738e-05;0.000257836;0.00268542;0.0202531;0.000531332;6.04135e-05;0.00450352;0.000160804;0.127626;8.21282e-05
5.77264e-07;0.000873708;1.72367e-05;8.63624e-06;0.00190871;2.67669e-05;1.7599e-07;0.021907;2.31392e-06;3.02861e-06;5.58375e-06;0.973784;0.000402435;0.00106008
2.95535e-05;0.588989;9.57065e-07;0.000257136;0.00108262;0.00300195;3.70445e-06;0.00927156;0.000332642;6.07777e-06;3.5825e-05;0.00106218;0.395287;0.000640302
9.35769e-06;0.992112;0.00128784;1.73988e-06;2.35293e-06;7.67803e-07;2.3857e-08;0.00190874;1.45262e-08;1.43439e-06;3.80388e-10;1.58195e-05;0.00465956;1.26941e-07
3.60327e-09;1.69702e-08;1;2.90758e-08;2.02325e-11;2.656e-10;3.61644e-09;4.86203e-10;5.73664e-09;2.03794e-09;6.01391e-09;1.43336e-07;3.55025e-09;1.53615e-12
2.06082e-08;2.20378e-05;0.998825;1.95028e-07;1.34284e-07;7.47422e-08;7.99522e-10;1.55331e-05;8.6587e-09;8.57316e-09;2.57036e-09;0.0011325;7.57889e-07;3.60152e-06
3.17267e-06;9.24912e-05;8.43079e-07;0.000152486;0.0557416;0.00570177;5.25843e-07;0.0200789;6.76077e-05;1.87385e-05;1.17207e-05;1.25478e-06;1.82883e-05;0.918111
8.16488e-06;0.0013276;0.201496;4.19565e-05;0.337669;0.000427211;5.82763e-11;4.02164e-05;3.1111e-10;1.38659e-07;7.05587e-08;0.457185;0.000217885;0.00158658
9.99435e-07;0.999762;3.42672e-07;5.11596e-10;4.52526e-10;8.53835e-10;3.67044e-07;0.000221231;3.58983e-10;3.29466e-07;1.0385e-10;5.54312e-12;1.49021e-05;1.30876e-07
3.16761e-13;1.35685e-12;1;4.40118e-13;7.68797e-14;1.38926e-12;1.47576e-13;9.88986e-14;1.33109e-14;1.10723e-12;1.89026e-15;5.59683e-10;1.21714e-11;1.63061e-15
3.22047e-05;0.585537;0.00874933;0.00970329;0.00371007;0.00927456;0.000130733;0.257804;0.00180914;9.38001e-05;0.00178668;0.00594961;0.113954;0.00146552
