1.37432e-06;0.998779;0.0011133;7.57327e-06;1.20586e-06;3.26982e-08;5.26461e-08;1.96672e-05;1.08868e-08;1.25296e-07;4.67493e-08;1.4259e-05;6.2551e-05;1.02129e-06
8.79007e-05;0.554619;1.96705e-05;8.51477e-05;4.60636e-05;0.000168117;7.22871e-06;0.249002;9.726e-05;6.5938e-06;0.000153046;0.00687526;0.188406;0.000426386
3.03635e-05;0.855417;0.000509458;0.0130774;0.0248735;0.0131162;0.000164444;0.0192924;0.00121735;0.00166855;0.00449203;0.0452818;0.00391689;0.0169432
0.000645926;0.261981;1.33596e-06;0.000169543;0.0155315;0.0100249;0.0120493;0.413305;0.000889227;0.00185101;0.00312892;0.000124232;0.275145;0.00515288
6.95844e-08;1.20603e-08;0.999997;1.83789e-08;2.70446e-10;3.71983e-10;6.55983e-08;4.21965e-10;5.65493e-08;8.37721e-09;5.11526e-08;2.23355e-06;1.3611e-08;1.08868e-10
1.32066e-06;3.11163e-05;0.998104;1.92661e-05;1.92884e-05;1.58807e-06;1.09075e-07;0.000634359;1.64349e-05;3.82218e-08;4.93655e-06;0.00116533;4.24642e-07;1.71479e-06
1.6788e-07;0.000327068;2.95921e-05;5.01952e-07;0.00030029;0.00658313;1.05278e-10;5.4973e-05;3.00714e-08;2.06249e-07;4.12981e-09;2.52389e-06;1.80585e-06;0.9927
9.57623e-06;0.000691084;6.55069e-09;9.61732e-07;2.442e-05;1.15156e-05;1.44836e-08;0.767891;3.15047e-06;2.0075e-08;2.78402e-05;1.67037e-05;0.231304;1.99389e-05
0.000124297;0.327739;3.46244e-05;2.08705e-05;7.11452e-05;5.87713e-07;5.07649e-07;0.667672;2.55863e-05;6.74942e-06;4.55687e-06;0.00070532;0.00357904;1.53831e-05
2.48117e-05;0.944869;0.000512175;3.84124e-05;1.32355e-05;3.89708e-07;1.55528e-06;0.00035832;2.07247e-06;4.96835e-06;1.2142e-05;0.0453665;0.00874516;5.09948e-05
1.16731e-05;0.882882;4.52083e-09;0.000110912;7.14275e-05;5.87799e-05;0.0887222;0.00282999;1.39977e-05;0.0110149;0.000103309;7.91229e-09;0.0068256;0.00735486
3.01606e-11;2.19473e-11;1;7.9593e-12;7.32909e-13;4.74482e-14;2.57613e-12;1.19616e-13;2.6142e-13;1.01643e-12;5.41346e-12;5.8093e-09;4.39704e-12;2.29627e-15
0.000190259;0.229758;1.49868e-05;0.00605895;0.0110757;0.00138257;4.24344e-05;0.0259484;0.0351761;3.80137e-05;0.194499;0.0559442;0.436623;0.0032484
8.78022e-05;0.870224;2.5609e-06;0.000362005;0.0013516;2.98378e-05;1.15737e-05;0.0881229;0.000103255;1.83343e-05;0.000179027;0.00113871;0.0357303;0.00263797
0.00139665;0.9054;1.53135e-07;0.00042385;0.0039033;4.75136e-06;0.000200043;0.0811576;0.00317;1.95162e-05;0.00400026;6.95284e-05;0.000244831;8.95279e-06
0.000206532;0.0120898;0.0406111;1.93132e-05;0.0014107;9.46041e-05;6.63555e-07;0.000158101;7.54791e-07;2.70632e-05;2.89503e-06;0.943581;0.000554691;0.00124272
5.53311e-05;0.676992;5.87063e-06;1.46088e-05;4.80358e-05;1.67903e-05;6.49786e-06;0.313966;0.000639869;2.47795e-07;0.000133427;0.00249131;0.000262411;0.00536799
4.37332e-07;0.98733;2.52057e-09;1.01526e-08;2.49676e-09;4.98582e-09;2.34854e-07;2.97529e-06;1.14044e-07;2.63753e-09;1.36579e-07;7.78927e-05;0.0125878;8.57087e-10
2.33636e-06;0.48865;0.000669773;7.22083e-06;2.21236e-05;3.30632e-05;2.27374e-07;0.440893;2.79066e-06;6.14387e-07;9.03752e-07;0.0610415;0.00854371;0.000132467
6.82481e-05;0.770661;0.000730228;0.000742114;0.00418185;0.131546;0.00245079;0.0266695;0.00130271;0.000661948;0.00456012;0.00406773;0.015667;0.0366904
1.45201e-05;0.00212175;8.59488e-08;1.72453e-06;5.16599e-07;2.38888e-06;4.99064e-06;0.0065908;4.14234e-06;1.25699e-07;0.000255307;0.000424006;0.990579;1.04497e-06
1.30546e-05;0.995145;1.96765e-05;7.52346e-07;3.46161e-07;2.77526e-07;0.00139871;2.14386e-05;2.47718e-07;0.000622367;3.38187e-07;0.000281258;6.93209e-06;0.0024896
5.0113e-11;1.03127e-09;1;4.49214e-10;1.1811e-10;2.95744e-11;2.76738e-10;1.73234e-10;1.41622e-10;7.81081e-11;4.26462e-10;7.13837e-09;9.42835e-12;1.17371e-11
1.33317e-07;0.986487;1.23099e-07;6.30908e-08;6.27932e-08;2.12403e-08;4.55193e-07;0.000122687;5.37692e-08;9.48021e-08;2.66873e-06;0.000848127;0.0125381;1.5314e-09
1.68392e-06;0.263232;1.10005e-06;2.20496e-05;0.000646233;0.0593837;1.12295e-05;0.340295;2.80236e-06;0.000179076;1.45568e-05;0.287137;0.0381813;0.0108924
1.03986e-06;0.066487;7.53363e-09;8.61823e-05;3.79723e-05;0.000281899;4.12589e-06;0.000984181;9.6694e-07;1.7304e-06;0.000177527;5.46129e-05;0.931675;0.000208244
4.94457e-05;0.000397216;8.93675e-08;2.9704e-06;4.4489e-07;1.54551e-08;3.29895e-06;9.91257e-06;1.7987e-06;6.36519e-07;2.63138e-05;0.998789;0.000717308;1.32211e-06
6.61928e-07;0.999058;6.6543e-09;1.40861e-07;1.79191e-08;1.43045e-08;0.000785674;4.75465e-06;9.05184e-08;9.01655e-05;2.93779e-08;2.62193e-08;8.45261e-09;6.01267e-05
1.03138e-11;4.68751e-12;1;6.16448e-10;4.53807e-11;1.86905e-12;2.26341e-11;2.91001e-13;1.80255e-11;3.23333e-11;5.87758e-11;2.31496e-10;2.55786e-14;2.38111e-12
1.12719e-05;0.973819;2.9863e-05;5.00341e-05;6.62678e-06;2.23365e-05;2.26343e-06;3.84731e-06;3.50036e-07;9.20401e-06;5.0707e-06;3.59739e-07;0.0260027;3.68312e-05
4.20254e-05;0.00706834;4.50763e-05;1.93995e-06;2.73607e-05;1.23434e-05;4.61383e-07;0.00449771;2.81929e-07;4.73957e-07;1.35837e-06;0.953243;0.0350508;8.92497e-06
3.59275e-05;0.0130192;0.0130256;3.79776e-05;0.303738;0.0692255;1.7045e-07;0.190044;9.17504e-08;7.11626e-06;7.88352e-07;0.000197293;0.403582;0.00708674
8.5041e-05;0.00518281;2.47781e-05;7.92425e-05;3.04288e-06;0.00105414;4.19121e-06;0.000204418;0.000577362;2.65438e-06;0.000365744;0.0176217;0.974538;0.000256372
6.21526e-06;0.999442;3.35025e-05;5.1463e-07;9.24801e-09;2.92199e-08;1.52574e-07;1.87992e-05;5.11016e-07;4.13955e-07;1.61495e-06;0.000264434;0.000231516;7.03414e-07
4.33565e-08;0.999842;1.25266e-10;1.1369e-06;6.55562e-07;3.29111e-09;6.95356e-06;1.05506e-07;2.35857e-08;2.79221e-05;1.4083e-07;0.000104199;1.01259e-08;1.66055e-05
1.23275e-06;1.36096e-06;0.999919;5.15612e-07;6.14489e-09;4.18432e-08;2.13575e-06;1.14774e-06;5.06853e-06;3.40996e-08;4.49872e-05;2.08588e-06;2.2639e-05;3.85344e-10
1.6474e-07;0.97409;8.09401e-12;1.56938e-09;5.07142e-06;4.39734e-08;2.33483e-09;0.0258886;1.22031e-08;2.97437e-08;1.20882e-09;7.00757e-07;1.12352e-05;4.45066e-06
2.36168e-06;0.0215978;0.0193034;2.08139e-06;0.00134389;3.2181e-06;1.56723e-08;0.000116608;1.60679e-09;1.104e-05;3.48979e-09;0.957301;1.4729e-05;0.000303973
7.57192e-05;9.5467e-06;5.9782e-07;2.33724e-06;6.25009e-08;1.85151e-06;0.00778653;0.000167622;0.985686;2.39807e-06;0.00550547;4.22746e-07;0.000761004;4.21274e-09
6.60576e-06;0.999315;4.8515e-05;5.46966e-07;8.52278e-08;3.75447e-08;1.37401e-06;0.000404296;3.43696e-07;1.40115e-06;1.42172e-08;1.54681e-07;0.00022073;4.83086e-07
4.50994e-05;0.0627307;1.42559e-07;0.000234189;2.19149e-05;5.92337e-06;9.82794e-07;0.0391649;6.64376e-05;7.28538e-06;0.00019027;0.0121351;0.885397;1.59893e-07
0.000130549;0.990961;0.00599372;0.000455316;2.49789e-05;9.18334e-06;3.82668e-06;0.00112244;1.39781e-06;3.07634e-05;1.67217e-05;0.000887683;0.000323935;3.87402e-05
4.75321e-05;0.260836;7.39501e-08;0.000222293;0.0001155;4.11018e-05;0.000203631;0.0485559;1.51524e-05;2.8876e-05;0.000469673;7.06258e-06;0.688922;0.000534863
2.47192e-05;0.00160907;4.77543e-08;0.534743;0.00958661;0.358789;7.14854e-07;0.00104559;0.00163847;0.000346473;0.0083078;0.0825921;0.000122398;0.00119389
0.000672384;0.99363;2.05782e-06;4.10485e-06;4.12426e-09;9.03675e-08;1.23252e-05;8.86919e-05;3.02749e-05;4.64124e-07;0.00159605;2.49666e-06;0.0039607;5.18341e-09
1.91752e-06;0.998845;7.95648e-10;2.84707e-05;1.4357e-05;4.16329e-07;2.02357e-06;1.2027e-05;1.62577e-07;0.000203086;8.4883e-07;0.000669746;7.45431e-07;0.000221656
1.73211e-05;1.36952e-06;0.999868;5.57834e-06;1.2895e-07;5.90406e-08;1.72819e-06;1.9571e-06;6.29851e-05;4.06373e-07;3.69402e-05;2.66391e-06;3.69485e-07;5.95906e-10
0.000891193;0.971363;5.51159e-06;0.000114091;7.76801e-06;7.30888e-06;1.37492e-06;0.0016894;0.00547599;1.08186e-05;0.00390777;0.000405437;0.0161191;9.30654e-07
0.000485836;0.510986;0.00667641;1.25786e-05;0.000145043;4.42891e-07;3.04239e-08;1.61302e-05;1.23993e-07;6.80995e-06;3.34236e-07;0.475236;1.90908e-06;0.00643226
0.000156077;0.960831;4.59377e-11;6.6594e-07;8.41829e-06;2.28424e-06;0.000523616;0.000744059;2.92324e-06;0.000940984;1.14774e-06;1.3783e-09;3.04976e-05;0.0367581
3.01742e-09;7.34432e-11;0.999999;2.63455e-10;9.44107e-11;5.19942e-11;9.9593e-10;5.18533e-10;4.71588e-10;9.20575e-10;2.96661e-10;6.04854e-07;1.32751e-11;2.73843e-11
8.18972e-05;0.00239501;4.86976e-08;2.32416e-05;8.72332e-05;1.76024e-05;6.22528e-07;0.0351933;0.00369272;3.05218e-07;0.00109108;0.0130339;0.944373;1.0476e-05
1.43403e-06;0.998772;6.80713e-10;4.0811e-09;4.57658e-08;9.33967e-10;3.81833e-07;3.88002e-05;7.65632e-07;6.81408e-09;1.21747e-07;0.00117084;1.56242e-05;3.57109e-09
7.91958e-06;8.64402e-05;0.000648092;1.64665e-05;0.069104;0.0464026;2.0658e-07;0.000325378;1.97957e-06;4.00177e-06;7.71259e-07;0.879905;0.0027352;0.000761857
0.00128693;0.277021;1.29868e-05;0.000102286;0.00273936;0.000307587;0.000680698;0.617114;0.0211095;3.94904e-06;0.0072656;0.0289965;0.0368801;0.00647952
3.1118e-06;0.999046;1.85565e-06;1.93263e-08;2.27649e-08;1.32342e-08;0.00078266;2.38013e-06;3.57674e-08;3.06539e-05;1.07995e-08;2.76372e-08;1.0358e-05;0.000122872
2.10068e-09;1.03772e-10;1;2.07267e-09;2.11081e-09;8.01325e-11;8.7749e-09;2.61041e-11;1.49e-08;1.83685e-09;1.39762e-09;1.28346e-07;1.98137e-11;3.7227e-10
0.00010795;0.198591;3.3585e-05;6.88313e-05;5.34361e-05;2.55784e-05;1.73067e-05;0.000275804;0.000713565;2.75822e-05;7.3001e-05;1.22737e-05;0.799992;8.34333e-06
0.000154624;0.119995;0.0623441;9.57738e-05;0.00403871;4.94092e-06;2.78889e-06;0.0271094;1.10197e-05;1.25704e-05;1.85942e-06;0.780187;0.00105016;0.00499262
0.000141521;0.109449;0.00228319;0.000224321;0.273369;0.358771;4.75723e-05;0.0184809;0.000268498;7.34021e-05;6.18783e-05;0.023202;0.157405;0.0562224
6.53936e-05;0.0549624;6.56578e-07;1.5505e-06;6.92363e-06;2.45584e-05;1.7639e-07;0.13437;4.84039e-06;9.23162e-08;1.08359e-06;0.0265933;0.783945;2.37835e-05
0.000156055;0.0176803;1.4643e-06;6.53053e-06;3.01962e-06;4.83632e-06;4.20025e-06;0.00893974;9.18724e-05;3.08491e-07;0.000245663;0.00208833;0.970757;2.11344e-05
8.7488e-07;0.995811;7.57176e-08;3.57736e-07;1.81111e-09;2.39659e-07;0.000780134;4.22491e-06;5.27492e-07;0.000231862;4.25496e-07;4.8168e-06;2.13027e-07;0.00316567
2.55003e-11;9.65792e-11;1;9.0481e-10;1.42107e-11;3.54489e-11;4.4657e-10;3.72041e-12;8.26498e-10;3.31991e-11;6.4875e-09;3.35266e-08;1.77318e-11;1.42342e-12
5.10247e-07;0.990521;2.4128e-06;1.60022e-06;8.18103e-07;3.16164e-06;3.0867e-08;0.000119897;6.1736e-09;1.17598e-07;2.0705e-07;3.60453e-07;0.00934826;1.80021e-06
1.46425e-09;0.000342996;4.30139e-08;2.50894e-10;3.96415e-11;3.11718e-10;2.4957e-09;2.96782e-08;8.79637e-11;7.36922e-11;2.23182e-09;0.999634;2.32247e-05;9.45778e-11
2.07547e-06;0.0562917;6.22641e-08;8.39393e-06;0.00174982;0.0032398;1.52489e-05;0.799794;4.34893e-05;4.78128e-07;4.77337e-05;1.05703e-05;0.138682;0.000113824
0.000304116;0.133397;5.10828e-06;2.63086e-05;0.000696291;0.00123436;2.75886e-06;0.731872;0.000247478;2.2326e-06;4.93119e-05;0.0299372;0.10158;0.000645995
1.25799e-06;0.742503;2.0407e-08;6.12782e-08;9.30026e-05;2.17746e-08;5.17757e-09;0.256412;1.95242e-08;1.02933e-07;1.00743e-08;0.000308906;0.000232563;0.000449321
6.16936e-06;0.00292754;0.211883;0.000210364;0.00411063;9.07149e-05;1.37366e-07;7.90112e-05;1.18541e-07;2.29462e-05;1.93304e-06;0.775451;0.00186163;0.00335495
0.000608181;0.0434538;0.00022668;0.000215508;2.96231e-06;0.000720616;0.00171843;0.143834;0.0511648;7.62822e-05;0.368375;0.00228783;0.387295;2.12144e-05
2.62729e-05;0.499298;1.1671e-06;1.15659e-05;9.19718e-06;1.34688e-05;1.09876e-06;0.0559944;7.593e-06;3.72923e-07;2.7764e-05;0.00216289;0.44244;6.8492e-06
2.39578e-05;0.0265988;2.9242e-08;9.07988e-05;0.000388648;4.31366e-05;1.82559e-07;0.219713;0.00171031;1.06936e-06;0.000195728;0.750955;0.000254571;2.4918e-05
1.87508e-06;0.996438;0.000106972;1.74621e-06;1.80892e-06;7.00378e-07;1.12088e-07;6.68907e-07;1.06177e-08;1.31841e-06;2.12827e-07;0.000101845;0.0033393;5.57216e-06
4.06392e-06;0.00251694;0.000551365;2.40967e-07;3.25613e-06;1.16933e-07;1.34384e-07;0.00364958;2.89983e-06;1.58325e-08;6.95255e-06;0.992788;0.000469018;7.53439e-06
5.68058e-06;0.997372;2.08193e-06;3.47495e-06;4.68438e-05;6.45315e-06;3.10004e-06;0.000806243;6.06117e-06;4.98585e-07;2.03703e-06;5.08894e-05;0.000581067;0.00111347
0.000128305;0.0153987;0.000221683;6.44089e-06;0.000617651;3.60748e-07;4.99021e-09;0.91346;6.44136e-07;1.063e-07;1.48886e-07;0.070132;1.54335e-05;1.86618e-05
0.0013979;0.295485;0.240356;0.00268461;0.0119776;0.0105187;8.43161e-05;0.12136;2.22111e-05;0.00237934;5.90338e-05;0.284859;0.019256;0.00956055
0.00013727;0.00107437;1.67872e-06;6.63986e-05;0.000578709;3.12092e-05;2.34946e-06;0.906728;0.0002457;4.10569e-07;0.000778569;0.0472793;0.0430533;2.2902e-05
9.22571e-05;0.980207;0.00141467;0.00108525;3.97198e-05;5.1194e-06;1.62567e-05;0.000208317;2.54364e-05;3.57626e-06;0.000218318;6.06945e-05;0.0160994;0.000524313
8.14406e-06;0.998923;1.17778e-05;2.51876e-05;5.45e-07;3.43337e-08;1.1903e-06;0.000791813;2.0448e-06;4.62135e-07;2.37757e-06;0.000181355;2.92488e-05;2.2969e-05
3.85044e-05;0.992113;5.59568e-06;4.47873e-06;7.96823e-06;3.68125e-06;6.0706e-06;0.00574445;1.12671e-06;6.69249e-06;3.037e-05;0.000524884;0.00141054;0.000103023
1.25355e-07;0.000746968;6.30736e-07;1.21473e-05;0.0308738;1.32468e-05;1.02399e-07;0.00328327;3.48225e-06;4.75807e-07;0.000129589;0.964927;4.11949e-06;4.86637e-06
1.27003e-05;0.887593;0.0779371;6.62511e-05;0.000144357;4.53944e-05;7.49272e-07;5.88723e-05;4.13158e-07;4.67797e-06;5.21471e-05;4.15538e-05;0.0340418;1.44415e-06
6.62931e-07;0.0012759;3.31598e-09;1.3129e-08;1.63325e-08;2.32408e-08;1.69018e-07;7.7106e-07;1.02628e-06;4.89309e-09;6.38165e-06;0.998056;0.000658744;8.62795e-09
0.000341644;0.302017;0.00254286;7.64184e-05;0.0347709;0.0141917;9.70771e-06;0.158181;5.38612e-05;4.89027e-05;0.000105138;0.00412645;0.466375;0.01716
0.000306449;0.0590916;0.000378813;1.96972e-05;6.215e-05;0.000143019;1.11914e-06;0.00131009;0.000620242;8.18588e-07;0.000273766;0.0679005;0.869773;0.000119162
1.96229e-05;0.0096407;4.37179e-06;4.69822e-06;0.0204336;0.00542607;3.52869e-06;0.940484;2.05406e-05;0.000146949;2.05839e-06;1.32024e-06;0.000922358;0.0228898
1.75217e-09;9.70768e-10;1;6.20465e-10;8.18217e-12;3.056e-12;1.98973e-09;1.74513e-10;2.502e-09;3.45043e-10;8.72347e-09;5.28482e-08;1.2091e-10;5.74531e-13
1.65541e-06;0.00073058;0.00237177;1.66014e-06;2.17394e-06;1.80412e-07;8.86049e-07;0.000556239;1.0672e-05;2.15785e-07;8.03635e-06;0.996308;7.80072e-06;2.6249e-07
5.71319e-05;0.737567;4.3802e-07;1.36158e-07;2.44667e-05;5.43734e-05;2.90927e-06;0.233533;1.7799e-05;1.38411e-06;2.31049e-05;4.0307e-05;0.028663;1.54557e-05
5.39059e-06;0.0180322;0.000550137;1.09578e-06;0.0159007;4.47403e-05;2.79811e-07;0.00257176;1.41421e-07;4.95733e-06;3.54628e-07;0.894716;0.00120851;0.0669635
0.00011567;0.0172689;5.49762e-09;8.71996e-05;0.00651585;0.168338;1.71035e-06;0.509803;0.00410169;4.21098e-06;1.87293e-05;2.09122e-05;0.270465;0.0232596
6.06057e-06;0.979845;0.00218331;4.44531e-07;4.90054e-06;3.99913e-07;7.22286e-10;0.0178052;3.45502e-10;4.07236e-07;1.39531e-11;7.00654e-05;7.87206e-05;5.54282e-06
5.986e-06;0.012471;6.68466e-08;1.75224e-05;1.62708e-05;6.45145e-06;2.67951e-08;0.0242881;8.38778e-07;1.02946e-06;6.08931e-07;0.000136768;0.963055;3.10769e-07
4.70926e-05;0.997504;0.000450636;0.000805064;6.86046e-06;3.00712e-06;3.39284e-05;5.25934e-05;2.68705e-06;4.7153e-05;9.69303e-06;0.000594353;0.000438443;3.92408e-06
5.51167e-05;0.998568;1.57249e-05;3.58681e-06;1.23447e-08;5.46911e-08;4.58286e-05;0.00033398;2.33726e-05;3.18816e-06;0.000282723;0.00012586;0.000542308;2.59375e-08
1.03161e-07;0.984428;4.28806e-10;3.75211e-05;5.44504e-06;5.4774e-07;0.000147398;6.34031e-07;1.27774e-07;0.00432126;5.89032e-07;2.06656e-05;2.99178e-09;0.0110381
9.78403e-07;2.87305e-07;0.999827;1.78089e-05;5.09063e-09;1.0569e-07;5.41761e-06;1.60479e-08;2.59559e-06;2.33301e-07;0.000142082;2.84391e-06;1.03753e-06;1.27473e-09
1.44745e-05;0.033488;3.05884e-07;9.23363e-07;0.000213463;1.29599e-05;2.4583e-09;0.938479;2.0197e-07;4.44895e-08;2.3792e-05;1.91803e-05;0.027743;4.83485e-06
9.2724e-07;0.987718;2.23347e-09;4.75128e-06;7.8394e-07;5.27001e-07;8.27129e-05;9.67738e-07;1.33423e-08;0.00200331;1.88296e-07;2.91119e-08;1.35568e-05;0.0101743
3.11838e-10;1.02151e-12;1;2.0246e-12;2.78437e-14;1.7898e-14;7.55383e-11;6.53128e-13;1.31514e-10;8.01004e-13;1.75022e-11;6.74191e-11;7.33302e-13;1.57381e-16
0.000162661;0.000222252;9.67992e-06;0.000222836;1.30802e-05;2.78262e-05;6.37197e-05;0.016758;0.96188;8.19205e-06;0.0203662;0.000164754;8.32169e-05;1.72692e-05
0.000126062;0.00381301;4.41721e-06;3.2562e-06;4.00788e-07;3.47501e-06;1.68748e-06;0.00342667;2.41725e-05;1.5173e-06;4.14092e-06;1.02083e-06;0.992588;2.41699e-06
1.45227e-06;7.6922e-05;2.95082e-08;4.30507e-06;1.58283e-06;2.57086e-07;7.77131e-09;8.31209e-05;4.99537e-05;2.40135e-08;1.75904e-05;0.999752;1.17671e-05;1.01766e-06
0.000148416;0.997886;1.33755e-07;6.62437e-05;1.11286e-06;1.21129e-08;5.44734e-07;1.23041e-05;1.1339e-05;2.60186e-06;6.61649e-06;0.000672071;0.000297965;0.000894976
3.35511e-07;7.6974e-07;5.51503e-11;3.24812e-09;2.29409e-07;5.88112e-12;4.06279e-11;0.999998;3.77625e-07;1.55258e-09;6.72678e-10;2.20852e-09;2.91804e-08;2.59786e-11
5.92627e-09;5.08203e-09;0.999995;3.43688e-06;2.63346e-07;3.15781e-07;8.2113e-11;1.73553e-10;8.06214e-09;5.7659e-07;7.21305e-09;3.10805e-10;4.52133e-11;1.28704e-08
0.00540381;0.000901639;0.000450212;3.91793e-05;1.33302e-06;4.38763e-06;0.000540253;0.00500485;0.959537;1.43358e-05;0.0267846;6.39577e-05;0.00125369;4.40128e-07
