3.04562e-06;3.47023e-06;1.90242e-10;2.9974e-09;5.15036e-09;4.87041e-09;4.09563e-09;0.999987;2.25378e-06;2.95425e-10;1.0403e-07;8.77836e-09;3.67324e-06;1.72927e-09
3.79997e-07;0.0743339;1.19594e-07;5.48587e-07;1.42157e-08;1.69318e-06;6.53524e-06;1.31037e-07;8.75199e-10;0.000241775;1.80187e-09;5.63821e-08;5.77858e-07;0.925414
2.18613e-07;4.62919e-09;0.999785;2.33757e-07;2.18215e-09;3.21618e-08;0.000205774;2.9828e-09;2.12825e-06;4.39044e-06;2.15663e-06;1.19254e-09;4.09076e-10;2.09286e-08
3.51476e-08;1.82356e-07;0.999998;1.37088e-07;1.34784e-10;6.80868e-10;1.84919e-07;2.4603e-08;3.05992e-07;4.58557e-09;6.28468e-07;1.11927e-07;1.18742e-07;2.97393e-11
1.09244e-07;0.00012183;0.00202649;6.04753e-06;2.80905e-06;3.99391e-06;1.80558e-08;4.63033e-05;5.15998e-06;5.47535e-08;2.18196e-05;0.997534;2.97924e-07;0.000231294
3.49194e-06;0.157493;2.66584e-05;2.93096e-06;1.16982e-05;0.000131915;3.30952e-07;1.88477e-05;6.48089e-07;5.68541e-07;7.99812e-06;1.63531e-05;0.8421;0.000185425
5.99047e-09;0.00110053;2.62877e-07;6.96222e-09;4.01027e-07;9.73552e-08;8.20686e-11;9.73045e-07;4.13693e-10;8.4143e-10;3.18989e-08;0.998884;2.32779e-07;1.38534e-05
1.2377e-07;0.985138;8.57219e-08;1.22476e-07;8.22451e-06;3.54257e-06;3.4809e-08;8.80134e-05;1.55892e-09;2.32665e-08;7.07183e-09;1.40371e-07;0.0147164;4.54032e-05
5.53139e-05;0.0183827;2.71608e-06;7.72276e-06;1.18971e-05;1.04084e-05;7.06934e-08;0.368755;4.20128e-06;1.496e-07;2.60024e-07;0.592209;0.0205352;2.52882e-05
1.14509e-05;0.79592;5.22901e-07;4.93129e-05;8.22249e-05;4.6885e-06;6.49401e-08;0.0267141;8.08167e-06;4.90165e-07;7.96981e-06;0.161606;0.0155914;3.54298e-06
2.6237e-05;0.265428;1.0993e-07;0.0001595;0.00679323;4.2127e-06;8.3151e-07;0.712734;1.93905e-06;5.42885e-05;4.33027e-06;0.00687759;0.00475126;0.00316445
3.24356e-05;0.00361021;0.608989;0.000798793;0.000376478;5.08011e-05;4.95069e-05;4.35207e-06;1.06001e-06;0.00137421;5.71326e-05;0.384214;0.000136817;0.000305576
1.02033e-05;0.854045;1.76017e-07;0.000135035;5.28896e-05;3.59901e-06;0.000128217;0.125441;0.000985562;2.0837e-06;0.00929113;0.00911109;0.000613922;0.000180023
9.67379e-06;0.100643;7.26488e-06;2.18259e-07;5.66466e-05;7.49323e-07;1.90186e-07;0.898904;4.60164e-08;4.91459e-07;1.96648e-07;8.21128e-05;0.000240657;5.48742e-05
5.96968e-06;0.94055;1.53604e-05;3.7187e-06;0.000764566;0.000248558;2.18079e-05;0.0335207;2.45822e-06;4.50339e-05;3.51005e-07;0.000276703;0.0133496;0.0111947
9.06591e-10;2.4602e-09;1;2.59566e-10;7.07035e-12;3.20843e-12;6.9716e-09;2.87699e-10;2.00152e-09;1.60837e-10;1.22701e-09;9.7328e-09;1.2891e-09;8.39997e-14
3.48111e-08;5.15531e-07;0.998604;3.72621e-08;1.21171e-07;7.56324e-09;1.5404e-08;1.51234e-06;2.88438e-08;8.75256e-09;3.87767e-09;0.00139365;1.20473e-08;2.02271e-07
1.76735e-05;0.000739667;0.000130963;6.2717e-05;0.739779;0.102365;7.09399e-07;0.00340238;0.000880894;4.64894e-06;1.26745e-05;1.87548e-05;0.000512922;0.152072
0.000174958;0.59367;0.000357568;4.26886e-05;0.065704;0.00425667;5.61709e-05;0.0116901;8.03873e-07;0.000485762;3.37225e-07;0.000782559;0.313427;0.00935091
4.61821e-11;2.84817e-12;1;1.87295e-12;4.84937e-11;2.87882e-13;3.62869e-14;1.13592e-09;4.01647e-12;4.46479e-14;3.7559e-14;1.16027e-11;3.30537e-12;3.73473e-15
2.13126e-06;0.00121658;5.7984e-08;3.45885e-06;1.54852e-05;4.60737e-06;9.37172e-09;0.982808;0.000406574;1.5903e-08;1.31589e-06;0.0132571;0.00228471;2.98941e-07
8.56657e-09;0.999074;2.82806e-08;2.05466e-07;2.39918e-08;2.97591e-07;2.74507e-09;0.000105811;1.52131e-10;1.86358e-07;1.73517e-10;2.73955e-09;0.0008191;3.57202e-09
2.88587e-10;1.48308e-08;1;3.85298e-09;3.18291e-12;1.29703e-11;1.16522e-09;1.96301e-09;4.4561e-11;8.1533e-10;1.02513e-10;3.56091e-07;2.87658e-10;1.42349e-11
6.01166e-09;2.95093e-06;0.999157;1.83646e-07;1.38578e-07;1.35036e-07;4.66181e-09;6.96908e-06;2.38524e-08;3.65181e-09;7.89946e-09;0.000825611;2.39554e-09;6.70459e-06
2.89957e-05;0.0133994;0.000985861;0.000104327;0.696118;0.040334;1.12493e-06;0.018398;4.59617e-05;2.01993e-06;9.23272e-05;0.000179649;0.00373441;0.226576
7.6713e-09;0.993607;3.66421e-10;1.15587e-10;1.74284e-08;4.20343e-09;1.01418e-07;5.15041e-08;2.06535e-11;3.24674e-08;3.45576e-11;3.42518e-07;1.7679e-07;0.00639199
8.36908e-13;2.32468e-12;1;2.8262e-13;1.42025e-11;4.41986e-13;9.83864e-13;2.64631e-11;2.54717e-13;7.8827e-14;8.19486e-16;1.28413e-09;8.98857e-13;4.47249e-15
1.15821e-06;0.00570915;2.69919e-08;4.20105e-06;1.56617e-05;1.02468e-05;1.48523e-05;0.990163;0.000652062;2.12528e-07;2.79396e-06;1.049e-07;0.00342684;9.39075e-08
1.18119e-07;0.998775;5.89641e-06;7.29387e-07;9.82962e-07;3.65503e-07;7.73142e-09;3.91268e-05;1.95173e-10;2.94835e-07;7.87279e-11;2.73519e-10;0.00117681;9.01532e-07
5.72862e-09;4.25202e-08;0.999993;1.86526e-08;4.89035e-11;5.73144e-11;8.23179e-09;1.23358e-08;7.73504e-11;6.12266e-09;3.10255e-10;6.61049e-06;7.37612e-08;4.80587e-11
2.75134e-08;2.93887e-06;0.000867673;1.07568e-05;1.36484e-06;2.58865e-06;1.87998e-08;5.88863e-05;5.87904e-07;5.46757e-08;3.97253e-07;0.99899;1.29384e-06;6.31581e-05
4.1046e-05;0.280127;0.000675021;0.000685378;0.00029088;0.00250207;1.57463e-06;0.0508467;4.8308e-07;1.92014e-05;1.69657e-06;2.58459e-06;0.633706;0.0310996
7.63765e-06;0.00328171;0.000169827;4.45684e-06;0.00127282;1.06858e-05;3.76336e-11;0.0545917;9.50022e-08;6.08241e-09;6.78289e-07;0.940225;5.01526e-05;0.000385522
6.30169e-06;0.97105;9.33268e-08;8.89937e-07;0.000164654;0.000330563;3.05907e-05;0.020723;1.08212e-07;7.06887e-05;6.74151e-08;1.84618e-09;0.0018432;0.00577985
1.79168e-10;5.15295e-11;1;2.83856e-12;1.99048e-11;9.02444e-12;7.15091e-12;2.91013e-10;2.33587e-13;4.65272e-12;1.32097e-13;1.18796e-07;3.58106e-10;1.68779e-12
0.000189822;0.04157;0.000433024;0.00404124;0.0375433;0.00671032;8.68372e-05;0.132292;0.00556999;1.6978e-05;0.0119385;0.457918;0.297652;0.0040372
2.49446e-07;0.999866;8.05045e-09;2.12743e-08;1.03374e-08;4.22257e-09;5.93624e-06;9.99768e-06;4.02214e-09;8.64037e-06;3.39057e-09;1.32705e-08;2.04569e-08;0.000108983
2.76887e-10;5.83761e-10;1;4.59218e-09;7.30017e-11;5.21555e-11;2.89354e-10;9.78693e-12;4.32307e-09;2.69789e-10;1.71501e-09;1.71252e-07;3.50708e-11;1.44229e-11
2.77506e-07;0.99927;4.00707e-07;1.2966e-07;8.70667e-08;1.13637e-08;1.78254e-08;1.29662e-07;1.26108e-08;3.65749e-08;1.65506e-08;1.86323e-07;0.000728512;5.16399e-08
3.5333e-08;0.000501387;5.65055e-07;1.12948e-08;1.97024e-07;1.674e-09;1.60708e-09;7.41298e-05;2.12708e-08;4.39187e-10;4.54417e-08;0.99942;2.82731e-06;5.32155e-07
5.70474e-07;0.997891;1.99602e-06;1.23252e-07;5.65728e-05;2.34695e-07;3.29973e-07;0.000256568;1.96379e-09;4.91589e-08;8.49628e-09;1.01351e-05;0.00104916;0.000733024
1.96915e-07;6.90613e-06;6.47245e-10;2.03816e-09;1.80371e-05;1.79569e-09;1.91067e-10;0.999947;3.12081e-09;2.0575e-09;2.43151e-10;2.116e-05;1.47782e-07;6.20902e-06
7.12066e-07;0.00017285;0.997387;4.6752e-05;0.000320135;1.20897e-05;7.24795e-09;0.000817803;2.33546e-08;1.50273e-06;8.58126e-08;0.00105467;2.49781e-07;0.000185926
1.9318e-05;0.014327;1.49405e-07;6.56208e-07;6.38451e-08;5.02328e-06;3.53974e-05;0.000143849;0.000390475;2.59088e-07;0.00130271;6.16182e-05;0.983713;3.88198e-07
1.33835e-06;0.000536645;0.997927;1.99035e-06;6.5366e-07;1.31924e-07;1.10634e-06;2.63416e-06;4.00969e-07;2.16449e-06;6.15679e-07;0.00151562;9.51788e-06;1.74124e-07
6.48833e-07;0.99254;2.89874e-08;2.10576e-06;1.00853e-06;1.74198e-07;3.10414e-07;0.00525974;5.79084e-06;1.8778e-08;8.23581e-06;0.000129317;0.0020274;2.5615e-05
4.36585e-08;0.00020489;9.66618e-10;9.84909e-09;4.35393e-08;2.80929e-10;7.25725e-08;0.999745;1.04278e-07;3.91135e-08;2.08417e-08;3.45734e-07;4.95426e-05;5.51352e-10
3.79443e-07;4.47956e-05;0.996642;0.000249369;9.50398e-05;9.30541e-05;9.08476e-08;2.36716e-07;2.86401e-08;1.64321e-05;1.73265e-06;0.00228897;0.000514867;5.26715e-05
3.86537e-06;0.997264;1.21094e-11;6.49297e-08;3.54571e-09;1.2444e-09;0.00185148;2.21452e-06;6.62791e-06;1.13453e-06;1.16348e-05;6.19536e-07;0.000801478;5.65605e-05
2.50497e-05;0.00221535;1.88216e-06;1.63234e-05;3.26737e-06;8.80658e-07;0.941142;0.000212645;0.0371177;1.96612e-05;0.0165589;1.8202e-06;0.00268398;9.40357e-08
9.55675e-05;0.993348;2.59313e-06;1.00797e-06;3.98485e-06;1.57173e-08;1.76462e-07;0.000587948;3.65931e-07;1.17898e-07;7.65929e-08;0.00565778;0.000293108;9.37698e-06
7.93604e-05;0.845472;1.50546e-07;6.55222e-07;7.63199e-06;5.18241e-07;0.000402865;0.000194996;2.73527e-06;0.000960443;4.84992e-08;1.63438e-06;2.75274e-08;0.152877
1.02066e-09;2.40084e-12;1;3.20175e-09;2.95967e-10;2.06525e-11;2.33023e-10;4.42692e-11;5.37822e-08;8.03718e-11;3.59364e-09;2.61743e-07;5.46275e-13;8.16033e-11
2.59968e-06;0.992726;2.25497e-07;1.32987e-07;5.44239e-07;3.42164e-07;1.24282e-08;3.37803e-06;2.41338e-08;3.51189e-08;5.52745e-08;6.66918e-08;0.00726664;2.93003e-07
1.11692e-06;0.000204328;5.61238e-08;7.26849e-09;6.83781e-06;3.84676e-08;3.05029e-09;0.00953281;7.84793e-09;1.47913e-09;9.1602e-09;0.990177;7.24169e-05;5.60401e-06
1.44349e-06;0.968268;1.00363e-05;8.73627e-08;7.33469e-05;3.21415e-07;3.35092e-07;0.0225509;6.27056e-09;2.26188e-08;2.94539e-09;6.67546e-06;0.00614747;0.00294191
0.000245196;0.0887924;4.88606e-07;0.000151484;0.000174478;0.169837;6.54785e-05;0.0109889;0.0026;0.00013459;5.20574e-05;0.00204844;0.612713;0.112196
9.76318e-05;0.00444793;0.944554;0.000346972;1.09318e-05;3.66214e-05;1.19224e-05;0.000133735;2.41317e-06;0.000140657;3.56565e-06;0.0501911;1.10882e-05;1.19641e-05
5.38824e-06;0.99877;1.05119e-06;3.81626e-05;6.03054e-06;3.95151e-06;6.0746e-07;0.000435341;2.98191e-06;1.9233e-07;9.48979e-06;0.000190589;0.000508248;2.83409e-05
1.65866e-05;0.976987;5.31307e-07;1.10032e-05;1.61162e-07;1.30165e-06;2.32536e-06;0.00321224;1.18115e-05;2.50338e-06;3.68959e-05;0.0103987;0.00921242;0.000106243
5.01147e-07;6.89798e-06;1.46472e-10;1.36835e-06;0.00508798;1.60676e-06;1.20737e-07;0.994868;1.52345e-05;8.78302e-06;1.47165e-06;1.7915e-07;2.02459e-06;6.07917e-06
6.21887e-07;5.89129e-07;0.999996;7.96402e-07;7.05672e-09;1.28544e-08;3.03184e-08;1.42264e-09;2.67653e-09;7.84925e-07;2.61252e-07;5.03701e-07;8.82963e-08;3.91321e-10
1.72254e-06;0.00184213;5.35744e-09;4.68599e-09;9.48108e-11;8.06732e-10;0.995889;6.90335e-08;4.84039e-07;0.0022636;2.56617e-06;8.32959e-12;6.00424e-09;5.44941e-07
1.67685e-12;5.07588e-13;1;2.51971e-12;7.16688e-14;7.88553e-14;1.49327e-11;4.20147e-14;6.96325e-12;3.97093e-12;9.19118e-12;1.06061e-09;1.3449e-14;6.69958e-15
