1.48902e-07;0.999682;2.67363e-07;1.15044e-06;1.87055e-07;1.05537e-07;4.364e-08;4.19818e-06;4.56788e-09;1.35325e-07;8.4094e-09;5.07589e-09;0.000311671;1.53466e-07
4.38004e-07;6.50528e-07;0.999979;1.06013e-06;3.81952e-09;1.07946e-08;1.0654e-07;5.21112e-08;2.03003e-07;1.0996e-07;4.8864e-07;1.70381e-05;5.33236e-07;2.57775e-08
2.73612e-08;8.61406e-07;0.000227442;2.18738e-07;9.79186e-07;2.89843e-07;2.34894e-08;1.02669e-05;9.89081e-08;6.11801e-08;8.9202e-08;5.99425e-05;6.41618e-08;0.9997
2.25037e-07;0.00072907;5.16864e-10;4.65326e-08;7.38653e-05;4.44426e-06;5.03864e-07;0.999176;4.78925e-06;1.12208e-08;1.10365e-07;1.85451e-08;2.33397e-06;8.8291e-06
4.08115e-09;7.65381e-07;0.999943;3.86104e-09;8.17461e-07;2.70215e-08;2.06218e-11;1.81037e-09;4.60655e-13;1.85363e-10;1.12113e-10;5.53832e-05;1.66341e-07;1.19788e-07
1.81051e-07;0.999005;1.92316e-07;3.59348e-07;1.92299e-05;9.47194e-08;3.41278e-08;0.000440315;1.82964e-06;7.47171e-10;4.92337e-06;2.37082e-05;0.000493594;1.1023e-05
9.38821e-07;0.957903;8.20709e-05;5.09803e-06;5.12078e-05;2.60245e-06;1.32966e-08;2.75772e-06;2.04214e-08;4.46546e-07;5.26278e-08;1.19073e-06;0.0419118;3.82363e-05
4.29579e-06;0.0240695;0.000415031;5.04684e-06;0.00555353;6.37138e-06;1.19886e-07;0.022977;6.72727e-07;2.84202e-07;2.24455e-07;0.931708;0.00139629;0.0138633
1.48841e-06;0.917804;1.8758e-10;1.05308e-08;2.24025e-05;7.23572e-07;9.63728e-08;0.0195463;2.58502e-08;3.09481e-09;2.62993e-08;0.000144674;0.0624646;1.59114e-05
4.19624e-06;0.136317;3.43346e-07;6.21306e-06;0.000157996;1.04506e-05;6.769e-09;0.735646;3.67976e-06;1.6441e-08;3.5233e-07;0.0139449;0.00669517;0.107214
9.69866e-07;0.0316283;3.08364e-08;6.19077e-06;0.000163963;0.0100516;1.16778e-06;0.00334609;2.27703e-05;1.88085e-06;2.69754e-05;0.000173038;0.954375;0.000201773
3.47226e-06;0.00128691;0.99832;7.27346e-06;6.45964e-06;9.92471e-07;9.7949e-07;1.33736e-05;1.55304e-07;6.02494e-06;3.50456e-07;0.000327358;2.0336e-05;5.94451e-06
4.96427e-06;0.96683;4.39604e-07;5.64711e-06;6.99732e-06;4.00636e-06;6.96868e-07;0.0101863;4.62984e-05;9.1203e-08;1.09787e-05;2.7433e-05;0.022768;0.000108549
1.48211e-05;0.989614;5.97317e-07;1.63553e-05;8.26282e-06;2.42601e-07;1.06042e-05;0.00511212;8.76847e-05;9.8041e-06;0.000130376;0.000120176;0.00486487;9.9495e-06
1.33528e-05;0.972485;1.05367e-09;1.95813e-05;0.00030528;7.01862e-07;0.00393833;0.0155724;0.000220343;0.00686436;6.11279e-05;2.57082e-05;3.35933e-07;0.000493432
7.86153e-09;7.46814e-09;1;1.53316e-09;8.01704e-09;1.49569e-13;1.79765e-08;1.22778e-08;2.41185e-10;7.31821e-10;2.94519e-10;2.20366e-07;2.54535e-13;1.09043e-12
1.99393e-06;0.000104553;9.92125e-06;2.34621e-07;4.10793e-05;4.89386e-07;4.06033e-07;0.990212;8.89703e-06;5.1056e-08;1.01477e-06;0.00954184;7.75124e-05;4.82219e-08
0.000137876;0.18455;1.19726e-05;8.84736e-05;2.79961e-05;6.67959e-05;0.0794421;0.187;0.023694;0.000736058;0.00292559;1.17114e-06;0.521295;2.32212e-05
5.19136e-10;7.33626e-11;1;8.16729e-11;4.70123e-12;1.40034e-13;8.62618e-11;1.07988e-11;4.53562e-10;2.81535e-12;1.02501e-10;2.95131e-09;1.61579e-12;2.59006e-13
4.58539e-06;0.000739353;5.37807e-05;5.03151e-06;2.28974e-05;5.10871e-07;8.4229e-08;0.00216956;0.000815963;4.36762e-08;5.51045e-06;0.996081;2.75604e-06;9.87959e-05
1.8555e-06;1.13282e-05;3.74485e-08;6.48038e-09;4.34387e-06;1.79688e-06;5.99217e-10;0.999958;9.09029e-06;2.8128e-09;1.09063e-08;2.64964e-08;1.36874e-05;2.66506e-07
2.1334e-06;0.000337432;0.00107397;2.62468e-06;0.000878399;3.421e-05;4.42172e-09;4.0367e-05;1.38528e-06;9.11668e-08;1.92697e-07;0.994808;0.00226335;0.000557877
5.64518e-05;0.0228263;1.66806e-07;2.56936e-06;0.000275471;7.90053e-06;6.59888e-08;0.975827;0.00063962;3.10045e-08;2.46159e-06;1.25818e-05;0.000338936;1.07774e-05
7.38538e-07;0.999419;6.00303e-06;7.5692e-08;3.62525e-07;1.36406e-08;7.0903e-09;0.000553902;5.26135e-10;1.15888e-07;1.81267e-11;9.28652e-08;1.98244e-05;2.14997e-07
1.2827e-08;7.67976e-08;1;4.09621e-08;6.05118e-10;2.47582e-10;5.54746e-10;2.65453e-09;1.85513e-09;1.23619e-09;3.71843e-10;3.11065e-07;9.83e-09;2.32137e-10
5.66683e-07;1.05571e-05;0.0463917;1.73004e-05;1.06202e-05;1.24401e-06;2.41104e-08;0.00961568;4.39742e-06;4.06914e-07;2.44398e-07;0.940825;4.52101e-07;0.00312242
3.05292e-05;0.111918;3.94842e-07;5.51949e-05;0.00032067;0.106464;2.14542e-06;0.00410325;0.000220925;6.95642e-06;0.000143445;0.000243292;0.759062;0.0174284
0.000127318;0.177694;0.68038;1.74477e-05;0.00159258;4.89464e-06;1.20561e-05;0.000255862;8.11224e-08;0.000213892;3.08325e-07;0.139157;4.30088e-05;0.000501529
3.29532e-09;2.78737e-09;1;5.7466e-10;2.46799e-08;2.15177e-10;1.8396e-10;9.391e-09;1.39797e-09;2.71944e-11;6.32559e-11;4.64968e-09;1.77383e-11;4.31629e-12
3.65849e-06;0.010273;0.000226001;8.60476e-07;3.02448e-06;2.083e-06;2.2305e-07;0.986291;8.20509e-06;1.95993e-07;2.35955e-07;0.000994007;0.00219729;1.02529e-07
1.9458e-05;0.903104;2.0669e-05;0.00115944;0.000560498;0.000886358;1.56658e-06;0.0238984;0.00041457;7.91461e-05;2.4734e-05;0.000572435;0.066464;0.00279479
0.000733128;0.225331;0.00014782;0.00546898;0.000312153;2.21602e-06;1.22541e-05;0.00374162;0.00016728;0.0001377;4.56665e-05;0.761341;3.48159e-05;0.00252403
0.000302745;0.000569097;5.40107e-09;4.72247e-07;1.82965e-07;2.0638e-08;3.67786e-05;0.998763;0.00028577;1.01629e-06;1.64286e-05;1.5892e-08;2.4264e-05;6.68013e-08
3.82129e-06;0.971145;2.42912e-06;5.77406e-07;1.3235e-07;1.75555e-08;0.0280213;3.76743e-06;1.93405e-06;0.000667481;1.78899e-07;0.00012958;2.72833e-07;2.35504e-05
1.03712e-09;1.64353e-11;1;7.79444e-10;1.16464e-10;1.82585e-12;1.00221e-08;3.04048e-11;1.67471e-08;7.50245e-11;5.09568e-09;3.48471e-09;5.96783e-12;5.78731e-12
3.46858e-05;0.984099;1.48276e-06;1.05551e-06;2.15844e-07;4.96892e-08;0.0069844;0.00748734;5.25838e-05;6.40411e-05;3.33674e-05;8.72596e-08;0.00116793;7.33454e-05
3.95697e-11;1.50006e-10;1;1.5167e-09;8.03652e-11;8.1757e-11;9.43028e-10;2.81541e-13;1.83471e-10;1.16921e-09;9.46549e-10;1.00813e-08;6.82355e-14;5.61682e-10
1.22856e-05;0.732057;1.57748e-05;7.89812e-07;1.08556e-07;6.89634e-07;1.1621e-06;0.00121193;3.33265e-05;6.56639e-08;6.04148e-05;0.00310959;0.263495;1.48717e-06
1.12976e-05;0.305989;4.48648e-06;9.60582e-06;1.7722e-05;2.35415e-05;8.80109e-07;0.665038;1.2946e-05;2.79293e-05;1.57133e-05;0.000560452;0.000389923;0.027898
5.46683e-05;0.406312;2.24276e-06;0.000207097;5.70158e-05;0.0319693;0.000474407;4.63536e-05;0.00173851;0.000137344;0.0144895;0.0954848;0.444806;0.00422085
1.70853e-05;0.553132;0.444535;7.87658e-07;2.33993e-08;2.57539e-09;0.000113044;6.64172e-08;1.07588e-08;5.57863e-05;1.04722e-08;0.00205573;1.47275e-07;9.05259e-05
4.69541e-06;1.23943e-05;0.999631;6.69134e-07;2.24138e-07;1.00013e-06;3.79521e-06;2.4099e-05;2.1626e-06;8.69027e-07;9.77848e-07;0.000247687;6.94806e-05;3.25656e-07
7.20805e-07;0.00307579;1.17193e-09;1.11091e-06;1.13721e-06;6.40399e-07;5.78191e-08;0.0418042;3.3489e-06;6.49884e-08;5.16997e-06;6.88178e-05;0.955036;3.25656e-06
4.22312e-06;3.21597e-05;1.73149e-08;8.37771e-06;2.2891e-07;7.54948e-08;1.79735e-07;6.97354e-05;0.000363037;3.05765e-07;0.000148488;0.999311;6.0331e-05;1.71542e-06
3.51409e-06;0.978341;5.81574e-06;2.57439e-05;4.96583e-08;6.24943e-07;5.29259e-07;7.13956e-07;9.793e-08;1.60361e-06;2.9631e-06;1.33203e-07;0.0216175;1.58407e-07
1.16502e-07;3.56153e-05;1.16509e-05;2.88913e-07;1.57208e-08;3.31699e-09;7.97791e-09;1.0131e-06;8.07993e-09;6.80004e-09;4.36787e-07;0.999948;2.77438e-06;4.62429e-07
3.68261e-07;0.00643451;4.85068e-07;1.16205e-06;0.000797751;4.53697e-05;3.50573e-08;0.988895;8.00923e-09;3.41136e-07;1.51337e-07;1.73087e-06;0.00345659;0.00036689
1.32482e-07;3.13258e-05;4.09357e-07;1.55797e-06;1.43887e-08;0.000282203;2.4116e-07;1.24948e-07;3.82505e-07;8.67092e-07;9.37196e-06;5.80244e-06;0.999667;2.39079e-07
4.98371e-08;1.24925e-06;0.999999;2.98201e-08;4.42197e-09;9.47325e-10;3.62919e-09;1.01856e-08;1.74e-09;6.55735e-08;3.8048e-09;1.15534e-07;1.76801e-09;1.53436e-09
1.3176e-06;0.998032;8.39807e-06;1.51032e-05;8.91163e-06;2.0364e-06;2.34332e-06;0.00119549;0.000171528;6.51304e-07;0.000168074;6.96e-06;0.000362361;2.44725e-05
