1.13576e-06;0.992725;3.4408e-09;1.09228e-07;1.31509e-07;6.53227e-07;1.39851e-06;8.9137e-05;1.2426e-08;3.63063e-06;1.02511e-08;7.44057e-09;0.00716787;1.12432e-05
1.26982e-11;7.17875e-13;1;6.49351e-11;2.02399e-09;4.98289e-11;7.1098e-13;7.84023e-12;7.07054e-14;1.71759e-11;2.99731e-13;5.45944e-08;2.09972e-12;7.5057e-10
1.10874e-08;0.00318676;3.41366e-11;9.76397e-09;2.15722e-08;2.39638e-06;1.95726e-07;5.69431e-07;7.79756e-08;4.02978e-10;1.06319e-07;3.85128e-07;0.996809;5.79616e-08
1.12423e-08;1.15248e-05;0.999981;7.69809e-09;3.87095e-10;6.0082e-11;7.39365e-07;3.46893e-11;2.61951e-10;4.33117e-07;5.82188e-10;6.43452e-06;4.6579e-11;5.27578e-09
2.79717e-09;1.01714e-08;0.999999;1.26021e-09;7.3999e-09;3.32397e-10;7.55286e-09;5.6999e-09;2.2777e-08;2.38202e-10;5.80696e-08;5.92702e-07;8.46712e-11;3.83919e-10
1.44278e-09;0.99999;1.4002e-08;1.41353e-10;4.33577e-10;7.64255e-10;1.40906e-06;1.40807e-09;1.18372e-11;4.32032e-06;7.42908e-11;7.83958e-11;3.80336e-09;3.92855e-06
1.89918e-10;1.02134e-10;0.999993;3.96112e-11;1.89819e-11;6.23957e-11;8.1361e-09;3.86885e-09;1.81769e-10;5.33896e-11;8.08011e-10;6.97022e-06;1.72185e-10;1.0418e-11
1.53903e-07;0.131673;2.2342e-08;3.75371e-07;4.92744e-07;3.52698e-06;2.60825e-07;0.000244272;1.19259e-06;1.22863e-08;7.3019e-06;5.50668e-06;0.868064;8.68453e-08
2.74829e-06;0.00465517;0.986948;4.69938e-06;2.41302e-07;8.36428e-08;3.31737e-07;1.7815e-05;4.17659e-07;1.77249e-07;2.61284e-06;0.0067667;0.00159748;3.25123e-06
0.000233246;0.437259;9.11115e-07;0.000542878;0.00435784;0.0120016;0.00104545;0.247333;0.0170694;0.000314574;0.0899588;0.0100191;0.162923;0.0169406
3.23519e-06;0.997513;2.24079e-07;2.54705e-06;3.03594e-06;4.71918e-05;6.20297e-05;7.45225e-05;2.68291e-07;8.45572e-05;4.49451e-06;3.99287e-07;0.0021167;8.80781e-05
8.96501e-11;5.60143e-11;1;5.62661e-11;9.48419e-12;6.0374e-12;5.9209e-11;8.07048e-14;4.09966e-11;6.52917e-12;1.20195e-10;6.51036e-09;6.84933e-13;2.34599e-12
2.22832e-05;0.151816;6.98696e-08;1.8196e-06;0.00546621;3.11233e-07;3.46196e-06;0.840982;0.000272225;7.09794e-07;5.83793e-05;0.00111218;0.0001388;0.000125651
7.97413e-07;0.0251931;7.0932e-08;3.39607e-06;0.000748374;1.63891e-06;9.55357e-07;0.0139086;4.93078e-06;2.8803e-06;8.32849e-06;0.958861;0.000107036;0.00115856
1.29315e-05;0.377689;3.02432e-07;1.41049e-06;2.54866e-05;2.66845e-05;1.37248e-05;0.00838702;4.86291e-06;2.00419e-07;3.46216e-05;0.0629751;0.550768;6.05204e-05
3.40872e-08;0.991103;1.61198e-08;3.38884e-08;9.51314e-09;4.58275e-08;2.13095e-06;0.000349383;1.68899e-09;2.46913e-07;2.39964e-09;3.13732e-08;9.75425e-06;0.0085356
8.09224e-12;2.30105e-10;1;2.94825e-10;1.24326e-10;7.17634e-12;2.92736e-11;2.39835e-10;2.16276e-11;8.66511e-12;1.73999e-10;1.92514e-08;5.68923e-12;5.29337e-12
2.92395e-06;0.070369;2.47841e-07;1.27698e-06;3.95725e-05;2.31908e-06;2.6432e-06;0.928676;0.000377575;5.33549e-07;0.000121797;0.000105657;0.000278879;2.17999e-05
6.65976e-08;0.996901;2.35133e-10;2.13111e-08;9.8377e-06;2.46097e-08;3.41746e-07;0.00305045;6.96975e-08;1.1975e-06;2.73832e-07;6.88926e-06;2.97025e-05;1.67919e-07
2.87698e-05;0.00141679;0.456381;0.000214679;0.26007;0.000235988;7.37375e-07;5.1316e-05;2.66686e-08;0.000203724;5.46872e-06;0.280237;0.000219303;0.000934863
1.07915e-06;0.999437;7.12317e-10;1.08774e-08;7.27605e-08;3.88612e-10;3.2901e-06;0.000307085;5.00272e-06;3.45085e-08;1.28187e-07;8.23149e-08;1.47623e-06;0.000245137
0.000396186;0.00633917;7.69328e-05;0.000124605;6.55491e-06;5.59109e-07;0.200001;0.0729514;0.670433;5.73263e-05;0.0481312;3.57784e-06;0.00147879;1.89122e-07
4.84016e-07;0.999858;2.56428e-08;6.55374e-08;8.57814e-08;1.659e-10;8.25044e-10;3.25885e-05;1.61706e-08;2.56105e-09;1.14147e-09;3.07146e-06;0.000105378;2.7757e-08
1.29382e-07;0.9999;1.14983e-11;9.44193e-10;6.78276e-10;7.83101e-11;7.35269e-07;7.04768e-05;8.80457e-10;1.15177e-06;7.89354e-11;9.08205e-11;2.79304e-05;1.77307e-08
2.63801e-11;1.13139e-12;1;1.79216e-11;6.38271e-11;1.86431e-11;1.2868e-11;6.39683e-13;1.99422e-12;2.13698e-11;4.77538e-12;6.01911e-08;8.38284e-14;1.74786e-12
4.58332e-06;0.984713;1.59502e-06;1.92345e-05;7.23272e-06;5.5855e-06;0.000364268;0.00109051;0.00272186;5.17629e-07;0.000778812;0.000183501;0.0100706;3.82769e-05
7.30471e-05;0.037002;0.00578485;9.27213e-05;0.000418108;0.000701787;9.77258e-06;0.337564;0.000714988;3.07267e-05;0.000109092;0.600601;0.0158774;0.00101993
1.39616e-06;0.072088;2.99858e-06;4.76094e-05;9.03874e-05;0.000678415;4.56274e-07;0.000262117;8.28152e-05;2.13164e-07;1.46199e-05;4.92979e-05;0.926648;3.39259e-05
0.000116845;0.395593;1.13743e-05;8.9481e-07;9.30737e-05;1.56312e-06;1.21409e-05;0.59445;0.000119227;2.59532e-06;3.5914e-06;0.00760352;0.00190022;9.14122e-05
7.08249e-07;0.998414;3.23663e-11;2.71459e-08;3.41158e-06;5.04584e-07;1.1377e-06;9.81059e-05;1.54857e-08;6.83943e-06;1.02129e-09;1.83881e-06;1.98504e-05;0.00145346
1.07658e-09;1.34012e-10;1;2.99516e-11;8.8504e-11;6.9482e-12;6.65274e-11;1.52507e-10;5.98685e-12;1.5098e-11;4.04788e-12;1.95888e-07;4.42751e-11;2.93962e-13
0.000246921;0.179459;0.00222102;0.00125957;0.00107847;0.00181021;7.51177e-05;0.553969;0.00479579;3.50794e-05;0.00481239;0.114818;0.135206;0.00021359
4.13562e-05;0.370557;2.68762e-09;0.000459517;0.107304;0.000109272;1.52014e-05;0.504309;0.000170722;6.14199e-05;0.00345072;0.00667176;0.00111267;0.00573732
0.000466301;0.0345315;0.502218;0.0137384;0.0395629;0.0092995;0.000283333;0.00526269;1.06543e-05;0.00260821;0.000818464;0.34262;0.0433232;0.00525658
2.18247e-07;1.93149e-06;0.999995;2.48775e-08;1.16594e-09;9.70115e-11;1.94987e-06;2.1689e-08;1.37924e-07;4.30354e-09;5.78955e-08;6.6273e-07;1.31331e-07;1.97286e-09
5.11104e-05;0.0909956;5.01822e-05;3.59234e-06;0.000295447;3.05906e-05;3.72107e-05;0.907718;0.000170427;8.61294e-07;7.78947e-06;0.000154205;0.000153677;0.000331653
3.98629e-06;0.984364;3.15869e-07;7.13205e-08;4.36461e-06;1.2309e-07;3.60272e-07;0.00362672;4.52901e-08;7.75383e-08;1.28864e-07;0.0079536;0.00403514;1.15947e-05
3.58125e-05;0.320456;1.25505e-06;5.77989e-07;6.23867e-05;0.000309656;7.65154e-06;0.0132751;1.07627e-05;1.05177e-06;5.44862e-06;0.0810892;0.583587;0.00115764
4.51276e-07;0.974019;4.74837e-08;7.47586e-07;6.79502e-07;9.24639e-07;3.65315e-05;0.0246165;4.19295e-07;1.07713e-05;5.17959e-08;7.59293e-06;0.000214007;0.00109228
1.59617e-11;1.15912e-10;1;4.79438e-09;3.42736e-11;8.02366e-11;1.42318e-09;1.386e-11;3.69155e-11;4.48798e-10;6.09184e-10;4.55409e-09;1.42761e-12;2.71136e-11
6.78812e-05;0.78156;2.81059e-05;2.66712e-06;5.81006e-07;1.40196e-06;0.00083151;0.189701;6.98747e-05;1.77593e-06;0.00109932;0.00382779;0.022808;4.2058e-08
9.90209e-09;0.00034062;6.0498e-09;1.83574e-06;3.89171e-06;3.63532e-07;9.34803e-09;0.000131524;2.0612e-07;7.37094e-08;1.42498e-06;0.999477;2.17293e-05;2.11096e-05
5.75647e-06;0.769693;5.10619e-08;0.000199733;1.82211e-05;9.27127e-05;2.30782e-05;0.00191817;0.00012184;4.83468e-06;0.00102748;0.000567472;0.226327;8.35248e-07
0.000204232;0.00604053;0.832511;0.00150977;0.00141145;4.19739e-05;3.91389e-06;0.000232544;1.25151e-06;0.000240102;2.70424e-06;0.154732;0.0020036;0.00106497
0.00201965;0.0127778;2.30837e-06;4.83823e-05;1.68913e-05;3.08117e-05;0.000396552;0.508306;0.00418962;1.0977e-05;0.000486779;0.000223803;0.47149;1.27871e-07
0.000100266;0.976884;1.90945e-08;9.01032e-05;5.18898e-06;6.86969e-07;5.06301e-05;0.0214115;0.000548233;7.57455e-06;0.000143934;1.85691e-06;0.000750327;5.30806e-06
0.000253947;0.996552;1.93867e-05;0.000187739;0.000246356;1.37642e-07;7.61619e-07;0.000205125;1.94454e-06;1.02449e-05;8.18574e-07;0.00157787;0.000213631;0.000729729
1.27099e-05;0.998936;5.79569e-10;1.13874e-08;2.59593e-09;1.99173e-10;0.000893816;0.000104157;8.37304e-08;8.42696e-06;3.56169e-08;1.64131e-09;4.3464e-05;1.69574e-06
7.17327e-11;1.23939e-12;1;1.56721e-11;1.29682e-10;6.78237e-12;2.63314e-11;1.68607e-12;1.65446e-11;7.6216e-12;1.33039e-11;1.46803e-07;3.32381e-14;6.64334e-12
3.05703e-06;0.931128;3.22369e-08;3.70231e-06;1.19778e-05;1.60462e-06;4.09216e-05;0.00557191;0.000424517;1.25051e-07;0.000117764;3.12105e-06;0.0626818;1.14948e-05
3.4905e-05;0.00859935;0.000319595;1.46283e-05;0.000407472;6.87595e-05;3.0133e-05;0.0936008;4.3117e-05;8.84184e-05;1.21862e-05;0.888195;0.00753764;0.00104851
1.44953e-06;0.0110139;3.29885e-06;0.00139186;0.00108374;0.00494831;7.23977e-06;0.00219935;9.29518e-05;7.44867e-06;0.000120762;0.000281908;0.978236;0.000611386
5.91315e-05;0.992824;8.51553e-08;1.01576e-05;2.42363e-05;9.94784e-06;9.12503e-08;0.00321436;3.98251e-07;7.61074e-07;7.5541e-07;0.00316645;0.000634159;5.5529e-05
8.4258e-05;0.472844;3.45167e-06;9.0391e-05;6.57038e-05;7.86915e-05;3.89564e-06;0.0310073;3.95515e-05;3.03192e-06;0.000105707;0.00781352;0.48784;2.11102e-05
5.77158e-05;0.00658039;9.66352e-08;0.00061594;0.0264972;0.00316572;4.45461e-07;0.95105;0.00210012;1.02989e-05;0.000227306;0.00904681;0.000401459;0.000246444
4.34947e-06;0.00232035;1.21867e-08;2.28228e-07;3.11762e-08;7.97429e-08;6.64058e-09;0.000469898;1.38012e-07;5.77232e-09;4.73659e-08;1.55283e-07;0.997205;4.76617e-10
3.33382e-06;7.39739e-05;6.16444e-07;2.30225e-05;0.00012597;7.54278e-08;7.27316e-10;7.713e-07;1.80166e-06;5.12377e-08;1.50633e-05;0.999659;4.46996e-07;9.61091e-05
0.000264328;8.03639e-06;3.03128e-06;4.07376e-07;9.22932e-05;7.9774e-09;7.24443e-09;0.999627;3.10268e-06;6.48446e-08;1.74645e-07;1.76942e-08;5.55325e-07;8.76906e-07
5.55212e-05;0.000495005;1.93028e-07;1.2258e-06;0.00132717;6.43185e-08;2.26178e-07;0.996926;0.000980312;3.00115e-07;1.2143e-05;9.69186e-06;0.000192194;8.07429e-08
7.70833e-07;1.9996e-06;0.999941;5.03536e-07;2.54356e-05;6.26268e-07;5.83554e-09;3.05448e-08;3.17418e-08;3.29181e-06;3.13755e-08;2.56984e-05;6.865e-08;8.05813e-07
1.22965e-05;0.993487;6.42855e-05;2.46025e-06;6.97712e-06;3.29692e-07;1.88298e-06;0.00536312;0.000636906;1.37306e-07;3.89413e-05;0.000133905;0.000224534;2.69872e-05
