3.83175e-06;0.999921;7.30127e-06;2.01437e-05;1.93458e-06;1.75624e-08;2.43463e-07;1.02778e-05;4.43535e-07;3.90883e-07;2.56554e-07;1.01549e-05;2.37662e-05;2.90937e-07
1.68915e-06;0.998756;1.4734e-08;4.4354e-07;3.50216e-07;6.39262e-07;4.92359e-06;8.70845e-05;1.05514e-08;2.53149e-05;1.12713e-08;1.31678e-08;0.00108828;3.48442e-05
2.8994e-12;2.09132e-13;1;3.49525e-11;1.0623e-09;2.14679e-11;3.45515e-13;6.92406e-13;5.12306e-14;5.76174e-12;3.39485e-13;7.66948e-09;7.96726e-14;9.76316e-11
3.0963e-08;0.0159968;6.26631e-12;1.82062e-08;4.67076e-08;2.26688e-06;7.70299e-07;7.98755e-07;3.52741e-07;1.43988e-09;7.37229e-07;4.42034e-07;0.983998;2.02872e-08
1.47523e-08;6.04011e-06;0.999985;1.15295e-08;4.67673e-10;1.16295e-10;7.73383e-07;4.20841e-10;3.20305e-10;9.24104e-07;7.54125e-10;7.35831e-06;1.18593e-10;2.9246e-09
7.87363e-08;1.49996e-07;0.999977;1.37605e-07;3.0196e-08;1.58284e-08;1.99622e-06;6.9905e-09;4.41278e-06;6.03786e-08;1.32437e-05;2.95396e-06;4.05887e-08;1.67487e-09
2.04029e-08;0.999909;7.77678e-08;7.63607e-09;6.44426e-09;9.97604e-10;8.30738e-06;4.51201e-09;1.11933e-09;8.1776e-05;7.15402e-09;1.06171e-09;6.58451e-09;8.79309e-07
2.73491e-10;1.75674e-09;1;6.04737e-11;2.78634e-11;4.58584e-12;1.87705e-08;1.78314e-10;1.33615e-10;3.91437e-11;6.84502e-10;1.73438e-07;6.76269e-12;9.67478e-11
7.43662e-09;0.999977;9.03161e-12;3.49824e-11;7.49649e-09;3.79122e-11;6.30282e-07;1.27014e-05;7.62225e-09;1.00013e-09;6.3181e-09;2.58783e-06;6.53037e-06;8.59673e-11
2.75921e-07;0.000964529;0.00118034;1.21419e-05;0.0386406;0.768128;2.95254e-08;0.00019781;2.23027e-08;8.09007e-06;8.11666e-08;0.172555;9.34768e-05;0.0182195
2.29623e-06;0.329401;6.60002e-08;5.96102e-08;2.38562e-06;8.70822e-05;1.04442e-06;0.462511;4.91791e-08;6.01019e-08;3.43594e-08;8.36849e-06;0.207977;9.47234e-06
1.09337e-09;1.0654e-08;1;2.23112e-09;2.30576e-11;1.55113e-10;7.60343e-09;1.05705e-10;5.35356e-10;3.47277e-10;5.4939e-10;2.92864e-09;8.72674e-08;2.05892e-11
5.73896e-09;9.67626e-06;0.999706;1.40056e-07;1.14835e-07;3.41117e-07;1.0728e-09;3.89459e-06;6.70301e-09;5.33538e-10;5.91466e-09;0.000274147;5.86178e-06;1.00945e-07
1.2571e-07;0.0308531;2.78892e-06;5.99839e-06;0.000280035;0.00439591;0.00169308;2.4792e-06;1.71242e-07;0.00223613;1.00851e-06;5.42504e-09;8.05567e-07;0.960528
5.2671e-12;2.29075e-11;1;8.1384e-10;9.68244e-10;2.31066e-09;9.84129e-12;4.20457e-11;1.38979e-12;5.73854e-12;9.86668e-11;2.22567e-08;1.64298e-12;1.03022e-12
1.0984e-06;0.00246168;0.000112655;2.4474e-06;3.03172e-05;0.00135;1.41531e-08;0.0113211;1.09126e-08;3.39341e-08;1.09383e-06;5.38379e-05;0.984664;1.94968e-06
6.13136e-06;0.343535;6.72681e-06;9.69806e-05;4.49222e-05;0.00748816;4.88237e-05;0.00288334;4.95296e-07;0.000632802;3.16213e-05;1.90281e-08;0.644089;0.00113628
1.75352e-11;3.23332e-10;1;5.62037e-11;1.78063e-11;1.80373e-10;8.40044e-13;8.54668e-13;5.25915e-14;5.47456e-12;8.68384e-13;1.22707e-10;2.00507e-09;2.15627e-12
8.12908e-05;0.0177861;0.00013106;0.00320794;0.0497234;0.150394;2.56789e-05;0.00459913;0.000386681;8.98732e-05;0.00626811;0.66532;0.0950046;0.00698244
0.000233581;0.501319;7.82639e-05;9.27314e-05;0.000248444;0.000306835;7.52745e-05;0.0909649;2.11636e-05;1.97066e-05;0.00921643;0.00441885;0.392717;0.000287643
4.784e-06;0.252295;0.000904727;7.36542e-05;0.000340741;0.00851294;2.95282e-07;4.26013e-05;2.13181e-08;1.19031e-05;2.93435e-06;0.664472;0.0315235;0.0418147
9.95252e-06;0.985306;8.2885e-07;8.29481e-06;2.83886e-06;6.19834e-06;0.00741031;0.00363249;4.09778e-06;0.000181381;1.44729e-05;1.25902e-06;0.000220888;0.00320138
3.908e-11;9.47343e-11;1;4.59045e-11;2.22611e-10;8.02142e-12;6.83257e-11;8.66654e-12;6.56972e-12;2.36734e-11;1.7925e-10;1.36227e-07;6.79854e-12;6.16804e-12
5.70959e-07;0.997372;3.71848e-06;3.02077e-06;2.14835e-05;2.49208e-06;7.26386e-06;0.00209917;6.28085e-05;4.38167e-06;1.28637e-05;1.06857e-05;0.000397414;2.07852e-06
2.50027e-06;0.0369803;9.77418e-07;0.000475311;0.283605;0.29964;7.15471e-05;0.00889814;0.000125516;0.00339538;6.66523e-05;0.00146014;0.00104484;0.364234
3.62872e-05;0.994497;3.03932e-05;0.000172323;5.64907e-05;5.05773e-06;0.000159755;0.00264284;1.09875e-05;7.32428e-05;0.000206211;5.17364e-05;0.00204786;9.43938e-06
1.36824e-05;0.0203618;3.66003e-08;1.28791e-05;0.00456022;2.1685e-05;8.06516e-06;0.973638;4.01762e-05;4.03016e-05;1.23467e-05;0.00015248;0.000339941;0.000798616
2.54977e-06;0.999669;4.59659e-09;1.5764e-07;1.15844e-06;1.48704e-08;7.47905e-05;5.08436e-05;4.50854e-09;0.000180895;1.20462e-08;7.9196e-09;1.84955e-05;1.66302e-06
1.81969e-09;4.07026e-11;1;1.10936e-09;1.15824e-09;2.57132e-12;1.25249e-09;6.47248e-12;2.552e-10;4.41023e-10;1.48069e-10;9.21904e-09;6.06311e-14;2.85086e-11
7.6689e-05;0.878384;4.23764e-07;1.94956e-07;1.35003e-07;1.02722e-08;8.50678e-05;0.111723;0.00050535;6.58913e-07;7.62689e-05;3.93508e-05;0.00910864;3.01466e-08
2.89977e-06;0.0479986;0.000190923;1.01325e-05;0.000685335;8.4619e-06;8.46854e-08;0.92423;3.74427e-06;1.35188e-06;3.35721e-06;0.010674;0.000473699;0.0157172
0.000619543;0.59483;4.937e-07;0.000930934;0.000510358;0.00135167;0.00354752;0.00131543;0.0120129;0.000146852;0.0377033;0.252356;0.0156594;0.0790163
0.000308105;0.0753162;4.66446e-07;7.54745e-08;3.87193e-07;2.05179e-08;4.055e-05;0.899414;1.04046e-05;7.18069e-07;5.03523e-06;0.00347193;0.0214322;1.9313e-08
4.60127e-07;0.00163847;3.0742e-06;2.38676e-05;0.000147827;6.2313e-06;1.27895e-08;0.00574512;1.97286e-06;6.54641e-07;3.73734e-07;0.991079;0.00102366;0.000329757
6.53421e-05;0.87689;1.28843e-06;9.7847e-05;0.000156885;0.000678096;0.000677482;0.0728233;0.0004581;9.17996e-05;0.00114722;0.000138532;0.0465305;0.000243456
7.17853e-05;0.980836;6.29318e-09;5.75384e-05;6.16806e-05;3.64086e-06;3.86545e-06;0.00165128;6.30262e-05;3.44903e-06;0.000146886;0.00937059;0.00740699;0.000323652
3.4464e-06;4.36907e-07;2.46188e-13;4.28849e-10;2.49089e-07;1.64731e-09;8.60933e-10;0.999994;4.14475e-07;6.57326e-10;4.20612e-10;1.10504e-10;1.05639e-06;9.67878e-11
1.8751e-05;0.000342042;0.000487245;9.40386e-05;0.00330247;0.000884109;5.03959e-07;0.000145693;2.16292e-06;3.00504e-06;2.33152e-07;0.0293529;4.05985e-05;0.965326
2.83161e-07;0.995817;6.70658e-09;5.14764e-07;3.19491e-07;7.70697e-07;3.42676e-06;0.00096985;2.59013e-07;2.59815e-07;4.62166e-07;3.15859e-10;0.00303783;0.000169523
1.16519e-11;3.71192e-12;1;1.18972e-10;2.60201e-13;6.58507e-14;1.60775e-11;3.63601e-12;2.1571e-11;2.30264e-12;9.72551e-11;1.06239e-08;6.57919e-13;7.27389e-14
5.29767e-05;0.164145;9.42055e-05;0.000322786;0.000264689;3.18675e-05;1.27676e-05;0.000807595;0.036694;2.20341e-06;0.000978147;0.769119;0.000125954;0.0273489
8.41916e-06;0.071293;1.0593e-06;5.23746e-07;3.55861e-07;1.17566e-05;4.35431e-08;1.01681e-05;6.83502e-07;3.03132e-07;8.82951e-08;2.0336e-05;0.928644;9.63638e-06
7.17393e-06;0.00293288;2.27474e-06;5.22493e-07;0.000157172;3.34913e-07;2.66963e-10;7.67937e-05;2.2504e-09;6.26413e-08;4.4022e-08;0.996365;8.88999e-05;0.000369281
1.7379e-06;0.970651;2.08838e-07;3.77873e-07;0.000434031;7.19033e-07;5.46174e-09;0.020901;3.99324e-09;1.0278e-07;2.3302e-09;8.34329e-06;0.00261159;0.00539053
1.15805e-05;0.000719019;3.99656e-07;3.31203e-05;1.00919e-05;0.0245308;4.73204e-06;9.59814e-05;4.27687e-05;5.08725e-05;4.57468e-05;1.85749e-05;0.974247;0.000189644
3.34993e-07;3.66038e-06;0.999926;6.68627e-06;6.83081e-07;7.64258e-07;3.26166e-07;1.9345e-07;4.51228e-09;5.60994e-06;1.8302e-07;5.52529e-05;6.50967e-08;3.52383e-07
1.19843e-05;0.981753;8.08827e-06;0.000272948;6.24832e-05;6.4131e-05;1.30413e-05;0.00834827;8.51775e-05;3.77121e-06;0.000635039;1.21993e-05;0.00815006;0.000579915
