4.81051e-06;0.0799496;2.1788e-09;4.78778e-06;4.46614e-07;9.07768e-06;2.31818e-06;0.000242465;1.1899e-05;5.49195e-07;8.15307e-06;2.69319e-06;0.919762;1.26942e-06
1.86979e-06;7.25253e-05;2.68382e-06;3.43756e-05;1.12569e-05;1.01153e-05;3.02166e-08;0.0111556;8.32081e-07;3.16017e-07;5.275e-06;0.988632;6.22526e-05;1.06231e-05
2.36597e-05;0.904218;3.61495e-09;2.26142e-07;4.34629e-08;2.07212e-07;6.91713e-08;3.26589e-05;1.48883e-06;1.60631e-08;4.12332e-06;0.000210622;0.0955079;9.02692e-07
8.32792e-06;0.974381;8.27278e-06;2.39561e-06;1.11398e-06;2.11176e-06;9.9449e-08;0.000137956;3.45565e-07;4.06984e-07;8.35004e-07;0.0231667;0.00213598;0.000154165
1.65002e-05;0.00321637;6.39441e-05;3.64986e-05;0.576689;0.0598177;6.09989e-06;0.0160811;1.13168e-05;0.000181488;4.05522e-06;0.00642142;0.0514152;0.286039
2.6412e-05;0.00620726;1.36128e-06;8.29935e-07;7.41832e-07;0.000641171;4.83194e-06;8.10132e-06;1.53754e-05;1.89159e-06;1.56739e-05;2.75564e-05;0.993046;3.02092e-06
4.21519e-06;0.000733305;0.961058;3.78414e-06;4.58574e-07;1.64335e-07;7.65912e-05;1.79634e-08;4.97739e-08;0.000714184;1.09788e-07;0.0373027;1.0482e-07;0.000105722
2.71637e-08;1.59194e-07;0.999997;3.34455e-08;3.16529e-09;9.88045e-10;1.39017e-07;6.4389e-09;2.2112e-07;5.56742e-09;2.52835e-07;1.97742e-06;8.07401e-10;2.54208e-09
1.3865e-05;0.975248;1.34092e-07;1.53237e-05;0.000113417;4.67205e-06;1.16695e-05;0.0166714;0.00029481;3.47738e-06;0.000866668;0.00471667;0.00108477;0.000954888
2.93225e-05;0.0049553;6.45877e-07;5.77602e-08;1.16651e-06;1.78053e-08;3.57902e-06;0.992532;5.84053e-06;4.40154e-07;1.89304e-06;0.00229082;0.000177702;1.49961e-06
1.46724e-06;0.000469595;2.98e-06;7.60319e-05;0.842868;5.76717e-05;5.83835e-07;0.133236;2.59472e-05;1.19507e-05;1.76357e-05;0.0187309;6.23344e-06;0.00449488
4.14364e-08;0.000191192;0.999802;2.43485e-06;3.34203e-07;3.39352e-08;5.50237e-08;2.52716e-08;2.94934e-09;1.05452e-07;8.76861e-08;3.22053e-07;3.02503e-06;3.70504e-08
1.77583e-05;0.967342;1.24182e-05;2.89235e-06;0.000175266;4.79486e-06;7.81249e-06;0.0258664;6.49705e-06;5.88067e-06;3.24639e-05;0.00592281;0.000374621;0.000227761
1.071e-05;0.991407;0.000380431;1.17393e-06;0.000106937;0.000288834;6.53349e-07;0.00148413;3.80949e-08;1.46075e-05;5.78366e-07;0.000644182;0.00560201;5.87801e-05
4.76108e-08;4.94921e-06;4.94247e-10;1.029e-07;6.51254e-08;5.78478e-08;4.42033e-09;5.62712e-08;2.205e-08;1.99964e-09;4.3139e-07;6.65372e-05;0.999927;5.77164e-07
1.16004e-05;0.000131952;1.49634e-07;5.73519e-06;1.43823e-07;2.18628e-08;4.96631e-08;9.20855e-05;2.42753e-05;9.34578e-08;1.29126e-05;0.999434;0.000286549;1.41769e-07
1.23964e-06;0.00340828;3.17333e-07;6.69642e-08;8.15632e-06;3.19937e-07;8.189e-10;0.996499;2.17175e-09;4.79468e-08;5.22955e-09;3.51297e-06;6.55489e-06;7.24504e-05
2.53685e-07;0.963345;2.21624e-05;1.67015e-05;9.9353e-05;0.000492101;7.72697e-06;0.000734738;1.00902e-08;5.65651e-05;3.06546e-06;0.000104756;0.0010907;0.034027
9.40104e-11;5.04309e-11;1;5.6139e-10;4.22709e-13;9.96691e-12;5.569e-09;2.56446e-10;7.47101e-10;3.14087e-11;1.79418e-08;3.09959e-09;7.92187e-11;5.94766e-15
3.23334e-06;0.000560371;0.017008;3.31832e-05;5.21468e-05;7.4464e-06;4.58129e-06;0.000127306;7.71423e-05;1.31681e-07;0.000103028;0.981956;4.94049e-06;6.22371e-05
0.000126563;0.0212541;9.48751e-06;2.47882e-06;0.000316466;0.0034222;1.1214e-07;0.00035986;6.9042e-05;2.26869e-07;5.93444e-06;0.00155632;0.972418;0.000459117
0.000212172;0.93272;4.13885e-05;2.57242e-07;0.00156567;9.94714e-05;6.81121e-09;0.00814004;2.8857e-06;3.32763e-08;2.62138e-07;0.0308743;0.00280216;0.0235413
2.10942e-06;0.935959;4.45023e-07;1.47665e-05;0.000505456;4.36701e-07;4.47363e-10;0.0620995;5.92145e-06;1.3532e-08;3.7755e-07;0.000757203;0.000114864;0.000540357
2.8341e-05;0.0441461;3.68034e-05;6.43304e-06;0.935183;6.33632e-06;7.65639e-10;0.00481669;1.56487e-08;6.11009e-07;1.88124e-08;0.00192345;7.69426e-06;0.0138441
8.77805e-08;1.07579e-06;4.14423e-10;4.14984e-10;3.03336e-06;3.85697e-10;6.2132e-13;0.999994;4.40153e-10;1.23477e-10;8.70918e-12;3.37494e-09;1.93779e-06;3.46201e-10
6.74798e-08;1.4463e-05;0.999851;8.69831e-07;4.64774e-06;1.06106e-06;1.44917e-10;2.23569e-08;1.33453e-10;3.98549e-06;9.60722e-10;0.000122297;1.58244e-06;9.33631e-08
1.88853e-05;0.982817;0.0001777;4.14692e-05;4.06734e-06;8.05402e-07;5.18694e-05;0.0134984;0.000625867;1.51408e-06;0.00124801;0.000803647;0.000548787;0.000162184
