2.27872e-06;0.99905;3.43846e-05;1.97298e-05;3.3175e-06;5.33736e-07;1.395e-07;0.000100449;6.20141e-08;4.79877e-07;7.31984e-08;1.82321e-05;0.000768315;2.21549e-06
6.45284e-07;0.98546;3.83415e-09;3.27058e-08;1.06134e-09;5.08511e-09;4.1441e-07;7.95363e-07;2.70125e-08;1.45086e-08;1.7311e-07;6.38085e-05;0.0144742;2.0598e-09
2.79719e-05;0.000878163;0.000410012;0.000216267;0.00467967;7.38345e-05;7.02333e-06;0.00128051;5.31232e-05;4.29335e-05;8.23196e-05;0.989911;6.27672e-06;0.00233112
2.81443e-05;0.0515816;2.52135e-09;3.27959e-06;0.00318385;3.56298e-06;1.00651e-05;0.944657;2.05589e-05;3.12222e-06;8.5593e-06;2.97585e-07;0.000494396;5.23804e-06
6.71149e-06;0.00308984;0.9917;0.000164962;0.000185337;0.000107439;9.74181e-08;6.76383e-07;3.38087e-08;5.32407e-06;5.84411e-06;0.00456197;0.000138791;3.26983e-05
0.00106471;0.703793;7.50185e-06;1.31957e-05;0.000102742;4.70359e-05;3.13616e-05;0.260225;0.000116842;8.33103e-06;0.000316864;0.00123083;0.0329812;6.08045e-05
1.06706e-05;0.00283913;4.58585e-08;3.16199e-06;9.88216e-06;1.49222e-05;6.43664e-08;0.049664;1.77675e-06;2.84185e-08;2.19266e-05;3.73516e-05;0.947383;1.40278e-05
1.80392e-05;5.67688e-05;8.69788e-08;2.93446e-07;1.92207e-06;5.70108e-07;1.13958e-08;0.00106361;1.98549e-05;1.62232e-08;1.32028e-05;0.997033;0.00177993;1.31465e-05
3.95372e-07;1.13229e-05;2.05256e-09;9.83298e-11;1.76668e-08;1.00153e-09;2.46567e-09;0.999985;6.51865e-08;8.89423e-10;5.73533e-10;1.59639e-08;3.2435e-06;6.90156e-10
5.76581e-08;0.000114632;4.05357e-06;7.04202e-05;0.00443733;0.000426735;2.18498e-09;2.33474e-06;4.23623e-07;1.34147e-06;1.69974e-06;0.0861455;1.81476e-06;0.908794
1.33456e-06;0.972427;2.72615e-12;1.46752e-07;3.29703e-07;3.3633e-10;8.94208e-07;0.027558;4.1918e-07;7.63249e-08;5.92406e-07;2.71992e-09;1.09567e-05;4.86519e-07
3.11736e-05;0.042362;0.289545;0.00107024;0.00108018;6.77252e-06;1.86512e-08;0.00017609;2.70542e-07;5.98522e-06;1.55597e-06;0.665442;8.57188e-06;0.000270741
0.000601549;0.0941467;2.51099e-08;4.25898e-05;0.00116763;4.64424e-06;0.00055008;0.85473;0.00119632;3.50911e-06;0.00072102;0.00107745;0.0457359;2.24538e-05
0.00119116;0.0142499;0.755218;0.156482;0.0437736;0.000226993;1.05399e-05;0.000114004;0.000323258;3.51006e-05;0.00455929;0.00726515;0.00970314;0.00684756
0.0146515;0.485599;5.71593e-06;7.55799e-06;0.00108462;1.75106e-06;1.94144e-05;0.0153675;0.000202203;8.86559e-07;2.27051e-05;0.000914001;0.448059;0.0340643
1.36117e-05;0.0494181;1.62906e-07;4.98638e-08;0.000631538;3.266e-08;3.44771e-08;0.949133;2.73552e-07;2.09822e-07;3.82098e-08;3.35675e-05;0.000751836;1.75767e-05
1.0658e-07;5.14241e-06;0.999952;3.07331e-07;1.72164e-05;4.56853e-06;1.46997e-09;8.11584e-08;2.05964e-09;9.1638e-07;3.90725e-09;1.93102e-05;2.45598e-07;3.50895e-07
0.000121118;0.277219;0.000215985;0.000597583;0.00126133;0.00210263;0.000588898;0.61696;0.0398166;2.90962e-05;0.0335216;0.00262269;0.0243774;0.000566106
