4.76315e-06;0.0178945;1.9038e-06;6.15547e-06;3.11377e-07;1.72411e-05;1.86257e-07;0.000605724;4.00244e-06;4.41304e-08;3.16987e-06;2.93651e-05;0.98136;7.28505e-05
4.73668e-05;0.0109253;2.89782e-05;1.35192e-05;0.000943888;0.00010738;2.92849e-07;0.000328863;5.71928e-06;4.93196e-06;3.16931e-06;1.98772e-05;6.73801e-05;0.987503
6.68816e-09;0.999978;3.4738e-11;5.48051e-12;2.13307e-12;1.71739e-12;1.09057e-06;5.43753e-12;4.8646e-11;1.40354e-08;1.02848e-11;7.58741e-12;2.21975e-10;2.07302e-05
1.10675e-12;8.76682e-13;1;9.40316e-13;7.94267e-12;1.15644e-13;1.26511e-11;2.90424e-13;3.25807e-13;1.05115e-12;8.24775e-14;5.80082e-08;1.75225e-15;1.73298e-12
3.10884e-07;0.982772;2.77725e-06;7.58717e-06;7.62251e-06;0.000264282;0.000928219;0.0127221;1.06472e-05;4.54572e-06;6.60547e-06;9.92572e-07;0.00326434;7.4695e-06
2.45057e-06;0.000159093;3.60428e-08;5.47754e-06;4.34147e-07;2.0397e-06;9.30342e-08;0.0104257;5.88322e-06;3.98089e-08;0.000123816;4.36549e-05;0.989231;6.18042e-08
0.000383705;0.00167121;0.000316125;0.000111397;1.51486e-05;3.15428e-06;1.67469e-06;0.00782502;0.000468492;5.41369e-06;0.000574143;0.968154;0.0203697;0.000100935
4.04589e-06;0.968501;3.07454e-08;4.46729e-08;4.51807e-08;4.01184e-08;0.000289124;3.06353e-05;2.4887e-08;0.000117846;4.79418e-08;2.09787e-08;4.99451e-06;0.0310522
1.45095e-11;4.5651e-12;1;2.24082e-10;1.22967e-10;4.0333e-11;1.80355e-11;1.33034e-13;1.39723e-11;4.56878e-11;4.82541e-10;4.68277e-07;4.39658e-14;4.95091e-11
3.01035e-07;0.997392;1.77659e-11;4.77818e-08;5.0255e-08;1.39845e-08;0.00215605;4.10744e-05;9.36457e-09;6.28549e-05;1.78063e-07;3.11726e-11;3.95681e-05;0.00030767
4.13798e-12;1.01837e-13;1;3.84072e-11;1.62179e-11;5.99763e-11;8.01759e-11;3.07873e-13;1.28189e-12;1.00656e-10;1.52503e-11;4.04803e-09;6.16529e-12;5.32958e-13
4.26285e-07;0.00916122;1.86193e-08;3.63763e-05;2.2499e-06;0.000638513;0.000337527;7.2318e-06;0.000133804;6.61816e-07;0.000488797;9.55372e-07;0.989189;3.55024e-06
1.35359e-05;0.0148761;0.984287;1.63674e-05;1.76118e-07;5.30352e-08;0.000266485;4.41808e-08;2.10677e-07;0.000391171;6.81632e-07;0.000109738;7.65682e-07;3.74463e-05
5.61198e-07;3.96433e-07;0.999946;5.19473e-06;4.573e-08;3.33725e-08;1.14061e-05;4.17444e-09;2.38331e-05;8.17172e-07;9.61412e-06;2.13326e-06;2.84808e-08;7.3255e-10
8.6685e-07;0.0100265;3.28063e-06;1.30245e-05;6.32471e-08;9.59315e-06;5.37238e-08;1.09641e-06;6.1039e-07;9.65705e-07;4.19996e-06;5.26217e-08;0.98994;4.4529e-08
1.03633e-05;0.00052347;0.967383;6.58927e-06;5.14445e-07;5.83147e-08;1.47454e-07;3.32882e-06;1.20384e-07;2.28691e-07;4.04899e-07;0.0320385;7.07982e-07;3.2571e-05
0.000244701;0.496281;0.000668376;5.65358e-06;0.000445242;0.000228593;4.44411e-05;0.00168653;0.000276933;4.93681e-06;7.93212e-05;0.000177555;0.499821;3.49005e-05
2.23915e-07;4.7503e-05;6.30869e-09;2.11793e-08;1.54382e-07;0.000374132;2.13176e-07;2.34845e-05;6.87616e-06;1.50205e-07;4.71237e-07;2.27632e-06;0.999544;1.4712e-07
1.47326e-07;2.01085e-06;0.999994;4.40775e-08;1.65713e-07;1.01667e-08;2.6522e-09;3.97696e-08;3.05045e-08;1.60074e-07;3.1644e-10;3.23278e-06;1.03359e-08;7.28379e-08
1.08376e-05;0.962789;4.59478e-06;2.76531e-05;2.82539e-05;1.69513e-05;2.25014e-06;0.0316445;0.00171066;1.45378e-06;1.87856e-05;1.05815e-05;0.00366119;7.29242e-05
