1.13923e-06;0.0175823;2.86579e-09;1.87147e-06;4.2714e-07;2.7722e-06;2.64968e-07;0.000291517;4.48485e-07;1.82439e-07;7.16152e-07;7.97941e-07;0.982117;8.90006e-07
4.36524e-07;0.000695229;2.35162e-08;8.44364e-06;9.99479e-06;9.79415e-05;5.9914e-09;0.0115369;2.70504e-08;8.17535e-07;4.40639e-07;0.987049;0.000344305;0.000256185
5.47014e-05;0.12062;2.81764e-07;9.13148e-06;1.48472e-07;2.34821e-07;1.50811e-05;0.000707612;1.36224e-06;6.90809e-07;3.03834e-05;7.09412e-06;0.878551;2.73187e-06
0.000668683;0.0086181;5.98969e-06;0.0747294;0.377977;0.0144708;1.25383e-05;0.40403;0.00601753;0.000706009;0.00522779;0.0363889;0.000426992;0.0707202
0.000115745;0.898676;0.00054052;4.45057e-05;6.22091e-05;2.68854e-05;4.43849e-08;9.48344e-05;2.59377e-08;6.93153e-06;7.43021e-07;0.00167184;0.0986305;0.00012877
0.000100645;0.0622255;4.71239e-05;6.62022e-07;7.9145e-06;5.7554e-08;3.72301e-06;0.0297627;2.19005e-05;4.52562e-08;0.000585635;0.90649;0.000753991;1.81243e-07
0.0001549;0.76243;0.000605312;0.00011414;0.0269184;8.06856e-05;0.000312616;0.194359;7.41778e-05;0.000305537;0.000199817;0.00354058;0.00893004;0.0019746
0.00101396;0.031315;3.68961e-07;0.00280399;0.00237815;0.00712649;0.000156172;0.00442927;0.0310091;0.000195397;0.0390423;0.711868;0.168496;0.00016581
0.000139892;0.999221;2.79106e-06;6.25806e-07;2.39367e-08;3.67795e-08;6.12661e-06;0.000265319;2.47903e-05;2.45338e-06;5.64873e-05;6.2412e-06;0.000273941;3.02689e-09
1.18967e-07;0.999482;1.40458e-13;6.21112e-07;1.19472e-06;3.81412e-09;4.90561e-07;9.48084e-08;8.79846e-08;1.05886e-05;1.27499e-07;0.000144709;2.3675e-07;0.000359659
1.02381e-05;2.76547e-06;0.999966;2.07874e-07;6.30344e-10;1.01478e-09;2.61285e-06;3.616e-07;4.48451e-06;2.17922e-08;1.18113e-05;1.06641e-06;5.78891e-07;1.09501e-11
2.28328e-07;0.99969;9.73242e-11;1.75442e-09;1.27173e-09;2.2954e-09;0.000244299;2.17677e-06;1.98445e-08;2.20619e-05;4.0605e-09;2.60039e-11;2.19347e-06;3.91328e-05
3.82754e-10;4.58165e-12;0.999999;1.38686e-10;1.91646e-10;4.42351e-11;4.16909e-10;1.72278e-11;3.79676e-10;2.83295e-10;2.9065e-11;1.10051e-06;3.83778e-13;3.87804e-12
0.000840264;0.0515544;1.39887e-06;0.000306647;0.00122294;4.13406e-05;0.00178938;0.841495;0.085545;5.80587e-05;0.00636596;1.66748e-05;0.0105331;0.000229358
0.0261515;0.201161;0.000360261;0.00426496;0.00311001;0.000384798;0.00175589;0.54776;0.177418;0.000989589;0.0134892;0.0116336;0.00522653;0.00629415
0.00084222;0.486071;5.2446e-06;8.63677e-06;0.000102243;0.00033954;4.32444e-05;0.0856755;0.000228142;2.39585e-05;0.000123826;0.0199948;0.405363;0.00117851
0.000810483;0.00568368;1.46386e-05;7.82181e-05;0.000663414;0.000143873;3.78251e-06;0.502463;0.000569294;1.2321e-06;0.000869311;0.206284;0.281185;0.0012302
3.84713e-05;0.68452;4.24243e-06;2.7344e-05;0.00323667;0.000103975;9.52623e-08;0.205858;2.95258e-05;7.2228e-07;6.50535e-06;3.74944e-05;0.086215;0.0199215
5.20806e-07;0.996422;5.38903e-06;1.08246e-05;2.94596e-05;2.19477e-05;1.12228e-07;0.000561135;3.2371e-07;3.44814e-06;1.192e-06;0.00203586;0.000427475;0.000480701
4.34231e-07;0.000104823;6.39793e-06;5.4569e-05;0.139435;0.825413;5.2357e-06;0.00294574;8.60078e-06;0.000159625;7.0259e-05;0.000403814;4.09328e-05;0.0313521
4.17762e-06;0.0112224;7.57438e-09;3.02416e-06;1.24596e-06;1.52239e-05;6.71309e-07;0.000164783;2.41454e-06;3.12494e-08;0.000140728;9.74274e-05;0.988348;1.35319e-07
0.000254182;0.315377;6.34791e-06;9.49152e-06;3.16103e-05;5.50159e-06;5.28449e-07;0.00114894;1.31602e-05;2.2325e-06;2.4466e-05;0.511258;0.171673;0.000195876
1.51395e-07;0.996881;1.50289e-10;6.56056e-10;3.40286e-10;1.35291e-09;2.59903e-08;3.74437e-08;3.19394e-09;1.67443e-09;4.0385e-09;0.00167703;0.00144175;2.36078e-09
2.29437e-06;0.00496492;5.16439e-06;1.965e-05;1.76371e-05;8.52158e-07;1.09702e-06;0.00306512;1.96302e-05;5.93265e-07;0.000332677;0.991535;3.39914e-05;8.97832e-07
1.84211e-07;0.982866;1.34871e-08;3.70432e-05;0.000258531;5.3062e-05;1.61039e-08;0.00025046;1.92291e-07;2.46338e-07;2.48876e-05;5.83532e-05;0.0125171;0.00393446
2.23462e-05;0.0689404;2.30288e-05;4.86651e-06;9.19199e-07;6.27262e-07;5.79853e-06;0.0011833;2.19618e-05;2.42959e-06;0.000382502;0.0047187;0.924693;4.90585e-07
9.14605e-05;0.461951;3.4681e-05;0.00048371;0.0285193;0.00054042;4.36356e-05;0.495792;0.00127303;0.000403366;0.00481578;0.00204555;0.00360391;0.000402019
6.58014e-06;0.793903;9.46714e-08;9.48475e-09;4.3838e-06;1.19321e-08;1.29923e-08;0.20602;5.30233e-10;1.05395e-06;9.80255e-10;2.41854e-05;4.04485e-05;2.57285e-07
3.44234e-07;0.000209045;1.75837e-06;6.79094e-07;0.000172878;1.08037e-05;4.56295e-08;0.000207261;6.22222e-08;5.88076e-07;2.36866e-07;0.997557;6.51508e-06;0.00183254
0.000122333;0.080566;3.90932e-07;2.40968e-05;4.77611e-05;2.72637e-06;3.22948e-05;0.0960485;0.000217684;1.4346e-06;0.00118595;6.47663e-05;0.821686;2.81278e-07
4.32332e-06;0.999702;8.82186e-06;2.30908e-06;2.06501e-07;1.10679e-09;2.82038e-08;0.000116323;8.6414e-08;3.2121e-08;1.56295e-08;0.000115475;4.79631e-05;2.25356e-06
1.79545e-07;0.99984;7.24704e-12;1.63988e-09;2.92497e-10;1.07938e-09;6.24449e-08;1.80966e-06;1.63933e-09;1.20203e-08;2.62546e-09;9.06529e-06;0.000148714;4.4486e-09
4.17856e-06;0.00434624;0.000223091;7.46984e-06;2.38133e-05;4.70815e-05;3.774e-07;0.00015035;1.07191e-07;1.8251e-06;2.13626e-06;0.994757;0.000330036;0.000106522
2.23924e-05;0.00188943;1.31568e-08;2.81184e-06;3.94208e-05;5.96747e-05;0.984851;0.000313093;0.000194674;0.0054578;0.000119149;7.68414e-08;1.35102e-05;0.00703672
1.82841e-08;1.7325e-08;1;3.64139e-09;1.41815e-10;2.81781e-10;1.63855e-08;1.94258e-09;4.42594e-09;1.1187e-10;6.8195e-09;9.18988e-08;1.40179e-08;1.8314e-12
3.56636e-06;0.99867;4.40049e-08;3.93724e-07;5.46977e-08;7.87914e-08;1.2595e-08;0.000947013;5.47029e-07;6.50291e-08;2.82295e-07;9.47368e-06;0.000353415;1.4764e-05
3.06468e-07;0.000111424;8.65487e-11;2.86531e-07;0.00276312;3.0681e-07;1.55012e-08;0.997113;1.12295e-06;3.25468e-06;2.68802e-07;2.27805e-06;1.05117e-06;3.54168e-06
3.0353e-07;1.35219e-07;0.999998;4.8418e-07;1.64078e-08;1.80861e-08;2.33286e-08;1.4715e-10;1.09873e-09;4.0322e-07;5.30686e-07;5.39647e-07;3.40555e-08;3.37934e-10
6.04967e-06;0.000674442;6.70061e-09;3.45739e-09;1.85298e-10;1.39763e-09;0.997866;5.2534e-08;6.09084e-07;0.0014422;1.01387e-05;3.05874e-12;1.40984e-08;4.98245e-07
2.75756e-12;1.13691e-12;1;7.57662e-13;1.1901e-14;2.01998e-14;1.02667e-11;7.10121e-14;9.7501e-12;1.10812e-12;1.13667e-11;4.19326e-10;2.96137e-14;1.66439e-15
