2.73571e-06;0.999343;0.000151033;0.000224144;4.04005e-07;1.45893e-07;3.00114e-07;1.66504e-05;5.14427e-07;4.37179e-07;1.10036e-06;5.43037e-06;0.000246019;8.27727e-06
4.38819e-05;0.719289;1.63906e-08;1.79716e-05;1.85282e-05;7.48702e-06;6.87796e-08;0.273276;1.91715e-05;3.61461e-07;1.8645e-05;0.00260688;0.00339993;0.00130197
1.42627e-05;0.207726;1.61441e-06;2.07976e-06;1.96681e-05;6.57338e-05;0.000726748;2.24823e-05;6.1496e-08;0.00392411;2.06457e-06;8.17157e-06;0.000992995;0.786494
5.45872e-09;5.18702e-11;1;1.17029e-09;7.09032e-09;1.74663e-10;7.08726e-09;6.00506e-11;7.89186e-09;8.68002e-10;1.35123e-08;1.31023e-07;8.90612e-12;5.44209e-10
4.34109e-05;0.946428;1.69559e-05;1.76828e-05;0.00011909;7.85303e-07;0.00019701;0.0377963;0.00907192;4.16173e-06;0.00339668;0.000280804;0.00262348;3.14977e-06
7.30382e-06;0.928018;8.53258e-08;4.16546e-05;0.000190001;5.5308e-05;2.7229e-08;0.00177125;4.73659e-05;1.01476e-05;8.67217e-05;0.0686515;0.000351558;0.000769486
7.76442e-05;0.950248;1.83684e-07;7.34947e-06;4.1274e-07;3.35676e-06;4.42157e-06;0.000548441;0.000198082;2.34477e-06;0.000595063;0.033172;0.0151347;8.42663e-06
2.03447e-05;0.974118;2.04743e-09;3.37307e-08;2.24516e-09;4.30827e-08;2.33609e-06;1.20108e-07;1.56144e-06;1.84105e-08;5.18301e-07;0.0115609;0.0142965;1.333e-08
0.00101514;0.0642836;0.000160307;2.16027e-05;0.00256763;0.000436007;6.42914e-07;0.230527;0.00190808;5.84774e-07;1.17995e-05;0.0440475;0.654879;0.000141062
0.0018345;0.52034;0.000103114;8.41878e-05;0.00311583;0.0541052;0.000319124;0.138967;0.00770348;0.000234351;6.83775e-05;0.0279849;0.0322395;0.212901
0.00158;0.0267465;1.52312e-06;4.47937e-05;2.31921e-05;9.80561e-06;2.25651e-05;0.249357;0.01197;9.31009e-07;0.000279743;0.105066;0.604886;1.19497e-05
9.79827e-06;0.00821721;0.991529;1.29012e-06;2.0215e-06;2.12293e-08;3.00206e-06;3.18633e-06;2.54397e-06;5.49858e-07;4.2036e-07;2.7839e-05;0.000180229;2.24623e-05
6.42332e-06;0.9897;2.4378e-10;9.47186e-08;2.52705e-05;5.76476e-09;2.34358e-06;0.00127209;8.60452e-07;1.75048e-07;1.65416e-07;4.74013e-06;2.38238e-06;0.00898568
5.30681e-06;0.00201794;0.0164016;2.70412e-06;0.000150422;0.000108838;1.9072e-06;2.4179e-05;6.25949e-08;9.2343e-07;7.63382e-07;0.980932;0.000294399;5.92759e-05
7.05065e-07;0.966222;3.36222e-08;1.09677e-07;5.66594e-07;2.45118e-07;0.00305582;0.0306056;1.15414e-06;3.86903e-06;1.34078e-06;2.08268e-10;9.5816e-07;0.000108029
3.85011e-11;8.92163e-11;1;9.32268e-12;3.13641e-12;2.9251e-12;5.31344e-11;3.67978e-11;4.81689e-12;3.76138e-12;5.34867e-12;1.88251e-09;1.56374e-10;3.84196e-13
3.54194e-06;0.00978557;5.16134e-07;7.17051e-06;4.53543e-05;5.15023e-06;4.31287e-08;0.116888;2.51195e-05;2.01746e-07;3.72227e-05;0.0462183;0.826983;9.63551e-07
3.07332e-05;0.216431;7.10413e-05;7.11825e-05;7.56038e-06;0.000221791;6.95325e-05;0.563132;0.000126471;7.06298e-05;0.000246091;0.00181502;0.217694;1.38024e-05
1.37938e-05;0.0102135;1.75543e-07;0.00048779;0.00017055;0.00017462;2.38314e-05;0.000434818;4.91995e-06;0.000278779;0.000326284;0.962809;0.0224473;0.0026146
2.16786e-06;0.00856643;9.67296e-09;2.38731e-07;5.20166e-10;1.01713e-09;0.990361;1.76736e-08;7.65511e-08;0.00106714;2.1295e-06;7.90656e-08;3.19658e-07;5.38732e-07
4.33762e-09;9.20377e-10;0.999999;1.97686e-08;2.16836e-10;2.63823e-09;6.20114e-07;1.80733e-10;7.57301e-08;5.48646e-09;2.16939e-08;2.76561e-09;2.16396e-09;1.79827e-11
2.49084e-06;0.999269;1.51506e-06;3.21222e-05;8.42947e-07;9.43864e-09;1.45295e-05;0.000518303;1.08677e-06;1.63482e-06;7.28727e-07;3.33188e-05;0.000124466;5.44116e-08
3.41926e-05;0.148148;2.19747e-06;8.92524e-05;1.5692e-05;2.16172e-07;4.10534e-05;0.835531;0.000197604;4.67184e-06;0.000633958;0.00101824;0.014284;1.47526e-07
5.97237e-07;0.0625276;3.90744e-09;5.60525e-05;8.06953e-05;1.07467e-05;1.19474e-07;0.000512443;5.4409e-07;1.05088e-05;4.34071e-06;0.930981;0.000413843;0.0054011
2.16647e-06;0.0544869;2.06746e-08;2.05895e-07;2.58236e-09;3.92921e-08;0.930437;3.64803e-07;9.04459e-07;0.0150583;2.77533e-06;2.51539e-09;1.51491e-06;1.00733e-05
2.2083e-09;1.38573e-10;1;1.52028e-08;6.63934e-10;2.68576e-09;1.42949e-08;2.93552e-11;8.84531e-09;2.63131e-08;2.40124e-08;3.53565e-09;1.90008e-10;1.57547e-11
3.6402e-06;0.999453;9.1394e-07;8.17192e-06;6.49681e-07;3.62245e-08;3.16111e-07;0.000208903;7.86266e-07;1.75463e-06;1.47934e-06;3.70496e-05;0.000283421;4.78852e-08
9.36817e-06;0.993654;4.76125e-08;0.000189791;3.59129e-05;2.56164e-06;6.43887e-06;0.000374615;3.23531e-06;5.73878e-05;3.27523e-05;1.54435e-06;0.000458143;0.00517413
2.11787e-05;0.995432;1.28919e-06;0.000423658;0.000224497;2.28795e-06;5.25425e-05;1.63843e-05;8.43068e-06;1.20094e-05;4.22914e-06;0.000176236;5.29398e-06;0.00361983
0.000253207;0.00892536;3.83612e-07;0.00254447;0.00573641;0.000797442;4.90128e-05;0.977074;0.00144679;1.29894e-05;0.00140443;0.000818817;0.00017267;0.000763702
0.000105791;0.989489;8.0233e-08;5.96389e-06;1.16736e-06;2.26054e-07;4.20914e-05;0.00944211;1.44297e-06;2.5114e-06;8.73183e-06;3.0691e-06;0.000892028;5.37224e-06
8.00526e-07;0.974713;1.34012e-08;3.45342e-06;2.02144e-06;7.60957e-07;9.22541e-09;2.58202e-05;3.44689e-07;9.43589e-08;1.55974e-07;0.000166525;0.0246909;0.000395893
5.96363e-06;0.000702784;2.17788e-05;3.10878e-05;0.000523307;1.67274e-06;4.25415e-08;0.00127129;1.10202e-05;1.75999e-07;8.00279e-06;0.997317;9.85438e-05;7.01244e-06
1.52361e-07;0.000869703;1.51777e-09;1.18144e-06;0.00239889;1.40962e-07;4.03361e-09;0.996715;9.71186e-08;6.0871e-08;1.95502e-07;1.08147e-05;3.89082e-06;2.14344e-08
5.14824e-06;0.000992232;0.997967;9.63998e-05;3.1758e-05;0.000254989;4.74834e-06;1.27838e-05;1.00736e-07;0.000217211;2.49088e-06;4.60054e-07;0.000395985;1.88431e-05
6.50772e-07;5.99411e-09;0.999946;1.28087e-07;5.55769e-11;8.14449e-10;4.77775e-07;1.55604e-08;7.33072e-06;3.17532e-09;4.52836e-05;9.45521e-08;2.33606e-07;4.82661e-11
9.09836e-07;0.000805734;0.000346423;3.78659e-06;1.016e-06;3.63015e-07;5.36532e-09;0.00223758;3.35305e-05;1.71505e-08;1.25104e-05;0.996496;5.26357e-05;9.62821e-06
8.51881e-06;0.0157377;2.37558e-07;3.02142e-06;2.07005e-06;0.000142285;1.23766e-07;0.000212807;5.90916e-05;2.53121e-07;7.67909e-05;1.12143e-05;0.983715;3.07726e-05
2.04738e-06;0.000888716;2.84046e-05;4.58764e-08;4.77078e-06;8.36295e-09;1.89298e-10;0.00126632;5.95071e-08;1.78606e-09;2.48016e-07;0.997808;1.91637e-07;1.04922e-06
1.06127e-05;0.0271538;8.1834e-05;3.27303e-07;0.000607747;7.2988e-07;2.80012e-10;0.971969;3.90652e-08;1.91559e-08;1.08232e-09;1.89678e-05;6.06729e-05;9.57943e-05
6.31327e-08;0.000172877;6.71284e-11;3.71274e-09;1.4133e-05;6.40763e-09;6.4238e-12;0.999789;5.03691e-08;3.74772e-10;1.8803e-10;1.68778e-08;2.41423e-05;1.64035e-09
2.58671e-07;5.86686e-05;0.999885;2.16234e-06;5.81502e-06;2.67226e-06;5.51643e-10;1.41756e-06;1.94589e-09;4.82068e-06;1.32284e-09;3.78214e-05;1.1528e-06;1.60515e-07
1.37198e-05;0.949892;0.000193389;7.28289e-05;1.76988e-05;2.07959e-06;1.63989e-05;0.0467708;0.00109098;2.94222e-06;0.000225764;0.000891976;0.000769226;4.04615e-05
