5.90751e-06;0.997446;0.000102204;2.43481e-05;5.06048e-07;2.4362e-07;1.37271e-07;3.63876e-05;4.47299e-08;1.02423e-06;1.33638e-07;1.61835e-05;0.00236184;5.20294e-06
2.26908e-05;0.993957;6.21964e-09;3.69971e-05;2.77612e-05;1.4216e-05;1.2652e-06;0.00367832;3.46908e-05;4.40397e-06;2.52368e-05;0.00184207;0.000284136;7.15891e-05
1.08113e-06;0.994369;2.05982e-07;1.72401e-07;1.19204e-06;2.465e-07;8.28653e-08;0.00552305;1.69275e-08;1.72772e-06;5.13609e-08;1.63475e-05;7.05749e-05;1.65542e-05
3.36185e-05;0.00158434;6.35346e-07;8.14021e-06;0.000905945;5.37586e-05;8.29526e-06;0.00584882;0.000108601;5.93584e-06;8.32629e-05;0.991053;0.000108862;0.000196926
2.3411e-06;0.998133;1.20759e-08;1.42607e-09;5.28994e-10;1.3137e-08;5.93684e-07;6.73802e-07;9.37633e-08;6.00822e-09;1.49567e-09;1.20308e-06;0.00186165;3.21663e-09
2.95843e-06;0.0395984;7.24803e-05;1.06999e-05;3.76592e-05;9.46099e-05;2.64794e-08;0.000104719;2.23681e-06;2.49178e-07;1.03908e-06;0.959608;0.000145475;0.000320891
2.96174e-06;0.990725;8.79804e-11;1.73537e-06;9.93148e-05;7.67012e-05;6.83629e-08;0.00157958;7.4366e-07;3.25126e-07;1.72129e-06;0.00586327;0.000830561;0.000817754
6.47533e-06;0.00956281;1.98167e-06;3.4128e-07;1.99209e-06;4.51447e-06;2.32115e-08;0.0192812;3.44507e-09;1.34242e-08;3.21623e-07;0.886301;0.0847621;7.72727e-05
8.49019e-07;0.991049;2.85586e-07;9.72615e-07;8.87289e-07;1.53535e-07;0.00025183;0.00708107;8.79751e-08;1.71351e-05;5.85609e-08;2.69368e-08;6.69487e-06;0.00159075
9.09415e-11;8.56855e-11;1;2.57722e-10;4.4504e-11;1.04158e-12;1.72941e-09;8.4983e-12;3.27525e-10;3.23979e-11;2.14472e-09;1.05267e-09;3.69107e-11;2.62535e-12
2.89419e-06;0.995912;2.5437e-08;8.37192e-08;4.47013e-08;4.35623e-09;0.00374805;8.73508e-06;1.51155e-07;0.000241086;4.04137e-07;3.36389e-08;2.81717e-06;8.38987e-05
8.24522e-10;2.50105e-10;0.999999;5.93854e-09;3.85762e-09;9.55279e-11;7.46296e-08;1.88398e-11;7.18751e-10;9.59357e-09;4.6126e-09;1.29712e-06;4.53127e-13;1.32704e-09
0.000100755;0.755571;2.17761e-06;0.000448682;4.62716e-06;3.08807e-06;0.0208187;0.136914;0.0102793;0.00010674;0.0193383;1.54748e-05;0.0563939;3.14527e-06
3.1807e-05;0.909227;0.0121168;0.0113959;0.000104805;1.39683e-05;2.76747e-05;0.000266991;2.70621e-05;0.00032747;0.000105964;0.0457141;0.000227295;0.0204127
1.79215e-06;0.998567;9.67709e-10;6.30951e-07;4.84549e-08;2.51423e-06;4.39237e-06;0.000536272;9.64176e-08;1.6355e-06;3.77728e-07;3.10895e-07;0.00086918;1.56458e-05
2.80855e-06;0.00934787;6.45715e-10;1.92055e-06;7.56537e-06;8.45995e-06;4.14969e-07;0.01802;9.92153e-07;6.7554e-08;4.7684e-06;5.40514e-05;0.972549;2.42875e-06
6.52512e-05;0.000626702;5.29355e-07;6.50752e-05;4.91255e-05;5.63989e-07;3.13765e-06;5.26856e-05;0.000110399;3.12765e-06;7.03522e-05;0.998775;0.000173599;4.62917e-06
0.000119016;0.00555215;4.67096e-06;2.91351e-07;5.49194e-05;1.69118e-06;8.12491e-08;0.993945;9.15169e-07;2.29045e-07;6.36909e-08;0.00022508;6.52864e-05;3.0516e-05
2.57975e-07;0.995335;1.62058e-05;1.11636e-06;7.91791e-05;3.66249e-05;1.03644e-06;0.000624386;1.72824e-08;3.53812e-06;1.38561e-07;1.97413e-05;0.000191458;0.0036918
4.18383e-11;5.7127e-10;1;9.2798e-11;1.65473e-11;5.06047e-12;1.23614e-09;6.77633e-10;1.86869e-11;8.76893e-11;9.51527e-11;1.22985e-08;6.84045e-11;8.59222e-13
5.37733e-07;0.000186607;0.0179327;1.14909e-05;5.49825e-06;8.57621e-06;5.3449e-07;1.08904e-06;1.22378e-05;1.06056e-07;1.31498e-05;0.981781;4.12078e-05;4.85039e-06
6.58997e-05;0.740366;6.10643e-07;1.11794e-06;0.000317691;0.000941655;1.55696e-07;0.0768009;1.32141e-06;2.12108e-07;1.26769e-06;0.000572888;0.180784;0.000146383
1.36108e-06;0.980241;1.66453e-08;1.13195e-06;4.33296e-05;1.26552e-06;0.00018502;6.89046e-06;7.92664e-08;0.000413315;6.56827e-08;0.00329729;2.095e-05;0.0157886
2.51672e-06;5.4522e-06;0.990656;1.10593e-07;9.01466e-08;1.57726e-08;1.241e-08;0.00932998;5.05191e-06;7.69412e-10;1.22673e-08;1.00895e-08;2.1281e-07;2.87528e-11
2.97824e-08;0.999893;2.8996e-08;2.90208e-09;2.40264e-10;7.43085e-11;1.37598e-11;5.12479e-06;1.40028e-11;2.19682e-10;8.34986e-13;5.40293e-08;0.000102213;1.25897e-10
1.53598e-06;0.986285;1.21782e-08;2.63363e-06;2.42747e-05;3.13569e-06;6.31126e-09;0.00345425;8.17525e-08;1.09879e-06;2.57656e-08;0.000457738;0.00957227;0.000197515
8.23925e-05;0.533363;9.0665e-05;0.0423838;0.0408304;0.00114327;0.000269544;0.00434159;4.93934e-05;0.00881448;0.00108557;0.0285964;0.00149392;0.337455
0.00263341;0.0570452;3.18891e-05;0.000473383;9.91488e-05;0.0013183;0.000442281;0.00143129;0.000127038;0.000409518;0.00682546;0.841169;0.0724387;0.0155549
1.72932e-06;0.998293;4.1497e-09;9.09703e-08;8.03568e-08;5.56066e-08;0.000411901;0.000833374;4.92042e-07;2.05767e-05;2.72127e-07;1.35451e-09;0.000402333;3.58447e-05
1.36768e-10;1.9529e-10;1;3.50593e-10;5.01927e-11;8.11346e-11;1.17167e-07;1.42444e-11;1.51669e-10;2.25644e-08;2.07357e-10;7.2351e-12;2.67486e-11;1.22841e-12
1.02447e-08;2.93702e-07;0.999999;1.83542e-08;8.74564e-10;1.45125e-10;3.83068e-07;3.03009e-08;4.31597e-08;7.05758e-09;3.72954e-08;2.14042e-07;1.29923e-07;1.18443e-11
2.04568e-07;0.000757479;0.0158471;1.07371e-05;4.09478e-06;1.38268e-06;7.48361e-07;2.07275e-05;3.51657e-06;2.78779e-06;6.17902e-06;0.982813;1.93942e-07;0.000531783
4.79942e-08;1.27712e-07;0.997981;3.58034e-07;0.00164044;0.000144518;1.03085e-08;4.52569e-06;3.24651e-08;9.60345e-08;1.07986e-07;3.2215e-07;2.14536e-07;0.000228575
2.27148e-09;0.999945;2.98009e-07;1.08937e-09;2.59351e-07;4.08499e-08;1.42894e-07;4.14083e-08;7.47415e-14;6.09466e-07;9.08614e-12;2.54463e-09;2.93187e-08;5.35071e-05
2.33356e-12;1.08458e-09;1;5.5365e-14;9.44212e-14;1.39631e-13;8.40988e-13;1.88424e-13;1.21076e-14;5.48237e-14;9.66408e-15;1.59467e-08;6.68889e-12;9.70088e-15
1.28389e-05;0.0152735;9.51633e-08;1.7107e-05;0.00150773;0.000125785;2.31088e-06;0.980713;0.000325813;3.7479e-06;3.85615e-05;0.000727911;0.00112531;0.000126736
1.29521e-06;0.993446;9.80681e-10;6.56697e-07;4.4703e-07;9.32531e-07;8.43485e-09;0.00624895;4.92058e-08;1.1648e-07;4.03042e-09;0.000148355;0.000153097;2.24725e-07
6.83728e-06;0.987047;4.51568e-06;3.19781e-06;6.02987e-07;1.61953e-06;8.60893e-07;0.0024343;1.30755e-06;1.09362e-06;4.79065e-06;0.000478459;0.0100151;5.5505e-07
1.83184e-06;0.00533611;3.29872e-08;2.22729e-05;0.00138495;0.000763074;1.40949e-07;0.000659389;1.71869e-07;4.54751e-05;1.34191e-07;0.000993976;0.0013748;0.989418
0.00016478;0.0011648;2.75883e-09;4.61713e-05;5.9988e-06;1.40916e-05;1.58659e-05;0.00404515;0.000128484;2.01899e-06;0.000737255;2.23246e-05;0.993636;1.65158e-05
6.06298e-06;5.44426e-05;5.73624e-09;8.13309e-07;9.55569e-08;1.26726e-08;1.27386e-07;1.09554e-05;3.46951e-05;8.81831e-08;5.18698e-06;0.999876;1.11331e-05;5.21517e-07
1.05712e-06;0.422567;3.76546e-05;2.91108e-06;2.0645e-06;6.67385e-06;1.42037e-09;6.51844e-06;1.57513e-09;2.70338e-07;2.53829e-08;7.55645e-06;0.577367;3.55175e-07
9.23975e-07;0.000343916;6.90282e-07;9.08704e-06;1.78076e-05;4.76394e-07;4.41766e-08;0.0335813;3.71139e-07;1.18369e-06;2.16179e-06;0.966015;3.23836e-06;2.41573e-05
1.12239e-05;0.231327;0.00025211;0.000169347;0.0137755;0.000136216;2.30255e-07;0.735613;1.05194e-07;2.14935e-06;3.33975e-06;0.0137715;0.00419038;0.00074802
1.73358e-07;3.00297e-06;2.69539e-09;5.49701e-09;4.27407e-11;5.15957e-07;1.81937e-08;1.05025e-08;5.41101e-08;9.29774e-09;4.6387e-07;4.98213e-08;0.999996;2.06124e-10
2.22934e-08;2.40416e-06;0.999996;4.49852e-08;8.45553e-10;4.69198e-10;1.53943e-09;4.40416e-09;1.37227e-09;5.9502e-08;1.41825e-09;1.7758e-06;2.83361e-09;1.74516e-09
1.50682e-06;0.990885;1.41616e-05;0.000123912;9.07673e-06;6.38835e-06;1.73651e-05;0.00585884;0.00022396;4.5984e-06;0.00100925;1.91155e-05;0.0017438;8.28616e-05
