4.64763e-08;0.998886;3.0572e-11;2.03871e-10;7.07494e-11;6.84834e-10;1.96098e-08;1.73868e-07;2.3088e-09;1.9955e-10;4.96607e-09;8.3009e-07;0.00111253;5.37338e-10
1.16761e-06;0.841059;4.36969e-07;1.13342e-06;2.98409e-06;8.96824e-06;1.55708e-06;0.000139529;1.75415e-06;2.05951e-06;8.23324e-07;0.157993;7.42475e-05;0.000713503
4.70422e-05;0.255284;1.42597e-06;0.000796784;0.0608965;0.0107536;1.8133e-06;0.199672;0.000196064;7.66177e-06;0.000429032;0.103898;0.365388;0.00262867
8.76608e-05;0.172937;0.00251425;4.87526e-06;1.31567e-06;6.32206e-05;3.83417e-07;0.035844;9.33897e-07;1.13818e-06;1.92499e-06;0.0680694;0.720472;1.31542e-06
4.05622e-05;0.0107328;1.92109e-06;0.000194712;0.00032632;0.000130077;5.44875e-06;0.00197099;9.79354e-06;2.47747e-06;0.000760439;0.00607465;0.979523;0.000226365
0.000451493;0.135075;0.0010986;0.000166772;0.000440599;4.56113e-05;5.15932e-06;0.0125426;5.72389e-06;1.07087e-05;2.64544e-05;0.823781;0.0262441;0.000106781
0.000141117;0.0345712;0.000125868;2.96657e-05;0.00069755;5.88603e-05;1.08263e-05;0.944247;0.000368006;1.63401e-06;0.00051377;0.00010617;0.0190647;6.3156e-05
8.71822e-07;0.97133;1.56903e-06;1.78265e-05;1.75477e-05;0.000108602;0.00621221;3.04332e-06;2.21129e-07;0.0046326;3.27443e-06;6.12004e-08;0.000412164;0.0172605
1.04357e-10;6.23801e-13;1;1.44282e-10;8.25222e-12;2.3818e-12;1.04935e-09;7.03626e-14;1.54851e-10;2.58486e-11;3.52605e-09;2.09385e-10;1.08474e-12;1.17214e-13
2.03582e-05;0.839295;1.8563e-06;3.22156e-06;6.35464e-06;1.03382e-06;0.158874;0.00073186;0.00020647;0.000316082;0.00021636;4.67926e-07;1.16502e-05;0.000316001
2.00892e-11;3.07694e-11;1;8.28061e-11;1.10326e-10;5.98663e-11;4.00996e-10;9.96734e-12;1.35368e-10;5.90648e-11;2.64843e-10;1.99077e-08;5.72511e-11;1.09373e-11
5.02338e-05;0.112044;2.19108e-07;4.13466e-06;0.00155764;0.000636652;1.70216e-06;0.362191;0.000343101;8.4853e-07;0.000422732;0.000133065;0.522417;0.000196853
8.57772e-08;0.953175;2.05509e-06;3.61627e-07;1.64942e-06;2.96563e-07;6.96977e-09;0.000419919;8.66098e-09;1.85994e-07;7.39982e-08;0.0461805;0.000180572;3.93512e-05
9.04656e-08;0.000230275;2.50863e-09;2.28494e-06;0.990969;0.000298076;7.46951e-08;0.00814861;3.22661e-07;1.55081e-06;8.54358e-07;2.08255e-06;0.000184552;0.000161849
0.00024609;0.00389198;0.988927;0.0016838;0.00013326;6.49822e-05;2.84873e-06;9.54479e-05;5.53885e-05;4.82551e-05;0.000208292;0.00335917;0.00123005;5.29511e-05
0.000684178;0.994329;0.000220072;2.23563e-05;3.93947e-06;4.20381e-08;8.93819e-06;0.00445606;9.79385e-05;7.39307e-07;1.59549e-05;0.000136534;1.5491e-05;8.82594e-06
7.12618e-06;0.997712;1.55012e-08;1.74601e-08;7.23216e-09;9.2753e-09;1.07052e-05;2.00108e-05;3.47443e-06;3.59724e-08;1.95607e-06;0.000125833;0.00211923;5.25578e-09
6.50507e-07;0.00422127;7.08167e-06;5.00709e-06;3.24443e-05;0.00019012;1.71297e-08;0.00109325;3.02273e-06;7.97019e-08;5.49556e-06;0.991746;0.00219803;0.000497849
3.56515e-06;0.919047;4.86561e-07;5.70532e-06;2.24567e-05;3.12846e-05;1.78298e-06;0.0253881;2.63321e-05;1.59017e-07;2.21774e-05;0.00158881;0.0537574;0.000104488
3.78063e-05;0.11815;0.00728873;0.00080607;1.79667e-05;3.33496e-05;1.05467e-06;0.0345933;9.85119e-05;2.19881e-06;4.79275e-05;0.688747;0.150172;3.40506e-06
7.34301e-05;0.80412;2.18008e-05;0.000156604;5.77692e-05;0.00316873;5.0867e-06;0.121465;1.27705e-05;2.19154e-05;4.89031e-06;3.08149e-05;0.0708492;1.17654e-05
0.000322996;0.147111;5.65471e-06;0.000585337;5.12069e-05;0.000231196;2.44231e-05;0.036902;0.000350415;1.43673e-05;0.000574102;0.000121381;0.813618;8.802e-05
2.96864e-05;0.0133401;2.57454e-06;2.82013e-05;1.20598e-06;4.94193e-07;1.76274e-07;0.0001873;3.43895e-05;1.11516e-06;0.00010901;0.986218;4.53862e-05;2.01064e-06
6.50321e-06;0.999261;2.11367e-06;5.93586e-06;1.95824e-06;1.67666e-07;1.0869e-07;0.000103497;1.22862e-07;5.78429e-07;2.1485e-07;0.000510581;0.000106167;8.1992e-07
3.58581e-07;0.998225;1.72268e-10;4.00547e-09;5.81051e-10;2.25858e-09;1.12446e-07;5.50985e-06;5.07374e-09;6.29502e-09;3.77014e-08;4.15132e-05;0.00172776;1.08784e-09
1.24797e-06;0.00211996;3.17309e-05;1.55965e-06;5.72681e-06;7.93638e-08;2.32651e-07;0.0290486;1.0077e-06;1.64466e-07;1.12783e-05;0.968777;1.51091e-06;2.36037e-07
7.99392e-07;0.987788;7.94652e-08;9.53864e-05;0.00226661;0.000282275;1.19608e-07;0.000659912;2.43647e-06;3.47414e-07;3.41632e-05;0.000147663;0.00278379;0.00593883
0.000319432;0.0859778;9.70072e-06;0.000100787;1.67116e-06;1.42345e-06;2.76144e-05;0.00488034;0.00143966;3.32515e-06;0.00438109;0.253773;0.649083;4.4948e-07
1.19358e-05;0.0018781;1.40002e-06;2.28076e-07;2.68084e-05;1.74137e-07;3.04426e-08;0.99805;8.39077e-08;7.86033e-07;6.88586e-08;4.96885e-06;1.94466e-05;5.72092e-06
5.05182e-06;0.783433;4.80332e-05;6.36106e-06;0.000478558;0.000251;2.65735e-06;0.00165182;4.96308e-08;6.2152e-05;3.70164e-07;0.00276337;0.00113553;0.210162
1.97932e-09;1.07444e-08;1;1.24063e-09;1.71948e-11;4.88427e-11;9.50395e-08;1.42021e-09;2.27252e-09;3.81822e-10;1.2272e-08;7.98609e-09;3.3194e-08;8.62366e-13
3.34686e-08;2.75253e-07;0.999727;3.07599e-07;4.24957e-07;4.17306e-08;8.59328e-09;2.11007e-05;5.80963e-08;5.31977e-09;1.92825e-08;0.000226708;9.93831e-09;2.42842e-05
2.03791e-08;1.44396e-05;3.63937e-08;6.61569e-08;6.38845e-05;0.00304585;2.62257e-11;8.66271e-07;4.06908e-08;6.32176e-09;5.80007e-10;4.64468e-07;1.81848e-07;0.996874
6.95721e-06;0.000420962;2.67271e-09;9.73067e-09;6.19159e-06;2.36481e-07;1.72857e-09;0.935211;5.80748e-08;6.36543e-10;9.17784e-08;1.01359e-05;0.0643413;3.04191e-06
1.24909e-05;0.987664;3.19782e-07;4.91401e-07;4.03657e-05;5.00133e-07;0.000312561;0.00567573;1.58066e-07;9.21998e-05;6.83725e-08;5.50434e-08;0.0061316;6.95903e-05
4.47069e-11;1.18946e-11;1;1.42034e-10;9.7052e-12;6.84437e-13;3.45042e-11;8.86188e-14;2.11702e-12;1.30676e-11;3.02336e-10;2.42241e-07;8.95042e-14;4.35938e-11
1.05658e-07;0.99927;1.70551e-06;2.07326e-08;7.10957e-10;9.07065e-10;0.00036895;9.15318e-07;2.02612e-08;1.86608e-06;8.70858e-08;4.07933e-07;3.02752e-07;0.000355764
1.49033e-10;5.02123e-09;0.999994;1.31967e-08;5.75362e-10;2.45017e-10;1.59441e-08;2.88695e-10;1.70978e-08;3.16342e-09;4.73176e-08;5.8296e-06;1.07141e-11;2.82125e-09
1.32701e-06;0.989717;3.75103e-11;5.34736e-08;2.10546e-08;6.43183e-08;7.39992e-07;2.3779e-05;7.70434e-08;1.06055e-08;8.7138e-07;2.74803e-07;0.010251;4.17413e-06
2.47543e-07;0.00277512;2.3e-05;5.26392e-08;2.02846e-08;7.13748e-11;1.79675e-08;0.000121837;1.69004e-08;2.63342e-10;1.19839e-06;0.997078;5.23504e-07;1.50556e-07
1.67743e-07;0.967384;4.36973e-08;1.30317e-05;0.00550794;1.66799e-06;4.60759e-10;0.00949109;1.54847e-09;6.84062e-08;2.3943e-08;0.000837958;0.000373263;0.0163912
4.68981e-08;5.15611e-07;6.38583e-10;3.01911e-09;3.9916e-10;2.8473e-07;8.2172e-10;6.03269e-09;3.57516e-08;2.53378e-09;2.22626e-08;1.01328e-08;0.999999;6.13032e-10
8.62691e-08;3.77986e-06;0.999995;8.00685e-08;7.81845e-09;2.38447e-09;8.79095e-10;1.69583e-08;1.83775e-09;3.43469e-07;1.04507e-09;4.13202e-07;4.30422e-09;5.07609e-09
3.04419e-06;0.993134;4.44311e-06;3.97904e-05;7.87387e-06;2.04556e-06;3.36762e-06;0.00556595;0.000142207;2.43675e-06;0.000161655;1.78527e-05;0.000753386;0.000161795
