2.51583e-07;0.999667;1.07572e-06;1.21414e-06;2.53826e-07;8.29966e-08;8.84359e-08;4.56804e-06;3.60066e-09;1.97911e-07;7.52438e-09;1.51249e-08;0.000325465;1.70314e-07
2.93806e-07;4.33476e-07;0.999989;8.30704e-07;4.4791e-09;9.3751e-09;1.01271e-07;5.64005e-08;1.91391e-07;7.3347e-08;5.35902e-07;7.98718e-06;3.5546e-07;1.09297e-08
1.39951e-08;1.27596e-06;4.40384e-05;7.90095e-08;2.61651e-07;6.9722e-08;8.7438e-09;1.28318e-05;2.02964e-08;3.32887e-08;1.80364e-08;4.81665e-06;1.32785e-08;0.999937
1.88139e-07;0.000103943;1.80971e-10;9.58876e-08;0.000307882;8.177e-06;3.60044e-07;0.999538;1.45151e-05;5.79622e-09;3.20681e-07;9.12353e-08;1.11156e-06;2.55638e-05
4.36157e-08;1.00258e-05;0.999953;5.43487e-08;3.1752e-06;3.83746e-08;6.46528e-10;1.36506e-08;1.53389e-11;1.31708e-09;3.81955e-09;2.87161e-05;4.82176e-06;1.16859e-07
3.44672e-08;0.998635;7.43204e-10;1.00502e-08;2.18336e-07;1.97944e-09;2.64788e-09;2.62272e-05;6.85054e-09;3.4867e-11;2.72055e-08;5.61665e-07;0.00133767;8.88877e-07
6.05607e-07;0.511034;0.00156552;7.95958e-06;0.00244579;2.57915e-05;9.69752e-10;0.000159368;1.32219e-09;3.20733e-07;1.29089e-08;0.00130978;0.483192;0.00025901
3.96307e-07;0.18524;7.13759e-05;4.48634e-05;0.0101978;1.73484e-05;1.68179e-07;0.649427;2.51741e-06;8.08667e-07;4.92235e-06;0.153539;0.000438771;0.00101526
8.90473e-06;0.457795;2.25933e-05;1.6869e-05;0.000463424;0.00209633;1.19514e-05;0.000879028;1.43601e-06;1.6161e-05;6.05067e-06;0.000132043;0.538534;1.59602e-05
1.83375e-06;7.52296e-06;0.997151;6.83406e-08;5.42847e-07;6.28143e-08;1.63646e-08;3.91507e-07;8.87933e-09;2.11913e-07;4.94866e-09;0.00283796;2.24394e-07;4.78816e-07
4.5202e-07;0.99856;2.01462e-08;1.75136e-06;4.25519e-06;3.33475e-06;2.40937e-07;0.000469044;1.19334e-05;4.83381e-08;1.02898e-05;8.50332e-06;0.000843189;8.73982e-05
6.80389e-08;0.999532;1.65689e-08;2.80634e-09;7.03103e-11;1.82603e-10;3.19744e-08;5.27139e-06;1.35839e-08;2.71701e-09;1.81758e-08;1.60655e-06;0.000461246;3.20925e-11
8.47333e-09;0.000239237;3.45705e-08;5.87731e-07;9.22868e-07;2.98412e-05;5.61002e-10;2.89362e-07;1.6055e-08;7.66607e-08;1.96008e-07;0.999542;1.64493e-06;0.000185152
7.47067e-07;0.999826;2.20633e-05;1.57612e-06;5.72561e-09;2.92159e-09;3.52763e-05;2.27312e-08;7.58855e-09;2.13448e-05;4.10357e-07;7.79839e-05;1.60518e-08;1.47656e-05
9.11503e-10;5.47921e-09;1;3.19421e-09;3.03678e-10;1.14523e-11;1.97739e-08;3.88069e-10;2.58093e-10;2.46923e-10;2.08139e-08;1.20143e-07;1.41318e-10;3.54906e-12
1.75141e-05;0.306527;0.000338264;0.00011912;0.000250684;0.000611465;0.000615211;0.132939;0.000191482;3.83424e-05;0.00272557;0.0032784;0.552343;3.90003e-06
6.68331e-07;0.00113824;1.14249e-09;6.91576e-06;8.13798e-06;3.17964e-06;8.50609e-07;0.133199;1.68971e-06;2.29674e-07;0.000113777;1.13393e-05;0.865481;3.48186e-05
3.3688e-06;5.43338e-05;3.96274e-08;2.42964e-05;5.1969e-07;7.10434e-08;3.23102e-07;7.50614e-06;1.91135e-05;4.4457e-07;0.000282818;0.999579;2.39909e-05;3.78684e-06
6.52778e-07;0.999927;1.83153e-07;8.33745e-06;6.11002e-09;3.12354e-09;2.16043e-07;6.16289e-05;2.06772e-07;1.27906e-07;2.48479e-07;1.40592e-07;1.17863e-06;1.43092e-07
6.46676e-07;0.982883;6.87692e-11;3.77753e-06;1.3121e-06;1.19551e-06;1.86626e-09;0.0169447;2.99049e-07;2.5345e-07;7.08481e-07;3.04059e-05;6.14704e-05;7.23474e-05
4.35706e-05;0.0341443;1.06436e-07;4.09424e-05;0.00100356;5.93917e-05;1.22486e-06;0.00104637;1.26019e-05;4.49932e-05;0.000363198;0.955086;0.00149287;0.00666108
0.000350681;0.963262;4.64848e-05;2.12202e-05;0.00721319;0.000272598;1.68083e-06;0.000203233;5.66874e-08;2.61788e-05;1.32946e-05;0.000372764;0.0269874;0.0012296
7.53183e-05;0.00634474;4.44386e-07;1.2847e-06;0.000666848;1.70482e-06;0.000252461;0.0125364;1.25071e-06;1.02119e-05;8.27422e-06;0.00115297;0.976418;0.00253035
1.27679e-06;0.000280488;3.36896e-05;0.000153702;0.00254425;0.000143236;1.1715e-07;0.000361759;2.70628e-06;5.57804e-07;1.3252e-05;0.994247;0.000207048;0.00201142
2.90482e-05;0.969899;1.80273e-06;1.79644e-05;0.000272052;0.000176324;2.12145e-07;0.0211645;5.915e-07;1.4081e-06;2.51384e-06;0.000211805;0.00794332;0.000279022
1.0689e-06;0.00210074;2.05073e-08;8.36883e-07;3.11006e-06;5.22473e-06;1.53015e-08;0.00296599;8.27951e-08;1.21205e-08;6.61914e-06;4.51328e-06;0.994901;1.1283e-05
0.000665377;0.0682108;0.000889568;3.02379e-05;0.000200816;3.55019e-05;2.00165e-06;0.0800614;2.61823e-05;7.1487e-06;6.09231e-05;0.801556;0.0469352;0.00131908
6.81726e-05;0.16976;0.000134641;0.000152989;0.000117778;0.00193197;3.50685e-07;0.00577688;8.01174e-05;2.64736e-06;0.000223803;0.264612;0.55708;5.8292e-05
4.12571e-05;0.972897;3.60777e-05;0.000207219;0.000352161;9.31912e-05;4.76986e-07;0.00217752;3.94011e-07;3.15896e-05;0.000135042;0.0220467;0.000802549;0.00117879
1.72381e-07;0.992214;1.09407e-10;1.98273e-08;1.31743e-09;8.61395e-09;0.00186698;1.12628e-09;3.26426e-10;7.5376e-05;2.66905e-07;2.32143e-10;4.77785e-08;0.00584338
1.5158e-12;7.48413e-13;1;1.4947e-13;9.05326e-14;3.83239e-14;4.30083e-11;1.0995e-13;3.34891e-14;6.30446e-13;6.42554e-13;4.28411e-10;2.78119e-13;7.31041e-15
1.4833e-05;0.753957;1.05236e-06;8.23161e-05;5.05097e-05;3.87086e-05;0.00743437;0.104693;0.00251883;3.25126e-05;0.00459783;1.46679e-05;0.126562;2.77838e-06
1.67193e-06;1.20259e-05;9.36746e-12;8.91961e-09;4.70417e-08;3.70668e-09;4.57244e-08;0.999972;3.39152e-06;1.76616e-08;1.58421e-06;3.73467e-07;8.49194e-06;3.0988e-10
7.44385e-07;0.11907;2.70728e-07;5.98497e-06;6.24497e-08;2.44973e-07;0.000184838;3.86988e-08;1.03435e-08;0.0070113;4.79783e-08;1.7896e-06;3.44712e-09;0.873725
1.08193e-05;1.19456e-07;0.997588;7.7649e-06;5.4336e-08;3.58254e-07;0.000392212;3.59056e-07;0.00108582;3.1128e-06;0.000908669;2.22914e-06;4.20987e-09;1.71798e-07
3.7207e-07;0.999037;8.51899e-11;3.18907e-09;1.02375e-10;1.0464e-09;2.15597e-06;1.87651e-06;3.83256e-07;3.70878e-09;6.76085e-07;1.64198e-08;0.000958089;1.46495e-10
1.7075e-07;0.0257588;5.98152e-09;1.11171e-06;3.18762e-06;9.67619e-06;1.18875e-08;2.02691e-05;2.66334e-07;9.04694e-08;4.02212e-07;0.972903;9.87351e-05;0.00120462
8.78518e-07;0.00620061;7.25499e-06;1.40387e-06;6.17222e-06;4.38228e-06;2.27106e-07;0.0106054;1.32136e-06;3.35844e-08;2.76259e-05;0.00571872;0.977425;6.9495e-07
1.80411e-05;0.662228;0.0012126;1.15607e-05;5.02207e-05;0.000276274;3.81299e-06;0.214812;8.24474e-06;1.0442e-05;5.84964e-05;0.0138838;0.106926;0.000500579
7.67322e-06;0.00508084;5.22347e-08;2.77106e-05;0.000588754;0.000179401;2.61341e-07;0.369374;1.17943e-05;1.11254e-06;1.48392e-05;3.08664e-05;0.624449;0.000233578
1.48273e-05;0.000240857;1.90298e-06;1.60514e-06;2.72167e-06;1.00443e-07;2.34335e-08;0.000123792;1.63798e-05;1.09675e-07;2.21028e-06;0.999442;0.00015092;2.99492e-06
2.67472e-05;0.970134;4.20279e-05;1.71914e-05;1.95399e-05;2.28266e-05;2.01892e-06;0.00632801;0.00014917;2.48556e-06;7.14804e-05;0.00055443;0.0224378;0.000192768
7.36501e-05;0.752112;0.000161508;0.000117832;0.00211378;0.00198639;1.98148e-06;0.103567;2.08694e-05;0.000170184;6.52096e-05;0.0118538;0.0152146;0.112542
2.42845e-07;0.999871;1.64693e-09;1.82301e-07;2.98328e-06;2.52404e-07;2.23661e-07;5.86348e-05;2.24931e-09;4.47607e-07;1.00143e-07;3.2126e-07;2.43457e-06;6.29855e-05
2.11335e-08;1.03173e-07;1;1.73981e-09;2.80349e-09;1.23188e-10;5.26684e-09;1.40078e-09;2.1261e-09;1.20097e-10;3.057e-08;7.20042e-08;7.63997e-09;5.24979e-10
5.95463e-07;0.991909;1.02544e-08;1.86873e-07;2.48511e-06;1.69181e-06;0.000111136;2.89202e-05;1.16547e-05;1.37455e-05;1.21736e-05;2.30943e-06;3.5995e-05;0.00787009
0.000103106;0.255525;4.11706e-05;0.000431918;5.84868e-05;0.000136586;0.474974;0.0136321;0.0079356;0.000399502;0.220064;0.00137533;0.0252108;0.000111527
8.15381e-08;0.998587;1.86723e-11;3.57818e-09;2.45325e-09;1.75385e-08;1.77369e-07;2.32868e-06;1.58656e-09;2.82777e-09;3.09551e-08;8.13343e-06;0.00140189;4.54224e-09
3.33373e-06;0.30075;7.01192e-05;3.40093e-06;2.89017e-05;1.44821e-05;2.52834e-08;0.103951;1.10997e-07;2.08141e-07;1.97368e-07;0.584484;0.0106349;5.93392e-05
9.35685e-05;0.45426;0.000912872;0.000217131;0.00522603;0.462435;0.000644252;0.0219097;0.000506101;0.000729097;0.000371212;0.000795034;0.0377028;0.0141973
8.3374e-05;0.00197148;1.99478e-07;1.06e-05;4.27745e-06;8.02713e-05;4.32131e-06;0.0389219;0.000334223;5.0635e-07;0.000230578;0.00143302;0.956898;2.75532e-05
2.98938e-06;0.000228003;1.83359e-06;6.79927e-07;3.41899e-07;7.56681e-07;1.01195e-08;1.65172e-05;9.25084e-06;3.27601e-08;3.76251e-06;0.999406;0.000326617;2.86363e-06
4.35054e-07;0.990564;2.02432e-07;6.87404e-09;1.45377e-08;2.97484e-08;3.57259e-09;3.33014e-06;1.3936e-08;3.82193e-09;2.71105e-08;0.00059562;0.00883614;5.78554e-09
1.44208e-06;0.101769;1.66061e-05;0.000333676;0.00236532;0.00235668;2.4342e-07;0.0190816;4.1412e-06;5.8772e-05;2.23201e-05;0.870446;0.000490867;0.00305281
3.00837e-06;0.991808;6.64034e-07;7.73909e-05;5.46483e-05;0.000251924;4.48063e-05;0.000242254;3.60822e-06;1.38448e-05;0.00125722;0.00133348;0.00487338;3.60159e-05
8.72125e-05;0.296529;2.05916e-06;4.96764e-06;1.83952e-06;4.92482e-06;3.96039e-05;0.00472632;0.000111567;1.34456e-06;0.00653838;0.0746367;0.617316;8.54588e-08
6.40876e-05;0.347871;1.09777e-05;7.96541e-05;0.000981236;0.000514875;4.57163e-07;0.274697;0.000174912;1.18296e-05;5.21284e-05;0.00068825;0.374808;4.51917e-05
9.71592e-07;0.999743;1.99569e-08;1.71649e-06;9.97832e-08;5.41074e-08;0.000146264;4.07773e-07;9.19928e-08;5.38357e-05;8.83577e-07;1.18937e-07;2.39816e-05;2.87817e-05
2.29612e-09;1.41553e-09;1;1.29913e-09;1.69149e-11;2.47305e-12;5.18862e-08;2.74289e-11;3.00471e-09;5.58621e-10;2.91503e-08;4.11944e-10;5.8604e-11;2.98627e-12
1.97246e-05;0.987869;2.86527e-08;3.89386e-06;6.00892e-05;8.66165e-07;0.00634845;0.00263666;0.000239705;0.000373967;0.000361157;3.10165e-07;7.2074e-06;0.00207864
6.59352e-10;1.70543e-09;0.999999;3.99789e-10;4.07423e-10;1.15342e-11;7.2424e-09;2.16204e-10;5.19169e-11;5.86699e-10;9.80615e-10;8.92906e-07;1.2023e-11;1.95532e-09
0.000409505;0.0800543;1.38093e-06;0.000170011;0.00495076;0.000432451;0.00209796;0.800497;0.0532937;9.08888e-05;0.0139272;0.000250177;0.0311873;0.0126373
2.93144e-05;0.252301;1.36165e-06;1.23555e-06;0.000197539;0.000216259;0.000155276;0.710991;4.48735e-05;5.17247e-05;5.77389e-05;5.53287e-05;0.0345146;0.00138263
1.66193e-08;3.96116e-10;0.999982;2.51239e-08;1.76826e-08;8.72656e-09;1.10918e-07;1.20749e-09;1.05714e-08;1.7441e-08;2.06737e-08;1.75401e-05;5.30003e-09;3.61541e-09
9.26561e-06;2.09941e-05;0.997677;1.47027e-05;0.00015742;1.06786e-05;1.73895e-06;0.00185494;3.2299e-05;1.53076e-07;2.55297e-06;0.000110757;8.57203e-06;9.89133e-05
7.26893e-07;9.21169e-05;6.55256e-05;1.02693e-07;2.80117e-05;0.000186854;9.98719e-10;1.68877e-05;1.80789e-07;2.5972e-07;2.0583e-09;1.04549e-05;1.22577e-07;0.999599
6.02323e-05;0.000218244;4.07347e-08;8.88368e-07;0.000134329;2.29476e-05;5.23117e-08;0.989899;6.82031e-05;1.93402e-08;2.64384e-05;1.65465e-05;0.00951376;3.95563e-05
9.47118e-08;0.000172033;5.98694e-12;3.13679e-11;1.56802e-09;2.36992e-10;6.89481e-10;0.999754;1.05474e-08;2.31835e-10;4.35058e-11;1.3381e-09;7.41438e-05;6.46692e-11
2.05326e-08;4.57908e-05;1.78914e-06;1.93801e-05;0.000384726;0.000937295;2.32903e-08;9.39937e-06;4.44138e-09;2.08312e-06;2.86339e-08;0.00816213;3.83544e-05;0.990399
2.82052e-05;0.139831;3.6025e-06;0.000320057;2.65047e-06;2.9559e-07;0.000294908;0.00165465;4.33048e-05;2.36685e-06;0.0139963;7.45584e-05;0.843746;1.81502e-06
1.75178e-06;0.997988;3.65941e-09;0.000885565;6.3133e-07;1.39943e-06;3.71035e-06;5.68474e-05;4.06412e-05;5.36161e-07;0.000104256;0.000473468;0.000341562;0.000101707
5.33609e-06;0.00245746;5.34147e-06;1.05533e-06;4.72373e-05;9.27562e-07;1.57737e-09;0.997408;9.42438e-10;1.44788e-07;3.68206e-08;2.66227e-05;2.94908e-05;1.85659e-05
1.16268e-06;0.988426;5.89005e-06;1.35019e-05;0.000506702;0.000201546;5.14427e-07;0.00149591;3.3493e-08;6.09479e-06;1.91715e-06;0.000462925;0.000597202;0.00828072
1.0855e-09;2.55181e-10;1;9.59296e-09;2.56467e-11;3.83546e-11;4.93801e-09;5.43092e-10;1.93671e-09;2.89182e-10;7.5385e-08;3.73167e-09;3.59622e-10;3.12777e-13
3.24226e-07;8.80563e-06;0.998781;1.48411e-06;2.67978e-07;3.09955e-07;3.22821e-09;3.80951e-07;2.97868e-07;4.75483e-09;7.29729e-07;0.00120332;1.25257e-07;3.35291e-06
2.0545e-06;0.0010141;2.31045e-09;6.78875e-07;4.97456e-05;0.000147216;8.49921e-07;3.79141e-06;3.91961e-06;4.79001e-06;2.84737e-07;2.94083e-11;1.26298e-07;0.998772
8.23563e-11;2.4224e-11;1;8.81655e-12;9.17502e-11;1.49407e-13;4.47202e-14;1.07098e-12;1.76064e-12;6.59196e-14;1.0806e-12;3.6973e-09;3.28042e-14;2.84395e-12
4.48796e-06;2.57453e-05;1.35234e-08;1.64766e-07;0.0158503;9.73602e-07;6.1334e-11;0.983691;1.21224e-06;1.14245e-09;2.2643e-08;6.6491e-07;3.18881e-06;0.000422056
3.4374e-08;4.01305e-06;4.97274e-11;1.01286e-10;9.94775e-06;5.98794e-11;2.95089e-13;0.999985;3.78122e-10;1.65497e-11;8.93285e-12;1.47327e-10;8.10105e-07;6.37345e-10
1.04575e-08;9.6484e-07;0.999968;1.32932e-07;3.8329e-06;1.94149e-06;2.22113e-12;2.00822e-08;3.85691e-12;1.68192e-07;2.8993e-11;2.31372e-05;1.30117e-06;2.01259e-07
5.3077e-06;0.905006;0.000492431;1.36461e-05;4.99806e-06;2.70267e-06;1.33671e-06;0.0909659;5.38734e-05;2.48794e-07;3.27556e-05;0.0028142;0.000469628;0.000137293
