1.52946e-06;0.999819;0.0001015;2.03405e-05;3.52717e-07;2.34036e-08;1.7577e-07;2.45169e-06;1.70965e-07;2.66586e-07;3.0654e-07;3.39203e-05;1.80335e-05;1.67402e-06
4.74425e-06;0.0613878;2.3658e-07;7.69257e-08;1.13273e-06;7.42558e-08;7.5815e-08;0.938345;1.85706e-07;1.23067e-07;6.81385e-08;1.37551e-07;0.000259443;4.03949e-07
7.17813e-08;0.000483311;1.72578e-05;1.33849e-06;9.86661e-05;4.43111e-06;1.40235e-09;4.24392e-06;1.2531e-07;2.66221e-08;1.4248e-06;0.999273;3.02608e-05;8.6304e-05
7.57666e-07;0.995918;5.0404e-09;1.7764e-07;7.25651e-06;3.54239e-07;4.93981e-07;0.00178782;2.77247e-06;2.07073e-07;9.61173e-07;2.54319e-06;0.00227633;1.87619e-06
4.95514e-06;0.0529727;6.43605e-05;8.47758e-06;0.00164718;5.69085e-05;5.17849e-07;0.00151865;1.34717e-05;1.54005e-06;1.66675e-05;0.938991;0.00450897;0.000194199
0.000133211;0.0824514;1.63531e-06;6.41134e-07;0.00020774;5.02657e-05;8.90478e-08;0.0444659;2.74301e-06;4.59556e-07;1.34046e-07;2.66528e-05;0.872655;3.76506e-06
1.72399e-05;0.00240391;1.25155e-06;7.30236e-07;3.62486e-06;7.93888e-07;1.93956e-08;0.796489;2.85408e-06;6.03556e-09;1.37585e-07;0.00010235;0.200977;1.3493e-06
2.63963e-06;0.0300299;7.15904e-08;1.05984e-07;3.18224e-06;2.79565e-08;3.68666e-08;0.969299;1.11816e-07;1.68217e-08;2.52736e-07;1.51826e-05;0.000624317;2.55433e-05
1.13133e-07;0.998505;1.3598e-10;1.29289e-07;5.39842e-07;1.91849e-07;0.000129249;0.00111194;7.05471e-10;3.19458e-05;2.6443e-09;3.7994e-07;1.09336e-05;0.000209453
8.41181e-11;7.87259e-11;1;3.68712e-10;1.674e-11;4.36402e-11;1.80373e-09;2.48001e-11;5.5724e-12;2.27617e-11;4.94751e-11;5.19406e-09;8.76175e-13;3.17027e-12
9.57098e-05;0.856349;1.83277e-06;4.53528e-05;0.000172571;0.000414793;0.0225991;0.0523593;0.00123606;3.18281e-05;0.0172168;3.2987e-05;0.0493134;0.000131003
1.41473e-06;0.00228028;1.75994e-09;2.7678e-07;9.21564e-08;3.69179e-05;1.02028e-05;5.17109e-05;7.12064e-07;9.27594e-07;3.90486e-06;1.04774e-06;0.997612;5.32801e-08
7.30943e-07;0.000362438;0.998355;4.13355e-07;6.62185e-05;8.7249e-08;4.41865e-09;6.36153e-06;4.70766e-10;1.53924e-07;7.60991e-09;0.00120228;5.77343e-07;5.47775e-06
3.61305e-06;0.986871;3.64426e-08;6.58595e-06;1.13835e-05;3.47795e-06;0.00705508;0.000115112;5.06286e-05;0.00182702;7.14857e-05;3.40267e-08;3.91187e-05;0.00394542
2.78576e-08;1.59133e-08;0.999993;8.13145e-07;2.04853e-08;9.76458e-09;6.52754e-08;8.55323e-08;1.11967e-06;1.33872e-08;2.85779e-06;2.20488e-06;4.43847e-08;2.65584e-11
4.31999e-07;1.88832e-06;3.53879e-11;7.15572e-10;5.18719e-10;1.36147e-11;8.27855e-09;0.999975;1.56921e-05;5.99274e-11;1.73136e-07;8.91891e-10;6.41886e-06;1.21006e-11
2.823e-06;0.199801;1.06911e-05;1.71731e-06;6.97691e-06;3.90364e-06;6.68251e-05;2.49021e-05;3.68089e-08;0.000639062;5.59331e-08;3.1933e-06;7.17432e-07;0.799438
3.73649e-07;2.21939e-07;0.999933;7.70724e-08;2.84892e-08;2.02654e-09;2.62278e-05;5.76863e-08;6.72638e-06;6.78993e-08;2.26876e-05;1.01995e-05;5.62332e-08;3.7222e-08
2.63771e-07;0.991354;8.11127e-08;4.19337e-08;3.97653e-08;2.02717e-08;0.00833996;5.80242e-06;1.88992e-07;0.000217442;5.37001e-07;1.8552e-09;7.04538e-05;1.12127e-05
1.51662e-10;1.50843e-10;1;1.91147e-08;1.23316e-09;2.59146e-09;6.87936e-09;1.82859e-11;2.04402e-09;3.22463e-09;1.13e-08;7.35188e-08;2.79398e-13;4.03155e-09
4.10189e-06;0.994372;5.14131e-06;1.22594e-05;2.11573e-06;1.97675e-07;4.78641e-06;0.0017855;2.69938e-06;5.94226e-07;1.59847e-05;2.02299e-06;0.00379147;6.80171e-07
8.42137e-06;0.958693;3.49288e-06;3.88617e-05;2.97285e-05;8.76227e-06;1.12889e-06;0.0275694;5.55984e-06;7.10278e-06;4.20001e-05;0.0037143;0.00106072;0.00881784
1.5592e-05;0.0079054;1.09975e-05;2.4728e-05;0.000611673;5.52796e-05;3.54409e-07;0.025238;1.27933e-06;1.94513e-06;3.10026e-05;0.845622;0.120123;0.000359022
2.33682e-07;0.993923;4.62503e-09;5.96368e-08;3.22939e-08;3.51335e-08;1.80883e-05;1.38627e-08;9.51564e-09;4.50387e-06;1.25863e-08;2.96792e-05;1.83675e-05;0.00600598
1.52851e-05;0.000224971;5.82201e-06;1.67976e-05;2.54008e-06;1.14287e-05;0.901455;0.000849894;0.0360174;3.45555e-05;0.060687;1.64901e-07;0.000678877;1.03113e-07
1.90265e-06;0.998645;9.06605e-06;4.19339e-06;4.09675e-06;2.02891e-06;8.77634e-08;0.00126737;5.80312e-08;1.33953e-06;4.8116e-08;9.91143e-07;5.85869e-05;5.39986e-06
1.71192e-05;0.946443;5.38876e-07;2.46252e-06;2.5131e-06;1.59772e-06;2.3834e-07;0.000342944;4.83897e-07;7.11121e-07;1.46999e-06;7.33296e-05;0.0531108;3.28744e-06
7.22153e-07;0.998446;1.33319e-07;5.26244e-08;2.59555e-07;8.76778e-09;0.00146634;3.53176e-05;5.69643e-07;5.36383e-06;1.12131e-08;1.69701e-07;2.13058e-07;4.46282e-05
3.97253e-12;4.95531e-14;1;2.53512e-10;1.0417e-10;4.4814e-13;1.59356e-11;5.44623e-12;4.56172e-11;7.06545e-13;1.03595e-10;2.00906e-08;7.83336e-16;9.92148e-14
8.08534e-08;0.00346135;2.09832e-08;3.21651e-08;2.30318e-06;4.82133e-09;3.44421e-09;0.996523;4.42524e-09;8.38235e-10;2.4966e-07;9.66092e-07;1.01773e-05;1.6054e-06
4.89711e-07;0.999034;5.24278e-09;2.07628e-07;9.26241e-08;8.73349e-08;0.000108372;0.00038299;5.81912e-09;2.82653e-05;1.82274e-07;2.36359e-06;2.0002e-05;0.000422641
1.73159e-11;2.09431e-11;1;1.75526e-10;6.10739e-13;1.07181e-11;7.55714e-11;2.28555e-12;1.25247e-11;6.16421e-12;5.62594e-10;2.39214e-10;8.63694e-14;8.71101e-13
0.000110613;0.162518;2.16063e-05;0.000161051;8.75566e-05;0.000222136;0.00166878;0.26176;0.00761106;3.30692e-05;0.509583;0.000594274;0.0551201;0.000509321
5.70932e-05;0.669747;1.28564e-07;4.71775e-06;1.59683e-06;6.14452e-06;2.92039e-05;0.0106355;3.95605e-05;1.25269e-05;0.000329859;0.00127252;0.317859;5.0181e-06
9.52245e-05;0.859429;6.53764e-05;6.89789e-05;0.00216029;0.000268006;1.56614e-06;0.0443603;5.62512e-05;3.39723e-05;0.000204151;0.0869087;0.000701955;0.00564639
0.0013335;0.448156;9.91577e-06;0.0101391;0.100059;0.0138711;0.000981839;0.0766113;0.00754658;0.00200332;0.0469547;0.0645889;0.0125805;0.215165
0.00150428;0.0366619;2.28333e-05;0.000430271;3.39256e-06;2.8124e-05;0.00142731;0.00270417;0.00538407;5.66831e-05;0.0261547;1.83755e-05;0.925589;1.47903e-05
0.000290713;0.000442326;0.0320694;0.000689685;0.000240795;7.33664e-05;4.6099e-06;0.200924;0.000345384;4.22385e-06;0.00179428;0.762018;0.00109092;1.2137e-05
7.45335e-08;0.999962;3.66747e-11;3.71208e-10;2.20458e-10;4.97607e-10;2.35517e-06;7.80222e-08;4.68938e-10;2.58485e-07;2.2374e-09;3.19962e-11;7.11233e-08;3.48435e-05
2.09905e-11;4.73163e-12;1;1.20265e-11;4.57141e-12;2.74191e-11;3.88102e-10;6.18398e-13;1.40952e-11;4.17347e-11;3.32749e-11;1.19478e-07;3.21821e-12;3.85531e-13
2.18753e-06;0.0740243;1.10451e-06;1.52741e-05;5.36158e-06;6.34779e-07;0.919888;0.00455268;0.000560679;0.000834695;0.000106765;1.60879e-08;2.85902e-06;5.32259e-06
2.04273e-10;1.09745e-10;1;6.97761e-10;1.83739e-10;6.16651e-12;1.08271e-08;3.3406e-11;2.83182e-10;2.99869e-10;2.65129e-09;1.70155e-09;2.46973e-11;7.00717e-13
7.19147e-06;0.971105;4.68991e-05;3.24748e-07;2.5673e-06;2.04968e-07;3.60301e-06;0.00956517;2.45662e-06;1.04029e-06;2.81053e-05;0.000523128;0.0187141;4.81846e-07
4.00392e-06;0.804543;0.000181911;0.000546216;6.45219e-05;8.59776e-05;4.40589e-05;0.00822118;0.00010028;0.000174277;0.000581822;0.134452;0.050086;0.000915107
3.92782e-05;0.0590419;3.90435e-07;0.000375963;0.0554819;0.000162055;0.000594907;0.870727;0.00261444;0.000647581;0.00602812;0.000414562;0.00329012;0.000581879
0.000745093;0.190641;0.154913;0.00567137;0.00736657;0.00052052;0.0168469;0.000609408;1.13779e-05;0.619452;0.000224387;0.000395475;0.000138733;0.00246447
3.20645e-07;1.39668e-08;0.999999;4.93376e-10;3.90847e-11;1.89986e-12;1.23475e-07;2.10879e-09;8.58995e-08;6.02008e-11;4.42947e-08;2.40208e-07;1.15351e-10;9.20317e-13
2.45132e-05;0.00406276;5.25383e-05;1.15757e-05;0.000110649;2.26973e-06;1.05404e-06;0.165804;0.00818582;3.33953e-07;0.000117936;0.821542;6.36831e-05;2.1531e-05
1.08858e-06;0.0451504;8.98499e-07;6.89058e-07;8.55937e-06;0.000247786;4.90683e-08;3.61288e-06;3.73919e-08;1.70574e-06;4.98887e-07;1.29009e-05;0.954522;5.01841e-05
1.44439e-06;0.0216405;6.85079e-08;1.25908e-07;1.68822e-06;6.88154e-07;2.64953e-08;0.00110902;4.07245e-07;6.11571e-09;1.74024e-06;0.97696;0.000283549;9.2652e-07
1.1076e-06;0.535734;1.16788e-05;1.1644e-07;0.00590091;2.93106e-06;3.43145e-09;0.456028;1.30035e-08;1.93037e-09;7.89763e-10;0.000259294;0.00185284;0.000209322
1.52921e-05;0.366674;1.58382e-06;1.51453e-05;3.96299e-05;9.11764e-05;5.63955e-06;0.0246374;3.24807e-06;2.768e-06;7.37526e-07;3.26192e-06;0.607476;0.00103358
2.05528e-06;4.76164e-07;0.999996;1.32255e-07;3.74929e-09;5.29256e-09;5.94252e-09;9.67876e-08;1.4299e-07;5.81692e-09;5.58616e-09;4.89766e-07;2.05413e-07;6.33969e-08
4.49471e-08;1.2085e-05;4.93195e-07;3.57524e-08;6.16289e-07;3.25328e-07;1.90349e-09;1.55028e-06;1.82406e-08;1.65105e-08;3.58756e-09;1.92105e-06;1.52935e-07;0.999983
2.31358e-07;1.01393e-05;6.98582e-11;3.93287e-08;0.000430015;8.78975e-07;6.0987e-08;0.999545;9.3218e-06;5.43746e-09;2.36707e-07;1.3921e-06;1.59128e-07;2.97552e-06
1.27613e-08;3.07693e-06;0.999992;2.2987e-08;2.41027e-06;7.7634e-09;6.63633e-10;2.13243e-09;7.05796e-12;1.36836e-09;8.79393e-10;2.75725e-06;8.9987e-09;2.62054e-08
2.36291e-08;0.999659;1.68067e-09;2.10144e-09;9.9905e-09;1.63802e-09;3.40704e-09;5.30055e-06;5.40078e-09;2.31577e-11;1.3816e-08;1.44339e-06;0.000333888;1.58771e-07
1.50542e-06;0.841474;4.60449e-06;4.22471e-07;7.55584e-06;4.29329e-06;4.24569e-08;0.0113017;2.90518e-06;1.26975e-07;1.19296e-07;0.0011782;0.145458;0.0005662
8.92731e-08;0.95621;6.81948e-09;2.17338e-05;0.00415884;6.25821e-05;5.14388e-08;0.000780723;1.51177e-07;7.27001e-06;3.12415e-08;0.00028793;0.00069388;0.0377769
3.11669e-07;0.000885328;1.50491e-07;2.33177e-07;1.31695e-07;3.43762e-05;2.26928e-06;8.68723e-07;1.33291e-07;1.07593e-06;2.73268e-07;7.38518e-05;0.999001;1.11413e-08
2.61449e-07;2.43717e-07;0.999781;8.89108e-07;1.83049e-08;1.206e-07;5.55459e-05;9.64377e-10;2.62616e-08;0.000158162;4.4493e-08;4.13899e-06;2.68566e-08;7.31155e-08
9.65665e-07;1.4206e-06;0.999916;3.91877e-06;3.8556e-08;2.35731e-07;2.3854e-05;2.26162e-08;2.66656e-05;9.29737e-07;2.55692e-05;4.4586e-07;2.32316e-07;9.97649e-09
8.97967e-07;0.999715;3.31151e-05;1.19432e-05;1.29864e-06;4.38829e-08;2.28215e-07;0.000141729;1.89173e-07;5.88907e-07;3.69297e-07;7.25546e-05;2.08752e-05;1.54438e-06
8.05551e-06;0.441035;1.55971e-08;1.27922e-05;1.3826e-05;7.77834e-06;3.38676e-05;0.186657;0.000118362;2.32263e-06;0.000440196;0.000189293;0.37148;1.74902e-06
1.51475e-05;0.0621098;0.000430492;0.00021209;0.0595804;0.000797362;3.11475e-07;0.00186179;5.14112e-08;2.67326e-05;9.0844e-06;0.858201;0.0121848;0.00457057
2.70401e-05;0.857774;7.67869e-08;0.000158289;5.77825e-05;6.70598e-06;0.119694;0.00187304;7.1474e-05;0.0196587;0.000121155;1.19165e-05;0.000202532;0.000343774
5.40145e-08;1.41685e-08;0.999998;8.3659e-08;2.7031e-10;4.05783e-10;5.40796e-07;4.87057e-09;7.29121e-07;2.04084e-09;1.63318e-07;3.48203e-09;1.08082e-08;4.25469e-12
1.24855e-06;0.000148578;5.20466e-08;4.16847e-07;6.11e-07;8.49919e-08;1.50849e-08;0.999829;1.40825e-05;4.7547e-09;3.4979e-07;1.26705e-06;4.00847e-06;7.54699e-09
9.08297e-07;0.000651894;0.000168104;1.03402e-05;0.000249092;8.77374e-05;8.31786e-11;1.02428e-05;1.58625e-06;9.09091e-08;1.11854e-07;0.992405;6.53977e-07;0.00641379
0.000319524;0.00884496;1.97823e-08;4.02002e-06;3.1266e-05;0.000492788;6.19745e-08;0.000332479;0.000123358;2.33717e-07;1.39221e-05;6.11565e-05;0.989772;4.0003e-06
0.000312374;0.0139954;0.000788916;5.93521e-07;0.000201371;1.12118e-07;4.13139e-10;0.0213636;4.42185e-06;2.04167e-08;1.79539e-07;0.963314;7.62065e-07;1.7883e-05
9.79628e-05;0.0437051;0.000272393;1.80062e-06;0.0048993;1.4374e-06;1.07273e-09;0.95046;3.18101e-07;1.0839e-07;3.29482e-09;0.000106845;7.05373e-05;0.000384444
8.55919e-08;4.72776e-05;3.27073e-11;5.71336e-09;5.47014e-05;9.10583e-09;3.29528e-12;0.999892;5.1721e-08;4.02739e-10;2.82386e-10;8.92928e-09;5.4798e-06;4.62278e-09
2.95123e-07;2.17447e-05;0.99994;1.21021e-06;5.83004e-06;1.29656e-06;1.36527e-10;9.74116e-07;8.80212e-10;1.91388e-06;1.09049e-09;2.5728e-05;1.01455e-06;9.55883e-08
1.16184e-05;0.952636;0.00025132;6.197e-05;1.85294e-05;3.23082e-06;4.26225e-06;0.0443013;0.000604423;1.57878e-06;0.000204241;0.000861457;0.00097829;6.13505e-05
