1.11337e-05;0.997398;8.28458e-05;3.46567e-05;1.18919e-05;2.17592e-06;1.2289e-07;0.000106378;2.8437e-07;2.62175e-07;4.42051e-07;0.000470549;0.00187463;6.87648e-06
1.71625e-06;0.996573;4.11633e-08;8.19102e-07;3.20547e-07;3.31776e-07;9.68715e-07;0.000921908;6.67826e-08;4.36322e-07;7.36134e-07;3.55543e-08;0.0016199;0.000880004
6.82399e-06;0.011092;0.000139242;0.000807357;0.200163;0.000651015;5.60247e-06;0.0105307;0.00023543;1.01856e-05;5.24515e-05;0.000544581;0.000178059;0.775584
5.87581e-05;0.95203;4.27655e-06;7.15206e-05;0.000116451;3.35408e-06;0.00014636;0.00529471;0.000845205;3.09627e-06;0.00378719;0.000613851;0.0370194;6.04941e-06
6.40539e-05;0.0438908;6.88777e-07;7.33969e-06;0.0504582;0.000632757;3.7331e-06;0.883451;2.89769e-05;1.72443e-05;2.23004e-05;0.00327794;0.0179515;0.000192915
8.28789e-05;0.00485723;3.11667e-08;1.50592e-05;0.000139872;6.39569e-07;6.79756e-07;0.927497;3.60057e-05;5.71951e-07;6.83089e-05;0.0330647;0.0342357;1.25994e-06
7.12248e-05;0.996155;3.06574e-08;9.37303e-05;1.79208e-06;3.92327e-07;1.23818e-05;0.00115367;0.000486553;1.21686e-05;0.000340421;2.81205e-05;0.00164403;7.25962e-07
1.78969e-05;0.00918743;0.00167691;0.000172006;2.45522e-06;1.34623e-07;4.28107e-07;2.45443e-05;6.21074e-07;2.91643e-06;9.65003e-06;0.988855;4.47927e-06;4.53039e-05
0.000103216;0.979555;3.20908e-07;2.18353e-05;1.83005e-05;1.9688e-05;0.00029272;0.010536;4.1968e-05;6.82699e-05;0.00442212;0.000124627;0.00479397;2.32771e-06
6.03225e-05;0.843145;2.6498e-07;0.000577014;0.00175317;0.00552214;0.000200753;0.0182772;6.24712e-05;0.000269221;0.00582697;0.000691992;0.122984;0.00062952
0.00521165;0.7356;0.115961;0.0273507;0.0370715;0.00136923;0.00124167;0.00374368;0.000125846;0.0164108;8.3954e-05;0.00782004;0.0249684;0.0230417
0.00139815;0.00284314;9.48861e-07;0.000429573;0.000335254;7.63843e-05;5.63424e-05;0.0155097;0.00323431;5.75384e-06;0.0155276;0.00275212;0.957816;1.48424e-05
1.39289e-06;0.99984;4.6471e-05;1.98655e-06;5.97946e-08;8.3027e-08;3.71984e-06;4.6609e-06;3.69402e-08;1.49417e-06;8.58581e-08;5.09253e-09;9.04799e-05;9.06244e-06
2.59503e-09;4.77165e-09;0.999999;2.56606e-08;6.4341e-11;1.07081e-10;7.02886e-09;5.39657e-09;1.97191e-09;1.42475e-09;1.59468e-08;8.53636e-07;5.62301e-10;1.14212e-10
1.07041e-08;6.78874e-06;0.000465786;3.10994e-06;1.75401e-06;2.35971e-07;2.37345e-09;7.44712e-05;1.96032e-07;3.16837e-08;9.92999e-07;0.999445;8.60054e-08;1.91178e-06
2.62268e-07;0.997515;2.65402e-08;1.3219e-06;6.09714e-07;2.76038e-06;1.8224e-06;0.000458568;1.81303e-07;1.00578e-07;4.80792e-06;1.22035e-07;0.00197153;4.31468e-05
6.29132e-06;0.00249972;4.11613e-06;0.00136954;0.36434;0.35812;8.87297e-07;0.00783794;2.20977e-06;1.39771e-05;0.000359583;0.0137926;0.00133766;0.250315
4.37383e-07;0.0128148;1.01645e-06;2.06582e-07;9.61116e-07;1.64677e-05;1.11488e-09;0.000807673;1.06461e-09;1.18361e-09;1.88648e-09;6.34143e-07;0.986358;2.59265e-07
1.5137e-06;0.136032;3.46891e-05;7.00329e-06;2.28657e-05;1.07295e-05;3.57155e-09;0.00907783;2.78571e-08;2.67416e-07;1.29444e-08;0.847032;0.00771612;6.47715e-05
8.12889e-05;0.527908;0.175998;0.000224058;0.0164236;0.0155454;3.09171e-06;0.23045;2.39918e-06;2.36785e-05;9.56684e-06;0.000552768;0.00409374;0.0286843
1.29898e-05;0.0155489;0.0174023;2.67144e-06;0.00338885;0.0167065;1.99122e-07;0.000277695;1.10571e-07;3.06034e-06;1.01257e-05;0.843876;0.00194347;0.100827
4.41922e-05;0.717819;3.37837e-07;7.81001e-06;0.00209133;0.00355561;8.13103e-06;0.000311101;1.81374e-05;3.64279e-06;0.000107905;0.21002;0.0645698;0.00144304
8.16253e-05;0.993828;0.000407325;1.07979e-07;1.87102e-06;7.25815e-08;7.53668e-08;0.00334572;5.38554e-07;3.85801e-08;1.25418e-07;0.00229709;3.72651e-05;2.74153e-07
1.56772e-07;0.994074;1.40078e-10;4.51659e-06;0.00170583;5.02522e-07;6.23345e-09;0.00105802;3.81134e-08;2.84887e-07;8.43258e-09;0.00308622;2.33391e-07;7.04636e-05
1.09889e-05;0.00375869;0.00148969;0.0011328;0.00600537;0.0498955;3.51512e-08;0.00179085;1.34548e-08;3.16016e-05;5.98301e-07;0.930529;0.00467148;0.000683741
7.21127e-06;0.0912384;1.70418e-07;2.88997e-05;2.59127e-06;9.49533e-06;4.46858e-06;0.000269106;2.63605e-07;4.59886e-07;0.00016565;0.000176568;0.908035;6.1356e-05
2.74014e-05;0.000268527;0.000117094;1.9298e-05;7.82814e-06;1.19511e-05;8.48945e-06;4.69045e-05;3.85321e-06;1.82413e-05;0.000494788;0.997961;0.000998172;1.64196e-05
0.000211549;0.0450112;8.07542e-08;3.67417e-05;0.0001991;2.72957e-05;9.56267e-05;0.868941;0.0266507;8.24292e-06;0.0125289;0.000655235;0.0456335;2.91205e-07
3.70369e-05;0.991209;0.00013376;7.04218e-05;0.000112706;8.03748e-08;4.99479e-08;3.05717e-05;7.72774e-09;9.11518e-06;9.90254e-08;0.00779075;7.97582e-06;0.000597951
5.85797e-06;0.00197325;6.29828e-12;8.32587e-08;2.89864e-05;6.91495e-09;1.38717e-07;0.997969;2.07102e-07;1.60388e-07;1.60688e-06;1.1293e-07;2.01246e-05;7.43371e-08
3.01796e-05;7.54878e-05;0.998913;0.000155337;3.01268e-05;3.66493e-06;2.15556e-06;3.38395e-06;1.36727e-06;9.27749e-05;2.12596e-05;0.000664431;6.47431e-06;2.39147e-07
0.00650903;0.0112099;3.06565e-06;4.75357e-05;3.45289e-06;9.40004e-07;0.00203432;0.0427433;0.874671;2.19827e-06;0.053498;0.00515371;0.00412404;1.37266e-08
