4.29472e-07;2.50938e-06;7.39306e-11;2.03217e-09;8.78852e-09;6.43155e-10;3.86201e-09;0.999989;7.01899e-06;2.37207e-10;6.49196e-08;3.09423e-10;1.34566e-06;1.79926e-09
4.01702e-06;0.000216046;0.000571818;6.93855e-06;6.19915e-05;5.67217e-08;2.3018e-07;0.000489551;1.19026e-05;1.66756e-07;1.17895e-06;0.998594;1.85478e-06;4.05587e-05
4.98189e-07;0.989237;1.27293e-10;3.86362e-08;1.84242e-07;2.87647e-07;9.12237e-06;0.00250924;4.23034e-08;6.98344e-07;2.44259e-08;5.31243e-10;0.0082104;3.26016e-05
8.07868e-11;3.03188e-11;1;2.89405e-09;4.64158e-09;1.14892e-08;1.35487e-10;1.07985e-11;1.67357e-11;4.19795e-10;6.78776e-11;5.06083e-07;2.49755e-12;7.78458e-09
4.06791e-05;0.81074;0.0467811;9.48054e-05;0.000165605;6.02578e-05;0.000809181;0.019269;7.77801e-05;1.20613e-06;0.000263633;2.03614e-05;0.121623;5.37175e-05
7.8024e-06;0.923865;0.000622107;8.5817e-06;5.69338e-05;8.28555e-05;1.11262e-07;0.055452;7.8648e-07;1.89289e-06;9.96396e-07;0.0003914;3.72559e-05;0.0194721
4.36335e-06;0.0700276;1.14123e-06;1.98216e-06;0.000170092;1.84155e-05;9.83417e-09;0.418138;9.72617e-07;1.29136e-07;1.58372e-05;0.00382933;0.50772;7.29673e-05
2.20735e-05;0.903131;0.000121687;0.00019436;0.000515206;0.000675916;1.02147e-07;0.0115521;0.00046179;2.36981e-06;0.00256128;0.044271;0.0360133;0.000477264
1.12812e-06;0.000759284;1.43711e-06;9.95698e-05;0.216052;0.699536;4.36248e-07;0.0178833;9.59841e-07;0.000193615;1.17602e-05;0.0026441;0.00253927;0.0602772
4.82896e-05;0.103477;6.39242e-07;0.000112141;1.63443e-05;3.2471e-05;1.19777e-05;0.200851;4.34516e-06;7.93957e-07;0.00330003;0.000696783;0.691448;3.44488e-07
3.17364e-06;0.837547;2.05262e-07;6.24452e-08;1.94839e-09;2.9735e-08;1.95757e-06;3.16417e-06;2.22495e-08;1.80988e-08;1.92356e-06;0.0162251;0.146217;4.71989e-09
4.9027e-06;0.0504614;1.94755e-05;0.00016332;0.000300562;0.000242699;7.23241e-06;0.656391;2.08788e-05;2.87457e-06;0.000267694;0.100776;0.191089;0.000252424
3.48378e-06;0.948381;5.11455e-09;0.00257863;0.00645217;0.00300934;2.00231e-07;0.00422984;1.10075e-05;2.73482e-06;0.00147838;0.00276111;0.0241583;0.00693406
0.000476739;0.0924001;4.48882e-05;0.000377465;5.55357e-05;3.34257e-05;1.97725e-05;0.022196;0.000141216;1.75158e-05;0.0118785;0.579861;0.292495;2.99297e-06
4.08473e-05;0.962316;3.58634e-06;8.44843e-05;0.000181068;0.000283337;0.00025725;0.0207015;2.87954e-06;0.00154193;3.03838e-05;1.99699e-07;0.0144946;6.15652e-05
2.82319e-10;4.40043e-12;1;4.71932e-09;2.29739e-09;4.82408e-10;6.33338e-11;8.4745e-12;7.94577e-11;7.72669e-10;3.68055e-10;1.3991e-07;5.8224e-13;6.70417e-10
2.44425e-05;0.85798;4.67881e-08;6.75195e-05;5.63309e-06;1.41761e-05;0.000147766;0.0140367;0.00157499;1.0006e-06;0.00783449;0.0467449;0.0715674;1.08033e-06
3.97408e-06;0.941784;1.96778e-06;8.70969e-08;4.42657e-09;2.26753e-07;1.1828e-05;7.36504e-06;7.48737e-07;3.92605e-08;2.79633e-05;0.000757452;0.0574045;1.19438e-09
3.87084e-06;0.353795;4.29875e-06;8.24486e-06;0.000136031;0.000123097;4.55243e-06;0.0118152;1.65976e-05;6.37451e-07;0.00025058;0.607756;0.0251782;0.000906958
7.64253e-05;0.162099;5.51625e-08;0.000327018;0.0933187;0.00554232;7.68923e-06;0.526284;0.000427242;4.62004e-06;0.0029978;0.0144216;0.190989;0.0035047
2.68425e-05;0.173113;4.35832e-06;3.0388e-07;2.60725e-06;1.15096e-05;1.80483e-07;0.000473017;9.62346e-07;1.17228e-07;7.92831e-07;0.110681;0.715685;4.70582e-07
0.000235841;0.589818;2.73538e-05;0.000358677;0.00906394;0.00161806;0.000101554;0.00581229;7.00224e-05;0.000205209;0.000441262;0.138843;0.250216;0.00318881
0.000227818;0.160954;0.0011896;0.000210933;0.00299175;0.000157587;1.30468e-06;0.81839;2.10986e-05;1.69759e-06;4.03961e-05;0.00928316;0.006525;5.39166e-06
3.93762e-05;0.914886;5.47437e-05;0.00126778;0.0332455;0.00452714;2.19588e-06;0.000571209;0.000193977;9.56321e-05;0.000758286;0.00797311;0.000364885;0.0360206
0.000120484;0.0467278;4.54632e-07;0.000150684;0.709616;0.145425;0.000196866;0.054138;0.000214919;0.000402987;0.000372159;8.0917e-06;0.029977;0.0126497
2.26316e-07;2.61434e-09;1;6.75391e-09;1.56225e-10;5.22485e-11;8.6187e-08;6.02313e-09;2.58791e-08;2.05432e-09;1.27989e-08;4.92118e-08;1.45565e-08;1.8874e-11
1.79437e-07;1.27614e-05;0.000642982;3.20052e-07;9.48668e-08;3.71556e-08;1.8627e-09;4.24539e-06;9.59058e-07;3.0448e-10;1.49773e-07;0.999336;2.0887e-06;2.21423e-08
5.75107e-06;0.998642;2.51757e-11;1.77536e-07;2.48996e-07;1.70199e-06;0.000316009;0.000276418;5.19669e-06;1.73611e-05;3.94289e-06;7.35913e-10;0.000490652;0.000240273
2.53812e-10;4.77658e-11;0.999999;1.93087e-09;2.08865e-09;5.37306e-12;1.15132e-12;1.7389e-11;9.28614e-11;5.22274e-12;3.62848e-11;9.41946e-07;5.03951e-13;7.9544e-11
8.68886e-06;0.907665;4.14773e-06;6.98636e-07;0.000229212;2.76038e-07;4.12928e-09;0.0918342;9.51197e-07;8.59437e-09;4.80705e-09;3.24695e-05;8.45243e-06;0.000215856
8.71764e-09;2.09321e-06;9.95827e-11;2.2141e-10;1.01065e-06;3.2561e-09;1.41936e-12;0.999992;1.69041e-09;2.86623e-10;3.33166e-12;5.41333e-10;4.83286e-06;6.68234e-10
5.00059e-09;1.71703e-06;0.999971;9.82181e-08;2.24729e-05;2.22903e-06;1.37023e-11;8.8826e-10;3.03605e-12;5.97626e-07;6.54588e-11;1.58123e-06;8.19953e-09;3.71777e-07
3.91432e-06;0.993952;0.000174711;9.2202e-06;9.31039e-06;1.46367e-06;6.38678e-06;0.00486712;5.11114e-05;6.2145e-07;3.93841e-05;0.000449901;0.000336184;9.85735e-05
