4.82966e-06;0.999706;4.37975e-05;3.29107e-05;1.94063e-06;3.92219e-08;3.51256e-07;2.49975e-05;3.37683e-07;4.11128e-07;3.44744e-07;1.471e-05;0.000169027;1.31868e-07
2.46261e-06;0.998763;7.61826e-08;1.28052e-06;4.38566e-07;1.03533e-06;4.24606e-05;0.000121489;4.46054e-08;7.40441e-05;8.20791e-08;2.33794e-08;0.000967001;2.70788e-05
3.40987e-11;2.92739e-13;1;8.56558e-10;1.0022e-08;2.53008e-10;7.91168e-12;6.63277e-12;3.73684e-12;1.02488e-10;2.94501e-11;1.1592e-07;3.99714e-13;7.45686e-10
3.82713e-07;0.0470614;4.96632e-10;5.71529e-07;1.53614e-07;5.537e-06;3.16473e-06;2.00283e-05;9.80079e-06;7.81499e-09;3.15068e-05;2.46994e-06;0.952865;5.4596e-08
3.41239e-07;0.00031462;0.99968;5.97336e-07;2.25569e-08;2.0498e-08;6.23508e-07;1.4704e-07;1.18722e-08;1.59344e-06;3.13292e-08;1.72709e-06;1.33058e-07;2.26683e-07
3.37112e-07;1.43212e-05;0.999971;1.32177e-07;2.47253e-07;9.41181e-08;7.25209e-08;4.08515e-07;1.35877e-07;9.9914e-09;7.49134e-07;1.19151e-05;1.14463e-07;9.50286e-08
8.18344e-07;0.990583;3.27989e-06;2.61193e-06;9.22684e-06;9.05415e-06;1.13412e-07;0.00515544;6.08466e-06;1.84013e-07;3.42304e-05;0.000353366;0.00381808;2.41218e-05
7.05108e-08;0.000380668;1.11743e-05;5.62543e-06;0.00132158;0.0892272;8.08929e-07;3.20178e-06;1.22753e-07;0.000119948;2.42948e-06;0.00297158;1.43457e-05;0.905941
2.44628e-07;0.99802;6.32099e-09;1.55275e-07;3.43708e-07;2.6562e-08;1.14382e-05;0.00194637;2.05024e-07;1.90149e-06;1.24201e-06;4.90489e-10;1.15219e-05;6.34856e-06
1.78673e-10;3.66911e-10;1;2.31491e-10;1.8455e-10;3.07777e-13;7.7861e-11;1.21319e-10;4.55061e-12;1.02681e-10;3.02488e-11;2.21502e-08;5.27184e-12;1.94063e-12
1.70204e-06;0.910229;3.82297e-09;1.22718e-07;7.07343e-08;1.55015e-08;6.34266e-06;0.0147188;8.12927e-06;6.17798e-08;2.72266e-05;0.000132436;0.0748765;1.24701e-10
4.20243e-05;0.0144681;0.000167005;0.0102743;0.0451424;0.00515281;0.000325876;0.0116318;0.000130595;0.00113784;0.000333856;0.084346;0.793543;0.0333039
0.000318532;0.00159132;6.36119e-07;0.0111415;0.00705264;0.000406616;0.000137491;0.959258;0.00121934;0.000184819;0.00942343;0.000221304;0.00812525;0.000919294
0.000687962;0.894002;0.0116201;0.000121007;8.41369e-06;0.00275674;3.88169e-06;0.0273134;1.73277e-06;1.10879e-05;2.29004e-05;0.0114155;0.0514214;0.000613794
1.20812e-05;0.990762;1.7466e-05;6.55777e-06;8.31901e-05;7.99801e-05;0.000163557;0.000288139;5.1598e-06;5.85835e-05;3.53964e-06;9.80172e-08;0.000200125;0.00832005
3.96192e-10;1.61082e-11;1;6.62949e-11;2.45699e-11;8.6778e-13;1.09786e-11;3.05465e-12;4.70035e-10;1.92444e-12;6.41493e-11;1.4762e-07;3.51509e-12;4.13307e-13
1.66499e-05;0.132737;5.90046e-08;3.00232e-06;6.37797e-05;2.75185e-07;1.26807e-06;0.867016;7.4415e-05;2.20053e-06;1.31093e-06;5.9119e-06;7.70351e-05;7.20009e-07
2.37654e-05;0.801891;0.000699445;9.66107e-06;0.000163864;0.000264654;1.71788e-07;0.0458872;2.54536e-07;4.54277e-06;3.32826e-07;0.133253;0.0131406;0.00466096
4.36985e-06;0.834899;1.59757e-06;2.78052e-05;5.39936e-06;8.07712e-07;0.0640786;0.000249295;1.1418e-06;0.00302857;1.52026e-06;1.39292e-06;1.52667e-06;0.0976995
4.82433e-11;3.53765e-12;1;2.87329e-10;5.23457e-11;9.10013e-13;3.45798e-09;9.96892e-12;6.83509e-10;7.3601e-12;1.4686e-09;2.03322e-09;2.57659e-12;7.70401e-13
7.93575e-05;0.96816;1.16085e-06;6.25867e-05;0.000395246;4.90232e-05;0.00418451;0.00535501;0.0172516;0.000302513;0.00179131;0.000783794;0.00108037;0.000503583
3.10293e-05;0.149338;9.5102e-07;5.34812e-05;6.39235e-05;1.63685e-05;0.000198634;0.0455241;0.000348391;4.87016e-05;0.000377703;0.778427;0.0255139;5.72376e-05
6.43192e-05;0.700233;2.32367e-09;0.000220656;7.05238e-05;1.74094e-06;1.48176e-05;0.176829;0.000484011;3.36245e-06;0.000747108;0.103931;0.0173996;4.32685e-07
4.27283e-05;0.977376;0.00147712;0.000333388;2.81346e-06;1.98814e-05;8.12084e-07;1.08413e-05;4.04345e-07;3.25486e-05;3.52639e-06;0.000923651;0.0197536;2.28408e-05
5.24406e-05;0.00148992;0.0104117;4.13017e-06;6.68448e-05;9.92159e-08;1.69386e-07;0.000543699;1.65063e-06;1.75633e-08;1.13448e-06;0.987414;1.13039e-05;2.82997e-06
0.000109008;0.719856;1.59552e-06;1.04628e-06;7.64135e-05;0.000396502;0.00421909;0.0752726;0.000311116;3.12551e-05;1.16971e-05;2.10407e-09;0.199712;2.1327e-06
1.75626e-09;1.57893e-10;1;2.05092e-09;7.31998e-10;5.2691e-09;1.41312e-08;2.12443e-10;2.41337e-09;1.84788e-09;1.35937e-09;1.29824e-07;3.45454e-10;1.02256e-09
1.3097e-05;0.00808916;0.00617434;8.44295e-05;0.000922224;0.000138177;1.76467e-06;0.00879172;0.00261206;6.48405e-07;5.17884e-05;0.97289;2.25412e-05;0.000207847
4.79351e-05;0.0440337;0.000176506;1.54748e-06;0.000332942;3.28923e-05;2.44187e-08;0.941469;7.44991e-06;3.4444e-07;2.32826e-06;4.29911e-05;0.0138518;8.2108e-07
1.13286e-07;0.998605;1.9505e-08;1.39029e-08;3.15902e-08;8.14397e-09;4.82701e-05;8.64119e-09;1.8448e-09;1.35879e-05;2.80477e-09;2.39773e-10;3.37475e-07;0.00133223
1.57192e-10;5.05226e-11;1;1.74489e-12;6.34484e-12;6.34665e-14;9.83093e-12;7.84284e-11;3.09264e-11;1.88418e-12;1.41253e-13;8.59668e-12;1.84775e-12;5.4228e-14
8.20816e-06;0.000248402;3.07322e-06;4.87608e-06;3.02526e-05;3.10853e-06;2.93663e-06;0.979955;0.01847;2.44127e-06;4.96172e-05;0.000414588;0.000807124;1.90235e-07
