8.37245e-11;1.73258e-11;1;2.45963e-10;3.91958e-12;1.7789e-11;1.56696e-10;2.49538e-12;8.16002e-11;3.275e-11;1.35766e-10;6.57297e-09;9.37246e-10;3.23182e-13
5.13421e-10;3.19059e-09;0.999989;2.07663e-08;1.62561e-08;2.02101e-09;1.06222e-10;1.86182e-06;1.103e-09;8.17899e-11;5.69389e-10;9.08328e-06;2.88867e-10;1.07361e-07
5.83447e-09;7.63205e-06;1.01268e-06;8.6999e-08;2.06897e-05;0.00146067;1.65904e-11;6.72602e-07;2.11297e-09;1.12489e-08;1.01398e-09;1.13528e-07;1.84286e-07;0.998509
1.41397e-06;0.000401776;1.30901e-07;1.18658e-07;3.51841e-07;3.36279e-06;5.96893e-09;0.000535434;7.35203e-09;4.17876e-09;7.36391e-06;0.000216912;0.998832;8.01032e-07
2.07911e-07;0.999337;2.35675e-09;2.40855e-07;5.2379e-08;3.80861e-07;1.06478e-05;8.62963e-05;8.7059e-10;2.61327e-05;2.74001e-09;1.3449e-09;5.2332e-06;0.000533721
4.91379e-11;3.46886e-10;1;6.38265e-10;2.28856e-11;1.00096e-11;8.10834e-11;1.42633e-10;5.36438e-12;8.27961e-11;2.0251e-10;3.0458e-08;2.41661e-11;1.32175e-11
1.08232e-07;3.04817e-06;1.18477e-08;2.42302e-08;9.25865e-09;1.28635e-09;1.53381e-07;0.999952;8.72623e-07;2.35871e-09;1.02832e-06;5.31687e-07;4.25322e-05;4.32141e-10
4.21714e-06;0.883879;0.000118224;8.51006e-05;3.34344e-05;0.000257298;1.4265e-07;0.0045124;2.94546e-07;1.91218e-05;2.40313e-06;0.00793159;0.00110529;0.102051
0.000136836;0.898177;9.88851e-08;0.000233019;8.73828e-06;2.09747e-05;4.94599e-05;0.00225539;0.00013652;1.04889e-05;0.0352279;0.000186045;0.0626574;0.000899882
1.26396e-05;2.58532e-05;1.13574e-09;5.59592e-09;3.20305e-08;7.12305e-09;2.18834e-08;0.999946;8.74458e-06;2.97377e-09;2.19289e-06;6.09373e-08;4.82725e-06;5.83455e-08
2.15883e-08;0.0282687;1.57445e-08;2.2688e-07;1.19909e-08;4.59178e-07;2.73242e-06;2.50725e-09;7.18554e-11;0.000394027;3.59799e-10;7.37432e-08;5.75579e-10;0.971334
4.42494e-07;2.89139e-09;0.999958;7.68328e-07;6.39691e-09;4.48043e-08;9.04115e-06;7.37482e-08;1.61127e-06;4.74651e-07;2.43934e-05;5.41437e-06;2.34761e-10;7.51739e-08
1.83074e-05;0.015339;3.56623e-07;9.50765e-05;3.76269e-05;4.87445e-05;9.47907e-07;0.0232368;1.203e-05;3.52069e-07;0.00332018;2.80798e-05;0.957861;1.17493e-06
7.05627e-08;0.999836;9.53436e-07;1.72177e-07;2.84337e-08;1.53509e-08;2.52068e-08;4.04089e-05;1.61401e-10;1.10073e-07;3.78383e-09;5.31121e-09;0.000120501;1.82077e-06
5.55435e-10;7.19309e-10;1;1.30499e-08;1.76267e-11;2.31638e-11;2.19174e-08;3.75072e-09;3.40992e-10;1.44715e-09;1.26818e-08;6.0298e-08;6.50292e-09;2.66847e-12
7.41883e-09;1.75219e-07;0.087032;1.30839e-05;6.92695e-06;6.36486e-07;1.50499e-09;0.000271248;3.25577e-07;1.021e-08;2.54761e-06;0.912666;2.34123e-08;6.7212e-06
2.21554e-07;0.766652;5.38218e-09;9.18546e-07;0.000167541;5.89214e-05;6.94114e-08;0.231774;1.92292e-07;5.65725e-08;2.19972e-06;1.24845e-06;0.00133065;1.1839e-05
5.95673e-07;0.0122925;0.0493762;7.42498e-05;0.0556404;0.866189;4.29707e-07;0.00165564;1.02825e-10;7.94507e-05;3.64204e-07;6.33508e-06;0.000443496;0.0142412
1.72281e-10;1.3649e-10;1;3.14968e-10;1.12743e-11;5.44533e-10;2.51666e-11;4.2428e-11;1.17733e-11;5.34635e-12;7.19446e-11;1.26487e-09;1.64219e-08;7.44026e-13
2.32832e-07;0.00132527;0.000119707;5.85586e-06;7.06699e-06;1.34681e-05;2.54301e-10;0.000209911;6.30649e-07;2.2003e-09;1.30858e-06;0.977228;0.0210889;9.48994e-08
1.19129e-07;0.841747;4.03874e-11;2.70631e-06;0.000686332;0.000366186;3.6293e-09;0.0732614;1.47996e-08;5.65465e-07;1.59946e-07;1.05662e-06;0.0839315;2.5089e-06
8.92163e-06;0.0878526;0.0115906;0.0336717;0.0244846;0.809873;2.04951e-07;0.000212427;1.60729e-08;0.000576356;7.9427e-05;0.00693638;0.00157423;0.023139
1.96294e-05;0.996395;0.00120428;1.15566e-05;1.49608e-07;1.02576e-06;1.08362e-07;5.22247e-06;1.28508e-07;4.46978e-08;5.67429e-07;0.00155488;0.000807453;3.19695e-07
0.00131907;0.546511;6.88842e-05;2.40807e-05;0.000820664;0.000139294;1.79292e-05;0.096967;0.000222459;1.32125e-05;0.000232109;0.0021212;0.351469;7.39881e-05
1.5186e-07;0.999056;2.51506e-09;2.68898e-07;9.1742e-07;8.53954e-07;1.08847e-05;5.12677e-06;1.46186e-08;0.000115996;3.83739e-09;2.03872e-09;1.11371e-06;0.000808354
1.95534e-10;1.63164e-11;1;3.53289e-10;1.31793e-10;1.90494e-11;4.61447e-10;1.30737e-11;8.49539e-10;3.32789e-10;2.9192e-10;1.62524e-08;1.78814e-12;4.20299e-12
0.000392006;0.928094;1.26601e-07;4.81674e-05;0.000161618;0.000292587;0.000256176;0.00342139;0.0200459;3.97705e-05;0.0105;0.00076314;0.0311287;0.00485619
1.27609e-05;0.340017;6.82466e-08;1.19034e-07;1.60437e-07;8.05716e-08;8.26644e-06;2.20907e-06;1.604e-06;1.03524e-07;1.49815e-05;0.652456;0.00747918;7.94985e-06
3.71166e-05;0.168006;1.17966e-05;8.15291e-07;0.000290602;0.000127639;2.88095e-06;0.477218;2.57159e-06;1.5472e-06;3.24202e-06;0.0152826;0.33676;0.00225485
1.89515e-05;0.0285184;0.000491378;1.15576e-06;1.39098e-05;6.18601e-06;4.85544e-06;0.00221857;3.20219e-05;1.54843e-07;9.20132e-07;0.965433;0.00297197;0.000288295
0.000648543;0.0353195;2.47696e-06;1.29608e-05;2.98381e-05;1.62365e-06;3.32175e-05;0.41099;0.000453836;8.50093e-07;0.000257913;0.059086;0.49316;3.68262e-06
7.23959e-06;0.986898;1.19227e-05;1.17403e-07;4.57928e-07;7.48046e-07;1.01909e-07;0.00173983;6.77733e-07;1.66955e-07;5.18349e-07;3.63988e-05;0.0111126;0.000191434
2.40008e-08;0.116169;3.53284e-10;9.46768e-07;1.3923e-05;2.22558e-06;2.1087e-07;2.18711e-05;8.8771e-08;3.84544e-06;7.45052e-08;0.00109069;4.26622e-05;0.882654
8.91699e-05;0.0193502;1.06282e-06;0.000610646;8.82971e-07;1.93842e-06;0.232928;0.00620938;0.0951167;2.63618e-05;0.642934;8.14719e-05;0.00264936;8.04552e-09
0.000138815;0.993587;0.000750497;3.27654e-05;0.000172709;1.50861e-06;2.66799e-07;0.00428545;2.98245e-07;8.77166e-07;4.80414e-07;0.000172094;0.000783068;7.3807e-05
5.47427e-05;0.986865;6.96144e-10;9.06264e-07;1.06529e-05;1.78205e-06;0.000872136;0.00999372;9.13484e-07;0.000879329;1.03662e-07;2.72512e-07;3.32204e-05;0.00128701
1.05813e-09;3.97521e-12;0.999972;4.23201e-10;8.61224e-11;1.10372e-10;4.75245e-10;6.11803e-11;1.29707e-09;3.29269e-10;1.33702e-09;2.78649e-05;2.71801e-11;4.63299e-12
0.000145024;0.586196;3.96653e-07;0.00207401;0.000315311;0.000331615;0.000513041;0.107329;0.0560239;2.58937e-05;0.0803759;2.89718e-05;0.166358;0.000283513
8.59296e-06;0.978196;0.00713338;8.28573e-05;3.96063e-06;9.76344e-08;4.839e-07;2.41721e-06;5.3197e-07;7.33879e-07;6.94312e-06;0.0135663;0.000951006;4.62366e-05
0.00950885;0.380991;0.000447867;0.00192149;0.00888816;0.000344887;0.00350017;0.424996;0.0607577;0.000713866;0.0476505;0.0018866;0.0580507;0.000341587
0.000328043;0.889049;1.6807e-06;4.00803e-05;0.00287817;0.000941416;4.54029e-06;0.0866413;5.13051e-05;6.10409e-05;5.11012e-06;0.00168894;0.00102971;0.0172801
0.000467812;0.00143371;2.62554e-07;1.51531e-05;0.000159506;0.000112874;9.32528e-06;0.0993253;0.00027107;9.58328e-06;0.000230093;1.34615e-05;0.897918;3.35212e-05
0.000171628;0.940773;7.29306e-06;2.90691e-06;1.15306e-07;1.83644e-07;0.0476371;1.70374e-06;2.60352e-05;0.00975137;6.77705e-06;0.000642936;2.23955e-05;0.000956655
8.79896e-09;1.14779e-08;0.999998;9.97598e-08;3.53966e-10;2.23175e-10;4.10342e-07;5.87418e-10;2.3059e-07;8.44099e-09;8.82471e-07;2.33066e-07;3.2017e-10;1.84177e-11
1.60437e-08;0.000205671;2.91557e-10;4.12051e-09;1.1968e-06;1.05945e-10;4.79833e-10;0.99979;1.67996e-09;7.18461e-10;2.26233e-08;2.90693e-06;1.0386e-07;2.53451e-09
2.81635e-07;0.00826825;0.988052;7.74586e-06;0.000151066;0.00073807;6.72667e-06;1.13549e-06;2.95955e-09;0.000135804;3.0256e-07;3.48636e-07;0.00238838;0.000249567
2.31471e-11;7.36745e-12;1;1.28859e-11;2.51626e-12;1.38162e-11;6.8566e-10;3.42687e-11;3.57407e-11;6.04484e-12;3.97102e-10;3.46809e-09;1.45865e-11;8.32516e-13
3.20641e-11;8.99718e-09;0.999987;1.1826e-10;6.79285e-10;4.92292e-10;3.16947e-11;1.80444e-09;1.23384e-10;2.32816e-12;3.18877e-10;1.27198e-05;4.41234e-09;1.48813e-09
5.37617e-08;1.86685e-05;2.7238e-08;5.4494e-09;0.00165268;0.00146524;2.62435e-09;4.9619e-06;2.6929e-07;5.84626e-09;1.0844e-07;1.90889e-07;1.0637e-06;0.996857
5.789e-06;0.9986;1.32756e-05;3.00236e-09;2.33905e-05;1.89501e-06;4.95554e-05;1.79862e-05;5.53637e-09;7.84122e-06;5.40064e-09;3.89809e-07;8.51423e-05;0.00119468
2.79737e-10;1.19137e-10;1;6.20812e-12;3.05908e-10;3.75603e-11;5.02193e-13;1.78205e-10;5.38479e-11;6.39678e-13;2.42373e-12;2.14325e-09;8.7677e-11;2.59439e-13
8.39478e-09;0.999993;3.31679e-07;4.28524e-09;1.96227e-08;1.21925e-10;1.46861e-09;6.0759e-06;7.62085e-12;9.81601e-09;2.51102e-12;3.62844e-07;3.96113e-08;7.88167e-08
8.45445e-11;4.40794e-10;1;5.84263e-11;1.09055e-11;2.25563e-13;6.30357e-11;3.23564e-10;2.43306e-12;6.73272e-11;3.3887e-12;2.29663e-07;4.84995e-11;8.14799e-13
1.20839e-06;1.23646e-05;9.48801e-07;5.57215e-05;1.34826e-05;3.65572e-05;2.54913e-06;0.997941;0.000677054;2.42642e-06;0.000127213;0.000321984;0.00023274;0.000574893
7.26521e-07;0.997702;9.00085e-05;1.06572e-06;1.31056e-07;3.39911e-09;4.20995e-08;0.000224605;9.76498e-09;4.03446e-08;6.05109e-08;8.10854e-06;0.0019733;6.05909e-08
3.817e-08;0.999829;1.94621e-09;1.41007e-09;9.46928e-11;2.15063e-10;0.00013516;2.16247e-08;3.32247e-10;2.95073e-05;4.19399e-10;5.83219e-10;2.25557e-07;6.56015e-06
5.2793e-11;9.84707e-12;0.999999;2.00136e-09;4.87722e-11;2.65464e-11;1.37008e-09;1.10761e-12;4.30549e-10;2.46701e-10;4.00738e-10;7.52215e-07;2.23625e-13;5.33601e-11
2.96716e-07;0.000151532;7.03712e-11;7.53697e-09;3.25062e-06;1.80773e-09;9.37516e-08;0.999831;9.31918e-06;5.13945e-09;3.89882e-07;3.9767e-08;4.0365e-06;1.03751e-07
3.45189e-07;0.000291157;0.998077;4.55872e-06;0.000178056;0.000413052;9.15718e-06;7.4495e-08;8.33193e-08;0.000250186;2.15391e-07;2.98578e-08;2.10222e-05;0.00075528
7.99815e-10;2.39845e-11;1;3.26587e-12;5.17729e-12;1.2207e-12;2.64347e-10;9.04057e-11;1.05559e-09;1.13938e-12;1.57884e-10;4.1476e-08;2.45313e-12;5.49519e-13
1.90934e-08;4.61799e-06;0.000114826;7.33634e-09;1.37512e-07;1.87498e-08;8.4812e-10;2.42021e-06;6.62705e-07;3.49155e-10;5.67108e-08;0.999877;1.49235e-08;6.07826e-08
7.81622e-07;0.946184;2.48452e-08;3.54352e-10;1.96012e-07;2.49461e-05;3.2895e-09;2.31677e-06;5.90326e-09;3.31355e-10;2.91915e-09;3.63532e-06;0.0537831;4.69688e-07
1.80242e-07;3.92251e-05;0.00034598;3.30715e-08;0.00208674;6.50199e-05;7.84412e-11;6.67589e-05;3.82504e-08;4.55269e-09;6.49013e-09;0.99703;0.000179184;0.000186382
1.86768e-07;4.9986e-05;2.75231e-09;2.5344e-09;8.32465e-07;5.47686e-07;9.49141e-11;0.999946;1.47815e-06;1.88688e-11;2.71899e-09;1.92661e-09;9.01486e-07;2.4292e-08
2.26781e-06;0.383782;8.85371e-10;6.68378e-09;1.86355e-07;1.8486e-07;5.0035e-10;0.614988;2.33368e-09;1.88635e-08;2.7235e-11;4.56634e-07;0.00122611;6.25187e-07
3.15919e-07;0.0173331;4.658e-06;1.07114e-06;2.01878e-06;3.63173e-06;1.533e-09;0.000101794;2.8468e-09;1.61375e-07;2.3317e-08;0.982333;2.17059e-05;0.000198176
5.72642e-07;0.999557;2.00188e-08;1.18215e-08;7.76977e-08;7.79239e-08;0.000197624;0.000127983;3.08782e-08;5.74284e-06;4.63873e-09;1.37848e-10;4.15337e-05;6.95589e-05
8.46447e-11;3.69366e-12;1;4.73878e-11;5.63247e-11;5.63654e-12;2.13899e-09;6.83256e-12;6.88411e-11;1.44744e-10;1.4486e-11;3.99247e-11;1.1682e-13;6.21473e-14
2.71661e-05;1.90598e-06;0.999278;1.0109e-06;2.56959e-07;5.29233e-08;3.34081e-05;6.67454e-06;0.000615877;6.73623e-08;1.06717e-05;1.02247e-07;2.52427e-05;2.15115e-08
2.10643e-07;1.31463e-06;2.59536e-05;4.58317e-09;7.84296e-07;2.1129e-08;4.74333e-09;1.56093e-07;2.96701e-07;5.67735e-09;2.17305e-09;4.76165e-07;5.53882e-09;0.999971
1.30479e-05;9.14853e-05;6.62922e-09;4.78261e-07;0.399194;4.19856e-05;5.10122e-07;0.598717;0.0012703;2.47504e-08;1.87724e-06;5.18165e-05;4.31051e-06;0.00061328
3.68526e-07;1.44767e-05;0.999828;1.4895e-07;0.000138698;8.73292e-09;3.92329e-10;3.86954e-08;4.75163e-10;2.30526e-09;2.16814e-09;1.7585e-05;3.0726e-08;1.5568e-07
1.05294e-06;0.0707472;2.53779e-05;3.0104e-08;1.81905e-06;1.14576e-07;1.62895e-10;7.50219e-08;1.13197e-09;1.54543e-09;3.68142e-09;5.34835e-06;0.929218;1.092e-06
8.62671e-06;0.0182863;4.43799e-05;2.06438e-06;0.000285076;5.04423e-06;1.39607e-07;0.0264288;5.25734e-06;1.28095e-06;6.0251e-07;0.949119;0.000861217;0.00495224
4.2079e-05;0.248912;0.000177909;6.74744e-05;0.025255;0.00241659;7.99794e-07;0.70658;6.61014e-05;1.02976e-05;8.85308e-06;0.00193774;0.0107839;0.00374178
0.000129103;0.00327333;1.8807e-05;4.1685e-06;2.61468e-06;5.49664e-05;1.09353e-06;0.00152534;0.000353879;6.63926e-07;0.00010596;0.111668;0.882859;3.71462e-06
1.13925e-05;0.0759874;5.21687e-08;1.61168e-08;2.40739e-08;1.49654e-08;3.55036e-08;0.873668;6.27274e-07;4.99935e-08;9.46829e-08;1.90866e-05;0.0503134;9.77372e-10
1.05263e-09;3.53312e-05;5.47123e-07;1.14968e-07;3.73835e-07;1.38814e-07;6.78599e-12;7.37543e-05;1.02724e-09;1.96648e-09;4.16134e-09;0.999816;5.46702e-05;1.86318e-05
3.57505e-06;0.869199;1.62533e-05;2.98518e-06;1.31277e-05;0.000141131;0.000160211;0.0620224;1.39774e-05;1.07648e-05;0.000253316;1.55913e-05;0.0681404;6.92436e-06
4.67259e-06;0.050516;1.01155e-06;1.05015e-05;6.36173e-05;2.67739e-05;6.28699e-07;0.0327929;8.9837e-06;6.77226e-07;7.18597e-05;0.00238394;0.914112;6.26515e-06
2.72263e-06;4.10136e-07;4.39219e-11;1.29049e-10;2.1254e-08;4.96452e-10;2.02381e-10;0.999992;4.45182e-06;7.59922e-11;5.357e-09;7.01344e-09;1.94981e-07;2.56342e-10
7.44018e-06;0.29409;2.11979e-06;2.10778e-06;3.34069e-07;1.51198e-05;0.00185352;9.57765e-08;1.02237e-07;0.00808899;2.8945e-08;1.08065e-05;1.29932e-06;0.695928
1.20575e-08;1.7119e-11;0.999999;6.0882e-09;9.37622e-10;2.83706e-10;4.39495e-08;3.2896e-10;5.60045e-07;3.06775e-09;9.44525e-08;7.72771e-08;7.29115e-14;5.49684e-10
5.09288e-05;0.0183685;2.05248e-06;3.80041e-06;0.000298465;1.16673e-06;8.92636e-06;0.977441;0.00292656;1.15893e-06;0.000483475;1.34678e-06;0.00038417;2.88691e-05
0.000110482;3.98214e-05;3.2754e-08;2.88754e-07;3.20906e-05;5.50775e-08;1.30215e-07;0.99965;0.000118369;1.50091e-07;4.17551e-06;1.00864e-05;3.35072e-05;8.54069e-07
0.000364287;0.0646987;0.00017783;6.1277e-07;5.56899e-05;3.50728e-07;1.49032e-05;0.000202974;4.52923e-05;2.89424e-06;7.39113e-07;0.934149;0.000219686;6.75351e-05
0.000322451;0.28912;4.16327e-06;5.52091e-06;1.12705e-05;1.44372e-06;6.12273e-06;0.581523;0.000750842;3.91652e-07;3.2315e-05;0.0876802;0.0397054;0.000836545
2.82509e-06;0.00370218;7.64983e-08;2.08022e-07;0.000745507;1.47168e-07;1.21016e-09;0.991793;5.75986e-07;1.37434e-08;7.73768e-08;6.64036e-06;0.00373838;1.00508e-05
0.000587032;0.957049;0.0301703;0.000285181;0.00266506;5.67171e-05;2.23984e-06;0.000218232;5.75091e-06;9.03079e-05;4.42973e-06;0.00099524;0.00730317;0.000567198
0.00074584;0.079278;0.000471044;1.87401e-05;1.74141e-06;1.54733e-07;0.000145243;0.105914;0.106849;4.7272e-07;0.0565096;0.649776;0.000289604;3.39248e-07
2.09795e-05;0.862675;7.30792e-06;0.00534935;0.0621847;0.00662328;1.00568e-06;0.0046333;0.000300896;1.82571e-05;0.00314985;0.0409111;0.00439896;0.00972646
0.000773123;0.00155888;1.44678e-05;2.26145e-05;3.37356e-06;7.03679e-06;2.68101e-06;0.00137593;0.000542521;1.75063e-06;0.00430294;0.00019861;0.991162;3.42842e-05
2.38129e-05;0.999111;6.83725e-09;7.19092e-08;1.59971e-08;1.56572e-08;8.1396e-05;4.71498e-06;6.94511e-08;8.54722e-05;5.60535e-07;3.89463e-09;5.52364e-05;0.000637568
1.05371e-09;4.68271e-11;0.999999;2.65927e-09;3.25672e-07;4.1381e-09;6.53776e-11;1.69526e-10;4.37116e-11;2.5509e-09;6.00896e-10;3.15933e-07;3.13001e-12;1.47158e-07
1.96084e-06;0.989122;3.09467e-09;1.24533e-08;2.50844e-06;1.57845e-09;5.85891e-06;0.0105438;7.01203e-05;8.02483e-08;1.26745e-05;8.30766e-08;0.000240343;8.82773e-08
7.04497e-06;0.00280029;0.0798184;0.000138319;0.0374496;0.000656358;2.3515e-06;0.000262772;7.88073e-07;0.00118961;2.14606e-05;0.863081;1.95635e-05;0.014553
5.81986e-06;0.988742;9.62388e-07;3.02705e-06;3.11436e-05;2.59102e-06;5.70743e-07;0.00666226;1.74459e-05;8.46886e-08;0.000134333;0.000237867;0.00246552;0.00169673
7.12128e-08;0.99985;7.61793e-11;2.18365e-10;3.71617e-10;2.45256e-11;3.73392e-08;1.03125e-07;5.01988e-09;1.00621e-09;8.39133e-10;1.49169e-05;0.000134642;1.53396e-09
8.02566e-07;0.00056013;7.53345e-05;7.04757e-07;0.0013521;1.88695e-05;5.05104e-10;5.64086e-06;2.91998e-08;4.49332e-08;5.45873e-09;0.997558;0.000150535;0.000277358
5.32916e-06;0.00143785;6.23051e-10;1.89677e-09;8.96493e-05;2.67403e-08;3.05005e-07;0.998422;3.39952e-05;3.12029e-09;2.83275e-07;9.83437e-06;6.41475e-07;1.30082e-07
5.32224e-06;0.000841055;0.993473;3.49515e-07;6.91361e-05;8.67459e-06;2.82101e-08;1.54863e-05;2.66375e-08;2.45667e-07;4.73152e-08;0.00545223;0.000129784;4.50015e-06
5.18065e-06;0.000117285;4.99609e-10;2.21674e-08;2.29756e-06;1.11729e-07;1.18639e-08;0.996303;1.308e-05;7.09306e-10;2.0412e-06;4.27848e-06;0.00355083;1.66462e-06
8.26581e-07;4.90691e-05;2.60553e-07;2.95456e-07;1.48697e-07;3.49211e-08;2.01513e-09;1.67843e-05;4.29385e-06;7.67444e-09;7.73437e-07;0.999848;7.86067e-05;7.53002e-07
1.93587e-06;0.999789;3.68237e-07;2.24375e-07;1.80674e-07;2.43781e-09;1.04287e-08;6.75422e-05;2.94856e-08;2.39687e-08;6.82706e-08;1.56861e-05;0.00012547;2.11186e-08
6.25578e-08;0.999896;2.10432e-09;2.09211e-08;1.28671e-09;1.87748e-09;1.70862e-05;7.23302e-07;1.30788e-10;2.8648e-05;6.80291e-09;9.19541e-09;1.24323e-06;5.62484e-05
1.55496e-11;1.74364e-12;1;2.57422e-10;1.56399e-10;5.8778e-11;3.01582e-10;1.04348e-12;3.36846e-12;7.13475e-11;5.15115e-10;1.29428e-07;7.08973e-14;2.3291e-10
2.574e-07;0.990506;8.11792e-09;1.93031e-07;1.06827e-07;3.6423e-08;3.7209e-06;0.00269501;3.28167e-06;1.24948e-07;1.57288e-05;6.98804e-07;0.00676745;8.06899e-06
3.51735e-07;0.00799184;1.0309e-08;0.000136903;5.35999e-05;2.93261e-05;5.83573e-08;0.00272195;6.64013e-06;9.27765e-07;0.000523283;0.987651;0.000390484;0.000493475
0.000205688;0.847084;3.05331e-06;6.37321e-05;2.71339e-05;0.000136627;7.90015e-05;0.0709357;5.18395e-05;5.96109e-05;0.000445729;0.0141899;0.066405;0.000312795
3.56688e-06;0.000671886;4.15756e-09;4.04361e-07;1.70776e-06;1.75321e-07;4.64058e-07;0.0164548;1.22079e-06;3.34023e-08;1.54152e-05;6.04489e-06;0.982844;7.86378e-08
1.28204e-05;0.00028289;9.6043e-07;2.42527e-05;2.80649e-05;2.15871e-06;1.74787e-07;6.58523e-05;0.000527414;1.38731e-06;0.000432396;0.997736;0.0008386;4.69148e-05
2.53939e-06;0.999906;9.10292e-07;1.10454e-06;1.21527e-07;8.71724e-09;1.42817e-08;6.69883e-05;2.46054e-08;7.71088e-08;1.30862e-07;4.21058e-06;1.79909e-05;3.40456e-07
4.47502e-08;0.999701;1.18583e-09;5.73228e-08;1.39145e-09;1.33642e-09;3.98382e-06;1.7351e-07;4.36678e-10;3.47975e-05;6.46488e-09;4.74641e-08;1.60105e-09;0.000260092
1.5879e-09;3.46672e-10;0.999999;1.70414e-07;2.00175e-09;2.70111e-10;6.68378e-08;9.5638e-10;6.48928e-08;2.97359e-08;6.14786e-07;3.3213e-07;6.38452e-12;8.70688e-10
1.20896e-07;0.0117343;2.61598e-07;2.89759e-07;5.40699e-08;5.02781e-08;1.34202e-08;3.7658e-07;3.70562e-09;5.03627e-09;1.46183e-06;3.1333e-07;0.988263;7.84255e-09
6.12509e-09;4.38427e-05;2.11695e-12;4.70773e-10;1.22352e-07;4.81567e-10;2.13911e-10;0.999892;2.33442e-09;3.72165e-10;2.10176e-08;5.40481e-05;1.01757e-05;9.04713e-08
2.03726e-08;0.000184834;0.999614;3.03941e-06;9.48685e-06;0.000135433;1.842e-09;1.42277e-05;1.31377e-10;1.80763e-07;6.51864e-09;1.7847e-05;1.23658e-06;2.00272e-05
3.97176e-06;0.00020281;3.51487e-07;7.89533e-07;4.05556e-08;8.37378e-05;3.25816e-06;4.53116e-07;0.000150706;9.09124e-08;0.000357808;1.04903e-05;0.999185;9.01673e-07
1.64692e-05;0.11976;0.878976;1.70492e-05;2.53688e-05;1.10312e-05;6.73665e-07;0.000200992;6.11171e-07;4.71793e-06;3.04452e-07;0.000932193;1.16684e-05;4.20323e-05
2.42231e-07;0.998264;5.73809e-09;4.50436e-06;5.78763e-06;9.73417e-07;2.07893e-08;0.000534565;5.38821e-06;4.77301e-09;4.60827e-06;0.000283409;0.000888262;8.06121e-06
6.79338e-06;0.0520152;2.94637e-06;3.96097e-06;0.00134354;2.78816e-05;4.94909e-07;0.941815;6.51559e-05;8.95967e-07;7.80276e-05;0.000738779;0.0038344;6.6693e-05
2.36806e-06;0.970848;1.72358e-10;1.19075e-06;0.00356403;7.2862e-07;5.25404e-07;0.0252299;1.11974e-06;8.94547e-06;2.73443e-07;2.57658e-05;1.26261e-05;0.000304608
3.73663e-05;0.00335421;0.222022;2.56524e-05;0.00506111;2.8311e-06;3.39617e-07;1.35829e-05;1.95877e-07;1.12025e-05;1.80582e-06;0.769166;2.56447e-05;0.000277891
0.000313915;3.28627e-05;7.25256e-07;2.22457e-06;3.99759e-07;1.31275e-07;0.016927;0.000758386;0.852977;6.09978e-07;0.128417;8.18734e-08;0.000569163;3.81009e-08
0.000101593;0.131002;3.46663e-06;1.29584e-07;9.27962e-07;1.78358e-07;2.023e-06;0.867526;1.45359e-05;1.02851e-06;3.08077e-06;3.18276e-05;0.00131105;1.86256e-06
5.60932e-07;0.00803602;7.76297e-07;1.09083e-07;9.91315e-06;7.8029e-07;7.6372e-09;4.9256e-05;5.78024e-08;5.93756e-08;3.23299e-07;0.991592;0.000247814;6.23017e-05
4.71165e-05;0.895549;4.4716e-05;3.82642e-07;8.84127e-07;1.69427e-08;0.000109778;0.0975645;0.000333871;3.91024e-07;0.000440132;0.00140485;0.00450487;3.93021e-08
8.45025e-06;0.0530752;3.57861e-07;4.08791e-05;0.0217424;1.11348e-05;4.0193e-08;0.00311819;3.11215e-05;3.06403e-06;2.32377e-06;0.835021;9.14419e-05;0.0868545
0.00292568;0.381169;1.85195e-06;1.20555e-06;0.000122596;1.38015e-05;6.72914e-06;0.582627;0.00215694;5.08092e-06;1.50215e-06;0.000149035;0.0308174;2.53158e-06
1.41335e-05;0.000493511;1.51543e-10;2.77385e-07;8.94775e-07;4.35687e-07;6.73843e-09;0.969914;3.88469e-05;8.56473e-09;2.45703e-07;9.11163e-07;0.0295364;5.69258e-08
8.67382e-06;3.04679e-05;1.81428e-09;1.5161e-08;4.98597e-08;1.72277e-08;1.06922e-08;0.999934;7.59659e-06;3.11213e-09;4.23356e-08;1.85734e-07;1.91469e-05;6.3848e-09
4.0176e-06;0.00989311;1.10252e-05;1.25027e-05;6.1401e-07;1.83195e-05;0.000362587;9.41287e-07;3.25281e-07;0.00135791;1.71035e-07;2.04279e-05;1.29358e-06;0.988317
7.80313e-08;4.22164e-10;0.999988;2.37991e-07;1.67028e-08;3.70712e-09;1.27518e-06;6.01521e-10;2.02542e-06;6.59823e-09;7.93434e-06;6.99439e-08;4.08549e-11;5.46352e-09
2.7212e-05;0.363051;2.50384e-07;1.23734e-06;2.28397e-05;5.83221e-07;2.56396e-05;0.60821;0.000197277;3.61426e-07;0.00047188;2.42104e-06;0.0279754;1.36796e-05
1.45609e-06;0.972216;2.79671e-08;1.22644e-07;1.78124e-06;3.98316e-07;6.26424e-05;2.00133e-06;1.50709e-08;0.000148547;5.11266e-08;3.33791e-07;1.65131e-06;0.0275653
2.37405e-09;1.77835e-11;1;7.38039e-11;1.60913e-10;8.03834e-13;4.52052e-09;3.28159e-12;1.47124e-08;8.55507e-11;3.00289e-09;5.59545e-09;2.42418e-14;3.30426e-12
7.3582e-08;0.999959;8.56911e-12;6.3492e-10;1.92951e-09;1.63827e-10;3.38427e-05;9.81363e-08;7.0016e-08;8.30104e-07;3.22179e-09;2.87844e-12;7.10125e-08;5.73771e-06
2.31692e-09;7.64471e-11;0.999985;1.45329e-09;2.65536e-09;6.57282e-09;1.12308e-08;1.38467e-09;3.80044e-09;3.38223e-09;2.07207e-09;1.48749e-05;4.24885e-10;1.91698e-10
1.58363e-06;0.010606;2.21029e-08;3.0346e-05;1.1345e-06;0.000240017;0.00431233;0.000322491;0.000359368;4.67278e-06;0.000277713;3.05637e-08;0.983844;2.5935e-07
6.44198e-06;0.162494;0.837332;1.28273e-05;1.21827e-07;2.88294e-08;5.80927e-07;4.66532e-06;8.67778e-08;1.92746e-06;1.74926e-07;2.05678e-05;0.000116088;1.07551e-05
1.12554e-05;0.595325;1.19865e-06;2.25819e-06;2.79626e-05;2.72167e-06;7.42036e-06;0.401255;7.23858e-05;5.35962e-06;3.91952e-05;0.00277442;7.03665e-05;0.000405648
1.47294e-05;0.860688;5.44111e-07;1.06307e-05;0.000634417;0.000110817;5.88207e-06;0.00587233;0.000117332;3.23554e-05;0.000418154;0.0588416;0.0732513;1.75264e-06
2.43997e-05;0.200974;3.93238e-09;4.04075e-06;1.29505e-05;3.60149e-07;1.74798e-06;0.000391547;3.29637e-06;1.0314e-06;4.90948e-06;0.0176137;0.780953;1.53487e-05
0.000132322;0.178009;7.05509e-06;0.000371741;0.00046407;3.30072e-05;1.23947e-05;0.654374;0.000165748;4.21423e-05;4.16519e-05;0.032834;0.133463;5.0435e-05
1.80286e-05;0.258973;3.20455e-07;0.000108293;0.0397075;0.000146347;3.97392e-06;0.672935;2.47438e-06;6.59236e-05;6.44268e-06;0.0239442;0.0035328;0.00055542
9.1365e-06;0.00650393;0.974282;0.000566271;0.00219093;0.00261548;5.90338e-07;5.72832e-06;4.69465e-08;0.00011695;8.54199e-06;0.0119275;0.000107306;0.0016653
9.61365e-06;0.00210306;7.68867e-09;2.31886e-07;5.08993e-06;4.62854e-05;2.76198e-06;0.847137;3.65418e-07;1.41108e-07;1.39929e-05;2.08764e-06;0.150679;2.26126e-07
5.697e-10;9.84861e-10;1;4.6748e-09;2.61126e-10;8.1879e-09;1.15817e-08;3.56357e-10;2.94316e-10;9.41408e-10;6.62068e-09;7.93044e-09;1.76155e-08;6.56934e-11
1.64414e-08;8.0077e-06;0.999966;1.74754e-07;1.17856e-07;5.0888e-07;2.9421e-09;3.70302e-06;2.48314e-08;6.85987e-10;3.74154e-08;1.66701e-05;4.38683e-06;9.7794e-08
3.97951e-07;0.000273412;2.94885e-06;1.3456e-06;0.00551437;0.00269864;2.53649e-08;1.03393e-05;5.62053e-07;8.45065e-07;7.48556e-06;0.000389446;2.18457e-05;0.991078
2.11839e-06;0.998378;2.8908e-06;6.17151e-07;9.98158e-06;3.07226e-05;0.00055808;4.61795e-05;5.78739e-09;0.000271386;6.50351e-07;7.45136e-08;0.000141737;0.000557412
1.68637e-11;7.47004e-11;1;3.92189e-11;3.53101e-11;6.35964e-10;1.55518e-12;3.34231e-13;3.29177e-12;2.08036e-12;2.08012e-11;4.22138e-10;2.81509e-11;1.58599e-12
1.42721e-08;0.999988;1.55662e-08;4.35354e-08;2.23486e-07;3.01552e-08;2.38121e-08;5.61511e-08;3.24026e-11;1.70201e-07;9.48278e-11;1.64365e-09;3.41918e-06;7.82067e-06
5.34538e-11;2.65849e-10;1;3.45136e-10;4.10928e-11;4.1569e-11;2.29034e-11;1.69392e-11;3.26005e-12;1.21628e-10;2.22786e-11;2.98255e-07;4.24409e-10;4.13998e-11
0.000142546;0.00666255;0.000126896;0.00867113;0.00808149;0.0056433;8.35355e-05;0.562314;0.0427504;0.000356135;0.0791761;0.0738335;0.180891;0.0312671
1.46062e-07;0.997983;6.16215e-05;5.60654e-07;7.66555e-08;1.25262e-07;8.01653e-08;2.39547e-05;2.25645e-10;1.81801e-07;1.76355e-08;3.46087e-08;0.00193022;1.05193e-07
6.64057e-10;9.72369e-09;0.999993;3.19619e-09;1.0802e-10;1.75044e-10;7.23424e-10;5.52755e-10;5.26861e-11;1.57257e-09;5.69364e-10;6.89471e-06;7.34593e-09;5.91564e-10
1.44833e-08;1.87955e-06;3.55832e-05;1.97871e-06;8.3627e-07;1.21129e-06;1.69618e-08;9.85422e-06;4.20465e-06;4.22651e-08;2.1862e-06;0.999832;2.97629e-08;0.000110626
5.18039e-08;0.996955;5.19922e-08;1.42675e-09;6.87771e-09;6.33119e-07;1.22424e-07;5.00072e-07;8.01103e-10;2.26979e-09;5.94335e-09;7.75996e-07;0.0030428;2.0438e-07
1.58799e-08;9.82879e-05;1.80867e-05;7.48342e-08;0.000270706;1.32056e-05;1.59695e-10;0.000652228;1.32411e-09;5.37991e-09;7.70791e-09;0.998872;1.41943e-05;6.10479e-05
6.62883e-06;0.143006;2.55888e-07;2.53336e-05;2.41037e-05;0.00027301;9.01079e-07;0.618939;8.61922e-05;1.23732e-07;8.57097e-06;1.47819e-06;0.237625;4.32031e-06
4.04405e-07;0.999903;1.13661e-06;7.56594e-07;1.8804e-08;4.77635e-09;2.03987e-10;6.20923e-05;4.71644e-10;1.16534e-08;7.89381e-11;1.48471e-05;1.73495e-05;1.20239e-07
1.88513e-07;0.999729;9.55069e-09;1.18982e-07;4.35505e-10;4.71804e-09;6.52461e-05;3.01701e-07;2.85616e-09;7.54244e-05;1.93493e-09;1.53526e-08;7.88817e-09;0.000129585
2.67982e-09;3.18474e-10;0.999997;7.2852e-08;1.05869e-08;8.10887e-10;5.49445e-08;2.62513e-09;4.90516e-08;3.23641e-08;3.25178e-08;2.75981e-06;2.96158e-12;5.1454e-11
5.71844e-07;0.889976;2.03933e-06;9.66861e-07;2.49593e-07;6.7715e-06;9.45758e-08;1.73991e-06;8.97909e-09;2.52531e-07;3.11743e-07;3.25012e-06;0.110007;6.32406e-07
4.01278e-07;0.000537702;1.44184e-09;1.08427e-06;5.22699e-07;8.72926e-05;2.36807e-07;0.00970879;4.13945e-06;1.48733e-07;3.50881e-06;0.00726522;0.982391;8.52752e-08
1.37833e-07;4.03971e-05;0.999832;3.79613e-06;4.82811e-05;7.34184e-06;1.50558e-09;1.39825e-06;1.17567e-09;1.96782e-08;7.72173e-09;2.12429e-06;1.21188e-06;6.31858e-05
4.78713e-05;0.172309;2.03067e-06;4.60774e-07;3.2764e-05;0.000410045;7.20119e-06;0.000961165;2.92201e-06;1.10674e-06;1.96023e-05;0.00194922;0.819037;0.00521942
7.10203e-07;0.0438022;3.64148e-08;1.6895e-07;4.45835e-06;2.57508e-06;7.16628e-08;0.025216;2.49764e-08;4.94786e-08;1.16495e-07;8.44526e-05;0.930887;2.00131e-06
4.96409e-05;0.48301;0.000181375;0.000202211;3.80541e-06;1.21824e-05;0.000236399;0.058;0.00124651;2.07459e-05;0.00124225;0.39887;0.0569189;6.31169e-06
6.90708e-05;0.0961674;0.0017316;0.00546447;0.0057897;0.0021302;1.88819e-05;0.666339;0.000224779;0.00103242;0.000619293;0.207242;0.00349914;0.00967268
0.000207828;0.60632;0.00141561;0.00271741;0.000149728;0.00710127;0.00216186;0.0076331;0.000139604;0.000984308;0.0600232;0.00171073;0.30927;0.000164727
3.92246e-05;0.0584966;5.11196e-08;1.16928e-05;0.000447083;0.000188342;7.55609e-06;0.0264057;6.03181e-07;8.28812e-06;0.00173731;0.0120941;0.899167;0.00139614
3.1061e-05;0.363628;1.81221e-05;6.80461e-07;5.63874e-07;2.27918e-06;0.5965;6.90842e-06;4.13615e-07;0.0359443;1.85758e-06;0.000166611;3.0831e-05;0.00366824
2.40581e-11;8.39044e-12;1;2.14587e-10;2.63968e-12;2.53302e-10;1.44451e-10;8.40133e-13;1.62276e-10;4.71087e-11;4.49651e-10;9.32353e-10;5.85633e-11;8.62859e-13
1.80127e-06;0.993636;0.000165495;3.15524e-05;3.23928e-06;9.08311e-07;1.42347e-06;0.00514951;2.45527e-08;2.07675e-05;1.19419e-06;0.000191888;0.000793068;2.82262e-06
2.63803e-06;0.00842486;1.96838e-06;0.000127889;0.000168639;0.000131527;8.09972e-08;0.00323164;1.84816e-07;1.74665e-06;0.000532228;0.0010111;0.986359;6.00642e-06
6.51063e-06;0.995227;0.00369952;8.06617e-05;4.44107e-06;5.32246e-06;6.30572e-05;8.83222e-06;1.09367e-08;0.000437936;3.31699e-06;6.8346e-06;0.000139357;0.000317447
5.46874e-09;2.26164e-09;1;4.84756e-08;8.51892e-09;2.18173e-09;4.27033e-08;2.57279e-08;3.10681e-09;1.38178e-08;1.13648e-07;1.70264e-07;1.3943e-08;2.77283e-10
3.7136e-06;0.0629695;0.00696011;0.00362132;0.000815868;0.00290766;6.33102e-06;0.00124834;0.000428488;9.35269e-05;0.00126996;0.914355;6.16463e-05;0.00525897
5.05266e-06;0.999075;3.05979e-06;6.83901e-06;9.50256e-06;6.0209e-06;5.9242e-06;0.000648117;1.67473e-06;4.42428e-06;0.000156673;2.85455e-05;6.69419e-06;4.22001e-05
7.50176e-07;0.543214;2.25044e-08;9.77856e-06;0.036772;5.8511e-05;1.71971e-09;0.114093;3.00826e-09;6.60201e-07;8.74145e-07;0.303455;6.66409e-05;0.00232869
1.05487e-05;0.0373821;0.00508878;0.00015258;0.00747162;0.88089;6.5325e-07;0.0410727;1.55425e-09;0.000551898;4.92498e-08;3.70536e-07;0.0237925;0.00358564
2.13653e-09;4.2283e-11;1;3.118e-09;5.20591e-12;3.91921e-10;1.40445e-10;2.99889e-10;2.09494e-10;4.91219e-11;3.56823e-09;1.55896e-08;5.63872e-08;4.97766e-14
1.39914e-05;0.000679121;0.000273692;0.0034111;9.6703e-06;6.16995e-05;2.07192e-07;0.00486993;0.0117324;1.26077e-06;0.0138907;0.962294;0.00275963;3.09044e-06
0.00057315;0.994664;0.000108813;6.09455e-05;5.96623e-06;1.98122e-06;1.22182e-05;0.00235289;2.76482e-06;8.86675e-05;0.000532709;0.00137124;0.00018389;4.09575e-05
4.74546e-09;2.40435e-07;7.10646e-10;6.29029e-09;3.76453e-05;2.60484e-07;4.48468e-13;0.99996;1.3501e-10;2.50068e-09;7.12638e-09;3.18366e-07;1.07932e-06;1.31807e-07
2.48743e-10;5.20356e-08;0.999981;5.30221e-07;1.13457e-07;1.79592e-05;2.37422e-11;2.19102e-10;2.21255e-11;1.84377e-08;5.36675e-10;3.43578e-09;3.62802e-09;1.88802e-09
0.000431116;0.00426213;0.000231941;1.21993e-05;1.59622e-05;0.000442391;3.21422e-06;0.0515201;0.000847893;2.00486e-06;0.000133416;0.000191139;0.941906;1.40948e-07
