5.97483e-08;1.91868e-06;5.94039e-12;3.14719e-11;2.78471e-09;4.05111e-10;1.26833e-10;0.999997;1.00518e-07;1.48984e-11;1.14594e-09;2.67826e-11;8.68465e-07;4.10466e-11
7.02585e-07;0.000651926;4.636e-05;2.47572e-05;0.00244565;0.000625789;2.11986e-09;5.67903e-05;2.8225e-06;2.08199e-07;2.87633e-06;0.950206;7.06452e-06;0.0459289
1.5669e-05;0.0374282;5.66121e-08;3.68501e-07;1.5676e-06;2.42077e-06;6.10845e-07;0.000391896;9.45868e-05;8.25543e-09;8.07772e-05;5.66541e-06;0.961897;8.10083e-05
7.0903e-07;0.997316;1.14397e-06;6.28833e-09;4.45866e-08;1.28922e-09;3.15844e-08;0.00158192;2.8469e-08;1.9127e-08;7.52583e-08;0.00103157;9.45746e-06;5.86899e-05
5.18746e-07;0.0090563;1.35258e-05;5.02707e-05;0.871813;0.000128399;4.18547e-08;0.103326;1.9416e-06;3.21162e-07;5.50023e-07;0.0133649;0.00101425;0.00123038
2.83068e-05;0.335792;2.62465e-05;3.98375e-05;0.000232527;0.00103623;1.07685e-05;0.161945;1.03652e-06;4.22018e-05;2.89361e-05;0.0942083;0.406138;0.000469593
7.12304e-07;5.99624e-05;1.15079e-08;8.58898e-07;1.16083e-07;3.58132e-07;2.68542e-08;0.00213378;5.87605e-08;1.20215e-08;4.43259e-06;1.83706e-05;0.997781;1.30691e-07
3.32513e-07;0.000101939;1.34758e-07;4.89419e-07;6.45365e-08;6.95604e-08;2.64694e-09;9.95804e-06;7.85049e-07;2.45916e-08;4.86056e-06;0.999751;0.000128317;1.87273e-06
1.38571e-05;0.986774;1.82997e-07;1.351e-05;3.797e-05;8.98401e-06;4.16733e-07;0.00340262;1.93376e-05;1.06365e-06;0.000319594;0.00693359;0.00130697;0.00116769
5.34786e-07;0.000317067;6.0282e-08;2.11906e-09;8.02158e-07;1.89121e-08;1.37109e-08;0.999655;4.44665e-09;6.99484e-08;1.95626e-08;9.97337e-07;2.51523e-05;3.30141e-08
2.2261e-08;5.16911e-05;2.11808e-06;7.17665e-06;0.000993904;0.0106116;1.03832e-08;5.38356e-06;2.78497e-08;1.23503e-06;7.5165e-07;0.027559;1.12188e-05;0.960756
9.13478e-07;0.000551928;2.19961e-08;1.17204e-06;1.16725e-07;2.35735e-07;2.08505e-07;0.00125717;4.55545e-07;7.19458e-09;0.000173891;2.36721e-06;0.998011;4.15796e-07
7.4155e-05;0.0127048;6.00627e-06;6.07718e-05;1.02094e-05;3.93434e-06;1.69601e-07;0.008784;0.000125547;5.14209e-07;0.000295234;0.961987;0.013331;0.00261698
4.76973e-06;0.145281;2.91255e-06;3.80768e-07;6.56148e-06;2.0516e-08;7.75238e-08;0.852846;8.66401e-07;8.1491e-08;2.08509e-05;0.0013393;0.000496477;1.08127e-07
8.6706e-09;0.999807;1.57515e-09;4.86913e-07;1.60984e-06;8.91135e-08;8.22724e-06;1.26421e-05;2.04415e-09;0.000103338;1.18038e-07;9.54135e-07;2.66455e-07;6.51667e-05
6.23688e-11;6.57581e-11;1;1.10874e-09;8.05496e-12;2.69562e-12;2.01293e-09;5.78518e-12;2.75431e-12;2.66367e-10;5.19589e-09;5.28494e-09;1.45077e-10;2.99791e-13
5.05331e-05;0.196223;3.13149e-06;0.000119756;0.000384346;0.000587011;0.0126442;0.617761;0.000259433;0.000584768;0.0386909;0.000197702;0.132452;4.16464e-05
7.42608e-05;0.774983;1.08619e-08;0.00083932;0.000404843;3.52229e-05;0.00260492;0.00413499;0.000655107;0.000138137;0.203847;0.000250936;0.01107;0.000962318
5.80224e-06;0.999917;3.95007e-06;2.61365e-05;4.28814e-06;5.12758e-08;7.36196e-08;6.62377e-06;5.36236e-08;1.61336e-06;1.92327e-07;8.60347e-06;9.51665e-06;1.61697e-05
9.99802e-06;0.000164465;1.73186e-09;4.73515e-09;3.47739e-09;2.85675e-10;8.72197e-08;0.999813;9.87414e-06;8.60502e-10;1.57372e-07;4.19114e-08;2.00001e-06;5.1495e-10
1.15847e-06;0.00122176;1.08929e-06;6.09702e-05;0.00269692;0.000110068;5.644e-08;0.000939984;3.71414e-05;4.30986e-07;2.84856e-05;0.981177;1.74839e-05;0.0137071
5.39828e-06;0.978741;3.89278e-09;3.21517e-07;4.63813e-08;2.65823e-08;2.36729e-05;0.000177013;1.84507e-05;3.99475e-08;1.89284e-05;3.45114e-06;0.0210037;8.4234e-06
1.00851e-06;0.00538964;5.5774e-06;5.96792e-07;5.33399e-08;2.41197e-08;5.17063e-08;0.000291774;4.97275e-07;7.13297e-09;1.05642e-06;0.99344;0.000868602;1.37391e-06
8.33797e-06;0.0931695;1.61236e-06;2.13652e-05;0.00158838;5.49629e-05;9.33058e-07;0.84957;1.88757e-07;6.51752e-06;1.31068e-06;0.0237077;0.0119163;0.019953
2.61382e-05;0.0250943;3.18383e-05;0.00363146;5.01131e-05;0.000104373;2.64839e-05;0.00176958;2.88672e-05;2.94922e-05;0.00262895;0.937582;0.0282427;0.000753502
2.16881e-05;0.969714;2.38104e-07;7.89698e-05;1.44776e-05;0.000294741;1.32953e-06;0.0242251;7.18945e-07;2.63694e-05;3.34704e-05;0.000314584;0.00514959;0.000125135
1.66319e-06;0.000577278;3.3792e-09;1.57318e-06;1.63581e-06;2.20948e-06;8.81094e-08;0.0123674;1.65743e-07;5.48264e-08;2.28751e-05;2.72395e-06;0.987017;5.36839e-06
5.51583e-06;0.000430723;5.26591e-07;4.104e-06;6.05671e-06;1.78527e-06;8.74287e-08;9.61808e-05;8.98905e-06;6.88853e-07;3.64197e-05;0.998489;0.000826226;9.34189e-05
5.06041e-05;0.943515;1.34572e-06;3.14171e-05;0.000127491;1.14725e-05;2.34002e-06;0.0376408;0.000202162;2.39747e-06;0.000388412;0.0166741;0.00104045;0.000312018
3.03797e-07;0.000137089;7.00284e-09;8.22285e-10;3.12913e-07;4.0673e-09;1.96241e-08;0.999851;4.85606e-09;4.40033e-08;3.12018e-09;4.39817e-08;1.1462e-05;1.76642e-08
3.3411e-08;8.95031e-05;2.44976e-07;7.8177e-06;0.00127291;0.00179029;8.43303e-09;8.30331e-06;9.88974e-08;5.12177e-07;1.31879e-06;0.0355807;1.04661e-05;0.961238
6.71469e-07;0.999083;4.80406e-10;2.98889e-07;3.345e-08;4.02931e-08;1.84937e-06;0.000116998;3.42846e-07;1.57625e-08;3.8384e-05;3.07271e-06;0.000755147;7.24545e-07
3.2495e-07;0.999205;2.19422e-07;2.78169e-08;7.57496e-09;1.04825e-08;4.68602e-08;3.97371e-07;5.2241e-09;3.4918e-09;1.52518e-08;0.000666219;0.000127449;1.70536e-08
3.62085e-08;0.00233819;5.00084e-09;3.23085e-07;1.13362e-05;5.16855e-06;5.5532e-10;2.09119e-05;3.54534e-08;4.0156e-09;1.02396e-07;0.996551;6.11378e-06;0.00106708
7.14292e-07;0.75368;5.37165e-09;7.56033e-08;4.0568e-06;1.80577e-06;5.28186e-07;0.0798419;9.5528e-09;1.35239e-07;7.06862e-08;1.66337e-07;0.166469;1.28894e-06
2.23876e-10;3.94304e-11;1;6.08208e-10;4.6271e-11;1.06677e-10;4.4839e-11;2.31109e-10;1.25399e-11;7.35716e-11;4.18178e-11;2.22266e-07;3.84297e-10;6.56127e-12
1.60493e-06;0.00291533;0.000174428;0.000605448;6.28314e-05;0.000393641;1.28812e-06;2.21635e-05;0.000455206;2.72573e-06;8.02986e-05;0.993841;0.000180825;0.0012636
0.000132919;0.994706;1.36518e-06;2.37108e-05;2.78156e-06;5.20201e-06;3.86695e-05;0.00443334;3.75096e-05;1.81231e-05;0.000211201;0.000306782;7.62334e-05;5.95118e-06
2.63246e-08;3.89243e-05;7.1575e-10;9.87962e-08;0.00103587;1.51067e-07;7.2125e-10;0.998921;4.69091e-10;1.69838e-07;9.51955e-09;1.96181e-06;1.99469e-07;1.69976e-06
6.15521e-08;0.000159273;0.999645;3.20465e-06;5.36079e-06;0.000115964;1.07284e-10;7.35266e-09;5.88621e-11;2.40646e-08;2.49033e-09;5.08637e-05;1.9907e-05;2.17452e-07
7.93845e-07;0.000333701;1.74985e-09;1.48801e-08;2.27295e-07;3.71428e-05;5.92105e-09;0.0471819;3.32989e-08;1.11291e-07;7.18169e-09;1.86904e-11;0.952446;2.07757e-07
3.91063e-12;8.1178e-14;1;7.44053e-11;3.09639e-13;5.05386e-11;7.77804e-13;2.88408e-13;6.60572e-13;4.7175e-12;3.14964e-12;2.8568e-09;5.63311e-12;3.53093e-15
1.53483e-07;4.66128e-06;0.000135394;0.000101678;8.55265e-07;6.58033e-06;3.3169e-08;1.49993e-06;2.97468e-05;1.45891e-07;7.03396e-05;0.999645;1.78609e-06;1.68629e-06
8.73256e-06;0.999778;3.94555e-07;1.10657e-05;7.13887e-07;2.7475e-06;4.87883e-07;3.351e-05;7.02898e-08;1.38864e-06;2.48947e-06;1.5994e-05;0.000142829;1.91082e-06
9.78875e-08;6.32135e-05;7.37915e-09;1.55775e-06;0.00712106;1.0386e-05;8.83679e-11;0.992785;6.54567e-10;1.38992e-07;7.45929e-08;7.3911e-06;1.50293e-06;9.58456e-06
5.84198e-09;2.09685e-06;0.99999;7.61666e-07;4.39681e-07;6.45866e-06;1.75771e-11;2.67156e-09;1.31455e-11;1.90883e-08;5.98148e-10;5.69601e-09;3.99298e-07;5.77172e-09
0.000172404;0.00398131;0.000235148;1.34125e-05;5.0068e-05;0.000258968;4.2745e-07;0.0198365;6.47473e-05;2.00022e-06;6.63942e-05;0.00599151;0.969324;2.87011e-06
