3.93833e-06;0.999209;3.60806e-05;0.000131355;2.35525e-06;3.90038e-06;1.37731e-06;1.37593e-06;2.85007e-07;2.03629e-05;9.43445e-06;1.32378e-05;0.000559534;8.12748e-06
8.78729e-06;0.00403715;0.00285574;5.45913e-06;3.44782e-06;9.26697e-09;1.68128e-08;4.25714e-05;5.95469e-08;1.93875e-08;5.98209e-07;0.993038;4.66866e-06;3.88261e-06
0.000116797;0.845358;2.64167e-06;2.43821e-06;0.00321956;1.48045e-06;8.0379e-05;0.151074;5.65823e-05;2.03602e-06;1.59987e-05;1.34054e-05;5.39062e-05;2.66543e-06
2.39063e-05;0.92843;0.0101847;6.73409e-05;0.000213766;0.000231746;4.42794e-07;0.00255654;1.70185e-06;2.63486e-05;1.14905e-06;0.00164782;0.0563406;0.000273827
0.000334868;0.0930868;1.48685e-06;0.00208466;0.000308241;0.00890093;0.000312386;0.0373556;0.122121;0.000317571;0.00281259;0.127413;0.604489;0.000461246
1.67499e-05;0.00119948;0.959759;0.00012406;0.000860775;0.0001832;6.30964e-08;7.02408e-07;2.0354e-07;7.1381e-07;5.63134e-07;0.0374801;0.000289091;8.52546e-05
6.52159e-06;0.00112904;2.68201e-08;1.72667e-08;3.95065e-08;1.14469e-06;5.14513e-05;0.000235092;6.71342e-06;1.4794e-07;1.67852e-06;2.47961e-08;0.998568;1.06735e-07
4.62196e-12;5.01327e-11;1;7.28079e-12;1.76727e-14;3.43555e-13;6.31738e-12;7.13679e-16;9.5072e-13;6.90983e-13;3.94867e-12;3.93491e-11;1.91967e-11;7.74085e-14
9.42414e-10;7.74856e-07;0.998454;1.08828e-08;8.50656e-08;3.72459e-08;4.01898e-10;4.93291e-06;1.61531e-10;2.67602e-10;2.28091e-10;0.00153849;1.22553e-06;3.1462e-07
5.65549e-08;9.80012e-05;1.97357e-06;6.39262e-05;0.00211559;0.969507;1.74321e-06;5.84759e-06;1.71327e-06;1.00679e-05;3.23179e-05;2.51311e-06;0.0186908;0.00946887
1.21428e-09;2.85872e-06;0.999788;6.59961e-07;1.35001e-06;1.29204e-06;3.03005e-10;6.05961e-08;4.33603e-12;5.08897e-09;8.65689e-09;0.000204044;1.41876e-06;3.14721e-07
9.94357e-06;0.853173;0.000158401;0.00010664;2.65144e-06;1.92138e-05;2.17959e-05;0.00286654;3.3159e-05;1.05255e-06;0.00927697;4.75689e-05;0.134283;1.1218e-07
8.34476e-08;0.998832;3.00859e-05;2.71645e-06;1.93442e-06;1.02483e-05;6.81979e-09;0.000194567;2.50312e-10;2.66967e-06;3.00274e-10;8.04055e-09;0.000922455;2.85184e-06
9.4134e-09;4.87462e-07;0.999995;2.59457e-07;3.75625e-10;1.70465e-09;2.72301e-09;3.93517e-09;1.35629e-09;2.75405e-08;1.03866e-08;3.89443e-06;1.61429e-07;2.54334e-10
2.0539e-08;5.91654e-06;0.00198106;6.28998e-06;6.27311e-07;1.58375e-06;1.4312e-09;0.000178774;4.46637e-07;2.12076e-08;1.02188e-06;0.997815;1.91154e-07;9.12025e-06
7.12709e-06;0.975714;0.000977516;3.27818e-05;1.46409e-05;0.00100465;2.26259e-06;0.000114512;1.22809e-06;7.11244e-06;2.54734e-05;8.23903e-05;0.0214078;0.00060852
6.7866e-07;0.99771;1.01535e-06;6.59203e-08;6.89304e-06;1.54214e-06;2.29954e-07;0.000429737;1.02627e-10;5.91478e-06;1.23722e-08;0.000154444;8.31659e-08;0.0016898
1.33316e-13;5.29154e-15;1;5.59945e-13;1.58283e-10;4.33732e-12;3.9182e-14;5.02312e-11;3.24448e-15;4.78221e-14;1.29235e-14;1.23248e-10;3.50229e-14;4.5734e-14
6.16448e-08;3.4555e-05;3.58047e-07;4.56746e-08;4.90787e-05;1.55985e-05;1.07568e-10;0.999601;4.61972e-09;1.91124e-09;8.98337e-09;8.42203e-05;0.000215039;1.24992e-07
1.22126e-08;0.9999;9.64534e-11;3.4589e-09;6.40341e-09;8.05105e-10;2.38786e-07;2.46102e-06;6.10352e-11;2.07185e-08;2.94231e-10;2.28561e-10;1.26826e-06;9.5683e-05
9.05866e-06;0.0780884;6.29881e-05;1.83364e-05;1.12766e-05;1.63433e-05;0.00010699;0.0626329;1.78152e-06;2.0245e-06;1.88564e-06;1.78518e-05;0.859029;1.38198e-06
4.4103e-05;0.457808;4.01873e-05;9.16797e-05;0.00131925;0.000683908;1.84336e-06;0.294521;5.32562e-06;1.1727e-05;5.26312e-06;0.0720257;0.16932;0.00412216
1.49952e-05;0.290082;4.98863e-07;0.000416864;0.000257065;0.000233027;0.186707;6.24573e-06;8.18086e-06;0.47682;0.000132146;3.20659e-06;0.000206494;0.0451124
9.96356e-10;3.88849e-11;0.999999;4.5961e-09;5.00571e-12;6.53744e-12;3.87076e-08;3.10092e-14;1.57415e-09;4.26166e-10;4.31896e-07;1.34063e-07;8.67304e-12;2.64783e-12
4.16787e-05;0.173609;5.05643e-06;2.1131e-06;1.06202e-07;7.34005e-08;0.820427;5.2897e-05;0.00060399;0.000542667;0.00467335;2.70869e-06;9.85306e-07;3.82525e-05
2.97556e-09;3.25709e-08;0.999999;6.82931e-09;5.46067e-09;7.47022e-11;1.10457e-07;1.71082e-11;8.76628e-08;4.04727e-09;8.47194e-08;4.94888e-07;5.35469e-11;5.68821e-10
3.41254e-06;0.98534;8.67095e-06;2.48426e-06;3.38873e-05;1.09636e-06;7.5631e-08;0.000836699;1.27907e-07;4.36215e-07;1.51514e-06;0.00013518;0.0136353;1.17895e-06
1.94078e-06;0.761897;9.71066e-10;4.39196e-07;2.34481e-05;0.000213964;9.59137e-08;0.0279536;3.04851e-07;5.58826e-08;7.7044e-07;0.00903238;0.199209;0.00166759
1.0397e-05;0.623763;9.90317e-07;2.68093e-05;1.80001e-05;6.25866e-06;2.88244e-06;0.00159397;7.45185e-08;1.89859e-07;8.18332e-07;0.0022192;0.368833;0.00352479
1.65059e-05;0.0060205;2.88469e-06;0.000738198;0.161432;0.000577575;3.97314e-09;0.0130816;1.60703e-07;3.00384e-07;6.54958e-08;0.00579593;7.18172e-05;0.812262
4.34725e-07;0.00111474;4.03053e-10;9.38869e-09;2.82772e-08;1.75668e-06;9.96022e-09;1.26718e-05;1.40248e-08;5.29023e-09;4.08142e-09;3.98322e-07;0.99887;2.0237e-07
7.68474e-07;2.51725e-05;0.99674;5.9912e-07;4.19927e-06;4.2506e-07;1.9518e-09;1.4015e-07;2.146e-09;3.35346e-07;3.55909e-09;0.00321633;2.85502e-07;1.13439e-05
1.70056e-05;0.948127;2.9961e-08;0.000435157;0.00480265;0.000589402;5.75411e-05;0.0354606;0.000907773;7.95623e-06;0.000223348;3.21711e-05;0.00224198;0.00709763
1.58602e-05;1.29518e-05;1.424e-08;8.31141e-08;6.34793e-07;1.38828e-08;1.6914e-07;0.999935;1.82948e-05;1.84807e-08;1.95222e-06;7.20468e-07;1.47349e-05;1.35658e-08
2.77576e-07;0.00342272;2.8214e-08;2.82848e-06;5.8491e-07;3.07327e-06;0.000977002;7.007e-08;4.45102e-08;0.00519025;3.76292e-08;2.31776e-08;4.17007e-08;0.990403
1.48593e-08;8.47015e-10;0.999997;3.61123e-08;1.27446e-10;1.04638e-10;4.5023e-07;4.67227e-11;1.59138e-06;2.69507e-09;6.70718e-07;2.61195e-07;6.15438e-12;1.60221e-10
6.08165e-05;0.880597;8.55855e-06;6.66698e-07;7.62253e-07;9.85453e-08;3.27156e-06;0.118673;5.82644e-06;3.45444e-06;4.83035e-06;7.85402e-07;0.000637333;3.65843e-06
1.67802e-08;0.000675806;2.37937e-09;3.51012e-08;1.89391e-07;1.53384e-08;1.10391e-09;1.07898e-05;3.63889e-08;7.32769e-09;1.23994e-07;0.999307;5.25657e-07;5.60313e-06
3.0081e-06;0.987351;1.99399e-08;1.10122e-08;1.36459e-08;2.23252e-09;1.2264e-05;1.42305e-05;9.20754e-08;1.88107e-08;3.80979e-07;9.48742e-05;0.012524;1.83499e-08
0.000447981;0.655435;0.000258062;2.00551e-06;0.012996;1.40362e-05;0.00030209;0.220777;0.00014754;1.14328e-05;3.70472e-07;0.0938829;0.00267497;0.0130507
0.000565301;0.21445;0.000156812;5.96529e-05;0.000723562;4.62699e-05;3.55226e-05;0.751861;0.0095574;1.37439e-06;0.000120367;0.00218447;0.0157061;0.00453218
2.22441e-05;0.989927;5.89065e-08;6.14004e-07;1.77825e-06;1.68593e-06;9.81208e-09;0.00593475;1.08644e-06;5.42542e-08;1.07084e-08;0.000160218;0.00388941;6.12634e-05
1.01113e-05;0.0296313;1.83091e-08;6.84635e-07;3.27233e-06;1.02935e-05;5.51552e-08;0.0222687;1.83059e-07;2.80444e-07;4.08286e-08;4.10225e-07;0.94807;4.46932e-06
2.30096e-07;2.49668e-08;0.999998;3.07546e-07;8.0735e-09;3.21364e-08;1.01911e-07;2.79288e-08;1.1963e-07;2.40882e-08;1.66949e-07;1.3802e-06;5.77321e-08;6.26022e-09
1.37653e-06;0.00155602;0.989866;5.82857e-06;1.29112e-05;2.00401e-05;7.40023e-08;0.00389202;8.12582e-08;1.4313e-07;1.03985e-07;0.00451158;7.67993e-05;5.65977e-05
3.7453e-06;0.00181086;0.000154237;0.00327448;0.0931707;0.297858;1.13943e-05;0.00127035;0.000281053;8.16306e-05;0.0102818;0.00300967;0.000663147;0.588129
1.39949e-06;0.00214099;0.000155692;0.000121684;4.37824e-05;0.00147681;2.27195e-06;0.000188128;1.60477e-07;1.8958e-06;0.000396431;0.98782;0.0076484;2.48918e-06
1.97414e-05;0.885104;0.0097405;2.81298e-05;2.48978e-05;0.00373545;1.24579e-05;0.000142915;2.51595e-07;2.93151e-06;7.68674e-06;9.89794e-06;0.101151;1.99694e-05
4.10976e-08;0.00198522;1.58682e-11;2.86594e-07;7.29984e-08;8.06955e-06;1.64071e-08;0.00043578;6.35802e-08;3.22249e-09;1.89103e-07;5.19607e-08;0.99757;3.21471e-07
3.05178e-05;0.955022;0.00802033;0.00131477;0.00906085;6.46441e-05;2.24336e-08;0.00868042;1.94212e-07;5.27554e-06;1.65316e-07;0.0150772;0.00196041;0.000763407
1.33219e-06;0.982356;4.72064e-09;2.04939e-06;4.41104e-05;3.41277e-05;1.02436e-05;0.00247518;1.25941e-08;0.000154253;2.45277e-08;5.26401e-09;0.0147965;0.000126418
3.80211e-12;2.60091e-14;1;1.13194e-09;4.31005e-11;3.11645e-10;5.25586e-11;5.52717e-14;6.03146e-13;3.5004e-10;1.62488e-11;2.28417e-09;1.06889e-13;2.32566e-11
6.89219e-05;0.926018;0.00193776;0.000179769;3.13935e-06;5.09419e-05;0.00447434;0.00153171;4.65141e-05;5.99647e-06;0.000803982;6.63512e-05;0.0648115;1.24985e-06
0.0007832;0.798041;0.000211014;0.00139406;7.2466e-05;0.00446219;9.34559e-06;0.0845439;0.00108657;6.88278e-05;0.00322359;0.0955103;0.00735782;0.0032357
0.000276635;0.769259;0.00581432;0.00128828;0.00150162;7.75768e-05;0.000319273;4.47598e-06;9.16748e-06;0.00586899;1.03254e-05;0.00659157;3.37331e-05;0.208945
1.52987e-08;5.26854e-10;0.999999;1.13744e-09;1.23454e-10;3.74472e-11;3.54501e-07;1.4518e-11;2.34747e-08;3.13896e-09;2.50151e-07;2.23371e-10;2.11482e-10;2.17523e-13
2.46306e-08;0.000333259;4.99705e-08;2.91184e-09;1.15419e-09;1.18424e-08;0.996221;2.3009e-08;5.11668e-07;0.00344091;3.96506e-06;9.3003e-12;1.52123e-08;6.59918e-08
1.49999e-12;1.05357e-13;1;3.10222e-12;5.06336e-14;1.35619e-13;2.71673e-11;1.58687e-13;1.45473e-11;5.15577e-12;6.91387e-11;1.16791e-09;2.77564e-14;6.9107e-15
