1.70947e-06;0.967293;0.0322979;9.38161e-06;7.28188e-06;4.40398e-06;1.24801e-07;4.3778e-05;4.89228e-09;4.17905e-06;8.01489e-09;1.27097e-05;0.000313441;1.17613e-05
6.17001e-06;0.755234;2.29693e-08;1.27241e-05;2.74875e-05;2.3422e-05;3.93151e-06;0.00720103;1.8111e-06;7.55174e-06;2.0561e-05;1.47697e-05;0.236809;0.000637398
2.67839e-06;9.13569e-05;2.61486e-05;1.1914e-05;9.26787e-05;1.77788e-05;2.47293e-07;0.000299878;1.30343e-06;9.04919e-06;4.52547e-06;0.999428;9.85144e-06;4.92848e-06
9.29807e-06;0.989738;4.85036e-08;1.24436e-08;4.87396e-09;2.05398e-07;8.57263e-06;4.95569e-06;1.15942e-06;1.41136e-07;2.27774e-07;6.64216e-05;0.0101713;2.29472e-08
1.52926e-06;0.00280319;7.76914e-06;1.43959e-05;2.52169e-05;2.69805e-05;1.55762e-08;7.6708e-05;6.12937e-07;3.4722e-07;1.77258e-06;0.996988;4.59715e-05;7.32147e-06
6.08124e-06;0.989423;7.48297e-12;5.93343e-07;7.05486e-05;1.39671e-05;2.96542e-07;0.00958872;3.30772e-07;3.77997e-07;1.5239e-06;5.52409e-05;0.000781233;5.83104e-05
8.44777e-06;0.0040556;4.87799e-05;4.67423e-07;5.85751e-06;3.92798e-06;2.88396e-07;0.01153;5.4001e-09;1.5829e-07;3.81838e-07;0.913984;0.0703433;1.85739e-05
3.52805e-06;0.945579;1.18922e-06;1.54427e-05;1.94962e-06;5.51529e-07;0.0490705;0.000465801;3.59804e-06;0.00193013;3.3571e-06;3.99529e-07;3.94195e-06;0.00292048
6.57792e-10;3.90433e-10;1;6.96467e-09;6.09861e-11;3.87859e-12;1.27175e-07;2.38405e-12;2.37506e-08;3.67231e-10;3.02281e-08;1.06958e-08;9.20884e-12;4.26466e-11
2.06992e-05;0.0347311;4.79259e-07;4.07292e-07;4.30992e-06;7.43182e-08;7.47598e-07;0.96517;4.2122e-06;3.95363e-07;2.47319e-06;4.22537e-06;4.15156e-05;1.90467e-05
3.23922e-06;0.991334;2.19303e-05;1.3748e-05;7.70503e-05;3.26633e-05;0.000177419;0.00390306;5.1649e-06;5.25034e-05;1.53041e-05;0.00101117;0.000517476;0.00283511
3.67645e-08;2.28833e-06;0.999997;1.75238e-08;1.84734e-09;1.86429e-10;3.67703e-07;4.42358e-08;3.19655e-08;3.89198e-09;6.16319e-08;1.81389e-07;6.94007e-08;1.71248e-11
3.14367e-07;1.49176e-05;0.0400711;6.61882e-07;1.62625e-06;2.61511e-07;1.55827e-07;2.47774e-07;2.27552e-07;2.81044e-08;8.48052e-08;0.959896;6.336e-07;1.33331e-05
8.08303e-06;0.0311314;1.02966e-07;2.2938e-07;0.00102641;0.00180017;2.15793e-07;0.29928;5.01009e-07;1.54915e-07;5.79578e-08;4.74132e-07;0.665631;0.00112108
1.22767e-05;0.037154;6.15989e-06;5.54564e-05;0.0165638;0.0223125;8.96485e-07;0.000187243;4.03221e-06;1.45282e-05;3.82557e-06;0.310491;0.601689;0.0115053
1.24059e-05;0.00309535;0.990415;6.56008e-08;1.80574e-06;1.54571e-08;4.96912e-09;0.00647174;2.7495e-08;2.04806e-08;1.28139e-10;1.75851e-06;1.33664e-06;1.75729e-07
2.61138e-07;0.0312571;9.71384e-10;4.97865e-07;4.1045e-07;1.84249e-07;2.50816e-08;0.968428;1.49072e-05;6.65324e-09;4.30604e-07;1.94972e-05;0.000277763;8.13922e-07
1.43569e-06;0.0316223;2.73139e-06;4.39908e-07;1.16542e-05;7.91367e-07;1.41991e-09;0.968004;2.63404e-08;5.64744e-07;3.94494e-09;3.77765e-06;0.000331738;2.00481e-05
6.6137e-08;0.000744945;1.44929e-06;1.29506e-05;1.05662e-05;2.70831e-06;9.26911e-09;1.53486e-06;2.80191e-07;6.55947e-07;4.3235e-06;0.999174;2.44848e-05;2.16667e-05
3.94614e-06;0.994049;1.41436e-07;7.11768e-07;2.01654e-07;3.02098e-08;3.14769e-05;0.0010009;4.38891e-05;4.53497e-07;3.43092e-05;7.77253e-06;0.004827;1.05029e-08
1.2696e-06;3.30431e-05;8.10477e-06;8.61625e-09;1.43837e-06;5.52273e-10;5.69945e-09;2.60666e-05;9.63425e-07;5.21448e-09;1.20236e-07;0.999928;4.5333e-07;1.89533e-09
6.43285e-05;0.00137625;4.34333e-08;1.28686e-07;0.000147775;1.47803e-05;1.94047e-06;0.993058;0.000143674;1.14959e-07;2.39176e-07;1.80041e-06;0.00519072;6.41632e-07
4.25157e-05;0.0837106;4.39128e-07;1.22803e-05;8.98605e-05;4.64761e-05;1.50593e-07;0.0365502;0.000320565;1.71989e-07;1.8868e-06;2.07248e-06;0.879179;4.42542e-05
3.04757e-05;0.00340442;0.828866;0.000224639;0.000478486;5.64495e-06;6.06223e-08;0.000133747;3.05358e-07;5.85603e-06;1.07022e-07;0.164691;0.00163573;0.000522835
0.00312457;0.00515148;8.39538e-06;0.00100019;2.44402e-05;1.39297e-05;0.000450905;0.0272239;0.949797;0.000169985;0.0123397;8.54287e-05;0.00060934;8.92291e-07
0.0104483;0.847415;0.0350967;0.00746838;0.000773655;4.51464e-05;0.000233294;0.00977447;0.00146952;0.00032089;7.38491e-05;0.086453;0.000333091;9.48946e-05
0.00015255;0.988997;3.24269e-08;3.38975e-05;2.52727e-07;9.97654e-07;1.2809e-05;0.0014391;0.000103721;1.53402e-06;0.000243523;1.56825e-05;0.00898813;1.05113e-05
1.95056e-06;0.967751;9.88291e-10;8.92357e-06;8.58852e-07;3.39644e-07;0.00067607;5.64014e-07;3.14991e-06;0.00132596;2.51481e-06;4.51726e-07;4.34491e-07;0.0302281
1.38284e-06;1.04521e-06;0.999954;1.53113e-06;4.82111e-08;3.24973e-08;2.85708e-06;5.59403e-08;3.9021e-06;9.0457e-08;9.59471e-06;2.43862e-05;1.15218e-06;1.26709e-09
2.19871e-06;0.00980642;2.72388e-09;2.00448e-08;9.84579e-05;9.32613e-07;6.16832e-08;0.987239;2.03379e-05;2.37186e-08;1.72029e-05;1.61729e-05;0.00279276;5.95063e-06
1.47113e-05;0.970586;1.56592e-06;1.9203e-05;0.000902034;6.84959e-05;7.28895e-07;0.0127108;6.36947e-05;5.762e-05;5.29547e-05;0.00915925;0.00603236;0.000331232
0.000153487;0.00140923;6.93568e-07;2.86061e-05;0.810674;0.00213382;3.67221e-07;0.18241;0.00114523;1.30165e-05;0.000192698;0.000884717;0.00016082;0.000793683
0.00129644;0.825502;2.78584e-08;3.6183e-06;7.21994e-05;2.92021e-07;1.87481e-07;0.171385;0.000146572;1.1801e-07;1.35687e-05;0.000413822;0.00115691;9.12711e-06
0.000477257;0.166219;1.20705e-07;2.20533e-05;0.0652669;0.000576006;1.07951e-05;0.719237;0.000236399;6.40446e-05;2.54781e-05;0.0227422;0.0238918;0.00123104
0.000307241;0.545615;0.00340604;9.97837e-06;0.00244049;6.92767e-05;1.58797e-05;0.0379457;4.41893e-06;9.67498e-06;9.05507e-07;0.0147465;0.395371;5.72107e-05
0.000344215;0.00723778;8.45859e-06;0.00160165;0.00561614;0.000176914;9.49212e-05;0.0215748;0.0071992;2.06371e-05;0.0107813;0.00202093;0.940067;0.00325625
0.000491515;0.0639765;0.918724;0.00108431;0.0088113;1.45843e-05;6.87889e-06;0.00520963;0.00016779;2.26929e-05;3.49201e-05;0.000326654;4.26009e-05;0.00108628
0.000227604;0.00137213;1.66384e-07;3.49147e-06;0.000732;8.44132e-07;4.56718e-07;0.988294;0.00857442;1.24817e-07;7.14099e-05;2.42503e-05;0.000697216;1.48602e-06
0.00016861;0.0785777;2.83833e-06;3.17505e-07;0.000280538;4.39526e-08;2.80004e-08;0.879776;1.36031e-05;2.2607e-07;2.65763e-06;0.0410202;0.000156632;1.96342e-07
1.21265e-06;0.999778;5.18092e-10;1.36354e-08;2.49758e-06;1.36062e-08;2.35975e-05;0.000145016;1.17992e-06;1.95834e-05;1.13956e-07;2.01946e-07;5.61038e-07;2.80048e-05
6.30477e-11;5.00706e-12;1;8.52049e-13;1.65563e-12;6.12708e-14;1.12887e-11;1.04087e-11;9.88574e-12;7.36061e-13;2.60711e-12;1.65572e-10;4.03121e-12;2.42495e-14
6.86353e-05;0.00720851;1.99608e-05;3.09337e-06;0.000114406;0.000177474;0.000308005;0.979223;0.00291231;8.45393e-05;5.94817e-05;0.00364104;0.00615996;1.94613e-05
3.54214e-05;0.000293516;7.61504e-08;9.55733e-06;1.32921e-06;1.53705e-06;5.95939e-07;0.981011;0.000431895;9.79085e-08;6.86093e-05;6.19e-05;0.0180829;1.34382e-06
5.79866e-06;0.9987;1.89706e-07;6.53471e-08;5.71823e-08;1.46734e-09;3.08453e-08;4.64906e-05;1.62129e-07;1.13347e-07;7.74616e-09;1.01837e-05;7.8179e-05;0.00115906
2.10697e-06;0.0107199;1.0483e-09;3.55722e-07;0.00024564;2.64277e-07;7.07677e-07;0.988409;1.53474e-06;3.02909e-06;6.92993e-08;3.50205e-05;0.00054568;3.68323e-05
4.33453e-07;1.13501e-07;0.999774;2.27946e-06;3.65107e-07;4.64576e-07;3.44388e-07;3.51442e-09;2.5482e-08;7.71739e-07;1.39152e-06;0.000219223;3.29936e-07;5.42064e-10
1.02061e-06;9.02847e-06;7.0685e-09;2.91608e-08;4.43925e-10;3.15375e-08;0.999575;1.51038e-07;2.82654e-05;0.000307013;7.92013e-05;1.78848e-10;6.76434e-08;9.68885e-09
1.78352e-09;1.47114e-10;1;2.89273e-09;1.40626e-10;3.21288e-10;7.40423e-09;7.4657e-12;4.01264e-09;2.7475e-10;5.29291e-09;6.65031e-10;1.14162e-11;7.74372e-12
0.000472213;0.983218;1.083e-06;1.63809e-06;1.00297e-06;7.74927e-07;3.14272e-06;0.008333;0.00034808;3.69294e-06;6.61047e-06;0.00687158;0.000733155;6.53284e-06
1.35164e-07;8.4307e-06;7.82225e-12;8.79276e-09;1.17574e-05;1.0724e-08;2.93353e-10;0.999978;1.45862e-08;1.36989e-07;2.59515e-09;3.7346e-08;7.5859e-07;1.8266e-07
4.93643e-07;2.85283e-07;0.998923;1.13308e-06;7.8085e-06;5.26532e-07;2.98894e-09;1.525e-08;2.18205e-09;5.05814e-06;3.10504e-07;0.00106108;5.36309e-08;6.57402e-09
1.02206e-07;8.76061e-07;2.14725e-09;2.34547e-10;1.54879e-13;2.30828e-11;0.999887;7.3541e-11;3.38859e-06;0.000107212;1.90163e-06;2.33068e-14;7.31911e-10;1.6213e-10
4.07282e-12;5.53365e-13;1;1.56719e-12;4.69825e-14;7.7648e-14;1.53024e-10;1.58637e-14;9.56474e-11;1.50669e-12;3.99634e-11;6.21584e-12;9.07534e-15;5.64672e-16
