4.77762e-07;8.21178e-07;1.0204e-10;8.55925e-10;1.9317e-08;1.31042e-10;1.04902e-09;0.999997;1.98554e-06;2.42429e-10;1.49273e-08;9.18378e-10;3.18267e-08;6.28735e-10
1.75404e-06;0.982665;1.31506e-07;8.75316e-06;0.000117726;2.29561e-07;2.3087e-08;0.000122196;8.06013e-08;4.84588e-06;1.9145e-08;0.0037666;1.95023e-08;0.0133125
4.65007e-05;0.000154264;0.000111008;5.91974e-05;0.000565984;0.000178832;2.89153e-07;0.000119987;3.67278e-06;7.30827e-06;1.49592e-05;0.997192;7.98018e-05;0.00146593
9.41596e-06;0.00222002;7.03969e-10;6.31312e-08;3.62668e-06;1.26167e-07;1.95579e-08;0.997026;2.60064e-06;9.1881e-10;2.24328e-06;2.273e-07;0.00073585;5.59176e-08
2.07147e-06;0.0517058;0.000513607;1.47005e-06;6.14798e-06;1.04555e-05;1.65468e-09;3.29756e-05;1.56944e-09;4.44455e-08;2.08022e-08;8.32887e-05;0.947637;7.44147e-06
3.62435e-06;0.00886805;0.00482481;2.30072e-05;3.06617e-05;1.18277e-05;1.52843e-07;0.75949;1.9434e-06;1.31144e-06;0.000116705;0.219597;0.00700785;2.29997e-05
2.25376e-05;0.229365;5.95817e-05;0.00176145;0.0238919;0.275017;0.000248878;0.012693;1.66526e-05;0.000102718;0.00828562;0.082171;0.359038;0.00732666
0.000321663;0.00843546;0.00242938;3.84404e-05;4.14684e-06;3.24194e-06;4.66503e-05;0.760001;8.74489e-05;1.37965e-06;0.00110399;0.107718;0.119807;3.01143e-06
9.17575e-06;0.658829;8.28085e-05;0.000432709;0.0028457;0.000425563;1.25216e-07;0.0135434;1.1575e-05;1.40774e-06;2.12489e-05;0.309918;0.0129603;0.000918033
1.33764e-05;0.538713;1.97404e-06;1.897e-06;8.68571e-05;0.000448801;1.5978e-05;0.00355154;7.46025e-07;8.72656e-05;5.00321e-06;5.60207e-07;0.456762;0.000311492
1.11693e-10;2.63522e-11;1;3.97377e-10;7.66401e-11;1.16034e-10;1.67356e-10;2.33451e-12;2.88751e-11;5.27308e-10;3.42109e-10;5.41358e-08;7.78037e-12;1.85754e-10
4.07702e-07;0.000466634;0.998593;3.54491e-07;3.81244e-06;2.18003e-07;1.37156e-07;0.000894383;5.81659e-07;2.79474e-08;8.33511e-08;2.03473e-05;1.79344e-05;1.65546e-06
5.55482e-07;0.0116233;6.9077e-06;8.55363e-07;0.0010852;0.000504278;1.47174e-05;3.61291e-05;2.80115e-07;0.000199466;9.07419e-08;2.28404e-07;3.71404e-06;0.986524
6.5179e-12;1.37382e-11;1;9.32527e-12;5.8522e-09;5.51116e-11;9.04307e-14;6.60275e-11;6.93578e-14;5.65272e-13;1.2685e-13;1.98734e-07;6.57032e-12;4.32469e-12
3.47007e-06;0.982024;1.55457e-08;9.30724e-07;4.73213e-06;4.17285e-06;0.000456364;0.00479043;2.89625e-06;4.42426e-05;2.04435e-06;7.81132e-05;0.000265682;0.0123227
0.000122497;0.185973;7.99792e-05;0.000559528;2.96505e-05;1.3252e-05;0.166994;0.0752809;0.0267947;4.25692e-05;0.0311512;1.79695e-05;0.51294;1.41914e-06
1.99152e-07;0.999514;3.10178e-07;2.94003e-07;1.82786e-08;2.5382e-10;2.32141e-09;7.37649e-05;1.83604e-09;1.12977e-08;8.3784e-10;2.06348e-06;0.000409646;3.55616e-08
6.81857e-07;0.999824;3.36487e-09;9.48702e-08;3.0328e-09;1.5411e-09;2.7003e-05;4.53434e-05;1.24366e-08;1.07723e-05;9.82594e-09;3.01454e-08;8.73685e-05;4.58617e-06
2.23096e-10;6.3081e-11;0.999999;9.88581e-09;4.87687e-10;5.83296e-11;7.52276e-09;2.32563e-12;1.38115e-09;3.0637e-09;5.41465e-09;5.59796e-07;8.68289e-14;6.2392e-10
5.73529e-05;0.819173;5.89107e-09;5.51206e-06;4.1103e-06;2.61276e-06;0.000551004;0.000408663;0.00252569;2.25336e-06;0.00199312;2.08228e-07;0.175036;0.000240796
2.56163e-06;0.285699;0.000226789;6.99554e-07;0.000100581;6.34576e-07;1.26977e-07;0.00155313;1.73615e-07;1.3224e-07;2.64758e-06;0.698788;0.00943494;0.00419117
2.00246e-06;0.0472086;1.1699e-06;0.000535289;0.0240076;0.00348544;5.8485e-07;0.267922;9.3543e-06;4.43308e-06;8.81003e-05;0.0057213;0.604678;0.0463364
0.000273299;0.461643;0.0111196;0.000412703;2.8573e-06;2.48802e-05;5.04225e-05;0.000599798;0.000379126;4.23128e-06;0.000665298;0.351628;0.173032;0.000164297
1.71063e-05;0.0172353;7.08607e-07;1.4124e-07;2.1174e-06;1.10904e-06;1.68968e-07;0.981137;4.02352e-07;1.26827e-07;1.27587e-07;1.62459e-06;0.00159053;1.41628e-05
3.0355e-08;0.000182245;2.41503e-06;1.87199e-06;3.15323e-05;4.76016e-06;4.03269e-09;6.74463e-05;4.88525e-08;1.61595e-08;9.59246e-07;0.999697;3.06412e-06;8.47278e-06
1.86159e-05;0.671652;7.5415e-05;0.0001075;3.27043e-06;1.38536e-05;1.00795e-05;0.00546679;6.23891e-05;3.74756e-07;0.000337112;1.78606e-05;0.321881;0.000354373
0.000758543;0.917067;0.00371806;1.54423e-06;0.00467958;1.81973e-05;4.63052e-06;0.000994998;2.20676e-05;3.41182e-06;3.84116e-07;4.38284e-05;0.0372658;0.0354223
2.47908e-05;0.960983;3.6414e-09;2.53987e-07;4.44993e-05;3.4423e-07;2.90793e-05;0.00268223;0.00097138;1.12595e-05;2.03505e-07;2.24466e-08;5.55536e-06;0.0352475
2.71207e-09;1.0596e-10;0.999999;6.03302e-11;3.8082e-10;3.43647e-12;9.80005e-10;3.5103e-11;4.43897e-09;3.79252e-11;4.0828e-11;6.46391e-07;2.20561e-12;1.34056e-10
0.000926667;0.00455768;9.75812e-07;0.000253782;0.00589031;0.000851894;0.000298401;0.211097;0.727017;5.393e-05;0.00558106;0.00245559;0.00149547;0.0395208
3.57593e-05;0.169212;4.7761e-06;3.34336e-08;5.64312e-06;1.9595e-07;9.22293e-08;0.830362;4.79309e-07;2.41238e-07;7.59526e-09;5.27614e-05;0.000287536;3.87897e-05
2.49849e-07;0.0279881;1.79432e-05;3.47203e-06;0.000346409;5.27552e-06;2.62715e-08;0.000144317;3.00766e-07;2.46713e-07;3.94696e-07;0.97069;3.34031e-05;0.000769963
2.44209e-06;0.995284;7.26621e-08;1.16381e-08;1.07663e-08;1.76716e-08;4.47787e-06;2.23031e-05;2.8592e-07;3.48434e-08;6.46374e-08;4.24949e-05;0.00464435;1.47185e-09
1.01883e-05;0.0101458;8.33339e-07;1.41199e-06;0.000171798;1.1778e-06;1.07161e-07;3.88479e-05;3.94156e-06;8.37575e-08;2.95198e-07;0.98631;0.00325396;6.14642e-05
4.00155e-05;0.999898;2.16752e-07;2.12042e-08;1.24543e-07;3.99763e-09;4.85304e-05;2.33766e-07;2.58594e-07;5.38598e-06;1.33411e-09;2.22558e-08;2.76385e-07;6.38569e-06
4.01657e-08;3.6587e-09;1;1.45842e-09;5.84922e-09;1.10544e-10;2.50566e-09;9.47775e-09;1.7659e-07;1.41349e-10;3.80992e-10;6.78272e-10;4.71608e-11;6.21009e-11
0.000238529;0.0150872;1.65768e-05;5.89068e-06;0.000135204;5.39308e-05;5.56674e-07;0.88831;0.000963411;1.26375e-05;5.6401e-05;0.0278241;0.0672088;8.70494e-05
3.31011e-05;0.995187;8.90912e-08;3.83847e-06;1.03311e-06;4.35291e-07;0.00233115;0.000127776;3.41984e-06;0.000878284;1.7793e-05;5.24661e-06;3.62441e-05;0.00137454
1.80218e-07;1.76495e-07;0.999983;2.74206e-06;3.88116e-09;1.59419e-08;1.94772e-06;2.31201e-08;7.10506e-06;8.13737e-08;5.18007e-06;8.40956e-08;1.12905e-08;1.15177e-08
2.17641e-06;0.999901;1.09798e-07;7.87016e-07;2.98849e-08;1.4634e-10;3.87927e-07;2.62451e-05;2.07121e-07;4.73806e-08;7.99835e-07;4.41206e-06;6.3798e-05;8.85139e-09
2.00575e-07;0.999844;7.21322e-10;4.96642e-08;7.44126e-09;3.60193e-10;1.93371e-05;1.02261e-05;3.52134e-09;3.87148e-06;3.17702e-08;1.02185e-10;7.75221e-07;0.000121153
3.99641e-11;2.78548e-12;0.999999;7.1957e-10;2.86802e-10;1.28408e-11;1.21029e-09;2.00701e-12;5.34968e-11;2.08275e-10;8.29605e-10;6.05706e-07;3.73033e-15;8.09037e-10
9.79797e-05;0.689371;4.27864e-08;1.06561e-05;1.48716e-05;4.40152e-06;0.00100636;0.0301583;0.00496037;2.23573e-06;0.00442526;1.68855e-07;0.269782;0.000166612
1.39222e-05;0.0794679;2.07174e-05;4.76662e-06;3.0414e-06;1.83515e-06;1.65071e-06;0.0430203;3.08712e-05;2.222e-07;5.89739e-05;0.825282;0.0520745;1.97914e-05
0.000274044;0.0774819;0.000879677;0.00368486;0.0385275;0.0172586;0.000445485;0.286105;0.0010355;0.000441346;0.000950154;0.0239612;0.00543738;0.543517
7.90914e-05;0.0206686;3.80743e-07;5.30211e-05;2.10183e-05;8.10133e-05;2.006e-06;0.00188448;0.000432169;2.76332e-07;0.000272425;0.00191829;0.974548;3.91402e-05
0.000200633;0.268469;6.84331e-05;2.87537e-06;3.63179e-05;4.14169e-05;8.82264e-07;0.716078;1.13008e-06;2.34848e-05;6.92653e-07;0.000289154;0.00221697;0.0125712
8.92174e-09;8.82137e-05;3.52307e-07;9.7829e-08;6.09253e-07;1.51877e-07;4.90171e-10;1.00107e-06;1.15029e-08;2.65059e-09;5.65321e-07;0.999905;7.42277e-07;3.27673e-06
4.85688e-06;0.415191;2.57715e-08;2.77088e-09;6.00293e-09;6.71998e-09;2.39754e-06;0.000337344;4.96376e-08;6.90658e-09;4.1028e-07;1.12577e-05;0.584453;1.14624e-10
6.39252e-08;0.000569421;9.45967e-06;9.56259e-08;1.43347e-05;3.67217e-06;1.00201e-10;2.00721e-06;1.05175e-08;4.42629e-09;2.5833e-09;0.995566;1.30058e-05;0.00382192
1.10925e-07;0.999789;2.53741e-11;8.77608e-09;2.14786e-08;1.46084e-07;3.61836e-05;1.93871e-05;4.10137e-07;4.57517e-06;2.47699e-09;2.12305e-10;0.000139254;1.06523e-05
1.06959e-06;9.00577e-06;0.999943;1.25036e-05;6.8729e-08;5.51788e-07;3.54102e-07;1.26496e-06;6.11719e-06;1.54872e-07;1.50316e-07;2.05318e-05;5.34207e-06;9.99751e-08
1.06554e-05;0.999862;9.38734e-06;8.87735e-06;1.76067e-07;4.0611e-08;3.67431e-08;7.66297e-05;8.62797e-07;1.0387e-07;1.36389e-08;8.93283e-07;3.02182e-05;4.87795e-07
4.25233e-06;0.993902;3.22896e-10;9.78234e-07;2.12027e-07;2.40889e-08;5.40526e-07;0.00607321;3.89458e-06;2.74733e-06;4.50867e-08;3.10137e-08;2.64004e-07;1.2198e-05
1.34481e-08;3.02685e-09;0.999985;2.81041e-08;1.19343e-09;6.70529e-11;7.80828e-08;1.85781e-10;7.77479e-08;2.10079e-08;2.7822e-08;1.50691e-05;2.68137e-11;8.40323e-10
0.000161102;0.609737;2.77448e-07;1.45516e-06;8.51053e-05;9.67321e-06;5.57348e-06;0.00655005;6.88986e-05;8.05108e-07;1.29385e-05;0.000184602;0.381327;0.0018557
2.86023e-05;0.243281;9.88946e-07;1.63481e-06;4.05909e-05;2.554e-05;2.81534e-07;0.729395;1.1663e-05;1.22626e-06;6.99851e-07;0.0130439;0.01185;0.00231897
0.000747132;0.200779;0.000127679;0.00735221;0.00342615;0.121078;0.000865463;0.0256664;0.0296172;0.000473701;0.0295719;0.00743355;0.572088;0.000773219
0.00259493;0.003551;1.29567e-06;1.34223e-06;1.67903e-06;6.19589e-07;1.70559e-06;0.987103;0.00104276;1.29441e-07;2.25951e-05;0.00108652;0.00458706;5.58293e-06
2.16904e-07;0.0267737;2.08867e-07;1.90778e-06;1.24485e-07;3.12241e-06;9.83027e-06;9.02917e-08;1.26444e-08;0.000299178;1.09293e-08;1.09527e-06;1.39918e-08;0.97291
4.29007e-09;4.4974e-10;0.999999;3.80351e-08;5.92005e-09;1.8863e-09;4.8151e-08;3.29936e-11;3.93761e-08;2.77618e-09;1.80817e-07;9.57386e-07;1.79149e-11;1.5449e-08
9.43271e-07;0.258377;9.78057e-09;1.78658e-07;8.756e-06;3.10745e-07;1.86292e-06;0.739967;3.49632e-06;2.50325e-07;9.24297e-06;1.15684e-06;0.001629;8.28641e-07
1.3237e-05;0.414675;6.13352e-06;1.38899e-05;3.28068e-05;1.63164e-07;3.17745e-05;0.285746;6.06195e-06;2.29661e-05;0.000620809;0.297024;0.00180632;1.30637e-06
4.00845e-05;0.0532496;3.15776e-08;0.000631764;0.00310706;4.9497e-06;6.41744e-06;0.0056056;0.00025872;8.97484e-06;0.00332474;0.931148;0.00108436;0.00152972
0.00191706;0.0327514;1.67689e-05;4.33914e-06;2.58715e-05;6.79681e-06;9.83044e-05;0.871098;0.000631782;0.000123168;3.40768e-05;0.00472419;0.0885631;5.33232e-06
6.95114e-05;0.000216215;5.63448e-07;8.68084e-05;0.000182595;6.12537e-06;7.32979e-07;0.949801;0.000489634;2.80753e-06;8.57854e-05;0.0240176;0.0250333;7.5104e-06
6.10546e-05;0.985833;3.03804e-05;0.00056486;2.66719e-05;2.78778e-07;2.19162e-06;0.012351;1.15094e-05;2.85354e-05;5.94585e-06;6.4948e-06;0.00105794;1.98531e-05
1.98865e-05;0.996603;6.00273e-05;0.00148805;2.13118e-06;1.92199e-06;1.55494e-05;7.47562e-06;1.41297e-05;0.000195882;0.000495306;5.48429e-05;0.00102803;1.36666e-05
4.81398e-06;0.00833696;0.00108925;3.48894e-05;1.39381e-05;1.9301e-07;1.09084e-07;1.65905e-05;1.07958e-07;1.19213e-07;1.22908e-05;0.990442;1.19811e-05;3.63798e-05
0.000396486;0.966738;4.36341e-06;8.33667e-06;0.00232726;7.87411e-06;0.000360571;0.029445;0.000437448;6.16027e-06;0.000206521;2.61991e-05;8.85417e-06;2.72872e-05
1.04045e-05;0.0363998;0.000111585;1.36381e-06;5.37952e-05;0.000191085;4.74679e-08;0.000286285;2.03472e-07;5.9565e-07;1.61672e-07;0.000174467;0.962769;1.06869e-06
1.84846e-07;0.995117;1.00691e-08;4.67072e-08;8.77688e-08;4.15558e-08;9.91813e-07;0.00478052;9.95869e-07;5.38652e-07;2.2373e-08;2.1606e-07;2.54239e-07;9.93582e-05
1.805e-10;6.36757e-08;1;5.06082e-11;2.11683e-10;1.14465e-10;1.92963e-10;3.38359e-11;6.18787e-12;1.69879e-11;1.28012e-11;1.98997e-08;2.19254e-09;1.20762e-12
4.24664e-06;0.0152847;1.22533e-07;5.12639e-07;0.00381213;4.30129e-05;8.11296e-07;0.977298;3.80052e-05;9.70741e-07;1.81685e-06;0.00342413;4.06517e-06;8.7277e-05
4.987e-06;0.0263886;0.919402;3.54965e-05;0.00180989;0.0332369;2.51585e-07;1.04138e-05;2.13196e-08;1.57034e-05;5.97245e-07;0.00304867;0.00563962;0.0104074
5.95957e-06;0.00148541;4.3206e-09;8.3444e-08;9.42558e-06;2.46159e-06;2.78129e-08;0.962064;6.57811e-07;3.14524e-09;1.64756e-06;8.99047e-05;0.0361569;0.000183647
3.2485e-06;0.000221957;1.07461e-06;9.45562e-08;3.18267e-06;3.53859e-07;1.08906e-08;3.27765e-05;1.26663e-06;1.0161e-08;1.52623e-07;0.999275;0.000428329;3.29855e-05
4.55197e-07;0.999466;1.5149e-09;2.42315e-09;1.94778e-08;3.20794e-09;1.69034e-08;3.24359e-06;5.20691e-07;1.76619e-09;3.45109e-08;0.000283499;0.000246589;7.74009e-10
3.07453e-05;0.327181;0.00348183;0.000400457;0.115293;0.0867864;1.52177e-06;0.00434174;1.05646e-06;0.00113797;1.35895e-06;0.456622;0.0007477;0.00397362
7.295e-05;0.785989;0.000190272;0.00109614;0.00199526;0.00643438;4.38734e-05;0.0370625;0.0001633;5.89254e-06;0.00237787;0.145951;0.0177191;0.000897799
2.0191e-05;0.0231359;0.000514743;1.40311e-05;8.9555e-05;0.000455542;6.72137e-06;0.0116384;8.7611e-06;1.86494e-06;8.04386e-05;0.00130453;0.962714;1.50013e-05
8.01536e-05;0.845747;8.55468e-08;0.000239795;0.000192231;0.000248728;2.2343e-05;0.00181626;0.00199117;6.04493e-05;0.00039877;0.000961395;0.146715;0.0015273
1.25992e-06;0.999697;2.76657e-10;1.61164e-07;4.35346e-09;3.59536e-11;0.000175715;5.98231e-09;4.22742e-09;1.60757e-05;8.51127e-09;1.38606e-08;3.59398e-09;0.000109445
1.14205e-09;1.34606e-11;1;1.48877e-10;1.57475e-08;1.82441e-12;1.45812e-09;1.08885e-08;2.54365e-11;6.55401e-11;1.69629e-11;4.55261e-10;2.65545e-12;4.45829e-11
1.58234e-07;4.49339e-05;6.87313e-11;8.64096e-08;7.67304e-06;8.46721e-09;1.68758e-07;0.999883;5.32796e-05;1.0495e-08;2.34849e-06;7.1349e-06;1.45407e-06;2.25249e-09
0.000229571;0.341086;0.630042;0.00447245;0.0010643;0.000379374;0.000543379;0.000167993;0.000153891;0.000928144;0.00671491;0.00158725;0.0124707;0.00015996
0.000212064;0.879467;3.97898e-06;2.07757e-06;9.8177e-07;2.34457e-06;0.115785;0.000342451;1.20731e-05;0.000534081;7.52722e-05;1.80578e-06;0.00319468;0.000366269
1.15357e-10;8.4023e-11;1;1.67546e-11;2.62703e-09;7.97889e-11;7.5401e-11;4.38914e-11;2.3535e-12;1.71287e-11;3.9834e-12;5.2032e-09;1.11951e-09;3.57624e-11
1.95678e-07;0.000970166;3.51807e-09;9.71217e-08;8.17846e-07;0.000248028;1.98013e-06;2.62255e-05;4.5175e-06;3.54556e-08;1.97832e-07;2.91211e-05;0.998714;4.75966e-06
1.95835e-07;0.000254191;0.988164;5.3432e-07;4.39963e-08;2.55682e-07;1.88715e-06;3.14023e-09;5.13747e-09;2.50797e-05;1.3038e-08;0.0115534;1.37075e-07;7.10917e-07
5.08333e-08;7.92461e-07;0.999984;7.88619e-08;8.90496e-09;5.07521e-09;2.65271e-06;6.85933e-10;7.70084e-08;5.92701e-08;1.20806e-06;1.09579e-05;1.00187e-09;7.17488e-09
5.22009e-06;0.00538699;0.990568;2.7443e-06;1.16889e-05;2.07094e-06;4.49998e-05;0.0035864;5.2455e-07;2.63893e-05;2.97443e-06;6.08011e-06;0.000315284;4.10968e-05
4.65322e-06;0.665202;8.37903e-05;5.77482e-07;3.30919e-05;2.81043e-05;2.77524e-05;0.0340897;4.38626e-06;3.63395e-07;5.31471e-06;0.297998;0.0023085;0.000213697
1.34955e-07;0.991416;1.03407e-08;1.18044e-07;9.25726e-09;7.59021e-09;0.00710302;6.25976e-05;6.63195e-08;3.28736e-05;1.27045e-07;5.43101e-08;2.01886e-06;0.00138255
9.43779e-10;8.99758e-10;1;4.60016e-10;1.27096e-10;5.28853e-11;9.88473e-10;2.10099e-09;5.34667e-10;2.63018e-10;2.34856e-10;1.22634e-07;2.31547e-10;1.28464e-11
7.69609e-06;0.970707;1.79497e-08;2.39858e-06;5.36986e-07;5.80944e-08;1.07797e-05;0.00652455;2.03296e-05;5.80911e-07;4.58959e-05;7.25977e-06;0.0226727;9.61019e-08
2.20593e-06;0.999035;3.51953e-08;5.72299e-07;5.6176e-08;2.45746e-08;6.05905e-05;5.83124e-06;1.18436e-08;0.000502888;1.00843e-08;5.6413e-06;8.50066e-07;0.000386825
1.75468e-08;2.45296e-08;0.999999;2.5108e-08;1.60602e-09;7.4881e-11;7.16733e-07;1.57968e-10;2.0246e-08;1.37677e-08;9.86172e-09;1.69016e-08;1.24635e-11;9.30424e-09
0.000116358;0.813135;3.93639e-05;5.8451e-06;2.19076e-05;1.30331e-05;2.77404e-05;0.0874543;1.95747e-05;8.58414e-06;4.01453e-05;0.0477877;0.0512874;4.27055e-05
4.60524e-08;0.990127;2.94562e-06;3.72675e-07;1.1742e-07;5.14957e-08;0.00785635;5.34289e-06;2.26281e-08;0.000547627;1.92732e-07;9.58533e-06;4.99761e-08;0.00145041
1.42102e-11;3.44147e-10;1;2.95056e-10;3.37743e-13;2.37309e-12;6.83507e-09;2.2466e-12;1.07719e-09;4.8037e-11;6.9622e-10;2.66114e-10;1.53074e-12;4.06061e-14
0.000336501;0.0186805;0.0019173;5.59037e-06;1.26962e-05;2.01191e-07;2.89726e-05;0.977845;0.000165594;1.12546e-05;1.56497e-05;0.000804362;0.00017523;7.81533e-07
9.55722e-06;0.0795957;5.49604e-07;0.00010824;0.000108353;7.0669e-06;6.65079e-07;0.000119919;0.00210938;8.20639e-07;0.000477421;0.917136;7.71685e-05;0.000249273
0.000110084;0.998063;1.29436e-06;1.36213e-06;2.22737e-05;3.37082e-07;2.36391e-07;0.000739964;1.12967e-06;2.12699e-06;5.22918e-08;5.98998e-05;0.000719409;0.000279243
1.73594e-08;7.59934e-07;9.58512e-14;2.74912e-10;7.35888e-06;1.27477e-11;3.91576e-12;0.999992;2.11216e-09;2.78388e-10;1.84369e-11;8.51576e-10;1.17283e-08;1.68313e-08
1.38775e-05;8.46212e-05;0.999887;1.44829e-06;7.12724e-07;2.47017e-08;5.64113e-09;7.15837e-06;3.00237e-07;5.90813e-07;2.73136e-08;6.41037e-07;2.59362e-06;6.48877e-07
0.000678726;0.00191367;2.0296e-05;1.081e-05;7.94349e-06;5.78697e-06;0.000590559;0.00311819;0.965125;1.45442e-05;0.0231327;0.00468224;0.00068762;1.17768e-05
