7.10141e-08;1.5168e-06;8.42988e-12;1.37037e-11;1.04096e-09;7.17266e-11;2.62942e-10;0.999998;9.96702e-09;2.15663e-11;8.32627e-11;4.74944e-11;8.85824e-08;2.38103e-10
1.91029e-07;0.00145248;6.44191e-08;5.49461e-06;0.000668781;0.000910431;7.00403e-08;0.000139093;2.82282e-07;2.14623e-06;1.21272e-07;2.72755e-06;1.93308e-05;0.996799
2.81666e-08;1.96411e-07;1;5.53032e-09;2.11953e-11;1.6482e-11;2.87952e-08;6.16887e-09;2.24201e-08;2.34459e-10;3.87656e-08;1.04828e-08;2.30972e-08;4.2808e-11
1.44033e-08;0.000315419;2.95244e-05;8.48408e-09;2.89796e-07;6.06153e-09;7.06549e-09;5.05403e-06;1.78768e-09;4.86444e-09;7.98006e-10;5.73724e-07;3.22507e-07;0.999649
1.0372e-07;0.00173211;2.91468e-09;7.26498e-08;0.00544433;6.47527e-06;8.72952e-08;0.99279;7.5466e-07;1.81724e-08;1.04172e-08;6.46889e-06;3.93189e-06;1.57137e-05
2.12176e-09;1.04213e-05;0.999936;1.46903e-08;4.36657e-07;6.273e-09;5.22684e-11;6.44864e-10;1.12639e-13;5.26266e-10;3.88881e-11;5.26542e-05;2.05032e-08;2.57469e-07
1.51937e-08;0.999895;3.4515e-10;3.68515e-09;2.28146e-07;5.18032e-11;1.51734e-08;0.000101469;1.63737e-09;1.00413e-10;5.3482e-09;2.88859e-06;2.22677e-07;4.07491e-07
3.11825e-07;0.0721442;1.44572e-05;3.28884e-07;7.79571e-05;0.000270056;1.03879e-09;8.04899e-06;1.8328e-09;9.23216e-08;4.30893e-09;4.98755e-05;0.927408;2.71477e-05
2.97654e-07;0.989592;5.10097e-07;2.93832e-07;4.70826e-07;3.60608e-06;1.26595e-05;0.00740071;3.26717e-08;2.92106e-05;8.59069e-09;0.000117823;9.09133e-05;0.0027516
2.55667e-12;1.81575e-11;1;1.79787e-11;4.61055e-10;3.91563e-10;4.8002e-12;3.35584e-11;8.75401e-14;9.83591e-12;4.20781e-13;1.83946e-09;2.57884e-10;3.32693e-12
6.06888e-06;0.00432028;1.92436e-08;1.20973e-05;0.000136936;0.106554;1.96023e-05;0.00130893;5.53199e-05;9.33987e-06;0.000102558;9.6163e-07;0.877079;0.0103948
2.65254e-06;5.001e-05;0.987362;1.09175e-06;4.82117e-06;1.16232e-06;2.00684e-07;6.94721e-06;7.07393e-09;1.02465e-06;9.88861e-08;0.0123274;0.000227375;1.56655e-05
3.58264e-07;0.986228;5.40951e-08;1.22942e-06;1.76076e-05;5.00159e-05;1.11274e-07;0.00212405;2.13186e-07;7.39977e-08;2.52114e-07;5.47467e-06;0.00922829;0.00234434
4.20329e-06;0.926324;9.5918e-08;2.38358e-05;1.19734e-05;1.08591e-05;3.13819e-06;0.00245501;5.94451e-06;2.11195e-06;2.96142e-05;0.000376141;0.0704994;0.000253979
5.83093e-05;0.028501;1.35457e-05;1.5342e-05;0.000137111;7.47298e-06;1.12765e-06;0.960174;3.79711e-07;2.9577e-05;4.98742e-07;0.00845078;0.00259611;1.46791e-05
1.39718e-05;0.0127142;9.85125e-05;0.000397388;0.000566184;0.00094976;1.74792e-06;0.000920187;0.000157981;2.72091e-06;0.00017138;0.975032;0.00343535;0.00553878
1.93612e-05;0.986335;0.0125164;4.55389e-06;4.79655e-05;3.17656e-08;1.64615e-07;0.000836382;3.23123e-08;1.86963e-06;7.25705e-08;0.000207824;2.80852e-05;2.14592e-06
2.24865e-06;0.992583;1.34297e-09;1.96874e-07;1.10265e-07;2.15368e-08;0.00367979;9.1787e-07;6.06137e-07;0.000372258;1.31994e-07;3.43017e-09;1.87054e-08;0.00336069
4.69643e-11;2.34217e-12;1;2.4885e-12;8.73132e-11;2.68671e-13;7.01298e-11;2.8071e-13;8.97907e-12;1.12997e-12;5.28419e-13;3.90804e-08;4.39603e-14;1.25524e-13
3.74348e-06;0.571596;4.09606e-09;2.57304e-07;3.06763e-06;1.0359e-05;0.000296156;0.366779;0.000265433;6.11407e-07;1.54549e-06;4.47802e-11;0.0610435;3.04841e-07
2.66401e-09;1.28025e-10;1;1.49323e-09;1.33921e-10;7.85031e-11;3.61451e-09;2.02208e-11;4.14833e-09;2.46114e-10;1.30947e-09;2.33686e-08;1.05174e-10;9.66341e-12
1.13457e-06;5.63826e-05;0.0203954;6.43745e-06;3.0932e-05;7.80408e-06;1.16454e-06;3.75951e-05;7.98434e-05;9.29369e-08;1.47516e-06;0.979294;3.07224e-06;8.46883e-05
0.000174334;0.623056;6.28079e-06;3.57074e-05;0.0014707;0.0024653;4.40651e-06;0.0650304;0.000739581;1.76905e-06;9.84601e-05;5.35426e-05;0.306588;0.000275535
0.000513427;0.182877;0.000423605;8.21941e-06;0.736762;0.000188036;2.78045e-07;0.0502715;4.71724e-06;4.69246e-06;3.32887e-07;0.0134565;0.014647;0.000843468
6.9584e-06;0.995223;2.69889e-10;2.30633e-08;3.36044e-06;5.596e-09;3.73064e-06;0.00432864;3.84493e-07;5.97933e-07;6.64841e-10;2.14567e-10;5.6376e-07;0.000432941
3.1693e-09;1.83078e-07;0.999987;9.72706e-11;2.44125e-10;1.09962e-11;2.34551e-10;5.81109e-09;9.40055e-12;1.49716e-10;7.3472e-13;1.28861e-05;1.73856e-10;9.499e-10
2.72792e-05;0.0022225;3.50299e-06;9.0753e-05;0.000410588;0.00759691;2.19806e-05;0.939192;0.00430142;3.58064e-05;0.000276025;0.0200821;0.00608207;0.0196573
3.4796e-07;0.997025;6.25651e-09;3.79943e-09;1.86085e-09;1.69986e-08;2.32713e-07;2.37846e-07;1.27662e-08;7.07822e-09;5.85737e-08;0.000683779;0.00229055;2.01907e-09
3.6699e-05;0.0144588;5.97311e-07;1.13609e-05;0.000612046;6.81674e-06;3.76804e-06;0.00252085;1.58898e-05;1.82857e-06;1.29803e-05;0.978433;0.00387396;1.11821e-05
0.000277493;0.901724;5.38979e-05;1.25099e-05;0.00122579;1.12879e-05;8.63313e-07;0.00964398;1.58983e-05;5.48192e-07;7.48778e-07;0.021574;0.0602834;0.00517553
2.48759e-05;0.0558439;9.67194e-06;9.99239e-06;1.76304e-06;2.47984e-05;1.83368e-06;0.0045521;0.000140562;5.96999e-07;4.20592e-06;0.000331289;0.938113;0.00094102
2.54931e-05;0.00193198;1.10825e-08;1.61458e-05;7.24369e-06;9.69748e-06;1.4645e-06;0.00637749;2.98136e-05;9.97136e-08;4.81069e-05;6.76169e-05;0.991318;0.000167315
5.19946e-05;0.00292528;5.79903e-08;6.79698e-06;4.35471e-06;1.98543e-06;4.70861e-07;4.60153e-05;1.87018e-05;8.9353e-07;3.41011e-05;0.995019;0.000663213;0.00122696
8.49776e-07;0.998973;7.69026e-08;1.5865e-07;6.46282e-09;8.21945e-08;0.000510433;2.96261e-06;5.95871e-08;5.89169e-05;9.69067e-08;4.2714e-07;9.36545e-08;0.000452663
3.00459e-10;1.06917e-10;1;8.08056e-09;1.72957e-11;5.84725e-12;2.40367e-09;3.99739e-12;6.99466e-09;1.0761e-09;3.91764e-08;2.52418e-08;1.5206e-12;1.33679e-12
1.77635e-06;0.991114;2.51581e-07;3.61617e-06;5.00393e-08;1.90991e-07;9.18328e-08;2.40425e-06;3.38021e-08;1.93725e-07;4.57998e-07;6.25641e-08;0.0088769;7.72709e-08
7.91146e-08;0.00017318;4.99243e-08;8.14339e-09;1.12171e-09;9.36883e-11;1.05162e-09;4.05137e-06;5.79716e-09;1.08894e-10;6.00114e-07;0.99982;2.46117e-06;7.52266e-09
4.73256e-07;0.00925059;1.54482e-07;4.5724e-06;0.00133158;1.88246e-05;1.14595e-08;0.982018;7.74999e-09;1.23604e-07;2.05136e-07;2.17337e-06;0.00733856;3.50736e-05
1.28466e-08;1.31963e-07;1.89224e-12;1.48461e-09;3.41959e-10;3.61693e-07;6.80806e-11;1.15381e-09;8.52177e-09;5.00225e-10;7.37336e-09;7.82817e-08;0.999999;4.19742e-10
3.01113e-08;2.76383e-07;0.999999;1.8139e-08;5.54534e-10;3.18942e-10;2.34804e-10;2.57888e-09;2.36461e-09;3.23756e-08;3.93177e-10;1.90058e-07;2.52294e-10;8.94395e-10
4.32608e-07;0.995675;3.07494e-05;9.76761e-06;6.82358e-07;3.23361e-07;2.58695e-06;0.00381689;7.18906e-05;5.43203e-07;7.08464e-05;3.64911e-06;0.000305965;1.09916e-05
