7.78786e-06;0.0619351;1.74463e-06;9.80983e-06;0.00129246;5.98772e-05;4.53857e-07;0.868578;2.74764e-05;6.60019e-07;3.44891e-05;0.000213017;0.0678123;2.72715e-05
6.54199e-05;0.662777;4.46875e-05;0.000797583;0.00452927;0.0104114;0.0195795;0.00124346;4.53831e-06;0.0359551;2.37136e-05;3.00023e-05;0.229399;0.0351398
9.78037e-10;9.5423e-12;1;1.31048e-09;2.6245e-12;2.43657e-12;6.51807e-09;1.1174e-13;3.88922e-09;8.19233e-11;1.02661e-08;9.71549e-09;2.98736e-12;9.43706e-14
0.00258558;0.0093944;0.850366;0.000956675;0.000489454;6.46139e-05;0.00220714;0.0696757;0.0266814;1.23806e-05;0.0302165;0.00496724;0.00214991;0.000233327
3.26584e-07;0.0147742;3.68612e-08;1.65115e-07;1.83927e-06;1.31657e-05;5.23189e-06;1.2083e-07;2.20311e-07;1.93719e-05;2.74718e-08;3.16096e-10;6.14224e-10;0.985185
3.84158e-09;3.45117e-09;0.999878;2.40863e-10;1.51424e-08;5.18764e-10;1.76823e-10;3.58245e-10;1.872e-10;2.80423e-10;4.98391e-11;0.000121868;1.09339e-09;6.38494e-09
2.47882e-05;0.0916455;1.43396e-08;3.0249e-06;0.000701413;0.000168394;4.53206e-07;0.450848;7.66897e-05;2.42534e-07;4.50588e-05;7.04908e-06;0.456469;9.68364e-06
3.16774e-06;0.866987;2.55789e-07;8.63758e-07;2.56451e-05;5.13718e-06;1.27525e-07;0.0767737;8.71199e-08;1.09e-06;8.38045e-08;0.0554448;0.00063905;0.000118885
3.64925e-07;0.00180404;2.02101e-09;1.97018e-07;0.000184251;1.26979e-07;1.64459e-09;0.997901;1.02323e-08;2.31845e-08;9.70398e-08;1.69163e-06;0.000106445;1.50385e-06
0.000287362;0.804701;0.039369;0.000234323;0.0039917;0.00515224;3.95276e-06;0.0442612;1.5546e-06;5.23217e-05;8.31136e-06;0.0434273;0.053638;0.00487149
0.000115689;0.00191797;1.37893e-06;1.21602e-05;1.45142e-05;3.929e-06;1.93938e-06;0.9036;0.000135753;6.66024e-08;0.000406602;0.000332166;0.093327;0.000130585
4.40788e-05;0.0515112;8.95346e-05;1.25021e-05;7.38563e-05;2.03732e-05;8.75437e-07;0.0005204;3.43799e-06;6.99466e-07;2.56054e-05;0.923183;0.00481235;0.019702
8.01129e-05;0.156097;3.50563e-06;1.86049e-06;0.00132568;3.42093e-05;7.37196e-07;0.713035;9.85219e-06;1.68038e-07;2.92956e-05;0.00148665;0.125131;0.00276528
8.89765e-06;0.974882;8.03362e-07;1.14904e-06;7.40268e-05;7.33499e-06;2.71416e-05;0.0037496;3.60156e-08;5.04558e-05;1.19518e-07;0.000508668;0.000648001;0.020042
1.14533e-11;3.00493e-12;1;1.51035e-10;1.18496e-10;5.66029e-11;5.8455e-11;6.86192e-12;1.49742e-12;4.31956e-12;6.99813e-11;1.2593e-09;6.61746e-12;2.75382e-12
4.34281e-07;0.935399;3.20792e-09;3.10836e-06;3.11413e-07;2.17342e-06;0.00231756;1.41995e-05;4.3625e-06;4.23351e-05;6.27907e-05;3.52029e-08;6.30655e-05;0.0620902
4.82249e-06;9.02494e-05;3.07006e-06;9.21714e-06;5.49446e-08;2.04004e-07;0.281779;7.68011e-06;0.0140928;1.43844e-06;0.696245;4.26534e-08;0.00776684;2.22983e-09
6.48592e-06;0.999682;2.02854e-05;5.85717e-06;4.62685e-07;3.49471e-08;5.63158e-08;0.000152296;1.36347e-07;1.13887e-07;7.50739e-07;8.66157e-07;0.000129097;1.41361e-06
1.89275e-07;0.999972;1.6972e-09;1.30854e-08;1.76847e-10;1.76247e-10;5.61734e-06;8.10197e-06;4.38884e-09;3.94675e-06;5.26081e-09;7.71522e-08;4.99903e-09;9.93409e-06
2.09438e-09;1.97547e-10;0.999999;2.92074e-08;2.6277e-09;2.06305e-09;9.48785e-08;1.70534e-10;9.0175e-09;4.34406e-08;4.72567e-08;7.07865e-07;5.44504e-10;1.92818e-09
2.66496e-08;0.000842108;3.34173e-11;2.57561e-09;8.69264e-07;3.36137e-09;8.82688e-09;0.99912;1.86309e-07;1.60125e-08;3.18854e-07;2.62222e-09;3.67324e-05;2.72989e-09
8.8429e-06;0.00467928;0.977684;0.000501848;0.000836488;0.000255883;8.81898e-07;3.15118e-05;1.93331e-07;0.000497347;0.000106671;0.0128591;0.000191948;0.0023461
0.00203196;0.0818603;2.29519e-06;1.35452e-06;2.73026e-07;1.42744e-06;0.00170836;0.0227336;0.0430974;2.29877e-06;0.838136;0.00798443;0.00243992;4.01088e-07
9.45621e-05;0.96359;0.00019399;1.5535e-07;1.06413e-06;7.68083e-08;8.77233e-05;0.0026276;7.88488e-05;2.48158e-06;8.74529e-05;0.0321208;0.0011152;3.63251e-07
4.00408e-05;0.162514;7.5219e-06;5.76603e-06;1.65488e-05;7.56707e-07;2.4784e-06;0.109993;0.0014357;7.08381e-07;0.00010888;0.693432;0.0324375;5.61667e-06
2.46519e-05;0.199862;3.67147e-08;2.32809e-06;0.00160818;1.41545e-06;6.68103e-06;0.593371;0.000465498;1.31062e-06;5.16338e-06;0.131124;0.0734728;5.45994e-05
4.8828e-05;0.00717897;7.23384e-05;6.29668e-05;0.0242994;4.06884e-06;4.99487e-07;0.00669868;1.54479e-06;7.49339e-06;2.05231e-06;0.957368;0.00350535;0.000750123
0.00114293;0.0215875;3.24202e-06;1.35492e-05;3.23814e-05;3.15757e-05;0.000171998;0.617659;0.00176021;3.65899e-05;4.86423e-05;1.23512e-07;0.357492;2.0572e-05
8.99111e-09;6.32372e-10;1;2.69513e-09;8.11308e-11;1.60721e-10;1.14073e-08;1.263e-11;1.72803e-08;9.06388e-10;1.16025e-09;5.20068e-08;1.83122e-09;4.97916e-11
6.11874e-08;1.07756e-07;0.999823;3.88788e-07;3.36416e-06;1.43466e-06;5.8693e-09;0.000105663;4.10382e-07;5.26199e-09;2.05944e-08;4.37851e-05;1.9146e-08;2.18382e-05
1.2068e-07;3.19723e-05;0.000105212;4.78985e-08;0.000135489;0.00306758;1.09697e-10;1.81844e-06;1.00243e-08;2.93543e-07;1.60866e-10;7.89237e-06;9.53085e-08;0.99665
2.60816e-06;5.31149e-05;8.88098e-09;3.23514e-08;2.33467e-06;5.5104e-07;4.68701e-10;0.998533;6.67311e-07;7.36907e-10;9.50904e-08;1.2085e-06;0.00140586;6.66076e-08
5.71869e-07;0.999333;4.97193e-07;1.28182e-05;1.70904e-06;2.23145e-08;8.79171e-09;0.000384557;6.45446e-08;1.01216e-07;1.96415e-08;9.13824e-07;0.000255216;1.01511e-05
3.82733e-09;1.53989e-06;8.30132e-12;7.80303e-11;7.05764e-11;1.37163e-13;4.81571e-12;0.999999;1.6892e-09;1.67133e-12;4.16091e-10;1.04147e-08;2.19381e-08;3.13909e-14
3.0471e-06;0.941272;0.00107384;6.62706e-05;5.46136e-06;6.8935e-07;0.00176112;1.85341e-06;5.18887e-08;0.00709626;2.34502e-07;0.000130482;9.87974e-09;0.048588
4.03877e-09;1.72707e-08;1;1.61486e-09;8.19608e-10;1.04831e-11;2.40814e-08;5.27254e-09;5.44702e-09;6.48736e-11;1.20754e-08;1.17481e-08;9.03114e-11;7.29409e-11
1.62817e-05;0.773147;3.90347e-06;6.85598e-07;2.05453e-06;9.09857e-07;0.00395665;0.0775542;4.05192e-05;2.23816e-05;4.18841e-05;2.66156e-08;0.145205;8.85358e-06
3.93638e-12;9.08059e-12;1;2.65556e-11;1.188e-11;1.66594e-12;2.09276e-11;1.03375e-12;1.07506e-11;9.7104e-12;6.32512e-12;2.64524e-10;1.19523e-14;2.25084e-12
8.91626e-07;0.000777158;0.998804;1.47413e-06;3.08967e-05;1.62943e-06;1.2655e-07;2.98453e-05;1.38084e-05;2.93225e-08;9.45469e-07;0.000121659;5.01157e-05;0.000167673
1.60256e-06;0.00105116;4.80975e-05;1.12505e-06;0.00293689;0.00150316;1.30509e-08;1.60139e-05;2.35055e-06;3.17206e-07;9.8444e-07;0.000118433;3.49242e-05;0.994285
5.91198e-08;0.999713;2.36965e-08;3.29333e-09;9.76668e-07;1.13187e-07;2.08769e-10;1.24429e-06;9.58776e-13;3.08666e-08;8.29123e-12;3.25261e-05;4.24666e-07;0.000251337
1.53116e-06;0.000666398;0.998814;4.17286e-08;4.39438e-08;3.43957e-08;5.30072e-06;2.94932e-06;1.59453e-08;3.13901e-06;6.98264e-09;1.42938e-07;1.82693e-06;0.000504312
6.24122e-06;0.046315;3.53547e-07;2.19392e-05;1.51719e-05;1.36983e-05;0.00355977;0.940167;0.00145396;1.43632e-05;0.000789929;1.70219e-07;0.00764219;1.50167e-07
3.83358e-07;0.999537;7.99819e-05;1.02014e-05;1.58228e-06;1.84357e-07;4.96179e-09;0.00018648;8.52848e-09;1.58133e-07;3.2615e-08;0.000101666;7.20939e-05;1.071e-05
3.26513e-07;3.28726e-05;1.50366e-12;1.03715e-08;5.11102e-08;6.82928e-10;1.22009e-08;0.999959;6.95834e-06;1.25822e-09;1.28646e-07;4.687e-08;6.58687e-07;2.6872e-09
4.83378e-06;0.00906238;0.978127;3.99497e-05;0.00786745;1.03088e-05;8.33643e-08;4.99801e-05;2.03929e-08;1.18544e-05;1.11214e-07;0.000741597;1.54642e-05;0.00406936
4.68633e-07;0.967171;4.45461e-13;3.03399e-10;1.2175e-08;1.97096e-10;5.04456e-05;3.28132e-07;1.72143e-08;1.60354e-07;1.55812e-08;1.44473e-09;7.4124e-09;0.0327772
2.83122e-12;2.03601e-12;1;1.70488e-14;1.53947e-13;3.1577e-15;5.03778e-12;1.06258e-12;1.28391e-13;3.88943e-15;6.37171e-14;1.23232e-09;6.1307e-14;4.29882e-15
3.80658e-06;0.90217;5.7473e-07;7.4697e-06;5.90566e-05;0.000144645;0.0176243;0.0432573;0.00108734;7.40439e-05;0.00011501;4.42361e-09;0.0353263;0.000129594
5.56232e-10;6.75727e-10;1;1.02509e-09;4.38137e-11;2.18245e-10;2.09301e-09;4.2386e-12;8.70926e-10;3.42894e-10;1.41022e-09;7.54686e-08;2.51769e-10;1.64985e-11
3.29445e-07;3.14502e-05;0.999144;1.83689e-06;5.50136e-06;4.31578e-05;3.59391e-08;0.000283218;2.06172e-06;3.81837e-08;2.20109e-07;0.000467868;1.05377e-06;1.92666e-05
2.49384e-05;0.000653891;1.70235e-06;5.71037e-05;0.0449007;0.369525;1.02745e-07;4.3573e-06;0.000601597;2.3875e-06;0.000766744;0.000453946;0.00109038;0.581918
2.12715e-07;0.999968;3.00596e-09;4.37859e-09;2.55295e-07;1.64456e-08;2.95529e-08;8.97686e-08;1.14554e-10;4.89541e-08;2.74872e-09;2.88973e-06;2.43172e-06;2.5857e-05
4.51965e-08;3.87843e-05;0.999927;6.72164e-10;8.30672e-09;1.72838e-09;1.48338e-07;2.93556e-10;2.87157e-10;1.35632e-08;5.35225e-12;3.98538e-10;2.6986e-08;3.4395e-05
2.32731e-06;0.0348523;4.1939e-09;1.03304e-06;1.78199e-05;1.73617e-07;2.90497e-05;0.963729;0.000199816;1.47879e-07;2.81529e-06;1.38065e-06;0.00116422;3.07476e-08
1.51486e-05;0.524191;0.00567831;0.000148812;0.00275293;0.00145838;3.72125e-08;0.0100178;6.32526e-08;2.11544e-05;7.54202e-07;0.000158321;0.455506;5.13142e-05
5.93692e-07;0.998687;9.5853e-06;1.22461e-07;8.04779e-08;1.28742e-08;0.00101456;2.02396e-05;1.12548e-08;8.36476e-05;8.12067e-08;3.47717e-05;2.93977e-06;0.000146083
6.929e-11;5.75374e-11;1;2.92175e-09;1.24192e-08;5.07861e-09;7.86163e-10;9.84256e-10;1.48972e-10;1.14611e-10;2.61336e-10;7.05481e-08;1.88311e-10;9.37207e-11
1.70002e-06;0.000182385;8.43126e-10;1.61973e-06;1.66849e-05;0.00125323;1.24081e-06;0.00203607;6.53662e-06;2.23102e-07;1.02939e-05;3.51587e-07;0.996389;0.000101021
2.06527e-06;7.29309e-05;0.999858;2.85742e-07;5.69283e-07;4.32517e-08;2.63577e-08;1.71294e-05;1.82505e-08;3.83632e-08;1.55921e-08;3.41228e-05;1.50458e-05;1.68814e-07
5.37571e-07;0.724867;1.39136e-07;6.54002e-06;0.00029639;2.97383e-07;4.09027e-06;0.262663;2.63552e-05;1.56619e-07;2.04612e-05;2.1905e-05;0.0120882;4.55014e-06
2.90365e-05;0.775996;0.0663583;0.0280756;0.000526298;0.00235473;0.000111537;0.000334725;9.1476e-05;0.00656123;0.00508362;0.0016076;0.11215;0.000719316
2.42275e-05;0.16434;0.00391625;7.89549e-05;1.68591e-05;2.76654e-07;3.58531e-05;0.000500779;5.70788e-06;9.36919e-06;6.30755e-05;0.830854;0.00012506;3.00216e-05
9.33597e-06;0.984389;5.50694e-07;2.55909e-07;1.33319e-05;9.8677e-07;0.0143265;0.00116502;2.13083e-05;1.22837e-05;3.14184e-05;1.31226e-09;2.69677e-05;3.28902e-06
2.05402e-09;6.93513e-09;0.999998;6.26211e-10;6.29051e-09;1.89181e-10;1.31697e-08;3.86754e-10;6.96704e-09;5.02592e-10;2.25099e-09;2.12557e-06;5.31499e-10;2.61081e-10
2.67836e-05;0.968211;1.62447e-07;1.17357e-06;2.66808e-05;1.91668e-05;1.32547e-05;0.00133409;0.00115755;2.63399e-06;3.56872e-05;0.000714241;0.0258453;0.00261254
3.05858e-05;0.330248;3.36293e-07;4.16685e-06;0.000369897;0.000168798;1.88433e-06;0.00627225;7.9929e-05;1.77642e-06;6.81772e-05;0.621368;0.0365444;0.00484158
7.68804e-05;0.358415;6.49267e-06;0.000103521;0.00028792;0.00151559;5.74199e-06;0.00410291;1.09071e-05;2.92774e-06;6.96719e-06;0.00218232;0.62876;0.00452329
1.70524e-05;0.0109365;6.69757e-07;8.21224e-05;0.00229031;0.000532117;2.69866e-07;0.00355096;1.46965e-06;7.30087e-06;1.36114e-06;0.00124916;0.0114298;0.969901
0.00133689;0.636316;1.67198e-05;8.34597e-05;2.95313e-05;2.15246e-05;4.02558e-05;0.0431232;0.00156275;4.29371e-06;0.000395782;0.104531;0.211735;0.000803291
1.60049e-06;0.00100238;9.02392e-09;5.34703e-08;0.000775719;1.89738e-08;1.89761e-08;0.998012;7.78516e-08;4.90106e-07;4.8986e-09;5.99736e-05;1.31008e-07;0.000147452
2.27135e-06;8.82239e-05;0.994705;5.31767e-06;0.000276727;2.50432e-05;5.59364e-07;1.56719e-06;4.96387e-08;9.86556e-06;4.83213e-07;0.00481388;6.34747e-05;7.46871e-06
3.24289e-05;0.0190162;1.67082e-08;1.22367e-07;1.14565e-05;7.68412e-07;2.66627e-05;0.978086;3.55625e-06;1.37279e-06;3.43378e-06;3.96576e-07;0.00281545;2.51536e-06
2.03958e-08;3.48331e-08;0.999999;8.06063e-09;4.8306e-10;7.36582e-11;4.70905e-08;2.32132e-09;1.8352e-08;8.92427e-10;3.28163e-08;6.27616e-07;4.28141e-09;5.09898e-10
8.19807e-06;0.244576;0.00102751;2.77786e-05;3.25828e-06;4.24305e-05;1.43416e-06;0.0170054;2.64572e-05;1.25767e-06;5.42153e-06;0.735826;0.00100362;0.000445302
5.29361e-08;0.00331894;1.82249e-09;5.57091e-07;4.77051e-07;0.000105066;1.28156e-07;0.000777017;2.46928e-08;1.63214e-07;1.50463e-06;1.4114e-05;0.995782;2.26492e-07
2.94257e-09;0.000534845;6.16861e-13;8.9944e-07;5.19964e-07;0.000255196;1.66166e-09;3.36826e-06;1.26457e-10;1.09992e-08;4.31702e-07;0.00376283;0.99544;1.94888e-06
6.39245e-08;6.90672e-05;0.999925;1.21734e-07;4.41923e-08;7.00945e-08;7.25276e-10;1.57836e-06;2.38604e-10;1.17564e-09;2.71443e-10;3.96071e-08;3.88821e-06;2.44621e-09
2.36409e-05;0.214367;6.82178e-07;1.0151e-05;0.000209725;5.64238e-05;6.76865e-06;0.0174348;0.000991403;1.48329e-06;0.000181221;6.65223e-05;0.766647;3.24098e-06
2.03279e-06;0.997681;0.000767376;8.56702e-05;6.82994e-05;3.03698e-05;1.46488e-06;7.35087e-05;4.10781e-08;0.000302104;5.01614e-08;1.40111e-06;0.000901878;8.49965e-05
8.08045e-08;9.26246e-08;0.999989;1.84389e-07;7.90784e-10;1.06e-09;5.61657e-08;2.41017e-09;3.8732e-08;2.09695e-08;1.78656e-07;1.0257e-05;1.5083e-08;3.2342e-11
8.60713e-07;7.81324e-05;3.36225e-05;0.00017931;5.32855e-06;1.5894e-05;1.6777e-07;0.000555087;0.00112339;5.68304e-07;0.000374899;0.997575;8.25112e-06;4.97371e-05
5.82497e-07;0.995234;3.09497e-09;3.10076e-07;1.60101e-09;1.64843e-06;2.82933e-07;4.6611e-07;2.81884e-07;3.2967e-08;8.25131e-06;1.29701e-07;0.00475315;1.06027e-06
1.88595e-05;0.0510555;1.29761e-05;1.43381e-06;0.000518528;3.76066e-05;2.81587e-07;0.00733087;1.27133e-06;4.41475e-06;1.61784e-05;0.938747;0.00157096;0.000683939
2.25823e-08;0.996549;1.20941e-10;4.27489e-09;2.36866e-08;3.69459e-07;3.07306e-07;2.92852e-07;2.82248e-10;9.41011e-07;7.83515e-11;7.14359e-12;7.99169e-06;0.00344127
2.95891e-12;3.42834e-11;1;5.54672e-13;4.78052e-13;1.1235e-13;2.55204e-14;4.63558e-12;3.56298e-15;9.71322e-14;6.37145e-16;1.51861e-10;3.67301e-11;2.15429e-14
3.83316e-05;0.117373;0.000677614;0.00488901;5.66232e-05;0.000505022;0.000136086;0.155328;0.0378238;0.000248796;0.0109946;0.00023422;0.671686;9.34245e-06
