8.54217e-06;0.986684;0.0130647;0.000118038;1.48685e-06;2.81335e-07;1.00638e-06;3.34236e-05;7.58655e-08;6.32056e-06;1.37616e-07;1.64092e-05;5.97133e-05;6.08031e-06
1.7622e-05;0.984181;1.29332e-09;0.000231609;4.16928e-05;3.07633e-05;6.27449e-07;0.0131291;0.000142954;5.05874e-06;6.04956e-05;0.00168876;0.000187667;0.000282799
3.17916e-05;0.00060061;9.33911e-05;0.000374189;3.85091e-06;1.95715e-06;1.10081e-07;0.000401185;4.74355e-06;3.35238e-06;6.63108e-05;0.998412;5.56806e-06;8.11299e-07
0.000781713;0.956919;1.83472e-07;2.03867e-07;1.16563e-07;1.64163e-07;1.57748e-06;6.95742e-05;1.94651e-06;6.34334e-08;7.72383e-06;6.12766e-05;0.0421567;4.98097e-08
5.35524e-05;0.617855;9.24325e-07;5.30729e-06;1.03212e-05;0.000250406;0.000101554;0.000526173;2.56056e-06;0.00211204;2.07725e-07;0.000719003;7.66362e-05;0.378286
5.89461e-12;1.90851e-12;1;1.98731e-12;8.56448e-13;2.23505e-12;4.28876e-11;3.41644e-13;1.53106e-12;5.40009e-12;1.46787e-13;5.72365e-11;2.21545e-12;9.90286e-14
9.79192e-06;0.0364562;2.97615e-07;6.17875e-05;6.2201e-05;0.296351;0.000474995;4.2295e-05;0.000665262;2.83007e-05;0.000269737;3.8023e-06;0.664937;0.000637543
1.96685e-05;0.000194396;0.999197;1.622e-06;2.44165e-07;2.96776e-06;3.84118e-05;9.48534e-09;1.08023e-07;2.42527e-05;2.29612e-07;5.628e-06;0.000197832;0.000317945
5.8352e-09;2.31432e-08;1;4.37605e-10;8.33315e-11;9.60374e-10;1.92479e-07;2.21022e-09;8.75025e-09;3.12493e-09;2.53487e-09;6.45755e-11;2.47559e-09;6.80801e-11
3.49496e-09;2.82178e-08;0.999998;4.62758e-09;1.99832e-10;7.97881e-11;1.27894e-07;8.00259e-08;4.5686e-08;3.38677e-09;3.6858e-08;1.28963e-06;1.69306e-07;1.87342e-11
9.8601e-09;3.06182e-05;0.255737;5.20281e-07;1.84991e-06;6.75884e-07;3.56071e-09;6.88923e-07;2.53991e-08;7.59591e-09;5.16361e-08;0.744194;4.12499e-07;3.33456e-05
1.51833e-07;0.314777;8.37239e-06;3.46169e-07;0.000561622;0.000497129;2.27518e-08;0.0179596;2.31493e-08;6.64077e-08;5.32458e-07;8.04731e-05;0.663706;0.0024093
3.62175e-07;0.096858;1.25993e-07;0.000191188;0.00146899;0.00106751;4.94377e-08;0.0240831;6.96757e-07;3.80999e-06;5.73216e-05;0.844261;0.00701031;0.0249977
4.31199e-07;0.996349;0.00146276;1.15219e-06;1.37122e-07;9.8366e-08;3.39954e-10;0.00215338;6.70978e-10;3.19491e-09;3.0819e-10;1.07179e-05;2.1884e-05;1.45415e-07
2.61858e-05;0.905305;7.58173e-06;5.85522e-06;1.19145e-06;1.54193e-06;1.24735e-07;0.035919;1.30048e-06;8.43161e-07;8.28134e-08;6.11853e-05;0.0586621;7.83676e-06
2.22017e-05;0.607378;1.19864e-07;0.00151466;0.0006392;0.000732545;3.25027e-08;0.0940342;4.34653e-05;6.58313e-05;1.20477e-05;0.293068;0.00227637;0.000213622
5.74916e-06;0.997272;5.60212e-10;4.37002e-08;8.58155e-10;3.00947e-08;1.43847e-06;1.85826e-07;1.66362e-07;1.82383e-07;1.69763e-06;9.49278e-05;0.00262364;2.75663e-09
2.19155e-05;0.0970692;6.38409e-05;4.28271e-07;2.38877e-06;5.823e-07;1.28323e-06;0.00176284;1.1763e-06;1.53812e-06;1.66298e-06;0.887533;0.0135384;1.30124e-06
0.000415827;0.0580455;2.77985e-06;0.00213851;0.0586322;0.251777;0.000692183;0.00565281;0.0454124;0.000249675;0.0103022;0.00113873;0.559854;0.00568666
0.000634169;0.477265;0.52056;4.44212e-05;5.91344e-05;6.47043e-06;8.68271e-06;0.000574579;6.93649e-06;0.000136944;7.30169e-08;2.30843e-05;0.000410298;0.000270405
8.37886e-07;7.72274e-07;0.99999;1.42113e-07;1.09695e-08;1.06793e-08;3.0491e-08;4.53599e-07;2.11675e-06;2.99208e-08;2.65588e-08;5.8725e-06;1.60665e-07;8.59145e-09
1.5939e-05;0.210514;0.00118195;1.50075e-05;1.03039e-05;0.000271862;1.13442e-07;0.0921517;0.000146538;1.42044e-05;3.23865e-06;0.694077;0.00113904;0.000458273
7.03722e-06;0.024085;1.65104e-06;6.96165e-06;2.43902e-06;1.00511e-05;6.62789e-07;0.0876247;8.9631e-06;7.23076e-07;0.000113157;0.000550717;0.887574;1.36553e-05
5.15289e-06;0.0468596;3.9751e-07;3.88467e-08;5.18854e-07;3.3246e-09;1.91604e-08;0.949368;4.81764e-07;7.38554e-09;2.72364e-06;0.00295249;0.000810519;8.52237e-08
1.95981e-08;0.897422;6.0979e-12;1.83886e-07;2.5176e-07;9.88957e-09;5.05187e-05;8.56521e-08;3.73464e-09;3.16955e-05;1.28995e-08;0.000140874;1.38043e-06;0.102353
9.20152e-06;9.89515e-05;1.88107e-08;9.74773e-05;1.55294e-07;8.12167e-08;0.86358;2.60882e-05;0.0201374;2.43394e-05;0.115928;1.45999e-07;9.81258e-05;8.27546e-09
5.08712e-06;0.999783;8.59223e-06;5.0582e-06;7.43282e-08;1.25732e-08;2.55711e-07;0.000176604;5.75473e-08;2.53722e-07;3.57117e-08;7.80417e-08;1.83317e-05;3.06171e-06
2.41779e-05;0.792307;5.07991e-09;3.04535e-06;1.12836e-05;1.89575e-06;9.27153e-08;0.202096;2.86965e-05;5.88288e-07;6.82469e-07;0.00551759;5.63627e-06;2.97519e-06
0.000965683;0.0110805;9.40802e-07;3.78568e-05;0.000297492;7.58096e-05;0.000172499;0.928643;0.000288223;9.83595e-05;0.000491006;0.000826671;0.0569733;4.86947e-05
2.73488e-05;0.00116589;4.12228e-08;1.16814e-05;0.00267185;4.21564e-05;3.83019e-08;0.00013368;4.60153e-06;5.68372e-07;1.09947e-05;0.971285;0.00395122;0.0206951
4.88186e-06;0.995017;1.63561e-07;4.22437e-07;5.75532e-06;2.89325e-08;1.96724e-07;0.000629598;6.41587e-08;7.46517e-08;3.4013e-07;0.000100332;0.0042234;1.77725e-05
1.05601e-05;0.253975;3.42377e-06;0.000847674;0.0103329;0.00384485;3.3893e-07;0.670739;7.03405e-06;9.32281e-05;3.17328e-06;0.0232928;0.00899314;0.027857
7.19009e-05;0.679736;1.04434e-06;7.90097e-05;4.31833e-05;6.38966e-05;6.02772e-05;0.0113082;3.2886e-07;1.47423e-05;1.13747e-05;5.85691e-05;0.308532;1.90938e-05
6.19814e-08;6.39247e-08;0.999999;1.1781e-07;1.42125e-09;2.1239e-09;4.85354e-07;9.68719e-10;1.02613e-08;2.04854e-08;8.07073e-08;2.66018e-07;5.41031e-08;1.73674e-09
1.56305e-06;5.37678e-05;0.995977;1.74296e-05;0.000100873;3.86344e-06;1.4745e-07;0.00296179;7.14529e-06;4.70212e-08;1.93392e-06;0.000626571;3.81347e-07;0.000247832
4.10242e-08;0.000185088;3.02418e-05;3.29954e-07;0.000118418;0.0452439;2.73537e-11;5.50156e-06;9.45927e-09;1.20486e-07;4.90354e-09;8.70752e-06;6.16408e-07;0.954407
5.83669e-07;0.999777;6.10699e-09;2.17254e-08;2.22182e-08;5.96085e-07;3.21445e-05;1.69393e-06;1.90361e-09;4.61931e-06;4.87922e-07;9.08918e-08;0.00017587;7.10827e-06
8.42389e-10;1.63834e-08;1;3.09694e-10;4.98e-11;2.80561e-10;6.54186e-10;2.51514e-10;1.46421e-10;1.12829e-10;3.76287e-10;6.99138e-09;1.20946e-08;9.96056e-12
5.24103e-05;0.358087;0.0827467;0.00311797;0.00281418;0.00221507;2.69237e-05;0.0384388;0.00016157;2.54425e-05;0.00169347;0.0435179;0.458994;0.00810879
6.27497e-06;0.0882447;1.32395e-06;4.58394e-06;0.000879237;0.0008717;8.05521e-07;0.901141;3.17619e-06;8.20619e-06;5.74601e-05;0.000397976;0.00813252;0.000250775
6.93339e-08;0.998527;3.52059e-08;2.18786e-08;3.87732e-09;1.9092e-09;0.000880773;2.61186e-09;1.72723e-10;0.000588402;2.56066e-08;1.6228e-06;2.48631e-09;1.99623e-06
1.01755e-10;7.52438e-10;1;3.67434e-11;8.15625e-12;8.35403e-14;1.13977e-09;1.2898e-11;3.61888e-11;5.09191e-11;2.59424e-11;5.30372e-09;5.11202e-12;4.47029e-14
0.000101281;0.0795643;7.65004e-05;4.49361e-05;4.67652e-05;0.000313306;0.000346329;0.35063;0.000846785;0.000134354;0.000157371;0.0693154;0.498324;9.87889e-05
2.79469e-06;0.00183143;8.59267e-08;1.44366e-05;3.91594e-05;0.000103578;3.84364e-06;0.273745;3.46067e-05;1.884e-06;0.000198905;7.28692e-07;0.721697;0.00232646
1.50874e-06;7.09838e-05;1.24379e-07;4.86498e-07;5.0845e-07;1.06303e-07;5.34903e-08;1.98794e-05;1.20492e-05;4.81056e-08;4.2696e-06;0.999873;9.63617e-06;7.82528e-06
3.95742e-06;0.998344;2.10001e-07;1.25894e-06;3.42657e-07;5.94083e-08;2.2997e-06;0.00147775;1.54747e-05;3.57287e-07;3.96583e-06;3.44697e-05;0.000114677;1.0721e-06
1.05617e-06;0.948384;5.06367e-07;1.13902e-06;5.92475e-06;1.67624e-08;1.15863e-08;0.0104495;3.20663e-08;3.45425e-07;7.53242e-08;0.0393263;0.0017831;4.80678e-05
1.53766e-05;0.252655;1.88446e-05;7.34941e-05;0.430058;0.00192885;1.74617e-05;0.00211593;3.79118e-05;0.000201395;8.46756e-05;0.00105029;0.00965212;0.30209
0.00110224;0.781779;0.00150098;1.18123e-05;3.76704e-05;3.20484e-05;0.000590192;0.0320566;0.000254692;5.57598e-05;0.000296243;0.0650287;0.117222;3.19086e-05
3.17188e-05;0.000546048;5.86291e-08;1.19614e-05;0.000125954;1.18884e-05;2.36685e-06;0.135039;3.13925e-05;4.63488e-07;5.5151e-05;1.3123e-05;0.864079;5.22394e-05
1.14463e-05;0.000346699;6.15797e-08;4.4238e-06;2.14678e-07;3.70498e-08;5.9328e-08;5.59852e-05;2.24448e-05;7.85558e-08;4.99252e-06;0.999441;0.000111802;7.37845e-07
2.53675e-05;0.986632;0.00354177;3.79026e-05;3.28707e-05;4.54238e-08;1.05648e-08;0.00936719;1.05598e-07;7.59739e-08;1.20164e-07;0.000227952;0.000129353;4.88375e-06
1.03174e-06;0.0667541;1.1782e-10;4.75157e-06;0.0021527;1.198e-06;3.66392e-07;0.930982;2.62054e-07;2.17598e-05;5.54247e-07;4.37956e-06;1.81133e-05;5.83379e-05
8.8383e-06;4.12942e-05;0.995056;0.00244897;0.000391163;0.000625842;1.38491e-06;4.16895e-07;1.66126e-07;0.00029181;8.16077e-05;0.000499235;4.78531e-05;0.000505656
0.000307367;0.991295;5.11859e-09;4.70528e-07;4.64942e-08;1.07487e-08;0.00688178;0.00105879;2.9869e-05;1.91753e-05;0.000344301;1.32429e-07;6.27051e-05;7.81387e-08
5.04183e-10;7.22526e-09;1;8.10669e-11;1.02176e-12;2.23743e-13;1.93269e-09;3.19757e-12;3.01239e-10;3.88892e-11;7.11196e-10;1.76196e-10;9.547e-11;2.04478e-13
1.59563e-05;0.0459589;6.72123e-08;1.0931e-06;3.75019e-06;2.81711e-06;5.10661e-07;0.0101386;4.05782e-05;1.77931e-06;4.47809e-05;0.896963;0.046825;2.89813e-06
8.05264e-05;0.268861;0.00202244;4.77622e-06;7.69345e-06;1.59997e-05;4.81596e-06;0.0174938;1.07423e-05;1.5657e-05;0.000110093;0.071069;0.640294;9.46565e-06
5.50941e-05;0.0685684;2.46924e-06;3.22111e-05;4.53829e-05;0.00182815;0.000393713;0.0010325;0.00563651;1.81482e-05;0.00122405;0.0215121;0.899421;0.000230479
4.89549e-06;0.00686167;0.991892;1.99749e-06;4.61667e-07;7.67153e-09;3.06319e-06;7.51962e-09;7.31314e-08;4.43096e-05;2.4386e-08;0.00117907;9.54111e-08;1.27711e-05
6.12964e-08;3.89685e-08;0.999998;3.969e-08;8.11453e-09;1.51067e-10;4.16097e-08;7.73754e-10;4.89337e-07;2.57542e-09;2.88612e-08;1.26344e-06;8.81021e-11;8.73522e-10
8.38911e-06;0.966192;2.78491e-07;1.34241e-07;1.68046e-07;4.79746e-09;3.99574e-08;0.0332925;1.915e-05;1.23737e-07;4.20696e-07;0.000192988;0.000293683;5.84231e-08
1.34546e-05;0.975612;4.72056e-05;1.44013e-06;1.71197e-06;3.24955e-06;6.02357e-05;0.0043068;4.68418e-05;8.15201e-05;2.96117e-05;0.000704407;0.0190858;5.47026e-06
1.46461e-09;1.67518e-09;1;1.30636e-08;1.88948e-10;1.25942e-10;9.53354e-08;1.18768e-09;9.66993e-09;2.18188e-08;6.9816e-09;2.66185e-07;6.08117e-09;2.09987e-10
1.18923e-06;0.000905995;0.0010273;8.59751e-06;1.72232e-06;3.15728e-07;7.59652e-07;7.37414e-05;0.000935957;8.79559e-08;1.59543e-05;0.997015;3.96777e-06;9.28852e-06
1.10946e-06;0.996051;2.15043e-11;1.55013e-07;8.64303e-07;3.58251e-07;1.96253e-05;0.00381894;8.18207e-06;3.05957e-05;1.34325e-07;5.45055e-10;2.52793e-05;4.37338e-05
2.5713e-09;5.69067e-10;0.999992;2.83101e-09;1.18795e-08;1.14002e-12;4.96794e-11;4.0321e-11;4.82118e-10;1.37902e-10;7.86905e-11;7.69608e-06;7.64041e-14;2.4021e-10
1.94223e-06;0.00102074;2.94478e-06;9.8462e-10;2.3079e-07;4.75638e-11;8.3073e-11;0.99897;2.0696e-07;3.29035e-11;6.52514e-10;3.50043e-06;4.6571e-07;2.15482e-09
1.09082e-07;2.36626e-05;7.217e-09;3.72525e-09;9.96336e-05;8.08168e-09;9.09227e-11;0.999777;4.27346e-08;5.22944e-09;1.96141e-10;4.49045e-07;9.89351e-05;5.52767e-09
1.10081e-07;1.10345e-05;0.999813;4.80693e-07;3.31435e-05;1.26155e-06;8.64199e-11;1.83615e-07;3.74036e-10;1.46243e-06;5.06063e-10;0.000135799;2.93023e-06;6.29941e-07
3.18113e-05;0.7126;0.000113215;1.40573e-05;8.21265e-06;2.3763e-06;6.23749e-06;0.282629;0.00195643;6.60696e-07;0.000189791;0.0013627;0.00104166;4.44098e-05
