1.87881e-06;0.00950174;8.09912e-09;2.40261e-06;4.88261e-07;9.57038e-07;8.06302e-07;0.000412392;1.07942e-06;2.30632e-07;1.47697e-06;8.10014e-06;0.990068;3.69763e-07
3.851e-07;0.00043658;1.88242e-10;3.18586e-05;7.18357e-05;2.04601e-06;1.26036e-08;0.0182351;3.15149e-07;3.85317e-07;3.20429e-06;0.981054;0.000160614;3.94735e-06
0.000233802;0.949529;0.0359581;0.00783305;8.56194e-06;0.000147658;6.98984e-06;2.47463e-05;4.57171e-06;0.000105709;0.000305919;0.000127814;0.00565908;5.55125e-05
0.000219986;0.00452714;0.00513807;2.29868e-05;1.08172e-05;7.25154e-08;3.32335e-05;3.64937e-05;1.21849e-05;2.31799e-07;0.000784826;0.988702;0.000508749;2.78926e-06
0.000129894;0.786064;3.73539e-06;1.20388e-06;7.08917e-06;2.9701e-05;0.130029;0.0112791;0.000232124;6.34806e-05;0.000640399;1.22852e-08;0.0715159;4.481e-06
6.50279e-09;1.63065e-09;0.999999;2.2344e-09;4.94171e-10;3.91144e-09;2.94413e-08;1.99469e-10;7.35125e-09;7.70933e-10;2.97281e-08;6.24942e-07;2.78299e-09;2.96173e-10
2.05224e-05;0.0369911;0.000454344;2.23415e-05;0.000290918;3.35137e-05;5.24661e-06;0.0123988;0.00152052;9.53848e-07;0.000121226;0.94741;0.000586313;0.00014456
6.0619e-05;0.803626;2.17926e-05;5.80814e-06;0.000760612;0.00032013;2.13214e-07;0.0222144;1.00937e-05;3.77131e-06;4.14643e-05;0.0163092;0.156498;0.0001281
0.000123942;0.647589;3.18319e-05;2.09106e-05;0.00282322;0.000120412;2.10773e-06;0.00263823;8.47491e-05;1.21014e-06;0.000141694;0.143548;0.200213;0.00266096
0.00132366;0.104852;2.35628e-05;2.56391e-06;3.43151e-05;1.01846e-05;5.78016e-07;0.790947;8.00382e-05;1.28823e-07;2.13929e-05;0.0187298;0.0836918;0.000283757
2.63378e-07;0.79278;5.09701e-08;1.85436e-07;6.99647e-07;1.15439e-06;1.85659e-06;9.96012e-06;3.04201e-10;3.52057e-05;4.61936e-11;5.78402e-08;5.37651e-08;0.20717
8.67179e-08;1.07615e-07;0.999993;6.90099e-08;5.87925e-09;4.32428e-09;1.01366e-08;5.90411e-10;2.19264e-08;2.32486e-08;3.75084e-09;6.87991e-06;3.77034e-10;1.03895e-08
5.80441e-05;0.684207;5.51657e-05;1.22037e-05;1.58683e-05;5.20197e-05;2.47763e-05;0.000137073;2.26768e-06;3.41407e-05;1.06673e-05;0.000317339;0.315067;5.46583e-06
1.50847e-06;0.011564;7.24096e-07;5.77348e-06;2.54269e-06;1.71502e-06;4.0621e-06;0.0189082;2.0201e-05;2.15784e-07;5.69124e-05;0.969159;0.000210769;6.40606e-05
3.33157e-06;0.811529;4.62245e-06;5.01242e-06;6.69737e-05;1.39558e-06;5.56151e-07;0.185843;3.01957e-07;8.59501e-07;8.09388e-07;0.00207835;0.000352829;0.000113498
1.75095e-05;0.0099141;5.42886e-08;7.10977e-07;5.94478e-07;2.58204e-06;6.09409e-05;0.000794036;3.12457e-05;4.3443e-06;2.57554e-05;3.0973e-06;0.989145;2.99736e-07
6.73262e-08;2.89462e-08;1;5.25127e-09;1.54769e-10;1.82397e-10;9.34346e-09;1.33978e-08;1.23399e-07;1.78179e-09;2.29695e-08;1.77877e-07;8.29279e-08;2.69741e-10
1.31259e-07;4.53628e-05;3.68503e-05;1.15662e-07;2.57323e-06;6.24241e-07;1.27532e-07;1.60167e-05;2.5733e-07;1.50662e-07;6.77765e-08;0.000293357;2.96077e-05;0.999575
1.18353e-08;5.22115e-06;4.64387e-11;6.59981e-09;0.000167625;7.39436e-07;2.32649e-08;0.999825;1.05755e-06;3.0137e-09;2.71933e-08;2.48201e-07;6.39731e-08;2.20319e-07
7.32971e-10;2.02184e-06;0.999997;5.15596e-09;1.61299e-07;1.25582e-08;8.56207e-11;1.81404e-09;2.98113e-13;3.80673e-10;2.09677e-10;9.69845e-07;5.99213e-09;1.56194e-09
2.80065e-09;0.999912;5.30933e-10;4.11522e-10;2.33092e-09;2.65647e-09;2.78674e-10;1.07759e-06;1.9903e-10;1.08408e-11;1.30524e-09;2.63905e-07;8.65347e-05;1.10553e-07
8.77708e-07;0.974982;4.97308e-09;9.05113e-08;4.70841e-06;4.19222e-07;6.07724e-08;0.00798768;1.74895e-08;1.02363e-07;8.98871e-09;0.000177184;0.0168254;2.10536e-05
3.20421e-07;0.989963;1.34433e-07;5.18511e-06;0.00136759;3.63022e-06;3.57925e-08;0.0024806;2.45581e-09;2.88188e-05;7.77063e-10;0.000191729;0.00430208;0.00165651
2.04152e-06;0.000441584;5.19875e-09;2.43881e-05;3.1755e-06;0.00034777;0.000174794;4.3966e-07;7.78298e-06;4.73319e-05;4.54201e-05;4.29554e-05;0.998843;1.92772e-05
2.78497e-07;1.50365e-05;0.999819;5.41923e-07;1.99004e-08;5.84422e-09;5.15124e-05;1.63903e-12;2.11967e-09;4.28588e-05;3.99451e-09;6.14852e-05;1.58372e-11;9.13928e-06
1.23059e-05;1.11332e-05;0.999826;1.62367e-06;9.49634e-07;6.93961e-08;9.51189e-05;1.5652e-06;2.54333e-05;1.86982e-07;2.15121e-05;5.2127e-07;3.6054e-06;1.22161e-07
1.14116e-09;9.90557e-08;3.37172e-14;8.03405e-12;3.68338e-10;8.5142e-13;9.20194e-11;1;4.68539e-08;8.19596e-12;1.51748e-10;1.10805e-12;3.59093e-09;2.13529e-12
4.24121e-07;3.95605e-05;0.908255;3.90296e-05;0.000102262;0.000106501;1.65243e-08;8.17045e-08;7.40504e-08;1.76948e-06;5.5501e-07;0.0755132;1.79293e-06;0.0159399
2.85464e-06;0.997969;3.94323e-10;6.32397e-09;6.66212e-09;4.75648e-09;0.00158754;2.25267e-05;7.68101e-08;1.32669e-05;7.24426e-07;4.79221e-10;3.79651e-06;0.000400037
2.46719e-12;6.74913e-12;1;2.60533e-13;1.33677e-12;2.11532e-13;6.59948e-12;1.75987e-13;1.26804e-13;7.76284e-13;3.74496e-13;7.63616e-09;1.42057e-13;9.02653e-14
8.99527e-06;0.281259;3.77801e-05;5.77091e-05;0.00109412;0.00133974;0.00025608;0.0390556;0.000968964;4.37645e-06;0.000217645;0.00123991;0.674071;0.000388648
2.7278e-06;0.00310057;3.11295e-07;1.20614e-05;0.00335978;0.000130368;1.17325e-08;0.0483761;5.60427e-07;6.79795e-07;3.37673e-06;0.000848874;0.943982;0.000182382
0.000349761;0.0178547;3.44027e-05;0.000245081;0.000187576;4.57582e-05;5.3431e-07;0.000368019;0.000102494;7.73167e-06;0.000212052;0.975766;0.0047525;7.32531e-05
4.3703e-05;0.997513;0.00204401;1.26649e-05;7.32996e-07;3.67157e-08;3.24076e-07;1.17932e-05;2.51431e-07;6.48906e-07;2.86378e-07;0.000335411;1.56351e-05;2.15827e-05
8.47577e-09;0.999612;3.74749e-11;2.57985e-09;2.56222e-11;1.35583e-10;1.51605e-05;8.11566e-08;7.92771e-11;5.98672e-06;3.12723e-10;4.6029e-10;6.98019e-10;0.000366306
6.23477e-09;1.64544e-09;0.999959;7.88542e-08;6.36767e-09;1.05526e-07;2.66118e-07;5.88967e-08;8.42601e-09;5.70804e-08;1.78542e-07;4.01115e-05;1.20139e-07;2.58525e-08
4.97672e-08;0.000757564;1.58975e-11;5.68033e-08;5.31644e-08;1.30935e-07;9.87412e-09;0.000993292;1.9498e-08;1.20711e-09;3.77978e-07;1.46764e-07;0.998248;2.04969e-08
1.99302e-06;5.78289e-05;2.19043e-08;4.17701e-06;6.33762e-07;1.53085e-07;1.15644e-08;5.04787e-05;8.17418e-06;8.57908e-08;9.54509e-06;0.999706;0.000159908;7.48738e-07
0.000128433;0.435416;6.24708e-06;0.000167844;2.85418e-05;2.35084e-05;2.59097e-06;0.000161185;1.09479e-06;1.74233e-05;8.85874e-06;1.45021e-07;0.564037;4.5961e-07
4.89247e-08;1.04501e-05;3.67117e-06;3.94001e-07;4.66852e-08;8.53642e-09;4.46225e-10;1.83441e-07;2.43918e-08;5.11701e-10;1.7482e-07;0.999984;3.53553e-07;2.119e-07
1.88861e-07;0.647776;2.26094e-06;1.11944e-06;0.000872664;0.000104696;8.33462e-09;0.0211791;2.02491e-09;1.64286e-07;5.4759e-08;3.16337e-08;0.329913;0.000151472
3.57741e-08;4.89387e-06;8.41569e-08;1.20411e-06;3.13072e-08;0.0002948;2.35012e-08;7.56011e-08;2.87742e-07;3.62762e-07;1.9157e-06;1.99577e-06;0.999694;5.37786e-07
1.80179e-08;3.95796e-07;1;1.07306e-08;6.03522e-10;1.80283e-10;5.71737e-10;2.29569e-09;3.87343e-10;1.14983e-08;2.02319e-10;6.21114e-09;3.40987e-10;2.03456e-10
1.36785e-06;0.997937;1.31296e-06;9.22945e-06;1.93851e-06;7.53554e-07;2.01131e-06;0.00149117;0.00011545;3.53043e-07;0.000134726;3.33852e-06;0.000292719;9.1968e-06
