0.000127199;0.844198;3.64116e-05;4.82093e-06;3.71346e-05;3.09827e-05;4.96083e-06;0.0847592;3.58439e-05;3.8052e-06;2.71936e-05;0.00673;0.0639241;8.07459e-05
1.01524e-05;0.954995;6.4663e-07;1.24842e-05;0.000134078;0.000571532;2.20921e-06;0.00579936;2.96879e-06;4.54033e-05;9.24978e-06;0.00328073;0.00713084;0.0280054
0.00011225;0.0027325;0.00339162;0.0020506;0.101628;0.000962418;1.97871e-07;0.000962631;4.982e-06;4.87184e-05;1.5536e-05;0.816355;0.00160644;0.0701286
1.70193e-05;0.99919;1.37327e-08;3.5329e-07;2.79287e-08;2.07454e-08;0.000360266;2.7879e-07;6.68413e-06;1.71593e-05;1.33496e-05;3.39434e-06;0.000118949;0.000272548
0.000231957;0.0200854;0.00017904;0.000147462;2.32384e-06;7.45269e-06;0.402919;0.00269085;0.0933939;8.47883e-05;0.473021;1.0511e-05;0.00722658;5.48102e-07
2.56497e-06;0.012388;1.19025e-09;5.42382e-09;2.80169e-08;6.21118e-09;2.34537e-07;0.984381;1.80819e-06;1.83285e-08;1.52412e-06;5.3582e-06;0.00321946;5.37251e-10
1.35734e-08;0.000108004;6.62308e-07;1.56992e-06;2.72358e-06;6.25913e-06;2.94704e-10;6.94509e-06;2.55492e-08;4.79171e-08;1.22837e-07;0.999739;8.81053e-05;4.70145e-05
3.12014e-05;0.931317;1.24223e-06;1.70533e-05;0.000121199;6.41556e-05;3.82882e-05;0.0273791;0.000195676;2.39203e-06;0.00283023;2.49439e-05;0.0379161;6.14647e-05
2.20265e-06;0.995105;2.61158e-05;2.75001e-06;2.96302e-05;4.57274e-06;1.92711e-06;0.00106489;6.39905e-06;5.03976e-06;6.31799e-06;0.00115076;0.00258723;6.71223e-06
8.89103e-06;0.000247523;2.1376e-06;1.09337e-05;0.991042;0.00275209;1.45708e-06;0.00467844;0.000242582;0.000117819;2.38708e-06;0.000153399;6.17064e-05;0.000678226
0.00110541;0.986179;1.63019e-07;1.66643e-05;9.48527e-07;7.49889e-09;1.04272e-05;0.00532665;0.0072594;8.66873e-07;8.21173e-05;9.42978e-06;9.10535e-06;3.20546e-08
3.88697e-06;0.999955;2.22431e-07;1.22906e-06;9.27812e-07;3.20909e-10;2.2779e-09;1.95915e-05;2.40582e-08;7.10794e-08;4.05497e-09;7.1772e-06;9.53845e-06;1.9413e-06
6.08876e-09;1;1.15001e-12;1.8701e-11;6.22282e-12;4.53851e-13;4.52905e-08;5.45395e-08;9.8607e-13;2.86058e-08;3.34779e-12;1.13915e-10;1.79093e-08;1.38177e-07
2.77881e-11;4.28714e-13;1;3.22378e-11;1.56738e-09;9.04891e-12;6.56558e-11;9.40925e-11;2.8968e-13;7.2348e-11;1.9188e-12;8.22114e-08;1.12987e-14;1.10226e-10
8.81001e-06;0.00777939;2.09324e-09;5.41491e-06;0.00104318;2.00964e-06;6.24694e-06;0.920831;0.000360902;3.11843e-07;0.000603226;3.33477e-06;0.0693457;1.07515e-05
4.14856e-05;0.895721;0.018393;0.0105567;0.000161674;0.000359656;0.000408982;8.21775e-05;0.000135861;0.000347598;0.00122175;0.00270698;0.0686255;0.0012378
2.84088e-06;0.00466697;1.03804e-07;5.1639e-08;1.45941e-05;2.19945e-07;2.13658e-07;0.995246;1.54212e-08;3.65914e-08;4.58466e-08;1.13075e-06;5.1532e-05;1.62785e-05
1.98124e-06;0.725635;0.000105124;9.53378e-05;0.00495245;0.0202497;1.53219e-05;0.00112868;8.57537e-08;8.79809e-05;1.79802e-06;0.000334569;0.00759831;0.239793
5.17119e-10;1.92336e-11;1;6.34894e-10;3.21916e-11;7.60698e-11;1.80955e-09;1.20644e-10;1.0604e-10;4.39675e-11;2.35406e-09;7.1085e-08;9.97341e-10;4.5665e-13
1.54297e-08;1.29306e-07;0.999878;3.45944e-08;4.35458e-08;2.77781e-08;3.7663e-09;1.12848e-06;1.45559e-08;2.83843e-10;2.17444e-08;0.000120025;6.08511e-08;3.70054e-08
5.71053e-07;0.00487657;2.55881e-08;4.08621e-07;7.97258e-05;0.00803183;4.95297e-06;6.49611e-07;2.72513e-07;1.66521e-05;7.40275e-08;1.55171e-11;3.26173e-05;0.986956
2.5358e-11;1.97405e-12;0.999999;5.8168e-11;1.09092e-09;5.55363e-11;2.13748e-14;4.17926e-12;6.92895e-12;1.7099e-13;4.57155e-12;7.62423e-07;1.07589e-12;6.4671e-12
1.47912e-06;0.00129383;1.30719e-07;8.61222e-07;0.00198976;0.000130338;8.1957e-11;0.996514;2.7699e-06;6.5911e-10;7.83692e-08;1.24213e-05;4.88272e-05;4.94782e-06
1.86406e-07;4.33947e-05;3.83427e-09;7.19009e-10;1.79312e-06;7.18736e-09;2.08758e-11;0.999744;5.46648e-09;1.20914e-10;9.85017e-11;4.04142e-08;0.00021034;1.84844e-10
1.34529e-06;0.00132143;0.993665;1.08216e-05;0.000290584;0.00026903;1.47218e-10;8.19823e-06;7.07191e-11;4.02248e-06;4.16864e-09;0.000559417;0.00385621;1.42461e-05
3.61025e-07;0.99282;4.81956e-05;1.19032e-06;7.21562e-07;1.09684e-07;6.09198e-08;0.000247527;1.61396e-07;1.59317e-08;8.87262e-07;0.00658421;9.15516e-05;0.000204824
1.17331e-05;0.0345532;4.1023e-07;0.000346638;0.00734902;0.000148914;2.47472e-05;0.9481;0.00472698;3.11618e-05;0.00176087;0.000110793;0.002761;7.46178e-05
0.000260701;0.989554;3.01694e-07;6.51593e-06;1.65039e-05;6.93401e-08;1.28777e-05;0.00119924;1.57044e-06;2.15665e-05;2.9947e-06;0.00164715;0.00726997;7.01189e-06
1.86238e-06;2.84426e-05;1.02934e-10;1.58735e-09;3.3458e-06;4.1127e-11;1.0681e-10;0.999963;1.21313e-07;1.32515e-08;7.522e-09;2.16174e-06;1.32221e-06;6.79031e-11
1.84638e-06;0.000117692;0.999807;4.13447e-06;3.26283e-05;2.18101e-07;2.08337e-09;1.40366e-06;4.77769e-08;5.76269e-06;2.45473e-07;9.20118e-07;1.21168e-05;1.56091e-05
0.000720566;0.000138461;1.19874e-05;5.43454e-06;7.92843e-06;2.85678e-06;0.000332375;0.00790959;0.914756;4.97246e-06;0.0721703;4.8926e-05;0.00388321;7.84089e-06
