9.64446e-06;0.00639559;1.51408e-08;1.522e-05;7.63452e-05;1.55947e-05;5.98365e-07;0.0411947;4.78275e-06;1.07357e-07;0.000125561;6.27272e-05;0.952097;2.52656e-06
1.20907e-06;0.999865;8.75046e-06;4.15233e-06;1.01086e-07;2.40941e-08;3.62391e-06;2.1333e-05;3.01251e-08;2.22606e-06;1.13818e-07;1.00276e-07;8.68731e-05;6.19573e-06
5.06964e-08;2.72824e-07;0.999994;4.89526e-07;8.03998e-10;2.014e-09;2.224e-07;3.97956e-08;5.98938e-08;4.11423e-08;8.1245e-07;4.58753e-06;2.53004e-08;1.44117e-08
1.12422e-08;2.59771e-06;0.00162493;8.96748e-07;4.99578e-07;3.96104e-06;2.70802e-08;4.13806e-05;2.67034e-08;3.93858e-07;2.5624e-07;0.000230071;4.46475e-08;0.998095
2.34379e-06;0.000478341;8.3376e-08;2.48123e-05;0.00188825;0.000870035;1.33124e-05;0.996316;0.000107061;3.50219e-07;0.000164629;8.52794e-06;2.03269e-05;0.000105804
1.09391e-08;4.8803e-05;0.999946;3.68527e-08;1.0824e-06;4.11071e-08;3.0803e-10;9.38863e-09;3.9826e-13;1.10816e-09;2.47689e-09;6.61191e-07;2.82335e-06;2.17584e-07
5.97995e-07;0.957484;5.56029e-07;7.92531e-08;5.36581e-06;7.12811e-07;3.96688e-09;0.000112187;2.85916e-09;1.9774e-09;8.6144e-07;5.99825e-05;0.0422692;6.60045e-05
6.23425e-08;0.999129;4.55719e-06;2.85298e-07;7.57878e-06;1.8722e-07;2.82996e-08;0.000627417;7.05064e-10;4.72369e-07;4.2793e-08;2.95511e-05;7.46955e-05;0.000125951
4.93782e-07;0.997983;2.80619e-07;0.000171885;5.45701e-05;5.37364e-06;3.33882e-07;9.52458e-06;3.07369e-07;7.63987e-07;4.38825e-06;0.000115967;0.00126855;0.000384799
3.16353e-06;0.972525;6.87655e-09;1.71373e-06;5.57037e-08;2.09244e-05;3.20105e-08;0.00473187;1.68805e-07;3.86092e-07;3.99367e-07;9.47861e-05;0.0226148;6.55688e-06
3.11163e-07;0.000321216;4.22263e-08;4.43385e-07;4.28571e-07;1.9368e-06;3.88758e-09;0.000225175;3.84975e-08;6.73515e-09;3.06616e-06;0.00148717;0.99796;3.28453e-07
8.44802e-05;0.00716732;8.21082e-06;6.21361e-06;0.000271257;0.000392616;9.27255e-06;0.0247452;7.98391e-07;0.000117858;4.68472e-06;0.000119175;0.967028;4.48428e-05
8.73261e-09;1.49137e-09;1;8.61067e-10;5.05438e-10;2.00818e-10;3.99098e-10;2.37501e-09;9.60895e-10;2.56975e-10;5.0607e-10;3.63915e-07;4.05354e-10;5.2726e-11
9.46877e-08;0.000165503;0.000243592;7.67096e-07;2.53812e-06;2.69888e-07;2.3711e-09;0.000258139;8.75629e-07;1.41224e-08;4.88242e-07;0.999322;3.14903e-06;2.60857e-06
2.70426e-08;0.997795;3.33847e-09;1.25403e-09;4.48931e-09;5.22207e-08;6.73136e-08;1.02424e-07;6.83665e-10;4.44456e-09;1.01983e-08;5.21085e-06;0.00219986;2.09597e-08
2.93839e-08;5.52284e-05;4.6704e-06;3.66375e-06;6.65711e-05;7.87419e-05;2.59415e-09;6.49462e-05;2.97357e-08;3.50438e-08;8.70838e-07;0.999593;1.54437e-05;0.000116523
2.86014e-06;0.929051;2.09946e-06;7.60837e-07;1.56056e-08;8.78912e-06;6.19946e-07;0.0090795;1.67618e-07;2.75575e-08;7.25078e-08;1.90859e-07;0.0618537;5.1998e-07
3.47229e-06;0.982996;1.26504e-07;4.54539e-06;1.69542e-05;1.44734e-05;4.44865e-08;0.00654788;6.83963e-07;1.24146e-07;1.46139e-09;0.00386734;0.00649405;5.46603e-05
0.000364153;0.260803;5.58316e-08;0.109497;0.00416187;0.0271689;1.52386e-05;0.29803;0.00216554;0.000738459;0.000635365;0.0123489;0.28285;0.00122093
0.0142709;0.915315;0.0381053;0.00236035;0.000142749;3.91206e-06;9.73999e-05;0.00056307;2.15655e-05;8.78095e-05;0.000297228;0.0279458;0.000593161;0.000195375
9.78348e-05;0.47191;1.98111e-09;3.40583e-06;2.40663e-07;7.23501e-07;0.522862;0.000236042;2.49449e-05;0.00457259;1.27399e-05;4.95112e-08;3.17449e-05;0.000247618
1.49121e-09;1.81081e-11;0.999999;1.44254e-08;1.6985e-11;4.27493e-11;1.29107e-08;6.31893e-12;1.83665e-07;6.97513e-10;1.077e-07;3.29183e-07;1.11725e-11;1.39126e-11
2.0225e-05;0.997118;1.2017e-08;2.02069e-06;9.47402e-08;1.20976e-07;0.000445038;0.00215069;7.5776e-05;6.17773e-05;4.10899e-05;3.96283e-08;5.72401e-05;2.76142e-05
2.3914e-10;1.01742e-09;1;9.50767e-11;6.26871e-13;1.12333e-13;6.91034e-10;1.22433e-14;2.90491e-10;2.21429e-11;5.64818e-10;6.3046e-08;5.46779e-13;2.57533e-12
0.000396371;0.00278653;0.000677974;2.90854e-05;0.00735203;0.000113075;3.98539e-06;0.0228079;0.00144573;1.34988e-05;0.00104044;0.946556;0.00297741;0.0138002
2.02923e-05;0.150731;2.17347e-08;2.83787e-07;5.04409e-05;0.00148969;1.13641e-05;3.92927e-06;2.03692e-05;2.21759e-06;1.94856e-05;0.000176672;0.846241;0.00123374
2.52687e-05;0.000247069;0.811406;4.02953e-06;8.41458e-06;3.74366e-06;0.000372241;8.07282e-08;1.37024e-06;0.00102827;3.03088e-07;0.1868;4.26212e-07;0.000102894
6.92126e-07;1.99901e-07;0.999977;9.43069e-08;2.99288e-09;1.24997e-09;4.32822e-07;3.16094e-09;1.6473e-05;3.89984e-09;4.56954e-07;4.48098e-06;5.02245e-08;1.02873e-10
9.77714e-07;0.000103928;7.97282e-09;4.89868e-08;2.45666e-06;2.53664e-09;1.99435e-09;0.999877;1.30639e-05;2.57649e-09;3.73697e-07;1.14561e-06;7.32233e-07;1.1492e-07
7.98783e-07;0.000387478;0.999519;3.18131e-06;3.38191e-06;6.57342e-07;3.73208e-08;2.86087e-07;2.94518e-08;3.59137e-07;1.75186e-07;2.42889e-05;5.11027e-05;8.9853e-06
8.55503e-06;0.473458;1.24207e-07;2.13904e-09;6.22098e-07;6.47148e-07;5.15716e-08;0.00171323;3.31927e-07;7.42799e-09;3.98533e-07;0.517548;0.00726496;4.28829e-06
2.41345e-07;0.977491;1.67408e-05;4.11613e-08;2.40878e-06;1.09419e-06;9.16851e-05;1.38995e-05;2.68973e-08;6.58715e-05;9.20512e-09;5.76206e-05;1.00471e-06;0.0222584
1.18406e-10;2.15431e-10;1;1.75984e-12;3.78077e-11;6.33509e-12;1.51006e-10;6.31287e-09;1.14384e-10;2.00874e-12;1.7811e-12;4.37668e-09;1.31733e-10;1.75006e-13
0.000187821;0.0772809;1.27716e-05;5.24852e-05;0.00215929;0.000102687;1.29404e-05;0.821871;0.011126;4.18816e-06;0.000172196;0.0829544;0.00400466;5.85121e-05
1.41047e-06;0.00111645;1.52496e-09;1.64509e-07;0.000368959;4.67262e-05;1.65382e-07;0.969575;4.87227e-06;9.3275e-07;2.33943e-07;2.6994e-06;0.0288395;4.32486e-05
1.32288e-05;0.991554;4.60399e-07;3.52967e-06;1.31795e-06;1.62693e-07;0.00731919;0.000247037;1.48833e-07;0.000834602;1.63318e-07;1.72083e-05;2.04614e-06;6.62605e-06
1.61256e-06;6.25447e-07;0.999948;1.88196e-06;1.1748e-10;3.31189e-10;2.68488e-05;1.63401e-09;1.64755e-05;9.658e-08;4.601e-06;1.07058e-07;2.74778e-08;1.22556e-10
1.59581e-05;0.999007;1.15404e-06;1.38259e-05;2.69751e-07;3.42423e-08;1.67841e-06;8.02674e-05;8.52854e-07;4.53379e-07;5.77625e-07;1.78398e-05;0.000859818;4.54796e-07
7.32994e-07;0.00694187;2.81667e-09;3.00691e-06;1.85826e-05;7.99402e-07;1.38496e-07;0.00617508;2.23368e-08;4.523e-07;3.72398e-08;4.43618e-08;0.986568;0.000290848
2.9367e-06;0.000133216;6.89671e-09;0.0211483;0.00827277;0.922322;9.41355e-07;5.09933e-06;3.66968e-05;0.000274319;5.26134e-05;0.000500311;0.0213141;0.0259366
0.00507731;0.059965;0.802691;0.00277425;2.91167e-06;4.47134e-06;0.114111;2.71618e-05;0.000102991;0.0136263;0.00142652;0.000133415;1.03496e-05;4.70021e-05
1.13399e-08;1.13554e-09;0.999999;4.33661e-08;1.43183e-10;4.90809e-10;7.22035e-08;1.19697e-10;2.27287e-07;1.14015e-09;1.76987e-07;2.4291e-08;1.67073e-10;6.08689e-11
0.000536753;0.0839695;5.07058e-05;2.67019e-05;7.19444e-05;1.42465e-05;1.20666e-05;0.91007;0.000796552;2.884e-05;0.000596809;0.00185733;0.00146532;0.000503731
3.76658e-06;0.0271954;7.77319e-05;2.46894e-06;0.000124376;1.11777e-05;1.36182e-07;0.000130901;2.64239e-06;2.65156e-07;1.66117e-05;0.971623;0.000659015;0.000152396
1.61914e-06;0.0249238;1.44624e-05;2.82469e-06;6.16597e-05;1.85199e-07;5.76856e-07;0.970301;5.84341e-06;2.42516e-07;5.23124e-06;4.26672e-05;0.00463929;7.40662e-07
1.78178e-06;0.000559837;1.67508e-06;3.3807e-05;0.00567206;1.48476e-05;1.50268e-08;0.000143797;9.32043e-06;7.2626e-07;5.47024e-06;0.99267;0.000643756;0.000242437
0.00159782;0.0867589;1.5633e-05;1.75856e-06;0.000114796;1.47485e-05;3.31724e-05;0.892059;0.000281297;3.8563e-06;2.4703e-06;0.000329663;0.0187753;1.13017e-05
2.92667e-06;0.000946502;5.38459e-08;2.39542e-07;5.40132e-06;6.83135e-07;8.69952e-09;0.984077;8.09755e-07;7.02878e-09;3.6948e-08;7.06889e-05;0.0148947;1.14742e-06
5.60622e-06;0.998488;0.00051507;9.39387e-05;1.66666e-06;5.57048e-07;1.55738e-06;1.6306e-05;1.22621e-06;5.63716e-06;1.27445e-06;2.51624e-05;0.000196136;0.000647617
7.39826e-06;9.55815e-05;2.0725e-08;1.59442e-07;4.89935e-08;1.45773e-09;4.01249e-07;0.999846;4.65579e-05;2.57295e-08;3.05902e-06;9.99684e-08;4.13518e-07;1.43365e-08
3.05045e-07;0.994373;3.518e-09;1.39965e-06;1.02722e-05;9.27766e-08;1.17435e-07;0.000219136;1.14363e-08;2.73234e-06;9.04734e-09;1.1705e-05;2.4731e-09;0.00538095
0.00011371;0.000724955;0.000312981;0.000242777;0.000969599;0.00269489;3.22569e-06;0.00143499;1.17244e-05;1.40837e-05;0.000180678;0.990175;0.000980723;0.00214033
5.56198e-06;0.00555444;9.67048e-11;1.8939e-08;1.03599e-06;3.90275e-07;6.70223e-07;0.993246;1.65485e-07;1.29763e-08;1.89105e-07;3.5463e-09;0.0011913;5.36456e-08
1.52147e-08;1.10558e-09;1;6.59285e-08;8.09978e-11;3.44469e-09;1.11329e-09;3.42682e-10;1.18126e-08;3.51251e-10;5.85349e-08;2.61518e-08;3.79046e-08;3.03427e-11
4.66356e-07;0.000122318;0.998853;3.54048e-06;5.30241e-08;3.05161e-06;9.2937e-08;4.34216e-06;5.95145e-08;1.73514e-07;1.75758e-07;0.00101029;1.12024e-07;2.04869e-06
3.54449e-06;0.00915548;0.000126057;0.000803841;0.00375457;0.916065;7.45455e-08;1.59479e-05;7.45528e-06;1.20244e-06;0.000555866;0.0571723;0.0102403;0.00209797
3.60113e-08;7.28548e-05;5.17228e-09;1.69639e-07;5.57584e-07;0.00270416;5.36686e-11;1.09898e-06;1.43287e-10;2.2516e-09;8.1138e-08;3.77931e-05;0.997173;1.00355e-05
3.00679e-08;6.82275e-07;0.999541;1.15963e-06;4.92949e-05;0.000323779;1.33229e-10;1.50507e-06;8.19931e-11;1.53681e-08;2.30997e-10;9.81272e-08;7.69727e-05;6.01935e-06
5.94462e-06;0.0141726;0.000116713;9.89536e-05;3.09198e-06;0.000979461;2.68145e-07;0.00147718;3.76846e-05;1.37028e-06;8.18539e-05;2.65012e-05;0.982996;1.99226e-06
