1.26604e-06;0.988191;4.18462e-06;6.27049e-06;8.67801e-06;0.000138752;1.55898e-07;0.000624785;5.24018e-06;5.94127e-07;1.02293e-05;4.76899e-05;0.010931;3.00553e-05
3.0406e-07;0.00054415;6.09796e-07;3.70513e-06;0.168452;0.223453;2.28329e-07;0.000147252;3.1059e-08;2.75151e-05;2.46646e-07;0.00167063;9.92347e-05;0.605601
2.5185e-07;0.999105;8.7085e-09;1.40624e-07;5.41573e-08;2.16144e-07;0.000782681;3.6759e-05;3.18992e-08;1.54508e-05;3.16482e-08;3.71561e-11;1.3308e-05;4.62527e-05
7.56138e-11;3.60694e-11;1;1.73565e-10;5.36835e-12;3.36669e-11;1.97259e-10;1.90199e-13;1.55404e-10;5.52914e-11;1.58443e-10;1.13521e-08;2.15799e-11;7.22604e-13
6.96512e-07;0.999962;4.05572e-06;6.75562e-07;7.14673e-08;2.97378e-09;4.76193e-06;1.78581e-05;8.73958e-08;1.00453e-06;8.02301e-08;1.72239e-06;7.10237e-06;1.48076e-09
3.58295e-10;9.20481e-09;1;2.09591e-09;1.11774e-09;1.78834e-11;7.38282e-10;6.27824e-11;7.23915e-11;9.66885e-10;8.87995e-11;3.41926e-08;4.28627e-11;2.07259e-10
4.35374e-05;0.0282718;1.5755e-05;0.000188401;0.000889523;0.000461287;0.000485699;0.380683;0.00341676;0.000553446;0.00913352;0.568541;0.00195626;0.00535929
8.33227e-06;0.978383;1.96884e-06;2.16714e-06;8.30118e-07;7.70715e-07;4.05461e-05;0.00833812;1.42146e-05;8.06466e-06;0.00134399;0.000883937;0.0109713;2.8205e-06
4.0061e-06;0.116308;6.16639e-07;8.19496e-05;2.0183e-05;4.04662e-07;6.86227e-06;0.00151405;2.86939e-05;4.42084e-06;0.000175589;0.834695;0.0469205;0.000239444
1.22401e-07;5.90594e-05;6.67039e-11;7.99226e-09;4.05613e-06;9.21906e-10;3.36027e-09;0.999935;2.14783e-07;5.17064e-09;6.93761e-09;1.18918e-06;9.6173e-08;1.27829e-07
9.26346e-06;0.00626967;0.987243;2.57818e-05;0.000392944;0.000275454;3.91794e-07;2.50615e-05;1.20457e-07;2.22109e-05;8.41363e-07;0.00420047;0.00146648;6.81955e-05
1.43563e-05;0.00024125;1.52175e-09;9.25969e-08;1.12244e-05;7.33936e-07;2.57273e-08;0.994053;1.17845e-05;8.31598e-09;2.28881e-06;1.59199e-06;0.00564491;1.83779e-05
0.000301964;0.0604923;0.000575002;1.31822e-06;8.2479e-05;4.37345e-06;3.90163e-07;0.00852191;1.93194e-05;1.19191e-06;5.88358e-07;0.894889;0.0350952;1.54552e-05
0.000113034;0.732375;7.85649e-05;5.0128e-05;2.0774e-05;0.000232653;6.27771e-05;0.0208885;0.000233292;0.000111397;4.13134e-05;0.0238013;0.220932;0.00105941
2.14201e-05;0.0194964;1.13948e-07;0.00180829;0.000189816;0.00406124;9.18679e-05;0.00175766;0.000479609;0.00031335;0.00329374;0.00809656;0.960258;0.000131994
0.000178194;0.00364739;0.992994;0.000407621;2.26456e-06;1.60664e-07;1.72687e-05;7.22333e-07;2.34071e-06;2.33796e-05;0.000314556;0.00237463;3.38971e-05;3.08758e-06
3.49077e-06;0.00170207;3.33244e-10;5.62363e-08;7.15344e-10;8.22201e-09;0.997931;2.46089e-07;4.61914e-06;0.000280182;7.67948e-05;7.43919e-11;1.00821e-06;2.98121e-07
9.21992e-09;1.08578e-08;0.999999;9.86874e-09;4.11001e-11;7.41255e-11;1.82187e-07;2.06761e-11;1.48836e-07;8.27752e-10;4.66561e-07;2.46283e-08;4.7292e-10;1.02251e-10
1.37964e-06;0.00224363;2.30721e-09;3.72312e-10;1.96337e-08;1.36411e-10;1.05098e-09;0.997749;5.83593e-09;3.69531e-09;2.52612e-09;1.92791e-08;6.20745e-06;6.17283e-08
2.11872e-08;0.000297049;2.05275e-06;1.21768e-07;3.81646e-06;1.6325e-06;1.50042e-09;7.21842e-05;6.06495e-09;1.93265e-08;5.02186e-08;0.999357;5.2975e-06;0.000260371
6.64277e-07;0.00330454;1.9706e-08;1.28489e-07;3.53094e-06;2.82372e-07;1.89094e-08;0.000545704;5.53798e-08;3.97413e-09;6.85584e-07;1.26075e-06;0.99614;3.31196e-06
2.95067e-06;0.000594654;1.16772e-08;7.21432e-08;3.5213e-07;4.03163e-10;5.309e-08;6.81338e-05;5.09306e-06;3.85215e-08;2.00601e-07;0.999319;8.67306e-06;2.1259e-07
3.34243e-06;0.658113;0.000173146;1.93435e-06;1.81372e-05;5.29781e-06;3.6932e-08;3.03504e-06;2.13952e-09;1.67851e-06;1.58216e-08;0.000296385;0.341383;1.06507e-06
6.18856e-05;0.0850601;6.85803e-06;5.59784e-05;0.0230938;0.000459453;7.91825e-06;0.169218;4.39835e-05;1.46851e-05;9.06096e-05;0.705087;0.0143628;0.0024374
7.60888e-06;0.0873997;4.73641e-09;2.14982e-05;0.000235342;0.00262064;1.15449e-06;0.0150942;6.69293e-07;6.45287e-07;6.96409e-06;3.09797e-05;0.894561;1.95057e-05
0.000203171;0.0181764;0.822382;0.00166523;0.00271359;0.000684222;1.03336e-06;2.82674e-05;5.27251e-07;5.98799e-05;2.05322e-06;0.0139181;0.000272324;0.139893
3.65384e-05;0.993509;1.72413e-05;5.36091e-07;6.96208e-08;1.97993e-07;4.52186e-07;0.00608306;2.0947e-06;1.2003e-07;1.46686e-05;6.42546e-05;0.000270355;9.70169e-07
5.44721e-08;0.995766;1.26891e-09;1.40601e-06;0.00060219;1.48878e-07;9.47335e-09;0.00341211;5.15582e-08;3.02963e-07;8.59473e-08;0.00013619;4.10933e-08;8.10757e-05
2.47533e-06;0.000783139;0.000729496;9.01568e-05;0.000723577;0.00247068;1.42048e-07;3.54575e-05;8.24093e-08;4.64863e-05;1.2625e-05;0.994465;5.62489e-05;0.000584143
3.29375e-06;8.4668e-05;1.04221e-10;5.88853e-08;8.76951e-07;1.97226e-07;3.1429e-08;0.999215;1.02997e-06;1.00397e-09;7.76869e-06;1.06696e-06;0.000686227;2.96614e-07
1.24426e-05;0.00202663;3.84859e-06;1.25856e-06;5.7611e-06;4.13588e-07;6.06544e-08;0.000510948;4.93274e-06;1.59777e-07;6.77434e-06;0.997044;0.000289989;9.25257e-05
2.4018e-08;3.87623e-06;0.999991;1.181e-08;1.50609e-06;9.30168e-10;3.18873e-10;2.99598e-06;1.45428e-09;3.61052e-09;7.33244e-09;7.50185e-08;3.10675e-07;7.17e-09
4.73307e-09;0.999581;6.16576e-09;1.46444e-08;6.39064e-07;9.99373e-09;2.54069e-06;8.32436e-09;4.44665e-11;1.14565e-05;5.60987e-10;9.66836e-10;1.57308e-09;0.000404487
1.40969e-10;8.15405e-11;1;2.16193e-11;7.64455e-13;3.87045e-13;2.61396e-08;4.84532e-13;9.85295e-12;6.39275e-11;8.26035e-10;4.89013e-07;5.7921e-12;3.51612e-12
0.000168563;0.00792047;5.06011e-07;7.1458e-05;0.000576437;0.000753908;0.156296;0.0756912;0.210867;0.00023967;0.47735;0.000295989;0.0685162;0.00125174
6.00636e-05;0.935175;2.87298e-07;7.17086e-05;4.75253e-05;1.07353e-05;2.63285e-05;0.00781439;0.000149734;1.98772e-06;0.00171101;0.000395392;0.0545133;2.27033e-05
1.73234e-05;0.994552;9.22926e-06;9.5166e-05;0.00440188;1.7061e-06;9.69776e-09;0.00029223;1.91355e-07;2.00125e-06;4.78989e-08;0.000137806;0.000319459;0.000170957
3.14114e-05;0.0484982;5.23845e-06;2.58355e-05;3.47048e-05;1.40965e-05;7.49716e-08;2.02466e-05;1.32343e-07;2.13723e-06;6.35359e-07;2.37635e-05;0.951321;2.25581e-05
0.000249127;0.653831;0.000474596;1.60309e-05;9.73974e-06;1.51176e-07;0.000526141;0.294322;0.000266209;6.3852e-06;0.000826181;0.0487864;0.000646028;3.9478e-05
9.98151e-06;0.0673991;1.32891e-05;0.00244952;0.593739;0.00136172;1.01158e-06;0.00596639;4.52195e-05;1.51669e-05;9.05929e-05;0.0250425;0.00126809;0.302598
7.16309e-05;0.109613;2.20058e-05;2.97895e-06;4.92194e-06;4.53131e-05;2.1467e-06;0.00204138;8.64375e-06;2.0315e-06;1.19687e-06;0.00356893;0.88461;6.13978e-06
7.46625e-07;0.000790771;4.57926e-08;4.89785e-07;2.17836e-06;7.16145e-06;1.98029e-09;0.00403404;1.80252e-07;1.04298e-08;2.1163e-07;1.37209e-05;0.995144;6.1547e-06
1.14489e-05;0.0455225;2.32949e-06;4.0214e-06;6.16739e-05;0.000433434;5.2094e-06;0.0056259;9.17625e-07;8.27806e-05;9.60801e-07;0.000200255;0.947976;7.27096e-05
5.29984e-10;2.56067e-10;1;1.42829e-09;1.90043e-11;8.29288e-11;9.96515e-10;6.21114e-10;2.71901e-10;1.44832e-10;2.54847e-09;2.88852e-08;3.89406e-11;2.97205e-12
1.00084e-07;0.00012222;0.00107527;5.7085e-06;4.87365e-05;2.08549e-06;2.07237e-08;0.00179762;1.87477e-06;2.07208e-08;5.34189e-06;0.996814;2.49606e-06;0.000124465
3.51969e-08;0.000244333;2.27489e-08;9.48836e-09;6.33753e-05;4.01535e-07;4.14066e-09;0.999669;1.2411e-09;4.36972e-09;1.37963e-07;5.4399e-07;2.05148e-05;1.23786e-06
4.42208e-09;0.999142;9.50451e-10;6.88556e-09;4.38066e-07;3.07105e-07;1.59548e-05;1.39734e-06;8.70461e-12;3.33389e-06;1.40947e-09;2.54498e-07;2.41754e-06;0.000833595
7.914e-13;6.72911e-12;1;2.81962e-12;7.56951e-13;1.7687e-12;4.74878e-12;4.47347e-11;6.90496e-14;1.29901e-13;6.93628e-14;2.8114e-09;8.76166e-14;2.13531e-14
3.09813e-07;0.906724;5.20805e-08;2.34584e-06;1.15275e-05;2.12776e-05;1.72627e-05;0.000505003;6.47322e-06;1.24246e-07;6.9168e-06;1.2602e-07;0.092704;6.02977e-07
2.44236e-07;0.996409;2.18511e-05;7.17775e-06;6.77316e-06;1.29997e-05;1.72514e-07;3.87059e-05;2.11544e-09;7.41817e-06;1.65776e-09;1.05006e-07;0.00349487;1.02513e-06
7.99348e-10;8.30552e-09;0.999999;9.51725e-08;2.35971e-10;3.57379e-10;3.29939e-09;1.0154e-10;6.82225e-10;4.57472e-09;2.84003e-09;1.42134e-06;8.54574e-09;3.18896e-11
2.31972e-07;0.000284032;0.0133478;2.86902e-05;0.000184174;7.34827e-06;6.70375e-08;0.00223539;3.76065e-06;2.59623e-07;2.65524e-06;0.983697;5.43214e-07;0.000208324
7.05202e-07;0.0795953;2.56145e-07;1.58292e-06;4.12623e-05;0.00037797;2.17452e-06;0.836291;3.71432e-07;1.00178e-06;4.85259e-06;2.85129e-06;0.0836695;1.08434e-05
5.77727e-08;0.000521201;9.45272e-10;7.59092e-07;0.000850294;9.81742e-05;1.6054e-10;0.000711529;3.39905e-10;9.10449e-09;3.27964e-07;0.994517;0.00241425;0.000886702
3.31721e-07;0.9998;1.75998e-09;2.61935e-08;9.88234e-08;1.31285e-08;3.07917e-07;2.71436e-06;1.66311e-09;1.80323e-07;1.64685e-10;3.74155e-05;6.69798e-05;9.15863e-05
3.97894e-05;0.985682;0.000110171;7.7828e-05;1.58684e-05;6.89833e-06;0.000335195;0.00925347;0.000112928;1.24644e-05;1.65667e-05;0.000106467;0.00421482;1.50941e-05
7.45782e-07;0.996014;3.42742e-08;1.4872e-05;6.84767e-05;8.22603e-08;1.67183e-08;0.00379512;2.12113e-09;2.71887e-06;3.37461e-09;4.40832e-05;1.8968e-05;4.0631e-05
6.98435e-05;0.236904;0.00355176;0.00144257;0.000854829;5.31642e-05;3.94178e-06;0.000152319;3.92878e-07;7.07678e-05;4.15305e-05;0.137758;0.619066;3.13529e-05
0.000257837;0.269229;2.45569e-05;0.000402146;0.00955257;0.00113644;5.83743e-05;0.504352;0.000405437;0.00016196;0.00193331;0.190761;0.0165515;0.00517384
2.15355e-05;0.0829377;2.93354e-09;2.69772e-05;0.288924;3.1132e-05;4.42865e-06;0.625197;7.1417e-06;1.11164e-05;1.9086e-05;0.00118262;9.19008e-05;0.00154551
0.000155031;0.0159556;0.363528;4.09965e-05;0.000216498;0.000588063;2.53176e-07;0.000397098;6.40818e-08;1.54264e-05;2.47151e-07;0.579147;0.0394328;0.000522929
2.08063e-05;0.00132481;1.14423e-08;2.56691e-06;1.04333e-05;4.61035e-06;1.93771e-07;0.928706;1.46015e-05;2.12828e-08;1.71385e-05;0.000264115;0.0694725;0.000162026
1.43126e-07;6.3764e-06;2.39363e-08;3.91511e-08;6.25026e-07;1.10438e-07;5.93417e-10;6.97308e-06;2.30192e-07;1.21329e-09;7.34523e-07;0.99994;4.41367e-05;8.04892e-07
3.47085e-08;1.50509e-06;8.24088e-11;8.02729e-12;7.53178e-09;3.90518e-10;1.7581e-10;0.999998;7.6433e-09;1.06912e-10;4.17344e-11;2.05813e-10;7.53072e-07;8.15425e-11
1.57711e-08;4.65371e-05;9.52624e-06;2.16236e-05;0.00328643;0.0092266;1.63227e-09;4.84751e-06;6.92488e-08;7.6964e-07;3.49922e-07;0.0340897;9.72853e-06;0.953304
5.14564e-07;0.998929;1.38499e-10;9.67794e-07;6.90863e-08;4.42726e-07;1.28847e-06;0.000178073;5.24344e-07;4.97776e-08;5.36993e-05;2.29245e-06;0.000827766;4.87664e-06
2.63293e-07;0.998802;4.91117e-07;3.05623e-08;8.76112e-10;5.75581e-09;8.37212e-08;1.33707e-07;2.43774e-09;3.47715e-09;3.25875e-08;0.00102115;0.000176282;3.99533e-09
3.27711e-07;0.00428089;5.98318e-08;2.5675e-06;7.16335e-05;4.25084e-05;8.73596e-09;0.000124547;9.2459e-07;3.06576e-08;1.04446e-06;0.989229;5.36762e-05;0.00619277
1.20947e-06;0.672047;4.67981e-09;6.68319e-08;5.30155e-06;2.44682e-06;9.70977e-07;0.0962351;2.78516e-08;1.22974e-07;5.54356e-08;7.70556e-08;0.231707;6.43839e-07
3.00477e-10;4.33204e-11;1;6.37473e-10;1.09177e-10;1.83746e-10;4.45367e-11;3.47253e-10;2.05102e-11;8.09981e-11;2.75838e-11;3.40965e-07;3.24053e-10;1.47215e-11
1.27933e-06;0.00194892;0.00012498;0.00042526;7.32118e-05;0.000462283;6.56746e-07;1.65544e-05;0.000313296;1.63277e-06;3.11993e-05;0.995241;0.000154127;0.00120598
0.000190743;0.992039;2.82957e-06;3.00805e-05;4.4996e-06;8.23067e-06;2.26155e-05;0.00692658;2.83889e-05;1.8251e-05;0.000132019;0.000489889;9.94603e-05;7.83621e-06
2.77197e-08;3.07586e-05;9.90677e-10;1.10072e-07;0.000932664;1.55819e-07;5.97224e-10;0.999033;4.62649e-10;1.40109e-07;1.00884e-08;1.69281e-06;1.85322e-07;1.34356e-06
8.73672e-08;0.000159516;0.999454;5.60235e-06;1.1e-05;0.000226223;1.17884e-10;1.22842e-08;6.70292e-11;3.60876e-08;5.84275e-09;0.000109111;3.4304e-05;3.86843e-07
6.48082e-07;0.000173526;1.61091e-09;1.53498e-08;2.17688e-07;3.87152e-05;4.91523e-09;0.0379639;2.59211e-08;9.32724e-08;1.1333e-08;2.45006e-11;0.961823;1.53627e-07
2.37255e-12;4.1512e-14;1;4.70336e-11;2.09969e-13;3.64289e-11;4.60064e-13;1.47938e-13;3.51065e-13;2.75618e-12;2.77224e-12;1.63723e-09;4.18337e-12;1.9571e-15
1.44713e-07;4.57181e-06;0.000160128;0.000101411;9.68982e-07;6.73597e-06;2.77644e-08;1.20515e-06;2.25981e-05;1.37745e-07;8.12765e-05;0.999617;1.9267e-06;1.63177e-06
9.07887e-06;0.99979;3.13293e-07;1.0826e-05;7.40738e-07;2.44209e-06;4.61409e-07;2.99645e-05;6.76563e-08;1.23899e-06;3.26828e-06;1.58002e-05;0.000133374;2.13321e-06
1.2577e-07;7.34121e-05;7.79911e-09;1.91427e-06;0.00863471;1.31046e-05;1.1362e-10;0.991252;7.82835e-10;1.59354e-07;1.26323e-07;9.17088e-06;2.14033e-06;1.27896e-05
6.18204e-09;1.90794e-06;0.99999;6.86445e-07;4.19896e-07;6.51884e-06;1.55157e-11;2.77576e-09;1.32393e-11;1.72291e-08;6.86187e-10;5.59938e-09;4.99248e-07;5.51201e-09
0.000148514;0.00311048;0.00021933;1.17167e-05;4.50417e-05;0.000252395;3.40135e-07;0.0151957;5.40966e-05;1.86374e-06;6.88937e-05;0.0062091;0.97468;2.75049e-06
