1.63002e-06;0.999344;1.56298e-07;1.36284e-07;2.35028e-08;3.20065e-08;0.000308891;4.63687e-06;9.05695e-08;3.26962e-05;3.85395e-08;1.37895e-08;1.49288e-08;0.000307424
1.57992e-10;4.31515e-11;1;3.1982e-10;3.25466e-10;1.95229e-11;2.66193e-10;1.85418e-12;1.84769e-11;1.27943e-10;6.37472e-11;1.27216e-07;1.25113e-11;1.43519e-10
3.71567e-07;0.958359;4.38766e-11;9.35428e-09;7.2795e-06;1.37472e-08;1.10353e-08;0.0410278;3.80862e-08;3.57437e-08;1.52123e-07;4.62622e-06;0.000600091;7.74826e-07
5.33885e-06;0.0612007;0.20166;0.00112559;0.0220341;0.00420352;2.74928e-07;0.00652824;2.2508e-08;0.000434908;3.46826e-06;0.685656;0.0135467;0.00360157
0.000162025;0.0752213;5.7612e-06;0.00149416;6.58254e-06;4.57512e-06;0.02159;0.016081;0.0257886;1.97884e-05;0.837303;0.0185744;0.00374064;8.49922e-06
1.6875e-06;0.00722875;6.14802e-10;3.24463e-07;0.000709564;6.09915e-08;1.16767e-07;0.992043;5.54215e-07;1.16597e-07;1.38527e-07;9.75347e-06;2.45332e-06;3.10655e-06
5.59474e-05;0.0182219;0.969214;0.000589708;0.00210938;0.00113781;1.61935e-06;8.3393e-06;1.37976e-06;0.000131567;1.19928e-06;0.00344601;0.000440646;0.00464001
0.00302541;0.666066;0.000141588;4.65325e-05;0.000878958;6.89674e-06;9.26569e-05;0.274492;0.000925349;1.86957e-06;0.000896891;0.014079;0.0391789;0.000168073
0.000702533;0.0957329;4.46226e-06;7.55576e-05;0.0590615;3.90214e-05;1.52818e-05;0.235397;9.38734e-05;1.03291e-05;8.37008e-06;0.00704511;0.597511;0.00430314
0.000563441;0.00824274;0.907694;6.75057e-05;0.00297883;2.57957e-05;2.06602e-07;1.02827e-05;5.20466e-06;4.05854e-06;7.77805e-07;0.0351832;0.00185691;0.0433669
0.000103994;0.00925568;9.93702e-08;1.20119e-05;2.46419e-06;3.70607e-06;0.000438517;0.0410194;0.917882;1.37679e-06;0.0256905;1.91954e-05;0.00554783;2.34515e-05
0.000163161;0.195405;1.07893e-05;2.60633e-06;6.39209e-05;4.53447e-05;7.16193e-06;0.803176;5.27692e-06;2.15652e-05;2.35915e-06;5.66258e-05;0.000841409;0.000199275
3.25889e-08;2.7315e-05;5.72658e-06;5.73285e-09;4.24356e-07;2.17751e-07;4.84523e-10;2.13416e-07;3.47143e-09;1.68026e-09;2.85328e-09;0.999962;4.3003e-06;1.79291e-07
4.01284e-06;0.90082;2.96359e-07;9.05519e-08;5.74649e-06;4.14131e-07;3.13362e-06;0.0251999;7.27937e-06;1.18322e-07;1.23614e-06;6.38095e-06;0.0739479;3.87935e-06
3.80881e-07;4.6653e-05;1.18548e-06;5.60771e-08;2.11632e-05;1.38218e-05;1.11286e-08;6.66766e-08;1.34221e-06;1.67516e-07;3.19399e-08;0.99964;4.49242e-05;0.000230595
0.00383683;0.738341;0.243849;1.31976e-05;0.000313973;7.38717e-07;0.00115726;1.37396e-06;3.53287e-05;0.0048947;3.20957e-08;0.000351031;7.2299e-07;0.00720471
1.24833e-05;1.16784e-07;0.999956;8.80633e-09;5.29781e-08;2.70967e-08;4.86265e-07;1.90762e-06;1.61697e-05;1.32568e-08;6.75433e-09;6.9385e-06;6.22404e-06;8.59782e-09
4.44882e-06;0.000126537;1.31677e-08;2.48202e-07;3.99348e-06;5.21075e-07;3.54465e-09;0.830581;2.8649e-05;5.17833e-09;2.37194e-07;5.12925e-06;0.169243;5.46568e-06
3.08477e-05;0.000948755;9.01996e-07;2.08587e-05;8.5383e-06;2.70543e-06;2.45949e-07;0.00662683;0.00074088;1.06571e-06;3.27596e-05;0.988557;0.00297355;5.49146e-05
6.32005e-06;1.36451e-05;2.82232e-09;2.99265e-09;1.85066e-08;7.16039e-10;3.10672e-08;0.999956;5.31442e-06;1.41178e-09;2.36277e-07;9.76297e-07;1.73385e-05;2.65516e-09
1.95214e-07;0.022413;5.85704e-08;2.10014e-06;1.08226e-07;2.73936e-06;0.000903991;8.90865e-08;1.59573e-08;0.00532638;1.37469e-08;4.94953e-07;1.19262e-07;0.971351
1.79622e-08;1.59018e-10;0.999996;6.53875e-08;1.97128e-10;5.73172e-10;2.84782e-07;6.38166e-12;2.05211e-06;4.27438e-09;1.76903e-06;2.63902e-07;1.84686e-12;4.05467e-09
5.28239e-05;0.567919;9.70499e-07;4.70141e-07;2.7638e-06;2.52831e-07;5.02627e-06;0.430067;2.8534e-06;1.47658e-06;4.83325e-06;2.4523e-07;0.00194041;1.21389e-06
1.22667e-08;0.00134645;9.81076e-08;3.38568e-07;1.70967e-06;1.85985e-06;1.54721e-09;1.93237e-05;5.84958e-08;1.27073e-08;8.56502e-07;0.99862;3.44981e-06;5.7346e-06
5.519e-07;0.955024;2.91418e-08;3.47884e-08;6.89445e-09;1.80229e-08;2.67834e-06;3.63546e-07;2.16839e-07;6.02403e-09;2.54916e-06;0.000332415;0.0446375;6.9174e-09
4.29981e-05;0.0399176;0.017755;9.06776e-06;0.0243137;0.00034523;1.77175e-07;0.00178245;3.73548e-05;4.63609e-06;1.75553e-06;0.909757;0.00243293;0.00359993
0.000275627;0.245564;0.000182441;6.9939e-05;0.00215517;0.00658307;2.73824e-06;0.687854;0.041574;9.18973e-06;0.000286807;0.00419535;0.0100695;0.00117854
0.00161474;0.580378;0.000655564;0.000449175;0.00566885;0.00131733;1.97794e-05;0.264935;0.0272338;9.46697e-05;0.000523726;0.0510333;0.0655467;0.000529332
8.7417e-05;0.928539;1.87115e-05;7.9262e-06;4.88129e-06;5.86347e-07;3.07136e-08;0.0710019;3.49676e-05;6.68413e-07;2.40262e-06;0.000216958;7.45776e-05;9.64741e-06
0.000355785;0.389578;0.000156981;0.000314377;0.0201839;7.31394e-05;5.37796e-06;0.178969;7.21196e-05;2.47481e-05;0.000114677;0.386477;0.0189096;0.00476499
3.39776e-06;0.875593;2.00704e-10;1.187e-07;6.55499e-08;5.56988e-09;6.54331e-05;1.05894e-06;3.49561e-06;1.81982e-05;9.47956e-08;6.98541e-08;2.031e-07;0.124314
0.000217845;0.000576775;1.02714e-05;2.89097e-05;2.73295e-06;8.09772e-07;0.590155;0.00119726;0.370264;1.83235e-05;0.0363461;6.2656e-05;0.00111598;3.64139e-06
9.61416e-07;0.999476;4.73621e-10;8.02182e-08;5.70237e-10;3.0031e-09;1.45948e-06;5.58659e-06;7.71388e-06;1.88401e-08;4.00138e-07;7.76075e-07;0.00050658;3.07304e-09
8.18006e-07;0.00069952;9.85443e-05;9.74394e-06;5.54451e-07;2.57664e-07;1.0406e-08;3.43306e-06;1.41806e-07;2.31614e-07;1.51671e-07;0.999179;7.3781e-08;7.27556e-06
3.21471e-05;0.998379;2.22976e-08;2.48437e-06;8.1223e-08;1.07042e-06;6.93276e-06;0.000848652;2.02904e-05;1.05277e-06;2.18004e-05;7.19579e-06;0.000679429;7.26275e-08
1.56455e-05;0.0855252;0.00169163;1.05122e-06;4.26313e-06;3.59651e-06;2.15662e-07;4.22949e-05;5.54894e-07;1.16448e-06;2.74673e-06;0.865562;0.0471486;7.0977e-07
6.49263e-06;0.00858416;1.12835e-08;0.00579581;0.000324173;0.0151618;0.000159487;0.00470963;0.00679933;0.00092972;0.00141844;3.89407e-05;0.955636;0.000435844
4.50037e-05;0.00160492;0.968451;0.00198525;9.78809e-06;7.94803e-07;1.16522e-05;7.78658e-06;4.76021e-05;7.74446e-05;0.000109732;0.0276442;3.72278e-06;6.12622e-07
0.00335364;0.0511738;5.86522e-06;0.00186405;0.000116835;4.64448e-05;0.0107635;0.00701028;0.306756;0.000885935;0.598839;0.000224478;0.0188952;6.57933e-05
2.87164e-05;0.995801;3.66354e-07;6.28612e-06;5.07456e-08;5.2181e-08;1.52296e-05;2.12817e-05;4.07605e-05;2.28856e-06;5.03447e-05;0.00348902;0.000544472;5.41079e-08
0.000116468;0.0100272;0.00260182;0.000194246;0.00143681;3.04213e-05;4.79286e-07;0.00279709;2.72734e-05;1.06603e-05;1.23541e-05;0.978645;9.64379e-07;0.00409964
3.92344e-05;0.000414494;8.11453e-09;1.47922e-07;4.27267e-07;3.37573e-07;4.01596e-07;0.998605;0.000574073;4.25553e-08;1.07885e-05;6.15879e-08;0.000355167;6.21093e-09
0.000333482;0.0491608;0.0370002;0.000303093;0.00208256;0.000667921;2.15542e-06;0.00325382;0.000219023;3.23234e-05;7.11473e-05;0.88924;0.0116547;0.00597841
7.47593e-05;0.873722;3.66791e-07;2.33455e-05;3.96965e-05;3.36723e-05;0.088005;0.00271439;6.51286e-06;0.0121829;9.89355e-06;1.05333e-07;7.86707e-05;0.0231086
1.50759e-11;5.47274e-13;1;3.23598e-11;1.22246e-11;5.14904e-14;4.64277e-12;7.30277e-13;6.998e-12;1.17239e-12;5.67897e-12;1.45973e-09;7.75363e-15;2.92679e-14
0.00118156;0.408725;2.014e-05;0.000395649;0.000127105;1.75534e-05;0.000601677;0.398671;0.031826;4.67474e-05;0.0793909;0.000822452;0.0781471;2.72053e-05
9.88233e-06;0.985317;3.38156e-08;8.46926e-06;0.00799411;8.4893e-06;7.7861e-06;0.00420516;0.000364281;1.88972e-05;7.68342e-05;0.000390133;9.03711e-06;0.00158959
0.00205098;0.0241167;0.301179;0.000879122;0.00937158;0.00022839;8.11692e-05;0.00161934;4.04713e-05;0.000320082;0.000348795;0.652569;0.00445566;0.00273998
7.62157e-07;0.997144;5.76074e-09;7.99345e-09;3.48213e-08;1.42449e-08;1.22358e-06;0.00273616;4.59148e-07;6.39051e-09;3.00801e-07;8.27045e-10;0.00011465;2.66144e-06
2.51468e-10;9.93974e-11;1;3.53614e-11;3.58357e-11;4.08409e-12;1.80195e-10;1.23271e-11;2.06099e-10;1.03972e-11;2.03135e-10;2.33738e-08;6.46518e-11;2.761e-11
2.2609e-09;4.90715e-06;0.999928;3.44387e-09;1.11373e-07;2.33855e-07;1.27335e-09;3.20942e-07;4.89308e-09;3.78197e-10;2.28985e-10;6.6144e-05;6.2166e-08;4.85526e-07
5.07265e-08;0.0532062;7.58565e-10;2.17137e-07;0.000106071;0.000966842;3.06533e-06;5.68124e-06;5.19239e-08;8.01803e-06;1.49382e-08;5.89679e-11;3.52025e-05;0.945669
2.02602e-11;4.58091e-12;0.999997;2.29415e-12;1.21665e-11;4.03741e-12;1.34656e-12;4.4966e-11;8.07523e-13;8.12379e-13;5.32721e-13;3.50245e-06;7.44482e-12;4.57177e-13
1.05562e-05;0.0174128;2.0657e-07;0.000112605;0.00017883;0.000190689;2.97552e-05;0.963621;0.0101896;1.73251e-06;0.000997161;0.00103008;0.00622186;3.06431e-06
1.97891e-07;0.999964;6.0219e-06;7.05329e-06;1.72597e-06;4.74314e-08;4.42268e-09;1.16672e-05;2.74746e-09;1.0873e-07;2.87712e-09;1.61248e-06;6.67481e-06;6.81941e-07
3.83578e-06;0.994105;1.68424e-07;1.56494e-07;1.92033e-07;5.97221e-08;2.21682e-07;0.00518401;8.34153e-09;7.60516e-07;1.93383e-08;2.49333e-05;0.000677196;3.19332e-06
1.6231e-06;0.00202135;3.32491e-05;0.00024698;0.0168773;4.43143e-05;1.11703e-05;0.000694311;2.39373e-05;6.66639e-05;0.000165866;0.979732;2.52645e-05;5.60416e-05
5.41655e-05;0.832272;0.00417487;0.000527257;0.000371073;1.9479e-05;6.90915e-05;2.35231e-05;5.9289e-06;0.000180892;0.000154972;6.76956e-05;0.162074;4.40712e-06
8.89851e-05;0.167482;8.72585e-07;3.03484e-06;0.000152816;3.61469e-07;1.26057e-05;0.0119351;0.000110734;2.78359e-06;2.20406e-05;0.819316;0.00053224;0.000340416
0.000604103;0.883461;0.000535993;0.000186552;0.0116925;0.000116095;0.00170014;0.00467581;0.000958434;0.000100897;0.00206781;0.0193279;0.0744387;0.00013379
0.00210347;0.0792729;1.15666e-06;0.000168383;0.000614867;8.77231e-05;1.33682e-05;0.12258;0.000395834;1.22044e-05;0.00019037;0.27021;0.524041;0.00030798
0.000165391;0.922877;1.78366e-05;5.42241e-06;6.17855e-06;7.26472e-06;1.40475e-05;0.0108332;0.000383622;4.49407e-07;3.79994e-06;0.0008933;0.0647695;2.30771e-05
0.000132428;0.00533347;0.0125994;0.0038888;0.0176322;0.0262458;1.74904e-06;0.887971;0.000232474;4.2923e-05;0.000261162;0.0331746;0.00472255;0.00776172
2.15756e-06;0.998226;6.32993e-11;5.98195e-08;1.50749e-07;1.56823e-08;8.10122e-08;0.000909582;7.16228e-08;2.68768e-08;4.0932e-07;9.1932e-12;0.000860508;5.25575e-07
1.28603e-09;1.11333e-08;1;5.71408e-10;1.13818e-10;1.2109e-11;6.19792e-11;1.60818e-11;2.13803e-11;3.59026e-11;1.73437e-11;3.10386e-09;1.02931e-11;3.50942e-10
0.000784764;0.241075;0.00118368;0.000413521;0.000815281;2.48344e-05;0.00933324;0.0480176;0.383365;0.000134114;0.0696016;0.23305;0.0017424;0.0104599
0.000366383;0.0698004;3.8204e-07;0.000101015;0.000679309;9.04594e-06;0.000173495;0.88588;0.00761179;3.91355e-05;0.0165278;0.0136282;0.0040719;0.00111082
6.76458e-09;0.999988;1.10444e-11;1.45188e-10;2.53885e-11;7.73641e-12;2.11312e-06;2.8712e-08;1.73667e-11;1.09885e-07;9.04019e-11;5.41749e-10;4.29266e-09;1.00922e-05
2.25066e-11;6.64028e-12;1;1.09452e-11;1.48935e-11;3.57245e-12;1.53655e-10;6.63998e-13;1.23432e-12;2.53357e-12;8.18891e-13;8.90014e-08;4.14494e-13;6.908e-13
0.000310256;0.459292;0.00010991;0.00114457;0.000688718;0.00564055;0.0591468;0.143815;0.0601965;4.43906e-05;0.00922213;3.03355e-05;0.258399;0.00195992
0.000307167;0.842813;7.46406e-05;3.6307e-05;1.12463e-05;0.000108275;1.81869e-06;0.00967813;0.000396805;3.08717e-06;0.000195008;0.00102325;0.145103;0.000247591
0.000137353;0.18589;0.0018377;4.55643e-05;0.000684642;4.91648e-05;1.44274e-06;0.000102122;7.43818e-05;1.7387e-05;0.00023978;0.805129;0.00172567;0.00406603
1.72259e-05;0.982291;4.46689e-08;2.05768e-06;4.13798e-08;8.09728e-08;0.0152618;1.8192e-07;6.75208e-05;0.000663143;7.99104e-06;1.26003e-08;1.79314e-07;0.00168839
1.55963e-08;1.74508e-09;0.999999;3.61944e-09;1.12195e-09;2.47108e-11;1.49688e-06;1.89775e-10;3.54552e-08;8.31102e-09;4.00107e-09;1.36554e-08;2.46025e-12;1.85524e-09
0.00010884;0.0694488;6.41336e-08;4.08731e-06;0.000118737;0.000381385;0.000298205;0.900401;0.00104432;3.31815e-05;5.41366e-05;1.5097e-07;0.0261551;0.00195222
3.05245e-08;1.86528e-08;0.999997;1.12897e-08;1.3065e-09;5.901e-09;3.71171e-07;3.51962e-09;2.95152e-08;4.6862e-09;5.69396e-08;2.62524e-06;2.60348e-07;2.00125e-10
1.00224e-07;1.61704e-07;0.999507;8.03132e-07;2.39555e-05;1.07987e-06;3.7909e-08;0.000375343;3.96119e-07;1.0688e-08;4.05074e-08;7.34381e-05;1.23155e-07;1.74978e-05
9.36139e-08;2.52794e-05;5.03136e-06;8.04583e-08;0.000700327;0.00252175;2.5315e-11;4.48104e-06;1.17861e-08;6.08061e-08;3.90969e-10;2.72068e-06;5.54021e-07;0.99674
6.68813e-05;0.000472539;8.73076e-08;1.51107e-06;1.70531e-05;4.17499e-06;2.97136e-07;0.985157;0.000127891;6.54251e-08;6.57353e-05;2.13961e-05;0.014064;8.91031e-07
5.41877e-06;0.972516;3.12087e-07;2.28319e-06;5.67094e-06;6.14148e-07;4.109e-07;0.0159082;1.68633e-06;7.05596e-07;9.19984e-07;0.000337797;0.0111008;0.000118827
1.57615e-06;0.934536;6.42552e-08;5.71261e-05;6.84027e-07;4.25882e-06;4.72296e-05;0.000236679;1.20041e-05;2.19443e-05;0.00118214;0.000507448;0.0633868;6.02391e-06
0.000227848;0.0773077;0.0113466;0.0238098;0.0573115;0.000677371;6.49375e-06;0.000146719;8.37752e-05;0.000278311;0.00409135;0.807032;4.53932e-05;0.0176352
0.00284163;0.965198;5.60398e-06;1.50949e-05;1.74433e-05;1.29322e-06;0.000366675;0.000417309;0.000399789;1.86248e-05;0.00973247;0.0113837;0.00955003;5.20181e-05
2.32104e-07;0.00100573;2.00781e-09;3.06439e-08;5.227e-07;6.51961e-08;6.83503e-10;2.5167e-05;1.86478e-07;1.79047e-10;1.53553e-06;1.52059e-06;0.998965;8.24567e-08
7.18729e-08;0.00251424;4.3861e-07;3.95926e-08;4.54262e-05;2.45871e-08;9.80609e-10;1.14383e-07;2.7165e-09;1.77945e-08;1.84044e-08;0.996877;0.000266601;0.000296422
9.33522e-07;0.00201706;9.31284e-11;5.69054e-08;0.00102395;5.17676e-08;6.20632e-08;0.996944;6.0146e-07;2.19331e-08;6.65532e-08;5.05061e-06;8.11268e-06;2.6659e-07
4.99773e-05;0.0215088;0.897174;8.60162e-05;0.000213339;0.00213224;3.57562e-07;0.000257746;2.14096e-07;3.68417e-05;5.2905e-07;0.0738546;0.0032215;0.00146379
0.000283615;0.00326072;4.44229e-07;1.8901e-05;1.44483e-05;4.84695e-05;1.69789e-06;0.988708;4.29983e-05;1.19403e-06;0.000120219;0.00338089;0.0040555;6.26022e-05
4.15212e-07;0.992135;1.50407e-08;2.35527e-09;2.13566e-09;7.48752e-09;3.18544e-08;7.13245e-06;7.49041e-10;5.47915e-10;2.69686e-09;6.3998e-06;0.00785131;2.19061e-08
7.02225e-06;0.0128907;0.00163206;4.4933e-06;0.000301531;0.00119166;3.45698e-07;0.00491565;9.30365e-07;3.48202e-06;3.76405e-07;0.975167;0.00371063;0.000174383
2.99628e-08;0.000838865;1.53112e-07;4.48188e-07;1.44654e-09;3.12635e-07;0.995181;1.83607e-08;6.66658e-07;0.00396922;8.25469e-06;2.326e-10;1.54186e-07;6.16231e-07
4.68914e-10;4.56337e-11;1;5.91503e-09;1.80445e-12;1.56535e-11;2.10237e-07;2.64578e-12;2.27545e-09;4.66711e-10;1.64852e-08;1.6572e-08;2.14439e-11;3.94831e-13
4.26022e-05;0.997888;7.99757e-08;1.65126e-06;3.41099e-09;3.96378e-09;7.53014e-05;0.000164455;2.57972e-05;2.85323e-07;0.000389486;1.93674e-05;0.00139344;1.52005e-09
8.09454e-08;3.01984e-05;1.2558e-10;4.86013e-08;1.35982e-05;3.92287e-09;7.33898e-10;0.999955;1.1489e-07;1.03978e-07;2.17688e-08;9.9001e-08;3.89773e-07;1.49402e-08
2.17557e-07;8.66533e-07;0.999668;5.53981e-05;6.56841e-07;2.30572e-06;3.10098e-07;2.76786e-09;3.8892e-07;0.000222369;2.51424e-06;4.64809e-05;3.32341e-08;3.47498e-07
1.39032e-07;6.63962e-05;4.14188e-10;8.42039e-10;2.5034e-12;8.56444e-11;0.999649;2.64306e-10;1.00845e-07;0.000282898;9.85982e-07;5.2062e-15;4.30362e-09;5.41699e-08
8.91636e-13;6.45586e-13;1;4.07882e-12;5.31165e-14;2.98273e-13;3.9883e-11;2.58429e-15;4.1161e-12;6.12733e-12;2.41498e-11;1.97251e-11;8.91733e-15;4.65327e-15
