6.92412e-05;0.891175;1.95687e-06;0.000939667;0.000381627;0.00100119;1.19683e-05;0.0915461;0.000990047;1.81534e-05;0.000235202;0.00154128;0.0116384;0.000450375
2.95206e-05;0.00589953;0.00245317;0.000115363;3.05569e-05;4.11735e-06;1.12879e-08;0.000296322;5.12361e-07;8.38667e-07;5.86574e-06;0.991067;9.449e-05;2.89587e-06
0.000268382;0.988373;1.8557e-08;2.55464e-08;4.19156e-08;2.72049e-08;8.07462e-07;9.43079e-05;6.01229e-07;1.8805e-08;1.82798e-06;0.000107502;0.0111539;2.80417e-08
5.09426e-06;0.979627;2.25497e-06;6.28447e-07;4.68644e-07;1.47497e-06;0.000443098;1.41843e-05;2.32821e-07;0.000278685;3.7615e-08;5.36405e-05;5.51443e-07;0.0195726
1.072e-11;9.89968e-13;1;5.8196e-12;1.23215e-11;5.44672e-13;3.82244e-11;7.19649e-12;1.27764e-11;1.11013e-12;2.08932e-12;1.77636e-09;2.47912e-14;5.75822e-13
1.82445e-05;0.939817;1.69198e-06;3.41631e-06;0.000114261;0.000952598;0.000306381;0.0264305;1.87601e-05;1.74784e-05;4.26982e-06;3.64801e-08;0.0295058;0.00280969
3.16793e-09;9.15904e-11;1;8.31642e-10;6.81316e-11;6.39984e-11;5.71056e-09;5.46928e-12;1.62072e-08;1.55774e-10;5.07601e-09;6.12085e-08;1.77799e-09;2.33483e-11
2.36809e-07;4.61308e-06;0.996772;1.82328e-06;1.23957e-05;9.2671e-07;7.3236e-08;0.00313347;1.10915e-05;8.43462e-09;2.59209e-07;5.83992e-05;2.23825e-06;2.26115e-06
2.06764e-09;1.27009e-05;6.97776e-05;1.85005e-08;2.77749e-06;0.00138326;9.21793e-12;2.93713e-07;1.60544e-09;3.59429e-08;9.78307e-11;2.47104e-06;1.4024e-08;0.998529
6.92286e-06;0.00265813;6.86056e-10;1.5493e-06;7.28221e-06;0.000298816;8.27863e-08;0.119092;1.60528e-05;2.12412e-08;0.000212577;7.19314e-05;0.87762;1.48524e-05
2.21036e-07;0.998549;6.63855e-08;1.67434e-09;1.46409e-10;9.70613e-10;2.05499e-08;1.16733e-06;1.19864e-09;4.14989e-10;2.08752e-09;4.31597e-05;0.00140683;4.51029e-10
5.3974e-09;5.57259e-05;1.62348e-09;2.42236e-06;3.83255e-05;5.29975e-07;1.36678e-09;1.24074e-06;1.23173e-06;1.298e-08;6.82838e-07;0.999896;1.90156e-07;3.43066e-06
1.69716e-07;0.978756;4.62322e-05;3.64876e-06;3.50888e-06;1.07998e-07;1.63363e-08;6.34121e-05;1.90695e-09;2.2182e-08;2.3385e-07;1.39943e-06;0.021125;1.44646e-07
3.83215e-05;0.0747301;8.35907e-08;5.34858e-06;0.000168309;4.75938e-05;4.99261e-06;0.0164407;1.93144e-05;6.24793e-07;1.01792e-05;0.00927413;0.0631225;0.836138
5.01687e-05;0.38474;0.000831634;5.22172e-06;0.000686044;1.77746e-05;3.44233e-07;0.598183;3.71936e-07;1.46379e-06;3.40171e-08;0.00268559;0.00780567;0.00499335
0.000152614;0.848483;5.06738e-05;0.00112052;0.00256236;0.000403174;7.41104e-06;0.00270457;5.34784e-05;2.35583e-06;8.62345e-06;0.00927142;0.0937748;0.0414051
0.00051513;0.872241;0.0537096;0.0041824;7.56054e-05;6.06643e-06;1.03456e-06;0.0364437;1.39818e-06;2.62796e-05;1.45594e-06;0.0200147;0.0109297;0.00185186
0.000292237;0.806553;2.77924e-05;0.000832842;0.000238341;0.000124722;1.1395e-05;0.164088;0.000105799;1.73544e-05;0.00073811;0.00297897;0.0235824;0.000409581
4.66229e-06;0.142084;1.94644e-07;9.77401e-07;3.97446e-07;1.7357e-06;0.847456;3.18914e-06;6.42069e-06;0.0103402;2.81263e-05;1.77451e-08;1.60613e-05;5.8676e-05
1.1673e-08;5.95159e-11;0.999999;4.92738e-09;4.01845e-10;2.88841e-10;3.70462e-08;1.77651e-11;6.42717e-08;9.61389e-10;3.44851e-08;6.91453e-07;6.59085e-11;6.87931e-11
0.000615387;0.937991;0.00281939;5.1891e-05;0.000271794;0.000116223;0.0078148;0.0253756;0.000703641;0.000810717;2.1389e-05;3.1971e-06;1.86192e-05;0.023386
1.72148e-11;1.61087e-11;1;4.84943e-12;1.98657e-11;4.2004e-12;3.04043e-11;1.83635e-14;6.24655e-12;7.175e-12;1.19797e-12;1.32443e-09;5.53454e-14;1.87699e-11
0.000226837;0.366214;3.17537e-05;2.07412e-05;0.00182073;0.00384238;1.20376e-05;0.0426664;6.1068e-05;1.36293e-05;4.33279e-05;0.0103316;0.573408;0.00130743
4.68752e-06;0.113532;4.1398e-05;2.9148e-05;5.39429e-05;1.71087e-05;6.86765e-08;0.00203613;1.73128e-06;1.05748e-06;2.64759e-06;0.881898;0.00196798;0.000414163
2.96099e-05;0.593791;1.13785e-06;8.90183e-05;0.000147829;7.1202e-06;0.00482048;0.000202383;7.94674e-06;0.00833323;4.71497e-06;1.95391e-05;2.04165e-06;0.392544
6.51912e-08;1.60232e-07;0.999998;5.20513e-08;3.15401e-10;4.90074e-10;2.6037e-08;2.44717e-08;3.25771e-07;1.34816e-09;6.67335e-08;5.94513e-07;8.03445e-07;1.04151e-11
3.81923e-05;0.149449;2.973e-06;6.77265e-07;6.35353e-06;2.24913e-07;4.05311e-07;0.814361;2.41951e-05;5.57209e-07;1.02926e-05;6.53264e-05;0.0359954;4.59651e-05
3.58666e-06;0.0625707;6.01515e-07;4.88181e-07;3.38673e-05;1.55441e-06;0.000134009;5.61755e-06;6.4487e-08;0.00188504;1.71009e-07;2.43599e-05;9.73955e-07;0.935339
9.91616e-09;1.75252e-09;1;1.05025e-08;7.57027e-08;1.38472e-10;3.63675e-08;6.76335e-09;3.16479e-08;1.1633e-08;3.47517e-08;2.55161e-08;9.00725e-12;3.8528e-10
1.04111e-05;0.84574;0.0014399;1.8616e-05;1.60562e-05;1.88629e-06;4.44062e-06;0.000422878;9.07733e-07;2.95875e-06;1.70946e-05;4.64288e-05;0.152256;2.2242e-05
8.45555e-06;0.464235;3.27123e-05;1.68893e-05;0.000282571;2.7306e-06;3.34978e-06;0.257165;2.07645e-05;2.08556e-06;4.75445e-05;0.174197;0.099654;0.00433269
4.69218e-06;0.521934;5.24301e-08;0.00105437;0.0103745;0.0109786;4.16923e-07;0.00628251;4.75747e-05;5.00029e-06;0.000788188;0.00521234;0.41281;0.0305083
0.000170802;0.116311;3.5762e-05;9.53169e-07;9.5505e-07;1.17208e-06;1.92621e-06;0.0172637;2.58782e-06;2.90145e-07;1.56082e-06;0.00838845;0.857784;3.66813e-05
3.26041e-07;0.999674;9.34685e-07;1.21939e-08;1.98776e-09;9.15471e-09;6.08695e-05;1.32175e-06;1.80637e-09;1.99159e-05;1.89219e-09;9.07297e-08;1.3963e-06;0.000241239
2.32676e-10;1.21286e-10;1;1.74027e-09;1.23619e-09;5.04242e-11;9.83173e-09;2.11977e-12;4.66312e-10;4.49983e-09;1.49816e-09;7.88499e-08;5.97611e-14;4.754e-10
8.46451e-07;0.971758;1.66504e-05;1.18142e-07;1.18138e-06;1.4079e-08;8.02002e-07;6.95454e-06;1.04067e-07;2.45735e-07;4.10625e-07;3.28046e-08;0.028215;2.86665e-08
9.58658e-09;0.997718;2.16704e-10;3.21468e-09;1.75207e-08;2.3009e-09;3.90982e-05;4.2541e-08;4.02495e-10;9.87278e-06;9.2213e-10;1.3118e-07;1.90867e-08;0.00223282
6.84015e-11;1.42407e-10;1;2.81243e-10;5.39381e-09;1.63084e-08;1.56022e-09;1.43375e-09;9.77802e-12;9.22923e-11;1.71341e-11;2.23729e-07;1.15346e-09;2.76324e-11
7.17721e-07;0.00184679;3.15373e-07;2.78121e-07;1.05694e-06;2.7142e-05;1.76809e-05;0.00088483;3.04427e-06;3.9805e-08;6.73931e-07;7.55743e-08;0.997217;4.1338e-07
1.70816e-06;0.0828818;1.0765e-06;6.63291e-07;1.81552e-08;7.9623e-06;3.46644e-08;0.000509308;9.95538e-07;3.81991e-08;6.70533e-07;1.1569e-06;0.916585;9.79117e-06
1.81859e-07;1.53541e-05;2.93711e-07;2.49202e-06;0.000192719;3.73382e-06;8.58705e-09;6.06275e-06;2.65436e-06;1.24204e-06;1.40679e-05;0.999697;5.37641e-06;5.85868e-05
3.55586e-06;0.998003;2.37324e-07;1.92998e-07;7.21259e-10;1.65778e-09;0.00179651;2.66703e-05;1.48416e-07;0.000155233;1.27616e-05;1.60649e-07;1.51728e-06;3.69967e-08
5.14459e-12;7.71384e-11;1;3.67205e-12;2.30907e-13;4.50228e-13;5.557e-10;4.89393e-12;3.38168e-13;2.39768e-11;1.01275e-11;8.70486e-10;3.21937e-12;1.19199e-14
1.75807e-05;0.552292;0.000206432;0.000259731;0.00254542;0.00113024;0.000638908;0.369932;6.30033e-05;2.78007e-05;0.000365579;0.000770828;0.0622673;0.00948345
3.25454e-06;0.0310969;2.66092e-07;1.30531e-05;0.000121695;7.49033e-05;4.98861e-07;0.0848651;1.68936e-07;3.17614e-06;6.80465e-06;0.00162382;0.882152;3.79838e-05
0.000144376;0.00608773;7.2246e-06;0.000792222;0.00285665;0.000392465;1.78488e-05;0.0391622;6.40464e-05;1.0444e-05;0.00262015;0.0105366;0.93688;0.000427781
2.34195e-05;0.991033;0.000463661;2.57925e-05;1.03844e-06;8.65394e-07;8.86012e-05;0.000495564;2.67442e-07;2.86842e-05;7.10667e-07;1.31166e-06;0.00778959;4.73939e-05
1.92319e-08;1.3433e-07;0.999992;8.66542e-07;1.59847e-09;3.55424e-08;4.48335e-07;8.4343e-09;2.15957e-08;9.76142e-08;3.80791e-07;5.65733e-06;6.2745e-07;3.47677e-09
9.03218e-10;2.82119e-09;0.99981;4.73965e-07;8.84118e-08;9.40659e-08;5.74071e-10;8.30045e-05;1.92692e-09;1.67368e-09;2.09581e-08;0.000105031;1.79758e-10;8.6601e-07
3.08873e-08;0.00298566;9.54783e-05;1.2715e-06;2.29478e-05;0.004551;6.88489e-09;2.73315e-05;8.65505e-10;1.59158e-07;4.7317e-08;2.68655e-07;1.54052e-06;0.992314
1.24969e-08;0.000133918;2.09397e-09;5.48301e-09;6.24119e-08;1.65341e-06;6.65335e-09;0.000167682;2.34898e-11;4.99292e-09;9.03838e-08;4.57323e-08;0.999697;3.65022e-08
2.98321e-09;4.114e-08;1;6.10546e-09;4.62054e-10;1.56676e-09;4.55061e-10;2.15778e-09;1.8622e-10;6.5247e-10;8.72764e-09;4.74264e-09;4.35069e-08;1.0838e-09
1.1509e-07;0.000322427;0.000873983;1.88144e-05;2.24276e-06;2.53241e-05;1.63163e-08;0.000122608;9.9105e-07;1.73859e-07;1.17428e-05;0.99835;5.9623e-05;0.000211913
2.38796e-06;0.998936;1.72029e-05;6.65502e-05;3.99318e-05;0.000101117;3.17065e-05;1.904e-05;7.906e-09;0.000369092;1.24609e-06;8.9486e-07;0.000179184;0.000236173
1.194e-10;1.55066e-10;1;3.45786e-09;3.09464e-10;6.55075e-10;2.46414e-11;6.55065e-11;3.45392e-12;6.89934e-11;1.99525e-09;3.64073e-07;2.93328e-11;7.80841e-12
7.98892e-07;0.658853;0.000282362;6.53969e-06;4.63455e-06;3.26295e-06;1.22628e-07;0.323676;5.70421e-08;6.60144e-08;3.63532e-06;2.871e-05;0.0171381;2.33834e-06
8.15678e-07;0.0938831;1.27459e-06;3.89376e-05;0.000197356;0.107193;7.1734e-05;0.00127815;4.34594e-07;0.000830759;6.13276e-06;9.97592e-09;0.794794;0.00170396
9.0415e-10;3.27519e-10;1;4.27636e-08;7.42518e-11;6.79925e-10;1.85042e-09;5.96261e-11;2.49503e-10;2.61971e-09;2.6854e-09;3.00583e-07;2.94839e-09;5.99565e-11
2.21883e-06;0.00335999;0.000629593;0.000319465;2.71997e-05;1.66218e-05;1.00411e-06;6.17761e-05;0.000123198;4.31635e-07;0.000231529;0.994395;0.000234171;0.000597628
8.17027e-06;0.929118;1.841e-07;2.07321e-06;0.000234088;0.0012011;5.02174e-07;0.0273217;1.69333e-07;1.18088e-05;1.76167e-06;1.30846e-05;0.040438;0.0016494
3.82314e-08;0.714863;1.85145e-09;2.59647e-08;3.5893e-06;8.98612e-07;1.60923e-08;2.30201e-07;8.12238e-13;3.16968e-06;2.5635e-10;1.92888e-06;3.25769e-07;0.285126
2.51917e-11;1.15663e-09;1;4.26957e-12;9.1773e-13;4.19841e-12;3.37174e-12;1.23199e-11;1.15176e-13;6.70553e-13;1.64575e-13;7.03898e-10;2.43022e-10;6.70274e-14
8.01595e-06;0.0305496;0.000205366;0.000160089;7.05324e-06;0.000258798;1.19479e-05;0.00603968;0.0022274;1.50877e-05;0.00138072;0.00032147;0.958813;2.26124e-06
