1.30776e-05;0.993835;0.0046954;0.000305118;8.83705e-06;2.42744e-06;4.0528e-06;3.67133e-05;9.42901e-07;6.51858e-06;2.17457e-06;0.000423591;0.000659993;6.53214e-06
2.12813e-05;0.82151;7.42963e-09;4.71471e-06;6.5247e-08;1.62793e-06;2.01057e-05;0.000230455;1.7393e-05;7.18379e-07;0.000117072;0.000148694;0.177928;2.83886e-08
2.62809e-06;0.00014422;0.517963;1.39985e-05;4.42059e-05;3.11163e-06;9.91021e-08;3.32737e-05;5.20664e-08;8.44269e-07;4.78954e-07;0.481786;1.8759e-07;8.52787e-06
1.40593e-06;0.99954;3.77247e-08;2.6827e-07;1.00271e-07;4.79968e-07;0.000164761;0.000211835;1.18831e-06;1.21957e-05;4.30059e-06;6.14428e-08;6.04916e-05;2.33323e-06
3.76758e-08;1.71843e-06;0.999882;1.98603e-07;3.33561e-06;8.19127e-07;9.00099e-10;3.50577e-05;2.63021e-09;3.58236e-08;5.64475e-09;7.64139e-05;5.61053e-07;9.06723e-08
5.30577e-07;0.996737;5.84367e-06;6.71735e-06;3.57324e-05;9.9294e-06;1.78305e-07;0.0029225;4.66548e-06;6.71363e-07;2.1052e-06;4.08128e-06;0.000259834;9.95939e-06
9.17638e-07;0.00499906;7.19125e-07;3.4793e-05;0.474958;0.403835;3.52558e-06;0.00608369;1.49466e-06;0.00101813;1.36186e-06;0.000144657;0.00111091;0.107807
3.60667e-05;0.99741;7.16171e-08;8.64357e-05;2.33303e-06;4.84243e-06;0.000277249;0.000274524;0.000110312;1.87194e-05;0.000387801;3.00798e-06;0.00138782;4.32856e-07
9.23506e-05;0.000487045;1.59443e-09;1.00284e-07;2.72825e-07;6.8447e-09;2.87965e-08;0.999367;2.90992e-05;3.02459e-08;3.27523e-07;5.26372e-08;2.3429e-05;3.79583e-09
9.70274e-07;0.991864;1.09414e-08;1.6364e-05;6.43304e-06;2.66679e-07;2.96328e-07;6.23268e-07;3.9952e-08;4.28451e-05;3.54819e-08;6.86526e-05;1.90595e-08;0.00799936
5.69729e-05;0.000660601;0.975364;5.57103e-06;1.40762e-07;2.26704e-07;0.0235481;1.26627e-05;1.73202e-05;0.000214817;0.000115076;7.13369e-08;4.80568e-07;3.60659e-06
6.51839e-10;4.65994e-11;1;9.35093e-10;6.03077e-11;5.83375e-11;7.78756e-10;2.5322e-10;2.16529e-09;1.80339e-11;3.76821e-09;7.30082e-09;7.19502e-10;5.88963e-14
2.95349e-06;0.00032182;0.995908;4.6264e-07;1.54194e-05;7.66528e-06;1.32752e-07;0.000404262;2.0572e-07;3.21385e-07;2.29349e-08;0.00330172;3.97148e-06;3.33223e-05
2.97057e-06;0.000839694;5.07666e-07;1.6047e-05;0.114548;0.393223;1.35548e-08;2.45853e-06;1.03187e-05;1.70208e-07;4.12321e-06;3.00797e-05;0.00106872;0.490254
0.000142189;0.000665039;0.00831495;8.12956e-06;0.00020535;0.000141901;2.57841e-08;0.0492993;5.49567e-06;2.96679e-07;1.77259e-06;0.84454;0.0966629;1.3032e-05
0.000409957;0.193979;2.60057e-06;0.000311182;0.177272;0.0127673;5.33589e-09;0.44694;0.000470353;3.29309e-07;1.48821e-06;0.164133;0.00355287;0.000159721
4.05166e-07;0.999806;4.56688e-10;1.48359e-10;5.83586e-10;4.64749e-08;5.47897e-10;2.19348e-06;6.68408e-11;2.03375e-10;4.48751e-12;8.21635e-07;0.000190631;7.7129e-08
9.32928e-06;0.10344;9.9248e-06;1.70962e-05;0.000384605;0.000175875;5.14162e-05;0.704192;6.59589e-06;0.000142208;8.16994e-07;2.98794e-05;9.32529e-05;0.191447
4.70162e-10;3.28597e-09;1;1.75869e-09;5.13645e-11;4.27597e-12;1.09712e-08;4.59763e-10;4.20544e-09;2.66466e-10;3.36243e-09;5.26237e-08;1.68943e-10;6.30108e-14
0.00013422;0.0162759;1.4043e-06;3.20054e-05;8.3471e-05;2.08224e-05;0.00012945;0.000375102;0.00810964;1.8923e-05;0.000573373;0.000763869;0.00195418;0.971528
5.91353e-06;0.94513;4.90275e-07;5.0646e-08;2.33512e-06;2.77792e-08;3.3651e-07;0.00747273;1.65925e-07;6.17163e-08;6.02709e-08;0.000834036;0.0310532;0.0155001
3.23376e-06;0.0398392;3.21838e-09;5.07221e-06;0.00841667;6.97926e-07;2.2399e-06;0.787508;1.6411e-05;2.95271e-07;4.32678e-07;0.163044;0.00111584;4.79099e-05
2.09604e-05;0.00161451;0.996894;0.00107151;1.82665e-05;4.64911e-06;1.77423e-05;9.48244e-07;2.7666e-06;1.98265e-05;8.81104e-06;0.000149684;0.000154618;2.16551e-05
8.48874e-05;0.00121152;1.6077e-07;7.45932e-08;9.45383e-07;4.25859e-07;9.86902e-06;0.998426;7.8766e-05;1.17872e-07;1.74017e-05;8.10383e-07;0.000165881;3.22728e-06
2.92123e-06;0.979423;0.00031114;8.69609e-06;6.32494e-05;0.000828265;0.000141069;0.00255431;2.54791e-06;6.4136e-05;1.59022e-05;0.000575524;0.0141048;0.00190467
1.13354e-10;8.2466e-10;1;2.63927e-11;5.11764e-12;3.90633e-12;4.71945e-10;3.81212e-11;1.1789e-10;9.31211e-12;1.12131e-10;3.07638e-08;5.54861e-11;2.06833e-13
2.50802e-07;0.000273194;0.000201662;2.22993e-07;4.03097e-06;4.85701e-07;3.40906e-08;0.0023392;2.12108e-06;8.37576e-09;1.51906e-07;0.997168;7.84529e-06;2.35318e-06
1.12629e-05;0.0257003;6.07327e-08;3.4824e-06;0.00980733;0.00541626;1.85534e-06;0.95104;0.000576952;1.20236e-06;2.18004e-05;4.69993e-05;0.00653929;0.00083321
1.5417e-05;0.454047;5.37304e-06;2.46409e-06;0.32596;0.00812191;2.89185e-05;0.169066;3.99977e-05;4.45378e-05;4.92381e-06;0.000197905;0.0423109;0.000155035
9.50945e-09;9.25001e-08;1;3.8951e-10;9.41239e-10;2.06235e-11;5.53965e-11;5.13187e-08;2.75751e-09;1.78019e-11;9.65454e-12;3.62516e-08;3.43326e-10;7.6032e-12
2.23032e-06;0.0254785;8.32332e-06;4.89691e-07;2.18051e-06;9.60814e-07;1.13045e-08;0.946535;7.50723e-06;2.09843e-08;1.73927e-08;0.0255315;0.00243308;8.3726e-08
2.87012e-07;0.0276711;9.07911e-08;1.20667e-06;0.0008305;0.000476126;4.21284e-08;0.0307721;6.49427e-07;1.10294e-06;7.44634e-07;4.26214e-05;0.940202;1.28199e-06
5.2522e-05;0.0183912;0.00197836;0.0031316;0.00872552;0.0219973;2.09257e-06;0.000185886;6.97288e-08;0.000218822;5.24711e-05;0.117101;0.827987;0.000176446
0.00033811;0.0139143;0.900382;4.96201e-07;0.000302812;7.11837e-09;3.37059e-06;0.0823422;3.73624e-07;4.75101e-07;1.57893e-07;0.00271367;1.84778e-06;5.98535e-07
3.81384e-06;0.0134674;2.4244e-10;1.69142e-08;6.25782e-07;2.53105e-08;0.983216;0.003019;0.000124501;0.00016592;9.53447e-07;1.44868e-10;1.68186e-06;3.97243e-07
5.98307e-08;1.90135e-09;0.999999;1.62531e-08;9.88318e-10;3.14981e-10;6.77751e-08;2.18928e-10;3.45354e-07;1.17976e-09;9.35484e-09;7.35815e-07;3.86997e-10;1.38163e-10
6.81505e-06;0.999358;3.4536e-07;2.01126e-05;1.31406e-06;5.43634e-08;9.89958e-07;1.19567e-05;5.69435e-06;1.14011e-07;6.85823e-07;1.75946e-05;0.000574687;1.42516e-06
3.79336e-05;0.255886;3.73147e-07;1.27154e-07;1.55914e-05;5.58865e-07;2.23794e-08;0.743605;9.40524e-08;3.29879e-07;7.14649e-09;3.96969e-06;0.000429686;1.96489e-05
2.43334e-06;0.994895;3.51819e-05;2.36225e-06;9.85903e-05;5.49834e-05;9.94622e-06;0.00290714;9.95885e-07;9.06801e-06;6.46851e-07;1.84536e-05;0.000216605;0.00174812
1.17405e-10;5.40451e-11;1;3.00524e-11;8.07807e-12;4.28049e-12;6.20523e-10;3.05877e-11;3.95124e-10;9.73802e-12;4.75024e-11;3.05961e-09;1.32138e-11;1.79477e-13
1.08427e-06;3.24479e-05;0.991931;1.31147e-06;9.06734e-06;2.65329e-07;3.16638e-07;1.93957e-06;1.45044e-05;1.46192e-07;3.01964e-07;0.00799155;1.61464e-08;1.60288e-05
0.000216042;0.0980858;6.30804e-06;3.49019e-06;0.128945;0.166436;2.04709e-07;0.00255507;1.15247e-05;1.45509e-06;1.13173e-07;0.00083866;0.00222433;0.600676
3.4258e-05;0.153134;0.00862709;4.20849e-06;0.164154;0.000692175;1.87968e-08;0.0402376;3.89102e-07;5.89321e-07;1.18876e-08;0.516867;0.115519;0.000728911
1.98699e-05;0.00216468;7.93221e-08;4.16929e-05;3.03688e-05;2.59648e-05;2.29873e-07;0.982099;0.00954141;9.01933e-08;1.5415e-05;4.27164e-07;0.00606088;1.77266e-07
2.82294e-06;0.999279;1.06202e-06;3.11511e-06;8.60008e-07;9.90755e-09;1.2779e-10;0.000167873;2.92407e-08;4.49311e-09;2.54675e-09;0.000517414;2.74926e-05;5.88235e-07
6.72726e-05;0.154798;1.2086e-08;1.68854e-06;1.51686e-06;3.58098e-08;5.1277e-08;0.828489;2.95424e-06;4.55605e-07;3.57623e-06;5.91509e-05;0.0165736;3.22789e-06
9.57719e-07;0.0160452;2.11959e-06;1.82247e-07;9.20474e-07;2.36998e-07;4.09301e-05;6.19277e-08;6.37987e-09;0.000620489;4.24963e-08;3.26075e-07;4.75247e-09;0.983289
1.11483e-07;1.15252e-09;0.999988;8.56785e-08;3.98151e-09;1.10934e-10;1.14453e-06;5.15076e-11;9.0533e-06;5.63636e-08;1.73912e-06;4.29041e-08;1.35354e-11;6.11306e-10
0.000119811;0.943233;6.29836e-06;7.88907e-06;9.44427e-07;5.48588e-08;1.29287e-05;3.63583e-05;0.00014071;1.01189e-06;0.000174312;2.84424e-08;0.0562659;2.47161e-07
1.17894e-05;0.0172476;2.52767e-05;5.53102e-07;6.86646e-07;2.19421e-08;2.62045e-07;8.0235e-05;4.2535e-06;6.93209e-08;1.91912e-05;0.981969;0.000633164;8.19983e-06
1.17972e-06;0.00788193;3.37543e-06;1.25864e-05;0.00972666;0.000210056;2.38983e-09;0.937611;4.79969e-07;2.91891e-07;8.07378e-07;0.000540104;0.0322982;0.0117137
3.12632e-07;6.8429e-05;4.6303e-09;9.01337e-08;6.61768e-09;9.16175e-06;1.09298e-09;1.0402e-07;1.88381e-07;1.39709e-08;3.18382e-08;9.95449e-07;0.99992;3.92617e-07
1.42691e-07;3.70538e-05;0.999924;8.20808e-07;2.39239e-08;3.89481e-08;3.08627e-09;1.00782e-07;4.77871e-09;1.00478e-06;2.86409e-09;3.65334e-05;1.55239e-08;1.20698e-07
2.60562e-06;0.98946;9.79833e-06;0.000158733;1.21538e-05;2.33017e-05;1.52676e-05;0.00353362;0.00020504;5.79097e-06;0.000810384;1.29549e-05;0.00562214;0.000127768
