6.86695e-07;0.999079;2.26927e-10;5.55166e-08;7.76679e-08;4.4012e-08;1.70665e-07;0.000302724;2.3603e-07;5.39707e-08;4.91796e-07;5.06314e-06;0.000609798;1.99811e-06
1.20171e-05;0.969223;5.77568e-05;5.26013e-06;4.28501e-07;6.44073e-07;2.36013e-06;0.000109942;8.4157e-07;1.17461e-06;1.54945e-05;0.0101784;0.0203364;5.6105e-05
8.0196e-05;0.514425;3.17663e-05;0.000110741;0.00331195;0.000141063;5.28497e-05;0.294251;1.11381e-05;0.000194481;0.000106134;0.0059605;0.00152579;0.179797
0.000435372;0.0347828;5.58454e-06;1.31885e-05;0.000231251;0.0136425;0.000193835;0.00173152;0.00313997;3.01768e-05;0.00333855;0.486997;0.455076;0.00038276
0.00019683;0.924569;0.0672691;8.63204e-06;4.15244e-05;1.85301e-06;0.000174942;6.49046e-06;4.93445e-07;0.00083787;6.77151e-07;0.00637897;4.85348e-06;0.00050844
3.52226e-07;2.52784e-06;0.999994;2.80768e-09;1.23042e-09;2.99691e-10;1.63433e-07;5.66954e-08;4.13417e-08;1.4541e-08;1.17583e-08;2.4226e-06;1.22757e-08;3.84637e-10
6.36139e-05;0.029704;8.36824e-06;1.5585e-05;5.47006e-05;0.000129381;9.72314e-07;0.0481069;7.23075e-05;2.1255e-06;0.000130891;0.202564;0.71904;0.000108108
2.08647e-06;0.335558;3.94147e-07;4.15409e-06;8.52683e-06;1.09903e-05;0.000230524;0.0332319;6.33238e-06;4.77942e-05;4.59922e-06;6.82076e-07;0.001402;0.629492
7.97611e-11;2.12248e-10;1;3.61039e-10;8.71909e-13;1.89088e-12;4.3386e-09;9.37241e-13;1.43168e-10;4.62827e-11;4.27736e-09;1.16024e-07;3.43366e-10;7.23809e-13
4.89547e-06;0.353045;0.00561999;1.36994e-05;3.30331e-05;1.99663e-05;4.99238e-05;0.637787;6.44131e-06;1.05449e-05;1.90556e-06;0.00159109;0.000449172;0.00136776
6.48534e-06;0.705965;2.75393e-08;0.000105016;0.00116185;0.0122981;2.72947e-05;0.00797738;0.000203476;2.84677e-05;0.00106299;0.000275575;0.270692;0.000195716
0.000202525;0.793718;0.0442822;0.000369278;0.0032024;0.000292903;5.99219e-05;3.05253e-05;9.22963e-08;0.00694733;2.97225e-06;0.0304507;0.000502143;0.119939
2.84087e-08;2.24137e-07;0.999999;6.39853e-10;5.95019e-11;1.61852e-11;1.6009e-08;9.23977e-09;3.04428e-09;4.73681e-10;3.38335e-09;7.49833e-07;4.93704e-10;1.79392e-12
3.0357e-05;0.0303653;2.08759e-07;0.000839512;0.000111868;5.54372e-05;0.000128608;0.154507;0.0354911;1.32962e-06;0.00824521;0.665;0.105222;1.65601e-06
4.30562e-06;0.758585;7.72879e-07;9.24315e-05;2.02731e-06;2.02347e-05;2.90813e-07;6.01834e-05;1.36169e-06;4.31175e-06;1.00427e-06;0.00237988;0.238748;0.00010025
4.76386e-05;0.0196115;6.55612e-05;0.00192954;0.0679756;0.000767127;1.91652e-06;0.763809;3.90067e-06;0.00024827;3.53554e-06;0.111229;0.0119442;0.0223628
1.16423e-06;0.000436798;1.20241e-08;9.7739e-08;7.76615e-09;1.89035e-06;3.01555e-06;1.44855e-05;1.01927e-05;1.08168e-07;3.9989e-06;4.11094e-07;0.999528;1.45501e-09
3.28727e-05;0.0158698;0.957767;0.000171485;3.49694e-05;3.85866e-06;0.00223292;4.44786e-07;2.43838e-07;0.0151478;2.45088e-06;0.00644773;3.20025e-06;0.0022852
3.81738e-09;8.13259e-10;1;1.73817e-10;4.84079e-12;8.77942e-14;4.57685e-09;1.15177e-11;1.17285e-08;3.53339e-11;1.72423e-09;3.09564e-08;6.33809e-12;5.18861e-14
6.84094e-05;0.981471;2.19712e-09;8.64462e-06;5.35326e-07;7.85143e-08;0.00395882;0.00207479;0.0111109;0.000389506;0.000163234;9.76944e-08;7.22749e-06;0.000746997
1.70112e-08;1.31385e-10;0.999998;2.09722e-07;8.57221e-10;4.50555e-11;2.39349e-08;2.65552e-10;3.74381e-07;4.34255e-09;4.68757e-07;8.6496e-07;6.34043e-12;6.0057e-11
6.38444e-05;0.076546;1.75031e-05;9.19187e-07;9.78221e-06;6.63694e-08;1.02812e-07;0.920777;4.78904e-06;4.22509e-08;1.63454e-06;5.36331e-06;0.0025652;7.44115e-06
4.40912e-05;0.0127588;8.76961e-07;3.75511e-05;0.00102914;9.69012e-07;5.33186e-06;0.97479;0.000523193;5.09433e-05;5.21012e-05;0.000109331;0.0105614;3.57558e-05
1.6682e-06;6.68758e-06;0.998849;7.76206e-06;5.1505e-05;3.56561e-06;1.57813e-07;1.54351e-08;1.05655e-07;6.18997e-05;4.31646e-07;0.00100049;3.95338e-08;1.63394e-05
0.000148501;0.925618;3.33839e-05;2.74699e-05;2.93684e-05;4.38124e-06;0.000246015;0.0389003;0.0317133;1.82978e-06;0.00119055;1.29671e-05;0.00169563;0.000377846
