9.65742e-06;0.14374;3.03809e-06;4.88249e-06;2.82448e-05;0.000270271;1.24297e-07;0.85098;1.06852e-06;2.29189e-07;4.98194e-07;0.00148241;0.00326979;0.00020993
1.76613e-05;0.0743981;5.3908e-08;3.15368e-05;0.000387214;0.000588738;6.34941e-06;0.0700887;2.28364e-06;2.26398e-06;4.34282e-05;9.15769e-05;0.853384;0.000958632
7.87421e-05;6.98045e-05;5.9814e-05;0.000992125;0.762976;0.219797;6.37876e-08;0.00599712;6.24561e-07;1.46264e-05;1.21002e-06;9.23177e-05;0.00201258;0.00790862
2.1795e-05;0.992539;2.9555e-07;4.30239e-06;0.000101073;2.14378e-05;7.46136e-08;9.10556e-05;9.98223e-07;4.83521e-08;1.34815e-06;0.00021291;0.00214805;0.00485821
0.000209298;0.00953819;6.95557e-05;6.05054e-05;0.223759;0.00158762;9.85951e-06;0.13964;0.00508874;4.593e-05;0.000525802;0.0154779;0.000461646;0.603525
0.000355083;7.12871e-06;7.27907e-08;5.89546e-07;1.34394e-06;4.41924e-08;1.40702e-06;0.14555;0.854054;3.42807e-08;1.97745e-05;2.35542e-07;1.03056e-05;1.50606e-08
0.00666207;0.457394;8.39771e-05;2.20224e-05;4.19457e-05;1.15703e-05;1.15032e-05;0.04991;0.00765713;8.63896e-06;1.49201e-05;0.0283682;0.446986;0.00282838
8.26435e-06;0.0824391;8.00136e-06;2.18483e-06;1.76259e-06;2.81126e-07;8.50385e-07;0.00011203;0.000130066;7.77983e-07;3.50115e-05;0.917071;3.32838e-05;0.000157833
4.3204e-06;0.991024;7.52661e-09;3.03609e-06;4.12868e-05;2.13808e-06;1.53274e-06;0.000394903;2.77823e-06;8.48559e-07;4.2705e-06;0.000279354;0.00784904;0.000392416
0.000195323;0.257061;1.11453e-05;1.09951e-05;3.7387e-05;5.41808e-06;8.28947e-06;0.022218;1.40971e-05;1.8979e-06;2.93199e-06;0.114251;0.606179;3.14343e-06
0.000236299;0.0304287;4.5779e-06;0.133481;0.0233162;0.282191;0.000186023;0.0681017;0.00561159;0.00363504;0.00770687;0.00342409;0.432233;0.00944319
0.00025923;0.0493987;0.946012;0.000479691;3.76184e-06;1.8473e-06;1.13009e-05;1.82429e-05;1.33798e-06;2.10175e-05;3.22817e-06;0.00137141;0.00225002;0.000168336
0.000174569;0.726892;5.77766e-08;0.000246162;1.37208e-06;1.49019e-05;0.0528357;0.00113069;0.0276872;0.000285605;0.103342;2.22457e-05;0.0873078;5.96074e-05
5.37011e-05;0.288523;0.00616843;0.00602678;0.000580424;1.52554e-05;7.05078e-06;0.000128723;0.000176604;1.33e-05;0.000410637;0.695183;1.18586e-05;0.00270182
4.47453e-06;0.99924;1.15767e-11;1.50217e-06;2.40646e-07;3.52124e-09;5.79138e-07;4.72748e-05;0.000101517;1.4544e-07;0.000166831;0.000142818;0.000290973;3.27278e-06
3.64268e-06;0.996143;4.20909e-09;3.03606e-07;1.62876e-08;3.10771e-08;6.6811e-07;2.03973e-05;2.2886e-07;8.11279e-08;5.42756e-07;3.30269e-06;0.00381622;1.1066e-05
1.0479e-06;0.000946206;1.841e-05;2.77366e-07;1.96297e-08;1.89482e-10;1.72878e-08;0.000105868;4.82491e-07;1.61453e-09;6.3505e-06;0.998921;3.66824e-07;2.51793e-07
3.88949e-07;0.980574;6.58182e-08;2.43763e-05;0.00332418;2.40497e-06;1.89036e-09;0.00465338;1.22752e-07;1.25114e-07;4.08091e-07;0.000105072;8.62807e-05;0.0112287
1.65406e-08;3.58466e-06;1.25111e-09;4.95367e-09;4.70921e-10;6.99781e-07;3.04846e-10;1.10398e-08;1.52821e-08;2.8582e-09;1.33291e-08;2.7601e-08;0.999996;1.21757e-09
2.68105e-08;1.10027e-06;0.999998;6.37777e-08;1.09393e-08;3.76551e-09;1.67754e-10;1.72066e-08;3.33513e-10;2.33261e-07;6.68057e-10;6.06679e-07;2.17547e-09;4.53767e-09
2.90093e-06;0.994052;4.28019e-06;5.96951e-05;1.67734e-05;5.11807e-06;2.66393e-06;0.00425798;9.89541e-05;3.3488e-06;0.000213188;1.59319e-05;0.00120136;6.60208e-05
