1.71673e-07;3.02349e-06;1.8921e-10;4.92938e-11;5.86747e-10;3.34157e-10;9.20109e-11;0.999992;4.01075e-08;1.70639e-11;4.62665e-10;8.27387e-11;4.22358e-06;1.78332e-09
3.45123e-08;1.60536e-05;2.67312e-07;1.17997e-07;2.41156e-07;1.97656e-07;1.12276e-08;8.60996e-07;5.05344e-07;1.11652e-08;6.01406e-08;0.999977;2.70206e-07;3.99801e-06
4.87502e-08;0.999498;6.98466e-11;3.90845e-11;3.94439e-11;5.58258e-11;6.12693e-08;7.29936e-07;7.96656e-10;3.54465e-11;3.6078e-10;1.07774e-08;0.000500753;1.03236e-10
5.04425e-11;7.46169e-06;1.62614e-09;1.12432e-09;1.07475e-07;3.04149e-08;6.53429e-13;2.92088e-07;1.55338e-09;2.34726e-12;4.557e-10;0.999992;6.53575e-08;4.38584e-07
1.14391e-07;0.0189532;2.29792e-09;7.00111e-07;5.47562e-06;4.37402e-06;5.28953e-08;0.000426419;2.06129e-06;1.65531e-09;2.46825e-06;4.93335e-06;0.980594;5.71044e-06
4.53422e-06;0.00742738;3.52127e-06;2.9967e-06;1.90991e-06;3.27566e-06;4.17415e-09;0.000411391;6.78255e-06;3.41759e-08;1.07652e-06;0.989679;0.00244023;1.77735e-05
1.04019e-06;0.0294527;6.03724e-08;3.50731e-06;0.000889179;0.00138028;5.30218e-07;0.966804;1.99304e-06;2.09457e-05;1.26228e-06;7.38113e-08;0.00114236;0.000302235
9.09925e-10;7.34275e-10;1;7.57856e-09;2.43848e-11;1.78968e-11;6.21058e-10;3.10795e-11;5.3412e-10;1.11467e-09;9.32883e-09;4.33532e-08;1.31436e-12;7.82091e-11
6.02494e-05;0.00709226;0.066227;0.000190421;7.79131e-05;5.52359e-05;4.79796e-05;0.0149559;0.00030028;2.61712e-05;0.000708584;0.910209;2.52826e-05;2.37185e-05
0.000417805;0.0159514;7.23358e-05;4.50506e-05;0.000249696;0.00327679;0.000723843;0.404364;0.00444416;5.82059e-05;0.0378074;1.57646e-05;0.532544;3.00782e-05
3.51849e-06;0.000287469;2.27162e-07;1.41733e-06;0.000102611;0.000221231;1.33377e-07;4.33223e-05;7.33879e-06;6.74447e-08;8.74126e-05;0.949872;0.0493385;3.49842e-05
1.85956e-05;0.72289;0.00134781;9.12258e-06;0.00133356;4.68958e-06;7.49937e-08;0.000552609;1.21559e-07;1.26391e-06;2.51331e-09;6.55179e-05;0.000177264;0.2736
4.36974e-06;0.130262;3.05399e-08;1.94654e-08;8.13452e-07;1.60991e-07;9.28352e-06;0.860891;5.65586e-06;1.63813e-07;3.08156e-08;1.77354e-10;0.0088262;3.2546e-08
3.39917e-10;1.84288e-09;1;1.87414e-09;1.17554e-11;1.19432e-10;3.33759e-10;7.68348e-11;2.32859e-10;1.95143e-10;9.86158e-11;3.22981e-08;8.66257e-08;1.91609e-12
6.35897e-09;3.2407e-06;0.999933;2.42448e-08;1.1216e-07;1.41733e-07;1.97174e-09;1.72022e-05;1.33697e-09;1.42e-08;1.32249e-10;3.01504e-05;2.57831e-08;1.62637e-05
1.20304e-06;0.000415743;4.45668e-05;1.90048e-06;0.0115321;0.981237;2.11017e-07;3.28771e-05;8.22839e-06;2.3569e-06;1.34734e-06;1.84296e-05;0.00057478;0.00612946
2.65179e-07;0.000191795;1.9102e-06;2.98783e-08;0.000773453;1.70239e-05;3.79485e-10;0.00606022;3.28306e-08;8.96909e-09;9.37359e-08;0.992873;7.83431e-05;3.74873e-06
2.31888e-07;0.999693;7.62224e-07;3.45889e-08;5.93034e-07;1.1315e-06;6.72012e-05;5.6345e-08;4.78442e-11;0.000109385;8.32251e-11;2.92077e-08;1.58261e-07;0.00012789
1.91184e-08;6.77223e-10;1;1.48074e-09;3.49058e-09;5.93832e-08;1.6841e-09;9.4231e-09;1.68879e-09;1.4051e-10;1.18348e-10;1.81879e-08;3.63164e-07;1.00482e-10
1.09792e-08;0.999469;1.33152e-05;5.17677e-08;1.85396e-08;7.98961e-08;3.74305e-10;1.05079e-05;4.58144e-11;3.24194e-08;4.15077e-11;6.45107e-07;0.000506858;1.81003e-08
2.47753e-07;0.00145206;1.28111e-08;1.2666e-05;6.48258e-07;2.33965e-06;1.2181e-08;0.00260597;1.46327e-07;1.25422e-07;2.74071e-06;3.27324e-05;0.995887;3.62408e-06
6.68497e-05;0.00161146;4.12865e-06;0.000199825;3.35408e-05;1.22879e-05;3.96015e-06;8.89605e-05;0.000261858;1.16286e-05;0.00171239;0.993732;0.00225221;8.67639e-06
4.07549e-06;0.0216357;8.45146e-08;5.64078e-07;6.14391e-05;2.05952e-05;4.53606e-05;0.977466;2.57521e-05;1.36278e-05;3.29102e-05;9.42795e-08;0.000690741;2.70598e-06
9.50082e-10;4.68953e-10;1;2.69708e-09;1.57246e-10;1.63611e-11;5.42196e-10;2.01606e-10;1.7674e-10;1.31078e-09;3.55241e-09;1.66809e-07;9.00399e-13;2.32408e-10
3.20591e-05;0.0470305;0.0141628;4.99282e-05;7.04706e-05;1.25482e-05;1.63726e-05;0.00497851;0.000120247;1.14813e-05;5.02511e-05;0.933435;1.57671e-05;1.40507e-05
0.00015176;0.0191229;1.06385e-06;1.59089e-06;4.23354e-05;0.000240955;4.80283e-05;0.21471;0.000383319;4.6462e-06;0.00134126;1.60193e-05;0.763934;1.74916e-06
3.57286e-06;0.000898137;2.24463e-07;6.24365e-07;0.000214864;7.32706e-05;5.80723e-08;8.51295e-05;3.68035e-06;3.37399e-08;7.48159e-06;0.956944;0.0417071;6.17545e-05
1.89737e-05;0.913828;0.000241979;2.29189e-06;0.000637278;2.17095e-06;2.51393e-08;0.00323211;9.45574e-08;8.34167e-07;6.67556e-10;6.68402e-05;0.000116428;0.0818527
2.06607e-07;0.000854591;3.79712e-10;8.49557e-10;5.65801e-08;8.71499e-09;7.45866e-08;0.998769;1.39682e-06;2.15061e-09;2.93716e-09;5.99079e-12;0.000375004;5.29694e-10
8.25325e-09;6.01017e-08;0.999999;1.48715e-08;3.95931e-10;5.6054e-11;8.06612e-10;1.26075e-08;1.80197e-09;8.78372e-10;6.11039e-10;5.05e-07;7.12688e-08;1.73759e-11
9.21923e-08;4.98535e-05;0.0738721;6.25034e-07;7.05565e-07;3.55249e-07;3.29045e-09;7.18456e-05;4.50779e-08;2.57224e-08;9.6926e-09;0.925923;1.54126e-07;8.10395e-05
1.44574e-05;0.484396;3.06155e-07;4.3625e-06;0.000498891;0.00251086;8.61938e-06;0.0354118;2.29345e-06;1.6517e-05;9.4498e-07;2.2898e-06;0.476319;0.000813561
3.27907e-07;0.00645599;4.30812e-07;1.43908e-07;2.58493e-06;4.76705e-06;1.09959e-09;2.60079e-06;9.65662e-09;3.82542e-08;1.88328e-08;0.993284;0.000247754;1.14976e-06
5.88011e-05;0.884202;0.114999;3.4067e-06;1.32614e-05;1.95754e-07;7.47866e-06;0.000664288;2.77797e-07;3.55342e-05;4.18171e-10;6.0816e-06;4.14519e-07;8.9898e-06
2.78741e-06;1.23296e-06;0.997252;5.20301e-07;1.67991e-07;1.6308e-07;3.42559e-08;0.00262563;5.33104e-06;8.65075e-09;1.03868e-07;3.53013e-06;0.000108106;2.94323e-10
3.89881e-08;0.999762;3.68115e-06;6.15286e-07;7.6941e-08;7.75277e-08;1.27142e-08;3.93104e-05;1.7865e-10;5.12458e-07;9.06055e-11;4.97269e-09;0.000193694;4.13231e-08
7.65678e-09;1.07035e-07;0.999997;3.80176e-08;2.26699e-11;8.85552e-11;3.9739e-08;3.46752e-10;1.40542e-09;8.64202e-09;6.61415e-09;2.47384e-06;2.86516e-08;3.05613e-11
4.41694e-09;7.63088e-07;0.99946;5.00147e-08;7.81078e-08;1.87567e-08;4.87967e-10;7.71325e-06;4.80351e-09;3.56404e-09;1.43384e-09;0.000530835;9.25184e-09;1.05214e-06
3.48982e-08;0.000175792;8.6356e-06;1.66213e-06;0.0024591;0.0895702;7.12316e-09;1.2395e-05;6.6475e-07;2.55934e-07;2.63666e-07;4.982e-07;3.47693e-05;0.907736
1.08326e-05;0.52314;2.84714e-07;3.92345e-05;0.0548974;0.00461291;6.28799e-08;0.0436015;3.39086e-07;2.09657e-06;1.13399e-05;0.315879;0.0176594;0.0401461
3.01562e-06;0.00723177;4.31389e-08;3.14753e-07;5.60324e-05;1.07411e-06;1.69919e-08;0.992613;5.06928e-07;3.58274e-08;1.08452e-07;4.63221e-07;9.39693e-05;2.28653e-08
3.96264e-07;0.996487;2.53856e-09;2.01344e-09;5.50143e-10;4.07867e-10;1.34109e-08;2.06366e-05;2.75409e-10;2.30528e-10;4.96192e-10;0.000205723;0.00328651;3.06183e-12
6.40747e-06;0.115603;1.91225e-06;1.42572e-05;2.60756e-05;9.81385e-05;4.00942e-06;0.0678877;4.13128e-07;1.05686e-06;8.79972e-06;0.164843;0.650989;0.000516384
5.88489e-05;0.325568;1.73725e-05;0.00224452;0.00334533;0.00253323;8.26886e-05;0.0665414;0.000159939;0.000118124;0.00266284;0.00475157;0.590612;0.0013038
0.00196002;0.117443;5.47709e-07;0.00572705;0.000314018;5.09279e-05;0.000235252;0.0137263;0.0870232;3.34502e-05;0.723411;0.0459346;0.00406662;7.33976e-05
1.54822e-05;0.000760238;5.21359e-07;8.18803e-09;2.45132e-07;2.97592e-09;4.86398e-09;0.999215;7.59905e-08;1.35318e-08;8.30715e-09;5.65178e-07;7.48163e-06;1.78681e-08
9.42909e-07;0.00165232;0.000229542;1.26064e-06;0.000191772;3.07071e-05;2.07944e-08;0.00021186;2.5687e-07;4.14108e-07;2.87463e-07;0.994512;1.16423e-05;0.00315713
2.91527e-06;0.0562936;3.98271e-10;1.0831e-06;3.18936e-06;3.50728e-07;1.31925e-06;0.00041406;2.86742e-05;4.72823e-08;4.46559e-05;4.74342e-07;0.943201;8.94112e-06
5.80046e-05;0.0346769;7.85169e-07;2.76899e-05;5.83394e-05;5.10324e-07;4.81027e-08;6.61346e-05;3.81539e-05;6.02454e-07;5.39086e-07;0.964974;9.64384e-05;2.18208e-06
1.90027e-05;0.999737;1.7212e-05;1.33032e-05;1.0243e-06;2.18848e-07;1.99211e-07;3.29401e-05;2.0373e-07;1.50035e-06;2.14462e-08;6.54639e-06;0.000149812;2.10062e-05
4.19351e-06;0.0901688;4.6985e-12;6.32953e-05;6.00416e-06;0.000471534;4.04419e-07;0.00312736;1.24024e-05;1.26174e-06;5.81545e-06;2.51756e-05;0.9061;1.3189e-05
2.23801e-06;4.44108e-05;0.992628;2.41463e-05;1.7099e-06;1.68829e-07;7.0281e-08;5.92412e-06;1.404e-08;6.16223e-07;5.1425e-07;0.00728514;5.21269e-06;2.38962e-06
0.00177749;0.778709;1.98828e-06;0.000831901;0.00111952;8.76289e-05;0.00173241;0.0888577;0.0293936;8.0292e-05;0.0402477;0.000142833;0.056601;0.000417028
3.29577e-05;0.998703;0.000716505;2.81746e-06;3.29571e-06;9.24299e-08;1.08679e-06;5.4577e-05;7.05395e-08;4.47118e-06;3.08268e-08;0.000348283;0.00011555;1.67771e-05
1.13542e-08;2.61339e-09;1;1.41395e-08;3.22423e-08;2.83129e-09;8.7534e-09;2.29562e-11;1.00495e-08;3.1416e-09;8.08414e-10;5.13893e-08;5.3692e-11;9.06828e-09
4.72832e-06;0.83344;2.89167e-08;5.92142e-08;2.25866e-06;2.24956e-08;8.95419e-07;0.165499;2.11507e-06;3.22126e-08;2.63408e-06;4.1828e-05;0.00100652;4.7801e-07
6.85491e-07;0.000705392;9.86676e-06;4.42752e-06;4.81015e-05;1.73172e-05;1.27274e-05;4.38534e-06;1.81308e-05;8.05543e-07;0.000126636;0.997744;0.00119025;0.000117123
1.56178e-05;0.0121665;1.00936e-08;1.45124e-05;4.98034e-05;9.76634e-06;6.66313e-05;0.00658018;0.000754684;5.01086e-07;0.000661171;0.0047224;0.973915;0.00104363
0.000150727;0.0236159;8.54224e-06;9.55657e-06;3.1383e-05;1.72384e-06;1.40906e-06;0.00612824;5.25676e-05;1.57671e-06;9.64533e-06;0.967568;0.00236996;5.05175e-05
3.00004e-06;0.980918;3.70488e-08;1.72988e-05;8.60014e-05;1.17701e-05;6.52482e-07;0.0188297;3.70082e-07;2.82038e-05;2.24933e-07;4.21724e-08;3.87289e-05;6.57323e-05
7.37646e-10;1.11768e-09;1;1.97548e-09;7.63264e-11;8.95454e-12;6.74318e-10;3.39983e-13;1.56373e-10;5.6638e-10;9.16982e-10;2.84983e-09;2.96718e-12;3.96566e-10
4.80679e-05;0.623413;0.000133608;2.12599e-05;0.000423443;1.14578e-05;5.75624e-06;0.0460419;6.37327e-05;2.41423e-06;0.000363233;0.299035;0.0291251;0.00131185
1.6741e-05;0.535505;2.43808e-07;0.000117761;1.42999e-05;2.63285e-05;3.62789e-05;0.0132376;8.08801e-05;7.71368e-06;0.000863476;0.386738;0.0632399;0.00011561
0.000207981;0.101417;1.38341e-08;0.00022827;4.98442e-05;8.27422e-06;5.77243e-05;0.87226;0.000237269;1.42757e-06;0.00230915;0.0223766;0.000807516;3.80363e-05
6.11728e-05;0.0859021;0.000145236;8.93552e-06;8.51873e-06;8.87922e-06;7.33896e-07;0.00550281;6.19003e-06;9.00613e-07;1.20536e-05;0.790843;0.117339;0.000160959
5.48922e-06;0.000658629;3.22961e-08;3.18014e-07;2.64408e-06;1.88686e-06;5.15874e-07;3.87092e-05;6.69192e-06;5.61613e-08;1.82133e-06;0.0025999;0.996678;5.05056e-06
2.6101e-05;0.00151999;3.62013e-07;5.27178e-06;1.32977e-05;1.60102e-06;1.3387e-07;0.000236802;0.000183191;2.49694e-07;5.49895e-05;0.997056;0.000832839;6.96931e-05
7.66251e-07;2.75801e-05;2.22187e-08;5.37049e-08;0.000800956;2.24714e-08;1.07592e-09;0.998877;2.03427e-07;6.4377e-09;5.95088e-08;0.000292222;8.76523e-08;5.8124e-07
2.52046e-06;0.000365453;0.999172;3.48656e-06;7.79206e-05;1.4062e-05;1.80601e-05;2.56567e-06;4.36275e-08;0.000179735;2.17939e-07;2.81768e-08;2.22522e-05;0.0001416
4.18248e-09;4.22567e-11;1;5.39177e-11;3.10086e-12;7.99494e-13;1.67555e-09;5.43494e-10;3.80725e-08;5.86171e-12;1.69653e-08;4.7765e-09;4.57532e-11;1.61152e-12
2.91783e-07;0.000416096;0.00615685;1.35891e-07;3.60069e-07;3.9507e-08;7.81546e-09;8.25092e-06;3.63353e-06;5.28648e-09;1.12988e-06;0.99338;8.08489e-06;2.49877e-05
1.72352e-05;0.0616199;7.69804e-07;1.73632e-07;0.00600204;4.77638e-05;2.28468e-07;0.930963;7.0202e-06;2.44508e-06;6.1356e-07;5.42506e-06;0.000280184;0.00105353
4.67677e-05;0.0022294;0.964518;6.62497e-06;0.0171733;0.000639064;4.36129e-09;0.0022804;1.44688e-08;1.66141e-06;1.28731e-07;0.00591624;0.00687939;0.00030863
9.13147e-08;0.999942;1.46228e-08;7.81224e-11;8.45322e-10;1.29771e-10;3.48729e-06;5.28738e-05;2.3599e-09;2.06212e-08;4.17399e-10;3.45223e-09;1.22718e-06;2.21881e-08
6.80611e-12;1.45843e-09;1;2.60554e-12;7.0294e-12;1.0986e-13;1.97357e-12;2.04042e-11;1.67388e-13;1.09966e-12;6.06953e-14;1.61048e-08;1.53139e-10;7.4847e-14
9.73559e-06;0.0173082;3.5018e-07;0.000408257;0.000141102;0.00204638;3.09396e-05;0.593706;0.00575622;1.09591e-05;0.000474707;0.00136861;0.378666;7.22521e-05
3.04243e-07;0.999589;4.69555e-05;1.75127e-05;3.23277e-07;1.35083e-07;8.69124e-08;1.88933e-05;1.39449e-09;1.24422e-06;9.0746e-09;2.79693e-07;0.000320619;4.66939e-06
6.7752e-06;0.808568;2.21681e-09;2.69334e-06;3.40984e-06;4.58194e-06;1.78046e-07;0.180356;2.42638e-07;2.42732e-07;3.10403e-07;0.00445445;0.00660044;2.26838e-06
5.02709e-05;0.0570543;5.42087e-08;5.56048e-06;8.76633e-05;8.35421e-05;0.000237857;0.89847;4.90057e-06;7.85076e-05;1.37751e-05;4.79626e-05;0.0436225;0.000243519
5.99945e-05;0.00174313;2.0216e-05;0.000371336;0.0118813;0.000595033;1.12379e-06;0.00359687;2.23814e-05;1.78833e-05;2.13597e-05;0.558129;0.00245877;0.421082
0.000190518;0.0620776;2.9629e-08;0.000306895;0.00681337;4.60124e-07;7.62016e-07;0.904098;0.00631582;5.97836e-07;0.000888632;0.0192691;3.60206e-05;1.9698e-06
0.000154933;0.931385;0.03428;0.000470539;0.00587019;9.30617e-05;1.53289e-07;6.73228e-05;5.26064e-08;3.41847e-05;1.26286e-06;0.00191315;0.007051;0.0186792
0.0033479;0.0744873;0.00166848;1.62398e-05;0.00024363;7.61013e-06;8.02726e-06;0.0139722;0.000556781;8.63286e-07;0.000171457;0.867013;0.0383655;0.000140612
2.89217e-05;0.00193295;2.4967e-07;2.94973e-06;0.00263711;1.35682e-05;2.15087e-08;0.994967;9.92636e-06;1.2725e-07;5.19371e-07;0.000319358;3.94744e-05;4.74911e-05
9.7412e-05;0.964473;0.00432753;4.65342e-06;2.66302e-05;6.95824e-05;1.67583e-07;0.000679562;3.33743e-09;5.86164e-06;4.38669e-09;6.91792e-06;0.0289501;0.00135837
5.05684e-08;1.07877e-09;0.999992;1.00974e-08;2.56599e-10;5.44106e-10;4.24175e-08;3.67729e-10;3.46966e-08;3.14844e-09;3.95191e-08;8.1972e-06;3.54274e-09;7.45905e-10
4.98054e-08;3.0912e-06;0.999209;3.31628e-06;7.45276e-06;1.1108e-06;2.081e-08;0.000625755;1.51864e-06;7.99816e-09;5.32496e-07;0.00014612;2.47386e-07;2.14401e-06
3.22212e-08;0.00056219;8.26426e-05;2.57599e-07;4.10231e-05;0.00633684;6.08943e-10;9.1838e-06;8.63242e-09;3.93887e-07;5.40448e-09;3.93119e-06;3.77347e-07;0.992963
6.06493e-08;0.000178362;9.41581e-11;7.26689e-08;3.11296e-07;1.4581e-05;9.16736e-10;0.00304876;2.03952e-08;9.47941e-10;5.17781e-06;6.75437e-06;0.996746;8.30889e-08
7.54369e-08;0.996537;2.79823e-10;1.22426e-08;2.42757e-10;1.13586e-09;1.44096e-08;3.91277e-07;1.37553e-08;2.16507e-10;4.73242e-08;1.05112e-06;0.00346122;4.51068e-10
2.36669e-05;0.151662;0.00179199;8.02199e-05;0.000232736;0.000704508;6.32908e-07;6.94158e-05;9.7245e-07;2.85493e-05;1.75029e-06;0.842481;0.0019966;0.000925891
2.35812e-06;0.184555;3.52652e-07;1.33174e-06;2.22038e-08;2.61921e-07;0.79993;3.66892e-07;4.187e-07;0.0120724;1.53344e-05;3.49442e-08;5.43443e-07;0.00342154
1.33939e-12;6.81279e-14;1;1.09083e-11;1.41152e-13;4.23281e-13;3.78012e-11;1.35864e-14;2.67399e-11;4.12186e-13;2.34017e-10;7.52398e-10;1.53823e-14;4.62491e-15
3.28333e-07;0.998043;1.90153e-10;2.82614e-08;2.2694e-08;2.61795e-10;0.00187257;5.16686e-05;7.19337e-09;2.15715e-05;1.54519e-07;1.28472e-11;2.78333e-06;7.44862e-06
3.66687e-12;1.40362e-12;1;1.98539e-11;1.62052e-12;2.21644e-12;1.55688e-11;7.5881e-13;1.43462e-12;1.16446e-11;8.29999e-12;8.16083e-09;2.27871e-12;5.536e-14
8.47018e-06;0.553543;2.68318e-05;0.00024174;5.48066e-05;7.92911e-05;0.000263408;0.0161682;0.000286639;4.70788e-06;0.00122486;0.000260496;0.427692;0.000144977
0.000465154;0.589809;0.000285321;0.00176257;0.000378454;0.000212392;4.37052e-05;0.317061;0.000547097;0.000466585;0.00189096;0.0308912;0.0549383;0.0012486
1.85283e-05;0.107583;1.4224e-07;9.45143e-06;0.000125826;3.19953e-07;5.07747e-06;0.0022767;2.14978e-06;4.56716e-05;8.75626e-06;0.889596;0.000303319;2.55451e-05
0.000633854;0.0756085;2.94874e-06;0.000112443;7.55744e-06;1.58725e-06;0.00408242;0.00109594;0.0181374;0.000394656;0.0207411;0.0020819;0.8771;2.30555e-08
0.000549365;0.824385;0.148186;0.000918907;0.00158113;1.74239e-06;1.7753e-05;0.000125376;0.000113081;0.000194471;3.16714e-05;0.0212779;0.000142087;0.00247521
0.000826639;0.749;3.06097e-08;5.47674e-05;8.99983e-05;0.000132353;0.143941;0.062927;0.000711196;0.0118878;0.000220395;3.71859e-08;0.0300676;0.00014088
1.4631e-10;1.56212e-10;1;2.18151e-10;6.03058e-12;1.36057e-11;1.29742e-10;1.24702e-11;2.07625e-11;3.3617e-11;3.49507e-10;1.8472e-07;3.1845e-11;1.09537e-12
1.02284e-05;0.15331;7.98402e-05;4.22976e-06;0.000242882;1.393e-06;4.86111e-06;0.677514;9.14444e-06;1.62803e-06;6.80507e-06;0.168469;6.69739e-05;0.000278932
4.83711e-06;0.495163;2.46533e-05;5.85223e-06;0.00616288;0.00537401;8.34942e-07;0.000983305;7.75798e-09;5.43428e-05;1.59905e-06;0.0544277;0.436923;0.000873188
0.00016451;0.0171793;3.24253e-05;1.83399e-05;0.00129062;7.33828e-05;2.51939e-06;0.0514439;1.18933e-05;9.57784e-07;0.000300044;0.909277;0.0200057;0.000198968
2.00838e-05;0.684989;2.01711e-07;9.43423e-06;0.000221517;0.00170376;1.15406e-07;0.300625;5.60396e-07;9.90506e-07;1.19718e-07;1.07207e-05;0.010336;0.00208311
3.72782e-05;0.967199;1.75452e-08;1.14245e-05;4.91577e-06;7.33158e-06;7.17418e-07;0.0148154;1.59752e-06;6.4646e-07;9.11013e-06;0.000177518;0.0174463;0.000288808
9.58241e-05;0.0204535;0.000191114;4.45593e-06;8.84924e-05;5.05638e-06;2.72631e-07;0.939985;2.21992e-08;8.0423e-06;2.28171e-07;0.0377221;0.00142647;1.92942e-05
2.26813e-06;0.220672;4.26277e-05;5.72031e-06;4.37122e-05;0.000149735;2.98341e-06;0.000824549;2.54447e-07;2.12297e-06;2.06513e-06;0.750143;0.018864;0.00924533
3.15009e-05;0.286321;6.87531e-05;5.13279e-05;0.000306353;1.2627e-05;2.17466e-05;0.00165163;3.09986e-06;3.21926e-06;0.000887193;0.00698963;0.703643;9.26135e-06
8.66672e-06;0.946248;5.61087e-09;1.92079e-06;1.70801e-05;3.86119e-05;2.16957e-07;0.0165419;3.93743e-07;1.25549e-06;7.49847e-07;0.0328695;0.00424323;2.83762e-05
0.000208975;0.367154;1.38263e-07;0.00029729;0.000976105;0.00151681;6.15204e-05;0.102769;0.00041383;2.51314e-05;0.00514039;0.000325993;0.520741;0.000370137
0.00726087;0.808266;0.00269979;0.000787843;0.0024907;6.91835e-05;0.00153049;0.108315;0.000323722;0.000661484;0.00316198;0.0392626;0.0251577;1.26661e-05
4.83563e-05;0.187971;1.26099e-06;0.00013906;0.000544202;3.03355e-05;9.24686e-07;0.00217442;4.77063e-05;3.8163e-07;0.000114132;0.75524;0.00362918;0.0500587
2.18491e-07;0.995882;7.39402e-10;2.08675e-08;1.31407e-05;2.07391e-08;1.93022e-06;0.00403265;3.46351e-07;1.74258e-07;1.67707e-07;1.44195e-07;6.89793e-05;3.21751e-07
1.60052e-05;0.0028344;0.0382436;0.000171183;0.521815;0.000383673;2.05398e-08;9.88689e-05;8.46382e-09;2.23112e-05;4.9822e-07;0.434496;0.00145719;0.000461449
1.66109e-07;0.999295;3.33213e-11;2.97134e-09;1.21891e-07;1.49686e-10;8.06543e-07;2.39519e-05;3.46894e-07;2.26897e-08;2.6154e-08;3.91948e-07;6.12788e-08;0.000678611
0.000283846;0.0018168;0.000767423;8.95427e-05;0.00013148;6.93267e-07;0.363207;0.12902;0.459514;4.33261e-05;0.043713;4.78903e-06;0.00140777;4.56147e-07
6.0193e-07;0.999174;1.66303e-08;1.8945e-07;1.94438e-07;8.08118e-11;4.33173e-09;0.00079131;4.81621e-08;2.56577e-08;2.94646e-09;6.58685e-08;3.35392e-05;2.67898e-08
6.47447e-05;0.481547;0.000128363;0.000149498;9.26147e-06;7.77506e-06;1.7301e-07;2.83582e-05;1.07303e-06;1.67322e-05;2.02097e-06;0.00549891;0.512544;1.97653e-06
9.33198e-07;0.000271379;4.51164e-07;5.45035e-08;8.57922e-07;1.72748e-09;1.28349e-09;0.0049175;2.16797e-06;2.38751e-09;1.4856e-06;0.994803;2.39318e-06;1.41084e-08
1.84701e-06;0.960167;0.000104632;2.5398e-05;6.59087e-05;1.08269e-05;0.0017558;1.00343e-05;6.2168e-08;0.0119565;5.92213e-07;9.48894e-08;1.48029e-08;0.0259017
1.7571e-07;8.15603e-08;0.999993;4.15195e-09;3.91345e-11;1.19315e-10;3.80873e-07;7.49979e-09;1.72298e-07;1.68038e-10;2.54137e-07;4.27117e-06;1.53438e-06;9.83906e-12
6.51854e-05;0.167579;4.01168e-06;1.1699e-07;8.15203e-07;1.85366e-07;1.59249e-06;0.798767;9.58516e-06;2.87413e-07;9.62274e-07;3.41383e-07;0.0335709;2.56743e-07
2.03319e-08;0.000545322;6.32327e-06;4.75054e-08;1.2602e-06;2.50808e-08;2.31291e-10;2.94278e-06;2.50782e-09;8.95196e-10;6.19164e-08;0.999391;5.24385e-05;1.53188e-07
4.39484e-07;0.529428;1.12311e-07;4.35745e-08;1.73744e-05;2.4584e-08;1.01338e-07;0.469702;1.88586e-07;7.50669e-08;9.72882e-08;4.56267e-06;0.000846162;3.83912e-07
6.05202e-06;0.000264421;0.968279;0.000498739;0.00282015;0.00118587;1.45499e-07;5.87593e-05;5.47697e-06;2.03882e-05;5.35522e-06;0.0264177;0.000246605;0.000191725
0.00592688;0.110893;4.34354e-05;1.59875e-07;4.0299e-06;1.23486e-06;4.65128e-05;0.868198;0.00858514;4.25499e-07;1.71553e-05;5.65737e-05;0.00622714;2.78008e-08
7.39453e-07;0.00155517;1.56919e-07;3.97909e-07;6.87614e-06;1.12535e-06;6.57662e-10;0.000131226;2.28566e-05;5.12491e-09;2.02902e-07;0.997872;0.00037475;3.40804e-05
1.68927e-06;0.78985;5.91536e-10;7.41223e-09;1.27718e-05;2.13208e-08;3.9204e-07;0.209231;2.78991e-05;5.59328e-08;5.67061e-08;1.36179e-07;0.000875924;2.66629e-08
2.40918e-05;0.00292878;0.0153524;3.56026e-05;0.320987;0.000651656;4.85093e-09;0.000179729;1.77963e-08;2.06734e-05;4.0988e-08;0.656287;0.00245527;0.0010781
3.27848e-07;0.999324;4.20693e-11;3.73342e-10;6.99266e-08;1.79539e-10;2.63077e-07;0.000573102;5.63801e-07;8.30705e-09;1.95951e-09;4.06986e-07;1.7607e-07;0.000100872
0.000241256;0.00244937;3.4826e-05;1.51794e-05;9.96043e-06;2.0198e-07;0.0445007;0.143333;0.805776;1.52732e-05;0.0034424;1.94679e-05;0.000162714;1.07549e-07
4.46754e-07;0.99996;5.98258e-08;2.92225e-07;2.99379e-08;2.37255e-10;5.16643e-09;7.71798e-06;3.40846e-07;6.55977e-09;2.89455e-09;1.26077e-07;3.06054e-05;1.2463e-08
2.59826e-07;7.80828e-05;4.44451e-13;2.99581e-11;2.2311e-10;5.05894e-12;2.75158e-09;0.999921;2.40938e-07;1.56125e-10;8.31323e-11;3.56122e-09;7.01284e-07;1.8397e-12
5.82676e-06;0.0600618;2.28791e-05;1.36072e-05;0.000219202;0.000640628;1.89463e-06;0.000863941;7.65962e-07;1.0685e-05;1.57745e-07;0.000117861;0.00223407;0.935807
7.2351e-10;1.66739e-09;1;1.04553e-09;1.6834e-10;2.59967e-11;9.05069e-09;6.89428e-11;2.97958e-10;2.2481e-10;1.10995e-10;9.40041e-09;1.99768e-09;1.79585e-11
8.63585e-08;0.000222413;0.999312;1.9892e-06;1.86363e-05;2.42476e-07;2.50729e-08;0.000203562;5.30806e-08;5.47216e-09;8.79143e-09;0.000212516;1.9186e-06;2.66819e-05
5.90352e-10;1.24973e-05;5.70118e-06;2.04081e-08;2.38215e-05;8.51187e-05;1.05434e-11;1.6327e-06;4.49402e-11;2.83744e-08;5.46785e-12;8.00285e-06;1.79904e-08;0.999863
1.75274e-07;0.999884;2.5594e-06;5.2857e-07;2.47936e-07;3.80267e-07;9.11355e-08;1.57857e-05;1.94488e-09;6.40251e-09;3.94314e-08;2.10293e-05;7.19122e-05;2.80542e-06
3.41927e-06;0.997589;4.93448e-05;7.62118e-05;1.08603e-05;9.68759e-05;3.30857e-08;0.00111471;1.67488e-07;6.10793e-07;2.07198e-07;6.61405e-05;0.000322137;0.000670336
9.44182e-05;0.866966;0.000183344;0.000316745;0.000256749;0.000353752;5.92395e-08;0.00317159;9.25296e-07;3.46034e-05;7.83311e-06;0.00737292;0.00995159;0.111289
0.000232514;0.054711;1.09412e-05;0.000123062;0.00274055;6.70627e-05;1.17894e-05;0.937012;7.03281e-07;0.00226116;1.67592e-06;3.6036e-06;0.00243936;0.000384743
0.000151605;1.13586e-05;0.995658;0.000607183;3.31264e-05;8.40336e-06;6.55688e-06;0.000360488;2.88791e-06;0.000376395;4.09236e-05;0.00273647;6.54716e-06;9.57588e-08
0.000502481;0.000333073;2.39885e-06;0.00140658;3.67868e-06;3.30661e-07;1.57526e-05;0.000654648;0.134057;1.62716e-06;0.86224;0.000446269;0.000335689;5.60071e-08
1.6362e-05;0.999723;2.43465e-07;5.80094e-07;1.37014e-09;2.31758e-11;5.55017e-08;1.64906e-05;1.2642e-07;1.58524e-07;1.52396e-06;0.000217582;2.32281e-05;1.158e-07
6.42347e-07;0.000114465;1.55648e-08;3.53734e-06;1.23938e-05;4.32274e-09;1.1541e-08;0.999852;6.80042e-07;1.31176e-06;1.26415e-06;9.17018e-07;1.25772e-05;5.27748e-07
1.87463e-07;4.51261e-05;0.999641;6.55169e-05;1.21178e-07;1.04704e-06;3.73743e-08;2.04654e-08;2.98539e-07;3.59737e-05;3.77997e-05;0.000172536;6.69258e-07;1.48057e-07
0.000507668;0.00164623;1.50419e-05;5.22648e-05;1.73067e-05;8.99457e-06;0.000144574;0.00415505;0.0139976;3.36866e-05;0.971537;0.00499729;0.00288674;5.5342e-07
