5.91929e-06;0.997356;2.03243e-06;5.25998e-07;1.41702e-06;3.65503e-07;1.55294e-06;0.0007315;5.25945e-07;5.85821e-07;1.0126e-06;0.000497745;0.00132512;7.53344e-05
6.27002e-05;0.914435;6.09451e-06;1.04247e-06;2.13253e-05;8.50709e-07;9.12081e-06;0.0777263;4.61762e-06;4.74163e-06;9.57179e-06;0.00246574;0.00508926;0.000163129
1.15734e-06;0.999344;6.35698e-07;1.71702e-08;1.43748e-08;7.28009e-08;0.000521328;3.3721e-05;1.79392e-07;2.8994e-05;7.35995e-07;3.1527e-06;6.39988e-05;1.81968e-06
1.96124e-11;3.23958e-10;1;1.95027e-10;1.84807e-11;3.59621e-11;5.44457e-10;1.18132e-13;2.05146e-11;4.14653e-11;7.04436e-11;9.97442e-09;4.23376e-12;4.91873e-12
1.38869e-06;0.999758;2.48191e-07;1.93827e-07;2.02006e-07;3.3711e-08;0.000178375;3.38657e-05;4.21311e-07;1.40924e-06;2.80136e-07;1.92927e-05;9.655e-07;5.66491e-06
1.34473e-09;4.70063e-07;0.999997;6.16831e-10;3.18104e-10;7.23739e-08;5.46494e-09;3.44378e-08;5.3435e-11;2.77088e-09;3.83772e-11;9.27124e-09;2.4162e-06;1.45611e-08
1.96213e-10;8.02148e-10;0.999997;1.63504e-09;7.03153e-10;7.07397e-09;1.95774e-10;1.93296e-09;1.34957e-10;3.41161e-10;2.02733e-10;2.78959e-06;1.78155e-08;1.60022e-10
1.86992e-10;4.60397e-09;0.999891;1.09384e-08;3.51015e-08;3.90846e-09;1.90426e-11;9.64516e-05;3.79047e-11;2.97355e-11;1.37386e-10;1.28622e-05;6.84966e-10;1.88449e-08
4.53634e-09;3.31139e-05;6.17124e-06;8.39607e-08;1.40736e-05;0.00113766;4.04965e-11;2.59187e-06;1.73876e-10;2.56104e-08;2.78855e-10;3.7427e-07;1.02142e-07;0.998806
8.43056e-06;0.0165911;3.06728e-08;3.63519e-07;5.03165e-06;4.64471e-06;6.83918e-07;0.368046;5.43065e-08;2.86236e-07;1.53304e-06;4.27463e-06;0.615334;3.71096e-06
1.05441e-08;5.61768e-07;0.999998;3.67696e-08;1.0667e-09;1.74835e-10;2.00233e-09;7.35607e-07;9.20399e-10;7.04926e-10;4.65663e-09;1.13559e-08;1.04714e-06;3.22466e-10
3.29232e-08;0.000169228;0.021529;5.37626e-06;7.29753e-06;1.11667e-06;2.81142e-09;0.00360711;1.10214e-08;2.27166e-08;1.14074e-07;0.974587;3.07333e-06;9.07025e-05
7.65002e-06;0.228237;0.000208564;0.000115017;0.000349032;0.00148248;2.01018e-05;0.0108379;9.89603e-07;4.1854e-05;2.39982e-05;1.07781e-05;0.75734;0.00132433
4.75198e-07;0.028049;1.82262e-06;3.73527e-06;0.000352294;0.000189716;1.68722e-09;0.0123484;5.44826e-09;1.2389e-07;5.24682e-07;0.95894;2.33485e-05;9.04197e-05
5.17857e-07;0.834053;3.59451e-09;3.31848e-06;6.25185e-05;0.000806125;3.77681e-06;0.0765242;9.63071e-09;3.48559e-06;1.74594e-07;4.56803e-11;0.0884916;5.16326e-05
8.22415e-10;5.25516e-10;1;2.79377e-09;3.53644e-11;6.38884e-11;4.93912e-11;2.43704e-10;9.59598e-12;5.11878e-11;1.83806e-11;2.03794e-08;3.75502e-08;9.74328e-13
9.75368e-07;0.000354097;0.0060481;1.51255e-05;1.45663e-05;5.7679e-07;4.59164e-08;0.00791032;2.44864e-07;1.05356e-07;2.22324e-07;0.985634;1.39947e-05;7.83788e-06
2.6019e-05;0.727994;9.14854e-07;0.00022773;0.000152007;0.000991657;6.7524e-05;0.0346218;0.000112487;5.83047e-06;0.00110643;0.000131593;0.234524;3.88006e-05
0.00010428;0.00190826;0.000421449;0.00589255;0.205102;0.650087;3.94994e-05;0.000392485;2.89504e-06;0.000188391;0.0010292;0.00703136;0.0427173;0.0850837
5.19993e-06;0.999186;9.14706e-09;7.52821e-08;8.71685e-08;4.88834e-07;8.7731e-06;0.000463274;5.30145e-10;5.59764e-06;5.62862e-10;4.46644e-08;0.000310482;2.01524e-05
1.03103e-09;1.53513e-08;0.999999;1.39297e-09;7.34083e-11;4.73875e-11;1.21626e-10;3.54977e-10;5.68156e-11;1.34426e-10;8.02019e-11;5.47668e-07;4.96425e-09;3.36869e-11
9.9302e-08;4.8944e-07;7.37356e-09;8.79905e-09;1.83157e-08;1.00438e-09;6.00721e-08;0.999985;2.67163e-06;1.0769e-09;5.39869e-07;5.03548e-07;1.07561e-05;7.0657e-11
8.336e-07;0.960688;1.97688e-05;1.24808e-05;2.22286e-05;0.000402567;4.53679e-09;0.00200662;3.96561e-08;5.77063e-06;1.23959e-07;0.000462606;0.000873916;0.0355051
0.00050853;0.823898;1.42174e-06;0.000618702;0.000101681;9.27591e-05;0.000148709;0.00147527;0.00181985;9.60229e-05;0.0940348;0.00565108;0.0680245;0.00352848
2.67855e-05;0.000125899;1.64083e-09;2.23005e-08;1.53184e-07;9.49269e-09;5.13202e-08;0.999731;0.000109645;4.66203e-09;4.68577e-06;4.4085e-08;1.51118e-06;1.59513e-07
4.8105e-08;0.0459106;1.12066e-08;2.75941e-07;1.05066e-07;7.01294e-07;4.07351e-07;8.74415e-08;1.07677e-10;0.000113465;3.17413e-10;1.35095e-07;1.30512e-09;0.953974
7.46623e-07;6.88736e-09;0.999883;1.2623e-06;3.50615e-08;1.38226e-07;1.61845e-05;6.29688e-07;1.79421e-06;2.3227e-07;5.86828e-05;3.67626e-05;6.58211e-09;3.37516e-08
2.10475e-06;0.00525189;4.04365e-09;1.2279e-05;9.98913e-06;1.2782e-05;4.7352e-07;0.0105743;2.53076e-06;6.58751e-08;0.00107305;1.46098e-06;0.983059;7.22067e-08
1.26312e-06;0.995037;0.00172946;9.48405e-06;1.05018e-06;1.57043e-07;2.35104e-07;0.00268344;1.00994e-08;5.51094e-07;2.23698e-07;1.52141e-05;0.000447638;7.42949e-05
5.12022e-06;0.828677;1.57603e-06;0.000346327;2.02529e-05;3.88833e-05;8.86274e-05;0.104238;0.00041881;2.17888e-05;0.0200217;0.000105085;0.045992;2.50274e-05
2.04646e-07;0.000357197;9.2725e-07;0.000188058;0.136333;0.825275;7.24686e-05;0.00202405;8.05264e-07;0.00774922;4.40323e-05;6.91522e-08;4.4241e-05;0.0279098
4.26328e-10;1.6248e-11;1;3.7577e-10;4.86218e-12;3.54148e-12;1.76412e-09;5.02076e-12;1.18405e-10;1.61296e-10;4.51858e-09;2.03924e-10;4.28956e-11;6.03063e-14
0.000428458;0.0351256;0.0254357;0.00141696;0.00849391;0.000241704;0.000778148;0.0908129;0.012107;0.000130739;0.0140477;0.810566;0.000315585;9.91718e-05
5.19693e-05;0.96585;5.375e-07;2.19023e-06;4.90673e-05;2.69424e-05;2.01795e-06;0.0125666;2.32597e-05;1.98068e-06;0.000168549;9.77232e-06;0.0212436;3.05414e-06
1.43448e-08;0.000223203;3.61077e-07;2.90564e-08;1.2077e-05;1.69369e-07;2.245e-12;9.81917e-06;6.67136e-10;4.32732e-10;2.42807e-09;0.999743;9.45995e-07;9.88606e-06
1.79785e-07;0.00328608;2.5555e-10;5.22506e-08;1.4995e-05;7.51061e-05;3.32023e-08;0.994028;1.20684e-07;1.34031e-07;6.58666e-10;3.16585e-12;0.00259493;5.24361e-07
1.761e-08;3.43808e-08;0.999977;5.13946e-08;3.06715e-11;7.37581e-10;7.57855e-11;8.26557e-09;1.14549e-09;3.84486e-10;2.00144e-10;2.23463e-05;1.15048e-08;4.70221e-13
4.65218e-05;0.000514715;3.79956e-06;0.00636246;0.00016267;0.000852405;3.74585e-07;0.00262322;0.0104854;1.09279e-05;0.00119463;0.976401;0.000611943;0.000729918
0.00023434;0.986138;1.25935e-05;3.08343e-05;2.57888e-05;3.12143e-05;6.88349e-07;0.00274219;2.61802e-07;4.63867e-06;1.03678e-05;7.14051e-05;0.00967522;0.0010221
1.57177e-08;3.38717e-08;9.08748e-09;1.19415e-07;0.000330443;2.93171e-07;2.75254e-12;0.999666;9.69198e-09;1.10751e-08;5.33303e-09;2.88203e-06;3.08022e-07;1.24081e-07
4.61034e-11;1.92269e-09;1;6.27283e-09;1.29771e-09;7.84852e-10;4.2e-13;1.26272e-12;7.95057e-13;1.8854e-10;1.75381e-12;4.50493e-11;6.15896e-13;4.11622e-11
0.00308527;0.0162498;0.000195659;3.26989e-05;4.74918e-05;0.000107;5.1518e-05;0.898921;0.0489434;8.42714e-06;0.00342677;0.000299111;0.0286278;3.68219e-06
