2.45853e-06;0.999944;2.36938e-06;8.54534e-06;8.29112e-07;1.08338e-08;1.74968e-07;1.06474e-05;2.04152e-07;2.64413e-07;1.52989e-07;3.80219e-06;2.66233e-05;8.08905e-08
3.66857e-06;0.997016;9.22931e-08;1.01047e-06;3.54083e-07;1.69703e-06;1.55177e-05;0.000153857;2.72871e-08;5.19984e-05;4.8496e-08;3.34864e-08;0.002722;3.36491e-05
5.72843e-12;3.00298e-13;1;7.04794e-11;1.76379e-09;4.54232e-11;6.75162e-13;9.87346e-13;1.0403e-13;1.18444e-11;9.05961e-13;1.32321e-08;1.51057e-13;6.86207e-10
2.15563e-08;0.00496236;1.97331e-11;1.89656e-08;1.06337e-08;9.71513e-07;2.6366e-07;1.35709e-06;2.78144e-07;6.50106e-10;6.20673e-07;4.64426e-08;0.995034;1.11147e-08
1.57777e-08;1.79973e-05;0.999976;5.03986e-08;3.31519e-10;3.15363e-10;2.73121e-07;7.40074e-11;5.38358e-10;2.27502e-07;2.19935e-09;5.92587e-06;3.31252e-10;2.59575e-08
1.55249e-07;1.08153e-06;0.999967;4.94675e-07;5.00463e-07;2.21308e-08;8.04488e-07;2.61012e-07;2.04635e-06;1.55947e-08;4.83079e-06;2.25282e-05;3.19672e-09;4.66744e-08
2.08518e-05;0.463964;1.16367e-06;4.24356e-06;1.03867e-05;1.30212e-05;1.68079e-06;0.388696;4.47546e-05;3.32278e-06;0.00012367;0.000985625;0.146124;8.01002e-06
0.000597032;0.117499;0.000165473;0.000118425;0.00545044;0.000926385;2.68401e-06;0.044246;3.05473e-05;3.58867e-05;0.00498112;0.219402;0.527176;0.0793693
0.000211195;0.97332;6.76041e-06;2.89602e-06;1.64406e-05;4.16268e-06;0.00147937;0.0158401;9.49215e-06;0.000883019;6.59025e-06;2.29528e-06;0.000131387;0.00808637
2.75121e-10;2.25138e-10;1;2.06787e-10;9.58012e-12;6.35698e-12;2.08389e-09;9.67299e-12;1.8333e-09;4.50053e-11;2.7876e-09;2.16484e-09;8.0602e-13;1.48658e-11
3.07587e-05;0.978529;1.29571e-08;1.97493e-06;2.22982e-05;3.58454e-06;4.16234e-06;0.000953873;0.000614704;3.132e-07;0.00031202;1.47816e-05;0.0155645;0.00394776
2.74008e-07;0.240311;7.56445e-06;4.21948e-09;6.16139e-07;6.15916e-09;5.78903e-08;1.2403e-05;4.68387e-10;5.17394e-09;2.59117e-08;0.758362;0.00130468;1.66067e-06
1.35503e-05;0.335339;8.07475e-08;5.39135e-07;0.00570483;0.00319604;1.75701e-06;0.237916;1.40671e-06;2.79398e-07;1.91577e-06;0.0276337;0.380335;0.00985606
2.23392e-07;0.982035;5.66484e-08;6.18426e-08;3.13536e-07;2.13744e-07;1.15358e-06;0.000531924;1.34045e-08;1.25729e-07;1.17025e-09;2.11046e-07;4.40264e-07;0.0174303
6.94499e-11;4.02495e-11;1;8.24417e-10;2.88011e-09;2.14318e-10;8.56169e-11;7.3219e-10;4.90803e-11;2.85823e-11;4.66134e-11;1.93668e-08;1.22319e-11;1.88054e-10
4.23828e-06;0.00770775;2.13218e-06;8.2296e-07;0.000227431;0.000154594;4.21093e-05;0.987662;0.000228376;4.11287e-06;3.00965e-05;7.58247e-05;0.00371177;0.000148567
6.53439e-06;0.000606941;2.18149e-07;1.94154e-05;0.000137892;6.49399e-05;1.10201e-05;0.983897;4.56346e-05;1.37358e-06;0.000358068;0.000353978;0.0143554;0.00014181
0.000838809;0.247817;3.7187e-05;5.54356e-06;6.55729e-05;4.43723e-06;1.04475e-05;0.694698;1.35062e-05;1.07163e-05;3.11376e-05;0.0290135;0.0269692;0.000485139
4.9256e-07;0.00390797;1.32501e-06;2.43427e-06;9.50624e-06;1.68707e-07;1.20722e-07;0.000320218;1.53089e-06;6.00803e-08;4.12063e-06;0.995676;2.64736e-05;4.96013e-05
4.81765e-08;1.17532e-05;0.999494;2.7277e-08;1.78684e-05;1.45228e-09;2.1574e-09;0.000471445;2.64152e-09;1.66942e-08;1.32408e-08;4.54791e-06;2.94942e-07;2.41729e-08
1.2183e-06;0.989813;0.00011197;6.66499e-07;1.03913e-05;2.42745e-07;2.35534e-05;1.33358e-07;2.54464e-07;3.72285e-05;3.62838e-07;0.000292869;1.14128e-05;0.0096969
0.000246411;8.97717e-05;8.06284e-08;9.84043e-08;3.60036e-08;7.58784e-10;0.0295966;0.00242016;0.966028;6.24604e-08;0.00161331;2.23275e-07;5.29178e-06;3.15275e-10
8.19806e-05;0.132179;7.98009e-07;3.4894e-07;8.96426e-07;2.6436e-07;3.40226e-07;0.864889;0.00253758;7.00515e-08;1.5329e-06;3.9551e-06;0.000304089;2.06856e-07
0.000379546;0.501404;3.47597e-07;9.13445e-06;7.73702e-05;0.00174186;1.869e-06;0.000452182;0.000686522;2.83082e-05;6.47547e-05;0.0580363;0.431208;0.00591041
8.40391e-05;0.243318;2.24748e-06;7.64301e-07;0.00012896;4.58885e-06;3.3064e-08;0.00186992;1.94025e-05;1.48755e-07;7.16156e-06;0.754332;0.000124387;0.000107688
6.14677e-05;0.953603;0.000146911;3.88866e-06;0.000846794;7.16425e-05;6.62149e-08;0.0089559;2.42682e-06;3.74247e-07;5.09269e-07;0.000216685;0.0170004;0.0190895
0.000106003;0.0155124;0.000197268;1.64703e-05;5.89323e-05;0.00131094;5.9741e-07;0.0105497;2.17945e-05;2.40598e-06;9.22308e-06;0.952504;0.0157813;0.00392872
1.49397e-07;0.998692;2.15492e-08;2.93417e-07;9.36416e-08;1.94891e-07;4.23393e-06;4.79323e-05;1.01031e-07;1.36861e-06;1.45695e-08;1.07042e-08;1.23712e-07;0.00125301
2.11449e-10;9.36753e-10;1;3.70157e-10;7.717e-10;1.52658e-10;7.81734e-10;6.12899e-11;7.79711e-11;2.31387e-10;2.05814e-10;1.20729e-08;6.54832e-12;1.65194e-10
1.375e-05;0.0177043;1.83265e-06;4.94327e-07;0.000427285;0.00014476;2.82097e-05;0.975359;0.000213976;1.4755e-05;5.99608e-05;0.00125472;0.00459051;0.000186969
5.13349e-07;0.989828;2.09139e-08;4.64515e-07;9.95473e-09;4.51385e-08;0.00956783;5.75973e-06;2.36632e-07;0.000579872;4.44054e-06;4.47117e-06;2.33282e-06;6.44407e-06
2.5599e-08;3.09381e-08;0.999994;7.47932e-08;3.30897e-10;8.88083e-11;1.76008e-06;7.80708e-09;1.4345e-06;1.59833e-08;2.62244e-06;2.27236e-07;5.21078e-10;6.84301e-10
2.6473e-05;0.989083;2.56456e-08;4.64142e-06;2.35413e-06;8.51585e-08;4.93686e-05;0.00952432;0.000343828;1.01659e-06;0.000393424;0.00012666;0.000333343;0.0001112
7.73401e-08;0.999947;1.65967e-09;2.84934e-09;2.98592e-09;5.12284e-10;2.64109e-05;2.97429e-06;1.035e-10;4.30726e-06;6.32284e-10;4.74228e-10;3.85975e-06;1.50552e-05
7.57667e-11;3.86206e-12;0.999995;1.22781e-10;2.99958e-09;3.76521e-10;1.19936e-10;1.99334e-11;1.71774e-11;1.52768e-10;8.38019e-11;4.60542e-06;1.39854e-13;1.58309e-10
8.37154e-07;0.975281;7.39476e-09;9.74317e-07;2.31627e-06;6.2685e-07;3.18521e-05;0.000300618;2.4793e-05;4.39111e-08;6.10936e-05;4.66824e-06;0.0242891;2.25723e-06
1.5733e-05;0.0250269;0.000233231;3.55878e-06;0.000130926;3.11192e-05;1.99487e-05;0.0913334;1.48589e-05;2.7526e-05;8.85954e-06;0.871456;0.0110607;0.000637704
4.78193e-06;0.0408097;2.05637e-05;0.00307639;0.003094;0.0111777;3.83673e-05;0.0225576;0.000618732;2.29862e-05;0.000375733;0.00119477;0.914527;0.00248125
2.00726e-05;0.992492;4.02807e-08;3.82833e-06;6.54441e-06;3.56891e-06;5.99528e-08;0.00157963;2.01098e-07;2.79596e-07;2.49315e-07;0.00537346;0.000490424;2.97579e-05
3.16711e-05;0.50307;3.36526e-06;6.68909e-05;2.12068e-05;4.4128e-05;2.13295e-06;0.0223957;1.71883e-05;1.91103e-06;4.39714e-05;0.00761067;0.466677;1.3242e-05
4.23789e-05;0.0132794;1.47707e-07;0.00121534;0.0298081;0.00679831;7.15486e-07;0.937501;0.00198308;2.36304e-05;0.000475629;0.00778522;0.000669862;0.00041734
2.49946e-06;0.00123215;5.92364e-09;1.94205e-07;2.64236e-08;7.87127e-08;7.96519e-09;0.0003336;1.0431e-07;5.45152e-09;5.24229e-08;1.08255e-07;0.998431;2.4678e-10
4.75927e-06;6.83663e-05;8.09288e-07;3.24338e-05;0.000151678;1.13158e-07;1.39879e-09;1.6543e-06;3.65392e-06;6.80612e-08;1.74557e-05;0.999643;7.44926e-07;7.5679e-05
0.000228248;7.98627e-06;2.62606e-06;3.44649e-07;7.50893e-05;5.79694e-09;6.59642e-09;0.999682;2.38292e-06;5.59157e-08;8.56965e-08;1.62432e-08;5.09177e-07;5.1555e-07
7.36934e-05;0.00075903;3.27007e-07;1.82208e-06;0.00212075;1.03304e-07;2.57193e-07;0.995735;0.00105098;4.74142e-07;1.30906e-05;2.81949e-05;0.000215842;1.7748e-07
8.85196e-07;2.73772e-06;0.999889;6.84839e-07;5.1204e-05;1.11677e-06;8.17818e-09;2.9353e-08;3.60803e-08;4.94101e-06;4.62315e-08;4.78862e-05;8.0866e-08;1.68189e-06
2.07837e-05;0.989517;7.74521e-05;4.0496e-06;1.39501e-05;7.27243e-07;3.31021e-06;0.00852137;0.00113711;2.36483e-07;6.54296e-05;0.000179018;0.000408016;5.17971e-05
