1.17435e-06;2.59454e-05;8.79939e-11;4.07765e-10;3.22165e-09;3.25503e-09;1.07117e-08;0.999955;8.40833e-07;6.6837e-10;5.1487e-09;3.6229e-09;1.70995e-05;4.63896e-09
3.23195e-07;6.65524e-05;1.3708e-07;2.16048e-05;0.00137902;0.000174499;1.20507e-09;2.75353e-06;7.92373e-06;1.43627e-07;5.24809e-06;0.895749;1.85282e-06;0.102591
1.12241e-07;0.999875;4.70251e-12;1.8225e-09;4.62566e-09;7.78466e-11;4.52757e-07;0.000101129;1.56415e-09;1.43094e-08;6.93768e-09;2.01564e-11;2.14286e-05;1.7891e-06
3.6149e-11;3.05446e-11;1;1.0111e-10;9.90397e-10;3.60904e-10;3.50151e-12;4.07023e-12;3.51423e-13;1.23852e-11;5.75116e-13;8.36367e-08;1.73185e-11;6.50414e-11
4.39484e-07;0.979926;1.33944e-06;4.23297e-06;2.0805e-05;3.70831e-06;8.39346e-06;0.00725228;2.29238e-06;3.2422e-08;3.90207e-06;0.00205196;0.0106925;3.2538e-05
0.000102038;0.0692465;4.00749e-06;0.000402424;0.000645247;0.000333014;0.000309478;0.0470829;0.00945004;4.58894e-05;0.00945938;0.851573;0.00973425;0.00161155
1.76627e-05;0.000106123;2.96798e-08;3.37211e-07;6.30457e-06;6.90212e-08;4.01001e-07;0.99965;0.000158612;3.05257e-08;1.45666e-05;1.73022e-06;4.41993e-05;2.77715e-08
8.03484e-07;0.0471272;3.16312e-07;7.04338e-06;2.00024e-06;1.33298e-05;5.35582e-05;4.16339e-08;2.482e-08;0.00106371;3.03584e-08;8.91699e-07;1.06297e-07;0.951731
3.42907e-07;1.17963e-08;0.999992;5.34064e-08;1.46263e-09;1.11838e-09;5.82297e-06;7.89681e-10;5.74108e-07;6.07769e-08;5.80031e-07;5.55656e-07;1.14425e-09;4.43518e-08
1.08761e-05;0.974473;6.41187e-09;8.24331e-06;1.801e-05;3.1468e-06;3.21967e-05;0.0176102;0.000183156;6.25583e-06;9.46112e-05;1.29458e-05;0.00751758;2.93484e-05
2.13843e-05;0.00676706;0.348253;0.00115905;0.18593;0.00171179;1.88193e-07;0.000781647;5.66684e-08;2.41565e-05;1.31267e-05;0.443443;0.00349814;0.00839788
6.90397e-06;0.979616;6.67388e-07;5.91226e-07;2.13817e-09;5.19458e-09;0.0201803;2.26601e-06;3.78166e-06;5.04441e-05;3.73148e-05;7.28884e-07;5.02084e-06;9.61079e-05
2.95551e-06;0.000214862;2.10935e-05;2.35947e-05;8.33024e-06;3.5185e-05;0.957954;9.61694e-06;0.00356257;4.05959e-05;0.0377155;1.02953e-07;0.000411078;7.24188e-08
1.65329e-06;0.999915;2.15561e-07;4.54137e-07;8.4969e-08;5.46632e-08;7.41678e-06;1.51154e-05;1.84918e-08;4.24102e-06;1.3783e-08;4.09561e-08;5.58793e-05;5.30855e-08
1.27522e-08;1.16664e-07;0.999999;3.7818e-08;4.40874e-10;4.1222e-11;1.77197e-08;6.83154e-10;5.38725e-09;9.47749e-09;1.77927e-09;5.55319e-07;1.99205e-09;2.48776e-11
6.52474e-06;0.000478606;9.13525e-05;1.19174e-06;7.84145e-06;9.34179e-07;3.5318e-08;0.993623;3.53514e-06;2.41546e-07;2.51201e-06;0.00545348;0.000325989;4.48109e-06
3.81101e-07;0.995572;3.8742e-09;4.9225e-07;1.22841e-06;6.42728e-07;0.00095106;7.04886e-07;4.40785e-06;0.000149419;1.05612e-05;9.22909e-07;1.8359e-05;0.00328971
5.99284e-05;0.00490508;1.19345e-05;7.72392e-05;1.03499e-06;2.26842e-06;0.769456;1.62746e-05;0.140013;9.14563e-05;0.0850407;3.93714e-05;0.000273562;1.24568e-05
8.90414e-06;0.999663;5.79818e-09;3.46234e-07;2.85194e-07;1.44848e-08;3.95444e-06;0.000221261;3.89236e-05;9.86149e-07;1.64106e-06;1.73702e-05;1.63444e-05;2.63725e-05
0.000137605;0.0328848;5.92273e-08;2.66871e-07;7.37346e-06;1.00929e-07;1.77052e-07;0.966845;8.06536e-05;1.12416e-06;4.97555e-07;1.14862e-05;2.21782e-05;9.11046e-06
1.18992e-07;0.999714;3.84573e-07;1.42027e-09;2.67325e-08;3.2585e-10;7.11642e-06;1.00519e-08;1.71313e-09;2.57204e-06;5.05034e-11;6.88418e-06;4.45057e-10;0.000269459
5.0253e-11;8.47773e-10;1;3.47036e-11;6.00979e-11;4.36454e-11;1.72394e-10;3.79096e-10;1.40582e-11;9.16874e-12;2.47526e-11;1.97253e-08;2.5308e-10;1.09138e-11
3.55338e-07;0.00570002;1.61653e-07;2.33394e-06;4.18099e-06;2.39991e-06;8.38857e-08;0.0104427;4.10685e-07;2.60331e-08;1.85569e-05;7.59723e-05;0.983738;1.45289e-05
3.37484e-06;0.0549062;2.4548e-05;2.79542e-05;4.5714e-06;6.80669e-06;2.22312e-08;0.000345466;2.40349e-06;5.15592e-07;4.68401e-06;0.942127;0.00233924;0.000207733
6.60423e-05;0.606733;8.0595e-05;8.82524e-05;3.00691e-05;0.000147873;1.10029e-06;0.0046422;1.65108e-05;2.62006e-06;0.00015038;0.0917054;0.294683;0.00165354
5.85584e-05;0.0433718;9.10159e-06;0.000507051;0.0133313;0.000167271;1.34117e-05;0.8842;1.47335e-05;0.000772191;0.000422152;0.0541048;0.000741954;0.00228581
3.96559e-05;0.00264242;0.991301;0.00251461;0.00049647;0.000147212;4.11189e-06;3.11913e-05;6.52232e-07;0.000268721;0.00203508;8.92326e-05;0.000418858;1.06248e-05
0.000273305;0.00251197;6.44706e-06;2.27656e-05;2.29562e-06;7.20138e-07;0.00012969;0.000484184;0.00024501;3.20976e-06;0.988742;0.00040695;0.00716987;1.58123e-06
2.70692e-05;0.994687;0.00307944;0.000171242;0.000196548;2.51832e-05;9.16386e-07;0.000721921;3.54896e-06;7.57571e-06;0.000188879;4.62302e-05;6.04912e-05;0.000784333
0.0010948;0.906435;1.69837e-08;2.33719e-05;0.00667666;5.01824e-05;0.000799714;0.0658219;0.000378111;0.000329368;0.00143926;0.000285188;0.000294253;0.0163717
7.61889e-05;0.00700444;0.0186217;0.000155863;0.0164099;0.0254536;3.24665e-07;6.56604e-05;8.95444e-08;5.59727e-05;4.57981e-05;0.904052;0.0261189;0.00193932
5.24982e-07;0.998664;1.86555e-08;1.9258e-08;2.61046e-09;7.60669e-09;0.00122233;1.25897e-05;6.29793e-08;1.25833e-06;1.34961e-07;7.80402e-09;9.73917e-07;9.79038e-05
9.17761e-11;2.26776e-11;1;5.29213e-10;5.44345e-12;1.06005e-11;7.50355e-10;2.85231e-11;8.74871e-10;2.57043e-11;4.77254e-09;4.51327e-08;1.51191e-11;1.77302e-12
2.06374e-05;0.0828508;5.27785e-08;1.76223e-05;7.27656e-08;2.52115e-06;6.03732e-06;0.000833786;0.00065356;5.34912e-07;0.000517106;9.8596e-05;0.914998;4.06984e-07
2.73939e-06;0.00749401;9.69701e-06;2.15173e-06;3.54895e-07;2.15643e-07;4.16952e-08;3.04776e-05;9.8667e-08;6.06986e-08;4.01944e-06;0.991414;0.00103053;1.15192e-05
2.70355e-05;0.216527;4.82717e-05;0.000498117;0.00285345;0.000861304;8.79123e-06;0.568472;2.80181e-06;0.000331531;6.88755e-06;0.000387223;0.16739;0.0425859
3.76354e-06;0.000161815;9.98809e-07;0.000128204;2.06144e-07;0.00237401;0.000143539;2.66154e-06;0.00032457;6.93666e-05;0.00251467;4.42634e-08;0.994274;2.19534e-06
2.30662e-07;1.46772e-05;0.999983;2.61183e-07;2.63692e-08;3.03071e-09;1.8183e-07;2.65326e-08;8.08801e-09;7.62517e-07;1.27204e-08;8.70837e-07;1.12413e-09;2.87753e-08
3.23523e-06;0.997146;2.19895e-06;2.58014e-05;8.7899e-06;1.4932e-06;9.70519e-06;0.00194819;0.000344297;1.1658e-06;0.000203581;7.87508e-06;0.000249786;4.78677e-05
