1.83184e-05;0.99452;0.00206649;2.60501e-05;2.54031e-05;3.13514e-06;1.63263e-06;5.38709e-06;2.8041e-07;1.27546e-05;3.56414e-06;0.000485551;0.00282109;1.01557e-05
2.63236e-06;0.0159035;8.3908e-06;3.84469e-07;2.12654e-07;3.83336e-08;1.55953e-07;0.000322084;5.00948e-06;1.3403e-08;6.22412e-05;0.983523;0.000168244;4.10582e-06
1.38577e-06;0.964356;6.72339e-08;1.15624e-07;3.4695e-05;2.69132e-06;7.55039e-08;0.000248146;2.55491e-08;8.6246e-09;1.30917e-07;5.6521e-06;0.0338813;0.00146963
1.00759e-06;0.000576611;3.9775e-08;2.54482e-08;4.44052e-05;4.21484e-08;1.98449e-10;0.0845971;4.95151e-08;1.12255e-09;2.11341e-08;0.913719;0.00098198;7.987e-05
2.0884e-05;0.0322585;2.51835e-07;8.12526e-05;7.55857e-05;0.00554815;4.14105e-05;0.00747798;0.000115546;6.37478e-05;0.000177323;8.78267e-05;0.953477;0.000574228
5.28827e-06;5.42987e-05;0.992058;5.36817e-06;8.78001e-07;8.65272e-07;9.73989e-07;4.33987e-06;1.25525e-07;3.86242e-06;2.19568e-06;0.00783735;2.40544e-05;2.78745e-06
1.18088e-05;0.974185;5.63027e-07;6.04219e-05;9.94021e-06;1.26459e-06;2.65613e-05;0.0122632;0.000686251;7.17603e-07;0.00115973;0.000326168;0.0111086;0.000160007
7.1708e-06;0.0371588;9.97994e-08;1.70589e-07;2.11407e-06;7.59851e-08;1.20014e-07;0.961678;8.0744e-07;2.4789e-07;5.6256e-07;5.6782e-06;0.0011393;6.4576e-06
7.20596e-07;0.989475;8.61581e-05;2.23613e-06;2.84706e-05;2.32939e-05;1.33258e-06;0.000316162;5.26107e-08;1.09362e-05;1.86025e-07;0.00185558;0.0015048;0.00669556
3.11477e-10;2.76535e-09;1;8.66982e-11;4.09278e-11;6.02716e-12;9.64364e-09;1.76402e-09;1.40111e-10;2.02821e-10;2.26747e-10;7.98361e-09;1.60305e-09;6.3099e-12
4.46359e-11;2.52229e-09;0.999979;1.0132e-10;6.7089e-10;1.79611e-09;1.91624e-10;4.80919e-10;5.15779e-11;5.31312e-11;5.35778e-12;2.09313e-05;3.62497e-10;1.95056e-08
2.14248e-08;0.000112124;1.10055e-09;2.86289e-08;1.3309e-05;0.00056555;2.04294e-06;2.84611e-07;1.55402e-07;2.08824e-06;2.321e-09;4.73093e-12;3.55683e-07;0.999304
2.91872e-10;2.82239e-11;0.999989;2.14263e-12;3.46757e-11;4.65075e-12;9.22124e-12;3.22589e-11;3.82252e-12;2.34413e-12;1.93847e-13;1.11635e-05;4.30952e-11;3.08322e-12
2.38178e-06;0.00075057;2.16991e-09;3.48806e-06;8.99247e-06;8.81375e-06;3.96252e-07;0.996568;0.00049404;4.7259e-08;5.05499e-06;7.68116e-05;0.00208076;5.66228e-08
1.74375e-06;0.999785;2.18434e-05;4.38496e-06;2.39905e-06;2.04107e-08;6.32281e-09;7.58758e-05;1.40758e-09;1.73296e-07;1.24187e-09;7.50282e-07;0.000102942;5.32358e-06
1.76354e-07;0.999912;1.02981e-09;1.38991e-08;1.96219e-10;8.73515e-11;4.08419e-05;6.69911e-06;1.23873e-09;1.34174e-05;7.76844e-10;6.29637e-08;5.52109e-09;2.70728e-05
2.39706e-09;5.95304e-10;0.999997;9.04391e-08;1.80977e-09;3.77758e-10;1.52872e-07;9.6011e-10;3.75491e-07;2.37443e-08;1.13867e-07;1.81657e-06;2.27551e-11;2.07078e-10
5.71895e-06;0.998619;1.2292e-05;3.69411e-06;6.17866e-07;2.44458e-07;9.2309e-06;7.91726e-06;8.98847e-07;4.28181e-06;3.58514e-06;5.82459e-06;0.00132586;7.79862e-07
3.27886e-07;0.0395768;2.44266e-07;2.41096e-07;1.94071e-07;3.70298e-08;3.1003e-07;0.000105779;2.03694e-06;2.2409e-08;5.77962e-06;0.960028;0.000275202;4.83769e-06
1.96089e-07;0.995066;2.23194e-09;1.29127e-07;8.66563e-06;8.8731e-07;9.02436e-08;3.25642e-05;1.3682e-08;5.67693e-09;5.06312e-08;7.3539e-07;0.00459519;0.000295255
8.46658e-07;0.000548104;5.58491e-09;3.73704e-08;2.83259e-05;4.46836e-08;4.66573e-10;0.0117211;7.04524e-08;9.50531e-10;4.81078e-08;0.987107;0.000554485;4.01253e-05
9.59803e-06;0.0865413;1.79181e-08;6.19091e-05;4.24622e-05;0.00422299;7.49657e-06;0.00276715;1.31924e-05;2.54156e-05;3.92243e-05;0.000328917;0.903664;0.00227682
2.21354e-06;6.13528e-05;0.982554;5.9905e-06;5.09126e-07;3.46833e-07;3.42745e-07;1.52063e-06;3.23296e-08;1.8625e-06;1.20173e-06;0.017362;6.77833e-06;1.90125e-06
7.01679e-06;0.985736;2.82431e-07;3.85118e-05;3.75436e-06;6.65469e-07;1.46918e-05;0.00568084;0.000192584;4.03575e-07;0.00142748;0.000233904;0.00662351;3.99064e-05
1.45126e-06;0.0291492;1.21949e-07;2.15676e-08;3.79681e-07;1.23673e-08;3.83803e-08;0.970685;6.62337e-08;8.47908e-08;4.66813e-08;5.80745e-07;0.000160648;2.21873e-06
2.88777e-06;0.837265;0.000223274;8.56668e-06;0.000233937;0.000162137;9.6678e-06;0.00131611;2.95425e-07;7.07598e-05;1.24487e-06;0.0482307;0.0104978;0.101978
2.81989e-09;1.01095e-07;0.999999;3.10503e-09;1.47538e-10;1.13683e-10;2.73582e-07;1.63118e-08;4.40748e-09;6.508e-09;7.33472e-09;2.88631e-07;2.32697e-07;5.34782e-12
1.65221e-09;3.64748e-09;0.999898;4.35737e-08;5.84753e-08;1.29602e-08;2.38507e-09;3.64757e-07;2.04438e-08;1.16843e-09;4.27792e-09;0.000101039;2.45916e-09;2.49437e-07
2.89012e-08;2.8116e-05;3.04782e-07;1.12176e-08;8.6366e-05;0.00110118;4.26295e-10;4.55132e-06;9.23937e-09;1.15008e-07;4.74278e-11;3.41017e-08;3.41581e-08;0.998779
9.61105e-06;0.000266373;2.06408e-07;2.18239e-07;0.000153702;2.4523e-05;1.12529e-08;0.99614;8.47115e-07;1.38117e-08;3.42148e-07;0.000263715;0.00313878;1.99382e-06
9.71093e-06;0.982646;0.000127275;4.17438e-06;1.22281e-05;2.05675e-07;6.81885e-08;0.0160214;2.99658e-08;1.60755e-06;6.33638e-09;5.48012e-07;0.00116869;8.5396e-06
5.21156e-06;0.221482;4.78683e-09;1.49745e-05;6.16233e-07;1.44097e-07;5.05237e-08;0.268615;3.56489e-07;3.77618e-07;6.75648e-06;2.25886e-05;0.509852;9.08313e-09
1.18963e-05;0.95564;0.00848062;0.000565536;7.11826e-07;8.98729e-08;1.01988e-06;1.6583e-05;1.01919e-07;1.3827e-06;5.4691e-06;0.0351686;8.86291e-05;1.9762e-05
5.3808e-06;0.965254;7.28326e-08;1.43089e-06;1.04765e-07;5.8093e-08;3.5538e-06;0.034186;1.06071e-06;8.38946e-07;1.72105e-05;1.38843e-05;0.000516478;2.83949e-07
6.84392e-06;0.901995;7.98485e-05;4.13924e-06;9.3728e-05;0.000148166;2.42134e-06;0.00353459;3.72467e-07;2.93282e-05;1.81663e-05;0.0884811;0.00534922;0.000256759
1.32563e-07;0.000136024;2.07736e-11;2.67028e-06;0.000117437;5.27773e-05;1.3323e-08;0.00217336;4.9626e-08;9.95639e-08;5.35193e-06;1.2285e-07;0.997288;0.000223811
3.20713e-05;0.000282373;5.62018e-07;6.42514e-06;2.90184e-07;2.7711e-08;6.8613e-08;0.000106209;8.80844e-05;7.40921e-08;0.000123709;0.9989;0.000458347;1.4553e-06
4.27343e-06;5.54283e-05;5.72544e-09;2.85068e-08;5.11742e-08;2.7705e-09;3.01768e-09;0.99959;5.0231e-06;2.84995e-09;4.62748e-07;1.10976e-08;0.000342376;1.86249e-06
1.84817e-06;0.0104897;5.71796e-07;5.41259e-05;0.000368468;9.35072e-08;5.42876e-07;0.223888;2.3259e-05;7.37068e-07;1.30734e-05;0.765152;2.7057e-06;4.59369e-06
1.38805e-05;0.127981;0.0629193;0.000150014;1.04332e-05;4.47288e-06;6.53266e-07;7.93221e-08;3.75557e-08;6.28411e-07;7.40195e-05;4.9336e-05;0.808762;3.38202e-05
4.19909e-06;0.986178;6.40346e-09;4.57261e-08;9.23444e-06;1.55017e-08;6.84982e-07;0.0133332;2.01692e-06;5.04119e-08;4.28734e-05;0.00031126;7.85565e-05;4.01496e-05
1.4892e-05;0.0063815;0.0994326;3.07511e-05;0.623532;0.000105992;2.40867e-08;0.0075619;1.19897e-08;1.29204e-06;5.70289e-06;0.258205;0.000314658;0.0044141
2.99982e-05;0.000417724;3.53753e-08;4.64436e-08;1.49696e-06;1.89815e-05;5.42113e-07;6.61282e-05;3.16506e-06;6.29846e-09;8.51468e-06;2.16294e-06;0.999449;1.83578e-06
5.2105e-06;0.0203217;0.979196;1.43031e-07;6.43284e-08;1.22973e-07;2.4166e-08;2.67409e-06;3.22739e-09;4.92256e-08;1.13569e-08;0.000374237;9.84213e-05;1.90834e-06
3.59073e-05;0.774218;2.77401e-06;3.78435e-05;0.000898898;0.000369029;1.274e-05;0.110748;5.84631e-05;1.63662e-06;0.000503993;0.00536523;0.0739516;0.0337957
5.00454e-05;0.938217;1.31596e-06;2.09985e-06;4.50498e-05;2.39832e-05;0.0516773;0.00050669;1.22455e-05;0.00466797;3.93328e-05;2.52274e-07;0.00285441;0.00190228
1.41654e-10;7.46408e-12;1;5.55674e-10;6.52115e-11;1.35032e-10;2.43313e-09;4.12855e-14;1.06601e-09;5.80759e-10;1.03166e-09;3.34454e-08;4.76365e-13;8.56827e-11
1.05626e-05;0.364247;9.45323e-05;8.36024e-07;1.15906e-07;1.17089e-07;0.633722;2.20654e-06;0.000107724;0.0014845;2.41217e-05;5.72371e-06;8.95415e-07;0.000299877
5.3414e-12;7.35886e-11;1;5.89472e-11;1.19191e-10;3.24175e-11;1.69834e-10;1.89709e-12;2.76037e-11;1.29218e-10;1.32936e-11;9.86088e-10;7.7125e-13;4.67641e-11
1.46154e-07;0.985234;2.52767e-06;2.75907e-07;9.57314e-07;2.11744e-06;2.53451e-08;8.76644e-07;1.40415e-10;1.47715e-07;8.8152e-09;6.0971e-06;0.0147529;2.4936e-07
5.07498e-09;0.0187225;1.082e-06;2.67011e-08;2.04294e-07;3.283e-08;3.56905e-10;0.000313208;4.96804e-11;9.54907e-10;2.89555e-09;0.980928;3.46805e-05;2.70455e-07
3.67327e-07;0.99489;2.30031e-09;5.71457e-06;5.87804e-06;2.21649e-05;0.00192;0.000166653;1.73471e-08;0.000972922;1.29401e-07;2.04325e-07;5.39069e-06;0.00201097
5.54574e-07;1.25069e-06;0.999993;5.39702e-07;4.37748e-10;6.80993e-09;6.23545e-07;1.40811e-08;1.29362e-07;1.02781e-08;7.3986e-08;1.6957e-06;1.95626e-06;1.42323e-08
1.30163e-05;0.0917748;1.01329e-05;7.65446e-08;2.29316e-06;2.52884e-07;6.27535e-08;0.907818;1.39066e-07;1.05303e-07;2.68112e-08;2.6998e-06;0.000348887;2.96752e-05
7.49026e-07;0.910029;1.71585e-05;3.27727e-06;9.28659e-05;5.89422e-05;2.26837e-05;0.0858339;3.9713e-07;2.45062e-05;1.50866e-06;0.000512473;0.00184153;0.00156156
8.19985e-11;5.55503e-10;1;2.5032e-10;1.1414e-11;5.23783e-12;9.46023e-10;1.07147e-10;1.88128e-10;3.51829e-11;6.70638e-10;2.32849e-08;6.17006e-10;5.15109e-14
3.88851e-07;0.000127834;0.000670314;1.5011e-06;9.06088e-06;1.09083e-07;5.51866e-07;2.60129e-05;2.21242e-06;2.07353e-07;3.73903e-07;0.999152;9.66338e-07;8.45519e-06
5.873e-05;0.891093;3.84011e-10;4.67991e-05;0.00101974;0.0113357;0.000173668;0.0406856;0.00221803;1.93796e-05;0.000200185;2.04418e-06;0.0528409;0.000306493
0.000621566;0.270392;0.0304623;9.70737e-05;0.0020271;6.73491e-06;9.39948e-06;0.000805263;4.83173e-06;4.67859e-05;1.30592e-06;0.693628;0.000279387;0.00161823
4.33607e-05;0.0169344;7.99801e-12;1.25014e-06;3.65901e-06;1.32751e-06;2.98485e-08;0.981923;0.000864819;9.08644e-09;7.8564e-07;7.24527e-07;0.000226558;5.91032e-08
7.32525e-07;0.999933;1.3073e-06;9.10535e-09;3.59529e-08;2.19697e-11;1.24608e-11;4.8771e-05;2.75065e-10;1.92118e-10;7.3566e-12;1.52693e-05;4.74422e-07;1.33122e-10
1.19274e-08;0.999993;8.1771e-13;3.4735e-10;5.08031e-11;5.56831e-13;2.9797e-06;2.82538e-06;7.19323e-12;6.8884e-07;1.98836e-11;3.0481e-12;1.62972e-07;4.47318e-07
4.64075e-12;4.86027e-14;1;1.62521e-10;5.81494e-10;3.89487e-11;4.27628e-11;7.31733e-13;3.83355e-13;5.2415e-11;5.19373e-13;3.66568e-08;3.64338e-13;6.71473e-12
5.07336e-07;0.986423;2.01031e-08;7.88435e-07;5.2748e-07;1.47447e-06;0.00227409;0.00207168;7.73467e-07;4.93015e-07;9.27309e-07;5.21934e-10;0.00913299;9.25397e-05
1.51417e-10;3.87068e-11;1;1.10045e-09;5.97504e-11;3.42759e-11;1.61829e-09;7.515e-13;3.25802e-10;7.43935e-11;6.21444e-10;9.46903e-09;4.8219e-11;1.58609e-11
5.34075e-06;0.000771054;0.839893;0.000584143;0.00304698;0.000220921;1.50675e-05;0.149699;0.000139256;3.79544e-06;1.74928e-05;0.00384503;2.42692e-05;0.00173515
1.8748e-07;8.64407e-05;0.000564506;4.77362e-05;0.000216394;0.0425473;4.61645e-09;2.60434e-05;2.08635e-07;1.32075e-06;1.59081e-07;4.41645e-05;4.50913e-06;0.956461
3.64656e-06;0.00348548;1.30197e-06;4.20559e-06;8.32647e-06;1.71969e-05;5.70692e-08;0.00115721;3.29785e-07;2.73156e-08;0.000106679;0.000105991;0.995097;1.26401e-05
1.76301e-07;0.00463028;5.6238e-10;3.27276e-08;2.113e-05;2.78799e-07;3.35023e-08;0.994229;1.82341e-07;2.23954e-08;4.56155e-07;2.37954e-07;0.00110267;1.51142e-05
5.56324e-08;0.999977;4.73437e-10;3.48192e-09;1.73834e-08;2.57971e-10;3.80009e-06;3.40113e-06;1.55688e-11;1.08472e-05;3.43205e-10;4.36837e-09;5.40467e-08;5.08524e-06
5.6475e-11;8.30753e-13;1;3.32655e-10;1.72198e-10;1.39242e-12;1.73553e-10;3.96462e-13;1.69787e-11;1.93564e-10;1.60482e-10;8.62785e-10;3.12558e-16;2.91467e-11
1.31136e-06;0.99908;8.83539e-08;2.57887e-08;8.29306e-09;1.22745e-10;4.33229e-07;3.00519e-05;2.60843e-08;1.56534e-08;9.32042e-08;5.42002e-10;0.000888502;3.93206e-08
2.34472e-07;7.26899e-05;1.02858e-07;9.56496e-08;3.31944e-07;1.21147e-09;1.52117e-08;0.00189175;1.69756e-06;7.16496e-10;4.10029e-06;0.997995;3.40567e-05;1.62681e-07
1.06417e-05;0.939124;8.75413e-05;1.61511e-05;0.00130031;2.37067e-05;2.47552e-06;0.0564493;4.97026e-07;2.31693e-05;1.0003e-06;4.15888e-05;0.00253659;0.000383101
1.47189e-06;0.000180322;2.84498e-09;2.21444e-07;3.08757e-07;1.54981e-05;2.11595e-07;1.08019e-06;1.68912e-06;1.23612e-07;1.65084e-07;2.31275e-05;0.999776;2.44295e-08
1.74664e-05;0.0158991;0.982174;2.91688e-05;4.9234e-06;3.70468e-06;2.86245e-07;3.58752e-05;5.31578e-07;2.51425e-05;2.88145e-07;0.00177138;3.74871e-05;1.07689e-06
1.84891e-06;0.99627;2.672e-07;5.61485e-05;2.93669e-06;2.67879e-06;1.24063e-05;0.000123906;1.36962e-05;7.14612e-07;2.50216e-05;4.27563e-06;0.00311387;0.000372527
0.000274995;0.905017;4.48384e-05;0.000147385;1.95904e-05;1.00617e-05;5.09059e-07;0.0093999;7.70313e-06;1.62442e-05;9.07146e-06;0.00231969;0.082519;0.000213789
3.55532e-06;0.000679395;1.33745e-08;5.89983e-06;0.000262128;6.04132e-08;2.05548e-08;0.998953;7.29504e-07;9.7853e-06;3.67072e-07;5.38166e-05;6.10604e-07;3.05985e-05
3.56968e-07;3.39638e-06;0.999977;3.87559e-06;9.11987e-07;2.02905e-07;3.15154e-08;5.80311e-09;1.37433e-08;1.05927e-05;3.29268e-07;3.04017e-06;1.1139e-07;2.46051e-08
1.01438e-07;9.70945e-06;6.45372e-08;7.01106e-10;2.62513e-12;2.09938e-11;0.999463;4.14368e-12;5.82781e-08;0.00052585;1.21075e-06;2.80434e-13;3.40879e-10;2.44761e-07
2.55073e-12;6.26195e-14;1;2.17047e-12;1.2574e-13;3.58502e-13;1.61136e-10;1.38995e-14;3.19064e-11;1.2405e-12;1.4168e-10;5.01071e-12;6.95743e-15;3.45863e-15
