1.73994e-06;0.998129;3.25201e-10;1.57545e-09;7.02821e-10;3.71491e-10;5.0001e-07;3.22763e-07;2.77841e-08;1.70282e-09;9.27128e-08;1.95121e-06;0.00186611;1.29954e-09
6.58886e-07;0.95337;1.79815e-10;6.91154e-07;7.24038e-07;9.22994e-07;8.74026e-05;7.32833e-06;1.43353e-07;6.81525e-05;7.40945e-08;1.27231e-06;3.23605e-07;0.0464624
2.99841e-10;8.1527e-11;1;5.88151e-10;7.69536e-12;1.8273e-12;1.21939e-09;6.76028e-13;2.35138e-09;1.28655e-10;1.16056e-09;4.3603e-07;3.17923e-13;3.84178e-12
1.06265e-05;0.960565;2.6165e-09;9.5034e-07;1.88698e-07;1.03626e-06;6.7995e-06;7.1986e-06;2.83343e-05;9.99465e-08;9.27652e-05;1.4813e-05;0.0392601;1.18967e-05
0.000155899;0.548384;0.00523689;2.5621e-06;0.00018612;1.33003e-06;2.51869e-05;0.236255;7.25472e-06;1.49926e-06;0.000142875;0.043217;0.166326;5.90887e-05
9.34671e-08;0.00104815;1.10952e-10;3.05512e-06;0.000579724;0.0383775;5.30683e-08;2.86277e-06;7.26653e-07;1.55557e-06;1.00128e-07;7.81898e-07;0.929274;0.0307114
9.70146e-05;1.87109e-05;0.327436;1.21308e-05;2.00942e-07;5.53336e-07;0.000103434;9.44758e-09;6.25112e-07;0.000861335;6.1444e-07;0.671277;2.76871e-06;0.000189053
1.00677e-06;3.87209e-07;0.99989;3.76225e-06;1.13626e-08;3.02773e-08;4.55054e-05;1.35648e-08;1.97797e-05;1.30669e-06;3.73797e-05;7.05335e-07;5.13878e-08;6.03335e-09
4.46792e-06;0.98561;1.82791e-07;6.47164e-07;2.43996e-08;8.46949e-09;5.73055e-06;0.0114233;2.73594e-05;1.99604e-07;0.000480751;0.000258472;0.0021887;2.14668e-09
7.68669e-07;0.169327;2.30142e-10;5.59461e-05;0.000903732;2.47441e-07;3.81573e-08;0.0941609;1.33858e-05;2.51198e-06;4.90192e-05;0.735196;3.72284e-05;0.000253828
0.000309893;0.175702;0.0109475;0.0264367;0.00101775;0.00202185;0.000383078;8.39702e-05;0.000794019;0.00799628;0.023501;0.737376;0.00307517;0.0103544
0.000550761;0.998566;2.53644e-05;6.66936e-06;5.60097e-06;1.75262e-08;1.51253e-05;0.000350778;1.14813e-05;1.44851e-07;1.04105e-05;0.00029463;0.000159023;3.63707e-06
2.5263e-05;0.00556215;4.47049e-06;6.9646e-08;2.67709e-07;2.67806e-08;3.34692e-06;3.78226e-06;5.17619e-06;1.22238e-08;6.28701e-07;0.989857;0.00453773;5.22552e-09
7.61146e-06;0.0363542;9.78351e-10;2.91298e-06;4.17277e-05;0.00712988;1.02408e-06;0.00373507;0.000114506;9.30872e-07;5.31663e-06;6.56372e-05;0.95236;0.000181117
6.67584e-05;0.000588712;0.959784;2.08717e-06;2.69431e-05;2.21548e-06;5.28694e-08;0.00042778;1.27427e-07;4.01099e-07;9.16842e-09;0.0390912;5.99729e-06;3.93976e-06
4.61585e-05;0.0406688;8.91722e-08;4.76053e-05;0.233258;0.000242728;6.15599e-06;0.72376;0.00135763;5.74135e-07;2.04649e-05;4.29931e-05;0.000463451;8.55658e-05
0.000173606;0.0372078;0.944515;0.0050837;0.00215303;0.00265026;3.47124e-07;5.6366e-05;4.88141e-05;2.36867e-05;4.22124e-06;0.0052176;0.000530238;0.00233532
0.00056361;0.000335891;1.3525e-06;2.0984e-05;3.53206e-05;0.000194359;5.58644e-06;0.00485781;0.00130912;1.91421e-06;5.49034e-05;8.08042e-05;0.992507;3.18525e-05
0.000317542;0.0166509;0.00103987;0.0013168;0.00147099;9.98859e-06;1.69576e-07;0.00251178;0.00391782;4.57127e-06;0.000728702;0.968315;0.000352253;0.00336361
0.00416697;0.127198;9.25989e-07;0.000357862;0.0208824;4.92409e-06;7.71605e-07;0.842438;0.00172456;1.97979e-05;0.000132694;7.11045e-05;0.000252999;0.00274852
0.000155067;0.000353336;6.14247e-08;4.35801e-07;3.76743e-05;1.69186e-08;8.22464e-08;0.999149;4.20002e-05;1.97487e-06;2.06287e-06;1.14317e-05;0.000247331;2.90643e-08
3.15756e-06;5.13037e-05;0.999643;3.87271e-06;8.94822e-05;6.33456e-06;2.26044e-08;7.34283e-08;3.69807e-08;5.49942e-05;2.70504e-07;0.0001436;9.92943e-07;3.25197e-06
0.000198426;0.858908;0.000886215;0.000222397;0.00029852;3.36632e-05;4.24682e-05;0.113053;0.010962;1.94091e-05;0.00527399;0.00394587;0.00160715;0.00454894
