1.55633e-05;0.994257;0.000789845;0.000977344;0.000194523;0.000178731;1.47815e-06;1.58985e-05;2.7943e-06;0.00011871;8.11318e-05;0.000131209;0.00270551;0.000529757
1.68116e-05;0.0326336;0.00050908;5.85297e-06;6.53685e-06;3.94965e-08;1.69506e-07;6.02104e-05;3.31183e-07;7.91006e-08;2.22617e-06;0.966742;6.76362e-06;1.62254e-05
0.000338347;0.985945;0.000224676;1.63499e-05;0.000143527;5.62308e-05;0.000674029;0.000732763;0.000958744;2.25792e-06;0.000452492;9.50121e-05;0.0103119;4.89951e-05
2.33899e-05;0.478068;7.06102e-09;2.05843e-07;2.70138e-06;3.87034e-05;3.74771e-08;0.0092211;4.62608e-05;4.34422e-08;4.52134e-06;0.0565448;0.456021;2.91697e-05
1.54226e-05;0.377774;5.65572e-05;7.80736e-07;9.76804e-06;3.2255e-06;2.14695e-07;0.000937102;2.35741e-05;1.72149e-06;1.01559e-06;0.502478;0.118416;0.000282372
0.000103633;0.111248;1.42064e-05;0.000285909;0.634698;0.00474815;0.000138939;0.0152704;0.000678135;4.59204e-05;0.000795678;0.0046167;0.0555556;0.171801
0.000133762;0.0442853;2.74384e-09;5.17213e-06;0.000117183;0.000109728;8.81209e-05;0.0883001;2.93173e-05;3.20517e-05;1.27844e-05;2.58773e-06;0.866664;0.000219768
1.75889e-09;1.46529e-09;1;5.89692e-10;1.09724e-11;5.10725e-11;1.41556e-10;1.00569e-11;2.752e-10;9.37994e-11;1.55764e-10;2.55008e-08;5.63146e-10;2.63545e-11
1.776e-07;4.24793e-05;4.50881e-05;2.03724e-06;9.57103e-06;4.72019e-06;7.32472e-09;0.000207057;7.90425e-06;1.62434e-08;1.87907e-06;0.99966;1.42977e-06;1.78982e-05
4.32586e-08;0.998348;2.62689e-08;4.24104e-09;2.65702e-08;5.09657e-07;5.38716e-08;2.58651e-07;8.03852e-10;7.60786e-09;8.85712e-09;2.35391e-06;0.00164901;7.93163e-08
2.94359e-08;0.000114021;0.000565859;1.85514e-06;0.000132322;9.69893e-05;1.27454e-09;0.000672275;8.55696e-09;2.56061e-08;3.41195e-07;0.99821;3.14756e-05;0.000174646
8.98999e-06;0.867748;8.23011e-07;4.08984e-05;1.01784e-05;0.000319221;2.01743e-06;0.0658156;2.06905e-05;3.17939e-07;3.46083e-05;9.20357e-06;0.0659673;2.21976e-05
6.13959e-08;0.993334;2.44391e-11;2.50712e-09;2.37687e-08;1.28684e-09;4.00444e-10;0.00666141;8.93826e-11;3.02349e-09;4.5793e-12;4.92247e-07;3.7871e-06;3.43174e-08
4.54648e-07;0.00488729;0.0120787;6.95319e-05;0.00177028;0.00131152;4.00011e-09;0.000167029;7.4008e-10;6.09454e-06;9.57967e-09;0.978281;0.0012886;0.0001399
3.35428e-05;0.276425;1.73725e-05;0.000263882;1.2229e-05;0.00353557;0.0310249;0.245819;0.000546678;0.00126276;0.00277949;5.20698e-06;0.438192;8.29196e-05
3.46156e-10;1.25142e-10;1;1.26873e-09;1.9566e-10;2.46442e-10;2.45259e-09;2.87946e-11;1.13213e-10;3.25538e-10;1.84848e-09;7.26968e-08;3.87118e-12;4.61978e-12
2.17097e-05;0.0319389;4.8092e-05;1.99047e-05;0.000192891;5.30184e-05;7.64256e-07;0.0165315;0.000302413;3.98262e-07;5.44439e-05;0.950664;0.000161989;1.03262e-05
1.47534e-07;0.999413;1.56879e-09;4.48585e-10;3.43066e-09;1.2838e-07;3.4691e-09;1.00122e-08;5.67365e-10;1.29977e-09;2.74296e-09;7.48522e-06;0.000579375;2.04677e-08
5.15013e-07;0.000511583;6.89447e-05;3.56094e-07;0.00021001;1.61704e-05;8.13738e-09;0.000314015;2.75799e-07;7.27554e-08;1.37127e-07;0.998547;1.82429e-05;0.000312269
9.63185e-06;0.0122578;2.69124e-07;6.57888e-06;9.22855e-05;0.000436436;2.73531e-07;0.97494;0.000400836;3.52441e-08;6.46328e-06;1.57764e-06;0.0118461;1.50392e-06
5.77116e-07;0.997512;5.5743e-05;4.05314e-07;4.3449e-07;7.27142e-07;5.97517e-09;0.000348019;1.75588e-10;2.24883e-07;9.15052e-12;9.4202e-08;0.00208195;2.36963e-07
9.05138e-09;1.97528e-07;0.999998;1.48415e-07;2.01476e-10;3.42463e-09;2.08999e-08;1.7259e-08;3.97253e-09;2.53198e-08;2.11055e-09;9.33906e-07;1.91836e-07;1.52492e-10
8.87784e-11;3.09025e-09;0.999964;1.44253e-08;2.89971e-09;8.34458e-09;3.58792e-11;9.79312e-08;3.3444e-10;7.0457e-11;3.05406e-10;3.57435e-05;2.90134e-09;2.22758e-08
1.68338e-08;5.50255e-05;3.92674e-08;4.43265e-08;0.000518828;0.00135621;1.0326e-08;3.25449e-06;2.90132e-08;2.66372e-08;6.64485e-08;3.86987e-07;1.92618e-05;0.998047
7.85007e-06;0.9866;7.62815e-06;5.37739e-07;0.000173483;5.29573e-05;0.000873052;0.000153917;1.75295e-08;0.000710718;1.73481e-07;2.50993e-06;0.000860479;0.0105568
5.1739e-10;3.01998e-10;1;2.17174e-10;2.7733e-10;4.25729e-10;4.28861e-12;5.86655e-11;4.44757e-10;1.04819e-11;3.0278e-11;4.82565e-09;1.22312e-10;1.07027e-11
4.22239e-07;0.999762;5.11079e-07;7.58505e-07;7.44933e-07;7.30718e-08;2.87187e-07;0.000201173;3.35485e-09;6.30968e-07;1.4658e-09;4.50402e-07;3.06785e-05;2.00794e-06
6.276e-11;2.48204e-10;1;1.46576e-10;1.24838e-11;5.38095e-12;2.92817e-11;1.0924e-10;1.27388e-11;4.03028e-11;1.95461e-11;2.44415e-08;7.07879e-11;2.8727e-12
6.32917e-05;0.00243719;2.45064e-06;0.00135642;0.000261012;0.00207046;0.000172863;0.698413;0.0711294;7.03745e-05;0.0406145;0.00455812;0.166748;0.012103
2.46685e-07;0.999641;0.000215254;1.32809e-06;4.43856e-08;4.04659e-09;1.42444e-08;1.83056e-05;6.35378e-09;9.92897e-09;1.13641e-07;3.24106e-06;0.000120218;1.18283e-08
2.04964e-06;0.649414;2.25448e-07;3.3954e-07;7.10061e-05;1.53915e-06;1.62637e-06;0.343098;1.0833e-06;8.49499e-07;1.4408e-06;0.000493835;0.00689111;2.21839e-05
0.000173727;0.191723;0.00300218;0.0133204;0.0734553;0.00348281;0.000239914;0.0269586;0.000266007;0.00656365;0.000904303;0.541971;0.0672681;0.0706714
0.016471;0.282399;2.57156e-06;0.0219034;0.0202007;0.000751534;0.00383885;0.092953;0.194257;0.00115561;0.167113;0.0942888;0.104274;0.000391581
0.00373557;0.40864;0.58062;0.000228621;0.00117038;1.44467e-05;0.000373169;0.0027469;5.20455e-05;0.000287709;2.59587e-06;3.14732e-05;0.00158897;0.000508601
8.60822e-06;7.72454e-06;0.999911;2.07832e-06;1.73612e-07;1.40995e-07;9.20123e-06;1.92388e-07;1.23288e-05;2.78168e-07;4.23722e-06;3.26182e-05;1.14978e-05;3.0062e-08
3.38233e-06;0.000169485;0.546037;2.15554e-05;9.2253e-06;9.28932e-07;9.19244e-08;0.453165;2.4015e-05;8.27778e-08;4.12963e-06;0.000560471;2.64055e-06;1.90803e-06
1.19823e-06;0.0772004;0.00968675;2.69923e-06;4.47494e-05;0.000429172;1.84766e-08;0.000375482;1.72943e-07;3.77156e-06;6.94626e-08;0.000458912;6.51683e-06;0.91179
1.89695e-05;0.0130579;4.69688e-09;4.29273e-07;7.02468e-06;6.5815e-05;3.26501e-06;0.850833;1.16012e-06;7.32973e-07;2.92409e-06;1.15564e-07;0.136004;5.21953e-06
1.65389e-08;7.44572e-08;1;3.61889e-09;4.13701e-10;1.06523e-10;8.19137e-10;1.18333e-08;1.17454e-09;6.45985e-10;1.25385e-09;2.27934e-07;8.45898e-08;1.99577e-10
1.28344e-07;0.000306633;0.00148572;2.25222e-05;5.17028e-06;8.87567e-06;3.56839e-08;8.58698e-05;2.16021e-06;2.2999e-07;1.00184e-06;0.997555;4.96159e-05;0.00047658
4.20486e-05;0.995105;0.000116717;0.000199327;0.000684426;0.000123037;0.000219268;7.52863e-05;8.84752e-08;0.0023381;1.52001e-06;7.47039e-06;0.000606483;0.000481527
3.39762e-11;9.73584e-12;1;1.374e-10;8.34096e-11;2.26682e-12;6.46903e-12;6.14899e-12;1.47078e-12;5.81893e-12;2.06032e-11;6.16597e-08;7.63642e-13;1.75546e-13
2.91881e-07;0.0362074;6.06216e-05;9.39418e-07;2.23417e-06;1.29565e-07;2.18603e-08;0.963594;6.74034e-08;8.56212e-09;1.1894e-07;7.62505e-06;0.000125756;4.7284e-07
3.43736e-06;0.183224;1.09956e-05;5.23762e-05;0.000230302;0.0245446;0.000217471;0.0182816;3.09504e-06;0.000804821;4.11316e-06;1.03003e-08;0.772154;0.000468953
1.35342e-09;5.56794e-10;1;2.01987e-08;3.4893e-11;1.31431e-10;3.58677e-10;1.4842e-10;1.59982e-10;8.71008e-10;2.69412e-10;2.1028e-07;3.4526e-09;3.98336e-11
1.35178e-06;0.000761305;0.000340008;7.67705e-05;5.16424e-06;1.85969e-06;1.57495e-07;5.08e-05;6.98635e-05;1.11832e-07;2.67071e-05;0.998274;5.17164e-05;0.000340182
1.72622e-05;0.894815;9.78783e-08;1.84887e-06;0.000417136;0.00150417;6.13326e-07;0.0434051;6.99412e-07;1.3377e-05;2.02002e-06;1.1595e-05;0.055737;0.00407448
1.29979e-07;0.759359;2.91153e-09;2.7006e-08;9.08026e-06;5.26565e-07;2.55312e-08;7.36887e-07;6.11197e-12;3.43303e-06;2.21304e-10;2.06874e-06;5.19701e-07;0.240625
5.97453e-11;5.36533e-10;1;2.46866e-12;1.04201e-12;1.19072e-12;2.04513e-12;3.77611e-11;5.55666e-13;3.80093e-13;9.86538e-14;2.84406e-10;1.60834e-10;4.34586e-14
4.08604e-05;0.0346035;0.000686503;0.000461245;2.78118e-05;0.000411151;2.14969e-05;0.146957;0.0229769;3.69554e-05;0.00335849;0.00153599;0.788878;4.33142e-06
