4.28624e-06;0.998726;0.00120531;8.05562e-06;4.17339e-07;9.83566e-08;6.18726e-06;1.42866e-06;4.9024e-08;1.61404e-05;8.83832e-08;1.57412e-06;9.59051e-06;2.01586e-05
1.95295e-08;3.60095e-07;0.999999;4.15757e-09;7.50679e-10;4.13696e-10;1.13682e-08;5.11731e-10;1.06473e-09;4.2454e-09;3.11313e-09;4.10963e-07;7.58588e-09;2.91732e-10
1.16334e-06;5.96438e-05;2.87971e-06;9.92468e-06;0.000989683;0.00014715;2.88708e-06;0.00198999;1.83665e-05;2.56456e-06;3.91908e-05;0.995941;0.000618835;0.000177192
4.00424e-07;0.00513025;4.40259e-06;1.40874e-06;3.98436e-05;5.76652e-06;2.12642e-06;0.00114014;6.18665e-09;5.00323e-07;1.32976e-05;6.22393e-07;0.993175;0.000486563
2.75357e-06;0.000412157;7.04921e-07;0.000135027;1.26077e-05;1.03717e-05;2.80591e-06;0.00184913;3.3407e-05;3.76244e-06;0.000187725;0.996144;0.000881747;0.000324062
1.47283e-05;0.00629176;7.60971e-07;7.34268e-06;0.000799768;4.22205e-07;8.31632e-08;0.99269;1.2896e-05;1.9324e-07;3.49673e-06;0.000126651;4.95413e-05;2.75106e-06
1.70475e-05;0.251721;0.729396;8.08295e-05;0.0013238;0.00674532;3.68081e-06;0.000109782;1.15236e-07;0.00105481;1.11403e-06;2.54954e-06;0.00647736;0.00306639
8.93251e-10;2.75579e-10;1;1.36712e-10;2.4957e-11;4.31329e-11;2.40942e-09;1.06032e-09;1.55407e-09;2.1851e-11;2.25368e-09;4.91651e-08;1.38928e-11;2.03525e-12
3.3874e-07;0.00021644;0.00301143;3.31088e-07;2.46251e-05;4.56477e-07;5.04537e-08;0.000105095;2.23499e-05;5.75605e-09;4.45233e-06;0.99658;3.11524e-06;3.1712e-05
3.16381e-07;0.000578653;1.33407e-08;6.6829e-10;0.000310352;1.36971e-06;1.08116e-09;0.998954;3.89103e-08;5.06792e-10;2.87705e-08;3.94022e-07;0.000149166;5.77949e-06
8.74483e-07;0.999385;1.60536e-07;1.8245e-09;1.64571e-05;6.53389e-08;9.07835e-06;0.000139979;1.68317e-09;2.1745e-06;3.93931e-10;1.97189e-05;6.08948e-06;0.000420647
1.59611e-10;1.6709e-09;1;3.99999e-12;3.18492e-10;3.87878e-12;8.81299e-12;3.3214e-08;6.00167e-12;3.83763e-13;6.27645e-14;1.25964e-07;1.58243e-12;2.78777e-12
2.0799e-07;0.040777;1.79144e-08;5.29161e-08;7.75462e-06;3.43198e-07;1.49648e-07;0.95835;6.42091e-07;1.11142e-08;2.78274e-08;1.03252e-06;0.000862953;1.96993e-08
6.18268e-08;0.00806957;7.22038e-10;2.3165e-08;4.81601e-08;1.74844e-06;2.03474e-09;0.000212889;1.0049e-09;2.98266e-08;2.9264e-10;2.6465e-07;0.991715;1.58364e-09
2.92896e-07;0.000271548;0.988909;3.40596e-07;5.86688e-06;9.27466e-09;8.57264e-10;3.50243e-06;3.42981e-11;2.01929e-07;5.99624e-10;0.0108054;2.15771e-07;3.27852e-06
1.73991e-06;0.508718;2.32077e-09;2.87471e-06;5.69001e-07;1.76896e-06;0.478211;1.18456e-05;3.90959e-05;0.00857371;4.4622e-05;1.4502e-09;1.17868e-05;0.00438304
6.80689e-07;2.4092e-07;0.999978;1.90959e-06;3.74569e-07;6.1354e-08;7.8148e-06;9.80437e-07;4.90733e-06;1.65564e-07;3.05626e-06;1.56149e-06;3.03161e-07;2.76115e-09
6.4582e-07;7.42431e-05;1.4256e-11;1.54919e-11;7.38242e-11;5.70676e-12;1.03621e-08;0.99992;3.71554e-07;8.82054e-11;9.07723e-11;6.93583e-10;4.49886e-06;1.4112e-11
2.05243e-07;4.15047e-05;7.53242e-07;7.28038e-06;0.000310476;0.000875543;3.05104e-08;3.811e-05;4.84914e-07;8.6439e-07;3.84462e-08;0.00144595;4.24697e-05;0.997236
5.22835e-05;0.00994155;2.46463e-08;7.32043e-06;2.14991e-06;9.08957e-07;2.65315e-07;0.00124501;0.000110181;3.44702e-08;0.000353806;0.000717666;0.987567;1.87336e-06
3.08956e-08;0.999922;8.03249e-13;2.15658e-09;6.63461e-10;2.7094e-11;1.83208e-06;8.74095e-07;1.44551e-10;3.46003e-07;1.54619e-10;7.18262e-12;8.51207e-07;7.35824e-05
1.64427e-11;7.81635e-12;1;5.75163e-10;1.45823e-11;1.66354e-11;3.0763e-11;1.25416e-12;2.05164e-12;3.14715e-11;4.15363e-12;2.18569e-07;6.74849e-12;4.56344e-13
1.4585e-05;0.666836;1.24538e-05;0.00523741;0.000836783;0.00178429;0.000180525;0.0983578;0.000771855;4.05586e-06;0.00273784;0.00025368;0.219524;0.00344798
0.000177112;0.199335;7.12567e-05;0.00558002;0.000158472;0.00402576;1.76035e-05;0.00841453;0.000103552;5.97278e-05;0.00845096;0.0255535;0.741837;0.0062151
4.93135e-05;0.499043;3.93778e-05;0.000111252;0.00513999;0.000111065;1.0925e-06;0.0379076;7.91727e-07;4.56197e-05;3.71704e-05;0.433793;0.00947294;0.0142479
0.00048702;0.349993;0.00144441;0.00743764;0.0491521;0.0106292;0.000219253;0.22823;0.00021859;0.00129461;0.00502498;0.0169111;0.326053;0.00290515
3.94349e-06;0.00387444;5.15383e-08;3.76477e-07;1.04772e-09;7.6038e-08;0.991954;8.78645e-08;9.72368e-06;0.00413689;1.90372e-05;4.58298e-09;3.46202e-07;1.23056e-06
1.80094e-08;1.44479e-10;0.999998;2.71033e-08;3.18997e-11;3.62587e-11;1.12721e-06;7.39913e-11;4.09513e-07;1.118e-08;4.74066e-07;2.71683e-09;7.09878e-12;1.15815e-12
6.39218e-06;0.999811;4.68033e-08;1.03456e-06;4.52795e-07;3.02232e-09;1.26207e-07;0.000108049;2.03055e-06;1.7225e-08;4.43835e-07;2.81976e-06;6.72455e-05;2.7167e-10
2.07118e-07;0.999917;2.89811e-12;1.02224e-08;2.4675e-09;6.46678e-11;5.12665e-05;8.17135e-06;2.5968e-09;4.95796e-06;4.35933e-09;2.78592e-11;3.57136e-06;1.4297e-05
1.75741e-10;3.37797e-12;1;1.15799e-09;7.8493e-10;1.0635e-10;1.7385e-09;5.51487e-12;8.98105e-11;1.33797e-09;6.43353e-11;1.29432e-07;1.23745e-11;1.25679e-12
2.3501e-05;0.954549;9.31228e-06;5.50322e-05;0.000341136;5.95031e-05;0.00164942;0.0143001;0.000257443;2.51083e-06;0.000164156;3.75131e-05;0.0285069;4.39877e-05
4.08792e-05;0.883631;5.04912e-06;0.000135502;3.68501e-05;0.000217312;0.000198558;0.0460206;0.000144773;0.000164991;9.65864e-05;0.00851541;0.0597474;0.00104497
3.30895e-05;0.0618471;2.47643e-08;0.0041148;0.000491478;0.00161647;0.000349031;0.00307279;0.00571772;0.000333539;0.00241236;0.00645988;0.913535;1.68747e-05
0.00105909;0.00251227;0.995138;0.00048541;9.22532e-05;9.88685e-07;1.1694e-05;9.46084e-06;4.52411e-05;2.62375e-05;1.5771e-05;0.000521351;6.11162e-05;2.10652e-05
9.22515e-05;0.00523528;4.13994e-10;2.38899e-07;9.80223e-08;9.1487e-08;0.992188;2.47533e-05;9.00258e-05;0.00231502;1.28218e-05;5.77876e-11;3.68289e-05;4.78905e-06
4.91203e-09;7.43273e-10;1;1.19531e-09;4.8356e-11;2.40471e-11;6.71297e-09;2.95774e-10;4.77039e-09;3.06137e-10;3.3819e-09;9.641e-08;3.37357e-10;2.85809e-13
3.65893e-05;0.980019;6.03859e-05;4.94879e-05;1.60699e-05;1.34834e-05;3.82555e-07;0.013201;0.00010487;5.83007e-07;6.17015e-05;3.31577e-05;0.00634769;5.55957e-05
5.23144e-06;0.00605385;7.11222e-08;2.3199e-07;0.000175088;1.23685e-06;5.41575e-07;0.993295;7.12023e-05;1.54487e-05;8.99501e-06;0.000302098;6.66835e-05;4.50274e-06
5.29689e-08;0.000329692;1.50786e-06;3.16162e-07;1.52889e-06;1.48334e-07;0.00655358;1.09397e-10;8.28603e-10;0.992875;2.83884e-08;4.05686e-11;3.53897e-12;0.000238245
5.93457e-11;1.80819e-14;1;2.42783e-13;4.85744e-15;2.27349e-15;2.65896e-10;1.30129e-14;1.07351e-09;3.20882e-13;5.24667e-11;1.4437e-12;9.40848e-15;3.02791e-17
