9.46978e-08;0.994258;1.97963e-09;3.69689e-09;1.60576e-10;9.47586e-09;6.12017e-08;3.65302e-08;1.21001e-08;5.21928e-10;3.00279e-08;6.31924e-06;0.00573509;7.2601e-10
6.1094e-06;0.0345795;9.86981e-07;1.13244e-05;0.000398059;0.0003717;5.51183e-08;0.00118141;1.7333e-06;5.72817e-07;1.28808e-06;0.960944;0.00028213;0.0022213
8.13305e-06;0.996818;5.79859e-07;3.35274e-08;1.90951e-08;7.34492e-07;2.01194e-06;3.54105e-06;1.73295e-07;3.41294e-08;4.07127e-07;0.00235483;0.0008109;2.82376e-07
4.01949e-06;0.985207;3.34105e-06;2.62923e-05;5.37244e-05;3.00245e-05;0.00100735;0.00597994;2.07653e-05;0.000366372;7.8457e-06;8.46197e-05;2.41771e-06;0.00720679
2.89968e-09;1.73539e-08;1;4.44777e-08;2.39696e-09;2.30252e-09;9.18039e-08;1.21162e-09;1.68272e-08;1.66042e-09;4.22866e-08;1.12927e-08;6.44919e-08;2.09689e-11
3.8567e-06;0.732551;1.13891e-07;9.29107e-07;9.86618e-05;9.17109e-08;3.4287e-07;0.264618;9.32625e-07;6.83458e-07;2.13739e-05;0.00223855;0.000376712;8.92423e-05
1.04498e-05;0.325204;0.0724934;0.00037145;0.0176167;0.000169772;5.91944e-07;0.000908837;3.9275e-08;8.49847e-05;2.30018e-05;0.541916;0.00153318;0.0396675
0.000159355;0.0269552;0.000288189;0.000102642;2.50919e-06;8.07747e-06;0.00279225;0.00250028;0.00536044;2.80957e-06;0.933408;0.000559026;0.0278544;6.76726e-06
1.15372e-05;0.630373;4.75633e-07;4.7984e-08;2.73523e-06;2.38743e-06;1.10809e-06;0.368769;4.10421e-08;1.92255e-06;1.64801e-07;1.70397e-07;0.000680006;0.000157628
5.21462e-07;0.000899259;2.16598e-05;1.97939e-06;0.00019727;8.32123e-05;7.92266e-08;0.000100752;1.26789e-07;1.14665e-06;4.61967e-07;0.996235;1.11953e-05;0.00244762
0.000105037;0.963703;3.78017e-07;7.41425e-07;7.65449e-07;2.04132e-06;4.58672e-07;0.000580128;6.7457e-07;2.04606e-07;1.94556e-05;4.94397e-05;0.0355316;5.88963e-06
4.92183e-07;0.999885;2.54699e-08;1.46752e-09;2.91312e-09;1.75178e-09;3.76158e-05;4.35452e-06;2.20451e-08;3.28572e-07;1.95677e-10;5.47128e-10;1.81218e-06;7.0675e-05
5.34098e-10;1.95909e-11;1;6.00709e-10;1.32932e-10;4.11839e-11;2.02618e-07;8.54387e-11;1.241e-09;4.19649e-09;5.64938e-10;7.06708e-11;3.39646e-13;7.65836e-12
1.37543e-07;7.63313e-07;0.999993;1.35219e-07;1.22495e-08;1.37016e-08;1.38073e-06;4.1412e-07;1.18458e-07;9.32525e-09;9.23415e-07;4.22031e-08;2.73191e-06;1.04973e-09
3.68774e-07;0.000217105;0.000520235;1.96564e-07;2.94166e-06;1.43061e-07;4.30872e-07;0.000135581;5.29121e-08;4.86705e-07;6.70252e-07;0.000161773;9.81088e-08;0.99896
1.28559e-07;6.1687e-06;3.36506e-11;1.97312e-08;0.00130846;2.93764e-06;6.70839e-08;0.998655;1.25335e-06;7.15728e-09;5.08941e-07;8.16701e-07;1.6495e-07;2.46812e-05
1.99648e-07;7.23307e-05;0.999195;8.10652e-07;9.64985e-06;4.29997e-06;1.70874e-08;5.28323e-07;1.90413e-10;7.13528e-08;8.27969e-08;0.000698967;8.44602e-06;1.00294e-05
2.9614e-06;0.393864;3.17711e-10;1.04165e-07;3.82524e-07;8.53472e-07;1.82463e-08;0.0426352;8.80829e-07;1.66237e-09;3.83501e-06;4.28248e-08;0.563492;5.09257e-07
5.56168e-06;0.229157;0.0147582;5.4657e-05;0.000172225;4.65476e-07;4.88367e-09;0.00212594;3.41222e-07;5.88384e-08;1.57862e-07;0.749826;4.44985e-05;0.00385498
1.24469e-05;0.651387;1.9961e-06;2.12113e-06;4.98156e-05;3.74271e-05;9.00649e-08;0.106305;1.21988e-06;1.25047e-06;2.20613e-06;0.00141234;0.240559;0.000228543
1.4045e-05;0.121374;4.39822e-06;1.81134e-05;0.0931834;4.6417e-05;4.53469e-08;0.182444;1.3908e-06;3.91418e-06;2.9928e-05;0.587614;0.000103012;0.0151639
0.00232668;0.055377;0.164998;0.000808863;0.707003;0.00964036;0.000337935;0.0173746;0.000509865;0.00254535;0.0010584;0.00918479;0.0284944;0.000340176
0.000440814;0.0128101;9.0425e-05;0.00268218;0.000721804;0.000400753;0.000594468;0.0089005;0.106187;2.51895e-05;0.814935;0.0029551;0.0485554;0.000701216
1.42467e-05;0.985575;0.0140059;4.87992e-05;1.82695e-05;2.39186e-06;1.34539e-07;4.50849e-05;2.80187e-08;1.63368e-06;4.39046e-06;1.744e-05;3.40974e-05;0.000232906
4.50258e-07;0.99884;1.90531e-09;1.49282e-08;4.39578e-10;2.44377e-09;0.00029709;3.20837e-09;1.62544e-09;1.97098e-05;8.27186e-08;1.78946e-08;3.03081e-08;0.000842264
1.96666e-09;2.96323e-10;1;8.69914e-10;1.66045e-09;7.15901e-12;2.19213e-08;3.52063e-10;2.17633e-09;2.78655e-09;3.39039e-09;1.06436e-07;2.9241e-13;1.11768e-10
1.64358e-05;0.742971;7.2196e-05;6.04899e-05;2.26542e-05;6.17825e-05;2.17638e-06;0.000155277;2.58096e-05;4.27451e-06;0.00014237;3.82781e-05;0.256426;1.32233e-06
2.12407e-07;0.999864;9.24016e-11;1.21426e-07;2.69841e-08;2.87091e-09;1.61742e-05;6.68911e-06;3.67695e-09;1.31826e-05;2.26183e-08;1.49138e-07;7.38807e-06;9.21384e-05
4.77734e-11;1.05536e-13;1;1.40081e-10;4.39088e-11;5.46589e-12;2.70715e-12;1.09795e-12;1.0235e-12;1.10952e-12;3.36479e-12;4.85701e-09;1.97322e-12;1.74386e-14
0.000311129;0.0243587;5.08842e-10;4.28888e-05;0.00508132;1.78752e-05;2.7081e-06;0.954119;0.000773005;1.09329e-06;3.43518e-05;2.03071e-05;0.00143999;0.0137975
0.00104925;0.499495;0.478623;0.00126578;0.00197076;4.72405e-05;4.17371e-08;0.000209888;4.64093e-06;7.04443e-06;1.52218e-05;0.0138055;0.00271537;0.000790634
1.56042e-06;0.00540845;5.98889e-09;8.10675e-09;0.000154237;2.48154e-08;1.3024e-08;0.994042;9.44166e-07;3.89926e-08;1.09555e-07;1.31516e-05;0.000379163;3.58788e-07
2.86289e-07;1.30115e-05;0.990072;2.31263e-06;0.000919458;9.08828e-05;4.40535e-08;8.33176e-07;6.53685e-09;1.68389e-05;1.23909e-07;0.00887541;4.99991e-06;3.4487e-06
0.000396019;0.254978;0.00114612;4.19112e-05;0.00016921;0.000105085;8.59045e-05;0.611785;0.0415297;1.86408e-06;0.00409035;5.59608e-05;0.0853626;0.000252438
