3.7288e-06;0.994379;0.000253162;4.45013e-05;6.69305e-07;2.16183e-06;6.26877e-07;1.50368e-05;6.08887e-08;2.86645e-06;1.50264e-07;1.88527e-05;0.00526523;1.40609e-05
4.71803e-05;0.584611;1.55159e-09;0.000221977;1.65964e-05;0.00294135;1.00856e-06;0.00520936;8.64456e-05;4.7337e-06;5.05096e-05;0.000357276;0.406359;9.33968e-05
6.64641e-05;0.000351891;0.851638;5.73161e-05;0.000200952;3.3796e-06;1.88713e-07;0.0187603;1.24799e-07;5.23316e-06;5.50126e-06;0.128773;0.000133493;3.28062e-06
9.43218e-06;0.165;2.10468e-07;2.6987e-07;1.63682e-08;4.99839e-08;0.833369;5.63445e-07;5.59965e-06;0.00153811;4.32085e-06;4.73065e-09;2.07037e-07;7.27456e-05
3.76286e-10;1.80021e-11;1;7.73893e-10;1.27302e-10;1.03216e-10;9.39115e-10;4.29045e-12;1.36079e-09;7.26008e-11;3.58192e-10;3.29876e-09;8.20465e-14;1.69583e-10
8.06557e-07;4.06332e-05;1.79755e-10;5.89963e-09;2.69807e-08;1.13934e-09;2.12301e-08;0.999955;2.04623e-06;1.41817e-09;1.8205e-08;4.40342e-10;1.47788e-06;4.67025e-07
1.64442e-06;7.13148e-05;0.000154025;3.11507e-06;2.64688e-05;7.44783e-08;1.39123e-06;2.91978e-05;0.00051404;4.49475e-08;3.91262e-05;0.999153;5.03409e-06;1.90673e-06
4.41344e-06;0.910556;4.59008e-08;8.43447e-07;2.83245e-06;5.82082e-07;0.086761;0.000664556;3.31972e-06;0.00019037;6.17711e-06;1.66725e-08;0.00174487;6.47298e-05
2.5993e-11;5.23166e-12;1;3.08342e-09;7.9892e-10;1.06508e-09;8.38931e-10;6.24704e-13;5.10092e-11;1.88065e-10;1.81227e-10;2.24952e-07;3.55466e-13;4.46634e-09
2.01359e-05;0.918064;2.29541e-05;2.17e-05;5.79134e-06;1.37503e-06;0.00029095;0.0128447;3.85032e-05;1.33425e-07;8.98079e-05;0.000154345;0.0684427;3.12914e-06
1.20049e-05;0.296341;1.53675e-05;2.56669e-05;2.35772e-05;1.00236e-05;2.62662e-08;0.681017;1.03812e-05;1.53027e-07;6.35487e-06;0.0222062;0.00019902;0.000133242
2.25525e-06;0.986144;1.70595e-09;1.83313e-05;4.65688e-06;0.000100994;8.64256e-07;0.000816014;2.29945e-05;8.11271e-06;8.28109e-05;4.46479e-05;0.0127471;6.85954e-06
3.9981e-06;3.05317e-05;0.00111687;3.21663e-06;7.58457e-05;6.66002e-07;5.17863e-10;1.37252e-06;2.71761e-07;1.9748e-08;3.83721e-07;0.998737;1.72795e-06;2.81331e-05
0.000110391;0.00701535;8.70402e-07;1.42593e-07;2.10018e-05;1.77994e-05;1.685e-06;0.991324;0.000252801;2.81992e-07;1.68347e-06;7.4765e-07;0.00125357;1.13544e-07
5.64335e-06;0.000164567;1.58061e-08;9.44599e-07;4.09657e-05;5.16536e-06;3.13937e-09;0.99721;1.04322e-05;7.48431e-09;5.73705e-07;2.41221e-05;0.00253179;5.92595e-06
3.98715e-07;2.50362e-05;1.80757e-11;1.37766e-10;6.91666e-09;9.51686e-10;8.97759e-10;0.99997;2.38444e-08;7.56709e-10;2.00326e-10;6.23754e-09;4.57164e-06;3.6009e-09
4.7565e-08;1.65579e-05;4.52161e-07;1.89402e-05;0.000502913;0.00133635;2.43327e-08;8.56205e-06;8.05294e-08;5.81984e-07;1.97734e-07;0.00121713;1.98645e-05;0.996878
3.81722e-07;0.0807677;7.52934e-10;4.02579e-07;8.56505e-08;1.31829e-07;3.07863e-07;0.000261449;1.50555e-07;3.15892e-09;2.05136e-05;6.10103e-07;0.918946;2.29309e-06
1.79672e-05;0.00333849;4.06136e-07;2.85329e-05;2.15052e-05;2.27868e-06;1.19295e-07;0.0021829;4.83827e-06;1.26598e-06;4.75873e-06;0.993749;0.000637632;1.05437e-05
3.55642e-05;0.985374;4.87737e-06;0.000377954;0.000375295;3.97135e-05;2.4434e-06;0.0100893;6.97596e-05;1.36668e-06;0.000180789;0.00178722;0.00159895;6.26834e-05
3.42086e-05;0.986731;8.64431e-11;7.51558e-07;1.11122e-06;1.28947e-07;2.12695e-06;4.48417e-05;1.28565e-06;1.98686e-07;4.14918e-05;0.00474535;0.00830964;8.82911e-05
2.43985e-07;0.00249751;1.22167e-08;9.0202e-10;2.861e-09;9.64962e-11;1.05918e-08;1.65078e-07;4.54706e-10;6.19511e-11;2.16454e-08;0.997407;9.4963e-05;5.26698e-11
4.57609e-06;0.0110097;3.13756e-09;4.40047e-06;6.84777e-05;0.00465781;4.47721e-06;0.000748115;5.91049e-06;7.62631e-08;1.06506e-05;5.05472e-06;0.983323;0.000157851
7.32795e-05;0.00316696;0.992455;3.73405e-06;1.73082e-05;3.19108e-05;6.01611e-08;0.00153275;9.67544e-09;9.82522e-08;9.32219e-08;0.00190379;0.000661306;0.000153375
1.10903e-06;0.982523;5.52211e-08;3.31891e-06;9.28602e-06;4.95912e-05;2.23265e-06;0.0125376;5.3983e-08;6.91766e-07;2.66301e-07;2.73482e-09;0.00183312;0.00303927
2.56801e-09;9.9563e-10;1;1.0983e-08;8.46314e-10;1.47083e-09;3.05248e-09;3.66356e-09;4.28629e-09;4.07845e-10;3.38108e-08;2.34227e-07;3.85043e-08;8.0668e-11
1.06334e-05;0.0962435;0.013827;0.000517584;0.000180953;0.000552472;4.19526e-05;0.00170791;0.00337295;1.59685e-05;0.0017774;0.868633;0.00984331;0.00327532
4.1514e-07;0.999009;1.12798e-09;4.89871e-07;6.02696e-07;1.42232e-05;0.000307386;0.000389823;1.11663e-06;9.73343e-05;4.55071e-06;7.08406e-09;6.28087e-05;0.000111993
2.22121e-12;5.17047e-11;1;1.83898e-11;1.85165e-11;5.90987e-13;3.99342e-11;1.04871e-12;1.54477e-13;1.53847e-11;8.57673e-12;4.03969e-08;1.27559e-14;1.77518e-12
7.83234e-06;0.026296;0.000850362;9.25554e-06;0.000287458;2.05286e-05;7.59556e-07;0.971563;1.09329e-06;1.05855e-07;1.32122e-05;0.000432075;0.000466142;5.24793e-05
4.83324e-09;0.994922;9.00157e-11;7.2035e-09;1.29146e-07;2.21329e-08;1.95385e-07;3.45316e-07;1.39977e-09;1.52656e-07;1.14583e-09;7.25851e-08;1.54988e-06;0.00507563
0.000233253;0.826255;4.63862e-06;6.99345e-05;1.21845e-05;1.95762e-06;0.120266;0.00429016;0.0166542;0.000147648;0.00593577;0.00019869;0.0259069;2.39258e-05
2.01636e-05;0.973121;8.49231e-08;8.06842e-07;1.06411e-06;1.19976e-06;8.55278e-05;0.0239419;5.29052e-06;3.65914e-05;6.07018e-07;1.10433e-07;0.00277306;1.28097e-05
3.76725e-10;2.37665e-09;0.999999;1.49393e-09;2.51503e-09;2.27679e-10;5.96969e-10;1.82436e-12;2.41433e-11;1.3911e-09;8.14389e-11;1.27986e-06;1.10805e-12;5.5726e-10
2.27391e-06;0.999076;2.05796e-07;6.72417e-07;4.40562e-07;4.43652e-08;1.41828e-05;0.000412173;6.10734e-05;9.73574e-07;1.5547e-05;1.38355e-05;0.000363504;3.94596e-05
5.86201e-06;0.370371;2.90671e-07;0.000206987;0.154795;0.00464479;6.85579e-05;0.0708672;0.000572;0.00187823;0.00034559;0.0232105;0.00486887;0.368164
0.000147725;0.845182;0.000289339;8.2704e-05;0.000387883;0.000518786;0.000100829;0.00544571;2.89319e-06;0.000308684;4.61722e-06;0.00700393;0.140441;8.337e-05
5.57246e-07;0.00148989;7.15757e-09;4.33043e-07;1.05303e-06;1.50461e-07;8.89502e-10;2.6516e-05;1.88882e-08;9.42704e-09;6.00167e-08;0.000175382;0.998303;3.12625e-06
0.000136076;0.0083927;4.80184e-05;9.88307e-05;0.000944284;5.10965e-05;1.97418e-07;0.00326713;4.9045e-05;3.16469e-06;0.000118693;0.967429;0.0194533;8.34849e-06
2.05835e-05;0.0271822;8.31111e-07;1.10249e-06;0.00131885;0.000201414;9.75168e-07;0.969436;2.34668e-05;2.07393e-06;3.40378e-05;0.000541131;0.00103743;0.000199755
2.65334e-06;0.994897;2.53646e-07;1.29217e-06;1.05859e-06;3.91696e-07;0.00425966;0.000406541;2.67632e-08;0.000266158;3.96429e-06;5.05428e-06;5.28332e-07;0.000155531
9.74397e-10;1.11417e-09;1;2.62239e-09;1.57276e-11;1.64196e-11;2.14944e-09;1.47861e-10;1.04618e-09;7.7542e-11;1.09275e-08;7.42646e-09;4.57804e-11;8.65965e-11
7.39143e-05;0.021963;7.64538e-06;6.0341e-07;1.10128e-05;3.17485e-07;3.5e-06;0.977632;6.57715e-06;3.50399e-06;5.06882e-06;5.64632e-06;4.67029e-05;0.000240326
8.54861e-09;0.000252732;3.66128e-07;1.06867e-07;6.05991e-07;1.08095e-07;4.23168e-09;5.68171e-06;1.08634e-08;4.08753e-09;1.07417e-06;0.999736;2.81595e-06;7.38441e-07
3.93808e-07;0.984059;3.59369e-09;1.35664e-09;1.89771e-09;9.66642e-10;1.36326e-06;2.66631e-06;7.00053e-09;1.06446e-09;1.39518e-07;1.06173e-05;0.0159257;1.08282e-10
0.000119288;0.766996;0.0258549;4.27488e-06;8.81309e-05;1.64703e-06;1.06191e-05;0.0146764;3.96469e-05;6.47966e-06;1.27663e-06;0.188711;0.00328721;0.000203175
0.000404571;0.00556207;1.32501e-06;0.000101998;0.000352851;4.98231e-05;0.000384043;8.8191e-05;0.991546;4.01597e-06;0.000683251;0.00018792;0.000108809;0.000525293
0.000158096;0.000905045;3.9242e-07;9.9842e-09;1.19284e-06;2.04017e-09;3.96072e-08;0.99892;1.18957e-05;1.33038e-08;2.15736e-09;3.84445e-07;2.46369e-06;1.51533e-07
2.93382e-06;0.99042;3.17115e-06;2.0398e-06;7.01624e-05;9.28238e-05;8.66719e-07;0.00163286;2.80732e-06;3.6138e-06;1.56145e-07;0.000102178;0.000925045;0.00674156
1.55264e-08;2.33803e-09;0.999999;3.52662e-09;2.38236e-10;4.68654e-11;1.24769e-08;8.25662e-09;1.57604e-08;1.62201e-09;1.70813e-09;5.68211e-07;7.33144e-10;1.28702e-11
3.71338e-07;5.34301e-06;0.0015659;6.60284e-07;4.4523e-07;1.25756e-07;3.1535e-09;4.21891e-06;7.19565e-06;1.16084e-09;1.2596e-07;0.998415;5.91016e-07;1.7065e-07
0.000455584;0.978852;1.15855e-09;2.83402e-06;4.7499e-06;5.45781e-05;0.00721967;0.00233226;0.00176955;0.000278252;3.02983e-05;5.48187e-09;0.000751935;0.00824779
1.53882e-09;5.10522e-11;0.999999;5.53816e-10;1.64144e-09;2.78438e-12;2.18088e-12;2.11302e-11;1.46497e-09;2.82936e-12;3.57753e-11;8.61097e-07;3.27078e-13;6.51274e-11
2.68053e-05;0.842349;3.3943e-05;1.04517e-06;0.00120686;4.26446e-07;4.45287e-09;0.155484;5.2534e-06;1.39176e-08;6.46212e-09;0.000373691;5.30907e-06;0.000513459
7.90857e-09;1.96683e-06;2.9197e-11;9.65599e-11;1.87009e-06;3.17619e-09;4.75458e-13;0.999987;1.6152e-09;1.36658e-10;1.60944e-12;4.92044e-10;8.85657e-06;8.57662e-10
1.70723e-08;2.88268e-06;0.999906;1.64918e-07;7.97096e-05;3.21915e-06;1.82892e-11;9.30166e-09;1.28138e-11;9.092e-07;9.52986e-11;6.27313e-06;1.29906e-08;6.54466e-07
3.40895e-06;0.992167;0.000299505;5.07843e-06;5.35819e-06;7.77661e-07;2.41661e-06;0.00671589;4.94997e-05;2.61123e-07;1.89778e-05;0.000385829;0.000309604;3.63367e-05
