1.15516e-05;0.0123619;1.99539e-07;4.94866e-05;0.000236322;1.35165e-05;1.91379e-07;0.938703;0.000204564;1.96915e-07;6.62647e-05;0.0482681;6.7115e-05;1.81402e-05
5.27399e-06;0.946244;4.18677e-05;9.87947e-06;2.02339e-05;0.000167856;3.69926e-08;2.0128e-05;3.44699e-09;6.59274e-06;5.11479e-07;0.00444958;0.048967;6.68528e-05
0.000240277;0.0834122;1.53466e-07;5.23469e-06;0.000163147;3.15526e-06;1.56348e-06;0.00137589;1.51026e-06;7.13889e-07;2.87093e-05;0.911807;0.00231663;0.000644004
8.89906e-05;0.0889579;2.97555e-05;6.72105e-06;0.140099;0.000126248;8.98068e-08;0.175485;5.08423e-08;1.32078e-06;1.74303e-08;4.77926e-05;0.585473;0.00968454
4.22404e-06;0.00645395;7.86065e-08;4.95073e-06;9.21989e-06;0.000291503;1.76366e-07;3.81773e-05;2.3603e-07;2.20915e-07;1.36964e-06;0.00177589;0.991309;0.000111518
1.34514e-06;0.00100067;0.99725;6.56944e-06;3.68173e-07;6.6431e-07;6.64619e-06;6.60228e-10;1.2771e-09;4.08042e-05;4.54539e-08;0.000144605;3.36362e-07;0.00154739
3.23283e-07;4.7477e-07;0.99996;9.70074e-08;1.79775e-08;2.98372e-09;2.32742e-05;6.76611e-09;9.94501e-07;2.10216e-08;1.30187e-05;1.9832e-06;1.39108e-07;3.03035e-09
5.07246e-06;0.0357298;1.08131e-06;1.27923e-06;0.000174451;2.59578e-06;0.000507621;0.958217;0.000955317;7.94045e-06;0.00168813;5.10256e-05;0.00259717;6.17998e-05
7.60763e-07;0.999455;1.10934e-08;5.77212e-08;6.98472e-08;5.55895e-08;0.000150744;0.000317637;1.51302e-07;3.44724e-05;6.58799e-07;2.44514e-07;3.39626e-05;6.43488e-06
1.83939e-09;2.89239e-09;0.999991;3.48881e-09;2.51432e-09;3.45521e-11;1.06747e-08;2.11233e-12;1.78594e-09;3.60683e-09;4.06937e-09;8.6905e-06;3.00394e-14;3.01813e-09
1.83752e-05;0.00670355;0.992728;3.65747e-07;5.06633e-07;1.69519e-09;9.92159e-05;0.000149871;0.000128934;4.55632e-07;5.00191e-06;8.94236e-07;0.000164089;5.68106e-07
2.007e-06;0.969349;1.42779e-09;2.84405e-08;2.27551e-05;5.5589e-09;1.02829e-05;0.00309414;4.52031e-06;1.00794e-06;7.29485e-08;4.93748e-07;2.82336e-07;0.0275155
5.59708e-07;0.00106167;0.00569976;1.09334e-07;1.28371e-05;9.70808e-07;6.37428e-09;1.08354e-05;2.67618e-10;4.2122e-09;2.40796e-09;0.992999;5.41006e-06;0.000209152
5.20992e-10;0.999976;8.53471e-13;7.42914e-12;1.10734e-11;4.86176e-12;2.93403e-07;2.13878e-06;1.5809e-11;5.71682e-10;2.4834e-12;6.76718e-13;4.75674e-08;2.15979e-05
7.23721e-11;5.8385e-10;1;8.50938e-11;2.14758e-10;5.75894e-10;2.68233e-10;1.59804e-10;1.36883e-11;6.18791e-11;1.78114e-11;1.24508e-07;2.0245e-09;2.18215e-10
1.9342e-07;0.00120511;1.56861e-09;8.70645e-07;1.87823e-06;3.70979e-06;5.62688e-08;0.00207706;3.06846e-06;5.48772e-08;4.28436e-06;2.47351e-05;0.996677;1.678e-06
6.57674e-06;0.00019833;8.15378e-08;2.03702e-05;8.27155e-06;3.71223e-06;1.98413e-07;0.000683204;0.00020388;5.762e-07;0.000263642;0.998172;0.00042701;1.18435e-05
5.05406e-06;0.988446;1.93734e-08;4.80249e-06;3.59502e-06;3.72147e-07;1.95981e-06;0.0105718;2.72999e-05;9.50271e-07;7.27898e-05;0.000624822;0.000228487;1.24281e-05
6.91862e-06;0.947341;1.33066e-06;1.87461e-06;4.90088e-07;2.28977e-07;7.84332e-07;0.000159794;3.89864e-07;4.90642e-07;1.0463e-05;0.000990061;0.0513718;0.000114155
6.46149e-06;0.91418;1.63917e-06;2.81609e-07;4.14757e-05;2.13959e-06;1.88068e-07;0.00137842;5.02531e-08;6.18011e-07;2.39455e-07;0.0134744;0.00148092;0.0694332
1.02589e-05;0.180876;7.0857e-07;6.89428e-07;0.0076315;5.30545e-06;4.45902e-06;0.00102456;7.35246e-08;3.89014e-06;1.45939e-07;0.00011648;0.000162845;0.810163
0.000359154;0.0377167;1.07407e-05;3.31966e-06;1.68936e-05;8.92354e-05;0.000119537;0.0033066;0.000239199;8.23963e-06;0.000164698;0.0264483;0.931485;3.21556e-05
4.53767e-06;0.000394848;0.965584;6.72153e-05;1.2646e-05;3.94675e-06;0.000663044;3.61704e-07;2.89826e-07;0.00184642;1.20291e-06;0.0313474;7.75417e-07;7.36824e-05
1.05801e-07;1.22482e-06;0.999967;3.28707e-06;8.27031e-09;2.0111e-08;5.52842e-06;1.60733e-09;1.13197e-06;1.93189e-07;1.41969e-05;7.45626e-06;2.50718e-07;7.00799e-09
0.000105304;0.790441;2.46353e-05;7.84857e-05;1.33104e-05;7.585e-06;0.00192244;0.0370874;0.000481774;4.0612e-05;0.00776173;0.0385494;0.122921;0.000565194
9.27021e-07;0.895134;1.98332e-08;1.34921e-05;1.02422e-07;9.10768e-07;0.0101392;7.83259e-05;0.00012953;5.92793e-05;0.00549055;4.88691e-06;0.0889317;1.74265e-05
1.89777e-06;0.000380102;0.00295394;0.000537916;5.28215e-05;5.20046e-07;3.64911e-07;5.10232e-07;1.0096e-05;2.65468e-06;0.0001207;0.995746;2.58954e-07;0.00019184
4.68054e-05;0.979399;4.9477e-10;6.9196e-06;7.42497e-07;7.94622e-09;1.66553e-05;1.24526e-05;0.00411819;1.10775e-06;0.0158384;0.000119789;0.000435457;4.55774e-06
3.87353e-06;0.994533;3.34914e-10;3.43579e-08;2.82611e-09;4.80039e-09;3.09639e-07;2.74818e-05;2.29931e-07;1.8384e-08;2.91717e-07;5.9358e-07;0.00543347;1.05203e-06
7.16284e-07;0.000645188;1.61547e-05;1.79537e-07;2.68536e-08;1.13423e-10;3.86864e-09;3.69561e-05;2.00693e-07;2.85193e-09;1.13079e-06;0.999299;1.23579e-07;2.34306e-07
2.98719e-06;0.942906;1.76332e-07;0.000151436;0.0124242;1.77941e-05;5.5109e-09;0.0215526;1.34875e-06;1.17258e-06;1.49985e-06;0.000162929;0.000404021;0.0223734
4.58265e-08;3.38205e-06;4.35088e-09;1.1058e-08;1.01884e-09;1.79022e-06;5.75428e-10;1.25853e-08;3.9978e-08;9.0346e-09;2.51502e-08;4.77948e-08;0.999995;3.08515e-09
7.10547e-08;2.87284e-06;0.999995;9.71784e-08;1.43447e-08;3.76797e-09;6.82835e-10;2.7543e-08;9.14419e-10;4.15203e-07;1.79985e-09;1.33368e-06;6.01593e-09;4.79694e-09
4.867e-06;0.992309;5.33019e-06;9.83432e-05;2.84613e-05;8.73681e-06;5.37486e-06;0.00521686;0.000249908;5.90376e-06;0.000323443;2.83988e-05;0.00160721;0.000107888
