8.3201e-08;0.999643;2.6902e-07;4.75552e-07;5.10402e-06;2.88529e-06;2.53212e-08;0.000127053;1.33206e-07;1.21853e-07;3.52758e-07;8.84666e-06;0.000200417;1.10214e-05
1.417e-08;7.42376e-06;3.62262e-08;9.83347e-06;0.18493;0.796036;1.57754e-08;7.3797e-05;5.79959e-08;1.52677e-05;2.88536e-07;5.73585e-05;8.60386e-06;0.0188612
1.31987e-05;0.0283964;2.73644e-08;3.93591e-06;3.6432e-07;4.90575e-06;2.53098e-07;0.000127602;2.82935e-06;4.46861e-08;3.34046e-05;1.72296e-05;0.9714;5.5017e-08
2.78838e-05;0.0336389;4.94192e-06;3.10741e-06;3.86536e-06;9.79467e-07;5.38602e-08;5.68507e-05;1.33531e-06;5.44873e-07;2.69573e-06;0.960905;0.00532457;2.90796e-05
2.33732e-07;0.996239;2.10461e-10;9.7917e-10;3.76278e-10;2.01977e-09;3.46134e-08;6.95476e-08;1.94373e-09;2.01439e-09;6.80298e-09;0.00033051;0.00343007;9.22249e-10
1.73103e-05;0.0826821;0.000326725;0.000109856;2.70612e-05;1.53683e-05;1.58599e-05;0.00455465;3.86217e-05;1.33202e-05;0.00107003;0.909976;0.00113968;1.32283e-05
1.52555e-07;0.963485;3.62332e-08;0.000133863;0.00212991;0.000108823;8.30189e-09;0.000439124;1.36399e-07;6.5182e-07;1.43337e-05;0.000116188;0.00233806;0.0312341
1.65819e-06;0.0102448;2.77739e-06;4.41957e-07;7.34949e-07;6.77876e-07;1.46778e-07;0.00225922;2.46914e-07;2.22046e-07;1.11699e-05;0.000221005;0.987257;2.79472e-08
7.31873e-06;0.0129069;1.36116e-05;4.86815e-05;0.14353;0.0442278;5.311e-06;0.788713;2.11266e-05;0.000566379;6.91814e-05;0.00337916;0.00434843;0.00216329
1.06809e-06;0.00688797;1.85793e-10;5.3303e-06;0.000493962;1.69597e-05;5.21277e-08;0.000627915;2.93685e-07;5.61539e-07;7.75696e-06;0.000265309;0.991665;2.74849e-05
0.000772177;0.0046228;5.46077e-07;6.55308e-05;5.34388e-05;1.00689e-07;5.8886e-06;0.00023921;0.000276017;3.67289e-06;0.000659117;0.99272;0.000572309;8.72018e-06
1.3182e-05;0.000187547;6.20909e-09;1.3607e-09;1.08709e-07;6.58732e-10;9.10735e-09;0.999798;1.25856e-06;1.40721e-09;8.3131e-09;5.88156e-08;1.80204e-07;3.28698e-08
1.53641e-07;9.96346e-07;9.20022e-08;8.47435e-05;0.912214;5.8053e-05;6.53496e-08;0.00121839;3.03164e-05;1.48715e-06;3.6956e-05;0.0846785;8.8292e-08;0.00167601
4.35495e-05;0.242834;0.736371;0.000313071;2.96505e-05;6.11928e-06;5.12558e-06;1.17139e-06;2.41949e-06;2.94628e-06;0.000324118;2.51189e-05;0.0200207;2.17109e-05
0.000376065;0.742352;7.68955e-06;2.67334e-05;0.000415193;1.49899e-05;7.81758e-06;0.110771;0.00019573;2.68745e-06;0.00223805;0.0780263;0.0542495;0.0113171
4.92209e-05;0.912005;1.01254e-06;7.41e-06;4.8649e-05;1.27868e-05;1.94484e-06;0.000112247;7.9987e-06;5.48569e-07;0.000109132;0.076867;0.0107759;1.2413e-06
0.00885176;0.095249;0.0286008;0.000133497;0.0216369;0.00205584;5.30913e-07;0.000618072;1.43525e-06;3.68555e-06;1.04197e-05;0.014526;0.80741;0.020902
0.000297138;0.0207538;0.000222967;4.68394e-05;5.86442e-06;6.56483e-06;2.45368e-06;0.0121076;0.00102383;2.88225e-07;0.00480797;0.70131;0.259266;0.000148991
2.54719e-05;0.00541136;0.00264692;0.000289186;0.000891149;0.000116567;7.05088e-06;0.0663174;0.00121153;4.36626e-06;0.00467229;0.916949;0.00143605;2.19534e-05
0.000137635;0.933403;0.00770827;6.45717e-05;0.000774335;0.00924015;1.58324e-05;0.0244039;3.98263e-05;0.00014602;3.89582e-05;0.0084509;0.0155582;1.877e-05
4.1972e-06;0.00290178;2.41385e-09;5.84288e-07;7.90895e-07;3.63596e-06;1.02151e-06;0.000194424;1.57016e-05;1.2245e-07;1.48572e-05;0.000188665;0.996674;5.61255e-07
1.57872e-05;0.000617281;1.05698e-06;1.17142e-05;2.43709e-05;1.72787e-06;1.16271e-07;0.000144342;0.000164362;1.81703e-06;1.983e-05;0.998644;0.000351427;2.67661e-06
4.31981e-06;0.999015;6.51985e-09;7.56451e-08;1.42744e-08;8.96736e-09;6.34987e-07;8.2694e-06;1.24247e-05;4.18984e-08;1.16007e-06;0.000193839;0.000764314;1.85329e-08
7.522e-05;0.288429;0.00127791;0.00189743;0.00128455;0.000161048;3.15743e-06;0.00105693;3.02111e-05;6.39874e-05;6.55446e-05;0.693655;5.74988e-05;0.0119428
5.79801e-06;0.000220303;3.54619e-09;8.63456e-09;8.48514e-08;6.57902e-08;9.70302e-08;0.999737;1.75608e-07;1.14018e-08;1.0169e-07;7.79223e-08;3.58021e-05;1.85219e-07
1.82774e-07;2.83697e-06;6.72172e-07;5.37011e-05;0.0425753;1.28665e-05;3.94219e-08;0.000198636;9.69379e-06;3.69684e-07;7.06461e-06;0.956915;1.20965e-06;0.000222849
3.15701e-05;0.881399;0.0886017;0.000190123;2.19326e-05;7.43514e-06;9.69429e-06;3.9818e-06;6.03473e-06;1.7945e-05;2.87728e-05;7.72778e-05;0.0295542;5.04623e-05
0.000200191;0.334152;5.33167e-06;4.32458e-05;0.00145205;3.39225e-05;2.30427e-05;0.0788608;0.000624037;1.07322e-05;0.000498392;0.558136;0.0232237;0.00273674
3.54396e-05;0.974577;2.85384e-06;1.69854e-05;8.26885e-05;3.42455e-05;4.79039e-05;0.000998206;8.12897e-06;4.32379e-06;2.70229e-05;0.0200688;0.00409064;5.49741e-06
9.88947e-05;0.000520918;0.000398771;5.2796e-06;0.000106293;0.000316646;3.89579e-09;4.16911e-05;9.0281e-08;1.38538e-08;3.94902e-07;9.21813e-05;0.998089;0.000329492
0.000522469;0.96123;1.39226e-06;1.62899e-07;1.45236e-06;1.62199e-07;1.20979e-05;0.0355807;4.22554e-05;6.61071e-07;3.97926e-05;0.000998702;0.00109318;0.000476476
9.24865e-06;0.0115993;0.0194946;0.000110672;0.195669;5.90023e-05;9.98544e-06;0.098137;0.000538446;5.9231e-06;0.0001333;0.663341;0.0105724;0.000319439
4.12683e-05;0.102769;8.10411e-05;9.43883e-06;0.00106373;0.00117575;0.000100885;0.384597;8.0762e-05;4.53121e-05;0.000619663;0.0210233;0.488302;9.06922e-05
2.59602e-07;0.00762554;7.41677e-11;5.01295e-08;1.46367e-07;2.85203e-08;2.11712e-08;4.77804e-05;2.14129e-07;7.66434e-09;6.41317e-07;7.49408e-05;0.99225;5.57378e-07
9.53e-06;0.000277246;6.04516e-08;3.07642e-06;1.07224e-06;1.91445e-08;2.09074e-08;0.000103941;2.33003e-05;2.02126e-07;8.3333e-06;0.999145;0.000427501;5.49407e-07
1.16812e-05;0.999009;6.36825e-07;1.63224e-06;1.80485e-06;7.06847e-09;6.41174e-09;0.000111739;3.48434e-08;1.67786e-07;8.24119e-08;0.000576713;0.000284897;1.29497e-06
1.07134e-06;0.999566;2.35283e-09;8.14302e-08;8.61643e-09;5.20298e-09;2.49227e-05;2.0098e-06;1.53059e-09;7.03047e-05;3.7212e-08;2.57143e-08;5.10956e-06;0.000330273
3.44262e-10;1.06606e-10;1;6.44064e-09;4.84329e-10;6.98171e-10;2.57863e-09;4.93263e-12;3.07826e-10;1.19925e-09;9.25184e-09;3.5514e-08;1.18674e-13;1.64365e-09
1.00963e-06;0.989498;3.28147e-09;4.8111e-09;1.40532e-09;1.33039e-09;2.36213e-06;2.69171e-07;8.65244e-07;1.6769e-09;1.17802e-06;6.65645e-07;0.010496;2.15906e-09
4.5749e-07;0.0333125;1.72188e-05;2.4585e-06;3.5733e-05;1.89045e-05;5.04855e-08;0.000414926;9.83282e-07;4.97671e-07;1.09666e-06;0.965185;2.31702e-05;0.00098674
4.17795e-06;0.93667;6.43982e-07;7.18988e-06;0.000330223;0.000264703;1.6017e-05;0.0252199;5.13057e-07;1.58679e-05;6.76098e-06;0.000292072;0.00805721;0.0291143
7.96458e-07;0.000873621;2.08173e-05;1.03157e-07;1.71796e-08;1.57759e-06;1.79763e-08;1.08103e-05;2.95278e-09;2.55398e-08;3.70841e-08;0.999034;5.71645e-05;5.01681e-07
3.74382e-09;0.999976;1.19117e-09;4.83645e-10;4.95117e-11;2.09299e-10;2.15948e-05;3.55423e-08;1.27607e-10;1.1476e-06;7.46694e-11;3.19911e-11;9.8591e-09;1.5222e-06
2.41939e-11;3.72676e-12;1;4.11515e-11;5.00907e-11;7.38332e-11;5.97405e-11;4.44833e-11;3.43559e-12;1.70506e-10;1.50209e-11;6.4681e-08;6.47584e-12;8.73666e-13
1.33122e-06;0.995955;4.40745e-09;9.52631e-06;3.72946e-06;1.11127e-05;5.59141e-06;0.000319109;1.01743e-05;6.48566e-06;2.42781e-05;5.31847e-07;0.0036495;3.48756e-06
2.22195e-06;0.999724;8.92722e-08;2.47994e-06;4.55195e-08;3.3942e-08;1.51185e-06;9.78858e-05;6.89969e-07;3.75485e-06;4.60654e-06;0.000136972;2.51897e-05;7.19156e-07
9.29465e-08;0.999548;3.82231e-11;1.12055e-06;2.69905e-05;3.91077e-09;2.95882e-07;0.000244142;1.19814e-08;8.04034e-07;2.03453e-08;0.000163863;1.94388e-07;1.42348e-05
1.31947e-05;0.000986517;0.0115547;0.000415304;0.00168604;0.0040869;1.71201e-05;8.83545e-05;6.76602e-07;0.00180826;1.04276e-05;0.978422;7.2282e-05;0.000838585
7.66519e-06;5.41443e-05;1.23521e-10;2.48661e-07;2.79848e-06;7.32463e-07;2.29432e-06;0.999224;1.73708e-05;3.2458e-08;3.31864e-06;8.99614e-06;0.000677749;1.38779e-07
6.00075e-05;0.00591747;3.73892e-07;1.0137e-05;2.1164e-06;2.54504e-06;6.90805e-07;0.000173771;0.000105841;3.44054e-06;5.17985e-06;0.993243;0.000473946;1.71629e-06
6.14563e-06;0.99994;2.91271e-06;1.01059e-06;2.01371e-07;1.67777e-08;2.1627e-09;3.34019e-05;3.93645e-09;6.08514e-08;1.65156e-09;1.3589e-05;2.40216e-06;1.44816e-07
5.23949e-07;0.00275646;2.47627e-13;6.12483e-07;4.30223e-05;5.84952e-09;3.9342e-09;0.997182;9.37869e-09;6.39272e-07;3.35965e-08;1.32475e-07;1.17889e-05;4.89265e-06
1.84874e-06;4.74037e-06;0.999575;0.000125252;6.02669e-06;2.32595e-05;1.04833e-07;1.73929e-09;9.79213e-10;7.4999e-05;1.50687e-06;0.000186452;6.28893e-07;4.46556e-07
2.3094e-07;2.10695e-05;1.88337e-11;1.40533e-10;9.79858e-13;1.9772e-11;0.999951;9.98157e-11;1.5138e-08;2.7506e-05;2.08791e-07;1.79147e-13;1.27441e-09;5.47529e-09
3.91129e-12;8.83711e-13;1;5.27701e-13;3.30613e-14;5.20284e-14;4.54041e-11;1.33969e-14;1.67487e-11;3.72474e-13;4.79844e-12;4.93181e-12;3.19752e-14;3.93239e-16
