1.41909e-06;0.999544;0.000354636;1.18462e-05;6.01658e-07;7.52722e-08;5.38461e-08;3.21227e-06;5.22754e-08;1.19951e-07;8.06521e-08;5.98008e-05;2.30141e-05;1.60349e-06
2.87518e-05;0.802918;2.0956e-06;8.6306e-07;3.06363e-06;2.05318e-06;1.77754e-06;0.196552;8.5799e-07;4.5328e-06;4.78292e-07;6.26223e-07;0.000472485;1.2302e-05
5.6763e-08;0.000100346;6.51289e-05;6.95905e-06;8.86503e-06;3.09191e-06;1.02741e-08;9.16074e-07;4.52205e-07;7.87511e-08;4.09172e-06;0.999802;5.72532e-07;7.36884e-06
1.41337e-05;0.965702;2.0796e-07;6.57917e-09;1.69976e-08;4.38399e-09;1.02776e-06;7.66022e-05;1.14355e-07;6.23478e-09;2.01953e-07;3.13654e-06;0.0342025;1.82358e-09
2.40044e-07;0.969068;4.11685e-09;5.06924e-08;4.20533e-07;2.18297e-07;5.93431e-05;4.23342e-07;3.53007e-08;5.78394e-05;6.15579e-10;7.93694e-06;1.18604e-07;0.0308057
8.15581e-11;3.32652e-11;1;3.32955e-12;9.97118e-11;2.17783e-12;1.61243e-11;6.23538e-10;1.56422e-10;4.92458e-13;4.07177e-13;1.19318e-09;2.55173e-12;3.40801e-13
3.50052e-05;0.488954;1.47694e-06;3.01702e-06;0.000115954;0.00611413;0.000627074;0.219227;0.000803124;5.12076e-05;3.99356e-06;1.78906e-08;0.284015;4.86969e-05
2.1487e-09;2.5652e-10;1;3.27437e-10;1.77428e-11;2.53119e-11;7.56264e-10;5.25507e-11;1.83625e-09;1.50761e-10;2.17886e-10;1.96619e-09;5.46771e-11;1.34888e-11
3.26769e-07;0.000155112;0.000687974;1.24899e-06;1.94784e-06;4.5646e-06;6.98079e-08;2.95864e-05;1.72089e-05;6.12746e-08;5.09081e-07;0.99908;1.2468e-05;9.07992e-06
1.18391e-08;6.79164e-09;0.999451;5.23568e-08;1.7812e-05;9.57249e-05;8.34093e-10;5.82749e-11;1.46149e-08;1.54884e-08;3.66722e-09;4.54303e-08;8.92683e-08;0.000435019
1.43108e-06;0.0127456;2.31022e-06;1.06609e-08;0.000121918;3.76905e-06;8.30977e-11;0.986669;6.79656e-09;1.69527e-09;3.8054e-09;8.40982e-05;0.000246601;0.000125131
1.04136e-08;0.993146;1.0039e-10;1.18007e-08;8.72572e-08;7.14077e-09;4.19665e-08;2.06032e-05;2.33056e-09;1.05537e-07;7.24305e-11;3.43024e-07;6.81276e-07;0.00683162
5.03447e-05;0.201742;1.5027e-06;0.0001177;2.52548e-05;2.47209e-05;0.000155568;0.788897;0.000162369;1.66389e-05;9.02449e-06;3.30765e-06;0.0087944;3.8913e-07
2.27667e-06;0.997903;0.00111933;7.78053e-05;8.03885e-07;5.03537e-07;3.61317e-08;8.71292e-05;2.52131e-09;1.04292e-05;7.68702e-09;0.0002012;0.000596596;1.57655e-06
5.46921e-05;0.834253;1.98294e-06;1.20115e-05;4.28101e-06;4.55182e-06;2.81437e-06;0.00574728;2.03833e-05;6.5797e-06;0.000224991;0.123977;0.0356701;2.02663e-05
3.67794e-07;0.999292;2.1369e-07;1.3087e-06;1.37672e-06;1.25251e-07;0.000115767;2.21683e-05;2.01669e-07;0.000555341;1.64293e-06;3.28003e-07;2.3121e-06;7.11323e-06
1.98855e-06;5.61835e-05;0.99938;3.23591e-06;1.89708e-07;3.17343e-08;1.03361e-05;2.76952e-06;3.80435e-06;1.01791e-07;1.48765e-05;0.000486852;3.9579e-05;1.00167e-08
1.2313e-05;0.822222;5.85915e-05;3.94752e-06;3.59499e-05;0.00044813;5.92914e-07;0.134461;6.45681e-06;2.85903e-06;1.69053e-06;1.59638e-05;0.0427105;1.9225e-05
4.98239e-06;0.99725;8.68232e-07;7.83032e-07;9.63082e-07;1.65902e-06;0.000144918;3.70744e-05;1.14323e-07;0.00032236;6.53472e-06;3.84434e-05;0.00210381;8.71588e-05
3.53592e-09;8.08284e-10;1;1.43295e-09;1.70278e-09;1.69273e-09;1.97398e-09;4.77611e-10;2.963e-10;1.4573e-09;7.08366e-10;8.67696e-08;1.9815e-09;5.69899e-10
8.87415e-05;0.886526;3.83457e-07;1.43221e-05;5.39121e-05;7.46778e-06;1.7215e-06;0.102783;4.24268e-05;3.45428e-06;7.07087e-05;0.00234014;0.00739001;0.000677652
3.26037e-06;0.498952;5.52302e-09;3.12105e-07;3.15933e-05;5.99821e-09;9.54443e-07;0.49998;1.00913e-06;1.30139e-06;9.01142e-06;0.00099755;2.22489e-05;2.57562e-08
2.50345e-05;0.00716372;0.333935;0.000944991;0.00375267;0.00176592;6.44058e-06;0.00107382;2.00158e-07;0.000633455;0.000154582;0.644314;0.00600061;0.000229171
1.36946e-06;0.876;1.75095e-10;9.53088e-08;8.02221e-09;2.19888e-08;0.123744;6.94975e-07;9.10866e-08;0.000232478;1.16413e-05;2.24412e-07;1.46359e-06;8.09448e-06
1.42913e-09;3.11121e-09;1;3.74726e-09;1.4282e-10;3.02854e-08;8.2886e-09;2.66382e-11;8.24841e-10;4.87633e-10;4.0308e-09;1.22573e-07;7.646e-08;1.34393e-10
3.21368e-06;0.993246;0.000162622;6.90077e-06;8.13336e-07;3.15164e-07;6.56811e-07;0.00541804;1.14938e-07;1.12001e-06;3.21028e-07;3.32312e-05;0.00112664;1.87514e-07
3.67071e-06;0.0894557;2.0488e-08;0.00031466;9.13668e-06;6.02103e-06;4.47277e-07;0.0180901;3.1671e-06;2.33854e-06;0.000761253;0.000312701;0.891039;1.31363e-06
0.000112883;0.970047;0.000607878;0.00889173;6.68948e-06;1.91513e-06;0.000128537;2.73214e-05;8.44772e-06;2.09544e-05;0.00336705;0.0159802;8.69583e-05;0.000712161
2.17407e-06;0.00773124;7.3488e-08;1.28241e-07;3.78736e-08;3.10012e-07;9.95098e-07;0.00260219;1.22411e-07;2.17422e-08;1.07922e-05;8.20618e-07;0.989651;1.41281e-07
6.40367e-08;0.000499298;3.47507e-07;1.42269e-05;2.4023e-05;2.70745e-05;2.65241e-08;7.42524e-07;1.10587e-06;2.51807e-07;0.000236087;0.998993;0.000102258;0.000101061
0.000406825;0.00180525;0.000740247;0.000206376;0.00196391;0.00104705;9.52626e-05;0.992128;9.68693e-05;0.000570652;0.000529429;2.53064e-06;0.000309725;9.76769e-05
0.00044162;0.0249418;1.78907e-05;0.00247985;7.33682e-05;0.000115716;0.00669449;0.0165947;0.0252597;6.03845e-05;0.828648;0.00155506;0.0930572;6.05587e-05
8.8968e-05;0.982237;2.24476e-06;0.000108068;8.29347e-05;9.38417e-06;1.34962e-05;0.0148922;3.79339e-05;2.10024e-05;0.00101911;0.000283538;0.000861749;0.00034261
3.66752e-06;0.132269;1.5617e-08;4.30065e-07;2.74393e-08;1.54397e-07;2.78635e-06;1.80224e-06;3.48063e-07;2.866e-07;7.5439e-06;3.10213e-05;0.867683;8.55395e-09
1.06365e-05;0.00134985;0.97654;0.000113525;0.00012577;4.31021e-06;2.51359e-06;1.63569e-05;2.05436e-07;1.26702e-05;3.48448e-06;0.0215252;3.27434e-07;0.000295129
9.58485e-07;0.997488;3.41778e-10;8.48771e-08;1.97154e-05;3.37373e-08;1.28036e-07;0.00247665;6.6407e-08;1.9917e-08;3.15326e-07;1.03762e-06;1.25958e-05;8.39844e-08
1.63856e-06;6.39926e-05;1.50922e-06;3.43883e-07;1.10409e-05;5.30773e-05;5.64442e-08;0.998995;3.0422e-06;2.39691e-07;3.48214e-07;0.000280191;0.000588894;1.73727e-07
6.06332e-05;0.998933;5.49419e-09;3.41259e-06;9.04029e-06;5.5114e-07;5.62508e-07;0.000319179;6.26284e-05;2.01926e-07;6.37741e-06;0.000464881;0.000137991;1.28499e-06
2.97031e-07;0.999984;1.01144e-12;9.94321e-10;5.67886e-10;1.16135e-11;7.34415e-06;1.07534e-06;1.47234e-09;6.93802e-07;1.32028e-09;7.81249e-12;1.83984e-07;6.46762e-06
1.06654e-09;8.74054e-10;0.999997;4.7843e-09;1.05615e-09;2.9138e-10;1.62721e-09;8.99609e-11;3.11506e-10;3.01316e-09;1.36038e-10;2.70697e-06;7.33032e-11;3.29821e-10
1.95968e-06;0.975428;6.25494e-07;1.63216e-05;1.03404e-05;3.28651e-06;2.35787e-05;0.00535826;5.77297e-06;9.28852e-08;1.92257e-05;0.000114743;0.018982;3.5446e-05
3.94441e-06;0.993497;1.01067e-07;5.12418e-06;3.28506e-06;3.33542e-06;1.03399e-05;0.00142805;7.33682e-06;6.39711e-06;4.56049e-05;0.000438116;0.00124041;0.00331087
3.85627e-06;0.199158;6.7401e-07;5.92553e-06;0.00371709;4.17389e-07;2.88674e-06;0.248188;1.45504e-05;1.15519e-05;1.12362e-05;0.548875;1.09123e-05;3.65374e-07
0.000323848;0.13658;0.388616;0.00204329;0.00666458;0.00252545;2.85245e-05;0.00609162;2.25613e-05;0.00166345;5.58511e-05;0.132645;0.322181;0.000559216
4.44912e-06;2.20218e-05;5.94521e-10;3.86241e-07;1.51954e-06;5.94878e-07;2.74639e-07;0.939674;3.21008e-05;1.50672e-08;4.32078e-05;2.8192e-06;0.0602189;1.37827e-07
1.33534e-05;0.000230147;3.72992e-05;2.58488e-05;1.12573e-06;4.19554e-06;3.99785e-07;0.000291456;5.86899e-05;2.02903e-06;6.93775e-05;0.996955;0.00229576;1.55751e-05
0.000750757;0.982531;2.31766e-05;3.98784e-05;3.26317e-05;0.000205798;8.76367e-06;0.0104412;3.53422e-05;8.93958e-05;7.30636e-05;0.000702868;0.00249465;0.00257116
1.17051e-05;0.0508246;3.02535e-07;3.43163e-06;0.000122834;3.31603e-05;1.60837e-08;0.000217306;3.28981e-08;1.51002e-06;1.05539e-06;0.946948;0.0018166;1.94948e-05
8.43062e-06;8.9772e-05;1.13125e-10;0.000133982;9.14835e-06;0.000278551;1.52361e-07;0.000233733;9.6109e-07;6.04069e-06;2.53924e-05;4.60448e-06;0.999198;1.16574e-05
5.91645e-05;1.57762e-06;0.999914;5.51759e-06;1.85057e-07;4.01281e-08;4.87923e-07;1.50013e-06;1.36797e-07;2.35632e-06;5.26471e-06;1.94909e-07;9.89405e-06;4.40368e-09
1.26549e-07;1.29374e-05;3.43901e-09;6.42328e-09;3.06519e-12;2.36173e-10;0.998348;1.30104e-10;1.86607e-06;0.0016287;8.64206e-06;2.99504e-13;2.58983e-09;8.40178e-08
1.31108e-12;1.97411e-14;1;5.76587e-12;9.91394e-14;2.11716e-13;6.38679e-11;4.09061e-15;3.14483e-11;1.63394e-12;7.00254e-11;9.4184e-12;2.79083e-15;1.2005e-15
