8.63452e-07;0.991995;2.22871e-09;8.47782e-08;1.27927e-09;1.88024e-08;3.41479e-06;1.54383e-07;2.88991e-06;7.06147e-09;9.83111e-06;0.00025248;0.00773495;7.48444e-10
2.87491e-06;0.946139;3.49048e-07;1.67407e-06;6.02068e-05;3.37675e-05;9.7726e-08;0.00575101;8.10938e-07;8.10977e-07;8.15914e-07;0.0450544;0.00243045;0.000524047
9.98204e-07;0.99131;2.78276e-08;3.22117e-06;5.46206e-06;1.64371e-05;3.16787e-07;0.00190666;2.85121e-06;6.31132e-07;1.83991e-05;0.000155344;0.00639939;0.000180265
3.88479e-07;0.999292;1.64593e-09;4.62363e-08;6.65831e-08;2.76189e-09;1.31672e-06;2.77677e-08;1.14302e-07;3.98824e-08;6.10533e-07;0.000606784;9.88595e-05;9.08883e-08
4.77261e-06;0.000606228;0.000128721;9.25532e-06;0.0096981;3.48917e-05;7.2039e-09;0.000127188;9.28316e-08;6.93728e-08;3.63909e-07;0.98828;5.42917e-05;0.00105608
0.000356895;0.581739;4.19341e-08;1.56989e-05;0.000265472;1.72162e-05;5.08683e-05;0.212861;0.00276016;1.22832e-07;0.00132242;0.0074363;0.192894;0.000281056
0.000468516;0.374404;8.29694e-05;7.03629e-07;4.65696e-05;6.77504e-06;7.48557e-07;0.0382324;2.91214e-06;1.02754e-06;6.73181e-07;0.576405;0.0099943;0.000352848
2.56269e-05;0.326733;0.00044074;4.62757e-05;0.000641987;6.5692e-05;0.00038123;0.66988;0.000293249;0.000238047;6.36288e-05;0.00035397;0.000597977;0.00023903
4.1634e-10;7.8746e-09;1;2.81428e-10;5.48873e-12;7.44714e-13;4.96974e-09;4.39688e-10;1.47932e-09;2.08758e-10;7.76003e-09;3.23076e-08;3.25526e-11;6.84425e-13
6.82779e-05;0.000452182;1.15869e-07;7.19899e-06;6.81918e-05;3.74479e-05;6.54506e-05;0.00324433;0.0103254;1.36846e-05;0.000361685;0.000270114;0.000477772;0.984608
6.05846e-06;0.931212;2.645e-06;4.74381e-08;1.15279e-06;9.85708e-08;9.99784e-08;0.0185927;3.50196e-07;1.14976e-07;1.34501e-07;0.000546855;0.0496159;2.20616e-05
7.95999e-06;0.962941;2.57356e-07;2.7532e-06;0.000309916;2.03174e-06;2.84159e-06;0.00143111;1.07465e-05;1.60576e-06;8.35975e-07;0.00372165;0.0312214;0.000346174
5.66875e-05;2.64905e-06;8.3923e-07;2.0093e-07;5.62423e-07;7.41582e-09;4.07017e-07;0.999618;0.000307513;2.70241e-08;1.1143e-06;2.15094e-06;9.73752e-06;2.65125e-08
2.88521e-05;0.879437;0.000802183;1.7758e-05;4.96509e-05;0.000151996;3.90149e-07;0.000819151;2.57116e-06;5.4667e-05;6.50103e-08;0.00142066;5.41242e-05;0.117161
0.00113051;0.337731;3.04816e-05;2.17969e-05;0.000109628;0.000360812;9.73655e-06;0.0286512;4.3717e-05;2.38921e-05;0.000170109;0.0241625;0.605418;0.00213674
9.803e-05;0.179002;1.37982e-05;1.68812e-05;3.39334e-05;5.74588e-05;7.14421e-06;0.104964;8.17078e-06;4.79546e-06;1.05492e-05;0.000406181;0.712765;0.0026123
0.000347762;0.548279;0.000518814;0.00075293;0.000127367;0.000876039;8.39688e-05;0.00171472;0.000144349;3.67087e-05;0.00206308;0.328005;0.116602;0.000448364
5.16748e-07;0.999205;0.000549278;8.50037e-07;9.04108e-10;2.98457e-09;0.000188252;1.26752e-08;8.98453e-10;3.80113e-05;1.87753e-08;2.75937e-06;6.96691e-08;1.52119e-05
1.44495e-11;2.19184e-11;1;2.69264e-10;7.551e-12;3.63377e-11;6.55927e-10;2.3287e-09;1.46715e-12;3.14714e-10;6.49809e-11;7.46315e-08;2.94717e-11;2.35803e-12
3.76481e-06;0.000488821;1.39609e-06;0.00232562;0.00175422;0.00240384;3.14102e-06;0.971508;5.8521e-05;7.29755e-05;0.0102399;0.0078886;0.00314613;0.000104687
1.43787e-05;0.998949;3.57076e-05;0.000153066;3.72238e-07;8.05126e-07;2.63363e-05;0.000222148;6.56022e-07;5.45284e-06;0.000374208;1.36929e-05;0.00019509;8.65896e-06
3.34694e-07;0.9919;7.60446e-09;1.43438e-08;8.46099e-11;4.83441e-09;5.29446e-07;2.03669e-07;4.31966e-09;7.64545e-09;1.24734e-06;0.000102189;0.00799549;6.45865e-09
4.04771e-05;0.624608;0.000161734;0.000193511;1.96057e-05;0.00076692;0.000161297;0.0673136;0.000112406;3.56186e-05;0.00142853;0.302565;0.00177886;0.000814725
1.5233e-06;0.0172355;8.67169e-08;8.08228e-05;0.00280736;0.125255;4.16262e-07;0.00139414;1.07676e-06;7.0493e-05;5.95566e-06;1.31607e-05;0.00159214;0.851542
4.61617e-05;0.00677685;1.64036e-07;2.62657e-06;1.86352e-07;6.0516e-06;6.36861e-06;0.00757169;7.73563e-07;1.58509e-06;4.16725e-05;1.52675e-05;0.98553;3.2397e-07
9.2277e-08;9.69525e-08;0.999997;2.36521e-07;2.91187e-09;8.9455e-09;1.17531e-06;6.02637e-09;5.64395e-08;1.58148e-07;4.21256e-07;1.85775e-07;6.15928e-07;2.09231e-09
8.51598e-08;3.62166e-06;0.997598;1.04897e-05;2.24045e-05;2.48328e-06;6.10974e-09;0.00216932;3.66306e-07;2.58499e-08;8.41742e-07;0.000187828;1.7521e-07;4.29776e-06
4.85994e-09;0.000188261;5.77818e-05;3.32585e-07;3.39276e-05;0.0213718;2.05412e-10;3.77821e-05;2.8728e-10;9.34874e-07;3.11407e-09;4.56874e-06;4.8217e-07;0.978304
2.07488e-06;0.00719647;8.52242e-08;2.55714e-05;1.04016e-05;0.00157581;1.12962e-06;0.00372411;3.85204e-07;4.29875e-07;0.00139646;2.406e-05;0.986033;1.03113e-05
6.85517e-08;0.999773;1.09054e-07;3.65041e-09;2.17249e-11;2.21274e-10;5.79307e-09;7.75923e-06;2.46297e-10;1.45085e-09;4.6038e-08;1.74098e-07;0.000218433;3.65298e-10
1.46314e-09;0.999927;1.07559e-12;5.80303e-07;1.36727e-07;3.41125e-09;4.60209e-07;8.63811e-08;2.00879e-10;1.96239e-05;5.58016e-09;5.2298e-06;3.11623e-09;4.73441e-05
2.85427e-07;2.37269e-06;0.999911;3.44418e-06;2.2715e-09;1.15596e-08;9.88871e-06;2.2981e-08;1.90734e-07;1.37572e-07;6.68789e-05;6.0088e-06;2.29221e-07;6.1414e-11
3.25417e-05;0.395951;1.65568e-06;4.15116e-06;6.74825e-07;3.38051e-07;0.000806486;0.414445;2.09067e-05;9.48352e-07;0.0526562;0.000300906;0.135779;1.23008e-08
1.26485e-05;0.214563;1.92461e-08;0.00073693;0.00732752;3.74307e-05;3.09357e-07;0.000365;1.92594e-05;2.07421e-05;0.000611827;0.763534;0.00246728;0.0103041
0.00631726;0.0215554;6.98777e-07;2.75957e-05;1.67308e-06;2.481e-07;0.000113579;0.000871723;0.923453;5.93103e-06;0.0466834;0.000639331;0.000328825;8.02921e-07
3.4229e-05;0.999168;7.43412e-06;1.23143e-06;7.12887e-07;8.60719e-09;2.66565e-08;0.000760758;3.06477e-07;1.70939e-07;1.53111e-07;1.29697e-05;1.28333e-05;1.26195e-06
2.29022e-05;0.347688;0.000129375;8.03595e-06;0.000257282;1.38197e-06;1.24456e-07;0.00578807;3.00034e-06;1.47539e-06;3.73852e-06;0.643087;0.0029479;6.12481e-05
0.000115474;0.221729;8.37648e-08;0.000355222;0.00303814;0.000447774;8.75787e-05;0.103245;6.93765e-05;4.61522e-05;0.0014368;0.00229049;0.665385;0.00175393
0.0305958;0.376193;0.000257506;0.00210339;3.48891e-05;0.000146111;0.00159942;0.0470959;0.0559456;9.31257e-05;0.038725;0.425403;0.0215567;0.000250513
5.69355e-05;0.999194;1.70845e-05;5.46136e-07;2.29007e-08;4.7103e-08;3.04023e-06;0.000181632;3.62546e-05;3.55778e-07;3.35397e-05;0.000314442;0.000161795;1.21917e-07
4.32218e-07;0.972364;8.11613e-10;1.0874e-05;2.73117e-05;3.69774e-06;9.21784e-06;0.000419183;3.24851e-07;0.000333992;8.41499e-07;7.04673e-05;2.54301e-06;0.0267573
1.2813e-08;5.91224e-07;0.999997;1.95481e-08;1.11296e-10;1.21752e-09;3.69125e-07;8.09295e-09;6.86529e-09;1.4634e-08;4.4357e-07;8.45846e-07;3.03653e-07;1.03308e-10
1.59145e-05;0.664557;6.99184e-06;2.95569e-05;0.000397678;0.000726997;8.25731e-05;0.047471;0.000338978;8.10921e-06;0.00561836;0.00253927;0.275965;0.00224348
0.0011506;0.684878;0.000172041;0.000115954;0.00844103;8.15249e-05;1.75888e-05;0.174835;0.00022126;0.000378371;4.46851e-05;0.126828;0.00268326;0.000153189
0.00380198;0.0809209;1.31367e-05;1.95548e-06;6.28548e-06;1.1845e-06;0.000101419;0.85045;0.0517252;2.40208e-05;7.64677e-05;0.00167505;0.0112025;3.28185e-07
5.79149e-06;0.000217912;2.12528e-10;8.11337e-06;7.31061e-06;1.6638e-07;1.24796e-07;0.998015;0.000370125;2.19057e-07;1.02984e-05;1.14205e-05;0.00135279;3.07008e-07
0.000230468;0.99067;0.00058368;0.00327618;1.11884e-05;4.11461e-07;2.73407e-06;0.00396204;6.08799e-05;1.1517e-05;3.22069e-05;5.30176e-05;9.29207e-05;0.00101291
6.0682e-06;0.949107;3.91667e-08;1.4084e-05;5.87215e-08;3.02651e-08;2.35436e-06;0.000179785;1.34065e-05;8.46561e-07;3.72926e-05;0.000203255;0.0504348;1.54211e-06
2.68533e-07;0.0002039;6.46075e-07;0.000183375;0.000181769;9.92108e-05;2.70914e-08;0.00252819;4.01964e-06;7.84097e-07;0.000112743;0.996609;5.72244e-05;1.92199e-05
2.77084e-05;0.437779;8.79991e-07;9.71916e-07;2.12143e-06;1.99831e-05;6.44417e-06;0.514799;9.43545e-06;2.98415e-06;5.33348e-05;6.95871e-05;0.0472244;4.07767e-06
3.71924e-05;0.00196654;3.06574e-07;4.29037e-05;0.000403908;8.92465e-05;8.84046e-07;0.274946;5.80478e-06;1.33767e-06;0.0004688;0.00324637;0.718788;2.03238e-06
4.39839e-06;0.999821;2.66707e-05;2.37098e-06;2.66263e-07;2.09206e-08;7.21026e-08;1.68042e-05;2.22289e-08;4.46075e-07;2.34729e-07;2.15888e-05;0.00010586;2.33647e-07
0.000364699;0.644125;1.51042e-05;9.71042e-05;0.000141124;3.31984e-05;1.65587e-05;0.115325;5.98375e-05;1.71248e-05;0.00188998;0.184711;0.0530691;0.000135008
2.86803e-06;0.995348;1.55408e-05;1.56801e-05;5.47051e-05;1.84082e-06;7.6805e-06;0.00126074;6.98028e-07;1.11274e-05;0.00047816;0.00225959;0.000513804;2.98406e-05
4.01029e-05;0.249646;8.481e-10;0.00103185;5.63943e-05;0.000160493;8.36854e-05;0.000779145;0.000521314;2.8422e-05;0.0547171;0.182036;0.510885;1.42646e-05
5.10596e-05;0.997388;2.30566e-06;1.19271e-06;3.7491e-09;1.16692e-07;3.11498e-06;0.000716018;1.0585e-05;7.19823e-07;9.88576e-05;5.88914e-05;0.00166943;1.97171e-09
1.02906e-07;0.999747;4.34735e-10;3.52383e-06;8.45554e-07;2.49667e-08;2.47265e-06;1.9561e-06;1.30701e-07;0.000117024;1.18959e-07;4.09748e-06;4.18432e-08;0.000122819
1.04573e-05;4.39676e-05;0.999797;3.7567e-06;7.57728e-08;8.25528e-08;4.29369e-06;7.03089e-06;2.88191e-05;7.29805e-07;9.18939e-05;8.13491e-06;3.8495e-06;4.84311e-09
1.26013e-05;0.789564;2.71121e-08;2.02842e-07;8.09089e-05;2.63543e-06;1.07235e-06;0.178636;2.49192e-05;5.50721e-07;9.76835e-06;0.000115715;0.0315506;7.25242e-07
0.000137927;0.245928;2.21917e-05;2.12068e-05;0.112505;0.000227208;2.9672e-07;0.258247;1.30523e-05;3.35008e-05;2.86247e-06;0.0524346;0.329991;0.000435626
0.00181183;0.00456327;0.00203306;1.5941e-05;6.10536e-05;1.66856e-05;1.55309e-05;0.968699;0.0121869;2.0914e-05;4.15512e-05;0.00115236;0.00937982;2.52955e-06
6.89827e-05;0.000760639;6.93212e-09;8.94545e-07;6.20119e-07;1.58377e-07;7.80883e-08;0.992577;0.00185247;1.48302e-08;1.58683e-06;5.58155e-06;0.00473177;3.74616e-08
0.00238356;0.248902;0.0177405;1.99642e-05;6.27228e-05;2.77542e-06;4.43153e-06;0.195408;0.000350723;3.01227e-06;3.66807e-05;0.415747;0.119157;0.000181846
2.20997e-06;0.998462;1.54394e-09;3.83228e-07;5.95499e-07;3.44245e-07;0.000963047;0.000150408;1.18199e-06;6.94512e-05;2.1654e-07;1.22824e-07;0.000254421;9.61e-05
1.04478e-08;1.81085e-11;0.999997;1.75776e-07;8.09146e-09;6.33872e-08;6.85346e-08;2.9936e-10;3.15485e-08;4.42262e-09;3.15563e-08;2.7372e-06;9.71591e-09;4.87922e-11
6.15665e-06;0.999153;6.64255e-07;1.00471e-05;2.56437e-06;2.98925e-07;0.000347103;5.45078e-05;1.25033e-06;9.51949e-06;6.92918e-07;3.06364e-08;3.37994e-05;0.000380551
0.000366696;0.0029104;1.7059e-05;7.10461e-05;1.99907e-06;4.5714e-07;0.38414;0.000406498;0.393696;1.208e-05;0.217083;4.08867e-06;0.00128984;8.74684e-07
6.10566e-06;0.999403;2.84225e-08;5.91835e-07;2.13236e-06;1.39658e-07;1.39267e-06;0.00022523;1.65708e-05;1.70989e-07;1.07252e-05;3.4134e-06;0.000203671;0.000127009
1.58423e-06;0.99917;7.89513e-08;4.80811e-09;4.0659e-08;3.67098e-09;1.0563e-08;0.000777535;7.40396e-09;1.52803e-07;1.07063e-09;1.76302e-06;4.20159e-05;7.08179e-06
1.5627e-07;0.000108683;2.36391e-06;3.07927e-06;0.0206142;1.24445e-05;4.27517e-09;0.000289027;2.49328e-06;3.21018e-07;5.11672e-06;0.978936;1.22302e-06;2.52093e-05
1.70632e-06;0.985855;2.11698e-05;2.46212e-07;8.89746e-07;4.54659e-07;9.51932e-08;4.39126e-06;1.27802e-08;3.66859e-07;7.74478e-08;2.874e-06;0.0141125;3.58954e-07
2.05473e-06;0.000253032;1.2218e-06;7.55029e-08;6.75587e-05;2.40468e-07;1.925e-09;0.00586103;1.79113e-07;5.93699e-09;2.81918e-07;0.993677;7.46613e-05;6.29505e-05
3.08763e-07;0.000289945;1.01908e-09;4.80758e-09;0.000396095;3.19943e-07;4.82774e-09;0.999301;2.67939e-08;1.82541e-09;3.26789e-09;6.62138e-06;9.48287e-07;4.70725e-06
1.05029e-05;0.0372028;0.940298;3.32115e-06;8.16024e-05;0.000110365;2.64668e-08;0.00100491;1.8487e-09;1.2401e-06;9.94209e-09;0.0173268;0.00372263;0.000238359
6.3395e-05;0.00926547;1.40234e-06;9.52345e-06;8.1146e-05;9.67045e-05;1.09072e-06;0.824768;5.27124e-05;4.21594e-07;0.000711265;0.00724803;0.157395;0.000305564
1.69299e-05;0.00657628;3.85003e-05;2.80311e-07;2.28932e-05;1.83901e-06;1.04002e-07;0.99055;2.93913e-07;7.14826e-07;3.41162e-07;0.00257794;0.000143468;7.00877e-05
6.36706e-07;0.00938455;0.000241452;4.80136e-06;3.14391e-05;6.12782e-05;9.68428e-08;0.000198139;4.65703e-06;1.54672e-07;1.82652e-05;0.988523;0.00100695;0.000524737
6.15166e-08;0.998785;2.84947e-09;9.85998e-09;2.04366e-07;1.21675e-07;1.04228e-07;0.00013717;8.09506e-08;2.75965e-08;6.20697e-07;5.79212e-05;0.00101887;6.83654e-08
5.9971e-08;7.66004e-05;3.49714e-06;5.21357e-09;2.7863e-07;5.59966e-10;1.54835e-09;7.68609e-06;3.60758e-08;4.47689e-09;2.00923e-07;0.999909;2.45601e-06;1.11593e-09
4.26333e-06;0.00423591;8.52451e-10;1.43781e-08;3.95663e-06;1.22919e-06;4.52143e-06;0.995089;5.15219e-06;2.72248e-07;8.75348e-08;5.95132e-10;0.000651946;4.00348e-06
1.53791e-07;4.11598e-07;0.999997;1.81822e-08;1.14771e-09;1.09804e-09;2.35216e-08;1.50947e-08;7.9814e-08;1.22036e-08;5.10411e-09;2.41156e-06;3.49079e-07;6.54668e-10
1.21496e-07;7.04234e-07;0.997803;5.62156e-07;1.544e-06;8.33303e-08;1.206e-09;0.000381697;4.95844e-07;3.68543e-09;8.13739e-09;0.00180799;1.16502e-07;3.49988e-06
7.13725e-08;7.65515e-05;1.30387e-05;7.41158e-08;8.4981e-05;0.00186543;5.17992e-11;1.16271e-05;9.51409e-09;1.19379e-07;9.76571e-11;3.26646e-06;1.11911e-06;0.997944
6.52835e-06;0.000253981;4.48309e-10;1.35773e-07;9.90616e-06;4.55899e-07;5.67381e-09;0.993422;9.78121e-07;5.8652e-09;5.85783e-07;5.6341e-05;0.00624871;1.64919e-07
4.29966e-06;0.994206;1.646e-09;6.81662e-07;9.43843e-09;1.84813e-09;1.09567e-05;2.09399e-05;3.10731e-06;9.33124e-08;1.45982e-06;3.98651e-05;0.00571265;1.35433e-09
9.27572e-06;0.991912;4.46922e-08;9.72566e-06;2.81315e-07;4.23495e-07;3.02578e-05;0.000274156;3.35693e-07;5.29182e-06;9.99085e-06;0.00689265;0.000807236;4.83781e-05
1.27842e-06;0.997056;6.46939e-10;5.11363e-07;2.04474e-09;1.49924e-08;0.00265628;9.18764e-07;6.82312e-08;2.4857e-05;2.7945e-06;3.84435e-08;8.65115e-08;0.000257001
1.06049e-08;4.59936e-10;1;5.52301e-09;1.25818e-11;4.60641e-12;7.87692e-08;3.17396e-11;3.2227e-08;7.86693e-10;2.5047e-08;4.93155e-08;2.02749e-12;1.22991e-11
1.18585e-05;0.99805;4.05968e-10;3.79832e-07;6.55396e-08;1.85268e-08;2.69102e-05;1.55964e-06;6.19154e-05;7.90831e-08;6.7032e-05;4.24704e-08;0.00177944;4.94262e-07
3.09106e-05;0.946904;1.42242e-06;1.43424e-06;0.000258037;5.00494e-07;3.74717e-07;0.000382444;1.68422e-06;5.06544e-08;5.23353e-07;0.016029;0.00430692;0.0320823
7.34792e-07;0.000533861;1.42675e-06;2.31856e-06;0.0081307;3.59808e-05;2.58673e-09;0.0528344;1.31154e-09;1.08883e-07;1.01438e-08;8.70045e-05;0.00382875;0.934545
5.06861e-07;3.71351e-05;1.31738e-08;5.242e-07;7.36286e-09;2.57702e-05;3.36441e-08;1.49372e-06;1.56625e-06;5.72505e-08;3.27061e-06;1.14458e-06;0.999928;3.2301e-07
3.96421e-09;1.05132e-07;1;2.75007e-08;8.38108e-10;1.14904e-09;3.63605e-10;4.86252e-10;1.43018e-10;1.7055e-08;2.26953e-10;3.42757e-07;9.11287e-11;1.78057e-08
4.23653e-06;0.992175;3.32448e-06;0.00027812;8.30498e-05;7.51338e-05;6.7172e-06;0.00247743;0.000128509;2.69826e-06;0.00368244;7.56302e-06;0.000691021;0.000384802
