5.12668e-06;0.997532;2.73447e-08;7.39646e-06;5.15214e-06;9.82277e-07;2.97671e-06;0.00138316;2.00703e-05;2.99835e-07;2.48739e-05;1.87024e-05;0.000968539;3.06094e-05
3.26256e-07;0.976196;3.69824e-09;2.802e-09;8.09856e-10;2.02248e-10;2.79047e-07;2.52012e-07;3.28943e-09;3.72107e-09;3.81244e-08;0.000476899;0.0233264;8.90942e-09
5.26204e-06;0.0474504;1.17195e-06;1.82191e-06;0.000270824;2.93314e-05;0.0245964;6.99721e-05;1.87834e-07;0.0026234;3.3804e-06;5.16047e-06;9.47516e-06;0.924933
1.59539e-10;6.31099e-12;1;1.20276e-10;4.89304e-11;3.31075e-11;2.61392e-10;4.82128e-12;3.6468e-09;5.06644e-12;2.72235e-09;4.5503e-09;5.25212e-13;7.56275e-12
1.52604e-05;0.959204;1.42857e-05;1.50165e-07;1.39669e-06;1.21271e-07;3.31806e-06;0.0400783;2.09303e-06;6.74306e-07;3.93293e-06;1.72289e-06;0.000666982;7.51822e-06
1.39648e-07;0.00236401;4.15053e-05;7.4763e-06;7.7717e-05;4.4869e-05;9.40563e-08;2.18494e-05;3.39549e-06;4.92389e-07;1.9413e-05;0.997212;1.10257e-05;0.00019574
5.2275e-07;0.140226;3.18867e-09;9.1773e-09;9.52874e-10;9.14961e-08;2.97993e-07;2.11164e-07;1.81493e-07;6.40267e-10;1.11064e-06;9.40035e-06;0.859762;3.1278e-10
9.00333e-07;0.000329951;0.920581;9.5779e-08;6.47175e-05;2.00886e-07;1.50849e-09;1.23003e-06;6.84356e-09;2.08384e-08;4.53352e-10;0.0781802;1.05594e-06;0.000841141
1.58847e-06;0.000611754;9.56862e-11;2.4016e-08;4.14191e-05;8.15053e-07;4.45056e-07;0.998333;0.000240896;1.14793e-08;2.45612e-07;4.63127e-08;0.000769318;2.26917e-07
0.000367896;0.772162;0.17648;0.000444149;0.00244389;0.000215455;5.59579e-07;0.0127813;2.12029e-05;5.68621e-06;4.10372e-06;0.0251205;0.00968002;0.000272912
8.27087e-07;2.84369e-05;8.03225e-09;1.60414e-08;9.40245e-05;1.75809e-08;1.20255e-09;0.999809;2.07883e-08;3.27911e-09;1.20296e-08;3.67143e-05;2.60506e-06;2.86458e-05
2.75554e-07;0.998596;7.67357e-10;6.53107e-09;6.04853e-08;1.27259e-09;0.00138836;1.36674e-06;2.07249e-09;5.22986e-06;1.5808e-09;1.04995e-08;4.15888e-07;8.34281e-06
1.35449e-09;3.19192e-10;1;6.00068e-10;5.54484e-10;1.19376e-10;1.0362e-09;7.23979e-10;4.13728e-10;5.31498e-11;3.18585e-11;2.67875e-08;5.65039e-12;3.12096e-10
0.000202725;0.566308;0.000309211;9.05742e-05;0.00098527;0.00123824;0.00117974;0.345822;0.00683564;5.98461e-05;0.00364143;0.0020654;0.0664219;0.00484039
1.4887e-05;0.012827;2.65971e-09;2.65504e-05;4.36456e-06;3.00358e-05;4.66837e-06;0.0359897;0.000135493;1.55741e-06;0.00245648;0.00642416;0.942017;6.77722e-05
6.79849e-07;0.000453131;1.08415e-10;8.31012e-08;2.71506e-05;1.1581e-08;9.58431e-09;0.999414;3.92528e-05;1.12687e-08;2.85954e-05;3.2845e-05;4.15253e-06;1.45715e-07
0.000669554;0.843178;0.0306899;0.024942;0.0583183;0.00288514;2.90227e-06;0.00416864;6.5225e-06;0.00170188;0.00047036;0.00249195;0.00773162;0.0227436
0.0197536;0.0401102;2.67398e-06;3.48671e-06;0.000250649;9.82145e-08;0.000173607;0.933289;0.00307109;8.47954e-06;0.00144164;0.00183133;5.64085e-05;7.44047e-06
0.00115844;0.0300852;0.892026;2.11058e-05;0.00928093;0.0003266;1.95243e-06;0.000944437;2.1886e-06;0.00024753;4.30843e-06;0.0491854;0.0156066;0.00110962
7.93443e-05;0.405832;0.00045256;2.79179e-06;4.76626e-05;1.91986e-05;2.07121e-05;0.507984;0.000271013;2.57453e-06;1.65634e-05;0.00207706;0.00206459;0.0811305
2.67862e-05;0.0603665;1.74986e-05;3.22387e-05;0.000485819;0.000184293;3.90572e-07;0.470331;5.36925e-05;2.08082e-06;9.57425e-05;0.00139609;0.466959;4.87587e-05
