3.25332e-05;0.852672;1.32091e-06;3.41305e-07;4.58268e-07;4.02631e-08;1.83458e-06;0.144826;4.71631e-07;6.53981e-07;2.21509e-07;3.84471e-07;0.00246283;7.34385e-07
3.73102e-05;0.802397;0.000524843;0.000114032;0.00110656;4.11865e-05;1.64211e-06;0.00232335;3.56717e-06;8.77944e-06;5.14221e-06;0.106178;0.000175213;0.0870834
5.43462e-05;0.0766257;4.14045e-09;8.09125e-05;0.00106548;0.0024331;0.00198581;0.0963438;0.00071899;0.000196402;0.000308302;6.84203e-09;0.813657;0.00653011
1.83419e-07;3.03485e-08;0.999999;4.64687e-08;6.03345e-10;5.93193e-10;1.44761e-08;5.55373e-10;4.67414e-08;5.91606e-09;7.54657e-08;4.29263e-07;4.12332e-09;4.33346e-09
1.52839e-06;1.53337e-05;6.99972e-06;2.39102e-07;4.4513e-06;4.4752e-07;2.21948e-07;3.294e-05;4.10635e-07;1.77805e-07;4.41791e-07;2.49259e-06;8.92176e-07;0.999933
4.2331e-07;0.000141439;6.258e-10;1.55768e-08;0.000182293;2.46319e-07;5.70375e-08;0.999671;3.20082e-06;5.31129e-09;1.31955e-07;8.70213e-07;1.12437e-07;2.93506e-07
3.04635e-08;2.61343e-06;0.999988;1.95065e-08;4.15462e-06;6.24842e-08;2.76708e-10;6.59002e-09;2.36013e-11;1.02378e-09;9.18545e-10;5.14931e-06;7.17059e-08;8.88986e-09
2.41268e-07;0.998493;4.98498e-08;3.17393e-08;1.63389e-08;1.51769e-08;1.97082e-08;8.51502e-05;1.37689e-07;2.29427e-10;1.90243e-07;2.96644e-06;0.00141637;1.67634e-06
1.04095e-05;0.797321;4.9624e-05;2.40428e-06;1.04526e-06;2.836e-07;7.85266e-07;0.00993686;6.9762e-05;2.08975e-07;6.40392e-06;0.134138;0.058459;5.1117e-06
2.10314e-06;0.0699003;5.43661e-06;2.14918e-05;0.00161633;4.22381e-05;9.82829e-07;0.925642;2.5667e-06;5.11961e-05;7.69031e-08;1.4137e-05;0.000934749;0.00176678
1.01244e-06;0.000115308;5.85408e-11;9.80031e-06;5.52498e-07;0.000155923;5.83581e-07;2.59658e-07;1.49883e-05;4.16669e-07;9.69009e-06;0.000418667;0.999268;4.40581e-06
6.15748e-05;0.0053655;0.993394;1.58784e-05;1.86634e-07;1.51084e-06;1.63297e-05;1.89242e-06;9.57127e-08;0.000180052;1.60409e-07;7.64424e-06;0.000937543;1.73527e-05
6.04419e-08;1.024e-06;0.99998;1.57796e-08;1.44023e-09;7.61672e-09;1.83578e-05;8.4834e-09;2.23229e-08;5.48095e-07;3.09122e-08;3.37725e-10;1.45705e-08;7.84391e-10
1.71489e-09;1.31552e-07;1;6.64103e-09;8.62543e-10;4.45882e-10;3.41369e-08;1.38899e-09;3.86439e-09;6.00787e-10;1.82581e-08;8.96419e-08;1.48415e-07;3.15271e-11
4.30776e-09;1.67241e-05;0.989782;1.22094e-07;3.0037e-07;1.98229e-07;1.67981e-08;2.4468e-06;2.3266e-09;2.19584e-08;5.40628e-09;0.0099473;7.88259e-08;0.000251195
1.41595e-06;0.0081747;5.5434e-06;3.76666e-05;0.000957013;0.00692084;5.82304e-06;0.00178209;0.000103599;2.08711e-06;7.38842e-05;3.61167e-06;0.000397337;0.981534
3.37821e-06;0.393269;0.0382425;1.17635e-06;0.000275528;6.19541e-07;1.36008e-09;0.000483165;6.06129e-10;7.44048e-08;5.55941e-09;0.566916;1.65919e-06;0.000806833
3.71573e-10;0.999994;3.38845e-09;1.77671e-10;3.94567e-10;7.56251e-10;1.3643e-08;1.75581e-10;1.01558e-13;3.32268e-09;2.55149e-12;3.90073e-10;2.93435e-09;5.60831e-06
3.33616e-09;0.000144079;0.9997;1.22232e-08;2.41357e-09;3.27227e-09;3.25584e-07;2.41236e-10;1.25968e-10;9.55503e-08;5.53528e-11;2.27192e-06;1.84412e-09;0.000153288
1.66697e-06;0.967633;6.11343e-07;2.26543e-05;2.00231e-06;5.28073e-06;0.00105567;0.00950748;4.32535e-05;2.20832e-06;4.69272e-05;3.9489e-07;0.0216786;2.75545e-08
3.26568e-07;0.00889532;2.89623e-07;4.05166e-05;1.41511e-07;5.97295e-05;2.10913e-08;0.00308933;2.62214e-07;9.87624e-08;1.15327e-06;0.000529937;0.987132;0.000251065
6.65281e-05;0.00529451;0.000175962;0.0110148;0.00077967;0.000600649;9.20573e-05;0.000339002;0.0002104;0.0011565;0.00125452;0.00104992;0.000311538;0.977654
3.51435e-05;0.976771;7.39635e-09;1.3305e-05;7.07147e-07;6.00778e-07;1.92251e-05;0.00218525;4.99678e-05;5.10201e-07;0.000770569;0.000164631;0.0199867;1.86839e-06
0.000135824;0.00924194;1.88967e-06;5.91943e-05;0.000715775;3.48201e-06;1.20232e-06;0.0181585;0.000156798;2.40617e-05;0.000569269;0.970473;0.000426832;3.22923e-05
7.50723e-05;0.958331;0.00437967;0.000134495;0.0293925;0.000154766;2.40191e-07;0.000734041;1.03501e-07;0.00011755;1.09296e-06;0.000121378;0.00197532;0.00458242
0.00259159;0.0084047;0.00141891;0.000151618;2.19404e-05;5.50404e-06;0.000348677;0.153156;0.0190898;2.19875e-05;0.0465182;0.735724;0.0325343;1.34623e-05
0.000807036;0.707774;0.0076622;0.00179502;0.00350143;0.00905641;6.33061e-05;0.0188273;0.000121642;0.00142034;0.00362173;0.13419;0.0442616;0.0668972
8.40179e-05;0.000444538;2.13771e-10;3.86655e-05;1.24145e-05;0.00106774;2.30207e-06;4.07612e-05;0.000376364;9.55862e-07;0.00814644;0.0026469;0.987087;5.20157e-05
1.55592e-05;0.00166708;0.997667;1.05189e-06;2.79096e-06;5.75822e-07;1.86883e-09;8.01955e-06;2.06456e-08;7.09805e-08;2.64355e-07;0.000391086;0.000246096;7.63183e-07
2.24699e-06;0.999823;2.1647e-09;8.96922e-09;6.33937e-09;2.29835e-09;0.000152026;2.83294e-07;1.50609e-08;6.95601e-06;7.12446e-07;7.76091e-08;1.35386e-05;1.03228e-06
4.66987e-09;1.2444e-09;1;1.28723e-09;3.55987e-10;1.73267e-09;2.02059e-08;9.10271e-09;1.96271e-09;1.72051e-09;5.60889e-09;2.10806e-07;2.13959e-09;4.30238e-11
2.23286e-05;0.932393;3.17005e-08;0.000111561;7.79951e-06;1.02871e-06;0.000158158;0.0157392;0.00101156;1.90882e-06;0.00726677;0.000158266;0.0431206;7.51518e-06
7.2769e-05;0.277557;0.000206053;0.00127271;3.58396e-05;3.76196e-05;2.59963e-05;0.706249;3.5571e-06;0.000445156;2.21565e-05;0.00357264;0.010369;0.000130719
0.000433351;0.902437;0.00511911;0.0151889;0.000618842;0.000138323;0.00171815;0.00666506;0.000604166;9.34544e-05;0.0165265;0.0194259;0.021675;0.00935664
1.56479e-05;0.287604;1.27621e-08;8.27745e-05;0.00180326;0.0127925;0.000268121;0.502393;1.36539e-05;0.000159545;6.05811e-05;2.0029e-09;0.189079;0.00572748
2.97622e-10;1.56556e-11;1;2.50821e-10;2.97946e-11;5.45151e-12;1.46821e-11;6.56994e-13;6.00982e-11;1.39768e-11;8.2747e-11;2.3942e-08;1.85639e-11;1.38313e-12
0.00212353;0.0492016;0.133555;0.0139658;0.0192468;0.00249458;5.63192e-05;0.189443;0.110892;2.53982e-05;0.0300098;0.446234;0.00253553;0.000216652
0.000420741;0.48551;1.41931e-06;8.06535e-05;0.000126858;5.01226e-05;1.16942e-05;0.196629;0.00163288;1.39633e-05;0.00538819;0.00255486;0.307536;4.41214e-05
5.56554e-06;0.992626;3.50732e-08;2.69936e-06;3.43088e-05;4.03383e-06;0.000125619;6.5429e-06;1.18133e-07;0.000174893;6.8043e-07;1.0174e-07;8.86105e-06;0.00701049
5.01744e-09;1.44553e-09;1;2.7281e-11;1.13755e-11;1.91008e-12;2.20907e-09;3.04669e-10;6.02518e-10;6.80854e-12;1.21123e-10;5.75446e-08;2.92246e-09;5.25191e-13
0.000140844;0.0676479;0.00048857;0.0068041;0.13241;6.75197e-05;0.000105721;0.32541;0.0728307;0.000236225;0.0106107;0.37557;0.00464766;0.00302995
4.74057e-06;0.972131;0.00281148;0.000408053;0.018165;0.000746815;2.1272e-07;0.000510024;7.88434e-08;3.0023e-05;4.45093e-06;0.00124484;0.000460678;0.00348225
0.000859723;0.316487;0.0415044;5.26951e-05;3.33203e-06;2.03834e-06;8.70945e-05;0.0133492;0.000403707;9.52851e-07;0.00134108;0.271374;0.354535;2.42978e-07
0.000292298;0.614654;0.00147645;0.000456354;0.00115037;0.00128535;2.83474e-05;0.012352;0.000327513;0.00033828;0.000157056;0.281135;0.0789711;0.00737625
0.00213735;0.196167;2.92933e-08;0.000451349;0.000556665;0.000589416;7.40827e-05;0.104551;0.0288962;1.53673e-05;0.00665728;0.645915;0.0139743;1.40706e-05
1.32714e-05;0.991856;1.47096e-06;5.31876e-08;3.20145e-09;3.48129e-08;4.27077e-06;1.00186e-05;6.81779e-07;4.53435e-08;5.73816e-07;2.24471e-05;0.00809161;6.34389e-10
0.00035794;0.287673;0.000396972;8.66639e-05;0.000313551;0.00156459;2.31415e-05;0.0405882;0.00100669;1.54625e-05;7.4688e-05;0.355633;0.307954;0.00431193
0.000108974;0.94795;1.9856e-08;7.84994e-06;9.2893e-06;6.75876e-05;0.0333613;0.000166209;0.000279351;0.00242168;3.54992e-05;2.03101e-08;0.00363024;0.0119616
1.53254e-10;1.04576e-11;1;5.41742e-12;1.99678e-12;1.30491e-12;2.00189e-11;1.81519e-12;2.10543e-10;6.16426e-13;1.97159e-11;1.56611e-08;1.46679e-12;6.56914e-14
0.000100847;0.512706;1.73676e-05;9.7421e-05;7.42411e-06;6.93234e-05;0.450941;0.00678415;0.0207546;0.00346626;0.00293289;5.19263e-06;0.00210044;1.73797e-05
5.56127e-10;9.28233e-10;1;3.59702e-09;2.43798e-10;2.47829e-10;2.275e-09;2.21244e-12;5.31408e-09;1.49219e-10;5.84535e-09;2.94449e-08;1.73105e-11;2.73786e-11
3.91289e-06;0.0226396;4.52841e-08;2.31232e-07;0.00068995;7.90203e-07;2.82962e-06;0.976451;3.79898e-05;8.03735e-07;1.82372e-05;4.59727e-05;0.000104252;4.07429e-06
8.94842e-05;0.00539431;8.84396e-05;1.22839e-05;2.03184e-05;2.1737e-06;0.000208097;0.0797017;0.000763668;2.04263e-05;0.000966478;0.776503;0.13623;1.64151e-07
0.000370362;0.125671;1.28674e-05;0.000370223;0.000116239;7.50683e-06;0.00290572;0.00369599;0.394407;3.14729e-05;0.428033;0.0296724;0.0145741;0.000132518
0.000410729;0.669267;2.83499e-06;1.65969e-06;3.95231e-06;6.73951e-08;1.66854e-05;0.328882;0.000149115;9.26464e-06;3.26348e-06;4.3521e-06;0.00124889;4.65987e-07
0.000199201;0.113304;0.00189901;0.000271144;0.00128164;3.40284e-05;1.03525e-05;0.000637621;0.000347869;4.96808e-05;1.76173e-05;0.875255;0.00279001;0.0039031
8.75042e-05;0.0128165;2.88086e-08;0.000157677;0.00119792;0.00331108;0.0282078;0.0596169;0.00312826;0.00321016;0.000588382;1.41583e-09;0.887034;0.000644268
1.61185e-09;1.20747e-09;1;3.93683e-09;1.73624e-11;2.1798e-11;4.41311e-10;1.6661e-12;1.54238e-10;2.82861e-10;9.57002e-10;4.36713e-08;1.55026e-10;2.48151e-11
1.3911e-05;0.00399373;3.7457e-05;1.67727e-05;1.01479e-05;1.93787e-06;4.3653e-07;0.0162353;3.48519e-05;2.76381e-07;5.07702e-05;0.979562;3.01189e-05;1.24323e-05
1.04466e-06;0.931564;1.61862e-11;3.06646e-06;2.52331e-06;0.000265816;2.7621e-07;0.001156;2.88996e-06;7.56056e-07;1.33233e-05;7.00418e-07;0.0669866;2.58836e-06
2.38056e-06;0.000540142;0.000148182;6.85487e-07;1.63537e-05;2.01086e-07;4.82453e-10;1.42757e-05;8.2964e-09;5.89634e-09;1.39863e-08;0.999243;2.67378e-05;7.86369e-06
8.06126e-05;0.0309531;1.37309e-09;2.39929e-07;9.64531e-06;1.71012e-05;1.20335e-05;0.883046;0.000428417;5.5743e-07;6.0751e-07;7.04193e-09;0.0854508;4.27068e-07
5.66804e-07;9.47689e-08;0.999998;1.77402e-08;4.16863e-09;7.96258e-10;3.40321e-09;1.30948e-07;2.74862e-08;2.74644e-09;2.81948e-09;1.51453e-06;1.45391e-07;6.30558e-10
6.42574e-08;9.55549e-06;5.71188e-06;5.69511e-08;7.68121e-06;5.48616e-07;2.89837e-09;0.000152513;5.63611e-08;3.73799e-08;1.54922e-09;5.05756e-05;3.11722e-06;0.99977
3.07778e-06;0.000974674;1.51535e-08;4.32143e-07;0.00483021;0.000118113;2.17166e-07;0.994002;3.28007e-05;8.54326e-08;4.75255e-07;1.61655e-05;1.26197e-05;8.95853e-06
4.53003e-08;3.1876e-06;0.999958;1.24778e-08;1.44995e-06;1.54123e-08;1.38258e-09;2.03471e-08;1.40101e-11;3.28843e-09;6.0869e-10;3.75629e-05;2.20722e-09;5.82135e-08
5.04556e-07;0.995046;9.29421e-09;6.14712e-08;4.10589e-07;3.95749e-07;1.33004e-08;0.00020402;5.2277e-07;3.40807e-10;1.36961e-06;0.000146269;0.00456237;3.84706e-05
4.25075e-07;0.982801;8.65086e-10;3.3371e-08;1.13522e-06;3.30385e-07;2.37867e-09;0.00571243;1.17121e-08;1.50971e-08;1.14106e-09;5.4553e-08;0.0114075;7.70821e-05
5.36296e-07;0.125926;1.21736e-05;1.59178e-05;0.0525284;3.53193e-05;5.66569e-08;0.000104868;2.37224e-07;4.49907e-06;1.30285e-09;2.70091e-05;0.000125573;0.821219
4.36939e-08;0.000444873;1.77276e-10;8.31083e-08;1.96156e-07;7.47683e-06;6.10273e-07;4.02854e-07;2.63441e-07;2.63477e-08;4.58783e-07;8.88575e-07;0.999545;1.18826e-07
1.38922e-06;2.29576e-05;0.999871;1.88534e-06;2.85547e-07;2.46397e-07;1.1979e-05;1.64635e-09;4.65737e-08;3.5993e-05;5.16847e-08;5.2109e-05;3.78313e-07;2.00994e-06
3.82919e-07;3.51438e-08;0.99999;2.23486e-07;5.20499e-07;2.2056e-08;4.73046e-07;5.75001e-07;4.60278e-06;2.9376e-08;2.61155e-06;7.77172e-07;5.21854e-09;1.60417e-09
3.45972e-06;0.00263236;1.14211e-06;2.25384e-06;0.000111762;1.97298e-06;4.16454e-06;0.996223;0.000647648;2.46494e-06;0.00022949;8.51213e-05;5.42746e-05;8.72502e-07
2.58914e-07;5.72251e-06;0.999959;3.03712e-07;9.8234e-07;1.00354e-08;2.2315e-08;2.37747e-06;6.76648e-08;4.39692e-07;1.22883e-06;2.7207e-05;2.45832e-06;2.56848e-07
1.0077e-07;0.99993;1.21191e-08;6.3369e-10;6.9341e-10;7.27646e-12;6.27411e-05;2.49327e-09;1.62051e-09;9.97047e-07;2.95503e-09;4.80373e-11;2.2999e-09;5.88002e-06
2.11961e-08;4.28346e-10;0.999999;2.14957e-12;3.87705e-12;1.51612e-15;2.95952e-07;1.53166e-09;1.90208e-07;1.25083e-11;3.29934e-10;1.80938e-07;6.43863e-13;6.23566e-13
2.56169e-06;0.000411726;4.4762e-09;5.83758e-09;3.24532e-07;1.73283e-07;4.83377e-06;0.997335;0.00031901;1.16259e-07;6.77856e-07;5.80176e-10;0.00192493;1.70893e-07
8.6349e-09;1.00537e-08;0.999997;9.46001e-10;1.46978e-10;1.62334e-10;3.27862e-09;2.27655e-09;3.96853e-09;3.28901e-10;1.55252e-09;2.76078e-06;9.22561e-08;1.2003e-11
5.80101e-08;2.15546e-07;0.999838;5.48266e-08;1.17826e-06;7.43164e-08;1.56558e-09;3.50383e-05;3.59943e-08;1.27828e-09;2.68245e-09;0.000121671;3.62388e-08;3.8845e-06
4.8951e-07;4.52429e-05;9.98463e-06;6.04406e-08;0.000625495;0.00249775;1.07824e-10;4.149e-06;3.2075e-08;2.20831e-07;2.02325e-10;1.46432e-06;4.41415e-07;0.996815
4.66073e-05;5.00886e-06;1.0173e-07;1.07309e-07;4.10972e-05;3.09237e-06;3.10418e-09;0.99954;1.24956e-05;1.93789e-09;9.87878e-07;2.25123e-06;0.000347882;8.33559e-08
2.11063e-07;0.99569;6.28547e-07;1.12923e-07;2.40445e-07;3.21591e-08;1.50006e-08;0.000425207;3.0932e-10;1.10728e-07;6.76707e-11;9.01887e-10;0.00388306;4.98531e-07
5.05824e-09;7.68969e-08;0.999963;1.75311e-07;1.72167e-10;6.81023e-10;1.17409e-08;1.57542e-08;1.0314e-09;2.50327e-08;6.45328e-09;3.6243e-05;6.05494e-07;1.65024e-10
2.12493e-10;5.92579e-10;0.999975;4.68183e-08;7.54365e-09;1.95364e-09;1.0086e-10;2.13908e-06;2.89903e-10;2.85206e-10;2.48708e-10;2.21314e-05;1.54137e-11;5.40733e-07
1.49383e-08;2.02061e-05;2.12851e-07;6.31641e-08;2.115e-05;0.000917172;8.05866e-10;4.43045e-06;4.09822e-09;2.04416e-08;3.52153e-09;9.0298e-09;2.99319e-06;0.999034
1.82709e-06;0.000274901;1.36973e-07;1.97214e-08;2.23535e-06;5.99528e-07;3.19903e-09;0.000195847;3.11481e-09;1.92269e-09;1.0987e-06;0.000314283;0.999209;3.22878e-07
2.91261e-07;0.999729;7.43364e-09;1.75842e-08;2.83974e-08;8.06368e-09;3.45726e-05;4.82591e-06;4.58769e-09;3.27705e-05;1.90689e-09;3.41803e-09;3.98914e-09;0.000198274
2.59973e-11;2.06102e-10;1;8.90616e-11;1.24537e-11;2.18338e-13;2.79589e-11;1.94387e-11;1.71204e-12;1.37508e-11;1.70932e-11;6.60301e-10;1.00419e-13;1.20534e-12
1.25103e-05;0.971371;1.74276e-05;7.4032e-06;3.02087e-05;0.000102196;7.2719e-07;0.00162687;7.38595e-09;1.13496e-05;2.58015e-07;1.32528e-05;0.0262969;0.000509746
2.48921e-07;0.000180843;8.74885e-06;2.4521e-08;1.05441e-06;3.47458e-08;1.30697e-10;0.00291458;4.03118e-09;1.18348e-10;2.4288e-08;0.996873;1.3097e-05;8.33176e-06
1.90332e-07;0.0127973;2.29802e-08;4.21628e-07;0.0040868;3.00228e-05;5.16695e-08;0.982418;1.69951e-08;5.34941e-08;3.11768e-08;3.09635e-05;0.000591629;4.41252e-05
3.52902e-06;0.00632858;0.992829;1.19627e-05;8.36301e-05;0.000116784;1.75611e-06;1.93898e-05;1.61351e-09;7.4248e-05;7.72799e-09;2.25189e-08;0.00021797;0.000312982
8.91071e-09;1.02014e-10;0.999999;2.76299e-09;8.97865e-12;1.20814e-11;2.35577e-08;3.09743e-10;1.56169e-08;4.18577e-10;8.30318e-08;5.44081e-07;1.05504e-10;3.45673e-11
1.31881e-07;0.000153877;0.000233049;5.99406e-06;9.23789e-07;1.69313e-07;3.53051e-07;0.00151356;8.91395e-06;6.06343e-08;1.10758e-05;0.998061;7.34251e-06;3.06206e-06
6.34149e-07;0.89806;8.01402e-11;1.71756e-05;7.56598e-07;0.000159879;1.997e-05;0.00144137;2.96988e-05;1.23309e-06;0.00173021;9.03679e-07;0.098533;5.25006e-06
3.78168e-08;0.000210521;2.47905e-05;8.34372e-08;1.10305e-05;4.1186e-08;2.43804e-10;3.93157e-06;1.83472e-10;8.8739e-10;1.7409e-08;0.999743;8.74624e-07;5.7551e-06
3.54065e-05;0.752662;2.19667e-06;7.17329e-07;1.66072e-05;5.62679e-05;0.000328499;0.186585;3.50219e-05;4.12622e-06;9.60762e-07;3.02442e-09;0.0602724;5.32142e-07
1.8239e-08;2.24406e-08;1;5.77354e-09;2.26339e-10;2.80498e-10;2.32605e-09;1.00717e-08;2.00132e-09;1.36971e-09;3.77722e-10;2.79777e-07;6.84826e-08;3.77028e-11
3.35135e-09;1.00117e-06;0.998574;6.18795e-08;1.1286e-07;2.5452e-08;1.76468e-11;2.07182e-05;1.49226e-09;1.24842e-10;1.75759e-10;0.00140331;2.89741e-07;5.35615e-08
1.47104e-07;0.000947125;1.04839e-09;8.52044e-07;0.00011663;0.00161402;6.74029e-07;7.03285e-07;5.5472e-08;1.91696e-05;3.19544e-08;3.04071e-11;3.79605e-06;0.997297
2.76827e-10;2.55706e-11;0.999988;1.49396e-09;9.82505e-10;2.43975e-11;4.63724e-13;1.19702e-11;2.24027e-11;3.19484e-12;1.13113e-10;1.17686e-05;3.29779e-13;8.24424e-12
4.82317e-06;0.00280572;3.07567e-07;4.9265e-07;0.000724552;1.77448e-06;8.1772e-11;0.996435;1.04313e-07;1.53445e-09;1.26638e-08;6.17324e-07;5.86244e-06;2.12366e-05
6.55162e-08;2.04033e-06;1.55974e-09;2.42415e-10;7.27413e-07;6.8042e-10;9.08578e-13;0.999949;3.95234e-10;9.0324e-11;1.99286e-11;2.12954e-09;4.77208e-05;1.92682e-10
2.93168e-08;7.61088e-06;0.999967;2.51634e-07;1.15229e-05;2.17276e-06;1.2539e-11;7.04447e-09;1.04508e-11;1.13207e-06;2.5989e-10;8.95486e-06;6.30388e-07;3.33339e-07
3.14034e-06;0.995169;0.000771426;1.14257e-05;3.86226e-06;4.40563e-07;1.74936e-06;0.00297001;1.44238e-05;5.6332e-07;7.24597e-05;0.000618142;0.000189059;0.000173961
