2.3682e-06;0.999922;4.08381e-06;2.77854e-05;9.94118e-07;3.29996e-08;1.59989e-07;4.70523e-06;2.83942e-07;1.64097e-07;4.73787e-07;1.67914e-05;1.59797e-05;4.24121e-06
1.14693e-06;8.98496e-05;5.22626e-12;1.9285e-09;2.01984e-08;9.50079e-09;6.98678e-09;0.999843;1.9069e-07;1.74354e-09;6.35925e-09;8.69054e-10;6.56524e-05;2.58615e-09
3.16992e-07;0.000781233;9.68426e-07;6.98248e-06;0.000451309;0.0002748;2.27542e-09;1.4769e-05;3.89238e-07;4.88989e-08;6.81616e-07;0.971946;7.89221e-05;0.026444
1.28001e-05;0.114699;9.72141e-09;1.45144e-06;5.18081e-06;7.19318e-07;0.000108821;0.129045;2.24899e-05;2.6069e-07;3.84655e-05;3.93038e-07;0.756046;1.94319e-05
2.34241e-07;0.000784808;2.05825e-07;3.73624e-05;0.000445056;7.50398e-05;9.65951e-10;0.00959613;3.85547e-06;7.85639e-08;8.95098e-07;0.973864;8.47134e-06;0.0151839
3.59553e-06;0.892144;5.19312e-09;9.76741e-07;6.29482e-07;1.02805e-07;2.77056e-06;0.000140848;1.07923e-06;7.36076e-08;2.26828e-06;4.06424e-06;0.107699;2.37069e-08
1.01437e-07;0.0103509;6.57499e-09;1.64686e-06;1.77293e-06;5.05205e-07;2.43619e-10;4.74299e-05;7.72936e-08;1.20083e-09;3.34582e-07;0.989362;0.000205356;2.93877e-05
2.71561e-06;0.877509;3.10335e-07;2.23754e-06;0.00106852;1.76241e-05;5.95552e-08;0.000258404;7.65534e-08;6.21369e-08;8.41795e-07;0.00410903;0.115708;0.00132293
0.000245777;0.0282058;6.52126e-05;0.00026764;0.0011065;2.79458e-05;5.28829e-06;0.914776;0.000233402;4.92409e-06;0.000367231;0.0205524;0.0337082;0.000433408
0.00072828;0.422284;0.000332483;0.000776444;0.0309085;0.014276;0.0018003;0.0872157;0.000148154;0.000689229;0.00039365;0.260457;0.15839;0.0216005
6.79132e-06;0.818929;1.46267e-07;5.36895e-06;1.56009e-05;6.4472e-05;6.67864e-06;0.0234518;6.65649e-07;3.50093e-06;5.09195e-07;1.20397e-07;0.0865829;0.070932
5.14938e-09;2.62003e-08;0.999999;3.82715e-08;1.21008e-09;3.62626e-09;2.28163e-08;8.04284e-10;1.99782e-09;6.50559e-09;2.52288e-08;1.11377e-06;3.56473e-07;5.76949e-10
2.16511e-06;4.57017e-05;0.642605;3.97004e-05;0.000160171;1.19052e-05;5.09168e-06;0.356797;7.81897e-06;7.09477e-07;2.20633e-06;0.000165568;2.93691e-05;0.000127571
3.24857e-07;0.0109813;0.000681896;2.81641e-05;0.00121936;0.00471409;8.09034e-08;0.00071632;1.48737e-07;2.35708e-05;6.96624e-08;0.0102196;1.51271e-05;0.9714
2.27056e-05;0.821316;2.40367e-08;0.000152691;4.5057e-05;9.36581e-05;4.16038e-05;0.109481;2.15575e-05;8.22899e-06;0.00304632;1.22585e-05;0.0656788;8.00429e-05
1.02348e-06;0.998159;1.15643e-05;1.10621e-06;1.26405e-06;1.61339e-08;3.58058e-08;0.00113068;7.70652e-09;8.06774e-08;2.35836e-08;1.40479e-05;0.000680742;5.81297e-07
2.13184e-06;0.978424;3.40122e-08;5.56995e-05;1.56604e-06;7.30131e-07;2.39268e-05;0.0086331;1.36069e-06;4.71931e-05;1.82751e-05;0.000541522;0.0122019;4.81694e-05
3.90949e-06;0.00326726;1.59144e-07;0.00499514;0.000119368;0.00107859;0.000488107;0.00012062;2.01844e-05;0.00011067;0.00765082;0.000446375;0.981694;5.34922e-06
1.61703e-05;0.000272125;0.999005;0.00056404;1.07691e-06;2.07718e-07;1.18739e-05;7.88671e-07;3.43973e-07;1.79208e-05;4.23297e-05;7.13069e-06;4.7228e-06;5.63154e-05
0.000678381;0.779353;2.03799e-07;4.18148e-05;1.90793e-05;2.36325e-05;0.000960947;0.1746;0.00026744;4.78578e-05;0.00438828;0.000134707;0.0394599;2.43639e-05
0.000313288;0.0146723;1.41635e-05;0.000423762;0.000841751;0.000158323;9.21493e-06;0.587742;0.000192076;4.86705e-06;0.00246534;0.00135859;0.391795;9.04682e-06
3.75788e-06;0.999783;1.50286e-05;1.86524e-06;1.11232e-07;4.00123e-08;9.45752e-06;2.01438e-05;7.69055e-08;6.42734e-06;1.68629e-07;2.69364e-08;0.000146473;1.32406e-05
3.79261e-09;1.49201e-08;1;3.52539e-08;1.80036e-11;1.71995e-11;1.48918e-08;6.60208e-09;6.59898e-09;3.56637e-09;2.46778e-08;1.22847e-08;1.52921e-09;1.38413e-10
5.37993e-10;1.38889e-08;0.999929;6.40864e-08;1.74007e-08;1.56867e-09;2.1766e-10;4.30481e-06;9.41855e-10;1.32035e-09;4.12619e-09;6.64492e-05;4.52974e-10;5.55141e-07
1.50748e-10;0.000319488;3.99886e-12;4.41919e-10;3.5507e-08;1.33186e-06;1.17222e-06;9.58335e-12;1.30786e-11;3.83568e-07;4.4444e-11;2.03316e-13;4.98836e-10;0.999678
4.63265e-14;5.3422e-13;1;2.13586e-14;2.85308e-12;2.77102e-12;8.44784e-15;5.20131e-13;1.14403e-16;3.43496e-15;3.58954e-15;1.31254e-08;4.36787e-13;6.40445e-13
8.49944e-08;0.0159632;3.82724e-06;3.53447e-06;8.46328e-05;0.0131123;2.92479e-06;0.275863;3.36902e-07;9.94279e-07;3.11648e-06;3.03192e-09;0.694956;6.22163e-06
1.66465e-12;1.1806e-11;1;1.30844e-11;7.58667e-12;1.08385e-10;2.29431e-13;6.43387e-12;1.17368e-14;7.05664e-13;7.75976e-13;2.75944e-10;4.93479e-11;8.79002e-13
5.17649e-08;0.000506076;0.00068373;2.96091e-06;8.72646e-06;0.000161733;1.65063e-09;5.41129e-05;4.37607e-08;1.30985e-08;1.3946e-07;0.998033;0.000526191;2.28271e-05
3.33655e-09;1.84224e-07;0.999633;9.78689e-08;8.33346e-06;0.000162602;1.26913e-10;1.00921e-08;1.79391e-11;6.61835e-09;3.24918e-10;1.60043e-06;6.28836e-05;0.000131132
8.49775e-07;0.158574;0.000139864;7.87081e-07;0.000456425;7.82983e-05;9.60086e-10;0.833311;3.27454e-10;2.49938e-08;6.70554e-08;0.000571196;0.0021906;0.00467665
2.11115e-10;0.965447;1.81739e-11;2.14065e-08;7.65732e-09;2.07311e-08;6.38125e-09;4.42828e-07;2.35631e-12;5.06744e-08;9.27712e-11;9.00475e-08;2.96359e-07;0.034552
7.11077e-05;0.736471;0.000213334;0.00208136;0.000277508;0.000458767;0.00341846;0.0661909;0.000106853;0.000208566;0.00050904;0.000367533;0.189402;0.000223198
9.38146e-07;0.997852;3.26909e-08;1.45982e-05;1.28228e-06;2.71838e-07;3.79624e-07;0.00106523;7.96883e-07;1.55937e-06;4.27671e-06;0.000346751;0.000672569;3.91086e-05
1.79654e-06;0.000110945;4.33944e-09;9.5015e-09;8.34255e-08;1.98017e-09;2.54121e-07;0.99987;2.95754e-07;7.51418e-08;5.19582e-08;3.52792e-06;1.32202e-05;4.8652e-09
1.03816e-07;0.00929243;1.24912e-07;5.35788e-06;0.000660795;0.00154505;1.26242e-07;0.000286042;1.64851e-08;3.82807e-06;1.57635e-07;4.88223e-06;0.000440988;0.98776
1.56304e-09;7.43002e-08;1;2.19012e-09;9.50307e-12;7.35956e-12;2.78525e-08;2.52885e-10;4.66686e-10;3.7073e-10;1.22586e-08;1.34687e-07;1.3514e-08;1.23115e-12
6.53927e-08;5.782e-05;0.999094;7.61989e-06;1.4769e-05;1.63792e-07;9.46615e-08;0.000715621;1.30251e-06;1.72139e-08;1.72574e-06;0.000100229;1.56934e-06;5.17226e-06
1.26909e-08;0.00259692;0.000299355;3.02126e-07;0.00013293;0.00175315;4.60889e-10;0.00104452;8.17765e-09;5.01462e-07;1.67609e-09;2.81428e-05;1.0322e-06;0.994143
2.15594e-08;0.999387;7.41868e-07;5.96979e-08;1.08082e-07;2.45489e-07;3.29126e-10;3.99233e-05;3.45294e-11;1.04632e-09;3.87722e-09;1.20518e-05;0.000548248;1.11986e-05
8.17233e-08;0.996174;9.4368e-11;5.67278e-09;7.22058e-10;1.7041e-08;7.20069e-09;8.62221e-07;3.11649e-10;1.02292e-09;1.83034e-09;5.32253e-06;0.00381942;8.23581e-08
1.49912e-07;0.0195043;7.46184e-07;9.10436e-08;2.16067e-07;1.45491e-07;9.41843e-09;0.00393693;6.5465e-10;1.91597e-08;1.5501e-08;0.9685;0.00805733;2.06593e-07
3.43498e-06;0.366684;6.78919e-06;0.0158868;0.00597308;0.0702555;0.00207853;0.00127484;4.03346e-06;0.00038899;0.00226905;2.11983e-05;0.488676;0.0464776
0.000224677;0.00750477;9.55678e-06;0.00135462;9.75019e-05;1.4676e-05;7.3327e-06;0.982107;4.36631e-05;1.85632e-06;0.00208149;0.00370908;0.00282059;2.30633e-05
0.000611724;0.59037;6.77548e-05;0.00818013;0.00316297;0.00222179;2.88812e-06;0.00886185;0.00321872;7.67142e-05;0.00142608;0.236833;0.000375734;0.144591
0.0308869;0.187265;7.95672e-05;0.000398694;0.00117668;0.00332806;0.000102002;0.012231;0.0471828;3.80056e-05;0.0342283;0.0212381;0.660164;0.00168116
0.000794219;0.108576;0.0010404;1.33721e-06;0.000934343;1.05542e-05;3.77275e-08;0.00470906;1.17908e-05;2.96535e-07;5.39956e-06;0.882447;0.00115385;0.000316484
4.01001e-06;0.996608;0.00019168;4.03426e-07;0.000168007;1.36838e-06;1.39253e-07;0.000916505;1.584e-07;3.33146e-07;2.43445e-08;8.43376e-06;0.000645911;0.0014546
1.3097e-06;0.98552;3.06865e-10;1.41119e-07;1.29066e-06;6.03494e-08;8.64797e-06;0.0135703;9.23811e-07;6.99486e-07;1.55928e-07;1.67135e-09;3.68275e-05;0.000859732
1.19364e-09;4.16035e-09;1;4.09589e-10;1.02099e-11;1.45568e-12;4.69962e-10;1.39729e-09;1.83319e-10;9.80968e-11;1.16115e-10;3.36676e-07;1.29547e-10;2.15097e-12
0.000696324;0.00351307;5.7776e-06;0.00299272;0.000432994;0.000351505;0.00054748;0.282491;0.541339;9.13379e-05;0.0470371;0.00780123;0.0982893;0.0144113
9.06941e-05;0.449667;3.51712e-07;1.25251e-07;3.99345e-07;1.2255e-07;6.5258e-07;0.546414;4.78756e-07;7.78563e-07;1.6443e-07;5.05824e-05;0.0037729;1.52832e-06
6.57987e-08;0.00437017;5.27618e-08;1.03569e-07;4.24006e-05;5.41861e-06;3.07753e-09;2.99381e-06;4.25091e-09;3.49541e-08;3.07723e-08;0.995491;4.04419e-05;4.70917e-05
3.5687e-05;0.544268;3.26552e-08;5.39015e-07;1.52674e-05;7.32445e-06;0.000155988;0.00930576;3.66684e-06;4.31145e-06;6.25329e-07;1.62804e-05;0.445997;0.000188846
2.08422e-05;0.0608135;4.14416e-07;0.000257174;0.00823268;0.000678894;2.54999e-07;0.000165385;6.89051e-05;1.30693e-05;3.77991e-07;0.0991113;0.000290539;0.830347
5.18276e-05;0.995801;2.63145e-08;2.60409e-08;3.41229e-08;8.3902e-09;5.56491e-07;6.11379e-05;2.91408e-07;1.67976e-09;4.16457e-09;1.76816e-07;0.00408462;2.30983e-09
0.000110233;0.0474052;0.00217282;1.89966e-05;0.00162676;0.00211527;1.50636e-06;0.000912494;9.20121e-06;9.58053e-06;1.33746e-07;0.940444;0.00224543;0.0029281
6.81402e-07;0.00192673;1.01582e-07;8.52146e-07;8.2589e-09;4.47718e-07;0.990634;1.64651e-07;3.5546e-05;0.00739541;2.35714e-06;1.08901e-09;3.16146e-07;3.61366e-06
5.85911e-10;1.04866e-11;1;5.68843e-09;4.65743e-12;7.11436e-12;9.3769e-09;2.75739e-12;2.88427e-09;2.16514e-10;6.27457e-10;3.48786e-09;2.52208e-13;6.00739e-13
0.000153721;0.998585;3.47148e-07;4.88452e-06;2.78024e-08;1.2785e-08;1.98934e-05;0.000701127;7.37196e-05;6.70391e-07;0.000168463;0.00011506;0.000176783;2.27273e-08
6.40762e-07;6.68478e-05;4.54195e-10;1.24419e-07;2.86956e-05;4.10748e-09;2.66892e-09;0.999901;1.20807e-06;2.15357e-07;1.42412e-07;1.79709e-07;8.46597e-07;6.23188e-08
2.11784e-06;2.80416e-06;0.999442;9.52868e-05;2.70052e-06;7.31776e-06;8.03745e-07;5.72812e-08;4.83436e-06;0.000367838;9.35903e-06;6.29386e-05;9.28496e-08;1.49777e-06
8.72415e-07;0.00029371;1.91779e-09;2.26931e-09;1.15895e-11;2.61608e-10;0.99906;2.03849e-09;8.0387e-07;0.000643411;1.17171e-06;2.47632e-14;1.46017e-08;2.09348e-07
1.25552e-12;3.38085e-13;1;3.75505e-12;5.45772e-14;3.01125e-13;1.78938e-11;3.14133e-15;6.77934e-12;6.01996e-12;2.14659e-11;2.07644e-11;9.25038e-15;4.13499e-15
