1.73498e-07;1.70192e-06;2.94617e-11;5.95173e-11;1.99136e-09;6.93038e-11;2.86144e-10;0.999997;6.09899e-07;1.29152e-11;2.74309e-09;1.84668e-11;6.86223e-07;2.73373e-10
2.83817e-08;1.10588e-05;5.68357e-07;8.85249e-08;4.63836e-07;3.58438e-09;8.75614e-10;2.96261e-07;4.67696e-07;7.58782e-10;4.25327e-08;0.999986;2.99095e-07;3.13752e-07
1.814e-05;0.582679;3.99903e-09;6.89361e-07;7.70389e-06;2.6042e-06;6.63479e-06;0.0019147;1.26301e-05;9.20969e-08;2.8004e-05;3.04263e-05;0.414995;0.000304464
7.30589e-06;0.729712;1.52711e-06;2.03863e-07;4.26586e-05;1.76764e-06;2.73294e-07;0.03179;2.18811e-06;1.37074e-07;1.39603e-06;0.235998;0.000657569;0.00178567
2.41535e-06;0.212932;2.15106e-07;0.000709185;0.0281174;0.00218787;1.35522e-06;0.0376997;2.03971e-05;1.04269e-05;5.21141e-05;0.00237988;0.0120222;0.703865
2.69849e-05;0.23354;4.20265e-08;3.0805e-07;6.0088e-08;4.17762e-07;7.84228e-06;4.49189e-05;6.07771e-07;3.82588e-07;6.05541e-07;1.11173e-06;0.766376;6.32491e-07
3.08198e-08;3.91827e-09;0.999999;3.7876e-08;1.61485e-09;2.38263e-09;1.10113e-09;7.39919e-09;1.42164e-08;1.17597e-09;2.61868e-08;7.13032e-07;1.34283e-09;6.47341e-09
3.96223e-07;0.000117245;9.29063e-05;1.17078e-06;2.0029e-05;1.14838e-05;1.4792e-07;2.16738e-05;1.25177e-07;1.06335e-07;5.01225e-07;0.00012556;3.2987e-05;0.999576
3.12596e-07;0.000153237;4.53674e-10;6.5117e-08;0.000911564;2.58725e-06;4.4049e-07;0.998913;1.35294e-06;1.92067e-08;3.97067e-07;1.92137e-06;2.11808e-07;1.53229e-05
1.88759e-09;1.02542e-06;0.999995;1.28593e-08;1.4715e-06;6.82724e-08;2.34705e-09;1.86569e-09;6.99051e-13;3.09905e-09;8.93112e-10;1.71306e-06;1.43235e-08;1.08002e-06
2.8982e-08;0.995088;2.57108e-10;1.81319e-09;5.71569e-08;8.12017e-10;1.97272e-07;0.00485557;4.1451e-08;1.60893e-10;5.04047e-08;1.19121e-10;5.62468e-05;6.87344e-08
1.67133e-10;1.04858e-07;1;1.49871e-11;2.14998e-11;7.42288e-13;3.91771e-10;4.86317e-11;4.61786e-11;1.12904e-11;1.38138e-11;5.83528e-08;2.94005e-09;5.93177e-12
1.03601e-06;0.000236114;1.52604e-05;4.76658e-07;0.000175614;8.61308e-06;1.85631e-07;0.00151306;5.99625e-06;6.68339e-06;1.15835e-07;0.00550392;7.42613e-05;0.992459
1.10675e-07;0.991918;3.73853e-08;1.39874e-08;2.64237e-06;7.61663e-08;2.59534e-07;0.00716229;1.24708e-07;1.43144e-07;3.13068e-08;9.58433e-06;0.000904345;2.03791e-06
6.45977e-07;0.00751001;5.6942e-08;1.08261e-06;1.23672e-05;0.000191702;6.94437e-06;4.32321e-06;1.1936e-07;2.04676e-05;4.57617e-06;0.03863;0.953598;2.00173e-05
1.80049e-05;0.00245574;0.924776;6.55463e-05;4.91134e-07;1.96775e-07;0.0314316;4.81276e-09;2.57396e-06;0.0258137;4.40823e-06;0.0153406;3.91862e-07;9.07894e-05
4.26041e-07;3.26322e-06;0.99992;1.13173e-06;8.11567e-10;2.22966e-09;2.30626e-05;1.33371e-09;3.09492e-05;5.65386e-08;2.01616e-05;7.61155e-07;1.03228e-07;1.23157e-09
1.65389e-07;0.00155518;6.26679e-08;2.65232e-09;3.62452e-08;5.04703e-10;1.83089e-09;0.998439;9.6068e-09;5.72645e-09;3.62452e-09;9.77729e-08;5.65116e-06;1.14686e-07
1.53801e-06;0.87003;0.000150222;2.77959e-05;0.000366581;0.000434014;1.80721e-05;0.0241509;3.08838e-06;9.00014e-05;1.5427e-05;0.00585086;0.00460848;0.0942531
1.09018e-09;2.95149e-08;1;8.16243e-10;1.01088e-11;1.01535e-11;1.44919e-08;7.77126e-08;4.51491e-09;1.61104e-10;6.88267e-09;7.31489e-08;9.31011e-09;7.41377e-13
4.14485e-07;2.66293e-05;0.0146442;5.41721e-07;1.38946e-05;8.6098e-07;1.84448e-07;4.38326e-06;3.34256e-07;3.20808e-07;9.56337e-08;0.00625498;3.52531e-06;0.97905
1.8751e-06;0.000136155;1.22394e-10;8.19455e-09;0.00299609;2.43714e-06;9.16058e-08;0.996774;4.14149e-06;7.74439e-09;1.80804e-09;2.14937e-07;1.91207e-08;8.51767e-05
5.6318e-09;4.41796e-07;0.999998;3.55578e-10;9.10157e-07;1.46049e-09;1.35889e-10;4.20835e-10;7.63344e-13;1.30979e-10;5.99203e-12;7.30709e-07;3.14094e-10;9.49516e-08
1.745e-07;0.779436;2.08959e-10;9.06671e-10;4.10703e-07;2.71386e-10;2.91942e-07;0.220549;3.5273e-07;2.59113e-10;2.59079e-08;2.95147e-11;1.42888e-05;1.83876e-07
1.107e-10;1.16351e-08;1;7.06191e-12;4.94022e-12;4.44757e-14;2.11395e-11;3.79435e-10;2.16759e-11;1.24938e-12;2.70197e-12;1.43987e-08;9.18032e-10;7.59563e-13
2.49164e-07;1.22935e-05;6.81024e-05;3.65272e-07;3.67576e-05;3.8614e-06;2.80549e-08;0.000617871;1.99313e-06;1.89445e-06;5.79537e-08;0.0100571;7.46012e-06;0.989192
7.37331e-08;0.997466;6.80377e-09;6.2925e-09;1.22471e-06;1.16384e-08;5.67847e-08;0.00212098;9.6004e-08;2.25015e-08;1.35547e-08;2.14722e-05;0.000389547;3.42378e-07
1.58219e-06;0.0929865;4.54376e-09;1.28707e-06;2.69164e-05;0.00012232;6.25422e-07;5.12357e-05;6.36228e-07;7.67018e-06;2.76611e-06;0.11821;0.788486;0.000103026
0.000830417;0.0269485;0.833326;0.000729374;6.68839e-05;6.26152e-06;0.0199994;3.65044e-05;3.73984e-05;0.0428002;1.34918e-05;0.0735376;0.0012478;0.000420246
1.15682e-05;1.2506e-05;0.999071;1.20537e-05;7.09212e-09;3.28557e-07;0.000126733;2.53292e-08;0.000538928;8.90614e-07;0.000158445;1.01223e-06;6.62723e-05;1.15158e-10
5.7613e-07;0.994989;0.00421773;7.74621e-07;1.93804e-08;1.45641e-08;8.43473e-08;9.52623e-06;3.54199e-09;1.59751e-07;8.93203e-09;1.82285e-06;0.000779439;4.42697e-07
1.00989e-06;0.941691;3.30554e-08;1.43636e-05;2.35762e-06;3.00241e-06;2.29123e-06;0.0314461;1.39034e-05;6.51695e-06;1.0705e-05;0.000205406;0.0260706;0.000532924
8.88635e-06;0.904569;2.03584e-05;3.02042e-05;7.52078e-06;0.00225513;7.772e-05;7.31383e-08;1.23853e-06;0.000103588;7.33596e-06;0.0740414;0.0185398;0.000338115
0.00832382;0.0154031;0.514024;0.00110182;0.000604326;0.0284662;0.145329;0.000702834;4.30401e-05;0.0727314;5.4703e-05;0.0403006;0.0854197;0.0874953
1.4217e-10;2.7229e-09;1;2.55391e-11;1.37099e-12;5.17329e-11;1.13292e-07;4.29663e-12;1.04478e-10;7.10888e-10;4.18019e-11;9.77024e-14;1.58165e-10;2.0571e-14
9.5606e-11;4.2882e-11;1;4.3698e-10;3.44276e-11;2.14957e-11;1.3598e-09;5.1259e-10;9.95772e-10;1.10228e-10;7.79872e-10;4.07462e-08;1.15017e-09;1.93889e-12
1.07928e-07;0.000106423;0.00165938;1.07289e-05;2.70076e-05;4.46618e-06;9.11201e-08;6.93862e-06;4.06799e-05;1.95708e-07;1.66028e-05;0.996931;2.61739e-06;0.00119405
6.20006e-06;0.925147;1.60201e-06;7.14017e-07;2.19949e-05;4.7068e-05;5.18586e-06;0.0612549;4.15904e-06;9.3271e-07;8.44346e-05;7.54085e-07;0.0134217;3.89723e-06
4.44389e-10;0.999737;1.6037e-10;3.82599e-11;8.82445e-09;1.10768e-09;3.03235e-08;5.37851e-09;2.5171e-13;6.23106e-09;1.48747e-12;5.71621e-07;8.13072e-08;0.000262084
3.39396e-11;6.14568e-10;1;2.82239e-10;1.87384e-09;1.25318e-09;6.61112e-10;1.52178e-10;8.56917e-13;1.59847e-11;1.71762e-12;3.40053e-08;1.09198e-10;4.17108e-10
2.2194e-07;0.846501;2.22098e-09;1.43536e-07;3.19088e-07;1.55981e-06;1.4628e-07;0.00159823;4.01522e-07;8.15405e-09;2.95747e-07;4.35892e-08;0.151897;4.70858e-09
6.84314e-07;0.998434;0.000650705;2.48876e-05;2.17432e-06;1.03709e-06;2.84282e-09;1.20739e-05;1.19225e-08;4.3122e-07;5.50772e-09;0.000509048;0.000363647;1.79733e-06
1.79556e-05;0.685356;4.90152e-09;1.28167e-05;4.29479e-06;1.50441e-05;9.54735e-07;0.00050876;1.85012e-05;6.57135e-07;0.000121555;0.000772198;0.312861;0.000310088
8.56924e-05;0.808809;0.00024036;5.04794e-05;0.000140275;0.000208259;2.12025e-06;0.0057303;3.62799e-06;3.78051e-05;2.6672e-06;0.164846;0.00528895;0.0145548
0.000255195;0.0529905;0.00112877;0.000676165;0.0955714;0.00224582;2.27162e-06;0.0325593;8.54298e-06;3.59029e-05;9.50942e-06;0.000928174;0.000635847;0.812953
1.64983e-05;0.937483;5.10059e-06;3.0434e-07;1.99157e-07;1.23394e-07;8.28705e-07;4.95356e-05;5.17137e-07;1.77391e-07;9.73224e-07;0.0596954;0.000809023;0.00193803
6.2786e-06;0.0350018;1.67845e-05;5.39235e-05;0.00133858;4.81556e-05;7.44676e-06;0.0157983;2.62987e-05;9.09653e-06;0.000100813;0.837094;0.110313;0.000184724
2.73139e-06;0.0308436;1.69266e-06;3.89255e-06;0.000329494;0.000993215;5.77153e-07;0.957921;5.73181e-06;3.09355e-06;7.30386e-06;0.00632638;0.00349272;6.89431e-05
1.9431e-06;0.00121685;4.78754e-07;6.92892e-06;0.000130374;5.86996e-05;3.38282e-07;0.835287;7.47827e-07;1.22184e-07;1.31859e-05;0.00234737;0.160929;7.0332e-06
8.87274e-05;0.10677;0.000194234;4.74162e-06;7.68866e-05;4.48883e-05;0.000173614;0.0649818;2.40867e-06;0.000214578;1.60883e-06;6.82236e-05;0.827351;2.80183e-05
1.1133e-10;2.41539e-11;1;8.49015e-11;3.5553e-11;1.24436e-11;5.33089e-11;3.38953e-11;2.55194e-11;3.63101e-11;8.86655e-11;1.07263e-08;3.20405e-11;5.04668e-12
5.16787e-07;0.00261569;0.000107949;1.5627e-05;1.40309e-05;4.1014e-05;2.19903e-06;0.000483868;0.000128521;1.0439e-06;6.17405e-05;0.995995;0.000357639;0.000175164
1.39936e-07;0.999571;9.2093e-09;8.5181e-08;1.34994e-08;2.87725e-07;3.11156e-07;6.08133e-06;8.27961e-08;8.28152e-09;1.74686e-06;2.25788e-05;0.000397254;1.34441e-08
1.24876e-07;0.0141713;1.33943e-07;8.29183e-08;1.02668e-05;8.11242e-07;1.75396e-10;0.00494066;1.0735e-09;1.47282e-09;1.00971e-07;0.980742;4.11683e-05;9.29563e-05
2.87801e-09;0.999921;3.25287e-10;2.49046e-09;8.72869e-09;1.15163e-07;1.25717e-05;2.0642e-08;8.2908e-11;6.7923e-07;9.5218e-10;1.15589e-11;3.4349e-06;6.24131e-05
5.84799e-11;5.33963e-10;1;1.12306e-11;6.23817e-12;1.73591e-11;4.17609e-12;9.00233e-11;2.71778e-12;7.74224e-12;2.75769e-13;4.64509e-10;2.43386e-11;5.42716e-13
5.06514e-05;0.179783;0.000191421;0.000564581;0.0018457;0.00154678;0.000189212;0.0815891;0.0143916;0.000232306;0.00370848;0.00925516;0.706643;8.92207e-06
