1.59137e-06;0.999936;8.64009e-06;1.55965e-05;7.84474e-07;2.59038e-08;1.45117e-07;9.36015e-06;9.62332e-08;3.10129e-07;1.27185e-07;1.29246e-05;7.91273e-06;6.62832e-06
3.6027e-07;9.94301e-06;4.8788e-11;9.76524e-10;7.63316e-09;1.48601e-09;4.7679e-10;0.999986;1.15997e-07;1.84754e-10;2.10868e-09;7.26804e-11;3.48626e-06;3.00088e-09
2.10272e-07;0.00020835;2.59573e-05;1.1156e-06;2.05864e-06;1.30604e-07;5.15156e-08;1.12692e-05;1.86041e-06;1.30635e-08;3.26302e-07;0.999733;1.42333e-05;1.07079e-06
9.3963e-06;0.216898;6.74648e-10;1.13563e-06;8.46806e-06;3.94214e-07;1.21684e-05;0.00329789;1.71505e-05;5.36068e-08;1.25383e-05;4.73982e-07;0.779724;1.80702e-05
4.86166e-06;0.0420206;0.000223495;0.00012088;0.00183447;0.000130237;2.53051e-07;0.00464836;5.85103e-07;4.24794e-06;7.17246e-07;0.818732;0.000144449;0.132135
2.78917e-05;0.128521;1.22585e-07;7.71472e-06;1.02765e-06;2.45468e-06;1.81534e-06;0.00484077;9.19681e-06;8.49993e-08;5.23427e-05;0.00806022;0.858464;1.17279e-05
0.000126387;0.00877308;5.68146e-06;1.22307e-05;1.5424e-05;2.10122e-06;7.66625e-08;0.0164253;9.5854e-06;5.01673e-07;0.000178911;0.973785;0.000652967;1.23644e-05
1.13426e-07;0.999574;1.10239e-05;2.38394e-07;1.82761e-07;6.07587e-08;1.86216e-05;2.80997e-08;8.16063e-11;0.000357469;2.86386e-09;3.21209e-08;7.22566e-09;3.7838e-05
3.09866e-09;9.86009e-11;1;6.08618e-10;3.32358e-10;5.51413e-11;6.20071e-09;1.51811e-09;1.05007e-09;2.92102e-10;1.3793e-08;1.34896e-08;2.13851e-11;9.15222e-11
3.33189e-05;0.0488441;3.49782e-06;5.83649e-05;1.48883e-06;0.000442507;0.00897694;0.000504505;0.000649123;5.99566e-05;0.0360428;3.81152e-06;0.904376;3.24502e-06
7.04744e-06;0.00136089;0.988226;8.06604e-06;5.85517e-07;5.6189e-07;5.21081e-06;3.72344e-06;1.46496e-07;2.09076e-06;7.3679e-05;0.00786546;0.00244495;1.65489e-06
2.65587e-06;0.989928;1.39246e-08;4.25674e-06;3.39768e-05;9.07111e-06;0.000904276;0.000182199;2.72512e-06;0.000194594;0.000105508;7.26638e-07;0.00178295;0.00684934
8.2027e-08;3.40769e-07;0.999989;1.34764e-07;9.99861e-08;1.04343e-08;3.65975e-08;2.28615e-07;4.88753e-08;5.41653e-09;4.07851e-07;9.40172e-06;2.97566e-07;1.80505e-10
1.55322e-05;0.923315;1.22394e-05;5.34934e-07;7.33963e-07;1.34801e-06;1.73689e-05;0.0758917;7.3294e-06;7.73995e-07;7.38637e-07;0.000129061;0.000606865;6.28888e-07
2.62719e-05;0.0577178;0.00250215;0.000335843;0.0209247;0.0483776;2.87327e-06;0.0017272;0.000153331;9.08905e-06;0.000611212;0.846015;0.0193103;0.00228641
8.59287e-08;0.00156266;5.26028e-10;4.71738e-09;6.52597e-07;5.47859e-07;8.54069e-11;7.63161e-05;6.34285e-09;6.01777e-11;2.98182e-08;3.49612e-06;0.998355;9.70881e-07
5.61761e-07;5.3672e-05;1.8077e-07;4.91103e-06;8.46109e-05;4.63308e-06;8.69642e-09;2.41282e-05;1.89384e-05;1.46537e-08;1.54293e-05;0.99565;0.00413356;8.90911e-06
0.0001736;0.00694755;1.19799e-05;4.38305e-07;0.000215131;3.32048e-06;2.44413e-06;0.99253;2.16632e-05;4.37024e-07;3.52499e-08;6.9723e-07;5.43008e-05;3.86604e-05
3.30801e-05;0.975543;5.26399e-07;9.62434e-06;7.99408e-05;1.63859e-05;8.94642e-07;0.0168927;0.000117662;1.38441e-07;1.72966e-06;0.000398898;0.00377046;0.0031348
2.71938e-05;0.774459;7.46505e-07;4.6789e-05;0.000369125;0.000512676;1.59082e-07;0.202641;1.88755e-05;5.90066e-06;3.08998e-06;0.00153834;7.09718e-05;0.0203062
5.71314e-05;0.983906;2.60884e-08;5.36712e-05;0.000214149;2.17313e-06;0.000103886;0.0100179;7.49751e-05;5.69063e-06;0.000509892;8.90834e-06;0.0050357;9.7249e-06
3.51162e-06;0.999653;3.22782e-07;1.68676e-07;2.51854e-08;4.67535e-09;2.00801e-07;3.18304e-06;9.22833e-09;4.10911e-07;1.45476e-08;0.000213262;0.000123786;2.12446e-06
0.00101842;0.377861;3.20281e-05;0.00124381;0.00276916;1.94634e-05;0.106682;0.00239622;0.00170929;0.0567751;0.000238882;0.000361168;5.12833e-06;0.448888
0.000107269;4.79415e-05;0.999122;2.08324e-06;7.56609e-08;4.02498e-07;0.000202279;0.000210239;0.000199215;2.18715e-07;5.91657e-05;3.8919e-05;9.71866e-06;4.68088e-09
1.0046e-05;0.961346;7.3978e-06;6.73781e-07;2.6748e-06;1.11272e-06;8.03379e-07;0.000989896;9.62935e-06;4.41248e-08;7.50133e-06;0.00157488;0.0360467;2.884e-06
2.12284e-06;0.995592;5.95335e-07;7.38814e-06;1.94253e-05;1.78989e-06;0.00018501;0.000356198;1.06547e-05;0.000758019;1.54083e-06;0.00168123;1.03835e-05;0.00137413
4.62786e-06;0.000192808;0.995129;6.21595e-06;1.7737e-05;8.36591e-05;0.000131726;0.00045056;1.79524e-06;5.02459e-05;1.27277e-07;1.48341e-07;0.00393089;4.62615e-08
1.15103e-07;9.61648e-09;0.999998;1.31141e-08;1.06962e-09;2.48719e-09;1.45337e-07;2.18272e-09;2.04182e-07;5.23868e-09;4.52177e-09;6.79068e-09;1.3631e-06;5.10026e-11
8.6304e-09;1.05795e-08;0.999983;5.79744e-08;2.12221e-07;1.58264e-08;2.0778e-09;1.18004e-05;6.8686e-08;1.4852e-09;3.53957e-09;4.80782e-06;2.59976e-09;3.76292e-07
1.06725e-08;0.000123532;1.02403e-05;3.0585e-08;3.59447e-05;0.0017212;3.58476e-11;8.72761e-07;5.12713e-09;4.23091e-08;2.42108e-10;1.11759e-06;2.45331e-08;0.998107
5.31392e-06;0.0119435;1.4528e-07;5.36298e-08;1.07272e-05;9.8723e-06;1.7745e-10;0.0537545;2.56683e-08;3.27805e-09;4.37391e-07;0.00765251;0.92662;3.17477e-06
1.92856e-05;0.777232;2.5535e-05;3.32948e-06;0.000671136;1.45103e-05;9.88146e-08;0.176273;1.9159e-07;6.48139e-07;2.20344e-07;0.000318792;0.0446133;0.000828146
1.31105e-05;0.208284;9.13307e-05;2.24982e-05;0.00445294;1.72029e-05;2.41971e-08;0.745573;1.71148e-08;8.65103e-07;1.25143e-06;0.0374176;0.00347343;0.0006522
3.0789e-08;0.994785;2.39014e-10;3.19261e-07;5.6412e-10;1.15524e-09;5.73009e-05;5.04441e-08;5.87714e-08;1.72734e-06;1.68661e-06;6.45807e-07;9.77861e-07;0.00515231
1.13709e-06;2.6206e-05;1.36561e-06;6.20469e-05;9.11901e-07;1.54535e-06;0.824047;4.27029e-06;0.00145102;9.01515e-06;0.174368;2.74121e-06;2.41732e-05;5.94188e-07
9.32948e-07;0.999369;6.65961e-10;1.37798e-07;1.07307e-08;9.8264e-09;1.78204e-06;0.000586467;1.81212e-06;3.38934e-08;5.59816e-06;2.02364e-08;3.31158e-05;6.83561e-07
3.74292e-07;0.998035;1.84302e-09;3.35825e-09;4.05869e-10;8.44988e-10;3.66389e-08;5.78463e-07;1.36606e-08;2.81296e-09;5.45348e-08;7.79211e-05;0.00188639;7.54702e-09
9.86755e-06;0.992518;1.00542e-07;2.12815e-07;0.000217093;5.99204e-07;5.92169e-07;0.00461398;4.62037e-07;7.53801e-07;1.48048e-06;8.71386e-05;5.32281e-05;0.0024969
3.39081e-05;0.97268;4.42398e-05;5.36737e-07;0.000577351;1.51411e-07;3.51542e-06;0.00639797;2.30671e-05;1.21549e-07;1.69909e-06;0.0166585;9.63116e-05;0.00348282
2.97291e-05;0.0147568;3.36646e-07;1.0507e-06;6.9884e-06;1.10361e-05;2.13961e-06;0.0704381;1.373e-05;1.32093e-07;6.3953e-06;0.769464;0.145267;2.64162e-06
8.93388e-06;0.0717878;9.94807e-09;1.04017e-06;7.65505e-06;2.10571e-06;1.67549e-08;0.00532082;6.93471e-07;4.97621e-09;1.75012e-06;0.00276607;0.920067;3.6069e-05
1.34839e-05;0.36239;4.65514e-06;1.40905e-05;0.000344869;0.000450671;5.63683e-07;0.0157326;1.4742e-07;4.81982e-05;1.68764e-07;0.000375452;0.620083;0.000542125
2.58932e-10;2.41378e-12;1;1.81821e-09;5.27409e-11;5.60635e-11;8.69385e-10;3.15718e-11;1.46637e-09;4.1757e-10;2.87773e-09;7.6401e-10;3.13336e-11;5.31648e-12
1.98011e-07;0.000629218;0.996139;2.11166e-06;4.97349e-06;4.9626e-07;5.34194e-08;0.000765462;1.76561e-06;4.20428e-08;1.06493e-06;0.00242185;2.68259e-05;6.57905e-06
1.47056e-07;0.0501141;3.72874e-07;7.50826e-07;0.000308539;0.0128755;6.47306e-05;2.99435e-06;4.38742e-07;0.000318151;3.37265e-07;3.57915e-09;2.0535e-06;0.936312
1.24593e-11;9.21343e-11;0.999999;1.88264e-10;1.72497e-09;7.9489e-10;1.07753e-11;2.44495e-11;1.37494e-12;2.67771e-11;6.05172e-12;7.95238e-07;4.81001e-12;2.77375e-10
9.40158e-08;0.000149977;8.33236e-06;1.00996e-07;1.06863e-05;9.02019e-07;5.05312e-10;0.999803;1.06259e-08;1.24245e-09;2.41381e-08;6.80529e-07;2.61391e-05;2.2682e-07
1.2617e-08;0.989506;1.80195e-10;1.96912e-08;5.22985e-08;3.36056e-08;3.12121e-07;6.60934e-06;9.61758e-10;3.90177e-07;1.64079e-09;8.38515e-08;2.29025e-06;0.0104841
4.79427e-05;0.416604;0.00143331;0.000621953;0.000512642;0.000313643;0.00209556;0.165289;0.000157155;7.00795e-05;0.000299314;0.000649346;0.411844;6.22759e-05
4.79205e-07;0.990263;2.87006e-06;4.44507e-06;1.9335e-07;7.64424e-08;1.75939e-08;0.000114758;9.61694e-09;1.22933e-07;1.89895e-08;0.00932051;0.000289336;4.42385e-06
2.49404e-08;0.99694;8.01419e-10;2.22892e-10;7.98602e-12;8.82314e-11;7.2024e-08;2.54902e-07;2.45532e-10;1.83702e-10;1.343e-09;3.02176e-07;0.00305892;2.01147e-11
1.12318e-10;4.84379e-07;1.03652e-09;1.70151e-08;1.12539e-06;7.74318e-07;1.14003e-12;3.17782e-07;1.25854e-08;2.72832e-11;8.54243e-09;0.999995;9.78819e-08;2.34992e-06
5.35149e-08;0.00336595;5.59459e-11;1.75214e-08;4.29753e-08;5.20829e-08;7.89903e-09;6.82629e-05;2.34152e-07;6.90936e-11;2.92957e-07;3.40433e-06;0.996562;9.77979e-09
3.00337e-07;3.67132e-05;1.61115e-08;1.79385e-07;2.62951e-08;1.37785e-08;1.43758e-10;1.25944e-05;3.9192e-06;6.86236e-10;1.18922e-07;0.999862;8.34869e-05;1.49592e-07
1.2203e-05;0.322186;1.28444e-08;9.33125e-06;5.57057e-06;7.07945e-06;2.08208e-07;5.32615e-05;7.65235e-07;4.33277e-07;5.63535e-07;1.59054e-06;0.67772;3.21679e-06
4.76168e-08;5.35675e-05;1.29224e-07;3.10627e-07;5.49391e-08;6.90206e-09;2.48514e-11;2.33477e-07;7.64652e-09;1.2837e-10;3.07398e-08;0.999944;1.54341e-06;2.61941e-07
2.47242e-06;0.0810566;9.01304e-06;1.42247e-05;0.000946788;0.000235927;1.85636e-08;0.557728;2.47771e-08;8.28674e-07;5.49301e-07;1.83645e-05;0.358728;0.00125883
3.13572e-08;2.33787e-06;7.62809e-08;2.81992e-06;1.39343e-08;0.000122234;4.70673e-08;5.40645e-08;6.47354e-07;4.2993e-07;6.74955e-06;3.87573e-07;0.999864;1.12182e-07
1.78839e-08;2.916e-07;1;2.19451e-08;7.29396e-10;3.12427e-10;1.25096e-09;2.53022e-09;3.56892e-10;2.90246e-08;6.58607e-10;7.39055e-08;9.01993e-10;5.60441e-10
3.76302e-06;0.996404;5.27766e-06;3.62608e-05;9.15269e-06;2.13114e-06;5.57907e-06;0.00232429;0.000312164;1.47754e-06;0.000441925;1.172e-05;0.000395717;4.64362e-05
