5.35912e-07;0.959275;9.79092e-10;2.70672e-08;4.34411e-10;5.03046e-08;8.44308e-07;8.12511e-07;4.07322e-07;6.13131e-09;1.79303e-06;1.55854e-05;0.0407051;8.28258e-09
1.42486e-05;0.0673136;3.18356e-06;3.47528e-05;0.000124192;0.000451588;7.11374e-07;0.00039116;2.52874e-05;2.50613e-06;1.21723e-05;0.928384;0.00198368;0.00125855
1.25116e-05;0.980458;5.67195e-05;7.55266e-07;8.43192e-06;1.27975e-05;2.08484e-07;0.000745498;1.67072e-06;1.06156e-07;7.55698e-06;0.00621586;0.0124528;2.71258e-05
2.46558e-05;0.120196;8.05902e-05;7.10689e-05;0.00383442;0.000312154;2.024e-06;0.854255;2.35814e-05;4.17012e-06;5.98098e-05;0.00115298;0.0121056;0.00787723
1.07574e-05;0.00257753;0.000167815;1.1121e-05;8.79095e-05;6.31851e-06;3.57568e-06;0.00436152;0.00011146;7.12543e-07;0.000553455;0.989322;0.0027858;5.09836e-07
3.21883e-05;0.0238594;6.35256e-08;7.44721e-06;2.20537e-05;9.66475e-06;2.57115e-06;0.0052644;2.15714e-05;8.08715e-07;0.000287404;0.00490113;0.965587;4.15868e-06
0.000117335;0.026505;3.7394e-06;1.29757e-05;1.44583e-05;1.05991e-05;9.38259e-07;0.00110175;4.41762e-05;6.59269e-06;0.000329713;0.970477;0.000711995;0.00066409
3.55364e-06;0.999776;4.33717e-07;7.96725e-09;3.07424e-09;7.22941e-09;7.64198e-07;7.64814e-07;5.41189e-08;3.72931e-08;2.1852e-07;0.000179884;3.7948e-05;1.09388e-08
8.37495e-07;0.000139752;3.83832e-07;1.34849e-05;3.56006e-05;5.59004e-05;4.11259e-08;0.00191842;8.16002e-05;2.14797e-07;0.000100284;0.997242;9.40992e-05;0.000316887
8.78235e-08;0.974582;1.12657e-10;3.68983e-09;4.63564e-10;1.7199e-08;2.23579e-08;9.20461e-06;1.17826e-08;8.21393e-10;6.95952e-08;2.18484e-07;0.0254087;1.55478e-07
6.72085e-06;0.0160008;7.62792e-08;2.81429e-06;4.49726e-06;7.91771e-05;3.01453e-07;2.0725e-05;7.26265e-06;5.05635e-07;1.06842e-05;0.962263;0.00153423;0.0200689
2.67789e-05;0.0443165;5.54332e-05;1.11584e-05;0.000635377;4.59964e-05;8.36512e-07;0.152362;2.34899e-06;1.70693e-06;9.43535e-07;0.000653521;0.800936;0.000950976
5.92862e-07;0.00305081;1.57704e-11;1.5699e-06;1.14389e-07;9.95735e-05;2.73648e-07;2.75527e-06;7.81773e-07;1.04839e-07;6.55293e-07;4.75666e-05;0.996792;3.42831e-06
1.02812e-05;6.54105e-05;0.999512;3.17518e-06;3.03053e-08;7.95677e-06;1.03315e-05;4.75686e-07;1.72533e-08;6.0592e-05;2.65837e-08;1.41955e-06;0.00032617;1.96303e-06
9.30649e-08;6.91938e-07;0.999985;6.06582e-08;6.21527e-10;1.38717e-07;1.27393e-05;4.03052e-08;1.10322e-07;9.65853e-07;3.03571e-07;1.14696e-09;1.07015e-07;7.25787e-10
3.94617e-10;6.20881e-08;1;1.48561e-09;5.40991e-12;3.88176e-11;1.10496e-08;8.34202e-10;7.72773e-10;6.19545e-10;5.45589e-09;8.23958e-08;1.34608e-08;1.12079e-11
3.55075e-08;0.000115534;0.0158219;8.09073e-07;2.43048e-05;3.61968e-06;9.05886e-09;7.47235e-05;1.46838e-07;1.90334e-08;2.68004e-07;0.983413;2.59001e-06;0.000543111
9.40233e-07;0.87145;1.61201e-07;5.51134e-07;0.00114407;0.000273574;6.55732e-07;0.101438;1.49307e-07;1.05017e-06;7.25119e-07;3.35498e-05;0.0251405;0.00051652
2.4472e-11;0.0743811;1.30044e-12;6.05096e-10;9.75308e-07;5.63392e-08;3.52219e-10;1.66461e-07;5.05703e-13;5.35783e-09;1.9274e-11;2.41988e-05;7.98323e-08;0.925593
2.12768e-06;0.970505;2.12479e-06;5.51033e-06;4.47963e-07;2.69081e-07;0.00264802;0.00654246;4.66034e-06;1.99817e-07;9.77828e-06;1.37835e-06;0.0202784;4.64052e-09
9.66321e-08;0.999466;2.33872e-06;6.23166e-06;1.29761e-07;3.34006e-08;5.99155e-10;0.000207362;6.73416e-10;1.40976e-08;3.71464e-11;5.12861e-06;0.000311392;1.28833e-06
1.61255e-06;0.869622;8.99255e-09;6.17472e-06;6.88147e-06;2.33605e-06;1.77366e-08;0.127182;1.0527e-07;7.21182e-07;3.31211e-08;9.37014e-05;0.00296149;0.000123336
6.17704e-06;0.14878;1.37232e-05;5.47037e-06;1.27788e-05;5.83409e-05;0.00426949;4.39123e-06;1.04203e-07;0.0265566;1.24644e-06;5.29961e-05;9.01939e-06;0.82023
6.97436e-09;1.21181e-10;1;1.09437e-08;1.48783e-08;5.16057e-10;1.27244e-08;2.86729e-10;2.51806e-08;2.01522e-09;5.49638e-08;8.02415e-08;8.09223e-12;7.36175e-10
5.18729e-07;0.999969;1.12972e-06;2.20006e-07;6.62274e-08;1.96692e-09;8.94159e-08;7.39074e-07;4.59265e-08;1.94583e-08;2.83253e-07;2.27845e-08;2.78564e-05;1.78903e-07
2.05428e-08;0.0309376;2.043e-08;3.53817e-10;1.77892e-09;8.3443e-11;5.05764e-09;8.70145e-08;6.46411e-11;5.14127e-10;7.47966e-10;0.969033;2.96117e-05;4.56867e-08
2.55144e-07;0.0149476;7.33243e-08;3.54024e-07;0.000670993;0.00242577;1.15972e-07;0.948459;5.66721e-08;1.12273e-07;9.84045e-08;0.000214365;0.0332712;9.3714e-06
2.32204e-07;0.00026123;5.57575e-09;1.23268e-07;5.63026e-07;1.16276e-05;2.20688e-10;0.00217885;5.21571e-09;6.04794e-10;5.86331e-09;0.000512736;0.997002;3.29071e-05
4.0863e-07;7.58967e-06;1.17768e-06;9.69044e-07;1.15218e-07;4.67533e-08;1.01789e-09;7.80973e-06;7.8566e-08;3.27907e-09;3.25351e-07;0.999959;2.1424e-05;7.0492e-07
0.000189808;0.378406;6.35911e-05;1.06689e-05;4.37559e-05;5.19029e-06;1.52015e-05;0.608568;6.71371e-06;1.76374e-05;7.14606e-06;3.49044e-05;0.0125383;9.36121e-05
0.000311928;0.589442;0.00091695;0.00135595;0.00486396;0.000233874;1.78634e-05;0.0122154;3.5578e-05;4.39928e-05;0.000484257;0.29087;0.00818106;0.091027
0.000374923;0.136265;1.73902e-07;0.000296772;0.000768302;0.000673715;0.085037;0.436601;0.000774142;0.00284654;0.00496316;1.46203e-08;0.330281;0.00111804
1.25184e-06;7.6914e-08;0.999993;1.71032e-07;1.86315e-09;7.05934e-10;3.08681e-07;5.22428e-09;4.08328e-07;2.53098e-08;4.09354e-06;5.81616e-07;5.23831e-08;1.06914e-09
6.89688e-05;0.00437078;8.49995e-05;9.61622e-06;6.23047e-05;5.67123e-06;5.24556e-06;0.0135827;3.95989e-05;7.48718e-06;3.85135e-05;3.24129e-05;3.24775e-05;0.981659
5.15259e-05;0.00145387;1.74054e-07;2.4637e-06;0.00108609;2.23742e-05;2.04382e-06;0.992439;0.000879203;2.5164e-07;0.00011505;0.00391149;2.25574e-05;1.3776e-05
0.000163931;0.0839551;0.914229;1.54998e-05;0.000661488;6.3963e-06;4.72945e-06;6.8707e-06;1.12736e-07;4.98665e-06;3.64755e-06;0.000329555;0.000558391;6.05115e-05
1.2575e-06;0.990383;7.21733e-09;3.34298e-08;2.25882e-08;3.74702e-08;2.03956e-08;1.27114e-06;2.97564e-07;1.32429e-10;3.77498e-07;0.000204565;0.00939462;1.48241e-05
4.1835e-07;0.512756;1.33708e-05;3.48862e-08;0.000189725;1.69436e-07;1.56616e-08;0.229099;2.15097e-08;5.75556e-08;2.45071e-09;0.000326268;0.256993;0.000622533
3.87981e-07;0.0100837;3.11504e-11;4.59972e-05;0.000654765;0.00674855;1.02883e-05;3.20245e-05;4.18505e-05;1.78202e-05;1.65318e-05;0.000334857;0.978751;0.00326231
0.000308042;0.0344225;0.223591;5.8347e-05;3.36936e-08;1.34221e-07;0.00440613;2.04877e-07;2.16872e-06;0.00305223;5.00684e-06;0.734117;2.99742e-05;7.2193e-06
7.38964e-08;3.20244e-08;0.999991;5.80438e-08;4.50047e-11;4.82781e-10;1.37309e-06;1.2849e-09;3.57887e-06;7.44136e-09;3.56547e-06;5.97774e-08;1.1152e-08;3.9113e-11
8.99161e-07;0.00166904;1.38815e-07;1.50893e-08;2.14466e-07;1.07554e-08;3.45993e-08;0.99792;5.89101e-07;7.08412e-08;4.05037e-07;4.03964e-07;0.000407662;6.11052e-07
1.52586e-08;7.43372e-05;1.18393e-06;2.07352e-07;1.18922e-05;5.50858e-07;6.65198e-10;1.26096e-05;3.73712e-08;5.37779e-09;9.39659e-07;0.999793;1.28867e-05;9.26629e-05
2.52327e-07;0.988386;7.40934e-09;1.23529e-07;4.19253e-07;2.33574e-08;1.39695e-06;0.0110255;1.00418e-06;1.42955e-07;1.22608e-06;2.10312e-06;0.000580932;4.01942e-07
1.06998e-06;0.0294314;1.95133e-06;1.68951e-05;7.70927e-05;6.44583e-06;2.01016e-06;6.5024e-05;1.62807e-05;2.29062e-06;2.86228e-05;0.968789;0.00155507;6.30308e-06
0.00036263;0.101963;2.02636e-07;2.00081e-06;2.20512e-05;3.5999e-05;9.0114e-07;0.676978;6.67195e-05;9.98918e-07;7.70598e-07;4.1901e-06;0.220563;9.1593e-08
2.88202e-05;0.262783;4.82662e-08;1.75923e-06;5.79457e-07;4.22175e-07;2.09036e-08;0.00984839;5.88111e-06;1.95732e-08;3.4732e-07;9.93271e-06;0.727321;6.70838e-07
9.75203e-05;0.102971;7.55079e-06;2.68501e-05;3.32983e-06;4.07323e-06;6.68899e-08;0.00175689;1.94554e-05;2.34955e-06;3.49322e-06;0.871683;0.0233921;3.23642e-05
0.000500878;0.917619;4.19454e-06;2.35643e-06;8.72613e-05;3.51636e-06;4.30798e-06;0.034103;6.6318e-06;4.57658e-06;3.72696e-06;0.000149726;0.0462411;0.00126992
6.21634e-07;0.304291;1.61705e-06;1.79591e-07;4.72629e-05;2.30975e-07;8.08037e-08;4.22978e-05;5.34862e-09;6.25402e-07;5.0441e-08;0.0138397;4.70902e-06;0.681772
1.09664e-05;0.57384;2.46359e-06;2.90509e-05;0.00444624;0.000493028;9.1811e-06;0.38811;7.99325e-06;1.5882e-05;1.66604e-05;0.00442882;0.0283346;0.000255047
0.000105012;0.000113012;5.25745e-07;1.32507e-05;4.15842e-05;5.19244e-06;2.20736e-07;0.873607;3.27225e-05;1.5683e-07;0.000321391;0.0133229;0.112433;3.57364e-06
0.00146471;0.439267;0.000321291;0.000273514;0.00163105;0.00116249;0.00384886;0.0540088;0.00010325;0.00423089;0.000362911;0.000563985;0.489422;0.00333919
3.24799e-09;6.35157e-09;1;4.80696e-09;1.02111e-09;2.9032e-10;1.46e-09;4.88989e-09;1.32661e-09;3.22775e-10;2.01179e-08;2.58695e-08;1.3005e-09;5.33763e-11
1.44885e-07;0.000997404;0.000412994;4.69124e-06;5.91927e-06;3.7936e-06;1.12496e-08;0.00107084;1.85387e-06;8.07013e-08;1.04905e-05;0.997297;3.71216e-05;0.000157179
1.41788e-06;0.981272;6.3333e-09;2.68359e-06;0.000114847;0.000259008;1.18775e-06;0.0132271;5.43964e-05;8.4828e-07;0.00136854;4.5376e-06;0.00368736;6.01911e-06
5.85552e-06;0.625354;5.2986e-05;1.88131e-07;1.06861e-05;1.07816e-06;6.14566e-07;3.72285e-05;3.80471e-09;1.63229e-07;1.36359e-06;0.374283;0.0002514;1.925e-06
3.84781e-10;0.999987;6.28745e-14;3.20485e-12;5.75499e-11;3.1883e-10;5.04679e-09;2.98669e-08;1.17932e-12;1.20721e-10;1.32548e-12;2.57974e-11;4.67291e-08;1.32836e-05
9.95923e-12;3.94097e-10;1;1.13434e-12;1.67038e-11;5.13342e-12;9.5012e-13;2.37904e-10;1.75966e-13;3.91644e-13;1.11148e-14;4.18811e-07;6.14388e-10;6.47503e-13
1.77747e-06;0.151228;1.25974e-06;0.000359138;0.000126222;0.000448108;0.000423373;0.0140369;0.000653044;1.96839e-05;0.000467496;4.27219e-05;0.832184;8.34432e-06
2.45476e-07;0.997132;0.000142364;7.80516e-06;7.04853e-07;1.85256e-06;1.77192e-07;4.43063e-05;1.02388e-09;5.71585e-06;6.8039e-09;8.26089e-08;0.00266289;1.73324e-06
3.26399e-10;2.20611e-09;0.999999;3.49951e-08;1.66974e-11;8.11434e-11;1.48301e-08;2.33862e-11;1.99408e-10;1.54443e-08;1.85807e-09;1.257e-06;1.95367e-10;2.42639e-11
3.65659e-09;5.81311e-07;0.999315;1.39641e-06;2.15901e-07;5.47375e-07;8.81435e-10;1.07858e-06;9.98646e-08;1.34396e-09;1.47157e-07;0.000678865;8.19896e-09;1.77992e-06
3.80787e-05;0.0161282;0.000621712;1.41177e-05;0.0153704;0.382194;1.81156e-06;0.00362279;1.18593e-05;3.81495e-06;4.729e-05;4.25565e-05;0.0222378;0.559665
4.54519e-08;0.058127;2.66826e-09;7.16458e-08;2.57667e-05;2.92598e-05;2.0713e-06;9.25373e-07;1.11684e-10;2.13665e-05;3.00244e-09;2.33311e-06;6.01979e-06;0.941785
4.47067e-13;1.14913e-12;1;1.37778e-13;2.99124e-12;7.51977e-13;1.17353e-13;1.64698e-12;3.63307e-15;2.05243e-14;1.06944e-15;2.17212e-09;2.94747e-13;7.23167e-15
1.32081e-06;0.0586544;3.26864e-08;2.39663e-05;1.02622e-05;0.000236761;1.86168e-05;0.192878;4.17754e-05;4.95892e-07;1.98224e-05;1.51712e-07;0.748114;3.40171e-07
1.01659e-06;0.99866;0.000471714;1.63634e-05;2.87711e-06;3.61423e-07;1.01613e-08;0.000430574;1.95239e-09;6.5589e-07;3.82589e-09;3.08138e-06;0.000409217;3.69309e-06
8.31157e-05;0.453088;9.65923e-07;0.00244976;0.000578873;0.000160393;1.54293e-05;0.13412;5.0419e-05;7.73545e-05;0.000348548;0.00448088;0.401233;0.00331306
0.000374412;0.614184;0.00191073;0.056596;0.00597117;0.0204766;0.000633459;0.0910221;5.71357e-05;0.00168073;0.000772971;0.0113625;0.190308;0.00464929
0.00173877;0.095044;0.000192916;0.00202157;0.0144089;0.000235069;0.000455111;0.791705;0.000101428;0.000575741;0.00467306;0.00420009;0.0142665;0.0703814
0.000488081;0.0752482;4.36983e-09;0.00740341;0.0197343;0.0837729;0.000241342;0.00571792;0.0513408;0.000354454;0.0629755;0.000953717;0.690795;0.000974207
0.000319246;0.0012304;0.994871;1.12739e-05;2.13913e-05;1.32242e-07;2.64397e-05;1.00311e-05;2.69921e-06;9.44076e-05;4.26349e-06;0.00340551;6.27011e-07;2.97382e-06
4.95188e-06;6.692e-07;0.999858;8.66118e-07;1.22336e-07;1.67383e-09;1.83886e-06;7.14266e-08;0.000114203;1.71616e-08;1.91634e-05;3.05741e-07;7.14709e-09;4.37773e-10
2.03434e-05;0.992534;2.07208e-05;3.12816e-07;7.41492e-08;1.18487e-08;3.1815e-06;0.00465516;2.08831e-05;4.86827e-07;7.90203e-06;0.00228325;0.000450259;2.82736e-06
2.91351e-07;0.0160284;3.35555e-08;4.63825e-07;4.12156e-07;4.70163e-09;0.000728703;1.806e-06;2.59048e-06;0.000217177;1.51876e-06;3.13054e-06;5.54846e-10;0.983015
3.8434e-06;9.29522e-05;0.999651;6.54664e-07;6.49667e-08;1.69601e-09;1.56272e-05;7.49994e-05;1.66235e-05;2.06536e-08;7.40668e-06;0.000135147;2.13345e-06;2.71837e-10
2.49628e-06;0.996953;1.87595e-05;2.89766e-06;4.8281e-06;2.01094e-07;4.45751e-07;3.29174e-05;2.03052e-07;2.66191e-06;4.58089e-08;0.000160125;0.0028143;7.18583e-06
0.000138322;0.028511;2.04345e-07;0.000103132;0.00010507;0.000145296;2.59326e-05;0.0042254;0.00756329;7.10049e-06;7.25621e-05;0.0669177;0.892173;1.18488e-05
6.53001e-05;0.00122334;0.994374;7.61356e-05;0.0021933;4.17121e-05;3.24285e-08;1.76531e-05;1.2166e-07;1.53643e-06;2.20681e-08;0.000378995;0.000517143;0.0011106
4.64966e-06;0.0146429;3.03885e-10;6.52954e-09;1.15821e-07;1.11821e-06;2.53083e-06;0.00174718;2.82708e-07;2.71307e-08;2.46827e-08;3.33652e-08;0.983601;2.15965e-07
1.02507e-09;4.5755e-10;1;9.19437e-10;4.13725e-11;6.45266e-11;6.2783e-09;3.66765e-11;8.70016e-10;3.87499e-10;6.14805e-10;1.7069e-08;6.59068e-10;2.85764e-11
2.33246e-09;9.89295e-07;0.999121;9.38844e-09;1.13888e-08;1.53604e-08;4.27459e-10;2.68494e-06;4.75213e-10;1.02075e-10;4.61559e-10;0.000874802;1.40743e-07;1.15534e-08
8.26591e-07;0.00532658;0.000466447;4.8994e-05;0.00218901;0.0332372;7.1822e-06;9.75111e-06;7.53069e-06;2.19317e-05;3.04277e-05;0.000149747;2.43889e-05;0.95848
1.28627e-08;0.000326138;4.44506e-09;2.43175e-07;9.63734e-06;0.000444041;8.04681e-09;7.93464e-05;2.35965e-09;4.55939e-09;8.65235e-07;9.57217e-05;0.999044;7.54086e-08
1.71851e-08;1.9758e-05;0.999974;6.07984e-07;5.65366e-07;1.33746e-06;2.06358e-10;1.43731e-07;4.97406e-11;2.45724e-09;1.0391e-09;1.66657e-06;1.43409e-06;2.614e-07
2.54251e-07;0.00633079;1.52475e-11;3.91987e-07;1.65132e-06;1.86218e-05;5.14552e-10;0.000213065;6.39952e-07;5.99945e-10;6.73147e-07;2.12236e-06;0.993432;3.27796e-08
4.69307e-07;0.996357;5.39578e-07;3.00202e-06;2.04563e-06;5.73936e-06;2.6426e-09;0.000310345;5.76323e-10;2.97513e-07;1.98181e-09;7.7212e-07;0.0033172;2.81353e-06
2.26108e-07;3.64915e-07;0.999995;5.18248e-07;1.23534e-08;1.74776e-08;1.75417e-08;4.24157e-08;6.5269e-09;6.03217e-08;7.47523e-08;2.23437e-06;1.3532e-06;1.131e-08
5.26803e-09;1.19979e-06;2.58044e-05;2.89648e-08;6.06349e-07;4.70722e-08;5.4406e-10;1.02541e-05;1.12168e-09;8.46854e-09;1.37834e-09;9.70961e-07;1.13851e-08;0.999961
7.35632e-08;0.000239876;1.05017e-09;9.58052e-08;0.00162487;5.07556e-06;1.01834e-07;0.998108;8.70396e-07;1.70626e-08;8.03129e-08;9.22958e-07;2.38547e-07;1.95636e-05
1.36127e-09;2.31781e-06;0.999992;6.81211e-09;7.5956e-07;2.11646e-08;1.62505e-10;1.51618e-09;2.77383e-13;6.01469e-10;4.16019e-10;5.02203e-06;8.73569e-08;4.935e-08
1.06766e-08;0.999874;4.82845e-09;2.66318e-08;1.25487e-07;1.14476e-08;3.61992e-08;3.87914e-05;8.54406e-09;2.57516e-10;1.53715e-07;4.74401e-07;8.31793e-05;2.99157e-06
8.39197e-09;2.19179e-05;0.999963;7.49757e-08;1.84001e-06;3.15306e-08;5.4054e-09;5.60403e-08;5.29344e-09;1.4521e-08;2.95325e-09;9.61073e-06;1.3894e-06;2.07966e-06
4.27284e-08;0.999781;2.29937e-08;7.32385e-09;9.61399e-07;2.47164e-08;1.13953e-06;0.000199292;1.3016e-08;1.213e-07;1.0792e-09;1.15889e-07;1.55388e-05;1.57156e-06
2.00361e-07;0.00041666;3.39727e-09;6.70158e-06;2.08261e-05;0.000151602;2.88716e-07;0.000104953;1.96652e-06;2.8216e-07;1.0189e-06;6.00658e-05;0.999138;9.70475e-05
1.49452e-07;0.00061708;0.999288;1.557e-06;5.88958e-08;6.37033e-09;4.40178e-07;4.7728e-09;5.04251e-10;2.76112e-05;2.05752e-09;6.27311e-05;8.58354e-09;2.23433e-06
5.15987e-08;9.29775e-07;0.999996;7.56706e-07;2.3165e-08;6.62762e-09;9.50939e-07;1.15179e-09;1.30635e-07;5.51362e-08;7.68961e-07;6.9764e-08;2.17424e-08;1.10133e-08
1.85898e-05;0.907172;5.91583e-06;4.98925e-06;7.27151e-06;2.9168e-07;4.44548e-06;0.0832428;2.6332e-05;4.16312e-06;4.79982e-05;0.00904971;0.000408648;6.47397e-06
8.20875e-06;0.832162;1.05025e-05;6.58211e-07;7.70577e-06;6.07267e-06;4.71957e-06;0.106299;4.39884e-06;3.71206e-06;2.45404e-05;0.00692849;0.0545292;1.11488e-05
5.32468e-06;0.054673;1.52809e-06;0.000107263;0.000988181;4.57526e-05;2.51888e-06;0.0663202;1.04561e-06;5.75126e-06;5.42039e-05;5.05113e-05;0.858442;0.0193032
4.20024e-05;0.559035;2.57981e-06;2.68371e-07;4.79526e-08;8.71008e-09;3.41919e-06;5.82404e-06;1.63175e-07;1.33862e-06;2.51815e-07;0.439911;0.000569826;0.000429068
4.50992e-05;0.895308;1.09706e-06;1.35507e-05;2.83194e-05;4.2178e-06;0.00282984;0.0920908;0.000195348;0.000348526;9.11826e-05;0.000305537;0.000686733;0.00805184
9.59342e-08;5.32522e-06;0.999964;2.61836e-08;4.50675e-09;1.00934e-08;6.51891e-08;6.10737e-06;4.11358e-09;6.76592e-09;5.09933e-08;2.28771e-05;1.43017e-06;2.97293e-10
1.03083e-06;0.962886;2.386e-06;1.44099e-05;2.7039e-05;3.5906e-05;3.57637e-06;0.00150997;7.72018e-07;4.89063e-07;6.40608e-06;0.00031326;0.035159;3.9622e-05
1.28541e-05;0.0160664;1.12817e-05;8.14306e-06;0.000558629;3.00777e-05;1.53998e-07;0.0523633;1.36792e-06;1.41714e-06;2.45971e-06;0.898783;0.0317649;0.000395727
6.12723e-05;0.282034;4.98299e-05;0.00145654;0.00308208;0.00712705;0.0015112;0.305743;0.000218415;0.00820464;0.00020696;5.06438e-06;0.388765;0.00153479
3.73654e-08;3.13147e-09;0.999998;1.17805e-07;1.74664e-09;4.9448e-09;5.22018e-07;1.68312e-10;2.1277e-08;3.26956e-08;1.18372e-07;1.31431e-06;1.79509e-07;5.17216e-11
3.64242e-06;5.41884e-06;0.987799;3.47023e-05;2.72392e-05;5.7898e-06;5.55852e-06;0.0119558;3.99851e-05;2.91965e-07;1.74474e-05;9.8283e-05;4.49445e-06;2.40731e-06
4.09787e-07;0.000471476;0.000138652;1.08695e-06;5.32841e-05;0.00144366;2.72399e-09;1.48577e-05;1.17663e-07;1.14823e-06;1.38768e-08;5.82608e-06;4.72868e-07;0.997869
0.000153532;0.00703327;2.50798e-08;9.60414e-06;0.000153482;0.000108739;2.06294e-07;0.512048;4.41321e-05;1.22216e-07;0.000286514;0.000235834;0.47988;4.64018e-05
2.00192e-06;0.961241;3.24982e-09;6.09271e-09;3.46937e-09;1.27747e-09;3.04802e-07;1.18443e-06;1.25267e-08;5.63861e-09;2.62889e-08;4.19824e-05;0.0387138;1.9941e-09
1.25627e-06;0.968166;5.54e-09;7.28052e-06;9.28392e-07;2.17628e-06;0.00911805;2.35764e-05;1.30646e-07;0.00866363;2.16839e-07;8.08245e-05;4.38264e-06;0.0139314
2.17265e-11;3.28677e-11;1;1.6044e-09;7.20098e-13;9.09941e-12;7.68592e-10;4.81746e-14;7.25498e-10;6.72593e-11;2.21096e-09;3.91143e-09;9.07987e-13;4.94654e-13
2.00574e-06;0.000636944;1.17691e-07;2.14745e-08;7.61814e-09;1.92933e-09;3.20917e-06;0.999331;1.73814e-06;2.25825e-08;4.62016e-06;7.74757e-08;2.04018e-05;1.28688e-09
2.58865e-05;0.00477242;0.00146658;0.00212035;0.00568502;0.00675761;7.93215e-05;0.00157708;0.00199967;0.000105262;0.0118203;0.180392;0.00129227;0.781907
1.08159e-06;0.994723;4.62147e-07;1.03709e-06;4.72262e-07;3.38545e-07;2.49052e-07;0.000586451;3.84815e-07;2.11192e-08;4.56247e-06;2.63724e-05;0.00461255;4.30347e-05
3.1389e-07;0.00477794;0.000290073;1.91671e-06;0.00102037;1.82501e-05;3.52782e-09;0.0234184;4.00145e-08;6.37202e-08;3.20276e-07;0.967686;0.00211678;0.000669749
1.96992e-05;0.229301;4.33045e-05;0.0019706;0.000345326;0.00275146;0.00519011;0.0241816;3.82179e-05;0.0109944;0.000177042;8.11794e-06;0.722798;0.00218117
6.95524e-09;1.37491e-08;0.999999;9.36486e-08;6.58137e-11;2.682e-09;2.79261e-08;2.87185e-11;8.93207e-10;5.13803e-09;1.51408e-08;8.9416e-08;5.0072e-07;2.46093e-11
2.18057e-05;0.000220857;0.9116;0.000373885;4.25054e-05;7.36604e-06;1.31863e-05;0.0871905;8.20593e-05;1.27789e-06;0.000119699;0.000315046;4.44154e-06;7.68677e-06
1.91614e-07;0.000595293;0.000156705;4.36511e-06;6.79028e-05;0.00223241;1.40633e-09;5.49215e-06;9.41155e-08;1.77816e-06;3.31301e-08;0.000134975;2.8543e-08;0.996801
0.000307994;0.0103444;5.38509e-09;0.000277315;0.000108236;0.000301923;1.39912e-06;0.372384;0.00193655;5.3986e-07;0.0181017;0.000312613;0.595898;2.48813e-05
1.58711e-05;0.94863;1.21043e-06;2.07998e-06;7.76498e-06;1.27315e-06;1.79491e-09;0.000427541;4.79549e-08;1.3841e-07;4.79009e-08;0.000350054;0.0505455;1.88588e-05
7.09681e-08;0.00010419;1.41667e-08;8.12511e-06;0.00125045;3.44059e-08;6.39294e-11;0.998592;6.89836e-09;4.79019e-07;9.12512e-09;2.22269e-05;1.8931e-06;2.04255e-05
5.40547e-08;5.51246e-06;0.999987;4.48626e-06;1.12396e-06;4.18193e-08;6.61216e-09;3.20539e-09;5.92737e-10;5.4782e-07;2.62351e-07;5.90223e-07;2.04619e-08;3.64762e-08
0.000370433;0.00363168;3.3196e-05;2.43152e-05;4.15397e-05;3.41766e-06;0.0202062;0.0177816;0.109976;2.10207e-05;0.835826;0.000126296;0.011957;1.51407e-06
