5.45713e-06;0.990695;3.34915e-07;7.50874e-07;2.50882e-06;6.14132e-07;1.92365e-06;0.00343232;3.59266e-07;6.45833e-07;1.06509e-06;0.000632157;0.00517015;5.70625e-05
2.76195e-05;0.20151;2.60597e-05;0.000168537;0.00127256;1.02771e-05;6.17804e-06;0.592348;6.06635e-05;1.14027e-05;0.000186376;0.196917;0.00636175;0.00109336
0.000376197;0.513704;0.016862;0.00357971;0.00122799;0.0041646;0.172291;0.12907;0.00120657;0.107787;0.00344225;3.45764e-05;0.0423693;0.00388492
3.31114e-09;5.07374e-10;1;1.85158e-08;1.59968e-10;2.5368e-10;5.2862e-08;3.86684e-12;3.75369e-08;5.86403e-10;2.39382e-07;2.78193e-08;7.64329e-11;8.71237e-11
0.000132254;0.109364;0.000884016;0.000133116;4.40906e-05;2.55841e-05;0.000188521;0.00286738;0.00257683;1.01775e-06;0.019917;0.861485;0.00224203;0.00013948
7.81551e-05;0.0960921;1.44906e-05;3.47624e-06;9.34231e-05;0.000450553;1.39078e-06;0.000665713;4.78607e-05;3.69054e-07;0.000134841;0.0172894;0.884778;0.000350203
4.4469e-06;0.715431;1.57245e-05;1.78325e-07;8.74004e-05;7.03782e-06;4.56897e-08;0.00392586;8.31422e-08;6.75994e-08;3.27328e-07;0.276253;0.00256824;0.00170705
1.2319e-05;0.0835396;1.10306e-05;0.000131108;0.268482;0.00397152;1.36994e-07;0.170911;6.35563e-06;7.90149e-06;8.29262e-06;0.0195925;0.0149124;0.438414
2.77943e-05;0.00641081;1.96138e-08;4.25574e-06;2.53695e-06;6.56237e-05;1.17962e-06;0.000416021;5.2418e-05;1.04704e-06;1.90622e-05;0.000591495;0.992376;3.16358e-05
6.39363e-05;0.323176;0.673696;9.42963e-06;2.43659e-06;3.42373e-07;1.07252e-07;0.00262811;4.38079e-07;3.01034e-06;4.12648e-08;0.000351728;6.78727e-05;4.63163e-07
1.04587e-07;0.991574;2.40895e-07;3.7738e-07;3.65359e-07;3.00825e-08;1.91698e-07;0.00829125;1.98022e-06;8.44491e-08;6.11566e-07;4.53802e-05;8.36816e-05;1.59004e-06
4.81036e-07;0.00549143;4.35415e-08;4.9162e-06;0.000464559;0.000391367;8.15295e-06;0.985649;0.000242188;2.81944e-05;0.000256524;6.96683e-05;0.00600477;0.00138883
3.18575e-05;0.940099;2.18608e-07;1.68538e-05;7.82578e-06;1.76273e-06;9.57697e-06;0.0157622;3.19254e-05;3.39499e-05;8.26868e-05;0.0243573;0.0195578;7.43406e-06
3.04376e-05;0.967824;2.31186e-08;1.27241e-06;1.67667e-05;3.29348e-08;2.32986e-07;0.0010724;3.88358e-07;7.07954e-06;1.2038e-07;0.031029;5.8585e-06;1.24461e-05
0.000265729;0.239051;4.2332e-05;3.10527e-06;3.72448e-06;1.58184e-08;1.06766e-06;0.0982068;9.21651e-05;1.28375e-06;4.45443e-05;0.660081;0.00220605;5.70842e-07
0.000117836;0.306206;4.21123e-06;2.11838e-05;9.33649e-05;0.00011559;0.000466773;0.199548;8.45221e-05;5.75975e-05;0.000321083;0.0120234;0.479761;0.00117844
2.45355e-05;0.000368974;6.12502e-08;1.30496e-05;1.03713e-05;2.05937e-06;1.37209e-06;0.011194;1.0687e-05;3.10682e-07;7.09632e-05;8.45767e-06;0.988264;3.11634e-05
0.000193041;0.0097668;2.14456e-06;1.0881e-05;8.27928e-07;4.97537e-07;1.82581e-07;0.000440576;0.000121718;3.04684e-07;2.98754e-05;0.970031;0.0193966;5.11484e-06
4.14149e-05;0.444355;7.05239e-06;2.92061e-06;3.01502e-05;2.31186e-06;1.26407e-07;0.157276;1.40953e-06;4.81105e-07;1.17651e-05;0.271118;0.127081;7.14314e-05
5.18746e-06;0.722107;7.859e-09;0.000207281;1.41646e-05;0.000157594;0.0458482;0.000323539;5.92589e-07;0.187832;0.000157015;5.565e-05;0.000511678;0.0427795
1.69682e-09;3.50309e-10;0.999989;2.32574e-07;1.52339e-11;2.12556e-10;4.98058e-07;1.89447e-11;1.32427e-08;1.85106e-08;1.05696e-05;1.24963e-08;2.35796e-10;2.27004e-12
0.000679989;0.273426;6.24694e-05;0.000230614;0.000165741;3.14124e-05;0.0028692;0.316659;0.00107293;0.000108311;0.272729;0.000761427;0.131197;6.13555e-06
4.59802e-05;0.894053;1.77357e-06;7.63653e-05;1.83361e-06;4.41543e-06;0.00347154;0.00560315;0.000473475;0.000172679;0.0127876;0.00258626;0.0806385;8.33208e-05
1.95369e-05;0.0455713;1.55582e-07;0.000581735;3.21473e-05;0.000217088;0.000130259;0.00061143;0.00117949;3.54121e-05;0.0278859;0.000310904;0.9234;2.52097e-05
0.00726406;0.389468;0.436734;0.021664;0.00240902;3.68995e-05;0.000811379;0.000810006;0.000630191;0.00125069;0.00332133;0.114847;0.00499727;0.0157555
0.000408384;0.0661387;1.03458e-08;7.3163e-06;3.58368e-05;0.000167818;0.000324696;0.186804;0.000100859;3.73881e-05;0.000273197;2.21857e-08;0.745693;8.88807e-06
1.46775e-07;8.82876e-08;0.999992;1.20645e-07;1.97745e-09;4.90121e-09;1.88149e-07;3.16778e-09;4.65869e-08;3.10512e-08;3.84777e-07;5.70866e-06;9.11198e-07;2.57489e-10
2.52737e-07;3.21717e-06;0.997317;1.32698e-06;2.31655e-06;4.79971e-07;8.15656e-09;0.00263505;3.73473e-07;6.1887e-09;1.88462e-07;3.88299e-05;4.86077e-07;4.01907e-07
7.49996e-08;0.000162848;0.000154185;8.72214e-08;6.00258e-05;0.00176222;2.92352e-11;4.29538e-06;1.06964e-09;3.45415e-07;1.70967e-10;2.63115e-06;9.15689e-08;0.997853
4.13982e-05;0.000122975;3.97578e-09;5.26013e-07;2.22304e-05;2.66063e-05;4.96947e-08;0.993726;1.50042e-05;3.45885e-08;1.937e-05;3.51269e-06;0.00602008;2.22079e-06
1.76248e-06;0.998574;1.70048e-06;1.29947e-06;2.60481e-06;3.79512e-08;1.54697e-08;0.0011392;1.55614e-08;5.26765e-08;1.08935e-08;3.76332e-06;0.000273265;2.67283e-06
5.03575e-07;0.852013;3.82321e-08;9.68929e-07;6.48249e-07;2.70172e-07;2.084e-08;0.00299385;7.70893e-10;1.39923e-07;4.52643e-08;0.00184819;0.143078;6.40114e-05
1.1838e-05;0.612124;2.1872e-05;0.0117924;0.00687755;0.00407834;4.90527e-05;0.158337;1.6662e-06;0.00377388;3.25362e-05;0.0116755;0.0160786;0.175145
0.00177524;0.0296976;0.000158995;0.00181336;0.00160712;0.0042293;0.00797461;0.000538777;0.000221146;0.000121417;0.0108497;0.000748832;0.940215;4.84224e-05
0.00021008;0.0189212;0.972006;3.13136e-05;4.92101e-06;4.54987e-07;0.00738389;3.59132e-06;2.21202e-06;0.000983166;3.10348e-06;0.000282602;7.16089e-06;0.000160076
2.2913e-08;2.14067e-07;0.999999;1.84478e-08;4.00456e-10;1.03413e-09;1.02418e-07;3.88514e-09;1.07124e-07;1.30142e-09;1.2107e-07;2.03386e-07;2.56313e-09;3.60046e-11
5.64228e-06;0.891422;3.23979e-05;1.57215e-07;3.56184e-08;1.64443e-07;2.90848e-06;6.26066e-05;3.71365e-07;4.91946e-07;3.97695e-06;0.106754;0.00171554;3.3787e-07
2.85282e-07;3.11686e-05;6.41029e-09;1.48103e-05;0.00924513;3.10922e-05;6.77981e-08;0.00457939;0.00022255;2.33824e-07;0.000345757;0.985065;2.33115e-07;0.000464794
4.91971e-06;0.0511658;0.00945794;1.0278e-05;1.37476e-05;5.34425e-06;2.68208e-07;0.000848791;2.49973e-07;2.47475e-07;1.2725e-05;2.73635e-06;0.938477;8.16851e-08
6.99554e-05;0.97154;2.20972e-07;7.60712e-07;4.36041e-06;2.43819e-06;3.35856e-05;0.0155908;1.44077e-05;2.59854e-05;6.58096e-06;0.00182971;0.00350598;0.00737543
9.93203e-12;2.5351e-11;1;8.59417e-12;3.55428e-11;7.44781e-11;2.40867e-12;5.00583e-13;1.40891e-12;2.58693e-12;4.62668e-13;4.24875e-09;8.67021e-12;1.55033e-11
5.92767e-06;0.272101;6.95674e-07;2.77209e-07;0.000131703;4.41825e-06;2.28695e-08;0.720052;3.75826e-07;2.32615e-08;1.67042e-07;0.000367093;0.00685888;0.000477318
1.7322e-06;0.00237862;9.76532e-09;1.82215e-07;1.52308e-07;0.000115563;1.30418e-06;3.39859e-06;1.34233e-05;1.33057e-07;6.72983e-06;0.000303718;0.99715;2.50097e-05
5.5987e-07;0.000603121;0.998613;1.52128e-06;1.79192e-08;4.4887e-08;2.52205e-05;4.8174e-10;9.4159e-09;2.77973e-05;1.97642e-08;0.000718077;1.50716e-07;1.06194e-05
8.50265e-09;5.79164e-08;0.999999;2.02407e-08;2.87411e-09;6.76751e-10;9.94283e-08;7.00052e-09;2.64941e-08;6.79998e-09;1.97729e-07;4.79589e-07;8.85205e-10;1.15944e-09
4.17973e-07;0.00106904;4.95049e-07;9.34931e-07;6.44545e-05;7.34182e-06;1.09561e-06;0.998111;0.00010676;6.05226e-07;0.000235172;0.000197064;0.000180346;2.49902e-05
2.33586e-07;0.996367;3.12645e-09;8.41615e-09;3.4442e-09;1.81516e-09;1.33243e-06;7.26145e-06;5.73812e-08;8.08832e-08;2.10523e-06;0.00118755;0.00243486;3.06915e-09
1.36782e-06;2.47078e-05;1.81083e-06;2.26219e-07;0.000141309;2.46809e-06;1.02104e-08;2.33472e-05;1.11784e-06;9.30954e-08;6.62979e-06;0.999765;2.90413e-05;3.3375e-06
2.78782e-05;0.994578;0.00518537;1.01464e-07;1.15672e-06;1.52974e-08;1.55725e-05;0.000181435;6.16846e-07;7.64885e-06;1.96785e-08;3.12397e-07;1.32186e-06;4.81085e-07
1.18397e-09;1.5393e-10;1;6.51149e-11;9.86753e-12;5.84965e-13;1.46734e-11;1.81164e-10;9.00502e-09;4.62985e-12;1.29016e-10;1.74964e-08;1.34167e-10;8.18187e-13
4.05146e-06;0.000933774;0.00182843;4.54823e-07;1.83976e-06;2.1321e-06;4.10181e-08;0.992738;4.9557e-05;4.98627e-07;3.27162e-07;0.00394184;0.000493869;5.32818e-06
7.33615e-08;0.0001793;1.89948e-09;7.06031e-08;1.56399e-07;2.93168e-07;3.04119e-09;0.998753;8.47564e-07;2.44737e-09;1.67429e-07;2.64308e-08;0.00106567;2.24909e-07
8.34968e-07;0.000752106;5.76176e-07;8.83595e-07;8.44846e-08;1.43321e-08;7.15136e-09;0.000133796;1.48442e-06;1.94966e-08;1.20742e-06;0.999023;8.62897e-05;1.47656e-07
3.82379e-07;0.999502;4.13258e-06;1.68075e-06;9.59764e-08;3.5175e-08;5.35778e-08;8.60122e-05;5.97137e-09;2.6667e-07;6.84358e-08;0.000255018;0.000150289;1.64116e-07
6.65899e-07;0.999442;6.24519e-10;1.4998e-08;4.26542e-10;5.32489e-09;1.91946e-06;1.91244e-05;1.64412e-08;3.45723e-08;2.35486e-07;2.01958e-05;0.000515799;7.92329e-09
7.95602e-08;0.00124816;3.11564e-08;4.1356e-07;5.00366e-06;1.78038e-06;4.68341e-09;6.07582e-07;6.0316e-08;9.41426e-09;3.75679e-07;0.998614;8.21696e-07;0.000129061
7.22783e-07;0.00594937;2.02857e-06;9.96814e-08;2.60885e-06;1.45173e-06;4.40903e-08;0.00360827;4.66975e-07;3.93426e-09;1.29326e-06;1.10655e-05;0.990422;1.04331e-06
1.41895e-05;0.0684094;0.00542665;1.0228e-06;0.000107853;9.7429e-05;6.79149e-07;0.894802;5.46912e-06;2.31704e-06;1.8054e-06;0.00166661;0.0287163;0.000748668
8.23607e-07;0.000105221;8.08212e-10;6.09295e-07;3.15589e-05;3.25264e-06;2.58614e-09;0.966335;1.45057e-06;1.17584e-08;5.48708e-07;1.79928e-07;0.0335048;1.61674e-05
5.52686e-06;0.000113124;4.41924e-08;6.95674e-07;3.17635e-07;1.79933e-08;2.70964e-09;8.61567e-05;5.07049e-06;1.54594e-08;1.16355e-06;0.999757;2.9686e-05;8.31352e-07
1.42016e-06;0.0107283;3.6464e-09;1.8901e-07;1.37607e-05;2.5613e-09;1.96918e-07;0.989248;2.61517e-06;1.42727e-07;5.84654e-07;2.55689e-06;6.05231e-07;1.75347e-06
1.17476e-06;0.000985018;0.996907;1.60943e-05;5.39742e-05;8.2664e-07;8.58601e-08;3.19956e-07;1.37003e-08;1.69561e-06;6.51251e-07;0.00199362;2.87709e-05;1.09223e-05
3.68363e-06;0.989131;1.22576e-07;2.67738e-07;1.72781e-06;2.30387e-07;1.35957e-06;0.00226973;5.37501e-06;1.61014e-07;0.000193135;0.0072592;0.00084014;0.000294322
1.01844e-06;0.000876619;8.91893e-09;5.46333e-08;0.0560205;8.36571e-06;3.73367e-07;0.942426;7.01921e-06;4.07429e-07;4.41848e-06;1.14785e-05;0.00064011;3.38758e-06
2.90367e-05;4.24404e-05;0.999304;6.15181e-06;4.98893e-05;2.09987e-06;1.16494e-07;1.55655e-06;2.27852e-07;6.02601e-07;7.80647e-07;0.000192241;0.000366959;3.99827e-06
0.00052405;0.00205532;1.04014e-07;7.79857e-08;3.47619e-06;1.97184e-06;2.81143e-06;0.994097;2.33161e-05;6.1141e-07;9.16008e-06;1.97071e-08;0.00328034;2.19591e-06
4.58639e-09;1.46668e-08;0.999999;7.41935e-10;3.45115e-11;8.92472e-11;2.09766e-09;8.71215e-11;1.00581e-09;5.50382e-10;1.66323e-09;1.15361e-06;1.82397e-07;1.53521e-10
2.88523e-08;6.51109e-08;0.999884;7.96956e-08;1.64169e-06;4.58148e-07;1.8112e-10;8.67274e-05;3.07536e-08;7.76863e-10;4.76285e-09;2.07749e-05;1.70106e-08;5.64796e-06
1.25487e-06;0.000582624;0.000160326;4.06322e-07;0.00239092;0.016296;1.75599e-10;0.000486608;3.44315e-08;1.00373e-06;7.46846e-10;3.35451e-05;5.22451e-06;0.980042
8.33963e-06;2.6643e-05;6.84407e-09;6.19212e-07;9.15878e-06;6.68878e-07;5.1985e-09;0.99882;4.92068e-06;4.80446e-09;3.1928e-06;6.14604e-06;0.00111999;8.7005e-08
6.3313e-07;0.999752;5.98476e-07;1.76371e-06;1.31509e-07;8.32257e-10;2.1025e-08;0.000170191;2.22693e-08;1.78428e-08;8.29374e-09;1.0818e-07;7.43963e-05;8.19151e-08
9.00233e-08;0.998449;2.54057e-09;5.57647e-08;7.98497e-09;7.31123e-09;3.89054e-07;0.000275922;7.8597e-11;1.58537e-06;3.25475e-10;3.27554e-08;0.00127263;6.36168e-07
3.05331e-11;6.52049e-13;0.999999;1.00395e-09;7.45067e-09;1.00685e-10;8.28067e-11;9.17677e-11;2.84809e-13;2.4207e-10;1.96173e-12;5.71668e-07;4.31529e-13;8.66178e-10
5.64764e-08;0.00389733;2.94665e-11;2.49296e-07;1.10839e-07;2.4726e-06;1.5288e-05;1.33891e-06;9.63196e-07;1.12354e-08;8.93664e-06;9.01306e-08;0.996073;1.31017e-08
4.71652e-08;1.61076e-05;0.999978;5.70148e-08;3.22172e-09;4.0595e-10;3.91624e-06;4.38997e-10;2.49711e-09;1.21738e-06;5.79417e-09;1.36802e-07;1.97824e-10;1.55058e-08
4.65542e-06;8.17594e-06;0.999813;9.70556e-07;3.97878e-08;1.39846e-08;5.18155e-05;1.34941e-07;3.02065e-05;4.74217e-08;8.58353e-05;5.05707e-06;9.21116e-08;9.80241e-08
2.48739e-07;0.999746;1.41231e-08;1.20155e-08;6.0933e-10;6.8748e-10;3.22358e-05;6.48802e-05;3.6645e-08;1.71252e-06;8.95077e-09;1.05444e-09;3.05379e-08;0.000154589
3.38133e-12;3.92619e-13;1;1.54405e-11;3.01791e-12;2.25829e-12;4.38973e-12;1.4874e-11;3.3045e-11;2.2132e-12;2.49727e-11;7.21611e-08;3.68148e-14;5.36049e-12
5.38881e-06;0.7435;1.28846e-10;1.84541e-07;4.07232e-07;1.75762e-05;9.46441e-07;1.52963e-05;0.000122367;7.64727e-08;4.38743e-05;9.38543e-07;0.256293;4.53021e-07
1.74376e-08;0.00359075;3.07997e-07;3.4332e-09;4.46486e-09;5.64493e-09;2.23969e-11;2.71439e-06;4.18416e-09;3.30368e-11;1.24711e-08;0.996387;1.9335e-05;3.59729e-08
5.90915e-07;0.0367402;4.80369e-06;2.54039e-07;0.00321592;1.51664e-05;3.99393e-09;0.931398;2.56568e-09;4.0811e-07;4.74491e-09;0.000291692;0.0273279;0.00100508
1.15282e-06;0.000700281;1.84672e-07;2.83685e-06;1.67397e-06;0.00105986;3.17932e-06;2.56711e-07;3.20278e-06;4.15462e-06;6.44127e-06;3.59249e-05;0.997916;0.000265087
8.23267e-07;4.87701e-05;0.999513;2.84628e-07;2.6415e-08;3.13422e-08;3.30229e-06;5.87647e-11;2.79648e-09;5.1183e-05;5.78273e-10;0.000295306;4.98409e-09;8.72309e-05
3.28235e-07;2.5286e-06;0.999942;1.16087e-06;5.02911e-09;1.24671e-08;2.96313e-06;1.01441e-07;1.82306e-05;5.05217e-08;2.62557e-05;6.32687e-06;8.65912e-08;1.67311e-09
7.63621e-09;0.000544075;3.29528e-10;5.20217e-09;5.68851e-07;6.28069e-10;2.44652e-10;0.999454;9.80136e-09;7.94909e-10;1.84245e-08;1.29467e-06;1.63157e-07;2.24063e-08
8.4319e-08;0.00127233;0.99842;1.49495e-06;3.18875e-06;2.67661e-05;4.55398e-06;1.40222e-07;2.06493e-09;5.05884e-05;2.47067e-07;2.76939e-08;0.000205516;1.51821e-05
4.2659e-10;1.32119e-10;1;1.98251e-11;9.25546e-12;2.99324e-12;4.5723e-09;1.09523e-09;3.87653e-10;2.26643e-11;5.19454e-09;2.40153e-07;2.25613e-11;8.43345e-13
2.96075e-08;3.81025e-06;0.00902496;3.96364e-08;1.28022e-06;3.22511e-08;2.92309e-08;1.83654e-06;2.99361e-07;3.48665e-09;4.76765e-07;0.990966;1.60902e-06;4.22882e-08
1.76145e-05;0.901344;1.67856e-05;1.76746e-07;0.000408676;9.66315e-05;2.82168e-07;0.0191964;1.21344e-06;6.47299e-08;2.07608e-07;7.80336e-06;0.0788853;2.4305e-05
2.54032e-05;0.0594242;0.000212052;6.19316e-05;0.259273;0.000724423;2.25546e-08;0.0696606;1.38521e-05;1.02531e-06;1.88023e-06;0.59716;0.0112457;0.0021955
9.3352e-06;0.0002099;1.13972e-07;3.2676e-07;5.54371e-05;3.14441e-06;4.87941e-09;0.999099;6.66783e-07;1.47334e-09;2.23332e-09;3.08865e-09;0.000621532;7.66104e-07
0.000211322;0.845716;0.0588583;8.47776e-06;1.09462e-05;1.40271e-05;2.97616e-08;0.071499;3.74097e-08;1.61941e-07;1.47829e-08;0.0139922;0.00968725;2.25382e-06
2.58618e-06;0.996941;6.91879e-07;3.67095e-07;3.27886e-06;2.10157e-06;8.22425e-06;0.00140607;9.41569e-08;4.18706e-06;1.30437e-07;8.71299e-07;0.00159041;3.99357e-05
2.86228e-11;4.2685e-12;0.999999;4.84917e-12;1.53267e-10;5.56669e-12;4.40246e-13;4.48625e-13;6.03301e-13;6.41929e-13;3.3537e-13;5.00592e-07;6.86405e-12;2.11919e-12
4.29864e-05;0.00972986;2.77737e-06;6.56566e-05;0.0823546;0.00306851;1.24993e-06;0.886698;0.00319868;5.25065e-06;1.52497e-05;0.00673188;0.00477175;0.00331365
0.000534247;0.891339;4.02435e-05;0.000169447;0.00279039;0.00627164;7.81359e-05;0.0248581;0.00166848;6.26654e-05;2.87727e-05;0.0028085;0.0625687;0.00678129
5.04079e-05;0.983276;1.64233e-05;1.01292e-05;6.61913e-05;3.19937e-05;1.98038e-06;0.00364104;6.00693e-07;1.13342e-06;4.11515e-07;0.00489401;0.00561951;0.0023898
1.30016e-08;0.000154437;4.05721e-10;1.325e-07;3.49394e-06;3.17967e-06;1.04217e-09;2.32137e-06;4.3941e-08;4.19297e-09;2.67671e-08;2.45845e-07;1.32781e-05;0.999823
0.000242709;0.86952;9.20282e-06;3.7572e-05;1.35042e-05;1.12524e-05;6.80293e-05;0.00458257;0.00282589;4.61962e-06;0.00260991;0.0508378;0.0690977;0.000138924
7.38915e-08;0.999786;2.72438e-08;4.74174e-09;6.64369e-10;1.03152e-08;2.52385e-08;2.62815e-08;6.19587e-09;5.35357e-09;8.364e-09;5.9037e-05;0.000155154;2.08823e-09
6.65687e-05;0.469344;0.000325368;0.000271482;0.000536646;0.00102048;2.44768e-05;0.0114199;0.000111284;0.000160345;4.71672e-05;0.507885;0.00862868;0.000158916
0.00206952;0.258886;0.000664586;0.0209624;0.0992317;0.198505;0.00253993;0.251919;0.00356648;0.00153693;0.0773126;0.0260348;0.0382932;0.0184775
3.92778e-05;0.722137;0.00194595;1.97248e-06;8.9065e-07;2.48725e-06;3.12639e-06;0.0213527;1.67422e-06;2.22757e-07;2.38928e-05;0.0639797;0.190511;1.18973e-07
7.38776e-06;0.0634314;8.90018e-05;0.000974064;0.000176981;0.000760265;0.51954;0.000352113;0.000100163;0.404799;0.000595506;9.11214e-06;0.00689308;0.00227221
2.19451e-09;9.49555e-11;1;9.62681e-09;9.85771e-11;2.17055e-11;1.33368e-07;7.6851e-12;1.0954e-08;4.8584e-09;2.22755e-08;2.37441e-07;1.33081e-11;1.93578e-12
0.000549875;0.598663;0.000400971;0.00783725;7.95472e-05;0.000305306;0.000885154;0.0191798;0.0889787;7.05682e-05;0.0474907;0.234242;0.00111117;0.00020539
0.000154092;0.982443;7.64896e-06;1.89131e-05;3.76445e-05;3.68493e-06;2.00742e-07;0.000206955;5.22996e-06;4.00177e-07;2.71359e-05;0.0166432;0.000451475;5.70066e-07
4.02213e-06;0.998074;4.9749e-11;1.70918e-08;1.78958e-07;5.9541e-08;4.91039e-05;3.71679e-06;4.65087e-09;1.06082e-05;3.99659e-08;6.2663e-08;2.04406e-05;0.00183739
7.85115e-11;6.06619e-12;1;8.56247e-12;7.92874e-10;1.5961e-10;1.42918e-11;6.8311e-11;5.47526e-13;7.13185e-12;1.67282e-13;5.8147e-09;2.24126e-10;1.93883e-12
7.05566e-08;0.00102011;4.1151e-09;6.57773e-07;4.1279e-06;0.000175682;2.06861e-06;4.37135e-05;1.91518e-06;1.66136e-08;3.99471e-07;1.871e-06;0.998748;1.23222e-06
2.23132e-06;0.0103417;0.989176;1.1752e-05;4.54228e-06;7.2409e-07;4.83519e-05;2.13953e-07;1.94988e-08;0.000256485;5.22014e-08;0.000107471;3.80727e-06;4.71417e-05
6.47229e-09;1.59814e-08;0.999999;1.81265e-07;5.72269e-10;2.17478e-10;1.49871e-07;3.56894e-10;6.76484e-08;1.97029e-08;7.01332e-08;3.28184e-07;1.75647e-09;1.35183e-10
4.47451e-06;0.977155;6.626e-06;0.000129235;7.1899e-07;1.35541e-06;1.32464e-06;1.20093e-05;1.28282e-06;2.69961e-06;1.08136e-05;2.6281e-05;0.0226431;5.21332e-06
1.99145e-06;0.000858983;7.41013e-07;1.29964e-06;1.66121e-06;3.18988e-08;3.42053e-08;5.09379e-05;3.31717e-07;1.3652e-08;3.23739e-06;0.998676;8.52356e-05;0.000319563
2.24752e-06;0.865495;1.12111e-06;9.073e-07;0.000297687;8.28433e-05;1.06202e-07;0.128794;4.65373e-08;4.7067e-06;1.91911e-07;0.00013225;0.00491248;0.000277256
2.29938e-07;2.42214e-05;4.46744e-09;6.74429e-08;5.86468e-07;3.25238e-05;1.02227e-09;0.000325084;1.44209e-08;2.29687e-08;2.45537e-08;1.24441e-05;0.999603;1.42856e-06
1.7505e-08;1.31654e-06;0.999999;2.39828e-09;1.37167e-10;5.58313e-11;3.66129e-10;8.63531e-10;1.73142e-10;5.05408e-09;1.32132e-10;5.55263e-08;3.77595e-09;1.75939e-09
5.87501e-06;0.966531;4.93877e-05;8.81666e-05;1.86153e-05;7.66509e-06;1.90972e-05;0.0274308;0.0014382;3.31955e-06;0.0017883;0.000436876;0.00161159;0.000570918
