4.0415e-05;0.983916;6.3994e-08;0.000196933;1.91569e-05;0.000113118;1.20588e-06;0.00728985;0.000132757;2.01895e-06;4.09665e-05;0.00105879;0.00697677;0.00021191
3.16535e-05;0.0431548;0.00077946;6.9906e-06;6.57724e-05;1.61848e-06;2.27709e-09;0.000193746;3.04549e-08;3.25658e-07;1.93568e-07;0.95522;0.000544864;3.84337e-07
1.04123e-05;0.997843;7.94248e-12;2.07043e-08;3.54136e-08;4.53067e-09;0.00192855;1.31809e-05;4.14465e-08;8.17527e-05;1.18639e-07;9.63283e-11;1.23366e-05;0.000110348
1.38887e-10;2.69605e-13;1;9.07906e-11;1.29998e-11;5.74851e-11;4.76461e-11;7.04645e-13;3.1268e-11;6.58636e-11;4.53092e-12;3.76743e-09;8.39744e-13;3.56004e-13
1.43943e-05;0.994358;5.13644e-06;9.78456e-05;1.81801e-05;3.90559e-06;5.55549e-05;0.00217986;0.000226994;1.00326e-06;4.77744e-05;0.000139501;0.00284453;7.87616e-06
0.000126702;0.962236;9.6841e-06;2.48918e-05;5.58059e-05;7.75751e-06;1.02709e-05;0.0115459;0.000159333;9.0537e-06;0.000209991;0.00306194;0.0225238;1.84929e-05
7.60281e-07;0.000215885;0.000230629;0.000100808;0.000236555;2.02559e-05;9.48392e-08;0.00146316;9.08633e-06;4.33508e-06;2.38692e-05;0.996864;0.00082608;4.76448e-06
8.14057e-07;0.000453911;2.00554e-08;3.5002e-06;2.11862e-09;7.22018e-08;0.982269;5.13472e-09;1.57851e-05;0.0172281;2.65622e-05;7.26199e-10;1.39623e-07;1.98674e-06
4.84049e-09;2.7512e-09;1;4.63213e-08;4.44697e-10;7.23348e-10;8.44221e-08;9.15054e-11;2.99215e-08;3.21077e-09;2.70869e-08;1.75648e-09;2.91903e-10;1.36921e-11
1.57731e-05;0.987906;1.28555e-06;1.01383e-05;4.66719e-06;2.84201e-05;3.03335e-07;0.000123281;9.56108e-06;3.46206e-06;1.73723e-06;0.000849918;0.0110288;1.68971e-05
2.43671e-06;0.0833868;4.66645e-08;3.43473e-05;0.00120351;7.23102e-07;4.25641e-08;0.914638;9.58328e-07;1.16357e-05;2.05335e-06;0.00037539;2.77672e-05;0.000316095
0.000154393;0.0177078;0.928821;0.000157533;0.00338257;5.26355e-05;1.70684e-05;4.18007e-05;3.27362e-07;0.000447192;2.33162e-05;0.048936;8.11249e-05;0.000177123
1.22306e-07;7.18493e-05;3.0829e-09;4.51279e-10;9.97474e-10;1.65726e-09;0.999853;5.8423e-08;2.58094e-06;7.15262e-05;6.20382e-07;6.20796e-10;4.24786e-08;2.95849e-08
1.86725e-09;1.18612e-10;1;2.04083e-09;2.0215e-10;5.90398e-09;5.11808e-07;1.15263e-11;4.16314e-08;2.26694e-09;2.61441e-08;3.10039e-08;1.85785e-09;9.76051e-12
2.6954e-05;0.983727;0.000101621;1.46727e-05;3.24382e-06;1.4004e-06;0.000113554;0.00126513;7.51748e-06;1.04514e-05;2.98361e-06;4.82132e-06;0.01472;5.30971e-07
0.000315161;0.568085;0.000111892;0.000381532;0.000245828;4.05948e-05;0.000164171;0.0304025;0.00321212;3.87789e-05;0.00124768;0.0363537;0.3592;0.000200773
0.0029608;0.403947;0.00570469;0.00173418;0.316571;0.00206577;4.82427e-05;0.0761539;0.00106615;0.00216311;0.000895335;0.0198527;0.139563;0.0272745
2.26281e-05;0.196932;8.61982e-08;6.83653e-06;2.61936e-07;2.40392e-07;0.791751;1.16685e-06;1.30518e-05;0.010824;2.31769e-05;3.5644e-06;6.16804e-06;0.000415384
1.99783e-10;1.37766e-11;1;1.20912e-10;2.63347e-11;9.62461e-13;1.36595e-09;6.53166e-13;2.55992e-09;7.29953e-12;1.00616e-09;3.43821e-09;1.04825e-12;3.88799e-14
1.51418e-06;0.997178;1.71143e-09;1.74145e-07;1.10757e-07;6.00504e-08;0.00231921;5.60373e-06;3.10122e-06;0.00047253;1.01194e-06;2.29855e-08;2.29969e-07;1.89274e-05
5.64699e-09;4.35887e-10;1;1.57313e-08;1.56303e-09;6.82817e-09;1.0042e-07;4.90969e-10;6.25677e-09;9.88761e-09;3.06061e-08;1.54524e-07;2.43536e-09;2.4947e-10
1.93056e-05;0.246324;0.000177809;1.47128e-06;2.07346e-05;2.57083e-06;3.37383e-06;0.746445;2.99378e-05;1.33527e-07;1.28766e-05;0.000170169;0.00677664;1.56229e-05
1.27446e-06;0.688799;4.0672e-07;4.98401e-06;1.5291e-06;2.14388e-05;0.263793;9.1079e-07;5.39859e-06;0.0231712;5.74723e-06;8.43462e-07;2.57275e-05;0.0241681
1.51806e-09;1.86934e-10;1;3.40448e-09;2.75174e-11;2.2333e-11;8.58086e-08;4.6571e-12;1.28389e-08;4.39521e-10;2.4629e-08;3.87939e-08;2.32285e-11;1.9951e-11
1.69637e-05;0.935101;9.89035e-07;8.96194e-06;2.82846e-05;1.94348e-06;0.0048473;0.0594203;0.000238912;4.2617e-05;8.41256e-05;2.74521e-07;6.08471e-05;0.000147906
4.00123e-13;2.07793e-12;1;6.34246e-13;2.30384e-12;1.32059e-13;6.98533e-13;6.64982e-15;2.0738e-13;2.55565e-13;1.89654e-13;1.94436e-09;2.25291e-14;1.83387e-12
3.57823e-05;0.765751;7.13295e-08;4.77508e-06;0.00296652;0.000625476;2.83066e-05;0.01248;0.000137714;7.31461e-06;6.9138e-05;2.13984e-05;0.114443;0.103428
9.56981e-07;0.0545487;5.65051e-07;2.72202e-07;0.000155103;7.2236e-07;3.82532e-06;0.135284;2.77555e-06;1.36697e-06;4.96489e-07;0.809919;3.80246e-05;4.48907e-05
2.88353e-05;0.0553429;1.71341e-06;0.000108033;0.00110698;0.00195038;0.000259539;0.00345202;3.66622e-05;0.000118866;0.000766556;0.0202146;0.916597;1.60896e-05
0.000712926;0.110465;0.857966;0.000423586;0.000178856;4.44033e-06;1.6825e-05;0.00171822;9.4057e-06;0.000126896;4.45549e-06;0.0258119;0.00202915;0.000532277
0.000205582;0.594986;1.90456e-08;0.000200699;9.49567e-06;6.89825e-06;0.000144759;0.0154904;0.00285045;4.0247e-06;0.00176816;6.48682e-05;0.384222;4.64312e-05
1.64089e-05;0.847218;0.00438243;0.00152804;1.59559e-05;4.33939e-06;1.05911e-06;9.79496e-05;3.27906e-07;3.37617e-05;3.58989e-07;8.66954e-06;0.000157266;0.146536
1.10142e-05;0.98484;2.00499e-07;9.43986e-06;5.02015e-06;1.68824e-05;9.58693e-07;0.0143059;2.19676e-06;7.34577e-07;2.9418e-06;0.000640716;0.000121754;4.25243e-05
7.2202e-06;0.00424873;3.15351e-09;1.04685e-06;0.000151205;4.93744e-05;2.16233e-05;0.992868;2.16579e-06;1.04681e-05;1.37207e-05;2.12479e-06;0.0026049;1.92905e-05
8.61315e-06;0.000838962;5.43086e-06;0.000419268;0.0117342;0.0030195;9.30982e-08;0.000192623;2.95081e-05;3.85054e-06;6.41207e-05;0.8665;0.00104454;0.116139
0.000148729;0.982065;3.14176e-07;3.61956e-06;1.79751e-05;2.80938e-07;4.10408e-05;0.0148727;0.000885963;1.80458e-06;0.000438952;0.000384854;0.0011387;1.34298e-07
0.000121424;0.146024;6.54714e-07;2.17916e-06;0.0146587;4.66999e-06;1.38562e-07;0.798032;1.2236e-05;3.34439e-06;5.33309e-06;0.0365971;0.00452672;1.20876e-05
0.000308531;0.814359;2.2275e-05;2.02372e-05;0.0107971;4.31872e-05;7.64189e-06;0.00230911;2.53211e-05;4.46624e-05;1.75447e-05;0.140007;0.020647;0.0113911
0.00322951;0.679929;4.73517e-05;7.37032e-05;0.00108964;5.59788e-05;0.000142539;0.0311278;0.00206746;5.88196e-05;0.00026026;0.0724362;0.208366;0.00111632
4.4079e-05;0.994496;6.47967e-05;1.58436e-07;6.05762e-08;1.17191e-08;5.48735e-07;0.00145718;6.20872e-06;8.71735e-08;2.09499e-06;0.00389398;3.42193e-05;3.53534e-07
3.60669e-07;0.992743;2.58251e-10;6.68384e-06;0.00270898;1.30948e-06;2.0184e-08;0.00150853;1.02636e-07;4.30824e-06;4.80987e-08;7.78605e-05;5.38737e-07;0.00294861
0.000112903;0.00330043;0.0174157;0.00148078;0.000736005;0.00437897;1.334e-06;2.46373e-05;6.74211e-06;0.000233514;4.97031e-05;0.968637;0.00177998;0.00184274
2.18578e-05;4.2833e-05;7.18135e-10;3.32951e-07;2.21659e-06;4.08543e-07;1.95219e-07;0.9986;4.55087e-05;4.23479e-09;3.66278e-05;1.93226e-06;0.00124737;2.84549e-07
3.67123e-05;0.0818813;3.10338e-06;1.72774e-06;2.12745e-05;0.000115481;6.54713e-05;0.0138198;4.95611e-06;6.54864e-05;6.20225e-06;0.000348138;0.903528;0.000102749
3.58816e-10;6.49878e-10;1;3.2328e-10;1.28152e-11;1.71708e-11;3.02203e-09;1.91244e-10;1.8517e-10;2.51943e-10;7.17923e-10;8.28465e-09;9.39023e-11;2.05652e-12
4.60694e-08;0.000492752;0.872155;2.05086e-06;3.79e-06;7.84128e-08;1.39892e-08;0.000156682;1.64507e-07;1.73431e-08;3.84009e-07;0.127186;4.91439e-07;2.99064e-06
7.08366e-07;0.00338415;5.05267e-05;9.12691e-06;0.294386;0.0205683;1.74908e-09;0.000712459;5.39148e-08;1.52223e-07;7.64861e-07;1.31258e-05;0.000126311;0.680748
1.15974e-09;0.151645;1.88311e-11;8.58778e-09;1.16355e-07;1.27334e-06;1.99188e-08;6.84307e-08;3.76557e-12;1.6109e-07;7.06711e-10;6.32819e-07;3.64155e-07;0.848352
1.179e-06;0.245169;1.20012e-06;1.31938e-06;9.89137e-08;2.65164e-05;2.43814e-05;0.000110219;1.37498e-06;2.95319e-08;3.12872e-06;2.68672e-06;0.754659;6.49883e-09
1.3946e-06;0.854949;0.144374;2.04757e-06;3.15164e-07;7.69961e-08;1.29528e-09;0.000202095;7.59551e-10;4.09207e-08;1.87361e-10;0.000162444;0.000304323;4.84019e-06
6.95008e-06;0.722166;2.95979e-08;0.000339545;0.000329523;2.46216e-05;5.91006e-06;0.0888555;0.000251387;3.66167e-05;0.000938919;0.0702856;0.116701;5.76499e-05
3.57988e-05;0.738751;0.0572056;0.0648088;0.00593671;0.00833714;2.05089e-05;0.000417745;1.35858e-06;0.00664292;0.00126523;0.0050264;0.107366;0.00418565
0.00224111;0.0395041;0.00350895;0.00200081;5.29738e-06;2.29649e-06;0.00884023;0.0289691;0.000554389;4.11011e-05;0.263145;0.547633;0.103551;3.81345e-06
3.54084e-05;0.174918;1.99038e-05;0.00143649;0.00320714;0.00324111;2.31564e-06;0.802848;3.87033e-05;1.49961e-05;0.000106654;0.00812439;0.00158529;0.00442106
7.40628e-05;0.0356926;1.92282e-09;4.6112e-05;2.14372e-05;0.00214735;5.37284e-06;0.000351989;0.000109126;7.66345e-06;0.00154708;1.59455e-05;0.959079;0.00090257
0.000655036;0.0118135;0.92684;0.0002814;5.70715e-05;1.94969e-06;6.56962e-05;1.26582e-05;8.34797e-06;9.33291e-05;0.00022324;0.0597549;1.41019e-05;0.000179065
6.88477e-06;0.979706;3.62813e-08;8.35643e-06;5.55175e-05;5.93678e-07;3.57981e-06;0.0189722;5.03768e-05;1.64949e-07;0.000123138;4.63345e-05;0.000982409;4.45881e-05
7.53896e-06;0.0376723;4.38235e-08;3.37395e-07;0.000352825;4.3784e-05;7.13467e-05;0.956143;4.25208e-05;2.85554e-05;9.08222e-06;6.7188e-06;0.00462621;0.000995805
6.07856e-09;6.69995e-10;0.999999;7.69789e-09;1.02805e-09;2.73172e-10;3.1318e-08;1.42129e-10;1.37566e-08;5.34434e-09;2.07911e-08;8.8018e-07;1.13875e-09;4.66671e-11
1.33833e-06;8.73681e-07;0.99959;1.50761e-06;1.12278e-05;4.77204e-07;8.41689e-07;0.000323232;2.68768e-06;3.97934e-08;1.02506e-06;6.29167e-05;2.47913e-06;1.55499e-06
6.37267e-07;2.12609e-05;0.000118193;2.58153e-07;0.000257447;0.00165142;1.17468e-09;8.324e-06;1.56203e-07;1.80966e-07;6.71244e-09;2.74093e-06;1.16869e-07;0.997939
1.65657e-05;0.000238282;1.20952e-07;1.34242e-07;3.15954e-05;7.71359e-07;2.25336e-08;0.998322;3.64127e-06;1.02326e-08;1.68112e-06;3.62249e-05;0.00134705;1.60514e-06
4.87298e-06;0.979374;3.3236e-08;7.68606e-05;2.23182e-05;1.73344e-05;1.29056e-07;0.0128686;4.32956e-05;8.4111e-07;5.28638e-06;0.000101252;0.00746245;2.24307e-05
6.96365e-05;0.870725;0.00124629;0.000329138;3.54356e-05;2.35703e-06;1.10093e-06;0.0366453;3.049e-07;0.000175594;4.21603e-06;0.0818792;0.00888468;1.90096e-06
6.36977e-07;1.61987e-06;0.999995;2.95885e-07;1.91473e-09;1.75579e-10;1.47583e-06;3.74195e-09;7.5598e-08;1.90704e-07;3.40995e-07;2.61932e-07;1.15819e-08;1.48647e-10
5.80946e-06;2.32017e-05;0.000262403;2.97956e-06;1.33988e-05;9.37445e-07;7.07374e-07;0.000376321;3.10003e-05;2.36106e-07;2.49844e-05;0.999211;3.32553e-06;4.33153e-05
9.7848e-05;0.662754;5.5952e-07;9.96504e-07;0.000162935;2.15305e-06;1.49501e-05;0.0442985;3.15072e-05;6.71205e-07;1.20202e-05;7.00937e-05;0.283048;0.00950595
6.39986e-05;0.154904;1.77121e-07;1.0018e-05;3.89315e-05;3.13603e-06;1.47166e-06;0.010995;0.000131676;1.0071e-06;1.02265e-05;0.832793;0.00040261;0.000644758
0.000128377;0.95056;0.000306172;8.51176e-06;3.88265e-05;1.3175e-05;0.000151014;0.00138702;3.22857e-06;2.53055e-05;5.45591e-06;0.0467649;0.000145985;0.000462266
4.26641e-06;0.863915;5.26593e-08;7.76623e-06;5.46983e-06;1.44392e-05;0.00017645;0.115266;1.70285e-05;5.35237e-06;5.46395e-07;2.00722e-07;0.0198037;0.000783217
2.78086e-08;9.09672e-08;0.999998;5.67945e-08;4.64668e-10;5.04481e-10;1.45568e-08;2.58971e-09;1.3319e-08;3.78456e-09;2.00017e-08;1.80468e-06;8.58481e-08;9.79055e-11
4.13127e-05;0.245704;0.000432056;0.000318317;0.000569577;0.000400849;4.10842e-06;0.0102721;0.000770822;6.00537e-06;9.73852e-05;0.735745;0.000354284;0.00528462
4.40257e-07;0.992058;8.72919e-08;3.59381e-07;3.80423e-05;1.71419e-05;1.10385e-08;0.000226456;6.5433e-08;5.25672e-08;8.97487e-07;0.00138;0.00603567;0.000243006
4.08049e-06;0.319702;5.94757e-08;5.36206e-05;0.0251261;0.000118421;8.2741e-08;0.0940868;3.35667e-07;4.89067e-06;2.3816e-05;0.555211;0.00191685;0.00375247
0.000162786;0.883572;0.00408714;5.31791e-06;1.83416e-05;8.2585e-06;1.85231e-05;0.0759424;2.15504e-07;1.53996e-06;5.97373e-07;0.0214225;0.0147456;1.48428e-05
2.75022e-08;0.999873;1.62071e-09;1.67691e-08;3.42553e-09;4.53612e-10;1.99949e-05;0.000104009;2.63318e-09;6.67806e-07;5.1958e-10;1.342e-10;2.54725e-07;1.71526e-06
2.89033e-10;6.28938e-10;1;5.04207e-09;1.06263e-10;1.34416e-11;6.69298e-09;3.92432e-12;2.68363e-10;1.17558e-09;5.0938e-10;9.36873e-09;1.12884e-11;1.04003e-11
2.51247e-05;0.975225;8.4909e-07;1.08208e-05;5.5384e-06;7.52596e-07;3.94912e-05;0.0213871;6.70924e-05;7.26055e-05;1.6408e-05;0.000107517;0.00302103;2.10777e-05
1.3536e-05;0.97995;3.14914e-05;3.01803e-06;6.79135e-06;1.23374e-05;4.36234e-05;0.0103046;1.0074e-05;7.26326e-05;2.13111e-05;0.00407212;0.00541426;4.3716e-05
1.79399e-07;0.00214611;1.44378e-11;5.14503e-06;2.84271e-05;2.13954e-06;4.50935e-07;7.99413e-05;6.62344e-07;1.4707e-06;4.30081e-06;5.29097e-05;0.997644;3.43795e-05
4.71264e-06;5.44884e-05;2.51576e-08;5.84887e-07;8.85329e-07;6.79721e-10;2.28346e-08;5.31745e-05;9.65886e-07;9.49053e-08;1.32399e-07;0.999872;1.27187e-05;1.09034e-08
3.1437e-05;0.674357;8.47185e-05;2.93679e-05;0.000104197;0.000191363;8.12907e-07;0.000173261;2.79449e-07;3.65772e-05;5.79725e-07;0.000270326;0.323964;0.000757049
4.66324e-05;0.00559398;2.98359e-05;6.01844e-05;3.41574e-05;1.41054e-06;2.29526e-05;0.0241467;1.21356e-05;1.08203e-06;8.37002e-05;0.969665;0.000196557;0.000106156
9.05222e-06;0.290492;1.42574e-06;3.45341e-05;0.00124081;0.000214009;4.45363e-07;0.706622;1.29965e-07;4.93305e-07;1.354e-06;2.91657e-05;0.00115652;0.000197643
5.8832e-07;0.0170612;3.59763e-09;5.82848e-07;5.22615e-07;2.78515e-05;5.97767e-08;0.000393284;3.31404e-08;7.56859e-08;2.78893e-07;1.94451e-05;0.98249;5.7771e-06
7.57172e-06;0.00284621;0.995599;5.45286e-05;0.000114568;8.07346e-06;4.8816e-07;6.54815e-05;4.19773e-08;2.55773e-05;3.63715e-07;0.00120141;8.9614e-06;6.79091e-05
1.08573e-05;0.925445;2.93442e-08;8.13328e-05;7.04001e-05;9.30889e-05;0.000204172;0.0506312;5.77504e-05;1.68393e-06;0.000489756;0.000432124;0.0221061;0.000376011
1.74912e-06;0.999399;8.64493e-08;1.81977e-07;4.83331e-09;3.5128e-08;2.55168e-05;1.76533e-06;4.54911e-07;1.25676e-07;3.39227e-06;6.83122e-05;0.000499137;1.03898e-08
4.2781e-07;0.00447139;8.19749e-09;1.5936e-05;5.32285e-05;8.27358e-05;2.33183e-08;3.03629e-05;3.9402e-06;1.68805e-07;3.3823e-06;0.994091;0.000114903;0.00113222
1.49731e-07;0.00288118;3.0825e-06;4.53018e-07;8.83374e-07;6.39813e-07;1.10128e-08;0.000685643;1.24745e-07;6.36778e-09;2.73422e-06;0.000310854;0.996114;2.27021e-07
8.57803e-06;0.558193;0.0045355;1.48947e-05;0.000193973;0.000498842;3.95574e-06;0.155747;1.81499e-06;2.34679e-05;0.000153666;0.0139274;0.2656;0.00109759
4.57967e-06;0.00224849;5.71039e-08;8.4359e-05;0.00347124;0.000210014;6.73846e-07;0.238713;9.24395e-06;2.99939e-06;0.000232803;0.000206593;0.754566;0.000249495
3.39504e-05;0.000124482;7.81579e-07;4.31404e-06;1.39982e-06;5.45051e-08;8.08326e-08;0.000180521;2.74811e-05;1.03252e-07;1.43267e-05;0.999404;0.00020792;2.7588e-07
1.1491e-06;0.9994;6.7253e-05;1.62357e-06;4.04057e-07;1.74154e-07;3.56704e-08;0.000314067;2.83913e-09;8.20991e-07;4.22465e-09;7.51687e-08;0.000212562;1.34178e-06
2.71923e-08;4.83202e-07;0.999988;1.38643e-06;8.4502e-09;1.56012e-07;4.81892e-08;1.69732e-08;7.23362e-09;2.76714e-07;1.92177e-07;8.97535e-06;5.50437e-07;2.78891e-08
1.46311e-09;1.72169e-09;0.999876;2.57108e-07;5.01618e-08;2.71528e-08;3.55616e-10;0.000101539;7.36372e-09;1.07506e-09;5.73795e-08;2.09756e-05;2.21253e-10;1.10427e-06
1.05345e-08;0.000101098;6.66293e-06;9.71614e-08;4.9348e-06;0.000569678;1.95196e-10;8.25832e-06;7.8576e-10;6.45518e-08;6.22768e-09;3.76236e-07;3.04919e-07;0.999309
1.41029e-07;0.000122785;8.04752e-10;9.83445e-09;1.25788e-06;2.21538e-07;3.44737e-10;0.00130689;2.23713e-09;1.03251e-09;1.06215e-06;1.17523e-05;0.998556;4.67527e-08
3.54149e-06;0.919771;2.62531e-05;6.33647e-06;6.1443e-05;3.39254e-05;1.77375e-08;0.000547494;3.65763e-09;1.78169e-06;1.90683e-07;2.28174e-06;0.0795206;2.5695e-05
1.94881e-06;0.0030091;0.00019172;3.74305e-07;2.83668e-07;7.87101e-09;3.31681e-07;0.569588;4.32597e-07;4.13196e-08;2.0637e-05;0.427168;1.91486e-05;4.08731e-08
8.72851e-08;0.987087;5.47619e-07;0.000163295;0.00456848;0.00119593;6.59061e-09;0.000968549;2.5965e-08;1.86521e-07;8.56408e-06;0.000205009;0.00323613;0.00256645
4.77979e-05;0.0017691;1.74519e-06;7.67451e-06;3.3777e-06;9.72613e-06;3.87363e-07;2.92356e-05;3.29726e-06;2.40567e-07;0.000208686;0.0715071;0.926352;5.93235e-05
1.25983e-07;3.17287e-06;8.28854e-11;1.9341e-11;1.83089e-09;2.96472e-10;4.05103e-11;0.999993;7.22955e-10;1.18967e-10;3.45163e-11;7.20679e-11;3.33076e-06;7.02051e-11
1.05349e-08;3.23051e-05;2.48403e-07;6.54772e-06;0.00130845;0.00214306;4.67305e-10;9.56912e-06;3.13855e-09;4.28949e-07;1.82198e-08;0.00180874;2.76983e-06;0.994688
3.50571e-06;0.00297498;1.51314e-08;8.09038e-06;1.65342e-07;2.22894e-07;1.17161e-06;0.000717258;4.17693e-06;4.71641e-08;0.000577041;1.10375e-06;0.995711;8.16703e-07
8.29283e-05;0.00874634;1.87653e-05;8.77443e-05;6.56962e-07;1.40051e-06;7.69205e-07;0.0140535;8.43292e-05;3.01955e-06;0.000244929;0.97249;0.00416162;2.42542e-05
9.74846e-07;0.992969;1.48811e-09;4.74762e-05;6.38142e-06;4.37924e-06;1.09912e-08;0.000928614;8.60524e-07;1.10588e-07;3.32913e-05;0.00554578;0.000443892;1.96531e-05
2.19338e-05;0.999412;1.8342e-10;5.85576e-06;9.03195e-07;6.37114e-08;2.21607e-05;0.000262593;2.97174e-08;2.05322e-05;3.3518e-05;3.24055e-07;0.000179202;4.12657e-05
8.63872e-10;2.54586e-12;1;9.29129e-10;2.89923e-10;1.56711e-11;1.16181e-11;7.16897e-12;2.17915e-12;2.46492e-11;3.65586e-11;4.27252e-08;1.04333e-11;9.0822e-11
9.24125e-05;0.00435525;1.43818e-05;6.66853e-05;0.0277511;2.64599e-05;1.17855e-06;0.962237;0.000162298;4.69466e-07;3.2751e-05;1.44734e-05;0.00156409;0.00368128
8.47614e-06;0.000682085;5.81954e-06;8.55995e-06;1.13706e-05;0.00308868;8.50206e-06;1.01467e-05;0.00019221;4.36947e-06;0.0017849;1.1052e-06;0.994185;9.22515e-06
7.74291e-07;2.10751e-05;0.999964;2.05453e-07;2.08001e-07;4.6976e-09;9.35347e-08;1.47572e-08;2.46796e-08;7.35775e-07;1.16831e-07;1.19091e-05;7.68693e-09;7.82873e-07
0.000147846;0.912374;2.34803e-05;0.000235752;0.0001894;2.33782e-05;8.615e-05;0.0426396;0.0312324;8.59001e-06;0.01049;7.68056e-05;0.00188468;0.000588309
