4.17558e-06;0.998857;1.64347e-05;5.05575e-05;5.80983e-06;4.09147e-08;2.6325e-08;0.000793344;1.52601e-07;3.73663e-07;2.63786e-07;1.6472e-05;0.000254383;3.90138e-07
1.25795e-05;0.996446;4.17101e-05;0.00205723;6.31973e-06;2.72204e-05;3.05371e-06;3.62402e-06;1.33272e-06;0.000253057;8.2498e-05;5.89574e-05;0.000966127;4.06104e-05
6.61227e-06;0.00145474;0.00799481;1.95291e-05;5.38805e-06;1.50347e-07;7.45225e-08;5.72505e-06;9.09342e-08;1.51325e-07;5.1799e-06;0.990491;3.19599e-06;1.29709e-05
0.000415348;0.987338;7.69815e-05;2.23454e-05;0.00128635;3.44336e-05;0.000378682;0.00681603;0.00229044;8.50429e-06;0.000831616;0.000186456;0.000296932;1.81213e-05
3.27598e-05;0.0997339;0.00089173;1.68016e-05;8.7736e-05;0.000385859;3.20134e-07;0.00396467;1.06342e-06;4.86012e-06;2.36943e-06;0.000464542;0.894405;8.33804e-06
2.00575e-05;0.173008;2.14656e-05;1.27596e-07;4.34466e-07;8.20466e-08;1.51837e-06;0.0320801;7.51558e-06;2.60907e-07;4.62841e-06;0.794336;0.000519676;3.58601e-07
3.47231e-06;0.716955;0.00013583;0.000176982;0.0200993;0.000826054;3.45346e-07;0.197482;1.52219e-05;7.72001e-07;4.47189e-05;0.00617613;0.0567122;0.00137219
2.87187e-05;0.00867621;1.52297e-07;4.18156e-06;8.597e-07;0.000175131;9.7208e-06;0.00151001;5.23992e-05;3.84039e-06;2.12149e-05;0.0001002;0.989407;1.08399e-05
9.45211e-08;2.96877e-07;0.999998;5.21954e-08;8.82203e-10;9.30504e-09;6.47185e-09;5.48783e-08;7.35531e-08;4.31531e-09;2.9247e-08;2.0121e-07;9.35722e-07;6.01527e-10
1.73581e-08;5.5745e-06;6.74081e-05;3.34415e-08;1.40987e-06;7.61169e-07;4.87971e-09;4.81422e-06;2.93827e-09;2.2971e-08;2.46265e-09;0.000145174;1.92262e-06;0.999773
1.54861e-08;4.52508e-06;1.50958e-10;4.17248e-09;0.000338014;7.98022e-07;8.72876e-09;0.999656;2.17241e-07;9.96568e-10;5.32176e-09;1.0719e-07;3.40834e-08;2.21898e-07
1.92213e-10;4.31388e-07;0.999999;8.72638e-10;3.13398e-08;1.17574e-09;5.74107e-12;3.0327e-10;3.78882e-14;3.48066e-11;1.74305e-11;4.72229e-07;6.29002e-10;3.59966e-10
1.00511e-09;0.999989;2.28587e-10;1.63474e-10;6.83782e-10;4.25168e-10;9.48458e-11;8.58844e-07;5.50335e-11;3.70404e-12;2.11161e-10;5.5013e-08;1.00628e-05;6.40408e-08
9.03502e-07;0.967915;7.64245e-09;2.32192e-07;6.8212e-06;7.92544e-07;6.07416e-08;0.00940117;3.2246e-08;1.21993e-07;2.06742e-08;0.000294807;0.0223586;2.13329e-05
1.63133e-07;0.992751;5.84029e-08;2.82019e-06;0.000351919;2.25352e-06;2.83769e-08;0.00400125;7.70303e-10;2.46561e-05;4.25864e-10;0.000378916;0.00182824;0.000659092
9.92506e-07;0.000844525;1.84112e-08;8.22413e-05;1.04116e-05;0.00357381;0.000209943;7.01843e-07;4.59824e-06;0.00033104;4.22468e-05;2.25083e-06;0.994852;4.51907e-05
3.09643e-08;2.04037e-08;0.999993;6.10865e-08;3.52271e-08;7.62044e-09;5.07825e-07;1.82357e-11;2.97902e-10;5.66262e-06;6.33404e-10;8.94788e-07;2.12042e-10;5.68622e-08
2.25321e-06;1.26048e-05;0.999841;2.25604e-06;1.8293e-07;1.59161e-07;8.20764e-05;1.10948e-08;2.75214e-05;1.57451e-06;2.99088e-05;3.56976e-07;7.11017e-08;1.56939e-08
9.50001e-07;0.999715;3.72646e-07;1.92902e-08;8.86847e-10;2.48822e-10;3.84869e-07;0.000241256;1.12628e-06;3.67305e-08;6.5639e-06;6.65516e-06;2.78352e-05;4.21589e-11
4.49261e-08;0.999892;1.17283e-10;3.31917e-07;2.33308e-07;2.58918e-09;1.08029e-06;2.10528e-06;5.30594e-08;1.09506e-05;1.72173e-07;4.30493e-05;1.29533e-07;4.98405e-05
9.68135e-07;7.2651e-05;0.999569;1.18385e-06;2.18795e-08;1.70261e-06;0.000318835;2.49947e-06;1.01559e-06;1.61113e-05;1.09286e-05;1.70745e-08;4.96038e-06;1.51929e-07
1.40226e-10;9.26939e-11;1;9.29236e-11;1.35424e-11;3.99606e-11;3.8144e-10;2.09446e-10;5.46627e-11;3.69787e-11;2.80092e-10;1.4884e-08;1.25615e-09;1.69853e-12
3.8257e-09;1.59151e-06;0.99794;1.10604e-09;4.46796e-08;5.5859e-08;2.49944e-10;2.74917e-07;2.13558e-10;1.58771e-10;1.02994e-10;0.00205748;9.12648e-08;1.02802e-07
2.13083e-06;0.0126623;5.92627e-08;3.33407e-07;0.000593379;0.00365386;2.09788e-05;1.3538e-05;6.94708e-07;5.11177e-05;8.91986e-08;1.19084e-10;3.39606e-05;0.982968
1.80759e-11;2.35862e-12;1;7.13633e-14;3.4154e-12;1.1396e-12;1.1151e-14;3.72247e-12;1.05868e-13;2.70524e-14;1.62675e-14;2.58885e-07;2.7656e-12;1.33073e-13
6.33657e-06;0.00602565;9.54385e-07;4.61212e-05;0.000146947;0.000284823;4.21274e-06;0.988748;0.00344495;1.28387e-06;0.000119363;2.7439e-05;0.00112889;1.47766e-05
1.63209e-07;0.981379;4.07447e-10;3.51653e-09;1.79128e-09;1.57547e-08;5.02924e-09;2.89935e-05;3.76545e-10;2.25096e-09;7.62581e-11;3.62991e-07;0.0185916;5.77043e-09
1.56355e-06;0.0196123;1.13342e-05;1.765e-05;0.00179613;0.000212146;1.23382e-07;0.040964;5.08339e-07;8.19857e-07;5.17745e-08;0.935902;0.000482701;0.000998468
2.10744e-05;0.907775;7.88772e-07;2.95825e-05;0.00127761;1.00412e-05;5.75972e-05;0.0744121;2.29911e-06;6.73128e-07;4.95687e-05;1.39295e-05;0.0161972;0.000152884
0.000140184;0.138337;8.30134e-07;1.32227e-05;0.00130902;1.41799e-05;0.000101109;0.292565;0.00792721;1.13757e-06;0.00178476;0.549569;0.00807108;0.000166
0.00010282;0.0494664;5.80453e-08;4.5394e-05;0.000237141;2.09757e-05;3.93006e-06;0.00297469;0.000934773;1.98395e-07;0.000632281;0.573148;0.372323;0.000109929
0.000182101;0.000617872;2.34488e-05;5.54484e-06;5.77967e-05;5.45774e-06;1.48509e-08;0.000424787;0.000139052;1.51405e-08;3.08429e-05;0.984739;0.0137617;1.25416e-05
0.00106752;0.169605;4.49069e-05;0.00120849;0.253982;0.00251197;1.15533e-05;0.101251;0.00407196;3.49625e-05;0.00127184;0.000722844;0.0068128;0.457403
0.000109555;0.00319821;0.901561;0.000227407;0.0879644;0.000174936;1.52379e-06;0.000128879;3.83343e-06;1.40645e-05;7.60175e-05;0.000108074;0.00229337;0.00413904
4.79982e-06;0.999656;4.15102e-09;4.90436e-09;5.85217e-07;5.19824e-10;0.00010653;4.21043e-06;1.91062e-06;9.54713e-07;4.31936e-06;3.74697e-08;8.06454e-08;0.000220193
1.52853e-10;2.49003e-10;1;2.40911e-12;5.53311e-11;1.77043e-13;7.8689e-10;6.15204e-11;5.64467e-12;2.4888e-11;1.9398e-11;6.38214e-08;8.6901e-12;8.0173e-11
5.75285e-06;0.000621939;2.02384e-08;4.95583e-07;0.00017979;0.000363336;1.86057e-06;0.974918;0.000231088;1.57384e-06;4.2203e-05;0.000122533;0.0233797;0.000131254
8.25801e-09;2.34715e-05;5.76147e-10;2.62436e-08;2.00196e-07;8.87038e-08;5.99035e-10;1.60945e-05;7.48725e-09;4.00804e-10;1.06992e-07;2.24379e-06;0.999958;2.80033e-08
3.55162e-06;0.000113833;9.53541e-07;5.61915e-05;0.000211726;4.24056e-06;6.82077e-09;3.45511e-05;1.23369e-06;5.83576e-07;4.36594e-06;0.999275;0.000286393;7.2034e-06
5.06313e-06;0.00245812;1.51334e-09;4.36003e-07;7.70839e-05;5.679e-08;4.18173e-07;0.997445;3.62334e-06;8.9878e-08;8.32064e-07;1.48752e-06;7.83537e-07;7.46764e-06
1.20258e-06;0.000143585;0.999384;5.28066e-05;2.12009e-05;1.00493e-05;1.09362e-07;2.15302e-08;1.59789e-08;1.30675e-06;2.27381e-06;0.000133771;0.000216174;3.32834e-05
0.00290083;0.761658;0.000172186;2.3156e-06;4.47523e-05;6.88528e-07;1.04366e-05;0.191058;0.00097547;8.98673e-07;0.00166797;0.0281103;0.0133922;5.96132e-06
2.71139e-07;0.965092;0.00031315;9.55252e-09;1.21606e-05;1.54409e-08;9.33086e-07;3.48923e-09;1.13113e-10;7.26826e-06;1.30001e-10;5.00913e-07;6.5264e-10;0.0345738
1.08229e-08;1.10687e-10;1;1.47329e-13;1.16962e-11;3.79338e-14;2.10065e-09;4.75603e-11;2.24866e-09;2.43014e-12;1.35917e-12;2.86565e-09;1.88589e-13;6.36965e-11
6.61771e-05;0.00077868;8.64987e-07;6.45351e-07;3.98882e-05;5.84087e-05;6.12721e-05;0.471014;0.511886;7.57403e-07;0.000322057;0.00020532;0.0155498;1.62131e-05
1.23765e-06;0.00804381;1.63145e-08;1.1486e-07;1.6431e-06;3.71795e-07;8.28293e-09;0.00483475;2.50607e-06;7.85906e-10;2.05265e-07;4.32593e-05;0.987072;2.08881e-07
1.08888e-05;0.752317;1.86663e-06;3.73161e-06;0.000195868;9.92013e-05;6.37316e-07;0.0027242;3.81984e-08;5.01333e-05;2.55361e-09;8.16937e-05;0.244411;0.000104184
1.06731e-08;4.35616e-10;1;2.03654e-09;1.95124e-11;4.18132e-11;4.98734e-08;1.26207e-10;1.23122e-08;1.43783e-09;1.01593e-09;1.12864e-08;7.73885e-10;9.73244e-12
8.0662e-09;9.942e-07;0.999982;3.68267e-08;2.40841e-07;6.16354e-08;7.41359e-09;1.85757e-06;1.7393e-08;3.96799e-09;6.25061e-10;6.71684e-06;6.7946e-08;8.47484e-06
3.12104e-06;0.00391136;5.64108e-07;2.06453e-06;0.0199383;0.928418;2.10937e-06;0.000459765;1.953e-05;4.29682e-06;4.34827e-06;1.34018e-06;0.0169221;0.0303135
6.42071e-08;0.000252888;1.32342e-07;5.16862e-08;0.00123535;1.87187e-05;3.05445e-10;0.00604406;1.05811e-08;4.22808e-09;4.80509e-08;0.991931;0.000492255;2.58297e-05
5.4207e-06;0.974913;0.000225632;1.71753e-05;0.000145002;6.07813e-05;0.0114553;1.7453e-05;2.04152e-08;0.0102962;3.79373e-08;4.98583e-06;1.47715e-06;0.00285738
1.483e-09;1.319e-09;1;1.77014e-10;5.95486e-11;6.67481e-11;6.1606e-11;1.17361e-10;4.38379e-10;4.80529e-12;2.08126e-11;5.90609e-09;6.25972e-11;1.50496e-12
1.80063e-07;0.99697;3.90418e-08;2.44572e-07;4.93977e-08;1.50117e-08;1.32394e-08;0.00256566;9.31818e-09;8.40573e-08;1.1971e-09;6.8342e-08;0.000463255;1.06511e-09
1.47591e-09;4.16618e-07;1;2.6192e-09;1.36305e-11;1.20378e-11;7.72603e-10;1.79016e-11;3.1342e-10;6.05059e-10;3.51324e-10;1.02897e-07;5.0967e-09;5.01216e-12
9.41083e-09;3.68844e-07;4.58435e-05;1.56098e-07;3.73185e-07;1.10924e-06;4.96665e-10;1.75176e-05;7.14834e-07;4.29076e-09;4.88238e-07;0.999929;3.66965e-07;4.10007e-06
3.9452e-06;0.38277;1.16194e-09;3.34088e-06;1.21931e-06;1.00283e-05;1.22419e-06;0.00090952;0.000233662;7.01717e-08;0.00114949;3.48796e-05;0.614787;9.55325e-05
3.11385e-05;0.879744;6.83122e-06;3.27962e-06;0.000166446;1.38456e-05;2.66638e-07;0.00281467;5.85116e-06;5.55644e-07;2.94602e-06;0.112828;0.00125757;0.00312479
5.19483e-07;0.998677;1.56179e-10;4.26757e-08;0.00014642;2.46207e-07;5.51155e-09;0.000690301;4.00067e-09;5.65739e-08;1.95887e-09;4.08656e-05;0.000125284;0.000319633
7.20636e-08;0.000892402;6.13482e-08;9.45931e-09;4.4845e-08;2.12095e-09;2.72982e-09;2.16989e-07;4.76581e-08;2.0438e-09;3.19352e-08;0.999077;3.03327e-05;2.3545e-09
1.02893e-06;0.0218687;3.03108e-08;1.67743e-05;0.000543452;2.8609e-05;1.08396e-07;0.00222423;3.9436e-07;3.59327e-07;2.33914e-06;0.000236626;0.973614;0.00146346
0.000882545;0.0702135;0.00174341;0.000524669;0.0022429;0.000586348;5.13415e-06;0.130896;0.000315661;3.10141e-05;0.000340588;0.774522;0.0151028;0.00259354
2.93247e-05;0.02509;2.10967e-05;4.12657e-06;0.00213315;0.0021855;2.97256e-06;0.958902;1.94622e-05;2.68725e-05;5.52274e-05;0.00167508;0.0095217;0.000333677
4.44385e-07;0.995049;2.93062e-08;1.53659e-07;3.67282e-08;9.93755e-09;0.00477792;9.13367e-06;9.98754e-09;0.000149018;1.33196e-07;3.90753e-07;1.04665e-07;1.35965e-05
3.29477e-09;8.29887e-10;1;4.83749e-09;2.31046e-10;2.58884e-11;7.48331e-08;1.63836e-09;2.14822e-08;6.28715e-10;3.33531e-08;6.20067e-09;2.25086e-09;1.54149e-11
5.2822e-05;0.889155;3.1133e-07;3.54805e-05;1.72167e-05;2.67169e-06;0.0193328;0.0858357;0.000195579;0.00146239;0.000275793;9.11735e-08;0.00171317;0.00192068
6.11654e-11;1.95123e-10;1;3.67957e-10;1.99e-12;3.75651e-13;7.47019e-10;6.36245e-12;5.91837e-11;2.28715e-11;4.47309e-10;2.9428e-07;3.24664e-11;3.19287e-13
2.19681e-07;3.5022e-05;0.000147886;2.07496e-05;0.00113387;2.55554e-06;1.15482e-07;0.00889978;2.94941e-05;2.07639e-07;6.23774e-05;0.989585;4.46637e-06;7.78211e-05
1.97101e-07;0.999143;3.8053e-08;8.07215e-06;2.98802e-06;0.000300144;7.15055e-07;3.93558e-05;1.4593e-07;2.69515e-06;4.17127e-06;1.06884e-07;0.000290092;0.000208547
3.05437e-06;0.000949389;1.10586e-05;8.74588e-07;9.42102e-06;3.6276e-07;6.11587e-09;2.43684e-05;1.31676e-07;5.08185e-09;1.54406e-06;0.998987;6.72965e-06;6.02319e-06
3.0701e-05;0.987864;2.4761e-06;2.96378e-06;0.000416822;7.21783e-05;1.44383e-06;0.00339469;1.814e-05;4.01055e-08;2.18656e-06;5.26663e-05;0.00778848;0.000352988
4.73133e-06;0.372912;6.41717e-09;2.1859e-08;7.19911e-06;2.20211e-06;9.74321e-10;0.00835183;7.63873e-09;3.43294e-09;1.34092e-09;0.00126786;0.617333;0.000121124
4.73479e-06;0.0497981;0.00252201;4.17036e-06;0.0177185;1.76432e-05;1.14604e-09;0.35965;6.27968e-08;6.53014e-07;6.33985e-09;0.56595;0.00134673;0.00298737
4.60992e-06;0.688457;6.21848e-08;0.000228312;0.00199194;0.042333;1.69856e-05;0.000658651;7.68342e-06;0.000228079;4.14752e-05;8.68698e-05;0.257735;0.00821059
4.73135e-05;0.000535949;0.385692;0.000106128;2.44428e-06;1.04858e-05;5.08168e-06;3.46478e-05;1.22762e-06;3.91202e-05;3.62065e-05;0.613311;0.000171345;7.82814e-06
8.65903e-05;0.903778;2.26278e-06;0.000369957;7.52899e-05;0.000111999;4.71969e-06;0.0536733;0.00041164;3.03313e-06;0.00056264;0.000135091;0.0358167;0.00496873
2.51077e-06;0.999103;1.08571e-07;7.84112e-08;4.53317e-09;3.60376e-09;2.87679e-07;7.43146e-05;5.44858e-07;3.93985e-07;1.56602e-06;0.000200302;0.00061692;6.556e-09
8.23017e-08;0.998481;6.97439e-09;1.178e-07;5.41645e-08;5.00667e-09;0.00129977;7.57805e-08;2.27792e-07;0.000111415;1.05708e-08;1.37522e-07;3.62311e-08;0.000107483
1.86067e-10;3.57922e-11;1;2.09401e-09;2.15369e-10;9.17038e-12;5.95897e-08;1.13619e-12;3.48917e-09;5.6402e-10;3.33578e-08;7.51543e-09;6.44898e-12;3.96951e-13
9.42233e-06;0.288617;4.46353e-07;4.88107e-07;9.90386e-07;2.03905e-07;0.707158;0.00110035;0.000106662;0.000356783;0.00245706;4.28563e-07;0.000184036;8.34796e-06
1.30814e-10;6.9708e-10;1;1.12174e-10;5.13375e-12;7.43551e-12;8.89019e-09;1.0718e-12;1.82063e-10;1.33039e-10;9.14887e-09;3.28542e-07;5.91785e-10;3.00177e-11
7.27391e-06;0.230519;0.100513;1.57277e-06;3.62325e-05;6.74641e-05;8.77246e-06;0.491309;2.91018e-06;3.22404e-06;8.87721e-07;0.173022;0.000412958;0.00409594
1.43179e-06;0.00357876;2.16138e-07;1.00499e-06;0.000416588;0.00438323;2.19672e-07;0.00513475;1.24563e-06;7.35555e-07;1.34973e-05;1.21373e-05;0.986223;0.000233036
2.53034e-05;0.0130211;0.985797;2.65044e-06;1.71313e-05;7.79576e-07;7.68949e-07;3.441e-05;4.6863e-07;1.16734e-06;1.4073e-06;0.000756604;0.000317049;2.43336e-05
6.12797e-06;0.2288;4.49574e-08;3.49394e-05;0.000128114;3.139e-06;3.47515e-06;0.768797;0.000174478;1.25735e-07;4.03582e-05;6.8322e-05;0.00184639;9.76609e-05
3.06874e-06;0.00563259;5.89605e-08;2.8661e-06;0.000205052;1.57473e-06;2.27597e-06;0.993555;3.81393e-05;8.03233e-07;2.64954e-05;0.000107454;0.000336342;8.83421e-05
4.21009e-07;0.999856;8.99035e-10;3.3842e-08;6.03432e-08;1.11378e-08;5.78799e-05;7.59467e-06;1.47832e-09;1.76962e-05;5.58791e-09;1.63536e-08;3.83307e-05;2.20432e-05
1.15316e-10;6.49067e-13;1;1.43756e-11;5.12667e-11;3.55025e-12;2.37789e-11;4.75148e-12;1.81642e-11;1.086e-11;4.67345e-12;3.19141e-08;2.55531e-14;2.7e-11
4.41844e-07;0.00302827;4.91217e-11;1.86068e-08;8.4477e-08;6.45133e-09;4.19402e-06;0.00031334;9.91128e-06;4.39735e-09;5.49828e-07;8.76985e-10;0.996643;2.16352e-08
2.30833e-08;1.56008e-05;5.48723e-08;1.82714e-05;5.70652e-05;5.98166e-05;7.95709e-10;6.07994e-05;3.9628e-05;3.29558e-08;7.87107e-06;0.999373;8.6859e-06;0.000359181
1.52704e-06;0.0337037;1.93125e-10;2.84122e-07;7.5252e-08;5.42906e-08;3.33773e-07;5.35375e-05;2.4498e-06;3.22933e-09;6.0254e-06;1.61286e-05;0.966215;4.15042e-07
4.95266e-06;0.000604067;1.61163e-08;1.2185e-07;5.68997e-07;1.13783e-07;4.10035e-09;1.37607e-05;2.61328e-06;9.32162e-09;2.25523e-07;0.994617;0.00474596;1.02222e-05
9.74916e-06;0.991107;1.7941e-07;3.14874e-06;1.50626e-05;4.19122e-06;1.41159e-06;4.06599e-05;7.70696e-06;5.03022e-07;1.53641e-06;0.000195068;0.00855794;5.57083e-05
3.93374e-06;0.00996737;5.20494e-07;2.32869e-06;3.11855e-07;5.76273e-08;8.95084e-08;0.000203997;6.99029e-05;3.62214e-08;3.03457e-05;0.989694;2.60073e-05;1.19109e-06
1.10313e-05;0.987878;2.60565e-09;1.28654e-05;2.4384e-05;7.65851e-06;2.38148e-06;0.00010244;3.29859e-06;4.98813e-07;8.41312e-05;9.2901e-06;0.0117212;0.000142985
3.21656e-05;0.00535892;1.96571e-07;9.59258e-06;4.56632e-05;8.3408e-06;2.90422e-08;0.0203756;6.68969e-08;7.00644e-08;3.47398e-06;0.950138;0.0235814;0.00044639
2.53931e-06;0.00387814;2.42842e-05;1.74871e-06;0.00353053;9.11875e-05;6.87597e-08;0.976352;9.25364e-08;3.40301e-07;1.04026e-06;8.599e-05;0.0135095;0.00252247
6.71139e-06;0.00171627;7.15738e-07;3.12456e-05;2.44682e-06;0.000789231;9.13923e-06;4.52595e-05;6.88393e-05;1.88378e-05;0.000199597;0.000131761;0.996965;1.44484e-05
5.83031e-07;0.000193153;0.999392;1.17624e-06;6.50519e-07;7.51253e-08;9.56633e-08;5.95983e-08;3.24246e-09;2.72399e-06;2.86332e-08;0.000408661;9.39575e-08;7.86353e-07
2.16925e-06;0.994604;2.04847e-08;1.6325e-05;7.76798e-06;2.21316e-07;3.41245e-06;0.00426683;0.00013055;8.82693e-08;0.000183123;4.56644e-05;0.000679368;6.0657e-05
1.68169e-08;8.4974e-05;4.7923e-11;9.89971e-09;6.27551e-06;1.0545e-09;4.16998e-10;0.999907;3.2504e-08;1.84699e-09;9.04803e-09;1.2904e-06;2.79195e-07;2.83694e-08
1.65952e-07;5.339e-05;0.999787;7.07467e-06;1.1391e-05;1.14295e-05;5.21462e-06;2.81316e-08;3.74019e-09;0.000110604;1.88477e-07;3.28117e-08;6.39496e-06;7.22654e-06
6.576e-10;3.31569e-11;1;4.30092e-12;9.32032e-13;2.57736e-13;5.17611e-10;6.3532e-11;7.3763e-10;1.11326e-12;1.98268e-09;2.44103e-08;6.69596e-12;5.32079e-14
1.57552e-08;1.27882e-05;8.81453e-05;1.23588e-08;1.85661e-07;1.45977e-08;2.54918e-09;1.32405e-05;5.1014e-07;1.43488e-09;1.53726e-07;0.999885;2.4417e-07;9.70718e-08
9.89875e-08;0.996263;1.13995e-10;1.03015e-10;9.72399e-09;1.44668e-06;5.82603e-09;2.58734e-07;3.43097e-09;3.34923e-10;1.72171e-09;1.18211e-07;0.0037355;5.98179e-08
1.21166e-07;6.00339e-05;0.00012527;9.38114e-08;0.00143802;2.71402e-05;5.41443e-11;9.27089e-05;4.71211e-08;2.85855e-09;1.42491e-08;0.998062;3.03563e-05;0.000163855
4.08815e-07;0.00268624;4.21949e-08;7.71626e-09;3.74872e-07;1.00049e-06;2.91316e-09;0.99728;1.54454e-06;3.87872e-10;3.38021e-09;1.27816e-09;3.0393e-05;8.33184e-08
7.25961e-07;0.0178142;4.36406e-09;2.66844e-07;7.9552e-06;3.17279e-07;3.17931e-09;0.98196;6.71026e-07;2.41132e-08;1.33435e-08;1.81349e-05;0.000198202;8.00616e-08
2.75299e-07;0.999411;3.84563e-09;1.87947e-07;1.95919e-06;2.29189e-09;1.03674e-08;0.00014405;2.70458e-10;6.43859e-07;2.28218e-09;0.00043447;7.45824e-06;3.114e-07
1.59433e-05;0.00123561;0.00132442;0.000119861;0.0487362;0.000298182;5.30817e-07;0.000910906;1.09708e-07;6.43513e-06;3.01397e-06;0.945113;0.00212719;0.000108471
1.24947e-05;0.00478574;2.99472e-07;1.57696e-06;2.79561e-06;1.68871e-05;3.81587e-05;0.990817;0.000113195;7.78477e-07;2.54845e-05;1.57202e-08;0.00418527;3.5363e-07
8.5804e-09;1.77682e-10;1;3.8456e-10;5.5495e-11;7.64727e-12;2.70666e-09;1.11626e-10;2.6679e-09;6.88211e-11;1.02538e-09;2.10721e-09;1.33354e-10;3.08456e-13
1.49706e-06;0.000145685;0.000293205;3.66667e-07;4.60628e-05;1.91735e-07;1.34357e-09;0.00120955;9.81673e-06;6.03107e-09;4.4687e-07;0.998293;2.57657e-07;3.41849e-07
1.62923e-05;0.968352;2.02216e-07;1.27789e-06;0.00026547;3.92651e-05;3.61916e-07;0.000667803;1.96486e-05;4.62411e-07;1.59116e-06;9.49165e-05;0.0304843;5.65012e-05
0.000261718;0.00292294;4.11691e-06;0.000462931;0.97407;0.0170158;2.75211e-05;0.000500744;0.000938358;4.40031e-05;3.65552e-05;7.80207e-05;0.00170181;0.00193547
2.27472e-05;0.998514;5.98281e-05;1.27419e-06;5.53057e-06;1.80295e-08;1.70287e-08;0.00130073;1.43003e-07;1.01352e-08;8.59229e-10;5.52692e-06;8.94629e-05;4.39805e-07
8.9704e-07;0.00865573;2.06253e-09;4.21907e-08;4.44665e-06;3.57881e-08;1.18208e-08;0.990639;2.78866e-07;1.09377e-08;6.15826e-08;1.75005e-05;0.000668172;1.40825e-05
5.82827e-07;0.999413;5.57205e-09;5.29478e-08;9.01784e-08;5.128e-08;0.000112385;6.61642e-06;1.41689e-09;6.84666e-05;7.2087e-09;1.07754e-07;2.43883e-06;0.00039635
2.91528e-10;5.72272e-12;1;1.40993e-10;5.4996e-11;3.27314e-11;3.41756e-10;1.31902e-11;4.25617e-10;9.1206e-11;2.18092e-10;7.93848e-08;2.11823e-14;8.10978e-11
2.20271e-07;0.00112639;1.77425e-11;1.09668e-08;1.36577e-08;5.93302e-09;7.92871e-07;0.000112167;6.41487e-06;8.50557e-10;9.64641e-07;2.81138e-10;0.998753;9.1383e-09
1.26957e-09;1.68566e-06;6.19043e-09;4.01551e-07;5.50774e-07;1.06055e-06;8.55705e-12;1.48071e-07;6.76581e-07;2.34966e-10;2.23212e-07;0.99998;1.38212e-06;1.41151e-05
9.52106e-07;0.0117983;5.35126e-10;3.76637e-07;8.49417e-07;5.52558e-08;1.8286e-07;1.21187e-05;2.85218e-06;1.04642e-09;3.86654e-06;3.04191e-05;0.988149;7.09766e-07
3.10665e-06;0.000415777;2.91016e-09;2.21571e-07;6.44752e-07;1.09769e-07;9.44482e-10;3.70978e-05;1.65096e-06;4.49887e-09;1.70819e-07;0.993316;0.00619357;3.17523e-05
2.38765e-05;0.824095;6.44114e-08;8.96172e-05;1.80031e-05;7.90416e-05;3.33014e-06;0.000158345;0.000142697;2.17439e-06;9.80461e-05;0.000345889;0.174887;5.70655e-05
6.84977e-05;0.103401;8.33487e-06;4.95321e-06;1.25083e-06;1.8022e-07;1.65212e-08;0.000981021;7.39322e-07;5.17968e-08;2.01634e-06;0.894077;0.00141902;3.55538e-05
1.54732e-05;0.08978;4.2573e-06;6.00195e-05;0.0868918;0.000342703;3.65645e-07;0.227905;3.1646e-06;2.25603e-06;3.17885e-05;0.0202512;0.39481;0.179902
5.06213e-08;3.10666e-05;5.55804e-10;1.18454e-07;3.54316e-08;0.000121154;6.78143e-09;1.07397e-07;9.63752e-08;5.1949e-08;6.38794e-07;8.59717e-09;0.999847;1.22371e-07
6.90974e-08;1.24679e-06;0.999997;5.73174e-08;9.25205e-09;1.87351e-09;1.06673e-09;1.20784e-08;9.91961e-10;1.1548e-07;1.38434e-09;1.54426e-06;1.62542e-09;2.74962e-09
3.95232e-06;0.996251;2.08813e-05;8.07279e-05;1.04913e-05;2.55794e-06;6.63768e-06;0.00140457;0.0002458;2.41961e-06;0.000495805;1.9137e-05;0.00140582;4.99216e-05
