1.75152e-06;0.999922;3.0927e-06;9.55477e-06;3.66122e-06;1.70709e-08;3.31369e-08;4.05083e-05;7.8027e-08;1.8064e-07;5.9468e-08;1.01992e-05;3.82187e-06;5.51872e-06
5.61871e-06;0.000251241;4.1887e-10;8.55821e-08;3.88082e-07;2.14141e-08;1.18836e-07;0.99973;9.32149e-06;6.86806e-08;8.81492e-07;4.14241e-09;1.95603e-06;2.50678e-08
1.55237e-06;0.997133;2.59238e-05;7.28062e-07;1.01942e-07;5.06659e-09;0.00254143;2.30037e-06;6.24343e-07;7.56666e-05;2.64124e-07;0.00021374;9.45625e-08;4.49246e-06
1.78584e-10;3.31194e-09;1;6.53581e-10;2.4917e-11;3.44018e-13;2.89961e-08;4.59429e-12;6.85857e-10;3.18866e-11;9.36428e-10;1.6477e-10;5.70727e-13;2.24972e-12
2.63134e-05;0.811014;0.000201664;3.7807e-06;4.61576e-06;1.19741e-07;2.61572e-05;0.103156;7.62495e-05;8.75613e-07;0.00023492;0.0177137;0.067541;4.18569e-07
9.47709e-07;0.249598;3.38265e-05;4.69359e-05;0.00177216;0.0169997;2.64045e-05;0.00894573;7.7328e-07;0.00181687;4.9878e-06;6.53908e-06;0.00198399;0.718763
4.5008e-10;3.25118e-10;1;6.03842e-09;2.20793e-09;6.92577e-10;8.31475e-10;5.63647e-11;2.20034e-10;1.86507e-09;6.08048e-09;4.32977e-08;6.47065e-11;2.57969e-10
8.62146e-05;0.0202636;0.00114315;0.000709216;0.000578954;0.000541815;4.1596e-05;0.0484574;0.00160438;2.18899e-05;0.0539228;0.844296;0.0274011;0.000932127
4.27695e-07;3.78e-07;3.80089e-10;1.36713e-09;2.23014e-08;2.5425e-08;3.69707e-09;0.999995;1.67311e-06;3.23241e-10;1.22779e-06;1.81158e-09;1.08262e-06;1.42814e-08
5.4012e-06;0.000359665;9.02355e-05;1.60544e-05;0.0896955;0.000404168;1.57278e-09;0.000916453;9.1802e-07;2.32493e-07;9.69273e-06;0.474906;8.17688e-06;0.433588
6.60739e-10;0.999997;9.64484e-12;5.12914e-12;7.86501e-13;1.2239e-12;2.71922e-06;1.40758e-08;1.49089e-11;1.20716e-08;4.55681e-11;3.5037e-14;8.42231e-09;6.99674e-08
2.49064e-13;8.35023e-13;1;1.13961e-12;8.03409e-13;4.30279e-12;5.66877e-12;3.97324e-13;1.82528e-14;1.147e-12;4.14539e-14;1.16525e-08;6.0374e-12;4.78297e-13
2.15045e-07;0.944069;4.13281e-06;2.48828e-05;1.08456e-05;0.000236423;0.000841676;0.00253903;4.34135e-06;1.56918e-05;1.3546e-06;4.91461e-09;0.0521607;9.15008e-05
1.33292e-10;2.60165e-10;1;1.04416e-08;1.61707e-11;4.31286e-10;3.23661e-09;5.72249e-11;2.55918e-10;1.61463e-09;9.05485e-10;4.71018e-08;4.77537e-10;4.12757e-12
2.33037e-07;0.000159859;0.929473;2.49938e-05;1.99233e-05;2.27458e-05;9.1686e-08;0.000101126;5.46895e-07;1.93723e-07;2.46375e-07;0.070174;5.89274e-06;1.74041e-05
3.62137e-05;0.0193202;5.94128e-05;4.94363e-05;0.00377729;0.764982;2.90939e-06;0.00174992;1.34358e-05;1.36288e-05;1.84954e-05;1.06153e-05;0.0315632;0.178403
2.25058e-05;0.0141525;0.0236116;0.00103661;0.058657;0.237907;1.23357e-07;0.0298173;1.53297e-06;2.39673e-05;4.34657e-05;0.438667;0.153749;0.0423106
0.000131021;0.40803;9.30126e-05;2.8529e-05;0.00511181;0.0136793;2.68783e-07;0.0346406;6.63245e-07;6.29292e-07;2.86122e-06;0.0122582;0.525934;8.88608e-05
3.21369e-09;1;1.35076e-11;6.436e-12;2.02087e-12;6.95684e-12;6.67443e-08;9.15866e-09;4.07271e-13;5.38485e-08;2.32223e-13;3.46481e-10;9.17736e-08;3.88215e-09
9.77208e-12;5.65081e-11;0.999998;5.85316e-10;3.86009e-10;9.86609e-10;1.33818e-10;3.55538e-11;9.46968e-13;2.80485e-10;2.84011e-12;2.02637e-06;2.16823e-09;2.33664e-11
8.05757e-07;0.42939;9.20479e-07;0.00013916;3.96753e-05;0.000647935;0.00680128;0.533656;1.50909e-05;9.91419e-05;3.1162e-05;3.70896e-09;0.0290133;0.000165273
3.05337e-11;8.2504e-10;1;7.16036e-10;8.47876e-13;1.11445e-11;3.89034e-09;3.46462e-13;4.99765e-11;7.01904e-11;2.72675e-09;8.9844e-09;1.2976e-11;1.35778e-12
1.58719e-05;0.108826;0.142989;0.000121163;0.00654015;0.000232181;1.23218e-05;0.196216;9.32392e-05;5.9945e-06;2.82893e-05;0.535102;0.000104758;0.00971354
8.21011e-06;0.251553;2.35531e-07;3.49604e-06;0.00238354;0.00377708;1.65615e-06;0.711874;1.07757e-05;7.09427e-06;1.11629e-05;4.5748e-05;0.0223405;0.00798385
2.81254e-07;0.00747379;2.31551e-07;1.43798e-05;0.521308;0.00790016;3.18066e-09;0.00508092;3.17017e-07;3.10021e-07;2.97992e-06;0.0245035;0.000413306;0.433302
3.13471e-07;0.0100587;2.25309e-08;6.67704e-09;2.35515e-05;7.85132e-06;7.97021e-09;0.988594;9.89398e-09;9.5775e-09;3.31681e-10;1.20198e-06;0.00131344;4.17715e-07
1.78213e-06;0.038825;8.43681e-09;1.37427e-05;3.05125e-05;3.09734e-05;1.65869e-08;0.348446;7.95837e-08;1.47774e-07;3.14469e-08;0.000710599;0.611939;1.92547e-06
1.82228e-06;0.998268;1.99885e-08;9.72242e-07;2.20642e-10;3.33881e-09;2.49676e-06;2.9794e-06;2.8287e-07;2.1351e-07;2.80027e-07;0.000112172;0.00161087;1.18944e-09
0.000158473;0.00651832;0.00797009;0.00319322;0.00290986;2.26859e-05;8.99031e-06;0.15786;2.15997e-05;7.811e-05;2.09199e-05;0.821126;4.94502e-05;6.25817e-05
8.45797e-07;0.998819;6.85509e-10;1.14801e-06;1.02945e-07;1.42374e-06;0.000653911;1.56746e-05;3.60441e-08;0.000476806;3.14089e-07;1.40746e-10;2.44133e-06;2.84885e-05
3.18344e-11;5.81801e-12;1;4.50166e-10;1.66051e-11;9.29172e-12;2.00178e-10;9.86333e-13;2.27936e-12;6.144e-11;4.6735e-11;6.5894e-10;1.98264e-14;1.14195e-12
9.66837e-05;0.43092;5.94494e-05;4.26208e-06;9.78832e-06;5.55941e-07;0.000686142;0.554016;0.000160072;4.19325e-06;0.0010699;0.00224204;0.0107306;6.29274e-08
1.20538e-07;0.0114366;7.63239e-07;4.09787e-07;5.76255e-08;1.08101e-06;0.969109;1.76649e-08;3.37634e-06;0.0192551;2.94458e-06;1.46721e-08;7.76464e-07;0.000189683
3.34987e-09;5.11009e-10;0.999992;5.72655e-08;3.32285e-10;1.05399e-09;5.94635e-06;3.40567e-12;5.85724e-07;5.88288e-08;2.93674e-07;4.09543e-07;2.4779e-11;2.92443e-10
4.37415e-06;0.995707;1.98437e-08;4.94479e-07;4.46219e-10;6.04317e-09;0.000567984;9.93935e-07;0.000200355;3.32255e-07;4.31665e-05;8.59792e-06;0.00346657;9.6989e-10
4.35674e-05;0.033825;0.00379743;0.00025046;0.00211246;1.81824e-05;1.1622e-06;0.00535376;2.82591e-05;8.56632e-06;4.2023e-06;0.954174;1.745e-05;0.000365913
6.10334e-08;0.999987;1.83296e-11;8.65682e-09;4.02441e-09;5.48924e-09;3.83957e-06;1.10825e-06;3.50401e-09;7.14121e-07;1.9874e-09;2.53101e-10;1.56787e-07;6.89455e-06
2.36973e-12;3.17057e-13;1;2.13313e-11;2.60766e-10;4.2738e-13;1.00498e-12;3.20953e-11;6.92987e-14;1.74339e-12;1.16611e-13;1.11198e-08;9.25791e-16;1.85598e-12
1.14903e-05;0.00928259;4.53189e-05;4.74113e-06;1.19529e-05;3.87042e-06;7.85532e-05;0.986855;0.000235097;1.65169e-06;5.37565e-05;0.00177052;0.00164449;1.09299e-06
2.11385e-07;0.000725409;8.06144e-09;2.05539e-08;6.85561e-10;6.03352e-09;0.998156;3.03296e-08;6.03383e-07;0.00110049;2.32297e-06;2.81602e-11;6.46463e-07;1.40871e-05
8.18617e-12;2.34779e-13;1;1.17419e-10;6.41099e-13;1.47408e-12;2.76544e-09;1.284e-14;2.84874e-10;5.78446e-11;1.16653e-09;2.50343e-10;3.53793e-13;4.15782e-13
0.000216315;0.866076;8.257e-06;0.000350169;0.000202335;8.26356e-06;0.00328453;0.0239627;0.00929264;7.91853e-05;0.0262321;0.0183045;0.0519438;3.90876e-05
2.45241e-05;0.91377;3.31983e-08;3.56731e-05;1.5557e-05;5.52275e-06;2.28195e-06;0.0356872;0.000143262;1.77823e-05;0.0006783;0.00122181;0.0483298;6.81775e-05
3.92766e-06;0.0150773;6.15397e-07;8.20534e-08;8.49247e-07;1.04912e-06;5.10266e-05;9.79356e-07;1.61185e-08;0.000386713;3.44321e-07;4.31695e-06;2.6309e-06;0.98447
5.82034e-07;9.56644e-08;0.999995;2.68368e-09;1.47678e-09;4.04451e-09;1.04044e-06;1.12046e-09;7.26553e-07;7.57093e-09;5.2309e-07;1.65e-06;5.13414e-09;1.66544e-09
7.00767e-07;0.995085;1.66554e-09;1.30565e-07;9.06666e-07;1.49827e-08;1.32173e-06;9.33163e-05;1.10484e-06;1.53092e-07;5.29288e-06;2.28356e-06;0.00480887;5.27353e-07
6.06777e-06;0.98248;2.5633e-08;0.000102243;0.000543014;0.00065266;1.91491e-06;0.00208084;3.61783e-06;5.43497e-05;2.86998e-06;0.000292609;0.00457686;0.00920262
3.15152e-05;0.0334949;6.89406e-07;3.3699e-05;5.62709e-06;9.86571e-05;1.22013e-05;2.76314e-05;9.82352e-07;5.34167e-05;2.40042e-05;0.95019;0.0024087;0.0136185
3.51328e-06;0.992147;4.31168e-09;1.8192e-06;9.78841e-08;6.17078e-08;0.0069892;0.000401412;4.72157e-06;0.000152308;6.2939e-06;1.32914e-07;1.35792e-05;0.000279761
1.47767e-09;2.36376e-08;1;4.95741e-09;2.4134e-10;3.20236e-10;3.98597e-08;4.34274e-11;9.73744e-09;1.97521e-09;8.92627e-09;5.04017e-08;4.18153e-10;4.58947e-11
4.10262e-07;0.99961;1.25275e-07;5.45903e-09;5.50414e-09;2.32538e-09;2.90261e-06;0.000346397;2.39438e-06;1.56616e-07;1.25583e-06;1.4822e-05;2.19368e-05;7.22321e-10
7.19452e-08;0.000995239;9.45704e-07;1.34872e-05;5.21923e-05;7.49295e-05;1.29831e-07;0.000812768;1.77015e-06;4.06396e-06;2.62725e-06;0.996856;0.000261998;0.000924127
1.38453e-06;0.0739289;1.65284e-07;5.57342e-06;1.23986e-06;6.12932e-07;4.21069e-07;0.00107768;8.96322e-07;5.44638e-08;3.02576e-05;0.000424093;0.924529;2.01008e-08
2.09907e-05;0.0464823;1.16598e-06;1.00075e-06;1.64339e-05;9.30278e-06;2.58001e-07;0.0354112;8.505e-06;9.81755e-08;3.05375e-06;0.00887523;0.909167;3.73282e-06
6.35611e-06;0.0469875;2.09598e-05;0.00139386;0.0201087;0.0662364;1.12901e-06;0.0300392;7.35542e-06;0.000376924;4.68605e-06;0.755821;0.0702066;0.0087893
0.000942505;0.00672291;1.46964e-05;0.0267579;0.000500689;0.000372174;0.00145097;0.0715915;0.00204763;8.27398e-05;0.096449;0.0138702;0.779152;4.46693e-05
0.000393911;0.26727;0.00318547;3.44472e-05;2.09996e-05;4.65094e-06;2.50426e-06;0.00420287;5.93434e-06;4.43299e-06;2.20422e-05;0.680599;0.0442389;1.46432e-05
5.1792e-06;0.939252;2.80561e-06;6.59473e-05;8.56367e-05;0.000731328;9.15264e-06;0.0263669;4.54508e-05;5.04625e-05;6.50953e-05;0.000877211;0.0272094;0.00523366
0.00014134;0.828813;1.3447e-07;0.0152381;0.0338814;0.041849;5.67191e-05;0.00678712;0.000472429;0.000632158;0.00949714;0.0238861;0.0303835;0.00836198
0.000223778;0.997841;1.01808e-06;4.12244e-07;6.16569e-09;1.28133e-08;0.000975033;2.3753e-06;1.22594e-06;3.47444e-06;8.49768e-06;0.000127434;0.000816092;3.32546e-08
4.37243e-06;0.00126324;5.54329e-08;0.00029879;0.000263933;0.000108654;1.37334e-06;0.000181555;0.000596542;7.02673e-07;0.000578492;0.9954;4.51235e-05;0.00125707
3.74069e-06;0.9648;5.88996e-11;1.09558e-06;9.91835e-06;3.50723e-06;2.19681e-09;0.0304568;1.43364e-06;1.01518e-08;1.23841e-06;1.50864e-06;0.00471955;1.14851e-06
0.000202422;0.0169993;9.31221e-06;4.72015e-06;0.000457408;9.58428e-06;1.15756e-07;0.00248706;8.21915e-06;9.4574e-06;2.44146e-06;0.966709;0.00168118;0.0114195
0.000169659;0.990946;0.000489112;5.30758e-06;0.000927041;9.82116e-06;1.91228e-08;0.00129006;2.44082e-07;5.23936e-06;1.97955e-07;2.96974e-05;0.00467456;0.00145306
0.00185622;0.260691;6.68031e-05;4.6032e-05;0.00333463;0.000115514;9.7928e-05;0.134159;0.00184242;2.5105e-05;0.000529132;0.567439;0.0052677;0.0245302
6.0299e-05;0.679224;0.00037623;3.02238e-06;8.5086e-05;0.000258797;1.60928e-05;0.00804925;2.08285e-06;9.43632e-06;5.36483e-05;0.306981;0.00461008;0.000271126
1.02548e-06;0.9766;8.45439e-08;5.86627e-07;6.52401e-07;2.53219e-06;0.00513788;0.00199323;1.46437e-07;0.00037534;1.75578e-07;1.28128e-05;8.9565e-05;0.0157856
3.75458e-10;1.34371e-09;1;1.62144e-08;2.73457e-11;8.70846e-10;7.53984e-09;5.2017e-11;5.5414e-09;2.22785e-09;1.14976e-08;6.27755e-08;1.08663e-09;9.87533e-12
5.17887e-06;0.000274153;2.69689e-08;3.76916e-08;1.84215e-09;2.14265e-09;1.16613e-06;0.999681;1.63567e-05;2.5401e-08;4.93167e-06;7.26111e-07;1.69455e-05;1.05113e-09
9.61837e-09;0.997802;1.14175e-10;6.56213e-07;3.18294e-08;6.57314e-09;1.63889e-06;2.43814e-08;6.18136e-09;2.24492e-05;1.66401e-08;5.10788e-06;6.00462e-10;0.00216762
2.13169e-07;1.08957e-06;0.999982;5.89659e-07;2.66692e-08;8.86698e-09;4.25274e-07;1.45383e-08;5.35772e-07;1.03386e-08;1.32322e-05;1.8192e-06;4.07124e-08;1.87621e-10
6.77735e-05;0.149616;3.29453e-06;3.08025e-06;2.8576e-05;0.00021947;1.44242e-06;0.729297;0.000190452;6.17444e-07;0.000150013;5.54957e-06;0.120415;1.80414e-06
0.000311587;0.545244;0.00015195;0.019516;0.0413129;0.0276543;5.06211e-05;0.00445902;0.00336002;0.00127967;0.00124856;0.0646786;0.279153;0.0115799
0.0354198;0.642373;0.0114775;6.55544e-05;0.00112019;9.68537e-06;0.000129044;0.163597;0.0335529;3.50789e-05;0.000289312;0.0860608;0.0258665;3.49236e-06
0.000222726;0.738279;0.000193319;5.43788e-06;0.0023485;0.0027155;9.30479e-07;0.140378;1.0823e-05;7.4911e-05;9.63463e-07;0.0811626;0.0181809;0.0164266
4.80222e-05;0.00430849;7.29105e-09;0.000210252;0.078191;0.0122656;1.7994e-06;0.581904;4.33701e-05;0.000127806;0.000194887;0.00178701;0.316471;0.00444665
0.000490205;0.994809;1.38546e-05;0.000190344;3.53434e-06;3.94716e-07;0.000122442;0.00112204;0.00033874;2.07133e-05;0.00108952;0.0013107;0.000351736;0.000137094
2.69172e-05;0.997488;2.28224e-06;0.000144624;3.37768e-05;2.02935e-06;7.71386e-05;0.00104936;0.000217363;5.7565e-06;3.08027e-05;9.74909e-06;0.000104046;0.000808449
4.14917e-05;0.00408449;6.29401e-08;0.000567524;0.000557029;1.43578e-05;8.42357e-06;0.988452;1.56634e-05;1.86876e-05;0.000277622;3.51827e-05;2.29495e-06;0.0059255
7.78264e-05;0.0593271;3.1587e-05;1.63413e-05;8.2355e-05;2.00369e-08;1.98097e-08;0.936552;2.21166e-07;7.40984e-09;1.33393e-05;0.0016404;0.0022544;3.94986e-06
1.15632e-05;0.252129;1.58827e-10;3.24465e-06;0.000175865;2.22326e-07;1.22718e-08;0.705392;1.02331e-05;1.90981e-07;1.38369e-06;0.000158465;0.0421015;1.63369e-05
5.75305e-05;0.00221465;0.0200815;0.004931;0.261044;0.0462103;9.89762e-06;2.18201e-05;6.84222e-06;0.00184661;4.14427e-05;0.544838;0.000773821;0.117923
3.59545e-05;0.695281;3.05031e-06;0.00283809;8.89665e-05;0.000817234;0.000317624;6.95616e-05;0.000440871;2.7857e-06;0.27043;0.0004032;0.0270817;0.00218994
1.30103e-06;0.00110406;9.4956e-10;2.10433e-06;1.87321e-06;1.91952e-07;8.31546e-08;0.998813;1.97573e-06;1.70594e-08;7.00164e-05;3.3707e-06;2.28701e-06;4.08723e-08
5.54417e-05;0.0313571;6.8479e-05;0.000119167;9.50621e-05;3.11603e-05;8.12341e-08;0.0166873;0.000208023;4.54132e-07;0.000310214;0.950919;0.000134745;1.40736e-05
0.00102307;0.0331816;0.000114266;4.01e-06;0.000279875;0.00160428;1.01048e-06;0.000711971;6.0586e-05;1.71624e-06;4.42432e-05;0.000156768;0.962671;0.000145501
0.000221465;0.428068;0.000448489;1.03487e-06;0.0096081;0.000242233;1.05933e-07;0.167767;9.60668e-07;1.29589e-06;1.62994e-06;0.0543912;0.0607872;0.278462
8.51943e-06;0.00901847;4.22034e-06;0.00069687;0.40641;0.000137222;1.52906e-07;0.52837;0.000683267;1.13346e-05;1.94286e-05;0.0325946;0.0013813;0.0206647
3.56346e-05;0.00098228;8.92461e-07;1.56188e-06;0.00162332;1.30209e-08;2.11074e-07;0.997325;1.91603e-05;6.30798e-07;1.01756e-06;6.11494e-06;6.23552e-07;3.33564e-06
0.000494426;0.00415274;0.882429;0.00015951;0.00119648;4.37411e-05;7.05078e-06;0.0144914;4.43554e-05;0.000147164;1.74797e-05;0.0951523;0.00165677;7.64077e-06
2.2902e-05;0.759687;4.00382e-06;8.52167e-06;1.15284e-05;3.09474e-07;2.53784e-06;0.214298;0.000334584;3.48643e-07;0.000281378;0.0240195;0.000659836;0.000669561
1.67566e-07;0.999963;1.50692e-09;5.34405e-10;8.19866e-10;3.50303e-10;3.28929e-06;4.24774e-06;9.76703e-10;1.32176e-06;4.94818e-10;4.17122e-10;1.2683e-06;2.6926e-05
6.6707e-10;4.93779e-10;0.999958;6.71789e-10;2.55634e-10;1.33707e-10;4.46909e-10;2.39396e-12;2.23483e-09;2.21915e-10;5.84657e-10;4.22365e-05;1.06789e-11;3.5827e-10
4.03843e-08;0.999911;2.35969e-13;1.91062e-10;2.40893e-10;2.26876e-11;7.85606e-05;4.00863e-07;2.2651e-09;4.15011e-07;9.05065e-10;1.12911e-12;8.53426e-06;4.59138e-07
3.3296e-12;1.80612e-12;1;4.95666e-11;4.32731e-10;5.88279e-10;2.08596e-11;6.63504e-12;2.29432e-13;1.86012e-10;1.57308e-13;2.37694e-09;3.37674e-11;8.08484e-11
7.12013e-08;0.00272666;4.00353e-09;1.85854e-06;4.58243e-07;0.000173463;4.02956e-05;9.32866e-07;4.4498e-06;1.29681e-07;3.04351e-06;4.38023e-08;0.997025;2.33978e-05
8.0458e-07;0.000117326;0.999446;1.7081e-06;4.08318e-08;3.53902e-09;1.22644e-05;4.59056e-09;3.12646e-08;4.4916e-05;3.36572e-08;0.000371278;1.05025e-08;5.75641e-06
3.38232e-07;9.26843e-08;0.999881;7.93487e-06;5.57208e-08;1.15482e-08;2.23069e-05;6.07456e-09;4.51939e-05;6.93535e-07;4.20439e-05;5.21619e-07;1.22497e-09;1.06706e-08
8.28773e-07;0.996551;4.81829e-07;1.3038e-06;1.73361e-08;1.61231e-08;8.15637e-08;4.26585e-06;5.03672e-08;1.34726e-07;6.0984e-07;1.02213e-07;0.00344147;1.12488e-07
4.58765e-08;4.84744e-05;3.163e-09;1.3118e-08;4.35359e-09;4.05671e-11;1.07264e-09;1.12996e-05;3.28345e-08;8.32125e-11;7.39535e-07;0.999939;5.69117e-07;4.74501e-08
8.25648e-07;0.995855;3.48814e-07;2.09011e-07;3.60062e-06;2.77741e-08;1.08256e-07;0.00369401;1.66063e-08;3.30022e-07;1.69484e-08;9.95969e-07;0.000433381;1.07681e-05
2.77943e-06;3.30818e-05;5.35204e-10;1.30078e-06;3.45134e-06;0.00179801;6.63326e-08;8.64118e-06;3.00036e-05;6.3537e-07;7.19279e-07;4.27678e-06;0.99811;6.93122e-06
1.54496e-07;5.86866e-05;0.999906;2.30748e-07;4.56972e-08;2.54362e-08;1.42143e-09;1.52932e-07;3.34279e-09;1.19674e-06;1.90057e-09;3.37825e-05;6.2275e-08;4.99465e-09
1.01203e-05;0.984641;2.42719e-05;5.50183e-05;2.23298e-05;9.52002e-06;7.25191e-06;0.00409226;0.00027307;3.51207e-06;0.000252936;3.11452e-05;0.010368;0.000209409
