9.02274e-06;0.994099;0.00510371;0.000201863;2.28214e-06;5.17139e-07;2.44299e-06;4.85389e-05;1.6743e-07;7.98806e-06;3.12681e-07;7.66434e-06;0.000484401;3.16136e-05
1.76892e-05;0.965013;3.85022e-10;0.000326333;3.62999e-05;2.28392e-05;7.45194e-07;0.0321276;0.000349945;5.00666e-06;0.000122286;0.000850791;0.000982565;0.000144765
4.95506e-05;0.00604567;0.000105436;0.00026658;3.70429e-05;8.12142e-06;1.66461e-07;0.000438666;3.94902e-06;2.94747e-06;4.51746e-05;0.992913;6.26305e-05;2.07476e-05
8.85827e-05;0.99715;6.50272e-08;3.24657e-08;8.70549e-09;1.56054e-08;3.90252e-05;8.33082e-06;2.24387e-06;5.42742e-08;2.1496e-06;1.82259e-05;0.00269114;2.55659e-09
1.28412e-06;0.0126179;1.80958e-07;2.83491e-05;0.0004182;0.000539215;2.67061e-09;2.94074e-05;1.2914e-05;8.5652e-08;1.97605e-06;0.933755;0.000133516;0.0524621
8.26153e-06;0.191439;1.5707e-06;1.61251e-06;6.12931e-05;3.84318e-05;4.8251e-09;0.0113975;7.67282e-07;1.55827e-08;6.59386e-07;0.000124814;0.796922;4.09348e-06
8.15303e-06;0.0376576;8.79117e-07;0.000221324;0.000601904;5.37991e-06;4.59491e-08;0.0423233;1.04322e-05;1.06065e-06;1.88115e-05;0.917928;0.000866254;0.000356817
6.28541e-08;8.80651e-06;0.999984;1.00363e-07;1.0108e-09;3.89464e-09;3.1801e-08;1.31792e-08;7.28271e-10;7.41523e-09;2.74417e-09;2.89866e-06;3.98868e-06;4.80993e-10
1.16712e-06;0.936377;5.32475e-10;2.09314e-06;6.53574e-08;2.21469e-08;0.0630865;0.000399903;3.08318e-05;2.17571e-05;8.9262e-06;1.49036e-10;1.23146e-05;5.97605e-05
1.54565e-09;1.88265e-09;1;7.2364e-10;2.53256e-11;1.35981e-11;3.05705e-09;8.12267e-11;3.4744e-10;6.40049e-11;6.10135e-10;2.00949e-07;3.31765e-10;8.41894e-12
4.51622e-05;0.479654;1.5337e-07;1.84635e-05;0.000497171;6.91123e-05;1.0563e-05;0.505564;0.00155012;2.96077e-05;0.000105057;0.00151936;0.0101152;0.000821874
1.98773e-05;0.895564;0.0600056;8.5308e-05;0.00105906;4.01531e-05;4.47945e-07;9.21901e-06;1.0028e-07;5.8427e-05;1.749e-06;0.000740261;0.0411901;0.00122524
4.56787e-06;0.567048;2.92293e-05;1.12596e-05;0.000109653;1.63304e-06;2.1838e-05;0.000347589;6.60173e-06;3.04439e-06;0.000242805;0.421899;0.00669985;0.0035753
1.25538e-05;0.16824;4.27494e-05;9.79908e-05;0.0385576;0.000919848;2.35943e-05;0.0431471;6.9967e-06;5.29367e-05;0.000103561;0.709727;0.0374147;0.00165338
5.1642e-05;0.037685;7.54813e-07;1.63337e-06;0.00197003;0.000679026;3.14633e-06;0.91772;2.91966e-05;3.07919e-06;2.67554e-06;0.0124301;0.0291191;0.000304603
2.50069e-06;0.00821346;1.66099e-07;4.72574e-07;1.94382e-05;4.33112e-05;9.21466e-07;0.960126;7.71885e-08;5.98592e-07;6.07845e-08;3.02259e-06;0.0315894;5.96168e-07
8.16866e-09;3.56043e-08;0.999999;1.89476e-08;4.73407e-10;5.65908e-10;1.39119e-08;7.48573e-10;1.98201e-09;1.85598e-09;6.09931e-09;6.61153e-07;3.50877e-08;4.77611e-10
3.20125e-06;0.011278;9.06423e-05;2.17864e-05;7.73303e-05;2.6436e-05;3.54001e-07;0.0350751;1.81e-05;1.15327e-07;1.34587e-05;0.95306;0.000239928;9.6025e-05
3.03534e-05;0.202091;1.65883e-05;0.000113813;0.0166509;0.00874276;2.26907e-05;0.726315;0.000359286;9.27922e-06;0.0023464;0.00587257;0.0371633;0.000266221
1.34068e-06;0.76945;1.86627e-06;2.28333e-05;0.0174159;0.0808169;0.000175058;0.106263;1.01919e-06;9.41118e-05;0.000148512;0.000107085;0.0248824;0.000620057
1.35159e-09;8.0385e-09;1;1.47999e-09;1.11301e-10;2.65981e-09;1.36777e-09;1.9397e-09;7.95375e-11;1.08163e-10;3.65322e-10;2.5379e-08;2.27744e-08;5.42892e-12
3.81216e-06;0.383691;2.26303e-07;9.15139e-05;7.5898e-06;0.000789636;8.91748e-07;0.00115181;9.7644e-05;1.33218e-06;1.58745e-05;0.0227356;0.591411;2.00223e-06
7.35905e-08;0.99078;5.27348e-11;4.16168e-07;1.49021e-09;3.51307e-07;8.47477e-08;1.02586e-06;5.91887e-08;3.63599e-08;4.11131e-07;1.67163e-05;0.00920046;2.07904e-09
2.91618e-05;0.0904395;0.0158806;0.00145397;0.00117511;0.00065771;3.5504e-07;6.40651e-05;8.78735e-07;3.24708e-05;3.46771e-06;0.846802;0.000230568;0.0432303
9.56123e-06;0.980779;1.68376e-07;5.455e-06;4.3766e-05;0.000804893;3.09671e-06;0.00255802;4.10056e-06;5.41769e-06;5.99618e-06;6.48967e-07;0.0154306;0.000349268
0.000103597;0.913893;0.00199466;5.09048e-05;0.000751392;2.17672e-05;1.1282e-06;0.0172204;2.80996e-06;1.16027e-05;1.8275e-06;0.0603667;0.000287855;0.00529203
3.85618e-05;0.858883;9.73324e-06;3.83043e-06;1.1604e-05;4.65843e-07;5.34997e-06;0.00154054;2.74569e-05;1.98386e-06;7.78976e-06;0.137626;0.00173693;0.000106253
1.49346e-05;0.080005;2.86512e-06;8.90482e-05;0.00114554;3.85404e-05;1.30112e-05;0.0201368;0.000159612;9.80205e-06;0.000192258;0.777272;0.1177;0.00322006
5.57243e-06;0.0963254;2.97025e-07;2.07794e-06;0.000314377;0.000189484;6.63342e-06;0.884747;2.26073e-05;4.329e-06;7.43554e-06;0.0107504;0.0072679;0.000356171
3.30972e-07;0.00129608;3.33994e-09;3.35701e-07;1.82097e-05;2.83013e-05;6.24144e-07;0.966206;6.29971e-08;2.24941e-07;2.15436e-07;1.40641e-06;0.0324456;2.85147e-06
5.86268e-08;8.28451e-08;0.999999;1.17179e-08;4.06163e-10;3.00324e-10;2.08371e-08;5.87679e-09;7.83528e-09;3.42725e-09;5.92493e-09;9.15113e-07;3.11122e-08;3.20598e-10
3.75426e-06;0.000590384;9.17595e-06;1.1903e-05;1.89826e-05;1.40425e-05;1.69587e-07;0.00110452;0.000847565;1.20684e-07;8.73494e-05;0.997262;4.07578e-05;9.20355e-06
4.12158e-08;0.999899;6.05141e-09;6.74441e-10;8.51098e-10;1.55017e-08;1.31293e-08;8.96306e-09;4.18503e-10;1.25014e-09;5.59003e-09;6.13196e-06;9.45107e-05;3.41757e-09
1.0863e-07;0.00100886;7.47201e-05;1.11443e-06;8.62067e-05;3.30888e-05;3.70637e-09;0.000740281;6.64304e-09;3.50339e-08;1.21468e-07;0.997966;5.80222e-05;3.12782e-05
1.18499e-05;0.977616;1.50928e-06;0.000125545;1.4257e-06;0.000361547;5.07702e-05;0.00780339;0.000249395;1.35812e-06;0.000135583;1.61906e-05;0.0136062;1.90286e-05
4.59797e-06;0.998349;2.22873e-09;1.12283e-06;2.66352e-08;1.55569e-06;5.72226e-07;0.000119969;7.55167e-07;2.26543e-07;1.38732e-07;0.000308189;0.00121389;2.10597e-07
5.44783e-05;0.0373706;0.00295717;0.000198056;7.51536e-05;0.000399442;2.35102e-07;0.00145417;1.60794e-06;1.18494e-05;1.23934e-06;0.956854;0.000382024;0.000239771
1.73248e-05;0.776594;1.37963e-07;8.44886e-05;5.88714e-06;3.56949e-05;0.000102988;0.00164305;2.17866e-05;1.11498e-05;0.000344121;1.77073e-05;0.221046;7.57621e-05
0.000156011;0.0458792;2.31404e-06;0.017904;0.314565;0.00727292;2.40107e-07;0.0559906;0.000163857;0.000101381;0.000288338;0.0910334;0.000255026;0.466387
0.00329417;0.55886;0.00092632;0.00158283;0.000710808;0.00245036;0.000259215;0.0080342;0.0147897;0.000448627;0.0159233;0.071834;0.319988;0.000898187
0.000218806;0.2707;1.59239e-05;2.44279e-05;0.0232794;0.000826985;3.02216e-05;0.622713;0.000303894;0.000170227;0.000267164;0.0691594;0.00991051;0.00238036
3.3721e-06;0.000816728;9.94414e-10;7.30996e-07;5.72579e-05;6.60939e-06;4.0116e-07;0.995973;1.14555e-06;5.15937e-07;5.96783e-07;9.29621e-08;0.00313793;1.70168e-06
1.0864e-07;1.26224e-08;1;8.10736e-09;6.80235e-11;7.41832e-12;2.81304e-08;7.79174e-09;6.29221e-08;7.6318e-10;2.42786e-08;4.81008e-09;3.08786e-09;4.57222e-11
2.05486e-05;0.00919595;0.00117216;7.33301e-05;7.17537e-05;1.60042e-05;6.24266e-07;0.0109478;0.000782583;5.97705e-07;0.00033028;0.976911;0.000141514;0.000335818
2.75114e-05;0.962332;1.18221e-05;5.27887e-05;0.000399911;0.000698638;2.44175e-06;0.00209838;1.37923e-05;5.86751e-06;0.0004342;0.014721;0.0187226;0.000479282
3.80768e-06;0.109517;0.105409;9.88886e-07;0.00010229;5.27799e-07;3.36808e-08;0.000124318;1.65802e-10;5.02914e-07;1.02632e-07;0.784764;2.35078e-06;7.51182e-05
1.69729e-06;0.968475;2.12191e-08;7.29596e-07;2.08679e-05;3.70769e-06;0.000934909;0.000344491;1.10116e-07;3.03673e-05;2.6968e-06;4.40181e-07;0.000427953;0.0297574
6.74584e-08;6.55242e-07;0.999962;9.89043e-09;5.65517e-08;1.05095e-08;5.54794e-09;3.176e-05;3.41002e-09;5.95663e-10;2.56492e-09;2.92006e-06;2.44962e-06;7.12795e-10
4.35099e-06;0.543831;4.6994e-06;1.51328e-06;0.000180101;2.00668e-05;1.35338e-06;0.0805083;2.58685e-06;5.70196e-07;5.57433e-07;0.000257696;0.375065;0.000122181
0.000435673;0.220656;0.000127902;0.00223374;0.00706954;0.000600793;0.000191302;0.37744;8.41909e-05;0.00103047;0.00022387;0.355072;0.0251937;0.00964032
0.000252189;0.000350082;0.865545;0.000689471;0.00380173;0.000491293;7.21658e-06;0.125833;0.000146809;8.31634e-06;0.00013513;0.000115067;5.62576e-06;0.00261878
1.84117e-05;0.000104434;0.000806571;1.36859e-06;0.00154435;0.00529072;7.84097e-09;0.000333892;1.01839e-06;4.86836e-07;7.97335e-08;0.000331651;2.04843e-07;0.991567
1.0947e-05;0.000332989;2.97147e-10;1.54353e-08;1.14792e-06;6.92918e-06;6.03128e-08;0.99078;1.36726e-07;7.2784e-09;1.84144e-08;5.10437e-10;0.00886699;3.01788e-07
1.84172e-08;9.18004e-07;0.999995;1.13367e-08;7.23839e-10;1.1407e-09;1.14811e-09;1.81613e-08;1.09621e-09;4.59821e-10;1.90737e-09;2.58786e-06;1.42355e-06;6.31771e-10
2.71836e-08;8.83234e-05;1.50393e-05;3.57084e-06;3.20468e-06;5.7374e-06;4.10906e-09;9.82564e-05;1.85377e-07;9.21408e-08;3.12713e-07;0.999508;2.73293e-06;0.00027484
1.19043e-06;0.765225;1.92062e-09;3.11805e-07;4.03762e-07;1.90799e-05;8.12428e-06;1.41861e-06;1.88752e-07;8.85089e-08;6.27964e-06;3.50768e-06;0.234734;4.26949e-07
4.1963e-06;0.00404471;0.000251532;1.21187e-06;0.00223592;0.000103974;6.56824e-08;0.000369778;4.11158e-08;4.91463e-07;3.91224e-07;0.991342;0.0013753;0.000270543
1.26471e-06;0.0749096;1.42312e-07;1.57191e-05;9.72648e-05;0.000654622;8.78218e-08;0.00421321;8.16827e-06;1.61877e-07;1.65084e-06;1.53448e-05;0.920071;1.19148e-05
0.000320504;0.984463;0.000318187;0.000105431;2.09704e-05;3.08192e-06;6.46789e-08;0.00187561;1.38225e-06;2.80159e-06;1.39976e-07;0.00672644;0.0058549;0.000307442
3.23233e-06;0.00421635;2.84977e-09;4.61787e-07;7.38965e-05;2.44938e-08;6.248e-09;0.995687;2.54182e-07;2.37453e-06;1.47023e-08;3.50202e-07;1.63054e-08;1.63558e-05
2.14961e-05;0.00283003;0.996609;5.46295e-05;9.60133e-06;1.67982e-05;2.36825e-06;4.17319e-06;2.68823e-07;8.5547e-05;5.96413e-05;0.000148341;0.000153663;4.65809e-06
9.96289e-07;0.00825518;1.57602e-07;7.56474e-09;3.83892e-10;5.29885e-10;0.991443;2.67098e-08;2.89448e-06;0.00016975;0.000126712;9.40344e-08;2.75173e-08;1.06405e-06
1.4571e-11;3.83512e-11;1;1.37916e-10;6.05493e-11;2.34541e-11;1.88806e-09;5.84442e-12;2.78934e-10;2.34828e-11;1.22696e-09;2.70522e-10;3.25061e-12;2.94913e-13
1.42084e-06;0.98965;2.23425e-09;4.0064e-07;1.17824e-08;1.06387e-07;3.80395e-05;1.93582e-07;3.58297e-05;1.28979e-07;5.72212e-05;0.000488666;0.00972858;1.96764e-08
1.76482e-05;0.834731;2.58142e-07;0.000119716;1.01825e-05;9.46664e-05;6.4263e-05;0.0727554;0.00029414;1.27462e-05;0.000549035;0.0661672;0.0246327;0.000551412
2.94336e-07;0.995889;1.94004e-11;6.88947e-07;6.62627e-07;1.08169e-06;8.22077e-09;0.00117236;2.24625e-07;6.13515e-08;3.66445e-06;0.000344422;0.00254128;4.62531e-05
9.46177e-06;0.000320756;3.90619e-06;2.52461e-06;0.00262218;3.14796e-06;1.03162e-07;0.00485755;8.18079e-06;3.57504e-07;2.2945e-05;0.992062;3.70962e-05;4.95207e-05
0.000418034;0.365498;0.344621;0.0021545;0.243046;0.00193038;5.89597e-06;0.000641165;7.84904e-06;0.000778526;0.000252288;0.000548211;0.0353442;0.00475373
0.000128779;0.990483;0.00504003;9.19536e-05;0.000353814;6.05424e-05;9.42178e-06;8.57294e-06;8.00459e-07;6.55814e-05;9.56318e-06;0.000589838;0.00268818;0.000469463
6.18856e-05;0.667201;0.000124192;7.11949e-08;1.34251e-06;9.58162e-08;1.71304e-05;0.00270923;5.62172e-07;1.90776e-08;7.36279e-06;0.325947;0.00393082;1.31661e-07
7.61811e-06;0.560591;1.05248e-07;5.64618e-07;0.000227834;0.00426351;1.90074e-05;0.119929;3.56221e-06;8.74282e-07;1.6474e-05;1.85235e-05;0.311993;0.00292869
2.87017e-08;1.41663e-10;1;2.2692e-10;7.6895e-11;3.62096e-10;6.02072e-10;2.29602e-09;5.99222e-09;2.03596e-11;6.06686e-10;3.57185e-07;3.73917e-08;1.06179e-10
2.33281e-06;0.0010654;8.45665e-05;1.92015e-07;1.12164e-05;2.16722e-06;1.06391e-06;0.000106976;1.09935e-06;1.16806e-07;2.7586e-07;7.77149e-05;0.000479094;0.998168
1.13253e-07;0.00051534;6.47307e-10;1.55553e-08;0.000312102;5.76656e-07;1.50933e-07;0.999166;2.99342e-06;4.36335e-09;5.68734e-08;1.53916e-06;5.56554e-07;5.63478e-07
1.29668e-10;2.81422e-08;1;8.06443e-10;3.58753e-08;1.14984e-09;1.70893e-11;4.07555e-11;9.63175e-14;3.3318e-11;2.52236e-11;1.22176e-07;1.78103e-09;5.17097e-10
1.18858e-08;0.999914;1.38501e-09;5.80556e-09;1.45817e-08;1.86977e-09;4.53154e-08;2.44643e-05;1.87359e-08;8.69661e-11;5.51467e-08;4.11004e-07;6.05049e-05;1.23341e-07
1.08129e-08;6.91666e-06;0.999981;5.7488e-08;1.04193e-07;4.51416e-09;4.41128e-09;8.6965e-08;8.28893e-08;5.38756e-09;7.25714e-09;9.74789e-06;4.46901e-07;1.66509e-06
1.75885e-08;0.999125;4.88688e-08;1.15613e-09;1.54138e-07;1.74249e-09;1.70514e-07;0.000871692;4.38088e-09;5.22027e-08;6.05468e-11;2.05884e-09;1.96213e-06;4.35638e-07
5.32252e-08;0.000133693;3.05528e-09;1.15335e-06;3.76921e-06;0.000370347;3.25854e-07;1.41496e-05;8.52917e-07;2.52965e-07;1.95511e-07;7.04207e-05;0.999186;0.000218475
3.33629e-07;3.98393e-05;0.9994;1.29128e-06;1.4252e-07;2.52626e-08;9.7694e-06;3.61769e-08;2.32847e-09;0.000371814;2.72839e-09;0.000159259;6.60568e-08;1.71833e-05
6.48788e-07;7.24534e-06;0.999812;6.42489e-06;7.63827e-08;2.90653e-07;5.74195e-06;3.00688e-08;3.63443e-05;2.81397e-07;0.000109431;1.67701e-05;4.50098e-06;1.28969e-09
2.20204e-06;0.995514;5.48745e-07;1.47094e-08;4.59879e-09;1.35352e-08;6.53473e-05;1.77092e-05;1.05789e-07;5.83478e-07;7.0662e-07;0.00029915;0.00409996;1.67618e-09
1.17468e-06;0.00349596;3.35847e-06;0.000182263;0.00126295;0.00187951;9.52674e-07;0.00703832;6.37077e-05;1.10731e-05;6.21524e-05;0.972688;0.00163144;0.0116787
1.0076e-06;0.971878;2.11907e-09;2.18411e-05;1.4298e-06;4.292e-06;5.2139e-08;0.0219146;9.66797e-06;1.24443e-07;2.36244e-05;5.39493e-05;0.0060905;1.2499e-06
1.28413e-05;0.00950517;0.00330026;2.3438e-05;6.66857e-06;6.33195e-09;1.70699e-08;4.67732e-05;8.71093e-07;3.65864e-07;1.1031e-06;0.9871;2.20012e-07;2.73163e-06
0.00177975;0.740361;4.27818e-05;0.000204551;0.000154111;1.43332e-05;1.61543e-05;0.001299;8.80977e-05;2.63161e-05;0.000107626;8.33937e-05;0.255817;5.89595e-06
3.75081e-08;0.999997;4.70663e-10;1.86733e-10;4.4835e-11;3.1267e-12;9.32983e-07;1.42361e-09;4.25335e-11;7.57169e-08;2.36415e-11;9.65418e-09;2.34855e-10;2.02823e-06
5.52535e-09;3.00521e-10;1;4.12511e-10;5.83443e-09;1.3092e-10;4.2841e-09;8.18244e-09;2.24937e-10;7.15985e-11;4.08349e-11;2.72912e-07;9.64429e-12;2.13458e-11
6.06771e-06;0.834804;2.61863e-08;3.03438e-07;1.34478e-06;4.45689e-05;5.94654e-05;0.0183583;6.30796e-07;1.39702e-06;1.54073e-07;9.28438e-10;0.146699;2.47413e-05
3.10059e-09;4.26302e-10;1;6.94027e-10;2.0273e-11;7.90071e-11;1.54927e-09;1.80147e-11;6.93652e-10;3.12805e-10;5.49793e-10;1.78523e-08;1.26488e-08;2.4187e-11
1.91419e-09;2.82623e-08;0.999969;7.94178e-08;3.58605e-07;1.21989e-07;2.58414e-10;3.10447e-06;6.77855e-09;1.10723e-09;2.15375e-09;2.37309e-05;2.49352e-09;3.82482e-06
7.81206e-09;1.44099e-05;1.83213e-05;1.17922e-07;5.04403e-05;0.00655081;7.59042e-11;7.36021e-07;1.24922e-09;1.48534e-07;6.18464e-10;1.10577e-07;1.05657e-07;0.993365
2.41549e-05;0.161031;2.25579e-05;2.64094e-05;9.30235e-05;0.000332697;9.67668e-07;0.0178854;1.06488e-06;1.24895e-06;0.000275713;0.00221203;0.818009;8.44357e-05
1.34438e-06;0.975938;5.7365e-10;4.63513e-06;1.44728e-05;6.81256e-05;1.51028e-08;0.015723;1.34443e-07;4.73484e-07;8.29669e-08;1.29499e-05;0.00817163;6.48585e-05
1.79789e-05;0.0988674;2.9293e-05;6.63146e-06;5.78195e-07;3.32172e-06;1.28259e-07;0.000663153;5.58782e-08;4.49573e-07;2.56532e-05;0.0110555;0.889326;3.67999e-06
4.48158e-05;0.970076;7.3594e-09;9.01282e-06;1.80453e-05;4.12089e-06;0.0193513;2.76127e-05;1.82356e-05;0.000847205;6.54447e-05;1.07049e-05;0.000180942;0.00934673
5.87859e-07;2.86743e-06;0.999984;3.40676e-07;2.12755e-07;6.50273e-07;5.34246e-06;2.47345e-06;1.01161e-08;3.44357e-07;1.18013e-07;3.90402e-08;2.43201e-06;4.19236e-07
2.20087e-10;1.48146e-10;1;3.40329e-11;1.19431e-11;1.72869e-12;8.4441e-11;2.60032e-11;2.44235e-12;3.39927e-12;1.61146e-11;7.30581e-10;1.08568e-11;3.63676e-11
4.34827e-10;1.50192e-07;0.99993;1.63462e-09;7.13542e-09;1.06552e-07;2.5919e-10;3.74063e-08;6.97269e-11;2.37056e-10;1.15145e-10;6.83095e-05;2.89368e-10;1.59925e-06
1.93894e-08;0.000547763;2.48395e-09;6.90951e-08;4.84808e-05;0.000176131;3.45456e-06;3.71359e-07;1.3941e-08;4.41631e-06;6.12643e-08;1.87403e-11;2.23121e-07;0.999219
2.75928e-11;8.05004e-12;0.999997;3.84201e-12;1.44369e-11;2.60665e-11;5.60166e-13;3.98137e-11;8.32917e-13;1.04123e-12;1.76088e-12;2.84313e-06;9.55522e-12;5.16725e-13
1.65969e-05;0.124757;2.15657e-06;5.6479e-05;5.6686e-05;0.000925362;1.10524e-06;0.842645;0.000342117;1.19206e-06;7.37551e-05;0.000833573;0.0302797;9.82194e-06
0.000126398;0.994688;6.03177e-05;7.86939e-05;1.76546e-05;1.10461e-05;2.6685e-07;0.00138907;2.51878e-06;1.34835e-05;6.12607e-07;0.000264709;0.00305511;0.000292512
6.81462e-07;0.000104527;7.97637e-09;1.64586e-07;3.41706e-05;1.14051e-08;2.25007e-08;0.999854;3.00023e-08;5.80173e-06;3.75171e-09;6.19838e-08;2.31619e-08;8.88961e-07
1.00521e-06;1.33267e-05;0.999648;2.67686e-05;2.65523e-05;9.83412e-06;1.0202e-06;3.10065e-08;3.94892e-08;0.000250542;1.97355e-06;1.28664e-05;1.85419e-07;7.86387e-06
9.77042e-08;1.0406e-05;2.10026e-09;4.27752e-10;1.12607e-11;2.3267e-11;0.999941;4.03931e-11;1.39915e-06;3.98579e-05;7.76291e-06;5.22186e-10;7.44743e-09;1.02623e-08
1.27929e-10;4.91809e-11;1;5.933e-10;1.0933e-11;6.95096e-12;4.66775e-08;6.22763e-13;1.01533e-08;1.80831e-10;2.39169e-08;1.27132e-09;2.65335e-11;2.25196e-13
2.00044e-07;0.999959;8.25432e-10;4.02492e-08;1.80567e-09;5.7925e-10;7.45962e-08;1.19069e-05;7.53721e-08;8.90218e-09;3.68835e-08;2.84409e-07;2.88201e-05;4.86827e-10
1.48998e-08;0.999935;1.43333e-10;3.49665e-09;2.94798e-11;4.76513e-11;1.01926e-06;6.39095e-08;1.44043e-10;6.10241e-06;1.09634e-10;4.8073e-08;7.00618e-10;5.80618e-05
2.25337e-09;8.46891e-10;0.999999;1.17346e-08;5.22541e-08;7.27678e-11;4.54612e-08;9.04491e-08;1.1807e-08;5.01687e-08;3.71794e-09;3.77334e-07;2.88438e-11;2.474e-11
0.000132837;0.790481;0.0117497;0.000251143;0.000521286;0.00016461;0.000499606;0.00395556;4.85877e-05;0.000211004;0.000427501;0.00367014;0.187885;1.07649e-06
1.86216e-05;0.974957;2.75801e-06;3.71924e-06;8.7552e-06;1.26715e-05;0.0122281;0.00446097;1.49466e-06;0.00219425;2.04469e-06;0.000112499;0.00386137;0.0021354
1.88581e-09;1.79852e-09;1;8.27786e-09;4.82285e-08;6.04144e-08;1.26414e-08;3.70068e-09;1.77581e-10;3.23027e-10;6.19985e-10;6.73957e-08;1.37126e-09;1.40196e-08
7.44287e-06;0.250477;6.11412e-09;2.75233e-07;5.95369e-06;0.000329029;2.0232e-06;0.0358648;4.98055e-07;1.22794e-07;2.16455e-07;2.87282e-07;0.71304;0.000272352
1.2571e-09;2.38746e-10;0.999999;5.06811e-10;6.80382e-12;8.95852e-11;2.7964e-11;1.41808e-11;3.88615e-10;2.3984e-11;1.05531e-10;1.08893e-06;9.07165e-10;6.70005e-10
4.32143e-09;4.84337e-07;1.59002e-06;1.36302e-08;1.89169e-06;5.37663e-07;1.13348e-09;1.31598e-06;1.38511e-09;3.14445e-09;1.67132e-09;3.48758e-07;1.54247e-08;0.999994
1.45926e-08;5.36854e-05;1.00587e-10;3.27928e-09;4.17306e-05;1.27017e-07;4.41416e-09;0.999904;3.9077e-08;6.80247e-10;5.23425e-09;1.73073e-07;5.58386e-08;5.31844e-08
2.32222e-10;1.04959e-07;0.999999;1.09528e-09;4.61537e-08;9.44245e-09;1.45051e-11;1.30304e-10;5.87417e-14;7.56897e-11;1.58705e-11;9.01637e-07;8.69997e-09;2.92044e-09
3.89909e-08;0.998456;1.74841e-08;1.86703e-08;1.30835e-07;1.74296e-07;4.31717e-08;3.95085e-05;1.96148e-08;4.92885e-10;7.50321e-08;3.54122e-06;0.00149395;6.4706e-06
2.93949e-06;0.935314;8.23358e-09;4.27744e-06;5.76161e-05;1.31403e-05;3.56991e-06;0.00306375;3.814e-06;1.19035e-06;2.37307e-06;0.000171218;0.0612799;8.24476e-05
6.03178e-06;0.807457;4.23935e-07;0.000101165;0.00588154;0.000101158;1.41334e-07;0.0217396;1.93421e-07;6.52697e-05;5.81805e-08;0.0125997;0.149619;0.00242928
2.4194e-05;0.00741677;6.97245e-08;0.000451614;1.28948e-05;0.000190298;3.47409e-05;4.26223e-05;0.000126094;5.13636e-05;0.000530023;0.000642617;0.990431;4.58204e-05
6.41787e-06;0.00278677;0.997124;1.94976e-05;2.75855e-05;2.85544e-07;9.25007e-07;1.77228e-07;9.4272e-08;7.98416e-06;1.79095e-07;1.24051e-05;1.92548e-08;1.36794e-05
1.88981e-06;6.0995e-06;0.999977;1.0289e-07;1.0667e-06;1.8881e-09;7.79067e-06;6.268e-07;1.44419e-06;4.03172e-08;1.49032e-06;2.57459e-06;9.80358e-09;7.37498e-08
1.27592e-05;0.651933;7.67238e-08;4.08589e-07;3.0743e-05;1.45527e-05;2.98893e-06;0.0139232;1.68708e-05;4.68503e-07;8.15973e-06;0.000283706;0.323699;0.0100743
3.79417e-09;0.000306478;1.55616e-09;1.56089e-09;6.91977e-06;1.52177e-09;4.84965e-10;0.999562;2.32943e-09;3.20661e-09;7.53072e-10;0.000114621;2.96477e-08;9.6221e-06
2.9841e-07;0.000107523;0.954402;0.000208609;0.0341415;0.00135822;1.04864e-07;0.000142573;7.32105e-08;9.0187e-06;2.83308e-06;0.00810425;5.41588e-06;0.00151799
6.11491e-05;0.413587;5.03447e-05;1.46458e-06;7.57149e-05;0.000399535;8.96924e-05;0.230093;7.98416e-05;7.60749e-06;0.000131787;0.00046219;0.35493;3.12872e-05
2.11052e-06;0.000437585;3.09599e-07;1.36007e-06;6.80935e-06;3.81486e-06;2.24423e-07;0.0474981;8.21938e-07;4.33354e-08;5.18569e-06;0.000175386;0.951866;2.24873e-06
8.20096e-05;0.00183798;0.000321958;1.77096e-05;8.36791e-06;2.78157e-06;1.55577e-06;0.000716595;0.000124124;2.86955e-06;0.000112278;0.991684;0.00507935;8.61195e-06
8.78629e-06;0.00578476;7.6993e-08;5.92224e-07;3.53117e-06;4.86954e-07;2.68701e-06;0.993289;0.000149178;1.04745e-06;0.000361107;7.00142e-05;0.000326394;2.6266e-06
2.35134e-06;0.997887;3.31305e-08;5.42956e-07;1.40136e-06;2.71171e-07;2.47229e-05;0.000937357;5.40407e-09;0.000229999;3.41117e-07;6.09115e-07;0.000102271;0.000812706
2.16149e-10;1.64272e-11;1;4.26237e-11;1.47267e-11;5.7235e-13;9.64912e-10;9.70352e-12;4.73336e-12;2.32072e-10;1.31563e-10;2.18103e-08;8.63593e-13;8.33818e-12
9.93779e-05;0.528125;4.56291e-06;7.98322e-06;3.57357e-05;7.94546e-06;0.000352284;0.454662;0.000343934;4.0421e-05;0.000103528;0.000215492;0.0158977;0.000104082
1.50062e-05;0.329933;4.97959e-06;0.00121851;0.0326806;0.00117909;1.36114e-05;0.0837994;0.000242204;0.000194599;0.000658195;0.0226863;0.00400416;0.52337
2.3923e-06;0.0019054;3.18727e-08;6.76469e-07;9.77206e-09;2.22982e-06;1.1495e-05;8.2014e-07;4.09912e-06;5.03973e-07;4.2662e-05;0.000246305;0.997783;6.37222e-09
8.93587e-05;0.00482455;0.978339;0.000101525;1.62024e-06;1.54415e-07;0.00918536;1.11912e-07;4.44174e-06;0.00344761;4.26392e-06;0.00393428;1.17134e-06;6.64897e-05
5.16574e-07;2.52069e-08;0.999894;6.93852e-07;2.1058e-07;2.60957e-09;3.41063e-06;6.53744e-08;9.23403e-05;2.94064e-08;7.24068e-06;1.6703e-06;4.23896e-08;4.03331e-10
1.66242e-06;0.998;3.51293e-09;8.03712e-07;5.93259e-07;5.39232e-07;0.000158784;0.00121525;1.30692e-05;0.000484438;1.41853e-06;5.38753e-08;3.73149e-05;8.63006e-05
2.44098e-10;5.25132e-11;0.999999;2.63907e-09;1.43726e-09;8.8908e-10;6.63661e-10;3.81081e-10;9.43876e-11;2.29449e-09;4.87703e-10;7.91611e-07;1.37489e-10;1.4545e-08
5.29478e-06;0.614452;6.9344e-05;1.90632e-06;2.55698e-05;2.61057e-06;6.7839e-07;0.336355;9.87162e-06;4.27421e-08;1.6593e-05;5.02159e-05;0.0489889;2.21201e-05
1.89815e-09;0.999071;2.25712e-11;1.16232e-09;2.40758e-10;3.038e-10;2.21699e-06;7.14606e-10;8.59795e-10;2.58118e-07;6.5192e-09;3.5417e-07;2.63171e-07;0.000925609
4.80047e-06;0.00298397;2.20852e-06;4.59521e-05;2.44678e-07;4.60974e-07;0.943895;9.06484e-07;0.016289;2.52424e-05;0.0330403;0.000963461;0.00274837;1.41856e-07
4.56521e-07;0.438701;7.41846e-12;3.67191e-09;1.51957e-09;1.12334e-08;1.28495e-06;3.92858e-06;1.80531e-06;1.05802e-09;1.70988e-07;1.50802e-07;0.561292;1.43919e-11
9.44162e-07;0.000366597;0.0742879;1.09865e-06;6.40054e-05;6.93811e-07;9.86156e-09;8.03974e-06;3.88614e-09;3.59213e-07;5.62744e-10;0.925239;9.35272e-08;3.1532e-05
1.44614e-05;0.734718;3.45671e-09;2.34736e-06;6.87444e-05;8.14026e-05;3.45959e-06;0.0080698;6.06533e-05;4.81456e-07;1.00041e-05;6.69213e-05;0.256885;1.89224e-05
0.000992652;0.0332984;0.00581062;0.000484276;0.000121671;6.91854e-05;6.1774e-05;0.874014;0.00111482;0.000216294;5.33497e-05;0.0652473;0.018307;0.000208515
0.00171529;0.0297207;2.26171e-05;0.0762219;0.03594;0.282345;3.55849e-05;0.14775;0.046729;0.000121512;0.00263864;0.260599;0.0838373;0.0323232
0.000118731;0.995285;2.12941e-06;3.14717e-06;8.02514e-07;1.2729e-05;2.78712e-08;8.22193e-05;4.32032e-07;2.17136e-07;2.17573e-08;0.000518931;0.00335627;0.000619755
1.131e-05;0.0040519;2.88521e-08;2.0655e-05;0.00232177;1.96206e-07;1.70356e-07;0.993206;1.88181e-05;2.53697e-06;2.64775e-06;0.000248406;3.86101e-05;7.69695e-05
1.26695e-05;8.47316e-05;0.844164;0.000162139;0.139985;0.000959689;6.12083e-07;2.20106e-05;2.69061e-07;4.26321e-05;6.5532e-06;0.0142383;1.41931e-05;0.000307692
1.0066e-06;0.00743081;1.98144e-07;4.68097e-09;1.80093e-08;3.52266e-09;0.992503;9.84985e-07;7.14235e-06;5.34107e-05;2.56492e-06;7.77386e-10;8.09559e-08;2.07428e-07
8.12089e-11;5.8191e-12;1;8.20504e-11;3.7064e-12;1.97664e-12;6.76267e-09;1.27078e-12;5.05625e-09;1.16384e-11;2.12477e-09;4.15273e-08;1.82559e-13;2.75697e-12
2.07975e-05;0.0563268;4.83189e-08;1.18989e-07;2.55781e-06;3.70326e-07;8.39409e-07;0.943155;9.25829e-05;2.21354e-07;1.38535e-06;2.39031e-07;0.000396348;2.35132e-06
3.63377e-07;0.00843391;0.000351181;1.40608e-07;3.38743e-06;7.31661e-08;2.71961e-09;0.000134051;1.63927e-07;7.81628e-09;8.94594e-07;0.991043;3.20725e-05;1.14667e-06
2.03384e-08;0.998786;4.12977e-10;9.04182e-10;4.80829e-08;9.16472e-09;8.75549e-06;4.46719e-07;8.2434e-10;1.31502e-06;3.54775e-10;5.10987e-11;1.82151e-07;0.00120309
2.07578e-11;6.23269e-12;1;3.52325e-13;2.27279e-10;6.29445e-14;2.52133e-12;2.36029e-13;7.79764e-13;3.17638e-13;6.18761e-14;1.33147e-08;3.539e-13;4.19128e-13
2.76192e-05;0.000884679;0.000225155;3.76185e-06;0.00187419;0.00962578;3.60605e-06;0.980339;0.00404081;3.25257e-06;4.91365e-06;0.000383957;0.00198381;0.000599756
6.99407e-05;0.00147433;1.08863e-08;1.71683e-06;1.43951e-05;1.60573e-05;3.14992e-06;0.976076;0.00363345;6.66761e-08;7.68725e-06;1.29112e-06;0.0186575;4.38471e-05
0.000835056;0.0195653;4.06818e-07;3.21331e-05;1.60837e-05;1.31892e-06;5.13023e-06;0.00685207;0.00888239;1.48853e-06;5.43901e-05;0.955326;0.00831657;0.000111728
4.59841e-07;0.999636;5.32106e-08;4.41158e-09;1.3618e-10;1.90914e-10;4.79024e-08;1.28702e-06;2.10041e-08;6.8437e-09;1.05126e-08;0.000106345;0.000255343;1.99888e-07
1.0976e-07;0.000252054;1.28357e-08;1.73283e-06;9.31356e-06;1.77226e-07;5.12914e-05;1.05207e-05;9.35246e-08;0.000398004;5.57891e-08;4.93557e-06;1.12167e-09;0.999272
2.83874e-06;3.72512e-07;0.999975;9.10409e-07;1.67484e-08;1.04406e-08;9.46577e-07;6.13345e-06;1.04857e-05;6.92156e-09;2.07567e-06;4.26612e-07;9.11876e-07;1.23776e-10
4.06701e-05;0.990104;0.00837819;1.93735e-05;9.972e-06;8.36718e-07;1.21432e-06;7.65874e-06;1.87011e-06;2.61923e-06;1.12727e-06;2.76745e-07;0.00132598;0.000106563
6.67092e-08;0.00326246;2.71219e-08;8.11391e-11;9.14706e-10;1.29159e-10;1.46504e-08;1.23428e-08;2.77069e-09;6.77969e-10;4.32789e-10;0.996709;2.8547e-05;7.96197e-08
3.37951e-06;0.00163731;1.34844e-08;1.60223e-07;0.00220494;2.02188e-05;1.80783e-06;0.995015;4.65095e-05;1.66592e-07;4.40877e-07;3.99285e-05;0.00102893;1.05862e-06
0.0005848;0.424067;0.555734;0.000304495;0.00136436;0.00373163;8.46513e-07;0.00381671;1.11526e-05;1.56813e-05;5.86661e-07;9.55287e-05;0.00884331;0.00143006
0.00406994;0.0960321;0.67322;0.000383658;0.000915184;7.26181e-05;7.91302e-07;0.0123251;4.52399e-05;3.38308e-06;9.04918e-06;0.210739;0.00124943;0.00093475
0.000162866;0.0841595;0.00059081;5.52812e-06;2.31489e-05;3.31655e-06;6.55676e-06;0.145314;0.00113293;8.49892e-07;0.000934153;0.765698;0.0019664;1.90537e-06
1.04491e-05;0.358303;4.79495e-06;2.73963e-06;1.80621e-05;0.000263787;0.000761591;0.0591524;0.000116736;8.13914e-05;0.000128551;5.1513e-06;0.580116;0.00103532
4.45152e-08;4.55556e-09;0.999997;3.98113e-08;6.60944e-10;3.90069e-09;6.19136e-07;9.40168e-10;4.17259e-07;2.50838e-08;2.42101e-07;1.41885e-06;4.11647e-07;5.98984e-10
1.09173e-07;2.90833e-06;0.998856;8.09546e-07;1.71597e-06;1.96586e-07;6.8925e-08;0.000917671;2.07822e-06;7.09341e-09;3.40752e-07;0.000216824;1.21687e-06;2.78541e-07
7.96494e-09;0.000136964;5.59926e-05;3.55174e-08;6.83966e-06;0.00034068;3.97324e-11;1.44247e-06;2.41671e-09;1.38421e-07;1.92358e-10;1.52998e-05;7.38895e-09;0.999443
1.28494e-05;0.000799921;1.04074e-08;2.01459e-06;2.37476e-05;1.06792e-05;5.51475e-08;0.993315;4.88376e-05;3.10856e-08;0.000102725;0.00012073;0.00554897;1.42685e-05
2.58402e-08;2.57985e-05;1.07354e-11;4.35699e-11;8.64664e-10;9.55415e-12;9.21254e-11;0.999973;5.44126e-09;3.70164e-11;3.90756e-11;2.53966e-10;1.18638e-06;5.5493e-12
9.30145e-08;0.00274519;3.88605e-07;1.0755e-05;0.000254157;0.000372426;6.8891e-08;0.000438024;7.98314e-09;1.01098e-05;2.23712e-08;1.41175e-05;0.000144844;0.99601
2.25866e-09;1.52394e-07;0.999999;1.84948e-08;4.99716e-12;1.37639e-11;9.74681e-08;1.46231e-10;2.11181e-09;1.3979e-09;4.01906e-08;1.86128e-08;2.25762e-07;5.11545e-13
1.72923e-08;3.25811e-06;0.999923;1.66488e-06;6.40767e-07;5.78195e-09;6.8846e-08;2.09266e-05;4.91352e-08;3.73987e-09;9.58753e-08;4.51431e-05;7.01494e-08;4.57297e-06
3.55431e-09;6.26052e-05;6.43109e-07;5.6252e-08;4.18061e-05;0.000119362;1.33907e-10;9.50545e-05;1.83413e-09;1.23947e-08;3.26861e-10;2.43436e-07;7.85317e-07;0.999679
7.73865e-07;0.998156;1.12406e-05;4.71478e-07;4.81152e-06;6.87455e-07;7.03142e-09;3.06589e-05;2.29592e-10;4.35721e-09;1.90027e-07;0.000275596;0.00133297;0.000186023
3.21211e-08;0.993313;3.96185e-11;6.44428e-09;3.26471e-09;3.99442e-09;5.45924e-07;1.8528e-07;3.90541e-11;3.27314e-07;2.99553e-10;5.93191e-10;1.09732e-08;0.00668569
7.61065e-11;1.2111e-10;1;1.54424e-09;7.90586e-11;5.94376e-12;3.41135e-11;1.09426e-11;9.72046e-12;2.92212e-11;1.78814e-10;5.81047e-08;2.43423e-12;5.15922e-11
3.92028e-08;0.00227214;3.04706e-08;1.11047e-07;3.86348e-08;3.07289e-07;1.28371e-09;4.8329e-07;3.87128e-11;2.70774e-09;1.32013e-08;1.36339e-08;0.997727;3.35912e-08
3.6183e-06;0.114916;6.87789e-05;6.84979e-06;2.43362e-05;3.79941e-07;1.03969e-06;0.00795609;5.58069e-08;5.95874e-07;2.95849e-06;0.873844;0.00263192;0.000543314
7.34822e-06;0.121668;1.73313e-06;0.0074416;0.10386;0.0410344;1.50755e-06;0.277209;1.53682e-06;8.56743e-06;0.000530999;0.00464311;0.439718;0.00387447
2.02174e-06;9.87817e-05;3.66465e-07;1.58556e-07;4.42514e-08;1.02422e-06;1.34623e-06;2.88144e-05;5.30244e-09;2.65843e-06;1.31123e-07;2.91043e-08;0.999859;5.70018e-06
1.76737e-10;1.4928e-10;1;2.42236e-10;1.15316e-13;1.38142e-12;4.68581e-11;8.10007e-12;4.20529e-11;3.01723e-11;2.77612e-10;4.80676e-11;2.39493e-09;6.79718e-14
1.99992e-07;0.000125081;0.00660745;5.12196e-06;9.98268e-07;6.84265e-07;5.19574e-09;4.39582e-05;3.64792e-07;4.92622e-08;6.0562e-07;0.992949;2.31326e-06;0.000264245
4.24482e-05;0.0274019;6.1689e-06;1.84032e-05;0.0012124;5.52253e-05;6.76166e-06;0.97038;1.16947e-05;7.17403e-05;3.19558e-05;9.43693e-05;0.000131397;0.000535294
2.78323e-05;0.000757118;0.968188;4.31997e-05;0.0151205;0.0051415;1.14335e-09;3.97943e-05;1.24818e-09;3.3335e-06;4.69225e-07;0.00085171;0.000683239;0.00914299
3.68216e-08;0.99999;3.08068e-09;4.65167e-11;1.02033e-10;5.91996e-10;4.12026e-06;9.55287e-07;9.98431e-11;1.24095e-07;5.64684e-11;4.062e-12;4.71421e-06;2.33237e-07
1.89699e-15;7.11208e-14;1;2.35907e-15;4.82201e-15;1.47711e-15;1.07093e-15;2.30947e-15;7.90579e-17;4.33206e-15;1.87196e-17;1.57277e-13;8.8627e-15;3.06024e-16
4.44714e-05;0.780483;0.000450062;0.000527702;0.000795563;0.00898499;0.00125035;0.0483426;0.0338799;0.0002423;0.00173596;0.0007006;0.122418;0.000144718
