1.13063e-05;0.975354;2.68418e-08;2.69138e-06;1.09658e-05;4.97215e-07;2.42344e-07;0.0204678;2.72145e-06;1.48948e-07;3.47965e-06;0.00106227;0.00303922;4.44678e-05
2.06227e-05;0.098563;3.19607e-07;1.79475e-05;8.15859e-05;0.000143855;3.59152e-06;0.00388896;4.96257e-07;1.47489e-05;1.46071e-06;3.62215e-05;0.893331;0.00389647
9.51682e-07;4.06248e-05;6.50412e-06;5.01223e-06;5.90149e-06;0.00103265;1.56173e-07;1.46123e-05;1.30738e-07;1.57967e-06;7.46315e-06;0.998222;0.000146318;0.000515905
8.51827e-07;0.99974;6.45923e-07;1.25886e-08;1.59161e-10;1.78003e-08;0.000247054;4.60283e-06;2.20482e-07;8.63724e-07;6.17479e-07;4.37537e-10;3.43663e-06;1.69248e-06
1.44244e-10;9.16013e-09;1;1.18796e-10;1.04094e-12;1.0361e-11;3.30766e-07;8.65924e-13;1.807e-10;1.42118e-08;1.16085e-09;1.14786e-10;2.70523e-13;8.67822e-11
3.88674e-10;6.18675e-08;1;8.33698e-10;1.36814e-10;8.162e-11;2.04393e-08;2.59643e-10;2.80484e-09;1.8709e-10;3.69583e-09;2.20481e-07;1.37103e-08;3.19854e-12
1.41179e-06;0.0242638;0.0055995;7.72898e-06;0.000161465;0.00094026;3.70174e-07;0.000143289;7.21349e-07;3.36025e-06;4.10455e-06;0.954583;0.00272199;0.0115686
4.92818e-07;0.474046;1.0579e-06;0.000146885;0.00155715;0.00661779;2.52402e-05;0.400176;2.34741e-06;0.000256853;3.02581e-05;0.000240864;0.0146073;0.102292
9.32489e-06;0.0134348;8.91543e-06;0.0023626;0.000647685;0.225929;0.00236338;0.00161442;5.80341e-05;0.000893865;0.00400346;0.0393002;0.709016;0.000358088
8.03978e-06;0.0723589;0.926037;9.44145e-05;5.6277e-06;3.79846e-06;4.69809e-07;6.21921e-05;6.54018e-08;9.28694e-06;3.03764e-07;0.000846561;0.00055088;2.29622e-05
3.05506e-05;0.163278;3.40504e-07;5.30081e-06;2.5832e-05;8.47813e-06;2.84118e-06;0.00901871;2.55663e-05;1.56985e-06;9.55397e-05;0.00367614;0.823828;2.63356e-06
2.00794e-05;0.0861984;2.20869e-06;1.87572e-05;0.00332784;0.000584003;1.17402e-05;0.88894;0.00126841;3.91687e-05;0.000143684;0.0173048;0.00182395;0.000317503
2.40598e-06;0.994774;6.78214e-08;2.43543e-06;1.47307e-05;2.76499e-06;1.19723e-06;0.000366155;5.58027e-06;5.24475e-06;1.21525e-05;0.00404027;0.000770487;3.01347e-06
4.96252e-05;0.00589149;0.000142993;2.96463e-05;0.000825443;2.40577e-06;3.57065e-07;0.0304493;3.17807e-05;4.08618e-06;0.0014588;0.960338;0.000776146;1.41816e-07
0.000159303;0.00569007;1.72064e-06;2.04289e-06;5.82768e-06;8.76439e-06;8.17852e-06;0.950198;0.00063254;4.37527e-06;0.000266833;0.000924925;0.0420971;1.24729e-07
2.02144e-06;0.997927;2.76707e-08;1.6081e-07;1.31497e-08;1.96279e-08;0.00153884;1.05397e-06;5.64994e-08;0.000521175;9.00809e-08;4.43513e-07;6.55672e-06;2.15542e-06
1.65921e-08;9.72665e-10;0.999999;7.02459e-08;2.74786e-09;3.03658e-09;1.42567e-07;4.11003e-09;4.74522e-08;3.25068e-08;6.22851e-08;6.79134e-07;1.46813e-10;1.1458e-08
2.85326e-05;0.97643;1.20106e-07;4.41257e-05;4.80046e-06;3.58619e-07;0.000130415;0.0137956;0.000106655;4.12945e-06;0.000420732;1.9446e-05;0.00900874;6.85464e-06
1.64756e-05;0.988218;3.37692e-05;0.00228327;0.000331039;0.00011191;9.20192e-05;0.00440747;0.000115189;5.23947e-05;2.64823e-05;0.000196639;0.00395077;0.000164103
8.28241e-06;0.000139467;3.26688e-07;0.000424617;8.66643e-05;2.26897e-05;1.19448e-06;0.998873;4.61114e-06;2.36863e-06;9.6014e-05;6.4396e-05;5.74741e-05;0.000219408
3.70992e-05;0.996003;1.22199e-08;7.41807e-05;2.95346e-05;6.6208e-08;3.72742e-05;0.00349844;1.01666e-05;5.64009e-06;0.000244582;6.18218e-06;2.07762e-05;3.34468e-05
2.26252e-05;0.0184217;0.000150077;4.44841e-05;2.60595e-05;7.08097e-06;1.55831e-07;0.000160751;4.69736e-07;1.46105e-06;4.90844e-06;0.000414224;0.980743;3.40059e-06
7.64804e-06;0.0645633;4.7644e-07;1.877e-06;1.98795e-05;3.36614e-09;1.9744e-07;0.0727086;2.13869e-05;6.58945e-08;1.0145e-05;0.86266;6.47365e-06;1.33864e-07
5.19735e-06;0.00114065;0.0876515;0.000442852;0.336941;0.00167805;3.66229e-07;0.572018;5.31065e-08;2.17326e-05;5.65553e-06;5.41576e-05;7.63991e-06;3.27302e-05
5.89019e-06;0.000401534;0.776823;1.46861e-06;2.45704e-06;0.000136214;4.02149e-07;6.51901e-06;4.7897e-09;2.22723e-06;8.42755e-07;1.84895e-07;0.222618;5.70123e-07
1.39429e-09;3.09891e-11;1;4.25632e-10;3.34201e-11;1.15512e-09;4.46597e-10;5.18391e-11;5.42348e-10;3.9502e-11;1.19674e-08;2.68935e-08;1.41119e-07;1.87726e-12
6.34529e-10;1.67658e-08;0.999966;1.46734e-08;1.18088e-08;5.80383e-09;5.3956e-11;8.44162e-06;1.23564e-09;5.2211e-11;1.49102e-08;2.50785e-05;8.57218e-08;3.30838e-09
1.93245e-08;0.000580395;0.000233134;2.26208e-07;3.89566e-05;0.00732278;1.26508e-09;2.63698e-07;8.23287e-09;1.27682e-07;5.47056e-08;1.17106e-05;5.38148e-06;0.991807
6.61587e-09;0.000228253;1.8695e-12;5.23575e-10;1.06192e-07;2.75083e-05;1.13915e-10;0.00883108;5.77856e-11;1.77914e-10;1.6478e-08;2.10642e-09;0.990913;5.32113e-08
1.0811e-09;2.48973e-08;1;4.62407e-09;2.67339e-10;1.76442e-08;2.32145e-10;1.77568e-09;5.23009e-11;2.23437e-10;7.85455e-10;1.32427e-08;2.75037e-07;2.13349e-09
7.8716e-09;0.000157403;0.00824619;3.73503e-07;8.88872e-07;7.81688e-07;9.88621e-10;5.99606e-06;3.57036e-09;3.08416e-09;1.9492e-08;0.991572;3.82605e-06;1.28097e-05
5.94937e-06;0.675116;6.39849e-06;1.62969e-05;0.000187571;0.0060618;1.21483e-06;0.000796691;8.67535e-07;2.95472e-06;8.31736e-06;4.00259e-05;0.317713;4.2998e-05
1.5793e-07;0.000469125;0.777064;1.15832e-08;5.75202e-05;3.7458e-08;2.75695e-10;4.57345e-06;9.14507e-13;1.4975e-08;4.10281e-10;0.221669;5.94254e-08;0.000735794
6.53985e-07;0.937553;2.2473e-08;7.358e-07;0.000373305;1.33701e-05;0.0451408;0.00461601;2.65799e-07;0.000791249;8.57623e-07;3.43147e-09;1.35731e-05;0.0114959
4.052e-09;1.55473e-08;0.999999;1.03869e-08;1.52308e-08;1.43523e-09;1.50822e-10;2.3921e-07;3.72354e-10;7.48586e-11;3.08381e-10;1.02808e-06;2.4611e-08;1.74795e-10
7.05782e-08;0.999266;2.50516e-08;1.14055e-06;1.957e-06;3.03424e-09;5.07814e-10;0.000702284;1.51288e-10;2.50719e-08;6.87729e-11;1.12943e-07;2.8449e-05;1.97893e-07
5.93595e-08;0.00634121;1.29968e-05;2.50302e-06;7.74004e-06;2.43521e-06;1.79465e-11;1.16656e-07;4.74186e-11;1.38645e-08;6.11187e-09;0.000321058;0.993312;3.5616e-07
8.71332e-09;1.6362e-05;4.4469e-10;2.06203e-07;0.000218306;1.43065e-08;6.40664e-09;0.999299;1.12444e-07;1.39479e-08;7.32459e-07;0.000464734;1.05167e-07;6.72706e-08
4.86799e-07;0.000881848;0.990409;3.75155e-05;0.00191443;0.0048514;5.12158e-08;0.00034252;6.8963e-10;1.53705e-06;1.84314e-07;0.00151831;3.41737e-05;8.64748e-06
2.37632e-06;0.00330263;1.22812e-08;3.79937e-08;8.42159e-08;5.26339e-08;2.06983e-07;2.09642e-05;3.31616e-07;1.05989e-09;3.39949e-06;1.12087e-05;0.996658;4.52393e-07
0.00020143;0.0474853;5.4368e-05;1.77636e-05;4.85656e-05;2.57641e-05;3.54875e-07;0.0121215;2.47475e-05;2.7498e-06;8.46115e-06;0.925998;0.0137774;0.000233664
5.45615e-08;1.44722e-06;0.999996;1.52294e-08;4.69615e-07;1.09695e-09;3.21394e-10;3.62541e-07;1.43609e-09;3.96359e-09;3.60872e-09;1.98505e-06;5.52284e-08;1.39209e-08
1.18251e-09;0.999909;1.45088e-09;3.59633e-10;9.42455e-09;1.08381e-10;9.76196e-08;1.05469e-10;1.31735e-12;5.04475e-07;1.72527e-11;2.46798e-11;9.03231e-11;9.0737e-05
5.72968e-10;5.24548e-11;1;7.86987e-12;6.79735e-12;7.90655e-13;1.83257e-08;1.8629e-11;1.08286e-10;4.52667e-11;6.5154e-10;4.4214e-07;1.59816e-11;9.89246e-12
4.1896e-05;0.00143877;2.89952e-06;1.9305e-06;0.000364037;0.000174715;0.00663783;0.955415;0.00736101;2.36279e-05;0.00336421;6.64093e-06;0.0251509;1.68214e-05
9.18938e-06;0.0188862;6.85147e-06;1.6852e-06;7.58639e-06;5.10981e-07;2.9953e-07;0.975271;4.5402e-06;2.24403e-08;4.55465e-06;0.000131747;0.00567545;6.56905e-07
2.14408e-07;0.999828;4.55905e-11;5.37763e-07;1.06991e-07;8.25752e-08;1.48458e-08;8.23288e-05;7.90964e-08;1.46457e-07;5.02132e-09;7.19449e-05;1.59181e-05;2.3259e-07
9.29309e-06;0.993018;3.81747e-06;1.5199e-06;5.90439e-08;7.24628e-07;4.82398e-06;0.00096034;6.90873e-06;2.66775e-07;2.84688e-05;3.57213e-05;0.00593032;4.97629e-08
9.84028e-08;0.000764543;7.00519e-09;3.72625e-06;0.000170936;0.000275346;5.66203e-09;3.61776e-05;8.52768e-09;3.2831e-06;7.61197e-09;7.3139e-05;5.45741e-05;0.998618
4.29515e-05;8.52578e-05;1.19913e-10;5.11397e-05;4.87981e-07;1.05267e-05;2.01146e-05;3.4826e-05;0.00147829;1.13989e-07;0.00155123;0.000156638;0.996564;4.13244e-06
3.24191e-05;0.00094399;2.28682e-09;1.34826e-05;7.91784e-08;2.3413e-08;1.88613e-07;3.88011e-05;0.000541999;8.3941e-08;0.000101449;0.995692;0.00263537;7.56764e-08
1.06203e-06;0.995595;1.58188e-11;5.22323e-08;6.02585e-09;1.56821e-08;7.41712e-08;8.53743e-07;1.20958e-07;9.33726e-09;2.9635e-08;2.8964e-08;0.00440092;2.07981e-06
3.8044e-06;0.000646267;4.8108e-07;6.80071e-07;1.36418e-07;1.64722e-09;1.22649e-08;5.40216e-06;8.38129e-07;9.44724e-09;3.87321e-06;0.99933;8.42378e-06;2.35992e-07
4.14801e-06;0.00736541;3.63043e-07;8.49152e-05;0.00230506;1.8911e-05;8.50092e-08;0.987575;1.64437e-07;8.96263e-07;1.61707e-06;1.04023e-05;0.00256487;6.81084e-05
2.30527e-08;1.33341e-06;9.82016e-12;9.82022e-08;1.24445e-08;1.29415e-05;1.02418e-09;7.05514e-08;2.91292e-08;1.84721e-08;1.23937e-07;6.87574e-08;0.999985;5.08699e-08
4.37649e-08;1.00956e-07;0.999999;5.62793e-08;1.31623e-09;5.22525e-10;1.11136e-09;3.10507e-09;1.95483e-09;1.00044e-07;5.36308e-09;2.97026e-07;2.63886e-10;1.25648e-09
2.96937e-06;0.991785;5.52635e-05;0.000107568;8.74425e-06;2.49015e-06;3.07368e-05;0.00528549;0.000540649;3.83413e-06;0.00124462;4.89727e-06;0.000892837;3.45966e-05
