2.34019e-07;0.0308837;3.0432e-12;1.83773e-08;5.78046e-10;3.31242e-08;3.12274e-07;7.19708e-07;3.13646e-07;2.60982e-09;7.08248e-07;5.9124e-07;0.969113;1.29924e-10
9.05654e-06;0.00352489;0.977228;0.000133355;1.42157e-05;3.24434e-06;5.11652e-07;1.60174e-05;1.41936e-07;3.66173e-06;3.18096e-07;0.0179245;2.55659e-06;0.00113991
6.44766e-07;0.990634;6.62014e-10;3.15933e-07;4.86547e-05;2.23766e-07;3.79489e-08;0.00928931;2.63253e-08;1.71851e-08;6.43166e-08;7.16896e-06;1.78583e-05;1.92815e-06
1.76515e-06;0.000238914;7.44634e-07;1.69785e-06;1.26353e-05;2.057e-05;2.32474e-07;0.994659;1.08937e-05;1.02223e-06;2.03714e-06;0.00480369;0.000244931;1.74957e-06
0.000590622;0.984047;1.33791e-08;0.00029134;0.000122959;2.54756e-07;0.000988405;0.00335582;0.00915026;2.09163e-05;0.00099844;0.000172774;7.30907e-05;0.00018846
3.32046e-05;0.983493;1.02835e-05;3.3318e-06;1.23559e-06;1.25499e-07;4.35286e-08;8.25545e-05;3.02353e-08;2.04186e-07;3.69517e-08;7.33802e-05;0.0163001;2.30112e-06
1.48449e-05;0.0027744;6.23031e-05;1.76479e-05;0.00240975;2.1641e-06;1.98614e-07;0.0796165;4.36334e-05;5.2694e-07;2.83239e-05;0.912904;0.00169189;0.000433357
2.3952e-06;0.235637;1.51458e-08;0.000297952;0.000149621;0.0150558;7.8939e-05;2.03254e-05;2.09822e-05;1.76356e-05;0.00158667;7.38558e-06;0.746865;0.000260802
4.17734e-05;0.000183851;0.939403;2.17503e-06;7.53245e-07;7.05981e-07;6.19051e-07;3.68317e-05;1.15574e-07;2.96366e-07;1.40159e-06;0.0589465;0.00138126;1.2006e-06
1.31988e-07;0.985733;1.70542e-09;1.06994e-07;2.35518e-07;4.59118e-06;1.96508e-07;0.00822311;2.13421e-07;3.13868e-08;5.21226e-08;3.74422e-11;0.00603139;7.22839e-06
2.7322e-09;1.15056e-07;0.999999;1.82395e-08;4.51058e-11;7.52633e-10;4.74403e-09;3.0931e-09;3.79548e-09;2.05576e-09;2.07737e-08;5.78913e-07;1.68027e-07;3.22724e-11
6.3169e-08;0.000319621;0.0420706;3.15481e-06;4.32277e-06;8.62955e-06;1.03461e-08;0.000301537;3.58707e-07;6.63962e-08;3.91128e-07;0.957253;8.67455e-06;2.99869e-05
2.22738e-06;0.310744;1.89186e-05;1.01378e-06;7.14995e-05;0.000629892;8.00111e-07;0.000656746;5.11218e-08;8.7441e-07;1.74653e-06;6.64506e-05;0.684878;0.00292819
6.89353e-07;0.0572643;6.51067e-06;1.88372e-05;0.0167347;0.000466811;1.28966e-08;0.0461368;7.28968e-08;5.02878e-07;5.69227e-06;0.860178;0.00195518;0.0172323
1.7889e-10;0.997666;5.0533e-12;1.50458e-10;1.70143e-09;3.71054e-10;2.36809e-10;6.19206e-08;9.40859e-14;1.58643e-09;2.44158e-13;3.44178e-10;7.77269e-08;0.00233366
4.3952e-05;0.57882;0.000345618;2.04525e-05;1.33715e-05;1.0204e-05;0.00018741;0.0243499;5.99421e-05;2.45132e-06;1.6166e-05;0.00209148;0.394037;2.0543e-06
1.11635e-07;0.00103263;2.55004e-09;5.35746e-07;1.92739e-05;3.48975e-06;8.55801e-08;0.998777;1.65167e-06;5.64462e-07;4.95852e-07;2.84698e-05;5.00474e-05;8.56507e-05
5.06758e-06;0.99446;1.7636e-08;1.69431e-06;1.3904e-06;1.98262e-06;8.91654e-05;0.00145872;1.65396e-07;0.000282269;1.95048e-06;3.20877e-07;0.00368208;1.51567e-05
3.98398e-09;7.90817e-10;1;1.78764e-09;7.82489e-11;1.20709e-11;2.68033e-09;6.3826e-12;5.41163e-10;1.10762e-09;1.81813e-09;5.51527e-08;4.66031e-13;3.66519e-11
0.000174746;0.891446;2.228e-06;2.11498e-05;5.56408e-06;8.67109e-06;3.21875e-05;0.00681033;0.00177175;1.67793e-06;0.000321335;0.000708087;0.0986375;5.87129e-05
8.52725e-06;0.739788;4.24549e-06;1.62298e-05;0.00413112;0.000300382;2.6952e-05;0.196737;1.27117e-05;0.0001898;5.55879e-06;0.000674031;0.0184093;0.0396962
2.89736e-06;0.00146428;4.07719e-07;2.85249e-05;3.4799e-06;0.000172681;0.0001572;1.0891e-05;2.17199e-05;6.23994e-05;8.91737e-05;0.000370781;0.997615;9.30365e-07
1.54757e-06;4.20065e-05;0.998865;3.93795e-06;1.22371e-07;1.13961e-08;0.000482211;7.66354e-10;7.05009e-08;0.000538221;6.09607e-08;6.66975e-05;2.30035e-09;1.76085e-07
1.53184e-06;1.4405e-07;0.999979;2.68564e-07;1.44239e-08;2.40258e-10;1.18876e-06;2.88096e-08;1.26494e-05;1.16427e-08;3.16827e-06;1.88622e-06;8.12851e-10;3.89854e-10
7.00837e-07;0.99815;2.14946e-09;1.51195e-06;4.99959e-07;6.30395e-10;6.24245e-08;0.00178644;2.41716e-07;7.8364e-08;8.68699e-08;3.63072e-07;5.97442e-05;4.87406e-08
2.02512e-05;0.562329;0.000761454;0.000562932;4.38909e-05;1.11976e-05;4.80013e-07;3.16775e-06;2.51197e-07;8.526e-06;6.40821e-06;0.00570381;0.430127;0.000421362
2.13725e-05;0.0567472;1.20711e-06;3.27111e-05;0.000266836;3.03469e-06;3.06125e-06;0.215635;9.70904e-05;1.11337e-06;0.000562286;0.716381;0.00953801;0.00071021
5.94168e-06;0.0881466;1.81418e-08;9.27146e-06;0.000172133;0.0189459;8.32193e-07;0.00191417;5.86788e-05;4.09197e-06;2.64124e-05;1.02491e-05;0.890551;0.000154349
9.93724e-05;0.000899258;0.0871122;2.32128e-06;8.65774e-07;2.31092e-07;5.97807e-07;5.31276e-05;5.6074e-07;1.93845e-06;5.62838e-07;0.911298;0.000516295;1.44767e-05
1.20637e-05;0.995234;3.42526e-08;2.8466e-05;1.66889e-05;1.30032e-06;3.48458e-08;0.00063704;7.39562e-05;2.5189e-08;6.0041e-06;2.78851e-05;0.00353797;0.00042464
6.41469e-07;0.0064;1.47967e-09;2.08814e-08;0.000150839;4.33159e-09;5.14093e-10;0.993057;2.11976e-08;6.68006e-09;2.78949e-09;0.000357945;6.74521e-07;3.32706e-05
1.17897e-07;2.39329e-05;0.999739;1.25942e-06;9.60004e-05;2.15759e-05;1.59789e-08;2.26133e-07;5.26522e-09;7.58681e-07;1.07649e-07;5.47065e-05;5.97094e-05;2.5444e-06
2.16142e-06;0.998648;2.34677e-09;3.31098e-09;1.48143e-07;4.16044e-09;7.65415e-05;0.00123084;6.68084e-07;2.33605e-07;1.04251e-06;3.58774e-08;4.76108e-06;3.54451e-05
2.9104e-11;7.102e-11;1;5.4894e-12;2.9528e-11;1.41106e-13;6.24459e-11;9.4416e-12;2.51159e-11;2.34253e-12;6.25647e-12;1.09739e-09;5.29543e-13;1.52113e-11
0.000885026;0.14499;2.77725e-07;1.06e-05;0.000273699;2.36331e-05;9.79008e-05;0.80918;0.0128574;1.46553e-05;0.000164583;0.000554075;0.0185259;0.0124219
4.98601e-06;0.0156143;1.76547e-06;1.30571e-07;4.26881e-06;1.0342e-08;1.65648e-08;0.274517;1.72699e-07;1.95178e-07;1.72147e-07;0.709824;3.16921e-05;1.21264e-06
2.59505e-07;0.576742;2.79405e-05;8.06929e-06;3.75467e-06;3.17791e-06;9.7847e-05;1.65488e-08;4.02931e-09;0.0028353;2.78665e-07;3.77872e-06;3.58548e-08;0.420278
1.64009e-05;4.67022e-05;4.68227e-07;2.66257e-06;1.69377e-08;4.01511e-07;0.967201;7.95856e-07;0.00950068;2.79519e-06;0.0200109;2.35754e-08;0.00321727;3.54394e-09
5.97134e-05;0.989095;0.00722533;8.82369e-05;3.60984e-06;1.40107e-06;9.23629e-06;0.00324629;8.40672e-06;3.12365e-06;3.16857e-06;1.52703e-06;0.000192998;6.21546e-05
2.0361e-05;0.915125;1.26929e-06;5.77426e-06;7.38201e-07;3.52613e-07;3.66223e-07;0.000948767;3.61831e-06;3.30962e-07;7.68371e-06;0.00630814;0.077566;1.19228e-05
2.53427e-06;0.994949;3.11269e-10;4.14351e-06;5.00091e-06;7.21964e-07;0.000765355;4.45663e-05;3.72813e-07;0.00228416;1.88131e-06;2.53859e-07;8.34389e-07;0.0019411
4.83214e-10;6.63289e-12;1;2.12277e-10;3.56398e-13;3.89848e-13;1.86802e-09;5.20761e-13;9.31896e-10;3.37081e-10;6.12313e-09;2.1414e-10;1.8405e-11;1.4258e-13
5.68898e-07;0.000525436;1.6682e-08;1.67325e-08;6.94544e-11;1.13754e-09;0.992945;2.42687e-08;9.95378e-07;0.00644588;7.94484e-05;1.28054e-12;3.00495e-08;2.59643e-06
1.56594e-12;2.74558e-14;1;7.35258e-12;3.06315e-13;1.33996e-12;6.71217e-11;9.78213e-15;1.48172e-11;8.84425e-12;2.20305e-10;2.68713e-11;1.99606e-15;3.8849e-14
