2.67917e-06;0.998918;9.43352e-05;2.15574e-05;8.0771e-07;2.3944e-07;1.29932e-07;3.42981e-05;4.26254e-08;2.97603e-07;6.6427e-08;4.20966e-05;0.000884938;4.04352e-07
8.70626e-05;0.73;8.41037e-05;8.72947e-06;4.20375e-06;3.64819e-07;8.21614e-06;0.199593;6.21154e-05;2.39638e-06;0.0002267;0.0686155;0.00130724;3.34438e-07
1.48232e-05;0.936937;1.04514e-05;0.00010046;0.00111846;0.00158861;0.00202982;0.00902877;1.71821e-05;0.00326343;0.000111186;4.38559e-05;0.0217276;0.0240089
6.60035e-07;1.5044e-07;0.999851;1.43688e-06;1.98523e-08;1.39332e-08;1.54161e-05;1.09031e-09;5.80658e-07;6.58691e-07;1.16702e-06;0.000129046;2.7531e-07;1.24463e-08
4.30916e-05;0.000347196;0.923712;0.000156936;0.000344847;2.72326e-05;2.89011e-05;0.0742384;0.000206066;1.01938e-06;0.000107204;0.000737405;3.24294e-05;1.73297e-05
2.57095e-08;0.000294489;2.30654e-05;3.29577e-07;8.79958e-06;0.000767796;1.53253e-10;8.69559e-06;5.15715e-09;1.552e-07;1.52758e-09;2.70677e-05;2.63456e-07;0.998869
3.72719e-06;0.00605846;1.12051e-10;9.61644e-08;2.44888e-06;7.25913e-05;5.1041e-08;0.549033;1.48815e-07;2.11946e-08;1.04207e-06;1.02127e-08;0.444823;5.37085e-06
2.98664e-07;2.95608e-06;0.999988;4.96282e-08;2.39754e-09;4.74821e-09;2.76205e-08;2.51127e-07;1.74998e-08;8.59575e-09;4.75818e-08;3.46461e-07;7.66913e-06;7.22459e-09
2.79419e-09;3.9766e-06;1.60577e-05;1.15716e-08;4.34682e-07;2.10194e-08;1.01427e-09;7.52559e-06;1.93271e-10;5.59832e-09;2.15326e-10;1.48212e-05;1.1033e-08;0.999957
3.60401e-08;9.38121e-06;9.57742e-11;3.51127e-08;0.000943297;3.25964e-06;7.79427e-08;0.999043;4.31506e-07;3.14776e-09;1.34063e-08;8.40057e-08;1.89567e-07;5.42812e-07
2.6657e-10;7.86795e-08;1;1.24852e-09;5.28452e-08;7.18984e-10;8.80013e-11;2.49497e-11;6.6689e-14;9.18904e-11;2.91883e-11;9.98031e-08;5.37259e-10;2.65175e-09
6.69894e-09;0.999979;6.27493e-10;3.88222e-09;5.33289e-09;6.7328e-10;1.33136e-08;4.79127e-06;2.26973e-09;3.5584e-11;1.89431e-08;3.96406e-08;1.61316e-05;2.61153e-07
3.70262e-08;0.000153353;0.999786;1.45743e-07;1.42999e-06;2.64261e-08;7.11981e-09;2.59105e-07;2.34697e-08;1.73706e-08;1.67517e-09;2.21602e-05;2.64005e-06;3.39926e-05
9.98527e-09;0.999863;2.40446e-09;1.17815e-09;3.28926e-07;4.28311e-09;1.72526e-07;0.000133988;1.88334e-09;3.76778e-08;4.90857e-11;1.42427e-08;2.08095e-06;8.10716e-07
1.88248e-08;9.0253e-05;1.04104e-09;4.4249e-07;2.11438e-06;0.000113884;6.60655e-08;2.08014e-06;3.01736e-08;3.94905e-08;1.2623e-08;7.2227e-06;0.999762;2.13839e-05
3.71205e-07;0.000165603;0.998894;4.02089e-06;2.35083e-08;2.59511e-08;3.55647e-05;1.06439e-09;8.30368e-09;0.000267311;2.01968e-08;0.000631325;2.03691e-08;1.76302e-06
2.04639e-07;1.2792e-06;0.99995;3.44718e-06;9.70797e-09;1.78313e-08;7.43742e-06;1.96262e-09;5.23542e-06;8.41517e-08;3.22936e-05;2.81243e-07;5.30681e-08;3.26955e-09
1.03975e-06;0.00898337;3.55152e-07;1.44093e-08;8.76147e-07;1.06882e-08;3.24349e-08;0.990985;1.52964e-08;5.9051e-08;3.23033e-08;5.05385e-06;2.20649e-05;1.67328e-06
9.52344e-08;0.00264447;6.69014e-05;2.35428e-06;7.78793e-05;0.000179662;7.86249e-08;0.000384702;6.37738e-08;3.95764e-07;9.90007e-07;0.990581;8.05111e-05;0.00598073
1.07082e-08;0.000507318;1.24364e-10;1.20996e-08;3.93283e-08;5.36704e-08;7.44997e-09;0.000122956;5.26643e-09;7.7124e-10;9.36336e-08;8.81566e-07;0.999369;7.63161e-08
0.000107619;0.00167501;5.28459e-05;0.000198497;0.000348549;1.2919e-06;1.83375e-06;0.00260813;0.000121187;2.63796e-05;1.76326e-05;0.994794;3.43896e-05;1.25733e-05
3.79882e-05;0.999678;5.49421e-05;5.46536e-06;2.94732e-07;9.03279e-09;6.59225e-07;0.000210282;2.37756e-06;4.31644e-07;8.89665e-08;2.99734e-06;5.98475e-06;8.12487e-08
1.38318e-05;0.987485;1.63915e-07;6.30213e-06;1.84875e-07;4.0233e-08;4.23044e-06;0.00194913;9.51667e-05;6.79547e-07;8.11386e-05;0.00579641;0.00456702;2.83585e-07
9.95342e-06;0.04482;8.08119e-06;0.000191875;0.002675;1.06873e-05;3.13708e-06;0.948913;2.31475e-06;0.000155929;1.1067e-05;3.43107e-05;0.00163316;0.00153191
1.77764e-05;0.00381082;5.42768e-09;0.000352084;5.82988e-05;0.00246452;4.70717e-05;0.000136588;0.000116007;2.29297e-05;0.00085396;9.3101e-05;0.991896;0.00013088
3.78044e-05;0.00128412;0.998321;2.14078e-05;2.67564e-06;2.45019e-06;1.37044e-05;1.30324e-06;1.97466e-08;0.000165652;5.52283e-07;1.76079e-06;0.000146994;1.04388e-06
1.34935e-07;6.90047e-08;0.999996;1.04483e-08;4.6958e-10;1.81717e-09;3.25067e-06;1.94284e-09;1.4985e-08;6.07327e-08;3.74254e-08;1.1547e-09;2.1468e-08;1.54083e-10
1.59234e-08;1.37852e-09;0.999999;1.21788e-08;5.21975e-10;3.7102e-10;5.19394e-07;7.73519e-09;4.18127e-08;8.03228e-09;4.49229e-08;5.37762e-08;2.72266e-08;3.65621e-10
5.64389e-10;6.67624e-07;0.999926;9.86069e-09;1.20725e-08;1.64794e-08;9.372e-11;2.78567e-08;3.90685e-09;5.34322e-11;2.29597e-09;7.23066e-05;3.47704e-08;7.31518e-07
2.38266e-08;0.0012209;2.74044e-07;7.29911e-08;0.000607717;0.00811788;1.39423e-07;8.5312e-06;5.81735e-08;1.30859e-06;4.82644e-08;4.42531e-10;1.21161e-05;0.990031
1.97053e-11;5.33975e-11;0.999999;7.76801e-11;4.01837e-10;1.07108e-10;3.4444e-12;2.67771e-11;1.93247e-12;3.83809e-12;5.7036e-12;1.03487e-06;1.22435e-11;1.99602e-12
6.96411e-06;0.000188954;0.00328844;4.28548e-06;0.00510181;0.000120251;8.22559e-09;0.982163;2.10509e-06;3.44863e-09;7.20163e-07;0.000840902;0.00827777;4.17398e-06
6.65805e-06;0.997277;2.82917e-07;8.97042e-08;9.01376e-08;5.19602e-08;8.0238e-06;0.000761285;6.36211e-08;2.01104e-06;1.14198e-08;1.26791e-09;0.001928;1.64373e-05
4.15e-13;2.75681e-13;1;1.4377e-12;6.12162e-13;1.0016e-13;1.02521e-14;3.01864e-14;1.17048e-14;8.52992e-14;2.87614e-15;1.31684e-09;1.81634e-13;1.33244e-13
3.5724e-05;0.00125698;7.49136e-08;4.91843e-05;0.000228662;3.80034e-05;1.75773e-06;0.99435;0.000486716;1.52787e-06;5.91381e-05;0.000690227;0.00249444;0.000307789
1.53059e-05;0.930237;1.76564e-08;1.15696e-05;2.09139e-05;2.41944e-06;6.10468e-08;0.052814;0.000106112;1.55507e-07;3.01203e-05;0.00429547;0.0124671;2.35197e-07
4.28052e-05;0.919081;0.00100006;4.6185e-05;0.000735516;0.00018341;4.17366e-07;3.20641e-05;1.18439e-07;3.98591e-05;1.20967e-06;0.00140434;0.0772817;0.000151375
8.14214e-06;0.0103673;9.81628e-06;2.45561e-07;2.09674e-06;5.53915e-08;2.37808e-07;0.000850774;3.52248e-06;3.26162e-08;7.25622e-06;0.988677;5.34141e-05;2.02167e-05
1.04919e-05;0.940933;1.76347e-07;1.69203e-06;0.000125798;4.5028e-05;1.49271e-06;0.000968618;3.39739e-06;1.52609e-07;7.12798e-06;0.000352672;0.0560475;0.00150328
5.15945e-05;0.197605;1.60264e-06;6.15916e-06;8.42011e-06;2.91381e-06;1.93017e-07;0.00813989;2.12833e-05;2.33429e-07;1.26667e-05;0.791463;0.000538873;0.0021477
0.000393165;0.290575;4.89754e-07;0.00259722;0.0114915;0.00883396;2.94585e-06;0.382595;0.00107751;1.42992e-05;0.00384306;0.245219;0.015298;0.0380587
0.000156961;0.403456;9.83499e-06;2.54943e-06;5.04113e-06;1.95269e-05;2.80519e-07;0.060326;4.12187e-07;2.83971e-06;1.8255e-06;0.257648;0.275224;0.00314669
6.32264e-06;0.606544;6.30711e-05;1.7229e-05;0.00024446;0.00817859;2.83876e-06;0.0293218;3.61399e-06;7.20845e-06;1.28122e-05;0.00568434;0.117452;0.232461
8.43677e-08;7.93896e-05;1.48381e-07;6.92389e-07;1.13368e-06;3.22887e-06;1.82418e-08;0.00022358;4.78304e-08;2.3862e-08;1.83407e-06;7.90166e-05;0.999607;4.25082e-06
1.02234e-06;4.77223e-05;1.11035e-07;1.02028e-06;3.27972e-07;1.1723e-07;1.37557e-08;1.98095e-05;6.89592e-06;3.18668e-08;6.25583e-06;0.999854;6.24444e-05;2.04799e-07
2.20884e-07;0.000426811;5.44664e-10;2.765e-08;4.47247e-06;6.55927e-09;8.8133e-09;0.999562;3.81573e-07;5.26035e-09;2.38864e-07;4.71828e-06;1.28617e-06;2.03063e-08
1.82281e-07;0.00123633;0.998526;2.38e-06;5.69547e-06;2.7207e-05;4.6702e-06;1.46721e-07;1.09935e-09;0.000160888;7.07782e-08;1.67015e-07;2.90647e-05;7.26103e-06
4.27714e-10;2.23975e-11;1;1.93713e-11;2.28498e-11;3.48787e-11;3.49675e-10;2.07439e-10;3.31895e-10;1.05701e-11;1.1414e-09;2.17819e-07;4.19914e-12;8.74379e-12
1.69914e-08;7.70764e-05;0.000288687;6.28293e-09;3.36953e-07;1.02708e-07;1.39753e-08;1.74168e-06;1.37375e-07;4.01672e-09;1.17319e-07;0.999629;1.2665e-06;1.49375e-06
7.02468e-07;0.97864;1.12269e-09;3.98014e-10;1.65388e-07;1.33324e-05;9.13362e-08;3.18119e-06;2.99366e-08;8.61987e-10;1.06117e-08;1.72946e-06;0.0213397;1.01991e-06
8.14471e-09;1.00782e-05;1.12199e-05;5.57596e-09;0.000788395;7.53929e-06;9.48525e-12;2.89008e-05;1.69792e-09;2.46256e-10;3.23701e-10;0.99913;9.36524e-06;1.41655e-05
2.16421e-07;0.00152657;8.62511e-09;8.94305e-09;1.64855e-06;1.2108e-05;5.85398e-10;0.997749;1.40917e-07;1.75015e-10;4.39824e-10;2.41655e-09;0.000710303;3.22829e-08
3.6875e-07;0.98283;2.30158e-10;3.77684e-08;1.66113e-08;3.86958e-08;1.16759e-09;0.0010172;1.40082e-09;3.90827e-09;4.77552e-10;2.09977e-06;0.0161496;2.35926e-07
7.00479e-06;0.994427;1.2532e-05;1.71835e-05;2.64422e-06;1.04676e-05;0.000110635;7.11356e-05;1.1903e-08;0.00326171;4.97452e-08;0.000115564;0.000907062;0.00105694
4.68863e-09;3.57012e-10;0.999997;3.59013e-09;1.152e-10;7.05476e-11;2.7873e-06;4.75384e-10;1.2749e-08;9.53988e-08;2.85051e-08;1.78397e-10;9.12501e-13;6.68781e-12
7.91445e-10;3.48904e-08;1;4.8933e-10;1.10718e-11;4.48228e-13;6.79178e-08;4.91807e-11;5.25845e-09;2.06869e-10;3.83934e-09;8.28382e-09;3.64485e-10;9.47251e-13
5.80824e-08;4.02662e-05;0.00100156;5.4433e-07;2.2342e-06;8.5688e-07;3.745e-08;9.70953e-07;4.5279e-06;1.35209e-07;3.4514e-06;0.998527;1.33447e-06;0.000416943
1.44711e-07;0.705642;1.07124e-10;1.05e-07;2.28914e-06;1.67723e-05;2.9246e-08;0.000277024;5.22888e-08;1.19346e-08;4.65136e-07;4.79769e-06;0.294016;4.11763e-05
4.42957e-07;0.359993;7.12574e-06;8.90042e-07;1.13986e-05;9.34885e-07;8.87487e-09;0.0300079;6.95354e-09;1.91401e-08;1.0136e-07;0.609598;0.000283104;9.7052e-05
5.59521e-06;0.831679;8.75484e-09;0.000882677;0.00657489;0.00215504;7.80428e-07;0.0112144;7.639e-06;3.42372e-06;8.05345e-05;0.0705667;0.0580956;0.0187337
5.14946e-05;0.666141;3.95161e-08;2.09006e-06;4.75855e-07;1.06437e-05;1.25041e-06;0.0280326;2.27246e-06;2.26314e-06;1.00181e-06;1.03209e-06;0.305676;7.78115e-05
9.85526e-09;1.36458e-09;1;1.23095e-09;2.45891e-11;3.73593e-11;6.35125e-10;8.34232e-10;2.59383e-09;3.65579e-10;1.45866e-09;1.6378e-07;3.20179e-09;2.13663e-11
1.15289e-07;5.58048e-06;0.00186367;1.27237e-07;2.89563e-05;1.36714e-06;1.12608e-08;4.21549e-05;5.20756e-08;3.36311e-08;2.32608e-08;0.000492384;7.35908e-07;0.997565
5.27294e-07;0.00138025;4.20088e-09;9.7326e-08;0.00846287;6.18625e-06;4.71861e-07;0.990107;4.45659e-06;2.05956e-08;1.25481e-07;2.1238e-06;1.5233e-06;3.44897e-05
8.70812e-10;4.8128e-07;0.999993;1.02139e-09;1.26959e-06;1.87768e-09;1.21358e-10;2.19911e-09;1.94209e-13;1.57444e-10;3.54686e-11;5.0958e-06;1.07084e-09;1.96325e-08
6.82262e-09;0.999933;4.39678e-09;6.43601e-09;2.37036e-08;3.12208e-09;2.57096e-08;2.86322e-05;1.43743e-08;1.28991e-10;5.85225e-08;1.77968e-07;1.37215e-05;2.4424e-05
1.05948e-07;0.0120357;4.03331e-08;7.3667e-10;7.33215e-07;1.04337e-08;2.62353e-10;0.98779;1.27259e-08;2.05042e-09;7.05886e-11;2.20047e-08;0.000172261;8.90237e-07
1.48721e-09;3.89319e-05;8.9524e-06;1.61336e-07;4.39617e-06;2.26605e-07;4.85815e-11;8.45567e-08;3.28073e-09;3.12573e-09;8.35174e-09;0.999942;1.1114e-06;4.15708e-06
1.24883e-06;0.985736;5.08283e-08;6.86803e-07;4.98152e-06;2.22979e-07;8.05901e-06;0.00489513;2.98974e-06;1.0755e-06;4.27794e-06;1.47214e-06;0.00934255;9.42412e-07
7.46258e-08;0.00210709;9.98666e-07;5.56937e-07;7.88237e-06;6.5623e-08;5.53558e-08;1.19446e-06;2.62956e-07;1.07199e-07;6.114e-07;0.997771;0.000105213;4.92396e-06
4.49097e-06;0.000321153;1.16415e-09;3.84297e-08;4.15253e-05;2.71231e-06;1.03513e-08;0.987234;5.265e-07;1.48638e-08;1.98641e-08;1.10612e-07;0.0123956;5.3364e-08
2.4384e-07;1.03174e-05;2.83058e-10;5.03417e-09;1.14753e-07;1.96733e-09;2.52152e-10;0.989451;7.80936e-09;3.70402e-11;4.89512e-10;1.04659e-07;0.010538;1.83602e-08
6.28321e-06;0.000324522;1.16107e-06;1.85034e-05;1.06694e-06;2.06715e-07;1.0289e-07;0.000228612;6.99195e-05;1.11606e-06;2.12392e-05;0.998408;0.00088799;3.17713e-05
8.40289e-06;0.999471;7.25557e-06;4.39055e-05;4.06913e-07;1.54657e-08;8.62522e-07;0.000117102;1.26912e-07;1.77374e-06;1.40049e-06;5.94381e-05;0.000286614;2.27078e-06
9.23441e-06;0.977496;7.99982e-08;0.000393888;0.000186628;1.90583e-06;5.53976e-07;0.0204388;1.29108e-06;1.14049e-05;7.38026e-06;0.00130459;2.72694e-06;0.000145886
0.000111296;0.72069;0.00078364;0.00662932;0.00179936;0.0123114;1.57608e-05;0.000447623;1.43131e-06;0.000588529;0.000772858;0.00454261;0.249095;0.00221191
0.00192095;0.377039;5.7012e-08;1.1736e-05;0.00110648;6.56457e-05;0.000106476;0.00446692;0.000383857;2.31391e-05;0.00404705;0.607534;0.00245616;0.000838739
0.000261809;0.00728769;1.38154e-08;4.70384e-06;0.0113673;0.002682;1.37426e-06;0.0634206;1.29614e-06;4.66901e-06;3.30928e-06;2.76279e-05;0.911691;0.00324684
0.00158672;0.398203;0.00214717;0.000768205;0.00708065;0.0004628;0.000149336;0.00305166;4.52711e-05;0.000228772;0.000119268;0.0409536;0.0344664;0.510737
7.19448e-05;0.710488;9.1055e-05;0.00276274;0.000580096;0.000181833;0.000204046;0.000973783;0.00151952;1.5921e-05;0.0686393;0.00652233;0.0103648;0.197585
6.79636e-07;0.996022;6.7796e-10;2.65895e-07;4.55079e-07;6.1607e-07;8.75701e-09;0.002354;1.26433e-08;8.31097e-08;5.12439e-07;0.000323645;0.00129514;2.68531e-06
9.32765e-07;2.14494e-05;2.10141e-09;6.28995e-07;2.24974e-07;2.71132e-07;1.64424e-09;0.0025626;2.17786e-07;2.51869e-09;3.11645e-06;1.08174e-06;0.997409;5.18133e-08
0.000313282;0.0193135;5.15907e-05;2.52182e-05;1.28691e-05;5.82006e-07;1.08132e-07;0.00456194;0.000252862;4.14e-07;7.06422e-05;0.969389;0.00599625;1.14632e-05
3.97483e-05;0.00725548;3.33324e-09;2.15175e-06;0.000862137;1.55331e-06;2.8986e-06;0.991349;1.13848e-05;4.14909e-06;6.73759e-06;0.000287348;0.00013311;4.46767e-05
7.9813e-05;0.432104;0.277223;0.000908335;0.0763268;0.00325033;1.51504e-05;0.000115315;1.03394e-07;0.00156571;2.34093e-05;0.154136;0.00210811;0.0521439
0.000143791;0.459;1.16211e-05;0.00104624;0.00581343;0.00702474;0.00179819;0.147117;0.000383017;4.21578e-05;0.0118104;0.223789;0.0799449;0.0620757
3.88157e-07;0.000755369;2.51182e-08;6.50162e-07;1.40161e-05;2.74867e-06;1.78023e-08;0.00152617;1.44258e-08;7.68553e-09;1.50022e-06;1.74757e-06;0.997696;1.06277e-06
0.000160525;0.079681;1.387e-06;3.12655e-06;0.000103368;1.34522e-05;2.49928e-05;0.00679347;4.66537e-06;6.6673e-05;1.91893e-06;0.001477;0.911531;0.000137592
4.57336e-08;1.43397e-08;0.999999;1.79241e-08;2.27294e-09;1.78003e-09;1.26502e-08;5.15607e-08;3.51554e-08;3.32825e-09;7.25974e-08;8.29051e-07;1.07093e-08;3.15615e-10
1.31407e-06;0.000938669;0.0239401;3.78241e-05;5.86999e-05;0.000384083;4.82196e-07;0.00473718;3.86654e-06;5.54109e-06;2.49458e-05;0.20811;0.00189349;0.759864
6.1079e-07;6.44452e-05;1.40833e-08;1.22851e-06;0.00558585;6.06842e-05;1.34586e-07;0.994259;9.23019e-06;4.20956e-08;9.13561e-06;1.85216e-06;5.97168e-06;1.43873e-06
3.52348e-09;5.91451e-07;0.999998;1.98341e-08;1.12147e-06;3.89002e-09;2.32507e-08;3.62574e-08;8.99165e-13;2.51599e-08;9.66296e-10;9.42098e-10;9.96967e-10;7.4925e-09
1.33529e-09;1.23133e-06;0.999999;1.04563e-11;1.71129e-11;4.32984e-13;6.17024e-11;1.68039e-11;5.5574e-13;1.64098e-12;7.92579e-12;1.94106e-09;1.11887e-09;1.14108e-11
1.21702e-07;0.00606441;0.000457643;1.35021e-06;3.25803e-05;5.78798e-07;9.62209e-08;0.000118351;4.25214e-07;2.34776e-07;6.77252e-07;0.992987;0.000297474;3.85559e-05
2.26934e-06;0.869893;4.16103e-06;4.12291e-06;0.00172607;0.000708707;1.21493e-07;0.0463508;6.40146e-07;1.47491e-06;6.93429e-07;0.0250914;0.048896;0.00732053
8.93481e-06;0.998709;9.75667e-08;2.20609e-06;1.103e-07;9.83153e-07;0.000204831;0.000265413;1.0622e-06;5.73879e-05;1.21484e-07;0.000128124;4.87594e-05;0.000573211
1.6845e-07;3.55748e-05;0.999925;3.5419e-06;2.13967e-07;6.53232e-07;3.7866e-08;7.52926e-06;1.93874e-08;2.44482e-08;2.58667e-08;1.85689e-05;8.4274e-06;2.36497e-07
6.66357e-06;0.825071;3.66307e-05;8.62714e-06;0.000221168;0.000848179;2.04825e-07;0.157641;1.06099e-07;2.67659e-06;7.63307e-08;0.00448947;0.0085353;0.00313953
1.73979e-07;0.000276011;7.17332e-09;2.9312e-07;1.39265e-05;7.47209e-06;3.43445e-09;0.00576655;7.18948e-09;1.5774e-08;8.30065e-07;4.94765e-05;0.993875;1.06621e-05
8.43056e-05;0.00260482;8.16875e-06;0.000200322;0.000260923;7.4512e-05;2.33327e-06;4.79011e-05;0.00016948;1.16107e-05;0.00110677;0.983843;0.0113989;0.000187364
0.000120745;0.990715;0.00258333;0.000397843;2.55901e-05;1.98979e-06;5.02944e-06;0.00316416;1.33638e-06;1.84293e-05;2.91095e-06;0.00271722;0.000193972;5.22535e-05
2.13026e-05;0.736016;1.15172e-08;0.000411676;0.00141607;5.25181e-06;1.57459e-07;0.238647;2.72203e-05;6.1119e-06;0.000222323;0.022454;0.000489526;0.000283041
1.96735e-05;0.350975;0.000206843;0.000827374;0.000738999;0.00294807;1.16432e-06;8.00452e-05;1.23734e-07;0.00011177;0.000212301;0.0199395;0.62303;0.000909224
7.49118e-05;0.82261;8.82094e-05;2.22076e-06;0.000327503;4.12455e-06;1.10684e-05;0.0136228;1.46297e-05;8.91834e-07;0.000176225;0.122565;0.040183;0.000319683
0.00213308;0.0169411;7.99661e-06;0.00023647;0.466489;0.00921826;0.000160897;0.0812065;0.000812795;4.40462e-05;0.0028485;0.0688267;0.0989674;0.252107
0.000671941;0.990031;5.53509e-07;4.76438e-07;8.30763e-06;2.29654e-06;8.19555e-07;0.00225832;3.64017e-07;9.58846e-07;6.14893e-07;0.00114704;0.00533188;0.00054526
2.6909e-06;0.0224737;3.2057e-05;1.74033e-06;7.50258e-05;0.00106669;2.75932e-08;0.000365159;1.67104e-07;2.26723e-07;3.49792e-07;0.00200846;0.00114731;0.972826
1.59519e-06;0.000288899;3.1932e-07;6.71738e-07;4.03606e-06;5.06292e-06;1.3361e-08;0.00688104;2.34031e-07;1.23276e-08;1.05607e-05;1.18129e-05;0.99279;5.25088e-06
1.03314e-05;0.00146627;4.1543e-06;5.04851e-06;1.44283e-06;1.74076e-06;9.81797e-08;0.00052403;3.81798e-05;2.4968e-07;6.25298e-05;0.996592;0.00128936;4.75647e-06
7.59499e-06;0.0128608;1.11219e-05;4.39712e-07;2.87527e-05;7.61854e-06;2.1551e-08;0.986404;1.87749e-07;5.81369e-07;3.01676e-07;1.06489e-05;0.000446528;0.000220962
6.84191e-08;0.00379522;1.1508e-05;5.20701e-06;3.06267e-05;7.59014e-06;2.05058e-08;2.92699e-06;4.63275e-08;6.0396e-07;1.16134e-05;0.995635;7.69405e-06;0.000491994
8.16855e-06;0.954608;5.83247e-07;2.19859e-06;6.77303e-06;9.55533e-07;8.82779e-05;0.041212;9.27931e-05;2.61291e-06;0.000586969;0.000131871;0.00325827;1.12832e-06
9.85559e-06;0.00665847;2.16589e-06;4.19747e-07;4.71458e-06;2.91315e-08;3.55041e-07;0.000229905;7.7918e-06;5.47235e-07;1.35261e-05;0.99297;0.000101211;6.39509e-07
0.000211451;0.00724816;1.1845e-09;9.85035e-07;2.78464e-05;1.15959e-05;1.30648e-05;0.831582;0.00488559;4.33458e-07;3.4561e-05;6.31969e-06;0.155974;3.81166e-06
3.24665e-06;0.996795;5.1107e-09;2.46148e-07;1.85409e-08;1.34632e-08;6.70262e-08;6.35355e-05;4.73228e-06;2.03883e-07;5.85258e-08;2.6098e-06;0.00312962;8.61934e-07
4.31374e-06;1.7119e-05;2.08668e-05;2.83761e-05;0.000171166;5.39071e-08;2.14739e-08;0.000103059;2.96235e-06;2.36677e-07;6.49167e-07;0.999642;7.86905e-07;8.08541e-06
0.0103321;0.258245;0.000398072;8.6248e-05;0.000969634;0.00198061;0.000432758;0.520795;0.00804568;0.000385954;0.000253905;0.00013543;0.196905;0.00103461
5.04432e-05;0.000133296;1.20369e-07;1.23831e-06;6.46098e-06;5.32381e-06;7.75374e-07;0.952958;0.00024974;9.10044e-08;1.1643e-05;2.23786e-05;0.0465558;5.01016e-06
0.000210462;0.0165552;5.3324e-06;7.72266e-05;8.30004e-06;1.8204e-05;2.62155e-06;0.00037521;0.00310387;1.34324e-05;0.000322733;0.970464;0.00689497;0.00194807
3.48481e-06;0.998572;5.23362e-09;2.26819e-08;9.68129e-10;2.95373e-09;9.74196e-07;6.68735e-07;1.39023e-06;6.58883e-09;1.4917e-06;0.00019536;0.00122491;3.08736e-09
5.01764e-05;0.0181442;1.66021e-05;1.7691e-05;0.000492503;0.000908065;1.43957e-07;0.0313864;5.18814e-06;4.88479e-06;5.54015e-06;0.945608;0.00199615;0.00136437
4.68244e-07;0.985699;1.31217e-05;5.47256e-07;7.94185e-08;3.9629e-07;0.0113051;1.54057e-06;4.89491e-08;0.000154797;3.8409e-07;2.61494e-06;2.10413e-07;0.00282151
3.28273e-10;4.84317e-11;1;6.20648e-10;6.73882e-12;8.35674e-12;4.49325e-09;1.10936e-11;1.2952e-08;7.25116e-11;2.12879e-08;2.4997e-08;2.38367e-10;3.21923e-13
0.000193295;0.724637;0.000517922;5.5615e-05;1.45443e-05;1.46979e-05;7.88684e-06;0.000221088;4.91594e-05;1.92971e-05;6.86099e-05;2.04305e-05;0.274072;0.00010937
6.47738e-05;0.0403919;2.76291e-06;7.26529e-08;4.95158e-07;8.43969e-08;2.05657e-06;0.014373;3.54289e-05;7.90128e-08;2.31354e-05;0.918569;0.0265296;7.3613e-06
3.16718e-06;0.0080272;0.000305603;2.04364e-06;0.0131994;0.000852953;1.35642e-06;0.0190074;7.99012e-06;1.07861e-05;7.34889e-06;0.016519;0.935246;0.0068097
4.61043e-05;0.00119197;2.16535e-08;3.074e-06;7.95841e-06;9.18917e-05;2.74357e-05;0.000125831;0.00215665;2.46456e-06;0.000641592;0.000430353;0.995267;7.66508e-06
1.03835e-05;0.0599614;0.939898;2.27433e-07;4.64375e-07;3.89285e-08;3.76155e-08;5.44331e-06;1.17289e-08;5.55143e-07;2.05646e-09;9.30234e-05;2.99827e-05;5.03711e-07
4.55917e-07;0.988182;1.21158e-07;8.20974e-08;2.68175e-07;6.55614e-08;2.11257e-07;0.0107092;2.28858e-07;2.56898e-08;2.59358e-08;0.000799528;0.000288335;1.93427e-05
1.23244e-07;0.00513098;4.16198e-09;2.63089e-06;0.00195918;2.34469e-07;1.08692e-05;0.992581;2.20313e-05;1.47185e-06;1.13679e-05;2.87103e-05;0.00024756;3.85202e-06
4.48482e-06;0.000590466;0.990566;0.000537299;0.000906054;0.000257443;4.39163e-06;2.64783e-07;1.66864e-07;7.95454e-05;2.96932e-05;0.00519174;0.000127686;0.00170462
4.93138e-05;0.917355;3.2277e-08;9.94289e-08;2.38997e-08;1.27763e-08;0.082417;7.01049e-05;2.28382e-05;4.07486e-05;3.25911e-05;2.04361e-08;1.07026e-06;1.10736e-05
1.29732e-09;5.65282e-10;1;4.3899e-10;1.43312e-11;3.91893e-12;4.54705e-09;1.81431e-12;2.13751e-08;5.72836e-11;1.69873e-09;4.5424e-08;2.20674e-11;2.44612e-11
6.52114e-07;0.0184574;3.43765e-09;2.4988e-08;7.09442e-09;7.4104e-08;3.5175e-09;3.55778e-07;5.29633e-08;3.31007e-09;1.87494e-08;2.72401e-09;0.981541;1.58736e-09
7.65725e-07;0.000470856;5.59061e-06;6.69257e-08;3.2954e-05;3.26031e-07;9.12604e-10;0.000464119;1.04115e-08;1.00482e-08;5.00134e-09;0.998239;0.000780014;6.7583e-06
2.48577e-07;0.102893;8.30107e-08;3.13108e-06;0.00123432;0.000498619;7.09023e-09;0.892621;1.50116e-08;2.47679e-07;2.3775e-08;0.000108734;0.00221954;0.000421642
2.19223e-05;0.000719972;8.6426e-08;7.03449e-06;7.85725e-06;0.000156599;7.08851e-07;7.70634e-05;2.9126e-06;6.97584e-07;3.63416e-06;0.0175549;0.981373;7.3298e-05
2.7269e-05;0.0240967;0.975618;1.90308e-05;3.76831e-06;2.83085e-06;9.91819e-07;3.52646e-05;2.43494e-07;4.67266e-06;1.67846e-07;6.84024e-05;0.000104757;1.7742e-05
2.59417e-07;0.999033;3.84034e-08;2.50014e-06;3.78795e-06;6.31695e-08;9.01034e-07;0.00039983;1.07767e-06;8.61062e-08;2.01837e-06;5.27876e-05;0.000413092;9.01525e-05
4.39984e-08;0.000181121;2.62119e-09;4.50685e-07;0.00244362;1.10121e-06;2.27886e-07;0.997342;1.36198e-05;3.10063e-07;8.45388e-06;1.65782e-06;4.19037e-06;3.5091e-06
0.000107978;0.278863;0.443337;0.0955549;0.0479568;0.0162775;6.32146e-05;0.000185248;1.1778e-05;0.0132195;0.00138805;0.0649708;0.0218811;0.016183
3.76809e-05;0.999159;2.70002e-08;4.94739e-09;1.18459e-07;2.62233e-11;1.93933e-06;0.000796076;3.05254e-06;1.57161e-08;1.31832e-06;1.26264e-08;5.82204e-07;5.41283e-09
1.04215e-05;0.000709065;0.00272206;1.80405e-06;0.0288134;1.84529e-05;1.01883e-08;0.0127727;1.12224e-07;1.96205e-06;1.00647e-07;0.954899;2.12046e-05;2.983e-05
1.10817e-05;0.00042206;4.2731e-08;1.09883e-07;6.39471e-08;9.67885e-09;0.998449;4.91467e-05;0.000391091;0.000659117;9.39176e-06;1.3173e-07;8.25267e-06;2.40738e-07
2.11642e-09;4.43485e-11;0.999999;4.1713e-09;6.48733e-11;9.67925e-11;3.9593e-08;2.84003e-12;7.25119e-07;1.0173e-10;8.42752e-08;2.51232e-10;6.43269e-11;4.84161e-12
8.03925e-07;0.99995;2.62318e-08;3.48139e-07;1.97793e-08;2.65501e-09;5.80895e-08;2.23187e-05;6.40911e-07;4.00724e-09;1.0624e-06;1.63433e-06;2.33678e-05;1.2133e-08
5.77646e-06;0.685722;2.66046e-08;1.21895e-08;1.01419e-07;7.09648e-08;6.35147e-09;0.311892;8.10954e-09;5.80999e-08;1.96609e-09;1.36305e-06;0.00237747;1.18002e-06
9.21115e-09;0.000145751;4.59017e-07;1.07496e-07;5.43729e-06;1.18454e-05;1.4474e-09;7.41235e-07;1.05104e-08;2.80999e-08;7.3413e-08;0.999785;1.27533e-06;4.97053e-05
2.64624e-05;0.206658;8.55433e-07;1.38701e-05;4.0046e-05;3.43933e-05;2.26684e-05;0.00760556;9.84001e-05;8.04054e-07;0.000265241;0.000520209;0.784702;1.23308e-05
1.89053e-05;0.88648;4.0452e-06;3.85557e-05;0.00406403;8.80209e-05;9.36823e-08;0.000644;1.02993e-05;2.07867e-05;3.89948e-07;0.0315629;0.0730662;0.00400137
0.000658593;0.72095;1.66757e-07;0.0017161;0.000509499;0.000277582;2.18282e-05;0.00942405;0.0146706;9.75969e-05;0.00125065;0.0771035;0.172887;0.000432936
0.000184046;0.981782;3.22009e-07;0.000133149;0.00212529;0.000448429;2.90068e-05;0.0134152;0.000168699;0.000252961;3.80618e-05;0.000589046;0.000582187;0.000251851
0.000604823;0.0156113;3.54008e-06;1.31599e-06;6.05879e-06;3.27023e-07;4.40182e-06;0.0204967;4.07364e-05;8.22411e-07;9.44898e-05;0.954245;0.00889043;8.31023e-08
0.0012233;0.871745;3.45405e-05;0.000654793;0.00778446;0.000213512;0.00149867;0.0400526;0.0088737;0.000816864;0.00207274;0.0475571;0.00707449;0.0103987
0.000299881;0.990191;1.18709e-06;8.40546e-05;5.23152e-05;2.42925e-06;0.000196507;0.00099248;0.00421892;6.80482e-06;8.05705e-05;0.00194775;0.00191376;1.17515e-05
4.59044e-05;0.00149491;1.85538e-08;8.97775e-05;0.00019676;1.89019e-05;1.50876e-06;0.995282;9.62244e-05;3.41577e-06;5.32593e-05;0.00239961;0.000302519;1.5666e-05
2.14416e-05;0.999811;9.41702e-09;3.37603e-06;1.03451e-07;2.91804e-08;2.26482e-06;3.6406e-05;2.11351e-06;3.26287e-07;7.8151e-06;1.08886e-05;0.000103372;9.24665e-07
5.73019e-06;0.999063;3.88144e-10;7.67405e-07;7.43285e-07;1.56076e-07;1.35834e-07;0.000574015;2.95552e-06;2.08245e-07;5.64783e-07;0.000194415;0.00015499;2.72869e-06
1.28738e-06;0.0136565;1.70007e-09;1.13145e-07;3.14401e-09;2.30973e-07;3.95485e-07;9.97868e-07;1.94965e-07;1.01508e-07;8.25361e-07;1.1545e-05;0.986328;1.31042e-09
7.13226e-07;3.29629e-05;0.999349;3.55837e-06;1.4252e-06;4.90782e-07;6.41476e-08;9.25296e-08;3.70061e-09;5.44426e-07;3.52109e-07;0.000567328;3.67158e-08;4.36954e-05
1.47378e-07;0.999708;1.9729e-10;1.82452e-08;1.7863e-05;9.35125e-09;1.47865e-08;0.000266124;1.92822e-09;5.16573e-09;1.74918e-08;4.08718e-06;1.57176e-06;2.53988e-06
1.45803e-07;2.33006e-05;9.0193e-07;5.65938e-08;6.11112e-06;2.2988e-06;2.61636e-09;0.999841;5.9517e-08;1.47832e-08;6.87731e-09;8.97961e-05;3.60763e-05;5.31454e-08
1.67346e-05;0.997514;2.00937e-07;1.8669e-05;1.77995e-05;1.88798e-05;2.22608e-06;0.0017998;8.30236e-06;2.57966e-06;1.10114e-06;0.000178439;0.000346999;7.38749e-05
5.23161e-06;0.00105735;1.19208e-08;7.94736e-07;1.3447e-07;9.26464e-08;2.01619e-08;0.00268253;7.14578e-07;5.04433e-09;4.14336e-06;2.70027e-05;0.996222;2.30021e-07
7.73625e-05;0.0262067;5.39823e-05;0.00015081;0.000136202;0.000358394;0.000881091;0.00338027;1.68757e-05;0.001835;5.17288e-05;0.000680759;0.959157;0.00701365
1.0527e-09;3.42374e-10;1;4.99788e-09;1.67138e-11;2.34825e-11;1.49045e-08;9.21238e-10;3.25351e-09;3.34483e-10;9.52372e-08;1.9067e-08;1.23636e-10;1.15733e-12
4.00586e-07;0.00108843;0.00217509;0.0001279;5.0296e-06;5.09208e-06;2.45587e-07;0.00234118;1.66849e-05;6.29562e-07;9.91867e-05;0.993901;6.43265e-05;0.000174804
5.44505e-07;0.998161;7.2207e-12;1.93906e-06;7.48994e-07;4.21229e-05;1.59584e-07;0.000466943;4.5812e-07;2.99412e-06;1.02531e-05;3.60135e-09;0.00126611;4.62958e-05
4.30052e-12;1.40972e-12;0.999999;3.8639e-12;2.8358e-12;1.98061e-12;3.90714e-14;7.25519e-15;4.43405e-15;7.96872e-14;4.7535e-12;7.11048e-07;1.06108e-11;8.2879e-13
1.95503e-07;0.00123611;1.3297e-07;1.75592e-07;0.0010814;3.54953e-05;1.55466e-10;0.861172;1.12757e-08;6.58397e-10;3.55676e-08;0.000842935;0.135405;0.000226268
4.8124e-09;8.84048e-05;1.04085e-09;1.50499e-08;1.84329e-07;0.000761178;2.40783e-11;1.01088e-07;1.23427e-09;2.3086e-09;1.98638e-09;1.7002e-10;0.99915;1.44321e-07
2.66868e-08;5.58716e-06;0.99994;2.14398e-08;1.52704e-08;4.29548e-09;4.64637e-11;5.29784e-09;1.55411e-11;3.24735e-08;3.3136e-11;5.42953e-05;4.20662e-08;9.52396e-09
3.61936e-06;0.992119;2.68915e-05;0.000244947;6.78917e-05;3.22429e-05;2.45787e-06;0.00314031;8.27565e-05;4.85319e-06;0.000154345;2.85314e-05;0.00291055;0.00118183
