9.31807e-08;0.957136;1.36276e-09;2.24762e-09;2.05499e-10;5.32278e-09;2.39442e-07;7.54331e-08;6.7208e-09;6.34274e-10;3.60262e-08;2.49933e-06;0.0428614;2.16735e-10
5.58431e-06;0.0161236;3.01865e-06;4.76407e-05;0.000163114;0.000301295;1.21439e-06;0.000347425;3.87593e-05;3.14701e-06;3.58769e-05;0.979623;0.000244638;0.00306162
2.35902e-05;0.992323;1.51897e-07;1.40766e-06;6.60691e-08;1.81036e-06;1.21978e-05;4.8593e-06;3.37677e-05;1.12119e-07;5.69277e-05;0.0014674;0.00607377;6.90483e-07
8.93657e-05;0.0620368;0.000194045;1.01169e-05;0.000731938;0.000145069;4.77212e-07;0.926507;3.79671e-06;4.39374e-06;1.07076e-06;0.000101735;0.00920009;0.000974448
2.42363e-08;0.000569121;9.54403e-07;3.03322e-07;1.68564e-05;1.84866e-06;3.09806e-10;1.79209e-05;1.18057e-07;1.0529e-09;3.11712e-07;0.999346;4.40374e-05;2.04872e-06
3.38082e-06;0.0221898;8.3532e-08;5.78837e-07;2.08185e-05;6.99367e-07;3.17309e-07;0.00204194;1.38323e-06;1.05014e-08;1.65013e-05;0.00592959;0.96979;4.64379e-06
0.000673474;0.00418383;0.000143306;1.18902e-05;0.000183985;7.53337e-06;1.27591e-06;0.0332617;0.00121652;1.73334e-06;0.00023135;0.947651;0.0124171;1.516e-05
0.000492469;0.92426;8.27214e-05;1.15432e-05;2.96439e-05;0.00011127;2.83613e-06;0.0392399;2.8339e-05;0.000310302;3.25641e-06;2.91623e-05;0.00353381;0.0318649
1.03739e-06;0.00451407;1.31757e-06;3.40821e-05;2.16687e-05;1.02666e-06;8.64331e-08;1.00865e-05;2.71082e-06;9.42954e-07;5.79882e-05;0.994793;7.67934e-06;0.000554042
1.60701e-07;7.82779e-05;6.91728e-09;1.49622e-09;5.98946e-06;1.89475e-10;6.2543e-10;0.999915;1.78165e-08;4.23724e-10;3.03477e-08;3.73069e-07;7.71864e-08;3.33237e-08
4.88785e-07;1.81012e-05;0.999936;2.44474e-07;2.78152e-05;1.56221e-06;3.34999e-06;1.48662e-07;1.49483e-08;9.39376e-06;4.06909e-08;9.19106e-09;1.10309e-06;1.28147e-06
5.30996e-09;1.15142e-12;1;1.84271e-12;1.46051e-12;2.59761e-13;5.40412e-10;3.16489e-11;7.42711e-08;5.84973e-13;3.14228e-10;3.35979e-11;3.48803e-12;3.85441e-14
1.29434e-08;2.24219e-08;0.999966;8.56518e-10;2.12712e-09;7.83484e-10;4.68796e-10;8.88181e-08;5.75244e-07;7.81714e-11;5.34671e-09;3.37198e-05;7.30694e-09;5.57375e-09
4.01856e-06;0.000279574;1.61578e-06;9.59501e-08;0.0027924;0.00525571;1.85771e-08;2.3616e-05;3.45149e-05;8.67212e-08;6.71494e-07;5.92554e-06;0.000290117;0.991312
2.81591e-08;0.999984;2.46533e-10;3.44159e-12;3.70453e-09;2.23779e-10;7.30012e-09;2.11117e-09;1.62299e-12;1.27654e-08;3.00009e-13;6.73867e-10;1.38561e-07;1.57304e-05
3.92318e-11;1.24169e-12;1;8.89107e-14;1.64089e-10;1.19627e-12;6.00974e-14;3.72202e-10;3.29811e-13;7.58706e-14;1.55185e-15;9.96545e-08;3.39063e-13;1.65431e-12
1.94404e-07;0.00297424;4.40396e-09;3.68642e-07;4.41636e-06;1.37623e-05;4.46507e-07;0.980402;3.12037e-05;2.6682e-08;5.35697e-07;5.17871e-06;0.0165676;2.50808e-07
1.03575e-08;0.999816;9.89908e-10;2.49702e-10;4.51696e-11;1.50346e-10;4.16042e-10;2.04361e-07;3.44098e-11;3.32871e-10;1.93254e-11;1.68022e-05;0.000167149;7.23271e-11
3.51455e-08;0.000144662;3.11783e-08;9.6257e-06;5.41272e-05;4.38628e-06;4.09017e-08;1.24142e-05;1.62496e-06;4.81427e-07;2.98391e-06;0.999754;2.05335e-06;1.32346e-05
6.00366e-08;0.000993444;4.92424e-08;2.89919e-08;1.25751e-07;7.45957e-08;2.12074e-09;1.60181e-07;7.61128e-11;2.60787e-09;1.23523e-08;9.03705e-07;0.999005;8.65794e-11
5.37848e-05;0.0148587;0.00028044;2.28763e-05;5.15703e-05;0.000152693;1.06685e-05;0.006271;7.48485e-05;2.77354e-06;0.00012306;0.779686;0.198388;2.3923e-05
4.40146e-06;0.0243051;1.53899e-05;8.24035e-06;0.00654866;9.47093e-05;2.31461e-07;0.943349;1.26702e-06;9.42855e-07;1.06112e-06;0.000231955;0.0252943;0.000145278
0.00112388;0.885052;6.58483e-07;0.000164259;0.000632517;0.000815409;1.63414e-06;0.00710102;0.000119165;3.56362e-05;7.63281e-05;0.00175451;0.10273;0.000392677
3.59252e-05;0.996529;4.83545e-06;2.33614e-07;3.62418e-08;3.39275e-08;1.83885e-07;0.00209458;2.97555e-06;1.34265e-07;4.09888e-06;0.00110821;0.000219405;5.7118e-08
1.61733e-06;0.984258;2.38298e-10;8.03581e-06;0.00250592;1.01264e-06;1.10604e-07;0.0115601;2.41979e-07;5.60418e-06;3.22085e-07;0.000136189;1.47875e-06;0.0015217
1.37244e-05;0.000964169;0.00316543;0.000140888;0.000314062;0.00179929;1.37775e-07;5.93647e-05;1.23785e-07;8.39284e-05;1.77427e-06;0.992783;5.59442e-05;0.000617909
0.000561554;0.0851659;1.61647e-07;0.000166493;4.81373e-05;1.59971e-05;8.87396e-05;0.00927273;0.00181976;1.73319e-06;0.0136717;5.31791e-05;0.889035;9.8354e-05
6.9277e-05;0.000140123;1.05208e-05;5.45782e-06;5.52752e-05;3.72101e-06;8.20481e-08;0.00121602;8.7925e-06;2.87792e-07;2.17424e-05;0.992521;0.00594681;8.67198e-07
1.46933e-06;0.99945;5.58132e-07;1.97148e-07;1.56769e-08;2.20108e-07;0.000395438;2.08471e-05;4.44988e-07;0.000100723;3.83855e-07;7.24006e-09;2.48573e-05;5.01943e-06
1.90765e-11;1.0464e-10;1;1.77135e-09;2.39541e-10;7.05294e-10;6.03084e-11;6.22681e-12;1.68783e-12;2.34867e-10;2.70359e-11;2.29728e-08;6.96839e-14;7.06141e-11
5.30982e-05;0.0806576;9.5776e-06;0.000416993;0.00144632;0.00396061;0.000417615;0.903359;0.000781099;3.93343e-05;0.00756663;0.000354211;0.000724393;0.000213527
7.07319e-08;0.000393941;1.65908e-08;5.7293e-08;1.02395e-08;5.19428e-08;0.998886;1.11886e-07;2.38274e-06;0.000517373;0.000200161;9.71983e-09;2.13052e-07;1.35845e-07
8.88561e-10;1.82343e-10;0.999999;3.69994e-09;9.19228e-12;3.98024e-11;3.44066e-07;8.51862e-12;1.77339e-07;1.24017e-09;2.82439e-07;1.10738e-08;2.05657e-11;1.84339e-12
2.01556e-05;0.998154;7.32491e-07;1.54461e-06;6.78579e-07;2.03813e-08;0.000107538;0.000673457;0.000216923;1.26455e-06;9.99732e-05;6.72607e-05;0.000656092;4.76459e-07
7.05872e-06;0.92374;4.18633e-07;1.44759e-05;1.78348e-05;2.55777e-06;4.53339e-06;0.0012159;0.000446143;3.05242e-06;0.00141682;0.0569213;0.0158594;0.000350708
3.7064e-06;0.962138;8.14156e-09;1.61008e-06;6.12936e-06;1.74774e-06;2.3247e-06;3.72134e-06;3.31742e-07;1.47573e-06;2.78571e-06;0.000108793;0.037362;0.000367633
1.93105e-05;0.00543533;1.36903e-06;4.68083e-07;1.49263e-07;1.251e-09;1.21885e-06;0.0090327;8.9754e-06;1.28429e-08;2.30116e-05;0.985432;4.50899e-05;2.78447e-08
5.71545e-06;0.819823;1.68651e-06;0.0012015;0.0350155;4.6725e-05;3.52298e-08;0.0175685;5.32484e-06;3.29588e-06;9.2783e-06;0.123081;0.000272439;0.00296522
1.48102e-05;0.00396435;1.52549e-07;5.90949e-06;4.73698e-07;1.96972e-05;5.12517e-07;7.94877e-06;2.79602e-05;1.09011e-06;3.31856e-05;4.53423e-05;0.995878;3.86529e-07
8.90135e-05;0.0194309;0.975778;2.81833e-05;2.69152e-06;5.80776e-06;9.77549e-07;1.12409e-05;2.21192e-07;6.49058e-05;4.10006e-07;0.00456474;1.78328e-05;4.62798e-06
6.19405e-07;0.99976;5.06642e-09;1.99857e-06;1.65921e-07;1.00123e-07;4.55147e-08;1.28995e-05;7.4662e-07;4.35039e-08;9.37599e-07;8.31249e-05;0.000136725;2.35016e-06
7.45097e-08;0.00146408;1.59239e-12;2.52909e-07;0.000183984;1.2134e-08;7.04091e-09;0.998349;4.67097e-08;5.62423e-07;4.9325e-08;6.24368e-10;1.36806e-06;9.50588e-07
7.49699e-06;3.2367e-05;0.950537;0.0345199;6.86742e-05;0.000194777;1.30073e-06;1.57518e-06;1.1637e-05;0.000521944;0.000361101;0.0137372;4.12964e-06;1.2775e-06
0.0140742;0.394144;3.2282e-06;0.000460408;2.32727e-06;3.01041e-06;0.00921041;0.00167512;0.118105;0.000132555;0.433674;0.00203609;0.0260372;0.000442388
1.90221e-05;0.995775;5.01715e-08;1.70657e-06;1.20529e-05;1.30829e-07;1.5047e-06;3.93929e-05;4.42239e-06;5.46828e-07;4.9742e-06;7.40805e-05;0.00222223;0.00184514
3.03767e-08;9.41063e-06;2.84865e-11;4.03249e-10;8.02195e-05;2.69229e-10;6.19686e-10;0.99991;8.20184e-09;2.75931e-09;3.36699e-11;1.85583e-07;1.25051e-07;3.59526e-08
1.31071e-09;2.89079e-08;0.999999;3.3769e-08;4.77727e-07;4.24228e-09;8.87738e-12;2.37245e-10;2.40276e-11;3.10334e-09;1.67835e-10;1.48901e-07;8.62673e-09;1.39243e-09
0.000510978;0.00350564;0.000373739;8.13354e-05;6.36918e-06;1.95455e-05;0.000161083;0.000606704;0.041246;1.24916e-05;0.49616;5.65987e-05;0.457252;8.04925e-06
