2.71708e-06;0.970937;1.98442e-08;5.62702e-07;7.27138e-07;7.28961e-06;1.41324e-05;0.000822534;2.1343e-07;2.14439e-05;1.31423e-07;5.05871e-09;0.0281726;2.07068e-05
5.1886e-11;8.35585e-13;1;4.16948e-10;9.94657e-10;7.94033e-11;7.76967e-12;7.1157e-12;1.6798e-12;1.36183e-10;4.68625e-12;9.21192e-08;6.93432e-13;2.06066e-09
3.16452e-07;0.0167237;1.73341e-09;3.07421e-07;4.53301e-08;1.62301e-06;1.08865e-06;3.2411e-05;4.93778e-06;2.74137e-09;5.0377e-06;1.00626e-06;0.983229;7.10731e-08
3.20083e-07;0.031239;0.96875;1.07887e-07;1.04168e-08;1.01253e-09;2.12621e-07;4.43688e-10;7.8934e-10;1.87881e-07;2.17476e-09;8.84015e-06;4.46507e-09;1.12606e-06
3.22683e-08;6.512e-07;0.999982;2.80608e-09;3.00949e-08;2.61851e-10;8.21764e-07;1.15338e-07;1.3469e-08;7.1756e-09;2.342e-08;1.6198e-05;5.01643e-10;2.40549e-07
6.55357e-07;0.246664;3.33739e-09;1.85071e-08;2.48385e-06;3.26612e-06;2.65264e-06;0.732579;1.6239e-06;2.35182e-07;9.19074e-07;5.28156e-08;0.0207199;2.47948e-05
5.06411e-10;6.60571e-11;0.999995;6.33705e-10;3.11071e-11;5.18988e-10;4.26521e-09;1.73287e-10;3.67066e-10;3.54596e-10;1.53091e-09;5.46722e-06;5.49936e-10;9.38962e-11
3.13307e-07;2.5207e-05;0.999307;1.77571e-05;4.78056e-05;4.98684e-05;4.21238e-07;2.13965e-05;1.13275e-05;4.09712e-08;2.17568e-06;0.000139103;1.08406e-06;0.000376073
1.24156e-06;0.00429826;7.07925e-05;9.611e-07;0.000596717;0.00141564;3.62488e-10;5.8978e-05;1.73593e-07;2.07256e-07;1.43084e-08;0.00035133;4.18924e-06;0.993201
5.9344e-06;0.000171767;4.24095e-08;7.98981e-08;3.37349e-06;4.59599e-06;1.62e-08;0.997872;3.24659e-06;2.77281e-09;2.79421e-06;2.69602e-05;0.00190888;2.821e-07
7.86654e-07;0.865313;1.59727e-10;1.24075e-06;1.00207e-06;9.90394e-07;2.20168e-07;0.0010632;2.75586e-05;4.26358e-08;1.33743e-05;1.68362e-05;0.133562;5.54155e-07
1.20602e-06;0.186892;1.40702e-05;4.18301e-06;1.0061e-06;1.39023e-07;3.22982e-08;0.000464395;7.28606e-07;2.22917e-07;4.22663e-06;0.81203;0.00057782;9.80871e-06
2.9904e-06;0.983751;2.44667e-09;2.14052e-05;0.000115706;1.21878e-05;1.02405e-05;0.00051776;1.9229e-06;2.71753e-06;0.000147363;2.59898e-05;0.00709745;0.00829365
6.21817e-06;0.336767;3.04973e-08;9.89065e-09;2.88656e-09;1.34138e-09;9.80266e-06;2.03627e-07;2.8073e-07;1.01497e-08;5.32067e-07;0.660779;0.00243752;1.34578e-08
0.000670195;0.237552;4.14888e-05;2.24667e-05;0.00255833;0.000372758;0.000183143;0.476117;0.00152775;2.01927e-05;4.13137e-05;0.0854566;0.137182;0.0582546
0.000170434;0.361373;6.68264e-06;6.22017e-06;0.000154848;3.83991e-06;1.15788e-06;0.631595;0.000262302;1.41648e-07;1.51208e-06;0.00604699;0.000200887;0.00017739
9.93338e-06;0.00274356;0.000630067;4.78556e-05;0.000283152;1.40235e-05;1.03677e-08;0.0100851;1.01443e-07;7.69152e-08;1.469e-06;0.979207;0.00631845;0.00065898
3.81558e-05;0.0115627;9.15081e-08;0.000125108;0.000398601;4.84729e-05;2.08592e-06;0.244719;0.000171552;1.81801e-06;0.000603808;0.00909484;0.733197;3.66297e-05
1.73989e-05;0.00210643;0.787361;0.0120184;0.000173815;0.0907114;1.34375e-05;5.33015e-08;1.72113e-06;0.000639303;0.000110985;0.000192726;0.101897;0.00475682
2.99556e-05;0.0038635;0.996005;3.89473e-06;2.92114e-07;8.53641e-09;5.07048e-05;2.10121e-05;2.37125e-06;1.70405e-07;9.1147e-06;8.94034e-06;4.46163e-06;2.48197e-07
0.000121689;0.0754345;7.83556e-05;0.000108522;0.000160942;0.00146186;0.0438558;0.00401418;0.401002;1.49411e-05;0.141833;0.000910757;0.330942;6.17496e-05
9.41064e-06;0.989383;2.60749e-08;3.87203e-06;7.37052e-06;4.27581e-06;1.72743e-05;0.000736359;0.000930856;6.48044e-07;8.62219e-05;3.47576e-05;0.00876862;1.70771e-05
0.00060555;0.877103;0.000165394;5.42892e-06;1.3485e-06;2.39354e-08;1.61711e-05;0.00351204;0.000295072;1.75411e-06;2.10977e-05;0.0471373;0.0711359;2.35805e-07
3.25338e-05;0.160051;2.45974e-08;4.73019e-05;0.00708588;2.51832e-06;6.94875e-05;0.000173096;0.000140023;0.000397036;1.2574e-05;0.000325439;7.37366e-06;0.831656
1.52311e-05;0.000171602;0.999269;5.60745e-08;7.41071e-08;1.48181e-09;4.64248e-06;1.0873e-05;1.77858e-07;1.61908e-08;4.30615e-08;0.000526085;1.69023e-06;4.96502e-08
5.93811e-06;0.991599;1.2999e-08;3.08244e-08;1.39775e-05;3.29381e-06;1.15822e-06;0.00413427;6.162e-06;7.41426e-08;2.19814e-07;0.000275494;0.00378572;0.000174807
6.27923e-07;0.0398872;6.082e-10;5.89425e-07;1.68543e-05;6.84184e-05;4.10823e-08;1.60977e-05;1.39197e-06;8.65907e-08;3.92268e-07;0.000241996;0.959723;4.36737e-05
0.000430554;0.00306434;0.987251;0.000382116;0.00223661;0.000204401;7.71773e-06;4.9499e-05;1.04232e-05;6.60624e-05;1.94837e-06;0.00573614;0.00043642;0.000122288
0.000165759;0.840564;6.6652e-07;0.000190335;0.000127194;6.12688e-05;1.17208e-05;0.00241325;0.000443756;6.5032e-07;3.74311e-05;0.00392729;0.151421;0.000635217
2.80732e-05;0.997596;0.000134246;1.66316e-05;7.98003e-07;9.85803e-07;1.10529e-06;0.00127964;1.1664e-05;1.45933e-06;1.6822e-06;0.000112282;0.000809565;5.73983e-06
0.000131396;0.036402;0.00176478;0.00762802;0.00548966;0.00504893;3.24584e-05;0.0118131;0.00341093;0.000722152;0.002449;0.776589;0.145697;0.0028209
8.71475e-07;0.000147157;6.55112e-08;1.17941e-06;1.44198e-09;9.56336e-08;0.996266;1.41738e-09;5.92907e-06;0.00354512;3.03156e-05;4.83422e-09;3.11129e-08;2.76349e-06
2.49226e-08;1.20547e-08;0.999985;8.41662e-08;3.06296e-10;4.66475e-09;1.29518e-05;1.4372e-10;1.49356e-06;5.03007e-08;7.00141e-07;1.78725e-08;1.44724e-10;8.55687e-11
3.07971e-06;0.995304;1.5534e-10;2.79481e-07;3.91798e-09;2.61293e-08;3.87018e-05;2.36641e-07;3.09407e-05;4.95165e-08;1.48503e-05;1.15421e-05;0.00459631;4.11255e-10
7.19698e-06;0.00227092;0.00248942;6.30201e-06;4.33622e-05;8.38278e-07;6.17988e-07;7.91294e-05;6.03288e-08;1.76248e-06;3.24069e-08;0.995047;5.73315e-07;5.27609e-05
1.56838e-07;0.99392;1.32363e-11;7.88082e-09;5.60944e-07;3.57025e-07;3.80795e-07;0.00198482;2.43767e-08;2.52999e-08;1.8623e-08;1.01368e-05;0.00408082;2.51989e-06
8.87416e-07;0.00216061;2.42209e-08;3.67068e-06;6.95425e-06;0.000192861;9.30513e-07;2.21253e-05;8.90543e-07;2.00192e-06;7.59509e-07;0.000687006;0.996904;1.77644e-05
1.037e-05;5.33821e-05;0.999678;4.61795e-05;1.8287e-05;2.37247e-06;4.00529e-06;2.37846e-07;4.97246e-07;1.54693e-05;1.47899e-07;0.000164996;2.04362e-06;3.58003e-06
0.000703263;0.879728;9.45366e-07;0.00218881;0.000306484;3.23805e-05;0.00134187;0.0169405;0.0304144;9.54119e-06;0.00391526;0.000970095;0.0614083;0.00204027
1.57164e-05;0.0214802;3.09051e-07;3.63809e-07;1.79262e-05;3.85338e-07;3.76217e-08;0.978333;2.00874e-07;2.28842e-07;2.74167e-08;1.20405e-06;0.000107095;4.36511e-05
4.85363e-06;0.963216;0.000824181;4.01086e-05;7.31551e-05;3.91011e-05;0.00155728;0.000156517;4.05204e-07;0.00221538;8.81029e-07;0.00114271;0.000267954;0.0304616
5.57221e-10;7.48862e-09;1;1.78926e-09;5.17917e-11;3.95264e-11;2.56591e-09;3.25667e-10;8.14736e-10;1.00814e-10;2.789e-09;5.47438e-08;1.45963e-09;1.87655e-12
2.14725e-05;0.0118019;0.0561471;2.14912e-05;2.77095e-05;0.000427335;4.80134e-06;0.000941639;3.69957e-05;4.9768e-06;7.45674e-06;0.923628;0.00111286;0.00581655
5.46551e-05;0.0690745;3.75955e-08;7.04077e-06;1.34551e-05;0.000297718;0.000122723;0.00174854;1.13463e-05;9.48846e-06;1.03613e-05;3.42749e-08;0.927885;0.000764714
1.07274e-09;8.78842e-11;1;2.01448e-10;1.39449e-10;1.40561e-13;8.96461e-12;2.13973e-11;9.16857e-11;2.54554e-12;1.27284e-10;9.12919e-08;4.12675e-13;3.43345e-12
3.82282e-05;0.211521;0.00735284;5.90053e-06;0.000882309;1.84375e-07;2.70518e-08;0.640897;1.87059e-06;9.73086e-08;2.76663e-08;0.139009;4.0685e-07;0.000291005
4.65824e-09;4.15102e-05;5.42215e-13;1.54482e-10;1.19878e-05;8.25864e-10;1.48793e-11;0.999946;1.18767e-10;3.93278e-10;3.58261e-11;2.25001e-10;5.84803e-07;4.52283e-09
3.25514e-07;6.25784e-06;0.987545;4.74278e-06;0.00039753;1.64719e-05;5.28232e-09;2.09811e-06;5.38846e-10;9.3143e-06;1.6122e-08;0.0120168;1.96942e-07;1.04931e-06
3.53072e-06;0.996936;2.83128e-05;3.87491e-06;1.26739e-06;3.00573e-07;2.40018e-06;0.00251831;3.54699e-05;4.90686e-08;1.45856e-05;7.82389e-05;0.000370848;7.35418e-06
