9.60408e-06;0.997714;0.000275415;0.000176417;6.27606e-07;2.64219e-07;8.16707e-07;1.8319e-05;1.60478e-07;2.02453e-06;3.03485e-07;7.51898e-06;0.00178404;1.02919e-05
3.49633e-06;0.995842;7.44193e-10;1.25686e-05;1.0492e-05;2.25491e-06;2.97672e-08;0.00351917;2.95561e-06;1.55328e-07;1.2166e-06;5.70041e-05;0.000501208;4.72087e-05
1.39147e-05;0.988447;1.37337e-06;2.00825e-05;6.71214e-05;0.000113101;1.5094e-06;0.00534537;1.61776e-05;1.0773e-05;2.16972e-05;0.00511878;0.000723245;0.000100295
0.0009294;0.0593394;7.33414e-06;2.83192e-05;0.000636925;3.18334e-05;0.000288866;0.108641;0.000765104;2.48219e-05;0.000439176;0.827943;0.00047017;0.0004551
4.479e-05;0.986215;2.21211e-06;7.98568e-06;2.5944e-05;8.33732e-07;1.0036e-07;0.000797902;3.13817e-05;2.48626e-08;1.42876e-06;0.00237963;0.0104583;3.48151e-05
1.09349e-05;0.153523;9.48942e-05;2.47823e-05;0.204666;0.000146071;3.84824e-08;0.204558;7.44631e-07;3.90445e-06;2.67599e-07;0.0970711;0.0152089;0.324691
1.5622e-05;0.377343;1.24031e-05;0.00185082;0.000204723;0.00131818;6.29278e-06;0.00559514;8.30329e-05;5.47085e-05;0.000127593;0.207445;0.4054;0.000543312
2.56624e-05;0.0349051;9.72918e-08;7.74318e-05;1.36467e-05;4.75563e-06;1.01151e-06;0.000239054;8.39499e-07;6.96575e-07;5.9461e-05;0.139;0.82523;0.00044182
8.73267e-06;0.120518;6.50263e-08;3.84061e-07;2.7768e-06;2.75299e-06;4.50961e-06;0.00496339;3.56442e-08;3.20767e-06;5.23846e-07;0.000110346;0.874376;9.20628e-06
2.14406e-09;5.20255e-09;0.999998;8.82205e-09;1.51382e-09;6.408e-09;2.06312e-09;3.49033e-10;3.15803e-10;1.63704e-09;2.66137e-09;2.24419e-06;3.14982e-08;6.87873e-10
9.37094e-08;1.48831e-05;0.9916;3.20254e-06;1.35049e-05;1.26362e-06;6.61977e-08;0.0080981;1.48807e-07;5.05213e-08;3.51933e-07;0.000226238;1.43467e-06;4.08779e-05
5.65464e-09;0.000166358;0.00042176;1.26816e-06;0.000115676;0.00939261;2.43897e-10;3.64555e-06;3.10767e-09;3.13031e-07;1.14953e-08;6.05195e-06;2.05587e-07;0.989892
1.3797e-06;0.0195095;7.66643e-09;3.0007e-06;1.438e-05;7.53707e-05;1.17029e-07;0.00588555;2.23653e-07;8.24394e-08;0.000181797;0.00055547;0.973764;8.95117e-06
4.21163e-07;0.00785529;1.15009e-08;5.37492e-07;6.70905e-06;1.44004e-06;5.32058e-08;0.991789;5.94969e-06;4.84551e-08;4.44413e-06;6.48888e-06;0.000329827;2.82667e-07
3.64257e-06;0.753392;5.42429e-07;2.49458e-06;0.000456791;3.6406e-05;1.94856e-07;0.000788541;1.09527e-07;2.15458e-06;2.57821e-06;0.00429996;0.241;1.43785e-05
0.0020167;0.208463;0.00228673;0.000436535;0.0319248;0.000122454;0.000297669;0.155428;0.00012676;0.000211084;0.0023779;0.441777;0.153362;0.0011697
0.00257672;0.074851;4.02655e-05;0.00156992;0.000530708;3.50464e-05;0.000578333;0.162125;0.688421;6.96283e-05;0.053978;0.000245693;0.01432;0.000657998
0.00171529;0.839595;0.00180539;0.000696017;0.00562564;2.0043e-05;2.92689e-06;0.000326088;0.000140202;2.57724e-05;1.59557e-05;0.121078;3.88096e-06;0.0289495
8.47106e-06;0.99879;1.06509e-08;5.53417e-10;1.3075e-09;3.14684e-10;1.01998e-07;2.20479e-05;1.28568e-07;5.47254e-10;3.95875e-08;1.40877e-06;0.00117768;1.72551e-10
3.27415e-10;8.76376e-07;7.33147e-09;3.80256e-09;1.73339e-06;1.69372e-07;6.70598e-13;5.74669e-06;1.42623e-08;1.95214e-11;9.65145e-09;0.999991;7.8417e-08;1.54222e-07
1.2407e-06;0.0262594;2.04268e-08;1.88588e-07;5.20617e-06;5.98086e-06;1.81793e-07;0.000383014;1.25393e-05;2.69245e-09;1.61273e-05;4.28368e-05;0.973273;4.50566e-07
2.98889e-05;0.00130834;2.93191e-07;6.50799e-07;4.0863e-07;2.10408e-07;4.43276e-09;0.000984386;6.5127e-05;1.13006e-08;5.01701e-07;0.997257;0.000342491;1.05786e-05
1.15484e-06;0.935085;4.83076e-09;8.89896e-08;1.5188e-08;2.99896e-08;6.81431e-09;1.53765e-05;2.87885e-08;8.13553e-09;3.81192e-09;4.48697e-05;0.0648537;2.56423e-08
0.000312846;0.198184;0.000164263;0.000638396;0.0216881;0.000585984;3.5323e-06;0.435974;4.24371e-05;3.39582e-06;2.146e-05;0.330205;0.00914435;0.00303221
4.98407e-06;0.21581;3.31585e-09;0.000230848;0.000120293;0.000172439;0.000276991;0.000123794;3.3982e-06;0.000201737;0.000144185;1.15174e-05;0.00158473;0.781315
0.000353743;0.00790447;6.42293e-05;0.000532736;2.90876e-07;3.99918e-07;0.202787;0.000332856;0.00733929;1.37251e-05;0.778208;7.80932e-06;0.00245454;1.18684e-06
1.32589e-06;0.996901;6.86788e-11;2.98102e-08;4.6606e-09;1.45106e-10;5.48204e-07;0.00307724;5.93169e-07;1.89792e-07;3.49607e-07;2.63669e-09;1.74488e-05;1.09528e-06
1.30742e-10;1.98808e-09;1;7.49568e-11;2.32727e-11;1.357e-13;5.47225e-11;5.72679e-12;1.58946e-11;4.87434e-11;9.69183e-11;1.6045e-07;6.8299e-12;1.52797e-12
6.11242e-07;0.000175777;7.84536e-09;6.83155e-07;0.000344926;6.57359e-06;6.28555e-07;0.000271819;3.84657e-06;1.05531e-06;2.07884e-06;1.72516e-07;9.32536e-06;0.999183
1.37986e-06;0.0123485;1.60773e-07;7.70725e-07;4.64838e-07;0.000527049;1.45498e-06;3.40388e-06;5.79608e-07;2.16988e-07;1.78544e-05;6.85797e-06;0.98709;1.44066e-06
6.65414e-06;0.000130925;0.99858;8.1523e-07;2.82653e-06;1.54372e-05;5.43377e-07;2.31336e-07;3.82968e-10;1.36478e-05;4.37207e-09;0.00098559;0.000134288;0.00012868
1.50957e-07;1.73398e-06;0.999997;4.22878e-09;1.36068e-09;1.37094e-08;6.16039e-07;1.68479e-08;6.44375e-09;4.47692e-08;7.88812e-09;4.02409e-08;8.67763e-07;4.7608e-10
2.09276e-09;1.4292e-09;0.999999;3.44791e-09;3.45704e-10;5.52556e-10;9.11248e-08;4.44013e-09;3.9881e-08;3.43486e-09;2.82178e-08;2.79762e-07;5.20487e-07;2.63492e-11
2.13784e-11;1.08102e-09;0.999995;2.29313e-09;8.79344e-09;6.98674e-10;1.68292e-11;1.0087e-08;2.71996e-10;3.20116e-11;2.46821e-10;5.28011e-06;5.50843e-10;1.77902e-07
6.24909e-09;0.000178452;7.16222e-05;3.18777e-08;0.000113253;0.000222973;3.79482e-09;8.4746e-06;4.34114e-09;1.90394e-07;1.54943e-09;1.17661e-06;1.75835e-07;0.999404
8.12715e-08;0.999167;7.6974e-06;2.35947e-07;6.20024e-06;8.6653e-08;9.67117e-09;6.43728e-05;3.13897e-10;3.40644e-09;5.29294e-08;0.000474917;0.000244749;3.49663e-05
1.35934e-09;0.999995;1.49384e-14;8.88341e-09;1.13204e-08;1.96694e-09;5.47196e-10;4.58854e-06;8.6376e-11;8.65939e-10;5.10356e-11;6.93594e-08;4.5143e-07;1.50781e-07
2.61628e-07;0.989124;3.02188e-05;3.40547e-07;2.14855e-09;5.92407e-09;5.30424e-08;6.34376e-05;3.57658e-09;3.98351e-08;1.69547e-07;0.000194415;0.0105874;3.01937e-09
1.08422e-07;0.00210536;1.42819e-08;9.9021e-06;7.89212e-05;2.5935e-05;8.86683e-08;0.000232772;3.55547e-09;5.76103e-06;2.90217e-08;9.87643e-05;5.06159e-05;0.997392
0.000253666;5.52297e-05;2.03324e-09;0.000302006;1.04681e-05;3.83995e-05;8.38589e-05;0.00143551;0.00220078;3.74307e-07;0.0290984;0.00215821;0.964352;1.14978e-05
3.10234e-05;0.00641931;3.59854e-08;7.24765e-06;4.76349e-07;1.91773e-08;7.98147e-07;3.87806e-06;6.32643e-06;1.82281e-07;3.71374e-05;0.990458;0.00303397;1.37765e-06
8.45498e-07;0.99867;4.29847e-11;4.14849e-08;2.20318e-08;1.26465e-08;6.71729e-08;2.28664e-06;8.90716e-08;2.85372e-09;1.4386e-07;1.51598e-06;0.00132421;4.16744e-07
1.8822e-05;0.0754819;2.08639e-06;3.65253e-06;7.02125e-05;5.64695e-07;1.95739e-09;0.000538058;3.24468e-08;7.50417e-08;2.77022e-07;0.923258;0.000315458;0.000311134
4.31197e-06;0.00647933;7.65884e-07;0.000312821;0.0107726;0.00149379;2.68849e-07;0.138606;1.76341e-08;1.02742e-05;5.88539e-06;8.6173e-05;0.704307;0.137921
3.17865e-07;1.61466e-06;1.22484e-07;1.47374e-06;1.90176e-09;5.78115e-05;2.05853e-07;6.44214e-07;1.46824e-06;1.69148e-07;6.2739e-05;2.68828e-08;0.999873;1.45736e-08
6.95359e-09;7.13223e-07;0.999999;3.21924e-08;7.90338e-10;9.97019e-10;2.03115e-09;7.3683e-10;1.14158e-10;3.42302e-08;5.4709e-10;9.07373e-08;5.63181e-10;2.5981e-09
6.50678e-07;0.997692;1.35709e-06;2.14826e-05;3.85334e-06;1.3147e-06;5.56629e-06;0.0015336;1.7621e-05;4.87797e-07;0.00039503;2.31586e-06;0.000303049;2.16067e-05
