1.12279e-05;0.996078;0.00207061;0.000298969;9.71906e-06;7.81088e-07;1.49851e-06;3.3001e-05;3.52051e-06;3.27399e-06;5.72874e-06;0.0011422;0.000334597;6.80559e-06
0.000113603;0.157785;6.51797e-07;0.000238789;0.00940922;4.09489e-06;8.40175e-06;0.823325;0.000476163;2.75613e-05;0.0011344;0.00678915;7.04341e-05;0.000617678
3.98019e-05;0.0144007;0.932416;0.000525679;0.000293982;0.000192984;2.93037e-06;1.2529e-06;5.41103e-07;5.20581e-05;8.19405e-05;0.00222079;0.0487457;0.00102588
5.38252e-05;0.965025;1.01611e-06;1.12794e-06;2.56487e-06;5.55542e-08;4.05798e-06;0.00284986;0.000105717;5.66668e-08;0.00069168;0.0269283;0.00410391;0.000233367
2.3678e-05;0.0981002;3.18881e-09;2.81641e-05;0.0104792;4.3025e-05;1.84169e-08;0.00877989;0.000388927;1.01359e-07;0.000381294;0.768503;0.113025;0.000247246
0.000817915;0.00678964;3.36856e-06;1.28937e-07;9.5302e-06;8.24155e-06;5.29301e-07;0.990088;9.65129e-05;2.98251e-07;4.14058e-07;0.00027593;0.00190877;9.34459e-07
9.1908e-07;0.00387404;2.86086e-08;1.3418e-07;1.07167e-07;1.25213e-07;3.22291e-09;9.01068e-05;3.95854e-07;7.76682e-09;1.91722e-07;1.40227e-05;0.99602;1.83056e-07
1.71154e-05;0.000418745;1.87507e-06;8.79827e-05;9.19954e-06;2.77835e-06;2.68219e-08;0.000164484;6.234e-05;1.70307e-06;8.14415e-05;0.998713;0.000424397;1.50103e-05
7.83393e-06;0.9999;6.93432e-07;2.08553e-06;5.23418e-07;2.16238e-09;1.77729e-07;6.14396e-05;1.07906e-07;1.59483e-07;3.26906e-07;2.02092e-05;4.17378e-06;1.96988e-06
1.19952e-06;0.999899;5.82165e-08;7.78378e-08;8.64878e-09;1.50089e-09;7.47584e-06;1.45948e-05;7.801e-09;2.41421e-06;8.82883e-08;1.88187e-08;7.21495e-05;2.99147e-06
2.12352e-10;4.94508e-10;1;4.10282e-10;7.00959e-08;3.94118e-12;1.19903e-09;1.92046e-10;4.20729e-11;6.126e-10;7.63045e-11;7.02969e-08;6.59431e-15;3.05321e-09
6.52513e-06;0.917269;0.000119643;3.26085e-06;0.000361447;4.26755e-06;4.48844e-06;0.00275843;1.26151e-05;1.59511e-06;7.29171e-06;8.57445e-06;0.0794308;1.21672e-05
2.03024e-06;0.35762;4.83917e-06;1.95383e-06;0.000147406;1.72511e-05;5.52522e-05;0.479151;8.72536e-05;1.16383e-05;2.90029e-05;0.145407;0.0173486;0.000116268
1.56039e-05;0.15677;8.91274e-05;0.00310485;0.052907;0.109498;2.64651e-05;0.171873;0.000451235;2.67349e-05;0.000495116;0.00668905;0.299385;0.198669
6.01465e-05;0.037753;6.46004e-06;3.59061e-08;2.71553e-07;1.10621e-07;2.79116e-07;0.705855;6.5449e-07;1.92837e-08;1.23428e-08;8.69947e-06;0.256315;1.60252e-07
2.92857e-06;0.630881;0.00481325;4.79854e-06;0.000181238;1.11896e-05;2.63688e-08;0.00120143;1.8081e-06;1.34303e-07;7.42334e-07;0.357307;0.000413878;0.00517967
1.65275e-05;0.871493;2.13212e-05;1.67635e-05;0.028015;0.00482072;0.0134322;0.0189483;2.94642e-05;0.00517855;3.51549e-05;2.13803e-06;0.0488996;0.00909073
9.98139e-12;1.90008e-12;1;1.03211e-11;3.96405e-10;1.17234e-12;8.95353e-12;2.48111e-13;1.23843e-11;1.75697e-12;1.75503e-11;1.42833e-08;1.05503e-13;2.23775e-13
2.72431e-05;0.508939;1.53049e-07;3.51628e-07;0.000117548;2.22864e-06;0.000990541;0.0117496;0.000610492;4.1913e-05;3.65034e-06;2.86072e-06;3.82556e-06;0.477511
9.9904e-05;0.000594466;8.21182e-07;7.42697e-07;1.47977e-06;1.83965e-08;0.0382314;0.0255169;0.931559;2.20803e-06;0.00394118;3.05122e-05;2.16891e-05;4.41638e-08
3.05199e-07;0.000123847;0.999855;4.70447e-09;9.6375e-08;9.55596e-11;2.44234e-09;1.27279e-05;1.98384e-08;4.91778e-09;1.41044e-09;1.41436e-08;8.14987e-06;1.23813e-08
1.21929e-07;0.999086;2.07666e-09;3.05137e-09;1.38837e-07;1.0382e-09;1.33278e-05;1.33094e-09;2.82352e-10;3.23194e-05;2.23959e-11;1.48353e-08;3.93264e-08;0.000868318
5.26852e-10;7.96856e-13;1;2.38312e-12;1.23548e-12;5.27967e-15;1.52403e-09;2.80229e-13;2.53753e-09;8.06111e-13;1.64917e-11;1.33888e-07;4.89157e-15;1.98215e-14
3.76658e-05;4.27307e-05;1.78821e-08;1.17083e-05;1.06931e-05;1.28258e-06;0.0002843;0.00924547;0.987016;1.03672e-06;0.00290101;3.1801e-06;0.000444075;8.33791e-07
0.000162969;0.0463206;1.2554e-06;1.00475e-05;4.87833e-06;3.84733e-07;1.15871e-07;0.938787;0.00176677;6.57347e-08;6.16515e-05;0.00528598;0.00759806;2.56568e-07
5.9806e-06;0.996183;1.44838e-11;9.04406e-06;1.02241e-05;8.57646e-06;1.45563e-06;0.000382162;0.000186507;6.32805e-06;7.98247e-06;0.000116672;0.00305337;2.86368e-05
1.03718e-05;9.96769e-06;2.2896e-06;1.3595e-06;1.40413e-06;3.22649e-08;1.22941e-09;9.44808e-08;4.96952e-07;8.94429e-09;3.53007e-08;0.999966;7.38714e-06;6.91674e-07
0.000398689;0.000380085;7.74019e-11;9.51679e-06;5.87902e-07;2.20751e-07;3.2786e-06;0.0016699;0.996762;5.65147e-08;0.00020204;0.000273187;0.000300176;4.15251e-09
1.0322e-05;0.00109479;2.38856e-07;1.04707e-05;1.56017e-07;5.28898e-07;1.66435e-09;2.63452e-07;8.58941e-07;1.16284e-07;1.15373e-07;8.54003e-09;0.998882;2.41124e-08
7.9764e-05;0.00613706;0.985146;8.73494e-06;1.30227e-05;2.35062e-08;5.93394e-09;2.94856e-06;1.9358e-07;5.02021e-08;4.32722e-08;0.00849429;2.28548e-06;0.000115649
0.000336143;0.00901136;1.03312e-05;1.60762e-05;0.0156658;0.000526252;1.19946e-05;0.940245;0.000323295;1.4458e-05;3.22016e-05;0.000982804;0.032624;0.000200237
9.65847e-08;0.000107387;6.56325e-11;2.15893e-07;5.25594e-07;0.000807489;2.66849e-09;3.02927e-05;1.0046e-06;2.85713e-08;4.15658e-07;2.52084e-08;0.999044;8.11642e-06
9.73459e-09;3.16413e-07;0.999999;2.69248e-09;7.08054e-10;6.77001e-11;1.02873e-10;1.2278e-09;8.12669e-11;3.6881e-09;5.77159e-11;5.5989e-07;1.78827e-09;5.84358e-10
2.28943e-05;0.971681;4.39142e-05;0.000432551;0.000281192;9.74933e-05;8.19398e-05;0.0104314;0.00994825;1.2412e-05;0.00272103;5.78011e-05;0.00394126;0.000247447
