7.88297e-06;0.997087;0.00278168;4.68847e-06;6.66948e-07;1.53742e-07;1.71741e-06;4.59278e-06;1.27309e-08;9.23579e-06;2.44455e-08;2.6328e-05;7.41396e-05;1.79453e-06
1.33476e-06;0.991957;1.53559e-06;7.80964e-06;2.61711e-05;1.05428e-06;4.09505e-07;0.00467344;9.39717e-07;3.76278e-07;9.89915e-07;0.000192374;0.00312559;1.08919e-05
5.18064e-05;0.733167;1.07476e-06;0.000762257;0.0495335;0.000565473;7.02025e-06;0.106997;6.86627e-05;0.000398518;5.99094e-05;0.0091672;0.00109615;0.0981242
0.000476213;0.477986;9.03072e-05;4.93409e-05;4.16949e-05;3.50067e-05;0.000689497;0.000514944;0.000162472;4.24301e-05;0.000686859;0.510087;0.00911899;1.87205e-05
4.01675e-08;0.99951;3.39795e-09;6.18344e-08;5.12385e-09;3.2758e-09;0.000151507;1.96818e-05;8.18008e-09;5.14818e-06;5.28413e-09;2.23843e-08;6.17321e-07;0.000312831
3.24903e-10;1.12228e-08;1;4.0881e-09;1.98206e-11;1.90125e-10;1.69418e-09;1.23398e-11;3.96949e-10;2.92216e-10;2.86754e-09;9.24002e-08;3.08609e-09;2.02993e-11
1.3926e-06;0.010495;4.24414e-08;2.78952e-08;1.01235e-06;4.7398e-08;1.54102e-07;0.989242;5.61849e-08;5.33851e-07;2.9561e-08;1.70024e-07;0.000256538;2.75444e-06
2.82128e-09;8.81138e-05;1.96165e-07;2.28208e-07;5.97896e-06;9.72364e-07;2.73666e-09;1.77365e-06;4.81497e-09;1.56233e-08;7.70537e-08;0.999872;3.39415e-06;2.72519e-05
1.53475e-06;0.249746;1.73578e-08;4.0115e-05;1.7189e-05;5.3009e-06;3.0063e-05;0.00211276;2.16152e-06;2.70204e-06;2.73969e-05;2.74558e-06;0.747936;7.56912e-05
0.00035504;0.00194636;4.95625e-07;0.0191099;0.908634;0.0109999;2.72636e-06;0.0061194;0.000419119;0.000498967;4.13101e-05;0.000308655;0.00025355;0.0513102
0.000477817;0.129851;1.04061e-08;3.00015e-08;9.93427e-08;6.88562e-08;5.23836e-07;8.71354e-05;1.61931e-06;8.04089e-09;6.75066e-08;1.79483e-06;0.86958;1.12616e-07
2.00375e-06;0.0960078;4.41078e-09;1.38368e-07;3.296e-06;3.82751e-07;2.1084e-05;2.81257e-07;9.84747e-07;2.28157e-05;1.43671e-08;0.000413841;2.78721e-06;0.903525
0.000396495;0.00162538;1.24365e-05;5.27105e-06;5.52801e-06;1.51169e-06;0.0454804;0.000411665;0.946475;7.87771e-06;0.00535989;4.82275e-07;0.000217723;4.65471e-07
9.65551e-06;0.996116;2.26918e-07;4.40931e-07;6.01452e-06;3.27781e-06;1.5966e-07;0.0011147;6.76311e-06;3.36483e-07;2.26193e-08;1.08738e-05;0.00271395;1.76759e-05
2.41743e-05;0.0296201;1.25933e-07;7.81655e-05;0.00487049;1.02329e-05;4.92587e-07;0.963857;7.11905e-06;4.61919e-05;1.6658e-06;0.000112261;0.000357359;0.00101434
1.37399e-05;4.76951e-05;0.999819;2.18096e-05;3.03206e-05;2.11394e-07;2.66818e-07;1.03615e-06;1.94738e-07;2.01815e-06;4.69493e-06;5.37725e-05;4.93024e-06;4.01894e-07
1.84396e-06;0.000281209;1.26649e-10;4.32332e-08;4.7048e-09;1.01097e-08;0.998749;5.28089e-07;6.87356e-05;0.00055355;0.000341675;2.30268e-10;7.88033e-08;3.43615e-06
3.32674e-09;1.76082e-10;1;1.04261e-08;8.48135e-10;6.37583e-10;8.15416e-08;1.28828e-11;1.76228e-08;8.96943e-10;3.86725e-07;5.48277e-08;2.1359e-11;1.48004e-11
0.000243002;0.733413;1.23636e-07;3.38145e-05;0.000198855;4.74925e-06;9.36966e-06;0.260262;0.000408909;1.64061e-06;0.000539562;0.000141501;0.00472676;1.6419e-05
2.86895e-05;0.0238028;3.23331e-07;1.52137e-05;0.000112126;4.6578e-05;7.96296e-07;0.0264494;1.90555e-06;7.27959e-06;1.12963e-06;7.16728e-05;0.948835;0.000626522
5.19479e-06;3.61574e-05;0.00541318;7.46489e-05;0.00015638;0.00269856;4.20782e-07;2.12015e-05;1.43055e-06;4.13599e-06;2.09447e-05;0.99046;0.000549091;0.000558363
7.37758e-06;0.999685;6.89147e-07;3.65891e-08;1.04209e-09;3.20084e-09;0.000116505;0.000138749;2.16502e-06;3.23933e-07;7.25729e-07;1.85883e-09;3.07256e-06;4.50047e-05
9.7445e-12;1.20424e-11;1;1.79004e-12;4.0762e-12;3.75021e-13;2.75235e-11;5.19381e-12;2.00715e-12;3.63875e-12;2.62008e-12;5.20777e-09;9.10313e-12;1.06659e-12
9.76809e-08;0.999642;5.89241e-11;2.55871e-08;1.06867e-07;1.50147e-08;2.15709e-06;2.04193e-07;6.09457e-08;7.88404e-07;9.879e-08;6.86914e-07;0.000348966;4.57599e-06
3.52857e-09;4.95797e-09;1;3.85603e-10;1.65213e-10;4.42295e-11;1.70062e-07;1.65185e-09;1.7223e-10;3.6248e-09;8.21277e-10;1.15131e-07;1.03328e-08;2.52927e-09
3.54173e-05;0.00227863;4.69698e-07;3.65901e-05;0.000117723;0.00469794;0.00235545;0.00723373;0.00789791;0.000109795;0.00330609;0.000491248;0.970633;0.000805745
1.60838e-05;0.730648;0.264032;2.43565e-05;2.92174e-07;2.79844e-07;0.00344315;5.13866e-07;1.04409e-07;0.000493381;1.79325e-06;0.00131541;1.35623e-05;1.05131e-05
6.20059e-10;4.74454e-09;1;5.05889e-09;2.73771e-09;2.43265e-10;8.50783e-09;2.35489e-10;3.31538e-10;2.00734e-09;3.28145e-10;1.17281e-08;2.65408e-11;4.39994e-10
0.00023324;0.0839579;0.00275899;0.000113365;0.0118481;0.0110181;0.000124959;0.240394;0.00100655;0.000288264;0.00166358;0.25472;0.251495;0.140378
3.2004e-06;0.0288995;2.77619e-06;3.83286e-06;4.36092e-05;8.76674e-05;9.42443e-08;0.00113621;1.70007e-05;1.03905e-06;9.4472e-05;0.968816;0.000835068;5.96644e-05
3.01104e-09;1;1.1595e-12;6.64177e-11;4.32702e-11;4.69076e-11;1.05703e-08;9.18605e-09;5.21484e-13;6.55854e-09;3.2631e-11;1.62436e-09;8.36296e-08;1.69177e-07
6.37393e-10;3.05458e-09;1;1.69365e-11;1.02979e-11;4.61673e-12;2.5843e-10;2.1956e-10;3.91254e-12;3.04308e-11;3.37954e-12;2.73324e-08;4.59209e-10;3.25315e-12
1.71557e-05;0.7149;9.56206e-05;0.000326799;0.00085997;0.00227368;0.000174415;0.180494;0.000689854;1.4422e-05;0.000103727;0.00639809;0.08367;0.00998244
3.46115e-08;0.000291891;1.56474e-09;9.12484e-07;1.47872e-06;4.28766e-06;4.29057e-08;0.000168386;1.14136e-07;2.02167e-08;3.77132e-06;3.29999e-05;0.999494;1.80055e-06
4.21045e-06;0.000394254;6.55235e-07;0.00010657;2.7458e-05;4.06463e-06;3.04416e-07;4.6022e-05;4.12275e-06;4.76438e-06;1.21444e-05;0.999232;0.000150297;1.35978e-05
0.000321727;0.948501;7.69747e-09;4.2353e-06;7.97524e-06;2.01787e-06;2.41454e-05;0.043175;5.61659e-05;1.4129e-06;9.75153e-06;4.81691e-05;0.00755266;0.000295855
4.61558e-05;0.104923;0.000711036;1.54985e-06;4.22763e-06;1.07469e-08;7.33793e-06;0.0147268;1.51182e-05;7.36729e-07;1.70597e-05;0.87947;7.65009e-05;7.02566e-07
1.16283e-06;0.991152;2.15825e-08;2.06097e-05;0.00239171;2.41754e-06;3.81327e-07;0.00149875;6.03241e-07;7.721e-06;1.03033e-06;0.000251243;0.000122444;0.00454984
4.12528e-05;0.0009924;1.44216e-05;3.43508e-06;9.77638e-06;0.00191535;2.75355e-05;1.1993e-05;9.2073e-05;5.81241e-05;3.36713e-05;0.00348983;0.993303;6.91748e-06
0.000207001;0.0208559;0.968317;3.81291e-05;1.03287e-05;1.597e-06;0.000137919;2.68303e-06;2.20516e-06;0.00312336;1.53408e-06;0.00728318;1.90839e-06;1.74033e-05
9.95572e-07;1.43208e-05;0.999976;7.16149e-07;1.69612e-08;5.31388e-09;6.88962e-07;5.17831e-08;1.66519e-06;1.18289e-07;8.66842e-07;4.61152e-06;4.22655e-08;5.31385e-09
2.63392e-05;0.884729;1.26873e-05;3.8838e-07;1.3155e-07;7.30239e-08;0.000121963;7.83457e-05;4.3889e-06;3.2356e-06;1.17086e-05;0.114823;0.000187797;6.73346e-07
3.52035e-06;0.426061;8.81454e-07;7.5683e-05;0.000748306;0.00957116;1.39925e-05;0.310091;3.55187e-05;7.12795e-05;6.81943e-05;4.79584e-05;0.0126378;0.240573
1.39059e-10;1.32588e-08;1;7.90177e-10;7.34942e-12;1.66222e-11;9.83928e-10;4.22368e-10;8.04475e-11;4.38264e-11;5.53009e-10;4.41612e-08;7.55842e-09;7.71124e-14
1.75053e-08;9.35497e-05;0.000399036;5.83542e-07;1.15815e-06;1.13407e-08;3.59349e-08;3.92238e-05;2.10605e-07;5.45232e-09;3.15679e-07;0.999464;1.9673e-06;1.32092e-07
6.15806e-06;0.23657;4.03468e-06;5.28742e-06;0.000698057;0.000211514;4.14719e-06;0.635987;1.60111e-05;9.25381e-07;1.38488e-05;9.03065e-05;0.126271;0.000122115
1.54458e-05;0.00780229;9.82095e-06;0.00211982;0.183069;0.454459;6.04309e-06;0.0011724;1.03661e-06;9.83724e-05;1.82616e-05;0.00860701;0.0972984;0.245324
2.95742e-05;0.00259661;0.000562613;1.64336e-05;0.000331523;7.58803e-05;1.04876e-09;0.992269;8.69838e-09;1.3529e-08;5.03668e-09;7.28341e-06;0.00409455;1.68189e-05
6.68721e-05;0.760903;0.000816037;2.82215e-05;5.87767e-05;0.000442834;7.66216e-08;0.0983706;1.91801e-07;2.43614e-05;4.10444e-08;0.0850766;0.00167285;0.0525392
0.00045326;0.00876041;1.08392e-07;0.000339385;0.000352395;0.000521049;3.35347e-05;0.88958;0.0016584;1.00174e-05;0.00527553;2.62196e-05;0.0929811;8.46282e-06
1.19454e-06;0.999578;1.56722e-06;1.96519e-06;1.11496e-08;1.01102e-08;3.14962e-08;1.15135e-05;2.83088e-08;6.90774e-08;2.9042e-08;1.74684e-08;0.000405653;2.69174e-07
5.47923e-05;0.854607;5.00004e-06;0.000849058;4.34217e-05;3.15827e-05;8.87038e-06;0.136267;3.2694e-05;5.02969e-05;9.52999e-05;0.00478221;0.000807332;0.00236493
3.25974e-06;0.0187027;4.8289e-08;0.00399353;0.00474574;0.0775986;1.01476e-06;0.000427168;1.77476e-06;0.000122727;3.2687e-05;0.000460825;0.000258126;0.893652
0.000141541;0.996667;1.86195e-05;4.35499e-06;2.39389e-07;5.11544e-06;0.000363923;0.000781662;5.40698e-07;8.5917e-06;0.000232182;0.000672495;0.0011031;6.46845e-07
6.73694e-06;0.161717;1.03486e-05;0.000235088;0.0100011;0.00655484;2.57721e-06;0.143505;3.69742e-06;7.94409e-06;5.61726e-05;0.632016;0.0301554;0.0157275
4.21221e-06;0.000200595;5.6783e-08;2.13217e-05;9.11696e-06;8.58652e-07;2.56927e-07;0.00115736;7.92204e-06;1.07661e-07;7.80023e-05;7.53798e-06;0.998513;6.07573e-08
0.00402745;0.00829432;6.71614e-05;0.000203926;4.36194e-05;2.08525e-06;4.10048e-06;0.0333975;0.00143645;1.64767e-05;0.000699792;0.921916;0.0298132;7.77314e-05
5.13195e-06;0.996513;1.91432e-08;4.27537e-08;2.84494e-08;4.32805e-08;2.39484e-05;1.72087e-05;1.84459e-08;4.95107e-05;2.10493e-08;5.13712e-08;6.67081e-06;0.00338454
1.72522e-10;4.05364e-11;0.999999;7.21878e-10;6.50646e-10;8.99163e-11;8.9692e-11;5.64286e-13;4.49033e-11;2.02968e-10;2.28818e-09;1.37327e-06;1.156e-13;1.4431e-10
7.93024e-08;0.999437;8.23656e-12;6.38213e-09;3.17463e-09;1.09775e-09;0.000349176;2.02671e-06;3.2192e-10;9.52706e-06;1.28869e-08;1.80371e-11;8.97511e-06;0.000192778
1.08893e-11;3.3239e-13;1;6.04108e-11;7.0137e-11;9.772e-11;1.74962e-10;1.41503e-12;1.24667e-12;1.411e-10;9.47704e-12;3.77004e-09;6.26642e-12;1.3077e-11
1.32676e-07;0.00167043;8.47858e-10;3.93102e-06;1.1276e-06;0.000180015;0.000208048;1.08265e-05;1.76408e-05;1.4054e-07;2.4465e-05;7.06447e-08;0.99788;3.69106e-06
2.5179e-06;0.000469306;0.999197;4.58472e-06;5.65793e-08;1.8553e-08;0.000231811;1.61007e-08;2.70271e-07;6.57605e-05;4.33589e-07;2.13979e-05;7.02288e-08;6.37364e-06
1.91739e-07;2.19359e-07;0.999932;2.44152e-06;1.11452e-08;4.81513e-09;2.75294e-06;4.04628e-09;4.45471e-05;5.25433e-08;1.652e-05;9.2241e-07;2.87662e-09;1.38966e-09
8.04024e-06;0.973481;2.46088e-06;5.00618e-05;8.16193e-07;5.37578e-07;1.79114e-06;2.76478e-06;1.51934e-05;1.13288e-06;0.000131881;5.19038e-06;0.0262985;4.17551e-07
1.63259e-07;0.000481819;3.64854e-07;5.11334e-08;1.88699e-07;3.03002e-09;1.50036e-08;4.45277e-06;6.00125e-09;5.52308e-09;3.22755e-08;0.999329;2.19718e-06;0.000181561
1.72745e-07;0.996384;1.28342e-06;1.34063e-08;1.50988e-05;1.56354e-07;2.59078e-08;0.000285389;2.67024e-09;1.42135e-08;3.99106e-09;9.96483e-08;0.0023358;0.000977816
1.57884e-06;0.000694018;3.80385e-06;3.73646e-06;2.87268e-06;0.00654994;9.5909e-08;0.000140605;1.59337e-05;2.32427e-06;2.9226e-06;0.000304399;0.991955;0.000322578
7.37062e-09;1.32468e-06;0.999985;3.75129e-08;4.38189e-08;6.87265e-08;6.14748e-10;3.16216e-08;1.5653e-10;5.06089e-08;2.53846e-10;1.35157e-05;1.27391e-08;2.29118e-08
3.78653e-06;0.982398;6.66032e-06;2.05439e-05;2.25819e-05;4.55822e-05;4.72864e-07;0.00643241;2.51613e-05;4.21542e-07;5.95956e-05;1.28623e-05;0.0109019;6.97294e-05
