3.7274e-06;0.955982;8.03828e-09;1.09071e-06;1.44686e-05;2.64091e-05;4.12963e-05;0.00407814;1.47275e-06;4.51543e-05;6.27667e-07;7.56327e-09;0.0397898;1.59354e-05
1.38501e-10;4.69225e-12;0.999998;5.16962e-09;1.48599e-09;7.01611e-10;5.75353e-11;3.7856e-12;7.89153e-12;3.82951e-10;5.16663e-11;2.23964e-06;1.91252e-12;3.75601e-09
9.30444e-07;0.925265;8.27395e-11;1.43208e-06;3.0355e-07;2.02596e-06;6.95773e-06;0.000881434;9.0106e-06;1.04866e-08;2.72171e-05;0.00076346;0.0730418;5.65301e-08
1.40315e-07;0.999878;4.01558e-08;8.18288e-09;1.18656e-10;1.86208e-09;1.39377e-06;6.08547e-07;2.70123e-08;1.55959e-09;1.68228e-07;7.0515e-06;0.000112339;7.48785e-11
1.7239e-06;0.0221217;1.0838e-08;0.000129058;0.00142318;0.000884652;1.13402e-07;0.00117889;9.33159e-05;6.69301e-07;0.000111441;0.96916;0.00100976;0.00388557
0.00153302;0.046104;0.000427505;1.30933e-05;0.000697755;0.00115335;1.27701e-07;0.939437;9.53273e-06;5.83132e-06;6.60494e-06;0.00159449;0.00814868;0.000868619
6.37622e-06;0.0908244;0.000308409;1.9754e-06;0.00170769;9.78994e-05;1.8581e-09;0.000848791;2.19671e-07;1.19765e-07;1.33448e-06;0.826421;0.00558815;0.0741941
3.32147e-05;0.230242;0.00234316;2.90408e-05;0.000392654;2.59886e-05;7.32759e-06;0.750243;0.000272658;2.92999e-05;0.000353007;0.010976;0.00494338;0.000109511
4.99578e-06;0.000192023;3.09897e-07;4.61235e-05;0.896308;0.0335514;2.74355e-07;0.000386038;0.000107327;0.000124232;1.99675e-05;0.00182807;4.06588e-05;0.0673904
0.000124569;0.987708;4.05764e-08;6.41303e-07;1.89208e-06;4.05751e-09;2.4337e-09;0.0117886;7.41453e-07;4.08995e-09;4.22418e-08;8.61449e-06;0.000366513;1.13824e-07
8.28804e-07;0.0606792;1.66818e-10;5.38889e-08;0.0001175;1.14297e-08;2.00238e-10;0.939177;1.06746e-08;8.18001e-08;1.61513e-10;6.05168e-06;5.82196e-06;1.37252e-05
2.37452e-07;3.63864e-05;0.990689;1.75205e-06;4.29729e-05;2.64503e-05;7.2026e-09;3.37168e-09;1.23324e-09;5.12734e-06;4.5758e-08;0.00918173;1.06742e-05;5.38743e-06
1.3538e-06;0.709335;3.812e-06;5.12959e-07;2.10814e-06;2.04365e-06;0.287098;0.00241597;1.1398e-05;0.000883355;2.31484e-05;2.64009e-07;1.76499e-05;0.000204972
1.26018e-10;1.16411e-11;1;8.98926e-10;6.37629e-11;1.54665e-10;9.96524e-10;1.19773e-12;2.01415e-09;4.46343e-11;2.2117e-09;5.14739e-08;2.79782e-10;1.55742e-12
0.000418529;0.997761;0.000107063;4.4253e-05;6.34822e-05;8.54575e-07;4.5333e-06;0.00106284;1.99704e-05;1.6026e-06;2.40577e-06;3.4223e-05;0.000270679;0.000208548
4.40863e-05;0.0838972;3.80673e-10;3.52994e-07;2.12178e-05;2.65685e-08;1.28121e-07;0.916002;1.30078e-05;4.10748e-07;6.19227e-08;1.9201e-06;1.77605e-05;1.49623e-06
1.18498e-05;0.00102398;0.811252;6.15146e-05;0.000994268;0.000814949;5.57626e-08;3.2846e-06;1.93267e-07;2.77425e-05;1.504e-06;0.184927;0.00035105;0.000531637
3.80293e-05;0.0930839;2.06009e-08;7.5725e-07;4.47591e-06;2.47793e-06;0.895945;0.000115264;2.72005e-05;0.00606048;2.945e-05;8.19159e-07;0.00201403;0.00267845
1.50514e-09;2.73657e-10;1;5.73827e-09;9.29563e-12;1.28612e-10;9.41512e-09;1.20887e-12;1.71514e-08;8.57334e-11;2.12045e-08;3.09796e-10;1.61441e-10;2.46723e-12
6.30888e-07;0.999964;4.50177e-07;3.47745e-06;2.34165e-08;7.48559e-08;7.94388e-08;1.43908e-05;1.80036e-07;3.55881e-08;1.31766e-07;4.10803e-06;3.8486e-06;8.10704e-06
2.40061e-06;0.993535;2.10876e-09;4.89975e-06;8.46539e-06;2.04505e-05;6.5922e-09;0.0037377;1.96445e-06;1.54571e-07;4.09306e-07;0.00130424;0.000728807;0.000655014
1.73288e-05;0.198801;2.76163e-07;5.94734e-06;0.000319953;5.06802e-05;7.8886e-07;0.799049;9.45618e-05;8.16385e-06;0.000140647;0.000181401;0.0013255;4.63339e-06
7.3871e-05;0.275761;3.29605e-06;0.000160228;0.0031744;3.72531e-05;2.7958e-06;0.00921303;1.9066e-05;3.18667e-05;1.90336e-05;0.694262;0.00560552;0.0116367
0.00246313;0.94218;2.71489e-06;2.9313e-05;1.3141e-05;9.44559e-08;6.44066e-05;0.00246067;0.000589396;1.03447e-06;3.65396e-05;0.00145094;0.0506943;1.44318e-05
3.06356e-06;0.201017;7.50803e-11;1.28839e-08;6.22545e-05;1.88857e-10;1.17239e-08;0.798593;4.43375e-08;5.92461e-08;7.88732e-10;9.14567e-05;8.84137e-09;0.000233195
2.30038e-06;0.00016505;0.422678;2.5795e-05;0.0139015;0.0011738;4.43768e-07;4.48016e-06;1.30488e-08;1.53733e-05;4.89881e-07;0.561482;0.000124734;0.000426167
1.13244e-07;0.992955;2.53131e-07;4.14253e-08;2.07917e-08;5.37486e-08;0.00667191;0.000338562;1.50284e-07;8.76007e-06;4.51452e-07;4.70135e-09;1.19273e-06;2.3623e-05
1.17952e-11;3.21642e-12;1;4.4766e-11;4.59651e-12;9.57224e-12;1.28271e-10;3.04919e-13;8.00829e-11;4.48412e-12;1.67247e-10;4.67594e-09;2.81041e-12;9.25839e-13
0.000216122;0.178032;5.65943e-05;1.62159e-06;6.89289e-06;4.0887e-06;3.82877e-06;0.819494;8.1672e-05;3.85279e-06;8.70288e-06;3.49248e-05;0.00199456;6.10431e-05
6.71119e-07;0.0305764;2.25324e-07;8.73058e-07;6.54445e-06;4.78491e-06;3.04297e-08;0.000703527;3.14623e-06;7.28479e-08;1.97126e-06;0.966837;0.00161318;0.000252002
6.02044e-05;0.845579;1.65617e-05;6.05888e-06;2.3112e-05;8.80656e-07;6.41337e-05;0.141195;0.000960089;1.34717e-06;0.000406871;0.0105928;0.00109327;4.53065e-07
0.000496438;0.268792;0.00117661;5.61442e-05;0.00635425;0.000304908;1.31404e-05;0.00952894;0.000315138;7.47382e-05;2.22138e-05;0.351399;0.361205;0.000261375
0.00172123;0.188143;6.77173e-07;0.000331804;4.75432e-05;1.91756e-05;3.62419e-05;0.0338842;0.771482;3.50563e-05;0.00057406;0.000436667;0.00320028;8.79902e-05
0.00897896;0.710659;4.81927e-05;0.00163434;0.00608432;8.04501e-07;1.09521e-05;0.247804;0.00759245;7.80533e-05;3.90226e-05;0.0164698;2.19424e-05;0.000578031
0.00128752;0.351748;6.55734e-06;1.65892e-05;0.00133057;4.42057e-07;1.01545e-07;0.644951;7.0249e-06;4.22323e-06;1.64869e-07;0.000363152;0.000152887;0.000131954
3.49082e-05;0.0041731;1.68158e-08;3.49275e-05;0.0483496;3.01746e-06;4.3133e-07;0.942741;0.000275558;1.05072e-05;1.38536e-05;0.000659013;0.00370198;2.22044e-06
3.12534e-05;0.000116784;0.996887;5.01585e-05;9.95165e-05;3.35877e-06;3.15171e-06;6.88536e-07;4.22448e-06;0.000203847;5.06728e-06;0.00259074;4.05007e-06;3.84484e-07
0.000479202;0.244935;0.000212447;0.00051821;0.000833069;7.32464e-05;0.000358567;0.218168;0.513901;2.80539e-05;0.013305;0.00429347;0.00282473;7.02377e-05
