8.46574e-06;0.996215;0.000117497;0.000164287;6.63688e-06;3.39747e-05;2.94454e-06;2.24447e-06;7.27131e-07;4.35278e-05;2.26595e-05;1.78698e-05;0.00333852;2.59186e-05
1.78676e-05;0.0116545;0.00447478;1.05602e-05;8.83217e-06;3.7334e-07;4.78041e-08;7.275e-05;2.01648e-07;5.62578e-08;3.32365e-06;0.983658;7.47064e-05;2.34623e-05
0.000160974;0.95707;4.12796e-05;3.73772e-06;0.00168076;1.04989e-05;0.00010884;0.0404641;0.00019661;1.8806e-06;6.4053e-05;2.62725e-05;0.000127815;4.3133e-05
1.642e-05;0.724667;0.00110268;5.19191e-06;0.00048761;0.000273366;4.67508e-08;0.00570425;1.67467e-07;3.43304e-06;2.33022e-07;0.00405461;0.26333;0.000355613
4.63896e-06;0.0333175;9.87622e-07;6.27108e-07;2.36519e-05;5.31923e-07;1.75523e-06;0.00696393;8.49096e-05;4.02514e-06;3.99688e-06;0.959517;2.32834e-05;5.29044e-05
3.73542e-05;0.982651;3.11218e-05;6.03122e-06;7.33476e-05;4.94164e-06;2.40035e-05;0.0148371;0.000156181;9.20514e-06;9.76549e-05;0.000419869;0.00165071;1.40921e-06
1.619e-05;0.0503042;7.07512e-05;1.86308e-06;9.56658e-07;1.16497e-06;2.97269e-06;0.00285129;6.61883e-06;4.79314e-07;6.2063e-07;0.068822;0.877912;8.72519e-06
2.87683e-07;0.00431199;1.81864e-07;1.30332e-06;1.57138e-06;2.6137e-06;3.19767e-09;0.000231631;3.66265e-08;1.7671e-08;2.60128e-07;8.97307e-06;0.995381;6.03723e-05
2.30234e-05;0.0564257;8.51643e-06;6.79538e-06;3.69383e-05;9.43986e-05;2.39066e-05;0.0171717;5.39175e-07;0.000104438;2.82221e-06;0.00153009;0.924052;0.000518583
3.98977e-10;4.70416e-10;1;8.87233e-09;8.65796e-11;9.71143e-10;1.71566e-08;8.43157e-10;2.54454e-10;1.2557e-09;1.07754e-08;2.78325e-08;2.03338e-08;2.51558e-12
4.97388e-09;1.44902e-06;0.999539;1.04153e-06;3.84639e-07;2.9711e-07;4.49503e-09;0.000414677;2.8031e-09;5.20826e-09;3.42516e-08;4.16368e-05;3.97973e-07;6.03817e-07
4.34658e-09;0.000433958;6.79776e-05;4.70746e-07;3.14806e-05;0.00915137;5.01431e-11;1.74479e-06;1.11295e-10;3.87725e-07;7.92425e-10;3.05978e-06;8.6658e-08;0.990309
2.27369e-07;0.00039708;1.45064e-09;9.79859e-07;3.05882e-07;2.82493e-05;1.01321e-09;0.000617417;2.0251e-08;8.37765e-09;3.25272e-05;3.81942e-05;0.998885;4.16312e-07
1.4252e-05;0.997294;1.22201e-06;2.85926e-06;2.20245e-07;2.07371e-07;6.95751e-08;0.000467394;3.20995e-07;1.05687e-07;6.11112e-07;1.49053e-05;0.00216267;4.14785e-05
1.45402e-07;0.000279807;3.41765e-09;4.17655e-08;7.04401e-05;9.30874e-09;8.31525e-10;0.999646;1.09822e-09;5.4178e-07;4.8261e-10;3.7501e-07;3.44432e-09;2.50082e-06
1.57958e-07;9.47847e-06;0.999976;3.42855e-06;1.19578e-06;1.66513e-06;6.1716e-08;3.16759e-09;1.09146e-09;5.42979e-06;6.76763e-07;3.97191e-07;1.14608e-07;1.01872e-06
5.95767e-08;0.000230865;3.76016e-09;1.04111e-09;1.26839e-12;5.42564e-11;0.999543;6.20646e-12;1.40126e-07;2.94751e-05;0.000196581;8.7446e-09;1.50381e-08;4.1551e-08
1.48088e-12;3.41365e-12;1;2.7371e-11;3.48881e-13;3.33012e-13;1.14174e-09;1.00089e-13;3.70545e-11;3.5034e-12;4.82956e-09;7.46192e-10;2.54111e-13;1.70072e-14
3.32214e-06;0.186773;1.6221e-09;3.29248e-06;2.55717e-05;2.51642e-08;1.30368e-05;0.811814;0.000104036;3.55422e-07;0.00117767;3.22455e-05;5.25781e-05;2.6991e-07
2.49931e-05;0.702663;0.0190963;0.00101122;0.000620451;0.000494217;2.72937e-06;8.32493e-05;3.9039e-07;0.000174367;0.000333149;0.00505595;0.260629;0.00981108
0.000357038;0.0567058;0.000831705;5.55369e-05;8.66318e-06;7.83241e-06;0.000327997;0.492541;0.000342922;3.20836e-06;0.0558898;0.371281;0.0216355;1.22233e-05
0.000154635;0.447602;2.93805e-05;0.000852425;0.0450456;0.0212515;3.01895e-06;0.22954;7.20935e-05;5.63537e-05;0.000304378;0.168006;0.0744353;0.0126486
0.000575932;0.00115531;6.93943e-09;9.27721e-07;4.05082e-07;0.000150805;1.06154e-06;2.16775e-05;0.000274564;1.98569e-07;7.18403e-05;4.96501e-05;0.997671;2.65412e-05
0.000181945;0.147303;0.852091;2.7183e-06;2.45627e-06;7.26215e-08;1.76608e-06;0.000165151;1.26848e-06;7.17122e-06;1.30322e-07;7.99244e-05;0.000157111;6.38235e-06
8.25426e-07;0.973827;1.36334e-06;2.49505e-06;9.77548e-07;2.0629e-07;2.95906e-06;0.0244912;2.74766e-05;2.32309e-07;1.11452e-05;4.80238e-05;0.00154554;4.00177e-05
7.49326e-07;0.970756;8.86092e-07;3.06402e-06;5.5365e-06;7.60841e-06;1.42518e-07;0.0264885;5.34318e-07;3.54655e-06;6.66632e-07;0.000877592;0.00183566;1.92596e-05
2.38891e-07;0.000332467;4.04771e-09;7.167e-06;4.27907e-06;5.36734e-05;1.08923e-08;0.00596449;2.33942e-07;1.48003e-07;3.55017e-05;0.000106544;0.993492;3.16872e-06
5.53686e-05;0.965791;1.54537e-10;1.83315e-06;1.41708e-06;4.92905e-08;4.28622e-05;0.000747549;8.70255e-06;1.33449e-06;0.000307341;0.000196179;0.0325239;0.000322393
9.22868e-05;0.703182;8.07593e-06;7.63354e-05;5.5452e-06;7.80358e-07;0.190395;2.6e-05;4.90084e-07;0.0697822;3.28512e-06;0.00874536;2.22643e-05;0.0276603
1.4603e-10;2.16967e-11;1;1.96323e-09;7.07768e-11;1.4841e-12;4.85032e-09;5.86854e-12;7.11964e-10;6.27581e-11;5.90446e-09;7.22243e-11;2.24364e-13;9.52391e-13
5.67382e-06;0.963063;3.48952e-05;5.0065e-05;2.44436e-06;1.35771e-06;3.13115e-06;0.000292733;3.95406e-07;4.92818e-06;7.29874e-05;2.87633e-06;0.0364581;7.59106e-06
3.6758e-05;0.0629438;0.000192823;0.000171517;2.41593e-06;2.96741e-06;9.47719e-05;0.299085;3.96658e-05;2.81679e-06;0.00161816;0.612641;0.0231284;3.95518e-05
3.63136e-05;0.271855;1.1629e-05;0.0166846;0.0403218;0.27499;3.56473e-06;0.265824;3.43233e-05;9.02e-05;0.000534414;0.00228916;0.0403361;0.0869881
1.53998e-06;0.000406865;1.04658e-09;2.27673e-07;5.59713e-09;8.29544e-06;2.17121e-08;5.97019e-08;1.52441e-07;3.04088e-08;2.75113e-06;1.52876e-06;0.999576;2.43611e-06
4.22453e-05;0.0370943;0.961576;2.25632e-05;6.10229e-06;1.52305e-07;6.18385e-06;4.57832e-05;3.64486e-07;3.06374e-05;8.77201e-07;0.00109196;5.09803e-05;3.18048e-05
4.61586e-07;0.996645;7.65521e-08;3.04073e-05;1.58543e-06;4.2894e-07;4.83121e-06;0.00257935;2.59095e-05;3.90298e-07;0.00010378;6.81372e-05;0.000514716;2.51076e-05
6.79734e-07;0.740566;1.98292e-08;9.53358e-06;2.21065e-06;7.06461e-06;4.23738e-08;0.256865;2.68745e-07;1.27314e-06;2.06084e-06;0.000383473;0.0021524;1.00984e-05
3.22384e-07;0.00104162;1.51518e-10;3.11065e-06;8.06151e-06;1.80459e-06;9.05464e-08;0.00699981;4.3789e-07;2.6876e-07;4.04742e-05;5.05712e-05;0.991852;1.12792e-06
1.6926e-05;0.000501323;6.71761e-07;1.56157e-05;1.28323e-05;1.10293e-07;2.02992e-07;4.77696e-05;2.33329e-06;5.56455e-07;5.53348e-05;0.999326;1.72614e-05;3.40258e-06
1.35779e-05;0.9991;5.57242e-07;2.58699e-05;2.61547e-05;8.1495e-08;9.11412e-08;0.000473099;1.89827e-06;1.48846e-07;3.97451e-06;0.000318994;3.42735e-05;1.71252e-06
2.89039e-06;0.917614;1.06006e-06;7.61151e-06;9.91105e-06;1.56058e-06;2.46154e-08;7.68822e-06;1.04024e-09;1.99226e-06;9.01614e-07;5.08127e-05;0.0822337;6.78583e-05
9.91378e-06;0.0127885;0.00095132;3.99841e-06;6.06403e-06;7.02103e-07;6.18498e-07;0.0224115;1.05849e-06;8.0035e-08;9.24026e-05;0.951244;0.0124606;2.92811e-05
3.04829e-06;0.456936;0.000286182;6.57035e-05;0.00320692;0.00185187;2.06393e-06;0.524736;1.03479e-06;1.72504e-05;2.69218e-05;3.84903e-05;0.0103231;0.00250498
1.26462e-06;0.0116738;3.34148e-08;3.72707e-08;1.28211e-08;1.10882e-05;1.71325e-06;6.75535e-07;6.1281e-07;1.03869e-07;7.30112e-06;2.27501e-05;0.988281;3.1442e-08
8.29028e-06;0.00393823;0.995551;5.85825e-06;1.03026e-05;1.60819e-06;3.08318e-08;5.96851e-05;1.01355e-07;7.16953e-06;6.38719e-08;0.000392103;5.28304e-07;2.52594e-05
5.62675e-07;0.999223;1.31106e-08;8.69794e-07;3.85254e-07;1.61351e-07;1.22802e-08;0.000429871;5.73287e-07;6.072e-09;4.17848e-06;9.32451e-05;0.000236888;1.01995e-05
2.62905e-08;0.999834;1.72833e-09;9.52321e-11;2.08459e-11;7.47004e-11;1.58115e-08;3.47578e-07;9.10084e-11;1.88011e-09;1.05052e-09;6.78847e-05;9.75768e-05;7.21006e-10
1.08007e-08;0.000350958;6.51551e-07;8.48075e-06;0.00027421;0.0173968;4.13816e-09;0.000105028;2.76876e-08;1.51701e-06;1.69041e-07;0.134331;5.61407e-05;0.847475
1.56199e-08;0.00263302;1.65411e-08;9.35549e-08;1.06087e-07;6.80535e-07;3.31948e-09;0.0006363;9.73314e-10;5.76127e-09;4.2234e-07;1.71188e-07;0.996729;1.41686e-07
1.29161e-05;0.00133738;2.2708e-05;5.51277e-05;1.50112e-06;2.69073e-05;4.21186e-07;0.000193113;5.64202e-05;6.07853e-06;0.0002217;0.993801;0.00425317;1.12726e-05
1.0607e-05;0.998619;2.97281e-05;8.0979e-07;1.91572e-08;8.07185e-08;1.4272e-06;0.000439694;2.77542e-06;8.06737e-07;3.02015e-05;0.000133052;0.000731828;1.17462e-08
1.74283e-08;0.99968;2.58741e-11;2.8602e-06;1.08689e-06;2.05478e-08;1.95576e-06;9.3039e-07;2.69353e-09;0.000184362;1.85801e-08;1.80392e-05;1.53527e-08;0.000110705
4.77811e-08;1.61111e-08;0.999991;5.44896e-07;2.85926e-09;1.43423e-08;1.76685e-07;3.21477e-09;2.11778e-08;1.84034e-08;7.71008e-06;5.42577e-08;1.36024e-07;1.08376e-10
2.95902e-06;0.95003;3.13026e-11;5.31997e-08;7.76986e-05;5.21026e-08;1.14263e-06;0.04987;8.18071e-08;2.64736e-07;7.90772e-07;1.51948e-07;7.22193e-06;9.07474e-06
3.67065e-06;0.00166098;0.000570534;2.69148e-06;0.00202777;3.91034e-06;2.59193e-08;7.56855e-05;5.82545e-09;5.69976e-06;2.42857e-08;0.995626;1.69057e-06;2.15151e-05
0.000437841;1.77513e-06;6.76712e-08;1.01072e-06;6.25667e-08;6.07215e-08;0.00240557;0.000154342;0.992599;2.46204e-07;0.00427983;1.14953e-07;0.000120111;1.94745e-09
6.00152e-05;0.989323;2.68773e-09;9.45181e-09;9.01111e-10;1.74275e-09;4.3662e-06;7.31237e-05;5.00159e-06;2.30343e-08;2.91678e-07;9.02281e-07;0.0105331;3.48419e-10
7.29204e-06;0.945537;4.56176e-08;2.39881e-06;3.49392e-08;3.73218e-06;0.0154536;6.18386e-06;6.26348e-07;0.0164057;3.56499e-07;7.26997e-05;2.95859e-07;0.02251
3.1427e-09;1.42994e-09;1;6.12965e-09;3.49863e-11;3.79892e-10;9.4314e-09;4.83584e-12;3.72057e-08;6.16056e-10;2.49792e-08;2.86306e-08;9.96618e-11;2.1139e-11
9.24936e-07;0.000135935;4.11457e-10;1.14657e-09;5.87495e-08;1.31824e-09;6.68818e-08;0.999859;2.37112e-07;4.67328e-09;9.06396e-08;5.54148e-08;4.06919e-06;3.12533e-09
1.98348e-07;0.000400659;3.16663e-06;2.06743e-05;0.000941773;0.000638313;1.00349e-06;2.18476e-05;7.59729e-06;2.28882e-06;5.72841e-06;0.000683833;1.35094e-05;0.997259
1.06046e-05;0.014268;4.59069e-07;1.01137e-05;1.04021e-05;4.29569e-06;4.46269e-07;0.0135403;5.16459e-06;4.00275e-08;2.97417e-05;1.70476e-05;0.971859;0.000244367
6.44578e-06;0.00419718;1.02706e-05;5.31156e-06;2.61726e-05;0.000145988;1.52488e-08;0.0100469;5.58032e-07;5.17566e-07;8.22915e-07;0.958527;0.0269265;0.000106526
4.5744e-07;0.000467892;6.30923e-07;3.8934e-06;6.02197e-06;1.28544e-05;5.36714e-09;0.00287098;5.81019e-08;1.67541e-08;2.88201e-06;4.94624e-05;0.996582;3.14998e-06
7.90193e-05;0.0445043;0.000259914;0.00070742;0.000227448;0.00511038;0.00116263;0.00304904;8.1262e-06;0.00858467;0.000258775;0.000240481;0.933982;0.00182587
4.46647e-10;7.23676e-11;1;4.15229e-09;2.53714e-12;8.33412e-11;2.55921e-09;1.18238e-10;7.04911e-10;1.59093e-10;9.05221e-08;5.52299e-09;5.56243e-12;5.36313e-13
1.69454e-06;0.0157966;0.00013117;5.02802e-05;1.20883e-05;2.28844e-05;7.8492e-08;0.00267416;1.1432e-05;3.11896e-07;0.000243945;0.980742;8.65585e-05;0.000227305
9.87976e-07;0.999495;9.612e-11;5.75244e-07;1.53578e-06;2.75114e-06;4.47238e-06;5.1449e-05;1.05717e-08;5.87945e-06;9.33518e-06;2.86811e-09;0.000364826;6.28745e-05
1.41955e-10;2.6137e-11;0.999999;5.17988e-10;1.45839e-09;1.43092e-09;1.08279e-12;4.95598e-12;1.62491e-13;5.00713e-11;5.80689e-11;6.26264e-07;7.14918e-11;8.26426e-09
8.50303e-06;0.00275523;3.68483e-05;1.561e-05;0.0175388;0.000151257;7.03563e-08;0.969812;9.69255e-06;7.50205e-08;2.82246e-06;1.02312e-05;0.00697605;0.00268248
5.79551e-08;4.69431e-05;5.17206e-08;4.90982e-08;2.03308e-07;0.000489309;8.71351e-09;4.0534e-06;3.19802e-07;1.45037e-08;1.18245e-06;1.72953e-09;0.999458;1.36059e-08
8.37678e-08;5.44488e-05;0.999928;2.35081e-07;3.77334e-07;4.24037e-08;1.25202e-09;3.05002e-08;2.10078e-10;6.44027e-07;1.07258e-09;1.40484e-05;2.90981e-08;1.90094e-06
2.08892e-06;0.995114;2.567e-06;2.4152e-05;2.21379e-05;2.66393e-06;1.82112e-06;0.00410881;5.74473e-05;1.13993e-06;0.000103675;6.41519e-06;0.000365071;0.000187545
