5.87417e-06;0.998074;8.13563e-05;0.000197925;7.58921e-06;2.47164e-05;1.41062e-06;3.1885e-06;4.88911e-07;4.73215e-05;1.21271e-05;1.89547e-05;0.00145066;7.45574e-05
1.26612e-05;0.00262766;0.00535315;1.12216e-05;1.63615e-05;2.56257e-07;5.06489e-08;8.52456e-05;2.29736e-07;5.51356e-08;2.41393e-06;0.991788;6.7737e-05;3.50824e-05
0.000675997;0.968095;3.39005e-05;5.84801e-05;0.00121209;2.97443e-05;0.00290136;0.0148574;0.00751629;1.38727e-05;0.00363088;0.000453911;0.000434512;8.67631e-05
1.46902e-05;0.748869;0.000168934;3.72759e-06;5.16607e-05;1.74695e-05;1.39364e-07;0.00221779;1.61827e-07;2.76099e-06;2.16306e-07;0.000785125;0.247867;2.00423e-06
5.09093e-06;0.0219222;2.27676e-05;1.52421e-06;1.02769e-05;9.41572e-07;1.6954e-06;0.00487503;8.78948e-05;5.34567e-07;1.22305e-05;0.972693;0.000273857;9.32178e-05
2.23974e-05;0.983528;8.27532e-07;1.49136e-05;0.000348908;0.000110614;4.08265e-05;0.0121303;6.81723e-05;1.82658e-05;3.56215e-05;0.000402545;0.00324037;3.84931e-05
1.08461e-06;8.13651e-05;3.002e-10;1.46975e-08;6.83478e-10;7.73122e-07;1.78041e-06;3.15638e-06;3.14093e-06;3.08556e-08;2.21555e-06;7.26259e-06;0.999899;1.93001e-09
8.68151e-08;1.5159e-05;0.999955;5.47872e-07;5.67305e-07;4.76827e-07;8.13033e-10;1.25019e-06;1.64395e-09;8.38157e-08;1.5136e-09;2.55521e-05;1.46205e-07;8.79606e-07
5.74223e-09;0.997064;4.57593e-10;1.4901e-08;3.31191e-08;2.48605e-07;8.79794e-08;0.00136744;5.82201e-09;6.31338e-09;2.02017e-08;1.19158e-10;0.00156805;1.69277e-07
1.04981e-11;5.67753e-11;1;2.0109e-10;9.79483e-14;2.95259e-12;4.31456e-11;1.26682e-12;2.40995e-11;1.36768e-11;8.83104e-10;1.12297e-09;2.36233e-10;1.77499e-13
2.37358e-09;4.90683e-06;0.997163;9.13546e-08;1.09335e-07;2.66225e-08;1.19539e-08;5.84234e-06;7.77527e-09;4.64352e-09;2.52977e-08;0.00281733;1.51239e-07;8.25284e-06
1.29057e-07;0.000139089;2.24529e-07;4.30544e-06;0.242525;0.00481558;2.25944e-07;0.061154;1.84165e-06;3.64326e-06;2.10998e-06;1.85585e-06;8.1279e-06;0.691344
7.98656e-08;0.0013079;0.760731;1.46426e-05;0.087843;0.000980121;1.20619e-10;7.38231e-05;1.41237e-12;3.16416e-08;1.52741e-08;0.146397;0.000244286;0.00240746
1.02695e-10;0.999999;6.92154e-10;2.50401e-11;1.88918e-12;7.40525e-12;4.52295e-10;8.48669e-09;3.67912e-13;3.79911e-11;4.20194e-12;2.39985e-11;4.17387e-08;9.22835e-07
4.71829e-06;0.564219;0.000900469;6.80934e-05;1.91638e-05;0.00029213;0.000258044;0.000535791;9.5455e-06;1.10425e-05;3.39102e-05;6.57994e-05;0.433568;1.43806e-05
2.38178e-08;0.018476;1.43655e-11;1.42307e-08;2.44478e-06;5.06369e-06;3.42584e-09;0.980541;2.35571e-08;6.702e-08;3.91562e-09;4.67061e-09;0.00097501;1.3747e-07
1.49233e-09;1.69709e-10;0.999999;1.18565e-08;3.27194e-10;3.61494e-11;2.4257e-09;1.33789e-10;1.50004e-10;6.91444e-09;1.76944e-09;1.12076e-06;3.75732e-11;2.137e-11
6.00387e-06;0.000171033;0.000532048;1.5852e-05;0.000917836;2.4908e-06;6.69928e-07;0.0369803;6.67731e-05;4.39002e-07;2.50783e-05;0.96127;8.85726e-06;2.52651e-06
0.000522035;0.613246;2.19009e-06;0.000330193;0.00239578;0.000881391;0.00113345;0.273883;0.0422565;9.82044e-05;0.0165642;0.0017114;0.0468915;8.39904e-05
0.000226306;0.000663787;3.04241e-05;0.000548981;0.944879;0.00381311;5.6233e-05;0.0103956;0.000172457;0.000106547;4.39151e-05;0.000454452;4.37563e-05;0.0385652
2.79152e-06;0.998373;7.92454e-08;1.36678e-08;9.37001e-08;2.16125e-09;5.5107e-08;0.000480297;2.89501e-08;5.1337e-10;1.03894e-10;1.81817e-07;0.00114358;2.13034e-08
3.6164e-06;0.0022269;1.86712e-05;4.69864e-05;0.000191904;1.48404e-05;3.28937e-09;0.963888;9.55e-08;3.88736e-07;1.46414e-08;0.0332829;8.14783e-06;0.000317762
2.37275e-05;0.992515;6.69318e-11;1.12307e-05;2.07205e-06;5.30805e-07;1.36816e-05;0.00243475;2.33324e-05;9.54139e-07;6.08503e-05;3.97025e-07;0.00488755;2.58064e-05
6.64785e-05;0.877619;8.40715e-05;0.00370619;1.76393e-05;0.000338488;8.88428e-07;0.000185573;1.90757e-06;8.56945e-05;7.74606e-06;0.000274091;0.117573;3.95119e-05
2.76174e-05;0.0241409;0.00327527;1.13971e-05;1.64845e-06;2.668e-08;3.0899e-07;1.30753e-05;1.02227e-06;8.52736e-08;7.11342e-07;0.972482;3.86662e-05;7.33041e-06
0.000168562;0.240534;1.61622e-06;2.27074e-05;0.000173948;0.000960499;0.197793;0.0104881;0.000829945;0.000653545;0.00195584;4.88929e-10;0.546405;1.31892e-05
1.05535e-08;6.93988e-10;0.999999;1.35736e-08;2.36078e-09;2.02736e-09;4.8636e-08;1.66994e-09;1.61329e-08;8.61497e-09;2.23015e-08;1.02173e-06;4.09879e-10;3.91478e-10
9.51929e-05;0.0721106;0.0445068;0.000564285;0.000918739;0.00117392;2.46219e-05;0.00938562;0.00520283;6.14321e-06;0.000166851;0.864737;0.000617947;0.000489673
5.18815e-06;0.0986237;1.15575e-05;1.92045e-06;0.00125548;0.00404991;6.90204e-09;0.00893814;7.45864e-07;3.7188e-07;3.76184e-06;0.00225822;0.884679;0.000172201
1.04226e-05;0.0308595;8.51092e-08;3.62072e-05;0.00213415;0.000803298;1.78183e-08;0.00481559;3.1219e-06;1.51017e-06;2.8303e-05;0.058279;0.902725;0.000304061
7.81803e-06;0.00598491;0.754351;1.17207e-06;1.82435e-05;1.38568e-07;4.92781e-10;0.239216;8.53742e-09;7.64388e-09;4.51871e-10;1.59904e-06;0.000419101;1.45542e-08
8.70409e-06;0.00281853;2.3273e-06;2.37987e-06;1.90429e-06;1.10656e-06;4.36463e-08;0.990284;5.8761e-05;3.181e-07;8.71154e-06;0.00015273;0.00666084;3.97637e-08
