2.52011e-05;0.396261;3.97199e-06;8.35573e-06;5.33199e-05;0.000243561;2.7347e-06;0.0103787;1.03221e-06;9.39602e-07;1.65171e-05;0.00703669;0.585655;0.000313113
4.69535e-08;0.0414466;3.08496e-08;9.55258e-07;7.83934e-06;2.24385e-05;2.53084e-06;0.00119902;1.91182e-08;5.0338e-06;1.9211e-08;3.87473e-09;0.000226308;0.957089
2.48107e-10;6.28831e-10;1;5.78659e-09;1.21402e-11;9.35839e-11;4.33259e-09;1.19511e-11;1.88131e-10;3.09972e-10;1.16588e-08;1.46276e-07;3.79074e-10;4.75805e-12
1.52547e-05;0.0844685;0.0959759;0.000393133;0.000162045;0.00200862;9.69838e-06;0.447382;2.0757e-05;1.57128e-05;3.60785e-05;0.368266;0.000647222;0.000598125
4.90711e-06;0.883174;7.44658e-07;5.19891e-05;0.000221289;0.000270436;2.46872e-06;0.0582512;9.17035e-07;3.62232e-06;9.14693e-05;2.47565e-05;0.0575602;0.000342432
3.84103e-05;0.0327483;9.14975e-06;0.000160072;0.00459328;0.0295507;6.40703e-06;0.000933608;2.17722e-06;2.83801e-05;0.00193296;0.753129;0.160466;0.0164011
2.06083e-06;0.993235;2.77688e-06;4.08334e-07;2.60139e-08;6.05854e-08;0.00667308;1.097e-05;1.1118e-07;6.50248e-05;1.62776e-06;2.76215e-08;8.11086e-06;1.02215e-06
1.91937e-10;1.75603e-09;1;3.52112e-10;1.30189e-10;1.74682e-11;1.12514e-10;1.51545e-09;4.80942e-11;1.55488e-11;5.82446e-11;1.71686e-07;6.42983e-09;1.1028e-14
5.3311e-05;0.519788;2.96031e-05;0.0013225;0.00196497;0.0106171;3.02139e-05;0.0336354;0.000160565;0.000112526;0.000641885;0.00956029;0.42164;0.00044297
1.88207e-05;0.346877;8.35776e-06;0.000180737;9.21052e-05;9.92751e-05;2.07572e-05;0.00527696;2.5124e-06;1.36896e-05;0.000156735;0.000894729;0.645832;0.000526892
0.000174046;0.0572944;7.98344e-06;0.00511541;0.0367302;0.000431451;8.70205e-05;0.270379;0.000707495;0.000438404;0.0126581;0.543905;0.0687441;0.00332755
8.27634e-05;0.24486;0.082325;0.000406017;0.0012359;2.24466e-05;0.0100597;1.32263e-07;7.53814e-08;0.0973241;4.94213e-06;2.32752e-05;7.27344e-07;0.563655
3.49629e-08;1.02827e-08;1;1.23252e-10;8.04404e-11;9.09181e-13;9.12921e-08;2.07904e-09;2.8471e-08;2.95392e-11;4.93994e-08;5.4294e-09;1.4566e-10;8.54381e-13
1.12861e-05;0.927233;0.000233593;3.44833e-05;0.000117984;1.12217e-05;2.81563e-05;0.0432509;0.00517976;6.56276e-06;0.00335418;0.0104648;0.0100378;3.66314e-05
2.16632e-06;0.00250022;3.896e-07;4.50799e-05;0.550323;0.251098;1.6933e-06;0.0146556;0.000188476;0.000126478;6.68256e-05;9.09179e-05;0.00115881;0.179742
9.37927e-05;0.0459788;9.3042e-07;2.18666e-06;2.94344e-05;1.50202e-06;2.47553e-07;0.677527;8.24175e-06;2.97094e-08;1.53734e-05;0.00449387;0.271848;1.22351e-07
1.12133e-06;0.998908;4.74599e-09;1.25753e-07;3.98448e-07;9.64713e-07;1.18499e-05;0.000846;2.38727e-07;1.84425e-05;1.73781e-08;8.01891e-08;0.000173919;3.89661e-05
2.82668e-11;3.99965e-12;0.999999;1.70768e-09;7.24896e-10;3.55516e-10;2.42982e-10;1.14958e-11;4.6151e-11;2.11323e-10;1.45144e-10;7.24177e-07;1.56743e-13;4.43348e-10
1.20611e-07;0.989243;1.41285e-06;2.6514e-07;2.13331e-06;5.14925e-07;9.63517e-08;0.004027;4.89279e-08;5.07321e-09;8.90754e-07;1.01615e-06;0.00672318;1.63072e-07
1.94993e-06;0.990939;0.000530444;0.000127701;0.000688396;0.000183822;5.32714e-06;0.0032083;3.25105e-05;2.30803e-05;0.000426308;0.00335763;0.000320866;0.000154198
1.35651e-07;3.99567e-06;4.82138e-06;1.33869e-05;0.852983;0.140904;3.69259e-08;0.000418467;5.195e-07;9.64062e-06;1.18371e-06;0.000425063;9.34987e-05;0.00514271
2.20317e-05;0.0259409;9.21031e-08;2.60754e-07;9.08573e-07;2.91259e-07;3.55428e-08;0.964156;9.59471e-07;3.40239e-09;1.16456e-06;9.99999e-06;0.00986736;1.30658e-08
6.94007e-05;0.136351;9.85942e-06;3.30183e-05;7.87963e-05;1.09122e-05;9.75016e-06;0.132926;0.000281118;3.77026e-06;0.000138819;0.626923;0.10299;0.000175194
8.35234e-06;0.0573753;5.29134e-10;8.7147e-05;0.0028205;7.60193e-06;8.53015e-08;0.932062;7.48939e-06;1.14212e-06;0.000149313;0.00553344;0.00194482;2.4458e-06
0.000394557;0.452324;0.422933;0.0453991;0.0122868;0.000815872;3.96098e-05;0.000250248;6.87827e-06;0.00129986;0.00631096;0.0350866;0.0198823;0.00297015
0.00204033;0.0294679;2.27061e-06;2.67802e-06;4.53507e-05;7.87504e-07;0.00020579;0.966863;9.88663e-05;2.75476e-06;0.000422364;6.55395e-06;0.00082871;1.23616e-05
5.48386e-06;0.00332715;3.38316e-05;9.34912e-05;0.00109321;0.000126606;9.71248e-07;0.000190785;9.02314e-06;2.13698e-06;9.27674e-05;0.991993;0.000243724;0.00278744
0.000602335;0.770219;0.000340379;3.11374e-05;0.000820269;6.06599e-05;2.95779e-06;0.215586;9.6325e-05;1.76819e-07;0.00011677;0.00218044;0.00994187;1.8875e-06
0.000609226;0.496747;3.77828e-05;4.82529e-07;0.000590001;0.000876642;8.19292e-05;0.0149314;0.000133096;1.77769e-05;1.31975e-05;0.00589155;0.478377;0.00169279
1.42377e-05;0.00201543;3.20022e-07;1.18285e-05;0.00104984;0.00125961;8.77926e-09;0.00251553;0.000238682;2.31999e-07;6.28327e-06;0.979928;0.00499443;0.00796543
0.00018945;0.9888;1.78978e-06;3.18993e-06;4.67416e-05;2.98306e-06;7.48771e-07;0.00575872;6.39482e-06;1.632e-07;4.8685e-07;1.9634e-05;0.00471089;0.000458547
0.000283724;0.0313422;2.68796e-06;0.000100638;0.292903;0.00169753;3.05259e-06;0.222691;0.000474035;3.5503e-06;1.03413e-06;0.000607699;0.376512;0.0733778
0.000469036;0.0750552;0.00318107;0.000918595;0.0220767;5.58836e-06;4.5914e-06;0.70287;0.000562991;4.93015e-06;0.000630941;0.192156;0.00178292;0.000281671
5.17778e-08;0.593486;3.23179e-06;1.7132e-07;7.05311e-08;1.83896e-08;2.65844e-07;3.67721e-11;5.73676e-11;5.76301e-06;1.05302e-09;5.01792e-07;5.28159e-09;0.406503
0.00126518;0.00300621;0.00209817;3.7667e-06;1.35455e-06;1.99644e-07;0.456672;0.00500245;0.373668;8.30121e-07;0.158055;1.53815e-05;0.000210179;2.91515e-07
5.43154e-07;0.964813;1.27625e-07;5.3228e-08;2.19145e-05;2.00911e-07;2.80022e-08;0.0336996;4.94689e-07;5.45158e-08;2.14565e-08;1.42284e-07;0.00132344;0.000140413
6.76178e-07;0.000119356;0.0162505;2.57645e-05;0.87985;0.000943646;2.93542e-10;2.62826e-06;1.80478e-08;2.09528e-06;3.4984e-08;0.00207404;3.83401e-06;0.100728
1.82112e-06;0.999489;5.45805e-09;7.88926e-09;6.84799e-08;2.9971e-09;3.84833e-05;5.49894e-05;2.18167e-06;2.07846e-06;7.16491e-07;2.1872e-07;1.87855e-07;0.000410329
0.000270864;0.00215841;2.20077e-05;1.73483e-05;7.00577e-06;1.94733e-06;0.215169;0.00068321;0.424981;1.19233e-05;0.353575;0.000114697;0.00298795;8.29043e-08
1.57734e-07;7.8392e-05;3.96097e-12;5.90914e-12;3.40811e-10;4.53756e-11;3.69929e-10;0.999902;3.41005e-08;8.86432e-11;1.20156e-10;3.6772e-10;1.89642e-05;5.48711e-12
1.51591e-07;8.62285e-05;2.62697e-06;1.14383e-05;0.00548758;0.000858214;7.03987e-09;4.87799e-05;2.85198e-07;3.45955e-06;7.22101e-07;0.638236;8.55096e-06;0.355256
2.91965e-05;0.974714;1.8449e-07;1.36307e-05;4.28365e-07;5.63428e-07;3.33632e-05;0.000444027;4.15099e-05;1.85081e-06;0.00031253;3.26229e-05;0.0243696;6.34229e-06
4.58116e-05;0.984415;5.04609e-06;0.000224651;2.34541e-05;1.56457e-05;5.0921e-07;0.000667043;4.17993e-05;7.33645e-06;3.96626e-05;0.00328136;0.00776782;0.00346533
0.000108492;0.00461573;4.10379e-07;1.16232e-05;0.000173112;8.94123e-08;1.17764e-05;0.99498;1.32932e-05;3.78531e-05;2.05729e-06;3.6569e-05;4.72019e-06;3.92229e-06
2.39934e-05;0.00680325;0.990988;0.00112297;0.000246131;5.04143e-05;8.73622e-07;2.37719e-05;1.30835e-06;0.000111333;1.0202e-05;0.000411092;3.0745e-05;0.000175526
0.00072126;0.172867;2.00864e-05;2.39621e-05;5.30971e-05;0.000114881;0.00155206;0.0306957;0.000819088;0.000126344;0.00899732;1.50525e-05;0.783967;2.72337e-05
3.75753e-11;1.85391e-11;1;1.66043e-10;3.86586e-12;4.34905e-11;9.38348e-10;1.15357e-12;3.13771e-11;6.19363e-11;3.91977e-10;3.82488e-11;2.60907e-10;2.92201e-13
5.18195e-08;5.00285e-06;0.999961;1.25893e-07;2.38512e-08;1.38389e-07;3.25863e-08;1.44982e-06;9.36389e-08;7.21801e-09;3.94595e-08;3.09861e-05;4.31948e-07;9.85588e-07
5.7164e-05;0.00296902;4.23443e-06;4.60303e-05;0.024962;0.809019;2.81187e-06;0.000350357;0.000526606;3.49686e-05;0.000306601;0.000334128;0.00388718;0.1575
3.51043e-09;0.999909;6.652e-11;5.07666e-12;1.68474e-11;5.94818e-11;1.06234e-08;1.8267e-11;5.14266e-14;1.57902e-08;4.79082e-12;4.65811e-10;1.51628e-08;9.12234e-05
4.86781e-14;6.18953e-13;1;1.5834e-14;1.58944e-12;4.11028e-13;2.40952e-14;1.39479e-13;2.69498e-16;9.23709e-15;2.27701e-17;6.0159e-10;4.58583e-13;2.16154e-14
2.61087e-06;0.380469;5.81189e-06;3.3559e-05;3.12255e-05;0.000713218;0.00020071;0.336496;0.00026583;6.19587e-06;2.20016e-05;3.41552e-06;0.281749;1.60361e-06
