2.33995e-08;1.75985e-06;2.24365e-12;9.5825e-12;1.70612e-09;1.86104e-11;1.11086e-10;0.999998;4.51506e-08;8.74648e-12;1.25274e-10;1.59406e-12;2.77867e-07;2.77971e-10
5.22309e-10;1.97623e-08;3.87499e-07;4.35122e-09;3.16566e-08;4.84805e-10;4.97642e-11;3.79068e-08;1.92733e-08;3.41507e-11;1.06468e-09;0.999999;1.01818e-08;1.12168e-09
4.04562e-06;0.0558093;1.27067e-10;6.4112e-07;2.77279e-06;2.96865e-07;2.23008e-05;0.000421284;5.82701e-05;3.29336e-08;8.31369e-05;5.36887e-06;0.943588;4.40598e-06
5.48939e-06;0.00502914;4.96544e-06;1.2106e-06;1.06729e-05;1.55969e-06;2.69376e-09;2.72212e-05;1.37323e-06;9.31832e-09;6.13669e-07;0.994514;9.96009e-05;0.000303983
8.80915e-06;0.0658428;9.61855e-09;4.23287e-05;0.375452;0.000558612;1.08912e-08;0.552867;1.28502e-05;6.59619e-07;5.81514e-06;0.00028039;0.000536004;0.00439276
0.000222384;0.0436635;0.893425;0.00673623;0.00191372;0.00172161;1.96515e-06;4.11746e-05;5.27543e-06;0.000170144;0.000318022;0.015735;0.000231653;0.0358149
4.32186e-05;0.0225985;5.87867e-10;7.06046e-08;2.08607e-09;3.24798e-08;5.7289e-06;1.18579e-06;8.6661e-06;5.20287e-09;0.00201367;4.34665e-05;0.975285;4.95819e-08
1.35868e-06;0.0294038;2.71004e-05;1.14758e-07;0.0002856;6.84069e-07;6.12128e-08;0.00383436;2.56815e-08;4.38795e-08;5.10225e-07;0.964056;0.000452929;0.00193722
5.78014e-05;0.792464;1.20889e-08;3.936e-06;0.000406551;8.63654e-05;0.000693868;0.133295;0.000287555;2.18099e-05;0.000186688;0.000342166;0.0377833;0.0343712
0.00101732;0.326714;4.00779e-07;0.000283287;1.54138e-05;3.50144e-06;0.000110665;0.290535;0.00362839;2.7395e-06;0.0061453;0.36049;0.0109906;6.40201e-05
4.82011e-05;0.990011;5.10101e-07;5.99578e-05;4.82088e-05;1.09939e-06;2.90491e-06;0.00140057;1.0807e-05;1.02973e-05;8.41161e-05;0.00147173;0.00667958;0.000170863
1.92822e-05;0.991405;2.04228e-08;1.23753e-06;1.36909e-07;1.46055e-08;9.7062e-06;3.99156e-05;4.40203e-06;1.08608e-06;8.34759e-06;0.00231637;0.00615136;4.25618e-05
7.98006e-05;0.271558;3.0898e-07;9.10721e-05;4.23673e-05;0.000167311;1.86125e-06;0.00473101;0.000184558;5.74522e-06;0.000185205;0.00698801;0.715867;9.71103e-05
7.429e-05;0.00060246;0.966083;0.000971988;0.000858222;0.000132509;1.7377e-07;0.00014469;8.7823e-07;2.48971e-05;1.53846e-06;0.00365762;4.73915e-05;0.0274002
7.99235e-06;0.0480767;1.82867e-08;4.47724e-07;2.73104e-07;2.02381e-05;1.18003e-06;0.000315974;1.37271e-06;2.74859e-07;4.02569e-06;0.000181856;0.951382;8.18051e-06
2.59148e-05;0.613243;8.78335e-06;9.91697e-06;6.25089e-06;1.93458e-05;3.16918e-06;0.0015307;5.24308e-06;4.86815e-07;1.67411e-05;0.000323806;0.384802;5.22302e-06
5.0416e-05;0.0324532;1.48904e-08;3.08873e-05;2.95132e-05;4.17687e-05;7.85385e-07;0.0517462;0.000323771;5.7463e-07;0.000107011;0.913966;0.00123625;1.34229e-05
1.09301e-06;0.998689;1.77837e-07;4.65317e-09;2.90483e-09;1.40483e-08;7.13255e-07;1.70138e-07;1.23502e-08;2.31608e-08;4.47428e-08;4.36308e-05;0.00126506;1.73766e-08
0.000192098;0.0567608;5.5302e-05;0.00106594;0.046829;0.0672646;8.14141e-05;0.00649005;0.000746081;8.94547e-05;0.000492612;0.567741;0.00248578;0.249706
8.27398e-05;0.687732;3.81615e-07;1.34024e-05;0.000436912;0.0847179;5.12591e-07;0.0215268;5.04085e-06;4.20524e-06;9.68409e-07;1.62493e-05;0.173945;0.0315179
1.34305e-05;0.00790869;4.67543e-07;1.07924e-06;2.0826e-05;3.52665e-05;1.49083e-08;0.0195532;3.57864e-07;2.46233e-08;1.45427e-07;0.000722199;0.971671;7.32566e-05
0.000138941;0.0704969;9.12046e-05;0.000286835;1.31549e-05;3.82635e-05;1.6215e-06;0.00345379;0.000303905;2.48428e-05;0.000178277;0.901171;0.0237985;2.79998e-06
1.20009e-05;0.999004;8.75422e-06;3.26334e-07;9.27219e-09;4.9799e-09;1.79337e-06;0.000256277;8.19108e-06;2.9145e-07;2.51987e-05;0.000608;7.54826e-05;6.34548e-09
9.9921e-08;0.992297;3.94966e-10;4.8223e-05;1.33145e-05;4.25091e-07;8.64872e-05;7.93476e-06;1.302e-07;0.00267271;1.64758e-06;1.55513e-05;1.87873e-07;0.00485662
3.60155e-07;1.02016e-06;0.999613;8.66542e-06;2.65709e-09;2.68442e-08;1.60939e-05;6.66379e-08;5.9493e-07;2.2846e-07;0.000359397;3.83515e-07;6.43539e-07;8.10258e-10
8.91019e-06;0.99317;3.5976e-07;1.42647e-07;1.89792e-07;7.79759e-08;7.67927e-07;0.00208727;4.53989e-08;5.21277e-07;1.51435e-06;2.66721e-06;0.00472633;1.08223e-06
8.70215e-09;1.63009e-05;2.64439e-09;8.927e-09;2.1922e-05;4.22977e-10;7.50857e-10;2.27668e-05;4.5196e-09;2.33025e-09;2.39482e-08;0.999939;1.7191e-08;9.75567e-09
2.07266e-05;0.842979;2.7436e-05;5.79336e-06;0.000140789;1.86732e-06;2.85279e-06;0.000494343;1.94383e-07;7.76485e-06;7.73894e-07;3.08618e-05;0.156287;8.88538e-07
0.0019286;0.221593;6.53802e-07;0.000413295;0.00427754;5.19961e-05;0.000264527;0.0448976;0.00320918;8.46559e-05;0.000943988;0.663112;0.0418692;0.0173539
0.000499399;0.121498;0.000583774;0.00131105;0.00210395;0.000923243;0.000148109;0.000235705;8.13294e-05;0.000134439;0.000443695;0.00181699;0.869769;0.000450827
0.00513379;0.305394;1.26175e-05;4.63261e-05;0.000108826;0.000221831;4.95755e-06;0.0228389;1.423e-05;4.87639e-05;4.12132e-05;0.125926;0.539137;0.0010716
0.000103446;0.0170518;1.12278e-06;5.77509e-05;1.75495e-05;6.81631e-05;1.49814e-06;0.120532;5.64348e-05;2.33204e-06;0.000192032;0.00183952;0.860016;6.01004e-05
3.04269e-05;0.985977;4.01103e-07;4.92231e-06;1.98039e-05;1.99377e-05;4.35981e-07;0.00452121;6.36399e-06;4.15224e-06;3.34745e-05;6.72721e-05;0.00368233;0.00563225
1.20011e-05;0.794251;1.00479e-05;5.99301e-05;0.000137813;1.05393e-06;1.98243e-06;0.0158259;2.86164e-06;3.10332e-05;2.80255e-05;0.187584;0.00130012;0.000754146
0.000144379;0.525345;2.96808e-06;0.00165909;0.00920882;0.00013503;0.000339627;0.00308293;4.45487e-05;0.00112705;0.00125514;0.0107077;0.000469662;0.446478
1.20114e-05;0.206719;3.6031e-05;1.69065e-07;1.66516e-08;7.86442e-08;7.33548e-06;1.5971e-05;3.75817e-07;1.4337e-07;9.35211e-05;0.79305;6.46087e-05;1.33981e-07
4.86161e-09;0.999562;1.2002e-09;3.62214e-09;1.10889e-08;1.4319e-09;7.15982e-05;7.32237e-06;1.41697e-10;6.64384e-06;8.6652e-10;1.1745e-07;5.85717e-09;0.000351977
2.23136e-11;1.07054e-10;1;4.98575e-11;2.295e-11;5.83229e-11;6.88659e-10;2.35496e-10;3.6169e-12;1.57054e-10;4.02733e-11;6.40546e-08;3.12363e-10;4.02353e-14
1.78588e-06;0.993168;5.18895e-09;1.94225e-05;1.85707e-06;3.96505e-06;0.000354075;0.00347872;0.000103728;2.05402e-05;0.000206301;6.4997e-06;0.00263487;4.1117e-07
1.98307e-05;3.21831e-05;1.04736e-08;1.8266e-06;9.33844e-08;7.11959e-08;1.73574e-06;0.999888;1.53179e-05;1.08955e-06;3.76486e-06;3.29453e-07;3.56282e-05;3.43901e-09
2.23162e-07;0.957945;7.77949e-11;4.82809e-06;6.47752e-08;1.27809e-08;5.85608e-06;9.12992e-09;2.74762e-08;0.000227031;1.58217e-08;6.52056e-06;2.94022e-09;0.0418109
5.08618e-05;3.4191e-05;0.999239;1.71803e-05;1.68528e-08;9.00498e-08;0.00013016;3.66711e-05;0.00019206;2.11775e-06;0.000276753;2.00176e-05;8.95267e-07;6.07495e-09
5.54747e-06;0.87871;1.35286e-09;5.74125e-08;4.1592e-08;8.12886e-08;2.71018e-06;8.76457e-06;4.7622e-06;3.44118e-08;4.83092e-07;6.77909e-07;0.121267;4.10355e-08
0.000287958;0.403212;3.06338e-05;6.91715e-05;0.0285245;0.00135164;1.37511e-05;0.00273171;8.78764e-05;0.000807506;1.47705e-06;0.523341;0.00140908;0.0381317
0.00300392;0.674834;2.7513e-08;0.000164719;0.00528807;0.00457259;4.69259e-05;0.213206;0.0412369;8.10066e-05;0.000982935;0.000861923;0.0143371;0.0413843
0.000379136;0.980646;2.77204e-09;0.000140109;0.000561739;1.21946e-06;1.10764e-05;0.0121111;0.00329484;1.60284e-05;6.62273e-05;0.00235091;0.000350826;7.12497e-05
0.00212121;0.904702;0.0222641;0.00230886;0.000467559;6.73681e-06;1.34131e-06;0.000177391;4.16216e-05;9.67685e-05;6.42865e-05;0.0113614;0.0563676;1.92554e-05
0.000276498;0.939533;1.59185e-08;1.15689e-05;9.27105e-06;1.44377e-06;0.000102044;0.000105046;0.00219607;2.33833e-06;0.0025279;0.00949352;0.0438255;0.0019155
4.36948e-05;0.872836;2.23572e-05;1.55691e-05;0.000149321;0.000100736;3.49668e-07;0.0479453;8.25459e-07;6.37244e-07;3.29617e-06;0.000909905;0.0770181;0.00095394
0.000195244;0.00644192;0.000555065;0.00407987;0.028117;0.000841105;3.89905e-07;0.0213154;0.000150207;9.58709e-06;0.000109781;0.0400161;0.0773479;0.82082
7.23761e-05;0.984025;4.40429e-08;1.49445e-07;1.79311e-06;1.03875e-08;2.13852e-08;0.0124679;7.52654e-06;2.72559e-08;1.65907e-06;0.00267571;0.000747187;3.94729e-07
1.15259e-06;0.00240698;0.0112643;1.5745e-05;0.00105712;0.00122694;2.11863e-08;3.34297e-06;1.37315e-08;4.37712e-05;2.71913e-07;0.980468;0.000801716;0.00271021
1.67935e-05;0.0905793;7.07744e-07;3.82169e-06;8.22409e-05;0.000119098;9.00525e-05;0.880069;0.000146599;1.05657e-06;0.000293251;0.00181344;0.023765;0.00301971
8.29757e-08;0.996491;1.34202e-08;3.41404e-08;3.04772e-08;2.83258e-08;0.000588149;2.46841e-06;5.8633e-09;6.01581e-05;1.06352e-07;1.17019e-07;0.00285755;7.44773e-07
1.53264e-07;8.79379e-08;0.999942;7.72641e-06;7.22084e-09;8.42266e-08;9.51267e-06;1.62044e-08;1.37371e-05;1.15967e-06;5.80873e-06;1.98574e-05;2.18385e-07;1.00678e-08
9.84642e-06;0.999463;1.53487e-06;8.30613e-06;1.9893e-07;2.94921e-09;9.17088e-07;0.000405641;2.00672e-07;2.52805e-07;4.92225e-07;1.07143e-05;9.86039e-05;2.40806e-08
5.72658e-08;0.999972;4.02436e-11;1.30828e-07;5.49013e-09;1.33838e-09;7.92895e-06;5.92916e-07;4.09009e-09;4.40377e-06;2.18243e-08;3.67718e-10;8.23542e-08;1.44254e-05
1.39668e-10;1.31158e-11;1;3.17101e-09;2.4462e-10;1.48316e-11;5.74146e-09;3.94028e-11;8.48366e-10;8.57357e-10;5.69669e-09;1.8929e-07;8.58327e-13;1.09454e-10
1.64635e-05;0.918027;9.05144e-09;1.93585e-06;1.88959e-05;3.11124e-06;2.87462e-05;0.00800931;0.000121993;6.34854e-07;0.000118345;8.13996e-06;0.0729953;0.000650751
8.90761e-06;0.0274457;6.20493e-05;8.84517e-07;9.56627e-06;4.55434e-07;3.54443e-07;0.0252851;1.12869e-05;8.15577e-08;8.54065e-06;0.945602;0.00156226;3.20287e-06
0.000192775;0.312934;0.000220606;0.000350198;0.00363412;0.0731276;0.000109893;0.155368;2.31499e-05;0.000199264;4.60979e-05;0.00841431;0.429022;0.0163583
0.000584581;0.165088;3.43993e-06;0.00236278;0.000318523;0.000859087;3.63851e-05;0.0178066;0.0194463;5.82284e-06;0.00222093;0.473715;0.309115;0.00843793
4.04993e-05;0.543096;0.441723;0.000687349;9.54524e-05;8.50663e-06;9.97182e-08;0.000435358;4.18015e-06;4.38607e-06;1.4362e-06;0.0128935;9.44775e-05;0.000916035
0.000282669;0.769091;6.96245e-05;7.76503e-05;0.000107463;4.92997e-05;9.90166e-05;0.00224888;0.000252527;1.99308e-05;0.000482423;0.0178118;0.209133;0.000275046
8.58043e-05;0.926111;5.87803e-06;0.000150643;0.00120494;4.79026e-05;3.3455e-05;0.0278595;0.00011661;8.01028e-06;0.000195458;0.0325027;0.0105447;0.00113287
0.000443352;0.0597458;2.96685e-05;2.37568e-05;0.000180297;6.55662e-06;1.33394e-05;0.784006;1.89855e-05;1.54856e-06;1.37513e-05;0.153485;0.00198621;4.65896e-05
0.000363943;0.597233;1.7228e-06;6.79406e-06;8.98621e-05;0.000150023;5.10451e-05;0.0180754;0.000191252;7.40385e-06;9.88899e-05;0.0230141;0.360599;0.000117393
4.144e-05;0.833098;5.93939e-07;1.46563e-05;0.000374655;2.49702e-05;5.01228e-07;0.0983657;1.29963e-05;4.59958e-07;6.85993e-06;0.0620951;0.00541424;0.000550429
1.87428e-05;0.00550714;0.0277792;4.84385e-06;0.000262316;9.13675e-06;1.42271e-06;0.0550143;3.16169e-06;2.73398e-06;9.28107e-06;0.91052;0.00081647;5.13505e-05
5.70886e-07;0.00381595;2.44853e-07;2.3399e-07;1.09692e-08;3.97207e-08;0.994578;9.26356e-08;1.47389e-05;0.00151041;3.1042e-05;1.72891e-10;8.40605e-07;4.78641e-05
4.72671e-09;8.56691e-10;0.999999;4.58098e-10;6.33532e-12;7.2024e-12;1.86173e-08;1.05837e-11;6.96073e-07;2.64611e-11;9.83559e-09;1.79133e-08;4.69674e-11;6.04112e-13
0.000148182;0.89026;2.41873e-06;3.02898e-06;1.71594e-05;9.11569e-07;2.65499e-05;0.0364579;0.000418173;6.12172e-06;0.000113501;0.0714428;0.0010972;6.36683e-06
1.60543e-06;0.98205;1.09876e-06;6.08682e-07;3.6346e-06;5.10879e-08;6.8728e-08;0.00407866;9.02845e-06;4.5417e-08;4.63207e-06;0.0100657;0.00378109;3.84163e-06
2.61136e-06;0.0549262;1.22653e-08;8.7153e-07;0.0118226;6.8279e-07;2.6209e-07;0.00727809;8.88395e-07;6.07206e-06;4.14594e-07;0.00052738;6.14801e-07;0.925433
9.64877e-05;0.0707783;0.0190045;4.39322e-05;0.00547574;0.000107084;4.87877e-06;1.7131e-05;5.64241e-07;2.86032e-05;6.44833e-06;0.895604;0.000271418;0.00856123
5.67431e-07;0.993836;5.27758e-10;1.24859e-09;1.48348e-09;6.25811e-11;0.00585579;4.14829e-06;2.12465e-07;1.55691e-06;4.30637e-08;1.55102e-11;5.51389e-08;0.000301421
4.36883e-10;2.39516e-09;1;2.89643e-11;5.47963e-12;9.33152e-12;8.45717e-09;1.55458e-10;5.94208e-10;5.13445e-11;5.22623e-10;2.12362e-07;5.29967e-10;1.44771e-12
3.57865e-06;0.9709;2.94784e-09;4.15866e-05;2.32288e-06;1.37412e-07;8.48614e-05;0.0214153;0.0013886;4.13935e-06;0.00102835;6.40454e-06;0.00512182;3.0911e-06
2.46601e-05;0.00336406;2.05787e-06;4.69511e-06;2.80325e-05;4.74528e-07;2.68668e-07;0.989927;2.24812e-07;3.33007e-06;2.39897e-07;0.00652051;8.27634e-05;4.18375e-05
2.65892e-06;0.973842;1.10471e-05;1.31011e-05;9.91358e-06;2.10348e-05;0.00257759;0.0176655;1.7502e-06;6.78195e-05;3.00655e-06;5.25074e-06;0.00253869;0.00324104
2.09333e-10;2.84995e-10;1;1.26425e-09;1.67831e-11;1.16304e-11;6.13683e-09;2.63373e-11;1.09572e-09;7.21707e-11;2.39429e-09;1.1211e-07;6.61663e-11;1.92496e-12
2.88923e-05;0.0230759;0.00949532;0.00024768;0.000244658;0.000355732;3.43924e-05;0.0195717;0.000622587;1.15991e-05;7.77989e-05;0.944818;0.00108593;0.00032976
0.000336597;0.92941;2.95338e-05;0.000102243;0.00102926;0.00741202;7.75992e-06;0.0057122;0.000730038;1.3003e-05;0.000289388;0.00355522;0.0462567;0.00511603
0.00191601;0.775489;5.96376e-06;1.56541e-05;0.00542246;0.000116417;2.23992e-06;0.00081182;9.64414e-05;1.1236e-05;2.00871e-05;0.211915;0.00282869;0.00134842
0.00148847;0.955589;0.0119619;4.22169e-05;0.0146914;3.89157e-06;1.6225e-07;0.0150014;2.26323e-05;4.69324e-07;1.0226e-07;0.000929218;7.16191e-06;0.000262476
1.44039e-05;0.94946;2.26306e-07;7.2816e-07;0.000629789;1.33302e-07;4.60395e-08;0.0216335;6.17448e-08;5.28367e-07;4.14419e-08;0.00074495;0.000138321;0.0273778
1.55689e-05;0.270946;3.93053e-05;3.31563e-06;0.000105419;4.97537e-05;1.01957e-06;0.678083;4.7113e-07;2.98828e-06;1.24057e-06;0.0386334;0.0106671;0.00145149
3.26137e-08;0.997342;1.60123e-07;9.83077e-08;3.96001e-08;3.38136e-08;0.00025339;0.00020611;2.43861e-09;2.77915e-05;1.3152e-08;4.22326e-07;1.05371e-06;0.00216868
4.17688e-11;5.70067e-11;1;7.03501e-10;1.13084e-10;1.69532e-10;2.04206e-09;8.22089e-11;1.30553e-10;1.28735e-10;4.18949e-10;1.54368e-08;1.71899e-11;1.05999e-11
5.76587e-05;0.967523;1.52058e-08;8.08467e-05;6.1676e-06;1.92116e-06;0.00260021;0.00125324;0.00108123;1.34292e-06;0.00229302;2.92592e-05;0.0250407;3.18925e-05
0.000163974;0.166697;2.5554e-07;7.90419e-05;0.00069528;1.39072e-05;7.34228e-06;0.0151915;0.000103621;9.10749e-06;7.59081e-05;0.780483;0.022169;0.0143109
2.93574e-05;0.052422;1.15515e-09;1.01503e-06;2.04243e-06;2.93874e-06;3.28067e-06;6.55877e-05;1.17375e-06;1.4213e-07;1.18137e-06;0.000603103;0.946849;1.94389e-05
1.68336e-05;0.0321567;0.913067;6.27814e-07;6.4738e-06;2.97781e-07;2.30605e-07;0.000175499;2.26043e-09;7.76506e-08;2.92798e-08;0.0541925;0.000378824;5.10631e-06
2.70829e-07;0.61191;1.11172e-09;1.46062e-06;6.9981e-06;8.82294e-06;0.307814;8.35571e-06;3.71618e-07;0.000854939;5.75308e-07;7.69761e-10;5.93117e-05;0.0793346
1.26261e-10;5.64973e-11;1;3.02683e-09;1.02557e-10;2.15125e-10;6.52148e-09;1.31847e-11;2.61369e-09;1.52637e-10;2.67389e-09;5.86295e-08;1.28848e-11;2.56029e-11
8.28101e-06;0.984635;1.7493e-06;4.92974e-05;3.06651e-05;1.3804e-05;0.000158395;0.00935733;0.000760792;3.91822e-06;0.00135637;0.00013579;0.00347965;8.56655e-06
1.33076e-05;0.810202;1.86873e-09;4.68006e-05;4.97904e-05;7.33025e-06;3.93906e-06;0.00260987;0.000472754;9.0577e-06;0.00183592;0.182068;0.00263664;4.43012e-05
9.06216e-05;0.157169;6.03926e-06;6.10097e-05;0.00182847;3.07529e-05;7.94985e-05;0.818579;0.00739879;7.97212e-05;0.0141892;0.000327571;0.000153797;6.73108e-06
0.000176802;0.59469;5.30055e-07;4.17117e-05;0.000318824;9.20121e-07;3.24147e-06;0.00691608;0.000294773;1.35136e-06;0.000227713;0.391079;0.00586915;0.000380186
0.00184998;0.966294;6.69803e-06;3.20358e-07;2.83502e-05;2.24967e-09;2.84835e-06;0.00601383;1.1761e-05;3.45105e-08;9.74948e-07;0.000346982;0.0254278;1.60616e-05
8.41338e-05;0.43386;2.6045e-05;1.5426e-07;0.000140438;7.2228e-07;6.52616e-08;0.54202;3.11994e-06;1.61875e-07;1.14311e-07;0.0181594;0.00146805;0.00423729
1.19058e-06;0.0313076;5.52105e-08;3.35131e-05;0.102798;4.7682e-05;6.81369e-07;0.857581;4.29827e-05;1.00783e-05;1.04199e-05;0.00687091;0.000643555;0.000652161
2.41638e-05;0.00115753;0.904637;0.00021098;0.00294476;0.000155855;1.27458e-05;4.99735e-05;2.61895e-06;0.000260377;4.85476e-05;0.0901878;0.00024493;6.2343e-05
0.000189903;0.636006;4.05089e-06;0.000642076;0.000644048;0.000105297;4.61621e-05;0.0873267;0.0372013;3.69311e-06;0.0622395;0.0243152;0.150744;0.00053257
1.07903e-07;5.17345e-05;1.8969e-10;5.59706e-09;0.00047825;7.45844e-10;5.45019e-10;0.999433;5.45355e-08;6.75303e-09;3.26666e-09;3.6606e-05;4.09903e-08;3.61976e-07
1.34168e-06;5.95747e-05;0.999869;5.41374e-06;2.45273e-05;8.0643e-07;2.47209e-08;1.56811e-08;3.17146e-08;2.78919e-07;6.81795e-08;2.29681e-05;1.36481e-05;2.13927e-06
6.0994e-05;0.854237;5.3438e-08;4.22124e-09;2.79179e-08;2.49862e-08;1.13099e-05;3.49703e-05;1.07582e-05;4.09522e-08;2.31125e-06;0.00161019;0.144033;3.96577e-08
0.000210178;0.0344656;3.70727e-05;2.2842e-05;0.000406938;1.96875e-05;1.16678e-05;0.421198;0.00042177;2.51757e-06;8.17638e-05;0.285205;0.257445;0.000472427
0.000175985;0.0403195;3.40758e-08;3.20417e-05;0.00189888;2.07951e-05;3.71632e-07;0.951533;0.00332066;8.27239e-08;7.77775e-05;0.000264026;0.00145685;0.00090028
0.000435232;0.085838;0.00168987;1.55246e-06;6.58387e-05;2.99032e-07;7.93085e-09;0.0107074;2.69451e-05;3.75385e-08;8.23259e-07;0.898125;0.00310635;3.15156e-06
0.000461289;0.124968;1.27598e-07;1.30248e-06;0.0722378;6.89713e-06;1.65806e-06;0.743775;0.000215095;1.25853e-05;6.71531e-06;0.0574506;0.000146928;0.000715877
0.000155244;0.0109355;0.965316;1.72653e-05;0.0190983;0.000111603;3.98952e-06;4.75002e-05;1.08913e-05;0.000120327;5.25698e-07;0.00326277;0.000780157;0.000140256
0.00112844;0.460298;0.000349698;1.01334e-05;0.000114485;1.43863e-05;6.40279e-05;0.444784;0.090941;8.28417e-07;0.00017388;0.000433799;0.00145781;0.000229664
0.000324147;0.0935671;2.76336e-05;0.000601333;0.000402826;0.00272807;6.31348e-07;0.0236478;0.0051598;6.23751e-06;0.000122424;0.0340148;0.714254;0.125144
0.00625864;0.345148;0.000556153;0.000122243;0.000303231;0.000402455;5.15674e-07;4.97826e-05;0.000445666;4.15667e-06;1.45889e-05;0.258104;0.384383;0.00420754
0.000174284;0.0270384;3.42495e-07;1.08166e-07;0.00137029;1.10481e-06;1.98574e-07;0.968809;2.83931e-05;1.81667e-07;9.28258e-07;5.22732e-05;0.00201043;0.000514606
7.08456e-06;0.0564893;0.000279957;6.3012e-06;0.000211632;6.68489e-05;1.93607e-06;0.00673603;7.34818e-06;2.00779e-05;1.69944e-06;0.927257;0.00147176;0.00744333
0.000661128;0.654356;2.9499e-06;0.000870544;0.000316921;0.0001525;0.0100409;0.0145923;0.141726;8.39392e-05;0.0445301;0.0718708;0.0606591;0.000137151
0.000266986;0.989119;1.01208e-05;6.40971e-07;5.646e-08;4.91206e-08;2.45815e-06;0.00513648;0.000121884;1.48002e-07;1.79373e-05;0.00193525;0.00338892;1.01507e-07
1.54224e-08;0.999175;2.7439e-11;1.01086e-06;2.36522e-06;3.66027e-08;4.48363e-08;6.45319e-08;2.56138e-08;1.61592e-05;7.48336e-09;0.000191361;8.91606e-09;0.000613894
5.25411e-06;6.86908e-06;0.999332;1.6447e-05;6.20398e-09;1.36698e-07;4.64308e-05;6.65921e-07;8.23902e-05;4.27901e-07;0.000436451;7.62281e-06;6.50603e-05;8.18561e-09
2.02149e-06;0.993713;3.16414e-07;1.98873e-07;5.09244e-07;2.4301e-07;3.50636e-07;0.00477126;1.19662e-07;2.76231e-07;2.62777e-07;7.60483e-07;0.00151046;3.93062e-07
1.74933e-05;0.00423014;8.51376e-05;6.64714e-06;0.001436;4.94924e-05;2.4597e-07;0.00083774;6.63389e-07;1.69493e-06;1.62363e-06;0.99083;0.00219422;0.0003086
0.000912113;0.00962532;2.88484e-06;2.07409e-05;7.17125e-05;1.98493e-06;0.000108089;0.812499;0.143364;1.92284e-06;0.00148576;7.00772e-05;0.0318369;2.15159e-07
6.1988e-05;0.889744;0.000948187;1.51908e-05;1.18804e-05;5.96838e-06;0.00140919;8.06493e-08;3.64295e-07;0.0200269;5.44042e-08;1.08372e-05;5.95231e-08;0.0877653
6.1693e-08;4.1623e-09;1;5.46928e-10;1.45989e-09;8.67047e-11;8.22755e-08;3.4464e-09;7.18371e-08;3.40592e-10;8.26409e-09;1.36859e-08;3.31914e-11;1.05532e-10
5.97042e-05;0.0254321;1.67214e-06;2.79254e-06;2.15513e-07;6.8542e-06;0.000226072;0.000167051;0.000739669;2.69543e-06;7.58762e-05;6.0392e-05;0.973225;4.84396e-08
9.08206e-07;0.00218839;0.997466;2.2625e-07;4.86088e-07;1.36609e-08;6.88947e-09;2.13696e-07;2.91404e-09;1.92963e-07;1.25203e-08;0.000336935;6.15804e-06;2.44592e-07
9.17086e-08;0.992121;2.70778e-11;1.04573e-08;1.64508e-08;3.83355e-08;0.000744387;5.52561e-07;1.79488e-07;0.000195931;6.65275e-08;2.1067e-11;5.97977e-07;0.00693659
8.84685e-11;4.92415e-11;1;5.69424e-10;1.28277e-10;6.4548e-11;5.27812e-11;3.10263e-10;1.7655e-10;1.07911e-10;3.56035e-10;1.57594e-08;1.139e-10;4.17369e-14
