3.08385e-05;0.882565;1.17242e-06;4.12921e-07;3.74578e-07;3.96678e-08;1.94282e-06;0.114882;5.16425e-07;7.34732e-07;2.56245e-07;5.8345e-07;0.00251526;6.70327e-07
2.72858e-05;0.875692;0.000392726;8.93628e-05;0.000585919;2.30714e-05;1.40665e-06;0.00161887;3.20876e-06;8.4698e-06;4.07108e-06;0.0738383;9.69791e-05;0.0476187
4.85194e-05;0.0540422;5.01851e-09;7.99665e-05;0.000798167;0.00215092;0.00188529;0.0873947;0.000748587;0.000212537;0.000287301;3.84207e-09;0.848352;0.00399983
3.39786e-07;6.01487e-08;0.999998;6.54022e-08;1.42045e-09;1.32013e-09;2.49633e-08;1.3537e-09;6.64051e-08;1.1041e-08;1.04008e-07;9.82422e-07;1.01156e-08;6.57344e-09
4.10956e-06;3.10578e-05;9.54494e-06;5.43009e-07;1.77211e-05;3.27942e-06;7.65268e-07;6.51811e-05;1.7456e-06;4.12974e-07;1.49523e-06;2.95601e-05;7.68579e-06;0.999827
2.19738e-07;3.75404e-05;1.00872e-10;3.39988e-09;6.62383e-05;2.03236e-07;1.84265e-08;0.999894;9.8543e-07;1.66797e-09;4.44566e-08;8.78789e-07;1.82888e-07;1.55167e-07
2.02413e-08;6.67875e-06;0.999983;1.07537e-08;1.54772e-06;5.8665e-08;2.15103e-10;6.07796e-09;7.15574e-12;8.51281e-10;2.53735e-10;8.64741e-06;3.86088e-08;3.25972e-08
1.84845e-07;0.99916;8.19857e-09;1.17928e-08;9.65394e-08;5.11489e-08;1.59305e-08;8.40684e-05;1.5344e-07;2.89318e-10;9.63838e-08;1.87114e-05;0.000731691;5.15397e-06
6.62569e-06;0.867665;1.77028e-07;3.04959e-06;0.000106049;5.62953e-06;6.21054e-07;0.0688579;2.20416e-06;5.66316e-07;5.88368e-07;0.00186233;0.0614189;7.04625e-05
1.05463e-06;0.982333;8.58171e-08;2.31249e-05;0.00123817;1.05696e-05;6.67466e-08;0.00268905;6.61192e-08;1.8706e-05;2.55651e-08;0.000401145;0.0116591;0.00162534
1.13977e-06;0.00045704;2.87838e-09;7.63846e-06;5.60494e-07;0.000102871;3.71517e-06;2.9743e-07;3.6043e-06;1.91021e-06;2.25692e-05;4.35055e-05;0.999353;2.3368e-06
7.01872e-07;5.97534e-05;0.999894;2.1181e-06;2.64166e-07;1.34399e-07;1.20066e-05;2.28039e-09;2.39841e-08;1.37509e-05;5.1644e-08;1.49094e-05;3.66955e-09;2.38966e-06
1.01042e-06;1.02006e-05;0.999958;6.85902e-07;9.4672e-07;2.22839e-07;4.1484e-06;4.28312e-07;5.58059e-06;6.13363e-08;1.60633e-05;2.18368e-06;4.23305e-08;7.64361e-08
1.53691e-07;0.046774;6.68688e-09;3.49341e-08;3.2019e-05;9.68757e-07;2.05639e-08;0.953037;1.63862e-06;5.87093e-08;2.18077e-06;4.66259e-05;8.66645e-05;1.87542e-05
1.59946e-06;0.914982;1.5496e-05;5.35668e-05;0.00187225;0.000119218;5.10874e-08;0.0396065;3.91623e-06;1.66818e-05;0.000104706;0.0311252;0.0113094;0.000789493
3.25078e-06;0.00256142;2.42328e-05;6.01388e-06;0.945413;0.0186609;2.03236e-07;0.00856736;1.28397e-06;0.000163923;6.39763e-06;0.011104;9.43422e-05;0.013394
1.14912e-06;1.95616e-05;1.15904e-08;1.16519e-08;1.32342e-07;1.72074e-09;4.44224e-09;0.998818;9.14352e-07;3.31919e-10;1.79474e-07;1.43827e-07;0.0011594;5.42726e-10
5.90854e-05;0.00796033;3.0684e-05;4.53656e-06;3.27118e-06;4.11154e-07;2.23854e-07;0.00810922;2.80529e-05;1.53949e-06;1.59659e-06;0.97858;0.0051973;2.38893e-05
8.94553e-07;0.998184;5.99521e-08;1.90758e-08;9.16904e-10;4.90845e-10;1.03611e-06;1.33708e-05;1.72936e-07;2.81254e-08;1.77134e-07;0.000119352;0.00168089;2.49026e-10
4.84557e-06;0.00742749;2.95514e-06;1.72206e-06;3.43128e-06;5.69742e-07;5.6596e-07;0.0057965;3.06366e-06;4.32666e-07;2.62184e-05;0.98611;0.000621064;9.55171e-07
4.10818e-07;0.996355;8.66448e-07;6.656e-07;8.16859e-07;1.00773e-06;0.00130865;5.59908e-06;1.03991e-08;0.000611652;9.85568e-08;7.95356e-10;2.30301e-05;0.0016928
5.31564e-09;6.07603e-10;0.999998;1.32948e-08;2.35562e-10;2.25766e-10;4.96987e-08;9.51661e-12;1.56324e-08;1.35441e-09;4.43513e-08;1.9846e-06;7.60428e-10;9.02105e-11
0.000262807;0.736553;0.0311073;0.000434491;0.000933894;0.00133904;0.00271382;0.0972757;0.00571207;0.000598052;0.000932423;0.0247437;0.0821631;0.0152303
5.99394e-07;0.000788473;1.20322e-08;3.02831e-06;3.72179e-05;0.00014025;9.18925e-08;0.0834752;3.64623e-06;1.028e-07;6.15684e-05;4.5315e-06;0.91542;6.53264e-05
6.14764e-05;0.0104236;1.27052e-05;1.09466e-05;0.000171851;2.35618e-05;2.56385e-07;0.0116823;3.41746e-06;1.36367e-06;1.55926e-05;0.971232;0.00629187;6.95072e-05
1.72529e-05;0.883294;1.51764e-06;2.22413e-05;3.31876e-05;3.28948e-06;2.29859e-06;0.0455408;2.3094e-06;8.19695e-07;1.13773e-05;0.000276002;0.070785;1.01147e-05
9.01151e-05;0.255298;0.000100601;0.0362217;0.060602;0.00542335;3.72333e-05;0.301578;5.29415e-05;0.00133621;0.000793328;0.0298919;0.229726;0.0788488
5.54186e-06;0.510191;4.03535e-07;1.62197e-05;1.00867e-06;8.72155e-07;0.484535;2.34235e-07;6.58107e-08;0.00472971;1.02801e-05;6.12436e-10;1.90409e-05;0.000489844
7.84376e-12;7.68835e-14;1;2.81868e-12;1.5035e-13;1.40279e-14;3.39485e-10;1.80953e-14;4.57843e-11;4.47753e-13;7.66335e-11;2.08038e-12;3.1368e-14;4.63798e-15
2.86986e-05;0.478452;1.17939e-07;1.89563e-05;4.0423e-05;3.12948e-05;0.483364;0.0069958;0.0255016;0.00330845;0.00139989;5.20014e-08;0.000842953;1.665e-05
1.43312e-08;9.37667e-09;0.999999;3.62064e-08;2.49448e-09;5.28708e-10;2.0905e-07;8.46256e-11;2.92578e-07;8.24229e-09;1.65766e-07;2.14236e-07;4.55675e-11;6.18717e-11
0.000512816;0.874786;0.000581375;0.000105642;0.000511097;0.000217163;6.17431e-05;0.04898;0.0113472;3.9095e-06;0.000414183;0.0392808;0.0225085;0.000689501
1.51649e-05;0.986712;4.92724e-09;3.38221e-07;2.15087e-06;3.10393e-07;1.73651e-07;0.000942135;4.49401e-06;3.2929e-07;2.604e-06;0.000133828;0.0114518;0.000734902
5.92461e-05;0.227409;8.83708e-06;7.92334e-06;0.000767538;1.57111e-05;2.02774e-05;0.000846792;4.92422e-05;3.13293e-06;9.74512e-05;0.660726;0.00109164;0.108898
4.65839e-05;0.174871;2.81399e-06;3.70591e-05;0.00283499;6.97677e-05;4.07001e-05;0.00900071;0.000204614;4.83505e-06;0.000238897;0.74555;0.064771;0.00232723
1.06809e-05;0.0074872;2.25236e-07;3.91267e-07;0.000433076;5.01989e-05;3.14737e-07;0.982321;1.41676e-05;1.11469e-07;1.03709e-06;0.00357613;0.00573963;0.000365634
1.35399e-06;0.00589845;7.02093e-08;5.37828e-07;3.17799e-05;1.47905e-05;2.47499e-06;0.986656;1.82031e-07;6.17295e-07;2.22451e-07;2.99553e-06;0.00736778;2.24919e-05
3.0483e-09;2.58245e-08;1;6.97989e-09;8.84456e-11;6.37541e-11;2.82584e-09;3.8392e-10;4.14233e-09;1.196e-10;5.96784e-09;1.37009e-08;2.54193e-09;1.43888e-11
7.82998e-06;0.00704568;0.963075;8.46629e-06;0.00016262;6.11461e-06;3.57927e-07;0.00837539;3.01466e-06;4.71963e-07;1.60726e-06;0.0205672;6.6269e-05;0.000680454
9.11091e-07;0.000218194;1.29519e-06;0.00023776;0.964328;0.0135913;1.21557e-06;0.00128915;0.000347747;1.20498e-05;0.000920872;4.85554e-05;3.05911e-05;0.0189729
9.48806e-07;0.00419076;0.958368;0.000141588;0.00175083;0.00231467;1.35614e-07;1.0085e-05;6.64921e-10;3.06822e-06;1.30161e-06;0.0261636;0.00671337;0.000341683
0.000228039;0.843318;0.00151352;0.00021657;8.28901e-07;3.17566e-06;3.34262e-05;0.00324275;0.00128062;3.65037e-07;0.0040113;0.00710665;0.139045;7.66098e-08
3.48696e-06;0.508556;8.58907e-08;4.58589e-06;0.00131514;7.8238e-07;2.43375e-09;0.488939;1.67694e-07;1.00853e-07;1.91052e-08;0.00116282;9.10989e-06;8.12347e-06
0.000127548;0.0265714;0.727184;0.00290512;0.14187;0.0010063;1.03805e-06;0.0955378;1.10112e-06;0.00155753;1.59837e-06;0.000138483;0.00274486;0.000353532
7.91049e-05;0.393725;0.569499;0.00818519;0.00188103;0.0149942;2.45135e-06;0.000204469;6.4699e-06;0.00129531;0.000121252;0.00450472;0.00139291;0.00410886
0.000801876;0.195501;0.160942;0.00024533;0.000128936;5.7636e-06;5.23052e-06;0.00136604;2.00493e-05;3.03477e-06;8.75492e-05;0.640712;0.000117942;6.22983e-05
0.00854437;0.611964;0.0050177;6.40159e-06;0.000959445;0.000363315;0.000558373;0.00331366;0.0290184;5.52809e-06;0.00313851;0.000343329;0.336759;8.65938e-06
5.85317e-07;0.99986;5.28315e-10;3.19133e-11;2.34387e-10;2.10587e-10;0.000101071;1.35109e-07;6.13862e-08;8.19258e-07;3.0645e-09;1.24704e-07;3.64139e-05;2.9222e-07
9.46273e-12;1.45312e-13;1;1.81091e-12;6.27024e-12;2.57153e-13;2.96822e-11;8.89009e-12;1.00129e-10;7.79859e-12;7.76801e-13;2.04011e-08;2.98004e-13;1.81625e-13
3.67345e-05;0.706702;1.08743e-05;0.000185842;0.000142071;0.000195645;0.00108582;0.136036;0.137335;2.77188e-05;0.00411297;0.00116787;0.0126335;0.000328002
4.53347e-05;0.97053;1.25524e-07;3.84975e-05;1.12792e-05;1.49397e-05;8.88044e-05;9.55131e-05;0.000389292;0.000116545;0.00141592;0.00308199;0.0146431;0.00952873
1.09292e-05;0.985057;5.83307e-09;9.24603e-07;1.21737e-08;2.79989e-08;0.0136124;2.85965e-06;1.31911e-06;0.00111403;1.56024e-05;1.49248e-05;1.2486e-06;0.000169098
2.446e-09;1.03769e-09;1;7.25163e-09;1.10262e-11;1.81917e-12;2.79214e-08;4.55582e-12;1.68763e-07;1.11582e-09;1.32981e-07;3.81777e-08;3.31154e-11;2.23577e-12
7.19003e-06;0.909548;4.99611e-07;1.54952e-06;6.91869e-08;1.52836e-07;9.77571e-07;2.90404e-06;8.63262e-06;3.14682e-07;1.63487e-05;2.50519e-07;0.0904131;1.76297e-07
8.15692e-06;0.00805768;3.25855e-06;1.94427e-07;1.68595e-06;2.11561e-06;1.61654e-07;0.000701229;1.50976e-07;1.43335e-07;6.22137e-08;0.964953;0.0262677;4.07248e-06
1.33928e-05;0.0409875;0.00526376;4.77402e-06;0.212176;0.0243402;8.07306e-08;0.391352;4.02531e-08;1.30407e-06;2.31454e-08;0.00010781;0.229544;0.0962087
5.91563e-07;0.000319818;1.81602e-06;2.35215e-07;2.61064e-08;5.78926e-05;1.27601e-07;4.67228e-06;6.18601e-07;5.97233e-08;6.9935e-08;4.57245e-06;0.999598;1.17558e-05
1.30841e-07;0.000530181;0.999275;1.20964e-06;5.50223e-07;3.27717e-07;1.0628e-08;6.19403e-07;5.26986e-09;4.48381e-07;5.5888e-10;0.000168888;1.2621e-07;2.25074e-05
4.49412e-06;0.897218;8.1296e-07;0.000465653;0.000100154;0.0001035;0.00011479;0.0939742;0.000825346;3.78214e-06;0.000816835;3.25997e-05;0.00159926;0.00474061
3.14353e-05;0.0854334;1.0534e-06;8.20207e-06;1.32632e-05;3.122e-06;1.42838e-06;0.845883;9.02162e-06;2.4521e-06;6.22103e-05;3.06382e-05;0.0685042;1.68872e-05
2.24847e-06;0.016825;1.81079e-06;4.69503e-07;9.53845e-06;3.01538e-06;2.20472e-05;1.03977e-05;1.64941e-08;0.000488973;4.89375e-08;1.39349e-05;1.13003e-06;0.982621
1.9496e-08;1.3815e-08;0.999999;9.19209e-09;5.88299e-09;1.50826e-09;1.5924e-07;7.08649e-09;2.10311e-07;1.5403e-08;6.37201e-08;1.41852e-07;8.72783e-11;5.48272e-10
1.73787e-05;0.970505;3.77925e-07;1.74062e-06;2.16518e-06;4.176e-07;7.45556e-05;0.00115751;1.55686e-05;3.31205e-06;1.54972e-05;0.000256965;0.0279429;6.20502e-06
4.23914e-06;0.727269;5.74364e-05;1.48625e-05;0.000578963;1.50854e-05;1.27552e-06;0.258552;5.00925e-06;1.94233e-05;1.70883e-06;5.57078e-05;0.010148;0.00327692
2.01368e-06;0.017315;5.38221e-08;1.10911e-05;0.000280731;0.00367682;3.73951e-05;4.83462e-05;4.74891e-06;5.26358e-05;4.79633e-06;0.000281083;0.97815;0.000135537
6.24231e-06;1.49961e-05;0.997746;2.82268e-06;1.56638e-07;1.0026e-08;0.0006429;7.38926e-09;1.50735e-07;0.00127045;7.27206e-08;0.000315624;2.6938e-08;6.53946e-08
8.57893e-07;5.81049e-07;0.999934;2.13455e-06;3.64763e-08;1.06452e-07;9.89654e-06;2.86285e-08;4.30092e-05;5.41996e-07;8.3706e-06;1.07969e-07;2.37341e-08;6.15056e-10
1.80341e-05;0.998987;1.65422e-06;2.49973e-07;1.8485e-08;3.80013e-09;1.84166e-06;0.000514889;1.28728e-05;8.72711e-07;0.000150994;0.000166794;0.0001443;5.58822e-09
1.15185e-07;0.999807;7.52113e-11;4.44268e-07;1.75343e-07;8.78327e-10;4.46171e-05;2.89833e-07;3.92866e-07;0.000111981;1.26988e-06;1.02252e-05;1.2576e-08;2.35723e-05
2.81718e-07;4.84333e-07;0.999983;2.33555e-07;1.41412e-09;6.48976e-09;6.02201e-07;2.07485e-07;6.59519e-07;1.86813e-08;1.25525e-05;8.31164e-07;8.74138e-07;1.23697e-10
1.84209e-06;0.202761;1.34639e-10;5.86908e-08;0.000515091;1.48214e-07;3.82915e-08;0.796573;4.84773e-07;1.72793e-07;4.23613e-07;3.24859e-05;0.00010498;1.07975e-05
2.75681e-05;0.00526595;0.00842285;3.44465e-05;0.0129406;4.4616e-05;4.66377e-07;0.000122019;6.05972e-08;0.000133993;5.83515e-07;0.972403;0.000136869;0.000467357
0.00377772;5.87886e-05;6.28776e-05;1.75857e-06;1.15959e-07;3.49865e-08;0.00232359;0.0258764;0.965213;1.25768e-06;0.00221619;2.87004e-08;0.000468137;1.1819e-08
3.89965e-05;0.996029;6.34005e-07;2.31728e-07;2.33592e-07;4.76007e-09;3.852e-06;0.00341473;0.000107393;8.48006e-08;2.46727e-07;3.71328e-06;0.000400991;8.04179e-08
1.62105e-05;0.00288438;1.76489e-06;2.96254e-05;0.000383535;0.000131454;1.61411e-08;0.431919;1.53411e-05;3.19545e-06;2.06181e-06;0.564133;7.2581e-05;0.000407951
0.000249282;0.976207;1.23326e-09;2.66995e-06;5.57916e-06;1.94835e-06;3.48605e-05;0.0195503;1.25408e-05;1.92695e-05;8.38054e-06;2.92906e-05;0.00378171;9.69831e-05
0.00281814;0.0219302;5.59986e-05;0.000912775;0.00259757;0.000103002;2.94918e-06;0.258991;0.0007707;4.49148e-06;0.000467468;0.00562625;0.705716;3.93259e-06
1.73581e-05;0.999541;0.000246756;8.20914e-06;1.36443e-07;1.39848e-07;9.19685e-06;1.37509e-05;1.42088e-07;1.48378e-05;5.98612e-08;2.44609e-07;0.000134814;1.31089e-05
4.76344e-09;2.7917e-09;1;9.16699e-08;1.225e-10;6.75093e-10;3.24943e-08;3.49575e-10;1.38215e-08;5.90384e-09;6.92251e-08;7.35698e-08;2.87461e-09;3.93309e-10
2.35575e-08;9.06994e-07;0.999576;2.9244e-06;5.62977e-07;1.66608e-06;1.90048e-08;6.59865e-05;7.27628e-08;5.19094e-08;2.04826e-07;0.000299873;1.33609e-07;5.18189e-05
1.86511e-05;0.00134176;0.000990576;3.68611e-05;0.0122936;0.13025;6.36682e-06;0.000466927;2.06986e-05;3.72508e-06;0.000110431;8.91466e-05;0.000200431;0.854171
2.30076e-06;0.560617;5.9387e-07;3.26522e-06;0.00337968;0.00536212;1.12151e-05;0.0069803;6.65576e-10;0.000745526;1.21303e-08;9.29923e-08;8.34511e-05;0.422814
6.6719e-13;3.13736e-12;1;3.6776e-12;9.11715e-12;2.05024e-11;2.62135e-14;3.71236e-13;4.16812e-15;3.13299e-14;3.63871e-14;1.22773e-10;2.3099e-12;1.0258e-13
9.90764e-07;0.14689;3.73212e-07;3.39351e-06;5.747e-05;0.00419933;1.50408e-06;0.056926;1.3148e-07;4.24813e-06;1.94099e-07;3.32872e-08;0.791879;3.70193e-05
2.55989e-11;1.74225e-10;1;1.47386e-08;9.70777e-11;6.7283e-09;1.0688e-11;1.98629e-10;6.50547e-12;1.4997e-10;1.0608e-10;1.40226e-07;8.58751e-09;2.24656e-11
5.08591e-08;7.09055e-05;0.000712887;4.4488e-05;9.92097e-06;1.92335e-05;1.82336e-09;5.13481e-05;2.50385e-07;4.49587e-08;4.22003e-06;0.99901;1.7678e-05;5.92738e-05
9.08281e-07;0.998821;5.78197e-08;3.25022e-07;9.75964e-06;1.63745e-06;4.44865e-08;0.000178771;2.38601e-09;4.33073e-07;7.28398e-08;2.11052e-06;0.000967131;1.73672e-05
7.99776e-08;0.000169249;1.00899e-10;3.79459e-09;0.000108196;3.09029e-08;1.07327e-11;0.998584;8.13774e-11;6.91468e-09;3.80738e-09;0.00113281;5.83856e-06;9.41154e-08
6.84956e-07;0.0537;0.943811;1.14238e-05;0.000210748;0.000233949;6.64007e-10;0.000224579;2.29518e-10;9.14691e-07;1.01034e-08;2.62954e-05;0.00155254;0.000228122
7.45855e-05;0.0167098;9.92947e-05;3.29579e-05;0.000387663;0.00488098;4.51604e-06;0.0926347;0.000127807;1.11796e-05;0.000138679;0.00119504;0.883009;0.000693532
