5.76949e-06;0.996748;0.000129898;5.39079e-05;6.86406e-07;4.88899e-07;5.0827e-07;1.88946e-05;1.00737e-07;2.72651e-06;2.01852e-07;1.71332e-05;0.0030072;1.48107e-05
1.67146e-05;0.981075;3.14363e-08;0.000110766;1.43949e-05;2.93311e-05;9.81017e-07;0.000774319;0.000101969;2.80511e-06;5.59043e-05;0.0172945;0.000513118;9.78804e-06
4.37564e-06;0.973722;8.51797e-08;5.88476e-07;3.30502e-06;2.27731e-06;1.14468e-07;0.0249055;1.31609e-07;1.53734e-06;3.91444e-07;5.19308e-05;0.0012924;1.57803e-05
1.35774e-05;0.00100203;2.05979e-07;1.13639e-05;3.79484e-05;1.09636e-05;2.43276e-05;3.36753e-05;0.000150022;5.73228e-06;0.000127062;0.998405;4.09909e-05;0.000137515
9.22578e-06;0.998144;8.91781e-10;5.25489e-08;3.32716e-10;3.38713e-09;4.28489e-06;1.00731e-06;1.51272e-05;5.49235e-09;1.05274e-07;1.86018e-08;0.00182628;5.46256e-10
9.57886e-06;0.000641887;0.435729;2.23542e-05;0.000171704;1.53758e-06;3.33285e-08;3.31157e-05;4.07607e-07;2.97576e-07;3.67088e-08;0.562888;6.30104e-08;0.000502099
2.90056e-07;0.974238;4.68866e-11;1.51815e-08;3.93593e-06;2.05414e-09;3.24826e-08;0.0257393;2.23675e-08;1.58872e-08;1.59636e-08;1.56053e-05;1.31739e-06;1.53048e-06
1.01222e-06;0.00295322;0.0137305;3.50051e-05;0.00114952;0.00127305;1.58018e-08;0.000109842;1.2095e-09;8.05258e-06;1.90009e-07;0.980353;7.30651e-05;0.000313614
1.06926e-07;0.983545;1.20448e-08;3.1233e-08;9.88033e-09;1.51881e-08;0.0162803;1.6985e-05;1.02278e-07;1.56392e-05;9.70621e-08;6.10862e-10;1.70352e-06;0.00013987
8.1001e-11;9.22444e-10;1;8.45602e-10;5.83502e-12;3.74566e-11;4.16482e-09;6.4833e-12;5.55813e-09;3.30062e-10;2.04054e-09;2.98974e-09;8.88975e-11;2.12223e-12
6.67198e-06;0.00153277;2.08934e-09;8.54939e-08;2.65741e-08;2.18422e-09;1.14534e-06;0.998163;0.000279225;7.98445e-08;1.21784e-05;5.29445e-07;4.30476e-06;6.41559e-10
2.70088e-08;0.999846;2.17864e-09;2.42515e-07;4.43314e-08;2.77432e-09;1.16525e-07;3.71308e-07;1.02451e-09;6.0597e-06;2.89159e-09;2.78924e-05;1.69264e-09;0.000118759
4.42829e-06;9.13615e-05;0.999844;4.09125e-06;2.42792e-06;3.89235e-07;1.80747e-05;1.97793e-06;1.58254e-06;2.07416e-06;2.3129e-05;5.27335e-06;6.24591e-07;1.24253e-07
6.54844e-06;0.00561742;1.47854e-07;9.21505e-07;8.16523e-07;3.45984e-05;1.09099e-06;0.000222856;3.42448e-06;8.50406e-07;5.81747e-06;2.05399e-07;0.994105;2.73189e-08
1.58446e-06;0.00220464;0.994491;3.29276e-07;9.26309e-07;3.81656e-08;6.33219e-09;2.68756e-07;3.68815e-10;3.94048e-07;8.90088e-10;0.00329854;1.13e-06;1.04889e-06
1.93382e-05;0.971609;2.80777e-09;6.83809e-06;7.38129e-06;4.96725e-06;0.0213479;4.20265e-05;0.000615845;0.0031616;2.40498e-05;3.13813e-09;4.34976e-05;0.00311737
9.92133e-08;5.48529e-08;0.999999;6.2265e-08;1.09347e-08;9.70309e-09;5.40751e-09;3.49106e-07;2.64306e-07;1.19944e-09;4.99535e-08;2.36061e-07;5.19377e-08;2.66164e-11
1.97376e-07;0.999724;7.17226e-09;9.73692e-11;1.79022e-11;1.75472e-10;6.59501e-08;1.63343e-06;1.35798e-08;1.03399e-09;1.20557e-09;3.2124e-06;0.000271031;2.70755e-11
8.9528e-08;0.000850349;2.35169e-07;3.05131e-06;1.21595e-05;0.000271987;2.05444e-08;2.3648e-05;1.44767e-05;2.37546e-07;4.30384e-06;0.997685;6.62677e-06;0.00112752
4.59592e-07;0.992624;6.17045e-08;2.24906e-09;5.27048e-10;1.40506e-08;1.81802e-07;8.59666e-07;3.90073e-08;4.62919e-10;5.83517e-08;1.34881e-05;0.00736099;7.64585e-11
1.39501e-05;0.173922;0.00224074;6.67889e-06;0.00312681;0.00139599;9.65786e-08;0.121639;2.96771e-05;3.54138e-07;6.41426e-07;0.656043;0.0137555;0.0278258
4.74731e-06;0.933629;1.43637e-05;3.45687e-05;0.000469429;0.000537701;2.44575e-07;0.0526009;0.000156474;1.22254e-06;2.29929e-06;0.000587165;0.0104143;0.00154778
5.48105e-05;0.138382;1.61832e-06;4.27487e-05;0.000428624;2.50173e-05;2.20501e-07;0.855205;0.000163203;3.47751e-07;4.28933e-06;0.00110091;0.00452288;6.86483e-05
0.00012255;0.111304;8.83089e-07;9.13128e-06;0.000192297;1.27426e-06;1.61597e-07;0.714837;2.78437e-05;1.72065e-06;2.51688e-05;0.155943;0.017535;4.87387e-07
4.78527e-07;0.999867;5.23344e-10;1.73183e-07;4.67213e-06;7.8789e-09;1.7856e-05;6.1431e-05;9.65309e-07;2.57542e-05;3.31846e-07;1.83784e-05;4.78171e-07;2.52041e-06
9.39605e-10;5.34338e-10;1;3.06038e-11;1.3128e-11;4.87959e-14;5.16913e-09;5.50353e-11;1.05112e-10;6.72582e-11;1.34523e-10;2.07046e-08;2.59428e-12;1.57159e-13
5.92134e-06;0.00047916;2.02404e-09;7.44283e-07;0.000198718;2.11613e-07;0.000255561;0.996005;0.00281273;3.88243e-06;0.00013304;7.79632e-06;9.70008e-05;1.19678e-08
0.000354833;0.00860237;0.974986;0.0014899;0.000338635;7.67617e-05;0.000466181;0.000699889;0.000712026;0.000976931;0.00607912;0.00202351;0.00279679;0.0003974
0.000141477;0.985959;4.91369e-07;1.34516e-07;1.09399e-07;4.30358e-09;0.0115533;0.000151955;0.000137152;6.24846e-05;4.94587e-05;5.2604e-07;1.01667e-06;0.00194254
9.77606e-10;3.45247e-10;1;7.70518e-12;1.08438e-11;1.73801e-13;1.52173e-09;4.70465e-13;9.28013e-10;1.17915e-11;2.08006e-10;2.70378e-08;3.44095e-12;2.67984e-13
0.000574004;0.00483916;0.000225439;2.83345e-05;0.0235575;0.00347935;7.47025e-06;0.617456;0.0160896;4.81544e-06;0.000427746;0.272584;0.0243465;0.0363803
6.78003e-05;0.440941;2.66106e-05;7.90752e-05;0.000221296;0.000581651;5.06405e-05;0.153619;0.00194397;4.86273e-05;0.000813108;0.00039711;0.400558;0.000651705
0.00086646;0.247629;0.000626921;0.00220193;0.0235671;0.0140021;0.00103682;0.00839948;0.0465406;0.000297549;0.0147419;0.459621;0.151283;0.0291865
0.000634777;0.619036;6.9461e-06;2.15346e-05;0.000144519;0.00119888;2.85367e-06;0.356493;0.00016238;2.96636e-05;7.52636e-06;0.00959573;0.0124462;0.000219987
1.74446e-05;0.00328128;1.61189e-07;1.96041e-06;3.8458e-06;2.0602e-05;1.79869e-07;0.0823712;1.22226e-05;1.37091e-07;4.86504e-06;1.13708e-05;0.91427;4.48776e-06
0.000195707;0.0108824;2.51028e-05;3.97341e-05;7.88883e-06;2.8599e-05;4.5843e-07;0.00453658;0.000327693;5.71974e-06;6.00026e-05;0.977282;0.00654239;6.56004e-05
1.89191e-05;0.989309;0.000238362;4.72809e-06;7.9e-06;1.89504e-06;1.76367e-08;0.000996285;5.67048e-07;2.49678e-07;3.75957e-07;0.00812273;0.00126573;3.33062e-05
1.07917e-07;0.000290115;7.97173e-09;2.3671e-05;0.0391549;3.43152e-06;4.35378e-09;0.960076;5.26366e-08;4.88788e-06;6.2336e-07;5.71501e-05;1.47358e-06;0.000387524
6.67075e-08;4.31998e-06;0.99995;4.21368e-06;2.2721e-06;1.35944e-06;4.25999e-07;5.83422e-09;2.128e-10;2.91734e-06;7.96836e-07;3.29467e-05;1.64326e-07;5.51823e-07
1.89201e-07;0.000974306;1.0414e-08;2.73341e-09;3.07181e-11;1.65685e-10;0.998841;2.46302e-10;1.52403e-07;0.000177811;6.95468e-06;1.47885e-10;3.0908e-09;8.20166e-08
8.32719e-11;3.94537e-11;1;8.03667e-09;8.34638e-10;1.96181e-09;9.80086e-09;2.00517e-11;1.14262e-09;9.57573e-10;1.66033e-08;1.19851e-07;5.25833e-11;1.8471e-10
2.98076e-08;0.000169542;3.547e-11;1.52516e-09;5.20291e-07;2.72425e-10;1.27956e-08;0.999828;1.16523e-07;2.58213e-10;3.84987e-08;1.70845e-07;1.65423e-06;1.00168e-09
1.41693e-05;0.0118928;0.956264;0.000242456;0.0053679;0.00164439;0.00110908;5.2886e-05;1.66869e-06;0.0217299;2.79711e-05;2.28961e-06;0.00103172;0.000618595
2.28337e-09;2.41418e-10;0.999999;3.54352e-10;1.54813e-10;3.21648e-11;5.04688e-09;2.96754e-10;1.63059e-08;2.93567e-11;9.26113e-08;4.65293e-07;1.69919e-11;1.88359e-11
2.82335e-06;0.0115698;0.0956306;9.11136e-07;4.4682e-05;2.86026e-06;2.95024e-06;0.000641617;3.38172e-05;2.64877e-07;2.22605e-05;0.891472;0.000348699;0.000226894
2.54712e-05;0.408593;2.5246e-07;2.24851e-06;0.0151161;0.013516;2.46556e-06;0.128903;0.00221142;1.47945e-06;0.000691313;1.24556e-05;0.430861;6.37201e-05
1.6314e-06;0.00614095;0.000167651;1.4572e-08;1.43166e-05;4.04504e-07;2.07378e-10;0.000237765;2.20504e-08;2.50443e-09;1.3645e-08;0.988645;0.00479179;3.87943e-08
6.5795e-09;1.44263e-06;7.04081e-09;1.12752e-09;7.19937e-05;9.73999e-09;3.55198e-13;0.999925;8.85549e-09;6.94859e-12;1.17596e-11;2.70357e-09;1.11908e-06;1.68499e-09
0.000122228;0.525899;0.245231;0.000775193;0.0665389;0.00307814;9.57162e-09;0.104903;1.81687e-07;2.98808e-05;2.42417e-07;0.0275283;0.0233989;0.00249469
5.95096e-05;0.00355268;0.00436784;4.76124e-07;0.000335253;5.4092e-07;4.4134e-06;0.945814;3.61487e-05;5.50412e-07;2.53206e-05;0.0438339;0.00196622;3.08436e-06
5.05439e-06;0.919524;1.69614e-07;2.90228e-06;0.000230805;0.000241885;0.0512741;0.000169057;1.17917e-05;0.00578102;9.40883e-06;4.53457e-08;0.00510903;0.0176408
3.3997e-10;5.8007e-12;1;1.15413e-11;2.09547e-12;1.77468e-13;1.13378e-10;3.12181e-14;7.18535e-10;3.49988e-12;6.13941e-11;1.69593e-10;5.51317e-13;8.27509e-14
0.000168103;0.992614;0.00397313;2.91521e-06;1.19684e-05;6.32809e-07;0.000606433;0.00106306;0.00109407;1.92326e-05;1.40015e-05;5.7585e-05;1.6714e-05;0.000358363
1.18513e-11;4.84925e-11;1;6.55262e-12;1.04251e-10;4.55679e-12;1.18052e-10;3.98672e-12;4.01288e-11;1.06574e-11;3.47381e-12;7.90932e-10;2.10428e-14;1.21312e-09
0.000520716;0.548795;7.03286e-06;1.04194e-05;0.00604471;0.000631171;0.000462909;0.335781;0.00582076;2.83483e-05;0.000967387;0.0198615;0.0695986;0.0114703
1.40826e-08;0.999905;3.64077e-07;3.16085e-10;1.10736e-09;4.49877e-10;7.32112e-05;9.49613e-07;2.67247e-10;1.83247e-06;3.03149e-10;4.42735e-08;1.35951e-08;1.83085e-05
7.53412e-10;1.18685e-08;0.999999;2.8969e-08;2.03872e-09;5.7949e-09;1.57881e-08;6.75828e-11;4.73359e-10;1.1115e-09;5.6527e-10;7.09385e-07;2.64462e-10;5.18282e-09
0.000524176;0.0126265;1.54332e-05;5.06354e-05;0.000302562;0.000973426;5.43443e-06;0.519047;8.12882e-05;3.06917e-06;1.89273e-05;0.0246617;0.428271;0.0134191
0.00084511;0.546814;0.00213176;3.09231e-05;0.00021333;0.000110229;0.000131357;0.0106315;0.00055452;1.69257e-05;0.00019582;0.0359948;0.40216;0.000169285
6.23995e-05;0.255367;4.67511e-05;1.68015e-05;0.00064574;0.000164944;3.19668e-05;0.0150945;0.000931811;5.63464e-05;0.000150271;0.701061;0.0240077;0.00236247
2.74146e-06;0.00924321;2.72334e-10;6.45203e-07;6.18625e-07;6.03747e-08;0.971732;2.14076e-07;4.72891e-06;0.0182475;1.83875e-06;5.31729e-08;1.33794e-06;0.00076504
5.625e-07;1.3438e-08;0.999956;1.98995e-06;5.2769e-09;3.85504e-09;1.7268e-05;2.12213e-10;2.12752e-05;2.81176e-07;1.66454e-06;5.59915e-07;5.53306e-09;3.81903e-10
4.43678e-05;0.999737;9.85797e-07;3.69221e-06;1.96459e-07;6.24382e-09;5.89019e-06;4.04893e-05;5.11445e-06;1.69567e-07;3.79512e-07;6.27852e-06;0.000155292;2.78876e-08
2.04148e-06;0.996405;9.74446e-10;6.56953e-07;3.49447e-07;1.53389e-07;0.000287209;1.89548e-05;5.36113e-07;0.00012924;2.87139e-08;7.3088e-09;8.1956e-08;0.00315577
1.93524e-10;4.08591e-11;0.999999;1.82509e-09;1.51723e-10;4.54544e-11;4.31535e-09;1.70682e-10;3.17967e-09;5.04995e-10;1.5482e-09;7.18809e-07;3.46983e-11;5.04245e-11
1.29045e-05;0.926603;7.80188e-11;9.68058e-07;1.10792e-05;2.53307e-06;9.03773e-06;0.00142459;0.000125393;4.11868e-07;3.73231e-05;8.16416e-07;0.0714173;0.000354489
1.02174e-06;0.0914833;6.53852e-05;7.67893e-08;3.30771e-07;7.43169e-08;4.99155e-09;0.000273079;2.63911e-08;3.96242e-08;6.10899e-08;0.906814;0.00133357;2.86275e-05
5.83959e-08;0.988162;2.45595e-10;5.93792e-08;1.42102e-07;3.50426e-08;0.000237955;1.462e-07;5.44593e-09;0.000137916;4.29473e-09;5.77178e-10;1.36245e-07;0.0114612
1.09247e-07;2.21692e-08;0.999997;1.4134e-08;4.4858e-11;1.30264e-09;1.58285e-08;1.63894e-07;9.90793e-08;9.21044e-10;8.60108e-09;1.70683e-06;6.81129e-07;7.91603e-12
