9.25177e-07;0.999055;1.20441e-08;1.04127e-06;2.55223e-07;3.90392e-08;2.90526e-07;0.000521644;1.71935e-06;4.6155e-08;3.11637e-06;1.86771e-06;0.000411405;2.75927e-06
5.67443e-07;0.998374;1.82392e-07;4.53473e-08;2.5355e-08;1.73844e-09;1.21255e-07;2.05139e-05;1.68521e-08;2.13712e-08;1.05436e-07;0.00103992;0.000564432;1.26061e-08
0.000181393;0.196368;0.000128349;0.0022256;0.132843;0.115535;0.000104999;0.173112;0.000602674;0.000331275;0.00267824;0.293765;0.0309227;0.0512016
0.000907182;0.54158;0.00491911;0.0002271;0.0106569;0.00206376;3.01144e-06;0.0369766;0.000409004;1.95656e-05;0.000431494;0.384363;0.000732945;0.0167103
0.000148438;0.967063;0.0261997;2.65051e-06;3.26123e-05;8.98395e-08;8.66721e-08;0.000222763;3.03805e-07;4.53155e-07;9.15738e-08;0.00134029;0.00497102;1.8996e-05
0.000455414;0.0275276;0.000924276;4.2488e-05;0.00187771;0.000183239;3.83585e-06;0.173297;0.00104359;1.72942e-05;8.98765e-05;0.666766;0.127633;0.000138194
1.41299e-05;0.0895426;2.11117e-07;1.47988e-05;0.000269957;0.000101184;2.58584e-07;0.860541;3.10456e-06;1.53066e-06;6.18663e-06;0.00872748;0.0402131;0.000564734
4.78567e-05;0.503874;1.85922e-07;0.000114964;2.73437e-06;7.28878e-06;0.0001659;9.63895e-05;2.77266e-05;9.63551e-06;0.000338327;0.0013955;0.493527;0.000393017
0.000384322;0.0272529;4.63883e-05;0.0446075;0.0173947;0.00128601;1.98452e-05;0.896535;0.00116983;0.000331014;0.0019207;0.000340045;0.000326383;0.00838575
9.35477e-05;0.01879;0.814614;0.000180766;0.0028651;1.90891e-05;3.17263e-07;0.159496;1.74286e-05;1.11166e-06;1.62735e-05;0.000416914;3.90673e-06;0.00348594
4.08315e-05;0.00203585;1.87003e-08;5.08413e-07;0.879592;0.000182537;4.69105e-06;0.114203;1.57553e-05;7.60221e-06;1.29418e-06;6.3751e-07;6.19727e-06;0.00390923
9.005e-07;4.78685e-05;0.996763;4.00487e-08;0.00197641;2.22112e-05;1.60285e-10;4.86298e-07;1.01617e-10;1.51263e-08;1.20246e-10;0.00116671;2.92988e-06;1.96507e-05
1.90852e-06;0.358654;2.36199e-09;6.95235e-08;6.77684e-05;3.24509e-05;8.25584e-07;0.635171;1.64084e-06;1.8793e-08;3.50059e-08;7.26081e-10;0.00551514;0.000555026
4.94828e-09;9.37772e-09;0.999999;7.18325e-09;6.64283e-09;2.24067e-10;9.89701e-10;2.08551e-08;1.47724e-09;1.48702e-10;1.91964e-10;3.905e-07;1.78505e-07;3.12546e-11
1.19877e-06;0.0267722;0.000410869;0.000560306;0.000352425;1.03731e-05;2.01279e-08;0.0349632;5.83884e-05;1.05145e-07;3.82671e-06;0.936601;1.42111e-05;0.000251471
8.07506e-08;0.67631;1.08866e-11;2.75828e-07;9.62894e-06;1.44052e-07;2.6811e-09;0.323178;1.91119e-08;3.91668e-08;2.47203e-08;2.29165e-06;0.000499156;3.09077e-07
1.25374e-05;0.040801;0.590769;0.00974611;0.28731;0.0414049;3.04728e-07;0.00030135;2.54014e-08;0.000235803;2.85244e-05;0.00697034;0.000258506;0.0221608
0.0343531;0.194322;0.00090651;0.000331715;0.000108483;8.63447e-05;0.00106144;0.379404;0.12503;1.09641e-05;0.0469958;0.164052;0.053325;1.20212e-05
5.00057e-06;0.000897791;7.07968e-08;2.18184e-08;5.699e-06;8.39325e-07;1.3693e-08;0.998877;8.80845e-07;2.07621e-07;1.88732e-08;1.2679e-08;0.000209546;2.62503e-06
2.37393e-08;4.97061e-05;2.23033e-06;5.21087e-07;4.86664e-06;5.26157e-07;1.43111e-10;1.26627e-06;4.11472e-08;6.44604e-09;3.90769e-07;0.999834;2.67233e-06;0.000104037
3.37314e-06;0.984874;6.619e-08;4.32307e-07;7.60399e-07;6.12156e-07;5.46474e-05;0.000426965;4.63893e-05;4.34364e-07;0.000150465;3.20692e-06;0.0144373;1.37742e-06
3.87588e-07;0.00170042;7.58132e-06;7.05839e-07;0.000169844;1.26703e-05;2.48195e-07;2.46125e-05;1.3559e-06;2.86758e-07;3.67902e-06;0.997778;0.000288963;1.08157e-05
0.000114176;0.00429549;1.45024e-09;1.54344e-06;0.00068616;1.83701e-05;2.95623e-08;0.96165;0.00080587;7.23191e-09;1.13452e-05;3.36094e-05;0.0323831;2.11776e-08
1.6339e-06;0.999561;2.11447e-07;2.08974e-10;8.9152e-11;3.24e-10;4.17618e-09;1.65442e-06;5.90161e-09;6.58143e-10;4.63762e-11;0.00011067;0.000324899;4.77957e-10
1.69351e-07;5.22074e-05;1.14271e-07;2.56342e-06;0.00101026;7.30427e-06;6.59131e-09;0.000224689;2.07472e-05;6.80478e-08;1.21728e-06;0.998421;9.68866e-07;0.000258946
1.82296e-06;0.996121;6.08145e-05;1.23619e-06;6.8908e-07;5.25577e-08;1.69771e-08;4.43868e-06;1.61499e-09;3.02366e-08;4.72797e-08;3.08473e-08;0.00380949;7.53833e-07
2.47741e-07;0.000135731;6.01423e-08;1.04253e-09;1.00923e-08;5.0714e-10;3.04505e-08;1.6926e-08;5.17978e-09;5.27825e-10;3.56745e-09;0.999687;0.000176636;1.03143e-07
1.20735e-05;0.00219379;2.51911e-07;3.62448e-07;0.00295541;7.45118e-07;7.88299e-07;0.992756;4.57237e-05;9.46714e-09;3.5044e-07;0.00201755;1.08009e-05;6.15815e-06
2.03036e-06;0.998456;0.000231771;1.3728e-06;2.76294e-05;1.22922e-06;4.76901e-09;0.00119647;2.11948e-09;7.12987e-08;3.7719e-10;8.44073e-08;3.52158e-05;4.86717e-05
0.000322332;0.884919;0.00303336;0.0129767;0.00164386;0.0135903;5.50241e-06;0.000337305;2.33523e-05;0.000347994;0.000321369;0.0100729;0.0319457;0.0404602
6.77325e-05;0.00646839;0.0305673;0.000380715;1.96959e-05;2.32475e-06;2.14785e-06;3.00171e-05;1.09649e-05;4.22473e-07;0.000141512;0.962122;4.54009e-06;0.000182357
0.00260008;0.0169863;0.000217999;7.63789e-05;4.99844e-05;2.65098e-05;0.0138746;0.0019006;0.0764111;7.15408e-06;0.864206;0.000681468;0.0229603;1.64861e-06
9.91896e-05;0.96357;1.05386e-06;1.02761e-05;2.28327e-06;1.96153e-05;0.00671525;0.026746;0.000164857;0.000291746;0.000225842;5.70668e-07;0.00205287;0.000100094
1.91787e-10;1.38226e-10;1;1.09212e-09;1.39251e-10;4.69036e-11;3.15385e-10;3.66123e-13;4.87748e-09;1.13988e-10;1.40085e-09;3.15706e-09;1.23645e-12;2.57302e-11
8.2063e-05;0.959533;1.77694e-07;7.81478e-07;9.90897e-06;1.02126e-06;4.03453e-07;0.00600619;1.84541e-05;4.35609e-07;1.6836e-05;0.00128363;0.0330468;4.77532e-07
1.36831e-05;0.746691;2.3733e-05;4.39056e-06;4.93898e-05;7.99476e-06;1.90154e-06;0.0242635;3.99287e-07;2.75846e-05;1.8605e-06;0.21938;0.00786583;0.00166809
0.000432593;0.0320428;0.000596012;0.0206477;0.252756;0.0310833;0.0327657;0.0060011;0.00152213;0.00976697;0.015014;0.00507398;0.00574232;0.586556
0.00121694;0.941689;2.91118e-06;7.93884e-05;4.42485e-05;0.000106765;0.00037701;0.0378507;0.000195736;0.000219145;0.000282194;0.000482553;0.00339947;0.0140543
0.000589251;0.00875475;9.16879e-06;0.000163136;0.00016946;1.19526e-05;0.000177701;0.276822;0.00516692;6.59995e-06;0.0040924;0.000735865;0.703294;6.39185e-06
5.23789e-05;0.00117656;3.90161e-06;3.07279e-07;9.42079e-06;3.31665e-08;2.89918e-07;0.992594;3.37127e-06;3.06837e-07;4.99021e-07;0.00613335;1.62823e-05;9.2217e-06
2.38584e-06;0.941097;2.77005e-05;4.6385e-06;9.11953e-05;6.22419e-05;8.37024e-06;0.0376512;1.17937e-06;3.59593e-06;2.48425e-06;0.000528544;0.0177993;0.00271988
6.39549e-11;5.68344e-10;0.999998;2.44749e-09;6.3812e-11;8.67341e-11;3.53101e-09;2.96159e-10;7.81691e-11;4.91265e-10;2.4828e-09;2.41356e-06;1.98589e-09;7.88603e-12
1.93474e-08;3.29963e-07;0.999578;1.71663e-06;3.13325e-06;2.91519e-07;6.3024e-08;0.000337464;2.39601e-07;8.80074e-09;2.45935e-07;7.70796e-05;2.59502e-08;1.61871e-06
4.96813e-08;1.76841e-05;9.15644e-07;1.22496e-07;0.000327723;0.000836779;1.42875e-10;4.99462e-06;8.21768e-09;5.94828e-08;7.40393e-10;6.54564e-06;6.66904e-07;0.998804
1.21365e-06;1.67987e-05;4.20835e-10;8.06694e-08;1.34466e-05;3.18455e-07;2.51032e-09;0.99321;1.49099e-06;1.79037e-09;1.60168e-06;1.0574e-07;0.00675489;1.08654e-07
5.97286e-06;0.998181;3.52763e-05;0.000417353;1.52637e-05;9.55552e-06;1.07094e-06;9.42248e-05;6.52497e-07;4.7274e-05;6.91594e-06;6.17612e-07;0.00117417;1.09926e-05
1.41733e-06;0.0158001;4.76781e-05;1.24362e-05;1.4847e-07;4.72839e-09;9.91177e-09;2.42001e-05;1.3547e-07;2.03835e-08;3.97303e-06;0.984107;1.89186e-06;1.25492e-06
4.93838e-06;0.999263;1.32683e-08;6.2126e-06;0.000193949;5.37628e-06;6.58326e-07;0.000391398;7.16343e-07;3.26093e-07;2.04632e-05;9.52941e-08;2.50392e-05;8.75718e-05
0.000122408;0.00305359;1.66366e-06;1.59543e-06;1.87279e-05;1.52127e-05;1.67357e-05;0.98585;4.72135e-05;5.74563e-06;3.32107e-05;0.000584283;0.00691621;0.003333
2.51766e-05;1.79308e-05;3.57306e-08;3.49553e-05;2.59567e-05;5.6822e-08;0.000159517;2.90493e-05;0.998376;4.88638e-07;0.000979096;0.000256549;9.46961e-05;2.39942e-07
4.93548e-05;0.889761;0.000198274;8.52697e-06;2.93848e-07;1.2696e-07;1.38405e-08;5.29388e-07;3.00113e-08;3.51674e-07;4.3241e-07;4.931e-06;0.10997;6.27382e-06
0.000182266;0.495171;4.96182e-05;1.78518e-05;2.65659e-05;5.49919e-06;2.99965e-07;0.0634654;6.03874e-06;2.36334e-06;6.1496e-05;0.170791;0.00161351;0.268607
1.63257e-05;0.506844;7.08329e-05;7.50905e-05;0.0829275;0.000494532;4.45057e-07;0.0308606;2.35538e-06;1.17026e-05;2.49757e-05;0.271591;0.000188144;0.106893
1.85005e-07;3.77489e-06;2.15528e-09;2.17196e-09;7.39139e-11;1.24261e-06;5.56358e-09;2.75269e-07;2.61148e-07;3.99768e-09;5.24428e-07;1.44677e-08;0.999994;2.33269e-10
3.80225e-09;7.26915e-07;0.999997;5.41484e-09;1.30904e-10;1.40893e-10;1.27869e-10;1.00669e-09;1.40581e-10;8.86724e-09;2.23795e-10;2.45199e-06;3.70131e-09;1.40651e-10
1.36118e-06;0.97499;7.05642e-06;5.82684e-05;7.2378e-06;5.88004e-06;4.84282e-06;0.0216783;0.00010774;2.51863e-06;0.000776918;0.000101604;0.0022431;1.54251e-05
