5.4713e-06;0.973408;2.25736e-08;1.31554e-06;4.327e-06;9.69344e-07;3.10018e-07;0.0176036;7.96155e-07;9.32355e-08;1.23641e-06;7.7814e-07;0.00896066;1.22679e-05
7.8413e-06;0.0770415;9.32505e-06;9.50045e-05;0.0807028;9.71424e-05;5.32405e-07;0.00596006;7.2722e-06;2.49446e-06;3.97468e-07;6.61363e-05;0.000128133;0.835881
4.03663e-05;0.875627;9.07632e-07;2.1556e-05;3.16498e-05;2.97761e-07;0.000186538;0.00203116;5.07227e-05;2.83753e-06;0.000919803;0.0340488;0.0870316;6.23574e-06
6.5385e-05;0.0174432;2.11666e-08;7.49331e-06;4.72546e-05;8.82061e-07;1.40126e-06;0.000315808;3.02384e-05;1.99603e-07;9.50258e-05;0.927053;0.0546647;0.000275697
0.000175797;0.826417;1.54817e-07;3.82031e-06;0.000118317;5.79215e-06;7.46211e-07;0.11299;4.64701e-05;6.64412e-07;3.96512e-06;0.0027547;0.0574062;7.60406e-05
1.29519e-05;0.073718;6.64685e-05;0.00130517;0.000279502;0.000830641;1.57483e-06;0.000183486;2.05993e-05;1.72464e-05;0.000258136;0.914683;0.00507972;0.00354346
3.59697e-05;0.847395;4.04554e-06;4.25221e-05;2.26909e-05;0.000237684;1.17674e-05;0.00264522;1.33571e-06;1.43752e-05;0.00016176;0.00298921;0.146365;7.37811e-05
2.35304e-07;5.01683e-05;6.13461e-10;4.88378e-08;2.72066e-08;2.83744e-08;1.46162e-08;0.00383279;7.57327e-08;8.01064e-10;1.81832e-06;2.15572e-07;0.996115;3.42606e-08
4.30933e-06;0.000156773;6.05609e-07;7.82594e-07;3.22124e-07;6.21403e-08;2.64932e-08;5.02434e-05;1.60338e-06;4.76587e-08;3.25097e-06;0.998531;0.00123844;1.23521e-05
1.55059e-05;0.973114;7.15182e-09;0.000632911;2.88413e-05;2.75405e-05;1.03729e-05;0.00243985;0.00146219;2.11493e-05;0.00322392;0.00682029;0.0121367;6.63598e-05
4.90931e-06;0.00942248;0.000146275;0.00046472;3.18142e-06;1.02236e-06;8.50897e-08;1.73865e-05;6.07608e-08;4.43161e-06;3.53602e-06;0.989861;1.76498e-06;6.92485e-05
0.00245589;0.289668;7.97184e-05;0.000757456;6.56158e-05;0.000646413;0.0091131;0.0454199;0.000497319;0.000550168;0.0997789;0.0146736;0.536274;2.00129e-05
7.5143e-07;0.000991097;7.77975e-08;2.6649e-05;1.73063e-05;0.00109071;3.4915e-06;0.000147335;2.26806e-06;1.35923e-06;0.000230333;0.000113791;0.997372;2.50687e-06
2.93474e-06;9.73693e-05;0.999158;3.18503e-05;3.13525e-05;1.04164e-06;1.96053e-07;9.05564e-06;2.35852e-07;1.22182e-06;5.40266e-07;0.00032717;0.000334938;4.00306e-06
0.00044197;0.000211647;3.92122e-06;7.79522e-05;4.01184e-06;2.09591e-06;6.1551e-05;0.00365458;0.987143;6.60296e-06;0.00829353;6.24575e-06;9.24481e-05;7.78391e-08
0.000559589;0.980834;0.00932576;0.000748422;0.000144695;8.60476e-06;1.10208e-05;0.00216569;3.84715e-05;5.06472e-05;2.82548e-06;0.00596761;5.24791e-05;8.98908e-05
5.64633e-06;0.999112;1.36212e-08;3.38046e-08;3.31903e-10;4.18633e-09;6.03557e-06;3.69576e-06;1.16437e-06;2.49344e-08;6.58135e-07;5.64621e-07;0.000870032;1.81696e-09
5.87057e-06;0.00251741;1.07291e-05;3.471e-06;6.71446e-05;7.6351e-05;5.09982e-07;0.0109711;2.78171e-05;4.20639e-07;2.21195e-05;0.986196;2.29743e-05;7.85476e-05
6.45855e-07;0.99716;5.08957e-06;3.67646e-07;2.32789e-09;2.07446e-07;0.00260081;1.28554e-07;4.1943e-07;0.000172502;5.43977e-07;6.06626e-07;4.59347e-08;5.86826e-05
2.10331e-09;1.06854e-09;1;8.05531e-09;7.3049e-11;7.01925e-10;1.82127e-08;6.08452e-11;2.00653e-08;1.94495e-10;1.44049e-08;4.02826e-08;1.03346e-10;4.33304e-11
7.91609e-05;0.265386;7.06814e-06;7.01453e-06;5.71433e-05;3.19908e-05;0.0113158;0.0577139;0.00167982;6.03877e-05;0.00334825;3.45775e-07;0.660312;9.3903e-07
4.85509e-09;3.6939e-09;1;4.00798e-09;1.05148e-10;1.08799e-10;3.37704e-08;4.54415e-10;3.60282e-08;3.44637e-09;4.68154e-08;6.59049e-08;2.92956e-09;4.78927e-11
1.02571e-07;0.000119382;0.996725;5.17984e-08;5.43554e-07;3.85172e-07;3.47498e-09;1.57249e-05;2.05768e-08;2.32857e-09;4.40241e-09;0.0031363;2.186e-06;2.56678e-07
1.87371e-06;0.000349863;4.92116e-05;4.12626e-06;0.0272884;0.144846;3.38747e-07;2.1206e-05;2.63058e-06;1.05216e-05;1.29755e-06;1.67016e-05;0.000678942;0.826729
2.45252e-05;0.00757243;1.20269e-05;0.000222907;0.0018046;0.00288771;5.89588e-06;0.00260186;0.000595675;9.39777e-06;0.00219136;0.789203;0.192856;1.21247e-05
5.81523e-05;0.0201711;0.979467;1.06093e-05;1.56172e-05;5.41051e-08;1.69069e-08;0.000266848;5.18646e-07;2.26277e-07;1.20023e-08;9.20249e-06;1.17976e-07;1.00733e-07
0.000128038;0.0250017;3.62762e-06;1.20843e-06;8.76844e-07;1.40641e-06;8.27275e-09;0.914771;2.895e-05;1.41254e-08;2.09563e-07;0.000358886;0.0597041;1.93826e-08
8.64817e-08;4.72733e-05;2.06322e-09;1.09106e-07;8.17422e-08;5.05894e-05;5.75013e-11;1.61428e-05;4.38727e-09;5.36141e-08;6.90502e-10;1.4426e-07;0.999885;8.74918e-07
2.8725e-06;0.00140132;0.998492;2.96324e-06;8.14993e-08;2.20304e-08;7.96208e-08;8.19435e-06;1.03246e-08;1.63877e-06;8.83979e-08;1.61523e-05;6.78339e-05;6.88032e-06
0.000599215;0.346139;3.02165e-05;0.0078958;0.0162991;0.0480749;0.0031615;0.14686;0.133875;0.00669682;0.0831999;0.000313256;0.186822;0.0200324
