4.88832e-06;0.999723;0.000106252;6.86183e-05;2.78006e-06;2.5307e-08;3.71594e-07;1.8437e-05;8.64828e-07;4.1359e-07;8.62336e-07;2.11246e-05;5.24064e-05;3.58259e-07
9.80255e-07;0.998598;8.03698e-09;4.6142e-07;5.91304e-07;6.08019e-07;3.37268e-06;0.000482378;1.66703e-08;1.4826e-05;2.45871e-08;3.53773e-09;0.000867503;3.128e-05
5.74809e-12;9.80246e-14;1;2.35341e-10;1.20307e-09;5.38106e-11;1.94064e-12;5.25659e-12;6.61176e-13;2.7683e-11;8.33478e-12;2.64545e-08;2.50299e-13;7.12809e-11
6.06892e-07;0.081429;8.04873e-10;2.6307e-06;1.83585e-06;7.60413e-06;1.5373e-05;0.000135173;4.39343e-05;2.79568e-08;0.000199563;6.55487e-06;0.918158;8.11318e-08
2.10719e-07;0.000664233;0.999329;6.65306e-07;6.31511e-08;4.28264e-08;5.90451e-07;6.37607e-07;8.58841e-09;3.46129e-06;2.51744e-08;3.83427e-07;5.22975e-07;3.12286e-08
2.86896e-07;1.50621e-06;0.999986;2.03438e-07;6.13904e-08;2.43428e-08;8.20265e-07;1.46067e-07;4.84125e-07;1.61059e-07;1.49691e-06;8.55614e-06;2.3369e-08;1.89743e-08
3.48023e-06;0.990249;1.07556e-07;7.45486e-05;2.96777e-06;2.434e-05;2.54374e-07;0.00578591;0.00143194;4.66231e-07;0.0006501;0.000561964;0.00120181;1.3166e-05
9.09887e-06;0.0336504;0.0199668;1.09115e-05;0.000172903;7.33744e-07;2.72153e-08;0.000256636;4.43056e-08;2.18634e-06;1.03573e-06;0.945926;1.74174e-06;1.23995e-06
1.55384e-08;0.999963;1.73946e-12;1.43537e-10;2.77837e-10;9.14188e-11;8.07861e-07;3.78656e-09;2.30554e-10;5.50353e-08;3.41615e-10;1.50624e-11;1.64346e-09;3.6262e-05
8.23929e-12;1.41769e-12;1;1.89487e-12;1.52359e-11;2.71583e-12;4.88333e-12;2.71111e-12;5.86754e-13;3.50599e-13;3.70721e-13;8.28145e-09;8.41498e-14;3.99335e-13
1.22577e-07;0.988559;8.42183e-09;2.22657e-07;1.81224e-07;4.16491e-06;0.00011906;0.00411825;4.58457e-07;4.32862e-07;1.74822e-07;1.01899e-10;0.00719619;1.68447e-06
2.61672e-10;2.9247e-10;1;5.49135e-10;8.18658e-12;2.90456e-11;2.40043e-10;9.82247e-13;5.78918e-11;5.78594e-11;3.73739e-10;1.0382e-08;2.9959e-10;2.57162e-12
5.55335e-09;1.44317e-06;0.99904;1.46552e-08;4.93725e-07;1.62726e-07;1.58404e-09;5.22887e-06;3.69395e-10;9.42239e-10;3.8505e-10;0.000949792;1.50114e-07;2.66127e-06
8.25496e-08;4.50518e-05;1.70883e-05;1.32704e-05;0.0149807;0.0121441;1.30664e-07;4.7979e-05;2.97221e-06;8.67245e-07;3.38444e-06;2.86007e-06;2.86774e-05;0.972713
1.23621e-06;0.00213477;0.000515325;8.67639e-05;0.000437964;0.00176887;2.19358e-07;0.00127024;1.16606e-06;6.80336e-07;0.000100585;0.985427;0.00823635;1.89121e-05
1.61723e-05;0.95354;0.0185402;6.19489e-06;0.00014911;0.00120433;8.88964e-07;0.00828581;8.07735e-08;1.0552e-06;2.06269e-07;2.15873e-06;0.0182237;3.02449e-05
2.00764e-06;0.0112824;2.65734e-08;3.93281e-06;3.27661e-05;0.000225399;1.6535e-07;0.142557;9.66187e-07;1.81227e-07;1.50876e-06;1.92498e-05;0.84541;0.000463844
2.09423e-05;0.978594;1.32958e-06;9.78141e-06;6.59087e-05;0.000104701;4.0118e-06;0.0126914;8.79623e-08;0.00085579;3.08092e-08;2.34628e-07;0.00224046;0.00541142
1.38699e-09;1.33616e-09;1;8.63033e-09;2.78696e-10;2.93351e-10;1.24671e-09;5.87649e-13;2.08009e-10;2.0363e-09;2.55513e-09;7.19879e-08;1.33597e-11;7.61243e-11
1.80053e-06;0.998309;7.30343e-09;4.07861e-08;1.15902e-08;5.57747e-10;6.38736e-07;0.000316999;3.57946e-06;2.26944e-08;2.61178e-05;0.000122473;0.00121966;7.84707e-09
4.85934e-07;0.948512;1.02435e-07;4.26016e-07;7.56862e-05;1.34892e-06;3.65973e-07;0.00294585;2.08963e-07;2.59532e-05;2.04788e-07;0.000241703;0.000125405;0.0480701
1.77774e-06;0.096809;6.99565e-07;7.24701e-07;1.89925e-06;2.40737e-05;7.14827e-06;9.21321e-06;1.84259e-07;2.54835e-06;3.66394e-06;0.899895;0.000206612;0.00303796
4.72175e-09;0.999709;2.54128e-10;1.23383e-09;5.87834e-10;1.37903e-10;2.77702e-06;2.69979e-06;1.98234e-10;3.83535e-07;2.04194e-10;1.67163e-09;4.08353e-08;0.000285591
8.98762e-12;6.32366e-11;1;1.92416e-11;2.46601e-11;9.7186e-12;5.69522e-11;3.44126e-11;2.58764e-12;2.85014e-11;4.81149e-12;1.09692e-08;9.86779e-11;2.67369e-13
3.25108e-06;0.00675892;1.01487e-08;1.62237e-05;1.88228e-05;1.37638e-05;5.71816e-07;0.0183811;0.000285446;6.47207e-07;0.00011153;1.59949e-05;0.974393;1.00115e-06
0.000208565;0.00145198;1.48994e-06;4.74214e-06;7.48302e-05;1.0278e-06;3.7749e-07;0.594158;5.51966e-05;8.3037e-07;2.95015e-05;0.400367;0.00363998;6.63003e-06
1.01491e-05;0.988009;9.50472e-07;1.06414e-06;1.59059e-06;1.33987e-06;0.00564767;0.000237992;2.2023e-07;0.00300341;5.09474e-07;1.19763e-07;7.33506e-05;0.0030125
2.24025e-10;3.98163e-10;1;1.63838e-09;2.53395e-10;9.89256e-11;9.38788e-10;1.30403e-12;2.7675e-11;5.28227e-10;2.51314e-09;2.91899e-07;1.95872e-12;3.12259e-09
1.09542e-05;0.862222;0.00824911;9.80765e-06;2.82291e-05;0.000332908;4.46842e-05;0.107467;3.37979e-06;3.44644e-05;7.82483e-06;0.0111952;0.00465005;0.0057449
4.44004e-08;0.000258854;1.05941e-08;1.97913e-07;1.58758e-06;1.3964e-05;5.69071e-09;0.000436474;1.63146e-08;2.05224e-08;6.14436e-06;4.16588e-06;0.999271;7.92501e-06
1.53258e-05;0.00118421;4.15871e-06;6.08196e-06;9.55828e-05;3.25002e-06;3.04374e-07;0.000236776;4.31531e-06;6.06221e-07;0.00036613;0.996106;0.00195291;2.46502e-05
4.75797e-06;0.0130623;7.66611e-07;7.02157e-07;6.96554e-05;8.75229e-07;1.06159e-06;0.985805;7.73099e-06;1.13167e-06;5.38184e-05;0.000741465;0.000248813;1.81049e-06
1.23613e-06;0.998683;7.08296e-07;5.74822e-06;3.05436e-05;2.54696e-07;1.0887e-06;0.000239786;2.78012e-08;7.60681e-07;1.30412e-06;0.000749026;0.000277553;9.16706e-06
0.000159665;0.0044102;5.15001e-07;0.000261887;9.10699e-05;3.33021e-05;2.61505e-05;0.983234;6.79901e-06;5.11574e-05;0.00261735;0.0088182;0.000260509;2.96681e-05
0.00047352;0.981754;1.53479e-07;3.22212e-05;3.01834e-06;3.664e-07;0.000214914;0.00306229;0.000110246;1.0907e-06;0.00550896;9.50116e-07;0.00882843;9.76388e-06
0.000468814;0.0705274;3.25961e-06;8.57814e-07;5.60962e-07;2.45766e-08;1.42218e-06;0.923534;4.12466e-06;1.46698e-06;1.78573e-06;0.00213147;0.00332251;2.00424e-06
4.3871e-07;0.0299738;5.53213e-06;3.71993e-07;2.34008e-06;2.67105e-07;2.36635e-08;8.25878e-05;2.32582e-07;1.76379e-08;1.04865e-06;0.969813;0.000117013;3.7299e-06
4.39406e-06;0.0165699;8.33067e-06;6.56675e-07;4.48376e-06;2.93102e-08;8.45788e-06;0.981639;2.31775e-05;8.03044e-08;0.00037465;0.00108265;0.000283778;1.12636e-07
1.86024e-06;0.13033;2.01775e-07;3.48116e-05;0.00117346;3.76065e-06;1.63368e-08;0.000100984;7.76367e-06;2.51631e-07;1.23814e-05;0.867578;0.000377191;0.000378611
0.0195295;0.119111;7.00065e-07;2.04029e-05;3.09478e-05;1.01663e-05;3.73173e-05;0.0581598;0.716927;2.58464e-06;0.000823718;0.00464845;0.0806647;3.41698e-05
2.65641e-07;5.96666e-06;4.6445e-13;3.55122e-12;3.34722e-10;1.03455e-11;6.44708e-11;0.99999;3.27474e-08;3.94095e-11;5.8588e-12;4.94958e-10;3.72115e-06;6.38543e-12
1.16536e-07;4.56217e-05;1.21413e-06;5.06865e-06;0.00211459;0.00128881;6.03603e-10;9.5336e-06;1.31218e-07;3.01111e-07;2.66889e-08;0.927362;8.2807e-06;0.0691639
7.07367e-07;0.000106543;4.94877e-10;1.4129e-07;2.09885e-07;1.88687e-08;1.05684e-08;0.00114422;8.72777e-07;7.77214e-10;2.45781e-06;2.46349e-07;0.998744;4.34389e-07
5.75809e-05;0.00627509;3.92253e-07;0.000110282;2.54553e-05;3.7364e-06;3.66873e-07;0.00135548;0.000831414;1.99404e-06;8.25394e-05;0.983754;0.00407179;0.00342963
0.000147468;0.000169804;6.67776e-09;2.24568e-06;7.85446e-06;1.90093e-07;5.30723e-06;0.998642;0.000780137;4.42387e-07;0.000109045;5.74807e-05;7.42649e-05;3.77085e-06
4.66235e-07;0.0166874;7.32752e-08;7.02098e-06;1.27554e-07;1.1048e-06;2.57782e-05;3.1948e-08;2.01471e-08;0.000299862;1.10388e-07;3.2744e-06;1.10274e-08;0.982975
1.78914e-06;2.83112e-08;0.995341;3.01001e-05;5.46465e-09;3.33087e-09;2.63789e-05;4.87456e-10;0.000174652;3.03065e-07;0.00442355;2.16176e-06;2.34193e-09;7.09067e-09
6.91816e-06;0.546345;5.83283e-08;3.32292e-06;2.52283e-07;3.74459e-07;1.21125e-07;3.38729e-06;2.02997e-08;7.36829e-08;1.01661e-05;1.80702e-07;0.45363;1.49713e-07
5.77768e-06;0.00531831;0.000406882;1.64207e-06;2.52106e-05;1.64082e-06;1.25057e-08;0.000521644;1.7673e-08;5.16919e-08;5.91539e-06;0.962689;0.0302872;0.000736835
4.39097e-06;0.0361998;0.00011449;0.000103469;0.000862146;0.00437678;2.76383e-07;0.688731;2.41863e-07;5.04672e-06;0.000106103;0.00276424;0.260992;0.00573997
7.58505e-08;5.20435e-06;3.8298e-08;5.12402e-08;6.34338e-10;6.51766e-05;1.51958e-09;1.94135e-08;3.87001e-08;1.14102e-08;6.14549e-07;3.77837e-07;0.999928;6.81963e-09
1.02671e-08;1.03874e-06;0.999999;3.26587e-08;1.04299e-09;1.14418e-09;3.79938e-10;2.80193e-09;2.07827e-10;3.51871e-08;9.37599e-10;4.58958e-07;1.18228e-09;3.2796e-09
1.41145e-06;0.996584;2.08244e-05;5.43211e-05;4.98484e-06;4.37605e-06;7.22432e-06;0.0016339;0.000103658;2.03479e-06;0.000806868;1.55978e-05;0.000696791;6.38058e-05
