1.89529e-05;0.990681;7.45265e-08;1.11722e-06;6.71701e-06;6.60713e-07;5.70107e-06;0.00243829;9.22395e-06;1.05036e-06;1.87767e-05;0.0015049;0.00526688;4.66764e-05
1.37081e-07;0.999867;3.13571e-08;6.85193e-09;3.36019e-09;1.60351e-09;0.000100067;1.18956e-06;7.19684e-10;2.61317e-05;2.14059e-09;5.56563e-10;3.19996e-06;1.96459e-06
1.05877e-10;2.49879e-11;1;4.09852e-10;1.26224e-09;2.90113e-10;3.01358e-10;6.27434e-12;3.81091e-11;3.55125e-10;2.20539e-10;3.50545e-07;2.32659e-13;3.38856e-09
3.64411e-06;0.991097;6.51584e-06;4.48013e-07;5.58798e-07;5.65031e-06;1.33516e-05;0.000530537;3.94575e-06;2.38765e-06;3.29874e-06;0.000143902;0.00808852;0.00010029
1.26991e-07;0.00420677;1.1767e-06;5.45203e-07;5.57951e-06;1.08965e-05;7.33496e-09;0.00185719;2.13206e-08;5.90506e-08;9.71584e-07;0.000392346;0.993504;2.01415e-05
9.18756e-05;0.115595;1.82527e-05;1.54563e-05;0.0002778;3.08705e-05;7.56125e-07;0.0423838;6.47332e-06;3.80082e-06;3.77161e-05;0.833622;0.00784561;7.06649e-05
1.50575e-05;0.91971;2.57725e-05;4.4004e-08;1.41105e-07;1.07378e-07;3.70903e-06;0.0679435;2.19529e-07;2.70772e-07;1.49257e-06;0.0118644;0.000435175;4.23331e-07
2.99483e-07;0.777133;3.19652e-05;0.000111644;0.000251088;0.000264947;6.70265e-05;0.209071;9.71371e-08;0.000445616;2.87124e-06;3.78274e-05;0.00602714;0.00655553
2.8164e-10;1.95739e-09;1;1.38971e-08;3.42097e-11;5.0727e-11;8.66686e-08;2.16058e-10;1.3302e-09;4.97904e-10;1.28599e-07;2.72484e-08;9.29877e-10;1.30931e-12
1.90449e-06;0.00136001;0.921462;1.23035e-05;6.51048e-05;3.06827e-06;2.7791e-05;7.35235e-05;1.66067e-05;8.33619e-07;2.96251e-05;0.0766335;5.20644e-06;0.000308203
0.000106694;0.404015;1.69393e-07;2.20562e-06;0.00288353;0.0204358;7.43283e-06;0.214564;0.000603499;3.0861e-06;6.09262e-06;5.07029e-05;0.0105808;0.346741
1.19564e-05;0.000366859;5.6492e-06;1.62592e-07;0.0331263;2.90528e-06;1.32964e-08;0.045322;1.15846e-06;7.28848e-09;6.52365e-08;0.920855;6.64521e-05;0.000241613
5.61795e-06;0.0309273;0.000137507;1.0041e-06;0.00701313;3.78774e-05;4.17042e-11;0.949006;1.48528e-10;7.09542e-10;4.67028e-10;1.90501e-05;0.00456842;0.00828411
1.05278e-07;0.970877;4.70102e-09;8.1529e-08;4.85307e-09;2.67812e-08;7.63284e-09;3.27795e-06;4.79505e-10;3.92863e-08;1.4612e-10;3.35458e-05;2.18212e-05;0.0290641
0.00103248;0.145699;0.0467146;0.133965;0.00350458;0.00431377;0.00485605;0.556603;0.0234998;0.000550272;0.00838713;0.0126925;0.0579035;0.000279136
3.52252e-06;0.00159892;3.42796e-08;1.90058e-06;1.26858e-09;1.44486e-07;3.07219e-08;1.58884e-05;4.33379e-07;2.3237e-08;3.43128e-06;1.26484e-06;0.998374;6.86601e-09
1.61769e-05;0.0137034;4.04922e-05;3.76036e-06;8.13045e-07;1.39569e-08;4.68098e-08;2.33264e-06;5.72256e-06;1.47522e-07;7.41049e-05;0.986134;1.81079e-05;8.85271e-07
0.000126643;0.157736;4.03817e-06;0.00036157;0.0416425;5.54877e-06;7.30794e-08;0.7945;4.37961e-05;4.98036e-06;8.25142e-06;0.000180793;0.000740863;0.00464467
0.00135685;0.000649356;1.97997e-06;8.7739e-05;0.00136495;5.01974e-07;1.99175e-05;0.976183;0.0188846;8.57747e-05;0.000555406;0.000135279;0.000673599;6.44939e-07
5.96335e-05;0.00155154;0.996653;0.000117785;0.000301393;5.52263e-05;2.10365e-06;4.10801e-06;8.07403e-06;0.000677086;1.01432e-05;0.000534585;1.49133e-05;1.01671e-05
9.71143e-05;0.848114;0.000416418;0.000216176;0.000230307;2.19378e-05;3.65966e-05;0.0913793;0.00427547;7.33876e-06;0.00295735;0.0499888;0.00123808;0.00102079
