1.36811e-07;0.999664;3.10163e-07;6.8753e-07;1.83581e-07;9.58098e-08;3.10402e-08;6.66518e-06;2.6713e-09;9.34806e-08;5.40885e-09;5.22083e-09;0.000327374;9.42736e-08
1.63583e-07;3.1815e-07;0.999995;3.66935e-07;2.41515e-09;5.80308e-09;4.40284e-08;3.65208e-08;6.11406e-08;4.05117e-08;2.03403e-07;3.71351e-06;2.60058e-07;1.28014e-08
1.22509e-08;1.15678e-06;0.000429575;5.63834e-08;3.33534e-07;8.91716e-08;5.29009e-09;1.48841e-05;1.48316e-08;2.58114e-08;1.42481e-08;2.63295e-05;1.46793e-08;0.999528
2.06051e-07;0.000167299;3.28638e-09;7.55502e-08;0.000349421;1.65376e-05;5.53263e-07;0.99939;4.359e-06;2.15509e-08;1.2583e-07;7.60455e-08;2.01674e-06;6.95041e-05
1.51768e-08;1.3307e-05;0.999812;1.17031e-08;6.38619e-07;2.12307e-08;4.823e-10;1.01832e-09;3.84642e-12;1.53592e-09;5.40547e-10;0.00017351;2.5926e-07;2.97126e-07
1.74385e-07;0.999675;7.68242e-09;1.16837e-07;2.65442e-06;5.72467e-09;1.43444e-07;0.00021212;6.65122e-07;1.07225e-09;1.84656e-06;7.45918e-05;3.01529e-05;2.04679e-06
2.30953e-07;0.11234;3.68316e-06;6.72539e-07;1.31386e-05;6.96921e-06;2.51166e-09;5.21413e-06;4.17212e-10;9.51159e-08;2.95511e-09;5.37683e-06;0.887623;2.2209e-06
3.2904e-06;0.092864;0.000625238;1.47482e-05;0.0205428;5.57397e-05;3.24842e-07;0.816212;4.91489e-07;1.89123e-06;2.53788e-07;0.0589651;0.00687592;0.00383841
1.74018e-07;0.0126479;9.8142e-11;1.92156e-05;0.00135799;0.0348778;1.86946e-07;6.87142e-05;8.9101e-07;1.41743e-06;2.88218e-06;8.25327e-08;0.950287;0.000736063
1.86035e-06;3.21057e-05;0.994691;2.56398e-07;1.55491e-08;3.90819e-08;9.29605e-09;3.08836e-06;2.58106e-09;5.608e-08;9.87764e-09;0.00524995;2.14549e-05;2.18871e-07
6.47597e-06;0.967517;4.14232e-07;1.80909e-05;2.89247e-06;4.30299e-06;5.20903e-06;0.0251096;6.37886e-05;3.98856e-07;0.000111581;5.44005e-06;0.00700908;0.000145937
1.41867e-06;0.996068;2.34637e-08;8.86395e-08;1.23333e-07;2.86713e-08;1.75205e-05;0.00364463;2.7621e-08;3.12634e-05;6.60663e-08;9.30582e-09;8.46902e-05;0.000152595
3.99204e-11;1.684e-10;1;3.35547e-09;6.43425e-10;9.29112e-10;1.56218e-10;5.16758e-11;3.22956e-11;2.12272e-09;2.51702e-10;2.85729e-07;2.7345e-12;1.45449e-09
6.57142e-07;0.935958;2.86952e-09;1.29636e-07;4.66644e-10;6.67349e-10;0.00020539;8.27202e-08;2.48189e-05;7.86351e-08;4.43121e-05;6.75979e-06;0.06376;3.60632e-10
2.66607e-06;0.663987;8.18319e-05;7.45147e-06;0.00117617;6.31483e-05;1.35336e-06;0.00544593;9.47531e-07;1.52723e-05;5.6017e-07;0.325981;0.000781515;0.00245529
7.60486e-07;0.898126;2.07212e-07;2.13999e-06;1.96129e-05;0.000369189;2.08546e-05;0.0120999;3.75009e-07;2.19157e-05;8.62176e-07;5.3132e-07;0.0880619;0.00127559
4.28493e-11;7.93836e-12;1;3.13549e-10;3.20381e-11;3.21506e-11;7.44768e-10;2.77977e-12;9.17642e-12;2.24195e-10;1.39037e-11;5.35039e-08;1.08981e-11;2.20643e-12
5.47124e-07;6.72384e-05;0.999403;1.10996e-05;4.57216e-05;3.43635e-06;1.06133e-06;0.000368272;4.58682e-06;6.7665e-08;4.49712e-06;8.56589e-05;2.85634e-06;2.22148e-06
2.18958e-06;0.00993123;0.000229455;4.10597e-06;0.00032645;0.000879317;1.42459e-08;0.0016575;6.09884e-07;1.86276e-06;1.30038e-07;1.15023e-05;1.60863e-06;0.986954
2.27083e-05;0.0270874;9.19155e-06;2.07352e-06;0.000118743;6.31328e-05;6.92352e-08;0.19005;2.00233e-06;5.92041e-08;5.43738e-05;0.00213786;0.780395;5.81058e-05
1.31474e-07;0.00204449;5.11126e-08;1.18948e-08;2.16612e-05;1.57928e-05;1.53558e-08;0.997254;4.01497e-07;6.48139e-08;4.78211e-08;2.10213e-05;0.000556822;8.5798e-05
3.19134e-06;0.00559509;1.27387e-08;5.7874e-06;5.29387e-05;2.7948e-06;1.98934e-07;0.983851;5.19874e-07;5.44119e-08;1.04898e-05;0.000350706;0.0101244;3.23333e-06
2.49222e-05;0.979201;2.91228e-06;6.97392e-08;4.07324e-09;2.18723e-09;3.67425e-06;1.89106e-05;3.79843e-08;4.71859e-08;2.17035e-07;0.0156312;0.00511737;2.51928e-08
3.14627e-06;0.000710555;2.6577e-08;0.000253404;0.0197155;0.000312396;1.31805e-05;0.0119421;0.000583341;8.09103e-06;0.000780449;0.96086;0.000461274;0.00435609
9.9943e-07;0.012597;0.000143941;5.27646e-05;5.08283e-07;2.26376e-05;3.3414e-06;1.45841e-06;1.32471e-07;3.85478e-07;7.53509e-05;3.9009e-08;0.987101;2.83804e-08
7.21345e-05;0.0221908;0.940943;2.22125e-05;2.49143e-06;4.36512e-07;2.65211e-06;8.61843e-05;2.18965e-07;1.83654e-06;8.70828e-07;0.0364245;0.000153967;9.89439e-05
0.000974162;0.041857;0.000176103;0.00283268;0.0723695;0.0192851;1.82646e-05;0.807224;0.0148477;2.75335e-05;0.00136041;0.000592774;0.0120821;0.0263526
0.000141221;0.643716;2.78889e-10;0.000191916;9.89244e-06;7.93229e-06;1.65632e-07;0.00758906;0.000349221;9.73678e-07;0.000382746;0.344646;0.00281154;0.000154168
0.00319807;0.942724;0.00495085;0.0177327;0.000104757;3.96686e-06;1.52936e-05;0.00136032;0.00316697;8.54715e-05;0.00527432;0.0208767;0.000446904;5.95938e-05
0.000154164;0.748562;6.50537e-05;0.000118408;4.09158e-06;1.59484e-06;1.71368e-06;6.39216e-06;8.68692e-07;3.30218e-06;0.000156897;0.000451888;0.250453;2.05342e-05
4.60227e-05;0.02798;3.1934e-05;7.97607e-06;0.000485499;6.63975e-06;1.93205e-06;0.272969;8.23841e-05;1.88623e-07;0.00219211;0.657021;0.0380806;0.00109517
1.60296e-05;0.294729;2.59988e-08;0.000120437;0.000150642;0.00919709;1.00903e-05;0.000149611;0.000519799;1.1014e-05;0.00571511;0.00040761;0.687261;0.00171298
0.0193046;0.0942432;0.60659;0.000210071;0.00020369;1.7423e-05;7.33665e-05;0.153027;0.000167553;8.25347e-05;0.00026989;0.118155;0.00753636;0.000118436
1.31894e-06;0.983703;2.50918e-08;9.14869e-07;6.1393e-06;3.79827e-07;6.34199e-09;0.00391005;1.19659e-06;1.13798e-08;1.03543e-06;0.000107604;0.0122115;5.66569e-05
1.06548e-06;0.880003;1.72945e-05;3.15567e-05;3.52503e-05;1.62906e-05;2.84629e-08;0.0518711;1.46727e-05;1.35387e-06;2.78477e-05;0.0252675;0.0427015;1.15237e-05
1.96257e-07;0.000117026;4.95577e-05;8.55411e-05;0.2611;0.452233;6.12662e-07;0.00109648;1.57741e-06;0.000817608;3.68167e-06;0.00107262;0.000262214;0.28316
5.3202e-06;0.000882964;3.23253e-08;2.46654e-06;8.504e-07;4.4961e-07;1.65424e-06;0.120036;2.51066e-06;8.84314e-08;2.96176e-05;6.17138e-06;0.879032;7.28338e-08
2.846e-06;0.000785119;4.45568e-06;4.58659e-06;1.68972e-07;7.32448e-08;3.89435e-08;4.50481e-05;2.49779e-06;1.99442e-07;4.00212e-06;0.999087;5.86596e-05;5.39338e-06
3.92538e-06;0.990707;3.30613e-06;8.71328e-06;2.0529e-05;2.08038e-09;8.28361e-08;0.00907983;2.06076e-07;3.66776e-07;4.37431e-07;0.000174217;3.57888e-07;1.15669e-06
3.74704e-05;0.673776;0.000329725;0.000232334;0.000883403;7.66459e-05;6.04053e-07;0.000215331;4.39261e-08;6.30263e-05;1.3815e-05;0.00045786;0.323529;0.000384624
3.57547e-07;0.99658;2.02467e-06;1.15544e-07;2.91235e-08;1.97378e-09;0.00247013;8.68195e-07;5.69233e-09;8.58886e-05;1.16408e-06;2.38901e-05;3.77285e-07;0.000834749
2.37523e-09;2.33444e-09;0.999999;1.83824e-08;2.61234e-07;7.32809e-08;2.79211e-08;6.81156e-08;4.11098e-09;2.35857e-09;2.46064e-08;2.08413e-07;5.36954e-09;4.34113e-09
1.52319e-05;0.00173639;1.69744e-08;5.8827e-06;6.13041e-06;0.000582376;4.2131e-06;0.00211478;2.58998e-05;8.3926e-07;0.000474234;7.77412e-06;0.994953;7.33935e-05
1.29881e-05;0.0270765;0.972569;1.45865e-06;6.74692e-07;6.97504e-08;2.18049e-07;3.72549e-06;8.31735e-08;9.24284e-07;2.10902e-07;0.000320545;7.05213e-06;6.20967e-06
5.51043e-08;0.99911;3.35042e-08;1.00427e-07;2.19965e-08;3.49472e-08;1.64358e-07;0.000305041;4.63848e-07;6.88898e-09;1.38142e-06;5.1213e-05;0.000530738;5.55215e-07
2.00215e-07;0.0109448;1.97701e-08;1.54279e-06;3.12583e-07;0.000139796;2.13266e-06;0.000409444;6.05632e-06;5.863e-07;3.93362e-05;0.0001514;0.988301;3.21444e-06
2.35526e-07;7.81596e-05;0.903072;2.47519e-05;0.000265277;5.31754e-06;5.59732e-08;7.8655e-05;3.96106e-08;2.68554e-06;1.74738e-07;0.0963857;2.57417e-06;8.41601e-05
3.74408e-07;0.252738;1.29915e-07;4.45911e-06;6.58451e-08;2.09397e-05;0.0014319;8.2892e-05;6.56699e-06;2.04789e-05;0.000126959;2.09439e-10;0.745568;3.33589e-08
1.24481e-10;7.38464e-10;1;5.74493e-09;9.52778e-12;2.3786e-10;1.47731e-08;1.79263e-10;7.5053e-11;1.55352e-09;3.99662e-09;6.95125e-09;5.75264e-10;1.81483e-12
3.00616e-06;0.00794517;0.00595427;0.000316195;0.000140479;9.15483e-06;4.12922e-06;0.00903084;0.000320727;9.04108e-07;0.000275258;0.975947;2.52847e-06;4.98331e-05
1.27075e-05;0.0192728;1.61352e-05;4.94545e-06;0.000365073;0.000115545;4.26733e-08;0.972537;1.4847e-06;4.44166e-07;7.28443e-06;1.95179e-06;0.00765889;5.71919e-06
1.76242e-08;0.997196;8.65547e-09;1.92103e-08;9.47185e-09;3.44517e-08;9.91936e-06;7.22821e-09;5.20313e-11;9.37104e-06;4.90128e-09;1.9473e-10;2.29621e-07;0.00278487
2.84513e-12;9.25117e-12;1;7.15891e-13;1.56012e-12;2.63844e-13;2.25683e-13;1.91354e-12;9.7416e-14;4.0234e-13;2.95073e-14;1.33289e-12;3.55914e-13;3.17156e-14
2.01593e-05;0.00368795;3.28427e-05;6.7345e-05;0.000346869;0.000327796;5.61365e-06;0.961766;0.00522644;1.6875e-05;0.000426714;0.000732899;0.0273376;4.67559e-06
