1.87483e-08;0.999687;5.02247e-11;1.47637e-09;8.35531e-09;2.1948e-09;1.39175e-08;0.000144061;8.90114e-10;1.63491e-08;1.34855e-09;5.25422e-10;0.000162517;6.57913e-06
2.86804e-10;6.29782e-10;0.999995;1.57696e-08;4.8362e-10;9.18705e-11;3.19847e-10;1.32801e-10;1.00353e-10;5.20663e-10;7.34703e-10;4.75086e-06;9.01721e-12;4.73895e-10
9.40832e-06;0.0139848;0.000120351;1.17477e-05;2.65135e-05;7.17185e-07;4.62449e-06;0.985713;8.35944e-06;1.9637e-07;3.15505e-05;6.62911e-06;7.83722e-05;3.96045e-06
7.77622e-05;0.0504665;3.88255e-07;8.18539e-06;0.000315139;8.87658e-06;0.000173714;0.940358;0.000225172;1.02143e-05;0.000492777;1.11887e-05;0.00784848;3.48414e-06
1.69329e-05;0.00104942;0.97188;2.57971e-05;0.00565585;0.000259994;8.95755e-07;2.57766e-07;1.42057e-07;7.17774e-05;2.82036e-06;0.00593045;8.91136e-05;0.0150162
3.83553e-06;0.97743;3.67084e-09;2.23201e-06;2.48981e-05;2.59519e-07;1.69264e-06;0.0203508;0.000101566;2.81029e-08;1.71698e-05;0.000167706;0.00128742;0.000612818
5.1812e-08;0.000130266;8.70556e-10;5.05683e-09;0.000114212;3.42936e-09;2.02538e-09;0.99974;4.39003e-08;8.03222e-09;1.20383e-09;1.50623e-05;5.60958e-08;3.74977e-07
4.77204e-06;3.79629e-05;0.993318;6.03848e-05;0.000432435;0.000262188;7.17817e-07;1.51556e-06;4.54867e-07;1.62322e-05;2.8516e-06;0.0012584;0.00458589;1.80104e-05
3.85839e-05;0.640288;3.03971e-08;8.98474e-08;1.05914e-06;8.15948e-08;9.48544e-05;0.359435;9.35062e-06;6.28804e-07;1.57121e-05;8.50315e-07;0.000115583;4.78981e-07
3.22812e-10;7.12385e-09;1;1.35747e-10;8.95011e-11;1.67678e-11;3.76928e-10;2.06786e-12;1.95494e-10;3.50398e-12;3.45608e-10;2.15712e-09;2.43532e-10;1.09222e-11
3.26403e-05;0.808217;3.23963e-05;1.08781e-06;1.79061e-06;6.67231e-06;7.48546e-06;0.125888;0.000174855;2.35453e-07;3.66713e-05;0.0227522;0.0428465;2.62863e-06
5.03307e-06;0.11109;0.000112016;0.00017784;0.000122479;0.000921623;3.23417e-06;0.00217994;1.29042e-05;1.36375e-05;6.53506e-05;0.00181673;0.883367;0.000112384
5.327e-05;0.422915;0.000104907;0.00302254;7.55583e-05;0.00019137;0.000446354;0.00296446;0.00131886;4.7243e-05;0.132817;0.166718;0.26928;4.5237e-05
0.000115349;0.0787349;1.07437e-06;0.000185021;1.72181e-06;7.76314e-06;0.00119201;0.000269527;0.00139203;2.96905e-05;0.0319871;0.839264;0.0468008;1.93185e-05
0.000162572;0.0123844;2.57261e-05;4.35129e-06;5.45622e-07;1.85509e-06;3.14455e-06;4.53573e-05;1.70269e-05;1.44732e-06;1.18928e-05;0.0271794;0.960161;1.56653e-06
1.14303e-05;0.0016916;3.88407e-07;2.02702e-05;0.000251588;4.85545e-05;2.25692e-08;0.00120845;5.36102e-05;6.79737e-07;5.05125e-06;0.996442;0.000229655;3.6353e-05
6.41096e-06;0.986221;1.05159e-07;6.16406e-06;3.24027e-05;1.81961e-06;2.46722e-08;0.000339606;5.66534e-08;1.07519e-06;2.64264e-07;1.29766e-05;0.0109135;0.00246483
8.82055e-05;0.00169074;0.000946301;4.16766e-05;5.13184e-05;3.14931e-05;2.17311e-06;0.0180322;3.42623e-06;3.54608e-05;6.88168e-05;0.975717;0.00328988;8.09354e-07
8.37658e-08;0.000131565;2.7115e-07;1.6427e-05;3.62627e-07;6.21955e-05;0.748411;9.63089e-08;7.7798e-07;0.25133;3.09532e-05;1.68054e-09;1.4162e-06;1.4344e-05
2.6335e-09;2.73468e-10;0.999999;2.25995e-08;1.01303e-12;9.34045e-10;3.82933e-07;4.70295e-12;6.59806e-09;8.77907e-09;5.59452e-08;2.16616e-09;2.07386e-09;6.85158e-13
2.66573e-05;0.997775;1.12386e-06;0.000444491;4.43089e-08;1.79542e-08;0.000228101;1.14948e-05;0.000105548;1.90923e-06;0.000362701;1.12351e-05;0.0010315;5.32111e-09
0.000300413;0.480827;5.12611e-07;2.68541e-05;5.95024e-07;1.58839e-07;5.96436e-06;0.0936282;3.71719e-05;2.30696e-06;8.08707e-05;5.03318e-05;0.425039;5.19511e-07
1.12857e-06;0.98343;2.82101e-08;4.4011e-07;7.58688e-06;7.90297e-08;0.000232208;1.49365e-05;1.76657e-08;0.00156778;1.4936e-08;9.25871e-07;1.9655e-08;0.0147449
5.73572e-12;2.44385e-14;1;2.77525e-11;6.51099e-12;1.63634e-12;7.25168e-11;9.47456e-14;5.55959e-11;5.70394e-11;6.15435e-12;1.42414e-11;2.27508e-13;9.12633e-13
1.60395e-07;0.00359419;1.95832e-08;6.17185e-09;5.48491e-11;4.97703e-10;0.995551;2.55583e-07;3.03922e-07;0.000849598;2.17743e-07;1.99863e-14;2.01527e-08;4.28709e-06
2.02079e-14;2.70246e-15;1;1.72127e-13;5.16596e-16;7.26315e-16;4.14563e-12;1.75687e-17;4.28599e-13;1.00415e-13;1.61465e-12;2.66396e-14;3.77909e-17;4.29167e-17
