2.36501e-06;0.999519;9.74489e-07;1.53576e-06;6.16609e-07;7.80611e-09;3.73328e-08;1.56323e-05;2.09247e-08;8.37799e-08;4.60368e-08;1.45574e-05;0.000444652;7.74026e-07
1.43759e-06;0.999837;1.98839e-08;2.68135e-08;3.98444e-09;7.5035e-09;7.49139e-05;1.33966e-05;1.2279e-08;1.6875e-05;1.24688e-08;1.17799e-08;2.97771e-06;5.33382e-05
8.28183e-11;1.54961e-11;1;7.29319e-10;2.41047e-10;2.62476e-10;5.14833e-10;9.36371e-13;2.84729e-10;4.5843e-10;3.17579e-10;2.51558e-08;3.71156e-14;4.32829e-10
2.39982e-06;0.859076;3.34371e-09;4.68051e-09;6.33863e-09;3.59661e-09;7.01195e-06;1.5829e-06;2.80202e-06;6.09035e-09;8.20904e-07;3.14209e-06;0.140906;1.02929e-09
6.86519e-08;0.00271514;8.54623e-06;3.4807e-07;6.29111e-06;1.46716e-05;9.20658e-09;0.000206157;1.94297e-07;6.70788e-08;4.91318e-08;0.99676;0.000217517;7.14942e-05
5.12857e-06;0.839797;1.02871e-06;1.45495e-05;0.00121959;0.000371367;4.74033e-06;0.139922;1.94749e-06;6.27984e-06;4.90453e-06;0.000528531;0.0143492;0.00377376
6.63522e-06;0.00582419;3.69389e-05;4.25008e-07;2.11674e-07;2.29838e-06;9.62816e-08;9.26468e-05;3.49839e-08;3.39195e-08;3.40508e-07;0.991001;0.00303476;3.18015e-07
6.7004e-08;0.999582;1.022e-08;1.76687e-08;4.20835e-10;2.3126e-09;0.000399622;1.24543e-05;3.9593e-08;3.12044e-06;6.96142e-09;2.04729e-10;7.16007e-07;2.179e-06
8.56824e-11;1.16597e-11;1;7.95067e-10;4.45523e-12;1.39021e-11;1.43401e-09;1.1128e-12;1.41103e-09;1.09493e-10;3.59443e-09;3.77069e-08;8.10493e-13;6.27862e-12
3.53614e-06;0.0102163;1.83371e-07;9.49155e-08;1.32638e-06;4.86401e-08;3.29604e-07;0.989528;4.28438e-06;1.68588e-07;5.27145e-07;5.41257e-08;0.000245116;1.62312e-07
1.68447e-08;0.00018453;2.46375e-07;1.91838e-07;1.48632e-06;1.64046e-07;1.04339e-09;2.79943e-06;4.33966e-08;5.63444e-09;2.78616e-07;0.999783;9.23615e-06;1.80951e-05
1.69464e-06;0.924687;9.1438e-09;9.99607e-07;1.08628e-05;4.74055e-07;1.74289e-06;0.0703712;2.34996e-06;7.35731e-07;2.17475e-06;2.60039e-05;0.00489297;1.48047e-06
2.07045e-06;0.00517879;1.89487e-06;1.70606e-05;0.000114293;2.16989e-06;5.8705e-06;1.54346e-05;6.14906e-06;3.25342e-06;1.9549e-05;0.991901;0.00272149;1.12704e-05
0.000153898;0.00292285;6.87997e-08;1.15817e-06;4.91606e-06;1.27447e-06;1.31632e-06;0.977644;7.31443e-05;2.04279e-07;1.80356e-06;1.69672e-06;0.0191936;1.35956e-08
6.25502e-06;0.996665;5.55957e-09;8.51526e-07;7.12242e-08;6.61759e-09;2.03067e-07;0.000905942;2.21338e-06;2.36791e-08;3.08217e-07;7.44012e-07;0.00241825;3.72458e-07
0.000176479;0.0759503;7.19516e-06;6.14886e-06;9.28043e-06;1.59759e-07;1.76316e-06;0.918371;1.83082e-06;9.01946e-06;5.31836e-07;0.00376425;0.00169801;4.32668e-06
9.15893e-07;0.00107567;0.000110891;1.24311e-06;4.85878e-06;5.34791e-07;9.72872e-08;3.52279e-05;4.31872e-07;2.52781e-08;2.92379e-06;0.998724;4.0752e-05;2.4616e-06
5.22511e-06;0.968155;2.57221e-06;6.9057e-06;4.94541e-06;4.57412e-06;5.93121e-05;0.00845533;5.95563e-06;1.02001e-05;4.83332e-05;1.97378e-05;0.0231316;9.03555e-05
5.3122e-06;0.00256613;1.72855e-08;3.22194e-05;0.000300982;0.0001956;2.36526e-06;7.28966e-05;4.45626e-05;3.74881e-06;0.000106292;0.000903032;0.995766;8.03673e-07
0.00049746;0.000668466;0.998427;4.39314e-05;8.05322e-05;6.15495e-08;2.42913e-07;0.000193362;3.36449e-05;4.32368e-06;2.1144e-07;1.83898e-05;6.73383e-07;3.13413e-05
0.000383283;0.00256941;2.2243e-10;1.20508e-05;9.827e-06;9.66168e-07;1.60849e-06;0.142289;0.851988;2.73705e-07;0.000504672;6.17929e-05;0.00217934;5.4044e-07
1.3887e-05;3.06109e-06;1.8236e-10;6.0069e-09;7.94727e-08;8.69785e-10;2.82652e-09;0.999888;9.36159e-05;1.83554e-09;2.49662e-07;8.18584e-07;5.05401e-07;2.41206e-09
1.48029e-05;0.0277478;8.08633e-08;1.64937e-06;1.50591e-05;1.65953e-05;1.51496e-05;3.83004e-05;1.98842e-07;0.000876927;2.16648e-08;1.33631e-06;2.64085e-06;0.971269
2.04016e-07;1.39177e-09;0.999996;5.31925e-09;2.82554e-10;3.97362e-10;8.85184e-08;8.02808e-09;4.41155e-07;4.92494e-09;6.36371e-08;3.1588e-06;9.35252e-10;2.90825e-10
4.00888e-06;0.00329901;1.09107e-09;3.33976e-05;2.36321e-06;3.67434e-06;1.82736e-05;0.000328802;0.01027;2.17384e-07;0.00147936;1.01959e-06;0.98456;6.56284e-08
2.41229e-06;0.014992;0.978535;0.000192465;2.52962e-05;1.13188e-06;9.57639e-08;7.39902e-06;3.78652e-08;1.41428e-06;5.72462e-07;0.00587827;0.000218133;0.000145295
4.17438e-05;0.00122583;2.28215e-08;5.06313e-05;0.000805559;3.50917e-06;4.47553e-06;0.996338;0.000229366;5.74394e-06;0.000376902;0.00017368;0.000743575;8.1384e-07
0.000305169;0.225369;0.667919;0.0119026;0.00162001;0.0104942;7.33645e-05;0.000173699;1.62595e-05;0.00619515;0.000384;0.000864075;0.0716435;0.00303995
0.00170195;1.60481e-05;2.08528e-07;3.60887e-07;5.46097e-07;2.40383e-08;4.89433e-05;0.971096;0.0260652;1.0155e-07;0.00102076;2.27106e-06;4.75209e-05;4.69213e-08
2.24602e-06;0.994582;4.65536e-07;2.69542e-06;0.000347437;1.06012e-06;4.64018e-08;0.000856452;6.52578e-07;9.14266e-07;3.21862e-08;1.53518e-05;9.4504e-08;0.0041903
4.83907e-05;0.00286415;0.000114633;1.58351e-05;0.00516979;0.00409355;1.71853e-08;0.000431056;9.08057e-07;8.3035e-06;1.11603e-06;0.938749;0.000280436;0.0482225
4.94303e-05;0.00326371;4.66629e-09;6.94991e-08;1.22782e-05;1.60126e-06;4.98666e-09;0.996382;8.5963e-06;4.80138e-10;3.61129e-06;2.63008e-05;0.000252256;4.21988e-07
3.53163e-07;0.999841;5.55672e-08;2.64198e-10;1.16769e-10;6.10509e-10;9.6433e-09;9.38607e-07;4.869e-10;6.7191e-10;3.47736e-10;0.000118209;3.98899e-05;2.13683e-09
1.31783e-06;0.00679797;1.10164e-05;0.000123015;0.00194569;0.0359117;1.62751e-07;0.0254628;4.62348e-06;5.74501e-06;6.96895e-06;0.148832;0.000515445;0.780382
4.39038e-06;0.0758569;1.0747e-06;1.2738e-05;2.94991e-06;1.63749e-05;6.70821e-07;0.00317382;1.46714e-07;2.63657e-07;0.000434209;3.61728e-05;0.920459;8.89231e-07
1.47217e-06;0.999699;1.78064e-09;3.21397e-07;8.81805e-10;1.55186e-08;4.94156e-05;2.10026e-06;2.94635e-09;3.32188e-05;8.25241e-08;1.84881e-06;3.53523e-06;0.000209394
2.51811e-09;4.34181e-09;1;1.1597e-08;4.18281e-10;1.00832e-10;1.3521e-08;5.94884e-10;1.5669e-09;2.56773e-09;9.21843e-09;1.8515e-07;2.17892e-10;2.58406e-10
4.33923e-08;4.24811e-07;2.73902e-09;1.49271e-08;8.02874e-09;4.46727e-10;2.76728e-08;0.999995;1.24474e-06;6.45099e-10;6.10363e-07;5.36406e-08;3.08647e-06;1.07371e-10
1.11368e-06;0.859568;2.26678e-05;6.55939e-05;2.50707e-05;0.00100487;5.06077e-08;0.00203021;4.32253e-08;1.69581e-05;8.70735e-07;0.00157785;0.000596668;0.13509
0.000158621;0.298711;2.24592e-08;0.000690909;7.79207e-05;0.000292171;0.000243957;0.0378081;0.000317918;5.24884e-05;0.207887;0.000552636;0.451825;0.00138216
2.78939e-05;9.54565e-05;2.07018e-09;8.8148e-08;1.80776e-07;1.01776e-07;2.70226e-07;0.999777;3.06548e-05;1.97024e-08;2.14861e-05;1.19629e-06;4.52297e-05;1.42639e-08
3.84131e-07;0.17942;4.90039e-07;5.73888e-06;3.64824e-07;6.34608e-07;1.0632e-05;1.49851e-08;3.18872e-09;0.00207216;6.98358e-09;6.01473e-06;3.7156e-10;0.818484
2.48883e-05;2.54503e-07;0.99836;4.43742e-05;2.24405e-06;3.29932e-07;0.000393626;1.38074e-06;0.000136665;3.44222e-06;0.00102169;8.18467e-06;2.65272e-09;2.77321e-06
3.08962e-06;0.871573;3.96274e-08;2.53235e-08;1.0973e-08;2.94453e-07;2.28355e-06;7.15351e-05;1.38114e-08;2.62289e-08;2.01525e-06;5.18124e-05;0.128296;7.71243e-09
2.47571e-07;0.701741;2.25107e-07;5.41695e-06;2.69445e-06;6.77572e-05;0.109605;8.38214e-06;4.1723e-07;0.00911442;3.29096e-06;2.37381e-05;9.56537e-07;0.179426
3.68712e-11;6.80466e-10;1;2.80982e-09;1.44623e-12;9.7229e-11;1.62624e-08;1.98094e-11;1.56158e-09;6.71341e-11;1.54843e-08;6.24213e-10;2.4029e-10;1.11931e-14
3.92766e-06;0.993738;3.0776e-08;7.93201e-06;6.72106e-07;2.00913e-07;7.04379e-05;0.00601194;6.9577e-06;4.52159e-05;1.86286e-05;2.00102e-07;8.95054e-05;6.0242e-06
1.0698e-10;4.80241e-09;1;4.68358e-10;8.76879e-13;8.05677e-13;6.72994e-11;8.32935e-14;3.48821e-12;8.13027e-11;1.91885e-11;1.57666e-10;2.16788e-12;1.22457e-12
2.97952e-07;9.44854e-06;3.90635e-07;2.68355e-07;1.93568e-08;6.42368e-08;3.61494e-08;7.24499e-06;4.42513e-07;1.3023e-08;1.45443e-05;0.999927;3.9579e-05;5.03898e-07
3.35809e-06;0.0109275;6.33165e-06;2.0326e-06;0.000376072;3.95251e-05;7.80199e-07;0.211674;5.79383e-06;2.67709e-06;4.61006e-05;0.000298576;0.772637;0.00397947
3.21804e-07;0.000134174;1.16613e-08;1.11891e-06;2.01337e-06;0.00114433;5.53016e-07;1.24587e-06;1.05325e-06;4.94175e-06;1.38842e-05;0.000166998;0.998522;7.46043e-06
2.09522e-08;6.69666e-07;0.999999;9.83996e-09;4.01635e-09;4.27061e-10;1.03125e-09;5.92971e-09;8.48055e-10;6.24275e-08;6.85015e-10;2.97899e-07;9.86438e-09;1.2525e-09
1.37284e-05;0.905402;3.05314e-06;4.29292e-05;3.92472e-05;8.28e-06;6.3736e-06;0.0887282;0.00251018;2.74214e-06;0.000281442;6.71341e-05;0.00280582;8.91922e-05
