3.69136e-06;0.999659;9.78134e-06;4.65331e-06;4.06791e-06;2.49407e-08;3.15805e-08;4.19412e-05;1.00546e-07;8.19314e-08;1.84077e-07;0.000150745;0.000122166;3.60212e-06
4.38844e-08;0.999984;2.08593e-10;2.68395e-10;3.32655e-10;1.13782e-09;5.2978e-06;3.18061e-06;3.72188e-11;1.1235e-06;8.39559e-11;1.2427e-11;5.95938e-07;5.71785e-06
6.67749e-12;8.52014e-13;1;5.48864e-11;2.52573e-11;9.88789e-11;5.75206e-11;2.20046e-12;1.69929e-12;1.20281e-10;9.28608e-12;7.36993e-08;3.17067e-14;8.25625e-11
8.24221e-06;0.0554065;2.03887e-08;6.34959e-06;4.68049e-06;1.36719e-06;3.89502e-06;0.00120777;0.000308023;1.12807e-07;0.00121919;3.31917e-05;0.9418;4.50609e-07
4.81873e-05;0.954916;0.034989;0.0001083;0.000107966;7.83093e-07;3.54106e-06;0.000712746;3.12169e-06;7.53026e-06;5.33438e-06;0.00703972;0.000815707;0.00124249
5.13666e-06;0.292369;8.0802e-09;4.45941e-06;9.16864e-05;3.14229e-06;7.48736e-06;0.700137;2.37962e-05;2.23572e-06;7.8495e-05;0.000278986;0.00686108;0.000137461
3.35727e-05;0.591746;2.42618e-07;0.0175156;0.00386003;0.0385256;1.27266e-05;0.00305808;4.73823e-05;0.000553864;0.00358646;0.00135544;0.33783;0.00187521
0.00121117;0.0595543;0.907977;0.00258715;0.000277267;9.7258e-06;7.91329e-07;0.000658782;5.97044e-06;9.77579e-05;6.35207e-05;0.0267416;4.91423e-05;0.000765149
0.0123295;0.043757;0.000251596;0.000172398;0.000134489;4.61493e-05;0.000165954;0.648161;0.084847;6.89048e-06;0.096347;0.000275398;0.113505;5.43031e-07
0.000232198;0.987472;1.29154e-06;8.53914e-07;9.50155e-06;5.18814e-07;0.0102722;0.00143494;9.86906e-05;0.000443243;8.10709e-06;1.07803e-08;5.19895e-06;2.13612e-05
1.27523e-09;2.04697e-11;1;2.82113e-10;1.63087e-09;1.03577e-11;2.57523e-10;4.64116e-11;3.29946e-10;1.4593e-10;1.7755e-11;4.09621e-07;5.67802e-14;2.73938e-11
0.00180576;0.173925;0.000849466;2.40788e-05;0.000349674;5.18179e-05;0.000124567;0.660311;0.00978238;2.27106e-05;0.000899354;0.00216175;0.14969;3.05559e-06
0.000430304;0.0389281;2.39054e-05;0.00193308;0.000928897;9.99425e-05;0.00068188;0.00120074;0.878202;0.000280229;0.0409407;0.0260644;0.0065378;0.00374829
0.00242559;0.977229;9.21529e-06;0.000336799;0.00014868;3.07979e-06;8.9607e-05;0.000231147;0.00185138;6.03209e-05;6.33791e-05;0.0169203;0.000175866;0.00045535
7.30193e-06;0.0150638;3.15229e-12;6.31607e-08;2.84697e-05;3.73901e-09;1.01259e-07;0.98487;4.92807e-06;6.48734e-08;1.6321e-08;2.38102e-06;2.23248e-05;1.89452e-09
9.0945e-05;0.000654838;0.754558;3.99586e-05;0.000238703;8.33897e-05;4.47086e-07;1.21462e-06;4.42366e-07;1.56088e-05;2.09523e-06;0.238261;0.006044;9.84759e-06
0.000200081;0.0142406;1.25417e-07;5.63998e-07;4.22283e-07;3.11023e-07;0.984109;0.000327004;0.000673892;0.000230503;0.000159124;4.40196e-08;1.22966e-05;4.63689e-05
3.75926e-10;2.10044e-11;1;3.57548e-11;7.47671e-12;2.52884e-12;7.15765e-10;7.38709e-13;2.88729e-10;9.43469e-12;1.41528e-10;1.47517e-09;1.89083e-12;1.23428e-11
1.05875e-05;0.999725;8.389e-09;4.18019e-09;7.58552e-09;3.57769e-09;4.81311e-05;1.10481e-06;1.17918e-07;1.34788e-06;1.27399e-08;6.43164e-09;4.34794e-06;0.000209099
1.43185e-09;6.43107e-12;0.999999;1.17796e-10;1.06038e-10;5.08603e-12;2.6339e-10;2.00703e-10;4.18612e-09;2.27517e-11;7.74876e-10;8.49305e-07;5.99582e-13;1.54247e-10
1.11417e-07;0.000385891;2.28475e-11;4.03007e-09;1.25304e-09;3.68771e-08;1.61617e-08;4.69852e-06;3.7171e-06;1.23144e-10;2.19124e-07;1.04191e-09;0.999605;1.319e-08
1.60683e-07;0.000813988;1.34365e-05;2.38199e-07;6.21744e-07;8.52055e-09;7.54025e-10;1.97051e-07;5.07352e-07;2.09319e-09;5.05246e-07;0.999123;3.91471e-05;8.05581e-06
2.07807e-06;0.00839071;4.83216e-05;1.4217e-07;0.000477266;3.55345e-06;1.50488e-09;0.990784;1.52208e-08;2.19551e-07;1.30132e-09;0.000188375;6.34172e-06;9.87681e-05
1.33915e-07;3.83435e-05;1.17844e-09;5.40486e-08;5.56929e-08;5.34242e-05;7.30101e-09;1.19096e-06;1.55192e-06;6.87487e-09;3.32979e-08;3.44809e-08;0.9999;5.0894e-06
5.43377e-09;8.76367e-07;0.999999;1.9762e-08;2.75432e-09;7.79023e-10;2.09268e-10;1.73837e-09;4.87161e-10;3.98082e-08;6.89466e-11;8.865e-08;5.63983e-10;2.24915e-08
4.25946e-06;0.991329;3.40879e-06;9.83053e-05;2.65418e-05;8.35943e-06;1.2136e-05;0.0059418;0.000505325;4.18557e-06;0.000588973;1.01442e-05;0.00134525;0.000121801
