8.32054e-06;0.998652;0.000687732;0.000187171;1.42482e-06;9.10682e-07;3.83675e-07;1.80834e-05;2.05813e-07;1.45383e-06;7.20619e-07;3.79231e-05;0.000388716;1.54435e-05
6.27974e-06;0.994263;1.11038e-08;4.16357e-05;1.27827e-05;6.06782e-06;1.24613e-07;0.00506146;2.93742e-05;5.04568e-07;1.29947e-05;0.000425227;0.000130735;9.9631e-06
1.42473e-05;0.993078;2.85987e-06;7.96963e-06;6.7822e-06;1.09598e-05;8.96881e-07;0.00561216;5.19987e-06;7.77903e-06;1.38417e-05;0.000442538;0.000726372;7.05512e-05
0.000111294;0.00424973;9.61737e-08;1.9668e-05;0.000698442;1.05106e-06;5.58521e-06;0.00254484;0.00037642;8.08637e-07;0.000211445;0.991422;4.58973e-05;0.00031298
9.87959e-05;0.0045532;0.994094;5.13053e-07;4.7284e-05;3.38919e-09;1.17388e-06;0.000824125;2.25973e-06;4.60521e-08;1.80474e-08;3.98109e-06;0.000347818;2.70413e-05
1.59165e-05;0.700738;6.77659e-10;2.20746e-07;0.00461932;6.83436e-09;2.24379e-06;0.289032;3.29643e-06;4.73613e-07;6.39812e-08;6.20255e-05;5.39403e-06;0.00552127
1.39412e-05;0.00379441;0.0516243;5.60729e-06;0.0130893;6.43578e-05;1.66431e-07;6.03328e-05;8.06055e-09;2.59329e-06;8.45969e-09;0.926998;3.46812e-05;0.00431199
1.73223e-06;0.875128;3.09073e-08;5.33095e-07;0.000163855;9.61812e-06;2.63526e-05;0.102246;5.67892e-07;9.67996e-07;1.26473e-07;7.59156e-10;0.000786744;0.0216351
1.92641e-09;3.54797e-09;0.999999;1.31944e-09;3.74272e-10;1.31751e-11;1.72984e-09;1.94679e-10;8.8517e-10;1.58497e-10;5.0854e-10;1.33119e-06;3.6861e-09;6.06476e-11
4.78387e-05;0.728696;0.00600221;0.000489171;0.00102435;0.000226657;1.03456e-05;0.0360581;0.00480475;7.05563e-06;0.000243427;0.192859;0.00336406;0.0261667
7.9473e-06;0.79397;4.70364e-09;3.52118e-06;0.000102384;9.1362e-05;1.79574e-06;0.0589848;1.84641e-05;1.39937e-06;3.8496e-05;0.000846307;0.145922;1.21174e-05
5.23287e-08;0.995505;2.6972e-10;2.68409e-09;9.68037e-07;2.01253e-08;1.78556e-05;5.43896e-07;3.1943e-12;2.95414e-05;1.04249e-10;8.06375e-09;1.99565e-07;0.00444547
1.87635e-10;1.68362e-10;1;7.91994e-12;4.01517e-11;1.59935e-11;1.6108e-10;2.15356e-11;4.03765e-11;7.0134e-12;1.417e-12;9.61667e-09;7.8118e-11;4.09506e-13
5.03684e-07;0.418632;7.50626e-08;6.14683e-07;1.32134e-06;1.92803e-06;0.000110768;0.49932;1.38245e-05;6.07827e-07;2.76282e-07;1.81136e-09;0.0819179;1.39139e-07
1.09168e-11;3.11536e-10;1;8.33275e-10;2.89563e-12;6.13055e-12;8.79362e-11;9.04892e-12;1.8473e-11;3.78201e-11;3.34037e-11;1.20179e-09;6.91679e-11;1.15994e-13
3.88272e-07;0.00499609;0.195267;3.90546e-05;0.000364374;6.52524e-06;5.49815e-08;0.0217403;1.07384e-06;2.53742e-07;4.27777e-07;0.777134;5.7093e-05;0.000393392
2.11826e-06;0.109972;2.98574e-06;6.33937e-06;0.000961197;0.0149817;3.61955e-06;0.669832;6.85101e-07;1.07846e-05;2.07513e-06;3.07246e-05;0.204113;8.00643e-05
3.42788e-07;0.00355615;2.73814e-08;9.84596e-06;0.00252917;0.00307467;1.84886e-09;8.13285e-05;3.0303e-09;6.45591e-08;1.33433e-06;0.876391;0.112894;0.00146207
1.60635e-07;0.997664;6.79097e-10;1.36681e-08;1.79393e-07;1.6892e-07;6.56033e-09;1.79056e-06;1.00167e-10;9.80019e-09;1.95975e-11;5.41581e-06;0.000786758;0.00154139
3.92319e-06;0.995791;1.06852e-07;1.16927e-06;5.87937e-06;7.04674e-06;3.90177e-06;0.00171861;2.13031e-06;2.55003e-07;1.48116e-07;5.39729e-05;0.00239505;1.6647e-05
5.28992e-08;0.999215;1.90233e-08;2.16217e-09;2.98701e-10;3.05063e-08;4.81781e-08;7.80997e-07;1.40833e-10;1.17184e-08;9.14887e-10;0.000171088;0.000613123;9.74145e-09
4.18154e-06;0.110866;8.64839e-06;0.000210939;4.87355e-05;0.000541934;0.00557773;0.00226202;3.05513e-05;0.00544316;5.52463e-05;0.000168052;1.87597e-06;0.874781
2.04337e-09;6.17339e-08;1;1.10639e-08;5.8375e-11;1.55661e-10;1.09562e-07;7.19803e-10;6.04854e-09;1.73873e-09;3.25114e-08;7.04551e-09;5.69277e-09;3.57175e-13
6.01455e-05;0.0202178;0.000340278;0.000211934;0.00470045;0.0002472;1.1633e-05;0.0549831;8.90844e-05;1.33815e-05;0.000288904;0.915196;0.0031833;0.000457258
1.26119e-06;0.0172655;1.09015e-08;3.6746e-06;0.000209599;3.46473e-05;1.35168e-07;0.0333069;1.76517e-08;5.00531e-07;3.39569e-07;0.00111778;0.947522;0.000538065
0.000163203;0.696824;3.52819e-05;0.0275631;0.000343497;0.000117453;0.00264927;0.00648395;0.000133661;0.000862319;0.0166042;0.13474;0.106176;0.00730326
0.000267022;0.00147069;0.00707499;0.0345739;0.00487488;0.000334539;6.05664e-05;0.948546;0.00010705;2.50783e-05;0.001797;5.99349e-05;8.98905e-05;0.00071845
0.000306902;0.374293;0.00108831;0.000158894;0.0016743;0.000469951;4.26074e-06;0.475482;1.09897e-05;4.92201e-05;8.99604e-06;0.017163;0.000577751;0.128712
0.000322084;0.00353786;2.70438e-08;8.86397e-05;0.00242092;0.000145923;8.99403e-06;0.944042;0.0020352;7.94886e-07;0.00352493;2.19279e-06;0.043569;0.000301419
3.46258e-07;0.999975;9.8417e-08;2.72349e-07;2.93772e-08;1.80228e-09;3.33506e-09;1.30479e-05;3.00834e-08;3.45484e-09;9.95644e-09;7.26667e-07;9.5232e-06;5.94959e-07
9.85408e-07;0.996562;6.86159e-08;1.34971e-07;2.24587e-08;1.84307e-08;1.31252e-08;0.00252636;2.15621e-09;1.62208e-07;1.01106e-08;9.24358e-07;0.000904728;4.13631e-06
1.88645e-09;1.87255e-06;1.75404e-08;6.06335e-07;3.3681e-05;4.94594e-08;7.24097e-10;8.06993e-07;1.23132e-08;9.08844e-09;2.01466e-06;0.99996;4.94355e-09;5.14843e-07
6.49791e-07;0.921155;9.16924e-06;9.79293e-07;4.68447e-07;3.53764e-07;1.52077e-07;1.35455e-07;1.15469e-08;1.22165e-07;1.36809e-06;1.24341e-06;0.0788301;1.26264e-08
4.22902e-06;0.00071466;1.70436e-07;1.39048e-07;0.000148894;3.19228e-06;3.39693e-08;0.000422591;4.91778e-07;6.97412e-08;5.847e-07;0.998624;5.72252e-05;2.40837e-05
8.04054e-05;0.197867;6.40788e-05;5.5673e-05;0.0926831;0.000853501;5.53169e-07;0.517745;6.59928e-07;7.18126e-06;1.59929e-06;0.00225737;0.181425;0.00695826
0.00341713;0.0135012;0.00212802;0.00250224;0.000147714;0.00012362;0.000188098;0.060359;0.0148025;2.85652e-05;0.0138466;0.182026;0.705699;0.00122985
6.95935e-05;0.98824;4.00585e-06;7.66214e-05;1.21255e-05;2.71022e-06;5.44464e-06;0.00115123;8.36303e-05;4.30264e-06;7.97995e-05;0.000290328;0.000328864;0.00965174
6.16209e-06;0.000225324;3.51529e-08;1.56183e-08;4.63705e-07;8.2132e-08;8.89781e-08;0.999154;2.02847e-06;1.27462e-08;4.39766e-07;3.30703e-05;0.000578426;1.51277e-07
5.05908e-07;0.00127542;4.61755e-07;5.28171e-06;0.00677391;0.00018427;3.30824e-08;0.000840932;8.76361e-07;3.64578e-07;7.04377e-06;0.0482605;7.215e-05;0.942578
1.38138e-06;0.998825;2.18741e-06;7.53238e-09;1.61095e-09;2.28123e-10;0.00113916;1.22941e-06;1.99779e-08;5.91639e-06;5.30399e-08;1.66877e-08;1.32138e-06;2.33506e-05
1.50644e-11;6.51384e-11;1;1.12592e-10;4.40873e-11;1.36066e-12;2.09983e-10;6.7647e-13;1.08131e-10;2.1942e-11;9.95773e-11;4.87535e-09;7.08082e-14;5.13686e-11
1.85554e-07;0.950766;3.80894e-07;1.95017e-07;4.66302e-08;1.16172e-08;5.98753e-07;4.61867e-08;2.38533e-07;8.17721e-08;3.71395e-07;1.73272e-07;0.0492318;4.3397e-08
7.47437e-08;0.00130205;1.30551e-07;2.6083e-07;7.82612e-05;1.16991e-06;1.53016e-09;0.000191697;1.45949e-08;1.91473e-08;5.15667e-08;0.998154;0.00025778;1.49043e-05
4.77747e-07;0.00156298;2.21143e-07;8.45673e-06;0.00913466;0.0014147;9.1348e-09;0.014095;1.20028e-09;1.23868e-07;9.02717e-08;0.00013865;0.971506;0.00213833
2.08235e-05;0.000225809;0.000135312;3.11123e-05;1.04535e-06;2.19122e-05;1.26528e-06;4.95473e-05;1.53242e-06;3.91491e-07;7.62037e-05;0.0383243;0.961082;2.86539e-05
0.000399745;0.514257;0.00527523;0.00348948;0.000453118;0.0164338;2.03597e-05;0.353469;0.000165814;7.22311e-05;0.000310353;0.000710474;0.102172;0.00277162
5.36515e-07;0.998508;7.23734e-08;1.06914e-05;1.75846e-05;8.06598e-05;1.94704e-07;1.66891e-05;1.9373e-07;1.60048e-07;1.16606e-05;0.000112936;0.000712103;0.000528955
4.61923e-07;0.000170545;4.8217e-06;1.42274e-07;3.10181e-05;6.3742e-06;4.1471e-09;0.000229352;3.66485e-08;4.75321e-08;3.74044e-07;0.988759;0.0107639;3.42002e-05
1.40721e-05;0.00404375;2.59732e-06;4.24751e-07;7.32377e-05;3.17958e-05;3.06436e-06;0.989378;5.84831e-05;8.03974e-07;2.79638e-06;1.75525e-05;0.00637122;1.80526e-06
6.74823e-05;0.0051267;1.58185e-08;7.39687e-06;9.80921e-05;3.45209e-06;2.35092e-07;0.958357;0.000595904;1.48719e-07;5.06072e-06;7.11917e-05;0.0356659;1.27432e-06
2.24799e-06;0.999907;2.68523e-06;8.83233e-06;5.64119e-08;7.60083e-09;2.13458e-08;3.78563e-06;3.25665e-07;1.09234e-07;6.70285e-08;6.71233e-05;2.40104e-06;5.65227e-06
6.86573e-06;0.980388;3.93961e-07;1.79857e-07;2.18913e-08;5.28982e-08;2.74153e-07;0.0170877;7.54258e-08;4.5865e-07;1.77445e-07;2.45481e-06;0.00251239;6.54296e-07
1.40905e-08;0.000376249;9.57683e-07;9.73282e-07;1.08364e-05;1.18541e-05;7.26853e-09;2.43112e-06;2.9086e-08;1.92381e-07;2.00906e-06;0.99956;1.08108e-06;3.36882e-05
2.55417e-05;0.860493;8.41207e-08;1.77779e-05;4.05789e-05;1.45327e-05;4.82119e-05;0.00556311;1.04563e-05;2.0192e-06;0.000184627;0.000291009;0.133259;4.92951e-05
5.09301e-05;0.949506;1.31035e-06;5.54321e-05;0.00406321;2.23156e-05;6.73518e-07;0.0124741;4.12785e-06;3.86297e-05;5.62498e-07;0.0093356;0.0210437;0.00340292
0.00114998;0.825038;4.98858e-06;0.00666773;0.000188335;3.53587e-05;0.000914808;0.0126933;0.0277043;0.00044716;0.0042433;0.0678903;0.0504266;0.00259541
0.000309676;0.981522;1.97816e-06;0.000818642;0.00022723;8.84446e-06;0.000198884;0.000145228;0.00166862;0.000170949;0.00210583;0.00666699;0.000159979;0.00599471
9.32177e-05;0.000336785;1.1688e-09;2.07333e-08;1.82412e-06;2.76504e-08;3.82661e-06;0.999352;2.80624e-05;9.40607e-08;1.74389e-06;1.07896e-06;0.00018135;1.41483e-07
1.58746e-07;0.00575064;9.16655e-08;6.63644e-07;0.00033845;0.000130776;9.75382e-08;6.22635e-05;2.16887e-08;8.87807e-07;2.73978e-08;1.40141e-05;0.000119938;0.993582
2.29705e-09;3.61438e-08;1;1.13343e-09;7.52899e-11;3.22425e-11;7.24901e-09;6.2489e-10;1.13991e-09;1.354e-10;2.01329e-09;1.50301e-07;5.10378e-08;2.60472e-12
1.15214e-08;2.26423e-05;0.999871;5.35506e-07;5.34688e-06;6.13764e-07;4.89394e-09;2.14603e-05;5.85581e-08;3.21366e-09;2.77413e-08;4.35481e-05;1.22817e-06;3.36113e-05
1.36753e-10;1.22011e-05;2.73855e-06;3.7872e-09;1.02158e-05;4.13945e-05;2.34619e-11;3.04967e-06;3.24213e-11;1.8752e-08;4.45666e-12;6.06216e-07;1.14358e-09;0.99993
4.25071e-08;0.983309;6.69374e-07;9.56252e-08;2.86658e-06;1.47388e-06;3.86675e-10;0.000167098;5.82444e-11;4.06104e-10;3.19496e-09;0.000140842;0.0163738;3.85498e-06
5.3244e-07;0.97867;3.36816e-07;1.23773e-07;2.67628e-07;2.48352e-06;1.13362e-08;0.0193765;1.11147e-09;1.53076e-07;1.95337e-09;9.52094e-05;0.00180647;4.78292e-05
9.18881e-09;0.000108415;5.05018e-10;4.60092e-05;0.00232653;7.95086e-06;1.05693e-08;0.997206;5.74729e-09;7.3568e-07;1.89068e-07;0.000218918;5.52858e-05;3.01925e-05
5.28412e-06;0.0130162;0.00622037;0.971234;0.000308496;0.00361179;9.58454e-05;1.46893e-06;9.51002e-08;0.0030533;0.00168738;0.000421406;0.000145803;0.000198129
0.0505654;0.835964;0.00137272;0.00108736;7.57642e-07;1.78187e-07;0.000448415;0.00568182;0.000486155;4.98325e-05;0.0393932;0.0136491;0.0513;1.2087e-06
1.41997e-05;0.00252646;4.63241e-07;2.77786e-06;0.000122481;5.45193e-07;1.1322e-08;0.997047;6.13896e-07;1.73044e-05;1.69904e-07;2.00915e-05;3.22459e-06;0.000244293
1.87815e-05;0.000193224;0.999653;3.78288e-05;5.23927e-06;1.29656e-06;6.71643e-08;7.67247e-07;2.92369e-07;3.55524e-05;1.63772e-05;7.53547e-06;1.47239e-05;1.48359e-05
0.000329806;0.00312623;2.90149e-05;6.84154e-05;2.08907e-05;2.34828e-05;0.000411197;0.0014104;0.0348933;4.3443e-05;0.95538;0.00189208;0.00231986;5.15133e-05
