1.7498e-06;0.0148672;3.17837e-09;1.04845e-06;6.11222e-07;3.27094e-06;1.48834e-07;0.00072337;1.09521e-06;1.15571e-07;1.28154e-06;3.18812e-06;0.984396;1.28508e-06
1.39671e-06;0.000271719;5.3916e-09;5.4128e-05;2.68834e-05;3.27721e-05;6.15497e-08;0.00179856;1.77031e-06;1.85015e-06;1.13593e-05;0.995473;0.000290368;0.00203605
0.000413285;0.00239587;1.00959e-07;7.36209e-08;8.40122e-09;8.56388e-08;7.0176e-06;0.994698;5.62022e-05;1.00674e-07;1.31303e-06;1.19387e-07;0.00242754;2.85143e-08
1.84983e-06;0.000357793;2.9887e-07;2.46665e-05;0.0307846;0.00249297;1.31883e-08;0.000133055;1.50257e-05;3.81976e-07;9.96322e-06;0.942143;0.000348704;0.0236879
3.24828e-07;0.999665;1.64409e-10;3.23174e-09;4.3755e-09;1.39056e-10;0.000300264;6.09904e-07;1.74484e-09;4.07357e-06;3.09299e-09;1.49924e-11;1.35201e-06;2.85799e-05
6.34494e-11;7.75281e-12;1;8.65666e-11;1.62084e-10;1.12407e-10;2.38551e-11;2.70395e-12;1.17313e-11;1.17486e-11;6.00216e-12;4.70831e-07;1.73981e-12;2.19473e-12
1.14654e-05;0.938913;8.02094e-06;0.0012277;0.00033801;0.00014757;0.000194023;0.00533132;0.00149657;4.30217e-07;0.00107193;0.00190867;0.0491811;0.000170552
6.02097e-08;4.26123e-07;0.999966;2.1474e-07;2.34345e-06;2.74868e-08;1.04982e-08;3.41968e-07;2.96251e-08;1.20647e-08;4.96762e-07;2.99459e-05;1.20342e-07;2.61237e-08
9.1635e-08;0.998081;2.26277e-09;8.57386e-08;1.16913e-06;4.98367e-08;0.00153972;4.49777e-07;3.05335e-07;2.98082e-05;1.15947e-06;3.71962e-09;9.72683e-08;0.000346388
2.93169e-10;2.21249e-11;1;7.87455e-11;4.11783e-11;6.86499e-12;1.54554e-09;2.29584e-11;2.4945e-11;2.43291e-11;6.38288e-10;9.81408e-08;2.38905e-09;3.3291e-13
8.71831e-07;0.0389894;4.36615e-06;6.65994e-07;6.25886e-06;8.63242e-05;2.41054e-06;0.0154559;1.60061e-06;1.24111e-06;6.23925e-06;3.69137e-05;0.945407;6.76068e-07
1.11366e-06;0.00276535;6.57329e-10;3.19198e-05;7.57302e-05;7.30583e-05;1.54314e-06;0.000863244;1.17846e-05;3.28943e-06;0.000232333;0.00064736;0.995229;6.40697e-05
2.79127e-05;0.000234791;2.41067e-06;0.000173773;1.95022e-05;1.04605e-06;4.57013e-06;2.71986e-05;0.000101596;5.47031e-06;0.000304487;0.99895;0.000146648;6.98011e-07
9.56608e-06;0.999865;7.98764e-06;5.75512e-05;1.20615e-06;2.91031e-07;8.87761e-07;2.7027e-05;3.69067e-06;4.55096e-07;8.72752e-07;4.24082e-06;1.6014e-05;5.72915e-06
3.87225e-08;0.999943;3.48727e-10;2.51346e-09;5.40891e-11;3.90333e-10;6.55472e-09;1.90582e-07;1.98851e-09;4.29438e-10;6.37654e-09;8.44501e-08;5.63907e-05;9.5611e-09
1.03178e-07;0.00117656;8.33378e-07;1.26516e-08;1.82094e-06;2.22315e-06;1.5915e-08;1.4485e-05;3.05831e-08;2.06559e-08;7.11764e-08;0.998797;4.23188e-06;2.49542e-06
3.12052e-09;0.99978;4.43597e-12;2.28754e-09;2.54084e-08;8.32546e-09;3.38501e-07;1.82675e-05;2.56435e-09;2.15303e-08;3.19667e-09;2.48153e-11;2.42656e-07;0.000200788
2.8777e-11;5.73267e-12;1;1.22594e-11;4.07223e-11;5.99233e-13;7.65454e-12;2.89278e-11;1.02619e-12;1.0688e-12;2.40855e-12;1.28386e-08;1.27908e-10;2.30169e-13
7.7621e-06;0.0644533;3.89169e-05;2.11938e-05;0.000148609;0.00032125;1.53264e-05;0.145227;0.00010642;7.16932e-06;8.15367e-05;0.00022857;0.789337;5.58565e-06
1.8104e-06;0.00864714;5.11326e-10;3.35858e-05;9.48676e-05;6.16097e-05;1.80013e-06;0.0105656;5.10214e-06;3.2113e-06;6.46398e-05;0.000115831;0.980237;0.000167674
2.22092e-05;0.000134753;5.55134e-07;0.000159657;4.69753e-06;9.18841e-08;7.17873e-06;0.000109251;3.13042e-05;6.5087e-06;0.000665818;0.99885;5.08647e-06;2.57083e-06
3.81476e-05;0.998336;1.0324e-05;2.63575e-05;4.13079e-06;7.49793e-08;1.4913e-06;0.00155271;1.1682e-06;8.9677e-07;1.08637e-06;1.05979e-05;1.17984e-05;5.52086e-06
1.60789e-06;0.000223798;5.97654e-11;5.59746e-08;2.87599e-08;5.72721e-09;1.91864e-08;0.999765;1.35518e-06;1.96558e-08;1.04849e-07;1.66718e-08;7.86445e-06;8.67204e-08
9.50685e-08;0.000136069;3.5114e-06;1.62821e-06;8.8451e-07;3.366e-07;6.02927e-11;2.36522e-07;3.53631e-08;6.45081e-09;1.64123e-07;0.999822;1.37613e-05;2.12294e-05
1.74608e-05;0.999725;2.20055e-06;9.07155e-07;2.51964e-08;3.57923e-09;3.42914e-05;5.91185e-07;7.06151e-08;5.33962e-06;2.14924e-07;7.69835e-06;1.59017e-07;0.000206144
1.5784e-10;2.13247e-10;1;1.11761e-11;3.82813e-12;1.37299e-12;6.88999e-10;1.80955e-11;2.28694e-11;3.89179e-12;8.85232e-12;3.85799e-10;2.27303e-10;1.71629e-14
1.56806e-05;0.14881;2.3997e-05;0.000275115;0.00209187;0.000918799;0.000376082;0.696131;0.00233434;1.62095e-05;0.000654302;0.00155412;0.146453;0.000345886
2.9437e-06;0.00525497;8.69771e-09;3.85663e-05;0.000212455;5.11247e-05;9.85389e-07;0.0126677;9.11429e-06;2.79943e-06;2.60539e-05;0.000295485;0.981012;0.000426038
1.27262e-05;0.000181119;5.80016e-07;0.000129664;2.37419e-05;9.25121e-07;2.0613e-07;8.77787e-05;1.39419e-05;2.07478e-06;1.82882e-05;0.999516;1.10592e-05;2.00444e-06
1.93628e-05;0.999762;3.93896e-06;1.01535e-05;3.91e-07;5.04089e-08;2.34652e-07;0.000163241;1.68793e-06;1.74551e-07;2.61505e-07;6.91007e-06;3.11192e-05;3.35287e-07
7.74546e-08;0.999968;2.43758e-10;2.71871e-09;2.38142e-10;1.78046e-10;1.28549e-08;3.25191e-06;4.66883e-09;3.33694e-09;3.53261e-09;2.39783e-07;2.88196e-05;1.27193e-09
5.2187e-08;0.000287674;6.48665e-08;4.68484e-07;2.78639e-06;5.55836e-05;1.13918e-09;6.40094e-08;3.78321e-08;6.23512e-08;2.3609e-07;0.999617;4.35578e-06;3.20402e-05
5.54796e-06;0.999283;9.41465e-05;2.10937e-06;9.02522e-08;2.04416e-08;0.000402927;3.54446e-08;5.8825e-08;7.04281e-05;3.55491e-07;6.89156e-05;1.96921e-08;7.19392e-05
1.49588e-09;7.18811e-10;1;1.58029e-09;1.01775e-09;2.59131e-11;5.25404e-09;4.0913e-10;7.00561e-10;1.05516e-10;4.35532e-09;4.82981e-08;2.3504e-10;2.56815e-12
6.26264e-05;0.19754;0.000190508;0.000222161;0.000590213;0.00212093;0.000531179;0.530232;0.000703738;0.00016222;0.00131148;0.00211371;0.264207;1.20056e-05
7.23689e-07;0.0077885;1.63973e-09;1.34245e-05;4.16116e-06;2.09634e-05;1.13871e-06;0.000792413;1.82089e-06;1.72632e-06;8.87474e-05;0.000292816;0.990906;8.74284e-05
1.3183e-05;0.000382734;3.87513e-07;5.56761e-05;2.84281e-06;2.07589e-07;3.73461e-06;2.26525e-05;9.04812e-06;7.73941e-06;0.000261974;0.999206;2.95086e-05;4.51116e-06
8.01013e-06;0.998898;6.69188e-06;1.0582e-05;1.51973e-06;1.51274e-08;4.5984e-07;0.00106674;9.33313e-07;1.018e-07;2.19694e-07;3.9628e-06;2.64409e-06;1.40041e-07
3.8215e-06;0.986953;4.98022e-07;1.18103e-06;6.87112e-07;8.08109e-08;1.66233e-07;0.00996107;2.97907e-06;1.52761e-07;5.05425e-06;0.0020785;0.000992157;5.84267e-07
3.39357e-05;0.72295;1.05381e-07;0.000296449;0.00633203;3.94658e-06;7.87155e-06;0.231309;2.57868e-05;7.3125e-05;4.38629e-05;0.0359325;0.00104602;0.00194575
0.000875433;0.202031;0.0891043;0.00527646;0.0530856;0.00056779;5.67638e-06;0.000103383;2.49009e-06;9.88457e-05;0.00016208;0.63792;0.00482193;0.00594557
4.31099e-05;0.948879;2.55517e-05;4.611e-06;2.45862e-05;3.62393e-07;3.54169e-06;0.00962117;5.34217e-06;2.27837e-07;0.000211439;0.0114138;0.0296628;0.000104314
1.27922e-05;0.0757797;1.03159e-06;2.58363e-06;0.00154006;0.000811305;1.69103e-06;0.848235;9.96637e-07;6.57969e-06;4.25363e-06;0.0215617;0.0520106;3.16364e-05
3.19362e-06;0.00129664;2.10786e-09;4.98033e-06;9.78884e-06;2.95458e-05;8.02786e-08;0.000498668;9.93002e-07;2.94685e-07;7.90746e-06;0.00498075;0.993004;0.000163418
2.46204e-05;0.000343297;4.51024e-06;0.000112282;7.33236e-06;4.29118e-06;3.36079e-07;1.23082e-05;4.59276e-06;1.82039e-06;5.56443e-05;0.999394;2.85828e-05;6.58304e-06
0.00308654;0.904058;0.0491717;0.000591931;0.000423823;1.37452e-05;3.62048e-06;0.0305613;1.67079e-05;5.76186e-06;1.93336e-05;0.00177919;0.00960712;0.00066115
8.51645e-07;0.988272;6.69298e-10;1.23136e-08;8.15153e-08;7.2578e-09;6.31774e-07;6.04997e-05;1.20591e-08;1.97567e-08;3.26211e-08;0.000110798;0.0115546;3.91798e-07
2.27734e-05;0.00336951;0.000144273;0.000289124;0.0337942;0.0733397;3.28826e-05;0.00128995;5.70571e-05;0.000269976;0.000209331;0.708592;0.17464;0.00394945
0.00115183;0.252955;0.24777;0.000823092;0.000281024;0.000192273;0.404767;7.33859e-06;0.000127382;0.090455;0.000269421;0.000470062;0.00050626;0.000223723
2.47425e-09;8.57405e-11;1;5.59237e-09;3.30994e-11;1.36167e-11;1.18076e-08;8.49077e-12;8.33381e-08;5.81858e-10;9.40448e-08;7.22481e-09;1.92959e-11;3.04549e-12
7.57208e-05;0.851597;0.000131217;0.000103928;1.63677e-05;3.18268e-06;0.00445638;0.137456;0.00456332;0.000766895;0.000643441;3.05622e-06;0.00011486;6.8172e-05
1.43533e-11;2.54631e-10;1;1.77569e-10;1.4844e-11;5.72364e-12;1.71047e-10;2.76993e-13;9.39961e-11;3.14685e-11;3.25087e-10;4.85474e-10;4.94692e-13;5.03897e-11
4.21138e-05;0.714727;7.52757e-06;1.44603e-05;0.00054285;3.07918e-05;1.28069e-05;0.055773;7.98216e-05;2.30417e-06;0.00048561;0.0240522;0.204198;3.11647e-05
9.14026e-07;0.874659;2.7448e-06;1.53433e-06;4.99534e-05;1.26581e-05;6.44636e-08;0.00350164;3.02499e-08;9.84986e-08;1.50634e-07;0.057514;0.0639771;0.000280109
1.0617e-05;0.790795;2.27864e-06;3.18622e-05;9.00171e-05;3.27039e-06;1.8087e-06;0.2077;9.81458e-06;2.6681e-07;1.57247e-06;0.000213955;0.000180362;0.000958837
7.28904e-06;0.0253315;4.34818e-06;1.26065e-05;0.000351172;1.65686e-05;1.0299e-07;0.000332875;3.06821e-07;1.16779e-06;8.00746e-08;0.945525;0.02668;0.00173684
7.04164e-06;0.00399268;2.19274e-08;4.15257e-07;4.23916e-06;8.66514e-07;1.80242e-07;0.000157258;1.1783e-06;4.63397e-08;1.22871e-07;0.000961397;0.994873;1.92003e-06
7.33285e-05;0.229465;4.78394e-06;2.92701e-05;0.00032227;0.00587538;4.65535e-06;0.0034448;3.63295e-05;1.80316e-05;4.54298e-05;0.00291937;0.742642;0.0151195
5.03763e-05;0.00493871;0.970751;2.46387e-05;0.00165117;0.000134026;2.08098e-07;0.00115513;1.61607e-07;8.35318e-06;5.57791e-07;0.0203324;0.000175165;0.00077785
0.000104298;0.764397;6.48831e-07;2.5594e-05;5.66075e-05;7.36685e-05;0.127026;9.37124e-05;0.000105508;0.00416005;0.00206717;1.29652e-05;0.101399;0.000476769
1.65665e-07;2.01714e-07;0.999979;9.77591e-07;8.4097e-09;7.89449e-07;2.33053e-06;8.85862e-09;4.4635e-06;3.31362e-08;3.90248e-06;1.05371e-07;8.40924e-06;5.07383e-09
5.80557e-07;0.999819;8.43471e-05;4.76138e-06;4.57927e-08;5.54212e-09;3.26946e-07;1.18378e-05;4.33752e-08;5.08671e-08;3.41538e-07;4.4874e-05;3.36315e-05;2.80745e-07
4.05605e-05;0.23064;1.13352e-06;5.17722e-05;0.000426322;4.21561e-05;1.88463e-06;0.683206;2.84303e-05;2.58814e-06;0.000116273;0.00963152;0.0719344;0.00387745
1.18716e-05;0.6283;5.33316e-07;5.95109e-06;0.000139535;1.15496e-05;0.000256505;0.00141307;1.82868e-07;0.000147631;3.76489e-07;2.85955e-05;0.000344111;0.36934
1.02575e-10;2.56018e-11;1;1.65077e-10;3.29899e-10;2.45764e-11;4.5816e-10;5.02532e-12;1.17037e-10;5.18526e-12;8.83729e-11;9.23961e-10;5.06245e-12;1.94758e-11
4.60899e-07;0.987458;1.73018e-09;2.35393e-06;3.1588e-07;2.44056e-07;0.000362394;3.61907e-05;4.2307e-05;3.73982e-06;8.09526e-05;3.68947e-07;2.73563e-05;0.011985
6.0006e-05;0.0174127;8.01502e-07;4.62898e-05;9.83597e-08;3.28708e-07;0.147845;4.46603e-05;0.0509334;2.4573e-06;0.771176;3.69886e-05;0.0124414;2.99242e-07
3.04091e-06;0.227891;1.35309e-10;1.00574e-07;5.00325e-07;7.05194e-07;1.49017e-07;0.000192405;3.09593e-07;1.01888e-08;7.4867e-07;9.94103e-05;0.771655;0.000157429
5.54584e-07;0.00354426;2.18198e-05;3.39574e-07;0.000276732;1.70314e-06;1.40464e-09;0.0125296;7.65047e-08;3.36203e-08;1.81364e-08;0.976066;0.00720711;0.000352037
9.36126e-07;0.0585378;4.44649e-08;5.75149e-05;0.000163731;0.0369998;6.48982e-06;1.93791e-05;9.58724e-06;1.49796e-05;2.57123e-05;2.24719e-07;0.904031;0.000133182
0.000116291;0.000815792;0.882864;2.02584e-05;1.11385e-06;3.3659e-06;5.15772e-06;0.000252739;2.40817e-06;1.38295e-05;4.33023e-06;0.115668;0.000231527;9.52202e-07
1.97637e-05;0.942205;6.77303e-07;0.000182219;0.00010278;5.91255e-05;2.50123e-06;0.0519633;0.000714235;2.2684e-06;9.10231e-05;0.000417709;0.00353679;0.000702859
0.000113648;0.708234;3.61145e-05;0.000163091;0.000195883;7.34544e-06;2.96993e-06;0.244854;2.16138e-05;2.10725e-05;8.84335e-05;0.0009019;0.0452231;0.000137221
5.09246e-08;0.99984;1.70162e-10;3.55505e-07;6.23801e-09;5.83788e-08;3.91565e-05;4.46644e-07;1.97957e-08;8.89332e-05;2.54134e-08;6.17967e-11;8.76478e-07;2.98096e-05
1.93795e-11;3.63117e-11;1;7.79615e-11;9.96485e-12;1.63299e-12;1.22674e-10;4.14996e-13;1.89189e-12;1.94127e-11;5.62797e-12;2.36712e-10;2.8136e-12;3.96896e-13
0.000103494;0.418074;6.76812e-06;3.40351e-05;0.00151101;0.000952632;0.000589357;0.526056;0.000799952;7.17126e-05;0.00120108;0.00442576;0.0458834;0.000290899
1.00323e-05;0.831698;5.5141e-08;9.71761e-06;1.96555e-06;4.07958e-06;0.164468;4.89435e-05;1.20162e-05;0.0025296;0.000337289;2.35308e-06;0.000836102;4.19668e-05
3.97417e-08;3.5474e-08;0.999998;5.55801e-07;2.22592e-09;3.61636e-08;5.74451e-07;2.6886e-09;3.76445e-07;2.34191e-08;5.63522e-07;3.54401e-08;2.7714e-08;5.30188e-09
6.17916e-07;0.999943;3.63283e-08;4.50899e-06;1.15201e-08;7.74097e-10;2.42759e-07;1.90508e-05;1.41e-07;2.09261e-08;1.44768e-07;1.93692e-05;1.33892e-05;1.55722e-09
1.1056e-05;0.977217;1.09672e-06;1.05566e-05;8.30128e-07;8.40384e-07;8.24311e-07;0.00261178;1.2537e-06;2.88693e-06;5.23171e-06;0.000115847;0.0200191;1.52634e-06
9.97563e-08;0.188985;1.76454e-08;4.0504e-07;2.01516e-07;4.47891e-07;0.00125207;2.26953e-08;3.7262e-09;0.0020959;6.1771e-08;5.21539e-08;1.61577e-08;0.807666
1.63457e-09;2.14858e-10;1;3.08053e-09;9.47888e-10;9.54791e-10;1.3479e-08;2.41428e-09;6.13145e-09;1.64896e-09;3.3059e-09;2.06921e-07;8.8393e-12;1.43254e-11
0.000338948;0.0501884;8.68906e-07;0.000450813;0.000290348;0.000112411;0.0328327;0.613308;0.00975064;0.000285257;0.0601825;6.22269e-05;0.232133;6.40121e-05
4.05701e-05;0.331874;3.0102e-07;0.000458736;0.000200295;4.0382e-05;4.91304e-06;0.023354;0.00119845;1.54467e-06;0.0115761;0.433793;0.196909;0.000549092
1.27737e-05;0.41892;5.35794e-08;1.04719e-06;5.92774e-06;1.74904e-06;5.44936e-07;0.000216178;3.89013e-07;1.02344e-07;1.49655e-06;0.00345088;0.576895;0.000494351
3.42741e-05;0.450891;0.000118604;2.4398e-05;0.00191239;9.08835e-05;1.24695e-07;0.313372;1.00477e-05;6.11125e-07;4.26105e-06;0.150512;0.0820656;0.000963327
3.77881e-06;0.0593297;7.59606e-08;0.00035194;5.25516e-05;0.542406;1.22961e-05;9.01261e-06;4.66014e-05;0.00012286;4.23063e-05;1.64883e-05;0.395691;0.00191491
5.68082e-05;0.00239588;0.989424;7.1125e-05;1.1214e-05;7.37972e-05;8.92315e-07;4.89741e-06;3.40843e-07;1.87855e-05;7.31882e-07;0.00780117;3.12407e-05;0.000109091
1.90878e-05;0.798258;7.92043e-07;2.00774e-05;0.000206349;0.000758008;1.61089e-06;0.0490481;3.26635e-05;4.56106e-07;0.000123321;7.22393e-05;0.148092;0.00336781
4.91496e-07;0.999863;3.55355e-08;2.49084e-07;2.33214e-07;1.43927e-07;6.87785e-05;1.04693e-06;2.40075e-08;2.83451e-05;1.64948e-07;3.30959e-07;2.92944e-05;7.75426e-06
4.81842e-09;4.87128e-09;0.999999;1.72641e-07;4.17452e-09;7.54144e-09;1.84358e-07;1.93412e-09;4.90693e-08;8.83533e-09;1.19327e-07;1.34032e-07;4.93701e-10;3.37217e-10
9.65873e-07;0.984914;5.9776e-09;1.01674e-07;8.08984e-09;2.4605e-08;3.64537e-06;4.43325e-05;5.37008e-07;3.5776e-08;4.18503e-06;6.38312e-05;0.0149683;3.04151e-09
1.06548e-06;0.630071;1.99425e-05;3.39534e-05;2.8877e-06;1.68002e-05;2.43281e-05;0.352616;4.42285e-06;2.77664e-05;6.95531e-05;0.0152493;0.00185706;5.7217e-06
4.78547e-06;0.540225;2.06552e-05;0.00620292;0.0154358;0.310577;0.00092731;0.0314755;0.000138458;0.00306451;0.0237498;0.000117911;0.038822;0.0292382
0.000627808;0.00237966;1.00235e-05;2.10496e-05;1.24607e-06;3.17867e-07;0.00017624;0.991742;0.00177383;2.23314e-06;0.00198713;0.000719868;0.000558715;7.6552e-08
2.09714e-07;0.996975;9.0903e-10;5.42759e-06;0.000423008;6.86921e-07;2.36815e-08;0.00234013;4.41603e-08;1.64697e-06;2.18393e-08;1.189e-05;1.79886e-08;0.000242521
4.75802e-05;0.0178273;0.006629;0.000361382;0.00374672;0.00571756;4.30575e-07;0.000124825;3.06873e-08;0.000310878;1.80622e-06;0.961759;0.000162053;0.00331161
5.27051e-06;0.00496917;2.01855e-08;5.60736e-06;7.2366e-06;2.05505e-06;2.94604e-07;0.000475125;2.06754e-06;1.80818e-08;0.000208921;5.02311e-06;0.994315;3.85253e-06
2.27554e-05;0.000518793;5.56232e-05;0.000300934;5.67289e-05;7.1744e-06;2.2301e-07;0.000714615;5.19531e-06;1.85589e-06;0.000112696;0.99781;0.000388988;4.21404e-06
2.03522e-06;0.00136249;1.13318e-07;2.36319e-08;3.00634e-06;8.19075e-08;3.50414e-09;0.998622;2.83456e-09;1.74744e-08;2.30819e-08;7.8187e-07;7.3126e-06;2.39098e-06
1.30965e-06;0.934201;2.11173e-05;4.66646e-06;9.87851e-05;4.34882e-05;4.61944e-06;0.00100424;8.07682e-09;1.65353e-05;2.87924e-06;0.00236968;0.00340964;0.0588223
1.0369e-09;1.41586e-08;1;6.46814e-09;2.38882e-10;1.16787e-09;1.02446e-07;1.75667e-09;1.93643e-09;2.67691e-09;5.51734e-08;5.73892e-08;1.41007e-07;1.56034e-12
2.73204e-08;6.07147e-09;0.999911;3.52283e-07;9.23548e-07;5.17343e-08;1.22948e-07;2.51698e-05;1.18154e-07;1.01459e-08;3.23057e-07;6.0857e-05;2.71442e-08;6.15164e-07
1.34959e-07;1.23586e-05;2.29791e-07;5.4063e-08;0.00046213;0.00119927;3.91618e-10;7.18273e-06;9.91534e-08;3.419e-08;1.68951e-09;4.22584e-07;1.06748e-07;0.998318
3.79589e-05;0.00251601;3.01085e-08;9.05933e-07;6.74178e-05;3.63445e-06;2.10356e-07;0.992647;1.83827e-05;4.75862e-08;8.43546e-06;1.03069e-05;0.004685;4.9228e-06
6.92074e-06;0.995798;0.000251929;2.84926e-06;1.96885e-05;5.61127e-08;1.18626e-08;0.00309783;1.91147e-08;1.07212e-07;1.12697e-08;3.94786e-06;0.000816252;1.95872e-06
1.80432e-06;0.962202;5.47021e-08;5.92943e-06;1.0964e-07;6.5892e-08;1.41506e-06;0.0204031;7.73679e-07;2.96884e-06;7.86528e-06;0.00019697;0.0171757;8.45113e-07
6.77972e-06;0.0121812;3.97354e-06;0.00225816;0.000987677;0.00304138;3.6082e-05;0.000413272;1.56696e-05;0.000108643;0.00279668;0.0104655;0.967644;4.05787e-05
0.000290869;0.00290562;0.994369;0.0011084;2.43887e-05;6.36715e-07;1.37013e-05;4.13765e-05;1.80598e-05;5.56491e-05;0.000348648;0.000637614;2.46346e-05;0.000161211
0.00204432;0.022349;5.88955e-07;2.18569e-05;5.11863e-05;2.39359e-05;0.000334851;0.904923;0.0124689;2.24918e-05;0.00535624;2.52212e-05;0.0523765;1.97756e-06
7.63989e-05;0.00370739;2.98466e-08;1.27941e-05;1.543e-05;5.37129e-07;3.41434e-06;0.986719;0.000186979;3.03963e-07;0.000109794;6.45657e-06;0.00916138;2.89354e-08
4.63761e-05;0.99181;6.64661e-05;4.80861e-05;3.98818e-06;3.05492e-08;1.0601e-07;0.0065381;4.18517e-06;1.21247e-07;5.25094e-06;0.00118489;0.000287099;5.01615e-06
3.63871e-05;0.324158;3.21504e-07;3.23582e-05;1.84273e-05;1.56114e-05;1.87529e-06;0.242467;5.99858e-05;3.71678e-06;8.63274e-05;5.26369e-05;0.432416;0.000651292
2.89629e-07;0.999796;2.97581e-08;2.64469e-06;5.60421e-07;2.02823e-07;9.83782e-05;3.18574e-06;1.26371e-08;3.20995e-05;1.87999e-06;6.20046e-08;5.24752e-07;6.40949e-05
8.01155e-09;8.16568e-08;1;1.52489e-09;3.97028e-11;3.71689e-12;1.12897e-07;1.23287e-10;8.9222e-10;3.9549e-10;1.72835e-08;1.1619e-08;7.53205e-10;1.57395e-10
0.000218429;0.115572;2.37211e-06;0.000381226;0.000247129;0.000433428;0.00247246;0.0333753;0.163713;5.24223e-05;0.514786;0.00444098;0.164;0.000306215
2.2021e-05;0.0886968;5.63769e-08;3.83694e-05;0.00319555;2.36627e-06;2.19031e-05;0.899949;2.45589e-05;3.4291e-05;0.000234256;0.00720321;0.000164829;0.000412349
7.12351e-06;0.00326113;0.991048;7.76668e-05;0.000134684;4.69858e-06;9.28758e-07;2.99768e-07;5.27922e-08;4.92971e-06;4.55585e-06;0.00471642;0.000708316;3.11632e-05
4.21197e-05;0.808704;1.96992e-07;1.96283e-06;1.14496e-05;1.38684e-06;2.87508e-06;0.0480958;3.71156e-05;2.97905e-07;0.000911293;0.127108;0.0148362;0.000247822
1.32437e-06;0.00123024;1.09387e-08;3.24556e-07;0.217009;2.92712e-05;1.77346e-06;0.778962;1.80945e-05;3.31679e-06;1.99265e-05;7.67139e-05;0.00262435;2.35892e-05
1.38556e-05;3.57478e-05;0.999515;1.10312e-05;2.82096e-05;2.55884e-06;1.26633e-07;1.30182e-06;2.66283e-07;8.54075e-07;2.22358e-06;0.000264153;0.000123199;1.33684e-06
0.00270812;0.0679677;8.24367e-07;1.43374e-06;1.07773e-05;4.65896e-06;2.23722e-05;0.925357;0.00106051;4.29892e-06;0.00109111;0.000175481;0.001556;3.99909e-05
2.38892e-05;0.00178647;1.16707e-07;4.45448e-06;9.01922e-07;6.25373e-07;4.14847e-06;0.854569;0.000442585;2.55573e-07;0.000501741;7.99051e-05;0.142586;1.3655e-07
3.48141e-05;0.895376;1.00868e-07;2.39205e-06;8.28028e-07;2.76117e-07;1.16155e-06;0.103011;0.000409226;2.99608e-07;0.000181629;0.000277864;0.000662304;4.18272e-05
6.51012e-06;0.951575;4.86627e-07;8.00001e-08;2.77773e-07;2.88213e-07;6.02412e-08;0.000294549;1.32278e-07;5.49709e-08;3.25724e-07;0.000856895;0.0468299;0.000435967
6.27309e-07;0.602784;1.33048e-05;7.6326e-07;9.18893e-06;3.54924e-06;1.18106e-07;0.00335426;9.67107e-08;1.76586e-07;1.66678e-06;0.39037;0.00110632;0.00235582
4.95011e-07;0.00222063;2.97667e-07;2.51339e-06;0.148249;0.00916847;9.48659e-06;0.00685666;3.61438e-07;1.44417e-05;2.15294e-06;0.000144692;0.00933304;0.823998
2.38975e-05;0.0172586;1.06177e-05;1.39959e-06;3.70829e-07;6.20022e-05;8.44478e-06;5.80421e-06;6.33468e-05;5.93287e-07;2.11395e-05;0.000114254;0.982429;2.83609e-07
3.4146e-05;0.0264614;0.972122;1.52028e-05;2.92837e-05;2.80221e-07;2.65019e-05;1.12858e-05;9.0395e-07;0.000258758;2.53851e-07;0.00102926;3.55184e-06;7.61157e-06
2.17838e-07;4.45275e-07;0.999979;1.82107e-06;1.22836e-07;3.50836e-09;1.16326e-06;8.76114e-09;4.64835e-06;4.33968e-08;6.67945e-06;5.46074e-06;1.14464e-08;1.88284e-09
2.3972e-07;0.999493;3.20116e-07;3.23677e-08;2.98566e-09;3.2291e-09;1.57638e-07;3.90455e-05;5.10076e-08;9.89421e-08;3.08552e-07;0.000144194;0.000319891;2.80004e-06
1.75132e-06;0.0152224;7.65159e-07;1.99099e-05;1.80801e-05;1.35231e-06;0.0144229;0.00117365;1.79867e-05;0.0128819;8.3086e-05;0.000131683;3.20346e-07;0.956024
8.88861e-08;5.71644e-06;0.999988;2.3494e-07;1.74686e-09;5.5577e-09;3.47216e-07;1.15292e-06;3.22038e-07;4.87813e-09;1.34659e-06;1.88538e-06;8.73196e-07;2.12149e-10
2.63376e-07;0.999741;2.13036e-05;2.46804e-07;1.9877e-07;2.13242e-08;1.30524e-08;1.6834e-06;1.71281e-09;1.06253e-07;3.62351e-09;3.76423e-07;0.000230549;4.44815e-06
1.60678e-07;0.00292722;1.32917e-08;1.83545e-10;1.83723e-09;2.71648e-10;5.64702e-07;2.79692e-09;1.8711e-08;1.19705e-09;2.03114e-09;0.997024;4.79095e-05;7.28963e-09
2.15026e-07;7.86967e-05;7.40705e-10;3.17763e-09;0.000242555;7.85836e-08;4.42808e-08;0.999655;4.05949e-07;8.20824e-10;2.22099e-09;1.29665e-05;9.68399e-06;1.95065e-08
7.64257e-05;0.85843;0.130233;2.12667e-06;0.00107969;0.000613786;1.04022e-06;0.00364979;2.4227e-08;1.44278e-05;5.9179e-10;1.16059e-07;0.00460463;0.00129469
2.20206e-08;1.45073e-10;0.999998;7.24931e-10;2.15468e-10;4.07293e-10;6.45951e-10;4.44202e-10;6.9455e-09;6.88242e-11;6.70623e-10;2.48878e-06;3.42203e-10;1.26211e-09
1.07768e-07;3.95438e-06;0.999205;1.03596e-06;1.88691e-06;3.49273e-07;3.34821e-08;0.000462776;1.60026e-06;4.8614e-09;1.58463e-07;0.000311223;1.39445e-07;1.22071e-05
2.82473e-08;0.000316354;0.000442709;4.74726e-07;2.09021e-05;0.0019699;1.1965e-09;1.9749e-06;1.05847e-07;5.82982e-08;3.66134e-08;5.01032e-06;5.85453e-07;0.997242
1.10744e-08;0.000366433;7.31206e-10;4.74518e-09;7.18659e-08;3.01765e-06;4.85453e-10;6.11088e-05;9.95617e-10;2.1372e-10;7.7223e-07;4.76295e-06;0.999564;1.62816e-07
3.0939e-08;0.00199479;1.53921e-09;4.26385e-08;2.77185e-05;5.25321e-06;7.73286e-09;0.997741;2.58465e-07;8.42353e-09;1.07474e-06;4.61488e-07;0.000227401;2.18713e-06
1.33298e-07;0.993788;1.33184e-08;4.78919e-08;1.19356e-08;2.83961e-09;7.71355e-08;4.28457e-07;2.44588e-09;1.63093e-08;4.28906e-07;0.00308174;0.00312887;3.59114e-09
9.01278e-05;0.010472;0.000877892;4.77274e-06;0.00158614;3.87426e-06;4.64947e-07;0.000290109;2.60769e-06;2.62947e-06;1.12056e-05;0.986454;0.000131903;7.26042e-05
7.1647e-06;0.00464187;2.28902e-06;1.71262e-07;2.54739e-06;1.17888e-06;1.93544e-06;0.993331;5.44599e-05;1.55156e-07;4.56666e-06;8.99212e-06;0.00194075;2.98359e-06
2.52087e-06;6.87029e-06;2.54357e-08;2.46909e-07;1.06244e-05;1.29929e-07;1.19823e-08;0.999804;5.94592e-06;1.91037e-09;1.19072e-06;2.41562e-06;0.000165595;3.50666e-08
6.41647e-06;0.999477;0.000207216;1.15921e-06;1.28307e-07;1.61716e-08;4.74332e-07;0.000122083;1.61733e-08;1.85617e-06;8.33635e-09;1.03398e-07;0.000178868;4.35216e-06
1.91735e-07;5.42655e-07;0.999986;5.9758e-07;3.85304e-10;2.97772e-09;6.8978e-07;5.14957e-08;5.14179e-07;1.14969e-07;1.15781e-06;8.22854e-06;2.00613e-06;7.6043e-10
3.81875e-10;1.14277e-09;0.999981;6.96421e-08;1.38526e-08;4.45402e-09;6.69069e-11;2.93482e-06;1.42436e-09;4.43789e-10;1.536e-09;1.5281e-05;2.75729e-11;3.76211e-07
1.6598e-08;8.49925e-05;1.03242e-07;2.09627e-08;7.0067e-06;0.000397227;1.51694e-10;5.62241e-07;1.38142e-09;4.90798e-09;2.64722e-09;3.89515e-09;5.31183e-06;0.999505
6.95288e-07;5.8074e-05;1.03759e-08;3.75162e-09;1.42683e-07;3.24383e-07;2.942e-10;0.000188509;1.41881e-09;2.80514e-10;7.8531e-07;0.000103946;0.999647;8.16162e-08
3.54312e-07;0.999058;1.20977e-08;6.73805e-08;4.75356e-08;7.81045e-08;4.38603e-05;1.60415e-06;6.43013e-09;9.67246e-05;6.21174e-09;6.25869e-09;8.02172e-09;0.000799293
2.44525e-11;7.43441e-11;1;1.14238e-10;1.36173e-11;3.73568e-13;2.36907e-11;1.11132e-11;2.69681e-12;2.0613e-11;4.31121e-11;2.04e-09;7.36598e-14;2.10317e-12
3.44667e-06;0.974232;8.6803e-06;3.55403e-06;6.18149e-06;3.82158e-05;2.898e-07;0.000512157;3.5915e-09;4.214e-06;1.50078e-07;4.23696e-06;0.0251263;6.06987e-05
4.63873e-08;3.69284e-05;3.51077e-06;1.33941e-08;2.79994e-07;2.34259e-08;4.5132e-11;0.00019562;8.56242e-10;7.81788e-11;1.45934e-08;0.999755;3.36989e-06;5.28179e-06
2.17306e-07;0.00734806;4.81043e-08;3.2796e-07;0.00208603;3.33682e-05;9.54427e-08;0.990167;1.83838e-08;4.29753e-08;5.32902e-08;8.58353e-06;0.000327352;2.87804e-05
1.1591e-06;0.00184959;0.997782;2.86373e-06;2.44841e-05;6.48705e-05;4.4286e-07;1.08082e-05;4.70047e-10;1.33436e-05;2.18736e-09;2.01953e-08;0.00019326;5.74068e-05
6.69154e-09;2.93174e-10;0.999999;2.94176e-09;9.63366e-12;1.72776e-11;1.42461e-08;4.22615e-10;7.07249e-09;5.12141e-10;3.70724e-08;6.40037e-07;1.61362e-10;6.35517e-11
3.43003e-08;6.45793e-05;0.000207443;2.69887e-06;2.42164e-07;5.56915e-08;4.40733e-08;0.000348291;1.56197e-06;1.84585e-08;2.8375e-06;0.999369;1.48498e-06;1.22922e-06
1.88136e-07;0.986723;4.88215e-11;4.52025e-06;2.73191e-07;3.35207e-05;3.46234e-06;0.000847709;2.55374e-06;5.01278e-07;0.000186851;2.18002e-07;0.0121934;3.30414e-06
1.15777e-08;5.44631e-05;7.40932e-05;3.41225e-08;4.29186e-06;2.63406e-08;2.88018e-11;2.41688e-06;3.33073e-11;2.57047e-10;5.79704e-09;0.999863;3.02417e-07;1.32925e-06
1.58137e-05;0.856678;4.76298e-06;1.42208e-06;1.04167e-05;0.000230869;0.000219235;0.0111577;1.58931e-05;5.6449e-06;1.11664e-06;6.95181e-09;0.131658;1.65156e-06
1.84011e-08;5.03765e-08;0.999999;1.06498e-08;1.46407e-09;2.74736e-09;3.42057e-10;8.81261e-08;6.11204e-09;9.28188e-10;7.69637e-10;7.96121e-07;1.52757e-07;7.66272e-11
7.50874e-08;0.000367914;0.000410503;1.35305e-05;2.73246e-06;2.87422e-06;8.00479e-10;5.09662e-05;2.27717e-06;3.51843e-08;2.14139e-07;0.99909;5.45005e-05;4.24903e-06
3.74606e-06;0.99609;7.79391e-11;3.20054e-06;3.42665e-06;2.22325e-05;3.81092e-06;0.00125031;4.66328e-07;6.24222e-05;8.60751e-07;8.98967e-10;0.000303615;0.00225629
2.98578e-12;1.91322e-13;1;1.07702e-12;1.39994e-12;7.95534e-15;7.15009e-14;3.1049e-14;2.33429e-14;7.51235e-14;6.34977e-13;3.40886e-08;1.21852e-15;4.1384e-14
1.11745e-05;0.00164869;4.33238e-06;2.26819e-06;0.00267648;6.66121e-07;5.60398e-10;0.96888;1.87136e-06;6.97846e-09;8.72581e-07;0.0197704;1.90021e-05;0.0069838
2.10371e-07;0.000817905;1.63097e-10;4.57174e-09;0.00079929;2.06667e-08;1.65272e-11;0.998366;5.74508e-09;3.95976e-09;3.32649e-10;2.43897e-09;1.56963e-05;3.58847e-07
6.98391e-07;0.000181584;0.999567;2.70607e-06;1.77789e-05;3.61096e-06;3.69167e-10;3.28108e-07;1.22411e-09;6.9525e-06;1.58031e-09;0.000213783;1.82572e-06;4.09993e-06
2.67747e-05;0.972188;0.000670395;0.000110217;1.7824e-05;2.58561e-06;1.91858e-05;0.0215999;0.0012109;3.6763e-06;0.000633348;0.000849467;0.000448541;0.00221953
