9.64937e-07;0.998978;2.95925e-09;3.42721e-07;1.3301e-06;1.34499e-06;3.23486e-05;0.000183463;1.29223e-07;3.08716e-05;5.40848e-08;3.85628e-09;0.000722397;4.81155e-05
7.15661e-11;3.21507e-12;0.999998;1.46636e-09;2.46758e-09;1.01746e-09;1.7058e-11;1.23542e-11;5.36973e-12;1.02057e-10;2.08444e-11;1.97426e-06;7.97406e-12;3.9491e-10
9.63311e-07;0.953493;7.40659e-09;5.69265e-07;3.15032e-06;1.1203e-06;2.86674e-06;0.00423062;9.44666e-06;9.89061e-09;2.7216e-05;0.000182474;0.0420485;7.68066e-08
2.36411e-06;0.993888;0.000823827;2.00123e-06;6.86871e-07;1.07769e-06;0.00294395;1.04507e-06;1.17043e-07;0.00231281;1.87533e-06;2.57222e-06;2.16791e-07;1.93721e-05
7.81513e-11;1.19226e-11;1;4.17884e-11;7.86548e-12;9.11773e-12;3.055e-09;8.55356e-12;1.54159e-09;5.8077e-12;6.98096e-09;2.65625e-07;3.57483e-12;6.50248e-14
2.24479e-09;0.000118742;0.999847;9.56953e-10;4.19322e-09;1.28495e-09;3.72449e-08;3.67559e-07;8.72396e-10;8.52546e-10;9.18364e-09;6.09153e-08;3.3415e-05;3.46077e-10
3.1886e-06;0.859039;1.18316e-05;5.76849e-06;0.000361106;0.0352681;0.000146503;7.18391e-05;0.000619153;3.1231e-06;0.0173759;0.00178609;0.0693731;0.0159357
0.000119195;0.0621315;3.8092e-05;2.55477e-05;0.00101906;0.121807;7.56825e-06;0.00486104;0.000372797;4.02534e-06;0.000693763;0.100227;0.699632;0.00906089
1.13644e-06;0.0361904;2.62234e-08;3.85549e-10;1.12426e-08;1.18355e-06;1.25376e-09;1.74904e-05;2.79827e-09;2.64663e-10;2.1115e-10;2.79088e-05;0.963762;6.28309e-09
1.29081e-07;0.252499;9.43427e-07;5.6444e-06;0.000997491;0.00021325;6.109e-10;1.51818e-05;2.94839e-08;3.15701e-07;9.77689e-09;0.038676;0.000440656;0.707152
3.49116e-07;0.0105712;6.32843e-07;5.33625e-07;0.0972828;2.29304e-05;6.77661e-08;0.891503;1.7705e-07;3.07005e-07;8.28717e-07;0.000107211;0.000363457;0.000146377
2.32218e-06;0.112691;1.14413e-05;5.68673e-06;0.000353501;0.00795387;1.14136e-07;0.0150426;2.13286e-07;9.49052e-06;3.73903e-06;0.270224;0.593684;1.85051e-05
7.83042e-06;0.000762591;5.64278e-07;1.24179e-06;4.85909e-06;6.45988e-06;1.10376e-07;0.0559327;1.4233e-06;2.32485e-08;2.58668e-06;1.75308e-05;0.94326;1.92798e-06
1.14651e-05;0.000502065;1.97531e-05;1.59166e-06;2.06489e-06;1.33221e-06;1.40622e-07;0.000271016;1.54449e-05;3.21904e-07;3.08195e-06;0.998023;0.00113361;1.51682e-05
7.84685e-06;0.0198936;2.43946e-06;3.53463e-06;7.27394e-05;2.16378e-05;1.53271e-05;0.978081;0.00069923;2.27995e-06;0.000846425;5.73274e-05;0.00028833;8.65973e-06
2.76162e-06;0.975632;3.46083e-07;6.49016e-07;1.14364e-07;1.6171e-07;1.28115e-06;6.43019e-05;1.44714e-07;7.57172e-07;8.60639e-06;0.0211577;0.00313103;6.06009e-08
0.000511285;0.873266;2.88168e-06;1.35869e-05;1.08508e-05;2.30037e-06;4.80577e-05;0.0114987;0.000163106;8.6447e-06;0.00374795;0.104091;0.00621604;0.000419421
1.42308e-06;0.999917;4.27981e-09;2.81284e-09;9.41169e-10;1.72666e-11;7.93536e-05;5.65883e-08;5.0652e-08;1.72036e-06;1.4979e-08;4.42215e-10;1.3129e-09;6.6746e-07
6.88908e-09;3.77064e-11;1;4.46271e-11;6.57581e-09;1.9784e-13;7.883e-10;1.46129e-08;5.52859e-09;2.43249e-11;3.62371e-11;2.04967e-08;3.08438e-13;1.71373e-12
1.46287e-06;0.000275572;1.91508e-06;1.83309e-07;1.30324e-05;1.29443e-05;1.36656e-07;0.993029;0.000118104;2.10563e-07;3.25446e-07;5.68606e-06;0.00654171;3.98341e-08
2.62699e-07;5.26727e-05;5.93778e-10;1.40689e-07;4.36889e-07;2.43137e-07;3.01992e-09;0.999303;2.37344e-06;2.77766e-09;1.55867e-07;2.85273e-08;0.00064014;9.39031e-07
1.36238e-05;0.000303426;7.57457e-06;5.23227e-06;3.37774e-07;7.99823e-08;6.84724e-07;1.09619e-05;1.99966e-05;5.13292e-07;5.5726e-06;0.99955;6.87926e-05;1.28222e-05
6.38229e-05;0.97455;2.27386e-05;3.4044e-05;2.14904e-05;3.08866e-06;0.000130876;0.00946139;0.000242168;1.94548e-06;0.000814058;0.000764196;0.0138238;6.64671e-05
1.54263e-06;0.969193;4.94102e-10;8.65536e-07;8.33701e-06;5.37933e-06;5.17866e-08;0.0136517;2.31817e-07;3.82926e-07;1.64499e-06;0.00531594;0.0110412;0.000779677
9.914e-06;0.0676665;2.43595e-06;3.28707e-07;2.98959e-05;2.16445e-05;0.000515926;2.38803e-05;9.264e-08;0.000756131;1.00104e-06;2.01824e-06;1.8548e-05;0.930952
1.78773e-07;2.96016e-08;0.999998;3.98075e-09;1.26556e-08;1.27267e-08;1.20221e-07;7.24691e-09;2.98452e-07;2.36774e-09;4.36391e-07;1.19049e-06;2.54295e-10;5.78718e-09
4.77821e-08;0.999977;1.52624e-09;9.8952e-12;1.97222e-11;1.08699e-11;3.76519e-08;1.98733e-08;2.85475e-09;5.31111e-11;4.48243e-09;3.47609e-07;2.30029e-05;4.96198e-11
1.02692e-07;0.054327;4.60203e-06;1.94336e-06;0.000220308;2.39757e-05;7.66005e-09;0.00361364;9.73898e-07;6.70481e-07;9.25452e-07;0.90101;9.21893e-06;0.0407868
2.78786e-07;0.730678;1.46389e-07;6.0555e-07;0.000133524;6.18044e-05;7.5364e-08;0.267982;2.1031e-06;3.63796e-07;7.83798e-06;6.6125e-05;0.000597932;0.000469047
2.42901e-08;0.983731;6.71982e-09;8.88504e-10;4.87024e-09;3.76539e-07;1.72812e-09;2.16101e-06;6.7889e-11;5.86359e-09;4.31759e-10;0.00592865;0.0103381;5.0474e-08
1.51765e-06;0.000220162;3.20726e-07;5.41515e-07;4.79303e-06;4.72269e-06;1.69582e-08;0.00148769;2.1935e-07;1.31914e-08;1.51344e-06;0.0014455;0.996829;4.30412e-06
0.000432062;0.00214525;0.00157256;7.93494e-05;0.000271811;0.000122929;1.02308e-05;0.00887171;0.00434808;1.19497e-05;0.000483837;0.953411;0.0281721;6.74769e-05
2.88153e-05;0.0667906;3.82953e-06;1.42331e-05;0.00032435;8.73324e-05;4.16837e-05;0.927027;0.00338608;8.88265e-06;0.00157061;7.45314e-05;0.000627841;1.47785e-05
1.38371e-05;0.9413;9.2786e-07;2.37802e-06;3.86331e-07;1.39435e-07;7.23289e-06;9.19757e-05;1.46573e-06;1.57119e-06;5.50225e-05;0.0563921;0.00213277;7.11942e-08
0.000524832;0.919756;2.88917e-06;1.85256e-05;8.74947e-06;1.4927e-06;4.6054e-05;0.0166008;0.000382248;6.51101e-06;0.00459391;0.0546457;0.00330698;0.000105779
5.85123e-07;0.999934;5.74359e-09;1.38091e-09;1.56828e-09;3.46882e-11;6.29833e-05;1.89406e-08;9.73737e-09;1.80845e-06;2.46071e-09;8.37036e-11;4.25396e-10;9.13986e-07
2.65313e-09;2.17802e-11;1;2.33781e-11;5.56022e-09;2.81466e-13;4.45936e-10;1.63036e-09;8.31542e-10;1.85125e-11;6.20994e-12;1.12144e-08;3.91908e-13;1.23054e-12
2.44185e-06;0.000630837;1.76218e-06;6.31907e-07;2.83807e-05;0.000130909;1.8611e-07;0.963003;0.00017757;6.55366e-07;5.30167e-07;2.78884e-05;0.0359942;5.74748e-07
5.71934e-07;9.31282e-05;2.96098e-09;7.81694e-07;9.27688e-07;6.04805e-07;8.47877e-09;0.997385;8.11618e-06;4.52697e-09;4.63785e-07;4.29595e-08;0.00250706;3.85304e-06
7.9335e-06;0.000129324;5.63685e-07;1.76971e-06;4.36801e-07;1.83753e-08;4.97223e-08;3.0971e-05;7.28813e-05;5.19921e-08;5.57816e-06;0.99971;3.95577e-05;1.1117e-06
5.80885e-06;0.989385;4.67444e-08;6.5417e-07;1.59096e-06;1.21755e-06;0.000174046;0.00298618;4.96338e-06;2.22361e-05;4.50526e-06;6.55911e-08;0.00741065;3.59519e-06
2.16218e-10;4.40133e-12;0.999978;1.32637e-08;2.87273e-08;2.94521e-09;2.69074e-10;8.81415e-10;2.57432e-11;9.47652e-10;2.42784e-10;2.15406e-05;4.77107e-12;2.10106e-08
5.68235e-07;0.774089;7.11471e-11;2.25115e-06;4.13349e-07;1.9813e-06;9.17003e-06;0.00253587;1.63539e-05;1.40345e-08;0.000173581;0.000103349;0.223067;9.16785e-08
3.1281e-07;0.999747;1.23419e-07;3.07527e-08;1.03456e-10;2.75749e-10;1.00854e-05;1.35882e-06;2.02301e-07;4.85492e-09;2.94099e-06;7.47993e-06;0.00023087;9.14008e-12
1.07882e-06;0.909743;1.28169e-09;9.86353e-06;0.00017431;6.97707e-05;1.87246e-07;0.000234773;3.45277e-06;8.92536e-07;9.4315e-06;0.0793239;0.00123077;0.00919827
0.000328375;0.0102278;5.90658e-05;3.30705e-05;0.000209581;0.000216769;2.63056e-06;0.0038648;0.00014651;8.06524e-06;0.00012781;0.98314;0.00118473;0.000450967
9.48819e-06;0.902306;5.51537e-08;9.11991e-09;3.04326e-08;5.93346e-08;9.60446e-08;1.00404e-06;4.16136e-08;3.54514e-09;9.84003e-08;0.0158146;0.0818684;7.10948e-08
3.87144e-05;0.0190265;1.72973e-05;0.000178328;0.00362702;0.00306262;8.87944e-06;0.00510556;8.24126e-05;4.6936e-05;7.7109e-06;0.0780215;0.882306;0.00847095
0.000950571;0.180487;0.0119574;0.0662902;0.166019;0.106216;4.86522e-05;0.130198;0.0018589;0.000239152;0.0143963;0.0702039;0.162264;0.0888696
3.84844e-05;0.73;4.57129e-07;1.09967e-06;1.56641e-07;9.0698e-05;6.50914e-08;0.0151498;2.85295e-08;3.31162e-07;5.51266e-07;0.00968258;0.244964;7.13511e-05
1.00421e-06;0.0018983;2.36054e-07;1.19426e-06;1.45936e-06;8.54057e-06;8.33046e-09;0.00015497;1.75217e-07;1.59884e-08;6.23895e-06;3.92736e-05;0.997888;9.24301e-07
7.31066e-05;0.0149407;3.40179e-07;1.43712e-05;2.69049e-05;2.81842e-06;9.33689e-08;0.0016923;4.07058e-05;9.90266e-07;0.000101296;0.980541;0.00255865;6.73506e-06
1.72707e-05;0.000139196;1.79287e-08;3.67056e-09;6.07469e-07;7.83049e-08;5.07443e-09;0.999804;7.67368e-07;7.77067e-09;1.66647e-08;3.12649e-05;6.42007e-06;6.79763e-08
7.50622e-08;1.29955e-05;9.06703e-08;7.00274e-05;0.98487;0.000199903;4.40825e-08;0.00032161;9.6277e-06;2.33086e-06;2.5838e-05;0.0138467;1.20483e-06;0.000639923
2.47351e-06;0.0200247;0.979514;7.49612e-05;5.13981e-06;2.48977e-06;7.86478e-07;2.79005e-07;5.05406e-08;1.46801e-06;2.50422e-05;4.21978e-07;0.000336247;1.20392e-05
2.63634e-06;0.962983;2.67687e-08;9.19146e-09;3.85089e-09;1.7042e-08;7.09402e-06;2.38803e-06;4.45508e-07;2.48059e-08;2.26266e-05;0.00950277;0.0274789;6.13122e-09
3.04779e-06;0.00609942;9.93029e-05;6.22596e-07;8.68637e-06;1.78331e-07;3.47195e-07;0.465139;5.0592e-06;1.01991e-07;7.68246e-05;0.528194;0.000373726;1.83821e-08
4.97963e-06;0.909304;5.19291e-07;0.000106287;0.00690263;0.00117703;1.24525e-08;0.00191732;1.73654e-06;7.26305e-07;1.18192e-05;0.0121319;0.0578568;0.0105843
2.22908e-05;0.00334255;3.18848e-07;4.87234e-07;1.39616e-07;2.32431e-07;7.07978e-09;0.000833972;4.81616e-06;2.05146e-08;2.15306e-06;0.0143572;0.981436;2.86442e-07
7.66199e-06;0.998829;1.97232e-05;5.80079e-06;6.37e-05;6.23261e-08;2.20472e-07;0.000779979;1.25404e-06;5.68187e-06;1.38988e-06;0.000197705;1.39635e-05;7.37217e-05
1.11987e-05;0.0493616;0.0013399;0.000532161;0.0647136;0.00140597;4.78253e-07;0.000343236;1.10299e-06;4.02954e-05;4.16166e-05;0.877233;0.00297158;0.00200388
2.38003e-05;0.175849;4.74381e-06;2.43333e-06;0.00126781;0.000363769;0.000574949;0.704388;9.92043e-06;2.30289e-05;1.74365e-05;3.55135e-06;0.117415;5.61366e-05
1.77663e-10;2.7591e-12;1;2.00035e-10;3.78747e-11;3.9819e-11;7.10803e-09;1.05938e-11;5.75522e-11;8.33409e-11;1.1722e-09;6.16301e-09;9.06916e-11;1.22712e-12
1.04051e-06;7.9782e-05;0.999788;1.11143e-06;4.12019e-06;2.57427e-06;1.84813e-07;8.56866e-05;3.4137e-06;8.73169e-09;1.80329e-06;1.09605e-05;1.8829e-05;2.85057e-06
4.92997e-06;0.00816684;2.60223e-06;1.42721e-06;0.00100559;0.000729399;4.16974e-07;0.000109233;1.71488e-05;2.16219e-06;2.20983e-05;0.000223775;0.000172694;0.989542
8.25698e-06;0.998255;3.75204e-07;1.07293e-07;1.70584e-05;1.70393e-06;0.000462848;4.98411e-05;3.77403e-08;0.000273757;9.90386e-08;7.92775e-08;6.65917e-05;0.000864071
2.39074e-10;5.49526e-11;1;2.27906e-11;7.25223e-11;9.05343e-12;3.79201e-12;6.39425e-12;1.52751e-10;4.13219e-12;1.10047e-11;2.07799e-10;3.27832e-12;5.70787e-13
1.98001e-08;0.999996;9.44832e-09;1.81637e-08;6.58975e-08;4.63099e-10;5.82275e-08;1.95669e-06;1.86234e-10;1.40814e-07;2.67031e-11;1.00766e-08;3.30404e-08;1.72897e-06
2.76134e-11;1.15605e-10;1;7.03667e-11;7.04646e-12;8.15791e-13;2.15785e-11;3.30131e-11;3.1927e-12;3.37659e-11;3.64948e-12;6.69638e-08;2.18527e-11;5.67426e-12
3.35151e-05;0.000461652;1.08566e-05;0.000926172;0.000463184;0.000470112;4.2449e-05;0.895869;0.0599412;4.71806e-05;0.012177;0.00723362;0.00966175;0.0126624
1.45108e-07;0.999433;2.38096e-05;3.05333e-07;4.9408e-08;2.13811e-08;1.77697e-07;1.23115e-05;1.27038e-09;1.32496e-07;9.34722e-09;1.97274e-08;0.000530024;5.00745e-08
2.68998e-09;6.77658e-08;0.999991;6.90049e-09;2.98371e-10;3.74685e-10;2.0858e-09;1.07943e-09;5.00574e-10;2.57695e-09;4.77068e-10;9.22072e-06;7.806e-09;1.91562e-09
7.27817e-09;5.0175e-07;4.14813e-05;5.41072e-07;3.78219e-07;7.29506e-07;2.17678e-09;6.06898e-06;2.47427e-06;1.58171e-08;4.72104e-07;0.999932;5.10685e-09;1.55082e-05
6.673e-08;0.99389;2.05088e-08;4.44379e-10;2.71162e-09;9.99568e-07;2.34807e-08;2.1161e-07;1.25668e-09;5.87568e-10;2.26353e-09;1.36657e-07;0.0061084;1.82539e-07
3.29159e-09;5.26725e-06;2.17466e-06;1.6846e-08;1.84541e-05;2.32489e-06;2.59866e-11;2.24932e-06;3.85692e-09;2.86526e-10;3.63686e-09;0.999964;1.85083e-06;3.22012e-06
1.23723e-06;0.0357462;2.83008e-08;8.39834e-07;3.59633e-06;9.24537e-06;4.77407e-09;0.963275;6.21513e-06;2.51362e-09;1.87759e-07;1.12107e-06;0.00095557;3.86062e-07
1.08245e-07;0.999861;4.1006e-07;2.40232e-07;3.74567e-08;6.79028e-09;1.13842e-10;5.69799e-05;8.33823e-11;6.14421e-09;1.42409e-11;2.41376e-05;5.67928e-05;1.18929e-08
5.76703e-08;0.997741;1.06746e-10;4.22616e-09;3.71815e-11;8.26702e-10;5.4055e-08;1.03591e-06;3.33992e-10;2.86136e-09;1.62899e-09;7.4512e-05;0.00218368;2.3255e-10
6.99802e-07;0.00102172;2.91923e-05;3.02634e-06;3.15768e-06;5.3778e-07;4.25928e-07;0.00621681;3.45035e-06;5.68103e-08;1.91698e-05;0.992689;1.28151e-05;5.56339e-08
3.92809e-06;0.960302;1.88468e-08;0.000343092;0.00232872;0.000791284;8.8952e-07;0.00101459;0.000175891;5.39683e-07;0.000527839;0.000559155;0.0268644;0.00708753
0.00138908;0.0580748;4.51005e-06;2.20911e-05;3.97081e-06;1.20879e-06;6.3595e-06;0.130786;0.00043973;2.76134e-06;0.00106931;0.051854;0.756342;4.84219e-06
0.00010755;0.987911;2.09974e-06;1.07554e-05;4.3161e-05;1.24297e-05;0.000236758;0.00474103;4.97447e-06;0.000908487;4.7603e-06;1.96964e-08;0.00245834;0.00355862
3.66291e-09;6.56716e-10;0.999999;1.19976e-08;1.38329e-08;1.54584e-10;1.5398e-09;1.34077e-11;1.84471e-09;1.29791e-08;8.48116e-09;5.84195e-07;5.31599e-13;5.84859e-09
2.28045e-05;0.0641661;1.67778e-08;4.18279e-07;1.87111e-06;8.70675e-07;2.29978e-06;0.000301034;6.83153e-05;1.10417e-07;2.9278e-05;2.8495e-07;0.934361;0.00104579
1.2176e-05;0.181636;0.000699871;2.11921e-06;0.000491861;6.97847e-05;5.14381e-06;0.269211;3.19841e-05;5.9495e-06;2.46523e-05;0.386449;0.128936;0.0324243
3.19949e-06;0.0160284;3.4679e-08;6.73506e-05;0.0140496;0.207632;0.000224159;0.00108325;4.01004e-05;0.000369461;0.000135746;2.23542e-05;0.732281;0.0280638
0.000143924;0.000449403;0.953961;1.89693e-05;1.31081e-05;3.69995e-06;1.24776e-06;0.000234798;6.18504e-06;4.87875e-06;1.86428e-06;0.0434146;0.00172682;1.96514e-05
1.95608e-05;0.98075;1.42917e-07;0.000207355;5.72103e-05;4.45192e-06;6.64189e-06;0.0170305;0.000667852;1.25906e-06;8.18789e-05;4.50902e-06;0.000312066;0.000856613
1.00796e-06;0.999682;6.35751e-06;3.16618e-06;5.08323e-07;3.77413e-09;7.46473e-09;3.82831e-05;1.40708e-08;6.39687e-08;5.37861e-08;9.37889e-05;0.000169223;5.5624e-06
3.44022e-07;0.999904;3.12538e-10;2.88716e-08;1.75686e-09;1.45767e-09;4.60501e-05;6.23715e-06;1.68065e-09;8.8719e-06;1.10496e-08;3.71834e-09;1.67939e-05;1.80586e-05
1.10998e-11;1.74896e-12;1;3.71215e-11;9.06918e-11;7.31538e-11;1.33354e-11;4.22153e-13;1.08295e-12;1.23354e-11;3.69529e-12;1.51588e-07;8.32938e-15;8.60236e-11
3.49793e-08;0.000899057;2.81638e-11;4.8649e-09;3.61444e-08;1.00505e-08;1.92927e-06;5.59204e-05;1.42798e-07;3.10078e-09;9.8012e-08;3.8988e-11;0.999043;2.82377e-08
5.54294e-09;9.42968e-06;5.04554e-09;8.11806e-06;2.8567e-05;6.50552e-05;1.03427e-09;6.86491e-06;2.79209e-06;3.05331e-08;1.23139e-06;0.998229;4.77634e-06;0.0016444
2.42138e-06;0.0157461;4.09301e-11;1.24196e-06;1.72585e-07;4.01939e-08;2.15609e-06;5.06666e-05;1.57616e-05;2.36848e-09;4.71479e-05;6.25637e-05;0.984072;8.02381e-08
1.59233e-06;0.000220985;4.08403e-09;1.03311e-07;5.06158e-07;1.02489e-08;1.78957e-10;3.01321e-06;1.52708e-06;2.41222e-10;1.63846e-07;0.999371;0.000400665;8.20992e-08
1.21821e-05;0.995353;7.2511e-10;8.56911e-06;0.000188878;5.07506e-06;7.99713e-08;4.00191e-05;2.64123e-06;3.03867e-07;6.6327e-07;3.70994e-06;0.0035594;0.000825895
2.24991e-05;0.00577363;4.69995e-06;1.11569e-05;1.77879e-05;8.16109e-08;1.20434e-08;0.000140213;1.82322e-08;1.27106e-07;9.12031e-08;0.991981;0.00138445;0.000663869
6.16616e-06;0.0938671;3.87608e-06;1.88292e-05;0.000695741;1.11772e-06;1.32515e-07;0.000940567;2.86169e-08;1.47736e-07;6.28493e-07;0.000137742;0.904318;9.54481e-06
1.31201e-06;8.11387e-07;1.99592e-07;5.71654e-07;3.81935e-07;0.000134499;4.5215e-09;2.51919e-06;6.31999e-07;1.11612e-07;5.46037e-07;2.01089e-06;0.999856;2.1912e-07
2.32033e-08;5.63329e-07;0.999999;6.15177e-08;3.677e-09;2.9338e-09;1.71043e-09;1.49667e-09;4.63617e-10;6.89902e-08;1.68758e-09;8.90156e-08;6.02213e-10;2.46788e-09
4.67431e-06;0.975284;1.82936e-05;0.000258498;9.37996e-05;4.95742e-05;1.03549e-05;0.0175108;0.000109756;6.24946e-06;0.000798026;3.63982e-05;0.00497579;0.000843713
