2.03562e-05;0.964429;2.5842e-06;1.32111e-06;3.43681e-05;1.5219e-05;4.20763e-06;0.00135301;3.73445e-06;1.54633e-06;1.11308e-06;3.45e-05;0.0322801;0.00181861
3.73989e-07;0.0661599;6.9875e-10;2.01364e-06;3.03556e-05;3.11725e-06;2.1606e-05;0.000892662;9.51814e-07;4.1422e-05;2.52953e-07;9.92027e-09;3.69139e-06;0.932844
1.03157e-10;8.50067e-11;1;2.14808e-10;9.58734e-13;8.68314e-14;3.3994e-10;5.63075e-12;2.06996e-10;7.2542e-12;5.14298e-10;5.85054e-09;1.55111e-12;3.39499e-14
0.00263186;0.158681;2.13418e-05;0.000730818;0.00018508;0.000982663;0.00125795;0.0128893;0.528431;7.2119e-05;0.0757896;0.000708474;0.187154;0.030465
0.000102995;0.896323;9.06028e-05;3.30074e-07;1.1897e-06;7.44821e-08;2.58237e-06;0.0722957;5.21383e-05;8.83828e-08;6.54991e-05;0.0171809;0.0138844;9.95882e-09
8.47666e-06;0.00390234;0.000155348;2.66788e-05;0.00386782;0.00140167;1.71165e-06;0.000376798;7.78478e-06;4.04267e-05;1.61678e-06;0.971418;0.010222;0.00856978
0.000139635;0.138001;1.27907e-08;0.00150133;0.000534269;2.11991e-05;0.000291376;0.00933331;0.810127;3.64939e-05;0.0126134;0.0253724;0.00188674;0.000141997
4.10176e-05;0.967923;0.00266982;4.0343e-05;1.26093e-05;1.82317e-06;7.34429e-07;8.08516e-07;5.02278e-07;1.94682e-05;6.9295e-07;9.06046e-05;0.0291111;8.76364e-05
0.00103806;0.0214505;2.58494e-07;0.000125517;0.0135821;0.00106235;0.000325097;0.00139447;0.0313275;2.38615e-05;0.0022243;0.889569;0.0176917;0.0201851
0.000119427;0.243265;1.10615e-05;4.71559e-06;0.00918825;7.45859e-06;4.56754e-07;0.203926;6.58813e-06;7.29181e-07;1.03072e-06;0.0213761;0.51507;0.0070236
7.64386e-05;0.017667;2.16723e-11;1.34546e-05;7.41879e-05;0.00081186;5.79025e-07;4.03629e-05;0.00019288;1.44997e-06;1.39745e-05;2.95955e-05;0.980153;0.000924989
0.000161278;0.00114028;0.994954;1.855e-06;1.90795e-06;1.90041e-07;2.19982e-07;2.3839e-05;9.83898e-07;9.22886e-07;2.58741e-07;0.00369704;1.39527e-05;2.99627e-06
2.07003e-05;0.972558;2.43578e-06;8.92116e-06;2.02412e-05;2.85391e-06;3.88676e-06;0.0231111;0.000350275;3.47026e-07;5.4454e-05;2.48569e-05;0.00303;0.000811437
1.74825e-06;0.997742;1.21761e-07;1.7184e-06;1.15373e-07;4.45954e-08;0.0018519;2.69077e-06;7.90219e-07;0.000212012;8.80717e-06;7.373e-07;0.000165339;1.24843e-05
7.83982e-07;6.72336e-07;0.999844;7.47537e-06;6.14495e-08;6.78744e-09;4.61757e-05;1.12787e-07;2.86166e-05;5.61037e-07;6.89773e-05;2.40247e-06;2.10349e-08;1.08075e-08
1.82838e-05;0.507738;1.34494e-05;4.72763e-05;5.61785e-06;6.26245e-06;1.1269e-06;0.000294997;4.34205e-07;1.5666e-06;8.31853e-06;2.69499e-05;0.49183;7.25828e-06
1.03943e-05;0.101766;0.000143861;8.2552e-06;8.66388e-06;3.84951e-07;1.53768e-06;0.841991;1.18334e-06;1.46624e-06;1.76563e-05;0.0544475;0.00154961;5.28912e-05
4.91792e-07;0.00479225;1.13112e-09;0.00025569;0.00111104;0.802063;7.544e-07;0.000464395;1.69323e-06;2.03745e-05;2.02307e-05;3.00468e-07;0.185328;0.00594214
8.60615e-06;0.0001516;0.999056;1.25126e-06;6.56027e-09;8.38012e-08;6.02563e-07;2.74022e-08;2.59966e-08;1.23055e-06;1.70678e-07;0.000777956;2.09109e-06;3.92726e-07
5.55454e-06;0.996744;7.79974e-09;1.84978e-05;1.86475e-06;8.88211e-07;1.96468e-06;0.0011867;5.67662e-05;2.16289e-07;6.05905e-05;2.04205e-06;0.00171011;0.000210206
8.61762e-08;0.00121572;4.39287e-11;4.88607e-09;7.96132e-06;3.82112e-10;2.44294e-09;0.998773;1.96786e-08;1.4713e-08;2.28654e-09;2.92233e-06;9.12382e-08;6.55096e-07
1.29018e-07;7.62304e-06;0.999562;1.75294e-06;8.26805e-06;7.86159e-06;9.2343e-09;1.6779e-07;2.06257e-09;3.78466e-07;9.50698e-08;0.000372321;3.92528e-05;2.82942e-07
9.00778e-07;0.99858;3.4727e-09;1.48463e-08;1.78156e-08;1.27253e-08;0.00119519;0.000194232;2.73618e-07;3.24785e-06;2.17108e-06;1.56486e-07;1.21434e-06;2.2754e-05
3.44592e-11;1.06879e-10;1;1.49131e-11;1.16074e-11;6.5512e-12;4.03378e-11;2.68459e-12;2.79502e-11;1.5196e-12;4.09521e-11;2.72413e-09;3.96443e-12;3.69238e-12
7.07396e-05;0.327166;1.1649e-05;7.60771e-07;5.9008e-06;6.73373e-06;2.03618e-06;0.67124;3.4586e-05;2.56241e-06;4.01828e-06;4.41375e-05;0.00121559;0.000195072
8.73604e-08;0.0440126;6.51167e-07;2.14579e-06;1.06938e-06;5.15594e-07;1.39375e-07;7.00022e-06;2.17291e-07;1.10862e-07;9.61456e-06;0.955937;1.72296e-05;1.15545e-05
4.53688e-06;0.97498;7.47735e-06;2.83411e-08;5.11177e-08;4.82557e-08;1.83494e-05;6.4539e-05;3.41649e-08;5.04592e-08;1.5491e-06;0.000692742;0.0242302;1.51105e-09
3.99499e-05;0.854502;1.70098e-05;2.698e-06;2.04267e-05;2.3541e-05;0.135773;0.00028384;3.82748e-05;0.00551603;4.11335e-06;0.00032627;0.000321802;0.00313085
7.1047e-08;1.19245e-09;0.999996;4.62079e-09;1.45454e-09;1.31086e-08;6.80272e-08;1.68489e-10;3.72639e-06;9.47913e-10;1.81539e-09;9.34462e-09;1.90503e-08;2.97421e-12
0.000181413;0.0406521;0.00259883;6.18241e-06;6.32905e-05;2.09364e-06;3.21556e-06;0.943349;0.000180783;7.27907e-07;1.29507e-06;2.47022e-05;0.0129345;1.88186e-06
7.92971e-05;0.115075;2.77362e-05;0.000199558;3.56713e-05;0.000148327;1.45058e-05;0.737303;0.0854072;9.11913e-06;0.000330563;0.00011302;0.0607929;0.000464352
8.54453e-05;0.012265;1.66714e-05;7.4051e-06;0.00060233;0.000617649;5.47224e-08;0.941727;5.79315e-06;1.50686e-05;1.76458e-07;0.000665703;0.000417795;0.043574
2.20265e-06;0.00681851;1.36489e-05;2.14748e-07;3.53031e-07;2.83479e-08;2.7671e-07;0.000177405;1.14365e-06;1.83887e-08;1.12087e-06;0.992428;0.000553831;3.31992e-06
2.25717e-05;0.660604;1.42988e-05;1.14639e-05;0.00730406;5.72859e-05;2.20873e-05;0.31701;0.000120656;6.38726e-06;3.29822e-06;0.000228803;0.00665384;0.00794048
0.000235533;0.885923;1.53263e-06;5.47723e-05;0.00413282;2.11514e-06;6.59268e-05;0.085398;0.000121203;2.98745e-06;8.37934e-05;0.00467408;0.0190516;0.000252568
0.00336518;0.00126485;6.21491e-07;6.45045e-05;0.000613631;8.89557e-06;0.000147337;0.125793;0.83574;1.78987e-06;0.00472821;0.000224808;0.0280266;2.04522e-05
2.97299e-05;0.999074;0.000210421;6.17669e-05;2.28537e-06;7.02538e-08;6.6631e-07;0.000118245;1.58107e-06;2.83381e-06;9.54539e-08;1.98313e-05;1.48808e-05;0.000464007
0.000351217;0.190971;2.56587e-06;5.36271e-05;7.03312e-05;8.96732e-05;6.91025e-07;0.252925;4.98234e-05;1.07046e-06;2.26652e-05;0.000676785;0.554779;6.07284e-06
6.22752e-05;0.0135366;3.03393e-05;0.000174673;6.93523e-05;1.49799e-05;2.31368e-06;0.000338532;0.000207565;3.01488e-06;0.00105792;0.910536;0.0739572;8.99541e-06
0.0103084;0.0350084;3.69341e-05;0.000599047;0.074738;0.0151792;3.61156e-05;0.264335;0.00738905;8.62146e-06;0.00150353;0.0218154;0.56854;0.000501849
0.000508604;0.0342946;8.72984e-06;1.67582e-06;1.52838e-07;8.23326e-07;0.958788;7.79247e-07;0.000178492;0.0045785;5.12765e-05;3.55655e-06;0.00158298;1.40545e-06
1.49498e-07;6.12144e-10;0.999994;1.32354e-07;9.55003e-10;2.57126e-09;5.34306e-08;3.01435e-10;4.65643e-06;3.96195e-09;7.63865e-07;3.80064e-08;8.96647e-10;1.27584e-09
7.67475e-06;0.998714;1.14571e-07;2.66604e-05;1.13219e-06;9.5664e-08;1.32483e-07;0.00115869;2.17012e-06;1.72872e-07;9.31982e-07;1.7109e-06;8.45259e-05;2.30332e-06
2.28874e-05;0.416578;6.09925e-07;9.26103e-06;0.000122802;1.0425e-06;4.48148e-08;0.578344;7.14165e-06;4.2806e-07;1.48055e-05;0.00430717;0.000579055;1.32787e-05
1.53953e-07;0.99705;2.11582e-09;2.02105e-08;4.04955e-07;1.75455e-07;0.00136928;5.68356e-06;2.69773e-07;0.000870128;1.22696e-06;1.22107e-08;2.52455e-09;0.000702422
1.35948e-10;2.40725e-12;1;2.6827e-11;2.9697e-10;8.1083e-12;1.09585e-09;2.69616e-11;3.7985e-11;1.03948e-10;7.02444e-11;3.7868e-07;3.56378e-13;2.48917e-12
0.000190897;0.492157;6.48885e-05;1.25746e-05;0.000602281;0.00506928;0.000170798;0.271875;0.000625761;7.92689e-05;0.000166712;0.00142618;0.217683;0.00987631
9.7377e-05;0.00244527;2.81932e-07;3.02085e-05;0.000101569;1.53008e-05;8.31318e-06;0.175521;0.000426058;6.10816e-07;0.000267536;0.000128331;0.820863;9.50284e-05
1.69719e-05;3.91576e-05;3.35661e-08;6.90809e-07;8.93899e-08;1.23379e-08;5.17145e-09;5.98587e-05;5.74761e-05;5.43762e-09;2.21241e-06;0.999705;0.000118115;7.2244e-08
9.37263e-08;0.00258086;6.40374e-11;4.77393e-09;5.20624e-06;8.89442e-10;6.28847e-10;0.997414;2.25821e-08;5.38048e-09;9.89601e-10;4.37545e-08;3.64272e-08;8.09183e-08
8.85665e-08;1.0128e-05;0.99988;3.23619e-06;1.16615e-06;1.51178e-05;1.48021e-09;2.67706e-08;2.17781e-09;4.95257e-07;4.53101e-08;6.74382e-05;2.15152e-05;3.89783e-07
2.43254e-05;0.995081;1.8134e-09;2.12667e-07;5.96434e-07;1.92509e-07;0.00043241;0.00439882;2.69954e-06;1.60789e-05;7.19933e-06;5.41834e-06;2.66141e-06;2.87909e-05
1.06514e-08;1.00775e-09;1;1.4828e-08;3.63405e-09;5.05837e-11;6.16275e-09;1.74992e-09;1.27295e-08;2.44523e-10;1.95426e-08;5.96315e-09;3.50252e-11;5.69108e-11
0.000194036;0.967242;1.0141e-05;3.59092e-06;1.37365e-07;8.77639e-07;1.76583e-06;0.00795213;1.68638e-05;1.58054e-06;3.82687e-06;0.000209666;0.024358;5.19566e-06
7.3207e-05;0.000950027;1.1559e-06;0.00181955;0.00466392;7.64767e-05;1.87117e-06;0.982031;0.000127607;0.00120456;0.000112743;3.60201e-05;0.00868222;0.000219976
1.41664e-07;1.65415e-06;0.999963;1.40085e-05;5.73753e-07;2.63811e-07;1.05084e-08;4.01126e-09;4.11822e-09;3.25856e-06;5.62425e-06;1.1685e-05;9.91361e-08;1.49237e-07
4.90153e-05;0.000776343;1.34106e-06;3.13916e-05;4.66293e-07;2.56644e-06;0.000728831;0.000786157;0.0337554;7.11387e-06;0.960684;5.84341e-06;0.00317094;8.20136e-08
