3.63681e-06;0.286852;7.90294e-09;4.80767e-08;4.84445e-07;2.59206e-07;2.024e-08;0.000195269;1.56483e-07;2.88075e-08;1.11665e-07;4.9489e-05;0.712888;1.06692e-05
1.54088e-06;0.0115192;4.07388e-09;1.79547e-07;0.000327759;7.47649e-06;3.28356e-09;2.19527e-05;7.42595e-09;2.72625e-07;1.84239e-08;0.00165062;0.000411567;0.986059
4.31253e-06;0.0286362;3.04162e-09;1.35399e-07;0.0217012;6.29575e-08;1.72258e-09;0.936816;8.91628e-09;4.6462e-08;8.76237e-09;0.00118639;7.64488e-05;0.0115796
5.78677e-05;0.00294485;3.34365e-07;6.52334e-05;0.421962;1.12323e-05;1.93847e-05;0.573939;4.23461e-05;4.69519e-05;8.87771e-06;7.18696e-05;0.000797556;3.23433e-05
0.00026474;0.00381936;0.963281;5.75963e-05;0.000825155;9.74904e-05;2.37545e-05;1.95031e-06;1.21318e-06;0.000557852;2.72884e-06;0.0174854;1.31478e-05;0.0135685
0.000101248;0.898547;4.7019e-05;0.000145014;0.000331209;5.25441e-05;0.000364002;0.0108717;0.0007584;3.53351e-06;0.00132234;0.000614969;0.000630261;0.0862107
9.31086e-07;0.999826;7.32095e-07;4.34438e-08;3.59702e-08;1.68936e-08;7.4354e-08;4.42642e-05;9.28675e-08;2.64127e-08;5.48975e-07;6.19925e-05;6.47851e-05;8.79642e-08
6.82479e-08;0.997548;2.11168e-11;9.64375e-07;0.00109653;1.28713e-07;3.05364e-08;0.00122769;5.17114e-08;1.53772e-06;8.4239e-09;0.000102742;2.08206e-06;2.0648e-05
0.000163136;0.000380056;0.0523439;0.00264842;0.000892876;0.00965444;3.66237e-06;0.000186537;0.000180613;0.000422324;0.000917264;0.921568;0.0100753;0.000563581
0.00043322;0.849942;1.79145e-07;6.73067e-06;5.71446e-06;1.29792e-06;0.019262;0.128771;0.000877291;5.05325e-05;0.000543696;6.09662e-07;9.98701e-05;6.54215e-06
1.08714e-07;9.13831e-08;0.999999;2.61321e-07;3.52658e-08;1.45744e-09;6.68544e-08;3.5615e-09;6.12648e-08;2.2207e-09;5.46022e-08;5.73389e-07;2.64538e-09;4.39862e-09
4.42063e-05;0.0056653;1.75941e-07;5.57212e-06;6.6178e-06;3.00029e-06;4.67575e-08;0.0125645;7.27625e-05;6.31386e-08;6.13426e-05;0.00106623;0.980465;4.5255e-05
1.60869e-05;0.969671;6.2437e-07;1.42157e-05;2.89713e-05;1.18183e-05;4.84298e-07;9.44845e-05;1.64247e-05;2.33816e-06;8.77389e-05;0.00493212;0.00273181;0.0223924
5.21565e-05;0.960966;8.39877e-09;8.10198e-06;8.72985e-07;2.43325e-07;0.0237209;0.000268375;4.11855e-06;0.00529664;2.85941e-06;2.01023e-06;1.2059e-06;0.00967682
4.69402e-09;1.30585e-12;0.999999;6.08007e-07;2.5527e-08;6.39198e-10;4.08432e-09;5.50644e-11;3.96211e-08;1.0017e-09;4.27857e-08;1.73828e-07;7.05279e-13;8.59696e-10
0.00264619;0.896269;1.71819e-06;4.92696e-06;3.4302e-05;2.9756e-08;7.19296e-06;0.0971357;0.000600993;2.26196e-07;1.56425e-05;3.93871e-05;0.00240655;0.000837814
0.00051353;0.00835429;6.65507e-06;6.96815e-05;0.0124812;1.02842e-05;9.24875e-06;0.974979;0.0018595;8.29038e-05;2.58357e-05;8.5234e-05;0.000955743;0.000566744
1.7335e-05;0.00424187;0.982194;1.68842e-05;0.00184607;0.000200612;9.55581e-08;9.03913e-07;2.43395e-07;0.000262484;2.17127e-06;0.0103335;4.64117e-05;0.000837019
0.00077923;0.519526;0.00199742;0.00017656;0.000909356;8.78063e-05;6.55988e-05;0.298513;0.022991;9.00759e-06;0.00529058;0.136942;0.000733614;0.0119788
