7.09176e-06;4.91124e-07;7.24945e-10;4.65473e-10;7.95126e-09;2.41261e-10;3.00922e-08;2.93605e-08;1.05178e-08;2.67968e-09;6.56862e-08;6.39397e-08;2.93017e-09;1.60715e-07;4.01682e-09;1.72695e-07;1.57397e-08;3.66156e-09;2.9274e-09;1.29669e-09;2.91784e-08;9.07196e-07;6.76201e-09;3.3641e-06;1.22203e-08;4.23413e-08;2.35589e-09;7.29854e-10;1.41129e-06;1.01806e-10;9.2007e-11;2.29652e-07;2.51179e-10;6.27764e-11;9.87911e-11;3.62016e-07;2.04735e-09;3.21395e-09;9.3664e-08;1.37411e-09;1.82184e-09;1.49724e-10;6.88162e-10;4.44963e-10;2.96309e-08;2.37741e-09;5.71383e-09;3.16375e-06;3.19253e-09;8.53835e-09;5.15122e-06;3.38802e-10;1.95193e-08;2.4867e-10;1.68307e-09;5.12845e-09;3.43987e-08;1.41508e-06;4.54539e-09;7.93527e-09;4.03887e-08;4.67959e-09;7.06939e-09;9.08822e-10;1.34586e-08;2.87628e-07;3.75722e-09;3.30692e-09;6.77465e-07;4.50622e-09;1.72833e-09;1.44525e-06;2.64732e-10;2.05769e-09;1.38636e-11;1.58267e-08;1.84916e-09;2.14959e-07;2.04507e-08;1.13235e-08;7.32275e-09;1.10026e-06;9.77937e-09;8.91238e-10;9.38522e-07;5.87815e-09;8.94875e-10;3.54591e-12;8.10767e-09;6.61244e-09;1.13416e-06;3.66167e-09;2.79994e-09;5.76527e-07;1.2611e-09;8.92789e-09;1.53023e-10;1.1699e-07;1.98444e-08;8.86036e-07;2.44491e-10;2.31639e-10;4.77371e-08;2.58466e-11;1.38649e-09;4.63345e-12;3.0081e-07;2.29275e-09;2.38548e-09;2.96716e-08;2.52558e-10;1.67877e-09;3.01081e-07;1.83058e-09;3.69474e-09;6.88108e-06;1.20647e-09;3.60648e-09;1.99887e-12;1.81869e-07;1.85414e-08;2.38408e-09;2.03324e-09;3.27366e-07;1.11462e-11;2.04611e-10;9.54375e-07;2.91185e-10;1.1659e-10;3.29889e-14;2.04655e-06;2.44341e-09;1.356e-09;2.00192e-08;3.07519e-11;1.07846e-09;1.50159e-06;8.74792e-09;5.88627e-09;7.38272e-06;8.71424e-09;1.7599e-08;3.17525e-10;3.30202e-07;9.34751e-07;4.81701e-08;3.32611e-08;2.68207e-09;3.6711e-07;3.24096e-09;3.04304e-10;1.8652e-08;1.5106e-09;2.11601e-10;2.18512e-11;1.04099e-08;2.72577e-08;5.29223e-10;4.50893e-09;8.02508e-07;2.18922e-09;4.68206e-09;1.97041e-06;1.00859e-09;1.0236e-08;1.55788e-10;2.94611e-07;3.19185e-09;2.12457e-08;2.74157e-09;2.11444e-07;1.0573e-09;2.95299e-09;1.60282e-07;2.74702e-10;5.18472e-09;2.17364e-11;4.478e-07;8.30081e-10;2.76693e-09;4.19935e-07;1.34791e-09;3.4057e-10;7.29858e-08;1.00004e-09;3.97122e-10;2.01709e-11;1.18545e-07;2.37339e-09;1.96703e-09;7.93923e-09;3.86848e-07;1.84679e-09;1.92199e-09;3.5342e-08;1.22276e-09;1.98452e-08;1.17679e-09;7.17404e-08;1.16632e-09;6.26479e-09;6.52019e-07;1.50937e-09;4.65949e-09;1.89787e-06;4.58503e-10;1.81826e-09;1.03818e-10;6.66989e-07;8.22807e-10;7.86922e-08;5.85087e-10;5.6441e-09;6.55402e-09;1.12622e-06;2.10147e-09;9.8886e-10;1.16438e-06;3.06103e-10;6.04469e-10;7.33693e-13;1.36435e-08;1.50162e-08;3.59337e-09;4.69687e-09;3.2781e-07;2.18055e-09;1.73776e-09;3.2082e-08;7.06048e-11;7.59329e-10;2.57761e-11;2.54237e-07;1.5785e-11;1.09449e-10;1.31821e-08;6.10934e-10;3.83543e-11;1.09705e-11;3.77807e-07;1.74546e-09;1.27427e-07;1.64669e-09;1.93976e-09;3.52966e-09;1.16795e-06;4.37079e-09;5.65786e-09;1.24223e-06;7.4896e-10;2.41011e-09;1.45117e-10;1.0801e-06;2.63317e-09;2.66307e-09;2.73172e-07;2.5682e-09;3.85889e-09;5.48166e-09;1.43378e-06;1.42988e-09;1.2407e-09;1.44597e-08;1.14446e-09;9.81871e-09;1.9506e-11;1.06338e-07;2.19443e-09;9.37518e-11;2.35533e-07;2.1723e-09;2.88216e-09;2.73486e-12;2.53054e-08;5.09951e-12;7.85424e-12;1.42674e-08;2.31452e-12;1.27151e-09;8.63184e-15;6.20559e-07;6.19711e-10;7.99657e-10;4.05538e-08;6.50646e-10;9.1012e-11;8.80454e-09;8.30562e-09;2.09559e-12;2.54892e-11;8.68209e-08;6.68265e-10;3.60166e-10;5.87038e-15;6.79187e-07;2.89742e-09;4.09002e-09;2.18663e-07;1.02531e-09;1.84259e-10;2.36795e-09;8.65874e-08;7.27223e-11;4.54069e-10;7.33626e-07;4.78548e-10;3.74105e-11;6.45299e-15;1.32554e-07;1.79195e-09;7.93543e-09;7.36595e-11;1.08042e-10;2.42654e-09;4.44259e-07;4.37306e-10;5.38657e-09;1.76816e-07;9.56994e-12;1.81767e-11;2.44088e-11;2.09895e-07;6.82571e-09;2.12802e-09;4.84249e-07;3.09787e-09;1.06894e-07;2.66451e-09;2.42802e-08;2.61629e-10;7.29123e-08;4.15467e-10;7.5577e-09;4.47489e-08;2.53522e-09;3.36866e-09;4.21315e-09;9.54158e-07;0.000851455;2.75259e-07;0.998806;4.05248e-05;1.7692e-06;1.1137e-05;0.000192842;3.56976e-07;6.64042e-07;1.78726e-05;2.258e-07
3.3709e-06;1.07924e-10;2.5812e-08;1.9657e-09;3.41587e-10;2.00855e-09;3.80281e-09;1.94763e-09;4.25754e-10;4.34955e-10;9.71019e-13;3.11537e-09;7.23648e-09;6.11629e-11;1.98505e-10;1.12708e-08;4.13015e-10;5.25184e-11;7.54427e-09;4.48325e-11;1.02311e-10;1.41956e-09;2.92175e-10;2.29449e-09;2.05579e-09;9.08038e-10;1.56332e-10;0.999995;3.79895e-11;2.24389e-10;9.30111e-12;3.79588e-11;4.46047e-11;5.07691e-12;1.04238e-08;1.66095e-10;1.77537e-10;8.02384e-11;2.76616e-11;4.17576e-10;1.00955e-11;6.5258e-10;1.75334e-07;2.73999e-08;7.79554e-07;1.43949e-07;1.32987e-07;1.72121e-09;2.79381e-09;1.24043e-10;5.38957e-08;1.54782e-11;1.45252e-08;6.58277e-08;8.35888e-09;4.37679e-10;1.0242e-09;1.04374e-10;1.96061e-10;1.13468e-09;1.15938e-09;4.81383e-10;2.02126e-10;9.06339e-10;9.23283e-11;8.09768e-11;5.21091e-11;2.05969e-11;1.20047e-10;6.58251e-10;1.26327e-09;3.17807e-09;2.64248e-10;1.0876e-10;1.93195e-09;1.53846e-10;1.88428e-10;1.49386e-10;8.266e-10;1.09208e-10;9.19978e-11;3.33991e-11;3.47954e-10;2.76821e-10;2.34714e-11;1.75124e-10;1.24139e-11;2.28049e-09;3.19177e-10;1.42994e-10;5.19645e-10;9.15187e-10;1.98055e-10;1.53057e-10;4.77301e-11;2.20865e-10;6.29063e-09;1.9582e-10;2.07337e-10;3.54973e-11;2.78444e-09;4.41056e-10;1.79737e-10;1.22626e-09;3.29682e-11;6.78554e-09;1.55961e-10;1.02254e-10;5.75359e-11;7.77298e-11;2.1772e-09;1.75639e-11;4.35277e-09;8.53075e-11;7.75726e-10;3.35581e-10;3.11909e-10;1.92838e-10;3.11396e-09;1.9555e-09;3.89919e-11;2.33999e-11;1.18386e-10;2.86674e-11;6.17365e-10;1.32882e-11;6.79799e-09;1.08303e-11;8.47802e-10;2.50862e-09;8.64513e-11;7.94072e-10;6.89838e-11;6.70206e-12;3.52534e-11;9.67142e-12;8.98658e-11;1.92592e-09;6.85571e-10;1.13215e-08;1.41293e-11;9.90806e-11;1.66589e-10;7.80573e-10;1.46807e-10;1.0202e-10;1.98641e-10;8.72299e-10;5.29538e-12;5.8079e-12;5.23291e-11;3.69748e-10;1.02258e-12;5.34351e-12;2.08129e-10;8.54888e-11;5.60794e-12;2.9831e-11;1.21078e-10;3.12373e-10;7.20566e-11;1.70208e-09;4.08453e-09;5.72437e-10;1.91321e-11;1.79771e-08;1.71685e-09;4.81063e-10;5.30525e-11;3.3018e-10;3.19956e-10;1.61389e-10;4.74464e-10;8.85214e-11;1.35228e-10;3.13994e-10;5.96406e-10;3.49301e-10;5.65729e-11;9.64518e-11;5.3233e-11;8.46233e-10;7.68912e-12;4.84848e-10;1.17639e-10;2.22323e-10;3.79863e-11;6.0709e-11;9.43685e-11;5.58196e-11;7.52661e-11;1.424e-10;3.71837e-10;9.42073e-11;6.01393e-11;1.22613e-10;4.19131e-10;8.71593e-09;2.10524e-10;6.6117e-11;4.44872e-11;4.88747e-10;1.5051e-09;1.41785e-09;6.90505e-10;5.6558e-10;6.11522e-10;2.58489e-09;1.00445e-10;6.87808e-11;3.9054e-11;3.04553e-11;9.48269e-11;1.04009e-10;1.6599e-10;5.98486e-10;1.60003e-10;5.85063e-11;5.01069e-13;5.01209e-12;1.27866e-09;5.41109e-11;1.20771e-10;1.31158e-10;3.85138e-11;1.09637e-09;1.93161e-09;3.60619e-10;4.21147e-08;2.05644e-09;9.59165e-10;2.64152e-08;1.05829e-10;1.14592e-10;1.92761e-11;7.50581e-10;2.69456e-12;1.17433e-11;8.4821e-10;6.38099e-11;4.76831e-10;1.6206e-09;3.23775e-11;2.7666e-10;1.07036e-10;4.67566e-11;5.65313e-10;5.70972e-10;5.59619e-11;5.88107e-12;1.46813e-10;6.11406e-09;1.60796e-10;1.84372e-10;1.46516e-10;1.42638e-09;5.33724e-10;6.80421e-10;1.31895e-10;2.2328e-11;5.54936e-10;2.805e-10;1.29062e-09;2.06348e-14;1.07343e-11;1.99917e-09;1.72551e-10;1.11609e-10;9.65752e-10;3.46446e-10;3.13513e-10;4.65872e-10;1.41144e-13;1.89912e-11;2.01403e-09;6.95632e-11;4.09999e-11;1.92323e-11;4.494e-09;5.93162e-11;6.48394e-11;1.78876e-09;1.13937e-09;1.09221e-12;1.82497e-10;1.00626e-10;1.0897e-10;6.26399e-11;3.05661e-11;1.77237e-11;1.50518e-10;4.60443e-13;1.91321e-14;4.35316e-10;1.61835e-10;8.42012e-11;8.1387e-11;3.04108e-09;7.33537e-09;1.07347e-09;1.28764e-10;3.58358e-11;1.1824e-10;2.7308e-10;3.26321e-09;2.2286e-12;1.41667e-10;2.54237e-10;1.30247e-10;1.19802e-10;1.47749e-10;5.57061e-11;1.43591e-11;1.96305e-10;2.34931e-10;1.06613e-10;2.71535e-10;1.7137e-12;3.11905e-12;5.47741e-10;9.85938e-10;2.02004e-10;2.67452e-10;3.88011e-12;4.20439e-10;5.85709e-10;4.33708e-10;8.07395e-12;4.4477e-12;1.84317e-09;3.19885e-11;8.5426e-11;9.1581e-11;7.98612e-11;4.92968e-11;8.46294e-11;1.55303e-08;2.77317e-11;3.6876e-10;1.08738e-09;8.33691e-10;1.87521e-12;1.47358e-09;9.65537e-11;6.09518e-11;7.43827e-10;1.70944e-10;1.8099e-11;7.4877e-10
8.11877e-08;1.3008e-09;8.26797e-10;5.33713e-10;1.47169e-07;1.85544e-09;8.35312e-09;9.62983e-08;1.661e-07;5.01115e-08;0.999727;3.6728e-06;1.00084e-05;4.43475e-10;3.16433e-10;9.00143e-10;4.00949e-09;4.19983e-10;6.68619e-11;2.94208e-09;4.87378e-07;3.1193e-10;9.38844e-10;1.2276e-09;1.52885e-10;2.77312e-06;3.27211e-09;1.86349e-11;1.36073e-11;3.78341e-11;3.12156e-12;9.14393e-07;4.51068e-09;7.22977e-07;2.21602e-13;9.22627e-11;3.33339e-10;8.57972e-10;5.04954e-12;9.32052e-10;5.37621e-10;9.15621e-12;2.7637e-11;2.26657e-10;1.19609e-10;8.36249e-10;5.03169e-10;2.51406e-10;6.64022e-09;4.11424e-09;9.66627e-11;6.3034e-12;1.77454e-06;1.05898e-13;6.27059e-13;4.85995e-11;5.47888e-09;5.13373e-09;5.79493e-10;4.66076e-09;4.68673e-09;7.7933e-08;9.75772e-06;8.42312e-10;8.54435e-10;1.34265e-08;3.82144e-09;9.43905e-09;1.20475e-08;4.49798e-08;5.44305e-08;1.59854e-08;1.26981e-08;3.81976e-05;9.40403e-11;3.209e-10;4.0218e-10;2.90012e-08;3.12812e-08;2.35902e-06;1.19541e-09;5.0244e-10;3.09211e-09;1.65459e-09;1.27779e-07;8.56421e-10;9.19282e-07;4.95699e-11;4.56918e-09;1.20751e-09;7.22366e-09;3.6633e-09;5.33517e-10;4.76801e-07;8.77956e-09;6.68217e-05;2.79291e-09;2.62566e-09;8.11693e-08;1.3675e-12;8.32686e-11;2.00426e-09;8.38006e-09;2.61602e-10;5.85161e-07;9.8201e-10;2.93851e-11;6.13902e-10;3.90029e-10;3.38463e-12;6.6946e-09;3.46923e-08;8.92755e-09;1.24908e-09;5.59228e-10;5.06693e-10;2.07264e-09;4.45828e-07;6.52444e-10;3.69489e-12;2.47178e-09;8.68252e-11;7.44805e-09;2.14814e-11;9.6396e-12;1.51608e-11;5.00669e-11;5.38675e-12;2.99806e-06;8.49514e-13;1.29255e-10;3.80774e-10;7.07913e-10;2.51357e-13;6.2542e-11;4.52661e-08;4.64154e-10;1.7333e-10;1.76423e-09;4.2225e-09;3.12909e-09;7.01693e-06;7.42073e-10;4.39745e-10;5.82222e-11;4.383e-10;1.82497e-08;1.16679e-10;3.79764e-11;2.27808e-10;7.03548e-12;1.11138e-12;6.63377e-10;5.0831e-09;5.37097e-12;2.11151e-10;2.7578e-10;7.71901e-11;1.14431e-09;6.73073e-10;6.76695e-10;4.02382e-09;3.38696e-08;3.06437e-09;3.47397e-06;2.85501e-10;1.75129e-08;7.66603e-09;3.15504e-07;1.28043e-09;3.18412e-10;4.00317e-10;1.79838e-09;3.46881e-12;3.10337e-11;1.59696e-07;8.86489e-14;9.37129e-11;1.5286e-11;2.89383e-08;1.18981e-10;6.35688e-10;1.49735e-09;1.02961e-09;3.01225e-11;3.00664e-06;1.36348e-12;3.84876e-10;4.77572e-10;2.87873e-10;1.83633e-09;2.73405e-09;2.36579e-09;2.56933e-09;5.70556e-08;2.04774e-10;7.75309e-05;1.46397e-10;2.50871e-09;1.34678e-09;1.97675e-08;3.53899e-10;1.25171e-09;1.12681e-09;1.66251e-10;3.07044e-09;6.45371e-08;1.06169e-11;4.00049e-10;2.57889e-10;4.54998e-10;4.02392e-09;1.31784e-09;1.05048e-09;4.3055e-10;6.1037e-10;1.16603e-08;1.12918e-09;9.97155e-13;7.99355e-06;3.84068e-11;2.40918e-10;4.36762e-10;1.67523e-09;3.89665e-10;7.19841e-09;4.59763e-09;5.5938e-09;3.94722e-10;2.6293e-09;1.10194e-07;2.55806e-11;9.89448e-11;2.16324e-11;8.29291e-11;2.07237e-11;5.67802e-13;5.29516e-06;4.00681e-13;1.85929e-10;6.83489e-10;2.75573e-09;7.30954e-10;2.80232e-07;5.92119e-10;4.52819e-11;1.4863e-09;2.89684e-10;1.61713e-09;7.46404e-11;8.10359e-08;2.37603e-12;7.9589e-10;1.01463e-10;4.69692e-10;4.98689e-10;1.49331e-09;3.63702e-09;4.52601e-10;5.96941e-10;1.84409e-09;1.59356e-09;5.12603e-10;3.74441e-11;4.71825e-06;3.99954e-13;4.19862e-10;5.44843e-10;2.15166e-09;5.10384e-10;3.49528e-10;6.68331e-08;3.64764e-08;2.60123e-12;4.43862e-11;5.15052e-10;2.54816e-08;1.24761e-09;9.94756e-08;9.71464e-10;1.77891e-10;7.51364e-10;2.06505e-10;6.10062e-12;5.10457e-10;6.58289e-09;1.26373e-09;1.76226e-10;3.14571e-11;1.36998e-09;2.98579e-09;5.91887e-13;2.10215e-06;2.88327e-13;3.2902e-10;7.07117e-10;9.54613e-10;7.02631e-12;1.25321e-09;3.89252e-07;1.24214e-09;6.06079e-09;1.94588e-10;2.42967e-09;3.98961e-11;5.49407e-11;8.2141e-06;1.05833e-13;6.38568e-11;4.46721e-09;1.30908e-13;9.26996e-12;8.70285e-08;1.88444e-09;3.21561e-10;1.38172e-09;3.65575e-09;1.17823e-09;3.841e-11;2.05628e-07;1.03963e-11;1.5521e-09;1.47247e-09;5.68971e-14;2.40794e-11;6.9448e-10;9.39748e-08;6.97183e-09;1.70081e-06;5.04094e-11;1.19223e-10;7.55609e-11;1.97885e-09;7.74923e-11;1.00664e-09;1.47773e-08;1.64435e-11;5.26421e-13;1.04696e-09;1.37846e-08;2.43245e-08;4.36581e-12;5.59275e-06;3.3561e-08;3.1987e-10;1.26043e-09;2.51269e-08;3.68118e-10;1.61701e-08
5.98845e-06;8.4893e-11;2.32199e-09;1.30296e-10;7.20096e-08;1.40748e-08;3.9184e-09;2.84857e-07;7.79619e-09;1.57833e-08;1.44084e-08;9.53296e-08;4.32286e-07;5.34424e-09;1.25086e-08;5.66665e-08;1.12045e-07;7.96374e-09;3.26245e-08;7.71472e-09;5.72777e-09;3.5563e-08;4.61053e-08;2.22822e-07;1.60113e-06;2.68299e-06;3.99577e-07;1.13346e-09;6.0491e-11;1.61431e-10;2.19523e-12;8.61418e-10;2.36372e-07;1.37825e-09;2.65251e-10;3.75252e-08;4.31506e-09;6.2018e-09;6.14391e-08;1.46228e-06;5.98383e-09;3.65409e-10;9.08675e-08;7.72556e-10;1.99041e-09;5.76964e-08;5.14723e-08;1.8078e-09;7.92355e-10;1.39107e-10;1.62093e-09;1.71219e-07;1.02139e-05;1.92234e-08;1.29267e-10;9.70981e-08;3.0126e-08;3.15532e-09;8.23709e-09;1.25854e-08;3.49167e-08;1.44585e-07;8.22772e-08;1.48083e-07;6.95539e-09;4.73892e-08;2.25253e-08;1.88694e-08;2.44208e-09;1.92358e-07;1.88551e-08;1.22412e-08;4.55679e-06;3.34284e-08;1.15091e-06;1.43026e-08;4.80815e-09;6.02354e-07;1.12235e-07;1.74192e-07;4.5474e-08;3.57567e-09;5.30399e-09;1.24e-09;1.14533e-07;2.77876e-07;3.55794e-07;3.088e-06;3.51502e-08;1.79334e-08;1.7804e-08;4.54322e-08;3.61748e-08;2.24174e-09;8.39076e-08;2.74669e-09;2.79947e-09;4.61169e-07;5.71874e-08;1.1889e-10;1.38379e-09;7.84805e-10;2.70348e-09;2.20457e-09;1.98796e-08;1.92033e-07;6.24687e-09;4.21413e-09;7.81586e-09;4.58753e-07;3.35939e-06;9.1136e-07;2.93602e-08;6.72857e-09;1.3716e-08;2.03197e-09;4.23116e-07;1.67298e-07;3.66464e-08;7.06666e-09;3.01682e-08;5.97739e-10;5.00377e-08;1.27776e-10;2.26204e-11;3.53826e-10;1.46391e-09;7.47588e-10;3.92265e-09;1.05504e-08;8.58584e-09;2.99806e-09;1.24814e-08;4.86776e-08;4.45718e-08;2.06716e-08;1.00946e-08;3.55647e-08;2.21972e-08;1.53236e-08;1.70202e-07;5.83233e-08;5.76734e-06;8.87785e-08;1.51225e-07;5.4769e-07;1.34981e-07;2.51484e-08;6.08019e-10;9.55643e-10;1.66955e-09;2.40543e-11;5.6934e-09;1.14903e-09;2.90478e-09;1.52756e-08;1.18056e-08;3.96805e-09;2.02528e-08;3.69095e-08;7.19146e-09;2.53594e-08;1.02273e-08;5.81996e-08;7.32588e-08;1.63025e-07;2.60106e-08;9.18962e-08;7.18041e-08;1.52323e-08;5.89455e-09;2.41097e-09;3.65751e-09;1.50162e-10;2.88166e-08;7.52868e-10;1.85706e-08;3.4289e-09;1.18698e-08;1.9557e-08;6.18562e-09;2.82538e-08;9.27116e-10;1.25942e-07;3.96945e-07;1.31064e-06;1.63855e-07;2.28381e-07;5.13126e-08;2.00374e-08;5.0905e-09;6.95809e-09;4.64531e-09;8.85183e-10;1.46081e-10;1.29142e-08;1.7921e-07;4.50987e-08;8.32914e-09;9.56276e-09;2.31194e-08;2.33867e-09;1.93051e-09;6.32978e-09;5.81653e-10;1.16952e-07;1.45637e-08;6.76173e-08;1.19902e-08;3.169e-09;3.62158e-09;9.58284e-09;1.1652e-08;4.47704e-09;4.53536e-10;1.08199e-09;1.36109e-09;3.05447e-11;1.08549e-09;3.02491e-08;8.66295e-09;3.47051e-09;1.23294e-08;1.04473e-08;2.92812e-09;3.79831e-08;3.13956e-09;3.50295e-09;8.04249e-11;2.06069e-08;2.07675e-09;1.29537e-08;1.61225e-09;6.58353e-10;3.27377e-10;1.65311e-10;9.30873e-08;3.18619e-10;4.41289e-09;1.60313e-08;1.42052e-07;2.12908e-07;2.95792e-08;4.00646e-09;8.04944e-09;7.04907e-10;2.78893e-08;3.87638e-09;9.56453e-10;9.66222e-08;1.2131e-06;1.09958e-07;1.75659e-08;1.01138e-08;2.60414e-08;1.11879e-08;1.41836e-08;1.81866e-08;5.87e-09;9.03888e-09;6.44766e-09;1.32762e-08;4.74649e-10;7.73683e-09;8.9876e-08;2.21864e-07;2.05794e-08;2.64898e-08;1.0444e-08;3.96371e-08;2.8971e-08;2.79279e-08;3.56199e-12;9.97106e-12;8.93457e-09;1.13643e-10;1.62651e-10;5.82702e-08;2.10753e-07;1.54208e-09;6.2919e-09;8.36057e-09;2.39091e-09;1.93775e-08;6.11374e-08;2.62862e-10;3.00931e-08;1.00377e-10;2.65666e-11;1.91378e-10;1.44797e-10;3.93982e-08;2.0859e-07;8.21895e-10;3.38139e-09;1.10536e-08;5.17463e-09;8.113e-08;6.53835e-07;9.29063e-06;5.57589e-09;3.10624e-11;1.47261e-10;6.66072e-11;6.23138e-10;4.66918e-09;6.6849e-11;3.18435e-08;2.66806e-08;4.1911e-09;3.62925e-07;4.33978e-07;2.61812e-08;1.68718e-08;7.83548e-09;5.40629e-09;1.72665e-09;1.88992e-10;2.97062e-11;1.25779e-07;1.51597e-07;1.22028e-07;9.55086e-08;7.86538e-08;1.37001e-08;1.40679e-08;4.21584e-10;2.6132e-08;1.01692e-07;2.78377e-06;9.37457e-09;3.2361e-09;8.71137e-09;3.26533e-07;1.32535e-07;1.29515e-07;1.48196e-08;5.15249e-05;9.80622e-07;3.25018e-06;7.11656e-06;3.9695e-07;4.66315e-06;0.00105941;4.21523e-07;5.71918e-06;1.25263e-06;0.000519023;0.998274
1.73794e-06;4.74805e-09;2.49595e-10;2.594e-11;1.72511e-08;6.22845e-10;5.90481e-10;3.2257e-09;5.42238e-10;2.72683e-10;7.97598e-11;2.83353e-10;1.00821e-11;2.22351e-08;2.84768e-10;1.10663e-08;1.13065e-09;1.7992e-10;5.12791e-11;1.34691e-10;1.0322e-09;5.5376e-07;8.65199e-11;6.05175e-09;9.21295e-10;6.32476e-10;6.42468e-11;2.22304e-10;1.49244e-08;9.64234e-13;4.12422e-13;2.7654e-08;1.18052e-11;1.51474e-12;1.03207e-15;2.78667e-08;1.12874e-10;1.19795e-10;3.40307e-12;1.0793e-10;3.15838e-12;2.68424e-12;4.85918e-10;4.3532e-11;1.46623e-07;2.20616e-08;3.15845e-08;4.39725e-07;8.62958e-11;4.41437e-12;5.75766e-09;4.32662e-08;9.40733e-09;3.04265e-14;2.19402e-10;1.32592e-10;1.36575e-10;8.56319e-08;2.20312e-10;2.09687e-10;6.98259e-08;1.17963e-10;4.29249e-10;8.88427e-12;7.86161e-10;1.24043e-09;4.68809e-11;2.47467e-10;4.13115e-07;1.34858e-09;7.49469e-11;4.04285e-09;6.08251e-11;1.31645e-10;6.57117e-12;9.91976e-10;1.27006e-10;8.73228e-10;9.11207e-10;7.02069e-10;1.32352e-10;3.34273e-08;3.30883e-10;5.41164e-11;1.90903e-09;2.09346e-10;1.17016e-09;1.40377e-12;6.68921e-10;1.86747e-10;2.24787e-08;2.17692e-10;1.15856e-10;9.14995e-10;1.07564e-12;1.16025e-11;7.60574e-14;9.47631e-11;3.75106e-11;9.98689e-08;2.00312e-11;3.06113e-12;4.01155e-10;1.47104e-10;1.3408e-11;5.70716e-13;1.06642e-09;1.41424e-10;1.89539e-10;1.14854e-11;3.04449e-11;1.96629e-10;8.34421e-09;1.71038e-10;1.50284e-09;2.01052e-09;1.76345e-11;1.42352e-09;9.05116e-15;3.73026e-10;2.07837e-10;3.07401e-12;5.22172e-12;9.8217e-08;4.04151e-10;9.15065e-13;9.27108e-11;1.56656e-10;1.63733e-11;7.96622e-14;8.82612e-09;1.91611e-11;7.53938e-11;1.22347e-10;1.97896e-12;4.51533e-11;1.60803e-07;2.45208e-09;1.6102e-10;2.22531e-09;1.19519e-09;3.42887e-11;1.46335e-11;1.31929e-08;3.41461e-11;5.22602e-11;1.96524e-12;5.87785e-11;9.84305e-08;3.10918e-11;7.85584e-12;3.47538e-09;8.11842e-12;4.60371e-12;9.58605e-14;1.78354e-09;6.90199e-09;1.59464e-11;5.26005e-11;1.65425e-07;1.00569e-10;9.90276e-11;4.15662e-10;4.07832e-12;1.2007e-09;4.55731e-13;2.97077e-10;4.27741e-11;3.71997e-11;1.2546e-10;3.40516e-08;3.14836e-10;4.36864e-11;1.37295e-09;1.0171e-10;7.19391e-12;7.74632e-14;6.66687e-10;1.67153e-11;2.6314e-12;1.4971e-07;6.08628e-10;5.27285e-11;9.32196e-08;1.81805e-08;1.21911e-07;2.47044e-12;1.65523e-08;8.60726e-10;1.03481e-10;5.82406e-11;3.01383e-07;6.70155e-10;1.21276e-10;1.95843e-08;8.63429e-10;7.3281e-09;1.18457e-10;1.02633e-09;3.44868e-10;3.96509e-10;1.06793e-07;3.30708e-10;4.70283e-10;6.80094e-09;1.89338e-11;2.08943e-10;2.59941e-12;8.21279e-09;1.04341e-10;1.98629e-09;2.86932e-11;1.49749e-10;1.2598e-10;7.26016e-08;2.59203e-10;1.70588e-11;4.88108e-11;1.32387e-10;2.68287e-10;3.87137e-13;1.6046e-09;1.816e-10;9.5833e-10;8.87773e-11;3.74739e-07;1.89852e-10;3.55216e-10;2.25694e-09;5.51384e-11;1.74304e-09;3.24474e-12;4.15509e-07;2.37296e-10;5.84812e-12;1.0328e-09;7.37104e-11;2.06217e-12;3.42928e-13;1.59431e-08;1.45013e-10;1.16042e-09;1.03693e-10;9.11196e-11;7.88285e-11;3.66801e-08;2.76442e-10;3.0816e-12;1.80975e-11;1.06055e-12;6.7884e-12;2.95168e-14;2.05645e-08;7.76795e-11;4.78762e-11;1.78059e-09;4.38768e-10;9.15902e-11;3.1049e-10;4.73013e-07;3.90435e-10;9.30429e-10;1.39241e-06;6.8266e-11;1.20154e-08;2.80611e-11;1.94236e-08;1.06482e-09;5.06678e-10;8.66965e-09;1.16566e-09;1.92487e-10;1.78214e-16;1.595e-06;2.67303e-10;7.49899e-11;8.78365e-10;1.49385e-09;5.06439e-12;1.88159e-16;1.19677e-07;7.13849e-11;3.33636e-11;2.74469e-11;1.97765e-10;2.93236e-10;5.24193e-11;8.81055e-07;5.01005e-12;3.28111e-11;3.99996e-10;7.06157e-11;2.72504e-11;2.09527e-15;6.96298e-09;3.76118e-11;1.02493e-10;6.80643e-09;3.09946e-10;1.67176e-10;5.51102e-10;4.70751e-08;3.48066e-11;4.34373e-12;8.54909e-07;9.71728e-10;3.28041e-12;3.50832e-17;1.6099e-08;1.01675e-09;1.83785e-10;1.08501e-11;5.522e-12;5.2816e-09;0.000162806;5.66045e-08;6.65233e-08;0.999803;1.66181e-05;1.80442e-06;3.08607e-08;4.25977e-06;7.38222e-08;2.10877e-08;8.52794e-08;8.8868e-11;1.38317e-10;1.2977e-08;7.68545e-09;3.12284e-13;8.07708e-09;5.5191e-11;2.03038e-10;5.02013e-12;1.04017e-09;1.67557e-10;3.59965e-10;3.17919e-13;1.64657e-08;9.47287e-10;1.5889e-11;1.03427e-12;1.56881e-09;1.00348e-15;1.07049e-08;7.24927e-11;1.87306e-11;5.48499e-10;1.27652e-10
5.63048e-08;4.69485e-11;1.90622e-10;1.92417e-12;1.62431e-10;1.30066e-10;5.3986e-10;6.02335e-10;7.27264e-11;1.16953e-10;1.29271e-11;2.14478e-10;8.31279e-13;6.97881e-10;2.79909e-10;4.8079e-09;3.78166e-09;1.01267e-10;1.81256e-11;3.12146e-10;1.95383e-08;2.90186e-10;1.01848e-10;2.84195e-09;3.47467e-09;2.70267e-10;2.77483e-11;0.999997;2.18499e-10;8.75193e-12;3.18807e-11;1.96299e-09;3.60312e-10;2.43199e-10;1.91983e-12;1.41834e-09;9.10083e-11;7.90134e-11;3.58375e-11;2.37995e-10;7.71964e-11;1.76802e-10;1.47884e-09;1.87905e-09;6.94954e-07;6.59995e-07;5.67406e-07;7.84458e-10;7.65378e-11;1.10707e-11;4.35202e-09;5.62854e-11;7.6288e-09;1.63275e-11;2.5501e-10;5.78403e-11;5.6231e-11;7.34331e-10;7.8391e-11;4.04413e-10;5.92447e-09;6.74508e-10;2.44783e-10;1.01856e-11;2.50126e-10;5.05313e-10;1.17601e-10;1.09434e-10;7.4037e-10;2.45937e-10;4.2355e-11;5.67457e-10;1.39859e-10;2.9058e-11;1.76596e-12;2.79632e-10;5.78412e-11;3.6843e-10;2.67148e-10;2.52002e-10;1.16114e-10;1.48179e-10;3.15363e-11;1.29415e-11;2.11791e-10;3.20462e-11;1.71192e-11;5.63678e-13;9.53807e-11;8.54895e-11;6.00584e-10;3.91748e-10;1.31201e-10;8.06253e-08;1.94652e-10;3.15491e-11;1.38176e-12;6.81021e-10;5.09754e-11;2.69578e-08;6.49519e-11;5.65596e-12;2.62568e-10;4.43114e-10;2.83029e-11;1.13577e-11;6.36433e-10;9.44733e-11;5.42859e-11;1.64685e-11;1.00734e-11;1.75246e-10;1.38485e-08;9.72346e-11;7.73603e-10;1.61867e-08;1.1487e-09;2.13289e-09;1.51813e-11;3.33597e-09;2.352e-10;3.27243e-11;4.69186e-12;3.02058e-10;5.50051e-12;7.61459e-12;2.31201e-10;4.27167e-11;1.70173e-11;4.59692e-14;8.2648e-11;4.89171e-11;2.89977e-11;1.96458e-11;3.85711e-12;1.42091e-13;3.26011e-10;1.44549e-10;5.151e-11;1.43975e-10;3.23848e-10;1.34961e-11;2.9311e-12;7.88485e-10;3.45196e-11;2.90333e-11;6.02952e-11;6.97538e-11;3.58558e-10;1.31132e-10;6.22603e-11;2.49877e-08;1.15771e-10;3.39452e-10;1.59714e-12;1.87139e-10;3.99397e-10;2.65734e-11;9.20887e-11;6.33105e-10;5.70634e-11;2.75035e-10;2.44216e-08;2.00079e-10;1.18489e-09;1.301e-11;2.17921e-09;4.78851e-11;4.4874e-11;1.6643e-10;1.15718e-09;2.0979e-10;1.45261e-10;6.15264e-09;1.56149e-10;4.36645e-10;1.9724e-12;5.16595e-09;2.48712e-11;1.20578e-10;4.44801e-10;3.41092e-10;8.30377e-12;3.93791e-09;4.61129e-10;1.24346e-09;1.72738e-11;2.50522e-10;2.91021e-10;1.47453e-10;1.54511e-10;6.59053e-10;2.41393e-10;1.7257e-10;1.18165e-09;7.89207e-10;2.3559e-10;4.41215e-12;1.61046e-09;1.00683e-10;4.7731e-11;7.41258e-10;2.41438e-10;1.56297e-10;3.42166e-09;1.66191e-10;1.17457e-09;6.80144e-11;2.89586e-10;1.14556e-10;6.81501e-10;7.43644e-11;3.05934e-10;1.52448e-10;4.26764e-10;4.19446e-11;9.57713e-11;9.26267e-09;6.96236e-10;5.06905e-10;4.09761e-13;2.33764e-10;4.76103e-10;5.61722e-10;8.70354e-11;5.71856e-09;4.61407e-10;2.833e-10;6.22812e-07;1.46774e-09;3.42216e-09;9.17433e-12;3.93193e-10;1.90855e-11;1.89784e-11;3.67545e-09;1.33975e-11;1.08842e-09;6.99929e-13;4.34902e-10;8.92129e-11;5.26697e-10;2.47867e-11;1.60489e-10;9.34169e-11;3.25635e-09;5.51883e-10;6.67635e-11;3.94661e-09;4.63253e-10;3.61766e-10;7.55896e-12;1.39198e-09;8.38974e-11;1.12269e-10;1.27156e-09;3.06216e-10;3.84575e-10;2.67002e-10;9.60017e-10;2.17589e-10;1.60113e-10;2.59505e-07;1.71932e-12;2.98365e-11;4.62767e-12;4.68295e-10;1.28757e-10;2.01718e-10;4.46655e-10;3.47923e-10;3.45919e-10;1.14045e-13;1.66235e-10;3.75756e-12;6.64678e-12;2.0362e-09;2.11062e-12;1.1973e-09;4.33412e-15;8.4156e-10;1.69272e-10;4.69373e-11;4.75646e-12;2.4643e-11;5.92011e-11;1.13065e-10;9.84636e-12;5.68209e-12;2.25858e-11;2.5057e-10;3.20833e-10;2.08206e-10;1.91936e-10;1.06107e-09;4.16544e-11;9.44939e-11;1.664e-09;1.62621e-09;7.19547e-11;2.40119e-10;1.91205e-10;1.07417e-11;1.1128e-11;1.17915e-09;3.17262e-10;1.19125e-11;4.78404e-15;4.10145e-10;8.05564e-11;8.43249e-08;2.54884e-10;4.73719e-11;3.07944e-10;2.84518e-10;2.0425e-11;2.49926e-10;3.56495e-09;1.71608e-09;4.69905e-09;2.32515e-11;2.31507e-10;9.09799e-10;5.6732e-13;4.74436e-09;5.92968e-10;5.95686e-08;1.70683e-11;1.21071e-09;2.16865e-12;2.98408e-10;2.36801e-11;3.86149e-11;4.75993e-11;5.97938e-11;8.89024e-11;5.32862e-08;1.44291e-11;1.00781e-09;1.52693e-10;2.88827e-08;1.09519e-10;1.4654e-09;5.09301e-12;7.491e-10;7.403e-10;1.05279e-10;2.87487e-10;1.467e-11
1.86438e-08;5.23562e-10;8.3601e-09;1.68318e-11;8.34589e-10;2.0041e-09;3.0621e-09;2.34514e-08;2.609e-10;6.98451e-10;3.00841e-11;1.40725e-08;8.73432e-11;3.75071e-10;7.56676e-10;1.01116e-08;9.68955e-08;4.35962e-10;6.69002e-09;4.23684e-10;1.1366e-07;1.30512e-10;7.01226e-10;1.9457e-09;4.28304e-10;7.71213e-08;3.25214e-09;0.999983;1.60741e-10;3.64856e-10;1.45102e-10;3.95007e-08;1.52722e-09;1.81751e-08;3.14383e-08;4.52164e-10;4.92239e-10;3.0777e-10;2.87391e-10;4.89839e-10;4.92079e-11;1.62052e-08;1.06455e-08;8.87703e-10;3.76139e-08;3.58122e-09;6.3376e-09;2.28873e-10;6.40758e-09;1.37453e-09;2.24578e-10;6.97091e-10;1.53343e-09;2.00545e-10;7.10239e-10;3.15108e-10;1.75368e-09;6.62476e-10;3.98434e-10;1.52584e-10;2.40825e-09;6.12332e-09;6.05601e-09;8.53881e-09;7.16156e-10;4.64085e-10;1.23879e-09;6.72507e-10;1.96661e-09;3.34243e-09;1.55804e-09;2.45826e-08;4.54301e-09;4.50913e-10;1.39566e-09;7.09368e-10;3.36572e-10;1.95655e-09;5.55454e-10;3.28753e-09;3.03385e-09;1.31609e-10;2.05172e-10;1.78299e-10;1.11246e-10;2.50869e-10;8.86116e-08;3.21422e-10;3.38394e-10;4.33881e-10;7.29749e-10;3.54616e-09;7.0649e-10;2.46023e-07;1.53415e-08;4.58289e-08;2.59447e-08;3.89178e-09;1.33274e-09;1.99074e-10;1.13417e-09;2.55391e-10;1.90787e-09;7.2929e-10;5.81592e-10;3.06986e-09;5.68605e-10;4.44998e-10;1.7381e-10;4.21479e-10;4.38711e-10;2.47199e-09;1.12548e-09;3.41716e-10;2.71949e-09;9.27998e-09;6.79733e-09;3.44308e-08;3.70599e-08;3.6066e-10;9.29081e-10;4.27128e-10;2.05763e-10;8.56761e-10;1.93863e-09;1.0331e-10;4.89523e-10;1.94071e-09;1.49751e-09;1.64246e-08;6.43828e-11;2.83756e-09;1.32453e-09;3.51097e-12;2.51927e-11;8.32244e-11;1.17913e-10;4.19374e-10;1.42038e-10;3.26272e-11;8.48316e-11;9.11347e-10;1.98239e-09;6.35401e-10;4.97503e-10;2.02901e-10;9.34148e-09;2.52646e-09;1.68939e-10;3.64743e-10;2.27672e-10;2.72166e-08;3.73025e-10;5.22763e-09;9.33816e-10;5.33409e-10;3.03817e-10;2.6456e-11;1.25794e-09;2.64962e-10;3.12248e-10;1.42332e-09;1.42042e-08;2.14627e-09;3.24241e-08;6.06054e-09;1.25579e-09;1.10499e-09;6.10192e-10;7.3222e-10;3.84379e-10;1.30954e-09;2.41272e-09;4.3545e-09;1.94415e-10;1.02987e-08;1.85496e-08;1.11966e-09;4.84649e-10;5.08475e-08;1.70912e-10;1.57588e-10;3.93093e-10;1.05199e-09;2.25001e-10;5.56619e-08;6.42744e-10;8.17208e-10;2.9751e-10;2.99399e-09;1.13557e-09;4.71626e-10;3.59409e-10;2.58981e-10;2.5762e-10;4.07023e-11;6.99642e-10;5.43873e-10;5.92693e-10;9.88742e-11;3.46112e-10;6.90877e-10;1.05928e-09;6.61292e-10;1.56024e-09;1.14186e-09;4.21224e-08;5.70419e-09;2.40373e-10;3.67529e-10;3.90536e-11;3.94492e-09;8.61665e-10;6.13222e-10;1.56987e-10;2.2321e-10;1.12158e-10;1.0085e-08;4.62773e-12;5.81013e-10;4.34989e-09;2.50892e-10;4.3143e-10;2.0215e-10;5.37373e-10;1.71635e-09;4.2743e-09;1.31247e-09;5.39661e-08;2.29136e-08;2.30598e-08;2.94014e-09;1.50251e-10;3.21275e-10;1.98325e-10;5.97536e-09;4.57604e-11;1.29563e-07;1.34438e-09;2.46891e-10;6.48609e-10;1.45558e-09;2.20427e-10;1.10339e-08;5.89499e-10;4.46804e-10;1.67864e-09;3.52083e-10;1.94564e-08;7.76524e-09;1.00488e-08;1.05918e-09;1.26279e-09;1.21737e-09;2.11409e-10;1.36399e-09;1.09206e-09;2.05154e-09;5.33698e-10;5.84446e-11;2.78332e-10;3.01854e-10;1.69517e-09;3.03433e-10;8.10121e-10;1.92625e-10;2.76461e-10;5.68642e-10;8.84196e-10;3.36659e-09;6.21336e-10;4.57959e-09;1.54793e-05;9.00698e-11;1.26016e-10;7.99525e-11;2.95817e-10;1.02208e-10;5.39666e-07;2.31238e-10;2.61372e-10;5.06401e-09;1.97065e-09;7.07258e-10;5.89673e-10;4.3374e-09;7.7327e-10;3.8302e-11;1.60571e-09;1.37674e-09;1.45029e-08;3.05827e-10;1.10415e-09;4.01095e-08;3.08594e-10;6.11429e-10;6.4649e-10;2.08464e-09;5.06921e-09;5.55813e-10;6.3018e-10;7.56332e-10;5.43892e-10;8.92474e-11;1.53668e-11;2.70905e-10;5.03766e-10;3.76952e-09;2.97767e-10;4.25669e-10;1.99036e-12;1.65737e-10;1.50087e-09;1.02438e-09;2.55935e-10;5.80088e-10;4.51725e-10;8.0647e-10;8.54999e-10;8.71022e-11;1.29626e-08;9.95171e-10;2.7234e-09;9.87005e-11;8.33229e-10;1.32336e-09;2.81397e-08;5.99733e-10;1.15649e-08;1.58676e-10;1.15136e-10;9.17386e-10;1.5215e-10;2.97238e-10;2.26003e-10;4.26477e-10;1.16347e-08;2.62788e-09;3.15854e-10;3.41953e-10;9.15535e-10;4.03254e-09;1.80846e-09;8.15976e-10;7.30553e-11;1.1224e-09;1.21464e-10;4.15601e-11;3.78676e-10
1.39385e-10;3.57229e-10;3.48097e-11;1.08206e-11;6.94876e-10;2.18086e-10;1.97011e-10;2.03194e-10;1.20767e-11;4.68002e-11;1.53213e-12;1.49814e-10;2.1521e-13;7.29532e-11;1.47345e-11;3.04114e-11;2.5071e-10;2.79317e-11;1.90582e-11;1.56477e-11;4.60017e-11;6.00225e-12;1.2435e-11;1.03e-09;4.90875e-12;2.65399e-10;5.58174e-11;2.21135e-11;4.55548e-12;8.66397e-12;2.67619e-13;5.55549e-10;1.60702e-12;2.44386e-12;3.76353e-12;1.47201e-11;1.31608e-11;1.43295e-11;8.50549e-11;9.60309e-11;2.85692e-14;6.19598e-13;1.2044e-13;5.76722e-15;4.75874e-11;4.90437e-12;2.57772e-13;1.05779e-10;6.59274e-11;1.55446e-11;4.2862e-11;4.11544e-11;2.62033e-11;4.57645e-12;7.04156e-11;3.83912e-12;4.11661e-11;4.38886e-10;1.90156e-11;1.68267e-11;4.57968e-11;1.40801e-11;6.53225e-11;1.6204e-10;1.30526e-11;6.83611e-10;7.52558e-11;2.58525e-11;4.48412e-10;3.68432e-10;1.63977e-10;2.53853e-11;2.86425e-11;2.33348e-09;2.11979e-10;1.79575e-11;2.41294e-11;3.11346e-10;2.64326e-10;2.29536e-10;2.29216e-11;1.18335e-11;3.6899e-11;1.01829e-11;3.42267e-12;5.05847e-11;9.54879e-12;2.64184e-12;5.13534e-11;1.44076e-11;5.70265e-11;7.10751e-12;9.0265e-12;1.99086e-09;4.42922e-10;1.80209e-09;7.74828e-13;2.70047e-11;7.63964e-11;4.80436e-12;1.18144e-10;5.59243e-12;1.3201e-08;4.39221e-11;3.72254e-11;2.86541e-11;7.65865e-11;1.2175e-11;1.80164e-11;1.57936e-09;4.56227e-10;3.00244e-11;1.10502e-10;3.63474e-11;5.85161e-11;5.52621e-10;3.72121e-10;3.26171e-10;4.36706e-11;8.16711e-10;2.53421e-10;1.41928e-10;7.89034e-11;9.30304e-12;1.21753e-11;3.14734e-13;1.26622e-10;2.92953e-12;1.05634e-12;4.00306e-12;1.99199e-11;4.3602e-11;2.80399e-11;7.9167e-09;7.42097e-12;1.20639e-10;1.03236e-11;1.9837e-11;6.22443e-11;5.98385e-10;5.04731e-12;6.11379e-12;5.65951e-12;9.7342e-11;8.79767e-11;4.8415e-11;2.30357e-11;4.39162e-11;1.0736e-10;1.38366e-10;2.71396e-11;1.08579e-10;1.09448e-11;2.13089e-11;1.43964e-11;1.65186e-11;3.74016e-11;7.42937e-11;1.18394e-09;3.85703e-11;1.39445e-11;3.49158e-11;4.90471e-12;3.72476e-10;1.21502e-10;4.1493e-12;3.45482e-11;1.61555e-10;6.60611e-11;1.8555e-11;3.32075e-11;5.6245e-11;3.90918e-11;5.35795e-11;1.80457e-11;1.66101e-11;6.45533e-12;1.38609e-10;4.14246e-11;1.06097e-10;1.72295e-10;6.39526e-11;1.28164e-10;1.24912e-09;1.53421e-10;1.0953e-09;8.38965e-10;7.57774e-09;1.37935e-09;1.56445e-10;3.28126e-11;6.00439e-11;2.68215e-11;4.83852e-12;1.68759e-10;4.96703e-12;8.19114e-11;2.58145e-12;3.88285e-10;8.90177e-11;3.72891e-10;3.01626e-11;4.17596e-11;1.91051e-11;1.61794e-10;2.50997e-12;3.67828e-11;7.66444e-12;2.76088e-11;4.127e-11;4.92099e-10;1.36744e-10;2.02277e-11;8.86342e-12;1.04097e-10;8.09473e-11;2.53616e-12;7.9297e-10;1.41706e-12;1.69882e-12;6.67153e-15;1.14569e-11;2.1151e-11;1.89846e-11;1.26548e-11;1.11782e-10;1.84542e-10;2.28351e-11;1.44398e-10;2.37968e-11;1.01678e-11;6.48597e-12;9.25664e-12;5.43097e-12;7.93805e-12;4.45777e-11;4.33939e-10;5.86716e-11;2.66242e-13;2.18326e-10;9.2925e-11;6.08701e-09;3.90479e-11;6.38244e-10;2.98608e-11;2.58368e-12;4.76598e-12;3.77501e-11;2.08551e-11;2.25444e-11;1.07073e-10;1.71692e-10;1.67629e-10;2.53322e-11;4.31462e-11;1.52745e-10;6.1078e-11;2.01237e-10;5.7627e-11;3.06979e-11;5.83727e-11;3.39293e-11;3.38844e-10;3.37037e-11;3.12689e-10;3.6871e-12;3.84561e-11;2.23636e-11;2.09665e-11;1.69033e-11;2.07304e-11;8.52813e-12;8.22028e-06;3.8959e-09;2.00356e-09;1.09875e-10;3.93047e-08;2.50151e-09;1.64389e-07;5.04041e-07;2.26633e-08;8.30138e-09;9.8075e-09;0.99999;6.98284e-08;1.13563e-06;3.75077e-11;8.95854e-12;3.44527e-12;3.37029e-11;3.16406e-09;1.67984e-11;8.1134e-14;3.51308e-14;1.56321e-11;9.97301e-11;1.75275e-11;2.0918e-09;1.7406e-10;9.78574e-11;2.31186e-11;1.43348e-12;3.48348e-12;2.65012e-13;3.42078e-11;5.61168e-11;2.3123e-12;9.5355e-15;5.73409e-11;7.58618e-11;1.41692e-13;8.05633e-12;1.51987e-13;4.79916e-11;6.39384e-11;3.88871e-10;2.88439e-11;1.45397e-09;3.862e-13;6.36255e-14;2.27888e-11;3.20217e-11;1.47576e-11;1.45199e-13;5.01565e-12;1.02757e-10;4.45669e-10;8.92706e-12;3.57618e-10;2.52064e-12;3.68383e-11;4.66814e-12;1.18236e-11;1.07719e-10;8.68242e-12;2.73115e-11;1.98162e-11;5.40252e-14;1.75028e-11;2.02986e-11;1.81893e-11;5.24309e-10;9.26485e-11;4.55459e-14;4.15198e-12;3.63557e-11;2.67585e-12;4.22025e-12;8.32754e-12
2.92809e-11;1.21931e-09;3.65427e-10;8.14828e-12;1.41311e-08;1.75126e-08;1.70025e-10;2.88453e-08;2.10873e-09;1.86678e-09;1.14902e-07;1.34573e-09;3.18484e-12;2.4513e-08;3.17421e-09;2.15153e-08;1.64609e-08;1.11057e-09;1.03509e-08;6.2954e-10;5.63419e-09;8.45527e-11;1.0737e-09;1.1538e-08;1.24481e-10;4.25758e-07;2.53536e-09;1.27595e-07;8.26083e-10;5.03874e-09;1.1559e-11;3.494e-06;1.26311e-08;3.43606e-10;2.37035e-13;1.54523e-09;1.27921e-09;1.47796e-09;2.01097e-09;1.23938e-09;5.90756e-11;1.06259e-09;4.41574e-08;8.11539e-10;8.29708e-11;3.88616e-09;2.53775e-10;1.20972e-10;1.11291e-09;1.59525e-10;2.1317e-10;2.61523e-12;2.85676e-07;6.04304e-10;4.69906e-08;1.41711e-08;4.0953e-07;2.86852e-10;6.91534e-10;8.33741e-11;2.59376e-13;5.16932e-12;5.08249e-10;5.08643e-12;9.41457e-10;1.37966e-08;1.14957e-07;1.84069e-08;3.18133e-09;2.34217e-09;4.85123e-10;9.69649e-10;6.33053e-11;2.73527e-08;6.10247e-13;7.42083e-10;5.46869e-10;3.19034e-08;1.078e-09;9.47427e-08;6.17024e-09;2.19863e-09;1.23924e-09;1.34929e-09;5.81672e-10;1.99596e-08;1.61377e-08;4.50173e-10;2.25967e-08;3.5877e-09;7.36595e-10;2.15753e-10;6.22295e-10;3.99496e-08;1.55029e-08;1.76171e-06;9.35351e-13;1.18577e-09;2.24197e-09;5.92882e-11;9.52608e-09;2.44492e-10;4.5716e-10;2.36379e-11;3.6991e-10;1.32941e-12;1.36089e-09;1.82215e-09;1.29027e-09;7.42553e-08;2.30337e-07;7.16188e-06;2.81733e-06;1.58054e-08;1.37867e-06;3.61499e-05;3.52303e-05;0.998628;5.90428e-06;0.000248571;0.000757685;0.000108003;1.5062e-06;3.50737e-11;2.21334e-11;1.28206e-10;2.90293e-13;4.93271e-12;9.32849e-09;1.75831e-14;4.59158e-09;1.95306e-09;3.68785e-09;9.65098e-08;3.7515e-07;4.22758e-06;2.57552e-09;1.11665e-09;2.34907e-09;3.23909e-09;1.50629e-08;8.05177e-08;8.4696e-11;3.91523e-09;5.58188e-06;3.32386e-07;2.54177e-06;2.22094e-10;4.3924e-10;2.5789e-10;1.36193e-11;2.36989e-12;1.98617e-12;1.48038e-11;9.42025e-14;9.10997e-10;1.49342e-07;1.05669e-07;2.48775e-07;8.31273e-10;1.95585e-09;2.02296e-09;4.1052e-09;4.74399e-10;1.0014e-07;4.49668e-11;1.01216e-05;8.60606e-07;7.08772e-07;9.63227e-09;1.71827e-08;3.98904e-09;5.68537e-09;6.24598e-11;5.06221e-10;3.25764e-10;4.036e-12;2.49624e-05;3.86461e-07;1.29633e-05;3.36961e-10;2.38334e-10;2.97196e-10;3.17726e-11;1.52153e-11;1.1993e-09;9.98754e-12;3.8594e-07;9.84511e-08;4.87204e-09;1.34907e-09;1.1604e-09;2.67346e-09;2.55528e-09;5.73051e-11;1.83326e-10;9.35101e-09;8.2659e-13;2.17913e-06;8.09499e-07;1.50599e-05;3.4455e-10;1.69559e-09;6.77579e-10;2.38663e-10;1.11949e-10;6.53026e-09;1.6931e-11;6.63247e-10;7.95614e-10;5.63938e-07;2.00197e-06;4.89195e-08;1.25659e-09;1.81722e-09;2.7427e-09;6.41767e-09;1.62071e-09;3.58269e-09;1.14217e-06;1.39875e-13;6.06039e-10;2.64964e-09;2.53609e-09;8.05387e-10;1.06827e-08;1.90951e-09;2.09612e-09;1.48212e-08;1.51577e-08;3.48051e-07;7.04622e-11;7.41547e-10;2.29141e-09;1.75095e-09;6.28941e-09;1.71878e-08;1.7924e-06;1.56348e-12;1.2176e-08;7.46874e-09;2.25517e-07;8.12159e-09;8.30975e-07;1.3973e-09;4.52775e-10;2.71386e-10;3.61656e-09;1.51375e-08;7.54326e-09;3.08227e-06;9.18084e-11;7.77257e-09;1.15351e-09;9.45839e-09;3.21531e-08;4.13627e-08;1.37677e-07;1.78176e-09;9.97015e-09;1.68453e-07;5.0423e-09;1.66738e-07;2.87766e-09;6.08882e-05;3.08556e-13;1.65801e-09;2.43733e-09;6.51478e-09;1.76764e-07;6.24894e-09;4.4463e-07;8.52102e-12;6.78942e-12;3.01826e-10;1.98208e-11;1.81655e-13;1.52641e-12;1.10653e-12;3.33326e-10;1.92006e-09;7.68068e-10;8.63762e-10;1.31855e-06;1.24221e-08;1.1281e-08;2.98953e-07;7.37746e-12;7.54785e-10;1.92619e-10;4.43871e-10;9.82091e-12;9.67806e-08;1.02486e-11;4.21657e-09;4.91557e-10;1.24544e-09;9.86029e-10;1.67626e-10;8.12202e-09;2.44652e-09;1.2314e-10;8.39541e-11;5.48016e-11;4.10466e-11;2.06945e-12;7.7993e-11;2.26354e-13;2.45013e-09;5.66474e-09;4.23887e-10;6.28568e-08;2.81045e-06;1.25046e-08;7.76668e-10;3.35844e-09;1.72672e-09;1.25468e-07;7.1389e-09;1.02306e-10;6.48581e-12;2.03512e-08;2.4051e-09;1.99272e-12;1.18728e-10;1.0252e-09;5.73231e-09;7.82954e-10;2.46945e-08;1.29669e-08;5.66627e-10;4.33121e-10;8.38662e-10;4.84916e-09;9.25008e-10;6.98617e-09;1.69971e-10;5.38258e-14;4.04277e-09;8.7803e-10;5.25841e-07;3.81555e-11;4.75449e-08;9.74156e-10;1.0172e-09;1.26093e-08;3.26797e-09;3.32467e-10;1.67381e-09
2.44141e-09;7.8461e-14;1.42469e-13;3.21872e-14;3.23834e-12;2.12702e-12;1.09969e-14;1.26428e-10;4.98633e-12;7.72324e-13;4.92526e-14;9.27817e-12;3.36659e-10;3.4653e-13;2.43157e-12;3.26313e-11;7.3852e-13;1.51016e-12;2.53482e-11;3.54436e-13;1.87196e-11;1.1974e-12;5.23361e-12;1.38674e-10;4.96029e-12;4.30832e-11;6.27931e-10;1.56542e-12;4.64654e-14;5.30665e-12;5.72784e-16;4.23917e-13;5.11684e-10;4.31051e-15;1.52899e-07;4.62088e-13;1.95205e-12;7.50278e-13;1.6977e-10;4.71133e-11;3.08646e-12;2.61628e-10;1.40539e-09;1.33886e-13;8.11797e-14;3.46065e-11;2.47484e-15;3.27632e-14;1.41438e-13;5.72898e-14;1.3303e-12;4.6587e-13;8.06762e-14;9.8994e-10;6.40531e-14;1.14864e-11;9.56051e-12;4.39983e-13;5.34097e-12;4.90786e-13;3.67545e-13;3.05901e-12;7.49652e-14;9.51983e-10;3.61577e-13;1.89085e-12;4.53163e-12;3.4733e-12;2.00591e-13;2.74094e-12;1.89158e-13;4.47235e-14;1.71142e-10;5.18548e-12;3.46572e-09;6.36706e-13;6.99529e-13;3.19438e-11;5.23955e-12;4.43828e-11;4.46601e-13;1.60002e-14;4.51343e-13;2.60444e-14;2.08196e-14;7.50527e-12;8.36915e-11;4.08092e-09;2.42585e-11;1.50283e-12;9.96191e-13;6.36961e-13;2.41178e-12;1.06539e-14;2.45357e-12;2.65891e-12;7.92132e-11;1.19208e-12;5.76286e-12;3.35098e-16;1.02788e-13;8.36257e-15;1.8681e-13;2.34761e-12;8.31918e-13;1.43005e-08;2.77119e-13;8.7559e-13;6.30338e-13;6.99351e-11;5.59652e-11;1.21384e-11;2.04746e-13;1.5532e-12;2.02826e-11;7.16699e-13;3.7806e-11;5.42375e-12;4.10848e-11;5.76554e-12;6.81371e-11;2.14955e-11;1.59296e-11;4.31199e-16;2.49646e-13;3.29756e-15;1.80498e-15;1.08472e-13;2.72512e-12;4.47635e-10;6.00183e-14;3.567e-12;9.61067e-13;7.42843e-12;1.0111e-12;2.03227e-11;1.45848e-12;1.33869e-11;1.56015e-12;1.50923e-11;2.10565e-10;9.40096e-12;1.59643e-09;8.86241e-13;2.68595e-09;1.00411e-10;1.1774e-10;2.05752e-12;4.361e-14;2.20289e-12;1.05987e-13;9.23287e-17;1.07186e-10;7.32141e-11;1.79753e-11;7.81211e-13;2.8617e-14;6.09787e-12;1.17001e-11;2.49884e-13;7.21052e-13;7.28379e-13;1.64591e-14;8.51578e-14;1.69007e-13;6.17949e-11;2.93889e-13;1.33498e-12;6.55366e-14;2.60631e-12;1.08623e-13;3.048e-13;5.21892e-14;1.04417e-14;4.89345e-13;7.49864e-14;4.82962e-11;1.27352e-13;3.54552e-12;4.10061e-12;5.92805e-13;4.67902e-12;1.49385e-13;2.88261e-12;1.0476e-10;7.39425e-14;4.48205e-09;1.19359e-11;2.15654e-11;3.27256e-12;5.8144e-13;4.25492e-14;1.007e-13;6.70388e-14;1.48455e-13;3.29937e-13;4.86998e-13;3.55331e-10;1.77993e-12;4.86957e-13;4.87516e-12;1.66342e-13;1.09198e-12;1.80899e-13;9.10303e-12;5.50311e-12;2.33965e-13;4.00838e-11;1.02635e-12;5.38983e-13;4.11955e-12;1.75004e-12;1.91219e-12;2.8912e-12;2.13807e-13;1.11186e-12;3.97079e-14;7.41219e-14;5.07092e-13;3.56817e-11;3.08491e-10;7.02177e-13;1.71258e-11;1.99274e-12;2.20624e-12;2.93699e-14;1.66171e-13;5.64591e-14;1.26433e-14;2.37707e-14;1.6665e-13;1.48764e-10;2.5058e-13;3.16951e-12;2.8844e-14;1.07459e-14;5.18481e-10;6.79762e-15;2.07553e-08;1.78207e-12;2.37269e-12;7.78497e-11;1.27888e-11;1.93194e-12;4.04223e-13;1.23915e-15;1.53454e-14;2.92266e-15;1.89954e-14;1.08145e-13;3.9131e-14;1.49251e-10;1.4313e-13;2.63425e-13;5.65322e-13;1.36411e-11;1.65413e-12;7.82872e-13;3.24413e-13;4.94992e-14;1.69749e-13;4.08787e-14;1.44037e-15;1.92935e-12;6.35854e-12;5.71178e-11;7.37083e-13;1.09266e-12;7.28923e-14;1.33031e-11;1.46545e-12;4.83184e-11;5.34893e-13;8.10887e-16;3.28989e-12;2.23051e-15;1.88389e-17;1.55881e-12;1.5126e-12;1.46302e-12;3.80865e-13;9.34005e-13;2.39366e-11;8.66356e-14;2.2972e-11;1.27185e-11;5.69192e-13;1.09863e-14;3.86467e-14;9.33066e-17;1.67537e-13;1.01474e-13;4.36842e-12;1.64539e-13;2.1392e-14;2.98168e-12;6.57317e-13;1.43767e-10;2.35264e-11;1.08398e-12;7.28207e-13;3.84742e-15;8.95735e-12;5.41861e-14;1.26258e-12;1.39199e-11;1.07448e-10;2.84576e-08;3.2863e-12;3.67457e-12;2.40574e-13;6.91675e-11;5.56445e-12;3.42456e-12;2.96518e-13;8.94189e-13;1.77208e-13;3.89439e-13;5.79462e-12;7.15232e-13;2.33995e-11;1.11718e-11;8.67173e-12;5.7437e-10;1.41375e-13;4.66847e-12;1.76139e-14;1.59818e-12;3.43253e-13;9.44902e-09;1.97439e-13;4.19161e-13;1.26263e-12;1.05004e-12;6.8042e-13;7.94449e-13;2.90277e-12;0.999966;7.46905e-11;3.62515e-10;7.25142e-09;2.66986e-08;1.02992e-09;3.388e-05;3.92585e-11;3.09866e-09;6.40472e-11;4.64931e-08;7.56933e-09
1.41198e-06;4.79713e-09;1.00726e-07;1.92796e-08;1.10977e-07;5.44906e-07;2.60216e-09;2.09816e-07;1.44399e-09;5.86597e-10;7.79123e-10;2.24169e-09;8.44833e-14;5.30382e-10;9.07654e-10;8.63508e-10;3.61399e-10;3.31775e-10;3.50124e-11;6.72709e-10;6.0201e-10;3.01291e-10;5.87121e-10;1.34745e-09;2.69183e-09;2.17443e-10;1.244e-10;4.01163e-10;6.0235e-11;4.81835e-09;5.46861e-11;1.05933e-09;6.57643e-09;7.69169e-12;2.51198e-11;1.94717e-10;2.73918e-10;2.84735e-10;6.76223e-11;2.71569e-10;1.59765e-10;1.033e-09;2.38238e-09;6.73161e-11;2.58273e-08;2.40469e-06;4.626e-09;3.63281e-10;7.89925e-09;1.15309e-10;2.14382e-07;2.59412e-08;1.16875e-08;2.19518e-09;9.99842e-12;2.37662e-09;1.12788e-09;1.8694e-10;1.43459e-09;4.43454e-10;9.38241e-10;1.40077e-10;1.78762e-09;3.45394e-11;1.51923e-10;4.70831e-11;2.03154e-10;4.57647e-09;8.95384e-11;6.62712e-09;2.08589e-09;4.35286e-12;8.56655e-09;9.62348e-10;5.68071e-12;3.21495e-10;5.88687e-10;1.57324e-10;1.13893e-09;8.54359e-10;2.17796e-10;5.24706e-11;5.34191e-09;2.50896e-10;1.8487e-10;5.91432e-08;4.61302e-11;7.92238e-13;2.45176e-10;3.49078e-10;1.8707e-10;6.95401e-10;3.7855e-10;1.08958e-09;1.45144e-10;3.37517e-10;9.56233e-12;1.12148e-09;9.01159e-10;9.12694e-12;1.989e-08;5.52508e-10;7.94172e-10;3.42248e-07;1.72151e-09;3.46865e-10;1.58564e-10;2.61916e-10;7.37946e-10;8.66232e-11;6.70552e-11;6.78899e-09;1.37373e-10;1.72953e-10;6.43068e-09;3.28959e-11;4.4788e-09;4.43697e-11;2.79626e-10;2.41225e-11;3.724e-10;7.90918e-11;1.07646e-09;4.33768e-11;4.98474e-09;2.27204e-11;1.01648e-08;1.22418e-08;1.8992e-10;4.78802e-12;4.78762e-10;6.24553e-10;5.7764e-10;2.03656e-10;1.45212e-09;1.87867e-10;1.52313e-09;4.76981e-08;1.50893e-09;3.12302e-09;2.85154e-07;3.59726e-09;4.0501e-10;1.78355e-10;4.37219e-10;3.1431e-09;9.43072e-10;7.6197e-10;8.07176e-11;6.29271e-09;1.53357e-10;2.10152e-10;6.24731e-08;3.40722e-10;6.49372e-11;2.62369e-10;1.17029e-11;2.54914e-09;1.06567e-09;5.50803e-10;4.18018e-10;2.12551e-09;3.33301e-09;9.75907e-10;3.14686e-09;2.93796e-11;3.0314e-10;7.13767e-10;8.23516e-10;9.4838e-10;2.83214e-10;1.68785e-08;1.06094e-09;1.86619e-09;1.252e-07;2.4154e-10;2.01428e-10;3.53327e-10;6.80529e-10;2.57292e-09;1.37407e-09;8.75806e-08;1.04751e-09;4.28597e-07;2.85771e-06;1.15476e-09;1.88541e-09;1.33133e-09;1.51298e-08;2.26627e-09;6.00252e-10;3.6932e-10;3.51327e-09;8.4112e-10;1.3171e-10;3.82524e-09;1.78194e-09;3.37334e-11;2.15078e-10;3.28009e-10;5.69598e-10;2.47187e-09;6.29401e-09;1.19684e-09;1.38875e-08;1.43245e-09;2.0309e-09;7.41381e-10;1.1587e-10;5.05889e-10;4.00514e-10;4.7781e-10;5.18875e-11;1.99199e-09;1.12512e-10;1.24543e-09;1.93403e-09;1.75316e-11;2.08307e-09;2.44537e-08;5.78568e-11;4.72765e-10;5.68109e-10;2.04934e-09;7.72068e-10;6.79417e-10;2.85486e-09;1.31856e-09;1.37648e-09;1.61894e-08;2.32859e-09;1.58888e-10;3.43879e-10;8.87943e-09;3.14236e-10;1.28277e-09;1.44638e-08;3.12629e-09;1.75417e-11;2.7136e-10;5.25644e-10;1.88708e-10;7.35412e-09;9.93934e-09;9.59318e-10;1.40738e-10;9.18203e-09;1.87406e-10;4.3198e-09;1.72153e-08;2.81399e-11;5.95615e-12;2.4013e-11;1.44e-10;2.48721e-10;3.16194e-10;1.24742e-09;3.15754e-11;4.3735e-10;7.11102e-11;1.86836e-09;1.4078e-09;7.49229e-07;1.2135e-10;6.74502e-10;2.68266e-11;1.1035e-09;3.11651e-10;2.35325e-10;1.69185e-10;4.97788e-09;8.61873e-09;6.30139e-15;1.80745e-10;1.75976e-08;1.4893e-09;1.96358e-09;2.09164e-07;3.1527e-12;2.37096e-11;1.27995e-11;9.65738e-10;1.89376e-10;6.14054e-13;2.62371e-10;1.28706e-11;1.7566e-10;1.51061e-11;6.372e-09;1.37268e-11;1.29181e-11;1.2693e-08;3.49974e-10;6.09331e-12;1.5852e-10;2.19049e-10;1.16325e-10;7.97091e-12;2.23641e-10;3.08097e-11;2.32424e-09;6.27662e-09;2.3085e-06;1.87531e-08;0.999588;0.000370962;2.64091e-05;1.30816e-07;5.54591e-09;1.01028e-07;5.31042e-10;5.71107e-08;7.56356e-07;3.93839e-10;2.16937e-10;3.12318e-09;1.69343e-10;7.96803e-12;2.22352e-09;1.94723e-09;2.07393e-11;3.25246e-09;1.77392e-09;4.29995e-11;6.78663e-09;1.31741e-09;3.15505e-09;2.57596e-08;2.06805e-10;1.76665e-11;2.7055e-10;3.42633e-09;1.90181e-10;9.0271e-10;3.0083e-09;1.01895e-09;1.37481e-09;7.06954e-11;3.86796e-11;1.32103e-09;5.07413e-11;9.72277e-10;2.80282e-09;1.64967e-13;1.17438e-11;4.43797e-09;1.02531e-10;1.22889e-09;3.93601e-08
2.41171e-07;1.86715e-08;2.5451e-08;9.83696e-11;2.38703e-09;3.97949e-09;5.58874e-11;0.999977;7.32295e-09;1.04194e-08;2.18908e-09;1.41905e-06;1.56718e-08;1.31357e-09;1.47127e-09;2.50636e-08;2.84683e-08;1.86418e-09;3.67455e-06;4.54257e-09;3.56371e-08;5.56147e-10;1.66522e-08;4.44429e-08;1.04542e-08;1.82294e-08;6.84358e-09;4.94643e-09;5.57516e-10;8.78706e-09;7.49015e-11;8.91124e-09;3.12995e-09;1.52487e-08;5.73879e-08;3.83111e-09;3.07613e-09;1.9507e-09;4.78547e-09;6.78843e-09;4.18363e-10;2.18746e-08;5.18967e-08;6.75078e-10;9.1006e-08;2.0983e-07;4.10437e-10;1.23638e-09;3.57e-08;1.84121e-10;3.63442e-09;9.76226e-10;3.59485e-10;3.06962e-09;1.27662e-09;4.86501e-08;4.034e-09;2.9571e-09;4.36399e-09;3.61763e-09;2.20258e-07;3.328e-08;3.21495e-08;5.94893e-08;1.57061e-09;6.8822e-08;3.63367e-09;4.35551e-09;5.85934e-09;6.79577e-08;3.99337e-09;1.33337e-09;1.11438e-08;7.60851e-10;1.47411e-09;5.79458e-09;3.73367e-09;2.07722e-07;9.51988e-09;5.82002e-08;1.48065e-07;7.07815e-09;4.55187e-08;3.35124e-08;1.41601e-06;2.53513e-06;3.15885e-09;1.46043e-07;3.20205e-09;7.38505e-09;2.12876e-09;9.13988e-10;3.03987e-09;3.0972e-09;1.37877e-07;6.31804e-08;6.91937e-09;8.64415e-09;7.74795e-09;4.75595e-10;7.80308e-09;2.03719e-10;2.60188e-08;6.43748e-09;6.82154e-10;1.24943e-09;9.33675e-09;3.32968e-09;1.68821e-09;5.67702e-09;4.55498e-10;4.49181e-09;3.05491e-10;5.66008e-10;2.25625e-10;5.9109e-09;1.55159e-09;7.7305e-11;2.16564e-10;8.38286e-10;1.48306e-09;7.91853e-10;1.01437e-08;8.31889e-10;6.88973e-09;1.04605e-10;1.20979e-08;7.47096e-10;9.10116e-09;6.52073e-09;2.07882e-08;1.89337e-08;7.28527e-09;1.40066e-06;2.29224e-09;3.20638e-08;1.6497e-10;1.86675e-09;5.33103e-10;1.28361e-09;2.80969e-10;6.37133e-10;2.21222e-10;1.7076e-09;2.71068e-08;9.71694e-09;1.77422e-08;1.03693e-08;2.78816e-10;4.54113e-09;2.23034e-10;4.98292e-09;6.05751e-08;1.70705e-10;2.44399e-09;3.44427e-09;4.05714e-10;2.85905e-09;1.90429e-09;3.59966e-09;1.16759e-09;1.08189e-08;5.95928e-08;3.47334e-08;2.64017e-08;8.57779e-09;6.27011e-09;3.99741e-09;1.74683e-08;5.88593e-09;2.3449e-10;1.11886e-09;1.73415e-09;3.56519e-09;2.34045e-09;1.56692e-11;3.63345e-10;1.16005e-10;7.89936e-10;2.22177e-09;7.91613e-09;9.14756e-09;2.92058e-09;2.04878e-08;1.52651e-08;2.16291e-09;3.26594e-09;5.30166e-08;1.53753e-08;2.51279e-08;1.23988e-08;3.19396e-09;2.2056e-09;1.54809e-09;1.59735e-07;1.19524e-08;5.74319e-10;7.35819e-08;3.67062e-09;2.32498e-09;1.57946e-08;1.34302e-08;8.09304e-09;1.18011e-09;4.96761e-06;1.53345e-07;2.09839e-08;9.61662e-08;5.20009e-09;7.50668e-09;6.01673e-09;8.01273e-09;8.13369e-09;2.61082e-09;5.83339e-11;2.18799e-10;6.20528e-10;8.81899e-09;1.3783e-11;4.42109e-09;9.36768e-11;9.53948e-10;4.02401e-09;6.77962e-09;2.43912e-09;3.97855e-09;1.06681e-08;3.18807e-09;2.50412e-07;4.44658e-08;4.14435e-09;1.85694e-09;6.1952e-10;3.13378e-09;2.068e-09;1.75454e-08;1.23712e-09;2.10869e-09;5.23274e-10;7.79804e-09;5.00259e-09;5.25599e-08;2.10241e-08;2.95541e-08;1.91569e-09;1.27264e-10;1.21328e-08;2.99366e-10;1.57403e-07;9.53739e-10;4.10313e-09;4.3194e-10;2.6147e-10;1.22519e-09;1.46295e-09;1.76278e-09;6.79269e-10;3.01435e-10;2.9121e-09;3.99221e-09;5.96474e-09;1.14414e-09;4.98e-08;7.33259e-08;2.24112e-09;5.7973e-10;7.48956e-09;3.31399e-09;1.02278e-08;4.1196e-09;2.46052e-08;1.27367e-07;5.53856e-12;7.05152e-11;4.16704e-09;1.19276e-11;6.47064e-09;8.90676e-10;2.64954e-08;5.02865e-10;7.84486e-10;7.69058e-09;1.22932e-09;6.8101e-09;3.50809e-10;1.44197e-09;4.72897e-10;1.91765e-12;1.62592e-09;8.36693e-12;7.53627e-08;1.06726e-08;2.68889e-09;2.03777e-09;4.54077e-09;3.50431e-09;1.2022e-09;4.26927e-09;1.3948e-09;2.18948e-09;1.85656e-09;2.31078e-11;3.00749e-09;6.14041e-12;2.2635e-07;4.46188e-09;7.24457e-09;8.06225e-09;5.14753e-09;1.34663e-09;4.44846e-09;2.46286e-10;5.07296e-09;4.5675e-09;8.34204e-10;2.45156e-09;4.69377e-10;7.19691e-09;3.31367e-09;3.27356e-11;5.10445e-10;1.64756e-07;4.89431e-09;4.5241e-09;1.6357e-09;1.01846e-08;1.17056e-07;1.94816e-09;3.85739e-10;2.89957e-12;4.31469e-10;2.29242e-09;1.89524e-09;2.68745e-09;7.50199e-09;2.14087e-09;1.08722e-08;6.19528e-09;3.95418e-09;9.44362e-09;3.47487e-07;2.0856e-06;1.30497e-09;3.82286e-09;1.11716e-09;2.37911e-07;3.01181e-09;1.39303e-09;1.07237e-07
1.6702e-08;5.39916e-10;5.18065e-11;1.49519e-12;1.88668e-09;1.27079e-09;2.22705e-12;9.20932e-08;2.37854e-10;6.82796e-10;6.40883e-11;3.49189e-10;7.5136e-11;5.68326e-10;6.93626e-10;1.86059e-09;1.31679e-09;1.30274e-10;5.0629e-08;1.72996e-10;7.599e-10;3.55941e-10;7.25135e-10;3.24491e-09;9.39847e-10;2.91586e-10;8.24899e-09;3.10841e-10;2.24551e-11;1.13402e-12;2.36407e-13;1.06289e-08;5.21948e-11;6.94688e-13;1.93847e-11;1.31258e-09;4.3323e-10;7.0884e-11;1.93273e-09;3.79279e-08;4.59171e-10;8.62198e-12;1.93845e-09;7.77669e-12;4.29753e-09;8.18488e-10;4.02473e-12;4.24013e-11;1.28308e-10;6.93905e-12;5.68373e-10;4.86165e-11;8.114e-11;1.67117e-12;4.74364e-10;9.61069e-10;2.06228e-09;8.57978e-10;1.10451e-09;3.01554e-10;1.64728e-09;2.54452e-09;7.12515e-09;1.24866e-08;2.61006e-10;4.32338e-09;9.19263e-10;1.10352e-09;9.44996e-11;2.1084e-10;6.563e-11;8.0485e-10;2.74126e-08;1.34146e-10;5.05313e-10;4.17687e-10;2.56051e-10;1.934e-09;4.74239e-10;4.49748e-09;1.3995e-09;1.82914e-09;1.44854e-09;1.28279e-10;2.77501e-09;6.37875e-09;1.91368e-09;1.08112e-09;7.65694e-09;3.86779e-10;2.46966e-10;2.73081e-11;3.08553e-10;1.3124e-09;3.72325e-09;6.71653e-10;2.36458e-10;3.4586e-10;8.65714e-10;1.28772e-11;2.82008e-11;3.87888e-12;1.3058e-07;8.87879e-11;1.22438e-11;4.80674e-11;1.07892e-09;2.43577e-10;1.37502e-10;1.29788e-11;2.72665e-09;8.29402e-11;2.11615e-11;3.51471e-10;4.12383e-11;2.37199e-10;1.28068e-11;2.89189e-11;2.94225e-12;4.53819e-10;1.00272e-09;8.63827e-11;5.16396e-10;2.65017e-12;2.63964e-11;4.54642e-14;2.04027e-11;5.42499e-11;2.015e-11;1.20129e-10;6.72701e-10;2.89686e-10;4.96617e-10;7.10909e-08;5.89487e-11;7.32985e-10;1.5393e-10;3.00683e-10;3.38433e-10;5.78685e-09;2.79012e-09;1.41056e-09;2.41941e-10;1.6263e-09;6.35388e-10;5.95037e-10;8.47417e-09;2.14168e-09;1.61845e-10;5.85762e-10;2.17554e-11;5.82925e-09;1.43626e-09;2.23422e-09;8.80854e-12;3.56048e-10;3.17082e-09;2.89537e-09;1.26801e-09;3.62376e-09;2.48015e-10;1.31373e-09;4.16547e-12;6.6341e-09;1.09303e-10;1.77012e-09;7.95631e-11;1.31502e-09;2.05718e-09;1.43131e-09;6.09597e-10;4.09452e-10;6.59367e-10;3.59578e-08;1.57332e-09;4.47078e-08;1.66404e-10;2.01593e-08;3.60012e-09;5.08929e-09;1.05644e-09;3.52779e-09;3.00171e-11;9.60501e-09;2.21701e-09;4.82664e-10;4.21198e-10;1.93689e-08;9.94818e-09;7.96022e-09;4.26667e-10;1.12396e-10;7.3052e-11;4.09271e-12;1.48141e-09;2.44423e-10;1.91231e-10;4.64591e-10;2.9104e-10;4.67737e-10;9.51883e-10;2.48725e-10;2.98816e-10;9.20823e-11;3.88766e-09;2.39936e-09;3.29118e-10;6.11297e-11;4.92764e-09;1.42657e-09;8.12356e-10;1.2093e-09;2.1406e-09;3.62488e-10;4.0848e-10;1.89403e-10;3.57448e-11;1.98042e-08;2.14751e-11;2.41776e-09;1.67021e-11;3.02827e-10;9.06447e-10;6.56371e-10;4.5702e-10;2.01821e-09;2.97693e-09;2.23495e-10;2.33222e-07;1.27867e-07;4.43056e-08;3.07581e-08;4.23658e-10;5.4688e-11;6.01405e-12;4.35526e-09;4.54596e-10;3.0457e-09;2.78719e-10;1.32959e-09;1.80755e-10;1.89845e-09;1.01742e-09;1.25451e-09;2.09113e-10;4.87003e-11;9.8933e-11;4.64643e-12;2.89365e-10;8.76675e-11;2.20316e-10;4.29341e-10;8.73398e-09;3.88583e-09;1.0936e-09;1.20458e-07;1.27963e-09;1.0922e-09;2.77545e-10;6.55786e-10;1.77e-10;1.168e-10;7.85838e-11;1.85772e-09;3.23477e-09;3.40435e-10;2.33535e-10;3.64828e-10;2.7185e-09;2.36339e-09;1.62416e-09;6.77585e-08;4.15422e-12;1.77369e-11;5.61511e-11;9.55838e-13;2.49509e-11;1.27549e-11;4.90969e-09;4.66094e-11;2.8501e-09;7.99116e-09;1.32021e-09;4.84263e-10;2.36497e-08;4.76018e-08;1.19841e-07;9.33811e-09;3.3099e-10;1.1909e-09;0.999907;3.79376e-05;3.57566e-05;2.81462e-07;1.29019e-07;2.14327e-08;5.62215e-09;1.64385e-05;2.56084e-07;4.18672e-07;1.62381e-10;2.32712e-11;6.0067e-12;6.16213e-13;1.89249e-09;3.3127e-09;1.8442e-10;5.27443e-13;2.1153e-10;8.41417e-11;1.76601e-14;2.81586e-10;2.41632e-11;1.10769e-09;5.64533e-10;1.03102e-10;1.77397e-10;2.0124e-07;7.13721e-11;3.77103e-11;1.16098e-11;9.54109e-09;2.22912e-09;1.4697e-10;1.26785e-10;3.48094e-10;1.53034e-11;2.41388e-11;1.12525e-10;6.84072e-10;2.14814e-11;5.24171e-11;2.88336e-10;5.22462e-11;7.41677e-11;2.01833e-10;4.59221e-11;2.05731e-11;3.7998e-10;1.47831e-10;8.92596e-13;6.61044e-11;3.96836e-10;3.49531e-11;2.41406e-11;2.55782e-11;8.61461e-11;7.61376e-11;8.12573e-11
1.40942e-05;1.14259e-05;6.21021e-08;2.93271e-09;5.94094e-09;1.01047e-06;7.61015e-10;4.85994e-06;2.2299e-07;3.97698e-07;6.46885e-08;7.61032e-08;1.05579e-09;1.98484e-07;2.21602e-07;1.13688e-07;1.04474e-06;4.99073e-08;1.49803e-07;3.51022e-08;2.71697e-08;1.81804e-08;6.34284e-07;1.0265e-07;1.35972e-07;4.74287e-08;3.41039e-08;1.7889e-07;4.25098e-08;4.46477e-07;1.05864e-08;1.25581e-07;1.98881e-06;4.03247e-09;1.54946e-07;4.47473e-07;1.29655e-07;5.66032e-08;1.21418e-07;1.56417e-05;9.54756e-09;1.97028e-06;1.43291e-06;6.04789e-08;3.47898e-05;1.29599e-06;7.85442e-09;2.12016e-08;9.01568e-08;1.05882e-08;6.42696e-09;2.31429e-08;4.39944e-09;6.52752e-08;1.43663e-09;7.1203e-07;1.9465e-07;3.23565e-07;3.89941e-07;1.67014e-07;7.05252e-08;4.45714e-06;3.78452e-07;1.27826e-06;9.20714e-08;1.00302e-06;1.55475e-07;4.51492e-07;4.0602e-08;1.50576e-06;2.96857e-08;3.67281e-10;9.48694e-07;5.77147e-09;1.09573e-08;6.9897e-08;8.87018e-08;2.48389e-07;3.34221e-07;2.6862e-07;2.23231e-07;1.55579e-07;2.72835e-06;5.33302e-07;3.23498e-08;6.34833e-06;1.29349e-08;2.68649e-08;1.20361e-07;8.79884e-08;3.50704e-08;1.05262e-07;1.05568e-07;1.68845e-06;8.45573e-07;7.88011e-08;5.8926e-09;4.52776e-08;2.06165e-07;1.82143e-08;1.88811e-07;5.46509e-08;1.80438e-06;6.48524e-06;5.99859e-11;1.71932e-08;4.56738e-07;6.09724e-08;1.03883e-07;3.35898e-08;6.30688e-07;5.80486e-08;1.10731e-08;1.3472e-07;4.67027e-06;3.91444e-07;3.48917e-06;8.19453e-08;1.0486e-08;3.37477e-08;4.82421e-07;5.2748e-09;2.87071e-07;6.33897e-08;1.93767e-07;2.82854e-09;1.5543e-06;6.29943e-06;7.56339e-10;2.72987e-08;6.12951e-07;5.96448e-07;4.53187e-07;9.79807e-06;4.10614e-07;3.40349e-08;1.69242e-07;5.83176e-07;1.94765e-07;1.19364e-07;4.16188e-06;1.7665e-08;5.7177e-07;1.06218e-07;2.48142e-07;2.07296e-07;1.16598e-07;5.99352e-08;1.70598e-07;2.44752e-06;1.44661e-07;3.02096e-06;9.90742e-05;4.48511e-09;1.8852e-07;1.04185e-07;2.64108e-07;1.96501e-06;7.13191e-08;1.27664e-07;6.9042e-08;2.29108e-07;6.15071e-09;1.1022e-06;1.78594e-07;1.39955e-07;5.12983e-08;3.14138e-07;2.05945e-07;2.41414e-07;1.38947e-07;2.11989e-07;1.04292e-07;3.15788e-07;2.47884e-07;3.97106e-09;5.54589e-08;4.08981e-07;2.49001e-07;5.92057e-08;3.0133e-08;9.69922e-07;2.43256e-08;1.01213e-07;4.64275e-07;4.32868e-10;1.64598e-07;6.79339e-08;1.22129e-06;1.09309e-07;1.93442e-07;3.09023e-07;7.80295e-07;1.07974e-07;7.74297e-08;1.90582e-05;7.92587e-08;7.73768e-08;1.7477e-07;4.21506e-07;1.69989e-07;1.31866e-07;1.6193e-07;2.06732e-08;1.00874e-07;1.09566e-06;5.34803e-09;1.20126e-08;1.18262e-07;2.13481e-07;3.07041e-08;1.61721e-07;6.12899e-08;1.40063e-07;5.23207e-08;9.61514e-08;2.27939e-07;8.67981e-09;7.39978e-08;4.1978e-08;5.62297e-09;8.61378e-08;1.69677e-07;1.19511e-06;1.62661e-07;1.64896e-07;2.72862e-07;2.55826e-07;5.50404e-07;4.93344e-07;1.00385e-07;1.14156e-07;4.34991e-08;4.37982e-08;1.82161e-08;4.49861e-08;1.74421e-07;7.14011e-09;6.56854e-08;5.32478e-07;1.59771e-07;8.23456e-08;1.13722e-06;2.72999e-08;9.0413e-08;3.24831e-08;8.55228e-07;9.66703e-09;1.54727e-07;5.47219e-08;1.147e-09;4.66467e-08;4.77097e-08;2.0773e-07;1.09741e-06;2.85041e-07;1.09817e-07;9.64475e-09;3.61547e-08;2.75836e-07;3.71753e-07;1.36711e-07;4.76605e-07;2.48123e-08;3.63337e-09;5.45198e-09;1.11208e-07;1.27737e-07;3.6393e-07;1.93557e-07;1.93286e-06;1.90535e-07;2.53975e-11;8.33153e-09;2.97289e-06;1.07071e-08;2.54993e-09;1.62446e-05;1.17697e-10;8.74925e-08;2.15697e-07;2.80162e-07;3.05077e-08;4.18294e-10;1.99203e-08;4.30303e-08;4.039e-07;3.98317e-08;5.05468e-07;6.02484e-08;1.03085e-08;2.39071e-06;2.01454e-09;1.75817e-07;4.02883e-07;5.8408e-07;2.53864e-07;7.55143e-08;1.02865e-06;4.41665e-08;1.05017e-06;2.02811e-05;0.000254994;2.48114e-05;0.0210166;0.977474;0.0003683;7.17785e-06;1.78568e-05;2.16739e-05;0.000323292;0.000101723;8.48404e-06;6.82136e-08;4.99142e-08;7.98958e-07;3.85203e-08;3.72157e-07;9.95416e-07;8.98909e-12;3.92493e-07;7.06284e-07;1.32649e-07;3.40065e-08;1.55616e-06;3.1432e-07;7.49055e-10;9.784e-08;5.00886e-07;1.95519e-07;8.1861e-08;1.88004e-07;1.00073e-07;1.97407e-08;1.50725e-07;4.5946e-08;4.68642e-08;1.32721e-08;2.15839e-07;2.61033e-07;1.04059e-10;4.9091e-08;9.49956e-08;4.61054e-09;8.81643e-08;4.36633e-07;9.91452e-09;6.50373e-08;6.25744e-06
2.04701e-07;3.2015e-09;9.00544e-11;1.05917e-11;1.59264e-10;5.72783e-11;2.22831e-11;4.13398e-09;2.42967e-10;1.53475e-10;1.54778e-10;7.17586e-13;1.33382e-11;2.70048e-09;6.23998e-10;1.01287e-07;1.66654e-09;6.3452e-10;3.6084e-09;1.77272e-10;1.32031e-10;4.10043e-09;2.57847e-10;1.682e-08;3.03759e-10;2.56631e-11;1.54324e-10;2.18421e-09;2.56617e-09;9.59554e-11;2.84643e-11;8.40445e-11;7.08994e-11;1.61954e-11;1.72746e-11;1.74853e-08;5.82309e-10;1.41918e-10;1.36612e-10;1.80258e-10;1.01335e-10;2.10866e-09;1.11442e-09;4.23448e-10;1.72443e-09;2.32287e-09;3.06433e-10;3.20662e-09;4.31962e-11;3.71442e-12;6.53696e-10;1.85316e-11;9.62793e-13;1.05913e-08;2.63291e-11;3.63493e-10;8.34893e-11;3.16062e-09;8.8087e-10;1.10966e-10;4.8383e-09;4.62111e-10;5.21458e-11;1.69329e-11;1.13204e-09;8.10056e-10;7.93523e-11;7.28505e-11;2.78921e-09;6.46414e-10;4.7047e-11;3.7531e-10;1.0695e-11;1.09827e-12;6.51791e-11;1.38127e-09;3.80381e-10;2.32752e-08;3.87113e-10;9.49534e-10;8.75232e-10;3.10718e-08;2.72464e-09;4.37312e-10;1.6109e-07;1.22986e-09;2.24654e-10;7.08212e-09;2.56009e-09;9.4598e-10;9.34446e-09;2.48182e-10;9.85148e-10;9.05733e-10;8.85283e-12;2.18054e-10;2.70511e-11;1.23548e-08;3.86181e-10;2.35222e-08;1.80778e-10;1.79852e-11;4.93077e-08;6.10945e-09;2.05787e-10;8.75298e-11;2.20362e-08;3.38538e-10;3.47387e-10;3.38337e-09;2.00949e-11;2.91372e-11;1.46101e-09;4.04302e-10;2.65996e-08;5.13701e-08;5.85245e-10;1.0558e-10;6.67311e-12;1.6059e-09;6.78777e-11;8.39446e-12;1.10557e-10;3.78192e-09;4.81214e-11;1.12228e-11;1.30976e-08;6.21708e-11;8.79376e-13;9.49677e-12;1.48832e-08;4.08698e-10;5.00209e-10;5.67706e-10;1.40222e-12;1.79108e-11;4.07651e-09;1.39084e-09;2.09448e-10;3.87391e-09;5.87107e-10;4.22733e-11;2.79693e-10;6.97942e-09;1.0099e-08;1.95154e-10;5.95955e-10;8.05736e-10;1.23463e-08;5.23902e-10;4.59842e-10;3.60885e-08;1.98179e-09;3.52917e-12;1.24644e-09;2.37802e-09;3.55069e-10;5.31554e-11;1.15923e-10;5.32188e-08;1.93784e-10;1.19156e-09;2.24141e-07;1.96307e-10;2.5721e-09;1.21091e-09;3.52799e-09;5.34923e-11;1.39543e-11;4.28136e-10;5.56044e-09;1.08604e-09;1.15167e-09;8.03016e-07;2.89787e-08;2.49588e-11;1.02676e-08;1.39937e-09;8.14089e-11;5.21154e-11;1.19329e-08;2.41659e-09;1.05657e-10;4.77718e-10;3.423e-09;7.60796e-11;1.3653e-10;1.01258e-09;2.72254e-10;1.21744e-10;1.11646e-09;3.08081e-08;8.78715e-10;4.56327e-10;1.9015e-08;7.28806e-09;6.18662e-11;2.39268e-09;1.21866e-09;5.10134e-11;1.7445e-10;8.62962e-09;2.9531e-10;1.87364e-10;1.92673e-07;1.36773e-09;9.43339e-11;3.67848e-09;1.32105e-08;2.10095e-10;2.78672e-10;7.11838e-11;1.78012e-10;5.10181e-10;6.07287e-10;2.28722e-11;3.36511e-11;1.06017e-09;3.07258e-11;1.35629e-11;6.87702e-11;1.12448e-09;7.38249e-10;1.31232e-09;8.1081e-10;8.04262e-09;2.98234e-10;1.26968e-09;1.24978e-08;1.27867e-09;6.03392e-10;1.29786e-09;3.15428e-08;4.604e-11;9.19936e-11;4.59157e-08;3.37445e-11;6.27972e-12;8.63705e-11;5.84151e-08;1.15823e-09;3.22529e-08;1.36493e-09;7.75916e-10;5.27656e-10;8.2518e-08;2.51433e-09;3.92475e-11;1.39986e-08;4.45539e-10;1.65572e-11;1.89431e-10;9.25182e-09;8.29778e-10;1.01582e-09;2.6653e-09;1.89755e-10;4.83645e-11;4.77822e-10;1.19777e-08;5.9424e-11;1.62473e-10;3.94099e-09;4.79743e-12;2.48471e-12;8.33557e-11;1.59814e-08;6.38636e-10;1.82622e-10;3.89566e-09;6.61678e-10;3.80482e-09;4.61351e-16;9.61936e-09;2.21921e-09;3.48758e-12;8.22088e-08;1.64106e-10;1.32575e-09;5.5247e-15;1.44004e-07;1.18489e-10;6.66553e-10;7.1445e-10;4.40645e-10;1.49297e-10;2.62891e-11;2.69227e-09;1.90279e-11;6.21234e-13;4.19676e-10;9.23691e-09;2.68928e-12;6.81104e-15;3.29906e-09;4.30069e-10;4.01802e-10;1.6534e-07;2.07203e-10;7.20508e-12;2.14764e-10;1.49073e-10;7.07616e-10;2.03428e-12;2.41353e-09;4.32201e-11;1.57636e-10;5.70909e-12;1.87051e-08;4.21531e-10;6.65693e-09;7.5195e-12;9.35607e-12;3.71062e-10;6.16202e-09;6.64036e-11;2.53954e-10;8.12245e-10;8.61855e-11;1.17321e-14;1.57736e-09;2.06735e-08;3.5988e-10;0.993864;1.73629e-05;6.79423e-08;0.00608336;1.05377e-07;1.68967e-05;9.87549e-06;2.68003e-07;2.37481e-08;3.49791e-08;4.80175e-06;1.23959e-07;2.84357e-07;1.93501e-09;5.97037e-11;1.7275e-08;6.14024e-10;1.81462e-08;3.55078e-11;8.80764e-11;1.30298e-09;1.77297e-09;5.27712e-10;8.54068e-11;1.33854e-08;2.64889e-09
1.45395e-06;1.55532e-06;5.69739e-07;6.8959e-07;5.251e-07;4.75106e-07;4.02929e-08;2.20262e-07;1.9978e-07;3.22625e-08;1.99426e-10;1.84229e-07;4.95116e-08;4.67005e-08;3.06739e-07;1.23714e-07;7.76513e-07;2.29414e-08;1.60352e-06;4.31993e-08;5.21184e-09;7.94324e-08;1.01599e-07;1.64501e-06;8.60601e-08;1.10484e-08;3.07534e-07;0.999746;1.23106e-08;1.56926e-07;7.6178e-07;2.78902e-08;5.41335e-08;3.03886e-08;2.73533e-08;1.62011e-08;3.68105e-08;1.10721e-08;4.43752e-10;4.34252e-08;5.94259e-09;8.74537e-06;0.000138308;9.24622e-06;6.85754e-06;4.16545e-06;2.59125e-07;3.64748e-07;4.88742e-07;1.60011e-06;4.37936e-06;2.35225e-06;1.63406e-08;1.27876e-08;3.30434e-09;2.43729e-07;1.51962e-08;4.21991e-08;2.15306e-07;7.86128e-08;7.50321e-08;1.43426e-07;3.83144e-08;3.54857e-08;2.97433e-08;4.29193e-08;1.07168e-08;5.7447e-08;8.33741e-08;3.45641e-07;3.10487e-07;1.74261e-07;1.1179e-08;1.06844e-10;7.62127e-07;2.30686e-08;2.32823e-08;6.44074e-09;5.23627e-08;9.60387e-09;2.05243e-08;3.97127e-09;4.43343e-07;5.53045e-07;2.05925e-09;1.46811e-09;1.20732e-09;3.96808e-08;6.66509e-09;3.55922e-08;1.17741e-07;1.39046e-07;5.82145e-08;4.12622e-08;1.04804e-08;1.01417e-08;6.39267e-07;1.56218e-07;2.39057e-07;5.14001e-08;1.20524e-06;1.19052e-06;8.11918e-08;4.48268e-07;3.25135e-10;4.44438e-08;4.90968e-08;1.9602e-08;2.03283e-08;3.90618e-09;2.68054e-07;4.40955e-09;9.57823e-09;2.44754e-08;1.63984e-06;1.46864e-07;1.32344e-07;1.10418e-09;1.02902e-06;4.45741e-08;4.2617e-08;1.95533e-07;9.86009e-08;4.51406e-08;7.41142e-06;3.75425e-08;3.50396e-08;9.00245e-09;1.50408e-09;2.03099e-07;3.23788e-09;7.86004e-08;1.0889e-08;1.06175e-08;1.64882e-09;6.92301e-09;2.08709e-08;9.70652e-08;1.34218e-07;2.7825e-08;3.18861e-08;2.28012e-10;2.42702e-08;8.35933e-09;9.47855e-08;9.58551e-09;2.24741e-08;6.09653e-08;4.3954e-08;1.29816e-07;2.69874e-07;1.2937e-08;2.58048e-07;2.55617e-09;3.30152e-06;2.18053e-08;4.28841e-09;1.29852e-07;8.97327e-08;1.1566e-07;2.60727e-08;2.01502e-07;3.31228e-09;1.18632e-08;3.69208e-08;2.92031e-07;7.58146e-08;1.41937e-08;4.848e-09;2.34946e-08;3.43828e-08;2.3371e-07;3.1485e-07;1.07913e-07;3.76243e-07;2.54413e-08;3.14299e-07;1.88657e-07;5.73314e-09;6.94466e-08;6.40914e-08;2.69675e-07;7.66356e-08;4.88836e-09;2.27104e-07;2.29938e-10;2.64088e-08;2.36821e-08;2.48022e-07;2.30363e-08;1.44412e-07;9.90442e-08;3.91062e-07;2.22808e-07;1.1965e-07;3.20635e-08;1.07718e-10;1.26238e-08;1.95531e-09;2.13335e-08;1.96943e-09;1.14485e-07;1.45285e-07;1.89393e-07;2.17492e-07;1.09433e-07;3.09317e-08;1.63219e-07;1.29556e-08;3.64522e-08;3.42959e-08;2.37975e-08;3.04802e-08;1.45303e-07;4.93149e-08;3.3127e-08;3.06245e-07;8.56704e-09;3.75072e-08;3.82444e-08;5.94484e-07;3.3211e-08;3.56405e-08;2.52172e-08;4.45203e-08;3.24735e-08;1.74051e-07;1.06672e-07;8.48408e-06;3.07766e-07;1.15764e-08;3.67149e-07;2.61787e-08;6.95389e-08;3.87872e-08;2.64315e-07;3.82372e-09;1.20099e-09;6.01533e-09;2.45894e-08;1.23637e-08;1.53257e-06;2.99989e-08;9.89468e-07;2.87372e-08;1.27475e-08;1.1221e-07;1.73716e-08;9.01077e-08;1.05678e-09;1.22865e-09;3.6134e-08;6.5372e-09;4.68123e-08;3.78556e-08;1.4056e-08;2.04995e-08;1.18674e-08;2.41332e-08;6.98988e-09;5.14234e-08;6.74877e-08;1.74882e-07;1.39303e-10;7.9781e-09;9.77039e-07;5.4702e-08;1.50715e-08;9.18607e-08;1.59969e-07;1.30669e-07;6.28628e-07;1.50972e-08;2.77341e-08;3.38043e-07;1.97893e-08;9.29254e-10;6.7621e-10;1.97084e-09;4.32213e-11;7.88428e-09;1.8514e-08;4.01919e-07;3.78764e-10;5.28766e-09;2.6084e-09;2.98062e-08;2.12304e-06;2.01132e-07;2.12088e-07;7.95377e-09;3.10873e-07;1.02385e-09;6.58216e-08;3.32083e-08;5.40801e-08;7.22878e-08;6.31874e-09;2.64869e-08;1.50309e-09;1.81371e-08;7.48796e-08;1.04039e-07;1.22726e-07;1.15503e-06;7.58909e-07;2.22764e-08;1.60771e-07;1.32211e-08;1.2136e-07;1.04561e-11;1.7837e-08;6.21043e-10;4.85783e-08;2.37091e-07;8.33794e-07;2.46488e-07;2.65521e-08;2.07167e-07;1.76281e-09;2.87128e-07;1.10753e-06;1.06677e-07;5.86765e-09;2.7803e-07;1.0519e-07;4.13118e-08;2.91246e-07;6.32913e-09;4.16571e-07;5.42359e-08;1.77763e-07;1.05201e-07;1.42101e-08;4.57641e-08;3.54518e-08;8.41299e-06;1.47176e-11;1.2866e-08;1.05045e-07;1.60305e-07;1.76982e-07;2.11813e-09;7.41465e-10;2.25831e-08;3.90977e-08;2.32995e-08;1.07351e-08;5.40598e-09
1.93718e-08;1.4244e-07;3.39145e-08;5.77531e-08;1.4875e-09;8.88867e-07;4.19203e-09;1.60692e-09;2.42373e-09;4.68213e-09;3.95949e-10;7.62842e-06;7.39416e-10;2.10009e-10;1.36595e-09;2.0635e-09;1.53563e-08;6.77188e-10;2.49084e-10;9.15513e-09;1.23297e-08;3.45006e-11;4.82084e-09;3.14347e-10;9.29212e-09;3.05681e-10;1.2046e-09;6.26642e-09;2.42461e-11;1.01359e-08;4.9235e-09;6.8277e-10;1.56271e-08;1.30587e-10;2.23591e-09;3.26257e-10;1.06684e-09;4.9013e-10;8.12806e-10;1.46631e-09;3.89242e-10;8.94877e-08;1.17415e-08;6.2351e-09;1.60419e-07;1.92881e-09;4.3301e-10;1.07117e-06;0.000660363;6.63197e-05;0.000899948;0.998162;1.24312e-05;0.000147814;6.83004e-07;5.80142e-06;1.75626e-06;1.22576e-09;5.86118e-09;7.11523e-09;9.70485e-10;6.95251e-07;4.57089e-11;2.16673e-09;4.34844e-10;4.6855e-09;1.76006e-09;2.20999e-09;1.57433e-09;8.617e-08;1.21427e-08;1.34019e-10;1.12191e-05;1.39814e-11;4.59588e-10;7.66139e-10;1.85174e-09;6.13394e-11;4.20912e-08;4.67134e-10;1.94274e-09;1.24601e-10;5.94287e-09;4.80131e-08;1.20307e-09;5.68004e-07;1.95977e-09;2.46286e-10;1.64207e-09;1.61027e-09;3.0019e-10;3.63539e-09;1.02033e-09;4.77033e-09;3.79804e-08;2.53138e-10;2.19788e-10;8.03681e-10;7.08368e-09;3.28887e-12;7.78741e-09;2.60378e-09;3.04586e-11;1.7067e-08;4.27397e-12;2.40551e-09;4.84306e-11;7.75261e-10;8.59731e-10;1.46426e-10;7.3249e-09;5.70565e-11;2.55482e-11;8.51082e-10;2.76254e-09;7.72709e-10;3.62736e-07;1.06282e-12;7.00317e-10;1.05292e-09;2.00269e-09;7.39092e-10;3.25935e-09;2.04675e-12;2.36761e-08;2.61775e-09;4.08858e-09;3.01099e-08;1.33803e-10;2.46138e-09;4.87745e-10;5.86231e-09;1.89293e-09;2.20847e-10;2.85421e-09;1.25074e-10;2.65134e-10;2.64046e-08;3.82697e-09;2.9095e-08;5.97221e-08;3.30236e-10;1.82293e-09;1.32245e-10;1.27077e-09;2.46989e-08;1.69262e-09;5.48872e-10;1.79811e-10;5.51147e-09;7.22203e-09;1.13628e-08;1.70149e-06;5.03323e-10;6.73142e-09;9.51852e-10;2.36741e-11;1.79116e-08;8.28687e-10;8.02122e-10;7.45354e-10;2.64431e-08;5.18443e-09;1.60311e-07;4.82904e-09;2.56009e-09;1.57608e-10;1.69719e-09;9.28253e-10;5.47454e-10;1.9368e-10;1.92658e-08;1.52681e-08;1.55761e-07;3.50881e-07;2.02543e-11;8.05595e-10;2.21475e-10;2.00379e-08;4.52406e-10;2.89228e-10;1.75149e-08;5.88602e-09;2.64833e-09;3.36996e-08;5.12862e-10;4.41264e-08;6.64493e-10;1.09649e-08;1.04207e-08;4.43182e-08;2.33307e-09;5.16554e-08;2.05965e-08;3.75658e-09;9.4376e-08;2.79097e-10;1.34623e-09;2.1035e-09;2.53285e-08;2.2328e-10;2.29718e-09;5.17573e-08;2.1182e-09;3.13769e-08;1.91236e-07;2.31036e-10;1.36658e-09;9.26309e-10;1.04637e-08;3.13675e-10;1.48535e-09;2.07134e-09;3.00392e-09;5.05516e-11;3.10418e-09;6.38075e-09;2.02391e-08;6.00391e-08;3.08165e-12;2.88877e-11;5.1327e-10;2.80713e-09;6.45438e-09;8.0992e-10;2.4427e-10;2.47363e-09;1.37988e-08;2.08388e-10;2.39281e-09;1.83848e-11;1.74911e-11;4.21052e-11;7.13055e-09;1.2471e-08;3.28516e-07;7.36282e-07;1.62279e-12;1.03061e-10;1.2668e-09;3.47502e-09;3.05371e-10;7.02216e-09;4.36041e-10;3.11734e-10;4.1771e-11;2.7374e-07;4.0081e-10;9.62252e-09;1.23135e-06;5.57214e-12;2.11871e-09;6.04915e-11;1.32276e-09;4.95023e-09;2.37514e-11;5.0661e-09;2.56113e-10;1.1948e-09;1.06062e-10;3.02148e-09;7.18489e-09;8.37519e-08;6.96058e-09;2.40468e-10;5.55957e-10;1.87748e-09;3.59726e-10;1.42846e-09;3.08599e-10;1.16176e-08;4.64307e-10;1.01538e-13;1.4318e-13;2.80057e-10;2.30363e-10;1.02981e-10;4.94058e-08;1.1983e-12;1.47382e-10;1.30415e-11;3.39897e-10;1.11043e-10;1.2174e-13;3.34341e-11;5.35925e-12;1.88936e-10;9.02614e-13;5.62031e-10;8.68861e-10;2.1919e-10;1.15574e-06;6.13301e-12;2.20219e-08;9.93662e-11;9.3671e-09;7.8381e-10;2.78018e-13;3.76648e-09;1.98731e-11;1.11853e-09;2.31534e-11;1.20196e-08;2.22504e-10;1.08627e-09;6.92504e-06;2.51215e-12;2.08366e-11;8.27114e-11;2.23492e-08;1.70645e-13;6.47165e-09;9.95159e-15;3.16332e-10;3.9543e-11;1.7398e-08;2.01398e-09;6.45041e-09;8.55817e-09;3.76848e-12;1.17609e-08;2.68097e-10;1.97844e-10;1.26505e-11;6.21393e-11;4.93798e-09;5.61377e-09;4.27364e-08;1.44738e-10;9.4838e-14;1.63762e-10;5.40467e-09;3.29575e-09;9.93435e-11;2.69849e-09;5.51718e-10;1.90227e-09;1.74437e-14;1.2187e-10;4.01965e-09;3.18133e-08;5.72037e-06;1.10898e-11;2.69976e-12;8.85084e-12;7.30903e-10;9.78219e-10;3.7051e-12;6.25062e-10
4.17777e-08;4.30216e-09;3.12125e-09;3.23979e-10;1.49839e-09;2.75189e-09;7.88891e-10;5.47177e-08;4.41e-09;2.72183e-09;3.53656e-09;3.29301e-11;6.67282e-07;3.4541e-09;1.17264e-08;1.37015e-06;2.3069e-07;1.02753e-08;6.21234e-06;2.91429e-08;2.74935e-08;5.45383e-10;7.35625e-09;1.9131e-09;1.08083e-08;2.36969e-08;1.30429e-08;2.23077e-10;2.01128e-10;1.3099e-08;3.63799e-09;4.85381e-08;1.21258e-07;1.38067e-09;3.73349e-08;7.46727e-09;5.44385e-09;2.01578e-09;4.82131e-07;3.29309e-10;8.22544e-08;5.74127e-09;2.48118e-09;5.03472e-09;5.86085e-10;2.69927e-10;3.45633e-09;1.37316e-09;6.10998e-09;1.18617e-09;1.777e-10;3.70637e-10;4.6066e-09;1.68235e-06;1.04495e-06;1.66701e-09;1.88084e-08;3.06559e-09;5.76386e-09;6.04923e-09;5.17983e-09;1.62084e-08;2.29244e-08;3.5918e-08;8.75167e-09;1.17186e-08;3.89942e-09;3.9143e-09;3.55157e-10;2.72561e-09;5.35593e-09;2.26112e-09;9.118e-09;7.646e-08;1.37391e-09;3.95257e-09;4.30584e-09;9.16789e-09;7.54464e-09;4.86799e-09;5.26794e-08;3.6772e-09;1.11527e-08;4.18828e-09;3.70356e-07;1.34056e-07;3.12933e-07;6.61762e-09;2.26764e-08;1.39168e-08;6.33603e-09;4.86146e-09;1.8731e-08;3.09547e-09;2.18411e-08;4.92578e-08;6.87513e-08;1.38701e-08;7.77444e-09;3.22788e-11;3.49404e-10;6.641e-10;9.20191e-09;8.34193e-10;5.14588e-09;1.5277e-07;5.23737e-09;4.36811e-09;5.86278e-09;6.45e-08;5.67658e-10;1.17569e-09;1.44349e-09;7.19523e-09;2.96389e-09;4.70221e-10;1.19373e-10;2.87679e-10;6.80646e-09;1.29614e-07;9.69192e-10;4.61018e-10;1.50819e-08;9.34998e-10;1.29608e-09;4.39314e-09;1.3878e-05;3.25374e-09;4.65694e-08;2.16581e-07;2.37322e-08;5.57185e-08;5.81775e-08;6.52389e-08;4.24847e-10;2.76775e-08;2.30473e-10;5.8049e-09;5.84042e-09;1.36415e-08;7.42514e-10;1.92499e-06;5.4204e-08;9.43725e-09;3.51308e-09;1.39676e-08;3.48084e-08;1.35233e-07;2.60937e-09;1.8263e-08;3.01805e-08;1.55038e-06;1.53944e-07;1.69358e-07;2.54337e-07;1.01463e-08;3.55048e-09;4.39918e-09;2.62157e-08;2.19148e-08;2.27759e-09;6.19158e-08;1.251e-09;4.41849e-08;3.08424e-07;1.38052e-08;3.43757e-10;1.75658e-08;1.41671e-09;5.25924e-09;1.58767e-09;9.27892e-09;3.10191e-08;3.47001e-09;6.38843e-08;7.4661e-09;1.97036e-08;4.58809e-09;4.10012e-09;5.63885e-10;1.68959e-09;1.46026e-08;4.42467e-09;7.99437e-09;2.06428e-08;3.14742e-08;3.49246e-08;3.30412e-09;1.41094e-09;4.36955e-08;1.39001e-07;1.35579e-08;4.46991e-08;2.64694e-08;1.23724e-06;3.08053e-07;5.85556e-07;1.33201e-06;9.15988e-07;3.65921e-08;7.78066e-08;6.50558e-09;2.21648e-08;8.54953e-09;1.12097e-07;2.24761e-07;1.85325e-07;3.17561e-07;2.10566e-08;4.0432e-09;1.29819e-09;1.48388e-08;5.09783e-09;2.5773e-08;2.33573e-10;1.99147e-09;8.64753e-09;3.57686e-09;1.96219e-09;6.66933e-09;5.93393e-07;5.41235e-09;2.18306e-08;9.47241e-09;5.95467e-09;4.29549e-08;4.07762e-08;2.03256e-08;1.15602e-07;5.9817e-07;3.26027e-07;1.45317e-06;8.0256e-10;2.33797e-09;5.46647e-09;3.68491e-07;2.30546e-09;2.6247e-10;1.42625e-08;1.52351e-08;3.27374e-08;1.44843e-08;8.97895e-09;3.2305e-09;7.02782e-09;4.13127e-10;2.6366e-08;2.76382e-09;1.37432e-09;1.55501e-08;1.90708e-08;3.08102e-08;2.03413e-09;1.87876e-08;1.11256e-08;2.40237e-08;3.33403e-09;1.01966e-09;9.98816e-09;6.31617e-10;5.18685e-10;1.75484e-09;5.27143e-09;5.11113e-11;2.54386e-10;3.3881e-09;6.40627e-09;6.98493e-09;2.80718e-09;2.2945e-08;9.06563e-09;2.62021e-08;1.34814e-13;2.51904e-11;2.89396e-09;8.33186e-10;2.76538e-09;7.21633e-08;4.3655e-07;1.83735e-07;6.05513e-09;4.76653e-08;1.71289e-08;2.3122e-08;1.68226e-09;1.41234e-07;2.10378e-09;3.19469e-11;4.57512e-11;7.21613e-11;8.25777e-11;4.67419e-08;2.47742e-09;3.64734e-08;2.96165e-09;3.74196e-08;4.55745e-09;1.47004e-08;1.21659e-07;1.70631e-08;3.8838e-09;9.96214e-12;1.86468e-09;1.40465e-10;1.05921e-10;7.08408e-12;8.122e-09;1.7235e-07;2.15654e-09;1.00355e-08;1.28765e-10;1.06932e-09;1.22242e-09;1.10055e-08;1.9168e-09;4.29274e-09;4.12963e-09;2.40386e-10;5.4025e-08;9.61132e-09;5.21576e-07;3.74921e-08;1.58562e-08;0.339417;3.62652e-06;4.40012e-06;0.65873;5.77528e-06;0.000401969;0.000340329;2.28951e-08;1.73794e-07;7.63252e-07;0.0010269;1.58902e-06;2.18303e-05;2.79097e-09;1.43241e-08;5.04741e-09;1.21024e-08;6.14017e-09;1.91792e-11;5.51212e-09;4.35401e-08;4.62949e-10;3.37636e-10;8.98689e-09;7.03727e-09;2.37324e-09
5.97128e-06;2.0112e-07;5.72404e-08;4.78734e-09;2.87603e-09;2.0489e-06;2.22905e-09;3.0491e-09;8.58414e-08;1.32665e-08;3.15514e-11;3.34492e-08;3.37154e-09;2.67518e-08;9.1991e-09;1.79529e-09;7.51771e-09;9.42918e-09;8.69795e-09;1.45331e-08;4.3418e-09;3.43908e-08;4.70983e-08;4.70785e-09;3.50495e-06;3.74311e-09;1.02204e-08;2.56514e-09;6.4558e-06;8.85434e-06;5.88484e-06;2.03239e-05;0.996563;1.11477e-05;2.47166e-07;9.66759e-07;5.21294e-08;8.67877e-09;3.45943e-06;0.00307723;2.35944e-06;2.23803e-07;6.44597e-08;2.39058e-09;1.42154e-09;3.67847e-08;1.88843e-10;5.31292e-09;1.86541e-08;1.59836e-08;3.06055e-11;8.21696e-08;6.01738e-10;4.19891e-12;8.13988e-09;5.0981e-09;5.09765e-09;1.13712e-07;2.55352e-08;3.3484e-07;4.3833e-08;1.39354e-05;3.78064e-07;5.04186e-09;1.3539e-08;5.2603e-07;2.14673e-08;6.65038e-08;9.04223e-09;3.73504e-08;6.48927e-08;5.82781e-11;6.91436e-07;6.45106e-11;7.33409e-11;7.5717e-09;6.69602e-09;2.31988e-08;1.00602e-06;4.9482e-09;3.03485e-08;2.02113e-08;9.20718e-08;1.82753e-07;4.05405e-09;2.80907e-06;8.92392e-10;5.88734e-10;1.19057e-08;1.69308e-08;1.01734e-07;3.43407e-08;1.34526e-08;1.16573e-08;4.86941e-07;3.63562e-09;2.68668e-10;3.27467e-08;2.45635e-07;3.8982e-09;1.54727e-08;2.77217e-07;1.12323e-08;6.51615e-06;5.59867e-10;4.31675e-12;3.45537e-08;7.08615e-09;1.82443e-08;8.41354e-07;1.85861e-05;1.20959e-08;1.57259e-07;7.43579e-09;9.08339e-09;1.30121e-09;7.86994e-06;1.97635e-09;2.05765e-09;1.162e-08;3.04869e-07;6.61735e-08;9.33466e-08;1.35936e-10;2.09505e-09;8.61472e-11;1.14346e-09;6.11714e-07;5.1414e-11;9.54117e-14;1.47335e-08;1.3218e-08;5.3052e-08;9.15906e-08;3.10066e-06;6.69838e-08;1.70686e-08;5.35326e-08;3.06324e-08;3.9639e-10;1.42413e-06;1.72947e-08;5.94546e-09;5.41688e-08;3.86892e-09;1.98573e-06;2.49029e-09;2.66228e-08;4.82725e-08;1.17101e-08;2.17401e-08;1.01176e-09;7.9115e-07;8.55597e-10;4.9802e-10;9.53292e-09;1.0654e-09;7.91489e-07;1.29246e-08;5.95074e-08;1.37365e-08;2.37673e-07;1.32583e-08;2.1226e-07;4.21437e-08;1.82676e-10;7.42077e-08;6.77826e-08;1.41955e-07;2.65191e-08;1.12419e-07;1.24339e-07;4.20476e-07;2.22135e-09;2.74151e-06;1.23915e-08;1.58651e-10;1.47206e-07;7.35868e-07;1.6408e-07;2.60132e-08;3.52998e-08;2.6228e-08;1.20901e-09;7.14053e-06;1.42228e-09;1.28017e-10;1.4986e-08;5.31245e-05;2.70996e-08;6.15909e-08;3.6131e-08;9.60845e-08;1.25868e-08;2.1785e-10;4.03573e-06;7.58108e-11;8.64316e-10;1.93393e-08;1.43876e-06;7.14684e-08;6.6805e-08;4.24072e-08;2.05508e-08;9.45721e-10;1.79428e-07;5.22471e-08;6.34953e-10;3.52824e-08;5.92036e-09;5.40446e-08;2.3426e-08;1.83562e-07;5.25349e-08;5.36125e-08;2.26164e-08;3.56256e-07;2.2554e-09;1.58307e-05;4.5339e-08;6.34658e-09;1.10653e-08;1.61037e-07;8.0537e-07;3.95893e-08;2.95827e-07;4.73144e-07;2.01564e-07;3.81304e-06;2.9011e-05;1.88608e-08;2.63072e-08;1.1709e-07;1.48818e-08;9.06506e-08;5.07407e-10;4.49163e-07;3.79909e-08;1.28285e-10;6.40227e-08;3.16079e-08;6.50291e-06;1.69223e-05;2.2598e-07;2.02309e-08;1.14683e-09;8.40669e-09;2.36527e-09;5.80027e-09;1.02538e-06;3.11461e-09;1.44505e-10;1.3634e-08;6.97243e-08;4.32692e-07;4.45169e-07;2.28777e-06;2.78621e-08;1.7205e-08;3.46415e-08;5.43197e-08;6.90276e-08;1.33122e-09;1.821e-06;1.37264e-08;1.13477e-10;9.63697e-09;1.30779e-08;4.94813e-08;1.1898e-06;7.48344e-06;4.41064e-07;6.56266e-13;2.10762e-09;1.01589e-08;2.32874e-09;3.92504e-11;2.41458e-06;2.90878e-12;2.10335e-12;7.98697e-08;3.24459e-08;1.85272e-08;3.82925e-07;4.68454e-06;2.35574e-08;4.03654e-08;1.32327e-08;1.58119e-11;7.87363e-11;1.7436e-09;8.84422e-07;5.34933e-12;3.40533e-14;4.24315e-09;1.98086e-08;2.05159e-08;2.10265e-12;1.1481e-06;9.22446e-09;1.64763e-08;7.15123e-09;3.22021e-10;1.65302e-10;4.44005e-13;3.71327e-05;2.12322e-08;1.93393e-15;7.55841e-09;6.06818e-08;6.6197e-10;7.33848e-06;1.88614e-09;3.64065e-09;2.51694e-08;2.74446e-07;2.72827e-08;1.0283e-08;2.93949e-09;1.20492e-11;1.72754e-10;2.8012e-08;8.89999e-09;1.76222e-10;5.15519e-08;9.44253e-08;5.0606e-09;1.2175e-06;5.64807e-08;2.88424e-11;3.49407e-08;2.08186e-08;2.54546e-07;4.70763e-08;6.9533e-08;6.85881e-08;1.93183e-06;5.25618e-11;1.36912e-08;3.70177e-08;2.79784e-12;4.89974e-09;4.07422e-09;1.5161e-11;3.86989e-09;8.85333e-10;2.5127e-09;1.07036e-07;1.34782e-06
3.46503e-07;2.27126e-08;7.95519e-11;7.90004e-12;8.50766e-09;7.38948e-11;1.94989e-11;1.4997e-09;7.15757e-11;2.70245e-10;4.30426e-08;1.26205e-11;4.08915e-09;4.20992e-08;2.49299e-10;5.28044e-08;9.00915e-08;4.06677e-10;5.46694e-09;2.12118e-10;1.89005e-10;8.07764e-07;1.03924e-11;4.90952e-09;6.21447e-10;1.04136e-10;1.26497e-09;8.19829e-09;5.70024e-07;6.71424e-11;9.11823e-12;4.3752e-10;2.21515e-09;1.02964e-13;6.62736e-11;4.56628e-08;7.47712e-10;3.90521e-10;3.52409e-10;3.50813e-11;1.81016e-11;4.6149e-10;2.39015e-11;4.64664e-10;2.92597e-10;3.18018e-09;1.07707e-10;5.01092e-07;3.55076e-10;2.00645e-10;4.10185e-10;2.41001e-10;1.31932e-09;7.61584e-09;1.80004e-10;3.22359e-10;2.66218e-10;4.60517e-07;1.98228e-10;4.79795e-11;1.15163e-10;2.37454e-09;5.11886e-11;1.87727e-10;8.43458e-09;5.37972e-09;1.22708e-10;7.61074e-10;9.06375e-08;2.57737e-11;1.85747e-11;3.2354e-10;3.79138e-12;3.37186e-13;1.51927e-11;1.31199e-09;1.41431e-10;1.4218e-09;2.82543e-10;4.58282e-10;2.44598e-09;1.33754e-06;6.8224e-10;2.23426e-10;2.41838e-09;1.79236e-08;5.78594e-11;4.57658e-10;4.94191e-09;6.17225e-10;3.68471e-07;3.64269e-10;3.91979e-10;4.85369e-10;6.10349e-11;5.08875e-10;4.3257e-11;2.09417e-08;2.20841e-10;2.50584e-07;3.02922e-11;7.7448e-12;2.93118e-09;7.79028e-10;1.30596e-11;7.43969e-11;5.49414e-08;3.82662e-10;2.65056e-10;1.68394e-09;1.95986e-10;3.30169e-10;8.01242e-08;6.19786e-10;6.8996e-10;9.83717e-10;3.19202e-09;1.74161e-10;1.70139e-11;4.23699e-10;5.77686e-10;3.26126e-12;5.64619e-10;2.54254e-06;1.00026e-11;3.40781e-11;3.68829e-10;9.67249e-11;1.25028e-13;9.83129e-11;2.26678e-07;1.25829e-10;6.27286e-10;6.49338e-10;2.9611e-10;2.72069e-10;5.90687e-08;9.19319e-11;2.69585e-11;7.18889e-11;6.43978e-11;5.37606e-12;4.05561e-11;2.1157e-08;2.48763e-09;6.35647e-11;4.0726e-11;5.16607e-10;1.53826e-06;2.39362e-10;6.37155e-10;8.80432e-10;9.77075e-09;3.75924e-13;1.02056e-10;1.12159e-08;3.55489e-09;3.00419e-11;1.50224e-10;4.99071e-07;4.66303e-10;4.47867e-10;4.0125e-08;1.76831e-11;1.48029e-09;1.12501e-10;2.30836e-08;2.1993e-10;2.00672e-09;7.60027e-10;1.02612e-07;1.45055e-09;4.83027e-09;1.23406e-08;4.16189e-10;5.65661e-09;1.21763e-09;3.99646e-09;6.38065e-09;8.31945e-11;1.35591e-07;2.66928e-11;1.39345e-10;3.7344e-11;2.67847e-09;1.15654e-10;1.303e-11;2.42794e-09;7.51815e-10;1.48733e-10;6.81496e-10;2.84839e-06;7.24113e-10;2.99365e-10;2.03926e-08;2.8173e-08;1.55018e-09;2.53294e-09;1.116e-08;2.92234e-10;1.17934e-09;5.10975e-07;4.35971e-10;1.01704e-09;2.43212e-09;6.03923e-10;2.35982e-10;2.12309e-10;3.11858e-07;3.21034e-10;3.10262e-09;1.26618e-10;1.33895e-09;4.72323e-10;2.18783e-07;1.04759e-10;3.00879e-10;1.81803e-10;1.11715e-10;1.64346e-12;4.05401e-11;1.57636e-09;9.26322e-10;5.11521e-10;3.054e-10;4.43776e-07;5.47059e-10;2.13909e-09;1.19113e-08;1.39841e-09;7.72581e-10;3.86879e-09;5.54625e-07;1.56398e-11;2.19178e-10;2.17001e-10;5.17711e-09;1.36961e-11;3.70184e-11;8.90372e-08;2.89713e-10;1.4565e-08;4.37943e-10;5.55039e-10;5.12377e-10;2.82175e-07;6.99635e-10;7.19443e-11;1.38211e-10;5.21437e-10;1.60053e-10;1.46625e-10;1.43061e-07;1.75933e-10;5.21021e-10;1.55326e-09;4.35883e-10;2.64555e-10;7.71292e-10;7.36759e-08;1.36003e-10;1.91287e-11;1.99866e-11;3.57871e-11;1.09675e-10;3.43838e-10;2.03328e-08;3.78325e-10;3.43366e-10;4.9973e-08;4.42335e-10;1.31839e-09;1.35925e-13;8.89497e-09;4.56125e-12;3.46196e-12;1.07458e-09;6.52337e-10;1.16178e-12;1.85933e-09;9.28058e-08;1.14806e-11;5.86935e-11;9.46257e-11;4.31933e-11;7.22948e-12;1.41439e-09;1.97015e-06;1.11328e-11;2.03474e-11;1.27802e-09;3.96925e-11;1.42524e-12;2.58098e-15;2.51291e-08;1.52259e-10;6.57837e-10;5.11834e-09;5.41757e-10;2.95136e-10;4.97456e-10;5.35761e-07;4.30573e-11;6.99501e-11;4.83921e-08;2.66215e-09;4.78592e-11;6.37437e-15;2.25588e-07;4.27167e-09;1.16023e-09;6.37927e-10;6.50679e-12;2.55805e-10;2.27716e-06;7.80194e-10;1.80948e-09;7.79472e-08;4.53293e-12;2.02151e-13;1.17366e-09;1.27083e-08;2.46628e-10;0.924519;2.86876e-05;3.15549e-08;3.69611e-06;4.85257e-05;5.37925e-06;0.075277;5.24049e-05;2.11175e-08;1.64709e-07;4.17363e-05;1.43344e-07;4.68111e-07;7.4051e-10;2.54043e-14;1.18418e-06;1.09761e-10;2.33048e-11;1.50636e-14;3.80182e-11;3.49232e-09;3.86424e-08;4.24243e-11;1.37615e-10;2.17347e-09;2.4738e-10
2.21646e-08;1.21262e-08;3.84914e-08;3.67461e-08;1.00481e-08;1.0958e-07;5.14843e-09;1.38737e-09;7.35329e-10;1.63801e-09;5.59819e-11;8.19405e-09;1.63064e-10;5.44418e-10;1.28144e-09;1.05901e-09;9.44959e-10;5.94684e-10;4.37842e-10;5.89882e-09;7.43629e-09;4.53101e-09;1.50655e-09;6.21046e-09;2.94004e-08;1.24524e-09;7.62657e-10;0.999997;9.52989e-10;8.90415e-09;1.42897e-08;7.72803e-11;9.30854e-09;3.35907e-11;4.87593e-11;9.75394e-10;1.33301e-09;7.86128e-10;5.55471e-12;7.42836e-10;1.13219e-10;3.21374e-08;6.63713e-07;2.90474e-07;2.43624e-08;7.98476e-08;2.14786e-08;2.66535e-08;8.82609e-09;3.83616e-08;6.92868e-10;1.0968e-09;3.6618e-08;4.33463e-09;1.65822e-09;2.19731e-09;3.0332e-10;2.28271e-09;1.76067e-09;2.10766e-08;3.94561e-09;3.12614e-08;1.57325e-08;2.67289e-10;1.26251e-09;6.90448e-10;5.09108e-10;2.63812e-09;5.68763e-09;3.67768e-08;6.22737e-08;2.72031e-09;3.10018e-09;8.33627e-11;1.5783e-09;1.29492e-09;7.93056e-10;6.02711e-10;2.51568e-09;1.72788e-09;3.72408e-09;2.94578e-10;6.30109e-09;1.10698e-08;1.16293e-11;2.5724e-09;1.17869e-10;2.37677e-11;1.23335e-09;8.47802e-10;2.59139e-09;9.63864e-09;1.11765e-09;5.44057e-09;3.51224e-09;4.46807e-10;2.44664e-10;2.85173e-09;3.35149e-10;1.88546e-08;4.74068e-08;2.11968e-08;4.99289e-10;3.31997e-09;4.69762e-11;9.89433e-11;1.72584e-09;6.22615e-10;8.64715e-10;6.93443e-10;1.35222e-08;1.79259e-10;4.24811e-09;5.31171e-10;1.12765e-08;2.71425e-10;1.36648e-08;1.3282e-09;1.9378e-09;3.94418e-10;3.5247e-10;5.40924e-11;1.17354e-09;1.34948e-09;8.24628e-09;1.51778e-07;7.46576e-08;1.41572e-10;3.65552e-10;1.07299e-10;3.66174e-10;1.8113e-09;2.21705e-09;1.17159e-11;1.15903e-09;2.81793e-10;4.68421e-10;1.51134e-09;9.7628e-10;4.72654e-11;4.10479e-10;5.40192e-11;1.23781e-10;1.21965e-09;3.72616e-10;4.08412e-10;8.90833e-11;1.43465e-09;9.11346e-10;1.47663e-09;2.02846e-08;3.34592e-09;3.233e-08;1.86674e-11;1.39132e-10;8.2882e-10;1.01856e-10;3.9379e-10;2.01719e-10;9.58767e-10;7.53453e-10;9.24329e-09;1.54779e-09;9.8218e-09;1.2852e-09;6.36623e-11;1.40915e-09;1.19139e-09;9.17645e-11;8.93743e-10;1.73933e-09;4.03281e-08;7.26422e-09;2.83628e-08;1.22382e-08;1.28686e-09;5.1855e-09;1.19415e-08;3.62906e-09;1.62581e-09;1.5734e-09;3.71656e-09;4.97443e-09;2.47088e-09;1.96627e-08;7.45006e-10;2.3117e-10;1.17003e-09;7.13214e-09;7.26267e-10;3.18916e-10;3.77418e-09;7.49506e-09;6.05124e-09;6.8138e-11;1.08529e-08;7.15112e-10;1.07031e-10;1.64807e-10;7.74883e-10;2.42367e-10;2.24484e-09;8.97755e-09;3.17272e-09;5.03714e-10;4.22713e-10;2.20732e-09;3.49219e-10;5.98141e-10;1.59238e-09;2.14042e-10;2.81163e-10;8.67801e-10;1.14863e-09;6.74173e-10;3.28997e-09;2.60268e-08;6.21084e-10;1.66619e-09;7.17628e-11;2.06175e-08;7.806e-10;7.78146e-10;2.35433e-09;4.41478e-10;7.30906e-09;1.63555e-08;2.51186e-08;7.02039e-08;9.13079e-09;2.74438e-09;3.80466e-09;9.782e-10;3.28752e-09;4.57203e-09;1.66245e-09;4.04021e-11;3.38344e-11;1.30558e-11;6.4192e-10;9.58516e-10;3.65722e-09;1.2638e-09;3.95898e-09;8.70707e-10;1.89658e-09;9.39277e-09;9.74511e-09;2.96952e-09;9.7043e-10;6.03003e-09;4.86469e-11;4.0598e-10;8.07405e-10;5.77161e-09;1.23094e-09;1.64022e-08;3.95597e-09;1.44033e-09;1.54594e-09;2.31394e-08;6.80234e-09;1.0233e-07;1.50973e-12;2.48004e-09;7.78904e-10;1.25505e-09;8.32525e-10;3.85969e-09;8.81159e-09;5.01145e-09;8.06547e-10;4.84584e-13;5.5596e-11;1.71942e-08;7.14978e-08;8.49756e-11;2.78551e-11;8.50357e-10;1.52442e-11;5.19105e-10;1.89305e-09;1.31521e-09;1.29613e-12;5.34214e-10;2.1517e-11;1.81683e-09;1.27585e-09;5.67726e-09;1.09218e-08;1.07281e-10;5.71321e-12;1.9e-11;8.48543e-10;2.93231e-09;3.50666e-10;5.32444e-10;8.51696e-10;1.07739e-09;5.49752e-10;2.89313e-09;8.8073e-09;2.67865e-09;1.75806e-08;2.49468e-07;1.21158e-09;1.5343e-08;5.11783e-11;2.45189e-09;4.63868e-09;3.37871e-10;1.37673e-08;2.05039e-08;3.42497e-10;1.10046e-09;3.30614e-09;8.85361e-09;1.18849e-10;5.48182e-09;3.68223e-11;4.57142e-10;7.6721e-10;4.59813e-10;1.32253e-10;1.30917e-08;3.98362e-09;3.79106e-08;1.18168e-09;1.29547e-10;5.51913e-10;9.53928e-10;2.28368e-09;9.86856e-10;1.62365e-10;2.12193e-09;3.54386e-10;2.25946e-07;2.96119e-11;3.78407e-10;1.66197e-09;4.14934e-11;1.20787e-09;6.62211e-10;3.0318e-12;2.75145e-10;3.00421e-09;2.42825e-09;1.52533e-09;1.11362e-09
2.45467e-10;2.42417e-10;1.04751e-11;6.62236e-12;3.37615e-10;3.66699e-12;1.08963e-10;9.29764e-10;2.68214e-10;8.26563e-10;1.07747e-06;4.60436e-09;4.95428e-10;7.30801e-11;4.2807e-11;1.7538e-10;2.11541e-08;6.09921e-11;9.99877e-12;3.20972e-08;0.999991;5.91248e-11;3.99868e-11;1.91196e-09;7.01909e-12;3.50061e-09;4.58663e-10;1.28321e-10;1.16581e-10;5.59768e-11;1.60679e-11;1.34686e-08;1.79258e-10;1.69274e-12;4.51611e-09;2.31257e-10;1.03797e-10;4.10921e-11;8.17986e-11;5.25557e-11;4.69729e-11;2.81902e-11;1.74168e-10;4.63799e-12;6.70725e-08;8.26093e-11;8.0802e-11;3.54055e-10;2.38206e-10;5.02742e-10;1.42078e-09;4.6465e-10;1.85883e-09;1.25696e-10;1.95069e-12;1.90994e-09;5.54269e-10;1.24454e-09;1.27802e-10;1.47203e-10;1.35784e-09;8.44952e-10;2.40984e-10;1.72452e-09;1.06654e-10;8.9204e-09;2.04804e-10;3.72934e-10;6.54875e-09;9.16645e-10;4.32816e-10;2.63722e-10;3.61282e-09;6.56799e-12;2.83176e-10;1.15766e-10;6.94475e-11;6.6669e-10;5.41642e-11;5.07062e-10;5.1195e-11;1.20995e-09;9.79987e-10;2.01007e-10;1.57032e-09;3.55832e-11;7.1564e-09;1.60315e-10;5.32302e-10;7.96789e-11;2.93674e-10;1.43533e-09;2.10072e-10;5.08497e-07;5.17048e-10;3.8445e-09;2.23469e-09;7.74926e-09;4.21531e-10;5.73456e-11;1.32922e-10;1.35855e-11;5.77446e-09;1.25512e-11;2.41984e-12;1.03372e-10;1.11556e-10;6.64239e-11;5.14034e-11;7.70443e-11;9.25633e-12;1.1506e-11;2.00437e-11;4.70897e-11;1.56055e-11;4.70757e-11;3.46466e-13;2.78885e-12;2.63329e-11;3.70773e-12;3.51805e-11;6.36242e-13;2.51436e-11;7.16906e-12;1.95906e-11;2.58951e-12;7.79947e-11;3.53153e-13;3.29767e-12;5.58075e-12;1.02925e-10;8.41531e-11;1.1845e-10;1.31352e-12;4.86979e-12;3.04752e-12;1.07516e-10;2.26428e-11;4.3247e-11;1.13363e-10;7.61423e-11;3.80591e-12;7.42829e-12;1.41182e-10;3.18711e-10;3.57871e-11;1.33105e-10;8.43046e-11;6.84173e-10;2.01085e-10;4.9311e-11;2.71586e-10;7.86304e-09;3.94064e-11;4.89275e-12;1.29304e-10;5.02053e-11;5.68574e-12;2.21139e-10;4.02504e-10;4.19712e-11;3.24007e-10;6.80659e-10;1.63652e-11;2.7135e-10;2.11766e-10;1.20357e-10;1.13599e-10;1.20245e-10;2.65758e-11;2.22043e-11;5.73104e-11;5.61565e-11;2.38451e-10;1.4204e-12;4.58655e-13;4.74141e-10;9.04733e-11;4.226e-12;8.54132e-11;7.94891e-10;7.05909e-11;1.52889e-10;5.27404e-10;1.55892e-10;3.26618e-09;2.60582e-08;1.04292e-08;1.31945e-10;4.35616e-10;1.02227e-09;3.96906e-09;1.86322e-10;1.46298e-10;4.58775e-10;8.89497e-11;7.79157e-10;4.82967e-10;1.62408e-09;2.39413e-10;2.01237e-10;1.01727e-09;1.65703e-09;1.48968e-10;3.98908e-07;1.74267e-10;7.73278e-09;2.88229e-09;8.20289e-10;5.1844e-10;5.05783e-09;9.52935e-10;8.74963e-10;2.63544e-10;1.83154e-10;5.00113e-10;2.06661e-10;6.9346e-06;5.25806e-12;4.87246e-12;2.01788e-09;1.01343e-10;3.3436e-10;1.51256e-10;1.00003e-10;4.79752e-10;3.40565e-10;1.12232e-10;3.89935e-11;2.43696e-11;9.77887e-11;8.72545e-11;7.40935e-11;1.4741e-11;1.4184e-10;3.25023e-09;1.38749e-11;5.13497e-12;5.41077e-10;4.01262e-10;1.59262e-10;1.57765e-10;5.88948e-11;1.04612e-10;9.41857e-11;8.97084e-11;7.19539e-11;1.93553e-11;2.67373e-10;3.45176e-11;3.75628e-10;1.53332e-10;2.546e-10;4.26482e-11;6.16429e-11;2.50428e-11;4.09424e-12;8.0853e-11;1.46328e-10;4.94563e-10;6.41565e-11;2.29514e-10;8.51272e-10;4.00517e-10;1.93627e-09;1.15768e-11;4.34674e-10;1.28219e-10;2.76599e-11;2.42975e-09;7.4213e-11;6.66172e-11;1.16061e-08;4.6592e-13;1.9929e-12;1.64288e-12;1.33248e-10;1.17923e-11;3.99097e-14;1.24035e-12;2.10004e-10;2.11596e-10;3.40136e-11;2.06433e-10;1.55533e-12;6.94663e-13;1.58333e-10;3.55322e-12;9.78366e-12;1.37883e-11;1.02513e-10;5.43418e-11;2.14498e-11;1.77289e-11;2.09077e-10;9.82076e-11;9.44804e-11;1.08297e-09;3.61774e-11;2.94933e-11;1.21609e-10;3.1957e-10;1.1379e-10;4.66591e-11;3.25638e-10;4.47389e-11;6.9172e-11;1.87618e-11;1.4282e-10;8.30344e-11;6.78818e-13;5.345e-11;4.42257e-12;6.24549e-11;2.91806e-11;8.92846e-11;7.13959e-11;3.80474e-09;4.52787e-10;6.14722e-16;1.84221e-10;1.5911e-10;2.6196e-10;3.09648e-11;1.03686e-10;3.34285e-11;5.49157e-10;4.20656e-11;1.32637e-10;2.95334e-11;1.37992e-10;1.0046e-10;4.08804e-10;1.15406e-11;1.33091e-10;1.08699e-11;4.44462e-10;1.4676e-13;9.7678e-11;3.26708e-11;6.79505e-11;3.32608e-11;4.00066e-12;3.81535e-11;2.47883e-11;3.59426e-11;1.07106e-10;1.44766e-11;2.64846e-11
3.09147e-09;4.54698e-10;9.74358e-10;1.28064e-10;1.54498e-08;1.96689e-10;1.21606e-09;7.0816e-09;1.85674e-09;2.4169e-09;3.75119e-11;3.75027e-12;7.12149e-09;9.38179e-09;3.82307e-09;6.22771e-08;5.74211e-09;1.31653e-09;8.26603e-09;2.40112e-08;2.5778e-07;5.35806e-09;2.27293e-10;1.65283e-08;4.47314e-11;1.79379e-12;1.67028e-09;2.75101e-08;6.85905e-10;1.07171e-11;1.87911e-11;2.31816e-08;3.65812e-11;1.43132e-11;3.85732e-11;8.10677e-08;2.18533e-09;1.39048e-09;2.42259e-09;2.72084e-11;7.1878e-11;3.38257e-10;4.24858e-08;8.30285e-11;2.5261e-08;8.30206e-08;5.70553e-08;5.82555e-09;8.76929e-12;1.7168e-12;9.19051e-09;2.94616e-12;2.13858e-09;1.41629e-10;7.14371e-08;7.48849e-10;2.54589e-09;1.04514e-08;2.50693e-09;4.40432e-09;2.32144e-07;2.00683e-11;1.29798e-07;4.33928e-07;4.82837e-09;1.9938e-07;2.00026e-09;1.00463e-08;5.65101e-09;1.30559e-09;6.39259e-10;6.50433e-08;8.98508e-12;4.30685e-10;8.00699e-10;5.5276e-09;8.97744e-10;6.54091e-07;8.39701e-10;7.6035e-09;2.67561e-09;2.38027e-09;2.54412e-10;6.29586e-11;9.38343e-09;3.60176e-11;1.34731e-10;1.96287e-09;1.30532e-08;2.19767e-09;2.67772e-08;1.04044e-08;2.59069e-09;7.63161e-09;1.60307e-11;2.00749e-10;1.34555e-08;1.57257e-07;7.95773e-09;9.37361e-08;9.85259e-10;1.29032e-10;2.67144e-06;2.92364e-10;4.13777e-10;1.05256e-08;1.28089e-07;2.41928e-09;1.84651e-09;1.57406e-07;6.04902e-10;3.00916e-10;5.52966e-06;4.74863e-09;1.5712e-08;2.42127e-07;7.07553e-11;2.85592e-08;1.41207e-06;3.23186e-07;8.72141e-09;7.24936e-09;4.42936e-09;4.34217e-09;1.48829e-11;5.91849e-12;3.56048e-07;7.1268e-14;2.09786e-10;5.79884e-10;2.85725e-08;2.361e-09;1.67803e-09;6.46201e-08;4.65724e-10;9.19667e-10;2.95206e-09;5.5706e-10;8.50388e-10;9.44831e-09;2.58238e-11;4.56736e-11;1.275e-09;4.04911e-07;4.42333e-07;1.57139e-09;9.50909e-10;1.05244e-07;6.17169e-08;1.37469e-09;4.31458e-10;1.37593e-07;1.27616e-11;2.39577e-09;5.46525e-08;5.98574e-09;4.26139e-08;7.60091e-10;2.14224e-08;2.67091e-07;2.02336e-09;3.37968e-09;8.08176e-08;2.25143e-10;7.61386e-08;4.4684e-09;2.79837e-07;2.41574e-09;3.87306e-08;6.82969e-09;7.98353e-08;3.20408e-09;2.21383e-09;1.12243e-07;1.11083e-09;5.00437e-10;3.8081e-07;3.71379e-07;5.39977e-10;2.03033e-08;2.06573e-08;1.0682e-09;3.59833e-09;2.89341e-07;8.53398e-10;9.22242e-09;9.83202e-09;7.35345e-07;6.32799e-09;6.00493e-09;4.25328e-09;2.22731e-08;1.8788e-10;3.81413e-10;1.45244e-07;8.51108e-10;1.61268e-08;1.30905e-07;5.20611e-07;2.03132e-09;8.93274e-09;3.58972e-08;5.65308e-10;7.5228e-10;1.70791e-07;4.57796e-10;6.7711e-09;7.32269e-08;5.88427e-08;1.24443e-09;4.25311e-08;3.44909e-09;2.1221e-09;5.77154e-09;7.67946e-09;2.54687e-10;7.94581e-10;3.62353e-08;1.594e-10;1.16477e-10;8.72789e-08;6.43256e-09;3.30461e-09;7.0646e-10;3.45849e-09;9.79922e-08;8.96024e-09;2.10356e-09;6.87851e-07;5.01711e-10;3.33655e-09;1.54054e-07;2.37119e-09;1.09165e-10;3.22661e-10;2.8871e-09;1.1869e-11;7.18061e-09;1.3055e-07;1.21539e-07;1.0859e-08;1.35435e-07;7.06278e-10;1.74842e-08;4.56523e-09;2.28696e-09;1.54537e-10;3.1963e-11;2.97345e-09;2.47542e-12;3.58213e-10;1.72922e-10;4.88244e-08;2.44424e-09;1.11654e-09;2.87219e-07;4.98659e-10;2.97058e-09;2.71262e-09;1.97631e-08;1.83679e-09;2.2814e-09;1.15026e-08;2.98391e-11;4.53321e-10;1.66343e-09;1.85503e-08;5.18493e-09;1.04632e-08;6.1648e-07;4.03813e-09;2.26039e-09;1.54395e-08;9.18864e-06;2.83312e-06;1.47297e-07;0.876125;2.57584e-06;4.10229e-07;2.44276e-05;0.000367885;9.81054e-05;6.23233e-06;0.123263;1.26576e-06;4.33379e-08;7.82836e-10;2.00436e-09;9.44482e-13;2.29046e-12;5.60298e-08;2.15923e-12;1.38703e-12;8.69167e-13;2.62162e-07;2.0906e-09;2.12352e-09;5.13339e-07;7.39859e-09;7.33712e-09;2.4936e-09;1.00652e-10;1.89866e-12;1.79822e-11;2.39002e-11;3.48553e-14;6.92873e-09;7.51521e-10;1.70927e-07;1.84791e-09;6.92854e-05;3.03681e-10;8.56003e-08;4.75073e-09;1.66745e-07;3.36754e-09;1.73092e-08;4.09685e-10;2.29091e-13;3.50952e-12;2.63092e-09;5.54995e-07;3.918e-08;9.69526e-13;1.57691e-07;1.31726e-09;2.17167e-09;1.74069e-11;1.97221e-10;2.64439e-10;6.71115e-09;1.14478e-09;1.5754e-09;1.84756e-07;1.43976e-09;2.24074e-08;5.96637e-08;1.01061e-10;1.69434e-08;2.60224e-09;4.75053e-11;1.138e-13;4.48285e-10;1.70876e-11;4.67626e-10;2.08554e-10;1.4242e-10;5.74458e-06;6.7628e-11
1.82003e-07;1.43837e-08;1.59447e-08;9.24796e-09;9.58204e-06;2.33014e-08;3.85795e-07;3.82138e-07;2.87519e-08;3.08083e-08;2.37133e-10;4.40684e-07;1.69818e-09;3.71606e-07;5.75939e-08;1.118e-07;5.39992e-07;1.29775e-08;8.06448e-10;2.20349e-08;1.46248e-07;1.38004e-06;1.73192e-08;2.67232e-07;1.10333e-07;2.58119e-07;5.55769e-08;1.70776e-05;7.62607e-09;2.43877e-09;1.03615e-09;1.94926e-07;8.34522e-08;7.18466e-06;3.25982e-10;9.90674e-08;1.48225e-08;1.68643e-08;5.32011e-09;8.13462e-09;1.42003e-09;9.56399e-08;1.18685e-08;2.21675e-09;4.67509e-05;7.69609e-06;4.71549e-06;8.32292e-09;8.73482e-09;7.90546e-10;1.52929e-08;2.14353e-08;2.78567e-05;8.31223e-09;2.55381e-10;2.26043e-08;7.57267e-09;1.85426e-07;1.10882e-08;3.00749e-08;5.36188e-08;6.08206e-10;9.74061e-08;1.38161e-08;3.36774e-08;9.9182e-08;6.08787e-08;9.37045e-08;2.58695e-07;1.85107e-08;1.74828e-08;7.1652e-08;2.8249e-08;4.38038e-07;3.7932e-10;1.47936e-08;5.52859e-09;2.47521e-08;8.13672e-08;5.78401e-08;2.50946e-08;1.62776e-08;1.83186e-08;2.44299e-09;5.96322e-10;8.94699e-09;4.76044e-07;3.31316e-10;8.21005e-09;7.56964e-09;5.52935e-08;1.57625e-08;1.32298e-08;7.13966e-08;2.71498e-09;6.89328e-08;1.65739e-10;3.06647e-08;1.02567e-08;4.172e-07;1.32266e-08;2.01438e-09;2.08935e-07;3.22346e-08;6.49376e-07;1.75792e-10;1.47734e-07;1.10358e-08;1.31233e-08;2.20622e-08;1.07544e-07;2.2539e-06;3.35446e-06;1.81678e-08;1.01404e-08;2.66921e-08;7.00905e-09;8.76442e-09;1.72798e-09;5.52426e-08;2.75874e-07;1.96084e-08;3.96166e-08;1.70578e-07;6.30245e-10;1.02512e-10;4.27528e-07;6.21184e-09;1.02469e-06;3.02151e-11;5.85583e-08;2.4976e-08;2.15904e-08;1.44788e-08;7.16937e-08;2.94157e-08;3.34103e-08;6.90185e-09;1.88072e-08;7.38229e-09;2.30373e-09;1.26344e-08;2.70129e-09;1.31127e-07;1.17626e-08;3.02506e-08;7.81009e-09;1.63176e-08;1.73172e-07;1.56527e-08;1.06352e-09;7.25622e-09;2.43266e-08;3.29586e-07;2.30566e-11;1.96712e-08;1.0276e-07;1.78961e-07;6.46823e-08;3.99663e-08;1.45379e-08;1.18562e-08;4.87318e-09;7.05299e-10;1.32591e-07;6.27239e-10;4.16467e-08;6.4393e-08;5.0214e-08;1.95495e-08;1.77803e-06;3.00181e-08;4.77795e-08;9.80997e-09;8.08551e-09;3.93791e-07;8.68101e-09;9.28461e-09;2.83814e-08;1.32483e-08;4.88563e-08;9.91848e-09;7.40852e-09;9.48427e-08;9.51693e-08;1.6632e-06;5.68484e-09;1.92371e-08;4.65102e-08;1.97578e-08;4.58347e-08;2.40161e-07;4.28396e-09;1.11758e-08;1.26522e-06;1.84144e-08;7.47646e-08;4.70879e-09;1.04328e-07;8.37564e-08;6.59829e-08;4.36472e-08;3.41284e-09;1.39852e-08;4.57732e-08;2.05144e-09;4.80171e-08;2.05556e-08;2.74985e-08;2.83946e-09;1.06151e-06;3.10083e-08;1.43004e-07;1.49859e-08;4.03516e-08;8.69216e-10;6.10143e-09;6.51622e-09;1.57506e-07;8.84371e-07;1.09842e-11;4.02137e-08;5.16264e-08;1.44959e-08;9.43021e-09;4.34725e-07;4.72522e-08;3.01517e-08;4.43157e-06;4.20706e-08;9.14702e-08;9.20702e-08;2.77541e-07;6.40149e-08;3.55269e-08;4.19984e-09;1.83102e-08;2.39878e-06;5.22895e-10;6.07939e-07;4.07949e-08;2.6854e-08;4.79107e-08;2.73412e-08;1.63402e-08;9.6633e-08;5.26483e-09;3.16942e-08;2.88002e-06;2.15968e-09;4.04497e-07;3.85811e-09;7.07586e-08;1.41564e-08;5.40448e-09;9.63047e-08;1.16784e-07;3.74941e-08;1.66143e-08;8.01954e-08;6.12161e-08;5.01409e-09;7.1702e-08;4.52966e-10;2.28253e-07;1.97745e-09;2.64381e-08;2.18402e-08;1.66377e-08;2.07959e-10;1.07471e-08;6.78488e-09;8.71596e-09;7.88225e-08;7.01747e-09;1.11821e-09;4.14634e-09;7.1911e-09;9.77447e-08;9.52428e-11;7.39024e-07;8.30326e-09;3.09489e-08;1.96097e-06;3.68011e-07;6.42804e-09;1.71741e-08;2.12856e-07;2.84759e-09;4.0756e-10;9.96667e-08;6.66713e-08;3.02789e-07;1.23669e-11;3.43364e-08;2.46827e-08;1.74207e-08;1.71625e-08;3.12347e-07;3.69945e-08;1.95433e-08;6.46272e-10;6.05235e-11;1.25895e-09;2.22401e-09;6.86109e-10;2.99287e-07;2.93676e-13;5.98055e-08;1.74897e-08;7.87106e-07;2.23063e-07;6.13205e-09;2.78185e-08;1.57737e-05;1.89804e-06;1.96479e-06;8.59652e-09;1.3536e-09;1.66042e-09;1.35502e-10;1.92902e-08;2.14379e-08;3.58746e-11;7.19328e-08;7.51087e-08;5.78609e-09;4.05741e-08;4.85788e-08;1.78276e-09;2.25233e-06;2.28386e-08;6.32181e-08;1.72403e-08;4.72936e-08;2.5071e-07;0.999807;6.91209e-11;1.01015e-07;3.49652e-08;6.02309e-11;6.35533e-12;3.22474e-07;1.34204e-06;2.67653e-07;2.15558e-08;4.8974e-09;8.27392e-07;2.80174e-08
5.31227e-07;8.16799e-09;9.76629e-09;4.74867e-10;2.0542e-09;6.15267e-08;1.19463e-07;6.93127e-07;1.55707e-08;7.77677e-09;1.58059e-07;2.99924e-08;2.41177e-10;1.17487e-08;1.09425e-08;2.43572e-08;3.69304e-08;2.84618e-09;2.64209e-08;4.08859e-09;3.71313e-08;6.86498e-09;3.74522e-08;3.30942e-08;2.09211e-08;4.59206e-08;1.60296e-08;0.999987;1.12754e-08;5.28626e-08;7.24457e-09;2.13744e-07;6.07167e-09;4.7018e-10;2.33327e-09;1.00971e-08;3.80857e-09;3.28003e-09;1.03616e-09;1.88723e-09;4.3842e-09;5.95308e-09;4.88039e-08;2.14791e-09;3.19417e-07;2.78927e-09;9.51048e-09;6.3705e-09;4.8372e-09;6.87289e-09;7.0492e-09;1.25293e-10;1.08278e-08;2.10004e-09;1.47922e-10;1.30016e-08;5.52568e-09;2.4977e-08;6.84928e-09;7.88097e-09;9.96486e-08;3.55853e-08;8.64459e-09;1.58494e-08;1.01769e-08;1.02362e-08;2.09196e-08;1.80617e-08;2.07774e-08;1.95916e-08;5.00628e-08;1.78269e-06;4.52073e-07;8.99853e-09;5.33682e-09;9.62082e-09;2.97297e-09;1.19258e-08;6.13887e-09;1.28324e-08;3.17431e-08;2.14681e-08;5.06406e-09;7.38239e-09;9.21671e-09;4.22611e-10;1.4556e-07;7.7886e-11;6.27659e-09;2.55316e-09;1.44902e-09;8.37326e-09;6.93463e-09;1.86095e-07;3.11489e-08;2.16443e-09;3.11315e-09;3.2614e-08;2.3611e-09;1.88796e-08;1.99583e-08;9.19651e-10;9.03614e-09;2.51138e-08;8.7407e-10;4.33148e-10;3.37372e-08;4.99316e-09;2.75324e-09;2.41461e-08;1.25363e-08;9.72617e-08;5.28965e-09;2.48724e-09;5.9472e-09;1.41743e-07;5.93351e-09;5.24042e-09;1.03214e-09;2.58462e-10;7.61743e-09;1.01288e-08;4.92317e-09;6.5408e-09;2.04622e-09;2.50146e-09;2.37349e-09;9.16726e-10;3.07101e-10;9.99853e-11;1.65266e-09;4.93054e-09;1.16577e-08;2.03037e-10;8.10554e-09;1.3671e-10;2.75105e-09;2.32778e-09;1.31141e-09;2.1909e-10;1.65264e-09;1.25679e-10;1.29046e-09;7.03479e-09;5.38691e-10;1.95559e-09;5.2729e-08;2.13068e-08;2.39284e-09;5.89272e-09;2.00481e-09;1.33501e-07;3.25951e-08;1.01069e-08;2.37543e-11;1.29767e-08;1.28255e-09;2.28614e-09;3.69617e-09;4.30717e-09;2.05229e-09;9.38924e-09;1.32849e-07;2.37786e-09;9.62844e-09;3.94357e-09;1.40599e-08;1.9787e-08;1.20934e-08;7.07343e-09;1.2333e-08;6.79282e-09;2.72967e-08;1.80467e-07;1.79445e-09;1.25185e-07;9.33602e-09;3.13068e-08;9.12135e-09;1.00546e-07;4.13169e-09;5.71745e-09;2.05192e-09;1.65793e-09;2.52508e-09;7.10166e-09;4.84902e-10;1.43908e-08;7.18015e-10;2.73738e-08;4.54161e-09;5.50585e-09;2.7804e-09;1.60901e-09;2.59573e-09;3.79306e-09;1.47728e-09;1.66183e-10;6.42719e-10;2.8216e-09;1.95155e-09;1.1035e-08;1.74471e-08;1.43264e-08;1.46533e-08;9.82552e-08;3.89144e-08;2.22891e-08;6.51719e-09;3.81431e-09;2.58426e-09;9.67511e-08;7.17026e-08;1.92467e-09;2.73863e-09;1.37215e-09;2.22531e-09;1.14637e-08;8.20463e-11;2.72012e-08;5.34778e-10;4.91031e-09;5.16512e-09;2.35846e-09;5.24226e-09;1.38987e-08;3.86261e-09;1.32763e-08;6.21391e-07;1.04095e-07;7.39052e-08;3.28219e-09;5.30428e-09;1.49218e-08;1.46115e-08;5.15652e-07;7.23484e-09;2.95927e-08;4.61613e-10;2.43137e-09;5.69844e-09;1.15628e-09;1.99405e-09;1.69002e-08;4.7684e-09;4.19045e-09;1.34278e-08;3.9336e-09;5.49812e-08;1.18056e-08;5.84988e-09;2.0602e-10;6.05189e-09;9.64588e-09;1.42188e-09;7.91043e-10;9.17642e-09;6.0026e-09;2.91968e-09;1.35174e-08;7.13662e-08;1.33698e-08;2.51436e-08;3.7303e-08;4.86098e-10;1.46322e-10;5.14928e-09;4.94694e-09;1.31739e-08;4.37808e-09;7.06849e-09;7.59414e-09;1.08295e-08;4.08385e-09;4.24984e-09;5.59845e-09;7.12561e-09;4.13498e-10;3.64314e-06;1.64562e-11;4.28535e-09;1.95194e-08;1.00617e-08;1.0787e-09;5.72734e-09;1.54794e-08;6.31825e-09;1.50202e-09;1.34582e-08;5.57698e-09;9.01256e-08;7.23702e-09;1.97502e-09;8.49278e-10;2.01855e-08;1.5186e-09;5.38125e-09;1.11319e-09;1.88122e-09;7.23761e-09;5.48147e-09;4.87899e-09;1.6106e-09;8.56292e-09;4.08436e-09;5.09909e-09;9.52694e-09;5.42439e-10;9.10998e-09;2.52636e-09;1.65729e-09;3.87377e-08;8.07554e-09;1.86911e-09;1.18221e-08;2.25784e-09;1.6151e-08;6.33001e-08;2.98955e-09;5.15902e-10;9.13083e-10;5.17504e-09;1.93923e-08;1.46447e-09;1.07982e-08;1.98034e-08;2.72515e-08;4.60448e-09;2.4146e-09;3.74333e-11;3.9114e-09;2.65471e-08;3.57179e-09;3.95005e-08;4.86773e-09;1.68463e-09;1.10545e-07;6.32209e-09;4.22694e-09;2.32811e-09;1.43432e-09;1.18999e-09;2.5875e-10;1.02807e-08;6.23795e-09;6.99895e-09;9.8987e-09;6.13719e-10;2.04041e-09
3.77136e-13;5.59107e-12;9.19405e-13;1.16139e-11;1.45969e-11;6.16501e-12;9.15463e-11;3.62767e-12;2.51196e-12;3.68286e-12;2.63857e-14;5.20805e-10;5.05482e-14;3.7714e-12;4.21812e-12;2.86323e-13;1.97154e-10;1.62771e-12;1.00487e-12;1.38427e-11;3.87602e-11;2.23045e-14;1.90389e-12;2.55289e-12;7.52129e-14;1.49772e-12;1.00103e-12;5.32568e-12;3.14974e-13;1.04473e-12;1.2716e-12;3.57762e-12;1.13779e-12;2.53309e-14;3.00962e-12;2.79709e-13;9.62887e-13;1.13282e-12;2.05319e-13;5.58565e-14;2.93397e-13;5.99048e-13;2.33295e-13;1.5621e-13;1.36999e-11;2.90979e-13;1.32685e-13;4.3022e-13;4.22685e-12;1.07745e-10;1.59335e-13;1.94196e-11;1.28818e-12;2.2147e-13;2.00181e-13;3.44945e-12;2.36547e-12;2.80794e-12;3.06108e-12;3.04299e-12;2.26217e-12;3.16415e-12;1.71776e-12;2.59404e-11;3.24738e-12;6.39902e-12;1.68848e-11;5.35729e-12;1.25732e-12;2.34234e-12;6.63182e-12;1.79225e-11;1.00175e-11;6.90355e-11;4.91631e-13;1.07216e-12;1.99881e-12;2.06447e-13;5.25487e-12;2.21351e-12;7.62423e-13;9.42473e-14;1.80646e-12;1.98377e-12;2.75949e-13;3.66796e-14;2.91975e-13;9.19697e-14;5.18793e-13;1.22472e-12;9.41051e-13;2.82208e-12;5.36556e-12;1.33474e-11;5.60402e-13;1.75448e-12;2.25685e-12;6.81126e-13;1.61784e-12;2.59369e-13;1.08509e-11;6.84958e-12;1.63872e-12;8.34081e-11;2.64986e-12;3.06734e-12;8.66732e-13;8.46524e-13;3.50342e-12;8.75594e-13;4.45779e-11;7.19479e-12;2.03995e-12;2.8037e-12;5.3118e-12;3.2476e-11;1.44927e-12;7.37511e-13;7.5342e-12;1.00715e-12;8.63002e-12;5.64407e-12;3.30173e-12;9.92098e-14;4.86028e-13;1.16462e-12;1.9736e-11;3.10762e-13;7.80501e-15;2.81988e-12;1.87258e-14;1.23666e-12;1.39354e-11;2.1567e-11;4.62757e-14;2.25627e-13;2.76804e-13;1.39096e-12;8.48392e-13;4.96756e-13;2.67965e-13;2.72131e-13;2.24433e-12;6.73583e-13;5.5261e-13;1.06367e-12;1.96341e-12;2.47539e-12;3.14319e-12;3.82877e-10;2.23407e-11;2.53808e-10;6.0189e-12;8.13476e-13;1.0375e-11;1.68823e-12;1.69751e-13;2.67879e-12;1.7091e-11;9.86958e-13;1.36089e-12;3.09619e-12;3.81337e-13;1.82301e-12;1.52652e-12;1.29672e-12;1.28231e-12;5.15241e-12;6.3981e-12;1.34617e-12;1.67324e-12;3.49012e-12;4.49872e-12;5.49198e-11;8.65847e-13;6.08628e-13;1.06437e-11;1.44285e-12;2.80126e-12;2.2624e-11;4.80406e-12;3.72918e-12;9.94043e-11;1.78561e-11;8.63952e-13;1.04926e-11;9.72568e-11;1.07554e-10;2.54226e-12;1.43888e-11;1.97664e-12;5.62668e-13;9.30265e-13;2.22433e-12;2.51805e-13;4.92668e-13;7.2491e-13;2.32815e-12;1.76402e-12;9.35393e-13;2.39236e-12;9.98572e-13;5.83837e-12;4.29823e-12;2.96927e-11;4.27328e-12;4.5589e-11;2.83814e-11;2.50385e-13;3.43483e-12;8.11637e-12;4.85895e-11;4.34091e-11;8.72167e-13;7.92337e-13;1.7397e-11;2.8634e-12;6.91601e-12;4.70956e-13;6.95694e-14;5.52395e-11;2.03099e-12;1.72563e-12;3.61179e-13;1.77243e-12;1.94835e-12;1.23406e-11;5.64519e-12;4.3179e-13;1.15633e-11;8.1242e-12;3.73662e-11;8.61101e-14;2.92853e-12;1.03233e-11;4.92435e-14;2.56985e-11;6.61228e-13;4.83453e-13;1.38061e-12;1.22795e-11;1.85065e-12;7.44371e-13;5.50328e-13;1.71764e-12;5.45152e-13;2.13626e-12;5.75399e-11;1.0397e-12;8.21164e-12;2.56116e-12;1.62872e-11;8.08831e-13;3.10282e-12;6.77782e-12;9.6693e-13;7.52759e-13;1.28691e-11;1.6906e-12;1.17035e-12;3.01851e-12;2.30404e-11;2.07096e-12;1.8951e-10;2.51914e-13;1.88449e-12;7.98158e-13;1.9783e-12;4.32806e-12;9.48693e-13;1.23102e-12;2.35428e-13;0.999984;2.6675e-10;8.41069e-11;1.15662e-09;2.4104e-10;2.19264e-10;1.6746e-07;1.52374e-05;5.60183e-11;3.68111e-09;6.9054e-09;5.41459e-08;3.73527e-09;6.95326e-08;1.52962e-12;2.10065e-12;1.97368e-12;2.50624e-11;3.93398e-10;4.94773e-12;9.87849e-14;1.97376e-13;8.82907e-13;3.96628e-12;1.68194e-11;2.07921e-12;1.31522e-12;1.82318e-11;1.42389e-12;6.57688e-14;1.21277e-12;4.0155e-12;3.435e-12;3.1548e-12;6.29902e-13;6.18558e-13;1.30896e-12;2.99285e-12;7.01532e-16;1.17385e-13;1.14769e-14;1.90588e-12;1.28397e-12;1.89002e-10;1.71771e-11;1.47967e-12;4.61026e-13;3.15463e-14;1.11088e-10;4.62063e-13;5.59754e-12;3.87229e-14;6.04388e-14;2.8864e-12;1.06395e-12;5.31718e-13;2.69415e-12;2.85352e-12;9.36507e-12;3.15365e-11;1.32385e-11;8.1097e-12;1.43502e-12;1.43358e-12;4.68028e-12;2.5297e-14;7.11513e-14;4.88976e-13;3.36439e-14;2.79801e-13;2.34256e-13;4.44501e-13;8.19834e-14;2.84162e-13;9.14045e-13;3.53445e-13;6.10939e-13
8.40979e-13;3.04673e-12;2.78903e-13;1.08726e-11;5.88182e-11;1.0562e-10;1.29369e-10;4.59325e-10;3.67676e-10;7.5058e-11;4.37174e-10;9.8344e-10;2.76949e-12;1.3436e-09;7.64635e-10;9.75732e-11;7.00953e-10;1.37326e-10;3.06473e-10;3.77246e-10;8.04616e-11;2.78373e-12;4.73452e-11;4.29942e-10;1.07429e-10;4.70879e-10;5.82683e-11;5.792e-11;3.69322e-12;6.69367e-12;2.31124e-11;4.62637e-08;1.70029e-10;6.89897e-08;2.09109e-14;6.36463e-11;1.05469e-10;1.02533e-10;1.56873e-10;1.79496e-10;1.47663e-09;1.96917e-12;1.69442e-10;5.90825e-12;2.55512e-11;4.18403e-10;2.69203e-10;1.7933e-12;2.41457e-12;7.2885e-12;3.12047e-12;2.99713e-12;5.59852e-09;4.9866e-12;3.29015e-09;7.39936e-09;7.4407e-10;1.79127e-11;2.7596e-11;3.16378e-10;1.115e-10;1.19349e-10;1.448e-10;2.04355e-11;1.55917e-10;1.71786e-08;9.32271e-09;3.33814e-09;3.80412e-11;2.15112e-10;6.73929e-10;1.94767e-07;9.51859e-11;5.69706e-07;5.44412e-12;9.89608e-11;8.5141e-11;4.3203e-09;7.94377e-10;2.396e-09;5.74995e-10;1.06298e-10;1.46784e-11;9.57646e-11;1.00851e-09;2.76978e-10;1.17872e-10;6.49117e-12;1.18802e-10;1.61523e-10;2.12786e-11;4.29214e-11;1.35751e-10;7.44961e-09;1.18468e-09;1.4074e-10;7.92007e-13;2.49208e-10;1.43685e-10;2.37864e-12;7.05855e-11;2.54972e-10;9.12745e-10;1.26346e-10;1.13907e-10;3.52145e-13;2.19238e-10;8.80312e-11;8.31863e-11;8.7465e-08;2.57881e-07;1.27141e-07;3.44413e-10;9.39599e-11;2.58614e-11;4.87923e-10;1.60895e-11;1.41182e-08;1.35653e-10;5.52657e-08;1.02924e-07;7.26677e-07;1.11403e-07;3.05007e-13;5.80479e-15;5.81216e-12;1.49039e-12;2.69999e-12;1.74754e-10;5.01623e-14;7.57826e-11;4.67207e-11;3.50229e-10;3.42847e-07;9.16339e-09;1.60518e-07;4.86103e-12;9.93017e-12;1.68957e-11;1.51143e-10;6.17522e-12;2.37342e-11;7.10947e-12;3.88889e-11;1.07464e-08;2.20013e-08;4.52092e-09;8.41335e-11;1.11095e-11;2.09243e-11;2.25908e-11;9.56926e-13;6.37384e-13;4.24336e-12;3.69252e-12;6.38202e-11;5.59314e-08;2.16552e-07;3.85447e-08;7.52192e-11;1.16428e-10;1.18569e-10;6.26351e-10;8.85998e-11;3.06713e-09;7.30046e-11;1.22389e-06;2.34898e-07;2.45308e-07;9.74145e-11;3.52736e-10;9.22308e-11;1.299e-10;1.39893e-10;4.59224e-10;1.07171e-10;2.84194e-12;6.6561e-07;2.26862e-08;1.11364e-07;1.11077e-11;3.62289e-11;1.36116e-10;1.15478e-10;7.52853e-12;8.12288e-11;5.89764e-12;7.15777e-08;1.55476e-08;2.30998e-09;2.55579e-10;9.1451e-12;8.51608e-12;4.67811e-11;1.8796e-11;1.80934e-11;1.89259e-12;1.39529e-12;1.00409e-08;1.52382e-08;3.45493e-08;9.41484e-12;2.30392e-11;1.46606e-10;1.74239e-11;5.26863e-11;1.50651e-10;1.05705e-10;1.74423e-11;3.03388e-11;1.56319e-07;5.82585e-08;5.34119e-08;4.82263e-11;2.1614e-12;1.59162e-12;7.35105e-11;2.2105e-09;1.05265e-08;2.17561e-10;6.19161e-13;1.2444e-10;1.15912e-10;4.635e-11;1.87656e-10;8.77294e-11;1.9108e-11;6.65494e-11;2.59247e-09;3.86382e-10;5.26889e-11;1.82349e-11;1.97662e-12;5.66786e-11;8.00179e-10;2.49473e-09;2.67561e-10;2.25745e-09;9.31611e-13;1.70788e-10;2.43862e-10;3.22981e-10;7.94478e-11;1.95339e-10;1.0711e-10;8.04681e-13;4.92594e-13;1.03097e-10;1.6403e-09;5.38982e-11;4.33019e-08;3.45809e-12;2.82071e-11;7.64623e-11;6.54386e-11;1.01425e-10;4.39088e-12;1.6885e-09;9.32474e-11;2.16827e-10;4.00367e-10;2.08097e-10;3.95666e-10;4.64904e-10;7.43098e-11;2.21342e-14;4.72877e-11;9.23347e-11;9.1297e-11;5.35097e-10;7.77548e-11;1.78056e-10;3.02535e-08;1.26725e-10;1.06359e-10;1.02306e-08;2.59271e-07;1.32211e-08;5.28543e-07;7.78713e-09;5.66211e-09;1.39882e-08;3.47823e-08;0.999988;1.13113e-06;2.8607e-06;1.88604e-09;4.89183e-13;1.53233e-12;1.43824e-11;4.05106e-08;2.96977e-09;3.20604e-09;1.33504e-12;5.67838e-10;3.19246e-10;9.28532e-11;8.94012e-10;1.67159e-10;4.62296e-09;5.69439e-11;3.17826e-15;1.26558e-14;2.19396e-12;2.14647e-12;6.73723e-11;3.97096e-12;9.53841e-13;7.89102e-11;2.77148e-11;1.11723e-07;2.49063e-07;2.56462e-08;1.94612e-10;1.63132e-10;1.87549e-10;5.13706e-10;2.78831e-10;1.03152e-11;3.88679e-09;2.64983e-12;2.46255e-09;1.93751e-10;1.99535e-12;1.12643e-12;6.13092e-11;4.05706e-11;2.11507e-10;1.60465e-10;5.94367e-12;1.00481e-10;3.50136e-11;1.28239e-10;1.20976e-09;1.00273e-10;3.86391e-10;4.60355e-10;1.98491e-11;3.1942e-11;1.36768e-11;1.30152e-10;3.43297e-10;1.07961e-11;4.37404e-11;1.17754e-11;2.5782e-11;4.24026e-10;3.69817e-11;4.24866e-11
3.78041e-09;1.21215e-10;5.23906e-11;4.48821e-08;5.44992e-08;3.54468e-09;4.79387e-08;5.92224e-09;4.27346e-10;4.7563e-10;2.15833e-13;6.34926e-09;6.41985e-09;1.01548e-09;7.36031e-10;1.30588e-09;7.24484e-10;3.76644e-10;4.36763e-09;5.59275e-09;1.56978e-10;1.20792e-09;1.64161e-10;1.42976e-08;6.06592e-10;3.32349e-10;7.52557e-07;1.9984e-09;7.09974e-12;3.84282e-11;1.08448e-10;2.44755e-08;4.29053e-11;1.44939e-09;3.77449e-09;2.23042e-10;7.52945e-10;3.65746e-10;1.79971e-10;8.61753e-13;2.35233e-10;1.56478e-09;1.60565e-10;6.38357e-09;7.53875e-11;4.3308e-10;1.59022e-09;3.01028e-10;2.80608e-10;1.09276e-10;3.43918e-08;6.57203e-11;2.87215e-11;7.32362e-09;1.73036e-07;8.3453e-09;2.33181e-09;2.25339e-10;1.57653e-10;7.57911e-10;7.0744e-10;2.11046e-12;9.44374e-11;4.0455e-08;1.40758e-09;1.86611e-08;5.50737e-10;4.83928e-09;1.27242e-10;5.76676e-11;3.29298e-10;2.37849e-08;1.02862e-11;1.05874e-09;2.13248e-07;2.59254e-10;4.60555e-10;7.265e-10;5.7244e-09;1.03431e-08;1.94372e-10;7.48841e-11;1.06579e-11;7.84845e-10;1.59523e-09;8.50845e-10;1.2478e-09;4.95716e-07;5.96111e-09;2.95777e-10;3.15413e-10;2.41723e-10;6.63842e-10;1.15585e-10;5.12345e-11;7.50704e-10;1.20719e-07;1.22153e-09;6.82335e-11;3.36848e-11;4.68774e-11;4.09432e-09;6.64055e-10;3.38807e-10;2.84759e-12;3.77752e-08;7.03621e-10;2.81353e-10;1.98024e-10;7.1001e-09;5.59798e-10;1.91493e-09;7.9417e-10;5.61536e-10;1.13145e-09;6.87899e-12;1.05272e-10;1.07316e-11;4.81484e-08;4.73437e-10;3.55151e-09;2.16084e-09;1.49382e-08;5.20644e-13;3.12226e-13;1.01869e-11;8.33871e-12;5.59094e-13;3.77591e-12;1.09483e-08;2.04139e-10;7.86849e-11;1.5493e-10;1.63456e-07;4.83008e-10;2.78779e-08;2.70404e-11;9.20459e-11;7.91475e-11;2.60125e-11;3.66827e-11;1.02862e-12;8.32614e-09;1.59633e-10;3.82764e-09;3.92517e-10;5.3389e-11;1.84111e-10;1.48615e-10;2.32742e-11;9.57029e-10;5.96071e-12;1.50625e-11;1.4708e-11;1.63235e-07;1.17232e-09;4.51898e-08;1.92689e-09;4.13158e-08;1.71949e-10;3.80865e-10;2.53192e-11;6.27553e-11;5.22944e-13;1.26747e-11;1.99624e-09;1.56118e-08;2.46043e-09;7.53007e-10;8.31571e-11;4.87933e-10;2.23874e-10;5.13494e-11;9.26095e-11;7.52528e-11;4.45458e-10;3.1327e-09;3.13794e-09;2.90484e-10;1.76566e-10;2.53584e-10;1.57416e-10;6.20985e-10;1.59641e-08;8.71501e-10;3.81681e-09;6.3613e-08;4.74359e-08;1.89785e-08;1.5271e-09;3.2245e-10;3.99936e-11;6.19157e-11;7.49264e-10;1.80342e-09;4.96824e-12;5.71405e-11;2.17372e-09;1.15339e-08;4.62061e-09;2.26647e-09;2.96559e-10;1.53231e-10;2.92804e-09;1.4748e-11;9.94103e-11;2.87975e-11;7.46848e-09;3.02739e-10;2.17704e-10;1.10943e-07;1.92326e-09;4.85482e-09;3.26926e-10;4.91394e-12;2.14005e-11;1.03542e-10;7.11511e-11;1.14491e-09;8.33615e-11;8.35101e-08;6.81374e-10;2.10965e-10;4.1777e-11;7.02947e-10;1.12241e-09;9.21824e-11;3.41141e-10;5.77486e-10;6.38732e-10;4.22251e-11;1.24944e-06;9.04762e-12;5.64904e-11;3.21691e-10;1.53312e-12;5.43184e-10;9.85684e-12;1.95797e-08;3.23339e-10;5.14708e-10;8.23518e-10;1.7414e-10;2.136e-11;1.13205e-10;4.48539e-13;1.40533e-12;2.19154e-11;6.15319e-11;1.10406e-13;6.13872e-12;7.9166e-10;1.13383e-10;4.24749e-10;7.58072e-11;7.04699e-10;7.28957e-12;4.83872e-09;1.70688e-10;6.07291e-10;5.7773e-10;9.00446e-10;1.13974e-09;1.42884e-11;1.80272e-10;2.29041e-07;9.25943e-10;6.78783e-10;3.45276e-09;3.17683e-09;3.87232e-10;8.26722e-11;9.59543e-08;3.98702e-11;3.92624e-12;2.5554e-09;5.55811e-12;3.89316e-13;6.81472e-13;1.49851e-06;2.67338e-10;1.09767e-10;1.6763e-09;1.30029e-09;1.60947e-10;5.97986e-10;6.87835e-10;4.50041e-11;3.85403e-11;2.46543e-10;6.46732e-10;2.77381e-09;9.19519e-12;2.82333e-08;1.51982e-09;1.12237e-09;5.70601e-10;2.5964e-10;3.21379e-09;1.83983e-08;2.59445e-10;2.33786e-13;1.10361e-13;3.4511e-12;4.96381e-10;6.11056e-11;2.14088e-12;9.67241e-10;8.54587e-10;5.47634e-10;2.24771e-09;6.32824e-09;1.95211e-08;4.39311e-09;1.33209e-07;4.41695e-07;3.81626e-07;3.73902e-05;1.14637e-06;0.9947;0.00525276;7.58577e-07;3.27467e-08;6.77583e-12;1.64321e-10;1.65408e-09;4.52559e-11;2.47015e-08;8.57816e-10;5.98779e-08;5.84428e-10;1.74394e-10;6.55887e-10;1.59287e-08;6.54547e-10;1.09477e-09;1.39466e-10;4.21879e-12;2.24196e-10;1.30618e-10;9.81192e-10;9.71958e-12;2.37644e-11;3.32104e-07;7.91928e-11;2.14524e-10;1.55777e-09;2.9827e-09;6.49294e-11
4.50574e-06;2.47072e-06;2.6117e-06;4.52472e-06;2.73929e-06;1.50344e-05;0.00037059;2.66571e-06;1.32632e-05;7.6152e-06;8.00628e-05;1.60273e-05;1.65147e-08;8.30856e-07;1.05048e-06;3.28458e-07;3.10669e-07;1.39348e-06;3.28875e-08;1.8489e-05;6.8626e-06;1.43341e-07;4.17909e-06;8.31964e-07;2.24999e-05;4.52423e-07;1.74109e-06;1.46745e-05;5.52838e-08;7.37199e-07;1.05602e-05;5.5798e-05;1.10594e-06;9.34511e-06;1.76372e-09;2.7353e-06;1.08301e-06;6.84405e-07;1.39012e-06;9.12849e-08;4.86288e-07;3.80714e-06;1.07099e-07;9.39631e-07;3.72522e-05;3.44491e-06;0.000340486;0.000151886;0.00260215;0.00472001;0.811431;0.0247731;0.122185;0.0112185;0.0150537;0.001572;0.000550243;4.53809e-07;1.46563e-06;2.22579e-05;9.02209e-06;3.68666e-06;5.65346e-06;3.17811e-07;1.10807e-06;1.57828e-05;1.63239e-06;3.22536e-06;1.19375e-06;3.15966e-05;1.90802e-05;1.34472e-05;0.000513436;2.23165e-07;1.3268e-09;1.55396e-06;3.24722e-06;2.10905e-06;3.30046e-05;1.10269e-05;6.60978e-06;1.04703e-06;1.5298e-06;1.96345e-05;0.000160646;8.67823e-05;1.25959e-05;7.40492e-09;7.91459e-06;1.68333e-06;5.96105e-07;3.06534e-06;9.25383e-07;2.03053e-05;7.40578e-06;1.32474e-05;1.08041e-07;2.38231e-06;1.00825e-06;1.14801e-06;1.31298e-05;8.05802e-06;2.80226e-06;3.96905e-07;1.29542e-06;1.70481e-09;6.54799e-07;1.59156e-06;1.32814e-06;4.99999e-08;1.12274e-07;2.24387e-06;2.80204e-06;1.66787e-06;1.3746e-06;2.4123e-07;5.45536e-05;6.54957e-07;2.69402e-08;1.113e-06;3.05238e-06;4.4889e-07;1.60191e-06;5.82384e-09;2.22667e-07;2.54099e-05;0.000100021;1.82202e-06;7.24844e-07;8.06143e-10;3.67196e-06;8.23975e-06;5.79681e-06;3.10142e-05;2.9757e-06;1.25962e-06;6.4537e-07;1.37882e-05;6.78918e-06;0.000505385;0.000176658;1.35024e-05;3.60983e-06;3.20373e-06;1.25156e-05;0.000113758;1.82774e-05;1.34193e-06;2.08204e-06;1.36313e-05;2.9618e-05;0.000582224;3.90634e-05;2.49936e-05;2.00542e-07;1.44579e-06;2.04695e-06;3.90131e-05;2.97011e-06;9.22802e-07;1.28198e-06;3.97619e-06;0.000119234;9.25832e-06;5.07074e-05;2.74254e-09;9.37792e-07;7.13679e-06;2.75162e-06;6.49851e-07;6.15787e-07;6.86807e-06;3.38384e-06;1.47528e-05;2.12614e-05;5.36772e-06;2.19669e-08;6.91973e-06;2.17174e-06;1.88871e-06;1.21948e-06;1.14597e-05;6.48863e-06;7.34374e-05;1.81323e-06;8.71054e-06;2.21411e-07;5.95038e-06;5.59211e-06;5.38608e-06;1.19588e-05;3.75806e-06;1.10666e-05;8.35092e-05;4.03652e-05;9.25508e-05;4.39053e-06;6.20644e-07;5.42833e-05;5.94204e-05;2.88123e-06;5.72202e-07;2.8286e-06;1.38543e-06;1.19124e-05;2.30791e-06;1.12505e-05;1.62336e-07;3.45331e-06;4.63857e-06;2.78446e-06;3.44438e-06;6.15124e-06;9.26721e-07;1.15568e-08;2.25474e-06;5.95004e-06;9.50234e-06;9.66656e-07;3.11902e-05;3.08756e-10;1.73119e-06;2.61906e-06;3.84492e-06;1.22649e-06;2.12295e-06;4.10164e-06;9.9744e-06;2.01049e-06;1.26466e-06;4.42073e-07;1.72311e-08;1.18311e-07;1.12487e-06;1.81624e-05;3.40777e-06;5.9267e-06;1.44134e-05;2.06052e-09;4.08977e-06;7.61715e-06;5.41985e-08;6.27028e-06;6.42803e-07;9.64841e-07;1.01158e-07;1.45006e-05;6.65682e-06;9.22227e-05;6.84052e-06;3.38589e-05;3.59253e-08;1.21502e-06;3.05234e-05;4.47155e-06;1.38143e-06;1.35329e-06;4.92051e-06;2.18697e-06;9.13066e-07;7.39932e-06;1.28633e-05;5.15356e-05;1.91968e-07;7.63781e-06;9.60495e-10;1.8954e-06;2.24206e-06;7.37161e-07;5.09733e-08;4.16678e-06;3.17551e-07;1.98933e-12;3.25752e-09;5.37938e-09;1.07663e-06;0.000144813;2.13628e-07;5.86853e-08;6.66782e-09;1.17e-06;2.45484e-05;4.54198e-07;2.93563e-08;1.77591e-07;2.47676e-06;2.23546e-07;3.40975e-11;6.86655e-08;3.35538e-07;8.74159e-07;6.55997e-05;1.69389e-07;1.67673e-07;1.95528e-06;6.2482e-06;2.52324e-06;1.07829e-09;3.43547e-07;2.90872e-07;3.39067e-06;5.61293e-10;1.76913e-08;9.673e-08;8.04919e-06;6.6194e-07;8.9041e-06;5.68851e-12;5.17561e-07;2.4853e-06;2.33501e-07;7.51269e-06;3.66902e-07;1.14623e-06;7.4128e-07;1.63308e-05;8.8204e-06;6.44055e-06;4.0967e-05;1.44794e-05;2.27996e-07;6.35389e-07;1.04205e-06;5.98258e-11;2.16612e-06;4.46988e-05;1.0036e-06;1.02726e-07;7.35191e-06;5.81176e-11;3.11497e-07;1.29141e-06;2.31428e-06;1.35193e-07;2.99468e-06;1.35863e-06;3.49348e-05;2.34462e-08;2.07017e-06;4.4213e-06;7.57768e-06;8.5372e-06;2.34069e-06;6.03445e-10;2.70779e-07;6.69801e-06;7.64795e-06;1.75587e-06;7.78722e-08
1.42567e-05;6.39629e-09;4.34841e-07;1.40372e-07;8.3403e-08;1.18612e-07;5.37941e-07;9.10332e-06;3.75589e-07;4.18971e-07;9.17331e-10;1.41526e-08;2.48015e-05;5.08962e-08;4.58285e-07;1.05489e-05;5.92832e-06;4.38174e-07;4.81653e-05;5.1132e-06;7.02257e-07;4.98745e-08;5.20129e-07;1.56762e-06;1.02272e-06;9.37174e-06;2.35554e-05;5.73236e-08;1.56598e-08;4.33839e-06;1.7273e-06;2.76687e-07;6.54802e-07;4.44774e-07;0.000854183;1.15303e-07;5.66964e-07;9.50642e-08;3.95234e-06;7.65924e-09;1.46744e-06;7.5122e-07;2.02003e-08;5.82208e-08;1.5502e-07;2.96655e-08;5.63469e-06;4.3359e-09;4.05368e-08;1.1817e-08;2.25222e-09;1.41725e-09;3.25292e-08;0.00696897;0.000297232;1.69611e-07;1.16087e-06;6.52359e-09;1.18127e-07;4.76219e-07;3.15457e-08;1.77492e-08;7.68352e-07;4.56566e-06;1.43031e-07;6.73722e-08;4.49699e-08;4.32003e-08;2.28944e-09;2.75145e-07;3.90605e-07;4.4059e-07;3.03433e-08;9.53873e-08;7.89771e-06;1.16926e-07;3.4886e-07;2.46417e-07;2.73768e-07;1.03046e-07;7.69786e-07;1.42832e-08;1.98101e-07;8.20751e-08;2.85461e-07;1.55374e-06;4.51023e-05;0.00014011;3.09207e-06;2.13961e-07;3.92422e-08;2.09829e-07;1.61592e-07;2.64053e-08;2.04678e-08;2.98913e-06;9.71131e-06;9.02282e-07;3.39901e-08;5.17483e-09;3.16142e-07;2.45581e-07;1.83368e-06;1.28392e-08;2.29591e-07;0.00015266;1.65261e-07;2.79025e-07;3.98021e-07;1.94251e-06;3.30342e-07;1.12228e-06;1.25611e-08;3.02945e-07;8.36716e-07;4.35576e-09;9.47544e-09;1.43606e-07;2.50038e-05;9.27233e-08;1.82491e-08;3.95123e-08;4.53426e-07;7.59219e-10;4.1277e-08;3.89318e-08;2.26881e-06;7.13003e-09;2.66622e-08;7.92386e-05;3.90281e-07;2.18769e-06;7.6535e-06;4.44104e-06;3.90414e-07;1.33677e-05;2.01528e-09;1.29009e-07;1.50897e-07;5.50051e-08;4.90557e-08;4.71919e-06;1.90883e-05;1.20972e-07;4.04715e-08;5.68694e-07;3.29557e-07;1.67628e-06;1.35642e-08;4.73539e-07;1.41182e-06;2.14878e-05;3.43758e-07;2.59842e-08;1.55205e-05;3.08428e-07;2.94846e-08;1.21124e-07;1.08353e-06;8.00252e-08;1.30349e-07;2.7125e-07;1.40091e-07;4.98586e-09;3.51531e-07;1.23461e-05;1.02717e-08;3.28871e-07;1.65804e-07;1.00164e-07;8.06275e-08;4.45737e-07;1.14931e-06;1.97919e-07;3.4158e-07;4.87333e-07;0.000200071;1.94237e-06;5.63239e-07;1.56727e-07;1.96643e-08;5.83553e-07;1.33533e-07;4.05454e-07;9.67858e-08;2.06157e-06;8.1737e-05;2.49548e-07;1.29531e-07;1.77786e-07;9.95431e-07;1.04395e-07;2.2358e-06;2.67321e-06;7.33236e-05;1.44353e-06;5.20561e-06;0.00675862;2.13285e-05;5.92489e-07;1.51772e-05;6.05785e-09;4.49388e-07;1.41519e-07;4.58282e-08;5.89434e-09;1.71316e-07;1.11416e-05;3.92806e-08;1.52505e-07;1.22952e-08;5.32393e-08;5.77565e-08;2.26777e-07;3.64962e-10;2.99608e-07;1.24979e-07;3.58406e-09;2.5055e-09;9.15367e-07;4.30705e-05;1.1243e-07;1.2235e-07;9.49155e-08;3.04893e-07;4.02962e-07;4.34129e-06;5.12879e-07;1.99558e-06;1.61676e-06;1.76933e-05;0.00151425;8.28814e-09;1.18127e-06;1.52512e-06;8.00024e-07;4.24525e-08;4.22771e-08;8.873e-05;2.10536e-07;5.64651e-07;8.66858e-07;1.22226e-06;1.54374e-06;3.75918e-07;5.7404e-10;4.60179e-08;3.55123e-07;4.80447e-08;4.21446e-07;2.67137e-06;3.95389e-05;6.56625e-08;7.77679e-06;5.4125e-07;2.19e-06;2.3035e-07;9.77791e-07;1.55654e-07;1.56842e-08;5.07395e-07;2.59633e-07;4.90136e-06;6.62456e-09;2.54783e-07;3.06063e-05;1.64884e-07;1.05466e-06;7.54902e-07;5.00225e-06;7.5383e-07;3.43049e-07;4.86729e-10;4.43417e-11;7.41652e-09;1.6176e-08;1.16562e-08;2.53841e-08;4.79942e-06;0.000440754;9.20258e-08;6.29976e-07;6.62095e-06;2.41783e-08;4.00764e-07;1.87537e-05;1.44593e-07;8.11169e-10;4.22017e-08;1.89544e-08;1.06611e-07;3.65923e-06;1.58999e-09;6.31398e-05;6.37305e-08;1.12503e-06;6.28781e-07;1.38435e-07;1.1599e-05;2.80801e-06;2.95585e-07;9.8807e-11;7.28187e-07;4.27741e-08;4.61587e-09;3.82481e-09;5.85791e-05;0.000164665;3.33142e-08;9.22567e-07;1.03956e-08;3.933e-07;8.38318e-07;5.36833e-07;1.27531e-08;6.225e-07;9.09681e-08;9.10746e-11;1.67985e-08;3.09833e-08;5.66448e-05;1.42889e-07;1.54257e-07;0.0141416;3.9687e-05;0.000377842;0.0923297;0.000123946;0.129544;0.72068;1.17e-06;3.45397e-05;2.6723e-05;0.0236754;9.18067e-05;0.00017641;1.80952e-05;5.64502e-07;1.23226e-07;2.44248e-07;6.14506e-09;7.07321e-08;8.82349e-07;2.67594e-05;1.42528e-09;5.29135e-07;1.0727e-06;3.72192e-07;7.87496e-08
0.000129302;8.1748e-07;2.21059e-07;2.89205e-07;5.05764e-06;4.0413e-08;1.47002e-07;2.50086e-07;2.74315e-07;6.98267e-08;9.28086e-10;7.06422e-11;1.71414e-09;5.50412e-08;1.0264e-08;6.75712e-08;8.11728e-09;1.95091e-08;3.23443e-07;1.95932e-07;5.68336e-07;1.62068e-07;4.77996e-08;4.36583e-06;2.27283e-09;1.58289e-09;2.8173e-07;2.49014e-08;8.14746e-05;2.8632e-05;8.29848e-05;0.998689;8.86098e-06;7.93131e-05;7.48607e-05;7.60567e-06;1.36633e-07;1.61223e-08;0.000456328;6.61958e-07;4.04488e-06;1.63455e-07;2.0694e-07;4.88658e-08;4.83711e-09;1.45035e-09;1.38184e-08;2.82609e-07;6.17265e-08;3.91522e-09;1.19442e-07;1.73762e-11;2.65403e-08;1.76761e-08;2.92598e-08;6.46606e-09;4.71642e-07;2.68932e-07;4.90829e-08;4.57027e-07;1.96619e-06;4.87866e-10;1.52272e-07;7.0955e-08;4.74019e-08;8.39529e-07;1.4304e-08;1.46827e-08;2.41606e-07;1.40395e-07;9.06003e-07;1.7756e-06;4.22349e-09;2.28765e-08;2.28455e-08;3.34707e-08;5.2718e-08;1.92869e-05;6.33686e-08;3.60467e-07;6.30645e-09;3.62862e-08;2.02451e-07;1.78855e-07;1.6514e-07;3.22644e-10;3.4897e-09;2.25556e-07;2.65339e-07;2.98233e-08;6.50644e-07;2.36817e-07;4.43258e-08;4.6588e-07;5.61984e-09;2.52616e-07;2.82747e-09;5.305e-07;1.15675e-07;7.008e-08;3.51019e-08;4.93559e-08;3.28264e-06;4.87222e-11;5.07096e-09;3.83187e-10;7.53485e-08;1.18422e-08;4.58227e-08;3.65363e-06;1.13818e-08;4.14088e-09;9.07998e-07;5.36926e-08;2.21927e-07;1.50682e-06;7.27262e-10;2.92942e-07;3.89445e-08;1.5976e-07;2.63988e-08;8.27618e-09;6.74797e-09;5.08655e-10;4.34617e-09;1.07787e-09;1.54379e-07;3.63977e-13;8.05602e-11;3.29639e-11;1.26767e-07;3.36202e-08;1.25707e-07;8.67885e-07;2.56701e-09;4.44408e-09;1.61885e-07;2.05394e-07;5.82973e-07;1.55248e-06;1.07348e-08;1.23248e-07;4.87105e-09;1.23312e-07;2.53392e-07;8.64337e-08;1.79642e-07;4.75292e-08;9.02522e-07;3.95492e-06;6.42371e-08;3.36468e-06;7.40561e-09;7.07018e-10;2.51011e-09;3.25797e-08;8.05068e-09;5.49417e-09;8.02596e-08;9.87188e-07;1.42721e-08;5.73005e-08;4.94517e-06;1.93846e-09;1.67855e-07;1.18139e-10;1.55283e-08;2.07119e-08;9.56438e-08;1.59972e-08;5.3998e-08;1.29281e-07;3.15961e-07;7.36176e-09;1.47557e-09;4.9097e-09;3.14268e-09;5.46045e-07;6.86017e-09;1.19162e-08;3.95283e-07;4.11255e-08;8.39418e-07;4.74315e-06;2.26208e-08;3.6068e-08;2.7763e-09;1.83729e-06;6.68694e-08;8.62165e-08;2.17642e-08;1.37876e-07;9.27863e-08;1.77797e-07;7.91833e-07;8.82615e-10;3.1463e-08;2.35428e-09;1.95979e-07;1.05033e-08;1.69225e-06;3.43405e-07;1.53646e-07;7.37853e-08;1.29314e-06;1.36768e-08;7.51916e-09;1.4883e-08;1.53917e-07;2.51685e-08;8.80552e-08;2.08913e-08;2.66214e-08;7.42697e-08;9.49378e-08;1.48057e-07;2.75483e-07;2.48669e-07;4.79e-10;5.92358e-08;1.61596e-09;2.85374e-08;4.47197e-08;7.41342e-08;2.17398e-08;1.73303e-07;2.84429e-07;8.609e-08;1.84081e-06;4.49119e-09;3.92275e-08;1.33814e-09;7.45812e-08;3.48759e-08;1.2211e-06;4.85448e-07;3.02283e-11;3.6032e-08;1.11709e-09;4.45676e-07;2.59192e-08;6.35377e-05;2.42566e-07;1.51611e-05;5.01038e-08;3.6677e-08;1.27818e-07;3.66485e-08;1.10386e-05;4.18036e-11;6.92329e-08;9.41121e-09;1.73504e-07;1.19116e-07;5.71918e-07;5.12728e-07;4.87228e-08;5.44563e-08;3.20727e-08;5.33769e-08;4.00379e-07;8.12695e-08;4.06111e-07;4.29373e-11;2.51879e-08;4.32154e-11;5.43572e-08;2.27912e-08;1.01389e-07;3.60445e-05;4.73878e-08;4.51523e-07;1.08581e-14;2.10853e-09;4.48795e-09;2.46173e-09;9.45758e-07;8.37409e-12;1.05183e-11;2.17143e-13;2.14993e-07;2.08602e-08;8.23971e-08;1.24953e-05;9.50711e-09;4.56206e-08;3.46173e-09;1.65825e-08;3.72211e-10;6.14168e-09;4.99869e-08;3.70439e-12;1.06038e-10;2.25555e-14;4.10766e-08;9.99084e-09;8.06026e-08;7.96725e-09;3.47808e-09;9.36441e-09;4.42727e-08;1.33323e-07;5.88841e-09;2.37553e-09;9.83781e-07;5.99135e-11;3.00493e-06;2.25638e-11;4.76746e-08;4.7434e-07;7.68261e-08;3.51083e-09;1.36319e-08;2.96111e-08;3.67131e-07;1.56626e-07;2.05261e-07;1.13748e-06;4.81903e-12;8.47895e-12;2.7717e-12;4.72015e-07;1.3286e-08;2.47566e-11;5.34283e-07;7.85007e-08;9.28705e-06;2.39156e-08;6.82404e-08;5.23062e-13;1.27519e-08;1.1102e-08;1.88303e-07;3.06269e-05;2.45775e-08;6.48251e-09;1.01642e-08;6.64477e-12;8.76627e-08;7.5044e-08;3.12801e-08;4.53034e-11;6.59055e-08;3.09839e-10;5.13391e-09;8.13214e-08;2.95759e-08;7.10649e-05;7.72842e-11
0.000279428;2.93029e-05;1.04016e-05;4.63539e-05;0.000484474;3.9133e-05;7.12144e-06;0.00231954;4.86107e-05;8.2367e-05;2.4118e-06;0.000105763;0.000643802;2.09105e-05;2.91441e-05;6.12373e-05;0.000514003;1.22701e-05;4.32078e-05;0.000255473;0.000690607;2.99522e-05;5.73709e-06;0.00059171;0.000174162;6.43881e-05;0.00114497;0.00291718;1.61147e-06;3.57659e-06;1.89156e-05;3.70209e-06;7.21207e-06;1.82843e-05;0.00274602;1.0969e-05;1.24542e-05;1.30423e-05;0.00048319;1.34384e-06;3.64914e-05;0.360175;0.129605;0.169842;0.0144337;0.0486364;0.0119645;1.08279e-05;1.37573e-05;1.55343e-06;7.42975e-05;6.82404e-05;6.17903e-05;0.15563;1.99738e-06;0.000115623;0.000321929;6.26601e-06;1.82988e-05;1.20818e-05;4.23477e-07;1.05655e-05;5.70983e-06;0.000125431;4.86061e-05;6.81527e-05;2.32851e-05;2.98695e-05;2.64031e-06;7.46248e-06;1.38626e-05;7.57935e-05;5.07217e-05;2.04838e-06;0.000114286;8.38691e-06;1.71658e-05;4.57954e-05;1.82091e-05;0.000210568;3.3474e-05;3.46281e-06;2.12308e-06;1.35452e-05;1.49457e-06;2.99801e-05;6.4199e-05;0.0450983;3.17517e-05;1.92312e-05;3.08618e-05;5.79381e-05;3.19978e-05;1.20212e-05;0.000230144;0.000148787;0.000363786;0.000544291;2.89654e-05;1.31903e-06;2.60015e-06;4.88298e-06;0.000163464;6.79547e-05;2.15426e-05;0.0015971;6.50286e-06;1.53275e-05;2.14277e-05;0.000101589;8.34522e-07;0.000147197;1.8237e-06;1.68307e-05;0.000143356;9.96775e-06;7.13436e-06;1.82043e-05;7.44773e-05;4.34039e-05;3.71045e-05;6.09093e-06;1.43143e-05;5.66587e-07;8.32536e-08;2.22175e-06;3.19828e-05;6.47931e-07;1.58155e-06;6.98029e-05;1.96979e-05;1.5725e-05;5.72277e-06;0.000141002;1.65323e-05;2.42452e-05;5.10421e-06;6.832e-06;3.20493e-06;3.80518e-06;6.41272e-06;8.94602e-06;6.46335e-06;3.79708e-06;3.02196e-05;1.46691e-05;7.81644e-05;3.88262e-05;1.38434e-05;1.00758e-05;0.000242387;1.12025e-05;0.000157215;9.57462e-07;2.57445e-05;1.97333e-05;5.59309e-05;7.15958e-05;0.000150037;2.42104e-05;1.76564e-05;1.83665e-05;4.75922e-06;6.33226e-07;2.17373e-05;2.6729e-06;1.34283e-05;1.05387e-05;0.000305975;6.45872e-06;2.53403e-05;1.75971e-05;3.59196e-05;2.25154e-05;8.13404e-05;0.000130248;9.71873e-05;8.75036e-05;2.62919e-05;2.04092e-05;7.09373e-06;8.03498e-06;4.4032e-05;5.27024e-05;4.45317e-05;4.39047e-06;0.000132975;0.000116247;4.01469e-05;2.13109e-05;4.03962e-05;9.33459e-06;2.25145e-05;1.57286e-05;3.66885e-05;1.62805e-05;6.24974e-05;0.000421613;3.66229e-05;2.04627e-05;0.000474422;1.7162e-05;3.33477e-05;0.000122187;0.00115204;0.000563848;1.37617e-05;5.2758e-05;7.65183e-06;1.88488e-05;0.000393074;1.84017e-05;3.11644e-05;5.90313e-05;4.55623e-06;1.77525e-05;8.41221e-05;7.3116e-05;1.93068e-05;9.67904e-06;0.00130779;1.5126e-05;4.26051e-05;2.9614e-05;2.41379e-05;2.99859e-05;8.18514e-05;5.21796e-05;0.00171523;0.000206613;0.000211977;0.00375338;5.09511e-07;1.84233e-06;1.32444e-05;3.63795e-07;1.64139e-06;8.58678e-07;1.5232e-05;2.6567e-05;6.85544e-06;0.000111028;1.84716e-05;1.72855e-05;2.97899e-05;5.38987e-06;3.84393e-05;6.26336e-05;0.000366423;1.37406e-05;0.0074842;0.00057382;5.17769e-06;2.57215e-05;6.74519e-05;3.00627e-05;2.02467e-06;3.13595e-05;1.04832e-05;2.55666e-06;3.22082e-06;4.18141e-06;1.7988e-05;1.73811e-06;1.20974e-05;5.35298e-06;1.30734e-05;1.6479e-05;1.98393e-05;0.000318332;2.58193e-05;0.000163813;0.00464981;1.33153e-07;2.86598e-06;7.14301e-06;9.00951e-06;2.2478e-05;0.000173987;0.000210222;1.27165e-05;2.20277e-06;0.000112792;1.60246e-06;1.16148e-05;1.19796e-05;7.60109e-06;2.01641e-07;3.16996e-07;2.2605e-06;5.8566e-07;3.02327e-07;0.000203856;2.26742e-07;1.4534e-06;6.90055e-06;8.21276e-06;4.69632e-05;3.18701e-05;1.39171e-06;1.62098e-05;9.54106e-07;2.71087e-06;0.00011216;0.00202601;0.00141051;0.00497797;0.000577708;4.59002e-05;6.0345e-05;1.66791e-06;0.000207039;2.8529e-05;4.01872e-05;1.6529e-05;9.73197e-05;5.23063e-05;9.47385e-07;3.28122e-06;0.000200347;6.31362e-05;0.00021606;6.59135e-05;6.22019e-05;2.31191e-05;2.93408e-05;4.37557e-05;1.53367e-05;1.06769e-05;4.08821e-06;1.77068e-05;2.39352e-05;8.34824e-05;0.00161674;1.81794e-05;3.88475e-05;0.000273966;3.89962e-06;3.18254e-05;1.129e-05;2.99892e-05;1.64826e-05;2.50563e-05;0.00116269;1.49593e-05;3.55242e-05;0.00033346;0.00151754;1.83243e-05
4.95312e-05;4.35222e-05;8.44423e-06;8.69405e-06;4.44246e-06;6.85296e-06;1.54414e-05;1.67363e-05;1.13063e-06;5.12456e-07;7.81681e-06;1.46931e-06;1.5778e-07;4.04793e-07;4.01875e-07;2.72531e-07;1.53462e-05;2.42721e-07;5.21142e-07;9.26018e-07;5.34109e-06;4.036e-07;4.56083e-07;3.4478e-07;1.72541e-07;2.50532e-08;2.28737e-07;2.92142e-07;8.00156e-08;5.08837e-09;5.95597e-07;1.66864e-08;4.76434e-07;9.83788e-08;1.27683e-07;2.97373e-07;2.71492e-07;2.5803e-07;2.9991e-07;8.23662e-08;1.14786e-06;1.46025e-06;5.23214e-07;1.53372e-06;2.70299e-06;2.858e-08;1.65528e-06;1.27192e-06;2.00503e-06;4.04555e-06;1.85224e-06;5.51113e-06;1.94136e-07;1.74683e-07;4.13451e-08;3.12553e-07;3.70989e-07;2.59647e-06;1.09793e-06;1.51083e-06;2.09154e-05;1.71245e-06;8.07578e-07;5.11764e-07;4.73012e-07;1.19063e-06;6.76251e-07;6.34796e-07;4.77892e-07;4.8035e-07;2.63543e-07;2.98602e-08;1.55586e-05;8.17575e-08;2.29403e-07;1.39959e-07;2.12457e-07;9.7691e-08;3.22812e-07;5.84569e-07;2.10173e-07;1.5407e-07;6.4627e-08;7.7981e-07;2.78904e-07;4.17742e-08;1.76343e-08;7.70896e-07;2.06622e-07;1.87954e-07;2.69612e-07;3.66263e-07;5.98431e-07;1.63105e-07;2.26949e-07;2.16705e-07;1.94722e-07;1.19815e-07;3.00126e-07;5.02841e-07;4.80772e-07;1.43181e-06;2.97964e-06;2.58656e-07;2.4478e-06;1.98382e-06;2.992e-07;2.0372e-07;3.58052e-07;5.45147e-08;7.92878e-08;1.03643e-06;2.04647e-07;2.40808e-07;1.37597e-07;1.55007e-07;5.09344e-07;2.97205e-08;6.04209e-08;8.86589e-08;6.30391e-07;6.40891e-09;1.32977e-07;8.24575e-08;5.7132e-08;8.81619e-08;1.05355e-07;1.7538e-08;9.19109e-07;4.11526e-08;2.17304e-07;9.7142e-07;1.0677e-06;8.44458e-10;3.25675e-09;2.37806e-08;1.73262e-06;3.9988e-06;6.79953e-07;5.66208e-05;1.48038e-06;8.93182e-07;4.99921e-07;2.37652e-07;7.96869e-07;4.09423e-07;7.05126e-07;1.54552e-07;3.43574e-07;1.18454e-06;4.08135e-07;5.73458e-07;6.72042e-06;8.5018e-06;3.79811e-07;3.59054e-07;8.65412e-08;4.68238e-08;2.18181e-07;1.22293e-06;2.53505e-07;1.19503e-06;6.29319e-06;6.72578e-06;5.4299e-07;5.31225e-08;1.61808e-07;4.09853e-07;9.38289e-08;8.89617e-08;7.6432e-08;8.08826e-07;8.96051e-07;2.48716e-06;9.18188e-07;9.51624e-07;3.37067e-06;7.15762e-08;2.01285e-07;2.98669e-07;1.78587e-06;2.14584e-06;1.81939e-06;1.93637e-05;1.55505e-07;7.06757e-07;1.50667e-06;8.51228e-07;1.55127e-07;1.36995e-06;1.45451e-06;1.59481e-06;3.19129e-06;2.40164e-06;1.82966e-06;1.17141e-06;4.30974e-07;1.54707e-06;9.91611e-07;2.37735e-07;3.43891e-07;1.25719e-06;2.753e-06;1.1741e-06;3.6269e-05;7.04762e-06;6.78978e-07;3.29085e-07;1.01962e-06;5.56364e-07;1.41543e-07;4.29341e-07;1.74821e-06;1.01739e-06;1.30722e-07;3.14085e-07;1.14693e-06;1.83182e-07;6.77255e-08;1.48595e-07;6.72842e-09;2.75284e-07;2.70542e-07;3.61024e-07;3.44691e-07;6.96355e-07;9.03799e-07;2.7527e-06;1.34617e-06;4.31266e-06;1.29274e-06;3.66423e-07;2.89294e-07;2.31891e-07;1.73171e-06;1.54547e-06;1.91027e-06;4.17389e-08;4.38388e-07;7.41252e-07;3.53977e-07;1.67771e-07;3.72701e-07;4.00696e-08;1.63386e-07;2.9622e-07;1.33715e-06;4.92317e-07;8.4566e-07;6.18187e-07;7.15932e-07;1.25762e-07;2.41636e-07;1.33241e-06;4.83453e-07;1.68129e-08;1.73507e-07;7.90125e-08;3.27287e-07;4.17723e-07;4.54791e-07;5.68495e-07;1.56057e-07;1.34438e-05;2.93097e-07;7.92012e-07;5.1108e-07;2.44104e-07;3.52075e-07;1.74803e-07;4.48275e-07;2.6598e-07;1.5121e-05;9.47012e-09;5.71701e-09;4.55954e-08;6.1783e-07;5.30556e-08;1.10588e-06;3.83024e-09;5.16461e-08;1.60845e-07;9.31971e-07;2.72992e-11;3.24797e-08;1.01582e-08;5.68164e-08;9.74385e-09;3.26571e-08;8.101e-07;4.45596e-09;3.48279e-07;2.38506e-06;1.93207e-07;2.71448e-07;7.38884e-08;9.32976e-07;1.76952e-09;1.81793e-07;2.8595e-08;1.33415e-06;0.00013337;0.00021426;0.00509327;0.520995;0.0479576;0.424138;0.000165544;5.73428e-06;0.000107329;0.000309253;5.31743e-05;0.000174282;1.18557e-07;1.31436e-07;5.15677e-07;9.71691e-07;2.62715e-08;1.67908e-07;8.69764e-09;2.06404e-06;2.63195e-07;2.22545e-07;2.24663e-07;7.81502e-07;5.60548e-07;2.11963e-05;2.95682e-06;5.06547e-07;5.468e-10;1.03214e-07;1.06093e-06;1.00948e-06;4.75373e-07;2.06301e-07;1.51402e-07;4.507e-08;1.93373e-08;1.62098e-07;4.39319e-07;3.89303e-05;3.25745e-07;2.13135e-07;1.22679e-07;1.33335e-07;2.4175e-07;3.74636e-07;1.14009e-07;3.856e-07
2.04262e-07;7.31414e-06;3.95314e-05;3.57151e-06;7.32212e-08;2.51498e-05;2.75515e-06;3.26329e-07;1.39034e-06;2.10022e-06;7.35847e-07;5.16377e-08;1.07618e-07;1.39883e-07;3.96047e-07;1.01096e-05;1.09584e-06;1.6139e-07;7.39563e-06;1.51084e-06;1.02553e-09;3.12257e-07;8.71575e-07;6.11851e-08;4.27693e-05;5.04153e-08;8.48466e-07;6.40292e-07;3.02152e-09;3.39819e-07;3.3562e-06;3.39227e-08;5.25544e-06;2.26972e-08;9.07413e-08;3.0839e-07;6.51696e-07;2.65252e-07;7.54331e-07;2.71871e-07;7.42421e-08;7.25869e-06;1.40032e-06;1.78299e-05;5.63297e-08;3.7283e-07;1.54297e-06;6.97094e-08;1.79121e-05;2.25359e-05;1.30523e-07;4.3546e-07;1.97059e-06;1.21758e-09;1.69307e-07;8.82852e-07;8.36386e-07;7.48886e-07;1.20101e-06;0.000136969;1.89497e-06;0.000386922;1.32399e-05;0.000212112;1.84066e-07;7.84023e-06;8.28129e-07;8.14572e-07;1.0243e-08;2.41168e-06;1.07453e-06;2.24095e-08;4.24812e-05;2.56916e-08;3.8613e-08;1.2491e-07;5.82348e-07;2.04642e-07;1.07014e-05;8.00817e-06;7.52783e-07;6.98187e-09;2.22003e-07;7.47876e-06;3.93518e-09;4.14132e-07;5.83191e-08;2.07554e-06;1.75906e-06;4.81213e-07;7.78127e-07;6.49464e-06;6.06608e-07;8.24409e-06;2.97927e-05;1.35722e-07;2.29539e-05;2.95366e-07;1.64516e-06;1.14183e-09;7.4383e-07;5.19246e-06;1.09517e-07;3.6244e-06;6.04206e-07;6.22988e-06;8.2756e-08;3.91389e-07;3.11093e-07;1.40885e-08;0.000555978;8.62905e-09;8.36204e-06;5.70496e-07;3.49101e-07;3.60703e-10;0.000268228;9.46439e-08;2.285e-06;3.66213e-08;6.59468e-07;1.99759e-08;7.43674e-07;1.14577e-09;1.34821e-07;3.4659e-07;1.35014e-07;1.44992e-06;2.91094e-07;9.52377e-08;1.79669e-07;2.49717e-06;1.26487e-06;1.75972e-09;8.84642e-06;3.01722e-07;5.38242e-08;3.26279e-06;3.94105e-06;1.36794e-05;2.68783e-06;4.61027e-07;8.80131e-07;5.08471e-07;6.1278e-07;2.4772e-06;1.82604e-06;3.3428e-06;8.74944e-08;3.3805e-06;2.18818e-05;5.32412e-08;2.67294e-05;5.77091e-07;1.51231e-05;2.27721e-07;9.55222e-09;5.72307e-06;2.47451e-07;4.28643e-07;3.3717e-07;7.26553e-06;1.24351e-06;0.000656958;6.947e-07;5.56684e-07;2.89465e-07;4.12474e-07;2.90267e-08;6.48902e-06;2.33333e-06;6.64766e-05;0.000436452;0.0787512;0.785789;0.00069136;0.127356;6.87371e-05;0.000307456;4.40669e-05;7.30843e-08;2.20627e-06;2.1055e-06;1.00515e-07;3.36389e-07;1.97108e-07;1.72989e-07;7.41548e-08;3.4235e-06;6.2792e-07;1.55267e-06;2.08854e-07;1.87289e-06;1.68733e-06;2.04569e-06;1.33556e-06;1.09723e-07;5.89408e-07;7.60193e-07;7.61929e-06;4.79238e-07;7.55714e-08;3.16144e-06;6.263e-07;1.6809e-06;0.00035115;1.63585e-07;1.48283e-06;7.39557e-07;1.00141e-06;1.82228e-07;3.10133e-07;8.76964e-07;4.44926e-07;5.02584e-09;4.03681e-07;1.29004e-06;1.31609e-08;1.41951e-05;1.13986e-07;3.76636e-07;1.14976e-07;1.92988e-06;4.01733e-06;2.72884e-07;7.13285e-07;8.90515e-06;2.88883e-05;9.34563e-07;2.30552e-06;3.04057e-07;1.88685e-06;2.43645e-08;1.23188e-07;3.63053e-07;2.57845e-07;6.02011e-07;1.08622e-08;9.18166e-07;2.2495e-07;2.54596e-06;1.13557e-07;1.10513e-05;6.98015e-08;1.67948e-07;8.18326e-09;9.37228e-07;5.64599e-07;1.09778e-07;7.45278e-08;1.0454e-08;5.09497e-07;2.25593e-08;1.57523e-06;3.16375e-06;1.66176e-08;3.84671e-06;1.1472e-07;6.04532e-07;1.19336e-08;8.63923e-07;1.39221e-06;1.85597e-08;1.40316e-08;1.32599e-08;8.0122e-09;1.12913e-07;2.58944e-07;1.07583e-06;1.71738e-08;1.17815e-06;2.54055e-08;3.79213e-12;1.65511e-09;4.62871e-06;7.49877e-06;1.14033e-05;0.00307794;1.74396e-06;1.47238e-06;1.27537e-06;1.78019e-05;1.19394e-06;5.15864e-08;1.27599e-05;3.12282e-06;5.42069e-08;2.44503e-10;1.82106e-08;1.56666e-07;1.16745e-07;2.35155e-06;8.39016e-09;2.98681e-09;2.55924e-08;1.13728e-06;3.85859e-07;5.78289e-09;4.94654e-06;9.77765e-07;5.15228e-07;7.63609e-10;8.54046e-08;1.33304e-07;8.23173e-11;7.7019e-08;1.50424e-07;1.04262e-10;2.04399e-07;3.49181e-07;1.04532e-10;1.40998e-07;1.63463e-07;1.26814e-07;1.1291e-08;5.73078e-07;4.24348e-07;9.81476e-10;5.90591e-09;8.39418e-09;5.41064e-07;1.66247e-08;3.6222e-08;5.00852e-10;8.28826e-08;2.01648e-05;1.24741e-07;1.22245e-05;1.00235e-06;4.17447e-08;1.73139e-07;6.40694e-07;2.96621e-06;1.2726e-07;1.07861e-06;1.04413e-06;8.26553e-07;9.02004e-11;8.28246e-09;3.09956e-07;3.936e-11;6.07483e-07;2.05485e-08;5.46009e-12;7.41951e-10;5.94216e-07;2.6293e-07;6.65091e-09;3.95437e-07
1.52502e-06;1.39151e-07;2.72086e-07;8.85283e-07;3.0151e-06;1.10761e-05;4.24672e-09;9.94825e-07;1.67863e-07;2.81837e-07;2.02328e-08;3.4019e-09;4.42544e-06;1.98813e-07;9.53711e-07;1.66983e-06;3.07992e-06;8.29802e-08;2.96762e-05;3.58925e-07;7.90524e-09;4.88119e-08;4.18714e-07;1.22747e-07;2.54664e-07;4.7102e-07;1.60841e-06;4.25853e-08;1.50103e-08;4.2907e-07;2.93856e-08;1.15498e-07;2.21194e-07;9.7551e-08;1.86066e-07;1.61153e-08;7.90131e-08;4.06374e-08;6.37822e-08;2.26331e-09;1.946e-08;2.85179e-07;1.85899e-06;1.29289e-06;6.20277e-09;7.22499e-09;1.5716e-09;3.23542e-08;3.21756e-07;3.32478e-07;4.28901e-09;4.31397e-07;5.05714e-07;5.31145e-07;1.30616e-08;2.45525e-07;2.15783e-07;3.863e-08;9.12559e-08;1.15049e-07;4.09191e-08;2.18582e-08;7.42784e-08;1.31712e-07;4.3479e-08;1.55472e-07;3.70377e-08;2.18151e-07;2.61051e-08;9.70298e-07;3.83465e-07;7.15655e-07;7.31175e-08;2.96679e-08;1.04086e-06;3.19122e-08;3.02201e-08;2.22198e-07;3.477e-07;6.55877e-08;2.65361e-07;5.42412e-09;2.53238e-06;5.5739e-07;1.15089e-06;1.05775e-06;1.9695e-07;1.90125e-07;7.84474e-07;1.47266e-07;3.53741e-08;5.27465e-07;1.44897e-07;1.88465e-08;1.70086e-08;4.08046e-07;1.91308e-07;1.33482e-07;1.06381e-06;2.11027e-10;8.61799e-09;2.07253e-08;3.05995e-09;1.12788e-09;4.45128e-08;5.04023e-08;7.59659e-09;3.88607e-08;1.70296e-07;1.35241e-06;2.83289e-05;1.78744e-06;6.89918e-08;2.34308e-07;2.58729e-07;1.06264e-08;2.75481e-07;3.09897e-08;3.77451e-05;3.43365e-09;1.30822e-07;6.92846e-08;8.01657e-07;4.27785e-08;5.77172e-07;1.14153e-07;8.73958e-08;4.30621e-07;3.28358e-08;2.62603e-08;1.02563e-07;1.08794e-06;5.07382e-07;1.93658e-09;7.7068e-07;1.40527e-06;3.30838e-08;1.75989e-07;1.04842e-06;1.83328e-08;4.65421e-08;3.42606e-07;1.3343e-06;6.06776e-08;5.96449e-09;1.32747e-06;9.50021e-08;3.02529e-07;2.14509e-07;6.5342e-07;4.77145e-06;4.12526e-08;9.67062e-09;5.08923e-07;9.92599e-07;8.39278e-08;4.99154e-09;9.29227e-07;2.19366e-07;1.28812e-07;9.50066e-08;4.39012e-07;1.09625e-07;4.78039e-08;6.5769e-07;2.24376e-06;3.64237e-08;2.03614e-07;2.78446e-07;1.58047e-07;5.33914e-07;7.75719e-07;2.91406e-06;4.56512e-08;4.10701e-06;4.71186e-06;0.000156396;7.39838e-08;4.3658e-06;2.69671e-06;1.19596e-08;2.11625e-07;1.14748e-07;1.49473e-08;4.026e-07;1.69764e-07;7.80908e-07;1.6519e-08;2.53149e-07;7.56076e-08;8.18396e-07;8.4138e-08;3.68799e-07;1.74517e-07;2.57735e-06;3.27055e-07;3.1787e-06;2.24953e-06;1.35473e-07;6.37413e-07;1.51901e-06;1.14159e-08;1.88832e-07;2.41517e-07;4.94577e-09;1.63314e-09;3.05121e-08;4.91553e-08;6.53749e-08;8.70583e-08;4.75268e-09;1.80112e-08;5.051e-08;1.81353e-07;2.64644e-08;5.56878e-07;1.56562e-06;9.00109e-09;9.21522e-07;6.89678e-07;3.35946e-06;6.98566e-08;5.87045e-07;2.01089e-07;1.04683e-07;1.07762e-07;1.48262e-06;4.49678e-07;2.34509e-08;1.64199e-07;2.68119e-06;3.80512e-06;1.94628e-08;9.07855e-07;4.16813e-07;8.5108e-08;4.02944e-07;5.14675e-09;2.03032e-05;3.6725e-07;2.22627e-07;3.89802e-07;1.80633e-06;5.63928e-06;1.44875e-07;2.26722e-09;3.12735e-07;4.85613e-07;1.10163e-09;2.56676e-07;6.41981e-06;1.57045e-06;3.28766e-08;3.37678e-07;6.03755e-07;7.29667e-08;2.41761e-06;1.67871e-07;1.33176e-07;6.16505e-09;1.13473e-07;5.48886e-08;2.11865e-10;8.80201e-11;2.77251e-08;1.44753e-07;2.92222e-08;1.24058e-07;1.25772e-07;4.63272e-08;1.96691e-07;2.65921e-08;6.75325e-13;8.03986e-09;8.45576e-07;4.00713e-07;7.35429e-10;1.32611e-05;9.54272e-06;9.79294e-07;6.08429e-08;4.37115e-08;9.11889e-08;3.02799e-09;7.10814e-08;5.12388e-07;1.12858e-07;1.12163e-08;4.52677e-08;6.1004e-08;4.34357e-12;1.71569e-09;8.59422e-09;3.24038e-09;9.90531e-09;5.98439e-07;9.41088e-08;1.10284e-07;1.56655e-07;1.69296e-07;9.04311e-08;1.08224e-08;2.71122e-07;1.26416e-07;4.70653e-08;1.71972e-07;7.12074e-08;2.36818e-06;1.10089e-07;3.20766e-06;3.43011e-11;2.7553e-06;1.47468e-08;1.01533e-07;6.12609e-08;9.86941e-07;1.87815e-07;7.70677e-10;3.17204e-09;2.25838e-08;5.37995e-07;1.85932e-08;1.61837e-07;0.137226;1.23699e-05;1.69525e-05;0.000214647;0.000262208;0.00286486;0.816014;6.8714e-06;4.06074e-05;2.07106e-05;0.000141357;0.000114664;0.042591;8.32746e-08;1.43909e-07;4.88688e-08;9.98555e-07;2.22183e-11;1.376e-08;1.40847e-07;9.78367e-07;2.73773e-09;1.03007e-07;8.19072e-07;9.56904e-09;1.24206e-06
4.50534e-06;2.94521e-05;6.2397e-08;2.40332e-08;2.59024e-07;7.37741e-07;1.11604e-08;4.78667e-07;2.66712e-07;5.14083e-08;3.03303e-07;5.72038e-09;3.45709e-09;3.28315e-05;1.81408e-07;3.30906e-05;2.47691e-06;8.21265e-08;8.51387e-08;4.20926e-07;1.07482e-06;0.00048105;1.04712e-07;9.45912e-06;4.18971e-07;2.22665e-07;1.30599e-07;9.54981e-07;0.000135738;3.76999e-09;2.70273e-10;0.000150332;1.20286e-08;4.96433e-12;7.36981e-13;9.65604e-06;1.99606e-07;1.00585e-07;3.61515e-09;3.84558e-09;8.76985e-08;1.59757e-08;2.36792e-07;6.0864e-08;1.50717e-06;9.14357e-06;1.73147e-07;0.00293714;6.81415e-08;1.48187e-08;4.1649e-06;1.76807e-06;6.02924e-06;2.8884e-08;6.90854e-09;4.61513e-07;3.50136e-07;0.000130343;3.46969e-07;7.24773e-08;3.14681e-07;1.27281e-08;1.01482e-07;6.01825e-10;1.08606e-06;8.29959e-07;6.06339e-08;2.61562e-07;0.0019349;1.68761e-06;6.81132e-07;0.000113619;4.91784e-08;2.56863e-08;7.24348e-09;1.57104e-06;9.81689e-08;1.48704e-06;4.93887e-07;6.90771e-07;2.01158e-05;0.416998;0.000729647;4.72754e-05;0.414975;0.00286104;0.000228619;8.42211e-07;0.000260329;4.61036e-07;0.000225326;1.28133e-07;1.35993e-07;1.65787e-06;5.86113e-08;6.51294e-08;3.44641e-10;5.27125e-07;1.85198e-07;0.000146553;6.51677e-08;1.61962e-09;7.86266e-07;1.70429e-09;3.71708e-07;3.80322e-11;2.6702e-05;7.73839e-08;7.93941e-08;4.45302e-07;1.66347e-08;9.18024e-08;9.3526e-06;1.13618e-07;1.16958e-06;2.25498e-05;2.72425e-07;6.49287e-08;4.11958e-12;1.34866e-07;4.41835e-07;5.95865e-09;1.9258e-08;0.000619522;6.13779e-08;2.4634e-08;2.61985e-07;7.33811e-08;3.60767e-09;8.9727e-12;0.000124453;2.4687e-08;2.21569e-08;1.40207e-08;6.64831e-09;6.43076e-08;0.000839788;8.98687e-06;1.82025e-07;4.21287e-07;6.21166e-07;8.86111e-07;1.64816e-07;2.28022e-05;1.77763e-06;6.00914e-07;1.90289e-07;1.88352e-07;0.000344091;6.16275e-07;9.78635e-08;1.40438e-06;6.07308e-08;5.56274e-09;9.28341e-11;1.51364e-06;2.26085e-08;2.45369e-08;4.22678e-08;0.000144679;1.29296e-07;1.85268e-07;1.69476e-06;4.46161e-08;3.13355e-06;2.05194e-10;3.74779e-07;1.46277e-07;6.76652e-07;1.86304e-07;0.00019785;3.04893e-06;9.7758e-07;7.72026e-06;2.68697e-07;5.9921e-07;1.2274e-08;2.97253e-06;4.63861e-07;4.19454e-08;0.000754906;3.98475e-07;8.44541e-08;6.52301e-07;7.28494e-06;3.34412e-08;2.67006e-09;1.8832e-06;2.13456e-07;2.35934e-07;4.59858e-07;0.00129035;3.40672e-06;3.98165e-07;2.62213e-05;1.79402e-06;2.08376e-06;7.17118e-08;1.89015e-06;3.56047e-07;1.35907e-06;0.000632355;2.3373e-06;2.2723e-06;2.39814e-05;9.49706e-08;3.95762e-07;3.94971e-09;5.58878e-05;9.55136e-08;2.33963e-06;5.5245e-08;6.35655e-07;1.20271e-07;0.000109408;1.72503e-07;5.73802e-07;1.27129e-08;1.12014e-07;2.0049e-09;3.64619e-11;1.27335e-06;1.36231e-07;9.79853e-08;1.09858e-07;0.000456774;1.32971e-06;9.59835e-07;1.39999e-05;2.10633e-08;4.36498e-06;1.89405e-08;0.000724012;4.99925e-08;2.09488e-07;5.39548e-09;3.89593e-07;1.43987e-08;5.19716e-11;5.1034e-05;1.08215e-07;1.958e-06;9.86294e-08;2.09353e-07;2.2256e-07;0.000759451;5.32368e-07;3.95782e-07;3.1912e-06;6.15379e-09;5.66429e-07;2.93611e-09;1.52233e-05;5.5346e-08;1.06575e-07;5.90176e-08;1.51108e-07;2.29138e-07;3.04211e-07;0.000557118;8.19475e-07;3.62512e-07;1.2383e-06;1.55198e-07;1.84762e-06;2.02162e-09;1.88402e-05;1.23588e-07;1.92872e-08;6.32025e-05;3.69639e-07;8.60858e-07;2.23113e-13;0.000163606;4.6088e-08;1.67151e-09;2.0234e-06;1.06968e-05;4.2209e-09;2.98006e-11;2.92464e-05;2.2644e-09;4.79399e-09;2.67129e-08;3.9014e-09;3.5148e-08;3.69406e-07;0.000660144;1.79861e-08;2.63957e-08;7.41622e-06;2.16644e-09;6.37991e-09;2.85375e-15;5.73807e-05;2.59042e-07;1.25326e-07;2.91782e-08;2.55686e-08;2.90924e-08;1.27544e-07;0.000169916;7.57828e-08;8.41218e-09;0.147335;4.78815e-07;2.5885e-08;4.66032e-16;1.58394e-05;5.14328e-07;2.31807e-11;4.88438e-09;4.65831e-11;2.1331e-07;0.000348909;2.00112e-07;3.46706e-07;5.28155e-05;3.93198e-09;1.99244e-11;4.62613e-10;3.16135e-05;1.69196e-07;0.000365902;6.01248e-05;4.53933e-08;7.50686e-11;2.73016e-07;6.49537e-06;3.11949e-07;4.82657e-05;3.43038e-07;6.9604e-07;1.17557e-06;6.87745e-07;1.65919e-07;2.79718e-06;2.09284e-10;4.29813e-05;1.82891e-07;7.3013e-09;5.15744e-11;4.90631e-08;9.41048e-10;3.7553e-05;4.78721e-08;3.38546e-08;1.0128e-08;1.68297e-08
2.00517e-10;5.0642e-10;4.24659e-09;2.0511e-10;1.24295e-10;2.92612e-09;1.76196e-11;2.6378e-11;9.027e-11;3.60527e-10;7.37204e-13;5.64705e-10;2.50854e-12;3.01884e-11;8.18455e-11;1.63807e-10;3.56291e-10;1.30491e-11;5.25471e-11;7.31358e-10;4.98653e-09;7.11328e-12;4.23243e-10;7.99489e-11;8.21821e-10;1.46226e-10;2.26235e-11;0.999999;2.44904e-11;8.21779e-10;7.91266e-09;1.4331e-11;1.56393e-10;7.12894e-12;2.36564e-11;6.2001e-10;5.65804e-11;2.9795e-11;2.35062e-11;1.69296e-10;1.46807e-10;1.79428e-08;8.08033e-08;2.45251e-07;1.57902e-08;5.71055e-08;5.32416e-10;2.37729e-10;1.1362e-09;2.16898e-09;5.75562e-11;9.24163e-11;1.08546e-10;3.71442e-11;6.61995e-09;9.82332e-11;2.42239e-10;7.11309e-11;1.09686e-10;2.34542e-09;3.48832e-10;2.77884e-09;5.10856e-09;1.2156e-10;4.55253e-11;7.47405e-11;2.00732e-11;3.70256e-11;4.03934e-10;1.49729e-09;5.91035e-10;3.92206e-11;2.43342e-11;1.24096e-12;2.42247e-10;7.02165e-11;4.72058e-11;2.80441e-10;9.15801e-10;3.78376e-10;5.02247e-11;1.2432e-11;3.70277e-10;1.18539e-09;8.80383e-12;1.26125e-11;2.9551e-11;1.19197e-11;2.09016e-10;2.59151e-11;5.0537e-11;4.45535e-10;4.772e-11;9.20041e-10;9.4421e-11;1.59565e-10;7.52346e-11;6.59374e-11;6.83723e-11;2.08794e-10;5.45167e-09;1.30641e-09;1.10019e-10;3.79262e-11;1.06711e-11;3.22388e-12;3.01029e-11;2.74913e-11;4.48446e-11;2.03512e-12;1.06457e-11;4.39875e-12;7.40182e-11;1.9264e-11;1.21017e-09;2.17859e-11;1.15666e-10;1.21248e-09;2.03395e-09;8.50079e-12;2.87318e-11;3.05872e-12;2.00456e-12;5.54868e-13;3.69766e-11;2.23056e-10;3.01421e-12;9.69697e-12;1.15956e-12;5.10289e-13;1.06116e-12;8.90079e-11;4.00737e-11;1.58124e-12;1.96801e-12;6.1702e-12;2.03612e-11;8.79597e-11;3.15563e-10;5.45379e-11;3.32648e-11;8.73835e-11;1.77889e-11;2.78185e-11;4.37251e-12;6.86427e-11;1.14606e-11;1.6243e-11;1.59624e-11;2.0717e-10;2.692e-09;1.78879e-09;5.04641e-13;2.82662e-10;1.70403e-10;2.44269e-11;5.55663e-13;2.10888e-11;7.802e-12;7.27932e-11;3.38176e-11;1.0395e-09;2.14989e-08;1.28947e-08;2.85433e-10;5.07321e-10;2.69622e-10;7.61646e-11;5.37493e-12;2.86925e-11;4.68437e-11;6.53961e-10;2.90256e-10;1.29554e-11;1.4081e-11;5.85103e-12;4.53112e-12;1.18969e-11;3.67509e-11;4.42189e-11;1.93174e-11;9.9396e-11;1.44677e-10;4.70337e-11;8.01488e-12;1.31082e-11;5.62874e-12;5.44583e-12;1.56119e-10;2.52386e-11;4.3843e-11;8.69201e-11;1.24695e-09;9.00496e-10;7.98685e-12;8.86627e-10;1.62367e-10;1.2227e-11;7.12031e-11;9.78975e-11;1.37632e-10;1.36612e-11;4.29388e-10;4.00467e-11;4.61968e-12;2.33103e-12;4.34789e-11;3.85084e-12;7.54929e-11;1.1955e-09;5.17742e-12;8.93135e-12;6.91979e-11;2.95883e-11;2.07129e-11;7.95209e-10;6.04157e-09;1.99077e-09;1.81889e-10;8.86495e-13;2.91626e-12;3.23824e-11;3.24903e-11;9.13561e-11;4.40349e-11;1.07547e-10;1.3348e-09;8.32872e-10;8.63676e-10;1.5219e-10;2.51817e-10;2.70526e-11;1.85971e-11;1.09828e-10;1.28019e-10;7.79421e-11;4.12008e-12;1.88228e-10;1.16102e-11;6.82148e-11;3.13441e-11;9.49618e-10;3.32688e-11;6.10585e-10;1.29678e-11;5.11839e-12;1.53965e-10;3.00374e-10;2.0856e-13;9.04519e-13;1.98717e-11;1.03225e-13;1.0874e-10;3.16844e-10;7.43625e-10;1.36356e-10;3.9169e-10;3.03531e-10;5.67281e-11;3.32086e-11;3.77727e-10;6.28727e-10;1.77175e-08;2.72585e-15;3.90935e-10;7.69961e-10;4.83343e-11;2.09919e-11;9.34173e-10;7.27236e-11;1.32464e-10;3.82915e-11;8.0414e-14;1.09229e-12;7.21468e-11;1.43355e-10;4.78251e-13;7.87678e-13;1.73961e-13;7.90225e-13;1.05891e-10;1.84026e-10;5.62643e-11;3.49387e-14;2.25941e-10;5.77825e-12;1.74895e-10;5.64358e-12;1.26539e-10;6.56978e-10;9.60223e-13;5.44102e-13;3.36214e-12;1.41611e-10;1.23933e-10;2.80021e-11;9.83176e-11;6.67836e-13;2.5906e-11;3.68064e-11;1.09605e-10;5.68227e-11;1.01777e-09;2.50992e-10;1.98279e-11;1.40983e-09;8.46436e-11;2.3009e-13;2.30509e-11;1.92498e-10;1.71771e-11;2.6555e-10;1.88668e-11;4.65909e-11;1.04048e-12;9.33957e-11;1.20023e-10;4.65926e-12;1.17388e-07;1.02972e-12;3.10514e-11;5.04502e-11;1.54151e-11;8.57288e-13;7.66565e-11;2.40446e-10;9.79059e-11;6.13538e-12;4.85667e-10;5.92113e-13;2.53679e-11;2.84587e-11;3.89026e-11;9.07767e-12;2.96431e-11;1.07056e-11;1.10755e-08;9.45538e-12;1.74689e-11;3.8997e-10;9.95066e-12;1.21012e-09;2.93587e-09;3.96498e-15;4.66532e-11;7.88162e-10;7.99978e-10;3.14863e-12;3.73231e-12
1.15312e-06;1.41878e-05;5.3858e-06;1.78867e-07;2.97612e-05;2.21835e-08;2.03449e-06;6.97742e-06;1.0573e-06;8.32928e-07;1.54157e-05;6.53576e-08;1.35795e-05;1.96828e-07;1.86346e-07;1.92834e-06;1.40148e-05;4.31775e-07;1.53994e-07;4.175e-06;0.000114452;1.71305e-06;1.78445e-07;3.11059e-06;2.94317e-07;5.9814e-06;9.25122e-05;1.47073e-07;1.34176e-06;2.89444e-07;5.20703e-07;2.25663e-06;5.07007e-06;8.5333e-07;2.22126e-06;3.29966e-07;2.42453e-07;2.46691e-07;4.92168e-07;2.95269e-09;7.93226e-09;1.15457e-07;2.11032e-07;1.46039e-07;1.05726e-06;3.41041e-07;1.05082e-07;1.94214e-07;1.09889e-06;4.54294e-06;3.08481e-10;1.57585e-07;2.7238e-09;1.47178e-07;1.20646e-07;6.36857e-07;1.00383e-06;2.62749e-05;1.0123e-06;2.24905e-06;1.11161e-06;2.56439e-06;4.59335e-06;7.31338e-05;8.98957e-07;3.13238e-05;1.27924e-06;2.7401e-06;2.39935e-06;4.59183e-07;3.1357e-07;1.12703e-06;2.26409e-08;2.80761e-07;0.000180004;3.97341e-07;7.13558e-07;3.14225e-06;2.06055e-06;1.61395e-06;1.77049e-07;3.4978e-07;4.12963e-07;5.20046e-07;3.50061e-06;1.38218e-08;3.53929e-06;6.27582e-08;7.07488e-07;4.35295e-07;3.61974e-06;1.20158e-05;1.58214e-06;2.91608e-05;7.33751e-06;1.16272e-05;0.000253173;5.33175e-06;1.00063e-05;2.45414e-07;2.21737e-08;9.64894e-08;9.15888e-06;2.62242e-07;1.02086e-07;1.65314e-08;3.50036e-07;4.8016e-07;2.33251e-07;2.53074e-07;1.61029e-08;6.3726e-09;5.62611e-07;1.06663e-06;5.51793e-08;3.58565e-08;7.76595e-08;2.64555e-07;1.9574e-05;6.28702e-08;7.19393e-07;1.47078e-08;3.29325e-07;4.29991e-07;7.3018e-08;5.14977e-07;1.97799e-05;8.96734e-08;5.40275e-07;3.56944e-06;1.2434e-06;1.72454e-06;1.56026e-06;5.66292e-07;4.80837e-08;4.99753e-08;3.48962e-07;5.67457e-07;4.58123e-07;2.30828e-08;4.11013e-07;3.83022e-08;1.08249e-06;6.35189e-07;1.24774e-06;1.1474e-06;8.20327e-07;1.45782e-06;4.63511e-06;8.69544e-06;6.78264e-06;5.70412e-07;3.98435e-07;8.11694e-08;8.71669e-06;7.48222e-07;1.24928e-06;1.54338e-08;6.48202e-07;1.26188e-06;3.35558e-07;9.95767e-07;2.78893e-07;1.86427e-06;5.39211e-08;9.10306e-07;1.57835e-07;2.00592e-06;1.37996e-07;4.87589e-07;1.32306e-06;3.00208e-06;3.40164e-06;2.05983e-06;5.63329e-07;9.88714e-06;7.09242e-05;7.82748e-07;6.98749e-07;1.59659e-06;4.34659e-07;4.19947e-08;2.34308e-06;2.05738e-09;1.42151e-06;1.88883e-07;4.25438e-07;1.38662e-06;1.37488e-06;6.75886e-07;2.10628e-05;4.1716e-06;1.00872e-05;5.11264e-06;1.72696e-06;1.49766e-06;5.41822e-06;5.0985e-06;4.64428e-06;1.76282e-06;1.84303e-06;2.56549e-06;5.9302e-06;2.55283e-06;1.04279e-05;6.63739e-07;1.27806e-05;4.77056e-06;1.84938e-06;1.11581e-06;2.67281e-07;1.07425e-06;8.75802e-07;5.07532e-05;7.83847e-05;0.00038142;0.000374588;0.975729;0.000405968;0.00277439;0.00734605;1.85754e-06;1.34962e-05;1.30992e-06;2.53422e-06;6.41377e-06;2.49826e-05;7.22762e-06;3.36143e-06;4.1786e-05;4.75777e-06;3.00557e-05;2.07734e-06;2.36313e-07;5.10408e-07;2.56107e-05;3.40665e-06;1.11014e-05;0.00129345;2.45021e-06;1.05192e-06;1.18689e-06;2.31025e-06;6.95306e-07;3.15364e-07;1.95588e-07;3.76152e-08;2.16079e-07;1.29437e-06;1.52687e-09;2.4966e-07;1.31162e-07;5.65171e-07;1.98937e-07;9.80646e-08;9.31608e-07;1.50484e-08;1.07446e-07;5.11957e-07;5.75997e-07;1.37327e-07;5.47532e-07;3.68621e-07;9.1042e-05;7.65746e-05;4.86587e-06;2.37359e-06;6.73024e-07;2.4962e-07;2.84444e-06;1.94514e-06;4.93302e-07;0.0096242;1.31949e-08;4.07076e-09;1.70993e-09;5.32574e-07;1.16246e-09;1.83935e-10;5.8032e-08;4.237e-07;1.27874e-07;1.76731e-07;2.22284e-08;3.02001e-08;2.44676e-08;6.17195e-07;6.44306e-07;4.83769e-07;5.50444e-07;1.956e-05;8.68645e-06;4.34424e-07;1.79025e-07;1.25371e-06;7.22921e-07;1.94229e-06;4.82086e-07;1.56035e-07;2.00233e-07;3.631e-07;1.118e-06;7.8839e-08;5.97455e-07;2.51315e-07;1.67232e-08;2.68759e-09;2.53898e-08;5.61267e-07;3.45122e-07;9.32712e-10;1.27118e-08;2.24697e-06;4.63189e-07;2.08035e-07;9.23726e-07;1.28981e-06;3.5507e-06;9.62839e-07;7.1349e-10;2.30952e-06;6.27445e-06;3.89978e-06;1.01763e-05;4.92763e-07;5.36835e-07;2.8363e-08;8.69764e-07;4.96844e-05;7.21303e-07;2.59094e-06;2.26829e-07;2.78369e-06;8.4588e-08;6.8481e-07;6.98984e-08;5.80215e-06;2.74933e-09;4.11126e-06;1.24055e-07;9.36189e-07;5.28691e-05;3.17554e-08;6.5392e-06;1.0108e-06;1.93559e-06;3.8533e-07;1.93219e-08;1.13503e-07
2.13198e-11;3.85026e-09;1.3861e-09;7.98873e-10;3.75324e-08;2.0641e-10;3.07253e-11;8.27114e-10;5.58227e-10;5.35627e-10;1.30519e-10;3.02584e-14;1.6764e-11;2.88185e-09;8.65294e-10;1.25288e-07;9.30314e-10;6.49744e-10;6.01767e-10;8.04261e-09;5.14225e-10;3.69684e-09;1.2828e-09;2.20392e-07;8.68024e-10;2.10953e-11;9.7542e-10;1.34042e-10;4.68585e-10;1.40283e-09;3.63515e-11;8.07786e-09;9.91039e-11;1.24393e-10;9.08912e-13;3.9674e-08;1.42932e-09;8.5884e-10;5.29024e-11;1.43323e-11;6.34747e-11;2.51785e-09;1.05772e-09;3.51582e-10;1.46112e-07;7.52589e-08;1.0801e-09;2.57337e-09;2.23919e-10;6.83592e-11;1.98877e-09;8.0605e-13;6.25048e-11;1.10498e-10;3.70267e-08;4.18772e-09;4.84447e-09;4.4633e-09;3.37778e-09;1.04687e-08;1.44088e-06;4.70413e-11;2.38097e-08;5.68729e-10;1.3755e-09;2.39685e-07;1.94098e-09;1.48363e-08;8.48133e-09;8.46954e-09;7.78344e-10;1.88851e-07;2.69862e-12;1.17147e-09;2.01953e-12;2.66167e-09;2.16344e-09;3.46603e-08;4.73014e-10;2.22392e-10;5.33846e-09;9.42912e-09;4.66417e-08;1.76893e-08;2.68266e-06;2.50247e-09;1.3709e-09;3.27221e-10;1.23124e-08;1.48184e-09;4.65278e-08;3.58083e-08;1.62419e-09;1.27867e-07;1.98415e-10;1.22445e-09;3.47679e-10;1.18885e-08;3.08885e-09;3.26044e-08;4.85123e-10;2.38922e-10;2.92924e-08;1.44203e-12;6.59856e-12;5.63852e-12;3.62031e-08;3.80968e-10;7.16842e-10;6.53914e-09;1.69982e-11;8.33695e-12;6.78099e-08;2.48391e-09;2.96258e-09;1.05845e-09;2.28179e-11;9.96379e-12;2.82289e-10;2.06389e-08;2.66519e-09;7.26838e-09;6.78733e-10;1.28063e-09;2.2897e-11;2.0904e-10;5.70014e-07;4.48763e-14;2.73404e-12;1.21861e-13;1.46723e-08;4.71123e-09;3.72235e-10;1.89933e-08;2.73728e-11;1.30217e-09;1.1061e-08;3.47703e-09;4.07389e-09;8.77585e-08;1.85776e-09;1.66063e-10;1.74415e-09;2.40137e-07;7.01009e-07;2.55112e-09;6.75628e-09;2.74113e-06;3.60515e-05;6.43915e-06;1.78385e-06;0.999874;1.18469e-06;1.90616e-05;2.15007e-06;1.21683e-08;2.75139e-05;9.07015e-08;4.30275e-07;1.79898e-08;4.57629e-10;3.56026e-09;2.03969e-07;4.42508e-10;1.69061e-08;2.51565e-11;6.55629e-08;2.61889e-09;8.46017e-10;8.10921e-09;3.41592e-08;5.61884e-09;1.61828e-09;5.24906e-08;6.05684e-11;1.38925e-09;1.61382e-09;2.56046e-07;3.91823e-10;2.20163e-09;6.2223e-08;5.2406e-09;1.2498e-08;2.53559e-07;3.23533e-09;1.45327e-09;1.74586e-10;2.91236e-08;9.2566e-09;5.54582e-09;9.86114e-10;4.8013e-08;2.08597e-09;1.20107e-09;9.94542e-06;1.23128e-09;6.27878e-10;2.77754e-09;6.87488e-08;1.88825e-09;4.72278e-09;3.20037e-08;2.73479e-09;1.09865e-09;3.12308e-08;2.29861e-10;3.1705e-09;3.76929e-09;1.08663e-07;1.01167e-09;5.51444e-09;2.4066e-09;4.59719e-09;1.22514e-09;3.99813e-09;7.20618e-09;1.26735e-08;2.26667e-06;6.73164e-09;1.20552e-10;9.77086e-11;3.73554e-09;3.08722e-08;2.27035e-09;7.80187e-10;1.01165e-08;1.81332e-09;2.84057e-09;2.77251e-09;1.70274e-12;4.09613e-11;1.78413e-11;2.1888e-09;7.08332e-10;5.3876e-09;4.80743e-10;7.44511e-13;2.31714e-11;1.17281e-11;7.22299e-08;1.23272e-09;4.0227e-09;6.89544e-10;1.80104e-09;1.16577e-09;2.08734e-09;2.43228e-10;2.44781e-10;5.1893e-07;1.47448e-13;1.06949e-10;1.92237e-13;2.37435e-08;2.05195e-09;2.52254e-09;3.42073e-07;1.59635e-09;2.54808e-10;7.97967e-10;7.30616e-10;1.91046e-09;1.0973e-09;1.78877e-09;4.73769e-15;7.1693e-13;9.58937e-13;6.91975e-09;8.99447e-10;1.91851e-10;2.04435e-10;4.91221e-10;2.00394e-10;1.94478e-16;1.62224e-09;2.39023e-09;4.84293e-11;4.96943e-06;2.52185e-12;6.37908e-13;2.3229e-12;2.6096e-07;1.9151e-08;7.70444e-10;5.11226e-13;2.59951e-10;3.36883e-09;2.77497e-10;4.02829e-10;8.05961e-11;2.22413e-12;1.08769e-09;2.06874e-14;3.13179e-14;1.55906e-13;8.25708e-07;1.33976e-08;1.59025e-09;3.28449e-10;4.16447e-10;1.92188e-10;1.92919e-09;4.18224e-11;5.11012e-11;8.23586e-11;2.50909e-12;1.17426e-12;9.17347e-10;1.55321e-10;2.13763e-08;2.28027e-09;1.46543e-09;4.46852e-12;8.15734e-09;1.78516e-09;5.73237e-09;7.67506e-10;1.53821e-08;3.32905e-09;2.41537e-11;1.54722e-13;9.81635e-12;2.81875e-08;5.92727e-09;4.95057e-13;4.62627e-08;1.46384e-09;3.71852e-09;3.02187e-13;2.53677e-11;6.41977e-10;1.73402e-08;5.03028e-09;3.37927e-09;3.03569e-07;3.13916e-09;2.28365e-09;1.73311e-08;2.2975e-13;2.05713e-08;2.77337e-10;1.16854e-11;3.7931e-13;1.37941e-10;8.46973e-13;9.44543e-10;7.63182e-10;1.03548e-10;1.17646e-08;5.79138e-13
1.19991e-08;2.33625e-08;1.65391e-07;4.58568e-08;5.69409e-07;4.44419e-08;1.87624e-07;4.81489e-08;2.72767e-07;3.38989e-07;2.23033e-08;7.03067e-07;4.75933e-08;3.48581e-08;9.88602e-08;7.7971e-07;2.11576e-07;4.5994e-08;6.71272e-08;1.80529e-06;2.92774e-07;1.45544e-07;5.68152e-07;7.17094e-07;2.33283e-06;4.38332e-06;1.75987e-06;1.61864e-06;1.48754e-08;5.48025e-08;1.34886e-08;1.0895e-07;5.16168e-06;1.20986e-06;6.83767e-07;5.5165e-07;6.33319e-08;3.91962e-08;9.67167e-08;2.89221e-07;4.78793e-07;1.8277e-07;1.86729e-06;1.87964e-08;7.05085e-05;2.62014e-05;3.73936e-06;4.97683e-09;1.36406e-08;6.6435e-10;4.30991e-07;2.20777e-07;1.24041e-05;5.36227e-05;2.19633e-09;2.16749e-06;3.0838e-07;8.84282e-08;1.35719e-07;2.59478e-07;2.89658e-07;2.04413e-08;1.19775e-06;1.49396e-06;7.19484e-08;5.71728e-07;5.06745e-08;5.14166e-07;1.23854e-08;8.64015e-08;2.43394e-07;3.35701e-08;5.91028e-08;1.79601e-09;1.32758e-07;5.65609e-08;1.41471e-07;2.13028e-06;7.69939e-08;1.79082e-07;1.45594e-07;1.15355e-09;1.07633e-07;7.53703e-09;3.17423e-09;6.33467e-09;9.7165e-08;1.10178e-08;3.48806e-07;2.42885e-08;1.13608e-08;4.23792e-07;7.49531e-08;1.68373e-08;1.22639e-08;5.03155e-08;1.36209e-07;2.86605e-06;1.72663e-07;3.40614e-08;9.93265e-07;1.00091e-07;4.93645e-06;8.25696e-07;1.84785e-07;1.21174e-08;4.3254e-07;4.61472e-08;5.95281e-08;1.14899e-07;6.17362e-09;4.59151e-07;8.92932e-09;9.06864e-08;1.74359e-06;5.59937e-09;8.52539e-09;1.97658e-08;8.72617e-07;4.03072e-08;2.24163e-08;1.26807e-07;2.21161e-08;5.02896e-10;3.19649e-08;1.69799e-09;8.4966e-08;3.87142e-08;1.86598e-07;7.23985e-09;1.71299e-07;6.97861e-08;5.50433e-08;3.18096e-08;1.92195e-08;3.42397e-07;1.29245e-08;1.0396e-07;1.03274e-07;4.65408e-08;1.15961e-08;2.15e-08;5.69174e-08;1.59188e-07;5.87035e-09;3.34871e-07;6.56586e-08;3.13231e-06;4.22276e-08;2.78367e-07;5.22549e-08;4.61413e-06;9.0542e-08;5.31239e-06;7.36385e-08;7.67546e-08;2.45028e-08;2.51375e-07;1.39402e-07;1.62417e-08;2.29463e-08;1.31537e-07;1.51175e-08;1.98271e-08;1.12874e-07;1.55128e-07;5.88475e-09;8.8427e-08;4.37333e-07;1.17674e-07;2.85589e-07;2.51313e-07;6.9565e-08;8.60115e-09;3.03916e-08;1.02028e-06;1.63518e-07;1.32093e-08;3.65494e-09;3.74102e-08;1.86601e-07;3.10329e-07;1.14754e-07;2.89833e-05;1.36173e-05;3.42029e-07;2.54702e-05;1.09223e-08;1.86444e-07;2.24973e-07;3.85526e-07;5.86406e-08;1.97252e-07;2.73595e-07;3.07803e-07;3.67582e-06;3.07569e-08;1.82593e-06;7.57192e-08;8.38652e-08;1.25751e-07;1.31536e-07;1.12929e-06;2.20368e-07;1.15787e-07;7.37345e-07;9.43014e-06;2.60852e-06;1.46864e-07;1.0226e-07;1.09592e-07;1.34823e-08;1.16408e-07;6.60866e-08;2.3719e-08;1.69027e-07;1.0653e-07;1.59598e-07;1.84867e-08;2.1866e-08;7.60392e-08;8.78018e-08;5.6853e-07;2.57557e-08;1.77638e-07;9.57258e-08;7.3864e-07;1.35222e-07;1.16324e-06;2.17288e-07;2.22869e-07;1.29712e-06;4.2849e-08;1.80694e-07;2.3062e-07;3.08667e-09;4.11027e-09;1.81413e-07;3.463e-08;1.52693e-07;6.05293e-08;1.50102e-08;1.63665e-07;1.72469e-07;2.66971e-07;2.39694e-08;1.38268e-07;2.86803e-08;4.21059e-07;1.69993e-09;3.19569e-08;3.14966e-08;1.1117e-07;6.35555e-07;7.56396e-08;1.87155e-07;1.63452e-08;1.6275e-08;3.15484e-08;2.80974e-08;1.30339e-07;9.16319e-08;9.95344e-08;6.84764e-10;1.11617e-09;6.85547e-06;1.33117e-07;7.6699e-08;1.9052e-07;9.99718e-09;2.60895e-07;3.35248e-06;1.17499e-11;1.57669e-09;9.69094e-08;5.72897e-09;2.07616e-09;3.0346e-08;8.46123e-09;5.09063e-08;2.70349e-08;1.28367e-07;9.28138e-08;9.95535e-08;5.53861e-07;7.94919e-07;9.48068e-08;6.16233e-10;2.49142e-08;2.13193e-10;8.98554e-10;1.08691e-09;3.6855e-09;1.9576e-08;1.25195e-06;5.45819e-07;5.6233e-08;5.65179e-08;4.59477e-07;6.9582e-08;2.62247e-08;7.70743e-11;9.60585e-09;1.61205e-08;2.8957e-09;1.93109e-06;7.46643e-08;3.14955e-08;3.63203e-08;3.61863e-08;2.37889e-09;2.01921e-07;2.03104e-09;1.87257e-07;1.85374e-08;3.69465e-07;3.39397e-08;4.40839e-09;1.55142e-07;8.94784e-09;6.58771e-09;2.10233e-06;1.69461e-06;5.37368e-10;2.00755e-07;8.08709e-08;2.09734e-11;2.03222e-10;2.26231e-08;1.71377e-09;1.76151e-07;7.65297e-07;6.3116e-08;3.67605e-06;4.41035e-07;8.26354e-07;0.999629;1.32188e-07;9.41553e-08;4.22097e-07;8.19839e-11;1.10713e-08;4.4992e-08;4.41678e-07;2.00197e-08;2.93793e-07;1.45368e-07;1.51828e-07;1.06589e-07
2.45863e-09;4.48486e-08;2.41324e-09;3.12031e-09;2.35929e-08;1.32296e-09;3.02474e-10;1.16224e-09;5.6149e-09;1.53947e-09;2.55279e-11;9.83843e-10;1.94671e-09;5.90637e-10;8.60488e-10;4.34138e-09;9.25383e-09;3.1842e-10;3.60888e-10;4.24548e-09;1.96607e-11;8.47551e-11;1.02893e-09;9.5998e-10;4.22558e-10;2.69543e-11;8.71196e-10;1.31504e-11;3.45572e-10;2.87374e-09;5.75881e-09;5.39143e-09;2.27895e-10;3.89874e-10;3.17804e-11;6.9727e-10;4.61433e-10;6.41907e-10;1.00945e-10;5.77737e-11;8.73766e-11;1.0134e-09;1.01379e-08;3.40398e-11;6.61875e-09;2.47985e-09;1.051e-11;7.79341e-11;1.17212e-09;1.22362e-10;1.97602e-11;8.98844e-11;1.76364e-10;2.53037e-10;9.53916e-12;3.96218e-10;1.79931e-09;4.4098e-09;1.6578e-09;1.08077e-08;1.55982e-09;4.22695e-12;5.03189e-10;9.01603e-10;1.08939e-09;1.1436e-09;5.21061e-10;5.88991e-09;1.58881e-09;4.45934e-10;9.39205e-10;1.77763e-09;7.52913e-10;1.67617e-09;2.23286e-12;1.05364e-09;7.18381e-10;1.08032e-09;1.36407e-09;5.40635e-10;5.27762e-09;3.13255e-10;3.97818e-09;5.82775e-09;3.47236e-09;8.44073e-10;4.39079e-09;4.77874e-11;1.01568e-09;3.06193e-10;5.47775e-10;5.29088e-10;1.57948e-09;3.7449e-10;5.09672e-11;6.79023e-11;1.90077e-11;2.85049e-11;2.16872e-10;1.28743e-09;1.72097e-09;4.13035e-09;8.55013e-07;1.08e-10;7.93106e-11;2.71368e-10;5.5531e-10;6.26758e-10;4.07718e-10;5.28789e-10;6.58444e-12;2.1697e-11;3.19049e-10;1.92581e-09;1.18817e-09;4.60868e-10;2.93541e-11;6.0889e-11;7.22019e-12;6.69659e-09;1.14556e-09;6.95266e-09;1.15616e-08;1.68119e-07;8.35863e-06;1.11025e-06;0.999941;5.11832e-07;8.18459e-06;6.11447e-06;5.95815e-06;7.61016e-07;4.73711e-07;2.25742e-05;1.59251e-08;1.90901e-06;9.21689e-10;1.09603e-08;3.35028e-09;4.0736e-09;4.74748e-10;8.33012e-10;4.67769e-10;8.45794e-10;5.71821e-10;2.16627e-09;5.59705e-10;2.37884e-09;2.54141e-09;2.89155e-09;1.85943e-09;1.25691e-06;1.53716e-09;5.58212e-11;8.61872e-11;4.08711e-10;8.52031e-11;2.10407e-10;4.90636e-11;4.73693e-10;4.19836e-10;6.02142e-09;2.45281e-09;3.43233e-10;2.66842e-10;1.32946e-12;1.39658e-11;3.79388e-10;3.62465e-09;3.69983e-10;1.59219e-08;6.74549e-09;7.22668e-10;1.13882e-08;1.41718e-10;1.44591e-08;1.50139e-10;2.5608e-11;7.32146e-10;2.69579e-10;2.07765e-10;5.1942e-10;2.12109e-09;1.67936e-08;1.794e-10;1.26974e-11;1.52273e-10;4.36651e-11;1.0178e-10;5.46346e-10;1.05786e-08;3.46157e-09;5.31976e-09;2.58944e-09;2.1896e-07;1.45618e-09;2.45552e-09;4.63987e-08;8.79366e-11;1.29788e-09;4.68655e-10;6.36721e-09;8.89345e-09;6.40461e-09;2.09174e-07;1.27991e-07;1.17216e-09;1.89144e-08;1.4634e-09;9.20661e-10;3.88175e-09;2.04906e-09;3.54375e-09;1.8093e-09;4.30085e-10;1.07065e-08;1.0157e-09;2.04221e-09;1.27686e-12;1.94953e-08;5.14128e-10;2.0344e-09;7.50258e-09;1.36019e-09;9.74929e-10;1.9946e-09;5.57049e-09;2.11872e-09;8.20235e-09;2.17247e-09;3.2361e-09;3.47596e-10;5.09353e-10;1.36264e-08;4.43117e-09;2.39981e-09;1.44105e-12;1.80751e-11;8.49736e-10;5.55039e-09;1.29886e-09;4.82407e-10;2.27686e-09;2.31488e-10;1.52404e-09;2.46604e-09;3.55569e-08;4.22016e-10;3.82241e-09;6.58096e-11;1.47875e-10;3.2459e-12;2.99768e-10;8.78393e-10;3.5572e-10;1.38584e-09;6.95337e-11;4.93715e-11;2.04802e-10;6.52029e-10;1.6104e-09;1.78857e-09;1.6678e-08;3.51717e-11;1.12324e-10;1.76677e-10;3.1754e-09;4.88408e-10;2.85549e-09;7.84645e-10;6.25609e-10;8.72583e-10;8.95134e-14;1.15196e-11;4.36652e-10;7.65806e-11;2.86961e-08;5.34444e-12;1.82033e-11;7.83635e-10;3.22483e-10;1.46952e-09;4.10761e-10;1.02845e-11;3.94949e-10;1.98489e-09;3.63759e-10;8.01467e-11;3.17942e-10;3.22621e-10;2.93429e-10;5.73405e-10;1.22923e-12;4.9346e-11;5.95446e-09;2.30005e-08;1.03692e-09;4.65706e-11;2.47701e-10;5.75165e-11;3.34633e-10;5.29959e-12;1.83687e-09;1.86321e-09;3.73256e-10;2.77807e-11;1.30451e-10;2.24108e-12;4.59265e-10;2.42251e-09;8.55414e-10;4.18254e-12;1.13243e-11;1.67432e-09;1.17991e-08;3.69725e-08;2.18781e-08;3.95347e-08;4.30009e-08;3.35307e-11;2.33229e-09;1.23485e-08;4.52275e-09;2.97312e-10;6.83158e-11;5.53842e-10;5.32918e-11;3.08132e-11;3.34145e-11;4.42859e-14;5.76632e-10;6.00725e-09;6.16568e-09;4.09782e-10;2.14346e-09;2.22496e-09;5.8186e-10;3.42582e-11;1.23289e-09;4.77512e-09;1.53836e-09;2.13992e-11;8.34814e-11;4.29472e-10;1.27905e-09;6.39204e-10;5.19246e-10;2.7213e-10;4.80647e-11
3.70942e-07;9.32522e-09;1.97416e-08;1.54557e-08;5.17648e-07;4.35509e-07;7.83907e-09;8.73808e-08;4.49205e-07;4.02884e-07;6.13303e-09;4.2458e-08;2.07491e-07;7.15581e-08;3.14383e-07;3.70343e-07;1.99235e-06;1.56942e-07;3.20892e-07;2.19327e-07;1.70832e-07;5.19858e-08;2.05643e-06;1.30235e-07;2.49033e-05;1.34983e-07;1.39224e-07;7.01156e-08;3.06532e-05;2.05528e-05;0.000143528;0.0102563;0.000143618;0.011381;0.00264114;0.000321272;1.99209e-06;8.7568e-08;0.0186893;0.320833;0.635098;3.22748e-06;7.9992e-07;1.84047e-07;1.83416e-07;6.07987e-07;1.86183e-07;3.56872e-09;4.02057e-08;7.08534e-09;4.8038e-09;2.97524e-10;5.68129e-08;7.04788e-06;3.51876e-09;3.14269e-07;1.18127e-07;7.24502e-08;4.4229e-07;7.67214e-07;9.38053e-08;2.84741e-07;6.35921e-07;8.31397e-08;2.60057e-07;1.07923e-07;2.67255e-07;1.98893e-07;4.6921e-08;3.00668e-07;3.28898e-07;2.28048e-08;4.36309e-05;1.87293e-07;1.40404e-07;2.51404e-07;2.06726e-07;1.24954e-06;1.44714e-07;2.4727e-07;1.05114e-06;2.08535e-07;6.80385e-07;1.04522e-07;1.52983e-07;1.01255e-06;6.62803e-07;2.52851e-07;8.14556e-07;1.28655e-07;4.13905e-07;2.31307e-07;2.52773e-07;2.32399e-07;2.59419e-07;8.83182e-08;7.49767e-10;7.09005e-08;1.72239e-07;7.02678e-08;2.33333e-08;4.52889e-07;2.919e-05;2.48088e-07;2.79819e-07;4.77357e-08;3.19239e-07;5.35732e-08;2.17601e-07;1.33374e-06;2.39844e-07;2.9017e-06;7.75088e-07;1.25213e-07;2.2273e-07;5.13682e-08;5.95209e-07;3.64255e-06;7.76619e-08;4.47891e-07;3.71504e-07;9.07037e-07;4.58329e-07;2.1883e-09;2.48922e-08;1.82245e-08;1.96365e-07;3.59467e-07;9.86667e-08;8.9782e-08;3.47787e-07;1.10386e-06;1.99801e-06;5.10311e-07;8.77464e-08;7.58679e-08;2.96084e-08;1.03933e-07;2.66983e-08;4.07519e-07;1.76674e-08;6.20881e-08;2.01507e-07;4.36033e-07;1.40434e-08;1.14996e-06;1.1843e-07;1.27874e-06;6.71559e-08;1.6173e-07;4.00512e-08;4.84241e-07;6.4962e-05;5.92338e-07;3.11915e-10;1.59978e-07;2.66496e-08;5.50658e-07;3.29579e-07;3.19156e-07;8.59883e-08;1.44195e-06;4.18626e-07;4.7919e-06;1.20981e-07;4.5391e-07;2.69414e-08;5.82986e-07;9.93535e-08;1.28855e-07;3.19454e-07;1.26745e-07;1.88078e-07;4.97198e-08;6.81648e-08;5.09345e-07;6.68155e-09;2.23841e-09;2.62512e-07;4.26939e-08;8.3999e-07;5.13633e-06;5.06696e-08;1.01294e-06;6.47963e-06;4.90713e-06;4.15252e-08;3.40045e-08;1.01618e-07;3.20013e-07;1.30689e-06;6.06589e-08;7.93582e-08;1.77443e-07;6.22405e-08;5.11762e-07;1.07949e-09;4.13725e-07;5.96482e-08;2.94721e-07;1.05654e-07;1.23825e-07;4.67516e-07;1.67667e-07;7.56845e-08;3.05311e-05;7.67963e-06;1.3164e-06;1.70647e-06;1.20858e-07;4.04329e-07;1.30074e-07;1.96015e-06;1.12098e-07;2.23769e-08;3.20551e-08;4.92118e-07;4.82773e-08;3.06765e-07;5.00373e-06;1.62547e-08;1.55017e-07;1.29429e-06;3.36971e-07;1.98765e-07;3.56706e-07;1.16332e-07;1.55418e-07;1.4796e-07;6.28988e-06;5.02132e-07;2.1591e-08;1.42908e-06;3.6207e-07;4.77298e-06;4.04864e-07;1.85434e-07;9.86139e-07;3.18868e-07;2.31517e-06;2.64167e-07;2.07242e-07;4.64797e-07;1.87671e-08;1.15303e-07;4.18977e-08;1.97673e-07;9.16867e-08;1.59885e-07;6.99837e-08;2.49031e-06;8.70874e-08;1.12622e-06;7.40204e-06;3.57233e-06;2.95925e-07;4.82135e-07;1.08494e-07;1.50368e-07;3.08095e-07;2.10076e-06;1.10012e-06;4.06811e-07;2.51202e-09;8.76711e-08;1.73339e-06;2.09113e-07;1.04871e-07;5.44108e-07;3.16963e-08;3.07501e-07;8.90366e-07;4.78841e-13;3.06889e-10;1.02015e-08;1.08678e-08;9.60289e-07;4.41384e-09;2.63018e-06;7.35381e-11;2.75832e-07;2.48269e-07;5.28846e-07;5.6162e-09;2.89159e-06;8.88837e-08;2.84782e-07;7.05096e-10;1.85979e-09;4.78922e-09;2.69863e-07;9.64793e-07;3.58685e-08;1.03506e-08;7.84444e-07;6.14034e-07;8.50385e-07;4.9561e-09;7.88117e-06;1.27223e-06;1.42621e-07;3.28423e-09;2.19765e-08;1.33645e-08;3.02801e-08;6.87375e-07;1.6039e-05;9.59694e-09;2.02892e-07;3.98069e-07;1.18913e-06;1.78237e-05;2.33108e-07;1.49272e-07;2.06911e-07;2.24871e-08;3.02818e-07;3.51582e-08;6.95131e-06;6.37532e-09;3.70669e-08;1.30689e-07;2.22223e-07;1.41478e-06;1.57465e-07;3.20779e-07;3.09239e-09;1.01729e-08;2.2674e-08;3.94188e-10;1.60222e-07;5.37387e-08;2.05719e-07;6.60004e-07;1.63423e-07;6.02836e-08;1.49114e-05;1.02627e-07;2.78296e-07;1.60539e-07;6.94084e-09;1.78805e-09;6.50572e-08;1.59786e-06;4.46619e-08;8.39442e-08;1.22578e-07;9.1196e-08;2.34242e-06
3.39577e-08;3.31686e-08;3.14229e-08;1.06821e-08;1.6109e-08;3.05749e-08;7.31113e-10;2.26988e-08;1.52336e-07;6.50045e-08;2.15409e-09;4.96024e-08;1.76827e-09;8.17866e-09;8.72641e-09;1.39275e-09;7.08192e-08;1.96511e-09;2.7854e-08;6.02061e-07;2.50237e-09;6.25959e-09;2.92998e-08;2.80868e-08;3.53574e-07;2.73377e-08;3.0244e-08;1.4993e-09;3.76855e-09;2.62038e-07;3.63996e-07;5.06951e-10;1.40964e-10;1.11339e-08;4.27989e-10;1.723e-09;4.72587e-09;2.22917e-09;1.1824e-10;2.02773e-10;1.48788e-08;1.88344e-08;1.17672e-07;8.55342e-08;4.16978e-10;1.35531e-09;7.82626e-10;2.12563e-09;8.57416e-08;9.24139e-08;1.56697e-11;3.06818e-08;1.54859e-09;9.31438e-11;6.58409e-12;1.10287e-08;1.01814e-09;6.90651e-09;2.70755e-08;6.78565e-08;6.41486e-10;4.02418e-06;1.7055e-09;2.94111e-09;4.56629e-09;6.7241e-09;1.17759e-09;1.58346e-08;5.11579e-09;3.03141e-08;2.43628e-07;9.64881e-09;2.71974e-09;3.77029e-10;3.82886e-10;2.30749e-09;4.70434e-09;6.97546e-10;7.14147e-09;6.14181e-09;3.16997e-08;9.13858e-09;5.62358e-08;4.48207e-08;1.20558e-08;2.42043e-10;7.05004e-10;3.28602e-09;1.016e-09;1.23282e-09;2.67224e-09;7.99596e-09;1.83763e-09;5.4965e-09;3.55942e-10;2.67751e-10;1.01949e-10;8.298e-11;2.54278e-10;2.10547e-09;3.58577e-07;5.80986e-08;5.2785e-09;2.35472e-09;4.05894e-11;7.39701e-11;9.50627e-10;1.97933e-09;4.37667e-09;6.20406e-10;1.30466e-10;2.32212e-08;8.49218e-10;3.25789e-09;1.88866e-08;1.66894e-10;1.98163e-09;9.50542e-09;9.17389e-10;8.27108e-09;3.24822e-09;4.85205e-09;9.15111e-10;4.92883e-10;1.05477e-08;6.51477e-08;1.62505e-11;1.84285e-09;4.09115e-10;1.12243e-10;5.21771e-09;6.96646e-10;1.70685e-08;1.77975e-09;8.19119e-10;1.38184e-07;1.91983e-09;2.52946e-09;6.94356e-09;6.67099e-11;1.27445e-10;6.71599e-11;1.14764e-10;2.81486e-10;8.33559e-12;9.05746e-10;1.03832e-10;9.73381e-10;3.29403e-09;2.24763e-08;1.05553e-07;7.13729e-12;2.01613e-09;4.36377e-11;9.03435e-13;2.15055e-09;1.9055e-11;2.1937e-10;4.9262e-10;6.95008e-09;2.11259e-09;2.21129e-08;3.72024e-11;4.61386e-11;3.48629e-10;4.02491e-11;1.25914e-10;2.93882e-09;7.26866e-08;5.35554e-10;7.10191e-09;5.17443e-08;3.00106e-08;1.93597e-11;4.42092e-09;2.53705e-09;8.82398e-11;6.27864e-11;3.67046e-09;1.31497e-09;1.67652e-08;1.05909e-07;8.13193e-08;1.96235e-09;6.06214e-09;8.49395e-09;3.7646e-09;2.41397e-09;5.60834e-09;8.33032e-09;1.11618e-09;4.47679e-09;6.47896e-08;4.67049e-07;2.87227e-09;1.3131e-08;1.81118e-09;7.38762e-08;5.71528e-10;3.22386e-09;3.36037e-09;8.67329e-09;7.74662e-08;4.3427e-08;9.22137e-10;1.387e-09;3.52252e-09;3.90073e-09;1.10666e-09;3.30706e-09;3.99114e-09;2.35307e-09;4.53641e-08;8.37978e-10;4.65719e-10;4.67981e-09;8.05531e-08;2.09216e-11;3.77049e-10;1.79063e-09;1.03899e-09;2.84432e-09;2.97195e-09;3.46132e-09;1.50839e-09;6.97919e-09;2.35479e-08;3.4398e-08;1.3413e-08;1.49862e-08;5.34837e-08;2.02689e-09;2.36952e-09;1.91185e-08;2.47552e-07;5.38521e-11;1.32783e-10;2.64262e-11;8.19269e-12;7.73163e-10;9.24046e-10;2.12194e-10;4.76203e-09;6.08261e-10;2.59016e-09;1.48146e-08;1.02661e-07;2.11487e-07;5.82091e-10;3.75904e-09;4.20499e-09;1.23923e-11;5.45898e-10;5.83651e-09;3.13788e-08;1.61413e-10;5.20668e-10;3.16709e-10;1.10466e-08;2.96693e-06;5.49326e-05;2.49621e-05;0.00750318;0.992283;8.36328e-05;2.9029e-05;3.43688e-08;7.65421e-09;2.14046e-06;4.29052e-07;2.76936e-07;2.39302e-06;1.48833e-13;1.96485e-10;1.06533e-08;3.26109e-07;1.64761e-12;1.29778e-10;3.07655e-10;1.15018e-08;7.83651e-10;2.28585e-09;4.02945e-09;6.59579e-13;2.15285e-10;1.60923e-09;6.12089e-09;5.78596e-10;2.81246e-08;1.9055e-08;5.35471e-09;1.22351e-09;1.17867e-10;4.53462e-10;3.17117e-09;4.71528e-09;8.1391e-09;2.8942e-12;5.33386e-10;1.12602e-09;1.79072e-09;1.55676e-11;1.3e-08;7.60507e-09;5.48047e-10;5.7135e-10;1.84935e-11;7.1417e-12;1.57369e-09;5.57819e-09;1.18134e-10;8.55562e-10;7.03449e-11;1.49091e-08;2.45738e-08;1.91501e-07;1.70448e-07;1.13566e-08;1.49782e-07;1.15078e-06;5.94912e-09;5.34261e-09;1.71955e-08;2.6276e-09;4.80389e-10;2.46239e-09;3.4128e-11;1.30866e-10;1.45178e-10;7.58413e-11;1.90185e-08;2.05865e-08;1.14712e-08;1.46587e-10;6.18575e-09;2.04804e-09;7.28146e-09;5.66591e-09;3.01885e-09;5.59472e-09;1.64345e-11;9.43596e-12;2.55862e-10;4.37757e-12;9.1742e-09;1.92002e-08;1.56512e-07;2.38202e-09;1.01688e-09
3.49284e-09;7.02038e-10;6.10511e-10;1.05425e-09;2.90163e-10;1.09441e-09;9.777e-10;3.92504e-09;5.45724e-09;2.72047e-09;4.845e-10;1.85965e-08;2.37443e-11;1.39286e-09;1.57135e-09;9.50931e-09;9.55515e-08;2.79946e-10;7.64886e-09;2.23637e-09;3.39627e-10;6.47975e-11;3.31661e-10;4.87522e-09;1.51522e-09;5.01763e-10;4.65063e-11;2.32577e-09;1.10997e-10;1.04361e-09;3.94948e-09;1.29898e-09;1.72706e-11;1.38504e-10;8.05748e-12;4.24646e-10;9.39066e-10;3.46541e-10;4.06636e-11;1.34943e-10;3.19442e-10;6.15073e-09;2.04576e-09;9.25797e-10;5.09401e-10;4.23148e-10;4.9194e-10;7.05222e-11;2.67138e-09;1.05574e-08;4.34629e-11;2.89811e-10;1.17814e-09;9.03735e-08;1.92947e-11;4.69198e-10;3.49915e-10;6.5508e-10;1.34199e-09;1.15839e-08;1.85469e-08;3.58573e-08;5.30407e-09;1.40666e-09;5.37296e-10;7.84411e-10;8.43171e-10;2.119e-10;1.01222e-10;2.22274e-09;2.62752e-09;3.22841e-09;5.29736e-11;2.8294e-11;9.16486e-11;2.68913e-10;9.04624e-10;6.39248e-10;1.58996e-09;2.33469e-10;1.03174e-09;7.25706e-11;1.24419e-08;3.52101e-09;1.84286e-10;6.57472e-10;9.05188e-11;9.77644e-11;4.43361e-10;4.70783e-10;3.66224e-10;2.50735e-09;4.85346e-10;1.67941e-09;3.0599e-09;2.44833e-10;1.01005e-09;4.3561e-10;2.70551e-10;1.6903e-10;1.4184e-10;4.89968e-10;8.32995e-10;2.41559e-11;4.23757e-12;2.74362e-11;9.10721e-11;3.53883e-10;4.45402e-10;9.08321e-13;1.71279e-12;5.65897e-10;1.29792e-10;3.22706e-10;4.79121e-10;5.19187e-11;3.2184e-10;1.18763e-09;6.27988e-11;1.20646e-09;2.24195e-10;4.72001e-10;1.84784e-10;6.00743e-12;2.23565e-09;2.91677e-09;1.96735e-11;1.51021e-10;2.28538e-11;6.30362e-11;4.61552e-11;3.16378e-10;1.38106e-09;2.71603e-10;7.12981e-12;2.88273e-11;3.82043e-10;3.15641e-09;4.89023e-09;8.96602e-09;1.81241e-09;9.00205e-11;2.92165e-09;1.89455e-10;2.11051e-09;1.54802e-09;5.96319e-10;2.54784e-10;2.8472e-10;3.96685e-09;3.9428e-09;6.33562e-08;1.88123e-11;2.76346e-12;7.41723e-11;2.97876e-10;1.04429e-10;1.20508e-10;7.28218e-10;8.03503e-10;3.29761e-10;3.36439e-10;6.02917e-10;6.17196e-10;9.3425e-11;3.41058e-11;3.88406e-11;4.98814e-10;4.45951e-10;5.13158e-10;4.51222e-10;4.33157e-09;2.58887e-09;1.58956e-09;1.12863e-10;3.3359e-10;3.20937e-10;1.55735e-09;2.24052e-09;6.53922e-10;9.00212e-11;1.65716e-09;3.15934e-09;7.49554e-11;2.52421e-10;8.42474e-11;5.29594e-11;5.33599e-10;3.62959e-10;7.50004e-10;4.76002e-10;3.1115e-10;3.06895e-09;3.57379e-08;7.34842e-09;6.58984e-09;1.47217e-10;9.20672e-10;1.22026e-08;1.1158e-09;1.794e-09;1.03563e-10;5.79582e-10;1.8803e-10;1.25939e-10;2.55089e-11;1.92855e-10;1.85675e-10;1.38596e-10;9.95858e-10;1.10497e-10;1.97469e-10;4.85188e-10;4.1617e-10;1.95387e-10;1.57528e-09;1.20305e-08;3.40667e-08;1.39759e-09;1.16979e-09;7.74449e-11;3.30591e-10;9.52023e-10;7.30324e-10;4.36687e-10;1.02579e-09;7.92631e-09;4.30621e-09;1.78384e-08;1.70812e-08;1.97904e-08;9.35387e-11;5.4612e-10;1.3829e-08;1.19941e-08;1.2965e-08;1.30081e-09;5.48294e-10;7.36356e-10;8.00959e-10;2.96739e-10;1.17291e-08;7.80863e-10;1.15237e-09;2.56744e-10;2.24907e-10;2.42984e-09;1.50601e-09;1.37868e-10;1.51674e-09;1.04891e-10;2.04409e-11;2.09643e-10;7.21469e-10;8.87254e-10;1.97306e-10;8.75262e-10;2.5511e-09;1.10593e-09;1.0824e-09;2.4603e-08;1.64571e-09;7.48816e-06;1.64744e-11;8.05176e-09;3.08164e-10;2.75812e-10;2.9943e-10;4.01506e-09;6.7334e-10;4.16387e-10;5.62166e-10;1.61761e-14;6.30831e-12;5.46682e-11;4.87734e-10;6.6791e-11;1.26988e-12;7.06454e-09;2.11267e-11;1.3179e-09;7.99541e-09;2.99041e-09;3.4382e-12;1.62789e-09;8.01228e-10;8.96875e-08;1.30143e-09;5.38e-05;7.16091e-06;0.000796771;0.000338765;2.60923e-05;0.998765;1.05824e-07;6.71204e-08;1.27995e-07;4.47901e-07;2.02803e-06;7.2656e-07;1.00782e-09;2.1639e-11;8.15748e-10;2.94276e-10;3.99992e-09;3.06681e-11;6.08436e-12;7.97272e-09;2.27652e-10;8.63583e-10;1.18051e-08;3.32844e-10;8.5702e-09;2.81457e-09;2.70566e-10;1.23039e-09;5.45474e-09;1.99272e-10;6.7383e-08;7.95056e-11;4.53499e-10;6.07593e-10;8.50384e-10;5.84879e-10;2.30168e-10;5.90937e-09;1.87994e-07;1.47455e-10;6.27405e-10;2.20892e-11;3.74801e-10;1.23772e-09;8.53981e-10;6.30129e-11;3.12803e-10;5.05686e-10;9.9331e-10;9.59442e-10;3.61064e-10;4.09915e-10;1.71647e-10;1.92854e-10;3.68208e-10;2.37177e-10;6.87036e-11;1.08969e-08;2.24648e-09;7.20407e-10;9.3879e-11
8.89163e-07;1.504e-08;1.70408e-09;7.48709e-10;6.63727e-10;8.32183e-11;4.06022e-09;1.15119e-06;2.28986e-07;9.88782e-08;0.999736;0.000250117;6.82656e-06;1.61936e-10;2.14814e-10;2.73344e-09;2.0695e-09;2.72499e-10;1.84806e-10;5.35091e-09;3.34345e-06;5.26886e-10;3.2514e-10;2.51428e-08;5.33932e-10;4.12955e-08;2.18383e-10;4.17448e-11;3.40151e-11;4.79962e-12;3.18155e-10;1.23122e-09;2.69013e-11;1.04678e-09;2.3244e-11;1.34988e-10;2.26543e-10;2.27975e-10;7.69871e-11;6.37341e-11;3.98559e-11;1.77474e-09;5.95037e-10;1.40985e-09;1.11142e-10;2.06222e-10;1.41765e-09;5.68118e-09;2.97536e-09;1.50702e-09;6.04192e-10;3.30743e-10;1.65032e-08;5.12401e-11;3.32841e-13;1.27746e-09;8.85467e-10;8.71892e-09;8.04743e-10;2.86708e-09;5.31427e-09;3.76012e-08;1.79523e-09;4.48554e-08;2.86682e-10;1.117e-09;6.48565e-10;5.69587e-10;1.18317e-09;1.13994e-09;8.90164e-10;5.3762e-10;1.10636e-08;3.3638e-10;2.0835e-10;2.59628e-10;3.18141e-10;2.64597e-10;3.56885e-10;4.44984e-09;9.66048e-10;1.05869e-09;7.01816e-10;1.28803e-09;5.09473e-09;1.91076e-10;3.52753e-10;4.64532e-10;2.47308e-09;2.19374e-10;5.7178e-09;9.46274e-10;2.68115e-10;6.2975e-08;2.84747e-08;4.35653e-09;6.13955e-09;3.75746e-09;2.72861e-09;8.88407e-11;7.87029e-10;3.04368e-09;1.41376e-09;1.87763e-10;2.00174e-09;8.62976e-10;6.91473e-10;4.00482e-10;2.27288e-10;2.71038e-11;8.94934e-10;4.74069e-11;1.44303e-09;2.69754e-10;5.09771e-10;1.57156e-09;9.113e-09;1.43169e-09;3.45644e-11;3.31522e-11;3.4794e-10;1.30559e-11;2.0094e-10;7.97686e-11;6.21164e-11;4.80697e-11;2.95949e-10;2.32875e-09;1.40634e-08;9.25807e-12;6.07819e-10;2.20974e-10;4.90397e-10;7.03746e-12;2.87772e-10;1.27948e-11;8.29136e-10;5.17268e-10;3.76434e-10;1.37989e-08;2.42893e-09;1.74992e-09;2.04534e-10;3.1894e-10;1.17178e-10;1.73738e-10;1.37814e-09;2.72367e-10;5.22085e-10;9.32733e-11;7.28377e-11;3.44294e-10;1.52106e-08;3.31535e-11;4.85976e-12;1.79171e-10;1.99172e-10;4.65225e-11;1.28336e-10;1.32297e-09;3.16346e-10;7.39949e-10;3.57955e-07;3.38745e-08;7.33102e-09;1.65388e-10;2.80232e-10;2.25346e-10;4.60469e-10;3.64156e-10;1.62261e-10;6.07918e-10;4.69167e-10;6.85641e-10;8.40726e-11;8.00646e-11;2.94594e-10;1.04376e-11;4.83042e-11;1.74027e-10;4.67428e-10;4.76485e-10;7.33191e-10;1.45736e-09;5.52753e-11;6.22676e-10;4.83385e-11;1.85793e-10;1.98741e-10;6.07514e-10;5.64534e-09;8.0191e-10;1.03855e-09;3.40823e-09;3.17485e-09;9.99437e-10;1.8338e-08;2.79022e-09;3.46218e-10;4.11491e-10;4.75043e-10;1.20861e-09;2.49035e-09;2.03523e-09;1.46435e-07;1.85464e-08;1.92386e-09;2.58946e-10;1.54211e-09;1.79616e-10;7.691e-10;1.1451e-10;5.85156e-10;5.69006e-10;3.60437e-10;1.45722e-10;1.98386e-10;2.95872e-09;1.14232e-12;1.10427e-09;6.61389e-12;2.62088e-10;8.46425e-10;6.10514e-10;1.8888e-10;2.92629e-09;1.55052e-09;1.17385e-09;8.64875e-10;6.99585e-11;1.29985e-09;3.42442e-11;2.34204e-10;2.29397e-11;2.35685e-10;3.55883e-09;3.80947e-12;1.93614e-11;5.53941e-12;7.0618e-10;2.52075e-10;7.15339e-11;2.03864e-10;5.69371e-11;1.73383e-10;3.77483e-10;3.01459e-10;3.54567e-10;1.74476e-10;4.69606e-10;2.494e-10;2.88548e-11;2.54776e-10;1.24172e-10;1.10321e-10;3.9166e-12;1.93314e-11;5.41159e-11;4.28172e-10;1.57704e-09;1.93343e-09;2.70558e-10;9.33741e-09;5.12103e-08;4.13004e-08;1.69425e-11;6.47707e-10;3.34854e-10;8.56233e-11;4.98938e-09;7.80829e-10;8.08171e-10;1.82576e-10;2.18911e-11;3.17803e-11;3.71638e-10;3.2812e-09;2.9918e-10;1.0964e-08;3.78627e-13;3.29426e-10;6.04534e-11;9.53697e-11;1.33712e-10;2.03106e-10;3.50438e-11;8.57531e-11;3.73152e-12;6.75216e-11;1.08975e-09;5.10935e-08;8.05671e-12;4.44624e-09;1.28047e-12;6.69196e-10;2.33427e-10;2.46895e-10;3.98127e-10;1.75797e-10;8.72816e-11;3.82347e-10;8.584e-11;1.38334e-10;1.27722e-09;9.62206e-11;6.56304e-11;4.83079e-11;1.09222e-12;2.34722e-10;9.64465e-11;7.62e-12;1.81584e-12;1.49069e-10;3.53023e-10;2.24355e-10;5.77239e-11;6.30472e-10;7.54311e-08;2.08218e-10;1.5251e-10;4.60481e-11;1.63117e-10;6.30194e-10;6.54757e-11;2.88422e-10;1.9962e-10;2.9535e-10;4.7959e-10;6.81713e-11;7.05801e-13;2.87484e-10;2.0991e-10;8.13627e-10;1.39047e-12;1.2656e-10;6.56859e-11;2.26122e-09;6.02909e-12;2.47446e-10;3.10568e-09;1.85859e-08;5.76612e-09;1.82716e-10;2.40705e-09;1.22877e-10;3.6419e-10;2.18734e-10;9.4872e-11;4.77869e-11
2.3564e-06;1.69142e-09;9.86271e-09;3.91343e-09;2.02523e-09;1.25569e-08;7.04865e-10;1.13865e-06;2.58173e-08;1.80505e-08;1.37885e-10;4.88007e-11;2.95256e-08;1.72204e-09;1.55439e-08;6.64102e-08;2.47673e-08;3.53142e-09;2.44766e-07;6.01603e-08;4.50524e-09;6.45015e-10;2.78945e-08;1.71752e-08;1.55213e-09;1.19142e-07;9.77192e-09;9.87069e-08;1.31729e-10;1.55439e-08;6.19311e-09;1.23419e-08;1.74572e-09;6.02146e-09;8.7701e-08;3.6569e-09;3.87069e-09;3.31019e-09;5.34076e-10;1.96782e-09;8.99972e-07;2.24397e-07;6.20499e-08;9.76256e-08;5.07146e-09;5.45967e-09;1.18719e-08;9.96707e-11;6.58322e-10;2.42454e-10;1.36137e-11;1.65195e-11;2.11504e-07;1.59607e-08;4.75955e-12;8.23867e-09;7.74502e-09;7.01105e-10;1.89065e-08;4.38342e-08;2.88507e-07;8.95517e-10;5.81445e-07;7.82689e-07;3.4046e-09;3.32119e-08;7.38075e-09;1.15383e-08;4.83021e-11;9.61108e-09;4.77226e-09;7.25328e-12;4.14735e-10;3.48615e-08;8.58812e-09;1.42199e-09;2.65916e-09;6.45974e-10;1.21153e-09;1.76168e-08;1.03807e-08;3.02176e-10;1.92665e-08;1.10149e-09;1.10571e-08;3.09704e-10;2.16585e-08;2.17438e-06;6.67332e-09;3.33807e-09;9.39664e-10;1.87864e-08;2.00644e-08;4.84828e-11;1.50132e-10;2.93375e-08;1.15117e-06;3.70989e-09;1.81963e-08;1.17383e-10;2.38953e-08;9.76078e-09;7.37254e-10;7.28879e-11;3.29622e-09;2.09269e-07;4.55061e-09;2.60967e-09;2.11296e-09;5.03515e-09;1.20072e-09;5.24294e-07;1.02646e-08;2.94052e-09;8.92699e-08;1.08159e-09;6.68423e-09;1.53046e-07;9.4241e-07;4.56184e-10;1.48144e-09;9.41864e-10;1.79341e-08;2.79796e-10;1.76937e-08;2.53236e-08;8.26563e-10;8.18308e-12;1.03056e-06;5.11428e-08;1.20095e-08;3.46284e-07;4.60207e-08;1.19289e-10;3.62715e-09;1.49146e-07;1.0134e-09;8.47105e-09;1.8603e-08;2.50541e-09;1.11835e-09;8.93989e-08;4.76177e-06;2.11268e-08;1.4451e-08;6.18984e-09;2.63887e-09;2.70117e-08;8.69383e-10;3.54348e-08;2.77611e-08;1.59587e-08;2.28233e-10;8.27434e-08;3.02439e-08;2.65437e-09;3.20417e-09;5.31436e-10;4.3835e-08;2.00325e-09;3.07026e-09;1.74384e-08;2.2236e-09;7.59159e-10;1.90295e-08;3.68119e-07;4.09926e-09;3.11314e-09;1.44038e-08;4.06249e-09;3.7246e-10;3.64211e-09;8.69022e-10;9.71784e-11;5.52375e-11;1.08197e-09;1.1002e-07;1.75171e-10;9.57941e-10;1.74345e-08;2.49406e-10;1.85483e-07;5.89891e-09;6.07481e-08;7.00569e-10;5.63216e-08;7.09856e-08;1.3241e-09;2.77354e-10;6.81026e-09;9.91816e-09;8.13942e-10;6.11099e-09;4.60611e-08;4.34365e-10;3.44802e-09;5.34809e-06;4.12355e-06;2.50245e-07;2.31654e-08;1.34037e-08;4.18613e-10;2.35512e-09;2.35422e-09;1.90197e-10;3.92841e-09;3.91651e-09;1.09145e-07;1.13279e-09;1.00321e-09;2.46456e-10;2.08068e-09;8.0884e-10;7.94307e-09;2.2388e-10;2.02241e-09;2.97085e-08;2.62635e-13;9.39343e-10;1.91577e-08;3.19737e-06;3.09896e-09;3.43006e-09;3.51987e-09;3.54818e-09;2.64366e-09;7.38645e-08;5.95053e-09;2.30673e-08;1.49941e-09;1.4106e-07;2.30696e-05;2.00886e-10;1.20456e-09;2.29797e-09;5.08452e-11;5.25358e-11;5.06783e-09;1.38596e-07;4.43549e-09;7.72423e-08;1.44637e-08;5.75511e-09;1.2396e-08;2.53519e-09;3.47882e-11;2.92606e-09;1.72151e-09;3.47203e-12;3.99709e-11;1.24846e-09;4.62098e-09;3.02941e-10;1.46113e-08;4.70108e-09;8.18397e-10;1.59455e-10;5.40458e-10;7.15664e-10;4.28523e-10;2.1124e-08;1.07791e-08;2.47232e-10;1.30011e-10;1.64193e-10;3.90747e-08;4.46028e-09;1.5626e-08;2.651e-08;2.33917e-09;3.75031e-09;7.27614e-09;1.2912e-11;1.99709e-11;8.49349e-08;4.56457e-08;1.71081e-10;6.22986e-09;2.46617e-08;1.67149e-07;3.6789e-09;5.32094e-07;8.00754e-09;1.70381e-10;3.83509e-10;6.69552e-10;4.39108e-09;4.45433e-12;1.72711e-08;3.90054e-09;1.04599e-13;4.62499e-12;1.03216e-09;6.65765e-06;5.14027e-09;5.90266e-09;9.15774e-09;1.42256e-08;8.50994e-08;1.99537e-06;6.32242e-08;8.43432e-09;1.77728e-05;2.12127e-05;1.34769e-05;1.49191e-07;0.000236813;0.991215;1.72681e-07;4.6287e-07;0.000633379;2.72497e-07;0.00773703;1.07069e-08;1.27051e-09;2.44811e-08;1.26734e-08;1.70764e-12;4.75884e-10;4.83972e-08;5.47267e-07;7.70046e-09;2.06607e-07;2.87033e-11;4.59142e-08;4.35173e-08;1.37583e-10;3.558e-10;9.24797e-07;5.20164e-05;8.49855e-10;5.46351e-08;4.32355e-09;1.2981e-08;1.19436e-08;6.32464e-08;4.40489e-07;1.67022e-07;8.42067e-10;3.24759e-08;5.2189e-13;8.4181e-12;1.41599e-08;4.2228e-09;2.60254e-10;8.83623e-09;8.38414e-09;1.68273e-06;8.49916e-08
3.68739e-08;1.10194e-08;6.83721e-09;3.80413e-09;8.71077e-09;2.47875e-09;2.57337e-10;1.78756e-08;5.23855e-09;1.30544e-09;1.20584e-10;4.24492e-06;8.16811e-10;4.50259e-10;1.06493e-08;7.41856e-09;1.26618e-08;6.41537e-10;7.65195e-09;8.70821e-09;2.68938e-08;4.95895e-10;3.52732e-08;2.38548e-08;1.91189e-08;4.52598e-08;2.16892e-10;7.46137e-11;8.05758e-11;2.62528e-09;7.61564e-09;5.43335e-11;6.67358e-08;2.01693e-10;1.62064e-10;1.68635e-10;8.9824e-10;7.27606e-10;1.52526e-09;2.01676e-08;4.04302e-09;1.39422e-08;5.12637e-08;4.83121e-10;3.12101e-09;1.25831e-10;9.19781e-11;1.14636e-09;2.15711e-08;1.90787e-09;2.53963e-07;0.000140881;3.43657e-10;8.24588e-11;3.84504e-11;5.27177e-09;2.0505e-09;8.38331e-10;8.10559e-09;5.19389e-09;2.37354e-08;7.34392e-08;1.44925e-09;1.40795e-10;3.56434e-10;3.48125e-10;1.98995e-09;4.34121e-10;1.64329e-10;7.31218e-08;5.97362e-09;1.04502e-10;1.5619e-08;1.78781e-09;2.20245e-10;5.96299e-10;5.99931e-10;2.17784e-10;1.98219e-09;1.10525e-10;5.33219e-09;5.50535e-11;1.23778e-08;8.22464e-10;4.88534e-09;2.28031e-08;5.55343e-09;5.84624e-10;8.71752e-10;6.52474e-10;3.92129e-10;1.84778e-09;1.04329e-09;5.09668e-10;8.51396e-10;1.12952e-10;2.99438e-11;3.06355e-10;1.534e-09;5.07953e-11;5.44154e-09;4.75522e-09;3.52914e-09;1.71575e-09;2.50668e-08;6.23095e-10;8.44248e-11;6.7503e-10;1.86287e-09;2.9229e-08;3.15735e-09;1.25328e-08;3.38769e-11;2.24344e-10;3.85379e-10;1.20725e-09;8.01991e-09;9.5751e-09;1.22293e-10;1.113e-10;8.28626e-10;1.62076e-09;1.97629e-09;8.51195e-11;9.23361e-09;6.58701e-08;8.79487e-09;1.62563e-08;3.55661e-09;3.30541e-12;3.52812e-11;1.64383e-09;1.59581e-09;1.51007e-10;1.12342e-10;1.48966e-10;1.73347e-09;5.89594e-08;1.66022e-08;4.15871e-07;3.9061e-08;6.70752e-08;1.8764e-08;3.3864e-10;7.74238e-09;6.73737e-07;1.16984e-09;5.99938e-09;6.94958e-10;1.09772e-07;1.90698e-09;6.71339e-08;1.74628e-07;2.32519e-07;3.65195e-09;5.0125e-10;1.39098e-10;4.32442e-09;1.43494e-08;8.87636e-10;1.72585e-09;1.25741e-08;9.29668e-08;2.56058e-09;1.35588e-09;1.89379e-09;5.27677e-10;2.23785e-09;3.24363e-09;5.54157e-10;2.98093e-10;4.8711e-09;1.01462e-09;8.79296e-10;3.06256e-09;6.19748e-11;1.55575e-09;1.71091e-11;2.48679e-10;5.36139e-10;1.00651e-09;4.2155e-08;7.13232e-09;1.96443e-08;7.76143e-09;6.67409e-10;2.73055e-10;2.88915e-10;2.41248e-10;1.12376e-09;5.41251e-09;7.31256e-10;9.05509e-09;2.45301e-08;8.46912e-10;1.00099e-09;5.22715e-10;1.24415e-08;6.30278e-11;9.49991e-10;4.48387e-10;1.41011e-10;2.72058e-09;2.11219e-09;2.05322e-07;1.41273e-09;2.00887e-09;2.90374e-09;2.1538e-10;1.23794e-09;9.08008e-11;1.57998e-10;8.05866e-10;8.13306e-10;1.42184e-11;3.18302e-10;2.36024e-09;5.10942e-11;1.3227e-09;2.61089e-10;1.49377e-11;5.0986e-10;9.82448e-10;3.24935e-10;8.40352e-10;6.6565e-10;1.00222e-08;3.91021e-10;1.57603e-08;1.02467e-10;3.54612e-09;3.71176e-10;8.32015e-10;2.82164e-08;1.19761e-08;4.71119e-08;1.50697e-06;2.57922e-09;3.80735e-11;7.25804e-10;7.14623e-10;1.86816e-08;5.47814e-09;5.55269e-09;1.39789e-09;1.37447e-10;4.88381e-08;4.54008e-08;2.52757e-08;5.23805e-09;1.10601e-08;1.79747e-10;9.54161e-11;3.45179e-09;1.46798e-09;5.26678e-11;3.31931e-08;4.5532e-09;1.7649e-09;6.81044e-10;9.38236e-09;1.93235e-08;3.96414e-07;6.0937e-07;3.95188e-09;1.92258e-10;1.34148e-09;1.48183e-09;6.19476e-10;1.57922e-10;1.54622e-09;3.65894e-10;5.68009e-13;6.19096e-11;3.27363e-09;9.52243e-10;3.57885e-08;2.2017e-06;2.63403e-09;8.87345e-11;1.4292e-10;6.80676e-10;8.8341e-09;4.74688e-12;1.52019e-09;2.53568e-11;1.77277e-09;2.02478e-10;1.44402e-09;1.56894e-09;1.32251e-08;1.42689e-07;2.20462e-10;4.05081e-12;2.00755e-10;3.19113e-10;1.8145e-09;8.32646e-11;1.90844e-09;1.75431e-10;5.99535e-10;1.24107e-10;9.6721e-08;2.95708e-09;4.9978e-09;6.52514e-08;8.73823e-12;1.34788e-11;5.26395e-11;3.11654e-09;5.66736e-11;1.94581e-10;6.39511e-12;2.76881e-09;5.52117e-10;3.43183e-08;4.61877e-09;1.83234e-10;1.367e-07;1.21408e-11;5.57613e-11;5.77883e-10;8.30214e-10;2.05376e-11;1.56776e-10;5.04072e-10;5.01345e-07;1.77262e-09;6.65255e-09;1.46786e-12;4.18308e-10;4.49401e-09;1.05102e-09;6.43089e-11;1.77413e-09;6.97854e-10;1.50915e-07;0.000678153;2.32119e-08;1.53964e-06;0.00343471;0.995726;8.52698e-07;1.04089e-06;3.75711e-08;1.15533e-06;1.72474e-07;1.24294e-07;9.67805e-07
9.04132e-08;2.32195e-10;2.4804e-09;5.35496e-10;7.04566e-11;1.4853e-10;2.13958e-11;7.06285e-09;3.01199e-09;2.0749e-09;5.65365e-10;1.06178e-11;1.37963e-08;3.89684e-10;1.16071e-09;7.07181e-07;6.78077e-10;4.38268e-10;6.72816e-07;8.41765e-09;1.62446e-10;6.56573e-10;1.34415e-09;4.46133e-09;1.03553e-09;5.90859e-09;2.50043e-09;5.04389e-11;5.0136e-11;4.99327e-09;1.4343e-10;1.33125e-08;2.1924e-11;2.85948e-10;2.05516e-08;1.07999e-09;9.26444e-10;3.96587e-10;1.86078e-09;1.32604e-11;3.23134e-10;8.67972e-11;3.00814e-11;2.51122e-11;8.87198e-10;2.1194e-11;8.76838e-12;8.50244e-11;1.79272e-09;2.96118e-11;4.47344e-10;2.75493e-12;1.40901e-11;3.52332e-09;3.68867e-09;9.82398e-10;1.03811e-09;2.29394e-09;1.81772e-09;4.44524e-09;1.0304e-08;3.12721e-10;3.73054e-08;4.83766e-09;4.74127e-10;1.7478e-08;1.5602e-09;9.80759e-10;2.4305e-10;1.45468e-09;4.75767e-09;2.76635e-09;2.59024e-10;7.76054e-09;7.00225e-08;1.26137e-09;1.69683e-09;3.60985e-09;1.59206e-09;5.81137e-09;1.00206e-09;4.69125e-11;4.31496e-09;1.01096e-09;9.99885e-08;1.85052e-10;8.02625e-10;1.34425e-08;1.24017e-08;3.53836e-10;5.00056e-10;6.22198e-09;8.99765e-10;4.36324e-09;3.32509e-10;2.44161e-10;9.27599e-07;1.13061e-08;9.81451e-09;2.25799e-11;3.33411e-09;8.81698e-10;5.33572e-08;2.67108e-10;4.23581e-11;9.91592e-08;6.78876e-10;4.63403e-10;4.28777e-10;6.46897e-09;3.16953e-11;2.92476e-09;1.84277e-09;3.70666e-10;9.86334e-10;2.4006e-10;4.25357e-11;1.08673e-10;3.37166e-09;3.11787e-08;4.06736e-10;2.54498e-10;1.22362e-09;1.16569e-10;1.04801e-09;1.62799e-10;9.91178e-10;3.16903e-12;8.36149e-10;2.49246e-08;2.41082e-09;1.89922e-09;7.53914e-10;1.84852e-10;2.05978e-11;3.15967e-10;3.60784e-11;4.44893e-10;2.09803e-09;3.78656e-09;1.08878e-09;2.21838e-10;1.18745e-09;3.39084e-09;1.14421e-09;3.03223e-10;2.79047e-10;3.59904e-09;4.82804e-11;1.27814e-09;1.58353e-09;1.77904e-10;8.76219e-11;2.69581e-11;1.68246e-08;1.10988e-09;6.07994e-12;3.91262e-12;1.76417e-08;9.57279e-10;3.13106e-10;5.02207e-09;2.67243e-09;1.31928e-09;1.14305e-09;7.47615e-07;6.50586e-10;5.863e-10;6.31576e-10;1.8415e-09;8.19153e-10;7.34002e-09;3.47246e-09;5.20559e-10;1.01902e-09;7.66714e-09;1.97368e-08;7.76915e-10;3.54299e-11;5.33922e-10;5.29989e-10;1.54019e-08;9.11639e-10;4.54119e-08;1.56965e-08;7.66341e-08;2.38219e-08;7.06391e-09;3.75785e-09;9.11561e-09;2.74371e-09;2.56051e-10;5.58751e-09;1.34351e-09;1.8193e-07;6.3458e-10;2.6147e-09;1.08436e-07;1.11019e-07;2.18631e-10;2.39983e-09;1.12451e-09;2.63204e-08;5.01511e-09;6.839e-09;5.81064e-10;1.9461e-09;2.84731e-07;1.43835e-09;2.14222e-09;9.91137e-11;4.5395e-10;7.54486e-10;3.73279e-09;2.34586e-11;2.39246e-10;9.08609e-10;1.04099e-10;1.01783e-09;2.03015e-11;1.2913e-09;4.68736e-10;9.76766e-10;5.88629e-10;5.32573e-10;1.786e-09;3.01827e-08;9.69411e-10;1.01527e-07;7.54085e-09;6.17111e-08;2.25355e-06;5.57574e-11;6.20421e-11;9.47884e-11;1.2532e-11;4.4587e-10;4.39103e-11;8.35835e-09;1.71568e-10;4.32642e-10;7.0252e-10;1.69776e-10;1.08428e-08;7.7644e-10;1.41267e-10;6.53775e-10;1.17619e-10;1.1652e-11;2.85843e-11;7.74263e-12;3.7802e-09;2.02322e-09;9.34528e-10;6.39081e-10;5.87372e-10;3.5973e-10;2.79393e-11;2.99317e-09;1.54565e-07;1.06991e-06;3.74237e-06;0.990714;0.00294561;2.48757e-05;0.00625922;7.36702e-08;8.89857e-09;3.71727e-07;8.53923e-07;2.7423e-07;4.19117e-05;2.8056e-13;2.73335e-11;2.26915e-09;2.98488e-10;9.62922e-12;9.99422e-12;2.74507e-11;5.92888e-11;3.61255e-10;3.83181e-09;1.22025e-09;7.00277e-15;5.07111e-12;7.08154e-11;2.40218e-10;1.21097e-11;3.27382e-11;3.81042e-11;2.64699e-10;1.65679e-12;6.28695e-12;4.21963e-10;9.24347e-10;6.67015e-10;1.15461e-09;5.97163e-11;6.85682e-09;7.87113e-10;4.9692e-10;3.70732e-12;5.2508e-09;5.22967e-11;2.92447e-09;5.42259e-10;1.73386e-11;3.74399e-09;8.23036e-10;3.96459e-10;7.66355e-13;7.10545e-11;1.81533e-11;6.26988e-09;4.16271e-11;9.94639e-10;4.4444e-10;6.05359e-11;3.11768e-12;5.37899e-12;8.63239e-09;1.27662e-08;1.53006e-08;2.14075e-10;5.59406e-10;1.31281e-09;3.10288e-11;5.88924e-11;9.04073e-08;5.65328e-10;4.312e-10;3.41439e-10;7.45816e-10;1.34725e-09;1.05517e-09;3.83126e-10;3.16394e-09;6.57677e-13;2.66938e-10;4.65056e-10;3.49149e-10;1.53689e-11;5.18116e-11;1.58291e-10;6.77132e-11;5.3742e-10;1.33417e-09;1.10402e-10;1.08468e-11
4.76649e-08;2.17209e-09;2.86868e-09;1.13448e-10;2.45937e-09;1.30287e-07;2.04702e-10;8.91194e-08;3.78266e-07;1.09859e-08;9.21345e-08;1.44505e-11;6.11037e-09;9.14866e-08;7.67491e-08;2.09368e-07;9.01426e-08;1.60194e-08;1.03673e-07;1.63284e-08;7.94401e-10;3.02834e-09;4.84934e-08;2.10498e-08;1.65739e-08;3.14921e-09;2.93573e-07;9.12792e-07;1.79386e-08;2.90051e-09;4.02566e-10;1.46756e-08;3.28073e-07;1.03069e-09;1.37576e-10;7.69734e-08;1.11607e-08;2.43288e-08;1.79622e-07;4.12652e-09;1.09673e-07;2.15966e-08;3.48941e-08;5.25327e-10;5.8907e-08;3.35404e-07;4.66529e-10;4.17357e-09;3.0877e-08;1.89238e-10;5.53078e-09;2.02595e-05;7.93867e-10;1.45926e-08;6.83846e-08;4.28647e-08;1.29952e-07;6.99709e-08;2.78035e-07;1.26062e-08;1.91425e-05;6.59621e-08;5.52518e-06;2.55947e-08;9.79106e-09;3.14066e-07;3.84331e-08;1.2049e-07;2.55318e-08;2.48028e-08;2.11246e-08;6.89031e-07;6.5521e-09;1.2776e-08;1.54792e-07;2.60501e-08;2.44689e-08;5.02581e-07;4.11216e-08;3.32554e-07;1.5705e-08;2.4723e-09;6.8848e-08;1.603e-08;2.12224e-08;4.28642e-08;2.05984e-09;3.94055e-10;1.62527e-07;4.10975e-08;4.22016e-08;7.6134e-08;3.20714e-08;8.38079e-08;6.46409e-08;1.30157e-06;8.30934e-09;3.25023e-06;1.74181e-05;3.23214e-08;2.91702e-10;6.29186e-11;4.43305e-09;1.15457e-08;7.50582e-09;1.57887e-09;6.75342e-09;2.47465e-08;1.936e-08;3.55491e-08;2.87596e-08;1.97013e-07;3.81853e-07;4.86114e-08;1.88562e-08;1.17282e-09;1.66583e-08;1.09644e-07;3.14848e-09;1.67608e-07;2.28937e-07;4.84407e-05;4.72088e-08;6.62496e-08;1.34868e-08;2.45957e-09;1.32835e-07;7.20997e-07;6.46563e-07;2.40592e-10;6.62934e-09;1.40306e-07;6.27408e-08;1.03845e-06;4.54002e-08;3.34341e-09;1.31066e-07;6.04017e-08;1.64134e-07;8.45105e-08;1.17811e-06;1.35469e-06;1.24957e-08;1.58359e-07;3.38975e-06;6.55972e-07;7.69617e-07;8.82884e-08;4.84475e-08;5.1961e-08;1.45763e-08;7.89192e-08;8.19926e-10;5.43671e-06;6.29439e-12;2.78633e-08;2.05919e-08;2.19495e-08;1.06614e-07;4.72202e-08;2.36103e-08;3.91119e-08;4.25796e-08;1.97252e-08;1.79203e-06;1.05003e-08;7.04622e-08;1.53703e-08;2.81774e-07;2.92328e-07;6.84396e-08;9.61016e-08;2.8597e-08;5.18843e-08;3.09325e-07;2.78207e-07;7.94185e-09;2.05443e-08;1.13363e-08;3.32477e-07;1.30509e-07;4.8989e-08;1.42011e-07;4.99939e-06;1.79839e-05;1.6758e-08;4.26461e-10;2.25305e-07;3.1798e-06;1.72407e-07;7.41776e-08;5.19273e-09;2.01994e-08;1.3198e-09;1.39836e-05;7.51818e-08;3.65827e-09;1.82066e-08;1.08688e-07;8.13504e-09;2.74233e-07;2.75077e-08;2.25821e-08;5.04242e-09;2.10044e-07;2.09772e-08;1.4451e-06;2.98282e-08;8.74842e-08;4.67458e-08;4.33342e-08;9.00398e-08;1.48422e-07;5.04342e-07;3.18343e-07;8.01863e-09;1.92561e-08;5.42247e-07;9.17369e-06;7.73259e-07;7.25517e-09;6.96934e-08;9.53045e-07;2.53962e-07;8.50608e-08;3.23348e-08;1.09697e-07;1.04648e-08;1.53784e-06;1.4943e-07;4.92699e-06;1.30826e-07;0.000122244;2.5237e-05;6.09036e-06;1.52584e-05;0.554258;0.00403008;0.000300592;1.01184e-05;3.4724e-07;0.0140622;5.89674e-05;0.426799;3.55505e-08;1.90884e-08;1.67881e-09;3.38839e-10;1.03364e-08;8.61298e-10;1.88932e-08;6.85336e-09;6.16903e-08;1.53493e-08;2.23116e-08;4.17702e-07;6.84918e-07;2.65481e-08;1.71271e-08;1.1226e-08;3.82743e-09;1.68135e-08;5.48274e-09;1.32133e-06;5.0543e-08;4.20174e-08;3.76379e-08;2.9552e-08;7.88344e-08;1.26437e-06;6.60278e-07;2.08234e-05;4.3504e-12;2.30538e-07;7.46592e-09;1.50438e-10;8.82862e-11;9.85706e-08;1.78574e-10;1.12918e-14;1.30087e-06;1.34427e-06;1.10994e-06;1.52678e-07;1.62704e-07;4.25347e-05;8.41323e-08;8.09971e-08;5.76541e-09;4.36685e-11;8.19514e-08;1.81113e-07;2.60692e-09;2.41173e-08;3.21562e-08;6.75128e-08;1.23264e-07;2.19346e-09;2.41469e-07;2.13944e-08;1.50318e-08;1.02033e-09;1.60518e-07;1.90912e-09;2.57384e-10;6.91575e-08;1.45265e-08;3.31804e-09;2.58303e-08;4.13844e-08;3.50788e-10;3.77743e-09;1.90339e-08;1.31057e-06;2.24577e-07;2.38973e-07;3.56896e-08;1.52703e-05;2.189e-09;4.30762e-13;8.33449e-08;5.32889e-06;3.90157e-06;1.60506e-09;4.11629e-09;2.33604e-08;1.46094e-10;1.19124e-08;4.54222e-07;4.45911e-10;3.47797e-08;4.42093e-08;1.0665e-07;5.64831e-08;5.55857e-08;1.1988e-06;1.93091e-07;4.06069e-09;3.69825e-07;7.52663e-08;1.51074e-09;2.12838e-10;5.7261e-08;1.96077e-08;1.57016e-08;3.5772e-08;7.00948e-08;9.94371e-07;6.33335e-09
4.97702e-06;1.41113e-06;1.90225e-06;7.53121e-08;2.54771e-07;1.59936e-05;3.94047e-10;9.01021e-07;3.79249e-07;6.75551e-07;1.1868e-06;1.17633e-08;1.53142e-07;3.11229e-07;5.53162e-07;1.06417e-06;4.24752e-06;1.51074e-07;4.89672e-06;3.30595e-08;5.53677e-10;2.71278e-08;1.06858e-06;1.421e-06;7.85875e-07;1.4842e-08;3.78843e-07;2.19448e-07;1.12496e-07;1.40599e-07;5.53958e-08;1.46105e-06;2.51694e-06;3.82983e-11;1.87352e-08;3.56043e-08;1.12924e-07;2.72551e-07;8.00901e-08;1.99487e-08;2.57286e-09;1.05299e-06;6.78277e-07;2.83908e-08;2.28605e-06;4.27553e-07;3.34981e-09;7.4879e-08;2.23416e-06;1.2714e-08;4.66336e-08;8.51625e-07;1.53589e-08;3.00182e-07;1.90372e-08;2.40659e-07;1.02267e-06;1.433e-06;9.65271e-07;3.91253e-07;8.79699e-07;1.16649e-07;7.25725e-08;3.88748e-07;1.70205e-07;2.82102e-07;3.01688e-07;4.21443e-07;1.5841e-06;2.34399e-06;5.98336e-07;1.38756e-07;1.59302e-06;2.1918e-07;1.08036e-06;4.99837e-07;7.63721e-07;2.75509e-06;3.48625e-07;1.38962e-06;2.27287e-07;7.45034e-09;3.44154e-06;3.65992e-07;2.6452e-08;7.02373e-06;5.70501e-10;7.5233e-09;1.34109e-07;1.51444e-07;1.3164e-07;6.70786e-07;3.59483e-07;5.31006e-08;9.47447e-06;4.31484e-07;4.22931e-09;5.5405e-08;8.04447e-07;1.59511e-09;1.87291e-07;2.11868e-08;2.02638e-06;2.7863e-05;1.43915e-09;2.13769e-07;7.44995e-08;1.9955e-07;4.88007e-07;1.66271e-06;2.79396e-07;1.55288e-07;5.04784e-08;7.05205e-07;4.43098e-08;5.52859e-07;3.69371e-06;2.91265e-08;1.2256e-08;1.36731e-07;2.82447e-07;2.33582e-08;8.74612e-06;0.000858247;0.00460465;0.000360444;0.716377;0.0984317;0.00170935;0.161575;5.28556e-05;3.01008e-05;4.52917e-05;0.0150668;0.000226284;1.21525e-05;1.10394e-06;2.17817e-05;9.41593e-06;2.68633e-06;6.28771e-06;1.15608e-07;3.00207e-07;1.84239e-07;2.44887e-07;2.10809e-06;4.636e-07;4.21289e-07;4.88368e-07;3.75186e-05;1.38227e-07;1.18414e-06;6.12664e-07;2.16705e-09;3.799e-09;2.20672e-07;1.32927e-09;1.46497e-08;1.19323e-07;5.63492e-08;9.91606e-08;1.03926e-06;5.25584e-07;3.94801e-07;7.64468e-08;1.204e-07;3.15809e-09;5.06536e-07;9.43894e-07;6.51578e-07;1.12196e-06;2.70795e-06;1.02967e-06;8.05125e-09;1.55675e-07;5.2866e-10;2.17436e-07;4.38788e-08;1.22682e-07;6.96708e-08;1.62619e-07;1.05259e-06;2.0322e-06;5.71396e-06;7.02582e-06;9.57339e-09;4.4877e-05;1.90779e-06;3.19389e-06;2.4746e-06;1.10529e-06;2.27123e-07;1.48072e-06;1.47556e-07;7.36402e-06;3.47505e-06;3.18249e-08;3.15994e-07;3.30108e-07;1.38983e-07;2.1351e-05;1.60231e-06;1.47464e-05;7.32579e-07;3.51773e-05;5.69135e-06;1.33139e-06;6.46424e-06;3.03306e-07;6.00021e-07;3.32523e-07;3.78945e-07;1.19962e-07;8.85341e-07;8.90317e-07;4.22987e-06;9.36266e-07;1.792e-06;1.22033e-05;6.17262e-08;7.15459e-08;3.33387e-07;3.97202e-06;9.30992e-07;1.6715e-07;6.05425e-08;6.49087e-07;1.30667e-07;3.0491e-07;7.30193e-07;9.75675e-07;3.95394e-08;2.34609e-07;1.02156e-06;7.03658e-07;1.72563e-07;1.27527e-05;2.75253e-08;4.58321e-06;8.2198e-07;5.18401e-07;6.52502e-06;4.35245e-06;1.72249e-05;6.62839e-07;2.71552e-07;3.1866e-06;5.74751e-08;9.35917e-08;2.12384e-07;3.48439e-09;3.30927e-07;1.89805e-08;3.08822e-08;1.77149e-07;4.03704e-08;1.85988e-07;8.67936e-09;3.37759e-07;1.76531e-07;1.99046e-06;4.15527e-07;3.9686e-06;3.4309e-06;5.46812e-08;1.01346e-07;4.63143e-07;2.76695e-07;2.13438e-07;7.97853e-07;2.43511e-06;8.21563e-07;2.49795e-12;7.15962e-09;4.17468e-06;4.20273e-07;2.8826e-07;3.16449e-05;8.76105e-09;4.15288e-06;3.7176e-08;1.01698e-06;8.9306e-08;3.56269e-09;2.64812e-08;2.03445e-06;5.74627e-08;1.39992e-08;6.64935e-07;3.89805e-08;9.16693e-06;1.80951e-06;6.28353e-09;1.94101e-07;1.15495e-07;3.50432e-07;2.95019e-07;1.89418e-08;1.33074e-07;8.99348e-09;2.93242e-07;7.4843e-08;2.92072e-05;6.44625e-07;1.12575e-05;9.09098e-07;2.79427e-06;1.4356e-10;2.84882e-07;2.82551e-07;9.52124e-08;1.92267e-08;3.03755e-08;5.48644e-07;1.37088e-07;2.77766e-06;4.17257e-08;2.80774e-08;3.4788e-07;3.00759e-11;3.55333e-08;2.2783e-07;1.62312e-07;3.00213e-06;1.28339e-07;6.67188e-07;3.61103e-08;3.50741e-07;1.36469e-07;2.97963e-09;1.62269e-06;1.23839e-06;1.45767e-06;3.63989e-07;2.66313e-06;2.18431e-07;8.81986e-06;3.41924e-07;6.14825e-08;5.88001e-07;3.14789e-08;5.77802e-08;2.21787e-07;2.59054e-07;3.7671e-08;7.11731e-06;6.34494e-08;5.47506e-08;3.65702e-07
9.38614e-10;1.76042e-09;1.63407e-10;1.79617e-09;3.93695e-08;2.33155e-09;3.63755e-11;2.07549e-08;2.45958e-09;1.18632e-09;9.37408e-10;3.3429e-10;4.64423e-09;2.13988e-09;1.66938e-09;9.10992e-09;1.1351e-08;6.29036e-10;2.53296e-09;5.12065e-09;1.21247e-07;1.16657e-09;5.72313e-09;6.21366e-08;3.02998e-09;1.28337e-09;1.2957e-07;2.83464e-10;2.57772e-10;2.57379e-10;1.49459e-11;2.96137e-10;5.84205e-12;2.62917e-11;2.74041e-10;1.77702e-09;2.27457e-09;1.15058e-09;6.44602e-09;1.90223e-08;9.04405e-09;3.47147e-09;5.96365e-08;2.477e-08;1.34053e-08;1.27221e-07;2.68968e-11;2.59706e-10;3.91508e-10;1.10552e-10;3.88956e-10;3.05881e-10;1.42992e-10;3.09865e-10;6.91001e-12;4.45054e-09;2.31729e-08;2.03461e-09;3.07907e-09;2.5314e-09;1.72828e-08;6.10159e-09;9.01984e-10;3.97037e-09;1.70574e-09;4.15564e-08;1.93544e-09;5.18074e-09;2.03745e-09;2.81574e-10;7.68117e-10;1.35933e-08;4.77583e-10;1.08342e-09;5.67187e-09;1.67591e-09;1.82876e-09;4.71802e-09;1.12297e-09;2.94754e-08;1.14512e-09;3.63223e-09;6.91637e-09;9.50628e-10;1.76217e-09;4.94555e-10;1.16827e-09;1.55219e-09;5.05156e-09;1.9673e-09;3.12578e-09;1.92098e-09;2.89334e-09;5.7209e-09;9.44254e-10;3.62098e-09;2.31824e-11;3.56177e-10;1.78644e-08;9.82293e-11;1.79869e-11;4.56732e-11;1.25514e-08;8.97929e-10;1.28469e-10;2.27793e-09;6.92955e-10;9.52568e-10;1.11703e-09;5.95711e-10;1.18978e-10;8.99176e-11;1.77767e-10;1.99957e-09;5.22597e-10;5.1707e-11;1.15884e-10;8.92198e-11;7.98537e-12;4.02378e-08;1.14245e-08;3.47161e-09;2.30544e-09;5.58825e-10;1.89748e-10;1.47297e-09;2.46215e-07;1.65555e-11;9.11769e-08;1.8327e-09;6.58502e-09;6.64035e-09;5.15103e-09;1.09219e-07;2.48748e-10;7.53448e-09;2.7187e-09;8.51494e-10;1.09003e-09;3.20089e-10;3.9523e-09;1.04137e-09;1.93358e-09;1.30115e-09;2.61934e-09;2.59313e-09;1.61673e-08;1.24143e-09;9.04666e-10;5.8809e-10;2.97642e-10;5.37026e-08;4.54125e-09;6.85291e-10;6.08996e-12;8.0154e-10;5.16261e-09;2.5442e-09;1.20274e-09;1.45634e-09;7.89647e-10;9.62573e-09;8.53182e-10;2.98579e-10;1.05899e-10;1.26718e-10;5.81277e-10;1.35851e-09;4.29492e-09;4.19328e-09;4.14223e-09;4.79013e-09;1.32898e-09;4.48048e-08;2.85965e-08;5.00245e-08;1.70027e-08;2.53607e-08;4.99087e-09;1.01413e-08;9.02156e-10;1.09562e-09;1.54313e-10;1.10211e-09;7.31426e-09;7.75323e-11;1.89501e-11;6.63004e-10;1.27359e-09;8.19532e-10;1.65258e-09;4.73743e-10;2.02767e-10;1.82127e-10;8.40362e-10;9.86872e-10;3.39617e-11;1.13703e-08;2.46984e-10;4.35611e-10;4.37264e-09;1.01318e-08;2.95981e-09;7.24005e-09;1.64255e-06;4.69374e-07;1.08879e-08;1.03131e-08;8.10626e-09;3.46179e-09;1.35664e-07;6.87681e-09;1.9339e-08;5.17027e-07;4.92476e-06;1.19997e-06;8.54073e-07;0.967977;1.5762e-05;0.00172743;0.0302472;2.43253e-08;4.60335e-06;8.79525e-08;1.51258e-08;5.59435e-09;3.38966e-09;1.01328e-09;1.13208e-06;2.59101e-09;1.06513e-08;7.1328e-08;1.54764e-08;9.09906e-10;1.37812e-09;1.50719e-09;3.29009e-09;5.61491e-10;3.79897e-08;1.39324e-08;2.26504e-09;3.32794e-08;3.02371e-09;5.01712e-08;6.89408e-10;3.49681e-09;6.34223e-10;1.34153e-10;2.08556e-08;2.17366e-12;2.98193e-09;2.1159e-09;1.93076e-09;4.90742e-10;2.3674e-09;3.58683e-09;8.97553e-11;1.6872e-10;7.50031e-10;2.15282e-09;6.8942e-11;9.71193e-10;5.07016e-11;7.68252e-09;6.90849e-09;3.74622e-11;4.1426e-09;7.62895e-10;1.01965e-09;5.36716e-09;1.10174e-09;1.63388e-07;8.13421e-12;1.15994e-10;3.47586e-10;1.56442e-10;2.90881e-09;1.16693e-10;1.31558e-10;2.03305e-12;3.40907e-09;3.34553e-09;6.40672e-10;3.44167e-11;3.03436e-08;6.6442e-08;1.62121e-09;1.03504e-11;9.33388e-11;1.46644e-12;1.05252e-09;1.48889e-10;1.23669e-05;1.25545e-11;7.15371e-09;6.59252e-09;9.1734e-10;5.51652e-09;5.26609e-09;1.10239e-09;1.21364e-09;1.57151e-11;4.04055e-10;7.84334e-10;3.27588e-09;3.99614e-10;8.44671e-09;3.90569e-11;2.73535e-09;3.95752e-10;1.98209e-10;8.00354e-10;6.57191e-10;3.12925e-09;1.94494e-09;4.82334e-10;4.12116e-09;1.23725e-08;5.51789e-08;1.09547e-10;1.16713e-08;7.37165e-08;2.99423e-08;2.13709e-06;1.26987e-10;4.22211e-10;9.89699e-12;5.73488e-11;1.24576e-10;2.76097e-11;3.88483e-10;5.87185e-10;5.15688e-09;2.50618e-10;8.40939e-10;3.32212e-09;3.42174e-10;7.61057e-10;1.60177e-08;9.11255e-10;3.5372e-10;3.82163e-10;1.71658e-09;5.36404e-08;6.35247e-10;1.26441e-09;4.26615e-09;3.05496e-10;5.97255e-10
4.33119e-10;6.7888e-10;1.59524e-10;2.38287e-10;7.32982e-08;1.56522e-09;1.4565e-10;2.27028e-09;9.56674e-11;2.35433e-10;4.70882e-13;3.41907e-12;4.48807e-10;2.96035e-10;2.83787e-10;9.72912e-11;2.2323e-09;1.57929e-10;3.21492e-09;1.3332e-10;3.43197e-11;1.65261e-10;9.33536e-10;8.03937e-10;2.06341e-09;5.40079e-11;2.02774e-10;4.49793e-10;1.32234e-10;7.71907e-11;4.93157e-11;2.13629e-11;6.72775e-09;7.2462e-12;8.09051e-08;3.78593e-09;2.00213e-10;2.12676e-10;3.17471e-10;4.95298e-09;1.25941e-11;2.71903e-09;2.18206e-09;1.45726e-08;1.98391e-09;5.43036e-10;1.51152e-10;7.93627e-12;2.36446e-11;1.90537e-12;2.01395e-11;3.27404e-11;2.28816e-11;7.62676e-10;5.1713e-12;5.11079e-10;8.0704e-11;3.60515e-10;7.92625e-10;6.51154e-10;1.47238e-08;9.03732e-10;1.04495e-09;9.75015e-09;3.13314e-10;6.92006e-10;1.49402e-10;3.32924e-10;8.97084e-11;1.71636e-10;1.05382e-10;3.23623e-12;3.41838e-11;1.38111e-11;8.72167e-09;1.75107e-10;1.64951e-10;5.53107e-10;3.97047e-11;3.47829e-10;5.77919e-10;5.78722e-12;2.03774e-10;6.84987e-11;1.44093e-11;8.1386e-11;3.20756e-12;2.68221e-09;3.19937e-10;1.74598e-10;3.22864e-10;5.18628e-10;2.12822e-10;2.82338e-12;9.74531e-11;2.58079e-11;2.10182e-11;5.57258e-11;9.25736e-11;3.13984e-10;1.25119e-11;4.82607e-11;1.8893e-08;2.80486e-09;3.0247e-12;9.83934e-10;1.58975e-09;1.22872e-10;1.31423e-10;4.54336e-08;8.85463e-11;1.86129e-10;1.79019e-10;3.64497e-10;1.08673e-08;6.82953e-11;2.39264e-09;9.58679e-11;1.40317e-08;5.15679e-09;6.59768e-10;1.51868e-08;6.71902e-10;1.08737e-10;8.19737e-12;3.72439e-11;5.45016e-08;7.22073e-11;3.04553e-11;8.77711e-09;3.96804e-11;4.64946e-10;1.96209e-10;3.44598e-09;9.21771e-11;5.14065e-11;2.24701e-10;2.8742e-10;2.06975e-10;2.32721e-10;1.97099e-11;2.18102e-11;3.27647e-09;1.92851e-09;2.30631e-09;6.4173e-09;2.36396e-11;1.1391e-09;6.66976e-10;2.78105e-10;1.88825e-11;2.0586e-10;1.73506e-10;1.21577e-09;5.1972e-10;3.67448e-10;4.58656e-11;2.01654e-10;1.28779e-11;2.04041e-10;1.02109e-10;2.71416e-10;5.69252e-11;1.57909e-10;1.19681e-10;2.12166e-09;1.61808e-11;2.05235e-10;2.04002e-11;1.51292e-09;1.67346e-10;2.17761e-10;3.13051e-10;1.91106e-10;1.73093e-10;8.94422e-10;1.02359e-08;5.65367e-11;1.32849e-10;5.36407e-11;1.3801e-09;2.44278e-10;2.52848e-10;3.13148e-09;5.51749e-09;7.48655e-12;1.68268e-10;5.6542e-12;1.56664e-10;1.24017e-10;3.04796e-10;2.51892e-10;8.18797e-11;3.1934e-10;2.1428e-10;2.40257e-10;1.17596e-12;5.08529e-09;9.46942e-11;5.50288e-11;3.35144e-10;1.65938e-10;1.03806e-10;3.03696e-10;7.65807e-10;1.59318e-09;8.82425e-10;1.41798e-08;5.48089e-10;8.92145e-11;1.77601e-10;8.53302e-11;1.68829e-09;4.44821e-10;4.63292e-10;9.77247e-11;1.38369e-09;8.03446e-11;1.8872e-09;3.60552e-10;6.18007e-09;3.4825e-10;3.71403e-09;5.67239e-10;5.29513e-10;1.89322e-10;1.31123e-10;7.26075e-11;1.4356e-11;2.31618e-10;1.77894e-10;1.90332e-10;3.34525e-10;1.56449e-10;2.90706e-09;5.03052e-12;4.8409e-10;2.38661e-11;6.31039e-09;2.75548e-09;2.31357e-10;1.56321e-10;5.85876e-10;1.28805e-10;3.47906e-10;3.15099e-10;1.12283e-10;9.86536e-11;2.34594e-10;3.09385e-11;1.81046e-09;4.27422e-10;4.40611e-10;2.1995e-09;3.06222e-09;8.81174e-10;2.96922e-10;5.01118e-10;9.83802e-11;5.5457e-10;7.42468e-11;2.94869e-10;2.03225e-09;9.81823e-11;1.61108e-11;1.83018e-09;3.94689e-10;3.72672e-10;1.74944e-09;3.08714e-10;5.45067e-10;1.89348e-10;1.09014e-13;1.95134e-11;1.57497e-10;5.64938e-11;9.03263e-11;7.65259e-12;4.89183e-13;9.65623e-09;3.85391e-10;1.35088e-10;6.60988e-10;1.42791e-10;7.41896e-11;7.08298e-10;9.85148e-11;2.99224e-11;7.26307e-11;5.63658e-12;1.88215e-12;9.33681e-12;1.06252e-12;2.58693e-09;9.43192e-10;5.51256e-10;5.35017e-10;4.92972e-10;9.34736e-10;1.3099e-09;5.43602e-10;9.2507e-10;7.70649e-09;3.59002e-09;3.19704e-06;3.98668e-07;9.63759e-05;0.999858;2.98277e-08;2.97465e-08;2.44566e-05;2.40687e-06;1.20695e-05;1.78788e-10;2.43699e-10;2.98713e-10;1.91555e-10;1.00955e-12;6.07655e-10;1.89026e-12;6.18724e-09;5.91702e-10;2.67688e-10;9.66626e-11;3.60632e-09;2.80921e-10;7.93736e-13;9.70608e-12;4.21905e-13;2.70742e-06;1.06284e-09;3.31708e-10;1.94636e-10;2.11362e-09;1.56102e-10;7.06876e-10;6.05608e-09;6.35545e-09;1.03365e-09;2.91918e-10;8.19017e-13;1.39508e-11;6.63976e-10;6.53284e-09;3.95009e-11;1.69539e-10;2.67344e-11;4.38619e-10;3.11139e-10
2.69647e-07;5.53661e-08;3.18205e-07;2.62637e-08;9.16209e-09;6.20296e-07;2.58104e-08;2.43425e-07;8.08488e-08;1.86019e-07;1.45633e-07;2.77265e-06;4.36457e-10;4.47572e-08;5.74645e-08;1.03916e-08;5.93612e-08;1.88898e-08;2.15259e-07;1.89225e-07;7.13469e-08;1.72976e-08;2.59877e-07;1.81023e-07;3.70613e-06;3.61805e-07;3.36596e-08;5.19861e-08;9.81601e-09;3.77165e-07;1.46987e-07;3.59748e-07;2.47267e-06;8.31286e-09;1.0454e-10;2.1559e-08;1.63198e-08;1.49042e-08;5.7465e-10;1.39837e-08;1.7598e-10;9.06899e-08;1.58759e-07;1.62206e-07;1.74387e-07;7.33935e-08;9.47059e-09;4.91174e-09;2.56145e-07;1.03739e-07;6.78551e-09;1.61748e-05;3.83803e-09;3.0365e-09;7.72994e-11;8.1182e-07;1.10365e-08;1.64295e-08;5.82574e-08;1.2735e-07;3.26115e-08;3.9496e-06;1.57726e-08;4.82116e-09;1.72614e-08;1.52557e-08;1.52934e-08;4.29997e-08;4.14707e-08;5.91525e-07;8.00038e-07;6.6283e-08;3.77518e-08;3.95555e-09;1.68376e-08;2.31193e-08;2.05949e-08;1.50539e-08;1.04079e-07;7.23467e-08;2.07565e-07;1.51386e-09;8.419e-08;3.16249e-07;1.35852e-06;3.18745e-08;2.5287e-10;3.20643e-09;1.42089e-08;1.64493e-08;9.63566e-09;6.07048e-08;1.25819e-08;5.11586e-08;1.07769e-07;3.56825e-08;9.60299e-09;1.18306e-08;1.2916e-08;1.19351e-08;1.38807e-06;8.18498e-08;2.84001e-05;3.90498e-07;4.79637e-10;8.04306e-11;1.52874e-08;1.50853e-08;2.24441e-08;1.47189e-08;4.67269e-09;7.81718e-08;1.02856e-08;2.34749e-08;3.78776e-08;2.70986e-10;1.42834e-06;4.27793e-08;1.31099e-09;4.16695e-08;8.61471e-08;8.0967e-08;2.43468e-08;5.71706e-10;6.16954e-09;5.25143e-08;1.58284e-07;1.07782e-07;1.85814e-10;2.66433e-11;5.06795e-09;3.85013e-09;3.69606e-08;4.81174e-09;7.57432e-09;4.95461e-08;3.89857e-09;6.82041e-08;2.29113e-08;3.20571e-08;8.67402e-09;2.28542e-10;8.13603e-10;6.77781e-09;7.83824e-10;4.57297e-08;5.29363e-09;1.7439e-08;1.88869e-08;1.31799e-07;9.7509e-08;2.02917e-09;2.29248e-08;1.88758e-09;1.40783e-09;1.28403e-08;2.74863e-10;5.69094e-09;9.72103e-10;5.48252e-09;1.31475e-08;2.76409e-07;5.62311e-07;4.80726e-07;4.30524e-09;9.85869e-10;1.31519e-08;5.29135e-08;1.19321e-07;1.68105e-08;1.89437e-08;1.37086e-07;1.01929e-07;1.14099e-07;1.94565e-07;6.89675e-09;2.317e-10;7.94705e-10;2.06969e-08;3.02844e-08;7.25225e-08;4.57309e-07;2.47617e-07;1.37729e-06;2.41679e-07;1.15698e-08;3.4211e-09;1.97367e-08;2.02697e-07;8.90435e-08;8.1311e-09;8.55006e-09;5.20232e-07;2.87157e-07;4.31003e-08;5.69308e-08;1.40306e-09;1.23169e-08;5.38102e-10;1.04556e-08;2.91655e-08;6.69383e-08;6.83937e-07;1.42483e-07;2.73799e-06;1.26024e-06;5.03959e-07;3.66806e-07;8.49046e-09;6.43046e-08;8.45209e-08;8.34623e-08;8.70933e-07;1.2412e-08;1.17396e-09;4.03143e-08;8.07982e-08;2.03047e-09;1.48139e-07;1.80454e-09;9.73351e-11;3.11137e-08;5.16223e-08;3.96582e-08;2.03164e-08;2.1692e-08;8.90424e-08;3.41513e-07;7.63067e-08;3.25444e-07;2.16887e-07;1.1608e-09;6.90455e-09;6.38959e-07;2.6428e-07;1.91012e-08;1.76597e-08;4.72369e-09;1.86501e-10;7.97481e-09;1.27206e-08;5.33601e-10;2.31026e-07;2.83938e-08;2.2311e-08;7.7721e-09;5.61627e-08;1.51891e-07;1.43678e-08;3.06699e-07;1.08581e-07;3.61353e-11;3.09985e-09;2.48346e-08;2.59822e-08;6.46778e-10;1.76776e-08;2.25058e-09;5.4252e-08;7.11237e-06;3.3211e-05;6.42287e-05;0.0101868;0.98852;0.000766131;5.02211e-06;2.16464e-07;7.55594e-08;6.94025e-06;4.06795e-06;1.7844e-06;4.31683e-06;4.5625e-14;1.11189e-09;2.3628e-08;1.317e-07;2.55764e-08;3.48376e-09;2.46329e-10;6.87324e-11;5.42134e-09;3.18135e-08;6.09563e-08;4.43319e-10;7.06881e-09;1.87772e-07;7.47981e-09;3.68054e-10;1.55244e-07;1.26286e-08;3.29052e-07;8.5634e-07;1.25151e-08;1.29425e-10;3.75103e-08;2.03946e-08;1.74891e-08;1.85062e-10;7.88437e-09;7.76086e-09;1.94377e-08;1.36817e-10;2.3375e-07;3.37036e-08;3.09448e-07;2.65332e-06;1.66551e-10;1.4496e-10;1.90804e-08;2.09333e-08;5.65956e-09;9.64351e-08;2.70584e-10;4.94543e-08;2.003e-08;8.21441e-07;4.30363e-07;7.04742e-08;0.000301937;1.15368e-09;6.19086e-09;1.59967e-07;4.23718e-08;1.1656e-08;5.62167e-09;5.71376e-08;8.74712e-10;5.68536e-09;2.13918e-10;1.72288e-10;1.2479e-07;6.61296e-07;1.29271e-07;3.81045e-09;8.00935e-08;1.75121e-08;6.40934e-07;2.21563e-10;2.77381e-09;4.18646e-08;1.70302e-09;4.63336e-07;1.55099e-09;2.61949e-11;1.10825e-08;4.82693e-07;1.52374e-07;5.52961e-09;1.2166e-08
1.05058e-09;1.39917e-11;1.55291e-11;3.84641e-11;2.11355e-11;2.71568e-10;3.14469e-10;3.65615e-10;1.2477e-10;1.93816e-10;1.14492e-12;4.87592e-11;5.49286e-09;9.94921e-11;1.87356e-10;4.39194e-10;5.92337e-10;3.46911e-11;7.24902e-09;2.8272e-10;7.35746e-12;2.4876e-12;8.54877e-11;3.58584e-11;3.02362e-11;1.78324e-11;7.97311e-11;9.73301e-12;6.6032e-12;2.11387e-11;6.57321e-11;6.04804e-10;1.33864e-11;2.22762e-12;5.60659e-12;3.71417e-11;4.7937e-11;2.48582e-11;4.53955e-12;7.75308e-12;3.49663e-10;1.18851e-10;6.56875e-10;5.98452e-10;1.52339e-09;1.9601e-10;9.26767e-12;1.0697e-12;8.76163e-11;3.66968e-10;1.63935e-11;4.05373e-11;8.94191e-13;2.75658e-10;1.00152e-11;1.12723e-10;1.34933e-10;2.71912e-11;7.53359e-11;1.729e-09;1.08914e-10;4.67431e-10;4.98975e-10;1.77743e-09;7.61613e-11;7.20256e-10;9.00492e-11;2.71432e-11;6.82596e-12;9.66225e-11;7.13365e-11;1.83121e-11;4.79523e-12;1.43386e-12;3.34788e-09;3.1378e-11;7.99784e-11;3.55968e-11;3.47762e-10;2.0046e-10;2.28667e-11;2.09647e-12;5.49755e-11;6.72341e-10;5.75741e-11;3.79033e-11;2.39955e-12;4.2162e-11;1.80373e-10;5.74176e-11;1.25265e-11;9.81071e-11;4.99369e-11;7.03025e-11;2.40267e-11;2.56778e-11;5.71488e-10;6.43704e-11;9.71032e-11;2.16811e-11;2.23286e-10;1.81368e-10;4.8797e-10;6.71133e-11;4.99126e-13;1.74e-11;4.51078e-12;5.23464e-11;2.91203e-11;1.07048e-13;2.57671e-11;1.31505e-11;4.394e-12;8.77493e-11;7.76368e-11;1.11933e-13;3.79384e-11;2.591e-11;5.42799e-12;3.2115e-11;9.50685e-12;1.93421e-11;2.11338e-11;4.71485e-13;3.47908e-12;5.28551e-11;7.03678e-13;9.89591e-12;1.17214e-11;2.50483e-09;1.47019e-11;4.64581e-11;4.03687e-10;3.99502e-11;1.42173e-11;2.70018e-11;8.69253e-12;3.18484e-10;5.59525e-10;1.18815e-09;6.3312e-11;8.92625e-11;1.23703e-08;3.07163e-11;3.42534e-10;2.59412e-11;1.07964e-10;2.7113e-11;1.55945e-11;1.52145e-10;3.71115e-11;1.57741e-10;1.42571e-11;7.06603e-13;3.14077e-12;3.95849e-11;1.95132e-10;5.77581e-12;2.33851e-11;6.65733e-11;2.17015e-11;3.05435e-10;9.50444e-10;1.62041e-08;2.7181e-11;1.22113e-08;1.98787e-11;4.58276e-10;1.33711e-11;8.4689e-11;1.16836e-11;6.80377e-11;5.39885e-11;1.28591e-09;2.86717e-12;3.47029e-11;1.2712e-10;1.14319e-10;4.12334e-11;4.61384e-11;1.02274e-10;3.369e-10;8.80503e-10;1.47979e-10;1.32776e-10;5.89624e-10;1.62024e-10;2.59453e-10;1.33836e-10;1.46197e-10;4.85817e-10;2.52921e-11;6.16162e-10;9.76408e-10;5.58028e-09;1.44467e-10;2.06837e-11;2.29858e-09;7.34409e-10;9.56134e-11;2.18517e-10;3.96377e-12;3.5495e-11;1.83128e-11;2.14911e-11;1.57788e-11;9.52388e-12;1.0474e-10;1.41827e-11;1.05506e-10;3.81036e-12;7.93603e-11;1.11841e-10;8.7468e-11;2.36403e-12;9.38928e-11;4.26984e-11;2.15332e-09;1.66992e-11;6.36655e-10;4.88452e-11;5.11616e-11;8.01218e-11;5.60295e-11;8.12811e-11;3.36445e-11;4.46968e-10;3.26567e-10;4.43057e-11;8.07441e-11;3.90097e-09;3.89227e-10;1.68671e-12;6.13527e-11;1.14537e-11;7.13325e-13;5.758e-12;1.05161e-12;1.22662e-08;1.18463e-11;3.19574e-11;3.22865e-10;8.00424e-11;3.99621e-10;3.34112e-11;2.5974e-12;1.48035e-11;6.27048e-12;2.63179e-12;1.09441e-10;9.63255e-11;2.2412e-11;1.67495e-10;1.28053e-09;1.44605e-10;1.51995e-09;4.14105e-11;3.31396e-10;1.09998e-10;1.09676e-10;1.08392e-10;1.42197e-10;1.1258e-08;5.59907e-13;1.32823e-09;1.16333e-09;1.12273e-10;9.9956e-11;3.956e-10;6.11039e-11;5.12143e-11;4.97913e-11;8.62098e-14;2.67728e-14;2.03784e-12;1.66038e-12;3.64416e-13;2.6016e-14;4.12553e-13;3.55834e-13;2.79071e-10;9.69387e-09;3.27709e-09;6.08543e-12;7.72674e-10;2.97578e-08;9.20302e-09;4.24838e-11;1.53635e-07;5.51825e-07;1.47307e-05;0.00178923;4.8132e-06;0.99819;1.38476e-08;7.13152e-09;1.375e-08;1.17684e-09;2.33008e-07;2.61222e-07;6.43869e-11;7.5232e-13;6.71943e-11;1.73581e-10;1.07162e-09;2.02787e-09;1.6466e-11;3.14222e-10;2.10783e-11;7.43168e-11;7.36725e-10;3.26063e-11;2.57572e-10;2.4976e-10;2.71856e-11;2.01288e-10;1.82573e-09;4.38027e-11;8.85463e-10;1.26725e-12;1.17177e-08;2.65546e-11;1.70615e-10;3.47957e-09;4.59627e-11;5.48814e-09;4.14119e-10;9.15357e-11;4.3608e-09;1.79948e-10;8.00899e-11;9.17505e-10;1.11603e-09;2.43029e-11;1.50378e-10;8.02807e-10;3.75562e-10;9.80995e-12;9.40563e-11;8.60008e-11;2.89238e-13;2.7866e-11;7.47755e-11;1.76147e-07;2.47209e-12;1.65063e-10;1.09746e-09;4.97863e-12;7.2354e-12
5.77566e-07;1.04882e-08;1.00483e-07;1.71977e-07;4.80227e-08;1.30209e-09;2.48043e-06;1.42919e-06;3.30042e-08;1.14451e-08;3.55833e-05;3.28616e-11;1.12417e-11;1.01554e-07;1.134e-07;8.223e-07;1.7962e-06;2.15691e-08;5.27023e-06;8.31709e-07;2.08686e-06;7.08448e-09;1.01999e-07;9.18526e-07;7.89488e-09;9.76404e-06;3.57551e-08;1.40918e-10;1.02567e-09;9.79594e-07;1.79426e-07;3.726e-07;1.84702e-08;8.87307e-05;6.80863e-10;3.43856e-08;2.0214e-08;2.90648e-08;2.55628e-08;4.43006e-10;5.75771e-09;2.43235e-07;8.08524e-09;1.49589e-06;3.60122e-06;2.31766e-08;6.16878e-07;1.96945e-08;4.40068e-07;3.73919e-07;9.68552e-09;1.91742e-10;0.000249656;1.3512e-07;1.57909e-09;5.35703e-08;2.54458e-07;1.71393e-08;1.48053e-07;1.39235e-06;6.75001e-07;1.96106e-07;1.63973e-06;8.13439e-08;2.71776e-08;2.43377e-07;9.98026e-08;1.84881e-07;3.59891e-09;3.34252e-07;6.20838e-07;8.02139e-09;4.66109e-10;1.32839e-07;6.67124e-12;1.12774e-08;3.68648e-08;2.02289e-07;1.22561e-08;1.66022e-07;1.58465e-07;5.28937e-08;3.84903e-06;1.38579e-06;6.04371e-07;3.41577e-08;7.01552e-06;4.59549e-09;2.08353e-07;4.23531e-08;4.63361e-08;3.72717e-07;4.15373e-08;6.90619e-07;9.58858e-08;1.1653e-06;1.45179e-09;1.98016e-07;4.43739e-08;5.57477e-09;3.4754e-07;2.34525e-06;3.91655e-08;7.84386e-11;7.67805e-06;2.87056e-10;1.30444e-08;1.18532e-08;6.50214e-08;5.35785e-10;1.36429e-10;5.73002e-08;8.40305e-09;3.42412e-08;1.27952e-07;6.92921e-10;1.03165e-08;5.0485e-06;1.00838e-08;4.90004e-10;1.21149e-08;4.30399e-10;1.04597e-07;1.0679e-09;1.61182e-09;2.86902e-06;1.01027e-06;2.00632e-10;3.78758e-07;6.08269e-12;1.98985e-08;3.18935e-07;1.88852e-07;2.39591e-09;6.3062e-09;5.16328e-09;2.75547e-08;1.74433e-06;1.69332e-06;6.47746e-06;6.42754e-08;7.00417e-07;7.34852e-09;1.79934e-08;3.93917e-07;1.37978e-08;3.66433e-07;6.76746e-06;3.89179e-05;0.006392;0.00136642;0.893898;0.052119;0.0448762;0.000104124;4.15516e-08;0.000262297;8.12414e-06;9.25995e-05;3.14908e-08;1.83936e-08;4.95472e-07;1.43322e-06;4.28845e-07;1.23209e-05;1.11584e-09;1.87187e-08;2.74982e-07;1.05211e-08;8.71158e-08;3.66106e-08;4.77139e-07;6.19716e-07;3.67401e-06;8.35793e-08;2.14966e-06;7.1402e-09;4.93863e-07;6.75494e-10;3.15658e-07;9.17127e-09;2.99884e-07;8.74419e-07;6.01042e-06;2.27637e-09;5.49278e-06;1.24915e-09;3.25363e-07;2.7384e-09;3.09095e-08;2.31889e-08;5.26696e-08;9.71592e-07;4.56451e-06;2.63256e-06;8.84135e-08;1.10054e-05;9.00222e-09;4.72364e-08;2.44539e-08;1.55355e-07;8.97795e-08;1.04385e-06;8.75727e-07;1.45204e-05;1.53925e-06;1.06083e-05;1.36224e-08;4.78159e-08;5.97351e-08;3.9395e-09;2.29349e-07;9.22635e-08;1.91956e-08;3.04653e-10;7.76445e-09;2.26656e-07;9.28453e-08;4.95026e-09;1.83323e-07;1.21509e-10;1.74241e-08;3.41507e-08;3.17084e-08;2.34655e-08;7.97517e-08;1.81434e-06;5.44684e-07;2.35619e-07;5.34697e-09;2.8614e-05;1.81458e-09;1.17961e-08;9.26373e-08;1.42831e-06;2.78814e-05;1.17174e-10;3.55686e-06;2.72002e-11;5.10905e-08;3.56541e-08;5.71092e-08;7.28741e-08;6.24014e-07;2.25193e-08;1.62241e-08;2.35648e-07;1.53784e-06;2.80046e-06;1.3055e-10;1.77268e-05;1.77461e-10;1.86285e-08;5.0486e-08;1.46405e-07;2.0832e-09;3.24529e-08;7.26524e-08;4.52706e-08;5.54778e-09;3.47104e-08;2.89199e-07;4.82382e-06;4.42657e-11;4.624e-07;8.21787e-13;2.71079e-08;3.79787e-08;1.05535e-08;1.58982e-09;6.13856e-09;5.01259e-08;2.24553e-12;5.71323e-09;1.25837e-07;1.2725e-06;1.30685e-05;1.05939e-09;1.73015e-05;5.16472e-08;1.18313e-08;3.20111e-06;4.22983e-08;2.9164e-11;1.5707e-08;1.51433e-08;1.55292e-08;2.36978e-11;1.5715e-07;1.89963e-08;2.33186e-09;2.00237e-11;1.15844e-05;1.63797e-10;4.64006e-08;6.94555e-09;3.46242e-08;2.25762e-09;1.23555e-08;3.2212e-08;7.32774e-08;6.86376e-10;3.46554e-08;7.9519e-07;4.32931e-08;4.29152e-10;2.49114e-09;4.09168e-08;1.61223e-08;4.53928e-08;2.19218e-08;7.28078e-11;4.58887e-07;1.09412e-07;3.21196e-09;7.50389e-08;9.20557e-07;1.00351e-06;9.05104e-09;1.36412e-06;2.35001e-11;2.45414e-08;4.29146e-08;1.54508e-13;8.02051e-08;1.68398e-07;0.000133794;1.17944e-09;2.83568e-07;1.11e-10;3.56222e-08;6.6895e-07;3.03693e-07;1.22555e-07;1.49191e-07;1.36902e-08;7.55879e-07;6.98125e-09;1.51668e-08;3.23569e-07;1.65601e-09;1.07203e-09;2.36092e-06;3.87228e-10;5.43481e-09;7.31389e-07;1.43682e-06;4.15915e-07;2.45936e-09
4.26727e-06;3.68605e-09;1.29908e-08;4.85041e-09;1.09231e-08;5.56565e-10;6.60724e-09;8.30163e-05;4.17527e-07;1.93313e-07;1.13084e-07;9.60806e-07;2.49836e-05;5.78717e-08;1.9722e-07;6.5465e-06;5.02682e-07;9.59294e-08;2.21592e-05;1.37018e-06;1.69617e-06;2.36094e-08;4.97969e-07;2.66169e-07;2.79886e-08;4.71741e-06;1.81748e-06;7.63526e-09;1.8088e-10;1.75554e-09;8.05657e-09;6.94712e-08;4.36525e-07;9.71004e-09;0.000104765;1.29849e-07;2.6383e-08;7.17822e-08;1.60749e-07;7.02583e-09;6.63453e-06;6.25579e-08;7.30646e-06;6.79433e-07;7.47974e-08;5.48164e-08;4.20679e-08;9.61525e-09;1.19205e-08;4.97748e-09;5.37662e-07;1.57648e-08;1.02429e-05;1.72565e-07;5.39542e-08;9.34844e-07;1.44824e-05;6.71224e-09;1.58269e-07;2.06864e-08;3.38994e-09;2.58375e-08;2.66449e-06;5.87112e-07;4.46234e-08;5.32771e-07;7.61018e-08;5.49753e-08;9.0372e-09;4.79061e-07;8.06662e-08;5.87801e-07;1.48843e-07;0.000185824;6.44013e-07;5.64999e-08;1.16546e-07;4.82427e-05;3.31076e-07;8.45973e-05;1.24119e-07;5.52304e-09;2.39708e-08;5.80824e-08;1.98474e-08;6.38152e-08;2.46477e-05;5.0329e-05;2.18116e-06;1.50246e-07;4.45168e-08;5.05844e-08;1.12211e-07;4.76086e-08;1.4256e-08;6.04288e-06;8.95971e-07;1.26209e-05;3.68974e-07;1.93768e-10;8.46333e-09;1.21541e-07;2.0316e-08;5.63964e-08;3.99361e-05;7.35584e-06;3.92742e-07;1.04151e-07;4.17858e-08;5.36303e-08;2.76669e-08;9.08721e-07;2.22678e-09;7.71309e-08;1.89531e-07;7.12418e-08;3.62287e-09;3.56428e-06;1.95898e-06;7.08234e-09;1.21765e-07;8.48698e-09;3.40196e-07;2.85998e-11;1.67978e-10;7.04603e-09;6.7648e-09;9.7017e-11;6.73838e-07;1.05908e-08;4.05883e-07;9.95611e-07;8.79366e-08;2.13841e-07;7.24838e-09;7.47793e-07;9.14788e-09;4.73038e-08;1.61653e-07;4.46326e-07;4.59751e-07;2.82567e-05;1.241e-05;1.28696e-07;9.15745e-07;5.73513e-07;2.91434e-06;9.0126e-07;2.15103e-08;2.31579e-07;4.60412e-08;1.69054e-07;3.4567e-08;6.01537e-05;6.02987e-07;4.65896e-08;6.20613e-07;4.79795e-07;8.63489e-07;3.10003e-08;5.94244e-08;1.19679e-07;4.60074e-08;2.86285e-07;5.24112e-05;1.44494e-05;1.36467e-07;3.11048e-07;3.63722e-06;1.04318e-07;1.16935e-08;6.21724e-09;1.1876e-08;2.6401e-09;1.44419e-09;2.37951e-06;1.05652e-07;1.28161e-08;5.37801e-10;1.04143e-06;1.01778e-08;8.99601e-08;3.1074e-08;2.93983e-08;3.37899e-08;3.0836e-06;1.37853e-06;1.0949e-07;8.83165e-09;3.31096e-08;5.55359e-07;2.56185e-08;5.20367e-08;4.84757e-07;1.0519e-06;1.90118e-06;3.3295e-05;0.000103153;3.13537e-06;9.26958e-08;1.12733e-05;1.90146e-09;3.32663e-09;3.8803e-08;3.50518e-08;4.99363e-09;3.45412e-08;4.06046e-08;6.84389e-08;2.17871e-08;1.61389e-09;3.34718e-08;1.87154e-08;9.27526e-08;6.25767e-10;1.11312e-08;4.41665e-09;2.23215e-10;1.19273e-10;1.43606e-05;2.9933e-08;3.76693e-08;5.65106e-08;7.16997e-09;1.92822e-07;2.53538e-08;1.60791e-07;1.05879e-08;2.92598e-08;3.55887e-07;5.1864e-06;5.77517e-06;1.04136e-08;1.51419e-09;9.09792e-09;1.14776e-10;1.34676e-07;1.09728e-05;2.86526e-07;3.57955e-07;7.01364e-08;1.15691e-08;1.62989e-07;2.93463e-07;9.24956e-08;5.60684e-10;4.74739e-09;2.69646e-09;1.65035e-08;4.40377e-10;3.03103e-06;1.62736e-07;2.33543e-07;3.90603e-07;3.28103e-07;2.41613e-07;4.50508e-09;1.79634e-07;2.31775e-08;3.67921e-08;6.14555e-08;1.55712e-07;1.90938e-09;5.02448e-09;1.3098e-05;8.68261e-08;5.4872e-08;4.65877e-07;5.43787e-08;6.82643e-08;1.94431e-07;4.57263e-07;3.23324e-09;2.83662e-11;4.66716e-08;1.52072e-09;5.61896e-09;4.76586e-09;5.36195e-07;1.00889e-06;2.22279e-07;3.72888e-07;1.84347e-07;7.05397e-09;1.92786e-06;1.31884e-07;1.91321e-07;2.71257e-11;4.14358e-10;4.24285e-10;8.94126e-09;7.48695e-09;3.22907e-07;8.76668e-07;5.50862e-07;5.97611e-08;3.61144e-08;1.65752e-06;2.99819e-07;2.73153e-07;4.81056e-08;9.08221e-11;2.91812e-09;1.53947e-08;1.84437e-10;1.81112e-08;1.59436e-05;4.90684e-06;7.18276e-08;1.40731e-08;1.35013e-08;7.26713e-09;0.000773119;3.87819e-07;3.52157e-09;1.88701e-07;3.68773e-08;6.49578e-08;1.32009e-10;2.22922e-05;1.81294e-06;2.00118e-06;1.54337e-06;6.58963e-11;2.60296e-08;1.08913e-07;8.06071e-08;7.37263e-09;0.000549046;1.93994e-05;3.27065e-09;4.69917e-09;5.08986e-08;1.11732e-07;2.45961e-07;3.87658e-07;8.20016e-07;0.456048;4.70937e-05;3.81943e-05;0.00216964;0.00456681;0.00184234;0.531497;3.10391e-05;8.05637e-05;0.000253784;0.000760144;7.78978e-05
0.57076;3.66299e-06;9.33502e-07;1.04893e-06;7.49199e-07;7.42901e-09;7.74493e-08;1.38448e-07;4.88377e-07;1.05547e-08;7.33933e-10;3.69939e-10;8.40706e-11;1.05245e-06;1.09054e-07;7.10475e-05;8.87326e-07;4.01432e-08;1.72804e-07;2.95808e-07;3.9502e-08;0.00242288;1.76736e-07;0.420388;2.36769e-05;1.4566e-05;9.44146e-07;4.21182e-08;1.81272e-07;2.47874e-08;9.60384e-09;1.84907e-07;5.37812e-11;1.00082e-11;6.45319e-11;2.66057e-07;6.35379e-09;2.44441e-08;1.89608e-09;1.36075e-11;1.32217e-11;2.40998e-08;7.22268e-08;1.57692e-09;8.44425e-07;6.56858e-09;9.92333e-08;2.8528e-05;2.40674e-08;4.22237e-08;1.27162e-05;1.25628e-09;6.87035e-08;2.12893e-12;1.57222e-06;1.58147e-08;9.43363e-09;1.97677e-06;1.06148e-07;1.21581e-07;4.42408e-05;1.25435e-08;9.11539e-08;5.10731e-09;9.87649e-08;1.0531e-07;1.25634e-09;1.31287e-08;4.79197e-06;1.57816e-07;5.39005e-07;0.000213992;8.7693e-11;8.71067e-08;3.33077e-10;1.8379e-07;6.49687e-08;3.18736e-06;3.5126e-08;4.66506e-08;1.03478e-07;2.02752e-06;2.59239e-06;1.28255e-07;4.92327e-06;7.33285e-08;1.34735e-06;8.78182e-09;1.29387e-07;4.74033e-08;1.57449e-05;1.5305e-06;1.94878e-07;8.54443e-06;1.03381e-10;8.72262e-07;1.37721e-09;1.15456e-06;5.8966e-08;3.84224e-06;1.04027e-07;1.44608e-07;2.11925e-05;9.9643e-09;5.8819e-07;4.88421e-11;7.69078e-06;1.46177e-08;2.7733e-08;4.50031e-07;6.88084e-10;2.01792e-08;1.91826e-06;2.49241e-08;1.9807e-07;9.72042e-05;1.54157e-09;1.87153e-08;8.80741e-11;7.65975e-07;4.30538e-09;8.18576e-09;9.87138e-09;1.438e-06;3.74237e-07;5.38341e-09;0.00414918;2.76425e-10;5.43102e-10;9.77142e-12;8.89241e-06;2.2236e-07;2.58117e-07;1.61453e-08;3.59443e-11;2.42489e-09;1.35449e-05;7.99129e-07;7.99932e-07;0.000263269;2.55575e-07;3.79729e-09;9.47171e-09;2.00941e-06;1.44543e-07;1.63511e-08;4.36871e-09;1.89821e-07;7.54822e-05;3.03371e-06;1.5505e-06;8.76962e-05;3.35017e-07;2.10217e-08;9.74523e-09;7.8766e-08;5.20661e-09;2.27389e-09;8.03475e-09;1.23581e-05;2.57675e-08;1.33439e-07;1.5143e-07;1.1974e-10;6.87663e-07;6.93927e-10;1.23234e-08;8.35662e-10;2.07236e-08;4.86462e-08;1.65735e-05;3.87723e-07;6.93346e-07;0.000407041;5.78259e-08;3.33705e-07;3.07132e-09;1.3392e-06;2.68429e-10;1.2507e-08;9.48743e-07;3.33955e-07;7.55436e-08;0.000453263;8.35751e-09;7.98004e-10;1.27061e-10;2.2159e-07;2.07653e-09;6.66412e-09;6.37892e-08;5.71773e-06;7.21666e-07;1.00932e-07;1.43672e-05;6.19697e-09;1.09343e-07;5.94898e-08;8.43991e-09;2.06806e-09;4.21697e-08;1.82184e-05;6.4255e-07;9.17031e-07;8.45915e-06;4.31747e-09;1.11292e-07;1.47037e-07;2.166e-06;1.62744e-08;2.58322e-08;1.20194e-09;2.13602e-08;8.67412e-08;1.34965e-06;1.13288e-07;1.08271e-08;1.96032e-08;1.53005e-09;1.37206e-10;4.34242e-12;5.84544e-08;3.32142e-08;1.59926e-08;3.70158e-08;1.22639e-05;4.91767e-07;5.2393e-07;2.06526e-05;2.81069e-09;3.51888e-07;2.64775e-09;3.88333e-06;4.2095e-09;1.90484e-08;3.89232e-06;4.15806e-13;9.04572e-11;1.19503e-11;8.19675e-07;1.50799e-08;1.46947e-05;5.1419e-08;3.72453e-08;3.00182e-08;7.43724e-07;1.62025e-07;5.42249e-09;6.79445e-06;1.60594e-11;7.34796e-11;2.36795e-11;4.72469e-07;3.04465e-08;1.00462e-08;9.28061e-09;1.93281e-08;8.76163e-09;3.21269e-08;2.24699e-06;2.65932e-07;1.97311e-07;3.88686e-05;3.79791e-09;2.84064e-09;2.98899e-08;1.89127e-06;3.65021e-08;8.44809e-08;2.79187e-06;5.65282e-08;3.05794e-08;3.62028e-16;2.28286e-07;8.57416e-09;7.33621e-10;1.5749e-07;2.93556e-10;2.57467e-09;1.12685e-12;7.20775e-08;1.61873e-09;1.31324e-08;1.2895e-10;1.70505e-09;3.76719e-11;6.3316e-10;7.68125e-07;5.35363e-09;1.12441e-08;1.54039e-07;2.01991e-12;5.77465e-10;1.72382e-16;7.02253e-07;1.25559e-08;2.18935e-08;7.74421e-09;5.32207e-09;1.4196e-09;1.55847e-08;2.91207e-06;2.74415e-08;3.5255e-09;1.1414e-06;2.89908e-09;8.67135e-08;1.60762e-11;1.30088e-06;2.14203e-07;6.05176e-11;3.55289e-11;7.48443e-10;4.13297e-08;9.81075e-06;1.44009e-08;1.90654e-07;1.68375e-06;8.46821e-12;1.95267e-10;1.12983e-10;6.03147e-06;1.00871e-07;2.30571e-10;2.82401e-06;1.19223e-08;5.05364e-07;2.38753e-10;8.64519e-08;4.4925e-11;4.15089e-07;3.13474e-08;5.20657e-08;1.20229e-06;6.00055e-08;1.61578e-09;2.0678e-06;2.54388e-10;7.99701e-06;4.58723e-07;2.7785e-06;1.97884e-09;1.34509e-07;1.7616e-11;2.26555e-06;7.35007e-08;2.16809e-07;0.000104115;1.52546e-09
1.7821e-09;3.05018e-11;1.3564e-11;1.13762e-11;4.66392e-11;5.17736e-12;6.71234e-13;2.38131e-11;1.24519e-10;1.02861e-11;1.63655e-12;7.29548e-13;1.34084e-09;6.20716e-11;9.70218e-11;2.22986e-10;1.53001e-09;1.37191e-11;4.58127e-09;3.43286e-11;7.91816e-12;3.65745e-10;2.90352e-11;2.69055e-09;6.99471e-12;1.19785e-12;3.15649e-09;1;2.35124e-11;5.53656e-13;8.64332e-11;6.84784e-11;2.86926e-13;5.80692e-13;3.33952e-10;1.7035e-10;1.23945e-11;1.29895e-11;7.81828e-10;5.79805e-13;2.3642e-10;5.12824e-09;9.65009e-08;1.50175e-09;1.32043e-09;1.98354e-10;8.61825e-11;2.83128e-09;1.35654e-11;1.68002e-10;1.22045e-09;7.01887e-15;5.71714e-12;8.19967e-10;3.71741e-09;1.16701e-11;3.09627e-10;1.45506e-10;7.3148e-11;2.14853e-11;6.99501e-10;7.198e-13;1.84713e-11;6.94263e-10;3.82793e-11;1.13161e-10;1.63211e-12;4.81821e-11;1.4114e-10;3.90752e-12;3.69202e-11;3.83035e-09;8.45095e-14;2.09476e-12;8.13577e-10;3.79363e-11;6.05122e-12;2.18179e-10;5.6461e-12;4.89214e-11;1.97474e-11;2.86731e-11;1.29435e-11;5.33876e-12;1.36954e-10;1.13699e-13;2.75731e-12;2.74279e-12;2.55848e-12;1.97728e-11;8.91633e-10;3.40051e-10;6.08175e-11;9.97416e-12;9.7494e-13;3.5325e-09;2.95805e-10;3.00918e-09;7.7703e-10;2.29841e-09;8.10135e-12;1.04738e-10;8.41844e-10;2.17619e-13;2.31451e-12;9.85185e-10;2.27185e-09;1.36706e-11;7.39506e-12;1.44383e-09;1.30883e-11;5.10059e-12;3.32191e-10;2.24093e-11;9.18093e-11;1.69878e-08;1.07366e-12;3.04127e-12;7.34498e-09;2.2517e-10;1.44147e-11;1.03039e-09;7.43542e-11;2.13476e-10;4.47538e-12;1.46124e-11;4.60006e-10;4.86566e-15;3.35599e-14;9.12823e-12;1.17198e-10;7.29943e-11;1.58493e-11;9.7771e-10;1.53995e-13;5.6582e-12;6.08831e-11;6.81005e-12;6.59252e-12;5.80007e-12;1.65048e-13;7.69053e-13;1.29724e-12;7.64568e-11;1.55529e-10;1.5275e-12;1.55062e-11;1.46546e-10;1.60419e-10;6.07013e-11;2.87047e-11;8.82473e-11;2.57822e-12;9.4819e-11;5.1863e-10;2.70632e-11;6.24041e-11;7.36858e-12;4.31426e-11;1.33455e-10;2.18631e-11;3.72411e-11;1.247e-11;6.0682e-12;3.12424e-11;8.62516e-11;1.94903e-11;4.46726e-12;4.65131e-11;2.37169e-11;8.79111e-11;2.91468e-11;5.14225e-11;1.65515e-11;1.01372e-12;2.83892e-09;8.3758e-11;5.6596e-10;5.79104e-12;2.35287e-10;7.21081e-11;5.69932e-12;2.25051e-11;7.14307e-11;8.23708e-12;3.75571e-13;6.84859e-12;1.53171e-10;6.23879e-11;1.12366e-11;8.96785e-11;3.54503e-11;3.0213e-12;5.40749e-12;2.99883e-10;1.17218e-12;1.40477e-11;1.52768e-11;4.58339e-11;9.72175e-13;5.56255e-12;3.0246e-10;3.2512e-11;3.4365e-11;5.10248e-11;1.4793e-12;2.78773e-11;1.33965e-10;2.82852e-10;1.41498e-11;1.5868e-11;5.43321e-12;1.48176e-11;7.39116e-11;5.13494e-10;1.21269e-12;1.44336e-11;4.51882e-12;8.69885e-13;8.93448e-12;1.52374e-11;2.82532e-11;4.17275e-11;9.90231e-12;1.61034e-11;7.6366e-11;1.05735e-11;1.16457e-11;1.90217e-10;2.8497e-11;1.22182e-11;5.40007e-11;7.045e-11;4.52363e-13;9.38347e-12;1.31381e-10;1.8898e-13;7.98581e-12;9.77947e-11;1.5469e-10;5.27974e-12;4.61583e-09;3.21926e-12;2.40437e-09;2.34385e-11;6.25085e-11;9.21953e-12;3.90456e-12;2.27947e-10;6.76946e-14;1.50968e-11;3.2565e-10;7.12177e-10;2.79037e-11;4.07857e-11;1.21538e-09;6.40478e-12;2.31068e-10;1.19446e-11;8.76879e-12;3.09365e-12;3.55879e-12;8.93911e-11;3.66076e-18;5.10593e-13;2.39698e-10;4.31353e-11;5.46069e-12;2.88019e-11;1.92438e-08;3.23085e-11;2.72014e-11;8.99793e-14;1.31426e-11;1.01664e-12;5.21098e-12;3.32275e-11;3.43639e-15;3.2535e-11;3.5185e-13;2.00268e-10;1.59143e-11;1.81456e-10;1.62564e-10;4.1919e-13;1.64257e-12;3.3055e-11;1.04286e-10;6.36535e-13;1.73759e-10;1.28257e-10;5.0648e-14;3.02312e-15;1.87145e-10;1.46387e-09;2.30956e-11;1.88112e-11;1.59904e-09;5.63045e-12;5.75523e-12;6.42439e-12;3.79944e-11;7.32426e-13;1.66315e-11;9.54556e-13;9.81639e-14;9.41642e-12;1.38841e-10;7.142e-11;2.68895e-11;8.25605e-12;2.07604e-12;1.61817e-11;2.32578e-11;1.93393e-10;5.83437e-12;3.7122e-11;8.60099e-11;7.69412e-16;5.16109e-14;1.86805e-09;9.8338e-10;3.15948e-10;2.38247e-11;4.20589e-10;2.40721e-11;3.25131e-10;6.8254e-13;6.30403e-12;5.64794e-11;1.49581e-11;1.10285e-11;1.14702e-11;3.51336e-10;1.27222e-11;1.32172e-10;2.15316e-09;1.82203e-12;2.10034e-09;3.50014e-11;1.20286e-10;8.54989e-12;1.53217e-11;4.55274e-11;9.285e-11;1.56723e-11;4.91235e-11;1.33922e-09;1.24487e-14
2.09549e-06;1.53416e-07;8.01777e-07;3.94483e-07;1.32658e-05;4.07409e-07;1.04931e-07;4.84814e-09;1.18604e-08;2.70975e-08;6.06599e-08;4.91455e-08;1.6896e-09;1.3774e-08;7.55585e-09;7.50932e-09;3.64018e-07;1.12759e-08;2.70207e-08;2.33064e-08;2.76251e-07;1.06807e-07;1.65088e-08;1.95346e-07;4.81094e-08;8.6663e-07;1.18182e-07;1.43176e-06;1.29129e-08;7.90233e-09;8.88212e-08;1.59003e-09;4.65922e-09;2.28773e-08;9.04366e-08;3.3171e-08;2.23335e-08;2.33239e-08;4.75789e-07;2.38707e-09;2.01109e-09;3.23994e-08;2.60174e-08;9.96496e-07;3.5469e-08;4.27617e-09;2.08662e-08;8.89127e-05;0.000546473;0.00037627;0.00017507;0.000143346;0.99653;0.00154506;0.000510428;3.81424e-06;4.04109e-05;1.13563e-07;2.23289e-08;1.64422e-08;1.87304e-09;8.29372e-08;8.04054e-09;3.48436e-08;1.9215e-08;1.55e-08;5.7681e-09;1.21599e-08;4.63031e-07;6.33677e-08;8.6599e-08;1.24478e-07;2.43377e-08;1.12363e-08;2.71541e-09;1.82516e-08;9.84151e-09;5.34997e-08;1.23917e-07;7.21172e-08;4.07127e-08;1.20542e-08;2.41645e-08;1.01863e-08;5.54136e-09;7.06254e-09;2.00128e-09;6.82717e-10;2.52065e-08;1.0221e-08;1.14358e-07;6.5501e-08;1.67208e-08;4.45128e-09;5.67032e-10;2.63219e-07;1.81619e-09;1.27185e-08;2.67307e-08;6.81739e-09;3.25788e-08;5.08276e-08;3.03635e-09;2.26477e-09;5.89319e-08;4.41812e-09;1.68182e-08;1.21348e-08;1.19834e-08;1.2084e-07;5.65596e-08;2.83851e-08;1.75026e-07;2.11666e-08;5.29822e-08;1.33963e-07;1.19186e-07;1.32315e-08;6.84682e-08;1.43995e-07;3.45516e-08;5.47047e-09;1.33403e-07;1.64834e-09;6.27341e-09;1.44046e-08;7.00292e-08;4.77272e-10;2.0011e-08;1.17574e-08;2.40351e-08;1.23396e-07;2.64481e-08;6.12091e-09;2.3311e-08;2.22167e-08;1.27031e-07;4.66518e-08;7.22413e-08;2.29014e-07;1.67026e-09;2.08621e-08;1.1898e-09;4.78767e-08;1.65824e-08;2.90913e-08;6.59885e-09;1.8356e-08;2.29081e-07;1.8507e-07;2.82267e-08;4.32064e-08;3.2599e-08;1.76606e-07;2.43127e-08;1.89033e-08;2.77717e-09;1.26026e-08;2.54606e-08;1.01999e-07;9.33187e-09;5.93547e-08;2.08389e-07;9.82939e-08;1.91717e-06;4.64565e-09;5.5101e-09;2.29845e-08;1.2131e-08;1.31155e-08;4.37373e-08;6.11221e-08;3.17285e-07;6.55564e-09;7.79407e-09;9.60849e-08;1.31537e-08;1.82327e-09;3.92236e-08;1.26263e-08;2.34258e-08;1.16362e-08;2.36843e-08;9.23326e-08;1.41408e-08;2.12334e-07;1.94448e-08;2.97053e-08;1.65974e-08;3.87662e-08;4.97054e-08;2.62141e-07;4.76203e-08;1.40517e-07;1.66311e-07;1.14501e-08;8.51085e-08;1.80719e-08;1.77653e-07;9.49681e-09;4.20857e-08;2.3146e-07;3.09017e-07;1.12739e-07;2.6922e-07;5.61239e-08;2.42811e-07;1.23603e-08;1.77247e-07;1.32422e-08;1.15762e-08;1.43508e-08;1.71811e-08;1.53945e-08;2.97916e-08;1.11098e-08;6.41375e-08;1.66485e-08;5.95134e-10;1.44223e-09;1.16238e-10;1.94739e-08;1.49011e-08;9.11793e-09;5.87258e-09;2.29217e-08;3.13931e-08;4.41239e-08;2.26974e-10;2.13471e-09;3.62499e-09;1.51225e-10;5.25383e-08;2.96019e-09;2.45296e-07;5.38559e-08;9.06404e-10;9.89001e-09;3.45477e-10;6.93917e-08;8.84656e-09;8.39357e-08;1.04459e-08;2.94141e-08;8.07135e-09;1.25734e-08;6.63992e-08;1.6637e-08;2.26576e-07;3.31588e-09;8.3341e-08;2.05917e-08;6.34716e-08;9.79413e-09;6.14152e-08;2.0244e-08;8.7539e-08;1.17463e-07;2.43321e-08;1.7891e-08;3.28327e-08;2.89093e-08;8.66659e-07;8.85297e-10;6.15833e-08;3.64169e-09;2.98546e-08;7.24907e-09;1.89165e-08;8.66807e-08;2.41553e-08;2.48249e-08;5.33908e-11;5.85129e-10;2.60181e-10;2.37768e-08;2.12857e-08;2.86698e-10;1.18355e-08;2.61328e-09;1.70535e-09;2.74107e-09;1.33229e-09;2.54678e-09;1.1002e-08;9.19441e-10;8.93484e-09;1.62541e-08;1.31911e-08;3.42635e-08;1.96887e-08;6.85605e-11;2.55686e-10;8.05826e-11;7.55048e-08;1.0116e-08;1.45392e-08;8.60443e-10;3.28634e-09;2.73856e-09;1.19446e-08;3.61448e-07;1.22226e-09;1.66617e-08;1.33117e-07;2.99368e-09;4.17634e-08;5.62768e-12;1.25139e-08;7.2361e-07;1.03706e-10;2.04773e-08;1.72338e-09;7.10139e-09;7.07899e-08;5.7237e-08;5.41021e-08;1.98539e-07;2.17267e-10;9.57179e-08;5.5958e-10;5.02305e-09;3.69491e-09;8.35349e-10;1.94468e-08;1.36682e-08;5.42646e-07;1.21091e-07;1.56426e-08;4.57711e-11;2.54213e-08;1.63363e-08;2.97351e-08;6.23415e-08;1.55556e-08;1.0819e-08;9.47943e-07;1.1338e-10;2.85089e-08;2.10532e-08;5.09941e-07;9.316e-10;8.2982e-08;8.83693e-09;2.71675e-09;3.97078e-09;1.41236e-08;3.35286e-09;3.46244e-09
5.5728e-07;3.07762e-08;1.70526e-07;5.44649e-09;2.1929e-09;4.09942e-09;2.58552e-09;4.21396e-08;3.40185e-08;5.07923e-08;1.93975e-08;4.17374e-08;1.36525e-07;6.11419e-09;4.43913e-09;4.25673e-09;2.98859e-08;6.75392e-09;5.13235e-07;2.16511e-07;2.86565e-08;6.57227e-08;1.02261e-08;2.94233e-08;1.71276e-07;5.71158e-07;8.08551e-08;1.10092e-09;3.67065e-09;1.7681e-07;9.98045e-09;3.57059e-10;1.13801e-09;5.9951e-08;5.45842e-10;4.33029e-09;2.21757e-08;6.43314e-09;1.84047e-10;5.35001e-10;2.08802e-10;2.41692e-08;2.78011e-07;1.21393e-07;1.77481e-09;2.50875e-08;5.56688e-09;2.21657e-08;6.20967e-08;9.44427e-08;7.25108e-10;1.67766e-08;1.78304e-07;1.76359e-08;6.37385e-09;2.62643e-08;9.3608e-09;2.89533e-08;1.3179e-08;3.87975e-08;3.46512e-09;9.11542e-07;1.30641e-08;9.73162e-09;5.89635e-09;7.88005e-09;4.20838e-09;1.46644e-08;1.0503e-08;5.963e-08;1.36466e-07;4.17666e-10;4.4843e-08;3.0595e-07;4.65126e-09;1.00151e-08;1.00342e-08;3.43185e-09;8.39961e-09;3.57949e-08;2.52072e-07;1.35487e-08;3.61653e-08;5.44861e-08;5.60102e-09;1.5699e-08;3.10805e-09;3.03207e-07;6.84103e-09;5.83782e-09;1.12909e-08;1.19397e-08;5.69964e-09;1.64744e-09;8.86819e-09;5.16842e-07;2.00586e-08;6.04043e-10;1.05457e-09;1.98476e-10;5.27592e-07;3.79119e-08;4.79151e-09;4.17239e-10;5.81334e-10;2.78321e-10;5.01871e-09;6.84301e-09;4.44116e-09;1.44988e-08;1.20325e-09;5.38598e-09;8.09276e-09;6.06769e-09;5.51091e-08;7.84775e-10;4.69361e-08;3.54498e-08;9.18964e-09;1.45485e-08;9.70459e-09;1.06881e-09;4.07507e-09;1.05567e-09;3.59338e-08;2.56584e-08;5.67387e-10;1.00567e-09;2.56731e-09;5.23333e-10;2.56652e-08;2.9336e-09;1.07085e-08;1.92456e-09;3.06855e-09;3.97551e-07;1.28198e-09;8.49975e-09;9.36169e-09;1.00187e-10;3.20354e-10;5.23933e-09;6.66146e-10;4.64621e-09;6.48723e-11;1.79802e-09;1.11218e-09;3.76584e-09;2.22932e-09;7.24111e-09;4.89634e-09;3.28328e-11;1.01409e-09;4.97986e-10;2.30072e-10;5.50321e-09;4.78075e-11;1.60862e-10;1.49679e-09;1.07658e-08;5.07575e-09;6.68945e-08;4.47915e-09;6.84436e-09;5.3021e-09;3.64289e-09;1.92902e-09;1.29589e-08;4.5017e-08;8.25724e-09;2.07654e-08;1.27114e-07;1.45712e-07;4.13822e-09;1.87271e-07;2.12396e-06;1.51648e-08;3.4511e-10;2.27986e-08;2.13544e-08;8.39813e-09;8.7644e-08;8.97229e-09;1.91885e-09;1.92084e-08;1.24249e-08;2.75919e-09;1.4914e-08;3.80457e-09;2.00584e-08;2.93762e-09;1.48231e-08;9.35348e-08;1.45656e-07;4.47029e-09;9.25391e-09;1.12826e-07;1.04722e-07;1.31889e-08;6.87149e-09;1.29663e-08;3.97736e-08;3.98527e-07;1.11018e-07;9.79839e-09;1.05572e-08;1.42125e-07;3.58777e-08;9.82623e-09;6.93921e-09;5.58268e-09;1.09445e-08;3.18179e-08;5.8841e-09;1.93525e-09;1.56531e-08;1.02815e-07;5.48016e-11;1.01436e-09;2.62207e-10;2.37203e-09;5.20694e-09;4.97223e-09;8.08422e-09;1.92133e-09;2.25127e-08;9.4826e-08;2.28564e-08;5.39548e-09;6.89336e-09;7.19863e-08;7.08666e-09;3.1409e-09;2.59337e-09;7.53646e-08;8.69044e-12;4.29955e-09;6.14398e-10;5.64097e-11;1.9946e-09;6.03586e-09;1.97682e-09;9.1371e-09;3.93991e-09;6.62463e-09;9.98755e-09;2.79418e-07;1.05021e-07;2.96489e-09;5.11643e-08;9.26551e-07;6.16911e-09;3.56296e-09;1.10036e-08;1.8906e-08;1.28175e-08;8.82472e-09;2.52318e-09;2.89385e-08;7.68214e-07;3.50182e-05;8.58446e-06;0.000114235;0.999559;5.70713e-05;0.000195824;6.60552e-08;4.1983e-08;1.60276e-06;4.80603e-06;9.84634e-07;4.39089e-06;6.69772e-12;1.2241e-10;6.15199e-08;6.00733e-09;9.37179e-10;7.89806e-09;1.50047e-08;8.52453e-08;3.59794e-09;6.75266e-09;3.41884e-09;5.52173e-11;1.80293e-09;2.78372e-08;1.08754e-08;3.57092e-10;2.60767e-08;1.65088e-08;5.99108e-09;5.93544e-10;1.31562e-09;1.19067e-09;7.57605e-09;3.44433e-09;3.80657e-09;5.15235e-11;7.02812e-09;1.15424e-08;9.00746e-09;5.26554e-11;2.98478e-08;5.84326e-09;1.26491e-08;9.58199e-11;2.14051e-09;5.85699e-10;7.46241e-09;1.55881e-08;2.34708e-10;2.29681e-09;5.14646e-09;4.93159e-08;5.26479e-08;1.02357e-06;5.2617e-08;1.37269e-09;7.23167e-08;9.02238e-07;1.69675e-08;2.7555e-08;7.97041e-08;6.63798e-09;1.66235e-09;1.04826e-08;1.60364e-09;2.08553e-09;3.2896e-09;1.81766e-09;6.15809e-09;1.44313e-08;4.2637e-09;4.91648e-10;1.61132e-08;9.3397e-10;2.12973e-08;1.92238e-08;5.00079e-09;1.22422e-08;3.7952e-11;2.56823e-10;2.24336e-09;1.55344e-10;4.12204e-09;2.66621e-08;2.29866e-08;3.35963e-09;3.15155e-09
9.37962e-12;2.44036e-11;7.51415e-11;1.45834e-11;1.84629e-11;7.9959e-11;1.35478e-12;4.64529e-12;1.4478e-10;1.38144e-10;3.54594e-13;4.25758e-12;4.15199e-12;7.52614e-12;2.78503e-11;1.69427e-11;4.42623e-10;7.96608e-12;1.95641e-11;1.40838e-11;2.94064e-12;4.74303e-13;5.53939e-12;1.39143e-12;4.98929e-11;1.30756e-12;1.79438e-12;3.53766e-10;5.6964e-13;4.70332e-11;5.32631e-11;1.97818e-10;1.25617e-12;4.47847e-12;3.89451e-13;8.91074e-12;2.94076e-11;8.78582e-12;4.36552e-14;4.10598e-10;6.04124e-12;3.38242e-10;2.21306e-09;4.89346e-11;1.89954e-10;1.62261e-10;1.6047e-12;2.76059e-13;4.81305e-11;2.50122e-11;8.09577e-14;1.00096e-11;3.73829e-12;2.35122e-10;1.97249e-12;1.23108e-11;3.38642e-12;7.84785e-12;3.46939e-11;2.76056e-10;2.74834e-11;1.16719e-10;4.77132e-11;3.83119e-11;4.15739e-12;6.92319e-11;4.95889e-11;1.41691e-11;6.76578e-12;1.84221e-09;1.05631e-10;3.44185e-11;8.80941e-11;7.2899e-13;1.21816e-11;8.7952e-12;2.03625e-11;6.4451e-12;4.38186e-11;1.67678e-11;3.86655e-11;4.6341e-13;1.17115e-10;3.3693e-10;6.33547e-13;4.58721e-11;3.19858e-13;2.2728e-11;1.57761e-11;1.23876e-11;4.75447e-12;5.50908e-11;7.53567e-12;9.66437e-12;3.70347e-10;1.58336e-11;3.67692e-12;1.33957e-12;1.08527e-11;4.76972e-13;4.90907e-11;9.06679e-12;2.13282e-12;1.60264e-12;1.85943e-14;4.34261e-14;1.21092e-13;1.2889e-11;6.13799e-12;1.28206e-14;6.7305e-13;4.99299e-13;5.31831e-12;1.70745e-11;1.7876e-11;2.30231e-12;2.56204e-10;3.85613e-12;2.96321e-12;9.59687e-11;1.8989e-11;1.00217e-11;8.24556e-12;1.27545e-13;4.85601e-09;5.08289e-11;8.54101e-14;1.09502e-12;5.08034e-13;3.07701e-11;1.73223e-12;1.94245e-11;3.41979e-11;1.14468e-11;3.67406e-11;9.36425e-12;4.67399e-12;1.6173e-10;4.99708e-10;8.83589e-10;1.31616e-11;7.82326e-12;1.26277e-10;1.15751e-11;1.57681e-10;1.20622e-10;9.99558e-12;6.97542e-12;6.32302e-12;1.50416e-10;4.51521e-11;5.12317e-10;4.26493e-13;2.71343e-13;2.87969e-12;5.76954e-12;1.20333e-10;4.37266e-11;4.41297e-12;7.44143e-12;8.16118e-12;7.49376e-11;2.86753e-10;1.16872e-09;4.04562e-11;6.05561e-11;1.16372e-11;1.05536e-10;5.12818e-11;1.64185e-11;3.61144e-12;8.92386e-11;1.42791e-11;1.87246e-12;6.23843e-12;6.86579e-12;3.14373e-12;4.5684e-12;2.38721e-11;3.55334e-11;8.54883e-12;3.46948e-10;3.89284e-11;6.13928e-11;4.40053e-11;3.30832e-12;3.56098e-12;3.53745e-11;1.86672e-10;3.5977e-11;4.60489e-11;1.15873e-11;2.0453e-10;2.94923e-10;3.3536e-10;9.02831e-10;1.21413e-11;9.60664e-11;3.62797e-09;5.1906e-10;6.33776e-11;8.03321e-13;2.56506e-11;5.92816e-12;2.55367e-12;8.67956e-13;5.61208e-12;3.19516e-12;3.2348e-12;3.98702e-11;2.02278e-12;2.77102e-11;1.24058e-11;1.59868e-11;1.34606e-11;1.81862e-10;8.73614e-10;5.11506e-10;4.92358e-09;4.22241e-11;1.49563e-12;1.13751e-11;2.94467e-11;8.63657e-11;6.1496e-12;2.94094e-12;1.74326e-10;1.02865e-10;7.48658e-11;3.63636e-10;7.7109e-11;6.47966e-12;5.16976e-12;1.68664e-10;3.20908e-11;1.82432e-12;3.03143e-11;1.20694e-10;1.75268e-11;1.25626e-11;2.2873e-11;2.74704e-10;9.43871e-11;2.52885e-10;1.31479e-11;5.87416e-13;5.08003e-11;5.07707e-12;2.69116e-12;5.28168e-11;1.11717e-10;1.43439e-12;4.41005e-12;7.05814e-11;4.68658e-11;2.50567e-10;2.64596e-11;3.29439e-11;3.42411e-11;2.26164e-12;2.5514e-10;4.8224e-11;1.03584e-07;3.04027e-14;5.57195e-11;1.40141e-12;8.28264e-12;2.37228e-11;3.03021e-10;9.56019e-12;4.59091e-11;5.2191e-12;5.69935e-17;1.29145e-14;2.25724e-11;3.22807e-13;1.4289e-11;4.48672e-13;2.85629e-14;1.16223e-13;9.82206e-11;1.29101e-09;3.27656e-11;6.89674e-13;3.83249e-11;8.42612e-11;2.12286e-09;4.91463e-11;1.50041e-06;6.13537e-08;3.92067e-06;8.94705e-07;1.35984e-07;0.999993;1.20445e-09;2.74353e-09;9.67567e-10;2.33524e-09;9.78919e-08;2.38831e-08;4.56041e-11;1.27071e-13;1.98109e-11;2.59376e-11;1.00424e-12;2.09499e-12;4.07629e-13;6.4241e-12;5.33598e-12;2.00517e-11;6.75737e-10;2.42844e-11;5.75393e-10;1.17212e-10;2.25516e-11;6.234e-10;2.22852e-10;1.62515e-12;9.64726e-10;1.12611e-11;2.77903e-11;1.32707e-11;5.38461e-11;2.00176e-12;6.96071e-13;5.38668e-10;2.17197e-11;2.75826e-13;8.84536e-12;3.45433e-13;1.09712e-12;4.17037e-11;3.13242e-11;1.03524e-13;1.17604e-11;2.61623e-11;1.73853e-10;8.47833e-10;7.29176e-12;3.19112e-11;4.05695e-13;1.51927e-11;4.0432e-11;9.00343e-12;1.05719e-12;2.76959e-10;6.4939e-11;1.37856e-12;9.14352e-12
2.89802e-11;1.66032e-12;3.70347e-12;5.66996e-13;1.27271e-11;9.78163e-12;8.0492e-12;3.59629e-10;4.68235e-12;7.06821e-12;1.2132e-09;2.33428e-12;3.88774e-13;2.87251e-12;7.46915e-12;1.78407e-09;1.17869e-10;2.52882e-12;2.35311e-11;3.9075e-12;2.43881e-11;1.80068e-13;1.02319e-12;3.21247e-12;5.37972e-13;1.44893e-09;1.66737e-12;2.61329e-12;2.22577e-14;6.21771e-12;1.4547e-11;1.02685e-10;2.74234e-12;4.07417e-10;1.07591e-13;6.24333e-13;1.35871e-12;5.68856e-13;4.40335e-15;2.69488e-14;4.90635e-13;1.87787e-12;3.24942e-12;1.73081e-12;2.71062e-13;1.63273e-11;7.54153e-12;2.78073e-13;3.83136e-12;1.90829e-12;4.24818e-11;5.50046e-14;4.01022e-11;3.20609e-11;5.74708e-15;3.13165e-12;4.16976e-12;2.84358e-13;5.94568e-13;3.02409e-12;4.82814e-13;5.44432e-12;8.34808e-11;7.31049e-13;4.63474e-13;6.33897e-13;4.05056e-12;3.04337e-12;3.86684e-13;2.32883e-11;3.87394e-12;3.0826e-13;4.19578e-11;2.18374e-13;1.46237e-14;5.75801e-13;1.68085e-12;1.11667e-12;9.3525e-13;9.87846e-12;3.33272e-12;1.3754e-13;2.29073e-11;2.04596e-12;6.96021e-11;5.13201e-12;1.99555e-10;2.91829e-13;7.83712e-12;1.45432e-12;3.70469e-13;1.82499e-12;1.42756e-12;1.16194e-10;9.07222e-11;1.78693e-10;4.59866e-12;2.57449e-12;2.38091e-12;1.48139e-15;7.25684e-13;1.47075e-12;5.66949e-13;6.04027e-13;6.07641e-10;1.94928e-12;6.5233e-14;1.3601e-12;2.26158e-12;1.13838e-14;2.906e-13;4.14976e-11;9.64493e-14;9.74038e-13;2.99356e-12;2.87566e-13;7.81024e-12;1.36379e-09;7.63549e-12;6.42103e-15;2.51934e-13;3.33876e-15;6.95827e-12;1.04337e-14;3.53307e-12;1.93402e-12;5.98196e-14;2.7007e-12;1.4659e-11;3.03e-14;5.84511e-13;2.41676e-12;3.23485e-12;2.8696e-15;3.19731e-13;1.42875e-12;1.19601e-13;8.99562e-12;2.74545e-12;2.30538e-11;8.44546e-11;1.0905e-10;5.57645e-12;3.40642e-13;2.1349e-12;2.8926e-12;5.96241e-11;1.92165e-12;1.20836e-12;1.89015e-11;2.14716e-12;4.83794e-10;1.41907e-11;1.42094e-12;2.0875e-13;9.38107e-13;6.60907e-12;4.54577e-12;1.1595e-11;1.20067e-12;1.38894e-12;4.83552e-12;8.25788e-10;2.8646e-12;1.916e-10;1.58489e-11;1.65952e-12;4.64908e-12;8.08101e-13;3.64343e-12;3.69871e-13;3.53926e-12;5.37038e-12;1.05472e-11;6.37643e-13;2.71916e-12;2.03044e-12;1.76422e-12;5.15667e-13;2.88113e-11;1.86743e-13;8.36283e-12;7.55084e-12;4.31481e-13;1.24058e-13;7.03606e-10;3.45269e-13;3.36984e-13;1.97665e-13;2.27222e-12;2.92124e-11;2.07091e-12;2.6244e-11;5.54537e-11;1.42206e-10;8.39558e-12;3.95502e-10;2.69395e-12;5.96347e-10;9.77454e-12;5.09706e-11;1.85834e-13;3.78279e-12;1.15446e-12;1.98399e-11;5.37892e-13;3.18708e-11;1.95821e-12;9.71607e-13;2.48068e-12;2.35953e-13;3.36166e-12;8.57017e-13;3.06463e-12;1.68587e-14;3.73589e-13;2.14218e-11;1.90626e-12;5.53465e-13;1.0611e-09;4.1944e-14;5.6351e-13;1.04241e-12;1.29697e-12;8.38467e-13;3.74194e-12;2.66292e-11;1.83205e-11;4.82439e-10;3.40354e-11;1.39349e-08;5.45226e-11;2.45432e-13;5.96874e-12;7.48219e-12;1.59291e-09;5.89551e-13;1.09311e-09;5.28428e-13;3.52937e-12;3.97426e-12;9.63173e-12;8.2917e-12;1.26913e-09;1.15951e-12;5.23975e-14;4.43772e-12;1.98665e-12;4.34857e-12;4.7303e-13;4.34029e-10;4.06433e-13;5.37873e-13;1.41494e-12;1.51341e-12;3.98175e-13;9.40784e-12;6.33227e-12;2.1623e-12;1.01954e-13;3.96467e-12;4.78724e-13;1.23315e-10;2.20414e-16;2.26381e-12;5.54766e-15;1.2761e-12;1.96968e-12;1.39508e-12;1.3499e-12;1.49722e-12;1.66052e-12;2.901e-16;1.82834e-14;8.92484e-13;4.57251e-13;5.14649e-11;3.70852e-11;6.38853e-11;2.42437e-11;1.54958e-12;4.67998e-12;3.49584e-12;2.85348e-15;2.04985e-12;3.1984e-11;1.85643e-12;7.99386e-15;3.71974e-11;9.28942e-11;1.00809e-11;8.93878e-13;5.14019e-10;3.85781e-10;2.04541e-13;1.1246e-12;4.35464e-12;7.27527e-13;2.1733e-12;1.35377e-11;2.50875e-12;6.08105e-14;6.1471e-12;4.57429e-13;1.51424e-12;7.67341e-13;2.92289e-13;6.22915e-10;6.36304e-13;1.73408e-12;8.99999e-18;4.83331e-14;2.68025e-10;1.59048e-11;3.25817e-13;7.826e-12;5.70292e-12;2.95537e-12;8.88083e-12;1.44074e-13;8.40442e-13;1.31817e-12;1.66228e-12;2.49804e-09;1.1853e-09;4.09486e-09;0.999994;3.41422e-08;4.0205e-06;1.95051e-06;3.33436e-11;1.34879e-09;2.55051e-10;2.14435e-09;9.69892e-10;1.4393e-08;1.7455e-11;5.13408e-13;6.2684e-13;2.21266e-11;5.28112e-11;2.41343e-13;1.5184e-10;1.79783e-12;1.55274e-14;9.52986e-11;1.138e-11;2.85471e-13;5.91743e-13
2.19154e-06;9.34577e-08;8.5171e-08;1.72193e-07;1.66954e-07;2.84701e-08;5.81254e-08;9.31322e-06;4.17752e-07;1.37869e-07;2.5019e-07;0.000152068;1.41632e-06;3.75395e-08;2.60491e-07;8.75565e-06;3.75577e-07;4.03639e-08;4.98468e-07;9.8035e-08;9.00909e-07;7.38633e-09;6.62306e-07;2.54269e-06;1.69224e-07;1.01347e-05;3.58676e-07;7.5778e-09;2.7248e-09;2.48392e-07;2.24288e-08;1.99828e-06;5.43324e-07;1.28786e-07;2.67314e-07;3.55275e-08;3.01884e-08;2.73497e-08;2.19166e-08;4.40126e-08;6.75744e-10;1.78897e-07;3.1601e-07;8.82111e-10;8.99828e-08;1.35747e-08;9.44853e-10;1.03021e-07;1.2888e-07;5.44649e-09;2.72583e-06;2.61453e-05;2.0603e-08;1.51272e-08;1.14605e-08;1.28157e-06;5.28289e-07;5.46172e-08;4.05717e-08;4.90096e-08;1.40344e-06;2.35631e-07;2.66858e-07;1.86477e-07;3.95929e-08;1.15224e-07;9.04637e-08;1.30024e-07;1.20005e-07;3.31283e-06;7.72411e-07;7.98528e-06;7.36423e-06;8.01174e-06;1.11412e-07;1.01185e-07;7.62467e-08;3.99475e-06;1.90841e-07;8.97657e-07;1.61963e-06;2.3528e-08;3.68231e-07;6.06445e-08;9.44665e-06;3.83176e-06;1.6446e-05;7.66717e-09;4.16046e-07;6.57918e-08;7.19108e-08;2.98024e-08;5.14934e-08;1.74224e-07;1.19219e-07;6.91295e-08;4.17493e-09;9.44339e-07;4.50728e-07;2.62677e-10;1.34416e-08;2.00899e-08;2.80977e-08;1.58384e-07;2.55637e-08;1.25313e-08;9.68252e-08;4.02359e-08;6.23945e-08;3.25927e-06;2.59549e-08;3.37403e-07;1.2259e-08;3.04273e-08;1.01799e-06;8.65851e-08;1.6892e-06;1.28109e-08;1.46961e-08;2.54533e-07;1.33669e-07;8.50164e-08;4.27456e-07;8.42774e-10;7.44383e-09;1.34302e-09;6.57404e-07;4.58585e-08;5.75319e-08;2.22226e-09;2.06557e-08;2.4039e-07;1.01755e-08;2.89924e-07;9.21668e-09;1.60596e-07;4.69202e-08;2.50227e-07;3.45888e-07;2.03706e-06;3.10909e-05;3.34369e-06;2.56146e-05;1.37354e-07;2.24957e-06;2.33093e-06;2.59235e-06;3.63259e-07;8.53431e-09;1.91374e-08;2.25337e-08;7.87522e-08;1.04883e-06;1.15332e-07;5.79796e-08;4.19876e-08;3.16869e-08;6.48644e-08;9.59281e-08;2.73468e-08;5.01677e-08;6.3863e-07;9.45231e-06;1.98549e-07;1.04817e-05;1.14684e-07;2.96746e-07;1.27263e-07;1.22943e-06;4.44709e-08;5.24207e-08;6.80084e-08;5.93597e-08;6.97108e-07;1.92478e-07;3.28147e-08;1.0282e-08;1.5557e-06;1.06716e-08;1.72791e-06;9.12403e-09;8.80495e-08;1.11797e-08;2.18069e-07;3.53695e-07;1.21887e-09;5.36828e-08;2.88856e-08;2.26777e-08;7.20008e-08;5.76309e-07;4.10421e-08;3.45881e-07;1.9695e-07;1.20361e-08;2.40787e-08;3.77875e-08;1.14155e-07;6.00278e-08;2.18907e-08;3.44315e-07;1.30647e-07;1.0124e-07;1.48515e-07;8.4638e-06;5.71133e-08;2.85787e-07;5.97386e-07;3.70715e-08;2.86606e-08;9.85105e-08;4.95169e-08;1.0179e-07;2.63506e-07;1.08548e-08;3.83702e-08;6.65096e-08;5.64774e-08;2.01855e-08;6.89619e-06;5.15562e-09;2.69272e-08;3.18562e-07;3.48104e-08;2.41596e-07;3.26853e-08;8.54363e-08;2.16474e-08;6.42285e-08;4.00308e-08;2.17318e-08;7.98018e-09;1.05379e-09;1.08115e-08;2.3376e-08;2.10998e-10;1.95732e-08;6.16863e-07;2.10773e-10;8.43501e-08;3.76122e-08;4.83727e-07;6.84796e-08;1.30546e-06;5.93785e-08;4.90206e-09;1.15449e-07;1.3288e-08;3.57231e-05;3.41561e-08;2.52635e-07;5.64839e-07;3.3011e-08;1.63304e-07;8.16592e-08;1.09233e-07;7.75579e-08;2.64914e-07;1.57492e-08;1.64603e-08;1.29134e-08;3.2217e-08;1.97238e-08;1.33575e-07;1.34247e-07;2.83151e-10;8.73404e-08;4.52806e-08;7.09106e-09;7.09312e-08;4.91772e-08;7.87196e-07;5.28934e-09;5.06586e-10;1.17318e-07;6.37475e-10;4.05104e-06;3.08129e-08;7.77406e-09;1.7293e-07;3.49819e-08;1.32237e-08;1.21009e-07;1.82469e-08;1.65974e-08;6.54495e-08;2.04395e-07;8.93011e-11;3.44051e-09;1.86415e-09;1.50787e-08;6.80752e-07;4.81765e-08;7.82075e-11;1.18403e-07;3.98302e-07;1.79711e-08;7.08768e-09;2.90462e-08;1.05276e-08;2.50333e-08;1.30979e-09;3.1403e-08;2.62819e-09;3.33766e-07;3.56343e-05;4.18567e-09;3.45283e-07;3.95842e-08;4.15058e-08;3.86874e-11;4.44361e-09;1.04063e-08;7.05615e-08;1.58971e-08;3.37493e-07;2.83648e-08;5.32759e-08;9.71502e-09;9.47068e-09;1.15669e-07;4.31829e-06;9.67026e-08;6.54523e-10;1.11397e-07;3.97357e-08;2.17222e-08;3.29201e-08;5.21104e-08;4.16339e-09;7.22144e-09;8.62919e-09;1.97997e-08;1.0997e-06;5.05723e-08;5.66367e-08;2.47729e-08;0.000426271;4.03078e-06;7.61744e-06;0.401523;0.556434;3.64632e-06;0.0408663;4.18629e-06;9.06057e-06;1.00909e-05;9.2537e-05;0.000103209
4.49039e-05;5.19095e-10;1.94685e-07;2.88351e-08;1.3546e-07;1.817e-09;1.65007e-10;4.08829e-07;2.35871e-08;2.15e-08;6.1266e-11;3.49593e-10;5.0669e-06;1.89019e-08;2.4843e-08;7.305e-05;4.76056e-08;4.59241e-09;2.32131e-05;1.5294e-08;1.78462e-10;9.81493e-08;3.71169e-08;6.51397e-07;7.29293e-09;2.76855e-08;7.75805e-07;2.56786e-08;1.8567e-10;1.10884e-08;1.18818e-09;6.60169e-09;4.44525e-11;2.69456e-09;1.17878e-05;7.93903e-08;1.29348e-08;4.21466e-09;1.07926e-07;1.29432e-07;2.35415e-09;9.2506e-10;6.61286e-09;4.10121e-09;1.27817e-08;1.55214e-08;1.40295e-10;4.27811e-09;1.28146e-08;2.41532e-10;6.34907e-09;3.58087e-12;1.25796e-09;9.78665e-09;4.32331e-08;1.27922e-07;1.39284e-07;2.13742e-09;2.12845e-08;2.77934e-08;2.72062e-08;3.43121e-10;8.76984e-09;1.18989e-07;7.45512e-09;7.2424e-08;9.59284e-09;1.5297e-08;1.4677e-09;1.10374e-09;3.95562e-09;8.75031e-10;3.14091e-10;5.06137e-08;1.87242e-07;7.52078e-09;9.21138e-09;6.95808e-08;9.38666e-09;3.74862e-08;8.9577e-09;1.55287e-10;1.13093e-09;6.60396e-10;8.03618e-10;4.80666e-10;7.24371e-08;1.38812e-07;8.78578e-08;9.42656e-09;2.51247e-08;1.55325e-07;1.90855e-08;1.97437e-09;7.57525e-10;2.04365e-09;9.8878e-07;2.18511e-06;7.01393e-08;0.000145161;0.000795778;9.0705e-05;0.00387358;0.000215145;0.00168808;0.979346;8.0738e-06;1.30399e-08;7.2831e-08;0.01335;6.45836e-05;0.000198555;1.82921e-06;2.70091e-08;1.7605e-07;8.83936e-09;4.48781e-10;3.47413e-09;7.91406e-08;5.57968e-07;1.80276e-08;1.75581e-08;1.78841e-07;2.34075e-10;6.3822e-11;1.72423e-11;8.50082e-09;2.05606e-11;1.61856e-09;2.9187e-06;6.6918e-08;1.28622e-07;3.58336e-08;6.58298e-08;5.33158e-10;6.26442e-09;3.38523e-09;6.07445e-08;1.02086e-07;1.38007e-08;2.99951e-09;3.73565e-08;1.50961e-08;3.73877e-07;2.08029e-07;7.9789e-09;5.99184e-07;5.49169e-07;9.96839e-10;1.64895e-10;1.8336e-08;1.77876e-08;3.03577e-10;1.23844e-09;1.33578e-07;1.29218e-08;2.02169e-08;5.042e-09;3.56575e-07;6.08888e-08;9.36258e-09;4.53487e-08;5.35419e-09;5.24564e-09;7.24719e-09;3.79169e-07;2.22108e-08;2.44951e-09;1.67195e-09;7.45745e-08;4.57766e-08;1.94548e-08;6.14522e-08;6.0955e-08;3.98447e-08;1.03819e-08;1.16037e-07;1.37951e-06;4.08031e-08;2.61412e-08;4.31623e-09;2.24214e-08;1.99407e-09;1.67416e-08;1.45396e-08;8.55857e-08;2.86862e-06;1.52928e-07;3.49636e-08;2.48573e-08;2.53308e-08;1.17496e-08;7.99227e-09;4.92933e-09;1.8684e-09;2.70064e-10;1.70589e-07;1.05287e-05;4.83147e-08;2.15729e-09;4.32493e-08;6.121e-08;9.03004e-08;1.60359e-07;3.1433e-07;2.04572e-07;1.34166e-08;2.68661e-05;1.13156e-07;1.76685e-08;3.12784e-08;5.16626e-09;7.57095e-08;6.55196e-08;8.39693e-09;4.44128e-08;2.29257e-09;1.93664e-07;5.95292e-11;3.54471e-09;9.28282e-08;1.25585e-08;1.36803e-07;4.394e-08;1.08363e-08;1.46826e-08;1.66297e-08;8.74174e-09;1.25349e-09;5.61771e-10;2.91481e-09;2.08716e-07;5.1541e-09;1.12193e-08;2.41431e-10;7.4858e-10;6.20822e-10;1.48393e-09;4.41008e-07;2.3944e-08;5.74835e-08;9.3877e-08;5.92384e-09;3.77611e-08;1.06006e-08;3.87912e-10;1.75807e-08;3.21653e-10;1.7043e-09;6.72745e-10;5.83475e-09;1.36461e-07;1.29374e-07;7.67481e-08;2.09734e-08;5.01596e-08;5.96252e-08;1.1879e-08;4.09188e-09;3.60598e-09;8.58091e-10;1.38115e-08;1.36462e-10;5.59558e-09;8.42347e-10;2.75948e-07;2.60941e-08;8.41524e-09;8.22165e-08;4.40381e-09;2.01214e-08;1.00489e-07;1.73041e-12;1.58544e-09;4.05122e-07;1.01949e-09;5.26975e-12;2.09288e-10;1.36665e-10;1.45131e-08;3.11971e-09;8.86061e-09;1.21274e-07;3.34596e-12;2.25145e-09;2.46746e-10;3.9386e-08;1.24748e-09;8.0987e-10;5.38191e-09;3.02522e-10;4.02346e-11;2.49436e-11;4.66697e-10;9.80903e-08;1.77162e-08;7.13053e-09;8.70383e-07;7.02481e-08;1.04786e-07;5.35255e-09;1.06194e-10;1.31322e-08;4.38914e-09;2.81477e-09;1.46976e-10;7.12109e-09;6.93896e-08;5.642e-08;2.21223e-08;1.34725e-09;2.31301e-08;3.06986e-09;2.01316e-08;6.30836e-10;6.14343e-10;3.89029e-09;2.25588e-08;9.06409e-13;1.73522e-09;5.73745e-08;2.30824e-07;1.00409e-07;5.37221e-08;1.39375e-07;1.47822e-08;6.6287e-11;4.35198e-11;1.08901e-09;6.87915e-09;5.02404e-09;1.76587e-08;1.46428e-08;3.7211e-07;1.40231e-08;7.6509e-08;1.81611e-08;8.20266e-10;1.41138e-08;1.22025e-07;4.84311e-10;2.01579e-11;2.5063e-08;1.06027e-08;1.94359e-09;3.27307e-08;2.02736e-08;8.41777e-08;8.26252e-08
1.76232e-06;2.23207e-07;1.52635e-06;4.01357e-08;3.29171e-06;7.37381e-05;1.63567e-08;1.54382e-06;6.87352e-06;2.27393e-06;2.54259e-06;3.67251e-07;1.57993e-07;1.99782e-06;1.72552e-06;1.17265e-06;1.73115e-05;2.27734e-07;1.17356e-06;3.43725e-06;6.72723e-06;3.52768e-07;1.16024e-05;7.43884e-06;3.4143e-06;2.98756e-06;5.42291e-06;1.99753e-06;1.5608e-08;6.78832e-08;4.25544e-09;6.24388e-08;1.48613e-07;4.00529e-09;7.29241e-09;1.71129e-07;3.00134e-07;2.0305e-07;3.22657e-06;2.92545e-06;1.71828e-07;2.30255e-07;3.6337e-05;3.11449e-07;7.28136e-07;6.31992e-06;1.43984e-08;2.81136e-07;1.43352e-06;3.63017e-07;2.90358e-07;3.36963e-07;8.25702e-08;1.756e-06;6.42235e-09;8.60205e-07;4.03258e-06;6.35007e-07;1.20297e-05;1.76452e-06;2.38566e-05;2.68976e-07;2.93939e-07;5.93696e-07;3.92462e-07;1.42391e-06;4.42946e-06;2.05033e-06;3.33848e-07;1.17656e-06;3.70085e-07;8.73017e-08;1.63005e-05;2.16736e-07;1.5488e-10;2.20098e-07;2.06627e-07;4.32414e-07;1.97912e-06;1.71524e-05;3.07543e-07;3.69199e-08;2.80857e-06;5.5092e-07;1.01535e-06;1.49843e-06;8.37371e-07;1.97863e-09;5.89222e-07;8.14698e-07;2.46609e-05;0.00123222;8.40706e-06;0.0662476;0.00237579;0.926898;3.49648e-05;0.000225039;0.00108118;1.4481e-08;3.34302e-06;1.15599e-07;1.34934e-08;1.26698e-07;1.5622e-06;3.61489e-08;2.56049e-08;2.68959e-07;3.31755e-07;1.44113e-06;1.16764e-05;8.47821e-06;8.55212e-07;1.6883e-06;1.12999e-06;4.33383e-05;5.97194e-08;2.47674e-08;1.00814e-08;3.22806e-08;8.97927e-07;2.60303e-06;6.40203e-07;4.87655e-08;1.2308e-06;1.65612e-07;2.0159e-05;8.08632e-07;1.74722e-07;1.3657e-09;7.62892e-07;3.01995e-06;1.21395e-06;1.00404e-08;3.49715e-07;4.48573e-08;5.5797e-06;2.87891e-05;6.32115e-06;8.44474e-05;3.97727e-05;3.05274e-06;5.63794e-09;9.67352e-07;2.18636e-06;1.90702e-06;0.000114704;9.20791e-07;1.4688e-06;3.7334e-05;2.31809e-06;1.575e-06;9.54562e-06;5.20353e-06;2.49395e-09;3.92631e-07;2.14641e-08;2.9509e-06;2.35835e-06;2.39609e-06;2.81108e-07;7.45059e-06;4.66004e-07;2.61661e-05;1.15187e-05;1.00119e-07;2.5907e-07;2.56519e-07;2.67781e-06;4.73472e-06;1.53835e-06;1.2759e-06;2.91598e-06;5.94794e-07;2.97427e-06;3.40231e-06;1.42058e-08;1.38202e-06;2.7537e-06;1.70865e-05;8.34405e-07;5.74247e-06;2.8969e-06;8.0927e-05;6.09461e-06;1.23036e-06;1.65066e-06;8.60804e-06;1.40679e-05;2.06799e-05;2.64625e-06;1.18854e-06;1.82634e-06;1.17343e-07;1.56746e-05;6.28662e-07;4.39664e-05;5.03504e-07;9.48325e-07;1.16895e-06;3.12011e-06;4.28199e-06;2.01934e-05;1.40764e-06;0.00012198;0.000359332;7.74075e-06;2.90378e-06;3.64384e-06;1.16507e-06;2.90436e-07;3.17345e-06;1.7048e-05;1.4469e-06;3.79879e-06;7.12158e-06;4.05518e-07;1.70287e-05;1.95682e-06;5.92012e-09;7.11739e-10;3.71295e-07;1.01666e-05;2.07902e-05;2.93634e-07;5.59821e-07;6.77604e-06;3.3615e-06;1.89928e-08;4.09638e-06;1.97526e-05;1.89418e-08;3.95036e-08;2.02082e-07;5.2096e-08;1.8647e-08;2.30603e-06;1.2966e-09;1.61207e-07;3.27235e-07;1.86306e-06;2.00561e-06;1.86072e-06;2.69756e-06;1.12639e-06;5.20333e-07;1.32852e-05;2.04072e-07;9.16463e-07;1.23249e-06;1.98399e-08;1.35519e-07;3.8329e-07;3.06692e-07;2.6425e-06;1.83792e-06;9.42631e-06;1.28606e-07;3.45196e-07;4.31561e-08;4.32595e-07;1.32028e-06;7.94511e-08;4.89437e-06;6.80278e-09;3.31447e-09;5.68619e-07;2.06848e-07;2.98523e-07;7.86331e-06;4.99448e-06;9.12533e-06;1.35026e-07;2.0095e-08;6.99512e-07;5.12272e-08;1.61202e-06;1.79015e-06;9.18805e-07;6.05413e-11;9.13285e-08;2.0898e-06;1.45782e-07;8.2879e-11;4.16876e-08;1.01438e-06;5.29358e-07;2.29254e-07;4.84266e-08;1.87782e-07;6.20516e-06;1.19937e-08;1.40667e-08;5.7758e-11;1.54415e-07;2.03699e-06;1.0764e-06;6.78351e-08;6.13703e-07;6.28289e-07;1.8893e-07;5.7779e-08;5.18595e-07;3.28731e-07;4.49234e-06;9.4598e-08;1.17536e-08;1.03866e-09;2.68179e-07;1.14178e-05;3.52953e-10;2.14353e-07;3.23381e-10;4.45359e-07;3.07092e-07;1.43608e-06;3.60818e-07;9.18803e-09;3.79604e-10;2.29671e-08;4.40443e-09;3.09439e-07;4.28865e-06;1.52547e-10;4.23285e-09;1.62237e-07;1.34818e-10;5.32148e-09;9.9955e-09;4.878e-11;9.33899e-08;6.2235e-06;2.16287e-06;5.83128e-08;5.98753e-07;9.10594e-07;7.47381e-06;1.14007e-06;3.43726e-07;6.14755e-06;4.8917e-08;4.17385e-10;9.12597e-07;1.07627e-09;2.64423e-08;1.62028e-06;4.55049e-07;2.09449e-06;9.14886e-07
3.77485e-08;2.86166e-10;1.33117e-08;1.13172e-10;7.20641e-08;3.65859e-07;5.24136e-11;4.28483e-09;1.27458e-08;1.36967e-08;4.2517e-10;4.4251e-09;2.2988e-08;1.93858e-08;2.57401e-08;9.93206e-09;7.29354e-08;6.48032e-09;1.88205e-08;1.76328e-08;4.5086e-09;3.15755e-09;3.60937e-09;2.23242e-08;2.79908e-07;1.79195e-09;1.5201e-08;1.4699e-09;2.94361e-10;9.49578e-11;4.0742e-11;3.91485e-10;6.62022e-08;1.23437e-09;2.95184e-09;2.21298e-08;8.26202e-09;6.0554e-09;1.15134e-06;1.17642e-06;6.07658e-10;1.6815e-09;1.49959e-06;7.37635e-09;1.86263e-09;1.97596e-06;1.05433e-08;4.8927e-10;1.42904e-10;1.52588e-11;1.57319e-08;1.294e-08;8.3804e-08;1.98519e-07;8.06864e-11;2.00813e-08;2.95235e-09;8.50877e-09;2.07912e-08;9.55839e-09;2.43021e-08;9.97592e-08;2.08378e-08;3.33822e-08;4.45105e-09;1.38397e-08;1.11183e-08;2.78543e-08;1.43269e-09;2.11013e-08;2.22468e-09;6.76065e-09;2.57898e-07;2.81765e-08;1.53177e-09;6.57058e-09;3.71264e-09;2.21005e-07;3.31148e-09;6.86399e-09;1.74212e-08;3.97512e-10;1.96457e-09;2.34332e-10;6.3277e-10;6.2752e-07;7.34507e-11;2.65079e-08;1.70458e-08;5.47864e-09;1.378e-08;1.67443e-08;2.44316e-08;7.71695e-11;4.59662e-09;2.34052e-10;2.03547e-10;1.10211e-08;3.26111e-08;6.27803e-11;1.19517e-09;6.55629e-10;1.56673e-09;5.43281e-06;3.53643e-08;4.86166e-08;2.4017e-09;4.14685e-09;6.17148e-09;5.99901e-08;2.0548e-07;1.20188e-08;1.19464e-08;1.61528e-08;1.28878e-07;3.23674e-09;8.87454e-08;1.99893e-07;1.27152e-06;2.94758e-07;4.02185e-08;2.39849e-08;8.57367e-08;4.8798e-10;7.00174e-10;3.35776e-10;1.17743e-08;3.19225e-06;1.69709e-08;1.19922e-06;4.74018e-09;1.61014e-08;5.72562e-09;2.46931e-08;4.66818e-08;3.5581e-09;6.18301e-09;4.46059e-08;1.8416e-09;2.89182e-09;3.08871e-09;1.37494e-09;1.02022e-08;1.33198e-08;2.16727e-09;4.519e-08;1.63822e-09;1.61404e-07;1.52313e-08;1.95866e-08;1.91716e-09;1.55588e-09;1.36628e-08;1.064e-07;2.89544e-08;7.82403e-09;1.17035e-08;3.34301e-07;6.68555e-08;7.89112e-08;5.82643e-09;4.61048e-08;2.43663e-07;2.77387e-06;1.51832e-07;9.25742e-07;4.29729e-07;2.26861e-08;2.97264e-08;1.33213e-08;3.05698e-08;1.5495e-08;6.3398e-09;2.36726e-10;2.14238e-07;2.30355e-08;3.63659e-09;9.40823e-10;1.7776e-08;5.05672e-09;5.94404e-09;1.43093e-07;1.3442e-09;7.33279e-08;1.95882e-05;4.35176e-08;3.60577e-08;1.29084e-08;1.57407e-08;1.39861e-08;1.3924e-08;5.58473e-10;5.8993e-10;6.4681e-10;4.25062e-10;1.05141e-07;5.09305e-11;9.28867e-09;1.52709e-09;2.0304e-09;7.20778e-09;9.08764e-09;4.70028e-08;7.0556e-09;4.03595e-09;1.82212e-06;2.80294e-08;5.18194e-07;8.14172e-09;4.93693e-09;1.80081e-08;6.25754e-09;8.61998e-09;8.71744e-09;4.52752e-09;1.70498e-09;9.70613e-09;4.84416e-11;1.11747e-06;6.85918e-09;6.87968e-07;1.71355e-08;2.30749e-08;8.26842e-09;9.32255e-09;2.33648e-09;1.84847e-09;1.80985e-09;5.96117e-10;2.58448e-08;1.70703e-09;8.79419e-10;3.75993e-09;4.15379e-09;1.15476e-09;1.11582e-10;4.75102e-07;5.36153e-09;4.55924e-08;1.22947e-08;1.36352e-08;2.2324e-08;3.52736e-09;6.13781e-10;1.53825e-08;5.37666e-09;1.26406e-08;1.58426e-09;1.28508e-09;4.11681e-09;2.53107e-09;5.52981e-07;3.14585e-09;1.96194e-09;6.46721e-09;1.66565e-08;1.73877e-08;9.17645e-10;7.0674e-09;1.12427e-09;1.70777e-09;1.85776e-08;7.72837e-11;3.12051e-09;1.56867e-10;9.92444e-09;5.96028e-09;1.34341e-08;3.08371e-08;1.13469e-08;1.84889e-08;1.48261e-07;1.65793e-08;1.20416e-05;0.000180267;4.96194e-05;0.0911941;0.857268;0.0261617;0.0247673;6.03176e-07;3.86737e-06;3.78002e-06;0.000199147;8.54193e-05;1.05427e-05;1.24531e-08;8.16225e-09;7.28878e-10;4.97983e-11;3.70447e-09;1.00162e-08;2.67131e-08;1.14981e-09;5.49287e-09;5.12622e-08;8.48948e-09;1.31451e-08;8.31281e-08;6.83076e-08;3.09152e-09;3.371e-12;3.39352e-10;6.02932e-11;2.23563e-09;1.32507e-08;2.4026e-08;2.08111e-07;3.27347e-08;1.54545e-08;1.5795e-07;2.96741e-08;1.34826e-09;3.3458e-08;4.11247e-08;1.58844e-08;7.74563e-09;1.36723e-10;3.09362e-09;5.26522e-06;2.49018e-09;9.06045e-08;5.3157e-08;8.74597e-09;2.62442e-09;2.63225e-09;5.77038e-12;2.88311e-09;1.68552e-10;2.67133e-07;7.8555e-09;8.20441e-09;3.84409e-09;6.24535e-07;1.26542e-08;2.63368e-08;2.79719e-06;6.94819e-08;2.23588e-09;1.76664e-08;4.34987e-09;1.01679e-11;3.78643e-09;1.51531e-08;4.60141e-11;5.99681e-10;6.26019e-10;6.97776e-08;3.67487e-08
5.65074e-07;3.59178e-08;6.28873e-07;1.11822e-08;7.95611e-09;8.44407e-08;2.98273e-09;5.37286e-07;4.90914e-07;2.34031e-07;5.077e-08;6.57797e-05;4.03255e-09;9.01608e-08;1.04003e-07;3.29835e-09;1.82273e-07;1.9704e-08;3.48168e-08;2.5272e-07;1.75974e-08;7.79932e-09;2.12576e-08;4.41997e-08;9.52544e-07;1.34658e-07;1.66662e-08;1.07665e-07;3.7738e-10;1.29506e-08;7.11325e-09;1.43177e-09;1.07179e-08;3.50993e-08;4.67418e-10;1.33303e-08;1.45658e-08;2.12991e-08;6.22322e-10;9.76738e-10;2.05429e-11;3.65834e-08;4.3198e-06;8.04682e-08;1.31714e-07;8.48063e-08;3.12146e-08;7.90037e-09;6.07379e-07;8.4158e-08;5.40486e-08;3.30181e-05;1.26269e-07;3.37286e-08;8.18366e-11;1.57045e-07;4.37881e-09;1.38363e-08;9.61899e-08;1.74066e-07;2.18097e-08;2.84586e-06;1.21889e-08;2.26137e-08;1.16817e-08;9.20685e-09;2.13467e-08;9.07212e-08;1.45003e-07;7.12105e-07;3.77099e-07;5.63941e-05;4.7894e-07;5.33554e-09;2.0225e-09;3.50702e-08;1.85105e-08;4.4766e-08;1.11502e-07;7.13109e-08;3.17629e-07;2.21673e-09;1.09176e-07;3.60747e-08;8.08801e-08;1.90479e-08;3.43969e-10;2.11702e-10;8.82973e-09;1.28094e-08;1.45662e-08;2.00472e-08;1.90554e-08;5.31902e-10;1.37353e-07;1.4924e-09;1.30497e-09;2.27547e-09;6.53465e-09;6.23201e-09;7.57613e-07;5.16741e-08;2.11554e-08;3.1781e-07;5.43879e-09;4.61336e-08;8.10951e-09;1.80505e-08;1.82269e-08;2.57671e-09;1.7422e-08;3.52803e-08;1.43175e-08;1.8329e-08;1.09368e-07;8.28256e-09;3.80552e-07;3.46892e-08;4.13798e-07;2.50914e-06;1.16982e-07;8.83199e-08;2.72541e-08;2.02819e-09;3.22112e-07;1.60488e-07;6.36383e-08;2.56656e-05;8.65561e-10;1.06888e-09;1.4036e-08;1.37179e-07;4.51686e-08;7.77512e-09;1.51973e-09;5.77397e-09;1.20485e-08;1.43443e-07;4.77586e-08;2.06518e-09;1.02349e-08;1.79664e-10;3.47311e-09;6.6992e-09;2.01649e-09;8.17139e-08;1.14851e-09;1.24659e-08;4.79958e-09;2.32964e-08;1.4965e-08;9.01396e-09;1.30956e-08;1.48935e-11;1.48691e-09;9.23447e-09;3.04662e-10;3.56055e-09;1.14874e-09;2.46276e-08;1.94954e-08;2.25192e-07;1.30556e-07;3.05063e-07;5.40547e-09;9.79204e-10;1.30094e-08;1.3556e-08;1.94991e-08;2.64988e-08;7.19578e-08;1.46121e-06;1.06647e-07;1.73023e-07;9.44983e-06;5.9281e-08;7.44577e-09;5.53332e-09;1.34607e-07;5.13013e-08;4.81822e-09;8.85803e-08;2.09885e-08;3.42616e-08;2.77057e-07;6.51436e-09;3.64154e-10;4.8619e-09;4.27211e-08;1.66693e-08;1.96556e-08;1.32082e-08;1.06914e-07;2.59876e-07;1.50885e-08;4.96781e-07;9.98142e-10;4.40047e-08;1.6742e-09;5.03934e-09;3.17122e-09;4.50376e-08;3.28597e-07;7.8266e-08;2.03806e-08;7.90404e-08;4.63388e-08;9.59385e-08;3.90504e-09;6.58227e-08;1.73937e-08;1.89944e-08;2.15054e-07;1.62735e-08;1.50627e-09;1.75416e-08;2.29897e-08;1.1954e-09;1.09995e-07;1.5021e-08;1.37089e-09;2.93063e-08;1.52996e-08;3.41214e-08;1.28344e-08;7.89513e-09;7.75368e-08;5.24261e-08;1.38795e-08;1.28014e-07;3.46219e-08;2.28686e-10;1.5363e-07;8.99944e-07;3.3231e-07;1.18483e-08;3.15431e-07;3.88987e-08;2.07173e-09;8.35265e-09;5.10752e-08;9.36777e-10;5.01043e-08;1.59121e-08;3.26991e-08;1.04855e-07;6.21274e-07;1.80867e-07;7.52286e-09;1.10077e-06;1.20059e-08;2.36218e-09;2.18369e-09;1.35528e-08;2.45256e-08;1.24239e-08;4.13612e-08;2.78578e-09;5.2937e-08;7.33844e-07;2.47944e-06;1.56494e-05;0.00824819;0.991175;1.12132e-05;6.79352e-06;1.73596e-07;5.42093e-08;8.72652e-06;1.14309e-06;1.66706e-06;9.44117e-06;5.16143e-11;1.03393e-08;3.27632e-07;7.7358e-07;7.53674e-07;2.88968e-07;3.09726e-07;1.59907e-07;4.52856e-09;1.18314e-07;4.45078e-08;3.66056e-10;5.39701e-08;9.02571e-09;6.75354e-08;3.38566e-09;7.79607e-07;3.18849e-08;6.94175e-09;2.85305e-07;2.92681e-08;2.33164e-08;8.81058e-09;5.678e-08;5.13416e-08;1.70161e-09;3.65483e-09;5.78594e-09;1.29078e-08;1.40145e-11;2.7358e-08;5.8825e-10;5.40745e-07;1.03743e-08;1.0436e-10;5.71156e-09;1.6952e-08;1.84363e-08;3.33071e-07;1.76525e-08;1.58097e-09;2.82405e-07;1.38761e-07;5.89792e-06;4.95422e-07;9.56008e-08;0.000281114;2.27493e-07;1.83363e-07;9.24654e-07;4.38672e-07;9.99977e-08;1.08441e-08;5.84687e-08;8.55135e-10;7.18404e-09;1.05774e-09;3.78154e-09;2.53517e-08;1.5767e-07;3.43171e-08;2.51186e-09;3.74767e-08;2.72437e-08;2.39417e-07;2.21532e-07;5.45771e-09;1.04398e-07;9.30209e-09;5.20986e-09;2.64692e-09;4.57337e-10;5.56006e-09;1.02127e-07;5.33521e-08;1.29232e-07;1.31169e-08
1.49525e-09;4.90419e-10;2.11929e-09;5.0758e-10;1.46646e-09;1.32293e-08;2.0358e-10;1.19004e-08;1.61376e-08;2.75677e-08;2.01363e-08;1.16514e-06;2.04048e-08;6.55103e-09;9.81609e-09;2.08138e-08;1.00738e-07;4.49968e-09;1.8506e-08;8.43046e-10;1.50494e-09;5.06909e-11;2.26434e-09;2.96898e-09;7.38e-09;2.92438e-09;3.38366e-09;7.54393e-09;4.04792e-11;1.21555e-09;4.51841e-10;5.50565e-09;3.33044e-10;9.23735e-10;7.01464e-09;1.41128e-09;2.54079e-09;3.16453e-09;9.6765e-09;6.59164e-08;2.27212e-10;6.06041e-09;7.72177e-08;7.28857e-10;4.6391e-08;2.34017e-09;2.29243e-10;8.46567e-11;9.31655e-09;9.32525e-09;3.58773e-09;7.96734e-10;4.5291e-10;4.99561e-07;7.72802e-10;8.72752e-09;3.93423e-09;1.72609e-09;1.02331e-08;7.69309e-09;4.11419e-09;9.96317e-09;9.25077e-09;1.37728e-08;2.38725e-09;5.31157e-09;1.96712e-08;3.44492e-09;1.13146e-08;2.87296e-07;5.71222e-08;7.08644e-06;1.73786e-07;2.03647e-08;6.16134e-08;7.14362e-09;6.38487e-09;1.90267e-07;4.98969e-08;1.77072e-08;2.05044e-08;2.97662e-10;3.07381e-08;8.99538e-09;4.2861e-09;4.7201e-07;1.17128e-08;2.07785e-10;2.09078e-09;3.92834e-09;6.42288e-10;6.74632e-09;7.19459e-09;7.39659e-10;4.62688e-07;1.516e-08;5.32343e-09;3.72605e-09;6.82279e-09;1.38435e-10;3.72806e-09;3.05698e-09;6.55313e-08;2.7055e-09;7.87005e-11;7.683e-09;1.06117e-09;3.35759e-09;3.83614e-09;4.85078e-10;1.86475e-09;1.88824e-08;7.6265e-10;8.32212e-09;6.13363e-09;2.68629e-09;5.19283e-08;8.59292e-09;3.09649e-09;1.11461e-07;2.08003e-08;2.8995e-09;3.07881e-08;3.49104e-11;1.65644e-08;1.7458e-09;6.96371e-10;2.13996e-06;5.90607e-12;9.00854e-08;7.38864e-10;1.26083e-08;5.19145e-09;1.21013e-08;5.47831e-10;4.68703e-10;1.35802e-09;5.07332e-08;2.55416e-08;1.86766e-07;4.62711e-08;2.65962e-09;2.52335e-08;1.76211e-09;1.36066e-07;7.64586e-08;2.51467e-08;2.15472e-09;3.22715e-10;1.37924e-08;9.70943e-10;2.84269e-08;1.70591e-08;5.90528e-12;3.14751e-10;2.04385e-09;1.69539e-10;5.17732e-09;1.04456e-09;5.16905e-10;3.18993e-09;6.37121e-09;5.33714e-09;1.71763e-07;2.61096e-09;1.9818e-09;4.20875e-10;1.392e-08;4.16406e-09;9.65308e-09;3.87797e-09;1.50488e-08;5.52382e-09;1.94431e-08;2.89219e-08;5.72105e-10;2.12003e-10;1.17059e-08;2.78241e-08;7.8574e-09;1.8355e-10;1.61538e-08;3.74831e-09;1.50539e-09;2.58128e-08;3.99885e-09;2.88985e-09;3.48189e-08;2.11281e-08;1.74942e-08;1.38072e-08;2.18831e-10;5.24361e-09;9.49829e-09;6.29161e-09;3.90084e-08;1.84599e-10;7.97691e-10;1.78951e-08;2.13615e-08;3.3245e-08;3.2144e-10;5.93229e-09;1.28025e-09;7.13278e-10;2.71225e-09;3.35098e-09;1.64168e-09;4.17486e-10;8.89296e-09;5.19548e-10;8.84534e-09;1.37527e-09;1.05269e-08;8.94163e-10;6.35244e-09;1.31661e-08;2.71193e-08;2.95959e-07;1.16401e-07;1.23956e-10;3.56097e-09;7.80172e-09;6.93158e-09;6.89975e-09;1.20929e-09;1.1571e-08;1.65388e-08;1.10339e-08;5.55133e-07;6.14343e-08;1.10307e-10;1.59737e-09;2.80431e-08;4.65162e-09;6.46849e-09;2.41093e-08;3.11006e-08;8.5899e-08;5.88425e-09;5.28819e-09;3.96357e-09;5.98842e-09;3.91257e-09;5.75522e-09;1.1376e-09;3.72602e-08;6.36618e-09;9.48069e-09;2.38079e-06;1.99242e-08;2.01757e-08;1.73868e-09;1.43928e-08;7.72676e-09;9.78986e-09;2.05459e-08;8.72354e-09;5.05219e-09;1.40258e-09;8.60676e-09;1.74817e-09;2.38196e-06;1.86458e-09;9.07472e-08;1.10348e-09;3.11672e-09;2.51744e-09;1.21443e-08;1.14069e-08;8.55947e-09;3.25764e-08;4.73177e-11;1.32605e-11;4.59782e-09;1.2477e-09;6.18961e-11;7.20838e-10;5.53359e-07;1.24367e-08;2.47204e-09;7.08231e-08;4.3614e-09;3.61437e-09;9.07599e-08;1.00546e-08;3.48208e-06;1.26934e-08;0.000420565;5.29065e-06;0.014641;0.00999967;0.0021854;0.9727;3.57622e-07;1.23637e-06;3.01318e-07;7.73282e-06;6.27603e-06;3.66564e-06;3.7518e-09;6.71904e-12;1.13079e-09;3.79842e-10;3.20955e-07;5.70496e-10;5.3453e-10;2.07283e-08;1.49926e-09;5.3404e-09;6.23758e-09;9.47652e-09;6.47043e-09;2.12346e-08;1.74372e-09;6.45766e-09;5.4916e-09;8.65463e-09;1.4834e-06;1.04665e-09;1.72656e-08;1.10436e-08;5.06682e-09;4.02976e-08;1.56892e-09;3.23327e-08;1.96605e-08;5.96224e-10;3.34693e-09;7.88769e-11;1.12549e-09;4.64426e-09;3.85037e-09;1.54709e-09;2.14641e-09;4.96405e-09;1.41417e-08;1.91333e-07;4.12472e-10;2.37379e-09;1.07867e-09;4.46607e-10;9.58072e-10;1.07907e-08;5.8129e-10;1.64396e-08;5.20376e-09;4.59723e-09;2.15083e-09
5.12633e-09;6.52909e-09;7.7979e-10;1.38445e-10;2.40562e-09;1.20171e-09;9.8911e-11;8.13934e-07;6.6186e-09;1.45108e-08;7.39409e-08;3.42183e-07;2.29545e-08;8.09333e-09;3.47692e-09;8.35725e-08;7.37874e-09;6.37844e-09;2.14628e-10;1.85269e-09;1.58878e-06;1.96246e-09;2.99623e-09;8.40781e-08;1.89654e-09;4.75393e-09;4.60102e-08;2.0303e-09;4.01954e-10;5.80665e-10;7.05606e-11;5.86544e-07;1.35149e-08;2.95352e-08;1.62056e-08;2.52108e-08;2.53659e-09;5.00983e-09;1.40003e-06;3.2577e-07;3.27163e-10;1.33931e-09;3.84574e-07;4.24125e-09;5.98969e-09;1.65966e-08;4.67646e-10;2.10479e-08;2.63318e-09;5.01481e-10;9.28224e-07;2.42757e-08;3.14417e-09;1.70747e-09;2.23568e-08;1.05335e-07;1.56936e-07;4.14816e-08;6.36592e-09;9.48373e-09;8.27121e-08;4.85847e-08;2.29304e-08;3.36873e-07;6.64755e-09;3.67647e-07;4.11051e-08;2.12066e-08;4.80794e-06;1.15903e-06;1.31548e-06;0.997646;0.00178179;0.000290347;5.57304e-05;2.87569e-08;1.8408e-08;0.000159525;6.65921e-07;2.00575e-05;1.51719e-08;3.20858e-08;2.12012e-08;3.98391e-09;2.45704e-08;9.71502e-07;2.55982e-08;1.19029e-09;2.89548e-08;5.11235e-09;9.72513e-09;6.22533e-09;9.04474e-09;1.33386e-08;5.36228e-08;3.81273e-09;4.89691e-10;9.6732e-09;2.02502e-08;9.81552e-11;1.71156e-10;1.51541e-10;1.57632e-08;5.35022e-09;2.72523e-11;3.62127e-09;1.02153e-07;7.39391e-09;2.15345e-09;1.64178e-08;9.69987e-09;1.2022e-09;2.61829e-09;5.91525e-09;1.01886e-09;1.28112e-09;2.90656e-09;1.21371e-09;2.70529e-11;4.04348e-08;4.11499e-08;2.10006e-09;2.97207e-08;1.14762e-09;3.20267e-10;2.6637e-11;1.81687e-08;1.03696e-06;5.6436e-10;2.53023e-08;1.17815e-08;5.40763e-08;8.07539e-09;1.72277e-08;3.58094e-08;5.90747e-10;1.72921e-08;5.21896e-09;2.93141e-09;8.62659e-08;2.16533e-07;1.45661e-09;6.32381e-08;4.23731e-08;1.13846e-07;1.88838e-08;1.04827e-07;8.16025e-09;9.19176e-09;1.36459e-09;3.1422e-10;6.89092e-09;3.67256e-06;7.74088e-11;1.93743e-11;3.11607e-09;3.49842e-09;6.24922e-08;1.18353e-09;6.77085e-09;3.26763e-09;4.9738e-09;4.68652e-08;9.93702e-08;1.14392e-07;2.40543e-09;8.7521e-09;1.93107e-08;7.37066e-09;1.04098e-08;1.99396e-08;3.55781e-09;9.75102e-10;2.06363e-06;5.04757e-09;1.95287e-09;1.33831e-08;3.32381e-07;1.35928e-08;2.1785e-08;2.48574e-09;2.24143e-09;7.16489e-10;2.5064e-09;1.19992e-07;3.47562e-09;1.7355e-09;5.96951e-08;1.68259e-08;1.91945e-08;2.17041e-08;2.38976e-09;9.16669e-10;1.36961e-10;9.10757e-10;3.21945e-09;3.70994e-10;4.69283e-09;9.25408e-09;3.03687e-09;5.56258e-08;1.14271e-08;3.65454e-09;3.86922e-09;1.30713e-07;3.39131e-08;1.08337e-08;9.77781e-10;2.94553e-08;2.21485e-09;2.00725e-08;3.24988e-08;7.19993e-09;5.12682e-08;1.54649e-08;7.81122e-10;3.40053e-10;6.28937e-06;3.00479e-09;4.35865e-08;3.70934e-08;1.64254e-08;2.70512e-08;9.81536e-09;2.00315e-08;1.91232e-08;7.74002e-09;4.46978e-09;1.65668e-07;4.99914e-08;1.76305e-08;1.39431e-09;7.43763e-10;4.36407e-11;1.13872e-10;3.25409e-11;4.40964e-10;1.68515e-10;7.82516e-09;1.66848e-08;2.89208e-09;4.10509e-10;1.71161e-09;1.20762e-10;2.90696e-09;1.62367e-09;1.15397e-09;7.59566e-11;8.46711e-08;1.69828e-09;4.69934e-09;8.62608e-09;2.51844e-08;6.37948e-09;3.45315e-09;2.3643e-08;4.12975e-09;1.20127e-09;2.69215e-09;1.74502e-08;5.84313e-09;1.82548e-09;3.04593e-08;2.17659e-07;7.05748e-08;3.05639e-10;1.36985e-08;9.33966e-09;1.49633e-09;8.73748e-06;1.87602e-08;8.21832e-08;1.86348e-08;1.87924e-09;1.41933e-09;2.18921e-09;3.1341e-08;5.14324e-07;2.67393e-09;3.54277e-11;2.73123e-08;7.42662e-09;1.11066e-09;2.80546e-08;7.97146e-07;2.68152e-09;6.69139e-09;1.77275e-10;1.66759e-09;6.31569e-11;1.85707e-06;3.67339e-10;1.68031e-07;2.15544e-11;6.06208e-08;2.9935e-08;2.73978e-09;4.04047e-08;2.12636e-08;8.49153e-10;5.57126e-09;1.05522e-10;2.25749e-10;3.27294e-11;1.47537e-08;1.59189e-09;5.41419e-09;5.5826e-09;5.20438e-08;2.50441e-09;5.69907e-11;1.82034e-09;2.00558e-08;3.51468e-09;2.16e-08;3.00156e-10;2.56101e-09;4.15738e-07;8.75277e-08;6.02088e-11;1.82154e-08;1.32958e-07;2.89431e-08;1.22447e-08;1.58749e-08;1.36895e-09;2.98956e-10;3.76885e-09;1.41672e-09;6.92605e-12;2.40302e-09;4.8531e-10;1.02973e-09;2.05351e-09;1.7624e-09;8.87884e-10;9.94031e-09;1.85215e-10;1.1266e-08;2.60153e-09;3.26174e-09;2.8625e-09;1.18886e-10;1.1882e-07;2.11203e-09;5.34335e-10;9.55729e-10;4.83927e-08;1.08323e-08
1.29212e-06;1.32271e-07;6.96531e-09;2.61831e-10;9.83805e-09;4.0495e-09;6.45122e-10;4.54124e-08;2.87876e-08;1.52671e-08;1.47812e-08;4.39738e-11;2.14023e-11;8.52577e-08;1.8769e-08;1.90775e-07;1.34703e-07;9.88978e-09;3.06688e-08;1.13243e-08;1.92161e-08;7.50081e-08;1.81699e-08;2.61122e-06;2.02814e-09;1.60253e-11;1.11621e-08;3.58856e-07;1.82126e-07;7.79846e-09;1.958e-09;2.74005e-08;4.061e-10;1.06535e-11;4.72431e-09;2.31227e-06;7.96256e-09;1.01716e-08;2.60973e-06;2.18444e-07;1.09545e-09;3.10787e-09;1.53148e-08;9.68878e-09;3.18427e-07;3.81461e-09;2.9049e-09;1.72364e-07;3.22672e-10;9.80794e-11;4.05444e-08;2.37853e-11;2.84435e-10;1.23192e-10;1.606e-08;2.08284e-08;1.83462e-08;6.88927e-07;3.67978e-08;8.94727e-09;1.18918e-06;2.90214e-09;6.48119e-09;4.06046e-07;5.00243e-08;3.7791e-06;1.11144e-08;1.4868e-08;7.00193e-07;2.716e-08;3.38689e-09;4.75953e-07;3.28267e-10;5.26962e-09;1.35099e-08;2.24639e-08;8.22184e-09;1.60249e-06;4.40609e-09;6.03996e-08;6.92824e-09;3.68175e-07;1.04185e-08;6.62965e-10;1.1738e-06;1.85481e-10;1.02403e-11;6.66392e-10;9.77341e-09;3.26087e-09;1.13549e-07;7.76085e-09;1.12595e-08;1.23052e-08;1.41619e-10;6.13599e-09;6.96374e-10;1.81984e-07;4.84984e-09;2.13203e-06;3.07447e-08;6.41892e-10;4.88095e-06;1.20723e-08;7.47264e-12;8.96438e-09;3.7677e-05;6.76504e-09;6.32884e-09;4.60039e-06;1.54874e-10;2.55873e-08;4.34163e-07;2.04232e-08;1.36542e-07;1.09858e-07;4.00801e-09;1.2869e-08;4.40986e-10;1.65248e-07;4.15764e-08;2.0497e-09;1.73366e-08;3.08096e-07;3.55915e-10;1.17827e-11;3.8195e-06;1.98961e-10;3.46196e-11;6.58892e-10;6.5458e-06;1.04798e-07;1.67055e-08;2.29331e-06;2.24647e-08;1.18407e-08;1.54998e-06;7.30128e-09;3.08196e-08;5.91433e-07;2.19302e-09;3.978e-11;3.54287e-08;1.13056e-06;1.00053e-06;3.05579e-09;2.78297e-09;2.60352e-08;1.62425e-06;4.59018e-08;2.34892e-08;1.02812e-07;1.311e-08;5.1422e-09;9.43699e-09;8.92028e-08;4.55679e-08;8.05307e-09;9.13128e-10;3.67959e-07;4.86548e-09;2.18963e-08;8.51342e-07;8.72215e-10;8.21529e-09;2.32606e-09;2.32612e-07;5.90126e-09;1.36629e-08;1.00805e-08;2.09258e-07;8.2308e-09;3.73147e-09;1.34965e-06;2.97997e-10;1.77436e-10;4.5452e-09;1.7675e-07;7.88189e-10;1.00725e-08;1.67316e-07;5.93765e-08;5.38999e-10;1.40769e-06;3.70663e-09;3.6162e-11;2.19722e-09;1.6124e-07;6.56803e-09;9.70832e-09;1.99891e-08;3.21835e-06;2.74155e-08;2.2583e-08;1.13771e-07;6.35424e-08;2.30421e-08;5.41811e-07;4.25291e-07;1.83193e-08;6.19733e-08;4.23458e-07;7.80877e-09;4.20232e-09;4.24122e-07;5.09248e-09;3.64935e-10;1.77007e-08;3.00027e-06;5.76047e-09;1.25693e-07;6.39679e-09;7.66101e-09;8.80624e-09;2.6094e-07;1.94531e-09;7.83968e-10;4.97467e-10;4.80764e-11;2.43616e-10;1.99628e-10;4.41325e-08;2.21622e-08;2.83067e-08;2.46541e-08;4.40965e-07;2.444e-09;8.5207e-09;2.52563e-07;1.43247e-09;2.44015e-09;4.95167e-09;1.54613e-07;4.86065e-11;1.52786e-09;6.82217e-09;3.76771e-12;9.57194e-11;4.34295e-09;2.55822e-06;8.68678e-09;1.15423e-07;3.03203e-09;3.01324e-10;9.5941e-09;9.24026e-08;5.94301e-10;8.33979e-11;1.45333e-08;1.62648e-12;1.28019e-12;7.3606e-11;5.40421e-07;4.94314e-08;9.2477e-09;1.23707e-08;9.3625e-10;3.90383e-10;3.23782e-09;6.40202e-07;2.6172e-08;4.37267e-09;1.14218e-07;6.40744e-10;2.19126e-11;4.53522e-10;1.80501e-07;3.01851e-08;3.16389e-08;2.34029e-07;9.26215e-09;2.90118e-09;1.35981e-14;3.19586e-07;5.63292e-09;4.76692e-10;3.62041e-08;4.44068e-09;7.73931e-13;2.78985e-11;4.73636e-06;1.29552e-08;8.52762e-10;1.39787e-06;6.17418e-10;1.4296e-10;1.47148e-08;4.54202e-08;5.63991e-09;9.81397e-11;3.67778e-10;2.98501e-12;1.333e-11;3.61089e-13;2.20209e-05;8.09318e-09;5.21123e-09;3.37661e-08;1.26236e-09;7.65246e-10;5.69687e-08;0.000113553;8.31248e-06;5.62439e-06;0.00783479;6.42951e-06;0.000715939;6.30919e-07;0.000112726;3.86089e-06;0.991018;2.84067e-06;3.06456e-05;3.72317e-09;1.44826e-07;7.23789e-10;5.1924e-09;1.62456e-06;3.03068e-09;2.54354e-12;6.86296e-09;4.56404e-07;5.29818e-09;4.0617e-10;3.5816e-06;6.97735e-09;4.46886e-11;2.16508e-10;2.44927e-09;1.94772e-08;2.1692e-07;5.9816e-09;1.31832e-09;9.04531e-08;9.23545e-09;1.08038e-09;7.69986e-09;3.67465e-11;4.0599e-07;1.82338e-09;8.0568e-10;3.65229e-11;1.4095e-10;1.63111e-09;1.41706e-07;4.27942e-10;4.1557e-10;2.2822e-07;2.51348e-09
6.44438e-08;5.22822e-10;9.60369e-09;1.05454e-09;6.94616e-10;2.06401e-08;9.57399e-12;3.36924e-09;5.03636e-09;1.64023e-09;1.084e-11;3.80156e-12;4.80663e-09;5.73382e-10;2.47342e-09;3.2445e-09;2.80084e-09;5.80435e-10;5.10871e-08;4.37994e-09;1.18366e-10;3.03876e-09;1.14127e-09;7.67061e-08;1.01247e-09;4.11001e-12;1.33514e-08;0.999725;1.24081e-08;7.32699e-09;1.28827e-08;1.48465e-11;2.01426e-09;5.71164e-11;3.29116e-09;1.12681e-09;3.19885e-10;3.33024e-10;6.09917e-10;6.61345e-10;1.25452e-09;1.15572e-05;0.000262218;1.54489e-07;1.18566e-07;1.27831e-07;4.2731e-09;2.10219e-08;5.79611e-09;7.14674e-09;7.60567e-09;1.60437e-10;5.21927e-12;3.98932e-09;1.04073e-08;7.371e-10;7.02494e-10;1.08546e-08;5.15141e-09;1.33629e-09;2.38457e-08;2.42377e-09;1.03181e-09;1.26598e-08;1.68063e-09;6.30537e-10;6.32471e-11;3.39099e-10;2.0312e-09;7.66175e-10;4.46689e-10;3.08813e-10;3.95167e-13;1.24428e-11;3.75581e-08;4.01536e-10;2.21399e-10;1.04442e-09;1.00523e-10;6.16377e-10;5.60177e-11;1.32058e-09;4.82722e-09;3.34823e-10;1.13287e-09;1.3307e-12;8.00644e-13;3.55909e-09;5.14461e-11;3.36135e-10;6.63932e-09;2.65228e-09;1.25969e-09;2.90269e-10;1.41861e-12;1.77864e-09;2.22597e-08;1.88777e-09;1.89008e-09;3.21387e-08;1.10476e-08;2.67967e-10;7.67348e-11;3.47641e-10;2.72675e-12;3.75123e-10;4.8318e-09;5.48847e-10;2.03526e-10;3.55509e-10;5.27127e-12;1.76031e-11;1.17985e-08;9.39418e-10;2.77808e-08;1.31265e-09;8.89963e-09;7.50891e-10;5.85966e-08;4.07813e-10;1.6645e-10;7.0745e-10;5.79004e-11;4.62832e-09;9.53894e-10;1.29495e-10;1.63209e-10;2.22072e-11;4.9089e-13;1.52661e-10;9.4379e-11;8.62236e-10;4.55398e-10;1.21304e-11;1.17569e-11;5.90132e-11;1.02549e-08;1.18726e-08;1.81868e-09;1.94016e-11;3.57881e-10;1.00368e-11;2.86336e-09;3.94351e-09;2.51535e-08;3.33459e-11;1.4798e-09;1.25867e-09;1.92847e-09;2.00125e-08;5.46108e-09;1.6337e-11;2.43309e-10;2.4845e-10;5.41453e-09;6.14992e-10;4.07181e-12;1.4244e-11;5.70457e-11;4.85132e-09;3.52845e-10;4.26825e-09;7.84521e-10;1.49721e-10;1.34877e-09;3.95346e-09;7.01791e-10;6.4434e-11;3.5158e-10;6.8251e-10;4.52363e-09;4.04557e-09;4.04669e-09;1.64679e-09;1.42527e-09;1.43731e-09;4.23557e-08;9.86345e-10;1.27722e-10;7.97055e-09;5.5297e-09;1.19673e-08;7.04765e-10;8.32987e-10;6.73192e-10;1.1959e-11;1.61701e-10;1.60658e-09;9.74641e-10;2.93635e-10;5.15096e-10;1.15415e-09;1.45477e-09;4.2512e-10;9.96578e-11;7.40307e-10;9.63952e-11;2.61512e-09;9.26551e-11;1.45207e-11;9.16619e-11;4.41663e-09;1.33833e-09;3.66509e-10;2.47788e-10;6.5824e-10;2.24221e-10;1.86657e-09;1.44716e-09;1.47539e-10;2.33224e-11;1.46881e-10;5.09617e-11;8.41147e-10;1.07374e-08;1.76226e-09;1.15852e-09;1.87284e-12;7.97195e-11;2.21103e-11;3.62899e-08;7.27707e-10;1.12507e-09;2.73053e-10;7.21279e-10;6.28146e-10;1.41701e-09;2.35915e-09;1.36087e-09;1.8516e-10;6.82018e-10;2.91549e-09;9.30179e-09;8.24524e-11;1.11727e-09;2.63643e-10;6.70233e-11;4.46779e-09;2.2445e-09;1.2624e-09;3.528e-10;6.91486e-09;4.18455e-10;8.21007e-09;8.10595e-10;9.75817e-09;4.06608e-09;5.5973e-10;1.13434e-09;6.50455e-10;4.80248e-11;2.61327e-09;1.76824e-09;2.26605e-09;1.92404e-09;1.30329e-09;1.38259e-09;6.21329e-10;5.72702e-10;4.50546e-10;7.50713e-09;2.03171e-09;5.78812e-08;5.42785e-13;1.6717e-10;2.02753e-08;1.95571e-09;6.48252e-10;1.72411e-09;3.84661e-08;1.40586e-09;6.09503e-09;4.93824e-12;1.81255e-08;3.65255e-08;4.99666e-10;4.23788e-10;4.55838e-10;1.85078e-09;1.1092e-11;3.42846e-09;1.17618e-09;3.78117e-09;2.28911e-09;2.53091e-11;9.38006e-11;5.21694e-10;4.20009e-09;1.78927e-08;5.66517e-11;2.44285e-10;4.45126e-11;7.44946e-12;2.62065e-10;1.07937e-08;2.7413e-10;1.15873e-09;2.06098e-09;9.54076e-11;1.17138e-10;3.42117e-10;1.66825e-09;4.00685e-08;2.12387e-09;9.52274e-11;1.42101e-11;5.76025e-10;5.61699e-10;9.91017e-10;2.90131e-09;3.46414e-11;5.02908e-12;1.91064e-10;4.50447e-10;2.93221e-09;2.28725e-10;8.51687e-10;4.15081e-10;8.23554e-10;1.08754e-12;3.5863e-08;1.09195e-09;1.3963e-09;9.15818e-09;1.831e-08;8.97993e-10;2.15898e-11;1.88845e-11;1.40779e-10;6.84044e-09;1.0507e-08;2.07835e-09;3.82505e-10;9.4099e-10;8.01996e-10;6.03114e-10;5.77888e-08;3.62895e-09;1.08418e-08;5.93014e-10;4.20883e-10;1.80754e-11;1.25885e-10;2.47668e-09;6.15746e-09;1.50722e-09;1.24863e-09;1.17122e-08;2.05116e-10
2.87968e-07;6.99078e-06;3.60758e-06;1.7666e-06;1.7717e-06;4.38171e-06;3.26465e-08;4.47155e-10;3.8582e-07;2.20832e-07;7.71138e-10;1.71599e-07;3.13905e-07;2.37374e-09;1.42285e-08;1.44241e-09;7.65945e-08;2.07946e-08;1.19807e-08;3.56453e-07;9.6171e-09;4.34289e-09;5.05072e-08;3.45835e-07;3.78391e-08;1.39039e-08;8.20769e-08;7.72866e-09;9.87612e-09;1.64122e-05;3.33965e-06;1.08028e-09;1.01327e-07;6.23552e-08;5.44281e-08;1.43283e-09;1.20181e-08;8.9087e-09;1.03012e-09;3.17708e-09;2.71875e-09;1.84899e-05;3.51739e-06;3.65937e-06;2.89802e-06;2.97496e-07;1.99697e-09;1.53045e-05;0.0418189;0.955797;0.000718603;0.000439094;0.000761164;8.51597e-05;5.36828e-06;1.11783e-05;1.43388e-05;3.39534e-08;9.64862e-08;2.18245e-07;6.19169e-10;7.974e-08;3.70155e-09;4.03796e-08;4.30931e-09;4.42962e-09;5.92577e-09;6.92275e-09;1.00196e-07;8.7597e-07;1.17881e-06;2.12946e-09;2.26992e-09;3.65123e-10;2.35986e-08;2.55406e-09;1.93569e-08;2.71083e-10;1.3686e-07;3.33543e-09;1.61877e-09;8.63177e-10;1.01448e-05;3.23146e-07;4.25546e-11;1.88695e-09;3.55708e-09;5.37928e-10;3.86887e-10;5.17167e-09;2.76239e-08;2.00964e-07;2.39159e-08;8.98339e-09;1.61853e-10;7.47111e-08;6.48748e-08;8.94097e-11;1.79561e-08;2.01659e-09;3.17221e-06;2.14791e-06;2.94253e-09;2.68374e-09;1.38538e-09;3.17465e-08;7.26525e-10;1.28265e-08;2.21386e-08;1.98055e-09;1.04795e-08;3.72292e-09;9.7068e-10;1.86162e-08;6.05961e-08;6.11257e-10;7.33674e-08;7.24588e-10;5.56297e-08;1.14027e-09;1.62776e-09;1.25846e-09;1.71788e-07;4.85978e-09;7.51029e-05;1.5234e-05;3.10132e-08;1.89804e-08;2.3107e-09;1.84202e-08;1.43942e-09;8.12951e-08;8.02235e-08;8.94809e-10;6.5233e-09;8.74623e-09;1.1305e-07;2.29428e-06;1.8239e-06;3.67864e-08;7.38358e-07;7.61445e-08;3.25869e-08;4.1914e-09;2.98182e-07;3.14837e-08;3.90778e-08;5.88821e-09;2.75135e-08;2.92948e-05;1.4075e-06;1.54225e-09;7.50412e-08;1.48964e-08;5.53603e-08;5.65348e-09;1.13238e-10;1.34508e-08;1.02604e-08;3.25415e-08;9.6011e-09;5.92525e-07;1.09423e-08;1.26125e-08;3.64826e-07;3.24478e-08;1.77884e-09;1.48492e-08;1.2554e-08;8.26968e-09;1.0398e-08;6.17425e-07;3.4004e-07;5.37474e-10;2.22786e-08;2.25557e-09;1.27484e-08;3.04833e-09;4.06013e-09;8.36026e-09;2.905e-09;3.9902e-07;9.17885e-07;9.41199e-10;5.77568e-09;9.00066e-09;1.77155e-08;1.24802e-08;1.75521e-08;1.30917e-08;1.04339e-08;2.60775e-08;2.18e-06;1.53117e-06;2.73979e-08;2.34554e-08;4.32368e-08;6.56931e-08;6.5817e-09;1.25779e-08;5.90734e-09;3.18945e-08;1.79323e-06;1.61366e-07;2.61648e-08;2.64474e-08;8.77523e-08;2.25723e-08;4.92861e-09;3.01123e-08;3.66688e-09;1.01351e-08;1.04579e-08;1.35848e-08;1.25084e-08;3.12966e-07;4.03807e-06;1.34855e-11;5.4318e-08;3.09073e-09;3.17945e-09;6.51075e-09;5.95032e-09;1.08866e-08;5.53404e-09;6.26021e-09;1.02659e-06;5.65208e-07;3.3582e-09;1.51627e-09;6.922e-09;4.95547e-08;5.59274e-09;1.08123e-07;3.65113e-07;4.56002e-08;1.07357e-09;8.00251e-10;2.41889e-09;1.77405e-09;9.05575e-09;1.26505e-07;6.96297e-08;1.51899e-07;1.90245e-08;6.57734e-09;1.98881e-06;4.32832e-07;4.32456e-07;1.75633e-08;5.13526e-09;1.99346e-08;7.81226e-10;1.7615e-08;1.40055e-07;3.05849e-09;2.61959e-07;8.39383e-09;2.25158e-08;1.19299e-09;7.58469e-07;3.05737e-07;9.7926e-06;2.31469e-10;3.25705e-08;1.32153e-08;1.04216e-08;1.69219e-08;3.6173e-08;3.47376e-09;1.217e-08;5.67451e-09;2.23951e-11;8.86775e-10;7.90914e-08;6.89564e-08;6.30591e-11;4.6538e-09;5.49696e-09;7.58423e-10;7.44882e-10;1.6967e-08;1.46117e-07;4.74815e-11;3.21063e-10;9.10875e-10;3.56256e-09;1.34564e-08;6.19081e-06;5.89902e-07;3.65982e-10;7.51324e-08;2.8578e-10;1.13679e-07;6.66805e-10;5.2886e-09;1.47809e-07;6.29726e-12;7.06039e-10;5.79904e-10;1.2722e-08;1.48247e-07;7.15746e-05;6.38961e-07;9.2431e-09;1.34758e-09;3.24852e-09;1.12548e-09;8.88397e-10;2.42154e-07;4.18999e-13;5.24644e-11;5.39127e-10;1.48893e-08;3.78962e-09;1.58511e-07;1.20367e-07;8.02934e-09;3.42948e-07;9.66109e-11;3.91532e-09;8.60266e-11;8.08847e-10;7.72994e-12;1.28271e-09;7.66388e-08;4.50246e-06;5.05561e-08;2.6093e-09;7.07157e-09;9.88981e-08;2.50826e-07;1.38672e-07;8.62225e-10;2.13877e-08;1.40897e-09;1.72582e-06;1.63363e-10;3.68517e-09;2.25695e-07;3.51936e-08;1.39854e-09;3.57261e-08;9.54278e-10;1.88187e-09;1.29779e-07;7.0015e-08;2.00842e-09;7.2404e-09
1.19981e-07;4.12725e-10;5.0765e-09;1.97871e-09;6.07011e-10;7.55713e-09;4.30368e-09;1.1705e-09;4.42216e-09;4.09222e-09;2.10876e-08;1.21659e-05;4.56795e-08;5.87177e-10;1.00992e-09;3.54595e-08;7.09333e-09;1.47646e-09;2.65964e-09;1.68444e-08;1.58226e-07;3.81361e-10;6.54218e-10;9.28588e-09;7.09468e-09;4.32457e-09;6.2745e-10;7.3813e-10;4.62892e-11;2.71412e-09;9.59389e-11;6.42615e-09;2.02851e-09;1.68526e-09;1.07801e-09;5.44118e-10;1.41569e-09;1.11292e-09;1.16753e-08;7.66394e-11;5.24681e-11;4.08977e-10;1.32954e-10;2.12323e-09;5.94522e-08;1.19421e-08;7.3432e-10;1.44169e-06;4.95035e-06;2.59999e-06;0.991842;0.0052392;0.000106558;0.00276664;1.02957e-06;9.39966e-06;7.17311e-06;3.56956e-10;2.02792e-09;1.14769e-09;1.81489e-08;4.47322e-09;5.27222e-10;6.84337e-10;8.86664e-10;2.11956e-09;1.72254e-09;5.66566e-10;1.46549e-09;1.36155e-08;6.25653e-09;6.43064e-08;4.03384e-08;5.33748e-10;7.25488e-09;8.27009e-10;3.1838e-09;3.25656e-09;5.34967e-09;8.55291e-10;6.65613e-10;4.50004e-11;4.38605e-09;9.58561e-10;2.21674e-10;1.17749e-09;1.02356e-08;7.05897e-11;8.28652e-10;5.27624e-10;2.03181e-09;5.74465e-09;1.35935e-09;1.06468e-08;7.92134e-10;3.29293e-08;5.83147e-08;4.79792e-10;9.71196e-10;7.95127e-12;1.3805e-10;7.07008e-11;2.06301e-10;2.90042e-11;9.40946e-10;9.52637e-08;2.83601e-10;9.96484e-10;1.37392e-09;4.70182e-09;1.37755e-10;1.22409e-08;6.2055e-11;5.13971e-10;2.66168e-09;2.84367e-09;4.74665e-09;1.18581e-09;2.43686e-09;4.52819e-09;4.15583e-09;7.02595e-10;1.65e-09;4.56575e-12;7.84489e-11;2.71061e-09;2.68032e-08;3.34085e-10;2.8187e-11;1.42698e-10;5.80936e-10;5.03255e-10;3.71684e-10;2.78767e-10;4.99619e-11;1.0615e-10;6.12582e-09;4.89687e-08;7.14542e-09;1.75709e-06;1.51963e-06;1.15735e-08;6.56753e-08;8.08611e-10;2.25484e-07;5.38086e-08;1.00477e-08;1.68645e-10;5.13977e-10;1.18092e-09;7.8721e-10;4.09147e-10;2.15816e-08;1.6316e-10;6.45909e-09;2.01465e-09;1.24179e-11;8.85115e-11;1.62109e-09;7.29428e-10;6.82972e-10;1.8504e-09;6.08889e-08;1.92622e-10;1.08558e-08;2.68131e-09;8.63323e-09;1.69986e-09;3.82357e-09;2.28983e-09;1.31694e-09;1.94967e-09;5.60486e-10;1.24755e-08;9.05161e-09;8.30315e-10;7.1483e-10;3.43648e-09;8.83367e-10;8.18747e-10;3.85863e-10;1.03559e-08;8.42447e-10;5.20269e-09;5.5916e-09;1.30074e-08;3.50622e-09;4.63399e-09;8.44044e-10;5.64898e-09;5.7056e-10;1.95196e-10;2.64257e-09;2.69146e-09;2.22852e-08;3.80056e-10;2.20172e-10;2.44227e-09;6.4696e-10;5.39956e-10;6.49571e-10;1.62587e-09;5.58872e-09;1.70399e-09;6.36573e-08;1.3636e-09;1.82273e-08;4.53384e-09;1.08021e-09;3.86106e-09;5.44753e-09;1.33399e-09;6.89489e-10;1.26897e-09;7.9489e-11;6.31942e-10;2.5468e-09;3.9603e-09;1.26846e-09;1.2973e-09;1.68978e-11;7.71576e-10;1.74961e-09;7.31858e-10;8.54589e-10;8.23232e-10;1.57228e-09;2.06138e-09;6.61922e-09;7.77855e-11;1.84214e-09;4.37048e-10;3.75671e-10;7.48522e-09;1.09563e-08;1.28571e-07;4.84174e-08;3.74761e-10;5.39763e-09;1.76237e-09;8.0912e-10;2.565e-09;2.81224e-09;6.97484e-09;8.39547e-10;2.55774e-10;3.52015e-09;2.81078e-09;1.40426e-08;3.64649e-10;1.93816e-08;1.98971e-09;1.92923e-10;1.35263e-10;2.49115e-10;1.57599e-10;3.05612e-10;8.21339e-10;2.35943e-09;6.7647e-10;6.6509e-09;3.00345e-09;3.30212e-07;4.34504e-10;2.88706e-08;1.42479e-08;3.7117e-09;1.67943e-09;1.05257e-09;1.26496e-09;2.06995e-09;1.23437e-09;6.02082e-13;2.33828e-11;8.57054e-11;2.68884e-10;1.32842e-08;1.78688e-08;9.91709e-09;4.18802e-09;1.08661e-09;1.32743e-09;6.03789e-09;3.89591e-12;2.09147e-10;1.27005e-09;1.01264e-10;9.29592e-13;2.15627e-10;1.80636e-10;7.27797e-09;9.31201e-10;4.26333e-09;2.73538e-10;2.06062e-10;3.33802e-10;2.61886e-09;1.65883e-10;1.62371e-09;2.2113e-10;1.50018e-09;2.49783e-11;3.36809e-09;3.04556e-11;7.29935e-07;5.87873e-08;1.71055e-10;1.73169e-09;1.08305e-09;6.63234e-10;4.70501e-12;3.8174e-10;4.92349e-12;1.09861e-09;1.99845e-10;7.83919e-10;1.24284e-09;7.43505e-10;3.10399e-10;8.15332e-10;2.26543e-10;3.39036e-10;5.42363e-10;2.78442e-13;1.2007e-10;2.40208e-09;2.257e-07;2.28543e-08;1.35908e-10;3.59587e-10;1.22568e-09;2.27046e-09;1.05038e-09;5.84541e-11;5.58353e-10;5.84811e-11;3.68141e-07;6.80394e-10;2.06541e-09;3.26702e-09;2.38479e-07;3.28049e-08;1.57517e-09;2.71699e-09;6.95808e-10;2.40573e-08;1.84796e-08;1.18238e-09;1.48552e-09
5.17812e-09;1.90877e-10;6.55035e-10;1.95929e-10;8.89902e-11;1.33948e-09;1.1411e-09;2.48034e-09;1.9134e-09;2.21083e-09;8.9753e-12;9.98138e-08;3.17382e-08;7.86869e-11;3.95707e-10;1.999e-09;3.29897e-10;5.94051e-10;1.51192e-09;2.8612e-09;4.53086e-09;3.43759e-12;5.499e-10;1.38625e-10;1.08185e-10;8.0074e-11;1.29175e-09;6.2067e-10;6.73808e-12;8.22966e-11;6.88101e-12;3.55036e-08;1.36117e-11;3.288e-11;1.62426e-06;2.06145e-10;3.6567e-10;5.7363e-10;7.52436e-09;6.03933e-11;5.73718e-10;1.38265e-11;2.86585e-11;1.26183e-12;8.06751e-11;6.8232e-10;6.45316e-12;1.9941e-10;1.09929e-09;9.0845e-10;1.28088e-07;1.74809e-09;2.61509e-12;2.2036e-09;2.98283e-11;7.08157e-09;9.69949e-10;3.10377e-10;3.73539e-10;1.91247e-09;1.86865e-07;1.27927e-09;1.61666e-08;1.84242e-07;5.05268e-10;3.94863e-07;1.84068e-09;1.94646e-09;1.29252e-08;1.66482e-07;5.54411e-07;0.00139539;0.00257961;0.00015082;0.995824;2.52591e-09;2.9096e-09;2.34534e-06;3.3916e-07;4.9106e-06;6.96311e-10;6.30684e-11;2.04268e-09;5.71605e-10;8.51337e-09;2.26967e-10;4.48423e-10;4.48347e-08;1.097e-09;1.14456e-09;2.04701e-10;3.71972e-09;1.7891e-09;7.08944e-10;4.78587e-11;3.50455e-08;1.3207e-05;4.23782e-09;3.90888e-08;4.01047e-13;8.40216e-12;7.08939e-12;8.96369e-09;2.20371e-11;5.24413e-12;7.15747e-07;3.91227e-10;4.73551e-10;3.0812e-10;9.17024e-09;2.03187e-09;1.0926e-10;1.69702e-10;5.73192e-10;2.31601e-11;2.42409e-10;2.71009e-10;6.45226e-12;3.64423e-10;2.24571e-09;4.50524e-10;2.43979e-09;1.50802e-09;2.25241e-11;1.26608e-10;1.29974e-11;9.35223e-10;2.74987e-09;2.36299e-11;2.35429e-06;2.50544e-09;6.40697e-09;3.83489e-09;1.89192e-09;2.04132e-10;1.51896e-10;1.21618e-11;1.47495e-10;8.59276e-10;4.90256e-09;3.5575e-10;7.67932e-10;3.13852e-08;8.65426e-10;2.61218e-09;8.88555e-09;1.07718e-09;6.19016e-10;2.47781e-11;8.93833e-11;4.28404e-11;1.63977e-12;8.69479e-10;4.16932e-13;1.30859e-09;3.21578e-10;3.90829e-11;2.09418e-11;7.50841e-10;2.00713e-10;2.89533e-10;1.01514e-09;5.72944e-08;1.5245e-09;5.07064e-10;1.79905e-06;3.45718e-09;1.83045e-09;2.58495e-08;4.15429e-10;4.72964e-11;3.23921e-10;5.14898e-11;1.24545e-08;3.59353e-10;1.33734e-09;8.55699e-08;8.29586e-11;7.92453e-11;7.29985e-09;2.03492e-10;2.2523e-09;1.15291e-09;4.36555e-08;2.81485e-08;2.55098e-09;1.40905e-07;3.00077e-08;3.57832e-09;9.81708e-09;4.14224e-09;2.14786e-11;2.87033e-11;2.71365e-11;3.093e-09;2.33434e-11;3.28466e-11;1.14819e-07;2.53648e-08;3.08928e-10;6.96521e-10;2.82368e-10;8.53809e-10;8.12203e-10;5.71451e-09;1.22808e-09;1.37003e-08;3.85299e-07;1.89321e-10;5.03317e-10;5.66526e-09;2.68696e-09;6.85321e-10;3.00826e-09;6.97805e-12;2.67875e-11;6.23517e-11;5.64321e-08;5.17451e-10;5.83915e-11;3.5039e-07;2.58461e-10;1.67129e-09;2.60709e-10;1.18657e-09;5.20565e-10;6.6311e-09;3.8065e-10;3.59881e-09;4.86394e-09;4.29073e-09;2.87667e-07;5.20703e-13;1.24398e-11;1.79275e-11;5.21816e-12;9.5873e-13;6.52451e-13;6.23678e-06;2.90885e-10;1.27805e-09;4.35004e-10;1.35023e-10;5.74486e-10;3.0604e-10;8.39561e-12;8.87063e-11;3.05473e-11;6.36749e-09;3.80144e-10;1.37849e-10;4.2969e-07;1.70369e-10;6.76459e-10;2.17198e-10;1.247e-09;1.29898e-11;1.60027e-10;7.66043e-10;7.31231e-10;1.18895e-09;1.19124e-09;5.04448e-08;1.37133e-10;1.55248e-10;7.53455e-06;1.27033e-09;9.10072e-10;1.77422e-09;2.25948e-08;6.05171e-09;2.63023e-09;5.70598e-08;5.42312e-13;2.15026e-11;2.44952e-11;8.7531e-12;2.04258e-10;1.65686e-11;2.03054e-10;2.39219e-09;1.51833e-08;2.62238e-09;9.68427e-09;4.12416e-10;2.24226e-09;2.65058e-11;2.62405e-14;1.29674e-12;9.08931e-12;6.29075e-10;4.14806e-10;1.10879e-11;1.13343e-06;3.44404e-10;2.11508e-09;3.30444e-10;1.27762e-09;7.01895e-09;7.77437e-10;6.66584e-10;4.85715e-14;7.83783e-11;1.57441e-12;1.01021e-10;1.86203e-08;6.9845e-11;3.7305e-08;3.34211e-10;1.18107e-10;1.02256e-10;1.29681e-09;1.39506e-10;1.11954e-09;1.45138e-10;6.61206e-10;9.03404e-10;5.01918e-11;1.53785e-12;2.9828e-12;3.42781e-06;1.12465e-08;5.46729e-08;1.04588e-11;4.24555e-11;2.32156e-09;4.37356e-11;2.57641e-09;3.68696e-10;2.00156e-11;3.39292e-11;2.45022e-10;7.67776e-10;1.10804e-09;5.28298e-10;4.53539e-10;4.87643e-10;3.65036e-13;1.03453e-10;8.44748e-10;3.30286e-11;2.22293e-07;2.95075e-11;1.71749e-07;9.88915e-12;1.71929e-10;4.66142e-10;4.40336e-10;8.32577e-11
3.38827e-08;2.57637e-09;1.99118e-09;8.41508e-10;9.57842e-08;1.68116e-07;1.06888e-10;1.29354e-08;5.80755e-08;3.14141e-09;2.04425e-09;3.00758e-14;3.68996e-10;1.92462e-08;1.6413e-08;1.42778e-08;1.3508e-08;2.60524e-09;1.2776e-09;6.42111e-09;3.10714e-12;3.23888e-09;5.88745e-09;3.82997e-09;7.07102e-09;1.8809e-08;4.98535e-08;3.89043e-09;1.52425e-09;1.62144e-09;5.76226e-09;1.17613e-09;1.45315e-09;1.79977e-08;3.87706e-12;5.05139e-08;3.33777e-09;5.29853e-09;2.01686e-08;2.10239e-09;3.23479e-06;3.20609e-09;1.19912e-09;7.04652e-10;7.37539e-11;1.65646e-08;1.416e-09;4.44319e-10;5.13331e-10;4.83529e-11;4.63237e-10;2.49585e-10;6.11969e-07;9.27378e-10;3.58541e-10;1.48406e-09;5.28993e-08;1.14311e-09;2.81023e-09;1.78693e-08;9.49371e-09;8.38562e-11;5.6935e-07;1.10957e-10;7.3657e-09;1.23898e-08;2.58126e-09;1.0093e-07;2.82981e-09;2.43049e-08;8.31626e-09;1.67657e-09;2.15835e-08;2.69786e-08;4.69327e-10;3.72015e-09;2.29654e-09;1.17631e-07;2.79073e-09;1.21753e-06;8.45363e-09;2.59331e-08;2.12684e-08;9.38053e-10;2.55479e-10;1.16339e-10;9.70698e-09;2.52856e-10;1.69609e-08;2.3331e-09;7.2348e-09;4.84303e-09;3.84423e-09;1.34286e-08;1.14822e-09;9.76989e-08;2.09367e-11;2.76573e-09;9.21505e-09;2.86207e-08;8.89302e-10;3.8068e-10;1.82802e-06;1.75901e-10;2.65748e-06;4.97315e-08;2.34511e-09;2.4287e-09;4.97802e-09;1.6064e-10;3.32407e-10;4.08134e-06;2.77869e-07;1.79603e-08;2.62795e-08;1.21291e-09;1.01587e-09;4.33133e-06;1.0728e-09;4.85201e-09;1.06805e-08;1.71292e-08;3.69829e-07;5.30578e-06;5.32017e-07;2.79991e-06;6.62728e-05;0.000135495;0.998906;4.63566e-06;1.35789e-05;2.56304e-06;4.15113e-06;2.43478e-06;2.46945e-05;0.000628226;2.59064e-08;1.90446e-08;3.67773e-08;9.41909e-08;1.33016e-09;1.00021e-05;9.24769e-09;4.16024e-08;1.9611e-09;5.08066e-08;2.34538e-08;1.15282e-08;1.62603e-08;5.80413e-09;1.83196e-09;7.39142e-10;8.14635e-10;1.12691e-08;2.94689e-13;1.92093e-09;3.83032e-09;9.45039e-09;1.87161e-09;3.86576e-08;2.50364e-09;7.7213e-08;5.37315e-08;5.37983e-10;1.63994e-06;3.5681e-10;1.07226e-08;3.56496e-08;9.16693e-07;9.44318e-09;3.17108e-08;1.32166e-08;8.60295e-09;8.07436e-09;4.10374e-09;9.20988e-06;2.28693e-11;4.70355e-09;1.64534e-08;3.14158e-07;1.21324e-08;2.39692e-08;5.42381e-08;1.27232e-06;1.82793e-08;3.2424e-07;1.00932e-10;2.87746e-09;6.12681e-09;2.87969e-08;1.30626e-08;1.32802e-08;4.64975e-09;4.78204e-09;5.21417e-09;4.6088e-09;2.54668e-07;5.02533e-10;6.8032e-07;2.56785e-08;1.93792e-06;5.80615e-09;2.96673e-09;2.4046e-09;4.09206e-09;1.1187e-08;2.69327e-07;9.63987e-10;2.77215e-08;3.35586e-09;8.96367e-09;2.65707e-08;2.68964e-08;7.85354e-09;3.87037e-09;5.02073e-10;6.08089e-08;1.01227e-09;8.13316e-10;1.34373e-05;6.79098e-11;9.06102e-09;8.03649e-09;2.00137e-08;2.35076e-09;9.5569e-09;2.86231e-08;8.57063e-09;6.11146e-09;2.19668e-09;1.61633e-06;1.57238e-10;6.74586e-10;7.16141e-10;1.82003e-08;6.56582e-12;2.08587e-10;2.4234e-07;3.52031e-10;3.78971e-08;1.92709e-08;8.14594e-09;1.71666e-08;6.33532e-07;5.06303e-09;1.72232e-09;1.08435e-09;4.53712e-10;2.22892e-09;7.31396e-12;4.59531e-08;6.9011e-12;6.93771e-09;1.48944e-08;3.55167e-08;6.61941e-09;2.20359e-09;2.48754e-08;1.303e-09;4.59861e-09;2.88964e-09;1.40926e-08;3.15139e-08;6.05297e-13;1.53565e-09;6.84747e-13;3.77587e-09;6.55812e-09;8.84297e-08;1.38141e-07;3.60504e-08;7.64067e-07;3.61971e-18;3.09521e-10;5.87112e-09;3.30106e-09;1.38137e-08;9.28287e-08;2.36745e-10;1.29238e-11;6.72817e-08;2.66283e-08;9.04788e-09;3.26643e-10;3.89635e-10;3.91514e-07;3.48535e-09;4.47657e-12;1.64022e-11;2.77056e-10;1.78656e-11;4.96452e-13;2.57762e-09;8.73819e-12;1.28952e-08;9.01782e-09;3.9797e-09;3.81e-10;9.99228e-09;1.13244e-07;1.02074e-08;2.53493e-12;2.97341e-10;8.89336e-09;2.83242e-13;1.57556e-10;1.17311e-05;4.03414e-13;6.17973e-09;4.67788e-08;1.2969e-09;5.9015e-09;0.000120662;2.2161e-08;1.05909e-08;1.31159e-08;2.4778e-08;2.3871e-09;1.5092e-14;2.99865e-08;4.96772e-12;1.20192e-08;1.87195e-08;1.13828e-11;3.9935e-08;1.87518e-08;1.23717e-13;8.77808e-09;1.80625e-07;2.88509e-09;8.28135e-09;1.16138e-08;1.34357e-08;7.27463e-08;6.20448e-08;2.68388e-06;1.62752e-08;1.38552e-11;2.22629e-08;5.7289e-08;3.54072e-11;1.92386e-14;1.39489e-06;3.8228e-12;1.50819e-09;1.78669e-09;1.16495e-07;1.92738e-07;1.04533e-10
2.50661e-07;2.97386e-09;4.46552e-09;8.06964e-10;1.18013e-10;3.30769e-09;2.12546e-11;2.52862e-09;7.77039e-09;1.22968e-09;8.33842e-12;1.61749e-08;1.1308e-09;1.49886e-10;1.61908e-09;2.47796e-10;4.79243e-09;1.7746e-10;7.9896e-09;1.69541e-09;6.84709e-11;1.33578e-10;3.8666e-08;3.16296e-09;2.72712e-08;5.33631e-10;9.60248e-10;6.41765e-10;2.86456e-11;8.93448e-09;2.00719e-08;6.92566e-13;1.56461e-09;3.15011e-12;1.13709e-09;9.12905e-11;4.02654e-10;2.21568e-10;2.58046e-09;1.80079e-10;2.58242e-09;6.89425e-08;1.68316e-07;1.02905e-08;2.35942e-11;2.47176e-11;3.86991e-12;7.79843e-11;4.27063e-09;1.23653e-08;7.23652e-11;1.44206e-09;5.96579e-13;1.27862e-07;3.23134e-12;4.02667e-10;3.33833e-10;1.93368e-10;3.21877e-09;1.90242e-08;3.5475e-10;2.82186e-08;2.51634e-10;5.82916e-10;5.36659e-10;3.27969e-10;1.52685e-10;1.92845e-10;1.12973e-10;1.03634e-08;3.69434e-08;9.53155e-12;1.21963e-08;3.11375e-12;9.68601e-09;2.66484e-10;1.97807e-10;3.76111e-10;6.66906e-10;1.51922e-09;2.01039e-09;6.24813e-11;1.02293e-08;8.19867e-10;1.84251e-11;2.7692e-10;3.20168e-11;3.63057e-10;4.8938e-10;1.51608e-10;1.90255e-10;1.91992e-09;4.00342e-10;3.07545e-13;1.84847e-10;2.97564e-10;1.05204e-11;5.38864e-11;2.29361e-10;2.90731e-11;2.14319e-08;1.69413e-09;1.3252e-09;3.75103e-10;3.90361e-10;1.52425e-09;9.96601e-12;1.92069e-10;8.22899e-10;3.2256e-10;1.24839e-11;2.34297e-10;1.13567e-11;3.50626e-10;1.40722e-09;8.62766e-12;6.6331e-10;5.67657e-11;6.44987e-10;2.3963e-11;6.98804e-11;1.03488e-11;5.18473e-10;2.23423e-11;5.72827e-09;2.38179e-06;1.14254e-09;5.21499e-10;1.20963e-10;2.48255e-10;4.44346e-11;3.48843e-09;3.07336e-08;6.34378e-10;1.23395e-10;3.61715e-10;4.64097e-10;2.27079e-08;5.88037e-09;4.79395e-10;3.22596e-10;2.59537e-10;6.73534e-10;6.44675e-11;9.65339e-11;3.51356e-09;2.58349e-10;9.30118e-10;5.47867e-11;3.0161e-08;2.64755e-09;6.22895e-12;2.70581e-09;7.69075e-11;1.00631e-10;8.12172e-11;1.59346e-12;7.17759e-11;1.16536e-10;1.7607e-10;2.55445e-10;1.47234e-08;3.1621e-11;5.91778e-10;1.42843e-10;5.66325e-11;1.44282e-12;2.28288e-10;2.36437e-10;1.60062e-10;1.06938e-10;3.95527e-09;1.12102e-09;1.1919e-13;1.28332e-10;7.67125e-12;5.18322e-11;9.84784e-13;1.74444e-10;5.07783e-11;9.96388e-10;8.18452e-09;1.83562e-08;4.51805e-10;8.62903e-10;2.37509e-11;1.08727e-08;1.09266e-10;1.92538e-10;3.1741e-10;1.55395e-10;9.4724e-11;2.39983e-09;1.29555e-08;4.75245e-12;1.5087e-09;1.5671e-10;4.60132e-09;1.14859e-10;5.34873e-11;1.11049e-09;1.45719e-10;6.84198e-09;1.36165e-09;2.44411e-09;2.83526e-09;2.22447e-09;2.92903e-09;1.13287e-10;1.04511e-09;1.0383e-11;1.6278e-10;1.26569e-09;3.23543e-10;6.67661e-11;1.2442e-08;1.60034e-08;5.73497e-12;8.59457e-11;4.55564e-10;1.0909e-09;2.13067e-10;5.79888e-10;9.97427e-10;1.73764e-10;4.9296e-11;4.1397e-09;7.16789e-10;7.62886e-12;8.86962e-10;1.39975e-09;3.4935e-11;1.06905e-10;4.64362e-09;6.95275e-09;1.61431e-11;2.91536e-09;1.15909e-11;1.03755e-09;1.01294e-10;2.85744e-10;1.22477e-10;7.46608e-10;4.63483e-10;4.99618e-10;1.55733e-10;2.29716e-08;9.79947e-09;2.57967e-11;2.94147e-10;3.90256e-11;4.51788e-11;4.48554e-11;1.10649e-09;1.28966e-08;1.4417e-11;1.7597e-09;2.69666e-10;1.29995e-10;7.22155e-11;1.07791e-09;2.06142e-08;1.88502e-10;2.75596e-10;9.67751e-11;8.09016e-11;1.91137e-10;1.98917e-10;1.84403e-09;1.74827e-10;1.01232e-09;1.51509e-09;6.75301e-15;6.57253e-12;3.66204e-08;1.64158e-08;6.44361e-11;1.88802e-09;1.22261e-10;1.409e-09;4.27048e-11;1.46149e-09;1.33774e-09;9.96834e-14;1.6702e-10;1.32043e-10;4.48664e-10;1.06651e-12;6.46361e-10;1.66023e-09;2.62998e-13;2.94661e-11;3.60268e-10;1.25852e-10;2.8334e-11;1.95944e-10;7.29227e-10;1.73291e-12;9.69442e-11;4.6767e-11;1.92593e-10;9.31302e-13;9.41546e-09;5.32246e-09;2.0209e-11;3.39666e-11;2.37452e-08;1.92245e-11;5.83707e-11;2.47426e-09;1.27393e-10;3.4768e-11;3.57715e-10;4.0695e-10;8.24942e-11;1.63202e-08;1.91526e-09;4.29838e-13;5.76476e-08;7.9158e-11;2.57067e-10;1.1045e-10;6.06197e-10;4.06932e-09;1.44066e-10;2.47259e-09;4.95333e-10;1.0864e-11;8.62657e-10;4.31258e-11;3.15411e-10;4.17536e-09;3.06743e-09;1.92504e-09;1.59687e-09;5.19978e-10;2.06015e-08;0.999882;7.44622e-08;1.22956e-06;3.9356e-05;1.75943e-07;7.51593e-06;7.4932e-06;1.87817e-08;8.27906e-06;1.50623e-06;4.86464e-05;1.57627e-08
1.70727e-06;2.56969e-10;1.24941e-10;1.60735e-10;5.7671e-11;1.43042e-11;1.43174e-11;1.87371e-09;3.97054e-10;1.44361e-10;1.76861e-08;1.84615e-09;8.94709e-11;2.93958e-10;1.48553e-10;3.75302e-09;2.53467e-09;8.31354e-11;2.64124e-10;2.40992e-10;6.72504e-09;3.22984e-10;6.07478e-11;1.72811e-08;9.47131e-10;3.9373e-09;1.37395e-10;2.17574e-11;2.63083e-11;2.86126e-11;1.4364e-10;4.2724e-11;3.39896e-12;2.09396e-10;1.4794e-11;5.81375e-11;1.49061e-10;1.0843e-10;5.33727e-11;9.3263e-12;1.50586e-12;1.0848e-09;1.02701e-09;2.06982e-09;4.58437e-10;3.05429e-11;3.74937e-11;3.63979e-11;7.18916e-10;5.33344e-10;3.88703e-11;8.4567e-12;8.58297e-10;4.57142e-10;5.26747e-12;2.49247e-10;9.17539e-11;1.33232e-09;6.02123e-10;1.59475e-08;3.31547e-10;2.32083e-08;1.11218e-10;1.06409e-09;6.73919e-11;2.2427e-10;1.77286e-10;7.10646e-11;2.23417e-10;5.66709e-11;8.99348e-09;2.89158e-11;1.23197e-10;1.37023e-10;7.65107e-11;1.19001e-10;1.46172e-10;7.2598e-11;1.27662e-10;8.54436e-11;1.60033e-10;3.25443e-10;1.73516e-09;5.10876e-10;3.74688e-12;1.25614e-11;1.8344e-11;6.48338e-12;1.8751e-10;3.87243e-11;7.3675e-10;1.66552e-10;1.11298e-10;5.40213e-12;1.39768e-09;1.9981e-12;3.16991e-12;2.87159e-11;5.57051e-11;3.58553e-11;1.59377e-09;1.26568e-09;1.09326e-10;3.63513e-10;5.85936e-10;2.34268e-10;3.24362e-11;8.84686e-11;1.66045e-10;8.15471e-13;1.36067e-11;9.65929e-12;4.0955e-11;8.80886e-11;2.19281e-10;3.93834e-11;5.00954e-11;4.35126e-11;4.77392e-12;4.63979e-09;2.55692e-10;1.64814e-11;8.62409e-11;2.14055e-12;4.99654e-12;5.33424e-11;9.47009e-13;1.8497e-11;2.28373e-13;5.06946e-12;1.09681e-11;2.31194e-11;1.48058e-10;4.00876e-12;5.60279e-12;8.38662e-12;8.83086e-10;2.77284e-09;2.90963e-09;6.70401e-10;2.5438e-09;1.09904e-09;1.22505e-11;4.92216e-11;3.3748e-10;1.789e-10;1.8311e-09;9.2423e-11;1.9229e-10;1.158e-09;1.13916e-10;1.35778e-10;6.6266e-10;2.80369e-12;3.26563e-13;3.85312e-11;7.45058e-12;1.26742e-10;8.51292e-11;2.32032e-10;8.23157e-11;1.29475e-09;7.46891e-11;2.72321e-10;2.02621e-11;1.4575e-12;2.94927e-12;9.09109e-11;2.41547e-11;3.98857e-10;2.84886e-09;1.05349e-08;1.90475e-08;1.10422e-09;4.04403e-09;3.75053e-09;3.87831e-10;2.40405e-09;2.04195e-09;8.50448e-10;1.10162e-10;1.58604e-10;9.91611e-11;3.3937e-11;6.25987e-11;2.30865e-10;9.84624e-12;1.15e-10;2.48977e-10;1.31604e-10;7.01679e-11;1.24542e-10;9.8134e-10;1.22585e-09;8.50959e-11;1.32117e-10;1.5426e-11;2.21486e-11;5.6854e-11;1.84893e-11;6.20371e-10;3.05395e-10;3.85932e-09;3.22044e-09;2.09028e-09;1.02751e-10;1.19395e-10;3.00709e-10;1.19144e-10;2.09265e-10;8.86365e-11;4.08621e-10;9.19165e-10;3.08417e-10;2.46154e-10;3.90642e-10;9.7921e-10;2.36223e-09;2.0505e-10;4.64286e-08;1.74061e-12;1.73757e-10;2.56237e-10;3.54444e-10;3.27571e-10;4.615e-10;1.49333e-09;3.069e-10;2.9059e-09;2.68869e-10;7.10042e-10;1.30123e-10;1.95522e-09;3.94825e-10;2.44765e-09;5.10105e-09;4.23077e-11;1.21517e-09;1.13014e-10;6.19894e-11;2.20519e-11;1.11797e-10;1.96187e-10;1.46938e-09;1.03833e-10;1.52669e-09;7.73258e-10;2.28365e-09;2.02808e-10;2.38471e-10;2.53711e-10;5.49929e-11;1.85483e-10;5.11492e-11;2.0249e-10;1.3839e-10;8.43171e-11;4.38469e-11;9.22171e-11;6.97146e-11;6.14208e-11;2.59301e-10;1.98807e-09;5.99839e-09;2.709e-10;2.89447e-13;1.35946e-10;5.51044e-11;9.75536e-11;2.45062e-10;4.93463e-11;7.88748e-09;1.34578e-13;1.1982e-10;2.87205e-10;2.65839e-09;1.14108e-09;6.67088e-11;3.48771e-08;5.18406e-13;1.16793e-10;2.36187e-10;6.07132e-11;1.39262e-10;2.99678e-09;8.80956e-11;4.12617e-08;1.39904e-08;4.62777e-07;6.73809e-07;4.47097e-05;7.26095e-05;0.999879;4.10934e-08;2.06953e-09;2.96256e-09;2.92763e-09;8.34555e-08;1.2195e-08;1.0537e-08;5.05261e-11;4.17207e-12;3.17265e-10;7.4316e-11;3.48579e-09;8.13792e-12;2.11002e-10;6.67963e-13;3.10636e-11;6.64839e-11;7.66542e-12;2.8577e-12;8.62202e-11;1.74927e-10;1.17869e-10;3.38765e-11;1.19249e-09;6.50902e-10;9.75774e-10;1.29006e-10;5.70505e-13;8.30829e-11;1.68125e-10;3.12989e-08;6.83609e-11;1.11703e-10;1.26553e-09;1.03153e-11;3.61473e-11;9.65347e-12;5.3196e-10;8.90912e-10;1.25336e-09;3.50328e-11;7.01451e-11;2.23443e-11;6.70069e-10;1.49468e-08;4.37023e-11;1.20765e-10;9.94939e-12;3.64827e-12;1.38803e-09;2.32358e-08;2.83706e-11;6.59748e-11;1.24751e-10;1.05524e-09;7.04748e-13
2.04263e-11;7.13848e-13;3.43045e-13;4.69771e-12;1.58921e-12;3.7273e-12;1.02214e-12;1.62251e-09;7.29268e-13;1.58967e-12;3.73774e-14;1.66455e-13;6.94456e-12;2.28266e-12;2.60941e-12;2.40537e-11;5.5285e-12;3.70345e-12;1.03429e-09;3.33966e-12;1.6482e-11;1.35893e-13;1.62853e-12;2.48165e-11;1.77129e-13;1.5548e-12;1.48838e-11;1.68615e-12;2.47283e-13;1.58025e-12;9.78163e-13;5.09524e-13;4.66324e-12;6.43365e-12;4.8745e-09;4.09956e-12;2.49367e-12;1.84434e-12;6.05767e-11;2.2354e-12;5.49087e-12;2.0329e-10;1.01611e-10;3.88042e-10;8.59991e-11;1.1798e-11;6.76901e-12;4.58533e-13;2.60489e-13;3.6773e-13;1.39273e-13;2.03681e-14;6.4805e-13;4.52505e-11;9.33012e-13;6.18837e-11;2.65538e-11;1.88023e-12;2.10848e-12;3.90387e-12;1.72016e-12;7.31811e-13;8.51611e-13;1.15858e-08;1.4369e-12;2.22938e-11;1.11021e-12;2.4436e-12;6.20107e-13;1.06342e-12;6.15085e-12;2.20094e-14;6.33155e-14;1.43018e-11;7.81364e-10;1.12912e-12;1.1677e-12;9.12366e-12;1.26084e-12;9.3347e-12;1.29116e-12;1.67612e-13;2.43118e-12;8.17219e-13;6.05511e-12;7.0342e-14;4.3186e-14;9.43058e-11;1.16716e-12;1.84042e-12;7.81627e-13;3.24161e-12;2.17997e-12;9.04965e-14;3.24425e-13;2.20777e-13;1.35489e-09;2.12401e-12;4.4547e-12;9.42297e-15;8.06285e-13;2.49485e-12;5.41271e-13;1.64184e-13;3.09201e-14;7.28648e-10;7.09763e-12;1.14362e-12;6.50708e-13;7.05692e-11;3.2675e-12;1.23841e-12;4.48504e-13;1.59461e-12;6.01643e-11;1.29247e-12;2.13933e-12;1.66949e-13;1.71924e-10;1.1056e-12;2.46297e-12;2.63719e-12;5.09987e-11;2.62998e-14;6.14448e-15;6.3952e-14;6.05512e-13;3.29254e-15;1.36401e-13;1.6473e-10;4.34578e-13;1.93441e-11;9.8587e-13;4.42257e-11;2.67034e-12;1.85593e-12;7.31323e-13;2.43151e-12;7.27915e-13;4.80495e-13;3.20918e-13;4.74193e-13;2.96468e-12;1.83778e-12;2.73624e-10;2.96386e-12;4.83819e-12;2.7276e-12;3.71599e-13;9.60807e-13;1.08686e-12;3.28495e-14;8.59133e-14;7.04666e-13;4.74013e-10;1.11818e-12;2.45651e-12;3.72249e-12;1.68511e-12;2.29858e-13;1.12635e-12;1.66833e-12;6.47425e-13;3.04377e-12;1.71596e-12;2.02047e-10;2.17705e-12;5.46816e-12;3.91329e-13;3.60254e-12;3.47291e-13;6.98215e-13;1.09488e-12;3.98847e-13;6.50306e-14;3.31109e-13;4.54805e-10;5.27055e-12;5.65904e-13;2.20672e-12;1.11164e-12;1.76357e-12;9.63733e-12;3.20739e-11;1.42604e-11;5.22187e-12;3.44548e-10;6.93286e-12;6.399e-12;8.99634e-12;2.69268e-12;3.93203e-13;9.21237e-13;2.54239e-12;6.64442e-13;2.50723e-13;1.54141e-12;4.34928e-11;1.61088e-11;2.72015e-13;2.34398e-11;1.50562e-12;2.89543e-12;4.97889e-12;8.17073e-12;9.8883e-12;1.48861e-12;1.7794e-10;1.1999e-12;9.62608e-13;1.49874e-12;6.17695e-12;1.8125e-12;3.90266e-12;3.31517e-13;2.31651e-13;1.13831e-12;3.79881e-14;1.20023e-12;7.38296e-13;6.22103e-10;1.42311e-12;5.8946e-12;2.11003e-12;7.43646e-12;4.28027e-13;1.33176e-12;1.45566e-12;5.65843e-13;9.4514e-14;9.2432e-13;3.57358e-10;5.65759e-14;1.04565e-13;1.03546e-12;2.18872e-14;8.44273e-14;6.762e-14;4.03055e-10;1.27587e-12;6.3805e-13;1.45394e-13;7.77164e-13;1.94767e-12;5.25626e-13;1.04299e-14;1.10888e-14;2.80461e-13;3.8506e-14;2.28229e-14;7.11552e-13;2.40796e-11;3.09669e-13;8.2927e-13;1.35406e-12;1.21967e-12;2.04149e-14;2.41488e-13;6.42283e-13;4.2024e-13;6.11495e-13;8.46705e-13;1.55914e-12;2.38693e-13;2.1964e-13;8.72345e-12;2.41311e-12;1.51765e-12;1.23606e-12;2.47546e-11;2.05398e-12;3.0403e-12;1.20955e-12;1.15256e-13;1.17865e-12;1.36981e-11;1.01124e-13;6.96898e-13;7.42349e-13;7.45694e-12;7.92252e-13;2.69688e-12;4.23497e-12;3.92524e-10;9.07143e-13;6.72132e-12;1.80393e-12;3.55458e-14;4.33607e-12;1.00635e-12;7.63835e-15;1.92281e-13;2.53475e-13;9.31587e-11;9.17389e-12;2.81406e-12;1.53772e-12;2.07373e-09;2.94198e-12;3.28193e-12;3.44287e-12;6.20477e-12;8.76983e-10;1.85564e-09;1.67955e-05;5.21527e-09;2.67448e-07;0.999983;3.61746e-10;1.0239e-10;3.86599e-09;9.87304e-10;9.08937e-08;6.93055e-13;1.33699e-13;2.73799e-13;8.21494e-13;4.49245e-15;1.521e-14;7.87529e-13;1.26424e-10;8.27229e-12;5.38734e-12;2.35315e-11;1.33446e-11;9.00686e-13;4.218e-14;1.4627e-12;3.5866e-14;1.1231e-10;3.07178e-13;4.27645e-12;6.19252e-13;2.95958e-11;3.28703e-13;9.25852e-13;2.92017e-12;4.60692e-09;2.33232e-13;1.33179e-12;8.40338e-15;2.44149e-14;5.50959e-13;4.32793e-11;1.23739e-13;1.32318e-12;7.28284e-13;6.74195e-12;2.28957e-12
3.15091e-08;1.04676e-07;2.12494e-08;5.37022e-07;8.8511e-09;1.65434e-07;6.0972e-08;1.45253e-08;3.74836e-08;1.49374e-08;9.95333e-08;5.09832e-05;3.09839e-09;4.89883e-09;1.33951e-08;2.93484e-08;9.36125e-09;7.65547e-09;1.3169e-07;8.65426e-08;2.7258e-07;9.0556e-10;9.65941e-08;3.77094e-07;3.00476e-08;4.87485e-08;3.4299e-08;2.76755e-09;6.94535e-11;3.45555e-08;2.97492e-08;5.52398e-09;2.13106e-07;3.34966e-11;5.27681e-09;2.43363e-09;5.7618e-09;8.88644e-09;4.19558e-08;3.42965e-10;3.78331e-08;1.4417e-08;3.03301e-08;4.5505e-07;2.43521e-06;9.75975e-10;2.34247e-09;1.65995e-06;2.58654e-05;4.05225e-05;0.937649;0.0616288;0.000250875;7.80518e-06;1.74906e-05;2.54995e-05;0.000240854;5.29027e-09;3.71173e-08;3.77637e-08;8.87257e-09;3.86378e-07;2.00961e-09;4.8368e-07;5.40277e-09;7.71119e-09;7.05624e-09;6.94396e-09;3.92431e-09;8.79884e-08;8.27194e-08;8.82494e-08;1.94513e-09;4.43948e-09;1.02263e-09;4.84602e-09;1.85292e-08;4.30719e-08;7.71564e-08;1.27368e-08;1.38091e-08;6.34602e-10;3.40986e-08;7.50824e-08;1.67174e-08;1.90676e-07;1.77683e-08;4.81577e-09;4.95143e-08;5.97587e-09;2.62754e-09;1.52121e-08;8.54932e-09;3.88986e-08;4.40365e-10;2.90817e-08;1.10391e-07;1.38353e-08;1.90631e-08;1.4593e-10;7.97284e-08;5.2424e-08;2.24988e-07;3.66399e-07;1.3083e-08;4.31224e-08;1.67842e-08;1.15696e-08;2.26523e-08;1.00826e-07;1.02704e-08;8.0445e-09;7.70918e-10;1.22691e-08;1.40682e-07;2.45437e-08;1.45423e-07;1.72812e-08;1.35545e-08;8.66266e-10;1.8064e-08;3.61713e-08;7.47967e-08;2.35037e-11;1.08608e-09;6.73954e-08;1.61843e-06;3.36236e-08;1.24509e-09;2.08007e-10;1.54356e-09;8.32076e-09;6.40009e-09;2.63617e-08;8.65351e-10;2.85446e-08;1.45999e-08;6.07303e-07;1.6941e-08;6.67917e-06;2.85526e-07;2.78235e-08;4.49359e-09;4.01973e-09;4.07156e-07;5.84381e-08;1.65198e-07;3.40446e-08;6.31715e-09;2.11549e-07;4.74179e-08;6.9408e-07;3.52753e-07;1.64756e-06;2.62194e-06;8.81738e-09;6.51811e-10;9.68207e-08;2.99064e-08;2.09545e-09;5.20093e-09;2.55048e-08;1.26555e-07;2.72776e-08;2.68739e-07;2.41506e-09;1.01416e-08;1.62962e-08;3.1161e-08;1.49357e-08;3.41449e-09;7.36314e-08;2.80009e-08;1.21576e-06;1.77912e-06;8.56061e-10;2.24688e-08;8.64926e-08;5.12918e-09;9.51837e-09;2.1022e-09;7.91504e-08;5.34066e-08;6.81162e-07;1.75773e-08;1.00052e-08;4.23175e-09;8.27099e-09;9.14451e-09;1.96905e-08;1.69364e-08;7.65384e-09;4.27005e-08;2.19372e-07;1.78303e-08;5.15926e-09;5.00624e-08;2.98628e-08;5.04977e-10;4.79435e-09;4.85989e-08;4.93597e-09;5.58122e-08;2.3945e-08;1.69839e-06;1.80753e-07;2.92549e-08;9.65208e-09;6.97343e-09;4.13727e-08;3.77264e-09;2.06976e-08;5.43405e-09;4.11703e-09;7.29252e-11;1.77428e-08;3.12833e-09;1.94941e-09;7.041e-11;3.97595e-09;1.13038e-09;1.18809e-08;8.37807e-09;5.74314e-09;2.09271e-08;2.75603e-09;1.37561e-08;2.11909e-08;4.18466e-09;9.41689e-11;2.76397e-09;1.23189e-09;6.12853e-10;1.39192e-08;1.79203e-08;4.07753e-07;2.89747e-08;1.09046e-09;9.84069e-10;3.50259e-09;6.91567e-09;2.46757e-09;2.95865e-08;2.65855e-08;7.23169e-09;5.68345e-11;5.39679e-09;1.01077e-08;1.07244e-08;2.74085e-09;1.91699e-09;2.06287e-09;5.52104e-10;3.38512e-09;6.28301e-09;8.59891e-10;1.94549e-09;1.01868e-08;8.31048e-09;5.28362e-09;9.7792e-09;1.4393e-07;2.04926e-07;4.03315e-09;5.51607e-08;2.81302e-11;6.72439e-09;7.36638e-09;6.16678e-09;4.27282e-09;6.15944e-09;4.47007e-09;6.06086e-14;1.36139e-10;7.57328e-10;4.60075e-08;1.3285e-06;4.15688e-08;1.14358e-07;1.01894e-10;1.48779e-09;3.6198e-08;1.50001e-08;1.87549e-10;4.77884e-09;8.26515e-09;1.83248e-09;1.15885e-11;1.26606e-08;2.23201e-09;4.12562e-08;1.58012e-08;2.48046e-09;1.76256e-12;1.33467e-08;4.19163e-09;1.44614e-08;2.33579e-09;2.21629e-10;6.60702e-10;6.2524e-09;1.37006e-10;6.78553e-08;1.91302e-08;9.86218e-06;2.83408e-07;8.80513e-09;1.4493e-09;7.48715e-09;1.87076e-08;9.8713e-11;4.8912e-10;5.48624e-11;4.29978e-09;1.26446e-10;1.18839e-08;1.27839e-08;1.48969e-07;6.21711e-08;4.82065e-09;9.32113e-09;3.91522e-09;4.21734e-09;1.83272e-10;2.98544e-09;6.48125e-09;9.59973e-08;3.17464e-08;3.85793e-10;1.09495e-11;8.12697e-10;1.75525e-08;7.89885e-09;2.34237e-09;3.4215e-09;2.09334e-09;1.37508e-06;1.01852e-07;1.06431e-09;3.97385e-08;7.6425e-08;1.50601e-05;1.16575e-08;1.78577e-10;1.5225e-09;3.10723e-08;6.58808e-08;1.18551e-08;5.09293e-09
1.15467e-08;5.21878e-10;4.62438e-10;2.3501e-09;4.32671e-09;1.62953e-10;1.62951e-08;1.09797e-07;1.15031e-09;1.67486e-09;2.241e-11;2.42223e-11;4.41415e-06;4.01866e-09;3.40884e-09;3.37686e-07;8.15608e-08;3.24988e-09;2.51451e-05;1.92446e-08;1.49305e-08;1.53289e-09;8.07989e-09;1.72626e-07;3.86285e-09;2.89337e-10;4.24384e-06;2.7238e-10;6.08674e-11;1.28936e-10;2.23732e-11;1.89775e-09;7.56642e-12;3.8469e-11;2.90727e-08;7.72486e-09;3.36376e-09;1.91857e-09;4.03304e-07;6.16201e-10;9.29293e-07;2.74763e-09;4.25967e-09;1.97016e-09;2.47036e-09;1.10386e-09;3.18677e-09;3.51846e-10;5.68091e-10;2.24807e-10;3.80419e-07;9.52198e-12;3.061e-11;9.51388e-10;1.66639e-08;6.22515e-09;1.0639e-07;1.04746e-09;4.96185e-09;5.31582e-09;3.61345e-09;2.59848e-12;7.40008e-09;6.55313e-07;5.94354e-09;1.59057e-08;8.28672e-10;3.68859e-09;7.46702e-10;2.35691e-09;1.22422e-08;2.08482e-10;1.58791e-10;9.3075e-09;3.59414e-05;4.28809e-09;3.82157e-09;7.87632e-06;2.49725e-08;2.00687e-07;1.04094e-07;2.52459e-07;1.50976e-06;1.71035e-06;0.00246991;1.15604e-05;0.00183857;0.995435;9.89533e-06;2.16781e-08;1.17859e-08;1.87724e-08;1.25799e-08;7.34839e-10;5.69156e-11;9.8363e-08;1.79942e-05;3.57085e-07;1.50206e-07;1.54877e-10;2.44065e-10;1.3509e-08;2.54714e-07;1.0793e-10;1.45207e-09;5.4404e-08;1.26811e-08;2.17017e-09;3.37965e-09;4.26536e-07;1.05958e-09;1.12749e-09;4.90529e-09;5.07889e-09;5.39652e-08;9.63471e-09;3.43637e-09;6.66675e-10;7.09273e-07;1.98552e-09;1.59502e-09;1.90522e-09;8.25463e-08;1.01644e-11;3.27569e-12;2.17179e-10;2.77699e-08;2.47933e-14;3.4232e-11;4.68854e-07;7.43216e-09;7.40505e-09;9.72839e-09;7.08282e-08;5.63651e-11;5.03168e-09;5.1739e-10;6.68618e-09;7.15426e-09;8.03614e-08;2.26854e-09;1.28459e-09;2.17566e-07;1.57876e-08;1.08673e-06;3.8816e-09;2.78709e-08;4.55685e-08;1.83123e-09;5.65899e-09;1.52474e-08;3.56368e-10;2.40087e-10;4.60393e-09;5.42816e-05;4.6682e-09;1.74361e-08;7.08727e-10;6.28053e-08;4.41801e-08;1.70195e-09;1.2118e-08;2.07542e-07;3.4923e-08;2.21112e-08;1.47044e-05;1.37747e-08;7.97114e-09;2.04192e-08;8.87538e-09;5.702e-09;3.21176e-09;3.05015e-08;8.20037e-08;4.70089e-08;2.17265e-08;1.12084e-05;3.53183e-09;2.02545e-10;1.03564e-08;2.36527e-09;1.30536e-08;1.375e-08;7.17806e-08;2.57422e-08;1.62878e-08;5.47558e-07;1.94216e-07;7.39909e-09;3.7923e-09;2.27607e-08;4.43491e-09;7.72314e-09;6.56207e-09;3.85901e-07;2.467e-10;1.78643e-07;4.89399e-06;2.12435e-08;1.80232e-09;5.38718e-08;3.51982e-09;6.3279e-09;7.78268e-09;1.12757e-08;7.69349e-09;2.80398e-09;3.57788e-07;7.23755e-09;8.78302e-09;1.53846e-09;1.19236e-09;1.465e-09;1.08983e-08;9.67281e-11;3.53221e-09;5.28069e-09;6.62157e-10;2.04267e-10;4.18047e-10;1.91591e-06;3.39574e-09;4.51288e-09;1.33406e-09;1.40025e-08;2.38662e-08;3.06947e-08;9.14273e-09;1.80857e-08;7.42054e-09;2.00042e-08;1.79064e-05;1.33265e-10;7.16803e-11;1.63589e-10;6.32734e-11;1.44443e-12;3.63979e-10;4.09281e-06;6.81445e-09;3.82723e-09;5.13001e-08;2.28331e-09;3.07765e-09;4.65698e-09;3.57653e-11;4.73696e-10;1.85172e-09;8.49014e-11;6.18114e-12;1.45201e-08;8.59283e-07;3.30318e-08;1.77715e-08;9.45988e-09;3.98295e-08;5.05523e-10;2.13784e-08;8.0549e-09;4.02883e-09;1.1182e-09;1.2543e-08;7.17856e-11;2.65339e-10;2.59908e-07;7.68435e-06;1.19741e-08;4.88769e-09;2.35478e-08;6.75121e-08;2.81218e-09;9.57273e-09;3.65275e-09;1.97443e-11;2.09512e-10;9.3035e-11;4.14154e-10;2.01472e-11;1.53371e-10;1.33872e-06;2.19007e-08;5.76102e-08;3.06184e-07;4.7369e-08;1.92703e-09;4.32679e-10;2.60915e-09;2.08398e-12;8.43752e-12;1.19886e-10;1.46389e-09;3.10517e-11;5.51237e-11;6.49588e-09;6.2983e-09;3.57339e-09;1.45915e-08;1.15599e-06;3.99679e-08;2.69972e-07;1.43774e-09;5.46052e-12;5.14174e-10;2.83906e-10;2.20679e-08;4.75168e-11;3.88133e-09;5.34643e-07;1.59085e-08;4.08581e-09;5.33174e-09;6.22624e-11;9.29435e-11;4.10185e-09;9.36515e-11;2.1562e-10;8.80601e-10;5.34202e-11;4.98712e-14;1.58658e-12;1.4261e-06;3.64533e-08;1.57066e-08;2.9746e-10;3.95513e-09;5.7575e-09;1.79252e-10;5.67071e-09;1.44551e-08;9.84567e-09;1.71294e-09;1.67637e-09;2.62869e-08;1.57326e-06;2.52757e-09;8.90459e-09;8.65298e-10;4.69795e-12;7.99457e-10;7.92125e-09;8.50534e-11;2.51982e-11;5.44485e-09;3.92868e-08;1.70773e-10;2.5053e-09;1.1668e-08;1.22346e-07;4.86871e-08
1.23086e-08;2.39643e-10;8.10163e-10;4.62656e-09;2.39007e-07;1.17496e-07;1.29286e-06;5.32859e-10;6.32227e-09;2.83273e-09;2.03371e-08;6.68107e-10;7.36716e-10;1.87924e-08;1.81719e-08;2.81562e-09;3.5962e-07;2.17557e-09;9.6158e-09;1.94068e-08;6.07739e-09;1.6708e-08;6.4688e-08;3.06194e-08;2.48971e-08;3.19557e-08;1.60781e-07;6.87433e-10;1.47088e-10;5.36307e-12;1.07733e-10;5.95612e-13;4.11081e-11;2.44865e-08;4.98224e-12;3.46055e-08;1.01223e-09;3.72437e-09;1.71863e-07;6.67488e-07;1.63836e-07;2.01844e-09;2.73641e-09;2.82621e-09;8.71596e-08;1.30483e-08;1.6492e-07;1.08907e-06;2.37067e-06;3.34329e-06;0.00049519;6.90787e-05;0.999297;3.83483e-06;2.48599e-05;3.45429e-06;4.93552e-05;1.5677e-08;8.18263e-09;1.5849e-08;3.22069e-08;5.09144e-08;4.59695e-08;9.80924e-10;3.80248e-09;1.31263e-08;5.77649e-09;2.25578e-08;1.12894e-08;9.64362e-09;2.05985e-08;3.38947e-09;2.58659e-09;4.70692e-09;2.74641e-10;3.44889e-09;2.15304e-09;1.03484e-07;6.1167e-08;1.47992e-07;1.33783e-09;1.20896e-08;8.77631e-09;1.80941e-08;9.46106e-10;2.11899e-10;6.07148e-07;3.34912e-11;2.022e-08;3.63072e-09;6.6097e-09;2.30822e-08;2.22865e-09;3.60064e-09;8.29986e-11;2.4226e-07;6.69451e-11;1.51526e-08;5.57542e-08;4.20909e-09;1.34203e-08;3.47209e-08;4.85154e-09;1.47532e-10;9.50295e-06;1.23528e-11;2.20904e-09;1.77938e-09;7.86826e-09;8.34464e-08;1.16298e-08;4.82423e-06;2.02816e-09;3.68659e-09;1.83191e-09;1.15567e-08;2.55847e-10;4.42653e-09;1.61774e-08;6.86916e-10;1.63095e-08;2.38104e-08;2.21467e-08;2.85769e-11;1.00298e-11;1.54105e-09;5.87006e-09;3.55245e-12;2.64489e-06;2.18296e-12;3.18833e-08;2.18984e-08;1.28703e-07;5.49576e-08;9.05475e-09;1.73859e-06;6.79356e-08;7.05645e-09;6.95825e-08;3.21154e-06;1.7442e-07;1.92951e-07;4.22443e-08;2.31968e-08;8.949e-09;1.44917e-07;4.52833e-07;1.81583e-09;3.34715e-09;4.61761e-09;1.99072e-09;3.33117e-09;8.72803e-11;8.11529e-08;1.34961e-11;3.98017e-09;3.8824e-08;7.08291e-08;6.7912e-09;7.44907e-08;2.69202e-09;6.66872e-09;1.92614e-08;1.80547e-09;2.28299e-07;2.83076e-09;2.13309e-10;2.95466e-08;4.16456e-08;3.23646e-09;2.03084e-08;1.95248e-09;2.15852e-07;4.65278e-10;5.93468e-08;2.78331e-09;6.98442e-12;3.9133e-09;2.26666e-08;2.84571e-08;7.04617e-09;1.16185e-08;5.90086e-09;3.50051e-08;3.90043e-08;9.60311e-06;8.30277e-10;3.40906e-08;2.69985e-08;1.49726e-08;6.87519e-09;3.22554e-08;1.48733e-08;2.32137e-08;2.12954e-08;3.02252e-09;4.21337e-08;1.48312e-09;2.01366e-09;1.31003e-08;6.81827e-08;2.30529e-09;6.79851e-09;6.74477e-09;8.07415e-10;1.52132e-09;4.48387e-08;1.68062e-10;1.26564e-07;1.65047e-08;4.26537e-09;5.51177e-09;1.27097e-07;2.20617e-09;6.48345e-09;6.29461e-09;2.09895e-09;7.01875e-08;1.40221e-09;1.01803e-09;3.92418e-13;5.70188e-09;5.74645e-09;5.7083e-09;3.01861e-09;8.13434e-09;5.46617e-09;3.57252e-09;2.53594e-12;5.22032e-10;1.69781e-08;2.80688e-12;3.8557e-08;2.41748e-09;7.1363e-08;2.48643e-07;1.89837e-08;2.45916e-07;1.56316e-09;6.49333e-08;5.32594e-09;1.02124e-07;2.18445e-08;5.38785e-08;3.02364e-09;2.68899e-11;3.39439e-10;1.43367e-09;2.63066e-12;1.0939e-10;6.16645e-08;6.41313e-12;3.74962e-07;2.99292e-07;8.36546e-08;5.60558e-08;1.72265e-07;4.80533e-08;4.75765e-09;4.61118e-08;4.92401e-09;4.444e-08;3.47367e-09;8.14388e-10;1.30628e-07;1.8162e-09;2.41894e-09;6.12391e-09;1.35489e-08;1.66505e-07;1.10006e-08;1.34681e-07;5.08315e-14;6.25142e-11;7.56719e-13;1.16706e-11;2.44675e-12;8.3317e-11;2.98933e-10;1.69167e-14;3.60219e-09;2.38972e-08;4.83699e-09;7.09651e-10;1.14238e-08;4.09533e-09;9.39651e-09;1.88026e-10;3.35836e-13;2.39834e-11;3.74804e-13;2.84029e-11;4.62046e-08;5.98562e-13;1.14475e-09;8.4573e-10;1.01432e-08;4.73555e-11;5.74587e-10;1.57903e-08;3.3902e-09;9.42484e-10;9.62459e-10;2.47807e-10;2.39532e-11;1.5354e-08;5.82916e-08;1.31095e-12;2.19959e-09;9.95732e-08;2.84842e-11;1.74483e-08;7.88495e-11;1.16761e-08;8.71407e-09;5.45147e-09;4.66973e-08;2.61172e-06;1.30319e-08;3.33915e-11;7.34911e-10;4.01333e-09;7.07458e-09;1.67849e-09;9.01493e-10;8.13821e-10;3.57298e-12;1.00636e-08;8.22037e-08;6.66999e-13;4.2565e-09;8.24866e-10;1.85075e-08;2.46741e-10;1.78688e-08;4.08473e-08;9.54143e-10;8.92089e-13;1.88424e-08;4.01615e-08;8.68666e-09;1.33672e-11;4.87768e-06;6.88344e-11;2.55382e-09;1.32155e-09;1.45362e-07;2.88466e-09;3.90631e-08
2.18031e-05;3.9053e-08;5.82986e-09;8.3003e-10;1.87791e-08;8.23936e-10;7.12023e-09;8.33823e-10;1.12637e-09;6.6998e-10;7.3897e-09;2.45205e-11;9.14138e-10;3.23824e-08;7.64857e-10;2.28952e-08;8.72678e-08;8.21192e-10;4.95901e-10;2.21206e-09;4.96177e-10;1.50354e-06;9.3691e-11;1.13754e-08;2.28153e-09;1.44832e-10;3.69836e-10;1.94942e-09;1.54969e-06;9.37277e-12;4.95693e-10;4.67787e-08;2.63286e-11;6.25426e-13;4.73845e-12;1.18297e-07;7.58871e-10;1.4749e-09;4.21196e-11;1.4639e-11;1.02137e-12;4.15534e-10;1.13015e-11;7.27634e-10;9.26692e-10;2.5309e-10;1.95097e-08;1.00608e-05;4.83107e-10;8.10783e-10;3.28792e-09;1.69877e-12;9.71694e-07;1.13042e-10;1.63109e-11;8.53578e-11;1.30401e-10;2.64183e-06;6.51424e-10;2.0233e-09;1.14714e-08;2.06955e-09;8.34792e-10;6.20647e-10;1.58389e-08;1.94737e-09;1.21783e-10;5.1186e-10;1.28689e-06;8.44453e-10;1.58209e-09;9.76846e-09;5.00177e-12;2.19002e-09;3.2736e-11;5.96606e-09;8.41162e-10;5.19693e-08;2.61733e-09;8.20967e-09;1.19757e-09;1.35006e-06;5.4033e-10;5.96155e-10;8.75684e-10;9.90836e-12;3.18343e-10;2.7816e-11;2.45537e-09;4.74387e-10;1.06119e-06;3.95688e-09;9.81169e-10;5.60555e-09;2.29631e-12;9.59631e-11;2.41924e-11;1.32335e-09;2.34384e-10;5.21332e-07;4.46938e-11;2.22288e-10;1.81415e-09;4.2204e-10;1.07646e-09;2.50909e-11;1.9264e-07;8.73114e-10;8.19521e-10;1.87894e-10;1.183e-11;2.44037e-11;4.82567e-07;1.66337e-09;1.4938e-09;1.67731e-06;1.01383e-09;1.21292e-08;3.03266e-11;1.59255e-09;5.4455e-10;3.2131e-12;3.13364e-11;9.81036e-06;3.06416e-10;5.53698e-10;1.4938e-09;1.55779e-11;2.13227e-09;6.96587e-12;1.41268e-06;1.8152e-10;1.05256e-09;2.89701e-10;4.23941e-11;2.45366e-10;4.87028e-07;1.96305e-09;1.04057e-09;2.10126e-10;6.35168e-10;1.21726e-10;1.17204e-10;4.34066e-08;1.00769e-10;2.07901e-11;7.59352e-11;5.80454e-10;3.85962e-06;7.68522e-10;5.70682e-10;6.93906e-11;1.48087e-09;1.50483e-10;9.50456e-12;9.13666e-09;1.13495e-09;3.4605e-12;1.49208e-11;8.24261e-07;9.38845e-10;4.08279e-10;3.69084e-10;1.57052e-11;2.16206e-09;1.19042e-12;2.27185e-11;3.01699e-11;9.13454e-10;3.40312e-10;7.06748e-07;1.25068e-09;9.42853e-09;1.04427e-09;1.1198e-10;7.45662e-10;9.59706e-12;1.28801e-10;2.39084e-11;2.35284e-11;7.85516e-07;2.58205e-10;9.2855e-10;4.48014e-09;4.07863e-09;1.25186e-08;2.70365e-10;8.41418e-09;5.6659e-10;1.23532e-09;1.43903e-09;9.81538e-06;1.17217e-08;1.96812e-08;6.95211e-07;1.95521e-08;1.30859e-07;1.19605e-09;4.34398e-09;6.74266e-10;1.35273e-09;1.41794e-05;9.34083e-09;8.05763e-08;2.14709e-08;1.2921e-08;2.49174e-09;1.33814e-09;1.10591e-07;1.28387e-10;2.10849e-09;1.00715e-10;1.99831e-09;1.24166e-09;3.12809e-06;3.5796e-09;5.48345e-09;4.6234e-10;3.94786e-10;3.54993e-09;2.00784e-11;1.16758e-08;3.0843e-09;5.19465e-10;8.06517e-10;2.04598e-06;2.39424e-09;3.71014e-09;1.07389e-09;5.02362e-10;1.84956e-09;1.06535e-11;1.03707e-05;4.59175e-11;1.2938e-09;8.95729e-10;6.21966e-12;9.50671e-11;3.66198e-11;8.85088e-08;7.45007e-10;6.89803e-09;4.26101e-10;5.23527e-11;1.13927e-09;1.04258e-06;1.8291e-09;1.98649e-10;2.0842e-11;4.37034e-12;1.16593e-11;4.37307e-12;9.0743e-08;7.68029e-11;1.67973e-10;7.01578e-11;1.80362e-11;6.24723e-11;2.18061e-09;8.49092e-06;5.45282e-09;8.27993e-09;2.00999e-07;1.07983e-09;3.67129e-09;1.25685e-09;6.06323e-08;2.39483e-09;2.39302e-09;6.96444e-07;3.25144e-09;4.75671e-09;9.32351e-14;4.20028e-06;4.94898e-11;8.56091e-11;3.49591e-08;1.86165e-10;1.44533e-10;5.54293e-12;8.18059e-08;2.7423e-11;3.58151e-11;8.29928e-11;1.22749e-11;5.15158e-12;5.464e-11;1.98892e-07;2.21242e-12;4.98595e-11;4.88481e-10;1.46918e-11;6.43845e-11;2.70198e-15;2.06977e-08;1.96461e-10;3.08462e-10;1.5553e-09;8.30515e-10;1.89978e-09;1.78445e-09;5.01864e-06;5.78745e-11;5.93461e-10;3.10055e-06;2.36357e-11;3.76155e-10;1.70388e-16;1.10434e-07;2.79473e-09;7.4882e-09;3.37634e-12;9.76981e-12;1.44594e-08;0.000377826;4.24142e-08;1.83364e-07;0.999361;1.20257e-08;0.000122977;7.41143e-07;4.54156e-06;1.56297e-07;2.46599e-09;2.00594e-07;2.04082e-10;2.21659e-12;5.37896e-08;9.24299e-09;8.60698e-11;9.83034e-08;1.33119e-10;4.94552e-09;1.32338e-09;3.59886e-09;1.26047e-10;6.46982e-10;1.62184e-11;5.5629e-07;8.58579e-10;1.48053e-09;1.26492e-13;4.32731e-09;1.88034e-12;3.442e-06;4.16118e-10;1.32558e-09;5.33665e-09;1.8494e-10
2.01047e-09;2.52757e-10;3.34224e-10;9.0642e-12;1.87617e-10;2.78884e-09;1.89744e-09;5.93045e-10;7.67365e-11;9.39011e-11;3.60895e-11;1.95976e-10;1.18065e-12;3.18119e-10;9.47918e-11;1.62906e-10;7.01733e-09;5.73052e-11;3.86154e-12;1.1789e-10;5.1593e-10;6.16659e-10;5.59328e-11;1.13312e-10;3.44769e-09;5.02003e-11;1.43766e-11;0.999999;1.24082e-09;1.09383e-11;1.8979e-10;8.40574e-10;4.44476e-11;3.3183e-09;1.24573e-12;2.22182e-09;9.22547e-11;8.45292e-11;2.44048e-12;9.7143e-11;1.89601e-11;1.76057e-10;2.07239e-09;1.35312e-09;2.41592e-08;8.1389e-08;1.65498e-07;2.30597e-09;3.27701e-10;8.92006e-11;1.03376e-10;8.71915e-11;1.87892e-07;1.32106e-10;3.22563e-11;6.99126e-11;3.05079e-11;7.35986e-10;4.45882e-11;3.10839e-10;2.51371e-09;6.03357e-09;7.49798e-11;3.28149e-12;2.582e-10;8.9674e-11;4.47373e-11;5.87064e-11;9.15433e-10;9.24821e-11;1.77058e-11;4.56725e-10;5.22568e-11;8.79361e-12;4.75273e-14;1.14981e-10;4.06204e-11;3.51458e-11;1.19999e-10;7.73953e-11;2.99861e-10;6.35987e-10;2.0173e-11;6.40009e-11;3.80811e-11;7.31943e-11;1.11176e-11;1.18136e-12;3.46881e-11;4.59314e-11;7.63807e-10;1.98565e-10;4.91684e-11;2.239e-09;2.71897e-10;6.01752e-11;7.0475e-13;9.00621e-11;1.05828e-11;4.29204e-08;1.37251e-10;2.29193e-11;9.37059e-13;4.41453e-10;1.42726e-10;6.57556e-13;5.88614e-10;6.71906e-11;4.40208e-11;4.89367e-12;2.21879e-11;5.41639e-11;9.67444e-09;4.97549e-11;4.48513e-10;8.86576e-09;7.42045e-10;1.67829e-08;1.30529e-11;1.63875e-10;3.4421e-10;2.47724e-11;6.27264e-12;1.52879e-09;4.35544e-12;2.87722e-10;1.77783e-10;8.39204e-12;1.896e-10;1.17445e-13;4.53645e-10;3.93964e-11;6.75427e-11;5.8759e-12;1.21156e-10;1.26325e-12;3.03939e-10;4.26538e-11;3.01969e-11;3.14184e-11;9.47641e-11;3.90023e-11;3.07113e-12;2.85877e-10;6.99801e-12;3.93735e-11;2.48e-11;3.00725e-11;1.19902e-09;2.22968e-11;9.68883e-11;3.72253e-10;1.23129e-10;1.99518e-11;5.72258e-13;8.75397e-11;1.68802e-10;2.07199e-11;6.66641e-12;6.65093e-10;8.10639e-11;1.4372e-10;2.06109e-09;1.30573e-10;3.74617e-10;6.63561e-13;3.42588e-10;6.38669e-11;3.6901e-11;5.8051e-11;2.62229e-09;1.78937e-10;2.48833e-10;5.15133e-10;2.72526e-10;1.25709e-09;6.098e-12;8.00488e-10;1.36191e-10;8.13356e-11;5.52822e-10;1.06956e-10;2.76255e-11;1.00854e-10;1.06886e-10;3.77667e-10;7.00262e-12;5.98413e-11;2.49222e-10;7.74416e-11;5.01235e-11;8.55412e-10;1.10584e-10;1.4538e-10;4.37135e-12;1.0434e-09;1.06487e-10;5.49945e-13;3.21823e-11;8.38294e-11;1.56877e-11;7.90688e-10;7.5567e-11;8.51698e-11;1.61299e-10;5.3289e-10;1.01942e-10;2.68606e-11;2.81332e-10;2.96076e-11;6.03014e-10;1.00146e-10;1.32612e-09;5.02801e-11;7.66421e-10;1.2605e-11;8.68016e-11;5.2723e-11;3.89588e-10;2.97496e-10;5.56205e-13;1.60649e-10;1.27197e-10;2.97942e-10;2.91296e-11;5.05299e-09;1.76237e-10;3.92423e-10;4.52025e-08;1.19183e-09;6.79671e-10;1.18617e-12;6.1521e-10;1.52988e-11;7.42238e-11;2.12982e-10;4.25002e-11;9.39385e-12;3.32147e-14;3.74728e-10;8.1394e-11;3.83066e-10;4.05656e-11;3.39951e-11;7.78654e-11;2.35603e-09;1.90164e-10;4.98122e-11;8.99038e-10;3.08627e-10;3.85578e-10;1.13184e-12;4.0085e-10;3.51922e-11;7.85259e-11;3.53426e-11;1.68802e-10;1.80327e-10;1.48905e-10;5.47979e-10;2.48783e-10;3.522e-11;7.43393e-10;7.04101e-13;9.39435e-12;1.1737e-13;1.58933e-10;5.54203e-11;1.92135e-10;2.86292e-11;1.29654e-10;1.86613e-11;4.24835e-13;2.8197e-10;6.19218e-12;1.62787e-11;2.16615e-10;1.1922e-10;4.67059e-09;1.59169e-14;1.53712e-09;1.72532e-11;8.29183e-11;8.65921e-12;3.73107e-11;1.46686e-11;2.38116e-11;5.0821e-12;1.76547e-12;1.36083e-11;5.1243e-12;9.62618e-11;9.85753e-12;2.1416e-10;7.1597e-11;1.37522e-11;3.66239e-11;4.19194e-11;1.50026e-09;5.30971e-11;1.53753e-10;1.21611e-10;2.552e-12;5.32512e-11;1.30321e-12;1.11599e-11;3.73459e-11;3.6118e-16;2.4881e-10;2.34962e-11;6.74677e-08;3.30225e-10;9.83237e-11;1.59542e-10;3.46295e-09;1.51195e-10;1.07796e-09;1.89345e-09;3.4615e-09;3.40159e-07;2.94466e-11;1.17441e-10;1.38112e-10;6.29689e-13;1.34903e-09;4.23896e-10;1.56248e-08;1.37289e-10;1.2527e-09;8.89232e-12;9.51845e-10;5.21602e-11;7.48488e-11;1.06237e-11;1.23262e-10;5.17005e-11;4.34007e-09;8.58752e-12;9.90452e-10;4.07162e-11;8.32004e-11;8.00131e-12;7.19421e-10;4.55207e-13;2.40579e-09;1.08808e-10;6.97161e-11;1.36303e-10;6.25599e-11
1.41381e-08;2.53714e-09;2.72699e-09;6.16317e-11;4.37611e-10;3.89297e-09;2.75617e-09;8.97728e-09;7.77162e-10;1.1296e-09;1.37061e-06;1.48115e-10;1.00032e-11;1.86554e-10;2.80261e-10;1.00015e-09;1.09376e-08;1.88349e-10;4.70926e-10;1.49091e-10;2.93312e-08;6.09824e-11;4.72039e-10;9.18761e-10;5.7757e-11;1.79876e-09;2.98084e-10;0.999995;1.48296e-09;1.158e-10;5.33104e-10;6.95238e-08;1.73972e-10;2.49298e-10;4.69281e-09;3.54352e-10;5.47892e-10;2.48762e-10;4.0233e-10;1.85643e-10;2.61812e-11;1.17542e-08;2.17473e-09;3.12083e-09;1.54556e-08;2.12558e-10;1.25229e-09;4.37018e-10;9.16256e-09;5.09197e-09;1.38919e-10;1.55946e-12;3.30611e-10;1.23394e-09;4.62778e-12;8.39786e-11;2.60596e-10;8.82819e-10;4.99337e-10;2.74343e-10;1.97906e-09;1.75541e-09;2.25641e-10;5.22186e-10;4.27521e-10;7.76698e-10;1.19221e-09;1.4893e-10;1.47054e-09;1.01471e-09;5.19063e-10;2.44734e-08;3.31186e-09;2.60473e-11;2.8371e-11;3.43317e-10;1.6986e-10;4.34929e-10;4.71589e-10;6.6335e-10;4.57237e-10;4.36167e-10;2.08673e-10;3.90057e-10;4.90003e-11;5.91358e-11;1.60652e-10;1.28648e-10;1.44526e-10;1.81191e-10;6.11988e-10;1.05592e-09;7.63795e-10;8.86149e-08;2.06895e-09;5.43922e-09;4.49684e-08;2.86706e-09;5.23307e-10;6.46391e-10;3.20682e-09;9.67348e-10;3.19249e-11;9.34016e-11;1.82015e-11;5.24289e-10;2.20578e-10;2.62502e-10;9.07431e-11;1.04671e-10;1.47231e-10;1.82891e-10;2.94025e-09;2.86659e-10;1.35264e-09;6.40206e-08;6.48214e-09;6.57299e-09;3.86367e-09;2.01596e-11;4.19869e-10;3.46888e-11;1.02243e-10;4.62857e-09;1.45302e-09;4.89047e-10;5.75077e-10;5.3723e-11;1.58043e-12;4.29968e-10;1.53637e-10;4.39009e-09;5.19132e-10;5.40935e-13;1.56748e-11;4.56559e-12;1.25082e-10;5.99654e-11;8.28596e-11;6.91511e-11;1.76822e-11;3.33007e-11;4.54201e-11;2.01135e-10;1.86309e-10;3.28774e-11;1.39384e-09;2.24809e-10;2.30175e-10;1.74108e-09;3.11832e-10;1.45859e-09;4.69708e-09;8.1871e-10;6.43091e-11;2.35848e-10;1.6067e-11;1.25108e-11;1.94534e-10;2.64752e-10;3.09024e-10;8.57645e-10;2.74139e-08;6.27493e-10;1.7536e-10;2.28814e-10;7.01734e-10;2.80847e-10;1.2734e-10;2.21945e-10;2.94721e-10;5.88794e-10;1.56643e-09;5.62106e-09;4.83079e-11;1.35603e-09;1.20994e-08;3.34399e-10;1.32864e-10;5.41471e-09;5.22638e-10;2.61197e-10;4.59906e-10;2.82229e-10;6.6736e-12;4.55307e-09;2.88887e-10;1.37341e-09;1.06051e-10;2.29136e-09;1.20925e-09;5.62724e-10;3.92581e-10;8.59286e-10;7.76029e-10;2.21811e-10;1.17867e-10;6.55837e-11;9.77533e-10;2.41522e-10;9.42548e-11;4.81697e-10;7.52966e-10;3.17555e-10;8.18554e-10;1.79834e-09;2.21539e-09;8.02613e-10;5.73172e-10;1.68343e-10;8.14522e-11;3.21742e-09;1.1157e-09;1.85842e-10;2.20701e-10;3.21744e-10;2.59988e-10;2.36343e-10;4.46679e-12;8.28927e-11;2.97523e-10;1.64159e-10;1.90348e-10;1.67653e-10;1.87792e-10;9.86551e-10;2.08524e-09;2.14212e-09;4.78507e-09;6.09749e-09;8.14013e-09;2.23569e-10;2.30827e-10;4.56041e-11;5.39845e-10;2.24526e-09;2.13984e-11;2.93872e-10;1.25944e-10;4.46221e-10;5.24221e-10;9.6468e-10;6.65341e-11;1.29575e-09;3.16874e-10;7.23626e-10;1.03587e-09;1.03408e-09;8.28735e-10;2.34317e-08;3.86125e-11;8.34483e-10;1.22135e-09;9.9749e-10;3.06634e-10;1.14817e-10;2.68056e-10;4.82617e-10;4.21798e-10;2.93027e-10;2.4904e-09;1.74948e-10;3.15205e-09;6.93516e-10;2.52026e-11;6.88353e-11;3.06213e-10;2.5144e-10;3.69634e-10;5.57203e-09;2.95493e-10;3.6101e-10;2.34801e-06;8.93793e-12;1.35033e-11;1.02883e-10;1.55326e-11;1.7467e-12;4.12365e-09;3.32791e-11;1.62997e-10;1.75069e-09;2.60593e-10;5.8519e-11;1.7723e-11;6.28942e-11;5.96603e-10;2.92346e-11;8.86754e-10;2.7832e-09;7.56419e-09;2.71445e-11;6.25774e-11;8.62597e-08;4.65078e-10;1.98379e-10;6.4002e-10;1.07965e-09;2.91623e-10;1.48011e-10;4.77238e-10;2.7256e-09;7.01853e-10;2.11924e-09;9.68056e-10;1.60552e-09;8.59244e-11;1.12069e-10;1.99676e-10;6.5377e-10;3.06638e-11;8.50428e-11;1.29868e-10;3.65468e-10;5.82105e-10;3.5777e-10;1.03188e-09;6.69154e-09;2.28077e-09;7.51296e-11;7.02837e-09;2.34677e-10;7.70274e-10;5.89476e-12;1.60022e-09;4.25825e-09;3.62227e-07;8.93592e-10;6.17749e-09;1.87636e-09;8.27839e-10;2.6364e-09;7.5954e-10;1.29876e-09;3.6621e-10;1.08101e-10;8.46729e-10;9.46268e-12;8.58506e-10;2.39782e-10;1.13962e-08;1.16118e-10;8.08288e-11;8.29519e-10;1.15934e-10;3.33402e-10;1.54222e-10;1.58382e-10;2.45113e-11
1.80742e-11;2.69289e-09;6.36788e-09;1.16906e-09;5.7438e-09;1.11605e-09;7.22871e-09;1.19113e-09;6.90284e-10;1.6321e-09;3.39904e-10;2.72832e-09;1.01383e-10;3.12753e-10;2.68842e-10;1.9011e-09;3.8007e-09;3.30663e-10;3.49679e-09;3.31532e-10;5.57573e-10;2.1455e-11;2.20393e-10;2.07953e-09;4.03361e-11;1.50387e-10;2.48907e-10;5.17608e-10;1.65328e-11;1.05492e-09;2.84048e-11;1.03978e-09;8.21006e-12;1.48654e-10;1.17674e-10;1.912e-10;4.74454e-10;2.89002e-10;1.87169e-09;4.31165e-10;2.25874e-12;1.05919e-09;3.60814e-11;1.30027e-10;1.04068e-09;5.36039e-10;1.56615e-10;1.10363e-10;3.17599e-09;2.40959e-09;1.0986e-10;3.5396e-11;3.50613e-10;2.87864e-09;1.6076e-09;3.89422e-10;9.00673e-10;9.14076e-10;5.23788e-10;2.08074e-09;3.36352e-09;1.23129e-09;7.86799e-09;3.93128e-09;1.47182e-10;1.21041e-08;9.50997e-10;3.80798e-10;2.57448e-10;2.68514e-08;8.4611e-09;9.83494e-09;6.82448e-11;8.33888e-10;8.93294e-10;1.66378e-10;6.71897e-10;1.04067e-08;4.68352e-09;2.77267e-10;1.30449e-09;4.80505e-11;5.16624e-09;7.23562e-10;2.25179e-10;6.01829e-10;1.05341e-10;6.79693e-09;5.72682e-10;2.39205e-10;2.78213e-10;4.7758e-10;2.24726e-10;2.92224e-10;3.13895e-10;8.47073e-11;1.27243e-09;8.71734e-11;3.27357e-10;8.55793e-12;2.0546e-09;8.38953e-09;4.09691e-10;8.95474e-10;6.75724e-10;2.96599e-09;3.80997e-10;2.5529e-10;4.74565e-10;4.98215e-09;1.14144e-09;3.83228e-10;9.26364e-10;2.49085e-10;1.16351e-09;1.68625e-10;1.23506e-09;1.87553e-09;2.91045e-07;2.57018e-10;6.11161e-10;3.95275e-10;1.02941e-08;1.39424e-11;3.51876e-10;8.71055e-11;4.1395e-09;1.4534e-11;1.08284e-11;2.46115e-09;9.39566e-11;3.57613e-09;2.82855e-10;2.34836e-09;2.00592e-11;2.1562e-09;4.25549e-11;4.06867e-10;2.21501e-09;1.39253e-08;3.58349e-11;4.23797e-11;2.69005e-10;5.19508e-10;5.99301e-10;1.39776e-09;2.02855e-10;3.18229e-09;2.26601e-10;4.05007e-09;1.26289e-08;4.31527e-11;1.81958e-10;6.6551e-09;1.00843e-07;1.84146e-10;2.44787e-11;2.94708e-09;2.73204e-08;4.24218e-10;4.57683e-10;2.18145e-09;5.35413e-09;1.25188e-08;2.25625e-10;1.19068e-08;1.03613e-08;3.89091e-09;7.71217e-10;4.13638e-10;2.62651e-10;1.24808e-09;5.58268e-09;4.71047e-10;3.26811e-09;2.64142e-09;2.58776e-08;2.86264e-09;1.00884e-09;1.20742e-09;2.14324e-10;5.05527e-09;5.35057e-09;1.06753e-09;1.57105e-10;1.34287e-08;1.1931e-08;7.81323e-09;1.33808e-09;1.33544e-09;1.18856e-10;1.17478e-10;5.29685e-10;1.03048e-09;1.323e-10;3.58935e-11;1.55731e-10;5.66145e-10;1.71011e-09;7.26265e-10;1.00214e-09;1.97576e-10;1.6813e-09;5.04651e-10;2.79005e-10;1.3384e-10;1.30045e-09;2.71716e-09;4.58204e-10;1.05257e-09;2.0819e-09;4.05504e-10;6.43934e-10;1.91641e-10;1.11039e-10;3.10049e-09;4.19459e-09;3.18236e-11;2.97634e-10;4.72497e-11;2.1647e-08;3.34331e-10;3.92843e-10;2.1206e-10;1.28875e-10;4.56989e-10;5.56233e-09;8.82052e-10;3.54754e-09;1.01378e-10;9.36941e-11;4.79693e-10;1.4892e-11;1.42216e-10;6.85402e-10;8.47464e-11;1.23696e-09;7.86717e-11;2.28314e-10;7.18175e-10;1.64017e-09;1.15012e-08;2.7142e-10;3.47196e-10;4.47599e-10;1.05547e-11;2.11395e-10;1.81882e-08;1.08458e-10;9.00348e-13;5.30851e-10;3.33337e-09;2.20608e-10;5.32281e-10;6.28998e-10;3.03114e-10;1.56038e-09;4.81521e-10;5.7604e-10;3.2782e-11;2.82331e-09;1.47755e-09;3.93044e-10;4.15811e-12;1.07467e-10;1.13057e-10;2.71911e-10;4.28634e-10;1.98728e-09;1.41102e-10;1.87269e-10;1.11017e-10;4.71742e-07;4.61623e-09;5.79866e-07;1.19529e-06;3.83184e-06;2.60053e-07;4.16268e-05;0.999911;1.26024e-08;1.01761e-06;3.72165e-07;3.80457e-05;7.26241e-08;2.95683e-07;9.58757e-10;2.02277e-11;2.84084e-10;3.45188e-10;1.80129e-10;7.59337e-13;7.43464e-12;3.87581e-10;2.29758e-10;2.29168e-09;6.21122e-10;2.97618e-08;6.91688e-09;8.27598e-09;3.27023e-10;1.06698e-12;7.94251e-11;1.19454e-10;1.44485e-11;1.91735e-11;1.42272e-10;5.77792e-09;5.04697e-10;1.02967e-09;2.96568e-11;5.51375e-11;5.53446e-11;6.02612e-10;9.44804e-11;3.83789e-09;4.13614e-10;4.8038e-12;3.92984e-11;3.21744e-10;9.36773e-11;2.45314e-10;7.32034e-11;6.58958e-15;1.66859e-10;3.14882e-09;1.43623e-08;1.35015e-09;2.03974e-10;1.5872e-08;4.09182e-10;6.86564e-10;3.52817e-10;1.59116e-09;3.11663e-10;1.47534e-10;3.03418e-10;1.46156e-12;1.06127e-10;7.32686e-10;9.59381e-10;9.91439e-11;4.04556e-10;2.48122e-12;2.22124e-12;4.13711e-09;7.38689e-10;4.59048e-10;7.19866e-11
3.59699e-10;5.75123e-08;1.40442e-08;1.99367e-09;1.7197e-06;4.35423e-08;9.19904e-09;1.79358e-05;2.04909e-06;5.425e-07;0.990121;0.00890514;4.0087e-06;7.13293e-09;6.07734e-09;5.35052e-09;2.1845e-09;3.6564e-09;1.88892e-10;4.2727e-08;0.000791249;8.99755e-10;1.25499e-08;7.09567e-08;4.42214e-09;1.27895e-06;9.88769e-08;9.56709e-09;2.86855e-11;1.72497e-10;1.06881e-11;5.14204e-07;1.01026e-07;3.11275e-10;5.26783e-11;4.71269e-10;4.47604e-09;5.34313e-09;2.38451e-09;3.5168e-09;5.62703e-11;1.23273e-10;5.17836e-08;4.52052e-10;9.30342e-11;1.46552e-08;9.00872e-11;2.77089e-10;1.08117e-08;1.63189e-10;5.06097e-07;3.54972e-08;1.26014e-07;3.08441e-11;3.36635e-09;5.33108e-08;4.54431e-07;4.81671e-09;9.04465e-09;8.24443e-09;1.15873e-10;4.91995e-09;1.40075e-08;2.50017e-08;3.28784e-09;2.49966e-07;8.42633e-07;6.06358e-08;2.73804e-08;9.84662e-08;2.35827e-08;6.99883e-06;4.86063e-06;2.41666e-06;4.78702e-09;2.81839e-09;7.09272e-09;3.92101e-07;1.75555e-07;2.93731e-07;1.77596e-08;2.67333e-09;1.35513e-09;4.41238e-09;3.20346e-09;2.73402e-07;9.82923e-08;4.64868e-09;1.56049e-07;8.54162e-09;4.33135e-09;5.15045e-09;8.56218e-09;6.44007e-07;1.85771e-06;1.56017e-07;1.93243e-09;1.23918e-07;1.19552e-07;2.47577e-11;1.15834e-08;1.81541e-09;1.23797e-08;8.14817e-09;3.52022e-09;4.37394e-09;2.2166e-09;6.65144e-09;3.09351e-09;1.09446e-07;2.14616e-06;1.50885e-07;3.47101e-09;7.53077e-09;9.23032e-10;4.17949e-10;2.03139e-09;8.34057e-07;7.50056e-10;6.70031e-08;5.27664e-06;1.92481e-06;1.20085e-06;1.08277e-12;2.45899e-12;2.14313e-12;1.42945e-12;9.31442e-12;3.28499e-10;1.92285e-12;1.29318e-09;1.19684e-08;2.20906e-09;1.71366e-08;2.10327e-08;4.88084e-09;1.67882e-09;5.56642e-09;4.73394e-09;6.27508e-08;4.90799e-08;2.78558e-07;2.43181e-08;6.00611e-09;3.44693e-07;4.39363e-06;1.01729e-06;4.39293e-09;2.92247e-10;3.42397e-10;4.09815e-10;9.10652e-13;1.15647e-09;1.38593e-10;4.58173e-11;1.93084e-09;2.64657e-07;1.37548e-06;1.93809e-07;2.65223e-09;6.30483e-09;7.25534e-09;7.4066e-09;5.66737e-08;8.3908e-09;1.31994e-09;2.4599e-06;1.10382e-06;2.24781e-06;1.03796e-08;4.36839e-09;2.89849e-09;1.45037e-09;2.31797e-11;2.87386e-09;7.06924e-10;6.26772e-11;3.9288e-07;1.14097e-07;3.96286e-07;8.09112e-10;9.57817e-10;3.4421e-10;4.81e-11;6.13226e-10;6.38635e-10;1.75835e-10;2.38614e-07;1.39437e-07;1.79722e-08;4.7488e-08;9.38245e-10;2.36024e-09;8.0122e-10;1.39054e-09;1.15563e-09;1.27834e-09;2.04607e-09;4.85529e-08;3.3076e-07;4.08371e-07;4.35746e-10;6.51459e-09;3.49576e-09;9.2236e-08;2.79614e-08;1.95584e-09;2.09059e-09;6.52478e-09;7.55257e-09;5.03159e-06;1.68666e-06;1.99321e-07;1.20017e-08;2.74717e-10;3.32774e-08;1.32653e-09;2.1642e-08;7.55157e-09;1.59276e-05;5.51135e-10;6.93417e-09;3.47485e-08;7.78035e-09;1.04541e-08;1.37285e-08;2.51411e-08;3.03266e-09;9.74184e-08;3.57453e-09;1.44422e-08;2.96054e-09;8.58561e-10;3.25044e-09;4.67261e-10;2.90776e-08;1.5238e-07;3.83393e-08;3.07977e-10;6.92905e-09;1.50183e-08;7.15902e-08;1.22564e-08;1.52458e-08;1.48731e-08;3.96752e-10;1.33216e-09;4.94294e-09;4.52697e-08;1.0196e-07;4.04916e-06;1.29978e-09;1.04443e-08;7.65155e-09;5.36153e-09;1.13026e-07;1.06669e-07;6.53746e-08;5.56307e-09;6.91272e-09;3.43501e-08;1.74473e-09;5.17856e-09;2.42183e-06;1.73111e-05;1.83577e-11;1.1657e-08;1.32828e-08;9.68089e-09;1.14032e-07;1.65099e-08;3.71245e-08;1.93038e-06;8.72683e-13;1.10984e-10;1.69329e-11;2.57792e-12;7.87197e-11;4.44083e-12;4.84181e-10;1.74106e-09;1.07576e-09;5.45605e-09;3.77859e-06;8.09829e-07;2.45239e-10;9.14837e-07;1.03948e-10;6.43937e-10;2.95319e-10;1.00069e-07;3.15925e-07;9.19614e-06;3.49658e-11;5.1975e-09;2.7405e-08;9.05771e-09;3.62277e-08;5.11749e-08;1.75526e-07;4.6549e-09;4.53997e-11;5.76162e-11;1.30401e-10;8.65485e-10;7.83738e-10;4.12102e-10;2.64142e-11;1.33039e-09;4.35507e-09;2.91648e-08;1.57873e-07;2.28206e-07;1.53856e-08;2.33404e-09;2.21996e-09;5.0959e-09;3.62821e-07;9.3823e-09;2.134e-08;1.01702e-10;1.04079e-07;4.20197e-08;5.75061e-12;7.69648e-11;1.10044e-09;1.63961e-09;4.3411e-09;1.68306e-08;7.21915e-09;4.47992e-10;4.5193e-10;3.91681e-09;5.60229e-09;1.26526e-09;1.27594e-09;2.05795e-10;1.2434e-11;6.83849e-09;1.42174e-08;3.86637e-05;6.29447e-07;7.25827e-09;8.66902e-08;2.17685e-09;1.66376e-08;2.36989e-08;3.14187e-08;9.55281e-08
3.27376e-09;2.01157e-12;8.89529e-11;1.81801e-12;1.00558e-08;2.4576e-10;1.47099e-10;1.1804e-09;3.87131e-11;5.83719e-11;1.4952e-11;1.55132e-11;1.54255e-09;7.01111e-12;4.84191e-11;3.46493e-11;1.59194e-10;1.94739e-11;2.02086e-10;2.04708e-11;2.90271e-10;1.45341e-12;3.20888e-11;4.06995e-11;9.93897e-12;4.34265e-11;1.11089e-10;9.73674e-10;2.27589e-13;1.14992e-11;6.47902e-15;1.77148e-09;7.03074e-10;4.0685e-10;9.76752e-08;4.67783e-11;2.44355e-11;4.44356e-11;6.87655e-10;1.30614e-10;7.45801e-12;3.03832e-11;5.25931e-11;1.44956e-13;8.48262e-12;2.83283e-11;4.64195e-12;2.98018e-13;2.37937e-12;1.92883e-13;2.81112e-10;1.95248e-11;1.94315e-10;2.12863e-09;2.65875e-11;7.44175e-10;1.30378e-10;8.74768e-12;2.22702e-11;4.56269e-12;1.57851e-09;4.73409e-11;4.08059e-11;1.01634e-07;4.37489e-11;3.5493e-10;1.78247e-10;1.05021e-10;8.57521e-13;4.08587e-11;7.65368e-13;6.00674e-10;2.77436e-11;5.48727e-10;7.08863e-08;1.58498e-11;2.70258e-11;2.47764e-09;4.00019e-11;7.88595e-11;1.10688e-10;3.6626e-13;1.72746e-11;1.76429e-12;2.03604e-10;7.27967e-11;2.2807e-10;3.6168e-07;6.2745e-10;3.50001e-11;1.9291e-12;1.51945e-10;1.09318e-10;5.798e-13;2.64989e-11;5.06501e-10;1.80122e-09;1.26103e-09;4.80554e-10;5.66237e-14;9.65399e-13;6.40363e-14;2.30662e-10;7.34763e-11;3.02946e-12;3.1008e-09;2.8394e-11;1.71695e-11;1.78055e-11;6.17137e-09;8.54047e-10;2.03532e-09;8.6975e-11;4.16133e-11;8.7013e-11;1.96377e-10;1.32135e-10;1.06968e-09;5.8867e-08;6.93098e-12;1.55921e-10;4.74107e-11;2.37226e-09;2.2922e-13;1.48031e-12;1.67155e-14;2.56845e-11;5.30788e-13;1.10766e-11;7.0009e-08;7.73918e-12;1.52338e-10;7.49959e-11;1.53205e-09;1.62247e-09;3.75376e-11;8.62141e-13;4.49858e-12;3.08733e-12;2.81545e-11;5.48748e-12;9.01621e-13;1.926e-08;5.96377e-11;1.28504e-10;3.8254e-10;1.4886e-11;2.67258e-10;5.0808e-12;5.722e-11;1.98809e-11;1.72983e-11;1.64624e-11;1.63504e-10;7.20047e-09;5.00979e-11;7.58443e-11;6.17783e-11;3.23541e-10;1.29857e-11;1.90096e-11;1.84199e-11;6.52317e-11;3.76556e-11;5.63758e-10;3.99706e-07;2.55327e-10;3.89455e-10;1.97857e-10;1.77378e-10;1.3429e-11;7.01294e-12;4.31568e-12;8.48003e-12;4.51339e-11;1.33457e-11;2.423e-08;4.80306e-11;8.82746e-11;1.31183e-10;1.78626e-12;2.93004e-11;2.05967e-12;3.98813e-10;9.82236e-10;1.25491e-11;1.13046e-08;5.76612e-10;5.21156e-11;7.94808e-11;1.04202e-10;7.19e-12;7.85882e-12;4.23523e-12;2.16885e-10;6.34372e-11;2.05307e-10;6.33012e-09;6.80021e-10;1.11328e-10;3.02809e-10;1.63785e-12;8.03994e-12;3.85946e-12;1.57093e-11;5.78637e-11;2.73581e-11;2.78655e-09;1.44727e-11;1.84923e-11;2.75373e-11;5.86288e-11;1.4985e-11;4.10027e-11;4.35042e-13;2.0496e-12;2.16001e-12;6.18735e-13;3.91212e-09;7.13727e-11;1.70943e-09;1.54245e-11;7.05975e-11;2.49829e-11;3.63005e-11;6.88903e-12;1.84844e-11;1.02983e-11;1.62464e-12;5.3089e-11;1.64904e-11;5.28684e-09;8.00663e-14;1.07421e-12;5.07874e-13;4.56796e-13;2.53583e-10;2.62423e-12;9.69261e-09;1.5534e-11;1.73625e-10;1.57652e-11;3.07175e-11;2.53536e-12;2.73103e-11;3.7745e-14;3.2821e-13;2.01355e-13;1.04188e-11;6.08539e-12;5.45805e-12;1.03311e-09;5.32798e-12;6.88114e-11;2.29402e-11;2.23646e-10;2.51734e-10;5.51552e-11;1.36476e-11;9.08221e-13;1.64424e-11;1.97739e-12;1.79975e-11;6.49826e-12;3.31682e-12;1.24575e-08;6.12388e-11;1.63003e-10;2.66572e-10;4.0409e-11;8.50096e-11;8.90521e-12;3.38316e-10;2.35043e-14;7.61451e-12;2.45531e-14;1.14298e-11;1.33544e-10;7.26302e-13;3.06433e-10;1.56946e-11;1.85247e-11;6.05562e-11;1.75093e-10;1.52895e-11;5.04595e-12;8.6858e-11;8.62651e-14;5.1471e-12;5.68889e-13;4.04248e-13;8.5371e-12;2.87752e-11;2.47111e-08;7.13839e-12;4.58547e-11;8.0087e-11;2.44587e-10;9.47994e-09;2.74789e-08;1.39755e-10;1.01699e-11;3.81092e-10;1.93261e-11;1.51877e-07;4.30081e-09;4.1871e-08;0.999989;2.07165e-09;2.87692e-09;8.33088e-06;5.82817e-07;5.56565e-07;5.981e-11;6.18929e-12;2.99258e-11;8.03187e-12;7.68768e-13;1.30035e-11;2.33785e-13;2.53881e-08;6.08831e-10;3.74315e-10;5.68469e-11;1.02454e-11;3.39126e-11;5.34156e-13;1.89454e-11;2.07661e-11;5.69307e-09;2.26404e-12;4.93262e-12;6.04431e-12;1.45943e-09;5.3922e-11;2.72328e-11;1.25166e-12;7.64445e-11;1.51781e-12;7.43093e-12;1.3252e-13;1.10524e-12;6.86673e-13;1.80572e-10;2.39229e-13;1.55548e-11;1.04042e-12;3.63447e-10;5.58669e-09
2.42623e-09;1.02769e-08;1.47597e-10;2.07889e-11;4.07298e-06;5.91935e-08;1.0423e-08;6.28789e-09;1.16398e-09;3.49236e-10;1.49508e-08;5.47319e-09;7.91176e-13;8.04141e-09;1.58577e-09;8.33546e-09;2.98372e-09;7.38661e-10;3.91418e-10;9.07897e-10;6.25799e-08;3.25083e-09;1.18911e-09;7.13087e-08;3.99416e-10;8.70801e-10;2.33189e-10;4.56532e-08;6.14936e-10;1.41502e-12;2.02663e-13;3.0591e-07;6.08278e-11;4.22195e-11;8.43889e-13;4.12959e-09;5.05795e-10;5.63429e-10;1.42834e-08;2.57348e-10;7.185e-11;2.01095e-12;6.1952e-11;7.82705e-12;5.96386e-08;1.4618e-07;1.12094e-09;2.35922e-08;7.12363e-10;2.53151e-11;5.08792e-05;5.70869e-10;2.61781e-09;1.86045e-12;2.26644e-09;1.20943e-09;9.45367e-10;3.55552e-08;8.55265e-10;8.49739e-11;2.81347e-06;7.21957e-10;1.81722e-09;1.75452e-10;2.79934e-09;3.57939e-08;2.93049e-09;3.73522e-09;1.33959e-08;2.96668e-10;2.12646e-11;1.15461e-06;1.05989e-09;5.19461e-10;1.99222e-11;1.37209e-09;6.79561e-10;2.09348e-07;1.0831e-09;5.17189e-10;1.45925e-09;2.57682e-09;7.2494e-10;3.39488e-11;6.60068e-06;5.9569e-09;2.46843e-09;3.76584e-10;5.75979e-09;1.19687e-09;5.26536e-09;2.84346e-10;1.96892e-09;9.5206e-08;1.19186e-09;1.25778e-09;3.86846e-12;9.66133e-09;1.47598e-09;9.42786e-09;4.76679e-11;1.38598e-12;7.91335e-08;6.44043e-09;8.77223e-09;2.72313e-11;4.06237e-09;6.29985e-10;1.57139e-09;3.16872e-07;5.548e-10;1.47864e-08;1.26831e-08;1.12716e-09;1.78336e-10;8.84574e-08;1.6923e-10;1.46222e-07;2.35001e-12;5.56102e-09;1.06445e-08;6.32436e-09;5.48941e-09;1.35531e-08;9.80303e-11;5.04041e-12;5.6202e-06;2.0435e-09;4.12733e-10;2.02249e-12;1.01981e-08;6.4175e-10;1.6817e-10;4.70693e-08;7.07016e-11;1.34089e-10;1.87868e-09;1.36365e-10;3.21996e-11;6.90459e-08;5.1115e-10;8.09516e-11;1.95032e-11;1.328e-08;1.14858e-08;9.70441e-09;2.86967e-10;2.47711e-10;2.01652e-08;8.21027e-10;3.46518e-10;2.03236e-07;7.27069e-10;9.52983e-11;9.52199e-13;3.02993e-09;1.44212e-08;1.8235e-10;1.29793e-09;1.81256e-08;7.7323e-10;1.13478e-10;7.24586e-09;3.60208e-11;1.49464e-09;2.25778e-11;2.247e-08;9.88654e-10;1.12469e-10;7.73932e-10;8.41031e-09;6.55995e-10;3.61345e-11;6.99136e-06;1.73844e-09;1.21925e-10;1.45101e-10;3.0236e-08;3.53932e-10;1.12921e-10;1.16724e-08;1.71292e-10;7.58111e-11;3.29072e-07;1.96407e-09;7.95755e-11;1.45501e-11;5.64295e-08;2.30446e-10;1.20281e-09;7.44107e-09;9.1698e-08;7.55663e-10;3.99348e-10;3.32192e-06;2.8974e-09;1.73349e-08;6.96313e-10;7.00987e-08;1.21933e-08;4.6727e-09;2.37008e-08;3.33808e-10;2.27536e-10;1.86794e-06;6.93411e-10;2.33166e-09;1.18376e-10;2.34185e-08;2.88647e-10;2.45279e-07;1.29885e-09;1.59251e-09;1.62028e-09;9.90233e-09;3.58249e-10;8.16165e-11;1.00747e-06;5.16518e-08;1.24388e-08;3.60973e-11;4.13475e-09;5.16703e-09;1.5781e-09;1.02711e-09;3.61425e-08;2.61025e-10;4.97671e-10;3.67065e-07;1.1156e-10;5.54567e-09;3.05555e-11;8.9079e-09;1.70107e-10;8.16215e-11;3.08484e-07;9.06581e-09;1.77034e-09;5.46222e-11;1.26843e-07;1.32991e-09;4.63404e-07;1.1549e-09;1.02755e-09;4.96003e-10;1.12154e-09;8.79132e-11;3.94284e-12;4.0572e-07;2.83676e-12;2.5962e-11;7.50692e-12;4.26046e-09;2.26212e-10;5.50367e-11;8.80795e-09;5.68787e-09;1.12833e-09;2.4607e-09;5.04134e-08;4.42791e-09;2.43317e-10;6.50062e-06;1.07655e-09;2.79897e-10;3.1995e-10;9.96467e-08;3.39165e-09;3.31156e-10;3.55371e-09;8.58343e-10;3.54055e-10;4.79784e-11;2.99873e-09;2.10933e-12;2.41809e-12;1.25589e-08;5.10595e-11;3.84751e-12;1.08893e-12;9.26065e-09;7.11593e-11;1.90808e-10;2.6489e-09;1.99775e-10;4.74097e-10;6.39403e-10;2.0888e-08;1.65608e-12;7.17708e-13;1.1589e-08;9.89176e-10;4.43073e-10;1.15861e-13;1.8352e-08;5.9214e-10;4.30367e-10;3.26361e-07;1.00369e-09;1.97441e-10;1.30136e-09;3.79581e-08;4.39313e-11;4.93686e-12;3.57535e-07;1.01682e-09;7.77468e-12;4.40553e-13;1.46707e-08;3.67669e-09;3.66186e-09;5.98936e-10;2.00835e-11;1.12957e-08;6.67631e-06;2.40817e-08;1.04689e-07;0.999819;2.10018e-05;5.61098e-08;2.79446e-07;2.87766e-05;1.19327e-07;1.99107e-12;2.73747e-09;2.27233e-10;1.75814e-05;1.02217e-08;3.59724e-08;8.06595e-12;1.16652e-09;5.60131e-10;2.26444e-10;7.07902e-09;5.36364e-09;1.90653e-10;5.50563e-10;1.50425e-13;2.73659e-09;2.42743e-10;9.4028e-06;4.27675e-09;2.47682e-11;3.04265e-13;6.25019e-10;2.50867e-10;2.60513e-11;4.85992e-10;8.38843e-09
5.66151e-08;8.98608e-10;1.08241e-09;2.54126e-12;9.06767e-09;7.42748e-09;1.55966e-10;4.91041e-09;7.37155e-10;6.00801e-10;1.28743e-09;8.65559e-09;3.24472e-10;5.04542e-10;2.69184e-09;5.45442e-09;2.65898e-08;9.78269e-10;1.90683e-09;4.90114e-10;2.62881e-08;5.75159e-10;6.20105e-10;5.95076e-09;1.0562e-09;2.52907e-09;1.89114e-09;0.999994;1.96244e-09;5.44885e-11;1.17324e-11;2.40652e-07;4.32847e-08;8.62509e-11;1.32582e-08;1.72205e-09;3.4831e-10;9.58318e-10;6.67183e-10;1.91885e-09;1.74077e-09;8.93516e-09;5.4146e-08;4.90853e-10;6.15123e-08;1.1349e-06;5.73999e-09;1.38152e-09;2.56714e-10;3.49701e-11;2.13845e-09;2.62734e-08;7.37331e-10;4.8454e-09;1.2998e-10;1.74649e-09;4.23294e-10;2.76916e-09;1.59714e-09;5.00097e-11;1.56518e-07;1.57674e-08;6.56702e-09;4.45907e-09;1.85112e-09;2.82436e-09;1.38218e-09;1.27722e-08;5.79601e-10;1.39939e-10;3.91653e-11;2.51425e-08;5.2295e-09;1.06786e-09;2.11067e-08;1.42105e-09;3.81602e-10;6.54652e-09;3.33329e-10;1.1948e-08;2.591e-09;3.17097e-10;6.3342e-10;1.27816e-11;1.7991e-07;4.30758e-10;2.83082e-09;7.53653e-09;1.74428e-09;1.33524e-09;1.63737e-09;2.24284e-09;4.14585e-09;4.97458e-09;3.59467e-09;5.41946e-08;2.89006e-08;1.58832e-07;4.0009e-08;4.8891e-09;1.02886e-10;4.4002e-12;1.6427e-08;8.09237e-09;9.60388e-09;4.86146e-08;5.56849e-09;1.59712e-09;6.64973e-10;3.60915e-09;6.40593e-09;1.99463e-09;7.21694e-09;3.02918e-09;1.27463e-09;1.84619e-08;1.60813e-07;1.34113e-07;2.69727e-08;5.19682e-08;9.69652e-09;1.30387e-08;4.07493e-09;2.46077e-08;1.40564e-09;8.79246e-11;3.76584e-07;9.82942e-08;9.01333e-09;4.07855e-08;3.9827e-10;1.04142e-09;5.3061e-10;9.99397e-11;2.0605e-10;8.1769e-11;6.6395e-10;4.6811e-10;1.29108e-10;9.68832e-10;1.01259e-08;2.76776e-09;1.29025e-09;4.54919e-09;1.85685e-09;2.59787e-09;5.38134e-09;2.95833e-09;3.72575e-09;1.37302e-09;2.22074e-10;2.28485e-08;3.00806e-08;1.22149e-07;7.74729e-10;2.58006e-09;1.35791e-09;1.52503e-10;2.07704e-09;1.49169e-09;1.18558e-09;6.62858e-10;3.6697e-08;2.10102e-09;4.10506e-08;4.39382e-08;1.09298e-08;3.88476e-10;5.9079e-09;2.27168e-09;8.54341e-10;1.17553e-09;1.20632e-10;8.38145e-08;6.11103e-09;3.8599e-07;8.78689e-08;4.97613e-09;3.32132e-10;4.05896e-08;1.53498e-09;6.83965e-10;4.96816e-11;2.98737e-08;1.6393e-08;2.29675e-10;5.37314e-09;2.12257e-09;2.13679e-09;3.81058e-09;1.23443e-08;3.06414e-09;3.03138e-10;7.49412e-11;1.0791e-07;1.01648e-08;7.12946e-08;5.09416e-09;4.51532e-09;1.04454e-09;4.50193e-10;3.73067e-09;6.11072e-10;3.5354e-10;3.25226e-08;2.29478e-08;1.1794e-07;6.92206e-09;2.21819e-09;5.96373e-10;9.41079e-10;1.2949e-09;7.77195e-10;4.53756e-09;2.14068e-09;4.77369e-11;1.23001e-10;2.6735e-09;1.43214e-08;1.89324e-09;7.03096e-08;2.12297e-09;9.03555e-09;7.18632e-10;2.44797e-09;1.07176e-09;4.12572e-09;8.02996e-10;4.18785e-08;1.34615e-07;3.01173e-08;5.06083e-08;3.51027e-10;5.25623e-11;3.54592e-11;1.03572e-08;1.62882e-09;1.90622e-08;3.94093e-09;1.52859e-09;1.2942e-09;1.46952e-09;4.84868e-10;2.51788e-08;6.52923e-10;5.03394e-09;7.23468e-10;4.87495e-12;1.98653e-08;3.41098e-08;1.49147e-10;3.16406e-09;1.64639e-09;4.56948e-10;1.23719e-10;4.8551e-09;1.50834e-09;1.08329e-09;1.51423e-09;4.11601e-10;5.13959e-10;1.35559e-10;1.94445e-09;4.95992e-10;2.47992e-09;5.07372e-08;5.17253e-09;8.81565e-10;2.64747e-10;2.2814e-08;4.08989e-09;5.81841e-08;9.32346e-08;4.70952e-10;1.58382e-10;2.20645e-11;2.96324e-07;1.1597e-09;3.16484e-09;3.17909e-10;1.13752e-09;4.14399e-09;1.75051e-09;1.05586e-10;3.55281e-10;5.08586e-09;2.54951e-10;4.55537e-11;1.93713e-12;6.05765e-13;1.76823e-10;3.2562e-11;1.0338e-08;2.54387e-09;9.05274e-10;3.6858e-10;3.10437e-10;3.11087e-08;9.99222e-10;7.77615e-11;1.04723e-09;4.32237e-10;5.81759e-11;1.56227e-11;1.26203e-09;5.79896e-08;4.4315e-11;3.47546e-10;2.83847e-09;9.9809e-10;4.53315e-09;2.70386e-09;9.61786e-10;2.20809e-09;2.21678e-09;1.52096e-10;2.58401e-10;9.67997e-09;2.16579e-10;4.0795e-10;3.76508e-08;5.55113e-08;1.04858e-07;5.92256e-11;6.82553e-09;2.20869e-09;3.2613e-09;3.82384e-10;6.25108e-10;3.46549e-08;2.99922e-10;1.79652e-09;6.83453e-10;2.77812e-10;2.50438e-09;5.04274e-09;1.94997e-08;1.57078e-10;3.12045e-09;2.40071e-09;2.55994e-08;2.652e-07;4.40739e-10;5.33303e-09;1.48921e-10;5.35841e-10;1.3064e-10;2.65561e-10;4.50011e-10
2.85531e-07;4.18804e-06;2.58727e-06;1.15154e-08;1.37499e-05;6.25325e-05;1.09289e-07;1.95822e-07;3.21647e-07;1.24302e-07;5.90791e-09;2.42425e-09;2.05887e-09;2.4672e-07;1.24477e-07;6.3726e-08;2.23433e-06;1.0142e-07;3.37988e-06;1.7927e-07;5.66641e-10;1.28247e-07;2.02025e-07;1.3754e-07;1.739e-06;3.60194e-06;1.74917e-06;5.5475e-08;1.4452e-07;2.58872e-07;9.09813e-09;2.52819e-07;1.67679e-06;2.37174e-06;5.57158e-09;8.21735e-07;6.96919e-08;1.1773e-07;3.13235e-08;1.21379e-07;1.94863e-07;2.93154e-08;2.84344e-08;1.11496e-09;1.46363e-06;7.35326e-06;4.30482e-08;7.82918e-08;1.40601e-06;7.6816e-08;4.18515e-09;1.94142e-07;1.89078e-05;7.71831e-08;8.93511e-07;2.87345e-07;2.16896e-07;8.10614e-07;9.90308e-08;1.02815e-07;1.73415e-07;4.20742e-08;4.72388e-06;4.89306e-08;7.70113e-08;4.79415e-08;8.46346e-08;3.00211e-06;1.13368e-07;3.52374e-07;5.31141e-08;6.84629e-09;3.36736e-08;3.47036e-07;7.50899e-10;1.39154e-07;9.95064e-08;8.58597e-08;4.31469e-08;5.58187e-07;1.70751e-06;6.85924e-08;2.13054e-06;1.9181e-07;1.44735e-07;5.31627e-07;4.51016e-07;5.87821e-09;8.59733e-08;8.29737e-08;1.91435e-07;5.46683e-08;1.5296e-07;5.35002e-08;1.23539e-07;1.68285e-05;6.4255e-08;9.66809e-09;3.32965e-08;1.59632e-07;1.16381e-07;2.68337e-07;1.6313e-07;5.78526e-08;4.95828e-07;1.15657e-07;3.10064e-07;9.21556e-08;6.75739e-08;2.26936e-08;2.25702e-08;8.81786e-07;2.74735e-06;2.87895e-07;3.59444e-07;1.0747e-09;4.5655e-07;2.31007e-06;2.93995e-07;2.15673e-07;2.4545e-07;1.08041e-08;1.23411e-05;0.000233996;0.0031781;0.00021452;0.595462;0.387817;0.00933063;0.00194865;8.29484e-05;4.17019e-05;1.5546e-05;6.06141e-05;8.27107e-06;0.00114535;2.82457e-07;3.47417e-06;6.04622e-07;1.58963e-07;4.50764e-07;1.45158e-05;3.42107e-07;1.10628e-06;3.36678e-07;1.12268e-06;1.73152e-07;4.10335e-07;8.89081e-07;3.98497e-06;5.4556e-08;5.61852e-06;1.00413e-06;9.85983e-07;2.38736e-08;9.09101e-08;1.11492e-07;1.34314e-07;9.41219e-08;5.50592e-07;1.69437e-07;5.78436e-07;2.35726e-07;3.48697e-07;2.04292e-05;7.52223e-09;1.10276e-07;3.57778e-07;1.03683e-07;1.0541e-07;3.97418e-07;8.04631e-07;1.73755e-07;8.88002e-08;4.38594e-07;1.97196e-05;1.56115e-08;6.48035e-08;5.45732e-08;1.16313e-06;1.33173e-07;1.00847e-06;1.91996e-07;2.89277e-05;6.7571e-07;1.14441e-06;4.62875e-09;4.07281e-07;9.4892e-08;3.22642e-07;2.45537e-07;3.9747e-06;1.09829e-06;5.94847e-07;4.74458e-06;1.34939e-06;1.63603e-05;1.37937e-07;2.31511e-06;4.57822e-07;8.56198e-07;4.69099e-07;2.05505e-07;6.26132e-08;1.07302e-07;2.46167e-07;8.71737e-06;6.49944e-08;4.92422e-07;2.02795e-07;2.28263e-07;1.68701e-07;2.69829e-07;9.13978e-08;1.54077e-08;2.29762e-08;4.00317e-07;3.3679e-09;1.13525e-08;1.93824e-07;9.78975e-09;1.47323e-07;3.5307e-08;1.36264e-07;5.44165e-08;1.64998e-07;6.05505e-07;3.69982e-07;2.02808e-07;3.64181e-06;1.92689e-06;2.02822e-08;2.43063e-07;7.13476e-08;2.30278e-07;3.77395e-08;1.79448e-07;9.35046e-06;3.30164e-09;1.16907e-06;6.91253e-07;2.90483e-07;5.34757e-07;7.9256e-07;1.46473e-07;1.14756e-07;5.79501e-07;7.05674e-09;2.10571e-08;1.0628e-07;2.51762e-07;1.79644e-09;6.02543e-08;3.35113e-07;7.34667e-08;9.7052e-08;2.03763e-07;4.38006e-08;1.56106e-07;7.13841e-08;8.96114e-07;4.64421e-07;7.67953e-07;1.64222e-08;3.74239e-07;4.18258e-08;2.94135e-07;2.43468e-07;6.15778e-07;7.05007e-07;4.85751e-07;7.36038e-06;2.08322e-12;3.95954e-08;3.72603e-07;5.39659e-08;1.64755e-07;2.86909e-06;4.07687e-06;2.2601e-06;6.52134e-08;1.36343e-06;9.44923e-08;1.05798e-08;1.43656e-09;4.72659e-07;7.76664e-08;5.20538e-09;7.29246e-09;2.82171e-09;3.64513e-09;1.13061e-07;3.98392e-07;9.15961e-09;9.94958e-07;3.13691e-07;7.8726e-08;1.1857e-07;2.11267e-07;1.35919e-07;1.38325e-07;4.79154e-09;2.0385e-07;8.39049e-09;1.15355e-08;1.87426e-08;1.03301e-07;1.0401e-09;1.83513e-07;9.92846e-07;5.53851e-10;4.21547e-09;8.08914e-06;1.21369e-06;6.67175e-07;4.4561e-06;1.72035e-07;6.9423e-07;1.16329e-06;8.76026e-06;5.788e-08;1.84546e-06;2.43382e-07;8.79735e-11;3.98113e-07;7.16113e-07;2.54694e-08;3.0137e-06;2.01354e-06;5.56691e-08;6.67555e-08;1.72082e-07;7.18283e-08;1.4126e-07;1.15154e-06;2.50317e-07;1.84841e-06;1.08875e-08;7.44145e-07;8.86705e-07;1.24573e-06;4.0523e-10;1.76986e-05;1.56346e-11;4.86579e-08;4.46916e-07;1.33479e-07;3.52142e-08;3.32974e-07
4.01508e-05;3.79853e-07;1.30384e-06;6.78417e-09;4.87723e-09;2.52241e-06;8.15703e-10;6.46452e-07;7.24258e-07;2.09952e-07;2.7695e-09;5.37253e-07;3.63162e-09;1.21868e-08;4.02646e-08;4.53459e-07;7.76972e-08;4.02266e-08;3.61274e-08;3.94159e-08;1.1341e-08;7.56474e-08;5.30033e-07;2.86293e-07;2.3361e-05;3.56035e-08;4.68894e-08;6.08249e-09;5.14924e-09;1.61141e-06;1.9852e-08;4.47574e-09;2.26762e-06;4.99188e-10;6.26412e-08;3.30122e-07;5.0293e-08;1.45121e-08;1.52593e-07;5.57105e-06;1.3055e-08;2.56729e-07;4.572e-07;1.38218e-08;1.94582e-06;7.70184e-07;3.73335e-09;2.46665e-08;8.28351e-07;2.72398e-07;6.98494e-08;5.36114e-08;5.33152e-09;5.08975e-07;1.05566e-08;6.90178e-08;8.48981e-08;2.3156e-08;5.68149e-08;1.03582e-07;4.37203e-09;3.63961e-07;2.25072e-07;1.16815e-08;1.64772e-08;7.75031e-09;1.38858e-08;2.62198e-08;7.9192e-08;3.75751e-06;1.90423e-07;4.43585e-08;1.40353e-06;4.2361e-09;3.78188e-10;5.59162e-08;2.74436e-08;5.65236e-08;9.99987e-07;4.65697e-08;1.38424e-07;1.25893e-08;2.12749e-06;9.60456e-07;9.73112e-09;1.85626e-05;1.52381e-06;1.88189e-09;3.03788e-07;4.05209e-08;3.42689e-08;6.95343e-08;3.39466e-08;9.49218e-08;3.43206e-07;3.36735e-08;1.30603e-09;1.56687e-08;2.97295e-08;4.86695e-09;2.31624e-07;2.99898e-07;1.11402e-08;5.01134e-07;4.21298e-08;1.75184e-08;4.03347e-08;2.24559e-08;4.48373e-08;8.70758e-09;2.98497e-08;5.81532e-09;4.09966e-08;2.12035e-08;1.42569e-07;1.06378e-09;2.20486e-07;2.89459e-10;1.88069e-09;7.1255e-09;3.44006e-08;1.22745e-09;7.96295e-09;9.81625e-10;3.2262e-06;3.7425e-07;2.45463e-07;1.22709e-06;1.52043e-09;4.24541e-10;4.43293e-08;8.83816e-07;1.02182e-07;3.27845e-09;8.87066e-09;9.60591e-10;9.50984e-08;3.07916e-06;1.49307e-06;1.28936e-06;2.76869e-05;1.93176e-07;5.6468e-07;1.17865e-07;1.97576e-08;8.70126e-07;3.49005e-08;1.84569e-08;9.88526e-09;1.55992e-07;6.3117e-08;6.49468e-08;0.000113188;8.03833e-09;3.27955e-08;2.52792e-08;1.14507e-09;1.46175e-07;9.98571e-09;4.65468e-08;4.14835e-08;3.06082e-07;7.47432e-08;8.20238e-07;2.91341e-08;4.49397e-09;1.42269e-08;1.24973e-08;2.77416e-09;3.01435e-08;1.12119e-08;4.53495e-08;7.39927e-09;1.01631e-07;4.78656e-08;2.5405e-09;7.55161e-10;1.65213e-09;6.80566e-09;6.11382e-09;6.85537e-08;6.98482e-06;2.26729e-08;5.23978e-08;1.41853e-06;3.02201e-07;1.28573e-08;1.15072e-08;8.81682e-08;3.87028e-08;3.88784e-08;3.99398e-08;1.05647e-07;2.83317e-08;1.03592e-08;8.30857e-07;7.97359e-08;1.38797e-08;1.72662e-08;5.00253e-08;9.62069e-09;1.07513e-08;4.00682e-08;1.58689e-08;1.47551e-08;1.06209e-07;1.08551e-08;9.58957e-09;8.08905e-08;8.39287e-08;2.96896e-09;7.51796e-09;1.71413e-08;5.04912e-08;3.42404e-09;1.77132e-07;1.15146e-07;3.01466e-09;1.85151e-08;2.07308e-08;8.98783e-11;2.73468e-08;4.12315e-08;2.01857e-07;2.57844e-08;1.14558e-08;1.90569e-08;1.88841e-07;3.22765e-09;2.68965e-07;4.17065e-09;1.73041e-10;5.38437e-08;1.54372e-07;3.1348e-08;4.53645e-08;7.73206e-07;1.23855e-09;4.26748e-09;8.79069e-08;2.11001e-07;9.11138e-08;1.31661e-06;6.42143e-09;2.16692e-08;1.83926e-08;2.48391e-06;1.43667e-08;3.17296e-07;5.95687e-07;1.42868e-08;2.35502e-09;2.01941e-08;1.91731e-07;3.50025e-07;1.44806e-08;2.01591e-06;1.8024e-08;2.96229e-08;2.44156e-08;4.761e-07;1.83759e-07;3.44017e-08;3.31944e-09;4.07865e-08;2.2945e-09;5.49385e-08;2.26031e-08;7.05362e-08;2.21398e-08;1.89287e-07;3.90414e-08;1.65356e-14;1.20604e-09;8.41709e-07;1.07788e-09;1.11014e-08;8.86493e-06;2.44588e-09;3.32827e-12;3.00602e-08;4.5127e-07;3.11368e-08;7.89683e-12;2.68732e-07;9.6506e-10;2.70484e-08;3.45905e-11;4.85014e-09;1.38207e-09;2.62675e-10;2.50115e-06;2.28281e-09;3.64092e-08;6.52468e-08;5.04656e-08;2.85219e-08;5.29964e-09;1.01647e-07;4.29149e-09;3.06393e-08;8.38631e-11;4.10125e-08;2.84123e-09;6.27927e-09;1.24269e-07;1.2698e-09;4.00285e-12;5.75202e-08;6.92378e-08;3.16102e-09;9.32701e-09;2.0142e-08;3.59703e-08;2.27048e-08;1.34668e-07;5.87297e-08;2.84369e-08;1.6311e-07;5.46943e-07;1.77559e-07;1.28306e-07;5.11017e-08;2.42967e-09;5.41166e-08;1.45797e-06;6.32007e-06;1.08517e-07;1.43413e-07;4.06943e-11;8.0891e-09;1.26228e-07;1.34282e-07;5.14113e-07;9.56397e-08;5.24769e-08;4.29956e-07;0.0275574;4.4666e-05;9.2571e-05;0.956554;0.000240238;0.000173123;3.65106e-07;1.04708e-05;0.00284567;9.71732e-05;6.82818e-05;0.0119923
0.000204066;6.91861e-07;2.85177e-06;8.1775e-09;5.76073e-08;4.51762e-08;1.09273e-09;4.82571e-08;1.21576e-08;3.18741e-08;3.45651e-09;2.40046e-09;5.52249e-10;1.13003e-08;2.20475e-08;5.69764e-08;2.69767e-07;7.2846e-09;1.39762e-06;1.15884e-08;3.01265e-09;6.1447e-08;2.00172e-08;1.40935e-08;7.03922e-08;2.74784e-09;2.59969e-09;6.60852e-09;4.503e-09;4.51866e-07;1.52821e-08;8.01772e-10;2.15862e-07;6.99735e-11;4.53986e-10;7.82823e-09;6.73385e-09;2.76255e-09;4.31986e-11;3.60184e-09;1.54611e-11;3.81548e-08;3.08378e-08;1.63571e-08;1.87722e-08;1.95135e-08;2.07874e-09;5.1025e-09;3.35161e-07;2.95583e-08;1.18288e-10;7.08749e-08;8.89851e-11;9.40387e-11;4.64356e-10;5.92815e-09;2.82153e-10;4.75676e-08;2.24946e-08;2.19409e-08;9.29975e-09;1.0961e-05;1.12443e-07;4.03209e-10;4.05145e-09;4.58907e-09;2.30426e-09;8.21264e-09;1.50494e-08;1.05408e-06;7.96978e-08;4.24432e-10;1.93377e-08;6.99366e-12;1.63543e-09;7.31621e-09;4.8348e-09;3.01268e-09;2.03998e-08;1.90924e-09;6.73905e-08;4.27284e-09;2.55583e-07;1.09205e-08;1.05103e-08;6.95237e-09;1.47417e-10;4.74349e-09;7.60947e-09;9.30097e-09;2.8956e-08;3.21119e-08;8.14918e-09;3.4366e-10;1.10734e-08;6.4727e-09;8.37392e-09;3.50909e-09;1.30897e-09;2.05044e-09;4.09307e-07;5.1218e-09;1.40328e-09;5.27861e-08;2.98957e-09;3.128e-10;1.09364e-08;5.2243e-09;1.18124e-08;5.20462e-09;3.07311e-09;1.54656e-10;5.525e-09;4.30583e-09;1.02555e-08;9.20089e-10;1.75396e-08;8.459e-11;2.20939e-08;1.41763e-10;4.90883e-10;1.8028e-11;3.36905e-09;1.72793e-09;2.19415e-07;4.46907e-09;1.2429e-08;9.99452e-09;3.6944e-12;1.56548e-10;3.65885e-09;5.41002e-08;3.20239e-07;7.24767e-11;5.60246e-10;1.27529e-09;2.71799e-08;1.34723e-07;3.41189e-07;9.66983e-09;1.27433e-07;7.33684e-09;8.92515e-09;1.28268e-08;6.98716e-10;5.17265e-09;1.95092e-09;3.57853e-08;1.94325e-08;3.0017e-07;1.68388e-08;2.07585e-08;1.06105e-07;1.71446e-10;1.51831e-09;1.0283e-08;3.94204e-09;5.38774e-10;1.8313e-09;6.70111e-08;7.61717e-09;5.55318e-08;1.40331e-08;1.91718e-08;2.26786e-09;2.66812e-08;1.8068e-09;3.20083e-09;2.33093e-09;1.16523e-08;2.5731e-08;1.87905e-07;2.05829e-07;7.57272e-08;2.04135e-07;2.23925e-09;2.22341e-08;1.22987e-09;4.97555e-08;2.22192e-09;1.46299e-08;5.41069e-07;5.31196e-09;4.12466e-10;1.01551e-08;1.21958e-07;1.56388e-09;4.44526e-10;5.63437e-09;2.95894e-09;3.46086e-09;1.30061e-07;4.57502e-07;2.46235e-08;8.02399e-09;1.79725e-07;2.45622e-09;7.81229e-08;1.29502e-09;3.17314e-09;2.3548e-09;1.76123e-08;7.83752e-08;1.4344e-08;6.32193e-09;4.23004e-09;1.55613e-08;2.19747e-08;1.42306e-08;1.41363e-08;3.37782e-10;3.04844e-09;5.12254e-09;2.5012e-08;4.86692e-08;7.66642e-07;1.13266e-07;2.94474e-08;3.19058e-08;7.25943e-10;1.48813e-07;8.46768e-09;8.96879e-09;1.86536e-08;6.02406e-09;1.87583e-08;2.8404e-07;1.08766e-07;1.70815e-08;5.48044e-08;3.28195e-08;2.11421e-08;7.86611e-08;3.66857e-07;1.04409e-08;4.79068e-07;3.21665e-09;7.0283e-11;3.50406e-10;1.36027e-08;1.48641e-08;7.22177e-08;1.24412e-07;5.38282e-08;1.52426e-08;1.88127e-08;1.88728e-06;3.8155e-08;2.59141e-09;2.54597e-06;9.24625e-10;2.49309e-10;1.19535e-08;2.46076e-07;3.4499e-08;6.57056e-09;2.10155e-07;2.56832e-09;6.54305e-09;2.3197e-09;3.86613e-08;1.19919e-08;2.16164e-11;9.08178e-08;6.35723e-11;6.69687e-09;6.9241e-09;8.55665e-09;1.21727e-07;2.87247e-09;1.00806e-08;4.98667e-09;5.66319e-13;3.73637e-09;7.54989e-07;4.12847e-09;6.10715e-09;4.95401e-09;3.43365e-09;1.51496e-08;2.26573e-09;4.55342e-08;9.84972e-09;9.28058e-11;2.14045e-08;6.16444e-10;2.61535e-09;8.98165e-08;2.15409e-07;6.20684e-09;2.4458e-09;1.10946e-07;7.97452e-11;1.17815e-10;2.33133e-09;1.52189e-09;1.20034e-08;1.67075e-08;2.06091e-09;1.71426e-09;1.30574e-08;2.26666e-07;4.85012e-07;6.33784e-10;1.41024e-06;1.1471e-07;5.72686e-09;2.21325e-10;1.65014e-08;9.09189e-08;1.02126e-09;7.83171e-10;3.27509e-09;3.78313e-09;2.19576e-08;3.52074e-08;1.26081e-08;6.1131e-12;2.94245e-07;9.04975e-12;1.11739e-09;2.06183e-09;2.83913e-09;0.00475272;0.000216155;2.33206e-05;0.941903;1.42837e-05;2.86285e-05;0.0527612;2.12605e-06;3.10653e-05;4.22414e-06;6.43296e-06;5.68537e-06;9.46287e-06;1.07206e-07;1.39251e-10;1.61392e-08;6.52435e-08;5.65848e-09;4.77265e-11;1.30077e-08;2.19787e-10;4.44407e-10;8.71977e-08;8.29888e-09;9.18591e-09;3.82773e-08
1.4673e-05;6.43487e-06;8.779e-06;9.4271e-07;6.57051e-06;1.04029e-05;3.82199e-08;2.44141e-06;7.62495e-07;1.36933e-06;5.65972e-06;1.92438e-07;2.00247e-07;6.42466e-07;5.13616e-07;6.81901e-07;1.66637e-05;3.6322e-07;2.43827e-06;2.09383e-06;2.68615e-05;8.10867e-07;1.62495e-07;2.00885e-06;7.29371e-07;2.88677e-06;5.47942e-07;9.26126e-06;7.65335e-07;3.7295e-06;4.06176e-07;1.22083e-05;1.13888e-05;3.29265e-08;2.18505e-10;1.82978e-07;6.01348e-07;5.08721e-07;1.0209e-09;9.07414e-08;2.04513e-10;1.71139e-06;3.02419e-05;3.9782e-07;4.27946e-06;1.53456e-06;2.29395e-08;1.57922e-06;3.802e-06;2.92039e-06;1.46799e-07;3.67128e-07;3.08994e-05;9.05523e-07;1.5276e-08;8.67756e-07;5.16715e-07;2.34952e-06;7.58462e-07;5.75425e-07;4.11092e-06;2.1191e-05;5.7624e-06;5.51892e-08;4.02686e-07;4.54277e-07;5.05957e-07;7.92585e-07;2.66555e-06;2.49369e-05;8.65709e-06;1.90423e-07;4.70184e-06;1.14234e-09;7.77995e-09;6.96149e-07;4.69053e-07;4.64534e-07;3.89484e-07;2.74317e-07;1.95534e-06;1.00155e-06;1.61783e-05;3.42924e-06;6.96112e-07;2.639e-06;1.27446e-07;2.02661e-08;2.21429e-07;6.1456e-07;3.8385e-06;6.41044e-06;6.22715e-07;6.79966e-06;4.32164e-05;5.40055e-06;7.0378e-08;6.04044e-07;2.05188e-07;3.22865e-07;1.1149e-05;6.07191e-07;9.47371e-08;9.63965e-08;2.16554e-08;1.92653e-09;2.64904e-07;5.60956e-07;2.04678e-07;7.10243e-08;3.72081e-06;4.95178e-08;1.68708e-07;6.66286e-07;1.36614e-06;8.6132e-07;3.08635e-06;2.79888e-07;2.00442e-07;2.17186e-08;5.23902e-07;2.46536e-08;2.47965e-07;1.30746e-06;5.15994e-05;2.07863e-06;7.16838e-08;2.22511e-06;5.07672e-09;6.02946e-08;2.8545e-07;8.28734e-07;6.03257e-06;1.20082e-08;2.64363e-06;6.60967e-07;5.43236e-06;4.51546e-06;4.18635e-06;1.492e-07;2.69682e-06;6.04243e-07;2.65871e-07;2.76653e-07;3.2542e-07;2.04366e-07;1.50018e-06;2.92118e-07;4.02302e-06;1.60156e-05;2.54613e-07;8.17758e-07;9.45086e-07;2.95096e-09;2.79283e-09;4.85438e-07;1.16739e-07;8.40401e-08;2.23464e-08;8.77083e-07;3.94339e-07;1.1739e-06;1.78502e-07;1.11138e-06;3.84334e-06;8.62863e-09;2.33894e-07;4.5133e-07;6.38898e-07;1.04768e-06;3.39708e-06;8.74797e-06;3.71983e-06;1.77597e-06;3.7692e-07;1.65182e-07;1.05235e-07;4.11249e-06;9.08133e-07;4.74721e-06;1.47429e-06;2.82499e-06;4.96218e-06;2.82054e-06;8.36242e-07;1.54622e-05;2.23974e-07;4.96332e-06;2.75634e-06;2.46378e-06;3.80875e-07;4.22928e-06;1.13129e-05;1.04095e-06;1.34954e-06;1.52256e-06;4.28346e-07;1.24313e-08;4.72493e-07;7.47035e-07;4.07549e-07;7.36147e-07;1.22041e-06;2.66673e-07;3.2684e-07;7.80755e-08;1.38711e-06;3.48327e-08;3.89324e-07;7.95762e-07;1.92229e-08;2.75852e-06;5.50456e-07;6.08963e-07;2.67684e-06;1.32586e-06;3.86397e-06;3.13752e-05;1.65161e-07;7.03015e-07;3.3568e-09;4.11126e-07;2.67275e-07;6.84868e-07;2.45984e-07;1.06789e-06;1.2767e-05;5.97693e-06;4.59118e-07;2.52191e-06;5.93886e-06;4.42481e-08;1.67553e-06;2.65817e-05;2.91996e-06;2.28592e-06;1.27063e-06;9.28935e-07;5.57268e-09;2.95779e-07;4.77373e-07;8.83463e-06;1.74499e-06;4.93591e-05;7.20845e-07;5.52059e-06;2.62492e-05;3.54518e-07;2.74593e-06;4.97853e-05;8.53193e-06;2.04546e-08;4.92667e-07;4.62961e-07;7.74116e-07;1.32844e-07;5.25247e-06;3.93972e-06;5.06264e-07;1.81782e-07;2.12891e-06;1.97217e-06;3.85223e-06;1.51893e-07;3.34759e-07;9.30481e-10;4.58142e-07;4.55023e-07;1.64743e-06;6.84139e-06;5.23347e-07;3.55037e-06;1.40622e-09;1.13406e-07;5.61923e-06;3.0107e-07;1.8068e-05;2.5366e-07;3.05174e-07;4.96536e-08;8.27732e-08;3.3805e-07;3.93447e-08;1.9056e-06;1.88935e-07;1.57325e-07;8.90559e-05;0.00255698;0.0953404;0.213493;0.341889;0.302926;0.0288026;0.0129877;3.42708e-05;1.50622e-05;8.73833e-06;0.000119971;3.75463e-05;0.000304759;5.95977e-07;1.46439e-05;2.13872e-06;1.36721e-07;0.000122992;5.09251e-07;5.79572e-07;1.23117e-08;1.2363e-07;1.10203e-06;6.60553e-11;1.12002e-08;1.54659e-06;5.39225e-07;1.17456e-06;6.11353e-06;1.14347e-06;4.18589e-07;5.73516e-06;1.15165e-08;9.31616e-10;5.41161e-07;3.26495e-07;1.48371e-07;9.51068e-07;1.31134e-06;6.44888e-05;2.46428e-06;2.51132e-06;3.98265e-05;1.27283e-06;5.29118e-06;2.09908e-06;1.18559e-08;3.28623e-06;3.29708e-07;0.00013092;3.2451e-07;2.19186e-07;6.14269e-07;1.25018e-10;7.73048e-10;3.10758e-07;1.41555e-08;1.40325e-07;2.93449e-06;4.81986e-07;1.8875e-07;4.54913e-08
1.27427e-08;6.41325e-07;1.31042e-09;3.37497e-09;5.21063e-08;3.713e-09;3.5046e-09;6.34357e-08;1.0897e-09;2.69857e-09;5.11104e-09;4.30676e-10;5.07872e-11;6.62598e-08;2.68196e-09;2.6657e-08;4.07203e-09;3.20267e-09;1.75239e-09;4.77932e-09;1.10701e-07;1.05022e-07;2.99969e-10;5.87437e-08;1.13669e-10;9.15307e-10;5.47091e-10;3.31144e-08;2.98651e-07;6.15473e-10;4.90807e-11;5.18021e-08;3.74439e-11;5.52115e-11;1.34662e-11;2.75852e-07;7.13012e-09;2.3299e-09;5.02607e-10;5.91893e-09;1.53524e-10;2.64521e-10;1.32334e-09;1.17117e-09;7.15518e-09;2.06191e-09;2.54901e-10;3.52964e-06;1.39353e-09;3.03245e-09;6.48289e-10;6.84582e-09;7.52777e-09;4.55946e-10;2.4137e-10;4.16591e-08;1.22468e-08;1.07018e-06;2.52245e-09;1.2483e-09;3.89083e-08;2.54989e-09;1.93885e-09;1.27289e-08;9.29903e-09;2.96671e-07;1.33514e-09;4.67026e-09;8.77955e-07;1.23615e-08;1.40621e-09;1.13226e-08;1.07592e-10;3.2719e-10;2.42014e-10;1.32475e-08;2.39187e-09;2.88828e-08;1.01535e-09;2.18692e-09;7.56489e-09;4.23331e-07;1.06962e-08;1.07169e-09;1.17626e-08;6.75891e-11;1.5825e-11;1.26267e-10;6.5257e-09;2.08514e-09;6.93567e-07;8.45389e-10;2.28671e-09;1.06793e-07;2.88719e-09;1.20212e-09;6.04138e-10;1.23621e-08;1.5384e-09;2.16961e-07;1.12293e-09;1.79666e-10;3.20798e-10;6.67087e-11;1.25476e-10;1.04762e-11;7.6487e-07;1.76822e-09;1.3687e-09;1.70985e-09;8.83733e-10;5.54645e-11;5.41543e-08;1.99252e-09;1.08731e-07;2.86912e-06;9.2076e-10;9.50221e-10;6.86224e-11;7.8492e-09;8.73766e-09;1.25493e-10;7.63786e-10;6.85454e-07;3.97777e-10;4.53368e-11;7.38018e-09;2.37703e-13;1.23505e-13;1.95823e-12;9.44974e-08;1.27056e-09;4.78725e-10;2.76856e-08;5.24613e-10;5.68731e-09;5.6215e-07;6.96646e-10;1.2829e-09;1.83635e-08;3.49159e-10;8.38022e-11;5.64569e-10;1.61376e-07;6.66968e-08;2.33411e-10;9.6441e-10;6.4831e-09;1.2752e-06;5.36133e-09;1.20856e-09;2.90633e-07;1.84124e-09;3.86901e-09;1.39381e-10;1.61473e-08;1.43037e-07;9.04907e-10;1.26099e-09;6.85278e-07;1.85142e-09;2.40084e-09;1.6682e-08;2.45038e-10;2.36306e-08;2.99543e-10;9.90697e-08;7.70697e-10;3.24742e-09;4.2112e-09;3.22051e-07;2.89681e-09;5.05177e-09;4.86998e-06;1.51205e-09;3.08791e-09;2.04216e-09;1.8462e-07;1.86796e-09;1.24657e-08;1.13302e-06;1.19793e-08;2.50983e-09;1.06562e-07;3.45132e-09;6.95246e-09;3.44113e-10;3.11363e-07;3.50535e-09;6.86218e-09;1.61142e-09;7.37472e-07;8.01507e-10;1.30258e-09;6.12321e-09;1.54107e-09;7.9644e-09;6.72147e-10;1.04031e-08;1.19108e-09;1.55628e-09;6.08372e-07;2.467e-09;4.73728e-09;3.17713e-06;3.85085e-10;2.23293e-09;1.67067e-09;8.73311e-07;2.23465e-09;8.95455e-08;3.13476e-09;5.50479e-09;3.9605e-09;3.4759e-06;9.7692e-10;1.85337e-09;8.37588e-08;8.30743e-10;1.13406e-09;1.68789e-10;1.42411e-08;5.18315e-09;3.18805e-09;2.72906e-09;2.48592e-07;1.45466e-09;3.07897e-09;8.25294e-08;8.86667e-11;3.85451e-10;3.81199e-09;1.61681e-06;9.75151e-11;1.43706e-09;3.28591e-08;7.1193e-11;3.29855e-10;1.9654e-12;3.56656e-07;2.22159e-09;1.42017e-08;7.50374e-10;3.62635e-09;1.96611e-09;3.1077e-07;3.20322e-10;3.37037e-10;4.51057e-09;1.65455e-11;6.42301e-10;4.08494e-10;1.48766e-07;7.59127e-10;1.60123e-09;9.41019e-10;3.59881e-10;5.96755e-10;3.40014e-09;4.45925e-07;3.18995e-09;1.59205e-09;3.89693e-11;2.31149e-10;5.42416e-11;9.36755e-13;2.89582e-08;3.50221e-09;1.5131e-09;2.461e-07;8.44449e-10;1.78245e-09;6.32057e-09;0.00184761;1.29089e-06;2.11418e-07;0.956261;5.14663e-07;5.86114e-05;1.17931e-07;0.00016741;3.02361e-08;2.60065e-08;0.0410443;1.20575e-07;1.93893e-06;5.99255e-09;1.12552e-06;2.95658e-09;4.47172e-09;4.84719e-06;8.18587e-11;1.62914e-10;3.55997e-14;2.14856e-06;4.87679e-09;2.19565e-09;0.000566534;5.22903e-09;6.19805e-09;4.48601e-09;7.39464e-07;1.38585e-09;6.76568e-10;6.55265e-07;8.36569e-11;2.34326e-10;8.18903e-12;1.15098e-06;1.96404e-09;8.41127e-11;2.24063e-11;3.32442e-11;1.39952e-09;8.16824e-07;6.68488e-09;8.42026e-09;1.4494e-07;1.81089e-10;8.92808e-12;3.77806e-11;1.38385e-07;1.11565e-08;1.49981e-10;2.56623e-07;2.72039e-09;1.79766e-08;1.71632e-09;6.52721e-09;1.5119e-07;4.39025e-07;3.28141e-09;3.03731e-09;9.9581e-09;3.81294e-09;2.10139e-09;6.79195e-08;2.7134e-09;1.95846e-07;1.09191e-09;8.55199e-11;1.14276e-09;1.69857e-10;4.7042e-12;3.14087e-07;1.01613e-09;5.54978e-10;4.69451e-08;1.13685e-09
5.84891e-12;2.11982e-11;3.58426e-11;1.40945e-10;1.47486e-11;1.47184e-10;9.5059e-11;4.63669e-11;2.79567e-11;1.23948e-10;2.33e-11;1.82332e-12;1.07632e-13;4.42788e-11;8.73619e-11;7.40792e-11;3.70432e-11;6.75144e-12;1.94631e-10;1.39692e-10;3.06767e-11;3.99333e-12;4.51617e-11;1.67789e-10;4.12963e-12;2.6438e-10;7.96571e-12;1;1.02036e-11;1.40999e-10;6.02198e-10;2.46113e-10;6.05753e-13;3.69286e-11;4.48982e-11;5.88445e-11;3.00088e-11;1.02723e-11;4.58222e-13;2.22096e-11;1.22387e-10;7.29341e-10;2.54716e-09;5.17682e-09;4.76575e-09;8.29147e-10;4.49986e-09;2.77803e-11;8.43247e-11;8.2739e-11;4.03298e-11;1.62767e-13;1.20586e-10;5.03784e-11;2.06932e-11;2.28222e-10;1.29302e-10;3.10981e-12;1.6802e-11;4.24392e-11;8.91628e-12;8.62286e-12;6.38933e-11;1.28853e-11;2.11747e-11;9.6603e-11;1.64969e-11;4.84647e-11;5.58407e-12;1.69732e-10;6.61919e-11;9.38353e-11;1.45498e-12;3.61476e-11;7.71074e-13;1.23844e-11;1.64323e-11;2.9279e-11;1.50486e-11;1.90313e-11;6.67662e-11;5.62705e-11;1.00065e-10;5.57697e-11;2.57166e-10;3.65386e-12;7.06966e-12;2.63311e-10;3.77071e-11;1.7707e-11;3.98308e-12;1.62733e-11;1.28633e-11;1.40837e-09;1.34608e-12;3.71252e-12;1.12093e-10;6.00324e-11;3.27143e-12;2.47843e-11;1.81063e-09;2.92101e-10;1.46974e-12;1.63974e-11;1.01394e-12;9.81543e-12;1.4626e-10;1.32308e-11;8.62798e-12;4.23601e-12;1.65714e-11;7.05139e-11;2.73014e-11;8.11338e-12;4.64638e-09;1.96798e-11;1.32891e-12;2.88277e-09;7.34325e-10;5.0392e-11;2.54927e-11;4.11401e-11;3.05703e-11;1.29765e-12;2.21768e-12;1.37546e-11;2.53532e-13;8.31707e-16;7.83692e-14;1.46336e-14;2.02656e-12;6.45345e-12;2.47092e-12;1.54303e-11;3.90171e-12;3.33269e-11;2.00963e-12;2.32416e-12;5.86158e-12;3.25304e-12;2.06789e-12;5.14753e-13;1.45286e-13;1.18702e-11;2.04714e-10;8.25076e-12;3.33949e-11;2.19598e-11;2.8917e-12;1.53933e-11;7.72734e-11;3.0861e-10;2.21588e-13;5.4566e-11;2.38121e-11;1.02023e-11;1.3988e-10;7.12727e-11;1.44284e-10;1.21261e-11;1.14212e-11;2.47945e-11;6.01993e-10;3.40327e-12;5.81513e-12;1.42723e-10;1.5932e-08;1.10399e-10;3.39451e-10;8.40322e-12;2.53635e-11;2.13234e-11;5.60883e-11;3.17647e-11;2.88409e-12;2.3948e-10;6.02221e-11;2.18693e-09;2.77352e-11;7.06464e-10;2.5981e-12;1.54887e-10;1.62112e-11;1.04346e-11;1.19288e-13;1.08337e-12;6.45476e-13;7.67209e-11;1.31123e-11;1.28514e-11;6.70212e-12;4.99771e-12;2.04539e-11;2.65202e-10;8.34656e-13;5.08225e-12;8.26449e-12;2.21364e-12;3.832e-10;5.31944e-11;1.55292e-11;3.12835e-12;8.34182e-12;8.59726e-12;5.34031e-12;2.55724e-13;5.96907e-12;1.21997e-11;6.62565e-12;1.95486e-11;4.39718e-11;2.81713e-11;5.32834e-11;6.12508e-12;5.20962e-12;2.13341e-11;4.58314e-10;1.7224e-12;1.94053e-12;3.79729e-11;4.09377e-11;1.48094e-11;5.94565e-12;1.19843e-11;9.16988e-12;3.91572e-11;3.59623e-11;4.4943e-11;1.09216e-08;4.51692e-11;1.81155e-11;3.28371e-10;4.3978e-12;1.36239e-11;1.70831e-11;1.76072e-10;2.78141e-14;1.27862e-09;6.93526e-14;1.37621e-11;1.49046e-11;2.41999e-11;9.92499e-13;5.71575e-11;1.25101e-11;6.73887e-12;2.68021e-11;4.72097e-10;1.57343e-10;1.77175e-13;1.43409e-11;2.99945e-11;2.07153e-11;3.99566e-11;2.87134e-11;1.01529e-11;1.01504e-11;1.87535e-10;1.68588e-11;3.533e-11;2.52988e-09;9.54171e-10;4.65897e-10;2.53793e-15;6.35137e-12;9.54095e-13;1.75417e-11;1.85403e-11;2.8816e-10;5.93409e-11;1.29877e-11;8.91967e-12;8.01985e-13;4.70137e-12;4.64177e-10;1.02175e-09;3.68383e-13;9.94862e-14;1.44337e-11;7.49872e-10;7.04265e-11;8.08442e-11;5.31782e-11;4.31949e-10;4.93971e-12;4.63373e-11;6.35009e-11;1.32817e-12;2.61231e-10;1.82862e-10;2.36915e-11;1.30475e-14;1.63986e-15;3.63101e-09;5.63796e-10;6.11634e-12;1.19107e-11;1.25114e-08;9.91987e-12;9.03884e-11;3.48729e-11;8.23095e-13;6.67017e-11;8.39608e-10;3.0516e-11;1.45985e-11;8.6348e-12;2.65045e-09;2.44147e-11;1.75084e-11;6.5479e-12;5.37855e-11;9.92345e-10;3.95405e-11;1.03708e-11;3.32244e-10;2.34882e-10;4.00051e-12;3.52191e-09;9.34514e-10;1.01544e-11;1.2147e-10;4.76744e-11;5.05379e-17;8.26688e-11;9.51816e-11;3.36798e-09;3.12333e-12;3.13261e-11;4.02018e-07;2.95724e-11;4.00206e-11;6.65685e-12;4.09439e-11;7.82767e-12;2.11209e-11;2.11353e-08;1.72483e-12;1.87141e-11;1.22764e-11;4.40792e-12;2.75537e-11;3.24082e-11;3.26655e-14;3.47212e-11;1.1402e-10;1.40565e-10;6.70707e-12;1.0865e-12
1.48831e-09;3.96109e-09;3.88274e-09;4.18932e-09;3.52588e-09;4.78744e-11;4.51278e-09;4.28178e-08;1.43019e-09;2.95865e-09;4.41515e-11;4.98195e-06;6.00121e-10;1.48963e-10;6.93685e-10;2.85609e-08;1.16249e-09;4.44066e-10;2.94222e-09;2.35449e-09;6.59055e-09;5.18685e-11;1.65996e-09;5.85219e-08;1.38546e-10;2.87756e-08;3.55553e-09;6.90808e-11;1.39949e-11;2.93349e-09;1.32728e-09;1.35852e-11;3.4236e-12;4.56926e-10;2.90605e-08;1.78382e-10;1.49071e-10;2.70938e-10;7.03664e-11;6.21085e-11;4.89979e-12;6.55663e-09;9.03283e-09;2.17788e-10;9.0736e-10;3.20136e-11;6.91116e-11;4.50503e-10;1.13645e-08;3.06799e-08;1.86245e-08;3.06652e-07;6.91547e-12;2.35608e-11;3.71338e-08;9.54535e-10;4.21322e-09;2.38925e-10;6.58775e-10;3.34636e-09;1.8306e-10;5.19373e-11;7.43594e-10;5.32344e-09;9.08728e-11;1.80327e-09;7.03903e-10;1.90315e-10;4.09322e-10;1.69116e-08;2.90956e-09;2.21616e-08;7.75483e-10;7.91306e-09;2.79561e-10;2.09209e-10;2.50777e-10;9.61501e-10;1.22342e-08;9.23497e-10;9.28272e-10;1.43384e-11;7.1106e-10;3.27504e-10;2.36957e-08;1.06595e-08;1.783e-08;1.90318e-09;1.21302e-09;4.68227e-10;1.8383e-10;9.35339e-10;3.81579e-10;1.67828e-08;2.68057e-10;6.91714e-11;9.16565e-09;5.87568e-10;8.14395e-10;5.55403e-11;1.4659e-09;1.53904e-08;3.99775e-11;1.89939e-10;1.25267e-10;1.22494e-09;1.15984e-10;2.72451e-10;3.40053e-10;2.40265e-10;2.81911e-10;7.9359e-10;1.84511e-10;3.41961e-10;5.63861e-09;2.45544e-10;1.51596e-09;1.87735e-10;1.99011e-08;6.41025e-10;6.17351e-10;3.56129e-10;6.88687e-10;8.39152e-13;8.14039e-10;8.80816e-11;1.52507e-09;1.42097e-12;2.06768e-11;8.08646e-11;1.55065e-11;7.49332e-10;1.73242e-10;8.93402e-10;1.81396e-12;1.30632e-10;2.02409e-10;1.50253e-09;2.438e-09;8.11741e-09;1.65486e-08;1.9888e-09;2.25676e-09;4.18944e-10;3.48529e-08;7.26898e-09;1.70925e-09;5.48635e-10;3.25359e-11;1.39267e-09;4.30799e-10;9.06996e-09;2.18645e-10;5.42678e-09;2.52754e-07;2.21346e-10;5.658e-10;2.72476e-10;7.47663e-09;1.35136e-10;3.50006e-10;1.40058e-09;4.90798e-08;3.43047e-10;4.93477e-10;3.37251e-10;3.83141e-09;1.89033e-10;3.17323e-10;1.42223e-10;6.92624e-11;4.35137e-10;6.34012e-10;6.6419e-10;1.60334e-11;1.92626e-11;3.66329e-10;2.23418e-10;7.27902e-11;5.04737e-10;4.84392e-11;2.03592e-09;6.35185e-10;1.18078e-09;1.17147e-10;1.66069e-10;1.54265e-09;1.44605e-09;4.34446e-10;3.86579e-10;9.6098e-10;8.64577e-11;4.5069e-09;1.43731e-08;5.50602e-11;3.29793e-11;9.22866e-10;2.17404e-09;3.29068e-09;4.18027e-10;3.17127e-10;3.37074e-11;5.14545e-10;4.14678e-10;6.41485e-10;1.29785e-12;1.02489e-11;3.2776e-10;1.46508e-10;8.68509e-10;9.4619e-11;4.35108e-11;1.33111e-10;6.1315e-10;2.26985e-11;5.81584e-09;2.77838e-09;2.37422e-11;4.38445e-11;4.91036e-10;4.74167e-10;1.93915e-10;3.46092e-10;1.4808e-10;4.61607e-10;5.0587e-10;4.38163e-09;8.38696e-10;1.13735e-09;3.14137e-11;7.93209e-11;5.63648e-10;9.07378e-12;6.86774e-10;1.54772e-10;8.82666e-11;2.71048e-11;3.17405e-09;2.60737e-10;4.58131e-10;3.84815e-10;8.48533e-10;2.77496e-10;6.6068e-10;4.71476e-10;2.11192e-11;1.97026e-08;6.27576e-08;2.37876e-07;2.98948e-11;2.70669e-09;3.3294e-09;2.67169e-10;1.30801e-09;2.07414e-09;6.44496e-09;6.84946e-09;2.82116e-08;3.14486e-10;6.02618e-11;3.07369e-09;5.01918e-10;6.36338e-10;1.15651e-10;1.66988e-08;1.72502e-10;3.24337e-10;4.00208e-10;2.38664e-10;2.70291e-11;1.51565e-10;1.8931e-11;3.33406e-09;4.22719e-12;2.85597e-10;1.71748e-10;2.10721e-10;1.3372e-12;1.26001e-10;5.49443e-09;4.32566e-11;1.61829e-10;4.31137e-09;3.06266e-13;4.63033e-11;1.00188e-11;1.08698e-09;6.40214e-12;2.50097e-09;1.56457e-09;1.83571e-11;2.79386e-08;1.22372e-12;1.98723e-09;5.38206e-10;1.42316e-09;1.40651e-09;1.84508e-10;1.25806e-10;2.37015e-10;2.20802e-10;1.34571e-11;8.52913e-10;5.9927e-10;1.09952e-10;2.58788e-10;2.09562e-12;8.21303e-11;5.29264e-11;1.28426e-09;2.73981e-12;3.5133e-12;2.21759e-11;3.10527e-10;1.75927e-11;5.78111e-09;5.86889e-10;1.60137e-10;2.09214e-10;2.54452e-11;5.09381e-10;3.49462e-10;4.67514e-11;8.75588e-15;4.32755e-10;2.02136e-09;1.40965e-07;1.17907e-09;9.13662e-10;2.33585e-10;5.60569e-11;2.78702e-10;3.05841e-10;1.95027e-10;7.28432e-11;2.03946e-10;7.62245e-10;7.9023e-09;2.62647e-08;2.19831e-07;0.0368903;0.963099;4.48741e-07;3.06416e-06;1.07762e-08;3.32009e-07;3.84262e-08;1.37711e-07;1.55655e-08
3.40705e-06;2.01024e-10;1.43722e-07;1.17176e-08;2.19962e-08;6.82762e-10;2.35517e-09;1.46142e-07;1.42216e-07;1.36752e-07;5.43371e-09;1.86479e-09;0.000181558;7.30162e-09;1.66985e-08;3.84664e-05;2.50131e-07;1.60231e-08;7.54396e-05;1.43095e-07;8.08799e-08;5.74861e-08;2.64393e-08;6.83856e-07;2.06777e-07;1.25054e-06;7.43056e-06;1.7881e-09;7.09669e-11;7.93258e-09;1.02188e-10;9.73432e-09;4.83281e-10;2.786e-07;0.0134945;1.91116e-08;1.62277e-08;1.06539e-08;8.05631e-08;4.27121e-09;9.09825e-11;2.15755e-08;4.36874e-08;3.36553e-09;1.94132e-08;4.40609e-07;1.03381e-08;2.30741e-09;2.34693e-08;1.06733e-09;2.38969e-06;2.09658e-08;3.06581e-08;1.68152e-08;3.2056e-08;3.34755e-07;2.36061e-07;4.77047e-09;1.11363e-08;7.36977e-08;3.21354e-08;4.92259e-09;1.29858e-07;2.31203e-05;8.85032e-09;1.15547e-07;3.06045e-08;1.34025e-08;9.90053e-10;5.10265e-08;6.54532e-08;1.99826e-07;1.62639e-07;3.65943e-06;0.000342322;1.5695e-08;2.19967e-08;2.55074e-07;9.61287e-08;1.21021e-06;2.86778e-08;3.0714e-11;1.09044e-09;2.64582e-09;1.1114e-09;5.36989e-09;2.82766e-07;3.49395e-06;4.55211e-07;6.11265e-08;7.93836e-07;3.18427e-05;1.31721e-07;0.00300677;2.59972e-05;0.00133196;0.98019;0.000110284;3.3132e-05;6.17302e-12;2.59441e-09;3.01325e-09;1.48553e-08;2.41355e-09;1.56053e-07;0.000100437;1.28831e-08;1.38904e-08;1.31074e-08;1.15056e-07;7.42304e-08;7.46317e-08;1.61589e-07;6.12393e-08;6.36055e-08;3.67076e-08;3.74723e-08;1.66039e-10;8.88355e-06;3.34734e-08;5.31984e-09;3.51536e-09;4.01162e-08;6.55692e-11;3.88948e-09;3.24287e-11;1.79308e-08;7.95894e-10;2.36386e-07;6.24516e-05;1.33251e-08;6.30243e-08;3.37786e-08;7.34804e-09;6.18054e-09;1.95525e-09;9.14012e-09;1.08292e-07;7.6417e-08;2.16968e-06;1.63882e-07;1.09556e-06;1.69689e-05;3.75603e-07;8.76492e-07;1.69434e-07;6.50807e-06;1.34406e-06;6.80533e-10;1.88069e-09;5.17494e-09;9.25414e-09;5.93988e-10;2.35406e-09;3.46755e-05;2.42065e-08;3.50616e-08;3.78751e-09;8.79765e-07;1.69472e-08;1.82161e-08;2.94772e-08;5.69624e-08;4.00226e-09;1.2525e-08;0.000385104;1.7618e-07;8.17548e-09;1.16533e-07;2.77847e-07;2.07068e-08;1.67001e-08;2.10194e-07;6.16377e-07;5.68898e-07;6.82089e-06;5.06827e-06;1.57305e-07;1.0726e-08;4.5755e-07;1.24758e-09;3.88949e-08;5.05406e-09;7.11021e-09;3.93749e-07;1.05308e-06;4.42449e-07;9.65699e-08;5.68802e-08;7.32008e-08;2.58357e-07;5.73586e-09;1.76279e-08;2.05251e-09;1.04025e-07;5.50248e-10;4.37771e-07;2.56698e-05;3.36575e-07;1.23856e-08;1.90004e-07;3.85293e-08;1.40349e-07;2.0929e-07;2.52176e-07;3.28299e-06;3.64984e-07;0.000259938;4.75557e-08;2.36537e-08;1.39978e-08;2.02476e-08;4.75275e-08;6.29078e-08;4.6959e-10;2.30761e-08;2.77321e-09;1.59104e-08;9.03119e-10;2.06485e-09;4.82848e-07;6.17542e-09;5.37939e-08;1.72111e-08;3.76354e-08;5.52184e-08;7.01211e-07;4.10227e-08;1.76857e-08;1.21628e-07;6.66867e-07;3.19471e-05;1.59196e-10;1.97042e-10;8.97997e-11;1.87728e-10;5.67512e-10;2.2644e-10;1.37085e-05;4.28007e-09;2.01206e-07;6.94295e-08;5.53486e-08;5.22244e-08;3.70523e-08;6.04952e-11;1.46706e-08;9.90797e-09;2.69405e-09;6.44422e-08;4.31627e-07;6.85872e-05;1.95543e-08;7.33112e-08;1.54038e-08;5.01915e-08;3.21127e-08;2.63457e-07;2.01149e-08;1.50025e-09;2.16036e-08;9.9399e-09;2.33984e-08;2.23661e-08;1.89337e-09;2.83975e-05;1.60864e-08;2.99474e-08;1.31349e-07;6.52941e-08;7.30124e-08;6.25325e-08;8.85777e-09;7.65341e-12;3.47807e-09;1.21655e-11;1.44242e-10;7.96241e-09;4.6337e-11;3.03298e-09;3.0942e-09;1.27392e-08;7.63573e-08;8.40005e-11;3.97727e-10;1.44175e-09;4.11739e-09;1.80845e-11;7.31236e-11;9.92263e-10;5.83395e-11;3.13418e-08;2.28558e-10;1.08961e-08;2.88285e-09;3.39366e-08;1.24743e-08;7.77176e-10;1.81061e-07;2.45556e-06;8.94768e-09;1.46996e-11;2.11678e-09;1.08976e-10;1.50886e-10;7.95125e-11;1.81806e-09;3.05442e-06;3.86077e-08;9.27936e-09;9.06e-11;3.77862e-09;1.2324e-09;2.19272e-08;1.36574e-10;6.52325e-10;4.62575e-10;7.79979e-12;3.77023e-14;6.90193e-10;3.23345e-07;1.29785e-08;1.13812e-07;1.43751e-08;2.58295e-09;4.1322e-08;1.92834e-11;3.41075e-09;3.46383e-09;9.23923e-09;4.60678e-10;5.70352e-09;1.52603e-08;7.55464e-09;9.09529e-09;2.40901e-08;2.30882e-08;3.61311e-12;1.17074e-08;7.39715e-08;1.73913e-09;2.81277e-09;2.74189e-08;9.47415e-09;8.92838e-11;7.52572e-09;5.98544e-09;1.89127e-09;2.01278e-08
3.35292e-09;1.71545e-11;1.54288e-09;1.34197e-10;1.56446e-07;5.3538e-08;7.69498e-11;2.67686e-10;6.04101e-07;9.14282e-08;4.67564e-07;2.41113e-12;1.63978e-06;2.67415e-08;1.57789e-07;2.10471e-07;1.2908e-07;1.94407e-08;1.58474e-06;9.4922e-08;3.70958e-09;4.99081e-09;1.5478e-07;1.88645e-08;1.37325e-08;1.06169e-06;2.43566e-07;9.5891e-10;5.41938e-12;1.11479e-10;5.51297e-13;3.07955e-10;6.61207e-10;1.16898e-06;1.19455e-10;2.79826e-08;1.32614e-08;1.64807e-08;2.08521e-09;3.11014e-08;3.57911e-08;4.10591e-11;5.5592e-09;1.40986e-09;2.19585e-09;2.29779e-08;3.85545e-09;1.82787e-09;9.84704e-10;1.9391e-10;4.14484e-07;3.54261e-10;6.6626e-05;4.71806e-09;3.92462e-09;3.79429e-08;5.2755e-07;1.04625e-09;2.3291e-08;2.81956e-08;1.42104e-05;3.92427e-09;2.38354e-05;3.09768e-09;3.76423e-08;1.86945e-08;3.96921e-08;2.83059e-07;2.00252e-09;1.46981e-07;4.24206e-08;5.4783e-09;2.56462e-08;6.93297e-06;3.57643e-10;1.04631e-08;7.89466e-09;5.89655e-07;1.32299e-08;2.62389e-06;1.48381e-07;1.09323e-09;1.04072e-08;1.86303e-09;3.68331e-06;2.3905e-08;0.000674443;7.60508e-09;1.61973e-06;4.38797e-08;1.91354e-08;6.41996e-07;3.65435e-08;4.31279e-08;1.93197e-08;0.000514608;3.38593e-08;1.18769e-06;7.52463e-06;2.98299e-11;4.68667e-11;3.13214e-10;1.61558e-08;2.41668e-11;1.08621e-05;3.91376e-09;6.42023e-10;1.09737e-08;6.35004e-08;4.59804e-08;1.26616e-08;0.000391136;1.47859e-07;4.65375e-07;1.94545e-06;2.40252e-06;9.72876e-08;2.4913e-05;1.81303e-06;8.17168e-10;4.19901e-08;7.43999e-08;1.2055e-07;1.78946e-10;4.19288e-09;3.51363e-10;7.05002e-08;8.84755e-09;0.00116757;1.02326e-10;2.5511e-08;3.41028e-08;1.03935e-07;6.78569e-09;2.57988e-08;3.45788e-06;3.36724e-06;7.99845e-06;8.69331e-06;0.00572493;0.00794315;0.968344;0.00335637;3.83834e-06;2.03009e-05;5.42087e-05;0.0004708;8.29451e-08;1.5729e-08;7.16111e-09;1.78986e-09;2.58866e-07;2.96871e-10;1.67925e-05;4.95069e-09;3.54466e-08;5.82679e-08;6.63741e-08;9.13167e-08;1.41263e-08;1.31949e-08;3.72277e-08;2.6646e-06;2.92362e-10;8.95252e-05;3.60621e-08;5.72013e-08;1.98501e-08;2.4231e-06;2.56802e-07;1.8633e-07;5.5403e-09;7.92781e-08;3.02669e-09;1.07211e-08;0.000261441;3.82762e-11;1.45314e-08;2.27826e-08;3.83077e-06;3.39389e-09;1.41483e-07;8.4398e-08;2.93679e-07;2.8546e-08;6.64965e-06;4.48049e-09;2.9578e-08;2.04975e-08;9.06457e-08;9.03726e-08;2.04088e-08;8.46616e-09;3.53199e-08;2.39316e-06;9.04576e-08;0.008604;7.28735e-09;8.8813e-07;1.76497e-07;3.24925e-06;2.33468e-09;1.04346e-08;3.02857e-09;1.11854e-09;4.91541e-08;8.77684e-07;2.22744e-09;4.67025e-08;1.24311e-08;4.82184e-10;6.71723e-08;8.34546e-08;1.85571e-08;2.0301e-09;1.42858e-08;3.2894e-07;4.43993e-09;7.52797e-10;1.77369e-05;1.10021e-10;3.69417e-08;1.17159e-07;1.5323e-07;1.92387e-08;2.46378e-08;1.23941e-07;2.20307e-08;7.12488e-09;1.15761e-08;0.000178479;2.92885e-09;6.00054e-10;7.99179e-09;6.41523e-09;2.77511e-11;1.06554e-08;0.000245405;2.24081e-08;1.56217e-07;9.66881e-08;2.10928e-06;3.54079e-07;7.32201e-06;3.99021e-08;3.64649e-10;3.45731e-08;3.57246e-09;1.29701e-10;2.15323e-10;0.000196728;1.21506e-10;4.40811e-08;3.76297e-08;3.02511e-08;2.08106e-07;3.87611e-07;2.63997e-06;6.98529e-09;4.26099e-09;1.68174e-08;3.21114e-08;1.64406e-09;2.63548e-10;1.83578e-07;4.2239e-11;7.27149e-09;4.63306e-08;2.97065e-07;1.18173e-07;1.28933e-07;5.83824e-06;3.58691e-14;2.36842e-10;4.99028e-09;2.33302e-09;6.50323e-07;3.28314e-05;2.27659e-06;1.50372e-10;2.80357e-08;4.82484e-08;4.72983e-08;1.55028e-11;1.35531e-08;2.48085e-06;1.74895e-07;9.2016e-11;4.18492e-10;1.88099e-09;1.04149e-09;3.27498e-12;4.19502e-06;2.85966e-10;1.41808e-07;2.64464e-07;2.57725e-07;4.74272e-07;4.84195e-07;0.00116655;4.45956e-08;8.66634e-11;3.71009e-09;3.46881e-08;1.78344e-10;1.86472e-10;9.25884e-06;7.15857e-09;2.58103e-08;8.19276e-07;7.08429e-10;4.06345e-08;3.35625e-06;2.21043e-07;5.26783e-09;1.00631e-07;3.01322e-08;2.25898e-08;9.09645e-13;5.06182e-05;3.26053e-11;7.64292e-08;7.3118e-08;1.47624e-11;3.53537e-09;1.88395e-08;6.23446e-10;2.68653e-09;6.19858e-06;4.55431e-09;4.74352e-10;1.36895e-08;1.47929e-08;1.94279e-08;8.7525e-08;1.36179e-05;3.29244e-10;8.95083e-07;2.34302e-08;2.11523e-06;2.3503e-10;1.16412e-12;0.000172443;1.20341e-10;6.43814e-10;8.05311e-09;1.14121e-07;5.62015e-07;1.03753e-08
1.97447e-05;1.49901e-10;7.58489e-09;1.32352e-11;1.29939e-08;1.50714e-07;5.42343e-11;1.41292e-09;2.53279e-08;1.49035e-08;7.358e-12;2.22655e-07;1.06008e-07;2.16821e-08;2.21278e-08;2.38148e-07;7.8785e-08;3.7467e-09;5.39668e-09;5.32908e-09;1.82709e-10;1.71251e-08;1.85299e-08;2.62168e-07;3.33345e-06;3.63947e-08;8.83967e-09;2.19872e-09;4.83965e-10;6.12832e-10;8.17505e-11;1.13644e-09;1.06208e-06;1.57714e-07;7.44381e-09;1.17585e-07;1.48087e-09;2.96067e-09;8.43292e-08;6.41324e-08;7.93789e-11;4.70465e-10;8.69236e-10;9.70097e-11;4.44484e-08;1.53852e-06;1.09077e-08;4.8888e-09;1.27927e-10;2.13712e-11;8.82796e-08;1.46382e-07;7.72096e-09;4.50221e-10;2.45839e-10;1.55209e-09;1.01068e-09;4.90249e-09;4.53817e-09;3.20904e-08;1.06631e-07;1.0195e-08;1.76787e-09;1.22472e-08;3.61645e-09;3.26476e-09;4.07775e-09;3.9611e-09;8.96855e-09;3.40811e-08;1.56657e-09;2.31373e-09;2.84867e-07;7.33927e-09;6.69622e-10;5.5892e-09;1.00569e-09;3.96313e-08;5.08036e-08;1.37639e-08;7.94191e-09;2.71028e-10;2.40924e-09;4.64895e-11;9.75961e-09;3.0459e-07;3.80518e-08;7.86918e-11;6.4442e-09;3.66514e-09;2.71191e-08;5.51693e-08;3.70428e-09;1.15064e-09;2.76234e-09;9.55785e-10;3.42376e-11;2.76038e-08;1.56666e-08;2.40323e-10;1.30637e-10;2.47923e-11;1.18129e-09;1.66014e-08;8.3651e-08;1.30736e-09;1.05988e-09;1.33261e-09;2.39302e-09;7.36997e-07;5.73635e-09;6.85449e-08;1.57739e-08;5.13639e-09;8.1207e-09;4.19862e-09;8.50737e-08;2.10708e-09;2.43784e-09;3.47978e-09;1.04607e-08;4.28261e-10;4.57819e-09;4.27405e-10;1.97834e-10;2.98998e-11;2.84903e-09;5.95067e-07;4.50222e-09;9.4293e-12;1.01231e-08;6.02216e-09;1.10213e-08;2.30576e-08;1.85132e-09;1.41714e-10;1.68802e-07;3.45893e-07;2.99034e-08;1.92319e-07;5.74702e-06;5.58939e-07;1.49535e-08;4.59063e-08;7.71769e-08;1.00911e-06;2.12738e-08;3.0272e-09;4.75226e-09;6.48981e-09;1.62285e-10;1.76065e-10;4.09241e-09;6.89624e-09;3.08269e-10;3.52192e-09;2.98413e-09;1.90171e-09;2.30194e-09;6.80473e-09;2.61118e-09;4.59096e-09;8.19115e-09;2.00962e-10;6.49295e-09;1.21135e-10;3.54356e-09;9.00881e-10;6.37246e-10;4.37877e-09;1.57337e-07;7.10969e-09;1.82916e-09;4.11469e-11;1.76396e-08;4.21855e-09;3.86627e-11;2.85054e-10;1.80574e-08;5.80547e-10;3.72939e-09;1.53214e-08;1.50964e-09;1.33874e-08;6.68748e-07;1.03773e-08;6.76701e-08;2.58365e-09;2.91994e-08;4.58141e-09;5.84513e-09;1.41819e-09;6.80421e-10;3.87158e-10;3.83128e-09;1.0238e-07;6.16626e-08;4.17061e-09;8.84235e-09;2.17905e-09;1.33555e-08;2.64546e-09;3.1943e-09;8.00582e-10;1.54882e-09;6.13512e-09;3.93397e-10;3.00879e-09;6.48101e-09;1.47578e-09;2.16364e-09;4.26826e-10;8.69985e-09;2.14667e-09;3.33634e-09;3.22607e-09;4.0952e-09;2.22632e-11;8.1764e-07;9.37264e-09;1.09404e-12;3.04698e-09;3.55779e-08;1.24094e-08;3.25414e-09;7.43011e-09;7.55576e-09;2.04036e-09;2.22638e-09;1.33527e-09;1.63916e-08;1.92573e-10;2.06507e-09;4.8779e-09;9.73019e-10;1.81168e-11;3.75127e-07;2.46849e-09;3.26418e-09;6.70382e-08;5.3448e-09;1.78434e-07;9.63405e-08;7.03106e-10;5.01612e-09;4.08538e-09;4.64867e-08;1.51639e-09;3.64611e-10;3.42316e-07;9.00703e-09;1.89426e-10;5.67442e-09;1.82873e-09;4.41579e-09;3.36568e-08;5.80948e-08;2.95865e-08;2.13484e-09;8.01692e-10;6.34618e-10;4.93959e-10;9.14516e-11;1.87713e-09;1.32837e-10;1.28505e-09;3.13356e-09;2.50193e-09;8.97095e-10;2.88128e-09;8.71687e-09;5.19258e-09;2.49893e-13;4.3066e-10;2.13878e-09;6.70595e-11;9.41794e-10;2.79838e-05;4.21784e-09;6.88166e-11;9.25838e-09;7.17004e-10;3.09234e-09;2.11915e-09;9.26815e-09;3.82832e-11;7.20549e-09;2.45746e-10;2.39745e-12;2.23416e-11;2.83996e-11;6.39594e-07;1.17525e-07;5.63242e-13;8.62531e-10;6.32902e-09;3.78983e-09;8.31931e-10;8.41293e-09;3.15811e-08;2.45951e-09;1.42826e-11;1.03936e-09;1.50498e-10;2.07181e-09;2.83347e-08;1.30165e-09;9.15599e-14;5.21238e-09;7.04227e-09;1.66426e-08;9.14184e-10;4.87629e-11;7.64348e-09;2.64094e-08;1.45629e-08;5.25951e-09;5.74432e-10;2.59113e-09;6.98933e-07;1.88571e-10;2.12468e-08;6.68424e-09;9.18664e-10;3.54717e-09;1.54071e-08;3.00023e-08;2.53069e-08;2.49034e-08;1.82366e-09;1.44577e-08;3.10813e-09;5.56039e-09;6.21859e-08;1.57182e-08;1.26182e-08;3.3773e-06;0.997758;2.44521e-06;2.30022e-05;0.000150996;5.22056e-06;0.000302205;7.43506e-07;8.70508e-07;8.84711e-07;2.10691e-07;0.00164652;3.3133e-05
0.000532322;6.68831e-08;7.14822e-06;1.06652e-08;2.44597e-07;2.52911e-06;4.5398e-09;1.68091e-06;4.37575e-08;6.86777e-08;1.07386e-07;2.7093e-06;5.99873e-09;4.64003e-08;6.03966e-08;3.00464e-06;5.774e-07;1.265e-08;8.99469e-08;3.25304e-08;2.00909e-07;9.02698e-08;7.90817e-08;5.35591e-07;1.16337e-06;1.80178e-06;5.27152e-08;0.999269;2.8579e-08;8.90858e-08;1.05393e-07;1.2774e-05;1.21652e-07;3.11178e-08;1.03548e-07;1.86737e-08;1.00913e-08;1.2907e-08;1.74387e-09;3.01356e-09;4.05574e-10;8.88497e-08;2.16228e-06;3.60525e-06;1.17192e-05;5.3957e-06;2.23926e-07;9.55599e-08;3.77607e-07;8.98038e-08;3.41817e-09;3.6809e-07;4.99426e-08;1.21399e-07;1.10691e-10;3.34988e-08;8.73773e-09;2.06403e-08;2.97786e-08;2.39852e-07;2.29666e-08;3.77519e-08;1.29972e-09;3.48955e-09;1.93035e-08;1.01059e-08;5.57155e-08;1.73957e-08;2.69943e-07;5.41097e-08;8.65502e-07;2.40037e-07;4.35447e-07;2.62261e-08;9.34734e-08;2.85703e-08;1.02921e-08;7.81174e-09;1.50286e-07;1.09474e-08;2.40203e-08;3.32396e-08;2.95371e-08;1.489e-08;1.25815e-08;2.03658e-07;1.34877e-07;2.52572e-11;2.9245e-08;1.56262e-08;2.18888e-08;4.93717e-07;6.41417e-08;3.4583e-09;1.87061e-08;1.23246e-09;1.3468e-08;1.04032e-07;5.28243e-08;1.19273e-08;5.40948e-07;2.96092e-08;2.62829e-10;4.82651e-07;3.91855e-08;1.31475e-08;5.12316e-09;1.4585e-08;1.05931e-08;1.25029e-08;1.51705e-08;3.13265e-08;4.20381e-08;2.41558e-08;1.31984e-07;9.33297e-08;1.2102e-07;2.00317e-08;2.57173e-07;4.81171e-09;6.49301e-08;5.35569e-09;1.49093e-08;1.0096e-08;1.62692e-07;1.33649e-08;1.59111e-10;3.07208e-07;5.0679e-10;9.61852e-11;9.27736e-09;1.8542e-08;1.23298e-07;4.74743e-11;5.19768e-09;2.13402e-11;2.06521e-07;2.86638e-06;8.77583e-08;2.63577e-09;3.66151e-07;1.07614e-08;1.52462e-09;2.97376e-08;6.05071e-09;7.94021e-08;3.03976e-07;2.64981e-08;9.74454e-09;9.4408e-09;5.57437e-09;6.27396e-09;1.24983e-08;4.47363e-10;3.54969e-10;1.09072e-08;1.5718e-09;5.4688e-09;2.40661e-08;1.2107e-08;1.00535e-08;1.16497e-07;1.10848e-07;1.18036e-08;1.03343e-08;2.26084e-09;1.84138e-08;3.83737e-08;1.34617e-08;4.66781e-08;3.16445e-07;4.52348e-07;1.51979e-07;3.11328e-09;1.48144e-08;6.07262e-08;3.22069e-08;2.08919e-08;1.12479e-07;9.38583e-08;3.21996e-08;3.53757e-08;1.20113e-07;3.59191e-09;2.14933e-07;5.12191e-07;5.78129e-08;1.42018e-08;1.20135e-07;1.13263e-07;6.05294e-08;1.10052e-08;1.91728e-08;8.89274e-09;1.84522e-09;3.79676e-08;1.51081e-08;3.26024e-09;6.83814e-09;1.23654e-08;2.04987e-08;1.14187e-07;6.06514e-07;4.94137e-07;2.27511e-08;6.72854e-07;1.17562e-07;1.43506e-07;6.10903e-09;8.85236e-09;4.27436e-09;1.81623e-07;9.7858e-08;2.16275e-08;8.22342e-08;4.8217e-07;1.7085e-07;6.62908e-08;1.21829e-09;3.54701e-07;1.83783e-09;1.47388e-08;4.19698e-08;2.79021e-08;2.60393e-08;1.19926e-07;4.11425e-07;2.19366e-07;5.97976e-07;2.05842e-06;4.09473e-07;1.61629e-08;1.2404e-08;1.92339e-07;1.35365e-08;3.25465e-07;1.67196e-08;1.19484e-08;1.04735e-07;4.25482e-09;1.62675e-08;1.73536e-09;3.29402e-08;3.04917e-08;2.84333e-08;9.48379e-08;2.22977e-06;1.66883e-07;6.80654e-09;7.25807e-06;3.48965e-08;1.58637e-10;2.29537e-08;6.73987e-09;4.34311e-09;1.58373e-09;8.67028e-09;2.51082e-08;1.00726e-08;3.07244e-09;3.46161e-08;1.4335e-08;2.71369e-08;8.6067e-09;4.32373e-09;6.3828e-09;2.58259e-08;8.46898e-09;1.14702e-08;4.84322e-08;1.05591e-07;2.03646e-07;2.10542e-07;5.66087e-09;1.06568e-07;1.19065e-07;7.65916e-10;5.86892e-08;2.56195e-08;1.19616e-10;3.76349e-10;1.72476e-08;1.18269e-09;6.44318e-10;2.9108e-09;1.03893e-10;2.6647e-08;2.43778e-09;2.64485e-07;4.04167e-07;2.22875e-08;1.25622e-08;4.10996e-07;4.94037e-09;7.01112e-09;1.47972e-08;2.06744e-08;2.9248e-08;5.44978e-09;1.8442e-08;1.40481e-08;4.11129e-09;5.70024e-09;1.44552e-08;8.53215e-07;2.69315e-08;2.67655e-10;6.32929e-11;1.16177e-08;3.58556e-08;6.52592e-08;1.64096e-09;1.12966e-08;3.23027e-08;1.10521e-07;1.97555e-08;1.33722e-07;1.1594e-06;9.0013e-08;8.92311e-05;9.11706e-08;1.5939e-07;6.09059e-07;5.62578e-06;7.20221e-08;5.43872e-08;9.84577e-07;5.09845e-08;4.1147e-09;1.81939e-10;1.27357e-08;4.61608e-07;1.04248e-07;3.34024e-08;2.70555e-08;2.62064e-08;3.78643e-07;5.41463e-06;1.84017e-08;2.615e-07;1.16368e-09;1.41015e-08;6.02518e-08;1.51284e-08;6.50897e-09;3.72326e-08;4.95467e-09;1.10323e-08;9.0103e-09
1.14679e-12;8.45958e-13;3.73584e-12;5.55144e-14;1.59766e-12;1.67432e-12;9.72384e-14;3.58329e-13;1.5857e-14;1.02226e-13;3.80348e-14;9.70326e-14;1.03718e-14;1.25415e-13;1.11283e-13;6.13816e-13;1.05953e-10;9.00427e-14;1.5847e-13;1.16836e-13;1.20849e-12;6.99113e-15;4.16114e-14;1.30294e-13;9.30748e-15;4.25762e-14;2.78819e-13;9.01204e-14;9.29101e-14;3.81844e-14;8.63365e-14;5.12209e-11;2.20055e-13;4.38018e-16;4.64311e-12;5.74491e-14;6.53326e-14;1.34326e-13;1.74506e-12;3.76562e-13;7.114e-16;2.50113e-14;7.38747e-15;5.12747e-14;5.24512e-13;1.84193e-13;4.68633e-15;1.52626e-13;1.99001e-13;3.06544e-12;8.79769e-17;6.69351e-14;5.19745e-13;1.86857e-14;3.76327e-15;2.03391e-14;2.55575e-13;1.31464e-12;5.4571e-13;8.6893e-13;6.3571e-13;2.53526e-13;1.75699e-13;3.18871e-11;1.44313e-13;5.28458e-12;3.37929e-12;2.48438e-13;1.2661e-12;2.43628e-13;1.46395e-12;1.10552e-12;2.13626e-12;8.80641e-12;4.88806e-13;9.00522e-14;7.24957e-14;1.26638e-13;4.16162e-12;1.0803e-12;3.61697e-14;4.85446e-14;9.45486e-14;2.77513e-14;2.63325e-14;1.62563e-13;6.16739e-14;4.27229e-15;8.43716e-14;7.83131e-14;4.47188e-13;1.31527e-12;4.66119e-13;3.74984e-14;4.0653e-13;1.05354e-12;2.41735e-12;8.27639e-14;2.4586e-12;1.1202e-15;1.92542e-13;2.96052e-14;1.76681e-13;1.1305e-12;1.21889e-13;3.55152e-13;6.52898e-14;6.05026e-14;6.43804e-14;9.39241e-14;1.0941e-12;4.85048e-14;3.19139e-13;1.93092e-13;8.55594e-14;1.00418e-11;2.90538e-13;4.69556e-14;1.69752e-12;1.21103e-13;2.12545e-12;9.59123e-14;3.36172e-13;1.67793e-14;2.13946e-13;2.76608e-14;9.63677e-15;4.99325e-14;7.80458e-16;4.38078e-13;3.86847e-14;4.4497e-13;1.18987e-12;2.95857e-13;2.28632e-14;1.926e-14;9.30972e-14;5.3256e-13;8.29716e-14;2.73647e-14;4.84417e-14;9.88838e-14;1.28401e-14;8.54698e-14;2.28153e-13;3.16122e-14;1.4491e-12;4.90374e-13;4.67066e-13;4.76229e-11;1.37302e-12;1.46942e-11;5.81992e-13;9.91723e-14;8.51632e-13;1.01766e-13;1.40343e-13;1.84428e-13;1.25085e-11;7.67161e-14;1.08017e-13;4.08223e-13;3.29071e-14;5.18444e-13;1.64504e-14;6.6063e-14;2.68619e-14;2.33485e-13;3.64063e-13;1.61493e-13;1.36898e-13;8.18302e-13;5.75546e-13;5.63689e-13;7.68331e-14;4.30471e-14;3.74101e-12;2.51055e-13;3.39639e-13;3.31697e-12;1.34556e-13;3.46699e-14;1.49735e-12;4.29466e-14;1.30682e-13;5.06708e-12;1.92844e-11;1.0931e-11;1.62511e-12;2.04733e-12;5.707e-13;8.4576e-14;3.62232e-14;2.93642e-14;2.35663e-14;6.36508e-14;4.24735e-13;3.18881e-13;1.90604e-12;8.34732e-14;2.38115e-13;4.73106e-13;2.27611e-12;9.57157e-13;5.84009e-12;9.71217e-12;1.29206e-12;1.00668e-12;1.09849e-13;1.48842e-13;4.73899e-13;5.84543e-12;6.63554e-13;2.07438e-13;7.41555e-13;1.23539e-12;3.17925e-13;1.21287e-12;2.35841e-13;2.71998e-14;3.69887e-13;7.71953e-14;3.70622e-13;7.12959e-14;1.60998e-13;3.70561e-13;3.77117e-12;3.36575e-13;1.59965e-14;6.19253e-12;4.36618e-13;3.50494e-12;1.45329e-14;2.02717e-14;5.20454e-14;4.94059e-14;2.56128e-13;3.9401e-14;1.3311e-12;1.02472e-13;6.61049e-13;6.64812e-13;1.1799e-13;1.38499e-13;9.15084e-14;2.28326e-14;4.83004e-13;1.56259e-13;1.2267e-15;3.04296e-12;1.01246e-14;9.9278e-14;1.61317e-13;1.89892e-14;9.91315e-14;7.80194e-14;1.84942e-14;6.7156e-14;1.66969e-13;9.61196e-15;2.52782e-14;5.10743e-14;1.92612e-14;2.71821e-12;7.9127e-15;1.52872e-13;5.34786e-14;3.87528e-14;5.55006e-14;1.46846e-13;9.05602e-14;8.93962e-14;0.999999;2.49086e-12;9.74797e-12;1.22162e-11;2.80603e-11;8.53825e-11;3.78005e-09;1.39753e-06;3.2134e-12;1.61762e-09;7.71869e-12;2.31237e-09;2.68204e-10;2.31048e-10;7.12013e-14;3.45262e-14;1.64417e-14;1.63808e-12;3.95957e-11;5.47059e-14;4.58019e-13;8.61157e-15;3.73552e-14;3.10643e-13;2.92097e-13;3.18971e-15;2.08809e-13;4.09166e-13;8.59694e-14;3.20423e-14;5.55816e-14;4.43748e-14;1.39567e-13;5.70623e-14;8.45248e-14;6.14277e-15;1.06499e-13;3.24611e-13;7.76954e-15;6.59003e-16;4.94567e-15;5.13041e-14;5.10463e-14;8.30428e-13;1.33092e-13;3.91717e-14;3.50432e-16;7.64434e-16;2.81152e-12;3.84155e-14;1.15633e-12;4.55456e-15;3.60442e-15;1.98037e-13;1.56236e-11;1.73162e-13;7.45933e-14;2.22562e-15;5.11393e-14;5.35874e-13;2.01026e-12;1.79627e-13;2.26495e-14;2.57514e-14;8.48674e-14;6.25506e-14;9.37245e-15;4.36411e-14;1.50995e-15;2.32126e-14;4.59775e-14;5.50691e-16;1.72671e-15;1.53235e-14;7.6532e-15;3.18763e-15;5.63288e-15
5.96795e-12;3.06092e-09;1.14003e-09;1.10791e-10;6.46071e-08;2.76501e-08;5.02327e-09;4.40279e-08;5.69496e-10;3.35933e-09;4.50393e-08;1.19559e-08;6.30653e-11;5.83195e-08;1.68563e-08;4.37517e-09;1.22362e-07;5.09903e-09;5.15591e-10;1.64032e-09;6.12749e-08;4.37328e-10;1.8459e-09;4.53411e-09;6.3337e-09;1.33747e-08;1.19176e-08;1.14971e-08;1.61e-10;4.18035e-11;2.58853e-11;2.30699e-07;8.09006e-09;3.85857e-08;2.26664e-12;2.10022e-09;2.59917e-09;4.6806e-09;9.45934e-09;2.37922e-08;1.662e-09;7.11974e-11;3.13584e-08;6.70227e-10;2.44704e-09;1.29533e-07;1.60013e-09;2.32227e-10;9.06327e-11;3.81738e-11;7.5446e-11;2.13636e-09;9.7274e-08;7.18516e-10;6.60374e-09;8.88493e-08;5.78026e-08;9.20664e-09;3.31123e-09;3.97484e-09;1.39665e-08;7.20741e-09;3.51556e-09;1.24582e-09;3.65014e-09;7.77671e-07;2.60123e-07;2.12346e-07;9.03716e-09;1.00384e-08;1.30923e-09;6.12798e-07;6.17431e-09;6.7121e-07;2.53991e-10;3.80059e-09;1.21961e-09;3.61725e-08;2.06314e-08;2.66511e-08;2.22581e-08;1.05017e-07;5.64589e-09;9.96764e-10;2.72065e-07;1.56553e-07;2.61415e-09;8.05408e-11;4.3931e-09;7.10195e-09;1.4313e-09;4.8772e-10;1.29917e-09;2.61434e-08;4.99705e-08;2.9581e-08;1.27128e-12;1.28573e-09;5.26363e-09;1.63575e-10;3.16047e-09;3.80226e-10;9.47256e-08;1.46713e-08;2.47579e-09;8.43129e-11;1.67415e-08;2.87268e-09;2.02173e-09;3.7632e-06;5.73369e-06;3.53622e-06;3.84076e-09;2.74994e-09;3.89289e-10;1.19483e-09;3.34396e-09;5.68721e-07;7.53269e-10;2.94817e-07;6.84485e-06;5.24755e-07;2.35527e-06;4.93991e-10;5.69488e-12;3.11309e-11;5.29266e-10;7.31062e-10;1.61973e-09;4.6251e-11;2.87573e-08;1.58121e-09;1.37642e-08;6.2831e-06;4.7907e-06;4.68629e-06;1.58486e-09;6.79839e-10;3.857e-10;1.66614e-09;1.84192e-09;3.07441e-09;3.06815e-10;2.98495e-09;6.54809e-07;4.03041e-07;1.56871e-07;4.456e-09;2.0454e-09;5.83829e-10;1.56288e-10;1.20523e-10;9.50318e-10;4.62445e-11;3.50831e-12;4.64647e-09;6.19978e-06;3.95181e-06;4.07504e-07;2.25203e-09;3.19e-09;2.46629e-09;1.7368e-09;1.87829e-09;1.38029e-08;6.44166e-11;1.18719e-06;3.49327e-06;7.76981e-07;8.376e-09;3.25158e-08;4.85906e-09;3.6665e-09;2.14503e-08;2.19824e-08;7.51668e-10;3.97122e-10;7.65093e-06;2.32848e-06;4.11307e-06;1.10827e-09;1.71331e-09;3.65439e-10;2.22551e-09;2.8799e-08;8.35816e-09;3.99264e-10;1.80067e-06;1.91881e-06;4.82888e-08;1.71883e-08;8.01148e-10;2.39091e-10;1.86658e-10;2.4264e-10;6.14933e-09;2.08128e-10;1.291e-10;2.77464e-07;1.9859e-07;1.66311e-07;1.52877e-09;1.74616e-09;2.42778e-09;2.77405e-08;2.14156e-09;9.50349e-09;8.71677e-10;3.94278e-09;2.03533e-09;7.66834e-06;1.75379e-06;1.29711e-07;3.30254e-09;5.66338e-09;8.26301e-11;9.56365e-10;5.5961e-08;4.06091e-06;5.26866e-07;2.32204e-11;6.6057e-09;1.31715e-08;5.91176e-09;2.98338e-09;9.46961e-09;1.48311e-09;1.12581e-09;1.43134e-08;1.561e-08;7.5155e-09;1.0248e-09;1.06938e-09;7.90692e-10;2.2981e-09;3.92552e-08;5.22229e-08;6.06489e-08;3.12159e-11;1.32527e-08;3.99695e-09;3.18597e-09;2.61957e-09;4.34568e-09;2.96487e-09;2.44497e-10;4.71367e-11;4.14894e-10;2.64178e-07;4.46841e-09;5.54785e-07;3.6703e-11;5.1494e-09;5.0137e-10;2.03358e-09;6.58752e-08;1.8134e-09;2.95932e-09;9.4312e-09;9.24816e-09;4.27556e-09;2.18599e-09;9.3152e-09;4.40488e-08;1.3198e-07;1.88267e-11;4.37221e-09;3.84076e-09;8.97169e-10;3.6396e-08;4.79138e-09;5.21051e-09;1.52689e-05;8.66196e-09;5.83199e-09;1.85977e-08;0.000494885;8.9885e-06;1.54292e-05;5.16151e-06;1.30368e-06;9.23511e-07;5.23758e-08;0.999206;0.000126204;1.5987e-05;1.28487e-07;2.99116e-10;5.27514e-11;4.43974e-11;3.34864e-06;2.43092e-08;8.19082e-08;5.38762e-12;1.83518e-08;5.27821e-09;9.8194e-10;2.71526e-07;1.21524e-08;7.63707e-09;3.53559e-09;7.95819e-12;6.36867e-12;2.22035e-11;3.08196e-11;2.28083e-10;9.42431e-11;1.26264e-11;1.21219e-08;1.50605e-09;7.43875e-06;1.83652e-06;9.05238e-07;4.07004e-09;1.01715e-08;3.7521e-09;4.17434e-09;6.14967e-09;3.36239e-09;9.61006e-11;1.42994e-10;1.23876e-08;2.15831e-08;6.12864e-09;1.12138e-09;3.04782e-09;3.19026e-09;3.10688e-08;2.20789e-08;4.48761e-10;7.6357e-09;6.00231e-10;1.89569e-09;5.52613e-09;4.6366e-09;3.19111e-08;4.31914e-08;3.24519e-09;1.85724e-09;2.02357e-10;2.05842e-09;2.75028e-09;2.7032e-09;1.55482e-09;8.21737e-10;7.88311e-10;7.01463e-10;4.00407e-10;1.76887e-08
1.01625e-08;2.16532e-08;2.3319e-09;1.02727e-09;6.03137e-07;9.54033e-08;2.58659e-06;1.0281e-07;4.56212e-09;9.83912e-09;1.7857e-10;5.9612e-06;1.10084e-10;7.44481e-08;1.7101e-08;1.5104e-08;3.15706e-09;1.03653e-08;3.26193e-10;1.28852e-08;1.09613e-07;1.06195e-08;1.75795e-08;2.17861e-07;3.22965e-08;1.93366e-07;2.11215e-08;3.6511e-08;2.41401e-09;5.70576e-10;4.26744e-11;1.03526e-06;1.23235e-08;9.33126e-09;5.16624e-11;2.47006e-08;1.09295e-08;1.42771e-08;3.25931e-10;2.75181e-09;5.6352e-10;6.08616e-10;5.16775e-10;4.03651e-10;2.91259e-08;2.40486e-07;3.99131e-08;7.34165e-09;2.33741e-09;1.06616e-10;2.43e-07;4.69454e-08;2.2024e-09;3.20443e-11;1.28458e-08;4.22556e-08;5.31601e-09;3.67331e-08;7.64464e-09;1.1998e-08;1.30369e-07;4.0944e-09;3.083e-09;3.41054e-08;1.66617e-08;5.77979e-07;4.63755e-08;5.20261e-08;1.81852e-07;4.99306e-08;8.54259e-09;1.75413e-05;2.47367e-08;1.41347e-07;4.83867e-09;1.14798e-08;1.12526e-08;4.78511e-07;5.6008e-07;3.62664e-07;2.29042e-08;5.01507e-08;6.44675e-09;2.04598e-09;6.62343e-08;5.43408e-08;1.10722e-08;1.90829e-09;7.38857e-08;5.98436e-09;7.82541e-09;1.16858e-09;5.54053e-09;3.86159e-08;5.2203e-09;1.10706e-09;6.31775e-11;1.10846e-08;9.41897e-10;1.70503e-08;4.55408e-09;1.08015e-10;5.97577e-08;1.57743e-07;9.3273e-11;1.7465e-10;6.04444e-08;5.42334e-09;4.8536e-09;5.31648e-08;8.85401e-08;7.84065e-08;5.37482e-08;6.05216e-09;7.32707e-09;3.61524e-09;1.69813e-09;2.57214e-09;3.21372e-11;8.4092e-09;1.77014e-07;1.10655e-08;1.52144e-07;6.5947e-10;7.85813e-11;1.36936e-11;4.56332e-09;2.56267e-09;1.40962e-09;1.97487e-12;1.55909e-08;8.32685e-10;9.75316e-09;8.61577e-06;1.39047e-07;3.44202e-07;2.32795e-09;3.73082e-10;3.92282e-10;1.05501e-09;8.70819e-09;1.60972e-10;8.84777e-10;2.52529e-08;2.09438e-08;2.59717e-08;9.09575e-10;3.27472e-09;3.91346e-08;9.34227e-09;6.76883e-10;2.28814e-09;8.58531e-09;3.39408e-10;2.1136e-10;2.35624e-08;1.2932e-06;9.16338e-08;3.7598e-08;1.51085e-08;4.32671e-09;5.16874e-09;4.22157e-08;1.26452e-10;6.03954e-09;2.35673e-10;5.21706e-07;5.26476e-08;8.92321e-09;8.11677e-09;8.85358e-08;1.62915e-08;1.4691e-09;1.88738e-07;9.70348e-10;9.34416e-11;5.49384e-10;4.15203e-07;1.98199e-08;7.78094e-09;4.95812e-08;8.14056e-09;1.21347e-09;3.44448e-06;1.33143e-07;2.55567e-08;1.91391e-08;6.93011e-07;2.7173e-07;3.41856e-08;7.56755e-09;2.51635e-08;5.23228e-09;1.86665e-08;2.34843e-08;1.04992e-08;5.227e-10;1.76459e-09;2.28997e-07;1.6594e-07;5.5072e-08;6.81027e-08;5.74723e-09;4.71247e-09;2.97074e-07;1.36736e-09;5.4311e-09;9.68206e-09;4.63007e-08;6.63487e-09;3.94422e-05;5.44821e-08;3.92191e-07;5.24779e-09;5.11469e-09;1.3449e-09;1.22896e-09;8.75104e-09;3.35408e-07;9.37521e-08;1.04235e-09;3.06009e-08;2.98216e-08;1.20233e-08;9.36666e-09;3.17266e-07;7.17756e-09;8.32819e-09;3.26668e-07;1.1888e-09;2.3473e-09;1.46595e-08;1.47662e-08;2.64543e-09;1.62859e-09;1.03999e-10;6.96878e-10;9.09312e-10;3.42299e-11;3.97693e-08;7.90891e-09;6.65038e-08;5.94612e-09;1.70302e-09;4.7631e-09;1.85334e-09;8.70613e-11;1.23427e-10;1.9867e-07;2.75087e-11;1.89384e-11;1.31383e-11;2.59697e-08;2.85346e-09;8.34662e-09;2.54158e-07;2.58031e-08;8.91939e-09;1.10993e-08;2.79491e-07;3.73855e-08;5.08966e-09;4.41086e-07;2.51453e-08;8.5056e-09;6.82787e-09;1.23614e-07;2.71185e-08;2.95967e-08;1.03432e-07;1.74184e-08;1.2412e-08;2.86091e-10;1.111e-08;3.61815e-11;1.17417e-10;5.16943e-09;4.61798e-11;2.07286e-11;1.51618e-11;1.08682e-07;1.43502e-09;3.797e-09;2.90502e-07;4.66127e-08;1.47519e-08;1.96151e-08;3.11334e-09;6.84174e-10;2.3502e-11;1.10775e-08;3.08833e-08;5.31349e-10;2.25663e-11;4.66023e-08;1.42799e-08;7.0677e-09;2.44823e-09;4.44041e-08;8.41027e-09;1.3185e-08;1.85039e-09;2.74793e-10;5.18436e-11;1.1782e-07;1.19585e-07;6.74807e-10;1.8351e-13;9.95627e-08;1.13762e-08;3.53239e-06;6.90829e-08;2.44691e-08;1.58277e-07;2.13648e-05;1.01874e-05;4.1921e-06;0.298099;0.701634;8.33357e-05;6.46335e-06;4.04216e-05;1.12193e-06;2.45786e-10;6.22829e-08;3.25965e-08;1.59618e-09;1.58664e-07;5.15027e-08;1.39623e-08;4.90395e-08;2.58966e-09;6.71798e-09;4.31885e-08;7.54471e-09;3.03538e-09;1.91219e-07;2.75725e-10;1.0256e-08;2.35571e-09;7.25483e-09;8.02869e-09;3.51342e-09;1.11419e-08;1.62631e-08;1.76654e-09;3.73929e-10;2.75118e-08;6.23161e-09
1.92867e-08;6.13393e-10;2.52598e-09;1.0006e-10;2.14167e-09;1.30792e-08;3.09087e-08;1.28938e-06;2.55756e-09;5.31241e-09;2.28718e-08;6.34943e-09;3.09745e-10;2.69225e-09;1.97269e-09;8.81662e-09;7.07702e-08;1.96064e-09;2.94808e-08;3.31853e-09;1.07903e-07;4.14858e-10;1.2154e-08;3.65063e-09;3.28145e-09;1.54166e-08;4.075e-08;0.999992;6.7768e-10;2.25836e-10;1.0201e-09;1.34538e-07;3.14638e-09;6.80179e-09;8.64143e-09;4.3035e-09;2.73877e-09;1.53924e-09;2.70275e-10;1.07222e-09;8.16465e-10;1.52172e-09;6.07514e-09;2.0355e-09;1.2422e-07;5.06886e-09;1.90333e-08;1.46375e-09;9.73744e-09;5.28196e-09;9.77305e-09;1.19641e-09;3.71628e-08;2.60338e-08;2.22162e-10;5.56531e-09;7.50368e-09;4.56293e-09;3.63826e-09;8.75847e-09;6.24935e-07;4.22887e-08;3.41517e-08;2.12136e-08;3.5548e-09;4.25474e-09;1.1471e-08;1.19797e-08;3.75615e-09;6.08732e-09;1.22939e-08;1.05745e-07;5.92116e-08;1.76037e-09;2.52548e-09;3.90041e-09;2.20954e-09;8.28798e-09;8.34522e-09;3.55818e-08;5.9514e-09;1.26255e-09;1.71621e-09;1.73027e-09;4.33439e-09;5.16557e-09;1.48013e-08;1.55872e-10;7.51552e-09;2.00055e-09;1.43701e-09;1.15896e-08;5.18666e-09;7.22945e-08;1.56682e-07;1.08872e-07;8.32876e-08;2.83702e-08;1.15239e-08;2.38555e-09;3.80628e-09;1.13309e-09;2.61028e-09;5.91908e-09;5.06144e-10;4.9361e-10;5.49308e-09;3.3707e-09;2.60225e-09;2.80449e-09;1.18669e-09;6.47865e-08;2.7257e-09;3.04776e-09;4.8066e-09;2.96282e-08;2.54887e-08;2.09724e-08;7.96584e-09;1.32742e-09;3.19906e-09;1.13301e-09;2.99205e-09;6.03559e-10;3.55188e-09;3.05743e-09;2.6084e-08;5.62636e-09;1.69321e-09;1.22078e-09;1.64063e-10;1.64121e-09;3.46111e-09;2.92926e-10;1.18184e-09;1.24991e-10;3.92637e-10;1.14929e-09;1.8563e-09;1.35293e-09;3.30509e-08;1.25226e-09;2.49521e-08;2.16131e-09;5.73935e-09;7.15676e-09;1.09825e-07;7.14008e-09;4.72386e-10;4.5092e-09;1.59866e-09;1.41064e-07;3.46513e-08;2.0155e-08;2.1109e-09;4.22927e-09;7.06093e-10;1.05665e-09;1.41156e-08;1.66711e-09;1.79764e-09;8.87862e-09;3.0764e-07;1.0531e-08;5.70344e-08;3.16433e-09;1.12641e-09;5.58342e-09;5.0368e-09;4.35757e-09;7.58245e-10;5.91716e-09;1.27446e-08;4.99167e-09;7.43706e-10;4.31112e-09;2.55707e-08;9.22834e-09;1.95768e-09;3.66826e-08;1.15572e-09;8.97587e-10;3.86657e-09;5.88057e-09;4.8978e-09;1.20486e-08;3.27072e-09;1.91871e-08;7.22428e-09;2.62197e-08;1.11961e-08;2.0854e-09;2.21421e-09;1.08008e-08;2.06891e-09;9.83239e-09;1.67629e-09;2.33429e-10;4.89542e-09;2.59377e-09;5.30045e-09;3.00808e-09;4.03992e-09;2.71248e-09;1.14186e-07;1.65839e-08;1.32598e-07;2.27216e-08;1.40365e-09;4.4871e-09;2.56012e-09;2.12477e-08;1.34805e-08;2.63454e-09;1.04129e-10;7.31498e-11;2.02872e-09;3.09463e-08;4.35402e-10;5.8439e-08;6.73429e-10;1.67981e-09;2.06423e-09;2.38712e-09;2.43817e-09;7.09614e-09;8.48022e-09;3.69744e-09;7.96677e-08;3.60471e-07;6.6912e-08;5.59114e-09;6.30772e-10;2.1254e-09;3.19894e-09;1.9845e-07;7.80056e-10;3.51149e-07;1.15067e-09;2.61079e-09;5.71793e-09;2.5289e-09;2.01008e-09;1.00203e-07;2.87686e-09;4.44912e-10;2.83934e-09;1.45394e-09;1.83041e-08;2.46323e-08;3.49311e-09;2.1248e-09;2.98425e-09;1.59211e-09;1.01316e-09;1.11547e-09;4.7902e-09;5.98683e-09;5.55108e-09;1.34522e-09;2.91132e-09;7.0453e-10;9.62179e-08;1.18424e-09;6.9878e-09;1.20911e-10;2.18897e-09;1.92568e-09;2.73433e-09;1.65026e-08;5.09696e-09;1.8978e-08;5.00853e-09;3.30794e-10;2.0251e-10;1.22035e-08;1.79601e-09;2.09294e-10;6.14485e-07;3.36162e-10;7.25664e-09;5.2893e-08;1.56529e-08;5.97261e-09;4.3384e-09;9.61265e-08;9.41561e-10;7.48347e-12;3.4657e-10;6.80799e-10;1.1369e-08;2.00852e-09;2.39775e-09;3.15144e-08;1.41511e-09;1.24889e-09;3.02645e-09;2.75888e-09;3.47413e-09;2.40293e-09;2.59921e-09;1.2351e-10;3.18793e-10;2.26285e-10;2.02119e-10;7.30213e-10;5.043e-09;1.42546e-10;1.50667e-09;8.462e-10;2.0726e-09;2.0744e-08;1.47326e-08;4.01464e-09;8.1531e-10;3.03144e-09;2.13085e-09;5.93628e-08;3.12813e-08;3.77466e-11;1.80517e-08;2.79576e-09;5.66544e-09;2.96486e-09;1.69566e-08;3.92268e-08;1.79378e-06;5.71905e-09;1.90908e-08;2.0563e-11;3.59653e-09;4.65094e-09;5.63169e-09;8.2242e-09;7.79341e-09;1.5807e-08;6.97262e-08;1.71341e-10;1.34609e-09;1.45706e-09;3.8476e-10;1.48683e-08;6.72957e-09;1.75073e-08;2.96646e-10;3.19054e-09;5.19735e-10;3.88846e-09;1.90385e-09
1.70819e-12;7.21494e-12;2.78973e-12;4.38408e-13;5.04126e-11;1.04815e-11;5.45504e-10;1.81731e-11;1.17004e-12;8.59251e-12;1.66136e-13;2.01392e-09;1.43305e-12;2.74884e-12;3.88756e-12;3.16923e-12;7.21509e-11;4.11269e-12;1.68288e-12;5.60561e-12;1.20859e-09;2.88094e-13;2.00595e-12;9.11698e-12;1.789e-12;8.29405e-12;1.25889e-11;2.32585e-12;1.06271e-12;1.33806e-12;1.20861e-12;1.04478e-10;3.28476e-12;4.98498e-12;2.27019e-10;3.6546e-12;2.87504e-12;3.73707e-12;2.62443e-11;1.24859e-10;1.46796e-13;2.40837e-13;5.13962e-14;3.66711e-14;2.13837e-10;7.9001e-12;6.57271e-12;5.8627e-13;1.68215e-12;3.7494e-12;5.41345e-14;9.7199e-09;6.69077e-12;3.12424e-12;1.08592e-11;2.71638e-11;2.90206e-12;4.20282e-12;2.55123e-12;3.05761e-12;8.22453e-12;3.66993e-12;5.35382e-12;3.32561e-10;5.58706e-12;5.45601e-11;2.64914e-11;3.26317e-11;3.64335e-12;3.43507e-12;7.42827e-12;1.42229e-11;9.28426e-12;7.58667e-11;1.25077e-11;4.29608e-12;4.38768e-12;2.3544e-12;9.045e-12;8.47946e-12;1.59029e-11;3.52344e-13;1.63793e-12;4.76178e-13;1.12379e-12;2.85318e-12;2.54475e-11;7.50968e-12;4.88366e-12;3.62138e-12;1.40915e-12;2.07532e-12;3.04107e-12;3.01161e-12;1.24762e-11;2.11138e-12;4.48828e-11;4.03094e-12;5.48766e-12;1.43318e-13;1.35963e-12;3.39151e-12;9.73362e-12;1.61443e-09;3.17569e-12;5.51623e-12;5.84895e-12;3.86439e-12;7.16022e-12;4.18744e-12;5.18471e-11;5.54667e-12;2.52605e-12;7.59758e-12;6.79731e-12;8.96391e-11;9.32247e-11;1.84468e-13;6.9869e-11;2.29239e-11;9.68391e-11;9.90306e-12;6.40593e-11;2.10766e-13;5.64047e-13;4.57614e-14;2.57042e-09;2.70086e-13;1.14497e-12;2.33922e-11;3.39282e-13;4.31721e-12;2.19078e-12;2.49386e-11;9.63177e-13;1.75432e-11;3.91956e-13;7.36686e-13;1.88197e-12;2.1917e-11;2.67519e-11;3.63844e-12;1.37379e-10;6.66471e-12;4.50263e-12;3.82152e-11;1.40231e-11;5.41805e-11;3.5109e-12;1.19268e-11;4.69608e-12;2.0315e-10;3.00316e-11;1.69622e-09;2.93168e-09;9.63557e-12;3.81541e-11;1.43449e-11;7.32661e-10;1.3989e-12;6.05308e-12;9.74177e-12;1.91053e-11;1.91787e-12;7.15571e-12;1.12811e-11;1.01972e-11;1.10673e-11;2.78603e-11;4.4536e-12;3.51859e-12;5.24143e-12;7.0442e-12;5.52545e-12;3.18771e-12;3.27991e-11;8.10954e-11;7.12158e-12;5.26132e-12;1.04649e-11;1.06342e-11;1.00638e-11;8.35199e-12;3.38801e-10;1.53424e-10;3.73204e-10;5.42419e-09;1.43723e-10;9.43627e-11;6.44577e-11;9.39733e-12;1.88991e-12;3.5625e-12;5.57435e-12;4.43743e-12;5.30239e-12;5.83101e-12;3.99512e-10;9.80164e-12;2.29452e-11;2.35869e-11;5.93357e-12;8.14558e-12;7.37663e-12;4.74918e-11;1.35097e-11;3.20947e-11;1.98659e-11;2.72498e-12;1.00558e-11;1.23338e-10;1.98087e-11;2.36163e-11;1.21272e-11;1.50786e-12;7.46359e-12;6.41621e-12;1.55906e-11;1.14244e-11;1.69564e-12;1.97359e-10;8.2943e-12;5.43223e-12;2.03822e-12;7.60222e-12;1.18848e-11;1.32828e-11;9.52392e-12;1.35859e-09;7.78065e-11;3.5483e-12;7.59132e-09;2.18678e-13;3.01974e-12;1.27521e-12;4.8087e-13;6.84917e-12;5.50654e-11;5.84034e-12;5.6572e-12;1.41894e-11;8.08819e-13;3.06075e-12;1.98156e-12;7.97884e-12;4.84949e-13;2.8027e-13;7.36791e-12;5.96833e-10;1.23282e-12;3.91697e-11;2.17588e-11;5.80672e-12;4.993e-12;2.26093e-12;8.29276e-12;8.41404e-12;1.20298e-12;5.36143e-12;1.29722e-12;2.11331e-12;1.29827e-12;3.25842e-12;1.02524e-09;6.88334e-11;1.18747e-12;5.00686e-12;6.60817e-12;6.57143e-12;1.54586e-12;8.0042e-12;3.24621e-11;0.999751;3.41835e-10;1.45293e-10;6.08842e-10;3.88883e-07;1.30734e-08;8.39738e-07;0.000247636;2.43795e-10;3.6056e-09;2.97086e-09;2.01161e-07;8.29215e-09;3.6589e-09;8.82256e-12;8.46433e-13;4.50109e-14;9.97161e-13;1.84347e-12;8.94257e-13;5.27921e-09;5.62404e-14;1.64398e-12;2.0538e-11;3.39562e-12;5.36138e-12;5.45961e-11;2.04565e-12;5.33316e-12;6.27976e-13;1.37327e-12;4.92255e-12;1.27833e-11;1.92697e-09;5.67678e-10;2.07836e-12;1.92349e-11;1.18935e-11;9.2621e-13;3.29797e-11;1.64298e-11;8.52893e-12;1.98736e-12;4.58483e-11;8.49079e-12;2.77691e-13;1.50267e-10;1.15029e-12;1.38444e-11;1.15969e-11;6.36235e-12;6.41062e-14;3.69508e-13;6.08098e-12;1.54347e-13;2.07683e-12;1.2539e-12;1.92637e-12;4.02045e-12;5.84624e-12;6.05447e-12;9.97335e-12;1.15149e-12;9.06667e-13;5.41912e-12;3.11323e-12;4.76014e-13;6.7501e-13;6.47077e-14;4.7932e-09;9.16678e-13;2.50634e-13;5.90136e-14;8.26906e-13;1.53081e-13;6.77466e-13;7.17502e-12
8.4246e-12;3.57172e-09;1.15681e-10;3.23048e-11;2.21251e-09;9.96056e-09;1.19802e-09;1.28835e-08;3.05093e-10;2.6684e-10;3.27849e-11;2.02964e-09;3.22281e-11;2.38575e-09;6.38125e-10;8.51967e-11;1.92284e-10;3.23321e-10;2.73483e-10;6.47359e-10;1.01988e-08;7.88472e-11;1.42755e-09;4.69178e-10;9.24197e-11;1.48054e-09;9.56112e-10;2.38429e-11;1.14822e-10;6.44003e-10;8.13876e-12;8.50188e-08;2.76482e-10;1.18553e-11;4.13366e-11;1.40649e-10;2.68159e-10;4.06764e-10;1.10301e-08;3.49552e-10;5.84066e-10;1.41579e-11;1.20686e-09;8.29176e-12;2.03719e-09;1.76437e-09;7.03483e-11;2.24234e-11;1.02906e-10;4.90835e-11;2.28247e-11;1.58545e-09;1.69633e-10;2.49138e-11;6.89505e-07;1.91805e-08;1.27688e-08;2.05177e-10;4.31105e-10;1.42566e-09;2.86124e-10;9.73271e-12;1.07607e-11;1.46539e-09;3.90682e-10;2.44055e-07;2.59796e-08;1.03754e-08;4.10361e-10;1.21238e-09;5.83714e-10;5.16297e-10;6.2945e-10;1.73238e-07;2.83373e-11;2.35327e-10;1.61435e-10;1.70724e-09;5.31641e-09;1.02982e-09;2.56567e-09;2.90043e-09;4.98131e-10;7.09704e-10;4.3488e-08;1.09574e-08;5.92709e-10;4.55045e-10;4.82016e-10;7.15955e-10;2.9832e-11;1.28302e-10;2.14005e-10;1.71054e-09;5.34163e-10;1.87653e-10;2.02077e-11;4.00051e-11;5.62927e-10;1.4575e-11;1.22504e-09;2.59799e-10;2.0718e-09;4.16388e-11;3.57222e-14;3.67444e-11;9.51838e-10;3.99025e-10;1.82982e-10;3.84317e-07;5.5474e-07;7.78365e-09;1.26472e-09;6.63176e-10;5.21951e-11;9.44082e-12;4.97298e-11;1.91232e-10;3.82818e-11;1.07255e-07;2.26031e-07;4.69831e-07;2.66993e-07;7.80439e-12;6.77448e-13;1.36312e-12;3.32291e-10;2.82681e-13;2.1242e-11;1.84524e-12;3.81705e-09;2.08555e-09;1.3208e-09;1.50084e-07;9.02556e-08;4.83568e-07;2.62494e-10;4.28498e-10;8.37585e-11;7.54501e-10;8.91247e-11;6.54417e-11;2.80242e-10;7.3724e-10;8.94157e-08;1.63254e-07;9.86582e-09;1.2879e-10;3.43924e-11;7.30425e-11;1.57775e-11;2.12675e-12;3.04432e-12;3.68534e-11;9.06244e-12;5.06971e-10;4.29769e-08;7.3565e-08;7.14055e-09;2.12091e-10;2.75525e-10;1.11793e-09;1.38218e-10;1.5133e-09;3.41897e-11;5.23315e-11;2.82745e-07;5.73913e-07;4.73046e-08;5.05851e-10;6.93869e-10;3.50908e-10;1.59166e-10;5.30862e-11;7.72576e-11;1.2215e-11;1.3222e-10;1.41841e-07;7.47192e-07;2.16662e-08;5.79536e-10;4.61875e-10;7.5195e-11;8.38018e-09;9.53437e-11;3.90956e-11;6.79054e-10;3.14035e-08;8.13004e-08;9.28504e-09;1.2847e-09;1.29631e-09;5.21761e-10;4.97931e-10;1.16032e-09;8.02145e-11;3.26361e-10;2.67325e-09;4.49163e-07;2.76754e-07;3.56754e-08;8.80245e-11;1.25981e-10;6.62646e-11;2.5003e-11;3.39234e-11;1.46743e-12;3.04665e-11;3.21271e-10;3.68917e-10;1.03271e-07;4.10174e-08;9.35384e-09;2.12283e-10;1.51204e-11;3.79387e-10;7.33199e-11;5.39243e-10;1.00466e-09;6.05258e-11;6.67501e-12;9.00493e-10;1.48999e-09;1.15236e-09;5.54389e-10;1.30107e-09;5.61135e-10;4.83875e-10;5.10752e-08;1.38792e-10;9.46203e-11;4.61856e-09;1.32785e-11;9.17185e-10;2.09799e-10;1.35248e-10;1.16883e-10;4.38714e-12;2.55539e-10;4.66103e-10;9.7954e-10;7.93559e-11;3.04995e-10;5.57876e-11;3.61146e-10;1.51621e-11;2.23282e-11;1.38671e-10;3.01984e-08;1.45725e-10;2.40459e-09;3.68951e-11;3.98812e-10;9.11209e-10;2.67236e-10;1.80273e-07;5.4656e-10;3.71082e-10;2.41815e-10;4.74919e-10;5.91605e-09;1.01872e-10;2.05459e-09;4.176e-10;8.78377e-10;9.17114e-12;6.70452e-10;3.56293e-10;1.12446e-10;6.28928e-11;4.70135e-10;6.12776e-11;1.41567e-11;3.69828e-13;6.80797e-12;3.72046e-12;3.60583e-13;1.50632e-12;6.29081e-14;1.08371e-08;1.77188e-10;1.98795e-09;1.56779e-10;4.75565e-07;6.02008e-10;1.40108e-10;6.97936e-08;4.49566e-11;5.1659e-11;1.55581e-11;6.52184e-11;4.52465e-09;7.19528e-11;2.21997e-11;4.6628e-09;5.49781e-09;2.12713e-10;6.12622e-11;1.66978e-09;1.25856e-09;1.71389e-09;5.61558e-09;1.53907e-08;4.30578e-08;9.81166e-05;1.93325e-05;1.63958e-07;3.91796e-07;3.79211e-08;5.97546e-07;0.998736;0.0011306;6.16034e-06;2.50576e-10;1.34907e-09;2.2727e-09;1.22346e-09;2.6715e-11;7.17148e-10;1.25525e-13;1.09867e-10;1.19805e-09;3.54008e-10;4.27441e-11;1.1689e-10;3.66431e-10;7.70683e-11;4.56968e-10;9.1181e-11;7.29664e-11;8.76164e-11;6.59367e-10;1.77614e-10;1.16703e-09;1.9442e-10;9.98532e-10;4.81159e-11;1.76988e-10;2.59399e-10;1.00144e-10;2.82257e-12;7.08845e-10;2.16135e-11;7.06215e-11;4.54778e-11;3.86363e-10;9.82861e-11;1.29487e-10;6.24013e-10
3.17974e-06;1.1544e-11;1.12441e-09;1.7394e-10;3.20194e-07;6.63131e-09;4.47693e-09;1.07375e-08;9.10818e-09;1.91144e-08;5.02797e-10;4.98454e-10;1.05593e-06;1.16247e-08;3.15499e-08;7.25772e-07;9.05365e-08;3.45354e-08;3.11723e-05;1.59885e-07;1.80599e-07;2.19423e-08;4.5399e-08;5.81338e-08;3.69524e-07;1.1746e-06;1.64332e-06;3.77133e-08;5.09068e-07;5.55329e-06;4.34255e-08;0.00572175;0.00556814;0.959138;0.00139818;2.5113e-06;2.15627e-07;3.93591e-08;0.00150004;2.97621e-05;0.0256563;7.24628e-09;3.05991e-08;1.10626e-09;7.67244e-08;1.40025e-06;2.11341e-08;2.25497e-10;9.51218e-10;2.24374e-10;7.417e-09;1.02694e-09;6.37043e-06;3.81253e-06;1.96924e-07;2.13084e-07;6.07402e-07;7.85651e-09;2.64701e-08;2.32328e-08;3.00896e-07;7.84645e-08;2.81924e-06;5.03001e-06;4.10985e-08;1.43651e-08;3.57549e-08;3.99363e-07;7.92663e-11;2.09326e-09;1.25692e-09;8.77582e-11;4.4048e-09;1.49686e-07;1.84876e-06;2.12169e-08;3.11049e-08;9.55411e-07;1.45474e-08;3.46039e-06;1.0447e-07;5.57603e-10;2.77163e-08;6.71413e-09;7.70055e-09;1.99737e-08;1.64691e-05;0.000196688;2.09957e-06;5.4628e-08;1.5568e-08;1.13979e-07;6.34755e-08;1.82991e-07;1.81001e-07;0.000102293;1.2118e-05;2.41379e-07;8.25811e-08;2.77076e-10;2.05122e-09;1.69538e-09;3.21448e-06;6.19229e-08;2.5338e-06;0.00011026;4.75556e-08;2.62774e-08;3.48277e-08;9.87097e-08;5.3928e-07;3.81711e-05;3.29876e-07;8.37461e-08;7.22896e-08;2.41077e-09;3.00215e-07;9.7861e-06;1.4551e-05;4.90967e-09;1.25415e-07;1.23612e-08;1.55123e-06;1.14841e-10;1.3071e-09;6.57178e-10;6.68396e-08;1.46753e-08;8.58404e-05;1.98756e-05;1.37631e-08;2.17293e-08;2.46828e-07;6.72703e-08;1.53873e-07;1.6072e-05;7.5533e-10;2.74984e-08;9.85935e-10;3.36127e-09;4.8366e-08;8.87675e-08;2.70254e-07;3.61851e-08;3.95786e-07;7.01014e-08;7.81155e-07;6.05947e-07;6.83397e-09;7.93993e-07;1.72936e-08;2.96123e-07;1.56493e-07;0.000100193;2.37586e-06;5.25487e-08;1.44207e-08;5.1746e-08;5.77963e-06;8.34983e-09;2.56324e-08;1.16896e-08;5.22513e-10;1.24818e-08;1.30658e-06;5.45606e-07;1.59146e-08;6.2044e-08;1.34987e-08;2.30421e-07;1.05556e-08;9.15307e-09;4.81426e-09;1.71359e-09;6.75918e-08;8.12693e-07;2.01575e-07;3.6295e-07;3.86307e-08;1.25574e-07;4.53986e-09;3.42078e-08;9.07337e-10;6.72754e-07;1.10721e-07;4.1979e-06;4.07336e-07;7.17682e-08;2.01647e-08;1.12734e-07;6.19494e-08;2.99093e-08;2.37861e-08;4.20965e-08;7.18227e-07;2.91494e-08;3.42889e-05;2.80203e-06;9.04709e-07;7.65049e-08;8.30585e-07;1.43694e-08;9.16158e-09;3.07382e-09;2.18772e-09;3.02738e-07;4.08353e-06;6.95272e-07;3.95487e-08;2.37795e-08;4.03447e-08;2.71605e-08;3.32996e-08;1.82446e-08;4.3141e-10;9.43608e-10;6.19712e-09;1.22524e-09;1.81381e-09;4.61503e-07;1.75954e-07;1.21076e-08;6.47607e-08;3.09467e-08;3.52045e-08;2.05021e-08;6.85406e-08;3.75349e-08;1.79945e-08;8.59903e-07;7.12922e-06;1.14549e-05;2.2914e-09;1.31954e-08;1.18716e-08;1.51133e-09;1.01794e-07;4.57867e-06;4.46489e-06;1.45184e-08;1.4929e-07;6.59709e-08;1.35571e-07;1.46709e-06;2.53875e-08;4.43475e-11;6.68071e-10;3.93376e-11;1.38411e-09;4.92831e-09;1.69022e-07;5.79516e-08;1.29549e-08;4.36739e-08;3.0654e-08;7.80811e-08;1.83621e-07;4.98333e-08;3.855e-08;4.19295e-09;4.04848e-08;2.7107e-08;1.99133e-07;1.2798e-10;2.3185e-08;6.40401e-07;3.12325e-08;3.96416e-08;8.87892e-08;2.84032e-08;2.78331e-08;4.71716e-06;1.48756e-12;3.45804e-11;1.09159e-08;7.26344e-10;2.27846e-08;1.82037e-08;4.44837e-06;2.24948e-08;1.12626e-08;5.26699e-07;1.80948e-07;3.48147e-09;1.51028e-08;1.27345e-06;4.87937e-08;1.35373e-10;1.2874e-10;1.35722e-10;5.87584e-09;3.0817e-09;2.40861e-06;1.35902e-09;1.05396e-08;2.52764e-08;5.73556e-08;2.98039e-08;1.65572e-06;6.65926e-06;4.19936e-08;1.27717e-10;1.02804e-09;8.96534e-11;9.10157e-08;1.28787e-07;1.08164e-06;9.61673e-07;6.86533e-08;1.06833e-07;3.37164e-07;1.41338e-06;3.90471e-05;7.19861e-08;9.51106e-10;1.27997e-08;2.35812e-09;2.83637e-08;4.8828e-08;2.87995e-08;7.18723e-09;7.22693e-08;1.11242e-07;9.4372e-10;1.48313e-08;2.6562e-07;5.51142e-09;4.6904e-08;1.36885e-07;1.3964e-07;2.56895e-09;2.59521e-09;6.02521e-09;1.41206e-07;5.82759e-08;2.40096e-07;1.69124e-06;1.31302e-06;6.57831e-09;2.3574e-08;9.6603e-11;4.59765e-11;2.39198e-06;7.51631e-09;1.18215e-09;9.02797e-07;5.1178e-08;1.76125e-07;3.56167e-06
0.00302151;2.08169e-07;3.80373e-06;1.43458e-06;8.96228e-05;2.20069e-05;1.59881e-06;8.54477e-05;2.04296e-05;1.55757e-05;1.46457e-07;0.000397939;2.23096e-06;1.24717e-06;2.7448e-06;1.96774e-06;2.71683e-06;1.09574e-06;4.82548e-06;4.61894e-05;3.88647e-06;2.03231e-06;2.16195e-05;2.91544e-05;0.000641792;3.64274e-06;1.79544e-05;5.47305e-08;3.15471e-07;2.04136e-06;6.13313e-08;4.54598e-06;0.000531988;1.21662e-06;1.85497e-07;6.77819e-07;5.77804e-07;4.5176e-07;4.46397e-07;3.82429e-07;2.02629e-05;5.45307e-08;3.44128e-07;5.06515e-08;6.53443e-05;5.09195e-05;6.1049e-08;5.13044e-08;2.39181e-06;8.45089e-07;1.8658e-07;2.74277e-05;3.54894e-06;1.38363e-08;2.52181e-07;1.2837e-06;2.1702e-06;1.89798e-07;2.58011e-06;1.0451e-06;1.70257e-06;2.08884e-06;1.02193e-06;2.69546e-07;9.89812e-07;4.64638e-07;4.24732e-07;1.90925e-05;5.74819e-08;1.95377e-05;2.39815e-06;2.12069e-06;6.92403e-06;3.51655e-07;6.66295e-09;8.30215e-07;6.18116e-07;1.60061e-06;1.59313e-05;6.81205e-05;2.51109e-06;1.09638e-07;5.18626e-06;1.53282e-05;8.84996e-06;0.000136785;0.000231063;9.23417e-07;5.76305e-06;1.88488e-06;2.62255e-07;3.95037e-06;1.2077e-06;1.78834e-05;5.69784e-07;4.93639e-06;2.81119e-07;9.97584e-06;1.21107e-06;2.02327e-08;2.70203e-07;8.26516e-07;1.20447e-07;3.90367e-06;1.55551e-06;7.06317e-09;4.04759e-08;9.82405e-07;2.51138e-06;1.73263e-07;4.07733e-06;0.000121418;1.34527e-06;1.93607e-06;2.42591e-06;5.82117e-07;8.14063e-05;7.3324e-07;1.14511e-06;8.19624e-09;1.90182e-06;3.06649e-07;1.20917e-06;9.16053e-09;2.29819e-07;1.33762e-07;7.71406e-06;1.25011e-06;6.47537e-07;7.79038e-11;3.48219e-07;1.32786e-07;1.34305e-06;5.8711e-07;4.21321e-07;1.343e-05;9.25275e-07;4.24288e-06;6.49035e-06;0.000145179;0.000214863;1.85984e-05;5.41516e-06;6.47329e-07;3.3789e-06;4.80747e-05;3.97504e-06;7.32235e-07;2.04271e-07;2.21466e-05;2.64192e-05;2.52436e-06;1.15244e-05;1.4154e-06;6.37094e-09;1.29379e-06;7.30728e-08;1.29668e-06;6.3779e-07;1.46435e-06;7.84496e-07;5.58525e-06;1.44016e-06;1.50948e-06;0.000244005;1.24662e-07;2.54158e-06;2.74001e-06;0.000102112;1.22745e-06;4.21097e-07;1.04733e-06;5.00518e-07;1.31185e-07;4.08349e-05;2.36087e-07;7.07028e-09;3.46484e-07;5.41044e-07;7.50272e-07;7.15605e-07;1.18811e-05;2.88817e-06;5.60067e-05;5.43999e-05;9.2799e-07;2.64156e-06;2.05626e-06;8.31918e-06;1.35585e-06;4.26505e-07;6.26873e-07;3.00275e-06;2.44622e-06;2.27912e-06;1.99026e-05;0.000785568;1.8154e-06;3.61455e-07;2.89166e-06;1.1481e-05;3.80825e-07;3.83214e-07;2.40261e-07;5.33006e-07;1.22259e-07;2.74731e-06;3.37933e-08;1.57838e-07;7.10786e-07;2.67324e-07;1.77847e-07;4.35238e-07;4.12932e-07;3.48131e-08;2.04294e-06;1.09132e-06;7.475e-09;5.61526e-07;6.07139e-06;1.408e-08;5.88088e-07;8.08502e-07;6.08648e-06;7.14627e-07;5.9555e-07;1.01451e-06;3.46256e-06;4.93616e-08;5.20069e-06;1.25655e-05;1.15996e-07;1.18595e-07;2.34235e-06;2.52736e-07;5.8703e-08;1.54159e-05;1.34233e-06;2.20975e-08;4.97353e-07;3.04565e-06;1.50497e-06;0.000111404;3.94268e-06;1.65974e-06;1.263e-08;4.52887e-06;1.05264e-06;1.98432e-06;5.39885e-06;1.05793e-06;1.38237e-08;1.59304e-07;1.39018e-06;3.03454e-06;2.23202e-05;9.54433e-06;1.34185e-06;1.07654e-06;8.53792e-07;2.45538e-06;1.87175e-05;4.85908e-06;2.02244e-05;0.000115168;1.98361e-08;1.73027e-06;2.22974e-06;2.0248e-06;8.90064e-08;6.08639e-06;6.79158e-06;2.26971e-13;2.92193e-09;3.05586e-07;6.53206e-08;4.71725e-08;0.000262797;3.02111e-07;9.70105e-10;3.78413e-07;3.89761e-06;2.32278e-06;8.40401e-10;6.86392e-07;2.3401e-06;8.65995e-07;5.63536e-09;2.703e-08;4.12807e-09;3.77509e-06;6.05657e-06;1.41447e-07;4.2867e-10;2.09396e-07;7.26326e-07;1.30412e-06;2.6955e-07;2.85539e-06;9.78675e-07;2.13291e-06;1.40493e-08;4.10042e-06;3.76791e-06;8.80923e-06;0.000175348;1.1298e-06;4.22635e-10;1.19075e-06;9.25372e-06;3.316e-07;1.37345e-05;4.65393e-06;1.02845e-06;8.79753e-07;5.68853e-05;5.26634e-06;1.4648e-07;1.68331e-06;5.06675e-05;2.4125e-07;5.06725e-07;1.64718e-06;3.45425e-09;3.04411e-07;7.3219e-06;2.91335e-07;9.73217e-06;1.39212e-05;2.65232e-09;7.96961e-07;7.5181e-07;1.8429e-06;2.08758e-06;2.54948e-05;6.98209e-05;5.91223e-05;0.0375168;8.90887e-05;0.000313185;0.000364557;0.0119301;0.0153121;3.12206e-06;6.90641e-05;0.0274222;0.0127108;0.0716047;0.813502
0.0535642;3.65525e-09;3.17115e-08;9.00027e-10;1.39097e-07;4.46136e-08;6.38532e-07;2.90124e-07;2.03207e-08;5.60926e-09;4.73445e-09;9.22394e-08;1.35986e-08;7.15561e-08;3.43182e-08;1.90641e-05;7.22035e-07;1.77322e-08;2.1207e-07;4.40498e-08;1.34532e-08;1.18671e-07;2.85851e-09;2.46696e-06;6.56673e-07;2.96419e-09;8.71647e-09;4.93971e-09;2.44311e-09;2.68751e-10;4.34231e-11;1.47745e-07;3.51268e-07;3.03114e-08;4.47788e-11;1.3621e-08;6.91926e-09;5.40304e-09;5.87555e-09;9.90069e-10;3.53101e-10;1.07396e-11;1.15006e-11;4.14893e-12;3.36563e-05;4.94781e-06;1.92602e-07;2.89217e-08;5.06195e-10;3.8064e-10;1.63259e-06;2.27381e-07;4.26167e-08;3.86076e-10;2.76637e-10;2.75461e-09;5.86384e-10;1.96421e-08;3.83696e-09;1.13753e-08;8.68242e-07;6.06315e-08;4.44289e-08;1.8934e-10;8.07909e-09;7.05764e-09;2.75243e-09;6.22261e-09;8.00221e-09;1.14557e-08;3.4885e-09;1.38826e-07;1.82353e-08;6.33676e-10;2.36776e-10;1.74926e-08;8.30058e-09;1.00768e-07;1.71058e-07;6.02423e-08;1.62026e-08;7.66091e-09;8.97122e-09;7.75091e-09;5.31095e-08;6.64527e-08;1.54796e-08;1.69509e-08;4.63296e-08;1.1171e-08;3.8067e-08;1.49981e-08;2.78876e-08;1.08064e-07;5.20605e-08;1.8737e-09;2.56397e-10;1.56256e-07;7.05298e-09;7.43137e-09;6.85922e-10;4.76742e-11;5.54496e-07;6.88932e-08;6.99285e-08;3.1755e-10;6.27937e-09;7.23607e-09;1.24653e-08;1.77025e-09;6.31246e-09;2.14088e-08;7.75105e-08;7.41845e-09;1.37648e-09;2.24219e-08;1.56077e-08;3.16253e-10;2.98568e-10;1.47794e-09;2.62347e-09;2.86162e-10;3.59803e-09;3.87142e-09;6.69302e-10;1.16507e-10;2.12911e-07;1.15089e-06;8.06191e-10;2.00697e-11;3.33953e-08;8.35146e-09;1.33559e-07;2.22723e-08;3.37174e-09;3.60361e-10;2.62693e-08;3.39303e-08;2.71715e-08;1.48882e-07;6.36654e-06;2.37838e-08;1.29702e-08;3.78357e-08;2.04081e-07;2.82689e-08;4.86382e-08;4.41565e-08;1.13707e-07;4.64786e-08;9.86476e-09;8.84044e-06;8.34289e-08;2.33056e-09;3.61007e-10;3.94286e-08;1.85222e-07;1.91444e-09;2.13593e-07;2.18405e-07;7.36414e-09;1.93457e-08;3.11356e-06;4.34336e-09;7.06143e-09;2.04513e-09;1.03007e-08;6.75215e-09;8.54777e-10;1.71954e-08;5.40538e-08;2.40616e-08;5.59916e-09;1.16285e-06;2.97329e-07;2.92493e-09;1.329e-09;2.45261e-07;6.76792e-09;1.29925e-09;2.46593e-08;3.70258e-08;1.77074e-09;1.19943e-07;4.36484e-07;7.24522e-07;1.06866e-09;5.89499e-08;9.41959e-09;1.42664e-08;6.485e-08;1.06573e-07;1.47252e-08;8.93345e-09;9.63393e-08;7.56797e-08;4.26599e-08;1.37872e-08;2.42537e-08;5.13848e-09;1.30006e-08;3.7423e-08;1.01469e-08;9.98768e-09;5.13553e-07;2.21444e-09;1.15888e-08;4.18929e-08;2.77733e-08;4.34565e-09;1.25031e-07;1.93531e-09;1.24242e-08;2.83635e-08;4.46377e-09;8.83908e-09;2.35751e-09;1.94737e-07;6.18364e-08;2.73914e-06;1.64119e-11;1.25772e-08;3.34849e-08;4.99637e-08;9.06805e-09;3.87924e-07;2.23524e-08;3.51945e-08;3.32304e-07;8.26266e-08;1.26634e-07;2.41214e-09;3.44555e-07;1.22204e-07;1.55127e-09;2.18263e-06;3.40073e-07;1.22125e-08;9.5996e-09;1.27877e-07;4.51354e-08;1.10202e-06;2.61198e-07;1.905e-07;2.04189e-08;8.49795e-09;1.67546e-08;8.23926e-10;2.15712e-08;1.8228e-06;5.75792e-09;2.2871e-10;2.22474e-08;9.87091e-09;1.65166e-09;2.00158e-07;6.42204e-08;8.73443e-09;2.35357e-08;3.99892e-08;3.36334e-09;1.73223e-09;7.83479e-07;1.63752e-09;3.15598e-09;3.19911e-10;8.73294e-08;1.35524e-08;1.57637e-08;1.10609e-08;3.01553e-08;1.00381e-07;4.21254e-14;3.84382e-08;5.03996e-10;1.90948e-10;1.4075e-06;3.42027e-08;1.1115e-06;1.83666e-14;6.1992e-08;1.48023e-08;3.14127e-08;9.38037e-09;4.55963e-08;3.14799e-07;3.244e-09;1.87006e-09;6.89445e-10;2.29517e-10;1.58991e-08;4.78704e-06;1.26287e-06;1.55188e-12;4.09876e-09;7.2456e-09;1.15748e-08;3.22565e-08;6.60943e-08;1.85593e-08;1.29983e-08;4.59295e-09;8.04975e-09;7.45727e-11;1.7734e-05;2.26509e-06;3.23008e-09;2.1729e-13;3.33154e-08;4.25683e-09;2.45147e-09;3.1618e-09;1.43931e-09;2.65733e-08;3.65793e-08;2.40548e-09;3.10803e-08;2.32809e-07;1.63565e-07;3.47521e-10;5.04844e-09;9.64522e-08;7.24719e-08;0.000166573;4.99744e-06;9.04944e-06;0.944739;0.000121223;0.00101432;0.000101147;5.4938e-06;2.35338e-07;1.16894e-06;9.62085e-05;6.71282e-06;2.80298e-05;1.90033e-06;1.64864e-09;1.26895e-07;1.29997e-08;1.52452e-07;1.5728e-07;2.01229e-07;6.63181e-11;5.96239e-09;2.85901e-07;1.14963e-08;7.17136e-08;1.35765e-06
2.19462e-06;5.9469e-10;2.26921e-08;5.05779e-10;3.57572e-08;3.65241e-08;1.40014e-08;1.38894e-08;2.30715e-09;1.85374e-09;6.82799e-10;5.41591e-07;4.5507e-09;1.42601e-09;5.26394e-09;1.4756e-08;1.03563e-07;2.2022e-09;5.26699e-08;4.58949e-09;8.82767e-07;1.82505e-09;5.47575e-09;9.12812e-08;7.35033e-09;1.03524e-06;6.75901e-09;0.999072;3.5115e-10;7.72729e-10;1.37605e-10;8.2898e-07;7.31422e-08;6.94116e-08;3.33727e-09;8.29911e-10;2.33039e-09;1.61213e-09;4.71877e-10;1.73011e-09;1.20152e-09;1.78261e-09;4.3476e-08;5.97647e-10;1.11408e-06;3.86825e-08;3.97908e-09;6.07057e-09;9.07055e-09;5.32334e-09;7.49717e-08;5.05901e-08;5.39812e-07;5.68229e-11;4.44246e-09;3.49763e-09;1.16222e-08;6.41816e-10;1.79667e-09;2.99717e-10;1.09688e-07;3.11052e-08;1.5726e-07;6.35043e-10;2.32825e-09;4.17915e-10;3.08844e-09;5.32212e-09;4.13511e-09;1.20349e-08;1.27946e-08;3.02923e-07;7.37429e-09;2.56722e-09;2.34783e-10;3.42962e-09;1.88067e-09;1.38232e-08;1.35993e-09;2.74961e-08;9.44307e-09;7.7657e-11;2.5614e-10;6.57251e-10;8.1988e-10;5.16021e-10;7.44795e-08;3.46979e-11;9.63104e-10;2.45618e-09;3.86951e-09;1.9432e-08;3.877e-09;6.60622e-07;2.16046e-07;2.7326e-07;7.03436e-09;4.72433e-08;2.27247e-08;7.31487e-10;2.0342e-09;4.95286e-10;2.34611e-08;3.77591e-09;1.16198e-08;5.38475e-09;1.00008e-09;3.4732e-09;1.82011e-09;4.8909e-09;3.46162e-08;1.96628e-08;9.34486e-10;1.78142e-09;4.50087e-09;3.68067e-07;1.63503e-08;1.46464e-07;1.53198e-07;1.48386e-09;4.24906e-09;6.00831e-08;2.17615e-09;3.99615e-10;1.23178e-09;5.04456e-10;7.60723e-09;5.81126e-10;4.18765e-08;1.44633e-10;4.8145e-11;1.69689e-09;2.24217e-09;2.061e-11;1.32606e-10;1.95376e-09;7.80361e-10;1.19347e-09;7.85941e-10;1.59615e-10;1.84135e-08;3.23395e-08;6.5138e-09;1.5329e-09;2.67444e-09;8.8552e-10;2.4407e-07;6.62028e-09;1.21835e-09;3.79728e-09;7.66298e-10;1.34739e-06;4.55296e-09;2.44714e-07;2.97297e-09;2.85127e-09;1.22653e-09;2.93437e-10;1.60238e-08;9.33844e-10;1.18085e-09;1.13077e-08;1.7474e-07;4.66844e-08;1.90584e-06;1.12788e-08;1.35508e-08;5.95157e-09;6.83282e-09;4.40842e-09;7.05701e-10;4.21939e-09;5.69973e-09;1.33321e-08;1.93281e-09;6.95154e-08;9.65305e-10;4.57034e-08;1.24808e-09;2.73195e-07;1.64963e-09;7.30577e-10;2.38567e-09;4.02962e-08;2.57844e-09;1.08903e-07;2.83356e-10;3.74842e-09;3.35738e-09;2.91165e-08;3.03014e-09;2.14725e-09;6.75961e-10;4.93862e-10;1.50532e-09;1.83052e-10;4.53569e-09;5.67136e-11;2.22848e-10;2.34744e-10;1.40052e-09;4.02395e-09;4.00207e-09;1.87774e-09;2.12001e-08;2.01483e-08;7.81544e-07;1.92555e-08;1.2345e-09;2.50325e-09;4.98656e-10;2.93577e-08;1.20405e-08;3.79083e-09;1.09854e-09;8.34825e-10;8.56912e-10;4.4542e-07;1.1999e-10;1.84017e-08;3.73759e-09;1.11939e-09;4.85312e-09;2.79648e-09;1.44058e-09;3.67856e-09;3.91937e-09;1.22311e-09;3.35079e-08;2.26192e-08;3.50745e-08;2.79306e-10;3.44543e-10;4.76272e-09;5.45532e-10;1.89975e-08;3.69831e-10;1.53062e-06;5.30233e-11;2.77441e-10;1.09319e-09;2.02545e-08;1.27004e-09;2.84978e-06;4.10788e-09;2.22375e-09;5.58516e-09;1.32469e-09;5.34168e-07;3.84169e-08;3.41016e-07;1.06216e-09;4.40336e-09;2.14543e-09;6.35719e-10;3.80838e-08;1.77211e-08;3.80145e-08;2.58969e-09;5.81666e-10;1.67416e-09;2.64083e-09;4.1784e-08;4.36314e-10;1.20997e-07;8.55981e-12;1.12736e-09;2.02695e-09;8.81954e-09;7.57355e-09;7.94946e-09;4.892e-07;1.29816e-07;4.47865e-10;5.25017e-10;9.44713e-09;1.65174e-07;1.29533e-10;0.000895061;3.17098e-11;3.33702e-10;8.46104e-09;3.56737e-08;8.84453e-09;3.15575e-09;5.96393e-07;7.91124e-09;6.16331e-10;2.78328e-09;2.03748e-08;8.28396e-06;2.12701e-10;6.27466e-08;9.67079e-08;1.39473e-09;2.01916e-09;3.41958e-09;1.53207e-08;7.94508e-09;1.10652e-08;2.64598e-09;1.21898e-08;4.20933e-10;7.34894e-10;1.82178e-08;3.53758e-07;1.06762e-08;6.62036e-10;5.09576e-10;1.86093e-09;8.73964e-12;1.13612e-08;5.00155e-09;4.98585e-09;1.40889e-09;6.00038e-09;3.29802e-09;2.55937e-07;1.52625e-08;4.81937e-10;2.42121e-09;1.30501e-08;1.10737e-08;3.19419e-10;4.54515e-10;5.02702e-09;2.52252e-07;7.28209e-09;1.29858e-08;6.42579e-09;4.3715e-10;2.99368e-09;1.37131e-09;8.96359e-10;3.26057e-09;1.37987e-08;2.38975e-07;1.1358e-08;9.11359e-10;1.68156e-09;2.08466e-09;1.37119e-07;1.31949e-08;3.54463e-10;2.0752e-10;1.33796e-08;1.55714e-09;5.09995e-11;1.1925e-09
8.11987e-10;2.888e-11;6.5846e-12;2.77375e-12;2.17218e-10;2.4409e-10;4.24439e-11;1.30314e-10;9.31349e-12;3.71444e-11;2.0537e-12;6.5514e-11;1.30889e-12;2.08078e-11;8.78117e-12;3.292e-11;2.07053e-10;1.36336e-11;7.78567e-11;2.94774e-11;2.32532e-11;4.18012e-12;5.55265e-12;4.21141e-10;6.55001e-12;3.89297e-10;9.76453e-11;1.03328e-10;1.09786e-12;1.49209e-12;5.3286e-14;1.61905e-10;8.93363e-13;6.56941e-12;1.83129e-11;7.54533e-12;1.13999e-11;8.75712e-12;5.11759e-10;4.6757e-11;8.49035e-13;4.48658e-14;3.11185e-14;1.00957e-14;5.18118e-11;2.16514e-11;3.06014e-13;8.95892e-11;1.61057e-11;1.2884e-12;7.96013e-11;5.93409e-11;1.44459e-09;1.68722e-11;8.42431e-12;5.89012e-12;9.96341e-11;9.23637e-11;1.26269e-11;1.3098e-11;8.60251e-11;2.3761e-11;9.68611e-11;8.42985e-10;9.7619e-12;5.75805e-10;1.63482e-11;2.49134e-11;4.7277e-11;6.37831e-11;5.44537e-11;8.82737e-12;3.00924e-11;4.78318e-10;5.09177e-10;1.39545e-11;1.74236e-11;1.48059e-10;7.15367e-11;2.1543e-10;9.79197e-12;4.23596e-12;1.27631e-11;3.14901e-12;3.80222e-12;8.26109e-12;1.71518e-11;2.77555e-11;6.80456e-11;9.98187e-12;2.24919e-11;3.74159e-12;8.91499e-12;1.10569e-10;6.01573e-11;6.5022e-10;5.97001e-12;1.5007e-10;9.71463e-11;3.13789e-12;3.56737e-11;1.43136e-12;5.57031e-09;2.52513e-12;7.81125e-11;7.27637e-09;7.58635e-11;1.00411e-11;1.34161e-11;4.50125e-09;2.95447e-09;5.0655e-12;3.90299e-11;1.72462e-11;5.88943e-11;2.50583e-10;4.46506e-10;9.73537e-11;2.9503e-10;3.53685e-10;4.76724e-11;8.61129e-11;4.37173e-11;1.12223e-12;2.06612e-12;2.25002e-13;1.80706e-10;1.1561e-12;5.37836e-13;1.70196e-11;1.23202e-11;2.94867e-11;1.13382e-11;8.07438e-09;8.50302e-12;3.53871e-11;2.01023e-12;5.87153e-12;1.32269e-11;2.92813e-11;1.10226e-11;4.25402e-12;4.97432e-12;2.84471e-11;4.20635e-11;9.06626e-12;9.0884e-12;1.54985e-11;1.84112e-11;4.27469e-11;1.66305e-11;6.14266e-11;1.20907e-11;1.83928e-11;1.1023e-11;8.57178e-12;5.41626e-12;1.59096e-11;6.85543e-10;2.1445e-11;5.99796e-12;1.28407e-11;2.27581e-12;1.03407e-09;2.90338e-10;1.03251e-11;8.22164e-12;6.58414e-11;1.03081e-10;1.58157e-11;1.04656e-11;3.14677e-11;1.45761e-11;2.42405e-10;8.97393e-11;6.6775e-11;3.27317e-11;3.39605e-11;4.08123e-11;1.9159e-11;2.04005e-11;1.53732e-11;9.28836e-12;2.93008e-09;5.94253e-11;1.83748e-10;2.64938e-10;7.12675e-10;2.01485e-10;5.24279e-11;3.03563e-11;3.58109e-11;6.93484e-12;2.53683e-12;8.48145e-10;4.8897e-12;5.76431e-10;1.00065e-11;1.93857e-10;1.96696e-11;2.05289e-10;1.38995e-11;1.75151e-11;6.03661e-12;3.42153e-10;8.6264e-12;1.22133e-11;2.06478e-11;1.0115e-11;2.17038e-11;3.1441e-10;3.55805e-11;6.81394e-12;1.16661e-11;1.56486e-11;1.0736e-11;3.07319e-12;4.1376e-10;2.62086e-12;1.50263e-11;2.38967e-13;1.21839e-11;2.25936e-11;1.93691e-11;8.12187e-12;4.22484e-11;2.46047e-11;5.05503e-12;4.98893e-11;1.87714e-11;5.25481e-12;7.03518e-11;2.9847e-12;1.3348e-12;2.63776e-12;9.22994e-11;6.07001e-11;3.83307e-12;1.33742e-13;7.8343e-11;6.3923e-11;2.5998e-09;2.4155e-11;7.70132e-10;1.47371e-11;2.18923e-12;4.90088e-12;1.2196e-11;4.71892e-11;7.10107e-12;6.90354e-11;8.50019e-10;4.11155e-11;4.03886e-12;7.01127e-12;3.12713e-11;7.35169e-12;3.69587e-11;2.30287e-11;1.26753e-11;9.30283e-12;2.60404e-11;5.87495e-11;5.95596e-13;6.88921e-11;1.67847e-12;3.07148e-11;1.68201e-11;1.11826e-11;2.16793e-11;1.00297e-11;1.69776e-11;1.81434e-08;8.02638e-10;1.97239e-10;1.81148e-10;9.70208e-09;1.32813e-08;2.69801e-07;2.10171e-07;6.35598e-09;1.60553e-09;6.34276e-09;0.999999;2.27998e-08;7.57882e-07;6.64229e-12;2.79088e-13;1.85423e-13;3.60613e-12;1.96022e-10;2.19599e-12;2.1859e-12;5.91685e-14;6.33693e-12;2.04065e-11;3.4746e-12;1.89366e-08;1.60145e-10;1.11281e-10;1.21761e-11;2.59428e-13;3.17947e-12;3.5784e-13;1.52011e-10;2.48447e-10;1.25559e-13;2.47518e-14;3.58739e-11;2.95362e-11;1.04844e-12;1.97572e-11;1.76093e-14;3.27274e-11;2.80026e-11;2.10029e-10;3.33765e-11;2.03108e-10;4.90701e-14;1.06485e-12;1.63008e-11;2.15889e-11;1.82943e-11;2.51872e-14;1.60483e-12;4.93183e-11;1.17205e-10;5.74464e-12;8.95713e-11;2.79263e-12;2.07019e-11;7.58553e-12;1.82051e-11;3.24739e-10;1.98119e-11;6.83703e-11;4.18918e-11;2.02328e-14;5.4876e-12;1.7235e-11;4.2615e-12;1.34462e-10;1.07204e-11;3.05488e-15;5.87019e-13;1.66294e-11;2.031e-12;4.71518e-12;2.6451e-11
3.4082e-11;1.50632e-10;1.02096e-10;7.71225e-12;1.21874e-08;1.21857e-08;3.39752e-10;1.81411e-08;2.44961e-09;2.26613e-09;7.05349e-09;6.1742e-10;2.05133e-11;1.23635e-08;6.7306e-09;5.69909e-09;1.83614e-08;1.4104e-09;4.5056e-08;9.26466e-10;1.98681e-09;3.16634e-11;1.61779e-09;4.23898e-09;1.20335e-10;4.81206e-07;1.55392e-08;1.50829e-08;2.31541e-10;4.46418e-09;1.24287e-11;3.73428e-07;2.78449e-08;8.80785e-09;5.94953e-12;3.80143e-09;2.15452e-09;1.80593e-09;1.82253e-08;1.64503e-09;2.69042e-09;1.40181e-10;2.04628e-08;3.33343e-10;2.7727e-09;2.6166e-08;1.80575e-09;2.70071e-11;2.1928e-10;7.23087e-11;9.62592e-10;3.90613e-10;6.5832e-07;1.01912e-09;3.92894e-09;2.07042e-08;4.52537e-07;6.89183e-11;4.7529e-10;1.03088e-10;9.39362e-13;9.59146e-12;4.95846e-09;6.62875e-11;4.89683e-10;1.23186e-08;4.65062e-08;2.81115e-08;5.37177e-10;7.40416e-09;7.00057e-10;2.14565e-09;2.54603e-10;1.54771e-08;1.06261e-11;1.1086e-09;7.22421e-10;6.33982e-08;2.5348e-09;2.85477e-07;1.30133e-08;5.92492e-10;1.31e-09;9.61939e-10;3.69615e-09;2.32062e-08;2.26904e-07;1.38e-08;1.87402e-08;4.8758e-09;3.31822e-10;7.0698e-10;1.29993e-09;1.4891e-08;1.75606e-08;5.45265e-06;7.05566e-11;6.56678e-09;6.53623e-09;1.06482e-11;2.66941e-09;6.79729e-11;1.4462e-09;9.95401e-12;2.79548e-10;7.01492e-12;4.39421e-10;2.16176e-09;1.43879e-09;3.50311e-07;4.82903e-07;5.09195e-06;2.18765e-06;2.08867e-08;2.81205e-06;2.70956e-05;4.94932e-05;0.998884;0.000397711;8.23487e-05;0.000222382;0.000179146;1.01099e-06;6.70201e-12;1.43854e-11;3.84571e-11;1.09801e-11;1.57668e-10;2.16576e-08;1.0215e-13;1.24959e-09;5.79207e-09;2.71445e-09;8.73282e-08;3.82996e-07;8.00218e-06;8.70714e-10;1.21078e-09;4.6043e-09;1.67021e-09;2.99439e-08;1.63771e-07;5.28174e-10;4.30249e-09;1.44878e-05;1.12582e-06;2.16901e-06;4.10362e-10;1.12038e-10;4.54083e-10;1.40283e-11;5.29178e-12;3.13893e-13;2.68429e-10;3.28779e-13;9.08158e-10;4.05818e-08;3.28049e-08;2.90338e-07;4.94394e-10;3.11002e-09;2.04023e-09;6.34912e-09;5.01599e-10;1.59817e-07;9.79779e-10;2.3885e-06;1.28325e-06;9.56228e-07;9.66693e-09;5.44889e-09;2.08326e-09;2.75568e-09;3.21651e-11;6.79875e-10;8.27295e-10;2.10407e-11;1.8649e-06;1.19119e-07;2.16317e-06;1.06025e-10;3.72333e-10;5.44571e-10;5.93823e-10;3.89355e-11;4.74376e-09;8.45533e-11;2.2427e-07;5.6616e-08;6.67815e-09;3.63242e-09;1.13112e-09;2.26138e-09;4.86102e-09;1.60195e-10;5.38688e-10;8.85188e-08;7.316e-11;5.92263e-06;6.36372e-07;3.90662e-05;7.69875e-11;1.00499e-09;3.83186e-10;3.27822e-10;3.13089e-10;3.10045e-08;8.56458e-11;4.94263e-10;1.02814e-09;3.75598e-07;9.62844e-07;3.98844e-08;2.15001e-09;2.65732e-10;1.52154e-09;8.60698e-09;3.42482e-09;1.42536e-08;5.66838e-07;1.9184e-11;6.15301e-10;3.3638e-09;4.56418e-09;1.04301e-09;3.2361e-09;3.60332e-09;1.1351e-09;4.12954e-09;1.50781e-08;4.89627e-07;4.22152e-10;1.55781e-10;2.10213e-09;2.15685e-09;1.23106e-09;6.03181e-08;2.41554e-06;1.5933e-10;2.66647e-08;2.31843e-08;2.65542e-07;2.01259e-08;9.83782e-07;1.54604e-09;5.45872e-11;7.80414e-11;4.7842e-09;2.10772e-09;5.41985e-09;1.81172e-05;9.20218e-10;5.53527e-09;4.4758e-09;1.20115e-08;1.665e-07;1.41614e-08;3.55879e-07;1.54669e-09;9.50868e-09;9.57692e-08;2.18549e-08;2.34405e-07;7.65259e-08;1.35792e-05;1.23411e-11;1.40167e-09;3.66912e-09;3.27417e-08;8.23316e-08;1.54011e-08;1.11338e-06;1.12634e-11;7.91776e-13;7.29282e-11;2.93726e-11;8.16279e-13;8.73372e-13;1.25122e-13;2.78991e-10;1.11675e-09;3.23662e-09;1.52286e-09;4.94114e-07;5.94062e-09;4.77541e-09;1.00482e-07;1.00291e-12;1.16683e-10;5.68978e-11;7.85072e-11;1.64443e-12;2.63359e-08;3.73305e-11;2.18885e-09;9.18303e-10;1.13471e-09;1.8744e-09;4.42157e-10;2.54516e-08;3.20087e-09;6.43757e-12;8.23977e-11;9.72599e-11;3.05704e-10;5.03397e-11;1.827e-09;1.4124e-10;2.6485e-09;1.06944e-08;1.19316e-08;8.86874e-07;1.43759e-05;1.84392e-08;6.61862e-10;5.16836e-08;2.90601e-09;9.83753e-09;2.65166e-09;2.17548e-10;7.29659e-11;1.90745e-08;4.03426e-09;9.53635e-14;6.63578e-11;8.64106e-10;4.42699e-10;2.47909e-09;2.95739e-08;1.64385e-07;3.0132e-10;8.62106e-10;1.34381e-09;3.87796e-09;3.93268e-09;1.84592e-08;3.30573e-09;6.75631e-12;2.44308e-09;2.1479e-09;9.24595e-09;3.97583e-11;1.08133e-07;1.2237e-09;1.65113e-10;1.45291e-08;4.70964e-09;2.51525e-09;1.50344e-08
2.25442e-08;6.10631e-14;2.33018e-14;1.20857e-14;1.68044e-11;1.40805e-13;6.26403e-15;3.05669e-11;4.88347e-12;5.62048e-13;5.35989e-13;8.65801e-13;7.07559e-11;3.62027e-13;1.43115e-12;3.9794e-11;9.12691e-13;1.03932e-12;9.04333e-12;7.57695e-13;5.44887e-11;2.28486e-12;1.88167e-12;2.09014e-10;2.47768e-12;2.34754e-11;1.84737e-10;2.77846e-13;4.26476e-13;2.35163e-12;1.98285e-15;5.02876e-12;2.75065e-11;2.06025e-15;5.7605e-08;2.98934e-12;1.68965e-12;5.84239e-13;2.10795e-10;1.38934e-11;6.25117e-12;2.80168e-11;7.61501e-11;4.94572e-13;2.49668e-13;3.34707e-12;2.02438e-14;1.12486e-13;5.09236e-14;2.66893e-14;1.36848e-12;4.58387e-13;4.36501e-12;6.68021e-11;1.89522e-14;6.648e-12;3.97266e-12;1.36305e-12;4.12494e-12;5.71046e-13;2.07657e-12;3.94692e-12;2.09511e-13;1.28146e-09;4.32084e-13;5.50599e-12;2.42196e-12;1.95072e-12;6.0719e-13;1.55095e-12;3.48508e-13;8.56995e-13;5.02724e-11;8.48556e-12;5.71758e-10;9.42869e-13;9.31309e-13;2.19731e-10;5.65571e-12;1.97141e-10;3.89315e-13;6.46091e-14;9.32446e-14;7.64662e-15;2.36044e-14;9.07527e-13;2.69018e-11;4.20617e-10;1.54322e-11;8.68343e-13;1.44063e-12;4.50866e-13;1.87617e-12;3.40899e-14;2.71288e-13;3.77373e-13;1.12959e-11;3.60857e-12;1.85864e-12;3.44438e-15;7.54634e-15;2.91472e-15;5.92823e-14;1.99167e-13;3.59122e-13;8.73921e-10;2.08928e-13;9.35302e-13;5.78208e-13;1.3057e-11;1.75692e-12;6.12694e-12;1.74269e-12;1.52254e-12;9.55672e-12;1.38838e-11;1.15175e-11;2.20338e-11;7.32105e-12;3.85985e-11;3.13395e-11;4.97089e-12;1.82346e-12;2.0207e-15;1.70412e-14;2.68826e-15;2.12496e-15;1.59168e-14;3.2435e-13;4.06925e-11;6.11349e-14;3.65418e-13;2.75417e-13;5.16338e-12;7.1137e-14;2.20099e-11;6.53096e-12;4.72759e-12;2.07063e-12;7.44411e-12;6.01912e-11;2.92601e-11;1.65424e-10;1.32581e-12;6.49095e-10;2.33361e-11;6.04373e-11;1.10803e-12;3.42828e-13;5.19457e-12;7.38199e-14;7.54139e-15;1.07352e-11;3.03676e-11;6.90222e-13;1.56348e-12;5.76113e-14;1.77831e-12;4.9766e-12;1.20501e-12;8.35472e-13;7.42927e-13;4.54266e-13;1.2975e-14;2.0162e-12;1.58166e-11;4.68778e-13;3.81804e-13;1.5846e-13;1.3616e-12;2.28214e-13;1.29119e-13;4.88606e-14;7.96198e-14;1.04361e-13;8.08951e-14;8.26725e-12;1.18977e-13;5.57115e-13;2.10993e-12;1.18129e-12;9.4636e-13;7.89927e-14;5.78032e-12;3.30907e-12;1.23848e-13;3.18805e-10;8.65207e-12;2.01939e-12;2.82896e-12;3.80815e-13;1.51209e-13;1.31328e-14;5.90878e-14;2.80998e-13;1.61966e-13;7.42391e-13;1.14849e-10;1.2504e-12;1.39643e-13;7.96969e-12;3.92496e-13;4.58445e-13;2.78527e-13;3.08409e-11;1.7298e-12;3.49483e-13;3.17223e-11;2.83595e-12;3.83754e-13;5.25149e-12;4.93628e-13;1.11009e-12;1.74289e-12;3.7127e-13;4.13583e-13;2.42824e-14;1.02102e-12;6.91095e-14;1.82405e-11;1.28736e-11;6.94153e-13;1.71038e-11;1.11601e-12;1.56533e-12;1.48917e-13;7.46113e-14;3.79461e-14;5.68406e-14;2.40388e-14;2.1517e-13;1.98753e-11;6.65895e-13;4.7694e-13;1.27299e-13;3.90428e-14;6.41475e-11;9.77928e-15;7.83883e-10;5.98234e-12;2.2061e-12;8.08998e-11;1.1278e-11;1.26926e-12;2.85886e-13;1.01763e-14;1.41863e-14;4.29324e-15;3.43119e-14;1.94548e-14;4.65589e-14;1.77581e-11;3.69077e-13;2.28892e-13;5.45356e-13;6.60076e-12;1.67106e-13;4.72232e-13;3.90676e-13;2.30112e-13;8.3945e-14;4.21235e-14;2.00566e-14;1.68372e-12;1.01087e-11;5.73218e-12;7.74375e-13;9.95388e-13;7.70241e-14;1.84041e-11;5.72756e-13;5.47068e-11;3.56236e-15;1.13331e-14;6.89202e-13;1.08537e-14;1.1133e-16;5.37643e-13;3.38159e-12;2.34161e-14;1.00904e-12;1.18605e-12;4.67853e-12;1.5472e-13;4.08283e-12;6.36717e-12;4.13379e-13;3.60514e-14;1.74232e-14;1.72469e-16;1.89876e-11;7.25763e-14;1.09981e-10;3.35501e-15;1.21058e-13;1.79969e-12;5.91514e-13;7.8355e-11;3.98137e-12;1.44614e-12;7.29116e-13;8.54401e-15;6.07032e-13;3.64406e-14;7.06415e-12;3.20259e-12;4.60046e-11;8.62144e-11;9.67555e-12;1.3666e-12;1.84009e-12;1.55413e-11;5.03402e-12;2.98127e-12;8.61764e-13;5.32262e-13;1.47918e-13;3.16046e-11;6.41064e-14;2.57641e-12;3.59273e-12;1.02493e-11;5.83525e-12;7.46221e-10;5.54337e-13;2.71766e-12;3.81055e-14;3.22144e-13;5.26485e-13;1.39385e-10;5.4023e-13;3.37459e-13;1.87508e-12;2.64365e-12;6.29006e-13;8.45097e-13;1.91528e-12;0.999977;1.7267e-10;1.98845e-10;2.24814e-08;4.82697e-09;1.20398e-09;2.30309e-05;1.13899e-10;1.54922e-09;1.26797e-10;4.94889e-08;1.99666e-09
1.23942e-06;4.3345e-10;7.00373e-09;1.65345e-08;4.7646e-09;6.75909e-10;4.90098e-10;4.39591e-08;2.05186e-10;6.05421e-11;2.32061e-10;3.99656e-11;4.93496e-14;3.72115e-11;1.13663e-10;4.51269e-11;1.08323e-10;5.6597e-11;2.50761e-11;2.49414e-10;1.73345e-10;2.11927e-11;4.16277e-11;1.38316e-10;2.02581e-11;9.75241e-12;1.13192e-11;3.48017e-11;9.32494e-12;3.99372e-10;1.72206e-10;8.66966e-10;2.59063e-11;4.49117e-13;1.43174e-10;1.44638e-11;5.18293e-11;3.05852e-11;1.93361e-12;3.94849e-12;2.02368e-11;6.76682e-10;1.27421e-10;2.38592e-10;6.87939e-09;8.95334e-09;8.37907e-10;6.08165e-11;2.45012e-10;6.6692e-11;1.80843e-08;8.60322e-10;2.01543e-09;3.97292e-10;1.85252e-13;3.005e-10;1.43864e-10;1.67283e-11;1.75304e-10;1.43178e-10;4.03267e-10;8.55253e-12;5.69842e-10;4.93782e-11;1.72587e-11;8.52684e-12;1.52525e-11;3.32703e-10;3.99512e-12;4.55363e-10;4.48115e-10;9.21895e-13;1.1348e-11;1.80131e-11;2.74603e-12;2.69937e-11;9.75166e-11;1.57508e-11;5.61415e-11;1.1937e-10;2.21489e-11;2.35131e-12;2.2032e-10;4.05852e-11;5.84466e-11;3.67914e-10;4.84809e-13;1.68496e-12;1.91049e-11;2.89052e-11;1.35742e-11;1.08796e-10;6.04017e-11;4.40604e-11;2.10608e-12;5.40445e-12;5.98971e-12;1.16251e-10;7.25299e-11;1.5757e-12;1.12072e-09;3.72187e-10;2.62075e-10;7.24038e-09;1.31481e-10;1.62216e-09;1.37244e-11;3.10287e-11;1.42829e-10;1.0267e-11;4.17739e-12;2.34603e-09;6.82454e-12;1.55005e-11;1.04978e-09;6.84374e-11;1.7019e-10;8.82271e-12;1.1127e-09;4.98689e-12;1.51994e-11;1.01287e-11;7.22172e-11;3.41517e-12;5.53009e-10;5.78973e-12;1.48265e-10;2.19324e-11;1.72595e-11;4.67637e-12;1.49697e-11;2.77171e-11;5.03086e-11;3.98784e-11;7.69346e-12;9.95896e-12;1.70391e-10;3.97194e-09;3.71079e-10;7.66928e-10;1.09303e-08;1.4078e-10;8.02676e-11;8.87048e-12;1.90513e-10;2.14545e-10;6.54367e-11;1.56874e-10;1.63284e-11;1.71642e-09;9.96348e-11;8.9162e-11;1.77466e-10;2.43164e-10;3.93382e-11;4.04846e-11;6.54043e-13;1.08073e-10;3.16358e-10;7.52419e-11;6.48855e-11;2.84777e-10;9.29211e-10;3.47037e-11;3.02375e-10;4.78588e-11;2.51878e-11;4.14958e-11;1.40178e-10;5.14966e-11;1.1544e-11;1.63719e-09;1.9012e-10;2.66587e-10;2.31145e-09;5.99615e-12;2.28455e-10;1.74059e-11;1.01381e-11;1.25008e-10;1.11778e-10;5.69178e-09;5.56404e-10;3.72014e-08;1.20204e-08;2.13573e-10;2.0949e-09;1.10102e-10;4.62342e-10;1.95874e-10;8.06461e-11;2.80588e-11;2.02641e-10;3.91356e-10;9.73987e-12;9.67294e-11;1.06211e-10;2.98307e-11;1.27972e-11;1.57238e-11;5.40376e-11;2.24111e-10;1.03798e-09;5.36875e-10;1.07187e-08;1.61882e-10;5.9582e-10;7.14105e-10;9.50377e-12;1.12183e-10;2.69508e-11;2.24609e-11;8.02727e-12;1.98154e-10;6.16282e-12;5.85805e-11;3.90411e-10;7.08163e-13;1.29946e-11;1.68861e-09;1.37401e-10;3.91263e-11;3.61213e-11;7.65544e-11;8.45338e-11;6.88685e-11;6.4857e-10;1.51952e-10;3.98318e-10;1.51344e-09;4.55782e-10;5.20207e-10;2.83229e-11;8.93376e-10;1.29339e-10;5.87256e-10;1.39242e-10;9.28446e-11;4.52603e-11;2.5046e-11;7.99857e-11;5.63579e-11;6.58342e-10;7.51438e-10;8.87399e-11;1.79302e-11;9.96085e-10;3.78653e-10;6.00947e-11;6.5445e-10;6.63456e-12;2.38535e-11;2.20879e-12;2.61912e-11;5.56206e-11;1.38691e-11;1.75884e-11;7.63463e-12;5.47145e-11;1.8826e-11;1.00259e-10;8.89466e-10;2.16993e-07;5.55644e-11;1.69623e-11;5.38437e-11;6.87539e-11;5.17165e-11;8.26107e-11;4.25776e-11;5.1906e-10;6.29482e-10;1.66257e-14;8.48592e-11;2.54081e-09;3.81633e-09;1.53063e-09;2.02052e-09;1.36725e-12;8.33436e-10;2.07271e-12;8.4679e-10;1.71373e-10;2.10436e-13;3.83176e-11;1.89567e-11;6.80241e-12;6.58609e-13;6.33008e-10;1.12425e-11;1.22294e-12;6.92332e-11;1.85971e-11;2.49852e-11;8.43586e-12;1.12483e-11;2.24284e-11;8.13082e-13;7.38382e-12;3.84999e-12;4.48592e-10;1.00006e-09;4.83265e-07;1.3282e-08;0.999982;6.33281e-06;7.24107e-06;1.5571e-06;7.36827e-10;7.84652e-09;3.99832e-09;6.88528e-09;4.44714e-07;6.12474e-11;1.92976e-11;1.1558e-09;3.38307e-11;2.08432e-12;1.75993e-10;3.82273e-10;2.03835e-11;3.09223e-10;2.6729e-10;7.55197e-12;9.22394e-10;2.03856e-10;8.47769e-10;2.28008e-09;3.38683e-12;3.14939e-11;3.02239e-11;8.3787e-10;5.17084e-11;2.79332e-11;3.07076e-10;1.11783e-10;5.86361e-10;2.01783e-11;1.38246e-12;1.66667e-10;1.80746e-12;4.53941e-10;1.73101e-10;5.83687e-14;5.48605e-13;6.58689e-10;3.66428e-11;3.33144e-10;4.47196e-10
9.05383e-08;1.92043e-08;2.36392e-08;4.45894e-10;3.89966e-09;4.85837e-10;4.00495e-10;0.999929;1.34705e-08;1.35068e-08;2.15202e-08;2.44874e-06;1.73567e-08;3.09959e-09;2.54328e-09;5.29375e-08;4.13809e-08;2.41584e-09;2.07202e-06;6.40105e-09;1.20416e-07;1.8487e-09;9.20554e-09;3.35999e-08;4.68855e-09;2.05756e-08;4.65929e-09;6.36367e-09;3.40472e-09;6.91544e-09;8.63791e-10;6.36357e-08;1.13157e-09;3.32741e-08;1.50115e-08;8.3512e-09;3.63288e-09;3.40764e-09;3.91289e-09;3.12563e-09;1.09487e-09;8.56752e-09;1.55422e-08;1.08509e-09;6.82075e-08;4.2371e-08;2.95078e-09;2.44201e-09;3.82385e-08;7.22048e-10;5.04887e-08;1.20974e-09;2.42748e-09;4.67211e-09;1.41725e-09;4.92171e-08;9.34233e-09;6.76472e-09;5.82016e-09;7.03594e-09;1.43602e-07;2.18194e-08;8.90693e-08;2.72712e-08;2.61256e-09;9.57425e-08;8.64026e-09;3.92992e-09;1.88108e-08;5.54338e-08;6.39405e-09;1.06442e-08;5.0653e-09;1.18336e-09;9.80396e-10;7.34479e-09;3.50524e-09;6.59945e-08;1.32486e-08;8.27247e-08;1.08938e-07;5.92948e-09;1.34457e-08;3.31464e-08;3.34939e-07;1.24273e-06;6.00563e-09;4.21549e-08;3.44468e-09;7.03949e-09;5.37214e-09;2.94918e-09;4.32944e-09;2.92922e-08;3.11914e-07;7.55991e-08;1.97177e-08;1.85293e-08;1.37564e-08;1.02756e-09;3.45864e-09;9.04454e-10;7.32197e-09;2.43709e-09;2.64777e-09;8.03681e-10;5.8223e-09;3.51798e-09;2.47244e-09;3.03238e-09;1.05092e-09;1.82239e-08;1.45233e-09;6.06316e-10;1.52742e-10;1.67039e-07;1.05898e-09;8.02189e-11;2.12771e-10;1.76087e-09;4.72144e-09;2.83538e-09;8.49691e-09;1.72024e-09;5.005e-09;3.92734e-10;2.04388e-08;4.74598e-11;3.6363e-08;1.0002e-09;3.16009e-08;3.66961e-08;5.75046e-09;2.87856e-06;7.98812e-10;1.61902e-08;4.56502e-10;2.27247e-09;1.24656e-09;7.10831e-09;3.89909e-10;7.13847e-10;1.03959e-10;2.08495e-09;5.97248e-08;1.09302e-08;3.03248e-08;1.35416e-08;6.74899e-10;6.21234e-09;3.1147e-10;4.24387e-09;1.59245e-08;5.10616e-10;7.73023e-09;4.47431e-09;1.76004e-09;4.04654e-09;9.69956e-09;1.11644e-08;2.029e-09;1.68171e-08;6.77371e-07;2.0157e-08;7.79813e-08;9.55831e-09;2.04786e-08;5.1137e-09;3.77987e-08;8.37789e-09;5.83712e-10;1.16272e-09;6.69213e-09;4.55415e-09;2.70367e-09;4.02327e-11;3.62831e-10;6.16332e-10;1.2132e-09;2.08327e-09;1.38663e-08;7.57684e-09;7.41048e-09;1.76769e-08;3.22576e-09;2.56489e-08;1.38877e-09;8.95087e-08;1.42884e-08;3.15295e-08;1.99787e-08;5.84492e-09;1.42182e-09;2.15289e-09;1.86214e-07;4.57883e-09;1.22764e-09;5.08295e-08;6.68259e-09;3.65708e-09;1.38884e-08;1.39832e-08;7.89886e-09;2.99447e-09;7.62292e-06;1.17964e-07;1.04808e-08;5.88882e-08;9.57882e-09;1.32873e-08;1.65376e-08;1.08562e-08;1.50879e-08;6.14434e-09;2.43496e-10;3.4082e-10;1.0616e-09;5.43707e-08;1.81305e-11;5.86815e-09;5.48085e-11;1.19074e-09;9.12778e-09;6.43233e-09;2.56683e-09;7.70191e-09;1.08614e-08;2.65384e-09;4.33218e-07;4.01123e-08;8.75327e-09;1.99299e-09;6.41793e-10;1.54297e-09;3.95792e-09;4.08792e-08;4.43674e-09;1.06956e-09;5.63156e-10;1.52186e-08;4.95992e-09;1.41246e-08;1.12156e-08;2.27423e-08;2.50385e-09;2.76795e-10;9.55435e-09;1.34427e-09;2.50103e-08;7.12285e-10;6.57148e-09;1.31668e-09;4.86063e-10;1.38445e-09;2.14067e-09;1.49839e-09;1.06004e-09;2.66799e-10;5.61439e-09;6.95081e-09;5.15812e-09;1.55621e-09;2.46962e-07;9.32209e-08;6.69372e-09;2.21926e-10;1.01129e-08;3.26822e-09;1.34382e-08;5.03592e-09;2.23476e-08;2.13964e-07;2.57204e-10;1.01199e-10;7.99496e-10;3.25561e-11;2.79796e-08;2.27893e-11;3.4261e-08;1.55645e-10;1.19936e-09;8.66347e-09;9.61552e-10;6.7225e-10;3.10264e-10;1.39007e-09;1.21124e-09;7.69377e-12;4.5014e-10;4.32532e-11;1.63029e-06;1.94274e-08;2.64846e-09;2.32812e-09;6.34915e-09;4.86461e-09;2.83586e-09;1.21136e-09;2.32667e-09;3.51674e-09;2.66949e-09;8.33351e-11;1.4629e-09;3.69605e-11;9.60979e-08;5.63421e-10;5.69041e-09;4.74428e-10;6.07009e-09;1.16701e-09;6.17159e-09;1.34369e-10;2.65426e-09;6.00564e-09;1.12915e-09;3.89629e-09;9.0456e-10;5.05267e-09;1.61812e-09;5.95542e-11;1.04084e-10;7.91006e-08;7.059e-09;4.96514e-10;6.42901e-10;7.48522e-09;2.36939e-07;4.30548e-09;1.00552e-09;4.32502e-13;6.62383e-10;1.58038e-09;1.99588e-09;6.91121e-10;3.28722e-09;1.05794e-09;1.18257e-08;5.92596e-09;1.46882e-08;1.57101e-08;4.4444e-05;2.04708e-06;4.8247e-09;4.94552e-09;4.79112e-09;7.09225e-07;1.77549e-08;1.6653e-08;4.67951e-08
3.04834e-09;4.4277e-10;1.79785e-10;2.18198e-12;2.23707e-08;3.2439e-10;3.82628e-12;2.01095e-08;3.08667e-10;9.36681e-10;3.92879e-10;1.6418e-10;3.82184e-10;7.50946e-10;6.24248e-10;1.69869e-09;3.18308e-09;1.58941e-10;3.03369e-08;1.95309e-10;5.54195e-10;4.21922e-10;1.14306e-09;1.65326e-09;8.24605e-10;7.17362e-10;7.88607e-09;5.72809e-10;6.21879e-11;1.56532e-12;8.43712e-13;2.62995e-08;1.35458e-11;7.17716e-13;4.31557e-11;1.19799e-09;6.84558e-10;9.78779e-11;4.7149e-09;9.24551e-08;1.0035e-09;3.50768e-12;2.34075e-09;8.15254e-12;3.91171e-09;1.17213e-09;9.74435e-12;3.19442e-11;7.21129e-11;1.36012e-11;7.8122e-10;5.13203e-11;2.22358e-10;1.18487e-11;2.11575e-09;1.04548e-09;3.23242e-09;1.06742e-09;1.36634e-09;6.44721e-10;5.55584e-09;4.0658e-09;3.23762e-08;1.67655e-08;3.18785e-10;2.60703e-08;2.29738e-09;1.49554e-09;1.05956e-10;2.65729e-10;1.07156e-10;3.88552e-09;2.06518e-08;3.0825e-10;1.48141e-09;5.4534e-10;3.85077e-10;1.75174e-09;6.47128e-10;2.52803e-09;3.31747e-09;2.55615e-09;2.21402e-09;1.57443e-10;2.03595e-09;1.10166e-08;1.15949e-08;3.52365e-09;5.74278e-09;6.01658e-10;2.90176e-10;1.44143e-10;4.441e-10;5.55149e-09;3.24061e-09;5.41611e-10;8.41865e-10;1.37166e-09;3.78123e-09;2.68521e-11;1.98703e-11;6.91856e-12;1.9705e-07;5.31444e-11;4.59565e-11;7.23227e-10;9.32541e-10;3.26203e-10;2.17555e-10;4.74747e-11;1.8971e-09;3.10491e-10;2.30584e-11;5.5089e-10;1.71423e-11;1.03623e-09;6.4365e-12;1.72041e-11;3.5977e-12;2.00967e-09;1.17335e-09;6.21285e-10;6.5613e-10;2.06622e-11;2.39621e-10;1.45838e-13;4.88962e-10;1.70411e-10;8.88436e-11;2.94537e-09;3.57396e-09;5.93165e-10;7.57487e-10;2.67693e-07;2.29338e-10;3.25594e-09;1.89539e-10;1.81523e-10;4.60852e-10;2.05565e-08;1.63019e-09;4.77845e-10;1.83904e-10;2.67714e-09;8.6564e-10;1.31372e-09;7.08182e-09;4.49694e-09;1.18942e-10;7.02553e-10;5.12627e-11;4.53837e-08;1.25179e-10;6.02901e-09;1.20549e-11;5.77846e-10;3.26474e-09;4.44985e-09;3.43522e-09;5.62149e-09;3.67932e-10;2.62384e-09;5.66346e-11;7.39242e-09;1.93469e-10;8.36703e-09;2.23989e-10;1.32039e-09;1.97764e-08;1.97214e-09;6.67733e-10;4.41172e-10;1.38846e-09;1.4466e-08;6.83387e-09;9.94395e-08;7.51216e-10;3.23812e-08;9.85313e-09;9.25447e-09;1.01104e-09;4.03598e-09;4.78735e-11;9.31889e-09;2.00137e-09;8.64874e-10;1.28023e-09;3.67593e-08;1.3429e-08;1.14521e-08;8.24801e-10;2.44833e-10;5.76716e-11;4.46446e-12;1.51065e-08;5.98455e-10;4.23217e-10;5.90294e-09;1.16152e-09;1.57956e-09;1.8335e-09;1.2628e-10;2.37109e-10;2.0585e-10;3.87687e-09;1.03387e-09;4.55123e-10;1.13427e-10;8.60298e-09;1.60632e-09;1.40922e-09;1.14942e-09;1.64984e-09;5.9155e-10;4.10925e-10;1.50569e-10;2.81273e-11;2.06081e-08;5.55427e-12;2.4321e-09;3.86867e-11;4.06367e-10;2.06573e-09;8.48072e-10;5.71276e-10;3.90067e-09;6.72313e-09;2.69075e-10;7.46035e-07;5.06522e-07;9.6039e-08;2.23973e-07;1.42317e-10;2.389e-11;4.90649e-12;5.93181e-09;1.00463e-10;1.29008e-09;1.46792e-09;2.0411e-09;2.50533e-10;1.16542e-09;6.85997e-10;7.1544e-10;3.64677e-10;5.05404e-11;1.09157e-10;9.99149e-12;2.74242e-10;6.49e-11;1.46828e-10;5.95189e-10;4.76219e-09;3.26628e-09;1.04774e-09;7.20227e-08;1.18428e-09;3.50843e-10;5.10473e-10;5.72603e-10;1.20866e-10;1.19172e-10;4.65997e-10;5.0216e-10;8.82595e-10;1.92195e-09;2.70373e-10;8.78571e-10;3.23706e-09;1.78501e-09;3.06071e-09;5.68615e-08;9.8801e-11;5.16175e-11;4.23716e-11;4.54827e-13;1.81457e-10;7.61566e-12;2.6227e-09;9.91117e-11;2.85953e-09;2.34543e-08;8.60347e-10;3.54498e-11;5.38678e-09;2.43696e-08;1.85714e-07;2.26996e-08;1.39168e-10;9.74785e-10;0.999921;6.0451e-06;5.97509e-05;4.5528e-06;2.38805e-07;6.29139e-08;5.63869e-09;3.33744e-06;7.92618e-07;2.40731e-07;2.2862e-10;3.09016e-11;3.49806e-12;1.03571e-12;6.7327e-10;5.75285e-10;6.40702e-11;7.28872e-12;4.07442e-10;1.79526e-10;4.98209e-13;1.19169e-09;3.68774e-11;1.73019e-09;4.56791e-10;1.0824e-10;1.61647e-10;6.72155e-09;1.8273e-10;4.84113e-11;1.01832e-11;7.14061e-09;6.85207e-09;2.63287e-10;5.85379e-11;5.09859e-10;1.22602e-11;2.5751e-11;2.02974e-11;5.36096e-10;2.92542e-11;5.51217e-11;3.04849e-10;6.7148e-12;7.48392e-11;2.66657e-10;7.05671e-11;3.29318e-11;3.74734e-10;2.3594e-10;1.32038e-12;9.37387e-11;4.90831e-10;1.27603e-10;2.56073e-11;7.69953e-11;6.88006e-11;1.2869e-11;2.03896e-11
4.00795e-06;5.70871e-06;6.56425e-07;5.87799e-09;2.11579e-08;1.08097e-05;3.1202e-09;6.65071e-07;2.83895e-07;5.04773e-07;5.33937e-09;2.6125e-08;2.76432e-09;5.66989e-07;1.53958e-07;8.26078e-08;7.30405e-07;6.03654e-08;9.65646e-08;2.06986e-08;7.67606e-09;8.86344e-08;9.60482e-07;3.1045e-08;1.38435e-06;5.56412e-08;2.98351e-08;9.8885e-08;3.41457e-08;5.19235e-08;1.37118e-09;8.908e-08;6.54285e-06;5.94041e-10;9.27796e-09;6.7157e-07;8.39795e-08;7.25336e-08;5.74651e-08;7.44742e-06;1.9732e-09;2.94743e-07;9.13938e-08;9.20214e-09;9.03796e-06;4.34519e-07;2.57794e-09;1.06491e-08;3.45514e-08;3.9134e-09;1.04829e-09;1.25682e-08;1.51269e-09;9.68131e-09;4.89495e-09;4.10333e-07;9.59579e-08;5.09972e-07;3.66238e-07;1.41164e-07;3.94897e-07;9.63437e-06;5.99717e-07;5.61993e-07;9.54641e-08;2.95433e-06;1.63345e-07;4.39417e-07;9.30137e-08;2.06657e-06;3.31738e-08;7.5631e-09;1.10657e-06;5.21418e-09;2.5655e-08;1.05331e-07;6.358e-08;6.42321e-07;2.13259e-06;1.30779e-07;2.9025e-07;2.82931e-07;1.37174e-06;5.86108e-07;6.35711e-09;2.95571e-05;2.80568e-09;3.17454e-09;8.98656e-08;9.99709e-08;5.64485e-08;1.31107e-07;8.14642e-08;2.72364e-07;2.63618e-07;2.14423e-08;2.00088e-09;2.4923e-08;1.77525e-07;6.60875e-09;1.84179e-08;1.14132e-08;1.75876e-07;6.94979e-06;4.15083e-11;7.44966e-09;3.23649e-07;4.77739e-08;8.18922e-08;8.55825e-08;2.11237e-06;1.04229e-07;2.33843e-07;1.0899e-07;7.35372e-07;2.54403e-08;4.57195e-06;5.95448e-09;4.74874e-09;1.75091e-08;8.78926e-07;3.8969e-09;1.80328e-07;9.81718e-08;3.41805e-07;9.0169e-10;1.94865e-06;2.70414e-05;2.68023e-10;2.04784e-08;1.41323e-06;4.01564e-07;4.0591e-07;1.95174e-05;2.10599e-06;2.67727e-08;1.87113e-07;2.62565e-07;1.9509e-07;1.50816e-07;2.56149e-06;2.02864e-09;2.77529e-07;3.91144e-07;5.78597e-08;7.18154e-07;1.94296e-08;6.22426e-08;4.39517e-07;1.30427e-06;1.29916e-07;2.67472e-06;2.1793e-05;8.59171e-09;5.34988e-07;1.35373e-07;5.51915e-07;8.14493e-06;3.66097e-08;1.78309e-07;9.1839e-08;1.99619e-07;1.24509e-08;1.5898e-06;1.99457e-07;4.67931e-08;6.41623e-08;3.04497e-07;5.30771e-07;2.68269e-07;2.95919e-07;1.15963e-07;1.11349e-07;1.89678e-07;2.87838e-07;2.70119e-09;1.1756e-08;1.51749e-07;1.04828e-06;7.05067e-08;3.49593e-08;8.96396e-07;1.19451e-08;1.4403e-07;1.34692e-06;4.37297e-10;2.07054e-08;7.32552e-08;4.69437e-06;1.65775e-07;2.11927e-07;4.2162e-07;2.9701e-07;2.65246e-08;2.59342e-07;0.000101317;3.70877e-08;2.57541e-08;2.44732e-07;1.00138e-06;9.03246e-08;2.31929e-07;1.14147e-07;1.91591e-08;3.77955e-08;1.03086e-06;2.83726e-08;1.2128e-08;4.82589e-07;2.81363e-07;1.09635e-07;1.59763e-07;1.68637e-07;6.13165e-08;6.04035e-08;2.57654e-08;7.90372e-08;8.57123e-10;1.00591e-06;1.63683e-08;1.37543e-10;6.2337e-08;2.22612e-07;1.37144e-06;9.74942e-08;1.98285e-07;6.62566e-08;2.48773e-07;1.6074e-07;6.38046e-07;1.92973e-08;9.74255e-09;8.90629e-08;5.08801e-08;2.32682e-08;1.25806e-08;1.04854e-06;1.26769e-08;4.17079e-08;1.06075e-06;1.99351e-07;1.75734e-08;1.99771e-06;7.13601e-09;5.92454e-08;2.28915e-08;5.0552e-07;3.3805e-09;1.69441e-07;3.2719e-08;1.88462e-10;8.85934e-09;6.02008e-08;1.6843e-07;9.94898e-07;2.03382e-07;2.39379e-07;9.1977e-09;4.8945e-08;3.62934e-07;2.38617e-07;1.19386e-07;4.87352e-08;3.27305e-08;1.67649e-09;7.19564e-09;1.16998e-07;1.57941e-07;5.84115e-07;1.98861e-07;5.50629e-06;1.22951e-07;1.91958e-13;2.75578e-08;9.08515e-07;9.32232e-09;1.72686e-09;0.000272887;1.62317e-10;5.11986e-09;3.00119e-07;3.82255e-07;1.27377e-08;7.10627e-11;5.60128e-08;3.57942e-08;2.15682e-07;2.52958e-08;1.74463e-07;9.56979e-09;1.10693e-08;1.07123e-06;1.3062e-10;3.83246e-08;7.08704e-07;7.42391e-07;2.14997e-07;9.17518e-09;3.14086e-06;3.70499e-08;1.11199e-06;2.8313e-05;2.21447e-05;6.04484e-06;0.00175513;0.993308;2.40656e-05;1.49083e-06;5.12915e-05;2.58853e-05;0.00326999;0.000828088;1.34865e-05;4.38851e-08;2.55933e-07;1.03813e-06;7.32679e-08;3.20087e-07;1.91948e-06;2.2242e-11;2.27412e-07;1.04693e-06;3.2907e-07;5.13531e-08;2.81366e-06;5.34684e-07;3.58942e-11;9.37917e-07;1.8543e-07;1.7693e-08;1.34663e-07;5.42182e-08;7.92131e-08;1.1505e-08;1.34452e-07;3.728e-07;4.54106e-08;1.44543e-07;1.06815e-06;4.34173e-07;9.86246e-10;6.99558e-09;2.48587e-07;1.28887e-09;2.97256e-07;1.48049e-06;1.28396e-08;3.84717e-08;1.17498e-05
8.48754e-09;1.9914e-10;7.16824e-11;5.67181e-13;2.42753e-11;2.79032e-11;4.04232e-12;8.93131e-10;6.30804e-11;5.28339e-11;1.61604e-10;1.16103e-12;4.37432e-12;2.76062e-09;1.06859e-10;6.5209e-08;1.24474e-09;8.95934e-11;4.72164e-10;2.10191e-11;1.54021e-10;4.9241e-09;9.834e-11;7.74377e-10;4.94202e-10;2.95231e-11;1.60442e-11;1.31404e-09;3.8279e-09;2.80342e-11;4.37102e-12;5.32397e-12;2.15717e-11;1.09647e-12;1.24354e-12;9.1615e-09;1.17085e-10;4.62842e-11;2.81491e-12;4.06767e-11;2.05455e-12;9.33884e-11;7.66786e-11;6.87812e-11;6.61469e-09;1.20975e-09;1.86355e-10;8.37909e-10;1.8786e-11;3.03372e-13;5.08524e-11;6.07844e-12;2.06871e-12;1.89481e-09;1.23002e-11;1.25153e-10;8.68115e-12;1.21201e-09;7.58118e-11;1.34086e-11;4.19411e-10;4.78306e-10;1.91441e-11;1.19143e-12;2.85615e-10;1.23102e-10;1.23306e-11;2.00896e-11;6.80045e-09;2.17251e-10;1.98021e-11;3.43126e-10;2.23589e-12;1.37969e-13;2.01678e-12;5.86741e-10;5.92159e-11;1.34604e-09;2.36682e-10;1.12925e-10;5.99779e-10;1.40464e-08;3.43513e-10;2.81484e-11;4.33776e-10;1.10716e-10;8.92215e-12;6.6272e-12;4.38603e-10;1.44397e-10;4.72065e-09;1.01359e-10;1.05072e-10;3.1901e-09;1.89041e-12;7.11204e-11;3.28603e-13;9.06923e-10;2.11658e-11;5.70196e-09;5.07022e-11;9.22361e-13;2.74397e-10;2.37663e-09;3.34422e-11;1.31174e-12;4.4813e-09;6.02711e-11;9.58976e-11;4.96481e-10;1.1201e-11;2.42605e-11;4.08652e-09;5.99681e-11;3.32576e-09;3.53873e-10;2.90462e-10;6.98562e-12;1.08286e-13;1.66053e-10;2.65796e-11;4.66151e-13;7.46316e-12;2.32223e-09;1.70917e-11;4.74867e-13;1.51178e-10;1.13172e-10;1.774e-13;7.0119e-13;3.4842e-09;6.81891e-11;1.02863e-10;2.97726e-12;1.93262e-12;1.74619e-12;3.55187e-09;1.74761e-10;4.48453e-11;6.60576e-10;5.81294e-11;2.01202e-11;9.35788e-12;3.83609e-09;1.93235e-10;3.52099e-11;6.88398e-11;1.98241e-10;6.1364e-09;2.84292e-11;1.9744e-11;1.58164e-08;5.95181e-10;1.65386e-12;7.21435e-11;6.82636e-10;2.93056e-10;2.49209e-11;1.05863e-11;5.97526e-09;4.94389e-11;1.4688e-10;2.59319e-08;1.44286e-11;8.89884e-11;2.7089e-12;3.17803e-10;5.62512e-12;2.54911e-12;9.6964e-11;5.66462e-09;1.63993e-10;3.84208e-10;2.74702e-08;1.37038e-09;2.33816e-12;1.06052e-10;1.94379e-10;4.31791e-11;7.22463e-12;5.77123e-09;6.58679e-10;5.17324e-12;6.40874e-10;2.49955e-09;1.68881e-09;4.46897e-12;1.19547e-10;9.46169e-11;5.02398e-11;1.21029e-10;2.73976e-08;3.44324e-10;5.22369e-11;1.96982e-09;9.42443e-09;3.24004e-11;1.46088e-10;3.20667e-10;1.63557e-11;3.7543e-11;5.0642e-09;1.62613e-10;7.03511e-11;4.59835e-08;3.89782e-10;2.21907e-10;1.0658e-09;9.61816e-09;5.72481e-11;2.41057e-10;3.48206e-11;1.23039e-10;7.51552e-11;2.17357e-10;2.72742e-12;9.04884e-12;2.96731e-11;1.47832e-10;9.94617e-12;5.01601e-13;3.31234e-10;1.76874e-10;3.72043e-10;9.83016e-11;7.00195e-09;2.68642e-11;5.46096e-10;5.65537e-09;2.29144e-10;3.61563e-10;4.05025e-11;2.47904e-08;1.82613e-11;4.30292e-11;1.20155e-09;1.37355e-11;6.45926e-12;5.56624e-13;5.73094e-09;1.92014e-10;3.31243e-10;1.82758e-10;1.42249e-10;7.21179e-11;9.99601e-08;7.40942e-10;7.94655e-12;5.55614e-08;2.7503e-10;2.22115e-12;1.00202e-11;4.02096e-09;1.16033e-10;1.64172e-10;4.3194e-10;2.45511e-10;1.44199e-11;1.15466e-10;8.176e-09;2.93719e-11;3.67097e-11;7.23343e-10;1.0808e-11;1.0743e-12;5.03271e-13;2.54161e-09;7.85178e-11;8.52362e-11;1.78228e-09;1.76198e-10;2.69095e-09;2.16116e-18;6.36356e-09;2.0912e-10;2.51373e-12;6.93029e-09;3.09488e-10;6.89174e-10;3.81467e-17;1.16393e-08;1.40436e-11;2.39522e-11;6.31121e-12;7.55845e-10;1.28826e-11;2.17285e-11;5.41145e-09;3.06773e-11;1.41369e-13;6.25871e-11;2.79422e-10;3.87912e-11;2.63993e-16;3.74931e-09;6.46276e-11;5.93385e-11;6.12779e-09;7.96449e-11;4.11179e-12;6.81453e-11;4.99056e-10;1.9956e-10;4.38996e-13;2.65594e-09;1.1693e-11;1.70872e-11;1.18278e-14;1.28084e-08;1.49709e-10;3.13233e-10;2.34086e-11;1.14646e-11;4.92161e-11;4.2643e-09;1.0086e-11;5.06352e-11;8.12387e-10;2.95309e-10;3.07647e-15;2.89848e-12;2.31898e-09;4.84279e-11;0.997877;1.97514e-05;1.96128e-08;0.00208377;1.54019e-07;3.2272e-06;1.10664e-06;4.7336e-07;5.68633e-09;7.26218e-09;1.38816e-05;3.8582e-08;1.62731e-07;2.03248e-08;1.1189e-11;8.05777e-09;5.57174e-11;7.59658e-10;1.11788e-12;2.06632e-10;1.35647e-12;8.84654e-10;3.7532e-10;4.09216e-11;4.34296e-09;2.23232e-09
1.41468e-06;1.52182e-07;1.00257e-06;5.28074e-08;4.65917e-08;4.62609e-08;2.61523e-09;1.26403e-07;4.448e-08;4.46557e-08;6.91959e-10;1.50059e-07;1.94853e-09;2.44956e-08;3.27018e-08;2.05584e-08;9.16915e-08;6.58318e-09;1.76941e-07;2.33789e-08;2.32331e-08;1.11826e-07;9.41338e-08;2.47728e-07;3.57555e-08;1.86453e-07;2.77549e-08;0.999919;2.52118e-08;4.31797e-07;1.30252e-07;4.55437e-09;5.81436e-09;1.91714e-09;1.58499e-09;1.64881e-08;1.65031e-08;7.17938e-09;7.3593e-11;1.50397e-09;5.19221e-11;6.3426e-07;6.58165e-06;3.79597e-06;1.23708e-06;1.28297e-07;9.88946e-09;3.14556e-07;4.9941e-07;4.61926e-07;3.79061e-09;2.37018e-07;1.48609e-08;6.72031e-09;9.09182e-09;1.84777e-07;1.5265e-08;5.16058e-08;5.92786e-08;7.44564e-08;3.79328e-08;2.25018e-07;5.61438e-08;2.07989e-08;1.53163e-08;6.42976e-09;3.80182e-09;1.70848e-08;3.5155e-07;9.4828e-07;4.54279e-06;5.18004e-08;2.03148e-09;4.40028e-10;5.55288e-07;1.67693e-08;7.88899e-09;9.79896e-09;4.31392e-08;1.24891e-08;9.09134e-08;4.85144e-09;8.59934e-07;2.53107e-07;7.54646e-10;1.46518e-10;3.87701e-10;1.5227e-10;3.24169e-09;6.4338e-09;4.02382e-08;1.1871e-07;1.56726e-08;2.1692e-08;6.20428e-09;6.1909e-08;2.25544e-08;7.4513e-09;2.33368e-08;1.25563e-07;5.10672e-06;2.85199e-07;7.20003e-09;1.70929e-08;7.38194e-10;3.6277e-09;5.09466e-08;1.01439e-08;1.45544e-08;1.45358e-08;6.77093e-08;1.95433e-08;3.41956e-08;1.03593e-08;6.62746e-07;1.87516e-08;1.26532e-08;4.45825e-09;8.78904e-08;1.24301e-08;4.65392e-09;7.86744e-09;3.78999e-09;4.83337e-08;6.33636e-06;1.51392e-07;1.90549e-09;7.34504e-10;1.95612e-10;9.68013e-09;7.28573e-10;1.29511e-08;1.39212e-08;1.31949e-10;3.6766e-10;3.61909e-09;5.67811e-08;4.3195e-08;3.13107e-07;6.72342e-09;4.13677e-09;4.96864e-10;1.88489e-09;1.0267e-08;2.00804e-09;1.68532e-09;2.08259e-08;1.43121e-08;1.59504e-08;2.6553e-08;5.87672e-08;1.91394e-08;2.38746e-10;2.01868e-09;2.467e-09;8.43799e-09;2.45234e-09;5.64631e-10;1.91917e-09;2.55758e-08;1.33851e-08;8.61689e-08;1.50068e-09;1.29062e-08;2.18085e-08;2.24397e-09;1.82208e-08;5.24438e-09;8.66477e-09;1.16393e-08;4.16512e-08;1.9583e-07;3.14234e-07;1.64296e-09;1.16423e-08;3.23566e-09;1.62661e-08;2.09649e-08;8.56433e-09;2.84867e-08;5.12042e-08;7.91318e-08;1.20228e-08;6.17687e-09;4.26551e-08;1.86682e-09;1.06642e-08;2.71633e-09;5.23365e-08;3.45644e-08;4.11383e-09;1.6765e-07;7.67394e-07;2.26924e-07;1.30808e-08;1.26042e-08;4.33018e-09;8.65039e-09;7.86259e-10;1.53522e-09;3.14191e-09;1.24985e-07;4.98528e-07;1.31462e-07;1.97021e-08;3.38527e-09;2.44344e-07;1.66766e-07;1.22345e-08;4.07503e-08;4.31966e-09;1.69447e-08;3.50797e-08;1.34243e-08;1.05859e-07;6.92079e-08;1.55905e-07;2.55176e-09;2.4036e-09;6.01269e-10;1.40337e-08;1.42732e-08;9.45768e-09;1.14597e-08;7.36203e-09;2.83933e-08;2.544e-07;5.06041e-08;4.80268e-07;1.46189e-08;1.05512e-08;9.73926e-09;2.756e-08;1.94419e-07;9.79512e-08;2.02741e-08;6.37229e-11;1.2709e-09;2.51724e-10;4.06034e-09;6.14515e-09;2.03923e-07;7.53047e-09;3.11788e-06;1.30119e-08;5.19144e-08;2.79463e-07;1.05443e-07;1.14638e-08;2.44779e-09;2.49802e-09;2.41511e-09;9.56452e-09;1.2564e-08;1.53834e-08;1.02295e-08;1.0541e-08;5.36965e-09;8.59669e-09;2.0255e-08;1.81573e-07;6.60738e-08;9.06167e-09;2.22487e-08;5.13162e-09;1.61469e-08;9.19058e-09;4.89299e-09;1.30635e-07;2.96886e-07;2.03632e-08;6.90491e-07;1.77844e-11;3.75408e-08;4.78484e-07;3.90709e-08;2.67833e-09;2.15414e-10;7.66691e-10;4.75365e-11;2.47448e-09;2.41824e-08;3.86587e-08;2.12716e-10;1.21954e-09;2.78868e-08;6.8807e-08;6.25744e-06;7.35144e-06;1.55456e-06;1.61504e-07;3.2403e-10;1.21238e-10;1.44375e-08;4.73403e-08;1.34745e-08;3.32366e-08;8.90448e-09;3.16521e-09;1.21103e-08;1.21151e-08;8.2333e-07;1.50402e-06;7.8612e-08;1.20575e-06;2.02666e-08;6.90615e-11;2.8768e-09;1.7387e-08;5.97771e-08;3.94857e-10;7.82974e-09;4.88662e-10;2.27496e-08;2.12942e-07;5.78019e-07;1.31992e-07;9.12694e-09;1.22207e-06;4.75798e-10;1.30491e-09;1.85828e-07;8.66872e-08;1.00046e-08;3.59504e-07;3.64876e-08;1.96661e-08;1.20916e-08;8.96735e-10;3.26841e-07;5.22091e-08;1.68057e-07;3.74323e-08;3.62013e-08;2.37967e-08;2.41588e-08;6.13882e-06;9.22297e-09;1.9956e-08;7.10812e-08;5.38966e-10;2.07857e-09;8.11661e-09;9.74484e-10;2.28203e-08;3.10654e-07;5.82787e-08;1.73356e-08;3.51215e-08
2.14002e-09;2.20037e-09;2.36328e-09;1.56253e-09;6.85737e-11;4.3883e-10;3.64497e-11;4.40753e-09;9.26542e-10;9.48454e-09;2.95723e-08;5.79244e-08;1.8193e-10;5.97468e-10;4.38939e-10;2.84614e-09;4.58208e-08;4.15817e-10;1.24454e-09;1.12013e-09;7.38922e-09;8.96686e-11;7.44804e-10;5.06109e-10;3.50288e-10;3.11496e-10;1.85109e-09;6.8323e-10;3.69763e-11;1.78322e-10;1.44277e-10;1.46291e-08;7.86865e-12;8.46498e-11;3.89934e-11;1.16494e-10;1.32385e-09;3.49019e-10;1.78915e-10;3.47013e-10;5.52456e-12;1.3836e-10;1.19898e-10;2.86981e-10;2.99183e-09;5.66438e-11;1.86455e-11;5.36882e-10;9.08571e-09;9.74177e-10;2.45221e-11;6.25375e-10;1.00364e-10;6.25301e-09;6.86717e-11;2.04958e-09;9.25202e-08;2.82876e-09;5.26263e-09;8.23104e-09;1.32067e-09;1.97323e-09;5.89171e-10;1.69171e-08;3.36306e-10;1.99656e-09;3.15535e-09;5.65469e-10;1.08138e-09;2.02687e-08;9.82565e-09;9.21667e-11;9.86371e-09;5.95388e-11;1.27131e-09;7.71254e-10;1.79177e-09;3.67058e-11;2.90771e-09;3.09487e-10;2.46494e-09;1.20587e-10;6.85158e-09;1.39728e-08;2.45588e-09;6.87241e-09;6.24983e-10;2.7873e-10;1.18615e-09;5.9533e-10;1.40281e-09;9.08516e-09;9.1171e-10;4.27605e-08;7.7438e-07;2.32645e-08;1.09732e-09;9.53916e-10;6.4619e-09;5.59116e-12;8.23617e-09;2.12577e-09;8.2819e-10;1.07394e-10;3.13533e-13;5.33127e-10;3.00554e-11;6.35606e-10;7.18474e-10;4.11423e-11;2.43377e-09;4.35579e-11;7.59035e-11;9.43798e-10;7.80151e-10;1.67049e-08;1.63426e-09;2.31987e-11;2.97317e-11;4.99565e-11;5.24109e-10;3.13807e-11;4.10656e-10;9.6717e-12;1.27117e-09;3.76009e-10;5.5835e-10;4.99115e-11;1.50457e-12;4.57297e-09;3.64958e-10;5.43852e-10;7.95726e-10;2.47673e-09;1.41092e-09;3.78083e-11;9.34017e-10;2.5647e-08;2.7277e-08;7.01466e-08;1.04529e-08;2.27603e-09;1.25769e-09;1.74856e-10;4.02545e-09;1.48423e-09;1.95826e-08;1.13489e-09;6.89997e-10;2.43021e-08;2.03343e-09;3.34043e-08;1.23096e-09;4.7479e-11;2.05711e-10;7.32401e-10;1.10199e-09;8.37365e-10;3.05756e-09;1.904e-10;5.43022e-10;1.99159e-09;4.6795e-11;1.03686e-07;8.72897e-12;2.75172e-11;1.24602e-11;3.05235e-09;3.03703e-09;1.28592e-09;1.4403e-09;1.4778e-08;1.22317e-08;3.56699e-09;1.77641e-09;2.36306e-11;1.38059e-09;1.68396e-09;8.64077e-09;6.19845e-10;3.10898e-10;3.91599e-09;1.65009e-09;4.15821e-09;7.60357e-10;1.05664e-08;5.23207e-08;5.08978e-09;2.60341e-08;1.01009e-08;5.36066e-09;9.65539e-10;1.7324e-08;3.5681e-09;7.15754e-09;2.93921e-09;4.45054e-08;1.95026e-09;8.99686e-09;2.49831e-09;6.30555e-09;4.68028e-10;3.22715e-08;1.73415e-09;5.74775e-09;1.37771e-09;3.3126e-10;7.16513e-10;4.23441e-10;9.11133e-09;2.5014e-10;4.03596e-09;2.49356e-10;1.31469e-09;3.01152e-10;1.71003e-08;1.77445e-08;1.49511e-06;4.0605e-09;4.89367e-10;4.05182e-11;4.09967e-10;1.60106e-09;3.80881e-09;4.21754e-10;7.58401e-10;5.09341e-09;2.796e-09;2.50373e-10;1.15545e-08;5.75613e-10;2.13069e-10;1.40862e-10;1.73459e-09;1.218e-09;5.93816e-08;4.32414e-09;1.60068e-10;1.26988e-09;3.32611e-10;1.38982e-09;5.95219e-10;1.38044e-09;2.61385e-09;6.65535e-10;1.20078e-09;4.40728e-08;1.29342e-08;2.51327e-09;5.79681e-08;8.72633e-10;6.00576e-09;8.6756e-10;8.3256e-10;9.77589e-10;2.73182e-09;7.44819e-10;6.50071e-10;9.35521e-10;5.35405e-11;4.18153e-10;1.28387e-09;1.33293e-07;4.9163e-11;2.8333e-10;4.91173e-12;2.15275e-10;2.31974e-10;4.55874e-10;6.24541e-11;3.28747e-10;2.82649e-10;6.09426e-12;1.15519e-11;1.39597e-09;9.95064e-10;3.32009e-08;2.62571e-09;7.2863e-09;8.51803e-09;1.92503e-10;4.09471e-09;1.26146e-10;1.61336e-11;1.36007e-09;1.29017e-10;3.09344e-07;1.03081e-07;5.79251e-05;0.00020508;0.995905;0.0032699;0.000202875;0.000351536;1.46526e-07;2.44844e-07;2.63873e-08;7.47931e-07;1.48841e-06;7.80996e-07;7.51772e-10;1.74498e-10;2.03243e-08;1.70145e-09;2.65528e-08;3.77258e-11;7.57213e-11;8.29654e-13;1.41085e-10;2.28211e-09;5.07619e-11;1.63969e-10;3.58251e-12;4.62059e-10;1.93484e-10;1.55316e-08;4.0379e-09;8.18525e-10;4.13428e-10;6.40505e-11;8.39976e-11;1.08299e-10;5.19096e-10;3.19247e-12;9.13999e-12;3.63777e-10;1.39023e-09;8.0473e-11;2.06924e-10;1.43793e-12;8.13651e-11;1.08814e-09;1.31832e-09;6.23179e-12;4.22599e-10;2.25812e-11;2.10291e-09;8.02658e-12;4.15654e-11;2.77247e-10;2.0283e-12;6.26122e-10;2.20727e-10;5.68478e-12;4.52931e-12;6.72239e-10;2.27099e-10;4.18045e-11;2.99306e-10
3.67446e-09;2.05875e-09;6.20789e-10;2.22132e-09;3.51061e-08;9.05768e-10;2.71516e-10;1.15875e-08;1.09525e-09;2.55258e-09;9.29465e-11;4.8265e-11;7.23735e-09;2.30968e-09;1.72448e-09;1.30803e-07;1.78097e-08;1.42916e-09;6.80593e-08;6.80997e-09;7.03134e-08;3.34164e-10;2.16886e-09;2.63926e-09;1.56567e-09;4.90694e-09;1.20343e-09;3.63755e-10;1.56583e-10;3.53706e-10;4.68162e-12;1.40224e-09;1.03788e-09;3.17954e-07;6.45154e-08;1.73266e-08;4.02658e-09;1.5686e-09;1.95849e-07;4.19837e-08;1.43059e-09;5.39018e-09;2.70857e-08;4.45869e-09;7.88188e-10;2.88917e-08;4.24437e-09;3.40766e-10;2.79107e-10;2.27246e-11;1.16201e-11;7.7873e-12;8.96228e-11;3.86623e-09;1.20337e-09;1.69934e-08;5.51113e-08;3.82599e-09;2.03957e-09;8.37118e-09;8.54382e-07;6.06484e-09;7.76337e-09;8.52045e-08;3.40792e-09;6.38628e-08;3.65138e-09;4.58541e-09;2.70053e-10;1.16318e-09;5.32104e-10;1.03198e-09;1.56816e-10;5.71784e-08;6.52167e-08;3.16066e-09;2.63698e-09;1.20723e-07;2.94373e-09;1.11266e-08;1.29906e-08;7.11215e-10;1.08524e-08;2.60709e-09;3.52953e-08;8.24922e-10;2.75074e-09;1.63806e-07;2.19157e-08;6.43372e-09;3.28914e-09;4.56362e-09;2.59836e-09;8.40392e-09;1.81447e-09;1.80817e-09;4.23412e-10;1.47592e-09;7.25524e-09;1.07685e-10;4.17768e-11;1.97821e-10;9.06848e-08;9.87473e-10;1.16367e-10;1.82422e-09;4.41076e-09;1.38638e-09;2.45628e-09;3.09211e-08;1.56039e-10;1.07378e-09;2.21506e-09;3.2632e-09;6.01525e-09;1.76807e-09;3.21905e-11;5.59378e-10;6.43817e-09;1.71887e-08;4.4584e-09;3.63478e-10;5.357e-09;1.92811e-10;2.7851e-11;1.00199e-10;3.4008e-08;3.76375e-12;1.91543e-09;5.26287e-09;6.35059e-09;4.35883e-09;6.18712e-09;1.72567e-06;4.33213e-09;8.68683e-09;6.43611e-10;5.48673e-10;1.88417e-09;1.4862e-08;1.00278e-09;3.12622e-08;4.72939e-09;2.51218e-08;1.11312e-08;2.43991e-08;1.56471e-08;1.49471e-08;7.49729e-10;4.29445e-10;1.79923e-10;4.36663e-08;1.8748e-10;5.71935e-09;1.95e-09;1.27195e-09;2.01252e-08;1.05151e-08;1.33938e-09;2.34256e-09;1.42977e-09;1.92588e-09;3.72947e-09;2.82992e-08;2.1706e-09;9.59734e-09;2.789e-09;1.33172e-08;4.93721e-10;1.1861e-08;9.65492e-09;2.46838e-09;3.44921e-09;2.09073e-09;9.99122e-09;1.51941e-08;1.42953e-08;1.12566e-08;8.98322e-09;6.91344e-09;6.24795e-10;1.78337e-09;2.85376e-10;3.10627e-09;6.98642e-09;3.36697e-09;1.82573e-09;4.28195e-10;1.73311e-09;2.65309e-09;3.41561e-09;3.05213e-09;2.89286e-09;7.73806e-09;6.21661e-08;4.20626e-08;3.85466e-08;8.29419e-08;2.22798e-07;6.51776e-09;7.06915e-08;8.41669e-09;4.70066e-09;8.3573e-09;6.14824e-08;9.2289e-09;4.06176e-08;5.51969e-08;2.26442e-08;2.42208e-09;1.9043e-08;2.20812e-09;1.0019e-08;8.3231e-08;2.58127e-06;8.81885e-07;2.3384e-06;0.996661;2.05705e-05;0.000181778;0.00311418;1.26027e-08;2.18297e-06;1.11117e-07;1.40331e-08;1.53013e-08;1.1799e-08;2.26838e-09;1.23435e-08;4.47778e-08;1.41948e-08;1.45435e-07;6.92985e-10;2.91077e-10;6.22418e-10;5.58302e-10;8.29883e-10;1.1002e-09;4.30776e-09;1.00143e-08;3.90739e-09;2.80495e-09;2.83652e-09;1.40361e-09;1.37852e-09;3.46005e-10;3.35745e-10;1.07024e-09;7.35496e-10;2.17376e-11;4.82858e-09;1.68516e-08;7.02572e-09;6.40495e-09;1.26113e-08;7.8479e-08;4.89204e-10;3.02321e-09;2.14306e-09;3.61627e-09;3.86257e-10;1.69922e-09;5.53562e-10;1.96436e-11;5.06182e-10;1.48583e-09;1.64364e-09;4.20163e-09;1.99299e-09;5.32704e-09;3.15125e-09;2.48671e-08;1.51799e-12;7.99234e-10;5.35213e-09;8.25792e-10;1.84508e-07;1.21922e-09;3.62571e-09;2.70902e-08;1.01475e-08;1.68378e-09;1.78054e-09;4.39923e-10;5.15501e-09;1.68643e-08;3.05265e-09;7.88567e-12;1.48672e-10;2.44561e-12;7.49982e-10;1.89154e-12;3.31578e-09;1.60962e-09;2.54885e-08;1.89708e-08;1.82347e-09;6.15633e-06;7.29443e-08;5.96631e-08;3.08962e-09;2.25008e-11;2.06102e-10;8.4758e-11;1.04145e-08;8.23459e-11;2.95433e-10;1.36253e-06;1.33985e-08;1.8605e-09;7.47523e-09;2.67559e-09;7.58623e-09;4.65196e-09;8.16609e-10;5.68545e-10;4.00726e-09;5.19199e-11;1.43428e-08;5.31162e-09;3.3647e-08;9.35299e-08;1.90233e-08;4.52318e-08;7.59412e-09;3.26439e-09;5.36552e-09;3.58806e-11;1.56972e-09;1.27599e-07;5.18919e-10;2.63622e-10;1.42906e-09;5.42226e-09;2.20194e-09;1.2677e-08;3.97748e-11;7.49391e-09;1.95365e-09;2.36883e-09;9.29952e-11;9.97808e-12;1.26752e-09;8.47745e-10;2.3957e-10;3.14035e-10;3.2315e-10;6.34129e-10;5.2908e-09
9.58558e-08;2.99663e-06;5.02454e-08;2.5535e-07;3.01246e-08;3.36997e-06;1.0884e-07;3.59065e-08;1.35035e-06;1.33823e-07;8.38005e-09;6.23134e-07;3.21496e-09;2.97617e-08;7.32387e-08;9.20761e-09;5.57888e-08;2.16024e-08;2.57741e-09;2.09058e-07;1.0634e-07;5.40181e-08;2.42611e-07;9.21383e-07;2.35117e-06;1.49434e-06;4.71364e-08;4.63308e-09;2.96644e-10;2.36641e-09;7.55269e-09;7.162e-09;1.34985e-06;5.79706e-10;2.00678e-09;1.02339e-08;3.14203e-08;1.32139e-08;4.09362e-10;2.9795e-08;1.3605e-10;5.63263e-07;2.45565e-07;1.5531e-07;2.87092e-07;1.61618e-07;5.89779e-08;1.08295e-08;8.77523e-09;3.07701e-09;9.5168e-08;5.25941e-08;5.40705e-10;8.77817e-08;1.69112e-12;2.70014e-08;8.20386e-09;3.67722e-08;1.8033e-07;2.93992e-07;2.19689e-08;2.0406e-06;2.3936e-07;2.63492e-07;2.27564e-08;1.68992e-08;5.67881e-08;7.48047e-08;1.81733e-08;7.44645e-07;1.02261e-07;4.35122e-09;2.71406e-06;2.61992e-08;1.53162e-09;1.77664e-08;5.1384e-08;8.41342e-09;2.14988e-07;3.03188e-08;1.97505e-08;1.7115e-09;6.68563e-08;8.99668e-08;1.17113e-08;7.90514e-07;1.91728e-09;1.21585e-09;3.59739e-07;1.52578e-08;1.97983e-08;1.96444e-08;1.5744e-08;2.68899e-08;1.02359e-07;1.3364e-10;1.57072e-09;4.87962e-09;1.00587e-08;3.61447e-09;6.06433e-08;5.89083e-08;4.021e-07;2.88328e-05;9.80251e-09;3.51802e-08;4.40672e-08;1.53345e-08;5.13503e-08;6.51842e-08;1.14692e-07;1.97779e-08;4.25e-10;4.31358e-08;8.50083e-07;4.14288e-10;2.44764e-08;4.87523e-10;8.76754e-10;3.2032e-09;6.14257e-08;2.41129e-07;1.2675e-08;7.1259e-10;3.96397e-07;1.24528e-07;7.41905e-08;7.51651e-06;6.7902e-08;1.51468e-10;1.33861e-08;3.72666e-08;3.84356e-08;6.58757e-07;2.89968e-08;7.31658e-10;2.21212e-08;1.79186e-07;7.33612e-08;3.74011e-08;9.87357e-07;6.90816e-09;1.24561e-08;3.87812e-08;1.73274e-08;9.5956e-07;6.63761e-09;8.84665e-08;1.6605e-08;8.56843e-09;1.48495e-08;2.89282e-09;2.29238e-07;4.06978e-09;9.45698e-09;9.95156e-09;5.47709e-09;3.39574e-07;7.37967e-09;1.01477e-08;1.47432e-08;2.44337e-08;4.83706e-10;2.50506e-09;5.26814e-10;3.69621e-11;7.51095e-10;1.46226e-08;5.76639e-09;3.09249e-08;6.39647e-08;1.44916e-07;2.78555e-08;1.61999e-08;1.19727e-07;3.52311e-08;5.43065e-09;1.01839e-09;4.00281e-08;4.86822e-09;6.62184e-08;3.93984e-07;3.62086e-07;1.86575e-08;6.48149e-07;1.38791e-10;1.87561e-08;1.7833e-09;1.79594e-07;2.17013e-08;1.13014e-07;4.35084e-08;1.00103e-06;1.60392e-06;1.39959e-06;1.64734e-06;2.10734e-09;5.4432e-08;1.44029e-08;8.57207e-07;6.0252e-08;7.05247e-08;1.78186e-07;1.17094e-07;2.74608e-06;3.91264e-06;1.5611e-07;5.35742e-08;1.30148e-08;2.39496e-08;2.7665e-07;4.76503e-08;1.06156e-06;3.79553e-08;1.25651e-07;5.72146e-06;2.00349e-06;7.62106e-07;4.32305e-07;2.6564e-06;5.06658e-08;1.12403e-07;1.6576e-07;1.94231e-07;6.41505e-08;1.0446e-07;2.09444e-07;5.87865e-08;4.54156e-07;3.76135e-07;3.53679e-08;4.7105e-08;2.46109e-08;5.80671e-07;7.44225e-08;1.15264e-09;2.98687e-06;2.65869e-11;6.15747e-10;6.65457e-08;2.21922e-08;1.95023e-08;1.4017e-06;3.78226e-09;4.26782e-08;7.60258e-10;1.70927e-08;4.19373e-08;1.1886e-10;9.06839e-09;4.86864e-10;1.07015e-10;1.02159e-09;3.72691e-08;2.50657e-08;1.24436e-09;1.32265e-08;6.95478e-08;1.42647e-08;1.03262e-07;3.33406e-07;4.11572e-07;4.53018e-07;1.09777e-06;3.76915e-09;7.61283e-10;1.59448e-08;5.85161e-08;6.38521e-08;4.32825e-08;6.84357e-07;1.35221e-08;2.08205e-10;2.74424e-09;1.15573e-08;8.84732e-10;8.83464e-12;5.17422e-07;1.89987e-11;6.13503e-12;2.6142e-08;3.44683e-09;1.07577e-07;1.35667e-09;2.06679e-08;9.20715e-08;1.34865e-08;9.40867e-09;5.68735e-08;5.59919e-09;1.47628e-09;3.20229e-08;1.54536e-10;2.83954e-09;1.57748e-08;2.28692e-07;3.50613e-08;1.70078e-07;7.02858e-08;1.88463e-08;4.12561e-08;3.01821e-10;4.61482e-08;1.93501e-07;5.19467e-10;2.40281e-06;3.86523e-09;1.54787e-09;1.97496e-08;1.07006e-07;4.82396e-11;5.43883e-08;1.12429e-08;9.42035e-07;8.461e-06;0.000324045;1.63927e-05;0.000222756;0.998883;0.000346989;4.75999e-05;2.72557e-05;4.9134e-06;3.04164e-09;4.45148e-08;1.19903e-07;5.59842e-09;1.76724e-07;7.94572e-09;1.10333e-08;6.09823e-08;3.50976e-07;1.99566e-07;4.07537e-09;6.21418e-08;1.05851e-07;1.01062e-06;1.73133e-07;3.89814e-08;7.96893e-07;2.26639e-09;4.45146e-07;5.41108e-09;2.97006e-09;6.81216e-08;4.06038e-08;1.08436e-08;3.14872e-08;1.89813e-08
6.33534e-06;6.76036e-05;9.23317e-06;2.16488e-06;5.54469e-09;1.92638e-05;2.11094e-07;1.10061e-06;2.62581e-06;7.84756e-07;5.06108e-08;9.99856e-06;2.47809e-09;5.55385e-08;1.4878e-07;3.27482e-07;4.85866e-07;4.55601e-08;3.38615e-10;8.96372e-08;1.48223e-06;2.24819e-08;4.05848e-07;1.77089e-08;1.04816e-06;1.7951e-08;1.07057e-09;1.02548e-07;4.42889e-08;1.65006e-05;2.04481e-06;1.77665e-06;5.41368e-05;2.10831e-09;5.70401e-09;1.23501e-07;7.50549e-08;5.65537e-08;2.11616e-10;1.0334e-06;9.87074e-09;9.36842e-07;1.66855e-06;4.95912e-08;7.86086e-07;3.41365e-08;1.89406e-08;1.06249e-08;8.56848e-07;6.02257e-08;6.93225e-08;1.98026e-06;2.00089e-09;8.33021e-09;4.28738e-11;1.46109e-07;5.469e-09;1.63529e-07;8.60991e-07;2.53369e-06;8.59768e-07;5.98845e-06;4.01353e-07;7.60771e-08;3.18137e-08;9.03546e-08;1.73976e-07;2.99449e-07;1.0592e-07;6.08465e-06;1.12307e-07;1.43049e-10;3.91141e-05;5.37262e-10;3.75883e-10;4.93554e-08;7.33668e-08;2.07511e-09;1.29728e-06;8.79383e-09;7.19665e-08;4.41831e-09;5.26874e-07;5.66549e-07;2.2286e-08;2.9967e-06;6.6792e-09;1.62764e-09;1.53143e-07;2.67193e-08;1.97965e-08;2.16712e-07;6.02183e-08;4.58298e-07;1.06127e-06;1.42649e-09;1.65874e-08;2.53296e-08;1.46218e-07;9.70624e-09;1.46044e-06;3.46421e-06;2.05983e-07;1.43593e-05;2.57309e-09;8.62261e-09;1.3188e-08;8.13574e-08;1.40394e-07;1.39217e-09;3.45457e-08;2.89949e-09;1.98856e-08;3.794e-08;1.0039e-06;1.71906e-09;4.02304e-05;5.21922e-08;1.87615e-08;6.02309e-08;1.25393e-07;3.10275e-08;7.30889e-08;5.89414e-10;7.23309e-06;4.39366e-07;3.48548e-08;8.70153e-06;1.69219e-08;2.67782e-11;7.75472e-08;5.22541e-07;1.77105e-07;1.42635e-09;5.57444e-08;6.39684e-10;7.95994e-07;2.44704e-05;3.32932e-06;0.000245026;0.00027844;1.02522e-07;6.23117e-07;6.57471e-08;5.91864e-08;9.277e-06;6.39978e-09;1.06144e-07;4.67681e-08;2.48967e-07;4.89218e-08;2.14753e-07;0.000107515;3.24856e-07;3.281e-08;2.22937e-08;1.02579e-09;9.39395e-07;1.3052e-08;3.08913e-08;5.36384e-08;2.19331e-06;6.40982e-06;8.99313e-07;1.53018e-08;2.05496e-08;3.53572e-08;5.12755e-08;3.57637e-08;7.14785e-08;9.29014e-08;3.5601e-07;7.45168e-08;1.4983e-07;7.54167e-06;5.4798e-09;5.23042e-09;6.00023e-10;2.6023e-07;3.12884e-08;1.36749e-07;5.43677e-05;4.42053e-07;2.05826e-07;6.89672e-07;1.01275e-08;1.58404e-07;1.39096e-09;2.07027e-06;7.42458e-08;3.82668e-07;1.44322e-08;2.79006e-06;1.52108e-06;1.33836e-08;4.12502e-06;2.12359e-09;2.57037e-09;1.07655e-08;2.85505e-06;6.59471e-09;3.21325e-07;3.09426e-06;1.43833e-07;1.2144e-06;1.73778e-05;1.15367e-07;2.86278e-07;7.16667e-08;3.20447e-07;7.14449e-08;4.00646e-08;1.30346e-07;1.40992e-07;1.73833e-08;8.20003e-07;1.00423e-06;6.14327e-09;9.97313e-07;2.87317e-08;3.82579e-10;1.51165e-07;9.02469e-08;7.20855e-07;2.10175e-07;1.48183e-07;3.70035e-07;1.97312e-06;3.09067e-05;4.65757e-06;1.27869e-08;3.34753e-09;1.4494e-07;5.81822e-06;7.44532e-07;1.0464e-06;3.36181e-06;5.38546e-08;5.1607e-08;2.46506e-07;1.039e-07;1.71259e-08;1.01485e-05;4.12022e-08;5.59569e-08;1.66052e-08;2.07956e-06;6.43271e-08;3.45107e-10;3.35258e-07;3.53769e-11;6.65729e-11;3.31317e-09;1.94382e-07;5.77856e-08;4.47158e-10;1.99427e-07;3.15245e-09;2.99578e-08;3.63769e-08;1.27712e-06;5.92024e-07;2.66092e-07;1.41223e-08;4.63821e-07;7.96132e-09;1.88297e-07;7.34051e-08;1.11457e-07;2.156e-09;2.01741e-06;6.55797e-09;2.9916e-13;5.35182e-09;1.06471e-06;5.36138e-07;5.27899e-10;0.00020172;1.54675e-11;1.83526e-10;6.20668e-08;1.79391e-07;3.10381e-07;9.18251e-11;4.90842e-07;9.81544e-09;5.86618e-09;4.6031e-11;6.26732e-07;1.15517e-08;1.60383e-09;2.24927e-08;1.81825e-10;1.46482e-06;4.93255e-09;1.77129e-07;1.25255e-07;1.48086e-09;3.54041e-07;8.45901e-09;9.26185e-07;1.0561e-06;0.000232833;0.000524142;6.3329e-05;0.99718;0.000240225;4.33212e-06;1.58282e-06;3.03545e-05;0.000159559;0.000107147;1.12825e-05;6.48567e-08;2.01491e-08;7.25134e-07;2.01425e-07;1.34455e-08;9.04599e-06;1.03586e-09;8.90707e-08;4.67951e-08;3.00107e-08;4.57124e-09;5.24691e-07;2.48502e-06;9.38971e-09;4.30628e-06;5.52256e-08;1.65293e-11;1.03241e-07;3.80096e-06;5.33702e-07;9.31796e-10;1.57608e-07;2.4471e-07;1.62138e-08;2.51648e-10;3.22173e-08;2.30063e-06;1.66717e-07;4.90726e-06;4.47899e-09;2.85694e-12;5.14531e-09;1.00941e-06;3.38979e-08;1.41625e-08;4.57258e-09
3.09319e-07;9.48426e-08;1.97669e-08;2.83293e-09;3.35422e-09;1.24251e-08;1.25129e-09;1.10217e-07;4.95085e-09;7.6933e-09;6.35126e-08;4.56303e-09;5.14055e-09;1.82235e-08;3.60189e-08;1.41281e-07;6.10622e-07;7.453e-09;9.04351e-08;4.73422e-09;6.66676e-09;2.77589e-09;1.29179e-08;2.44287e-08;4.57214e-09;2.78666e-09;1.76306e-08;1.48425e-08;7.5975e-09;1.57177e-08;4.65241e-09;2.15807e-08;3.58602e-08;6.0196e-09;7.19689e-09;6.6065e-09;7.42319e-09;2.98441e-09;4.23096e-08;7.18062e-09;4.199e-08;1.04852e-07;2.6789e-08;2.02465e-09;1.95568e-09;4.65039e-08;2.41895e-09;2.2582e-09;1.34814e-08;1.77544e-09;7.22941e-09;3.19654e-09;3.43614e-12;9.69121e-09;3.59791e-11;3.94501e-09;7.42643e-10;1.73909e-08;4.01993e-08;6.02315e-09;1.04789e-08;7.35327e-08;4.9362e-09;4.52529e-09;5.23795e-09;3.50241e-08;1.05249e-08;1.16655e-08;8.27795e-09;3.69908e-08;6.7309e-09;1.81132e-09;5.27487e-07;1.23962e-10;2.55827e-08;7.13838e-09;8.7145e-09;2.76641e-08;3.32346e-08;1.36023e-08;2.11929e-08;1.29256e-08;3.32645e-08;5.7105e-09;2.47529e-06;2.08838e-07;2.71504e-10;3.75698e-08;7.03312e-09;1.00276e-08;1.83476e-08;2.28538e-08;2.47217e-08;1.44032e-09;5.50234e-09;2.40742e-08;8.45666e-08;1.1089e-07;2.82619e-07;8.96543e-10;5.37383e-09;7.98352e-10;5.41011e-08;6.34506e-09;5.04641e-10;3.8936e-08;2.7459e-09;3.74486e-09;5.85162e-09;1.85562e-08;1.5753e-09;1.74058e-10;8.01921e-09;6.18873e-09;3.87573e-09;9.09991e-09;1.29244e-08;4.70551e-08;3.54872e-09;3.12918e-09;7.23016e-09;9.21274e-09;6.0866e-08;1.64304e-08;2.32634e-08;5.58938e-08;1.22116e-07;2.60552e-06;2.46282e-10;3.33557e-08;6.30202e-08;1.03565e-07;1.23633e-07;1.26301e-08;8.37307e-10;1.95102e-09;2.55407e-08;2.3868e-07;1.0682e-08;7.94851e-09;5.721e-08;3.60064e-08;4.13539e-09;6.02126e-09;3.81125e-08;9.24715e-08;6.48668e-08;2.00125e-08;1.07741e-08;4.02701e-08;7.55092e-09;7.49476e-08;9.83065e-07;2.98393e-09;2.78939e-08;6.65319e-09;9.9749e-10;1.07706e-09;2.64376e-08;3.77022e-08;6.48835e-09;1.07224e-07;8.00665e-06;1.6804e-07;1.54441e-09;3.85815e-08;2.10171e-08;1.71652e-08;3.15042e-08;4.24836e-09;1.91179e-08;6.27852e-08;1.2118e-08;8.62412e-08;2.56828e-07;5.28937e-09;1.75177e-07;1.13759e-09;1.56852e-08;7.05614e-08;1.32503e-08;2.28614e-08;3.11056e-09;2.12227e-09;1.82119e-08;1.07954e-09;8.19965e-09;1.4666e-08;1.91728e-08;6.22977e-09;2.47496e-07;1.01603e-08;2.26087e-08;5.17339e-09;1.15821e-07;2.05984e-08;6.22169e-10;3.06908e-07;4.68206e-09;8.53262e-09;1.31431e-09;2.49034e-08;5.67688e-08;8.30752e-09;2.63384e-06;8.15174e-07;5.34259e-08;3.20834e-07;4.63087e-08;2.95123e-08;5.00093e-08;1.51284e-08;1.06895e-08;3.20168e-08;2.08518e-09;8.08898e-09;2.29294e-09;4.12568e-08;7.20835e-09;1.58634e-10;5.08695e-08;9.59748e-09;1.01021e-07;1.42109e-08;2.02524e-08;3.44674e-08;7.14645e-08;2.83679e-08;5.7836e-07;3.23021e-07;1.26278e-08;2.71173e-07;4.26617e-09;8.38083e-09;7.25711e-10;3.78699e-09;1.84379e-09;1.57808e-11;1.18657e-07;1.70755e-08;6.8714e-09;1.21467e-08;1.80012e-08;8.03748e-08;8.73894e-09;3.49071e-08;2.02269e-07;6.09125e-09;1.30813e-07;6.60856e-07;4.92405e-10;9.62609e-09;1.30467e-08;3.48778e-08;5.51812e-09;1.05783e-08;4.5877e-09;6.24164e-10;1.24878e-08;3.08491e-09;3.58357e-09;1.66142e-09;1.03247e-09;3.2279e-09;2.54412e-09;1.42432e-07;3.29165e-08;3.36177e-09;1.53525e-09;9.60776e-09;1.62653e-08;3.14424e-08;2.50294e-09;5.76122e-11;6.12476e-10;9.59972e-11;3.47713e-08;7.12665e-11;2.22005e-07;5.47694e-11;1.16638e-08;1.1439e-08;6.73133e-09;6.21815e-10;3.36217e-09;3.28319e-10;1.7254e-09;2.98187e-10;8.43339e-10;1.55814e-10;1.0653e-07;6.66718e-06;1.21813e-09;1.1179e-10;1.41424e-09;1.25887e-08;1.72584e-08;1.9258e-09;6.8432e-09;2.64044e-10;4.13324e-09;2.1285e-09;1.85996e-08;2.12199e-09;8.85508e-09;1.44034e-07;2.031e-10;2.34667e-10;1.23589e-08;8.16001e-09;8.77449e-10;5.07619e-10;2.85799e-11;8.78374e-09;9.94355e-09;1.50929e-08;1.10604e-08;8.19647e-11;2.13045e-08;2.13245e-12;4.66779e-07;4.49333e-08;1.56237e-07;0.845476;6.70809e-06;4.88966e-06;0.154317;1.82923e-05;3.00798e-05;2.58117e-05;2.62064e-06;1.13595e-05;4.98162e-06;2.97769e-05;1.67204e-06;3.23483e-05;7.24888e-10;4.41971e-09;2.52749e-08;4.3761e-08;1.19238e-07;7.23046e-08;3.9099e-10;8.41291e-07;1.03019e-09;4.00051e-08;2.44432e-09;6.66923e-08;1.82449e-09
1.72409e-07;2.74476e-07;3.33983e-07;9.66236e-08;1.17934e-06;3.84052e-07;2.08111e-08;2.39002e-08;8.60846e-09;1.69149e-08;1.02138e-09;2.49881e-09;4.02115e-09;7.388e-09;2.23395e-08;2.86388e-08;8.01572e-08;9.46841e-09;1.01772e-08;4.73251e-09;2.74992e-09;2.69668e-08;2.71071e-08;3.12041e-08;5.20885e-08;3.05599e-08;6.15296e-09;4.30701e-09;2.08947e-08;4.58587e-08;8.99639e-09;5.4139e-09;1.13666e-07;4.52116e-08;3.5294e-10;1.94874e-08;1.85664e-08;9.22158e-09;1.49708e-08;1.1587e-07;1.68068e-09;7.5385e-08;6.8464e-08;5.05843e-09;1.18326e-07;9.46693e-08;1.26413e-08;2.18181e-07;3.07395e-07;2.2853e-08;6.04611e-09;4.68469e-08;8.92404e-06;3.80072e-08;1.80128e-09;1.31845e-07;3.81126e-08;1.86898e-08;1.70928e-08;9.54257e-09;1.17944e-08;1.68427e-08;4.31645e-09;6.31178e-10;5.51482e-09;1.34406e-09;3.62086e-09;8.84582e-09;3.48388e-08;2.6628e-07;5.36995e-08;1.02995e-09;7.91849e-09;5.23143e-09;1.83756e-09;9.60322e-09;1.60227e-08;5.81054e-09;5.63657e-09;3.21955e-09;4.93993e-08;3.80446e-08;1.58914e-06;3.37325e-07;1.25098e-10;5.32648e-07;3.80066e-09;2.60085e-09;1.23577e-08;7.82947e-09;2.15525e-08;1.39334e-08;9.41718e-09;2.28738e-09;4.29664e-09;2.68476e-09;4.71138e-12;5.98257e-10;1.13585e-08;2.29888e-09;5.81351e-09;2.96347e-08;5.81119e-09;2.36937e-08;3.30118e-09;2.06792e-09;1.86087e-08;6.42656e-09;1.38605e-08;1.0776e-08;4.81037e-07;1.77516e-09;3.54345e-08;9.90008e-09;2.78019e-08;5.17409e-09;9.12652e-08;2.51097e-08;1.17304e-09;1.99484e-09;6.96011e-09;8.7221e-10;8.14004e-07;0.00023787;0.00123535;2.62222e-06;0.968186;0.0207864;0.00923697;0.000186134;2.60704e-06;6.14561e-06;1.67879e-06;6.11282e-06;4.71133e-05;1.12054e-06;7.5956e-08;1.88859e-07;6.87817e-08;2.13127e-07;5.92365e-08;4.37942e-08;8.74238e-08;2.41847e-08;1.39142e-09;3.68554e-08;3.49908e-09;2.1321e-08;4.67849e-08;2.44977e-08;4.48953e-09;1.28593e-08;5.99739e-06;5.46308e-08;1.14112e-10;8.99529e-09;4.98073e-10;2.06199e-08;3.92481e-09;2.20736e-08;4.18426e-09;2.279e-07;2.42037e-08;2.27074e-07;7.1286e-08;2.94891e-09;5.55645e-10;9.47071e-08;3.66902e-09;1.15398e-08;6.37177e-08;8.29846e-08;6.32598e-08;2.66435e-08;3.44004e-08;2.49465e-09;2.27722e-08;4.20793e-09;5.81441e-09;5.54396e-09;1.82199e-08;6.35529e-08;3.32676e-09;5.21222e-08;2.31701e-06;2.40841e-08;1.36633e-09;2.70762e-09;6.77212e-09;1.4136e-08;2.87527e-07;6.31563e-07;3.89942e-07;2.55583e-07;2.35502e-07;1.24783e-06;4.9655e-09;1.27666e-08;1.62498e-09;3.68898e-08;1.34136e-08;1.27528e-07;3.88687e-07;1.99903e-07;1.11922e-06;6.60759e-07;3.25036e-06;1.00626e-07;5.30243e-08;1.2532e-08;4.28081e-08;2.37923e-08;1.78589e-08;2.34794e-08;2.43704e-08;1.36965e-08;6.52641e-08;2.45787e-08;1.40705e-08;5.15525e-08;2.2388e-10;9.10737e-09;6.03257e-08;3.2403e-08;1.03224e-08;8.18003e-08;9.16282e-08;4.30068e-08;9.72116e-10;1.95115e-08;8.15118e-09;1.53808e-10;1.57113e-07;8.00185e-08;3.49151e-07;6.44612e-09;7.53338e-09;4.99789e-09;3.11028e-09;1.38414e-07;1.93483e-08;1.23233e-07;3.75309e-08;2.22827e-07;9.71789e-09;2.45202e-08;7.2143e-08;6.8062e-09;4.29191e-07;6.65536e-09;2.33791e-07;1.00144e-08;9.38195e-09;1.20301e-08;3.60003e-08;2.77759e-09;1.48206e-08;2.94451e-09;1.36626e-08;1.85276e-08;8.1301e-08;1.34564e-08;7.68299e-08;1.02598e-10;1.59626e-08;2.2875e-09;2.63374e-08;9.12207e-09;4.96663e-09;9.55933e-09;2.25278e-08;3.54802e-08;3.26852e-14;1.2384e-09;8.88871e-08;3.88327e-09;1.71967e-05;1.87343e-08;2.50598e-06;5.19421e-11;8.73441e-09;7.07163e-09;8.2075e-09;1.52162e-09;1.14594e-08;1.52762e-08;1.20018e-09;1.83542e-09;1.58631e-09;7.62488e-10;1.52637e-08;8.10923e-08;2.81793e-10;4.51272e-11;2.81557e-08;2.81528e-08;1.06886e-08;7.11592e-10;3.16496e-08;5.27089e-10;1.37645e-08;7.78676e-08;8.08833e-08;3.22983e-08;2.76579e-06;1.64222e-07;1.26287e-07;7.2921e-11;2.22096e-08;5.49058e-08;7.27619e-11;4.83438e-09;4.24219e-09;5.17589e-09;1.27788e-07;3.06106e-08;1.63111e-08;5.48177e-09;6.80073e-10;3.69472e-10;9.51346e-10;1.15662e-08;8.79877e-09;4.40959e-09;1.85872e-07;1.22769e-08;7.69865e-10;3.96898e-08;1.04422e-09;2.71435e-10;3.25704e-08;7.43267e-09;2.67576e-08;2.98543e-09;5.096e-08;2.31688e-08;5.49562e-07;3.09119e-11;7.64758e-09;2.42369e-08;7.77374e-11;1.53531e-09;4.71914e-09;3.43066e-10;4.49168e-09;1.05434e-08;8.11919e-10;8.10933e-11;1.4974e-07
2.14655e-07;4.68189e-07;5.67408e-07;1.34918e-08;4.92868e-08;2.03893e-06;5.22185e-08;4.7317e-08;4.50269e-07;5.00812e-07;1.09147e-07;1.62189e-05;1.5433e-08;8.84555e-08;3.17959e-07;3.46746e-07;3.4146e-06;2.83638e-08;6.62672e-06;6.37972e-07;4.93686e-07;4.48288e-08;4.94732e-07;7.75533e-07;5.55291e-07;7.44192e-07;2.30492e-08;4.76442e-07;2.05774e-09;2.54546e-08;7.90893e-09;3.22262e-09;8.21962e-11;1.05008e-09;5.86684e-11;3.38783e-08;2.08321e-07;2.54167e-08;2.06497e-08;4.03457e-08;1.29866e-08;1.50399e-06;1.4608e-07;2.0596e-07;3.87499e-08;3.04876e-08;1.96801e-08;2.31699e-08;2.97429e-07;7.5327e-09;1.88296e-09;5.56923e-08;9.37914e-12;5.93473e-08;1.19409e-10;2.19222e-07;1.0669e-08;4.17625e-08;5.33578e-07;7.96676e-08;5.82086e-08;1.01202e-05;2.61504e-08;4.82195e-08;7.80687e-08;8.36685e-08;3.45698e-08;3.69239e-08;7.28756e-08;1.76403e-06;3.92602e-07;5.09799e-08;1.46292e-07;1.14056e-08;4.19064e-08;4.21123e-08;1.06781e-07;2.23092e-07;1.91885e-08;1.23504e-07;3.03654e-07;1.19943e-07;7.85474e-07;1.08253e-07;5.8083e-09;9.4243e-10;8.76059e-09;8.15199e-07;5.86905e-08;1.80104e-08;4.25179e-08;1.50058e-08;3.59231e-08;1.61976e-08;5.47032e-09;6.28602e-09;1.77507e-08;1.63598e-08;2.62499e-09;7.94856e-08;9.98566e-06;3.72679e-08;1.9095e-07;1.1459e-08;5.07638e-09;1.86637e-08;7.72231e-08;4.60334e-08;5.29041e-08;1.06655e-07;3.8373e-09;6.71225e-09;1.62298e-08;3.25311e-08;7.82772e-07;1.27639e-08;7.10401e-09;2.21952e-07;9.39626e-09;1.57975e-08;2.88367e-08;4.247e-09;2.01654e-08;1.00456e-08;4.51645e-08;7.79477e-08;4.75396e-08;3.75579e-09;3.96715e-09;1.85509e-10;1.27311e-07;3.34489e-08;1.79228e-07;7.92865e-08;3.35689e-09;1.51966e-06;7.57088e-09;2.6078e-08;3.0471e-08;5.03405e-09;6.22218e-09;6.11508e-09;8.21627e-09;1.4585e-08;1.7469e-09;5.76957e-09;1.57186e-08;2.94048e-08;3.58308e-08;1.91953e-08;5.83823e-08;4.51738e-10;1.23245e-06;9.78406e-10;6.12296e-10;3.07903e-08;5.13693e-09;3.03008e-09;8.83474e-09;8.89411e-08;2.85694e-08;6.55936e-07;1.15357e-09;3.2691e-09;1.62858e-09;7.19385e-09;7.90358e-09;2.8988e-08;6.76137e-08;1.43931e-08;9.07029e-08;3.36312e-07;9.54509e-08;9.7096e-08;4.79741e-08;2.60455e-08;3.80961e-08;2.8751e-09;1.65941e-08;1.74774e-08;4.66115e-07;2.56023e-06;1.57083e-08;4.59544e-07;5.03138e-08;3.07125e-08;4.02553e-07;5.70717e-08;5.00606e-09;9.8413e-08;1.4057e-08;1.32615e-07;3.20136e-07;1.69889e-06;4.82126e-08;1.35213e-07;2.72614e-08;1.93787e-06;1.17368e-08;6.64244e-08;3.29972e-08;5.17037e-07;3.23064e-07;4.18514e-07;6.10356e-06;8.70675e-07;7.41398e-07;1.75577e-06;1.09627e-07;9.16887e-08;5.60983e-07;1.44272e-07;5.59848e-07;1.79618e-08;1.97285e-08;1.42597e-07;3.64019e-07;6.91259e-08;9.8398e-09;1.72362e-08;2.09531e-07;5.97624e-08;1.72386e-07;5.79853e-08;2.5603e-08;1.60871e-07;1.55868e-07;6.74557e-08;3.60873e-07;4.69276e-08;1.68614e-07;1.92137e-08;2.65954e-07;4.57859e-07;8.62641e-07;7.06744e-09;6.17185e-09;2.38783e-09;8.38763e-10;6.29021e-08;6.8071e-08;2.01739e-07;5.03259e-08;9.44038e-08;6.01103e-08;1.12646e-07;3.75946e-07;1.4775e-07;1.80481e-09;1.21934e-08;4.82658e-09;1.68399e-09;2.14273e-08;3.49875e-07;1.83929e-07;4.35924e-09;1.57765e-09;2.31437e-09;7.53887e-08;7.40742e-07;2.98232e-06;1.64314e-06;2.30605e-06;6.16146e-05;7.84893e-08;1.9299e-07;1.47614e-07;8.96222e-08;1.60196e-06;4.20812e-07;1.7929e-07;1.47522e-06;3.7112e-12;2.49762e-09;4.44078e-07;5.76428e-09;7.93634e-09;9.16425e-10;1.45927e-07;1.11326e-08;1.46164e-07;9.39812e-08;1.48569e-07;2.26457e-09;7.22391e-09;8.47606e-09;1.97192e-07;3.43339e-09;2.38036e-08;2.49659e-08;2.30206e-08;3.24982e-08;1.14853e-08;3.46714e-08;4.11064e-07;7.21474e-08;5.35307e-08;2.17534e-07;5.6247e-07;6.87343e-08;4.8867e-08;1.75775e-10;4.14777e-07;2.63397e-08;1.12792e-07;1.25816e-08;3.31835e-10;9.87259e-11;9.31338e-08;2.74395e-08;4.02831e-07;3.28383e-09;7.30771e-11;1.96959e-06;8.84982e-05;0.000194247;5.35561e-05;0.000678346;0.996117;0.0021515;0.000444204;4.25531e-05;4.48686e-05;2.85374e-09;3.20272e-07;1.37306e-07;1.74694e-07;6.19104e-09;8.23808e-08;7.97156e-07;1.47039e-07;4.13518e-07;1.7875e-07;7.29474e-08;2.63165e-07;1.62658e-08;1.77248e-06;6.14846e-07;1.50303e-07;1.42025e-07;1.29372e-09;6.35572e-09;8.3202e-09;1.09726e-08;2.37951e-07;4.44802e-07;2.35395e-07;3.82056e-07;3.44462e-07
5.14733e-10;1.29244e-10;1.24167e-10;8.34798e-11;1.96602e-10;1.34042e-10;4.51179e-11;3.03477e-10;4.00114e-10;1.613e-10;2.63819e-12;9.82672e-11;9.11185e-12;2.12508e-10;4.1505e-10;4.81145e-10;1.3259e-08;5.1569e-11;4.46351e-10;2.71192e-10;1.88596e-11;1.00598e-11;7.80059e-11;2.6284e-10;1.75833e-11;4.03357e-11;1.1453e-11;9.22222e-09;1.20022e-11;1.72986e-10;1.66111e-09;1.22577e-11;1.945e-12;3.23774e-11;1.09602e-11;4.74145e-11;6.72864e-11;6.60023e-11;8.86052e-13;1.63329e-12;1.53571e-10;2.59794e-09;4.26973e-09;1.59775e-10;5.02529e-11;3.50568e-11;4.34693e-11;1.40466e-11;7.04149e-10;5.27322e-10;4.73311e-11;4.53404e-11;1.26202e-10;2.26128e-10;2.74908e-13;1.7533e-10;3.66009e-11;8.24111e-11;3.7073e-10;9.15292e-10;5.6691e-10;1.78935e-10;1.03827e-08;6.18272e-11;5.40473e-11;4.79393e-11;7.48529e-11;1.21101e-10;1.61767e-11;8.61759e-10;4.40783e-10;6.53937e-12;4.3056e-12;5.00269e-11;6.47276e-12;3.55012e-11;1.10639e-10;7.81482e-11;4.46907e-11;5.33079e-11;8.29354e-11;7.0717e-12;1.28491e-09;9.9919e-11;1.18355e-10;1.49716e-11;5.45856e-10;1.95018e-11;2.94663e-11;4.14177e-11;5.94952e-11;2.11999e-10;8.06407e-11;9.08306e-10;2.94839e-10;2.23829e-10;4.46922e-10;4.90456e-11;4.17499e-11;6.76432e-10;7.3351e-10;1.58258e-09;4.61197e-11;1.92255e-11;2.75148e-09;3.75726e-10;2.19556e-11;1.3467e-10;2.14188e-10;1.52677e-13;4.2596e-12;7.35818e-10;7.51467e-12;7.22152e-11;6.1694e-10;9.62155e-11;2.37818e-11;1.91073e-08;6.25025e-10;9.51275e-11;1.56128e-11;1.10369e-11;1.21657e-10;1.35618e-11;7.15476e-10;1.08085e-09;1.26395e-10;2.31588e-11;1.43984e-11;3.31079e-11;8.0804e-12;1.97999e-11;2.39315e-10;1.39644e-12;2.30964e-12;4.32873e-11;1.00758e-10;1.15549e-09;9.13404e-10;1.85045e-09;1.92086e-09;1.4129e-10;2.19307e-10;2.17256e-11;4.37927e-09;1.00885e-10;2.25208e-10;6.21814e-11;1.3011e-10;6.50737e-10;2.57106e-10;4.14508e-09;5.377e-12;5.43671e-11;5.97567e-12;3.11818e-11;4.58985e-12;3.61442e-11;4.44498e-11;7.07213e-11;6.46125e-11;1.75085e-10;1.11904e-10;2.78199e-11;1.15148e-09;3.07008e-10;2.43179e-11;2.57505e-11;3.24132e-11;7.30647e-11;8.16591e-11;3.00717e-10;3.40496e-10;1.52224e-10;2.24764e-11;1.30485e-10;2.08526e-11;1.2648e-10;5.44976e-11;5.2222e-10;1.79771e-11;1.15503e-09;9.44368e-10;5.20845e-11;4.75806e-12;3.19433e-11;7.75628e-11;1.8413e-10;2.69149e-11;1.01308e-10;9.96228e-11;6.67991e-11;7.24156e-10;2.05438e-08;2.62316e-10;6.92791e-11;9.51122e-11;1.63662e-11;7.73583e-10;1.83158e-10;1.6389e-10;1.28619e-11;2.54977e-11;4.59557e-11;1.59869e-11;1.05501e-12;1.67804e-11;6.37115e-11;7.8575e-12;8.74722e-11;1.01406e-12;8.89486e-12;2.9197e-11;6.77555e-11;4.1959e-11;1.51412e-10;3.01048e-09;2.41962e-11;1.541e-10;6.26924e-10;4.43442e-12;6.84419e-11;3.81671e-11;5.12489e-11;6.70361e-11;7.95526e-11;1.47807e-09;4.31049e-10;2.40593e-08;2.22996e-09;5.10764e-09;1.25358e-10;3.29959e-11;1.00486e-09;2.79341e-10;7.56991e-10;5.20171e-11;6.21624e-09;6.96225e-11;1.52235e-10;5.95019e-11;1.8617e-09;2.75432e-10;5.24324e-09;8.53676e-11;6.86724e-11;6.10773e-10;3.78265e-10;6.58951e-11;1.77073e-10;6.28406e-11;5.69995e-11;2.48191e-11;1.54449e-10;8.2591e-11;1.30902e-11;1.40319e-10;5.7417e-10;1.15676e-10;5.12753e-11;1.31727e-09;8.17885e-10;4.3554e-09;6.75762e-13;1.58586e-09;5.47974e-12;2.41943e-11;7.25925e-11;7.83014e-10;6.61993e-10;8.78718e-11;9.31806e-11;8.00849e-15;8.28922e-12;8.505e-10;5.93495e-10;2.12653e-11;4.62877e-13;2.04444e-09;2.0806e-08;1.40408e-10;2.16216e-09;4.36914e-09;4.07179e-13;1.3993e-10;2.16909e-10;5.97461e-09;4.6592e-10;4.18013e-07;4.05501e-07;9.23024e-06;7.19685e-06;8.36886e-09;0.999982;2.48681e-09;3.68918e-09;9.70955e-09;1.8748e-07;1.84511e-07;1.48963e-07;1.49536e-10;2.395e-12;6.74448e-10;2.01976e-10;1.49607e-12;5.32447e-12;1.3021e-11;1.27411e-09;2.14634e-11;6.30357e-11;1.23216e-10;3.0296e-12;6.12245e-09;1.08757e-09;8.53342e-11;1.92501e-09;4.64481e-10;7.92314e-11;3.21761e-11;2.96316e-11;4.69993e-12;2.64986e-11;4.41237e-11;1.21407e-15;2.71257e-10;8.3751e-10;2.0177e-08;1.37669e-11;3.4388e-10;2.97774e-10;5.84654e-11;4.85638e-10;8.99251e-11;4.4662e-12;1.07043e-10;1.09602e-10;4.7182e-09;2.72463e-11;6.44502e-11;4.11311e-10;7.18645e-11;3.00598e-11;3.25291e-10;3.65658e-11;1.6755e-11;1.07501e-09;3.80713e-10;8.94819e-11;5.93916e-12
2.62939e-08;5.29567e-10;4.754e-10;3.49349e-10;7.15896e-11;3.05756e-10;8.02358e-10;5.06637e-09;4.0232e-10;3.79502e-10;4.36595e-11;1.46218e-07;5.25896e-12;1.68599e-10;3.04944e-10;1.89751e-09;5.42611e-10;1.49453e-10;7.24509e-11;3.96723e-10;1.12023e-08;5.40976e-11;5.39325e-10;3.03539e-08;4.12138e-09;1.11166e-09;3.09453e-09;1.17745e-10;1.60542e-11;4.32554e-11;1.69265e-10;1.08787e-11;2.69267e-10;2.21458e-10;2.25912e-10;4.5676e-11;5.94741e-11;7.51237e-11;4.57535e-09;1.92253e-10;1.18028e-11;6.68295e-10;4.63477e-09;1.25294e-10;5.01997e-10;3.09737e-10;2.20137e-10;1.35159e-10;6.23642e-10;6.2853e-10;4.04926e-09;7.0425e-09;7.45731e-12;2.32774e-11;3.90272e-10;1.20526e-09;6.9099e-10;2.44568e-10;5.77622e-10;8.91008e-10;3.79762e-10;5.07747e-10;4.3871e-10;3.45347e-09;5.04968e-11;1.21661e-09;6.48553e-10;1.83502e-10;1.81609e-10;4.1602e-09;8.11857e-10;5.75324e-08;1.48268e-08;5.61548e-10;3.64062e-10;1.32806e-10;1.23764e-10;5.78253e-10;2.00679e-09;2.39222e-10;1.72338e-10;8.16045e-12;3.9305e-10;2.00397e-10;9.28117e-10;3.74311e-08;1.5834e-10;6.00955e-11;1.46065e-10;2.34628e-10;7.78536e-11;1.30362e-10;2.41268e-10;2.56806e-10;3.52452e-09;4.03697e-12;6.45437e-11;2.99806e-10;5.86226e-10;6.78273e-12;2.91573e-11;7.46607e-10;5.46173e-11;1.21322e-10;1.09099e-10;1.08262e-10;3.92406e-11;1.06684e-10;1.10811e-10;2.82683e-10;3.7054e-10;3.76085e-10;1.09583e-11;3.76155e-11;7.17355e-11;7.2675e-10;1.03188e-10;4.42241e-12;7.94827e-12;2.01174e-11;1.89765e-10;9.35875e-11;1.17001e-09;2.46832e-12;7.7051e-11;1.24093e-10;1.78697e-10;4.39229e-10;6.65456e-12;2.8894e-11;2.28054e-11;1.01414e-09;1.254e-10;2.14652e-09;6.87034e-11;1.23453e-12;6.47963e-11;4.13022e-10;4.73273e-10;2.51375e-09;6.31911e-08;2.26814e-11;3.79467e-11;6.59593e-11;3.08985e-08;9.10874e-09;1.02682e-09;9.69355e-11;8.12887e-12;1.57042e-10;2.95458e-10;3.5266e-11;3.06561e-09;1.11968e-11;2.64123e-11;3.02704e-11;6.2628e-11;5.04868e-10;6.22277e-10;7.38724e-11;1.91142e-10;1.69009e-10;1.98467e-10;9.1528e-10;8.66297e-11;1.27384e-11;4.84343e-11;9.05632e-11;5.54571e-11;4.90175e-11;2.12633e-11;1.20928e-10;6.27652e-11;1.02506e-09;1.81301e-10;1.05938e-12;8.80869e-12;1.01608e-10;7.41746e-11;9.38878e-11;1.65578e-11;3.59928e-10;3.80782e-10;2.04603e-09;4.70755e-10;2.92172e-12;1.91226e-11;1.15923e-09;1.34997e-09;2.34945e-10;2.8228e-09;2.59414e-11;6.90071e-10;1.86431e-10;6.02722e-10;1.40429e-10;1.90984e-10;1.29755e-10;4.60911e-10;2.36707e-10;2.59254e-10;2.51748e-11;2.1399e-10;1.87401e-10;5.74512e-09;1.00167e-10;1.31316e-11;7.67291e-11;6.08302e-11;2.65604e-10;2.44518e-10;7.63517e-11;1.23594e-10;8.96596e-10;1.68522e-11;4.68985e-10;1.60069e-10;2.64557e-10;2.7736e-10;4.83991e-11;1.31642e-11;1.05435e-10;2.51556e-10;1.253e-10;5.24471e-10;8.96771e-11;4.29538e-10;3.15121e-10;2.98663e-09;1.63695e-09;7.81869e-11;1.17054e-10;1.71544e-11;2.5447e-10;2.4564e-10;1.41847e-08;2.69629e-08;5.55423e-11;6.28085e-10;4.01448e-10;2.68562e-10;2.06831e-10;1.22919e-09;2.59047e-10;1.16327e-10;2.11578e-11;3.71045e-09;3.32277e-10;5.73094e-09;3.51291e-09;6.2222e-10;4.35104e-10;2.91889e-11;3.40989e-10;2.56093e-10;2.86851e-10;7.1424e-10;2.77904e-10;9.67713e-11;6.29493e-11;5.1112e-10;1.53026e-10;1.18119e-08;1.19257e-09;1.87371e-10;1.2279e-10;1.80044e-10;1.48258e-10;3.20078e-11;6.81983e-09;7.51988e-10;7.75245e-11;2.81624e-09;7.12857e-12;5.08335e-11;1.15791e-10;2.74716e-10;4.16551e-11;6.8393e-10;4.58151e-13;2.99199e-11;1.40454e-10;2.70737e-10;1.85056e-12;3.53618e-11;1.77435e-12;2.43123e-10;8.21253e-12;8.94853e-11;8.79616e-11;1.40247e-08;3.8922e-06;6.58471e-09;1.55202e-12;1.07658e-10;7.7403e-10;1.7035e-10;2.50253e-09;7.25726e-10;1.07063e-11;8.63933e-11;2.86521e-12;5.31498e-11;2.08654e-11;7.52209e-09;2.234e-10;3.69734e-13;4.23131e-11;7.82404e-11;1.89184e-10;2.36364e-12;1.30125e-12;6.30006e-12;2.24509e-10;3.10404e-11;1.91893e-10;2.27945e-10;2.37895e-11;1.85672e-10;9.8417e-12;1.07154e-10;1.29172e-09;8.6571e-10;6.71662e-15;2.74352e-11;2.04073e-10;3.28598e-08;1.3216e-09;1.00875e-10;2.97722e-14;2.72164e-11;1.45632e-10;1.15067e-10;8.28425e-11;3.69946e-11;2.29625e-11;4.01037e-10;6.11034e-06;1.66776e-08;4.42684e-08;0.998108;0.00187956;9.57845e-09;3.64931e-08;3.80515e-09;2.88183e-07;5.57432e-08;1.05512e-06;8.97477e-08
7.31985e-08;3.95869e-11;1.6103e-08;5.29056e-09;6.65551e-11;3.45498e-11;9.59722e-11;3.37697e-09;1.20218e-09;5.20622e-09;2.95181e-09;1.30696e-12;8.692e-09;4.18151e-10;6.32835e-09;1.08722e-06;1.32232e-08;8.41318e-10;1.17554e-06;4.11933e-09;4.43997e-10;1.08704e-09;1.08958e-08;9.03962e-09;1.71292e-10;2.27368e-10;2.41838e-08;7.54499e-11;7.41537e-12;2.80534e-09;3.18023e-10;1.0498e-08;3.6631e-11;6.08489e-12;4.31711e-06;2.43466e-09;2.75812e-09;8.64743e-10;4.03759e-09;1.09409e-10;2.27701e-11;1.19554e-08;2.5854e-09;3.28421e-10;7.0855e-08;1.62773e-09;1.36753e-10;6.77699e-11;4.26068e-10;2.54323e-12;1.15088e-09;4.80428e-12;7.27506e-11;2.19715e-10;1.80585e-08;2.88663e-08;8.12986e-08;3.90551e-10;4.33532e-09;1.57305e-09;1.39343e-09;9.75317e-12;6.00432e-09;9.557e-07;4.99969e-10;7.9821e-09;3.73973e-09;1.57296e-09;3.03816e-11;1.0532e-09;7.86541e-10;7.92984e-10;5.39552e-10;3.74945e-08;3.36889e-06;1.37531e-09;3.0106e-09;5.24188e-10;8.08871e-10;7.35795e-10;5.96594e-09;6.06506e-11;7.84818e-09;2.83416e-09;6.98778e-10;1.04192e-09;5.17563e-09;9.12831e-06;6.0548e-08;1.79787e-09;2.5151e-09;6.07269e-08;4.44947e-09;9.91809e-09;1.13674e-08;2.39546e-07;2.04553e-05;3.54501e-08;3.8704e-08;1.0599e-12;8.82647e-09;3.5806e-10;1.93341e-09;2.00779e-10;3.93566e-12;1.87188e-06;3.84396e-09;1.26486e-09;1.15091e-09;3.15423e-08;1.9034e-10;3.81891e-10;4.02423e-10;2.57914e-09;7.26537e-10;1.81395e-10;1.22546e-11;1.03891e-11;3.74881e-08;2.2126e-08;5.12472e-10;2.53537e-10;5.73654e-09;7.35665e-12;1.03111e-08;2.63735e-11;3.13596e-09;3.23219e-12;9.64712e-10;0.000251439;2.22874e-08;1.54039e-07;9.31667e-09;3.95167e-07;3.47072e-08;1.48277e-09;1.597e-10;2.33942e-08;7.83605e-08;4.33965e-08;7.46317e-08;2.64436e-09;4.69315e-06;1.83991e-08;9.91694e-08;2.15378e-09;7.46353e-08;4.163e-05;6.59206e-08;1.1665e-06;4.756e-07;0.00342264;1.47811e-05;5.28211e-05;0.995666;5.33017e-09;0.0001158;4.17592e-08;0.000277001;6.05946e-09;1.05678e-09;9.9694e-09;2.09195e-09;9.5275e-09;1.05876e-09;1.05674e-05;5.5487e-09;3.31953e-09;1.27985e-08;9.43001e-09;9.35747e-10;7.15916e-09;1.0659e-08;2.19985e-08;6.14234e-10;3.14949e-09;1.05229e-05;7.9771e-08;3.25381e-09;8.4572e-09;4.05854e-10;1.86903e-07;2.92985e-09;1.34113e-07;1.77984e-08;5.86918e-07;9.95659e-06;7.06817e-08;1.96529e-08;5.51257e-08;3.52221e-08;3.33623e-10;5.85363e-09;3.2717e-10;1.08432e-08;4.90355e-10;1.87634e-08;1.09098e-05;8.37545e-07;3.20515e-09;7.36902e-09;2.25298e-09;7.0904e-08;2.07688e-08;4.53101e-08;1.5298e-07;5.28481e-09;3.77976e-05;1.43184e-08;1.41518e-08;6.95012e-09;6.74437e-09;1.28815e-09;8.59406e-09;2.80506e-12;1.87092e-09;2.69231e-10;3.42454e-12;8.88663e-12;4.19008e-12;1.1483e-06;6.5756e-10;1.7562e-09;6.00448e-10;2.17241e-09;3.65336e-10;3.05528e-09;4.95076e-10;3.70778e-10;4.4714e-09;6.81412e-10;2.0595e-06;1.11796e-11;1.71027e-10;1.04019e-10;9.88271e-10;2.29308e-12;2.1333e-11;1.51396e-05;4.97073e-10;5.48303e-09;4.255e-11;4.71233e-10;8.1956e-10;2.3377e-09;4.72407e-12;1.10411e-09;8.98209e-11;6.65015e-11;1.02788e-10;2.96523e-12;2.06302e-06;2.27391e-09;1.6619e-08;7.01028e-09;1.09606e-08;4.30861e-10;9.63956e-10;7.71823e-10;6.18735e-11;3.69867e-09;1.14012e-09;3.05167e-10;7.20322e-13;7.2572e-12;9.57165e-08;1.56258e-09;2.34641e-09;4.08247e-09;3.465e-09;3.47414e-09;5.41814e-10;1.0515e-11;1.06788e-11;2.2911e-08;1.95574e-09;1.92241e-10;4.69012e-10;8.78412e-14;3.9688e-06;1.05439e-09;5.36325e-08;4.36459e-09;6.40417e-11;1.59121e-10;7.51785e-11;8.12398e-10;2.87635e-11;1.88399e-09;3.72425e-10;4.02849e-10;5.7727e-11;1.26378e-12;3.19214e-09;1.84351e-09;5.64805e-09;1.06402e-09;2.02225e-10;1.36661e-08;2.61128e-09;1.30076e-09;1.82913e-11;1.71475e-09;1.81186e-10;3.67656e-11;1.87871e-11;1.92318e-09;2.77229e-08;4.47516e-09;6.87531e-10;1.21587e-10;7.02615e-11;2.51221e-09;1.31487e-09;2.48147e-11;2.52339e-10;1.84931e-10;4.26802e-11;2.46329e-12;1.20017e-12;1.60467e-08;3.00546e-09;8.30518e-09;2.33892e-09;7.84683e-10;3.65285e-09;4.44741e-12;2.65147e-10;2.15795e-09;1.03869e-07;2.33945e-10;5.58141e-09;1.45316e-09;2.99318e-07;2.28249e-09;9.34505e-10;2.51393e-09;1.85459e-14;2.02404e-10;3.25697e-10;4.58176e-12;4.15252e-11;2.73922e-11;4.35407e-11;4.37024e-12;5.04562e-10;2.60783e-10;1.87822e-09;8.57197e-11
7.79954e-07;9.54115e-08;1.07825e-07;1.55556e-07;2.70684e-06;1.11455e-05;7.73689e-09;2.58996e-07;3.93056e-06;2.40412e-07;2.04948e-08;2.2999e-08;4.99771e-08;3.83563e-06;2.14e-06;2.1085e-06;1.43035e-08;1.19664e-07;4.52808e-06;1.14812e-06;4.01865e-08;1.48131e-06;8.70538e-06;1.46458e-06;4.57291e-07;1.63339e-08;3.13299e-07;1.01728e-06;1.79146e-07;6.9303e-08;2.30397e-08;1.88158e-07;4.63427e-08;1.95274e-08;8.35454e-10;7.07895e-06;5.87008e-07;2.90621e-07;8.32189e-06;9.25462e-06;0.000233467;1.48589e-07;3.77104e-06;2.34587e-08;1.20146e-08;1.62695e-06;5.0472e-08;6.22744e-07;9.21499e-08;5.20847e-09;9.74837e-05;5.30189e-11;2.75149e-10;1.07331e-08;6.35264e-06;8.13271e-07;3.68257e-06;4.12027e-07;2.3034e-06;3.35763e-07;5.76068e-05;2.17792e-07;1.1493e-06;4.52398e-09;5.90591e-07;1.36188e-05;6.55892e-07;4.15216e-06;1.82449e-07;3.89401e-08;7.79016e-08;3.40399e-08;1.00454e-07;3.3469e-08;2.16053e-10;6.32144e-07;1.17025e-07;7.62996e-07;1.27738e-07;1.02101e-06;1.41293e-06;2.39691e-06;1.00333e-05;3.98945e-07;0.00027485;2.17164e-07;2.263e-07;5.63517e-10;1.64888e-05;7.49269e-07;2.88654e-06;9.44822e-07;2.97781e-07;1.00692e-05;1.61982e-08;6.37462e-07;1.51667e-10;5.94825e-06;1.25352e-05;4.51306e-06;6.98284e-08;4.39773e-08;1.40327e-06;2.52038e-09;2.46237e-07;5.49938e-10;5.37661e-06;1.89157e-07;6.4313e-07;1.15912e-05;2.26964e-07;9.434e-06;7.72371e-07;4.46101e-07;1.49451e-07;1.97846e-08;1.0228e-09;1.71096e-09;7.87858e-10;6.99054e-07;6.44205e-07;8.35836e-07;3.95457e-07;5.86497e-08;1.0197e-08;4.43729e-09;2.56784e-06;3.64078e-10;9.31343e-07;5.1118e-12;2.61128e-05;2.62747e-06;2.47554e-06;2.54604e-05;4.18382e-07;1.44049e-05;2.94678e-06;1.2052e-06;7.69679e-07;7.82473e-07;1.86151e-06;3.07532e-06;3.39041e-08;4.964e-05;4.4538e-06;2.54629e-06;2.96534e-05;1.45843e-05;7.31074e-07;3.01825e-07;1.13726e-07;5.41447e-05;4.44067e-07;2.14994e-06;3.68667e-09;4.1128e-07;2.74958e-06;3.87828e-06;4.32625e-06;4.5926e-06;1.0248e-07;1.87428e-06;2.15114e-07;8.59141e-08;9.82608e-07;7.48905e-10;1.46163e-06;2.85107e-07;7.21792e-07;2.77504e-06;7.62576e-06;6.73249e-07;1.75591e-06;6.23868e-07;8.68772e-07;1.18392e-05;1.92233e-09;1.57868e-05;4.22165e-05;7.05536e-05;1.42392e-05;5.61998e-06;1.27749e-07;1.70353e-06;4.75523e-06;2.93421e-07;3.5355e-09;1.60643e-06;1.00413e-05;1.63842e-06;1.12065e-06;5.35325e-06;1.1896e-06;5.1085e-07;1.01059e-05;3.31858e-05;2.20152e-06;1.84198e-07;3.9754e-05;2.34588e-06;3.81108e-06;7.97227e-06;3.90071e-07;2.8125e-07;2.38072e-06;5.20277e-07;3.80463e-07;1.33141e-07;2.00905e-05;6.02979e-07;8.88398e-07;4.8893e-07;2.07787e-05;1.98334e-05;0.000591185;0.000932872;0.000613119;0.968548;0.000105175;0.0244179;0.00102886;3.82943e-06;0.00122893;5.6489e-05;3.52882e-06;6.66296e-06;2.69225e-06;5.45846e-07;0.000137765;8.79583e-07;2.2583e-05;1.52302e-07;8.46284e-06;3.01941e-07;5.17477e-07;1.69034e-07;1.81545e-07;1.4785e-05;4.38378e-09;5.62384e-06;1.74808e-07;2.88905e-06;1.03339e-06;1.67064e-05;9.99446e-07;2.48718e-07;7.19704e-07;3.41467e-08;4.09358e-07;2.13934e-08;9.74433e-08;5.39602e-10;1.07558e-05;7.346e-06;1.08992e-05;0.00018385;1.25832e-05;3.22489e-06;1.8299e-07;9.43135e-07;1.37178e-06;7.02563e-07;9.95455e-10;1.21113e-08;8.30152e-10;2.94577e-10;6.01376e-07;3.25362e-07;4.21658e-07;8.72507e-07;4.3929e-06;9.14754e-06;3.04465e-15;8.89276e-07;4.62765e-07;2.08739e-08;2.0935e-07;3.96512e-08;1.54962e-08;7.12881e-13;5.38722e-06;8.11375e-07;3.05158e-06;5.0129e-10;1.59854e-06;2.4066e-07;9.67146e-06;1.36597e-08;4.8372e-09;8.65386e-11;2.80402e-08;1.14241e-10;8.12833e-10;2.73809e-12;0.000296826;1.50594e-06;7.54177e-07;4.87959e-07;2.99965e-07;6.15989e-07;2.76339e-07;1.1521e-07;1.6189e-08;1.66455e-07;2.52773e-07;2.34795e-08;5.52948e-08;1.5187e-12;1.36961e-06;5.83e-06;3.57909e-09;1.11154e-05;1.10535e-07;2.78382e-07;1.80096e-06;2.6016e-07;1.17425e-06;2.78743e-06;4.04345e-10;1.88449e-08;4.77731e-10;1.56706e-05;3.63401e-06;1.74085e-07;9.52276e-06;5.40266e-07;2.87512e-08;1.33135e-09;4.68193e-08;1.22846e-11;7.52033e-08;4.34844e-07;1.48681e-07;2.20702e-06;1.48896e-06;7.56784e-05;9.82044e-08;5.74988e-07;1.39874e-05;1.1476e-06;5.47928e-07;1.1502e-09;1.08204e-06;6.59464e-11;5.08295e-07;1.71601e-07;1.20227e-06;1.43991e-06;8.85151e-09
3.44172e-06;9.23972e-09;1.43476e-06;8.65614e-09;3.21074e-09;1.07783e-05;1.77085e-10;4.31984e-09;4.48405e-08;6.99311e-08;2.79406e-12;1.33572e-08;6.71067e-09;1.42308e-08;3.56526e-08;1.25885e-07;1.52879e-07;2.28367e-09;1.02358e-07;1.57179e-07;9.93964e-11;1.14283e-08;4.55054e-08;1.1827e-07;7.23634e-06;9.81881e-08;1.94147e-08;1.32935e-06;5.88781e-10;3.16748e-08;2.82389e-08;2.49918e-10;4.31765e-06;6.41485e-08;1.89145e-07;1.04582e-08;8.40032e-09;8.33951e-09;7.05288e-10;4.38758e-10;3.69258e-11;6.02014e-07;5.72139e-07;1.35578e-07;9.99776e-07;2.1754e-05;9.08601e-08;1.25433e-09;9.15188e-08;2.2316e-09;1.88757e-08;1.20489e-07;2.82331e-10;2.06999e-07;1.00103e-09;2.10416e-09;7.66595e-09;1.38046e-08;1.4041e-07;6.67145e-07;2.04519e-07;7.8045e-07;1.62487e-07;4.04877e-07;5.02955e-09;6.99274e-09;4.0878e-09;8.71179e-09;1.23392e-09;1.82408e-08;1.49083e-08;3.27108e-10;6.76228e-09;2.41621e-10;1.79864e-09;4.3966e-09;3.4807e-09;1.18072e-09;6.02757e-08;2.55234e-08;2.46076e-09;4.65489e-11;2.27488e-08;7.98851e-09;6.87075e-13;3.40572e-07;1.93383e-10;1.577e-08;3.25712e-08;3.58574e-09;1.56908e-08;1.64593e-07;7.01168e-09;5.28956e-10;3.45082e-09;3.60513e-09;5.69174e-09;3.55733e-09;7.25244e-09;6.02859e-10;9.34595e-07;7.46239e-09;3.9621e-09;1.27692e-05;3.99661e-09;8.38414e-08;2.61697e-09;5.61741e-09;7.46647e-09;4.18885e-09;3.43228e-07;3.78694e-10;1.77674e-09;2.60468e-08;4.90048e-08;1.16588e-13;1.07701e-08;6.83348e-10;1.56141e-08;6.74585e-10;1.17165e-09;9.86036e-09;1.32842e-09;6.19755e-10;1.5807e-07;3.03805e-09;3.77219e-09;3.10355e-05;3.76742e-09;5.47364e-08;1.1339e-09;1.66705e-08;3.24421e-08;2.52295e-09;1.08665e-07;6.97227e-09;5.34062e-09;4.36191e-07;4.38743e-08;5.89614e-10;1.82617e-07;1.70019e-08;1.42995e-08;1.36892e-08;8.83415e-10;4.01728e-08;3.30966e-10;9.43189e-08;4.38761e-08;4.35456e-07;1.62077e-07;1.37884e-08;3.63614e-07;2.58807e-08;2.42453e-08;4.45007e-09;1.16453e-10;4.63848e-09;6.56799e-09;2.47325e-09;2.41982e-09;3.53948e-08;3.06579e-11;1.33871e-08;2.29578e-09;8.73933e-10;2.7564e-11;9.73647e-10;3.81974e-10;4.02619e-08;7.94361e-08;2.34892e-06;2.9183e-07;2.56288e-10;7.92265e-08;1.05318e-08;4.71312e-07;6.38603e-10;1.34205e-07;2.57712e-09;4.57507e-09;1.60999e-08;1.55921e-07;2.20143e-09;4.15372e-07;4.35875e-10;4.25657e-07;1.82206e-10;8.22531e-08;4.84516e-09;2.55429e-08;8.16485e-09;2.80829e-07;7.92026e-08;1.07722e-06;3.09843e-06;3.86446e-08;3.69763e-07;6.25904e-08;5.42419e-09;7.17383e-08;1.26171e-08;4.43123e-07;1.34434e-08;9.36056e-09;1.21555e-07;1.17185e-07;2.62625e-07;2.46958e-09;9.71226e-09;9.36909e-10;1.82613e-09;4.49774e-08;2.8158e-09;5.53846e-10;3.06998e-08;1.97087e-08;8.0888e-12;3.35201e-08;9.91822e-10;2.28301e-09;2.90018e-09;2.55e-08;3.46634e-08;3.30151e-09;3.09818e-09;2.51074e-07;1.7625e-08;1.67707e-10;1.28374e-08;5.60017e-08;2.01016e-09;2.90286e-09;3.63259e-07;4.58271e-08;4.33706e-11;1.86106e-07;1.37614e-09;1.76607e-07;3.70805e-09;4.5852e-09;1.61509e-08;9.35605e-08;2.0396e-08;2.2094e-08;5.27871e-09;4.82074e-07;2.95209e-09;4.94562e-11;8.16726e-07;4.90319e-11;1.70215e-08;1.69424e-09;2.81402e-08;1.44063e-07;1.66914e-08;8.10212e-08;7.12e-08;7.05686e-09;2.87722e-10;1.03797e-07;1.57838e-07;4.06895e-08;7.83295e-11;4.74341e-10;5.36144e-07;7.17878e-09;1.40938e-08;4.65888e-08;6.21687e-09;8.0704e-08;1.25976e-08;9.35362e-15;4.59583e-11;5.60661e-08;1.6444e-08;6.16346e-11;7.95763e-07;3.99447e-12;3.49167e-08;1.17156e-09;2.30309e-08;1.39234e-08;1.82505e-12;1.51268e-09;2.19858e-08;3.99758e-09;3.14923e-09;3.70676e-08;3.94181e-09;6.40855e-12;3.54874e-07;1.43484e-12;9.40002e-08;1.49711e-09;3.29878e-08;1.18118e-08;2.05557e-11;4.9154e-08;9.3065e-09;5.76135e-09;4.61297e-11;4.95926e-07;8.97693e-09;1.94829e-12;8.68484e-08;3.63881e-09;1.21564e-08;9.62891e-10;1.3455e-07;7.14619e-12;1.89522e-09;4.84036e-10;1.55673e-08;2.44321e-08;5.3433e-07;1.14896e-07;4.52487e-10;9.48368e-08;6.45579e-10;4.09172e-07;6.27751e-10;2.09233e-08;8.3986e-12;2.69741e-09;5.1285e-08;1.32838e-10;1.77554e-10;7.38336e-09;2.39681e-09;2.40629e-08;1.05274e-07;3.52316e-08;6.06907e-09;7.23463e-08;1.289e-07;0.999874;4.03135e-07;5.38532e-09;1.87184e-07;4.39965e-14;5.6721e-10;8.76294e-07;1.11137e-09;1.51998e-10;4.41097e-08;5.1955e-09;2.1997e-08;2.04723e-09
5.99298e-07;3.07919e-09;1.26012e-08;1.1628e-10;2.34701e-09;9.89996e-09;1.42163e-10;8.65592e-08;2.67287e-09;9.452e-10;2.30522e-08;2.27061e-10;1.78769e-11;1.47885e-09;8.94042e-10;1.31345e-08;4.22364e-09;7.02338e-10;1.76268e-09;4.42532e-09;2.77987e-08;4.72392e-11;1.68837e-09;8.19748e-10;6.21408e-10;1.91197e-08;1.01682e-09;1.4373e-09;1.35559e-06;6.84701e-06;3.66102e-06;0.930897;0.000177197;0.0688865;2.48482e-07;9.79277e-08;2.38255e-09;5.66283e-10;1.16544e-07;6.15806e-08;1.23156e-06;2.04089e-10;1.90519e-09;1.37306e-09;2.82504e-10;3.50103e-09;2.10989e-10;1.17523e-10;1.72464e-09;8.5203e-10;7.3274e-10;2.32698e-11;1.33559e-09;3.50572e-10;6.43673e-13;9.53651e-11;4.64875e-09;1.85388e-09;1.49813e-09;5.55081e-09;3.84833e-10;1.46598e-09;2.85995e-08;2.03748e-10;6.3977e-10;1.92376e-10;4.66135e-10;2.18771e-09;1.8501e-09;2.33419e-09;1.60865e-09;4.60267e-11;1.12205e-10;2.25997e-08;7.92012e-12;5.29069e-10;9.87551e-10;7.50342e-09;1.14488e-09;4.02155e-08;1.12175e-09;7.48937e-10;1.87328e-08;2.77676e-09;3.43116e-09;1.60796e-09;3.07295e-08;3.15529e-11;6.49659e-09;6.07513e-10;2.44619e-09;2.26035e-09;8.57647e-10;7.0627e-07;1.45616e-09;1.62733e-06;3.41556e-11;1.3859e-09;4.29434e-09;4.98021e-10;6.02264e-09;6.6695e-10;5.65367e-09;6.2823e-09;6.00166e-07;1.51989e-11;5.44987e-10;6.26456e-10;1.17553e-09;1.39767e-11;7.89323e-12;1.725e-09;6.10198e-09;1.47511e-09;2.73155e-08;2.22924e-09;2.08376e-09;9.47925e-06;3.46964e-09;6.91845e-11;1.83864e-09;4.54163e-11;2.5717e-10;1.53374e-10;9.9331e-10;2.43621e-10;4.76194e-10;3.81769e-09;6.30139e-08;8.78079e-14;5.65868e-10;2.88756e-10;1.5265e-09;2.44871e-12;2.14266e-11;4.19694e-09;1.07797e-09;9.3347e-09;1.61034e-09;6.46178e-10;8.8702e-09;1.55552e-07;1.0182e-12;3.4537e-10;4.65181e-11;1.66746e-10;6.13764e-09;6.09789e-10;1.34271e-09;2.51154e-08;6.21042e-10;3.02757e-09;3.89967e-10;1.70146e-07;7.10717e-14;3.06179e-10;5.3982e-12;4.33875e-11;1.48731e-09;1.08361e-09;3.09693e-10;6.73452e-09;5.85937e-08;2.95543e-09;8.69796e-07;4.18552e-11;1.29139e-09;7.5422e-10;2.98966e-09;1.38861e-09;1.61328e-09;5.67243e-09;3.19664e-09;9.6023e-11;1.68802e-10;3.96353e-08;1.87402e-12;9.17422e-11;8.13969e-11;6.2184e-09;8.67797e-10;1.82684e-09;8.91604e-09;3.26651e-09;3.25083e-09;6.39454e-09;1.88141e-10;3.14323e-10;2.55584e-09;2.53008e-09;1.77182e-09;2.5585e-10;6.26176e-09;9.05324e-09;8.54889e-10;7.5396e-10;7.68302e-07;8.15776e-12;1.08929e-09;3.50108e-10;2.56206e-07;1.60531e-08;7.92047e-08;7.30118e-09;2.17584e-07;3.29915e-08;1.28978e-06;5.37822e-10;9.56672e-10;5.22143e-10;1.11467e-09;1.14464e-09;3.84855e-09;2.69148e-09;2.07219e-09;1.27592e-09;2.69336e-08;5.49623e-10;6.6537e-10;1.79577e-06;5.13541e-12;3.4908e-10;2.01721e-09;5.7626e-09;1.26364e-09;6.34681e-09;3.93843e-08;1.10921e-08;4.0742e-09;3.53815e-08;1.0518e-06;1.2896e-11;2.11358e-09;1.50679e-09;5.65621e-09;8.92613e-09;4.38108e-11;3.97583e-06;3.3665e-11;8.17523e-10;6.23964e-10;3.86421e-09;2.06854e-08;5.15543e-07;8.28168e-10;2.00667e-10;5.73533e-10;5.75545e-11;2.38941e-10;3.99008e-11;3.15405e-09;7.48831e-13;2.09123e-10;4.57083e-11;9.50297e-10;7.83125e-12;1.34799e-10;4.71104e-11;8.71462e-10;2.13142e-10;5.34212e-09;3.53927e-09;2.11629e-09;1.01341e-10;1.0234e-07;4.76811e-12;5.4824e-10;5.84199e-10;5.40916e-10;1.12667e-09;1.83631e-09;1.63005e-07;1.23177e-14;9.2665e-11;1.12908e-09;5.02542e-10;1.99075e-08;2.19079e-09;2.84591e-10;9.58584e-14;4.92586e-10;7.2831e-10;1.63727e-10;1.67274e-11;9.20473e-12;5.84874e-09;9.49439e-11;5.86508e-13;4.89238e-11;9.67512e-12;7.74487e-11;4.64205e-11;2.80494e-07;3.69868e-13;2.43109e-10;1.90186e-10;4.35106e-10;7.49431e-12;5.36134e-11;2.07125e-10;1.233e-09;2.4614e-11;2.77117e-10;2.05318e-10;8.4741e-11;4.60359e-11;1.96941e-08;1.58694e-12;1.45778e-10;1.273e-09;4.60528e-14;3.93079e-12;7.91738e-09;1.63507e-09;1.61415e-10;5.57704e-10;6.45786e-10;3.70827e-08;9.32865e-09;8.77226e-08;3.21527e-12;1.78457e-09;2.23993e-09;8.97217e-14;3.82005e-10;9.2584e-10;7.83824e-09;2.89851e-10;2.60597e-08;1.83059e-14;5.81332e-10;1.87255e-09;3.34216e-09;1.47492e-10;1.35277e-09;8.77174e-10;4.33725e-07;8.79321e-11;2.20461e-10;4.63052e-09;4.07634e-11;7.76793e-12;1.33332e-07;1.11772e-11;1.05075e-10;5.70008e-09;1.7049e-09;2.05691e-10;2.81108e-11
5.60646e-08;2.26592e-10;1.6728e-10;1.73378e-11;1.59723e-10;1.54079e-10;4.49053e-12;2.79594e-08;2.381e-09;2.02442e-09;3.81365e-10;9.10859e-10;1.20883e-08;1.31886e-10;5.21006e-10;2.48781e-09;1.14455e-08;3.77894e-10;9.22759e-09;2.50767e-09;1.10034e-09;2.83728e-10;2.64802e-09;4.40075e-08;1.72058e-08;3.27719e-09;1.05121e-07;5.23039e-12;5.6875e-11;1.52192e-10;9.29847e-11;1.31702e-11;2.736e-09;3.27624e-12;2.62415e-08;3.77763e-10;3.65688e-10;3.11516e-10;5.9569e-09;7.88942e-10;2.156e-09;1.7981e-09;7.29929e-10;2.31744e-09;8.67798e-11;3.30546e-10;3.96777e-12;2.89784e-11;2.61243e-10;1.18754e-10;3.85049e-11;9.54547e-10;9.49248e-11;5.33474e-10;7.62636e-12;5.63923e-10;3.55331e-09;1.74941e-10;1.65522e-09;1.04951e-09;7.53714e-11;2.51284e-09;1.43832e-10;2.30812e-07;5.99265e-10;4.61211e-09;6.38433e-10;2.5317e-09;2.35066e-11;2.83569e-10;2.81889e-10;1.64961e-09;2.52411e-09;1.29805e-10;8.62072e-09;2.6277e-10;3.84126e-10;6.29377e-10;5.4587e-10;2.22712e-08;8.35751e-10;2.06858e-10;6.6255e-10;1.23445e-10;1.90671e-10;5.53297e-10;4.36674e-10;6.02959e-09;1.12156e-09;1.84531e-10;5.00788e-10;9.78052e-10;6.61763e-10;3.60648e-11;3.58404e-10;2.48871e-09;4.54994e-09;7.05768e-10;1.22161e-09;8.39027e-12;5.9255e-11;3.04346e-11;8.23012e-11;1.08024e-10;1.57049e-11;5.7721e-10;2.53524e-10;2.00151e-10;2.34586e-10;3.78445e-09;2.02324e-11;3.92459e-10;1.52383e-10;5.39124e-10;2.21618e-09;3.04654e-10;1.03269e-09;2.51661e-09;8.62172e-09;2.21524e-09;2.69971e-09;5.76294e-10;5.88884e-10;6.43341e-12;6.46075e-12;1.07359e-10;3.74321e-11;7.32589e-11;1.4088e-11;2.78649e-10;6.52249e-10;9.00205e-10;9.58464e-10;6.9161e-09;5.83276e-11;2.72737e-09;6.86564e-10;1.75486e-09;4.58157e-09;5.3479e-10;3.07494e-09;1.06895e-08;1.33195e-08;4.26281e-10;3.38897e-09;6.0024e-09;4.86556e-09;9.49563e-10;1.37795e-10;5.31529e-09;6.7445e-10;2.55077e-12;3.97223e-09;9.76064e-11;3.61719e-11;4.21605e-10;1.22763e-10;1.30349e-10;1.5363e-09;3.6981e-10;2.09022e-10;2.21817e-09;1.75266e-09;3.38791e-10;6.96401e-10;1.15163e-09;4.47689e-10;8.16388e-10;2.3661e-08;3.06253e-10;1.38069e-10;8.4831e-10;1.97472e-10;1.88376e-11;3.98729e-10;3.26609e-09;4.41293e-09;2.06508e-10;2.97402e-10;3.3067e-09;2.60052e-10;5.65229e-10;4.68214e-10;6.08862e-10;1.99352e-09;1.86242e-11;3.98398e-09;6.69972e-10;2.71419e-09;7.76693e-10;3.68395e-10;1.51169e-11;1.47837e-10;2.32857e-10;1.59487e-11;9.07637e-11;3.87737e-10;2.37348e-08;1.94718e-10;4.83489e-11;3.44111e-09;9.74354e-11;6.72197e-10;1.36733e-09;5.82309e-09;6.66529e-09;3.40501e-10;4.51705e-10;5.07994e-10;2.46779e-10;8.5783e-10;2.71538e-10;7.60639e-10;9.29638e-10;1.22524e-10;4.82127e-10;2.73571e-10;1.4486e-11;1.39284e-11;8.53134e-10;1.00402e-08;1.63586e-10;1.49152e-09;2.66549e-10;7.5455e-10;2.31164e-10;2.74259e-09;1.18621e-10;2.39836e-10;4.47652e-10;1.50091e-09;7.28569e-08;7.30915e-11;4.38496e-11;1.5118e-10;1.09592e-11;8.91764e-12;5.23536e-11;1.63325e-08;9.14761e-10;3.20313e-10;3.84531e-08;1.95836e-09;9.3658e-10;4.54439e-10;5.31747e-11;4.03308e-10;3.3201e-10;1.81516e-09;4.34739e-12;5.26709e-10;8.47671e-10;2.10347e-10;4.67003e-10;2.58946e-09;3.16119e-09;2.85479e-11;1.90977e-11;1.68095e-10;1.13435e-10;5.42456e-11;1.63383e-10;3.25379e-12;1.79472e-08;8.32607e-11;1.7362e-09;2.81548e-10;3.79653e-10;2.0892e-10;3.72546e-09;5.024e-10;2.91215e-09;2.21295e-09;1.95421e-13;5.46274e-11;3.64239e-12;7.09328e-13;3.71601e-11;3.25787e-13;2.46415e-08;1.25884e-10;1.19617e-09;2.33533e-10;1.51436e-10;4.88244e-09;7.10465e-10;1.31163e-10;2.8949e-13;3.13919e-12;1.3355e-12;5.02699e-12;5.36562e-12;1.34678e-09;3.70156e-12;3.38327e-10;1.06551e-10;2.78584e-10;1.54293e-11;1.44583e-10;1.98269e-11;1.40755e-10;1.92257e-12;4.5003e-11;1.71854e-10;9.39312e-11;4.79088e-10;3.06603e-10;5.28591e-10;2.68262e-10;1.27833e-10;1.98283e-10;4.17172e-10;2.00382e-09;4.37177e-10;7.06799e-11;1.29123e-10;1.47194e-10;5.53865e-12;1.53812e-12;3.04285e-08;5.1105e-10;4.12984e-10;2.6902e-09;9.50295e-11;8.42286e-11;5.1358e-10;1.45936e-10;2.42977e-11;4.82472e-11;3.87161e-09;7.83836e-10;5.46251e-10;1.84961e-09;1.50402e-08;2.7722e-10;6.60231e-10;6.08606e-10;0.000897989;2.15528e-07;3.1655e-08;1.14433e-06;8.72235e-07;6.78436e-07;0.999083;2.00626e-08;5.18841e-08;2.29351e-07;1.42225e-05;4.2804e-07
0.0118242;9.68073e-07;1.92604e-06;2.7495e-05;1.37564e-06;3.54033e-07;4.81407e-08;6.41135e-08;1.61069e-06;7.48368e-08;2.95663e-10;5.51181e-09;3.36638e-08;7.94686e-08;1.05609e-07;9.89754e-08;6.86617e-08;3.24147e-08;3.36056e-07;2.79446e-07;4.07286e-09;3.53443e-07;4.92443e-08;6.35805e-07;1.65365e-07;2.33468e-09;7.11294e-10;7.75117e-09;1.62181e-07;1.00936e-06;3.5535e-08;1.04266e-09;5.18995e-09;3.05692e-11;5.54649e-10;2.31601e-08;2.41257e-08;1.86889e-08;3.96143e-10;1.4108e-09;1.00426e-08;4.06736e-06;2.07151e-07;3.25926e-07;7.12322e-07;3.91626e-08;1.17373e-08;3.52723e-07;7.93613e-07;7.73044e-07;8.69683e-09;3.60257e-09;5.21123e-08;1.30356e-07;3.85149e-10;2.22692e-08;9.6291e-09;1.94762e-07;1.83253e-07;1.18957e-06;8.2404e-07;3.03337e-08;4.93221e-09;6.26233e-09;4.70697e-08;2.16376e-08;1.00543e-08;3.12114e-08;7.08434e-08;2.58934e-07;1.22599e-06;6.49958e-09;6.55777e-09;2.49425e-09;2.86637e-08;1.94466e-08;3.12552e-08;4.48e-08;1.61585e-07;1.07224e-07;3.60282e-08;5.30394e-08;7.5151e-06;1.75393e-06;5.84798e-09;4.28588e-09;7.81114e-10;4.75407e-08;6.23536e-08;1.07303e-08;2.11064e-07;2.11165e-07;1.25329e-07;1.62957e-10;1.14099e-09;2.11814e-08;2.08369e-09;2.70403e-09;2.52414e-08;1.13495e-08;8.92125e-08;3.86077e-07;5.11856e-09;8.30926e-08;1.94325e-09;7.32525e-11;1.03996e-08;1.19462e-08;3.10633e-08;2.38138e-09;6.21848e-10;2.98352e-08;1.26322e-07;2.82403e-08;3.71428e-07;1.41669e-07;4.29664e-07;3.0576e-08;7.34714e-08;1.36944e-08;1.00034e-08;2.01507e-09;1.54675e-08;9.73877e-08;1.03484e-05;2.61011e-07;1.5355e-06;4.03599e-09;7.41278e-09;5.12345e-10;1.21958e-07;1.31865e-06;2.42205e-06;1.99966e-09;1.73865e-09;1.05363e-07;1.34079e-06;5.44254e-06;2.15022e-06;4.4271e-07;1.9258e-08;2.46009e-08;2.24844e-07;5.8775e-08;5.85012e-08;3.53109e-08;9.44616e-09;1.43139e-07;6.62059e-07;1.63082e-05;2.92795e-06;2.24806e-06;9.92941e-08;4.48183e-09;7.89317e-09;4.15457e-08;1.31264e-09;6.72251e-09;4.55881e-08;8.52612e-07;2.22912e-08;1.38602e-06;4.13489e-06;2.61736e-07;4.24288e-08;1.6562e-08;4.58314e-09;5.11714e-08;1.65394e-08;2.75768e-08;9.58148e-08;6.22366e-07;2.24267e-07;2.1229e-09;2.66633e-08;1.14559e-08;7.31224e-10;2.13008e-09;3.5706e-09;6.47906e-09;2.49322e-07;2.5727e-06;2.84499e-07;1.56839e-06;4.95012e-07;2.48386e-08;3.51489e-09;3.02363e-08;5.3926e-08;3.89387e-08;2.10259e-08;1.35699e-06;5.7768e-06;3.51606e-06;2.55363e-08;2.61949e-06;8.89432e-08;7.33649e-07;3.12554e-08;8.41779e-09;1.31063e-08;4.96339e-07;1.28235e-06;1.73832e-06;2.61839e-08;1.31718e-08;4.76829e-08;1.59349e-08;6.47825e-08;1.63852e-08;1.98505e-09;6.18295e-09;6.44569e-08;3.07604e-08;5.73952e-07;5.15514e-06;1.97072e-06;2.20509e-10;1.19146e-07;1.30835e-08;5.20549e-09;2.37416e-08;7.89018e-08;1.13026e-07;2.01334e-08;1.20515e-07;2.32532e-06;6.0698e-07;2.87327e-09;4.22909e-09;1.23473e-07;2.75521e-09;6.57332e-07;2.91256e-07;1.37297e-06;2.74397e-09;2.00266e-09;1.57139e-09;1.18221e-08;1.56757e-07;2.36496e-08;1.2039e-06;1.08032e-07;2.21163e-07;5.81738e-08;1.60918e-07;8.03227e-07;9.79084e-07;6.33097e-09;3.03329e-09;6.19932e-09;6.3373e-11;1.11921e-08;9.93004e-08;3.4891e-07;2.9599e-08;6.49734e-08;1.13222e-08;2.87481e-08;2.72412e-08;7.46603e-08;7.93577e-08;1.36725e-08;1.37531e-09;5.81329e-11;1.96168e-10;5.64012e-08;2.27335e-08;5.38727e-07;3.46644e-09;3.6504e-08;2.89949e-08;2.08284e-14;1.27175e-07;1.46082e-06;1.0434e-07;3.94508e-08;2.81821e-08;4.16877e-07;3.13026e-11;1.41417e-08;7.29805e-08;8.84408e-08;8.11932e-12;5.72873e-08;4.28917e-08;4.83336e-09;6.42973e-08;1.17667e-06;2.09725e-07;5.80032e-10;5.42414e-12;1.884e-09;3.52947e-10;1.08293e-07;1.58717e-08;4.70659e-07;4.26168e-10;3.05753e-08;5.38596e-08;1.67024e-07;0.000324789;0.000524323;0.000659037;0.986225;0.000106976;8.8922e-05;8.04127e-07;6.09562e-07;1.67057e-05;2.99715e-05;4.64881e-07;4.7565e-06;2.16874e-08;1.8137e-07;1.39003e-07;8.78228e-07;4.38426e-09;2.45846e-08;1.7902e-08;4.95657e-10;7.4858e-08;1.25463e-07;9.15094e-08;1.67084e-06;2.09755e-07;8.63455e-10;1.83414e-09;4.07103e-09;2.76369e-09;1.59389e-07;1.81084e-07;1.3455e-07;1.97696e-07;1.39673e-07;8.40378e-08;7.80274e-09;2.12986e-05;1.00684e-07;1.36357e-07;5.39564e-10;1.78992e-10;1.50612e-06;3.19538e-08;5.20347e-08;1.99843e-07;2.68236e-07;7.86746e-07;4.94795e-08
1.28015e-07;7.82466e-09;1.8237e-08;7.22206e-07;5.54369e-08;1.29311e-08;3.0725e-09;6.50271e-07;1.04042e-05;2.42548e-06;0.99801;0.00148373;0.000261336;1.38006e-09;4.49837e-09;7.19253e-08;5.92572e-09;7.44829e-09;9.16527e-10;1.1684e-06;6.38421e-07;6.12507e-09;7.6104e-09;1.01357e-07;1.25667e-07;2.09474e-06;5.6385e-09;2.51633e-08;6.74053e-11;2.07826e-08;5.54688e-07;2.12681e-08;1.61632e-08;1.69672e-06;2.50389e-11;2.88838e-09;1.48729e-08;1.0244e-08;9.24696e-10;9.484e-11;1.37837e-08;1.3812e-06;7.34781e-08;5.16159e-06;7.96863e-08;4.56e-07;1.31371e-08;5.72931e-09;7.51223e-08;4.71342e-07;3.84509e-07;1.33733e-09;2.29938e-07;1.59924e-08;3.26502e-12;8.60493e-09;2.56225e-08;1.82018e-08;1.44247e-08;3.7135e-06;1.06249e-08;3.61036e-07;2.52466e-05;1.03616e-08;1.32829e-08;6.12666e-08;2.59663e-08;2.66456e-08;7.21947e-09;1.91761e-07;1.95266e-06;1.99015e-08;1.06659e-08;2.60229e-07;4.98198e-11;3.28876e-09;2.23712e-08;7.2303e-08;2.2928e-08;5.15213e-07;1.57757e-08;2.52892e-09;6.00459e-08;8.20614e-07;2.68067e-08;1.12641e-08;1.3663e-08;1.11053e-09;1.81754e-08;3.34267e-09;5.60366e-08;1.63646e-07;1.09449e-08;4.71023e-06;3.49697e-07;1.57221e-07;2.68703e-07;7.27126e-09;2.16167e-08;6.26468e-10;6.28395e-08;1.04639e-05;3.99323e-08;3.1812e-08;7.33279e-05;1.89844e-06;1.15029e-09;1.23471e-08;1.09226e-08;2.60617e-11;2.83745e-10;1.94918e-08;8.73633e-09;6.01271e-09;2.63916e-08;1.28571e-09;1.2588e-07;1.11312e-06;3.74129e-08;1.30744e-09;8.34125e-09;8.11424e-10;1.19061e-09;3.66396e-11;3.49205e-10;7.8966e-07;1.08229e-10;1.37178e-09;5.9152e-08;3.02326e-12;7.4998e-10;9.9611e-09;7.02786e-09;1.13844e-13;2.02537e-11;6.15628e-08;7.8611e-09;6.31807e-08;1.72805e-08;1.47825e-07;1.89011e-08;4.03366e-07;2.89458e-09;8.82099e-10;4.0727e-09;1.87931e-09;6.48571e-08;1.03364e-09;1.89361e-09;5.61274e-08;2.55003e-07;1.42085e-10;1.11177e-08;9.42868e-09;8.48489e-11;4.16365e-09;7.01682e-11;3.58883e-10;5.04455e-09;3.5336e-09;9.78345e-09;1.17749e-07;2.05875e-07;9.87213e-07;8.04944e-07;2.74736e-09;2.47819e-07;1.8057e-08;2.80584e-08;9.9836e-09;6.54695e-09;4.43014e-08;1.83453e-08;5.17002e-09;4.38775e-09;2.75553e-07;4.06156e-11;3.82376e-09;2.59626e-10;8.76212e-09;1.51518e-09;4.29309e-08;1.00111e-07;2.32858e-09;1.66881e-10;1.68535e-07;6.57403e-11;6.55406e-10;2.42959e-09;5.76997e-09;5.74076e-09;2.09519e-09;5.768e-08;2.82574e-06;1.58672e-07;1.80394e-08;3.62271e-08;8.34328e-09;9.76858e-09;4.79912e-09;1.19464e-08;3.69429e-09;8.12129e-08;3.47966e-08;3.85444e-08;5.23905e-08;5.05057e-08;2.25163e-09;5.51607e-09;1.60008e-08;1.85115e-09;1.36871e-08;2.66649e-08;2.91913e-09;1.5391e-10;5.5982e-09;4.08478e-07;1.74858e-11;1.5725e-10;1.54702e-06;2.78201e-11;2.95135e-09;5.48937e-09;8.72711e-09;1.29043e-09;1.37063e-08;2.1287e-07;7.08697e-08;5.14445e-08;1.23542e-10;6.81665e-08;5.09112e-10;1.90868e-09;5.85048e-09;7.32572e-08;4.1182e-11;3.51691e-09;1.95714e-07;2.97138e-11;1.50763e-09;5.57748e-09;7.43028e-09;5.11661e-09;9.53004e-08;1.13656e-08;4.53684e-09;3.90081e-08;9.0759e-07;1.808e-09;5.25165e-11;1.64149e-06;8.41598e-11;7.75292e-10;5.54991e-10;8.31954e-09;1.70365e-10;2.13922e-09;1.79066e-08;6.38283e-09;3.73324e-09;1.42887e-07;4.93999e-07;1.49475e-07;1.38412e-09;4.14401e-08;3.64086e-11;9.53461e-09;5.63704e-09;7.56218e-08;4.04367e-09;6.21918e-09;8.55636e-08;1.93758e-12;1.02044e-10;4.20107e-09;1.13165e-06;1.31159e-07;1.34817e-08;2.9352e-05;4.83288e-08;5.44252e-09;2.60241e-08;2.61331e-08;1.74529e-11;2.87868e-08;3.49961e-09;2.51032e-09;8.72383e-11;2.18971e-09;2.3611e-06;1.3041e-08;1.81036e-10;2.29702e-05;7.95522e-09;2.79674e-09;6.8643e-09;3.82475e-08;3.44652e-11;1.72889e-08;2.40733e-07;1.35554e-08;2.86319e-11;4.42549e-08;2.34117e-06;6.15764e-09;9.74219e-09;6.20166e-08;5.75596e-11;6.37262e-10;2.64851e-09;2.90611e-10;2.7212e-10;2.90172e-08;2.66567e-08;5.63767e-10;3.39608e-08;1.86489e-07;7.56455e-09;4.99068e-07;2.99085e-06;3.98202e-11;2.00493e-09;7.86064e-09;6.91456e-14;1.73235e-10;1.11278e-08;4.29187e-08;2.43209e-09;5.92869e-09;5.47877e-09;8.01109e-09;5.79649e-09;2.53293e-08;3.90579e-11;4.77086e-09;1.84205e-09;5.57579e-07;2.21181e-08;1.39697e-08;9.92885e-08;1.08217e-06;5.5302e-10;1.19245e-06;8.88462e-08;4.3633e-08;3.06883e-06;6.1485e-06;3.46553e-08;1.72893e-09
5.67253e-06;6.48048e-09;9.33476e-09;6.29582e-08;1.05991e-08;8.57246e-10;9.04399e-09;3.11772e-06;3.33897e-07;3.6656e-08;3.87946e-08;1.48155e-08;9.9592e-07;6.49728e-09;2.49305e-08;1.23647e-05;1.82801e-07;1.81569e-08;2.9726e-07;8.65558e-08;6.07517e-08;1.31178e-08;9.4838e-08;5.68613e-07;6.40313e-08;1.0498e-06;1.61764e-07;4.64594e-09;3.14107e-10;1.52701e-09;6.26589e-09;3.8618e-08;8.61754e-09;2.88381e-11;1.23772e-05;3.34491e-08;9.88025e-09;1.33677e-08;2.43633e-07;3.32489e-11;9.16245e-09;2.82968e-07;2.89916e-09;1.86286e-08;8.12946e-10;4.95698e-09;3.1023e-09;1.14403e-09;2.26005e-09;2.47514e-09;2.95985e-08;2.40684e-11;7.63815e-10;8.24369e-08;6.75108e-11;1.03435e-08;2.26167e-08;1.72962e-09;1.09726e-08;9.77729e-08;4.49052e-07;1.66636e-11;7.75996e-08;5.10884e-06;3.11161e-08;4.02565e-07;2.12778e-08;3.67627e-08;3.02424e-09;2.70625e-08;1.23904e-07;3.18057e-07;1.19436e-07;8.71485e-07;3.06853e-07;1.50415e-08;1.12308e-08;1.27834e-05;5.7205e-08;1.84129e-06;2.89283e-08;7.57876e-10;4.58517e-09;2.62584e-08;4.58294e-06;9.89779e-10;1.44987e-07;1.14765e-06;2.07001e-07;3.94436e-08;2.81379e-08;2.68492e-07;5.62423e-08;1.92989e-09;6.84998e-09;3.91562e-09;3.7221e-05;1.96673e-06;2.79597e-06;1.17595e-10;7.24965e-10;8.7287e-08;8.40261e-09;2.5355e-10;3.27501e-07;2.2304e-06;9.84106e-09;9.30267e-09;1.94884e-08;1.05706e-07;6.87625e-08;1.9015e-08;1.84839e-07;1.58326e-08;2.57447e-08;1.08049e-09;1.76442e-08;9.63184e-09;1.24389e-06;2.22764e-07;4.3527e-08;6.14375e-08;1.31082e-08;8.52581e-10;6.72847e-11;3.42304e-08;5.41609e-08;2.03832e-10;8.58514e-08;3.10391e-07;2.696e-08;7.91089e-07;1.04194e-07;3.96964e-09;1.14697e-09;5.37075e-07;3.2172e-08;6.46784e-08;2.55245e-07;3.04637e-06;8.55236e-09;1.28305e-05;6.1563e-05;8.6071e-08;1.19538e-06;1.3875e-06;3.18972e-07;1.76082e-08;5.11667e-09;2.05543e-08;3.99655e-07;7.26985e-11;2.37288e-10;5.00658e-08;1.34472e-08;1.02319e-08;4.02386e-09;2.18865e-09;2.08447e-08;2.18904e-08;8.35982e-09;1.19812e-07;2.77453e-05;2.3625e-06;3.42707e-09;1.61891e-06;2.39395e-07;2.10086e-07;4.75627e-08;7.63684e-09;3.13643e-09;1.01525e-08;9.52504e-09;3.00631e-09;2.91942e-08;4.1038e-08;1.43559e-06;2.92589e-09;1.6042e-09;1.20442e-06;7.27081e-09;4.459e-09;4.43018e-08;4.98379e-07;5.27693e-08;7.53083e-08;6.97747e-08;5.09077e-08;1.30754e-08;3.59615e-08;3.6276e-08;1.06578e-09;1.34866e-09;9.93464e-09;1.33658e-08;2.03461e-10;1.57437e-08;1.24731e-06;1.41248e-07;3.47062e-09;2.05265e-08;5.99859e-09;7.28992e-09;3.03672e-08;5.25769e-08;1.10413e-08;1.28058e-08;1.42398e-06;2.3064e-08;3.72616e-09;3.16878e-09;1.11839e-08;7.90231e-09;4.01426e-08;2.30133e-10;2.34052e-09;2.71099e-09;3.33353e-11;1.23061e-10;3.88156e-07;1.83521e-07;8.79708e-09;7.73622e-08;1.08221e-08;2.38835e-08;1.17432e-08;4.93582e-08;4.5252e-09;3.61353e-09;1.3716e-09;3.45432e-09;1.8397e-07;6.96317e-10;7.28273e-10;5.84238e-09;1.90159e-10;7.74587e-11;2.19837e-09;9.66824e-07;2.74168e-08;1.58358e-07;1.52671e-06;1.57204e-08;5.10062e-08;1.52806e-08;4.36752e-09;2.92677e-08;9.77029e-08;5.06157e-07;4.75194e-10;1.10238e-07;6.26898e-05;9.83944e-08;3.03781e-08;4.03834e-08;3.63862e-07;1.90035e-09;5.89487e-08;1.21234e-08;1.20934e-08;5.71553e-09;8.72518e-08;1.11958e-09;2.88255e-11;6.91284e-08;1.18533e-06;6.2265e-08;1.65153e-08;8.34594e-09;5.40303e-07;2.95199e-08;1.06598e-07;1.95614e-09;4.73565e-11;9.19253e-10;3.59631e-09;1.04361e-09;9.2572e-12;1.92045e-10;1.25912e-07;1.72411e-08;7.90069e-08;4.93639e-08;8.09091e-07;9.79128e-09;6.9812e-09;2.62679e-09;1.09379e-11;4.71903e-12;1.79e-09;3.66226e-11;2.97615e-10;1.70006e-10;3.0421e-06;1.07211e-08;5.43132e-08;8.69357e-09;8.71989e-07;8.53828e-08;1.61394e-07;1.11269e-08;1.34785e-12;2.36699e-09;2.24321e-08;7.93815e-11;1.37036e-09;1.86505e-11;7.11172e-07;1.34445e-08;3.53865e-09;8.33138e-07;6.14962e-09;1.81254e-08;1.13896e-08;2.5024e-09;7.21837e-09;8.13272e-08;7.01732e-10;2.497e-13;4.48989e-09;4.13675e-05;1.54404e-07;9.15083e-07;3.83625e-11;1.12986e-08;1.19166e-07;1.75013e-09;1.82422e-08;3.21357e-08;7.32779e-07;1.07253e-08;1.245e-08;1.59852e-07;2.17751e-06;3.25235e-08;4.09922e-07;4.9773e-07;0.000131457;4.57316e-06;1.38199e-05;0.000247828;0.00108087;2.05273e-05;0.972736;1.56396e-06;1.57577e-05;5.17013e-05;0.0251329;0.000202487
1.8605e-06;2.46691e-11;3.17635e-09;1.48225e-07;2.07381e-09;1.76434e-10;1.08918e-10;1.11303e-10;5.54059e-10;2.66454e-11;8.2458e-12;5.53765e-14;3.91812e-12;7.97574e-11;4.31733e-11;1.7601e-09;3.48428e-10;1.57342e-11;1.56876e-10;4.75173e-10;5.09273e-13;3.09643e-09;2.28569e-10;6.13386e-10;2.04779e-10;6.22201e-09;4.45267e-10;1.12121e-11;6.3289e-12;1.36292e-10;1.61162e-09;1.29702e-09;2.21593e-12;3.95565e-10;3.64496e-13;4.02083e-11;4.75216e-11;3.89821e-11;4.02297e-13;6.75061e-13;3.71892e-10;8.22232e-10;7.41939e-11;9.88574e-09;2.27148e-12;1.60915e-11;1.23381e-11;4.41994e-11;3.58689e-10;1.92337e-09;1.88497e-10;1.08056e-14;4.08438e-09;5.435e-13;7.56856e-15;3.17821e-12;3.40316e-10;7.10071e-11;5.58595e-11;1.52144e-09;5.25505e-11;2.05538e-11;1.03693e-08;5.83173e-13;4.78063e-11;2.74431e-12;8.92595e-12;6.67601e-11;1.94369e-11;4.43568e-11;1.06139e-08;4.93452e-11;3.47599e-12;5.00832e-09;2.19474e-12;1.13724e-11;4.4788e-11;9.85238e-12;1.93371e-10;3.87143e-09;4.06838e-11;2.92727e-11;1.83459e-09;1.03181e-09;7.09986e-12;1.92718e-12;2.35527e-10;7.9286e-11;3.00212e-10;2.76217e-11;6.11061e-10;1.97181e-09;9.18242e-11;5.93933e-13;5.90995e-13;4.93508e-08;4.49256e-13;3.28808e-12;6.43571e-10;2.68466e-09;4.71992e-07;7.57326e-05;6.14956e-05;4.62143e-07;0.999791;4.91125e-07;2.05323e-10;2.049e-11;4.56514e-10;2.01613e-09;8.5881e-09;4.66249e-05;4.16836e-10;5.08838e-11;1.98849e-10;6.49131e-13;6.22816e-12;1.36079e-08;1.14878e-11;3.52005e-12;2.89861e-12;2.44306e-12;3.44097e-11;3.57777e-12;1.03666e-09;3.67137e-09;1.09501e-13;1.00321e-12;1.39672e-07;2.11194e-11;6.1662e-12;1.79562e-10;5.84849e-10;2.55879e-16;4.90256e-13;2.14837e-09;4.61786e-10;3.577e-09;2.69956e-08;2.20131e-10;1.29932e-10;1.08882e-06;3.55818e-11;6.50778e-11;3.55266e-13;7.86621e-11;7.13206e-11;6.1474e-11;3.6364e-11;2.27552e-09;1.08558e-09;2.55707e-11;7.73894e-13;1.48735e-07;2.92255e-13;6.97096e-12;1.03318e-12;9.28858e-12;6.86587e-10;1.86658e-10;2.87532e-11;5.80175e-10;2.13237e-10;6.91454e-12;6.02047e-09;2.19994e-12;8.57345e-13;1.53906e-11;2.89023e-10;8.97745e-11;1.35682e-10;1.04106e-09;6.4155e-09;1.86431e-12;1.6595e-10;3.05772e-06;1.03317e-13;3.51298e-11;1.30045e-11;2.24615e-09;3.34002e-11;4.66834e-10;5.30158e-10;3.24802e-10;8.44647e-11;2.68763e-06;3.29061e-13;1.49912e-12;1.31751e-11;2.44652e-11;3.80655e-11;1.3086e-10;1.29905e-09;2.18412e-09;2.43407e-10;3.03708e-12;1.3425e-07;1.50943e-10;1.02016e-10;9.31544e-12;2.83375e-09;8.5437e-11;2.10504e-09;1.63133e-08;1.12032e-11;1.08444e-11;6.44756e-09;3.23025e-11;3.79525e-11;3.40927e-11;2.11669e-13;8.46713e-12;4.74642e-11;9.96219e-11;1.32173e-10;1.60956e-10;8.13388e-09;7.59826e-14;3.22648e-12;2.04166e-09;1.47324e-11;3.70022e-11;3.38009e-11;5.39296e-11;2.72779e-11;1.6085e-10;1.40682e-08;5.66491e-10;3.86472e-12;2.08199e-11;2.06059e-08;1.45466e-11;1.70841e-11;7.51962e-11;2.33104e-10;2.26764e-14;3.23645e-13;3.40053e-09;6.0239e-13;6.64679e-12;3.4568e-11;8.83109e-11;5.04318e-11;6.39486e-08;3.88105e-11;9.97425e-12;1.79943e-09;9.38356e-10;3.76219e-11;6.65855e-13;6.34311e-09;1.15038e-12;6.65251e-11;9.7764e-11;8.63151e-10;3.35061e-11;3.79727e-10;1.68098e-09;2.19668e-11;1.28955e-11;1.06011e-10;5.49629e-09;2.30609e-10;1.14096e-13;1.10232e-10;4.12856e-12;2.5812e-11;9.22709e-12;1.44534e-09;8.86088e-11;2.17883e-11;5.36409e-09;2.74481e-17;3.28543e-12;2.09967e-09;8.53672e-09;1.77357e-11;4.14444e-11;3.31407e-10;1.13479e-12;1.12898e-12;1.43823e-10;1.8344e-11;1.02703e-17;1.23475e-11;1.59881e-09;4.3503e-12;9.56472e-12;1.37216e-11;1.26562e-08;1.7313e-15;1.46492e-15;1.60464e-10;5.93774e-13;4.89657e-12;1.59155e-11;5.34146e-11;1.61544e-15;6.74572e-12;1.70284e-08;4.34743e-11;2.25984e-12;3.65976e-10;9.40334e-10;6.38864e-12;1.8645e-13;2.1837e-08;8.74735e-15;3.07501e-12;6.98381e-10;9.27168e-16;1.10534e-13;8.68832e-09;1.28857e-10;1.36424e-11;1.42432e-10;1.20265e-09;5.446e-12;4.80081e-14;1.59425e-07;7.76433e-14;6.27193e-11;2.65385e-10;4.52997e-14;9.99178e-11;1.3072e-10;5.40718e-11;1.06556e-12;3.40156e-09;5.50531e-13;4.01304e-11;2.58374e-10;5.3308e-10;8.06403e-11;1.63445e-10;9.70797e-09;3.44894e-11;8.61497e-12;1.54107e-10;6.62176e-09;1.45806e-11;3.34939e-15;1.4462e-05;6.00063e-13;1.02513e-11;5.7842e-10;4.9622e-08;1.85524e-10;9.46431e-12
5.38502e-05;6.70364e-09;2.44456e-08;2.50387e-07;8.79102e-08;5.01306e-09;1.13332e-08;3.74412e-07;6.27855e-08;2.02448e-08;1.27905e-07;7.64625e-07;5.82263e-07;1.89727e-08;2.7625e-08;3.24465e-07;3.81314e-06;1.64846e-08;3.02939e-08;8.6088e-08;2.48554e-08;4.6942e-07;7.27712e-08;8.37198e-07;2.1929e-06;1.14856e-06;1.14046e-07;1.34952e-08;2.63581e-09;2.88526e-10;4.07385e-08;3.16387e-10;4.71973e-08;1.74677e-07;1.28281e-08;4.70408e-08;3.57617e-08;2.53501e-08;1.28528e-07;3.96886e-09;9.93027e-09;6.09836e-07;1.89528e-07;1.66492e-06;2.46569e-09;5.76283e-09;6.46796e-09;9.44019e-08;2.40653e-08;2.04416e-08;1.47735e-08;1.6873e-09;1.41204e-07;2.22442e-07;8.82897e-11;2.53195e-08;2.3687e-07;1.30555e-07;3.88845e-08;4.65856e-07;2.61425e-08;6.09989e-07;7.31667e-08;2.78879e-08;5.68183e-08;5.14071e-09;1.90294e-08;2.82417e-08;8.49808e-08;7.7352e-08;5.79658e-07;2.00529e-07;1.51776e-07;5.35845e-07;4.75621e-09;3.77901e-08;1.28946e-08;2.81555e-07;2.0834e-08;1.99979e-07;3.66054e-07;5.92367e-09;7.13158e-09;2.22621e-08;2.39274e-10;4.35521e-07;2.01265e-07;3.13845e-09;3.23696e-08;1.37778e-08;4.00419e-07;1.88622e-07;2.27227e-08;1.91051e-10;1.28583e-07;2.15179e-08;2.07739e-11;1.1039e-08;2.05797e-08;4.82053e-09;1.25944e-08;4.37366e-07;2.16463e-07;4.12353e-09;4.38586e-05;3.21957e-07;8.87581e-09;1.00258e-08;3.79985e-08;4.89503e-08;2.92467e-09;4.61855e-07;3.30953e-09;6.9434e-09;5.11963e-08;5.37862e-08;2.1711e-09;5.87724e-09;1.76793e-08;3.53585e-08;1.24749e-08;8.52931e-09;1.27976e-08;1.66841e-08;1.41868e-09;3.76501e-06;1.15937e-08;4.33974e-09;3.33143e-06;3.58248e-08;2.68141e-08;2.00173e-08;9.76944e-08;3.31946e-09;4.52851e-09;1.18946e-07;1.57108e-07;2.55366e-07;8.16224e-08;7.84115e-07;2.04014e-07;4.53357e-06;3.67325e-08;1.09163e-08;4.1669e-08;3.55503e-07;9.9481e-08;1.922e-08;1.6577e-08;2.80176e-08;2.10207e-08;5.68306e-10;3.40859e-06;1.80431e-06;2.70496e-10;1.03482e-08;3.49027e-09;1.69365e-08;7.80979e-09;2.46033e-08;1.53317e-08;9.4838e-08;1.6454e-08;1.86964e-07;3.15787e-07;1.78394e-09;9.69988e-11;1.43227e-08;1.59564e-08;1.37987e-08;5.46437e-08;4.70676e-08;3.50725e-07;9.25031e-09;2.62655e-08;7.72873e-07;9.46092e-10;7.67346e-09;5.81908e-08;8.4339e-09;1.48533e-07;2.64402e-08;3.45438e-08;5.20312e-07;1.22955e-07;2.38382e-06;1.62209e-08;4.90305e-09;4.70141e-09;1.29569e-08;5.66678e-08;1.39942e-08;1.90033e-08;1.84783e-07;1.4844e-08;6.8058e-09;4.33477e-08;2.60742e-09;1.45938e-09;9.3542e-10;3.33895e-08;5.30564e-08;1.68408e-07;7.75897e-07;1.15053e-06;3.08012e-07;3.37636e-07;3.03139e-07;6.02641e-08;2.21801e-08;1.62271e-09;5.87736e-09;6.39132e-08;3.5328e-08;1.9631e-08;4.65472e-09;6.43108e-07;1.96423e-08;1.22872e-08;1.19426e-07;6.39171e-11;1.25852e-08;7.28722e-08;4.9047e-08;1.18364e-08;2.86265e-08;3.61097e-08;1.55139e-08;1.77074e-11;1.81884e-07;5.72793e-08;2.05251e-10;3.01332e-08;9.808e-09;3.83413e-07;2.72404e-09;1.50506e-08;1.88752e-08;1.19658e-09;1.59797e-08;5.41747e-09;5.53832e-08;1.34088e-08;5.00297e-08;1.68819e-08;4.16266e-08;6.84487e-07;7.42794e-07;2.49486e-08;1.62942e-07;8.07944e-06;2.85591e-08;3.03369e-08;6.50171e-09;1.34736e-07;6.3428e-09;1.93738e-08;5.50055e-08;1.52478e-08;2.10692e-08;1.60059e-09;6.03738e-08;4.39032e-09;2.6026e-09;1.68459e-08;9.56352e-10;3.70226e-08;2.7039e-09;7.81632e-09;2.43708e-07;5.74499e-09;5.31727e-08;8.20039e-13;1.73911e-10;2.79437e-09;2.39647e-08;4.95503e-07;1.77265e-08;2.56772e-06;2.24029e-08;1.15917e-09;4.38604e-10;5.95476e-09;1.131e-11;1.17346e-07;1.29706e-09;5.759e-09;2.06478e-09;1.67762e-10;6.05967e-07;1.14575e-09;7.92527e-10;2.2334e-07;1.49322e-10;1.63432e-08;1.63509e-08;1.27205e-08;1.29538e-08;4.82969e-08;2.79757e-08;7.73429e-09;4.21244e-11;5.49522e-10;1.01399e-08;1.55406e-07;7.71706e-10;7.26788e-08;1.04555e-10;7.06097e-09;2.09845e-08;1.95655e-08;1.83169e-09;6.21757e-09;1.72016e-08;3.60214e-08;4.44133e-08;1.74304e-07;2.9186e-09;3.10014e-08;1.15227e-05;5.95884e-09;9.16702e-08;7.60369e-08;1.65129e-07;1.4946e-08;4.66825e-09;1.69505e-06;6.13584e-10;4.50368e-08;1.25307e-10;3.17075e-08;1.26926e-08;4.57651e-08;5.12551e-07;4.64756e-08;2.53909e-07;6.71456e-07;0.871678;2.28142e-05;2.56219e-06;0.125239;3.2926e-05;0.00118348;0.00137298;1.08684e-05;3.55614e-05;7.04587e-05;0.000140291;3.02809e-05
1.14616e-05;2.30766e-08;9.88705e-07;3.05456e-07;4.12627e-09;7.31496e-09;2.11496e-07;4.22441e-09;5.48891e-08;2.21481e-08;1.81263e-09;4.00351e-07;4.71256e-09;1.49614e-08;7.81956e-09;1.3071e-08;4.41099e-08;4.42399e-09;2.12002e-08;4.62859e-08;6.3168e-10;7.88199e-08;1.11516e-08;1.37397e-08;2.36474e-07;4.48642e-08;1.04825e-08;3.63484e-09;1.24675e-09;5.12178e-09;1.90146e-07;1.73056e-08;2.76159e-10;1.89538e-07;5.38634e-09;6.22425e-09;1.00578e-08;4.14413e-09;1.18362e-10;2.1599e-10;1.73978e-10;2.34024e-08;1.23291e-09;1.21296e-06;1.11632e-09;1.22833e-09;1.04766e-07;1.22456e-08;7.30749e-08;1.6045e-07;7.0374e-10;9.48834e-07;8.86869e-10;9.4178e-12;2.57176e-11;3.18511e-08;1.5296e-09;6.35306e-08;8.92713e-09;7.86328e-07;9.59223e-09;8.52343e-08;9.92622e-09;1.82152e-08;4.78466e-09;2.70041e-09;3.02835e-09;1.09771e-08;1.88784e-08;5.43219e-08;7.0244e-07;7.88109e-09;1.83371e-08;8.45643e-09;1.57703e-08;7.55392e-09;9.16225e-09;7.16509e-10;5.03895e-08;3.66643e-09;1.14477e-07;7.71623e-09;1.03752e-08;8.70763e-08;5.67997e-09;2.91948e-09;1.03401e-08;6.33547e-10;3.78511e-09;3.45819e-09;3.89819e-08;8.39334e-09;5.54837e-09;2.7276e-11;2.41708e-09;1.7376e-11;8.6361e-10;2.4432e-10;8.44821e-10;7.00691e-10;1.01789e-07;5.4519e-07;4.63089e-10;6.54255e-09;1.33398e-09;1.33922e-09;4.60523e-09;4.41334e-09;3.80577e-09;6.15827e-10;1.09166e-09;5.36971e-09;1.00229e-08;1.77694e-09;1.28878e-08;4.74474e-11;3.89844e-09;1.64082e-10;1.24541e-09;1.14499e-08;1.87076e-09;5.01478e-10;3.72369e-09;8.07344e-10;3.47649e-07;8.47187e-07;6.76236e-11;4.83047e-08;1.71003e-08;1.24223e-10;6.85263e-09;8.95008e-09;2.21166e-08;1.08628e-09;1.16811e-09;1.08191e-08;8.92256e-09;5.58111e-08;6.12114e-08;8.43008e-10;1.35746e-08;9.87683e-10;1.13198e-09;4.10108e-09;4.82246e-10;4.5527e-09;4.37414e-10;9.47769e-09;1.00547e-08;6.20766e-10;3.51729e-08;5.74658e-11;2.28347e-10;1.71918e-09;9.34894e-10;4.10569e-09;3.59762e-09;2.12179e-09;1.74265e-09;1.44511e-08;6.82899e-09;3.05407e-08;2.21403e-09;4.53291e-09;7.9198e-10;5.90861e-10;8.19701e-10;3.80893e-09;1.78462e-09;1.29084e-09;1.71738e-08;9.08747e-08;1.36072e-07;1.13198e-09;3.59501e-08;1.00311e-08;8.46084e-10;1.80096e-11;9.36238e-09;8.33953e-10;9.48428e-09;5.6749e-08;2.18392e-08;1.0507e-08;3.13103e-08;1.31585e-08;1.39225e-09;7.24523e-10;4.39156e-09;3.63913e-09;4.0293e-09;1.7924e-08;9.27983e-08;6.591e-07;2.06789e-09;2.41196e-09;8.28167e-10;8.5601e-09;5.01752e-09;1.03584e-08;3.61164e-09;3.13197e-07;5.57226e-07;2.39734e-06;5.42885e-08;1.39457e-07;5.88046e-08;9.96034e-07;4.7755e-09;5.76451e-09;3.65213e-08;2.66318e-09;1.02435e-07;1.05998e-08;1.60564e-09;1.53304e-08;2.69367e-07;6.1554e-11;5.14199e-08;1.44396e-08;9.62367e-09;1.14353e-08;7.80693e-09;1.05587e-08;4.47923e-09;8.74457e-08;6.56973e-08;2.81912e-08;2.00955e-08;1.39933e-07;4.01607e-09;3.75398e-09;2.50965e-08;3.64827e-08;6.67121e-08;1.89739e-09;2.48602e-10;4.50028e-11;1.37235e-10;3.24472e-09;8.02073e-09;8.0778e-10;1.2384e-08;5.92346e-10;3.18227e-09;2.42801e-09;3.64074e-08;1.67022e-07;2.33697e-10;3.10844e-09;5.27982e-10;2.5168e-10;6.81971e-10;4.44399e-09;1.53855e-09;3.39003e-11;2.89774e-10;9.71233e-10;4.39545e-09;1.74962e-08;1.23313e-08;2.13739e-07;1.93802e-09;2.13024e-05;3.52362e-09;2.65378e-08;1.43071e-08;6.0739e-09;1.04726e-07;3.93954e-08;3.32637e-08;1.45968e-08;4.16024e-13;6.11191e-09;2.83352e-09;2.2468e-07;2.28882e-11;6.94585e-09;1.01606e-10;1.69568e-09;6.64582e-10;6.29083e-10;9.2414e-10;1.05846e-10;3.25862e-10;7.43401e-10;3.74757e-09;1.88863e-09;2.85902e-08;1.52654e-07;2.30668e-10;5.45303e-08;3.11142e-09;3.1219e-10;2.81644e-09;1.88439e-08;3.17414e-09;3.92428e-09;1.98213e-08;5.07237e-08;4.88505e-09;5.78433e-11;8.45733e-09;1.49325e-08;1.97041e-10;2.08953e-10;2.15266e-10;9.34182e-13;4.26808e-09;2.67124e-09;2.26071e-09;5.05657e-11;8.18281e-10;2.85019e-07;5.65375e-06;5.6238e-05;1.02439e-05;0.000158433;0.003236;0.99627;0.000201154;4.66839e-06;5.78113e-06;1.22506e-09;1.12828e-08;9e-09;2.00012e-10;8.93812e-08;2.46163e-09;2.59813e-10;1.21092e-08;3.25464e-08;1.84292e-08;8.88348e-10;1.19975e-08;3.47718e-09;1.15528e-08;1.51779e-08;9.45767e-09;2.26077e-08;1.19585e-09;4.64396e-09;4.85565e-09;1.46428e-10;1.59673e-08;1.76517e-08;2.56563e-08;1.05377e-08;3.23202e-09
1.85215e-07;8.35199e-08;1.84789e-07;1.99472e-08;5.70674e-10;1.16617e-06;3.826e-09;1.48603e-09;3.25531e-08;3.78654e-08;7.22076e-09;2.80703e-08;3.76148e-10;1.92339e-08;9.68306e-09;4.6746e-08;2.7437e-07;4.37236e-09;6.73508e-10;8.54955e-09;1.94606e-09;2.99859e-09;1.15556e-08;4.24668e-10;2.56807e-07;3.48034e-10;4.47345e-10;1.41377e-07;1.05481e-09;1.55345e-08;1.09107e-07;7.28914e-09;1.00402e-09;3.20999e-12;8.25497e-12;3.76656e-09;9.94846e-09;7.0667e-09;3.55451e-11;9.21667e-09;5.57014e-10;2.12036e-08;8.50137e-08;4.14014e-08;7.18778e-09;1.56255e-08;1.00711e-08;1.04268e-08;2.19208e-07;3.41927e-07;4.70749e-10;3.44133e-06;4.30869e-09;7.55501e-09;1.20454e-09;1.10602e-08;5.21108e-09;3.62502e-08;1.31797e-08;4.77284e-07;2.2036e-08;9.81497e-07;1.64351e-08;6.87206e-09;4.33372e-09;1.85484e-08;1.66446e-08;7.66139e-09;2.3578e-08;1.73517e-07;1.82143e-07;3.44169e-10;8.81604e-06;3.56456e-10;3.8066e-10;9.2491e-09;9.76589e-09;4.24582e-10;4.1342e-07;7.28378e-09;3.63468e-08;5.98747e-09;9.08119e-08;6.52777e-08;3.95263e-09;1.46497e-06;1.83117e-09;2.17717e-11;8.89748e-09;8.46222e-09;1.92396e-08;6.51954e-08;5.79009e-09;1.27238e-08;7.27163e-06;1.20397e-08;9.50016e-10;4.93262e-10;1.27074e-08;1.01686e-09;2.36567e-08;1.86825e-08;1.09694e-10;6.81272e-08;5.92937e-11;1.12556e-10;8.9022e-10;7.7167e-09;9.20313e-09;8.25907e-12;5.6687e-10;3.01738e-09;4.58724e-09;5.48647e-09;1.25778e-08;8.5683e-10;1.98029e-06;3.02753e-09;5.18897e-11;3.78963e-08;7.33766e-09;1.00619e-09;7.98187e-10;1.4616e-10;2.12826e-07;1.40156e-08;3.97466e-11;1.0357e-07;1.19314e-11;6.69539e-11;5.57948e-09;4.17624e-09;9.73548e-09;1.39201e-10;1.793e-08;7.71853e-11;3.11243e-08;6.91137e-07;3.21268e-07;8.14043e-09;9.57745e-07;1.4361e-08;7.56214e-09;1.07018e-08;3.70365e-09;7.29581e-08;5.50242e-09;7.6227e-09;9.51339e-09;3.06868e-08;5.12593e-08;1.0822e-07;1.16254e-07;3.58181e-10;4.89482e-11;4.8721e-09;1.32035e-09;7.3985e-08;3.25993e-09;7.94268e-09;5.20795e-09;2.63126e-08;3.11774e-08;2.01131e-06;8.01727e-09;3.7508e-10;9.17495e-10;3.67594e-09;2.24007e-09;1.11167e-08;8.08091e-09;6.63756e-08;4.23158e-08;2.07333e-08;1.04563e-07;6.11315e-09;6.39168e-11;1.45545e-09;2.79909e-07;3.8613e-09;2.72178e-08;7.42606e-07;9.15623e-08;4.57394e-08;1.50487e-06;2.0121e-08;1.40625e-08;3.65595e-09;3.92077e-07;3.29709e-08;2.69456e-08;1.00551e-08;1.01947e-07;5.61173e-08;2.2897e-09;3.51066e-07;1.15949e-09;5.59272e-10;1.26728e-07;3.38534e-07;7.44186e-09;1.46674e-08;4.74616e-08;1.29266e-08;1.07299e-09;6.33255e-08;1.59709e-09;1.43377e-09;5.80108e-09;3.52535e-08;6.37742e-10;2.58162e-09;5.29015e-09;1.4386e-08;1.66439e-08;7.27331e-08;2.86952e-07;4.23378e-08;1.64179e-06;6.8532e-10;3.42453e-12;9.80515e-09;1.59828e-08;1.47284e-07;8.16292e-09;3.63447e-08;9.99865e-08;1.62495e-07;2.16765e-07;4.05828e-06;3.24503e-08;7.80834e-10;4.35712e-09;6.76946e-08;4.00875e-08;3.69061e-08;3.04145e-07;3.71417e-09;6.96021e-10;1.11908e-08;3.09324e-08;3.62917e-09;1.31737e-07;9.50356e-09;5.66807e-09;3.71084e-08;1.40928e-06;8.27021e-08;2.01766e-08;6.03553e-06;5.31343e-10;2.21737e-09;4.26178e-09;1.71261e-08;3.06935e-08;2.90734e-09;1.66361e-07;1.2869e-08;1.34676e-08;6.39518e-09;1.49533e-07;2.62961e-08;1.9699e-06;2.55527e-09;3.10728e-09;6.48595e-11;5.75444e-09;3.71484e-09;3.0074e-08;2.24041e-09;9.14314e-08;4.92583e-09;3.43755e-14;1.26662e-09;1.74934e-08;3.23284e-08;5.0509e-11;5.52486e-06;1.8718e-09;1.35057e-09;2.73619e-08;4.82444e-08;1.264e-09;6.27942e-11;1.62934e-08;1.39172e-08;1.08686e-06;6.00853e-09;5.99307e-05;6.08353e-05;2.43747e-05;0.144527;3.2509e-05;0.85515;2.3627e-07;5.63973e-06;2.09366e-07;4.42304e-08;6.94558e-05;3.31156e-06;1.27529e-08;1.35824e-10;9.51618e-09;5.81681e-09;9.75625e-11;3.22541e-08;3.55208e-11;1.46273e-13;3.33879e-09;1.30458e-08;6.85219e-09;7.80324e-09;1.77376e-08;2.54977e-08;3.46871e-08;2.11345e-07;1.29895e-07;1.21138e-08;7.42685e-08;1.36347e-06;2.51072e-08;3.7227e-09;2.11054e-08;6.04287e-08;2.64469e-08;6.34329e-07;4.12158e-09;9.58924e-09;7.91265e-09;5.99711e-12;8.82327e-09;5.33267e-08;1.84425e-08;2.43222e-10;1.33294e-08;4.37937e-08;2.65172e-09;4.03021e-09;4.9944e-09;3.14587e-08;5.29286e-11;1.4769e-09;7.0533e-10;3.93383e-13;7.55986e-10;2.24953e-08;1.21235e-08;6.92116e-10;2.05901e-09
3.21193e-07;3.68339e-06;9.34751e-07;1.94112e-07;1.46571e-07;1.31444e-06;1.27138e-07;5.76428e-06;3.85666e-07;4.93629e-07;1.24667e-05;2.05662e-08;4.15508e-07;3.01052e-07;2.43789e-07;2.13259e-06;7.13569e-06;2.22027e-07;9.01464e-07;1.64549e-07;3.83435e-07;4.25589e-08;3.99711e-07;6.09876e-07;4.20123e-07;8.48253e-06;1.31821e-07;6.13184e-07;5.12472e-08;7.07127e-07;1.55217e-06;3.21744e-07;4.50286e-07;4.81344e-07;8.05383e-09;6.12518e-08;7.77631e-08;8.03975e-08;1.88014e-08;4.18074e-08;2.06343e-07;2.66003e-06;2.92533e-07;6.35062e-07;7.09386e-09;1.01309e-06;1.90187e-06;2.44454e-08;2.26631e-07;3.75645e-07;8.92492e-10;6.69542e-09;5.39789e-09;3.14379e-07;3.31659e-08;2.42988e-08;9.71696e-08;9.14897e-08;1.04971e-07;5.84639e-07;8.38907e-07;1.24527e-07;2.85276e-07;2.31957e-07;4.83537e-08;1.48322e-07;1.25612e-07;1.80942e-07;2.14871e-08;4.10097e-07;2.03452e-07;1.89117e-08;2.30498e-07;7.24983e-08;7.30472e-10;7.8355e-08;7.51295e-08;3.24923e-08;1.24209e-07;9.45036e-08;1.99692e-07;3.72139e-08;2.36869e-06;1.5618e-07;1.38403e-07;2.7527e-07;1.75413e-08;8.4701e-09;6.41882e-08;2.91968e-07;2.47576e-07;2.76656e-07;1.28948e-07;3.06461e-08;1.03524e-06;8.95517e-07;6.57117e-08;2.95884e-08;4.56965e-07;2.79901e-08;4.43447e-07;5.10594e-07;1.35671e-07;2.19326e-07;2.23812e-08;3.64503e-08;7.87603e-08;9.13215e-08;9.91153e-08;2.32817e-08;5.41649e-08;2.82259e-08;2.42364e-07;1.75871e-07;5.76083e-08;2.57139e-08;1.52364e-07;3.20221e-07;1.87597e-08;2.5156e-08;3.97649e-08;2.34537e-08;3.04534e-07;9.77612e-08;2.31125e-06;7.8283e-07;5.12063e-06;3.38837e-05;1.78898e-08;1.28272e-07;1.45215e-07;3.04328e-06;2.38448e-06;7.95922e-09;8.66829e-08;7.96927e-08;4.19766e-08;4.16531e-07;1.24045e-07;2.35187e-08;1.39713e-07;7.16829e-07;3.47886e-07;1.55516e-07;9.02827e-09;3.92927e-07;2.09322e-07;1.39006e-07;2.80283e-07;4.07217e-06;9.0865e-07;2.02986e-05;1.26851e-06;1.82086e-07;3.22668e-08;6.01297e-08;8.05571e-08;7.10897e-07;5.73345e-08;2.01259e-07;5.36673e-08;5.13612e-07;2.16476e-05;5.51113e-05;8.47577e-07;3.62265e-08;3.52864e-08;2.58356e-07;3.58917e-08;1.83229e-07;1.05752e-07;7.51081e-07;9.36432e-07;1.22863e-07;5.65213e-07;2.81431e-07;3.20907e-07;8.42966e-08;1.6494e-06;1.1709e-06;6.04193e-08;1.89969e-07;4.18829e-07;1.50556e-06;1.42734e-07;8.80474e-08;1.56494e-08;1.57609e-08;5.72596e-08;2.32218e-07;6.77241e-07;2.65793e-07;1.17363e-06;7.58213e-07;3.47341e-06;2.186e-06;4.53577e-06;4.82739e-07;1.73716e-06;4.3313e-07;4.49678e-07;7.10754e-08;2.19924e-07;7.34003e-08;7.24614e-08;1.13645e-07;6.65547e-07;4.03017e-08;1.99963e-07;1.39087e-07;1.32021e-08;8.67087e-08;1.1171e-07;2.37033e-07;3.20054e-08;8.6198e-07;8.87631e-07;4.4861e-07;4.85589e-08;1.20993e-07;2.07353e-07;1.47696e-07;7.036e-07;2.30936e-07;1.16947e-07;3.79103e-07;3.68092e-06;7.89072e-07;9.08667e-07;4.79331e-06;6.53899e-06;5.34981e-07;4.80693e-08;6.3335e-07;1.74681e-07;3.0346e-06;3.79076e-08;4.26152e-08;2.50864e-08;2.07239e-07;4.26501e-07;7.05532e-08;5.09677e-07;1.1197e-06;1.01799e-07;8.47145e-08;2.46529e-06;3.36901e-07;1.59656e-07;5.59108e-06;1.05032e-07;2.2335e-08;7.48853e-08;4.45191e-07;2.35426e-07;1.12674e-06;3.5212e-07;2.7488e-08;1.78925e-07;7.78046e-09;1.67902e-07;2.79449e-08;1.11639e-07;8.04317e-11;4.60453e-09;1.11886e-09;9.43215e-08;1.29109e-07;3.03853e-08;1.6687e-07;1.40255e-07;5.97605e-08;8.24437e-10;6.17259e-09;3.44362e-08;4.9421e-08;2.92711e-06;1.51995e-07;1.57633e-05;4.2928e-08;9.06688e-08;4.57366e-07;8.12067e-08;6.56598e-10;6.86366e-08;3.63656e-07;1.23974e-07;4.03784e-09;1.97144e-07;1.72308e-07;7.2692e-09;9.33826e-08;1.5745e-06;2.16934e-07;1.80417e-07;8.00194e-07;2.80379e-07;1.0785e-07;3.83618e-07;7.40446e-08;1.34064e-07;2.21264e-08;8.63514e-07;1.46418e-07;7.17182e-08;1.03518e-09;9.81508e-09;1.67288e-07;1.34907e-07;3.45816e-07;9.04697e-08;2.15526e-09;5.73869e-07;1.75186e-07;1.39687e-07;1.45545e-07;7.83379e-07;1.69408e-09;4.89595e-05;9.76657e-09;2.74695e-06;1.44706e-07;1.3925e-06;0.0398359;0.000651353;0.000131083;0.94898;1.98461e-05;0.000972496;0.00730714;6.23383e-06;5.36735e-05;1.41181e-05;4.87549e-05;1.84891e-05;0.0015767;1.85881e-07;6.71379e-07;1.06818e-07;1.70757e-06;2.02628e-08;2.99872e-09;2.67612e-07;6.8992e-07;1.80846e-09;2.73216e-07;2.65226e-08;3.28747e-08;1.66615e-08
3.14203e-08;8.14469e-08;4.04101e-07;3.97109e-08;4.10782e-07;1.81022e-07;7.81395e-08;1.61584e-08;1.8075e-08;2.93665e-08;7.97258e-09;1.91931e-10;4.32307e-11;9.0587e-10;3.31164e-09;1.86343e-09;7.91448e-09;2.12873e-09;3.96201e-09;1.05482e-08;5.73856e-08;4.8019e-10;2.8289e-08;2.07745e-08;7.72857e-08;3.30189e-08;1.10088e-09;1.35399e-10;3.85423e-07;0.0019995;3.3779e-05;0.00582428;0.000669271;0.991335;6.73369e-07;1.33627e-06;3.15633e-08;2.78254e-09;5.82821e-06;9.36046e-05;3.14872e-07;5.22971e-08;6.79188e-10;8.82635e-09;1.95528e-08;9.22562e-08;9.8126e-09;4.50839e-10;1.26486e-08;1.26748e-09;3.31799e-11;3.44191e-09;5.17943e-08;6.32679e-08;3.58505e-11;7.58051e-09;2.76352e-09;1.66322e-09;4.75238e-09;1.57933e-07;2.50274e-08;5.26066e-09;3.2727e-08;2.32884e-09;1.31219e-09;1.31541e-08;1.02989e-08;2.97636e-09;2.06624e-10;3.66775e-07;2.93071e-08;4.7091e-10;4.81679e-09;9.54555e-11;2.83727e-11;1.60564e-09;6.35597e-09;1.15048e-09;6.33294e-09;8.5466e-10;8.55458e-09;1.85174e-10;2.13272e-07;2.40656e-08;5.12447e-10;2.38611e-09;4.13088e-10;3.92617e-10;7.22397e-09;1.9254e-09;4.54936e-09;1.75433e-08;1.84639e-09;5.23669e-08;3.2133e-08;1.13918e-09;1.10716e-10;1.2692e-09;3.55419e-09;1.14216e-10;5.7777e-08;6.22091e-08;7.1127e-08;1.60515e-08;6.13915e-10;1.6643e-10;4.77981e-09;1.5268e-09;5.64895e-09;6.69906e-08;2.46488e-09;5.14445e-09;1.41837e-08;2.05843e-09;7.26497e-08;4.22379e-11;4.34477e-09;1.43194e-08;3.81309e-09;7.512e-10;2.21332e-09;5.7407e-10;2.87867e-08;9.54471e-11;5.66355e-08;7.45599e-09;6.44871e-07;2.53267e-08;1.34005e-08;3.7626e-11;1.41235e-09;7.75604e-08;1.58962e-08;3.07833e-08;3.56207e-08;5.90614e-10;2.19312e-09;6.6992e-08;5.51472e-08;1.06012e-07;5.94583e-09;2.34811e-09;7.21703e-09;5.50771e-09;1.52992e-09;5.27905e-08;1.21739e-09;1.65861e-08;3.55149e-09;1.73279e-07;2.48767e-07;1.37156e-08;3.61216e-08;1.76503e-09;2.27762e-09;1.10683e-09;2.13737e-10;9.30993e-09;6.88619e-09;2.14087e-09;1.97435e-09;3.39012e-08;7.14694e-07;1.65469e-07;1.88441e-09;6.08536e-11;1.7241e-08;3.68372e-08;1.19329e-09;5.41723e-09;6.20043e-09;2.69389e-08;1.71896e-08;6.65694e-10;6.77076e-09;6.682e-09;9.79014e-10;2.44217e-08;1.84518e-09;6.75745e-09;8.38435e-10;2.77344e-08;3.57875e-09;2.25564e-08;1.50418e-09;3.18167e-10;1.28385e-10;9.18838e-10;4.69286e-09;3.31833e-09;2.47356e-09;4.42307e-09;9.89949e-08;6.29738e-08;8.38749e-09;2.74385e-09;3.82504e-10;2.62594e-09;4.61877e-09;7.67432e-09;5.61036e-09;4.23475e-09;3.09971e-08;7.11109e-09;8.33518e-08;2.35338e-08;6.5826e-08;1.88849e-09;7.1656e-09;6.08045e-09;5.41679e-08;6.17344e-09;2.50021e-08;1.41709e-09;3.56159e-10;1.39649e-08;8.3628e-08;1.57792e-09;3.19144e-09;1.34503e-08;5.3755e-11;1.41718e-09;7.14905e-09;1.52421e-08;2.75628e-09;1.37089e-08;2.07969e-07;2.67289e-08;4.65751e-07;1.51374e-08;1.27696e-08;1.35653e-10;2.68295e-10;2.61416e-08;5.6709e-08;4.75053e-08;1.07362e-09;2.02277e-10;1.71805e-11;8.35655e-09;5.9839e-09;4.19403e-08;4.3374e-08;1.26564e-08;3.69329e-09;1.9895e-10;1.55887e-08;1.43898e-08;6.64358e-08;4.32736e-11;3.46222e-09;1.43064e-10;8.28568e-10;2.32945e-08;2.44751e-08;8.67278e-10;3.20753e-08;1.40603e-08;5.55567e-09;9.127e-10;3.85761e-07;4.68806e-08;2.07836e-05;2.38311e-11;1.59423e-10;5.76033e-12;3.2584e-09;4.62691e-09;3.60322e-08;8.80801e-09;1.59689e-08;8.21733e-09;5.16859e-15;2.8838e-11;1.11083e-07;8.41168e-09;6.98838e-08;1.5723e-09;1.63485e-10;1.19897e-10;2.06673e-09;9.44187e-09;7.15966e-09;1.76941e-08;2.19172e-10;6.98205e-09;2.27826e-09;8.18505e-12;4.67598e-09;4.22564e-09;3.68128e-10;3.86493e-10;3.10132e-11;3.41881e-12;2.9689e-09;1.05178e-08;3.27292e-09;3.82865e-10;1.78131e-08;2.37661e-09;6.80777e-09;3.31762e-10;1.25984e-08;1.60931e-09;1.82708e-08;2.04731e-09;2.10286e-09;9.7815e-11;2.27752e-09;3.92859e-08;1.47762e-08;1.18543e-09;9.97278e-09;3.07761e-09;7.43702e-10;3.90671e-08;1.02308e-08;2.38338e-10;8.43162e-08;2.75311e-10;1.02562e-12;2.46349e-09;5.30748e-10;4.33766e-14;1.29074e-08;1.13541e-07;6.48624e-06;4.12945e-09;1.59378e-09;6.45144e-12;9.52791e-10;9.63655e-09;5.33033e-09;6.82423e-09;4.23236e-09;9.30292e-10;3.79303e-07;5.53734e-10;1.54674e-09;4.20913e-08;8.02005e-10;2.53887e-09;1.06168e-08;1.47482e-10;1.90341e-10;1.28915e-07;1.38459e-08;7.65117e-08;4.69641e-09
6.05244e-09;5.20506e-08;2.56565e-08;1.87294e-08;1.37471e-06;1.10043e-07;3.96832e-09;1.89e-05;8.0945e-06;9.88284e-06;0.999487;1.03174e-05;0.000253993;4.28088e-09;8.29688e-09;5.97878e-08;7.12903e-09;5.79291e-09;4.09211e-09;1.24252e-06;2.86992e-05;1.44469e-09;3.35466e-08;1.23746e-08;2.82377e-09;2.24683e-07;3.6134e-08;9.92714e-08;5.05429e-10;3.64215e-08;1.48746e-09;1.65129e-05;1.07679e-07;7.96583e-08;4.14277e-10;1.69921e-08;3.71052e-08;8.35105e-09;2.89614e-09;5.63987e-10;4.52468e-08;9.08865e-08;1.10611e-07;9.43341e-08;6.16211e-09;2.83038e-08;3.1363e-10;1.48526e-09;3.80098e-08;2.10174e-09;8.36919e-09;2.99606e-10;3.43631e-07;2.15443e-07;8.23037e-13;1.67559e-08;4.17059e-07;8.10538e-09;2.08512e-08;3.96864e-08;1.83865e-08;1.62321e-08;1.64299e-06;1.04107e-08;3.2163e-08;4.3e-07;1.01699e-07;7.95841e-08;1.23972e-08;1.59915e-06;1.71526e-07;1.12071e-07;7.28627e-07;4.37917e-08;8.11245e-10;7.19538e-09;3.08083e-08;1.90537e-07;7.36859e-09;2.54539e-06;2.43459e-08;1.50348e-09;1.30916e-08;4.57634e-08;5.03438e-09;1.07837e-09;1.71524e-06;4.12587e-08;1.8909e-07;9.3826e-09;3.53367e-08;1.00177e-07;2.24003e-08;7.32868e-05;5.64243e-08;1.02628e-05;3.22715e-07;6.12648e-07;9.68089e-08;2.52677e-10;2.40383e-08;4.03747e-08;2.08773e-08;1.08808e-09;1.76941e-07;2.23838e-07;5.48376e-09;1.19536e-08;1.12644e-08;9.53349e-10;2.05105e-09;8.59062e-07;3.20947e-08;2.46615e-08;1.42156e-06;7.38039e-09;1.89894e-07;5.10999e-06;1.11285e-07;1.71139e-10;3.48018e-08;7.57812e-10;1.82312e-08;3.84507e-10;5.94027e-10;8.8263e-10;3.71586e-10;5.24211e-11;1.27579e-08;1.2434e-11;1.77794e-08;1.47768e-08;8.23188e-09;3.04752e-11;9.38303e-10;4.90681e-08;7.11645e-09;6.95328e-09;1.11695e-08;8.23722e-07;5.74379e-09;2.32081e-06;4.99631e-08;1.06919e-08;4.47387e-09;7.35238e-09;9.26445e-08;1.164e-08;1.0541e-09;3.77251e-09;1.46599e-08;1.65342e-11;2.17595e-08;4.76636e-08;1.8605e-11;1.39284e-08;3.57475e-10;7.3123e-10;7.40139e-09;9.32396e-09;8.65416e-09;9.78753e-08;3.26027e-07;1.36971e-08;1.0114e-05;5.84477e-09;2.65769e-06;5.0874e-08;7.80728e-06;1.48431e-08;1.27002e-08;6.13804e-09;7.1743e-09;6.22161e-10;1.75278e-10;2.1474e-07;2.79264e-10;3.71317e-09;1.30974e-10;2.68445e-07;2.36833e-08;1.39984e-07;5.79115e-08;1.61775e-07;2.84889e-09;7.93456e-07;2.55448e-08;3.107e-08;2.48508e-09;5.9709e-08;2.39972e-08;1.98209e-08;4.3964e-08;9.07107e-08;8.66608e-07;2.96599e-08;4.10531e-06;3.73217e-08;1.94698e-08;4.0303e-08;4.08415e-07;7.61222e-09;2.09811e-08;1.35218e-08;2.53308e-08;4.75089e-08;1.44948e-07;2.74144e-09;1.61976e-08;1.01826e-08;6.34266e-09;1.42409e-07;9.33797e-09;2.6718e-09;4.44622e-10;5.561e-09;7.71126e-08;2.17601e-10;8.17547e-13;9.72773e-06;4.23415e-10;3.7309e-09;6.63159e-09;8.6068e-09;7.80577e-09;4.81074e-08;4.95753e-08;6.68867e-08;5.69387e-08;4.40665e-09;1.44134e-06;7.69961e-09;7.34066e-10;4.40048e-09;9.2127e-09;1.30951e-10;1.40288e-10;2.37626e-08;1.77543e-11;7.89443e-09;1.17059e-08;2.27298e-08;6.74877e-09;4.35189e-07;2.56859e-08;7.34829e-09;5.49434e-08;2.06931e-08;1.53306e-08;1.15329e-09;5.1675e-07;1.4558e-09;1.01382e-08;1.18184e-08;2.51074e-08;6.28843e-10;6.85715e-09;4.39021e-08;6.31915e-09;2.87871e-08;4.34517e-07;2.18607e-07;4.63738e-08;4.48714e-10;2.29787e-07;3.92915e-11;1.00856e-08;4.79218e-08;3.04306e-07;1.11693e-08;1.86616e-08;1.27533e-06;8.6068e-11;1.60203e-11;4.36351e-08;5.63496e-09;1.74049e-09;6.27921e-09;8.36603e-08;1.0513e-07;2.04426e-08;5.15678e-09;2.24558e-08;3.53348e-11;3.00474e-09;2.44014e-08;2.44707e-08;1.50403e-11;6.10585e-09;1.71672e-08;1.2901e-07;7.2561e-12;9.32378e-07;1.16105e-09;8.0123e-08;2.0426e-08;4.70704e-08;1.9613e-09;2.46516e-08;1.38356e-07;2.01091e-08;4.05628e-10;3.67911e-08;1.55897e-07;2.5646e-09;4.1779e-09;4.98504e-07;1.2014e-10;5.25657e-09;2.26029e-08;1.06506e-12;1.19828e-09;7.26478e-08;9.78998e-08;7.31779e-09;1.02635e-07;8.4692e-08;7.55308e-08;1.94707e-10;2.5851e-06;1.39896e-10;6.15234e-08;6.74043e-08;7.21035e-13;2.11603e-09;7.71885e-09;2.85296e-09;2.82862e-10;1.52791e-07;1.70384e-09;4.54571e-09;6.90477e-09;6.13139e-09;8.48707e-09;1.77425e-08;1.13138e-08;3.27756e-08;1.63725e-10;4.37074e-08;2.19864e-07;5.03333e-09;3.15924e-10;5.78061e-08;1.91709e-06;1.84369e-08;1.94568e-07;3.75364e-06;2.44064e-07;1.47998e-08
3.8295e-06;1.72534e-10;4.70179e-09;1.50114e-09;2.71565e-09;1.91301e-11;1.28191e-09;6.13864e-06;6.64421e-08;2.39e-08;1.78437e-10;2.7723e-07;1.07982e-06;1.56735e-09;7.38983e-09;9.34726e-08;3.79884e-07;4.46251e-09;2.31907e-07;3.52576e-08;1.72143e-08;3.98215e-09;8.57161e-08;1.96822e-07;1.06917e-08;3.16364e-06;1.33619e-07;1.63947e-09;6.83068e-11;1.43073e-08;3.07538e-10;5.01602e-10;5.97783e-10;1.01879e-08;7.53146e-06;3.18504e-09;3.19384e-09;2.89774e-09;1.26367e-09;5.20902e-12;1.41676e-09;1.66607e-09;8.79005e-09;3.89896e-10;5.97125e-10;1.88531e-10;2.05592e-10;8.3983e-10;1.18169e-09;5.55762e-10;5.17326e-09;8.97498e-10;1.93896e-08;3.70723e-07;2.80015e-11;5.60743e-08;2.77204e-08;2.35692e-10;8.68719e-09;9.99808e-09;1.68267e-07;2.00736e-09;2.4781e-08;1.21947e-06;4.5891e-09;6.23413e-08;3.38827e-09;5.84569e-09;1.89371e-10;1.42146e-08;5.92119e-09;5.87801e-09;2.22528e-09;7.33502e-09;5.52509e-07;1.09479e-09;3.46889e-09;1.54914e-08;1.30657e-09;2.70918e-08;7.70952e-09;1.72552e-11;3.30709e-10;4.91019e-10;1.31328e-09;4.20103e-11;4.62576e-07;4.0074e-06;6.15145e-09;3.35157e-09;1.06195e-09;3.5423e-08;2.20141e-08;3.48251e-10;1.06258e-11;1.91718e-09;1.40969e-07;4.56133e-08;8.28651e-09;1.27721e-10;3.39955e-09;6.2669e-09;1.5099e-10;1.00109e-11;4.26027e-08;9.21428e-07;7.44873e-10;2.21834e-09;4.15781e-09;2.06416e-08;2.89008e-09;1.87966e-07;2.19258e-09;3.76668e-09;2.11023e-08;4.05956e-10;6.84273e-10;1.62531e-07;2.12808e-07;8.52137e-09;4.61545e-09;1.98054e-09;9.15822e-09;5.51496e-11;4.32265e-10;1.50837e-08;1.58278e-09;6.9225e-12;2.4151e-08;3.45684e-08;2.15906e-09;6.13629e-08;1.19784e-07;8.37913e-09;5.54979e-10;2.20539e-08;3.31284e-09;1.21417e-08;3.21704e-08;4.31355e-07;2.55026e-09;4.69377e-07;1.49793e-06;5.25733e-09;1.23016e-08;7.52498e-08;2.93068e-08;1.66325e-08;1.63594e-09;3.16464e-09;8.01154e-08;1.59429e-11;1.18562e-09;1.01145e-07;5.39311e-08;1.60857e-09;4.54713e-09;9.13333e-10;4.48846e-09;3.70727e-09;2.90112e-09;2.08697e-08;6.36693e-09;5.70506e-09;1.02467e-07;6.62935e-07;4.78415e-08;9.18306e-09;2.7686e-07;1.52213e-09;2.9258e-09;1.70556e-09;1.81656e-09;5.90847e-11;2.69148e-09;4.6258e-09;3.79099e-07;1.40947e-09;4.03106e-10;3.08818e-08;1.24684e-09;6.09832e-09;1.62939e-09;6.10852e-08;5.36947e-10;7.53326e-09;1.24109e-06;2.96784e-09;2.68717e-10;1.2961e-09;2.26579e-09;1.37323e-09;2.65933e-09;1.74769e-08;9.61065e-09;7.3306e-10;1.18963e-07;8.11891e-06;2.23979e-09;1.2148e-09;1.57272e-08;4.383e-10;2.61219e-09;3.42388e-09;1.9786e-09;5.6867e-10;3.99965e-09;5.39099e-07;1.04944e-09;1.50024e-09;4.53806e-10;3.16011e-09;9.78081e-10;2.03439e-09;4.40206e-11;4.34599e-09;1.19444e-09;1.50279e-12;8.18494e-12;1.64615e-06;9.39965e-08;1.82237e-09;5.54023e-09;5.38259e-10;2.85409e-09;8.83993e-10;5.81752e-09;1.23295e-09;6.56499e-11;1.7193e-10;1.34575e-09;8.22076e-08;3.3205e-11;5.34836e-10;7.40167e-10;5.51136e-12;3.2031e-10;1.60994e-11;1.32101e-08;1.86626e-09;3.50514e-08;5.07068e-08;3.2752e-09;4.08947e-09;4.66681e-09;1.44064e-10;1.15191e-08;2.39002e-08;2.85295e-09;1.72894e-10;1.1265e-07;8.82797e-07;3.77754e-10;6.36831e-09;1.57432e-09;7.81033e-09;4.53788e-10;9.07216e-09;1.27118e-09;3.72837e-10;4.4415e-10;9.8852e-09;1.23484e-11;6.36903e-10;2.48835e-08;1.88269e-07;4.22923e-09;1.11772e-08;1.15335e-08;1.11288e-10;1.31042e-09;1.81184e-09;4.14065e-12;8.79928e-12;2.35628e-09;2.10174e-10;1.27538e-13;2.93603e-10;6.40949e-09;1.37449e-08;3.5519e-10;6.57465e-10;3.70185e-08;5.69216e-10;1.62991e-10;3.08496e-10;1.1491e-09;1.07141e-12;1.54489e-10;3.66062e-10;7.55368e-12;2.94632e-11;2.70136e-08;5.2703e-08;3.45578e-10;3.80402e-09;3.67593e-09;1.96501e-08;3.21866e-08;7.75251e-08;2.62808e-09;6.27109e-13;3.27878e-09;3.10508e-09;5.58682e-12;1.00934e-11;4.47301e-10;1.87813e-07;2.1719e-09;9.90188e-10;1.31455e-07;1.80321e-10;1.02769e-08;1.29021e-08;8.00157e-10;2.59643e-08;1.50657e-08;6.70704e-12;2.82556e-11;6.37139e-08;6.73698e-07;5.18322e-08;1.12433e-07;6.90626e-11;6.98296e-10;8.79635e-09;8.65053e-10;3.5692e-10;2.10231e-07;6.60431e-06;2.03312e-09;2.9625e-09;7.4253e-09;1.02303e-07;3.50539e-08;1.21387e-08;1.05787e-08;0.0045768;1.13403e-06;1.39206e-05;8.2178e-05;1.517e-05;1.02162e-05;0.986292;2.01373e-06;1.88913e-05;3.83361e-05;0.00844416;0.000446552
0.000217095;2.57569e-10;1.34455e-09;3.4867e-09;4.75042e-10;2.50684e-12;2.6143e-11;6.54228e-11;2.53455e-10;1.42453e-10;8.9677e-14;3.14733e-12;2.82528e-12;1.93324e-09;1.19562e-10;1.6268e-07;3.07332e-09;2.03472e-11;1.13993e-08;1.07033e-10;9.46118e-12;7.91851e-08;4.7376e-11;9.41163e-09;1.74218e-11;1.64241e-12;3.87056e-11;4.62151e-10;1.76275e-09;1.90869e-13;5.60777e-13;2.03281e-08;8.24757e-14;5.68396e-14;5.54531e-13;1.10806e-09;7.42556e-11;1.589e-11;1.02629e-11;5.05432e-14;5.77743e-13;6.7793e-13;2.0939e-10;1.02186e-11;1.25771e-11;3.16944e-12;2.42475e-12;2.4833e-08;6.03091e-11;5.75752e-12;1.60894e-08;1.92364e-14;8.09801e-13;6.45424e-13;2.48691e-12;5.6097e-12;9.85959e-11;3.98842e-08;2.17672e-10;1.092e-09;5.56682e-07;6.59094e-11;2.82911e-10;1.1643e-09;1.16472e-10;1.76379e-09;9.68906e-12;2.01323e-11;2.51049e-09;1.71501e-10;3.31265e-10;6.08385e-08;4.27053e-12;1.59848e-12;4.15182e-10;7.66476e-11;8.65279e-11;1.278e-10;3.63496e-11;1.18877e-11;5.77293e-11;5.79838e-10;4.5914e-10;2.18898e-10;2.79522e-09;1.68397e-11;1.20106e-13;1.76612e-10;8.08123e-10;9.88148e-11;7.37513e-09;3.35488e-10;3.96651e-11;2.32589e-11;3.26791e-14;4.64135e-12;5.19916e-13;6.76701e-11;6.47527e-11;7.8647e-10;1.01981e-11;4.90682e-11;5.22078e-09;1.88677e-14;7.67975e-11;1.29707e-13;3.57671e-10;2.09537e-11;5.24981e-11;4.42135e-12;2.89943e-12;2.69585e-12;6.16611e-10;5.29467e-11;8.32308e-11;1.12202e-08;2.24026e-12;9.93885e-12;5.46411e-13;2.93394e-11;4.4395e-12;1.59526e-12;1.70342e-12;3.73064e-09;7.6807e-10;1.57547e-12;2.28217e-11;7.18992e-13;8.72495e-13;1.39151e-11;3.77987e-09;2.36298e-11;2.25222e-10;1.38679e-10;8.71769e-13;2.36882e-12;2.58412e-08;2.62501e-09;6.82204e-09;9.75737e-07;3.07033e-11;7.95361e-09;3.14904e-12;1.69277e-09;4.54104e-11;1.57524e-10;1.14001e-11;1.06823e-10;6.15887e-09;1.0164e-10;5.92671e-11;3.28303e-08;1.77832e-14;1.6412e-12;3.7981e-14;5.63668e-11;3.84377e-11;9.43114e-12;2.64304e-11;7.75665e-09;3.03017e-11;3.47027e-11;1.19548e-10;1.28758e-11;2.63745e-12;4.46711e-12;2.23499e-12;1.26336e-11;1.50036e-10;9.12624e-11;1.44347e-08;7.65861e-10;1.72638e-09;8.51424e-09;5.70304e-11;2.79602e-10;8.59966e-11;3.81748e-09;2.13803e-11;3.80567e-11;1.14894e-08;1.92391e-10;2.30141e-10;1.48149e-08;6.77953e-10;2.24582e-10;2.90261e-12;6.4794e-10;3.15754e-11;1.96732e-11;5.54996e-10;4.07549e-09;2.1161e-10;1.65117e-10;3.16775e-07;1.04353e-11;7.44757e-10;1.90042e-10;1.14904e-10;1.44706e-11;3.50961e-10;4.29187e-09;2.09779e-10;8.67462e-10;6.4585e-10;9.62677e-14;3.06875e-12;5.92317e-11;1.96308e-09;4.34055e-11;8.78346e-12;1.63095e-12;3.50901e-12;8.26985e-11;2.12904e-08;1.84367e-10;1.34047e-10;8.23337e-10;4.50617e-12;1.36979e-11;3.94478e-14;8.23811e-11;1.24775e-10;9.21373e-11;2.26357e-11;7.4894e-09;3.0992e-10;1.38295e-10;2.46722e-10;5.99825e-11;5.79132e-10;1.09892e-12;4.02864e-09;3.95368e-11;3.25704e-11;1.25667e-10;9.37826e-12;5.34793e-13;2.31793e-11;3.2448e-09;1.77853e-11;1.32203e-09;1.26927e-11;5.61237e-10;2.7044e-11;2.12565e-09;4.13564e-10;6.04791e-11;3.86706e-10;1.336e-14;1.56459e-12;3.6857e-11;1.74328e-09;5.3123e-11;3.83368e-11;3.38668e-11;8.12609e-11;1.02964e-10;5.86509e-11;1.10951e-09;2.21264e-11;1.09996e-10;5.01344e-08;3.54966e-15;5.19373e-12;8.24655e-12;7.12257e-10;2.15248e-11;1.05824e-10;2.80924e-10;2.55726e-11;9.71168e-12;2.60893e-19;1.68081e-08;5.6808e-11;3.01733e-11;6.65245e-09;2.54242e-12;1.33904e-11;1.03805e-15;1.44084e-09;3.6908e-12;3.29306e-11;7.32113e-12;4.79351e-12;1.41944e-11;2.29177e-10;2.82417e-05;7.8624e-09;1.43221e-06;0.999746;1.4278e-09;6.15189e-09;3.13673e-11;2.82566e-07;4.17511e-09;1.40072e-09;3.89618e-06;1.82379e-08;3.87961e-08;3.10075e-11;2.97434e-10;5.16713e-12;8.02227e-12;2.35246e-08;5.60521e-14;1.09487e-11;5.89492e-15;1.96202e-10;1.38001e-10;8.08529e-15;9.88177e-15;7.25031e-14;1.0299e-10;5.53851e-08;8.92965e-11;2.35344e-09;3.89106e-08;2.88134e-17;4.17608e-12;1.43741e-12;3.25329e-09;4.15207e-10;2.00505e-10;7.90119e-10;8.19843e-12;1.26042e-09;3.71809e-11;2.09837e-10;8.9106e-14;1.41789e-10;2.85429e-11;2.6638e-10;1.70444e-11;7.43874e-11;3.00194e-10;8.00337e-12;8.40713e-15;1.65827e-09;1.89527e-10;6.93742e-10;1.42562e-14;2.38251e-10;2.41296e-14;4.83626e-11;2.74107e-11;3.06563e-11;3.79612e-11;4.3446e-14
2.01984e-07;6.74641e-10;1.57556e-09;1.24279e-10;4.19257e-10;2.13449e-10;6.08648e-11;2.92479e-10;3.02413e-10;2.30407e-10;5.10339e-11;1.02243e-10;4.33787e-11;1.50114e-09;8.08115e-10;1.32267e-08;1.86022e-08;9.52062e-11;2.33318e-10;1.04302e-10;3.62466e-09;9.14844e-09;3.43346e-10;4.04526e-08;2.58202e-09;1.57679e-08;4.3067e-10;0.999998;5.79292e-10;1.20481e-11;9.5786e-11;1.03246e-09;5.39734e-11;1.36329e-12;1.20735e-10;2.19155e-09;1.57976e-10;1.56382e-10;1.61023e-10;1.11453e-11;1.93753e-10;1.17132e-08;4.07172e-07;5.18825e-07;3.30499e-08;5.84503e-08;6.17722e-08;1.32073e-08;1.20499e-10;3.41528e-11;6.66317e-10;2.67148e-10;3.87282e-09;4.31121e-10;6.45657e-11;1.89247e-09;7.31954e-09;2.73348e-09;7.03065e-10;4.81594e-10;5.69097e-09;6.15046e-09;7.32601e-10;1.92563e-08;5.84712e-10;7.37235e-10;1.8584e-10;5.6203e-10;1.39349e-09;1.17893e-10;3.31564e-10;2.94323e-09;1.35907e-10;2.38352e-10;8.56274e-10;6.03734e-10;1.26891e-10;1.98429e-10;2.96837e-10;1.49969e-09;1.15411e-09;4.28784e-10;8.6581e-11;4.1234e-11;2.27964e-10;2.36554e-11;4.69246e-11;4.27591e-10;5.85069e-10;6.82043e-10;9.18097e-09;2.73787e-09;4.57634e-10;1.23401e-09;1.92508e-10;4.49616e-10;1.99772e-11;1.10984e-09;2.24984e-09;4.68037e-10;2.84685e-10;2.43275e-11;5.78823e-10;2.99158e-09;2.52772e-10;1.07069e-09;3.8123e-09;2.13746e-10;1.03054e-10;9.56921e-10;5.08454e-09;3.01409e-10;1.19134e-09;2.45416e-10;9.34922e-10;1.61891e-09;1.93554e-10;2.03256e-09;4.18674e-10;7.86506e-09;1.18103e-09;6.70801e-09;9.24326e-11;1.31905e-09;1.11743e-11;2.72672e-11;9.31292e-11;1.86857e-11;2.36621e-10;2.56402e-10;2.62024e-10;7.45469e-10;3.91202e-10;4.81909e-11;1.89593e-10;5.62583e-12;2.31974e-09;6.51354e-11;1.03344e-10;1.71969e-11;6.27261e-11;4.4763e-10;7.29253e-12;8.15166e-10;1.80857e-11;9.99349e-11;3.25481e-10;1.73649e-09;4.23364e-09;7.23252e-11;2.54895e-10;2.58138e-10;5.8012e-10;1.66855e-08;5.32997e-10;3.04333e-10;6.81747e-09;4.67563e-09;7.35528e-10;2.0083e-09;2.2838e-10;5.27707e-10;2.3241e-10;1.582e-09;3.03808e-10;8.11383e-10;6.09191e-10;1.42893e-10;1.02597e-09;8.55807e-10;6.4576e-09;7.45896e-10;1.92976e-09;8.36892e-10;9.59698e-10;1.81253e-08;8.74705e-10;2.80358e-08;3.17046e-09;6.49361e-09;6.13072e-10;7.99761e-11;4.20697e-11;3.45333e-10;1.7182e-10;4.6648e-11;7.24096e-12;1.86235e-11;1.50084e-10;9.33451e-11;5.31719e-10;7.36159e-10;1.18101e-10;3.5499e-11;1.73598e-09;5.28917e-11;7.89644e-10;1.57685e-10;6.05499e-11;1.20297e-10;2.26625e-10;2.56408e-09;4.54799e-10;1.19612e-09;1.00694e-08;3.71618e-09;5.10012e-10;6.84167e-10;4.08787e-09;1.84326e-10;4.83891e-10;1.4865e-10;8.98824e-10;1.2944e-09;2.23061e-08;3.71782e-10;3.11524e-10;5.96158e-09;1.54284e-09;2.24138e-10;5.79348e-10;8.86854e-10;4.52476e-09;6.77309e-10;2.47173e-10;2.09837e-09;5.48767e-10;1.69292e-10;2.53195e-08;2.30736e-09;4.10105e-09;2.14687e-09;1.73569e-10;1.26833e-11;1.34495e-11;3.85848e-11;9.49648e-12;1.11903e-12;3.05499e-11;5.18183e-10;1.5821e-10;1.00807e-09;5.91644e-11;1.35638e-09;9.8067e-11;1.41214e-09;8.22751e-11;3.58233e-11;1.39205e-09;6.05666e-12;1.83101e-10;1.02116e-10;9.8297e-10;9.6834e-11;1.64027e-10;8.16347e-10;5.22841e-11;1.29374e-10;1.22449e-10;2.12084e-10;1.54736e-11;6.58836e-11;3.12325e-11;1.55395e-12;2.57943e-11;7.13958e-12;4.34681e-10;6.72455e-11;1.58911e-10;2.21671e-08;1.84376e-10;1.81441e-09;4.35389e-11;1.57282e-10;6.24174e-12;3.18829e-11;4.29145e-09;2.26892e-11;1.8539e-10;1.00339e-12;1.54574e-10;3.75619e-11;3.58956e-11;1.34236e-11;2.67262e-11;6.96712e-11;1.46478e-09;5.22965e-09;1.24982e-11;1.70656e-09;1.96602e-09;2.19597e-12;2.26436e-07;7.18843e-13;2.7314e-09;1.37775e-09;1.14108e-10;4.09307e-08;9.23845e-10;1.3342e-09;2.15633e-10;2.82167e-09;1.91859e-11;1.01664e-09;3.61656e-11;3.2583e-10;1.41273e-10;9.6784e-11;2.63195e-09;1.41577e-10;1.09085e-11;1.86075e-11;1.30648e-09;2.38166e-10;2.21886e-09;4.59603e-11;5.9872e-10;9.11669e-11;3.98762e-10;7.84015e-11;1.02583e-10;5.03777e-09;2.20207e-08;2.9153e-08;6.6704e-09;1.62552e-10;8.85604e-12;5.35223e-11;3.27216e-10;5.80382e-07;6.26391e-10;1.83947e-10;5.19609e-10;3.1594e-10;1.00488e-10;2.10477e-09;2.23633e-08;4.68908e-10;2.87493e-09;5.33547e-10;3.07725e-12;2.25388e-11;9.82676e-10;1.50407e-10;2.18171e-10;7.85091e-11;9.96551e-11;6.46377e-10;2.36492e-12
4.09919e-05;4.7346e-06;8.88971e-07;4.68065e-05;2.25821e-05;3.08208e-07;2.02101e-06;4.39952e-07;1.04201e-07;2.08736e-07;2.25693e-07;4.92789e-07;8.29268e-09;2.82208e-07;2.01104e-07;1.90642e-08;5.27218e-06;7.08472e-08;8.31915e-08;2.35199e-07;2.99295e-07;1.66686e-07;3.38606e-07;3.18567e-07;1.44485e-07;1.26052e-06;9.44809e-09;7.54475e-07;8.61908e-07;9.16654e-08;3.78957e-07;3.5933e-07;1.44001e-06;6.57542e-06;1.72637e-07;3.2983e-07;1.49704e-07;1.76061e-07;1.3573e-07;7.53201e-07;8.55714e-07;9.73226e-08;5.26699e-07;2.76091e-05;1.97297e-06;1.75735e-08;7.77549e-07;2.15112e-06;1.93007e-06;5.31144e-07;1.80888e-08;1.73324e-06;6.78711e-07;2.86126e-08;1.02911e-09;3.40001e-07;1.56962e-07;1.79635e-06;2.17177e-07;1.08592e-06;3.01021e-06;1.43276e-05;2.71657e-07;7.57187e-08;2.04592e-07;2.47357e-07;7.71959e-08;2.91428e-07;5.43781e-07;1.06744e-06;1.3071e-06;1.02374e-09;1.2357e-07;1.33953e-07;4.90044e-08;4.61424e-08;9.92616e-08;1.76964e-07;1.7689e-07;1.03397e-07;9.4376e-07;2.26282e-07;8.83453e-07;5.88475e-07;2.73306e-07;2.45e-07;4.26613e-09;2.74296e-08;1.61779e-07;7.09053e-08;1.17327e-07;1.12558e-07;1.06435e-07;3.07538e-08;2.5511e-08;2.11098e-08;3.20662e-11;1.5428e-08;1.83231e-07;4.55125e-08;2.74804e-08;3.61042e-07;1.55173e-07;8.10916e-07;5.67948e-08;4.95991e-09;1.56566e-07;9.59017e-08;1.55027e-07;9.67855e-07;2.73755e-07;9.29972e-07;3.87146e-08;8.43695e-08;1.1197e-06;8.65077e-08;5.2726e-07;2.96267e-07;1.90075e-07;8.21111e-08;1.17441e-07;3.55629e-08;3.17094e-07;4.83183e-07;6.64808e-08;1.02647e-07;1.98349e-07;4.16867e-08;2.88705e-06;4.43175e-09;6.52936e-08;1.94848e-07;4.37102e-07;2.98287e-08;1.5818e-07;4.34671e-08;1.07963e-06;1.05089e-07;6.81754e-07;1.04462e-06;2.64745e-08;1.9302e-07;1.18794e-08;5.92397e-08;6.51357e-08;1.83137e-07;3.46839e-08;6.38799e-08;2.57626e-07;3.64888e-07;4.99303e-08;2.15311e-08;5.91104e-08;1.04879e-05;1.71948e-08;1.51684e-07;3.71668e-07;5.94031e-07;1.15118e-07;2.14804e-07;7.98272e-08;4.79872e-07;4.72679e-07;1.96342e-06;1.04985e-06;2.86527e-07;5.15134e-08;8.56948e-07;4.04285e-07;4.23346e-08;8.50993e-08;4.52488e-07;1.60495e-06;1.15262e-08;2.24729e-08;6.32928e-09;1.07958e-08;1.38397e-08;4.68973e-08;2.35555e-08;2.15639e-07;5.82316e-07;1.82952e-07;1.32428e-06;4.98254e-07;1.97495e-08;6.54831e-08;1.83782e-08;1.34115e-07;9.20633e-08;1.11974e-06;3.55212e-06;2.80644e-06;8.62234e-06;9.39922e-07;2.43801e-06;4.42268e-07;4.71187e-08;1.9284e-07;1.95401e-07;1.61293e-07;5.63572e-07;1.8764e-06;1.00635e-06;2.60325e-07;2.9214e-07;1.78596e-07;4.72341e-08;4.31451e-07;8.45353e-08;6.71577e-08;4.15221e-08;2.08779e-07;1.79738e-07;6.67069e-07;1.80312e-07;1.40848e-05;2.07628e-07;2.95633e-06;6.38659e-07;4.2764e-10;1.39434e-07;3.89864e-07;4.2391e-07;1.54258e-07;3.72832e-07;4.19878e-07;2.22779e-07;9.02065e-09;2.14267e-07;3.91084e-08;1.53951e-09;6.04815e-07;9.88207e-08;4.22921e-06;1.03124e-07;2.82651e-07;6.95657e-07;2.17792e-09;5.75552e-07;4.20929e-08;1.05402e-07;1.45922e-07;2.60157e-07;8.20479e-08;8.88077e-08;5.50692e-07;3.52511e-07;5.67117e-07;4.12466e-08;2.75956e-07;1.08979e-08;8.61115e-08;1.08327e-07;2.85424e-07;1.0495e-08;1.01211e-07;7.36157e-08;1.36003e-07;3.32817e-07;2.19824e-07;5.58626e-07;2.88382e-07;1.09991e-07;1.3458e-07;2.51659e-09;1.50262e-07;4.71749e-08;1.39939e-07;3.36782e-09;7.55981e-08;5.61854e-08;4.75882e-11;6.93333e-08;3.54621e-08;7.08509e-07;3.22021e-07;1.61292e-07;3.35719e-08;5.98479e-09;1.05077e-08;6.69087e-09;1.13936e-08;5.84469e-09;3.14418e-09;2.48027e-08;2.12224e-07;1.69376e-07;1.04684e-06;1.02859e-06;2.59529e-09;1.14273e-08;3.6711e-07;9.29367e-09;9.6993e-07;1.31935e-07;1.71428e-07;1.16108e-08;1.0932e-07;2.7213e-07;1.25248e-06;0.0041762;0.0027917;0.047392;0.147875;0.335829;0.459683;0.000166482;4.83916e-06;0.000222706;0.00128267;0.000134493;0.00011525;4.54193e-08;2.11214e-07;6.38632e-07;9.46245e-07;6.99358e-08;3.40444e-06;6.70811e-07;4.97466e-08;2.55676e-07;1.72687e-07;2.35705e-08;7.23949e-07;2.33823e-08;2.37455e-07;2.53668e-07;5.14345e-08;1.8343e-08;9.71738e-08;3.99906e-08;1.58156e-07;6.24092e-09;9.20296e-08;3.18059e-07;1.54627e-07;1.21489e-06;8.77834e-08;1.15898e-07;4.62523e-08;2.42335e-07;8.57725e-07;5.37561e-08;8.59396e-08;2.43118e-08;7.23325e-08;9.34999e-10;6.9809e-07
3.40354e-06;5.64254e-09;1.6112e-07;4.94611e-08;1.9656e-09;1.81081e-08;1.92192e-08;1.49106e-08;2.73236e-08;2.11061e-08;1.54287e-08;2.34257e-07;2.03476e-09;2.55942e-09;1.41773e-08;4.33912e-08;1.49884e-07;4.02439e-09;2.5799e-07;9.75846e-08;4.58245e-10;3.5033e-09;8.06589e-09;1.61374e-08;3.4194e-08;2.37135e-08;4.11854e-09;1.37585e-08;2.42131e-10;5.30533e-09;2.32731e-08;3.37921e-09;1.37312e-10;9.58169e-07;6.11535e-10;3.95835e-09;9.74058e-09;4.90485e-09;1.76904e-10;4.25812e-10;1.76512e-10;2.43581e-08;6.14818e-09;7.79913e-07;1.07271e-08;1.75828e-08;1.21935e-08;2.31939e-08;5.34312e-08;2.6545e-08;7.78956e-10;5.13329e-08;1.07938e-09;8.80194e-10;2.13951e-11;4.58289e-08;1.73171e-09;8.11176e-09;6.98423e-09;6.47353e-08;1.79069e-08;2.24556e-05;1.90226e-08;5.24106e-08;4.10136e-09;7.7665e-09;2.03044e-09;5.83214e-09;2.27479e-09;3.87436e-08;1.16335e-07;1.65456e-09;3.25136e-09;6.68653e-09;7.18105e-09;2.20166e-09;1.31015e-08;1.16601e-08;1.26763e-08;2.59474e-08;9.16616e-08;3.16276e-09;3.21096e-09;1.33927e-08;2.7221e-08;2.18445e-10;2.8362e-09;9.45015e-08;8.84956e-09;2.34094e-09;3.33177e-09;2.5433e-09;4.50186e-09;1.02109e-10;2.34446e-10;2.80894e-10;7.5295e-09;2.58811e-10;4.39456e-10;3.66236e-10;2.48622e-08;1.46299e-08;3.42959e-09;1.16483e-09;1.03631e-08;3.62941e-08;2.33142e-09;3.74636e-09;5.38697e-09;1.74924e-09;7.19583e-11;1.67599e-09;2.26566e-09;2.48082e-09;1.38119e-08;3.05979e-09;5.56755e-09;3.58998e-08;5.59431e-09;8.54043e-10;9.84056e-10;1.70175e-10;1.6889e-09;3.77721e-10;1.00795e-09;4.5762e-08;4.80967e-09;3.00149e-09;4.24531e-08;1.22326e-09;1.35073e-08;4.03252e-09;8.53933e-09;5.38219e-09;2.86955e-10;8.19012e-08;3.51333e-10;2.63845e-09;3.55077e-09;3.12962e-10;2.39179e-09;2.60469e-09;4.88259e-10;1.05226e-09;3.36164e-10;4.3858e-10;3.26941e-09;1.01734e-08;2.58535e-09;2.27795e-09;3.94339e-08;4.01501e-11;4.88135e-10;1.33324e-08;1.96807e-09;4.35802e-09;2.43953e-09;2.12788e-10;3.60508e-09;3.85661e-09;4.84269e-09;2.03006e-08;9.77435e-10;4.10748e-09;1.07005e-09;1.57383e-09;3.10038e-09;2.39237e-09;1.22613e-08;1.00096e-09;2.64034e-09;3.52783e-08;1.45377e-08;4.5891e-09;3.85152e-08;1.52719e-08;3.8853e-09;8.97232e-11;1.14298e-09;1.05819e-09;1.92721e-09;6.8905e-08;5.011e-09;4.22607e-08;1.21098e-09;1.62007e-08;1.97625e-08;2.44468e-09;2.7165e-09;5.61392e-09;3.41581e-09;8.33039e-09;3.2134e-08;8.23825e-07;5.84054e-09;1.05091e-08;3.41746e-08;1.22764e-06;3.52472e-09;5.04303e-09;6.41738e-09;3.07771e-08;1.01927e-07;1.57219e-07;2.37675e-07;3.34463e-07;7.94538e-08;4.77987e-07;8.37777e-09;8.84995e-09;2.56097e-08;3.7562e-09;3.52864e-08;3.89148e-09;3.04691e-10;9.02621e-09;9.97658e-08;6.26921e-10;1.82068e-08;1.96298e-08;6.344e-08;5.92741e-09;1.75892e-08;7.75557e-09;2.30202e-09;2.46194e-08;8.42598e-08;9.53733e-09;1.03665e-08;3.98305e-08;1.84395e-08;1.96453e-08;4.91716e-09;7.58243e-09;9.24873e-08;1.63025e-09;5.86536e-09;1.30126e-09;2.75845e-10;6.2289e-09;1.87955e-08;2.87645e-09;7.40222e-09;3.52888e-09;3.21015e-09;8.49914e-10;1.99299e-08;4.50884e-08;7.29049e-11;3.73305e-09;5.34581e-09;2.39541e-09;8.55452e-10;4.90366e-09;2.00398e-09;4.60773e-10;2.90029e-10;1.88046e-09;9.08223e-09;4.88225e-08;8.86656e-08;4.12548e-07;3.94041e-08;6.82976e-05;3.13606e-09;4.36102e-08;6.40861e-09;6.36832e-09;2.3283e-07;1.19818e-08;2.22282e-08;1.5674e-07;6.14091e-14;1.2542e-09;1.27955e-08;4.28293e-08;1.06344e-08;1.57005e-08;9.46861e-08;1.02682e-07;2.17854e-09;3.5059e-09;2.23419e-09;2.11424e-10;7.82963e-11;2.36909e-09;1.11765e-09;3.42536e-11;2.29945e-09;1.19969e-08;5.77601e-11;1.71427e-08;7.82743e-08;3.17148e-09;3.90002e-09;5.82673e-09;1.64291e-09;2.20738e-08;2.04973e-08;4.51365e-08;6.10424e-09;1.35778e-11;3.62505e-08;1.26375e-08;9.23526e-09;5.30528e-09;7.84327e-10;3.20441e-11;7.95971e-09;2.20873e-09;1.92595e-09;8.65504e-11;8.78604e-11;1.287e-07;1.46887e-07;5.01763e-06;2.3245e-06;0.000303723;0.128186;0.871368;2.49496e-05;2.64655e-06;1.88934e-06;3.20493e-10;5.56372e-09;8.17167e-09;3.41407e-09;2.28003e-09;4.64197e-09;1.24567e-08;3.04971e-09;6.87219e-09;1.53325e-08;3.93159e-10;2.19594e-08;1.99365e-09;5.67136e-08;4.96772e-08;1.23192e-09;1.03852e-08;3.75207e-09;4.07563e-09;1.38178e-09;1.03717e-11;2.91756e-09;4.8418e-09;2.00325e-08;2.94522e-09;3.96661e-08
1.5691e-10;7.50654e-11;8.74586e-11;8.50692e-11;4.03464e-10;2.77225e-09;6.70113e-11;7.45337e-10;4.85624e-10;2.56872e-10;1.01032e-10;2.15558e-10;2.92992e-11;9.34725e-11;2.44849e-10;1.39415e-10;3.5406e-09;3.53435e-11;1.04892e-10;5.94709e-10;1.51721e-11;2.86149e-12;7.48918e-11;5.43738e-11;2.63602e-11;1.01551e-11;1.90242e-11;2.25238e-09;2.78607e-12;2.9547e-11;9.09912e-10;7.50614e-09;8.109e-13;4.31933e-11;4.73759e-12;3.60256e-11;1.4051e-10;4.92609e-11;2.4313e-14;1.2943e-10;7.35692e-10;4.82858e-11;4.03081e-09;1.5552e-10;4.14412e-11;2.14508e-10;2.60895e-10;4.94729e-12;2.90352e-10;2.16956e-10;7.74986e-12;1.45607e-10;2.42422e-12;7.93561e-12;3.80833e-13;2.82231e-11;8.27075e-12;4.29887e-11;8.33092e-11;8.56514e-10;6.80988e-11;1.46322e-10;1.86214e-09;4.23403e-11;3.19029e-11;9.28381e-11;1.67377e-10;1.13057e-10;2.23122e-11;3.79631e-10;5.63369e-10;8.30842e-12;1.21633e-10;3.33853e-11;3.17542e-13;2.29592e-11;5.38998e-11;2.20156e-11;6.0693e-11;1.24531e-10;3.47087e-10;4.13686e-11;1.13248e-09;2.43347e-10;2.24904e-10;4.08389e-10;9.51014e-11;2.47151e-11;3.48389e-10;6.08673e-11;2.57041e-11;1.15231e-10;5.99181e-11;2.36822e-09;1.51766e-10;4.08651e-10;1.69079e-10;2.23135e-11;5.07191e-11;3.61432e-11;9.39507e-11;2.33102e-10;5.66564e-12;1.49163e-12;5.62651e-11;5.52914e-12;3.45445e-12;6.72327e-11;6.90659e-11;1.96027e-14;8.60154e-13;2.26947e-10;7.58971e-12;6.02426e-11;2.3794e-10;6.83804e-11;2.07311e-11;8.66125e-10;5.2562e-12;1.18215e-11;1.42362e-11;7.02089e-12;4.93683e-11;1.26222e-12;4.32092e-10;2.77194e-10;1.61364e-12;2.57207e-11;1.21959e-12;2.62114e-12;1.29287e-11;1.40894e-11;9.35303e-11;3.06146e-12;8.8918e-12;6.21412e-11;6.47331e-11;1.24044e-09;1.05785e-09;1.0647e-09;4.83043e-09;2.03786e-09;1.46495e-10;7.31052e-11;2.35313e-09;3.94758e-10;7.95201e-10;6.61883e-11;6.79571e-11;7.8415e-10;2.64125e-10;2.72518e-09;8.96391e-12;2.05495e-11;5.22218e-13;2.58228e-11;2.1483e-11;7.76133e-11;1.54708e-10;8.47058e-11;6.04232e-11;2.04128e-10;1.28388e-10;5.65756e-11;1.55954e-09;4.01593e-11;4.37811e-11;4.77491e-11;1.57365e-10;6.0348e-11;4.86933e-11;1.33735e-10;1.81841e-10;2.06787e-11;6.80747e-12;6.73276e-10;3.78916e-12;6.01166e-11;4.12245e-11;1.49953e-09;6.03119e-11;2.77175e-09;2.3072e-09;3.76343e-10;7.51171e-12;3.08732e-10;9.66363e-11;9.99501e-10;3.16615e-10;3.60762e-10;1.96322e-10;7.99966e-11;2.95133e-10;2.27818e-09;6.78235e-10;2.21224e-10;1.68982e-10;1.63544e-11;7.64993e-09;4.06376e-10;3.03921e-10;7.17376e-12;2.25433e-11;3.05947e-11;5.75306e-11;5.68718e-12;1.65404e-11;2.71219e-11;2.74684e-11;1.71792e-10;7.6944e-12;5.16649e-11;1.42277e-10;2.66508e-11;1.538e-11;1.34462e-10;3.68738e-09;6.04584e-11;8.32232e-12;7.30594e-09;9.36545e-13;2.98766e-11;2.87782e-11;1.27958e-10;2.81277e-11;2.37098e-10;4.60631e-09;6.97804e-10;9.37867e-08;1.26046e-08;7.99354e-09;4.67593e-10;3.79269e-11;3.32105e-10;7.21776e-10;9.12827e-09;8.2853e-11;6.26098e-09;7.57368e-12;1.3854e-10;1.01334e-10;8.87497e-10;3.98706e-10;1.00758e-09;9.40962e-11;1.22023e-11;3.57225e-10;2.48293e-10;8.79039e-11;3.85719e-10;6.44915e-11;3.36389e-11;3.1023e-11;1.62998e-10;1.34087e-10;2.88119e-11;5.87461e-10;4.0041e-09;1.13632e-10;1.67868e-11;1.68222e-09;7.44874e-10;9.49194e-09;2.54106e-13;4.23963e-11;9.17555e-12;1.55754e-11;4.68351e-11;9.87073e-10;8.50809e-11;1.02423e-10;7.35837e-11;3.71456e-15;1.7103e-12;2.43528e-10;1.46491e-10;3.53073e-11;2.06994e-11;9.48709e-09;1.11957e-08;1.37852e-10;2.73994e-09;1.47839e-09;3.16671e-13;4.54928e-11;3.36125e-10;5.48532e-09;3.6434e-11;8.11535e-08;4.4842e-07;6.70629e-06;5.0782e-06;4.01952e-07;0.999986;5.03917e-09;6.69629e-09;5.13415e-09;7.42325e-08;1.66745e-07;2.83812e-07;9.09385e-11;2.6031e-13;1.8879e-11;6.58014e-11;1.69953e-12;3.0639e-13;4.0152e-12;2.47591e-11;8.33413e-12;6.4914e-11;8.43363e-12;2.34101e-11;2.10169e-09;4.69743e-10;4.53591e-11;2.5102e-09;9.26673e-10;3.97526e-11;1.37143e-11;1.2851e-08;7.66003e-12;1.66694e-11;3.41374e-11;9.28015e-15;4.10136e-11;1.53008e-09;4.16262e-08;1.5903e-12;8.84856e-11;2.60714e-12;1.50255e-11;3.20307e-10;1.57092e-10;8.62393e-12;6.14882e-11;7.61965e-11;7.54402e-10;1.06236e-11;1.29589e-11;2.39503e-10;4.69629e-10;1.11738e-11;8.0331e-10;1.32309e-13;6.03183e-12;2.74328e-10;4.42345e-10;3.11579e-10;4.80335e-12
1.17152e-07;1.88035e-10;8.41357e-10;2.26794e-10;9.7894e-12;2.1249e-11;4.57375e-11;1.58472e-08;3.74559e-09;3.17953e-09;1.56197e-09;2.24305e-08;1.8992e-09;3.42246e-10;1.82307e-09;2.31663e-08;2.19015e-09;4.59511e-10;1.80383e-08;1.89822e-09;8.83503e-10;2.45631e-10;1.09983e-09;2.01432e-08;4.56425e-09;1.55162e-08;1.26114e-09;3.22299e-10;1.70947e-11;4.82441e-10;4.88209e-10;2.64081e-10;7.9228e-11;5.91916e-09;3.32876e-10;4.27244e-10;2.88148e-10;1.42103e-10;3.36966e-11;1.08044e-10;1.7577e-11;1.25995e-08;6.88723e-09;8.10855e-11;9.7372e-10;1.4361e-10;6.78743e-10;3.47173e-10;6.31096e-09;2.24369e-10;5.91176e-07;1.68098e-10;2.33294e-11;1.42692e-11;1.60655e-09;5.35468e-09;2.46989e-09;3.44762e-10;5.63993e-10;2.6702e-09;1.48245e-09;4.8418e-10;3.76335e-09;2.19886e-08;1.9085e-10;4.8109e-10;3.33162e-10;1.02999e-09;4.49983e-10;2.27948e-08;1.77829e-09;2.00974e-09;4.73674e-08;6.79586e-10;1.79588e-10;3.77618e-10;2.71412e-10;6.60305e-10;1.02767e-09;3.4457e-10;2.44439e-09;1.22831e-11;4.02505e-09;1.71721e-09;5.53142e-08;3.93023e-09;2.43499e-10;2.35187e-10;6.09815e-10;3.59131e-10;2.71416e-10;7.53827e-10;5.13392e-10;1.66949e-09;4.31102e-08;2.48251e-11;1.98041e-09;1.56747e-10;2.29603e-10;2.0085e-11;7.78832e-10;1.48193e-08;7.14786e-11;7.02704e-11;1.44736e-10;6.68361e-11;1.25052e-10;2.14816e-10;1.82166e-10;5.83679e-10;1.04608e-10;1.69697e-09;2.66672e-10;1.26254e-10;4.94918e-10;3.48306e-09;9.09553e-10;1.07748e-10;6.31659e-10;1.5091e-09;5.03465e-10;1.21812e-10;6.56924e-10;5.33284e-12;2.16215e-09;2.77042e-10;9.71593e-10;1.23275e-09;3.45966e-11;1.81416e-10;1.60881e-10;2.52948e-09;3.51205e-10;1.32586e-10;1.18326e-11;1.86542e-11;1.52816e-10;7.85398e-09;5.34329e-09;2.8439e-08;1.56187e-08;1.99303e-10;1.59948e-09;2.94371e-10;3.23151e-08;1.11926e-08;1.0009e-09;3.92834e-10;1.89877e-10;1.17677e-08;4.94697e-10;8.24014e-11;1.56382e-08;5.27014e-10;6.0838e-09;1.45312e-10;1.876e-10;1.58344e-09;1.65997e-09;2.52555e-10;3.87554e-10;3.84443e-10;6.52856e-09;4.6689e-10;2.14029e-10;2.30115e-10;1.64305e-10;2.12146e-10;9.78292e-11;1.33763e-10;9.52134e-11;1.87374e-10;2.79751e-10;9.61899e-11;7.02057e-11;1.88965e-11;3.32382e-11;9.2957e-11;2.06079e-10;5.13174e-10;4.04501e-11;2.50022e-09;3.708e-10;3.33094e-09;2.80505e-11;2.72817e-10;4.0988e-11;1.7076e-10;7.38186e-11;4.91428e-10;1.68542e-09;1.44736e-10;3.11863e-09;5.84241e-09;1.50668e-09;4.32009e-10;5.42112e-10;1.00834e-09;2.48265e-09;5.05571e-10;2.05461e-10;7.44562e-11;4.16947e-10;2.75681e-10;8.25171e-10;2.2953e-10;8.91436e-11;2.37244e-09;1.60946e-10;5.55945e-10;7.63685e-11;7.72126e-11;3.43226e-10;5.83004e-10;9.29223e-12;4.57868e-10;9.65106e-10;4.49097e-11;4.70049e-11;3.70847e-11;4.19967e-11;1.87193e-10;2.43938e-10;2.59349e-10;2.02171e-10;9.66741e-11;5.85562e-10;3.06577e-10;1.25272e-10;8.69302e-11;1.0165e-10;2.25972e-11;1.60478e-11;2.80213e-10;1.95213e-09;2.83585e-09;3.73866e-10;1.70633e-09;2.3863e-11;6.10063e-10;5.85889e-10;1.45428e-09;4.45287e-10;2.85897e-10;3.07829e-10;3.55794e-11;9.47556e-08;4.27453e-09;5.52095e-09;5.74448e-09;1.07954e-09;6.19035e-09;1.38755e-10;3.72948e-09;1.8955e-09;4.6834e-10;4.29271e-10;3.73203e-10;2.76797e-10;2.83576e-11;1.03433e-09;8.54002e-10;7.44418e-10;8.91102e-10;1.04238e-11;3.53402e-10;3.69799e-10;2.31629e-10;2.71547e-10;7.06747e-10;2.83724e-10;9.37348e-11;1.25928e-14;2.27456e-12;1.22548e-09;1.66829e-10;1.16287e-09;1.50106e-09;3.02441e-10;8.34628e-09;2.39324e-11;6.49777e-10;5.05426e-10;2.18527e-12;2.43729e-11;9.03364e-12;1.65962e-10;1.47128e-12;1.19188e-10;4.04899e-10;7.88627e-11;7.30327e-08;3.00945e-11;5.10394e-10;3.54408e-10;7.21514e-10;5.22382e-10;8.18181e-09;1.86575e-10;1.40486e-10;1.76449e-10;1.61617e-12;2.52215e-10;1.31611e-11;1.372e-09;9.22863e-11;1.15933e-12;1.32235e-09;1.64513e-10;1.44203e-10;3.90419e-11;1.46955e-11;1.12832e-11;5.81364e-10;2.4942e-10;3.71789e-09;3.11688e-10;4.83479e-11;1.62773e-09;4.61553e-10;1.95815e-09;1.44364e-09;3.79116e-10;4.04491e-14;8.95231e-10;2.65099e-09;2.86289e-08;7.33621e-10;2.19029e-09;6.53334e-10;4.72455e-10;3.07262e-09;5.62602e-10;4.89485e-09;5.15923e-10;3.71837e-10;4.79638e-10;3.0738e-08;1.39876e-07;3.61585e-07;0.999989;1.2521e-06;1.68025e-07;2.91075e-07;2.52074e-08;4.70288e-06;2.77292e-07;2.11806e-06;4.932e-08
3.60987e-07;3.06403e-12;2.49168e-08;1.63324e-09;5.35068e-12;1.02138e-11;4.80053e-11;8.22556e-12;2.78022e-09;1.04547e-08;3.82814e-12;6.09092e-10;7.94442e-08;1.09732e-10;9.25042e-10;1.66865e-08;5.93928e-11;2.46179e-10;1.04502e-08;3.2559e-10;1.86877e-13;2.71725e-10;1.26231e-09;3.54598e-11;1.44433e-09;1.88087e-11;1.00203e-09;5.85977e-11;4.43527e-12;1.01306e-09;2.96948e-11;2.40513e-11;1.61895e-12;2.92275e-12;9.72355e-09;1.21926e-10;6.71128e-10;1.29374e-10;1.5276e-11;5.51557e-10;2.78292e-11;4.41995e-09;4.3477e-09;3.02885e-10;5.84024e-11;4.58536e-10;1.53455e-10;4.98407e-11;5.06573e-10;1.20006e-10;3.10976e-10;8.43204e-11;9.42919e-13;2.95227e-10;5.11026e-11;2.05781e-09;1.66191e-09;6.38827e-11;3.15934e-10;2.16251e-09;6.56552e-11;1.81936e-10;1.03784e-09;3.29199e-09;1.26911e-10;1.62977e-10;4.97942e-10;2.37493e-10;5.24989e-11;7.35215e-09;5.04057e-09;9.78546e-12;3.16379e-08;3.73719e-10;5.39406e-07;6.83366e-10;4.8993e-10;3.62463e-11;3.45511e-09;5.92606e-10;6.32832e-09;6.52914e-11;2.71619e-09;3.32987e-09;1.02739e-09;4.03237e-08;2.37128e-08;1.03017e-06;4.79919e-09;1.03347e-09;2.0265e-10;6.86121e-09;9.8111e-10;1.8028e-11;8.17927e-11;6.39437e-10;6.85679e-09;6.40489e-10;1.76715e-09;1.56046e-13;5.38329e-10;1.3714e-10;1.33974e-12;2.32685e-12;6.89604e-12;4.15196e-09;1.33062e-10;2.53634e-10;3.63361e-10;4.26589e-10;1.39175e-09;3.5767e-10;1.77224e-09;4.14753e-10;3.9566e-09;1.26347e-10;5.65918e-08;3.38331e-12;4.20128e-09;5.5461e-09;4.76208e-10;5.73814e-11;3.69418e-10;7.50665e-13;1.3866e-08;2.39391e-12;2.03239e-11;5.52828e-10;1.53787e-12;9.82499e-10;5.57271e-10;1.56484e-09;9.73106e-10;1.16007e-11;8.64136e-10;2.71095e-11;9.4083e-11;4.08379e-09;1.34351e-08;4.48808e-09;7.9124e-09;7.82706e-10;2.27417e-08;1.99955e-09;2.75311e-09;2.56993e-09;4.37692e-09;1.86499e-08;9.90577e-12;1.41029e-10;2.0716e-10;1.26145e-10;6.28816e-10;6.50056e-10;1.556e-08;4.37848e-10;7.47545e-11;3.06146e-10;6.94786e-09;3.83996e-10;4.85786e-10;1.84553e-09;1.19947e-10;4.94121e-10;1.53158e-10;1.16491e-07;1.09937e-10;5.86916e-11;9.46661e-09;7.54036e-10;2.24391e-10;5.46006e-10;7.62204e-10;2.19299e-10;1.80698e-09;1.09757e-10;1.3028e-08;4.11764e-11;9.27593e-10;6.33677e-10;1.30906e-11;5.98242e-08;5.73169e-11;8.50071e-12;3.99951e-09;1.14403e-08;1.44397e-08;2.80094e-10;6.59467e-10;3.84489e-10;6.34078e-09;1.02625e-10;2.90957e-09;2.41868e-10;2.27692e-11;2.44121e-09;2.30348e-09;1.26628e-06;6.13653e-09;6.15985e-09;9.9747e-10;4.15544e-10;4.83432e-09;3.72585e-09;3.6565e-10;2.5551e-08;9.30231e-10;8.51416e-08;1.4821e-10;6.1347e-10;1.06266e-10;1.92481e-10;1.6399e-10;1.88908e-09;6.5173e-12;2.66192e-10;4.05896e-10;1.20204e-11;3.71753e-10;1.46742e-11;4.80682e-09;1.48844e-10;5.97097e-10;6.00687e-10;6.96137e-10;6.01721e-10;7.18293e-09;1.01099e-08;2.85111e-10;6.02683e-08;1.73432e-08;9.10985e-08;2.22926e-11;3.69823e-10;6.52799e-11;2.42412e-12;4.71786e-11;5.74426e-11;5.85617e-09;1.33375e-10;1.12775e-08;4.8985e-11;1.64298e-09;1.54943e-10;1.34959e-09;7.10575e-09;6.03829e-06;5.46263e-07;1.78952e-06;0.998101;4.60622e-06;0.00187994;8.85692e-09;6.78009e-07;1.2172e-07;3.68243e-08;1.75326e-07;5.54988e-07;1.38387e-10;8.75988e-11;2.15572e-09;1.88915e-09;1.58574e-11;5.8261e-10;1.64942e-10;2.30668e-07;1.35512e-10;3.58167e-10;1.61626e-09;8.46436e-10;4.17214e-09;6.54048e-09;1.49044e-12;1.33886e-12;1.0203e-08;2.95363e-11;1.50928e-14;2.07613e-09;2.68865e-12;9.42358e-10;3.88061e-11;2.38948e-10;1.45443e-10;5.47695e-15;2.31624e-10;2.75599e-12;2.48046e-10;1.96016e-12;2.42566e-09;1.87307e-10;2.17537e-09;3.97826e-08;4.28051e-10;8.1466e-09;2.73512e-10;6.02921e-09;3.70772e-10;4.29108e-11;5.76735e-08;4.9806e-09;3.32528e-10;2.29656e-12;2.56808e-09;3.31554e-11;1.2193e-10;4.89728e-11;1.08014e-09;6.81148e-11;2.0577e-10;7.70444e-10;1.87174e-12;8.93487e-11;2.73757e-11;4.07599e-10;2.13247e-11;3.01208e-10;2.26474e-11;4.2854e-14;1.2094e-12;1.69349e-10;1.87579e-08;5.28137e-10;7.65983e-09;3.27592e-11;1.28443e-09;3.33286e-09;4.63268e-12;1.334e-10;1.00607e-11;4.13668e-11;7.71518e-12;1.10986e-09;4.66749e-10;1.44321e-09;5.98187e-10;1.09549e-09;2.94671e-10;4.38666e-12;1.44003e-10;4.58143e-09;7.59646e-12;1.63982e-10;3.29905e-11;3.92219e-11;2.3682e-11;7.73001e-10;1.95473e-09;4.49862e-11;1.08079e-08
1.00485e-08;1.32433e-11;3.84675e-11;7.20299e-13;7.58778e-11;2.27297e-09;5.07905e-13;2.28609e-10;3.0278e-10;3.07992e-11;2.40306e-12;1.0325e-12;6.60789e-12;3.5788e-09;1.69948e-09;7.01613e-09;1.21489e-09;8.7658e-11;1.20097e-08;4.63395e-11;1.06204e-11;1.40663e-09;4.14911e-10;1.22424e-10;3.67847e-10;2.76504e-10;1.13277e-10;8.82445e-10;1.32422e-10;4.85037e-11;4.94021e-12;3.90304e-12;2.22153e-09;4.98787e-14;5.90396e-11;2.02473e-10;1.11174e-10;6.04128e-11;5.16966e-11;1.64934e-11;2.29433e-09;2.80136e-10;1.8044e-10;4.31509e-12;1.43587e-14;8.58977e-11;2.1326e-12;6.42283e-10;5.31249e-12;3.04823e-12;1.33908e-10;2.98146e-09;9.72049e-13;1.68371e-11;4.07044e-12;7.00797e-11;2.02446e-10;1.85071e-10;2.26941e-10;1.21097e-11;2.14611e-09;1.03486e-10;5.87833e-11;1.16466e-12;1.46451e-10;7.5211e-11;2.20865e-10;2.07926e-10;3.40301e-10;1.38533e-10;4.79541e-11;6.49564e-12;4.91949e-08;3.80736e-10;7.4304e-13;2.61042e-10;2.08053e-11;1.64484e-10;1.20269e-10;3.57449e-10;3.16879e-10;2.85058e-10;1.57329e-10;6.58389e-12;2.00756e-10;4.40807e-11;2.58228e-10;1.94034e-12;3.78518e-10;3.25916e-10;9.68013e-10;2.36302e-10;1.86022e-10;1.7323e-10;6.21493e-09;8.87225e-10;9.51288e-12;3.50985e-10;2.57243e-09;1.23772e-11;2.18929e-11;2.17235e-13;3.5651e-13;1.63234e-11;6.4578e-08;2.10026e-11;3.97638e-10;7.42172e-11;2.72687e-10;4.0148e-10;9.83606e-11;9.2364e-08;1.31224e-11;6.9003e-11;1.99585e-11;6.25517e-10;1.53315e-11;1.44088e-11;9.61389e-14;1.92036e-11;2.01629e-10;1.26694e-10;1.44484e-10;2.12164e-10;2.92421e-10;8.19581e-13;9.20193e-12;4.47385e-11;2.63331e-11;4.69593e-13;2.85205e-09;3.2587e-09;8.12305e-09;5.03416e-12;4.5444e-10;2.51143e-10;2.09663e-09;8.14656e-10;4.72914e-10;1.07052e-09;3.91186e-09;8.89239e-08;8.76587e-11;8.82216e-10;7.71377e-10;7.85004e-10;1.10026e-07;1.72318e-09;6.78267e-10;3.5507e-10;5.15117e-11;1.00969e-09;1.02401e-09;4.534e-09;2.20567e-11;2.57476e-10;8.73117e-11;3.12943e-09;3.54064e-09;9.78127e-09;4.72116e-11;3.12105e-10;3.07271e-10;3.09972e-11;5.11573e-10;3.93252e-11;3.49413e-11;4.32217e-11;2.16033e-10;4.50899e-10;7.55228e-10;1.10458e-10;1.84943e-09;4.70339e-11;1.72194e-09;2.30776e-09;4.12133e-12;1.30881e-10;2.31809e-07;1.0463e-08;8.31313e-10;6.93342e-10;1.74805e-11;9.80838e-12;4.34483e-10;4.78669e-09;6.53851e-12;2.06139e-11;7.43903e-11;6.93804e-10;1.17551e-09;6.86766e-09;5.79212e-10;3.66337e-11;2.39317e-09;6.62913e-09;7.15975e-10;1.37922e-09;2.53858e-08;8.47689e-10;1.10112e-08;6.91929e-10;1.05831e-10;5.10837e-11;5.13403e-09;9.79381e-10;1.03928e-10;1.72714e-10;8.15457e-10;4.57146e-11;3.29749e-11;6.86531e-10;4.04881e-09;6.93937e-10;2.56283e-09;1.47599e-09;1.59017e-10;4.66168e-10;1.12263e-09;1.79953e-09;4.83067e-11;2.54057e-10;5.55651e-09;1.57542e-09;1.34104e-10;4.46929e-10;3.41921e-10;2.17655e-10;9.67891e-10;3.17288e-09;3.62752e-08;5.64213e-11;2.40622e-10;9.61496e-11;1.4587e-11;2.0318e-11;1.37747e-09;4.84397e-12;4.05431e-13;5.95573e-10;8.55772e-11;2.53704e-09;9.19359e-10;2.11919e-09;1.44034e-10;2.581e-10;5.86432e-10;2.28467e-11;4.56342e-11;1.6556e-07;1.68098e-10;3.96716e-12;1.3699e-10;1.57182e-10;3.72374e-10;5.94225e-10;9.31438e-09;1.34807e-10;9.32256e-11;1.57747e-10;7.11749e-11;1.92265e-11;2.66626e-13;3.51096e-09;8.90909e-13;1.79588e-13;7.85598e-11;8.78816e-11;1.86434e-10;2.4527e-08;1.47204e-09;5.82117e-08;1.98507e-13;7.66079e-10;6.19332e-11;4.20833e-13;3.26456e-13;5.24268e-10;1.78114e-07;2.56324e-13;2.76154e-10;2.34813e-11;3.09587e-10;4.0863e-14;5.29939e-10;3.58027e-09;4.51908e-10;1.90523e-09;3.61653e-11;3.18948e-12;4.2427e-11;1.75635e-11;1.23023e-09;7.36754e-14;6.28184e-11;1.51614e-10;1.10031e-10;5.49061e-11;2.28162e-10;8.75658e-10;7.34409e-11;9.67506e-11;2.59671e-10;1.46135e-12;1.97133e-11;1.13779e-11;1.48437e-10;4.51098e-13;1.10603e-10;8.48446e-10;4.03555e-15;1.82886e-09;1.39549e-12;2.41821e-10;2.29891e-09;1.84734e-10;5.54521e-11;2.67828e-12;2.63196e-12;1.45185e-12;1.82585e-12;3.02786e-09;1.29031e-09;0.999941;4.25616e-07;6.88095e-08;3.21469e-05;4.2127e-07;8.21788e-06;1.19969e-07;2.19216e-09;3.01674e-08;4.64694e-09;1.22586e-05;2.89955e-08;3.99963e-06;4.03653e-12;7.2988e-09;4.07174e-10;3.52879e-10;6.7775e-11;1.7665e-13;7.9094e-10;1.33379e-12;7.94122e-10;1.62449e-10;3.1589e-10;8.63495e-09;1.67312e-09
6.88823e-10;6.89692e-11;1.66844e-10;4.24106e-12;3.54356e-14;1.05644e-07;2.96734e-14;5.46823e-13;2.21926e-11;7.24069e-12;4.66794e-15;2.15487e-10;2.41786e-13;7.23437e-12;3.87723e-12;5.54577e-13;1.82216e-12;9.17687e-13;7.83686e-14;3.02667e-12;1.09363e-14;1.45992e-12;2.03447e-12;2.18158e-13;2.25446e-09;5.43542e-14;2.76799e-14;5.46792e-13;1.12147e-12;3.08342e-12;4.12698e-12;3.07671e-13;7.33328e-07;1.42907e-16;3.12834e-14;1.12309e-12;1.03207e-12;1.15124e-12;6.38764e-14;1.01951e-11;2.57241e-15;1.16366e-11;2.51523e-11;1.20095e-12;7.28321e-13;7.85981e-11;3.06061e-14;1.83832e-12;5.00026e-12;1.6086e-12;1.19763e-14;1.81919e-06;3.83321e-15;1.55332e-14;8.56822e-16;3.53479e-13;1.85796e-13;2.01912e-11;1.69255e-11;1.33358e-10;4.12109e-11;4.3811e-07;3.13686e-12;8.06679e-12;8.65877e-13;2.50015e-12;1.51638e-12;2.20246e-12;2.3552e-12;1.16391e-10;2.88448e-11;1.18657e-14;3.379e-09;5.46821e-14;7.06039e-14;1.80034e-12;8.12178e-13;7.72042e-14;9.48242e-10;1.29523e-12;3.49738e-12;1.15984e-13;8.43381e-12;4.83373e-12;9.11388e-15;4.90387e-09;1.10891e-15;2.50075e-14;3.63103e-12;1.2631e-12;9.05805e-12;1.96783e-11;1.50733e-12;1.47827e-13;1.50222e-09;3.99299e-14;1.73347e-15;5.77508e-13;1.0717e-11;1.51355e-14;5.89382e-12;1.61098e-13;8.68637e-15;2.34929e-07;2.71411e-13;2.14031e-14;1.54906e-13;1.28144e-12;2.88212e-12;2.09742e-13;3.12402e-08;1.72985e-13;1.08621e-12;1.40013e-12;1.1497e-11;1.00753e-14;7.04105e-09;3.421e-14;2.88093e-14;9.79631e-14;4.36761e-12;2.57035e-12;7.2509e-13;3.54717e-14;2.12735e-11;5.07645e-14;2.23776e-15;1.53877e-07;2.24944e-14;1.14578e-16;8.60612e-14;7.07792e-13;1.67087e-12;1.0387e-13;4.86186e-10;2.35748e-14;1.31556e-11;2.67307e-10;1.82288e-11;9.5834e-12;9.46173e-10;2.33645e-13;1.55999e-13;6.13154e-13;1.02849e-13;6.45724e-11;6.99608e-14;6.6577e-12;3.95015e-12;8.327e-12;1.75609e-12;3.50314e-13;9.91204e-10;3.122e-13;1.01222e-13;1.18435e-12;3.14637e-14;3.29651e-10;1.59587e-12;3.06024e-12;8.94119e-13;1.86351e-11;1.00735e-12;1.05836e-09;5.96523e-13;2.03646e-14;2.78106e-13;7.40109e-13;1.55874e-12;9.52292e-12;2.09986e-11;1.67999e-10;4.17935e-11;1.8387e-12;8.77603e-08;1.69174e-13;3.04149e-12;4.88641e-13;5.59652e-09;1.22546e-12;4.49237e-12;8.03666e-11;1.31334e-10;1.63064e-12;2.06224e-08;1.38061e-14;1.47109e-12;1.77675e-13;2.52506e-09;1.07892e-11;1.73164e-12;8.41703e-13;2.5613e-11;1.18109e-12;8.65734e-14;1.78346e-09;1.7e-14;1.21625e-14;2.0949e-13;1.40913e-11;4.86265e-12;1.39224e-11;1.57726e-10;5.20351e-12;1.06124e-10;2.54092e-09;1.4983e-12;9.97599e-13;4.84743e-13;1.93865e-12;2.46672e-12;4.65433e-13;1.41141e-11;1.85979e-12;2.34531e-12;1.50937e-11;6.79135e-12;9.17241e-16;3.79138e-08;1.22891e-13;1.64119e-15;1.4724e-12;9.66791e-12;1.36084e-10;1.08056e-12;2.50076e-12;2.10503e-11;1.55545e-11;5.6791e-13;1.312e-09;4.62459e-13;4.15062e-14;2.74593e-12;1.22595e-10;2.6359e-12;1.38674e-14;2.83904e-07;4.38631e-15;2.35134e-14;4.26977e-13;1.81513e-12;5.02279e-12;5.50764e-10;1.50342e-12;1.50337e-12;4.52605e-13;1.23346e-11;8.54301e-13;3.40512e-15;4.79912e-08;1.48442e-16;1.75628e-14;1.54866e-14;1.4826e-13;3.86824e-12;8.37168e-14;1.09629e-10;8.82182e-13;1.87624e-12;2.85221e-13;2.08607e-12;5.16151e-12;1.84886e-14;8.0386e-10;6.25604e-15;1.13548e-16;8.16332e-13;1.03153e-12;2.29863e-12;5.00153e-12;4.04783e-10;1.51027e-12;2.0644e-15;6.51558e-10;1.54502e-08;4.64736e-09;1.69025e-08;0.999995;1.01191e-11;3.72308e-11;3.61963e-11;5.31117e-11;9.25177e-11;3.75589e-10;1.45876e-08;5.43305e-09;1.01619e-12;3.65281e-12;2.53158e-11;4.12948e-12;1.69242e-11;5.15173e-08;5.2639e-14;2.55742e-17;7.97949e-14;2.27685e-11;4.44095e-12;5.00616e-15;1.19963e-10;1.6914e-12;1.71556e-12;2.96245e-13;2.5517e-11;2.84576e-12;4.41353e-15;3.70783e-07;2.30842e-12;9.71803e-17;1.67289e-12;5.57957e-11;1.53381e-15;2.09954e-11;1.81029e-14;1.32836e-12;1.98398e-11;8.81292e-10;1.17607e-11;8.75224e-14;1.97712e-11;2.36583e-12;1.32787e-12;3.61153e-12;4.49068e-12;1.04124e-10;5.30547e-13;1.46661e-11;2.46535e-15;3.56357e-10;4.31946e-13;1.09493e-15;3.52178e-12;2.56543e-11;1.54269e-11;1.07674e-12;1.06917e-11;3.15046e-11;5.24862e-11;4.83705e-11;1.93628e-13;2.63679e-11;6.64363e-17;8.47843e-11;8.61116e-14;3.93935e-18;3.00294e-14;5.56868e-12;2.21988e-13;6.25415e-13;7.22168e-12
7.94618e-12;4.47055e-11;1.04498e-12;8.01524e-13;8.28672e-12;4.55271e-11;7.33537e-13;2.0972e-10;2.74181e-12;1.16772e-12;6.1063e-09;3.37654e-12;1.19781e-11;1.44105e-11;9.70263e-12;1.33147e-11;1.46632e-10;2.04154e-12;9.04563e-13;6.96337e-13;3.44448e-11;1.36048e-12;1.47248e-12;1.38257e-12;7.01108e-12;6.50744e-12;2.41476e-12;9.02057e-14;4.72843e-13;3.78414e-13;3.24924e-13;1.62098e-12;2.83749e-10;6.85564e-14;8.16556e-13;7.55108e-13;2.48441e-12;1.80258e-12;2.71011e-13;6.19458e-13;4.61987e-12;5.88079e-12;7.10187e-12;3.70789e-12;1.25983e-12;5.70675e-11;1.16097e-12;1.40105e-13;1.68627e-12;3.14001e-14;7.42722e-13;4.22069e-11;2.78173e-12;5.11468e-11;7.37331e-15;6.33199e-13;1.64425e-13;2.8159e-12;1.80645e-12;5.59931e-13;6.08586e-13;5.96844e-12;6.30981e-14;1.07757e-12;1.57268e-12;2.74449e-12;4.53766e-12;5.27526e-12;3.4671e-12;9.2363e-13;2.0191e-13;9.01004e-13;5.01135e-11;4.0455e-13;2.56485e-14;1.46254e-12;7.6321e-13;7.10116e-14;4.69648e-12;4.72494e-12;9.73591e-13;4.09665e-12;6.38249e-12;9.44743e-13;2.78451e-12;4.69508e-11;2.20948e-13;1.11228e-13;6.74709e-12;4.21886e-12;4.07882e-12;8.401e-13;1.48334e-12;1.52684e-11;1.4425e-11;2.96846e-12;1.35948e-13;3.61688e-12;2.01071e-11;3.87407e-14;1.56907e-13;3.91236e-14;1.65766e-14;7.62098e-11;7.37302e-13;5.11947e-12;2.70185e-13;1.4693e-12;1.31059e-12;3.01614e-13;1.60003e-11;1.75402e-13;2.46989e-13;2.05075e-12;1.74977e-12;1.60587e-14;1.88143e-11;3.02039e-13;1.57109e-13;1.78375e-11;1.42652e-11;3.88179e-13;1.75755e-11;5.69252e-12;6.84985e-13;2.3017e-13;2.0981e-11;1.63466e-09;1.18896e-11;6.54747e-12;1.10976e-11;9.16416e-12;8.81744e-12;2.96705e-13;9.25436e-11;4.44904e-12;3.31553e-12;2.02791e-12;7.83732e-13;8.19959e-13;5.642e-12;4.05735e-12;1.04813e-12;3.51639e-13;2.26378e-13;9.03539e-12;4.48497e-12;7.75399e-13;1.52914e-12;7.473e-13;3.91192e-13;1.55411e-11;2.77352e-10;4.41041e-14;1.90106e-12;2.20524e-12;1.36502e-11;5.98067e-11;5.43843e-12;5.26204e-12;9.74675e-13;1.26482e-11;6.95265e-10;1.90216e-11;3.05845e-12;1.24026e-13;2.74426e-11;1.2809e-11;1.18095e-12;2.34311e-12;7.0535e-12;2.46726e-11;3.94662e-12;5.75069e-12;1.86247e-10;2.81505e-11;1.63303e-11;1.81111e-12;1.07252e-10;3.11836e-11;1.99535e-12;1.33668e-12;9.02235e-13;4.51735e-12;9.86908e-11;4.79668e-13;9.25173e-14;3.08564e-13;4.51587e-11;3.13768e-12;2.33383e-11;4.58293e-12;2.54922e-12;3.40619e-13;2.84684e-11;4.59342e-10;1.55102e-13;1.13904e-12;2.83099e-12;9.03693e-12;4.77043e-12;1.75778e-12;2.84115e-12;2.09132e-12;9.5369e-11;1.50871e-10;2.15832e-13;7.38562e-13;3.1213e-12;2.23439e-12;1.36358e-11;4.28688e-12;5.79273e-12;9.61828e-12;6.89771e-13;4.60056e-13;7.62923e-13;2.14129e-12;2.03033e-10;3.1328e-11;3.39041e-13;3.69257e-12;1.24671e-11;1.06181e-11;4.96942e-12;2.11601e-11;7.82214e-12;7.96172e-12;1.00567e-09;3.51656e-10;1.81293e-11;5.10986e-10;1.28221e-11;2.65483e-12;7.05502e-13;1.52645e-10;2.07477e-11;7.46517e-14;1.57231e-13;2.25343e-12;1.08617e-12;2.32656e-12;6.82693e-12;6.61014e-12;1.33307e-12;5.60185e-12;1.70515e-12;2.68778e-13;1.13613e-10;9.40679e-10;2.47733e-13;3.17373e-12;1.17025e-12;4.02428e-13;7.57252e-13;2.50083e-12;3.88044e-12;2.16401e-13;4.56296e-12;2.07862e-12;4.63011e-13;1.72537e-13;5.71308e-12;8.57412e-13;1.81107e-10;1.91095e-13;5.72828e-12;1.20044e-12;3.46253e-13;3.24687e-12;9.56844e-12;4.49711e-11;5.07205e-13;1.9827e-14;4.85187e-14;3.24851e-14;2.31361e-12;2.94776e-11;8.94498e-12;4.97603e-15;1.86507e-12;1.9338e-13;1.06279e-12;1.70858e-12;3.23013e-11;7.05538e-13;4.38145e-12;8.79135e-14;2.19776e-13;2.24308e-14;9.66174e-13;1.04717e-09;1.27038e-08;1.23367e-12;2.60825e-13;4.27146e-12;1.16519e-12;8.54502e-13;1.14633e-11;2.88572e-14;1.59985e-12;7.658e-13;3.12233e-13;1.60112e-13;1.1197e-12;5.54539e-11;1.15891e-13;8.13675e-14;3.28642e-12;3.5873e-12;9.56353e-12;1.46722e-10;1.68843e-12;1.96282e-12;3.8355e-12;2.99607e-12;3.36184e-12;4.39867e-14;6.26495e-12;1.46984e-14;2.50875e-12;2.6581e-12;1.07069e-12;0.999983;2.05182e-10;5.5329e-10;1.3702e-05;2.9673e-06;1.90311e-08;8.7014e-09;4.02498e-10;2.90665e-10;1.23777e-09;3.94493e-08;8.95733e-10;1.50781e-08;6.51863e-12;3.63731e-14;1.42862e-12;4.54148e-12;6.74163e-13;1.90458e-11;2.17223e-13;1.60255e-09;3.22971e-13;4.72705e-13;2.56992e-13;2.01602e-12;3.50933e-12
3.35673e-07;3.8648e-07;1.10589e-07;5.3168e-07;3.15567e-07;8.52756e-06;2.00484e-07;1.22912e-07;3.04425e-08;4.70653e-08;9.43677e-08;1.86911e-08;1.37685e-08;3.48216e-08;5.84853e-08;8.92952e-09;1.02927e-08;3.36276e-08;7.45286e-09;3.86779e-08;1.90317e-08;3.13877e-08;8.34017e-08;1.25122e-08;1.27645e-07;1.25446e-08;9.45087e-09;3.70274e-07;6.06305e-09;1.84157e-08;1.3302e-09;7.65627e-09;2.36231e-06;1.85128e-08;3.85146e-11;2.01595e-08;2.39175e-08;2.91116e-08;9.78877e-09;2.15842e-08;5.95576e-08;4.01283e-08;1.91867e-08;2.43795e-08;1.65153e-06;5.85604e-07;1.09706e-06;5.21588e-08;6.05438e-08;2.88988e-09;2.15708e-06;4.66241e-06;1.73602e-07;3.00552e-08;1.08276e-08;1.45901e-07;1.78323e-08;3.8053e-08;6.86377e-08;4.29549e-08;4.44372e-07;3.99547e-07;1.51931e-07;2.60506e-08;2.148e-08;1.45624e-08;1.82763e-08;8.47954e-08;6.73238e-08;1.08568e-06;2.08151e-07;9.81335e-09;3.35693e-07;3.83773e-08;5.70734e-07;3.07776e-08;4.87802e-08;8.36041e-08;1.44031e-07;1.46962e-07;1.19911e-07;1.28793e-08;2.79931e-06;3.85192e-07;2.21357e-07;3.19379e-06;6.94007e-09;6.73757e-09;8.94213e-08;4.63364e-08;1.28146e-08;3.59498e-08;2.41064e-08;1.25606e-09;5.93112e-08;1.17042e-08;3.35452e-10;9.52998e-08;2.00266e-07;9.25367e-10;3.45006e-09;8.42818e-10;8.53901e-08;8.04829e-07;2.94342e-09;5.74663e-09;2.634e-08;2.12064e-08;2.7507e-08;1.70761e-07;2.49039e-07;1.00068e-08;8.63748e-08;4.82877e-08;2.56889e-07;3.72641e-08;1.60018e-06;1.29113e-07;8.12573e-08;3.3297e-08;3.65008e-08;1.35142e-08;1.03573e-07;9.37485e-08;1.76237e-07;1.46929e-08;1.41471e-06;1.74739e-06;2.88652e-07;2.80385e-09;2.27389e-08;6.87902e-08;2.88804e-08;1.99835e-08;4.766e-07;9.23349e-09;4.40024e-08;2.03525e-07;3.41589e-08;3.82604e-08;4.36172e-07;9.01778e-09;8.57715e-08;2.87942e-08;4.2236e-09;1.54427e-07;3.22691e-08;2.00844e-08;1.05841e-08;7.28077e-08;5.0603e-09;5.9647e-09;8.94465e-07;1.05012e-07;3.0915e-09;2.96141e-08;1.4842e-09;2.64829e-08;1.2235e-08;2.9909e-08;2.46672e-08;2.54252e-07;2.73052e-07;2.58968e-06;9.38812e-07;1.22115e-08;1.17549e-07;9.1325e-08;3.35129e-08;3.91785e-08;2.59936e-08;3.06224e-07;2.85679e-08;1.38434e-07;1.14982e-06;6.96165e-09;3.94325e-08;5.24992e-08;2.14959e-08;1.44134e-08;8.49877e-08;2.46972e-07;5.94601e-08;5.26955e-06;6.84076e-06;1.39113e-08;6.16278e-08;3.3589e-08;6.85451e-07;7.11148e-08;1.85593e-07;2.05253e-07;6.17003e-07;2.65565e-07;1.74182e-06;2.65056e-06;1.02548e-07;1.99936e-08;5.70723e-08;1.05476e-07;3.92106e-08;5.27152e-08;2.47795e-07;3.28691e-08;1.78457e-07;5.06396e-07;3.79926e-07;1.75678e-08;2.66858e-08;9.41406e-08;6.55908e-08;1.17618e-08;2.15361e-08;6.35019e-08;1.25477e-08;1.07633e-08;4.03312e-08;5.15264e-09;5.85844e-07;6.71053e-10;3.91881e-10;1.7255e-08;7.09521e-08;1.29644e-07;5.55276e-08;1.18258e-07;3.59165e-07;8.79072e-08;2.52163e-07;7.43344e-07;6.66929e-08;3.60279e-08;2.01374e-08;1.31154e-07;1.67856e-07;5.63264e-09;1.46771e-06;4.62266e-08;2.80049e-09;4.13909e-08;5.28293e-08;4.73835e-08;1.05986e-07;1.4154e-06;2.562e-08;1.5813e-08;3.78976e-08;6.31475e-09;6.34938e-08;3.29728e-07;2.15864e-09;5.39236e-08;5.5896e-09;2.98665e-08;4.71176e-08;7.47978e-09;1.09776e-07;7.88431e-09;4.23134e-08;2.52751e-08;3.54182e-08;2.25215e-08;5.44145e-08;2.38466e-07;1.30763e-09;6.96267e-09;3.33307e-08;2.57871e-08;1.56346e-08;2.34756e-08;1.74017e-07;1.40854e-07;2.14622e-11;1.50435e-09;9.51117e-08;1.63082e-08;1.38402e-07;7.32044e-06;2.2182e-07;9.695e-10;4.41057e-09;1.28782e-08;7.98661e-09;7.37081e-09;1.01722e-08;4.65264e-08;1.05495e-08;8.56817e-10;3.1666e-08;3.51375e-09;2.20693e-09;7.57081e-07;3.39958e-08;7.07675e-10;2.63572e-08;3.21387e-08;2.60664e-08;8.95831e-10;1.08324e-07;3.13333e-09;1.02424e-07;4.9932e-06;9.30141e-07;3.89226e-07;0.995256;0.00434256;0.000240658;1.88651e-06;7.23522e-07;3.4787e-06;1.27889e-05;3.41414e-05;7.08117e-06;2.41345e-08;4.44712e-08;2.38942e-07;2.91136e-08;7.40134e-10;2.14261e-07;1.44166e-08;4.66556e-08;4.01368e-07;1.25627e-07;4.51302e-08;3.30513e-07;6.30625e-08;3.68024e-08;2.76424e-07;1.98702e-08;2.50694e-08;1.6137e-08;2.39312e-08;1.95558e-08;1.07144e-07;1.87048e-07;4.23285e-07;2.94707e-08;1.52611e-08;7.25783e-09;9.61829e-08;1.482e-09;3.64704e-08;7.41379e-09;3.99819e-08;2.26283e-09;1.77078e-07;5.0759e-09;1.27649e-08;5.42511e-07
2.07179e-08;3.54451e-08;2.84451e-09;8.69579e-10;3.33331e-09;5.04673e-09;1.27166e-10;1.21768e-08;5.96864e-10;7.55404e-09;3.37216e-10;9.0559e-11;2.69945e-09;1.1667e-09;2.19574e-09;5.09709e-09;1.67483e-09;1.37129e-09;1.29255e-08;6.09278e-10;4.54093e-10;1.47493e-09;1.00948e-08;3.46142e-08;1.32365e-09;3.62975e-09;4.63696e-08;7.29386e-10;3.0603e-09;3.66999e-09;2.99902e-09;9.0704e-08;1.81673e-09;4.33264e-10;6.10905e-10;5.21591e-09;1.43573e-09;1.62792e-09;1.74223e-07;3.77748e-09;1.88601e-09;1.24551e-09;1.33887e-09;4.40088e-10;4.02982e-09;2.60623e-10;7.59753e-11;1.04968e-09;1.69063e-08;5.26531e-10;1.2965e-10;1.06225e-09;3.36559e-10;7.49736e-09;4.4266e-09;2.28912e-09;1.54989e-08;1.69405e-09;2.53973e-09;7.98948e-09;4.1298e-10;1.66488e-11;5.3078e-10;2.42568e-08;1.68883e-09;1.68941e-09;1.99832e-09;2.52792e-09;5.49287e-09;2.72294e-09;7.02136e-10;1.90392e-09;4.24021e-10;6.30294e-11;5.89894e-10;2.57316e-09;2.18554e-09;9.32696e-09;7.30673e-10;2.93394e-09;3.15606e-09;1.33562e-09;3.55544e-08;2.75975e-08;3.32152e-08;2.3579e-08;8.59529e-10;1.14644e-09;2.80026e-09;1.88187e-09;1.31312e-09;8.03087e-10;2.41388e-09;1.78776e-09;7.93563e-09;5.36582e-10;2.06001e-10;9.06568e-10;2.04521e-09;1.31519e-09;6.6006e-10;7.10718e-10;1.16384e-07;4.99683e-11;1.7159e-11;1.30716e-09;2.3621e-09;2.10956e-09;1.72585e-09;9.2983e-10;2.44619e-09;2.68801e-11;2.0848e-09;9.15478e-09;9.80143e-10;9.8562e-09;5.92563e-09;4.3383e-09;3.89674e-10;5.35159e-08;9.68993e-09;7.97115e-10;9.70494e-08;7.70855e-06;1.92598e-05;5.45911e-06;0.999262;2.37349e-05;6.59309e-05;0.000504344;3.43263e-06;2.21297e-06;8.61697e-07;9.56288e-05;3.19845e-06;3.45974e-06;1.65457e-09;9.66251e-09;4.55076e-09;2.38042e-07;2.14088e-08;1.7366e-10;7.34646e-09;3.05571e-09;2.91905e-08;8.63499e-09;2.37396e-08;3.55861e-09;5.24087e-09;3.5235e-08;3.37869e-09;2.32564e-07;3.85891e-07;2.6784e-11;8.32405e-10;1.82907e-09;1.65734e-09;1.2313e-10;1.25123e-09;3.17947e-09;9.6305e-10;1.04557e-08;1.04165e-08;2.21644e-08;6.37534e-10;7.7713e-11;1.57353e-10;5.10798e-09;2.72187e-10;9.69054e-10;1.11855e-09;2.00518e-09;8.37369e-10;4.86972e-09;9.23314e-11;2.24916e-12;3.33593e-09;5.57467e-10;2.39967e-09;2.26684e-10;4.87438e-10;2.19379e-09;1.91294e-09;1.15991e-08;1.11957e-09;3.01124e-10;4.27392e-09;9.66165e-09;4.21382e-09;4.36594e-09;1.51087e-08;5.58602e-09;1.11856e-08;5.52243e-09;2.16456e-08;6.00876e-09;2.27297e-08;1.93335e-08;4.66633e-09;4.35337e-09;1.39889e-08;3.84089e-09;7.45872e-09;1.41543e-09;2.14811e-07;1.51686e-08;1.53293e-09;3.2878e-09;5.80447e-09;5.42718e-09;4.4789e-09;3.36764e-09;1.4449e-09;3.79848e-09;9.14269e-10;3.93839e-09;8.55599e-10;1.47244e-08;1.75076e-10;3.86213e-09;1.00013e-09;1.57953e-09;3.78551e-09;5.56647e-09;1.28763e-09;2.51237e-09;1.30811e-08;3.85228e-09;2.98221e-09;2.73823e-09;2.6325e-09;4.03238e-10;2.2416e-09;6.50681e-09;1.18051e-09;6.09637e-08;6.11532e-11;5.32508e-10;4.30348e-08;1.30685e-08;8.35118e-09;2.83308e-08;3.98371e-09;8.5807e-09;3.09928e-09;2.40004e-09;7.6593e-09;1.16461e-09;6.42886e-09;1.25193e-08;2.80833e-09;1.11522e-08;2.28612e-09;1.53238e-09;6.04062e-09;6.34137e-09;1.0243e-09;4.02764e-10;2.22764e-09;4.12032e-09;4.11091e-09;5.69076e-10;9.92185e-09;1.26582e-10;1.14504e-08;2.73591e-10;3.99344e-09;1.78678e-09;1.03328e-09;1.88068e-08;2.39026e-09;1.37222e-09;1.08328e-12;3.5382e-11;6.53415e-10;2.89759e-10;3.13049e-09;9.99178e-12;4.05942e-09;1.81444e-10;1.7808e-09;1.0689e-08;1.52276e-09;1.75194e-09;2.37863e-10;9.34502e-10;4.17375e-10;7.37742e-11;1.26897e-10;3.03281e-10;6.30924e-09;2.48e-09;1.4499e-10;9.89013e-10;3.76483e-09;3.46805e-09;2.40975e-09;3.1402e-08;1.58624e-09;6.34488e-11;1.98035e-09;4.81124e-10;3.07872e-09;6.94737e-10;1.77989e-08;2.417e-11;1.18381e-10;7.4813e-12;5.35521e-09;1.89324e-09;1.20307e-08;1.40669e-10;2.79221e-10;1.46096e-09;2.21919e-09;4.81622e-10;4.03184e-09;6.82583e-08;2.64479e-09;9.45672e-13;1.65908e-09;2.81189e-09;1.03373e-09;3.62538e-08;4.09125e-09;6.48788e-09;6.06032e-10;1.22547e-08;4.04945e-10;2.12676e-10;9.10607e-10;1.09974e-09;6.72306e-09;4.95731e-09;7.54842e-09;4.27454e-09;1.53693e-08;1.04662e-10;1.7185e-09;3.41774e-09;2.16414e-09;5.33543e-09;4.71695e-10;5.69413e-10;1.49384e-09;1.38095e-08;7.18623e-10;2.07206e-09;4.83473e-08
4.66545e-09;3.13199e-10;5.20446e-10;1.65174e-11;9.39396e-10;1.76152e-08;7.80255e-11;1.83618e-08;4.57533e-10;4.15534e-09;1.98593e-12;1.37974e-11;1.18254e-09;3.02842e-09;5.01152e-09;1.56485e-09;1.21356e-09;1.23943e-09;2.33026e-09;2.43265e-09;6.2924e-08;4.16912e-09;4.21943e-08;3.90091e-09;4.10243e-09;7.04934e-10;4.39655e-08;6.12564e-09;1.44991e-06;9.11754e-08;2.45221e-08;6.59939e-05;1.26692e-05;3.95273e-07;2.06536e-05;8.33076e-06;9.61047e-08;9.60893e-10;0.991088;0.00752122;0.00125983;2.585e-09;9.37185e-08;1.20177e-08;3.69551e-09;4.9161e-08;3.30466e-09;3.84851e-10;1.7746e-10;1.38254e-11;4.26105e-10;5.4745e-11;1.35242e-09;1.75804e-06;9.31685e-10;9.47936e-09;2.20452e-07;6.15434e-10;3.4301e-08;2.7052e-09;2.24064e-10;6.35584e-10;3.93744e-09;3.31307e-08;4.80753e-09;2.61238e-09;7.68085e-09;4.87361e-09;3.91513e-10;1.61622e-09;3.77747e-10;1.23264e-10;4.78629e-07;1.86986e-10;6.07963e-08;3.17458e-09;5.33411e-09;2.95347e-09;1.19451e-09;1.75423e-08;7.05963e-10;1.72543e-08;4.58667e-08;4.74382e-09;8.32192e-11;1.55008e-09;2.91227e-08;4.59708e-07;2.93305e-08;3.11147e-09;4.86671e-09;5.13794e-09;3.39901e-09;3.91895e-09;1.65556e-09;3.29187e-08;1.31463e-09;8.53105e-09;1.39007e-08;2.4969e-10;2.42638e-10;8.46773e-11;1.2173e-09;2.78974e-10;6.1027e-11;1.3561e-08;1.90308e-08;1.16501e-09;3.32621e-09;1.86225e-08;1.51904e-08;3.13869e-09;5.17498e-09;6.77801e-09;7.05023e-08;6.65619e-10;1.24355e-09;1.62533e-08;5.68686e-09;2.83877e-08;6.03755e-08;2.48845e-09;2.70311e-09;2.73598e-10;9.34693e-11;3.02229e-10;1.48507e-08;3.59597e-10;6.38597e-10;1.53523e-07;1.54639e-08;3.91879e-08;3.44282e-08;6.01133e-08;4.15487e-08;3.6312e-09;2.52579e-09;2.65751e-09;5.37277e-10;7.74322e-10;9.07508e-09;5.17386e-10;4.10454e-08;1.10046e-08;2.57948e-10;1.69041e-09;1.708e-08;1.44276e-08;3.71371e-09;1.47575e-08;4.03413e-09;1.66186e-09;1.08937e-05;5.77482e-08;1.86445e-10;3.05591e-09;6.67101e-10;4.76296e-09;6.97139e-08;5.95717e-08;1.29673e-09;1.52113e-08;2.99915e-10;1.8187e-08;1.51741e-09;9.74041e-09;2.98909e-09;9.15592e-09;3.21297e-09;3.11802e-09;5.46376e-09;8.15897e-10;1.29445e-09;6.09163e-10;1.60093e-09;1.58587e-09;8.04274e-08;3.28928e-09;1.71184e-08;1.69338e-08;1.04856e-07;1.30403e-07;1.98766e-10;5.97981e-10;2.95017e-07;1.59965e-07;1.83016e-07;5.95977e-08;1.69296e-08;1.32123e-08;4.48778e-09;4.43408e-09;4.04302e-09;5.90661e-10;9.63758e-10;1.9106e-09;8.07459e-09;2.32698e-07;1.42843e-08;7.31972e-09;9.64329e-09;2.41624e-09;1.71122e-09;4.80339e-10;3.42825e-08;9.71561e-08;2.20528e-09;1.51631e-09;4.72166e-08;1.90409e-08;2.61557e-08;4.83191e-09;1.01684e-08;5.03142e-09;3.81908e-09;5.74382e-09;1.88072e-09;4.00297e-09;1.05217e-10;1.60663e-09;2.02098e-07;4.39096e-09;2.19594e-08;1.33378e-08;7.4736e-09;3.02939e-08;8.54144e-09;1.86376e-09;1.06875e-08;2.61954e-07;6.47631e-08;1.11877e-07;7.39233e-09;2.43953e-09;1.18502e-09;1.39474e-11;1.36505e-09;2.53844e-11;3.12267e-07;2.22986e-08;5.25655e-09;1.04183e-08;3.00138e-09;1.57971e-09;2.39842e-09;1.27719e-09;4.44845e-10;2.26898e-10;9.55634e-09;3.57968e-10;2.60461e-09;1.22841e-07;5.36514e-08;4.04115e-08;1.29344e-07;2.91705e-08;7.04976e-09;9.59324e-11;3.08544e-09;1.43621e-08;1.33779e-08;8.63503e-09;1.1857e-09;1.97455e-10;1.77566e-08;3.51053e-07;4.2628e-09;4.25558e-09;1.61781e-09;1.1039e-07;1.38371e-08;8.61761e-08;1.90756e-08;3.41385e-11;3.78402e-09;4.74882e-12;1.0213e-11;6.31978e-11;1.30275e-10;1.84558e-12;3.42415e-08;1.38886e-08;2.10271e-08;2.81918e-12;2.8779e-09;2.6016e-09;5.29509e-09;1.19072e-09;1.14263e-12;1.31877e-11;2.21708e-08;4.77088e-10;1.66686e-08;9.99423e-13;9.27426e-09;5.23225e-09;6.42353e-09;6.89317e-10;1.44816e-07;6.78034e-10;4.06481e-09;4.18273e-10;5.77914e-10;8.30071e-10;1.04776e-09;1.03213e-09;7.28998e-07;1.94046e-09;2.25817e-08;7.01786e-09;6.82594e-11;1.08666e-07;5.96511e-10;2.30382e-09;1.62313e-09;4.20606e-10;8.81948e-10;7.08199e-12;2.3829e-11;7.86093e-12;1.61839e-10;1.64213e-09;1.6766e-08;7.75194e-09;4.69202e-09;4.0944e-09;2.7672e-12;9.01497e-10;2.02135e-09;3.87062e-10;6.98522e-09;1.98232e-09;4.94483e-09;2.29328e-08;2.83291e-09;1.69234e-09;2.58597e-08;1.79218e-09;4.3838e-08;3.6499e-09;1.60938e-12;1.89941e-12;4.3096e-09;8.73691e-08;6.20737e-09;9.45728e-09;6.44013e-09;2.96846e-07;5.98304e-07
9.90534e-07;8.51608e-07;4.68772e-09;2.86144e-10;2.129e-09;2.13351e-09;1.08346e-09;1.09257e-08;3.55755e-09;9.96039e-10;2.52831e-10;1.41673e-11;2.10976e-13;1.82825e-08;9.59796e-10;7.48769e-10;4.87118e-09;1.81217e-10;1.10022e-10;3.60939e-09;2.46974e-09;6.77535e-08;5.10917e-10;1.06875e-08;1.8726e-09;2.55362e-11;4.59461e-11;3.97217e-09;1.42521e-07;7.33988e-11;2.09865e-10;7.04208e-11;1.4487e-10;8.67099e-13;1.80422e-13;9.55949e-09;4.53222e-10;1.82294e-10;3.41023e-10;8.66096e-11;2.15913e-10;3.09793e-09;8.93896e-09;1.03284e-10;9.45611e-09;1.27406e-08;2.08171e-10;2.19571e-08;2.67266e-10;1.20146e-10;5.42879e-11;4.40233e-11;6.78086e-12;6.40697e-13;9.20321e-12;1.12253e-10;6.01859e-11;2.23435e-07;1.2494e-08;1.1319e-09;2.95071e-08;1.82612e-09;6.19997e-10;2.26799e-10;1.65976e-09;9.1597e-09;1.33422e-10;1.34041e-09;4.50964e-08;2.8637e-09;4.44876e-10;8.41069e-11;8.85605e-10;4.58117e-12;4.08924e-11;6.53365e-10;4.82706e-10;8.94165e-10;1.87055e-10;2.96378e-09;9.5469e-11;1.07661e-07;3.52673e-08;5.80529e-09;1.47279e-10;7.27378e-12;4.78767e-12;5.50982e-12;8.05943e-11;1.48089e-10;2.90706e-08;1.597e-09;5.61141e-10;3.00202e-08;1.42055e-10;2.23234e-10;1.00901e-12;1.31287e-10;1.36271e-10;9.44911e-08;2.58408e-10;4.81878e-11;1.53217e-09;1.15607e-09;2.48657e-12;7.66706e-14;8.89245e-09;2.69898e-10;2.55956e-10;2.7541e-11;1.57241e-12;1.31881e-11;4.95697e-09;6.87074e-10;1.116e-08;4.17331e-09;4.52868e-11;5.71284e-09;1.06032e-12;4.21058e-09;1.75791e-09;7.99465e-12;1.68125e-11;5.34444e-08;6.52956e-11;4.04611e-12;1.71118e-09;5.35877e-12;3.62503e-12;7.52472e-12;2.35201e-08;5.41617e-11;3.66241e-10;4.9103e-11;4.28035e-12;2.281e-12;3.01657e-07;4.96408e-09;1.65493e-09;6.97901e-09;1.335e-10;9.79924e-12;1.20702e-11;2.67137e-09;2.40966e-10;3.47621e-11;2.24038e-11;1.06635e-10;2.38575e-07;3.33853e-08;1.16765e-09;4.26877e-11;3.0054e-08;9.1085e-11;1.45942e-13;1.31819e-09;3.47304e-11;8.29983e-12;2.16196e-11;6.66838e-07;1.60495e-10;2.12979e-09;2.36319e-10;3.22571e-10;4.52549e-09;7.86149e-12;3.8078e-10;6.79669e-10;2.42874e-10;2.33512e-10;7.80327e-09;7.00308e-09;1.4934e-09;1.4629e-10;3.85198e-10;3.8359e-11;5.96136e-12;1.50675e-09;8.24158e-11;2.67918e-11;7.29348e-07;1.20097e-08;9.07846e-10;1.95592e-08;8.9203e-09;9.189e-11;1.78532e-10;8.21203e-09;1.95533e-09;6.4985e-10;2.86469e-10;4.83886e-07;2.6779e-08;4.71148e-09;4.33759e-09;1.36236e-08;2.74591e-10;1.51876e-10;2.84732e-09;1.45908e-10;5.25642e-10;1.75049e-07;4.87885e-09;1.08157e-09;2.0027e-08;1.81144e-10;6.1492e-10;4.53925e-11;1.57219e-08;1.12336e-09;4.25196e-09;2.02519e-10;8.91872e-10;3.69276e-10;5.05941e-07;5.84659e-09;1.70046e-09;6.43428e-12;1.7692e-10;6.09614e-11;1.12069e-11;1.24183e-09;6.83147e-10;2.24332e-09;3.47202e-10;5.21077e-08;1.5984e-09;2.79307e-09;6.34937e-10;5.01873e-10;2.70774e-09;1.23637e-12;2.31463e-07;2.8243e-10;2.20524e-09;1.61276e-10;2.20017e-11;8.2157e-12;3.52828e-11;2.76498e-08;8.15288e-11;2.35592e-08;2.97833e-10;3.19385e-10;2.35573e-10;9.26414e-07;1.13285e-08;1.73484e-10;5.27048e-10;1.28546e-11;2.02089e-12;1.53733e-12;4.99243e-09;3.8116e-10;5.18571e-09;1.04663e-09;1.20749e-11;4.32316e-12;7.0304e-10;1.26883e-07;5.74204e-09;1.07533e-09;2.23741e-08;7.88281e-11;3.85937e-11;1.03823e-11;6.6977e-09;4.31831e-10;2.09389e-10;4.23368e-09;1.14411e-09;1.1672e-09;1.84903e-15;6.4725e-08;4.78092e-09;1.94843e-11;2.64416e-10;3.41488e-10;1.80725e-11;6.26172e-13;4.88506e-08;3.19201e-10;6.07559e-11;8.91543e-14;3.37407e-12;1.48149e-10;8.75101e-11;2.58952e-07;2.16459e-10;6.36393e-11;1.37805e-10;2.88347e-12;4.94262e-13;1.83484e-15;6.4955e-09;1.41098e-10;7.86966e-10;7.14864e-12;4.34706e-11;4.53654e-12;4.25734e-09;0.000524126;1.45937e-06;3.79072e-06;0.995762;1.68167e-05;0.0036816;9.69783e-11;9.1314e-07;2.35794e-07;2.05106e-08;1.46825e-08;1.59634e-08;5.2195e-10;1.65391e-07;2.35406e-09;1.17162e-09;1.07375e-09;8.7834e-10;5.39148e-13;4.06021e-12;3.64568e-08;2.58491e-09;6.53519e-10;8.66815e-08;1.47266e-10;1.93954e-12;8.26884e-11;8.6808e-10;4.7482e-13;5.23994e-08;1.18915e-09;2.33593e-10;3.92651e-09;5.29414e-10;2.47757e-11;3.05381e-10;1.09527e-11;3.42297e-08;1.32833e-10;1.39093e-11;1.21702e-14;4.98429e-10;1.03199e-13;9.07359e-08;1.46874e-09;5.56897e-10;8.19852e-09;7.59623e-10
1.20449e-07;9.9618e-08;7.78699e-08;1.9746e-08;9.79241e-09;5.57216e-09;1.05665e-08;5.83667e-08;7.19232e-08;6.01915e-09;9.79612e-09;1.02032e-09;2.9352e-11;3.56675e-09;8.01687e-09;2.08407e-08;3.65508e-08;1.865e-09;7.49793e-09;1.94545e-08;6.98036e-09;2.00119e-09;5.1669e-09;4.87583e-08;2.68226e-08;6.96804e-10;1.91577e-09;0.999927;2.89725e-09;3.82326e-08;2.02852e-07;4.57095e-09;4.73221e-09;1.06413e-08;4.63653e-10;1.49655e-08;3.30229e-09;3.45675e-09;8.79483e-10;2.08865e-10;2.63208e-09;4.20356e-06;1.02718e-05;1.79279e-06;5.36488e-06;6.85836e-07;3.95638e-07;3.10721e-08;6.18173e-08;3.3935e-08;2.38581e-08;1.38176e-08;2.18953e-08;2.31102e-08;4.81796e-08;1.06318e-08;2.58323e-09;2.90729e-08;1.61675e-08;4.25183e-08;4.3292e-07;1.70404e-07;2.20684e-08;1.18241e-08;5.49332e-09;9.45545e-09;1.84043e-09;3.15054e-09;5.61088e-09;7.99998e-09;6.9624e-09;6.96405e-09;3.75839e-10;9.18385e-11;1.56375e-09;2.77974e-09;5.13529e-09;1.46121e-08;9.9658e-09;1.14801e-08;6.58469e-09;3.22596e-09;1.84278e-08;2.41971e-08;4.71821e-09;2.73719e-09;3.26792e-10;1.20688e-09;1.08235e-09;1.28969e-09;2.55849e-08;2.08737e-08;1.33333e-08;9.55137e-08;9.86178e-09;3.56946e-08;9.72775e-09;2.05893e-08;1.50624e-08;4.9048e-09;2.82372e-09;2.29865e-09;3.33514e-10;2.19215e-08;2.78824e-10;4.86124e-10;3.87514e-09;3.00515e-09;2.2041e-09;2.4672e-10;9.9698e-12;1.40034e-10;2.60276e-08;2.99666e-09;6.60955e-08;5.18432e-08;1.80756e-08;6.48252e-08;9.20253e-08;1.26549e-07;3.75002e-09;6.7987e-09;1.3053e-09;1.495e-09;6.68308e-09;7.82378e-09;8.41612e-08;3.73959e-09;5.44259e-10;8.42295e-10;9.86869e-10;4.85516e-09;1.87959e-09;1.59233e-09;8.98472e-11;1.47606e-10;5.22374e-09;1.6211e-08;1.11584e-08;1.12444e-08;6.11585e-09;2.96872e-10;1.95072e-10;3.50109e-09;2.57918e-08;9.77837e-10;8.35128e-09;8.57534e-09;1.16327e-08;4.411e-08;2.61274e-07;2.01638e-07;1.59635e-08;8.03138e-09;6.73308e-08;5.55372e-09;1.30941e-10;1.00491e-09;1.14503e-09;2.99264e-08;5.20064e-09;5.15105e-08;7.01084e-07;6.41974e-08;1.81475e-07;9.62805e-09;3.04551e-08;2.23136e-09;1.7137e-09;5.1723e-09;2.82586e-09;3.10523e-08;1.32754e-08;4.30195e-08;2.11218e-08;3.7901e-09;9.40937e-10;6.48944e-09;4.98617e-10;3.6604e-09;1.22513e-09;7.61895e-09;2.93613e-09;3.99385e-10;2.8894e-10;7.99365e-12;4.51739e-11;1.32357e-09;2.00776e-09;1.92283e-09;1.23139e-08;1.24268e-08;2.93172e-08;3.31308e-08;8.0773e-09;2.42934e-08;3.22944e-09;8.7765e-10;1.11089e-08;1.46886e-09;2.23071e-09;1.38889e-08;2.75303e-08;6.58982e-09;1.24861e-07;9.15649e-09;1.32713e-08;2.66841e-08;7.39999e-09;1.35776e-08;3.55736e-09;2.4885e-09;6.70291e-09;1.81257e-08;1.92285e-08;1.28205e-08;3.33309e-08;7.38481e-10;1.76258e-07;5.69879e-09;3.68096e-08;5.49863e-09;9.98973e-09;2.39437e-08;4.34358e-09;6.10597e-09;2.45839e-08;2.46066e-08;5.18554e-08;3.80469e-08;2.44941e-09;1.57197e-10;6.32242e-09;2.07219e-09;3.08299e-08;1.2966e-06;8.17127e-10;3.32351e-09;9.14895e-10;7.46283e-09;3.8926e-09;3.85515e-07;4.63889e-09;1.1052e-07;2.29091e-09;6.53456e-09;9.18969e-09;3.54239e-09;6.14482e-09;4.72814e-10;2.71724e-11;5.77906e-10;7.15339e-10;8.41882e-10;4.55198e-09;1.17785e-09;1.47248e-09;2.64521e-09;5.76714e-09;3.08302e-09;1.90856e-08;1.06412e-08;4.30141e-05;3.48626e-12;4.74566e-09;6.17475e-10;1.07848e-08;1.48096e-09;2.61457e-08;7.2218e-08;1.13866e-08;2.24723e-08;2.08613e-13;7.22744e-10;1.60451e-09;6.35897e-09;2.49883e-07;1.31739e-10;4.87172e-09;7.61479e-11;8.27282e-09;2.69494e-09;3.88928e-09;8.23564e-11;4.29722e-11;1.0178e-08;3.52384e-10;2.07535e-10;5.7441e-08;1.03983e-09;2.43916e-10;1.40102e-09;1.19746e-11;2.57894e-09;2.73138e-09;2.45642e-09;3.32769e-09;2.57406e-10;8.90129e-10;4.06562e-10;3.93872e-09;3.92152e-09;1.43519e-08;4.68542e-08;1.5727e-09;1.94418e-09;3.91911e-08;4.62121e-10;7.04277e-09;4.14714e-09;9.6724e-10;3.23911e-10;8.34179e-09;2.56261e-09;6.23739e-10;8.62826e-10;2.54985e-09;3.64288e-10;1.04466e-08;7.2892e-10;2.2745e-10;1.35008e-08;7.06185e-09;3.47492e-11;3.12215e-08;2.83799e-08;1.6148e-07;4.49171e-10;6.80682e-10;3.64793e-10;5.47902e-09;3.40816e-09;5.0298e-09;6.10261e-08;3.07639e-09;1.69778e-09;1.57726e-07;4.50064e-10;5.00034e-09;2.09422e-09;2.59333e-07;3.58949e-10;5.46574e-10;1.20684e-11;6.24891e-09;1.3622e-08;1.21448e-08;9.32452e-08;4.14129e-10
2.10758e-07;1.51115e-07;3.5097e-08;4.00966e-08;7.37668e-08;3.03709e-09;1.58387e-09;4.76491e-06;2.3836e-06;1.49536e-06;0.99601;2.02429e-05;0.00393631;1.06374e-09;3.6566e-09;2.3193e-09;5.97318e-09;4.38051e-09;4.91004e-08;2.28936e-07;1.69981e-06;7.99469e-10;2.29214e-08;2.4847e-08;6.85386e-10;8.19373e-10;3.31305e-07;2.8807e-08;2.60252e-10;7.20867e-10;3.47916e-08;2.21682e-08;3.64828e-10;1.24162e-07;2.17861e-08;3.60021e-10;6.32129e-09;4.08978e-09;3.96735e-09;5.45311e-10;1.86822e-09;9.15905e-07;1.47725e-06;1.92784e-07;2.63709e-08;3.32659e-09;2.41808e-10;5.82135e-09;1.60269e-06;1.2918e-06;6.65842e-09;3.49913e-09;3.16872e-10;6.02468e-10;2.15159e-10;1.77126e-08;1.10098e-08;3.00278e-08;2.16408e-08;4.69269e-08;9.43671e-09;5.05783e-09;2.51757e-08;7.10386e-07;4.09143e-09;5.50317e-08;9.83767e-09;2.38081e-08;5.6525e-09;1.63209e-08;7.20006e-08;4.4371e-09;7.90827e-09;8.90638e-10;5.64515e-08;1.82419e-09;5.41568e-09;4.27242e-09;3.07803e-09;3.03445e-08;6.45883e-09;3.20398e-09;3.88905e-08;6.56589e-08;3.60288e-09;8.19861e-09;4.18894e-10;4.8599e-09;2.02711e-09;5.2194e-09;2.52315e-08;2.65386e-08;1.25447e-08;4.07923e-08;1.85539e-08;3.02422e-07;5.54393e-07;2.55846e-08;8.40587e-08;9.80733e-10;1.35123e-08;6.96982e-07;2.92635e-08;1.23697e-09;7.77181e-10;2.19376e-07;3.76074e-09;7.51324e-09;4.69145e-09;1.25805e-08;3.36973e-09;1.79001e-10;2.46595e-09;7.81287e-09;9.3045e-09;1.66291e-08;1.82007e-08;3.54206e-10;3.67749e-07;1.05072e-09;4.55476e-09;6.47483e-10;4.42881e-08;1.62885e-09;3.96236e-09;3.80422e-09;5.01767e-09;1.30283e-09;1.58824e-10;2.48298e-08;8.70018e-10;4.27253e-09;4.94818e-09;2.09207e-10;1.5581e-10;5.83944e-10;1.94377e-09;5.39829e-09;2.08119e-08;6.88217e-09;2.89174e-08;3.58948e-09;4.98873e-09;3.05371e-09;6.46933e-08;4.69001e-09;3.37403e-08;1.162e-08;2.15985e-09;1.76434e-07;5.33006e-08;1.11448e-10;1.83722e-06;1.17075e-09;1.17426e-07;3.4233e-09;9.16831e-10;4.90055e-10;8.56344e-09;7.64002e-09;8.70353e-09;3.81939e-08;3.95401e-08;6.23498e-08;1.38521e-07;3.85142e-08;3.49482e-09;3.90046e-09;2.72041e-08;6.19989e-09;6.71734e-10;1.85396e-08;3.22403e-08;1.06675e-09;5.9942e-10;2.87708e-09;4.33429e-08;2.38753e-10;7.8678e-11;2.05966e-08;1.4899e-09;9.51459e-09;4.77785e-08;5.95004e-10;1.57538e-09;8.87033e-11;5.77624e-09;3.74015e-08;7.69719e-09;1.14726e-08;1.42835e-07;2.81349e-09;1.03694e-08;3.67805e-08;7.46753e-08;1.80937e-09;3.15504e-09;1.74745e-08;1.9536e-09;7.59848e-10;1.9431e-09;5.22633e-09;2.81461e-08;1.87941e-08;1.20725e-07;2.13834e-08;1.39178e-08;6.55188e-08;8.16091e-09;1.48133e-08;5.41258e-09;1.45106e-08;5.87959e-09;3.00322e-08;4.70269e-10;7.43094e-10;4.68978e-08;1.69411e-09;1.78308e-10;3.39559e-08;2.54502e-07;2.91699e-09;4.93404e-09;3.84534e-09;6.39117e-09;2.35675e-09;1.49225e-08;1.43785e-08;3.39626e-10;9.59825e-10;5.47435e-10;1.61116e-09;8.27019e-09;1.88593e-09;4.89141e-08;6.73068e-06;1.22778e-10;1.25073e-07;4.47838e-07;5.7853e-09;4.29773e-09;3.76865e-08;9.86063e-09;1.64374e-07;9.36942e-09;3.85226e-09;9.96717e-08;1.33671e-08;1.34018e-07;1.15766e-08;3.17595e-09;3.20139e-07;3.3374e-09;3.27311e-09;1.44334e-08;1.97459e-09;2.55905e-09;6.01564e-09;6.06365e-09;1.39847e-09;1.26791e-08;9.19339e-09;9.1292e-09;1.043e-08;1.62588e-08;1.80006e-08;6.09904e-09;3.17867e-09;6.37491e-09;3.53548e-08;1.13599e-08;1.18735e-08;1.39901e-07;1.50019e-10;1.04316e-08;2.41949e-07;1.99567e-08;2.55838e-10;3.86421e-08;1.61039e-07;1.83965e-09;4.65172e-09;1.80599e-08;4.72898e-10;4.12998e-11;6.52336e-11;3.46868e-09;5.43636e-10;9.38383e-09;2.0381e-07;3.13292e-08;3.59007e-08;1.59481e-09;2.50904e-09;6.01697e-09;5.58573e-09;1.50563e-08;1.02391e-09;3.38142e-10;3.71327e-10;3.10803e-09;4.21694e-09;1.89136e-08;1.2354e-07;2.93075e-08;4.43115e-09;7.22518e-08;5.545e-09;1.10451e-09;9.16597e-09;5.89494e-12;2.9248e-11;2.6892e-09;2.6363e-09;2.83294e-10;1.03264e-09;3.14749e-09;5.90088e-08;2.29912e-11;1.09583e-10;7.88538e-10;6.65724e-10;2.21822e-09;1.72603e-10;1.81285e-09;2.56364e-09;5.11266e-08;3.0528e-09;5.84489e-10;1.78731e-10;6.58723e-09;4.2916e-09;1.77794e-08;3.96739e-09;2.7751e-09;1.60733e-09;1.04529e-08;2.03871e-10;3.6399e-09;1.15382e-08;1.02203e-07;2.10117e-08;2.09464e-09;5.5208e-08;8.92561e-10;3.22541e-09;1.84295e-08;8.89797e-09;2.69181e-10
5.52127e-07;5.04863e-07;5.49389e-06;1.34509e-07;1.32499e-06;2.00339e-06;6.51725e-08;2.09061e-07;1.44255e-06;3.53443e-06;5.79834e-07;4.14735e-06;2.73119e-06;5.23005e-08;1.5555e-07;6.83442e-07;4.10592e-07;2.82174e-07;4.61849e-06;2.93924e-06;3.74817e-07;3.78214e-08;6.59523e-07;1.89104e-06;1.46187e-06;4.71313e-06;1.51892e-06;3.47736e-07;1.02462e-09;1.86667e-07;3.1869e-08;1.00872e-08;1.73989e-08;1.28087e-07;9.4784e-07;3.14976e-07;1.70605e-07;1.77934e-07;4.86248e-08;2.45188e-09;9.11958e-10;1.82427e-07;8.44749e-07;3.34544e-07;7.4497e-07;5.53902e-07;1.87005e-07;3.45327e-05;0.00325395;0.000261096;0.000963858;0.601273;0.377926;0.00707761;0.000125917;0.00816138;0.000165656;3.86419e-08;1.32162e-07;2.01816e-07;5.79573e-08;3.89322e-07;1.93507e-07;2.18654e-06;1.51345e-07;1.3663e-06;2.2937e-07;2.03775e-07;1.80552e-07;6.56526e-06;2.32261e-06;2.81362e-06;1.2976e-06;1.57744e-08;7.69587e-06;1.63615e-07;3.57738e-07;4.274e-07;9.00736e-07;1.24427e-06;5.88239e-06;2.30863e-08;1.48235e-07;1.41518e-07;1.47966e-07;2.30643e-07;5.89074e-08;1.92009e-06;2.13716e-07;2.91013e-07;3.40427e-07;2.05905e-06;9.89191e-07;1.99857e-06;2.25728e-07;4.76179e-06;0.000106294;3.65913e-06;8.09419e-07;5.17365e-09;6.05856e-07;1.90664e-07;2.47045e-09;2.30046e-09;3.49041e-09;1.71377e-07;3.30967e-07;1.74668e-07;1.68547e-07;5.59151e-06;7.78401e-07;7.05627e-07;1.0552e-06;2.55836e-07;1.16783e-06;1.07041e-07;2.68861e-06;1.09986e-07;1.19894e-05;1.07331e-06;6.26697e-07;1.214e-07;1.06042e-06;1.84148e-08;1.03783e-06;2.23604e-06;1.99532e-06;6.55466e-08;1.44772e-07;3.759e-06;3.7156e-07;9.87599e-06;1.3894e-06;7.85594e-07;4.69653e-07;8.30323e-06;1.92201e-07;5.20064e-07;1.82477e-06;5.50658e-06;3.76411e-07;2.83068e-06;4.56697e-05;3.38228e-06;2.56136e-06;7.24909e-06;9.9271e-07;2.86685e-06;6.18554e-07;7.47083e-07;9.62622e-06;1.38643e-07;2.44484e-08;3.55594e-08;9.2276e-06;4.05423e-07;8.50974e-08;1.93666e-07;4.47042e-07;3.88004e-07;1.35633e-07;4.99456e-07;7.32769e-07;1.12582e-07;3.99842e-06;1.36628e-06;1.2534e-06;2.3636e-07;6.68605e-07;3.18164e-07;1.60095e-07;7.3532e-07;1.70955e-06;2.39153e-07;3.00068e-07;3.92878e-08;2.10598e-05;7.89756e-08;5.06534e-07;9.07853e-07;6.33153e-08;1.43184e-06;3.08579e-07;1.18298e-06;9.70582e-07;5.75228e-07;3.1562e-06;1.44298e-06;2.0327e-07;3.18832e-06;3.17028e-07;1.87103e-07;5.11883e-07;9.49641e-07;2.72554e-08;9.31795e-08;9.97971e-08;1.18742e-05;5.47427e-07;2.97721e-07;5.30157e-07;1.98634e-07;3.78681e-07;2.39671e-07;5.10597e-07;4.64852e-07;1.24061e-06;5.33156e-05;1.16948e-06;3.09335e-07;9.70435e-07;9.15549e-07;6.0459e-07;2.76801e-07;4.16577e-09;7.51079e-08;3.10296e-07;4.74908e-09;9.1709e-08;7.06908e-08;3.09504e-06;2.32407e-07;3.61897e-07;9.99358e-08;1.64846e-07;5.30883e-08;3.47682e-07;2.95069e-07;6.48663e-09;2.5976e-09;8.66227e-09;6.46069e-07;3.34648e-08;9.97056e-08;4.68179e-07;3.92107e-08;1.03957e-08;3.94198e-09;1.33109e-07;8.83149e-07;4.85565e-06;1.48074e-06;4.06097e-07;3.37851e-07;2.85746e-07;1.89049e-08;3.64821e-07;2.45045e-07;2.43013e-06;1.61777e-08;7.57534e-06;8.99397e-06;1.6586e-07;5.54779e-07;6.45364e-07;3.4933e-07;1.03422e-07;6.12787e-08;1.12009e-07;7.22228e-08;3.55004e-07;5.399e-07;2.00538e-09;8.8791e-06;1.45386e-08;1.05944e-06;2.63182e-07;4.58857e-07;1.24417e-06;2.23849e-07;7.20905e-07;8.03131e-07;4.01541e-10;6.56927e-09;3.28407e-07;1.10243e-06;4.67397e-08;6.4088e-08;3.78021e-09;5.57268e-06;1.52563e-07;1.24512e-06;3.82514e-07;1.52815e-05;8.07006e-08;1.04595e-07;1.65132e-07;4.41176e-10;3.00612e-08;2.81292e-08;3.24567e-11;1.29072e-08;9.91519e-10;3.40323e-08;1.79617e-07;9.15028e-07;1.64573e-07;7.54033e-08;7.98775e-08;4.58182e-07;1.80609e-07;1.69288e-09;5.01558e-07;1.14388e-08;9.18827e-08;5.2147e-08;1.53167e-08;2.50065e-07;6.35334e-07;1.61217e-07;1.0139e-08;6.86015e-08;8.28169e-08;3.77049e-07;4.38257e-08;3.34615e-07;9.69022e-08;2.66873e-08;9.13854e-09;1.2849e-08;1.45832e-07;1.02293e-07;1.46985e-07;9.24122e-10;2.28115e-07;6.31167e-07;1.26684e-10;1.55251e-07;5.29779e-07;0.000137492;4.67019e-07;5.23619e-07;1.6755e-07;3.05804e-06;3.33565e-07;4.66531e-08;3.84279e-05;6.47887e-10;1.14704e-07;2.39075e-07;2.16136e-09;4.86749e-08;2.35862e-08;6.84315e-09;1.55361e-08;8.05573e-08;1.99446e-07;3.88206e-06;4.5241e-06
1.16206e-07;4.0839e-08;1.75501e-06;5.37085e-08;4.0248e-08;8.22539e-09;8.23306e-09;3.71027e-08;1.59554e-07;1.79548e-07;5.68281e-11;3.93939e-06;1.18896e-07;6.0399e-08;1.82868e-07;1.17238e-06;1.09268e-06;6.1792e-08;1.28987e-05;4.23393e-07;1.64606e-08;8.57444e-09;1.81497e-07;1.23986e-07;1.75702e-08;5.22882e-08;9.93381e-08;1.19533e-08;1.44075e-09;5.78054e-08;7.18726e-09;1.06963e-08;7.06086e-11;1.75006e-09;3.38097e-10;9.13711e-09;7.26861e-08;2.23146e-08;5.79161e-08;4.47375e-09;4.05512e-09;1.06134e-07;3.28291e-07;4.56937e-08;4.83841e-08;3.01549e-10;2.60857e-08;9.04085e-09;5.37959e-07;3.0656e-07;1.13948e-08;2.41163e-08;1.40086e-10;6.07755e-08;8.32171e-07;8.10493e-07;8.74153e-08;2.71658e-08;2.01246e-07;1.14495e-06;7.66829e-07;9.64891e-08;1.26089e-07;1.26268e-06;1.85621e-08;4.62374e-07;8.46911e-08;2.10023e-08;1.12787e-08;1.68581e-06;2.41472e-06;5.23571e-07;2.17206e-07;2.70018e-09;8.10173e-06;2.0197e-08;8.67489e-08;2.66804e-09;4.70862e-08;9.26469e-10;4.28211e-07;1.60835e-09;1.70472e-07;2.69151e-08;1.49641e-07;4.87991e-09;2.77971e-08;3.30227e-08;1.53939e-08;4.34512e-08;1.3006e-08;4.12827e-07;6.43657e-08;4.11182e-09;1.47481e-08;3.13034e-08;2.15433e-07;9.54398e-08;2.09213e-08;3.56104e-09;8.23687e-07;2.22963e-08;2.25278e-07;8.34694e-13;1.09605e-10;4.20845e-09;1.69481e-09;2.40659e-08;4.34384e-08;4.6172e-08;7.24439e-08;1.73058e-07;8.63146e-09;5.38143e-08;1.14337e-07;1.56912e-08;4.17419e-09;6.07821e-10;5.39877e-08;6.10767e-08;1.29061e-08;7.2058e-09;1.62032e-08;1.51697e-10;8.31596e-08;1.7769e-08;2.39146e-10;2.2418e-10;9.06325e-12;1.79067e-08;2.52314e-09;3.12906e-08;2.20368e-07;5.91239e-08;9.73384e-10;1.00909e-08;1.79726e-08;9.24051e-07;1.11061e-06;2.03031e-07;3.19418e-08;1.63696e-07;2.37765e-07;4.60118e-08;3.8299e-08;5.40427e-07;3.18704e-08;1.90902e-07;1.81547e-08;3.30827e-07;3.24785e-07;6.28083e-08;2.99438e-09;2.3586e-09;4.45179e-08;4.78945e-08;8.83431e-08;3.1213e-08;4.68531e-08;3.56037e-08;2.4315e-08;3.93661e-07;1.72393e-08;4.22256e-09;6.42695e-09;9.90939e-08;4.86074e-08;3.43363e-08;1.06829e-07;6.12491e-08;1.31534e-07;1.18556e-06;5.32515e-07;9.74117e-06;1.04331e-07;5.05641e-08;1.06583e-06;6.23718e-07;2.88562e-07;1.78131e-07;1.69179e-07;3.12078e-06;7.11652e-07;1.17341e-05;1.45404e-07;1.41576e-06;1.65129e-06;2.38719e-06;1.26932e-07;2.86004e-07;4.5026e-08;8.16808e-09;1.34633e-07;5.56197e-07;7.91447e-08;3.64462e-09;6.12421e-08;1.26217e-06;1.53645e-07;9.05146e-08;5.64247e-08;4.18942e-09;2.48805e-07;9.2519e-08;3.85517e-09;1.06744e-09;1.24983e-08;1.44114e-06;8.60885e-09;2.20684e-07;1.34213e-08;2.27698e-08;7.48497e-08;6.57237e-08;4.26455e-09;2.47398e-07;1.15726e-06;5.39917e-08;6.58775e-07;2.78935e-09;1.5873e-07;4.67736e-08;1.11219e-07;4.31612e-08;2.94012e-08;1.13245e-07;6.80895e-07;1.59981e-07;1.51388e-07;2.54087e-08;3.15276e-07;1.27084e-06;6.61418e-09;2.56491e-06;1.03956e-06;2.8945e-08;2.44079e-08;1.29096e-09;4.02954e-07;2.37232e-08;9.24693e-08;5.07134e-08;3.78031e-08;4.46823e-08;5.30146e-08;1.59674e-08;1.73601e-06;1.01717e-06;2.79391e-07;5.40735e-09;2.9822e-07;2.48286e-07;2.33403e-08;6.05693e-07;1.08926e-07;3.87981e-08;3.82164e-07;6.70591e-08;4.28622e-08;4.67406e-09;4.39356e-08;1.00201e-07;2.07478e-07;7.99903e-08;1.76889e-09;6.96898e-07;2.39728e-08;3.81021e-08;5.42039e-07;9.43696e-09;4.39809e-08;7.86074e-09;2.19134e-11;3.03815e-09;1.26731e-06;5.1565e-08;4.41745e-10;2.87168e-09;6.1461e-09;1.72126e-07;2.94505e-09;9.54886e-08;1.17892e-07;1.0638e-10;2.99357e-08;8.35287e-09;4.06822e-05;3.66692e-06;0.00559845;0.00311685;0.00168048;0.0953652;0.00244664;0.889014;4.27753e-05;2.07265e-05;4.78698e-06;0.00112555;0.000404905;0.00101284;2.76556e-08;1.62484e-12;7.09117e-09;5.75621e-09;1.29486e-06;8.16479e-11;2.00357e-09;1.99277e-07;1.17691e-08;8.66685e-08;1.80836e-08;7.08696e-09;4.86678e-10;2.52447e-07;9.43852e-08;2.92992e-06;2.76137e-07;2.94989e-08;3.75984e-09;1.06982e-06;2.24461e-08;1.80487e-07;1.93828e-07;1.45923e-08;9.56067e-09;1.38026e-07;1.93805e-07;1.26753e-08;7.47298e-08;1.19621e-07;1.24318e-08;1.21855e-06;2.14966e-07;9.14659e-08;6.34678e-08;2.87267e-08;9.44306e-07;2.12158e-07;4.57717e-09;4.06641e-07;2.45807e-09;9.56672e-09;1.88336e-08;6.9509e-09;2.03053e-09;2.76019e-07;3.07283e-07;9.22984e-08;6.71803e-10
4.07266e-07;3.14457e-07;1.91599e-07;1.59131e-08;5.27328e-08;3.449e-07;1.04028e-09;3.71022e-06;8.40441e-07;1.69434e-06;4.76472e-06;2.4607e-07;2.23046e-06;3.47137e-06;1.07004e-06;4.72922e-05;1.50829e-05;3.97416e-07;0.000128897;3.78559e-07;4.62534e-07;1.00021e-07;3.04566e-07;2.35733e-06;2.35767e-07;1.56188e-06;2.00956e-06;4.31451e-07;5.63006e-08;1.20363e-08;4.34564e-09;2.69219e-06;1.08673e-07;7.33923e-09;1.52103e-07;3.0093e-07;2.08339e-07;3.1181e-07;9.35313e-07;1.16253e-07;9.19692e-08;9.03506e-06;8.49764e-06;2.35409e-07;6.46725e-07;5.87005e-08;1.58241e-07;5.73828e-08;8.84794e-07;1.34821e-07;1.16242e-07;2.79062e-09;9.66687e-09;2.93477e-06;1.20523e-05;1.69465e-06;1.83426e-05;2.31632e-06;2.74626e-06;4.74317e-06;1.11261e-05;4.1548e-07;8.9312e-07;0.000161292;3.40326e-07;1.26428e-05;1.12291e-05;9.70648e-07;1.15627e-06;7.27639e-06;1.66097e-06;1.92812e-05;1.77944e-05;2.48694e-06;1.70079e-06;6.15054e-07;4.246e-07;2.20631e-05;2.19374e-06;4.52674e-06;1.61764e-07;1.19376e-07;8.38278e-07;2.56908e-07;2.40346e-06;9.4361e-07;2.3727e-07;1.13649e-08;2.82074e-07;7.62564e-07;7.17151e-07;3.31039e-06;1.39478e-06;1.56119e-06;0.000197416;6.47929e-06;1.58165e-06;6.91822e-06;5.63847e-06;1.77139e-08;2.78873e-07;7.98136e-08;2.70896e-07;8.36365e-09;2.99702e-08;4.1467e-09;1.61053e-07;2.94059e-07;2.75986e-07;4.66332e-07;2.36217e-07;1.67593e-06;4.9012e-08;9.94379e-07;6.91733e-08;4.90413e-06;1.07557e-08;9.8176e-08;1.08776e-08;7.6368e-07;1.17506e-06;1.34596e-08;1.59589e-06;1.14379e-08;2.97977e-08;1.68755e-08;3.02482e-09;5.02596e-08;1.35407e-09;4.0848e-07;4.25368e-07;3.66985e-07;6.23307e-06;1.53079e-06;1.52224e-07;2.00022e-08;1.5633e-06;1.07078e-05;3.83646e-06;4.19188e-05;1.86509e-06;3.3647e-06;7.50356e-07;6.7775e-07;0.00022028;9.26997e-06;0.000237884;8.9404e-07;4.04378e-07;1.25473e-05;6.94677e-08;2.17953e-05;2.28402e-06;2.61547e-09;5.06534e-08;2.94758e-07;2.35894e-05;7.9238e-06;1.4393e-06;2.46714e-07;2.69176e-07;2.99117e-07;2.95827e-07;4.99276e-07;3.63887e-07;1.31806e-07;1.48976e-07;2.4269e-06;4.40317e-07;1.18047e-06;1.21558e-06;8.78206e-07;1.01507e-06;2.73698e-07;2.24038e-07;5.31366e-09;4.47677e-08;2.33551e-05;1.91574e-06;4.65087e-06;1.81558e-07;3.15751e-07;8.38891e-07;5.13991e-06;7.59056e-07;9.40056e-06;3.54648e-07;7.01853e-05;3.36852e-06;4.96545e-06;1.9486e-06;1.30395e-07;5.93458e-07;1.77686e-07;4.84476e-06;1.94726e-06;3.0899e-06;8.9263e-08;9.06712e-05;1.96804e-06;3.40905e-05;1.27106e-07;2.45729e-07;1.84901e-07;2.28164e-07;2.82468e-07;1.18773e-07;2.26118e-07;1.24448e-07;5.4615e-07;4.15344e-08;1.74165e-06;2.31753e-07;1.05019e-06;1.22212e-06;4.1426e-06;2.02448e-06;0.000163334;9.94305e-05;1.02715e-06;1.04071e-07;5.56307e-07;2.50294e-06;1.72669e-06;8.27243e-07;2.73722e-07;4.7506e-06;4.69878e-07;1.06627e-07;1.61488e-05;1.08525e-05;2.15199e-07;1.90055e-07;2.9647e-07;3.63126e-07;3.40141e-06;6.19236e-07;3.21373e-05;3.52044e-06;9.74624e-07;7.46861e-07;1.32051e-06;9.17231e-07;2.16209e-06;6.13684e-07;2.7083e-07;4.49878e-06;2.1406e-07;4.83725e-08;0.000117993;7.23164e-07;2.41553e-06;6.81088e-07;6.40748e-07;1.11193e-06;2.09541e-06;1.39362e-07;3.35334e-07;6.06166e-07;1.78475e-07;3.78287e-07;5.17682e-08;9.19466e-06;5.11215e-08;1.49976e-08;3.40897e-09;2.03648e-07;2.42531e-07;1.5438e-07;8.21558e-06;5.549e-07;4.79442e-07;4.39005e-09;1.48852e-08;1.49848e-07;7.90808e-08;1.07591e-06;4.13947e-08;2.60905e-05;1.08434e-07;3.86753e-07;3.43084e-06;3.4805e-08;5.83407e-07;2.82942e-07;4.24297e-07;0.000160378;7.85694e-06;0.000314507;0.000141325;0.628712;0.0959567;0.121957;0.127561;6.4688e-05;4.80171e-05;2.3799e-05;0.0154799;0.000223339;0.00594062;4.22142e-07;2.69487e-09;2.34547e-08;2.83335e-09;2.00334e-06;5.78963e-09;1.63931e-08;1.28894e-07;5.1306e-07;1.86213e-07;7.49703e-07;3.91694e-08;1.4956e-07;1.03871e-06;5.37825e-07;2.57623e-07;9.11561e-07;4.97745e-07;4.20766e-08;6.03934e-09;8.01979e-07;7.29935e-06;4.53137e-06;0.000958111;1.17567e-06;2.31818e-06;5.63614e-06;2.92248e-07;2.70353e-05;6.88715e-09;3.1402e-07;4.88307e-07;1.43089e-06;2.85903e-05;7.44487e-07;7.45834e-07;1.06206e-06;4.10516e-07;3.71453e-07;6.04083e-07;1.7609e-09;5.11208e-09;9.17997e-07;1.17263e-06;9.59475e-08;1.78518e-06;3.13446e-07;0.000107997;1.3393e-07
2.54435e-07;1.36699e-08;3.58132e-09;3.08595e-08;3.25157e-08;6.63818e-10;5.32658e-10;3.80919e-07;3.11773e-09;1.43849e-08;8.94925e-09;2.87521e-09;1.33922e-07;2.58368e-08;2.90041e-08;4.51804e-08;5.2877e-07;1.21813e-08;1.97304e-07;1.53985e-08;1.62813e-07;5.89937e-09;8.78483e-09;9.96741e-08;2.82076e-09;1.13118e-07;5.16667e-07;1.47473e-09;5.55613e-10;5.74051e-11;4.90765e-11;5.05061e-09;3.70944e-10;1.12083e-08;5.33561e-07;6.78206e-09;6.17285e-09;6.68633e-09;1.3232e-08;3.66134e-08;1.87077e-09;1.63845e-08;4.22743e-07;5.51119e-08;4.32013e-08;4.59394e-08;7.4665e-10;7.57513e-09;5.19283e-10;8.41345e-11;1.93713e-09;1.38897e-07;1.36138e-09;5.93198e-08;4.48343e-10;1.22717e-07;1.38287e-07;5.74892e-08;3.74027e-08;2.86522e-08;8.48725e-07;1.50482e-07;2.34878e-07;0.000594901;1.07296e-08;1.87112e-07;2.55836e-08;9.03798e-08;3.33323e-09;1.47697e-08;5.21623e-09;6.90825e-08;2.46752e-08;6.62794e-08;2.70557e-05;1.15555e-08;1.15466e-08;2.65106e-08;3.71409e-09;4.51444e-08;1.42129e-08;2.73243e-09;1.6698e-08;3.08896e-09;8.55186e-08;4.14001e-09;9.12335e-10;1.16571e-06;3.02856e-08;1.47262e-08;1.04671e-08;1.70486e-08;2.00819e-08;1.53421e-08;1.80241e-08;2.89818e-09;2.15614e-07;3.32225e-08;1.80154e-07;1.47799e-10;1.95627e-09;3.21473e-09;5.21463e-07;1.39443e-07;1.36659e-08;8.5043e-06;8.57689e-08;9.5956e-09;2.23183e-08;3.08992e-08;3.81164e-08;3.88146e-08;3.88457e-10;1.64603e-08;1.06822e-07;3.04415e-08;7.20203e-09;3.13083e-09;4.12353e-07;5.47756e-08;2.73973e-08;1.40834e-08;4.33271e-08;1.53112e-08;2.42852e-09;1.31848e-09;2.78368e-07;6.15924e-08;1.08964e-08;0.000427544;1.89234e-08;6.83534e-09;1.36425e-08;1.39979e-06;1.83504e-08;8.84766e-09;9.72541e-09;7.4915e-09;5.33601e-09;6.56631e-08;1.85395e-08;1.29358e-09;2.54403e-07;1.09716e-08;7.39072e-09;7.18414e-09;5.32362e-08;1.38926e-07;3.28633e-08;1.66867e-08;8.47645e-09;1.2719e-05;1.03641e-07;3.62482e-08;6.20201e-08;1.6344e-08;7.79168e-07;5.13423e-08;1.75594e-07;3.24131e-08;8.55209e-09;3.76788e-09;1.76259e-08;1.60872e-08;2.13734e-08;4.43149e-07;6.5814e-09;1.45786e-08;1.88653e-07;1.56382e-08;2.30553e-08;1.12132e-08;3.5657e-09;6.81866e-08;6.53379e-08;2.3049e-08;1.23351e-05;9.45194e-08;2.2514e-09;9.05279e-08;3.29511e-09;2.93939e-08;4.11117e-09;3.86382e-08;3.47472e-07;3.0274e-08;4.28566e-06;1.21909e-07;4.34755e-08;9.68389e-09;2.14485e-08;2.87565e-09;3.03756e-09;1.73122e-09;3.62502e-08;3.60637e-09;1.91383e-08;2.1782e-06;5.77378e-09;1.81029e-09;3.06454e-08;1.26604e-08;9.92367e-09;2.42848e-08;6.52002e-07;4.29008e-08;1.70138e-08;9.30429e-08;9.9388e-09;1.0043e-08;1.26871e-08;3.51608e-09;1.35238e-09;5.32415e-08;1.74445e-08;2.23525e-09;3.24751e-09;4.00519e-08;5.73491e-08;1.17957e-08;2.52413e-05;2.69693e-08;2.27333e-08;5.97065e-09;3.16381e-08;7.09361e-09;3.02023e-08;2.75663e-09;3.85891e-08;1.46843e-08;2.68448e-08;9.2877e-06;7.08072e-10;3.62982e-10;1.98604e-10;1.70004e-10;6.57733e-10;1.03575e-08;8.47482e-07;9.66241e-09;1.06093e-08;3.51222e-09;3.06508e-09;1.27157e-08;1.69432e-08;4.62113e-09;3.98707e-09;3.12871e-09;1.8648e-08;1.18949e-09;2.92714e-08;5.29154e-05;5.19414e-09;3.72102e-09;5.34184e-09;3.23667e-09;4.97399e-10;2.33889e-09;8.93296e-09;5.23856e-09;3.16991e-10;1.57287e-09;1.03447e-11;9.26251e-08;5.74526e-10;2.62506e-08;4.97601e-09;1.90206e-08;1.5334e-09;2.06205e-07;1.99756e-08;1.66206e-08;0.0118969;1.47723e-05;5.43761e-06;1.16621e-06;0.777363;0.0081596;0.00348012;0.197763;1.67806e-06;8.6535e-07;1.27538e-06;3.48036e-05;9.87367e-07;4.69195e-05;3.39652e-09;1.30583e-08;1.22154e-09;9.36582e-10;5.47713e-08;2.49957e-09;2.65296e-06;5.13019e-09;1.94511e-08;2.53868e-08;1.00962e-08;2.28378e-05;5.24421e-07;7.0432e-08;1.14973e-08;4.62944e-10;8.73762e-10;1.42581e-09;2.91218e-08;2.56212e-08;5.71735e-08;3.0096e-06;1.9239e-07;6.96407e-09;2.62921e-09;4.8178e-09;1.87025e-08;1.113e-08;1.05568e-08;8.01665e-09;4.78574e-09;3.14027e-10;2.8951e-09;1.20883e-09;8.44869e-07;1.1105e-07;1.70194e-07;9.1912e-07;2.08409e-08;4.21737e-09;2.56831e-11;5.74086e-08;3.12961e-09;2.47927e-06;1.17641e-08;1.87774e-08;3.47561e-08;8.72628e-09;1.84231e-08;7.94897e-08;3.01921e-07;1.12531e-08;2.57871e-09;1.60159e-08;1.68677e-10;7.87491e-09;4.45833e-09;2.22387e-07;2.20978e-10;1.39678e-09;5.64989e-10;2.70272e-08;5.28587e-08
3.30144e-07;3.03044e-07;1.30082e-10;2.67141e-09;4.17309e-09;1.77158e-09;3.1565e-09;6.78257e-09;1.41532e-09;1.34639e-09;5.35115e-11;1.32627e-10;3.46999e-12;2.82014e-07;1.65196e-09;7.89101e-09;7.48267e-10;4.8896e-10;3.06833e-09;5.81407e-10;7.83265e-10;6.31715e-08;5.51915e-09;6.47115e-08;2.61606e-10;5.68099e-11;4.58881e-11;2.54873e-09;7.6075e-08;7.91805e-12;3.32061e-11;3.17847e-10;1.6458e-11;2.33818e-12;2.48682e-12;2.44148e-07;1.70496e-09;7.58922e-10;5.55491e-08;1.12218e-09;8.96974e-09;1.42652e-10;6.62192e-10;1.06892e-08;5.91578e-09;1.53505e-10;2.3291e-10;1.21141e-07;3.37318e-10;2.97086e-11;5.02242e-09;4.73927e-12;2.8258e-11;1.47891e-11;1.58665e-09;2.66993e-09;6.1742e-09;9.17413e-08;3.75605e-09;2.9797e-09;3.40365e-07;3.8898e-11;7.22543e-11;3.25227e-10;9.38858e-09;3.62046e-07;1.58618e-09;1.28858e-09;3.67001e-08;8.91692e-10;1.73493e-10;2.6451e-09;1.38465e-10;2.26766e-10;9.81354e-12;2.7703e-09;6.02177e-10;6.14715e-09;8.22103e-10;8.38957e-10;1.24489e-09;2.82586e-07;2.79001e-09;6.71912e-09;7.38679e-08;2.45999e-11;1.0304e-12;3.42672e-10;1.07434e-09;1.40817e-09;1.80972e-08;1.92829e-10;9.25263e-10;1.1671e-08;4.69039e-11;2.61616e-10;1.17268e-13;1.27423e-09;6.95403e-10;9.35303e-08;2.95246e-10;5.91334e-10;4.87759e-08;4.26152e-12;3.83264e-12;3.53671e-12;3.29933e-07;5.45267e-10;9.03044e-10;4.25035e-08;3.49438e-11;1.8936e-09;2.36021e-08;1.03439e-09;1.2965e-08;4.85249e-07;3.21819e-10;2.77101e-10;2.18503e-13;6.14731e-07;2.62457e-08;8.71132e-10;1.18248e-09;4.73237e-08;4.67801e-13;3.78919e-11;2.5383e-08;2.25137e-14;5.07511e-13;5.25671e-14;1.15611e-06;1.19477e-09;7.2504e-10;3.83267e-07;8.77931e-11;6.05096e-10;5.53578e-08;2.49849e-10;3.94836e-10;3.50403e-07;6.81098e-11;3.56499e-11;1.05525e-11;4.04257e-08;3.14023e-08;9.86439e-10;1.92875e-10;4.07506e-10;4.44777e-08;6.41427e-10;2.7049e-10;4.99524e-08;6.83886e-10;1.28481e-10;9.53943e-12;4.72563e-09;1.44635e-07;1.92547e-09;2.4801e-09;3.05837e-07;5.48555e-10;1.30965e-09;8.10777e-08;3.522e-10;1.80502e-10;1.58679e-11;2.8388e-07;3.16435e-09;6.02302e-09;6.83714e-10;3.11179e-08;3.98623e-10;5.12595e-10;3.0817e-08;3.79885e-10;2.81907e-11;1.54718e-11;7.0625e-08;2.13875e-09;2.00765e-10;2.77868e-07;8.66758e-09;1.46397e-10;1.19053e-07;8.77381e-10;2.08434e-11;2.42406e-11;1.58845e-08;3.14454e-09;1.02794e-09;1.06956e-09;2.70765e-07;2.19636e-09;8.88839e-09;6.01376e-07;4.13996e-09;3.47001e-09;4.33876e-09;8.02969e-07;8.73723e-09;2.36666e-08;9.42406e-08;3.19978e-10;1.18235e-09;7.89156e-08;3.13968e-10;6.67721e-12;3.57764e-11;6.83295e-08;4.35775e-10;6.23652e-08;8.04723e-10;5.59661e-09;1.40737e-09;1.76038e-07;1.71935e-10;1.84417e-09;1.86091e-08;3.46911e-10;1.04646e-10;1.69917e-12;5.34848e-09;3.17975e-09;7.62321e-09;1.12836e-09;1.00828e-07;1.47185e-10;7.12754e-10;2.3497e-07;5.14022e-10;1.34821e-10;1.60887e-10;7.61268e-08;8.23679e-11;9.44496e-10;1.56605e-10;1.02593e-10;1.66546e-11;3.17001e-12;3.11973e-07;5.12268e-10;4.86658e-09;1.06874e-10;9.21211e-11;6.30312e-10;2.49603e-07;5.05534e-10;8.02112e-10;3.01947e-07;3.49852e-13;6.05048e-11;4.94393e-11;6.20346e-08;2.09586e-09;9.10961e-09;1.19123e-08;7.91103e-11;2.58282e-11;6.03694e-10;4.09189e-06;4.25908e-09;4.29597e-09;1.76336e-07;1.2582e-10;2.11221e-11;4.74345e-12;4.11069e-08;1.4511e-09;9.00427e-10;2.11377e-09;1.08712e-09;5.46873e-10;8.09214e-14;9.6377e-08;6.91498e-11;1.28463e-11;1.10415e-09;5.13366e-13;2.82763e-13;6.73613e-14;6.61225e-07;7.80207e-11;1.69853e-10;3.91681e-09;2.59178e-11;7.26173e-12;2.33744e-09;1.27341e-07;1.65285e-11;4.3625e-11;6.02848e-09;4.65394e-13;1.96883e-11;2.21739e-14;2.04038e-06;7.92301e-10;1.73409e-09;1.31922e-07;5.46831e-10;2.37714e-10;1.00429e-08;5.82576e-05;1.92667e-07;3.63617e-06;0.994264;0.000113002;4.06393e-05;4.49208e-08;2.01399e-05;4.01489e-07;0.0054783;1.82308e-06;7.56071e-08;6.6955e-10;3.3104e-07;1.35032e-09;2.33781e-08;1.2818e-09;5.99968e-10;1.57778e-12;4.22095e-11;2.43074e-07;1.63759e-09;5.41497e-09;2.67658e-08;1.5965e-10;4.19558e-11;2.56949e-10;1.42534e-09;2.75377e-11;1.76732e-08;4.97216e-10;7.26001e-10;2.84104e-08;5.88173e-10;6.64091e-10;4.48569e-11;6.29251e-13;9.41096e-08;2.51111e-10;4.51648e-09;5.77874e-13;1.58172e-10;2.33822e-11;1.71289e-07;1.14328e-10;4.46815e-10;4.03835e-08;9.80233e-10
6.0423e-07;9.51252e-10;5.59896e-09;5.00435e-09;6.58972e-10;3.10338e-09;3.27429e-09;5.72871e-09;4.92552e-09;2.11904e-09;4.32119e-11;4.7929e-09;1.97971e-08;1.38387e-09;1.30966e-09;2.59954e-08;9.95868e-09;7.26877e-10;1.73264e-08;1.97896e-09;1.18096e-09;1.14491e-08;3.02798e-09;3.7342e-08;1.44436e-07;2.65542e-09;7.46464e-09;0.999968;4.3434e-10;3.11327e-10;1.05144e-08;3.37842e-11;1.02613e-09;6.59187e-12;5.79769e-08;2.83217e-09;1.45577e-09;1.03877e-09;2.24059e-09;9.30526e-10;2.44214e-08;1.21373e-06;3.71976e-07;2.16176e-05;2.62276e-08;3.16028e-07;2.27893e-07;7.98521e-09;1.86068e-09;1.32346e-09;2.31238e-08;4.88035e-10;9.12881e-10;1.67699e-07;5.07021e-09;3.28141e-09;2.41274e-09;1.91132e-09;3.65867e-09;8.57802e-09;1.07899e-08;1.26366e-07;2.13674e-09;1.54169e-07;5.55418e-09;3.9658e-10;3.834e-10;1.1937e-09;5.39643e-10;3.58955e-10;1.04799e-09;3.3329e-10;2.31123e-08;1.24534e-10;1.46734e-06;1.40149e-09;2.13489e-09;2.7312e-10;3.93666e-09;4.84071e-08;2.62701e-09;9.38857e-10;5.33004e-10;1.57028e-08;3.13951e-10;2.46431e-10;3.05113e-10;1.94124e-06;5.72783e-09;1.20445e-09;2.69751e-09;2.12386e-09;3.28673e-09;5.61241e-10;2.38486e-08;1.55025e-09;1.74246e-08;2.80855e-09;1.71411e-09;7.53619e-10;3.14381e-10;2.00814e-09;1.08593e-10;2.97566e-08;2.24224e-10;2.41866e-07;3.33017e-09;1.48905e-09;1.00887e-09;8.58628e-11;3.92521e-09;1.0705e-10;2.71365e-09;1.81179e-09;2.23548e-08;2.32739e-10;6.68805e-07;1.7159e-09;5.25443e-09;1.52839e-08;2.6848e-09;1.68597e-09;1.30031e-10;1.33386e-10;2.36196e-10;1.86872e-09;3.85189e-09;8.09773e-10;8.0152e-11;2.1909e-08;1.38476e-10;9.07771e-10;5.14278e-10;1.66239e-11;1.51169e-10;5.81341e-11;5.16458e-10;1.83493e-09;2.19053e-10;2.03279e-09;1.11585e-09;1.34147e-10;3.07914e-09;7.72849e-10;1.05865e-09;2.11214e-10;3.33832e-09;5.4535e-09;4.40837e-10;3.06319e-10;1.17326e-08;1.93862e-08;1.43133e-08;1.01031e-08;1.27541e-08;2.19544e-09;3.2421e-10;1.35821e-09;3.03036e-09;2.33023e-09;1.17436e-09;2.63454e-09;3.35719e-09;1.28841e-08;2.99153e-10;1.37733e-08;3.53527e-10;1.69285e-10;1.95917e-11;2.6968e-09;5.95193e-10;1.80052e-09;5.52583e-09;1.11594e-08;1.46799e-07;4.25474e-08;3.20362e-07;1.25004e-09;3.92947e-09;5.21071e-10;2.12392e-09;2.54429e-09;2.80506e-10;6.41369e-10;6.60216e-09;2.03764e-10;1.56218e-09;1.41729e-10;2.38048e-09;8.13993e-10;1.21709e-09;8.63106e-10;1.72472e-09;3.02205e-09;2.40379e-10;2.09176e-09;3.55749e-10;1.16845e-08;2.97678e-10;6.16457e-10;3.04148e-10;1.72972e-09;1.6848e-09;2.72207e-09;2.55804e-09;1.951e-07;1.31302e-09;6.33286e-09;1.14367e-09;1.09937e-09;3.85989e-10;3.53787e-10;2.18274e-09;2.80879e-09;6.05186e-10;2.94186e-10;2.23938e-09;3.93058e-11;4.72018e-09;5.17424e-10;1.39667e-07;1.38235e-09;4.17229e-09;4.38273e-09;1.07687e-09;5.24298e-09;3.88779e-09;5.78128e-09;2.28901e-07;1.35505e-07;2.01819e-08;6.48389e-07;2.14481e-09;3.59189e-10;1.86612e-09;1.12911e-09;2.28094e-09;1.59077e-10;1.22099e-08;1.44884e-09;2.16717e-09;3.74617e-08;1.87759e-09;1.41903e-09;4.70467e-10;7.26048e-10;5.01461e-10;1.39454e-09;9.91777e-11;8.93343e-10;8.58758e-10;1.161e-07;3.55263e-10;1.09639e-09;2.33387e-09;5.15435e-10;6.60652e-10;1.2387e-09;2.35147e-09;1.84764e-09;6.04248e-10;2.8792e-09;3.54775e-08;3.10331e-11;2.23239e-09;4.29622e-09;1.8094e-09;9.70856e-10;2.98264e-09;7.08025e-09;6.42897e-09;1.2913e-08;7.69388e-10;1.65862e-10;6.85221e-10;3.00701e-10;2.84105e-10;1.07047e-09;4.97606e-08;1.588e-11;2.57337e-09;8.37857e-10;9.96567e-09;2.20157e-13;1.52045e-08;3.64786e-09;1.17346e-09;5.88325e-10;3.73091e-10;5.40251e-10;1.56219e-09;6.04137e-11;3.82957e-09;2.36547e-09;2.38966e-09;5.0132e-10;9.2851e-10;3.16832e-09;7.22323e-08;3.87588e-09;1.68101e-09;6.73784e-10;3.46932e-09;3.93674e-08;4.48791e-11;3.40078e-07;1.02015e-08;3.66105e-08;9.93656e-09;1.25044e-09;8.28647e-11;2.9444e-08;4.27414e-09;2.01661e-09;2.21232e-10;4.72772e-10;8.82959e-10;5.55884e-10;1.27378e-08;5.20944e-10;1.60534e-07;1.96736e-09;6.54114e-09;6.04388e-08;3.8498e-09;6.8988e-09;9.80156e-10;2.42656e-09;3.47237e-10;2.61785e-09;1.4743e-09;6.07519e-10;2.10514e-09;1.84539e-09;1.2793e-09;2.15934e-09;2.23012e-08;2.41752e-09;7.80632e-10;5.44549e-10;3.11493e-11;3.93767e-09;1.05921e-09;8.65751e-11;1.07898e-09;6.06392e-09;3.86668e-09;2.57669e-10;1.99653e-09
2.45385e-06;0.000347872;1.25244e-05;3.57877e-05;1.03163e-06;9.97843e-05;3.4164e-06;3.04253e-07;1.52272e-06;2.92164e-06;1.6771e-06;2.01342e-06;1.37352e-09;4.06292e-07;2.97354e-07;2.86483e-07;7.85444e-07;1.20214e-07;7.73434e-08;2.04072e-06;5.22583e-07;1.09341e-08;2.5137e-06;1.74169e-07;1.12065e-06;5.02329e-09;5.7492e-09;1.04926e-06;1.07342e-07;1.69436e-05;1.461e-05;5.88647e-05;9.16737e-05;9.84684e-10;8.31512e-08;5.83539e-07;2.77437e-07;2.3179e-07;1.38676e-06;1.12351e-06;7.8408e-07;8.58746e-06;1.86986e-07;0.000150638;4.28955e-06;9.57257e-07;1.03327e-07;1.25742e-07;2.07734e-05;0.000133012;1.33865e-08;2.00071e-07;3.89013e-08;1.22591e-09;4.29477e-08;4.90356e-07;3.81797e-07;7.04405e-07;1.45104e-06;1.591e-05;4.77444e-07;1.10885e-05;2.52008e-07;1.39908e-06;4.6571e-07;2.8838e-06;8.85773e-07;8.84847e-07;3.97666e-08;1.59941e-06;5.60251e-07;3.01701e-09;1.34898e-06;1.52132e-09;1.29553e-10;7.32002e-08;2.00505e-07;1.925e-08;1.55453e-06;1.87109e-07;2.5174e-07;3.54581e-08;4.09807e-06;5.3174e-05;3.53148e-07;2.62953e-07;8.98352e-10;3.48699e-09;6.54928e-08;2.66421e-07;1.73284e-08;1.9475e-07;2.27462e-07;8.27413e-07;1.85154e-07;3.7966e-09;1.27447e-08;3.33194e-08;3.03999e-07;2.07628e-09;2.30683e-07;1.94052e-05;8.84353e-07;3.8322e-06;1.78026e-08;1.03647e-07;4.45502e-08;3.44606e-07;5.56321e-07;1.11495e-07;1.15118e-06;4.77605e-08;8.67658e-08;2.70622e-07;1.69785e-07;1.60209e-08;1.18952e-05;9.55754e-09;2.51427e-07;6.30999e-09;3.6987e-07;5.08846e-08;8.52813e-07;1.9749e-07;4.08834e-06;2.81454e-05;1.31424e-07;1.6912e-06;6.66784e-08;8.02588e-09;1.16148e-07;2.1551e-06;6.09451e-07;2.72346e-09;2.41848e-07;3.35138e-07;1.30226e-07;2.49262e-07;1.91762e-06;0.000150529;2.0912e-06;1.29654e-07;2.90925e-08;6.06609e-08;1.48757e-07;1.19222e-06;7.82911e-08;5.02362e-08;5.11522e-08;1.46449e-05;2.8256e-05;1.46619e-08;6.75342e-06;3.28877e-06;1.59717e-08;1.12684e-07;6.58455e-09;1.78396e-06;3.24496e-08;3.17097e-07;2.52562e-07;4.61242e-06;1.42049e-06;2.15104e-05;6.93781e-08;5.45366e-08;2.70277e-07;1.27554e-06;6.70297e-08;3.82713e-07;8.1205e-08;2.51524e-06;8.86716e-06;1.51871e-06;7.73088e-05;1.35248e-08;9.65505e-07;1.05786e-07;8.0135e-06;2.9349e-07;6.41736e-07;1.00611e-05;1.45357e-05;2.33801e-06;5.97396e-07;5.88484e-08;2.06397e-07;4.36466e-08;3.13196e-06;1.01396e-06;3.46319e-07;1.16627e-07;4.7169e-06;2.80979e-06;1.88454e-07;4.4145e-07;5.00372e-08;7.25417e-09;2.21423e-07;2.68712e-06;2.29351e-07;2.30721e-07;1.51994e-06;3.6094e-07;2.10014e-06;8.95737e-06;1.47414e-07;6.35591e-08;3.65403e-07;1.2414e-06;2.20905e-07;5.12176e-07;2.04695e-06;5.1193e-07;1.74356e-07;1.48653e-06;4.1173e-05;3.2126e-08;1.5488e-05;2.93501e-08;8.11677e-08;2.82931e-07;9.03839e-07;4.45567e-06;4.16377e-07;3.59472e-07;4.22414e-06;1.16872e-05;3.55834e-06;1.58079e-06;2.59568e-07;1.07054e-08;2.52501e-08;4.8699e-07;5.00586e-06;4.97091e-07;7.69274e-07;3.01779e-09;2.46154e-08;4.00204e-07;2.65156e-07;4.52858e-07;2.11967e-06;1.52438e-07;2.36914e-07;6.76022e-08;8.61412e-06;3.34022e-06;9.97341e-08;5.82014e-07;1.87222e-09;1.4091e-07;5.43995e-08;9.34991e-07;9.05419e-06;1.71346e-07;3.97923e-07;5.54478e-08;2.80615e-07;1.88372e-07;1.47483e-06;2.84611e-06;3.84231e-07;3.16661e-08;5.57178e-09;3.26719e-09;3.22048e-07;1.41089e-07;3.13818e-07;1.48532e-08;3.93504e-07;3.02333e-08;6.86724e-12;7.14116e-09;3.81253e-07;3.21369e-06;1.8408e-07;2.06678e-05;3.73069e-10;8.4259e-08;1.32839e-07;1.1682e-05;1.01921e-07;2.51097e-08;3.02212e-08;1.68286e-07;2.23066e-07;5.51874e-09;1.28253e-07;3.05764e-07;1.34902e-08;5.55071e-09;1.57714e-09;4.9877e-08;4.75439e-08;2.35744e-07;3.03183e-07;6.5813e-09;6.01501e-08;8.5745e-08;3.48753e-06;0.000179616;0.0125412;0.0475633;0.567035;0.369751;0.000231386;0.000170746;7.39163e-06;0.000215639;1.7894e-05;0.000380131;5.29132e-06;1.02419e-07;1.78271e-08;5.01629e-07;1.46862e-06;1.92191e-07;8.13322e-05;6.18534e-09;7.06561e-07;2.8059e-08;8.94014e-08;1.18573e-09;4.41435e-07;3.18826e-06;1.22296e-06;1.50127e-05;7.61645e-08;7.24633e-09;1.31606e-07;1.2663e-06;1.99105e-06;9.31823e-08;2.86347e-07;1.33878e-06;2.76692e-08;2.54297e-08;4.84031e-08;3.60194e-07;2.66834e-08;2.11919e-07;1.30351e-07;9.26482e-12;3.41034e-08;3.29723e-06;6.01123e-06;3.49532e-08;1.36078e-06
1.2973e-06;9.52838e-08;4.19261e-08;7.05659e-09;4.18057e-09;8.15333e-08;1.60311e-08;4.65969e-06;8.50895e-08;5.01546e-08;4.34713e-06;3.96415e-09;1.08053e-06;6.77602e-08;1.68435e-07;2.82981e-06;5.02151e-07;7.25692e-08;2.75959e-06;3.14302e-07;9.70934e-08;1.00832e-09;2.012e-07;1.34743e-08;8.10723e-08;5.02196e-09;1.9452e-08;6.2244e-08;2.97962e-09;4.93702e-08;1.85947e-08;5.25463e-08;9.58467e-07;7.66751e-09;9.68513e-08;4.18252e-08;4.24479e-08;3.41687e-08;5.02037e-07;9.01235e-09;1.15737e-07;2.48924e-07;1.01476e-08;3.56867e-07;2.56187e-08;1.05225e-07;3.15156e-07;1.28379e-08;1.66846e-07;2.07032e-08;6.23323e-07;2.40311e-08;3.48178e-10;1.33131e-06;5.34642e-09;1.95443e-07;9.76998e-09;2.00298e-08;5.0904e-08;8.91685e-08;9.02886e-09;3.86588e-07;1.17078e-07;9.68418e-08;5.67813e-08;1.86974e-07;1.66757e-07;4.00607e-08;5.07244e-09;1.20371e-07;8.38372e-08;2.82255e-08;2.20367e-07;4.71857e-08;6.01927e-07;4.32549e-08;8.56939e-08;3.3022e-06;1.36466e-06;4.01196e-07;1.85636e-07;7.45248e-09;2.78881e-07;7.20437e-07;2.41069e-05;1.27523e-05;3.07794e-09;1.17528e-06;5.75962e-07;3.66089e-07;1.16938e-08;7.70378e-08;3.14805e-07;6.15239e-08;8.24409e-07;8.0515e-08;8.92544e-08;2.00678e-05;1.65648e-05;1.32428e-09;9.04315e-09;1.43606e-08;6.43534e-07;2.5855e-06;1.40494e-07;4.63258e-07;3.30889e-08;6.98191e-08;2.39925e-07;4.83714e-07;3.041e-07;1.24104e-08;4.87899e-08;1.46812e-07;4.16489e-08;1.16615e-08;3.97643e-07;4.91034e-08;1.4691e-07;2.85526e-08;4.60212e-08;1.2288e-08;3.38928e-07;7.22774e-09;2.83897e-09;2.01247e-07;5.53021e-08;1.71382e-05;9.79923e-10;6.01228e-08;2.6114e-08;3.63297e-07;3.20734e-07;2.76967e-07;1.59509e-08;1.23818e-09;2.075e-09;1.52834e-08;2.60297e-08;1.35638e-08;1.57155e-07;1.29675e-07;3.20616e-08;2.77084e-08;7.37827e-08;6.93878e-07;4.2856e-07;1.84028e-07;1.05099e-08;3.01688e-07;2.62585e-06;1.92114e-07;4.3815e-06;8.31141e-08;8.72603e-07;6.52133e-08;1.77314e-07;2.61965e-07;1.22622e-06;7.89724e-08;5.06196e-08;3.07134e-07;4.81109e-05;9.02041e-05;1.93031e-07;2.47197e-06;4.29649e-07;2.41971e-07;6.94237e-08;8.46814e-08;2.70904e-08;1.33573e-07;1.9704e-07;1.55431e-07;0.000145173;7.04684e-09;1.34105e-06;8.53315e-08;3.93655e-08;7.50916e-08;4.54945e-08;9.6636e-07;3.12874e-07;8.9287e-08;5.26955e-05;6.00203e-07;1.50174e-06;1.75231e-06;2.06157e-06;3.11619e-07;2.342e-06;1.62829e-08;2.50901e-07;1.88556e-07;1.62861e-06;3.19008e-06;7.09201e-08;5.23595e-07;3.45157e-07;2.4907e-07;1.12182e-07;1.90597e-08;1.64219e-07;1.20012e-07;1.72791e-06;1.37704e-05;1.01509e-06;2.02084e-06;4.98097e-08;7.14936e-08;4.85545e-08;1.28528e-07;4.72187e-08;3.26973e-07;1.72672e-09;2.03068e-08;2.72035e-07;2.98592e-07;5.50023e-05;2.45165e-08;2.32147e-07;6.30191e-08;5.39005e-07;3.42159e-07;3.65718e-07;2.3269e-07;1.80355e-06;5.86312e-07;6.29918e-06;0.00015476;1.19487e-06;3.47176e-06;1.48899e-08;7.99597e-08;2.44518e-08;2.22429e-07;3.62683e-05;4.457e-07;3.94299e-06;1.85606e-07;5.2427e-07;5.67464e-07;2.52285e-06;3.99155e-06;1.32934e-07;1.92377e-08;4.00304e-07;1.47886e-07;8.62865e-07;7.88994e-06;1.92109e-07;4.4273e-05;3.1474e-08;3.07601e-07;5.6396e-07;4.0748e-08;2.38363e-07;9.78572e-08;1.35622e-07;7.02934e-08;3.11491e-08;5.59714e-08;6.44811e-07;1.27901e-07;3.90014e-09;1.46499e-07;1.25792e-07;5.04734e-08;4.41385e-08;7.37491e-08;6.70482e-07;1.14969e-06;7.19707e-08;1.46222e-09;2.8891e-08;3.85834e-09;3.86123e-06;1.04868e-07;1.16941e-06;1.09025e-10;1.11927e-07;1.49435e-07;2.47285e-07;6.3428e-08;4.27693e-08;1.23499e-08;3.10276e-08;2.1864e-10;1.98028e-09;1.21357e-09;1.97356e-09;3.14905e-05;6.07239e-07;1.50244e-07;1.00951e-08;8.72773e-08;1.07992e-07;6.45735e-09;1.02008e-07;1.25497e-07;5.82517e-08;5.46041e-10;2.4561e-08;3.16414e-09;3.40698e-06;4.24537e-07;5.82271e-11;6.33345e-09;1.15357e-07;2.08396e-08;3.50346e-08;1.95873e-08;4.84448e-09;8.053e-08;1.68047e-09;5.76244e-09;3.46174e-08;6.1803e-09;5.54952e-07;4.76297e-10;4.95859e-06;1.5987e-06;7.09117e-07;0.0177347;4.1445e-05;6.52433e-05;0.954005;0.000148278;0.00800979;0.00283832;2.6913e-06;3.87849e-06;7.11945e-05;0.0147036;1.75844e-05;0.00144036;7.29842e-08;9.0471e-10;1.79801e-08;1.56819e-07;1.21222e-07;3.68568e-07;2.31837e-09;2.91685e-06;2.54028e-09;1.81284e-07;1.92808e-07;4.71178e-07;4.4468e-06
4.08032e-07;1.24342e-06;1.02448e-07;2.86171e-07;1.65676e-06;3.04977e-07;5.1008e-07;2.32929e-07;3.30954e-08;3.90157e-08;7.18667e-10;9.94642e-09;4.32286e-07;1.07985e-07;2.21426e-07;1.58519e-07;2.31534e-06;4.57274e-08;2.00753e-07;1.88055e-08;3.35183e-08;1.00269e-07;1.80313e-07;1.54441e-06;6.76517e-08;1.50542e-06;2.18827e-06;2.9545e-09;8.67698e-09;4.71576e-08;1.4561e-08;2.09864e-07;7.49969e-08;8.0293e-09;1.5616e-08;4.47735e-08;7.3422e-08;7.34361e-08;3.76989e-07;2.79583e-07;1.79682e-09;5.20094e-08;7.42477e-08;2.39751e-08;2.89488e-07;7.92054e-08;2.87749e-09;2.24071e-07;5.55066e-08;7.41742e-09;1.18427e-06;1.88903e-07;7.45338e-05;8.22376e-08;4.38153e-08;1.76605e-06;8.98906e-07;2.8427e-08;2.77933e-08;5.27652e-08;4.21267e-09;1.62353e-08;2.05401e-07;8.36672e-08;4.49219e-08;1.97821e-08;1.20276e-07;2.47951e-07;5.61383e-08;1.1145e-07;7.54327e-08;8.46958e-08;1.71025e-07;9.99609e-09;5.09641e-07;8.09962e-08;1.53904e-07;6.96713e-07;8.68908e-08;2.51711e-07;4.80851e-08;1.49045e-08;5.40451e-07;5.63936e-07;9.16988e-09;6.77955e-08;2.67779e-07;2.7453e-08;6.3991e-08;4.99605e-08;2.15739e-08;6.53442e-08;1.47024e-07;3.16132e-08;2.73708e-08;1.44366e-07;5.73106e-10;3.02131e-08;5.989e-07;1.4196e-09;6.38706e-09;2.74266e-08;3.41024e-07;8.64141e-07;6.41038e-07;2.9073e-07;1.53845e-07;5.50146e-08;1.43974e-07;2.35907e-07;3.59355e-05;1.795e-07;9.1166e-09;1.5461e-07;6.32371e-08;1.7084e-08;1.85302e-07;2.66345e-07;2.78831e-08;7.51311e-07;7.89117e-07;8.03351e-07;2.61793e-05;3.21981e-05;0.000505258;0.00028096;0.0879492;0.0567734;0.758069;0.0887325;6.08625e-06;2.20556e-05;2.40635e-05;0.00472855;0.00111047;0.00131939;6.43602e-08;5.68568e-08;1.60115e-07;7.22546e-07;3.86175e-06;1.68872e-07;4.48635e-06;6.65562e-08;1.10093e-08;5.40792e-07;1.08433e-06;9.31784e-08;3.36416e-07;2.13419e-07;1.1334e-07;3.02516e-07;1.03945e-06;9.86364e-08;1.11187e-08;6.33925e-08;9.32633e-08;2.47341e-07;1.78538e-07;1.35161e-07;4.28966e-08;3.23799e-07;1.31494e-07;8.59061e-08;1.14859e-06;1.97375e-07;8.59598e-09;8.9992e-07;4.1327e-07;5.69459e-08;2.80401e-07;1.091e-07;1.36989e-07;6.36684e-08;1.27546e-07;6.01438e-08;5.42432e-07;9.23706e-07;1.27688e-07;4.35807e-07;1.18681e-08;7.37982e-08;3.74032e-08;6.45446e-09;9.04124e-07;9.79155e-07;2.62119e-07;1.37662e-07;3.29291e-07;2.61921e-07;8.75815e-07;5.66507e-07;1.47624e-06;1.98812e-07;1.16952e-06;6.50322e-08;2.59612e-08;6.19313e-07;4.14398e-08;5.38414e-07;1.04295e-06;2.06072e-07;5.10758e-07;4.41521e-07;3.1052e-05;6.57174e-06;1.12049e-05;1.00885e-06;2.76341e-07;1.53995e-07;1.07347e-06;1.70703e-06;1.62817e-06;2.813e-07;1.52826e-07;3.88774e-08;1.78681e-07;2.90596e-05;2.06742e-07;2.56294e-06;2.49721e-07;1.16079e-07;3.07388e-07;9.32921e-08;1.73771e-07;1.57669e-07;1.70965e-06;1.02332e-07;4.80501e-07;7.28514e-08;5.15333e-07;7.0688e-07;3.10558e-08;1.59109e-07;8.98638e-08;2.26983e-10;3.25479e-08;3.20361e-09;4.326e-07;1.81674e-07;9.17651e-08;3.49382e-05;2.30163e-07;2.73066e-05;8.92877e-08;9.68093e-09;2.2429e-08;2.27894e-08;4.08151e-07;1.52595e-08;5.27512e-06;6.559e-06;1.9405e-07;1.57391e-07;2.60294e-07;1.91567e-07;2.08234e-07;6.33744e-07;7.38063e-08;1.98755e-07;3.0878e-08;9.10464e-08;1.43951e-08;1.44126e-08;1.0009e-06;1.64878e-08;7.71896e-08;1.08194e-07;8.62941e-08;6.10222e-06;1.18353e-07;3.48647e-06;3.08641e-09;4.72103e-10;3.29483e-09;4.25406e-10;4.64336e-08;3.27426e-09;1.80062e-07;4.38006e-09;5.67061e-08;1.57451e-07;3.75171e-07;1.08361e-07;8.90507e-08;3.73555e-05;3.05739e-08;7.37715e-08;1.79855e-10;1.89265e-08;9.00213e-09;7.65004e-09;3.33393e-06;4.90056e-08;6.21691e-09;6.49232e-08;7.59316e-08;2.16591e-10;6.20277e-08;1.87378e-08;5.14213e-08;4.615e-08;1.17246e-08;6.46725e-09;2.20065e-08;2.55293e-07;6.82921e-08;3.91892e-11;5.70128e-08;3.22083e-08;7.66051e-11;4.8799e-08;3.71335e-08;1.14109e-07;1.54833e-07;1.84029e-07;1.31608e-07;1.48316e-05;2.62257e-07;5.86018e-10;9.79977e-09;1.63704e-07;2.53366e-07;1.45838e-07;1.60356e-07;1.34193e-07;3.13168e-10;1.11689e-06;2.30402e-07;7.31713e-07;2.35665e-07;6.02553e-08;1.08241e-06;4.39296e-08;7.50333e-07;7.0754e-07;1.83879e-06;7.6449e-11;2.38161e-08;4.00117e-08;6.66659e-11;5.03496e-09;8.94428e-09;4.12861e-07;1.19327e-08;1.6346e-08;4.09471e-08;5.54717e-10;5.2434e-07
5.75642e-05;2.21061e-06;3.16355e-09;6.58954e-10;2.28336e-09;4.35459e-08;1.00717e-08;2.24594e-07;3.73674e-09;8.96457e-09;5.6031e-09;3.54201e-10;3.5146e-10;5.50568e-06;3.58408e-08;2.81254e-07;5.52216e-07;1.23447e-08;6.64547e-08;6.60416e-09;7.55704e-08;2.19021e-05;2.87329e-08;4.50536e-07;7.35256e-09;3.33055e-10;8.14348e-10;5.53827e-06;2.71421e-05;1.6896e-10;5.39319e-10;2.60847e-09;2.23589e-11;4.01864e-14;8.92551e-12;9.20576e-06;9.07488e-08;1.87503e-08;2.54574e-06;3.2986e-07;1.16196e-07;2.76002e-08;1.16721e-09;8.50594e-08;4.88852e-08;1.1046e-09;3.37921e-08;4.35267e-05;2.98674e-09;5.05346e-10;1.75502e-08;9.2265e-10;2.06081e-10;3.78587e-09;2.6795e-08;2.56669e-08;2.29089e-08;2.47773e-05;6.89381e-08;8.15253e-09;1.07199e-06;3.26888e-09;3.37694e-09;2.52937e-09;4.96277e-07;5.97844e-07;1.25588e-08;1.38213e-08;2.13357e-05;1.26004e-08;3.53275e-09;2.54947e-09;1.05105e-08;1.98422e-10;7.90145e-10;2.13295e-07;1.33082e-08;4.7586e-07;7.5825e-09;1.44704e-08;5.08791e-08;4.91629e-05;1.42893e-07;3.6722e-08;1.28798e-07;8.98654e-10;7.56242e-10;1.48776e-10;2.41006e-08;1.23151e-08;4.56013e-06;6.33019e-09;3.15655e-08;2.27347e-07;1.51257e-08;5.88739e-08;3.60613e-10;1.2408e-07;1.80069e-08;4.77097e-05;1.18894e-08;6.29782e-10;7.87386e-08;3.23558e-11;3.70114e-11;6.70761e-11;2.30433e-05;1.35138e-08;1.43992e-08;4.14425e-08;6.94398e-10;6.30907e-09;1.70772e-06;2.0907e-08;2.40366e-07;7.89961e-05;1.52105e-08;1.28368e-09;1.04512e-11;2.88717e-06;7.42934e-08;1.51212e-09;2.10111e-09;0.000138782;2.79396e-09;8.27662e-09;1.84393e-06;9.12381e-12;1.01163e-11;5.06238e-11;1.60211e-05;1.33039e-08;6.14209e-09;2.40198e-07;3.04142e-10;1.93495e-08;1.29194e-05;1.02784e-08;6.59091e-09;2.27265e-07;6.65999e-09;8.72213e-11;1.74216e-09;1.65626e-06;2.72945e-07;1.17471e-09;1.49068e-09;2.85717e-09;1.48036e-05;1.47943e-08;1.62836e-08;4.32299e-08;6.24514e-07;1.21501e-08;6.32687e-11;3.94493e-07;3.69346e-08;2.27949e-10;1.27528e-09;2.04399e-05;1.26833e-08;6.42503e-08;6.07571e-08;4.36528e-09;3.65812e-08;9.8787e-10;3.05105e-08;6.46613e-09;1.14359e-08;9.60628e-09;1.69898e-06;4.96127e-09;6.19876e-08;4.10493e-07;5.95464e-09;4.87733e-09;1.60546e-09;2.2547e-07;2.55284e-08;1.36511e-09;0.00024127;1.78569e-07;5.20433e-09;3.7104e-07;3.56392e-07;2.46377e-08;1.89398e-08;1.73944e-06;1.57157e-08;1.70651e-07;1.03329e-08;0.000169405;6.43201e-08;4.68208e-08;2.64583e-07;5.84736e-08;2.56285e-08;3.27837e-08;7.981e-07;1.04868e-08;2.05801e-08;5.26704e-05;1.6426e-08;5.66387e-08;1.05628e-06;1.14716e-08;1.66435e-09;4.14357e-09;1.10645e-05;1.12328e-08;5.28306e-08;7.92331e-09;7.24684e-08;2.07164e-08;6.67111e-05;4.78952e-09;4.42279e-08;1.21942e-07;2.78085e-10;4.47397e-11;4.85426e-12;1.51187e-07;2.17123e-08;5.44604e-08;1.78577e-08;6.85689e-06;2.74367e-09;2.49424e-08;3.71219e-06;1.47048e-08;7.48699e-09;2.93462e-09;6.62356e-05;9.76678e-10;5.03866e-08;1.67316e-08;7.05874e-09;1.65932e-11;7.17321e-10;1.2155e-05;5.16477e-09;2.63142e-07;2.14255e-09;5.36066e-09;1.24849e-08;4.6543e-05;2.43444e-08;1.23086e-08;8.33895e-09;2.15839e-10;1.07184e-10;1.61217e-09;1.34886e-05;4.72245e-08;6.56538e-08;9.05954e-09;1.36721e-09;3.44194e-10;2.8162e-08;0.000256372;8.02271e-08;6.33648e-08;2.24311e-07;1.89547e-08;3.0725e-09;1.62717e-09;2.27221e-06;1.82884e-08;1.91964e-08;7.58717e-06;1.97947e-08;8.73491e-08;4.6992e-12;3.04689e-06;5.13137e-09;1.17887e-10;1.45159e-07;4.57367e-11;1.30305e-09;5.7488e-13;7.50822e-05;1.04655e-08;1.27893e-08;4.8398e-10;5.00275e-10;1.69978e-09;5.79186e-08;0.00018374;6.16474e-10;1.95313e-08;6.70564e-07;3.80825e-11;7.28343e-11;6.10216e-13;2.376e-05;7.09873e-09;5.36978e-08;4.82423e-07;3.63394e-08;1.17284e-09;1.04933e-07;0.0102254;2.02328e-06;1.66626e-05;0.978299;0.000210148;3.40097e-05;5.73064e-09;0.000590557;4.02399e-06;0.00813057;7.1892e-06;6.25326e-09;1.18687e-08;0.000155727;1.1678e-07;1.65277e-07;3.20545e-06;1.51768e-11;2.23533e-12;1.12906e-09;7.3551e-07;7.81882e-08;2.67489e-08;1.67233e-05;1.01613e-08;6.16974e-10;2.21258e-09;1.70617e-08;6.58791e-09;6.02707e-06;3.84498e-08;4.51949e-08;3.48618e-07;2.57685e-08;4.18561e-09;1.40719e-08;1.63025e-08;7.8871e-05;2.24926e-09;1.12537e-08;2.75636e-11;9.61229e-10;2.38839e-10;0.000319448;3.17987e-08;4.48704e-08;5.3824e-07;2.13171e-08
2.83374e-09;1.1011e-09;8.7253e-10;4.48471e-10;4.31496e-12;1.19335e-09;1.97315e-10;2.73736e-10;1.67494e-10;1.26059e-10;2.34433e-12;1.21487e-10;4.37554e-12;8.06123e-10;2.34172e-10;1.37958e-10;8.0264e-10;4.76893e-11;2.0014e-10;1.61768e-10;4.55936e-11;1.36045e-09;3.10743e-10;2.53322e-10;6.11469e-09;1.79376e-11;5.1671e-11;0.999999;1.15061e-09;7.19742e-11;3.17954e-08;3.46428e-14;1.21812e-10;1.0067e-11;2.27961e-12;3.10344e-10;8.50451e-11;8.55794e-11;4.80995e-11;2.57709e-10;1.00825e-09;6.53739e-07;3.95278e-07;9.12789e-08;5.65907e-10;2.17617e-08;4.80942e-08;1.3716e-09;1.32784e-09;7.70283e-09;2.6799e-12;2.55482e-09;1.43142e-11;2.01989e-12;1.77664e-09;5.42018e-11;1.37373e-11;2.4412e-09;2.72023e-10;3.72996e-09;6.91935e-10;2.22147e-08;1.63607e-09;1.37205e-10;1.74817e-10;2.71192e-10;2.29254e-11;1.13123e-10;6.08369e-10;7.51878e-10;4.46341e-10;4.43547e-11;1.44717e-09;1.09659e-12;8.01701e-11;1.37436e-10;7.73356e-11;4.61683e-11;1.575e-09;1.6748e-10;1.38003e-10;2.0327e-09;7.48519e-10;3.80638e-09;9.05995e-12;1.67057e-10;1.42429e-11;2.66224e-11;1.80777e-11;5.93789e-11;7.59248e-10;3.43862e-10;1.42941e-10;3.84779e-09;1.20397e-09;3.78896e-11;8.10492e-11;6.64256e-11;9.74577e-11;6.95992e-10;4.8946e-10;6.45123e-10;7.01882e-13;5.54944e-10;1.10581e-12;7.54713e-13;2.97893e-10;6.55976e-11;5.27006e-11;7.64733e-13;4.68047e-10;1.44226e-12;1.09696e-09;4.96661e-11;2.28345e-10;8.37991e-12;1.59943e-08;2.36525e-10;3.70337e-11;2.61575e-11;9.33184e-11;1.74155e-11;1.01665e-11;3.36171e-10;9.29544e-11;8.51372e-10;1.58137e-11;5.69941e-10;5.39478e-12;3.49566e-14;2.16906e-11;6.13265e-11;4.90409e-11;4.3089e-13;4.6572e-11;6.11782e-11;1.32559e-10;2.75071e-10;4.73796e-11;2.62721e-11;2.05146e-11;2.5843e-13;3.56063e-12;4.62002e-11;2.80906e-11;3.42765e-11;8.0729e-12;4.03502e-11;4.66319e-10;5.14217e-10;7.99746e-09;4.82263e-10;2.09871e-09;3.48762e-11;3.27322e-10;7.92698e-11;4.95431e-12;1.04179e-09;1.54602e-11;6.23336e-10;1.07282e-10;1.14465e-09;3.96816e-10;8.95788e-09;6.44245e-10;2.96635e-10;2.34095e-10;8.44398e-11;2.18196e-11;5.76446e-11;3.30898e-10;9.69606e-10;3.10059e-09;1.3645e-09;9.294e-09;6.85875e-11;9.70675e-10;1.53017e-10;1.27746e-09;1.01722e-10;1.25763e-10;3.34309e-10;1.88392e-10;3.38353e-11;4.05056e-11;1.35151e-12;1.29238e-12;3.19472e-11;1.10274e-09;4.24048e-11;3.9543e-11;3.15413e-10;4.19031e-10;5.80511e-10;4.90746e-12;2.05114e-09;1.15454e-12;2.92559e-11;2.32325e-10;3.01477e-10;2.01462e-11;3.02948e-10;1.07506e-10;1.02263e-10;1.79736e-11;6.63604e-11;1.13291e-11;2.57456e-12;7.97071e-11;5.74324e-11;1.34771e-11;1.23606e-11;5.80369e-11;5.54255e-11;2.6362e-10;4.00597e-11;4.93321e-10;2.08362e-11;1.32778e-09;2.67723e-12;1.90393e-10;2.05448e-10;1.00942e-10;4.09972e-10;8.09498e-11;7.91599e-10;7.60914e-10;3.23925e-09;1.27682e-07;3.20086e-09;2.76396e-10;2.1648e-10;2.9677e-10;5.20744e-11;3.16466e-10;3.2396e-10;1.28316e-10;6.43031e-12;2.48117e-11;1.88501e-10;9.96748e-11;3.28613e-10;3.05826e-10;9.85851e-11;3.20925e-11;3.98841e-10;1.30381e-10;1.78271e-09;1.11857e-10;8.50456e-12;7.55539e-12;2.75197e-11;6.94919e-11;1.10766e-10;4.86253e-10;1.68329e-11;2.50163e-10;5.83177e-11;2.14924e-10;3.54387e-10;1.1096e-09;6.36085e-10;6.22246e-09;1.36114e-13;1.37402e-10;5.51301e-11;1.38992e-10;8.47868e-11;1.99582e-10;2.4278e-09;1.14728e-09;4.44759e-11;1.01623e-13;2.26482e-10;1.97309e-10;3.2729e-09;2.54071e-13;4.69153e-11;7.16695e-11;1.72728e-12;7.83145e-10;7.66278e-10;6.38698e-11;2.02221e-12;1.31738e-09;7.3892e-11;6.65789e-11;5.88422e-10;2.97531e-10;6.60954e-11;1.23748e-09;1.93532e-10;1.63161e-14;3.20378e-11;1.08785e-10;7.01706e-11;5.34269e-11;1.2015e-12;1.27192e-09;1.939e-11;2.68929e-10;1.40672e-10;2.58404e-10;1.62438e-09;1.92206e-13;1.74196e-08;5.78334e-10;3.52002e-13;4.50064e-10;1.74895e-10;2.83345e-10;7.85251e-10;1.05948e-10;5.81605e-11;4.90668e-10;1.61428e-09;5.23088e-10;2.205e-10;2.12257e-10;4.86013e-13;3.87874e-10;3.60838e-11;5.76587e-11;6.52561e-12;1.24345e-09;1.20604e-09;1.64254e-11;7.11264e-10;5.83499e-11;2.56765e-11;1.03648e-09;2.58044e-10;9.71046e-11;3.0777e-12;1.26891e-10;1.08896e-10;7.36608e-09;1.09685e-12;2.3844e-10;3.77209e-11;1.59397e-13;9.47841e-10;4.69313e-11;9.64699e-15;6.67474e-10;8.03677e-10;2.3639e-10;1.054e-10;1.45911e-11
7.44051e-09;8.36293e-08;4.65811e-10;2.92269e-10;4.40495e-09;3.03751e-10;2.35303e-09;1.61797e-10;1.58147e-10;2.27123e-10;4.55654e-09;2.37606e-11;1.998e-11;4.25669e-09;1.44156e-10;6.95527e-08;1.39255e-07;2.59743e-10;1.21011e-09;3.2339e-10;3.75266e-10;1.65393e-08;3.33752e-11;6.1385e-09;1.79737e-10;1.4202e-11;1.63778e-10;8.42491e-10;9.99199e-08;7.75537e-10;6.84337e-09;2.56278e-09;2.14083e-11;7.17591e-12;3.08161e-13;9.07956e-09;3.37959e-10;1.35961e-10;8.43703e-10;1.10388e-10;9.94577e-12;1.55071e-10;3.33671e-12;6.50598e-10;9.63118e-12;2.28204e-10;4.34335e-11;1.1226e-07;3.32292e-09;2.26655e-08;2.69296e-10;9.66879e-12;2.04472e-10;1.31533e-11;3.29168e-10;8.59705e-11;5.72787e-11;1.37628e-07;1.17321e-10;2.85936e-10;5.23031e-10;5.27991e-10;3.23974e-11;1.78183e-11;9.99303e-10;1.43164e-09;1.22366e-10;6.87055e-11;3.30716e-08;2.45173e-10;7.70498e-11;1.69858e-09;3.42919e-12;2.4364e-13;4.29994e-12;3.09494e-10;1.45519e-10;2.45295e-10;2.65524e-09;5.46853e-11;1.63703e-10;8.71012e-08;5.5683e-09;1.80404e-09;3.69944e-10;4.49722e-10;1.28625e-11;8.92852e-12;5.82957e-10;2.55612e-10;7.04169e-08;2.32475e-10;2.18817e-10;9.9392e-08;8.86408e-10;2.53474e-10;2.09143e-11;2.57358e-10;5.87962e-11;3.55423e-08;6.06597e-11;4.52159e-10;1.13501e-09;3.13756e-11;9.84275e-11;7.37024e-13;5.96704e-09;1.83079e-10;2.15614e-10;2.77646e-10;3.86697e-11;2.52618e-11;6.18181e-09;1.67858e-10;1.59602e-10;1.33856e-09;2.17095e-10;5.99402e-11;1.51527e-12;5.66796e-12;4.74354e-11;1.25655e-12;5.97507e-11;1.44785e-07;2.95884e-09;5.59576e-10;4.56054e-10;9.63049e-11;6.99224e-13;7.71799e-13;8.18117e-09;7.40551e-11;2.06677e-10;2.7987e-11;6.04129e-11;1.65712e-11;1.0567e-08;6.23808e-11;4.19075e-10;2.47786e-09;3.18472e-10;6.10679e-12;5.6668e-12;1.1537e-09;1.1794e-09;3.13787e-11;3.52935e-11;3.40259e-11;5.07272e-08;1.99116e-09;5.12379e-09;7.8707e-09;3.42763e-10;4.40055e-13;1.79693e-10;5.52662e-10;3.05327e-10;9.50358e-11;1.03158e-10;7.23076e-08;1.77931e-10;3.9287e-10;2.03856e-08;1.11814e-11;2.86223e-10;3.10373e-11;6.1756e-10;7.6846e-11;1.67384e-11;1.57106e-10;5.16114e-09;1.19599e-09;9.16215e-09;4.52282e-08;1.08575e-09;4.91113e-11;5.78073e-10;2.27812e-09;9.15306e-10;4.84654e-11;1.7398e-08;1.07017e-10;2.9141e-10;1.7062e-11;2.21903e-11;6.62388e-11;1.86472e-12;4.25106e-10;2.36727e-10;1.54119e-10;8.38397e-10;2.89707e-07;2.92092e-09;4.13652e-09;4.40774e-08;1.76256e-09;3.9302e-10;8.47306e-11;1.09517e-08;1.16443e-09;2.13578e-10;1.12074e-08;2.15989e-10;7.3678e-10;2.8976e-09;7.49442e-11;2.24272e-11;4.05499e-11;2.54607e-08;1.44206e-10;1.4666e-09;3.14027e-11;4.45198e-10;1.8295e-10;1.35804e-08;8.01083e-11;6.38917e-10;9.27618e-09;1.92122e-11;3.35323e-13;2.8428e-14;3.0778e-10;2.13226e-10;2.34382e-10;1.31935e-10;1.08294e-07;1.02983e-09;5.5957e-09;3.49514e-08;2.34294e-09;1.86413e-09;1.1059e-10;4.25296e-08;8.83528e-11;1.66683e-09;7.88327e-07;3.02649e-10;4.40254e-12;6.15697e-12;5.60852e-08;2.28722e-10;1.24883e-08;1.10672e-09;2.65069e-10;1.20846e-10;8.6295e-09;3.80838e-10;3.23807e-10;1.97659e-10;1.12621e-11;1.20292e-12;2.7913e-12;8.21105e-09;1.50376e-10;5.4968e-10;5.92335e-11;4.60639e-10;8.18258e-11;7.35247e-10;1.05931e-08;6.45942e-10;4.83794e-11;2.39831e-08;7.96456e-13;4.3636e-12;4.7023e-12;2.93934e-09;1.42229e-10;1.09232e-10;1.47196e-09;1.09891e-10;1.14892e-11;9.46432e-14;1.95232e-09;2.43034e-12;3.64869e-12;3.0697e-10;2.56144e-11;3.76986e-13;2.7567e-13;6.43577e-08;2.79696e-11;5.78322e-11;2.15724e-10;3.25932e-11;9.11244e-12;6.10562e-11;3.13826e-08;1.70563e-11;1.14855e-10;1.03956e-09;3.6878e-11;2.63384e-13;1.35215e-15;2.32757e-09;5.66413e-11;2.62402e-10;5.31854e-11;4.10982e-11;1.99105e-11;3.27301e-10;4.45678e-07;4.57093e-10;7.05421e-11;6.74188e-09;7.02515e-12;1.38331e-12;5.90387e-16;6.04732e-09;5.55683e-10;4.91749e-12;1.69919e-12;5.99807e-13;1.15628e-10;8.14933e-09;1.2134e-10;3.00391e-10;1.12945e-08;1.64461e-10;6.09556e-16;1.38802e-11;1.33556e-10;1.01142e-11;7.10811e-07;1.09393e-06;7.54609e-08;0.999918;3.58542e-05;3.12957e-05;5.15959e-07;8.6083e-06;1.69583e-08;6.9883e-08;8.45517e-08;4.33179e-08;6.93964e-08;7.3002e-11;4.5665e-16;1.52068e-08;9.89814e-11;3.48471e-08;1.44083e-11;2.15714e-11;1.15555e-12;4.11464e-09;2.36314e-10;1.73342e-10;6.63406e-12;4.39157e-11
2.16221e-10;2.00482e-09;1.67493e-09;3.20679e-10;2.95884e-10;6.6339e-10;2.163e-11;2.35715e-10;2.53508e-10;2.77576e-10;7.91321e-10;1.14323e-09;7.53727e-11;5.6694e-11;2.772e-10;1.62555e-09;4.46118e-10;4.41364e-11;1.7346e-10;5.60511e-10;2.46311e-10;1.44835e-10;1.37296e-10;1.37011e-09;6.49851e-10;3.04837e-10;9.43509e-11;0.999999;2.99231e-11;6.86237e-11;3.12178e-09;2.2178e-10;1.99754e-09;8.58414e-12;1.85563e-12;1.13304e-10;9.04351e-11;5.27982e-11;3.91812e-12;6.99496e-11;4.828e-11;3.9777e-08;2.8329e-07;1.46107e-08;2.96419e-10;4.96923e-09;4.54332e-10;1.33816e-09;5.80366e-10;3.82865e-09;1.23488e-09;1.41976e-10;2.61061e-10;4.54286e-13;1.94494e-10;1.64928e-10;4.13697e-11;5.87659e-10;2.35254e-10;1.22525e-09;5.35983e-10;1.91465e-08;1.01646e-08;7.47656e-11;1.38256e-10;4.78557e-10;1.17765e-10;2.38593e-10;4.58275e-10;2.20135e-09;4.50396e-10;1.8039e-09;2.45804e-09;3.07687e-11;1.16835e-10;1.39041e-10;1.16907e-10;3.70911e-11;1.54537e-10;2.73143e-10;2.58995e-10;4.03593e-11;4.13712e-11;5.19987e-10;1.67424e-11;1.99983e-10;2.89083e-12;1.48218e-11;7.93457e-11;6.50102e-11;6.54221e-10;3.86236e-10;1.50813e-10;4.15235e-08;4.02452e-09;1.3796e-11;3.12467e-10;1.03758e-09;2.66401e-10;2.07906e-10;3.97575e-10;5.50635e-10;4.90177e-11;8.49879e-11;1.33785e-11;4.79837e-11;2.03405e-10;9.61025e-11;5.42049e-11;1.44354e-11;2.95619e-09;4.26046e-12;5.11489e-10;6.16735e-11;3.88496e-10;1.19695e-10;1.09204e-08;4.29986e-10;9.43353e-10;1.49123e-10;2.29654e-10;2.62012e-10;2.17218e-11;5.40445e-10;6.90378e-10;1.59133e-10;1.47249e-10;3.57535e-10;2.59243e-10;2.2303e-12;8.71375e-12;6.61276e-11;1.59361e-11;5.03754e-13;8.66161e-11;7.68714e-11;7.37761e-11;2.13582e-11;1.10664e-10;2.39643e-11;9.62467e-11;2.32699e-11;1.21314e-10;1.08082e-10;1.01431e-10;7.47232e-11;8.67784e-11;1.68973e-10;6.20036e-11;6.17056e-11;2.47608e-10;1.35273e-10;1.3424e-09;1.59613e-10;1.35767e-10;1.07732e-10;1.18681e-11;1.49157e-10;1.06203e-10;2.25914e-10;6.60076e-11;1.17215e-09;2.87995e-09;2.41081e-10;7.20777e-10;1.66351e-10;8.5558e-10;1.07085e-10;1.24246e-10;1.71952e-10;6.88533e-11;9.72576e-10;5.30291e-10;3.45644e-10;5.87256e-10;3.64783e-10;1.63903e-09;3.11539e-10;5.16033e-10;8.82237e-10;1.21754e-10;1.77824e-10;3.97043e-10;6.4055e-11;2.24481e-11;1.35677e-12;1.07994e-12;2.93787e-11;3.32885e-10;3.23951e-10;3.79415e-10;1.82108e-10;2.03431e-10;2.87199e-10;5.58324e-11;1.16217e-10;5.60315e-12;4.07663e-11;1.09796e-10;3.63011e-10;5.82001e-11;1.44012e-10;1.86531e-10;2.17624e-10;5.35641e-10;1.23565e-10;4.09811e-10;1.43371e-10;1.97711e-10;6.36822e-11;3.98558e-11;5.77987e-11;2.27824e-10;1.08433e-10;4.54999e-11;3.79072e-11;4.26969e-10;3.73922e-11;1.10983e-11;8.06929e-12;3.56149e-11;9.81035e-11;1.5586e-10;7.64136e-11;5.61603e-11;1.13057e-09;1.35445e-09;4.07633e-10;5.03112e-08;1.11059e-09;2.5217e-10;1.81418e-10;1.9484e-11;5.17744e-11;1.57029e-10;2.40585e-10;3.12895e-11;4.28292e-11;2.98325e-13;1.01409e-10;7.22729e-11;2.89311e-10;7.34842e-11;1.3274e-09;7.47309e-11;1.84305e-10;3.96427e-10;1.22648e-09;1.63455e-09;1.24731e-10;1.32316e-09;2.34252e-10;1.44469e-10;3.04517e-10;4.52515e-10;1.60097e-10;2.68308e-10;1.07796e-09;1.02484e-10;6.74128e-11;1.91814e-09;2.77507e-10;2.44845e-09;2.19176e-13;1.9716e-10;4.56563e-11;1.11491e-10;1.102e-10;1.53553e-10;1.24353e-08;6.11515e-10;2.38529e-10;1.90873e-13;5.24662e-12;2.01468e-10;3.78241e-10;3.23666e-09;3.16912e-11;2.28747e-13;2.09513e-12;2.12266e-10;1.0552e-10;6.10085e-11;1.98307e-11;1.58541e-11;3.82798e-11;9.64143e-11;7.71687e-11;1.50479e-11;1.22253e-10;2.27732e-09;2.98428e-11;1.68928e-13;1.28526e-11;5.75211e-10;1.4275e-10;3.13966e-11;3.49376e-11;3.80655e-11;5.66906e-11;1.95952e-10;1.02266e-10;5.71717e-11;2.06766e-10;5.36363e-11;3.87598e-09;6.91486e-11;9.46093e-14;1.15756e-10;8.12221e-11;4.65822e-13;4.43403e-11;2.04067e-10;8.84128e-11;9.32001e-11;2.5746e-10;3.03252e-10;2.9394e-11;1.29551e-09;1.42083e-12;3.19563e-10;3.66488e-10;2.02052e-10;1.51613e-13;4.92458e-10;3.52795e-10;3.7542e-10;2.99449e-10;6.76416e-11;5.83101e-10;2.00429e-10;3.01723e-10;1.24087e-10;7.85636e-12;2.11727e-10;2.54476e-10;4.02479e-08;5.08307e-15;2.46526e-10;1.69127e-10;3.28766e-10;4.01991e-08;1.25922e-11;9.60536e-12;7.79274e-11;6.07403e-11;6.30719e-11;1.403e-11;1.89116e-12
4.77954e-09;3.64222e-06;5.77013e-06;1.21406e-06;3.54021e-05;3.43738e-07;4.72031e-08;1.11199e-06;5.79981e-07;6.91134e-07;6.01254e-09;1.21149e-08;1.75629e-07;1.32242e-07;5.67702e-07;7.22505e-06;1.41137e-06;3.43185e-07;1.78846e-06;4.03553e-06;1.43467e-07;3.56458e-08;6.16544e-07;2.68997e-07;5.03804e-08;4.79576e-05;4.42727e-06;7.2381e-07;2.35866e-08;7.86642e-05;1.13513e-05;5.95499e-07;1.2872e-06;8.68005e-06;5.38111e-07;1.613e-07;1.00533e-06;2.84167e-07;1.38339e-07;4.75436e-07;3.75702e-06;1.99121e-06;2.92493e-06;5.63688e-07;2.40748e-08;8.96029e-08;5.61959e-08;2.65465e-08;7.93328e-06;1.83257e-05;6.26212e-08;4.26365e-08;6.58095e-08;1.8603e-08;9.60545e-08;8.40848e-07;6.24528e-07;3.24834e-07;5.38478e-07;5.14507e-06;2.18938e-07;2.27415e-07;4.2203e-05;7.28439e-06;2.13466e-07;5.51492e-05;2.57245e-06;8.04609e-07;5.92744e-08;1.20926e-06;9.92523e-07;9.75478e-09;7.9823e-08;6.106e-08;4.37891e-07;1.11398e-07;3.27164e-07;1.10617e-08;5.02834e-07;2.11764e-07;7.12493e-07;2.92781e-08;2.11263e-06;2.91573e-07;3.13325e-07;1.22838e-06;3.23797e-05;1.90037e-05;1.48702e-06;5.5221e-07;3.88914e-07;4.13838e-06;8.05331e-07;9.25015e-05;1.92967e-07;3.89439e-07;0.000771929;5.6831e-06;8.26061e-06;3.48043e-08;8.1144e-07;2.39187e-07;1.92769e-07;9.46144e-10;4.33296e-08;1.80903e-06;1.37039e-08;2.50467e-07;2.68376e-07;8.28986e-08;3.64208e-07;1.06567e-07;1.08101e-06;3.63672e-07;1.05672e-06;6.12158e-09;2.23883e-07;1.0335e-07;1.67443e-05;9.84817e-08;2.51709e-07;1.39216e-07;1.53077e-06;9.29052e-08;6.76942e-05;2.12947e-07;5.15618e-08;7.39879e-09;3.60965e-06;2.67358e-06;6.61221e-08;5.16915e-06;3.82914e-07;2.27225e-08;3.77719e-07;1.84841e-05;6.64459e-08;2.12477e-07;3.94664e-06;1.12123e-07;4.73327e-07;1.19448e-06;4.53525e-07;7.6766e-07;1.66896e-06;1.40527e-06;5.43118e-07;1.7385e-06;2.94088e-08;4.87341e-07;3.96685e-06;7.37177e-08;1.13899e-07;5.96179e-06;2.65452e-06;2.0966e-07;2.93166e-08;1.32227e-06;7.81229e-06;2.61449e-07;2.69623e-07;2.66144e-05;1.35287e-07;5.37787e-08;6.13994e-06;3.85843e-05;2.46846e-06;3.75283e-07;1.48275e-06;5.43542e-07;2.02421e-07;1.41028e-05;9.4528e-06;4.52208e-06;2.14793e-06;9.00494e-06;0.000593375;1.51848e-07;1.0827e-06;3.47663e-06;1.15295e-07;2.60601e-06;1.70957e-05;3.90196e-06;3.94832e-08;6.4619e-07;1.08151e-05;7.95579e-07;4.64208e-06;1.70407e-06;6.50183e-06;5.16356e-07;3.08265e-06;4.07179e-06;1.87487e-06;8.21985e-07;3.69546e-05;3.88069e-05;0.00010507;2.68076e-05;3.15466e-06;3.94926e-07;1.07217e-05;4.75233e-06;3.89815e-06;7.372e-06;8.83237e-06;5.85669e-05;5.06111e-07;1.46242e-06;1.38334e-06;1.18556e-06;2.96904e-06;8.79375e-07;8.42343e-09;6.07113e-07;5.71227e-06;4.80665e-08;1.38189e-07;4.57509e-07;2.36296e-05;1.85413e-07;9.56797e-07;6.18293e-07;3.96074e-07;4.32869e-05;0.00113539;3.20403e-05;0.0190042;0.00111509;0.00103034;0.97485;9.81274e-09;1.65387e-07;7.66864e-07;4.45599e-08;1.70645e-07;3.44903e-08;1.3203e-07;4.93468e-07;2.95759e-06;4.18347e-06;2.29945e-06;4.21454e-06;2.80604e-07;9.08386e-09;1.5923e-06;5.22548e-06;7.26246e-08;5.79012e-08;3.64403e-06;2.66504e-05;6.58312e-08;7.36609e-07;1.45614e-06;5.49332e-08;3.71145e-07;1.97253e-06;1.92349e-07;6.87422e-09;1.12907e-06;1.80369e-06;5.80999e-07;3.71029e-08;6.8823e-07;3.75586e-05;4.39723e-07;9.85175e-07;2.25902e-06;2.96766e-08;1.37289e-06;3.89389e-07;2.76564e-07;1.45865e-09;1.29527e-06;8.88169e-08;1.70358e-10;5.72937e-09;5.45563e-11;1.49917e-07;4.38106e-08;2.77147e-07;2.52253e-07;3.18234e-10;2.43065e-08;1.44584e-08;6.51819e-07;7.14967e-09;3.13494e-07;5.91323e-07;6.02855e-11;7.60446e-08;1.88052e-08;4.58735e-06;2.26643e-07;1.4874e-06;1.919e-07;3.61564e-08;1.53807e-06;8.59969e-06;3.57272e-07;1.28106e-09;1.0109e-06;7.47652e-07;4.53677e-10;4.10985e-08;5.06311e-08;1.39556e-05;7.94718e-08;3.61357e-06;6.57123e-11;1.71244e-07;4.45566e-08;9.08545e-07;4.61332e-09;3.92644e-06;4.41732e-07;4.97608e-09;2.55839e-08;3.42341e-07;5.284e-06;2.61688e-07;4.70992e-07;3.43745e-10;3.87081e-08;2.47945e-06;7.58593e-07;1.30027e-06;1.28571e-05;1.06767e-06;1.20946e-07;2.11381e-06;1.26576e-06;3.84474e-08;1.2758e-06;2.42453e-06;3.16858e-06;1.34738e-10;2.993e-08;2.55607e-06;1.05414e-07;3.40438e-07;5.52235e-08;1.01226e-08;2.10843e-08;1.53431e-07;4.3106e-07;7.0131e-09;2.44942e-08
3.2898e-08;6.10406e-09;3.25951e-08;4.85247e-09;1.06743e-07;4.12039e-07;1.32274e-09;1.43854e-07;1.1325e-07;5.52417e-08;1.25386e-07;3.40622e-09;4.49824e-08;1.41057e-08;1.11064e-07;1.45802e-07;6.40443e-09;1.60352e-08;6.6115e-08;9.09187e-08;8.48805e-09;3.06571e-10;3.42586e-07;6.44985e-09;2.69519e-09;3.05286e-09;1.68746e-07;1.69007e-08;1.06624e-09;1.00192e-07;6.65469e-10;2.23017e-06;1.02337e-05;8.42417e-08;1.32872e-09;6.322e-09;2.96146e-08;9.56765e-09;4.72749e-08;2.30403e-07;2.48398e-07;1.43946e-08;6.64013e-09;1.0187e-09;5.88407e-09;4.85076e-08;4.88754e-09;1.43016e-09;7.7554e-07;7.88841e-09;2.02815e-07;1.48291e-07;9.5288e-11;1.75982e-08;1.70904e-08;4.0559e-08;5.56131e-08;1.20685e-08;1.17804e-07;5.33031e-08;4.02993e-07;1.30916e-08;1.36142e-06;3.022e-08;7.81665e-09;1.41314e-06;2.81437e-07;2.5834e-07;8.04264e-10;2.82485e-08;1.16737e-08;7.02234e-09;4.71005e-07;1.97843e-09;1.40403e-08;7.15159e-09;1.72229e-08;3.96713e-08;1.68168e-08;2.37038e-08;3.46941e-08;1.38658e-09;9.90801e-08;2.32044e-08;1.09308e-06;1.0519e-06;2.99177e-08;1.62316e-07;1.76377e-06;6.72492e-08;2.00927e-09;4.18972e-08;3.81166e-08;8.03989e-09;6.01363e-08;3.52678e-09;5.4559e-08;1.51825e-06;1.11377e-06;4.05696e-09;8.79649e-09;8.92142e-10;5.87329e-08;4.46445e-08;1.69768e-08;4.55342e-09;4.19795e-10;2.7876e-08;4.72597e-08;3.29238e-07;2.51889e-08;7.39069e-08;5.06667e-08;9.23321e-08;4.5405e-09;1.81397e-10;2.19389e-08;5.00281e-08;1.85834e-07;6.54961e-10;1.77775e-07;2.38896e-08;8.6008e-07;7.28555e-10;3.56651e-09;1.37854e-09;1.62882e-07;1.62736e-07;3.26164e-08;7.2868e-10;2.56441e-09;2.43147e-08;5.21951e-08;7.51626e-08;1.91568e-07;1.55105e-08;1.93187e-08;2.20242e-07;6.4691e-07;1.985e-07;1.74414e-05;6.47738e-06;2.25606e-07;1.18737e-07;1.03389e-06;1.40998e-05;4.34409e-06;9.13052e-08;8.58194e-10;2.3806e-07;1.10717e-08;6.52302e-08;8.0081e-09;3.62582e-09;5.08873e-10;1.58283e-08;7.36064e-09;3.27349e-08;6.9972e-07;1.27628e-08;2.01229e-08;4.72083e-08;1.023e-07;7.20316e-09;5.36854e-08;3.97755e-08;1.02292e-07;5.77832e-08;1.80542e-07;7.53484e-08;1.91295e-08;1.17671e-07;1.26654e-07;1.05616e-08;2.41813e-07;2.42196e-08;1.57258e-08;2.26351e-08;5.32309e-08;3.38724e-07;1.09502e-08;1.72701e-07;2.56501e-07;1.08609e-07;2.34992e-07;8.8435e-09;1.95898e-07;8.02468e-07;3.24931e-06;2.43074e-07;6.43014e-07;7.14771e-09;3.8592e-08;2.3242e-08;2.6207e-06;2.81096e-07;1.26246e-07;1.73176e-08;7.38542e-07;1.92679e-07;7.718e-07;6.15275e-09;1.79866e-07;2.36999e-08;6.82562e-08;1.43959e-07;1.57816e-06;1.94518e-07;9.05534e-08;1.47931e-07;1.14556e-07;1.95656e-07;3.51558e-07;3.64533e-08;2.5176e-09;3.1075e-07;1.94824e-07;1.05472e-06;2.35946e-07;4.0509e-08;2.74697e-08;8.98271e-09;1.03483e-07;4.96481e-08;5.23851e-08;3.49936e-08;6.75064e-07;6.81111e-08;2.28767e-07;3.84586e-07;2.67251e-07;9.30595e-09;1.34988e-06;3.58096e-05;7.90885e-06;0.00145006;0.0603064;0.936539;0.000954435;3.25061e-06;4.54917e-07;0.000155871;3.04933e-05;0.000402606;3.82082e-08;7.27342e-10;2.936e-07;1.76165e-08;5.14741e-08;4.81387e-08;1.46698e-07;3.19887e-08;9.52642e-09;1.56434e-07;2.08632e-07;3.39916e-08;3.20619e-06;2.20066e-06;1.80434e-08;1.41232e-09;1.55834e-07;1.13338e-07;3.2603e-09;5.22793e-08;9.11509e-09;7.55061e-07;9.1397e-09;3.61665e-08;1.08322e-07;1.34458e-08;3.16363e-07;2.13612e-07;2.08724e-11;1.43103e-09;1.73492e-07;2.16986e-09;5.28948e-08;2.76003e-07;8.61277e-11;1.43634e-10;2.4577e-09;4.78448e-08;1.67065e-08;7.56496e-11;1.44035e-09;1.30034e-09;6.64622e-08;1.17724e-09;6.4138e-09;2.88078e-10;1.47352e-07;3.63551e-09;1.78441e-08;6.86139e-09;2.58375e-08;4.79931e-08;1.33542e-07;2.57182e-10;7.39943e-09;2.42095e-07;2.19592e-08;7.59332e-10;4.65988e-09;7.0936e-10;4.11365e-07;5.91302e-09;1.15723e-08;8.59861e-11;6.68805e-09;2.4364e-07;2.5569e-11;2.35127e-08;1.6281e-09;6.85403e-08;1.29242e-09;1.14779e-07;1.99356e-08;4.69216e-07;7.2333e-10;4.92115e-10;1.63828e-08;4.85911e-07;6.18577e-08;1.11151e-11;1.12374e-08;1.06384e-07;6.29935e-08;1.04316e-07;1.29981e-06;9.70743e-09;7.31987e-09;3.18862e-08;1.30094e-07;2.10711e-08;8.49651e-08;7.38355e-07;4.06869e-08;4.02792e-10;1.15403e-08;3.13154e-07;9.10402e-07;4.08358e-08;1.46012e-07;7.43107e-07;3.72956e-10;4.41852e-08;2.59922e-08;1.00733e-08;2.11784e-08
1.36546e-07;1.55733e-09;3.05663e-09;7.85709e-11;9.96206e-10;5.16001e-08;2.34665e-12;3.75911e-09;1.22916e-08;5.53067e-09;6.77932e-09;2.80778e-11;8.48266e-08;4.06509e-09;6.21699e-09;2.19731e-07;4.59189e-08;5.59351e-09;5.09251e-08;9.55392e-09;2.23125e-09;7.27521e-10;1.1271e-08;7.27128e-08;4.23964e-08;5.4377e-09;1.23731e-07;1.05908e-10;2.13015e-10;7.26585e-11;9.02454e-12;3.299e-08;1.91454e-07;1.4491e-11;5.87382e-07;3.45735e-09;6.16599e-09;8.16327e-09;1.36173e-08;2.15159e-10;2.67322e-11;2.89702e-07;1.1569e-09;2.11832e-10;1.82807e-09;3.09018e-10;7.77614e-11;8.12044e-10;1.49217e-08;1.16693e-10;7.53747e-10;1.45222e-11;9.2989e-09;4.3697e-07;4.19157e-10;8.43991e-09;2.0105e-08;4.08665e-09;7.87895e-08;9.59837e-09;3.60893e-08;1.73194e-08;3.35124e-09;1.33638e-06;1.149e-08;1.05409e-07;5.85638e-08;2.69706e-08;1.50816e-09;4.15431e-09;1.42835e-09;2.48234e-09;1.30892e-07;4.76677e-10;5.68122e-09;6.02198e-09;1.62305e-08;1.58226e-06;4.66277e-09;1.74133e-07;1.50542e-09;2.81146e-10;1.55239e-09;8.70436e-10;2.15974e-10;3.7906e-08;6.8554e-10;3.68556e-09;4.67226e-08;3.69023e-09;7.2107e-09;3.4629e-08;3.39904e-08;2.67359e-09;3.74151e-07;1.1457e-09;8.0755e-08;1.24073e-07;5.84091e-08;1.29749e-10;8.41124e-10;1.54943e-10;1.02713e-08;8.22732e-09;2.74123e-09;4.78856e-07;1.52965e-09;6.43711e-09;8.25915e-09;8.32077e-08;7.64934e-09;2.66568e-09;9.01403e-09;4.25354e-08;8.63085e-10;5.16548e-08;5.2135e-08;6.50498e-09;1.32903e-08;3.42812e-08;4.33651e-08;7.93334e-11;5.12602e-07;4.36672e-07;1.86587e-07;1.06515e-06;0.000368784;0.000590345;0.000339093;0.998596;6.02037e-07;5.81172e-07;6.35947e-06;1.73544e-05;1.22811e-06;3.48012e-07;1.32125e-08;1.32411e-07;8.30585e-09;1.14998e-08;8.42157e-08;1.49424e-07;4.44082e-07;1.93139e-08;2.88604e-07;2.43433e-08;1.12547e-06;6.79619e-08;1.91659e-08;3.08532e-07;4.09292e-08;5.95219e-07;4.50361e-07;1.37218e-10;6.67533e-09;1.42538e-08;2.90491e-09;1.18627e-09;9.16227e-09;4.03749e-09;3.56453e-09;2.97164e-08;9.85204e-09;2.55902e-09;7.8273e-09;1.54458e-09;1.01703e-09;5.50372e-09;3.83151e-09;1.67048e-08;5.41691e-08;5.05642e-08;2.12239e-08;3.817e-09;4.50911e-08;4.7601e-11;7.6685e-08;2.14659e-08;3.35257e-09;1.13105e-07;4.46143e-09;1.98664e-09;8.04538e-09;7.6018e-09;3.21105e-08;7.39944e-09;8.14108e-06;1.04991e-06;1.43191e-07;3.05719e-07;1.12005e-07;1.46603e-08;1.54805e-08;9.62585e-09;3.05331e-06;2.1799e-06;9.09324e-09;2.35477e-07;5.68815e-07;1.22015e-08;6.85935e-07;3.93935e-08;9.64345e-08;3.35873e-08;1.8796e-06;1.24521e-05;1.78463e-06;6.71799e-06;2.92205e-08;1.40409e-08;1.28153e-08;1.06442e-07;1.20867e-07;8.03509e-09;2.16919e-09;4.77778e-08;4.88496e-09;9.68397e-07;6.89244e-08;1.56756e-08;1.40331e-08;4.0612e-09;1.20948e-07;2.09406e-08;9.65768e-09;5.36001e-09;7.94004e-08;7.51866e-09;8.08532e-10;3.36552e-07;8.76173e-08;1.78922e-07;1.3399e-08;7.21352e-09;1.24089e-08;7.38543e-10;1.67565e-06;2.56601e-08;1.17204e-05;4.0601e-08;8.28985e-08;2.06259e-07;1.07858e-07;1.06482e-07;1.31108e-08;1.05579e-09;1.27385e-08;4.3718e-10;3.21747e-10;2.70301e-07;4.1826e-11;1.39145e-07;1.63256e-09;3.20793e-09;1.37621e-08;7.41392e-09;1.21214e-09;1.35983e-09;7.39706e-09;5.98549e-09;1.22353e-08;8.3874e-09;1.47209e-08;2.33921e-06;2.02069e-09;5.1977e-08;7.3771e-09;1.05434e-08;1.4721e-08;4.10754e-07;1.32057e-07;1.2669e-06;1.34813e-10;9.45281e-12;7.84835e-09;1.29584e-10;2.29479e-09;2.73026e-09;2.20501e-10;3.76533e-07;1.44164e-09;1.25599e-07;1.27481e-08;4.83086e-10;1.69517e-10;4.37883e-09;1.37141e-09;2.2e-11;2.12606e-11;2.30506e-11;4.68086e-08;8.21246e-09;6.41481e-08;8.73681e-09;1.0513e-09;2.95343e-08;2.71533e-08;1.27106e-09;1.40644e-08;4.8164e-08;6.23829e-09;1.19105e-11;6.17522e-10;8.46681e-11;3.80766e-09;3.71912e-10;7.37874e-10;2.37463e-10;9.82521e-09;7.88395e-10;1.39589e-10;6.94426e-10;1.64841e-10;9.78662e-09;3.31227e-10;3.05105e-09;1.28001e-09;1.43799e-09;2.4992e-10;2.98847e-11;7.3873e-08;5.72639e-08;4.65767e-08;7.13013e-07;1.52262e-09;3.05312e-08;8.63325e-11;2.07529e-09;7.71428e-09;1.40515e-09;1.18779e-08;6.21769e-09;2.07326e-07;6.01709e-07;4.53483e-08;7.96716e-09;2.67611e-07;9.76093e-09;1.1317e-09;8.29247e-09;2.05186e-11;1.28619e-12;2.40472e-09;1.67236e-06;1.49492e-09;2.56201e-09;1.40719e-09;5.45498e-08;5.05379e-08
4.31146e-10;2.79918e-10;1.33458e-10;2.77412e-10;2.52847e-09;2.90106e-10;3.47793e-12;4.59604e-09;8.54723e-10;1.01717e-09;2.8043e-10;2.1847e-11;9.10287e-08;1.23977e-09;2.09974e-09;2.19843e-09;6.76746e-09;1.13034e-09;3.22574e-09;2.03354e-09;1.12298e-08;8.02083e-10;2.27223e-09;7.65116e-09;1.21853e-09;5.71006e-11;4.35198e-08;6.62198e-11;1.71905e-11;2.42534e-13;7.02382e-12;7.23511e-10;7.23546e-12;4.52349e-10;1.06868e-10;6.75143e-10;2.84544e-09;6.36189e-10;3.75509e-09;2.43758e-08;1.33944e-09;6.86902e-09;1.43143e-07;5.49851e-10;1.63713e-09;5.3429e-10;1.22123e-11;2.57546e-10;1.23813e-10;2.27288e-11;3.32481e-10;1.55551e-10;2.13214e-09;6.611e-08;9.27728e-12;9.15683e-09;2.56443e-09;1.51596e-09;1.40584e-08;2.21811e-09;2.37556e-07;7.79342e-09;4.00413e-09;3.60741e-07;7.94259e-10;9.77952e-09;1.60108e-09;7.84832e-09;1.40153e-10;4.2289e-10;1.27685e-10;9.28526e-10;2.40282e-09;4.06314e-11;3.51089e-08;5.07469e-10;1.8629e-09;1.01961e-09;9.72057e-11;1.58774e-09;2.21427e-10;1.29855e-09;1.17512e-09;4.70271e-10;1.92371e-09;9.74115e-10;7.80922e-12;3.35403e-08;2.0532e-09;6.59757e-10;1.53189e-09;1.31763e-09;1.51424e-09;1.57253e-09;7.58491e-10;8.54368e-12;3.22471e-10;5.74065e-10;4.48335e-09;1.02076e-10;3.52215e-11;6.26292e-11;6.95791e-10;1.67383e-10;1.14514e-09;1.69798e-07;1.61253e-10;9.35942e-10;2.55157e-09;3.49614e-10;5.04775e-09;1.47584e-11;1.21381e-10;2.87754e-09;2.06298e-09;1.86776e-09;1.63781e-09;1.42808e-09;1.44317e-08;1.67024e-08;5.68219e-09;9.02261e-10;1.75936e-09;4.2947e-10;5.62847e-11;5.53842e-10;2.62736e-08;6.4593e-10;6.20162e-08;3.4346e-06;1.62543e-09;6.79655e-11;1.90435e-09;3.46511e-09;1.43496e-08;8.61031e-09;6.17835e-09;1.69714e-09;1.71379e-09;2.51309e-08;6.86155e-08;1.91866e-09;1.74039e-08;7.87951e-10;2.64598e-10;3.05031e-09;6.56624e-09;8.56456e-09;1.91079e-08;5.71826e-10;1.89961e-09;7.04343e-07;1.32987e-07;7.26783e-09;2.39951e-11;1.21685e-09;1.79332e-09;6.72326e-09;1.34573e-09;1.65583e-08;8.67163e-10;1.23253e-08;1.19516e-08;6.27767e-10;1.797e-09;8.74901e-10;4.63917e-10;1.55641e-09;1.06097e-08;1.77481e-09;5.14322e-09;5.01959e-09;6.54003e-10;2.37626e-08;1.20799e-08;7.02806e-10;9.72196e-07;1.265e-09;2.31001e-10;6.92894e-09;1.14233e-08;4.89613e-09;2.22255e-09;1.55848e-08;1.0645e-07;2.43684e-09;1.96021e-07;1.4966e-08;5.4824e-08;6.82018e-09;3.38052e-09;5.40131e-10;1.66696e-10;5.51604e-10;1.44433e-09;7.21127e-09;2.78914e-10;1.11913e-07;2.58693e-11;5.79158e-10;6.8707e-10;2.96141e-09;2.20402e-09;3.4513e-09;1.34665e-07;8.82709e-08;3.67998e-09;8.82455e-08;2.85791e-09;3.94904e-09;6.96666e-09;1.06882e-09;3.52647e-09;1.20196e-09;3.13628e-09;1.89907e-10;3.15169e-10;1.51071e-09;5.57554e-10;6.33812e-10;1.09615e-06;1.99313e-09;7.53101e-09;1.87527e-09;9.79078e-10;1.30503e-09;4.70902e-10;2.16062e-10;9.34323e-10;1.32835e-10;5.86109e-11;3.26174e-08;1.62431e-08;1.25666e-09;5.38066e-09;2.45169e-10;1.35686e-09;5.45923e-10;1.79936e-06;1.68618e-09;2.60668e-09;4.32342e-09;2.55461e-09;4.22431e-09;1.61975e-09;9.7782e-10;1.10792e-10;1.84976e-10;2.53095e-10;4.0019e-12;6.89481e-10;3.27501e-08;6.09906e-10;3.27288e-10;9.01627e-10;1.61488e-09;7.26754e-11;1.6961e-11;8.93942e-10;5.84387e-10;1.10804e-10;5.62708e-10;5.38186e-12;5.13974e-08;3.19703e-11;1.71168e-09;4.75075e-10;7.58675e-10;4.22699e-10;8.25646e-09;4.5518e-09;6.14106e-09;1.17122e-09;1.66946e-07;5.42185e-07;5.22161e-08;0.999921;2.08001e-06;2.14299e-05;1.0149e-05;2.29567e-07;3.84831e-07;2.52217e-07;7.61164e-06;7.78231e-06;1.57408e-05;3.28728e-10;5.42647e-11;1.66586e-12;3.50408e-12;8.68746e-08;3.32803e-11;5.48579e-09;1.37757e-09;2.94576e-10;2.67034e-09;1.6517e-09;5.53665e-09;6.16678e-08;2.90283e-09;8.76225e-10;1.67743e-13;5.36855e-12;2.44397e-11;4.8037e-09;5.11723e-11;2.18077e-09;1.79638e-10;3.81521e-09;2.36607e-10;2.58192e-09;3.75461e-08;1.53763e-10;1.78224e-09;6.3533e-09;1.39785e-09;5.59318e-10;3.40152e-09;1.83328e-10;3.31029e-12;7.07496e-09;8.21986e-09;6.3868e-09;1.68987e-06;1.70276e-10;3.21529e-10;2.92822e-13;3.4334e-09;5.44308e-12;2.51992e-09;6.18349e-09;2.52219e-09;1.46956e-08;3.35341e-10;3.31785e-09;8.06544e-09;1.10582e-09;1.92118e-08;3.30985e-10;1.651e-09;6.6374e-13;6.13718e-13;4.77794e-10;6.03769e-09;4.57401e-11;1.03236e-10;6.73236e-11;3.06991e-08;1.32093e-09
2.86748e-08;2.06929e-07;7.22067e-10;6.78605e-10;3.84492e-09;5.08288e-10;1.78815e-10;2.79569e-09;4.16897e-10;6.74325e-10;3.07376e-09;6.87003e-11;2.42463e-12;1.49771e-07;6.24235e-10;5.38472e-09;1.56061e-08;4.31918e-10;2.74254e-10;4.99387e-11;2.62141e-10;1.07152e-07;2.15273e-10;1.77713e-08;1.00968e-09;1.52811e-10;1.06113e-11;1.73537e-09;4.54443e-07;5.26691e-12;1.4458e-11;9.13127e-10;3.77035e-11;9.32934e-12;2.5415e-12;2.67104e-08;1.35458e-09;4.40586e-10;1.41497e-09;5.86838e-11;5.75058e-12;1.76937e-10;3.11973e-11;1.84545e-10;1.50496e-08;2.76285e-11;4.9558e-11;9.56285e-08;2.39808e-10;7.04925e-11;1.18953e-09;1.09307e-10;1.26673e-10;1.60566e-11;9.31778e-12;2.09468e-09;4.20723e-10;1.4897e-07;1.45588e-09;2.56358e-10;3.65721e-09;1.12395e-10;5.74335e-11;2.65234e-10;3.85437e-09;6.10508e-09;2.11363e-10;4.94024e-10;1.84968e-07;4.06396e-10;5.81962e-11;1.28401e-09;1.26499e-10;6.44761e-12;1.74594e-11;1.55156e-09;8.01635e-10;8.01236e-10;2.565e-10;5.39934e-10;5.48351e-10;7.52591e-08;1.32705e-09;1.28365e-09;1.65519e-10;3.2128e-11;2.37114e-13;1.05382e-12;7.02849e-11;3.03873e-10;6.16283e-08;3.05773e-10;4.77343e-10;1.63464e-07;7.42485e-11;4.70526e-12;6.38082e-13;1.05277e-10;9.35348e-11;1.04192e-07;4.48273e-11;9.8807e-12;1.28044e-08;4.12458e-10;2.09132e-12;4.51464e-11;6.2444e-08;1.89169e-10;3.20307e-10;3.49013e-10;3.65804e-11;6.67418e-11;5.14479e-08;5.28405e-10;1.63163e-09;2.40927e-07;1.36812e-09;2.16668e-10;6.77103e-12;7.15981e-08;5.41317e-09;4.01333e-11;1.08555e-10;1.45731e-06;8.99317e-12;2.01109e-11;1.23887e-08;4.34215e-11;5.29674e-12;4.16239e-11;1.18488e-07;2.23528e-10;1.04347e-10;1.63646e-09;1.197e-10;3.58852e-11;6.08205e-07;2.6268e-10;4.35816e-10;2.57566e-09;1.77306e-10;3.85988e-12;1.82665e-11;1.45129e-08;2.8365e-10;2.57676e-10;1.2241e-11;1.84478e-10;3.80019e-07;7.68946e-10;1.55432e-10;1.16846e-10;3.72686e-10;3.60704e-10;1.8597e-12;2.30518e-09;4.1856e-10;1.19393e-10;2.34178e-11;1.11972e-07;4.64269e-10;1.36016e-09;7.05765e-09;1.27587e-11;4.71388e-11;3.08777e-12;6.71451e-09;7.31092e-10;5.67877e-10;5.19217e-10;1.05606e-07;8.92714e-10;1.17118e-09;1.72882e-08;2.7993e-10;3.06061e-11;9.82585e-10;8.38659e-09;5.81328e-10;1.93891e-10;4.94211e-07;1.17826e-09;1.56666e-10;2.44212e-09;4.60022e-09;4.35333e-11;8.16732e-10;1.70204e-09;1.87946e-09;2.18585e-09;4.23702e-10;2.80375e-07;5.44048e-10;2.30407e-09;6.35738e-09;9.43197e-09;1.79174e-10;6.46447e-10;3.24042e-09;1.12918e-09;5.5985e-10;5.36011e-07;8.83243e-10;2.49455e-09;7.40012e-08;9.25505e-10;2.73229e-10;1.62696e-09;7.81582e-08;7.85933e-10;5.78168e-08;4.59033e-10;2.56849e-09;2.98727e-10;2.60934e-07;8.51486e-11;2.29587e-10;6.77126e-11;2.31711e-10;4.93798e-12;2.61978e-12;1.1553e-09;2.03402e-09;1.13358e-09;3.92411e-10;1.22084e-07;2.15952e-10;6.39706e-10;3.80438e-08;1.33367e-09;2.79307e-10;5.95652e-11;2.03082e-07;2.08437e-11;4.95939e-10;4.80469e-12;2.42982e-11;1.06986e-11;5.05903e-11;1.77212e-08;2.80882e-10;1.6026e-10;6.04904e-11;1.83282e-11;3.628e-10;2.98181e-06;1.4532e-10;3.46441e-10;4.39761e-10;4.46128e-12;2.02583e-12;7.57562e-11;1.4581e-08;2.15221e-10;8.67029e-10;3.72375e-10;8.71297e-12;1.35682e-12;5.15318e-10;1.41302e-06;2.40883e-09;5.88604e-10;2.02747e-10;3.41481e-08;6.38106e-11;1.08785e-11;5.62877e-09;3.7067e-10;2.86966e-10;7.26964e-10;1.41473e-09;2.13376e-10;7.86756e-14;1.82764e-06;1.43076e-10;8.16417e-11;2.06518e-08;1.5043e-10;5.40582e-12;2.71316e-11;1.09007e-07;9.66339e-11;6.11845e-11;6.86882e-10;1.95542e-11;6.54124e-11;8.09308e-10;6.904e-08;2.1578e-11;6.67888e-11;2.98629e-08;2.07885e-12;5.56511e-13;6.43202e-14;2.35873e-08;3.10065e-10;4.87895e-10;1.38722e-09;6.84398e-10;4.09993e-11;4.15743e-09;4.34801e-05;3.25164e-08;2.5204e-07;0.999745;5.13189e-06;2.01343e-05;1.81947e-10;8.92263e-06;2.67429e-08;0.000159461;1.17572e-06;6.48759e-09;2.59715e-10;3.41802e-07;1.41004e-09;1.34041e-09;4.68231e-09;2.28104e-09;2.48797e-12;1.36837e-11;7.32231e-09;8.39031e-10;7.24023e-09;5.2929e-08;1.76534e-10;1.08335e-14;1.64979e-09;7.864e-11;2.44185e-07;9.22465e-07;5.1303e-10;3.85672e-10;3.26668e-10;4.66801e-10;1.123e-10;2.40653e-10;3.24666e-10;5.73031e-08;1.06427e-10;3.22217e-12;9.28938e-15;9.0676e-11;2.15168e-10;2.09596e-07;2.37861e-10;3.1256e-11;8.8926e-10;6.94715e-10
1.72213e-10;9.30458e-10;5.0395e-09;1.93833e-09;2.72154e-10;7.37677e-10;9.53908e-10;1.52864e-09;8.84773e-10;7.59047e-10;1.63459e-11;9.80205e-10;2.82358e-11;1.80209e-10;2.44737e-10;1.62666e-09;9.21959e-10;1.01435e-10;4.16348e-09;6.37029e-10;1.76861e-10;7.13838e-11;5.68794e-10;6.85825e-10;7.14101e-10;1.47914e-10;1.31137e-10;0.999998;1.27522e-10;6.11162e-10;7.19959e-10;3.7286e-11;5.65622e-11;3.29498e-11;1.82826e-10;4.82858e-10;5.06971e-10;1.79747e-10;2.52059e-11;1.05627e-11;1.028e-09;1.1054e-07;2.71125e-08;6.44642e-08;2.07029e-08;1.72988e-09;6.14276e-09;3.21842e-10;1.15913e-09;7.80032e-10;5.47686e-10;9.16728e-12;2.39624e-11;1.06969e-08;8.42688e-10;6.12113e-10;4.47773e-10;4.70911e-10;7.06869e-10;3.04155e-09;1.63961e-08;1.5053e-09;2.78768e-09;1.0891e-08;4.92859e-10;4.17731e-10;7.5168e-11;2.72977e-10;1.64702e-10;7.46131e-10;1.91635e-09;1.65697e-10;8.45946e-11;2.69183e-11;2.17734e-09;2.27146e-10;4.87003e-10;6.80755e-10;7.91618e-10;5.52094e-10;2.44192e-10;2.94244e-11;2.3733e-09;3.3995e-09;3.40377e-11;7.16555e-12;5.44858e-12;1.47755e-09;8.81672e-11;1.54206e-10;2.47665e-10;2.1699e-09;2.76076e-10;4.15237e-09;2.85641e-10;3.06673e-09;3.49991e-09;4.8563e-10;1.58428e-10;3.70508e-10;9.33774e-10;6.22635e-10;2.30066e-10;1.32281e-10;5.25281e-12;5.85663e-10;3.36408e-10;1.44418e-10;2.0808e-10;5.83231e-11;3.26022e-11;3.3517e-11;1.01716e-09;2.14066e-10;4.72611e-09;1.21775e-09;4.57753e-10;7.75109e-09;1.61756e-08;8.09905e-10;1.82709e-10;1.19421e-10;6.07613e-11;9.7103e-11;1.98675e-10;1.08644e-09;5.06174e-10;3.08027e-12;1.09362e-11;7.54185e-10;2.63748e-11;1.10973e-10;6.32301e-11;1.26488e-11;5.47455e-12;4.51399e-11;3.67154e-11;1.66278e-10;1.04797e-10;8.55984e-12;8.89541e-12;5.77534e-12;5.198e-12;5.97927e-11;7.08397e-11;2.62314e-11;1.19217e-10;3.75557e-10;6.84406e-11;7.92677e-10;1.79817e-09;4.79184e-10;6.29907e-11;2.76264e-09;4.21212e-09;1.77e-10;1.73538e-11;1.07736e-10;3.64759e-10;1.19249e-10;1.42867e-10;5.34701e-10;4.35729e-09;1.51585e-10;2.63919e-11;3.24273e-10;2.03922e-09;1.63832e-10;1.03003e-10;1.4057e-10;1.71007e-10;7.33141e-10;4.45923e-10;3.57341e-11;1.41501e-10;1.29854e-10;5.13394e-10;3.95971e-10;1.02705e-10;1.99908e-10;1.45783e-10;1.33077e-09;5.22806e-10;2.07692e-10;2.17858e-10;3.80602e-10;3.09017e-10;2.51193e-10;2.43405e-10;2.18262e-10;1.94251e-11;6.96561e-11;1.84017e-10;1.10438e-09;2.6186e-11;5.8561e-11;1.02929e-10;6.0302e-11;2.71114e-10;1.12327e-10;1.085e-10;3.15261e-10;5.97591e-10;2.92083e-10;2.50333e-10;2.34692e-10;4.7554e-10;4.91222e-09;7.42171e-11;5.00219e-10;7.98658e-11;8.95524e-11;9.46711e-11;1.70435e-10;1.62926e-10;2.439e-10;2.23832e-09;1.11025e-10;9.59164e-10;1.60113e-11;1.03998e-07;1.81841e-10;3.80522e-10;5.42464e-10;9.87083e-11;4.60728e-10;9.51072e-10;8.2505e-10;2.08049e-08;4.10527e-09;3.64088e-10;2.30041e-09;9.23386e-11;5.7607e-10;1.37626e-09;7.9258e-10;4.05499e-11;1.93651e-10;7.50045e-10;9.98046e-11;4.73759e-10;7.19889e-09;8.1887e-11;1.94016e-09;9.03149e-11;6.7326e-10;5.93226e-10;2.9683e-09;4.81616e-10;1.67989e-12;1.06095e-11;1.17522e-09;6.6539e-11;7.11743e-11;4.7362e-10;1.3034e-10;1.20427e-10;6.92068e-11;3.8807e-10;4.53767e-10;7.43725e-09;6.27384e-09;3.98475e-07;5.51146e-14;5.82835e-10;5.13572e-10;2.26115e-10;1.32768e-10;3.52647e-09;7.13592e-10;3.94733e-10;6.64064e-10;1.23922e-13;1.15482e-10;7.06733e-10;2.39961e-09;1.18405e-10;3.48638e-12;2.47398e-10;1.15262e-10;6.06755e-10;1.18166e-09;4.34084e-10;6.69502e-12;1.58755e-11;7.29471e-11;1.67518e-10;6.86354e-11;9.57229e-09;1.00493e-09;3.21954e-11;2.00706e-12;1.73621e-12;1.44371e-06;1.17836e-09;1.16941e-10;2.57341e-10;1.40651e-09;1.30045e-09;2.19283e-09;2.76976e-10;1.9178e-11;1.50903e-09;4.43734e-09;1.4893e-09;9.22014e-12;1.32854e-09;3.97295e-08;8.302e-10;8.31993e-11;1.29041e-09;1.14447e-09;1.9775e-09;3.24709e-10;7.43627e-11;8.37434e-10;1.45182e-09;2.37683e-12;5.06547e-08;7.02859e-08;9.681e-10;5.68709e-10;9.36352e-10;2.0427e-12;2.57215e-10;5.76816e-10;5.42627e-09;3.6403e-11;1.66965e-11;4.96511e-10;2.42976e-10;4.43805e-10;1.17985e-10;3.55251e-10;1.83029e-10;1.07007e-10;1.66696e-08;9.39714e-11;7.52642e-11;1.06844e-10;1.52381e-11;4.11232e-13;1.93385e-10;6.2272e-12;5.82915e-11;1.10622e-08;1.22278e-09;1.00413e-10;2.0533e-10
9.92862e-09;3.68513e-08;2.43066e-09;9.70233e-10;3.13627e-08;2.21253e-10;6.79478e-09;9.1996e-08;1.69801e-08;1.24172e-08;1.84337e-06;6.04251e-06;5.07787e-09;1.6312e-09;1.23192e-09;5.48142e-09;4.04482e-07;7.40259e-10;2.41423e-09;6.4352e-07;0.999958;4.14174e-10;1.10432e-08;8.00051e-08;5.8917e-09;2.1127e-08;2.79916e-08;9.79638e-11;4.38421e-10;2.92358e-10;1.0547e-09;8.63712e-09;5.27146e-10;1.89732e-10;5.44964e-08;1.35126e-09;9.38536e-10;9.23478e-10;7.71561e-09;1.25891e-09;7.33342e-10;4.00229e-09;1.3292e-09;4.06052e-10;1.12978e-07;1.35541e-09;2.4411e-10;9.04411e-10;5.39094e-09;4.01612e-09;1.22591e-09;6.03154e-08;1.72109e-10;3.74304e-12;1.09086e-10;5.41716e-09;5.05177e-09;1.55979e-08;4.80956e-09;4.10983e-09;6.2012e-09;1.85835e-08;8.51869e-10;3.74662e-07;1.22184e-09;9.23139e-09;2.79899e-09;4.72152e-09;2.03115e-09;1.41577e-09;2.22642e-09;1.63169e-09;2.38615e-08;9.03925e-09;7.66317e-09;1.2664e-09;3.22036e-09;3.45883e-09;2.21703e-09;6.87676e-09;1.02021e-09;2.87467e-09;1.34262e-08;7.36741e-09;1.45283e-09;4.88004e-10;8.96576e-09;4.03798e-09;4.2533e-09;2.24172e-09;3.60757e-09;4.90275e-09;4.24778e-09;2.92323e-07;4.76077e-08;4.17451e-09;3.0764e-09;4.66556e-09;9.6008e-09;1.32395e-10;1.13945e-09;1.80795e-09;5.8398e-08;3.46628e-08;2.4911e-09;2.12791e-08;1.56089e-09;1.56001e-09;3.4364e-09;7.191e-10;6.54061e-10;1.37733e-10;1.28518e-10;1.4299e-09;3.75429e-10;6.10694e-10;3.83409e-10;1.09959e-09;1.56973e-10;4.83557e-10;3.66257e-09;2.30109e-10;5.52638e-10;2.06723e-11;9.12666e-11;2.06526e-11;3.23506e-10;5.01693e-11;2.07317e-10;3.08651e-10;1.55532e-10;4.0433e-10;7.00506e-10;1.68898e-10;5.51022e-12;2.10298e-12;6.27479e-10;6.01146e-10;1.56941e-09;4.49969e-09;1.49811e-08;2.73087e-09;2.3411e-10;3.0072e-10;2.98801e-10;6.27681e-09;2.04178e-09;1.20477e-09;1.91864e-09;2.31546e-08;3.99421e-09;2.36776e-09;2.60828e-07;1.07666e-07;4.58758e-10;8.79367e-10;8.35185e-10;1.00688e-09;4.63406e-09;4.27067e-09;9.29257e-10;8.51412e-09;4.5764e-08;3.32764e-08;3.89424e-09;5.788e-10;5.11984e-10;1.16112e-09;2.13121e-09;7.35824e-10;3.31683e-10;2.4517e-09;2.67203e-09;1.11568e-09;2.82774e-09;7.87054e-10;8.76121e-10;2.11592e-10;3.58059e-10;5.3952e-10;5.05573e-09;5.04852e-09;5.08527e-09;6.8789e-08;1.89044e-08;1.90934e-09;8.09845e-09;1.20285e-08;1.91038e-09;4.14962e-09;5.60822e-09;1.48978e-09;2.79359e-09;3.46466e-09;9.02345e-10;4.17192e-10;6.88785e-10;1.0287e-08;1.41778e-10;2.00982e-09;2.0142e-09;1.22281e-08;2.26362e-08;8.17523e-09;2.24044e-05;1.07025e-06;8.1658e-08;1.62051e-08;5.85673e-09;1.61222e-08;1.02284e-07;7.31341e-09;1.99878e-08;9.51888e-09;5.45757e-09;3.52419e-08;4.20994e-09;1.9122e-06;4.53785e-09;3.06672e-09;6.68686e-08;3.88451e-09;1.8978e-08;3.59952e-09;5.84415e-09;9.74696e-09;2.51104e-08;3.44457e-09;3.78058e-08;1.51674e-09;4.41837e-09;9.42849e-09;5.83458e-10;7.12908e-10;2.5016e-09;1.59819e-08;8.80415e-09;1.52464e-09;2.86312e-09;3.37374e-09;3.07446e-09;3.82169e-09;2.16919e-09;5.26397e-10;9.77948e-10;1.52548e-09;6.8149e-09;6.46089e-09;2.53363e-08;1.72365e-10;1.13777e-09;5.81277e-09;1.74531e-09;1.89657e-09;2.18342e-09;8.02151e-10;2.31395e-10;4.1763e-10;2.07e-09;1.94846e-09;1.40949e-09;1.85398e-09;1.62745e-09;1.1175e-06;7.81174e-09;7.06012e-10;2.19049e-09;1.01656e-09;1.22396e-09;1.40061e-08;1.19731e-09;4.53396e-09;3.84793e-07;4.34984e-11;4.8199e-11;1.07407e-10;6.32839e-10;4.04667e-10;2.1359e-10;1.01823e-09;6.82058e-10;1.4879e-09;1.02851e-09;1.12093e-09;2.57345e-10;7.51094e-11;1.02832e-09;1.89417e-11;9.00517e-12;3.28291e-11;4.09006e-10;2.39449e-08;1.66488e-06;3.0776e-11;2.40699e-10;2.37216e-09;1.45343e-09;5.2094e-10;1.44629e-09;1.01472e-09;1.43559e-09;2.03973e-10;4.13234e-09;6.58289e-10;4.85407e-08;6.76828e-09;8.24528e-11;4.89222e-12;8.91767e-10;1.26365e-09;1.17023e-09;8.38827e-11;6.65278e-11;1.92022e-09;3.11197e-10;2.72079e-10;1.70588e-09;1.93953e-08;1.78528e-06;1.79295e-10;8.6042e-10;4.85277e-09;6.68692e-09;5.24792e-11;4.08706e-10;1.02627e-09;3.05968e-09;2.3595e-09;2.4065e-10;8.87234e-11;5.14318e-10;1.13775e-09;8.51332e-09;9.17115e-10;4.87431e-10;8.10758e-11;4.49535e-10;5.44327e-12;8.22386e-10;4.0374e-09;4.76686e-08;6.05687e-07;2.27848e-09;7.32697e-10;2.60871e-10;2.17065e-09;4.48136e-09;1.39667e-09;5.32304e-09
3.15219e-08;3.52451e-09;3.92855e-09;1.44933e-09;7.7641e-08;4.46545e-10;8.19995e-09;6.67969e-09;1.00649e-08;8.23753e-09;3.7302e-10;6.49899e-11;3.0272e-08;5.95596e-09;5.77746e-09;1.84713e-08;2.5582e-08;5.86553e-09;3.24546e-08;2.07757e-08;6.99131e-08;2.55046e-08;3.27455e-09;6.34693e-09;4.72006e-08;2.79038e-09;6.20809e-09;2.71857e-09;9.2859e-10;5.83615e-10;2.85242e-10;3.29208e-10;2.21201e-09;1.20032e-07;1.64752e-07;9.0619e-08;9.89878e-09;1.008e-08;6.30851e-07;3.07689e-08;8.09124e-10;1.48121e-08;4.46005e-09;1.05359e-09;1.9882e-07;1.88882e-08;1.58573e-07;4.36943e-10;3.25102e-10;1.42447e-10;2.61011e-10;1.50426e-10;3.69376e-08;7.38572e-09;8.35134e-08;4.33117e-08;8.60562e-09;1.25016e-08;7.46086e-09;3.9989e-08;5.52255e-08;2.03544e-09;9.28026e-08;8.9483e-06;1.5145e-08;2.9755e-07;2.20632e-08;2.87489e-08;1.31995e-09;8.15854e-09;2.80097e-09;1.61139e-10;9.94572e-10;7.51772e-09;5.12759e-07;4.80164e-09;6.44564e-09;2.2266e-07;9.92048e-09;3.42824e-08;9.38556e-09;4.29122e-10;5.47418e-09;1.73739e-09;3.72293e-10;1.43229e-09;2.71155e-09;2.04092e-07;2.55944e-08;6.53314e-09;8.23895e-09;8.92048e-08;2.11331e-08;3.13268e-10;2.43165e-08;2.20547e-09;1.51141e-07;4.11451e-08;3.39435e-08;1.30035e-08;1.08011e-09;4.25583e-09;3.10831e-08;3.02962e-09;1.57855e-09;1.50857e-07;1.32786e-07;9.71279e-09;7.28928e-09;1.89323e-06;8.84295e-08;1.38186e-08;1.51005e-06;1.77965e-08;5.42836e-08;3.38271e-08;2.34521e-08;2.44412e-08;0.000125984;4.88429e-07;1.77018e-07;1.97763e-07;1.03578e-07;2.76852e-09;6.61481e-10;1.09443e-10;4.12904e-09;3.67062e-10;2.63967e-07;8.48908e-07;3.80657e-08;1.88954e-07;6.67182e-08;1.59275e-08;1.24134e-07;4.72539e-09;2.5037e-09;1.1829e-09;1.13946e-08;1.1429e-08;1.57546e-10;2.61658e-10;5.31912e-08;9.15394e-08;2.55743e-07;5.99736e-08;7.00769e-09;7.30303e-08;3.72542e-09;4.78614e-09;2.52207e-09;1.20935e-10;5.15766e-10;4.27856e-08;1.69593e-07;6.92799e-09;8.57698e-08;1.86788e-08;4.84697e-08;1.58431e-08;9.40842e-09;1.23562e-08;3.38376e-09;2.11511e-07;1.2485e-08;3.59648e-07;3.34439e-08;9.76054e-08;2.61796e-09;3.99557e-08;1.46486e-08;9.14925e-09;2.00462e-08;4.22355e-09;2.75585e-08;1.42067e-08;6.3844e-06;1.94317e-07;3.33576e-08;7.18456e-09;4.85801e-09;4.4776e-09;5.89221e-10;1.14986e-08;4.54155e-08;4.62644e-09;2.36599e-08;1.14586e-08;4.13578e-08;1.94478e-08;4.42375e-08;3.60499e-08;1.97078e-08;2.00398e-08;1.32414e-08;3.49195e-08;6.1988e-09;6.33849e-07;2.16524e-07;1.17667e-07;1.47832e-08;4.34018e-09;3.04207e-09;3.78123e-09;5.89259e-10;7.99065e-08;1.09241e-08;1.6126e-07;2.55954e-08;4.3684e-09;3.48887e-08;1.62742e-08;2.2551e-08;2.57527e-08;4.68276e-09;5.58166e-09;2.07505e-08;5.41916e-09;2.69772e-07;1.02765e-08;2.9445e-08;1.01495e-08;4.22906e-08;2.43936e-08;1.12456e-08;2.04889e-08;2.22197e-08;6.24984e-09;8.86697e-10;8.24717e-09;6.29616e-10;7.19455e-08;3.89007e-09;8.03265e-10;2.38008e-09;8.17962e-10;1.01598e-08;7.47429e-09;1.7239e-06;4.10626e-08;5.35186e-08;9.80415e-09;2.17432e-08;1.68915e-09;8.55569e-09;4.15743e-10;5.82949e-10;1.08833e-09;1.99725e-10;1.0036e-09;6.9303e-09;1.08988e-08;2.62678e-08;8.93541e-08;1.46956e-08;1.4526e-07;2.24796e-09;4.49199e-09;5.33623e-09;6.11644e-09;8.46738e-09;1.46128e-09;6.42063e-08;5.25085e-10;1.21089e-10;3.73672e-09;1.59197e-08;1.69579e-08;5.57397e-08;5.82367e-09;1.88026e-08;7.17461e-09;1.32233e-10;6.86378e-10;1.22202e-09;1.54091e-10;2.6306e-09;4.53518e-10;3.28728e-12;4.9887e-09;1.44957e-08;1.89962e-08;7.16542e-09;1.25731e-06;1.64234e-09;7.95004e-11;1.67341e-08;2.80903e-10;2.10302e-10;7.79819e-10;3.87777e-13;3.53605e-10;2.88387e-08;2.50858e-07;2.24596e-08;3.00317e-08;1.43254e-08;8.32314e-09;6.93287e-07;5.54487e-07;3.45645e-08;2.15673e-07;6.45022e-08;3.00637e-07;5.24704e-05;3.03326e-06;0.000124995;0.0576865;2.65536e-06;1.17599e-06;0.933572;0.00145483;0.00693856;9.68136e-09;8.29467e-09;1.22618e-09;6.06082e-09;5.91976e-12;2.14261e-07;2.03527e-10;1.47575e-08;6.96414e-08;1.27593e-07;2.12115e-09;6.45449e-08;8.52735e-09;1.73427e-11;5.70931e-10;1.57998e-09;2.47626e-07;6.44353e-09;1.66867e-09;3.39178e-09;7.32078e-08;7.74032e-09;1.40634e-08;1.20966e-08;1.56997e-07;2.10652e-08;2.27538e-09;1.72261e-13;5.95669e-11;7.44866e-10;4.88842e-09;1.23667e-09;2.82677e-09;6.56759e-10;2.05107e-08;2.24175e-07
8.46021e-09;8.70972e-09;9.58914e-09;2.21917e-09;3.12601e-10;5.63839e-10;1.53341e-10;1.4899e-09;3.91162e-09;1.30801e-08;3.18313e-07;1.26387e-09;6.47287e-12;3.61691e-10;9.34503e-10;1.94999e-10;1.55208e-09;2.59861e-10;7.27102e-10;4.00133e-09;4.16212e-08;1.65671e-09;1.60728e-09;2.21285e-09;8.91181e-10;1.25489e-10;2.34458e-10;4.30389e-09;3.10331e-10;1.7812e-09;1.34665e-09;1.49611e-08;4.31423e-10;9.55779e-11;1.07541e-11;1.353e-10;4.68995e-10;3.36262e-10;7.46693e-10;1.71092e-11;1.53984e-12;4.88448e-10;3.14573e-09;2.98044e-11;1.92897e-09;6.75466e-11;4.15749e-11;1.44832e-09;8.98135e-10;5.16187e-09;1.53025e-08;1.57594e-08;3.34519e-10;2.06328e-11;2.85243e-11;1.23451e-09;1.06565e-09;2.11133e-09;6.3504e-10;2.32091e-09;1.88167e-10;1.91834e-09;6.52201e-10;4.92165e-10;4.41242e-10;6.68709e-10;3.6369e-10;1.01417e-09;1.9406e-09;2.14997e-08;7.83303e-09;6.69751e-08;3.02138e-09;1.06913e-10;7.53745e-11;5.474e-10;8.62418e-10;3.18016e-09;9.81567e-10;1.26389e-09;1.88567e-09;8.86786e-11;1.88689e-08;6.70658e-09;1.51442e-07;1.93044e-09;2.74426e-10;6.71561e-11;2.7296e-10;2.80101e-10;2.31497e-10;4.27615e-09;3.75399e-10;2.36891e-09;6.5527e-09;2.76009e-09;9.45767e-11;1.68417e-10;4.67217e-10;7.0533e-11;1.71808e-09;1.9978e-10;3.22381e-07;3.10024e-10;7.14657e-13;2.9593e-11;2.00627e-10;3.48219e-10;1.13751e-09;1.03339e-10;1.97626e-09;7.125e-10;6.76932e-10;9.34203e-10;3.96933e-10;5.44004e-09;2.8091e-09;6.67547e-08;1.22321e-09;6.54122e-10;2.84722e-09;2.4035e-10;4.00452e-10;7.0735e-10;6.69552e-09;3.60176e-10;1.17101e-08;3.45223e-10;1.4743e-11;9.42647e-11;1.30779e-09;4.92655e-10;1.51384e-09;2.10068e-10;1.2785e-09;3.456e-11;3.46161e-10;5.13362e-10;2.1903e-09;1.87718e-09;1.57298e-10;1.23701e-11;4.58996e-11;2.11214e-10;1.99912e-10;9.68028e-10;2.56761e-10;3.29475e-10;1.00755e-09;2.49525e-08;1.23584e-09;1.55145e-09;1.92136e-10;7.774e-11;3.98541e-12;4.51894e-10;2.94169e-11;7.69361e-11;3.79806e-10;5.10151e-10;3.14046e-10;5.55386e-10;2.14296e-09;2.19628e-09;1.50627e-10;1.45523e-11;2.22437e-10;3.36948e-09;1.58341e-09;2.72703e-10;5.97673e-10;1.78648e-09;1.37489e-09;3.17303e-10;3.20432e-10;2.30808e-11;4.1342e-11;3.71857e-10;1.18861e-10;4.42573e-11;8.70316e-10;3.93006e-09;3.71207e-09;7.48219e-09;1.11286e-09;1.45608e-09;4.09003e-10;9.68725e-09;4.10468e-09;3.11675e-09;1.36271e-09;2.0466e-09;1.36236e-08;1.86326e-09;1.46293e-07;1.36254e-09;2.30626e-09;4.11091e-10;4.19925e-10;2.47209e-09;1.78464e-09;4.78888e-10;6.06152e-09;3.85174e-10;1.23185e-08;1.31144e-09;7.79558e-10;3.68466e-10;5.72266e-10;1.90721e-09;9.45383e-10;2.86329e-09;2.03044e-10;4.20427e-10;7.99513e-11;1.46345e-09;2.42312e-09;5.97008e-10;3.80248e-09;5.52219e-12;2.37668e-12;4.10839e-10;5.03205e-10;7.97003e-10;1.44723e-10;6.51655e-10;3.86553e-09;2.79213e-09;4.24782e-09;9.77905e-10;2.70597e-09;1.64304e-11;2.38445e-10;3.12245e-09;8.63782e-10;5.01043e-08;8.72702e-10;3.42089e-11;1.43187e-10;3.4746e-10;7.3221e-10;2.27016e-10;1.44386e-09;7.90365e-10;3.18289e-10;1.45844e-09;5.82122e-09;6.26561e-09;9.95767e-10;1.03935e-09;8.86759e-10;1.8266e-11;3.26183e-10;2.31452e-10;3.79787e-10;3.86325e-10;1.56507e-09;1.20968e-10;2.5659e-09;1.20717e-06;4.35437e-05;7.77807e-07;0.999515;0.000365292;7.18246e-05;1.287e-08;5.43943e-09;3.47972e-09;1.09589e-07;2.94863e-07;6.81765e-08;6.41638e-09;5.65891e-14;6.88023e-11;1.63199e-09;5.70493e-09;3.99508e-09;1.85677e-09;1.37528e-12;4.18241e-11;7.43704e-10;1.19105e-09;1.76914e-10;2.00011e-12;2.07314e-10;4.83351e-11;1.35682e-10;1.29525e-09;3.99585e-08;7.58212e-09;5.1243e-08;2.88597e-11;1.48793e-12;7.64606e-12;3.10567e-10;4.50872e-10;4.03511e-10;9.14098e-12;4.16158e-10;1.27779e-10;9.14875e-10;6.05734e-10;3.4038e-09;1.56096e-09;1.44684e-08;1.70473e-10;2.34443e-10;2.48952e-12;9.77952e-10;2.29949e-09;2.60867e-09;4.89105e-09;3.65853e-10;1.93039e-09;1.12816e-08;2.65998e-08;1.47718e-08;4.75713e-08;7.51764e-08;6.10424e-13;1.05663e-12;3.96383e-09;9.63068e-10;3.81423e-12;4.87123e-10;4.46389e-10;8.26042e-08;2.96964e-10;2.61169e-10;2.32835e-12;6.20598e-10;9.85451e-10;5.35754e-10;3.04892e-11;2.00211e-09;2.29645e-10;1.05645e-09;1.40114e-11;1.25812e-10;3.3091e-10;1.04426e-12;2.55711e-10;6.98965e-12;1.66653e-14;2.06775e-10;1.35615e-08;2.16108e-09;2.07251e-10;1.14018e-09
9.932e-10;3.27733e-10;1.46771e-10;4.68407e-12;1.01831e-10;2.2623e-12;2.37277e-11;4.70329e-10;8.77799e-10;2.7369e-10;7.76645e-10;1.20544e-11;5.05981e-10;4.29999e-10;4.64555e-10;1.0299e-08;1.08348e-07;2.23615e-10;1.76045e-09;5.14906e-10;2.28305e-08;2.34267e-09;3.51791e-11;1.25454e-08;1.20571e-10;4.35587e-12;2.08724e-09;7.16184e-09;6.56401e-10;2.75497e-10;8.3551e-13;1.05706e-08;2.53313e-12;1.80842e-13;2.37192e-10;2.26058e-09;1.87932e-10;3.5183e-10;6.60353e-09;2.65169e-11;5.31175e-13;4.17638e-09;6.38177e-10;3.28499e-11;8.29705e-09;1.58274e-10;2.03276e-11;1.89966e-10;1.20449e-10;2.77418e-10;2.42755e-09;2.34065e-10;1.2214e-11;5.48011e-10;1.69927e-09;4.1203e-09;5.38074e-10;4.31919e-08;3.38073e-10;5.34502e-10;2.79692e-08;8.63542e-09;5.77047e-10;8.59611e-09;1.41844e-09;7.47397e-08;7.47984e-10;1.20992e-09;1.03612e-09;1.80755e-10;1.51893e-10;8.24565e-08;2.19327e-10;7.74089e-12;1.09156e-08;1.44615e-09;5.15254e-10;4.51776e-08;1.71443e-10;3.34685e-10;4.44451e-10;1.42048e-10;2.00615e-10;7.54261e-11;2.80386e-09;6.39098e-11;6.91464e-12;2.72948e-11;7.58187e-10;1.49413e-10;2.45296e-09;1.54992e-08;7.93119e-10;2.05403e-08;2.22781e-09;1.2124e-08;1.02196e-08;6.87011e-09;1.19434e-09;1.62292e-09;3.60347e-12;8.78907e-13;8.88472e-08;3.93892e-12;7.60284e-14;1.17839e-10;1.86901e-09;2.08451e-10;1.97314e-10;3.74536e-10;3.66731e-12;2.68452e-11;2.02642e-09;6.20623e-10;6.65689e-11;2.75193e-08;1.99225e-11;1.69184e-11;7.78157e-10;7.52678e-08;1.42257e-09;2.34973e-10;1.60764e-10;3.71645e-09;1.4706e-09;4.38698e-11;1.71347e-07;5.06952e-12;3.97544e-12;1.91405e-08;7.86256e-09;1.26739e-09;1.36192e-09;8.56374e-09;2.31605e-11;1.79439e-11;1.18378e-09;1.25865e-10;3.99767e-10;2.17895e-09;2.79647e-10;1.02171e-13;7.1121e-10;2.34442e-09;5.99494e-09;6.63742e-11;3.99388e-10;1.58867e-09;8.04304e-09;2.47183e-09;3.45956e-10;3.57277e-07;1.68746e-10;8.23876e-12;5.53063e-09;1.27151e-09;2.07288e-09;3.13911e-11;2.11047e-10;7.78984e-10;1.9365e-10;7.1268e-11;1.03561e-10;3.72012e-12;1.11728e-11;2.59938e-10;4.18472e-11;8.29162e-11;1.13056e-10;7.52622e-10;4.55447e-09;7.22431e-10;4.99721e-10;2.89214e-08;1.51198e-10;3.2753e-08;1.44511e-08;4.73331e-08;8.80336e-10;1.22026e-09;2.34561e-10;8.44275e-11;1.12074e-11;1.75999e-10;3.41087e-11;3.58181e-11;7.65392e-11;2.31489e-09;3.7999e-11;4.48586e-10;5.29561e-10;4.15462e-09;1.57748e-10;4.98682e-11;7.973e-09;2.30979e-10;8.72349e-12;9.92174e-10;5.45312e-09;2.1089e-10;2.12445e-10;9.83386e-09;5.51817e-10;4.06687e-10;1.34491e-07;1.27618e-09;3.74922e-09;8.2872e-08;9.96542e-09;9.30729e-10;2.37636e-09;1.44809e-09;2.15773e-09;1.85354e-08;2.01043e-06;1.4977e-08;1.26753e-08;0.999951;2.56836e-05;2.14237e-08;1.92956e-05;2.96019e-09;1.64145e-07;2.68172e-09;1.32496e-09;1.43519e-09;8.86763e-10;3.21869e-10;6.3861e-09;1.65354e-09;1.16074e-09;7.30793e-10;1.26553e-09;5.74276e-11;6.98886e-11;1.46344e-07;9.38714e-10;2.22595e-13;6.49933e-08;2.64835e-09;6.84499e-10;2.0564e-08;3.13924e-10;4.84618e-10;3.01966e-10;1.69641e-09;2.58954e-10;1.541e-11;4.35199e-09;8.84489e-11;5.05867e-12;1.19169e-09;6.33824e-09;7.81954e-10;1.83834e-10;5.37112e-09;1.01828e-10;3.11118e-10;6.44768e-10;1.55103e-09;2.86162e-10;1.94543e-10;6.22686e-08;4.52705e-10;3.35905e-11;6.073e-10;2.19774e-09;5.38502e-10;1.31935e-09;8.93514e-08;3.46683e-10;5.07241e-10;4.97398e-14;4.49364e-11;1.79819e-11;4.38436e-12;8.19396e-09;6.80376e-13;1.13991e-13;3.18766e-11;1.65918e-08;9.32703e-09;9.658e-10;3.26899e-10;2.26578e-09;2.65185e-10;2.2545e-10;2.43404e-10;1.80497e-09;3.1009e-11;7.76626e-10;4.98549e-11;2.65169e-12;7.43927e-09;4.59001e-09;6.17318e-10;1.69096e-09;1.49934e-10;5.0338e-10;3.799e-10;3.22046e-10;7.98334e-11;2.35362e-11;2.6411e-12;1.45461e-09;1.32762e-11;3.57628e-13;9.10634e-10;4.04622e-09;8.31261e-11;3.18886e-09;5.28017e-10;6.90282e-12;5.43e-10;8.913e-10;8.63517e-11;1.66095e-10;5.02688e-09;1.36898e-11;5.95654e-14;1.39935e-10;4.17329e-09;1.55263e-09;1.08439e-09;3.64024e-09;2.67967e-09;4.06334e-09;3.51334e-12;4.57424e-12;1.15176e-09;1.11349e-09;5.63939e-10;5.79284e-10;4.64069e-09;4.58739e-10;2.95632e-10;5.65642e-10;1.74675e-14;8.36078e-09;2.41181e-11;5.83268e-11;1.75751e-12;1.28734e-13;7.36727e-09;1.49292e-10;2.27273e-10;2.0738e-10;2.16205e-10;1.58013e-12
1.04148e-10;4.37732e-10;3.68651e-11;9.06524e-12;2.96801e-11;7.20718e-11;2.84625e-12;6.6208e-11;4.94035e-11;1.13922e-11;2.56615e-13;6.39683e-14;3.35019e-13;8.86502e-11;6.6194e-11;2.19187e-11;1.71808e-11;9.16597e-12;4.59273e-12;9.63133e-11;1.71739e-11;4.63371e-11;7.20344e-12;6.4252e-10;1.26466e-12;8.45262e-14;1.76914e-12;1.55454e-10;9.21509e-10;1.42459e-11;6.87028e-12;2.08691e-09;5.9878e-12;1.33596e-13;1.84151e-14;3.24661e-10;5.98327e-12;7.99621e-12;6.8128e-13;3.80517e-12;1.32121e-13;6.91915e-11;6.27569e-11;4.26134e-13;1.573e-09;9.80699e-11;3.15427e-11;5.64322e-10;5.80543e-13;8.15065e-13;3.78927e-09;1.05353e-11;4.94214e-13;4.04295e-13;4.7266e-11;1.43549e-11;5.90856e-12;5.9535e-10;2.79378e-11;1.05896e-11;3.49746e-09;1.43336e-12;1.25792e-10;3.44153e-12;1.6466e-11;2.15009e-10;7.07075e-12;2.29966e-11;1.34998e-10;3.43482e-11;1.64546e-11;6.57933e-10;3.48023e-13;3.81852e-12;1.59711e-13;4.94216e-11;9.02387e-12;1.89314e-10;1.07346e-11;2.32147e-12;5.46473e-11;1.22778e-10;4.16047e-10;8.98925e-12;2.45345e-08;3.18179e-11;1.45551e-13;1.61757e-13;3.95855e-11;1.45923e-11;9.00129e-10;3.14438e-11;2.01835e-11;8.18164e-10;2.52471e-12;1.85303e-12;7.02855e-14;4.57436e-11;4.90129e-11;3.27564e-09;1.49948e-11;4.73465e-13;8.58576e-08;1.29251e-10;1.77118e-12;9.44028e-14;3.0949e-10;8.99355e-12;1.60679e-11;1.4465e-11;8.10175e-12;2.66805e-12;9.84138e-10;3.41839e-11;5.12008e-11;3.9073e-09;1.32301e-12;1.88268e-11;6.67318e-13;4.79854e-10;1.22197e-11;3.637e-10;4.43144e-12;7.68676e-10;5.77698e-11;4.97637e-13;1.91555e-07;6.75857e-12;9.95383e-13;2.15233e-13;2.49128e-10;9.15732e-12;2.61201e-12;1.41929e-10;8.58412e-13;3.65771e-13;3.07443e-10;1.24408e-10;3.39866e-11;1.04359e-10;1.06073e-11;2.69322e-13;2.45029e-12;6.84457e-10;4.99214e-11;3.25281e-11;7.94741e-13;2.65735e-10;1.89505e-08;7.79249e-10;1.5142e-11;1.32003e-06;2.29605e-12;9.94534e-11;3.76562e-13;5.0549e-11;6.99237e-12;8.05264e-12;4.92498e-12;7.25551e-10;7.75935e-12;4.1414e-11;2.28866e-09;9.70508e-12;1.07687e-10;1.1051e-13;2.44488e-11;3.71388e-12;8.96591e-11;7.0506e-11;8.32735e-10;8.29638e-11;2.10268e-11;6.39401e-09;7.09703e-12;4.10002e-10;7.09299e-12;2.73465e-10;1.47884e-11;4.71018e-11;1.20708e-09;1.13051e-10;6.34619e-10;6.3047e-08;3.59455e-11;9.58604e-12;7.01473e-13;1.1091e-10;2.61348e-11;2.4967e-11;2.62377e-11;4.29021e-10;1.04257e-11;5.23199e-12;7.38096e-09;4.94419e-11;3.21381e-12;1.62209e-11;2.09358e-10;5.85545e-12;2.11383e-11;2.88242e-10;1.97979e-11;1.29752e-11;3.9192e-09;9.0395e-13;8.33164e-11;1.30078e-11;2.74348e-10;1.24572e-11;2.62757e-11;1.88254e-12;3.28412e-11;2.78419e-11;1.21995e-09;1.00763e-10;1.74385e-11;1.045e-10;5.8923e-11;1.47975e-11;6.23132e-13;9.49292e-11;1.24779e-10;1.277e-11;1.97547e-11;2.30897e-10;8.39785e-11;2.74237e-11;1.37338e-08;2.13316e-12;1.39921e-10;7.67504e-12;6.04034e-11;1.85436e-11;3.71298e-11;2.34348e-12;1.93304e-12;2.6816e-11;1.89793e-12;8.67686e-10;1.89658e-11;1.49833e-10;2.56808e-11;7.86724e-11;4.13125e-11;3.93565e-10;1.10875e-11;2.21231e-12;1.22569e-09;8.49129e-15;9.40474e-13;1.45396e-13;1.73999e-10;1.97894e-11;2.67213e-11;1.99739e-09;2.47315e-11;2.9752e-11;2.61062e-11;1.67236e-10;2.05894e-10;1.36729e-10;1.47914e-09;8.31049e-13;3.56731e-14;1.41938e-13;8.3822e-11;4.02408e-11;3.12831e-11;5.06969e-09;9.82903e-11;1.58889e-11;5.20979e-14;5.59781e-06;1.6673e-07;7.83841e-09;0.99999;2.05708e-07;1.60518e-07;1.50518e-07;2.47655e-07;5.66939e-08;5.21987e-09;3.127e-08;5.45274e-09;1.21072e-06;4.98119e-12;9.29802e-10;2.51708e-12;2.43225e-12;2.35886e-10;3.54935e-13;6.50285e-15;2.15824e-15;3.37133e-09;4.76301e-10;5.62063e-11;4.94158e-11;1.39946e-11;3.1364e-11;1.45465e-11;4.18763e-12;3.24178e-13;4.74e-14;4.41407e-10;1.04781e-13;1.52361e-11;2.8098e-14;4.16517e-10;6.79812e-11;2.94768e-11;1.8864e-13;3.23495e-12;3.0179e-11;3.61659e-09;8.18413e-10;2.35875e-10;2.67219e-10;2.02439e-13;1.63992e-15;5.35996e-13;1.33897e-09;4.42276e-11;5.79682e-15;4.18923e-09;4.86711e-11;4.94274e-11;4.78609e-13;8.27708e-13;9.9406e-11;4.13101e-10;4.47226e-10;4.75101e-11;7.26176e-10;5.53103e-11;5.50727e-10;6.3395e-09;2.44042e-13;8.7571e-11;2.71987e-11;1.42617e-12;2.75545e-13;3.50082e-12;1.74774e-15;2.7454e-12;8.19694e-12;6.46751e-13;6.94397e-11;2.88208e-15
2.65027e-10;4.22565e-10;5.37892e-09;3.10572e-09;4.47182e-09;3.26358e-09;8.67267e-10;8.67476e-09;2.60966e-09;2.32303e-09;3.77452e-11;5.75792e-08;3.07404e-09;2.01577e-09;4.04435e-09;1.66914e-09;1.23732e-08;2.11646e-10;1.20904e-09;1.74991e-09;7.6943e-10;1.15704e-09;1.36836e-09;4.88347e-09;6.34976e-09;3.51943e-08;2.44827e-09;3.01019e-08;7.59958e-10;5.85464e-09;2.32046e-09;1.50921e-09;2.18132e-08;1.19534e-06;1.94804e-10;3.62937e-10;4.74737e-10;5.3051e-10;5.03726e-11;4.05382e-09;1.7312e-10;4.22727e-07;8.23229e-08;2.44095e-09;1.02283e-07;1.27525e-07;5.54423e-09;8.90171e-11;1.30179e-09;2.92736e-10;8.98431e-10;5.9142e-10;1.25455e-08;3.03743e-06;8.71538e-12;5.71374e-09;5.1467e-10;5.29152e-10;4.89171e-10;6.89439e-10;1.2726e-10;6.28652e-11;2.16098e-10;1.08807e-10;4.41757e-10;1.1706e-10;4.4187e-10;1.26129e-09;2.24006e-10;5.92341e-10;1.09176e-09;2.93994e-11;4.49178e-11;7.64944e-11;2.13907e-10;2.34893e-10;2.27646e-10;1.0075e-10;3.03848e-10;2.53796e-10;5.23051e-10;1.05509e-10;3.11542e-09;2.3028e-10;5.60558e-11;2.57658e-10;6.00262e-10;1.49134e-10;2.2989e-10;2.27625e-10;6.12192e-10;7.73038e-10;6.18117e-10;1.21249e-09;2.55818e-10;1.46017e-09;1.36079e-11;9.68711e-11;2.20839e-10;9.17163e-09;8.1941e-09;1.72037e-10;2.33237e-10;2.02111e-09;5.85876e-08;4.64266e-11;4.18977e-10;5.21382e-10;2.62359e-10;2.03496e-10;1.11547e-10;4.30411e-09;3.36165e-09;4.57054e-10;3.81687e-09;7.91558e-12;4.97776e-10;1.53234e-09;7.60302e-11;6.92273e-10;1.02393e-09;4.02279e-09;2.54747e-09;3.53888e-10;2.57237e-10;2.90006e-10;1.49395e-07;6.02964e-10;4.76305e-08;5.05251e-10;3.34123e-10;3.09636e-10;7.99293e-10;2.46959e-11;1.07041e-09;5.18556e-10;1.76245e-10;2.82851e-09;4.53691e-10;1.15284e-11;3.06991e-11;6.70064e-11;3.97546e-11;2.08506e-10;2.52169e-10;2.88801e-10;2.375e-10;5.85302e-10;2.51055e-10;8.89905e-10;1.47973e-10;2.03581e-10;3.98782e-09;2.34768e-10;7.81673e-12;1.90663e-10;5.47947e-11;6.07505e-10;6.10126e-10;1.97645e-10;1.73539e-10;2.07445e-09;2.90799e-09;4.32551e-10;4.10817e-09;1.40847e-10;1.68513e-09;1.90937e-09;4.64673e-09;6.17987e-10;6.74069e-09;2.35131e-09;1.71252e-09;1.55882e-10;5.74841e-10;3.28614e-08;1.45738e-09;7.93251e-11;5.26571e-10;6.98607e-10;1.97817e-10;1.1128e-09;5.27113e-10;1.02621e-08;3.54604e-09;2.47773e-10;1.60897e-10;2.52705e-11;1.61029e-10;3.39652e-10;9.29514e-10;2.58e-10;1.20669e-09;2.61962e-09;1.27785e-09;2.87261e-09;4.9511e-10;3.1343e-10;1.62071e-10;4.30417e-10;7.14295e-10;9.01622e-10;1.62134e-09;1.35921e-09;3.26397e-09;2.8005e-08;2.19171e-08;1.08101e-08;4.40423e-11;1.07893e-10;3.43252e-09;5.30838e-10;4.89211e-09;3.47689e-10;1.73114e-10;9.45503e-11;6.10925e-09;8.47401e-10;5.71691e-10;3.67542e-08;1.09583e-10;3.8467e-10;1.34821e-09;3.17545e-10;3.09356e-10;6.90193e-10;1.53423e-09;2.15558e-09;1.30251e-09;1.00171e-09;5.06784e-09;1.13117e-09;6.54714e-10;2.32467e-08;3.60064e-09;2.9104e-11;8.45541e-11;9.97258e-08;5.03101e-11;3.0794e-10;4.22528e-10;6.98386e-11;3.37705e-10;6.05641e-10;4.20255e-10;2.75384e-10;5.69859e-10;2.90294e-10;6.00739e-10;1.26258e-10;2.73389e-09;7.1196e-10;1.83818e-11;1.27658e-10;2.45614e-10;8.78966e-12;2.64191e-11;9.89947e-11;3.22819e-10;2.70137e-10;1.48625e-08;1.72568e-09;6.53646e-08;1.15443e-11;1.23778e-09;2.36433e-10;3.82865e-10;4.42792e-10;1.25626e-09;1.09216e-11;3.14919e-10;1.63715e-09;3.72558e-12;2.16593e-10;1.00381e-08;2.06273e-10;1.29717e-09;1.13097e-10;5.02738e-07;1.28874e-10;3.77995e-10;1.96593e-10;1.29524e-09;2.01007e-10;1.42916e-10;1.55848e-09;5.66914e-10;2.18573e-10;1.82011e-08;1.67466e-10;3.60167e-10;3.47277e-08;1.49384e-08;3.46387e-09;2.70807e-09;8.86296e-10;9.71754e-10;2.7083e-11;2.7844e-09;2.38215e-09;1.64531e-10;2.35119e-13;6.96292e-11;1.02733e-10;1.17223e-10;5.73651e-12;1.72237e-10;1.35957e-10;1.45693e-10;2.33282e-10;5.41482e-11;1.28909e-09;6.51829e-12;5.56761e-10;2.19086e-09;1.49179e-08;1.03839e-08;3.93291e-11;3.19761e-08;4.02638e-10;1.26423e-10;4.58602e-10;7.95723e-10;3.59257e-10;1.44442e-10;5.17755e-10;5.90372e-12;3.38027e-11;1.22781e-10;1.29524e-12;1.47937e-08;6.37911e-09;1.24679e-09;1.62056e-09;1.66039e-09;3.44238e-09;0.999991;1.16111e-10;5.80219e-10;1.72819e-09;1.93078e-12;2.82756e-12;1.96683e-09;2.5367e-06;1.45474e-09;1.19498e-08;2.42623e-09;7.65541e-10;1.63601e-09
7.29146e-09;7.54888e-10;8.91047e-10;4.23094e-11;8.65471e-12;1.05086e-09;3.57379e-09;8.74154e-10;8.26433e-09;1.99604e-09;1.83749e-09;9.22322e-08;3.33243e-10;3.70463e-10;9.3872e-10;1.67941e-10;4.46667e-09;3.33914e-10;1.37548e-09;5.97191e-09;2.18718e-08;9.0642e-11;2.6848e-09;1.3499e-09;2.66263e-09;2.61804e-09;1.24495e-09;1.7026e-11;2.0304e-10;2.21878e-09;1.60278e-09;1.67669e-10;2.97524e-10;2.97004e-10;9.02643e-11;2.97342e-10;9.7101e-10;2.55758e-10;7.61691e-11;6.02814e-10;1.38589e-09;5.43695e-10;1.12461e-09;9.8431e-11;2.99289e-10;2.25548e-11;8.18145e-12;4.01183e-11;7.86207e-10;1.22829e-08;4.39534e-10;3.78381e-09;2.27076e-11;2.26504e-11;8.24969e-13;1.77759e-09;5.72227e-10;3.57868e-10;1.0465e-09;1.91753e-09;6.31999e-10;1.66562e-08;8.19192e-11;9.88576e-10;5.40039e-10;1.50935e-10;2.12853e-09;1.08905e-09;4.42175e-10;1.10904e-09;4.6892e-09;1.03809e-09;2.42389e-07;8.59115e-10;3.66578e-10;4.62716e-10;6.59808e-10;1.9199e-10;2.64596e-09;1.02637e-08;2.76095e-09;2.54983e-09;4.32735e-09;7.81229e-09;2.47206e-09;1.34388e-09;4.09943e-08;1.07252e-09;1.88476e-09;2.35041e-10;1.9725e-10;1.06539e-09;1.52744e-09;4.70934e-09;6.42696e-09;4.7573e-10;2.22274e-10;2.35679e-11;7.14791e-11;2.7749e-10;6.40203e-09;8.93372e-10;2.34659e-09;8.61305e-10;1.33928e-10;2.5677e-10;4.85449e-10;4.29249e-10;7.46003e-10;2.8937e-10;2.28098e-10;6.054e-09;6.35901e-11;5.26762e-10;1.94381e-09;2.11719e-10;3.12787e-09;7.72226e-09;1.11516e-11;3.04931e-10;2.43331e-09;8.48632e-10;1.24815e-09;2.44393e-11;8.66529e-10;1.12055e-08;1.19565e-10;2.85691e-09;6.64808e-10;3.85948e-11;3.82035e-10;5.84362e-10;6.58726e-09;1.47894e-10;3.86095e-10;2.92155e-10;1.28038e-10;2.26091e-09;2.08329e-10;3.77447e-11;4.49449e-10;3.86966e-11;1.02908e-10;9.49805e-11;7.76959e-11;2.15049e-10;2.33509e-09;2.87806e-10;1.64448e-10;1.59765e-09;4.29823e-10;2.86085e-10;1.14338e-08;2.49998e-10;3.62854e-12;4.75733e-10;7.19594e-12;1.64952e-11;3.60498e-10;2.81621e-10;2.3341e-10;2.26669e-09;1.58771e-08;1.48287e-10;1.79459e-10;2.89308e-10;5.00171e-10;8.79049e-10;1.70219e-09;1.93439e-10;2.35018e-10;6.6138e-10;3.35968e-10;4.3479e-10;4.40732e-11;4.71513e-09;1.72335e-10;7.26162e-12;1.94658e-10;3.01831e-09;3.42074e-10;2.76532e-09;7.78119e-10;1.52851e-10;1.33583e-10;5.05449e-10;1.3637e-10;4.38875e-10;3.39264e-11;2.1403e-09;3.77308e-10;5.49036e-10;2.85122e-09;5.48652e-09;7.04879e-11;6.05638e-10;3.03157e-10;4.40754e-09;2.85199e-10;5.93162e-10;3.76557e-10;2.0923e-09;1.25435e-08;6.25822e-09;3.60175e-08;7.78813e-07;3.57438e-08;2.55416e-08;3.19002e-10;8.14352e-10;8.30507e-10;2.06914e-08;1.09042e-07;1.90038e-10;8.48777e-12;1.71445e-10;3.48339e-10;6.8592e-11;2.02027e-11;1.99359e-10;1.19349e-10;3.08025e-10;5.81192e-10;3.75978e-10;3.95102e-10;9.32678e-10;3.05739e-09;1.81053e-09;1.04092e-09;3.38683e-09;2.18406e-08;2.40909e-10;9.63145e-11;5.49783e-09;8.2469e-09;1.55039e-10;2.54594e-10;2.45552e-10;7.64229e-11;5.37099e-11;7.51071e-10;3.82721e-11;7.04094e-10;7.50047e-11;2.34581e-10;3.20609e-10;2.57868e-09;2.01596e-09;1.00813e-10;2.85145e-08;1.352e-09;4.43561e-11;1.19438e-10;6.38772e-10;1.30484e-09;2.93057e-11;1.0097e-10;4.69311e-10;7.45303e-10;1.43269e-07;8.04114e-07;8.46181e-07;7.01281e-06;0.999986;2.66383e-06;6.98857e-08;2.49897e-09;1.68106e-09;7.75576e-08;1.78951e-08;1.89715e-08;5.04185e-08;6.24535e-10;2.76231e-12;1.071e-10;1.16206e-10;3.61196e-12;2.07034e-12;1.12283e-08;3.24856e-11;1.90472e-10;1.43557e-09;3.5069e-09;3.4256e-14;4.29124e-10;6.89005e-09;3.63389e-10;9.26067e-13;1.31656e-09;1.42399e-09;8.52282e-10;5.2158e-08;3.67874e-11;1.51895e-09;2.4241e-10;1.27042e-10;1.8857e-09;7.56496e-13;2.34024e-10;5.35726e-10;2.75896e-10;1.29851e-12;5.90255e-10;1.71658e-10;5.33368e-10;1.54822e-10;1.81798e-11;1.39124e-10;1.35872e-10;1.34875e-10;6.76854e-11;8.29714e-10;1.9637e-11;2.85039e-09;3.68525e-10;1.28467e-08;1.08032e-08;1.29025e-08;3.13026e-08;1.21983e-09;1.72886e-08;3.99808e-10;5.2465e-09;8.20892e-11;8.46993e-12;1.00699e-09;3.73433e-10;2.69575e-10;3.84502e-11;4.51789e-12;6.2671e-10;1.22366e-08;1.17548e-09;9.10518e-11;6.9012e-10;5.25693e-11;4.07369e-10;3.21762e-10;2.66488e-10;9.02682e-10;3.19218e-10;2.78855e-10;3.21076e-11;1.43317e-08;6.39494e-10;5.83064e-09;5.3656e-09;3.38323e-11;1.43066e-09
9.84273e-09;6.19163e-09;5.84016e-10;1.26354e-09;6.37155e-11;3.94393e-08;5.23883e-10;3.36137e-08;2.75148e-07;6.7349e-08;4.86039e-10;1.15755e-09;3.44397e-08;5.13028e-08;2.77424e-08;9.00978e-09;2.0359e-07;8.39916e-09;1.54471e-07;2.47327e-07;1.31018e-08;9.29041e-10;7.39072e-09;1.00913e-08;1.21182e-08;5.23553e-11;1.16956e-09;9.75018e-09;1.74206e-09;8.66641e-09;3.76052e-08;6.54252e-09;7.4007e-10;6.97741e-10;1.09546e-10;3.5086e-08;2.07796e-08;7.38239e-09;6.01152e-09;3.71055e-09;4.88144e-08;2.05734e-07;5.04215e-08;2.0354e-09;9.80596e-09;9.39357e-09;2.27491e-09;1.63395e-09;5.77233e-09;1.78396e-08;1.18838e-08;9.43403e-09;4.03115e-09;4.47788e-08;1.46274e-09;9.42844e-09;6.24735e-09;2.71769e-08;2.1805e-08;3.13253e-07;3.79734e-07;1.54254e-07;2.93567e-07;1.79866e-07;1.73283e-08;9.82099e-08;1.87786e-08;7.77183e-08;1.52032e-09;1.38822e-08;1.5367e-08;2.67322e-08;2.69562e-07;1.77017e-10;2.04731e-09;1.36056e-08;1.99115e-08;5.33519e-09;1.34084e-08;3.9332e-07;3.30332e-09;3.24057e-09;2.58593e-08;1.99221e-07;5.85056e-09;4.17767e-10;9.57789e-11;2.10995e-10;7.07469e-08;3.89322e-09;4.47957e-08;3.8169e-08;1.34319e-08;1.3557e-07;1.12429e-06;1.32164e-08;9.31232e-07;7.27727e-09;2.26863e-08;3.97689e-08;1.3683e-08;1.79727e-07;3.53999e-09;5.26386e-09;3.18339e-10;5.05483e-09;1.89751e-08;5.73793e-09;1.72567e-08;1.04233e-09;4.37352e-08;2.03061e-09;4.13708e-08;1.85481e-08;8.73214e-08;1.65182e-08;9.75717e-08;3.64199e-08;7.50584e-09;7.08388e-07;3.4816e-08;6.95084e-08;1.75492e-09;1.18136e-09;9.60958e-09;1.3057e-06;1.26126e-09;3.87706e-09;4.10721e-09;2.48027e-08;5.23215e-09;2.35786e-08;2.55264e-07;9.74726e-09;1.20811e-09;8.87387e-09;8.97453e-09;1.10391e-07;2.35683e-08;1.57381e-07;2.9019e-09;3.59108e-10;4.64048e-07;1.17519e-08;4.85203e-09;3.64488e-09;1.9879e-09;1.18895e-08;4.3654e-08;5.04445e-07;5.99279e-07;6.71166e-06;2.69537e-09;9.47703e-11;1.07223e-09;1.39594e-08;3.60509e-09;2.05735e-09;1.10098e-08;3.79327e-08;6.01674e-09;2.50848e-08;3.61773e-06;1.14016e-07;3.4496e-08;2.728e-09;1.76291e-08;1.39519e-08;6.17153e-09;1.00809e-08;1.09769e-08;1.62595e-08;5.85456e-09;1.90632e-08;1.76724e-08;2.46708e-08;2.20103e-08;1.32516e-08;7.61846e-09;4.67763e-08;1.00647e-07;1.92312e-07;2.06197e-07;3.01898e-07;3.66202e-08;4.97504e-09;2.20637e-08;2.00908e-07;1.19982e-07;5.92586e-08;3.08826e-09;3.30193e-09;1.35911e-08;3.08131e-08;1.22231e-08;1.16924e-08;6.16117e-10;4.98488e-08;4.25173e-08;8.39607e-09;1.25588e-08;4.63478e-09;6.6785e-09;5.36366e-09;4.39711e-08;1.23275e-08;2.16899e-08;9.40447e-09;7.00712e-09;4.89482e-08;1.32386e-08;4.47173e-08;2.1409e-07;4.66905e-09;3.30015e-09;3.634e-09;1.59601e-09;7.17467e-09;2.00258e-08;1.03325e-11;7.04576e-10;1.0975e-08;6.84982e-09;9.40853e-09;1.11897e-08;5.56151e-09;2.08159e-08;1.36168e-08;1.67549e-07;4.11612e-09;5.67074e-08;2.2262e-08;4.74956e-09;4.36834e-08;1.83335e-08;8.59869e-09;1.91225e-08;3.63693e-11;6.26175e-09;2.60455e-08;2.2605e-08;4.11759e-07;1.16104e-08;2.54806e-07;1.00877e-08;2.60783e-09;1.91933e-09;9.66299e-09;1.6356e-09;6.75512e-11;2.17831e-09;1.99235e-09;2.004e-08;4.39726e-08;6.27974e-08;1.93668e-08;8.50504e-10;2.02134e-08;2.09411e-08;5.53765e-08;2.05638e-07;3.25115e-07;1.23126e-07;1.97435e-08;2.64567e-08;2.75115e-09;1.50746e-08;1.94438e-08;3.84697e-07;2.30606e-07;3.52369e-08;8.34934e-09;8.64659e-08;7.55963e-07;5.8494e-06;4.20973e-06;0.000313035;4.40624e-06;9.68706e-05;4.46134e-06;0.00127797;0.00174276;0.00536341;0.00833639;0.00331999;0.979094;1.69496e-09;1.87286e-11;9.07618e-10;4.916e-08;2.77647e-08;2.31713e-08;3.18786e-12;0.000403289;6.51511e-09;1.75358e-08;1.63606e-07;1.00896e-09;7.29101e-08;3.48848e-08;1.78336e-08;1.33586e-11;1.00874e-07;8.1124e-09;1.30702e-11;8.70128e-10;7.22715e-10;3.9968e-08;6.82992e-08;4.3686e-09;8.32145e-07;1.53217e-07;5.06002e-09;1.14754e-07;5.48445e-08;4.92244e-07;1.58837e-07;2.10415e-10;3.22589e-11;2.8939e-09;3.71352e-08;3.32042e-09;1.93198e-08;1.3365e-10;2.0145e-08;1.10884e-06;2.78094e-09;5.59927e-10;4.10345e-08;6.36792e-09;8.75968e-08;2.04417e-07;7.14399e-08;1.36102e-08;1.8939e-08;1.01905e-07;7.64829e-08;4.6722e-08;4.63962e-08;2.06184e-08;2.02866e-12;4.26696e-10;8.00774e-09;4.22658e-08;3.7457e-09;9.46189e-08;5.58605e-07;3.54468e-07;3.15772e-10
6.27993e-11;9.14523e-11;5.25671e-11;1.84719e-08;6.70768e-11;3.00456e-10;1.62038e-09;3.76534e-09;1.29112e-09;2.59433e-10;1.31981e-09;1.38722e-10;1.4649e-12;7.53578e-10;1.54241e-10;6.57739e-11;6.1295e-11;2.51734e-11;8.22652e-12;2.5827e-09;3.73304e-09;2.24419e-11;4.61548e-11;1.25816e-10;8.37078e-12;3.02394e-09;9.6495e-12;9.28216e-12;1.90885e-10;7.33904e-10;2.04689e-08;8.79413e-10;1.38106e-10;4.12542e-08;6.21006e-17;7.69068e-11;7.21657e-11;2.63885e-11;3.2417e-11;4.02493e-13;8.60665e-11;3.36016e-10;1.53669e-12;7.74399e-11;5.54319e-11;1.05503e-11;1.09363e-09;7.33028e-11;1.67009e-10;2.27436e-10;2.005e-11;5.2689e-13;1.71734e-10;5.19643e-11;4.70767e-11;1.63909e-11;5.47489e-10;4.7256e-12;1.50731e-11;8.61676e-11;6.1386e-13;5.75363e-14;3.63296e-11;3.44332e-15;2.10258e-11;3.94015e-12;1.76506e-11;5.48606e-11;1.31187e-10;5.76017e-10;3.15894e-09;2.12619e-10;3.16349e-11;1.44623e-09;1.0909e-14;2.10542e-11;1.41814e-10;4.54992e-11;2.51015e-10;8.79513e-10;2.03123e-10;8.52195e-10;2.80946e-09;3.6116e-08;5.9384e-10;7.08079e-11;1.07716e-08;1.11741e-12;2.34847e-10;2.84414e-11;4.09477e-10;2.78987e-10;3.53304e-11;9.40464e-08;9.97736e-10;8.82899e-09;4.94113e-13;1.86009e-11;4.20197e-11;5.54651e-11;6.37776e-11;6.67523e-10;1.19692e-11;2.02712e-11;4.70713e-10;1.79577e-15;3.10473e-12;2.99436e-11;7.1334e-11;1.46301e-14;1.10266e-12;4.4454e-11;3.69076e-09;4.68587e-11;2.24617e-10;3.10687e-11;1.09304e-10;1.77026e-06;4.41436e-12;9.78653e-11;4.37033e-10;2.35314e-11;3.63635e-11;4.21359e-12;6.99459e-13;6.92726e-09;5.27869e-12;1.4448e-12;3.93994e-09;4.86089e-17;3.1378e-11;6.01059e-11;6.39198e-11;3.13462e-14;2.43643e-12;2.80093e-10;2.81895e-10;1.65339e-09;1.45217e-09;7.01459e-09;1.06811e-11;4.21946e-09;2.39225e-12;1.72713e-11;1.34923e-11;1.62817e-10;2.03373e-11;7.66351e-12;8.5375e-11;3.05391e-10;2.2652e-10;3.29617e-11;3.50348e-11;1.39417e-10;3.27418e-15;2.11727e-11;3.1466e-12;6.31921e-12;8.59634e-11;3.068e-09;3.47141e-11;1.92466e-08;0.999958;1.72665e-06;2.50827e-05;1.26143e-09;1.29513e-05;2.88008e-08;1.15422e-07;3.32654e-11;1.91162e-10;1.88164e-10;5.29907e-10;6.38084e-10;2.23524e-10;1.16849e-10;1.0236e-13;3.57147e-10;1.73874e-11;3.49312e-10;1.85697e-10;3.93224e-10;2.65499e-08;2.98128e-08;1.23019e-11;3.60734e-08;3.06272e-13;1.35649e-10;8.08779e-11;9.79461e-11;8.35996e-11;1.3534e-10;2.26963e-09;2.80874e-08;1.76701e-09;1.73851e-11;1.21885e-08;3.0073e-12;1.70829e-09;2.57166e-10;2.57321e-08;1.76861e-10;1.62352e-09;1.04581e-09;8.18653e-10;5.03016e-11;1.8961e-08;1.40587e-12;1.31721e-11;3.96043e-10;4.95245e-10;2.09361e-10;7.3839e-10;9.52875e-11;6.79487e-12;1.03371e-10;6.87975e-10;1.40318e-10;4.36629e-13;1.44544e-09;1.16048e-14;3.4708e-11;1.8089e-11;5.84674e-11;2.09403e-11;3.1234e-10;1.37454e-10;1.06135e-09;9.07163e-09;9.03339e-11;2.07799e-09;4.65961e-13;1.02729e-11;5.79238e-10;1.97949e-09;2.68341e-11;8.39582e-13;2.49712e-09;3.09515e-14;1.96213e-11;3.23288e-11;1.64661e-10;5.69532e-11;2.29207e-09;2.15903e-11;5.24623e-11;7.98079e-12;5.97172e-09;3.39288e-10;1.82807e-15;3.53381e-09;3.61735e-13;1.41733e-11;1.85978e-11;7.82273e-11;6.61086e-12;2.14323e-12;6.1063e-11;6.30745e-11;1.75005e-10;9.52622e-10;4.6361e-09;4.94866e-09;5.40354e-14;1.35193e-08;5.46341e-16;7.6022e-11;4.34457e-11;6.02029e-11;5.33217e-12;1.27809e-11;9.35038e-12;6.82452e-15;3.57988e-11;2.1449e-11;2.71803e-09;1.17739e-10;1.10509e-13;2.07555e-08;2.00091e-14;1.58212e-10;1.81147e-10;7.64288e-11;9.3076e-13;7.5185e-12;3.83359e-09;1.96172e-11;2.25465e-13;1.19994e-10;7.54926e-10;1.87605e-09;1.08224e-13;8.4658e-11;1.21207e-13;2.39725e-11;2.02379e-11;6.45625e-11;1.11272e-14;9.89207e-12;4.83333e-11;7.36e-11;3.51885e-13;5.19355e-12;7.92588e-10;3.02076e-11;1.98544e-13;4.12392e-10;2.22726e-15;1.2676e-11;2.47692e-11;1.04493e-12;2.07656e-12;7.3604e-11;3.43122e-10;7.66983e-11;2.55411e-09;2.88801e-09;1.01328e-12;1.20993e-13;1.74666e-08;5.12975e-14;9.26217e-11;1.82779e-11;6.72024e-15;9.97521e-12;1.07772e-10;3.56948e-09;1.8986e-10;1.69197e-07;7.19892e-14;7.17559e-10;4.94726e-10;1.77383e-10;3.24468e-11;1.71863e-10;8.28531e-11;4.19462e-10;4.28763e-11;2.25191e-11;2.28226e-10;3.97798e-11;3.60054e-13;1.86734e-09;7.68845e-11;3.83314e-10;1.9386e-08;1.07757e-07;8.87359e-11;7.0666e-12
3.58609e-07;7.10371e-09;9.64139e-09;2.76645e-07;7.53051e-08;2.627e-09;9.0731e-09;2.57196e-07;4.21871e-07;1.29154e-07;1.21213e-08;1.38343e-08;8.52443e-07;2.27986e-08;4.85016e-08;2.3632e-07;4.87801e-08;2.07273e-08;3.24493e-08;4.25948e-07;1.78014e-07;1.37976e-07;2.2346e-07;1.71007e-07;7.39934e-07;1.63675e-08;5.02713e-07;1.78442e-08;2.08404e-09;7.51481e-08;3.17746e-07;2.28629e-09;3.44068e-08;4.58189e-10;6.96682e-07;3.03315e-07;3.19659e-08;1.91831e-08;1.60234e-06;5.33813e-09;2.8338e-08;2.59472e-07;2.38896e-08;2.65135e-07;1.6121e-09;3.31822e-09;5.49578e-09;9.87423e-10;8.35502e-09;6.7661e-10;7.38093e-09;1.68998e-10;1.36901e-09;9.16609e-08;8.38921e-09;1.25622e-08;9.45404e-08;1.61572e-08;5.1378e-08;7.53929e-08;6.48965e-09;7.00964e-10;6.39201e-08;4.92e-07;3.76257e-08;8.19068e-08;4.43082e-08;6.47955e-08;1.05934e-08;1.37065e-07;2.8878e-07;3.42723e-06;2.06633e-06;3.69633e-07;1.57862e-06;2.63262e-08;6.99058e-08;2.16809e-06;8.27868e-07;4.58093e-06;2.67499e-08;3.59561e-09;4.5532e-09;8.07102e-08;1.53744e-09;5.63658e-09;1.35531e-07;5.00402e-09;4.10937e-06;1.9647e-08;7.18654e-08;1.78106e-07;4.24926e-08;8.11628e-09;5.62071e-07;1.18157e-09;5.6505e-07;3.45135e-07;4.81553e-08;1.29616e-08;1.9002e-08;2.32882e-07;3.86688e-08;6.68643e-09;5.80224e-08;9.20268e-07;7.98949e-08;1.98404e-08;3.96512e-08;5.02996e-08;1.06891e-08;7.3768e-08;3.94943e-07;3.95105e-08;1.20467e-07;1.69535e-09;1.03389e-08;2.3131e-08;1.87201e-06;9.32637e-09;1.58133e-07;2.64494e-07;2.04494e-08;5.64563e-11;4.18348e-10;1.43779e-07;3.41334e-10;3.51955e-11;2.14766e-09;5.77989e-09;1.43046e-08;5.23711e-07;7.47202e-08;3.43665e-08;7.33744e-09;8.08619e-10;1.93201e-08;5.822e-08;1.66212e-07;1.79819e-07;1.88922e-08;9.0941e-09;4.26691e-06;8.66356e-08;1.29229e-08;2.92889e-07;4.99274e-08;2.60366e-07;6.49216e-09;8.67874e-08;5.48368e-07;1.45477e-09;4.2428e-09;6.62224e-08;6.82118e-07;2.58334e-08;1.96633e-08;5.41111e-08;9.71039e-08;3.1762e-08;2.13247e-08;9.10678e-08;1.73124e-05;4.18492e-07;5.25334e-08;2.34435e-07;1.2959e-07;1.27249e-07;5.81012e-08;2.59239e-08;2.12278e-08;9.07892e-09;4.16305e-08;3.33313e-09;7.12331e-09;5.75564e-07;5.50707e-08;1.73005e-08;1.04349e-08;2.88378e-07;5.61581e-08;3.27087e-08;6.73739e-08;4.47634e-08;4.38111e-08;2.42801e-08;1.32208e-07;3.37874e-08;3.97052e-08;9.04194e-08;4.07235e-08;1.79242e-09;1.45853e-08;5.77094e-08;4.22226e-09;1.86847e-09;3.52931e-09;3.31684e-08;2.31641e-08;2.15443e-08;2.86353e-08;5.68516e-09;1.62926e-08;1.4133e-07;1.85006e-08;2.19216e-07;4.18175e-08;2.05242e-07;1.25243e-07;1.74541e-07;4.70908e-08;3.32888e-08;4.09621e-07;6.95913e-08;2.42815e-09;1.56771e-07;2.72749e-08;1.68663e-10;9.16052e-10;2.89524e-07;1.39609e-08;2.68109e-08;6.23953e-08;1.77923e-08;4.12658e-08;2.25093e-08;4.65744e-08;1.57783e-08;5.2045e-09;3.7882e-08;1.95247e-08;2.375e-08;2.75434e-09;3.38512e-08;5.32829e-09;1.57265e-10;2.10632e-08;2.49429e-09;1.43982e-07;1.67812e-08;2.8365e-08;1.72729e-08;2.60376e-08;1.22165e-08;4.38792e-08;5.20008e-10;5.67041e-09;1.23559e-07;2.47702e-09;3.16549e-10;1.85165e-09;4.94637e-08;3.01858e-07;1.80985e-06;5.01372e-07;1.01057e-07;6.27823e-08;9.64359e-08;2.05763e-08;2.1809e-08;7.26347e-08;2.48242e-07;1.70228e-10;1.54433e-10;4.69074e-08;2.20695e-08;2.29864e-08;3.05354e-08;2.60173e-07;1.09391e-08;1.88256e-08;2.3751e-09;1.21857e-09;5.45668e-11;6.42115e-09;4.95807e-08;5.45877e-09;5.05417e-12;2.65185e-10;2.81493e-09;1.5484e-07;3.15641e-07;1.41444e-06;7.12106e-10;3.47032e-07;2.75195e-08;4.93449e-08;2.41731e-11;3.19103e-10;3.78416e-09;1.22185e-12;4.6193e-09;4.10821e-11;1.69585e-08;3.42272e-08;1.32871e-08;1.09377e-07;6.37563e-10;3.24617e-08;2.56073e-08;7.58897e-09;2.1901e-11;1.26742e-09;8.95967e-09;2.16499e-10;4.26013e-09;4.27975e-10;5.07178e-09;3.57139e-08;1.88004e-08;7.95745e-07;3.22026e-07;1.997e-07;6.56014e-08;6.22732e-09;4.62846e-08;3.34963e-08;1.11384e-10;5.26793e-10;1.21025e-06;5.41303e-08;1.74456e-08;1.39985e-07;1.50559e-10;7.38106e-08;6.1523e-07;3.86773e-10;2.92571e-09;1.74953e-07;1.56144e-06;1.07161e-07;2.87915e-08;5.59114e-08;2.82233e-06;1.77855e-08;3.0069e-07;9.106e-09;0.000786777;7.40989e-06;7.82463e-06;6.86387e-06;4.91498e-05;2.09126e-06;0.998743;6.862e-06;8.351e-05;0.000137683;8.61001e-05;4.67332e-07
9.8834e-08;4.06167e-06;0.000228116;0.999424;6.09564e-05;5.55639e-05;3.6373e-05;1.56434e-09;1.551e-07;1.16275e-07;6.93998e-10;7.5669e-10;1.0217e-11;2.50284e-09;7.13329e-09;2.1957e-10;6.1492e-10;1.72416e-09;6.74104e-11;3.36105e-07;1.17674e-09;7.6871e-08;1.03583e-08;9.32143e-10;1.27754e-08;1.80303e-09;6.48678e-09;1.19343e-09;7.31822e-10;4.93869e-06;1.33294e-05;3.33289e-12;2.9302e-09;9.46971e-11;8.85085e-10;2.64102e-10;3.40486e-09;1.14742e-09;4.03278e-11;2.99368e-12;1.13769e-11;3.6452e-07;3.7098e-10;3.4513e-08;1.27256e-08;5.1593e-10;4.61253e-09;4.24075e-09;4.89401e-08;6.84619e-08;6.7743e-08;4.23175e-11;1.10819e-10;1.44432e-09;4.64025e-11;8.46951e-10;5.00228e-10;3.16796e-09;1.66206e-08;3.93874e-07;5.90244e-10;5.43819e-10;8.82386e-09;1.88484e-09;9.17693e-10;3.29428e-10;5.33731e-10;6.38632e-09;2.77034e-09;2.89101e-07;3.56731e-06;1.01487e-09;2.56863e-09;1.3064e-10;4.1275e-10;7.22802e-10;8.01145e-09;1.00855e-10;4.53324e-08;6.35443e-10;2.94366e-09;1.61141e-10;3.06446e-07;7.46166e-07;2.12863e-10;4.14158e-10;1.34473e-10;4.78206e-10;3.83077e-08;7.4723e-10;4.01456e-09;6.13241e-07;3.14594e-09;2.35269e-11;4.26895e-10;1.66147e-11;1.44426e-10;1.82906e-10;9.02588e-10;4.28153e-10;3.58975e-06;8.16096e-06;3.16127e-09;4.83162e-07;6.26168e-07;9.75348e-10;1.21141e-10;8.80208e-10;1.6749e-08;2.76552e-11;4.40908e-09;3.16077e-09;3.30302e-09;3.14592e-09;4.48445e-09;7.13667e-13;9.41332e-11;3.019e-11;2.48327e-09;9.40544e-12;9.44844e-11;1.67986e-10;2.76156e-10;1.40259e-11;5.39491e-07;1.95507e-06;8.98921e-12;3.92532e-10;9.74165e-10;3.45189e-12;9.60837e-11;9.32688e-08;1.18685e-08;7.45251e-13;2.61132e-09;1.00484e-11;3.10904e-08;1.1411e-05;7.59886e-06;1.4948e-08;1.2309e-08;2.58609e-10;6.48086e-08;7.64052e-10;2.00398e-11;1.3618e-08;9.55681e-11;2.70518e-09;1.22541e-09;6.74362e-07;3.72666e-07;3.42995e-11;1.41464e-09;5.37771e-10;1.21569e-10;7.43407e-10;5.75619e-13;4.82877e-10;4.68338e-10;2.57478e-09;1.74934e-09;9.81966e-08;6.74829e-08;3.30435e-08;3.20175e-09;9.70199e-10;1.30957e-10;2.97793e-09;9.12363e-10;1.33383e-09;2.5842e-08;3.89748e-07;7.59975e-07;1.68901e-09;5.61703e-07;4.95296e-09;1.22762e-08;2.67517e-10;5.46108e-09;1.07569e-09;4.47963e-09;1.33122e-07;1.97027e-06;4.13518e-09;4.28224e-08;9.98862e-08;6.51417e-09;2.57622e-10;3.76206e-09;1.19236e-09;2.9213e-09;6.34978e-10;5.12085e-07;4.09529e-07;1.17532e-09;8.16226e-10;4.75699e-10;2.64541e-10;6.39824e-11;3.86738e-09;1.96163e-10;8.70548e-09;6.74855e-06;3.28893e-07;4.6975e-09;1.59238e-08;2.29657e-08;4.99417e-09;7.91037e-10;1.48359e-07;1.04137e-09;1.13542e-09;5.18273e-09;8.95205e-09;4.71138e-10;5.1328e-06;2.25789e-07;1.9874e-12;3.65924e-09;1.92588e-09;1.45122e-09;6.21424e-09;2.50213e-09;3.04019e-09;1.34036e-09;2.17568e-09;1.9095e-07;1.66066e-07;1.87457e-09;5.50638e-10;2.05521e-09;2.76812e-09;4.77546e-09;2.23684e-05;6.10551e-07;7.69875e-10;2.12817e-09;1.01379e-10;1.54204e-09;4.37044e-10;2.22961e-09;5.56389e-11;1.67803e-08;1.77555e-09;2.67004e-09;2.19439e-10;3.33416e-07;2.46203e-06;1.17017e-12;4.90308e-11;3.35863e-10;1.10557e-10;2.11026e-10;1.37423e-08;1.08474e-08;3.9202e-11;7.97017e-09;1.05634e-09;2.49227e-09;2.30879e-10;3.56583e-07;1.38106e-06;1.5383e-09;1.50238e-10;2.88721e-10;1.2714e-10;5.41772e-09;1.55922e-09;2.49118e-08;1.77516e-11;1.863e-09;1.19652e-11;3.66841e-13;1.28482e-09;5.3191e-07;4.9394e-05;7.25109e-11;9.19918e-09;1.07407e-11;2.98245e-10;1.40328e-11;4.96589e-09;2.10913e-09;9.5796e-15;1.1921e-09;3.00907e-10;7.85115e-11;4.72713e-08;1.4126e-06;4.05829e-06;8.89363e-14;2.29871e-11;5.38756e-13;6.01291e-14;2.78519e-11;1.13368e-09;4.62116e-09;2.90981e-13;4.25102e-10;1.90943e-10;2.97524e-09;1.09421e-09;2.41416e-06;4.74887e-06;1.85374e-09;8.17476e-11;1.58514e-07;5.99703e-12;2.47407e-10;7.34465e-07;5.58135e-10;6.29468e-10;2.76629e-11;3.41962e-09;1.28962e-08;7.21492e-06;5.97963e-07;1.10174e-10;1.28849e-08;6.44357e-07;2.16092e-09;3.1515e-10;9.19414e-09;7.64372e-12;3.37794e-09;4.84734e-08;5.74461e-09;2.71388e-08;6.88583e-08;4.29868e-12;4.87629e-08;1.33695e-06;8.1398e-08;1.6295e-09;6.56132e-08;1.80377e-08;9.22823e-10;8.00642e-09;1.75233e-10;9.46896e-08;5.31853e-11;1.06977e-12;2.58988e-09;2.41117e-13;6.0833e-10;1.05724e-05;2.96992e-07;2.53067e-10;2.89906e-11
4.49831e-09;8.65441e-10;2.40905e-09;1.01788e-08;4.47864e-10;7.53878e-11;5.6854e-10;1.39494e-07;9.45536e-09;4.18712e-09;1.36642e-07;5.1611e-08;5.45863e-11;1.73947e-09;1.13997e-09;4.82346e-09;9.69458e-10;5.33761e-10;2.00523e-10;1.89989e-08;1.17482e-07;5.26786e-10;9.82667e-10;7.73173e-10;3.13062e-11;5.57916e-10;1.63345e-10;1.77065e-10;1.53651e-10;2.16158e-10;1.3481e-10;2.35655e-08;3.0511e-12;3.26924e-10;1.30853e-10;2.4313e-09;1.09574e-09;4.76437e-10;8.09431e-11;5.47774e-13;9.98001e-12;4.5227e-10;4.86682e-10;6.57408e-11;1.79911e-09;1.91851e-09;4.06786e-09;1.97175e-09;3.30093e-09;6.36399e-11;1.70345e-07;1.97018e-12;5.90499e-12;3.30223e-10;5.21768e-10;9.73502e-10;2.76919e-10;2.62438e-09;1.11317e-09;4.47354e-09;5.99535e-08;2.26794e-11;2.84637e-08;5.53864e-10;1.16582e-09;1.01337e-08;3.06728e-09;4.58955e-09;9.6561e-09;3.53383e-09;4.16503e-09;7.2149e-06;4.79495e-09;1.47307e-09;5.15267e-11;2.90459e-09;1.85413e-09;8.13423e-09;1.33746e-10;3.76428e-10;1.17074e-08;1.18111e-09;1.31435e-09;3.38917e-09;9.1066e-07;4.43577e-10;1.21599e-11;4.22389e-12;8.73066e-09;1.54526e-09;3.36406e-09;1.07076e-08;9.54832e-10;6.93436e-08;1.00545e-10;6.14307e-10;2.38018e-10;6.12447e-09;4.29536e-09;1.23424e-09;3.03294e-10;3.49988e-10;1.3734e-07;8.31729e-12;2.07124e-09;3.31621e-11;1.48638e-09;4.79566e-10;2.13253e-09;1.03231e-09;1.26633e-11;1.64379e-10;1.41343e-08;7.56336e-10;2.0666e-09;2.1274e-07;1.18073e-10;5.29561e-11;2.44404e-09;2.15693e-07;4.17485e-09;3.38884e-09;2.2875e-10;2.27866e-10;2.587e-10;3.2214e-09;7.84824e-09;6.58637e-10;3.81979e-11;2.70237e-12;5.89742e-09;1.3529e-08;8.74628e-10;2.8482e-10;2.90224e-12;3.53134e-12;3.27464e-09;1.01959e-08;3.67437e-09;4.31124e-08;7.36646e-10;1.41776e-08;3.09016e-09;2.21087e-09;5.39736e-10;8.09007e-09;1.76469e-09;3.08987e-09;2.88224e-09;3.48462e-09;7.22111e-10;6.50638e-07;1.31009e-09;6.33603e-10;9.85297e-11;1.26302e-09;2.1591e-09;4.06109e-11;1.26079e-09;3.06833e-09;1.17651e-09;6.02093e-09;1.81685e-05;8.729e-09;2.26426e-09;1.47831e-10;5.01543e-09;2.56105e-09;4.76438e-09;9.34702e-10;4.97249e-09;5.98031e-09;1.87682e-09;6.93657e-08;1.03451e-10;7.60916e-09;1.80525e-10;5.18525e-09;1.00663e-10;3.24025e-08;5.89008e-10;7.8368e-10;5.90884e-10;3.26424e-09;4.09083e-11;1.34558e-09;3.59018e-11;8.83874e-09;9.36082e-11;8.72073e-10;2.4547e-08;6.67332e-10;1.39944e-09;1.27128e-09;2.84803e-07;2.09888e-10;1.05629e-10;2.32508e-09;3.40331e-09;5.0177e-10;1.56524e-10;7.72966e-09;4.00245e-08;4.97577e-09;1.29055e-05;2.60015e-10;1.22471e-08;3.95729e-09;4.0078e-09;1.91719e-08;7.34211e-09;2.32009e-09;2.07875e-09;2.90797e-08;2.98121e-10;1.58382e-09;1.52618e-09;4.69352e-06;1.39175e-09;1.70937e-08;2.89363e-10;2.88267e-09;8.48741e-09;1.20264e-09;1.38312e-09;2.56809e-08;6.98074e-09;3.34473e-09;6.81788e-06;1.59405e-09;4.99925e-08;2.71108e-11;7.51332e-10;4.92253e-09;3.29676e-09;1.45456e-08;6.04295e-11;1.73314e-09;1.07617e-10;4.75695e-09;5.88698e-10;5.18974e-10;1.3766e-10;3.11281e-09;2.87992e-09;3.34197e-06;4.48524e-06;5.28884e-06;0.999773;7.31464e-07;1.801e-05;0.000134571;1.90022e-07;7.73668e-08;1.23088e-08;9.84592e-07;2.1289e-08;1.47664e-07;1.92275e-09;3.06472e-09;4.86628e-09;5.32024e-09;5.5533e-09;1.14224e-12;4.78875e-09;8.13332e-10;1.08415e-08;4.10068e-10;3.46066e-10;4.60541e-09;4.45025e-10;3.09364e-10;1.53612e-09;1.58511e-10;9.33765e-11;1.17899e-09;6.6515e-07;2.91774e-13;1.52998e-10;4.35682e-09;2.28945e-09;4.02819e-10;2.17619e-09;5.4108e-12;1.72329e-10;1.38285e-11;1.24418e-10;2.92575e-11;1.71892e-10;5.88772e-10;1.17956e-07;3.16859e-08;2.75668e-11;6.30841e-11;1.09732e-08;8.93742e-10;6.52899e-10;6.90925e-10;1.8753e-10;7.02479e-11;6.77329e-10;1.72578e-10;7.52887e-10;3.17169e-10;4.42162e-08;4.81816e-12;3.87467e-10;3.30528e-12;6.6428e-10;7.92823e-10;3.10345e-10;2.0186e-11;1.63032e-13;1.74046e-09;8.56837e-10;1.83556e-09;4.55691e-09;4.07294e-10;7.14118e-11;2.4264e-12;1.023e-10;5.09322e-09;1.00164e-08;2.57426e-11;1.32269e-09;7.18757e-10;3.41806e-06;6.23396e-11;1.51122e-10;1.02546e-14;2.66741e-10;1.12408e-08;1.91025e-09;2.10081e-09;7.62674e-10;9.15881e-10;1.03359e-10;7.3785e-14;9.91044e-10;5.90725e-10;1.05501e-06;3.97352e-08;5.32721e-11;2.72415e-10;1.66569e-09;3.79665e-09;4.978e-09;1.28296e-09;1.33272e-12
7.29907e-10;3.62569e-11;1.60369e-10;2.43559e-10;3.21045e-09;1.75891e-09;7.2824e-11;4.6757e-10;1.00042e-09;1.52476e-09;3.75735e-10;5.92986e-13;1.03187e-09;4.07144e-09;2.94425e-09;2.58917e-07;7.50307e-10;1.15328e-09;4.87909e-08;4.36125e-09;2.14421e-10;2.45673e-09;8.93705e-10;2.36808e-09;1.26212e-09;2.17452e-06;1.29637e-08;1.04757e-07;9.11579e-11;1.64604e-10;2.98413e-10;5.32767e-11;1.3856e-09;2.17741e-07;3.33533e-08;9.06581e-08;1.56839e-09;1.49914e-09;9.21999e-09;5.75879e-11;4.71252e-08;2.64862e-10;1.65503e-10;1.97482e-10;8.25555e-10;1.25735e-08;5.73801e-09;1.61288e-10;8.08134e-12;1.31394e-12;7.02251e-09;8.37967e-14;7.58666e-07;5.78239e-09;1.14933e-09;1.21196e-09;4.42439e-08;8.4283e-10;5.19266e-10;3.17099e-10;2.95737e-10;6.82864e-11;2.93525e-05;1.61164e-09;3.64527e-09;8.87459e-10;2.08286e-09;7.53533e-09;7.1469e-10;8.37543e-10;1.82855e-10;1.31706e-10;3.06406e-10;1.05143e-06;5.76376e-10;4.77897e-09;1.64613e-09;7.98796e-08;4.67874e-10;5.04585e-07;5.42502e-08;9.63546e-11;2.38381e-10;2.19647e-11;4.84815e-10;1.17443e-10;5.29536e-06;3.96911e-09;6.04258e-08;1.71817e-09;3.25632e-09;1.1297e-08;2.40155e-09;5.20019e-09;1.953e-10;4.49722e-08;2.87138e-09;4.99585e-08;6.33521e-09;1.50413e-07;4.1376e-08;5.05849e-07;0.000141321;3.72356e-06;0.98342;0.000371067;5.39716e-06;9.69558e-10;5.91765e-09;7.59733e-05;8.70528e-08;0.0157472;7.96311e-09;2.20308e-09;1.06379e-08;2.38378e-08;4.35168e-10;1.42552e-06;1.74529e-09;1.35314e-08;5.10254e-09;1.32843e-08;8.61291e-09;1.82633e-09;3.14145e-10;1.40088e-10;1.11732e-09;6.44337e-11;2.02211e-06;8.51662e-09;1.38221e-08;2.73612e-07;2.00526e-09;5.13274e-10;2.38063e-11;4.64577e-08;2.32119e-09;2.83073e-09;5.36707e-09;1.67521e-08;8.1619e-10;1.11761e-05;5.30412e-08;2.10877e-07;1.02706e-08;1.68418e-08;8.53049e-09;4.08171e-08;4.16891e-10;1.02979e-09;1.80508e-10;3.29879e-10;4.43553e-12;3.81063e-05;4.7113e-09;2.38934e-09;2.01142e-11;3.67446e-11;2.84041e-08;1.19937e-09;1.00374e-09;1.0567e-09;2.83629e-09;3.07329e-10;9.57444e-07;1.13122e-08;7.8984e-10;3.72159e-10;1.34428e-09;1.2874e-08;2.34007e-08;2.67228e-10;6.69125e-09;1.40694e-09;2.07925e-10;3.27285e-05;4.60026e-10;1.57469e-08;2.77849e-09;2.12505e-07;1.0671e-09;1.1373e-09;4.34885e-10;3.38472e-08;1.69772e-09;2.50653e-05;2.12509e-08;1.87318e-09;1.84762e-10;6.69657e-09;2.628e-08;3.77535e-09;1.90554e-09;1.3233e-09;7.58261e-08;8.40205e-10;4.14722e-06;6.40409e-08;4.57719e-07;4.8288e-09;2.55553e-07;6.90596e-10;1.33999e-09;8.42989e-10;8.85367e-09;2.62335e-10;7.81469e-07;3.90001e-09;2.91842e-08;2.39521e-09;2.16656e-10;8.53468e-10;2.02661e-09;9.17137e-09;8.32819e-10;1.30102e-10;6.33039e-10;1.59926e-11;2.11475e-11;5.51357e-07;9.48491e-12;4.18236e-09;7.5137e-09;9.80278e-10;7.84765e-09;1.50452e-09;1.15483e-09;2.62729e-10;8.61606e-10;9.35143e-11;1.15494e-06;3.74503e-09;2.26252e-10;1.03886e-11;5.59379e-11;2.88316e-13;1.56437e-10;5.95928e-07;1.46742e-10;7.1868e-08;2.65847e-09;2.43933e-09;3.62188e-10;8.62191e-09;2.73329e-09;5.80445e-10;9.1088e-11;3.0916e-10;8.50651e-10;1.3734e-11;5.37057e-06;8.03829e-10;9.94427e-08;1.62336e-08;1.04939e-08;6.50294e-08;1.46573e-09;6.62159e-09;4.22031e-10;9.59906e-10;4.49528e-10;9.27474e-10;6.23955e-11;1.09859e-11;5.6173e-08;2.94437e-09;3.54397e-09;2.52644e-09;2.19727e-09;1.75343e-09;8.83061e-10;4.80813e-07;1.16025e-10;7.24637e-12;1.05717e-10;6.90444e-11;3.3876e-12;1.06451e-11;4.94445e-06;3.34027e-09;4.46789e-09;1.56499e-09;3.41416e-10;3.7324e-13;3.99754e-09;8.54023e-08;1.22515e-08;6.00394e-11;1.20251e-12;2.67417e-11;2.32749e-11;9.9086e-12;2.52734e-08;9.38874e-12;1.34937e-08;6.27554e-09;2.89849e-09;4.33864e-09;3.20729e-09;2.30868e-08;1.38421e-09;4.40318e-11;1.99139e-08;1.3944e-10;5.99399e-13;2.20444e-11;2.09403e-05;2.45209e-09;2.99837e-09;2.36907e-09;2.07739e-12;1.49452e-09;1.38332e-07;1.99493e-08;1.94661e-10;3.42427e-10;6.65851e-11;2.00279e-11;3.74116e-13;1.2376e-08;4.17599e-10;7.87199e-08;3.41388e-08;1.19333e-11;5.60407e-08;2.316e-09;7.62891e-14;3.54072e-12;2.56868e-05;7.53206e-06;8.33274e-10;8.61569e-10;3.66826e-10;9.89818e-08;7.46409e-10;1.09453e-08;8.18657e-08;6.69193e-06;1.55176e-08;1.647e-08;2.16897e-09;1.51631e-12;1.24569e-06;2.63018e-09;1.9461e-07;4.80098e-08;2.53227e-08;1.1065e-07;3.39899e-09
1.79564e-07;1.34223e-08;2.85434e-08;4.65461e-09;1.70028e-09;6.33507e-10;2.0694e-10;5.14281e-09;2.37698e-08;2.44543e-09;4.30928e-09;4.55979e-09;4.19112e-10;2.50855e-09;5.23465e-09;2.48981e-09;3.30805e-09;1.08926e-09;1.89671e-09;2.36173e-09;5.50411e-10;8.66459e-09;9.14566e-09;4.70406e-09;1.00472e-08;6.58632e-08;2.08024e-09;2.57295e-09;1.33711e-08;8.18483e-09;1.85138e-08;7.47895e-11;1.29603e-09;1.42868e-11;1.56961e-11;1.11157e-09;4.31196e-10;8.58607e-10;8.0931e-10;1.10828e-10;8.27639e-10;2.44254e-08;1.93719e-09;7.49232e-11;6.9153e-11;2.96011e-10;2.91308e-11;2.74864e-09;5.65975e-10;7.32766e-10;2.56431e-11;3.52484e-10;1.90778e-12;2.62949e-09;4.22194e-12;5.79942e-10;5.25277e-10;1.01649e-08;4.84134e-09;1.76502e-09;1.26504e-09;7.01041e-09;5.48287e-09;1.46261e-09;1.2516e-09;2.39063e-10;7.8507e-10;8.48855e-09;4.53841e-09;1.10812e-08;1.00202e-08;5.41701e-10;2.23171e-09;5.28479e-09;2.34377e-10;2.05008e-09;3.17072e-10;8.42049e-10;1.00422e-09;9.35995e-10;7.28435e-08;2.55181e-09;1.09014e-07;5.22714e-10;2.40231e-09;1.4601e-09;1.49786e-08;4.32112e-11;3.13431e-09;1.03472e-09;2.86265e-09;1.05169e-08;1.01041e-09;7.44878e-11;1.26285e-10;7.89211e-11;7.28666e-12;4.94464e-09;7.08387e-09;2.14888e-08;5.14561e-08;7.61806e-09;1.08059e-10;9.99517e-10;8.71977e-07;4.53618e-11;3.35655e-09;7.50729e-10;5.644e-09;5.88263e-10;1.46287e-10;8.15796e-08;4.22808e-09;1.19407e-09;3.11311e-09;6.96255e-09;3.96578e-09;9.60991e-10;1.89959e-10;4.00239e-10;1.0204e-09;8.51088e-09;7.74554e-10;9.36133e-08;4.6406e-07;3.44661e-08;1.11427e-07;3.02539e-09;5.19991e-09;2.38629e-11;1.68316e-09;7.60487e-09;3.56667e-09;2.43375e-10;4.04525e-10;2.5208e-11;5.78702e-08;6.82217e-08;8.45729e-08;2.78067e-08;4.2568e-08;2.90065e-08;2.4742e-09;7.68552e-09;1.44856e-09;3.72548e-08;9.40867e-09;7.85471e-09;6.95279e-10;1.8876e-09;4.88972e-10;2.52625e-11;1.17269e-08;2.03553e-07;1.18178e-11;4.71997e-10;1.52198e-11;6.31504e-11;9.84226e-11;3.01937e-09;9.72067e-10;2.044e-08;1.06312e-07;6.5147e-09;1.28949e-07;1.39167e-10;2.6656e-10;8.28843e-10;2.57934e-08;1.20807e-09;9.28928e-09;1.0733e-09;1.74219e-08;2.2803e-10;1.1517e-09;5.95585e-09;5.28546e-11;4.84289e-11;1.94905e-10;4.00737e-09;2.06367e-08;1.18127e-08;2.67109e-09;2.59922e-08;4.18092e-08;7.30826e-10;1.67214e-09;3.58348e-10;4.40537e-10;8.70614e-10;3.00082e-08;1.08103e-08;5.09213e-08;8.06638e-09;5.6654e-09;1.4642e-08;1.39194e-07;6.23977e-10;1.14778e-10;6.78009e-10;1.03496e-09;4.39923e-09;1.17446e-08;2.11797e-08;2.99298e-08;1.8842e-08;7.19343e-08;1.61082e-09;1.47729e-09;1.79974e-09;1.39127e-10;2.73894e-10;8.02644e-10;8.88856e-09;6.05151e-09;8.69911e-09;2.13958e-08;2.33603e-11;4.64013e-09;5.21442e-09;5.8565e-13;3.06531e-09;5.33105e-09;2.33984e-09;1.75823e-09;5.48605e-10;1.88317e-09;1.87489e-09;5.66507e-11;6.19914e-10;4.10128e-09;1.48482e-11;2.81131e-09;9.79301e-10;8.23807e-10;1.72507e-11;1.52533e-09;5.39894e-10;3.3012e-12;7.32358e-10;4.70784e-10;8.31847e-12;2.63901e-09;1.27016e-09;2.11367e-09;6.85767e-09;2.70742e-08;1.55156e-08;4.25165e-10;8.58123e-08;1.89809e-09;2.32935e-11;8.06866e-10;1.82884e-09;1.78838e-09;1.06124e-10;1.54037e-09;8.03374e-11;9.58781e-10;6.39129e-10;3.10271e-09;2.1067e-09;6.21991e-12;4.45518e-08;3.9099e-08;1.10743e-10;4.69235e-09;3.96169e-10;1.05327e-10;7.52573e-10;3.40659e-09;2.74489e-09;2.18286e-11;8.97906e-09;3.38522e-09;6.21495e-11;8.38921e-10;1.49236e-09;1.67321e-10;1.29547e-13;8.45534e-11;3.79348e-11;2.32754e-10;1.27012e-14;8.60121e-11;1.46463e-10;2.2122e-08;2.17584e-09;6.49685e-10;3.45243e-10;3.39358e-11;4.46698e-09;7.46404e-09;2.73171e-14;2.80565e-09;5.32525e-10;9.30774e-10;3.05109e-10;1.90066e-09;5.59088e-11;3.07204e-10;1.21519e-10;4.01682e-08;1.10553e-07;6.46132e-11;4.23313e-10;1.48751e-10;3.7803e-12;5.88911e-10;1.05013e-08;6.28772e-12;1.52874e-10;1.04044e-11;2.29944e-09;3.76451e-09;1.32649e-09;3.99015e-10;1.63167e-10;2.27807e-10;1.81356e-10;9.87484e-11;2.17231e-08;1.19973e-07;4.98586e-09;7.48152e-09;2.42019e-10;2.86095e-11;1.44518e-10;1.02912e-09;2.687e-14;3.61783e-09;2.04659e-08;3.65148e-09;1.91406e-08;5.28916e-09;2.53007e-08;3.99847e-09;0.998783;5.49716e-07;1.66934e-06;0.0011645;4.69043e-07;6.68018e-07;2.30748e-07;1.48721e-05;2.09267e-05;9.37136e-07;5.55208e-06;1.79951e-06
1.01206e-06;2.19358e-08;1.92618e-07;7.13503e-09;1.19783e-10;1.02237e-08;2.68651e-11;8.17894e-11;2.10851e-08;6.18367e-09;2.19978e-11;2.70143e-11;1.26852e-08;1.24678e-09;4.02216e-09;1.34018e-08;3.5411e-09;1.88187e-09;2.67337e-08;2.78486e-09;2.7227e-11;1.39889e-08;9.49054e-09;2.40122e-09;2.44174e-08;8.61779e-10;3.12431e-09;1.40175e-10;6.08218e-09;2.45225e-06;2.95075e-08;1.3456e-10;1.4876e-10;3.73762e-12;1.29684e-09;1.00474e-08;4.44255e-09;2.2706e-09;6.91444e-08;4.84979e-09;1.17512e-09;1.44016e-07;1.42966e-07;4.67885e-09;1.88854e-09;1.75109e-09;1.57531e-10;1.78159e-09;5.154e-08;7.47247e-09;2.67058e-12;6.60584e-11;5.53157e-11;7.79993e-09;1.66487e-09;2.57273e-09;1.87479e-09;4.27019e-08;1.27255e-08;1.35175e-07;5.79325e-10;1.15185e-09;3.47171e-09;1.4954e-08;1.87658e-09;4.20022e-10;1.35217e-09;4.15469e-09;1.75544e-09;6.21071e-09;3.9219e-08;8.62392e-11;1.43794e-08;9.39743e-11;1.29621e-09;5.67703e-09;4.76881e-09;3.26336e-10;1.13223e-09;1.43953e-10;2.15116e-08;4.02739e-09;3.42982e-07;9.94419e-09;1.94634e-11;1.10806e-09;1.90607e-09;3.0464e-09;3.61735e-09;9.77483e-10;9.17085e-09;1.67451e-08;5.50698e-09;6.04295e-11;1.00413e-09;5.05757e-10;5.80275e-09;4.48515e-10;3.59916e-09;1.68692e-09;9.3249e-07;1.61106e-07;7.04935e-09;8.60189e-10;2.24545e-10;2.97818e-08;3.66617e-09;1.87112e-09;6.71682e-09;1.8144e-09;2.06668e-09;1.10861e-09;1.18006e-08;4.06783e-09;5.0931e-09;2.80958e-10;9.54857e-09;7.19884e-11;3.7302e-09;4.8404e-09;2.94673e-10;2.49507e-10;4.3696e-08;3.41544e-05;0.99811;0.000619879;0.000148905;0.000367443;9.56032e-06;0.000664471;2.45387e-06;1.68708e-05;5.74204e-06;1.71645e-06;2.4986e-06;1.90457e-06;3.66844e-08;1.07384e-06;3.26752e-07;9.56555e-09;2.10936e-08;5.84589e-09;1.88513e-08;1.30932e-08;8.8069e-10;4.86875e-09;4.10889e-09;7.10052e-08;1.45187e-09;1.19756e-08;1.1777e-08;1.19102e-08;5.90026e-09;6.19113e-11;3.95526e-09;1.61597e-09;1.51912e-10;6.27562e-10;2.07258e-09;2.0389e-08;1.71305e-09;2.08868e-07;4.88104e-08;2.76472e-09;4.9541e-09;1.21379e-08;6.34176e-11;1.85564e-09;2.20204e-09;6.50168e-09;5.87936e-08;2.25075e-08;1.04477e-07;7.09396e-10;1.26315e-08;1.25948e-08;6.99137e-09;2.38593e-10;5.36095e-09;1.40394e-09;1.50794e-09;1.66193e-07;2.92002e-09;2.40433e-08;8.26788e-09;2.24073e-09;1.8313e-09;7.47931e-10;6.10704e-10;2.84554e-09;9.49107e-09;1.42703e-08;2.1709e-07;1.33265e-08;5.0551e-09;1.09534e-08;6.81955e-09;2.3902e-07;1.24861e-09;2.91497e-09;2.32359e-09;4.46617e-08;7.84732e-07;8.33734e-07;2.05305e-08;3.64817e-07;2.80831e-08;1.52484e-07;1.2349e-08;6.64676e-09;2.24885e-10;2.07059e-09;3.95142e-09;7.29557e-09;2.3298e-09;4.20739e-08;3.5131e-08;6.46234e-12;4.7494e-10;5.20967e-10;9.335e-10;4.5935e-09;4.12849e-09;9.48067e-09;2.10256e-09;7.03352e-09;4.51889e-08;1.96213e-08;3.64511e-09;9.42531e-09;1.5182e-08;2.30621e-09;5.94546e-09;1.12201e-08;7.9081e-09;7.46324e-10;8.72233e-11;4.93818e-12;4.22909e-08;1.65024e-09;4.10415e-09;2.73702e-09;1.05456e-08;2.52312e-09;5.4421e-09;5.54827e-09;6.10236e-07;1.6694e-08;2.60216e-11;3.57143e-09;1.36552e-10;1.81466e-09;1.02577e-09;1.34831e-08;1.50338e-08;8.13433e-10;3.5311e-09;2.19852e-10;1.12208e-09;2.68234e-10;2.20121e-08;7.62296e-09;1.91701e-10;6.12631e-10;8.05636e-11;1.52519e-08;1.41671e-08;2.80123e-09;1.61735e-08;6.99897e-08;9.45391e-09;3.09701e-09;2.33774e-14;2.9592e-09;4.47629e-07;2.43486e-08;1.01542e-10;9.39597e-10;1.23756e-09;1.73633e-11;7.37031e-10;2.82174e-08;2.24522e-09;6.4e-12;1.76993e-09;4.55468e-10;3.94618e-09;2.49805e-09;1.22207e-08;4.34878e-09;6.74266e-13;4.08908e-11;7.02807e-12;4.23454e-12;1.98528e-09;1.86839e-09;5.47988e-09;5.71077e-11;2.60337e-09;9.37696e-10;1.58832e-09;4.48796e-10;1.76134e-06;1.80917e-07;1.91025e-11;9.00592e-11;5.32713e-10;1.547e-10;3.11407e-09;2.68678e-08;3.59083e-11;4.26764e-11;1.86618e-10;9.7202e-09;8.46012e-09;1.73689e-09;1.39407e-09;2.32322e-10;1.06209e-10;4.70426e-09;6.0848e-10;3.92142e-09;2.18061e-08;7.70208e-09;5.9056e-09;3.36817e-09;7.20877e-12;1.33548e-09;4.55043e-10;2.43529e-11;2.02129e-09;6.94064e-08;8.12247e-09;6.47928e-08;1.46341e-08;8.59328e-10;2.43998e-09;2.19206e-07;5.23067e-09;2.73902e-08;1.34361e-10;2.27619e-12;8.56672e-10;1.3623e-11;6.12053e-09;8.59555e-09;3.49329e-09;1.99165e-09;4.50828e-09
