6.03536e-06;0.997723;0.0010133;7.15369e-06;1.90009e-05;1.97291e-07;1.8489e-08;0.000384741;6.38122e-08;1.42606e-07;1.56154e-07;0.000448279;0.000394329;3.94148e-06
6.02667e-06;0.842865;1.48136e-08;1.35175e-05;0.000297182;0.000378853;6.12311e-05;0.122284;1.02042e-05;0.000102793;2.06964e-06;4.541e-08;0.033721;0.000257124
1.25093e-10;1.79733e-11;1;4.47398e-09;9.99096e-09;9.53149e-10;3.59212e-10;2.17179e-11;2.40922e-11;4.25911e-10;2.0625e-10;4.97829e-08;7.47235e-14;3.84495e-08
1.02561e-05;0.992341;0.000182296;3.38054e-05;3.73386e-05;1.68738e-05;3.0424e-05;0.00111073;2.06576e-05;1.94378e-07;1.25354e-05;6.87658e-05;0.00613013;4.81813e-06
2.94831e-06;0.537229;0.000152207;2.76038e-06;1.94978e-06;6.25837e-06;7.18419e-08;0.0327569;6.11984e-07;3.83487e-08;3.43442e-06;0.0100317;0.419798;1.42023e-05
1.52528e-08;0.000517931;4.76049e-08;4.25236e-07;3.21496e-05;0.000495371;1.11149e-10;9.00707e-05;1.24049e-07;1.27196e-09;2.30922e-06;0.103514;0.894864;0.000483598
1.04055e-05;0.0469316;0.152733;0.000126953;0.00447822;3.56247e-05;2.71844e-05;2.46613e-05;1.00299e-06;0.000305993;1.96051e-06;0.00283951;2.0644e-05;0.792464
6.96167e-05;0.081859;1.00713e-06;3.92769e-05;2.59468e-06;1.6114e-05;0.0336383;0.000486722;0.0677424;6.85544e-07;0.41859;2.47279e-06;0.397552;9.90446e-09
6.5285e-08;0.000675637;1.50629e-11;1.93014e-09;1.75639e-05;4.13754e-09;1.71321e-12;0.99927;1.57627e-09;1.52755e-10;1.46754e-09;3.38227e-07;3.63549e-05;1.98704e-08
1.85164e-07;0.000315521;0.9993;3.13977e-06;3.1054e-05;6.71206e-05;1.02251e-06;1.2022e-06;3.75329e-09;9.85469e-05;7.80811e-08;1.08253e-07;5.21366e-06;0.000176664
2.19318e-08;2.60121e-08;0.999999;2.41181e-09;1.72061e-09;6.70222e-10;1.2686e-07;1.08506e-08;2.40816e-09;7.80511e-10;3.63672e-07;9.15313e-08;1.73275e-09;1.06919e-09
5.18765e-07;0.000469095;8.14234e-05;4.26212e-07;3.5636e-08;5.46903e-07;6.29112e-09;3.91589e-07;7.75131e-06;5.95745e-09;7.49313e-05;0.999231;5.45479e-06;0.000128263
0.000206207;0.971226;6.21101e-07;2.3734e-07;0.000166182;9.66572e-06;2.44566e-06;0.000460134;8.00953e-05;9.19776e-07;6.53524e-05;0.00132764;0.0262255;0.000228635
8.85676e-07;0.000187683;5.59501e-09;3.08632e-09;0.0462816;1.17548e-06;1.05981e-09;0.95311;4.72821e-07;3.10784e-08;2.22833e-09;0.000381472;6.92078e-07;3.57499e-05
6.36644e-07;3.85525e-05;0.986936;2.347e-07;0.0125651;5.26157e-05;3.53133e-11;4.73687e-05;5.22511e-07;2.71999e-09;4.05664e-10;0.000316589;1.52029e-07;4.20286e-05
2.71423e-07;0.453252;1.94634e-12;8.44383e-10;2.32034e-06;2.40378e-09;7.87114e-09;0.546732;6.49735e-07;8.88645e-10;3.6045e-10;1.04852e-10;6.75579e-06;5.69386e-06
5.45785e-08;0.00485629;3.90827e-10;3.52943e-09;8.63906e-07;1.2209e-08;1.38467e-07;0.994579;9.44151e-07;1.19748e-08;4.39685e-08;7.2195e-11;0.00056238;3.10147e-11
1.33603e-12;2.34768e-10;1;1.2802e-10;5.35428e-10;7.35802e-10;1.10908e-12;1.54333e-13;7.35116e-15;1.50433e-11;2.70187e-14;2.06619e-09;4.67061e-12;5.3025e-11
8.90348e-06;0.0135148;0.00157222;5.79275e-06;4.4407e-05;2.16779e-05;5.29503e-07;0.0173014;3.62831e-06;1.65591e-06;2.24931e-05;0.914902;0.0522413;0.000359153
2.9497e-07;0.993421;3.76742e-09;2.17545e-06;4.46322e-05;1.76037e-05;8.34099e-06;0.00336101;1.15894e-05;2.40884e-06;7.70791e-05;7.82583e-05;0.00208819;0.000887043
8.4188e-06;0.88377;5.40098e-06;1.65588e-05;4.60419e-05;1.32386e-05;0.000123328;6.00029e-05;2.2612e-07;4.12901e-05;3.2965e-06;0.0780654;0.0341991;0.00364793
0.00208298;0.380655;9.53684e-09;2.20966e-05;4.22462e-05;3.58209e-05;0.00922672;0.34691;0.00104843;0.000337283;0.000537138;0.00112773;0.257705;0.000268715
2.47033e-07;1.49544e-07;0.999972;5.44708e-08;2.36011e-08;5.60384e-09;3.31203e-07;4.75038e-09;6.32052e-08;5.67434e-09;1.19664e-08;2.69098e-05;1.12079e-09;2.89688e-08
0.000304638;0.0635633;0.0116481;0.000223477;2.2735e-05;0.000448521;3.75027e-06;0.00639914;0.000469085;8.30919e-06;5.29369e-05;0.911458;0.00173167;0.00366646
9.70147e-05;0.848128;2.21061e-05;2.86708e-06;6.44528e-05;8.03239e-05;1.58099e-06;0.083641;7.54287e-06;1.35935e-06;4.67458e-05;0.00478135;0.0630423;8.34977e-05
2.38021e-06;0.000835105;3.58856e-08;6.5152e-06;0.00421177;7.22286e-05;2.35394e-08;0.048643;3.54584e-06;1.59472e-06;3.14393e-06;0.943206;0.000660626;0.00235417
0.000101257;0.0241148;0.959216;0.000198905;0.00504322;0.00194422;2.47772e-06;7.67325e-05;3.34477e-07;3.72029e-06;2.95527e-07;3.18015e-05;0.00849481;0.000771506
0.000684547;0.166414;0.000262495;1.49927e-05;0.000395348;6.8138e-05;5.35947e-07;0.0474783;0.000100606;2.8266e-07;2.45262e-05;0.387077;0.396882;0.000598338
2.37116e-05;0.901591;1.79122e-07;2.9996e-06;0.00143307;5.62305e-05;1.69338e-07;0.0204368;1.28775e-07;1.02455e-06;5.33009e-08;0.00497494;0.0626324;0.00884715
3.15618e-07;0.971376;1.47018e-07;1.77104e-06;8.43912e-09;2.82155e-07;0.0223224;1.135e-05;3.33371e-08;0.00548544;9.12011e-08;5.06955e-07;2.1392e-06;0.000799661
8.8499e-11;5.67353e-09;1;1.30069e-08;4.71143e-11;6.52988e-08;1.61935e-08;1.0572e-13;3.56181e-11;1.40002e-09;4.34507e-10;5.5229e-10;4.07503e-09;2.22759e-11
1.60683e-05;0.991807;0.00524627;1.2121e-05;1.07323e-07;4.32139e-07;0.00034974;1.70501e-05;9.9538e-08;1.4474e-05;8.02484e-07;6.1155e-05;0.00246545;9.02041e-06
0.000296203;0.450432;1.31143e-07;0.000808004;0.00167579;0.00175297;0.00624201;0.00544265;0.00420099;0.000112092;0.00163015;0.124771;0.401099;0.00153706
2.44603e-05;0.0544293;3.73797e-05;1.17511e-05;0.000410957;1.35245e-05;1.32928e-07;0.00138535;1.06435e-07;8.76229e-07;3.57746e-08;0.206013;0.000147239;0.737526
5.55882e-06;0.982765;4.44381e-11;4.27738e-08;8.09067e-08;7.8181e-08;0.0155883;1.54106e-06;1.11077e-07;6.54087e-05;1.89e-07;3.962e-08;1.03125e-05;0.00156371
5.26328e-11;2.88404e-12;1;1.91017e-11;2.64885e-10;9.29085e-10;1.92116e-10;1.74988e-11;5.13757e-12;5.80422e-11;9.94263e-13;2.76996e-08;1.06246e-10;1.30255e-11
2.20788e-07;0.999162;6.20672e-08;4.40295e-08;9.56697e-09;9.77873e-09;4.92879e-05;1.2942e-05;3.79168e-08;2.26259e-06;5.50164e-07;7.14419e-06;0.000736437;2.85436e-05
1.41612e-10;1.81504e-09;1;6.90974e-09;5.206e-09;6.94468e-08;1.32312e-08;7.8308e-12;3.98824e-09;2.89919e-09;4.72175e-09;1.14619e-08;2.10749e-10;2.41059e-07
4.63106e-06;0.966671;1.43081e-05;1.34777e-06;6.39258e-08;3.27534e-08;9.19377e-05;0.0167806;4.5236e-05;5.81999e-07;0.000228087;0.0159509;0.000210111;6.66288e-07
9.30382e-07;0.157686;8.52497e-06;0.0002632;0.000184794;0.000815359;4.09514e-06;0.28598;0.000100742;2.87877e-06;0.000524543;0.548546;0.00529867;0.000584375
1.31126e-05;0.978786;1.75091e-06;0.000129053;1.60376e-06;5.74725e-05;6.15139e-06;0.00980647;0.000259304;5.85717e-07;0.00432615;0.00120817;0.00535303;5.06746e-05
2.52136e-06;0.000213996;9.70875e-08;2.42546e-08;1.59715e-06;3.47152e-07;1.00637e-09;0.000334045;2.06656e-07;8.51373e-09;8.59151e-07;0.997201;0.00222853;1.69787e-05
0.00012494;0.000446735;4.50228e-06;2.70057e-06;0.00516032;0.000618324;5.77073e-06;0.968008;0.00916499;7.47481e-06;0.00158123;0.000293196;0.0132252;0.00135675
4.08118e-05;0.00442076;2.80378e-09;7.88704e-08;2.01994e-06;6.14936e-08;7.82938e-09;0.990592;0.000145594;4.39882e-09;1.48194e-05;6.78003e-07;0.00478311;2.89142e-08
1.30765e-05;0.998457;1.50433e-08;1.37527e-07;1.94794e-07;6.7904e-08;4.80341e-08;0.000873188;1.81795e-06;2.74107e-07;1.92546e-08;8.70686e-06;0.000641749;4.10039e-06
5.39829e-07;0.00100588;3.19368e-07;9.75247e-06;5.80552e-05;5.6929e-05;4.92399e-08;7.88367e-05;3.47469e-07;8.73618e-07;2.62508e-06;0.998331;0.00021131;0.000243475
2.04457e-06;0.997456;1.02083e-08;1.32078e-05;7.5483e-07;6.91095e-07;0.000115796;3.04079e-05;5.31331e-06;3.01484e-06;5.06946e-05;4.42653e-05;0.00227763;3.23863e-07
0.000302947;0.249443;2.45973e-05;0.00432604;0.000174874;0.000216857;0.00272695;0.0137424;0.00591457;0.000121463;0.0175334;0.691928;0.0135259;1.86578e-05
0.000674993;0.823784;6.82285e-07;0.000144279;6.21587e-05;0.000344657;2.7126e-05;0.0227629;0.000316766;1.17908e-05;0.000235269;0.0109174;0.140684;3.31434e-05
1.44345e-05;0.999328;3.64983e-08;2.04455e-07;3.87678e-08;5.34154e-08;0.000268001;3.52606e-06;1.51446e-07;2.99806e-05;1.15216e-07;1.22356e-07;0.000334581;2.10465e-05
1.09242e-09;8.86361e-10;0.999992;9.6373e-09;1.6903e-07;4.84907e-08;1.48436e-09;7.39317e-12;6.52043e-10;4.68506e-10;4.28742e-10;7.76048e-06;8.71756e-10;6.13844e-10
1.39877e-06;0.642244;1.93748e-07;1.58831e-07;3.60349e-07;2.94429e-07;1.08553e-07;0.265372;1.08486e-06;9.99005e-08;2.01563e-05;0.000790443;0.0915698;1.21693e-07
1.75773e-08;0.0199341;8.75533e-08;5.57215e-05;4.59193e-06;0.000291989;0.269295;6.52227e-09;8.51534e-07;0.689278;2.43731e-05;7.38756e-08;7.48071e-07;0.0211141
3.16956e-09;8.00025e-09;0.999941;1.37811e-07;5.14989e-10;1.37335e-08;5.78764e-05;1.09609e-11;7.23834e-08;1.10848e-07;1.32147e-06;3.67654e-08;7.26032e-10;1.60522e-11
4.1917e-05;3.92198e-05;1.61406e-08;3.1248e-08;1.24588e-07;7.63773e-09;3.86548e-07;0.999763;1.67267e-05;3.72589e-09;9.28441e-06;1.09035e-07;0.000129174;7.15236e-09
2.18173e-06;0.0106477;6.84667e-06;3.29718e-05;0.00283708;0.000954704;4.80796e-05;0.000227352;5.38182e-06;8.91665e-05;1.50698e-06;8.99122e-07;1.41119e-05;0.985132
1.74009e-09;9.40663e-09;1;2.36172e-09;4.31114e-09;3.3436e-11;2.49888e-08;2.45513e-11;2.31256e-09;1.15073e-10;1.23383e-09;2.37538e-08;5.16923e-12;2.34381e-09
0.000163745;0.893797;0.0811708;6.3916e-05;7.76367e-05;3.48747e-05;6.71203e-06;0.0176498;2.57861e-05;2.66917e-06;1.04146e-05;0.0067649;0.000185745;4.5793e-05
2.23673e-06;0.873446;0.00016942;8.24022e-06;0.00311371;0.00162191;5.0439e-10;0.000698058;1.53757e-08;4.62858e-08;4.72917e-07;0.0297667;0.0320365;0.0591365
8.52276e-08;0.939393;3.99011e-08;1.20537e-07;1.20921e-06;3.34464e-06;2.13187e-05;6.55185e-07;4.50722e-10;6.53755e-05;7.1103e-09;2.1255e-05;9.84364e-05;0.0603955
1.29368e-12;3.4015e-12;1;9.89736e-13;2.55894e-10;5.22735e-11;6.45722e-12;1.27133e-13;2.13591e-14;8.6069e-13;1.60487e-14;4.3365e-10;6.02419e-13;9.8274e-12
7.72663e-08;0.999963;2.35636e-09;1.12649e-08;1.04104e-09;3.03452e-09;2.50111e-05;8.88593e-08;2.45277e-09;2.98503e-07;1.22604e-08;2.84768e-08;6.57165e-06;4.62306e-06
3.10534e-09;7.44051e-08;1;2.47078e-08;5.15065e-09;1.88189e-08;1.06634e-07;2.90955e-11;1.03034e-09;2.06954e-09;1.02082e-09;1.34379e-07;7.02762e-10;8.93359e-09
4.87824e-08;0.00738072;1.14024e-10;2.43797e-09;5.26157e-08;3.29018e-11;1.45322e-09;0.992615;1.98958e-09;7.90083e-10;2.15796e-09;4.86153e-07;3.02161e-06;2.7202e-07
7.39972e-07;0.00134102;0.978695;6.28585e-05;7.33287e-05;5.14198e-06;6.24984e-07;1.79635e-07;3.22519e-08;4.0612e-06;1.04274e-06;0.00387126;0.015942;3.0585e-06
1.44525e-05;0.981849;4.84741e-06;9.83017e-06;3.6954e-06;2.35656e-05;0.00110292;0.0111371;9.57041e-05;1.06651e-06;0.000531274;0.000509176;0.00384985;0.000867997
5.83057e-06;0.956012;6.49922e-10;2.79365e-06;0.000273755;0.00627039;3.00437e-06;0.00417882;8.56754e-07;2.20838e-05;6.77939e-08;3.72635e-07;0.0156036;0.0176268
3.81539e-08;3.13597e-10;1;4.24398e-10;4.41199e-10;4.12152e-11;2.59522e-11;5.14854e-10;1.60049e-09;2.58241e-11;3.92198e-11;1.62752e-08;1.49534e-12;8.18057e-10
5.50582e-05;0.000348463;9.68384e-07;0.000150513;7.05902e-07;1.19566e-06;1.40071e-06;0.000189309;0.990946;2.11607e-07;0.00722387;0.00107563;3.89558e-06;2.74151e-06
8.53381e-05;0.0229845;3.38516e-06;3.47827e-07;8.87208e-07;8.83111e-07;7.99674e-08;2.59654e-05;1.34728e-05;1.70627e-07;6.41743e-06;8.61077e-05;0.97679;2.89157e-06
1.85869e-08;0.000679195;2.08925e-10;2.01576e-10;0.000245962;2.94885e-08;1.19882e-10;0.999054;4.46462e-08;1.85008e-08;1.0857e-09;1.31624e-06;1.93104e-05;6.20273e-08
8.68765e-07;0.000164401;0.986145;4.78255e-05;0.0114062;0.000627331;4.11331e-08;6.86831e-06;1.73366e-07;0.000224478;4.83189e-08;0.00110487;3.83193e-05;0.000233566
0.00143058;0.129817;8.68481e-05;0.000144657;9.07505e-05;1.91899e-05;0.00190663;0.0184532;0.753621;2.77778e-05;0.0818432;3.40035e-06;0.0124431;0.000113093
