5.86468e-06;0.996577;4.42993e-08;4.31695e-07;2.49753e-06;2.09625e-07;1.44338e-07;0.000103841;2.04604e-06;1.21319e-07;9.43281e-07;9.75238e-06;0.00327734;2.01822e-05
0.000122553;0.987967;1.53826e-07;9.43402e-05;0.000583947;9.27193e-05;3.4444e-05;0.00015166;0.000245164;2.22228e-05;0.000135439;0.00327932;0.0071495;0.000121785
2.66215e-05;0.968055;0.000670155;1.66862e-05;4.96048e-07;9.55051e-08;1.17584e-06;3.2399e-05;1.31958e-07;9.0933e-07;4.76561e-07;0.0311367;1.53982e-05;4.37921e-05
3.09565e-06;0.0101547;5.57839e-10;6.6266e-07;0.000104845;3.8974e-06;2.1867e-05;4.89513e-05;1.45095e-07;3.49386e-05;3.50073e-07;1.9661e-09;2.97637e-08;0.989627
1.14432e-08;1.61283e-07;0.999992;7.61977e-10;1.55289e-09;1.54942e-07;2.25853e-10;4.95574e-10;1.17348e-09;1.02507e-10;6.82994e-09;7.37936e-06;4.14361e-07;2.52235e-08
1.19603e-05;0.988424;2.32931e-08;3.03718e-10;6.47724e-09;1.16265e-09;1.06592e-08;0.0113971;7.99435e-08;1.08809e-10;7.43958e-08;2.50351e-05;0.000141345;1.8311e-09
4.94881e-08;0.00148507;4.70688e-07;5.88063e-07;6.81149e-05;9.84599e-05;1.98339e-09;0.000169382;1.80389e-07;1.12496e-07;2.03545e-08;0.995805;0.000342019;0.00203055
5.94051e-07;2.98662e-05;2.4356e-11;4.04643e-09;4.28814e-08;1.55217e-08;1.73187e-09;0.000192228;5.51769e-07;2.15994e-10;1.4771e-06;1.63357e-07;0.999775;7.95326e-10
5.87398e-05;0.00396975;3.8404e-06;3.04593e-06;1.14543e-05;1.12705e-06;1.26475e-06;0.00060888;0.000469148;2.18329e-06;3.3467e-05;0.992836;0.00144098;0.000560159
2.27331e-06;0.998268;9.19879e-05;1.49644e-06;2.04548e-05;8.37767e-08;1.70659e-09;0.00102155;1.79944e-08;3.42035e-08;1.48057e-07;0.000414415;0.000177304;1.78283e-06
6.16745e-06;0.982528;5.09689e-08;1.36792e-06;4.37516e-06;6.5397e-06;0.00028523;0.0113822;1.52709e-07;0.000570328;8.4987e-08;1.56829e-08;0.00518167;3.3574e-05
1.37197e-11;8.20528e-13;1;2.87395e-09;1.12479e-08;1.31282e-09;2.65808e-11;1.96692e-12;2.29449e-12;2.51227e-10;3.78697e-11;1.0027e-08;9.12872e-16;4.94088e-08
1.45876e-05;0.960582;4.59346e-08;6.79988e-05;2.15397e-05;2.90053e-06;9.16717e-06;0.0206085;0.000181608;1.30138e-07;0.000520102;0.000126226;0.017864;7.29687e-07
6.60242e-07;0.992938;5.25975e-05;1.83576e-06;3.30831e-08;2.10878e-09;0.0055839;7.76293e-09;1.70574e-08;0.00067202;7.12415e-07;1.81209e-07;2.24981e-07;0.000750059
2.41715e-10;2.26227e-10;0.999997;9.11472e-10;4.334e-08;3.24987e-09;4.66606e-09;8.43933e-11;5.61369e-10;3.36657e-10;1.102e-09;2.56411e-06;5.3425e-11;8.56647e-09
1.09914e-06;0.983145;2.41494e-07;8.21747e-06;6.07131e-07;3.86222e-05;7.08623e-05;0.000839072;0.000758036;1.71077e-06;0.00141488;4.94572e-05;0.0136433;2.87419e-05
1.79575e-08;0.000647372;0.000318902;1.96613e-06;1.10391e-06;2.75293e-05;1.34976e-10;5.48924e-08;3.12324e-09;2.79509e-08;1.0337e-07;0.998877;8.52769e-05;4.07382e-05
4.37788e-05;0.00677419;3.33538e-07;1.42643e-06;1.28999e-05;6.93688e-05;1.25847e-05;0.937482;0.00217358;1.47641e-07;0.000170739;2.40875e-06;0.0532524;3.85494e-06
4.49298e-05;0.867715;5.158e-06;5.66013e-05;4.24442e-05;0.00073428;1.51694e-08;0.00305585;0.000249994;7.26664e-06;0.000115248;0.0149955;0.112753;0.000224528
4.20804e-06;0.97636;1.7608e-08;1.0498e-07;5.19228e-08;1.64946e-07;1.86611e-07;0.000116917;4.35497e-07;3.78169e-06;4.82324e-07;3.22788e-05;0.0234812;5.19461e-07
0.000131497;0.0323086;5.91869e-09;7.35225e-05;0.000274936;0.00108928;1.13618e-05;0.00113025;0.00230285;1.46949e-05;0.000289749;0.947519;0.0142465;0.000608083
0.000114348;0.963831;9.1351e-08;7.19148e-07;6.32152e-08;1.03614e-07;4.0686e-05;1.12262e-05;2.41411e-05;1.38567e-07;7.83863e-07;0.000522361;0.035454;2.21665e-08
4.58299e-06;0.0375818;3.23558e-07;1.42165e-05;0.000961478;0.000177501;5.36568e-08;0.0034869;1.25533e-05;6.18017e-07;5.36144e-07;0.954854;0.000256021;0.00264992
6.70748e-06;0.951304;3.7751e-10;4.81145e-06;4.21684e-05;8.65743e-07;5.09668e-08;0.0448011;1.8824e-06;5.68068e-07;3.27386e-07;0.00179326;0.0011639;0.000880233
1.18736e-05;0.348733;0.000375697;4.72802e-07;1.06893e-07;2.44776e-10;3.99206e-06;1.76082e-05;4.57454e-08;4.59887e-08;5.30608e-07;0.647316;0.00352877;1.18891e-05
5.24074e-06;0.0626482;3.79156e-10;1.23589e-06;0.000146163;5.33096e-05;1.10804e-07;0.0563314;1.87291e-06;1.13584e-07;6.65747e-06;0.050708;0.829989;0.000108491
3.1836e-06;0.0544537;1.32288e-09;1.3404e-05;1.31272e-05;4.87699e-05;1.48384e-06;0.000327276;2.16296e-07;2.92603e-07;8.69e-05;0.00129537;0.94366;9.65464e-05
0.000131954;0.0570447;1.60208e-05;1.13191e-05;9.40396e-06;5.90064e-05;3.31532e-07;0.000636313;1.53428e-07;7.2745e-07;3.22362e-06;0.379676;0.562377;3.43771e-05
3.05017e-05;0.735905;0.000310886;0.000144089;0.000420733;0.000175183;4.02336e-05;0.0625796;0.000245174;5.2618e-06;0.00117392;0.0269605;0.171326;0.000682302
1.00732e-07;0.738051;7.70632e-09;3.37357e-06;1.32767e-05;0.000356649;3.46475e-05;0.0159688;1.98378e-07;0.000178834;2.34942e-07;1.03258e-07;0.242501;0.00289154
6.78257e-12;3.93035e-13;1;4.64512e-10;2.58758e-10;1.42253e-11;3.81069e-10;6.96892e-13;3.99815e-12;1.74614e-10;1.59608e-10;1.65101e-09;2.25849e-13;2.05167e-12
5.00478e-06;0.931941;9.35212e-08;1.44759e-05;2.75683e-06;3.29085e-06;0.0001827;5.72484e-06;5.69287e-06;1.53105e-05;0.000205574;5.81778e-06;0.00420053;0.0634121
8.69316e-05;0.29451;7.39433e-05;4.00161e-05;8.37059e-05;1.74712e-05;0.0487547;0.0441017;0.000483926;5.36113e-06;0.55372;4.60617e-05;0.0580752;1.59313e-06
1.57025e-07;0.996569;2.31592e-10;9.29237e-06;2.40587e-05;2.90368e-05;9.12284e-08;0.000427565;1.30855e-07;3.10111e-06;1.09478e-06;2.65862e-06;0.00231674;0.000617644
9.12415e-08;2.27819e-05;1.60275e-07;1.59182e-05;0.997918;0.00135628;1.38702e-07;0.000341235;8.80566e-08;3.70963e-05;1.35991e-07;1.49557e-06;9.71694e-05;0.000209478
0.00361046;0.0033272;0.975286;0.00437863;0.000266445;0.000436026;0.000612757;0.000150431;0.000171317;0.00159245;0.00769199;0.000170202;0.00125805;0.00104797
0.00247189;0.881407;0.0714016;0.000170381;0.000401519;1.0408e-06;1.00753e-05;0.000138091;6.94009e-06;1.75153e-05;9.233e-05;0.0426197;1.16687e-06;0.00126111
5.33325e-05;0.373249;4.1905e-07;2.27145e-05;2.3409e-05;9.29494e-05;1.50414e-05;0.0108218;0.000232862;4.33265e-07;0.00111319;0.0308984;0.583463;1.40503e-05
2.12515e-05;0.914126;2.03169e-05;5.89947e-07;0.000917414;3.76762e-07;6.73278e-07;0.0236774;2.62837e-06;3.44372e-06;2.62349e-06;0.0588198;0.000258317;0.00214947
4.44029e-05;0.0494716;0.0039469;3.3717e-05;0.00259042;2.30816e-05;2.99093e-05;0.0930174;0.000386107;2.38465e-06;0.000196598;0.848555;0.00169432;8.49855e-06
0.0002172;0.24249;1.27866e-06;6.0913e-06;2.14819e-06;1.72376e-06;4.98016e-06;0.00953711;0.000566881;1.23514e-07;0.001565;0.0230063;0.722591;9.58982e-06
8.79063e-06;0.869343;2.49818e-09;8.64958e-07;1.67557e-07;8.36904e-06;2.92826e-08;0.00486404;6.82879e-07;1.82518e-07;7.43475e-07;3.28177e-05;0.125528;0.000211673
6.63854e-08;8.54818e-05;3.61495e-10;5.22622e-07;3.83133e-07;2.16401e-06;6.35558e-08;1.13357e-05;1.12894e-07;1.32756e-07;6.93892e-06;1.02435e-07;0.999892;7.19945e-07
6.32548e-05;0.00065515;6.88863e-08;1.14105e-05;8.94944e-06;3.93677e-06;1.05568e-07;3.77887e-05;7.52813e-06;1.02116e-06;1.02615e-05;0.998634;0.000549764;1.66918e-05
9.56244e-06;0.998957;0.000721537;5.05819e-06;6.48342e-07;1.18546e-08;5.04283e-07;1.3708e-05;9.37922e-09;3.07862e-07;8.7815e-08;0.000241383;3.92753e-05;1.05725e-05
3.88929e-05;0.963945;1.472e-08;7.14456e-06;2.4303e-05;2.28159e-05;2.65275e-07;0.0293323;2.7475e-06;3.14744e-06;5.57762e-07;0.00587736;0.000151793;0.000593538
6.30138e-05;0.00345309;9.30959e-09;1.15349e-06;2.83431e-05;7.56971e-06;5.4047e-05;0.903164;5.04905e-06;1.23365e-05;7.70884e-06;2.75759e-06;0.0930293;0.000171512
1.29756e-05;4.46126e-05;1.7741e-07;2.12006e-05;0.00094379;9.871e-05;4.84333e-08;3.33888e-06;4.00655e-05;1.73434e-07;2.773e-06;0.0057027;8.04909e-06;0.993121
2.73892e-05;0.995089;3.58689e-09;2.37691e-07;1.83282e-07;2.15318e-08;5.91146e-05;0.0045885;9.46918e-06;1.42149e-06;1.17868e-06;1.40431e-09;0.000185738;3.80838e-05
1.42364e-11;4.41074e-10;0.999999;4.52234e-12;9.24286e-11;2.48532e-11;7.88953e-13;8.68384e-15;1.82068e-12;2.75185e-12;2.56029e-13;7.89728e-07;1.7363e-13;1.23301e-10
3.18113e-06;0.683461;9.04586e-09;1.64602e-06;2.59096e-05;2.6123e-06;4.49306e-06;0.00030174;7.27086e-05;6.0274e-08;5.6269e-05;0.000403953;0.315345;0.000321613
2.52539e-07;0.00209333;2.19031e-05;1.13813e-06;9.93527e-06;1.78315e-07;5.60643e-08;0.99244;3.02474e-06;6.584e-08;9.0782e-06;0.00345795;0.00196245;2.40579e-07
1.89181e-07;0.00934772;6.51312e-09;0.000163988;0.000609685;0.752529;7.48995e-07;8.95976e-05;1.12937e-05;6.61477e-06;2.26292e-05;9.36212e-08;0.219399;0.0178194
3.0026e-05;0.000156059;0.967928;1.79656e-05;4.22052e-05;4.23553e-06;2.13065e-07;1.14182e-05;3.72342e-07;4.52403e-07;1.56143e-07;0.0308875;0.000901171;2.04749e-05
1.35516e-07;0.985132;6.87919e-09;2.62722e-08;3.36585e-07;1.20563e-06;3.93599e-07;0.0148164;2.50829e-07;9.28447e-09;1.02157e-08;1.34667e-12;1.08734e-05;3.80273e-05
1.6121e-10;7.15926e-09;1;2.35712e-10;1.96072e-09;1.43527e-10;5.94851e-11;1.13503e-10;3.48005e-11;2.46869e-11;4.64414e-12;7.58259e-09;7.70328e-11;5.16747e-10
1.1722e-08;3.48019e-06;0.994037;9.1306e-08;6.14117e-09;3.59661e-08;1.9234e-10;1.58354e-06;1.56464e-09;2.57087e-09;1.04316e-09;0.00595768;1.29392e-07;6.05666e-08
1.97744e-07;0.00904889;4.96189e-09;3.79588e-07;0.000611698;0.0035527;5.54006e-06;1.92723e-05;1.79856e-07;2.23694e-06;6.80316e-08;1.30404e-10;6.34053e-05;0.986695
2.79252e-12;1.40327e-11;1;1.46453e-11;8.80527e-11;2.26186e-11;3.61047e-12;1.67967e-15;7.72287e-13;7.29256e-13;8.3595e-13;4.42793e-07;2.80339e-12;1.46481e-11
2.87563e-06;0.175689;7.88313e-05;1.42008e-07;9.77111e-05;2.07555e-07;5.73365e-09;0.823369;3.7014e-07;6.50843e-09;6.78595e-08;0.000184579;0.000411464;0.000165346
2.48771e-08;0.00357086;1.29328e-08;2.29244e-08;1.37549e-05;1.51665e-08;5.65099e-10;0.996391;7.8734e-09;8.44374e-08;3.31155e-09;5.34416e-06;1.83167e-05;1.22465e-08
3.37219e-08;3.62103e-06;0.998766;1.12979e-05;4.44846e-07;6.65142e-06;7.85723e-09;1.41946e-07;7.30627e-10;2.15331e-06;2.76189e-08;0.00120592;2.17598e-07;3.71205e-06
1.26427e-05;0.971274;2.3514e-06;0.000138046;1.87746e-06;4.49014e-05;7.56952e-05;0.0257019;0.000399201;5.76489e-07;0.000587877;4.29882e-05;0.0015343;0.000183935
