9.50697e-06;0.93935;0.0586162;3.4569e-06;1.07212e-05;9.26248e-07;6.72051e-08;9.6156e-05;2.81623e-08;1.23972e-07;3.08944e-08;0.000823672;0.00107142;1.79025e-05
0.000698101;0.879196;1.53141e-07;0.000319916;0.00140489;0.000263679;1.47414e-05;0.0712549;0.000871896;1.35739e-05;0.000891234;0.0162461;0.0244947;0.00433015
6.28284e-05;0.937311;5.33821e-06;3.01941e-05;1.95606e-05;0.000122406;1.00433e-06;0.00312948;2.69526e-06;2.648e-06;3.97052e-05;0.0559312;0.00159725;0.00174445
0.00079124;0.0741705;1.21832e-06;8.90423e-05;0.003531;0.00112208;3.06811e-05;0.872591;0.000164128;1.33728e-05;0.00034412;4.47853e-05;0.00951959;0.0375875
0.00071834;0.0168189;3.35732e-07;2.9258e-05;0.000723517;0.00230652;1.37662e-09;0.528279;3.08818e-05;2.57763e-08;3.87125e-06;0.317714;0.123796;0.00957859
6.45214e-06;0.658233;2.52439e-07;2.96758e-08;2.842e-07;5.69139e-09;7.55425e-10;0.028365;3.54447e-07;3.90481e-10;2.64247e-06;0.290177;0.0232155;7.83457e-08
2.92995e-11;0.00837087;1.00974e-13;4.91787e-10;2.52861e-07;2.09146e-09;4.23904e-10;4.8052e-10;4.17356e-12;7.78052e-08;1.98121e-11;7.98455e-11;1.09769e-09;0.991629
6.75118e-06;0.0132467;1.04403e-05;2.45635e-06;2.36319e-07;3.09656e-08;0.88767;8.88567e-06;0.00335163;1.50867e-06;0.0893003;0.000113026;0.006288;2.42307e-09
8.5117e-05;0.444465;1.01966e-07;0.000197602;0.000806892;8.84971e-05;1.15447e-05;0.0856817;0.000893919;7.40738e-06;0.00143785;0.00324381;0.462919;0.00016157
0.00016731;0.0284438;0.0002099;3.56492e-06;0.0172951;8.62261e-05;8.30535e-10;0.747381;8.22136e-09;1.1152e-06;1.33429e-08;0.138646;0.00487175;0.0628947
4.723e-05;0.0425449;0.00219295;0.000105487;0.0063893;0.0131008;2.43208e-06;0.017246;2.2399e-05;2.95984e-06;8.71639e-05;0.820196;0.0342146;0.0638477
2.1479e-06;0.997474;7.04583e-09;1.26108e-07;3.11701e-06;1.25933e-07;4.92896e-05;6.23895e-06;9.02101e-08;1.26843e-05;5.15578e-07;4.14911e-06;0.000777791;0.00166977
2.06155e-08;2.14588e-08;0.999998;2.78171e-08;3.53819e-07;1.77678e-08;1.05056e-06;9.87379e-12;1.03581e-07;6.93092e-08;1.08915e-08;1.48298e-07;9.93625e-11;1.8897e-07
3.72049e-05;0.993032;1.34354e-05;4.42055e-06;1.53236e-07;1.37351e-08;3.08619e-06;0.00284549;0.00102234;2.12115e-07;0.000168561;0.00195252;0.000920486;2.38897e-08
2.56231e-06;0.806872;8.15384e-09;2.61842e-05;9.15494e-05;3.18258e-07;7.70225e-07;0.191181;7.54928e-05;1.17545e-05;4.12528e-06;0.00156275;0.000142069;2.85803e-05
0.000340349;0.0327161;0.0991723;0.098036;0.00408148;0.0221515;0.000225965;3.15213e-05;0.000140596;0.0306425;0.0133464;0.0857529;0.00143387;0.611928
0.000149955;0.998787;8.28324e-09;1.13599e-08;2.56312e-10;4.61738e-08;1.137e-05;3.72469e-06;8.32659e-08;8.18039e-09;3.08408e-06;0.000824457;0.000220336;3.84133e-08
1.12762e-06;0.000227406;3.09619e-08;1.53489e-06;0.000286489;0.00342803;1.91943e-09;0.0029398;8.75892e-05;1.20327e-09;4.0097e-05;0.992604;0.000212722;0.000171017
0.00013585;0.876595;4.36046e-06;6.47847e-07;2.2915e-06;2.14949e-06;1.28886e-07;0.0560325;2.44062e-05;6.57798e-08;1.99225e-05;0.00187541;0.0653073;2.40703e-09
3.54057e-07;0.981816;3.47343e-08;6.24045e-08;4.2961e-05;1.26662e-06;2.1599e-08;0.015635;1.70022e-06;1.99637e-06;4.23449e-08;0.00106288;0.00141035;2.73626e-05
7.49341e-05;0.855193;8.2224e-06;0.00018154;0.0199069;0.00259084;6.8224e-05;0.00134394;0.00551536;2.33679e-05;0.000939509;0.090474;0.0158099;0.00787005
0.000591278;0.0174394;2.21577e-07;7.99278e-06;5.21955e-05;1.72871e-06;1.26421e-05;0.00848451;0.000146167;1.32482e-06;0.000410332;0.164376;0.808449;2.71493e-05
9.41129e-05;0.829143;4.03382e-07;3.36321e-06;0.00017684;5.12317e-06;2.27434e-05;0.0466543;0.000128293;2.13639e-06;2.51495e-05;0.121837;0.00164765;0.000259856
1.40917e-08;0.000349482;7.28464e-11;5.98546e-09;0.00186431;3.54486e-09;2.14519e-10;0.997777;1.0677e-08;4.54942e-10;3.73422e-10;1.28612e-07;9.20227e-06;7.23455e-08
1.93486e-07;8.1913e-05;0.999562;1.55755e-06;3.60676e-05;7.65834e-07;5.21525e-09;9.3003e-08;2.26325e-09;2.45969e-07;2.12834e-09;0.000187703;8.03623e-08;0.000129183
3.00429e-05;5.73122e-08;9.75114e-09;2.72129e-10;6.25271e-08;1.98236e-10;3.66203e-08;0.999939;2.06836e-05;1.01847e-10;5.16278e-08;1.67447e-09;1.01083e-05;1.06993e-11
5.76262e-07;4.96399e-05;0.000339495;8.91743e-08;2.99018e-06;6.29916e-09;4.11884e-10;8.13684e-07;1.6328e-07;1.31355e-09;2.03713e-08;0.999602;2.70804e-06;1.39232e-06
0.000100969;0.996564;3.28217e-10;1.16268e-05;3.86655e-07;3.71884e-08;0.000874302;0.000801651;0.00151746;2.30793e-05;1.28387e-05;4.2085e-09;2.17537e-05;7.20578e-05
2.5689e-11;1.52913e-12;1;7.33115e-13;4.5751e-11;7.70483e-16;4.80625e-12;4.48458e-14;6.05129e-13;5.21177e-13;7.60029e-15;3.40151e-10;1.32217e-16;1.38306e-12
1.57698e-08;1.04812e-08;1.79002e-12;1.45657e-11;1.06265e-08;5.93068e-13;3.49813e-09;0.999999;6.92629e-07;7.47518e-11;1.53559e-09;2.34399e-11;4.45001e-08;2.13067e-11
2.17039e-08;2.08794e-07;0.999992;1.97515e-06;4.88749e-07;2.17364e-08;1.50822e-09;5.29834e-10;2.13593e-07;1.18899e-07;2.89459e-07;4.32102e-06;2.46944e-08;1.29111e-08
8.9876e-05;0.995718;6.27641e-07;1.17943e-06;1.05331e-07;2.03348e-07;1.65548e-06;0.00151668;0.000190595;1.05244e-07;4.05895e-05;7.66069e-05;0.00236413;4.21774e-08
