2.99756e-06;0.999799;3.84269e-05;9.53569e-07;4.33832e-07;9.3057e-09;2.57786e-07;0.000113046;5.00809e-08;3.98583e-07;3.41876e-08;3.09546e-06;3.77568e-05;3.38941e-06
1.52682e-08;1.87016e-07;0.999998;3.71179e-09;4.9844e-10;6.97415e-10;7.6352e-07;1.97743e-11;3.90155e-09;3.35358e-09;3.06949e-09;1.08739e-06;2.38305e-10;8.72563e-11
1.1779e-05;0.000283296;4.74397e-06;9.74754e-07;0.000160988;1.61413e-06;8.02696e-07;0.00374169;1.99862e-05;2.38149e-07;5.26798e-06;0.984277;0.00282318;0.00866805
1.06193e-06;0.0040428;1.83919e-07;5.37861e-07;0.00100314;5.10527e-06;8.88152e-07;0.0125795;1.04533e-07;6.36708e-07;1.26456e-06;6.46159e-07;0.98224;0.000124191
2.49372e-06;0.00166131;1.56928e-06;7.77463e-06;1.10991e-05;0.00048839;2.47806e-06;1.8092e-05;3.65495e-06;1.241e-05;4.91639e-06;0.00622936;0.991327;0.000229083
1.55441e-07;6.88952e-05;0.999843;1.40021e-07;1.84407e-08;3.92676e-08;5.44264e-06;3.59469e-09;2.53507e-09;6.58328e-06;2.94616e-09;6.28187e-05;6.63685e-08;1.26924e-05
4.78291e-09;4.06095e-09;0.999999;1.78614e-09;1.13079e-09;3.91247e-10;3.67811e-07;4.31389e-11;4.23534e-08;8.83943e-10;1.51733e-08;4.61139e-07;2.82891e-09;1.07613e-10
2.42771e-07;3.72629e-06;1.01822e-08;3.81619e-09;1.15255e-07;1.9427e-08;3.51648e-09;0.999985;5.63834e-06;3.58197e-09;3.2812e-07;2.20198e-08;4.7878e-06;3.02922e-08
1.26524e-06;0.00621034;1.23722e-08;1.09658e-06;3.57403e-05;5.85108e-08;8.82763e-07;0.000677422;5.61431e-05;2.57207e-07;1.10184e-06;0.992437;0.000180075;0.000398178
2.48343e-06;0.996581;1.89164e-09;6.39893e-07;3.00432e-07;1.82756e-09;2.18862e-06;0.00210743;1.59937e-05;2.47059e-08;9.0616e-06;0.000225106;0.00105487;7.08954e-07
6.34942e-06;0.989145;6.76515e-05;0.000179143;3.40532e-05;1.34492e-06;1.90091e-06;9.2096e-05;2.38606e-06;1.82381e-06;4.19905e-05;0.0101059;0.000215554;0.000104704
7.06559e-07;0.997262;6.82996e-09;8.72843e-07;2.76813e-08;1.67712e-07;9.27146e-08;0.000371955;7.21187e-09;1.95788e-07;1.22637e-07;0.00203513;0.000264925;6.35379e-05
5.28327e-07;0.000338294;1.52624e-12;1.07881e-06;2.26251e-07;2.97055e-06;9.00215e-06;3.5231e-05;2.2595e-06;8.47019e-08;0.0008652;3.40688e-08;0.998745;4.26027e-08
2.04417e-05;0.000339433;8.54432e-07;2.85678e-06;1.26183e-05;5.0416e-06;1.84465e-08;1.52933e-05;3.16515e-07;5.47898e-07;7.86428e-06;0.992743;0.00684983;2.09867e-06
1.25282e-05;0.069111;1.69238e-06;3.02713e-06;6.64867e-06;7.47018e-06;3.71498e-07;0.0063388;2.10187e-06;1.38892e-06;0.000102042;0.0123444;0.912068;7.94035e-07
7.65363e-06;0.765343;1.46751e-07;0.00141367;0.000272574;0.000989336;2.34008e-08;0.00334131;4.47984e-06;0.000189104;4.97787e-05;0.0548456;0.0869632;0.0865797
2.22817e-05;0.984933;3.471e-10;1.64154e-07;2.90082e-09;7.47683e-09;0.00896658;6.39257e-07;8.92691e-08;0.00023714;0.000154602;3.44593e-08;1.63422e-05;0.00566909
9.40052e-13;7.36144e-13;1;1.5259e-13;1.42578e-12;8.39237e-14;1.5553e-10;9.22229e-15;1.48528e-14;9.87743e-12;1.73557e-12;2.29309e-07;4.59377e-15;6.75643e-14
4.22362e-05;0.456657;2.04206e-05;0.000203536;1.79478e-06;4.28071e-05;0.0346686;0.00288678;0.0103586;7.07381e-06;0.0252076;1.56405e-05;0.469886;2.1877e-06
3.79533e-06;0.00497206;1.06302e-07;4.25407e-08;1.02705e-05;1.54805e-07;1.36921e-08;0.99479;1.63828e-08;2.73349e-07;1.26174e-08;1.22664e-06;0.000204868;1.7174e-05
1.22746e-08;0.000200905;1.59799e-06;1.41385e-06;2.16481e-05;4.86708e-06;1.4527e-09;9.20112e-07;4.22864e-08;1.24537e-08;6.93521e-07;0.997706;8.1612e-06;0.00205384
1.29077e-06;0.976943;1.14354e-08;7.47031e-07;0.00121202;6.0238e-05;5.58511e-08;0.0147489;1.16696e-06;6.05453e-07;1.289e-06;1.8135e-05;0.00699763;1.46355e-05
0.00073529;0.0636581;0.000397857;1.8049e-06;0.000545495;3.98113e-07;1.83445e-06;0.00483499;7.40445e-05;3.03171e-06;1.76035e-05;0.923968;0.00576086;7.24975e-07
0.000669755;0.00471892;1.66144e-06;9.11229e-07;0.000967639;1.36623e-05;1.44778e-06;0.969741;0.0111216;3.73129e-07;2.67529e-05;2.54356e-05;0.0127068;4.00764e-06
2.62233e-05;0.999582;9.17623e-10;3.99253e-10;5.17371e-09;6.33275e-10;4.14049e-05;0.000171953;2.42443e-06;8.57243e-07;3.80871e-08;1.59619e-09;0.00017467;3.91569e-07
1.46078e-13;7.33659e-13;1;1.77401e-12;4.66275e-11;1.78656e-11;2.84917e-14;8.09925e-15;2.34845e-14;7.78217e-12;2.16344e-15;1.28866e-08;2.62758e-12;9.41247e-12
0.000128778;0.0170908;1.27851e-08;0.000223498;0.000762528;0.0151339;0.00234987;0.00535503;0.616906;4.12022e-05;0.035501;8.75034e-06;0.306069;0.000430013
0.000146765;0.118745;0.87746;0.000414481;0.000231644;7.83196e-06;4.75042e-06;0.000177317;0.000134235;2.40544e-05;9.39834e-06;0.00164059;0.000872744;0.000132026
0.000118941;0.488482;9.23602e-09;0.000147094;0.00358313;7.66305e-05;0.00128576;0.0197271;0.275098;2.2535e-05;0.0213378;1.78507e-05;0.189926;0.000178444
5.54497e-05;0.867351;0.00140209;0.000244088;0.0105349;3.12932e-06;5.00712e-08;0.000432912;1.20396e-06;7.26018e-06;1.76694e-06;0.113543;8.87746e-07;0.00642212
2.52275e-05;0.991302;3.33167e-09;5.7793e-08;1.26345e-08;9.41573e-07;5.85732e-06;2.11522e-05;2.16772e-08;9.36304e-08;2.74766e-07;3.95875e-05;0.00860464;5.6357e-07
2.01374e-05;0.000187349;4.83773e-08;4.09342e-05;0.000772395;0.000123951;1.23642e-06;0.00202453;2.89191e-05;1.96897e-06;6.31677e-05;0.0608265;0.935743;0.000166319
5.51563e-05;0.00177794;6.62166e-07;1.10303e-05;2.35543e-06;9.86866e-08;5.4518e-08;8.17698e-06;1.20344e-05;1.27357e-07;6.99976e-05;0.99796;8.27152e-05;1.94655e-05
3.72754e-06;0.00322516;4.4106e-09;1.19303e-07;0.00157459;7.2422e-08;3.33754e-09;0.995083;3.32146e-07;1.81686e-08;2.50391e-07;6.07972e-07;0.000111274;9.25678e-07
2.42587e-07;6.32928e-05;0.999899;1.18845e-06;4.95721e-06;3.84609e-06;4.23349e-07;1.69115e-07;3.2708e-09;1.51131e-05;3.56318e-08;1.18153e-08;3.74715e-06;7.56856e-06
4.79971e-09;2.39648e-10;1;7.22191e-10;2.19791e-09;8.12134e-10;2.5938e-08;1.66226e-09;2.87063e-09;3.0962e-10;2.87742e-08;6.08987e-08;1.92849e-11;8.33078e-10
3.45793e-06;0.000746867;0.000267825;1.36163e-06;7.74408e-07;8.14537e-05;6.68178e-08;2.6775e-05;6.34624e-05;8.48651e-08;9.56023e-05;0.9974;0.000243034;0.00106963
1.24113e-05;0.994137;8.88998e-09;1.45913e-08;2.46493e-07;5.98903e-05;1.35474e-06;1.94615e-05;6.05644e-07;1.87766e-07;1.77193e-07;4.87151e-06;0.00574086;2.30244e-05
1.94522e-07;0.000569045;4.6743e-07;2.12048e-08;4.01602e-05;6.56122e-06;2.02254e-09;5.79278e-06;2.18196e-07;2.94786e-08;1.63139e-08;0.998624;5.76539e-05;0.000695748
5.26462e-09;1.59557e-05;7.56586e-11;1.79056e-11;1.32282e-08;1.00111e-09;8.12577e-11;0.99998;3.34469e-06;1.45215e-12;4.60377e-10;5.82348e-10;2.84073e-07;1.57657e-11
5.64866e-08;0.973745;1.24014e-08;3.26869e-09;1.22033e-08;4.94755e-08;1.6855e-11;0.000461312;4.60179e-10;1.59921e-09;6.55809e-11;4.31402e-06;0.0257808;8.80363e-06
1.41275e-06;0.0221235;2.58351e-10;4.41487e-06;3.37754e-05;6.53213e-06;5.56256e-08;8.5201e-05;1.07339e-07;4.97833e-07;5.58179e-08;0.018354;0.00400497;0.955385
2.97883e-05;0.428922;9.30807e-08;4.05999e-06;0.00153061;8.4192e-06;3.24451e-06;0.430675;1.40269e-06;5.13419e-06;5.43111e-06;0.00155869;0.12144;0.0158164
4.38284e-07;0.000551072;7.69384e-12;8.31461e-06;4.71904e-05;0.00954174;4.48938e-06;1.46032e-06;9.23016e-05;3.23662e-07;5.11076e-06;3.42996e-08;0.989377;0.000370729
2.91405e-06;3.13521e-05;0.99172;2.95871e-07;1.05487e-08;4.14631e-08;3.52434e-08;9.99483e-08;8.01068e-08;6.29072e-08;2.88996e-08;0.00823992;5.61343e-06;3.96758e-08
6.4241e-06;0.970871;5.54864e-07;3.35946e-05;3.51547e-06;1.88831e-05;2.48527e-05;0.0106072;0.00230698;2.42533e-07;0.014938;3.77191e-05;0.000667889;0.000483226
3.56462e-05;0.179155;1.09261e-07;4.30461e-08;9.64771e-06;1.58552e-06;7.28563e-09;0.787557;2.687e-06;1.217e-08;9.15607e-07;3.04881e-05;0.0330356;0.000171117
7.59857e-09;0.000914595;5.46768e-05;4.69821e-08;5.42923e-06;5.47657e-07;1.73636e-10;2.8955e-06;8.59505e-10;4.78431e-09;3.61184e-08;0.998458;0.00012217;0.000441773
1.42406e-06;0.450579;1.57271e-06;5.57219e-07;0.00928689;5.44564e-05;3.30496e-08;0.519715;9.17208e-08;7.22803e-07;6.45372e-07;1.10773e-05;0.018479;0.00186962
2.67729e-05;0.00420142;8.81909e-10;1.29838e-06;0.00929948;4.62598e-06;2.65902e-07;0.0199018;3.19335e-05;1.7345e-07;8.17062e-05;0.00152185;0.964917;1.14378e-05
0.074856;0.778905;0.0383738;0.00256494;0.0220067;1.46561e-05;0.000365703;0.0568697;0.010874;0.000509102;9.81232e-05;0.000195114;0.000826379;0.0135404
0.00284476;0.643105;2.57444e-08;3.29107e-06;3.07202e-06;2.51834e-05;8.89223e-07;0.283689;0.000231904;5.57337e-06;1.46706e-05;0.00278719;0.0672669;2.23378e-05
5.41477e-05;0.80563;2.66189e-07;8.76441e-06;5.82903e-06;8.03411e-07;0.0300347;6.60042e-05;1.73883e-05;0.00572767;0.000165676;8.798e-06;3.96502e-05;0.158241
1.52812e-08;2.76447e-08;0.999955;1.05937e-07;5.75757e-08;1.23523e-08;4.3292e-05;5.39859e-12;1.6507e-07;1.13743e-07;3.08824e-07;1.09638e-07;1.40989e-11;2.7676e-07
5.28048e-05;0.364044;1.59985e-05;7.74105e-05;4.78304e-07;2.21266e-06;3.16386e-05;0.128514;0.00564581;3.22201e-06;0.00363326;0.00161721;0.496362;4.44843e-07
2.83338e-06;0.787404;4.27817e-06;0.00057248;1.77129e-05;0.00127616;1.58399e-07;0.00434556;6.07358e-06;6.27018e-05;0.000279535;0.0267508;0.179011;0.000267235
2.25076e-05;0.0297855;0.914169;0.00071659;0.000375229;3.23001e-05;1.64849e-05;9.95678e-05;6.15759e-07;7.09892e-05;8.78387e-05;0.0417148;0.000175087;0.012733
8.05519e-10;0.000270733;7.44199e-11;4.34112e-09;3.44818e-12;3.85345e-10;0.999518;5.54266e-12;1.05088e-08;5.93045e-05;0.0001515;1.49379e-12;3.35946e-08;4.49041e-08
2.48172e-09;2.2636e-09;0.999998;3.68974e-09;1.41881e-09;1.5095e-08;1.39025e-06;3.26588e-11;1.19065e-08;1.09942e-08;2.87404e-07;7.19817e-09;7.16796e-10;3.3383e-12
1.80699e-06;0.999264;3.82692e-05;1.59065e-07;2.58488e-08;8.42391e-09;6.09219e-08;1.8268e-05;6.75728e-09;1.88403e-08;2.62805e-07;4.44715e-05;0.000632336;3.00143e-07
2.86946e-05;0.983046;2.47306e-08;7.4185e-06;2.73145e-06;1.13597e-05;4.89587e-05;4.03824e-05;4.48844e-06;5.33051e-06;8.69739e-06;0.000562949;0.0156806;0.000552602
7.01824e-08;0.00279507;8.20988e-08;8.41796e-08;1.05478e-06;7.00688e-07;2.14976e-08;3.07689e-05;1.32512e-08;3.8895e-09;1.88562e-07;0.997072;8.29576e-05;1.72516e-05
2.69363e-06;0.143212;0.00120754;8.70128e-06;0.0487586;1.27509e-05;1.12901e-07;0.256215;3.21667e-07;1.04624e-06;1.20369e-06;0.54021;0.00874841;0.00162065
7.4544e-07;0.0190095;1.02683e-10;1.25487e-06;2.17509e-06;0.000393771;3.59078e-08;3.06008e-05;1.77693e-07;5.13737e-08;4.51067e-07;2.321e-05;0.980424;0.000113829
1.91676e-05;0.000699163;0.99063;6.70488e-06;9.42263e-06;2.63978e-06;1.53607e-07;2.43934e-05;1.29118e-07;2.63706e-07;1.82278e-07;0.00850291;5.92175e-05;4.52155e-05
1.46162e-06;0.985348;2.71173e-07;9.88344e-07;1.63184e-06;3.36185e-05;1.15802e-05;0.0132308;1.86351e-06;6.40178e-07;5.25001e-07;2.07799e-09;0.00100628;0.000362001
5.00959e-10;5.60878e-10;1;2.45462e-10;1.9796e-09;5.20172e-10;7.14654e-10;1.92142e-12;1.02243e-10;3.49722e-11;1.46234e-11;4.43676e-08;6.09223e-11;5.76466e-10
1.50072e-05;0.0527617;0.0206135;1.06715e-05;1.41462e-05;1.90182e-05;1.42199e-07;0.00781067;8.99783e-06;7.43766e-07;1.96855e-06;0.912207;0.0065323;3.87395e-06
0.000130544;0.267438;1.73445e-05;4.12716e-05;0.126181;0.00855576;1.40384e-05;0.436948;0.000339902;2.50272e-05;0.00028282;0.00019902;0.147323;0.0125042
3.27079e-06;0.939886;2.84187e-07;1.14028e-06;0.00283738;0.000412659;0.000128248;0.0427528;9.30707e-07;8.92283e-05;4.99568e-07;3.10398e-06;0.0114359;0.00244822
1.67914e-11;7.02049e-11;1;1.87029e-10;7.11455e-10;5.91759e-11;5.18181e-11;6.92857e-12;2.01456e-12;2.27483e-11;1.00725e-12;4.8636e-09;3.20616e-12;9.80422e-11
8.376e-05;0.816452;1.43209e-05;4.6862e-05;3.07e-05;1.93302e-05;3.44698e-06;0.0415802;8.63349e-05;2.67655e-06;3.30178e-05;0.00445009;0.137101;9.6494e-05
1.7167e-05;0.183933;4.4506e-06;4.64828e-05;0.000309671;0.00116132;1.86344e-06;0.0398344;4.04882e-05;4.00294e-05;2.1521e-05;0.000137087;0.774369;8.41778e-05
5.27712e-06;0.00464472;6.42847e-05;0.00042471;0.000259357;0.00513526;4.60208e-07;5.02289e-06;2.27384e-08;0.000165755;5.65908e-07;0.00598655;0.983143;0.000165104
0.0164825;0.00693456;0.855224;1.28011e-05;0.000963258;1.25074e-06;3.96638e-05;0.00677994;3.39937e-06;5.77983e-06;4.38386e-06;0.113445;1.97873e-05;8.33691e-05
4.15643e-06;0.000331443;9.11617e-10;2.66589e-08;4.03322e-07;9.24082e-09;0.999409;3.67483e-07;2.57077e-05;0.000156839;8.27812e-07;8.59132e-10;2.28505e-07;7.10949e-05
1.03188e-09;6.01692e-12;1;2.0968e-10;1.29679e-09;1.57982e-10;2.27452e-08;1.50154e-11;6.48329e-08;3.12307e-10;6.7486e-10;3.0423e-07;1.07642e-12;1.42089e-10
1.14456e-05;0.997807;5.18573e-06;1.25721e-07;1.57334e-07;1.29234e-08;8.89663e-06;0.00204405;3.79233e-05;1.62902e-06;8.56001e-07;2.48907e-09;1.00046e-05;7.23402e-05
1.05925e-10;1.11792e-09;1;1.9362e-11;1.54881e-12;8.25344e-12;7.3428e-10;1.34152e-13;2.79604e-10;3.29195e-11;7.88544e-12;5.55215e-08;4.87564e-13;1.14182e-11
1.76394e-06;1.80639e-05;1.84287e-06;2.48094e-07;2.21347e-05;3.71431e-07;2.05333e-07;0.00200827;5.34973e-05;3.66465e-08;1.14311e-06;0.996292;0.000374688;0.00122534
2.73629e-06;0.00692535;4.00273e-08;2.52888e-07;0.00279343;1.23946e-06;3.7102e-06;0.0923225;1.28607e-06;4.65987e-07;1.60722e-06;1.18474e-06;0.897836;0.000109969
1.20869e-06;0.000954332;7.57441e-07;5.30678e-07;9.25613e-06;5.70279e-05;7.581e-08;4.26049e-05;2.60877e-06;2.94386e-07;6.13523e-08;0.000666574;0.998147;0.000117698
3.03443e-07;0.000109923;0.999847;1.42311e-08;2.95595e-08;5.89548e-09;2.17751e-07;1.43426e-09;7.72381e-10;1.30875e-06;2.9286e-11;6.55167e-06;2.20708e-08;3.47166e-05
2.45955e-08;6.54116e-09;0.999999;1.05578e-09;5.64681e-09;3.2945e-09;8.93899e-08;1.81519e-09;2.8861e-07;1.30688e-09;1.79128e-09;2.3855e-07;1.74375e-08;3.65984e-11
3.52238e-06;0.000272557;0.999533;8.79847e-08;1.32314e-06;6.1138e-08;3.60514e-07;0.000155216;2.96596e-06;1.77674e-07;4.59745e-07;1.27383e-05;1.58374e-05;1.54525e-06
1.18521e-09;0.999406;1.96674e-12;1.65451e-10;1.08154e-09;1.97482e-10;3.10869e-07;5.20243e-08;2.28221e-11;1.47043e-07;6.06074e-12;1.84369e-12;1.20491e-08;0.000593558
7.62112e-14;4.80466e-13;1;1.13104e-13;5.11236e-12;4.77768e-13;2.90917e-13;6.34204e-15;1.01547e-15;8.86348e-13;4.3271e-16;1.3747e-08;1.47336e-15;1.18575e-11
1.13993e-06;0.630944;1.959e-08;2.88903e-07;6.75728e-07;2.67047e-06;0.00650041;0.284457;7.97164e-06;3.24769e-06;1.94112e-06;1.82394e-08;0.0780794;1.59967e-06
1.61384e-10;1.65869e-09;1;1.5055e-09;5.30394e-10;1.97349e-11;4.74751e-09;1.17151e-11;1.74891e-10;1.81818e-10;2.45032e-11;4.13559e-09;4.63551e-10;4.93869e-10
2.31513e-07;6.55723e-06;0.999532;4.3747e-07;3.28401e-08;6.18495e-08;5.57797e-08;2.59279e-05;1.26028e-07;8.39798e-09;4.18488e-08;0.000431873;9.86486e-08;2.97298e-06
4.66265e-09;3.2578e-06;5.60546e-08;3.30011e-09;2.87671e-06;3.6195e-05;5.49471e-13;1.79391e-07;6.83871e-11;2.49937e-09;9.36368e-12;7.60229e-06;4.17517e-07;0.999949
1.16839e-06;0.000624322;1.49632e-10;1.73859e-07;5.12284e-06;7.11748e-06;4.025e-09;0.0148505;4.2501e-06;2.31333e-09;1.60825e-06;9.69913e-06;0.984493;2.75619e-06
3.39293e-06;0.998194;1.56674e-05;2.62999e-06;6.07644e-07;1.28125e-08;1.62284e-07;2.80621e-05;1.52996e-08;3.42031e-07;3.4313e-08;5.594e-07;0.00019499;0.00155988
2.16527e-07;0.999425;9.76746e-10;5.87179e-08;2.88281e-08;1.81437e-09;3.59261e-05;0.000211426;4.68585e-09;1.58098e-05;1.51763e-08;4.03614e-09;8.03592e-06;0.000303153
9.78817e-13;1.63019e-12;1;3.87336e-11;3.92082e-11;6.06937e-11;6.98091e-12;2.87607e-15;2.3461e-13;9.65735e-12;1.72542e-12;2.29222e-09;6.05357e-15;3.54614e-10
1.65418e-07;0.999137;9.73328e-12;1.09333e-07;4.88388e-08;6.91353e-09;5.94623e-07;1.23523e-05;5.55431e-08;5.5109e-09;6.01413e-07;2.35197e-06;0.000784733;6.21436e-05
1.00948e-06;0.0131394;4.493e-05;4.22212e-07;5.70457e-06;4.7018e-08;4.90768e-08;0.00663266;2.67007e-07;4.53995e-08;5.29493e-06;0.977868;0.00230096;8.33049e-07
1.51447e-07;0.795439;4.17687e-08;7.7612e-06;4.63594e-06;0.000505014;1.88281e-07;2.83609e-05;2.25836e-07;1.13119e-06;9.17803e-08;5.02918e-06;0.203558;0.000450384
1.92119e-05;0.000109605;0.296317;0.000444817;9.98105e-06;2.25752e-06;0.0355734;1.75675e-08;2.99298e-06;0.00930236;1.31134e-05;0.653264;0.000439077;0.00450305
1.28676e-07;1.35021e-09;0.999997;4.83953e-08;6.14266e-09;1.02823e-08;1.79812e-06;4.51303e-10;2.76048e-07;8.92963e-09;2.0359e-07;3.44906e-08;1.79822e-09;1.23687e-09
2.45754e-07;0.00641396;1.15894e-09;5.16536e-09;3.38503e-06;2.28991e-10;4.9416e-10;0.993571;5.39907e-08;1.08279e-09;5.39669e-08;6.24506e-07;1.06194e-05;1.45435e-08
1.12734e-07;3.94462e-05;0.999837;2.08757e-06;1.11475e-05;3.26163e-06;2.21175e-06;3.85362e-07;1.12664e-08;8.68529e-05;6.48085e-08;6.96626e-09;6.09502e-06;1.12469e-05
8.71336e-10;2.873e-09;1;4.86939e-10;3.49026e-10;2.5205e-11;3.49556e-07;7.39232e-11;1.91518e-10;3.13315e-10;3.89785e-09;1.02065e-08;1.17673e-11;1.39009e-10
1.48574e-07;0.000110353;1.16124e-05;3.89745e-08;5.27857e-07;1.4144e-06;1.22373e-09;1.89931e-06;1.07505e-07;2.34656e-09;4.68304e-07;0.999769;7.01275e-06;9.7124e-05
3.05098e-06;0.999338;8.55559e-10;2.76662e-09;9.16525e-07;3.93093e-05;8.36374e-08;1.51457e-05;3.14265e-08;3.20612e-08;5.05442e-09;4.0876e-07;0.000546733;5.66184e-05
5.71703e-07;0.000197438;1.91659e-06;3.31418e-08;0.000391705;1.40192e-05;5.91664e-10;0.000228174;3.05995e-07;2.96513e-08;1.74215e-08;0.998578;0.000515454;7.23078e-05
2.57838e-08;1.42494e-05;1.28337e-11;3.83902e-10;1.50792e-07;1.88659e-08;2.95958e-11;0.999961;1.94488e-05;6.74218e-12;8.04233e-10;8.43045e-11;5.29509e-06;2.53928e-09
2.25326e-06;0.0231939;5.99856e-09;4.14083e-07;5.11968e-07;5.21982e-07;1.11132e-10;0.00142276;1.32955e-07;6.59344e-09;3.23426e-09;1.02893e-05;0.975369;2.94383e-07
7.62843e-06;0.0883678;0.000101765;2.71884e-05;1.49676e-05;4.35517e-07;1.59777e-08;0.000430614;4.28593e-08;4.04993e-06;1.92525e-07;0.910899;4.29169e-05;0.000103469
9.05412e-05;0.0312959;6.27592e-05;5.6035e-05;0.0101939;5.44991e-07;3.07584e-06;0.956868;1.36079e-05;9.62757e-06;5.17538e-05;4.46573e-05;0.000735117;0.000574581
9.05866e-05;0.0133771;1.67454e-09;3.26101e-06;0.299055;1.49034e-06;2.47504e-05;0.685856;2.80301e-05;1.57541e-05;3.88792e-05;5.75971e-05;0.000600943;0.0008508
1.54107e-06;2.10997e-05;0.997918;3.17224e-06;1.12846e-05;1.4876e-06;8.56632e-09;1.49585e-07;1.22498e-07;7.68881e-07;5.33245e-08;0.0020212;2.9278e-06;1.82935e-05
1.16228e-05;0.785166;2.12142e-05;5.44085e-05;2.68965e-05;3.86229e-05;3.05099e-06;0.16618;0.00158955;7.62334e-07;0.00235754;0.0380801;0.0061087;0.000362512
