1.91152e-11;2.34944e-11;1;1.65001e-11;3.68946e-11;1.98564e-11;2.81971e-10;1.37946e-13;8.51449e-12;6.03898e-12;1.05704e-12;8.685e-10;1.00664e-12;8.06878e-12
4.26483e-07;0.000633417;1.87382e-05;9.23625e-07;1.8943e-06;5.98443e-07;1.45714e-07;0.000127127;1.12083e-05;2.49946e-09;1.58185e-05;0.997224;0.00196566;1.02662e-07
8.60077e-08;0.0117243;8.8082e-08;9.61968e-08;1.30895e-05;4.32556e-06;6.43415e-10;0.00710785;3.77927e-08;1.7227e-08;9.4259e-08;2.7737e-05;0.98111;1.23832e-05
5.57691e-07;0.0232416;3.47951e-07;0.00297586;0.000341873;0.00121442;5.96882e-07;0.00212785;4.98914e-06;8.32952e-05;5.78955e-05;0.94904;0.00174011;0.0191703
7.2167e-05;0.997331;2.39656e-08;2.98782e-06;9.86079e-07;1.09217e-08;0.000545484;0.00184043;3.0306e-07;1.69e-05;1.20527e-05;2.06667e-05;0.00013763;1.96223e-05
3.36519e-05;0.000799276;0.000698175;0.000360337;0.000159858;8.54211e-06;4.98386e-06;3.8573e-05;1.02041e-05;1.13721e-05;0.000124347;0.99666;0.000909138;0.000181362
0.000145727;0.982706;2.1223e-07;2.04805e-06;1.23297e-06;6.13564e-07;2.18373e-05;0.0162651;0.000356472;4.00514e-07;0.000160933;0.000118191;7.20159e-05;0.000149205
1.27226e-05;0.963562;0.0318981;5.37433e-05;8.87767e-06;5.18735e-05;4.97947e-05;4.79384e-08;2.87974e-07;1.01196e-05;7.14521e-06;0.000117753;0.00322283;0.00100497
2.20221e-05;0.0194386;1.33347e-05;5.73197e-08;4.94451e-06;1.42411e-06;3.84296e-06;0.00287989;1.07451e-06;2.12304e-08;3.14706e-06;0.920314;0.0566933;0.000624792
1.70096e-06;0.860797;1.32308e-07;2.19947e-08;0.00202908;2.38673e-06;1.67848e-07;0.00190376;1.29954e-08;2.28417e-07;8.56979e-10;0.000123587;0.129807;0.00533506
1.86466e-05;0.402336;4.53064e-08;1.73496e-05;4.8412e-05;0.0113713;3.86726e-06;0.0762028;0.00037097;4.49557e-06;1.34516e-05;0.000273916;0.501877;0.00746183
1.29059e-05;0.0021756;0.961242;9.57527e-06;8.29364e-06;9.62842e-06;1.01652e-07;8.24419e-06;1.32042e-07;2.81697e-06;1.90701e-08;0.0361227;1.61842e-05;0.000391515
0.000147879;0.953853;6.99819e-07;0.000155711;1.40723e-05;0.00016316;3.36589e-05;0.0139793;0.0122439;6.55387e-07;0.00036962;1.82861e-05;0.0180996;0.000920789
1.90001e-05;0.99952;3.81388e-05;1.43281e-06;6.64127e-08;2.62603e-08;5.23079e-07;3.32053e-05;1.14354e-05;1.39586e-07;2.8504e-06;0.000294819;7.87472e-05;2.72722e-08
6.04054e-09;0.999986;7.71275e-10;6.31713e-08;6.60588e-09;1.44391e-10;1.28969e-07;1.0778e-05;1.84162e-09;1.9902e-06;6.6367e-10;5.9269e-08;3.07411e-07;6.79072e-07
2.33897e-08;1.3807e-06;0.999995;3.66168e-08;5.23445e-08;5.26565e-07;3.21721e-07;2.49598e-07;1.20368e-09;1.54107e-06;4.70466e-08;6.74853e-09;2.05041e-07;1.06552e-07
3.9943e-10;9.17762e-10;1;3.55112e-11;6.92991e-10;1.96075e-10;1.21305e-09;1.16802e-11;8.42147e-13;2.33629e-11;4.9994e-12;1.56371e-08;2.86551e-10;8.84873e-11
4.60042e-08;1.62577e-07;0.999343;6.66498e-09;1.70556e-07;1.05423e-07;1.4857e-10;3.2911e-07;8.90961e-10;8.42265e-10;7.24103e-10;0.000651338;1.40371e-09;4.50701e-06
1.10643e-07;1.94399e-05;4.60272e-07;1.06096e-09;4.67024e-05;0.000612172;2.13335e-12;9.62256e-07;4.53799e-10;3.28651e-09;5.52335e-12;2.83984e-07;4.05404e-07;0.999319
5.62483e-07;4.99624e-05;8.74637e-11;5.24145e-10;1.49139e-06;1.55056e-06;5.48898e-11;0.982089;6.78803e-08;2.53353e-10;6.61787e-10;5.42122e-10;0.0178568;2.25753e-07
2.33074e-09;3.08001e-08;1;6.75312e-10;3.92734e-08;1.28192e-10;7.60106e-11;1.0783e-09;7.70437e-12;1.27983e-10;2.49945e-12;9.37532e-10;8.15228e-10;3.88536e-08
9.54654e-07;9.15239e-05;0.00127801;2.39774e-06;1.1639e-05;4.32791e-06;2.35351e-10;0.0236501;8.54704e-07;1.3433e-08;1.46926e-07;0.974855;8.18717e-05;2.35689e-05
5.94072e-06;0.951513;7.71766e-06;8.23409e-06;0.000165954;0.000576276;1.57464e-06;0.00608143;8.73577e-07;5.01499e-06;1.88674e-06;2.95335e-07;0.0405172;0.00111457
4.95778e-06;0.00567038;1.30687e-08;2.07476e-05;0.0102792;0.00107574;1.40223e-07;0.913083;1.44824e-05;1.1079e-06;1.05824e-07;0.00815406;0.00846598;0.0532305
6.1743e-06;0.984481;9.36038e-06;0.000103411;0.0081694;0.000443163;1.25875e-06;0.00373321;2.38257e-06;1.88982e-06;3.65287e-07;5.49874e-06;0.0029063;0.000136979
4.58601e-06;0.999419;6.22986e-06;1.71947e-06;5.49412e-07;6.56932e-07;9.005e-10;3.47226e-05;4.02821e-10;1.06057e-07;5.41498e-10;0.00038292;0.000147596;2.2864e-06
1.53024e-05;0.991342;6.95694e-09;7.05784e-06;2.47604e-06;4.71878e-06;1.13003e-06;5.40121e-06;7.11506e-08;5.48987e-06;2.34795e-06;0.000154726;0.00813948;0.000319507
2.97155e-07;0.996183;6.7338e-09;9.5814e-07;2.05624e-06;2.91022e-08;2.80526e-06;1.69343e-06;1.80256e-09;5.5168e-05;1.08162e-07;8.67965e-06;2.33544e-07;0.00374447
2.79793e-08;4.84509e-07;0.999996;7.20232e-09;5.40127e-09;5.54333e-10;5.03768e-08;2.22737e-09;7.90227e-10;4.45544e-09;2.58503e-07;2.43297e-06;2.46258e-07;2.99341e-11
3.24823e-06;0.00253178;2.59386e-07;1.0208e-06;0.00534883;0.0010138;1.08548e-06;0.982381;5.17746e-06;7.73524e-07;8.78407e-06;0.000597014;0.0070097;0.00109722
1.42704e-06;0.0109402;2.48789e-11;1.60298e-07;4.74155e-06;2.51687e-08;2.6172e-08;0.983463;1.88808e-06;1.01651e-08;7.5527e-07;2.94773e-05;0.00555792;7.78542e-07
9.49837e-07;1.54969e-06;5.85956e-13;4.34747e-10;1.25976e-08;7.1502e-12;7.96405e-09;0.999994;2.17912e-06;1.1318e-10;1.45385e-08;4.04088e-09;1.84849e-06;3.58765e-12
6.78234e-05;0.00111639;0.00128851;0.000156537;0.000338724;1.31942e-06;2.78236e-06;0.00876496;0.000108573;8.98998e-06;1.1523e-05;0.982284;0.000819982;0.00502984
5.79035e-06;0.00299502;1.55254e-09;2.83618e-07;3.70814e-09;3.6019e-08;0.994454;4.36531e-07;4.25056e-05;0.000218324;1.59531e-05;8.99728e-12;5.1744e-06;0.00226249
1.12201e-11;3.17692e-12;1;6.49418e-10;5.07331e-12;1.25158e-12;1.17609e-08;4.62949e-15;8.38474e-09;3.20089e-11;2.28075e-09;4.21995e-10;3.70398e-14;9.69497e-13
0.000382342;0.00815019;1.11071e-05;2.35539e-05;4.16669e-07;6.62776e-07;3.50993e-05;0.00115813;0.0493539;1.25136e-06;0.0200356;0.00455046;0.916296;1.51123e-06
4.92564e-07;0.0279063;9.23272e-09;3.01557e-08;0.000156426;1.16111e-07;6.44043e-08;0.971724;4.46785e-07;3.82286e-06;1.5329e-07;2.00822e-05;1.07503e-05;0.000177759
7.1368e-07;0.000351236;0.898737;4.25255e-05;0.0718337;0.00338853;1.72228e-09;6.93259e-05;1.15648e-07;4.10686e-05;1.65948e-06;0.00852022;2.24195e-06;0.0170117
6.84157e-07;0.011063;9.52133e-09;1.96609e-09;1.54733e-11;3.83758e-10;0.988723;2.436e-08;3.67931e-06;0.000155967;5.18203e-05;2.97849e-15;1.23506e-07;1.87333e-06
7.36473e-13;1.10314e-13;1;1.13088e-13;9.42199e-13;3.8248e-14;8.46526e-11;2.51755e-16;9.99409e-12;2.567e-12;5.32502e-12;2.4816e-11;2.40201e-15;2.8937e-15
