2.34002e-06;0.998866;6.64052e-05;5.05556e-06;1.98951e-06;2.10016e-07;4.64614e-08;4.11152e-06;1.84503e-08;2.44223e-07;3.5874e-08;5.5633e-05;0.000995575;2.18902e-06
1.96497e-05;0.81315;1.05123e-09;0.000411351;6.16837e-05;0.000265685;2.42392e-05;0.000312699;0.000344997;2.04147e-05;0.000330539;1.6432e-05;0.184994;4.79753e-05
9.61454e-05;0.0269074;0.0733787;0.00429788;0.000356316;0.000120861;2.63649e-06;0.000430776;3.10998e-06;0.000114822;0.000101414;0.87657;6.72749e-05;0.0175524
1.5091e-05;0.827272;7.19398e-10;3.2102e-07;3.87518e-07;2.84904e-06;5.48962e-07;0.00575883;3.81133e-07;8.42147e-08;1.40165e-06;2.00182e-05;0.166928;5.71853e-07
5.02372e-07;0.00014575;1.34517e-09;3.23904e-07;5.47231e-06;2.19601e-06;1.64878e-08;0.00691128;9.34788e-07;2.07359e-08;8.18222e-06;1.56125e-05;0.992908;2.05166e-06
1.71097e-05;0.000310159;5.07586e-06;4.60607e-06;1.77073e-05;1.20881e-06;3.5768e-08;0.000134433;0.000181138;2.45085e-07;4.10662e-05;0.998811;0.000427629;4.84934e-05
2.4975e-06;6.8511e-05;4.69075e-09;4.59708e-09;6.58088e-07;1.7019e-08;2.17652e-09;0.999745;1.75866e-06;2.38233e-09;4.22133e-07;1.90278e-06;0.000179628;2.05508e-08
7.48951e-07;0.00139288;2.91887e-05;3.80548e-05;0.0108803;0.000163306;3.24435e-05;0.000608528;1.39606e-05;0.000230883;2.60054e-06;3.13871e-07;6.04996e-07;0.986606
2.2016e-12;1.22591e-10;1;1.23525e-11;3.89611e-13;8.43014e-14;4.61078e-10;8.87395e-16;7.56153e-13;1.5247e-12;6.5877e-12;1.40541e-11;1.917e-14;2.45511e-12
2.31473e-06;0.731842;7.89734e-06;1.39551e-06;3.26502e-06;2.79454e-06;2.84441e-07;0.000559593;1.45555e-06;5.05712e-08;3.46546e-06;0.111612;0.155934;2.84963e-05
3.06051e-06;0.0877522;7.06388e-08;0.000243208;0.00137385;0.000948151;1.21577e-07;0.475288;2.18531e-06;5.63173e-06;3.22841e-05;0.0492565;0.325474;0.05962
1.96453e-06;0.685934;3.68274e-05;5.00128e-06;1.05005e-06;0.00014349;1.37734e-07;0.000192222;1.44904e-08;1.22807e-07;7.39193e-07;0.308695;0.00453478;0.000454007
9.12831e-09;0.999319;9.19352e-09;6.55944e-09;3.01403e-09;1.66262e-08;5.35053e-07;1.75972e-05;4.75667e-10;2.53316e-07;1.67827e-09;2.96463e-11;1.43382e-05;0.000648162
7.68447e-11;3.53493e-09;1;7.86191e-11;1.48587e-09;3.1195e-09;1.83824e-09;2.83969e-10;4.1761e-11;4.85212e-10;2.31476e-11;1.00807e-10;7.3669e-11;5.25473e-10
3.45517e-09;1.75178e-07;1;1.71322e-09;2.85237e-09;1.0885e-10;4.49441e-08;4.26486e-09;1.67803e-09;4.8557e-10;2.17657e-08;4.4098e-09;2.362e-08;4.99801e-10
4.0399e-08;1.96118e-05;0.00227849;2.62603e-06;5.38211e-07;2.31192e-07;6.40734e-09;3.10564e-06;1.3609e-06;4.2637e-08;6.46411e-06;0.99762;4.94655e-07;6.66761e-05
3.80042e-05;0.793161;9.18693e-05;0.000128872;0.00212066;0.000821818;4.98183e-06;0.00746896;2.85788e-05;1.89999e-05;0.00172275;0.0143507;0.173477;0.00656625
3.80502e-07;0.0566975;3.82341e-06;1.2764e-06;0.028606;3.1882e-05;1.6189e-07;0.904901;2.52218e-08;1.48314e-06;5.66914e-07;0.00560159;2.73698e-05;0.00412737
1.18043e-07;0.00171009;0.964906;0.000172384;0.00275902;0.0199119;2.30258e-08;3.3804e-05;2.25014e-09;3.96747e-06;2.23975e-08;1.01005e-05;1.20147e-05;0.0104806
1.15724e-05;0.453772;8.92405e-06;6.13762e-07;4.64115e-08;7.94839e-06;1.24226e-06;0.000476579;1.14422e-07;7.48544e-08;4.46442e-06;1.41874e-05;0.545702;7.02616e-08
1.55525e-05;0.00477521;2.69927e-07;4.61189e-06;0.0011672;3.57231e-06;1.4327e-07;0.988448;1.4642e-07;7.53602e-07;2.04116e-07;6.54058e-05;0.00551808;1.17045e-06
1.19326e-07;0.000237732;0.991892;6.29894e-06;4.48125e-06;1.42211e-06;8.877e-10;6.12622e-08;3.36229e-10;1.89702e-07;2.03923e-09;0.00785081;7.08023e-06;2.43349e-07
2.69777e-08;0.999761;1.74749e-11;1.14585e-09;1.53271e-10;1.66451e-09;0.000234949;3.94277e-07;3.34795e-08;6.94935e-07;2.79096e-08;1.63447e-10;1.18262e-06;2.04978e-06
2.80277e-06;0.00364548;0.980071;7.60085e-07;1.30274e-05;5.19872e-05;0.01552;8.93479e-07;1.0921e-06;0.000594944;2.318e-06;3.86136e-07;8.84912e-05;6.78064e-06
1.31874e-09;1.18996e-10;1;8.84644e-11;5.88939e-10;1.49196e-10;3.19749e-08;4.42e-12;1.6528e-09;1.57922e-10;2.57338e-10;8.41956e-08;3.33443e-11;5.40147e-12
1.45132e-05;3.85952e-05;1.16272e-05;1.39051e-06;5.70286e-06;4.05253e-06;7.7182e-06;0.0249314;0.00516067;4.82816e-07;0.000555812;0.969121;0.000136167;1.10192e-05
2.87852e-05;0.145994;3.70791e-08;4.15815e-05;3.57429e-05;1.80829e-05;2.40385e-05;0.0312053;0.00548037;1.49209e-07;0.00185008;1.86437e-05;0.815223;7.9721e-05
0.000113581;0.898955;1.71525e-06;3.39909e-07;9.94022e-06;1.44428e-07;2.31644e-07;0.00438444;5.41047e-08;3.02589e-07;5.50042e-08;0.000465433;0.0960472;2.12072e-05
2.20189e-05;0.0317822;2.18965e-07;6.32522e-05;0.0468333;1.80563e-06;0.000185722;0.0936688;0.000692728;5.89629e-05;0.00050627;0.824153;0.00117715;0.000854849
0.000144323;0.948465;0.0453784;0.000789892;0.000532506;0.000303732;2.83372e-05;0.000110997;2.01682e-06;0.000372969;4.88932e-06;3.60568e-05;0.00146984;0.00236092
0.000607908;0.99867;7.46392e-07;9.45281e-07;1.15893e-06;6.49517e-09;2.48492e-05;0.000357663;0.000179191;1.63931e-06;9.847e-06;9.49102e-06;4.69157e-05;9.01044e-05
2.03826e-05;0.98494;9.4168e-06;1.37628e-05;4.39645e-05;1.04707e-05;0.000146995;0.00325395;0.000161709;0.000264564;9.34744e-06;0.000276823;0.000474439;0.0103746
1.9322e-06;0.020001;6.55998e-08;0.000252729;0.000386435;0.00138326;5.76568e-05;0.00373133;0.000384051;3.94096e-05;0.00025439;2.39879e-05;0.973372;0.000111461
2.78364e-05;3.4969e-05;0.999086;0.000428751;4.98118e-05;1.69177e-08;7.14799e-06;4.7406e-07;4.38434e-07;9.68075e-05;2.91515e-06;6.88071e-05;5.64909e-07;0.000195436
0.00128414;0.658219;2.0278e-06;1.29617e-05;1.62729e-06;7.76805e-06;0.017339;0.148916;0.00478032;0.000461484;0.0109576;5.85381e-08;0.158016;2.21112e-06
8.13652e-11;2.25098e-12;1;7.55468e-11;7.57422e-10;5.40834e-11;2.72848e-11;1.74982e-12;6.46122e-11;7.452e-11;3.57651e-12;3.58649e-09;5.65123e-13;6.3009e-10
6.08734e-07;3.43211e-05;0.999164;1.25389e-06;5.24276e-07;2.87146e-07;4.33858e-09;0.000687194;8.63483e-07;4.95928e-08;1.44776e-07;0.000108984;4.91783e-07;1.71003e-06
7.77658e-07;1.18277e-05;8.63514e-05;1.31573e-07;0.000139687;0.000331758;2.71362e-11;3.97171e-06;1.84555e-08;3.12002e-07;2.14306e-09;0.00351552;2.90115e-06;0.995907
1.25636e-06;3.11151e-05;8.40532e-12;1.93302e-08;2.41754e-07;1.24596e-07;2.06942e-10;0.998137;4.09818e-06;2.52242e-10;2.29223e-07;2.62993e-06;0.00182333;3.52919e-08
5.80098e-07;0.99994;2.19667e-06;1.91256e-07;8.91682e-08;2.12501e-09;5.74034e-09;1.62851e-05;1.0118e-09;3.11064e-08;1.88046e-09;4.24465e-07;2.84023e-05;1.20752e-05
1.41641e-06;0.984927;2.02012e-08;6.82529e-08;5.42091e-07;2.1524e-08;7.02346e-05;0.000685397;7.85347e-09;4.16759e-05;1.43194e-08;9.29817e-10;0.0142482;2.51115e-05
3.09526e-11;1.02473e-08;0.999999;2.70656e-09;6.22342e-08;4.46072e-10;1.40895e-08;3.34312e-13;6.14547e-12;5.55294e-09;7.62969e-11;8.39825e-07;3.92968e-13;7.02485e-08
1.00606e-05;0.839369;2.21283e-06;2.29841e-06;3.04196e-06;2.28367e-06;0.000493619;0.00299288;7.23644e-06;2.42973e-06;5.76544e-06;0.00432232;0.152678;0.000108881
3.64348e-07;0.00508774;1.59538e-08;1.86574e-05;0.000238887;1.22183e-05;1.37195e-07;0.0485133;1.15185e-06;4.85352e-07;8.87404e-06;0.940405;0.00241994;0.00329268
7.54284e-07;0.267774;7.86597e-11;3.50961e-06;9.26959e-07;5.31388e-05;2.90583e-06;6.21619e-05;9.86026e-06;3.90234e-07;5.00865e-06;6.15788e-06;0.732062;1.89637e-05
5.5609e-06;0.0183367;0.978009;2.40279e-05;9.51824e-05;6.34826e-05;8.65044e-08;0.000201767;6.4175e-08;1.14379e-05;3.67679e-08;0.00218598;0.000163233;0.000903161
8.55421e-05;0.093379;4.72818e-10;5.38687e-06;1.0396e-06;1.31621e-06;4.41902e-06;0.376185;0.00129288;3.41392e-07;0.000712814;0.000354663;0.527977;5.39846e-07
4.73276e-06;0.999416;1.10797e-05;7.77037e-06;2.31708e-07;4.57175e-07;3.52053e-07;0.000141682;1.32175e-06;9.53447e-08;3.83166e-06;0.000140738;0.00010509;0.000166905
2.90521e-06;0.997967;1.10734e-08;1.86201e-07;8.02448e-08;2.43002e-08;0.000194083;0.000592255;2.08433e-07;1.44341e-05;1.8621e-06;7.78067e-08;0.000993182;0.00023333
1.03117e-11;4.19212e-10;0.999998;2.5506e-10;2.09589e-09;2.8967e-10;3.5626e-09;1.35793e-12;1.92116e-12;2.40178e-10;9.88028e-11;2.20264e-06;1.74598e-12;9.70357e-10
2.19112e-07;0.988454;3.3293e-06;7.45037e-07;2.4175e-06;3.92404e-07;9.89564e-07;0.00244801;1.28319e-06;2.54318e-07;6.33069e-06;0.000371075;0.00869554;1.53541e-05
1.512e-06;0.608955;7.16923e-09;0.00381549;0.0031741;0.00444513;9.19859e-08;0.0251871;2.88823e-05;0.000220004;0.000950489;0.0219718;0.0149775;0.316272
1.78535e-05;0.0664535;1.60673e-08;4.1904e-05;8.77834e-07;0.000581563;5.46731e-05;0.000919521;5.34603e-05;1.09658e-05;0.00795494;0.000260802;0.923636;1.38176e-05
1.87501e-05;0.13827;0.855074;5.24072e-05;0.000657337;0.000294697;1.56683e-07;0.000644018;8.85613e-09;2.76534e-05;1.5265e-07;0.00230523;7.79209e-05;0.00257768
3.80872e-06;0.000594977;9.5911e-11;1.66051e-06;1.54086e-06;1.37725e-05;8.39852e-08;0.00937151;1.71544e-05;2.93299e-08;0.000217141;1.75152e-05;0.989761;1.13699e-08
1.00354e-06;0.999973;2.09401e-06;1.41305e-06;3.49224e-08;1.04562e-08;2.28453e-07;4.81149e-06;3.01125e-08;6.84631e-08;1.10082e-07;2.23751e-07;3.4559e-06;1.34582e-05
7.321e-06;0.965957;6.2127e-09;8.34347e-06;5.4339e-06;1.48492e-05;6.25535e-09;0.00885785;8.05613e-07;3.65337e-07;2.82925e-06;0.0249434;8.59809e-05;0.000116139
0.000152209;0.00950162;4.29925e-08;3.30461e-06;8.70206e-05;5.91233e-05;5.55469e-05;0.838335;7.32826e-06;9.40215e-06;0.000155871;0.000497227;0.151081;5.53458e-05
2.24655e-05;0.00185448;1.99206e-05;1.41127e-05;0.00714982;0.00101402;4.21721e-09;0.000682334;1.63922e-06;5.36021e-08;5.95068e-07;0.976665;0.00169293;0.0108827
7.06185e-05;0.954864;5.58378e-06;1.09562e-05;0.000117979;1.6455e-05;3.30245e-07;0.0086734;9.61354e-05;7.08128e-07;5.12923e-05;0.000195927;0.0358042;9.2482e-05
1.74886e-05;0.127902;6.07201e-09;4.77228e-05;0.217607;0.0468164;1.91872e-07;0.1528;4.40206e-05;7.24573e-06;4.83102e-06;0.090357;0.0285879;0.335807
0.000312321;0.840216;7.36356e-07;4.16707e-05;6.90112e-06;7.11537e-06;7.00373e-07;0.0278835;8.31209e-05;5.78697e-07;2.94456e-05;0.0167098;0.114698;1.01849e-05
3.59721e-06;0.996942;9.186e-11;9.27444e-08;4.74224e-08;7.18006e-08;3.15576e-09;0.00011378;1.45613e-08;3.01939e-08;2.64356e-08;7.63581e-05;0.00285292;1.09548e-05
1.63275e-08;0.00010474;3.21346e-11;7.03846e-08;1.10593e-06;1.12836e-07;1.10537e-09;0.000121255;3.95968e-09;2.75343e-09;3.42034e-07;4.70882e-07;0.999769;2.99339e-06
6.29626e-06;0.00301013;1.80171e-06;7.57619e-06;2.81215e-07;1.61927e-07;1.99615e-06;1.91014e-06;2.02095e-05;9.88914e-07;0.000197778;0.993887;0.00274344;0.000120384
6.9886e-08;0.999915;2.52077e-05;6.552e-07;1.53054e-08;5.26022e-09;3.33902e-09;4.78791e-07;8.06833e-10;1.00116e-08;1.31601e-08;5.52495e-05;2.76839e-06;1.47867e-07
3.28576e-07;2.57412e-07;6.6631e-11;8.39709e-10;4.09637e-07;3.66951e-09;2.0621e-10;0.999999;6.16931e-09;2.14233e-09;7.41528e-10;1.91973e-09;1.5158e-07;1.47519e-07
2.36457e-07;0.00273718;8.13137e-06;6.31084e-06;0.000385342;0.00595336;6.36783e-08;0.000181855;1.56552e-07;9.49419e-07;5.17242e-08;1.9952e-05;1.08281e-05;0.990696
1.17287e-09;2.48865e-08;1;1.31659e-09;4.21689e-10;3.86864e-12;4.84479e-09;2.84852e-09;6.44892e-10;1.61483e-11;5.24971e-09;3.94378e-08;3.79721e-10;8.5965e-11
6.43154e-07;0.00456306;2.88568e-05;1.3568e-06;2.95813e-05;1.4977e-07;8.4648e-09;5.3644e-05;1.24073e-07;8.46376e-08;1.87323e-07;1.05461e-05;8.27572e-07;0.995311
1.25358e-08;0.000112526;6.86307e-11;8.61308e-10;3.14314e-05;2.5168e-08;5.13579e-09;0.999856;1.20746e-08;3.385e-10;1.02111e-09;1.35374e-08;5.60364e-08;1.62091e-07
5.9295e-11;1.84313e-09;0.999994;1.1922e-08;4.92971e-07;1.22318e-08;2.21366e-11;4.24787e-11;1.35748e-12;3.83307e-10;3.3227e-11;5.29919e-06;3.3346e-10;1.76002e-07
1.41301e-06;0.984688;2.99212e-10;2.115e-08;3.36269e-08;2.88449e-08;0.000122388;0.0150709;8.85766e-06;7.27861e-09;7.71557e-06;7.36149e-12;0.000100801;2.89771e-07
1.09747e-09;6.74106e-07;0.999998;1.21886e-10;2.42008e-10;1.25278e-10;1.00124e-07;1.69188e-11;3.2279e-10;7.61445e-11;1.39058e-10;1.46099e-06;4.0114e-10;4.58165e-10
3.46731e-08;0.00443835;1.9774e-06;5.90361e-10;1.99505e-09;1.13603e-09;9.44096e-09;6.82568e-06;3.16286e-08;4.74171e-10;2.43998e-08;0.995335;0.000213463;3.90249e-06
3.76838e-07;0.969097;1.34048e-09;8.67505e-07;1.06917e-06;1.87001e-06;1.79188e-06;0.0112912;1.78508e-06;4.28747e-07;1.66873e-06;0.0099785;0.00795271;0.00167115
1.79951e-06;0.953645;1.43497e-08;4.66238e-05;0.000252938;1.47857e-05;1.71458e-06;0.0283818;5.29187e-05;5.97772e-06;3.37067e-05;0.00697955;0.00593813;0.00464535
3.81673e-06;0.0128783;9.25901e-09;3.8396e-07;7.92242e-08;7.61319e-05;3.37359e-06;7.57578e-07;3.08426e-06;3.23678e-06;4.36909e-06;1.64911e-06;0.986947;7.79876e-05
2.97706e-07;7.95742e-05;0.993254;3.06247e-07;2.68743e-08;4.91829e-08;1.18851e-05;5.70069e-10;8.99609e-10;9.29725e-05;4.92332e-09;0.0065478;3.64164e-07;1.25227e-05
1.93434e-07;3.56654e-09;0.999947;3.19571e-08;2.71959e-08;5.7637e-09;3.96219e-06;1.63459e-09;5.42595e-07;3.91816e-08;1.73776e-07;4.75737e-05;2.81338e-09;6.90065e-10
2.17235e-05;0.0455183;1.48713e-06;7.39253e-07;0.000248602;2.10533e-07;1.37835e-06;0.95401;2.50178e-05;4.17987e-07;3.7725e-06;0.000104596;6.73081e-06;5.711e-05
1.66358e-06;0.00992005;0.958397;1.93236e-05;0.000397318;6.98432e-05;1.22316e-06;7.1544e-06;9.85487e-09;4.49509e-06;3.86816e-07;0.024793;0.00623672;0.000151792
1.07607e-06;0.549124;1.81448e-09;4.06423e-08;3.10388e-06;3.55355e-08;3.16431e-07;0.439928;1.49325e-07;3.78755e-09;3.98281e-07;0.000382541;0.0105607;3.37165e-07
2.43295e-06;0.921267;1.26518e-10;8.21474e-05;0.000184171;3.53512e-05;1.42849e-08;0.0139741;2.45557e-05;7.07672e-07;2.02539e-06;0.00613448;0.0107214;0.0475712
7.05798e-05;0.893229;4.56181e-08;1.23386e-06;3.18126e-07;4.86597e-09;8.05212e-07;0.106164;9.81146e-07;5.20559e-07;2.59989e-06;0.000361629;3.09306e-05;0.00013725
2.07679e-05;0.0601845;0.894699;0.000210533;0.00023426;1.41322e-05;1.8835e-05;6.0589e-06;3.67832e-08;2.26972e-05;1.58311e-05;0.0407061;0.00110368;0.00276316
0.00140336;0.691394;1.71668e-05;1.83658e-06;4.07689e-05;0.000139468;0.000290441;0.0991609;0.00014891;1.11824e-06;0.000639164;0.00115606;0.205481;0.000126335
0.00100563;0.690363;6.21744e-07;6.74761e-05;0.00200617;0.000437443;3.9956e-05;0.000819654;0.000479988;3.45922e-05;0.000334859;0.0649448;0.237264;0.00220222
0.0161359;0.0141896;1.26166e-08;3.16686e-09;2.33861e-05;1.30275e-09;6.36951e-10;0.969297;4.60065e-07;2.95491e-09;2.1717e-09;0.000343779;9.01251e-06;4.81631e-07
1.37708e-05;0.0118749;3.04085e-06;6.62927e-06;0.000248844;8.42441e-05;1.20871e-07;0.044301;3.9265e-05;6.33052e-07;4.40418e-06;0.885623;0.000100029;0.0577
4.56899e-06;0.00463492;1.81108e-08;7.34698e-07;7.72074e-06;4.30698e-07;2.55909e-08;0.341336;2.40719e-06;6.74218e-08;1.25655e-05;6.20395e-05;0.653936;1.74984e-06
7.34581e-05;0.99314;8.3081e-06;7.62202e-07;5.24887e-07;7.8654e-08;0.0011242;6.02342e-05;2.69182e-07;0.000466637;2.6246e-07;8.80554e-05;0.000751797;0.00428505
1.96892e-09;2.70786e-08;1;4.73422e-08;3.16948e-08;9.61224e-09;4.75581e-08;3.04054e-10;7.13302e-09;1.95804e-09;4.69467e-09;1.11473e-07;2.68336e-09;3.42263e-10
1.97865e-05;0.0110772;0.0251653;4.66126e-05;4.3725e-05;0.000469366;8.81867e-07;0.00864499;6.77732e-06;1.7294e-05;2.39765e-05;0.829663;0.00376834;0.121052
4.54345e-09;4.92648e-05;2.35842e-10;1.92166e-08;1.36352e-06;2.06287e-05;3.81068e-10;5.75768e-05;5.64258e-09;1.92714e-10;2.89685e-06;1.42792e-08;0.999867;1.09322e-06
4.78461e-07;0.000738696;0.000181933;1.68805e-06;1.05353e-06;3.01035e-06;5.73499e-10;3.00343e-05;4.02079e-08;8.09349e-08;1.0986e-06;0.958378;0.0405709;9.33619e-05
5.72698e-08;0.00666842;7.93956e-09;7.27828e-08;3.97189e-05;0.000349338;3.17661e-09;0.989096;7.08504e-08;6.17673e-08;4.13721e-07;3.50702e-05;0.00373611;7.48727e-05
2.58187e-06;0.000827956;1.40197e-08;9.74438e-06;2.85235e-05;6.0087e-05;8.93677e-08;0.947187;2.71253e-06;1.88356e-06;4.57127e-05;9.99565e-05;0.0517237;1.04567e-05
0.0797501;0.46062;0.00235788;9.29717e-05;0.000215162;8.63134e-07;0.000203881;0.279497;0.000503139;6.58789e-05;0.00290948;0.154368;0.0187174;0.000698112
2.29096e-07;0.00653569;8.69421e-07;5.75598e-07;1.52655e-06;5.0146e-07;2.54627e-08;1.09138e-05;1.48685e-07;3.02895e-08;5.34926e-06;0.992041;0.00139327;9.78209e-06
1.65807e-05;0.0227293;2.65994e-06;1.81286e-07;1.52673e-06;3.34146e-09;1.84825e-06;0.970624;5.78424e-06;6.37024e-08;5.93161e-05;0.0058538;0.000704924;1.83633e-09
1.23307e-05;0.81846;6.1154e-07;0.000212744;0.00127108;9.6307e-07;6.20082e-07;0.0026526;0.000259922;1.38179e-05;0.000248457;0.167438;0.00536481;0.00406383
0.0012979;0.0327113;5.05087e-08;6.50415e-05;1.07371e-05;2.32647e-06;0.000102212;0.00308088;0.939025;1.09058e-05;0.018079;0.00306653;0.00253882;9.55394e-06
7.8123e-05;0.000123531;3.36947e-09;7.89413e-09;1.49068e-07;3.27382e-10;2.54672e-08;0.999702;7.76153e-05;1.85272e-08;1.58536e-06;3.42756e-08;1.70067e-05;1.43827e-08
2.0586e-07;0.0181073;3.1007e-08;1.76239e-06;1.09381e-06;5.1631e-06;8.08232e-07;3.63785e-07;2.17821e-07;3.64608e-05;3.38432e-08;5.17203e-10;0.000112825;0.981734
5.18376e-09;1.10597e-10;0.999999;4.09136e-10;6.26874e-10;6.22201e-11;4.14853e-07;6.54971e-12;1.11596e-09;1.28849e-07;4.82527e-10;1.33055e-10;4.45883e-15;7.20035e-07
1.45758e-08;5.99277e-08;1;5.58147e-09;8.72492e-10;9.44294e-10;2.37853e-08;4.38781e-09;1.10478e-07;3.86735e-11;2.11868e-08;2.00935e-07;1.27747e-08;2.46941e-10
0.000687233;0.0111072;1.13087e-05;0.000251832;0.00041107;0.000577279;2.50431e-05;0.530621;0.0158067;5.01055e-05;0.0017012;0.0445916;0.0682944;0.325864
3.83497e-08;0.999907;7.54992e-11;8.92917e-09;1.8356e-07;6.24706e-09;5.63177e-05;1.53312e-05;4.9959e-08;5.17471e-06;5.38802e-08;2.08779e-09;3.3467e-06;1.1975e-05
8.99618e-12;3.77127e-10;1;3.34982e-11;4.25913e-09;1.87113e-10;9.77792e-11;2.92019e-12;9.20968e-13;1.94699e-10;2.11649e-13;4.29655e-07;1.2067e-11;2.04778e-09
3.45899e-05;0.898686;2.18544e-07;3.53928e-07;2.1601e-07;4.43317e-06;0.0654733;0.0104264;0.000192735;7.61686e-06;5.28339e-05;3.5584e-09;0.0251211;7.30958e-07
5.70021e-12;1.70559e-10;1;5.58463e-11;1.19511e-11;2.72879e-12;5.57333e-10;2.08521e-13;2.61398e-11;1.00592e-11;9.52628e-12;1.40685e-08;1.87807e-13;4.90994e-11
6.31816e-07;0.000432677;0.985074;1.22046e-06;5.92881e-07;1.4153e-06;3.5017e-06;0.000443106;5.58052e-06;2.8472e-07;3.52083e-06;0.0140204;7.81746e-07;1.26404e-05
2.66476e-06;0.00029016;4.26041e-05;1.62104e-06;0.00580016;0.668711;8.97341e-07;0.00011172;2.68401e-06;3.12526e-06;1.53408e-05;4.47982e-07;0.00198211;0.323036
5.36074e-07;0.00203088;4.34229e-07;5.12234e-05;0.00808431;0.298496;2.4586e-08;0.000326073;8.74403e-06;1.99227e-07;2.08985e-05;0.0518263;0.00200179;0.637153
4.70022e-06;0.992411;0.00395119;6.73028e-06;1.00133e-05;3.17184e-05;2.75446e-08;7.67984e-05;4.73196e-09;1.9073e-07;1.18649e-07;8.66109e-05;0.0034031;1.72578e-05
0.000106726;0.71098;8.98195e-06;9.91815e-07;7.82787e-06;6.31502e-06;0.00111421;0.0956009;3.43481e-07;0.00019305;9.70928e-07;6.88611e-09;0.191951;2.8532e-05
1.21483e-10;1.45605e-09;0.999999;4.94353e-09;8.18243e-08;3.7336e-09;2.85994e-09;1.45782e-12;1.15887e-11;6.51194e-09;1.45512e-10;1.46762e-06;5.29421e-12;6.07593e-09
3.90967e-05;0.828273;1.82156e-05;5.88784e-06;1.94484e-05;1.0682e-06;0.000264774;0.00542414;2.53841e-05;2.64829e-06;2.50013e-05;0.0139997;0.151899;2.01977e-06
3.69758e-06;0.113163;5.99164e-09;9.50052e-05;0.00077003;2.2266e-05;4.30933e-06;0.157023;1.1551e-05;3.93802e-06;5.90416e-05;0.711627;0.0154908;0.00172623
1.85428e-06;0.595554;5.13151e-10;4.72892e-05;3.3854e-06;0.000108173;3.79473e-06;0.000101055;2.38493e-05;1.39111e-06;1.49665e-05;0.000274083;0.403764;0.000102337
0.000354331;0.0984696;0.725008;0.000488104;0.000417404;2.01124e-05;1.19593e-05;0.000926233;1.57676e-06;9.36055e-05;1.56299e-06;0.160618;0.000440803;0.0131485
0.000703974;0.0131261;8.44737e-09;2.52128e-05;2.69423e-05;2.9878e-06;2.03009e-05;0.346571;0.00311031;7.39278e-07;0.000209465;0.000783593;0.635418;1.0438e-06
1.16397e-05;0.979163;0.000134507;5.42212e-05;9.00659e-06;5.76714e-06;2.91806e-08;7.66386e-07;1.01491e-07;7.64988e-07;3.81281e-08;2.36095e-05;0.0196825;0.000914239
1.0712e-06;0.00124034;7.85817e-10;1.55188e-08;8.32718e-06;1.87988e-08;1.14091e-08;0.997163;3.54987e-08;8.83132e-08;1.49159e-08;0.000664756;2.97448e-05;0.00089247
3.71165e-09;1.07871e-06;0.987877;3.90149e-06;0.00313373;0.00160256;3.10227e-12;5.84573e-06;2.15667e-11;6.90175e-08;8.37433e-10;0.0072935;9.15275e-07;8.1558e-05
1.20156e-06;0.0113376;7.14744e-07;1.51966e-08;1.24832e-10;1.95313e-08;0.988479;4.54447e-07;1.90758e-06;0.000143111;3.9267e-06;7.15331e-13;2.34987e-05;8.54786e-06
1.75239e-14;1.31149e-14;1;1.66095e-14;1.02215e-13;9.44486e-15;4.40018e-12;2.45596e-17;7.07217e-14;8.5343e-14;4.16943e-14;1.17495e-12;1.16924e-16;6.74963e-16
