1.10957e-06;0.999952;4.08779e-07;3.27313e-07;8.98237e-08;5.93975e-09;9.9181e-10;7.01696e-06;3.21397e-09;3.59967e-09;3.33541e-09;3.08459e-05;6.21566e-06;1.93948e-06
2.87244e-06;0.999443;6.09656e-10;2.27051e-08;4.47993e-09;2.77491e-09;0.000389824;6.14329e-07;5.51621e-09;1.29349e-05;1.2593e-08;2.67716e-09;8.49941e-06;0.00014202
1.79356e-08;6.12459e-09;0.999919;9.67593e-08;1.58906e-06;3.99519e-08;2.01744e-07;1.607e-10;3.08113e-08;1.59431e-08;8.48122e-08;7.90429e-05;2.34549e-10;2.43304e-08
9.80704e-08;0.999337;5.83305e-12;2.41427e-09;2.92463e-07;1.93733e-09;0.000188557;3.86349e-06;3.57541e-09;2.66062e-06;7.55711e-09;1.0061e-12;1.44589e-05;0.0004528
3.39959e-11;1.53675e-12;0.999999;2.84118e-09;5.91051e-08;8.89675e-08;3.29198e-10;9.79874e-13;5.47101e-11;5.2822e-10;1.49021e-11;7.37119e-08;6.83793e-14;8.15242e-07
1.93145e-06;0.994575;9.57393e-08;3.60767e-05;6.85089e-06;1.11624e-05;4.99653e-05;0.000383136;1.70775e-05;6.16302e-08;4.50774e-06;4.46423e-07;0.00478438;0.000129276
0.000132005;0.18946;0.0637499;0.000343063;9.37744e-06;0.000260089;0.000108116;0.744035;0.000120517;2.18174e-05;3.35735e-05;9.72793e-05;0.000378512;0.00125102
2.1591e-08;0.994771;2.33375e-08;1.15985e-06;1.44821e-06;7.97622e-07;1.83088e-09;2.10723e-06;1.10018e-07;3.22411e-08;7.77636e-07;0.000631128;0.00353826;0.0010533
3.39158e-07;0.00144505;5.93556e-11;9.76796e-09;0.0051192;4.81088e-07;6.96093e-07;0.991415;5.11851e-06;8.42729e-08;1.54318e-06;1.74674e-06;0.00201073;7.2816e-08
8.91754e-05;2.43758e-05;0.913266;0.000290257;0.071894;0.0133688;2.58834e-06;5.35311e-05;0.000117716;5.23293e-05;2.78838e-05;1.22725e-05;0.000156427;0.000644496
0.209227;0.787207;0.00101808;9.79718e-08;1.51584e-08;2.91844e-09;0.00037878;0.000115958;0.000489156;5.4904e-07;7.37975e-05;0.000999343;0.000489717;9.02371e-08
1.25574e-06;0.000150566;1.14646e-08;7.46641e-07;0.0046338;1.09245e-06;1.00419e-07;0.000131316;0.000170503;1.4766e-08;2.16673e-05;0.994829;2.83538e-05;3.19762e-05
0.000887515;0.76037;0.168473;0.00022783;0.00413794;0.000569733;2.11367e-05;0.0081823;5.86199e-06;9.76546e-05;2.59787e-05;0.00191358;0.0534675;0.00161905
0.000206323;0.00932665;0.00504155;2.33084e-06;1.34974e-06;2.93658e-07;6.38182e-05;0.00284624;9.66408e-05;1.82162e-07;6.04208e-05;0.587292;0.395062;1.27435e-07
0.000207351;0.036594;2.10325e-07;0.0191214;0.0138267;0.0320524;6.70224e-06;0.0348401;0.0298734;0.000190502;0.00189655;0.00238892;0.00793734;0.821064
0.000461539;0.994796;5.87912e-05;0.000120584;9.09998e-07;8.89645e-07;1.52307e-06;7.81169e-06;2.47576e-05;1.07125e-06;3.56204e-06;0.00449031;2.62644e-05;5.5902e-06
0.00104968;0.986203;3.92209e-08;3.51168e-08;2.13061e-07;2.25902e-09;2.88868e-06;0.0125267;1.00562e-06;1.07008e-07;1.21405e-07;3.95637e-07;0.00020496;1.11137e-05
4.13486e-08;0.000120511;2.44887e-07;3.4798e-08;0.00350786;4.31247e-09;6.04179e-09;0.000840449;1.99009e-07;7.30734e-09;3.20787e-07;0.995529;4.55238e-07;7.06111e-07
9.64923e-06;0.732922;0.0215224;4.31976e-05;0.00177744;2.77174e-05;1.11877e-06;9.95175e-05;2.85359e-08;3.18435e-05;2.38426e-06;0.0267364;0.215931;0.000894984
0.000155118;0.00458884;4.53746e-05;2.53173e-06;8.83072e-06;1.40877e-06;0.00322574;0.00249092;0.00189239;2.88576e-06;0.00220896;0.929451;0.0559229;2.88116e-06
0.000315226;0.00884153;1.40602e-05;0.000349307;0.0154218;0.0108254;6.37818e-06;0.957446;0.00133929;7.81791e-06;0.00027236;5.96146e-05;0.004059;0.00104261
2.76396e-05;0.000569553;3.52673e-08;1.07066e-06;7.28203e-06;3.31268e-06;4.96184e-09;0.000815233;2.12371e-05;1.57091e-08;1.06136e-06;0.997019;0.00151968;1.46222e-05
9.00014e-06;0.692893;0.00275614;8.38573e-06;0.000279491;0.000318265;4.09162e-08;5.31123e-08;9.86397e-09;4.52143e-06;2.08693e-08;9.59949e-05;0.000242539;0.303393
2.88541e-06;0.0395448;1.89028e-06;2.08308e-09;5.44623e-09;4.38335e-08;4.58095e-08;3.46463e-07;7.99709e-08;4.09238e-10;5.21817e-08;0.92312;0.0373297;3.10409e-07
1.15056e-05;0.0725717;8.92356e-09;1.18738e-05;0.00194402;0.00107917;4.33726e-07;0.507919;0.000117621;3.82684e-07;3.56387e-05;0.00435443;0.40418;0.0077743
1.37415e-05;0.0227153;1.00796e-05;7.81152e-06;0.00037762;0.000526496;6.40263e-07;0.969333;1.78447e-05;1.86831e-06;4.9107e-05;9.04709e-05;0.00181832;0.00503805
1.0706e-06;0.997741;2.23715e-08;2.79858e-08;7.83582e-09;2.04893e-08;0.00158612;4.48511e-07;1.21142e-09;4.50415e-05;1.06048e-08;1.3274e-07;0.000116696;0.000509133
4.9914e-11;6.04472e-10;1;6.35337e-10;1.8992e-09;3.8207e-09;1.34129e-08;5.25815e-13;4.7721e-11;6.0313e-10;1.9648e-10;2.1773e-08;1.83129e-10;5.38765e-11
1.34678e-05;0.335809;4.03927e-05;3.38561e-06;1.91655e-07;4.56302e-07;0.000125836;0.0367192;8.05243e-05;6.22183e-07;0.000415068;0.0101302;0.616661;8.88567e-08
6.10384e-06;0.058347;2.14229e-09;0.0149814;0.00122899;0.000735766;1.89168e-07;0.0527647;0.000586809;0.000171182;0.00259731;0.570265;0.000943734;0.297372
0.000160302;0.859058;0.000441173;0.02346;2.44672e-06;0.000183021;0.0139159;6.16098e-06;9.67224e-06;0.0706847;0.00312461;0.000933241;1.55255e-05;0.0280049
0.000376084;0.220288;0.00135836;0.000226104;0.000102127;6.29415e-05;7.42585e-06;0.0026148;1.6402e-05;4.67268e-07;0.00213261;0.771934;0.000223071;0.000657571
0.000212574;0.603709;3.89239e-06;1.88912e-05;7.01654e-05;0.00137297;0.00199043;0.0440974;0.000300377;0.000228191;0.000137561;4.36525e-07;0.345775;0.00208412
2.2728e-08;3.71599e-08;0.999996;1.78271e-08;3.59492e-08;4.23852e-09;2.38828e-07;2.62578e-09;1.24296e-08;3.37541e-09;7.66786e-08;3.1488e-06;6.25139e-08;1.98175e-09
1.82061e-06;0.00460489;0.00172868;3.72079e-06;8.94897e-07;9.94206e-07;6.42233e-09;0.000295486;2.32043e-05;5.27276e-08;7.44466e-06;0.992731;7.08651e-05;0.000530933
1.88976e-06;0.00136967;1.4178e-09;1.83154e-07;1.59426e-05;3.0183e-06;1.31602e-08;0.998452;6.25891e-05;1.29507e-07;1.28474e-05;8.36588e-06;5.31618e-05;1.97485e-05
7.56126e-06;0.984961;0.00165095;4.41522e-06;0.0027099;0.000393475;2.40783e-07;0.00127075;2.38739e-09;5.85066e-05;5.74977e-09;0.00177275;0.000488948;0.00668107
1.92552e-10;2.79268e-11;1;9.81782e-13;8.18393e-08;8.40107e-12;1.10467e-13;1.86607e-08;2.58696e-11;2.88696e-14;1.51109e-13;2.35202e-08;2.53918e-12;2.74538e-12
5.74409e-08;0.999708;3.13645e-10;3.78563e-10;5.78323e-09;2.52907e-10;8.93101e-08;3.9878e-06;2.96152e-08;4.09902e-08;6.36307e-10;2.15018e-09;1.4392e-06;0.000286197
6.02389e-07;0.00221467;7.55335e-07;1.39714e-07;4.36876e-06;1.79299e-06;2.04167e-05;0.997458;0.000151739;2.17571e-07;1.30684e-05;1.61574e-06;0.000132504;8.2524e-09
8.56029e-08;0.00454118;1.20769e-08;3.69676e-07;4.07851e-06;3.67652e-06;2.23885e-09;0.00132805;5.14823e-08;1.44867e-08;1.03184e-08;7.61286e-06;0.994107;7.45069e-06
6.20634e-07;0.00132771;8.94687e-08;3.9134e-05;5.30531e-05;0.000206102;1.58181e-08;8.17141e-06;3.95081e-06;4.27165e-06;8.35453e-07;0.000135552;1.98902e-05;0.998201
1.05063e-05;0.209024;2.09518e-10;3.70392e-07;9.69563e-09;2.20151e-07;1.74577e-05;7.96681e-06;2.05544e-05;6.0907e-08;2.4242e-05;2.00599e-05;0.790875;1.60326e-08
1.20442e-05;0.969558;0.0229377;2.56364e-05;7.17024e-07;3.74421e-07;1.30504e-06;2.64563e-06;1.36488e-06;1.24119e-06;1.58638e-06;0.00717236;1.12372e-06;0.000284205
1.11287e-07;0.0123353;8.68888e-12;9.09182e-08;7.24894e-06;1.49556e-07;6.81966e-06;3.15988e-08;1.64795e-07;1.88036e-05;5.05889e-08;2.07469e-10;6.6351e-09;0.987631
5.6672e-07;7.69087e-06;0.998616;2.88695e-08;6.00563e-07;3.40196e-06;2.41441e-07;4.50823e-06;7.45731e-08;3.13151e-08;6.02584e-07;0.00056243;0.000804429;5.59739e-09
6.9361e-07;0.0202125;3.88072e-09;2.40309e-07;2.88561e-06;5.68159e-06;1.82727e-06;0.000135892;1.49243e-07;8.26153e-08;1.07629e-06;1.82962e-07;0.979632;6.55145e-06
1.57123e-05;0.000446462;0.000259763;0.00422078;0.00731647;0.953455;1.19827e-06;0.00143948;2.95085e-06;9.49214e-05;1.24914e-05;0.000277698;0.000246932;0.0322097
1.37317e-05;0.997441;2.03677e-07;3.03973e-06;1.93313e-07;8.74483e-06;6.82952e-07;0.00110806;5.24153e-06;4.23394e-08;1.31913e-05;2.0819e-05;0.00138176;2.97481e-06
1.64505e-05;0.00162298;0.000198958;1.32938e-07;2.27058e-06;1.95294e-07;8.80127e-08;0.000104075;3.59829e-06;1.80438e-07;1.36945e-06;0.997904;7.92871e-05;6.63666e-05
0.00172334;0.00603145;2.00285e-06;2.63996e-06;0.000141019;4.41902e-05;0.000354668;0.21744;0.756082;6.59319e-06;0.0102726;1.31728e-05;0.00522353;0.00266324
9.38847e-05;0.995871;2.85179e-07;2.40763e-09;7.16446e-09;3.35119e-09;0.000409454;2.04967e-05;2.11483e-07;4.89892e-05;8.33011e-09;1.11816e-08;7.7964e-06;0.00354807
9.92162e-11;4.67137e-10;0.999999;1.77577e-10;3.92579e-09;1.05583e-09;3.39045e-10;6.49987e-11;6.27316e-11;4.08427e-10;7.44e-11;1.12562e-06;9.80716e-13;5.84897e-10
5.13101e-06;0.980077;7.6413e-07;9.21133e-07;4.87172e-07;6.70229e-07;1.06503e-05;0.00383932;8.84658e-06;1.03627e-06;2.74759e-05;1.48656e-05;0.0160123;9.00052e-07
1.50611e-06;0.974995;7.65302e-07;1.52473e-05;2.47429e-05;7.04764e-06;3.4117e-06;0.00965673;7.36462e-06;5.49339e-06;7.38292e-05;0.0111557;0.0039051;0.000147606
2.66174e-06;0.956436;1.88053e-08;8.57432e-06;5.53811e-05;1.51018e-06;0.000248219;0.000748366;1.83215e-05;5.75584e-06;0.000252324;0.0200794;0.0218823;0.000261394
6.57239e-05;0.0208381;1.31438e-08;2.15593e-05;2.52144e-05;7.93223e-06;7.0653e-06;0.00089995;7.05638e-05;4.11372e-06;6.39291e-05;0.899592;0.0783662;3.79977e-05
1.31577e-05;0.980535;0.0186525;1.11476e-05;8.52183e-06;4.21767e-06;1.18957e-07;6.49335e-05;2.03234e-08;2.05726e-06;3.32577e-09;4.22608e-05;7.27705e-07;0.00066546
1.5506e-06;0.000126049;2.13942e-10;2.97001e-07;5.19894e-07;1.82526e-06;1.76558e-08;0.000130738;8.90362e-07;1.84634e-09;9.84133e-07;9.08804e-06;0.999726;2.17649e-06
1.644e-05;0.000503587;6.11895e-08;6.75071e-07;1.24169e-07;2.03482e-07;8.28356e-08;1.85996e-05;1.21749e-05;2.9169e-08;1.29386e-05;0.998938;0.000360752;0.000136365
9.67983e-08;0.999319;4.61801e-10;1.28403e-08;2.05727e-08;9.55303e-09;4.42152e-07;1.83876e-05;2.57996e-10;8.19205e-07;1.34521e-09;3.91077e-09;2.20708e-06;0.000658997
1.12802e-10;1.42194e-11;1;4.56915e-09;2.31026e-09;1.61723e-09;1.00327e-09;4.38914e-12;1.93255e-09;5.34921e-10;2.97035e-09;3.49451e-08;3.67068e-13;1.11158e-10
1.31028e-07;0.0447609;2.32146e-08;3.10217e-08;1.33088e-09;6.57337e-09;2.17363e-08;7.30715e-10;4.942e-10;2.80035e-10;1.85075e-08;4.76141e-08;0.955239;2.54181e-09
7.20242e-09;0.000100894;4.02468e-07;1.05979e-08;1.49456e-07;8.09396e-09;5.80458e-10;7.95614e-06;9.16017e-09;1.90058e-10;1.42591e-08;0.999841;4.85148e-05;1.39214e-06
3.02183e-07;0.478255;5.16096e-07;6.65152e-06;0.00427679;0.000293131;1.4234e-08;0.512348;6.97158e-08;2.71134e-07;5.4865e-07;3.69933e-06;0.00460198;0.000212959
1.52324e-09;2.06445e-07;1.7725e-09;4.36158e-10;2.27023e-11;9.83197e-06;7.74605e-12;6.40463e-09;8.44095e-10;2.16356e-10;8.32155e-10;8.01243e-10;0.99999;1.80261e-10
1.30494e-10;7.86596e-09;1;2.32162e-09;8.96696e-11;2.25786e-09;2.91873e-12;1.86714e-11;1.43164e-12;8.41965e-10;8.51907e-12;8.84036e-08;6.50798e-10;1.91032e-09
1.20905e-07;0.999713;2.22248e-07;1.53905e-06;4.52493e-07;1.934e-06;1.02264e-06;0.00020024;4.19973e-06;9.19042e-08;1.74795e-05;7.84304e-07;4.60462e-05;1.26162e-05
