3.77115e-05;0.944821;2.74172e-07;7.30992e-08;2.4965e-07;6.39218e-08;9.74592e-07;0.0406752;9.05018e-07;1.81907e-07;5.76844e-07;1.26619e-05;0.0144488;1.14334e-06
1.48469e-06;0.716161;0.000343085;1.67006e-05;0.00223609;5.18958e-06;2.02887e-07;0.0021099;2.7711e-07;1.12225e-05;1.11671e-06;0.0803242;0.000991251;0.197799
2.42532e-05;0.0996633;1.92125e-07;0.00020262;0.000160278;0.00800337;0.00108465;0.0892579;0.0017737;0.000643334;0.00032936;3.26577e-07;0.797189;0.00166786
1.08174e-07;2.15309e-07;0.999999;1.16288e-08;4.82323e-09;2.88958e-11;5.13499e-08;1.72525e-08;1.05198e-08;4.16803e-09;1.48597e-08;3.83145e-07;4.08264e-09;2.4963e-09
1.24458e-08;3.54865e-06;1.34154e-07;3.93766e-08;3.92667e-07;6.20992e-09;5.64547e-10;2.67745e-06;1.69014e-07;7.13215e-09;2.89294e-08;3.54932e-07;3.55372e-09;0.999993
6.80741e-06;0.00502098;3.02989e-09;2.40736e-07;0.000565009;3.84541e-06;6.65368e-07;0.994108;0.000256554;2.15715e-08;1.56355e-06;3.66403e-07;3.50688e-05;1.38538e-06
9.12246e-07;2.79257e-05;0.989472;1.28165e-06;0.000732326;1.80088e-05;1.22026e-09;5.96484e-08;2.19062e-09;3.9223e-08;4.0789e-09;0.0097007;4.18071e-06;4.22268e-05
1.57813e-06;0.999628;1.6979e-10;1.46284e-08;7.83183e-09;1.09133e-07;8.31303e-08;4.31325e-05;1.09933e-06;1.79246e-10;2.5667e-07;7.4179e-06;0.0003168;8.32776e-07
1.03678e-06;0.987862;3.93468e-09;9.43319e-07;8.04588e-05;6.83293e-06;3.54741e-07;0.000287133;5.12765e-07;1.11469e-06;2.26108e-07;7.02285e-06;0.0115424;0.000210376
9.36521e-06;0.988916;1.04587e-06;1.20455e-05;0.000145592;1.68919e-06;2.43441e-07;0.0029603;1.19116e-07;1.72436e-05;3.66828e-07;0.00112602;0.00509442;0.00171515
1.10616e-05;0.107842;3.48171e-07;0.000157026;8.78149e-05;0.000661474;0.000182335;0.000601347;0.000115522;3.95081e-05;0.000443214;0.000117449;0.887979;0.00176236
3.42107e-07;0.000658069;0.9992;2.36093e-06;7.14226e-06;6.53796e-07;5.76584e-08;7.80055e-07;2.28633e-09;2.97709e-06;6.1973e-09;9.29684e-05;1.03892e-06;3.35397e-05
7.99693e-08;1.62438e-08;0.999996;2.15129e-08;4.12403e-07;6.00295e-08;8.9154e-08;2.95618e-08;4.65509e-08;4.54386e-09;3.32884e-08;3.68732e-06;3.13079e-08;2.70702e-08
6.79407e-07;0.0225125;7.30775e-08;6.4518e-07;0.000186334;1.23926e-05;9.56728e-09;0.968427;4.91057e-05;7.97801e-08;5.44223e-05;0.000292781;0.00838451;7.96917e-05
1.2431e-06;0.997523;1.12054e-05;2.44526e-05;0.000103921;4.62087e-06;2.44947e-07;0.000148889;5.37381e-06;3.60935e-05;4.26265e-05;0.00107841;0.000193353;0.000827085
4.01509e-05;0.0366097;6.34659e-07;6.64781e-06;0.832455;0.00574084;2.27765e-06;0.0693846;8.64707e-06;1.27818e-05;3.36918e-06;0.00102228;0.0374988;0.0172145
4.72905e-05;2.69052e-05;1.13814e-08;1.66742e-07;7.51964e-06;5.01555e-08;2.23264e-07;0.993844;3.59414e-05;2.84929e-08;2.71178e-06;2.30232e-05;0.00600894;3.29676e-06
0.000390855;0.0955819;4.34763e-05;9.77432e-06;1.88134e-05;5.55207e-08;4.037e-06;0.00248854;0.000172717;1.9894e-06;6.9722e-05;0.899334;0.00174332;0.000140669
2.5388e-07;0.99964;2.44892e-10;8.1185e-10;3.1919e-10;2.82344e-10;1.06832e-08;3.35171e-06;3.50169e-09;9.93251e-10;6.98461e-09;3.21123e-05;0.000324288;9.53615e-11
4.99259e-06;0.0151724;5.00013e-06;5.40274e-06;1.49431e-05;1.48208e-05;3.84602e-07;0.00841854;8.38522e-06;1.01943e-06;6.042e-05;0.975922;0.00015898;0.000212632
3.25744e-06;0.830786;1.23771e-06;2.34219e-06;7.25714e-06;3.09637e-05;0.00110654;2.46177e-06;2.16278e-07;0.000651029;2.96749e-07;3.3365e-08;6.12255e-05;0.167347
8.4935e-10;1.67432e-10;0.999999;1.56409e-07;6.35746e-09;4.05672e-07;1.62955e-07;4.68182e-12;1.3271e-08;8.69496e-09;3.06659e-07;9.31035e-08;3.11871e-10;1.94108e-10
0.000420821;0.880032;0.00800568;1.87128e-05;9.22031e-06;0.000830912;6.78556e-06;0.0247095;3.22905e-05;1.94213e-05;8.81237e-05;0.0166436;0.0685424;0.000640628
1.16617e-07;2.3739e-05;7.56537e-09;5.29719e-07;2.03746e-06;9.10237e-06;1.88744e-08;0.00140104;5.64128e-07;3.0194e-08;6.1127e-05;3.49177e-06;0.998494;3.90702e-06
6.0752e-06;0.000417243;2.88364e-06;3.4777e-07;4.95933e-07;6.23606e-07;1.40072e-09;5.23809e-05;1.86291e-07;4.01399e-08;5.16675e-07;0.995602;0.00391559;1.28815e-06
4.80741e-06;0.952055;4.07808e-07;6.93464e-06;1.87282e-05;1.42251e-05;1.24665e-06;0.00328529;4.35295e-07;3.75401e-06;6.63485e-06;0.000720192;0.0438602;2.21793e-05
4.37768e-05;0.264636;2.86196e-06;0.0221564;0.00720462;0.0268622;9.78332e-06;0.0561338;1.36396e-05;0.000475637;0.000955915;0.0070297;0.0700538;0.544422
4.68749e-06;0.951739;1.1275e-07;1.38488e-07;1.37389e-11;1.24539e-09;0.0479925;4.25465e-10;2.89665e-10;0.000179719;2.27001e-07;2.25967e-09;8.19451e-05;1.58358e-06
3.48126e-10;6.18382e-11;0.999999;1.06035e-10;3.36495e-11;1.2806e-12;7.23496e-07;6.88793e-14;1.01324e-10;1.47951e-09;3.9051e-10;2.96677e-08;1.01273e-13;9.28564e-12
2.19931e-05;0.963093;2.80643e-08;5.10141e-06;2.68392e-06;1.31704e-05;0.0184829;0.00286401;0.0100602;0.000253007;0.00132655;6.90165e-08;0.0036654;0.000211999
2.12207e-11;4.3695e-10;1;1.52185e-10;3.40248e-10;7.2866e-10;2.376e-09;2.26488e-15;1.78547e-12;9.32787e-10;4.79359e-13;3.90085e-09;1.16478e-13;2.68929e-07
8.2972e-06;0.949649;8.7084e-06;6.05736e-05;0.00127364;7.19613e-05;0.000155301;0.012952;0.000581663;4.92317e-06;0.000475343;0.0256291;0.00179056;0.00733872
8.29243e-08;0.99876;7.16769e-09;1.48263e-08;2.14179e-08;3.74645e-07;7.22266e-08;0.000231543;1.26607e-08;8.5915e-08;1.25617e-08;0.000674832;0.00030686;2.65439e-05
1.08208e-06;0.955803;2.81872e-08;7.80783e-07;0.000371872;9.58961e-05;3.07895e-06;0.0068158;6.71722e-06;1.22951e-07;1.0747e-05;0.000385528;0.00168381;0.0348215
3.28568e-05;0.132452;9.1285e-07;1.25346e-05;0.000728386;0.000155428;3.96283e-07;0.00167514;1.74215e-05;5.49309e-06;2.57625e-06;0.573244;0.246418;0.0452553
1.3099e-06;0.00240258;2.74505e-09;5.72332e-08;0.000255601;4.91981e-05;2.16935e-08;0.993116;3.00253e-06;2.38163e-08;7.31562e-08;0.000274522;0.00388834;9.14274e-06
3.69322e-06;0.0272525;2.9942e-07;1.13918e-06;2.26798e-05;2.241e-05;1.49507e-07;0.807375;2.2907e-06;1.24805e-06;2.27985e-07;2.60145e-07;0.165309;8.81602e-06
4.06438e-09;5.55051e-09;1;1.56393e-08;2.03939e-08;4.73141e-10;1.47305e-08;4.13689e-10;2.99233e-08;3.25564e-10;1.75467e-09;2.98094e-08;1.72343e-10;1.71857e-09
4.7162e-06;0.00146427;0.972282;1.15777e-05;2.36715e-06;3.76613e-05;1.02808e-07;0.00148706;1.10804e-06;2.85967e-07;4.95278e-07;0.0238654;0.000530572;0.000312531
2.73346e-07;0.000308415;3.62358e-06;1.62153e-05;0.983573;0.010052;2.09953e-07;3.50147e-05;1.12396e-06;7.71403e-07;1.54648e-05;2.13413e-06;2.70295e-05;0.00596419
3.40113e-07;0.000679173;0.936183;3.303e-05;0.00304945;0.00206457;3.72275e-09;8.46395e-06;2.33637e-09;2.00877e-06;1.31469e-06;0.0439554;0.0132014;0.000822226
4.57111e-06;0.662134;2.74811e-06;2.67296e-05;4.83927e-07;2.09424e-05;6.05999e-06;0.000271546;7.37843e-06;5.76e-07;0.00110435;0.000600299;0.335819;5.75667e-07
2.14395e-06;0.0260853;1.38166e-08;3.29683e-06;0.00898227;8.56331e-07;1.04495e-08;0.964784;3.28279e-08;1.75886e-07;6.89781e-07;1.81423e-05;8.89042e-05;3.42636e-05
1.67424e-05;0.00285822;0.718025;0.00329;0.272229;0.000277439;1.51975e-06;0.00108633;2.11613e-07;0.000261553;7.22735e-05;0.00149548;0.000282811;0.000102704
0.00311513;0.652096;0.114212;0.046545;0.0277004;0.0113266;0.00197986;0.00208807;1.2362e-05;0.00482069;0.0544847;0.00546756;0.0553109;0.0208406
4.52526e-05;0.0157216;0.0135835;3.05781e-05;0.000977629;1.16786e-05;4.11904e-08;0.000362584;9.33898e-08;1.2626e-07;9.01577e-05;0.968594;0.000148357;0.000433992
0.00432736;0.551407;1.85636e-05;6.85e-05;0.00967889;0.00225813;0.000943172;0.0454074;0.0643054;1.29168e-05;0.0247189;0.00012264;0.296592;0.00013933
1.32277e-06;0.99879;1.36718e-10;2.90937e-10;1.03222e-10;4.84019e-10;0.000924841;6.11985e-07;5.74712e-08;1.48424e-06;1.5212e-07;4.81958e-09;0.000281026;3.47527e-07
8.16035e-14;4.80095e-13;1;1.2944e-12;5.65498e-10;7.76913e-13;4.4187e-12;2.83853e-15;1.65227e-13;2.58617e-11;7.30505e-15;5.03663e-09;5.47807e-16;3.82943e-11
6.85468e-05;0.0406589;4.02866e-06;0.000290604;0.000179137;0.000113279;0.00055105;0.338443;0.609192;1.70017e-05;0.0100257;0.000216257;0.000204186;3.6244e-05
0.000119963;0.987405;1.42204e-08;5.76757e-05;6.64143e-06;7.16912e-07;0.000144598;5.29627e-06;0.00448218;8.84779e-06;0.00686882;5.93909e-05;0.000713561;0.000127811
2.6333e-05;0.995224;5.47439e-10;8.99642e-08;5.21393e-08;1.56754e-09;0.00449531;1.39004e-05;9.38994e-07;0.000132999;5.08726e-07;1.45915e-07;7.66123e-06;9.76875e-05
3.49382e-09;7.22182e-10;0.999999;2.21174e-08;4.19149e-08;3.33892e-09;7.75908e-08;3.02316e-11;1.24457e-07;3.81816e-08;1.28063e-08;8.55427e-07;4.76086e-12;3.60852e-09
1.2713e-06;0.536541;2.68154e-07;8.7652e-07;1.0804e-08;5.19587e-07;5.26684e-06;2.97307e-07;4.86544e-07;2.68346e-08;4.12621e-06;1.47132e-07;0.463446;2.10159e-09
3.38758e-07;0.00638317;1.25445e-06;1.27309e-08;8.63065e-08;1.25007e-06;1.74016e-08;0.000609172;8.30624e-08;9.61874e-09;3.38015e-08;0.969108;0.0238946;2.11543e-06
5.25564e-07;0.0281028;0.00149753;3.95391e-06;0.0405065;0.00505812;8.55121e-08;0.15932;1.69583e-07;1.51994e-06;2.23253e-08;0.000169199;0.738243;0.0270971
2.31451e-08;9.65553e-05;1.88679e-08;2.14765e-07;5.16411e-09;5.20672e-05;1.63699e-07;2.21908e-07;1.11338e-06;5.81219e-08;8.2568e-08;2.86977e-07;0.999849;1.03072e-07
3.85826e-08;7.45267e-05;0.999882;4.33076e-07;8.01716e-08;1.3204e-07;1.40929e-08;2.32543e-08;2.59676e-09;4.95016e-08;2.83514e-09;3.15945e-05;1.2719e-08;1.12727e-05
1.47799e-06;0.97806;8.4136e-08;9.04557e-06;9.67758e-06;5.25475e-06;1.02525e-06;0.0204764;3.52321e-05;4.14832e-08;0.000104794;5.00035e-06;0.00118388;0.000108541
3.59073e-05;0.0211953;2.41184e-07;2.93253e-06;6.1909e-05;4.365e-05;1.82664e-08;0.768342;2.18452e-06;5.86168e-07;5.68115e-06;0.00539465;0.0509897;0.153925
2.25574e-06;0.00342941;2.6718e-06;1.33252e-06;3.65748e-05;1.25579e-05;3.36249e-05;9.15103e-05;6.75506e-08;0.000177667;1.14531e-06;1.19477e-06;6.24404e-06;0.996204
3.8756e-10;4.75594e-10;0.999999;3.70982e-09;1.42158e-09;1.52509e-10;5.11643e-07;3.10011e-12;3.94807e-10;3.43733e-09;4.90462e-09;3.41386e-08;2.11674e-12;2.4085e-09
2.00827e-05;0.979896;3.20107e-06;3.97564e-06;5.5617e-05;2.83203e-07;3.57638e-05;0.000332375;1.22059e-05;7.75871e-07;2.61666e-05;0.00191923;0.0175348;0.000159136
3.98367e-06;0.935064;2.66302e-06;3.29941e-05;0.000635565;1.94669e-06;6.61697e-07;0.0359849;5.8759e-06;3.08103e-06;3.1967e-05;0.00233524;0.0250395;0.000857766
3.06979e-07;0.0161527;1.35746e-09;2.92472e-06;4.01561e-06;0.000312202;2.17673e-05;1.2587e-05;3.04392e-06;4.7229e-06;6.74088e-06;9.6073e-08;0.98347;8.61316e-06
2.46485e-06;0.000322295;0.996238;2.62431e-06;1.03447e-05;2.00475e-06;1.55417e-05;7.72808e-08;2.36287e-08;0.000370609;3.96236e-08;0.00286676;3.47172e-07;0.000169179
2.37294e-08;3.17021e-09;0.999992;5.5198e-08;1.50825e-08;3.28128e-07;4.02066e-06;1.66403e-11;2.13062e-06;2.41526e-08;1.17282e-06;2.53196e-07;1.55055e-09;2.7452e-11
1.97234e-05;0.99951;1.28448e-06;1.21906e-07;1.08819e-07;2.39004e-08;6.56874e-07;0.000217112;6.69798e-06;5.24035e-08;1.44822e-05;0.00015842;7.17907e-05;2.46613e-09
2.6534e-07;0.999752;2.37774e-10;4.0061e-07;6.62508e-07;2.35586e-08;1.44637e-05;4.76956e-06;9.88823e-07;7.03568e-05;1.00532e-07;1.11487e-07;1.5655e-07;0.000155477
5.8096e-09;1.29301e-08;0.999997;4.40857e-09;1.69796e-10;1.75544e-10;3.11772e-08;2.0224e-09;5.82165e-09;2.40111e-09;1.91943e-07;2.58344e-06;4.89179e-09;1.14841e-10
1.47839e-07;0.999282;1.56589e-09;2.86069e-09;7.86298e-06;4.9115e-09;9.41923e-09;0.000696542;8.08089e-10;9.34064e-10;6.62611e-09;1.59573e-08;5.9943e-07;1.24511e-05
1.35433e-06;1.8948e-05;0.000322541;4.92016e-07;0.00258692;1.21829e-05;7.61204e-09;7.57571e-06;1.14254e-08;2.88664e-07;5.92864e-09;0.99696;3.83457e-05;5.12638e-05
0.000774827;4.32185e-05;5.4414e-06;3.3085e-07;6.83834e-08;3.47252e-07;0.000636418;0.00304524;0.994428;7.70581e-08;0.000914384;6.23799e-08;0.000151159;4.29449e-08
2.86077e-05;0.998075;2.26462e-06;7.11363e-07;1.78761e-06;2.51875e-07;1.99628e-06;0.000416702;0.000678604;1.09514e-07;1.45657e-07;1.16816e-05;0.000766051;1.62146e-05
1.1377e-05;0.000360066;2.84973e-08;1.96221e-05;0.000132317;8.82931e-05;1.203e-09;0.99157;3.34549e-05;6.42647e-07;1.30939e-06;0.00724911;0.000414346;0.00011909
6.25942e-06;0.999851;1.77158e-09;1.67224e-08;3.53952e-09;1.98418e-09;5.13066e-08;8.75057e-05;6.95247e-09;1.81434e-08;2.86846e-08;2.07264e-06;5.32127e-05;2.41057e-08
1.33214e-06;0.0151878;4.63516e-10;4.81132e-07;6.1586e-06;7.2672e-07;2.68763e-09;0.00528196;5.90608e-07;2.65305e-09;8.14555e-07;8.72609e-05;0.979433;1.63901e-07
6.64926e-07;0.999058;0.000378108;7.38102e-06;4.8967e-07;2.24835e-07;4.79562e-07;0.000469305;1.82725e-08;1.52146e-06;4.30811e-08;1.19984e-06;7.10266e-05;1.20321e-05
4.31241e-10;5.52334e-09;1;6.40704e-09;1.9319e-09;1.51226e-10;7.48335e-09;2.9596e-10;1.95783e-11;3.8776e-10;5.3639e-10;5.25868e-08;8.52509e-10;4.48009e-11
3.50463e-07;4.11835e-06;0.962889;6.22339e-06;3.01536e-06;3.45041e-05;2.21234e-08;8.8112e-06;1.14565e-07;9.66799e-08;3.78577e-06;0.0369317;2.83466e-06;0.000115061
3.33713e-05;0.206919;6.95354e-05;3.58028e-05;0.00544005;0.133725;3.02139e-07;0.000531422;4.29949e-06;8.25468e-07;0.000648803;7.37184e-05;0.000745071;0.651772
8.5426e-08;0.239222;7.1605e-10;1.98704e-06;6.49355e-05;0.0561017;6.76558e-07;1.76991e-05;1.84608e-11;4.3068e-05;1.72161e-09;3.82061e-10;0.000107055;0.704441
1.71293e-12;8.60926e-14;1;2.54181e-11;2.18101e-10;8.42596e-10;1.20037e-14;1.38759e-13;2.34962e-15;1.29719e-13;5.71881e-14;2.70857e-09;5.48931e-13;9.55605e-11
3.45331e-06;0.14605;2.60091e-05;5.53691e-07;6.48928e-06;0.000262694;2.01047e-07;0.000542594;6.36253e-09;9.01076e-07;7.30915e-08;3.73586e-07;0.852895;0.000211549
8.10155e-13;4.98747e-11;1;8.61847e-12;4.1665e-09;3.81918e-10;9.21534e-15;4.28532e-13;2.63917e-16;2.5672e-13;4.38372e-15;3.92493e-11;2.05689e-12;5.18689e-08
1.13956e-08;6.58588e-06;7.20085e-05;5.31402e-06;9.39717e-06;1.97062e-05;4.88357e-12;1.47121e-05;1.7772e-08;3.35602e-09;2.03482e-07;0.999754;1.59785e-05;0.000102302
1.57478e-06;0.900245;4.57307e-05;2.28407e-05;0.000462079;0.00784378;9.80041e-08;0.000656288;1.03326e-08;5.98199e-06;1.18121e-06;1.03232e-05;0.000641686;0.0900631
6.13522e-08;4.45553e-06;6.28058e-09;2.67638e-09;4.54136e-05;5.73452e-09;1.94627e-10;0.999909;7.35427e-10;7.64167e-10;1.66014e-08;1.09937e-05;2.96182e-05;1.74594e-08
7.41975e-10;6.03792e-07;0.999999;1.93008e-08;6.89751e-08;3.95452e-09;2.54217e-12;4.81063e-10;1.89256e-13;7.0032e-09;3.25965e-12;4.92569e-09;2.45708e-08;9.17612e-08
2.81037e-05;0.246005;1.41404e-05;1.12624e-05;2.07213e-05;0.000245087;3.16063e-05;0.119797;0.000118436;4.28215e-06;0.00116196;0.000375144;0.632162;2.56716e-05
