1.72226e-05;0.907914;8.86419e-09;9.39918e-07;4.55065e-07;1.5956e-06;1.3371e-06;0.00194735;7.92234e-06;1.25398e-06;2.70299e-06;6.23022e-05;0.0900423;7.19788e-07
6.79577e-07;0.000313513;8.81288e-08;6.53078e-06;5.92603e-05;0.000214352;2.35865e-07;4.16528e-05;1.03886e-07;1.50374e-06;7.02461e-07;0.998588;9.93733e-05;0.000673903
0.000235029;0.832001;4.38447e-06;4.76956e-05;2.03057e-06;1.61198e-06;0.00037186;0.0203899;0.00022581;6.27764e-07;0.000231686;0.0462262;0.100262;6.48725e-08
1.34374e-05;0.446184;2.0476e-08;0.00637201;0.000967073;0.00228415;1.59225e-07;0.432896;0.000285616;3.55199e-05;1.64102e-05;0.00223488;0.000777467;0.107933
0.00148613;0.113429;0.000118973;4.50561e-05;1.30479e-05;2.44355e-05;5.64397e-06;0.0777855;3.2564e-05;3.54818e-06;0.000105208;0.7379;0.0689583;9.17453e-05
2.94183e-08;0.999958;1.57736e-09;6.83192e-09;6.93015e-10;4.9517e-09;2.63448e-05;3.26701e-07;7.83354e-09;7.29283e-07;2.28922e-08;5.12085e-08;5.36271e-07;1.3803e-05
1.01828e-10;1.81796e-10;1;3.43536e-11;3.11547e-09;7.33648e-11;1.99423e-09;3.809e-12;6.97822e-11;1.09626e-10;5.22508e-11;3.45851e-08;1.15229e-10;7.7873e-10
2.12102e-06;0.999411;5.78671e-07;5.74276e-09;1.00531e-07;3.85667e-09;0.000196241;2.05721e-06;1.45982e-06;8.86732e-06;1.12622e-06;2.71777e-07;9.09184e-05;0.000284836
1.12898e-11;3.1702e-11;0.999998;2.38992e-11;2.72912e-09;6.29144e-10;2.43934e-10;2.47612e-12;3.07469e-11;1.2215e-10;5.43183e-12;2.10207e-06;1.7531e-13;3.54543e-09
6.41521e-06;0.956514;5.38121e-08;6.55536e-07;5.57434e-06;3.23099e-05;0.000283722;0.0249997;9.83706e-05;7.82631e-07;4.95424e-06;4.02545e-07;0.0171498;0.000903726
4.53499e-07;0.277708;9.67293e-06;1.14083e-05;1.24818e-05;7.77241e-06;6.14272e-07;0.000296207;8.26374e-06;1.07232e-07;2.3301e-05;0.721042;0.000638327;0.000241522
5.37335e-06;0.329772;1.50001e-06;2.30981e-06;0.000380585;0.000131314;5.7869e-07;0.508005;2.10264e-06;2.44578e-06;1.96479e-07;0.00616223;0.132711;0.0228226
7.04673e-05;0.211694;8.54296e-05;3.20947e-05;0.00267265;0.335149;1.07821e-05;0.020124;5.40391e-05;0.000179906;3.22082e-07;2.7234e-07;0.35501;0.0749177
1.99994e-10;4.3096e-10;1;1.73802e-10;3.72708e-11;1.17355e-10;9.01843e-11;1.32738e-11;6.48901e-11;1.56583e-11;1.02046e-11;1.03732e-09;3.70685e-12;1.04083e-11
4.76291e-06;0.000225269;4.19953e-05;5.666e-06;6.2854e-06;0.000178099;9.51288e-08;0.000140526;9.93665e-05;1.34115e-07;7.4956e-05;0.999004;0.000187253;3.11392e-05
6.65718e-08;0.999892;2.33433e-08;4.36913e-10;2.95569e-09;1.745e-07;6.51219e-09;4.18643e-07;5.25858e-11;2.59593e-09;2.69127e-10;2.41364e-07;0.000106567;1.24727e-07
1.71594e-08;0.00121233;3.215e-06;3.13457e-07;0.000115074;1.48602e-05;4.11424e-09;0.000104905;2.3281e-08;1.03747e-07;5.69726e-08;0.989306;0.000182012;0.00906085
3.74597e-06;0.841283;3.47245e-07;8.17214e-05;2.2682e-05;0.00043211;4.61973e-06;0.0725926;0.0014814;4.14935e-07;7.46628e-05;5.05394e-06;0.0840107;6.58343e-06
5.498e-07;0.00135871;9.19191e-10;3.00429e-09;2.57186e-07;2.94621e-08;3.27696e-12;0.998408;1.67277e-11;5.33277e-10;5.28345e-12;4.43676e-07;0.000229651;1.99124e-06
4.5607e-08;0.00414677;2.06233e-06;2.56465e-06;5.98798e-05;5.29499e-05;4.8866e-09;1.5655e-05;5.46533e-10;3.21286e-07;2.81231e-08;0.991699;0.00111839;0.00290194
1.62893e-07;0.000534161;2.21058e-10;3.17539e-08;1.45235e-06;3.51182e-08;2.09833e-08;0.000111917;9.6661e-08;6.30404e-09;1.33143e-06;7.27209e-07;0.99935;1.27435e-08
0.000119317;0.0153608;1.08015e-05;2.86046e-06;4.19049e-06;2.83263e-07;9.1926e-07;5.95174e-06;4.87453e-05;2.1914e-06;1.61628e-05;0.982993;0.00075221;0.000682931
4.39098e-06;0.999885;2.86884e-05;3.27179e-06;3.13189e-07;3.4285e-07;2.9912e-08;5.23341e-06;2.33601e-08;1.2302e-07;6.92825e-08;4.05278e-05;2.81485e-05;3.36512e-06
5.54468e-05;0.0186717;5.39301e-10;3.24806e-07;1.82678e-05;5.93309e-07;3.13786e-08;0.979837;7.1631e-07;2.29864e-07;1.13609e-06;0.000243665;0.00116923;1.97051e-06
5.73004e-06;0.404832;0.00843221;0.000127502;3.9294e-05;5.19462e-05;1.54268e-06;0.00441628;2.56018e-06;1.3764e-05;1.76541e-05;0.568897;0.0129559;0.000206306
0.000106245;0.689968;0.000166596;0.000248589;0.0178865;0.0542557;2.89734e-05;0.0497401;4.10874e-05;3.336e-05;0.000897766;0.0820039;0.051343;0.0532805
4.58918e-07;0.95436;8.39685e-08;4.60949e-07;2.61069e-05;8.10258e-06;0.000197547;3.44894e-05;5.01987e-08;0.000147486;2.26561e-08;2.26781e-08;3.13667e-05;0.0451944
3.50605e-11;9.74702e-13;1;3.06524e-11;2.54284e-10;4.60667e-11;7.84684e-11;9.7971e-14;2.15529e-11;4.81932e-12;3.13918e-12;2.42869e-08;2.9799e-12;2.83989e-12
6.83848e-06;0.00151408;5.62833e-09;8.03846e-09;2.27561e-06;1.57261e-09;2.14093e-07;0.998468;1.32771e-06;1.03413e-08;1.6257e-07;2.95909e-06;3.38721e-06;3.9605e-07
1.11975e-07;0.959275;1.12474e-13;1.40824e-08;1.73538e-07;1.04612e-07;4.95299e-05;3.3303e-06;2.37359e-09;1.80801e-05;3.80153e-10;1.19304e-09;4.07156e-06;0.04065
1.90935e-11;3.36339e-13;1;8.49515e-11;2.30141e-10;1.66255e-11;3.32484e-10;1.98813e-13;3.88091e-12;1.19341e-10;6.35917e-12;7.48488e-08;8.13927e-14;9.73119e-12
4.82888e-05;0.0170326;6.64372e-08;0.00020113;1.63562e-06;8.02867e-06;0.0259509;0.00065183;0.430509;6.55029e-06;0.5241;0.000354431;0.00110159;3.39963e-05
3.22462e-05;0.996072;1.19838e-06;1.45751e-05;1.85691e-07;2.03077e-07;0.00013931;9.74247e-06;8.04914e-05;7.35738e-06;0.00069922;0.00171819;0.00122459;9.20996e-07
5.23165e-06;5.58273e-05;5.60719e-10;5.39187e-08;0.000258127;1.36376e-09;5.4525e-08;0.999671;2.76231e-06;1.29369e-07;9.55469e-08;2.04158e-07;2.56534e-06;4.55911e-06
3.6513e-07;3.3962e-06;0.999993;1.41008e-07;2.07639e-06;2.88957e-09;2.21569e-09;2.38995e-07;7.93715e-08;1.62825e-07;2.55468e-08;2.5683e-07;2.03967e-08;4.78156e-07
0.00150645;0.0180655;0.000104763;1.99507e-05;0.000707531;0.000164604;0.000306547;0.23064;0.663156;1.0124e-05;0.0378896;0.00143304;0.0457882;0.000207476
