0.000151941;0.196366;1.85845e-08;1.03666e-05;4.05636e-05;1.22827e-05;3.13232e-06;0.189035;0.000220735;2.6098e-07;0.000273944;0.0737057;0.540146;3.31569e-05
1.52505e-05;0.885104;4.08522e-08;5.80558e-05;8.04325e-06;7.67067e-05;3.83417e-07;0.0122312;1.47931e-06;6.96699e-06;6.58088e-06;0.0615884;0.0397662;0.00113651
0.000264789;0.975358;3.01607e-07;0.00109175;0.000258177;0.000282663;0.000853634;0.000811957;0.000820097;0.000166079;0.00227395;2.47168e-06;0.00564193;0.0121743
0.00160163;0.0387535;1.25052e-07;5.15901e-08;1.73237e-05;4.27212e-08;1.7051e-09;0.946449;7.95067e-08;1.48255e-08;2.38352e-08;0.0087429;0.0044335;1.7363e-06
7.43783e-07;0.0302818;1.44479e-05;5.48461e-05;0.000249745;0.000408608;3.45892e-08;0.000201414;9.92072e-06;1.76131e-07;6.30951e-05;0.953085;0.000279619;0.0153503
2.98063e-07;0.999929;4.17456e-08;1.40757e-08;3.10397e-09;1.35737e-08;7.44329e-08;4.06866e-06;9.40015e-09;9.80357e-09;7.71554e-08;1.7748e-06;6.47912e-05;1.16391e-08
4.49902e-06;0.00152367;2.1848e-07;9.43531e-07;0.00269935;0.000524555;7.89289e-10;0.00538829;3.45736e-06;3.76902e-09;6.05287e-07;0.988196;0.00150464;0.000154207
7.76112e-09;0.999999;2.78815e-12;5.51731e-12;2.31297e-09;5.96588e-11;1.71078e-07;2.07652e-08;5.82498e-11;1.42054e-08;9.14187e-12;1.32694e-14;1.73925e-07;2.49383e-07
1.1499e-11;7.39576e-11;1;3.04558e-13;1.16641e-09;7.73654e-12;8.08894e-12;2.62975e-12;3.84847e-13;6.80547e-12;1.3451e-14;2.60506e-08;6.89646e-13;2.99655e-11
5.38844e-06;0.0296525;1.71407e-06;9.25416e-07;4.97241e-07;1.27239e-05;0.000677007;0.95587;0.000121179;2.50557e-05;3.44438e-05;4.81879e-08;0.0135938;4.86475e-06
7.58369e-09;6.75682e-09;1;8.49371e-09;4.32058e-09;3.2007e-10;1.93248e-07;1.1699e-09;5.4143e-09;2.5311e-09;6.30467e-09;7.37358e-08;1.55635e-09;2.18657e-09
1.34205e-06;0.00189655;0.0004489;3.89118e-06;7.31899e-06;1.45389e-06;6.21675e-08;0.00015692;5.59127e-06;1.47372e-07;2.55057e-06;0.995228;0.000221241;0.0020257
6.7982e-05;0.888454;9.48015e-08;5.13112e-06;0.00673062;0.000134829;0.000124625;0.0239783;0.00037121;4.1424e-06;0.000949082;2.15088e-05;0.0790174;0.000141513
4.66125e-05;0.0295995;0.148849;0.000196355;0.0409846;0.00364214;2.01974e-07;0.00108095;7.95385e-07;1.75112e-05;2.74443e-06;0.771739;0.000148178;0.00369172
5.08996e-06;0.00615518;6.49956e-08;2.39785e-08;3.26115e-06;6.45568e-06;4.05785e-08;0.991233;2.35438e-05;1.15368e-09;2.42992e-07;6.40849e-05;0.00250864;4.96121e-08
5.48057e-08;0.00953688;1.1919e-10;2.70464e-07;2.111e-06;2.15821e-05;3.06271e-10;0.00377005;1.10346e-07;2.68015e-09;5.06304e-09;4.65083e-06;0.986654;1.00689e-05
7.50969e-06;0.164341;0.814622;0.000141289;0.00146425;2.06467e-06;1.37087e-08;4.30419e-06;4.89539e-09;1.71394e-05;6.49601e-09;0.00832939;5.33901e-05;0.0110181
0.000111075;0.0112653;1.96874e-08;1.68736e-07;3.40149e-05;2.09263e-09;6.97169e-06;0.98854;2.23843e-05;1.02177e-06;7.20807e-06;1.08502e-05;1.20605e-06;7.06751e-09
2.87614e-05;0.00125861;0.926151;0.000226943;0.00659503;0.0519629;3.03319e-08;0.000780223;5.72244e-08;2.80384e-05;2.98875e-07;0.00660385;0.00582578;0.000538534
0.00342358;0.936263;1.946e-07;8.75411e-07;1.68299e-06;1.04893e-07;0.0591282;0.000458164;2.62528e-05;0.000414948;4.32716e-05;6.60738e-05;0.000124122;4.95507e-05
2.1141e-08;1.98121e-08;0.999997;3.80593e-08;4.81641e-07;1.2872e-07;1.68748e-06;3.96697e-11;3.69344e-07;2.00303e-08;1.3793e-08;5.34935e-09;1.24044e-09;1.25137e-07
8.51907e-07;1.02857e-05;5.04709e-09;1.60853e-08;8.07565e-09;4.26759e-11;2.55135e-08;0.999966;1.25748e-05;8.19007e-10;6.42444e-07;5.95259e-08;9.03889e-06;5.0816e-10
5.9241e-07;0.981022;5.13364e-08;8.0953e-06;0.000114615;1.83994e-08;6.57036e-08;3.73634e-05;7.36686e-07;8.92561e-07;8.91852e-07;0.000338016;8.57532e-08;0.0184764
1.92349e-05;0.00101444;0.000361411;0.000627441;7.29542e-05;0.000151982;2.31571e-05;7.71417e-06;4.23609e-06;2.2469e-05;0.000836815;0.995011;1.38156e-05;0.00183309
4.92763e-06;0.909198;1.72187e-12;1.74834e-08;6.72904e-10;2.11997e-09;1.00183e-06;0.000114299;1.48848e-07;9.46658e-10;3.64727e-06;5.81951e-09;0.0906782;3.96597e-08
1.932e-05;0.986476;5.48563e-06;2.38894e-06;5.52695e-07;1.19187e-06;0.000121055;8.01827e-06;7.50334e-09;0.000448256;9.95936e-08;3.32826e-05;0.000524076;0.0123603
1.03005e-10;1.68909e-10;1;2.7102e-09;2.15282e-09;1.48375e-09;1.59949e-08;1.16181e-11;6.73945e-11;4.72062e-10;5.60202e-10;1.23553e-07;7.21452e-13;4.67624e-12
8.8398e-06;0.00383639;6.15793e-07;7.80044e-07;3.613e-05;1.69038e-05;8.53199e-05;0.00615468;5.51289e-07;2.80548e-06;2.57041e-05;0.000862785;0.988494;0.000474274
1.01619e-06;0.0455822;4.15348e-07;4.26916e-05;0.000912965;0.000786713;2.49902e-07;0.00135408;4.47373e-06;3.08446e-07;8.13935e-06;0.943054;0.000391278;0.00786123
8.11445e-06;0.527834;1.12261e-07;2.47915e-06;3.75418e-07;9.15025e-09;3.11161e-05;5.89364e-06;8.14912e-06;7.3665e-08;0.000133633;0.443459;0.0285111;6.17173e-06
9.98849e-06;0.991769;4.42877e-11;2.08808e-07;2.55511e-07;1.95166e-06;6.12244e-06;2.25882e-05;1.54667e-06;5.57672e-08;3.35341e-07;0.00209258;0.00601431;8.07085e-05
6.195e-05;0.0160598;2.43341e-05;7.73301e-07;6.04439e-06;2.4164e-07;2.26752e-06;0.0397368;8.16005e-06;1.5063e-07;3.71167e-06;0.932358;0.0117377;1.08932e-07
6.37857e-06;0.220954;8.03441e-07;0.000601688;0.00721467;0.00680403;2.75197e-08;0.000794753;5.08295e-06;3.33728e-06;1.04613e-05;0.000364316;0.0103508;0.75289
1.91864e-05;0.01257;1.07254e-06;1.21462e-06;1.792e-06;5.72214e-05;7.55368e-08;0.00018755;1.10019e-06;7.46748e-07;5.33522e-07;0.00137918;0.985753;2.7868e-05
1.28936e-06;0.996837;3.79256e-08;3.15693e-07;9.82343e-08;1.14762e-06;0.000187471;1.38652e-05;6.49314e-07;5.56401e-05;1.40069e-06;4.23828e-07;0.00279177;0.000108647
4.58025e-12;1.22929e-10;1;3.27119e-10;2.74716e-10;2.33428e-09;2.77747e-09;3.4307e-14;4.44579e-11;2.66582e-10;2.32625e-11;6.1775e-10;1.31795e-13;3.23865e-10
1.41612e-07;0.97896;1.54534e-07;4.18614e-09;6.98614e-10;1.54942e-09;5.50031e-06;3.71454e-06;3.55323e-09;1.16837e-08;3.09288e-08;4.85865e-05;0.0209821;5.64896e-09
2.37703e-08;0.00313694;4.54129e-08;4.42598e-07;6.9829e-06;5.14842e-05;2.44703e-08;0.000333035;3.18481e-07;7.65083e-09;2.77961e-07;0.980675;0.00260648;0.0131892
8.01526e-06;0.943502;3.04155e-09;9.36633e-06;3.05238e-05;6.16593e-06;2.71105e-05;0.00239983;0.000497933;3.71727e-07;0.000272322;0.000155568;0.0530834;6.77915e-06
0.00013804;0.943883;0.000340284;5.75384e-05;0.000102442;2.01335e-05;2.99836e-06;0.000378766;1.07899e-05;1.29556e-05;7.38283e-06;0.00180537;6.81178e-05;0.0531718
3.81607e-07;0.0016713;1.13954e-09;5.10905e-08;1.46836e-07;3.09404e-07;0.000584849;5.9705e-08;3.62006e-08;7.89628e-05;8.87821e-08;4.24189e-12;4.53124e-09;0.997664
6.90001e-10;1.12334e-11;1;5.16724e-10;1.06379e-09;3.21673e-09;2.21002e-10;3.48354e-13;1.39378e-10;4.98109e-10;1.88363e-10;7.56592e-08;1.19491e-12;3.5023e-08
0.000134095;0.939246;9.89251e-08;6.88825e-05;1.67019e-06;6.13766e-06;0.00183358;0.0134196;0.0248679;2.05037e-05;0.0158939;1.76915e-05;0.00448027;9.89864e-06
2.73042e-06;0.00183656;0.0216921;7.14431e-05;9.36674e-06;1.34718e-05;6.25541e-09;7.20134e-06;1.65794e-07;1.94314e-07;3.00513e-06;0.975779;0.000534637;5.06057e-05
0.000417237;0.898365;4.12556e-08;3.04815e-06;3.72317e-07;4.63071e-06;0.00218021;0.0376283;0.000165032;7.04012e-06;0.0018894;6.06818e-05;0.0592755;3.31574e-06
0.000359824;0.832894;4.25744e-07;0.0010168;0.0015198;0.000352286;0.00221046;0.00603694;0.0108098;0.000922046;0.0929201;0.00703904;0.0385683;0.0053499
0.000317502;0.00164276;2.56295e-07;5.13686e-07;5.14163e-05;1.50699e-07;1.33498e-08;0.995549;1.05863e-06;6.40981e-07;1.59104e-07;0.000463183;0.00197172;1.41833e-06
3.90621e-05;0.0826239;3.77516e-06;0.000125243;2.05626e-05;4.90977e-05;9.07831e-06;0.00342989;0.00647129;6.19322e-07;0.00652398;0.808715;0.0918816;0.000106819
3.36875e-06;0.994911;2.13034e-08;4.52958e-06;4.51461e-05;2.10854e-06;2.86555e-06;0.00244493;1.47687e-05;4.67033e-06;5.41373e-06;4.44965e-05;0.00250341;1.35022e-05
4.042e-06;0.00339941;1.28796e-05;5.38928e-05;0.00315003;0.000259025;3.0918e-07;2.15893e-05;4.83094e-06;3.32586e-06;6.55266e-06;0.986709;0.00624255;0.000132131
0.000460296;0.00703486;1.27522e-07;1.13229e-05;6.59283e-05;1.77439e-05;4.19442e-07;0.122534;0.00206131;2.51219e-07;5.46778e-06;0.000467791;0.867341;8.60634e-08
3.05853e-05;0.996264;1.68903e-08;4.71795e-08;1.81051e-07;3.24312e-09;3.66924e-08;0.00349109;5.31008e-07;7.8405e-08;2.38336e-08;1.88661e-06;0.000209743;1.93937e-06
1.95855e-07;0.995134;2.62477e-11;8.65802e-09;6.07354e-08;1.64925e-09;0.00460513;2.4265e-07;4.01639e-07;2.57345e-05;1.4542e-09;8.21563e-10;1.57138e-07;0.000234303
1.44192e-11;3.89144e-13;1;2.99002e-09;5.97725e-09;2.49541e-10;4.09547e-09;2.02141e-12;1.54368e-09;5.33392e-10;3.083e-10;5.0294e-09;1.94542e-14;5.77194e-11
2.87329e-06;0.996965;1.35139e-07;1.3796e-06;4.47062e-06;2.29429e-06;0.00165846;0.000282684;1.28161e-05;1.07908e-05;8.59175e-05;1.34312e-09;6.84888e-05;0.000904341
4.85405e-14;1.44842e-13;1;7.49881e-14;5.30461e-14;9.84217e-14;5.97939e-13;5.41058e-16;5.72178e-14;5.12646e-14;7.91835e-13;6.8265e-10;1.63289e-13;1.25033e-15
3.64787e-05;0.00368182;0.000839919;3.88966e-05;0.00019832;0.000178214;3.81639e-06;0.138418;0.0169612;1.82215e-06;0.0121047;0.823468;0.0030974;0.000970868
2.50604e-06;0.440707;3.27029e-07;2.97134e-06;0.00187704;0.00039294;3.24278e-06;0.16506;0.000199667;2.02492e-06;0.000695375;0.00168814;0.389109;0.00026071
1.44159e-05;0.375745;6.36695e-07;0.000565362;0.000174229;0.000491366;3.37079e-06;0.12617;0.00986783;1.47912e-05;0.00444889;0.275527;0.199241;0.00773658
2.9139e-07;2.36554e-07;3.18625e-10;2.97723e-11;1.46847e-08;2.50953e-10;2.44342e-12;0.999999;3.72718e-09;8.15718e-12;5.8581e-11;9.93702e-10;7.9656e-07;7.12265e-10
1.34955e-05;0.142255;0.00110528;5.24404e-06;0.00208579;0.001675;1.04262e-06;0.0228879;3.67288e-06;2.42459e-05;9.49153e-08;9.90384e-05;4.47562e-05;0.829799
4.44404e-10;1.29696e-10;1;5.78768e-11;3.98589e-10;2.58296e-12;1.29005e-10;6.4095e-10;4.99251e-10;2.65854e-12;1.78052e-10;9.6741e-10;5.87023e-12;4.24298e-11
0.000141387;0.0814809;0.00158379;7.37159e-05;6.1133e-05;0.00012571;1.93294e-06;0.00201284;0.000430357;5.17646e-06;7.09633e-05;0.90238;0.00847481;0.00315717
1.07914e-06;0.999877;2.50113e-08;4.37897e-09;9.80157e-09;1.85845e-08;5.25269e-05;4.75328e-06;4.02302e-08;9.99409e-06;2.92133e-07;5.8719e-07;4.84374e-05;5.1331e-06
8.78037e-12;1.0177e-10;0.999843;7.13404e-11;1.82011e-08;6.94528e-10;6.80568e-13;1.08933e-12;6.74568e-13;1.38942e-11;1.06264e-12;0.000156627;2.38538e-12;2.37721e-08
7.93197e-07;0.158401;1.64117e-06;3.92282e-07;0.000143033;2.43844e-05;4.93118e-09;0.840754;3.32537e-07;6.23063e-09;1.30037e-07;0.000281383;0.000352287;4.12685e-05
8.68373e-10;0.999834;6.17244e-12;4.95318e-09;6.76363e-10;1.67957e-09;5.06824e-07;1.07962e-06;1.4778e-09;8.05742e-08;6.82913e-09;9.93493e-09;4.25548e-08;0.000164189
0.000100854;0.293243;2.72749e-05;0.000162691;6.46999e-06;1.86885e-05;0.0666638;0.0015524;0.00187585;3.76293e-06;0.0162185;0.000182872;0.619944;3.09838e-08
6.14352e-06;0.0394183;1.88335e-09;3.29241e-06;1.34213e-05;1.27757e-06;1.04891e-08;0.958391;1.52213e-07;4.89523e-08;1.12487e-08;2.96574e-06;0.00215751;6.24174e-06
1.61281e-06;0.000202991;6.91103e-07;0.000106775;3.79198e-06;5.60962e-05;1.05112e-09;2.09085e-07;2.1319e-06;6.71727e-07;6.00603e-07;0.992551;7.21416e-07;0.00707253
0.000544288;0.000791353;6.01886e-08;2.61092e-06;9.94908e-06;1.11282e-05;1.28946e-07;4.1035e-06;6.22235e-05;4.54077e-08;3.13822e-05;8.65491e-06;0.997539;0.000995201
7.57995e-08;0.000891687;7.36787e-11;9.51534e-09;2.66657e-05;1.05805e-08;2.92952e-12;1.12733e-05;1.32147e-09;4.64844e-10;4.95702e-11;1.4273e-05;1.28076e-07;0.999056
4.45457e-07;4.70198e-06;8.32159e-10;5.28417e-09;0.0017945;1.62905e-07;1.36517e-10;0.998194;3.37471e-08;2.35648e-08;6.96066e-11;6.03572e-07;4.45802e-06;1.33097e-06
1.19957e-10;4.20057e-09;0.999999;2.41892e-08;9.93813e-07;3.70878e-08;2.68695e-13;1.96712e-10;1.40992e-12;1.9699e-09;9.01233e-13;1.02406e-07;1.53436e-10;4.92038e-08
1.91671e-06;0.997671;1.58752e-05;5.29397e-06;2.53581e-07;2.17169e-07;4.98415e-06;0.00215822;2.52633e-05;6.38325e-08;1.33553e-05;1.43778e-05;8.70245e-05;2.65148e-06
