0.000166443;0.9081;2.0539e-05;9.66119e-06;5.48884e-05;0.000256399;5.01576e-06;0.0186728;6.24461e-05;2.67964e-06;2.87004e-05;0.000956901;0.0711607;0.000502614
4.04267e-05;0.858253;2.89305e-07;3.60373e-05;0.000149426;5.43233e-05;5.02527e-06;0.0334135;2.51009e-06;1.10732e-05;3.02419e-05;0.00335802;0.0347564;0.0698899
6.35012e-05;0.138077;5.07634e-08;0.000131329;1.93312e-05;0.000167457;6.10838e-07;0.0259236;0.000163524;3.83136e-07;0.000842651;0.000624716;0.0897417;0.744244
3.33598e-05;0.983004;1.2441e-07;3.52071e-06;3.23219e-06;6.44148e-08;9.61093e-06;0.000760415;6.1021e-05;6.84623e-07;7.00359e-05;0.0132669;0.00224644;0.000540203
2.90892e-06;0.899338;0.000827656;8.30139e-05;8.67188e-05;0.000114664;2.95949e-06;2.81184e-07;2.97104e-09;2.65713e-05;1.66154e-06;0.00373893;0.0951558;0.000620585
0.000107329;0.131073;0.000338471;8.06627e-06;0.000943036;3.76866e-06;1.30512e-06;0.346906;6.08388e-06;2.60228e-06;2.81811e-05;0.100445;0.419744;0.000393909
2.10807e-05;0.588711;1.92899e-09;0.000579902;0.000812201;0.0722705;4.12991e-05;0.000282138;0.000202717;0.00021361;0.00106351;1.90306e-05;0.200963;0.13482
5.67589e-05;6.01315e-05;0.0548001;9.83498e-07;8.32637e-08;5.18882e-07;1.62501e-07;8.42997e-07;1.56073e-07;1.33128e-06;1.96257e-07;0.945062;1.5706e-05;9.02363e-07
0.000246876;0.929818;6.24654e-06;9.4082e-06;3.89162e-05;0.000632998;3.93505e-05;0.0277581;0.000446143;3.53661e-06;0.000348779;0.000166159;0.036912;0.00357306
4.6833e-06;0.996792;7.03661e-08;2.00743e-07;9.99211e-07;3.35331e-07;0.000934906;7.22526e-07;7.46487e-07;0.000122217;2.96507e-06;9.06477e-07;0.00203911;0.000100176
3.41969e-10;2.00196e-10;1;6.92125e-09;6.59498e-09;5.85961e-09;2.0208e-07;4.40844e-12;2.70941e-09;1.18488e-08;2.72717e-09;1.03317e-08;2.99417e-10;4.69939e-10
1.15235e-07;0.999956;3.99211e-06;2.74649e-07;3.50116e-09;9.64447e-11;2.57069e-08;6.51517e-06;1.47016e-09;7.06705e-09;2.4387e-08;7.01895e-06;2.57092e-05;1.12385e-08
1.31324e-07;0.0079387;1.46151e-11;3.1342e-08;3.40741e-05;5.78711e-08;6.72697e-08;0.991911;4.89763e-08;3.16255e-08;1.33794e-07;1.84377e-06;0.000112101;2.04715e-06
1.01306e-06;0.000232286;4.25796e-06;2.28106e-06;4.00262e-05;1.02135e-06;3.51921e-06;0.000716234;2.63115e-06;2.10459e-06;1.00455e-05;0.997927;0.00105022;7.36737e-06
0.000137313;0.790943;1.53341e-05;9.61599e-06;2.19174e-05;1.44013e-05;0.00215284;0.175901;0.00071674;1.40827e-05;4.32648e-05;8.86227e-08;0.029996;3.44133e-05
1.64145e-07;1.37767e-06;0.999998;6.2436e-09;1.00445e-08;8.12444e-11;8.7766e-08;8.58152e-09;5.83501e-09;6.41061e-10;9.15173e-10;1.20323e-07;2.42541e-09;4.24275e-09
1.29033e-06;0.000756588;0.000717118;8.48465e-06;1.67666e-07;6.30267e-07;1.44866e-09;1.42214e-05;2.46459e-05;3.07887e-09;4.46603e-06;0.998415;5.67504e-05;3.0672e-07
0.000102421;0.902884;4.10697e-06;1.70314e-05;2.56028e-05;3.92061e-05;1.06417e-07;0.0375949;2.36453e-05;1.56874e-06;2.02897e-05;0.000328341;0.0586061;0.000352448
4.65629e-08;0.96092;2.01414e-09;1.06636e-07;2.50854e-07;1.02194e-06;3e-06;2.28456e-06;6.22444e-10;1.92432e-05;4.59592e-09;4.49993e-07;7.6269e-06;0.0390464
4.23744e-16;3.01323e-15;1;1.49092e-15;4.28285e-13;2.04008e-14;8.30364e-17;1.09652e-14;1.18203e-17;1.7774e-15;1.47533e-18;1.01893e-11;9.03433e-15;5.70121e-17
2.07561e-05;0.365776;0.00214852;0.000549387;6.01029e-05;0.00155964;4.69279e-05;0.0324063;0.0127303;1.92713e-05;0.020286;0.000524879;0.563867;4.72301e-06
