3.71907e-05;0.355927;0.000415687;1.43334e-05;1.13521e-05;7.35538e-06;9.35907e-06;1.96953e-06;5.4132e-08;6.02691e-06;1.03989e-06;0.000229343;0.643321;1.76873e-05
8.83957e-08;0.000140965;5.97803e-07;1.53408e-08;5.05042e-07;1.56359e-08;1.38528e-08;1.08642e-05;5.58844e-07;4.93184e-10;1.36368e-06;0.999809;3.2322e-05;3.51293e-06
9.98793e-08;0.999174;7.83624e-10;1.26662e-08;2.21741e-06;1.02796e-07;2.63762e-08;4.83173e-05;8.51879e-10;2.46618e-09;6.81159e-09;0.000105962;0.000669362;2.66224e-07
3.37512e-08;0.000182333;2.09485e-13;4.23607e-07;4.26959e-08;4.30239e-05;2.01735e-08;1.47043e-06;1.26457e-06;2.51991e-08;1.05405e-05;5.40907e-05;0.999701;6.09578e-06
9.74288e-08;4.47548e-06;0.99998;9.41494e-08;1.71771e-09;3.93703e-09;2.14062e-10;7.04086e-08;1.22663e-10;1.34901e-08;6.56886e-10;1.55044e-05;9.02128e-10;1.27132e-08
5.46295e-07;0.997984;1.21814e-08;1.56766e-07;5.67647e-08;6.45634e-07;2.92955e-08;0.000954219;1.36491e-07;1.12388e-09;1.69337e-06;3.14636e-05;0.00101196;1.56098e-05
1.91996e-06;0.99596;4.19279e-09;3.72488e-07;8.42255e-05;3.17546e-06;3.04185e-07;0.00146137;4.36732e-07;1.54597e-06;2.28928e-07;1.28476e-06;4.7569e-05;0.00243785
6.12835e-06;0.994094;2.99089e-07;4.83835e-07;7.77878e-07;8.46804e-09;2.36995e-08;0.00355839;1.91678e-07;9.50196e-08;2.82348e-07;0.00226818;7.04323e-05;7.90682e-07
2.66761e-06;0.0783545;2.17268e-06;0.000104372;0.000162613;7.27273e-05;4.20686e-05;0.909168;8.22044e-06;0.000103899;1.61365e-06;1.81525e-06;0.00813253;0.00384239
3.02555e-10;8.41192e-11;1;7.58466e-10;3.53008e-10;2.18649e-12;4.322e-08;1.13159e-11;6.83744e-11;2.12614e-10;1.42456e-10;2.77705e-09;2.80797e-11;9.9545e-12
5.33439e-06;0.000314633;0.996057;8.51821e-07;3.72244e-06;1.18895e-06;2.8287e-07;0.000322662;1.78219e-06;2.94858e-07;2.07235e-07;0.00328705;1.61337e-06;3.60108e-06
4.3322e-07;0.00526208;2.90397e-07;7.40991e-08;0.00843696;0.0205585;3.37509e-10;1.97306e-05;5.86258e-09;2.02115e-07;1.97568e-09;2.26074e-05;8.71962e-05;0.965612
7.15702e-06;0.147187;1.27031e-06;4.63382e-07;0.0164883;0.000228278;2.00088e-09;0.352841;4.05161e-08;4.93709e-08;7.63354e-08;0.46446;0.0173434;0.00144347
1.06664e-06;0.368675;6.24836e-06;7.32165e-07;2.37563e-06;1.77627e-05;2.47213e-06;0.477394;1.59712e-06;6.77374e-07;7.3899e-08;6.46215e-09;0.153896;2.64985e-06
5.22006e-12;6.09837e-10;1;3.97155e-11;2.17196e-10;2.17406e-11;7.06457e-13;2.42895e-12;6.30032e-14;2.11722e-12;1.60197e-13;2.05239e-08;3.42538e-12;2.68169e-11
3.84477e-08;2.94914e-06;0.0196854;6.6042e-07;3.40092e-06;2.21444e-06;7.85372e-10;3.72809e-05;3.6397e-08;1.41992e-08;4.27541e-08;0.980264;5.36776e-07;2.9392e-06
3.54692e-06;0.938966;3.50281e-07;1.22902e-07;2.22052e-05;0.000112235;8.05871e-07;0.00159236;1.63107e-07;2.25739e-07;4.77665e-06;2.25156e-06;0.0589693;0.000325641
4.2244e-06;0.935398;4.65829e-07;1.31323e-05;0.000510495;0.00132404;0.00551831;0.00571391;5.53443e-06;0.00201871;3.06729e-06;0.000232874;0.000492498;0.0487651
1.95229e-11;1.32371e-10;1;5.23726e-11;1.2556e-09;9.10455e-10;1.53699e-11;7.41642e-10;2.24588e-12;1.92562e-12;5.29952e-13;2.89341e-09;1.32593e-10;1.48081e-13
4.01442e-06;0.20017;3.78701e-06;3.71265e-07;9.86972e-07;1.45248e-06;4.23648e-08;0.771338;1.24392e-06;2.66702e-08;1.69639e-07;2.74302e-05;0.0284524;1.05187e-07
6.50503e-06;0.415072;7.45432e-05;4.67894e-06;0.000950008;8.12368e-05;1.13835e-06;0.296627;4.75074e-07;1.85679e-06;2.77989e-07;0.0804711;0.20544;0.00126891
2.76783e-07;0.0635892;4.82647e-08;6.26467e-06;0.00013952;0.00278868;2.04726e-07;0.888966;3.21529e-08;1.90406e-05;1.27022e-07;4.80625e-05;0.0443154;0.000126791
6.83831e-10;3.16546e-10;1;1.05542e-08;2.57011e-09;1.47939e-10;3.7974e-08;1.26031e-10;7.4971e-11;1.0382e-09;3.79148e-09;1.87071e-07;4.87852e-10;1.27421e-10
0.000641984;0.214763;0.000396721;0.017949;0.00119138;0.00118016;0.00104892;0.0101215;0.123939;0.000106287;0.317778;0.113738;0.106025;0.0911214
4.16364e-06;0.0212689;1.51526e-09;5.04401e-08;0.000298147;5.33089e-08;2.50505e-08;0.978296;1.61953e-07;3.34853e-08;2.48853e-07;3.18642e-06;1.24375e-05;0.000116625
4.97583e-07;0.00498643;0.146388;5.32924e-06;0.0249077;0.000574833;2.43641e-08;4.35289e-05;9.65638e-10;2.87487e-06;3.61236e-09;0.82144;0.000293156;0.00135777
3.32523e-07;5.55308e-05;2.17059e-11;7.21985e-09;7.11339e-08;1.72274e-08;1.41989e-09;0.998858;3.58883e-07;7.73956e-11;1.86868e-07;5.08497e-06;0.0010806;4.76366e-10
2.3027e-05;0.709253;1.49611e-08;4.56663e-06;6.06017e-05;2.15008e-06;7.91398e-07;0.00879662;2.90033e-06;8.05537e-07;2.8419e-07;0.0010578;0.280782;1.49885e-05
1.20574e-05;0.0208753;1.17301e-05;0.00119635;0.000833664;0.00102253;1.21157e-07;0.0539735;1.54246e-06;3.24047e-05;3.27879e-05;0.899942;0.00414088;0.0179253
0.000645467;0.882251;0.000434729;6.39686e-05;1.73013e-05;9.12354e-07;0.0031338;0.0697863;5.9011e-05;4.88929e-06;0.000696852;0.0118182;0.0309767;0.000110706
0.000101841;0.678157;2.38921e-07;3.8784e-06;6.9585e-06;0.000206761;3.45385e-05;0.180147;6.42476e-05;1.41429e-05;0.000119644;0.000189301;0.140925;2.92679e-05
9.77672e-10;1.87544e-10;1;3.67046e-09;1.25161e-08;5.31577e-09;2.41082e-10;3.49922e-10;9.91387e-11;1.36909e-10;8.05217e-11;3.41987e-07;5.92431e-10;2.15712e-09
6.43301e-06;0.00222806;0.00480484;0.00132985;0.000318738;0.00126009;2.14121e-07;0.000504007;0.000483841;3.44192e-06;0.000367635;0.482402;0.000353715;0.505937
1.83852e-06;0.00327395;6.7915e-10;4.9238e-08;0.00299744;2.91583e-06;3.46828e-09;0.992964;2.21568e-08;2.23182e-08;1.06714e-06;3.43355e-06;3.51967e-05;0.000719648
1.36605e-07;0.00436913;0.53079;9.31852e-06;0.0206647;0.029167;2.34535e-08;1.15244e-06;6.14714e-11;4.98495e-06;1.25263e-08;0.406943;0.000323735;0.00772684
2.65025e-07;0.000549536;2.7106e-11;9.6071e-09;3.67678e-07;1.22147e-06;9.64591e-10;0.911682;9.59575e-08;1.69594e-10;2.0441e-07;1.66893e-05;0.0877497;2.36138e-09
4.82001e-06;0.994206;8.27873e-09;1.272e-05;0.000102764;4.34322e-06;9.21342e-07;0.000119633;2.43056e-07;4.48533e-06;1.2115e-06;0.000277019;0.00203132;0.00323428
3.49565e-05;0.099609;3.49088e-09;7.86684e-06;0.000981393;7.83794e-06;2.96491e-06;0.897244;4.94384e-06;3.28937e-06;6.18627e-06;0.000145401;0.00194626;6.09991e-06
1.66405e-05;0.00107263;0.83452;0.000358356;0.0070683;0.000276301;4.07389e-07;3.62002e-06;1.56302e-08;7.00543e-05;4.38504e-07;0.155035;0.000171132;0.001407
0.000573013;0.00802268;3.97135e-07;0.000152316;3.09294e-05;8.32647e-05;0.00586696;0.00292982;0.253734;5.69682e-06;0.683966;5.1978e-05;0.0445794;3.79754e-06
0.000386583;0.446268;0.047624;2.01842e-05;0.000266934;3.05333e-05;3.89096e-07;1.09102e-05;7.62112e-07;1.13499e-05;8.9372e-08;0.499486;0.0052791;0.000615141
0.00178684;0.0920178;6.21597e-07;7.15356e-07;0.000448777;3.22596e-05;1.13624e-05;0.403282;0.00286501;1.98958e-05;2.44366e-05;2.51488e-06;0.49939;0.000117941
0.000162795;0.0266989;1.49832e-06;0.00108311;0.00500563;0.00598465;4.37881e-05;0.000176438;0.0752344;0.000213659;0.0169248;0.740966;0.00665678;0.120847
0.00132275;0.982179;1.07727e-06;6.13739e-06;1.02926e-06;6.88256e-08;4.44709e-05;0.0147088;0.000617272;8.86041e-07;0.000236528;0.00046421;0.000416746;6.40065e-07
4.5278e-08;0.000447008;1.32647e-06;6.35559e-07;8.06455e-07;5.66197e-07;3.91199e-10;0.00228784;1.03239e-06;3.80903e-09;3.3986e-08;0.997225;2.94089e-05;6.12863e-06
2.16078e-06;0.995554;9.03099e-08;5.82266e-06;1.61093e-05;1.02182e-06;1.6507e-07;0.00335961;9.39571e-06;1.35071e-06;1.52527e-06;0.000195226;0.000832605;2.12372e-05
3.6919e-05;0.0133406;1.62222e-09;1.02714e-06;0.00320194;2.72274e-07;1.17763e-05;0.981141;4.7069e-05;1.31626e-05;5.33505e-06;0.000122495;0.00206417;1.4537e-05
2.18855e-05;3.20751e-05;0.997248;3.517e-05;0.00138781;3.08021e-06;1.34666e-07;2.142e-07;5.40896e-06;8.67995e-06;1.19682e-06;0.00110788;2.53646e-06;0.000146055
0.000438972;0.000746055;6.29695e-08;2.11747e-08;3.28603e-07;9.72784e-08;1.75114e-05;0.99659;0.00202677;1.08884e-06;1.34263e-05;1.33918e-08;0.000165355;2.61664e-07
6.84743e-10;6.27325e-12;1;5.09522e-11;3.22037e-09;1.30231e-10;3.21788e-11;2.65424e-11;2.55909e-10;6.99785e-11;1.26921e-12;1.57685e-08;1.28452e-12;5.54703e-10
7.33926e-08;6.59983e-07;0.999943;4.28836e-08;3.45441e-07;1.13096e-07;5.99187e-11;3.22575e-06;1.66021e-07;1.44188e-09;3.0256e-09;5.10874e-05;2.48717e-09;1.37441e-06
1.50248e-07;1.12528e-05;3.3024e-06;4.38799e-09;3.32181e-05;0.000116675;1.2267e-12;1.4974e-07;4.96165e-09;1.02189e-08;2.58056e-10;1.45404e-05;4.2428e-07;0.99982
6.7252e-06;6.93785e-05;2.00408e-10;2.85849e-08;4.05064e-06;2.89001e-06;3.57367e-10;0.998823;8.06868e-06;1.36361e-09;1.68383e-07;2.55783e-06;0.0010815;1.24705e-06
2.60726e-06;0.996897;0.00025388;5.03521e-07;1.86436e-06;1.06596e-07;2.83981e-09;0.00266325;1.72033e-09;3.99196e-08;7.77857e-10;4.20896e-06;0.000161666;1.53285e-05
4.67417e-06;0.754678;4.10975e-08;4.41854e-05;0.000155863;2.50504e-05;7.86092e-06;0.00265628;6.29842e-07;6.67654e-06;2.38632e-05;0.000519574;0.241578;0.000298787
2.63497e-06;0.914996;9.02224e-07;6.13618e-05;0.000102696;9.00788e-06;3.13577e-08;0.0220035;8.54758e-08;2.66824e-06;2.68504e-05;0.0488969;0.00162466;0.0122731
1.04984e-05;0.994485;2.13527e-06;0.000158909;8.79882e-06;9.19836e-06;1.66634e-05;0.00169097;1.13569e-05;1.73365e-05;0.000521168;0.00112717;0.0015629;0.000378401
6.72532e-06;0.00716131;8.72112e-08;2.72579e-05;0.0375542;0.0220543;1.89442e-06;0.898998;5.12788e-06;4.33502e-05;5.37567e-06;0.000160134;0.000223278;0.0337591
2.83225e-05;0.00585234;1.24966e-09;4.90526e-07;3.4561e-06;5.87961e-07;9.93895e-08;0.973087;1.55504e-05;3.49219e-08;1.36917e-05;4.06928e-05;0.0209574;8.73897e-08
1.75144e-06;0.995596;0.00405901;2.57403e-06;1.18787e-06;1.36929e-07;6.27497e-06;6.4951e-05;2.07815e-08;7.5352e-06;5.42433e-08;4.56952e-07;2.92634e-05;0.000230676
1.18221e-08;4.20204e-06;0.999991;7.06333e-08;5.10583e-09;2.84233e-10;4.50228e-06;6.54366e-09;1.59005e-08;9.68374e-09;4.78178e-07;2.91132e-08;3.58359e-08;2.56197e-09
9.73805e-07;0.000477658;0.00129593;0.000135134;8.50209e-05;2.04942e-05;2.96434e-07;0.000114292;3.1226e-05;1.21702e-06;0.00265167;0.83877;1.09866e-05;0.156405
3.15636e-06;0.8773;8.06845e-06;1.65245e-06;2.01757e-06;1.88329e-05;9.94732e-07;1.82128e-05;3.11848e-07;5.95956e-07;0.000142443;0.000130584;0.122305;6.8196e-05
1.21308e-07;0.0378241;2.98922e-05;1.05512e-07;9.86331e-05;0.00010284;5.24002e-10;0.00216449;2.80314e-09;3.25612e-08;7.88545e-07;0.952914;0.00683305;3.17922e-05
4.48358e-07;0.0368752;0.000188548;2.6898e-06;0.00434716;0.00918826;9.81014e-09;0.833462;4.63569e-08;7.69435e-07;9.58341e-08;0.00143461;0.0984192;0.0160805
1.04442e-06;0.0882691;5.55408e-05;3.08759e-06;8.31549e-05;0.0673813;3.39968e-05;0.0101422;3.09976e-07;7.30068e-06;1.99146e-05;3.97035e-07;0.833684;0.00031849
1.87272e-10;3.8545e-08;0.999999;2.15867e-09;2.20414e-09;6.97522e-10;6.09383e-11;2.93794e-10;1.13152e-12;4.69136e-11;6.06339e-11;5.66674e-07;7.74431e-10;2.96479e-11
2.53676e-06;0.00206492;0.00127707;3.04887e-05;3.91076e-05;4.41576e-05;5.96265e-08;0.0013274;1.15921e-06;4.49686e-07;4.83345e-06;0.993518;0.00168393;5.84939e-06
2.5772e-06;0.862902;4.55327e-06;5.9282e-07;0.000759933;0.000185702;1.90983e-08;0.00097945;4.62049e-09;7.7917e-07;2.15776e-07;0.00190257;0.132688;0.000573795
6.52623e-07;0.947218;6.02667e-10;3.06156e-05;0.000134914;0.000464714;0.0163793;0.000515373;6.91268e-07;0.00452693;4.72774e-06;2.43977e-05;0.000122626;0.0305772
6.72492e-11;2.86558e-10;1;9.72767e-10;9.46254e-10;5.25104e-10;1.45476e-09;9.61703e-12;2.11052e-12;1.24442e-10;3.56867e-11;8.90793e-09;8.72189e-10;3.52005e-13
1.61758e-05;0.988691;9.02474e-06;2.92688e-05;9.04028e-07;1.91263e-06;0.00033225;0.00235142;5.24217e-05;6.77562e-06;0.000234117;0.00407612;0.00412654;7.1726e-05
1.02514e-08;0.999993;2.35435e-06;1.28573e-07;1.64125e-08;2.6034e-08;6.12692e-10;2.91993e-08;2.88361e-11;4.95667e-09;1.29324e-10;2.97031e-06;5.76185e-07;4.66253e-07
6.73255e-06;1.48089e-05;6.36469e-11;4.03521e-07;5.33681e-06;6.49302e-07;2.80067e-08;0.999753;5.55075e-06;2.17079e-08;8.94034e-07;5.47399e-07;0.00021222;2.16753e-07
6.37389e-05;0.323273;0.000184722;1.71308e-05;0.000583192;1.9903e-05;2.19814e-07;0.0414861;8.82372e-08;5.29294e-06;6.31285e-07;0.522487;0.00197544;0.109904
1.90248e-07;0.997488;5.21866e-12;1.82491e-07;2.31554e-08;4.51019e-09;0.00231225;0.000125398;6.12449e-07;3.17659e-05;1.83716e-06;1.36816e-08;8.66048e-07;3.91127e-05
1.70532e-12;6.69849e-12;1;1.54572e-12;8.75302e-12;5.89978e-13;1.63032e-11;1.50449e-13;1.32565e-13;4.74545e-12;2.22298e-13;2.88338e-08;3.26283e-14;2.82802e-13
0.00076647;0.468431;5.27369e-05;0.000610352;0.000459913;0.000340187;0.00175865;0.146872;0.192153;6.29793e-05;0.139959;0.000163776;0.0475653;0.000804129
1.17807e-05;0.876451;1.19579e-07;6.69559e-08;1.29946e-08;1.82032e-07;9.87564e-06;3.02022e-06;1.6487e-07;1.19947e-07;3.17965e-06;0.0355883;0.0879315;5.65206e-07
1.56813e-06;0.0104945;5.79762e-09;1.42895e-06;6.07327e-05;2.94942e-05;2.81034e-08;0.0202099;7.24429e-07;4.46359e-08;3.86594e-06;0.945426;0.0236591;0.000112541
1.03876e-05;0.940133;1.60822e-08;4.38248e-05;0.00038464;0.00025259;1.68443e-07;0.0229421;2.44971e-06;8.34162e-06;5.21998e-06;0.000108154;0.0113678;0.0247418
4.87842e-05;0.00294001;4.07065e-08;2.69092e-05;3.79163e-06;1.77187e-05;6.1754e-07;0.0430742;7.00385e-05;4.04037e-07;0.000360862;3.06498e-05;0.953418;7.65055e-06
0.00185528;0.336608;0.000639234;1.30155e-06;0.000165621;1.13982e-06;6.32786e-08;0.547714;3.92416e-07;1.17176e-06;2.42364e-07;0.0553295;0.0503764;0.0073086
1.36555e-07;0.0268994;7.58266e-06;9.57644e-06;0.000398257;0.000114248;1.29143e-08;0.00045667;1.22778e-07;1.48899e-07;2.27128e-06;0.963687;0.00457067;0.0038544
5.44208e-08;0.00155091;1.25658e-09;6.92752e-08;2.41508e-06;9.69749e-08;9.11591e-10;0.000332956;1.29224e-08;1.64776e-09;5.43347e-07;2.13397e-05;0.998092;2.35641e-08
1.86698e-05;0.980016;2.95856e-10;3.50973e-07;8.43336e-08;7.79847e-07;4.5102e-07;2.111e-05;3.69799e-07;8.62009e-08;2.22927e-07;5.20175e-05;0.0198874;2.10697e-06
2.81272e-05;0.00724219;9.55662e-10;2.84605e-05;0.000143186;0.000154466;2.27304e-06;0.0365381;3.87286e-05;3.5015e-06;4.41404e-05;0.953769;0.00191589;9.1861e-05
6.754e-05;0.799343;8.32547e-07;0.000169395;0.00994346;0.00200957;2.57118e-05;0.0285351;0.00017941;2.00269e-05;0.00015888;0.000360579;0.158871;0.000315873
0.000365871;0.0557493;1.59776e-05;0.0375875;0.000219371;0.00101851;0.000465106;0.00340894;0.0958828;0.000339622;0.108459;0.0152086;0.679477;0.00180239
6.60878e-05;0.00833056;1.12619e-08;1.5249e-07;3.84778e-07;7.45657e-09;2.43405e-07;0.991162;2.22953e-06;3.01206e-08;3.16276e-06;2.58801e-05;0.000409131;1.22419e-08
5.30634e-08;0.00190567;3.1116e-06;1.54529e-06;1.54339e-05;8.68141e-07;1.19977e-09;0.000780787;5.77962e-08;1.51265e-07;2.82697e-08;0.995102;0.00214767;4.23837e-05
3.28167e-05;0.885452;5.95034e-07;5.17696e-06;4.4158e-05;0.000231259;0.000122959;0.097728;2.02398e-05;0.000104326;8.8982e-06;7.85482e-08;0.0159649;0.000284604
5.46213e-10;1.85232e-10;1;1.5566e-10;1.85844e-10;5.46498e-12;1.01356e-09;1.84331e-12;1.19972e-10;2.23151e-10;1.01954e-11;1.37057e-08;6.45647e-11;4.28988e-11
2.04041e-06;1.37051e-06;0.999567;2.74434e-07;5.3181e-07;3.32054e-07;1.19813e-08;7.3432e-05;3.55263e-06;5.90401e-08;3.27264e-08;0.00034437;2.11175e-07;6.99976e-06
2.75892e-08;2.07402e-06;2.66571e-08;7.74418e-09;7.82601e-06;0.000112216;1.43755e-12;5.05424e-07;3.95823e-09;2.07615e-08;1.21128e-10;1.21794e-06;5.49749e-07;0.999876
2.17191e-06;4.0046e-05;3.47576e-10;4.97783e-08;3.10005e-06;1.5557e-06;6.32113e-11;0.992665;2.16154e-06;7.35761e-10;9.3382e-08;1.19578e-05;0.00727326;2.82601e-07
4.83061e-07;0.999416;9.64989e-06;2.50115e-07;2.58562e-07;9.3351e-08;7.85125e-09;0.00019067;7.31667e-10;2.64801e-07;1.51928e-10;1.17376e-09;0.000371037;1.10729e-05
9.28629e-11;8.37034e-09;1;2.53716e-10;5.26198e-10;7.23009e-12;3.58673e-11;3.52642e-10;1.46458e-12;4.38107e-11;7.19936e-12;1.51322e-08;4.30962e-11;1.11564e-10
1.8675e-07;2.86782e-06;0.0456249;1.17016e-05;2.3359e-06;2.43898e-06;3.3728e-08;4.71337e-06;6.32047e-06;5.58362e-07;1.50333e-05;0.954028;1.06837e-07;0.000300483
4.70127e-05;0.0417484;4.6744e-06;4.11947e-07;0.00397975;6.86043e-05;5.27814e-07;0.875203;7.55532e-07;4.17902e-07;3.49988e-06;5.81864e-06;0.000838232;0.0780989
1.1923e-07;0.00153948;5.40379e-06;1.04196e-08;0.000212258;1.51939e-06;2.21541e-11;0.000300535;5.86087e-10;6.34452e-10;8.98465e-10;0.997235;0.000364684;0.000341235
1.62526e-09;0.995135;5.11766e-13;6.17948e-10;5.62737e-08;2.02605e-09;2.5676e-10;0.00010711;1.74862e-10;4.46161e-10;3.17136e-11;1.62677e-09;1.8136e-07;0.00475787
7.67799e-05;0.802094;6.54265e-05;6.51416e-05;0.00112754;7.93286e-05;0.00107608;0.121502;0.000303161;1.96564e-06;0.000178498;0.000920689;0.0725094;4.11956e-07
2.64839e-08;0.997187;3.25253e-11;1.42799e-09;7.61e-10;3.11042e-08;9.978e-11;9.77064e-07;8.12191e-12;3.28436e-10;1.29246e-11;2.99154e-06;0.00280941;2.72801e-09
6.64367e-05;0.0370541;4.94943e-09;0.000138647;0.00847299;0.00537535;2.6295e-06;0.0805904;1.08984e-05;2.83711e-05;5.88908e-06;0.85944;0.00101671;0.00779749
6.42373e-05;0.680025;2.17159e-06;1.02885e-05;0.000880452;8.57194e-05;8.63933e-07;0.00589672;5.99274e-06;1.22104e-06;4.06235e-06;0.00641082;0.306565;4.6725e-05
0.000413816;0.308332;7.02671e-06;0.00473059;6.1585e-05;0.000200229;0.000213747;0.0353994;0.0915506;6.09986e-05;0.0087368;0.0138547;0.53474;0.00169848
3.70741e-06;0.0029243;5.81705e-10;1.97749e-09;1.96775e-07;1.29161e-09;4.54502e-10;0.99707;3.56505e-09;3.1894e-09;3.27246e-10;2.34287e-09;1.65878e-06;1.35826e-07
9.04023e-06;0.699575;0.00313291;0.000110652;0.00603531;0.000960775;1.75661e-05;0.0268969;5.24726e-06;0.000268294;1.67894e-05;0.220688;0.000294627;0.0419891
7.59958e-08;6.83934e-07;0.999998;1.19407e-08;9.77038e-08;5.33158e-10;5.21095e-07;1.44618e-07;7.21023e-09;5.00126e-09;4.64453e-08;1.83653e-08;1.84119e-08;3.40557e-09
0.000106596;0.0059555;0.0336709;1.53527e-05;0.000109329;5.89122e-05;2.24466e-06;0.000106377;0.0011152;7.36005e-06;0.000239504;0.95608;0.000145905;0.00238695
0.000220398;0.946513;1.8853e-07;3.72948e-07;0.000240821;0.000958698;1.26393e-05;0.0206695;4.62967e-05;2.13575e-06;3.91382e-06;0.000739952;0.0258315;0.00476025
3.56999e-06;0.141878;1.2155e-08;9.52118e-08;0.00140243;1.78995e-06;2.03925e-09;0.00154988;2.83163e-07;2.49879e-08;3.05929e-08;0.822464;0.0325724;0.000127497
0.000158523;0.126226;8.50516e-10;6.02591e-05;0.0325199;0.000844562;8.57661e-09;0.819463;0.00329573;1.33854e-06;2.95984e-06;0.000399921;0.014275;0.00275344
3.66053e-06;0.999954;2.00101e-08;8.71806e-08;4.27477e-08;1.08124e-09;1.10945e-10;4.03758e-05;6.54403e-09;3.92801e-09;1.02712e-10;1.85005e-07;1.29628e-06;1.68959e-07
4.48607e-06;0.99894;2.88878e-09;1.243e-07;6.14906e-08;3.23732e-09;1.16728e-05;0.000195433;1.18804e-09;7.14116e-06;1.41418e-09;2.3023e-08;2.15162e-05;0.000819411
2.58829e-10;4.51026e-11;0.999999;1.47627e-09;7.38058e-07;3.52153e-10;1.42682e-09;2.78792e-11;4.96823e-11;7.64103e-09;4.25527e-11;7.20837e-08;8.66088e-15;6.36174e-08
2.72002e-06;0.81718;0.000890001;6.2419e-07;1.70706e-05;2.92457e-07;1.56603e-07;3.71643e-06;2.35094e-09;2.13973e-08;2.35604e-08;0.000158563;0.181747;6.19546e-08
2.63531e-06;0.834418;5.17175e-06;2.04683e-06;0.000116009;0.000397923;1.512e-05;0.0405916;3.6083e-07;7.04162e-05;2.0122e-07;0.0006184;0.0356712;0.0880908
4.72096e-10;1.38264e-07;0.999999;3.97723e-09;3.83828e-07;1.73667e-08;1.1243e-08;6.11256e-09;1.35988e-10;1.30339e-10;1.29754e-10;5.81011e-08;3.59421e-09;2.34897e-07
1.96549e-07;3.29113e-05;9.55156e-09;3.00361e-07;2.83259e-07;0.000608617;2.29119e-07;6.00134e-06;8.38488e-07;1.47404e-08;5.26157e-07;2.86192e-09;0.999256;9.3626e-05
6.68527e-07;5.93367e-05;0.992952;1.63195e-07;4.09238e-07;6.10632e-07;5.63226e-09;7.89397e-06;1.14116e-09;1.86977e-08;3.3049e-09;0.00689681;3.88753e-05;4.34818e-05
6.34026e-07;0.982502;2.07269e-08;1.00705e-06;7.18042e-05;3.33625e-06;9.46348e-07;0.0168879;2.57304e-05;9.9101e-09;1.39912e-05;5.59508e-05;0.000429171;7.83769e-06
1.65492e-06;0.000406131;0.000407988;6.61351e-07;1.55207e-05;1.50617e-05;4.07473e-09;1.91759e-06;3.70144e-08;4.51506e-08;2.47627e-08;1.57703e-06;0.999146;3.2106e-06
1.16224e-06;0.996658;1.19125e-06;1.05486e-07;2.05101e-06;6.07442e-08;8.40254e-05;9.50402e-05;2.8962e-07;5.66673e-05;1.92053e-07;2.02063e-05;0.000918735;0.00216188
5.28651e-13;4.89576e-13;1;2.70503e-12;1.00133e-09;8.04995e-11;1.60419e-12;5.01152e-13;2.79829e-14;8.37792e-13;4.17572e-15;4.48577e-07;1.63794e-13;2.02408e-11
1.16412e-07;0.000126978;4.73536e-11;6.4425e-08;0.000233134;2.19208e-06;2.3911e-07;0.997247;5.75577e-07;1.63104e-09;2.60362e-07;3.58492e-08;0.00237476;1.4582e-05
6.98744e-07;0.00114842;1.95164e-08;9.91415e-06;3.27821e-07;0.000124193;5.78147e-06;4.47651e-05;2.48834e-05;3.10274e-07;3.95349e-05;5.93405e-07;0.998542;5.85836e-05
3.90052e-08;3.02447e-05;0.999364;1.67689e-08;3.25307e-09;9.1949e-10;2.39597e-10;6.3654e-08;1.57321e-10;2.12217e-09;2.66639e-10;0.000601161;2.47905e-08;4.36623e-06
2.30959e-07;0.99501;1.08996e-10;1.2077e-07;1.16713e-06;2.06559e-06;5.92208e-08;0.00121416;8.37096e-07;2.80695e-09;2.04519e-07;1.21083e-05;0.000583057;0.00317581
1.12586e-06;0.00200705;2.09351e-08;5.09657e-06;0.000131156;0.000470513;6.02651e-08;0.000490808;2.13821e-07;2.86521e-07;1.16748e-06;0.00021241;0.996421;0.00025896
6.47075e-06;0.000211662;5.27178e-09;1.1796e-06;1.6415e-06;4.53029e-08;1.58779e-08;4.07793e-05;1.81775e-06;2.57597e-08;4.15952e-06;0.998659;0.00107278;3.31051e-07
1.84244e-06;0.998578;1.32236e-07;3.66311e-08;7.05586e-08;6.77928e-10;5.89948e-06;0.000661032;4.08483e-08;3.91164e-08;1.81044e-07;0.000111967;0.000637037;3.96018e-06
2.58889e-08;0.000748038;7.06711e-11;2.39112e-06;1.31795e-05;4.35025e-07;0.000378148;1.70999e-05;2.0531e-08;0.000685329;2.28214e-07;7.8907e-07;4.81842e-06;0.99815
3.60553e-06;1.05033e-06;0.998857;4.00477e-06;1.2672e-06;1.99601e-08;0.000425399;0.000132033;1.33316e-05;3.47484e-06;0.000482856;7.55089e-05;1.82127e-07;8.80483e-10
4.79172e-05;0.315132;0.000200439;5.29729e-06;5.49027e-06;1.29131e-06;1.16906e-05;1.03648e-06;3.78145e-08;2.22704e-06;5.17515e-06;1.38509e-05;0.684573;3.4127e-07
9.81936e-06;0.314529;1.57056e-05;1.0254e-06;9.92396e-05;1.05841e-05;8.47467e-07;0.0106482;1.07891e-06;1.39622e-06;9.05545e-07;0.0935769;0.580547;0.000557763
2.07364e-07;0.000181463;2.08394e-09;3.30663e-05;0.000566148;0.7426;1.39003e-06;4.03847e-05;7.62008e-06;1.46371e-05;2.75013e-06;1.06366e-07;0.256189;0.000363227
0.000324112;0.000261616;0.996875;6.0714e-05;0.00021264;0.000142646;2.4615e-06;1.7118e-06;7.63712e-07;5.47153e-05;3.30329e-08;0.00190247;7.52131e-05;8.59095e-05
9.2763e-05;0.00120581;1.34082e-08;3.96296e-06;5.75386e-06;6.07257e-05;8.99332e-06;0.000195402;6.43346e-05;7.75557e-07;0.000144987;0.00015888;0.998056;2.04273e-06
0.000269717;0.00242426;4.89655e-06;5.23848e-05;1.86206e-05;4.73897e-05;7.21956e-07;0.000654116;0.000141192;7.65734e-06;0.000358581;0.862393;0.132849;0.000778224
0.000239638;0.388001;5.51403e-07;1.15574e-06;1.70885e-06;1.33195e-08;9.96203e-06;0.610152;1.92831e-05;6.42138e-07;9.75412e-05;9.44502e-05;0.00138213;2.06012e-08
2.55707e-08;0.000911951;6.77079e-07;1.96895e-06;3.36144e-06;1.92642e-07;6.22503e-11;0.000466504;6.11374e-08;1.7909e-08;7.21063e-09;0.997907;0.000675889;3.24256e-05
4.60572e-05;0.493124;5.08849e-09;1.20594e-05;0.00131044;1.62702e-06;1.89479e-05;0.504707;0.000101928;4.74233e-06;9.93222e-05;0.00017193;0.000355411;4.66922e-05
0.000671453;0.0407733;0.607551;6.2601e-05;0.00873078;0.000163613;8.29721e-07;9.83292e-05;3.44915e-07;2.55758e-05;6.22796e-08;0.336465;0.000531078;0.00492521
0.000107652;0.421987;2.82111e-08;1.01191e-06;6.74731e-06;2.37309e-05;2.54861e-07;0.574037;0.000555893;3.56509e-08;3.85236e-07;0.00190122;0.000154499;0.00122493
6.07936e-08;0.000104119;1.7761e-12;1.15934e-08;1.04164e-06;4.77082e-07;2.24548e-09;8.92945e-06;3.24174e-08;4.11726e-09;1.9713e-08;2.06998e-07;0.999885;1.46331e-07
6.67017e-05;0.0171591;2.58691e-08;4.82957e-06;0.000139722;9.23097e-06;2.34322e-08;0.000940387;6.91585e-06;1.86404e-06;8.58486e-07;0.969436;0.0118779;0.000355947
4.74607e-05;0.000466737;9.61226e-08;9.0066e-08;3.68504e-07;3.61189e-07;3.46559e-06;0.998967;6.31862e-05;2.33825e-07;1.68299e-06;1.31317e-07;0.000448678;1.0148e-06
9.25177e-07;0.000447229;1.16331e-06;3.72407e-05;0.0522406;0.00189341;1.00855e-07;0.197233;4.98387e-05;7.53553e-06;1.7836e-07;3.95745e-06;4.57308e-05;0.748039
1.9714e-11;1.23959e-10;1;2.01072e-12;1.66411e-13;6.96055e-15;2.11052e-09;4.77762e-14;2.56325e-12;1.32866e-12;1.30486e-12;3.69537e-12;7.27879e-15;2.65125e-12
7.97193e-06;0.0187648;1.64252e-05;1.84715e-06;1.03764e-05;4.3458e-07;1.38252e-05;0.000179494;0.00209117;3.97899e-08;0.00130522;0.968927;0.0086408;4.08661e-05
1.29383e-05;0.940958;5.06937e-08;3.51432e-05;7.72839e-05;9.34216e-05;1.25047e-05;0.000862003;3.57641e-05;3.55215e-06;9.76124e-05;0.000700321;0.0504334;0.00667862
1.19021e-07;0.997564;3.40936e-09;5.96963e-09;3.02945e-08;1.56382e-09;1.01058e-06;8.1015e-05;1.90435e-10;4.55764e-07;1.54362e-09;2.98284e-05;4.44704e-08;0.00232413
2.27114e-11;4.04847e-09;0.999999;3.39817e-10;9.9626e-09;7.33219e-09;1.20775e-10;9.37957e-10;2.59544e-12;1.66031e-10;7.99961e-12;6.7719e-07;3.27099e-11;6.77581e-09
3.55612e-07;0.0133068;2.10842e-09;1.45658e-07;3.39331e-09;5.8357e-05;5.5512e-06;1.84013e-06;7.54486e-07;9.64866e-08;3.09999e-06;7.42368e-08;0.986623;6.97288e-08
1.13951e-08;3.95521e-06;0.998764;2.07998e-07;8.54212e-09;1.43414e-08;1.27349e-05;3.23112e-10;1.07796e-09;1.05467e-05;2.23341e-08;0.00120835;1.56282e-07;5.1327e-07
1.5968e-08;4.92631e-08;0.999958;1.74627e-07;2.83396e-08;3.44147e-08;3.44718e-05;3.41027e-09;9.03166e-07;5.36854e-08;5.79535e-06;4.99297e-07;1.47786e-08;4.23696e-09
1.103e-07;0.99994;6.0989e-07;3.88619e-07;2.31708e-08;1.00354e-08;3.66827e-08;1.37395e-05;2.74384e-08;7.2643e-09;3.37504e-07;5.20949e-06;3.9005e-05;2.43852e-07
2.21026e-07;0.998383;5.04578e-11;1.55493e-09;1.11884e-08;9.58677e-11;1.86958e-07;0.00159558;4.46737e-10;1.82665e-08;1.38381e-09;4.30875e-10;8.07659e-06;1.25078e-05
2.18183e-10;1.59451e-07;5.71782e-08;1.83014e-08;1.53367e-05;1.16062e-08;2.36625e-10;3.7787e-08;3.31348e-09;1.2351e-10;4.85032e-08;0.999984;4.09603e-09;2.17103e-07
2.2048e-07;0.0601285;4.22181e-05;1.00267e-07;4.85689e-06;2.74785e-07;3.73166e-09;6.09415e-08;2.02419e-11;1.06236e-08;1.58191e-09;3.64931e-05;0.939787;7.35354e-08
2.57703e-07;0.000232445;3.80095e-08;1.47249e-06;7.40232e-05;2.76706e-06;1.04419e-07;0.00747869;0.000195803;1.67626e-08;1.73704e-05;0.991843;0.000107922;4.62285e-05
6.80329e-09;0.998679;1.54244e-10;5.26157e-10;1.45054e-08;4.59555e-08;2.16628e-11;2.14153e-05;8.29801e-12;1.7361e-09;1.29963e-11;4.10351e-06;0.00129562;1.36926e-07
7.22956e-05;0.105975;5.06875e-05;1.29975e-05;0.00139036;0.00082144;8.38048e-06;0.805859;3.28168e-06;2.09779e-05;2.64845e-06;0.00785796;0.0438657;0.0340596
0.000593694;0.102321;2.15651e-06;0.00470782;0.0041567;0.138752;7.88437e-05;0.0544219;0.0314942;5.40056e-05;0.0326864;0.0134738;0.368112;0.249145
2.04647e-05;0.00989494;1.75037e-08;1.3872e-08;1.98431e-06;2.08016e-07;4.22921e-10;0.987126;7.4585e-09;3.53564e-09;1.67083e-09;2.72305e-05;0.0029224;6.97896e-06
4.071e-09;0.00096943;1.89086e-07;9.49462e-08;1.0309e-05;2.4764e-05;6.21691e-11;9.02329e-06;3.36995e-10;1.61266e-08;2.69988e-09;0.99648;2.57363e-05;0.00248059
3.62511e-07;0.000323914;4.26706e-10;3.41746e-07;4.30953e-06;5.94881e-06;7.75882e-07;0.000104433;1.71096e-07;1.15921e-07;9.85246e-06;8.30456e-07;0.999547;1.54472e-06
0.00296818;0.00802979;4.57341e-06;2.22632e-05;9.11309e-05;1.57617e-06;5.11459e-06;6.09104e-05;0.000596591;2.65666e-06;0.000417676;0.931527;0.0560683;0.00020456
0.000230083;0.0265221;2.73599e-09;2.11138e-08;2.91506e-07;2.42047e-09;1.64703e-06;0.97283;5.19713e-05;1.45905e-08;1.38575e-06;5.54346e-07;0.000362533;2.16785e-09
2.74094e-09;1.65651e-05;7.69441e-07;2.88134e-07;1.25815e-06;6.79791e-08;2.05243e-12;6.0378e-06;7.89505e-09;2.63132e-09;3.7026e-10;0.999867;0.0001061;1.89469e-06
0.000193424;0.727186;2.2524e-08;4.11121e-05;0.003779;1.14116e-05;0.000138434;0.258056;0.00187419;7.67291e-06;0.000618638;8.93935e-05;0.00796845;3.58429e-05
0.00071834;0.270891;0.338723;5.14594e-05;0.00544211;6.10455e-05;1.84302e-06;0.000606131;1.06071e-06;6.86209e-06;1.76702e-07;0.371711;0.00566827;0.00611786
3.26366e-06;0.0435864;1.71451e-10;9.32151e-08;5.64953e-06;2.22241e-06;1.07992e-08;0.951001;2.98817e-05;2.95507e-09;1.76743e-08;0.00445392;0.00078189;0.000135218
2.4902e-05;0.0542458;1.42243e-09;2.61515e-05;0.000207213;2.12703e-05;1.616e-07;0.572588;0.000252791;1.23743e-06;1.17076e-05;0.000114356;0.372137;0.000369161
0.000253856;0.965991;4.50295e-08;3.34379e-05;1.94095e-05;1.37417e-06;3.01246e-05;0.0252468;0.000142999;1.21397e-05;4.99151e-05;0.0064521;0.00148788;0.000279057
0.000109326;0.131705;0.854069;3.92e-05;0.000144066;1.74735e-05;3.11728e-05;6.77304e-06;1.88809e-08;2.0356e-05;4.39566e-06;0.000748676;0.0121204;0.000983946
2.11026e-05;0.863599;8.64727e-07;5.09299e-07;2.6662e-05;7.85728e-07;2.54637e-05;0.00142122;8.07972e-06;6.95381e-07;0.000228937;0.0343757;0.0966166;0.00367416
0.000155968;0.0872462;1.41456e-07;0.000330982;0.340373;0.0896786;4.14936e-05;0.0313754;0.000287496;4.7015e-05;0.000111182;0.00678014;0.167993;0.27558
0.00364494;0.847868;0.0918439;0.000349047;0.00361655;0.000404334;7.66082e-05;0.00371049;1.85465e-05;0.000299312;4.26991e-06;0.0218099;0.0081625;0.0181911
0.000189716;0.00240723;5.26532e-10;3.75001e-06;2.05797e-05;8.63702e-06;4.54878e-06;0.00371382;0.000536104;1.7082e-07;0.000310033;4.46492e-05;0.99276;1.15839e-06
7.46167e-05;0.99922;6.53201e-05;2.23713e-05;1.47183e-05;3.47941e-06;1.15812e-06;3.70579e-05;1.92176e-05;1.30116e-06;3.887e-06;9.18532e-05;0.000400698;4.44048e-05
2.43041e-06;0.998808;1.47696e-10;1.42791e-07;1.02082e-07;3.98188e-08;0.00106682;1.02389e-06;3.36641e-07;6.7686e-05;8.66781e-07;3.53899e-10;1.61968e-05;3.59003e-05
4.68658e-10;3.22613e-12;0.999995;4.0276e-08;6.44354e-08;6.99621e-07;3.12628e-09;3.8027e-13;6.64018e-11;6.79504e-09;9.45016e-10;3.79649e-06;3.0632e-11;8.69307e-10
0.000136127;0.787919;6.11428e-06;1.5928e-05;0.000196348;0.000106373;7.98866e-05;0.159069;2.6094e-05;7.37455e-06;4.16828e-05;0.000102589;0.0515701;0.000723712
2.85204e-05;0.0966387;6.65887e-06;0.00307118;0.000115382;0.000207579;0.0661006;0.000911132;0.421248;0.00220439;0.400626;0.000899756;0.00698468;0.000957066
6.47167e-05;0.993254;4.32639e-06;0.000533267;5.16982e-05;0.000419287;0.000141139;7.3567e-05;0.000464196;0.000251975;0.000445931;0.00202649;0.000328886;0.00194033
2.72418e-06;0.00116787;1.22057e-09;4.7334e-08;7.46555e-09;3.74451e-07;3.49822e-07;4.77956e-07;4.65389e-08;1.38882e-08;5.50924e-07;1.63907e-05;0.998811;1.08178e-08
7.19417e-06;0.00337802;0.994012;1.28438e-05;3.60539e-05;1.48253e-07;2.51725e-07;0.000137258;3.50569e-07;1.82433e-06;4.64759e-08;0.00132904;2.17257e-07;0.00108474
1.36949e-06;0.999428;2.67137e-09;4.67932e-08;0.000116128;1.9702e-08;1.17767e-09;0.000385855;3.01999e-08;2.51664e-09;5.94228e-09;2.69115e-06;1.34446e-05;5.27024e-05
1.30962e-06;0.00128955;1.15111e-07;5.41141e-07;7.54747e-07;5.48735e-05;7.15004e-09;0.960069;3.34481e-06;2.28324e-07;5.59128e-07;0.00410472;0.034475;1.63124e-07
0.000183044;0.996542;1.1661e-06;3.80171e-05;1.81304e-05;3.54002e-06;0.000242654;1.14697e-05;6.21848e-05;1.1509e-05;0.000122922;0.000238518;0.00252355;1.28924e-06
0.000380673;0.933622;4.45171e-06;1.35572e-05;6.64401e-07;3.2454e-06;6.14493e-05;0.0049102;0.000432764;1.97345e-06;0.000165862;0.00543188;0.054971;2.03152e-07
2.35833e-05;0.0256732;5.85407e-06;0.000243102;0.304529;0.0103512;1.10884e-06;0.224252;2.48404e-05;0.000260957;4.73091e-06;0.407545;0.00152208;0.0255638
3.49188e-05;0.998307;4.02274e-06;1.71992e-07;2.6788e-07;9.21145e-08;7.5771e-06;5.56769e-05;8.61706e-06;2.22595e-07;1.34679e-06;0.000887605;0.000336603;0.000355481
2.89815e-05;0.00297855;4.68349e-09;2.40821e-06;3.611e-05;9.34808e-07;6.12451e-06;0.000887253;0.000418561;8.55527e-07;7.87123e-05;0.985399;0.00979182;0.000370759
1.95448e-06;0.995852;2.42477e-08;3.38306e-09;9.10833e-10;1.37539e-09;2.15683e-08;1.89396e-06;1.0188e-08;3.16231e-09;6.84758e-09;0.00363859;0.000505657;3.03802e-10
1.62098e-05;0.00632582;3.05351e-06;5.69507e-07;3.17821e-06;4.54185e-06;1.34554e-06;0.00610927;3.71935e-05;9.28293e-08;4.69798e-05;0.987311;0.000131693;9.25233e-06
2.43169e-06;0.967895;3.60252e-06;6.84455e-07;7.86638e-06;4.62802e-05;7.48189e-05;3.2567e-06;9.29474e-08;9.26545e-05;1.88842e-07;1.54773e-07;0.00039361;0.03148
4.12786e-10;8.57609e-11;0.999999;1.02514e-07;4.95703e-09;6.06913e-07;3.14304e-08;4.42762e-12;1.52241e-08;5.85344e-09;1.24176e-07;6.15828e-08;9.20595e-10;3.64903e-10
0.000233358;0.184395;0.000545152;2.91673e-05;8.58355e-06;0.000555564;5.42829e-05;0.0122292;0.000104183;3.38037e-05;0.000209328;0.00212368;0.797855;0.00162387
7.70806e-09;4.22294e-06;4.92769e-09;7.38837e-08;7.45617e-08;2.62195e-07;2.50904e-09;2.34619e-05;6.08505e-08;1.49758e-09;8.08165e-06;2.50204e-06;0.999961;3.58395e-08
1.7997e-06;0.000166428;1.25946e-06;1.65339e-06;1.22857e-07;1.65663e-08;3.46102e-08;4.86308e-06;1.62813e-06;2.0504e-07;9.71644e-06;0.999751;5.13557e-05;1.03892e-05
4.43147e-08;0.000685175;3.21003e-11;1.0928e-09;2.577e-06;1.72472e-09;2.05787e-11;0.999304;1.20167e-09;3.47753e-10;7.99964e-10;1.64805e-06;6.48031e-06;2.52988e-08
2.8975e-07;0.00263568;0.996701;1.62161e-05;5.31316e-05;0.000135132;3.63569e-06;1.54532e-06;2.34698e-09;0.000257047;4.23434e-08;1.85327e-07;0.000169487;2.68983e-05
5.39034e-09;2.06473e-09;0.999994;2.94429e-09;9.53249e-09;1.19e-09;2.10079e-07;5.31315e-09;1.2718e-09;2.12257e-09;2.15226e-08;5.70174e-06;3.3368e-10;7.06347e-09
9.56008e-08;2.9074e-06;0.999748;5.64326e-08;2.54278e-08;1.32024e-07;1.30071e-07;3.82389e-07;3.57559e-08;1.10592e-08;6.38705e-08;0.000243507;2.2805e-07;4.63859e-06
2.07319e-06;2.74698e-05;1.27094e-07;5.42743e-08;0.000729584;0.992032;2.02629e-08;1.40556e-06;3.41792e-07;2.27081e-08;6.06904e-08;1.07145e-05;0.00173353;0.00546263
1.85929e-06;9.51495e-05;1.46734e-07;1.79921e-08;0.0113819;5.16709e-05;1.69362e-11;0.00141655;3.54878e-07;6.39588e-10;2.7538e-09;0.986421;0.000116865;0.000514832
1.57731e-05;0.978203;0.000566673;2.2881e-06;0.000166534;2.9715e-06;0.00344314;8.10659e-06;3.72475e-07;0.0169312;1.05719e-08;4.47639e-08;1.30571e-06;0.000658806
6.91642e-10;2.16691e-10;0.999999;7.91277e-10;4.55083e-07;1.55157e-09;7.62504e-10;3.6703e-08;2.00007e-09;3.83235e-10;5.74313e-11;2.11357e-07;4.28222e-13;2.7185e-10
2.38052e-08;0.998679;1.46395e-07;1.96575e-08;5.66405e-08;2.51962e-08;1.23186e-10;0.000312189;8.12958e-11;1.705e-09;2.18597e-10;8.63205e-09;0.00100849;7.71901e-09
9.40907e-09;1.11428e-06;0.999999;1.80148e-08;6.00863e-08;1.28656e-09;1.57181e-08;1.62983e-09;6.58851e-11;8.27631e-09;4.59009e-10;4.87699e-08;5.53917e-10;4.90302e-08
9.20604e-09;2.68512e-07;0.000225004;6.8881e-08;4.2322e-08;4.87998e-08;3.13941e-10;2.4615e-08;1.26005e-07;4.03081e-09;4.43933e-07;0.999774;3.48655e-09;4.41763e-07
2.22799e-08;7.25282e-07;0.99622;3.18204e-09;3.36288e-05;0.000305147;2.11999e-10;7.52699e-07;2.18566e-11;2.03591e-09;1.87304e-10;4.1631e-09;2.46947e-06;0.00343764
1.06937e-07;0.00214477;1.09977e-05;1.75955e-09;0.000375835;5.38154e-06;5.78507e-13;0.989289;9.84306e-10;1.77857e-11;3.63105e-10;0.00344886;0.00465106;7.40887e-05
3.64877e-10;0.99902;6.41154e-12;2.26686e-10;6.98318e-08;3.15128e-09;9.47234e-10;2.10098e-05;2.49643e-10;2.26476e-09;7.62552e-12;1.13912e-11;2.64815e-06;0.000956014
2.16096e-05;0.0769529;2.30335e-05;2.45149e-05;0.000414945;9.2235e-05;0.000443087;0.870166;0.00028268;4.04092e-06;5.8844e-05;1.33498e-07;0.0515156;2.19285e-07
1.11001e-07;0.999766;1.35002e-07;3.23247e-06;5.01868e-07;6.11862e-07;3.29705e-10;4.44157e-06;5.23594e-11;5.46973e-08;4.8894e-10;0.000116845;0.000102967;5.14957e-06
2.44582e-08;5.72762e-05;4.59943e-14;5.64811e-10;4.07875e-11;1.39852e-09;3.8347e-09;4.43889e-08;1.35906e-10;4.15908e-11;1.93252e-08;1.25203e-09;0.999943;4.7589e-12
1.77556e-06;0.000243252;0.998269;1.73296e-05;7.83857e-05;3.07709e-07;2.81464e-07;0.000130267;6.91972e-08;1.19184e-06;1.58169e-08;0.000239074;3.0906e-08;0.00101865
3.9721e-07;0.999783;9.92435e-10;6.29653e-08;0.000171725;2.81167e-08;1.41751e-08;1.28915e-05;1.65729e-08;5.75716e-09;6.3247e-09;1.61923e-06;2.6651e-05;3.72358e-06
1.21003e-06;0.000128868;3.32975e-08;6.72961e-07;1.94704e-05;0.000251006;2.36564e-08;0.985021;1.54718e-06;4.9764e-07;3.86195e-07;0.000950755;0.0136237;4.52043e-07
8.1032e-06;0.999964;5.42647e-08;1.8621e-06;7.62855e-07;2.54855e-07;4.43835e-07;2.82436e-07;7.70579e-07;5.58392e-08;5.45383e-07;5.7219e-06;1.6624e-05;4.7279e-07
7.62025e-07;0.999898;3.19544e-10;7.56055e-09;1.1397e-10;1.06642e-09;3.98658e-09;1.17812e-07;1.14017e-08;1.80905e-10;1.403e-08;3.90192e-07;0.000100467;1.09282e-11
9.59541e-08;0.000128758;1.01689e-07;1.00038e-07;1.92022e-05;3.40642e-05;5.21735e-12;0.00329418;3.64557e-09;5.0035e-10;1.36595e-08;0.996476;4.11484e-05;6.56312e-06
2.80642e-08;0.948464;6.28329e-08;2.61143e-06;5.63123e-10;3.74515e-07;0.050894;3.14084e-08;3.43464e-08;0.000605628;7.27133e-06;8.48572e-08;3.80018e-06;2.24957e-05
1.09749e-10;1.07692e-09;0.999999;6.79593e-09;9.48021e-10;5.52888e-09;3.23689e-07;1.04818e-11;9.8346e-11;1.68651e-09;1.46159e-08;2.20343e-07;1.68273e-08;5.71022e-12
1.76405e-07;0.0040591;2.18772e-09;4.5408e-07;2.50121e-06;2.47016e-05;5.57769e-05;0.000576039;8.55775e-07;2.61051e-07;6.62941e-05;4.09811e-09;0.995214;8.05718e-10
2.52147e-09;2.32929e-07;0.999999;1.11052e-08;2.29259e-09;1.14523e-09;6.99668e-08;5.21624e-11;1.98061e-10;2.94081e-09;6.60507e-09;9.58826e-07;2.78833e-09;1.37323e-10
2.71775e-08;2.11512e-06;0.998595;8.27073e-08;2.59718e-08;1.93214e-07;6.17268e-10;4.69314e-07;2.71909e-09;2.31746e-09;1.73849e-08;0.00140174;3.42534e-08;2.7883e-07
9.31975e-09;0.00312544;2.66238e-10;1.16905e-08;1.37565e-05;0.000356935;2.44919e-08;1.18595e-07;1.76056e-10;4.93888e-08;2.35974e-09;9.11182e-14;6.98354e-06;0.996497
6.21463e-12;5.21206e-12;0.999971;1.29253e-12;8.29293e-09;2.90204e-10;8.67641e-14;6.38283e-14;1.07001e-14;3.80425e-12;1.2529e-14;2.90728e-05;1.36323e-12;3.31711e-10
1.60767e-06;0.0179121;3.47534e-07;1.98e-07;0.00116673;0.000402648;2.10814e-08;0.975644;1.13325e-06;6.58858e-08;3.84155e-08;1.16269e-05;0.00459958;0.000259547
3.61825e-09;0.000102898;5.03591e-11;1.65494e-08;5.96368e-08;1.07327e-07;1.68236e-10;0.00490374;1.2687e-09;8.61519e-11;7.80522e-09;1.54504e-08;0.994993;5.08504e-08
1.52747e-06;0.0104153;7.10349e-06;2.40839e-05;2.07578e-06;1.50112e-07;2.14807e-08;3.53048e-05;9.61581e-08;3.28711e-07;1.60809e-06;0.987384;0.00199992;0.000128192
1.35044e-07;0.00495433;3.35036e-11;6.24241e-09;5.70006e-05;1.43796e-09;2.61019e-10;0.994985;1.29095e-10;3.47967e-09;2.45167e-10;1.30477e-07;2.4937e-06;1.24351e-06
1.15517e-06;0.000141306;0.998236;5.65326e-06;0.000147268;0.000106092;3.37684e-08;1.12154e-05;1.79089e-09;1.02632e-06;2.47997e-08;0.00053562;0.000806927;7.67315e-06
8.71716e-07;0.997832;1.69347e-10;1.97488e-09;8.41859e-09;1.30947e-10;0.00194257;5.93973e-07;1.16479e-08;2.01604e-06;3.96652e-08;2.48111e-06;1.84433e-07;0.000219586
3.19481e-09;2.72517e-09;0.999999;3.39385e-08;1.24935e-07;2.03424e-08;5.57034e-07;1.72779e-11;5.11438e-08;5.29902e-09;3.68032e-09;2.03779e-08;1.09059e-10;4.15562e-08
1.58026e-07;0.999388;1.09842e-10;2.52439e-09;2.54456e-10;1.53078e-10;9.02899e-08;0.000407712;2.12205e-07;2.2288e-08;3.4088e-07;9.30483e-10;0.000202845;2.13381e-07
7.68407e-12;4.59401e-11;0.999999;3.32195e-09;3.54637e-09;5.11058e-10;1.62281e-11;3.93557e-13;2.51048e-12;1.21167e-09;9.79808e-12;5.64747e-07;6.12547e-13;4.16097e-08
3.33313e-05;0.0803992;4.30393e-07;1.7068e-05;5.93742e-05;0.000137211;1.44682e-05;0.88981;8.16094e-05;2.19119e-05;3.61443e-05;1.51025e-06;0.0293824;5.58476e-06
4.04775e-07;2.78616e-06;4.21792e-09;8.26384e-07;6.38239e-08;0.00402874;4.25479e-06;3.2112e-07;7.80207e-05;1.07816e-06;0.00321988;1.28369e-10;0.992664;9.15041e-08
8.80929e-07;4.4071e-06;0.999979;2.43548e-06;2.38743e-07;1.76578e-06;6.01987e-08;5.46519e-08;1.23731e-07;1.9944e-06;1.66545e-07;7.84978e-06;2.80642e-07;7.43471e-07
1.79343e-06;0.998784;2.0195e-07;6.93733e-06;1.06291e-05;5.75494e-06;3.15217e-07;0.00100566;1.26436e-05;4.14833e-07;1.54315e-05;5.05488e-06;0.000106022;4.53922e-05
