1.78523e-06;0.997732;1.99711e-09;4.5742e-08;9.06773e-10;1.06675e-08;3.56007e-07;1.24763e-06;1.63649e-07;3.91779e-09;8.26788e-07;5.41073e-05;0.00220924;3.29976e-09
1.54289e-05;0.916439;5.44845e-08;4.03272e-06;2.5834e-05;4.12584e-05;1.00386e-07;0.0294853;3.79304e-06;4.59134e-07;4.07442e-06;0.0492632;0.00316369;0.00155441
1.45116e-06;0.996838;2.64191e-07;1.65758e-05;4.96018e-06;4.7554e-05;5.0125e-07;0.00251498;2.72894e-06;1.08952e-06;1.41201e-05;4.12009e-05;0.000180292;0.000335967
8.22803e-07;0.999283;1.53913e-10;4.5903e-07;3.68816e-06;4.91241e-08;8.60196e-07;6.28374e-05;2.24969e-07;4.15249e-07;3.96353e-07;0.000629106;4.04273e-07;1.82351e-05
9.74328e-05;0.0263674;0.00107277;0.000177959;0.00260166;0.000204319;2.63856e-06;0.000174362;8.44778e-07;2.89117e-06;1.15825e-05;0.939162;0.0287002;0.00142407
0.00169388;0.638425;1.01439e-07;1.08551e-05;1.47814e-05;6.02525e-06;6.39968e-05;0.00446967;0.00153496;1.82671e-07;0.0451884;0.00661841;0.301943;3.10824e-05
0.000776393;0.700327;0.00678731;7.61993e-07;0.000175771;3.29544e-06;1.30143e-06;0.075404;2.35524e-07;6.15527e-06;4.40535e-07;0.206117;0.00462688;0.00577327
8.27318e-06;0.0924364;0.00255695;2.94561e-06;0.000554779;0.00024692;1.67984e-05;0.900256;2.55235e-05;3.23904e-06;6.31927e-05;0.0028433;0.000823775;0.000162275
1.52939e-10;2.23054e-08;0.999998;8.43591e-11;2.0847e-10;2.17673e-11;2.15119e-09;2.14623e-11;1.34213e-11;1.25448e-10;3.89658e-11;2.34976e-06;4.84882e-11;2.37791e-10
6.44023e-06;0.00134952;2.94134e-11;9.22431e-07;1.20065e-05;8.77444e-07;0.000535508;0.00128536;0.00306349;9.57583e-07;0.000242543;2.61938e-06;0.000392263;0.993107
1.40786e-05;0.79213;4.91909e-06;6.37485e-08;4.18019e-05;1.22979e-07;4.17697e-06;0.0453831;1.00486e-05;7.86061e-07;2.93953e-06;0.0117396;0.149598;0.00107025
2.65989e-05;0.712492;2.14746e-09;3.19324e-05;0.0178527;0.00134736;6.37674e-06;0.00220095;0.033051;8.41579e-07;4.40738e-05;0.0224625;0.203653;0.00683061
5.80059e-05;1.48477e-06;7.09218e-09;3.08648e-09;2.77298e-08;4.98599e-10;2.26087e-09;0.999753;0.000176773;2.75741e-10;3.19065e-08;1.99238e-07;1.02184e-05;3.51833e-10
1.1474e-05;0.30858;4.91946e-05;3.82741e-05;0.00013019;0.00158798;1.21596e-09;0.00108133;2.84597e-06;2.12383e-06;5.10792e-07;0.000446029;0.000550736;0.687519
9.62033e-05;0.839454;1.10525e-07;6.18507e-06;2.51967e-05;3.11122e-05;4.1999e-07;0.0192112;4.84027e-05;5.87946e-07;7.97652e-05;0.00225573;0.138179;0.000612368
3.54604e-07;0.0537894;5.49321e-09;2.77965e-08;1.0576e-06;2.40355e-07;3.36053e-09;0.0274046;3.03376e-09;5.44387e-09;8.48352e-09;0.000152234;0.9186;5.22945e-05
1.58473e-07;0.117213;6.70265e-08;5.86865e-06;6.4182e-07;4.10724e-05;1.48504e-07;5.35595e-05;6.83745e-08;2.74481e-07;1.24868e-05;0.0113769;0.869797;0.0014988
4.25594e-07;0.986255;0.0128537;1.31692e-05;2.10487e-07;3.16885e-07;0.000144232;2.1255e-06;6.74869e-09;9.8601e-05;7.21836e-07;1.45772e-05;1.05019e-05;0.000606019
9.06983e-12;3.63507e-09;1;2.21763e-10;7.15046e-10;6.38295e-10;7.7815e-09;3.08366e-11;1.47155e-13;2.67978e-10;9.20392e-12;3.31213e-09;6.59458e-11;3.8689e-10
9.94639e-07;0.00131532;1.29371e-05;3.38412e-05;0.000109243;6.05923e-05;7.59335e-07;0.015986;2.17502e-06;3.89803e-07;0.00191613;0.181527;0.79895;8.4455e-05
2.38266e-07;0.999846;5.34555e-08;3.39697e-05;1.23259e-07;9.51936e-07;8.69189e-06;1.72906e-05;2.21295e-07;3.31305e-07;5.71029e-05;7.6449e-06;2.69175e-05;8.27937e-07
1.26721e-06;0.993494;2.81356e-08;8.3023e-08;3.30611e-09;4.37032e-09;5.63953e-07;2.63291e-06;1.60552e-09;2.50769e-08;4.69535e-07;0.000310577;0.00619039;8.59521e-08
2.61993e-06;0.26321;1.35219e-05;5.31284e-05;2.52132e-05;0.00011688;9.60206e-07;0.00951931;1.38087e-06;4.52851e-07;4.06574e-05;0.725495;0.000479353;0.00104111
2.17614e-06;0.632701;5.84778e-10;4.90774e-05;0.00142217;0.0255473;8.32646e-09;0.0883482;2.24896e-07;7.82532e-07;1.08945e-06;1.40297e-05;0.000130625;0.251784
2.42268e-05;0.66233;3.1947e-08;4.88726e-07;4.81552e-07;1.28097e-05;1.75446e-07;0.00426765;6.83847e-08;3.7032e-07;1.56405e-06;5.36316e-07;0.33336;1.20532e-06
1.52755e-09;4.91353e-09;1;5.15461e-10;3.25625e-09;5.43829e-11;7.86096e-10;1.03588e-10;1.14318e-11;1.55124e-10;9.32956e-11;2.45094e-09;2.2225e-09;1.68876e-10
5.29927e-08;1.80285e-05;0.999766;1.04406e-06;1.57062e-06;5.01474e-07;3.91242e-10;8.15925e-05;2.17223e-08;1.47256e-08;5.31079e-08;4.3234e-05;2.57066e-07;8.72431e-05
3.24924e-09;1.09651e-05;3.91622e-05;4.01432e-08;1.92828e-05;0.000207124;5.78816e-13;4.65214e-07;2.04723e-12;1.7732e-08;1.73088e-10;3.00011e-06;2.06151e-06;0.999718
8.21605e-08;0.000768101;5.44101e-11;1.05109e-07;8.2997e-08;1.10277e-05;2.8927e-09;4.76923e-05;1.19543e-07;4.94906e-10;3.47439e-05;1.87258e-05;0.999119;7.82428e-08
7.81008e-07;0.999958;3.42219e-07;5.29441e-07;8.12309e-09;6.71439e-09;1.02065e-08;1.39675e-05;3.2176e-09;8.9626e-09;6.22025e-07;5.44213e-06;1.98521e-05;4.54006e-08
2.74418e-09;0.999218;8.23882e-12;2.2391e-07;2.71956e-08;7.38313e-09;1.84384e-08;2.90548e-05;9.33616e-11;2.29854e-06;3.01957e-10;9.03336e-09;3.60097e-08;0.000750575
1.29342e-08;1.72752e-05;0.999925;3.4734e-07;9.38982e-10;1.50122e-07;2.6797e-06;6.68576e-08;5.56745e-10;1.86588e-07;1.38702e-05;4.02892e-05;1.37522e-07;5.93368e-09
1.55549e-05;0.758868;1.80787e-07;1.92025e-06;1.30423e-07;1.05455e-06;0.000111621;0.0754808;5.8199e-06;3.99874e-08;0.00258363;0.00588934;0.157042;4.42899e-09
3.53606e-06;0.0374863;4.62234e-09;8.98778e-05;5.11833e-05;3.51803e-05;3.45657e-08;4.75659e-05;5.97097e-05;1.04317e-06;5.29808e-05;0.946143;0.0112781;0.00475187
0.00234809;0.889528;8.9763e-10;1.33696e-06;2.1143e-08;2.30115e-07;9.25874e-05;0.0103802;0.0894367;3.31912e-06;0.00042058;6.91501e-06;0.00777922;2.97498e-06
0.000415271;0.0822605;0.876586;2.21298e-05;0.000565545;1.96522e-06;1.59684e-07;0.000416649;2.05076e-07;1.63958e-05;8.12408e-08;0.000803691;0.00194995;0.0369614
2.58129e-05;0.0198801;2.0646e-07;1.4905e-06;0.000617726;3.71823e-06;1.63916e-07;0.000515337;4.88826e-05;1.39871e-06;8.90051e-06;0.958741;0.00123155;0.0189233
0.000449914;0.198968;4.07751e-09;1.0414e-05;0.00154321;1.35066e-05;3.70057e-05;0.0275472;8.73125e-05;1.14902e-05;0.00237676;0.0446168;0.723332;0.00100663
0.00013858;0.00943097;2.4212e-06;8.9724e-06;1.53256e-06;1.14566e-05;6.5995e-06;0.000242496;5.48811e-05;6.40345e-06;0.000578511;0.984419;0.00502664;7.15449e-05
8.59047e-06;0.999475;2.50793e-05;2.00761e-06;7.29861e-08;1.64559e-07;1.25806e-05;4.59766e-05;4.12136e-06;1.14849e-06;5.15322e-05;0.000366243;7.47283e-06;9.72269e-08
3.86161e-07;0.999193;1.38791e-08;3.2198e-06;1.64805e-06;4.58958e-07;1.08217e-06;0.000171317;5.75805e-07;3.49136e-05;1.37944e-07;2.06576e-06;2.70445e-05;0.000564635
1.39855e-08;1.20963e-07;0.999989;1.5236e-08;8.71477e-10;9.73093e-09;6.07462e-07;3.12886e-09;6.91928e-09;8.372e-08;4.41232e-07;1.00136e-05;2.52099e-08;1.28839e-08
0.000134883;0.848586;0.000254467;0.000108063;0.00129169;0.00183608;4.10541e-05;0.00501024;0.000575122;4.01047e-06;0.00295677;0.00565383;0.0986448;0.0349026
0.00210693;0.973256;2.52989e-05;1.22247e-05;0.000145403;1.48646e-06;5.18571e-07;0.00142206;0.00118973;8.34044e-06;1.4767e-05;0.0143694;0.00164018;0.00580812
0.000670066;0.613724;1.50797e-08;6.31643e-07;4.00011e-06;2.59692e-06;4.8893e-05;0.369178;0.00953148;2.5054e-06;9.22149e-05;0.000490945;0.00625437;6.41731e-07
1.84792e-06;0.00184568;1.49279e-11;1.23086e-06;2.9344e-05;2.67831e-07;9.64633e-08;0.995406;0.000839146;1.29417e-07;9.62722e-06;8.80468e-06;0.00185143;6.3749e-06
8.80344e-05;0.995924;0.000441542;0.000389881;0.000335927;1.3862e-06;2.81442e-07;0.000956589;4.21069e-06;3.44207e-06;3.11155e-06;0.00144817;6.52293e-05;0.00033791
3.80711e-05;0.68881;9.48631e-06;6.09586e-05;5.41678e-05;4.15413e-06;5.78426e-06;0.0127784;1.843e-05;2.97716e-06;7.52732e-05;0.00241549;0.295685;4.21741e-05
1.44041e-06;0.00186977;4.69227e-08;0.000226895;0.000124336;3.80521e-05;1.00225e-09;0.00134484;6.47601e-06;1.50882e-06;0.000106632;0.995261;7.23336e-05;0.000946447
1.72449e-05;0.952959;1.73065e-08;2.42124e-07;3.93921e-07;3.90898e-07;2.16828e-06;0.0393334;7.5394e-07;7.74737e-08;2.34118e-05;0.000203811;0.0074588;1.65803e-07
2.45748e-05;0.00893968;8.35749e-09;2.21839e-05;0.000115422;5.28123e-05;3.44171e-07;0.480798;4.78108e-05;4.42055e-07;0.000134454;0.000372379;0.50949;1.62645e-06
0.000304333;0.982778;0.00841199;0.000281505;2.8595e-05;2.68723e-05;7.09295e-07;0.00290357;2.33619e-06;8.29684e-06;1.42315e-05;0.000136315;0.00247623;0.00262718
0.000185796;0.810024;5.81851e-05;0.000292217;0.000367121;3.83484e-05;6.63712e-05;0.00161234;0.000434732;3.51013e-05;0.0071367;0.170574;0.00830541;0.000870121
2.25846e-05;0.991631;2.30497e-06;6.27761e-05;6.7868e-05;5.90413e-07;1.96543e-05;0.00414802;9.91793e-05;4.8525e-06;0.00226995;0.00131997;0.000298439;5.27011e-05
1.99848e-05;0.707848;1.51254e-09;0.000322522;6.88117e-06;9.27929e-05;7.05697e-06;0.000456919;0.000912084;4.86872e-06;0.00568636;0.234966;0.0496663;1.01808e-05
8.48027e-06;0.99959;1.66017e-08;5.35312e-07;6.4091e-10;3.75518e-08;2.11485e-07;0.000138977;2.76266e-06;4.23246e-08;7.70494e-05;1.85078e-05;0.0001631;9.7807e-11
1.84737e-06;0.997533;4.09063e-09;0.000140309;4.00997e-05;1.34726e-05;2.52409e-05;0.000107653;6.33632e-06;0.00112958;7.87424e-06;4.12717e-06;2.04507e-05;0.000970252
9.65712e-07;5.61278e-06;0.99976;1.3961e-06;4.89173e-08;7.87494e-07;7.28454e-06;6.64398e-08;1.43203e-07;3.81923e-07;6.95073e-05;0.000113705;3.99457e-05;1.15751e-08
1.74317e-05;0.898621;1.41372e-05;1.38867e-05;0.00375743;0.000816979;1.30127e-05;0.0921704;3.0163e-05;1.41382e-05;5.97347e-05;5.56675e-05;0.00390438;0.000511972
0.000112198;0.384637;0.00202321;7.83743e-07;0.00291029;5.73884e-05;5.88078e-09;0.280023;5.21725e-07;1.64383e-06;3.67328e-08;0.0253453;0.304659;0.000229866
0.00154209;0.141332;6.61265e-06;4.24206e-05;0.000229991;5.75064e-05;5.14025e-05;0.724219;0.0911495;3.13262e-05;0.000720385;0.00153228;0.0390318;5.31275e-05
0.000502413;0.00521994;2.68237e-10;1.42882e-07;1.90616e-06;3.49028e-08;1.35488e-06;0.988593;0.0041318;1.2408e-07;9.76369e-06;0.000166734;0.00137246;1.62373e-07
0.00192343;0.86277;2.99356e-06;1.41967e-05;5.06943e-06;7.28519e-07;0.000606969;0.00494191;0.00299258;2.45416e-05;7.60218e-05;0.0222711;0.104062;0.000307906
3.20273e-06;0.993403;1.00636e-08;1.36597e-06;1.09131e-06;3.13275e-06;0.000423019;2.47682e-06;1.13579e-07;0.000647436;1.41611e-07;1.70139e-07;7.36873e-05;0.00544093
1.04e-08;6.10496e-10;0.993124;1.95319e-06;2.71669e-08;2.69368e-05;8.00742e-07;4.77479e-12;2.61257e-07;6.20459e-08;5.75527e-06;0.00683989;1.30902e-08;1.88296e-08
1.76155e-07;0.99866;5.91905e-09;1.13505e-06;7.92773e-08;1.49508e-07;7.8542e-05;6.91569e-07;2.14156e-07;5.37092e-07;5.73127e-06;2.34952e-10;5.76811e-06;0.00124707
8.67976e-06;0.0316444;3.82815e-07;2.37661e-06;9.70272e-08;4.68053e-08;0.534081;4.77655e-05;0.0137125;1.10889e-06;0.416292;1.6983e-05;0.00419267;1.62571e-10
2.60427e-06;0.993356;3.81811e-08;3.82168e-06;2.27914e-05;5.12388e-05;6.47044e-07;0.00190142;1.08303e-05;9.71557e-07;5.99308e-06;3.8124e-06;0.0044475;0.000192095
1.06597e-06;0.993284;2.15379e-07;6.27259e-08;6.96916e-06;6.70285e-08;2.43861e-09;0.006189;2.37846e-09;1.41345e-07;7.88934e-10;3.09803e-06;0.00011353;0.000401512
1.18673e-07;0.00333113;8.14255e-07;1.08674e-05;0.000822608;3.55377e-06;2.66445e-08;0.000111212;1.61095e-06;6.82317e-08;1.45028e-05;0.995067;1.84949e-06;0.000634347
2.41558e-07;0.991521;1.06096e-06;1.81072e-07;3.86448e-07;2.62789e-07;1.57898e-08;5.78133e-08;3.96537e-10;3.66718e-08;3.92762e-08;1.60103e-06;0.00847452;9.23274e-07
1.89247e-06;0.000703106;4.93592e-07;3.85785e-08;3.21474e-05;4.93129e-07;7.01637e-10;0.00274189;1.2582e-07;2.39743e-09;2.61133e-07;0.993313;0.00318697;1.93184e-05
8.7511e-08;0.000467825;1.20798e-10;1.636e-08;0.000482457;1.28684e-08;1.8973e-09;0.999046;1.30633e-08;2.86451e-09;6.1456e-09;5.3796e-07;1.71511e-06;1.0488e-06
4.6541e-07;0.0126808;0.980796;9.46e-06;0.00012281;0.000200328;6.73455e-09;0.000469601;8.82117e-10;7.07561e-07;1.29211e-08;0.00174915;2.4013e-05;0.00394701
2.46047e-06;0.00294531;5.69512e-10;3.76939e-07;6.20643e-08;1.02799e-06;1.5392e-07;0.912178;3.20302e-05;2.95438e-09;0.000165378;0.000100605;0.0845748;8.20329e-08
7.81119e-05;0.00405627;9.88367e-05;2.84776e-07;4.45046e-05;2.94663e-06;8.79792e-09;0.928806;1.22091e-07;2.18974e-07;1.92014e-07;0.0600669;0.00540436;0.00144118
4.38812e-07;0.0124277;1.77695e-05;1.12745e-05;4.54785e-05;0.000360069;1.52123e-08;5.76146e-05;5.29096e-06;7.56195e-08;4.86536e-05;0.984051;0.00248998;0.000484565
1.13225e-07;0.986777;5.78034e-10;1.22003e-08;2.46283e-06;3.95522e-07;3.25784e-10;0.00564526;4.90875e-08;2.26094e-08;1.57718e-07;0.000116005;0.00745794;4.17178e-07
1.02739e-06;0.000424252;8.47301e-07;6.38462e-09;5.22402e-07;2.73327e-10;4.33669e-09;2.1154e-06;7.96809e-08;1.40652e-08;5.85824e-07;0.999551;1.99934e-05;6.82169e-10
5.06699e-05;0.00997017;2.4248e-08;2.27744e-08;5.88782e-05;1.14836e-06;5.56345e-06;0.988525;0.000191591;1.47195e-06;1.78511e-07;4.73103e-09;0.00119312;2.09301e-06
8.79207e-10;4.64401e-11;1;2.515e-11;6.1896e-10;1.69834e-12;5.34956e-11;1.35087e-10;2.18252e-10;1.13968e-11;4.37836e-12;6.79856e-09;2.09148e-12;1.54957e-11
3.32864e-07;2.69049e-07;0.999771;4.54895e-08;4.24334e-07;6.92517e-08;3.05857e-10;7.0999e-05;4.87017e-07;3.83626e-09;2.59158e-09;0.00015482;2.71902e-08;1.09527e-06
5.14838e-08;1.72191e-05;2.19188e-06;6.47899e-09;4.8522e-05;0.000177985;4.60304e-13;2.87662e-07;7.21786e-10;7.66378e-09;3.35481e-11;5.10711e-06;6.4516e-06;0.999742
1.94051e-06;7.15973e-05;6.90467e-11;8.79898e-09;5.97912e-06;8.94328e-07;4.99228e-11;0.996863;1.31846e-06;4.84536e-10;1.06378e-08;3.75028e-05;0.00301547;1.90113e-06
8.71742e-07;0.999308;1.0423e-10;4.29741e-08;2.83168e-10;1.04461e-09;2.14906e-06;1.04276e-06;3.36317e-07;1.83042e-08;1.16941e-07;1.05093e-07;0.000687186;9.3601e-09
5.6806e-06;0.998421;3.31903e-08;1.99413e-05;1.467e-07;3.99482e-06;6.51076e-07;7.25596e-05;1.63828e-06;1.47727e-06;1.06249e-06;0.00110096;0.000193179;0.000177426
5.82271e-06;0.991917;1.74901e-10;2.33188e-06;2.04256e-07;3.65955e-07;0.00673306;2.1507e-06;8.27865e-07;2.04524e-05;3.47581e-06;3.38594e-09;6.77283e-05;0.00124611
1.42321e-09;8.25954e-09;0.99999;3.43918e-09;1.63383e-11;1.34761e-11;4.0383e-07;1.01369e-11;5.79807e-10;1.48389e-09;6.81439e-09;9.38768e-06;1.69818e-12;3.48668e-11
4.86498e-06;0.975739;1.6982e-08;8.74474e-06;1.92953e-08;7.04007e-07;5.64076e-05;6.04422e-05;0.000163274;4.80989e-08;0.000389635;5.15486e-06;0.0235699;1.3996e-06
1.52532e-05;0.847277;1.8541e-05;3.12538e-06;6.45214e-06;1.36731e-07;2.01906e-06;0.0243008;1.03136e-05;8.29091e-08;4.94313e-07;0.0748602;9.72772e-05;0.0534087
4.70392e-08;0.00019181;9.28501e-08;1.32607e-06;0.0417193;2.29411e-05;9.99467e-11;0.0730273;2.48039e-10;8.7819e-08;1.19846e-09;1.63339e-05;0.00845907;0.876562
1.23687e-08;2.41308e-06;1.75592e-08;1.64897e-07;4.49904e-10;1.75581e-05;1.00989e-08;5.55155e-09;5.99324e-08;1.24307e-08;1.02105e-06;9.78422e-08;0.999979;1.31346e-08
1.00559e-09;2.64905e-08;1;1.24706e-09;4.42087e-11;3.25091e-10;6.92285e-12;1.98023e-10;9.85381e-12;2.80875e-10;1.84308e-11;4.23433e-07;1.72838e-09;2.90437e-09
4.93554e-07;0.997905;1.16043e-07;1.65908e-06;4.19937e-07;1.57452e-06;7.11095e-07;0.00181347;1.51585e-05;6.7375e-08;2.18321e-05;1.89396e-06;0.000234037;3.30064e-06
