5.39295e-07;0.999965;2.03466e-05;7.39089e-07;5.46386e-08;1.87009e-09;3.05358e-08;8.12249e-06;4.64802e-09;2.44725e-08;8.44039e-09;8.05746e-07;3.09038e-06;9.7361e-07
3.3497e-06;0.999544;1.2883e-11;6.28512e-06;5.98873e-07;2.37328e-06;1.43727e-08;0.000125042;6.32618e-06;1.69013e-07;2.004e-06;0.000173701;6.01026e-05;7.63693e-05
6.36514e-06;0.00372945;3.5544e-06;1.42343e-05;4.72184e-08;1.83445e-07;5.06268e-07;2.40631e-06;1.82861e-06;8.74992e-07;1.91997e-05;0.996214;4.84182e-06;2.00529e-06
8.15689e-05;0.99231;8.03176e-11;8.62851e-08;5.93973e-09;5.18999e-08;8.68806e-06;1.02709e-06;7.67945e-07;1.39362e-08;3.0804e-06;4.93195e-06;0.00759006;8.12491e-08
1.51073e-05;0.637275;5.59039e-09;1.59728e-06;4.45412e-07;9.83129e-07;0.00107824;1.1085e-05;7.98972e-06;0.000290262;6.7731e-06;1.58384e-06;1.63882e-06;0.361309
6.16202e-11;5.1071e-10;1;3.15469e-11;6.12476e-10;1.19298e-09;1.07584e-10;2.72314e-12;2.95982e-12;6.90088e-11;7.97943e-13;1.80834e-08;1.30424e-11;2.65216e-10
2.64974e-05;0.316984;1.22147e-05;0.000116568;7.69045e-06;0.288628;0.000175677;0.000344143;0.00317784;1.75855e-05;0.0154739;1.07053e-06;0.374167;0.000867286
5.21856e-05;0.0116264;0.957065;0.000151455;5.99255e-05;0.000562938;0.000732344;8.3992e-05;7.55593e-06;0.00101009;2.91663e-05;0.00302789;0.0211531;0.00443783
1.29051e-08;3.87072e-08;0.999998;7.0738e-09;5.03818e-09;6.46303e-07;5.84474e-07;2.27572e-08;6.50402e-08;6.16704e-09;5.34786e-08;5.27685e-10;2.7187e-07;6.85868e-11
8.94449e-09;3.20077e-08;1;3.26968e-09;2.65962e-09;1.79246e-09;6.43807e-08;8.77377e-09;9.03504e-09;5.16122e-10;2.03772e-08;1.70868e-08;1.3963e-08;3.4752e-09
9.54931e-08;2.01332e-05;0.487038;6.12851e-07;1.26002e-06;1.03871e-06;1.28921e-09;4.94915e-06;1.46118e-07;5.56043e-08;1.22827e-07;0.512512;1.03072e-06;0.000420826
3.12884e-06;0.337689;6.39241e-05;3.12375e-06;0.00939507;0.000401913;4.81872e-07;0.0257235;7.41991e-07;2.77805e-06;2.41494e-06;0.000150385;0.555835;0.0707283
7.31852e-07;0.152624;1.09467e-07;0.00286062;0.00738534;0.00798643;1.09584e-06;0.00340584;0.000133107;0.000102227;0.000364931;0.588469;0.0101305;0.226536
1.21835e-07;0.999842;5.94782e-05;3.3578e-05;6.7511e-07;2.48097e-06;1.52983e-07;1.07695e-05;4.14807e-09;3.00174e-07;5.20322e-08;4.96178e-06;9.42974e-06;3.56376e-05
1.43423e-05;0.957051;5.77205e-07;7.78786e-06;1.51645e-06;3.93194e-06;2.5539e-06;0.000568485;5.6792e-07;6.16225e-07;2.03498e-06;5.06307e-06;0.0423396;1.78361e-06
4.69807e-05;0.699508;2.71132e-06;0.0196116;0.00054495;0.045509;1.86107e-07;0.0281178;0.000176542;0.000195237;0.00019031;0.192955;0.00719537;0.00594647
6.84054e-06;0.999748;5.17636e-09;1.49288e-07;8.39991e-11;1.34965e-08;2.17812e-06;1.36982e-08;7.21257e-09;6.83069e-07;2.09872e-07;2.71551e-05;0.000214793;6.24408e-08
2.56248e-05;0.139854;1.33033e-06;6.93857e-08;1.4272e-06;5.30547e-07;6.73506e-08;0.000637588;3.68546e-07;1.87229e-07;1.64723e-07;0.728559;0.130919;6.91608e-08
1.15911e-05;0.00518393;1.37147e-08;2.61309e-05;0.00475717;0.0423398;2.70844e-06;0.000188463;0.00453634;6.72683e-06;7.43338e-05;3.48449e-06;0.939611;0.00325817
0.000804145;0.48104;0.509451;0.000224051;0.000965884;3.55729e-05;2.16912e-05;0.000654072;1.50407e-05;0.00185256;1.24267e-07;4.45851e-05;0.00381753;0.00107438
4.86889e-09;1.59742e-09;1;4.91512e-09;1.72848e-09;3.01837e-10;1.80333e-09;8.94674e-11;2.45135e-09;7.23585e-10;6.62537e-10;1.88615e-08;2.01817e-10;1.17973e-10
0.000374723;0.334951;0.0298427;0.000127788;0.000132038;0.000339746;2.85068e-06;0.0753549;0.000138763;5.8338e-05;1.29387e-05;0.540768;0.00510184;0.0127944
7.19311e-07;0.00397201;8.44432e-08;4.93921e-07;1.89643e-06;5.3682e-06;1.89132e-09;0.000133958;5.69543e-07;7.70363e-09;4.69104e-06;0.000263422;0.995616;6.03306e-07
5.76765e-06;0.0698444;5.35845e-07;1.04269e-07;1.07806e-06;4.0738e-09;1.26633e-08;0.907094;9.99214e-07;2.03331e-08;5.21766e-07;0.0170979;0.00594938;5.55582e-06
1.95801e-10;0.936497;6.57453e-14;1.10693e-08;8.71554e-09;1.20962e-09;5.94387e-07;9.27331e-09;1.14509e-09;3.33204e-06;2.31374e-10;9.62123e-09;3.01244e-08;0.0634988
2.06277e-06;0.00427304;1.27481e-08;8.71057e-05;7.57543e-07;3.47315e-07;0.866588;5.18966e-05;0.0204422;5.63854e-06;0.107845;6.70694e-08;0.000704077;6.6734e-10
9.84969e-07;0.999931;4.85633e-06;3.14185e-06;2.52999e-07;2.57609e-08;1.36495e-07;1.67683e-05;5.98362e-09;1.25616e-07;1.36763e-08;5.0913e-07;1.7662e-05;2.47348e-05
3.04998e-06;0.956738;5.18437e-10;8.79128e-06;1.84397e-06;6.36205e-06;2.62966e-09;0.0303279;5.78038e-07;3.30917e-07;5.39286e-07;0.0125699;0.000103934;0.000238421
0.00125349;0.205939;2.95484e-08;0.000139365;1.61836e-05;0.000162207;0.00251904;0.400057;0.000297013;0.000177866;0.0348111;0.000196679;0.35433;0.000100438
1.80143e-05;0.000287378;2.92641e-07;9.25005e-06;0.000916557;0.00178871;1.94743e-10;6.94978e-05;9.23515e-08;8.3931e-09;3.45441e-07;0.975972;0.000465905;0.0204716
3.32427e-05;0.926418;1.26894e-07;3.58155e-07;2.4076e-05;4.02142e-07;9.65561e-08;0.00194016;5.72252e-08;8.41648e-08;1.95911e-07;3.78014e-05;0.0715347;1.12585e-05
2.33309e-06;0.949942;1.26675e-07;9.11031e-05;0.0168022;0.00841638;1.24636e-08;0.00674359;1.23706e-06;3.41262e-06;1.38757e-06;0.00585875;0.000117579;0.0120194
3.96189e-05;0.795885;2.05758e-07;6.42752e-05;8.66063e-05;0.000643468;0.000393743;0.00468456;6.66127e-07;0.000446139;8.52207e-06;1.02835e-06;0.196873;0.000873497
2.51841e-09;5.62677e-10;1;3.17739e-09;1.16544e-09;4.19994e-11;3.88421e-08;2.05904e-12;1.72402e-10;3.9377e-10;7.61742e-10;4.49816e-08;2.0617e-10;1.20414e-10
4.35453e-05;0.00466752;0.885484;0.000291699;1.90314e-05;1.47518e-05;7.95197e-07;0.104984;4.0529e-05;8.63766e-07;0.000138701;0.00406021;0.000170869;8.25522e-05
1.86818e-07;0.0001766;0.00497412;1.00884e-06;3.84703e-06;0.000181579;3.52297e-12;8.39807e-06;5.10989e-10;5.52868e-08;8.88536e-09;0.00354793;6.651e-06;0.9911
1.66951e-07;0.996721;1.46805e-11;1.062e-08;8.48184e-08;2.53988e-07;2.85261e-06;8.16582e-06;2.13919e-09;3.01237e-07;9.05209e-07;1.06254e-08;0.00050602;0.00276023
1.57539e-12;1.34534e-11;1;2.05325e-11;1.32275e-10;1.91954e-10;3.89569e-11;1.08735e-14;4.17317e-14;1.22982e-11;2.41392e-12;6.00816e-09;3.44263e-13;3.6735e-09
2.23695e-05;0.410062;0.000156835;0.00228541;0.00142643;0.000628631;3.77959e-05;0.0876788;0.000497322;2.32932e-05;0.0151264;0.04569;0.365738;0.0706261
4.88063e-06;0.0766324;2.96328e-07;4.14209e-05;3.12235e-05;0.00048344;1.15188e-07;0.63116;2.8614e-05;7.4819e-06;0.000362785;0.00298879;0.288246;1.25243e-05
9.75841e-07;0.997814;1.70137e-09;5.84384e-07;2.79522e-09;8.15764e-09;0.00168992;4.56217e-07;5.85661e-09;0.000392654;7.24612e-07;1.67488e-06;4.12751e-05;5.79442e-05
4.23415e-12;1.96026e-12;1;2.19386e-11;1.93101e-12;2.87987e-14;4.57632e-10;1.33065e-14;1.07524e-12;2.62297e-11;1.68154e-12;7.79462e-10;3.38389e-14;1.43678e-13
0.000132076;0.256044;0.00025176;2.06214e-05;6.46322e-06;2.65502e-05;0.00245925;0.271231;0.000660651;5.29124e-05;0.000738827;0.0240279;0.444309;3.94783e-05
1.48602e-06;0.0301027;9.37042e-09;3.54832e-05;0.000417692;0.000126971;1.48138e-05;0.437064;8.09018e-06;6.67004e-06;0.000234644;5.17684e-06;0.512306;0.0196762
4.58242e-06;0.00200573;1.92508e-06;9.87784e-06;8.73446e-08;7.01054e-08;1.31654e-05;0.000192437;2.10074e-05;4.52995e-06;6.23792e-05;0.997532;7.59838e-05;7.65422e-05
2.5671e-06;0.999386;1.70665e-07;1.29618e-06;4.2306e-07;7.45502e-07;1.23115e-06;0.000525403;1.36582e-06;4.87987e-07;4.45372e-06;7.34406e-06;6.17739e-05;7.13045e-06
1.43686e-05;0.12991;0.000252983;6.14703e-05;0.000869919;0.000119266;4.02526e-07;0.0119832;1.5318e-05;7.84282e-06;1.76064e-05;0.849958;0.00403668;0.00275358
1.67551e-06;0.860627;2.1276e-09;2.61086e-06;8.74829e-05;0.000138976;4.1763e-06;0.018919;1.56925e-05;2.35284e-06;1.92532e-05;4.25383e-05;0.110824;0.0093152
0.00023549;0.683534;7.68168e-05;4.9477e-06;0.000189149;0.000165998;1.91996e-05;0.0481096;1.59278e-05;3.97611e-05;7.54642e-05;0.22327;0.0323284;0.0119354
3.63224e-05;0.000548786;1.88442e-08;6.90889e-06;0.000944761;3.6093e-05;7.98631e-08;0.276411;5.75854e-05;1.12888e-07;0.000122751;4.34312e-05;0.721686;0.000106994
0.000349433;0.00648315;2.24048e-06;4.32312e-06;7.93815e-07;1.08406e-07;2.47271e-06;4.71926e-05;0.000750567;8.55175e-07;0.000152007;0.989252;0.00292676;2.81716e-05
1.0918e-05;0.99068;0.00462443;5.81637e-06;6.08912e-06;3.87746e-08;3.44507e-08;1.50148e-05;3.54293e-08;1.8339e-07;1.15084e-07;0.00430835;0.00034026;8.72847e-06
8.22919e-06;0.0754945;9.9882e-10;3.16648e-06;0.000198689;2.02014e-07;5.27828e-05;0.923926;2.33488e-05;3.8411e-05;4.71201e-06;1.32825e-06;0.000247183;1.61329e-06
2.59505e-05;0.000200338;0.910333;0.0089745;0.0495439;0.0156969;2.17263e-06;4.47457e-06;2.88243e-06;0.000203026;4.32871e-05;0.00486282;7.70664e-05;0.0100295
0.000893586;0.975319;7.64442e-10;3.39081e-07;6.4742e-07;1.11603e-08;0.0174463;0.000900574;0.000101469;5.83268e-06;0.000273712;1.19413e-08;0.00505471;3.99728e-06
1.40416e-11;2.64843e-11;1;5.30378e-12;2.9314e-11;4.31107e-12;2.62381e-11;4.87317e-15;1.07651e-11;4.5453e-12;1.94654e-13;5.42111e-10;2.17701e-14;7.79982e-13
2.25561e-05;0.0827714;2.24465e-05;8.88105e-07;1.87224e-07;7.5021e-07;6.93896e-08;0.0533306;0.000427663;2.03684e-07;3.48263e-05;0.859428;0.0039576;2.40961e-06
1.0723e-06;0.0327731;2.2987e-06;2.25013e-07;2.04222e-06;1.94567e-06;2.39117e-09;0.00978603;2.31253e-07;3.04411e-07;2.16433e-06;0.0224057;0.935024;1.06322e-06
1.65836e-08;0.00100292;5.15456e-10;1.53494e-07;4.94526e-08;0.000100466;8.57269e-07;2.25789e-07;1.52563e-06;8.12303e-08;1.73901e-06;6.78469e-08;0.99889;1.6407e-06
7.74413e-06;0.00112527;0.987525;3.40232e-05;6.0579e-05;2.97302e-05;0.000153535;6.13808e-07;1.56656e-06;0.00265559;1.70852e-07;8.19694e-05;4.71611e-07;0.00832387
3.33465e-09;5.12806e-10;0.999999;1.38385e-09;1.61453e-10;2.66041e-11;2.36835e-09;7.54745e-12;7.51153e-09;1.30611e-10;6.19295e-09;1.00519e-06;1.33336e-10;2.90811e-12
9.02224e-05;0.873125;3.78378e-06;3.03991e-06;5.62686e-06;9.8002e-08;1.9777e-05;0.1245;0.000109165;1.50431e-05;0.000171649;0.00026654;0.00166368;2.63677e-05
4.48624e-05;0.730656;9.46831e-06;7.03414e-06;5.92664e-05;2.67752e-05;0.000909522;0.174137;2.37416e-05;0.0002266;0.000180531;1.21085e-05;0.0936452;6.2064e-05
5.65784e-10;1.17509e-08;1;1.56554e-08;4.28686e-08;1.5536e-11;2.89746e-08;2.49963e-11;4.53669e-10;5.68624e-09;2.70785e-10;4.12056e-08;3.71247e-10;6.4077e-09
0.000939824;0.00725604;0.0431394;0.00120725;0.000108096;4.45835e-05;8.74978e-06;0.00243394;0.00845243;4.34708e-06;0.00131104;0.93395;0.00045271;0.000691701
3.01386e-05;0.999117;3.86573e-09;9.8673e-08;3.16959e-07;3.88566e-07;0.000339503;0.0001032;2.88542e-06;3.29018e-05;6.01599e-07;1.26982e-10;6.23257e-06;0.000366271
4.88006e-11;1.44226e-11;0.99998;2.29394e-10;3.98056e-08;2.69686e-10;3.74677e-12;5.08086e-14;2.1276e-12;1.03742e-10;1.34467e-12;2.04094e-05;7.19368e-14;1.72639e-10
4.65466e-06;0.00732773;4.45319e-07;8.21354e-09;3.51578e-05;1.67793e-08;5.79847e-10;0.992629;4.06161e-07;2.35685e-10;7.53697e-10;3.41901e-07;2.46575e-06;4.61158e-08
1.80611e-08;5.8245e-05;1.03687e-10;7.39964e-10;0.00623349;2.16779e-08;1.69628e-11;0.9937;4.79706e-09;1.68543e-09;1.34426e-11;3.14228e-08;7.40126e-06;3.98426e-07
1.1461e-09;1.30203e-07;0.999996;2.68886e-07;2.01352e-06;2.21104e-07;4.82894e-11;1.64514e-09;6.67436e-11;4.48042e-08;1.15824e-10;8.82145e-07;9.11424e-09;1.31893e-07
4.99778e-08;0.999374;2.66091e-07;1.38605e-07;1.69526e-08;4.22798e-08;6.0499e-08;0.000588186;1.0822e-07;2.48223e-09;1.85838e-07;1.19972e-05;2.51045e-05;4.01251e-07
