1.22672e-05;0.708182;2.99412e-06;5.20021e-07;2.80564e-06;1.7363e-05;4.2852e-08;0.00126768;7.18957e-06;4.29955e-08;3.91017e-07;0.000233138;0.29027;3.36402e-06
2.34598e-06;0.181198;3.63281e-08;0.00183093;0.154615;0.0424895;3.13709e-07;0.197789;2.42734e-05;0.000424168;2.56915e-06;0.000753128;0.0010724;0.419799
0.000166124;0.821459;0.000196397;0.000248227;0.009234;0.000285528;3.37616e-05;4.34527e-05;2.48062e-05;4.11835e-05;0.000109748;0.14776;0.0107421;0.00965601
0.00165504;0.14953;4.16855e-07;6.56217e-05;9.03367e-06;7.68312e-06;2.70791e-05;0.000248573;0.000797876;5.16356e-06;0.000662517;0.806936;0.0397257;0.000329572
1.52996e-05;0.998976;3.19251e-07;1.77183e-07;1.2458e-07;6.60854e-10;1.46184e-07;0.000107107;8.55152e-07;1.5144e-08;1.0105e-06;0.000683986;0.000214957;2.31375e-08
3.96074e-08;0.999683;8.94206e-10;2.5042e-07;3.23213e-05;1.5177e-09;1.52968e-10;0.000282672;9.78012e-10;4.56042e-08;4.58805e-10;7.58619e-07;2.52958e-07;7.57033e-07
2.86032e-06;0.000246883;0.00483683;0.000128565;0.000110372;0.000429768;3.75636e-07;5.32442e-06;3.96559e-08;0.000120544;2.00689e-06;0.986777;9.11773e-06;0.00733076
3.90918e-06;1.36219e-05;1.58703e-11;2.11461e-08;1.72387e-08;4.56319e-08;2.21383e-08;0.997285;3.59355e-06;4.83599e-10;1.56795e-05;6.92652e-08;0.00267783;5.75539e-09
0.000184957;0.118355;0.000988413;1.79217e-05;0.000104553;0.000405349;0.000167695;0.0132453;1.61965e-05;0.00038515;1.41544e-05;0.0012196;0.860859;0.0040365
9.09711e-11;3.08113e-10;1;2.93424e-09;1.64547e-08;1.74614e-09;2.53688e-10;1.38393e-09;6.02097e-11;8.59218e-11;2.02589e-10;1.31772e-07;3.07465e-11;7.15051e-11
6.67609e-07;0.000897751;0.927592;1.8833e-05;2.10939e-06;9.92225e-06;4.40815e-07;0.000226205;1.05417e-06;1.75671e-06;4.38418e-06;0.0711841;6.81236e-06;5.41553e-05
2.5785e-05;0.0565873;2.60723e-05;2.28675e-05;0.0261484;0.0221666;5.02172e-07;0.891506;1.86228e-05;1.29697e-07;1.81936e-05;3.92519e-07;0.00236001;0.00111933
2.65086e-08;0.179297;1.1245e-11;1.3817e-07;8.59461e-07;4.10491e-08;2.49961e-08;3.18036e-07;3.17176e-09;2.77654e-07;3.05208e-08;1.4509e-06;2.89294e-06;0.820697
7.34236e-05;0.86688;1.07963e-06;6.60789e-06;2.58328e-06;4.27698e-06;0.00454162;0.00164152;0.0051478;1.39752e-07;0.00330452;1.11696e-06;0.118395;3.88544e-07
5.95345e-09;0.999932;1.06731e-13;7.15157e-12;2.7098e-09;2.99269e-11;1.16393e-11;5.69196e-05;1.5622e-12;4.56696e-11;8.79533e-13;2.95722e-09;1.0667e-05;3.70587e-09
1.43822e-07;2.7373e-05;0.00760325;6.50391e-05;0.0580689;0.0602042;1.27094e-09;3.11109e-06;1.32628e-09;3.02991e-06;8.49936e-10;0.200967;1.07995e-06;0.673057
0.000265592;0.960341;1.88104e-07;4.54367e-05;2.65417e-06;3.56821e-05;4.855e-05;0.00235568;0.00178583;8.82552e-07;0.0102506;9.4524e-05;0.00840503;0.0163679
0.000118188;0.949628;3.19586e-06;1.66913e-06;2.42653e-05;1.25773e-05;3.91033e-05;0.0205325;7.39086e-06;8.33699e-05;1.98776e-06;2.83161e-06;0.0243777;0.0051672
5.44838e-10;1.67371e-10;1;1.9725e-10;9.3737e-11;1.01218e-10;7.56962e-09;4.16689e-12;6.87889e-11;1.99393e-10;4.87714e-10;7.49298e-08;3.25736e-11;9.03833e-13
5.18157e-06;0.118578;0.000128044;1.94312e-06;1.31708e-06;9.36158e-07;1.13795e-06;4.49138e-05;9.84377e-06;1.22191e-07;2.90005e-06;0.0314369;0.849728;6.09397e-05
6.24751e-06;0.889595;1.0202e-07;0.000327786;0.00426556;0.0010145;2.95843e-06;0.070667;4.73375e-05;0.000280792;2.37922e-05;0.000193424;0.0279098;0.00566577
8.22803e-07;0.00115086;2.95262e-09;1.28058e-07;3.85586e-08;4.1783e-05;5.3385e-08;3.5927e-06;3.23147e-07;1.43931e-07;1.58825e-07;6.23876e-05;0.998737;2.43366e-06
4.56496e-08;2.11702e-05;0.999795;9.19268e-08;1.79373e-07;1.00604e-07;5.88997e-06;4.1798e-10;1.51765e-09;8.9048e-05;1.12424e-09;4.43822e-05;5.21474e-08;4.41914e-05
1.78651e-08;6.05231e-10;0.999998;5.80408e-09;2.5172e-09;3.82286e-08;1.68564e-07;1.66825e-10;1.51214e-06;1.29737e-09;7.5811e-08;3.7591e-07;1.71686e-08;8.0309e-12
6.789e-06;1.09878e-05;8.40205e-10;1.07178e-09;3.74804e-08;5.22951e-09;5.68505e-09;0.999941;1.36401e-05;2.20682e-09;8.87386e-08;1.06371e-09;2.71213e-05;7.6459e-09
1.55886e-07;0.0349498;4.47409e-09;8.33194e-08;4.08226e-07;5.0586e-07;1.63101e-06;4.70783e-08;1.66844e-08;1.07078e-05;6.33828e-09;1.99874e-07;8.38502e-06;0.965028
3.30322e-09;1.64307e-11;0.999999;3.96328e-09;5.15307e-08;1.75648e-08;5.53816e-08;2.7959e-11;1.17961e-08;1.6793e-09;6.2956e-08;6.03649e-07;2.54498e-12;1.41873e-07
3.74927e-06;0.914191;9.9501e-09;3.72746e-07;4.42312e-06;2.42207e-06;3.86781e-06;0.0508345;7.85202e-05;5.49771e-08;0.000472211;6.33993e-05;0.0343434;1.88954e-06
0.000102724;0.231726;3.7667e-05;0.000218091;0.0013226;7.0031e-05;0.00149393;0.0203401;0.000558465;0.00054949;0.00644187;0.684729;0.0524015;8.04642e-06
0.015757;0.396625;0.000160861;0.0025653;0.00712465;0.000358331;0.0034929;0.00199811;0.289978;0.000198564;0.109806;0.117974;0.0539166;4.4798e-05
0.00269077;0.0664671;5.67894e-10;5.69161e-05;2.66094e-06;9.34612e-07;3.1065e-05;0.00523496;0.920421;1.65825e-06;0.00470531;4.33148e-05;0.000342012;2.62391e-06
0.000168677;0.0106337;2.41591e-08;9.37675e-09;8.26596e-05;2.35663e-08;2.25684e-09;0.988808;4.84801e-07;4.14423e-08;5.20313e-09;1.83456e-05;0.000262204;2.6117e-05
1.58814e-06;0.976817;6.84518e-07;1.91088e-07;0.000497193;8.02408e-05;1.39873e-07;0.0119594;4.76652e-07;2.19605e-06;2.13408e-08;6.39731e-05;0.000579716;0.00999675
3.20831e-10;1.60014e-09;1;2.761e-10;5.84161e-09;2.89027e-11;1.00124e-09;1.22744e-11;8.17322e-11;2.45689e-10;1.79971e-11;5.00759e-08;1.89275e-10;1.54272e-10
2.03617e-06;4.30541e-07;0.999736;7.55226e-07;4.43962e-06;1.00362e-06;7.54894e-09;0.000101817;6.60761e-06;3.94504e-08;1.49469e-06;0.000136279;2.80941e-08;8.81131e-06
3.66945e-09;6.22315e-07;9.60601e-09;1.00028e-09;1.12799e-06;8.87942e-05;6.72408e-15;4.01658e-08;6.43567e-11;3.39168e-10;2.15064e-11;5.99644e-06;7.81177e-08;0.999903
1.42166e-05;0.000227896;3.36482e-10;6.35377e-08;3.86434e-06;1.16508e-05;7.28676e-10;0.869801;1.08972e-05;1.25191e-09;2.17503e-06;2.20868e-05;0.129905;1.20904e-06
8.63802e-06;0.994209;0.00474655;5.88472e-06;4.6224e-06;4.78294e-07;6.75222e-08;0.000107718;1.85503e-08;7.79463e-07;1.50163e-08;5.2292e-06;0.000561135;0.000350194
1.96738e-05;0.891172;6.94161e-07;1.55253e-05;1.02547e-05;4.1766e-07;0.000187201;0.0528829;4.32547e-05;3.51196e-05;0.000384092;0.0115524;0.0436956;6.45145e-07
2.63993e-05;0.589611;3.45793e-05;0.06103;0.0818862;0.013233;0.000208143;0.00165466;0.000648591;0.00268117;0.0212606;0.0889212;0.0271857;0.111618
0.001808;0.932459;2.81729e-09;0.000695618;6.64592e-06;2.4684e-06;0.000187836;0.00960338;0.0111385;1.30079e-05;0.0279192;0.00469245;0.0114572;1.65699e-05
0.000264367;0.0163933;8.54258e-07;5.24102e-08;7.83421e-05;1.85199e-08;8.66781e-09;0.982927;1.11879e-07;6.67991e-08;4.79622e-08;5.54923e-05;0.000258819;2.19315e-05
1.01018e-06;0.983533;1.44769e-06;6.31014e-07;0.000266757;0.000167126;2.91365e-07;0.0103558;2.37369e-07;2.79898e-06;2.29645e-07;0.000585142;0.000163793;0.00492155
1.72279e-10;1.67477e-08;1;2.60997e-10;2.25893e-08;2.63195e-11;3.5451e-10;1.07852e-11;2.07239e-11;1.12981e-10;1.86141e-11;2.12134e-07;1.26418e-10;6.62258e-10
1.34952e-07;7.97893e-07;0.999924;1.00455e-08;6.19493e-08;5.2301e-08;2.6165e-08;6.97219e-08;5.40935e-08;8.39362e-09;5.60232e-08;7.2859e-05;2.7506e-08;1.51719e-06
1.05023e-07;0.00170977;2.45326e-07;4.45181e-08;6.62651e-05;0.00228534;1.46098e-07;2.14147e-05;8.18829e-08;6.29759e-07;3.30465e-08;9.64212e-11;5.48962e-06;0.99591
3.87338e-11;4.23898e-11;1;8.02599e-13;1.9689e-09;3.12113e-10;1.96734e-12;1.63433e-12;4.01376e-13;4.85581e-12;1.53672e-14;6.89191e-08;9.70094e-11;1.52153e-10
4.52452e-06;0.00215371;5.64273e-07;3.89479e-07;0.000286555;0.000121662;1.53464e-08;0.986265;0.000251172;2.22861e-08;1.22359e-06;1.51606e-05;0.0108747;2.50083e-05
1.21132e-06;0.999147;1.43364e-06;3.82558e-07;5.42961e-07;3.21676e-08;2.18462e-09;0.000131119;7.37493e-09;2.36275e-08;8.23876e-09;1.3795e-05;0.000703631;6.27785e-07
1.7019e-08;0.999954;3.36211e-13;1.05543e-10;5.63469e-09;6.19801e-10;2.41779e-08;2.43377e-06;7.16666e-12;8.78336e-08;2.48612e-11;1.41438e-10;7.54182e-07;4.23446e-05
1.00488e-12;7.8253e-14;1;8.62251e-13;1.54395e-09;2.83717e-11;2.65135e-12;2.18602e-13;7.43069e-15;3.75727e-11;1.6848e-14;8.71507e-08;3.9497e-14;2.0848e-10
7.84466e-06;0.0477984;2.94095e-07;3.16773e-06;1.73396e-07;4.82817e-05;0.0125457;0.000996845;0.000408147;2.50918e-06;0.000188946;4.50863e-09;0.938;1.29226e-07
4.08813e-06;0.011994;0.984944;2.41251e-06;2.67054e-07;3.38816e-08;0.000342272;7.56211e-08;1.41157e-07;0.000135488;2.44217e-07;0.00251263;3.55943e-05;2.85298e-05
2.43495e-09;2.54482e-10;1;2.01964e-09;4.43391e-09;2.03379e-09;2.36482e-07;4.05968e-12;1.07557e-08;2.74386e-09;1.00219e-08;1.23017e-07;2.42385e-10;5.10916e-10
1.36832e-06;0.0019746;8.66376e-08;1.75227e-07;1.77934e-06;9.93501e-07;3.11646e-06;0.995087;0.000230394;1.7618e-07;7.74811e-05;0.00255146;6.83312e-05;3.04343e-06
1.03927e-05;0.971982;0.000105938;5.87144e-07;2.4756e-08;2.06259e-07;2.29164e-05;0.00433534;3.23552e-05;2.73977e-07;0.000231027;0.0157244;0.00755444;1.25657e-07
0.00181361;0.524377;1.41417e-05;4.86159e-05;2.62474e-05;3.55201e-06;0.00346087;0.0628837;0.0147782;3.29867e-05;0.00647591;0.315851;0.0701228;0.000111089
0.000163818;0.0132755;6.63917e-09;2.65359e-05;0.000147666;3.83692e-05;0.000131974;0.178895;0.799664;1.11496e-06;0.00192915;8.99905e-06;0.00570999;7.75786e-06
9.97152e-05;0.049918;3.271e-09;2.37201e-09;2.06936e-06;1.68061e-09;7.02761e-10;0.949729;9.36955e-08;2.01409e-09;5.80483e-10;4.10362e-07;0.000250577;3.80652e-07
1.87234e-06;0.975678;1.45436e-06;5.34464e-07;0.00130547;3.0445e-05;1.80781e-07;0.00600394;2.75803e-07;3.00202e-06;1.31243e-08;0.000387553;0.000676493;0.0159103
5.37598e-08;1.75697e-09;1;5.77588e-09;7.39008e-08;6.96916e-10;7.22946e-08;2.15169e-09;9.75546e-09;4.53575e-09;2.3208e-09;1.64358e-07;7.02051e-09;4.41922e-10
4.08446e-05;1.11158e-06;0.993254;8.3837e-07;1.18273e-05;1.57114e-06;3.65546e-08;0.00592529;0.000307472;9.00204e-08;2.84442e-06;0.000446728;3.2018e-07;7.37774e-06
2.0806e-08;1.39944e-06;9.28227e-10;7.23868e-10;2.04318e-06;3.60069e-05;1.01471e-14;1.32773e-06;2.34271e-09;5.89077e-10;1.38e-11;1.71352e-06;3.9468e-08;0.999958
7.93483e-06;4.69586e-05;3.29301e-11;5.02414e-08;3.84439e-06;1.18167e-06;2.55831e-10;0.999105;0.000122067;8.58747e-10;8.77714e-07;3.07537e-06;0.000708172;7.52025e-07
8.00838e-06;0.999374;2.07203e-05;1.57938e-06;8.70055e-07;2.53698e-08;1.93683e-09;0.000291109;9.43091e-08;1.85971e-08;1.07106e-08;4.0277e-05;0.000257834;5.4592e-06
1.68064e-05;0.673237;5.47524e-06;5.41386e-06;3.22983e-05;4.63432e-05;8.86768e-08;0.00179818;1.83532e-06;1.53199e-06;5.53295e-07;0.0057141;0.318898;0.000242303
2.27105e-06;0.551606;6.33094e-08;0.0011254;0.0330275;0.0049477;5.84216e-06;0.318656;1.71554e-05;0.000172664;1.40886e-05;0.000333533;0.000516743;0.0895757
0.000168453;0.123851;0.000347452;0.000157298;0.421214;0.00110968;3.22789e-05;3.52017e-05;9.04197e-06;4.77799e-05;2.98591e-05;0.11737;0.00694578;0.328681
0.0276613;0.584393;4.5546e-06;0.000219551;7.5226e-05;3.71851e-05;0.000186242;0.0351632;0.0134253;1.71258e-05;0.0063216;0.233593;0.0977286;0.00117375
5.38647e-05;0.998236;3.09933e-06;1.12698e-06;3.49727e-07;1.44402e-09;5.28282e-07;0.000537852;3.6094e-06;4.7585e-08;4.7603e-06;0.000943064;0.00021606;6.96172e-08
4.34141e-08;0.999695;2.21297e-09;5.15548e-07;4.77798e-05;1.27555e-09;3.47904e-10;0.000249139;6.01664e-10;1.19714e-07;2.91514e-10;9.27477e-07;7.96378e-08;6.27793e-06
3.61447e-06;0.000435374;0.0044964;0.000117988;3.09765e-05;0.000185708;9.05615e-07;5.94149e-06;3.61702e-08;0.000115229;2.50892e-06;0.985337;4.72068e-06;0.00926369
4.92174e-07;5.45936e-06;5.29986e-13;1.63665e-09;4.09101e-09;5.7649e-09;2.36448e-09;0.999257;2.58436e-07;3.79651e-11;1.86292e-06;1.43704e-08;0.000734526;2.43197e-09
5.81395e-05;0.0455612;0.00370331;7.94413e-06;3.70216e-05;0.000404867;1.27947e-05;0.0113801;4.98244e-06;4.23501e-05;9.76789e-06;0.00896851;0.925678;0.0041308
4.5222e-10;1.67007e-08;1;5.25069e-09;1.19004e-08;1.04877e-09;7.54892e-09;2.94468e-08;6.08772e-10;6.05254e-10;1.83178e-09;1.50862e-08;3.48666e-10;5.1023e-10
9.80148e-08;0.00063491;0.00723221;5.12713e-06;1.26251e-06;1.70001e-06;1.45832e-08;3.45855e-05;8.38641e-07;1.05217e-07;1.4938e-05;0.99177;1.33177e-05;0.00029088
1.34914e-05;0.906249;0.00131903;1.792e-05;0.00100678;0.000435536;1.53814e-06;0.00397988;8.8914e-06;5.36493e-06;0.000941283;0.00331206;0.0715993;0.0111101
3.82219e-07;0.0410721;1.33766e-05;7.58267e-07;0.00379065;0.00063191;1.96869e-09;0.0220279;5.34999e-08;2.16766e-07;5.70587e-06;0.926564;0.00103907;0.00485425
7.79712e-06;0.124799;5.27753e-05;1.03806e-05;0.00419725;0.00568385;4.7049e-08;0.0551758;1.39634e-07;5.29084e-07;1.20209e-06;0.0504825;0.717617;0.0419724
3.46225e-09;0.944453;5.11484e-12;2.17022e-08;2.4517e-08;8.2264e-08;5.72493e-08;3.79221e-07;7.14832e-10;5.77204e-08;1.90034e-08;3.1011e-10;3.04516e-06;0.0555437
0.000537542;0.40434;0.000805048;0.000698902;0.000804329;0.000475143;0.0475747;0.210395;0.00432944;3.63791e-05;0.116544;0.000184562;0.213274;3.16389e-07
2.33529e-07;0.968857;9.0863e-09;8.57565e-07;2.63959e-06;2.91335e-06;1.27811e-08;6.86435e-05;2.13292e-08;1.4506e-08;9.22244e-09;4.03881e-05;0.0310256;1.68062e-06
2.48583e-05;0.00979528;5.53957e-08;0.000814632;0.0039012;0.00172236;4.53937e-07;0.956527;6.47737e-06;9.09174e-05;1.39173e-05;0.00953865;0.0126393;0.00492435
9.50524e-05;0.998755;1.31149e-07;2.39781e-06;1.05686e-07;7.45638e-09;5.23522e-06;0.000151525;2.18638e-06;1.86955e-07;2.40078e-05;2.15191e-05;0.000942864;1.02245e-07
6.64096e-06;0.00559303;1.98647e-10;8.57914e-07;1.6092e-05;1.61577e-06;1.99539e-07;0.993315;0.000509028;9.28582e-08;3.03135e-05;0.000231463;0.000285819;9.41374e-06
2.18495e-06;0.999731;8.05781e-09;1.41529e-08;2.463e-09;1.9419e-08;3.68009e-08;1.74125e-05;2.60818e-08;1.82323e-08;3.18502e-08;0.000206577;4.1815e-05;8.2095e-07
2.32041e-07;0.000117434;1.06341e-09;3.28915e-07;3.167e-05;0.000148695;2.6097e-08;3.29858e-06;1.09815e-06;1.63494e-08;1.00306e-07;0.0041866;3.21637e-05;0.995478
2.74048e-08;1.55149e-05;1.84208e-11;1.94672e-10;8.70527e-09;8.15293e-10;8.52744e-11;4.36482e-05;1.85332e-08;2.15849e-12;2.58379e-08;5.82384e-09;0.999941;2.44534e-11
1.52772e-06;0.000376172;1.0208e-07;1.64098e-08;1.38418e-07;6.4079e-08;8.18224e-10;2.72264e-06;6.19174e-07;3.67564e-09;5.94793e-08;0.998196;0.00141911;3.7844e-06
4.94657e-07;0.997547;2.12e-09;6.91482e-08;3.58542e-06;1.46935e-06;4.7133e-06;7.6234e-05;3.68344e-09;4.97002e-05;3.09584e-08;7.51891e-10;0.000440215;0.00187666
2.0832e-10;3.86419e-11;0.99997;3.52498e-08;8.61433e-07;3.64989e-06;1.18461e-09;7.1872e-11;1.87326e-11;3.97685e-08;1.12012e-10;3.19866e-08;3.38256e-11;2.57015e-05
2.90356e-07;0.00173239;2.75881e-10;3.68935e-06;8.14861e-09;5.25885e-05;5.69718e-06;4.25651e-06;1.69269e-06;1.02916e-08;5.12437e-06;5.45657e-09;0.998194;1.35428e-07
1.36097e-07;4.15924e-05;0.999925;2.45223e-07;8.62132e-10;5.51895e-11;2.08155e-05;3.59115e-09;3.08155e-09;1.01275e-06;2.96917e-08;1.03613e-05;2.66581e-09;4.44167e-07
3.79247e-10;6.96107e-10;1;3.35177e-09;9.85161e-09;2.98098e-10;2.59645e-07;1.41318e-12;1.12191e-08;1.46781e-09;6.66017e-09;7.08715e-09;5.76552e-13;3.4685e-10
1.38332e-07;0.518222;8.0448e-09;2.72087e-08;1.31469e-07;6.75208e-07;4.32582e-08;3.45778e-06;9.36686e-10;4.62141e-09;1.308e-08;4.7718e-07;0.481773;1.31894e-08
3.6557e-07;0.0131311;1.60229e-07;5.22541e-07;2.19069e-05;3.07461e-06;1.15648e-06;0.00011706;3.77506e-08;7.7825e-07;2.83538e-06;0.981082;0.00461977;0.00101945
1.04548e-08;1.78704e-05;5.62972e-08;1.40184e-07;0.000850737;3.02081e-05;1.49263e-09;0.00189336;1.41305e-10;1.39531e-08;7.94667e-09;1.35898e-06;0.997187;1.96007e-05
1.2392e-07;6.16799e-05;1.62301e-07;2.31044e-06;9.73877e-07;0.00199816;1.45666e-06;9.20351e-07;1.18293e-06;4.8518e-07;8.43048e-06;2.72923e-05;0.997694;0.000203223
8.15386e-09;6.81659e-06;0.999973;8.533e-08;1.62176e-08;7.16718e-08;5.13861e-10;1.6714e-08;9.18225e-11;2.02046e-08;7.95127e-10;1.97675e-05;4.02615e-09;4.68148e-07
8.87478e-08;0.999749;1.24684e-09;1.11567e-06;1.295e-07;1.45995e-06;1.27401e-07;0.000129043;1.6357e-06;3.6759e-09;6.46395e-06;1.53971e-07;9.93088e-05;1.10709e-05
7.48607e-06;0.00707658;1.14228e-07;3.74525e-06;0.00189849;7.5757e-05;1.65148e-06;0.990235;0.000268093;5.74183e-06;3.06429e-05;6.22494e-06;0.000162685;0.000227838
1.41697e-07;2.7512e-06;0.999767;5.65871e-08;4.89727e-05;3.62325e-09;1.2822e-08;2.04271e-05;1.0818e-08;2.91399e-07;2.04884e-07;0.000159997;1.51023e-07;3.14793e-07
3.41102e-07;0.999845;4.71419e-06;8.55629e-08;3.03056e-06;5.13125e-09;0.00011106;1.79146e-07;1.17502e-08;2.00292e-05;4.07065e-08;6.09453e-10;2.18733e-07;1.53187e-05
1.28746e-09;1.54738e-10;1;2.1e-13;6.78703e-11;4.20603e-15;7.85859e-09;5.02842e-11;4.27152e-09;2.24556e-12;7.76791e-12;3.33019e-08;1.60246e-14;1.47721e-12
2.0615e-07;2.2205e-06;1.45165e-10;4.12308e-10;3.00625e-07;7.98146e-08;7.26933e-07;0.998913;0.00107741;5.65294e-09;1.85927e-07;1.36983e-11;5.05197e-06;5.00244e-07
7.73816e-11;7.01587e-12;1;7.80233e-12;2.31045e-10;1.57114e-12;4.38368e-12;2.18478e-10;9.60673e-11;5.06067e-12;1.75439e-12;5.0503e-08;2.82571e-12;5.62226e-12
1.83433e-08;4.26211e-07;0.999897;1.65166e-08;2.69511e-08;2.79394e-08;4.18059e-11;2.6278e-06;6.58991e-08;5.25266e-10;1.69235e-09;9.84034e-05;2.23682e-09;1.92505e-06
3.85812e-07;0.000113322;1.68251e-07;6.44279e-08;0.000233312;0.00077938;2.07876e-12;1.00066e-05;9.29549e-08;3.31239e-08;3.03719e-09;9.54274e-05;4.7288e-06;0.998763
6.91023e-07;7.6477e-06;1.50658e-10;4.34227e-09;1.50754e-07;4.13497e-08;7.4043e-11;0.999755;1.44872e-07;3.6285e-10;3.50234e-09;3.42872e-06;0.000232943;3.09743e-07
4.98998e-07;0.999811;3.8431e-07;5.39751e-07;2.92583e-07;9.39645e-10;6.44268e-09;0.000183651;3.99242e-08;1.5571e-08;7.12629e-09;1.86705e-06;1.49116e-06;6.92015e-07
3.73449e-06;0.984306;1.90089e-05;7.10149e-06;3.7446e-06;1.18198e-07;3.48304e-06;6.75131e-08;1.40273e-09;3.806e-06;5.83509e-08;1.87336e-05;0.0156242;9.557e-06
7.85374e-09;7.6851e-05;1.02834e-08;1.18561e-09;2.83947e-09;3.43879e-09;1.31767e-07;6.37634e-07;8.88055e-10;6.0481e-10;1.08608e-08;0.998248;0.00167425;6.87806e-08
2.62822e-07;0.00450122;1.00349e-08;1.88495e-07;0.00047163;5.84004e-06;4.19848e-09;0.01427;5.17572e-09;6.6522e-09;4.38438e-09;0.00161079;0.97912;1.95394e-05
9.29556e-06;0.0133409;8.82728e-09;9.57684e-06;1.29636e-05;0.000498725;2.96814e-06;0.0001153;3.73981e-05;1.5904e-06;1.8846e-06;1.14149e-05;0.985933;2.45421e-05
6.13691e-07;1.74882e-05;0.999624;1.56208e-07;5.3089e-07;9.58701e-08;8.53153e-10;2.64362e-06;2.50993e-09;1.75809e-08;1.62064e-09;0.000344108;8.32095e-06;1.67287e-06
4.24417e-08;0.998942;7.03011e-09;1.07826e-08;8.22277e-08;1.42716e-07;1.08568e-06;0.000987322;6.4061e-08;4.48328e-08;8.51718e-09;1.06752e-10;6.45207e-05;4.18151e-06
3.17016e-11;4.17738e-10;1;4.48386e-11;6.85963e-10;2.72616e-11;2.95428e-10;3.94232e-12;2.14547e-11;2.22609e-11;3.79211e-12;6.51232e-10;4.61202e-13;1.00821e-09
2.15974e-07;0.000546918;0.000803264;2.62973e-06;3.55798e-06;2.19912e-06;3.27795e-08;0.00158172;4.71895e-06;2.43656e-07;2.08287e-06;0.997014;5.30584e-06;3.28554e-05
1.38338e-05;0.998775;2.27163e-05;3.53106e-06;1.94787e-06;0.000190377;7.37591e-05;0.000171846;5.59177e-06;8.21194e-06;1.92825e-05;2.15394e-06;0.000631228;8.03574e-05
2.95122e-09;1.45811e-05;1.27506e-07;2.4713e-07;4.59577e-06;0.000151725;7.8047e-11;4.14414e-07;9.0077e-09;1.49289e-09;9.09659e-08;0.99588;1.99376e-05;0.00392863
8.58851e-08;0.54896;4.8409e-10;6.40194e-08;4.45059e-05;1.01662e-06;5.03501e-09;0.415793;1.49472e-07;5.65077e-09;2.21086e-07;4.2476e-05;0.0351587;2.5648e-08
1.09198e-09;0.999587;1.32691e-09;2.25268e-10;1.47172e-07;2.11089e-09;3.83869e-10;3.83016e-10;1.10348e-14;2.30157e-07;5.94822e-14;2.05181e-10;1.05294e-06;0.000411914
1.40347e-11;8.43353e-13;1;7.03582e-13;3.3264e-10;2.9775e-11;8.23494e-12;1.76695e-12;1.40676e-13;5.51405e-12;4.09545e-14;9.50603e-08;9.00134e-14;5.82602e-12
4.89877e-05;0.58898;8.26544e-06;7.50173e-06;7.04868e-06;2.92733e-06;0.00297549;0.395503;0.00089601;1.84263e-06;0.00397364;4.44643e-05;0.00754604;4.86741e-06
3.52073e-06;0.018059;8.25227e-07;2.04628e-05;0.00141264;6.28929e-05;1.07539e-06;0.958053;0.000785548;5.25726e-06;0.000132819;0.000153713;0.0209825;0.000326592
4.24178e-06;0.989017;3.45712e-06;8.11909e-07;3.70315e-06;7.21084e-09;1.62595e-06;0.00278485;4.18181e-07;1.5769e-06;5.61278e-07;0.00814688;3.30395e-05;1.84782e-06
0.000185329;0.00669043;0.0300264;4.79922e-05;0.0241511;1.54761e-05;9.36682e-08;0.000179611;2.87997e-07;4.67586e-06;2.9881e-07;0.935857;0.00268198;0.000159732
0.000187101;0.00769381;6.35531e-06;7.53491e-06;5.43875e-05;3.21957e-07;0.000940976;0.590915;0.357296;5.60075e-07;0.0423027;0.000365343;0.000217274;1.25955e-05
1.96079e-05;0.986664;8.45645e-08;4.35087e-06;8.33399e-07;2.61951e-07;1.62383e-05;0.00338871;0.00037872;7.00243e-06;3.27228e-05;0.000127871;0.00935933;2.11246e-07
0.0179441;0.0284103;2.45744e-05;0.0866734;0.409051;0.0538329;0.000761333;0.00172402;0.136765;0.015626;0.00127874;0.23369;0.00183869;0.0123802
0.0058515;0.99008;4.22662e-08;7.38707e-07;1.91255e-08;1.02095e-08;3.49429e-05;7.18202e-05;0.00168059;2.80226e-08;2.11488e-06;4.11352e-05;0.00223692;3.00059e-08
0.000361106;0.0589795;2.19573e-07;0.0001555;3.27119e-05;0.000124426;1.17107e-06;0.926136;0.00222567;1.20442e-05;1.09055e-05;0.00350797;0.00801353;0.000439239
0.000848563;0.972374;7.97025e-07;0.000263898;9.34025e-05;3.65485e-06;0.000296242;0.00208827;0.0103453;7.86617e-05;0.00127195;0.00324147;0.00886717;0.000226934
0.000413928;0.0202107;9.41402e-08;7.75909e-07;8.19753e-05;2.55643e-06;6.84361e-07;0.953878;0.00359879;1.82046e-07;5.79433e-05;1.65605e-05;0.0217346;2.71397e-06
0.000292787;0.974183;9.8572e-08;1.91287e-06;3.08619e-06;2.21895e-06;3.45113e-05;0.00589906;0.000121916;8.9987e-05;4.50667e-06;5.87891e-05;0.0142989;0.00500887
1.8365e-09;1.90143e-09;0.99999;1.09232e-09;2.42086e-09;3.81924e-09;4.16972e-08;1.22462e-13;4.73462e-10;3.62469e-09;4.5209e-10;1.01827e-05;5.67735e-12;4.67059e-09
6.99112e-05;0.764152;6.61683e-06;1.32361e-07;7.75719e-06;2.0437e-07;7.72792e-06;0.169019;0.000114496;2.40289e-07;1.04254e-05;4.9792e-05;0.0665613;1.54279e-07
6.3845e-06;0.725415;1.03167e-06;0.000105386;0.000131367;0.0102306;3.59445e-05;0.00068875;0.00128231;0.00278728;8.47444e-05;0.000334715;0.108291;0.150605
3.62395e-06;0.000402895;0.0376042;0.000212106;2.05795e-06;3.16032e-06;0.0156213;2.36725e-09;2.27364e-06;0.0180177;2.74487e-05;0.927362;2.59816e-05;0.000715541
1.33389e-06;1.13264e-06;0.998941;8.57352e-07;1.02262e-08;5.10573e-08;0.000966019;6.78523e-09;2.5517e-05;7.07019e-07;3.63347e-05;2.68991e-05;1.08568e-07;6.11519e-10
1.00215e-06;0.998456;2.84464e-08;1.57968e-07;6.11301e-09;5.17868e-08;1.44323e-08;7.56186e-07;5.51933e-08;2.77694e-09;3.22617e-07;1.5916e-06;0.00153948;9.58337e-08
5.00082e-06;0.99803;8.54745e-10;7.80878e-08;1.07601e-06;5.11143e-08;5.33039e-05;0.000742912;2.67418e-08;0.000106443;3.40697e-08;1.39007e-09;0.000557872;0.000503308
1.05692e-09;2.72068e-11;0.999963;2.66925e-08;5.4098e-07;5.49354e-07;2.22826e-09;5.05609e-11;1.91709e-11;4.3938e-08;3.8447e-11;2.76895e-07;2.43414e-11;3.50864e-05
5.74625e-08;0.00274841;3.90362e-11;1.60896e-07;4.1316e-10;1.01263e-06;2.49416e-07;2.01875e-06;2.15878e-07;5.54359e-10;1.08759e-07;3.61208e-08;0.997248;2.09874e-08
3.71203e-07;0.000531024;0.998922;5.36412e-07;2.46073e-09;3.00285e-09;5.71403e-05;1.64316e-08;4.69719e-09;1.48444e-05;8.54057e-09;0.000111555;3.17097e-08;0.000362051
5.00549e-08;1.3274e-07;0.999928;8.21099e-07;1.23926e-06;4.09221e-08;4.89422e-05;6.30035e-09;1.76548e-05;1.71812e-07;3.01185e-06;1.18918e-07;2.28784e-10;3.16341e-08
7.05973e-07;0.946439;7.43858e-07;3.35943e-07;4.48634e-08;3.7874e-07;2.97312e-08;3.24608e-07;5.48323e-09;1.54635e-08;2.01134e-08;1.80076e-07;0.0535579;5.14188e-07
1.75551e-07;2.06869e-06;6.46871e-06;5.40045e-09;1.26603e-07;4.94069e-10;2.77998e-08;2.80578e-05;2.24826e-08;2.40137e-10;1.14306e-07;0.999956;7.05934e-06;8.71934e-08
1.43049e-08;0.995539;6.76251e-10;1.05796e-08;0.000451217;1.76871e-07;2.78166e-08;0.000100513;1.53587e-10;1.51036e-08;7.03476e-11;1.74552e-09;0.00203937;0.00186965
2.23315e-09;9.30271e-08;2.49932e-09;3.36844e-08;5.99562e-09;0.00013723;4.72818e-09;5.31036e-07;3.35233e-08;8.39985e-09;2.56882e-08;2.27974e-08;0.999862;6.16899e-09
5.45127e-09;9.89722e-09;0.999998;6.10827e-08;8.06538e-09;4.96834e-08;3.0424e-10;3.39597e-09;2.49854e-10;1.10153e-08;1.42227e-10;1.53651e-06;6.42636e-09;5.8926e-08
1.2639e-06;0.995136;4.92221e-06;6.3111e-06;2.67843e-06;5.21933e-06;2.0756e-06;0.00465086;5.03835e-05;1.67946e-07;6.28855e-06;1.0431e-06;0.000120048;1.24829e-05
