4.50534e-06;0.997543;1.92045e-06;5.49985e-06;4.53883e-06;3.26939e-07;2.82178e-08;1.91117e-05;3.97714e-07;9.78494e-08;2.37196e-07;0.00203581;0.000373981;1.02491e-05
0.000129477;0.000173721;7.461e-10;1.59006e-08;1.83724e-06;8.13963e-08;2.0491e-07;0.999676;8.39185e-06;1.35803e-07;4.2838e-08;2.66667e-08;1.66056e-06;8.67503e-06
6.18868e-05;0.98762;2.47892e-06;6.65274e-07;5.05136e-06;1.24744e-07;0.00151837;0.0016015;1.11107e-05;2.64293e-05;1.02972e-07;0.00612048;2.19024e-06;0.00302981
1.32762e-09;9.5829e-11;1;4.17127e-10;4.84416e-09;4.21106e-11;2.2438e-09;1.58025e-09;1.68922e-09;8.61819e-12;2.49938e-10;1.28423e-07;9.45332e-11;1.89395e-13
8.29917e-08;0.999839;1.34199e-08;2.15095e-09;1.5352e-08;1.3881e-09;5.09522e-06;2.04788e-08;6.57305e-09;2.26186e-08;2.00817e-08;2.417e-09;6.29147e-07;0.000155413
2.62439e-14;1.94477e-13;1;7.00148e-13;3.2038e-10;1.69794e-11;9.09299e-13;1.116e-14;3.52328e-15;7.36022e-13;1.96355e-14;3.11737e-09;2.98884e-16;2.07555e-10
8.38541e-08;0.996316;4.97614e-08;3.56007e-06;3.94014e-05;4.50641e-05;4.55191e-06;0.00274901;7.78733e-07;5.15419e-08;7.87983e-06;2.03328e-06;0.000714334;0.000117643
1.36274e-06;0.969664;3.48251e-07;1.92941e-06;1.43047e-06;6.47863e-05;2.06862e-06;0.00437357;1.57389e-08;2.07336e-06;4.64018e-06;8.81991e-07;0.0257721;0.000110252
3.27941e-10;1.59922e-10;1;5.66645e-09;6.4098e-08;2.27385e-08;1.68132e-10;3.20843e-09;5.17567e-11;4.70133e-11;4.18115e-09;3.68381e-08;1.16709e-10;6.36906e-09
4.59319e-08;4.89096e-05;2.82329e-05;1.31572e-07;3.72926e-07;1.0841e-06;3.11543e-10;1.99105e-05;2.56852e-08;3.52515e-09;5.93467e-08;2.25321e-05;1.23108e-06;0.999878
2.04161e-08;3.1736e-05;2.60155e-10;1.02802e-09;6.1088e-05;5.82553e-06;1.23618e-09;0.9999;3.59417e-08;6.82784e-11;6.84332e-09;3.87019e-08;4.54292e-07;5.74362e-07
5.40263e-11;7.69409e-09;0.999962;1.37043e-09;1.36857e-07;2.3602e-07;1.08467e-11;3.62795e-13;5.47009e-14;2.1927e-10;9.82148e-12;3.74323e-05;3.11616e-10;3.85488e-07
1.42923e-06;0.99617;6.36946e-08;5.33458e-07;2.30811e-07;2.12332e-06;2.49504e-05;3.00665e-06;4.80921e-05;2.90365e-09;0.00111352;0.000316579;0.00231919;1.33323e-07
8.10365e-10;9.16118e-05;3.84761e-09;1.93836e-10;2.77585e-09;9.21697e-08;3.76071e-11;1.25637e-11;2.57209e-13;1.70031e-11;2.56567e-11;1.00179e-09;0.999908;6.61158e-09
1.46876e-09;0.000487935;3.99257e-08;3.34475e-09;6.20041e-08;4.06537e-08;4.81246e-11;6.11632e-06;1.78295e-09;8.6241e-11;2.45804e-08;0.999258;0.000246479;8.46008e-07
1.17838e-07;0.00178418;5.68853e-06;1.22214e-07;0.000515431;3.64874e-05;2.23885e-09;0.996876;2.31875e-09;1.17722e-07;3.83123e-09;1.56007e-05;0.000307277;0.000459527
9.35772e-10;8.65862e-06;1.33645e-09;9.69698e-09;9.0008e-08;2.81762e-05;4.84229e-10;5.0963e-08;6.44495e-10;8.74155e-10;5.85609e-09;1.27945e-08;0.999963;2.23106e-07
2.72766e-08;4.22172e-05;0.999923;4.20806e-07;2.01889e-07;4.60428e-08;2.32253e-09;2.46894e-07;4.39555e-10;1.90636e-07;7.03198e-09;3.18822e-05;1.22852e-07;1.37509e-06
2.56767e-07;0.998192;7.05817e-09;1.66611e-06;5.10948e-07;1.31061e-06;4.76575e-07;0.000140751;1.34101e-06;2.72948e-08;3.86196e-05;1.8631e-06;0.00160725;1.38414e-05
9.74283e-07;0.00081082;6.29675e-09;4.7731e-07;0.00419821;0.000149588;1.40807e-07;0.993346;3.44734e-05;1.13623e-06;3.02091e-06;2.77337e-06;0.0014007;5.15459e-05
2.17323e-07;9.17308e-06;0.999803;6.69735e-07;6.75058e-05;3.4527e-08;2.29855e-07;2.02825e-06;1.5639e-07;4.90216e-06;1.22226e-06;0.000107967;4.11437e-07;2.70539e-06
0.000102718;0.998532;0.000807656;2.7415e-06;3.32241e-05;1.19264e-07;0.000360704;1.62623e-05;1.25052e-06;9.59275e-05;1.69803e-06;2.22579e-07;1.52645e-05;2.98815e-05
7.65715e-09;1.16839e-11;0.999999;6.66658e-13;4.7965e-10;6.86291e-14;5.20113e-10;2.13433e-10;2.7494e-08;5.09934e-13;2.24942e-11;6.97288e-07;9.41363e-14;6.49143e-13
2.93853e-06;6.26119e-05;1.31761e-10;2.28265e-10;1.41078e-06;3.53714e-07;1.40607e-07;0.998951;0.000930876;1.28876e-09;2.63985e-07;1.21058e-08;3.79157e-05;1.28394e-05
3.84714e-07;0.997772;1.09798e-08;2.77305e-09;3.21981e-08;5.17738e-09;0.000255791;0.00192782;9.90811e-07;3.05004e-06;1.45816e-08;2.98442e-08;3.92415e-05;9.56364e-07
1.94934e-10;3.92411e-10;0.999999;9.96308e-10;6.70893e-08;3.19364e-10;1.15221e-08;5.88893e-11;1.28458e-09;3.6484e-09;5.73724e-11;7.75187e-07;6.60198e-13;1.60446e-09
6.50216e-07;0.999755;1.77004e-08;7.40536e-08;2.3959e-07;6.23614e-08;1.0361e-07;0.000224645;7.53643e-06;1.01984e-08;3.33523e-07;7.90353e-07;1.02074e-05;2.22427e-07
7.19655e-05;0.0792829;2.97531e-06;6.23177e-05;0.000321368;3.32454e-05;0.000326384;0.00388524;0.000607429;8.46222e-05;2.03491e-05;0.000103457;0.915085;0.00011257
0.00015629;0.000376374;0.147287;0.000931763;0.00303745;0.00106668;2.59742e-06;0.00651157;1.64352e-05;9.95438e-05;2.67195e-05;0.833912;0.00633738;0.000237672
0.00010276;0.975479;1.42787e-07;6.80928e-07;1.00207e-06;4.50355e-07;1.87843e-07;0.0196016;1.44102e-05;2.70415e-08;6.55377e-06;6.47662e-06;0.00477899;7.75487e-06
3.6742e-05;0.58489;3.67771e-09;4.67529e-06;2.93821e-05;6.87727e-05;0.003215;1.84016e-05;2.76826e-06;0.00199749;1.54292e-07;1.05098e-07;0.000439959;0.409297
1.11575e-12;2.52746e-14;1;2.26663e-12;4.06521e-12;1.89356e-12;2.54298e-13;1.33964e-16;1.93089e-12;2.43767e-13;3.56376e-13;1.36019e-09;1.61724e-16;1.41643e-12
0.00110413;0.351032;0.000118771;0.000257787;1.36031e-05;6.80114e-05;0.00630966;0.00385965;0.386567;0.00012166;0.234438;0.00142666;0.0136648;0.00101767
6.99885e-06;0.998999;0.000100971;5.51712e-06;3.06129e-07;8.37125e-08;1.61908e-05;3.59697e-05;9.84536e-05;1.72579e-06;0.000620448;9.68843e-05;1.17264e-05;6.04736e-06
3.80402e-08;0.999777;2.09269e-10;3.78121e-07;2.39678e-05;2.91169e-09;7.16789e-09;0.000154426;5.70001e-08;1.36701e-07;1.28498e-08;3.54389e-06;6.70586e-06;3.36926e-05
3.8008e-06;0.0070598;0.000346151;4.34805e-05;5.30748e-05;0.000196646;4.58723e-07;3.25484e-06;6.59275e-08;5.16718e-05;2.55653e-06;0.987478;1.9082e-05;0.00474169
0.000332411;0.0503496;9.72708e-10;3.84356e-07;1.15668e-06;5.92792e-07;6.65909e-07;0.0152873;4.99666e-06;1.56008e-08;3.10067e-05;0.00390882;0.930083;5.32919e-07
2.047e-05;0.0344878;4.32722e-06;1.06466e-06;7.97196e-05;1.48317e-05;7.19292e-10;0.00454909;1.0693e-07;1.13054e-07;5.28557e-08;0.92487;0.0356562;0.000315911
4.86453e-07;0.995623;4.21546e-07;3.18542e-06;0.000267033;3.7251e-05;2.10656e-08;0.00286574;2.71066e-07;1.24609e-06;8.79405e-07;0.000285485;0.000771241;0.000143447
8.12637e-06;0.0181326;4.02154e-08;0.000466845;0.000795308;0.000868245;7.26789e-07;0.0465419;1.21958e-05;1.85601e-05;3.11231e-05;0.0517145;0.875242;0.00616762
8.94193e-06;0.943481;6.89668e-07;8.87244e-05;0.000250931;8.47698e-06;5.91729e-06;0.0452876;6.48117e-05;1.51297e-06;0.000734609;0.000307798;0.00898207;0.000777427
5.54401e-06;0.997138;2.46735e-07;0.000173409;0.000612621;1.11082e-05;7.51681e-06;0.000155853;6.03472e-05;1.83151e-05;8.87234e-05;4.22099e-05;0.000413315;0.00127271
0.000102613;0.000553407;1.42037e-06;1.34947e-05;0.913837;0.0450542;3.96438e-07;0.00110397;6.63195e-05;3.41697e-05;2.76938e-07;3.36963e-05;0.000149497;0.0390491
0.00313344;0.57859;1.18284e-08;1.43797e-06;3.39361e-05;6.49789e-06;1.55688e-06;0.00644752;0.000620248;3.21163e-07;6.89668e-06;0.000679224;0.410477;1.64802e-06
4.04914e-05;0.0125577;1.2169e-06;3.32518e-06;8.82372e-06;1.2022e-06;1.7463e-08;0.000115461;8.62599e-06;2.80895e-07;3.59208e-06;0.979789;0.00741757;5.31372e-05
4.83499e-06;0.999742;1.53711e-06;2.08285e-07;7.33222e-08;1.91072e-08;1.1286e-07;7.59704e-05;4.63216e-07;2.31591e-08;6.82264e-06;3.93988e-05;0.000128579;2.85787e-09
6.8747e-08;0.978391;3.93319e-09;3.41137e-06;1.88145e-05;1.07185e-06;3.91755e-06;1.42576e-05;1.56547e-08;0.000358603;8.37587e-09;3.14215e-08;1.40709e-05;0.0211944
1.84192e-07;8.6884e-08;0.999951;2.16479e-07;5.62003e-09;6.23555e-07;1.58895e-06;3.05586e-08;2.18002e-07;1.9916e-07;1.36434e-05;3.10745e-05;9.39971e-08;7.13515e-07
3.55789e-06;0.97432;9.2904e-08;1.1983e-06;1.44028e-07;5.94433e-06;1.74687e-06;0.000637508;1.3667e-06;9.90921e-09;7.14892e-05;1.55761e-05;0.0249415;2.68549e-07
6.97362e-08;1.729e-05;3.04258e-07;3.21015e-10;3.02356e-08;4.07801e-10;1.00073e-10;2.51211e-07;1.40984e-09;3.56259e-10;2.81295e-09;0.999927;5.49743e-05;9.7149e-08
6.33574e-05;0.000566404;2.09203e-07;3.90907e-08;0.00209184;1.05905e-05;3.25975e-06;0.988195;0.00896625;2.63651e-07;6.01542e-06;3.61607e-06;7.71772e-05;1.565e-05
5.72272e-06;0.00205172;2.69146e-10;6.33884e-10;2.31815e-07;2.23368e-08;4.45902e-08;0.997424;6.08592e-06;5.69629e-09;5.79465e-09;1.42685e-10;0.000511692;2.58157e-09
4.67705e-09;1.93129e-08;1;2.73452e-09;1.10743e-08;3.9423e-10;3.53165e-09;1.00169e-09;1.25508e-08;6.08679e-10;7.38344e-11;3.61691e-08;2.00474e-11;6.40042e-09
1.51085e-06;0.00072571;0.996995;2.09059e-06;6.1737e-07;1.80118e-06;1.35018e-08;0.00132123;5.43364e-06;3.34338e-08;5.06663e-07;0.00087913;6.22864e-05;4.72742e-06
2.73771e-07;0.00687235;0.000182476;1.02921e-05;0.00125502;0.0264899;9.51304e-08;1.34344e-06;2.36428e-07;2.59471e-06;1.92753e-06;3.68568e-06;1.55336e-05;0.965164
2.14302e-07;5.15759e-05;1.80955e-05;1.28698e-07;5.12874e-05;9.46439e-06;1.51734e-09;0.000350513;4.82737e-08;2.48984e-09;1.28193e-05;0.977823;0.0216783;4.27861e-06
4.82026e-09;0.999771;7.44626e-10;8.29655e-10;6.80452e-09;5.60304e-10;1.17338e-08;1.51497e-10;3.67449e-11;1.16255e-08;2.49877e-09;6.47378e-09;1.33914e-06;0.000227197
1.09816e-05;0.125438;2.46681e-07;1.52902e-06;2.08376e-06;1.79555e-05;0.00328684;0.0347077;0.000580388;1.33867e-07;0.00432347;1.53606e-06;0.831629;2.05115e-08
2.30808e-08;0.999925;5.91009e-09;6.03797e-10;6.7022e-09;1.93421e-08;4.43623e-10;5.40439e-06;1.46718e-11;1.34766e-09;4.08237e-11;9.26452e-08;6.93738e-05;2.37685e-08
1.90624e-09;7.89889e-05;6.60913e-08;9.75518e-07;5.27782e-05;0.00138137;2.93826e-11;6.46712e-05;1.55693e-09;1.90006e-08;4.14264e-09;0.0032058;3.5403e-06;0.995212
8.61855e-08;0.00211807;2.21277e-10;2.53194e-08;3.27359e-08;1.10536e-07;1.31492e-08;0.00015885;3.22596e-08;2.00553e-10;1.26558e-06;2.47582e-07;0.997721;1.75418e-09
4.94775e-05;0.0275111;0.000350431;2.57663e-07;3.32232e-06;1.4966e-07;1.08167e-08;0.094167;1.01412e-07;4.46589e-08;1.26622e-07;0.877209;0.00024318;0.000466088
4.61465e-07;0.893926;8.35272e-07;1.94698e-05;9.75679e-05;0.000315164;4.534e-08;0.00606657;1.22199e-06;2.90805e-07;6.08143e-05;0.032123;0.0669102;0.000478548
1.37291e-06;0.769335;2.49599e-07;1.53078e-07;1.95094e-07;6.28909e-08;7.39686e-08;0.00706932;1.88676e-07;4.52865e-08;2.21351e-05;0.179452;0.0441199;6.63801e-09
9.71695e-05;0.297535;7.90939e-05;0.000362478;0.00888284;0.000618847;2.76027e-05;0.00460871;0.00134846;6.11884e-05;0.00238026;0.45245;0.198854;0.0326945
0.000464704;0.163037;4.65413e-08;0.000783218;0.000318488;0.000108933;0.00028141;0.0768971;0.346532;2.86864e-05;0.0673245;0.00012843;0.343865;0.000230325
1.14785e-05;0.0138355;5.21406e-07;8.51802e-09;1.52657e-06;7.67013e-09;1.23203e-09;0.985911;1.43005e-08;2.36555e-08;7.31494e-09;6.43745e-05;0.000166503;9.07721e-06
2.7205e-07;0.0773157;3.05511e-06;2.96489e-06;0.000125544;0.00138929;1.04547e-08;0.000487506;2.27982e-07;4.67104e-07;1.13019e-06;0.861544;0.000428656;0.0587012
4.60116e-06;0.0462599;1.85101e-09;1.2428e-05;9.42257e-05;0.000108675;4.65056e-06;0.000575701;8.72559e-06;5.83007e-06;1.7939e-05;9.87447e-07;0.952879;2.78055e-05
6.78307e-05;0.00270312;2.07753e-05;6.37741e-07;6.93066e-06;3.6514e-07;1.20159e-08;5.31179e-05;1.23588e-07;2.25235e-07;5.0839e-08;0.97716;0.0199866;3.29813e-07
5.04954e-06;0.0219086;6.33511e-08;6.58111e-06;1.3232e-05;0.00163337;4.15127e-07;4.12996e-05;0.000135811;7.39948e-08;1.6437e-05;1.11958e-05;0.976224;3.71527e-06
0.00018189;0.00651093;0.106429;0.000455799;0.000662679;0.000332632;6.52253e-07;0.00825289;1.58985e-06;0.000266183;1.52767e-06;0.868029;0.00684186;0.00203354
8.88125e-07;0.70536;8.53803e-10;1.68635e-07;4.15482e-09;5.73376e-09;0.294468;4.71251e-08;1.74343e-06;0.000148977;7.01915e-06;1.2923e-10;1.14704e-05;8.72947e-07
2.14361e-11;9.85035e-12;1;6.94838e-11;1.94619e-10;8.96656e-11;3.21664e-10;3.39686e-13;3.64727e-12;8.00854e-11;7.90666e-12;3.48256e-08;1.44722e-12;6.4697e-12
3.71072e-06;0.039082;3.63136e-07;4.03267e-06;4.68484e-06;2.44502e-06;1.88469e-07;0.956838;9.47057e-05;3.10686e-07;0.000132592;0.00081206;0.0030192;6.1263e-06
0.000316823;0.948476;2.18087e-06;1.41344e-05;0.000271939;3.29956e-05;1.14282e-05;0.0302577;0.000207244;1.9298e-05;0.00038646;0.00664015;0.00740659;0.00595738
3.3305e-05;0.987595;1.65054e-08;2.34594e-07;1.54461e-05;1.66962e-07;1.03803e-05;0.00791209;9.56334e-07;1.83828e-06;1.77209e-06;2.80048e-06;0.0026576;0.00176805
4.97621e-09;4.47854e-12;0.999999;1.36294e-09;2.50721e-08;1.54198e-11;1.37696e-09;5.01822e-10;1.7572e-07;6.51831e-11;1.53295e-08;3.65023e-07;4.32814e-12;7.1482e-11
1.73815e-06;0.906862;1.96954e-09;3.11404e-07;1.02293e-07;6.03197e-08;1.72186e-06;8.82872e-05;2.86063e-05;1.45408e-06;1.48275e-06;5.6038e-07;2.19106e-05;0.0929916
8.39891e-05;0.0997185;1.07427e-06;1.80601e-05;3.44343e-06;8.05194e-05;0.10014;0.140715;0.533233;2.3265e-05;0.110104;5.39665e-05;0.0158249;2.05982e-07
9.22792e-07;0.00176505;1.32433e-08;1.90003e-06;9.53248e-07;3.11403e-05;2.55763e-08;0.00108481;8.82152e-06;1.37819e-08;1.92927e-06;0.000118482;0.996984;1.52207e-06
8.70627e-05;0.0164441;3.0028e-05;9.29717e-05;0.00023181;4.10043e-05;1.27106e-06;0.00305865;2.81218e-05;2.88842e-05;3.20824e-06;0.000439215;0.000298689;0.979215
1.12252e-06;0.977519;3.06319e-11;1.23642e-07;9.28655e-09;7.88638e-08;0.0125168;5.38395e-08;4.52021e-07;0.000140251;4.68501e-07;1.45552e-10;3.45825e-06;0.00981786
2.26812e-11;1.68193e-13;1;7.68996e-11;1.54834e-09;1.70785e-10;8.4617e-10;2.38938e-13;1.2446e-10;2.90251e-10;1.09224e-10;1.76276e-07;1.01473e-13;4.13181e-10
6.05849e-05;0.102665;4.08015e-07;0.000119453;0.000184329;0.000428274;0.00079117;0.0555586;0.606835;2.91071e-05;0.125742;1.7051e-05;0.107035;0.00053443
1.64326e-05;0.00214571;1.05582e-06;2.93382e-08;1.71292e-06;2.42924e-08;2.12872e-08;0.997538;2.53821e-06;1.9962e-07;2.99156e-07;4.12454e-05;0.000248599;3.89374e-06
9.27529e-06;0.0438184;1.09119e-06;7.17915e-05;0.000553886;0.00127131;1.778e-07;0.000684563;0.000574928;5.4496e-07;0.000819057;0.93565;0.0119142;0.00463084
1.34281e-07;0.999848;1.45812e-11;4.044e-09;1.58242e-06;1.57866e-07;5.75592e-10;2.48369e-05;9.76256e-08;1.57962e-08;1.81515e-08;1.98939e-06;0.000120759;2.58958e-06
5.76695e-06;0.000135132;5.11222e-06;1.68822e-08;7.86709e-06;1.40366e-07;1.45142e-09;5.62879e-05;7.16061e-07;1.61625e-08;1.65576e-07;0.999743;4.56118e-05;5.67292e-08
1.4006e-05;0.000723342;6.59318e-10;4.16355e-08;0.000261714;2.20529e-05;3.73448e-08;0.998228;0.000440707;7.36005e-08;8.55559e-07;6.24625e-05;0.000240862;5.44248e-06
3.30931e-06;0.000400999;9.2134e-11;2.95536e-08;1.97139e-07;5.85629e-08;2.63841e-09;0.997947;1.08198e-05;6.69795e-10;4.17152e-07;1.60135e-07;0.00163669;4.6582e-08
1.461e-06;0.999529;1.72123e-07;1.87097e-06;3.53645e-06;2.27429e-07;3.78426e-09;0.000100925;2.00459e-07;3.21931e-08;2.4684e-08;0.000181374;9.55385e-06;0.000171442
2.12569e-06;0.82157;3.79364e-08;5.50539e-08;3.81966e-09;3.55201e-07;1.63562e-06;3.61847e-06;9.08381e-08;3.01321e-08;1.79892e-07;4.60896e-06;0.178417;1.11559e-08
4.95682e-06;0.0218823;0.00012438;6.31589e-05;0.00276271;0.00457682;1.52382e-07;0.000151873;3.49577e-05;3.08409e-06;3.53869e-05;0.928226;0.00111036;0.041024
5.35225e-06;0.967921;1.18227e-08;3.22535e-05;0.000262335;0.00192674;5.69593e-07;0.0204428;3.54818e-05;3.63124e-06;8.37536e-05;0.000592249;0.00411627;0.00457737
4.03053e-05;0.985873;3.12471e-06;2.67458e-05;2.20295e-08;4.20002e-07;6.92895e-06;0.000546943;0.000744468;4.24763e-07;0.00627586;0.00436988;0.0021116;6.64037e-08
0.000275396;0.979044;6.32523e-06;0.000178454;7.17017e-05;6.26585e-05;1.81611e-06;0.00037753;3.30455e-05;8.58682e-06;0.00052458;0.00702428;0.0123435;4.8349e-05
1.85103e-05;0.994121;1.35754e-07;8.416e-09;3.56234e-09;2.39718e-08;6.13025e-08;3.34021e-07;3.20859e-09;5.19393e-09;9.05682e-08;0.00056357;0.00529629;1.23387e-08
7.08965e-07;0.00204257;7.44516e-08;1.05098e-06;0.0015503;0.0127437;2.21959e-09;0.00147907;2.86866e-07;1.73724e-08;5.92693e-08;0.694439;0.00522941;0.282514
1.28689e-06;0.0104186;7.54219e-10;8.45823e-07;1.21318e-05;1.4171e-06;2.1953e-08;0.000802782;1.28765e-05;1.27127e-08;1.35919e-05;3.56609e-06;0.988733;2.31114e-07
1.63324e-05;0.98853;8.33966e-08;6.95855e-06;5.5421e-08;1.3478e-07;3.24735e-05;6.89389e-06;8.48512e-06;2.07779e-06;1.73706e-05;0.006121;0.00525799;5.17173e-07
3.64803e-06;0.00909469;9.9121e-10;7.69868e-05;2.88576e-05;0.00115516;2.62809e-07;0.000788614;1.08749e-06;6.30651e-06;1.35361e-05;1.82493e-06;0.988815;1.42509e-05
2.16034e-06;0.000118073;0.998369;7.6322e-05;3.40365e-07;8.38714e-08;2.41763e-07;2.74823e-07;2.31472e-08;4.55142e-06;2.77505e-06;0.00141602;7.44329e-06;2.95246e-06
2.8269e-06;0.000801648;1.64131e-06;0.00100713;6.30637e-07;3.54557e-06;7.14424e-05;2.35488e-06;0.00205313;6.82178e-07;0.995812;8.42204e-05;0.000157005;2.03504e-06
2.43815e-06;0.998592;4.74366e-09;2.71126e-05;1.16273e-06;1.77401e-06;5.81597e-07;6.54692e-05;4.31556e-07;8.75465e-06;1.04051e-06;2.22997e-06;3.291e-06;0.00129403
0.000138328;3.29077e-05;0.00101247;6.76374e-05;0.00470111;1.15387e-07;7.14414e-06;0.990607;0.000167819;0.000136445;0.000142205;0.0029863;8.02321e-07;9.83648e-08
4.20792e-07;2.72343e-05;0.999931;2.5537e-05;1.90886e-07;2.40702e-07;2.97205e-08;2.34016e-09;8.07462e-08;1.64946e-06;1.28541e-05;1.90164e-08;7.45595e-07;7.38731e-08
4.44243e-05;9.7483e-05;0.000164372;9.50651e-06;1.05025e-07;8.25461e-08;5.83005e-05;2.43778e-05;0.00105485;3.831e-06;0.997007;0.00081179;0.000723881;9.05062e-08
