3.70769e-06;0.999455;5.84216e-06;3.23478e-06;8.14346e-08;3.72982e-08;5.4163e-08;6.12493e-06;5.56475e-08;3.25464e-08;6.17098e-08;0.000496389;2.81324e-05;8.07542e-07
8.39464e-06;0.99892;1.71412e-05;2.66466e-06;5.60487e-07;5.13019e-08;2.79609e-07;5.20219e-06;1.66256e-08;4.24655e-07;5.5045e-08;0.000977542;3.2297e-05;3.57645e-05
5.00369e-05;0.111716;3.94724e-08;2.38406e-07;0.00334061;2.0827e-06;3.91031e-07;0.0331943;1.90097e-07;4.31338e-06;6.04095e-07;0.000153502;2.9457e-06;0.851535
1.36254e-05;0.00930954;0.0354278;9.75952e-05;0.163705;0.270559;1.24044e-09;0.0144896;2.5282e-08;1.17703e-06;1.75233e-07;0.15275;0.00112691;0.352519
9.09372e-06;0.998641;1.62171e-07;9.39992e-08;2.54676e-08;5.36898e-08;0.00059245;0.000197823;9.24198e-07;5.07491e-06;1.83238e-05;3.43334e-10;2.99585e-05;0.000504953
9.06698e-11;8.29457e-10;1;5.94024e-12;1.0097e-09;1.48528e-10;2.92858e-10;6.09479e-11;4.02601e-11;4.54363e-11;5.4045e-12;5.79054e-11;5.59256e-11;2.27293e-12
2.95049e-10;1.89915e-09;1;6.75538e-11;2.26083e-09;1.38977e-11;1.81165e-10;3.62363e-10;7.87397e-11;3.20577e-11;5.22685e-11;2.99169e-08;3.81919e-11;2.14854e-10
1.93146e-09;1.87196e-07;3.90501e-05;2.57455e-08;4.4581e-07;3.26704e-08;1.43641e-11;5.03594e-08;6.89558e-08;1.25811e-09;1.45255e-08;0.99976;2.55476e-09;0.000199648
5.9985e-07;1.216e-06;2.47442e-09;3.97553e-09;1.70327e-05;8.9724e-06;5.87532e-09;0.999932;3.81926e-07;4.47997e-09;2.06279e-08;8.67626e-12;1.88368e-06;3.85126e-05
8.58091e-09;5.57788e-06;0.000378666;3.38156e-08;2.07792e-05;1.30157e-06;4.14861e-12;4.39491e-06;8.87792e-10;1.33023e-10;1.53977e-09;0.999444;2.29343e-07;0.00014548
1.50468e-09;0.99993;1.08576e-10;7.26674e-11;5.15913e-09;2.90716e-09;3.63916e-08;5.91223e-06;5.27299e-12;7.47804e-09;4.76336e-12;4.94218e-13;5.43441e-05;9.74852e-06
4.71681e-12;7.60533e-12;1;4.78583e-11;1.15209e-08;3.29213e-08;2.92952e-12;1.95206e-12;2.68428e-14;3.83262e-11;1.23622e-13;4.16613e-07;3.97312e-11;8.58752e-08
6.98341e-08;0.867066;1.137e-07;9.65859e-06;5.55122e-06;2.71009e-06;2.97073e-07;0.000425006;8.76631e-08;7.61744e-08;1.66572e-06;7.55123e-06;0.13248;7.3819e-07
4.06307e-06;0.254435;3.23401e-07;0.00022688;0.0159363;0.0105966;6.48168e-07;0.581317;4.11079e-05;4.54395e-05;4.57449e-05;0.000315229;0.11682;0.0202163
0.000155738;0.540656;0.241545;0.0033993;0.0318845;0.00108413;7.16602e-05;0.00098474;5.35106e-06;0.019022;2.32576e-05;0.0179564;0.00028401;0.142928
3.71706e-07;1.503e-08;0.999987;3.90256e-08;7.35725e-10;4.07201e-10;7.78878e-06;1.19051e-10;1.24468e-06;8.94296e-09;2.53305e-06;8.6053e-07;2.30209e-09;1.80855e-11
0.000301796;0.208176;0.000150119;1.1778e-06;9.34374e-07;2.86672e-07;4.09249e-08;0.789746;0.000243147;1.53408e-07;1.62178e-05;0.00037496;0.000987766;1.69234e-06
3.46844e-05;0.973891;2.09984e-08;1.20569e-06;0.010213;1.06524e-05;8.06636e-07;0.0131323;3.21823e-06;1.4106e-05;1.96498e-06;0.000120713;0.000103003;0.00247327
1.81189e-05;0.00148136;0.0253374;2.06274e-05;0.0750595;0.00881009;1.35317e-07;0.000197033;8.06245e-08;8.59799e-06;5.29976e-08;0.874736;1.05868e-05;0.01432
2.00558e-06;1.94251e-05;1.48319e-12;1.42349e-08;1.14129e-07;3.93749e-08;2.38487e-09;0.999622;1.07645e-05;3.5465e-10;1.08936e-06;7.60069e-07;0.000343839;3.86769e-09
3.20627e-05;0.888882;2.82334e-07;9.98968e-06;6.95551e-07;1.91892e-06;2.55177e-06;0.00543873;7.37231e-05;2.22589e-06;3.88052e-05;0.000657644;0.104849;1.06928e-05
0.000160397;0.220662;0.0026175;0.00623231;0.00711874;0.000701443;6.6858e-06;0.0651237;7.19101e-05;0.00139676;0.00045775;0.642862;0.000231563;0.0523571
2.85015e-06;0.997959;1.52218e-06;1.61112e-06;3.6217e-07;1.36121e-06;6.34068e-06;9.62245e-05;4.82874e-07;1.05354e-07;4.77705e-06;2.58872e-05;0.000325681;0.00157404
8.43505e-06;0.0485627;1.10139e-08;1.82131e-06;8.58762e-06;3.16859e-05;1.23964e-07;0.0989695;5.30455e-06;3.81393e-07;2.46524e-05;0.832901;0.019432;5.32819e-05
3.21093e-06;0.0615686;8.60653e-11;2.25716e-06;1.92216e-05;7.52831e-06;2.79703e-08;0.027571;6.41789e-06;5.14619e-08;9.43934e-05;0.00034446;0.91035;3.27723e-05
1.57014e-05;0.160516;2.9171e-08;1.33269e-05;6.59061e-06;3.92321e-05;5.56407e-07;3.2594e-06;3.85363e-07;9.70737e-08;2.28765e-06;0.385208;0.453299;0.00089511
0.00021037;0.291424;2.65477e-05;5.80698e-05;0.0094942;0.00909865;2.60145e-07;0.0669876;2.49592e-05;8.28858e-06;4.19047e-05;0.0513739;0.546562;0.0246898
2.11253e-07;0.00572935;2.80379e-08;3.79582e-06;6.98682e-05;0.00513543;2.84848e-08;0.000577466;1.02381e-06;4.128e-08;0.000143224;1.41204e-05;0.988313;1.21778e-05
9.78802e-05;0.877386;0.120681;3.59276e-05;3.52666e-05;4.04941e-05;4.35951e-06;0.000108751;1.34236e-07;1.32658e-05;8.15534e-07;0.000290637;0.0011258;0.000179537
1.81311e-06;0.100022;9.7927e-09;3.65913e-06;4.31338e-06;2.19196e-05;6.30174e-07;4.09909e-05;1.60296e-07;2.34098e-07;2.09061e-05;0.00222353;0.897569;9.08598e-05
7.50658e-06;0.289;6.16687e-08;5.71536e-05;0.000169268;0.000232961;0.000481409;0.00475855;3.41073e-06;0.000157939;7.32853e-05;5.26677e-06;0.000146119;0.704907
8.92186e-10;5.28264e-09;0.999999;1.85459e-08;4.19205e-09;3.32252e-08;3.89681e-07;1.21172e-11;4.38708e-09;2.40277e-09;5.4e-08;1.34829e-07;1.67801e-07;2.82728e-12
8.20072e-05;0.965054;0.000209536;9.49412e-06;2.31518e-06;1.87233e-07;2.18855e-05;0.000438093;2.63913e-05;1.08864e-06;0.00184469;0.0112605;0.0210499;8.5078e-08
4.48251e-08;0.997283;2.79496e-09;2.15211e-06;7.92046e-07;4.26094e-08;0.000477492;7.47949e-07;3.57126e-08;0.00211278;7.97772e-07;6.69582e-06;1.6332e-05;9.95575e-05
5.69663e-08;1.05782e-06;0.997207;3.01448e-06;1.32944e-09;1.02446e-05;4.07339e-05;7.01535e-08;1.06665e-07;4.91462e-06;0.00263918;1.56882e-07;9.34572e-05;9.77969e-09
1.39512e-05;0.432766;0.563299;2.31308e-05;1.51689e-05;0.000178669;2.68553e-07;0.000187862;3.14588e-09;3.06814e-06;8.03836e-07;0.000797523;0.00210947;0.000605893
3.89466e-06;0.00465209;7.66408e-09;3.08279e-07;2.45105e-07;8.12834e-07;4.40153e-07;0.000111389;1.71841e-07;2.42939e-08;4.59496e-06;0.0006487;0.994577;2.79413e-07
1.46088e-05;0.0834198;4.02274e-09;0.000190337;0.000712269;0.000944185;3.71157e-05;0.00418142;0.00147568;8.89754e-06;0.0090435;6.63158e-05;0.00223485;0.897671
3.65109e-05;0.943022;0.000119999;0.000251011;0.000213572;1.29587e-05;1.17731e-07;0.000838265;7.96419e-07;7.13544e-06;2.82887e-06;0.0526263;0.00245822;0.000409956
0.00126631;0.945277;1.34711e-05;0.000198269;0.000328734;5.18857e-05;2.97507e-05;0.0027771;0.000240315;5.64641e-05;0.0112269;0.0259456;0.00981378;0.00277445
1.57344e-06;0.990711;3.39016e-08;2.63527e-07;6.63718e-06;3.75125e-06;0.0026925;4.46352e-06;7.12117e-08;0.0011278;1.70432e-06;7.62281e-09;0.000249023;0.00520076
3.15763e-11;1.24044e-11;1;1.4319e-09;1.77632e-08;1.04506e-09;1.28411e-10;2.95485e-13;1.04457e-11;2.65709e-10;1.46917e-10;7.57623e-10;7.99875e-14;2.61188e-10
0.000961012;0.0752281;4.14728e-05;0.000125105;0.000986499;0.00148655;2.546e-05;0.878073;0.000242944;2.07782e-05;0.000439186;0.0273845;0.0113171;0.00366791
3.64595e-06;0.0166651;1.58831e-09;2.70419e-06;6.66301e-07;1.26124e-05;4.94272e-07;0.00127672;6.21084e-06;3.00775e-08;5.99705e-05;0.000138606;0.981833;7.14082e-07
6.0044e-07;0.00128019;1.09046e-11;3.04769e-09;2.58054e-07;2.08739e-10;1.98791e-09;0.998716;8.14392e-08;1.84318e-09;8.88386e-09;1.63621e-06;6.05331e-07;1.49402e-07
6.48928e-08;1.65128e-05;0.999937;1.21915e-06;7.86829e-07;8.16291e-07;7.47508e-10;5.66353e-09;1.26341e-09;8.48459e-08;1.29418e-08;3.3179e-05;9.93663e-06;3.89459e-07
1.195e-06;0.780336;3.09627e-09;2.25248e-09;2.38995e-11;1.16205e-09;0.219633;4.6193e-08;2.3312e-07;1.38275e-05;3.6386e-06;2.49219e-08;9.32178e-06;2.96385e-06
6.08764e-12;9.07902e-13;1;1.68723e-11;3.77315e-09;5.15278e-11;2.04548e-10;2.45268e-14;1.58386e-11;3.01569e-11;4.12723e-12;4.27267e-09;3.98091e-13;5.01756e-11
0.000101714;0.00131921;8.14951e-08;3.00808e-07;0.000185505;1.85113e-08;6.18123e-06;0.994165;0.00417729;1.43246e-07;3.84607e-05;9.97953e-08;2.00516e-06;3.53811e-06
3.50047e-05;0.0867827;0.903635;1.60105e-05;0.000693682;1.62135e-05;3.09527e-06;1.01148e-05;1.90405e-06;2.93944e-06;2.35476e-06;0.0070279;0.00144854;0.000324537
2.96015e-06;0.990125;1.52038e-08;2.51537e-07;7.2756e-07;2.32988e-06;1.84024e-07;0.00105177;6.10911e-05;3.11665e-09;1.99383e-05;0.00760862;0.000812156;0.00031497
6.25118e-07;0.992708;1.33091e-09;1.00194e-09;2.3907e-08;9.11159e-08;3.30161e-08;9.36727e-07;1.81986e-08;4.71903e-09;1.83365e-09;0.000873573;0.0064158;8.40191e-07
0.000202138;0.28386;0.000193753;1.14402e-05;0.00645667;0.00291763;0.00491085;0.103773;0.000965856;0.000165223;2.27826e-05;0.000101434;0.000450149;0.59597
4.69494e-11;4.02221e-09;1;1.4268e-11;2.34177e-10;4.5514e-12;5.36848e-10;1.9675e-12;1.11949e-11;1.77202e-12;2.15046e-12;5.10454e-09;4.37976e-10;7.88477e-14
5.2124e-05;0.272437;7.28049e-06;2.19694e-05;0.00274552;0.000871317;9.28748e-07;0.0246101;0.000161644;3.59835e-06;9.16531e-05;0.441037;0.109489;0.148471
3.47037e-06;0.624138;7.54297e-09;5.41664e-05;0.00021196;0.000224371;2.5074e-05;0.119695;2.35758e-06;2.9581e-05;8.63874e-05;0.00501222;0.249764;0.0007535
2.4961e-05;0.0758669;0.000116947;0.015259;0.000131422;8.44049e-05;3.5711e-05;0.000862655;7.74507e-06;8.72085e-05;0.00492838;0.879669;0.0211338;0.00179223
0.000334125;0.0979074;2.78303e-09;0.000296839;9.29332e-05;0.000111872;3.18038e-05;0.869553;0.000123417;1.40598e-05;0.00220867;0.000663211;0.0285853;7.68585e-05
8.14111e-05;0.0104318;0.0075039;0.000734245;0.000557144;0.0121922;2.87437e-06;1.33707e-06;6.71284e-07;0.000273454;1.41762e-06;0.00361073;0.963626;0.000983121
0.00199129;0.185835;0.805979;4.42377e-05;6.19555e-05;1.35545e-06;1.60514e-05;0.000200173;0.000135778;1.83316e-05;3.46496e-06;0.00253617;4.87928e-06;0.0031727
0.000103435;0.889323;1.36115e-09;0.000378064;0.000782605;0.00329006;2.13733e-05;0.03142;0.0534554;1.59221e-05;0.00114581;1.73056e-05;0.0130378;0.0070093
0.000139009;0.862822;0.0203779;7.93407e-05;5.71455e-05;9.74281e-06;3.35064e-06;0.000970584;2.9693e-06;0.000231736;2.09667e-05;0.113568;0.0012664;0.000450966
2.6714e-07;1.07939e-07;0.999982;7.98768e-08;1.68243e-08;1.72191e-08;3.18027e-07;7.31097e-11;4.72226e-08;7.14174e-09;3.992e-07;1.67598e-05;9.3852e-10;5.38017e-10
0.000553401;0.175014;0.0330637;1.19815e-05;1.29684e-05;5.16092e-06;6.20502e-08;0.699211;2.00897e-05;4.16786e-07;2.01419e-05;0.0913664;0.000713614;6.97314e-06
0.000306838;0.120293;3.58794e-06;1.75322e-05;0.826184;0.00247933;7.00741e-06;0.017338;6.18501e-05;2.79078e-05;2.34264e-05;7.46902e-05;4.06619e-05;0.0331428
3.75949e-05;0.0151339;0.0758843;5.25238e-05;0.085507;0.0383557;4.37046e-09;0.000252578;8.22764e-08;3.2163e-06;5.03108e-09;0.695311;2.63573e-05;0.0894357
1.93625e-05;0.972173;1.74932e-10;3.8491e-07;4.76384e-05;7.22403e-06;1.91447e-08;0.0260807;1.22935e-06;4.78284e-08;2.10889e-08;6.93827e-05;0.00153537;6.59483e-05
6.69976e-06;3.07426e-05;5.99096e-08;5.46118e-07;5.00737e-07;9.81544e-09;5.26671e-09;0.999935;2.29219e-07;2.23995e-08;2.16111e-08;9.23656e-08;2.62775e-05;3.11816e-08
1.74959e-05;0.949602;1.67027e-07;0.000517668;0.00262952;2.47379e-06;4.00695e-08;0.000333502;1.41278e-06;2.07795e-06;4.18068e-06;0.00671528;0.000537084;0.0396371
0.00980909;0.0244861;0.0127485;0.00197162;0.00562905;0.0136867;0.0289344;0.0109045;0.000874945;0.0374431;0.00093362;0.0180985;0.016717;0.817763
3.86003e-09;5.52906e-11;1;5.86505e-10;7.04061e-10;1.37069e-11;3.30636e-10;2.08429e-10;7.89808e-09;9.57733e-12;1.87046e-10;4.02626e-10;9.03229e-15;5.29162e-10
4.86857e-05;0.000346718;1.94218e-05;0.000533233;1.49756e-05;4.27771e-05;2.75521e-07;0.000402203;0.0296293;3.85587e-07;0.00811956;0.959826;2.91898e-05;0.000987487
9.25601e-06;0.989406;3.69022e-05;7.56001e-07;4.59995e-07;4.61242e-06;1.33787e-07;4.08961e-07;3.6054e-08;2.3557e-07;1.05521e-06;3.20905e-05;0.0101857;0.000322988
1.04817e-08;7.01791e-05;6.46028e-07;1.2361e-09;0.00054479;1.4171e-07;1.19703e-11;0.999349;7.99561e-10;3.37231e-09;2.65024e-10;1.15176e-06;6.60559e-07;3.37239e-05
1.43725e-09;5.13944e-05;0.998855;6.15537e-07;0.000815523;0.000137656;5.57012e-12;1.23709e-06;7.37465e-11;1.71728e-07;8.85793e-11;5.66346e-05;4.93339e-07;8.10492e-05
1.86968e-05;0.0395353;0.000175299;0.00011112;0.000259197;0.000734031;9.59828e-05;0.220593;0.0109535;1.58813e-05;0.0217117;0.000276429;0.705485;3.49949e-05
