1.20253e-06;0.999697;5.05334e-06;1.02984e-05;1.19584e-07;2.03606e-06;7.68003e-06;9.24427e-08;6.14e-08;6.04437e-06;2.66388e-06;5.71019e-07;0.000263573;3.9984e-06
1.04692e-06;4.45445e-05;0.00124036;5.21837e-07;1.22161e-06;1.37615e-07;1.5884e-08;5.1499e-06;1.22826e-08;6.95621e-09;3.17216e-07;0.998608;2.08196e-05;7.7653e-05
5.42159e-05;0.967294;7.44609e-06;8.45523e-05;0.00511817;0.000288867;0.00278058;0.000730755;0.0126926;5.41125e-06;0.00628574;0.000776442;0.000241912;0.0036393
1.48193e-05;0.927288;5.48316e-06;2.43235e-06;4.7649e-05;6.1967e-06;7.55315e-06;3.21443e-06;7.22329e-08;2.00287e-06;2.05196e-06;7.55704e-05;0.0725354;9.57266e-06
5.45579e-06;0.00359604;6.3847e-06;9.72593e-08;3.31255e-06;2.84882e-07;1.10353e-07;0.00276684;1.30374e-05;3.31716e-08;7.07247e-06;0.993001;0.00055786;4.19748e-05
4.68372e-05;0.647984;4.46162e-06;0.000136027;0.00907869;0.00150374;9.30622e-08;0.335086;6.1045e-05;7.94628e-06;1.27651e-05;0.000461307;0.00291961;0.00269779
1.26823e-07;8.50945e-05;4.43045e-11;4.23682e-08;5.5906e-10;7.06969e-07;7.69062e-07;3.35162e-08;6.18173e-07;1.5819e-08;3.54678e-07;6.33257e-08;0.999912;1.18226e-09
4.88649e-07;0.00278242;0.997023;1.12074e-05;2.23892e-06;2.25764e-07;1.43476e-07;4.81803e-06;1.88483e-08;1.45095e-06;7.395e-08;0.000123144;4.97081e-05;1.61265e-06
7.31591e-09;0.999754;2.0367e-10;5.41002e-08;1.61552e-08;2.5555e-07;4.45987e-06;0.000117769;3.89924e-08;5.59305e-08;3.16586e-08;4.76521e-12;0.000121924;9.66224e-07
1.37838e-11;1.26258e-10;1;1.77238e-10;5.14796e-10;2.23881e-11;1.65886e-10;6.24649e-12;1.90089e-11;1.29753e-11;7.53904e-12;5.5e-09;2.81453e-12;2.59701e-11
8.98241e-08;0.000107888;0.997125;6.60798e-07;2.47271e-07;7.32313e-08;3.26073e-09;1.45379e-05;2.59934e-08;3.93773e-08;1.43406e-08;0.00274293;9.37433e-08;8.05475e-06
2.44839e-08;2.15304e-06;5.52961e-08;2.58989e-08;0.00613715;0.00211586;7.03974e-09;5.64709e-05;3.89098e-09;8.85476e-08;1.64931e-09;2.40757e-09;1.68504e-08;0.991688
5.06538e-08;3.84545e-05;0.345713;1.58955e-06;0.00582614;0.000500556;1.08979e-11;5.4357e-06;3.80013e-10;5.06061e-09;1.55356e-08;0.646161;0.000974336;0.000779307
4.84241e-11;0.999999;1.53374e-11;9.26056e-12;1.2187e-11;1.00213e-11;1.68573e-10;1.08593e-07;4.972e-13;1.65439e-10;3.44964e-12;1.03225e-11;1.50022e-07;3.22331e-07
1.94843e-06;0.205401;4.72401e-06;7.47583e-06;3.38352e-05;7.25718e-05;0.000584648;0.00298571;3.653e-05;1.39211e-06;0.000703858;1.76159e-06;0.790164;1.15983e-06
6.60807e-08;0.0083347;4.81977e-09;1.18296e-07;3.43514e-05;0.000116226;4.16284e-09;0.98325;5.81509e-08;3.60499e-07;1.97197e-08;2.11549e-08;0.00826263;1.13899e-06
1.67605e-10;1.97962e-09;1;5.21369e-09;2.46004e-09;4.75809e-10;4.28491e-10;1.96363e-11;6.00324e-12;3.02361e-09;1.54543e-11;1.45946e-07;1.53465e-11;3.59785e-09
1.30751e-05;0.000632861;8.81278e-05;1.23566e-05;0.000115229;2.18395e-06;2.18477e-06;0.00470777;0.000137935;9.3926e-07;0.000161151;0.994031;2.87857e-05;6.59339e-05
6.84396e-05;0.976961;1.76174e-07;3.57165e-06;0.000151987;7.75937e-05;0.000206105;0.0074356;0.000104293;9.9029e-06;0.000251304;1.88382e-05;0.0136888;0.0010227
9.4802e-05;0.000684783;3.2237e-07;0.000223005;0.988329;0.00842771;7.17244e-06;0.000342635;0.000430763;2.25373e-05;1.57053e-05;0.000144899;1.47345e-05;0.00126166
4.90086e-05;0.988056;9.97552e-09;4.92781e-08;8.08931e-08;1.64878e-08;9.48613e-09;0.000227003;7.80638e-07;3.057e-10;3.61015e-09;1.23353e-05;0.0116546;9.56326e-09
1.90724e-06;0.00125116;2.34601e-09;2.5762e-05;0.000285412;3.67077e-05;8.81747e-11;0.99453;6.21103e-08;4.3882e-07;5.88423e-09;0.00238446;0.00106653;0.000417672
0.000148084;0.998649;9.07805e-07;0.000137635;1.14161e-05;7.28037e-07;6.15133e-05;0.000168057;2.47199e-05;1.87971e-05;0.000303818;3.86232e-05;0.000416441;2.04116e-05
4.44245e-05;0.99825;1.00281e-05;0.000225878;3.27299e-05;3.22242e-05;2.16802e-05;3.30685e-05;4.33702e-07;3.63437e-05;1.11752e-05;7.30787e-05;0.001133;9.58132e-05
3.61342e-06;0.0011153;0.000313847;3.24871e-06;6.727e-06;8.64901e-07;2.4717e-09;0.000135773;7.5942e-08;7.61258e-09;4.00262e-07;0.998282;8.20012e-06;0.000129472
8.2053e-05;0.54098;3.79908e-06;2.68954e-05;7.88168e-05;0.0183374;0.00436464;0.0448215;0.000722301;1.22268e-05;0.00424683;1.97415e-07;0.386119;0.00020443
5.41936e-09;2.49864e-08;1;1.65212e-09;1.0054e-08;1.0307e-09;8.0804e-08;2.11258e-10;1.27875e-09;6.4386e-10;9.31546e-09;1.93773e-08;4.86311e-09;2.49422e-09
2.3909e-06;0.000179616;0.0136378;8.8448e-07;7.28304e-07;3.52135e-06;1.30629e-08;3.9685e-05;4.14795e-05;5.23398e-08;2.85026e-05;0.985929;0.000130989;5.43124e-06
2.03024e-06;0.023781;3.85535e-06;8.93844e-08;4.56893e-05;0.000114159;2.6273e-09;0.000599098;2.77531e-07;4.27765e-08;2.50486e-07;0.000123861;0.975087;0.000242909
3.78773e-05;0.569112;1.58991e-07;0.000115999;0.01034;0.00342261;3.58902e-07;0.0027121;0.000532741;8.37737e-06;8.95783e-05;0.0937924;0.318114;0.0017222
1.94383e-05;0.0448965;0.92461;1.20649e-05;0.000386044;7.06074e-06;1.74858e-08;0.0297176;5.234e-07;2.7284e-07;2.22566e-08;0.000160533;0.000176906;1.30767e-05
8.00292e-05;0.0504662;0.00014232;2.34477e-05;0.000202005;0.000138635;2.0726e-06;0.859593;0.000398094;5.01573e-06;5.06119e-05;0.000122489;0.0887738;2.27481e-06
