6.47052e-06;0.98574;0.0137089;2.23687e-06;1.529e-05;4.61783e-07;4.30834e-08;3.90434e-05;4.12574e-09;9.33638e-08;5.04711e-09;0.000210718;0.000207122;6.92198e-05
0.00116426;0.750356;3.52399e-07;0.000406312;0.00342537;0.000269879;0.000124555;0.12197;0.00019337;3.91091e-05;0.00024016;0.0290831;0.0915061;0.00122148
0.000133751;0.248603;2.08619e-05;0.000590382;0.000471173;0.00112502;1.06477e-06;0.0295127;3.41488e-05;8.78569e-06;0.000152797;0.700206;0.0182427;0.000897597
0.000442801;0.882817;3.09681e-09;1.86964e-05;8.89565e-05;9.63701e-05;9.95483e-06;0.100354;4.29087e-05;8.07318e-06;0.000169762;2.88897e-06;0.0144095;0.00153976
0.000189455;0.998618;8.86161e-09;5.60543e-08;7.37664e-09;4.7305e-09;0.00087476;2.44844e-06;2.88637e-07;1.74967e-05;1.53307e-07;6.8838e-06;0.000287969;2.40896e-06
8.35315e-12;1.11568e-10;1;3.16593e-10;4.00942e-10;4.27169e-11;2.78856e-10;2.24314e-14;4.06956e-11;1.56926e-10;5.33456e-12;9.80671e-09;6.68667e-15;4.6883e-11
0.000717635;0.0156037;3.25865e-06;0.00173983;0.000104776;0.00593811;0.00371706;0.0223047;0.253404;6.92064e-05;0.597272;0.00956687;0.0895516;6.86586e-06
0.000128206;0.00591901;5.9147e-06;0.00016534;0.000283567;1.69197e-05;0.00229796;0.000278538;0.00525509;1.42491e-05;0.0509375;0.101542;0.832418;0.000738374
4.74803e-06;0.382437;4.83374e-06;1.2657e-06;8.20507e-07;2.54097e-07;2.07333e-05;0.0242892;1.31482e-06;2.38164e-05;6.30061e-06;9.06433e-06;0.5932;6.61557e-07
1.3541e-05;0.0357519;2.84197e-07;0.000157973;8.63688e-05;0.0250291;0.00127727;3.77667e-06;0.000162308;0.0012531;0.000542812;4.60452e-05;0.906234;0.0294416
6.38276e-06;0.000278091;0.994563;2.16359e-05;4.50406e-07;5.96763e-07;0.00358005;2.79045e-09;1.96861e-06;0.00149416;1.93515e-06;4.39075e-05;2.30423e-06;5.71216e-06
4.44191e-08;1.62468e-10;0.999992;2.481e-08;2.62982e-08;8.5566e-09;1.42951e-07;1.26588e-10;1.12101e-07;7.79732e-09;1.36076e-07;7.52875e-06;9.88814e-09;1.09597e-10
5.94802e-05;0.0257533;7.32417e-07;1.52999e-05;0.00243137;7.31053e-05;2.28513e-05;0.88828;0.00818203;1.8483e-05;0.00198879;0.000666471;0.0724715;3.60671e-05
1.42488e-07;2.8244e-06;0.999843;8.86827e-08;3.24194e-05;1.2907e-08;4.54197e-09;8.18904e-05;6.3936e-08;4.14421e-07;5.91246e-07;3.64703e-05;2.99714e-07;1.50897e-06
2.63921e-07;0.999925;4.16789e-06;2.65507e-08;6.57455e-07;2.56724e-08;1.07045e-05;3.25786e-07;5.84672e-09;8.68989e-06;6.67159e-09;7.07901e-10;7.75645e-07;4.91714e-05
1.97631e-10;1.11429e-12;1;1.40613e-13;2.45732e-11;4.63875e-13;2.19968e-10;1.0075e-11;7.14864e-10;4.52491e-13;1.45445e-12;3.93605e-08;2.54492e-13;2.30519e-13
6.15073e-07;3.743e-06;9.04213e-10;1.46779e-09;4.27591e-07;3.28078e-08;2.59235e-08;0.998173;0.00147024;3.26545e-10;2.23719e-06;1.16468e-08;0.000349018;5.54712e-07
1.19384e-06;0.997395;1.84848e-06;1.15415e-06;6.95959e-07;7.67873e-07;1.05025e-07;0.001972;0.000276133;3.13096e-07;8.26949e-06;5.86681e-05;0.000277498;6.38288e-06
2.81981e-07;3.61928e-05;1.27581e-07;7.06575e-07;0.986222;0.0095515;2.19021e-09;0.000536749;1.52867e-06;2.54203e-06;1.01683e-08;2.09552e-05;7.72437e-05;0.00355053
7.2572e-06;4.48302e-06;9.53052e-10;4.93901e-08;1.0831e-06;9.04782e-08;7.92769e-10;0.998162;1.00052e-05;4.35141e-09;2.321e-07;1.63699e-06;0.00181344;4.60289e-08
2.45418e-05;0.0198153;8.84781e-07;1.65654e-06;7.39591e-07;2.48114e-08;7.45088e-07;7.50401e-06;5.08553e-05;4.68431e-07;1.81576e-05;0.979493;0.000155574;0.000430211
7.891e-07;0.999638;4.86766e-06;5.05558e-08;2.82706e-08;1.04704e-09;5.43892e-10;0.000205877;1.46733e-10;1.99446e-09;1.27818e-09;0.000113339;3.74364e-05;6.25913e-08
2.18311e-05;0.916228;2.17437e-06;5.48827e-07;1.28591e-05;1.25113e-07;3.00893e-07;0.0435012;4.70566e-07;3.73164e-07;1.13946e-06;0.0241895;0.0160406;1.0781e-06
3.50225e-06;0.744192;8.37547e-07;0.000859913;0.000530368;0.00388749;0.00015322;0.00571309;0.000651086;0.000988939;0.00355111;0.000202513;0.0969737;0.142292
5.49527e-05;0.0182665;0.171836;0.0601219;0.0193967;0.000130463;0.00418672;0.000123378;3.68571e-05;0.028565;0.00279747;0.244735;7.00244e-05;0.449679
1.36157e-09;8.98865e-10;1;6.78275e-10;1.13279e-11;4.64603e-12;6.77462e-08;8.92245e-11;1.6267e-10;3.90354e-10;5.41079e-09;4.85854e-08;1.24234e-10;6.47124e-13
2.34527e-06;0.000496775;8.40868e-07;1.17215e-05;9.90193e-06;2.10867e-05;1.03119e-05;0.000429726;4.97682e-05;3.01695e-07;0.00799979;5.82477e-05;0.990909;1.11652e-07
6.59825e-07;0.00998057;4.43288e-05;4.97397e-05;9.25428e-06;6.32475e-05;2.31036e-07;0.00150407;9.65882e-07;8.75295e-07;4.46372e-05;0.000400787;0.987858;4.23633e-05
1.69423e-05;0.896503;7.32143e-09;6.37345e-05;0.000157291;9.21483e-05;6.69508e-07;0.0549863;5.85209e-07;3.39841e-05;2.57016e-05;0.000371762;0.041946;0.00580147
9.79553e-05;0.0254624;7.735e-08;7.71784e-05;8.23022e-06;5.21771e-06;1.4858e-05;0.0219562;0.000274774;7.67869e-06;0.0133481;0.00169247;0.937039;1.55677e-05
1.6416e-05;0.997189;9.93568e-06;1.02856e-05;8.20299e-07;1.12478e-07;5.1486e-06;0.00250977;1.53769e-06;4.67245e-06;5.21787e-07;2.09124e-07;5.97915e-05;0.000192162
3.97941e-10;2.0386e-07;1;1.12141e-09;1.86866e-11;5.45463e-10;2.20013e-08;9.00591e-12;1.63063e-10;3.04217e-10;3.84264e-10;2.29364e-07;8.8513e-10;1.95925e-11
1.03088e-06;0.000476358;9.37513e-09;3.24501e-06;2.21836e-06;1.25149e-06;4.14217e-06;3.06351e-05;7.71875e-06;6.72232e-07;4.92022e-05;0.000508647;0.000122669;0.998792
9.73389e-07;0.59008;6.786e-07;1.0244e-06;0.000166021;3.55394e-06;1.38376e-07;0.401666;5.26934e-06;3.89541e-07;1.04402e-05;0.00331583;0.00464608;0.000103304
1.33705e-06;0.0407633;2.80687e-08;1.60057e-06;1.16631e-06;8.75157e-05;1.57514e-06;7.67431e-06;3.00261e-06;4.12936e-06;3.24305e-06;0.0024963;0.956394;0.00023502
9.89356e-07;2.4641e-05;0.997975;2.40765e-06;6.35194e-07;9.76624e-09;0.000138378;3.47965e-08;6.88948e-07;3.63106e-05;4.38668e-07;0.00181918;9.57362e-07;6.24962e-07
1.33317e-07;5.3672e-08;0.999968;3.47761e-08;6.39495e-09;2.03537e-08;1.99769e-05;1.44264e-09;8.33274e-06;1.27698e-08;3.2945e-06;1.44863e-08;1.48641e-08;5.3121e-11
1.01151e-05;0.90949;2.28217e-09;4.59766e-08;8.36046e-09;7.21352e-08;2.99534e-07;3.82112e-06;2.04612e-07;3.40589e-08;3.24177e-06;6.97148e-06;0.0904855;9.32544e-08
6.49877e-05;0.011829;6.20335e-05;1.40114e-05;0.0600301;0.000117223;2.39283e-08;0.195082;2.96873e-07;3.00777e-05;1.20785e-07;0.553005;0.000414429;0.179351
5.79847e-06;0.882276;9.23993e-08;0.00138058;0.000522364;0.0102941;1.63798e-05;0.01664;0.000908291;6.9386e-06;0.00513132;0.0245223;0.0561554;0.00214058
2.18752e-05;0.066509;3.74449e-07;0.00020314;0.000438473;7.57655e-06;1.79041e-05;8.19765e-05;4.7698e-07;4.85033e-05;1.88451e-05;0.000545876;0.930906;0.00119953
0.00354845;0.00371023;6.36119e-07;0.124654;0.662084;0.0595696;9.37915e-07;0.0532503;0.00303945;4.46781e-05;0.00322275;0.0697978;0.0167569;0.000319418
0.00258578;0.386921;1.37685e-07;2.30797e-06;4.33654e-07;4.21565e-07;2.38637e-07;0.000379672;2.27245e-05;1.53178e-07;1.36234e-05;9.92162e-05;0.609974;9.13131e-08
1.10843e-06;0.033196;4.16175e-10;4.33228e-08;7.16955e-05;2.34707e-05;4.76233e-06;1.47136e-06;5.33556e-08;9.64768e-05;3.30909e-10;2.76303e-09;8.55535e-06;0.966596
1.59003e-12;5.75728e-16;1;6.08437e-14;7.29239e-13;6.66776e-15;2.92524e-13;4.77145e-14;5.30533e-12;1.2344e-13;2.28558e-14;1.59547e-10;2.78739e-17;5.00062e-15
7.28328e-06;1.41437e-05;1.06605e-07;2.01234e-05;7.58037e-08;9.77179e-07;3.22288e-06;0.000334203;0.991374;1.03376e-07;0.00809158;1.33047e-06;0.000152267;1.82583e-07
0.000857788;0.994025;1.11878e-06;1.38386e-06;2.18242e-07;1.27861e-08;1.35942e-05;0.00108935;0.000378045;1.0618e-06;5.11972e-05;0.000466341;0.00311494;3.75879e-07
1.84582e-08;2.31935e-05;8.20161e-10;2.85935e-09;1.01823e-05;2.77749e-11;5.44383e-10;0.999958;1.15949e-07;6.92255e-10;5.25666e-10;8.31438e-06;5.5884e-07;6.29176e-09
1.26296e-07;9.47772e-05;0.999864;9.87836e-07;2.69746e-06;2.8237e-08;1.16201e-09;1.81697e-08;3.14948e-09;4.54939e-06;7.1389e-10;1.85697e-06;2.43391e-07;3.09959e-05
0.00148538;0.00494473;7.35854e-05;7.9095e-05;0.000321036;0.000615477;0.00711414;0.00484719;0.904699;0.000150548;0.0623893;0.000885887;0.0121601;0.000234854
