1.18709e-05;0.76572;6.24476e-10;3.61889e-06;1.84511e-05;1.87096e-06;1.93279e-07;0.232405;3.22813e-05;2.09282e-07;9.10043e-06;5.41988e-05;0.00171016;3.27071e-05
3.33013e-05;0.60482;0.00614716;0.000476621;0.000991718;0.000712932;2.72223e-06;8.6156e-06;2.01164e-07;0.000332484;1.9082e-05;0.346428;0.0329333;0.00709414
4.3978e-05;0.00389319;1.99098e-05;1.62788e-06;1.6469e-06;6.39158e-07;7.44468e-06;0.000261518;5.14709e-05;8.00815e-08;0.000133828;0.995483;0.000101336;6.99537e-07
1.09082e-05;0.00144887;5.26759e-07;9.02563e-07;0.00324628;8.84529e-06;8.23795e-08;0.994364;2.72833e-06;1.92056e-08;8.75871e-07;7.61535e-05;0.000832638;6.91592e-06
2.75547e-05;0.857878;1.59318e-05;8.7149e-05;0.000201488;1.56402e-05;3.29077e-06;0.00476664;6.35067e-06;1.21832e-06;1.2214e-05;0.0885613;0.0479858;0.000437034
2.08173e-05;0.859147;1.37173e-06;8.30868e-05;9.43294e-06;7.11983e-05;2.62038e-08;0.133311;1.72577e-06;3.17664e-07;8.10449e-07;0.000936948;0.00613284;0.00028338
8.23645e-07;0.988921;2.81218e-10;3.74353e-07;5.97074e-07;1.01937e-06;1.49049e-05;0.00625978;4.71749e-08;1.16187e-05;3.00485e-07;8.97425e-11;0.00477608;1.3314e-05
5.2943e-09;1.75249e-11;1;3.83775e-09;3.39193e-08;5.74351e-09;1.44514e-10;7.65762e-12;7.11458e-11;5.89979e-10;1.79253e-11;2.03739e-08;1.96254e-11;2.0784e-09
1.03275e-05;7.39581e-05;0.99924;1.05257e-05;5.82634e-06;6.89637e-06;1.30329e-07;7.99914e-05;1.7809e-06;1.5484e-07;5.97522e-07;0.000488088;5.60177e-07;8.12021e-05
7.77545e-08;1.1644e-05;2.33258e-06;2.59717e-07;9.67151e-06;0.000466492;1.66215e-11;1.74941e-07;6.4662e-09;3.74497e-08;8.03858e-09;0.000231061;8.74351e-07;0.999277
2.07692e-06;0.0011125;3.03367e-11;3.8003e-09;3.02553e-07;5.75961e-07;1.24499e-09;0.00450158;8.89737e-08;2.34478e-10;2.56977e-07;1.529e-07;0.994366;1.63244e-05
6.63875e-07;0.293896;1.48992e-07;5.66874e-09;7.43169e-08;5.95275e-09;1.44572e-06;3.14193e-07;1.08788e-10;6.11042e-06;1.64193e-10;6.24731e-08;8.14568e-06;0.706087
6.26586e-13;5.45457e-10;1;7.6182e-11;1.15444e-10;2.57741e-11;1.15497e-10;2.97011e-13;2.50784e-13;2.03296e-11;4.64799e-12;2.66989e-08;3.28731e-13;4.77384e-12
3.91281e-06;0.463957;4.81229e-08;2.41684e-05;2.36744e-06;2.11446e-05;7.18374e-05;0.000148962;2.74785e-05;6.64228e-07;0.000315995;1.7844e-06;0.534899;0.000526166
1.34128e-06;0.968398;6.89166e-06;2.13967e-06;1.41128e-06;3.58531e-07;3.01686e-05;0.00262582;3.02913e-06;3.16787e-06;3.13871e-05;0.0257831;0.00311328;1.93464e-07
1.14721e-06;0.0155697;4.62768e-07;0.000763589;0.00569498;0.0141733;1.1151e-05;0.000604756;2.39605e-05;5.61036e-05;0.000333516;0.000270591;0.00377256;0.958724
0.000431983;0.0437935;2.20091e-06;0.000138011;6.30413e-07;2.15406e-05;0.0001089;0.00658714;0.00182192;4.96569e-06;0.00225105;0.0198324;0.924871;0.000134758
0.000166624;0.0105454;7.8407e-05;5.32917e-06;0.000685508;0.00054496;1.87692e-07;0.882754;4.4419e-06;1.77078e-05;2.50993e-06;4.24123e-05;0.000848581;0.104304
1.04202e-07;0.000630535;1.92141e-05;8.14782e-06;0.000142721;0.000257542;3.08954e-08;1.42529e-05;1.23419e-06;5.73564e-07;1.73957e-05;0.997048;4.55301e-05;0.00181432
2.33278e-05;0.287319;2.82936e-05;4.6722e-06;0.0010363;0.000141203;6.85899e-06;0.238096;1.96954e-05;5.14215e-07;1.04611e-05;0.000449431;0.472228;0.000636007
0.000345787;0.252893;0.00751738;0.000301283;0.0374664;0.000457477;8.53583e-06;0.00539882;0.00117488;1.76463e-05;0.000895553;0.570839;0.092866;0.0298182
2.83216e-05;0.0010909;1.03782e-06;1.63423e-07;0.00539051;9.75665e-05;5.39554e-08;0.946677;0.00069334;1.44132e-07;1.10876e-05;0.000413737;0.0455874;8.67207e-06
4.89979e-05;0.995781;5.48044e-10;2.75143e-06;7.68572e-06;4.47222e-07;1.04458e-05;0.0017428;0.00112991;8.31277e-06;0.000473293;3.29602e-05;0.000746453;1.50174e-05
0.000211891;0.999019;1.11468e-06;7.07931e-06;4.24128e-05;6.17546e-07;3.44571e-07;2.36639e-05;1.01894e-06;5.75072e-06;3.05555e-07;0.000264299;0.000111626;0.000310475
1.60324e-05;0.999129;1.13931e-10;5.83794e-09;1.40768e-08;9.92273e-10;0.000502473;2.86308e-07;1.84954e-07;2.84931e-05;1.06741e-07;3.01729e-10;9.05548e-08;0.000323191
3.03465e-09;1.50973e-09;0.999985;3.58774e-09;1.36362e-07;7.57456e-09;4.65729e-07;1.16376e-10;7.14031e-08;1.2246e-08;3.44412e-08;1.45447e-05;4.03413e-13;9.83215e-09
1.69538e-05;0.992872;4.9976e-08;1.77278e-06;1.56436e-06;5.73054e-06;1.98067e-05;0.000271883;0.000365561;1.10453e-07;0.000281445;1.78204e-05;0.00604559;9.9722e-05
1.53293e-06;0.181703;2.3947e-06;3.95891e-08;1.51279e-08;3.00382e-07;4.08369e-08;1.30923e-06;3.72837e-09;7.18658e-09;4.46586e-08;0.806766;0.0115243;8.8612e-07
1.43015e-05;0.00831085;1.26247e-07;3.42005e-07;8.24854e-05;6.39106e-05;8.37202e-08;0.22301;2.5629e-05;9.08744e-09;3.10545e-06;0.0194577;0.748934;9.7414e-05
5.55423e-06;0.850486;1.45782e-05;9.4722e-05;2.01097e-05;0.00035967;6.53779e-07;0.00234518;0.000438288;6.65407e-06;4.90467e-05;0.00700961;0.13799;0.00118001
1.12064e-05;0.977433;0.00105516;6.8418e-05;0.00228071;3.44629e-06;1.32136e-08;0.0156457;3.02611e-06;1.18051e-06;7.69445e-07;0.00320906;5.97533e-06;0.000282518
0.000573827;0.204845;0.257692;0.000230414;0.00338611;0.000623269;5.87722e-05;8.8842e-05;6.14998e-06;1.2336e-05;0.000269597;0.32468;0.20024;0.00729369
0.00238427;0.0442139;3.54942e-07;5.84613e-06;0.000162087;9.00035e-05;0.0010926;0.701582;0.0375804;1.89918e-06;0.0241347;0.0126582;0.173025;0.00306866
0.000152403;0.0236363;0.00569124;1.00603e-06;0.000558689;8.38281e-05;3.48969e-08;0.629125;5.32052e-06;2.85557e-07;7.78903e-07;0.32995;0.000143462;0.0106517
3.2354e-06;0.416681;1.15675e-05;1.10697e-06;6.0281e-05;0.00151752;1.37851e-08;0.504173;4.85689e-07;1.55929e-07;2.93738e-06;0.0631585;0.0080011;0.00638916
2.50207e-05;0.183112;4.61561e-05;2.54314e-06;2.41349e-05;9.9635e-07;3.04535e-06;0.0720767;3.05702e-06;1.47479e-06;7.56297e-05;0.71577;0.0288506;8.41565e-06
3.05174e-06;0.975989;2.40141e-06;4.81823e-07;0.000287022;1.39708e-07;5.28911e-07;1.51444e-05;6.04608e-07;8.57603e-07;6.00888e-07;0.00558121;0.000821893;0.0172972
0.000433955;0.347632;1.40823e-09;2.19801e-06;0.00104321;0.000289976;1.95181e-05;0.417109;0.000658313;3.32972e-06;3.23443e-05;0.00331201;0.229146;0.000317959
4.05399e-05;0.00517899;9.66199e-08;1.36246e-05;0.000499603;3.33053e-05;2.29843e-07;0.927364;3.93528e-05;3.11371e-07;3.20129e-05;0.0112841;0.0554725;4.12431e-05
1.70126e-05;0.999355;1.19019e-08;2.37731e-06;1.71608e-07;2.32111e-09;6.39603e-06;0.000453459;1.03621e-05;2.92854e-07;4.53437e-06;1.13382e-05;0.00013738;1.33697e-06
5.62492e-06;0.888417;3.98585e-08;0.000935704;0.000354753;2.22609e-06;1.29859e-06;0.0545644;1.61609e-05;4.77768e-05;8.05374e-06;0.0555471;6.9864e-05;2.96548e-05
8.3055e-05;0.00808441;0.0109814;0.00315349;0.000576736;0.000884175;4.91109e-05;2.88644e-05;1.8367e-06;0.00232498;0.000329601;0.965559;0.000387728;0.00755512
3.99011e-05;0.998122;1.29948e-10;2.02676e-06;1.01116e-07;1.04963e-07;0.000112598;4.73628e-05;9.81222e-06;2.1871e-07;0.00137598;1.42414e-05;0.000268134;8.12696e-06
7.44899e-05;0.960987;3.6786e-05;0.000640046;0.0288495;4.50095e-05;5.77718e-08;0.00640998;7.8275e-06;1.27809e-06;4.01469e-06;0.000704977;4.15096e-05;0.00219783
1.39529e-05;0.98439;0.00025706;4.43998e-05;2.85166e-06;8.53183e-05;8.12634e-07;1.11409e-07;4.77846e-08;2.77777e-06;1.1325e-05;1.84799e-05;0.0151288;4.41629e-05
1.34419e-06;0.000312607;4.82078e-07;1.83625e-08;4.67717e-07;7.17579e-09;1.53152e-08;0.00663908;8.87717e-08;1.63936e-09;9.64759e-06;0.992908;0.000128038;3.62035e-07
4.34689e-06;0.00130104;2.76506e-08;1.14298e-05;0.154013;0.00012301;2.28278e-06;0.843591;1.00784e-05;9.38621e-07;5.91968e-05;7.78856e-05;0.000237004;0.000569427
1.35145e-05;0.0297208;0.960702;0.000114137;0.000283805;0.000160907;6.05587e-07;1.13838e-05;5.62361e-08;7.29627e-06;6.86149e-07;0.000314954;0.00038673;0.00828278
0.000250129;0.777958;1.10303e-07;7.89014e-06;1.52096e-05;4.25824e-06;0.000183771;0.0237978;0.000272986;7.05782e-07;0.000588371;0.000231892;0.196569;0.000119669
8.19138e-05;0.0571842;2.41513e-05;1.19291e-05;0.0121923;0.00272984;4.02785e-09;0.864432;3.97073e-06;1.56967e-06;6.38855e-07;0.0418113;0.0163901;0.00513631
1.43841e-06;0.997227;2.78011e-10;5.98585e-07;6.63701e-08;6.94653e-08;0.00117313;1.87266e-05;3.91135e-07;0.00013165;5.01895e-07;4.54531e-08;0.000105427;0.00134064
3.30083e-11;6.25831e-13;1;2.00304e-12;2.75959e-10;1.94218e-11;7.20451e-11;1.29527e-12;2.49221e-12;3.5341e-12;1.09951e-12;2.93198e-08;8.71719e-13;1.9685e-14
2.82222e-07;0.000113135;2.72205e-06;6.02326e-09;3.08408e-09;4.94664e-09;0.999815;3.04243e-07;1.42602e-05;4.92555e-05;4.32217e-07;2.20655e-09;6.79236e-08;4.65449e-06
2.32507e-11;1.05206e-11;1;3.58402e-10;1.33234e-09;4.25313e-10;1.83312e-09;1.82749e-13;2.91663e-09;7.35896e-11;5.3769e-11;1.58649e-08;3.58259e-14;1.97768e-10
2.97668e-06;0.00363721;1.11788e-06;1.76605e-08;8.77127e-09;1.68364e-07;2.5972e-06;0.00014298;1.47828e-06;1.46877e-08;8.93849e-08;3.71228e-06;0.996208;3.84801e-08
9.40696e-08;0.000485224;0.00014678;8.71873e-07;9.99402e-07;1.53298e-06;1.02736e-07;3.63851e-06;6.71194e-06;1.59388e-08;3.06557e-06;0.999292;4.73799e-05;1.11783e-05
5.09133e-06;0.995271;1.09473e-08;7.94108e-05;0.000183126;5.68956e-06;5.15819e-06;0.000359394;5.72989e-07;1.6432e-05;2.08841e-06;0.000112667;9.21732e-05;0.00386692
6.48105e-06;6.36341e-05;6.56489e-09;1.14264e-07;4.37594e-06;2.97202e-09;1.98253e-06;0.999647;2.50782e-07;4.34306e-07;1.6737e-07;0.000262923;1.20151e-05;7.30842e-08
2.15005e-07;1.68992e-07;0.999995;1.3279e-06;1.02064e-06;2.59152e-07;1.39293e-09;2.62762e-08;1.024e-08;2.34708e-07;2.2745e-08;1.408e-06;2.25898e-09;8.02704e-07
1.55473e-06;0.00880169;2.37779e-08;2.44576e-09;7.12673e-12;4.30391e-10;0.990085;8.25316e-09;8.13239e-07;0.00110893;4.75544e-07;8.22349e-14;2.84308e-07;1.36138e-06
1.24886e-13;4.76301e-15;1;7.06196e-13;2.49937e-12;2.27535e-12;4.02536e-11;1.46012e-16;3.39468e-12;4.56199e-12;3.93262e-13;3.77891e-11;5.57749e-16;2.57458e-14
