4.64441e-07;0.999847;1.79783e-05;3.09796e-07;1.29761e-06;3.73905e-09;2.07349e-09;3.28267e-05;3.77875e-09;1.54218e-08;2.08718e-09;5.06978e-05;5.38204e-07;4.84479e-05
2.75852e-06;5.12171e-06;8.22083e-12;6.14999e-09;1.47134e-06;6.25083e-08;5.69343e-09;0.999972;1.97443e-06;1.17358e-08;2.4377e-08;1.44951e-09;1.48967e-06;1.48076e-05
8.59871e-05;0.00785744;1.58079e-06;5.51981e-05;0.000119616;2.11077e-06;2.20018e-05;0.84138;0.00416871;1.89079e-06;4.29798e-05;0.145814;0.000434966;1.39205e-05
6.87104e-05;0.734711;0.00511631;0.000233387;3.2155e-06;1.97521e-05;1.72868e-07;1.37943e-07;1.60236e-07;6.92784e-07;3.39344e-06;0.000199525;0.259535;0.000108334
2.69452e-05;0.123246;8.20001e-06;3.46129e-07;8.6319e-07;3.43905e-08;4.27704e-07;0.0411313;1.96686e-07;5.12107e-08;4.2123e-05;0.82635;0.0091929;1.82094e-07
7.04839e-07;0.415913;2.8539e-05;2.09073e-05;0.0181484;0.0468474;5.51376e-07;0.0819954;2.46523e-07;6.90573e-06;6.27642e-06;0.242088;0.182613;0.01233
2.7934e-07;0.000244098;5.31884e-08;8.01331e-07;1.56136e-06;3.26979e-05;1.18424e-08;1.1285e-05;3.46131e-08;9.79009e-09;2.16759e-06;0.00672751;0.992936;4.29028e-05
3.64896e-05;0.0531927;4.26217e-05;9.46882e-07;1.31949e-06;5.09269e-06;5.56932e-07;0.0642115;1.15984e-07;3.4638e-06;4.41797e-06;0.00398479;0.878495;2.0513e-05
6.72462e-11;1.13292e-09;1;7.96608e-10;2.00161e-08;8.8789e-10;1.5376e-10;4.55438e-09;9.43447e-12;2.42897e-10;2.40987e-10;2.31371e-07;1.63874e-09;1.16008e-09
7.60669e-10;1.08613e-07;0.999983;6.32776e-08;1.31792e-08;1.6067e-08;4.70325e-10;4.0895e-06;1.09161e-09;2.01255e-09;1.23267e-08;1.26384e-05;2.69021e-08;1.3537e-07
2.19564e-09;8.823e-06;1.65089e-05;1.36577e-08;5.13417e-06;0.000206747;1.27234e-12;9.48203e-08;1.31069e-12;2.01507e-08;6.82614e-11;8.15521e-06;6.90359e-07;0.999754
3.80152e-08;0.0229095;7.28215e-12;1.61098e-08;7.25154e-08;6.7918e-07;2.4775e-09;2.76301e-05;3.5723e-08;6.50256e-10;1.27864e-06;9.88311e-07;0.97706;1.98373e-07
1.71493e-05;0.000298316;5.75113e-11;3.61575e-07;2.07456e-07;5.77468e-07;5.69726e-08;0.963969;4.85059e-06;6.68684e-08;7.57738e-07;1.02839e-07;0.0357087;8.34026e-08
2.33375e-05;0.536655;0.00238879;0.000140244;3.27466e-07;1.20193e-05;1.97255e-06;0.000346785;3.34627e-07;1.99962e-05;6.05813e-06;0.430877;0.0294687;5.8701e-05
5.48176e-07;0.97244;4.7904e-12;1.41282e-07;1.38102e-07;6.3605e-09;0.0264241;5.82543e-07;5.7184e-08;0.000127695;4.13855e-07;2.62358e-10;1.26106e-07;0.0010066
1.25377e-06;6.41183e-05;0.999837;1.04141e-07;5.5362e-08;1.81999e-07;1.47333e-05;9.87451e-06;6.99037e-08;6.24275e-07;4.64585e-07;1.43347e-07;7.09747e-05;1.78163e-09
1.27765e-08;8.88077e-08;1;2.42197e-09;5.14199e-09;6.08074e-10;9.47825e-08;1.60761e-10;6.606e-10;5.17385e-10;5.83186e-10;1.98225e-07;1.05628e-08;8.72301e-11
1.08771e-06;5.09287e-05;0.99118;1.53246e-07;2.54256e-08;2.51473e-07;6.83312e-09;2.51478e-06;1.84022e-07;1.9572e-08;1.76373e-08;0.00876197;8.36875e-07;1.90769e-06
3.35222e-07;0.000523752;4.64781e-07;8.5764e-09;7.05808e-05;0.00187238;5.83279e-06;4.71749e-07;6.03982e-08;3.64512e-06;1.1948e-08;2.11577e-11;7.61421e-07;0.997522
2.30856e-11;2.91296e-11;0.999999;2.77848e-12;1.12971e-06;1.3341e-09;2.64747e-13;2.66327e-11;1.83762e-13;1.61764e-12;3.69523e-14;3.21171e-08;1.45642e-14;1.64184e-08
7.79162e-08;2.80057e-06;1.16156e-07;6.65276e-09;5.56238e-05;7.85526e-06;1.3975e-10;0.999925;1.78602e-06;2.30126e-10;4.78913e-09;7.16096e-07;3.28562e-06;2.22625e-06
3.82467e-05;0.281051;0.00192825;2.85357e-07;0.00680655;4.14815e-06;1.21148e-07;0.693581;9.33995e-07;2.83022e-08;1.60801e-07;2.45735e-05;0.0072852;0.00927929
3.18647e-07;0.0554653;4.3626e-09;1.39979e-08;2.36372e-05;2.37438e-09;1.62791e-09;0.944499;1.57628e-07;1.74665e-09;1.41997e-08;1.3194e-06;9.45957e-06;7.2901e-07
3.24532e-06;0.220298;0.256794;1.21784e-05;0.017364;0.000371758;5.42082e-09;0.000131743;3.77093e-10;8.04732e-07;8.70395e-09;0.474898;0.0287412;0.00138566
2.89137e-07;0.576217;1.3599e-06;6.51335e-06;6.1215e-06;0.000662911;5.7614e-08;0.00475221;1.1801e-07;1.79285e-08;1.57495e-06;0.153845;0.00149994;0.263007
5.86808e-08;0.999772;3.99885e-10;1.04162e-09;1.75265e-08;3.26178e-08;2.8992e-09;1.31372e-06;2.02122e-10;1.83034e-10;1.77716e-10;8.49854e-05;0.00014173;6.08566e-08
2.37142e-07;0.000576678;2.06786e-07;1.32544e-07;6.89274e-05;0.00249535;1.9541e-10;6.26746e-05;2.47481e-08;1.02927e-09;4.05287e-09;0.00154016;0.00015325;0.995102
3.46973e-07;0.996205;4.12501e-08;5.11471e-09;2.65948e-08;2.30884e-08;8.58107e-07;4.23677e-06;3.71948e-09;9.7717e-08;5.87612e-09;1.29925e-09;0.00378228;6.76007e-06
3.06883e-10;1.53872e-08;1;9.45943e-09;6.90344e-09;6.91781e-09;2.88539e-09;1.57856e-13;8.04848e-11;2.50986e-10;5.49247e-10;5.00956e-08;1.00465e-10;7.61042e-10
0.000105245;0.670134;0.03269;0.000186281;6.93346e-05;0.00218443;9.46332e-06;0.0322927;3.85558e-06;9.46845e-05;4.22536e-05;0.0763892;0.0143861;0.171413
9.57309e-09;1.89747e-05;1.90454e-09;6.75936e-07;3.50145e-06;0.000343404;1.07961e-07;1.51343e-05;2.93117e-08;4.01201e-08;2.29629e-05;3.96539e-09;0.999592;3.26011e-06
1.82334e-06;0.00274096;3.48176e-07;1.70407e-05;4.38832e-06;2.31569e-05;8.30805e-09;1.96146e-05;1.29455e-07;1.7406e-07;2.81474e-06;0.992653;0.000634083;0.00390219
9.84022e-07;0.97497;0.00296458;3.25376e-05;3.87298e-06;9.29625e-06;9.93458e-07;4.98127e-06;2.44393e-09;4.17285e-07;4.0569e-07;0.000438291;0.0215718;2.00867e-06
5.02242e-08;0.101168;1.13691e-13;1.5134e-08;2.71562e-08;2.03904e-06;7.38562e-08;3.22053e-07;2.83029e-10;3.10666e-08;2.29679e-09;6.15338e-10;0.898826;3.36737e-06
1.44732e-06;0.00062768;0.976328;7.86473e-06;1.46902e-05;9.42231e-06;2.99123e-07;5.81037e-06;6.43996e-09;2.88201e-05;2.90699e-08;0.00118078;0.00181589;0.0199795
1.60855e-05;0.00156017;7.56871e-09;0.00014181;0.000230625;0.541934;0.000377571;0.000103489;0.0010768;8.94175e-05;0.00626959;4.92588e-08;0.0650594;0.383141
0.000142489;0.00572648;0.932777;3.1559e-05;3.73937e-06;4.18729e-06;6.98258e-06;6.08949e-06;1.17159e-06;1.13852e-05;1.32053e-06;0.0604112;3.60305e-05;0.000840084
1.08152e-05;0.995357;8.46377e-10;1.27833e-06;8.04322e-07;5.25993e-07;1.3134e-06;0.00367532;0.000294199;1.17283e-08;9.21737e-05;0.000284418;0.000240515;4.17633e-05
4.88046e-06;0.998112;1.12945e-07;3.01528e-08;1.96873e-08;2.77235e-08;1.89262e-07;2.97162e-06;7.27063e-08;2.75923e-08;8.35942e-08;0.000288301;0.00159077;7.90786e-07
1.74026e-06;0.000789704;1.54156e-07;7.41664e-05;0.00043039;0.000657385;1.49641e-07;0.000511526;8.60841e-05;3.05378e-07;2.58111e-05;0.661793;0.000114887;0.335514
2.2838e-06;0.9982;7.12979e-07;3.03723e-08;2.82443e-08;1.16928e-10;3.8022e-07;0.00170083;1.88795e-08;2.22026e-08;9.87847e-08;6.72152e-07;9.54251e-05;7.57748e-09
5.34711e-06;0.00772585;0.0989453;0.000232995;7.25333e-05;0.000134506;2.19266e-07;3.69509e-07;4.32447e-08;9.39191e-06;2.87751e-06;0.881606;0.0111881;7.64843e-05
7.75895e-05;0.924437;1.17226e-05;6.35834e-05;0.00035951;6.56966e-05;0.000108626;0.0348979;6.56674e-05;7.16678e-06;0.000227729;0.000448479;0.0385218;0.000707429
7.86318e-08;0.999511;1.11731e-10;1.05361e-08;3.20096e-05;6.05668e-08;1.10451e-05;1.69708e-05;2.12295e-08;9.08674e-07;3.76134e-10;1.1715e-07;2.50629e-06;0.000425341
1.55217e-11;4.61727e-12;1;6.09729e-13;2.63596e-11;3.52542e-14;3.33316e-10;1.57274e-12;2.65182e-12;2.02067e-12;1.99754e-13;1.36458e-09;2.28182e-14;3.18018e-14
0.0001292;0.00566116;2.36429e-08;1.42321e-06;3.30683e-05;8.43195e-06;0.00658158;0.961303;0.0224378;8.84926e-06;0.000870487;4.09927e-08;0.00273133;0.000233857
7.24005e-11;2.35263e-10;1;2.0548e-11;6.4764e-11;2.30589e-12;2.2438e-10;7.51208e-13;2.272e-11;2.19605e-11;2.28847e-12;1.33676e-07;2.95749e-12;2.11564e-11
1.4727e-07;1.98876e-05;0.998006;5.66771e-08;5.26892e-08;9.89873e-09;2.07592e-08;1.37871e-05;1.27852e-06;1.55281e-08;8.25883e-08;0.00195728;8.07153e-07;6.18991e-07
2.30569e-06;0.000678227;0.000161363;3.46391e-06;0.0239573;0.196049;2.05264e-08;7.42911e-06;4.90792e-06;2.93608e-06;7.43385e-07;1.17536e-06;9.20649e-05;0.779039
0.000126158;0.0389605;0.114697;4.39396e-06;0.234664;0.000252717;5.46778e-09;0.0193956;2.15552e-06;2.26801e-06;4.61665e-07;0.59018;0.000312841;0.00140161
2.12072e-07;0.985966;5.36903e-11;2.67073e-09;4.97094e-06;2.57871e-08;5.98078e-08;0.00255315;2.56485e-08;9.01725e-08;2.89986e-10;5.90791e-10;1.35513e-06;0.011474
0.000149527;0.340653;0.000356973;1.21794e-05;8.23738e-05;3.9847e-06;0.000645329;0.617382;0.00179196;7.20609e-07;0.00028264;0.000800827;0.0378364;2.66272e-06
2.10161e-07;0.892372;1.15526e-12;5.9886e-08;1.57043e-06;6.65769e-07;8.92444e-10;0.00190947;1.90581e-09;2.62952e-08;2.64141e-09;1.23551e-05;0.105651;5.24628e-05
1.74027e-07;0.00192082;3.832e-11;8.25103e-07;5.2881e-06;1.66961e-05;3.43236e-08;9.17677e-06;2.58047e-09;1.70379e-07;3.55652e-07;0.000250636;0.997796;2.23418e-07
0.00024263;0.00040623;0.989618;0.000699492;0.00498901;4.69457e-05;0.00119028;7.46791e-06;2.0334e-06;5.02543e-05;4.81639e-06;0.000345103;1.30709e-05;0.00238448
0.000328344;0.338669;2.89479e-05;0.000323211;2.0989e-06;7.23538e-05;0.000128872;6.03503e-05;0.00109107;1.45163e-07;0.00142087;8.04108e-05;0.657735;5.9351e-05
3.33931e-05;0.968848;9.80632e-08;2.35279e-05;2.24025e-06;6.29642e-05;1.06655e-07;0.0296134;9.06748e-06;3.78024e-06;5.61575e-06;1.26934e-05;0.000301363;0.0010834
7.73902e-07;0.000121498;6.24807e-10;5.2439e-07;1.56875e-06;5.71815e-07;2.81845e-07;0.000158646;2.3166e-06;1.5504e-07;6.14243e-05;3.81106e-06;0.999648;1.57575e-07
4.93317e-06;0.000483209;3.71345e-09;1.0563e-07;1.08619e-07;3.38274e-09;3.43601e-09;2.01318e-07;6.5291e-07;9.89694e-09;8.4339e-07;0.99948;2.85499e-05;1.23882e-06
2.28469e-07;0.99997;1.01398e-07;2.18495e-07;4.30433e-08;1.25369e-10;1.76567e-09;1.8221e-05;4.40201e-09;2.53102e-09;2.04008e-08;6.86261e-06;4.17096e-06;6.50653e-09
1.56082e-06;0.00146907;8.68049e-06;5.29775e-06;3.83904e-07;3.79053e-06;1.0027e-08;1.4548e-08;1.92224e-10;1.70573e-07;8.74277e-08;0.000411767;0.998097;1.80418e-06
1.9035e-06;0.00401954;1.06483e-09;1.29955e-06;4.26493e-05;2.28853e-08;9.60403e-06;0.995246;8.48075e-06;8.01907e-08;0.000121861;0.000135251;0.000387341;2.64536e-05
2.72049e-07;0.00396445;0.974986;1.01123e-05;0.00272917;1.27822e-05;1.80007e-09;0.000140466;2.13111e-10;4.50314e-06;3.08889e-09;0.000424265;0.000115418;0.0176129
9.28339e-05;0.165585;1.16762e-06;1.29478e-06;1.06038e-05;0.000138525;0.000480796;0.0170072;4.33109e-05;2.43473e-05;0.000106788;1.18381e-07;0.815874;0.000633787
2.27845e-11;4.20482e-11;1;1.69697e-11;8.80063e-11;5.12913e-12;3.38238e-11;1.26838e-12;9.63631e-13;9.95567e-12;2.16867e-12;1.00409e-08;1.54672e-11;1.60749e-11
1.08511e-08;1.30901e-07;0.999835;5.3379e-08;9.82442e-08;9.22353e-08;4.24769e-10;5.89341e-05;6.41027e-09;6.48293e-09;1.03315e-08;0.000103281;2.66949e-08;1.98137e-06
3.62031e-10;7.23829e-07;2.19106e-07;3.13028e-09;1.54972e-06;2.80126e-05;2.55192e-13;5.4494e-09;6.00549e-12;5.99362e-09;2.29105e-11;1.13592e-06;1.33563e-07;0.999968
1.74852e-08;0.00124402;5.29751e-11;2.97013e-09;4.00087e-08;1.28332e-07;3.71055e-10;9.39641e-05;2.04765e-08;8.12886e-11;1.17671e-07;5.52795e-06;0.998656;4.80656e-08
1.79853e-07;0.999911;5.25234e-10;2.71347e-09;2.88129e-10;2.35287e-10;2.87411e-08;8.58587e-07;4.55905e-11;3.68978e-09;1.22382e-10;3.56667e-07;8.57877e-05;1.42102e-06
2.53269e-08;3.75592e-05;1.36171e-06;2.9082e-05;0.0074644;0.000176526;2.36278e-08;0.000761869;1.23011e-07;4.63857e-07;8.09279e-08;0.990396;2.02573e-05;0.00111193
1.161e-06;0.0345428;0.00209599;8.8264e-05;5.54232e-06;4.14768e-05;7.70452e-07;2.95947e-07;1.368e-09;2.93812e-07;5.27756e-07;1.88602e-05;0.963202;2.26344e-06
5.64552e-05;0.90985;6.14226e-06;6.61342e-05;1.229e-05;2.10608e-06;0.000723847;0.0685257;0.000226478;2.04351e-05;0.000817467;0.0150225;0.00435128;0.000319576
1.83872e-05;0.0590148;0.000869923;0.00259787;0.00619145;0.849041;4.14068e-05;0.0160852;2.01288e-05;0.00269831;1.24908e-06;1.4563e-06;0.00188535;0.061533
1.88762e-06;0.000109692;0.999871;7.26702e-07;1.79129e-09;1.90187e-08;1.30739e-05;1.11945e-07;1.46479e-08;3.37113e-08;2.81283e-08;9.20203e-07;2.50604e-06;1.58509e-09
4.81743e-05;0.011571;0.000749763;0.000201498;2.0475e-05;0.000167424;9.461e-06;0.000671793;0.000179933;1.00239e-06;0.00582967;0.959837;0.0207032;9.8399e-06
8.46569e-07;0.996885;2.18036e-06;1.37916e-06;6.64767e-06;2.19769e-05;4.4337e-07;0.00179289;1.86619e-06;4.99898e-07;2.34108e-05;7.80678e-06;0.00107035;0.000185136
1.85567e-05;0.0037992;1.13097e-06;0.00124278;0.0206678;0.105863;1.81094e-06;0.00319153;2.72775e-05;0.000270317;5.04346e-06;0.013246;0.0017475;0.849919
9.3816e-05;0.134395;4.88008e-06;5.38814e-06;0.000343242;0.00012315;9.8572e-07;0.828489;1.00735e-05;3.553e-07;1.8293e-06;0.00188085;0.03465;1.13782e-06
8.86818e-06;0.972838;2.32572e-07;0.000129562;0.000290209;0.000104508;3.04104e-07;0.000387095;8.34711e-07;7.73982e-06;2.64308e-06;0.000529913;0.0255687;0.000130875
0.000475616;0.0229471;5.35352e-08;0.00381341;0.0269449;0.000987976;2.22178e-07;0.819372;1.21237e-06;0.000179772;1.26697e-05;2.71079e-05;0.123888;0.00134956
3.93735e-06;0.999952;1.95603e-08;3.21146e-08;1.02608e-08;1.60577e-10;5.31856e-06;2.42384e-08;6.05889e-09;2.03377e-06;5.6516e-08;2.34128e-08;3.69615e-06;3.23886e-05
1.35028e-09;6.73256e-09;0.99997;1.89816e-10;1.04344e-08;2.45504e-11;1.21497e-08;2.54122e-12;3.03373e-10;1.37973e-10;1.69511e-11;3.01811e-05;1.78884e-13;1.77016e-09
8.12362e-05;0.313813;2.59016e-07;1.75493e-05;0.00352259;0.000548642;5.37074e-05;0.573168;0.0240253;6.58808e-06;0.000279769;0.000883045;0.0179547;0.0656459
4.71887e-06;0.00361317;5.67416e-07;7.6217e-06;8.81272e-05;4.04678e-06;5.05288e-07;0.965613;5.06328e-05;1.3554e-06;3.05468e-05;0.00371117;0.0257847;0.00108971
1.27598e-05;0.940661;3.54813e-05;0.000559064;0.000259833;7.92686e-07;4.7209e-06;0.050669;4.19914e-05;3.69933e-06;1.43282e-05;0.0021185;6.50383e-06;0.00561228
2.25034e-05;0.770722;0.0823232;0.000233228;0.000100163;3.01001e-05;1.67164e-06;9.59121e-06;3.86289e-08;7.89742e-06;3.46288e-06;8.81428e-05;0.143675;0.00278345
4.94588e-06;0.00716225;8.49645e-06;1.79028e-06;4.06422e-06;5.7547e-05;1.51528e-05;0.00196716;3.41449e-06;7.06364e-07;2.58105e-05;0.958304;0.0321447;0.000299969
1.39853e-05;0.078384;0.000145206;0.000160027;0.000708726;0.111524;2.69414e-07;0.0481516;7.1773e-05;9.75113e-07;6.77045e-05;0.00718405;0.752147;0.00144016
0.00566775;0.326749;0.0232554;9.64422e-05;6.36077e-06;5.62891e-05;3.93956e-05;0.115996;0.00106185;1.38957e-05;0.00127376;0.0587634;0.467021;1.88897e-07
9.9815e-07;0.998345;6.2592e-08;2.96092e-07;1.18084e-07;4.45256e-06;0.000104105;5.65185e-05;5.26539e-06;4.72945e-06;5.74043e-06;2.52545e-08;0.00146217;1.0646e-05
3.61049e-12;3.08808e-11;1;3.0842e-11;9.8685e-10;1.97809e-10;3.87853e-12;2.03801e-13;1.87298e-13;3.87553e-11;8.61617e-14;2.37933e-07;5.91744e-13;9.21085e-10
2.58234e-05;0.756848;6.30425e-07;2.28675e-05;0.00192041;3.21517e-05;0.000290633;0.14428;0.000234751;3.21929e-05;0.000163419;0.0158785;0.0796955;0.000575073
5.15091e-05;0.25631;2.32571e-05;0.000560861;0.0035074;0.00675235;0.00308983;0.0852365;0.00246073;0.00131958;0.00218016;8.73737e-07;0.637919;0.000588035
1.76365e-08;3.57249e-08;1;1.39215e-08;1.78435e-07;1.38379e-10;1.26361e-07;4.10416e-11;2.93776e-10;1.06407e-08;6.17567e-10;1.35653e-08;5.52984e-11;7.36738e-08
0.00240391;0.0602834;0.00197217;0.000396217;6.65009e-05;9.28576e-05;2.4125e-05;0.0455237;0.0201533;2.49056e-06;0.000547337;0.868272;0.000190259;7.21879e-05
6.94031e-06;0.998445;9.72102e-11;5.13855e-08;2.16636e-07;7.13798e-08;0.00135386;3.12403e-05;2.93388e-07;4.44986e-05;1.77463e-07;1.72587e-11;1.15687e-05;0.000105684
1.51617e-09;8.42079e-12;0.999995;6.14982e-09;4.11867e-08;5.59064e-09;1.17552e-09;1.77689e-13;4.51661e-10;1.57342e-09;3.52948e-11;4.92562e-06;2.86094e-12;9.21893e-11
2.43521e-05;9.62041e-05;2.41222e-06;5.59617e-08;0.000109262;1.57736e-08;4.75649e-10;0.999675;7.86272e-07;2.5652e-09;1.20406e-08;1.45775e-05;5.75893e-06;7.19773e-05
2.58989e-08;2.4266e-06;2.09204e-09;6.66857e-09;0.000158086;7.59461e-09;2.78654e-09;0.999836;8.99378e-07;1.32084e-08;1.0654e-08;3.90575e-08;2.66487e-06;6.80173e-08
4.58886e-10;5.33207e-09;0.999993;1.44528e-07;1.98391e-07;2.21812e-08;4.02896e-11;1.1598e-10;6.43967e-11;7.07343e-08;8.90619e-10;6.87694e-06;8.87144e-10;5.12394e-08
2.47779e-07;0.999693;2.24423e-07;1.21146e-07;6.35226e-09;1.9585e-08;5.8877e-07;0.000293002;2.29984e-06;2.14829e-09;4.99449e-06;1.66451e-06;3.70969e-06;4.57776e-07
