4.1072e-07;0.999965;9.38377e-07;1.20713e-06;2.80633e-07;3.60522e-08;2.82213e-09;4.67701e-06;2.73479e-08;7.21904e-09;2.53876e-08;2.29744e-05;3.32471e-06;8.78534e-07
4.58826e-05;0.961438;3.83248e-09;1.15689e-07;9.63595e-07;3.88334e-08;5.32924e-07;0.0383972;9.11937e-08;2.89866e-07;6.52788e-08;5.66801e-08;9.82883e-05;1.86023e-05
1.99184e-08;2.11094e-05;7.38988e-08;6.29221e-07;5.57914e-06;3.86373e-07;3.02563e-09;3.37283e-07;1.5711e-07;1.87221e-09;4.0406e-06;0.999963;6.49774e-07;3.51076e-06
2.36389e-06;0.991392;5.21997e-09;4.94173e-09;1.77972e-08;1.30114e-08;5.53866e-09;0.000144168;8.97011e-10;3.34184e-09;4.26756e-09;1.43872e-06;0.00845962;3.01161e-08
8.77913e-07;0.785623;2.26023e-08;3.25383e-07;6.51659e-06;5.0255e-06;0.000756516;2.05066e-07;6.25972e-08;0.000328773;1.11944e-07;3.33687e-07;6.37616e-07;0.213278
2.90921e-12;6.16196e-12;1;1.1799e-13;3.106e-11;6.15206e-12;1.19373e-12;7.29903e-15;1.63166e-13;5.8491e-13;4.48822e-15;3.68585e-11;5.04758e-15;1.1664e-13
0.000854818;0.420751;0.00040203;4.1008e-05;0.00240882;0.116445;0.000237105;0.352849;0.0034471;0.0001409;0.000143356;2.68111e-06;0.0979006;0.00437636
5.15717e-10;2.15045e-09;1;7.17806e-11;2.69111e-10;3.11918e-11;7.59488e-11;6.76839e-10;2.21132e-10;1.49007e-11;7.20813e-12;1.14932e-09;2.28979e-12;8.48379e-10
3.13293e-07;0.000246569;0.00062155;7.52815e-07;2.01621e-06;5.80422e-06;1.7318e-09;0.000466948;2.12719e-05;3.50593e-08;5.72121e-07;0.998614;5.5908e-06;1.42897e-05
7.25686e-11;7.95742e-09;0.999982;1.22579e-10;2.50545e-07;2.4533e-06;3.3113e-13;1.45384e-09;7.95718e-13;8.14645e-11;1.74871e-12;3.35699e-09;6.66484e-09;1.50009e-05
1.4915e-08;0.00657813;1.14985e-07;9.08356e-10;1.41669e-06;1.52792e-07;4.56889e-12;0.993382;6.55464e-09;2.09348e-11;2.82113e-10;6.1936e-06;4.32035e-06;2.7505e-05
8.10759e-11;0.997931;4.87132e-13;2.46897e-10;4.60743e-10;1.60942e-10;9.28333e-09;3.05656e-07;2.14731e-10;7.69964e-09;2.71402e-11;2.3143e-11;1.1663e-08;0.00206811
8.89601e-06;0.950043;1.30475e-06;1.63719e-05;3.61843e-06;6.98775e-06;0.00203167;0.0180461;0.000135612;3.36321e-06;5.73025e-05;7.41361e-08;0.0296454;1.67577e-07
6.67053e-06;0.981594;3.0432e-05;8.41619e-06;5.86425e-07;1.63577e-06;1.52534e-08;0.00188126;1.72424e-09;1.86102e-06;3.95646e-09;5.76602e-05;0.0163634;5.37379e-05
1.39046e-05;0.90094;1.61847e-08;1.79094e-05;5.91725e-06;7.95844e-06;7.02903e-06;0.000215186;7.86733e-06;1.44306e-06;0.000172567;0.00345717;0.0951521;1.16368e-06
1.85368e-06;0.998776;3.31424e-09;6.67452e-07;1.35065e-05;1.01049e-08;0.000636712;5.48391e-06;5.08467e-08;9.10674e-05;2.33812e-07;1.76642e-06;7.6204e-07;0.00047235
3.17838e-06;0.0109461;0.0754782;8.95145e-06;1.32992e-06;2.27077e-07;2.74704e-06;3.80674e-05;1.5631e-06;9.44231e-08;1.21576e-05;0.912922;0.000585503;8.57464e-08
8.44625e-07;0.965289;1.77527e-07;1.97829e-06;7.80604e-06;0.000125867;3.13272e-09;0.0225992;1.93466e-07;3.68483e-08;3.43444e-08;2.47316e-06;0.0118304;0.000141787
3.10314e-08;0.386222;1.12279e-09;8.83368e-09;4.37409e-08;2.46237e-07;3.24469e-08;2.11055e-05;9.0988e-10;9.14461e-08;4.2082e-08;2.5007e-08;0.613754;2.09372e-06
1.07343e-11;2.08207e-11;1;2.93015e-11;2.31101e-10;5.88803e-11;1.89024e-11;4.70223e-13;7.45167e-12;1.55418e-11;6.67873e-12;1.11949e-08;4.0447e-12;8.89688e-11
1.01164e-05;0.859784;1.78834e-05;9.40491e-05;2.445e-06;5.42804e-05;1.01553e-06;0.0636487;0.000842413;2.34243e-06;0.00183749;0.000900288;0.0727598;4.48264e-05
4.83396e-06;0.0180035;4.53642e-08;5.88754e-06;0.00176971;1.0188e-07;1.06138e-07;0.844697;1.18855e-06;2.17592e-06;5.41201e-05;0.135167;0.000292288;1.99234e-06
4.79552e-05;0.185796;0.300361;0.00643782;0.0239113;0.224178;1.80755e-05;0.0601878;1.27211e-07;0.0032155;8.73936e-05;0.0229526;0.0936879;0.0791175
9.55537e-07;0.874549;4.29723e-09;6.29364e-07;4.21471e-10;2.98643e-08;0.12471;5.38905e-08;5.33553e-08;0.000136794;0.000105178;2.27649e-06;1.42104e-06;0.000493808
8.0706e-11;1.63561e-10;1;2.10261e-08;9.4203e-09;8.29389e-08;8.97831e-08;1.18752e-12;6.644e-10;6.16323e-09;3.9704e-09;2.02385e-10;1.27816e-10;7.953e-10
8.29337e-08;0.998522;0.000529338;4.35454e-07;1.2597e-08;7.11492e-08;6.38111e-08;5.58141e-05;5.42932e-10;1.99496e-08;4.86181e-08;2.33228e-05;0.000868073;2.30475e-07
5.18895e-08;0.00335715;5.76566e-11;1.07746e-06;6.77997e-07;3.19901e-07;7.79105e-08;0.000957934;5.62845e-08;3.39241e-08;1.70892e-05;2.42535e-05;0.995641;1.47096e-07
3.08827e-06;0.997674;1.84987e-05;0.000358349;9.71917e-06;1.08764e-05;1.06259e-06;3.79394e-05;3.26139e-06;1.84542e-06;5.82336e-05;0.00102553;3.77618e-05;0.000760281
1.43002e-06;0.00135519;1.73939e-10;3.72168e-08;3.0932e-08;7.41012e-07;3.73128e-07;2.95028e-05;3.72256e-08;2.25235e-08;1.46515e-06;1.31291e-07;0.998611;1.47566e-07
6.03256e-07;0.00227753;1.8039e-05;1.35408e-05;0.000758746;0.00023961;2.99382e-06;1.14732e-05;9.02122e-06;1.1672e-06;0.00303486;0.986652;0.0061388;0.000841891
5.07266e-05;0.00260779;6.43369e-07;1.2456e-05;0.00131143;0.000207821;1.20151e-06;0.993783;2.55986e-05;0.000122859;3.30896e-05;4.15937e-06;0.000494323;0.00134461
3.92917e-05;0.00120296;7.4896e-07;0.000288317;7.55235e-06;2.04047e-05;0.000612779;0.000239674;0.0397095;1.19296e-05;0.955012;5.04235e-05;0.00269874;0.000105996
9.44585e-06;0.999597;1.50483e-07;3.08713e-06;7.78805e-07;3.44155e-07;3.51599e-07;6.06209e-06;1.45882e-05;3.48938e-06;0.000136857;3.42436e-06;0.000215339;8.9745e-06
4.30429e-05;0.0107748;3.77973e-08;7.04982e-06;1.19914e-05;2.57363e-05;2.30925e-05;1.69776e-06;4.67843e-06;7.18003e-06;8.87401e-05;0.000323575;0.988688;1.14595e-07
0.00369339;0.0153234;0.87875;0.000233321;0.00507837;9.16981e-06;6.22087e-05;0.00399078;4.48944e-05;8.37081e-05;1.84943e-05;0.0903207;5.74785e-05;0.00233423
0.000312623;0.788531;5.4056e-09;8.01956e-06;0.0142798;8.83478e-06;1.48467e-07;0.190338;6.22392e-05;4.40749e-07;5.1478e-06;0.000991894;0.00223624;0.00322573
2.24629e-05;0.00157625;1.69859e-07;1.27396e-06;9.40764e-06;9.19003e-06;1.28963e-08;0.982032;5.85343e-05;3.23577e-07;5.91274e-07;0.0134555;0.00283383;9.48848e-08
0.000764679;0.989186;1.32187e-07;2.69275e-06;1.1973e-05;1.1474e-05;2.04762e-06;0.000149006;4.92552e-05;7.48901e-07;2.26584e-06;0.000169479;0.00964922;4.19742e-07
2.66863e-05;0.99095;3.25028e-09;1.54109e-07;1.28147e-06;2.26495e-08;0.00743288;1.45328e-07;7.55844e-08;0.000268884;3.16309e-08;4.1693e-10;3.48165e-06;0.00131693
1.10853e-10;4.02063e-12;0.999999;7.20635e-09;2.15975e-08;5.41295e-08;2.872e-10;2.15263e-14;7.53354e-11;6.41012e-10;2.5656e-11;5.36269e-07;2.16498e-13;3.89523e-09
2.50449e-05;0.334765;6.66157e-06;2.13518e-05;2.58575e-06;2.4107e-05;1.94663e-05;0.000397726;2.49259e-05;5.30315e-08;5.53224e-06;2.32975e-05;0.664673;1.20723e-05
1.06823e-06;0.947728;9.99011e-07;3.28717e-06;1.03163e-05;7.02287e-06;1.18271e-08;0.0510953;1.74029e-05;3.24026e-08;1.53513e-05;0.000537376;0.000479848;0.000103947
4.30223e-06;0.14449;1.49134e-09;3.76065e-06;0.00787518;1.43364e-07;2.4868e-07;0.834997;2.37498e-06;1.13348e-06;3.39259e-06;0.0124039;0.00019047;2.84374e-05
7.99134e-05;0.184474;0.710154;0.00338861;0.013327;0.00365988;8.38782e-05;0.000256422;4.11748e-06;0.000967741;1.933e-05;0.0495625;0.0247892;0.00923275
2.99438e-06;5.06171e-05;1.36339e-11;1.59459e-07;5.73977e-08;1.1425e-07;6.94457e-07;0.044992;9.43421e-05;4.63407e-09;0.000361134;2.612e-07;0.954498;1.75155e-08
0.00010625;0.00149568;0.000766655;8.40125e-05;1.86294e-05;2.38253e-05;1.41033e-06;0.000999575;0.000196178;1.80326e-05;0.000198423;0.985241;0.00768401;0.003166
8.60319e-05;0.985663;1.30488e-05;0.000293221;0.000235494;0.00148391;2.51339e-06;0.00327371;5.01078e-05;0.000133347;0.000219682;0.000700939;0.00176101;0.00608426
1.2049e-05;0.0817222;8.35036e-07;8.70367e-06;7.96928e-05;0.000172908;1.44885e-07;0.000518404;1.48516e-07;2.11902e-06;2.23376e-06;0.798402;0.119034;4.39895e-05
3.08136e-06;0.00351707;1.69326e-11;4.00461e-06;4.28464e-06;0.00165477;1.01263e-06;3.29554e-05;8.49601e-08;8.52517e-06;1.83345e-06;3.95195e-07;0.994761;1.07742e-05
8.61038e-06;1.10323e-06;0.999948;1.13546e-06;2.71932e-07;3.75143e-08;9.69111e-08;3.9138e-09;5.92691e-08;2.37331e-06;3.57637e-07;3.68992e-05;5.82868e-07;5.93443e-08
5.04509e-08;7.7817e-07;7.22202e-10;6.61965e-09;6.97675e-13;8.71021e-10;0.998271;1.08048e-11;1.50734e-05;0.00170088;1.20713e-05;1.62294e-14;1.21145e-08;2.26577e-09
1.20539e-13;7.94109e-16;1;2.41091e-13;1.69432e-13;1.06083e-12;2.32286e-12;1.10566e-17;2.42756e-12;1.94719e-12;6.60678e-14;1.4328e-11;1.10941e-17;6.71123e-15
