3.65513e-05;0.983481;2.54555e-07;4.13055e-08;8.89179e-08;3.90881e-08;2.10554e-07;0.00992608;1.49645e-07;6.15226e-08;5.43915e-08;7.08018e-07;0.0065463;8.44586e-06
3.68907e-10;2.75814e-05;6.7292e-09;7.82328e-09;4.13316e-07;4.46356e-09;8.04228e-12;1.01459e-07;7.43498e-10;4.48505e-11;1.54936e-08;0.999971;1.05138e-07;7.86668e-07
6.44366e-07;0.999421;3.87237e-11;2.08478e-08;1.75014e-06;1.82133e-08;4.79746e-05;0.000333516;4.83546e-09;1.15677e-05;3.39053e-08;9.13531e-11;0.000163678;1.97547e-05
1.45419e-07;8.49081e-11;0.999993;3.8142e-08;1.88549e-06;8.27362e-08;2.70201e-07;7.02129e-11;4.49303e-09;8.19581e-08;8.14923e-10;9.51747e-07;1.42567e-10;3.09055e-06
0.000836866;0.970963;8.0012e-07;0.00034988;0.00241269;5.24061e-06;0.000241798;0.00212936;0.0121681;5.38658e-07;0.000358305;0.00628344;0.00421476;3.53205e-05
1.6165e-05;0.305576;0.000798779;1.38171e-05;1.94967e-05;7.30589e-06;5.51605e-07;2.90612e-06;5.33241e-07;4.73833e-07;4.1009e-07;0.0219374;0.671095;0.000531124
7.67402e-07;0.0405082;3.79638e-08;5.37659e-05;0.00190046;0.000455975;1.70803e-05;0.937167;0.00014715;4.87606e-06;2.93911e-05;0.00612473;0.00757458;0.00601602
3.13761e-07;0.00659065;0.641243;0.000308627;0.000182119;0.0391168;5.68167e-08;8.0386e-07;3.1548e-09;1.63135e-05;7.85452e-08;0.00228411;0.309586;0.000671826
1.38094e-05;0.00341169;1.06898e-08;1.55539e-07;1.06134e-06;2.41375e-05;5.28745e-05;0.000251311;1.4203e-05;5.40514e-08;0.000113132;6.68024e-06;0.996103;7.92498e-06
5.0349e-06;0.965835;4.86975e-05;3.30545e-07;2.87081e-06;1.06446e-06;1.82976e-06;0.0127854;7.13754e-07;4.04514e-06;4.1361e-07;0.00122236;0.0200915;7.89388e-07
7.19193e-05;0.314218;2.71872e-05;0.00936715;0.347066;0.0111738;0.000178061;0.0818334;0.00196309;0.0113702;0.000483428;0.025466;0.154253;0.0425283
0.000655223;0.21266;0.000423413;9.51288e-05;1.25361e-06;7.23476e-06;0.0217116;0.000437358;0.000465887;0.000397996;0.000391563;8.69669e-06;0.762738;6.68526e-06
8.26753e-08;2.49737e-07;0.999996;1.52881e-08;1.17583e-09;7.52278e-11;3.23614e-06;1.66702e-08;1.85084e-07;4.18595e-09;2.30534e-08;2.60821e-08;6.34398e-08;1.40427e-10
3.53006e-06;0.00126076;0.000217251;5.54076e-06;3.0796e-07;1.54909e-06;5.22745e-08;2.8381e-05;0.000222434;2.25311e-07;2.18492e-06;0.998225;3.80648e-06;2.9167e-05
6.39519e-07;4.20963e-05;0.997964;2.92571e-08;4.63804e-05;0.000294133;6.95465e-09;2.8913e-07;4.1384e-09;1.81585e-07;1.21858e-09;1.39011e-06;1.54563e-05;0.00163508
6.00144e-07;0.0172867;8.00384e-07;8.9698e-10;4.51907e-05;2.13317e-07;2.51896e-11;0.982542;3.08083e-08;5.50082e-11;7.96363e-11;5.17241e-06;6.34404e-05;5.54252e-05
1.57668e-08;0.9918;1.7151e-10;3.998e-09;5.98287e-08;1.0853e-08;3.34952e-08;0.000150833;2.68496e-07;3.67007e-08;3.47823e-10;1.05973e-08;8.72806e-07;0.008048
5.77288e-05;0.0947224;2.03667e-06;1.73609e-06;4.04499e-06;9.01495e-06;0.000229613;0.896605;0.000214622;3.81272e-07;4.86979e-06;6.49829e-07;0.00814806;2.98414e-08
1.47769e-07;0.667652;5.88702e-08;1.22177e-06;3.4604e-07;7.05738e-06;8.17889e-10;0.000615103;1.11654e-09;1.18296e-08;2.19627e-09;0.0234271;0.308287;1.02018e-05
4.20154e-05;0.457664;0.000874433;2.62142e-05;0.0035214;8.90869e-05;3.14731e-06;0.0445868;9.61384e-08;0.000169239;1.22995e-06;0.00543614;0.474742;0.0128441
0.00546433;0.0108057;0.00465531;0.012215;0.476573;0.0255598;0.0303719;0.0424537;0.0166432;0.00043007;0.0561303;0.00477285;0.104665;0.20926
0.000384069;0.546072;1.91083e-09;5.31436e-07;4.16777e-06;1.21449e-06;4.77696e-06;0.0333347;0.000246277;4.17668e-07;1.44453e-05;0.000266648;0.419666;4.50304e-06
7.86166e-06;0.00402196;3.32583e-09;4.40196e-06;7.6653e-05;7.38333e-06;6.92699e-08;0.0341201;3.5273e-05;1.15888e-06;1.09382e-05;0.000794383;0.960894;2.60324e-05
0.000110462;0.933507;9.26864e-09;4.20116e-05;8.04179e-06;3.71308e-06;8.55638e-05;0.0639723;0.00161086;1.97381e-05;0.000109946;0.000116992;0.000331487;8.20261e-05
2.75857e-05;0.0665148;0.781319;0.000193675;0.000148727;6.7845e-05;2.62085e-06;6.84475e-06;9.40156e-08;1.05974e-05;1.84323e-06;2.4763e-05;0.15151;0.000171046
5.95387e-05;0.324508;0.0019315;2.11858e-06;1.69062e-05;1.28429e-05;0.000121739;0.118005;1.99531e-05;2.46332e-06;0.000586016;0.342057;0.212666;1.1108e-05
5.77664e-05;0.284644;0.000214181;0.00277011;0.165078;0.0235092;6.5745e-06;0.274653;0.00057624;9.68083e-05;0.000253577;0.027481;0.0260318;0.194628
0.00748335;0.192506;0.000481248;2.16551e-05;2.06528e-05;8.40896e-06;2.58955e-05;0.0208171;0.00116058;8.70664e-06;6.16832e-05;0.409222;0.368177;5.2234e-06
1.11296e-05;0.00264411;1.51819e-09;2.52418e-06;1.88967e-06;5.30174e-07;5.6991e-07;0.0354503;0.000161709;6.24286e-08;0.00038909;1.94447e-05;0.961315;3.24248e-06
5.01227e-07;0.999839;3.89382e-07;1.80426e-06;1.14318e-07;4.82727e-08;9.86178e-09;0.00010706;1.51859e-07;3.07967e-08;3.60315e-08;1.67302e-06;3.8812e-07;4.86336e-05
3.02932e-06;0.996938;4.23973e-09;3.00049e-08;4.93051e-08;1.18947e-08;1.50752e-07;0.0012712;1.1645e-08;3.27939e-08;8.27761e-09;2.23142e-08;0.00178671;9.71728e-07
2.8423e-10;8.9168e-06;4.4393e-09;5.34293e-09;3.39501e-07;3.6868e-09;3.04633e-11;6.31335e-08;1.06254e-09;1.74639e-11;3.01224e-08;0.99999;2.53337e-08;1.13067e-06
8.5628e-08;0.998774;4.90499e-12;3.58355e-09;4.00152e-07;6.33544e-09;9.47388e-06;0.00103543;1.05891e-09;1.0317e-06;1.03124e-08;1.41986e-11;0.000178214;1.6622e-06
2.54938e-08;7.59234e-11;0.999985;3.12224e-08;2.42632e-06;7.61682e-08;1.45406e-07;4.07022e-11;9.96925e-10;4.60594e-08;3.013e-10;3.16432e-07;9.02247e-11;1.24639e-05
0.000245858;0.98849;2.62786e-07;0.000331037;0.0017822;3.83031e-06;0.000134939;0.00142629;0.00349545;2.27546e-07;0.000228615;0.00164612;0.00219867;1.69338e-05
8.42621e-06;0.633559;0.000561816;7.94563e-06;8.64143e-06;4.59619e-06;2.23245e-07;3.94205e-06;1.44949e-07;2.00083e-07;2.86778e-07;0.0133798;0.352262;0.000203418
2.91933e-07;0.0254292;1.86436e-08;2.99773e-05;0.00177985;0.000291058;4.49874e-06;0.954279;2.87706e-05;1.95018e-06;1.77775e-05;0.00747024;0.00401319;0.00665407
1.18987e-07;0.00427394;0.761448;0.000140857;0.000156368;0.0231601;1.31754e-08;9.51824e-07;9.09145e-10;8.77991e-06;4.7423e-08;0.00433238;0.206198;0.00028072
7.15469e-06;0.00106258;3.05801e-08;3.73273e-07;1.64764e-06;4.73455e-05;0.000130728;0.00017912;2.30468e-05;6.65865e-08;0.000609749;2.2669e-06;0.997932;4.10118e-06
1.81837e-05;0.733365;0.000100943;2.02207e-06;2.16946e-05;1.03876e-05;1.23485e-06;0.0366855;4.31373e-06;3.51639e-06;3.42239e-06;0.00384821;0.225935;1.44282e-07
7.39296e-05;0.0545085;7.64718e-06;0.00507354;0.110305;0.00826794;1.7761e-05;0.0505237;0.000348288;0.00228696;0.000267359;0.0326973;0.731007;0.004615
0.000222362;0.391593;5.36004e-05;3.61701e-05;1.99028e-07;1.66046e-07;0.598956;5.85949e-06;8.02332e-05;0.00211381;0.000133248;3.44077e-06;0.00678894;1.21615e-05
3.30946e-08;6.18281e-09;0.999995;1.16426e-08;2.20349e-09;5.81474e-11;3.92275e-06;2.73628e-10;9.56697e-08;1.58331e-09;3.31795e-08;1.05825e-06;1.90402e-08;2.3656e-12
8.14208e-06;0.00041538;0.999059;4.00409e-07;1.52018e-07;1.35893e-07;3.34387e-05;0.000425453;1.63207e-06;4.80361e-06;1.40892e-08;3.58357e-05;6.07221e-06;9.56322e-06
5.00702e-05;0.00485681;0.000114639;9.45841e-06;0.00625677;0.887898;1.22696e-05;3.41492e-06;7.47586e-06;1.98418e-05;1.15431e-06;0.00066788;0.00995115;0.0901509
2.52781e-07;2.99892e-06;7.7904e-09;1.63114e-07;0.0201099;6.73647e-06;3.6291e-10;3.00876e-05;2.96515e-06;1.40658e-09;5.81069e-08;0.97957;2.18229e-06;0.00027479
3.28338e-05;0.999036;0.000168923;7.79645e-07;0.000212498;7.99819e-07;2.66855e-06;0.000345602;7.20757e-08;2.21012e-05;1.35698e-09;1.84307e-07;7.19432e-05;0.000105645
1.54741e-07;8.17507e-09;0.999516;1.83995e-08;9.2741e-07;4.06808e-08;3.84163e-08;4.35309e-06;2.69121e-07;7.22728e-09;1.37344e-09;0.000478398;6.04513e-11;5.17094e-08
5.02257e-07;0.0747892;6.90436e-09;4.34496e-08;3.1175e-07;2.65506e-07;1.25536e-08;0.0439614;1.57778e-07;2.72267e-10;4.31638e-08;0.000137636;0.88111;4.65266e-09
5.9165e-08;0.166014;1.11339e-06;3.71233e-07;5.18965e-05;2.5813e-07;1.07209e-09;3.40887e-06;1.12513e-09;5.27101e-08;9.81402e-09;0.797555;0.0239122;0.0124617
8.98982e-05;0.453693;5.62926e-09;2.41814e-05;0.00295333;0.00118243;9.64706e-06;0.433091;2.32792e-05;9.61701e-06;4.23541e-05;0.00185099;0.106591;0.000439567
0.002899;0.0124444;1.14711e-06;0.00018313;0.00021939;0.0001679;2.84997e-05;0.514397;0.0049269;3.40075e-06;0.00516468;0.00578265;0.45367;0.000111278
0.000494962;0.00284572;8.72139e-06;4.96577e-08;3.10453e-06;7.83349e-08;5.39026e-09;0.974241;1.74332e-07;1.67952e-08;8.94418e-09;0.0176513;0.00473008;2.48378e-05
1.39466e-06;0.0996239;4.58691e-06;2.11976e-06;0.00041609;0.000593708;2.46446e-08;0.0137003;7.52261e-07;2.46263e-07;1.44307e-06;0.817024;0.0550455;0.013586
1.48563e-07;0.99848;5.52604e-08;1.08725e-07;2.21187e-08;1.94456e-08;0.000760828;1.8229e-07;1.34953e-08;0.000123691;9.08293e-07;1.57812e-05;0.000519374;9.85949e-05
6.15076e-08;1.33172e-08;0.999681;1.32775e-06;1.7377e-06;2.06544e-07;0.000307184;2.58024e-10;3.7404e-06;1.44804e-06;2.79696e-06;6.56606e-09;4.78805e-10;1.79249e-08
5.6716e-07;0.999878;1.14837e-06;4.51646e-07;4.56805e-09;2.30475e-09;4.33004e-08;1.68915e-05;2.16151e-08;4.06749e-09;6.14861e-07;3.71656e-05;6.47086e-05;6.09133e-08
4.16903e-07;0.998256;6.35668e-10;3.67166e-08;2.46954e-08;2.54538e-08;0.000100977;8.07477e-05;2.16231e-08;1.90683e-05;7.92882e-08;3.53447e-09;0.00151177;3.12502e-05
7.65013e-11;2.13646e-10;0.999998;1.46982e-08;8.64066e-08;1.62956e-08;2.44146e-09;9.45361e-12;1.76192e-11;1.12954e-09;6.56192e-10;1.46211e-06;4.12012e-11;1.95424e-08
4.61045e-07;0.990168;1.82117e-06;8.2463e-07;1.125e-05;7.07244e-06;2.09726e-07;0.00622711;1.26363e-07;3.1519e-07;8.87097e-08;1.11719e-05;0.00174892;0.00182312
5.21094e-07;0.0135171;8.55404e-09;1.83514e-05;1.74867e-05;1.3453e-05;7.13604e-07;0.000121009;2.24703e-05;3.67185e-07;0.00357426;0.00419914;0.978363;0.000152387
3.88037e-07;0.000276418;1.86592e-12;4.80947e-09;9.6777e-06;2.52294e-09;2.20589e-09;0.999663;2.4636e-08;2.03772e-09;5.10576e-08;1.84755e-06;4.83057e-05;4.98911e-07
3.08117e-08;3.47962e-05;0.999844;2.12027e-06;2.20879e-05;8.8671e-05;1.22279e-08;6.1131e-07;9.61164e-10;1.88773e-06;2.50454e-08;5.18156e-09;2.14738e-06;4.03659e-06
3.79641e-09;6.81072e-09;1;5.32756e-10;2.89383e-09;7.65735e-10;2.20272e-09;1.15716e-08;2.03408e-10;2.78516e-10;1.41752e-08;3.49436e-07;1.03311e-09;1.0296e-08
1.42021e-08;1.06643e-05;0.000258545;1.75805e-08;2.41726e-08;2.09524e-07;5.29864e-11;9.31246e-08;2.48237e-07;8.38731e-10;2.47014e-06;0.999723;4.95275e-07;4.56117e-06
4.88866e-08;1.27797e-06;0.997891;6.93744e-10;7.67283e-05;0.000585745;2.7288e-11;1.31924e-07;3.13735e-11;1.57162e-09;5.12952e-10;4.13535e-07;4.46937e-06;0.00144026
4.04684e-07;0.00196038;2.58617e-06;3.07976e-10;0.000389213;8.5343e-07;1.91214e-13;0.996251;1.61708e-08;2.62307e-12;4.49267e-10;0.000705791;0.000687937;2.03068e-06
1.59608e-09;0.997411;2.73504e-12;1.08213e-10;8.51106e-08;2.57328e-09;6.30419e-10;0.000489274;1.45053e-09;3.28159e-09;1.47197e-11;6.56656e-10;1.79629e-06;0.00209737
5.42121e-06;0.0214871;3.04525e-06;1.73716e-06;6.04464e-06;7.65293e-06;1.92181e-05;0.977822;0.000107886;1.23468e-07;4.00706e-06;2.16431e-08;0.000535778;1.07208e-08
7.5765e-05;0.260961;4.37193e-08;4.30431e-06;2.29793e-05;1.79031e-05;5.60211e-08;0.115242;1.3714e-07;1.91705e-06;1.11847e-07;0.00019581;0.62152;0.00195792
7.83177e-10;9.40343e-06;7.65869e-08;5.75121e-08;2.23308e-08;2.87316e-08;4.55418e-11;7.27853e-09;1.28357e-09;5.63834e-11;6.35058e-09;0.99999;1.56777e-07;8.36595e-08
1.68048e-07;0.991609;8.47107e-09;2.89785e-08;6.29951e-09;2.27593e-08;9.07885e-10;1.22635e-05;2.77641e-09;2.43127e-10;8.96037e-09;1.73582e-05;0.00836095;4.88669e-07
6.88912e-07;3.50834e-05;3.74395e-08;3.22003e-08;0.0330013;7.61955e-08;3.19622e-10;0.966473;1.62981e-07;1.38166e-07;2.44636e-09;0.000125914;3.20802e-07;0.000363278
1.65442e-05;2.97804e-05;0.999761;4.2336e-06;0.000157627;5.53557e-06;4.43763e-09;6.61849e-06;1.38544e-05;2.13463e-06;1.83114e-06;2.91552e-07;7.13146e-07;3.57046e-07
0.000180593;0.000142487;1.96232e-06;3.08778e-07;4.78359e-05;1.88763e-06;1.21787e-05;0.00113699;0.993327;1.60543e-06;0.000733405;2.10374e-05;0.00439181;1.27495e-06
