6.74812e-07;0.999636;0.000309907;3.63497e-07;6.58952e-07;2.1946e-07;2.90005e-08;9.51551e-06;4.1247e-10;1.12551e-07;6.84604e-10;1.20572e-05;2.12609e-05;9.11198e-06
2.38235e-06;0.0286229;1.18659e-10;2.02817e-06;4.58184e-06;1.77611e-06;2.03108e-07;0.000951155;1.43242e-06;6.34962e-08;1.82916e-05;7.44569e-05;0.97032;1.24668e-06
5.09245e-07;0.999658;9.08794e-06;5.04949e-07;2.60534e-07;1.58032e-07;3.47872e-08;0.000281796;2.4005e-09;2.68371e-07;1.90637e-09;3.2493e-07;2.59658e-05;2.35375e-05
1.95995e-08;1.52925e-08;0.999991;1.09332e-07;3.66325e-08;1.32981e-09;6.01095e-08;1.55036e-08;8.97032e-09;1.97917e-09;6.14223e-08;8.78459e-06;2.09645e-08;4.7414e-09
4.47965e-09;8.95229e-07;5.84107e-07;1.38356e-07;5.17991e-07;5.97395e-08;2.58889e-10;1.41488e-06;1.15902e-08;5.31748e-09;3.92393e-08;6.86453e-06;1.32574e-08;0.999989
6.4701e-08;1.82534e-05;3.1253e-12;1.74241e-08;0.000926026;2.01059e-05;4.97894e-08;0.999028;1.09183e-06;1.21968e-09;2.52418e-07;4.43241e-10;5.75938e-06;3.04294e-07
2.03227e-10;1.91937e-08;0.999999;3.69993e-08;5.06086e-07;5.31119e-07;1.90625e-12;5.29175e-11;4.18419e-13;1.79422e-10;3.62967e-11;1.07023e-07;4.47744e-10;1.76431e-07
2.81715e-07;0.999861;2.36857e-09;2.92029e-10;9.05881e-11;1.17741e-08;1.04304e-07;4.08342e-07;2.32589e-10;2.37797e-10;4.18252e-09;1.72176e-07;0.000138367;1.93674e-08
3.88122e-09;0.000231066;1.3274e-06;6.39707e-08;2.47764e-05;6.75709e-05;2.38354e-11;5.13218e-06;2.89776e-09;1.17257e-09;4.56098e-10;0.996348;1.11352e-05;0.00331126
5.90765e-07;0.999371;1.60207e-07;1.05874e-06;7.10048e-07;1.94965e-05;6.82529e-09;2.52356e-05;1.12256e-06;3.75869e-08;8.10515e-07;2.81255e-06;0.000569201;7.38684e-06
2.41378e-05;0.989624;9.07181e-08;2.14652e-06;2.39826e-08;5.86783e-07;3.75782e-07;1.05923e-07;1.26601e-06;5.10183e-07;2.23069e-06;0.0102168;0.000126223;1.12057e-06
0.00126656;0.651028;1.20216e-08;7.76794e-07;2.61446e-05;4.75205e-06;1.2893e-06;0.00054162;2.56304e-05;1.57866e-07;5.89604e-06;0.00340698;0.343648;4.46944e-05
1.8379e-06;0.950345;7.76613e-09;1.12929e-07;2.10274e-06;3.98207e-06;6.9863e-06;0.000122028;2.18246e-06;2.3329e-06;8.00263e-08;5.6894e-10;9.34795e-05;0.0494199
1.92981e-10;9.553e-10;0.999994;2.34131e-11;2.40268e-10;1.26083e-11;8.9856e-10;1.61011e-11;9.04488e-10;1.42594e-11;7.23161e-11;6.00173e-06;1.71119e-12;8.82055e-13
0.000266221;0.0313043;1.03149e-07;0.000111591;0.000105069;5.40698e-05;0.000412642;0.00712919;0.550764;4.1484e-06;0.0879352;0.000356373;0.316771;0.00478565
0.000151494;0.842806;1.29925e-05;8.21743e-06;8.74992e-06;7.51199e-06;7.60153e-08;0.0121469;2.53997e-05;1.75001e-06;3.80846e-06;0.132506;0.0121352;0.000185283
1.286e-05;0.0260629;5.83844e-05;2.64489e-06;4.38888e-05;3.30676e-06;1.28895e-07;0.00796152;9.52361e-07;5.45278e-07;3.79573e-06;0.87511;0.090739;4.14731e-07
3.36716e-07;0.0322492;2.72125e-08;0.000185326;1.52446e-05;7.19588e-05;1.43407e-06;0.000907012;0.000293457;1.88633e-05;2.04405e-05;2.87257e-05;0.966187;2.05689e-05
0.000177244;0.216503;0.76743;0.000398937;0.00206635;1.05248e-07;1.08588e-05;6.35212e-05;8.60019e-06;0.000414144;1.15879e-05;0.00295507;1.68911e-05;0.00994381
7.26332e-05;0.772709;5.67621e-08;9.90701e-07;2.88528e-06;1.09086e-07;0.201016;0.000491842;0.000369754;0.00143803;0.000114611;1.12921e-09;1.47085e-06;0.0237832
4.98338e-10;5.27515e-10;0.999998;1.61719e-11;2.65893e-09;1.12286e-10;2.67738e-10;1.80828e-12;6.38363e-11;7.33183e-11;5.39683e-12;1.92994e-06;1.81887e-12;3.87565e-10
0.000143489;0.0803612;7.97243e-09;8.52422e-05;4.81949e-05;4.13705e-05;0.00910568;0.0228275;0.769678;1.59088e-05;0.0950276;1.61656e-05;0.0218561;0.000793154
0.000180945;0.976111;0.0146158;0.00118406;0.000177063;9.63671e-07;8.56531e-05;0.000158638;0.000203245;2.20509e-05;0.00026685;0.00555505;4.61524e-05;0.0013929
3.1443e-07;0.999802;3.52486e-11;2.37378e-08;3.697e-07;8.44701e-10;8.09698e-07;0.000187961;1.2651e-07;2.50456e-08;8.56777e-08;3.44204e-07;3.15078e-07;8.12648e-06
1.96999e-07;0.000523316;0.00015506;4.66267e-06;0.000435757;2.84416e-05;9.14868e-09;8.61433e-06;8.78691e-10;4.3579e-07;3.01211e-08;0.998046;0.00016265;0.000634704
0.000804069;0.604973;4.51755e-06;0.000922031;0.000603927;0.000350578;0.000375157;0.024092;0.0272868;4.40392e-06;0.273768;0.0317683;0.0239854;0.011062
0.000280375;0.903387;2.95105e-07;8.62386e-06;7.26308e-06;2.13346e-05;2.16748e-07;0.0820767;0.000142531;2.49092e-06;1.53396e-05;0.00273189;0.0111827;0.00014303
4.22993e-05;0.0405873;1.65799e-05;5.68516e-07;3.54689e-06;4.12332e-07;6.89958e-08;0.00530075;2.38994e-06;8.51191e-08;1.10785e-05;0.948628;0.00540691;1.3421e-07
4.73034e-06;0.506742;1.61001e-09;5.1592e-05;4.9837e-06;1.92426e-05;8.13418e-07;0.00442799;0.00645355;5.88942e-06;4.32851e-05;8.06736e-05;0.482106;5.95984e-05
9.37728e-05;0.88861;0.0736306;5.33884e-05;0.000474049;5.17733e-08;1.37559e-07;4.51838e-05;6.80281e-07;5.52472e-05;7.94167e-07;0.0196389;2.22683e-05;0.0173751
0.000103322;0.990849;5.24806e-08;2.56438e-07;4.70915e-06;9.13148e-08;0.00409454;0.00110927;8.07244e-05;0.000197469;2.30375e-05;8.52667e-10;2.05103e-06;0.00353521
2.68377e-11;3.58241e-12;1;1.99417e-12;1.21994e-09;9.31498e-12;5.32809e-12;7.61186e-13;1.8085e-11;1.05953e-11;6.62176e-13;3.9833e-07;2.09459e-14;8.26826e-11
4.20659e-05;0.13673;5.24434e-10;1.06439e-05;0.000360509;0.000407951;0.000163529;0.464778;0.20469;1.19637e-06;0.00550345;6.57093e-08;0.18716;0.000153345
0.000194214;0.570956;0.425755;0.000128117;5.88052e-05;1.00132e-05;0.000207389;0.000789816;8.82825e-05;0.000292321;1.51377e-05;0.000452778;0.000530073;0.000522292
3.42515e-08;1.15464e-08;0.999998;1.58251e-07;6.48867e-08;5.32835e-08;8.84609e-07;2.30525e-09;4.23654e-07;1.47962e-08;1.01721e-07;6.12774e-08;2.74169e-10;1.39248e-08
1.4316e-05;0.0011195;0.996543;1.33974e-05;3.09366e-07;8.19404e-06;2.03923e-05;0.000340895;1.43146e-05;9.8351e-07;2.04459e-05;0.00174445;0.000146047;1.3168e-05
3.96135e-06;0.029388;1.81486e-06;2.53691e-06;0.000151489;0.032841;5.76936e-08;2.70079e-05;7.74735e-06;2.62358e-08;4.15141e-06;0.00392559;0.028285;0.905362
2.65237e-07;0.00480948;1.45108e-05;6.63155e-09;4.37912e-05;9.6819e-07;5.38416e-11;0.0148311;9.07019e-09;4.56461e-09;2.60805e-09;0.910259;0.0700077;3.34081e-05
1.28735e-07;0.00437039;1.27516e-11;3.69617e-07;0.000155848;0.000590849;4.94603e-10;0.00512607;8.93033e-07;9.1582e-09;1.96053e-07;1.89647e-07;0.989743;1.19325e-05
2.81508e-06;0.99512;1.60133e-05;1.208e-07;3.54711e-06;1.14109e-06;7.14106e-11;0.00346698;7.8691e-10;5.3836e-08;2.12247e-11;8.27344e-08;0.0013879;1.67762e-06
9.3759e-09;1.87078e-07;1;6.4707e-09;7.93629e-09;1.69594e-09;2.08239e-09;2.02662e-10;9.43948e-11;1.20425e-09;1.05036e-10;5.85714e-08;1.45424e-09;5.6484e-10
4.9787e-07;7.26338e-06;0.994223;1.09937e-06;2.43319e-06;1.7708e-06;3.03903e-08;0.000440579;1.76263e-07;1.02224e-07;1.20481e-07;0.00531806;3.27423e-06;1.09429e-06
2.81993e-06;0.00386988;0.00157827;1.75062e-05;0.0200243;0.747407;1.83911e-08;0.000249004;3.13554e-07;4.07415e-06;2.0619e-06;0.00433421;0.0679013;0.15461
1.96309e-07;0.0381749;1.27905e-07;2.21147e-06;1.56878e-05;0.000318563;1.2448e-07;0.00143804;5.94939e-08;1.86971e-07;4.29687e-06;0.929934;0.0289596;0.00115203
1.51692e-06;0.848363;1.04206e-06;1.02447e-05;4.08889e-07;3.46837e-06;1.83428e-07;0.00457735;7.33038e-07;1.78537e-08;3.11659e-05;0.00659036;0.140421;4.05377e-08
4.90862e-06;0.0311811;1.42985e-07;3.30881e-06;1.07517e-05;3.17926e-05;1.19572e-08;0.009354;2.23732e-08;5.24308e-07;5.48696e-08;0.000543285;0.958741;0.000128782
4.45069e-06;0.326964;9.25533e-05;1.13053e-05;0.000142115;4.33408e-06;4.40458e-06;0.00021286;5.29845e-07;1.21115e-05;8.41154e-06;0.656497;0.0117009;0.00434475
1.26504e-05;0.67738;2.38611e-09;3.00783e-05;4.97757e-05;6.77288e-06;3.50613e-05;0.00986143;3.39297e-05;8.91025e-06;0.00106552;0.246406;0.0649453;0.00016429
7.97351e-05;0.302192;1.79825e-10;9.6977e-05;1.49618e-06;6.87491e-05;5.22323e-05;0.0148758;0.000244661;1.93303e-05;0.00896961;0.000422799;0.672895;8.16113e-05
0.000109394;0.429476;1.74539e-05;2.26328e-05;2.19386e-06;5.50749e-08;0.534555;6.00979e-07;7.07607e-05;0.0344326;0.000413375;1.42571e-06;1.00903e-05;0.000888947
3.72011e-10;6.03113e-11;1;5.70561e-11;2.67097e-10;1.88944e-11;3.92939e-08;6.47331e-14;1.24741e-10;2.53469e-09;6.51938e-11;1.07403e-07;1.46495e-13;1.03697e-10
1.6664e-05;0.804921;2.05495e-07;7.46704e-08;1.48116e-08;2.17917e-07;3.41703e-05;1.13061e-06;1.04467e-06;6.31387e-08;2.38181e-06;0.0182926;0.17673;6.08034e-08
1.0773e-05;0.0314198;2.968e-07;6.18414e-05;0.000151784;0.000555645;7.65307e-05;0.00354717;2.98996e-05;1.3213e-05;7.8221e-05;0.000963467;0.962336;0.000755102
1.47139e-05;0.258526;4.58046e-08;0.000544786;0.00986739;0.12182;5.79834e-07;0.0880311;1.50201e-06;6.52351e-05;2.85428e-06;0.000219324;0.108024;0.412882
3.34618e-05;0.0552199;1.72369e-08;2.56728e-06;3.48504e-07;1.3047e-06;2.84936e-07;0.0849268;1.17796e-05;3.2311e-08;1.19452e-05;0.000165207;0.859626;4.69596e-08
1.27602e-05;0.999028;9.08863e-05;4.24784e-06;6.68636e-06;3.88457e-06;2.32533e-07;0.000434369;2.12548e-07;1.6132e-06;4.06324e-09;2.60109e-07;0.000349974;6.69234e-05
9.09824e-08;8.18604e-06;0.999978;6.48287e-07;7.76545e-08;6.17921e-08;8.22126e-07;3.92943e-09;5.11509e-08;2.97794e-08;5.66088e-08;1.18347e-05;2.42693e-07;4.15045e-08
1.21534e-07;0.000105343;0.986696;2.35087e-06;1.07688e-06;1.06875e-06;2.64017e-09;1.40526e-05;1.87309e-08;3.24484e-08;2.34578e-07;0.0129968;7.39154e-08;0.000182589
1.32538e-07;0.000777352;7.12972e-08;3.65365e-07;0.00608388;6.72338e-05;2.05242e-09;0.000463445;2.32406e-08;1.10699e-07;1.91018e-06;4.18558e-07;2.7401e-06;0.992602
2.40064e-07;0.00561117;0.280319;6.5105e-06;0.0493554;0.00152331;5.80528e-09;0.000265937;1.04271e-10;1.1073e-07;1.27033e-07;0.626577;0.000216664;0.0361246
1.40645e-10;8.10566e-06;1.28279e-13;2.70758e-11;3.87016e-11;4.9726e-07;6.08661e-11;1.89953e-08;5.07655e-11;8.53567e-13;1.28188e-09;2.2235e-11;0.999991;1.55818e-10
6.95736e-08;0.000203444;0.999645;1.37848e-07;1.64558e-07;1.2403e-06;2.21751e-09;1.38317e-07;1.58493e-10;6.25035e-08;3.80753e-09;8.31733e-05;5.6923e-05;9.59373e-06
3.71139e-06;0.839691;9.97651e-07;0.000568951;0.0055645;0.00149503;9.01177e-06;0.0395643;1.39649e-05;5.84051e-06;0.00136597;1.02434e-05;0.103331;0.00837505
3.17563e-05;0.910985;0.0626987;0.000141711;0.000889626;0.000117987;9.44205e-07;0.000462598;4.5328e-08;6.47278e-05;4.65503e-07;0.00284185;0.0203476;0.00141697
1.61418e-07;1.38771e-08;0.999998;4.39656e-08;4.41495e-08;9.55459e-09;1.00828e-06;5.01518e-11;1.23049e-08;1.76649e-08;4.25757e-08;8.16675e-07;1.07312e-08;4.81243e-09
0.000760714;0.0488366;0.516211;0.000101283;9.30294e-05;4.4593e-05;0.000517096;0.00922611;0.000138637;9.04792e-05;0.000150694;0.115371;0.308252;0.000206046
1.13822e-05;0.00873531;7.51323e-05;0.000264129;0.2745;0.170023;1.09472e-06;1.1202e-05;4.59143e-05;1.12714e-05;0.000134241;6.05142e-05;0.00101581;0.545111
6.74891e-06;0.0923241;4.01163e-07;1.40726e-07;0.000138379;3.31458e-05;3.6272e-06;6.60981e-06;5.6636e-10;4.09931e-05;8.81488e-10;6.50319e-07;0.00328981;0.904155
3.99197e-11;6.41004e-10;1;2.03148e-11;7.94977e-10;6.83319e-11;3.98616e-10;9.89958e-13;1.20623e-12;1.94683e-11;2.56963e-13;6.46181e-08;2.61917e-12;3.01289e-10
3.61411e-06;0.130942;4.41022e-07;3.21773e-06;0.000298536;1.37721e-06;1.07891e-06;0.798377;2.4842e-05;2.64713e-08;4.84988e-05;0.00680461;0.0634697;2.46595e-05
3.12572e-06;0.0886817;9.91293e-07;8.73762e-06;4.66336e-05;0.000316982;2.39889e-08;0.0148073;3.83595e-06;6.80168e-07;3.16741e-07;0.000559463;0.887712;0.00785861
2.40192e-05;0.524386;2.96919e-07;0.000208637;0.00374036;0.00037853;1.46649e-06;0.0128185;4.45546e-06;9.81832e-06;3.72254e-05;0.368127;0.0128231;0.0774402
1.65854e-07;0.999696;1.46592e-09;1.99903e-08;2.0899e-08;1.42371e-08;0.000167344;4.07548e-07;1.4125e-10;1.51787e-05;2.29495e-09;2.48005e-08;1.75199e-06;0.000119188
2.98536e-10;2.44431e-11;1;7.43217e-10;4.08787e-09;3.75362e-09;2.69015e-09;1.48836e-12;1.1352e-10;1.32559e-10;1.33388e-10;5.70376e-08;2.80376e-12;7.93437e-11
0.00241173;0.0587943;2.10222e-06;2.06245e-05;0.01187;0.0110091;0.00147005;0.552527;0.00990709;6.28819e-05;0.000316871;0.00231269;0.348616;0.000679278
4.0062e-05;0.304525;1.52027e-07;9.77729e-07;5.98933e-08;1.49537e-07;0.691914;4.15427e-06;8.43511e-05;0.0032078;2.42713e-05;8.02515e-07;2.45458e-05;0.000173618
5.78341e-09;3.06019e-09;0.999978;9.02605e-08;1.69524e-08;4.28275e-08;2.00371e-05;3.31812e-11;1.41458e-06;6.33736e-08;1.95992e-07;5.71063e-08;3.07074e-10;4.30793e-09
3.61307e-07;0.999599;7.42772e-05;5.68547e-07;3.78862e-09;2.10727e-09;2.93725e-07;2.65572e-05;1.99103e-08;4.45058e-09;4.26605e-07;9.24663e-05;0.000206037;5.66037e-08
1.87131e-07;0.999903;3.22864e-10;9.75523e-08;7.96442e-08;2.10849e-10;2.19154e-06;5.88519e-05;9.21443e-07;3.22289e-08;1.52272e-06;4.18695e-06;2.87181e-05;8.62437e-08
2.4432e-07;0.00239442;2.13647e-05;5.25983e-06;0.00184873;0.000251908;5.67921e-09;2.68811e-05;1.10167e-09;5.84598e-07;3.6683e-09;0.993272;0.00072743;0.00145157
1.3554e-05;0.978755;1.5111e-08;2.99083e-05;9.87481e-05;9.41221e-06;3.39929e-05;0.00297022;0.000139871;5.42325e-07;0.000460164;0.00132267;0.0127895;0.00337683
0.000221761;0.445179;3.48565e-07;9.11692e-06;3.71475e-05;1.75332e-05;5.29734e-06;0.00443677;5.42812e-05;3.90864e-06;1.47657e-05;0.0373846;0.511807;0.000829247
0.000530889;0.909977;6.27567e-09;1.14851e-05;0.000587944;5.81095e-05;7.36252e-05;0.00398496;0.000194288;1.75721e-05;0.000236583;0.0358159;0.0471087;0.00140258
0.000153372;0.980176;2.40342e-06;9.04833e-07;5.01481e-07;1.95995e-07;0.0175589;1.54693e-05;1.39221e-05;0.00155557;8.11912e-06;1.61541e-05;0.00014732;0.000351427
6.23201e-10;1.82751e-11;1;6.14771e-09;5.32671e-08;3.58818e-08;3.43372e-09;3.24787e-12;3.31169e-09;3.33248e-09;4.2541e-10;2.57032e-08;1.07455e-12;1.15662e-08
0.000925899;0.795134;1.12598e-05;0.000226722;0.00071013;0.00480147;0.00074324;0.104445;0.00657896;4.16067e-05;0.000403391;0.000821347;0.0846206;0.000535458
5.31634e-05;0.0141191;1.20023e-09;9.08095e-06;2.92405e-05;9.76218e-05;4.11527e-07;0.0220872;0.000244571;2.05396e-07;7.62341e-05;0.00628412;0.956977;2.22653e-05
1.2003e-06;0.0525196;9.34516e-10;1.34539e-07;2.76696e-05;4.88153e-07;1.02982e-07;0.0020261;3.40727e-08;1.15821e-07;5.91106e-09;5.09594e-07;0.945337;8.66758e-05
7.0249e-07;0.00119378;1.01109e-08;0.000470306;0.000106601;0.464371;1.34096e-06;0.000306266;1.10311e-06;0.0001611;2.26399e-06;2.52374e-07;0.519166;0.0142196
3.36014e-06;9.32955e-06;0.998269;1.11715e-06;4.01043e-09;1.3633e-08;6.74438e-05;5.76374e-09;3.67121e-08;6.12476e-05;6.48339e-07;0.00158769;3.96623e-07;1.43645e-08
4.00104e-08;2.7524e-10;0.999995;1.3554e-08;9.13282e-10;1.24477e-08;3.58082e-06;3.11047e-12;1.53886e-06;3.91687e-09;3.52067e-07;3.99606e-08;3.77308e-11;2.67037e-10
0.00018445;0.00376523;9.06201e-07;1.4367e-08;1.61887e-06;2.94959e-08;5.87963e-07;0.995921;0.000113995;3.99323e-08;3.77867e-06;4.36879e-06;2.25879e-06;1.45249e-06
1.02329e-06;0.00697503;4.08054e-05;1.37722e-06;7.53809e-05;3.67813e-05;7.58631e-09;0.000273121;1.02654e-05;7.19017e-08;1.3525e-05;0.991028;0.001203;0.000341181
1.07717e-05;0.420837;8.79032e-07;7.3346e-06;7.21617e-05;5.70834e-05;4.40698e-08;0.00232123;6.64378e-06;1.47154e-06;7.98981e-06;0.000555094;0.569021;0.00710128
0.00360514;0.864281;7.29802e-05;7.17645e-06;0.0234666;0.000200777;2.00466e-06;0.00119864;3.42683e-05;1.59872e-05;1.53905e-06;0.00166974;0.0164289;0.0890148
0.000649824;0.228416;2.76407e-05;2.81881e-05;0.00101825;0.0004807;3.35626e-06;0.508116;0.00579246;1.7277e-05;2.56502e-05;0.00109573;0.246275;0.0080543
5.9189e-06;0.00305068;3.8941e-09;1.93186e-05;5.9788e-05;1.40806e-05;6.5093e-08;0.981276;0.00100928;9.34398e-07;7.3526e-06;3.5145e-05;0.0144866;3.44672e-05
0.000734186;0.00993696;1.33559e-08;2.81395e-07;5.28608e-08;5.19748e-09;9.6012e-06;0.98909;6.34753e-05;8.13473e-07;4.32805e-07;4.02226e-07;0.00016275;6.98986e-07
1.22217e-05;0.963216;1.15153e-06;5.90082e-06;7.3469e-06;2.8712e-07;0.031866;0.000227479;4.49327e-05;0.00034243;8.6166e-07;0.00044838;3.04118e-06;0.00382436
2.53151e-10;7.97612e-10;0.999998;3.40726e-09;1.37426e-10;3.29076e-10;1.44189e-06;6.19774e-11;1.87491e-08;4.20385e-10;2.4477e-08;1.11241e-07;6.9817e-12;1.05748e-12
5.62356e-06;0.824387;6.91058e-08;2.9553e-07;9.25597e-09;8.19408e-08;7.08697e-05;1.99878e-05;2.44358e-05;2.01866e-08;0.000965272;0.000265169;0.174261;9.70158e-08
3.86849e-06;0.128494;6.95054e-06;0.000403582;0.000413524;0.00811255;1.46694e-07;0.0105786;4.20016e-05;3.84331e-06;0.000397387;0.568165;0.0803343;0.203045
8.56941e-05;0.701088;0.00453668;6.50513e-05;0.000249475;0.00584524;1.52637e-05;0.00785018;0.000661523;1.1365e-05;0.000957224;0.00078458;0.13904;0.13881
1.19497e-05;0.849056;5.89512e-06;0.000317571;7.42932e-05;0.00392403;7.62129e-06;0.00569134;0.00442606;2.41388e-05;0.0132372;0.000245875;0.120232;0.00274692
9.8014e-06;0.988362;0.000917125;2.37776e-05;0.000276359;1.45736e-05;4.21749e-08;0.00169339;2.45197e-07;6.33999e-06;5.29515e-07;0.00501022;1.50817e-05;0.00367024
5.96782e-06;0.00433008;0.990616;2.79303e-07;9.84474e-06;1.6591e-07;4.96667e-06;4.33401e-06;1.882e-08;1.36877e-06;4.41093e-07;0.0034575;0.00156309;6.1766e-06
0.000215125;0.0900067;4.74617e-08;6.99818e-05;0.0013702;0.0049843;0.000750218;0.240648;0.00910156;4.28847e-05;0.0209613;0.00197011;0.627988;0.00189165
8.11226e-05;0.834555;0.160523;7.04987e-06;4.15932e-06;1.94528e-06;1.89986e-06;0.000218491;1.47277e-07;2.30608e-05;1.6405e-07;0.00393589;0.000628738;1.95237e-05
4.02934e-09;2.34344e-10;1;1.14109e-09;1.80265e-08;1.93579e-09;4.73154e-09;5.50867e-09;4.44988e-10;3.92506e-10;1.8716e-09;2.23911e-08;2.70221e-10;2.35475e-09
1.4223e-05;0.0179344;0.000237583;8.41397e-05;9.36487e-06;3.05096e-05;5.00786e-06;0.581268;0.00049151;9.84384e-06;0.00392117;0.32931;0.0662947;0.000389874
7.70584e-05;0.0358671;0.000114702;0.00320937;0.0425969;0.168236;0.000151609;0.531358;1.99149e-05;0.00214502;7.73951e-05;0.00539893;0.0207282;0.19002
3.90134e-05;0.0314082;3.24101e-09;7.25692e-06;6.72394e-06;2.20869e-06;1.39306e-06;0.0492842;9.08898e-05;4.45329e-08;8.61504e-05;0.0183674;0.900706;5.28462e-08
1.3187e-05;0.999287;4.53488e-05;0.00014472;4.52879e-06;1.32951e-05;5.21629e-05;1.4369e-05;5.09219e-06;0.000212919;1.75489e-06;1.01169e-05;0.000103793;9.13724e-05
9.54206e-06;0.0135277;0.00427231;2.6779e-05;1.21446e-05;2.57456e-06;1.42596e-07;1.50832e-05;2.5455e-06;1.75925e-07;2.65815e-06;0.981085;1.62061e-05;0.00102688
0.00192907;0.27438;8.56563e-06;0.000437981;0.00695395;0.00048792;0.00180941;0.489096;0.126058;1.39742e-05;0.0869391;0.00218123;0.00873456;0.000969576
0.000624113;0.0351604;0.000306668;1.0722e-05;4.30671e-05;1.24514e-05;0.000103767;0.697119;0.00186963;1.5686e-05;0.0169414;0.0228358;0.224955;2.28693e-06
4.92425e-07;0.968822;6.08682e-08;9.69947e-07;3.21578e-07;3.97596e-06;8.52803e-06;2.52808e-07;4.67306e-07;0.000280491;5.74999e-08;3.72034e-10;1.06267e-05;0.0308713
2.40114e-10;3.25602e-10;1;1.66793e-10;6.92591e-12;1.38652e-11;1.48517e-09;1.39932e-12;5.18032e-11;1.74527e-10;1.69952e-10;2.08411e-08;2.24884e-12;5.60137e-14
0.000185212;0.0996745;4.99459e-08;0.000232643;0.000646396;0.00477639;0.00628542;0.0937802;0.0130308;0.000102992;0.504982;0.00131566;0.274917;7.0857e-05
7.07637e-05;0.0101079;4.05858e-08;0.000441479;0.0002409;0.000255314;0.000137911;0.0788826;0.00220454;1.90491e-05;0.0173074;0.000193636;0.890096;4.28322e-05
0.000119974;0.998728;2.61464e-06;0.000213128;1.97108e-05;9.56109e-06;1.1082e-05;5.53037e-05;6.29814e-05;4.49404e-06;7.00614e-06;0.000125238;4.71919e-05;0.000593879
9.1183e-07;0.999255;2.79778e-10;1.29468e-07;1.71069e-07;2.75441e-08;6.124e-05;0.000174779;2.63108e-08;1.17745e-05;2.90871e-08;1.17628e-09;1.32128e-05;0.000483178
2.12693e-11;2.31566e-11;1;6.56694e-10;6.57179e-11;1.02405e-09;8.67e-10;2.48197e-14;1.78148e-10;1.65997e-10;1.09385e-09;1.68766e-07;2.31977e-14;7.42125e-10
3.93176e-07;0.113167;1.5518e-09;3.47801e-08;3.88197e-08;3.03736e-07;4.71528e-08;3.52494e-06;2.01905e-08;1.49301e-09;2.76181e-07;4.61692e-07;0.886822;5.88006e-06
9.46807e-10;2.06713e-05;8.40081e-06;5.6195e-09;2.26351e-07;1.26052e-08;2.41967e-11;1.58717e-05;1.88857e-09;7.19191e-11;9.33838e-09;0.999936;1.37925e-06;1.73938e-05
4.44076e-08;0.0558051;2.52143e-07;8.04841e-05;0.0212166;0.000459602;2.55582e-08;0.91645;3.7067e-07;1.02763e-06;3.02263e-06;0.000563363;0.0038225;0.00159718
1.19274e-07;0.00340459;7.56522e-08;1.12433e-07;6.28479e-08;4.63487e-05;1.90685e-09;3.2103e-06;5.07448e-09;2.58076e-08;3.21268e-08;0.000196204;0.996345;4.0648e-06
4.33792e-08;1.82127e-06;0.99974;9.81331e-08;7.46939e-08;1.69106e-08;6.59039e-07;1.66936e-09;5.54527e-10;5.01975e-06;1.28762e-08;0.000246439;1.36508e-08;5.62599e-06
3.77281e-09;2.39973e-10;1;7.74379e-10;2.1371e-09;9.27323e-10;2.43697e-08;4.54581e-11;1.46725e-08;2.52944e-10;6.93277e-09;1.33796e-07;1.77973e-10;1.18516e-12
8.2767e-07;5.04615e-05;1.18723e-10;4.36875e-11;4.35521e-08;6.65384e-10;3.11888e-10;0.999935;3.04549e-08;1.19291e-10;4.51177e-10;3.13917e-09;1.37701e-05;1.5963e-09
1.79444e-08;3.38268e-06;4.85795e-07;3.72932e-07;0.000117973;0.000100239;6.88069e-11;2.67453e-06;4.6138e-08;1.93107e-08;1.53945e-09;0.00316873;2.26236e-06;0.996604
8.83802e-05;0.0623881;9.18073e-10;1.8503e-06;3.79641e-07;6.01304e-08;1.57364e-06;0.00215222;0.000334823;1.6063e-08;0.000375799;2.88292e-06;0.934654;2.98192e-07
1.21326e-06;0.999558;2.64377e-11;3.32263e-08;5.72354e-09;3.9198e-10;2.66338e-05;1.30003e-06;1.8916e-09;5.15014e-06;8.12548e-10;3.7098e-10;3.36466e-07;0.000406897
1.07094e-09;2.00638e-10;0.999998;1.81295e-08;1.10966e-06;7.06945e-09;1.5971e-08;1.32339e-10;3.21199e-10;9.2929e-09;8.64097e-11;2.91761e-07;4.30028e-13;6.89593e-08
4.96885e-08;0.0020286;1.76674e-05;9.43906e-07;2.47163e-08;1.89108e-06;1.91659e-08;9.67228e-08;7.93668e-10;4.01803e-09;6.28089e-08;3.90325e-06;0.997947;1.88229e-08
3.31578e-07;0.0219057;9.61003e-07;6.29618e-06;2.20042e-06;1.78576e-06;5.68338e-06;0.938035;2.90391e-06;2.86727e-06;8.7859e-05;0.0376995;0.00221894;2.93985e-05
4.05744e-09;0.000190776;8.24552e-07;3.75815e-06;0.00087171;0.994808;6.04635e-07;0.00214009;3.5248e-07;8.52413e-07;8.17608e-07;3.24333e-10;0.00163105;0.000351212
2.18991e-09;3.34529e-06;0.999996;5.66849e-09;2.76011e-10;7.27715e-10;2.43406e-08;3.46155e-09;4.628e-11;3.86011e-10;4.16633e-09;3.77922e-09;2.07816e-07;1.78101e-10
8.06883e-07;0.000267567;8.06873e-06;2.55516e-05;1.63907e-06;3.2547e-05;1.78799e-07;3.43526e-05;2.30019e-05;7.50896e-08;0.000867263;0.998052;0.000653139;3.41602e-05
2.04155e-07;0.00645191;1.3033e-06;1.29538e-08;2.50764e-07;3.93628e-06;1.04854e-09;3.66126e-06;8.26542e-10;5.59205e-09;2.16191e-08;3.7705e-07;0.993534;3.90495e-06
2.85113e-09;0.000312283;0.000119982;1.12098e-07;9.83254e-06;1.27781e-06;2.34186e-10;6.27357e-06;5.93973e-09;2.58905e-09;4.02227e-08;0.999512;3.72097e-06;3.43435e-05
1.2151e-06;0.0790283;2.6844e-06;0.00019434;0.0596303;0.000716259;1.83043e-07;0.763948;5.32658e-05;1.23291e-05;6.5202e-07;8.23454e-05;0.000553209;0.0957765
5.94006e-07;4.34488e-05;4.04792e-09;1.04482e-08;0.000373636;6.7377e-09;1.01186e-09;0.999572;7.67751e-08;3.09028e-08;3.05308e-08;4.01252e-07;9.60208e-06;2.01218e-07
6.17354e-09;4.72099e-07;0.999997;8.77326e-08;2.48046e-07;4.53568e-08;1.56118e-09;7.22736e-10;6.27357e-10;7.60043e-08;1.58506e-08;1.26011e-06;2.56337e-07;3.84693e-08
4.65279e-08;0.998821;9.67199e-08;1.27283e-07;6.74802e-08;1.07371e-07;1.15779e-07;0.000659605;1.50247e-07;7.32589e-09;1.91273e-06;0.000206183;0.000308741;2.04228e-06
