2.24217e-06;0.999761;5.64362e-05;3.33707e-06;3.10829e-06;5.05773e-08;8.79064e-09;4.80385e-05;2.34888e-08;4.96268e-08;5.3647e-08;7.22705e-05;4.69803e-05;6.47151e-06
2.46041e-06;0.966539;2.60975e-09;4.01752e-06;7.5198e-06;7.42791e-05;4.62694e-05;0.00653401;9.45476e-07;5.78805e-05;3.92134e-07;5.65759e-09;0.0266438;8.94765e-05
5.76128e-10;4.93622e-11;0.999999;3.21271e-08;1.15944e-07;2.26898e-08;3.75975e-10;1.29152e-09;7.35682e-11;2.64789e-09;1.14512e-09;1.53923e-07;8.08569e-13;7.51643e-07
5.91972e-07;0.992067;3.95606e-08;4.56888e-06;1.55751e-06;3.12211e-06;2.38912e-06;0.00116536;2.4416e-06;4.25452e-08;4.85591e-06;4.11994e-06;0.006743;9.46825e-07
7.94482e-06;0.0208788;5.85299e-05;3.78231e-07;3.2424e-06;2.0748e-07;1.14259e-06;0.976938;1.08211e-06;1.14451e-07;1.38801e-05;0.0015429;0.000337464;0.000216486
1.63361e-06;0.102298;1.23522e-06;1.50942e-05;0.00175315;1.25848e-05;1.69872e-06;0.00628858;4.5157e-05;1.39208e-05;0.000206312;0.836986;0.00186805;0.0505089
2.3785e-05;0.969586;1.79299e-06;6.79399e-05;1.74322e-05;0.000749808;4.11879e-05;0.000549413;0.0014458;8.24195e-06;0.00215428;0.000953466;0.0243931;7.98876e-06
7.78683e-05;0.0644452;0.131098;4.29108e-05;5.63396e-07;2.86116e-06;5.97501e-05;4.25407e-06;1.80909e-06;8.44085e-06;1.56029e-05;0.738381;0.0658553;6.81002e-06
2.0514e-06;0.042047;7.0894e-09;1.67547e-06;6.94429e-07;3.50435e-06;4.14627e-07;4.29432e-05;1.63802e-05;3.3703e-09;7.97463e-05;0.0231794;0.934625;1.06769e-06
1.68888e-06;0.10853;2.20895e-05;1.73672e-06;0.0224513;8.89467e-06;3.50771e-08;0.256032;3.5984e-07;2.76131e-07;1.14296e-08;0.000416392;0.611882;0.000653541
7.43961e-08;0.00202418;2.29634e-07;3.48808e-05;1.76078e-06;2.3673e-05;1.81821e-07;3.00231e-05;3.78843e-06;3.77106e-06;1.80155e-05;9.64509e-06;0.997844;5.33883e-06
8.01271e-06;0.000184408;0.955158;6.57058e-05;5.17885e-05;1.51295e-07;7.79748e-06;1.67043e-08;2.80613e-07;1.58106e-05;2.05311e-06;0.0437032;3.79714e-06;0.000798998
1.34156e-05;0.0124675;1.1561e-07;1.21967e-05;0.016494;2.37346e-07;3.4564e-05;0.968839;0.00122847;1.33129e-07;0.00082775;1.15282e-06;7.83137e-05;3.48608e-06
6.20085e-06;0.002212;0.99754;1.41173e-05;2.17337e-05;1.4891e-05;1.92901e-07;1.11912e-06;1.15e-06;1.57044e-06;2.37145e-06;3.30845e-05;6.94717e-05;8.2309e-05
5.55984e-06;0.933041;1.33223e-08;8.61831e-09;3.71168e-09;5.06328e-09;8.18258e-07;9.50287e-07;9.13893e-09;3.59998e-08;2.24017e-07;0.00210716;0.0648442;2.84066e-08
7.00004e-08;7.45146e-05;7.45334e-09;7.58775e-09;4.47442e-07;6.63761e-06;5.78843e-09;3.72616e-05;1.47707e-08;1.30045e-09;1.4976e-09;0.999788;9.06344e-05;2.85375e-06
2.57743e-05;0.177156;1.70325e-07;3.03568e-06;0.000124962;4.13091e-05;5.75736e-07;0.0951901;8.21291e-07;4.05036e-08;4.40149e-06;0.00498539;0.7224;6.75471e-05
6.76084e-05;0.392668;2.20423e-07;0.000119627;0.00114151;0.000161114;4.14919e-08;0.122044;1.34123e-05;5.9532e-07;2.14201e-05;0.369873;0.113553;0.000336556
4.10229e-06;0.0147397;1.54973e-08;4.32978e-07;1.63605e-07;5.76271e-06;1.23758e-07;1.33328e-06;1.76728e-06;1.0826e-07;6.04352e-07;6.22978e-06;0.985239;9.85058e-07
2.63605e-08;8.29747e-05;0.999696;7.97204e-09;2.81681e-09;2.95836e-10;2.83115e-09;1.74298e-09;4.68928e-11;4.04005e-08;1.17993e-10;0.000220388;7.69129e-07;2.08742e-07
1.18637e-06;0.737659;1.62037e-10;3.43193e-07;6.33582e-06;1.60052e-07;0.242253;1.36099e-05;5.94441e-06;0.00137699;8.18522e-06;3.62988e-09;2.05665e-05;0.0186548
5.50907e-07;2.57652e-06;0.999889;7.2651e-07;1.4342e-06;5.10569e-07;1.63956e-05;2.23521e-08;4.83022e-06;3.08582e-07;7.42726e-05;6.36065e-06;3.00068e-06;5.19506e-08
1.85253e-06;0.999957;1.13938e-06;2.78486e-07;4.40496e-08;2.99907e-09;1.07519e-07;3.71946e-06;4.95143e-09;1.45641e-08;1.55208e-08;8.40279e-06;2.54416e-05;2.38973e-06
0.000160052;0.501728;2.40766e-09;6.83557e-05;0.00026813;4.55696e-06;2.92701e-06;0.447687;0.001253;1.37647e-05;0.000280738;0.0455678;0.00264896;0.000316701
7.10689e-05;0.895032;0.00103235;0.000698415;0.000177448;0.00149202;5.31465e-07;0.000181444;1.92382e-06;0.00037725;7.96294e-06;0.0872965;0.013044;0.000586829
0.000109189;0.00745874;1.46333e-05;3.64876e-06;0.000113363;0.000173538;3.99415e-07;0.00085943;5.44153e-06;1.11506e-07;0.000121081;0.990126;0.000345327;0.000669289
6.03899e-06;0.977097;2.22939e-07;3.60799e-07;0.00033253;2.95001e-06;6.96609e-08;0.021113;2.81698e-06;2.1984e-08;6.39307e-07;2.69418e-05;0.0014046;1.25725e-05
2.35384e-07;0.997979;2.43344e-08;7.1699e-06;2.29352e-06;4.25404e-07;2.94592e-08;0.000444002;1.16291e-05;1.09097e-06;1.6082e-06;0.000748546;0.000723799;7.98918e-05
7.76439e-06;0.0694324;2.9293e-06;0.000129305;0.0662437;0.0609131;7.14821e-07;0.780506;2.03263e-05;2.91221e-05;1.56845e-06;0.000250569;0.00387262;0.0185898
1.34306e-05;0.0230936;1.85412e-09;2.67799e-06;4.48849e-06;1.29744e-06;1.57413e-07;0.803498;1.67315e-05;1.23501e-07;1.06267e-05;3.77945e-05;0.17332;4.71e-07
1.01548e-05;0.000678222;5.42595e-11;2.46839e-09;8.44998e-08;2.09115e-10;1.49223e-07;0.999284;1.75173e-07;1.19634e-08;4.2585e-09;4.91493e-08;2.65211e-05;2.51001e-07
6.40851e-08;5.86245e-07;1.65444e-06;2.19567e-05;0.996366;4.75637e-06;5.83083e-09;0.000912616;6.16667e-07;2.24919e-07;3.87664e-08;0.000696294;3.06614e-08;0.00199489
2.17651e-06;0.00013607;0.999811;3.76662e-05;4.44197e-07;1.11391e-07;2.75045e-07;2.57446e-07;4.71572e-07;9.1675e-08;5.38605e-06;3.58948e-06;1.53761e-06;6.45555e-07
6.56415e-06;0.981994;4.88544e-09;1.76992e-08;5.26684e-09;8.86578e-08;4.28237e-06;4.54264e-06;3.49921e-07;4.2156e-09;1.75239e-06;0.00254304;0.0154453;1.92938e-07
1.60668e-07;0.919183;1.03969e-08;2.06567e-08;5.25418e-07;8.14832e-07;0.0018607;1.08617e-05;4.82251e-08;0.000105075;1.65963e-07;0.000113158;2.6825e-05;0.0786979
3.5748e-12;1.58945e-09;0.999998;1.25321e-09;4.8429e-09;2.32434e-07;3.06153e-10;1.39823e-11;9.25922e-10;2.93895e-11;1.87968e-09;1.93918e-06;4.93704e-11;2.98875e-10
2.93558e-06;0.0448378;1.46781e-07;5.61646e-06;7.03648e-05;0.00193519;1.63839e-07;0.00211149;6.91888e-06;5.03845e-08;0.000261371;6.81112e-07;0.950728;3.97871e-05
8.54989e-05;0.936011;0.000138795;2.52096e-07;7.73727e-08;1.18784e-07;2.30324e-06;3.94979e-06;1.36845e-08;7.7945e-08;6.47503e-06;0.0532811;0.0104584;1.20836e-05
2.14688e-06;0.0135499;6.46636e-06;6.44262e-05;0.636868;0.000249825;6.92692e-07;0.226306;2.37329e-05;9.46223e-07;0.000115207;0.0864119;0.000152116;0.0362484
7.04388e-06;0.0764831;0.91342;0.000428092;0.00018086;0.000694122;2.26017e-07;2.787e-06;1.66818e-07;3.69224e-06;1.61565e-05;0.00150264;0.00695756;0.000303904
7.01853e-05;0.479808;1.76698e-07;1.38592e-06;7.58684e-05;1.69174e-05;1.05043e-06;0.155424;1.80046e-05;7.83775e-07;9.23386e-05;0.0312572;0.329756;0.0034793
0.000178215;0.38523;3.6981e-05;0.000370019;0.0354861;0.00293327;0.000794185;0.0357412;0.000142542;0.000499185;0.000343399;0.144058;0.384243;0.00994418
0.00122315;0.509831;4.43358e-05;5.23255e-05;6.89747e-05;1.78352e-06;2.37154e-06;0.48653;0.000295245;8.45108e-06;2.28627e-05;0.00167082;0.000179617;6.98687e-05
5.98838e-05;0.0315095;9.13368e-10;2.03534e-07;0.000315585;1.02599e-07;1.73122e-07;0.967961;5.14279e-05;1.73566e-07;2.87532e-06;3.17108e-05;6.52699e-05;1.87982e-06
1.14055e-05;0.00272731;0.766923;1.75545e-05;0.00705336;0.000369323;5.22888e-08;5.83802e-06;5.97369e-08;1.47047e-06;2.27299e-08;0.215744;0.000141562;0.00700451
6.58456e-06;0.907245;1.79014e-08;7.08249e-07;2.82235e-06;0.000137444;2.05319e-07;0.0778325;4.69623e-05;1.46329e-08;1.02865e-05;0.000424622;0.01338;0.000913221
2.13721e-07;0.000860506;4.08796e-10;1.16136e-06;0.000335891;5.7735e-05;8.56133e-08;1.84198e-05;2.07169e-07;9.4104e-07;3.70742e-06;8.70998e-06;0.998681;3.13446e-05
2.39458e-05;0.000432816;9.07758e-07;1.04267e-06;6.19873e-06;1.849e-07;6.10078e-08;4.03559e-05;4.36087e-06;4.81353e-07;6.68841e-06;0.998852;0.000631079;1.67344e-07
9.48306e-06;0.989993;1.33542e-08;4.24214e-07;8.17216e-09;3.06958e-08;2.18751e-05;9.68918e-07;1.52847e-05;1.78469e-07;3.11651e-05;0.00243007;0.007498;3.31944e-08
4.80377e-05;0.332509;0.00437852;0.000391322;0.000350172;0.00198479;2.61679e-05;0.000379546;6.11606e-05;3.24982e-05;7.56934e-06;0.636012;2.86342e-05;0.0237901
5.31602e-06;0.999736;2.65746e-09;6.72144e-08;2.25819e-08;4.65898e-08;5.5104e-06;2.45459e-05;3.27724e-08;5.66205e-08;1.58188e-07;7.48617e-05;0.000151368;1.95342e-06
6.4099e-07;0.000101555;5.94643e-06;1.4994e-05;0.0107718;6.58169e-06;6.63131e-07;0.00209808;3.06921e-05;1.65749e-07;8.21367e-05;0.986789;2.3931e-06;9.50205e-05
5.03626e-06;0.115876;0.0073629;1.54052e-05;3.98683e-05;0.000117817;1.25621e-08;2.12222e-05;5.59124e-08;9.93594e-08;4.12186e-07;6.2503e-05;0.876467;3.11389e-05
4.92475e-06;0.422798;2.51928e-07;4.19351e-07;8.809e-06;0.000127433;1.0512e-07;0.0169964;5.28204e-07;2.45816e-07;2.70155e-07;0.523491;0.0278429;0.00872864
1.43355e-06;0.507455;7.48884e-07;1.05813e-05;0.00113811;0.0015959;4.8878e-08;0.367231;4.50404e-07;2.50336e-07;3.45413e-06;0.0240407;0.0788068;0.019716
8.57266e-06;0.889833;2.62451e-07;0.000245655;4.1526e-06;1.63534e-05;5.1357e-06;8.97078e-05;7.21357e-05;2.27403e-06;0.00232816;0.0334439;0.0729365;0.00101393
2.83826e-07;0.000371906;8.38514e-09;2.44044e-08;3.11468e-05;1.00956e-08;7.30948e-10;0.999557;1.76557e-08;1.87514e-09;1.41321e-07;9.9953e-07;3.83476e-05;3.77938e-07
1.7797e-07;5.25943e-06;0.999933;1.38406e-06;9.59584e-06;1.72987e-05;4.71621e-07;1.86088e-07;2.15082e-09;8.51051e-06;3.65571e-07;2.39457e-08;2.96199e-06;2.09349e-05
1.25911e-08;1.16293e-09;1;6.92715e-10;9.71904e-10;6.52259e-10;1.482e-07;3.10281e-09;3.33212e-09;3.70651e-10;9.89862e-08;8.00194e-08;6.30263e-10;2.19166e-10
4.21431e-07;2.14335e-05;0.000213818;4.91412e-08;7.62673e-08;2.98337e-06;2.9731e-09;6.60589e-06;1.29402e-06;6.75913e-09;3.57389e-06;0.999725;1.73229e-05;7.20392e-06
1.79982e-06;0.999324;3.00917e-09;2.61823e-09;8.69966e-08;6.66645e-06;3.28808e-07;4.01892e-07;7.78289e-09;1.22938e-07;5.08323e-09;3.39537e-07;0.000664626;1.61294e-06
2.14126e-08;5.18623e-06;5.34732e-06;1.09738e-08;0.000158279;7.14752e-07;2.43722e-10;1.15901e-06;9.26945e-09;9.97235e-09;9.17039e-09;0.999633;9.1921e-07;0.000195025
1.69926e-08;0.000881989;1.03592e-10;6.58886e-11;3.53e-08;1.85066e-07;8.14816e-10;0.998929;7.05492e-08;2.03046e-10;2.42428e-11;5.27086e-14;0.000188919;4.03373e-10
1.13804e-08;7.32803e-05;0.999926;7.45094e-09;1.84042e-07;2.90023e-09;3.80706e-10;5.14717e-08;2.39252e-11;2.78305e-09;6.03172e-12;7.41229e-08;3.91107e-09;1.5038e-07
3.04796e-08;2.41687e-06;0.000183623;1.06498e-06;6.03876e-07;2.4996e-07;1.04682e-10;4.14364e-06;9.175e-08;6.14548e-09;3.64186e-08;0.999802;1.84549e-08;5.8742e-06
0.00051287;0.396816;4.15068e-07;4.86341e-06;0.000445975;5.14875e-05;1.13501e-06;0.252802;4.68128e-06;4.31463e-06;1.00496e-05;1.10039e-05;0.346004;0.0033316
2.73143e-07;0.996579;8.73846e-08;1.82843e-08;3.98825e-06;2.44792e-07;4.95342e-06;7.5702e-06;6.08822e-10;7.02356e-05;6.74759e-10;4.62972e-08;4.29718e-05;0.00329109
6.56987e-15;1.60789e-15;1;2.89242e-15;2.55294e-13;1.498e-14;6.11323e-15;9.53198e-16;2.04532e-16;1.95542e-14;2.96446e-17;2.0744e-13;3.0291e-18;1.28143e-16
1.01804e-05;0.00126875;0.000118569;3.1674e-06;0.00021423;0.000216785;1.06071e-06;0.996308;0.000971587;3.24263e-06;0.000132178;0.000202876;0.000521553;2.75452e-05
