7.65853e-07;0.00462928;0.000121506;8.31806e-07;6.50933e-07;8.64508e-07;1.15316e-09;1.22956e-08;1.33899e-10;1.42855e-08;8.63532e-09;9.27376e-05;0.995153;3.81906e-07
6.29523e-07;0.000450219;1.69026e-09;6.0736e-08;8.17156e-06;5.04558e-09;3.30735e-08;0.999411;1.23541e-06;3.07365e-09;6.63287e-07;9.14258e-05;1.12098e-05;2.56009e-05
2.73639e-08;0.000770628;0.999083;9.85827e-07;3.44879e-05;5.29468e-06;1.51425e-10;3.97975e-06;2.12032e-11;3.21455e-07;5.39462e-10;6.47251e-05;1.50862e-05;2.17226e-05
7.47184e-07;0.000147236;3.8119e-10;1.0943e-07;1.18719e-07;0.00023142;3.46269e-06;4.68031e-06;1.06295e-05;3.23628e-08;6.73785e-05;3.20128e-09;0.999533;1.25027e-06
1.39481e-05;0.0130105;0.9702;7.0526e-06;4.33399e-06;3.75644e-06;1.80791e-06;1.8341e-06;5.91937e-08;8.27554e-06;6.50497e-08;0.0145688;7.66683e-06;0.00217164
3.61049e-06;0.99394;5.85082e-09;1.02196e-06;4.11524e-07;1.89472e-07;3.90103e-06;0.00516958;3.1785e-05;1.97831e-08;6.14552e-05;4.43646e-06;0.000781905;1.87707e-06
0.000250315;0.17572;9.10017e-08;0.00642066;0.0077841;0.00915786;9.49698e-06;0.378303;0.023086;7.36522e-05;0.0195521;0.365454;0.00758296;0.00660593
5.57271e-06;0.00418929;8.37833e-06;4.13347e-06;3.14667e-07;1.21521e-06;4.6537e-07;3.02666e-08;1.98462e-08;2.70338e-06;4.12417e-07;0.000311939;0.995474;1.65858e-06
0.00169451;0.11832;1.43575e-05;8.05865e-06;5.71854e-05;9.105e-07;7.57899e-05;0.000821625;0.00847705;9.13701e-07;0.00754054;0.859362;0.000210029;0.00341729
9.48463e-06;0.0540987;1.8362e-07;2.1506e-07;0.0590665;3.0097e-07;9.09296e-09;0.884797;1.2716e-07;2.05503e-07;1.82315e-08;0.000909948;0.000622006;0.00049548
0.000141857;0.0666694;3.06446e-07;9.15893e-06;4.89203e-06;0.000106378;0.000351394;0.000180107;0.00110018;4.23483e-05;0.000162803;0.000188216;0.930945;9.77542e-05
0.000102834;0.019563;0.978549;1.8134e-05;5.62551e-06;1.3813e-06;0.00103337;3.36851e-06;1.70612e-06;0.000540574;2.7368e-06;4.49135e-05;2.40083e-05;0.000109334
1.26353e-07;6.6049e-09;0.999989;5.38219e-09;1.2931e-09;1.60518e-08;1.86785e-06;4.43241e-10;9.95686e-08;6.30215e-09;4.03391e-08;8.54016e-06;9.82276e-08;2.33289e-10
1.5347e-06;0.00549823;1.0701e-07;6.03572e-06;1.97341e-07;6.98374e-05;3.52233e-06;0.0021035;9.79311e-05;6.00519e-08;0.000456474;0.00109039;0.99066;1.19386e-05
6.24395e-06;0.38315;0.586956;1.63652e-05;8.45304e-05;4.98257e-08;1.11745e-08;0.000481192;8.04849e-08;1.08134e-06;4.49523e-08;0.0275772;6.55821e-05;0.00166147
8.33332e-06;0.940913;2.82856e-08;2.81929e-05;0.000600674;0.000364334;0.0012964;0.0389094;0.000216443;0.000229315;4.56327e-05;3.50784e-07;0.0159428;0.00144514
7.19044e-11;7.63341e-12;1;6.56759e-11;5.79425e-10;5.70403e-12;8.67078e-11;2.1347e-12;5.22085e-12;1.69852e-11;2.88329e-12;5.59394e-10;2.17205e-12;6.79141e-11
2.84825e-07;1.90447e-05;0.999754;8.20079e-07;5.50464e-07;1.23161e-07;2.40135e-09;0.000191477;1.2479e-07;1.26947e-08;3.95099e-08;2.13827e-05;7.14906e-08;1.19806e-05
3.8895e-09;5.48073e-06;1.08035e-06;6.56498e-09;2.16544e-06;2.89643e-05;3.75712e-13;1.63478e-08;6.98801e-11;6.61019e-09;5.85418e-11;1.05678e-05;1.39804e-07;0.999952
8.12092e-06;0.0338524;3.65156e-09;6.10467e-07;2.74048e-05;2.10509e-05;3.08513e-09;0.301785;2.45987e-06;2.59502e-08;3.05895e-06;0.000102211;0.664158;3.9636e-05
1.49666e-05;0.126952;1.12226e-06;2.58568e-05;0.00380999;0.000726731;4.69289e-07;0.752485;0.000126961;1.46862e-05;2.4876e-05;7.08873e-05;0.113287;0.00245928
2.93686e-06;0.994989;2.00103e-07;2.72707e-07;2.30755e-08;9.38762e-08;1.72988e-06;5.6801e-06;2.37673e-08;6.75234e-07;2.73198e-07;0.00336952;0.00162492;4.39085e-06
0.000133879;0.0105051;4.82963e-07;1.10697e-05;4.12953e-07;1.77779e-05;1.92679e-05;3.3238e-07;5.86674e-05;1.58404e-06;0.000101763;0.984218;0.00429634;0.000635773
0.00196145;0.955511;0.0409812;7.48047e-06;9.14384e-05;1.27804e-07;0.000577722;1.48052e-05;1.86303e-06;0.000201541;6.55157e-07;0.000148527;5.84617e-05;0.000443328
4.346e-10;9.09777e-13;1;5.79811e-12;9.51093e-10;6.3032e-11;4.58956e-10;5.05443e-10;1.34336e-10;1.78563e-11;9.52021e-12;3.19704e-07;5.85295e-13;3.44119e-12
3.71778e-06;0.00738261;9.49105e-07;1.34909e-08;1.97078e-06;8.75931e-08;1.49026e-08;0.989007;1.25053e-07;2.00491e-08;6.4336e-08;0.00149835;0.00210237;2.61874e-06
6.18264e-07;2.64782e-05;4.37586e-10;1.05513e-07;4.13143e-06;1.63212e-07;1.10504e-08;0.997176;8.24053e-06;6.77852e-09;4.59369e-06;2.29765e-06;0.0027636;1.32803e-05
2.01997e-06;0.00232373;5.32449e-06;8.70554e-07;5.33951e-07;1.97331e-07;1.38468e-07;8.68918e-05;1.53007e-06;1.20452e-07;1.04294e-06;0.993975;0.00353626;6.61295e-05
1.7797e-07;0.996003;0.0002452;5.12296e-08;7.84487e-07;2.52009e-08;4.7932e-09;0.00361195;7.0732e-11;4.09497e-08;3.83418e-10;5.79263e-07;0.000138561;9.50377e-08
1.36066e-09;7.06817e-08;1;5.85275e-09;9.73713e-09;1.21267e-09;4.33164e-09;4.73846e-10;2.86561e-11;2.00384e-09;1.19925e-10;5.90821e-08;2.89431e-09;2.64697e-09
3.38989e-08;8.65333e-09;0.994104;1.61217e-06;6.91794e-07;1.44751e-06;2.0229e-09;1.21977e-06;6.42656e-08;2.34239e-08;1.09286e-06;0.00560293;1.42284e-09;0.000286465
4.60527e-09;1.13655e-05;3.11866e-06;1.73437e-08;1.19319e-06;0.00041024;1.29023e-12;1.36812e-07;2.23607e-11;2.41461e-09;7.50852e-10;1.40953e-06;5.41242e-07;0.999572
6.18302e-09;0.000465423;8.99614e-13;7.56534e-11;1.85302e-08;1.1586e-08;2.98954e-12;0.000148711;6.35574e-11;6.10697e-12;1.55786e-09;1.14631e-06;0.999384;4.24873e-07
3.50738e-06;0.681089;4.29439e-06;4.5595e-07;5.15928e-05;1.08966e-06;1.24297e-09;0.00899658;5.19265e-08;1.1008e-07;5.50375e-08;0.0382182;0.267204;0.00443143
1.6412e-05;0.11208;0.000242914;0.0018274;0.007433;0.00749521;2.9994e-06;0.0181727;6.41788e-05;6.96529e-05;0.000824661;0.475835;0.344685;0.0312513
0.000357119;0.484344;0.000673473;9.36571e-05;0.000425282;0.000258978;1.36002e-05;0.105651;2.52239e-06;2.13107e-05;0.000100135;0.0268076;0.375392;0.00585899
3.82421e-05;0.0215945;4.61478e-05;0.000981996;0.000876339;0.0820471;1.86571e-05;0.00239184;8.91689e-05;2.52302e-06;0.00191227;0.0376649;0.733754;0.118582
1.86696e-05;0.155846;0.753742;4.66099e-06;2.82416e-05;9.67704e-08;5.60943e-07;5.14531e-06;3.44262e-08;6.85168e-06;4.59006e-07;0.0744089;0.0155469;0.000391487
0.000670327;0.173182;2.54959e-07;0.000103119;0.0136995;0.000472341;0.000327622;0.634839;0.0316229;0.000421055;0.0241337;0.0366443;0.0160337;0.0678505
4.65631e-06;0.000204526;1.90015e-10;3.34977e-07;9.20291e-06;1.13237e-06;1.46983e-07;0.991167;0.000143531;5.04493e-08;7.38296e-05;3.06685e-06;0.00839231;4.21609e-08
4.99189e-06;0.999857;7.95809e-06;8.89007e-06;4.2557e-07;2.83393e-08;1.94938e-07;5.59618e-05;3.25744e-07;3.99909e-07;9.77351e-08;2.50119e-06;6.77773e-06;5.46705e-05
1.94319e-06;0.998738;7.59967e-10;8.33557e-06;6.24192e-07;1.26939e-06;2.10075e-08;0.000768367;3.51976e-06;2.08494e-07;2.77127e-06;5.3542e-05;0.000418757;2.67648e-06
5.25547e-06;0.000651507;6.96113e-05;6.72135e-07;4.66439e-07;7.48851e-07;8.29543e-10;4.97008e-05;2.80841e-09;2.62449e-08;2.42585e-07;0.99916;5.98622e-05;1.98071e-06
1.23537e-05;0.953389;1.68432e-10;4.20311e-07;0.000175661;2.8033e-06;6.90644e-07;0.00471384;9.13541e-08;3.03838e-07;5.37008e-07;0.000538766;0.0398638;0.00130168
0.000107814;0.277714;5.41118e-05;0.00159546;0.0429487;0.0463975;3.10905e-06;0.476692;9.57937e-05;5.70386e-05;0.00019203;0.0139772;0.00670982;0.133455
5.75897e-05;0.573926;8.34719e-09;3.15619e-06;3.87577e-06;5.75847e-05;4.67257e-05;0.023549;2.89984e-06;1.19294e-06;2.50814e-05;5.05767e-08;0.40229;3.75575e-05
3.56722e-08;3.32077e-07;0.999999;2.27579e-08;5.04102e-09;1.58527e-09;1.51912e-07;1.24824e-10;3.60029e-09;9.63501e-10;9.47078e-09;9.42958e-08;2.07353e-09;3.04232e-09
2.33598e-05;0.052703;9.05419e-05;3.88342e-05;6.20041e-07;3.91333e-06;9.99965e-08;0.000773075;0.00013101;1.32622e-07;0.000184174;0.945831;2.02538e-05;0.000200277
5.69786e-06;0.998673;2.36499e-08;1.41235e-06;2.36674e-06;6.59935e-06;0.000131349;0.000425634;8.20633e-07;1.38317e-05;8.93252e-05;3.45219e-09;0.000606403;4.29591e-05
4.43502e-11;1.79838e-10;1;1.24676e-09;2.02897e-08;3.39086e-08;2.49554e-11;3.20883e-13;1.8332e-12;8.85798e-11;1.72986e-11;9.67215e-08;4.99591e-12;1.54049e-08
3.6681e-07;5.99315e-05;1.74347e-07;3.37375e-08;0.00131306;7.97954e-06;9.35775e-11;0.9904;4.77739e-09;3.03096e-09;9.06598e-09;5.41831e-07;0.00562474;0.00259359
2.43939e-10;1.05513e-08;1.2463e-09;4.41523e-08;1.28664e-08;0.00284698;1.10099e-09;6.63468e-08;1.30008e-07;8.14414e-09;2.35352e-06;1.01627e-10;0.99715;3.18733e-08
4.87831e-10;2.76653e-08;0.999999;2.02072e-08;4.54554e-10;2.4227e-08;6.9811e-12;2.21208e-10;1.07936e-12;7.72593e-09;9.17827e-11;6.09021e-07;1.8583e-09;1.25587e-09
2.9596e-08;0.999924;1.22059e-07;6.51964e-07;2.95052e-08;3.41626e-07;4.96508e-07;3.83964e-05;1.07427e-07;1.20035e-08;9.94537e-06;4.04277e-08;2.61011e-05;9.69095e-08
