1.88467e-06;0.999873;2.21026e-05;5.70105e-07;1.10346e-06;5.95635e-08;3.17561e-09;2.49541e-06;4.24464e-09;1.05053e-08;1.1137e-08;6.50729e-05;3.25485e-05;1.22786e-06
5.15516e-06;0.997263;5.45262e-09;5.77985e-08;3.10071e-07;3.0553e-08;0.00199927;4.51745e-05;3.49411e-08;0.000150821;5.69331e-08;3.77819e-09;1.38934e-05;0.000521796
4.08543e-10;5.55647e-10;0.999994;3.09544e-09;7.08541e-08;9.903e-09;1.22304e-08;3.89089e-12;1.66e-10;2.02259e-09;1.31161e-09;6.13199e-06;4.69883e-10;3.00533e-10
1.16942e-05;0.993588;7.90609e-06;7.92082e-06;7.1346e-05;1.31084e-05;5.98231e-06;0.00220793;8.21126e-05;6.33707e-07;4.11586e-05;0.00060228;0.00325413;0.000106072
8.08807e-06;0.991933;8.95225e-08;1.17039e-05;2.16841e-06;1.44959e-06;1.65265e-05;0.00201193;3.23264e-05;1.85072e-06;6.86227e-05;0.000770912;0.00511851;2.26773e-05
1.16342e-05;0.372044;4.44644e-06;3.00084e-06;8.79029e-07;4.84676e-06;4.92646e-06;2.42448e-05;1.9668e-06;3.05939e-07;3.74712e-06;0.512963;0.11486;7.36425e-05
1.71039e-08;0.997432;5.94243e-09;2.99901e-08;8.21786e-08;7.69329e-05;1.31779e-09;0.00102289;1.24428e-08;7.20672e-09;2.71659e-09;3.62735e-10;0.00142413;4.41657e-05
1.36307e-10;3.26451e-09;1;4.26715e-10;4.53786e-09;4.20439e-10;3.41298e-11;5.79635e-11;6.16736e-12;9.82313e-11;1.21395e-11;4.48398e-08;1.49601e-11;1.77222e-08
1.45636e-05;0.105046;0.000145731;0.000108624;0.000137813;0.000203321;2.84321e-07;0.106954;0.000200486;1.67131e-06;0.000572389;0.784608;0.00191376;9.34999e-05
2.29001e-06;0.997033;9.49746e-07;1.09606e-06;0.000127146;5.42786e-05;7.55829e-07;0.00118979;4.9783e-07;1.29906e-05;3.28674e-06;0.000189217;0.00117145;0.000213046
0.000126903;0.886539;0.000994866;5.90743e-06;0.00567343;0.000185835;1.96382e-05;0.0122758;1.70986e-06;2.38856e-05;1.73928e-06;0.0195297;0.0534973;0.0211246
0.000715505;0.310438;1.26161e-05;0.0011252;0.000100651;9.13992e-05;0.00108313;0.363144;0.0772751;2.7794e-05;0.0393791;7.98762e-05;0.205785;0.000742713
3.1991e-06;0.000627724;4.42563e-11;6.41945e-10;1.18559e-07;4.09947e-10;1.2362e-10;0.999359;5.37573e-09;1.26493e-09;4.80072e-11;2.52125e-10;9.53042e-06;5.38079e-08
1.17805e-09;2.62462e-06;4.68243e-08;1.03818e-07;1.11943e-06;3.05769e-07;1.07556e-11;3.75476e-08;2.25186e-09;1.11196e-09;2.63245e-09;0.999993;3.37949e-07;2.31456e-06
6.70352e-05;0.867955;1.92704e-08;1.55851e-06;1.94421e-06;2.34637e-07;4.16283e-06;0.0108849;4.5742e-05;3.8588e-07;1.14818e-05;2.42892e-05;0.121003;2.00099e-07
3.49584e-06;0.00419463;6.68076e-07;5.48796e-06;0.00176958;5.94833e-05;1.50554e-07;5.32109e-06;2.82512e-06;2.234e-06;3.31019e-07;0.993634;0.000223723;9.84834e-05
0.000697834;0.0159646;2.4515e-09;6.80192e-07;1.23026e-05;3.63234e-06;1.09732e-08;0.493525;0.000723309;3.72033e-08;5.43397e-07;8.55356e-05;0.488987;1.26851e-08
6.27733e-05;0.98338;4.77285e-09;1.401e-07;6.9553e-07;6.65839e-07;7.76344e-06;0.00783312;7.13653e-06;1.30283e-05;4.18713e-08;3.19338e-10;0.00869176;3.0711e-06
7.50286e-07;1.18814e-07;0.999995;2.27802e-07;2.7313e-06;4.58951e-08;6.2943e-08;9.93529e-10;7.77412e-08;7.21682e-08;4.1583e-09;2.02806e-07;4.23631e-10;4.00705e-07
8.38475e-07;3.718e-05;0.000109016;1.21172e-06;6.46361e-07;8.13267e-06;5.77898e-10;8.39853e-06;6.63245e-06;1.19577e-08;6.72374e-07;0.999815;2.79758e-06;9.84286e-06
3.42364e-05;0.474692;2.06737e-07;1.46052e-06;6.06927e-05;0.000377051;4.01737e-06;0.000550111;3.68928e-05;4.30187e-06;3.61322e-05;4.23774e-06;0.518289;0.00591001
1.67042e-06;0.255802;3.35085e-06;1.22055e-06;6.25271e-06;0.000516276;1.81826e-08;0.000280548;3.79395e-08;3.40171e-06;5.32284e-08;0.738709;0.00444972;0.000226854
3.99171e-06;0.378999;2.44723e-08;2.47389e-06;1.33175e-05;0.00305786;2.27204e-07;0.00189611;6.14589e-06;4.17506e-07;7.92047e-06;0.000102553;0.615522;0.000387723
9.713e-08;0.998997;1.3272e-09;1.43983e-08;3.28394e-10;3.48105e-09;7.12798e-09;1.03311e-06;4.00674e-09;3.47109e-09;3.1606e-08;2.04325e-05;0.000981563;1.4418e-09
1.72729e-05;0.948892;2.21706e-07;0.000247294;0.00027593;0.00206241;2.29576e-06;0.00434741;1.4602e-05;2.62733e-05;8.58932e-06;0.0300021;0.00710647;0.00699699
0.000545863;0.0177698;9.17482e-08;8.71617e-07;3.00882e-06;4.76934e-06;3.66838e-05;0.981171;1.73048e-05;2.16087e-06;4.7516e-06;6.28011e-06;0.000417224;2.05085e-05
9.87948e-06;0.0041068;1.3921e-06;0.000175194;0.0209753;0.000501655;8.43609e-08;0.00474544;2.22726e-05;6.86627e-07;1.98901e-05;0.168988;0.000172955;0.800281
4.8601e-05;0.967118;2.59345e-07;9.95795e-07;1.32789e-07;7.48043e-09;7.47743e-06;0.00100518;1.77288e-05;1.08102e-07;2.53865e-05;0.00116744;0.0305948;1.37343e-05
0.0002214;0.151815;2.63473e-06;0.00456932;0.125652;0.00113533;0.00160519;0.00531925;0.00337975;0.00108906;0.0019324;0.0297998;0.0222472;0.651232
0.000275832;0.817525;1.51267e-05;2.72363e-06;3.62171e-05;1.23416e-05;1.49483e-05;0.0102654;6.94667e-07;7.57173e-06;2.60806e-06;0.169015;0.00181302;0.00101424
4.89309e-05;0.00371518;3.23443e-07;1.38394e-05;0.0240036;8.33176e-05;1.63051e-07;0.146636;2.85415e-06;3.91889e-07;2.72316e-05;0.00157723;0.817983;0.00590809
0.00169426;0.0522276;6.70662e-05;8.75966e-06;1.11015e-05;1.83469e-05;0.000259493;0.0232583;1.67222e-05;0.00017399;1.75244e-05;0.000921645;0.920999;0.000326015
3.10053e-09;4.22167e-08;1;1.07763e-08;2.57778e-09;3.09388e-10;7.94728e-08;4.45541e-10;1.35066e-09;6.45326e-10;6.81285e-09;1.90456e-08;1.44243e-09;5.67967e-10
5.9797e-06;0.00424564;0.021246;8.64514e-05;2.31258e-06;2.56916e-06;2.20518e-08;0.00455701;0.000122928;1.78901e-07;0.000113843;0.969514;4.45873e-05;5.87224e-05
2.63549e-07;0.999632;1.9979e-10;7.66228e-08;9.50647e-08;3.49642e-06;3.33137e-07;7.4459e-05;5.06805e-08;1.21576e-06;1.01171e-06;1.97116e-10;0.000195701;9.14119e-05
1.11122e-10;1.0465e-10;0.99999;5.06628e-10;1.34155e-07;1.2159e-08;9.69238e-12;1.97836e-12;2.9949e-12;5.68885e-10;2.40264e-12;8.94115e-06;1.45263e-12;4.20459e-07
1.4934e-05;0.0324755;5.92032e-06;1.86105e-06;0.00229985;0.00468379;5.97705e-08;0.310848;1.83977e-06;1.28743e-06;5.32871e-07;1.20699e-05;0.649146;0.000508227
3.04029e-11;1.04541e-08;5.4237e-12;1.17122e-10;9.44151e-10;0.00073392;8.94916e-13;2.28754e-09;8.67882e-11;3.02175e-11;1.20161e-09;6.91276e-14;0.999266;1.01726e-09
4.47849e-09;2.03521e-07;0.999998;1.28474e-07;2.34095e-08;9.40989e-07;5.60631e-11;2.49292e-09;1.95851e-11;4.62677e-08;9.99877e-11;1.32411e-07;6.49262e-08;3.12718e-08
9.42723e-08;0.99973;2.65228e-07;1.55097e-06;8.84552e-07;9.20926e-07;7.36707e-08;9.28061e-05;3.5337e-08;4.47531e-08;4.89418e-07;8.89318e-07;0.000171549;6.98144e-07
