1.01795e-07;1.98037e-07;7.72129e-14;3.58352e-12;1.72588e-09;8.89898e-10;1.79219e-12;0.999998;6.35856e-09;9.41226e-13;8.57167e-11;1.60318e-09;1.67728e-06;8.26798e-11
3.28463e-07;0.000434964;6.59972e-06;2.21719e-06;0.00029839;2.27822e-05;3.51438e-05;2.22635e-06;4.77323e-07;0.000155276;3.03198e-08;1.71654e-06;6.4416e-08;0.99904
2.85833e-11;1.13703e-10;1;8.04438e-11;1.0076e-11;7.61011e-12;7.19468e-09;2.73013e-13;1.084e-09;4.3365e-12;3.98985e-10;5.93568e-11;1.82725e-13;1.29301e-12
1.57449e-07;0.999521;9.24436e-09;5.18347e-09;3.69448e-11;1.82943e-10;3.63258e-07;4.31634e-09;6.28836e-08;7.23942e-10;1.56788e-07;1.12861e-05;0.000467273;2.65885e-09
1.16177e-09;2.01799e-05;1.51128e-08;6.63116e-09;2.0397e-07;1.96184e-07;1.6885e-11;1.46539e-07;1.10976e-09;3.64674e-11;1.07764e-09;0.999968;1.156e-06;1.05881e-05
8.08097e-07;0.95453;8.53169e-07;1.29614e-07;0.000204663;2.06582e-06;5.7606e-08;0.0234892;1.44109e-08;4.7174e-08;3.61568e-09;1.13978e-05;0.00156718;0.0201932
4.12867e-09;6.35349e-05;2.2132e-05;2.83951e-08;2.12591e-06;1.80757e-07;1.41971e-11;1.2095e-06;8.61146e-11;7.35158e-11;1.74783e-08;0.999889;5.54617e-06;1.58258e-05
1.71242e-09;0.958284;1.27195e-11;2.49967e-09;3.44814e-09;4.1779e-08;1.00115e-06;2.97593e-07;1.60549e-11;4.61989e-07;2.86721e-10;5.09636e-14;2.24171e-05;0.0416916
1.37633e-11;7.65025e-11;1;2.70506e-12;5.33347e-11;1.69169e-10;1.02194e-10;1.05441e-11;6.39072e-14;1.3371e-11;4.95274e-13;3.7529e-08;2.01073e-11;1.63887e-11
7.12742e-08;0.00138632;6.20602e-11;9.06619e-08;2.19281e-07;9.76349e-07;3.58504e-07;1.18912e-06;3.04026e-07;2.54441e-08;7.47196e-06;1.02719e-07;0.998602;3.9498e-07
0.000100407;0.0272847;1.06401e-05;0.000135647;9.64446e-06;2.84322e-05;2.32799e-07;0.0126791;1.20347e-05;1.63471e-05;3.38203e-05;0.939543;0.0197288;0.000416914
1.25662e-05;0.998795;1.85261e-06;9.42544e-07;8.9847e-08;5.83387e-08;1.55811e-06;0.000999771;2.38626e-07;7.52643e-07;4.83327e-06;1.31539e-05;0.000167931;1.21963e-06
6.97293e-08;0.953742;5.39863e-10;1.62527e-06;6.16009e-05;3.09532e-06;0.00174005;6.45775e-06;1.18082e-08;0.000707009;8.20527e-09;6.85264e-07;0.000364562;0.0433725
1.83618e-10;1.17557e-12;0.999999;2.12665e-09;2.01689e-09;7.02097e-11;7.00494e-07;1.14516e-10;3.4084e-10;1.18719e-08;4.49772e-09;1.20515e-07;5.94236e-12;2.00044e-11
9.31627e-08;0.00198009;6.58575e-09;1.24401e-07;3.64845e-08;5.5419e-09;0.997868;2.55955e-06;4.20544e-06;7.29903e-05;6.83386e-05;3.63948e-10;2.86632e-06;3.45203e-07
2.16258e-12;7.20152e-13;1;5.72953e-11;1.75969e-10;8.95417e-12;6.9304e-10;5.22623e-15;9.3046e-12;5.46031e-11;7.59113e-11;2.05451e-08;1.39807e-12;5.97192e-12
6.9806e-06;0.328734;2.20413e-05;8.36224e-07;1.16615e-07;5.44921e-07;1.93166e-06;0.0109464;2.66071e-06;8.98707e-08;5.18541e-06;0.000199109;0.66008;2.54845e-08
8.09871e-06;0.456285;7.99776e-09;0.000597036;0.0500925;8.6266e-05;1.99367e-05;0.435359;6.12747e-05;2.22577e-05;0.000444284;0.0532666;0.00164918;0.00210868
3.2438e-06;0.000234513;0.994877;5.92128e-05;0.00172424;6.83863e-05;5.36881e-08;0.000228268;7.45586e-09;3.98452e-06;7.80119e-07;0.00270377;5.22278e-05;4.41224e-05
2.74433e-06;0.00325738;3.53123e-09;4.3631e-08;1.02487e-07;1.74051e-07;0.996507;2.84009e-05;1.61558e-05;0.000145002;1.9846e-05;1.14462e-08;4.45508e-06;1.91689e-05
9.43253e-11;2.11629e-11;0.999999;1.92884e-10;1.02065e-08;1.26258e-10;3.89536e-09;2.4711e-12;8.36446e-10;7.82128e-10;2.14277e-10;1.44776e-06;6.42153e-13;2.04811e-10
6.60654e-07;0.999529;2.73328e-06;5.31993e-07;1.59128e-08;2.3799e-08;0.000254707;1.50361e-05;3.64944e-06;1.76283e-06;1.67819e-05;3.93297e-08;0.000175068;4.16281e-08
3.25132e-07;0.00396117;4.9787e-05;2.41452e-07;1.07155e-06;9.45311e-08;8.87395e-09;7.32901e-06;2.20492e-08;4.6515e-09;3.57425e-07;0.995855;0.000115164;9.27386e-06
0.000103821;0.969786;1.14277e-07;5.9378e-05;0.00493742;8.0173e-05;0.0010407;0.00912955;0.00353249;7.49993e-06;0.00301241;0.000978307;0.00568846;0.00164366
0.00013507;0.677235;0.000685978;0.000148565;0.00744344;0.000752098;0.000106227;2.35886e-06;1.92941e-07;8.88792e-05;9.34403e-06;0.000293173;0.311375;0.00172471
6.70567e-05;0.953219;3.38702e-05;3.1045e-07;9.96763e-07;1.26986e-06;1.68052e-06;0.000765345;1.7431e-05;1.95047e-08;7.50228e-05;0.0401023;0.00570908;6.78394e-06
8.44142e-06;0.0837107;1.96809e-06;7.99188e-07;0.506952;0.00127417;2.28017e-08;0.0529082;1.35195e-06;1.5622e-06;4.58552e-08;7.29199e-05;0.340351;0.0147161
3.59641e-05;0.227366;8.1192e-06;0.000120719;0.000334585;0.0111066;0.000240823;0.141187;0.000254826;0.000689565;1.49915e-05;8.45011e-06;0.618044;0.000588439
3.50575e-10;1.07681e-09;1;4.4401e-10;3.89519e-11;1.74115e-11;1.71423e-09;7.99433e-12;1.21312e-10;5.22957e-11;1.76139e-10;2.1089e-10;9.46975e-12;3.22354e-12
4.53255e-06;8.47881e-05;0.000117039;1.04827e-05;1.32987e-05;2.80338e-05;2.08246e-07;0.000335889;9.58316e-05;2.26372e-07;4.86107e-05;0.998582;3.96636e-05;0.000639789
1.2948e-05;0.711166;8.61369e-06;1.50972e-07;1.3773e-05;0.000157826;5.1534e-07;0.00114343;1.68238e-07;9.77466e-07;4.5924e-07;0.000801652;0.286592;0.000102089
2.94228e-08;0.00115868;0.000136768;9.58247e-08;9.65929e-05;2.02009e-05;6.16285e-09;8.74283e-05;6.71128e-08;1.38248e-07;1.77353e-08;0.99793;1.20037e-05;0.000557647
1.13261e-05;0.521379;2.74556e-05;4.63602e-05;0.00954798;0.0118171;0.000428842;0.283165;0.000694273;5.20574e-05;9.69685e-06;2.00333e-06;0.0873236;0.0854955
4.77086e-07;0.999608;6.84095e-09;8.32352e-09;2.61217e-08;7.80977e-09;4.01825e-05;0.000116387;1.63519e-09;2.41624e-05;7.23904e-11;1.9403e-11;0.000190992;2.01411e-05
2.58879e-12;1.66866e-12;1;7.22864e-10;5.89622e-10;1.5787e-10;1.78489e-10;1.20564e-15;1.17104e-12;2.73515e-10;1.20986e-11;6.06766e-08;1.699e-12;3.08146e-12
2.07186e-06;0.992731;1.39579e-08;1.11481e-07;2.07891e-08;4.85604e-08;0.000756823;0.000121885;4.63331e-06;1.17991e-06;4.76469e-06;6.03244e-06;0.00637165;1.4781e-08
1.42238e-05;0.0398641;8.17265e-07;0.00208538;0.00705561;0.00102602;0.00148697;0.0017371;0.000796443;0.000358623;0.00613608;0.566068;0.0311894;0.342181
0.00011329;0.00680982;1.23139e-06;1.4349e-05;1.20089e-05;2.92616e-06;1.02874e-05;3.58446e-05;9.59607e-05;1.82006e-06;1.10767e-05;0.00484231;0.987686;0.000363131
9.29235e-05;0.654304;2.40357e-08;3.65617e-05;0.00157;6.26834e-06;5.10596e-06;0.0959048;5.72348e-05;6.03048e-05;9.49311e-06;0.221747;0.000105109;0.0261014
6.92131e-05;0.395143;0.0175453;7.80341e-05;0.0260687;0.00114907;1.12431e-07;0.000538326;6.94085e-08;1.79919e-05;2.37931e-07;0.362708;0.00287356;0.193808
2.13513e-06;0.627375;3.81961e-09;2.30665e-07;4.80496e-07;9.82457e-06;0.0443313;6.38071e-07;4.78243e-07;0.00021357;1.69948e-06;7.15445e-09;7.68966e-06;0.328057
8.7686e-12;3.14442e-12;1;2.80093e-11;2.71158e-09;3.97745e-09;3.34106e-10;1.40713e-11;3.71506e-12;5.42162e-11;1.56898e-12;3.19919e-09;2.44815e-11;7.93281e-11
2.10948e-07;0.000591696;2.03238e-07;6.70533e-07;3.09424e-08;9.13007e-08;2.18059e-07;0.0155361;1.8979e-06;2.07253e-08;0.000104225;0.000264231;0.9835;2.62154e-08
2.02304e-07;0.99989;8.62733e-07;1.10947e-06;4.52222e-07;1.16868e-09;9.76053e-09;9.1498e-05;1.71713e-08;1.13768e-07;6.53796e-08;4.89878e-06;3.76438e-07;1.07512e-05
1.67765e-06;0.971599;2.36927e-05;3.40551e-05;2.1077e-05;1.07532e-06;5.13097e-05;2.75719e-07;4.6923e-08;1.84175e-05;7.80629e-06;0.000178388;0.0279233;0.000139454
1.62964e-05;0.100707;1.22476e-07;0.000140764;3.84323e-05;0.000278927;0.00231782;0.000701987;0.000380863;5.78672e-05;0.00155747;0.0210043;0.872183;0.000615578
3.49134e-05;0.00364863;0.981982;0.000151391;0.0094357;2.39476e-05;1.36253e-06;0.00276385;1.73005e-07;4.71856e-06;4.02389e-07;0.00068728;5.6833e-05;0.0012083
9.78427e-05;0.439796;3.3384e-07;2.57653e-07;1.12828e-06;2.15706e-06;0.00045883;0.00147168;3.3636e-06;7.06565e-06;3.32774e-07;1.00296e-07;0.558146;1.49936e-05
7.53607e-11;1.89837e-10;1;5.30156e-11;4.78607e-10;1.172e-10;9.65452e-12;9.87054e-12;7.30174e-12;8.33865e-12;4.13282e-13;6.22552e-11;8.54045e-13;2.41791e-10
4.19179e-06;0.00335488;0.00156218;4.55764e-06;3.71715e-06;1.52416e-05;3.50283e-09;0.00115637;4.08248e-06;2.26438e-07;1.08641e-06;0.993381;0.000312112;0.000200634
2.31731e-06;0.77584;7.47607e-08;2.03227e-06;7.81288e-06;2.54534e-05;0.217962;1.23236e-05;1.76781e-06;0.00416987;1.7136e-05;1.51167e-11;0.000185132;0.00177337
6.90438e-11;1.40902e-09;0.999987;5.44281e-09;2.0229e-08;1.15421e-07;2.46463e-10;4.92367e-13;2.23997e-11;5.35228e-10;7.53518e-11;1.30497e-05;1.6888e-10;7.95201e-10
9.03201e-06;0.0365965;2.23082e-05;5.33644e-06;0.00104096;7.28816e-05;1.93774e-08;0.956243;5.81856e-07;1.44203e-07;5.58524e-07;0.00105855;0.00207001;0.00288016
3.47975e-07;0.00251425;1.91809e-06;7.6428e-06;0.00734111;8.5458e-06;1.54676e-07;0.980799;4.38094e-06;2.38114e-07;1.27217e-05;2.54578e-05;0.00926457;1.9931e-05
6.12034e-06;0.121576;0.747071;0.00300699;0.00272842;0.000905183;0.00048022;6.5351e-06;2.4061e-08;0.0814866;1.81827e-06;4.83384e-07;7.80285e-06;0.0427226
5.85933e-08;6.65618e-06;0.999976;2.33677e-08;6.28786e-10;3.42666e-09;1.71978e-06;1.28357e-10;6.23952e-10;2.39618e-09;2.36677e-08;1.50989e-05;1.71859e-07;1.34677e-10
3.98531e-05;0.946698;0.000318488;6.26627e-06;7.79147e-05;2.14891e-06;6.599e-06;0.0044601;3.37504e-06;1.21212e-06;2.51066e-06;0.02021;0.00010193;0.0280719
8.45234e-08;0.00635655;1.36155e-05;1.87983e-07;0.00287204;0.000125696;1.20105e-10;1.8541e-06;7.46729e-11;1.11068e-08;4.21667e-10;0.729196;0.00104704;0.260387
1.57439e-06;0.934127;6.54218e-10;1.74847e-08;0.0002457;1.19959e-05;4.57842e-08;0.000642517;7.29879e-09;4.92941e-09;4.07694e-09;0.00748543;0.00965824;0.0478272
2.49345e-07;0.00987562;5.74559e-07;5.97445e-07;0.0154209;8.70102e-06;3.30956e-10;0.973014;1.74336e-08;2.23279e-09;1.70295e-08;0.0015706;6.1854e-05;4.69764e-05
3.51509e-06;0.00314353;0.96716;8.83218e-05;0.00758563;0.00395782;1.15389e-10;0.000265723;1.03552e-09;3.23621e-07;1.15987e-08;0.015085;4.89934e-06;0.00270479
1.01882e-06;0.00349986;6.32011e-11;6.16258e-09;1.52127e-07;6.02643e-07;1.91451e-08;0.00482235;1.02933e-10;1.80996e-09;1.13328e-09;5.34739e-07;0.991675;5.7369e-07
2.22823e-07;0.00256245;6.67486e-07;5.53421e-06;0.000395824;2.59665e-05;1.01616e-09;3.96026e-05;3.44059e-08;1.90394e-08;1.78171e-08;0.971069;7.5636e-06;0.0258935
0.000265495;0.964304;8.63776e-06;4.44012e-06;8.97097e-07;1.07616e-06;2.77796e-05;1.87302e-05;4.73265e-06;2.77921e-07;6.00858e-06;0.00836131;0.026944;5.24562e-05
0.000616773;0.478628;2.9387e-07;9.65027e-06;0.000344036;6.71756e-06;4.47574e-06;0.0152854;6.85134e-05;8.7025e-08;2.71058e-06;0.496344;0.00474293;0.00394656
9.43461e-07;0.990424;4.30468e-08;1.13662e-07;1.56498e-08;6.78605e-07;5.9911e-07;8.01316e-05;1.38629e-09;2.48256e-06;1.63348e-10;3.1776e-07;0.000111617;0.00937972
1.32198e-12;1.46375e-13;1;1.79017e-11;1.06412e-10;7.60588e-11;8.8561e-13;1.66308e-12;2.43192e-13;7.76628e-12;5.35341e-13;2.11164e-08;1.65571e-13;7.04398e-13
4.52185e-09;5.61635e-05;3.71614e-09;3.98969e-08;5.27012e-10;3.03028e-07;0.997782;5.03391e-10;7.64875e-07;0.00215776;3.44677e-07;1.15921e-13;1.87057e-08;2.57239e-06
2.09608e-14;2.62325e-15;1;1.43232e-13;3.41338e-14;1.70187e-13;1.73683e-11;9.22408e-17;3.80292e-13;4.97399e-13;2.98575e-13;1.49463e-12;2.61755e-17;1.55862e-15
