4.06887e-05;0.855038;4.34779e-08;2.43777e-07;4.63855e-05;4.18231e-06;2.19885e-07;0.00271892;1.27502e-06;9.15476e-08;1.01114e-06;2.02808e-05;0.1413;0.000828159
1.01944e-07;0.0174502;8.71311e-07;9.95164e-07;2.95363e-05;5.79384e-06;3.66582e-06;2.29117e-05;9.79398e-08;3.93899e-05;6.86356e-09;1.25925e-08;2.90785e-06;0.982444
3.75006e-11;1.00569e-10;1;6.70823e-12;3.01723e-12;8.63276e-13;1.38165e-10;1.41188e-12;3.79955e-11;2.51029e-12;1.89694e-11;7.51244e-09;5.58224e-14;9.88525e-14
0.000760067;0.0514098;3.37272e-09;1.22488e-05;2.12242e-05;6.8084e-05;0.000343625;0.00540367;0.130285;2.22908e-06;0.0279935;0.000590925;0.777221;0.00588882
0.000107386;0.700701;3.14525e-06;5.70973e-08;2.04183e-07;3.27136e-08;4.16822e-06;0.114242;4.73436e-05;1.2436e-07;4.40704e-06;0.0839137;0.100977;2.04074e-07
6.26081e-06;0.256292;2.58143e-06;6.17517e-05;0.000982951;0.000637922;1.90553e-05;0.00086265;1.01593e-05;0.000343701;1.245e-06;0.650716;0.0708315;0.0192318
1.55772e-05;6.47967e-05;1.31409e-08;0.000254891;5.8554e-05;5.58127e-06;0.000327882;2.01914e-05;0.99491;2.54332e-06;0.00423238;6.67009e-05;3.49881e-05;6.07828e-06
0.00157695;0.74307;0.100182;0.000111432;1.14759e-05;1.02826e-05;9.63756e-05;1.07515e-06;2.84351e-05;8.02943e-05;9.17942e-06;0.034825;0.119692;0.000304906
7.87454e-06;0.00486179;7.30528e-09;1.71098e-07;1.45921e-05;9.82195e-06;1.65784e-05;2.57495e-05;3.926e-05;8.03361e-08;3.21703e-06;0.985479;0.00935412;0.000188177
1.63167e-05;0.109976;7.58563e-08;1.04802e-06;0.00829921;3.36956e-06;2.87814e-07;0.230741;1.27238e-05;7.80494e-07;4.56371e-07;0.216867;0.43351;0.000570392
2.38749e-05;0.0440448;9.71328e-12;1.94977e-05;7.20998e-06;0.000382782;8.36899e-07;0.000178367;0.00120307;4.13894e-06;3.62188e-05;3.97569e-05;0.954;5.88448e-05
0.000437028;0.000817956;0.973001;1.19265e-05;1.30039e-06;3.20286e-06;7.65087e-08;0.000190058;1.04678e-06;2.60387e-06;7.89283e-08;0.0255063;1.41047e-05;1.3213e-05
1.21518e-05;0.979889;1.15854e-07;4.68504e-07;2.80523e-06;8.78236e-06;7.439e-07;0.0175395;1.21785e-05;3.2692e-08;1.74401e-06;5.87021e-06;0.00239471;0.000131604
2.67173e-06;0.998636;1.34361e-08;4.53802e-08;2.32647e-07;4.15117e-08;0.000168208;1.24979e-06;1.23095e-07;2.237e-05;7.50817e-08;6.06348e-08;0.000844749;0.000324439
3.50089e-10;4.33591e-09;1;4.55422e-09;8.67577e-08;1.24701e-10;3.11688e-07;1.184e-11;4.00121e-09;1.07252e-08;1.07225e-09;1.25649e-08;9.18213e-12;6.72453e-10
1.72251e-07;0.127935;1.80033e-06;9.51786e-07;3.69344e-08;8.19878e-09;1.80294e-06;1.25314e-07;4.92778e-09;2.17784e-08;2.35088e-07;1.95605e-05;0.87204;2.44689e-08
3.0056e-08;0.00742019;1.04734e-07;3.21862e-08;2.93541e-06;3.95568e-09;2.96467e-08;0.92472;2.75681e-08;2.12956e-08;1.21575e-07;0.0675612;0.000293189;2.11472e-06
4.56988e-08;0.0226845;5.37433e-10;0.000997466;0.000151665;0.782567;1.41205e-05;0.00132083;1.27412e-05;2.8923e-05;0.000218804;1.44234e-08;0.138135;0.053869
4.2625e-07;3.39018e-06;0.993202;1.15918e-06;1.68914e-08;4.06313e-07;6.29519e-08;3.47367e-07;1.31944e-09;1.67948e-07;3.99983e-08;0.00666737;0.000124111;1.1213e-07
1.69629e-07;0.999912;1.62399e-08;5.30824e-07;1.666e-08;1.29256e-07;2.33572e-07;3.01095e-05;4.98303e-07;1.6331e-09;7.97509e-06;3.18303e-07;4.47e-05;2.99993e-06
1.5389e-07;0.00159862;1.05215e-10;3.07561e-09;0.000665359;4.83123e-09;5.96116e-11;0.997683;1.74387e-09;6.58188e-09;3.59351e-10;2.2174e-07;4.84377e-07;5.22253e-05
5.37643e-08;6.05472e-06;0.999526;8.42039e-07;2.0221e-05;7.18235e-06;5.43084e-09;3.47543e-07;2.14942e-09;2.00354e-07;7.66561e-08;0.00036014;7.71139e-05;2.31061e-06
1.37811e-06;0.996053;6.06993e-12;1.5512e-09;8.62211e-09;4.26568e-10;0.00390107;1.97141e-05;8.64894e-08;7.48186e-07;5.30665e-07;7.63784e-08;2.08963e-05;2.07005e-06
4.66696e-10;1.63963e-09;1;1.1299e-09;9.33171e-09;1.78862e-09;1.93023e-08;5.50474e-12;4.19859e-09;4.70661e-10;3.69027e-10;4.85529e-08;2.54503e-10;7.59883e-10
3.76006e-06;0.458014;3.05171e-07;4.51866e-09;5.32254e-08;2.16336e-09;2.935e-08;0.540491;3.78342e-07;6.83927e-09;1.14384e-07;2.83175e-07;0.00148954;3.52567e-07
3.32248e-09;0.000771835;1.17412e-06;2.47584e-07;2.91043e-06;6.90809e-08;1.60085e-09;9.62904e-06;8.64282e-08;6.29343e-09;8.33285e-07;0.999209;1.83201e-06;1.94755e-06
1.33506e-06;0.998457;1.5628e-08;5.49865e-09;1.87748e-09;8.27553e-09;1.97547e-06;4.68791e-05;1.73612e-08;1.72363e-08;3.06342e-07;5.05165e-07;0.00149243;2.35835e-09
2.17192e-05;0.894756;1.9432e-06;3.11152e-07;3.97352e-06;2.21734e-05;0.0144029;1.60636e-05;5.61698e-06;0.00139773;3.63234e-06;8.59109e-05;0.000595961;0.0886862
7.33757e-09;4.19543e-09;0.999997;3.72531e-09;1.28251e-09;3.23716e-06;2.19331e-08;1.09356e-11;1.68285e-07;2.24929e-09;6.95757e-09;7.55614e-10;2.67538e-09;2.95385e-10
0.000117277;0.459839;0.00430561;1.1573e-06;2.19699e-05;2.25473e-05;9.22925e-07;0.51245;1.64091e-05;5.45225e-07;9.98154e-07;1.91457e-06;0.0232011;2.06057e-05
6.43717e-05;0.773138;2.45301e-07;0.000188827;5.09527e-05;0.000226279;1.61626e-05;0.109448;0.0934009;2.25265e-05;0.00663523;1.10032e-05;0.0155807;0.00121634
6.81135e-05;0.0415995;8.7383e-07;1.54178e-06;9.28616e-06;2.99399e-05;5.63949e-09;0.956336;1.14855e-06;3.20426e-06;3.28183e-07;1.80688e-06;0.0010401;0.000908534
2.72324e-08;0.000212109;3.99332e-07;2.51858e-07;4.11288e-07;8.12401e-06;2.14773e-10;1.66812e-07;2.56884e-08;3.40892e-09;2.25684e-07;0.999753;1.56032e-05;9.26155e-06
1.65152e-05;0.871594;1.28696e-08;6.65417e-07;0.000705233;4.74938e-05;8.68446e-07;0.0909298;1.46925e-05;1.2639e-07;2.01001e-06;0.000354258;0.035664;0.000670102
0.00312111;0.547706;1.52335e-05;0.000228581;0.191111;9.00443e-05;4.91639e-05;0.0975245;0.00291268;9.95528e-05;0.000457811;0.0876718;0.0616713;0.00734127
0.00566306;0.0269911;1.4423e-06;4.84811e-05;0.0017587;7.49491e-06;0.000922939;0.032875;0.913825;2.13601e-05;0.00383548;0.000219185;0.0138183;1.20483e-05
0.000328622;0.986414;0.000971868;0.000224072;0.000237352;5.92606e-06;2.76034e-06;0.000579326;1.33708e-05;2.5361e-05;9.89315e-07;0.00113113;0.000465043;0.00960058
0.000680177;0.110124;2.24611e-06;6.80687e-05;4.35221e-06;0.000137446;6.6561e-06;0.00408875;0.000229863;7.98231e-06;0.000198476;0.0115015;0.872947;3.88976e-06
1.45859e-05;0.00659592;2.2415e-07;3.82186e-06;1.30142e-05;1.5326e-05;3.66381e-07;2.19445e-06;3.85172e-05;1.8983e-06;0.000195646;0.938709;0.0543434;6.60333e-05
0.00170916;0.0647082;9.7992e-09;3.92334e-05;0.000462783;0.000663763;5.27118e-06;0.108754;0.00260909;7.74986e-06;0.000628888;0.000958017;0.818387;0.00106649
9.49019e-06;0.00282035;5.11448e-07;7.53129e-09;1.65026e-10;1.60356e-10;0.996521;9.33737e-10;2.04873e-06;0.000637033;5.75425e-06;4.91378e-08;3.43564e-06;1.49207e-07
1.30344e-10;3.12972e-11;1;1.18709e-09;1.13344e-08;8.26249e-10;7.08299e-09;9.96418e-14;2.35365e-09;1.41945e-09;1.28024e-09;1.48092e-09;2.74037e-12;2.4846e-11
1.97956e-05;0.99761;0.000172798;8.0615e-05;6.54072e-07;6.81572e-08;6.02342e-06;0.000590847;1.37653e-05;1.7375e-06;0.000353028;0.000837782;0.000312592;6.7738e-07
1.79524e-05;0.0369405;6.23121e-08;8.49434e-06;2.44439e-06;1.13966e-06;1.47763e-08;0.961863;1.63122e-05;2.20292e-07;2.0644e-05;0.000284987;0.000844193;2.24555e-07
1.49972e-08;0.999889;1.6737e-11;1.54394e-08;1.48225e-09;1.00253e-08;1.51727e-06;1.57165e-06;1.6411e-09;4.31366e-06;6.16824e-08;2.32872e-09;9.8443e-07;0.000102966
2.36141e-11;2.3419e-12;0.999998;2.48035e-11;2.5454e-10;9.83561e-11;1.64184e-10;1.16884e-12;6.67246e-12;4.59231e-11;1.04544e-11;1.89855e-06;9.89737e-14;5.45089e-12
0.000263941;0.17186;0.000871908;0.000157922;0.00667917;0.00408329;0.000431457;0.241097;0.00118769;3.4758e-05;0.00201984;8.84878e-05;0.0972654;0.473959
4.85355e-07;0.000680964;1.04646e-09;1.41785e-06;8.56465e-06;5.16005e-07;1.8399e-07;0.000159266;3.37604e-06;1.73101e-08;6.46296e-05;1.42076e-05;0.999049;1.78163e-05
8.63175e-06;0.0018826;1.37568e-06;5.99303e-07;1.69217e-07;3.37792e-09;2.14885e-08;0.000199279;8.74487e-06;6.51349e-08;1.20742e-05;0.997624;0.000256756;5.75944e-06
8.01504e-08;0.00641894;3.0938e-11;1.26829e-09;9.23194e-05;1.74658e-09;8.36877e-11;0.993486;4.29042e-10;2.87362e-09;3.88362e-10;2.20308e-07;3.5171e-07;2.07302e-06
1.14695e-08;9.49133e-07;0.999889;6.23682e-07;1.34687e-05;3.91671e-05;9.34932e-10;4.37844e-08;2.76083e-10;6.38117e-08;1.16116e-08;4.89468e-05;7.05005e-06;3.17847e-07
7.67351e-06;0.997128;1.41831e-10;1.07591e-08;6.27633e-08;7.01604e-09;0.000145555;0.0027038;5.45342e-07;3.22706e-07;3.16347e-06;1.39705e-06;4.54482e-06;4.55677e-06
4.39206e-09;1.46137e-09;0.999999;9.71321e-08;7.02844e-08;4.54317e-08;1.32927e-07;1.21693e-11;3.07726e-07;3.62278e-09;3.39199e-08;1.08003e-07;1.30028e-09;5.44594e-10
3.07922e-06;0.995261;4.54085e-05;3.24793e-07;2.56822e-09;9.97891e-09;3.58233e-07;0.000139403;1.44487e-06;3.31563e-08;9.05903e-06;0.000114312;0.00442592;2.34649e-08
2.15797e-08;4.96341e-06;1.73824e-09;8.04717e-06;0.00124714;2.82717e-07;2.90732e-09;0.998658;6.61481e-07;2.7363e-06;1.37776e-06;3.23617e-07;2.96823e-07;7.58455e-05
1.34461e-07;7.40371e-06;0.999927;3.64096e-05;2.15904e-07;1.29102e-07;1.5298e-08;3.25017e-09;1.01954e-08;2.82209e-06;9.93135e-06;1.40818e-05;2.88928e-07;1.7776e-06
1.0545e-06;6.10803e-05;5.39551e-08;9.16538e-06;2.37301e-08;2.16414e-06;0.000158226;1.94957e-05;0.00385735;5.96853e-07;0.99569;1.15938e-06;0.000199964;1.1914e-07
