1.94966e-06;0.999784;3.37381e-09;3.96034e-08;2.47552e-08;4.84362e-08;4.64218e-09;1.8816e-05;5.72335e-08;3.31167e-09;1.18835e-07;5.96084e-05;0.000135402;4.63127e-07
8.63069e-07;0.978873;8.08661e-08;6.70907e-08;0.000787677;5.83455e-07;4.74062e-09;0.00916073;9.30944e-08;1.60066e-08;8.40119e-09;6.34231e-05;0.0101951;0.000917949
8.40557e-06;0.105583;4.32136e-05;0.00114354;0.0621151;0.0345866;2.6061e-06;0.0966023;2.64634e-05;0.000217615;0.000281038;0.641342;0.011594;0.0464542
2.96623e-06;0.000284848;6.46874e-10;2.45471e-07;6.35086e-06;4.83765e-07;5.80212e-08;0.00951663;6.25071e-07;9.67921e-09;1.49443e-05;9.98944e-05;0.990069;3.73433e-06
4.54914e-05;0.000820426;1.6719e-05;1.09317e-06;1.49643e-06;5.74244e-07;2.19194e-07;2.33517e-05;8.31349e-06;1.50032e-07;5.41534e-06;0.996383;0.00259581;9.78526e-05
1.00338e-06;0.997178;1.42232e-05;2.29772e-08;6.70082e-09;4.76977e-09;2.12249e-07;0.00154625;2.8968e-07;1.40516e-08;1.00855e-06;9.21218e-05;0.00116651;1.78928e-07
1.29461e-09;0.00452828;8.67923e-13;6.68263e-08;4.29916e-07;8.1047e-09;8.84788e-07;1.08921e-06;8.50788e-10;8.51684e-06;6.61227e-09;4.08299e-07;2.98868e-09;0.99546
3.00754e-05;0.00119699;0.982801;5.61263e-06;1.22197e-06;9.95256e-08;0.0129583;0.000923936;5.2971e-05;1.78623e-05;0.00175624;0.000243918;1.21511e-05;2.17103e-09
3.15182e-05;0.0138329;0.000226014;1.10949e-05;1.07268e-05;4.38284e-06;1.33651e-05;4.10225e-07;5.4176e-07;3.4754e-07;0.000102118;0.000197967;0.985568;1.38613e-07
6.69948e-06;0.999438;2.88579e-11;2.08569e-08;1.76666e-07;1.5407e-08;8.9843e-05;0.000134707;1.35264e-07;4.02364e-06;1.02931e-07;1.69388e-07;0.000226676;9.94765e-05
3.97384e-11;4.91782e-13;1;1.21136e-11;6.02042e-08;5.08247e-10;9.64943e-12;1.03283e-11;2.74649e-12;6.36397e-11;2.3097e-14;3.12919e-08;1.88143e-14;6.63826e-08
1.40999e-05;0.0549138;1.27683e-07;6.08102e-06;3.3139e-06;0.00394277;0.000184477;0.000783921;0.00040442;5.96654e-06;1.40718e-05;1.07899e-07;0.939668;5.85911e-05
1.75941e-07;7.35395e-06;0.969588;3.36225e-06;3.28046e-08;5.83495e-07;5.8792e-05;7.62613e-09;2.13643e-08;7.64432e-05;2.75089e-07;0.0302554;6.13733e-07;8.82478e-06
6.01966e-07;1.98053e-06;0.998042;2.58309e-06;3.02824e-07;1.01871e-06;0.00191148;1.6422e-09;5.51074e-06;1.79096e-06;2.73505e-05;4.87619e-06;4.597e-07;2.38296e-08
3.47524e-07;0.99845;8.73165e-08;1.12974e-06;4.67866e-09;1.9943e-07;5.99537e-05;7.04761e-08;7.84351e-07;2.58194e-07;8.17639e-06;6.751e-09;0.00147944;7.25959e-08
3.63846e-07;0.00104714;0.0055493;1.23239e-06;2.63887e-06;2.56004e-07;1.42549e-08;8.91126e-06;6.36896e-08;8.6029e-09;1.93854e-07;0.993176;1.90395e-05;0.000194406
2.22386e-05;0.906358;1.21602e-07;3.42652e-06;0.000403212;0.00156406;0.000204887;0.0610128;0.000100003;1.88424e-06;5.95775e-05;1.5635e-05;0.0242987;0.0059556
2.83422e-08;4.59968e-05;3.12166e-11;5.55234e-10;6.57587e-07;3.81592e-08;3.81297e-10;0.00521767;1.05867e-09;1.60555e-10;1.92281e-08;1.31435e-05;0.994722;6.94505e-08
4.95128e-06;0.00452255;7.4321e-06;1.75874e-06;0.000224963;0.000171969;6.71407e-08;0.0112848;2.44975e-07;7.59682e-06;7.87418e-08;0.000565005;0.98022;0.00298807
7.7869e-09;1.53181e-08;0.999995;1.66205e-07;1.61844e-07;6.95647e-09;2.44549e-07;7.76186e-09;1.17105e-08;6.14411e-09;1.31284e-07;3.86515e-06;2.17253e-08;1.10483e-08
3.5092e-08;1.34776e-05;1.16077e-05;2.24988e-07;6.61418e-06;5.54086e-08;3.36584e-09;4.8497e-05;5.31138e-08;6.8798e-08;7.27041e-08;5.87987e-06;2.01886e-07;0.999913
2.93437e-08;1.21191e-05;4.00812e-11;6.21291e-08;0.00212079;2.03489e-05;2.0074e-08;0.997839;7.36624e-07;3.85725e-09;9.19991e-08;1.68627e-08;4.60292e-06;2.24395e-06
2.50117e-08;4.23044e-06;0.999569;3.0453e-05;3.9729e-05;7.74197e-06;1.74236e-09;1.6624e-09;1.51376e-09;1.14263e-07;1.23661e-07;0.000160814;1.03303e-06;0.000186116
0.000128881;0.356498;2.38395e-09;3.75274e-07;1.30754e-05;6.70995e-08;1.26598e-06;0.634685;3.61663e-06;2.40836e-08;0.00019165;1.32678e-05;0.00198775;0.00647753
6.00293e-07;0.00247164;0.980647;6.50938e-07;0.000496835;5.75748e-05;8.04137e-08;2.24808e-06;3.18144e-10;7.0494e-07;2.80274e-08;0.0151995;0.000170425;0.000953055
1.9657e-06;0.0228017;2.54016e-12;5.57144e-08;9.98891e-06;8.29789e-08;5.75091e-08;0.96519;7.79817e-06;1.94675e-09;6.08744e-06;0.000111503;0.0118709;6.58446e-08
1.10997e-05;0.0485468;0.000172393;1.26802e-05;8.00927e-06;1.28993e-05;1.43005e-08;3.06818e-06;2.20237e-07;2.26892e-07;1.44102e-07;1.96889e-05;0.951209;3.33721e-06
7.94827e-05;0.793447;0.000507957;4.22261e-05;9.8868e-06;2.31758e-06;2.87354e-08;0.000558513;9.40813e-05;1.34e-06;2.89173e-05;0.189509;0.00143986;0.0142796
3.48167e-05;0.383142;6.6422e-05;7.7439e-05;0.0218866;0.000588824;2.80125e-07;0.115192;4.82514e-06;6.19022e-06;4.5228e-05;0.313261;0.165609;8.53574e-05
1.4527e-09;3.33889e-08;2.92428e-11;1.79575e-09;3.79637e-11;1.25695e-05;8.70404e-10;1.86712e-10;3.92219e-08;6.42537e-10;2.26984e-08;7.0304e-10;0.999987;1.40211e-11
3.43386e-09;2.4758e-08;1;7.5812e-09;3.09757e-10;2.22768e-08;2.32506e-11;5.95325e-10;1.39482e-10;3.44324e-09;9.67633e-11;3.75914e-07;6.1311e-09;7.05035e-10
2.81603e-07;0.999598;8.65649e-08;1.07534e-06;3.78649e-07;1.66972e-06;8.06166e-07;0.000271176;1.26253e-05;4.97058e-08;1.75891e-05;2.56393e-07;9.20876e-05;4.00878e-06
