3.62591e-06;0.999753;5.50249e-06;1.30985e-06;1.25535e-06;3.012e-08;8.69636e-09;0.000178898;3.68241e-08;5.34281e-08;5.5387e-08;3.07205e-05;2.49465e-05;8.96442e-07
9.78947e-07;0.998731;5.57443e-09;6.56369e-07;6.99086e-07;1.46025e-06;0.000622792;5.43299e-05;1.04658e-07;0.000168195;8.07296e-08;1.33534e-09;0.000321126;9.83839e-05
7.3359e-10;8.76674e-11;0.999996;4.60853e-08;8.65415e-07;1.20046e-08;4.74925e-10;5.06698e-10;1.78456e-10;1.57319e-09;1.34775e-09;2.17765e-06;1.42972e-13;1.28154e-06
3.15934e-08;0.997733;3.94358e-10;6.94381e-08;9.8552e-08;6.71488e-07;2.19835e-07;0.000418991;3.02801e-08;6.30908e-09;1.66051e-08;2.02111e-08;0.00184712;5.13822e-08
3.75849e-12;1.2736e-11;1;3.70886e-12;1.44334e-12;7.2424e-14;1.18202e-11;3.2222e-11;3.99822e-13;2.54107e-13;6.42592e-13;9.42485e-09;8.70957e-13;4.08241e-12
9.61119e-08;9.39855e-06;0.0021037;9.15187e-07;3.48119e-06;1.0975e-07;3.32253e-09;0.000483954;1.20555e-06;4.15151e-08;3.91695e-07;0.000839807;5.93427e-08;0.996557
5.5702e-08;0.000323132;1.61857e-09;4.13531e-09;0.000245623;4.92626e-07;6.48289e-09;0.999428;8.2175e-07;3.40696e-10;2.73435e-08;3.04497e-08;1.15635e-06;4.66171e-07
1.63472e-10;3.43193e-08;0.999561;6.55649e-09;2.61822e-07;4.82434e-08;1.15064e-11;2.17384e-11;1.25035e-12;4.28487e-10;2.3964e-11;0.000437101;3.21031e-08;1.09606e-06
6.50412e-08;0.999751;1.46831e-09;1.61016e-07;5.59122e-09;2.01353e-07;7.32514e-07;1.55935e-05;3.95022e-06;2.88564e-10;1.54629e-05;3.10208e-07;0.000211965;9.86443e-07
3.23215e-08;0.000551154;3.57825e-10;1.0093e-09;4.82707e-06;2.84988e-09;1.06205e-11;0.999435;5.88429e-09;2.49686e-10;2.19573e-09;9.16282e-07;6.91329e-06;6.68809e-07
5.47113e-07;0.167294;0.829061;1.09335e-05;0.000228464;6.27026e-05;2.62282e-06;2.83515e-06;8.15759e-09;0.000383743;4.09644e-08;5.42693e-08;4.73799e-05;0.00290563
1.90887e-08;4.77585e-08;0.999843;6.96352e-09;2.44386e-07;1.02299e-08;7.28682e-08;3.20422e-10;3.24524e-09;1.94438e-09;4.17765e-08;0.00015676;3.21515e-08;2.74044e-07
1.19225e-06;0.00179729;0.651659;2.9707e-08;2.40791e-07;1.2864e-06;1.67461e-08;7.29392e-06;6.04895e-08;1.49722e-08;3.60386e-07;0.345983;0.00023002;0.000320275
9.66165e-09;0.00380271;1.17188e-10;4.35246e-10;9.82653e-06;3.16382e-05;7.94059e-07;3.58748e-07;8.29443e-09;2.14379e-07;4.94752e-10;4.725e-13;6.55639e-07;0.996154
4.6587e-12;6.30198e-13;1;1.2343e-13;3.18691e-09;7.53161e-11;4.38508e-13;2.34848e-12;8.57501e-13;9.60754e-13;1.81212e-14;7.72781e-08;9.31877e-13;4.97904e-12
1.77884e-07;0.000122136;1.24516e-07;7.00187e-09;2.21368e-05;1.84258e-07;2.89698e-10;0.999354;4.4058e-06;2.54812e-10;1.34669e-08;1.47042e-07;0.000496047;6.39968e-07
3.05895e-06;0.615343;1.27791e-07;3.69069e-06;2.32011e-06;2.86374e-05;1.08893e-09;0.111879;3.13342e-05;8.09675e-08;4.16279e-07;0.263161;0.00899263;0.000555143
3.55395e-07;0.99841;1.07232e-07;1.4055e-08;5.42875e-08;2.9371e-09;1.02224e-09;0.000472944;5.69673e-09;4.65602e-08;4.25031e-08;2.87863e-05;0.00107559;1.18925e-05
2.60716e-06;0.080858;8.02008e-08;2.57177e-06;0.001004;0.000104774;2.71797e-10;0.0123693;1.02217e-07;3.80789e-08;2.21791e-08;0.872298;0.00134645;0.032014
2.86112e-07;0.498302;1.6067e-11;4.72647e-07;1.51766e-06;1.36536e-07;4.68873e-07;1.23753e-05;1.64478e-06;8.49753e-08;1.70747e-07;2.83326e-08;2.46094e-06;0.501678
0.000577951;0.064976;4.22924e-07;7.48128e-06;0.000143747;4.25433e-06;0.00086472;0.550552;0.00502797;7.03397e-07;0.000611245;4.06283e-06;0.377229;4.95992e-07
1.93403e-05;0.907862;4.2563e-06;1.92158e-05;0.000295798;0.00119666;3.47907e-07;0.00735486;1.87506e-06;2.12554e-05;1.35395e-07;0.00477385;0.0554228;0.0230276
0.000163544;0.717842;1.90951e-07;0.000350359;0.000566272;0.000297888;5.12786e-05;0.104818;6.13258e-05;8.58102e-05;0.000250418;0.0828209;0.070246;0.0224458
2.18826e-05;0.0309296;3.50954e-08;0.000112213;2.00475e-05;1.76339e-05;6.4883e-06;0.000961691;0.000458081;1.04653e-06;0.00223702;2.34405e-05;0.000962337;0.964248
0.000170463;0.740699;2.997e-06;3.97093e-06;2.4773e-06;3.74694e-07;0.000362952;0.00532133;8.89783e-05;6.2662e-05;3.24987e-05;7.36116e-06;0.252771;0.00047344
2.24202e-10;1.98936e-08;0.999998;1.2338e-10;1.02182e-09;1.05378e-10;2.9832e-10;1.33686e-10;3.2245e-12;3.40899e-10;4.98528e-11;2.31191e-06;7.08483e-11;5.17303e-10
7.09634e-06;0.847276;3.34238e-05;1.15077e-05;0.000915381;7.85255e-06;4.38461e-06;0.0479883;4.6064e-05;6.91716e-06;0.000135802;0.0330871;0.0700218;0.00045883
2.35112e-06;0.115101;3.37938e-09;1.9388e-05;1.72137e-07;0.000266599;7.97845e-05;0.000139313;3.87614e-05;2.79175e-05;0.000392712;3.1878e-05;0.883852;4.79371e-05
7.7568e-06;0.0224364;0.437378;9.25685e-05;7.73709e-06;3.2227e-06;4.23853e-05;2.69662e-07;1.98233e-07;0.000176642;7.69713e-07;0.537003;0.00274275;0.000107624
2.82079e-09;2.75297e-09;0.999998;6.28196e-10;2.95928e-09;2.12325e-10;3.10747e-09;6.80443e-09;6.08096e-10;9.78642e-11;1.86722e-09;1.96163e-06;9.49335e-09;6.7771e-11
1.37154e-06;0.997319;4.48375e-06;2.10122e-05;3.60728e-06;5.12965e-06;2.43353e-06;0.00106533;4.38065e-05;3.70785e-06;0.000190322;3.65103e-06;0.00132693;9.23977e-06
5.40955e-07;0.000263775;1.89367e-06;0.000104477;0.0398974;0.169115;6.09227e-08;0.00175814;1.28278e-06;5.73455e-05;1.04932e-06;6.38692e-05;0.000112237;0.788623
1.4213e-06;0.019146;5.2268e-11;2.32454e-07;1.58702e-08;6.28475e-08;4.57284e-06;8.07982e-05;6.51655e-08;9.24628e-08;1.36519e-05;8.71748e-06;0.980744;6.66002e-08
1.51626e-06;0.000243531;2.02487e-07;9.62244e-08;6.30468e-06;8.13236e-10;5.92671e-09;2.61018e-05;4.8814e-08;1.22505e-08;3.74035e-07;0.999692;2.99133e-05;1.39287e-07
6.68267e-06;0.179857;5.60111e-05;6.19082e-06;0.000123092;4.38103e-06;5.01367e-07;1.34369e-06;2.93479e-09;1.46607e-06;1.20134e-07;0.000444642;0.819492;6.30062e-06
5.99954e-06;0.0675757;1.56556e-06;3.95784e-06;9.52686e-06;1.15118e-06;2.10175e-05;0.000449462;1.80072e-05;1.76943e-06;1.4603e-05;0.928386;0.00100799;0.00250279
3.53541e-05;0.921118;2.34951e-06;7.5351e-05;0.000908911;0.0272543;1.99791e-05;0.00102589;0.000132363;2.27243e-06;0.000505977;0.0146095;0.0284497;0.00586002
0.000129672;0.0275952;2.59423e-05;2.14067e-06;6.39377e-06;0.000250335;1.43932e-07;0.0028998;5.37197e-06;6.4846e-07;1.27031e-05;0.0557009;0.913287;8.39251e-05
0.000104928;0.797746;0.000228434;9.50572e-07;4.54167e-06;2.00854e-05;5.1554e-07;0.0657593;6.23946e-06;7.41211e-08;2.51399e-05;0.130082;0.00602031;1.3274e-06
3.897e-07;0.99078;3.8091e-05;1.59701e-06;4.60488e-06;1.4046e-06;0.000883614;7.32393e-05;6.07878e-08;0.000466964;9.34539e-08;0.00040227;2.76078e-05;0.0073202
1.01565e-10;8.86545e-09;1;6.06257e-11;1.31534e-08;2.00361e-12;3.59167e-07;2.38969e-11;6.05544e-11;9.28795e-10;1.58168e-10;8.09181e-08;2.49643e-12;6.95094e-12
1.40595e-05;0.984822;0.00073196;6.33926e-06;1.28869e-05;1.19786e-06;0.0002096;2.44446e-05;1.7636e-05;6.45198e-06;2.89049e-05;0.000850978;0.0132726;6.89832e-07
1.00025e-05;0.0242577;0.00247732;1.30607e-06;0.000224936;4.80603e-06;1.5512e-07;0.000556692;5.26221e-07;4.064e-07;2.65003e-07;0.971523;0.00012029;0.000822261
1.02505e-06;0.294849;4.48515e-09;2.24814e-08;5.86748e-08;1.85361e-07;0.704286;1.01533e-07;4.94556e-07;8.08776e-05;2.41951e-07;2.08958e-11;6.0484e-07;0.000780711
1.37531e-10;3.26343e-11;1;1.29257e-10;1.07599e-09;2.79999e-10;3.36896e-08;4.47088e-14;6.91391e-10;9.31356e-11;1.69407e-10;1.1244e-09;1.61228e-11;1.29173e-11
3.31393e-06;0.00054149;2.18688e-07;1.71827e-10;1.4964e-08;3.06574e-10;8.33678e-09;0.999241;4.38333e-07;6.7351e-10;1.99212e-08;3.25264e-07;0.000213093;2.98707e-08
1.32206e-06;0.885108;0.00133751;4.31532e-06;0.00150589;0.000459859;1.97426e-06;0.011951;5.00946e-07;4.37969e-05;1.88373e-07;0.00503605;0.00760162;0.0869482
4.44954e-10;2.83197e-08;1;2.33131e-10;1.34396e-08;6.53074e-12;5.53662e-09;3.87082e-10;2.73466e-11;1.9861e-10;2.07084e-11;1.32641e-09;3.88179e-10;5.50474e-10
3.38317e-06;2.14846e-05;0.00110346;2.33597e-06;2.72886e-06;9.70904e-07;8.62368e-08;2.21544e-05;0.000121825;4.83957e-08;1.68409e-05;0.9987;3.89526e-06;8.65385e-07
6.82493e-05;0.994231;1.4826e-06;2.16799e-07;2.71593e-07;2.12997e-06;2.197e-07;0.00563924;5.52023e-06;3.03245e-07;9.7295e-07;1.49048e-07;3.78432e-05;1.26689e-05
8.13473e-08;0.99935;4.2381e-12;8.28086e-10;5.5566e-07;7.17329e-09;3.68416e-07;4.86352e-07;7.98e-10;1.39883e-06;7.76512e-12;4.87502e-08;3.3751e-05;0.000612749
1.77359e-12;1.36202e-14;1;5.67054e-13;4.4106e-10;7.70867e-13;1.15925e-12;2.88409e-11;3.79168e-13;1.18919e-12;5.89617e-15;2.30257e-10;7.54564e-15;1.25797e-14
8.16345e-06;0.00220016;2.53835e-05;2.98289e-06;9.13937e-05;4.01486e-06;9.60764e-07;0.993904;0.00317686;9.05206e-07;0.000265653;9.19865e-05;0.000226907;4.32017e-07
