9.4763e-07;0.999522;1.02657e-12;1.17162e-07;2.01008e-07;1.59255e-07;2.78216e-06;0.000263706;5.35418e-07;1.20879e-07;1.63972e-06;1.21352e-07;0.000206881;1.09917e-06
7.93178e-06;0.999517;3.41394e-09;3.02617e-07;2.38924e-08;1.86721e-07;7.73852e-07;6.19496e-06;2.83295e-09;1.76529e-07;2.60757e-08;0.000213192;0.000253315;9.88288e-07
2.87672e-05;0.000670888;2.54698e-07;0.0001998;0.000672635;0.000834653;5.85316e-06;0.000536439;0.000875384;2.42017e-07;0.000324883;0.97851;0.000570694;0.0167693
4.08937e-06;0.996709;6.84099e-08;1.557e-06;2.25543e-06;4.84397e-07;8.42066e-08;0.00308325;6.13897e-07;9.68181e-09;8.73244e-07;1.80983e-07;0.000185559;1.19704e-05
6.03998e-07;0.00023901;8.3525e-08;1.21695e-07;5.03695e-05;3.05541e-07;1.35682e-09;5.64752e-06;2.83551e-06;4.97077e-08;4.51135e-07;0.99839;3.05023e-05;0.0012798
6.62071e-06;0.442341;7.73793e-05;2.66243e-06;0.000277704;0.000180644;6.0616e-07;2.10052e-08;1.13334e-08;1.65414e-06;1.37184e-07;3.38974e-06;0.557081;2.7979e-05
1.44823e-05;0.00417827;0.000494457;1.7954e-07;6.52124e-06;7.57475e-07;3.3253e-07;0.0241093;6.30719e-07;4.50273e-07;3.38603e-07;0.92994;0.0412527;1.76506e-06
2.66543e-07;0.00762554;2.37033e-09;3.03141e-06;1.30571e-06;0.00741757;1.54182e-08;0.000347727;2.0622e-07;1.30783e-07;9.79807e-08;2.04911e-06;0.984584;1.77551e-05
1.39792e-05;0.000101662;0.590419;2.37717e-05;1.57405e-06;4.07178e-07;0.000162263;5.05794e-07;4.87116e-08;0.000180727;2.1667e-07;0.40905;1.40564e-05;3.22081e-05
7.5908e-08;1.50691e-09;0.999998;1.11996e-07;9.32226e-09;1.43506e-08;1.55358e-06;3.83221e-10;1.23736e-07;8.9172e-09;1.60312e-07;1.52156e-07;6.64635e-10;1.55989e-09
1.74337e-06;0.00403825;2.67465e-10;6.08966e-09;1.13736e-05;4.60781e-10;1.11502e-08;0.995946;9.11677e-08;4.24813e-09;1.90098e-08;6.15789e-07;1.58092e-06;7.54058e-07
9.8236e-07;6.1141e-06;0.997839;1.59861e-06;0.000434534;7.79431e-05;6.07545e-09;5.13897e-06;4.89787e-09;3.5565e-07;2.54794e-08;0.001349;0.000259241;2.59463e-05
4.49565e-08;0.999621;4.81402e-12;3.63656e-11;4.32423e-10;1.40152e-11;0.000377275;6.85439e-07;2.83413e-10;2.57413e-07;4.07375e-10;6.96049e-10;4.69354e-08;7.80464e-07
1.43815e-10;1.75188e-11;1;3.48438e-10;1.67458e-08;3.64819e-09;2.65719e-09;3.13358e-12;2.71604e-09;1.08987e-10;5.44473e-11;1.36106e-07;3.30321e-11;5.48201e-11
1.63667e-07;0.99868;2.48591e-10;6.99716e-10;3.03622e-11;2.63273e-10;6.91646e-08;2.59154e-07;4.11215e-08;9.05481e-10;3.08259e-08;1.78448e-07;0.00131879;5.85981e-10
7.57197e-06;0.472153;8.90198e-07;1.39335e-05;5.36613e-06;9.36401e-05;0.00198799;0.000160047;7.29758e-06;0.00752102;3.79758e-06;0.00019156;0.000570075;0.517283
1.76968e-09;4.61289e-10;0.999997;1.32446e-07;2.47744e-09;1.73761e-06;3.34175e-07;1.03303e-11;8.63956e-09;2.24459e-08;2.10434e-07;2.3161e-07;6.38903e-11;4.81456e-07
1.38067e-06;0.986198;2.3174e-10;1.36291e-07;1.24808e-07;1.49245e-06;1.96486e-07;0.00279029;6.45357e-06;1.02322e-08;0.000129987;4.16411e-05;0.0108298;3.75709e-07
1.69428e-05;0.0478063;1.88616e-05;2.08215e-07;4.08127e-06;1.30028e-07;6.62459e-08;0.000581352;2.32254e-06;2.15804e-07;2.64453e-05;0.950033;0.00150977;1.16295e-07
9.91683e-06;0.924267;4.54461e-09;3.31521e-07;1.20406e-05;2.79802e-05;0.0480563;0.000159887;0.000147511;0.000257749;1.24799e-05;3.03746e-08;0.0267112;0.000337445
7.6433e-08;4.77065e-08;0.999998;2.45948e-08;2.3986e-08;9.88857e-09;4.69504e-07;7.13813e-11;1.19831e-06;6.62781e-09;8.95802e-08;1.52894e-08;2.95777e-09;1.04249e-10
0.00143595;0.0451655;0.000154465;0.000162651;0.000199647;8.5813e-05;7.01152e-07;0.346046;0.0311276;3.85477e-06;0.00185551;0.568387;0.00467886;0.000697009
2.49135e-05;0.979066;0.000598782;1.22753e-06;4.60385e-05;1.52122e-06;1.52843e-08;0.0020309;2.65685e-06;9.55329e-07;3.57935e-06;0.0120456;0.00597456;0.000203006
2.51051e-05;0.0333843;5.97256e-08;2.12995e-06;0.25725;7.50814e-05;8.10583e-07;0.672182;9.30652e-05;1.30659e-05;4.27494e-06;0.0323051;0.000201463;0.00446355
0.000232634;0.0750895;0.555086;0.000229241;0.134449;0.00915319;9.66971e-07;0.00706711;6.53976e-06;5.03792e-05;1.23293e-07;0.206593;0.000700073;0.0113431
1.43821e-05;0.16288;1.10765e-08;2.16567e-06;3.70804e-05;2.69845e-05;1.20288e-07;0.835067;0.000278759;1.18744e-08;6.49954e-07;0.000653795;0.00102775;1.1378e-05
1.38284e-06;0.992819;1.035e-08;4.0881e-07;8.82114e-06;1.99311e-06;1.7081e-08;0.000208079;1.98662e-08;3.5997e-07;1.91095e-08;1.65039e-06;0.00692314;3.514e-05
1.64939e-05;0.997018;2.67242e-07;1.0431e-06;5.57048e-07;4.41403e-07;0.000119169;4.80124e-06;4.12114e-09;0.000870187;7.67723e-09;0.00013936;0.000313017;0.00151707
2.16343e-09;7.18379e-10;0.999999;1.37776e-07;4.96252e-08;1.98918e-07;7.68241e-07;1.45837e-11;1.52572e-08;1.07941e-08;3.84677e-08;1.19932e-07;8.69422e-10;1.86611e-09
5.33466e-05;0.869968;4.82188e-07;1.53387e-05;3.45845e-06;8.04565e-06;3.60897e-05;0.082469;0.000943973;2.67768e-06;0.00332355;0.00109962;0.0420707;5.28392e-06
6.15123e-05;0.893721;6.87117e-06;3.18487e-07;6.19895e-06;5.08916e-08;6.08735e-06;0.102741;2.61866e-06;1.5515e-06;9.15645e-06;6.03803e-05;0.00338242;1.24299e-06
2.27578e-06;0.0309601;5.62501e-08;7.64901e-06;0.000934513;7.29312e-07;2.79231e-06;5.06573e-05;5.02356e-05;8.9342e-07;6.78217e-06;0.956631;0.00965641;0.0016955
0.00435143;0.500993;2.6618e-09;0.000210636;5.61236e-05;5.57245e-05;0.000128755;0.324118;0.0223301;8.27234e-06;0.000906093;0.00880017;0.138005;3.65319e-05
0.000458942;0.586788;1.44812e-06;3.86383e-05;4.29165e-05;1.46382e-05;7.45652e-07;0.00251959;1.20758e-05;5.13537e-06;6.95136e-06;0.196647;0.212501;0.000963577
4.7474e-06;0.00241278;9.14155e-10;3.12321e-06;3.33931e-06;0.000669223;9.32749e-08;5.78035e-07;4.50229e-07;1.64746e-06;7.90232e-07;5.06798e-07;0.996764;0.000138523
2.10408e-06;0.00012064;0.999822;5.48568e-07;4.94111e-08;6.1739e-09;6.40298e-08;5.80966e-07;5.54247e-08;2.6494e-06;8.12723e-09;3.85406e-05;7.69485e-06;5.29103e-06
0.000334595;0.0776219;4.08763e-05;0.00064189;0.000916624;0.0113134;0.00435653;0.00356533;0.698876;0.000846344;0.164631;6.98226e-05;0.024674;0.0121119
