5.81072e-07;0.998944;1.87864e-05;7.02212e-07;4.58035e-07;2.12388e-09;1.09279e-09;1.84653e-05;4.37939e-09;4.29639e-09;1.05012e-08;0.00101659;1.14656e-07;7.43997e-07
1.6769e-07;1.27303e-06;0.999082;6.79193e-08;0.000156576;9.62457e-10;4.7973e-10;0.000656926;2.04335e-09;5.06369e-09;4.71763e-08;0.000102375;1.06182e-07;5.04428e-08
8.85158e-09;0.999405;7.41604e-08;2.01044e-07;3.52822e-06;4.90056e-08;4.42516e-08;1.68057e-08;5.54176e-11;3.84105e-07;4.80966e-09;2.42859e-07;5.66546e-07;0.000589991
3.3849e-05;0.00177217;2.68459e-06;5.90022e-06;8.72944e-07;2.2576e-07;0.016977;9.12253e-05;0.0322464;1.41356e-07;0.948848;6.58941e-06;1.50429e-05;2.45187e-07
1.58868e-05;0.963338;3.24108e-09;2.88541e-07;1.79925e-06;8.88049e-05;2.33302e-08;0.0282972;2.56332e-06;1.36281e-07;1.6604e-07;3.73786e-06;0.00808253;0.000168794
1.78687e-07;0.000121828;6.36137e-11;9.00602e-08;2.19654e-07;5.40361e-07;5.95709e-10;0.000821376;9.29261e-07;3.03467e-09;2.1234e-06;2.11028e-06;0.999049;1.22747e-06
2.56879e-05;0.00156042;2.20386e-06;1.88946e-06;5.02215e-06;1.92424e-06;9.72627e-09;0.000256582;6.41341e-05;1.54421e-07;1.10927e-05;0.99767;0.00029171;0.000109323
7.33498e-07;0.954585;1.04065e-08;4.50823e-09;1.63083e-08;1.4175e-07;9.57511e-09;6.04888e-06;2.88896e-08;2.51011e-09;1.25717e-07;0.000568658;0.0448398;2.88356e-08
2.79019e-06;0.120948;4.18451e-06;1.1265e-05;0.000438448;0.00198512;0.00231853;0.00280769;6.15548e-05;0.000583972;7.20711e-06;8.63008e-05;0.000109929;0.870635
2.04148e-11;7.01939e-09;1;1.11429e-10;4.7304e-11;3.29037e-10;1.87114e-08;6.85834e-14;3.07398e-11;2.26928e-11;1.84243e-10;1.80052e-09;7.2274e-10;3.75219e-14
5.93653e-05;0.499147;0.000777978;0.000138755;8.86074e-05;0.000170041;9.8048e-05;0.102125;0.000789385;7.4831e-06;0.0508963;0.323059;0.0225952;4.64812e-05
0.000120062;0.586016;2.13118e-05;0.00418095;0.00607817;0.0275126;7.5575e-05;0.227277;0.00130245;0.000530111;0.0192587;0.0138219;0.10064;0.0131657
0.00014606;0.469581;8.05255e-05;0.000369404;2.65694e-05;0.00189383;7.11695e-05;0.00616885;6.70394e-05;0.00040097;0.0011981;0.462463;0.0571022;0.000431449
9.10413e-06;0.993363;3.64766e-07;5.64793e-06;2.84461e-07;4.72395e-06;0.00186929;0.00365218;1.42576e-05;0.000145085;4.46266e-05;1.09805e-09;0.000811429;7.96718e-05
3.96896e-10;2.61488e-09;1;1.82599e-09;1.34321e-09;5.26757e-10;3.81174e-09;5.00584e-13;4.2067e-10;1.5228e-09;1.80109e-10;8.96668e-08;1.62519e-12;4.90599e-10
2.80903e-05;0.0163132;1.01611e-06;5.34332e-07;2.5533e-05;2.07545e-06;3.49864e-06;0.00756487;3.13545e-05;1.3099e-07;1.27802e-05;0.00032454;0.975684;7.91777e-06
2.72062e-06;0.0393893;5.35075e-07;0.000227923;0.109498;1.40654e-06;1.03241e-05;0.834376;0.00056793;9.30177e-06;0.00430909;0.0105686;0.000351046;0.00068789
5.2548e-07;0.000845187;0.0291902;5.08777e-05;6.54619e-05;8.47094e-07;1.08435e-06;2.53545e-06;4.27224e-09;3.35149e-05;2.60822e-06;0.016672;5.7193e-05;0.953078
0.000871718;0.79405;1.57602e-08;9.36292e-07;8.12223e-07;7.07422e-06;5.06189e-05;0.0191462;1.44658e-05;2.86173e-07;0.000322014;0.00569603;0.179774;6.57423e-05
8.33811e-08;1.55841e-05;1.26675e-07;1.20416e-08;6.04121e-07;5.40086e-08;1.30912e-09;0.00183326;1.49927e-08;4.18177e-10;6.72643e-08;0.000132924;0.998017;3.29777e-07
2.38156e-06;0.00783778;2.7572e-06;1.05818e-05;3.93028e-06;1.09384e-07;1.96858e-08;9.50794e-05;7.44244e-07;5.4107e-07;4.79039e-06;0.990621;0.000374702;0.00104514
1.38274e-07;0.00347387;1.73621e-09;1.4165e-08;3.78854e-06;8.79041e-10;1.81201e-09;0.996513;1.57534e-08;3.45927e-09;7.29297e-08;1.09439e-06;8.16371e-06;1.68868e-08
3.43931e-08;8.70569e-05;0.999844;3.7146e-06;1.33319e-05;9.11219e-06;7.10173e-07;1.07183e-07;6.9896e-10;1.44001e-05;1.00434e-07;1.0171e-07;1.31143e-06;2.56188e-05
1.40515e-07;3.65967e-08;0.999994;1.31888e-08;6.49025e-08;1.75484e-08;5.5507e-06;2.28946e-08;8.78078e-09;1.46004e-08;3.08717e-07;1.79087e-07;4.93953e-08;1.3132e-07
1.18383e-07;9.37566e-06;0.000130887;4.1828e-08;6.87937e-08;4.4568e-07;7.74731e-10;8.95364e-07;1.50185e-07;1.00697e-09;1.05175e-06;0.99985;4.80586e-06;2.51885e-06
3.19112e-05;0.0168361;1.03952e-09;2.95341e-07;4.11646e-05;0.000200556;1.82471e-07;0.00240369;8.37578e-06;1.25595e-07;1.5698e-05;4.23981e-05;0.980392;2.78423e-05
2.22857e-06;0.00255005;8.4003e-09;7.39211e-08;1.81804e-05;4.07598e-06;2.97305e-11;0.000451578;2.72677e-08;1.28197e-08;1.34829e-08;0.996334;0.000625904;1.42469e-05
1.56134e-05;0.0178704;2.02732e-10;2.63027e-08;5.60028e-06;5.49182e-06;1.89326e-06;0.982034;2.40034e-06;1.2422e-06;1.12524e-08;9.38367e-12;2.89064e-05;3.44536e-05
1.28082e-07;1.47743e-06;0.999997;1.29036e-07;7.75668e-07;2.43126e-07;1.5132e-08;9.11622e-08;1.10299e-08;1.76855e-08;1.35449e-09;3.78235e-09;1.97758e-09;2.08992e-07
2.37464e-06;0.000603628;0.000421152;1.24993e-05;1.20557e-07;4.99565e-07;1.23406e-08;6.67199e-06;2.75367e-05;2.05958e-08;1.42131e-05;0.998885;2.25196e-05;3.43155e-06
7.97592e-06;0.989105;7.16547e-06;1.69932e-06;1.84959e-06;2.62938e-06;2.22681e-08;1.10087e-07;7.46877e-07;7.72455e-08;1.84237e-06;1.29814e-05;0.0105649;0.000293351
5.32692e-07;0.437961;1.6436e-06;1.1256e-08;0.0227052;1.46133e-06;1.00204e-11;0.320963;6.35513e-10;3.78302e-08;9.50132e-11;0.20396;0.00177942;0.0126279
1.12828e-08;0.000159405;7.39653e-09;2.52901e-07;1.74267e-06;0.0604536;2.72664e-09;7.47713e-06;1.29213e-06;5.70143e-07;3.47018e-09;5.37971e-09;0.93937;5.43535e-06
2.24699e-08;3.75636e-07;0.999999;3.11951e-08;4.03765e-09;1.04827e-08;8.69424e-09;1.42895e-08;1.03374e-08;1.89026e-08;2.41541e-09;6.73067e-07;2.61109e-08;1.16431e-09
1.60758e-05;0.200192;9.53007e-05;0.000103135;0.00094854;0.000533686;1.00384e-05;0.791789;0.0043196;7.93215e-06;0.000384227;2.9589e-06;0.000783698;0.000813174
