6.77332e-08;0.999957;3.44237e-05;1.73702e-08;2.61105e-07;7.87305e-10;2.76483e-09;1.9191e-06;1.06606e-10;2.47259e-08;1.22313e-10;4.63387e-08;5.42489e-07;5.55089e-06
1.57612e-10;1.46207e-08;1;1.25575e-11;2.442e-09;3.69117e-12;3.52569e-10;1.78682e-11;6.0413e-12;4.0404e-11;3.89497e-12;4.22384e-07;3.27303e-11;1.41129e-11
2.12183e-05;4.08153e-05;6.64483e-06;6.96967e-05;0.0135834;4.83461e-05;2.14232e-05;0.0451661;0.0159228;6.32686e-06;0.0161054;0.890009;0.000576219;0.0184228
6.67328e-06;0.381487;5.15754e-08;0.000121104;6.74899e-05;0.000196267;2.90151e-07;0.00519013;0.00015508;1.36295e-06;0.000154962;0.00148665;0.610079;0.00105459
1.78116e-06;0.999752;2.05614e-06;5.15495e-07;1.58246e-08;2.04155e-09;1.91458e-08;0.000121282;1.54614e-07;3.22827e-08;5.0657e-07;2.45002e-06;0.000118371;8.88565e-07
6.0899e-07;0.99935;2.9435e-10;1.25311e-06;0.000248217;9.36369e-09;8.40152e-09;0.000369723;3.49966e-07;1.85208e-07;3.3271e-08;5.45492e-06;1.36225e-06;2.25687e-05
9.74132e-06;0.00364254;0.00125812;2.82971e-05;4.69269e-05;0.000130091;3.75865e-07;8.12694e-05;2.42733e-07;4.87076e-05;3.18369e-06;0.994219;3.20543e-05;0.000498909
1.9626e-05;0.000404095;1.58609e-10;8.68052e-08;2.23643e-07;4.27616e-07;6.66547e-08;0.996324;7.51614e-05;2.59318e-09;8.07878e-05;4.0906e-06;0.00309159;1.56166e-07
0.000375798;0.0448047;0.0170954;2.56528e-06;0.000247756;3.88238e-06;6.44753e-08;0.13272;1.56019e-06;1.30304e-06;3.5387e-06;0.798015;0.00545354;0.00127497
1.42627e-06;0.905294;0.000343164;8.65779e-05;0.000428196;0.000131422;9.01389e-07;0.00574853;1.94881e-05;2.20583e-06;0.000283064;0.0783696;0.00903956;0.00025225
2.58525e-06;0.841695;1.83962e-06;7.73106e-06;0.000333129;0.000232802;1.55882e-06;0.146836;4.59859e-05;9.13526e-06;0.000761209;0.0014752;0.00855727;4.09803e-05
6.7978e-05;0.475942;1.37324e-07;5.80705e-07;2.65745e-07;2.60514e-06;2.00359e-05;3.71546e-06;5.35657e-07;4.15512e-06;2.20545e-05;0.484588;0.0393475;5.09778e-07
0.000117213;9.87413e-05;1.98235e-09;1.56537e-06;0.000254382;0.00260976;4.94785e-06;0.0088665;0.00634401;1.51551e-07;2.58612e-05;4.6414e-05;0.981102;0.000528607
0.00017283;0.568282;0.430732;8.25624e-06;6.37077e-05;1.022e-06;6.89776e-08;0.000148741;3.1728e-06;5.31893e-07;8.65238e-08;0.000468481;6.36416e-05;5.60278e-05
0.0035133;0.508658;3.75693e-05;5.39807e-05;3.20481e-05;5.3212e-06;0.00228828;0.38567;0.0649754;0.000165134;0.00609072;0.0208832;0.00760216;2.47713e-05
3.60538e-06;2.2659e-06;4.64733e-09;9.99844e-08;4.1606e-07;1.00985e-07;1.56003e-08;0.999893;9.33633e-05;1.49288e-07;4.25476e-07;3.54718e-08;6.18501e-06;1.0868e-08
0.000475168;0.00243727;1.32342e-06;2.23363e-05;3.07443e-05;8.94118e-08;4.83145e-06;0.000458815;0.0242813;8.7579e-08;0.000186987;0.971814;0.000136758;0.000149905
3.83758e-05;0.90562;2.34603e-09;2.55585e-07;1.95106e-07;3.0157e-08;0.000244647;0.093342;0.000114932;2.26252e-05;2.27793e-07;7.10675e-09;0.000607177;9.41655e-06
3.097e-11;1.69504e-11;1;8.93088e-09;3.17372e-09;2.86326e-10;2.69634e-11;2.57907e-12;3.74174e-11;2.20776e-10;2.68353e-11;2.49281e-07;1.4447e-13;1.4937e-09
0.000148761;0.890789;0.000147484;0.000614079;0.000109507;5.95685e-05;0.000817525;0.0604117;0.00738619;1.63736e-06;0.00165827;5.27027e-05;0.0378026;7.68952e-07
0.000103279;0.028601;2.16169e-05;0.000156316;1.63189e-05;6.88947e-05;5.37734e-07;0.947198;0.000596295;1.97863e-06;0.000485663;0.0163276;0.00619932;0.000223098
1.81829e-06;0.999331;1.44949e-09;3.56404e-06;3.11156e-08;1.97676e-06;1.64456e-05;1.23086e-05;3.17848e-05;1.21986e-05;0.000173774;1.72892e-06;0.000408746;4.19933e-06
3.46646e-06;2.73865e-05;0.000395215;8.43882e-06;7.72023e-05;2.22091e-05;5.76676e-10;3.99338e-07;3.59033e-07;2.92861e-08;6.63188e-08;0.999391;2.8389e-05;4.54434e-05
0.00329018;0.0130881;2.16493e-07;2.34261e-06;2.95817e-05;5.95992e-05;3.15382e-05;0.879005;0.0754643;4.22105e-07;0.000317652;1.64051e-05;0.0286937;9.68543e-07
1.31892e-06;0.00135634;1.87483e-10;8.5519e-08;3.86065e-05;4.56009e-07;7.71557e-10;0.993531;3.49352e-06;6.09536e-09;5.33631e-06;1.17092e-05;0.00505199;1.98616e-08
8.38458e-06;0.952734;2.29372e-05;6.5495e-05;6.87196e-06;7.21881e-07;0.0218238;1.77804e-07;6.51243e-07;0.0217773;1.36436e-05;1.92311e-07;1.84117e-05;0.00352741
1.11426e-08;7.53727e-10;0.999998;1.19266e-08;1.48297e-08;1.44608e-09;6.55784e-07;3.29167e-10;5.01138e-08;1.18343e-08;5.46078e-07;5.20965e-07;1.00239e-10;4.06796e-08
2.16388e-07;0.99895;1.2549e-09;1.26928e-06;9.12964e-09;3.06513e-07;0.000111794;1.7015e-05;6.71326e-05;1.35439e-06;0.000301195;9.12303e-07;0.000548305;6.21941e-07
5.34599e-09;6.75036e-06;2.92289e-05;9.71043e-07;3.24749e-06;6.64782e-06;4.95535e-11;3.46508e-08;2.9252e-10;1.24923e-08;5.5068e-08;0.999897;3.08552e-05;2.4859e-05
0.000145328;0.0570267;7.62417e-07;1.87154e-05;7.51843e-05;6.29516e-05;7.72166e-05;0.884306;0.00659441;1.68933e-06;0.00134584;2.74578e-05;0.0501577;0.000160498
1.09628e-05;0.00118442;1.54737e-07;2.0477e-08;6.46106e-08;5.81611e-08;9.1086e-09;0.998432;2.82983e-06;2.62274e-08;4.55535e-07;2.46747e-06;0.000366214;2.93065e-08
2.87715e-06;0.00191111;2.31491e-06;9.47383e-05;0.00779997;0.000416826;4.37306e-09;0.000455282;1.59561e-05;6.82905e-07;6.60367e-06;0.875694;0.000105111;0.113494
1.55625e-06;0.998242;8.18835e-10;7.46082e-09;4.97784e-09;1.293e-10;0.00174189;1.69482e-06;2.50899e-08;2.26231e-06;7.78134e-08;1.08636e-12;4.70335e-06;6.1878e-06
1.11652e-09;6.13514e-10;0.999997;3.56854e-08;1.99491e-07;4.07597e-07;3.04931e-08;3.78767e-12;5.0767e-10;6.52912e-09;5.74517e-10;1.9133e-06;6.87205e-11;9.0074e-08
2.67999e-06;0.895501;8.44244e-09;3.90693e-05;9.56704e-06;9.59669e-05;8.85598e-07;0.000368631;3.85657e-06;2.45932e-08;6.72723e-06;0.000928883;0.10301;3.34916e-05
1.19137e-05;0.914386;2.02203e-07;0.000234554;0.00125007;0.0011011;4.01534e-06;0.041225;2.28921e-06;1.81936e-05;0.000158326;0.00907333;0.0202881;0.0122465
5.8783e-06;0.455199;1.75121e-08;0.000166744;0.0476248;0.0380576;2.23036e-06;0.207598;3.4967e-06;5.66158e-05;1.32878e-05;0.000266872;0.163182;0.0878229
1.1884e-05;0.892459;1.53732e-05;0.00116878;1.65614e-05;0.000764277;0.000103965;0.000384161;0.000184707;4.76539e-05;0.00240348;0.0208581;0.0804791;0.00110303
2.47236e-05;0.999394;4.86243e-06;6.01896e-06;5.1688e-07;5.65179e-09;5.47228e-06;0.000490395;2.98106e-06;4.85783e-07;2.40217e-05;3.62949e-05;8.96193e-06;7.96205e-07
1.97536e-06;0.986167;1.58303e-10;2.03682e-06;0.000144874;4.87667e-08;3.78577e-08;0.0131687;1.42175e-07;1.59315e-06;1.02811e-08;6.45507e-06;8.11912e-07;0.00050647
6.67398e-07;3.44612e-05;0.000112174;1.89755e-06;3.24434e-06;9.06286e-06;9.06804e-09;2.75426e-06;1.54477e-09;6.98787e-06;5.37456e-08;0.999719;1.0291e-05;9.96972e-05
5.28533e-05;0.00804959;1.16026e-09;6.0077e-06;4.60487e-07;1.50854e-06;2.76328e-05;4.48764e-06;0.000110623;6.12288e-08;0.00815656;4.96856e-05;0.98354;4.4055e-07
0.000677828;0.0245781;3.48121e-05;0.000395172;0.000228529;0.000157895;1.56203e-06;0.0141676;6.91508e-05;7.48135e-06;0.000845396;0.880944;0.077606;0.000286593
0.000775395;0.279925;0.000105068;0.00156675;0.0656076;0.000972268;6.58578e-06;0.275463;0.000775339;9.61189e-05;0.00528153;0.0124097;0.351701;0.00531384
1.29344e-07;0.977989;4.38512e-08;4.974e-07;1.82471e-08;9.61003e-08;0.0187878;2.07286e-07;4.10261e-08;0.00288489;6.2985e-08;4.89353e-09;5.00918e-07;0.000336612
2.34034e-11;5.78169e-12;1;6.33236e-09;8.08178e-09;2.37995e-09;1.36843e-08;7.73878e-13;6.21305e-11;3.38908e-09;1.9745e-10;3.46507e-08;2.7628e-12;1.3989e-09
0.00173913;0.0330369;0.000107856;0.000928882;0.0126233;0.000191379;0.4323;0.32202;0.0987217;0.000343694;0.0945292;0.000109863;0.00243702;0.000911604
6.35053e-05;0.181321;0.798247;0.00144204;0.000273568;0.000264784;0.0039058;7.46182e-06;0.000108404;0.00088653;0.00287349;3.35541e-05;0.0101589;0.000414169
2.5255e-05;0.981286;0.00874003;3.67365e-07;7.98169e-06;1.06912e-08;4.31808e-06;1.30017e-05;6.11247e-07;2.9994e-07;2.78106e-07;0.00955642;1.81024e-06;0.000363379
0.00828573;0.605551;6.78669e-06;5.57126e-05;0.00307332;0.000294476;0.00195837;0.115442;0.113495;4.2421e-05;0.000166291;0.0185243;0.106181;0.0269226
6.9589e-05;0.0797887;2.95849e-08;5.20161e-06;0.000526346;0.000197108;1.56653e-07;0.51356;0.000388053;1.39523e-07;2.16318e-06;0.170147;0.0155275;0.219788
5.68948e-05;0.122924;7.7296e-07;3.55542e-05;0.0290586;6.45084e-06;9.82289e-07;0.819123;3.05585e-06;9.47847e-06;3.61698e-06;0.000509771;0.00017894;0.0280884
7.0831e-05;0.0269531;0.401924;6.04198e-05;0.00213876;0.000179609;8.16845e-09;6.89202e-05;6.29803e-09;3.63768e-07;9.2517e-08;0.168546;0.395293;0.00476545
5.67531e-06;0.00127174;2.2233e-07;3.33841e-06;0.000275643;1.96059e-06;7.5851e-06;0.99488;0.00107369;9.57349e-08;0.000930832;0.000677951;0.00085856;1.26233e-05
9.12164e-07;0.00124115;0.981263;0.000134821;0.000422612;0.000142029;2.28212e-08;1.25825e-05;1.12042e-06;1.29477e-06;8.73375e-06;0.0161602;0.000539268;7.21334e-05
0.000105548;0.271654;4.88486e-07;5.94934e-07;5.99621e-05;2.84268e-06;5.19732e-05;0.715481;0.00355704;4.09846e-07;0.00184566;0.000112912;0.00711429;1.32161e-05
8.62989e-08;3.72131e-06;0.999592;1.6759e-08;6.79364e-05;5.54953e-09;1.18351e-08;4.48518e-06;8.85939e-09;8.03335e-08;1.36229e-07;0.000330508;1.04218e-06;2.8733e-07
1.96775e-06;0.999421;4.82714e-05;4.66597e-07;3.2862e-05;9.31639e-08;0.00036883;9.16806e-07;2.53913e-07;6.09671e-05;5.34895e-07;9.47926e-11;6.40448e-07;6.27922e-05
9.82135e-10;9.7692e-11;1;9.11724e-13;1.63773e-10;3.09804e-14;6.75813e-09;7.16034e-11;7.13018e-09;1.01557e-11;2.54865e-11;2.10968e-07;8.88655e-14;3.10149e-12
6.52656e-07;1.54619e-05;4.8346e-10;3.50921e-09;6.08424e-07;6.85472e-07;6.73528e-06;0.996283;0.0035565;7.17634e-08;2.11761e-06;6.88235e-11;0.000133863;4.51619e-07
8.06153e-11;4.35859e-12;1;1.28692e-11;2.69999e-10;1.16734e-12;1.62854e-11;4.72368e-10;1.15825e-10;1.47282e-11;1.73135e-12;7.66992e-09;5.77234e-12;5.16216e-12
6.64811e-09;4.15997e-07;0.999989;1.37924e-08;4.45399e-08;1.47693e-08;2.80258e-11;2.77591e-06;2.11791e-08;4.75235e-10;3.10411e-10;7.37724e-06;3.00994e-09;7.03772e-07
5.90181e-08;1.18255e-05;3.55138e-07;1.49013e-08;6.3059e-05;0.00031633;1.26552e-12;3.64411e-07;4.51573e-09;2.20461e-08;2.65575e-10;4.67059e-06;3.38449e-06;0.9996
7.99554e-06;0.00016682;4.19733e-09;1.83582e-07;1.81493e-05;4.94978e-06;1.05543e-09;0.987477;3.95923e-06;1.15687e-08;9.05535e-08;0.00025848;0.0120597;2.35608e-06
6.25018e-06;0.993558;7.64836e-08;2.27675e-05;1.82116e-07;4.77334e-06;3.26407e-07;3.63499e-05;5.54485e-06;7.75168e-07;2.47704e-06;8.22128e-06;0.00628724;6.71448e-05
1.38618e-06;0.999916;1.32714e-05;7.00427e-07;2.44375e-09;1.15884e-09;3.34928e-06;3.93735e-06;1.90113e-07;7.72473e-08;1.72756e-06;4.96913e-05;9.51301e-06;6.52692e-09
2.38859e-10;0.999999;1.64241e-12;1.73449e-09;3.55952e-10;1.21201e-11;6.15124e-09;8.31698e-08;1.44303e-11;3.42902e-08;6.16448e-12;5.98748e-10;2.97311e-08;6.70463e-07
2.54972e-07;2.0134e-05;0.999941;4.10167e-08;9.22381e-08;2.51816e-07;3.67549e-06;3.27775e-05;9.08018e-09;7.82658e-07;5.37449e-08;2.91132e-08;8.35014e-07;7.59287e-08
2.21438e-11;1.06781e-10;1;3.185e-11;8.27026e-10;7.55529e-11;2.39176e-11;7.68068e-12;4.78919e-13;1.32329e-12;6.88367e-13;1.76507e-09;5.63592e-11;1.45895e-11
2.25421e-08;6.49183e-08;0.999855;1.60944e-08;8.85927e-08;6.64282e-08;1.72543e-10;2.17988e-07;1.846e-09;8.5678e-10;1.14327e-09;0.000140483;1.61734e-09;4.20025e-06
2.72237e-10;4.47521e-07;2.80209e-09;4.93868e-11;5.48781e-07;2.86831e-06;8.66062e-15;4.82532e-09;1.26285e-12;5.95632e-11;2.82267e-13;1.95081e-08;6.06545e-09;0.999996
4.69459e-05;0.00117407;1.43367e-07;6.05301e-07;0.000426076;2.67403e-05;1.20421e-08;0.594336;2.52235e-05;9.87083e-09;3.48793e-06;0.0358529;0.364573;0.00353441
1.73251e-06;0.977187;2.76174e-09;2.38305e-06;9.48463e-06;1.11969e-07;5.4547e-07;0.0198728;2.40262e-06;2.72115e-07;4.16676e-07;8.21703e-06;0.0015439;0.00137131
4.27704e-06;0.198459;0.00106588;0.000341564;2.18878e-05;6.60671e-05;3.18926e-08;1.68674e-05;5.9503e-08;2.12771e-06;3.71632e-07;0.789349;0.00460764;0.00606519
0.000332321;0.367076;1.34192e-07;0.000214584;0.00550941;0.0010205;0.00185722;0.00540591;1.5025e-06;0.00025368;8.32499e-05;9.26666e-07;0.025084;0.593161
0.00059441;0.0229272;0.000418277;0.00328535;0.00504371;0.00721952;7.20479e-05;0.0404215;1.37498e-05;0.000698057;0.000323722;0.0558632;0.0630596;0.80006
0.00229971;0.170307;5.93717e-07;0.000611612;9.48623e-05;0.000194442;9.36425e-05;0.00448094;0.005024;2.69943e-05;0.00874701;0.032191;0.769935;0.00599332
0.000176571;0.968235;2.01622e-06;2.77729e-05;4.46401e-06;5.49629e-05;1.67901e-05;0.00127585;0.000233885;6.18813e-06;0.000120762;0.028111;0.000122758;0.00161142
0.000231355;0.990678;1.10465e-07;1.37381e-05;6.19373e-07;6.54925e-05;0.000117437;4.36216e-05;4.11984e-05;2.15795e-06;0.00018259;0.000793095;0.00778076;5.00008e-05
7.83826e-05;0.242253;1.43474e-06;1.56427e-05;0.000123278;0.000139889;1.83591e-06;0.000195831;1.27031e-05;2.7948e-07;2.40164e-05;0.682959;0.0688811;0.00531273
0.000351844;0.58141;2.23421e-05;2.421e-05;0.000249165;7.04499e-05;4.11889e-07;0.347428;0.000116619;1.85703e-05;4.62445e-05;0.0310438;0.0051387;0.0340796
3.5273e-06;0.0815267;1.25986e-07;1.36103e-06;3.38325e-07;0.00110174;7.2903e-06;5.27432e-05;3.09844e-05;4.60171e-06;4.15274e-05;0.000186343;0.917033;1.01986e-05
2.69922e-07;0.000449852;0.991062;8.72721e-06;3.72369e-06;4.71447e-07;0.000346674;2.34896e-08;5.79187e-07;0.000442965;6.06341e-07;0.00761411;2.7371e-05;4.26791e-05
1.36481e-07;1.8175e-06;0.999747;7.80759e-08;7.86215e-09;1.57648e-07;0.000243325;7.83011e-10;5.88326e-06;5.4546e-08;1.48493e-06;1.00141e-07;1.33807e-07;1.27142e-10
3.78346e-06;0.973768;1.74993e-09;5.14487e-08;2.4963e-09;4.17124e-08;3.43141e-07;1.15513e-06;4.23479e-07;1.05605e-08;3.70603e-06;7.55059e-06;0.0262152;1.95742e-08
1.11045e-05;0.0020425;0.000186315;6.76928e-06;0.00169288;0.000173024;3.67122e-09;0.00159193;2.8e-07;2.90106e-06;1.81477e-07;0.974014;0.00532162;0.0149566
1.14616e-06;0.905164;2.5327e-08;5.69551e-05;0.000145641;0.00133859;5.21528e-06;0.00684576;2.2823e-05;6.8779e-06;0.000100755;0.00114361;0.0848172;0.000350845
3.16483e-07;0.000189443;3.78655e-09;6.70918e-06;0.000197121;7.78589e-06;2.7079e-07;5.09904e-05;6.5152e-08;1.40583e-06;2.15848e-05;0.00352125;0.995996;6.95549e-06
0.000388124;0.00511233;3.35821e-06;2.78716e-05;0.0001981;1.21556e-06;9.67e-06;0.000408767;7.052e-05;6.31137e-06;0.000300513;0.991375;0.00206623;3.16583e-05
3.24104e-06;0.999164;0.000585258;6.2763e-07;8.2481e-07;1.01628e-08;1.25286e-08;9.9149e-05;2.45813e-09;4.26552e-08;1.08326e-08;9.64805e-05;4.87829e-05;1.82165e-06
9.55244e-05;0.0122446;8.42653e-05;0.000466881;0.0136985;0.0133782;9.81013e-07;0.00194291;4.73222e-06;5.09441e-05;9.45981e-06;0.00279617;0.948261;0.0069654
2.75509e-05;0.996085;1.73032e-08;0.000149723;9.45256e-05;0.000145619;2.70842e-06;0.00225868;1.31829e-05;1.17149e-05;0.00024236;0.000330093;0.000179738;0.000458656
2.16752e-06;0.999553;8.73614e-09;4.73611e-08;5.25371e-07;6.36497e-09;1.21027e-05;2.6199e-08;3.17496e-11;3.76847e-06;2.90781e-08;1.99582e-06;1.1596e-08;0.000426564
3.74159e-11;1.90449e-13;1;2.15668e-12;3.12924e-10;3.51037e-12;1.63885e-10;5.00225e-13;4.31367e-13;4.37174e-12;1.11215e-12;4.3095e-07;5.64287e-14;9.26563e-13
7.28252e-06;0.993513;8.91453e-05;6.43864e-07;4.44486e-07;5.78827e-06;0.000113595;0.00183195;1.81623e-06;2.95998e-07;1.39374e-06;4.66608e-05;0.00438455;3.15855e-06
2.00043e-07;0.0225831;9.97814e-11;2.44065e-06;1.14083e-05;1.8755e-05;3.43994e-06;6.4134e-05;2.20226e-07;9.54184e-07;2.70093e-06;2.69311e-07;0.977284;2.79912e-05
4.61322e-06;0.00412956;7.75733e-07;1.27565e-06;5.77116e-07;2.75879e-07;1.28804e-07;7.69028e-05;4.969e-08;5.66951e-07;4.50336e-08;0.994737;0.00104712;1.34366e-06
1.43277e-06;0.00787387;8.30494e-07;2.03342e-06;1.21615e-05;6.95136e-07;6.32945e-07;0.000413294;8.13044e-06;3.13578e-08;2.65987e-06;9.9931e-05;0.991584;3.79634e-07
2.98276e-06;0.00584987;4.65347e-08;5.31543e-05;0.000313806;9.57966e-05;2.11396e-07;4.48185e-05;1.82083e-05;4.41339e-06;3.43048e-06;7.20985e-05;4.15253e-05;0.9935
2.66099e-06;0.957507;9.70693e-10;1.04119e-06;2.4436e-07;3.84763e-08;0.0299371;7.72229e-06;7.81282e-08;0.000845341;1.06103e-07;1.81533e-09;7.82891e-05;0.0116205
6.61493e-12;8.55933e-12;1;1.73766e-10;5.51467e-10;1.16316e-12;6.28379e-11;6.54648e-14;2.33143e-11;1.67242e-10;1.76106e-11;4.84912e-09;3.28731e-16;2.77907e-11
2.31986e-06;0.951398;1.49566e-05;2.64899e-06;2.57428e-06;2.74922e-06;1.50446e-06;3.60952e-06;1.64326e-07;1.07061e-07;2.56842e-06;4.91419e-05;0.0485188;4.87586e-07
9.86419e-08;0.00100691;7.50441e-10;2.10242e-08;2.07417e-05;1.63282e-05;6.85856e-09;0.00928443;3.55694e-09;1.00837e-08;4.60166e-08;0.105716;0.883545;0.000410283
4.88344e-06;0.0445715;4.97475e-06;0.00048511;0.00411134;0.108885;7.54687e-08;0.279218;0.000103965;2.56155e-07;3.70142e-05;0.156629;0.398948;0.00700132
0.00013188;0.388666;4.1173e-06;1.16312e-06;3.89963e-08;5.07092e-07;8.68592e-07;1.84628e-05;1.06026e-06;1.49089e-08;1.38379e-05;0.00845602;0.602704;2.30474e-06
0.000255197;0.0811637;0.000848788;1.73025e-05;0.230054;0.0431379;1.23673e-08;0.0118734;3.86743e-06;8.26458e-06;1.11512e-06;0.11619;0.234194;0.282252
1.03476e-05;0.296941;1.33607e-07;1.71029e-05;0.00460166;0.00990354;3.35107e-07;0.139917;6.99145e-05;1.1032e-05;3.17317e-05;0.0895455;0.45877;0.000180446
6.02847e-06;0.000403234;3.20552e-07;2.11975e-05;0.00805605;0.000145726;8.42131e-07;1.81641e-05;1.04167e-05;8.8456e-06;5.91185e-05;0.0199648;0.971247;5.80586e-05
0.00242994;0.10659;3.34657e-06;1.19374e-05;5.13481e-06;1.31847e-07;1.1969e-05;0.000570615;0.000111067;9.14842e-06;0.000552906;0.880238;0.00946501;8.81519e-07
8.76328e-06;0.999904;3.10314e-06;9.55918e-07;8.16942e-07;1.38814e-08;9.28476e-07;6.6363e-05;1.02826e-06;1.98042e-07;7.75392e-06;2.91819e-06;3.53751e-06;2.01194e-07
5.89205e-08;0.999529;5.65851e-11;3.87358e-07;0.000106921;1.06978e-08;3.46069e-09;0.000169428;2.29196e-09;2.78305e-07;5.76232e-10;2.14595e-07;8.88599e-08;0.000193185
1.1906e-07;2.34205e-06;0.000280065;3.28527e-06;2.33754e-06;2.71877e-05;1.68306e-08;1.2576e-07;2.94149e-09;4.83596e-06;4.39362e-07;0.999607;3.73127e-07;7.22771e-05
0.000372256;0.500852;2.64936e-09;5.8436e-05;1.74929e-06;2.69607e-05;0.000313735;0.00017715;0.000410417;8.16485e-07;0.0343482;6.07617e-05;0.463375;2.59508e-06
2.7863e-05;0.000249543;4.33781e-06;5.95795e-07;3.05761e-06;2.1296e-06;5.76227e-09;0.000526071;7.08945e-08;4.16817e-08;3.42182e-07;0.97194;0.0272433;2.18949e-06
3.63365e-06;0.0152088;1.30897e-05;3.41322e-07;1.35056e-05;2.22117e-07;3.38457e-08;0.132001;9.06498e-07;2.24779e-08;6.695e-06;0.0174051;0.835347;3.59196e-07
3.69024e-09;0.686973;1.97242e-11;8.39717e-08;7.5095e-09;1.34512e-09;8.07626e-06;1.71463e-08;4.07588e-09;3.42628e-05;1.14257e-08;6.89117e-08;3.90261e-08;0.312984
8.70077e-07;0.000429438;1.07788e-08;2.12227e-06;1.10368e-07;1.5725e-07;0.954701;9.4867e-06;0.00474471;1.5422e-06;0.04004;4.11222e-06;6.63892e-05;1.06559e-09
4.07211e-06;0.26718;8.38877e-09;9.80153e-06;5.48012e-06;3.06113e-05;8.94517e-06;0.0102483;4.90331e-05;1.89582e-06;1.71856e-05;6.87435e-07;0.721815;0.000629184
1.61678e-06;0.000484023;1.50333e-07;1.73669e-06;3.95648e-06;3.16194e-07;1.28231e-05;1.07565e-07;1.28134e-06;7.93456e-05;1.64257e-07;9.1486e-07;5.49821e-08;0.999413
2.7095e-08;2.08212e-08;0.999983;4.59606e-09;5.40958e-10;1.78728e-10;1.66049e-05;1.39651e-12;4.46889e-08;1.33309e-08;1.24458e-08;8.91199e-08;9.11282e-10;7.66278e-10
0.000106605;0.123844;0.0012313;3.1487e-06;4.48527e-05;3.06512e-06;5.8727e-05;0.206284;0.000520875;1.9011e-05;3.56676e-05;0.496317;0.171339;0.00019299
3.88069e-06;0.260401;1.71127e-05;0.000253444;7.55113e-06;0.336754;6.99134e-06;0.00115888;0.000271552;0.000167321;4.7322e-05;6.58279e-05;0.398961;0.00188381
8.45215e-06;0.00380662;0.168454;5.61424e-05;4.62229e-06;1.70308e-05;0.00461618;9.08187e-08;9.36384e-07;0.00286821;4.4171e-06;0.820043;1.73023e-05;0.000102557
1.76519e-07;2.72391e-06;0.999959;1.00987e-07;1.65669e-09;7.42602e-07;3.27579e-05;3.34161e-09;4.48893e-07;2.52581e-08;7.66797e-07;2.65968e-06;9.51298e-07;1.56287e-10
5.99421e-07;1.74829e-06;3.08087e-09;1.85211e-09;1.69655e-09;1.26229e-09;4.91777e-09;0.999967;3.42303e-06;1.26949e-10;7.29118e-08;1.21815e-09;2.70383e-05;3.44028e-11
1.96324e-06;0.373261;3.222e-07;0.000187201;0.000489382;1.34464e-05;1.37903e-08;4.94646e-05;2.1257e-05;1.61437e-06;1.39318e-05;0.0587036;4.82065e-05;0.567209
0.000234821;0.0322059;0.000340043;0.00431154;0.000488583;0.000174642;0.00350849;2.18592e-05;0.000948632;0.00526413;0.0257731;0.446402;3.38778e-05;0.480293
0.000678295;0.994127;9.09241e-06;3.19693e-05;1.00682e-05;5.75696e-06;5.82336e-06;0.000379176;4.88119e-05;1.97058e-07;1.31981e-05;0.00439445;1.277e-05;0.000283467
1.87122e-06;0.991096;5.50553e-11;1.25128e-07;8.87734e-08;1.16121e-07;0.000304237;1.99339e-06;2.06199e-07;4.54124e-06;4.14733e-07;2.56622e-09;2.03051e-06;0.00858847
2.01007e-10;2.42518e-10;1;6.95525e-10;1.70762e-09;8.29148e-10;5.9225e-09;3.69849e-12;6.89867e-10;3.59498e-10;4.55954e-10;3.20861e-07;5.68231e-14;4.65294e-10
2.9844e-06;0.106205;7.93796e-09;6.53315e-08;2.47222e-08;3.16831e-07;8.52518e-06;2.7918e-05;2.71791e-06;7.77901e-09;9.14696e-07;2.43993e-08;0.893751;6.45579e-07
1.65179e-09;8.18871e-05;2.36858e-06;1.96251e-08;9.27817e-09;3.87807e-09;1.06772e-10;7.04554e-08;1.61093e-08;1.83079e-11;7.73015e-09;0.999914;1.36702e-06;5.22388e-07
1.42113e-08;0.00718784;1.43052e-09;1.83509e-08;0.0021187;1.53968e-05;1.51117e-11;0.793648;2.07673e-10;5.82299e-09;5.34604e-11;5.42048e-08;0.194322;0.00270792
4.61918e-09;7.29949e-07;2.15301e-09;1.41772e-07;1.51605e-08;0.000360907;3.27761e-10;7.69392e-09;7.08481e-08;3.60802e-08;1.29444e-08;1.02204e-07;0.999638;2.3908e-08
4.01039e-08;4.59489e-08;1;1.4392e-08;1.08364e-09;7.13986e-09;1.5108e-10;1.16068e-09;1.89792e-09;4.15385e-09;2.30739e-10;1.82008e-07;1.34397e-08;2.97499e-09
7.25164e-05;0.827559;5.98915e-05;9.0368e-05;8.11494e-05;0.000193737;1.13165e-05;0.164227;0.00557028;3.33761e-06;0.000633111;1.72896e-05;0.00106277;0.000418171
