0.000168734;0.898279;2.19902e-05;1.0233e-05;6.2731e-05;0.000297156;5.06612e-06;0.0198337;7.18295e-05;2.91728e-06;3.18747e-05;0.00109543;0.0795307;0.000588277
3.63687e-05;0.860377;2.4021e-07;3.08469e-05;0.000155964;5.6962e-05;4.287e-06;0.0336699;2.27468e-06;1.00106e-05;2.70604e-05;0.00270271;0.0373603;0.0655663
5.97628e-05;0.118139;4.04104e-08;0.000138572;2.03089e-05;0.000166168;5.92575e-07;0.026208;0.000211836;3.79063e-07;0.00107956;0.000638732;0.0897168;0.76362
3.60223e-05;0.979317;1.3866e-07;3.71072e-06;3.63817e-06;7.84556e-08;8.88135e-06;0.000802236;6.80756e-05;6.68816e-07;7.66707e-05;0.0154575;0.00373446;0.000491258
2.9756e-06;0.895372;0.00134023;0.000102371;0.000137125;8.61341e-05;2.72276e-06;3.22022e-07;3.44174e-09;3.0856e-05;1.87354e-06;0.00406258;0.0980635;0.000797507
0.000102356;0.195306;0.000380461;8.0448e-06;0.000905965;2.91252e-06;7.16703e-07;0.457197;5.5475e-06;2.38383e-06;2.15059e-05;0.0958789;0.249747;0.000441038
2.70048e-05;0.480889;1.95748e-09;0.000804221;0.00119969;0.0961712;2.44317e-05;0.000463132;0.000283198;0.00020037;0.00107775;2.64346e-05;0.209299;0.209535
4.23168e-05;4.07235e-05;0.0246997;8.18741e-07;7.29334e-08;3.70817e-07;5.64665e-08;4.93599e-07;1.26543e-07;5.88131e-07;1.54348e-07;0.975196;1.8369e-05;5.81144e-07
0.00012784;0.95504;7.12843e-06;5.60898e-06;2.24105e-05;0.000285965;2.86125e-05;0.0151343;0.000180894;1.66443e-06;0.000176843;7.45227e-05;0.0274541;0.00145985
5.05307e-06;0.995548;3.22695e-08;1.95548e-07;7.33522e-06;4.60926e-07;0.000629106;7.48344e-06;9.94238e-07;6.58155e-05;3.52511e-06;1.55731e-06;0.00367953;5.10108e-05
3.67872e-10;5.79671e-10;1;1.20916e-08;3.61705e-08;6.79163e-09;1.38944e-07;5.35223e-12;7.12866e-09;1.15236e-08;4.03174e-09;1.28074e-07;1.31855e-10;1.64321e-09
7.31107e-06;0.99837;7.67853e-06;4.78971e-06;2.75755e-07;6.80502e-08;1.99851e-06;0.00132341;7.63282e-06;3.55873e-07;9.38939e-06;0.000188434;7.45664e-05;4.20736e-06
7.82381e-07;0.0122692;4.627e-10;7.66008e-08;0.000230228;3.14952e-07;1.76022e-07;0.986584;1.01745e-06;8.23934e-08;1.13453e-06;3.50772e-05;0.000874426;3.49683e-06
8.80808e-07;0.0017139;3.68689e-06;2.25667e-06;0.000190797;1.24357e-06;1.05078e-06;0.00225192;2.00623e-06;5.01073e-06;5.61513e-06;0.99548;0.000179614;0.000161616
1.49649e-05;0.939822;1.47746e-07;1.82822e-07;1.29496e-06;1.32678e-06;9.47782e-05;0.0515786;1.81264e-05;1.05125e-06;1.89823e-06;3.57214e-08;0.00845732;8.89365e-06
2.3202e-08;3.24959e-08;0.999999;6.1318e-09;2.15899e-09;9.54003e-11;7.43321e-08;1.10444e-09;2.9227e-08;5.65618e-10;5.78101e-09;5.13191e-07;1.08812e-09;1.6462e-10
1.38909e-05;0.0305547;0.000499896;3.06497e-05;5.0892e-06;2.98279e-06;5.17754e-08;0.000764222;0.000177281;6.8229e-08;0.000120099;0.96755;8.7237e-05;0.000194238
0.000160953;0.098721;2.95324e-05;1.52142e-05;0.00173463;0.000403299;1.35073e-06;0.80163;0.000396167;9.83611e-06;0.000348057;0.00389083;0.0835531;0.00910585
3.1561e-08;0.978159;6.26611e-07;1.97731e-08;1.4801e-06;2.87297e-06;1.65233e-07;3.99297e-06;1.67937e-09;3.21483e-06;2.71224e-08;5.01201e-07;2.61171e-06;0.021826
2.03547e-15;2.89823e-15;1;2.07637e-14;8.2146e-13;4.71242e-13;2.5822e-13;1.04947e-16;2.78975e-15;2.58688e-13;6.74121e-16;1.55413e-13;4.63219e-15;3.4315e-14
5.36691e-05;0.101406;0.00470863;0.000111126;0.00129907;0.00359642;0.000103014;0.02824;0.00655867;0.000121881;0.00848702;0.00431613;0.839987;0.00101065
