8.92346e-06;0.994852;2.49279e-10;1.88289e-05;2.9164e-06;1.29575e-05;4.47174e-08;0.00146442;0.000138406;3.32332e-07;1.36967e-05;4.40896e-06;0.0034453;3.72794e-05
6.19138e-06;0.00689548;0.000628002;2.34911e-05;7.32776e-07;1.62552e-06;4.1993e-09;1.94744e-07;9.82691e-08;1.49438e-06;9.18952e-07;0.992406;1.73528e-05;1.88513e-05
0.000159968;0.995573;1.50676e-10;2.61625e-07;6.48622e-08;1.66459e-07;3.54215e-06;6.41186e-06;7.07722e-07;4.69449e-08;2.75925e-06;3.26791e-05;0.0042204;2.10257e-07
0.000690553;0.722233;1.33778e-05;5.3019e-05;0.00149563;0.000116663;2.28017e-06;0.0436795;6.1299e-05;2.09384e-05;3.99619e-05;0.165191;0.0147065;0.051696
4.83284e-05;0.0625075;6.18424e-08;2.18775e-05;0.00564895;0.0738901;1.47228e-07;0.633243;0.000102877;2.6432e-06;1.5788e-05;0.14507;0.028886;0.0505629
0.000162912;0.965218;2.55714e-07;4.03168e-05;2.61863e-06;4.45457e-06;0.0163389;0.00181208;0.000993909;0.00329622;6.25497e-05;4.0794e-08;7.01109e-05;0.0119977
1.58856e-09;6.07567e-10;1;2.05976e-09;2.75343e-10;7.71787e-10;2.14189e-08;2.10338e-11;3.87924e-08;1.83367e-10;4.24275e-09;3.71565e-08;1.35352e-11;6.80335e-12
5.87676e-06;0.997873;7.26482e-10;8.37622e-09;3.56633e-09;3.87639e-09;4.12928e-06;1.71998e-06;4.89078e-07;1.53338e-08;2.99138e-07;1.12266e-05;0.0021035;5.13142e-08
1.82361e-07;0.0010341;2.22004e-05;1.52154e-07;9.67325e-06;1.78366e-05;6.82249e-08;0.000116668;1.1754e-07;1.16213e-08;2.11673e-08;0.99791;5.52282e-06;0.000883748
2.87803e-07;0.899811;2.07811e-06;3.08196e-06;2.22215e-05;9.27169e-06;1.10391e-08;0.00689508;3.27685e-06;3.04333e-09;1.07383e-05;0.0672071;0.0260143;2.1991e-05
4.4176e-06;0.0619485;1.01648e-10;8.1826e-06;2.75616e-05;2.03038e-05;1.06354e-06;4.54287e-05;7.78582e-07;2.59366e-06;9.86454e-07;0.0016561;0.0108025;0.925482
9.95198e-05;0.0176045;1.12831e-07;4.63535e-06;5.87424e-05;0.000144927;2.69406e-07;0.274035;1.38361e-05;6.88721e-07;5.65806e-06;0.694902;0.0130609;6.94991e-05
1.14864e-05;0.996289;1.17026e-06;4.29e-07;7.24741e-07;2.01327e-07;2.97663e-07;4.93631e-05;2.8483e-06;2.52657e-09;9.99246e-08;1.86222e-05;0.00361698;8.38964e-06
5.60873e-06;0.862158;8.70924e-09;5.78533e-08;2.52452e-07;7.44699e-07;1.11284e-09;0.0380281;1.05409e-07;8.15632e-09;4.33728e-09;0.000134205;0.0996683;4.30023e-06
2.39822e-08;0.000185547;1.54872e-10;1.67941e-08;1.64138e-07;3.19914e-06;1.72949e-11;1.56325e-05;4.02554e-09;5.13594e-10;3.5566e-08;1.06402e-05;0.999785;8.7494e-08
1.70615e-05;0.524954;0.460757;1.13318e-05;3.84972e-07;1.02984e-07;0.00955461;4.61092e-07;1.1331e-07;0.00332636;3.3247e-07;7.87993e-05;3.13913e-05;0.0012675
2.46426e-09;3.10207e-09;0.999999;5.93404e-09;6.29876e-09;1.40674e-10;8.98027e-07;2.38046e-11;5.43924e-09;6.02982e-09;1.26907e-08;1.49496e-08;8.00075e-11;1.61753e-10
1.31895e-05;0.0243604;0.00220211;1.27821e-05;2.39671e-05;1.25752e-05;0.00954025;0.000184759;1.89472e-05;0.00212023;4.41605e-05;2.66512e-05;2.27286e-05;0.961417
1.01388e-13;7.71716e-13;1;1.49017e-12;4.04294e-11;2.22902e-09;1.4662e-12;3.12333e-16;5.79945e-14;7.78272e-13;6.51714e-14;1.62825e-11;5.80267e-14;1.21013e-08
1.74486e-06;0.776151;4.69965e-08;4.04718e-06;4.39996e-05;2.3553e-05;2.89729e-06;0.000134547;7.98154e-07;3.81752e-07;4.75088e-05;0.00011526;0.0462899;0.177184
9.3094e-07;0.907291;4.90885e-06;5.62046e-07;8.98898e-06;5.0436e-06;1.0443e-07;0.0077449;1.82208e-08;1.72176e-06;3.46478e-07;0.0613776;0.00106227;0.022502
1.86879e-09;0.000555212;5.89755e-06;4.56605e-08;1.23639e-06;3.48028e-05;8.36401e-12;0.000431833;9.46768e-11;1.34594e-11;7.66528e-10;0.998748;1.79667e-06;0.000221271
1.34124e-09;0.998582;4.42702e-10;2.08691e-09;1.59912e-10;6.84214e-09;9.60001e-08;9.58134e-07;6.20725e-12;4.86272e-08;2.30992e-10;1.2691e-10;4.45291e-06;0.00141266
3.41757e-12;7.02915e-10;1;2.12886e-11;1.63084e-09;1.34237e-09;7.44478e-12;6.25929e-10;3.36878e-15;1.2299e-11;5.44054e-14;9.79434e-09;1.85439e-11;3.32393e-10
3.89406e-09;0.00188411;6.13695e-11;1.11225e-07;3.5484e-08;2.41099e-07;2.21794e-09;7.75896e-05;9.64027e-09;7.52506e-10;2.47579e-06;3.53844e-05;0.998;4.50349e-08
0.000177024;0.0232015;1.52384e-05;1.06312e-06;7.38403e-06;1.08297e-06;1.08954e-06;0.599023;1.83472e-07;3.09258e-06;2.1971e-06;0.00757103;0.369886;0.000110261
6.42395e-06;0.101475;0.000339433;5.93188e-05;0.000248913;6.73474e-05;9.23395e-06;0.000320055;2.50937e-06;2.02111e-06;6.18809e-05;0.89093;0.00331389;0.00316379
2.14425e-06;0.987842;0.000427623;2.87322e-07;1.53262e-05;1.01853e-06;1.06694e-07;0.0111908;1.70319e-08;2.01937e-06;1.93098e-08;0.000358233;0.000160042;5.54991e-07
4.17274e-05;0.0172194;7.64941e-09;3.8756e-07;0.00237009;0.00536197;7.18691e-08;0.0003751;2.06726e-06;1.31931e-06;4.42368e-06;0.00855298;0.952021;0.0140497
0.000863321;0.315731;7.76952e-06;5.88118e-06;0.000467399;2.79508e-05;0.0171397;7.81274e-05;0.00108068;0.0103415;1.26163e-06;3.2607e-05;3.0943e-05;0.654191
2.18097e-08;2.32503e-10;1;5.15738e-10;9.17024e-09;7.04077e-11;4.3855e-08;5.14359e-12;2.12035e-07;3.37678e-10;8.65943e-10;9.17996e-10;4.14099e-12;9.52862e-12
0.000203049;1.56339e-05;6.86637e-09;7.28742e-09;1.57914e-06;4.2971e-09;5.50359e-07;0.999094;0.000679571;2.48444e-08;2.39884e-07;1.91206e-07;5.07592e-06;1.53096e-07
3.66898e-08;8.25351e-06;4.21967e-07;4.99721e-08;5.54574e-05;1.69542e-06;5.10338e-12;1.23749e-07;1.25535e-08;1.65065e-10;1.79049e-10;0.999743;1.65723e-07;0.0001906
1.45532e-06;0.0147723;5.45658e-10;1.49622e-08;2.26814e-07;6.09497e-07;3.23879e-08;0.0179428;8.30784e-08;2.2879e-09;7.64908e-08;1.57984e-06;0.96728;1.23774e-06
5.01646e-07;0.0228122;1.96087e-08;6.08131e-06;8.92966e-06;6.12124e-06;0.000146417;5.69108e-05;1.19934e-07;0.00029;4.90301e-09;5.1148e-08;8.1701e-06;0.976664
1.13293e-09;2.9582e-09;1;1.80438e-08;1.2305e-10;4.54604e-11;4.75579e-08;2.77936e-12;1.06181e-09;4.70847e-10;1.35069e-09;2.92078e-07;3.5126e-12;1.88175e-11
5.35471e-05;0.994317;9.11275e-10;6.19032e-07;2.49347e-06;1.70241e-07;0.00146914;4.36211e-05;9.34907e-06;2.30875e-05;2.77194e-06;1.17766e-08;5.72127e-06;0.00407296
3.09182e-11;3.69421e-11;1;5.06031e-11;3.71288e-12;2.59474e-12;9.36293e-10;5.05482e-15;6.85193e-11;1.62926e-11;3.73427e-11;6.98948e-08;2.35844e-13;5.89734e-13
4.13079e-05;0.00875942;3.64656e-05;7.87701e-07;2.81642e-06;6.05694e-09;1.48692e-06;0.921206;3.09216e-05;4.38743e-08;0.000187699;0.0691827;0.000550087;6.1464e-07
2.74501e-05;0.0995042;5.39618e-07;0.000124755;0.245153;0.000128731;4.4161e-05;0.607807;0.000718156;0.000256668;0.000663702;0.000626151;0.0446192;0.000325799
5.43584e-08;2.06551e-06;0.90983;5.16512e-06;5.9472e-06;3.00462e-06;1.71868e-09;1.46111e-07;4.56391e-09;6.00874e-06;5.92791e-08;0.0901324;2.8901e-07;1.48468e-05
4.52306e-07;0.996042;4.61433e-08;3.21152e-07;1.25132e-07;4.06767e-07;1.72257e-07;0.00390221;1.67054e-05;4.60543e-09;1.09891e-05;1.57176e-06;1.12761e-05;1.3803e-05
