6.64632e-07;0.999887;2.19423e-05;3.4084e-07;2.38917e-07;6.2393e-09;1.62938e-08;8.29443e-06;1.23039e-09;1.64444e-08;3.02227e-09;7.37366e-05;5.53087e-06;2.52409e-06
4.34043e-07;9.12739e-07;6.69355e-12;1.70179e-09;8.29383e-08;3.23155e-09;8.44805e-09;0.999996;2.26592e-06;2.21882e-09;2.17412e-08;9.15191e-10;1.02524e-07;4.10832e-08
2.86334e-05;0.0188515;5.86438e-06;3.17413e-05;0.000142236;9.33422e-07;2.2004e-06;0.0138332;0.00129604;2.99241e-07;1.89464e-05;0.964287;0.000811331;0.000690019
7.73633e-07;0.986118;2.97766e-11;8.79696e-08;1.1697e-08;6.52599e-08;2.06544e-06;0.00846696;5.87784e-06;1.26529e-07;1.0202e-07;2.64563e-10;0.00540586;2.86666e-07
1.19244e-11;2.34331e-10;1;7.33013e-09;1.08425e-09;2.04108e-09;2.3431e-11;3.65156e-12;9.7259e-13;1.05679e-10;7.93185e-12;1.24147e-07;4.59924e-13;2.42043e-08
1.24855e-08;0.999342;6.86737e-10;9.34828e-07;9.66832e-07;1.38345e-06;9.76303e-09;4.40383e-06;1.20866e-08;1.79204e-09;3.49192e-07;3.77854e-05;0.000612182;1.62764e-07
2.40886e-08;0.000119258;1.11021e-09;1.03964e-08;1.16403e-09;3.41071e-06;4.54427e-08;2.58307e-06;4.91229e-08;1.09851e-09;2.80008e-06;1.94771e-06;0.99987;5.95205e-09
7.20826e-09;1.06413e-05;0.999986;3.79134e-08;2.58037e-08;6.41513e-09;2.53769e-09;1.90521e-09;3.06263e-10;1.86756e-08;1.48851e-09;2.56705e-06;7.51381e-07;6.86805e-08
5.19098e-05;0.961216;1.29855e-06;8.381e-06;0.00171418;2.9483e-05;0.00346607;0.00618322;0.000568766;0.000595561;0.0044283;2.39752e-06;0.00463639;0.0170985
1.60722e-06;3.09414e-06;0.999393;3.76239e-06;2.37934e-05;2.85347e-06;1.35331e-06;1.1622e-06;1.9576e-06;7.99268e-07;0.000115543;0.000432851;1.70278e-05;1.11526e-06
6.48534e-05;0.0103066;1.71858e-06;4.22089e-05;6.15191e-05;1.9008e-05;8.22235e-08;0.964728;6.9213e-05;5.96733e-07;0.000310307;0.00687943;0.0175124;4.12766e-06
3.47244e-07;0.99969;1.03224e-10;4.17031e-07;3.44562e-08;9.99886e-08;1.17146e-06;6.99601e-07;1.029e-06;2.08089e-06;7.31154e-06;1.10432e-06;0.000295658;2.9687e-07
3.75932e-06;5.61454e-05;0.00029042;4.56031e-06;0.000481404;3.64558e-05;3.24163e-10;1.60141e-06;1.44533e-07;3.43285e-08;1.77176e-08;0.998858;1.11846e-05;0.00025643
0.000227999;0.00286659;6.3801e-09;6.63902e-08;6.50333e-06;2.83898e-06;2.36334e-07;0.993366;0.00126615;1.11155e-08;5.96566e-07;1.15999e-07;0.00226251;1.53605e-07
1.14973e-07;0.00085408;3.65199e-11;1.21664e-08;1.24015e-06;3.73922e-08;2.16913e-11;0.998621;4.31161e-08;5.72502e-10;3.32525e-08;8.59715e-07;0.00052285;3.61106e-09
1.04744e-05;0.962468;7.59236e-05;0.00021598;1.00035e-05;5.14996e-06;0.0051242;3.64298e-07;1.17482e-07;0.0283764;2.90338e-06;1.27269e-06;5.64901e-05;0.00365227
3.4388e-08;8.94522e-10;0.999995;3.40225e-08;2.57814e-08;5.43412e-09;6.06891e-07;1.13792e-09;6.89262e-08;1.64145e-08;1.0151e-06;3.63792e-06;8.68286e-10;1.06817e-08
6.20257e-07;0.998605;5.16599e-09;1.0634e-06;9.36913e-09;9.75687e-07;0.000571304;1.54416e-05;7.75897e-05;5.0244e-06;0.000330955;1.73766e-06;0.000389345;5.10101e-07
5.09213e-08;8.07165e-06;0.000982622;2.6385e-06;9.987e-06;1.11758e-05;5.2168e-10;8.69438e-08;2.41453e-09;4.5985e-08;1.7607e-07;0.998784;0.0001697;3.17296e-05
0.000290958;0.0161858;1.68518e-07;3.16975e-05;0.000224996;4.56276e-05;4.18856e-05;0.850895;0.0609665;1.00787e-06;0.00222916;4.01639e-05;0.0689238;0.000123316
3.28e-07;0.000167539;9.89109e-10;5.88947e-11;1.26831e-08;1.55014e-10;3.32306e-11;0.999832;4.4985e-09;3.19126e-10;4.6699e-10;1.46793e-08;4.11786e-07;2.47234e-09
1.6128e-08;0.000121761;5.25555e-08;1.92749e-06;0.000156793;0.000418541;4.6966e-11;6.19588e-06;3.68507e-08;9.50237e-08;6.62137e-09;0.00927159;1.30791e-05;0.99001
1.58592e-05;0.0126462;2.40296e-09;1.49409e-06;3.6341e-08;3.29963e-07;4.36961e-05;0.000275119;6.71309e-05;7.67258e-08;0.00037926;5.98813e-08;0.986571;7.65302e-08
1.82254e-05;0.0095879;3.99178e-06;2.39366e-06;1.09204e-06;8.09622e-07;2.07415e-08;9.5106e-05;1.02323e-06;8.38992e-08;1.74803e-06;0.989224;0.00106253;1.13543e-06
6.16699e-06;0.960613;3.06163e-07;7.77542e-06;4.30484e-05;2.0674e-05;1.78687e-06;0.000808742;1.21415e-06;8.54406e-07;6.38369e-06;0.00256066;0.0359197;1.02503e-05
2.01915e-06;0.513633;1.39096e-08;0.000385943;0.000693814;0.000953435;5.67189e-07;0.47044;5.04077e-07;8.50256e-05;7.09372e-06;0.000250817;0.00427915;0.00926866
0.000144904;0.0276021;0.000144749;0.000807383;4.5388e-05;0.000357874;0.000115369;7.12065e-05;0.000311912;6.61492e-05;0.0650322;0.87643;0.0273503;0.00152009
3.75577e-05;0.00305449;5.20981e-08;9.45631e-06;5.89371e-05;6.37542e-05;2.16747e-06;0.000956736;3.91321e-05;7.11414e-07;0.00110374;0.000315205;0.994355;3.55081e-06
0.000560764;0.0343176;0.000408856;1.38991e-05;2.96181e-05;1.50222e-05;2.43256e-06;0.000891995;0.000165814;5.14031e-06;0.000387958;0.954636;0.00770437;0.000860912
5.16533e-06;0.997227;5.44575e-07;4.36264e-07;1.00056e-07;3.21916e-06;1.46585e-06;4.86323e-07;2.75062e-07;2.31499e-06;8.81664e-07;0.000208752;0.00254478;4.20123e-06
8.89729e-07;0.000310861;1.62271e-06;1.42297e-05;4.70036e-06;7.03626e-05;7.72322e-08;6.48283e-06;3.73671e-05;6.63101e-08;3.16055e-05;0.998637;5.89052e-05;0.000825599
3.2716e-05;0.0744301;7.54464e-06;8.50827e-07;4.34556e-06;3.28443e-06;3.91845e-07;0.00163513;9.74889e-07;5.88901e-07;8.25769e-06;0.00368117;0.920104;9.05927e-05
5.19165e-05;0.898122;9.05216e-06;0.000108659;0.00104423;0.00453096;5.24292e-05;0.0379147;0.00126528;4.68106e-05;0.000693714;0.00674446;0.0209466;0.0284692
7.71257e-07;0.000620999;4.5845e-10;3.62456e-07;1.10466e-05;4.80314e-06;1.21904e-07;2.69525e-05;4.8443e-07;1.23795e-07;6.05241e-06;2.13413e-05;0.999306;1.31458e-06
0.000291721;0.00164597;3.44031e-06;1.75819e-06;2.45795e-05;2.38441e-07;1.92691e-07;0.000142634;1.20092e-05;1.33172e-06;1.5656e-05;0.99272;0.00513584;5.17822e-06
1.54578e-07;0.998395;3.33657e-10;5.55205e-09;1.5936e-06;9.31484e-08;1.72611e-05;0.00154533;4.63165e-07;3.09029e-06;4.42951e-08;9.70275e-10;9.91571e-06;2.73472e-05
1.44113e-11;3.46716e-11;0.999991;7.93445e-11;1.09699e-09;2.30169e-11;2.64989e-11;7.53114e-12;3.41709e-11;1.2283e-10;4.04724e-12;9.10074e-06;1.72259e-12;3.02321e-10
0.000734353;0.808978;4.84941e-09;3.58851e-05;4.51474e-06;6.16911e-07;0.00767031;0.0594107;0.0947149;1.86156e-05;0.00606756;3.68581e-06;0.00333964;0.0190214
2.88555e-06;0.999201;1.70929e-08;2.04127e-08;3.24977e-09;7.57216e-11;0.000755714;2.735e-06;2.42653e-06;4.8562e-06;3.18884e-06;1.79392e-06;4.2457e-06;2.15405e-05
4.84984e-09;7.1984e-10;0.999997;2.86113e-09;1.61124e-07;8.40295e-09;4.67712e-07;2.82331e-10;3.14713e-08;1.73998e-08;5.35055e-10;4.33256e-07;5.46757e-12;1.58211e-06
8.97147e-05;0.575748;6.73427e-08;1.44404e-06;0.00267804;0.00161143;3.72908e-05;0.394744;0.000324557;2.45472e-07;3.19181e-06;4.43352e-05;0.0244263;0.000291442
1.5238e-05;0.000303759;6.96812e-06;1.21104e-05;0.000197805;0.000182211;2.99132e-06;0.000158088;1.18099e-05;1.85718e-06;0.000128175;0.0125604;0.98615;0.000268481
0.000372925;0.206717;0.000167782;1.63849e-06;4.12072e-05;1.06675e-05;2.45803e-05;0.0384246;1.35342e-06;5.2695e-05;2.39473e-06;4.74794e-05;0.753807;0.000328472
2.412e-11;3.52492e-10;1;7.55191e-10;2.90344e-09;2.05876e-10;1.33758e-10;1.50643e-10;3.67081e-11;4.14084e-11;1.25417e-10;2.92073e-08;3.16472e-11;5.82915e-10
4.3442e-07;0.00226447;0.00610774;3.91709e-06;1.60149e-06;5.0356e-06;2.3713e-08;0.000947407;8.47819e-07;3.62346e-07;3.13133e-06;0.990525;0.000102943;3.7074e-05
3.06809e-05;0.544298;3.44157e-07;4.48493e-05;6.92958e-05;0.00514041;5.60424e-05;0.339442;8.2275e-05;1.01452e-05;0.039033;0.00112928;0.0706521;1.14109e-05
1.32849e-05;0.0843691;1.34846e-05;0.000125968;0.000381634;0.000451409;1.42851e-05;0.001599;3.1831e-05;1.12719e-05;0.00146995;0.902919;0.00744088;0.00115894
7.33868e-05;0.583778;3.18818e-09;0.000454671;0.000213331;0.00170913;1.35419e-05;0.1496;0.00756201;1.0893e-06;0.0095972;0.00329915;0.243434;0.000265596
1.08386e-06;0.929227;3.53993e-08;2.08199e-08;2.66855e-08;2.12732e-06;3.446e-10;0.000430403;2.12721e-08;1.6363e-09;4.58308e-09;0.000470478;0.0698687;6.61306e-07
2.92964e-08;0.00915229;3.76635e-11;4.48011e-08;1.64192e-07;1.35986e-06;2.39656e-10;2.2733e-06;2.49967e-10;7.52835e-09;2.6198e-10;2.49138e-07;0.990843;3.00854e-07
1.71484e-06;0.0150745;0.983994;5.62113e-06;9.12913e-06;2.68257e-08;1.50188e-08;0.000547899;7.52447e-10;1.45564e-06;5.00634e-09;0.000290991;1.00103e-05;6.49395e-05
7.24434e-06;0.0171998;2.91193e-10;6.37865e-06;0.00614713;0.0366761;6.41087e-05;3.34661e-05;1.03774e-05;1.97587e-05;6.03531e-05;1.67813e-06;0.832432;0.107342
0.000110813;0.0038922;0.376742;1.858e-06;0.000156936;2.54442e-06;0.00222514;4.80294e-07;3.85225e-07;0.0014826;5.46355e-07;0.614019;7.64364e-05;0.00128946
8.05978e-08;3.44852e-10;0.999995;9.40308e-09;2.65506e-08;3.73854e-08;3.33764e-07;1.14513e-10;4.50239e-06;4.7141e-09;1.28195e-07;4.23253e-08;1.2729e-09;2.78548e-11
1.17896e-05;3.80431e-06;3.64407e-08;3.45323e-09;6.04637e-09;9.19815e-10;1.27429e-08;0.99997;1.29243e-05;9.73756e-10;2.99629e-07;2.95752e-07;8.58974e-07;2.48072e-10
5.75143e-07;0.997033;1.48922e-08;3.5267e-07;3.54211e-07;5.01189e-08;1.10865e-05;4.42062e-07;7.72168e-07;1.69238e-05;1.2934e-07;2.51955e-06;9.60882e-07;0.00293334
1.10302e-06;6.36015e-08;0.999907;1.31534e-07;3.00583e-07;4.92493e-08;4.3877e-06;1.13151e-06;9.54999e-06;4.60376e-08;5.60807e-05;2.02937e-05;6.60439e-08;2.7582e-07
5.757e-06;0.83044;4.63737e-08;2.65886e-07;3.15182e-05;3.05829e-06;1.81971e-05;0.0100758;1.69692e-05;5.65237e-07;8.27393e-06;2.47544e-09;0.159397;3.13027e-06
2.35948e-11;1.19104e-11;0.999999;3.79896e-12;5.41073e-10;1.24231e-13;3.25199e-13;4.14356e-13;7.15289e-13;2.57889e-12;1.60762e-13;1.41931e-06;1.53524e-13;1.16427e-12
0.000131293;0.0327881;1.82153e-07;9.98197e-06;0.00446375;5.53825e-07;1.25836e-05;0.958897;0.0034187;3.03176e-07;0.000142055;5.97381e-06;9.29294e-05;3.67693e-05
0.00159882;0.0300247;1.97857e-07;2.97942e-05;0.000978668;0.00022522;0.00102598;0.618671;0.0449489;4.96594e-05;0.000676382;0.0127005;0.289066;4.45691e-06
0.000598367;0.0118876;4.99742e-08;8.14263e-06;3.25505e-05;4.63551e-06;2.16011e-05;0.000162404;0.000221555;7.29711e-07;6.09414e-05;1.59491e-05;0.986984;1.43824e-06
0.000185419;0.00333808;1.09145e-06;2.81311e-06;9.30266e-06;7.91326e-08;7.20817e-07;0.00153131;5.71038e-05;6.71285e-07;3.64287e-06;0.989051;0.00581558;3.60648e-06
8.78153e-07;0.996022;2.97952e-07;1.55547e-07;2.69785e-06;3.03938e-07;9.5405e-07;0.00393525;3.12363e-07;2.07408e-06;6.75266e-08;1.80342e-08;2.72518e-05;7.91659e-06
1.8678e-12;2.80759e-10;1;3.24361e-12;8.65076e-13;3.44979e-13;7.97102e-11;5.97073e-16;1.21677e-13;9.4759e-12;9.26793e-14;2.37967e-09;2.65565e-14;4.9165e-13
2.78878e-08;5.74947e-05;2.11871e-06;3.43258e-09;1.30712e-08;2.53409e-08;1.76872e-07;6.80265e-06;1.00004e-07;5.30054e-09;2.55965e-08;0.999172;0.000760588;6.67027e-07
3.49523e-07;0.104273;1.64408e-09;2.07011e-07;0.000172421;3.21967e-06;2.77343e-07;0.0145556;4.49334e-07;6.39435e-08;3.78863e-07;0.00015679;0.880727;0.0001102
8.71129e-08;0.00645527;9.31653e-10;7.0176e-07;3.26897e-06;0.000390986;2.96812e-07;4.94828e-05;7.90333e-08;1.59937e-06;4.87559e-08;5.07319e-06;0.992914;0.000179563
4.56324e-06;0.000218973;0.996075;2.4366e-06;7.86591e-07;1.8925e-07;0.000239615;1.33011e-07;3.60932e-07;9.09215e-05;2.88705e-07;0.00332204;8.29694e-06;3.64035e-05
5.27889e-09;8.05343e-10;1;3.97863e-10;3.07191e-10;1.11591e-09;4.08405e-08;2.42073e-10;7.42739e-08;3.00368e-10;4.13587e-09;1.32807e-08;3.21702e-11;4.77318e-11
6.25299e-08;0.999708;2.22617e-10;6.55043e-10;7.01837e-12;1.9575e-09;8.45942e-08;1.28796e-07;5.9524e-08;2.11679e-09;1.8131e-08;4.73822e-08;0.000291736;1.17618e-09
6.65303e-08;0.000208611;1.21971e-07;1.44788e-06;7.75951e-08;5.11603e-05;3.82215e-09;1.62215e-05;2.33771e-06;3.92575e-09;1.30822e-06;0.999633;1.02728e-05;7.53737e-05
3.78797e-06;0.0152448;1.02907e-05;1.9979e-07;2.28888e-06;1.55954e-06;1.78952e-07;0.000988402;3.10848e-07;8.0215e-08;4.44192e-06;0.00415833;0.979543;4.20956e-05
3.28777e-06;0.972268;7.69892e-08;3.60847e-06;0.000253137;0.000303055;2.29305e-06;0.00642343;9.67878e-06;2.07464e-06;3.12968e-05;0.000353995;0.0142925;0.00605386
3.20175e-05;0.0169834;1.15935e-09;1.15113e-05;0.00146128;4.34421e-05;2.8928e-05;0.000491037;4.29689e-06;2.63039e-05;0.000100806;0.00485542;0.97311;0.00285113
0.00143722;0.0140823;3.7504e-05;5.4967e-06;3.10098e-05;1.88247e-07;1.3518e-06;0.000271017;4.16521e-05;2.57927e-06;6.57207e-05;0.983059;0.00095727;7.91643e-06
5.28085e-06;0.99928;2.7464e-07;9.69331e-06;6.72899e-06;2.92597e-06;2.79808e-06;0.000202871;0.00017644;6.93913e-08;4.43824e-05;7.58476e-06;0.000259358;1.27704e-06
5.93304e-05;0.000618897;4.49238e-08;7.68658e-05;7.06231e-05;0.000864225;8.13232e-07;0.956158;5.54282e-05;5.26615e-05;9.32921e-05;0.0208026;0.010399;0.0107487
9.15475e-06;0.00560981;1.52809e-07;1.6944e-06;3.58159e-08;1.77668e-08;2.61236e-06;1.73497e-05;1.84346e-06;2.86774e-08;0.000255487;3.36144e-05;0.994068;4.02943e-09
1.66325e-05;0.000556121;4.541e-08;3.40546e-07;1.25583e-07;6.53398e-09;5.90951e-09;1.3006e-05;3.74045e-06;6.46366e-09;9.56746e-06;0.996747;0.00265287;6.80136e-07
1.58256e-07;0.999416;9.05081e-09;5.85672e-09;1.72652e-06;1.55992e-10;5.8073e-09;0.000497143;4.85078e-09;4.60479e-08;6.03044e-08;7.65283e-05;2.19325e-06;6.56803e-06
1.71003e-07;0.00029674;0.00709141;0.000629581;0.00994332;0.000362537;2.59213e-08;1.36912e-05;2.21505e-08;5.75916e-05;4.75924e-06;0.981118;0.000190012;0.000291979
5.1951e-07;0.000276039;4.37146e-08;1.42325e-05;2.15558e-09;5.82738e-07;0.000518259;3.11755e-07;0.000204532;3.7767e-07;0.992293;5.70848e-08;0.00669161;1.59277e-07
4.23664e-05;0.97707;1.6183e-07;1.98704e-05;5.85546e-06;0.000670848;8.73226e-07;0.0120574;1.62448e-06;9.83035e-06;5.94565e-05;8.70868e-05;0.00993072;4.35883e-05
2.98484e-08;2.45628e-05;3.96852e-11;1.73802e-08;4.39398e-08;1.04725e-07;2.62711e-09;1.98598e-05;1.17782e-08;6.86549e-09;5.23939e-07;1.80722e-06;0.999953;3.02777e-09
1.39746e-05;4.8396e-05;8.33879e-08;1.42854e-06;8.40288e-07;2.23515e-07;1.66348e-09;1.21098e-05;6.43345e-06;2.86279e-08;7.55817e-06;0.999771;0.000137482;2.79685e-07
0.00119008;0.602886;1.35146e-06;8.88218e-06;4.76711e-05;1.41728e-06;3.35967e-05;0.377638;0.000136438;5.27716e-06;0.000588923;0.000738583;0.0167197;4.86828e-06
9.6124e-08;0.000938526;4.27953e-05;0.000208338;0.00083604;0.000102026;1.1042e-08;0.000373699;8.72595e-07;2.07943e-06;1.07963e-06;0.992579;0.00363086;0.00128415
8.51149e-05;0.212103;2.28887e-06;0.000280651;0.00010536;9.68898e-05;0.00013648;0.00846252;0.000211767;2.40775e-05;0.0190031;0.000142551;0.759049;0.000296796
0.00011969;0.795248;3.27756e-06;1.21365e-05;0.00766756;6.89602e-05;8.28042e-06;0.00685757;2.18762e-05;7.43276e-05;9.89946e-06;2.03839e-05;0.189758;0.000130546
4.0367e-10;6.3431e-12;1;7.0323e-12;4.96032e-09;2.39227e-13;2.53817e-13;9.62244e-12;1.10109e-11;9.3192e-12;1.74696e-13;2.46839e-07;9.81119e-14;1.57108e-11
4.67221e-05;0.00715636;4.7182e-06;2.23007e-06;0.0105173;1.15462e-07;2.98679e-07;0.981374;0.00052963;4.53721e-07;3.32921e-05;0.000228727;1.26815e-05;9.38854e-05
2.49638e-05;0.00134467;3.5155e-08;1.41612e-06;0.000266293;7.387e-05;6.70418e-06;0.796714;0.000889421;3.29966e-06;5.35197e-05;0.00059145;0.200028;2.27744e-06
0.000856953;0.0912307;5.03053e-07;0.000211162;0.000326893;2.71196e-05;2.65935e-05;0.000812503;0.00186247;2.68555e-06;0.00419219;0.00104563;0.899399;5.09643e-06
0.000816086;0.0200813;4.79744e-06;5.29407e-06;2.72092e-07;1.62154e-07;7.06162e-07;0.00191909;3.9713e-05;1.46336e-07;1.46047e-05;0.956275;0.0208421;3.85112e-07
1.05836e-05;0.408744;9.53786e-06;4.87224e-07;2.05526e-05;1.26746e-06;2.68571e-09;0.586169;1.27765e-07;5.07302e-08;1.39567e-07;0.00451113;0.00047015;6.29693e-05
1.19359e-06;0.993742;1.07573e-08;6.06135e-07;5.094e-06;2.4454e-06;0.00178209;1.60664e-06;7.43392e-08;0.00028257;3.75903e-08;9.4073e-08;0.000186398;0.00399611
6.45497e-12;1.83513e-12;1;2.07993e-11;4.38569e-10;8.58015e-11;5.50014e-10;1.86221e-13;7.1494e-12;7.75634e-11;1.1521e-11;4.18201e-07;5.47813e-13;3.06804e-10
7.51303e-06;0.932797;2.58553e-06;2.44843e-05;1.53151e-05;0.000119949;0.00134725;0.000551552;0.00868223;7.9891e-06;0.0136261;0.00332848;0.0387013;0.000788664
2.54127e-06;0.999702;7.46728e-07;2.16699e-07;4.71347e-08;1.44037e-09;9.86901e-08;6.00796e-05;1.03952e-05;5.4612e-08;1.59195e-05;2.6395e-05;0.000181436;2.74039e-07
1.25484e-07;0.999952;1.33172e-11;3.9854e-08;3.41296e-06;5.29972e-11;8.33213e-09;7.91228e-06;3.35227e-07;3.92193e-08;1.45458e-08;1.78359e-05;1.8067e-05;4.51613e-07
0.0104754;0.118543;0.00483614;0.00113938;0.0092775;0.0351086;7.36402e-05;0.0696077;0.000601647;0.00580021;0.000136092;0.718624;0.00125678;0.02452
2.85568e-06;0.000709905;1.01781e-11;2.60304e-08;1.43841e-07;8.53097e-08;1.14339e-07;8.57867e-06;2.282e-06;1.2571e-09;6.67426e-06;8.92654e-06;0.99926;4.79889e-07
9.2036e-06;0.000103431;2.29085e-06;2.7982e-06;8.063e-05;1.18152e-06;5.14796e-09;0.000473887;6.4632e-06;5.91321e-08;1.03929e-05;0.997849;0.00140716;5.30672e-05
7.90513e-08;1.4651e-05;4.47885e-12;2.86329e-11;7.01613e-09;8.63583e-11;7.35342e-12;0.999981;1.56169e-09;5.94696e-12;3.07573e-10;4.13544e-10;3.85327e-06;9.43268e-10
1.27157e-09;1.94803e-05;1.61593e-07;9.78346e-07;9.24937e-05;1.76874e-05;5.64127e-11;1.46851e-06;9.83176e-10;2.15515e-08;4.47262e-10;0.000409246;7.75925e-07;0.999458
3.28216e-06;0.0150596;2.54264e-08;1.07315e-06;3.31496e-07;2.66863e-07;1.04616e-05;0.00561383;4.09235e-06;3.31742e-08;7.56078e-05;4.09818e-06;0.979226;9.20855e-07
1.09315e-06;0.0143885;1.70569e-09;4.88593e-06;3.50367e-06;1.01356e-06;6.52715e-07;0.00203407;5.22072e-06;3.94718e-08;2.56426e-05;0.000546842;0.982937;5.11147e-05
1.16107e-06;0.998743;0.000114111;2.13754e-05;1.62244e-06;4.32999e-06;4.32869e-07;0.000708616;4.25623e-08;1.92146e-06;1.37736e-07;3.31098e-07;0.000203758;0.000199189
1.81514e-09;1.0338e-06;0.999998;1.23545e-08;3.79046e-10;7.27551e-11;9.72238e-08;1.33506e-11;1.75705e-11;1.59769e-09;6.08575e-10;4.12552e-07;3.60662e-09;3.26986e-09
4.52175e-08;8.54458e-07;0.998038;2.11691e-07;2.36944e-06;1.25632e-07;3.90788e-09;0.000382167;6.2329e-09;1.43824e-08;4.99011e-08;0.00140962;2.54106e-08;0.000166904
2.77282e-06;0.0246411;2.81578e-09;3.13142e-05;3.80788e-05;0.150733;3.85499e-07;0.000111411;2.63208e-06;1.00247e-06;0.000115707;1.83072e-07;0.106388;0.717934
1.44508e-07;0.00038941;0.0163072;3.35453e-06;3.64384e-07;0.000135459;7.95623e-06;4.32889e-09;5.39236e-10;3.94181e-05;3.21629e-07;0.0140391;4.52692e-07;0.969077
6.39063e-12;2.53265e-11;1;1.74171e-10;8.22752e-09;6.48263e-08;1.86538e-11;5.51973e-12;3.55033e-13;9.89576e-12;3.82818e-12;1.76294e-07;4.75812e-11;2.19382e-09
6.49314e-08;0.000805225;4.63749e-08;3.40187e-07;0.000188524;0.000582136;7.23638e-09;0.0343837;5.30618e-08;7.80281e-08;4.91061e-06;7.30555e-08;0.964034;6.36359e-07
4.50719e-11;1.76891e-09;1;6.63929e-10;4.73443e-10;1.36424e-10;2.17008e-12;3.50303e-09;2.73866e-13;1.89561e-11;3.51385e-11;2.6044e-10;1.64187e-09;4.66599e-11
1.17601e-09;1.59234e-08;0.999689;1.34334e-06;3.90714e-09;2.86231e-08;2.44496e-11;1.28766e-08;8.63865e-10;8.77382e-10;4.5906e-08;0.000309197;2.67007e-07;2.40111e-07
6.36174e-08;0.00224591;7.53712e-07;2.99278e-06;7.3632e-05;0.000339188;1.05864e-08;1.62001e-08;2.26095e-10;4.31245e-07;3.43511e-08;9.20807e-08;7.63524e-08;0.997337
1.97077e-08;1.39685e-06;2.9208e-07;1.61928e-08;0.000611322;7.65938e-08;4.8021e-10;0.999051;1.50258e-09;7.3422e-09;7.20313e-08;0.000334403;1.04228e-06;1.61525e-07
6.56867e-11;1.02969e-06;0.999998;2.25512e-08;1.34356e-08;7.04788e-07;1.03555e-12;1.91624e-11;1.43516e-13;4.04259e-10;7.04318e-11;2.84392e-11;8.76022e-09;4.06889e-09
0.000292511;0.0107768;0.00272768;5.89137e-05;2.34232e-05;8.02751e-05;2.25656e-06;0.0840555;6.03301e-05;6.207e-06;0.00553927;0.00193642;0.89444;5.62213e-07
