1.70806e-06;0.999875;3.25936e-06;1.537e-06;8.75493e-07;7.07463e-08;2.21889e-08;5.34827e-06;8.15661e-08;1.11498e-07;3.3533e-08;7.87993e-05;3.00786e-05;3.29181e-06
7.12318e-05;0.00012463;3.76706e-09;8.60184e-09;6.03363e-07;1.02976e-08;2.877e-07;0.999791;1.02664e-05;1.24668e-07;7.4168e-08;6.88767e-09;2.9002e-07;1.88374e-06
5.62087e-06;0.997159;1.35504e-07;2.22534e-07;4.18889e-07;5.2425e-09;0.00236178;3.94239e-05;1.31898e-05;2.53706e-05;1.65962e-07;0.000107918;7.81017e-08;0.000286954
1.00158e-10;6.28409e-10;1;6.73462e-11;1.41701e-10;1.63305e-11;3.93857e-09;4.78255e-12;2.11068e-10;7.6763e-12;2.45586e-11;2.76657e-08;3.37901e-13;2.83629e-12
6.96542e-06;0.011599;3.085e-09;1.17481e-07;1.90407e-05;8.30107e-07;3.79604e-06;0.000835438;4.46722e-07;2.40475e-08;7.86059e-06;4.28031e-05;0.987423;6.09105e-05
1.17335e-07;0.0290386;2.11819e-06;1.08174e-05;0.000392803;0.000528966;1.96714e-10;0.000147605;4.49992e-07;5.66775e-09;6.50932e-07;0.850116;0.00480278;0.114959
3.29745e-05;0.826755;3.07976e-07;3.00489e-05;1.70722e-06;1.18103e-06;8.99726e-07;0.0016068;2.28582e-05;2.20049e-07;0.000533088;0.0617417;0.109102;0.000171487
1.32572e-06;0.00122051;6.45956e-10;1.59951e-08;7.50888e-05;6.48645e-09;9.02513e-10;0.998661;1.38807e-08;8.93455e-10;1.22208e-07;3.55816e-05;5.51891e-06;5.57501e-07
5.21772e-08;3.4379e-05;0.997964;3.98253e-07;1.28227e-05;6.65651e-05;1.18495e-09;5.88024e-07;5.35319e-11;8.34811e-08;7.9481e-09;0.00181586;1.33867e-06;0.00010424
2.15148e-07;0.000448113;3.47157e-12;1.39361e-09;2.37388e-08;8.69083e-08;5.98031e-09;0.808822;4.80957e-08;4.43993e-11;7.39718e-07;1.59558e-07;0.190729;1.14079e-08
9.59315e-07;0.000418491;1.5322e-06;1.12753e-07;5.49632e-07;3.16181e-07;4.02819e-09;1.00432e-05;1.09941e-06;1.32762e-08;6.56205e-07;0.999038;0.000514754;1.35083e-05
1.04008e-06;0.995309;3.33513e-08;3.68668e-07;1.12695e-06;3.24722e-06;4.02584e-08;0.00447347;5.38495e-06;1.3335e-07;3.41652e-06;1.42672e-05;0.0001886;3.75698e-07
6.21227e-06;0.934524;1.85153e-06;2.44281e-07;2.65742e-08;2.24914e-07;1.02411e-05;1.09624e-06;1.4944e-07;8.06046e-07;2.06654e-06;0.00544697;0.0600065;6.89804e-08
0.000272227;0.114933;9.56391e-08;0.000148241;0.00251096;0.000311475;0.000346128;0.717737;0.000281906;0.000102345;0.000640652;0.132743;0.0199439;0.0100286
0.00272212;0.961449;0.000434392;6.97396e-05;0.00088081;4.3863e-05;7.71247e-06;0.0112844;6.45615e-05;2.02653e-05;2.75833e-05;0.0117162;0.00204769;0.00923208
0.000802598;0.684296;3.71751e-06;0.000580603;0.00266517;0.00018644;3.55738e-05;0.0291057;0.00725327;2.05258e-05;0.00682957;0.198174;0.0677472;0.00229975
1.40324e-05;0.931974;1.67098e-07;3.96273e-06;1.15903e-05;4.37135e-05;4.67738e-08;0.00656869;2.10265e-07;1.58449e-06;1.92272e-07;0.00171497;0.0587091;0.00095767
7.74967e-07;0.000116032;2.55152e-09;4.27528e-07;5.20442e-05;1.32188e-06;1.55915e-09;0.000396633;1.28543e-07;1.4258e-08;1.03027e-06;1.55384e-05;0.9994;1.63387e-05
0.000293277;0.0215215;3.43358e-05;2.98459e-06;6.73606e-05;2.28041e-05;7.99354e-06;0.0028323;9.58181e-06;4.39841e-05;3.3715e-06;0.00062235;0.974342;0.000195726
1.34605e-11;4.57719e-10;1;8.52183e-11;6.39381e-10;1.46479e-11;1.99197e-11;5.44957e-11;3.69985e-12;1.07098e-11;3.0298e-12;5.86209e-09;6.74067e-13;8.66404e-11
1.15162e-09;2.17499e-07;0.999796;2.51857e-08;6.2593e-09;1.94863e-08;1.23525e-10;1.70401e-07;7.19411e-10;9.89846e-10;2.22481e-09;0.00020357;4.82045e-08;6.67781e-08
2.77397e-08;8.357e-05;1.33674e-06;2.21678e-07;0.00126286;0.028342;1.47117e-10;4.1597e-07;4.50149e-09;5.5182e-08;1.28734e-07;6.04053e-07;2.10393e-05;0.970288
5.24597e-08;0.995871;4.43017e-09;1.84692e-07;5.13073e-07;0.000116574;1.31223e-07;2.86638e-05;3.0172e-10;1.69681e-06;1.67701e-07;1.09095e-06;0.0027523;0.00122793
1.77596e-09;1.41924e-05;0.999872;3.30594e-09;1.35181e-08;6.43216e-08;4.43318e-07;1.07214e-10;1.45008e-11;2.41819e-07;1.60434e-10;3.2696e-09;1.78871e-10;0.000113324
4.53483e-06;0.55141;4.64826e-05;1.00595e-05;1.01719e-06;5.46245e-05;0.00454293;3.43185e-05;3.8345e-05;5.00293e-07;0.00332658;6.58995e-06;0.440524;1.83067e-08
2.0984e-06;0.959798;1.44921e-07;3.39148e-07;1.66917e-05;1.35228e-06;1.59885e-07;0.0217357;2.30901e-08;5.83605e-07;6.99004e-08;7.0735e-06;0.0184082;2.99029e-05
3.67419e-06;0.718175;0.00153293;3.12477e-05;3.22091e-05;7.15378e-06;1.4916e-06;0.00193087;2.39607e-06;1.82446e-05;1.89725e-06;0.270836;0.000450417;0.00697644
1.53847e-05;0.799242;2.83586e-09;1.28308e-05;0.000292274;0.000194804;3.63315e-06;0.00546085;2.07578e-05;2.66244e-05;1.35002e-05;0.0304579;0.0506449;0.113614
7.70256e-05;0.145516;4.57632e-06;0.000264001;0.00113731;0.00649301;2.19785e-05;0.0662883;0.000587943;7.05615e-06;0.000831132;0.313474;0.362543;0.102754
0.000105033;0.647468;7.71724e-05;0.00046534;0.000480891;0.00487094;4.13254e-07;0.0519263;9.68862e-05;5.12649e-06;6.92389e-05;0.105638;0.17948;0.00931646
6.83585e-07;0.999519;4.45477e-06;8.927e-08;2.54584e-07;1.2604e-07;8.8036e-06;0.000150806;2.40909e-08;1.55651e-06;2.57485e-08;6.24544e-06;2.40224e-05;0.00028367
1.21808e-11;1.39821e-10;0.999999;1.36575e-10;7.46897e-07;1.59767e-08;6.89801e-12;3.24909e-08;1.65312e-13;5.4676e-11;5.82124e-13;1.75646e-07;8.44149e-11;7.82873e-08
4.9369e-06;0.0156936;0.000320465;8.18028e-05;0.000363643;0.000386263;7.4675e-06;0.452586;0.000243143;3.06949e-07;0.00200102;0.472463;0.0558432;4.44363e-06
6.62279e-09;0.999588;1.30469e-10;5.3045e-09;1.16945e-08;6.02557e-10;1.34739e-06;6.15063e-09;3.84294e-09;2.34628e-07;3.64354e-08;4.42287e-10;3.68288e-08;0.000410616
5.25873e-05;0.0111332;0.00041184;4.94576e-05;8.60393e-06;3.61696e-06;0.656904;0.000127688;0.0411713;6.5205e-06;0.28233;1.45346e-05;0.00778672;1.61444e-07
5.36949e-07;0.000525256;1.2797e-10;2.07577e-10;1.06482e-06;1.78783e-08;2.56096e-11;0.999458;5.8813e-10;3.44975e-10;1.53799e-10;1.35271e-07;8.32791e-06;6.8314e-06
1.50234e-08;0.00311406;2.14714e-07;6.074e-08;7.8199e-05;1.41292e-05;2.74988e-10;0.000116496;1.40476e-09;8.90376e-09;1.24219e-08;0.994262;0.000540807;0.00187455
2.56699e-09;5.66971e-06;1.40093e-11;5.51516e-10;5.17146e-08;1.73002e-09;2.26153e-10;6.03339e-06;3.98727e-09;3.47412e-11;5.00154e-08;2.46177e-08;0.999988;4.21237e-09
2.45264e-05;0.00147129;0.000170365;7.14688e-07;7.324e-07;3.43255e-08;9.84317e-09;1.50391e-05;2.22785e-05;5.89027e-08;1.91869e-05;0.998152;9.28679e-05;3.06225e-05
5.99166e-06;0.940001;1.80803e-07;3.98944e-07;6.27532e-06;7.97139e-07;8.28744e-09;0.0421708;5.02998e-06;2.60053e-07;6.16463e-06;0.000216441;0.0175715;1.53427e-05
1.5246e-06;0.896203;7.83472e-06;2.86299e-06;6.74722e-06;1.3693e-05;2.71529e-07;0.00413714;4.62341e-07;8.00204e-06;5.86104e-06;0.0988179;0.000760023;3.48936e-05
0.000233735;0.347705;3.77562e-08;0.0131368;0.0231817;0.00431301;0.169159;0.00116607;0.00243744;0.0307794;0.0153248;5.12107e-05;0.0268949;0.365617
0.0283486;0.646031;0.0494536;0.0928507;0.000939981;1.01097e-05;0.0482245;7.92635e-05;0.00712716;0.0041372;0.0688099;0.0345677;0.00176759;0.0176523
0.0069412;0.0205797;8.71408e-08;0.00327164;0.000180374;0.000281631;0.000640141;0.151378;0.456673;2.30507e-05;0.355345;0.00218279;0.0023585;0.000144934
2.25642e-05;0.97605;0.000641479;0.000107537;4.10057e-06;0.00315199;8.58421e-07;9.46525e-09;3.50295e-07;1.06714e-05;1.63273e-06;0.000407962;0.00246224;0.0171384
2.87358e-05;0.00586468;1.71956e-08;1.41423e-08;1.11415e-07;8.40003e-07;2.51892e-08;1.4937e-07;4.8077e-08;6.81265e-10;2.73879e-08;0.991689;0.00229331;0.000123134
1.43913e-05;0.00633396;4.10832e-08;2.97902e-08;0.001209;0.000215018;1.04269e-08;0.549207;7.07954e-07;1.09788e-07;2.89993e-08;0.0105693;0.431904;0.000546548
2.77453e-06;0.00781492;1.90023e-08;1.26655e-06;0.000579951;0.00473873;2.76481e-08;0.00113079;6.91393e-05;9.15054e-08;4.07818e-06;3.40653e-05;0.985605;1.86713e-05
2.79278e-06;0.000279085;0.99636;1.51902e-06;8.51704e-07;2.18025e-07;2.1945e-06;2.45657e-07;3.03194e-08;8.79734e-06;5.31989e-08;0.00333335;5.63446e-06;5.28133e-06
1.3497e-10;4.08838e-11;1;5.46715e-11;2.31185e-11;6.02082e-11;2.01914e-09;1.62257e-12;1.3972e-10;1.12159e-11;5.65481e-10;1.40935e-08;7.20755e-12;1.17459e-13
3.04897e-05;0.672957;7.75424e-06;1.52406e-07;7.36861e-09;2.37444e-07;3.43831e-06;8.86968e-05;6.18728e-06;7.67294e-08;4.63057e-05;0.0210796;0.30578;4.20805e-09
2.3547e-06;0.0101487;1.26532e-07;2.63189e-05;2.08617e-05;0.00221426;1.7594e-07;0.000303438;3.70415e-05;6.0582e-07;2.94752e-05;0.937128;0.0487373;0.00135137
5.11147e-06;0.0684488;1.06156e-09;4.2461e-05;0.000504033;7.01487e-05;1.18372e-07;0.927768;1.1134e-05;1.67826e-06;0.000116703;0.0010063;0.00167665;0.000348844
9.17609e-07;0.117598;4.52368e-05;2.96708e-07;2.85226e-09;3.38872e-10;6.64243e-07;3.11622e-05;4.70394e-08;1.38186e-07;3.93306e-06;0.882302;1.78356e-05;9.06726e-08
2.41155e-05;0.101486;6.33938e-08;2.07635e-06;2.86531e-05;8.72146e-05;6.54356e-07;0.0543318;1.45803e-06;1.54107e-06;1.36289e-05;0.0473203;0.796702;1.44273e-06
1.08373e-06;0.000188159;1.20334e-09;1.76023e-07;1.01475e-06;9.41389e-07;1.40687e-08;0.0030792;3.52613e-07;3.70312e-09;8.68636e-07;2.23827e-05;0.996706;2.26284e-07
2.41123e-06;0.000441422;7.14136e-06;5.87284e-07;1.62864e-06;8.81744e-08;3.41866e-08;1.95712e-05;5.56293e-06;4.73002e-08;2.12135e-06;0.999134;0.00037559;9.36811e-06
7.31928e-07;0.999123;1.99696e-07;1.13177e-06;5.77508e-06;2.33838e-06;4.10087e-08;0.000725077;1.33344e-06;1.57527e-07;5.40562e-07;3.93796e-05;7.73594e-05;2.34805e-05
3.25423e-06;0.000194431;4.81353e-07;3.74166e-07;5.02251e-06;2.0733e-07;6.22353e-07;0.999735;9.05829e-06;2.31312e-06;1.81884e-07;7.89816e-07;1.02394e-06;4.7429e-05
3.44675e-05;0.772829;1.83737e-07;6.61688e-05;0.000233211;8.79779e-07;0.00225744;0.215891;0.00662768;5.62737e-05;0.000195611;0.00146382;0.000264516;8.02201e-05
3.01534e-09;7.9362e-09;0.999999;8.17472e-10;1.67292e-10;2.94247e-11;9.4973e-08;3.08595e-11;3.96982e-09;1.26169e-10;6.23968e-10;5.10396e-07;1.5979e-10;1.79979e-12
6.60029e-05;0.579677;6.30293e-05;6.3206e-06;0.000875342;7.34814e-06;3.25399e-06;0.00116687;0.000332327;1.78367e-07;0.000767951;0.0795257;0.330698;0.0068109
1.28981e-06;0.525199;0.000262034;3.61265e-06;0.0123033;0.000195765;3.91606e-08;0.291883;1.0906e-07;5.60027e-06;3.80244e-07;3.1823e-05;0.154587;0.0155265
1.29765e-06;0.159474;1.10149e-05;6.62766e-05;7.51723e-06;0.188731;6.30366e-05;2.32733e-05;2.76727e-05;5.86639e-05;0.00162582;8.38085e-05;0.642966;0.0068603
9.96707e-07;0.000215294;0.999173;5.07441e-06;1.65809e-06;5.33035e-06;4.8175e-05;2.96673e-07;4.07841e-08;2.46275e-05;4.60689e-06;0.000483129;2.2886e-05;1.52408e-05
2.30234e-10;3.35317e-10;0.999999;4.89707e-10;5.13943e-10;2.04609e-10;3.25465e-08;1.87702e-11;1.12944e-09;2.91924e-10;1.68075e-08;8.96757e-07;1.38794e-10;1.17438e-11
5.42416e-06;0.997569;4.55187e-07;5.27623e-06;5.43148e-06;1.69235e-06;2.44208e-06;0.000113226;3.30203e-05;8.81957e-08;0.000234651;0.000181881;0.00184638;9.36506e-07
4.38517e-05;0.0505922;2.28458e-06;3.47682e-05;3.02205e-06;3.42202e-07;6.09862e-08;0.190294;0.00013213;4.03334e-07;8.35112e-05;0.757936;0.000876444;9.51408e-07
2.86413e-06;0.990571;8.74228e-07;1.77788e-05;2.51673e-05;7.22038e-05;9.22983e-08;1.7127e-06;4.96614e-09;1.2336e-05;3.4554e-07;0.000652046;0.00723589;0.00140749
2.8441e-08;9.67784e-05;7.73587e-14;1.79812e-09;8.19652e-08;1.82376e-06;5.11979e-09;9.78892e-09;5.30457e-10;2.69888e-10;1.05665e-08;6.36805e-06;0.999894;5.12187e-07
9.33006e-07;2.89717e-05;0.999612;6.43029e-07;0.000234243;1.7039e-06;9.06999e-09;3.30986e-05;2.57033e-10;7.01657e-08;1.90217e-10;3.38609e-05;2.45609e-05;2.98202e-05
2.15132e-07;0.00736878;1.70223e-10;3.54792e-08;7.87551e-08;4.32762e-05;5.29269e-08;1.99845e-05;7.96623e-08;2.68413e-09;3.90767e-08;9.53023e-10;0.992563;4.33487e-06
7.68995e-08;0.000125172;0.999591;3.79609e-07;2.6565e-07;2.85882e-07;1.437e-06;7.7932e-09;1.30884e-09;2.5239e-05;7.80268e-10;5.15079e-05;2.7967e-07;0.000204865
6.23943e-10;4.65319e-10;0.999999;3.93221e-09;6.23874e-10;2.8906e-10;3.82597e-07;2.75364e-12;8.42039e-09;2.28822e-09;2.30447e-08;5.3564e-08;8.91555e-11;4.79839e-11
0.000114042;0.00597672;9.86755e-06;7.27381e-07;1.45906e-05;1.32489e-06;1.62676e-05;0.981859;1.49825e-05;4.02757e-06;7.00301e-05;0.0010857;0.010717;0.000116134
1.93408e-06;0.0693416;3.67724e-05;7.56582e-05;0.000153507;0.000129045;2.42224e-06;0.00019635;1.15891e-05;8.68514e-07;0.000451679;0.914552;0.00905504;0.00599177
2.41066e-06;0.997921;0.000212041;1.18076e-07;2.29543e-06;3.79468e-09;5.15607e-11;0.00100444;2.44082e-10;2.36968e-08;5.53518e-09;0.000571127;0.000253181;3.31179e-05
5.18418e-06;0.996274;1.39394e-08;1.72873e-06;1.23409e-05;2.87576e-07;0.00313171;3.40977e-05;4.11676e-06;8.02141e-05;0.000129875;4.93092e-08;3.81818e-05;0.000288775
3.86236e-12;9.78624e-14;1;7.36617e-14;2.89395e-09;3.42749e-14;4.53408e-13;4.17955e-13;1.16881e-13;9.42674e-14;3.99738e-14;3.6809e-09;5.77613e-17;2.76455e-13
9.28179e-06;0.000587458;5.81021e-07;1.14117e-07;3.47271e-07;1.78151e-06;3.59439e-07;0.998444;0.000136323;1.61048e-07;3.05697e-06;0.000275032;0.000541377;2.35168e-07
3.24758e-06;0.00140002;3.96038e-10;1.13744e-06;3.27344e-06;2.08574e-06;4.43079e-06;0.00103375;4.7538e-05;3.21224e-07;0.000174601;5.4607e-07;0.997329;2.76168e-07
3.06741e-05;0.00134507;5.28935e-07;6.33333e-06;1.11093e-06;5.77046e-07;3.43372e-07;7.07609e-05;2.97586e-06;1.59575e-06;7.0357e-06;0.997907;0.000563076;6.30183e-05
5.11826e-06;0.999409;0.000146393;5.10891e-07;1.78539e-07;1.13398e-09;2.05596e-07;0.000103956;4.96891e-09;6.55686e-08;3.10809e-08;3.02232e-05;0.000304008;1.26306e-07
8.67162e-06;0.951535;3.33772e-06;3.33582e-06;3.48169e-05;1.5078e-05;1.84906e-07;0.0171292;7.41757e-07;1.77385e-06;7.7589e-08;0.000349752;2.29427e-05;0.0308953
2.98433e-05;0.942212;2.76755e-10;5.11173e-06;5.49499e-06;1.97686e-05;3.17514e-06;0.00583823;9.89169e-05;4.39842e-06;1.3846e-05;0.00757916;0.00806534;0.036125
6.57096e-07;0.00138485;5.13288e-06;3.41184e-09;3.15749e-09;9.2516e-09;7.69233e-09;1.00667e-09;7.18844e-09;4.59377e-10;7.82153e-09;0.99845;0.000159626;2.45728e-07
5.62986e-05;0.193266;9.67168e-08;4.88278e-06;8.9998e-05;0.000435225;2.11575e-07;0.0239981;0.000194705;3.05432e-08;2.09227e-05;0.0502552;0.729418;0.00226101
3.95729e-06;0.983942;5.14806e-06;5.81162e-08;5.4923e-07;2.29781e-07;5.43681e-07;0.00120907;2.4738e-08;6.46244e-07;1.08129e-08;5.68033e-09;4.03044e-06;0.0148339
1.90273e-12;1.37703e-11;1;2.6374e-12;3.94948e-09;2.9007e-11;1.48882e-14;3.85088e-09;3.12198e-15;2.03751e-13;6.39391e-15;2.95838e-09;4.81464e-14;2.70817e-10
5.32058e-07;0.000161214;0.000134452;2.79225e-06;3.03121e-05;4.58007e-06;1.69128e-07;0.963115;3.96187e-05;2.00868e-08;6.98781e-05;0.0360702;0.000367715;3.51952e-06
7.88389e-09;0.995608;1.34692e-10;1.43405e-08;2.44319e-09;4.69408e-09;3.11839e-05;9.18579e-08;1.93662e-08;4.89957e-07;3.20671e-07;9.82308e-10;3.20031e-07;0.00435983
2.90833e-06;0.00425143;3.52994e-07;6.72302e-07;6.39807e-08;1.81589e-07;0.958619;1.85817e-05;0.00229081;1.07454e-06;0.0291157;1.58184e-06;0.00569748;1.64429e-09
9.12526e-07;0.0439315;5.75187e-11;2.94788e-09;6.48083e-10;9.0069e-08;2.4376e-08;1.05549e-05;1.1805e-08;2.40952e-09;5.97615e-09;2.3487e-06;0.956055;8.01851e-10
1.63631e-06;0.00914983;1.89015e-07;2.47128e-07;2.25653e-05;4.90918e-07;2.75997e-09;0.00243611;1.80473e-07;1.10354e-08;7.61111e-08;0.987047;0.00123559;0.000105721
1.04372e-07;0.996872;2.02178e-11;9.37195e-07;4.53489e-09;4.26073e-08;0.00300623;7.90869e-06;2.65829e-05;2.77327e-05;1.18436e-05;7.24796e-08;4.18898e-07;4.59154e-05
2.00804e-05;0.00613505;0.988457;2.84643e-05;5.54839e-07;1.60396e-06;0.000125443;3.7044e-05;9.84274e-05;6.51263e-07;0.000631566;0.00258282;0.00188168;3.5784e-09
3.01442e-07;0.999066;6.70438e-11;1.48458e-07;1.59222e-08;3.71324e-07;3.95888e-09;0.000353401;5.47151e-08;3.61587e-09;1.33684e-07;5.15218e-07;0.000578265;7.5352e-07
1.79895e-06;0.00444128;4.85019e-07;7.84454e-07;1.5862e-05;1.0911e-06;8.92661e-09;1.31559e-05;2.31632e-06;1.98302e-07;2.52855e-06;0.993627;0.000415399;0.00147829
3.54745e-05;0.823975;0.000440868;4.4567e-05;0.000416392;0.00101123;1.05732e-06;3.62135e-08;4.15801e-08;9.46561e-06;1.24128e-06;0.0082513;0.164046;0.00176677
0.000150415;0.348093;3.19256e-05;6.34626e-07;0.00429027;9.61783e-06;1.01336e-08;0.389601;3.82933e-06;9.36742e-07;3.82312e-08;0.0120189;0.245114;0.000685376
3.33345e-07;0.00107135;2.33566e-10;3.91285e-06;5.15694e-05;0.0215278;1.38158e-08;0.000172872;8.27012e-07;1.06554e-05;1.76096e-07;1.02155e-06;0.976199;0.000960507
5.69507e-06;2.59064e-06;0.954081;3.86336e-06;1.89304e-07;2.03086e-07;0.000110056;3.95547e-08;9.53124e-08;0.000298616;2.53213e-07;0.0454934;4.86168e-07;3.98935e-06
4.08179e-08;7.7195e-10;0.999993;1.27591e-08;4.61407e-10;2.97922e-09;4.64493e-06;1.5216e-10;9.56555e-07;3.77526e-09;1.30483e-06;7.1038e-08;5.35864e-11;9.99999e-12
2.29159e-06;0.99959;4.46303e-08;1.19925e-07;3.36765e-08;6.56771e-09;2.11521e-06;8.55088e-05;2.14193e-06;3.483e-08;2.09593e-06;5.68245e-06;0.000309407;4.81797e-07
2.74998e-06;0.0316026;5.52304e-08;3.75042e-06;1.46021e-06;6.8642e-08;3.76351e-07;0.0214082;0.000244732;9.2722e-07;1.8347e-05;0.946662;5.17584e-05;3.04153e-06
1.10332e-05;0.830759;1.48477e-05;8.08626e-05;2.47284e-05;3.45709e-05;4.41578e-06;5.32966e-07;1.9953e-07;5.17735e-05;6.03733e-06;0.00401288;0.164883;0.000115509
3.57634e-05;0.554324;7.93047e-06;2.81365e-06;0.0017659;1.32235e-05;8.3475e-07;0.0191865;7.81582e-06;1.41691e-06;6.82438e-06;0.277321;0.106695;0.0406314
9.8589e-08;0.00014587;5.57559e-10;4.07782e-06;0.000415194;0.0132857;9.10547e-08;0.000306561;5.02894e-06;8.88039e-07;4.01775e-06;8.83081e-08;0.985229;0.000603001
0.000356197;0.0099619;0.972868;6.86265e-05;3.0878e-05;1.99242e-06;0.00117354;7.8663e-06;7.37084e-06;0.00172313;4.11962e-06;0.0135788;3.70697e-05;0.00018054
2.82106e-09;1.33312e-10;1;3.09523e-10;9.40687e-11;2.39075e-11;3.16243e-09;2.34346e-12;1.65981e-09;3.06434e-11;3.64694e-09;3.70469e-09;1.67306e-11;1.24034e-11
4.04237e-05;0.927333;2.66596e-06;2.12127e-06;5.50621e-07;1.29934e-07;2.12214e-07;0.0623666;0.000131034;1.48142e-06;0.000132393;0.00629278;0.00368646;9.8816e-06
2.07758e-06;0.394289;1.31749e-06;7.71125e-07;3.15773e-07;8.23519e-07;2.0612e-06;0.00244933;1.97399e-06;5.92104e-06;2.45144e-05;0.599694;0.00352562;2.39429e-06
3.11829e-05;0.745014;2.56885e-08;0.0023633;0.00404089;0.000552685;0.0562018;0.00046374;0.000768816;0.00478909;0.0090653;2.39415e-06;0.167486;0.00922068
0.000851224;0.925478;0.00304464;0.0090905;0.000369201;2.15597e-06;0.00336482;0.000328108;5.4147e-05;0.00351024;0.000311752;0.000536557;0.000157946;0.0529007
0.00518752;0.380474;1.28497e-07;0.00198885;0.000144019;0.000150268;0.00128731;0.410012;0.0416035;5.42262e-05;0.0359878;0.119683;0.00301491;0.000413136
2.46207e-05;0.972465;0.00022063;0.000126442;2.92255e-06;0.00039883;2.36122e-05;9.84774e-08;1.10596e-06;3.17312e-05;4.49029e-06;0.001404;0.0176792;0.00761689
1.82418e-05;0.00189874;4.95794e-08;2.68768e-08;1.73638e-07;5.91593e-07;2.78767e-07;1.2918e-07;9.54477e-08;1.21771e-09;8.82055e-08;0.997452;0.000610238;1.92871e-05
1.29655e-05;0.00700044;2.17418e-08;7.47944e-08;0.0108799;0.000170285;2.31643e-08;0.574499;1.98998e-06;3.65848e-08;1.29076e-07;0.0039435;0.402551;0.00094026
1.53634e-05;0.0551633;3.00477e-08;5.7062e-06;0.00117184;0.00152814;1.89624e-07;0.00190093;0.000445713;1.66684e-07;1.17424e-05;0.000707748;0.938741;0.000307987
2.3006e-05;0.00993192;0.987443;3.28794e-05;5.29984e-06;1.10831e-06;1.48555e-05;5.79675e-06;7.54461e-07;3.98563e-05;1.13532e-06;0.00237023;9.30042e-05;3.70023e-05
6.32461e-09;6.50604e-10;0.999999;3.4381e-10;6.27629e-11;6.21327e-11;5.64498e-08;2.82433e-10;1.13214e-09;6.38397e-11;9.60754e-09;5.01867e-07;4.01162e-10;2.28797e-13
2.11514e-05;0.116022;6.56736e-06;3.05825e-06;1.18154e-07;3.09907e-06;1.57876e-05;0.467681;0.00121458;2.47138e-07;0.00444947;0.00431809;0.406265;7.73919e-09
9.28843e-05;0.144264;1.55406e-05;0.000913805;0.0190649;0.000470001;2.85883e-05;0.141262;0.00516368;0.000126589;0.000445749;0.368164;0.165481;0.154506
5.49614e-05;0.732287;5.09159e-06;0.000256009;0.000278935;9.60729e-06;1.85198e-05;0.00460202;0.000533168;5.68045e-05;0.00230809;0.0652472;0.19402;0.000322832
1.05348e-05;0.000742159;3.58564e-10;1.01578e-06;7.56263e-05;3.86219e-07;4.15335e-07;0.0110983;1.20735e-05;2.77811e-07;4.09172e-05;6.59569e-06;0.987944;6.75642e-05
1.66789e-06;0.000108657;4.92997e-07;1.21018e-07;8.984e-08;8.11386e-09;2.47419e-08;1.63532e-05;1.53366e-05;1.85886e-08;1.3725e-06;0.999831;1.5433e-05;9.65531e-06
1.10936e-08;0.999992;2.87955e-08;1.058e-08;5.2082e-09;1.60802e-09;4.2854e-11;9.09998e-07;1.9833e-10;2.15019e-10;6.89959e-10;5.25544e-06;1.79876e-06;2.93887e-09
1.26663e-05;0.97046;6.49803e-07;6.02676e-07;1.98387e-07;9.6715e-06;1.51798e-06;4.3245e-05;2.20333e-07;5.6905e-07;1.15118e-06;0.00565077;0.0238158;3.25585e-06
1.0778e-06;0.0473998;5.8639e-08;1.93023e-05;4.15732e-05;0.000892645;1.3001e-07;8.47786e-05;3.25857e-06;1.44209e-07;0.000120268;0.947456;0.00300381;0.00097689
3.76309e-06;0.00818259;7.88689e-11;1.38856e-05;0.00204278;0.000239902;1.0805e-08;0.987692;1.86407e-06;4.69808e-07;1.25205e-05;6.70793e-05;2.43316e-05;0.0017183
2.16738e-05;0.153783;0.000122251;1.65729e-07;1.74335e-09;2.41992e-09;2.83986e-06;0.000103865;2.49648e-07;3.76074e-08;4.4888e-06;0.845677;0.000284461;1.34295e-08
3.75724e-05;0.134087;1.10336e-07;2.57496e-06;1.08518e-05;0.000206543;6.65452e-08;0.0549892;3.7395e-06;6.00109e-07;7.98272e-06;0.0332404;0.77741;3.12774e-06
5.78543e-06;0.0046082;1.65185e-09;1.67188e-06;5.99295e-06;1.84609e-05;1.46143e-09;0.00486507;4.86484e-07;1.94717e-08;1.96837e-06;1.67954e-05;0.990471;4.94721e-06
6.75209e-06;0.0125156;1.62067e-07;9.77744e-07;3.62177e-08;3.56223e-06;3.22363e-08;3.82918e-06;3.23448e-07;2.92584e-07;3.81144e-06;0.428697;0.558756;1.19082e-05
6.60749e-07;0.9837;0.0160566;3.24008e-07;8.27244e-08;1.06505e-08;1.70806e-08;3.11584e-05;2.67025e-10;7.22838e-07;3.74318e-09;0.000153034;5.62416e-05;1.48288e-06
1.4504e-05;0.304137;1.36362e-06;0.000159549;0.018121;0.260266;0.000199441;0.0497247;8.54138e-06;0.00164749;2.77056e-05;8.94799e-06;0.148581;0.217104
2.38206e-08;1.18522e-08;0.999995;5.69407e-08;1.45732e-07;1.30288e-08;1.2485e-07;1.40074e-09;3.34171e-09;6.97187e-09;6.6124e-09;3.69873e-06;5.51498e-10;9.9061e-07
3.20347e-08;4.05185e-05;1.27972e-07;1.55271e-07;6.93497e-07;2.21904e-08;4.79832e-09;2.0058e-05;1.51442e-07;1.36456e-08;8.55269e-08;6.97995e-07;8.63426e-08;0.999937
1.32091e-07;1.58753e-05;1.02953e-11;2.05665e-08;2.32939e-05;9.13197e-07;1.49364e-08;0.999952;6.51246e-06;6.13894e-10;7.06379e-08;2.40548e-08;6.11002e-07;1.1351e-07
1.14185e-08;4.51765e-07;0.999849;1.35141e-07;2.12962e-06;1.88528e-07;1.60594e-10;6.62692e-10;2.19708e-11;1.69537e-09;7.19203e-10;0.000146961;4.32792e-08;8.89915e-07
3.41087e-07;0.999806;3.38234e-10;2.15783e-08;2.56287e-09;4.2673e-08;1.80657e-07;3.17435e-06;3.56013e-07;1.16419e-10;3.35749e-06;7.77206e-06;0.000177952;4.67832e-07
3.4946e-07;0.997565;2.33294e-09;3.48798e-07;5.54649e-05;1.95744e-06;2.72271e-07;0.0003833;3.90407e-08;5.6386e-07;1.20243e-07;1.01101e-05;0.00111212;0.000870426
4.49304e-06;0.958594;3.94503e-07;1.83326e-06;0.000111797;8.93196e-07;1.98554e-07;0.00405915;2.14365e-08;7.78073e-06;2.36157e-07;0.000148645;0.0355043;0.00156643
3.69908e-07;0.00218301;8.08311e-09;1.25495e-05;7.58749e-05;0.000777868;1.58279e-05;3.7751e-05;1.74431e-05;4.56921e-06;0.000338045;1.25054e-05;0.996405;0.00011958
1.48186e-07;6.45572e-05;0.999915;3.04761e-07;2.9297e-07;2.00582e-07;3.31024e-07;2.66533e-08;2.95739e-10;8.87361e-06;1.09673e-09;1.90441e-06;1.19826e-07;8.723e-06
1.2168e-06;2.03313e-07;0.999975;3.57077e-07;1.86942e-06;1.84528e-07;4.41143e-06;7.78823e-07;9.46131e-06;3.71575e-08;5.94963e-06;2.56838e-07;2.5977e-07;6.43927e-09
2.84172e-05;0.939288;9.96819e-08;5.08043e-05;1.88594e-05;5.21111e-05;2.03032e-07;0.0471085;0.00109186;2.65417e-06;0.000278371;0.000445031;0.0060747;0.00556014
2.25966e-07;0.00911093;1.5381e-05;6.39264e-07;1.52472e-07;3.65995e-08;1.13055e-09;1.62403e-06;1.30722e-08;1.4334e-07;5.90742e-07;0.990854;1.34364e-05;2.8269e-06
6.71155e-06;0.978536;1.18343e-12;1.13734e-07;1.6061e-07;5.23779e-08;6.18389e-05;0.000111374;7.95764e-08;2.41403e-07;7.79251e-07;5.1044e-06;0.0212244;5.28258e-05
4.61238e-08;0.000337332;6.84634e-07;3.56282e-08;5.16392e-09;4.21759e-10;8.89934e-07;6.69517e-07;1.47863e-08;1.77877e-09;8.37993e-07;0.999568;9.13392e-05;9.50574e-10
2.21567e-05;0.0196857;7.98108e-07;0.000235444;0.00165061;7.29145e-05;5.38501e-06;0.821835;6.90326e-06;8.15054e-06;5.84686e-05;0.0021368;0.135528;0.0187543
2.84623e-05;0.735353;3.66415e-08;0.000125516;3.0444e-07;0.000212652;7.33125e-05;0.000174131;0.000196517;1.63967e-05;0.000481353;0.00240944;0.260875;5.37855e-05
4.90943e-06;9.7636e-05;0.941434;1.98959e-06;6.32178e-08;1.21552e-07;7.47142e-08;4.39749e-07;1.01314e-07;1.40811e-06;4.30264e-07;0.0584554;1.71696e-06;1.40765e-06
4.60793e-07;0.995464;4.28398e-11;2.12323e-08;1.07204e-07;6.54367e-08;3.09013e-08;0.00422387;1.6601e-06;3.63878e-10;7.43456e-07;1.17091e-06;0.000307111;6.01289e-07
1.1518e-05;0.992154;1.19444e-05;1.5351e-07;2.01089e-06;6.05923e-08;6.98468e-08;0.000894691;8.56339e-07;1.92461e-07;1.63724e-07;0.00685049;6.27052e-05;1.13452e-05
5.33432e-07;0.00161092;3.01103e-07;5.15579e-05;0.000156045;2.40866e-05;4.95988e-08;0.00109308;8.61393e-05;9.1354e-07;1.91013e-05;0.994922;0.0019553;7.9482e-05
0.000832896;0.814275;4.53523e-07;4.40582e-06;2.70358e-08;5.89165e-06;0.000148889;4.17279e-05;4.35425e-05;2.50804e-06;0.000109929;0.00205606;0.182478;4.84737e-07
1.41322e-05;0.0221894;7.73736e-08;1.58622e-06;4.26142e-05;3.396e-05;9.11594e-08;7.36756e-06;1.65196e-05;1.0377e-07;2.152e-06;0.967369;0.0100814;0.000241034
5.97222e-05;0.0988339;8.51423e-09;1.25879e-06;0.000194957;1.74193e-05;4.35724e-08;0.899086;1.34699e-05;2.35217e-07;1.80781e-06;0.000494549;0.0012857;1.07522e-05
0.000195827;0.225762;0.00488805;3.07359e-06;1.18162e-06;2.91951e-08;1.8581e-05;0.000827428;0.000343334;4.99712e-07;2.59795e-05;0.746097;0.0218349;2.43379e-06
8.91015e-05;0.205792;1.37367e-08;5.00854e-06;0.000369485;0.0005192;1.18928e-07;0.351681;1.63277e-05;2.36915e-06;4.92705e-06;0.000844908;0.440433;0.000243068
5.73881e-07;9.60751e-05;7.01573e-12;6.81259e-08;7.51321e-07;4.81674e-07;1.64027e-08;5.98821e-06;3.22851e-08;1.03209e-08;2.17981e-07;6.81467e-05;0.999827;3.47787e-07
2.20848e-05;0.000661576;2.33051e-07;2.94384e-06;5.61162e-07;5.38058e-07;1.82573e-07;5.7161e-06;7.68053e-06;1.53467e-07;1.27459e-06;0.999197;9.19552e-05;8.07826e-06
6.72951e-07;0.999932;4.531e-06;2.23448e-06;1.69547e-07;3.54138e-07;1.01677e-07;3.68783e-07;2.50782e-07;3.14848e-08;1.26999e-07;5.57264e-05;3.36493e-06;1.80846e-07
2.09123e-05;0.198096;5.19795e-09;2.92402e-07;1.47658e-06;3.55841e-06;5.72562e-07;6.18427e-05;1.33103e-07;6.53789e-08;3.29368e-07;0.000589959;0.801209;1.59712e-05
2.15901e-06;0.00380562;1.05968e-06;1.48256e-06;0.0050651;0.000423949;1.04898e-09;8.07852e-05;3.85706e-07;1.60284e-07;1.27451e-07;0.748211;0.00112538;0.241283
7.39835e-05;0.881986;5.22962e-09;3.47651e-05;0.00626421;0.000384263;1.34728e-05;0.0444151;0.000131608;2.18657e-06;0.000318018;0.00117862;0.0257099;0.0394875
5.56306e-06;0.01733;1.28359e-05;1.79176e-07;1.03575e-06;3.1684e-08;6.63301e-07;8.63107e-05;2.70444e-07;3.3908e-08;1.07485e-05;0.982256;0.000288475;8.07987e-06
1.07365e-05;0.378874;1.61019e-07;3.19844e-06;0.00592066;0.00200785;1.13126e-08;0.0702362;7.37303e-08;1.89395e-07;1.25206e-07;0.0168509;0.525869;0.000226542
1.19684e-07;7.84667e-06;1.11691e-10;2.45445e-07;5.04436e-07;8.96318e-07;1.68104e-08;1.34141e-05;2.61605e-08;1.66205e-09;3.80848e-07;0.000212415;0.999764;1.94502e-07
1.39325e-06;0.000345131;1.04078e-07;3.28836e-06;6.87745e-08;7.17533e-07;5.03319e-08;4.35784e-07;1.52133e-07;7.45514e-08;2.55208e-06;0.998997;0.000636265;1.31141e-05
8.40569e-05;0.467729;1.56348e-06;5.33436e-05;1.66191e-05;2.18716e-05;0.000191656;0.527964;0.000407766;1.12228e-05;0.000351163;3.01939e-06;0.00314478;1.93119e-05
5.1977e-06;0.0138449;0.98398;7.39431e-05;1.23018e-05;1.30428e-05;5.99118e-06;5.98976e-09;1.37579e-08;2.23975e-05;2.05271e-06;0.000140259;0.00178681;0.000113316
1.23661e-05;0.0485163;1.16372e-09;8.24115e-10;1.2238e-06;9.10815e-11;1.93837e-05;0.951434;1.66513e-06;4.60705e-08;2.56562e-06;7.1651e-09;1.22801e-05;4.86541e-07
4.10456e-06;0.00172021;0.31421;1.79841e-05;0.619475;0.00261932;1.39079e-08;1.54793e-05;4.50824e-08;7.38291e-06;2.45361e-08;0.0503836;0.00218844;0.00935835
0.00503591;0.0126698;4.57483e-09;2.52826e-06;1.2488e-05;0.000464025;0.000251249;0.177825;0.102393;2.33744e-05;0.00127354;1.27618e-07;0.700046;2.42588e-06
1.97726e-06;2.87795e-05;0.991214;1.02431e-08;1.56879e-07;1.78376e-08;1.05751e-09;1.48346e-08;1.99244e-08;3.94222e-08;2.15896e-10;0.00875278;1.86714e-07;1.73283e-06
9.02277e-05;0.930687;8.26178e-09;1.10816e-05;0.000179987;3.26028e-05;7.50368e-06;0.00410203;0.00910202;4.89451e-07;0.000183681;1.41978e-05;0.055183;0.00040614
6.00484e-05;0.998868;0.000125766;5.42701e-06;1.08341e-05;2.85606e-09;7.3636e-07;9.39639e-05;5.62528e-06;7.44791e-07;1.34535e-05;0.000805375;7.99641e-06;2.40961e-06
4.005e-07;0.999518;1.13768e-09;6.69283e-08;7.82749e-06;2.80847e-11;1.69836e-08;0.000473344;7.36159e-08;2.88472e-08;1.96359e-09;2.64339e-07;2.7283e-08;8.96797e-09
1.71191e-06;4.98064e-05;0.000361548;1.3111e-06;1.22362e-05;1.71128e-05;4.42925e-08;4.88739e-06;7.02758e-08;1.04647e-05;7.31723e-08;0.999523;6.11079e-06;1.12781e-05
0.000121481;0.0715452;7.68941e-10;9.30652e-06;5.93885e-06;6.00487e-06;8.25975e-06;0.000294442;0.000266126;1.73761e-07;0.000481021;0.000104322;0.927149;8.96044e-06
0.000131143;0.00112339;1.38459e-06;3.18346e-05;2.07395e-05;2.55854e-05;6.25445e-08;0.000692751;2.9689e-06;1.25388e-06;9.26925e-06;0.914314;0.0826807;0.000965326
3.10299e-06;0.00228924;1.08405e-07;4.15451e-08;5.9783e-05;1.40384e-07;2.72512e-08;0.997458;1.22495e-07;1.58658e-07;7.67419e-08;2.61901e-07;0.000135634;5.32908e-05
9.56343e-08;0.000625225;0.987702;6.43401e-05;0.00778865;4.17812e-05;5.78381e-09;5.25768e-08;1.65901e-08;1.08324e-06;8.95431e-07;0.00300604;0.000669758;0.000100381
1.05178e-06;0.984818;1.56807e-11;3.74393e-08;1.89466e-07;9.46391e-09;5.84908e-06;1.12017e-05;1.06202e-06;8.40225e-07;1.10392e-06;4.64401e-07;0.000134447;0.0150256
0.000374779;0.0740323;2.14287e-06;9.67005e-06;4.46245e-06;3.92286e-07;0.791869;0.000127476;0.124108;2.32489e-05;0.00923567;2.92269e-06;0.000208981;3.00567e-07
0.000166873;0.99949;1.96787e-05;3.22769e-07;4.20986e-06;4.3958e-08;1.62225e-06;1.17469e-06;5.26111e-07;1.46589e-05;6.2145e-09;1.87005e-05;5.65674e-05;0.00022603
2.07448e-07;1.60371e-08;0.998565;1.92094e-09;8.14181e-09;2.42648e-08;1.90702e-08;1.22696e-09;5.24542e-08;4.65547e-09;1.56757e-09;0.00143468;1.14386e-08;2.11763e-10
2.02882e-06;0.00071941;1.73763e-05;9.06256e-08;1.6946e-06;3.01629e-08;8.1046e-07;0.998758;9.80337e-05;2.45018e-07;2.21073e-05;0.000127201;0.000102268;0.000150428
3.80257e-08;0.985987;8.50904e-12;3.14794e-07;7.00977e-08;4.81634e-08;0.000372638;1.60793e-08;1.963e-06;5.672e-05;4.68573e-06;6.65305e-08;1.16182e-07;0.0135759
3.72417e-05;0.000491897;6.05751e-07;6.84338e-06;1.72758e-07;2.14286e-08;0.581271;4.64503e-05;0.358743;1.13557e-06;0.0591717;7.30773e-08;0.000229758;3.12128e-10
0.000119474;0.998908;2.07246e-06;4.32523e-06;1.16926e-05;7.8733e-07;1.27675e-07;0.000136135;4.42058e-06;3.1882e-07;5.34333e-08;4.3194e-06;0.000406551;0.000402252
1.25251e-05;0.981837;6.43803e-09;2.36135e-07;6.48312e-07;4.72492e-08;0.000173215;7.00113e-05;7.13924e-08;0.000507067;1.16736e-08;2.36689e-06;6.1371e-06;0.0173904
2.80279e-12;2.85006e-15;1;3.41969e-11;1.54431e-10;3.01848e-10;1.62781e-11;4.06995e-15;1.5361e-11;4.19769e-11;4.06977e-12;7.54314e-09;5.05017e-16;5.12889e-11
0.000167243;0.0060938;1.76847e-05;1.79667e-06;5.05711e-05;4.45335e-05;1.97866e-06;0.00710573;0.000190032;1.28384e-07;7.18047e-05;0.000862824;0.985372;1.93647e-05
1.51848e-06;0.959304;3.3891e-07;7.72494e-06;0.00010111;0.000243441;0.000291714;0.000190837;8.36763e-06;0.000393539;8.13304e-07;1.32323e-05;0.0038837;0.0355595
4.07238e-12;1.7412e-11;1;5.61411e-13;1.57975e-11;1.75828e-12;3.54339e-11;3.57829e-13;4.33813e-13;9.67543e-13;9.24504e-13;2.99844e-08;1.86428e-14;1.81853e-12
0.00010751;0.943323;1.26168e-05;1.44644e-05;1.0707e-05;3.23872e-05;0.00255281;0.00171246;0.007147;6.93199e-06;0.00790176;0.000104742;0.0369907;8.2959e-05
7.77465e-06;0.99966;5.51357e-06;2.35084e-06;1.46336e-06;2.76494e-08;1.07472e-06;8.14961e-06;1.06291e-05;2.21618e-07;1.35561e-05;0.000135185;0.000150288;3.94299e-06
4.26119e-07;0.999888;5.40851e-12;9.60198e-09;2.90111e-07;1.7459e-10;2.47641e-08;6.85493e-05;2.66868e-07;2.339e-09;2.7524e-08;1.28781e-06;4.08029e-05;1.48204e-08
4.85464e-07;9.79136e-05;8.05192e-05;1.03074e-06;7.67593e-06;3.05294e-05;2.26228e-09;5.74553e-05;3.9998e-09;7.65455e-07;8.12937e-09;0.999712;6.28593e-06;5.16374e-06
9.40692e-06;0.002257;7.49783e-11;1.58423e-07;1.065e-06;1.22898e-06;2.77351e-07;0.000145242;5.69166e-07;6.48188e-09;2.3576e-06;1.62516e-05;0.997566;1.46145e-07
6.80072e-06;0.00021397;2.71031e-06;3.80487e-06;2.02851e-05;3.39964e-06;1.2039e-08;5.29528e-05;7.03637e-07;1.72215e-07;5.44198e-07;0.997509;0.00205927;0.000126634
1.98687e-05;0.00138783;8.52826e-09;1.954e-08;2.7956e-08;1.23754e-08;8.54892e-08;0.99803;1.69952e-05;3.47735e-09;6.05394e-07;2.55502e-08;0.000544437;1.52387e-08
1.33843e-07;7.06308e-05;2.82619e-06;1.85506e-05;0.000697057;2.55927e-05;2.71276e-11;4.9293e-06;2.20854e-07;7.76865e-09;8.71073e-08;0.920564;1.50467e-06;0.0786142
3.18438e-07;0.999882;2.44369e-11;1.35299e-09;1.70025e-09;3.10806e-11;0.00010392;7.78047e-06;8.0159e-09;2.91376e-07;8.24416e-09;1.31183e-13;3.15222e-06;2.46962e-06
4.97108e-12;4.44943e-12;1;2.98991e-10;1.794e-08;1.93044e-09;3.00165e-11;3.25026e-13;5.48519e-13;4.89706e-11;1.29774e-12;1.12142e-07;3.11039e-14;1.08673e-08
1.31493e-07;0.999615;1.85087e-08;2.68955e-05;1.34919e-06;9.12201e-07;1.07755e-06;7.16816e-06;9.92513e-07;2.031e-08;1.82265e-06;6.80651e-07;0.000337246;6.5278e-06
2.75169e-06;0.0465504;9.91331e-07;1.65322e-05;0.00132289;0.0131493;2.81352e-07;0.924845;8.71962e-06;9.27341e-06;1.82501e-05;0.000357174;0.000816074;0.0129026
1.26713e-06;0.000605448;3.96352e-10;1.17495e-05;5.84993e-05;0.000517516;5.3756e-06;6.2975e-05;2.83566e-06;2.41786e-06;0.000123739;0.0010194;0.997544;4.44767e-05
0.00142575;0.000752795;1.6051e-05;1.02482e-05;1.38528e-05;2.81016e-06;3.32221e-06;5.55171e-05;0.000110489;1.82081e-06;0.000171963;0.996633;0.00079687;5.84093e-06
6.39165e-08;0.999999;8.70532e-12;2.01338e-11;3.38149e-13;1.76828e-12;5.46855e-09;2.43751e-10;2.29317e-10;4.15148e-11;2.46633e-09;1.3036e-07;4.81375e-07;2.49148e-11
5.00372e-06;0.933837;1.70327e-09;8.89983e-07;0.000282161;5.9942e-06;0.00314085;0.0285227;5.43993e-06;0.0001526;9.31548e-08;0.000115476;6.15578e-06;0.0339254
7.16512e-09;1.29666e-08;0.999994;5.39555e-08;4.89935e-09;2.62953e-09;8.22208e-08;2.69732e-08;5.68135e-08;1.47937e-09;3.13831e-06;2.24113e-06;6.67252e-08;1.19662e-10
0.000375921;0.513351;1.87728e-05;5.57742e-07;0.000102267;9.73328e-07;2.19472e-05;0.479702;1.24173e-05;5.90829e-07;4.24351e-05;1.95765e-05;0.00522947;0.00112176
2.47399e-06;0.131505;2.72667e-06;5.84321e-05;0.00217233;0.000563066;2.03108e-07;0.00151848;0.000117589;6.43846e-07;0.00170786;0.846778;0.0106582;0.00491433
0.000159029;0.891714;2.08934e-06;4.86496e-07;3.5465e-06;1.34695e-07;3.59645e-07;0.000734022;7.79637e-06;9.41832e-07;3.68523e-05;0.00342774;0.103903;9.57368e-06
0.000283103;0.266624;3.48649e-05;3.47847e-06;0.0326574;0.000454976;3.03973e-05;0.16406;0.000288924;3.14745e-05;6.39067e-05;0.029909;0.00492483;0.500633
8.02523e-05;0.286267;7.75256e-07;0.00058172;0.0158278;0.000554489;1.00298e-05;0.0162633;0.666192;0.000290892;0.00159669;0.000488573;0.00475974;0.00708698
0.0209289;0.104579;8.69392e-07;9.07297e-05;7.49034e-08;3.07323e-07;0.0177792;3.23585e-05;0.826268;0.000177843;0.0299027;0.000132201;0.000102386;6.12916e-06
0.000138877;0.993363;0.000281272;4.81008e-06;6.24367e-07;7.15771e-07;2.88961e-07;1.46106e-06;2.70049e-06;4.52267e-07;1.50164e-07;0.00618745;1.38817e-07;1.75703e-05
1.10713e-06;0.000776561;3.00879e-13;1.99941e-09;2.8432e-06;5.90446e-07;1.25051e-07;0.000106024;6.24782e-09;6.34491e-09;3.85393e-09;1.58577e-08;0.999088;2.43447e-05
7.93748e-09;0.000588384;3.7953e-09;6.97091e-07;8.08621e-06;5.65548e-06;1.89106e-11;6.01744e-07;2.01077e-07;2.49238e-09;5.05209e-08;0.995113;8.29445e-06;0.00427501
4.22623e-05;0.0158886;1.30421e-08;6.96524e-06;1.38711e-05;1.6771e-06;4.53497e-06;0.0007822;5.13487e-05;1.18207e-07;0.000343298;0.000244334;0.982613;7.52302e-06
0.000135001;0.00135274;0.000376695;5.94533e-06;1.59106e-05;7.78909e-06;1.01104e-07;0.000153839;8.83349e-06;9.09481e-08;8.96808e-06;0.983708;0.0138876;0.000338874
0.000130059;0.762362;2.17171e-05;1.28021e-05;0.00139882;0.000772517;1.53369e-06;0.0601407;7.85615e-06;2.63675e-05;7.70735e-06;0.000608336;0.142605;0.0319047
1.91052e-06;0.220026;0.0921932;0.00016158;8.26329e-05;0.000769302;3.61082e-07;0.000141496;3.48079e-06;2.03259e-05;8.84319e-05;0.6794;0.0050014;0.00211064
3.19027e-07;0.90944;3.97053e-10;1.79221e-06;2.14752e-07;1.77404e-07;0.0810678;7.90409e-06;4.65394e-06;0.00316483;7.01036e-06;2.27452e-09;3.1573e-06;0.00630214
2.83835e-05;1.85375e-05;0.969527;1.66432e-05;2.30805e-07;2.13813e-06;0.00992017;8.07183e-06;0.00112708;3.81911e-06;0.019308;1.70855e-05;2.29025e-05;3.52888e-09
2.9044e-06;0.999523;4.86565e-10;4.44508e-10;3.33771e-11;3.42806e-10;2.2988e-06;3.21464e-07;3.70282e-08;4.10055e-10;1.96768e-08;4.91342e-09;0.000471096;1.74176e-09
3.67285e-10;8.10916e-07;3.49205e-10;1.27715e-09;1.53897e-07;9.23395e-07;2.76574e-13;1.09812e-06;1.3241e-08;2.73337e-12;3.08393e-10;0.999997;1.47289e-07;2.36838e-07
5.31231e-06;0.903441;1.14483e-09;1.65865e-08;3.86061e-08;1.78364e-07;5.07234e-09;7.03219e-06;3.40255e-08;8.55435e-10;1.84428e-08;0.000204295;0.0963417;7.82817e-07
3.06879e-05;0.510613;8.74778e-07;1.7983e-06;0.000327629;7.74948e-05;9.46929e-08;0.0972859;3.7034e-05;9.7287e-07;1.07805e-06;0.239746;0.150295;0.00158215
3.35236e-06;0.00445482;7.62932e-07;5.64713e-05;5.88829e-06;0.077803;2.01798e-06;1.82559e-05;1.07349e-05;2.26059e-05;4.60438e-06;0.0005053;0.917019;9.31448e-05
2.29558e-05;0.0177038;0.84155;0.000219802;2.36933e-06;8.93051e-06;0.000919594;4.00221e-07;2.21516e-07;0.000850371;2.78758e-06;0.138585;9.04221e-05;4.39253e-05
2.25214e-09;5.1618e-08;0.999999;4.08219e-09;3.95776e-11;1.49493e-09;6.41764e-07;5.13072e-11;2.98976e-09;5.8779e-10;1.47057e-08;1.66968e-07;3.14905e-10;4.61175e-12
1.63288e-05;0.800431;2.28007e-07;5.986e-07;3.16529e-09;1.15969e-06;6.55476e-05;1.78695e-05;2.92193e-06;2.3428e-07;7.39836e-05;0.000908468;0.198481;1.35753e-08
3.65617e-06;0.0383022;1.48642e-08;3.5366e-05;9.63454e-06;0.000682281;1.55468e-06;0.000547749;3.50433e-05;1.02565e-06;0.000128625;0.801504;0.157562;0.00118667
1.09233e-05;0.235609;7.20093e-08;0.000492017;0.00296862;0.00046186;3.3166e-06;0.708561;1.28794e-05;6.81792e-05;0.000116297;0.0135528;0.000499946;0.0376427
1.96556e-05;0.459395;0.00123391;3.09141e-06;2.58956e-08;7.41496e-09;4.31433e-05;0.000997018;2.51269e-07;1.50339e-06;2.62963e-05;0.536377;0.00190237;1.14227e-06
9.08707e-05;0.0752154;1.59057e-08;1.40227e-05;4.57846e-05;5.76264e-05;4.21008e-06;0.0162148;3.22086e-05;3.58095e-06;0.000382677;0.52249;0.385437;1.21108e-05
5.89029e-06;0.0146163;9.13406e-11;3.53763e-07;3.0914e-07;6.49125e-07;5.71301e-07;9.57415e-06;8.18367e-07;2.79755e-08;2.56737e-06;1.11153e-05;0.985352;2.35002e-07
5.52745e-05;0.010778;2.68548e-07;2.15291e-06;7.4793e-08;1.0401e-06;1.27777e-07;1.51134e-05;3.21773e-06;1.14924e-07;1.70172e-06;0.987133;0.00198694;2.27907e-05
2.71138e-05;0.973303;0.0036891;2.06224e-05;0.000103991;1.17509e-06;8.84993e-07;9.48443e-06;6.413e-09;3.80337e-07;4.16398e-08;0.00595444;0.0154249;0.0014646
6.56022e-06;0.249615;3.2047e-08;4.82195e-07;0.00124009;1.47944e-05;3.55791e-07;0.261051;7.67277e-08;8.11277e-06;6.31717e-08;0.000227469;0.477193;0.0106426
1.95951e-05;0.016815;7.91406e-09;0.000278559;0.00316016;0.0628163;0.000369426;0.00279112;0.00384482;0.000137116;0.000193505;0.00857307;0.891278;0.00972296
1.38569e-05;0.00232765;0.996828;6.15723e-06;1.2706e-06;1.19972e-07;0.000485871;1.38463e-08;1.92063e-06;0.000114838;6.76793e-06;0.000202237;1.02725e-05;5.99461e-07
3.06463e-09;4.71243e-11;0.999999;3.03451e-10;8.03177e-11;6.99776e-11;6.56472e-08;6.63868e-12;3.97081e-09;1.65792e-10;2.27228e-08;5.63898e-07;1.19815e-09;4.0613e-14
6.96905e-05;0.535854;1.44622e-05;7.16793e-06;3.98048e-07;2.99239e-06;2.18636e-05;0.223363;0.00197887;9.35634e-07;0.00998085;0.00871042;0.219996;1.38417e-08
