4.28303e-07;0.999804;3.16631e-06;4.25712e-07;7.57068e-07;8.34376e-09;3.00428e-09;1.83673e-05;1.03444e-08;1.12249e-08;1.72394e-08;0.000165731;4.12708e-06;2.43944e-06
4.23704e-05;3.45207e-05;1.34507e-08;2.12789e-07;2.10995e-06;3.4185e-07;1.37817e-06;0.999801;0.000101153;2.4004e-07;2.94729e-06;2.71553e-08;2.06371e-06;1.14358e-05
5.68963e-05;0.288088;2.45932e-06;9.54387e-06;3.37271e-05;3.04694e-07;0.00101687;0.707788;0.00249082;1.13092e-05;2.87728e-05;0.000277212;0.000107801;8.83739e-05
2.42332e-10;1.05096e-08;1;1.03164e-10;5.55961e-12;1.03153e-12;5.34866e-09;5.56033e-12;5.88488e-10;7.56353e-12;1.13207e-10;1.55045e-08;6.71517e-12;4.15561e-13
9.22641e-06;0.933403;1.96672e-05;2.26683e-06;7.50768e-05;8.08142e-07;1.0205e-06;0.000161267;2.8493e-05;2.54277e-08;0.000145947;0.0419973;0.0221485;0.00200765
3.59275e-06;0.149108;3.20833e-05;3.73353e-05;0.0169961;0.000725391;4.87469e-09;0.602979;1.36274e-06;9.02055e-06;6.88037e-06;0.00152605;0.00527993;0.223295
5.55822e-08;0.00150776;3.78325e-09;6.97192e-07;1.57683e-08;0.00027837;1.76929e-06;6.75148e-07;3.32432e-07;1.00433e-06;4.74684e-05;3.55149e-06;0.998157;9.67724e-07
3.96423e-08;1.08118e-05;0.993688;1.00952e-06;9.8922e-08;2.01138e-07;7.88818e-06;5.39469e-09;4.41635e-09;1.81769e-05;8.35492e-07;0.00626763;1.42885e-06;3.28393e-06
3.49797e-08;2.54193e-09;0.999995;1.06066e-08;4.06293e-09;2.11408e-08;5.22528e-07;4.28558e-09;1.93552e-07;3.90359e-09;3.56025e-06;3.91305e-07;2.06558e-08;6.07551e-10
1.37186e-06;0.999569;1.58956e-07;9.55917e-09;4.70306e-09;8.89958e-09;0.000312977;4.28506e-06;4.29856e-08;2.36472e-05;1.15958e-06;1.48591e-08;4.75591e-05;3.99526e-05
2.83334e-12;1.93318e-12;0.999999;2.08475e-10;4.90196e-10;2.93817e-09;1.59323e-10;4.78737e-14;1.59226e-11;2.31314e-10;1.41482e-10;5.43447e-07;3.24208e-13;9.97349e-12
3.59569e-06;0.359429;2.48226e-08;1.06185e-08;1.59114e-09;1.38164e-08;1.52763e-05;5.35317e-06;5.00537e-07;2.44681e-08;1.19966e-06;2.52764e-06;0.640543;1.58057e-09
1.70015e-07;0.0412969;4.39873e-05;1.86283e-06;0.000131847;3.0999e-05;1.09779e-07;0.000269023;4.53492e-07;3.97287e-08;2.05616e-07;0.957104;0.000247404;0.000873445
1.03543e-05;0.759724;1.70516e-05;5.15716e-05;0.00723654;7.31343e-05;5.72855e-07;0.21899;1.86801e-05;5.32024e-06;1.24026e-05;3.54394e-05;0.00229824;0.0115266
3.96571e-06;0.988696;5.51857e-12;3.86361e-06;3.96868e-07;2.45673e-06;2.42689e-08;5.80385e-06;1.65446e-05;6.12935e-08;3.21455e-06;0.00390889;0.00735622;3.02234e-06
0.00110914;0.00282988;3.01394e-08;1.03592e-06;8.94606e-08;9.58298e-07;1.86915e-06;0.995806;0.000235849;5.88746e-07;6.16497e-06;8.11912e-08;7.62327e-06;1.51231e-07
1.20485e-08;0.999671;2.26643e-11;2.16435e-09;1.63785e-09;1.72271e-09;3.03261e-09;2.34075e-09;3.50739e-10;1.34214e-07;6.42369e-11;9.27515e-11;6.28904e-09;0.00032843
1.94975e-06;1.32459e-07;0.999975;9.24636e-08;2.20547e-06;3.34997e-06;4.52058e-06;4.89784e-06;1.18861e-06;2.72289e-06;1.76683e-06;4.43796e-08;3.07041e-08;1.86639e-06
2.33573e-09;1.09423e-08;1;3.49413e-10;6.44255e-10;1.67723e-10;2.49935e-09;1.96547e-09;6.31923e-10;1.21709e-11;2.66794e-10;3.85736e-10;4.70251e-11;1.98112e-11
1.65219e-07;1.5364e-06;0.999291;6.7038e-09;1.92143e-08;3.71458e-08;2.33836e-10;1.15188e-05;1.13091e-08;2.8543e-09;5.60505e-10;0.00069588;2.09144e-08;3.46053e-07
1.7659e-07;0.00115342;2.11355e-05;4.19221e-07;0.000903684;0.0153626;1.29009e-08;4.3638e-07;3.80178e-08;6.92457e-07;4.76672e-09;1.41423e-07;1.11735e-05;0.982546
1.27612e-05;0.180649;3.93125e-06;3.97544e-06;0.110317;0.00833714;6.06059e-08;0.00703136;8.68232e-06;2.60481e-07;2.14603e-06;0.104133;0.581861;0.00763928
0.000397633;0.0124928;0.735851;7.53878e-06;0.00615153;2.32358e-06;2.02719e-08;0.244282;5.74337e-07;7.66982e-07;1.55608e-08;8.91133e-06;0.00067778;0.00012759
0.000995129;0.00092311;0.012455;8.00509e-05;0.00506832;0.00106048;6.51304e-08;0.238219;0.00216633;5.40729e-07;6.57287e-05;0.737568;0.00139436;4.34032e-06
1.07611e-05;0.914708;4.35786e-08;1.11854e-07;2.67391e-06;2.71362e-06;2.08974e-09;4.19439e-05;4.88457e-08;4.02933e-08;1.30531e-08;0.00508624;0.0800688;7.89376e-05
1.37697e-07;0.999885;5.71501e-09;2.27156e-08;1.66016e-08;8.88982e-09;1.48715e-05;1.79659e-05;1.62395e-08;1.52081e-05;5.66488e-09;3.44898e-06;1.85223e-07;6.35392e-05
2.53566e-08;2.59953e-06;0.999991;1.48036e-07;4.97682e-06;2.42645e-07;3.49107e-07;2.23318e-07;5.53627e-08;1.9891e-08;1.49763e-08;7.62641e-07;3.61866e-08;5.04424e-08
1.91546e-05;0.998691;1.00832e-08;2.38317e-08;1.17895e-08;1.32525e-08;2.58534e-07;2.01271e-06;1.4755e-07;2.23191e-09;1.62909e-08;1.67853e-06;0.00128561;2.27614e-08
2.38576e-05;0.0316815;9.08067e-08;2.47085e-07;0.000189191;1.87157e-08;2.52445e-07;0.207743;1.90807e-05;4.51277e-08;1.20588e-06;0.76031;2.4841e-05;6.06409e-06
3.85386e-05;0.170405;0.0813265;0.000314932;0.0389793;0.00170853;6.33929e-07;0.000817204;2.12129e-07;3.20861e-06;2.93264e-07;0.139276;0.565292;0.00183708
0.00023941;0.252932;1.55886e-06;0.00018704;7.42535e-05;0.00188471;5.97542e-05;0.11363;0.00447285;2.04624e-06;0.000729605;0.0464401;0.0241455;0.555202
4.52707e-07;0.16346;1.82304e-10;2.45706e-08;1.01312e-05;1.19603e-07;5.53438e-09;0.0150189;4.12961e-08;1.79494e-09;9.11812e-08;1.86051e-07;0.821507;2.91339e-06
3.50453e-08;0.000194968;7.11914e-08;2.14746e-09;1.3577e-08;4.28403e-10;6.91896e-11;4.54547e-07;5.77399e-09;1.80202e-10;2.10303e-09;0.997415;0.00238944;3.1499e-07
8.5435e-06;0.701798;2.87821e-09;4.36434e-05;6.03559e-05;0.00014779;3.26555e-06;0.000659143;0.000101972;1.8144e-06;0.000204409;0.000355129;0.296389;0.000226779
3.96833e-06;0.0218597;4.07322e-07;1.83144e-07;2.40075e-06;2.62089e-08;3.12024e-07;0.977227;3.26056e-07;3.25884e-07;4.33079e-06;0.000830576;4.53455e-06;6.59082e-05
4.84927e-07;0.00285307;0.993506;4.61612e-05;0.000511156;0.000156805;3.19841e-07;3.7283e-07;2.07479e-09;3.31652e-06;2.10485e-06;0.000309033;0.00177386;0.000837096
0.000972538;0.460673;6.43525e-05;0.000170315;3.73974e-05;0.00089633;0.00428097;0.0143287;0.0717322;1.48577e-06;0.186112;0.00290503;0.2564;0.00142559
0.000101513;0.0142167;2.63004e-07;1.31546e-07;0.000403494;3.03006e-05;1.04341e-08;0.981306;4.05475e-07;1.2293e-07;4.15346e-08;0.000188644;0.00328065;0.000472171
7.77931e-06;0.983187;5.80284e-06;6.22749e-06;0.000383329;0.00296707;1.3439e-05;0.00206436;2.92095e-05;1.1474e-05;7.26253e-06;0.000350358;0.00288355;0.00808344
1.12588e-09;2.92153e-09;0.999999;2.26954e-10;8.16436e-09;5.44689e-11;4.22296e-09;5.30439e-12;8.4886e-11;2.93453e-10;1.28082e-10;8.9448e-07;2.53675e-10;1.27232e-10
2.64787e-06;0.000148598;0.998402;4.84539e-08;2.5556e-07;3.39465e-07;1.15763e-06;4.8416e-05;3.6371e-06;5.20335e-07;7.59199e-07;0.00138717;3.88303e-06;4.42473e-07
4.5998e-07;7.01002e-05;1.1422e-06;3.01891e-07;0.00438174;0.0369664;4.6779e-08;1.05244e-07;4.10669e-06;4.31968e-07;1.29994e-06;8.98004e-07;5.56984e-07;0.958572
0.000316979;0.222459;0.00103601;4.33975e-06;0.00155676;2.24031e-05;3.66127e-09;0.000634586;1.27181e-05;9.00237e-07;9.67965e-07;0.764907;0.00686481;0.00218394
1.63277e-05;0.03539;2.78009e-08;1.85891e-07;7.2411e-05;9.54516e-07;3.22836e-08;0.960361;7.05099e-06;1.03181e-08;1.96942e-06;0.00198552;0.00216449;2.24145e-08
2.10634e-06;0.011068;1.31466e-07;2.44477e-06;0.00118646;2.57449e-05;6.29374e-09;0.974829;5.14987e-07;8.8166e-07;2.74527e-07;0.000187071;0.00176598;0.0109313
5.91446e-06;0.00359454;1.21909e-07;1.88243e-05;4.42535e-05;8.03984e-05;3.20242e-05;1.04331e-05;1.6362e-06;0.000504901;3.56153e-06;6.083e-06;2.22861e-05;0.995675
3.04838e-08;1.18141e-08;0.99999;8.35675e-08;6.14881e-10;7.67496e-09;9.86364e-06;2.67743e-12;6.25772e-08;2.64099e-08;3.21795e-07;1.15648e-07;2.01112e-09;2.13878e-10
0.000114253;0.38449;0.000271869;4.82526e-07;9.42872e-08;1.02118e-08;5.17115e-05;0.00286776;3.12335e-05;3.02937e-08;2.18449e-05;0.587775;0.0243764;2.16809e-08
1.16515e-06;0.596581;3.60107e-08;0.000737705;0.0165131;0.000125201;1.26711e-06;0.0524487;5.53901e-05;0.000176555;1.05098e-05;0.00033333;0.0155728;0.317444
2.15012e-05;0.0173245;5.85032e-07;0.000144201;1.36332e-06;0.000681281;0.000345267;2.90617e-08;6.99741e-05;0.000258439;0.000115064;5.32501e-05;0.980679;0.000305919
3.80789e-05;0.000621542;0.995537;8.21614e-06;5.67792e-07;4.83564e-07;0.00117183;3.57351e-08;1.20385e-06;0.000253796;8.92721e-06;0.00232682;1.95088e-05;1.17785e-05
6.20177e-09;2.56705e-10;0.999998;7.31903e-10;1.43661e-09;1.81695e-10;3.06301e-07;4.28014e-12;8.93978e-08;4.85117e-10;2.70618e-08;1.50207e-06;2.72027e-10;1.41292e-11
1.16831e-07;0.000132496;3.12861e-08;6.98403e-11;1.25053e-07;4.31025e-10;4.95934e-10;0.999864;9.91986e-09;3.39649e-10;2.45274e-09;5.63419e-07;2.41623e-06;1.30531e-07
3.83605e-07;0.963862;0.00689872;1.82654e-06;0.00115159;0.000571469;2.08808e-06;0.0160694;6.45302e-07;9.78747e-06;7.41156e-07;0.00356529;0.00066339;0.00720251
7.67959e-11;3.34678e-08;1;6.53188e-11;7.51888e-10;7.27113e-12;2.04963e-09;2.7012e-11;6.65635e-12;3.55376e-11;3.03644e-11;1.18987e-09;7.61088e-10;8.72249e-11
1.1051e-06;4.55851e-05;0.000255328;3.10253e-07;4.00611e-05;5.93654e-07;2.7515e-08;4.37063e-05;7.06271e-06;4.65147e-08;4.28887e-06;0.999551;6.22404e-06;4.47567e-05
1.20631e-05;0.975609;3.65197e-08;4.93558e-07;1.55184e-05;2.64598e-05;4.60288e-06;0.000728434;1.23547e-05;1.23591e-06;5.88593e-06;8.38253e-06;0.0231539;0.000421539
7.413e-05;8.39305e-05;8.25591e-07;0.000327851;0.979472;0.000481735;2.24751e-06;0.00131762;0.000201916;5.71757e-05;1.28269e-06;0.000805626;1.76207e-06;0.0171716
9.3336e-05;0.999826;2.15989e-05;1.99402e-06;1.01669e-05;3.24936e-07;3.12754e-09;2.51193e-06;9.30397e-10;1.32514e-07;1.80975e-10;7.51454e-07;3.59743e-05;6.73329e-06
1.82273e-05;0.136286;2.73496e-08;2.6728e-06;1.26916e-06;6.31755e-06;4.61041e-07;0.00108864;2.76754e-06;3.3161e-07;9.45594e-07;0.0214532;0.841136;3.53504e-06
2.37401e-06;0.0985711;0.84298;0.000529479;0.0119103;7.67775e-06;1.71121e-07;0.00408383;2.29145e-09;3.20364e-05;9.3861e-09;0.0032623;2.99673e-05;0.0385908
8.59947e-06;0.013145;2.1757e-09;1.07878e-05;3.14842e-06;0.000107649;3.18494e-05;3.73702e-06;0.000276593;5.85394e-07;9.06729e-05;1.25061e-05;0.986304;5.00508e-06
5.8437e-05;0.169123;0.766289;8.5276e-06;6.64509e-07;9.15175e-07;1.28103e-07;0.000103465;1.47331e-07;2.83301e-06;1.09177e-07;0.0643814;8.42873e-06;2.35166e-05
1.2615e-07;0.986087;4.87938e-10;6.60759e-08;1.53883e-06;1.30449e-06;1.64388e-09;0.000127691;1.35225e-08;9.47233e-10;1.72971e-08;8.75036e-05;0.0136872;7.82887e-06
1.62069e-06;0.970383;3.52222e-06;4.56184e-05;0.00139863;0.000840572;2.29787e-08;0.00372292;9.53762e-07;7.87153e-06;2.00854e-06;0.00114014;0.00302548;0.0194276
1.88791e-07;0.00047375;8.54036e-09;7.87854e-06;0.0118;0.301361;4.11117e-08;0.000139974;1.81876e-07;1.10522e-05;1.33388e-07;0.000213269;0.000490729;0.685502
1.39251e-05;0.948598;1.82e-07;7.04459e-07;8.688e-09;1.6882e-07;0.0499392;4.19394e-05;3.30009e-06;0.00103693;5.39001e-06;2.59401e-08;0.000144236;0.000216207
1.71373e-10;2.36619e-09;1;1.24531e-09;1.42867e-09;6.50661e-10;2.3515e-08;2.78634e-13;1.76901e-10;2.9593e-09;6.26493e-10;2.66937e-07;1.49106e-11;2.81252e-11
2.59608e-07;0.00114302;0.998807;9.69763e-08;2.52923e-07;1.24836e-09;6.97705e-08;1.13176e-06;6.551e-09;3.81756e-08;9.60202e-08;4.68659e-05;8.23189e-07;7.02784e-08
8.16106e-06;0.602688;2.34939e-09;8.4797e-07;1.74292e-05;4.18762e-06;5.59451e-07;0.15511;2.10233e-07;3.29286e-07;1.1199e-05;0.00111592;0.241037;6.18375e-06
5.53052e-07;0.0740767;1.31902e-08;3.33374e-06;8.02199e-07;1.79946e-06;0.714072;4.01571e-07;4.81385e-07;0.00943727;2.67496e-05;3.1313e-08;7.02496e-06;0.202373
5.9916e-11;1.08015e-12;1;8.65473e-11;2.07041e-10;8.78389e-13;4.8385e-07;6.95498e-14;6.96144e-11;4.12433e-09;1.04408e-09;1.80773e-09;6.36412e-14;2.07298e-12
1.33793e-05;0.970235;3.09902e-07;7.71524e-07;1.12383e-06;9.46514e-08;0.0281911;0.000732584;6.072e-05;0.000268176;1.5134e-05;2.63436e-09;4.31218e-06;0.000477862
4.1568e-13;2.15382e-11;1;3.77057e-13;6.23701e-13;1.80246e-13;1.48423e-11;5.80394e-16;6.20712e-14;3.59894e-12;2.59231e-14;2.34757e-10;1.01718e-14;6.65665e-13
6.56958e-06;0.0297151;3.54129e-06;2.84781e-06;5.84584e-05;1.28592e-05;1.95729e-06;0.000366002;2.28902e-05;6.26326e-07;2.35672e-05;0.956947;0.0122758;0.000562685
5.32931e-06;0.178194;7.23589e-10;2.16113e-06;5.66865e-05;4.26106e-05;2.58734e-07;0.410241;3.08483e-06;1.35804e-07;1.26846e-06;0.000147737;0.410744;0.000561138
3.2885e-06;0.151903;8.71936e-05;3.64957e-06;0.00187727;0.000353422;5.84627e-08;0.00505717;1.93256e-07;4.96526e-07;2.3915e-07;0.830214;0.00303828;0.00746228
2.07757e-08;0.999306;1.51051e-09;1.03648e-08;2.10233e-08;2.79604e-08;1.3708e-05;5.48532e-05;1.15318e-08;1.28748e-06;3.96307e-10;9.99341e-11;8.7204e-07;0.000623124
4.83099e-11;7.53625e-11;1;3.20413e-11;6.24753e-11;6.85938e-12;1.09126e-10;5.77444e-13;7.27158e-11;5.29361e-12;3.02882e-11;6.1421e-08;3.40661e-12;1.19819e-11
3.52048e-05;0.97813;1.61788e-06;2.54606e-07;7.2489e-07;3.20859e-08;2.16401e-06;0.0161091;1.97946e-05;6.99754e-07;9.4221e-06;5.34316e-05;0.00563495;2.24428e-06
1.16174e-05;0.979526;6.21482e-06;7.80309e-07;5.7821e-06;1.53755e-05;0.000276986;0.00878595;2.66889e-06;8.18929e-05;1.02478e-05;1.39869e-05;0.0112164;4.68966e-05
9.80026e-11;7.05004e-10;1;1.60686e-09;9.33592e-09;7.63253e-12;2.21717e-08;2.20761e-12;5.19685e-11;1.47825e-09;1.90582e-11;1.49059e-09;5.79466e-11;4.50055e-10
1.5861e-05;3.01451e-05;0.998504;3.02298e-06;9.20504e-07;1.95904e-07;2.66479e-06;1.72004e-05;7.15558e-05;1.16539e-07;2.75438e-06;0.00135049;4.61878e-07;7.46045e-07
8.52977e-07;0.00900088;1.76754e-08;5.59581e-09;2.08118e-05;1.1676e-05;2.99815e-07;4.11436e-08;2.03914e-08;9.84663e-07;5.2656e-10;1.35839e-11;6.22066e-09;0.990964
6.3043e-11;4.82085e-12;1;6.45957e-12;1.13369e-07;1.54803e-09;1.49538e-12;8.52793e-14;8.61324e-13;1.19701e-11;2.5552e-14;2.07188e-09;3.13164e-15;4.44299e-08
2.41509e-07;4.03261e-06;3.57577e-07;4.03772e-09;6.76757e-05;1.1614e-07;1.20817e-12;0.999792;6.05704e-09;4.9187e-11;5.31637e-11;5.74698e-05;7.70632e-05;1.32103e-06
1.78042e-08;3.52419e-05;3.3426e-10;2.2859e-10;0.000291883;4.54129e-09;1.81126e-11;0.999668;4.16661e-09;3.20665e-10;5.0907e-11;1.44182e-08;4.86289e-06;1.38492e-08
2.58731e-08;4.53614e-07;0.999974;9.60054e-07;9.12934e-06;2.26855e-06;6.70181e-10;1.54968e-08;1.93054e-09;2.07315e-07;6.65534e-09;1.19907e-05;1.63659e-07;8.66668e-07
5.94232e-08;0.998881;6.70207e-08;2.4716e-07;5.15606e-08;1.8075e-07;6.66295e-08;0.00106598;3.21162e-07;3.81807e-09;1.81e-07;6.3524e-06;4.42293e-05;9.01627e-07
