6.20395e-07;0.999037;1.99624e-11;4.7863e-09;1.36796e-07;3.31865e-08;4.12762e-06;8.49969e-06;9.20451e-09;1.08554e-06;7.17094e-09;3.56908e-10;1.39215e-05;0.000934711
2.63391e-12;6.34213e-12;1;1.53375e-12;2.67523e-12;1.69891e-12;2.38252e-10;1.079e-14;4.07747e-13;7.01552e-12;5.39433e-13;4.70768e-09;2.4596e-13;2.15376e-12
7.99281e-07;0.000116473;3.19638e-05;1.32662e-05;4.43838e-06;4.77555e-05;3.56275e-06;0.000329707;0.000414462;6.90081e-08;0.000848898;0.996634;0.00147406;8.01725e-05
9.97716e-05;0.601974;0.000208323;3.61193e-05;0.000554877;3.06738e-05;4.86788e-05;0.0545611;0.00054611;9.00224e-06;0.000993374;0.0139447;0.326152;0.000841317
2.22042e-06;0.691481;3.81906e-08;5.14884e-05;0.000404633;0.000918931;1.34438e-08;0.00889732;5.62316e-07;1.65817e-06;9.19052e-07;0.0221938;0.273642;0.00240517
1.98735e-05;0.981225;3.22298e-06;3.14753e-07;1.02978e-08;7.99239e-08;0.01842;1.8098e-06;3.50516e-06;0.000286232;1.0936e-07;4.0438e-07;1.23601e-06;3.78534e-05
2.91669e-11;9.16409e-12;1;2.69312e-11;4.49693e-11;4.92418e-11;2.15215e-10;9.07151e-14;1.27926e-11;7.34821e-12;1.58009e-12;4.72677e-09;5.20677e-14;5.34779e-13
2.79667e-06;0.997049;0.000128151;4.29135e-08;5.57419e-08;6.43226e-09;5.15283e-05;0.00163342;1.35591e-06;5.58388e-08;4.57683e-07;0.000641181;0.000491462;6.53573e-07
2.4616e-08;0.0519753;9.33137e-11;6.12083e-07;8.03786e-07;2.91231e-08;0.0018273;4.37076e-06;9.06648e-07;0.000343202;1.96173e-07;5.91497e-07;2.53325e-07;0.945846
1.90997e-06;2.85599e-05;0.99782;3.04939e-06;2.36545e-07;5.87439e-07;0.00130789;0.000162195;4.56532e-05;1.71198e-06;4.90571e-05;0.000529137;4.95422e-05;1.61605e-07
0.000246625;0.00477176;9.75168e-07;2.17814e-07;1.58328e-07;2.3251e-08;0.000302834;0.992814;0.000313542;4.57307e-07;4.20645e-06;5.72854e-08;0.00154538;1.74179e-07
7.10049e-05;0.965374;2.505e-07;1.37045e-06;1.32037e-05;6.52129e-08;0.0326067;0.000676337;0.000428893;0.000124543;3.80485e-07;0.000156898;8.89942e-05;0.000457869
7.86324e-08;4.0161e-08;0.999988;1.56925e-09;1.22755e-09;1.10695e-10;9.60988e-06;2.96128e-10;8.49052e-07;1.38926e-09;1.8715e-09;1.0914e-06;1.37492e-11;4.98914e-11
0.000437338;0.485695;6.83376e-06;6.92018e-07;1.17929e-06;2.21647e-06;4.00603e-05;1.57217e-05;0.00032465;4.5635e-08;1.32309e-05;0.443095;0.0703582;9.62695e-06
3.88198e-06;0.0386444;7.5141e-10;6.6329e-07;0.00093994;3.63816e-06;1.39065e-07;0.943349;1.89621e-05;2.41011e-07;3.73866e-06;0.0159116;7.67155e-05;0.00104668
8.53387e-08;0.997127;1.20544e-06;2.02719e-07;2.55274e-07;6.56376e-08;0.000155243;3.07987e-08;7.45808e-10;0.000526945;7.81673e-09;4.30297e-08;2.33006e-09;0.00218898
1.40613e-10;8.69559e-11;1;1.86111e-09;4.19021e-09;7.04865e-08;2.11703e-09;2.9503e-11;3.29094e-10;9.52314e-11;2.57744e-10;3.41125e-08;8.60019e-13;8.15373e-09
3.08061e-06;0.989838;1.21379e-07;3.07502e-08;7.13143e-09;2.42651e-06;3.12335e-06;5.41534e-06;4.6238e-07;5.73368e-09;1.87546e-06;0.000234329;0.00990844;2.52993e-06
3.84195e-07;0.00296284;1.38832e-07;6.7235e-07;9.43325e-06;5.37197e-05;9.01741e-09;0.0174001;3.83224e-06;1.98213e-08;6.75271e-06;0.950574;0.0289627;2.52271e-05
5.21112e-06;0.761419;2.80257e-05;0.00101277;9.71519e-05;0.00291675;1.17215e-06;0.00278821;0.00187506;1.0372e-06;0.0138383;0.00325268;0.212174;0.00059063
7.81152e-06;0.928784;4.65684e-05;2.25632e-06;9.6034e-08;1.79674e-06;2.6259e-07;0.00648742;2.0662e-07;2.57724e-07;9.0752e-06;0.00216726;0.0624908;2.39297e-06
1.66896e-07;0.0109193;3.32804e-07;1.20761e-05;0.00213357;6.22992e-06;2.10697e-09;0.00421409;3.81892e-08;4.43093e-08;6.18047e-06;0.980586;0.00211833;3.88853e-06
6.36601e-05;0.767267;0.0704998;0.00178477;0.0020966;1.10216e-05;0.000462628;4.8641e-06;1.05363e-05;0.00420252;0.000164387;9.41257e-06;1.66792e-05;0.153406
0.000127823;0.0372923;8.22104e-09;9.10536e-07;6.26159e-07;2.51472e-06;0.0489203;0.020015;0.389884;8.87113e-07;0.452546;3.13523e-09;0.0512091;5.76771e-09
3.9344e-11;1.75859e-09;1;2.74649e-12;1.66975e-10;1.22098e-11;1.41535e-10;7.13668e-12;4.03431e-12;1.72987e-11;1.68573e-13;2.69913e-09;2.95506e-12;1.72615e-12
3.52011e-07;0.00601116;0.000380094;1.12633e-07;6.80068e-06;8.10443e-08;1.25287e-07;0.00111266;9.12336e-06;4.94432e-08;4.03648e-06;0.992273;0.000183298;1.85508e-05
8.10621e-06;0.634283;1.14997e-06;3.96312e-05;0.0297267;0.00098842;2.03549e-05;0.103514;7.09018e-05;1.62868e-05;0.000197584;0.00477071;0.0667469;0.159616
3.52515e-06;0.0419907;9.36861e-06;3.5884e-05;5.17494e-05;8.13972e-06;7.19716e-07;0.815753;7.59685e-05;2.50388e-06;0.000343053;0.141408;7.06957e-05;0.000246593
0.000284591;0.901845;1.33801e-06;0.000173995;1.62773e-05;6.5873e-05;0.00105591;0.0317761;0.00052819;3.41019e-05;0.0293476;0.0013929;0.0332713;0.000206416
4.03488e-06;0.999391;2.72731e-08;7.58171e-09;1.99776e-09;6.6319e-10;0.000491022;3.29006e-06;6.31398e-09;3.25399e-05;8.82439e-09;2.48823e-07;4.45175e-06;7.28706e-05
9.97124e-12;2.97037e-11;1;4.00834e-10;2.7977e-09;2.86213e-09;3.47627e-11;4.1158e-13;3.65123e-12;1.09329e-10;9.72424e-12;5.74359e-08;4.44176e-12;3.11753e-11
1.8047e-06;0.848329;2.18567e-07;2.09833e-08;2.71649e-09;3.61071e-08;1.38183e-06;1.37206e-06;2.01963e-08;3.72148e-08;1.12367e-07;0.000199192;0.151467;5.32709e-08
2.67385e-07;0.00018834;5.7089e-08;7.74848e-06;0.000142099;7.54304e-05;4.13389e-08;0.000357287;9.02844e-07;8.05491e-08;3.88356e-06;0.998656;0.000494203;7.37947e-05
3.62687e-06;0.955336;3.82977e-09;1.78997e-05;1.23665e-05;4.51808e-05;4.62137e-07;0.000536385;1.60875e-06;1.257e-06;4.37873e-06;1.58258e-05;0.0423129;0.00171181
1.57785e-06;0.99827;2.06815e-08;9.27782e-07;9.13177e-07;6.74635e-08;0.000745385;8.82395e-05;1.60907e-07;8.40502e-05;9.58176e-06;1.6752e-06;0.000188775;0.000608481
2.28373e-10;1.63546e-09;1;1.00233e-08;1.80361e-09;3.03902e-09;4.69974e-07;6.22073e-14;6.86015e-10;1.31331e-09;1.07692e-09;6.01063e-09;1.03734e-11;2.99257e-10
1.48268e-06;0.997907;3.36958e-07;5.90421e-07;5.91861e-08;2.88849e-08;1.30196e-07;0.000496148;9.18905e-07;4.75883e-08;2.37006e-06;0.00153609;1.54934e-05;3.88851e-05
9.22446e-07;0.992836;3.00389e-07;9.23915e-08;3.20404e-07;1.69996e-08;5.09093e-07;8.1741e-05;3.30029e-08;1.09137e-07;2.05189e-07;9.05098e-05;0.00698901;2.19109e-07
1.60442e-07;0.00748953;1.5159e-08;1.41192e-06;2.12509e-05;0.00948044;1.85126e-06;0.000379501;5.88078e-07;2.59656e-06;3.12405e-06;0.000417218;0.981865;0.000337348
2.87523e-06;0.00436873;0.985362;1.23196e-05;3.16017e-05;2.44797e-05;0.000337484;4.84273e-06;5.68589e-07;0.000224103;8.57388e-06;0.00951683;2.66342e-05;7.83619e-05
1.40398e-08;1.38862e-07;0.999996;6.43081e-09;3.19881e-10;1.44322e-08;1.8141e-06;3.49001e-11;1.1768e-07;1.65019e-09;1.03636e-07;1.30744e-06;3.46408e-08;6.94053e-11
5.2784e-06;0.999926;4.14026e-08;3.53341e-09;2.46289e-10;1.22985e-09;1.20219e-05;9.30569e-07;1.21429e-07;4.53152e-09;5.40961e-07;6.6368e-06;4.84329e-05;6.04091e-08
6.80358e-07;0.000121657;1.07585e-08;9.04567e-06;0.00473704;8.97235e-05;1.28705e-07;0.00339091;0.000377124;3.85253e-08;0.000111187;0.99081;2.21684e-05;0.000330286
1.29313e-05;0.0996067;0.0482148;3.1214e-06;2.36017e-05;1.06866e-05;8.64224e-09;3.28441e-06;1.87754e-08;1.18885e-07;2.22328e-07;0.000786682;0.851309;2.84916e-05
2.97899e-05;0.0193975;4.18632e-08;1.22163e-06;0.000171837;9.46298e-07;3.24311e-05;0.979447;0.000433175;1.02798e-06;0.000109993;0.00024793;8.72104e-05;4.03238e-05
9.3122e-06;0.00237744;0.880186;0.00138362;0.0130141;0.00388352;1.13383e-05;0.000110931;2.46082e-06;0.000140665;8.19355e-06;0.0823047;0.00379604;0.0127721
0.000213829;0.261889;1.79177e-07;8.04746e-06;1.3255e-05;0.000131802;2.25154e-05;7.22519e-05;0.000168789;4.57093e-07;0.000349836;1.65266e-06;0.737103;2.51572e-05
2.95852e-05;0.107065;0.873317;1.40182e-06;1.71168e-05;2.79772e-06;1.49896e-07;6.77681e-06;3.35338e-08;1.7882e-06;2.8279e-08;0.0160356;0.000156964;0.00336565
0.000198126;0.0345149;1.29476e-08;1.66768e-06;4.89966e-05;5.94394e-06;4.58086e-06;0.0362465;8.53674e-05;6.84522e-07;0.000737522;0.00360151;0.92454;1.442e-05
1.26599e-05;0.97794;1.50828e-06;4.96669e-08;3.08889e-08;1.25873e-08;0.0200006;3.24972e-07;6.63874e-08;0.00120293;1.31767e-07;2.59777e-05;0.00011607;0.000700277
5.18297e-10;1.58212e-09;0.999994;2.24042e-08;2.80063e-07;7.88863e-08;5.36924e-08;1.33447e-09;8.15657e-09;1.03341e-08;1.65947e-08;5.81097e-06;3.39111e-09;8.63498e-10
7.12958e-07;0.999731;1.01945e-07;3.33985e-06;2.42566e-07;1.72308e-07;5.07901e-07;0.000135814;1.36537e-05;3.14453e-07;3.61863e-05;1.86189e-06;5.56423e-05;2.02211e-05
6.94884e-06;0.271616;6.98245e-07;1.60184e-05;9.41957e-06;4.34722e-07;8.24972e-08;0.00027482;1.60993e-07;8.21527e-07;1.60926e-06;0.720982;0.00705268;3.78528e-05
0.000280676;0.764546;6.54066e-06;6.14535e-06;0.000405521;0.000140823;3.24577e-05;0.000585959;3.95582e-06;1.37589e-05;4.56776e-05;0.000503368;0.00063003;0.232799
7.18782e-07;0.594584;1.71433e-08;2.79102e-08;9.0539e-10;1.57336e-08;0.405227;8.15156e-09;7.57955e-08;0.000171279;4.88147e-07;1.54114e-06;9.81417e-06;5.10987e-06
3.01984e-10;1.15335e-11;0.999999;1.60817e-09;3.27661e-09;1.5935e-09;6.13623e-09;1.32714e-12;2.83956e-09;6.213e-10;1.30302e-10;6.36862e-07;1.35096e-11;3.03324e-10
4.72774e-07;0.000461772;7.93657e-11;1.02629e-09;1.4001e-05;6.25957e-11;9.94763e-10;0.999524;3.32989e-08;3.94627e-10;2.60188e-09;8.8751e-08;1.18271e-07;2.23905e-08
2.78298e-07;1.13517e-05;0.998943;5.08559e-07;8.57486e-05;4.1216e-05;7.1893e-09;6.34494e-06;8.79327e-09;7.33045e-08;1.83675e-08;0.000447382;0.000462162;1.458e-06
3.28783e-07;0.999191;1.56659e-10;1.21848e-09;7.13156e-08;1.10327e-09;0.000730902;5.83261e-05;1.33246e-08;6.20274e-07;1.00095e-08;1.4432e-08;2.89974e-07;1.80491e-05
1.52777e-11;6.90596e-13;1;3.49897e-11;3.96856e-09;5.31664e-11;4.85253e-10;1.02712e-13;7.21698e-11;1.09363e-11;1.87116e-12;1.49369e-09;4.24295e-12;1.44653e-11
5.32981e-05;0.63152;2.46919e-06;1.27721e-07;7.80823e-07;1.77687e-08;3.8858e-07;0.354998;2.06159e-05;1.19431e-07;2.98368e-06;0.000307368;0.0130905;3.43976e-06
7.58326e-06;0.990595;5.06821e-08;1.30607e-05;1.64159e-05;1.77779e-05;0.00173685;2.7476e-05;8.06644e-06;0.000992626;3.6618e-06;0.000122867;0.000313655;0.00614507
1.15896e-08;2.91388e-10;0.999996;2.17865e-08;8.65955e-09;7.53424e-10;3.24803e-07;2.06515e-10;2.90801e-08;2.7125e-09;8.25266e-08;3.36467e-06;8.16293e-11;9.09088e-10
1.14437e-07;0.0127369;2.96238e-10;4.28485e-08;1.19256e-10;1.96394e-10;0.987209;8.53923e-09;7.67446e-07;2.67909e-05;2.49e-05;2.04812e-11;6.31722e-08;1.50186e-06
1.24239e-09;1.43254e-09;0.999999;8.62135e-09;4.41012e-08;3.45488e-10;6.67745e-07;7.54894e-11;2.68088e-08;5.68205e-09;4.8691e-09;4.57266e-07;3.26905e-12;9.30381e-11
1.06853e-07;0.0163178;2.25905e-06;4.333e-08;7.83711e-08;1.10308e-07;2.00371e-09;8.17809e-08;1.01498e-09;1.43296e-09;3.91863e-09;3.28325e-06;0.983676;5.84133e-09
2.26484e-07;0.0184011;9.47091e-10;1.06005e-07;3.22329e-05;2.28366e-08;2.46588e-07;0.981432;1.08274e-06;2.85387e-08;3.50248e-07;7.26762e-05;1.05795e-05;4.99393e-05
3.76435e-08;0.00183505;0.996883;3.56563e-06;0.000251544;2.13629e-05;5.51277e-10;2.13306e-06;6.59496e-11;2.05896e-07;2.30608e-09;0.000914337;7.72564e-05;1.12883e-05
3.12237e-05;0.010263;2.49223e-08;2.95804e-06;1.5552e-05;0.00152364;3.28839e-05;0.00322125;0.000299965;3.12178e-07;0.00118859;0.000140134;0.983107;0.000173635
2.7415e-05;0.997058;6.85886e-08;1.90846e-08;1.18823e-07;2.29539e-08;1.77577e-06;0.000469491;3.63668e-08;5.00871e-08;6.13293e-08;0.000718436;0.00172092;3.95049e-06
3.99569e-06;0.00366082;3.75195e-07;1.44148e-05;0.286439;0.000126796;3.11867e-07;0.440087;3.88074e-05;3.87271e-07;1.80026e-06;0.268696;2.53146e-05;0.000904986
0.000230892;0.147401;0.596964;0.000430211;0.00167723;0.00100088;1.59025e-06;0.000119074;1.20066e-06;6.78946e-06;1.66383e-05;0.00831017;0.243825;1.53818e-05
4.6873e-05;0.677154;3.8158e-07;1.6487e-05;1.62618e-05;6.93198e-05;7.25165e-06;0.00733496;0.000580754;8.14731e-08;0.000514413;0.310605;0.00329883;0.000355758
9.10689e-06;0.740617;1.02631e-05;1.10801e-05;0.00134854;0.00155106;3.24056e-07;0.0120034;1.11346e-06;1.50948e-05;3.77511e-08;0.0301833;0.213339;0.000910542
0.000255117;0.711909;0.000197668;0.0115653;0.000197081;0.01255;0.00013149;0.00313775;0.0091432;4.95902e-05;0.00229081;0.182965;0.0635445;0.00206329
1.18349e-05;0.999081;6.6284e-06;6.83047e-05;1.12004e-05;2.82284e-06;4.23849e-07;0.000109309;9.1551e-06;6.77492e-07;1.17437e-05;0.00033788;0.00010696;0.000242378
2.45244e-05;0.996631;1.99881e-07;3.85986e-07;1.1891e-07;9.19754e-08;6.72634e-06;9.66889e-06;2.01476e-07;4.24362e-07;6.28929e-06;0.00169591;0.00162396;1.30901e-07
9.08026e-07;0.993066;9.07041e-10;1.75062e-06;6.92433e-07;5.9307e-06;0.00423972;1.25265e-05;1.0886e-06;0.00188529;3.82682e-07;3.83084e-06;5.53341e-06;0.000776473
4.02806e-10;6.43691e-10;1;4.83112e-09;5.31764e-10;2.25854e-08;6.62292e-09;3.21924e-13;1.93778e-10;2.29472e-10;6.18247e-10;2.78965e-07;7.19541e-11;1.0649e-10
0.000405862;0.637713;7.4113e-06;8.77735e-06;1.68138e-05;2.55187e-05;0.000170064;0.170197;0.000315391;4.31072e-06;0.000347145;0.000291581;0.19038;0.000117731
1.53344e-06;0.00160179;2.41339e-07;2.55381e-06;0.000262485;5.67034e-05;3.34484e-08;0.00166934;2.14006e-06;1.78329e-07;2.17742e-05;0.00282975;0.993532;1.95394e-05
1.02287e-06;0.991741;7.45989e-09;1.722e-06;4.95798e-07;8.97172e-07;0.00423988;8.8822e-05;7.53895e-07;0.00302968;7.87166e-08;6.55715e-09;0.000445011;0.000450189
5.56906e-10;1.62551e-09;0.999995;7.99665e-07;1.85464e-08;4.58577e-08;2.26541e-08;3.13789e-11;5.15634e-09;5.14755e-08;1.35588e-08;4.06959e-06;2.16528e-11;2.34687e-07
1.22558e-06;0.996871;2.81552e-08;6.0255e-05;4.21998e-06;8.93058e-07;0.000130056;0.000853084;8.45085e-05;2.80322e-07;7.24195e-05;2.1266e-07;0.00192089;1.08537e-06
3.81981e-05;0.978043;9.39433e-07;0.000696002;2.88914e-06;3.81324e-05;1.95091e-05;0.0149555;0.000803164;8.92524e-06;0.00129008;0.000976224;0.00308216;4.59054e-05
1.23386e-06;0.00053627;0.0391777;6.52352e-07;9.69252e-08;1.27474e-08;2.19268e-09;2.71938e-09;3.57704e-09;4.60076e-08;1.22813e-07;0.960275;7.3991e-06;1.31515e-06
2.88907e-05;0.00964612;1.25103e-09;8.83386e-08;0.00310403;1.47783e-06;4.76292e-08;0.985132;5.25595e-06;1.16442e-08;1.19267e-06;8.59033e-07;0.00170423;0.000375738
0.000639315;0.143972;8.54886e-06;2.00947e-05;0.000463199;0.000265377;6.52123e-05;0.0771551;0.00638676;9.58012e-06;9.35569e-05;0.436206;0.334633;8.17317e-05
0.0075235;0.200941;9.9314e-08;0.000341532;0.000647297;5.63324e-05;0.000823368;0.0757572;0.329208;6.61029e-05;0.133006;0.0256321;0.22568;0.000317908
0.000105004;0.980245;8.08763e-08;1.15164e-06;6.55206e-07;4.52297e-07;0.000115211;0.00190953;6.27284e-06;9.3667e-06;7.67452e-06;4.80126e-07;0.0175409;5.81299e-05
2.92028e-12;1.66635e-11;1;6.84098e-12;1.26905e-11;2.32289e-12;2.68932e-12;1.479e-14;1.0947e-12;1.00992e-12;1.00652e-13;5.0588e-09;3.56869e-15;1.4874e-11
1.84276e-05;0.349582;3.02753e-09;5.55298e-06;0.000104351;1.0743e-05;2.47923e-05;0.00410233;0.00111958;3.71457e-07;3.30894e-05;7.18748e-05;0.0350233;0.609904
3.09681e-07;0.960993;7.0554e-07;1.33105e-08;3.51049e-06;8.66064e-08;1.67737e-08;0.002457;6.55687e-07;5.95273e-08;2.31124e-07;0.00749039;0.0288992;0.00015479
6.69831e-07;0.642985;5.26025e-06;2.55662e-06;0.140239;0.000125204;9.29435e-08;0.0191021;1.09415e-06;5.40664e-08;3.92703e-08;0.165773;0.00211131;0.0296538
1.79033e-05;0.0299333;8.57851e-07;3.89703e-06;5.43844e-06;7.04374e-07;4.09376e-07;0.000453045;1.9017e-05;3.71531e-08;1.17172e-05;0.961276;0.00825708;2.10035e-05
2.83057e-05;0.997888;2.35538e-06;1.78925e-06;2.14795e-07;9.6422e-09;4.83059e-07;0.00104559;9.94357e-06;5.17496e-08;1.3572e-05;0.000124145;0.000885624;1.21935e-07
1.70219e-08;0.999882;3.53482e-09;2.00136e-07;1.31196e-06;5.46695e-09;1.68557e-10;9.14792e-05;5.4748e-10;3.37406e-08;3.72187e-10;1.03842e-06;1.8997e-07;2.33247e-05
2.04532e-08;8.88244e-07;2.03374e-05;1.26127e-06;5.37924e-07;2.13296e-06;2.00406e-08;6.59416e-08;5.10351e-10;2.79105e-06;8.97147e-08;0.999929;9.32002e-08;4.25429e-05
9.98543e-06;0.00149768;9.03412e-13;4.83211e-07;3.03e-08;2.51427e-07;5.01545e-07;0.997919;0.000215969;2.98047e-09;0.000248284;3.22362e-07;0.000107571;2.10196e-08
2.4779e-06;0.994394;1.41255e-11;3.2564e-09;2.09342e-09;1.11474e-08;3.30391e-10;1.8257e-05;7.1024e-10;8.99323e-10;3.34308e-10;9.075e-07;0.00558474;4.7519e-08
8.71021e-06;0.0767695;0.0002325;5.18526e-06;6.30361e-05;0.000196038;7.38316e-09;0.0334899;2.61436e-07;3.03131e-06;2.94559e-07;0.875958;0.0030513;0.0102224
1.17626e-10;1.73057e-05;2.20953e-11;5.20025e-08;3.33552e-13;1.15178e-09;0.996532;4.05215e-12;4.31207e-08;0.00344779;3.14379e-06;2.04603e-14;2.11519e-09;8.24759e-08
8.90214e-13;6.16666e-13;1;4.85812e-11;7.84257e-14;5.24633e-13;8.20009e-09;5.19266e-17;1.54246e-12;1.59364e-10;1.03954e-10;3.43972e-11;6.30665e-15;2.84948e-15
