1.52636e-10;4.12685e-11;1;1.31415e-10;1.40309e-10;2.13549e-11;2.09041e-10;8.81856e-12;8.42986e-11;3.94702e-12;3.21233e-11;1.10592e-07;8.04484e-11;2.42201e-11
1.13349e-07;8.62617e-06;0.00106741;1.02662e-07;6.16415e-07;5.98455e-08;4.48144e-09;1.18789e-05;2.96326e-08;4.22417e-08;2.35817e-08;0.000390357;2.49471e-07;0.99852
2.94631e-06;2.21237e-05;9.12832e-08;5.83921e-06;0.0152771;0.00187335;1.43938e-05;0.981881;0.000778604;2.30615e-07;3.55513e-05;2.00875e-07;2.65581e-05;8.24024e-05
7.12492e-08;1.74706e-05;0.999899;2.1477e-06;2.14556e-05;1.18356e-05;2.60656e-09;5.52865e-09;7.76579e-11;3.37395e-08;1.83868e-09;2.37905e-05;5.85151e-06;1.83256e-05
4.70338e-07;0.999621;5.19801e-09;3.38941e-08;3.74557e-08;8.70835e-09;6.00158e-07;2.19587e-05;4.19081e-08;6.80027e-09;4.01585e-07;7.26828e-06;0.000347221;1.25197e-06
4.9676e-07;0.980495;4.37371e-10;2.47163e-05;3.58471e-06;3.90788e-05;9.15296e-10;0.000444284;2.94041e-07;8.27855e-07;4.17298e-07;0.000993139;0.000203913;0.0177946
2.75994e-05;0.998766;2.49982e-08;1.2121e-06;1.40024e-08;4.58453e-06;1.80814e-05;0.000765732;2.44446e-07;1.54837e-05;2.24065e-07;7.14853e-07;0.000375035;2.52587e-05
2.60669e-08;5.34036e-08;0.999993;1.01907e-08;4.0664e-10;1.74598e-09;2.13405e-08;1.02545e-09;7.53081e-10;6.03705e-10;2.75272e-09;6.80895e-06;5.32847e-10;3.29339e-10
1.5559e-05;0.0217987;0.00472975;8.86005e-05;9.8644e-06;0.000249946;3.8371e-07;0.00113381;6.11124e-05;8.30544e-07;8.95394e-05;0.969226;0.000622151;0.00197338
1.51024e-06;0.860999;1.682e-07;4.96551e-07;7.60225e-06;0.00119982;3.59176e-06;6.48892e-05;1.2461e-06;9.13275e-06;1.12907e-05;0.000141071;0.131864;0.00569579
2.79418e-07;0.0222284;0.569725;5.7293e-07;5.11928e-05;1.65029e-05;4.16606e-08;1.49158e-06;5.91117e-09;1.8612e-06;2.5886e-08;0.395632;0.00323185;0.00911049
8.59996e-07;0.0806369;4.93585e-10;2.13242e-06;0.00043712;0.000304562;4.02479e-06;0.00932453;2.43689e-05;2.7913e-07;4.18803e-06;1.17895e-06;0.909216;4.43934e-05
2.81018e-06;0.829489;0.169953;1.00618e-06;4.39859e-05;5.01559e-07;2.58598e-07;0.000148122;2.33568e-09;5.17568e-06;2.20444e-09;1.69042e-06;0.000113821;0.00024047
9.02989e-10;1.74807e-08;1;2.64832e-09;5.98797e-08;1.00838e-09;1.94382e-10;1.95518e-09;3.09172e-11;7.74716e-11;1.65118e-10;8.96259e-08;2.54788e-11;3.00526e-08
2.21333e-07;2.3124e-05;0.000707182;5.30055e-06;3.87295e-06;6.7137e-06;5.61641e-10;5.14164e-05;3.20019e-07;5.89528e-08;9.46994e-07;0.997929;2.55553e-06;0.00126967
8.32616e-06;0.971125;5.11261e-07;5.47884e-06;1.77252e-05;1.69795e-05;1.09685e-05;0.0157112;7.39733e-06;1.45181e-06;0.000213979;2.04199e-05;0.0127765;8.37278e-05
2.33612e-06;0.564215;0.00030363;4.21987e-05;0.00218308;0.0013106;3.39302e-06;0.00016687;1.1586e-09;0.00107084;2.15582e-08;1.8843e-05;1.19354e-05;0.430671
2.09388e-09;1.04462e-06;0.999999;3.23788e-10;4.86351e-09;3.85527e-09;1.00899e-07;3.29203e-10;9.77413e-13;2.05145e-09;2.1031e-12;1.30365e-08;8.60373e-11;1.28156e-07
3.63829e-05;0.684611;0.000152095;5.76785e-06;1.51553e-05;9.84474e-07;0.0373361;0.00503137;7.06643e-05;6.36607e-07;0.00223402;0.000328527;0.270174;3.11423e-06
1.45853e-06;0.544726;4.83493e-08;1.93945e-05;0.000636397;1.62915e-05;1.87142e-07;0.449812;8.95966e-07;3.07832e-07;1.32152e-07;0.000225251;0.00454475;1.6906e-05
1.41015e-06;0.71587;1.68285e-05;3.7226e-05;0.000124275;4.05808e-05;5.23277e-08;3.80812e-06;9.82306e-10;1.31212e-05;2.08991e-08;0.000993777;0.282802;9.68441e-05
5.24863e-07;0.00102766;7.99548e-09;4.26203e-08;3.05701e-05;3.26334e-07;7.71836e-09;1.41814e-05;1.10102e-07;7.50877e-09;2.54122e-07;0.9988;4.76589e-05;7.82654e-05
9.93008e-06;0.00157786;4.8704e-08;0.000370781;0.192884;0.0306635;2.99361e-05;0.00354746;0.000590673;2.08375e-05;0.000258709;1.10591e-06;0.769727;0.000317554
1.03624e-05;0.998989;0.000872813;1.19353e-07;2.21331e-06;3.84632e-08;2.60984e-08;2.02439e-06;1.18344e-09;6.89565e-08;2.91444e-10;5.5994e-05;5.75558e-05;9.92706e-06
3.09662e-07;0.00075821;2.648e-11;5.98708e-08;3.20518e-06;8.89159e-07;6.03199e-09;4.88018e-07;9.41362e-08;2.41829e-09;1.0039e-07;6.70543e-06;0.999226;4.11265e-06
8.34952e-06;0.00257318;2.67672e-09;6.95417e-06;8.39699e-06;7.4907e-06;2.10551e-09;6.31622e-05;1.32582e-06;1.48548e-07;4.25167e-06;0.990759;0.00112027;0.00544774
2.27071e-06;0.999513;2.41346e-10;1.29191e-08;1.36458e-06;1.21601e-09;3.55316e-08;0.000389842;4.70237e-09;5.63736e-09;1.94616e-07;5.07875e-05;4.26884e-05;1.07772e-08
1.5849e-06;0.00105978;0.000493083;0.000125397;0.0183896;0.653525;1.45417e-08;0.00406572;1.97918e-08;2.33461e-05;2.24785e-08;0.196278;7.20908e-05;0.125966
8.13372e-07;0.0002446;9.29794e-11;1.06776e-07;1.11205e-08;7.4135e-07;1.59457e-07;1.37141e-07;6.25658e-08;1.00246e-08;5.00568e-06;1.83026e-05;0.99973;7.08028e-08
8.2011e-06;0.00148907;5.87933e-06;4.59441e-06;6.67741e-06;2.97636e-06;2.7681e-07;3.57286e-06;1.83935e-06;4.02262e-07;1.62867e-05;0.99743;0.00101635;1.40576e-05
5.3414e-06;0.178706;4.39299e-08;4.23826e-08;7.87381e-09;3.10501e-07;3.42948e-06;3.54679e-07;1.04397e-07;1.34143e-08;1.00519e-06;4.86376e-06;0.821279;6.66463e-10
2.31405e-05;0.0169025;0.000134394;2.22466e-05;1.18027e-05;0.000197144;9.54907e-06;0.0880333;7.5016e-05;5.95764e-05;1.80966e-05;0.848474;0.045743;0.000296552
1.83357e-06;0.995499;0.000171183;0.00018244;4.6741e-06;0.00021396;2.4165e-05;0.00320385;3.0621e-05;5.34106e-06;7.63041e-05;0.000359497;7.23881e-05;0.000154684
4.60919e-05;0.794541;1.21763e-05;0.000270118;1.00478e-05;0.00031429;2.06892e-05;0.00292795;2.16757e-05;9.87415e-06;0.000740213;0.0183799;0.182647;5.94042e-05
9.7122e-05;0.673372;6.35512e-07;2.37788e-06;2.72682e-06;4.49002e-07;3.06469e-06;0.0396041;5.16576e-05;2.77896e-07;7.69011e-05;0.00501745;0.281771;2.4416e-08
0.000302488;0.225253;2.16396e-05;0.000249226;0.0313093;0.00173346;3.95853e-06;0.106882;0.000190345;0.000338872;8.19221e-05;0.247969;0.0221854;0.36348
8.50041e-07;0.00665987;3.41626e-08;4.86549e-06;1.0873e-07;5.68433e-06;0.964022;1.70426e-06;4.9919e-06;0.0286533;8.31377e-06;6.58238e-11;0.000103332;0.000534838
6.08153e-12;1.37201e-12;1;1.89378e-10;4.46368e-11;1.6499e-10;1.1448e-10;1.75418e-14;4.86347e-12;2.99724e-10;6.73495e-12;4.66816e-11;3.23742e-13;6.32378e-11
2.02962e-07;0.999749;9.7774e-06;7.83809e-08;2.97336e-08;2.02411e-08;4.87089e-08;0.000102022;7.12522e-10;4.52927e-08;4.99512e-09;1.68745e-05;0.000116969;4.67806e-06
2.67204e-07;0.0367593;1.52058e-10;4.49835e-06;1.81646e-05;4.40992e-06;1.00391e-07;0.0012461;5.35187e-07;6.3223e-08;2.17144e-05;5.44269e-05;0.961886;4.73608e-06
6.50129e-06;0.99367;0.000126811;7.31038e-05;5.72265e-05;5.88655e-06;1.24582e-06;0.00417808;1.4805e-07;3.24811e-05;3.77463e-07;3.0832e-06;0.000516076;0.0013289
2.9612e-08;2.02534e-07;0.999999;7.60403e-08;8.42634e-09;2.41354e-10;2.35447e-07;2.122e-09;2.11979e-09;5.65792e-09;1.34018e-08;1.01716e-07;1.44205e-09;1.23705e-08
1.81031e-06;0.000111387;0.000195395;0.000337875;1.56494e-06;5.96294e-05;6.2496e-08;0.00011583;0.000161662;2.90414e-07;0.000513118;0.998417;2.79884e-06;8.15579e-05
1.2908e-05;0.981437;1.72752e-08;3.85589e-07;3.00669e-08;1.86895e-05;6.20234e-08;0.00725883;2.55975e-07;3.23014e-08;3.69355e-05;9.73704e-06;0.0112253;6.79675e-08
4.10125e-08;6.81977e-05;2.10613e-10;6.87585e-09;4.17446e-05;2.84896e-07;4.96005e-11;0.999765;9.69798e-10;1.36037e-08;5.58886e-09;4.31593e-05;4.46142e-06;7.69465e-05
2.72021e-07;0.000488937;0.987876;2.57644e-05;0.00249347;0.00697695;1.04765e-09;5.63043e-05;2.97841e-09;8.57296e-08;6.55056e-08;3.89543e-05;0.00155803;0.000485355
3.15426e-06;0.00915873;2.40626e-07;2.47088e-07;4.14464e-06;8.33183e-05;3.41314e-07;0.0619827;3.78643e-08;1.35746e-06;1.10363e-06;4.8562e-09;0.928758;6.51194e-06
2.11295e-11;1.16015e-09;1;1.03024e-09;9.90883e-10;4.30772e-11;4.42479e-11;1.92361e-13;3.07185e-13;4.88221e-11;8.96214e-12;2.83514e-10;6.02773e-12;1.78416e-10
9.29654e-06;0.000837011;0.000763002;0.000397087;4.36522e-05;8.31287e-05;8.68429e-08;0.00195302;5.78061e-05;1.87807e-06;0.000201926;0.992687;0.00198746;0.000977592
1.14778e-05;0.969533;8.9265e-07;5.19596e-05;4.14163e-06;0.00158537;0.000149339;6.13382e-06;1.47535e-06;2.22129e-05;0.00150946;0.000389238;0.0266493;8.56678e-05
1.96934e-08;0.000172187;2.28769e-11;8.96379e-08;7.33966e-07;0.00218941;2.36119e-09;1.25184e-06;7.37091e-10;1.31258e-08;1.17429e-06;1.09005e-05;0.997617;6.98357e-06
1.68854e-09;4.9052e-06;0.999983;4.38377e-08;3.55903e-06;1.66308e-06;5.73852e-11;1.09474e-07;6.62648e-12;6.20211e-09;3.65279e-10;8.57713e-07;2.98278e-06;3.18492e-06
2.95666e-06;0.00595231;0.000107126;7.9256e-05;0.000204359;0.00965427;1.40095e-06;0.00681235;7.58358e-05;3.21251e-06;0.00371638;8.32727e-05;0.973305;2.25018e-06
