1.07188e-07;0.999966;1.17327e-06;1.8162e-06;1.6707e-07;6.14722e-09;6.61616e-09;4.61485e-07;7.49427e-08;8.473e-09;5.29604e-08;2.96121e-05;5.23791e-07;1.01114e-07
5.17555e-05;0.906013;1.03223e-05;6.63902e-05;3.62861e-06;2.43732e-05;1.57859e-06;8.14434e-07;3.50537e-08;3.79176e-06;3.06773e-06;0.000175882;0.0933257;0.000319985
5.5809e-06;0.00329431;1.20557e-05;5.28968e-07;7.77421e-06;1.08907e-07;5.31315e-06;0.000255341;2.43695e-06;5.98636e-08;0.000131889;0.996138;8.95252e-05;5.72428e-05
7.33833e-07;0.833957;4.20205e-07;1.58995e-07;2.64863e-05;2.91894e-07;1.34767e-08;0.156256;1.72559e-07;4.72286e-09;1.44045e-06;0.000889645;0.00886662;2.18002e-07
1.23259e-07;0.000208433;1.94883e-11;2.93206e-07;2.26555e-07;5.12633e-06;1.81989e-08;4.25418e-06;2.89123e-06;8.47619e-08;1.62035e-06;0.000198252;0.999578;3.57853e-07
4.55034e-07;3.61667e-06;0.999987;7.75027e-07;3.80469e-07;5.38811e-07;3.28743e-09;1.62138e-07;3.10691e-09;3.71575e-07;2.22601e-09;4.08555e-06;3.98588e-07;2.07979e-06
2.056e-06;0.997848;1.95318e-06;3.24873e-06;3.75479e-06;4.60066e-06;2.21893e-06;0.000128341;1.64383e-06;1.18814e-07;4.14547e-06;3.95489e-07;0.00192618;7.3649e-05
0.000100123;0.181866;0.00403989;0.000796685;0.000535725;0.000771591;6.1107e-07;0.810399;7.50508e-05;6.97396e-06;6.79462e-05;2.54629e-06;0.000213608;0.00112398
0.000109314;0.227466;0.00222839;0.000121767;0.00148976;0.00133803;5.31831e-08;0.00116867;2.27917e-06;0.000222617;2.94529e-06;0.0489369;0.000204519;0.716709
0.000103633;0.0518814;8.78307e-09;3.47035e-07;7.91109e-05;8.22473e-05;3.91056e-06;0.853837;1.42234e-05;4.30135e-07;3.51205e-06;8.42146e-10;0.0939681;2.60254e-05
2.43634e-09;2.86531e-08;1;7.15271e-09;7.25019e-08;2.28733e-09;1.07695e-09;2.55798e-12;1.73373e-10;2.50511e-10;1.42977e-10;1.48069e-07;9.46179e-11;1.38291e-07
0.000134816;0.696337;0.0150468;0.000117371;0.00120945;0.000190304;1.04269e-06;0.0577371;9.9973e-05;3.66295e-06;4.91775e-05;0.225368;0.00124844;0.0024571
2.23534e-06;0.878553;0.00133925;1.18351e-05;0.0101001;0.00185747;8.11585e-07;0.00166632;1.07647e-06;3.22224e-05;1.25452e-05;0.000849195;0.0341428;0.0714308
6.86103e-09;0.999771;1.04253e-11;4.72549e-09;2.82038e-07;2.29638e-08;5.66988e-06;0.00014197;6.22685e-09;1.27761e-07;4.8297e-09;1.12437e-11;6.67576e-06;7.43773e-05
3.6164e-12;9.0627e-11;1;2.19913e-12;6.87328e-12;3.46959e-13;8.85046e-11;2.01651e-14;1.53999e-13;3.22602e-12;3.63345e-13;2.19517e-09;1.91381e-13;4.07527e-13
0.00125065;0.328045;3.67132e-07;6.06105e-05;2.9697e-05;8.13762e-05;0.00426735;0.393046;0.0630163;1.17881e-05;0.00564045;0.000757311;0.203372;0.000422127
3.68744e-06;0.00177166;4.37532e-06;4.01879e-06;2.45014e-06;2.18925e-05;6.89316e-08;0.000495018;8.3309e-06;1.15908e-07;2.28702e-06;0.00102349;0.996625;3.73018e-05
7.51556e-07;0.00101959;3.12915e-06;3.92609e-05;0.0066557;0.000713094;3.80435e-08;0.012053;6.46621e-06;1.0951e-06;0.000128056;0.976227;0.00309593;5.7345e-05
9.01826e-08;0.999818;1.42131e-09;7.24793e-09;1.96897e-09;2.89599e-10;9.88984e-05;1.72146e-06;2.07938e-09;8.65038e-06;2.53551e-08;5.97192e-09;4.24455e-05;3.02381e-05
2.42307e-12;9.71001e-12;1;3.83635e-12;3.66617e-12;6.0484e-12;2.81152e-11;3.40592e-14;2.24676e-13;1.49362e-12;1.94255e-13;1.30955e-08;7.27004e-13;4.65691e-12
1.62076e-05;0.6263;4.15456e-07;9.78868e-05;4.93361e-05;0.000211418;3.0992e-05;0.146527;0.000336643;2.96432e-06;0.000706395;0.00277929;0.221976;0.000965144
7.7016e-07;0.000398073;3.94349e-10;1.24198e-05;0.000107041;1.59383e-05;1.16306e-07;0.0146532;1.59052e-05;1.63836e-07;0.000240178;5.68968e-05;0.984498;9.5827e-07
6.61052e-06;0.995171;0.000642129;0.000613364;2.0479e-05;2.20543e-07;2.83006e-05;6.2203e-05;6.92081e-07;4.21565e-05;3.28478e-06;0.000249012;2.13144e-05;0.00313944
3.80062e-06;0.988475;2.24403e-09;2.98904e-06;6.93318e-06;3.75873e-06;4.67902e-07;0.00967867;6.00218e-08;1.01039e-06;5.3032e-07;4.03585e-05;0.00166818;0.00011833
5.36909e-06;0.00642262;1.31889e-09;6.59301e-06;2.09924e-05;3.46786e-06;1.58674e-06;0.00809443;1.6876e-05;3.83095e-07;0.00124033;0.000910828;0.983198;7.83784e-05
0.000834961;0.012314;4.14205e-07;1.52608e-05;1.37074e-05;4.61957e-06;9.79323e-06;0.054387;2.31538e-05;3.67121e-06;0.00027575;0.160505;0.755039;0.0165743
3.76563e-06;0.24183;3.56309e-06;2.22782e-07;6.27053e-07;7.21502e-07;0.000350141;6.01838e-06;1.7297e-08;0.000128198;5.7942e-07;1.40964e-06;2.26104e-05;0.757653
8.26663e-11;4.91053e-10;0.999999;1.2801e-07;4.19304e-07;2.23866e-08;3.47286e-08;6.22028e-11;7.18824e-10;1.45592e-08;1.22531e-08;7.60786e-08;3.41479e-13;4.01349e-09
3.55668e-06;0.697926;0.000169013;5.66065e-06;1.47572e-06;4.42143e-07;3.00391e-05;2.06783e-08;7.46862e-09;3.55942e-07;6.35861e-07;1.19055e-07;0.30186;2.5927e-06
2.9535e-08;0.00779786;2.393e-07;3.60596e-08;1.05093e-05;3.36427e-08;4.26843e-09;5.33149e-05;2.11556e-09;4.36805e-10;9.74909e-09;0.831566;1.97984e-05;0.160552
3.9472e-09;0.99623;2.90141e-10;5.20685e-09;7.42561e-06;7.31825e-06;5.33598e-10;0.00203505;4.82837e-11;7.21431e-10;3.49684e-10;2.88103e-05;0.00143499;0.000256647
9.42146e-09;5.52505e-06;9.92518e-09;3.54586e-08;8.83959e-08;0.00341866;9.46058e-12;0.000681701;7.96256e-09;3.83067e-10;1.57837e-08;1.8429e-07;0.995893;7.1463e-07
1.03512e-08;1.47489e-06;0.999996;3.46037e-08;1.43942e-09;8.93944e-08;1.66842e-10;8.66398e-08;1.29163e-10;5.19073e-09;1.5049e-10;2.0954e-06;1.06435e-07;2.18444e-08
1.56927e-07;0.998954;1.16486e-06;1.34985e-06;6.59979e-07;2.54964e-06;1.70809e-07;0.00081448;1.86295e-06;4.12774e-08;4.90186e-06;2.70817e-06;0.000204154;1.14353e-05
