7.54899e-06;0.997232;0.0007885;1.01429e-05;1.17508e-06;1.37685e-07;6.52804e-08;1.06565e-05;8.10695e-08;1.29456e-07;1.10838e-07;0.00142366;0.000516323;9.93136e-06
8.99312e-05;0.949694;1.15122e-07;0.000330227;0.000221457;0.000102947;2.68159e-05;0.0136421;0.000761864;3.31828e-05;0.000103725;0.000960883;0.033239;0.000793613
5.40351e-05;0.0878647;1.25909e-07;1.88069e-06;0.00112619;3.75023e-07;1.81464e-07;0.0717094;1.13737e-07;6.15337e-06;6.27677e-07;0.000522719;7.10944e-07;0.838713
4.50583e-07;0.00166147;0.0204572;6.93067e-07;0.0004733;9.63328e-05;2.75039e-10;2.77662e-06;7.08303e-11;1.23233e-08;4.26125e-09;0.972809;0.000722095;0.00377686
5.11984e-06;0.924441;3.47138e-08;2.36232e-07;9.7742e-06;3.2549e-06;0.00317923;0.0669583;1.59713e-06;9.01161e-06;4.78662e-06;6.88257e-07;0.000134202;0.00525325
5.02395e-11;2.43476e-10;0.999998;1.07433e-10;9.79867e-09;1.52287e-08;2.70418e-10;1.1306e-12;2.80077e-10;7.79658e-11;5.0901e-11;1.76457e-06;6.36301e-11;1.89204e-10
5.68458e-06;0.999584;8.16373e-07;5.53698e-08;2.96662e-08;6.03182e-09;3.4157e-07;0.000389709;6.28024e-06;4.74679e-09;4.50825e-06;1.21967e-06;6.82665e-06;6.08012e-10
1.33669e-08;0.999983;2.3155e-12;6.52031e-09;2.72508e-09;1.04904e-09;5.56711e-08;1.28238e-07;6.24671e-09;2.87481e-07;2.28017e-09;1.24124e-06;1.01408e-07;1.5136e-05
2.57303e-08;1.59496e-08;0.999992;2.02328e-08;7.10563e-09;6.01278e-08;1.63402e-07;1.59331e-08;5.19624e-08;7.3135e-09;3.16546e-06;4.39409e-06;3.05558e-09;4.80111e-10
7.69846e-08;3.36899e-06;0.999996;4.50686e-10;4.52458e-09;5.18628e-09;3.60342e-09;5.99321e-08;1.79264e-10;1.92763e-10;2.07122e-09;6.33123e-08;5.30629e-07;7.52763e-10
2.43273e-06;0.999903;4.46081e-09;1.83062e-10;2.81953e-09;1.4638e-09;6.55272e-05;1.80529e-07;1.14968e-07;1.19629e-07;5.72616e-09;6.67839e-09;1.06338e-05;1.83624e-05
4.29085e-12;2.87749e-13;1;8.78544e-15;1.08613e-10;1.04065e-12;1.41985e-13;1.3626e-14;3.73413e-12;2.30027e-14;6.89687e-16;8.3722e-11;1.4776e-14;7.19172e-14
2.90521e-05;0.00728333;1.48953e-06;4.92456e-07;0.00122408;0.000891614;2.72787e-08;0.979566;0.00516485;5.20858e-07;2.44607e-07;0.000156991;0.00546489;0.000216666
2.58751e-07;1.48602e-05;1.92346e-11;1.40204e-08;1.74732e-06;1.52592e-07;2.72281e-10;0.997609;7.81619e-06;1.01785e-09;3.29665e-08;4.40381e-08;0.00236583;8.438e-08
3.0544e-06;0.00010524;4.60874e-06;3.28675e-06;7.14169e-07;1.45789e-07;1.84209e-08;2.43562e-05;3.19148e-06;4.22821e-07;2.25504e-06;0.999712;0.000116296;2.47934e-05
4.48697e-06;0.718706;5.01615e-09;1.99604e-06;6.94863e-06;8.63628e-06;1.42971e-06;0.257557;3.3188e-05;8.13949e-07;1.4003e-05;0.000270809;0.0233945;8.58856e-07
1.97729e-05;0.00298786;5.43346e-08;1.21527e-05;0.00155145;7.3562e-07;4.23678e-07;0.988926;8.11128e-06;5.1285e-06;8.09929e-06;0.0018127;0.00465915;8.38501e-06
2.93878e-05;0.000685999;0.994712;3.03741e-05;5.29446e-06;1.42871e-07;2.54708e-08;1.43321e-07;2.66916e-07;1.03196e-06;2.30206e-07;0.00452559;9.00137e-06;7.86128e-08
2.06351e-05;0.995598;6.02453e-10;4.74816e-09;3.76555e-10;3.86532e-10;0.0037201;1.8146e-05;0.000633335;2.66644e-06;3.21345e-06;7.47334e-10;2.49884e-06;1.4699e-06
3.78701e-06;0.000314972;0.998972;3.08176e-07;1.52855e-05;2.09166e-05;0.000459771;3.8784e-07;1.04563e-05;0.000192068;4.16022e-07;1.06081e-08;4.31292e-06;5.16376e-06
6.41797e-10;1.60018e-10;1;7.28531e-11;9.57663e-10;1.21491e-10;1.06895e-09;1.02263e-11;3.6725e-10;4.60836e-11;5.15795e-11;1.01232e-07;7.29968e-12;5.06133e-12
1.19891e-06;1.63812e-06;3.80023e-06;1.00418e-06;1.53322e-06;2.25736e-06;9.8314e-07;0.00180909;0.000640958;8.99023e-08;0.000384715;0.997141;7.93769e-06;3.42753e-06
4.80429e-05;0.336165;7.2249e-08;0.000104217;3.2301e-05;8.49731e-05;2.49017e-05;0.0139731;0.00491582;1.59459e-07;0.00609221;3.78856e-06;0.638232;0.00032398
4.34634e-05;0.967165;4.83814e-07;4.47563e-08;1.20166e-06;2.68223e-08;2.70763e-09;0.000468413;4.81418e-09;9.57738e-09;6.35213e-09;0.00884462;0.0234594;1.73949e-05
1.35573e-05;0.0929227;2.00597e-07;7.46675e-06;0.0238652;1.38755e-07;2.98236e-05;0.0861045;0.000135171;1.37991e-05;0.000114593;0.796311;0.000174862;0.00030728
0.00124667;0.592003;0.282857;0.005178;0.0122297;0.00553889;0.000402191;0.00273914;3.32501e-05;0.00389788;0.000187526;0.000626754;0.0747983;0.0182615
0.0111974;0.950338;4.40126e-07;7.53662e-05;1.60381e-05;1.4327e-06;0.000204565;0.0101298;0.00750628;7.64041e-06;0.00672845;0.000725;0.0116722;0.00139728
0.000247417;0.0261855;1.088e-05;2.83062e-05;0.000206147;0.000249084;4.79632e-06;0.000146664;7.9611e-05;3.27968e-05;6.01992e-05;0.000417719;0.968841;0.0034901
4.75251e-06;0.989962;0.000335022;3.00739e-06;2.63106e-05;4.95128e-06;1.69959e-07;0.00833331;7.96544e-07;2.25029e-05;3.31145e-07;7.43377e-05;0.00104451;0.000188012
2.0919e-05;0.00230392;6.68448e-07;0.00109274;0.935403;0.0120397;7.27819e-06;0.00356399;0.000124812;0.000129872;0.00081773;0.0212136;0.000936117;0.0223456
3.97413e-05;0.00096463;1.75418e-06;1.95212e-07;1.7077e-08;5.31693e-09;0.998044;3.06398e-07;8.29989e-06;0.000931209;6.10482e-06;6.78486e-10;3.11888e-06;1.30339e-07
4.92441e-09;2.88371e-11;0.999999;3.92768e-09;8.6543e-10;3.50238e-11;2.1514e-07;4.96906e-12;4.07391e-07;1.33106e-09;1.06159e-08;7.37261e-08;8.273e-13;7.26482e-13
0.00380549;0.0935859;0.00379595;0.000111307;6.23139e-05;3.98356e-05;0.000145371;0.754981;0.0266326;3.66817e-05;0.000610485;0.0283206;0.0873493;0.000522887
1.58601e-06;0.989928;4.99827e-07;1.27256e-08;7.97523e-08;5.27104e-07;0.00112575;1.30673e-07;1.39505e-07;0.000274721;1.73689e-07;1.20858e-06;0.000135082;0.00853229
2.7253e-09;2.07972e-09;0.999982;5.30452e-09;1.10905e-05;1.44843e-06;2.56896e-08;1.06709e-10;3.40093e-08;2.1001e-08;2.80186e-09;5.05953e-06;1.83388e-09;4.71145e-08
3.94507e-06;0.882205;3.61786e-08;8.10327e-08;0.00114585;2.98224e-05;2.14843e-06;0.108756;0.00138764;1.46446e-07;3.66503e-06;5.98862e-05;0.00640503;5.35605e-07
9.11636e-06;0.0033886;0.0112667;3.37682e-05;0.00224799;0.00132487;2.44037e-08;2.81575e-05;3.31128e-07;7.20195e-06;3.7252e-07;0.948807;0.0195127;0.013373
6.26274e-07;0.999803;1.06273e-10;2.34142e-08;8.28068e-07;3.62759e-09;1.48709e-08;0.000133243;7.44694e-07;3.22372e-11;6.97725e-07;2.15065e-05;3.96468e-05;3.43424e-08
1.0553e-05;0.865553;0.000660361;4.58365e-06;0.000147128;3.53425e-06;4.86975e-09;9.52582e-05;1.39294e-08;2.63037e-07;2.51202e-08;0.0547973;0.0786531;7.44436e-05
5.72914e-06;0.910691;1.26627e-08;1.44245e-07;0.000730755;7.045e-09;1.05249e-06;0.0817094;1.0116e-07;4.90174e-07;2.73504e-07;0.00637092;0.000488768;1.17417e-06
9.42164e-06;0.0267066;0.00407728;5.24323e-05;0.0282908;0.0233497;6.67422e-08;0.0281484;1.35906e-08;9.42765e-06;2.02495e-08;0.825195;0.000265688;0.0638947
2.08013e-05;4.16817e-05;5.08842e-10;3.50033e-08;1.7489e-07;5.98392e-08;6.51354e-09;0.986924;1.58211e-05;5.51448e-10;9.15021e-07;2.31042e-07;0.0129958;2.04371e-08
0.000227507;0.00406799;3.15241e-05;5.73646e-08;7.8664e-05;9.25702e-08;3.66328e-09;0.979716;2.18314e-07;7.7733e-08;1.64812e-08;0.0146406;0.000807728;0.000429463
1.47452e-06;0.963085;5.82432e-05;6.82435e-06;0.000372173;0.000285115;5.14671e-06;0.0305981;8.03592e-06;1.85942e-05;3.8647e-06;0.000195718;0.0051757;0.000186257
3.73515e-11;6.85215e-10;1;6.45807e-11;3.75166e-10;1.47981e-12;4.25185e-09;1.27358e-11;7.97492e-12;8.94472e-11;8.38517e-11;9.65639e-09;2.57115e-12;4.09432e-12
1.14285e-06;4.01571e-05;0.987731;8.01461e-08;2.34553e-06;1.14537e-07;2.52383e-07;1.31785e-05;6.51029e-07;2.23261e-07;3.81204e-07;0.0121902;9.58172e-08;2.05982e-05
0.000326703;0.00249577;1.60044e-06;2.60544e-05;0.0122704;0.047384;9.21676e-06;0.00391792;0.00281823;8.67151e-06;0.000375429;3.8047e-05;0.000711205;0.929617
1.56639e-05;0.00993962;0.0514572;7.08688e-08;0.000170247;8.70028e-07;7.56907e-11;1.75861e-05;5.13686e-09;5.91256e-08;1.66341e-09;0.759957;2.82881e-06;0.178439
1.57087e-07;0.999285;1.11587e-09;3.84548e-09;1.27307e-06;2.13987e-07;9.71411e-07;0.0005178;1.77384e-07;4.59846e-07;9.54546e-09;4.29531e-08;1.61892e-05;0.000178032
5.73482e-10;2.01596e-06;0.999238;3.4175e-10;1.60735e-06;1.57882e-09;4.34728e-08;2.07169e-11;7.11891e-12;8.4662e-07;1.45884e-12;1.27098e-08;1.39306e-13;0.000757609
1.33625e-05;0.00654714;4.02363e-06;1.56488e-06;6.99708e-06;1.6714e-07;0.00536516;0.966754;0.0208271;1.15389e-06;0.000262094;2.66611e-06;0.00021451;4.46356e-08
1.15081e-08;0.999985;1.58224e-08;2.10552e-08;3.3688e-09;5.03572e-11;4.89722e-11;8.7558e-06;5.83782e-10;1.97994e-10;5.67576e-10;2.62233e-06;3.8779e-06;7.26086e-10
1.02382e-07;0.0063628;0.993568;1.47559e-07;7.38041e-07;4.97745e-09;5.23824e-09;2.36091e-08;2.55654e-11;1.57209e-07;2.1433e-10;1.96286e-05;2.28242e-07;4.80976e-05
1.49586e-06;0.999276;1.0784e-09;6.90718e-08;1.73353e-07;7.61604e-09;6.88736e-07;0.000697302;1.33412e-08;8.30765e-08;4.87966e-08;7.42961e-07;1.46725e-07;2.36945e-05
3.49128e-08;0.000210687;0.000306057;4.67781e-08;1.80656e-05;1.02305e-05;8.3258e-12;1.28428e-06;6.20985e-12;9.30443e-11;1.91196e-10;0.999277;7.03115e-07;0.000175633
7.52573e-09;0.999981;7.23097e-12;3.93916e-11;1.11756e-10;1.29037e-10;2.07648e-06;1.48429e-06;1.39311e-10;4.69964e-09;3.41447e-10;6.99712e-14;1.44769e-07;1.51004e-05
1.50622e-11;3.17792e-11;1;3.9569e-12;1.94997e-08;3.7077e-10;4.34326e-11;3.0926e-11;6.34785e-13;6.26291e-12;1.63054e-13;7.92912e-08;2.05717e-12;6.90049e-11
3.29464e-09;0.00674627;7.9135e-10;1.03882e-09;1.34098e-08;1.12822e-08;9.3158e-09;0.00067234;1.2482e-09;3.17256e-09;7.66375e-09;9.13851e-09;0.992581;3.67314e-09
2.15354e-09;8.98171e-09;0.999999;9.73662e-08;1.3494e-07;1.34877e-08;2.98402e-07;1.70266e-09;1.26742e-08;1.67643e-08;3.65068e-08;1.41733e-08;1.78546e-09;4.73436e-08
6.37894e-06;0.0380086;0.000581161;0.00038672;3.55934e-05;1.62243e-05;3.89387e-05;0.00260878;0.000617762;8.20462e-06;0.000587435;0.955361;0.000736784;0.00100637
3.15094e-06;8.25395e-06;9.1273e-09;3.82974e-07;1.57599e-05;4.01159e-05;2.76977e-07;0.999733;8.45897e-06;1.99212e-07;2.40546e-06;6.65285e-08;7.87939e-06;0.000180378
8.28424e-07;0.00665002;3.77465e-07;7.7105e-06;4.6278e-05;0.000103258;4.21002e-09;4.41525e-05;7.10128e-07;9.52426e-09;2.16313e-06;0.929466;0.000522266;0.0631566
9.18032e-07;0.046041;9.17269e-09;6.00624e-08;3.91129e-06;4.18677e-09;1.26837e-08;0.950065;2.62791e-07;4.18562e-09;5.90112e-08;6.55602e-07;0.00388684;1.14357e-06
1.68671e-05;0.104923;0.659519;0.00123961;0.00612786;0.000215988;7.59502e-08;2.51053e-06;3.43783e-08;3.64233e-05;4.63799e-07;0.198556;0.0190996;0.0102634
0.000131379;0.967385;1.99097e-09;0.000553118;6.48298e-06;4.52483e-06;2.38241e-06;0.00162247;0.000215151;2.87844e-06;0.00185646;0.00389604;0.0242237;9.9942e-05
9.128e-05;0.346701;3.2719e-09;1.38254e-06;0.00073749;4.57994e-07;5.34378e-08;0.651659;6.95095e-07;2.17417e-07;9.66816e-07;0.000143925;6.07214e-05;0.000602233
6.41549e-06;0.0022401;0.980045;1.80845e-05;0.00697161;0.00193748;1.03958e-06;2.74682e-06;1.30534e-09;2.57648e-05;3.87728e-08;0.00583825;0.00180545;0.00110769
0.000124743;0.0557626;5.63383e-09;3.98189e-07;7.371e-06;3.57858e-06;3.93423e-07;0.743602;1.77246e-05;1.89007e-08;2.33222e-05;0.000329;0.200129;2.54414e-08
2.62967e-07;0.00161883;1.42303e-08;3.41972e-09;5.78994e-07;7.83869e-08;1.55567e-09;1.91138e-06;2.02142e-09;6.33654e-10;1.78986e-09;0.000314302;0.998061;2.69341e-06
2.26703e-06;0.788988;1.31727e-08;4.87075e-07;1.16811e-06;6.23943e-07;0.203859;1.43526e-05;1.67441e-05;0.00327094;1.4021e-06;1.82615e-06;0.000799298;0.00304357
1.21354e-09;3.25254e-08;0.999993;3.67859e-07;3.25528e-08;5.08892e-06;2.13852e-08;7.45975e-09;3.89629e-08;2.76205e-08;1.02474e-06;1.72864e-07;1.83635e-07;1.02497e-07
2.14294e-05;0.990164;0.000138309;1.10653e-05;2.40994e-07;2.25725e-06;5.0683e-06;0.000275964;1.53857e-07;5.61497e-07;3.36919e-05;0.000557029;0.00878896;9.8332e-07
2.13614e-08;0.000109822;5.58446e-14;3.93626e-08;3.85427e-08;1.23922e-05;7.07337e-09;1.30191e-06;3.05134e-08;4.46798e-10;7.84516e-07;3.92348e-09;0.999875;3.26707e-07
1.69905e-05;0.0121574;0.984045;4.03408e-05;0.000858383;4.68847e-05;2.81511e-08;2.88288e-05;9.60584e-08;4.65918e-06;2.16955e-07;0.0015172;0.000628093;0.000655819
0.000110806;0.0482895;5.42694e-09;0.00269738;0.000143347;0.000863012;0.0109695;0.000558419;0.0779138;0.000785742;0.831998;0.000364446;0.0252467;5.99084e-05
0.000166244;0.932919;0.000124108;0.000357155;3.64386e-05;0.00010533;5.28627e-07;1.82399e-05;3.06749e-06;5.91043e-06;1.517e-05;0.0652577;0.000755557;0.000235567
0.00288418;0.0463167;3.5868e-07;4.58568e-05;5.96123e-07;3.8509e-06;9.17931e-05;0.000127564;0.000350532;2.63329e-05;0.00476832;8.21439e-05;0.945294;7.48632e-06
1.60713e-05;0.995529;0.000145569;6.21427e-06;0.000116285;9.29537e-06;6.40531e-07;0.00205601;1.09099e-06;2.85025e-05;1.88859e-05;0.000276977;0.00138336;0.000411815
5.51555e-06;0.00149387;2.25464e-07;0.00102796;0.902394;0.0181089;5.2978e-07;0.0100555;3.1587e-05;0.000124066;0.000563844;0.0276178;0.00223731;0.0363387
4.02422e-05;0.0118998;3.07519e-05;2.73879e-06;9.62769e-08;5.95819e-08;0.981181;4.59886e-06;2.05116e-06;0.00674495;7.0624e-05;2.22072e-08;2.11262e-05;2.3131e-06
2.23778e-09;7.66515e-11;1;3.60751e-09;3.87913e-10;1.10733e-11;1.82437e-07;1.28816e-11;5.13541e-08;1.03982e-09;2.88119e-08;5.99245e-08;5.38751e-12;1.43656e-13
0.00276481;0.0660766;0.00275838;0.000117694;7.36242e-05;1.8811e-05;0.000127801;0.813638;0.00485148;4.53137e-05;0.000724996;0.0230561;0.0853761;0.000370119
8.36288e-07;0.99192;1.37969e-07;1.05691e-08;5.70908e-08;1.30605e-07;0.00116201;3.34245e-08;2.41422e-08;0.000213608;7.7741e-08;3.41478e-07;4.96911e-05;0.00665362
7.03892e-09;2.81003e-09;0.999975;1.96868e-08;1.35266e-05;2.03851e-06;1.75199e-07;9.22591e-11;6.39735e-08;6.4097e-08;1.14709e-08;8.84894e-06;7.5121e-09;1.09452e-07
3.98769e-06;0.922167;3.09046e-08;1.07002e-07;0.00057682;1.57348e-05;3.01079e-06;0.0721575;0.000855742;1.38214e-07;3.96433e-06;0.000180307;0.00403565;3.38365e-07
9.77759e-06;0.00465549;0.00740972;4.03905e-05;0.00123642;0.000907364;4.36955e-08;3.03715e-05;2.72991e-07;7.61062e-06;4.65107e-07;0.953185;0.0222122;0.0103046
7.21885e-07;0.999785;1.3066e-10;4.07614e-08;7.70116e-07;6.52558e-09;1.93718e-08;0.000144307;9.94573e-07;3.76304e-11;5.12505e-07;4.35088e-05;2.41984e-05;1.01157e-07
8.34272e-06;0.88244;0.000314637;2.36166e-06;6.3844e-05;1.68624e-06;2.81295e-09;7.89724e-05;1.24351e-08;1.14315e-07;1.17022e-08;0.0689092;0.0481311;5.00936e-05
6.84634e-06;0.889582;8.67161e-09;1.4121e-07;0.000897158;1.03518e-08;9.35419e-07;0.103623;1.75013e-07;4.64142e-07;1.92342e-07;0.0053754;0.000513136;1.24375e-06
7.5309e-06;0.0180175;0.00452247;4.26601e-05;0.022506;0.0165898;4.02123e-08;0.0205781;1.27045e-08;8.4396e-06;1.43887e-08;0.848397;0.000171678;0.0691588
2.09405e-05;5.60389e-05;3.3923e-10;4.14022e-08;1.8552e-07;6.60822e-08;6.96185e-09;0.988048;2.10615e-05;5.41011e-10;1.10167e-06;2.19632e-07;0.0118521;1.56087e-08
0.000196884;0.00517325;2.27461e-05;7.07315e-08;8.43149e-05;1.2976e-07;3.59034e-09;0.97782;2.16381e-07;7.66568e-08;1.86342e-08;0.0151863;0.00117983;0.000335876
1.5065e-06;0.972468;6.24544e-05;1.10677e-05;0.000327196;0.000228751;1.56126e-05;0.0217547;1.30804e-05;3.92501e-05;7.28437e-06;0.000177883;0.00469856;0.000194891
2.71675e-11;6.82407e-10;1;6.42956e-11;2.82575e-10;1.03993e-12;2.72828e-09;7.44572e-12;9.12713e-12;7.38708e-11;8.71542e-11;1.72988e-08;1.41387e-12;2.89509e-12
1.06486e-06;8.7679e-05;0.993156;4.70421e-08;1.26092e-06;5.38991e-08;2.71496e-07;1.04137e-05;1.79153e-07;1.98096e-07;1.36116e-07;0.00672962;8.35783e-08;1.28553e-05
0.000252054;0.00107756;4.12157e-06;4.14954e-05;0.0294326;0.0868032;9.64719e-06;0.00339819;0.00243713;1.0769e-05;0.00028429;4.34337e-05;0.000369331;0.875836
1.28691e-06;0.00166368;0.00414862;1.36403e-08;1.30789e-05;1.86698e-07;2.16411e-12;6.12242e-07;8.68055e-10;1.94822e-09;3.13155e-10;0.985427;3.00209e-07;0.00874536
1.70699e-07;0.996993;3.38461e-10;3.81418e-09;1.30312e-06;9.01205e-08;1.08014e-06;0.00241321;2.12729e-07;5.34367e-07;1.67069e-08;3.67161e-08;4.58021e-06;0.000585506
2.63415e-10;5.62846e-07;0.999944;1.74956e-10;2.44854e-07;1.8836e-09;4.90252e-08;1.07195e-11;3.11222e-12;6.48363e-07;6.07488e-13;8.85216e-11;1.83087e-13;5.45738e-05
6.29089e-05;0.010655;8.08173e-06;1.45938e-05;4.72708e-05;7.63313e-06;0.00324855;0.920463;0.0581455;1.80367e-06;0.000821699;2.67881e-06;0.00652156;1.22625e-08
3.88568e-07;0.912408;3.18073e-06;1.00455e-07;2.27811e-08;1.07636e-07;1.28586e-10;0.000251135;2.76252e-10;3.72547e-09;7.57229e-10;2.95758e-07;0.0873371;2.96737e-09
6.81099e-08;0.00368998;3.43486e-09;2.70482e-08;1.32958e-07;1.5485e-07;5.68928e-10;6.17031e-07;2.47512e-10;8.27535e-09;7.385e-09;0.000533498;0.995775;2.86772e-07
2.72914e-06;0.181527;9.44526e-08;2.16407e-05;2.01507e-06;4.41829e-06;0.793014;4.76467e-06;6.21339e-06;0.0200894;7.27084e-05;7.19433e-06;1.17378e-05;0.00523558
8.74623e-07;2.01364e-06;0.996695;3.40987e-06;2.33356e-07;4.2554e-07;0.00265321;6.97868e-07;3.42437e-05;1.07353e-06;0.000578261;1.93197e-05;1.11479e-05;2.15189e-10
3.26559e-07;0.999668;8.94503e-06;4.66124e-07;4.81704e-08;4.17221e-08;5.832e-10;3.07695e-06;2.32639e-09;1.17999e-09;5.92998e-08;1.77389e-05;0.00029952;1.75021e-06
1.4227e-06;0.999689;3.7081e-10;5.25537e-07;2.22757e-07;6.68436e-08;1.49789e-07;7.07278e-05;6.34478e-07;7.38639e-07;4.61416e-07;1.20878e-05;0.000191165;3.28889e-05
1.86535e-07;5.97196e-05;0.00368786;1.24357e-06;1.18347e-06;1.70094e-07;2.36527e-10;3.3399e-07;2.94276e-10;2.72982e-08;6.55292e-08;0.996232;7.11627e-06;1.01106e-05
3.25043e-05;0.00270335;9.30095e-06;3.70699e-06;4.25405e-05;8.98778e-08;1.23362e-07;0.996334;3.91402e-05;3.07991e-07;0.000373596;0.000391899;6.16606e-05;8.05648e-06
6.40606e-09;0.983644;1.02302e-12;7.83234e-08;1.6622e-08;1.7371e-09;7.22024e-06;3.0936e-07;1.39558e-08;9.50914e-06;3.22596e-07;1.67271e-08;9.17371e-08;0.0163382
8.55571e-05;0.0620031;8.20978e-08;0.00014583;1.35735e-06;7.63832e-07;0.570825;0.000218765;0.0205815;4.9157e-06;0.288349;0.000222003;0.0575618;5.47343e-09
4.05528e-06;0.00457454;3.86485e-10;4.90069e-06;1.5518e-06;4.95941e-07;2.69915e-08;0.994739;1.9752e-06;4.31398e-08;7.28416e-07;8.87296e-06;0.000659018;5.11194e-06
1.19627e-06;0.000432075;6.09821e-07;0.000155624;7.64806e-06;6.7902e-05;1.09809e-09;9.84275e-07;2.60594e-06;3.92472e-07;6.30575e-06;0.996612;5.63855e-06;0.00270675
0.000811266;0.00210685;3.01647e-07;4.0148e-06;3.92596e-06;1.22059e-05;1.06164e-07;7.62571e-06;7.94575e-05;5.22342e-08;0.000256598;9.18255e-05;0.99552;0.0011055
5.99171e-08;0.000893026;8.864e-11;7.87671e-09;1.12422e-05;9.00865e-09;4.64473e-12;3.90866e-05;1.56174e-09;5.2977e-10;2.40669e-10;5.46025e-06;2.57682e-07;0.999051
8.3088e-07;1.41256e-05;2.7959e-09;2.22676e-08;0.00760943;4.16254e-07;5.45849e-10;0.992366;8.62468e-08;1.13305e-07;5.32318e-10;3.00111e-07;5.42221e-06;3.26872e-06
9.42528e-10;1.43554e-08;0.999996;1.19115e-07;3.2947e-06;1.03203e-07;4.15006e-12;2.48914e-09;2.16777e-11;1.1265e-08;2.22942e-11;3.21824e-07;7.92812e-10;1.855e-07
1.37412e-06;0.997468;7.44427e-06;3.79408e-06;1.51132e-07;1.28279e-07;5.40845e-06;0.00235883;2.11658e-05;5.71206e-08;2.32105e-05;1.15656e-05;9.56523e-05;2.81645e-06
