9.11642e-07;0.999872;3.16446e-06;1.2991e-06;1.00321e-06;6.38588e-08;8.34574e-09;8.73471e-06;6.95031e-08;3.7454e-08;4.49363e-08;8.94294e-05;2.06726e-05;2.50528e-06
7.43212e-05;0.000240965;2.5078e-09;4.13632e-08;2.20927e-06;1.12802e-07;2.65401e-07;0.999654;1.31728e-05;1.71294e-07;2.24016e-07;2.23926e-08;1.92088e-06;1.22077e-05
6.18575e-05;0.963934;2.29134e-06;4.16525e-06;4.21817e-05;7.37028e-07;0.00522038;0.011401;0.00028496;7.57694e-05;6.08964e-06;0.0188778;1.01324e-05;7.86353e-05
3.68808e-10;1.19261e-09;1;6.06714e-10;3.29696e-10;1.45336e-10;1.88048e-08;2.64673e-11;1.77271e-09;3.15205e-11;4.08342e-10;3.5186e-08;2.10459e-10;3.56909e-13
6.55761e-06;0.963476;1.40366e-05;3.65948e-07;9.05625e-07;2.47912e-07;2.88594e-06;0.00416915;8.55019e-06;4.6457e-08;4.52484e-05;0.00429284;0.0279822;7.24625e-07
4.0838e-07;0.702594;0.000134182;1.73171e-05;0.00336923;0.000487266;1.14494e-08;0.266998;5.71649e-07;1.0166e-06;9.047e-07;0.000829927;0.0184971;0.00707076
2.30209e-07;0.975402;7.04721e-08;2.48129e-05;4.12754e-06;0.00550873;1.14217e-05;0.0100393;4.61255e-06;4.43551e-06;5.48725e-05;6.62408e-07;0.00877844;0.000165959
1.40314e-10;2.19307e-08;1;1.5281e-09;1.47398e-10;1.76112e-09;7.9507e-11;1.54793e-09;9.93328e-12;4.0833e-11;2.18097e-10;1.60714e-08;1.2177e-10;1.42571e-10
1.06613e-06;0.00619658;0.00511207;2.0164e-05;2.98673e-07;0.000152857;4.26249e-08;0.000106713;4.42875e-06;1.23819e-07;0.000195704;0.987963;0.000235514;1.11186e-05
4.27087e-05;0.503622;1.37164e-05;3.1118e-06;4.0994e-05;0.00201987;1.83015e-06;0.47904;7.20221e-07;2.10122e-06;7.78923e-05;0.00067582;0.01416;0.000299999
9.23106e-09;0.00483345;4.85352e-08;2.50782e-08;2.74832e-05;3.14781e-05;4.43607e-12;0.000335126;6.92119e-10;4.78033e-10;1.31662e-07;0.991302;0.00245863;0.00101121
6.70153e-09;0.984388;1.85039e-10;2.53223e-09;3.00499e-09;1.519e-09;1.5167e-07;2.1886e-09;3.25155e-09;8.66677e-08;6.6324e-10;1.48647e-10;8.13225e-08;0.0156116
1.40514e-05;0.857524;3.57583e-07;3.67955e-06;4.23379e-06;9.06692e-06;0.00727009;0.0191357;0.00178082;3.16174e-06;0.0016678;1.08867e-05;0.112576;1.28564e-07
8.27378e-09;0.0154276;1.64517e-12;3.9758e-09;3.56246e-09;7.00334e-07;7.46572e-10;3.50726e-08;5.58142e-11;8.73725e-09;1.65416e-10;2.78008e-09;0.984572;2.90205e-10
5.23785e-05;0.0233605;0.825598;0.00229639;0.000562098;0.000243143;3.11022e-05;0.00342429;1.15421e-06;0.000956681;5.54437e-06;0.0886301;0.000245896;0.0545931
5.68419e-06;0.588776;1.45549e-10;0.000117394;0.000129576;0.000444379;7.94889e-05;0.00161894;0.000553481;2.7378e-06;0.00043865;4.24629e-07;0.407777;5.58611e-05
1.72195e-05;0.0677082;0.930349;4.02063e-05;1.18756e-05;6.25765e-06;9.25519e-07;0.000341146;2.54703e-07;3.23892e-05;3.19558e-06;0.00134654;6.8008e-05;7.48817e-05
5.2663e-07;3.07921e-07;0.999994;1.7087e-07;2.26591e-07;1.04582e-08;3.53298e-06;3.41733e-08;2.25593e-07;2.70356e-08;7.2042e-07;3.58738e-08;2.4603e-09;2.90356e-08
0.000150804;0.0924603;1.76004e-05;7.46425e-05;1.09335e-05;9.09779e-05;2.23481e-06;0.00721884;0.00156966;7.17498e-07;0.00234979;0.880497;0.0155424;1.4207e-05
3.38792e-05;0.206459;8.85296e-08;1.12873e-06;5.30367e-07;8.20486e-05;8.62981e-08;0.000238258;1.07025e-06;3.35297e-07;1.83114e-06;4.80409e-05;0.79308;5.36339e-05
1.90651e-07;0.0100526;2.86161e-09;1.59234e-07;1.55946e-05;6.38094e-06;1.73735e-10;5.20403e-06;1.37191e-08;4.92767e-08;1.43576e-08;0.975636;9.35946e-05;0.0141904
1.72753e-08;0.999908;8.79855e-10;2.86798e-09;1.55048e-05;4.42866e-07;3.56844e-05;1.01517e-05;1.35113e-08;3.25787e-06;3.97953e-11;4.43639e-11;2.02666e-05;6.49639e-06
9.58537e-07;0.000186413;0.998451;2.63504e-07;1.04653e-05;5.64568e-05;2.14591e-08;7.15483e-05;2.7908e-07;2.79024e-07;1.16842e-07;1.24935e-05;0.00120952;4.86712e-08
1.58518e-06;0.909329;0.0889128;6.19017e-06;1.03469e-05;4.69269e-06;8.7676e-07;7.16815e-06;6.23545e-10;6.69502e-05;3.81149e-09;0.000543686;0.000945364;0.000171578
8.94919e-08;8.12332e-06;0.999989;7.50343e-08;1.94282e-08;1.34011e-09;2.08922e-06;4.51847e-10;2.36792e-09;1.02806e-08;1.98449e-08;2.97851e-07;9.58885e-09;6.15946e-09
6.38022e-07;1.01111e-05;2.45673e-05;5.36404e-06;4.83192e-06;4.52657e-08;7.54319e-08;6.84515e-05;7.80238e-06;1.06611e-08;2.71263e-05;0.999845;1.85759e-07;5.70519e-06
2.57051e-06;0.94451;1.11272e-05;1.48473e-06;0.000725655;0.000188541;9.10894e-09;0.000327759;2.12137e-09;1.68163e-07;3.89673e-08;0.000228188;0.053487;0.000517252
2.61056e-07;0.991438;1.80395e-10;1.37513e-08;1.31992e-06;3.89961e-06;2.48834e-07;0.00316574;1.60075e-08;2.6837e-08;9.23313e-09;1.70926e-06;0.00535492;3.37933e-05
2.22467e-12;3.75371e-11;1;5.87566e-13;1.81981e-11;1.11154e-10;2.91574e-13;7.52155e-13;7.41894e-15;2.69528e-13;4.49376e-15;4.98831e-08;1.20753e-11;2.19475e-10
3.11148e-07;0.995923;9.04042e-06;1.59686e-08;1.76754e-07;1.45559e-07;0.00308085;2.13203e-05;3.24462e-08;8.8695e-05;3.15814e-08;7.61221e-08;8.53271e-06;0.000867719
7.30295e-11;3.52774e-07;0.999999;2.783e-10;5.92581e-08;2.5237e-08;1.32406e-10;2.02098e-08;3.91978e-11;2.00778e-10;4.803e-10;8.11052e-08;2.15811e-07;7.80551e-12
1.18948e-08;0.997828;0.000229257;5.55031e-08;2.97204e-06;1.2812e-06;5.91313e-10;7.2118e-05;9.04072e-12;1.36774e-07;2.78081e-11;2.80426e-06;0.00185947;3.43423e-06
2.11542e-08;1.26387e-05;0.999987;1.23676e-08;8.17904e-09;2.10605e-10;6.22155e-07;1.74846e-09;2.906e-10;9.13413e-09;3.63127e-09;3.17671e-08;1.6801e-08;4.89255e-09
5.13575e-07;1.64516e-05;1.33437e-05;1.43435e-06;8.23785e-07;1.13335e-07;1.71751e-07;6.41431e-06;7.78627e-06;1.22172e-07;8.96132e-06;0.999899;6.68508e-07;4.41587e-05
0.00015136;0.960353;1.48584e-05;9.26067e-07;1.5454e-05;8.68308e-06;1.15549e-05;0.00116514;6.86408e-06;1.18649e-06;1.16106e-05;7.31537e-05;0.03813;5.62356e-05
5.43037e-08;0.992635;1.68061e-07;4.87442e-09;6.69949e-08;1.56808e-07;5.91451e-05;8.37138e-08;6.39815e-10;1.92912e-05;5.21892e-10;1.61741e-08;2.77116e-07;0.00728545
4.10359e-13;2.28091e-12;1;1.94033e-12;2.06868e-08;2.595e-10;1.09077e-12;1.31409e-12;6.53715e-14;1.00833e-11;6.71527e-16;8.62779e-11;4.78535e-16;2.84631e-09
9.73193e-08;0.000392126;3.51334e-09;2.43165e-08;0.002019;6.62627e-06;4.40423e-08;0.997502;9.79797e-09;7.99976e-08;9.7513e-09;4.79633e-08;2.58563e-05;5.37012e-05
3.77627e-07;0.000508682;0.994609;1.05853e-05;0.00193262;9.37153e-05;1.96276e-08;0.00014575;3.56645e-09;1.09125e-06;3.53646e-08;0.00248886;0.000198384;1.05127e-05
1.95432e-07;0.816515;8.48476e-07;2.33118e-06;8.13648e-07;6.4921e-07;3.25893e-07;0.179643;1.05125e-06;6.65579e-09;9.06561e-06;6.66875e-05;0.00375872;7.73103e-07
2.35086e-06;0.995872;3.7482e-06;3.45367e-06;4.07918e-05;3.21473e-06;1.63994e-05;0.000758913;1.47274e-07;0.000102891;1.92887e-07;8.86594e-08;4.1914e-05;0.00315345
6.12443e-13;2.09341e-11;1;5.01863e-13;9.27789e-13;2.0803e-13;1.84499e-11;8.81483e-15;1.67779e-14;1.36025e-12;6.26075e-14;1.45423e-08;2.34203e-12;4.0528e-14
1.50482e-07;6.68978e-06;4.5691e-05;1.51562e-07;5.34771e-06;2.22483e-07;1.02417e-07;0.000958294;3.13674e-06;3.69421e-08;1.55022e-05;0.998833;0.00012939;2.60973e-06
7.18103e-07;0.00845236;2.44199e-08;3.23661e-05;0.00177129;0.000418772;1.16698e-07;0.0365524;2.99156e-06;3.40155e-06;3.04905e-05;0.00119383;0.950835;0.00070586
1.24234e-05;0.00203032;7.7422e-07;0.000305935;0.000134928;0.000769033;1.60725e-05;0.000945195;2.27259e-05;2.34426e-05;6.71787e-05;0.00544554;0.989345;0.000881575
5.29897e-07;0.000367339;0.999562;3.9751e-07;2.13385e-06;6.84338e-07;1.61477e-09;2.20532e-05;4.80129e-10;5.01162e-08;3.69096e-10;2.11708e-05;4.77428e-07;2.3712e-05
8.47379e-08;1.16698e-05;2.24947e-11;7.73034e-09;2.71194e-09;1.05894e-08;6.06543e-09;0.000431472;2.1129e-07;1.59173e-10;3.53275e-06;1.77688e-07;0.999553;1.60357e-09
9.85681e-06;0.000295365;9.12725e-07;2.06803e-06;3.40936e-07;1.78356e-06;3.37573e-08;0.00177963;5.21804e-05;1.36697e-07;6.16128e-05;0.99047;0.00720102;0.000125044
3.21197e-06;0.00664615;5.98148e-07;1.04304e-07;0.000148614;9.84845e-06;9.67997e-10;0.98819;8.73961e-09;9.43383e-08;2.7207e-08;1.99755e-06;2.86688e-05;0.00497106
1.24785e-07;0.0241006;3.89063e-05;8.7365e-06;0.000455474;6.05862e-05;8.43658e-08;0.00052129;8.0536e-07;9.68987e-07;2.2175e-05;0.923803;8.03127e-05;0.0509072
3.28554e-08;0.00321992;5.83269e-11;1.41951e-08;3.80788e-08;1.2996e-08;3.15049e-08;2.20884e-05;8.90218e-08;1.0817e-09;5.47923e-06;1.51002e-06;0.996751;1.09627e-09
8.86668e-05;0.985461;0.000135686;7.75255e-05;2.45283e-05;5.98713e-06;1.10985e-05;1.19975e-05;2.89628e-06;1.37907e-05;7.34036e-06;0.000862496;0.012819;0.000478317
1.83446e-06;0.0252332;1.60213e-11;1.81453e-06;2.49707e-07;7.30744e-06;4.39383e-07;0.000135234;1.62006e-05;1.50515e-07;1.6698e-05;8.17628e-07;0.974586;4.94706e-07
2.08611e-05;0.0244876;0.511797;0.00113877;0.000425213;3.90842e-05;3.06195e-06;0.00071677;1.50315e-07;0.000239457;2.79757e-06;0.325971;0.000831849;0.134326
9.67146e-08;4.01294e-05;3.59119e-12;4.65942e-07;1.63702e-08;1.15491e-05;1.66402e-07;4.87343e-06;6.728e-06;9.98115e-09;4.99716e-05;9.62277e-09;0.999886;3.10244e-09
1.71215e-06;0.0091489;0.990778;1.18098e-06;1.71318e-07;1.70208e-07;4.17483e-07;9.27246e-07;2.65142e-09;1.98391e-05;2.71681e-08;4.29354e-05;7.17182e-07;5.20722e-06
3.52041e-07;1.07893e-07;0.999982;7.09928e-07;2.40592e-07;2.37465e-07;2.61849e-07;4.12604e-09;8.30382e-07;4.43876e-08;4.4196e-06;1.04666e-05;5.69164e-09;6.1107e-08
0.000299016;0.820184;0.000156153;3.08196e-05;1.71375e-05;0.000308358;9.70935e-07;0.0760011;4.74463e-05;1.45586e-05;9.94276e-05;0.0408424;0.0323589;0.0296402
9.15466e-08;4.6893e-05;3.29695e-10;6.07693e-08;1.12499e-06;1.0442e-06;1.83872e-09;0.000343194;1.46322e-07;2.73011e-09;5.11918e-06;1.37088e-06;0.999599;1.47584e-06
1.61868e-06;0.00584572;1.01791e-06;6.91458e-07;6.70757e-07;1.17383e-07;8.86513e-09;6.58884e-06;7.35075e-07;1.34788e-07;6.74616e-07;0.975756;0.0183801;5.99472e-06
1.21155e-06;0.977358;1.96216e-08;1.10854e-05;3.26235e-06;1.04944e-05;2.21143e-06;0.00100925;6.25456e-05;2.54185e-06;1.93012e-05;9.84775e-06;0.021506;4.63574e-06
1.02304e-05;0.0040917;0.0261634;0.00171729;0.00012873;7.49899e-05;4.65327e-07;1.19412e-05;2.55053e-07;9.67332e-05;6.67005e-06;0.965596;0.000134623;0.0019673
5.70172e-06;0.0190114;4.91553e-11;3.77802e-07;5.79039e-09;9.84337e-08;0.979914;3.82219e-06;9.43638e-07;0.00012329;7.87075e-05;6.25174e-11;0.000844034;1.71442e-05
1.56788e-11;3.23519e-12;1;5.36453e-10;2.67446e-11;6.19182e-11;1.38186e-10;5.91293e-14;6.34961e-11;2.49829e-11;2.9741e-10;8.69258e-10;3.63834e-14;4.46324e-12
6.85623e-05;0.99931;4.00516e-07;3.36502e-06;6.06513e-09;3.11362e-08;6.00596e-06;0.000104134;0.000140827;6.11561e-07;0.000157298;5.27616e-05;0.0001557;3.7506e-07
1.63518e-07;0.00147801;2.14628e-07;5.99189e-08;7.12225e-08;1.50979e-08;6.52699e-09;3.78346e-06;7.33116e-09;2.1543e-08;4.13703e-08;0.998327;0.00019053;5.63831e-08
7.83476e-09;8.98716e-05;6.22746e-11;9.58816e-07;2.6493e-06;3.73809e-05;1.23386e-08;0.000174554;8.96498e-07;4.72582e-07;2.02269e-08;5.77173e-09;0.999693;8.43925e-08
2.46648e-07;6.54086e-07;0.999981;4.02826e-06;3.15438e-07;4.10549e-08;2.60307e-08;3.25723e-09;2.91576e-07;1.16463e-05;1.8918e-07;1.62725e-06;7.53876e-08;2.60469e-07
2.88474e-07;1.25699e-05;3.75356e-08;7.75014e-09;1.19059e-10;7.11502e-10;0.988988;2.78933e-09;1.91845e-05;0.0109488;8.82191e-06;1.69787e-14;6.12608e-10;2.25287e-05
3.5613e-14;3.7598e-15;1;3.19055e-14;6.61865e-15;9.42332e-15;2.91312e-12;1.28922e-17;1.18607e-12;3.55429e-13;5.25278e-13;8.24408e-13;2.66523e-16;5.31996e-16
