2.88068e-06;3.68417e-05;7.35125e-12;2.61874e-09;4.17384e-09;3.63049e-09;8.25794e-09;0.999931;1.14436e-05;8.60336e-10;9.68112e-08;2.29203e-10;1.77951e-05;1.25647e-08
9.27076e-08;9.24945e-06;8.17257e-09;7.22806e-08;1.64171e-06;3.18497e-08;4.80692e-08;1.09329e-05;4.99388e-06;1.94499e-09;5.57908e-08;0.999968;4.09627e-07;4.84668e-06
2.26646e-07;0.999524;1.73718e-11;9.0546e-11;5.89857e-11;3.3222e-11;2.70649e-07;5.11568e-06;5.74932e-09;6.23423e-11;1.28092e-09;6.6158e-09;0.00047077;9.26378e-10
6.94026e-12;4.91849e-08;1.06827e-08;6.11957e-10;3.77696e-08;3.57022e-08;4.10927e-14;1.28842e-08;5.32135e-10;3.06162e-13;4.49667e-11;0.999991;4.60411e-09;9.07088e-06
8.40527e-07;0.42155;4.63004e-09;9.62137e-07;1.52714e-05;8.32667e-06;1.60041e-08;0.00143434;3.5853e-06;7.66036e-09;4.43532e-06;2.64991e-06;0.576943;3.67907e-05
1.64902e-06;0.00134973;1.2398e-05;2.21141e-06;4.29061e-06;4.37162e-06;1.64455e-08;0.00037793;5.84907e-07;1.20839e-07;4.83401e-06;0.977112;0.0208505;0.000279574
1.42433e-08;0.00147024;9.15109e-09;3.34943e-08;0.000120764;0.000271196;6.12796e-10;0.996888;1.07597e-07;2.67856e-08;9.16715e-08;3.24241e-09;0.00124759;1.55604e-06
8.33531e-11;5.02527e-09;1;7.34713e-10;1.33147e-09;1.31784e-10;2.14654e-11;3.30434e-11;1.01418e-11;5.07019e-10;4.0795e-11;1.50377e-08;2.09705e-11;6.76176e-09
8.31013e-06;7.39122e-06;0.000357725;1.46493e-05;5.384e-06;0.000314509;4.66941e-09;0.000373913;0.000252575;4.01595e-07;0.00114711;0.997473;3.80661e-05;7.03946e-06
7.41549e-05;0.000448651;5.35243e-06;3.90167e-07;2.23951e-06;3.37651e-05;9.91097e-07;0.00387012;2.37578e-05;2.23233e-07;0.0075703;4.33202e-05;0.987927;6.93102e-09
4.41368e-08;2.25405e-05;2.21657e-09;2.31855e-08;4.03386e-07;3.57333e-06;2.65852e-11;1.37812e-07;6.50351e-09;2.84445e-10;2.13576e-06;0.410887;0.589084;5.13908e-07
1.10474e-05;0.473553;0.000202054;2.37179e-05;0.0187544;2.21001e-05;3.66665e-07;0.00453214;8.35323e-08;3.06345e-05;7.72449e-09;1.83392e-07;1.77803e-06;0.502869
2.56057e-06;0.0499807;2.97543e-09;1.56289e-08;8.06496e-07;9.44264e-07;4.60757e-06;0.942174;2.69844e-06;7.64976e-08;1.8425e-07;5.75411e-10;0.00783308;4.76141e-10
5.67543e-10;4.50358e-09;1;9.01786e-09;7.07138e-08;4.13846e-09;5.21999e-10;5.36771e-11;1.9689e-11;2.2056e-09;8.42049e-11;3.6011e-07;7.80742e-11;3.6151e-09
1.33207e-07;1.63404e-06;0.999964;2.112e-07;5.52931e-08;4.16956e-08;7.63482e-08;8.89498e-07;3.67925e-08;1.11194e-07;1.97835e-08;3.27227e-05;1.50967e-08;2.65692e-07
2.09545e-06;1.26738e-05;1.29636e-06;3.44826e-07;0.000778565;0.996894;2.45068e-08;4.48562e-07;1.03527e-07;1.01737e-07;1.32958e-07;3.41693e-06;0.000199623;0.00210758
1.76282e-06;2.29335e-05;4.75707e-08;2.95562e-08;0.00344472;2.74493e-05;2.00392e-11;0.00258546;1.30151e-08;1.8301e-09;1.30679e-09;0.993724;3.91706e-05;0.000154234
1.91254e-05;0.992778;2.5839e-05;2.43137e-06;3.18913e-05;6.18716e-07;0.000935279;3.38303e-06;4.63739e-08;0.00570924;6.14953e-09;1.38839e-07;1.2651e-06;0.000492858
2.61652e-09;1.83674e-10;1;4.57462e-09;6.96842e-08;3.75683e-08;2.21391e-08;6.62546e-09;3.13122e-09;7.80725e-09;1.84629e-10;4.72808e-09;3.83955e-11;5.93228e-10
4.76734e-08;0.999754;1.91897e-05;2.84334e-08;2.60825e-08;6.58656e-08;1.45569e-09;1.43479e-05;2.25441e-11;2.4769e-09;8.75037e-11;4.77813e-07;0.000211784;4.22037e-08
1.02469e-07;0.000711638;4.39743e-11;2.31182e-07;6.85852e-07;2.341e-07;3.60049e-09;0.000974077;9.54121e-09;6.0776e-09;1.36384e-06;1.44706e-05;0.998295;1.89385e-06
3.29579e-06;0.0002726;1.6254e-06;4.18837e-06;2.08378e-06;8.49923e-07;3.69459e-07;4.34063e-06;3.72029e-07;1.04403e-06;6.61699e-05;0.988586;0.0109764;8.06489e-05
6.54787e-08;0.00102858;1.48049e-09;1.24559e-07;0.00022351;0.000400804;5.09855e-08;0.996154;8.33337e-07;1.7804e-07;5.96763e-07;9.04647e-09;0.0021908;3.4238e-07
5.94193e-11;3.22717e-10;1;4.28981e-10;1.87629e-09;1.82297e-11;4.8529e-11;2.62696e-11;3.64427e-12;2.79902e-10;1.49048e-11;1.13773e-08;2.77767e-12;5.8322e-10
2.06671e-07;9.07507e-05;0.000327588;5.92377e-07;2.18355e-07;2.70681e-06;1.25688e-09;9.27893e-07;1.8646e-06;3.00368e-08;5.08786e-06;0.999561;6.84615e-06;1.95005e-06
0.000147015;0.00293662;2.068e-05;1.50738e-06;4.10774e-05;0.000693054;4.29507e-06;0.19788;2.68622e-05;2.74621e-06;0.00287905;0.00033043;0.795036;7.66061e-07
7.78631e-09;6.5102e-06;4.04624e-09;4.41009e-09;3.35242e-07;9.88403e-07;9.48772e-12;1.83966e-07;1.11605e-09;6.04988e-11;2.39161e-07;0.988656;0.0113357;2.25821e-07
1.75783e-06;0.352921;0.000106423;8.81291e-06;0.0103825;4.72041e-06;9.22935e-07;0.0143885;1.48566e-07;1.0346e-05;8.09026e-09;1.88801e-08;6.25395e-07;0.622174
1.48524e-07;0.0179366;7.99938e-10;2.29263e-09;2.01651e-07;3.28427e-07;1.35568e-07;0.968564;2.18163e-07;1.37211e-09;1.50645e-08;2.34293e-11;0.0134983;7.65923e-11
1.08922e-09;7.496e-08;1;1.02705e-08;3.77431e-08;3.93942e-09;2.07015e-09;3.07126e-10;1.2909e-11;3.7296e-09;4.93361e-11;8.31147e-09;1.07254e-09;3.28002e-07
5.97195e-07;1.94748e-05;0.138489;2.4252e-06;9.82033e-07;1.15748e-05;8.78859e-09;6.2044e-06;1.2273e-06;1.51585e-07;1.52908e-06;0.86145;9.294e-06;8.29241e-06
3.81559e-05;0.00743221;1.17876e-06;7.06875e-07;5.53464e-05;0.00430723;2.65937e-06;0.00637327;1.46968e-05;2.02967e-06;1.22107e-05;5.60725e-07;0.981494;0.000266038
5.5258e-06;0.289353;2.51818e-06;1.33395e-06;0.000125428;0.000662796;9.46922e-09;1.37396e-06;1.74323e-07;3.53742e-06;7.9511e-08;0.523964;0.178879;0.00700097
5.17889e-05;0.974682;0.00320257;4.30631e-06;0.00885176;1.03788e-05;0.000231892;0.000368835;4.61107e-06;0.000895219;4.2411e-09;5.36614e-05;2.30492e-06;0.0116405
7.2928e-07;2.3198e-06;0.989894;1.4473e-07;5.50175e-06;5.28811e-07;7.75213e-08;0.0100663;4.42858e-06;3.31672e-08;9.18687e-08;1.14782e-07;2.62881e-05;1.56881e-10
1.00928e-08;0.999186;1.12512e-06;1.0833e-08;8.04878e-08;5.31047e-08;1.1592e-12;0.000206937;3.57664e-12;9.4925e-10;3.46511e-12;1.83933e-08;0.00060561;1.67911e-08
2.03142e-09;3.31986e-07;1;3.04403e-09;1.47627e-08;5.79925e-10;1.01613e-09;2.44546e-09;5.78595e-12;9.60864e-10;2.65731e-11;4.86102e-08;4.08995e-09;1.42761e-09
1.264e-08;1.1282e-06;0.985894;5.72778e-08;4.6025e-07;8.10244e-08;6.68453e-10;2.45937e-07;3.05768e-10;7.70435e-09;2.61483e-09;0.0140995;3.64891e-08;4.36991e-06
2.67923e-08;0.000272703;5.00514e-05;1.15191e-06;0.0214389;0.791024;4.31527e-10;4.62443e-06;6.13942e-09;3.61138e-08;2.94227e-08;2.73072e-06;5.40644e-05;0.187152
7.85798e-07;0.00286514;1.62465e-07;3.47167e-06;0.000273763;0.000234154;6.63191e-08;0.000439023;3.18442e-08;2.58959e-07;1.36674e-06;0.965637;0.0300402;0.000504816
1.10215e-06;0.799307;1.59173e-07;1.5748e-07;3.21128e-05;9.09366e-06;2.80588e-08;0.199721;2.48192e-07;5.2116e-09;7.73752e-08;3.713e-06;0.000925033;1.60879e-07
6.58973e-06;0.898704;1.28395e-06;2.81014e-08;5.22836e-08;8.01113e-07;2.14455e-07;0.000230605;6.72651e-10;6.38316e-08;2.08374e-09;0.00517861;0.0958777;6.87714e-08
3.96586e-06;0.128309;4.68127e-05;0.000199593;0.00125487;0.00567808;2.25415e-05;0.0737462;2.21917e-05;3.78991e-05;3.50825e-05;0.764489;0.0246929;0.0014625
0.000612605;0.870744;4.78543e-05;0.00417225;0.00031205;7.14329e-05;0.0267539;0.00156697;0.000728595;0.000524496;0.016838;0.00226295;0.0673365;0.00802834
0.00228187;0.682131;5.1381e-07;0.00308299;5.01966e-05;0.000197289;0.000343032;0.0351975;0.0406908;0.00018591;0.124469;0.107592;0.00137154;0.00240582
0.000323686;0.0137114;1.47228e-06;3.27582e-07;1.32775e-05;4.42909e-06;2.48882e-07;0.979234;1.68202e-06;5.11325e-07;1.29594e-06;0.00197663;0.00431579;0.000415074
2.36652e-06;0.603532;8.596e-08;2.17243e-06;7.24746e-05;0.000553234;1.85856e-08;0.000991432;2.67351e-06;3.61934e-07;7.11959e-07;0.366589;0.00461819;0.0236345
8.28645e-07;0.000874765;1.11835e-09;2.00403e-06;4.17676e-05;5.33782e-05;3.62292e-08;5.71629e-05;8.57503e-07;3.23113e-07;1.45892e-06;5.30645e-05;0.998895;1.90335e-05
0.000518582;0.0348906;3.95748e-06;2.61796e-05;1.414e-05;1.846e-05;7.63259e-07;5.91431e-05;1.44395e-05;3.36377e-06;2.07782e-05;0.959314;0.00505078;6.49401e-05
1.5698e-05;0.997898;0.000646889;7.62805e-06;1.21048e-05;1.82851e-07;6.62878e-07;2.40395e-05;1.18754e-08;5.34048e-07;4.51686e-08;1.01513e-05;0.0012224;0.00016206
7.64377e-06;0.532824;1.85322e-09;1.27661e-05;3.88855e-06;0.0002532;3.03027e-07;0.00863127;4.62238e-06;7.12935e-06;1.82745e-06;1.32729e-05;0.457912;0.000328573
1.0978e-06;0.000208988;0.254465;1.70247e-06;5.09486e-06;1.83783e-06;2.09003e-08;8.71422e-07;1.33893e-08;2.49106e-06;5.5491e-08;0.744867;5.22786e-05;0.000394073
0.000246818;0.280918;3.97845e-09;1.64801e-05;0.000204465;2.18922e-05;2.63482e-05;0.00400974;0.00586356;8.13148e-07;0.00108162;0.00132041;0.706281;8.52475e-06
4.17655e-05;0.99382;0.00403382;1.2615e-05;8.92092e-06;3.083e-07;1.33015e-05;3.55191e-05;3.04368e-06;1.38555e-05;1.41718e-06;2.0237e-05;2.73311e-05;0.00196818
6.37623e-09;3.45695e-09;1;1.10038e-08;4.2572e-09;3.18049e-07;9.24176e-09;1.58139e-11;1.6285e-09;4.37685e-10;2.01877e-09;4.007e-08;5.06929e-10;5.51637e-09
2.63459e-05;0.450098;6.25058e-07;1.7128e-08;1.8157e-07;1.60012e-08;1.20333e-06;0.534168;2.49424e-07;8.48213e-08;1.45732e-06;0.000124647;0.0155792;1.01922e-07
2.19603e-08;0.000483004;1.47063e-09;1.06154e-07;2.5213e-06;4.28576e-07;1.39869e-08;2.07712e-06;5.22274e-07;4.22954e-08;2.35624e-06;0.995584;0.00385487;7.04606e-05
7.42233e-05;0.114997;8.33321e-11;1.00386e-05;0.000407063;2.14687e-05;2.65746e-06;0.188388;0.000482348;1.13217e-06;0.000146849;0.000560064;0.694765;0.000144288
0.00074859;0.00631446;0.00031918;4.62529e-05;7.7055e-05;2.66825e-06;8.43499e-06;0.000578443;0.000112539;1.39427e-05;0.00012419;0.988448;0.00189381;0.0013123
1.36708e-05;0.114282;5.07545e-08;5.16689e-06;3.86994e-05;2.40651e-05;2.37464e-05;0.877696;1.24069e-05;3.68444e-05;8.9807e-06;2.11398e-08;0.0074633;0.000395021
3.2548e-11;1.01806e-11;1;3.17898e-11;1.07223e-11;1.9631e-11;6.50775e-11;9.96788e-15;5.7631e-12;5.18069e-11;2.11278e-12;9.16552e-09;5.78326e-15;1.0359e-09
6.58111e-05;0.51905;3.03332e-05;1.20177e-06;3.88566e-06;9.52862e-06;3.69571e-05;0.00948125;0.000379037;2.37228e-07;0.000245994;0.13818;0.331356;0.00115898
2.08864e-06;0.746744;9.59597e-10;1.374e-05;1.36026e-05;3.46359e-05;1.15137e-06;0.0124213;4.40428e-05;3.25379e-06;3.63445e-05;0.23625;0.00346297;0.000972708
3.64481e-05;0.741208;3.42016e-10;5.98169e-06;4.32734e-05;9.04458e-06;9.14514e-05;0.254599;0.000368499;6.40077e-06;0.000278139;7.75363e-06;0.00300461;0.000341256
2.84659e-05;0.259159;1.47197e-05;6.13344e-07;1.53353e-05;1.58642e-06;3.38073e-06;8.63442e-05;3.90531e-05;3.95144e-07;2.39025e-05;0.700504;0.0400621;6.1316e-05
9.82152e-07;0.000515509;1.66506e-10;2.6418e-08;5.10016e-07;3.91224e-07;1.46094e-08;1.04887e-05;6.20437e-07;1.08382e-08;1.75712e-07;4.75505e-06;0.999466;3.19022e-07
0.000118462;0.0203128;1.26728e-05;5.34923e-05;6.48679e-05;4.89273e-05;9.66733e-06;0.000547468;0.000121548;1.14442e-05;0.000236351;0.960529;0.00507817;0.0128553
5.85088e-07;0.000750636;1.63496e-08;2.75478e-08;0.000208896;2.39634e-08;6.65254e-10;0.998918;7.68598e-08;5.35008e-09;5.57979e-08;0.000111603;8.20892e-06;1.615e-06
5.58696e-07;0.00027207;0.998957;8.87233e-06;1.88428e-05;2.24525e-05;5.80985e-05;2.26352e-06;3.77916e-08;0.000278094;5.32335e-07;5.05195e-07;7.11882e-05;0.000309696
2.62786e-08;5.55878e-09;0.999993;8.68273e-09;3.8964e-09;7.50976e-10;4.59494e-06;6.69318e-09;1.27695e-07;1.89662e-09;1.82059e-06;1.99001e-07;4.22034e-09;3.45597e-10
1.6135e-05;0.0163441;0.0102952;3.87722e-06;2.71571e-06;6.77883e-06;8.54766e-07;9.82574e-05;7.73302e-06;2.33161e-07;3.02307e-05;0.948621;0.00032451;0.0242482
0.000152028;0.90981;6.90575e-06;1.14298e-06;0.0129122;0.000145157;1.18098e-06;0.0571378;0.000314857;1.22326e-06;9.44889e-05;0.00695622;0.0102985;0.00216838
1.26234e-05;0.00525075;0.961717;6.81728e-06;0.0105001;0.00980371;1.169e-08;3.55626e-05;1.57038e-07;2.47025e-06;1.02786e-07;0.00361036;0.00903715;2.29929e-05
1.25529e-05;0.99933;2.69948e-08;6.26465e-10;1.30516e-08;4.26205e-09;0.000585912;7.35079e-06;1.18243e-06;1.50638e-06;3.29655e-08;5.72567e-09;6.11125e-05;3.56373e-07
3.60368e-13;1.6027e-11;1;9.67978e-14;3.55611e-10;1.28914e-12;1.88555e-13;8.43734e-14;5.40879e-15;1.10243e-12;1.32519e-16;2.59386e-11;1.30178e-13;1.67603e-13
5.24392e-06;0.217534;4.50681e-06;2.12266e-05;0.00391851;0.00308598;1.13819e-06;0.7363;0.000125153;1.50089e-06;3.92945e-05;0.00128702;0.0375169;0.000159472
4.72685e-07;0.99839;4.93599e-06;1.96951e-06;1.56354e-06;7.42428e-08;7.68076e-08;0.00127182;1.57482e-08;2.03944e-07;1.34622e-08;4.39772e-06;0.000317695;6.39862e-06
8.93003e-07;0.998081;6.59645e-09;8.63609e-08;4.55547e-08;2.1866e-07;5.05475e-09;0.00106878;7.11495e-09;5.22498e-08;1.50423e-08;0.000749441;9.90185e-05;1.01676e-07
5.19425e-05;0.00131696;2.02784e-06;2.04126e-05;0.000889246;0.000398842;0.000252233;0.957444;1.66372e-05;9.03942e-05;3.53876e-05;0.00121381;0.0358947;0.0023731
0.000253594;0.00424612;2.79638e-05;0.000423211;0.00624388;0.00167838;5.6931e-08;0.00105992;0.000410659;3.58494e-07;2.26027e-05;0.748845;0.00237254;0.234416
0.000221951;0.695655;1.90402e-09;0.000141686;1.02134e-05;2.88403e-07;1.69967e-05;0.293947;0.00680936;3.75794e-07;0.00251479;0.000441587;0.000228714;1.22696e-05
4.36895e-05;0.957514;0.00324511;0.000514894;0.000315915;0.00044018;1.24631e-07;8.9479e-06;3.69557e-07;2.5373e-05;2.89786e-07;0.00760062;0.00759417;0.0226966
0.000237327;0.0531106;2.24894e-05;1.17556e-05;4.85109e-06;1.50413e-05;3.59756e-06;0.00083706;3.24279e-05;2.95668e-07;1.51687e-05;0.471871;0.47377;6.83644e-05
2.35268e-06;0.00689731;7.9225e-08;6.10123e-06;0.0093642;1.01709e-05;6.89751e-09;0.981279;2.0658e-06;1.68204e-07;2.86015e-07;7.84869e-05;0.0023272;3.29147e-05
3.68692e-06;0.959627;0.037769;7.60148e-05;0.000159979;0.000223311;7.71958e-07;0.00127701;2.17421e-09;5.4068e-05;1.59448e-08;3.06167e-07;8.57698e-06;0.000800756
1.08617e-09;6.62788e-10;1;3.20208e-09;1.13848e-09;1.29821e-09;2.21282e-08;3.33278e-10;1.03137e-10;1.24755e-10;2.53696e-09;8.29517e-08;5.48704e-10;1.8192e-09
1.67194e-08;1.56131e-07;0.999983;2.26116e-07;1.33648e-07;1.40191e-06;1.44546e-08;1.34389e-06;3.21683e-08;1.32048e-09;3.56102e-07;9.81032e-06;3.36835e-07;3.30003e-06
1.13677e-09;1.53906e-05;1.89297e-06;4.16292e-09;2.95078e-06;0.000300338;3.30762e-13;1.43651e-07;1.33723e-12;1.68973e-09;2.21694e-11;9.7098e-06;3.36784e-07;0.999669
2.35859e-09;0.000368667;1.9871e-13;1.29088e-09;5.45416e-09;1.05846e-07;2.12786e-11;1.65363e-06;1.54802e-08;3.30998e-12;9.00886e-08;1.60983e-06;0.999628;7.12452e-09
4.91151e-07;0.994461;4.95179e-10;8.23279e-08;1.06027e-08;3.17682e-08;2.3808e-09;3.36585e-06;5.93554e-10;2.54817e-09;2.46419e-09;1.29662e-06;0.00551942;1.42025e-05
1.0894e-05;0.626256;0.000599301;8.6906e-06;0.000199547;0.00214153;6.45455e-10;0.00331618;1.63905e-09;1.6751e-06;2.47344e-09;0.300799;0.0119283;0.0547392
2.11233e-08;0.0929645;3.65791e-08;6.76666e-06;6.75048e-09;1.20402e-06;0.9039;8.32604e-09;3.61419e-08;0.00207199;1.16497e-05;9.3727e-09;8.96514e-07;0.00104253
4.78427e-12;3.44947e-11;1;1.2423e-10;1.24446e-11;3.91701e-11;1.1863e-10;1.18519e-14;5.80269e-13;5.48652e-12;2.60108e-11;2.73379e-08;8.51414e-13;2.92446e-14
1.95684e-07;0.998368;8.82257e-10;1.76424e-08;1.5757e-07;4.0536e-09;0.00107139;1.65693e-05;5.3727e-10;1.5648e-05;1.00143e-07;7.87493e-11;2.45301e-05;0.000503105
5.69754e-11;1.23018e-11;1;1.27398e-09;1.69856e-08;2.67513e-08;5.94747e-08;1.92142e-12;4.64839e-11;2.48479e-09;2.03616e-10;1.44425e-09;5.19033e-14;1.94215e-08
2.14127e-05;0.780635;1.06149e-05;0.000544944;9.93689e-06;5.14895e-05;0.000595919;0.0309045;0.00126479;3.15596e-06;0.0153417;0.00159964;0.168973;4.34018e-05
1.24316e-05;0.984595;2.92594e-07;1.05927e-05;2.51889e-06;3.3693e-06;6.09071e-06;0.0121685;2.38956e-05;5.5593e-06;9.58914e-05;0.00117644;0.00118659;0.000713315
2.74952e-06;0.425669;1.77517e-05;1.88923e-05;0.00107302;1.64245e-05;1.59991e-06;0.00029009;8.88741e-07;2.95201e-05;1.1753e-05;0.568405;0.000675938;0.00378807
0.000436978;0.315363;2.35145e-06;0.00295893;0.0158439;0.00251094;0.0506804;0.0247222;0.0440963;0.00208584;0.0695249;0.000954981;0.470151;0.000668295
0.00029742;0.578716;0.407601;0.00166786;0.00171431;2.26932e-06;8.79516e-05;0.000594366;1.53909e-05;0.000282972;7.40408e-05;0.00712897;0.000556687;0.00126144
0.000197701;0.915626;1.52579e-08;2.12626e-06;7.31202e-07;2.8016e-06;0.0457224;0.0135484;8.72967e-05;0.000682697;0.000135898;2.4456e-09;0.0239631;3.0972e-05
8.99623e-13;2.74828e-13;1;1.78353e-11;1.22071e-11;2.63566e-11;3.4511e-13;6.00996e-15;1.80032e-13;6.45317e-12;4.19452e-13;5.93545e-11;2.92747e-15;3.59933e-11
7.108e-06;0.988123;4.73867e-05;9.07023e-07;1.86356e-05;2.94573e-08;2.87514e-08;0.0108246;1.21834e-06;1.97875e-07;8.31236e-07;0.000965214;6.36666e-06;4.28453e-06
5.23851e-07;0.0391378;0.000464394;3.02068e-06;0.010418;0.00186717;1.56692e-08;0.000113571;5.66509e-10;5.8804e-06;5.24879e-08;0.907557;0.0396635;0.000768864
6.72305e-06;0.00140401;7.2995e-06;5.62783e-07;0.000184702;1.51642e-05;4.09045e-08;0.0143606;4.70799e-06;1.05251e-08;6.99482e-06;0.9695;0.0144969;1.20593e-05
3.63718e-06;0.554229;2.34525e-08;3.78369e-07;1.1843e-05;7.93302e-06;1.62196e-09;0.444295;3.82437e-08;2.02588e-08;6.38569e-09;6.18513e-07;0.00143982;1.21283e-05
7.57022e-06;0.980699;1.29101e-08;6.52992e-06;4.61477e-07;3.21844e-06;7.7935e-07;0.000131;2.71188e-06;3.20911e-07;1.18823e-05;1.15767e-06;0.0191226;1.33367e-05
0.00133719;0.0234384;1.81936e-06;1.89931e-07;0.000318933;1.14245e-06;1.5145e-10;0.929932;7.0522e-09;2.38172e-08;1.36059e-09;0.0339792;0.0109243;6.70819e-05
8.9983e-07;0.0108979;9.88935e-06;9.97581e-06;0.000540478;0.000325289;5.20076e-08;0.000517218;5.38902e-07;2.30556e-07;1.45016e-06;0.975443;0.00351224;0.00874078
8.12567e-07;0.0275118;3.33271e-08;7.71435e-07;1.46127e-05;7.57837e-07;3.03047e-07;0.00012262;1.11356e-07;1.22762e-07;2.62743e-06;0.000184313;0.97216;8.0126e-07
0.000165631;0.598776;5.46353e-09;5.57412e-05;5.11993e-05;3.27807e-05;5.9746e-07;0.051846;6.29639e-05;3.47722e-06;8.156e-05;0.321504;0.0274078;1.20297e-05
0.000121232;0.949926;1.14588e-08;2.87647e-05;0.000138266;2.33346e-05;6.05523e-05;0.0141328;4.1035e-05;3.41947e-05;0.000118391;0.000622478;0.0344841;0.000268561
0.00188785;0.733265;0.000122167;0.000226407;3.4046e-05;4.9189e-06;5.0566e-05;0.207063;0.000662187;8.92987e-06;0.000954229;0.0547272;0.000993322;4.32547e-07
3.74689e-05;0.124179;3.60201e-06;0.0249436;0.00189657;0.000357371;3.68407e-05;0.0328122;0.00243585;0.000177897;0.00503075;0.72961;0.0491171;0.0293618
4.83047e-07;0.996876;2.69722e-10;3.19921e-08;1.35576e-06;3.15232e-10;3.36107e-06;0.00311584;2.60481e-07;2.57025e-07;1.21271e-06;3.71452e-08;1.47613e-06;3.15995e-08
1.97991e-06;0.000106216;0.0546899;7.24507e-06;0.468774;0.000181718;1.85071e-09;2.43762e-05;2.54281e-08;8.69526e-07;1.24164e-07;0.466198;9.46625e-05;0.00992034
1.4572e-06;0.997718;5.51298e-12;2.73368e-09;3.23422e-08;7.06025e-10;2.58598e-06;0.00202983;4.69261e-06;3.57757e-08;4.75052e-07;5.69165e-10;1.98988e-07;0.000242645
0.000713984;0.0435359;1.19475e-05;8.74349e-06;0.000147993;9.75267e-07;0.41625;0.105607;0.269184;1.7515e-05;0.158003;5.37909e-06;0.00651285;1.7471e-07
1.87804e-06;0.999182;1.22078e-08;2.88892e-07;1.08963e-05;4.48502e-09;7.97218e-11;0.000769238;9.1585e-09;8.36875e-09;7.43718e-10;1.91473e-05;1.55407e-05;9.07515e-07
1.14398e-05;0.993516;6.92072e-06;1.54222e-05;9.11137e-07;1.16891e-05;3.23362e-08;5.61719e-07;8.11262e-09;6.40792e-07;6.41841e-08;7.49561e-06;0.00642376;5.06013e-06
3.78137e-07;0.0037546;2.54524e-08;1.2427e-08;5.99671e-08;7.11974e-11;1.89773e-08;0.000258959;1.39463e-07;1.10349e-09;2.46271e-06;0.995983;3.18695e-07;5.31991e-09
5.3877e-06;0.823626;0.00115966;2.33006e-05;0.00638084;8.26162e-05;0.000404227;0.00140579;1.62252e-07;0.00315511;4.57094e-07;3.86782e-06;1.22075e-06;0.163752
1.00117e-07;6.66297e-08;0.999936;6.10318e-09;7.85787e-09;1.46105e-08;2.70493e-08;5.23735e-08;3.07456e-07;2.15889e-10;2.11567e-07;7.63074e-09;6.3195e-05;6.11033e-11
0.00032271;0.702292;0.000211995;5.77739e-07;5.34779e-06;1.33358e-06;8.81328e-07;0.221534;6.75527e-06;2.58312e-07;6.94221e-07;1.3633e-05;0.075473;0.000137227
1.83395e-08;0.0111287;1.66638e-06;1.56489e-08;2.25023e-06;1.5412e-07;4.78154e-10;1.98443e-05;1.59942e-09;2.98554e-09;5.76374e-09;0.988609;0.000202381;3.55198e-05
1.01673e-06;0.500267;5.301e-06;7.82866e-07;0.000261793;7.28043e-09;1.77533e-06;0.498949;7.06431e-06;6.54014e-07;2.14609e-05;0.000440705;4.32721e-05;1.87191e-07
0.000383344;0.10863;0.0566667;0.0325087;0.0684526;0.00417778;2.41088e-05;0.000617285;0.000147953;0.0116893;0.00123802;0.476913;0.0660824;0.172469
0.141299;0.0731561;0.00103026;1.05765e-05;2.31414e-06;9.54481e-08;0.00397631;0.153469;0.602353;4.91357e-06;0.0085084;0.0114746;0.00471475;5.62316e-08
5.32634e-05;0.173853;6.21181e-07;0.0020311;0.00601544;0.000385899;2.14217e-06;0.0409489;0.0214017;5.95857e-05;0.000228929;0.659618;0.0476723;0.047729
5.78047e-06;0.992956;6.9445e-09;1.00001e-07;2.8348e-05;3.21746e-09;2.72446e-07;0.00696065;5.74681e-06;1.21849e-06;1.74085e-07;2.81129e-05;1.23991e-05;7.6981e-07
1.3666e-05;0.000324214;0.150394;3.15666e-05;0.814913;0.00012444;1.52047e-09;5.47841e-05;1.0227e-07;9.17784e-07;1.01634e-08;0.0223422;8.40195e-05;0.0117168
2.80695e-06;0.999532;1.29614e-12;5.16565e-09;6.80971e-09;1.75774e-10;1.04731e-06;7.49174e-05;2.386e-05;2.51602e-08;1.72687e-07;4.16088e-10;5.96991e-08;0.000365022
0.000116016;0.106445;9.67083e-07;1.02777e-05;7.38547e-05;1.07884e-06;0.383298;0.00936902;0.452986;3.78983e-05;0.0438841;4.09795e-07;0.00377717;1.98063e-07
1.10908e-07;0.999938;4.36248e-07;1.76442e-06;8.15209e-08;3.24851e-08;4.04503e-09;6.70986e-07;1.09149e-08;6.3595e-08;3.64927e-09;5.02346e-05;1.08975e-07;8.21035e-06
4.42326e-06;2.72276e-05;7.19131e-12;3.95878e-10;3.35292e-08;4.41961e-10;2.62548e-10;0.999967;2.11797e-07;1.20742e-10;4.44761e-09;2.10732e-10;7.06121e-07;1.01659e-09
7.44101e-08;0.000183911;2.45387e-06;6.73627e-07;0.000431791;0.000140576;1.76106e-08;0.000367955;3.10555e-08;4.39109e-07;3.01137e-09;1.9378e-07;5.28615e-07;0.998871
3.11272e-10;8.71453e-10;1;2.38622e-10;3.07855e-10;5.83663e-12;3.57322e-09;1.79613e-10;1.54791e-10;1.03372e-11;4.95115e-10;9.33389e-10;2.78627e-09;9.08811e-12
2.74769e-06;0.00147485;0.995981;1.72332e-05;9.75245e-05;3.04075e-06;3.65299e-07;0.00232738;1.90664e-06;1.26326e-07;4.41876e-06;3.88707e-05;5.47385e-06;4.53194e-05
1.12854e-08;0.000250673;1.89833e-06;3.86308e-08;3.11066e-05;2.11717e-05;1.82999e-13;3.55008e-06;2.12078e-11;2.35734e-09;1.80814e-10;4.24082e-05;1.14375e-06;0.999648
4.89535e-07;0.972567;4.52588e-08;6.32548e-07;6.85712e-06;2.42272e-06;7.37857e-09;0.00170558;1.87286e-07;7.23111e-09;1.28203e-06;4.08957e-05;0.0256549;1.97528e-05
1.27805e-05;0.84158;6.48534e-05;0.000463594;6.01142e-05;0.00021299;1.5127e-07;0.147797;7.74472e-07;9.15282e-07;5.00814e-07;3.11826e-05;0.00512861;0.00464595
6.63942e-07;0.494492;1.59983e-09;0.000255016;7.65407e-05;3.36601e-05;4.35902e-08;8.88788e-05;4.74608e-07;4.05634e-06;1.18386e-05;0.000289862;0.000780137;0.503967
0.000111012;0.00390316;4.4311e-06;0.000186469;0.00934335;4.41143e-07;1.07373e-06;0.982514;1.2944e-06;7.92863e-06;7.48973e-07;0.000438714;2.89349e-06;0.00348455
0.000308871;0.31231;0.614711;0.0613621;0.00857878;0.000246021;3.82288e-05;0.000240286;9.53555e-06;0.00022439;0.000778924;0.000678361;0.000221834;0.000292161
7.44257e-06;6.94577e-05;1.24722e-06;0.000130598;1.20633e-09;1.61932e-08;0.000121755;9.30845e-07;0.00517552;5.89418e-08;0.994118;0.00017526;0.000200018;1.0376e-09
1.83127e-07;0.999986;4.20309e-07;1.12739e-06;1.22287e-08;4.22126e-09;7.42507e-08;1.43044e-06;1.49809e-08;8.70083e-08;1.75593e-08;8.82002e-06;1.46768e-06;8.10546e-09
2.75123e-07;0.000680127;1.08234e-08;8.92377e-07;7.98386e-06;1.18167e-09;8.5382e-07;0.999224;3.00665e-06;1.41503e-06;4.45993e-07;7.52247e-05;5.38485e-06;6.31881e-08
9.10419e-07;0.00334736;0.993199;0.00201427;1.60618e-05;0.000395302;1.49827e-07;1.51541e-07;1.55974e-07;0.00054259;0.000142868;7.04332e-05;1.59536e-05;0.000254344
0.000314131;0.0106328;0.000631915;0.000253344;5.07038e-06;1.04059e-05;0.000135904;0.000105456;0.0006195;6.78237e-05;0.958182;0.0271568;0.00185629;2.85225e-05
