3.27654e-07;0.00960953;4.65733e-11;1.5884e-08;3.22711e-06;5.21815e-08;1.26213e-08;0.000451649;8.06118e-10;1.35269e-08;2.461e-09;3.06887e-08;0.989934;1.00038e-06
1.04042e-06;5.34029e-05;2.00661e-09;0.000639502;0.000366513;0.536122;1.52385e-07;6.06332e-05;1.4057e-07;0.000223804;2.36156e-07;7.66054e-08;0.45557;0.0069621
1.70035e-05;1.00777e-05;0.997336;9.13379e-07;2.07976e-09;1.32241e-08;8.10488e-05;5.76402e-09;2.1294e-08;0.000105045;1.55669e-07;0.00244933;3.13143e-07;3.06628e-07
2.42874e-08;9.57369e-11;0.999998;3.87912e-09;5.87231e-10;3.25549e-09;1.4586e-06;1.01618e-12;5.10841e-07;2.19325e-09;5.61326e-08;5.28734e-08;3.49166e-11;3.38666e-11
0.000188953;0.00155207;2.55201e-06;3.86821e-08;5.3302e-06;2.91662e-07;1.73707e-06;0.997136;0.000186594;2.52713e-07;5.12183e-06;7.49643e-06;0.000890547;2.27976e-05
4.0056e-08;0.000806905;4.96023e-06;1.84453e-07;1.68261e-06;2.68473e-06;2.85615e-11;5.40025e-06;3.58955e-07;1.79684e-09;2.10828e-07;0.998496;5.19645e-05;0.000629571
3.48157e-06;0.991352;5.84122e-08;1.73173e-08;1.17225e-05;4.30531e-09;2.14318e-08;0.00800125;8.06255e-07;5.09755e-08;7.23619e-08;1.56538e-06;3.20953e-06;0.000625799
2.43314e-05;9.29563e-05;0.00450817;6.7724e-06;0.986875;5.98208e-05;1.62189e-08;1.23972e-05;1.80342e-06;2.34749e-06;1.84529e-07;0.00735341;0.000121208;0.000941313
0.000603537;0.985027;2.11695e-08;5.90228e-09;3.92724e-05;1.07098e-08;0.00709214;0.000720492;0.00628817;1.85992e-05;1.44852e-06;2.20608e-10;5.10776e-06;0.000203682
2.08938e-11;2.1738e-13;1;1.93179e-13;4.26342e-10;3.9073e-13;3.92022e-12;1.75528e-12;4.32213e-10;8.03326e-13;4.9645e-13;9.1288e-08;5.63441e-15;1.23883e-13
1.63225e-06;3.12193e-06;3.30597e-10;2.08768e-08;2.37784e-06;1.68755e-07;3.87413e-07;0.987348;0.012229;9.90776e-09;0.000187842;1.46567e-07;0.00021978;7.68314e-06
1.51389e-05;0.995582;5.71493e-06;2.50307e-07;8.41185e-07;1.74901e-07;0.00177897;8.41085e-05;9.96243e-07;0.000489458;4.33315e-07;9.41479e-07;0.000863504;0.0011775
2.18582e-11;1.1101e-11;1;3.64272e-10;1.43186e-09;2.80129e-10;4.18791e-09;3.3676e-12;6.98349e-11;4.83865e-10;3.98219e-11;4.70036e-07;4.20329e-11;2.9316e-12
6.54429e-06;0.995781;3.21263e-05;3.48587e-05;1.02212e-05;1.7776e-06;0.00017079;0.0014243;0.000661628;1.87803e-06;0.000864272;1.58085e-05;0.000949434;4.56458e-05
4.53248e-06;0.955031;4.96891e-09;2.5409e-05;0.000133398;2.49059e-05;1.72241e-06;0.00133865;1.23713e-05;0.000114215;7.85512e-06;1.5608e-05;0.00067023;0.0426197
1.65817e-07;4.23362e-06;1.51058e-07;3.01014e-08;8.97791e-08;1.99891e-07;3.60135e-09;8.21771e-07;5.1225e-08;2.20981e-10;6.10195e-08;0.999975;1.77727e-05;1.44367e-06
2.26993e-07;0.997759;2.67453e-09;1.27803e-08;2.2712e-09;2.28143e-08;6.99476e-05;0.000157449;5.79438e-08;2.7809e-06;3.13874e-08;7.28876e-11;3.72592e-05;0.00197297
8.79749e-11;1.44842e-10;1;3.05981e-11;6.4381e-09;1.54309e-09;2.19713e-10;1.93981e-09;4.04634e-11;1.08009e-10;1.29865e-11;2.0399e-07;4.76638e-11;7.89738e-12
4.34692e-08;0.000219942;6.21919e-10;9.2899e-08;3.87946e-07;5.85958e-07;2.58668e-07;2.80656e-05;1.08056e-06;3.20689e-08;5.89637e-06;3.4629e-07;0.999743;9.90441e-08
1.52164e-06;0.000235139;9.2333e-08;1.76077e-05;7.09478e-06;2.5415e-06;1.9774e-07;2.50585e-05;5.31483e-06;2.99165e-06;1.3629e-05;0.998269;5.42908e-05;0.00136507
2.8055e-05;0.999304;4.12579e-06;2.21125e-05;2.11759e-06;1.301e-07;1.45758e-05;5.7933e-05;4.91326e-07;8.37181e-07;1.162e-05;6.73764e-05;0.000479972;6.91804e-06
8.73536e-06;0.972192;8.90521e-09;6.22441e-07;7.8985e-06;1.10609e-06;0.000400922;0.00446882;2.07974e-07;9.43784e-05;8.01662e-08;1.19577e-09;9.02138e-06;0.0228159
1.03259e-11;1.78265e-12;1;3.47183e-11;1.32026e-11;4.42969e-11;1.3295e-10;2.74282e-14;1.89988e-11;3.70252e-11;1.54723e-11;9.5725e-08;1.4924e-14;1.15274e-10
1.98669e-06;0.481289;9.72485e-10;8.63791e-08;1.23154e-07;1.16185e-06;1.07619e-07;1.48387e-05;1.02328e-06;3.84392e-09;2.29955e-07;3.00175e-06;0.518346;0.000342629
3.73505e-06;0.279746;0.000109922;8.99937e-07;0.000108709;1.51707e-05;2.85051e-07;0.345978;3.94475e-06;1.35104e-06;5.30484e-07;0.289928;0.0491351;0.034968
4.21819e-07;0.0430767;8.13537e-06;1.78188e-05;3.20533e-06;0.0309184;1.55614e-06;0.000327689;1.12437e-06;7.45476e-06;3.60698e-06;0.000406597;0.925093;0.000134432
1.64928e-06;5.31298e-05;0.875564;2.48686e-06;1.72702e-07;6.12697e-07;1.97098e-05;1.76504e-07;1.37284e-08;9.04018e-06;3.16232e-08;0.12433;1.18092e-05;7.37898e-06
7.19609e-09;2.58161e-09;1;9.52759e-09;3.47905e-09;3.96737e-09;3.71894e-08;1.10687e-08;9.28685e-09;7.73482e-10;3.88584e-09;3.3468e-08;4.24307e-11;8.11514e-10
1.25923e-06;0.00253373;6.53662e-09;2.33076e-08;2.13133e-05;3.31177e-09;3.82481e-08;0.997431;1.1944e-07;7.67715e-09;2.54805e-07;2.7658e-06;5.84348e-06;3.59857e-06
1.32824e-07;3.09788e-05;0.991083;1.3645e-06;0.00020722;2.55035e-05;6.05939e-08;2.84048e-05;5.77673e-09;4.27636e-07;4.33569e-08;0.00857262;1.48118e-05;3.52418e-05
1.05373e-06;0.0571434;2.91255e-11;3.44429e-08;2.42871e-07;1.71944e-08;9.25333e-08;0.925762;8.12844e-07;1.17241e-09;1.86189e-06;0.00011993;0.0169709;4.08168e-08
1.27036e-06;0.787363;5.31217e-10;3.74031e-08;1.22483e-06;2.73996e-09;1.63308e-08;0.212493;1.1864e-07;1.32077e-08;2.36786e-08;1.38191e-05;6.41529e-05;6.38665e-05
5.93472e-06;0.060014;0.923321;4.19356e-05;0.00179123;6.35977e-06;1.00225e-06;1.6498e-06;1.99922e-08;1.94593e-05;2.62222e-07;0.00797384;0.00455396;0.00226916
0.000118387;0.364351;0.000101851;5.91254e-06;0.000166355;9.50127e-07;0.000237975;0.627386;0.000820824;1.89396e-06;0.00217253;0.00118967;0.0034455;1.52784e-06
4.54367e-05;0.123208;1.61598e-08;0.00027407;0.00750607;0.00590185;4.99842e-07;0.000194182;0.000168431;9.34045e-05;2.55365e-05;0.000765678;0.000681982;0.861135
0.0633068;0.921412;2.87265e-05;2.14295e-05;6.41518e-07;6.46272e-08;5.35382e-05;0.0017387;0.0128604;1.83165e-06;0.00041051;0.000130683;3.40006e-05;6.78171e-07
1.26661e-05;0.998837;3.84128e-10;1.30932e-07;1.1506e-05;3.42685e-09;7.90591e-09;0.00113112;7.38921e-07;1.27354e-07;1.72582e-08;5.20361e-08;4.06699e-07;5.85087e-06
3.67279e-07;7.92652e-05;0.000703926;1.07067e-06;5.12494e-06;2.06552e-05;2.60394e-08;4.92419e-07;7.96486e-09;4.41506e-06;2.9469e-07;0.999125;1.89217e-05;4.07484e-05
4.86614e-06;0.00567115;7.51726e-12;2.32044e-07;2.22379e-06;1.02698e-05;5.24147e-07;0.000147024;1.05983e-05;2.03716e-08;1.88666e-05;0.000163164;0.993968;3.34057e-06
0.000365043;0.0102155;9.34342e-05;1.37953e-05;4.34187e-05;1.29812e-05;7.10936e-07;0.000751956;8.33941e-06;4.81878e-07;7.17601e-06;0.688625;0.299834;2.80467e-05
4.68733e-05;0.676106;0.000826385;2.66528e-05;5.64075e-05;2.17525e-05;6.25453e-06;0.117816;3.17853e-05;1.13345e-06;0.00012023;0.00559099;0.199348;1.63805e-06
1.01257e-05;0.879788;1.66753e-06;0.00626457;0.000771641;0.00134843;1.7281e-05;0.00503488;0.000285641;0.00113804;0.000386642;0.0847983;0.0108321;0.0093225
1.66001e-05;0.873101;2.08541e-10;0.000336581;0.00504311;0.000105852;0.027635;0.0875164;0.000244074;0.00099669;0.00141467;1.64437e-05;0.00356502;8.89776e-06
0.00189709;0.176995;0.220063;0.143119;0.00132924;0.000264316;0.00873525;2.79075e-05;0.000303725;0.0174292;0.0168158;0.39284;0.00273458;0.0174459
0.00115763;0.992683;4.57137e-05;0.000358228;6.43943e-05;4.2403e-06;4.24213e-05;0.000327152;0.000773404;3.32119e-06;0.000206756;0.00413995;4.10158e-06;0.000189298
0.00191951;0.946158;1.03146e-07;8.42306e-07;1.45111e-05;3.64876e-07;2.12853e-05;0.0515069;2.10128e-05;3.8933e-06;5.94952e-07;1.25869e-07;6.90383e-05;0.000283888
2.09844e-08;4.06608e-05;1.93034e-07;1.42848e-07;9.04108e-05;1.45004e-08;4.47097e-08;2.49058e-06;2.41832e-06;3.0548e-09;1.37601e-05;0.999849;4.49599e-07;1.09411e-07
1.35415e-06;0.522419;8.87504e-05;1.99723e-06;0.000133167;4.72709e-06;4.55537e-08;3.27255e-06;2.06658e-09;3.35323e-07;2.00005e-07;3.9353e-05;0.477219;8.82108e-05
0.00011509;0.0210466;0.00176865;1.69671e-05;0.00166627;7.85499e-06;0.000353301;0.143515;0.0010823;3.03015e-05;0.000447779;0.828445;0.00139232;0.000112682
1.76291e-05;0.000625852;3.77918e-05;9.26868e-05;0.0293438;0.00177059;8.28731e-07;0.966626;0.000403511;1.75428e-06;5.6306e-05;9.3344e-06;0.000377684;0.000636125
0.000313081;0.697756;1.2525e-07;3.13646e-05;2.8091e-05;0.00020612;5.81583e-08;0.00710402;8.29432e-05;7.99111e-07;5.57478e-06;0.201563;0.0927994;0.000108739
1.71936e-05;0.999929;6.06109e-06;6.78313e-07;3.34658e-08;8.51981e-08;7.40955e-08;1.67634e-05;1.78031e-06;3.84457e-08;3.22303e-06;2.14777e-06;2.2995e-05;1.94479e-07
2.27534e-06;0.994925;9.70155e-08;4.53724e-06;0.000169766;1.50849e-06;1.09109e-09;0.000895839;7.60721e-07;7.95158e-07;4.33117e-08;0.000170683;4.25056e-07;0.00382871
5.81915e-07;0.00557224;1.64626e-05;3.74108e-06;1.02157e-05;4.99917e-05;5.30575e-08;8.2761e-07;1.51995e-08;4.58544e-06;2.40695e-07;0.993214;0.00080383;0.000323442
1.98959e-05;0.00998858;1.3539e-11;9.12304e-08;2.27828e-06;1.02266e-06;5.32808e-08;0.977918;2.7821e-05;6.04775e-09;6.14829e-06;0.000716131;0.0113146;4.98661e-06
3.92489e-05;0.449243;0.000909591;8.26837e-05;3.71032e-05;3.68503e-05;1.12096e-05;0.0597558;2.11551e-05;5.78125e-07;0.000388122;0.0232582;0.466209;7.05866e-06
2.29994e-06;0.986805;6.77297e-07;0.000572704;2.58192e-06;0.00020472;1.07045e-05;0.000384479;3.36403e-06;5.50269e-05;0.000249091;0.00267068;0.000496515;0.00854202
1.54508e-05;0.516655;3.29735e-09;0.00121004;0.00697234;0.00073168;0.0826524;0.303901;0.000113413;0.0016046;0.0750937;0.000275756;0.0107712;3.4125e-06
0.000477142;0.0783966;0.298047;0.0508341;0.00217953;0.00384192;0.00250499;1.40954e-05;1.05321e-05;0.00620235;0.0157374;0.533901;0.00717271;0.000680783
0.000212926;0.998996;9.92128e-08;4.40162e-06;8.98861e-07;8.52702e-07;6.91772e-06;8.92551e-05;0.000108158;6.42646e-07;0.000296416;0.000133315;0.000106859;4.29206e-05
0.000126979;0.960124;1.38038e-06;4.61572e-06;5.31603e-05;0.0001125;3.29606e-06;0.00246153;7.4781e-06;7.13749e-06;7.38095e-07;9.60331e-05;0.0369688;3.22337e-05
0.000227018;0.010234;1.96695e-05;0.000204663;0.0118325;0.0252045;1.97068e-06;0.000132655;1.88783e-06;4.7962e-05;4.59741e-06;0.465953;0.104402;0.381734
4.02953e-05;0.315979;1.83468e-07;2.95913e-06;1.17972e-07;1.60902e-06;8.74309e-07;1.21276e-06;3.44891e-06;9.80695e-08;1.37791e-05;0.585875;0.0980681;1.41546e-05
1.6861e-07;0.999142;7.41085e-06;2.16853e-08;1.72371e-08;1.73506e-09;8.65633e-05;2.1112e-08;6.14027e-10;7.93954e-05;1.17198e-10;1.05582e-07;1.94342e-10;0.000684294
2.71197e-09;4.21095e-08;0.999999;1.00254e-08;1.93916e-08;1.74555e-08;2.6404e-08;3.72796e-08;2.72535e-08;6.16532e-09;6.78942e-08;9.221e-07;3.83912e-08;1.27053e-09
