7.62294e-07;0.998682;2.65038e-11;4.33991e-09;3.01598e-11;5.62209e-09;1.15008e-07;3.02968e-07;1.98897e-08;7.79744e-10;1.12274e-07;9.33129e-08;0.00131697;1.76041e-09
2.95853e-05;0.00165126;1.22733e-05;5.58884e-05;0.000455185;0.00150611;2.80921e-08;0.000378442;3.88679e-05;3.30965e-07;3.7545e-05;0.991447;0.00344794;0.000939474
5.28895e-05;0.988329;0.000136689;7.69384e-06;1.55042e-06;3.67373e-05;1.77827e-05;0.00647352;6.32237e-05;9.41077e-07;0.000263967;0.00236466;0.0022509;3.1367e-07
7.39382e-07;0.241782;4.78186e-06;4.08237e-06;0.000554141;2.72022e-05;9.02645e-08;0.733994;7.12711e-07;3.65426e-06;7.20392e-07;0.000219701;0.00163066;0.0217771
1.37241e-06;0.00288798;1.2711e-06;1.17779e-06;8.20572e-06;1.60171e-06;2.30595e-07;7.3899e-05;3.5572e-05;9.10701e-08;9.04953e-05;0.983604;0.0132938;1.11165e-07
6.34521e-06;0.00379628;2.2127e-11;1.1227e-07;5.26855e-06;2.48509e-06;4.06649e-08;0.000493612;1.01916e-05;3.25678e-08;7.70787e-06;0.000116679;0.995544;1.70832e-05
0.000206229;0.0571311;1.57479e-05;8.77099e-06;0.000421957;9.42497e-05;1.72198e-07;0.0266951;5.9044e-05;2.25851e-06;4.61104e-05;0.889673;0.0235648;0.00208104
5.17971e-06;0.997148;1.35383e-06;4.01358e-08;1.60466e-08;1.24607e-07;1.39577e-06;6.75052e-07;3.56008e-08;2.14056e-07;3.61009e-07;0.00202943;0.000812114;1.51397e-06
7.10988e-08;2.80662e-05;9.49734e-08;1.22482e-06;2.77333e-05;4.778e-06;1.84661e-08;6.42535e-05;2.68311e-05;1.20319e-08;5.33077e-06;0.999717;8.07427e-07;0.000123376
1.45405e-06;0.997475;2.74655e-07;1.82935e-08;7.98432e-10;1.90567e-08;1.42275e-06;8.51556e-07;5.43598e-08;1.99277e-08;2.02856e-07;4.85096e-07;0.00252052;1.30461e-08
1.70849e-06;0.00521452;6.38559e-08;4.97264e-07;5.39545e-06;6.83072e-05;3.68084e-07;2.43078e-06;9.45317e-07;7.93275e-08;1.61587e-06;0.984882;0.00285757;0.0069643
4.80564e-06;0.00340652;1.1286e-07;2.73524e-07;0.000646666;3.99381e-05;1.42368e-08;0.0372437;2.61377e-07;1.67429e-07;3.05807e-08;0.00192272;0.956338;0.000396681
6.51551e-08;0.000137499;1.43209e-12;2.77097e-08;3.41664e-09;5.61287e-05;4.45282e-10;9.39956e-07;7.03277e-08;3.42535e-09;1.02126e-08;8.87204e-08;0.999804;9.36733e-07
2.26993e-05;0.00112745;0.997636;8.24373e-06;8.68067e-07;3.58971e-05;2.32398e-06;5.43068e-05;2.13161e-07;0.000123545;1.18284e-07;2.85468e-05;0.000953086;6.64793e-06
1.29547e-08;5.83738e-08;1;1.6211e-09;9.75791e-10;2.06029e-08;4.88243e-08;5.69571e-09;8.51158e-09;8.12885e-09;1.95454e-09;1.55999e-11;5.8856e-09;6.9772e-12
3.55964e-10;1.14622e-08;1;3.27201e-10;1.37633e-09;3.18517e-10;2.3659e-10;6.68773e-11;6.08095e-11;6.93666e-11;2.5174e-11;8.87527e-09;3.65405e-10;3.58286e-09
7.47842e-09;8.64396e-07;0.00161396;5.15233e-08;9.46582e-08;1.29824e-08;4.3891e-10;2.32684e-07;3.44371e-08;1.20216e-08;6.57599e-09;0.998384;1.76153e-08;2.83401e-07
1.16952e-05;0.758405;2.73138e-05;2.76097e-06;0.0167322;0.00087632;6.19439e-07;0.122564;3.82068e-07;1.24967e-07;5.19587e-07;4.27944e-06;0.0633929;0.0379816
8.38933e-13;0.00383333;6.11706e-15;6.84873e-11;2.99736e-08;8.83422e-10;3.01912e-12;1.14902e-10;6.02159e-14;6.2932e-10;3.5176e-14;9.33775e-10;3.44663e-10;0.996167
8.10747e-06;0.962842;1.23446e-05;3.82259e-05;1.34391e-05;1.7704e-06;0.023257;0.00348138;0.000121135;7.07928e-06;0.000268759;1.11386e-05;0.00993735;1.32405e-07
1.57717e-08;0.999976;4.86957e-08;1.71717e-07;7.39892e-09;2.94595e-09;2.53264e-09;2.70569e-06;7.34479e-11;5.78286e-09;1.61855e-10;1.74878e-07;2.06557e-05;7.18196e-08
3.71138e-07;0.9996;3.8057e-12;1.12364e-07;9.86453e-09;6.42136e-08;4.17624e-09;0.000170716;4.03855e-10;8.36981e-08;1.77925e-09;5.93286e-07;4.90193e-05;0.00017935
1.03816e-06;0.0409221;2.46789e-07;2.10886e-07;2.90513e-07;2.40799e-07;0.000718282;1.55997e-08;6.25852e-09;0.000459882;1.93806e-07;2.67748e-06;5.91075e-07;0.957894
1.59106e-08;4.25121e-09;0.99999;4.94245e-07;2.49338e-06;2.64627e-07;2.94527e-06;1.40015e-10;2.04132e-07;4.64351e-08;9.8747e-07;2.62692e-06;7.54442e-11;5.3974e-09
2.47692e-07;0.995011;9.9357e-06;5.70741e-08;7.14272e-08;1.25773e-07;1.34494e-07;5.11288e-08;1.77918e-09;3.1111e-09;2.45045e-08;1.21051e-08;0.00497836;1.07329e-07
6.62026e-10;0.000571967;3.09996e-07;5.64714e-11;1.33614e-09;6.44587e-10;2.07526e-10;2.5211e-09;1.14617e-12;3.36588e-11;5.78502e-11;0.999295;9.10243e-05;4.13385e-05
2.45399e-07;0.0485803;1.26823e-10;9.52909e-09;8.48565e-05;0.00223838;6.16017e-09;0.366042;4.12877e-08;9.18768e-10;4.20994e-08;0.000592322;0.582373;8.8809e-05
6.32877e-07;0.000257536;7.88646e-07;1.75162e-06;1.58981e-05;0.000495299;2.4352e-08;0.00136005;5.71878e-08;4.94447e-08;1.48125e-06;0.000219556;0.997605;4.19468e-05
2.27014e-05;0.00650723;2.38404e-06;3.05738e-06;1.62872e-07;2.42618e-06;5.2157e-08;0.00133065;8.41113e-07;1.90065e-08;1.52383e-05;0.904689;0.0874166;1.0086e-05
5.83583e-05;0.186313;0.000189741;1.39943e-06;0.000102194;1.42655e-05;3.87323e-07;0.803189;1.9227e-06;1.30422e-06;2.04895e-06;0.00028476;0.00952898;0.000312913
5.15717e-07;0.0486063;0.0008483;1.49131e-05;0.000327;7.77744e-06;3.32216e-07;0.000197811;4.60022e-07;2.17476e-06;1.34405e-05;0.946189;0.00210303;0.00168943
3.42039e-06;0.221604;1.53862e-09;1.07483e-05;2.29497e-06;0.000105173;0.00964276;0.0232331;1.883e-05;0.000285961;5.39367e-05;1.92763e-08;0.744677;0.000362722
1.08313e-08;2.89703e-09;1;9.51939e-09;2.09676e-09;1.01973e-10;2.40858e-08;1.37045e-10;3.66409e-09;1.40212e-09;1.96333e-08;2.36721e-07;5.28858e-11;1.24715e-09
2.12285e-05;0.00194747;2.65798e-06;1.54833e-06;1.37563e-05;6.84151e-07;1.70485e-06;0.00096231;0.00014349;1.20023e-06;1.27078e-05;5.26084e-06;4.92971e-06;0.996881
2.12536e-05;0.00085433;1.56722e-09;4.3448e-06;0.00137843;0.000210506;2.50352e-05;0.968878;0.0275042;4.64275e-07;6.49487e-05;7.89656e-08;0.00105771;9.30627e-07
4.86211e-06;0.000508366;0.999389;4.16244e-06;1.89222e-05;1.28679e-06;3.93902e-07;6.43297e-10;3.28811e-08;1.00014e-06;2.99512e-08;5.73762e-05;3.88556e-06;1.04695e-05
4.48063e-06;0.999781;6.11185e-11;7.55737e-09;3.89047e-09;1.9483e-08;8.29256e-08;7.89153e-07;4.22707e-07;8.28977e-11;7.65831e-08;0.000112634;9.70238e-05;3.9188e-06
1.86589e-06;0.806805;3.54354e-07;7.77347e-09;5.78368e-05;1.41078e-07;9.95054e-09;0.0929929;5.40837e-08;2.27278e-07;1.43136e-09;0.00181654;0.0980487;0.000276599
1.07836e-06;0.60927;1.96484e-10;1.75659e-05;1.37435e-06;0.00189165;1.02499e-06;0.000102899;3.57704e-06;0.000129498;7.97413e-07;5.04929e-07;0.385066;0.00351348
1.20723e-05;1.98367e-05;0.0418953;1.19162e-05;4.34151e-08;1.45263e-07;0.00260206;2.81494e-08;3.26377e-07;0.00163382;1.57513e-05;0.953784;2.32109e-05;1.93408e-06
7.67938e-09;5.65203e-11;0.999999;2.72327e-09;9.42187e-11;1.09734e-09;5.55402e-07;2.90001e-11;5.05668e-08;1.14493e-09;7.98029e-07;6.63805e-09;3.72431e-10;1.54166e-12
3.93552e-06;0.00169979;4.22861e-08;2.12948e-09;3.88536e-08;3.0545e-09;1.57932e-08;0.998181;2.28015e-07;6.01918e-09;4.91201e-07;5.40548e-09;0.000114291;1.40874e-08
1.04894e-09;8.93787e-05;3.69907e-07;2.80147e-08;6.46551e-07;2.27983e-07;4.52079e-11;8.32282e-07;4.99608e-09;7.23141e-10;4.17773e-08;0.999873;6.44699e-06;2.88796e-05
6.74428e-07;0.961493;2.23294e-09;1.28244e-07;2.90674e-06;2.40627e-08;8.69915e-08;0.022013;1.69616e-07;1.66926e-07;2.44694e-07;2.88011e-05;0.0164608;3.52842e-07
1.44461e-06;0.0236989;2.91942e-07;5.55182e-07;1.29172e-05;8.50405e-07;6.21103e-08;1.61092e-06;5.02552e-07;1.20621e-07;1.48031e-06;0.975976;0.000245181;6.04025e-05
0.000267676;0.208636;6.83419e-10;2.31526e-07;3.5959e-06;4.8048e-06;8.34214e-08;0.0719642;1.54721e-05;3.98013e-07;1.4321e-07;4.28945e-06;0.71908;2.3976e-05
2.75198e-05;0.218831;1.49873e-11;3.68668e-07;1.47363e-06;2.10785e-06;4.68281e-07;0.000757329;7.02202e-05;1.67321e-07;2.30388e-06;3.45296e-07;0.780303;4.33636e-06
5.88408e-05;0.00233901;2.59245e-09;1.84122e-07;7.70792e-07;2.46439e-07;1.17132e-09;6.77211e-05;1.40122e-06;3.1236e-08;2.06871e-07;0.982338;0.0151751;1.81242e-05
0.000148906;0.953657;3.82104e-07;8.95432e-07;4.25337e-05;4.1633e-06;5.8956e-07;0.0438036;7.29378e-06;1.26842e-06;8.42694e-07;0.000359311;0.00135331;0.00062026
2.89082e-08;0.0596214;2.55405e-05;3.23806e-07;0.000467156;2.21128e-07;2.05783e-09;1.07173e-05;4.61985e-09;7.51317e-08;2.17528e-08;0.00499863;1.87344e-06;0.934874
0.000109028;0.41301;2.85368e-07;3.88223e-05;0.017548;0.00503671;1.4808e-06;0.310742;1.61757e-05;1.77067e-05;1.24391e-05;0.0291462;0.223727;0.000594166
8.91504e-06;4.9382e-05;5.93954e-09;5.29174e-07;2.25556e-05;2.24574e-06;2.71908e-08;0.00716581;3.85565e-06;1.11033e-08;7.64838e-06;0.00402393;0.988704;1.1139e-05
0.000771799;0.0751691;0.000283506;4.22815e-06;2.4315e-05;7.60062e-05;6.10664e-06;0.0667592;3.04527e-05;2.26334e-05;2.1703e-06;0.000371302;0.854021;0.00245811
1.0529e-10;1.0318e-08;1;3.8305e-10;3.92388e-09;5.24882e-11;9.79566e-11;2.27158e-10;1.1845e-11;4.28485e-11;1.98405e-11;4.05073e-09;9.1765e-12;2.68724e-09
1.95984e-07;0.00112143;0.0104246;9.89046e-06;9.19448e-06;5.9471e-06;3.65853e-09;0.00016178;2.81602e-06;1.14162e-07;8.06764e-06;0.988017;4.91367e-05;0.000189456
3.77057e-06;0.972127;7.90122e-06;3.78725e-05;0.000508374;0.0146832;5.95397e-06;0.00703702;1.30457e-05;3.25366e-05;0.000839879;3.08287e-05;0.00430197;0.000370488
5.44017e-05;0.0683094;1.18545e-05;1.01712e-06;4.98164e-05;4.52391e-06;2.55421e-06;0.00154902;2.16233e-08;7.94267e-06;2.97814e-06;0.929596;0.000401074;9.81707e-06
3.34901e-09;0.999843;1.29589e-11;1.19004e-11;4.9514e-11;9.88967e-11;4.2113e-05;7.88828e-10;1.67071e-11;9.4735e-09;2.39923e-10;7.29234e-13;1.92663e-07;0.000114195
7.12357e-11;1.48165e-09;1;5.14686e-12;1.04706e-08;3.88627e-10;1.40523e-09;2.31002e-10;1.63813e-12;1.78916e-10;4.14518e-13;2.654e-07;2.49611e-11;1.70495e-10
1.31002e-06;0.290148;7.78088e-06;0.000127213;7.78197e-05;5.92831e-05;0.00111458;0.00349385;6.25666e-05;6.78416e-06;0.000489345;7.58755e-06;0.7044;4.29134e-06
4.10276e-07;0.994761;0.000203802;1.1272e-05;3.40394e-05;7.27616e-06;2.66084e-08;0.00262129;3.65063e-09;1.32166e-06;9.43607e-09;1.7029e-07;0.00232811;3.09902e-05
1.48652e-09;2.85391e-07;0.999999;2.78589e-09;8.18334e-10;1.05374e-11;2.44133e-08;1.32281e-10;1.56866e-11;3.51495e-10;2.07872e-10;4.02649e-07;3.91658e-10;1.53205e-09
3.1454e-08;5.11075e-06;0.0289797;7.89656e-07;2.25981e-07;3.53135e-07;1.3096e-09;8.48328e-07;8.78721e-08;2.38527e-09;2.46445e-07;0.971011;8.2814e-07;1.1317e-06
2.94655e-05;0.351828;3.82749e-05;1.17313e-06;0.00177957;0.0121957;2.40796e-08;0.0091271;3.22565e-07;2.82045e-07;2.3342e-07;2.11717e-06;0.00258101;0.622416
5.29024e-09;0.151473;2.47418e-10;1.49395e-08;8.01451e-07;2.94446e-05;6.26952e-07;3.88014e-08;1.27456e-11;5.7237e-06;1.01955e-10;2.69561e-08;1.63734e-07;0.848491
2.61392e-13;7.93092e-12;1;2.34783e-13;1.96226e-11;3.39579e-11;5.55611e-13;2.02362e-12;4.76039e-16;2.48749e-13;5.45645e-16;5.32971e-09;2.09242e-12;2.19593e-13
6.73745e-07;0.0679166;7.58336e-07;6.60152e-06;2.18385e-06;0.000129632;5.48183e-05;0.00108301;2.83181e-06;1.17401e-07;2.15128e-05;2.22895e-07;0.930781;4.62365e-07
2.56796e-08;0.999901;7.40618e-06;8.85701e-08;1.91699e-08;2.94584e-08;2.23478e-10;7.35826e-05;4.81339e-12;5.06447e-09;2.14855e-11;3.21956e-07;1.59758e-05;1.39706e-06
1.10219e-05;0.682654;1.30311e-08;0.000157505;0.000489599;0.000218907;5.98822e-06;0.000746416;2.71666e-07;5.58322e-05;2.34961e-05;0.000824409;0.314065;0.000747901
0.000199286;0.837249;2.99332e-05;0.00257499;0.00143368;0.000297419;0.000665425;0.0010741;1.93317e-06;0.000334676;0.00015509;0.1484;0.00743536;0.000149929
0.000768305;0.942965;8.86444e-06;9.40383e-06;0.000290197;4.97153e-07;0.000115912;0.0524141;2.42858e-06;1.25539e-05;8.44569e-05;0.00175158;0.0012611;0.000315484
1.28511e-06;0.000623387;1.05265e-11;1.44849e-07;7.95957e-08;2.80795e-05;1.28003e-06;7.09536e-06;3.8151e-06;2.20697e-07;1.80444e-06;3.33262e-06;0.999324;5.00051e-06
6.48686e-07;2.48851e-06;0.998945;1.71185e-07;4.92086e-08;6.20494e-08;1.82701e-06;1.04883e-08;1.10022e-07;2.03322e-05;3.04236e-08;0.00102952;2.33956e-07;1.00347e-07
5.18235e-08;6.49905e-09;0.999992;8.34996e-09;5.38776e-09;4.76743e-09;3.46015e-06;2.93424e-10;3.75393e-06;9.47328e-09;4.00325e-07;3.9882e-08;2.68365e-10;3.56357e-11
7.43487e-06;0.998933;4.80525e-05;7.67886e-08;2.95606e-08;7.96575e-09;1.03126e-05;8.77761e-05;1.03885e-05;1.92112e-07;9.87304e-06;0.000267985;0.000621271;3.89951e-06
1.47633e-08;0.000414033;2.20993e-12;4.27936e-07;8.95687e-07;3.05711e-08;4.3225e-05;2.69224e-07;2.12314e-07;8.34214e-05;8.90043e-08;4.00688e-08;4.60871e-08;0.999457
5.14737e-06;0.000107627;0.995037;2.25914e-06;3.16168e-07;2.32043e-09;0.000218238;0.000199339;5.50101e-06;1.15567e-06;5.76348e-05;0.00436562;2.10231e-08;9.86621e-09
2.19207e-06;0.99705;5.88107e-07;1.1071e-06;4.40548e-06;8.35758e-08;1.29426e-05;6.98222e-07;1.23657e-08;6.55829e-07;2.64351e-07;1.09595e-05;0.00289832;1.84445e-05
6.35654e-05;0.0398553;8.86843e-09;5.48927e-05;0.000410178;0.000363947;0.000121431;0.00498759;0.00354068;5.429e-06;8.56526e-05;0.00743147;0.943021;5.84636e-05
4.17617e-06;0.000275614;0.998202;7.12654e-06;0.000152803;5.20565e-07;2.06168e-08;3.98101e-05;1.46322e-08;2.05175e-07;3.1136e-09;0.0012428;1.50489e-05;5.96861e-05
3.86985e-05;0.269436;2.68481e-08;4.79698e-08;1.16181e-06;1.37857e-06;2.86004e-05;0.00416955;8.31605e-06;3.13086e-07;3.2999e-07;2.49358e-08;0.726314;1.68452e-06
1.39942e-12;6.73838e-12;1;5.86779e-12;4.37683e-11;1.15602e-11;5.91248e-13;1.41858e-12;6.6075e-13;1.43878e-12;8.44491e-15;3.85679e-12;2.48394e-15;3.25065e-11
4.32442e-09;8.79691e-08;0.999785;1.15742e-08;7.82416e-09;8.58934e-09;1.37544e-10;1.15008e-06;1.17396e-09;1.75502e-09;2.77305e-10;0.000213765;5.37945e-09;6.64942e-08
1.28431e-07;0.000777324;3.51048e-05;1.67784e-06;0.00231688;0.0105675;2.0401e-07;4.20421e-07;4.07729e-08;2.08491e-06;1.35078e-07;1.07133e-06;4.02341e-06;0.986293
1.58749e-09;2.92717e-05;7.79459e-10;4.87134e-08;1.50253e-05;0.000429934;2.02608e-09;2.25775e-06;5.02508e-09;6.83339e-10;2.12956e-07;7.55247e-05;0.999436;1.15989e-05
1.03243e-09;1.76193e-05;0.999982;9.04929e-08;8.86957e-09;2.62532e-09;6.56837e-10;6.53737e-09;5.27836e-12;5.79494e-09;2.58238e-10;9.01938e-09;4.95063e-07;5.36009e-08
5.59787e-07;0.0145083;9.92059e-09;1.19421e-05;9.29616e-06;0.000141737;1.03893e-06;6.77245e-05;4.81792e-06;2.41956e-07;0.000133793;3.2039e-07;0.985119;1.62932e-06
1.06709e-07;0.999392;7.81749e-06;2.55511e-07;1.15354e-06;1.91939e-06;5.72307e-11;0.000209576;3.28643e-11;1.17848e-07;7.35493e-11;1.13176e-07;0.000383007;3.83054e-06
1.65657e-07;1.6302e-07;0.999979;1.13866e-07;4.59345e-07;7.62485e-09;2.79735e-08;3.809e-07;7.1892e-10;7.75387e-09;3.8059e-08;1.95089e-05;6.98343e-08;2.23704e-08
5.36621e-09;1.89096e-07;1.5963e-06;1.46828e-07;2.14946e-06;2.78263e-08;7.11341e-10;1.41399e-07;5.4808e-09;1.72508e-08;4.418e-08;4.6652e-05;2.52959e-08;0.999949
3.06601e-07;7.50849e-05;2.34571e-09;7.97699e-08;0.00280619;7.67108e-05;3.33332e-07;0.997037;1.4098e-06;2.61465e-09;1.79198e-07;6.18851e-09;7.68299e-07;1.75914e-06
3.48034e-09;1.52523e-07;0.999659;9.46149e-08;2.49263e-06;2.57128e-06;9.72389e-12;3.96621e-09;3.13614e-12;6.90765e-10;4.04906e-11;0.000327602;5.74286e-08;7.52787e-06
2.11757e-07;0.999799;5.25218e-09;1.04275e-07;1.74033e-08;6.91304e-08;2.83571e-06;0.000120505;1.76264e-06;4.99925e-10;3.30416e-05;2.79275e-06;3.93582e-05;2.9654e-08
3.01865e-09;2.88091e-05;0.999966;6.33473e-10;2.84956e-08;5.67602e-09;4.84155e-11;2.49045e-08;1.29955e-11;6.4596e-10;1.8833e-11;3.2292e-06;2.0054e-06;2.28045e-07
3.56412e-09;0.999532;8.09809e-09;3.22527e-10;1.48589e-09;5.30114e-10;4.98224e-10;0.000443458;1.87115e-11;4.04318e-09;4.48311e-11;3.07696e-08;2.41758e-05;7.35362e-07
1.43371e-08;8.22125e-05;1.42774e-09;5.20596e-07;3.04366e-06;0.00351084;9.01368e-08;3.95725e-06;1.38766e-07;1.93154e-07;9.45337e-07;1.47458e-07;0.996018;0.000379602
5.11433e-08;7.67878e-06;0.999503;2.28762e-07;5.53281e-08;2.84367e-09;1.96834e-05;4.2906e-10;9.62581e-10;0.000120958;1.64224e-08;0.000346004;4.62382e-09;2.5954e-06
8.50257e-08;3.87876e-10;0.999996;1.64043e-08;8.62009e-09;4.49602e-09;4.16084e-07;2.2268e-10;5.10519e-07;3.92796e-09;2.25693e-06;3.9898e-07;3.37324e-09;5.36471e-11
4.76602e-05;0.962196;2.42967e-07;2.24009e-07;1.73039e-06;5.19285e-08;9.18933e-08;0.037019;1.45666e-05;1.97842e-07;3.3403e-06;6.2213e-06;0.000706413;4.23553e-06
7.06706e-06;0.802109;7.78277e-07;3.3488e-07;5.56443e-06;1.02558e-05;1.2355e-07;0.0134517;4.4742e-07;9.66016e-07;1.24396e-06;0.166298;0.0180912;2.32215e-05
1.06818e-07;0.00272273;6.39806e-12;1.17312e-07;7.77671e-06;2.79488e-08;6.22935e-09;0.001264;3.22219e-07;2.24452e-08;1.57545e-07;3.82953e-06;0.995978;2.27974e-05
9.76838e-05;0.944193;1.68262e-06;9.52009e-07;4.81309e-08;9.70455e-10;1.61494e-05;0.000104011;2.10949e-06;5.54163e-07;1.64359e-06;0.0453609;0.0101888;3.20752e-05
1.96313e-05;0.512161;2.92622e-08;2.13051e-05;0.000219076;9.8408e-07;0.0139775;0.00135702;6.92008e-05;0.000773207;4.04592e-05;1.34723e-05;0.000202683;0.471145
1.30332e-06;0.000141357;0.99866;4.19593e-07;1.2185e-07;7.82713e-08;6.0559e-05;1.44059e-05;2.47266e-07;1.83617e-07;7.51098e-06;0.00110556;8.21686e-06;2.41077e-07
3.96611e-05;0.843709;4.51794e-06;7.64137e-05;4.72781e-05;0.000388367;5.2715e-05;0.0112528;0.000142604;2.21808e-07;0.000262352;0.00589806;0.137223;0.000902893
5.03271e-05;0.152319;0.00327655;4.67395e-06;0.00153523;1.98753e-05;3.74858e-08;0.0235429;9.4371e-06;1.22571e-06;2.99042e-07;0.779083;0.038777;0.00138071
7.88429e-06;0.123148;2.48466e-07;8.20733e-05;0.00050385;0.00284874;0.000168434;0.796999;0.000667709;0.000548713;2.10844e-05;1.50808e-06;0.0749499;5.23649e-05
2.53149e-10;2.25237e-10;1;6.55945e-11;2.3925e-11;1.98757e-12;4.90004e-10;1.6569e-11;4.20131e-11;5.07385e-11;1.54676e-11;5.29636e-10;9.83991e-11;3.41788e-13
2.96893e-06;3.91457e-05;0.999114;4.86744e-06;4.24187e-06;3.2172e-06;1.33298e-07;0.000553636;8.79754e-06;2.36107e-07;7.64271e-07;0.000244466;2.71947e-06;2.05035e-05
1.40539e-08;2.85381e-05;3.49552e-06;8.37907e-09;3.50381e-06;5.077e-05;1.07003e-12;2.72508e-08;9.78734e-11;1.53872e-08;3.48143e-11;4.36627e-05;6.55842e-07;0.999869
1.01962e-06;0.00271714;1.72321e-10;1.61356e-08;2.86143e-06;1.1216e-05;1.79991e-10;0.00849382;2.91532e-07;4.16586e-10;2.79497e-08;6.38815e-06;0.988766;7.71272e-07
2.13297e-06;0.986396;3.61471e-10;6.67853e-09;2.58291e-09;2.01619e-09;4.41805e-09;1.78908e-06;1.9496e-09;3.05713e-09;2.09088e-09;7.87561e-06;0.0135918;2.88436e-08
1.00294e-06;0.171144;2.70524e-09;5.88406e-06;1.20625e-06;5.38436e-06;0.000699837;8.7399e-06;2.2477e-08;0.00219157;1.11725e-08;9.34441e-07;1.80718e-05;0.825923
4.71365e-11;5.18384e-13;1;9.50483e-09;5.85486e-10;1.61239e-07;4.56764e-09;3.72338e-14;3.91871e-11;8.26244e-10;2.01809e-10;3.31755e-10;1.5952e-13;2.74896e-09
5.51783e-06;5.70892e-07;7.87144e-10;1.43687e-08;3.31496e-08;7.84919e-09;1.88808e-07;0.999991;4.91377e-07;2.08492e-09;1.25215e-06;1.65049e-08;7.45211e-07;5.94691e-09
3.0234e-05;0.000402561;0.000172911;0.000487853;0.00285935;0.00425214;4.55545e-06;0.000842925;6.75189e-05;1.54733e-06;0.00028395;0.856285;0.000193054;0.134116
2.26607e-06;0.993287;0.000128597;4.82274e-06;1.10717e-07;2.68824e-07;9.34343e-07;0.00128749;1.56399e-06;1.40749e-08;1.05241e-05;6.62956e-05;0.00520973;6.51834e-07
1.18235e-05;0.194052;0.00520088;8.58175e-05;0.0168455;9.41683e-05;2.29475e-08;0.0868833;9.63757e-07;1.0627e-05;1.39309e-06;0.514418;0.136878;0.0455184
1.48652e-05;0.550777;1.78037e-06;0.00104651;0.000302761;0.00119738;0.00165297;0.023334;4.01354e-05;0.00314984;0.000190977;2.15624e-05;0.417518;0.000751862
2.92905e-10;6.49864e-11;1;4.29559e-10;1.40055e-11;1.19488e-12;1.9938e-09;4.78388e-12;2.70593e-11;5.75255e-11;2.3071e-10;4.57985e-09;2.17396e-10;6.40299e-13
0.000799679;0.0776292;0.814607;0.00490711;0.000221892;0.000570757;0.000134191;0.0219064;0.00906303;2.90558e-05;0.0069541;0.0550813;0.00764827;0.000448271
7.26917e-08;0.00162503;2.06226e-05;6.19165e-08;1.66676e-06;9.99542e-06;2.35089e-11;2.54705e-06;9.06609e-11;4.99739e-08;5.22843e-11;0.000177202;2.98327e-07;0.998163
8.80117e-06;0.000411402;1.38292e-09;1.40869e-05;2.32835e-05;6.8984e-05;2.66874e-08;0.232983;0.000221278;4.14544e-08;0.000421693;4.00061e-05;0.765652;0.000156032
2.82389e-06;0.998536;2.21348e-07;1.12535e-06;3.40636e-08;2.18852e-07;1.45716e-09;5.09997e-05;8.36985e-09;3.00503e-08;5.2789e-09;1.13695e-05;0.0011962;0.000200684
6.47403e-09;9.58456e-05;1.6575e-08;2.37099e-06;0.00102448;5.21803e-08;3.06349e-10;0.998739;2.60048e-09;2.78909e-07;1.86045e-09;3.93002e-05;1.02146e-06;9.75886e-05
1.56638e-08;4.60702e-06;0.999554;0.000405144;4.54956e-06;2.75732e-06;8.15094e-08;6.50418e-09;5.41883e-09;1.79759e-05;6.22211e-06;2.40509e-06;2.89637e-07;1.82697e-06
1.94869e-05;0.00134338;1.48678e-06;4.11904e-05;1.54049e-05;1.58149e-05;0.00927073;0.000613713;0.0212046;9.83012e-06;0.96511;1.64899e-05;0.0023246;1.28927e-05
