2.2502e-06;0.999212;0.000664823;2.16683e-06;3.05823e-07;2.33228e-08;1.09406e-07;1.40203e-05;1.27391e-08;2.23368e-07;2.58916e-08;5.50597e-06;9.55969e-05;2.86702e-06
4.40418e-06;0.997772;1.72709e-11;1.42744e-05;1.08011e-05;1.52901e-05;1.4175e-07;0.00101234;4.81404e-05;1.64623e-06;1.74289e-05;6.87659e-05;0.000818853;0.000215618
2.90588e-05;0.0597997;0.000118708;4.57611e-05;6.07738e-06;1.50861e-05;4.58273e-07;6.73315e-05;3.77625e-06;5.24696e-06;3.8931e-05;0.939728;0.00010471;3.74587e-05
8.61982e-05;0.999508;5.33484e-10;8.63838e-08;1.23189e-08;7.58313e-08;6.18528e-05;1.11432e-05;4.20322e-06;5.63326e-08;8.16747e-06;2.36053e-05;0.000296046;1.9545e-07
4.58782e-06;0.000788925;2.59026e-07;6.35841e-05;0.00022726;0.00414425;8.48546e-08;4.22833e-05;0.000236311;1.81196e-07;3.32245e-05;0.586517;3.07107e-05;0.407911
1.76859e-05;0.0185707;1.6186e-06;6.15354e-07;4.05874e-06;7.54836e-06;4.60416e-09;0.00231971;1.19822e-06;2.18793e-08;4.95252e-07;0.000468962;0.978606;1.60843e-06
1.79879e-06;0.351437;3.40616e-07;0.000727205;0.00658072;0.00904514;3.72127e-08;0.0259627;1.91802e-06;1.28864e-05;7.67492e-06;0.580697;0.00525493;0.0202707
1.14683e-08;1.22959e-05;0.999954;5.54252e-08;3.97127e-09;2.23406e-08;3.14944e-08;2.00629e-09;7.51715e-11;3.81768e-09;2.04678e-08;3.3308e-05;7.147e-07;5.52399e-09
2.93531e-07;0.30924;2.75953e-10;2.1627e-07;3.1457e-10;8.11781e-08;0.690272;8.25098e-06;9.61478e-06;7.65134e-06;0.000383589;2.26413e-12;6.80609e-05;1.04433e-05
6.79727e-12;6.52217e-12;1;2.01665e-12;1.81519e-11;7.59232e-12;2.36225e-10;3.04902e-14;2.28992e-12;2.65952e-12;8.11812e-13;7.60447e-08;9.78004e-13;2.83179e-13
2.17507e-05;0.943337;5.78774e-07;1.79672e-06;1.62145e-05;1.95787e-07;4.81551e-05;0.0547008;0.000774793;2.15045e-06;0.000213429;5.24022e-05;0.000784344;4.63326e-05
3.55149e-06;0.0776518;0.00231642;3.04862e-05;0.00166918;0.00011818;1.16216e-06;1.16373e-06;1.36835e-08;2.97343e-05;1.64214e-07;0.0197268;0.896681;0.00177006
1.64552e-06;0.971959;1.47795e-07;1.57348e-06;8.76139e-05;1.9567e-07;5.59789e-06;0.00775176;2.56121e-05;1.06911e-07;0.000505438;0.0166396;0.000405069;0.00261708
5.17853e-06;0.676681;4.03885e-07;1.721e-05;0.00343909;0.000104761;1.10789e-07;0.01053;8.82864e-07;4.98777e-06;1.61005e-06;0.172958;0.109504;0.0267536
1.23041e-06;0.000704092;3.22672e-09;1.9238e-07;0.00263494;0.000127584;1.04673e-08;0.995078;1.03387e-06;3.02192e-08;3.58193e-08;5.5534e-05;0.00134936;4.84677e-05
5.87805e-06;0.0253183;1.48925e-08;2.94327e-07;8.89245e-07;5.97931e-06;7.14769e-08;0.688936;1.5127e-06;1.65684e-07;1.16308e-07;2.88248e-08;0.285728;2.29827e-06
2.03772e-08;1.96162e-07;0.999999;7.5338e-08;2.15131e-08;2.91222e-09;8.52466e-08;8.37978e-10;6.60945e-09;3.56606e-09;2.79282e-09;1.10371e-07;2.82261e-08;9.98706e-09
9.34658e-06;0.00825457;0.108526;3.60053e-05;4.69669e-06;3.36466e-05;1.37716e-07;0.0032632;6.00001e-06;1.00603e-06;5.00766e-06;0.87836;0.00144642;5.39536e-05
3.39618e-05;0.322095;5.29102e-07;2.35275e-05;0.00521291;0.000872161;1.84043e-05;0.218997;0.000148477;1.42128e-05;0.00132871;2.64132e-05;0.44797;0.00325866
7.03993e-06;0.494078;3.82379e-07;7.98573e-06;0.0210209;0.012211;0.000151334;0.397423;5.20787e-06;0.000343118;3.02998e-05;9.63619e-06;0.0650523;0.00965992
2.64816e-10;1.25219e-09;1;4.99329e-09;2.26409e-09;1.34256e-09;6.82833e-09;3.12794e-11;2.80124e-10;1.00924e-09;4.09355e-10;8.92312e-08;7.30045e-11;5.67671e-09
3.96281e-05;0.145266;2.30129e-07;6.60543e-05;5.28671e-06;4.77176e-05;4.79324e-07;0.00173541;0.000936855;5.77492e-07;0.00105807;0.0112783;0.839557;8.60789e-06
1.03877e-07;0.999814;4.65279e-10;1.26944e-08;2.33292e-09;1.41421e-08;6.08833e-08;4.79666e-08;1.22114e-09;2.17097e-08;1.04264e-08;2.22192e-08;0.000185444;2.24364e-08
1.32379e-05;0.0142393;0.00739088;0.000261649;0.00231643;0.00234563;7.2559e-08;0.000146233;4.57139e-08;6.05963e-06;4.27602e-07;0.659529;0.000324019;0.313427
3.54934e-05;0.277549;8.84485e-08;1.50228e-05;0.000261001;0.000716283;8.67909e-06;0.691202;4.62362e-06;2.53704e-06;9.3448e-07;0.000443614;0.0295028;0.000257918
9.35306e-06;0.489177;3.58349e-05;5.68602e-06;5.18843e-05;0.000107297;7.25191e-08;0.444184;2.3661e-07;1.94061e-06;2.80807e-07;0.00243873;0.000554652;0.0634324
1.90815e-05;0.900381;1.21209e-05;5.33126e-06;4.79381e-05;4.98975e-06;8.40353e-07;0.0385935;9.65147e-07;2.66699e-07;2.27478e-06;0.0548142;0.0058336;0.000283671
9.10124e-06;0.567978;1.54683e-07;1.47096e-05;1.98163e-05;1.44989e-05;9.63673e-07;0.00464313;5.27484e-06;2.06375e-06;2.11092e-06;0.21886;0.188386;0.0200638
6.1756e-07;0.00626965;3.64984e-10;1.39548e-07;7.71461e-05;5.3731e-05;4.23457e-08;0.991468;1.4724e-06;5.80817e-08;8.94598e-08;8.03491e-06;0.00211199;9.14912e-06
1.32052e-06;0.0514481;1.40877e-08;6.00704e-07;3.77922e-06;1.40602e-05;5.39254e-08;0.476755;2.12039e-07;7.19796e-07;4.30631e-08;2.36046e-08;0.471774;2.52558e-06
5.79799e-08;1.89047e-07;0.999998;7.69362e-08;3.74706e-08;1.0462e-09;1.42099e-06;2.91041e-09;4.05223e-08;1.73781e-08;9.1529e-09;1.59261e-07;1.39363e-09;1.70358e-08
8.00665e-06;0.00266884;0.000511244;5.52604e-05;1.82464e-05;9.949e-05;2.47514e-07;0.00557391;0.000293161;6.78383e-07;8.70814e-05;0.990408;0.000121648;0.00015435
8.84555e-08;0.999331;2.88427e-08;6.19859e-09;2.04029e-08;1.33521e-07;4.7189e-08;1.25783e-07;8.79544e-10;3.30793e-08;3.68467e-08;8.52306e-07;0.00066636;1.21646e-06
8.29612e-09;0.000496631;1.00927e-06;4.32382e-07;1.91122e-05;1.16379e-05;5.05655e-09;2.23912e-05;1.84091e-08;7.84322e-08;1.36038e-06;0.999348;2.51975e-05;7.45228e-05
1.18463e-06;0.775205;3.73347e-07;3.97059e-05;4.81576e-05;0.000757011;8.52979e-07;0.00539924;8.36674e-05;3.24216e-07;4.20781e-05;0.000140101;0.218278;4.15337e-06
7.54544e-06;0.996316;2.01479e-08;1.22413e-06;2.28425e-08;2.8853e-07;2.86918e-07;1.83225e-05;3.93017e-08;1.58693e-07;1.44264e-06;3.81401e-05;0.00361698;1.02316e-07
6.40225e-05;0.0944698;0.00537325;0.00126901;0.00284546;0.00171296;9.44469e-07;0.00336947;8.14796e-08;1.45982e-05;1.2539e-06;0.86987;0.000624981;0.0203841
2.72547e-06;0.981949;2.94944e-10;4.73684e-06;1.1914e-06;1.92619e-06;1.07166e-05;1.45806e-05;8.32662e-08;2.35706e-07;1.27836e-05;1.28036e-05;0.0179872;2.22188e-06
9.73926e-05;0.0891716;3.80436e-07;0.00864122;0.00888166;0.00266385;1.10691e-06;0.80979;1.28306e-05;0.000147632;0.00031009;9.52299e-05;0.00566082;0.074526
0.00224307;0.736087;0.001994;0.000951919;2.81897e-05;3.57816e-05;2.87998e-05;0.00018952;4.39048e-05;0.000191125;0.00139798;0.188122;0.0670267;0.00166068
5.71192e-06;0.0172515;2.11318e-08;7.334e-07;0.00696688;0.000538217;4.91203e-07;0.953619;3.83335e-05;1.12052e-06;7.28988e-06;0.00206698;0.0177288;0.00177473
8.8805e-06;0.0047377;5.36939e-09;7.88831e-07;3.3519e-05;2.9567e-05;3.19362e-07;0.957985;7.1719e-06;2.69047e-05;3.0273e-07;2.43566e-08;0.0371374;3.27557e-05
7.81109e-06;1.01841e-06;0.999889;2.05329e-06;2.81453e-07;3.97232e-08;4.00645e-05;3.46425e-08;4.37287e-05;4.67555e-07;1.53461e-05;1.59615e-07;1.50729e-07;3.14532e-08
3.92006e-05;0.143456;5.85147e-05;9.67802e-05;4.85527e-06;4.07241e-06;1.32944e-07;0.00661752;0.00307906;3.0129e-07;0.00220613;0.843538;9.01287e-05;0.000809646
5.72798e-06;0.957232;1.77253e-06;2.44568e-06;6.98868e-07;1.07156e-05;4.60846e-07;1.27817e-05;0.000159858;9.8231e-07;0.00043801;0.0363326;0.00190936;0.00389256
9.94356e-07;0.148484;0.0148623;4.35155e-07;5.20529e-06;1.05706e-06;1.77225e-08;2.61232e-06;6.6126e-09;1.03346e-07;2.98925e-07;0.836417;8.17835e-05;0.000143434
7.14791e-06;0.913789;2.08059e-09;3.05107e-06;0.000431207;5.27563e-06;0.00042789;0.00511748;2.89286e-06;0.00016509;5.47121e-07;1.04354e-05;0.00957071;0.0704698
1.86159e-08;6.32802e-07;0.999977;7.84579e-09;1.30598e-07;7.41078e-09;1.90433e-09;2.35345e-06;5.13699e-10;1.05801e-09;2.52412e-08;2.00467e-05;3.6957e-07;1.90941e-09
8.43141e-06;0.861599;6.38658e-06;1.60821e-05;0.00174283;0.000240698;3.90318e-07;0.121681;1.43953e-05;1.22536e-06;2.05869e-05;0.00285182;0.00302319;0.00879354
0.000187331;0.614489;0.00473013;0.000221706;0.000156554;3.15412e-05;1.17318e-05;0.0895887;1.74437e-05;0.000148831;9.88849e-06;0.0864675;0.202948;0.000991992
3.01241e-05;0.000927568;0.840316;8.65562e-05;0.0018958;0.000117942;9.0909e-08;4.26063e-05;2.79775e-07;9.94623e-06;4.50975e-07;2.53783e-05;5.3462e-06;0.156542
7.4386e-07;0.000180552;7.34764e-08;7.9317e-09;0.000136971;0.000222611;4.48589e-11;7.90191e-07;2.02199e-09;1.22471e-08;2.28832e-10;2.72549e-07;9.23732e-07;0.999457
1.1039e-06;0.0111794;1.03496e-09;7.76317e-09;9.95555e-06;3.0083e-05;1.16044e-09;0.870368;3.19929e-08;6.34943e-09;1.0088e-09;1.21801e-09;0.118406;5.86777e-06
6.22119e-10;6.12339e-08;1;3.09461e-09;2.67064e-08;1.7476e-09;7.73844e-10;1.39431e-11;1.20767e-11;1.69832e-10;1.94716e-11;7.62954e-10;5.07696e-10;6.37621e-08
4.00236e-07;0.0002342;0.000108052;4.23427e-06;8.49459e-06;2.94904e-05;1.79944e-09;0.00282091;1.83494e-06;5.50009e-08;2.76543e-06;0.996601;3.77307e-05;0.000150453
1.4212e-06;0.989558;4.70136e-06;6.60298e-06;2.494e-06;3.05035e-05;1.80898e-06;2.89291e-06;5.24352e-08;3.84057e-07;2.21789e-05;6.32378e-06;0.0101914;0.000171078
1.09907e-07;0.00287237;0.000648192;1.75116e-07;0.000422913;3.27214e-05;2.34784e-11;0.000607304;2.56065e-10;1.71109e-08;2.42958e-09;0.993748;0.00016734;0.00150086
1.17652e-06;0.380524;8.18047e-08;0.000854074;4.60556e-05;0.0103932;0.000118849;0.0121622;0.00094593;2.01753e-06;0.00190682;5.56114e-05;0.580617;0.0123735
3.97347e-06;0.819894;1.33914e-07;3.40275e-06;7.90731e-06;1.15315e-05;2.62738e-08;0.00014396;3.50846e-08;1.47444e-07;3.3325e-07;0.000674878;0.17899;0.000270175
8.7423e-06;0.0291852;2.66845e-06;3.95658e-06;0.00323142;6.07784e-07;3.49597e-08;0.966798;1.3026e-08;1.35102e-05;1.05852e-08;6.43952e-05;8.84892e-05;0.000602529
1.47443e-05;0.000435351;0.994018;0.0016797;0.000938027;0.00194841;6.43208e-07;9.34363e-06;8.4546e-08;8.64748e-05;2.14879e-05;6.3827e-05;0.000782247;1.72884e-06
1.8788e-06;0.00179256;8.49189e-08;6.22121e-09;4.84632e-12;2.56401e-11;0.998027;5.30663e-10;2.74777e-07;1.91357e-05;0.000156258;7.36721e-08;2.78517e-06;2.95022e-08
1.0053e-11;1.57045e-10;1;9.90657e-11;1.24446e-09;5.83534e-11;1.18989e-08;3.90802e-14;2.08482e-11;1.79906e-10;1.51362e-11;5.77915e-08;6.8181e-13;3.35889e-12
9.60154e-07;0.994947;6.60469e-07;5.71135e-07;1.31382e-09;1.46321e-07;0.000159776;2.43299e-05;7.57771e-06;2.81987e-07;5.33538e-05;0.000668562;0.00413628;1.45677e-09
2.17075e-05;0.841807;7.69477e-07;0.000105227;6.29895e-05;0.000153869;6.17321e-05;0.0014588;4.7571e-05;2.06705e-05;0.00125643;0.0805055;0.0677586;0.00673927
3.60168e-06;0.96789;2.74759e-10;7.39613e-06;1.68113e-05;8.48758e-06;1.21606e-06;0.00199366;6.18433e-06;3.15296e-07;9.88027e-06;2.07982e-05;0.0295081;0.000533563
1.91428e-05;0.0162457;0.000213145;1.76614e-05;0.012191;1.18188e-06;2.65047e-06;0.00484116;1.60227e-06;6.07114e-05;1.19736e-06;0.688536;5.29751e-05;0.277816
6.27628e-05;0.109661;0.125794;0.00798524;0.751748;0.00120161;0.000636684;6.84278e-05;0.000103528;0.000277791;0.00043556;0.000338201;0.00148166;0.000205983
8.1248e-06;0.995494;0.000881568;3.75438e-06;1.47157e-05;3.40153e-05;1.38732e-06;2.58841e-06;1.25203e-08;3.11381e-06;1.77108e-07;0.000922515;0.000710105;0.00192357
2.86419e-07;0.0260134;5.16464e-07;3.13864e-09;5.21261e-07;7.5089e-07;5.38721e-09;9.28852e-06;1.53289e-10;1.91907e-09;1.36269e-09;0.973118;0.000854726;2.55572e-06
1.36584e-06;0.0149194;3.77466e-07;3.13227e-08;0.000245721;0.00151678;3.90572e-07;0.109544;1.31402e-06;1.90665e-08;2.88331e-07;4.23493e-06;0.873513;0.000253454
1.68997e-10;1.55239e-10;1;8.89365e-11;2.2209e-09;6.44018e-11;5.76822e-12;9.63636e-10;2.17053e-11;1.77967e-12;6.0164e-12;4.10924e-09;1.85827e-11;2.4058e-10
1.52728e-07;0.000197376;7.08972e-05;1.17919e-06;7.77889e-06;7.76903e-07;1.20558e-08;4.66308e-05;2.92611e-07;5.25944e-08;3.09869e-07;2.49535e-05;1.17921e-05;0.999638
4.18536e-07;0.000559013;2.19504e-07;2.66573e-07;0.00215552;9.0137e-05;1.81265e-07;0.997176;3.924e-06;2.2946e-08;2.75067e-07;1.27378e-06;1.92263e-06;1.10972e-05
3.07677e-09;1.21694e-07;0.999675;2.98877e-08;1.19115e-06;4.19906e-07;6.47753e-11;1.03565e-09;2.40689e-11;1.43354e-09;4.69999e-10;0.000321122;5.20842e-08;2.33494e-06
1.24266e-06;0.998963;4.76017e-09;2.71871e-07;4.69132e-08;1.72673e-07;7.17695e-05;0.000107363;0.000140694;2.93234e-09;0.000633852;1.63963e-06;7.95869e-05;2.36319e-07
9.00671e-08;0.000194867;0.999737;3.40606e-09;3.55696e-08;4.05157e-08;2.63516e-09;6.31444e-07;1.61127e-09;4.29825e-09;1.90893e-09;6.02358e-06;6.10663e-05;6.82617e-07
8.91599e-09;0.99798;1.79428e-08;1.48778e-10;2.20038e-09;6.02127e-10;1.50593e-10;0.00184159;2.10391e-11;2.97993e-09;2.44395e-11;1.91373e-07;0.000177905;4.01238e-07
1.4099e-08;0.000207981;9.88873e-10;1.50382e-07;2.03308e-06;0.00476469;1.82827e-08;2.09207e-06;9.14303e-08;1.15046e-07;1.50285e-07;2.41683e-08;0.994463;0.000559744
4.17475e-08;4.34389e-06;0.998198;1.15172e-07;2.33535e-08;1.50956e-08;2.58359e-06;7.16828e-11;2.62939e-10;5.80363e-05;7.20765e-09;0.00173363;1.38746e-07;3.21372e-06
9.72681e-08;5.81545e-09;0.999995;9.71584e-09;3.3465e-08;7.93957e-08;2.37377e-06;7.13365e-10;5.45295e-07;1.74984e-08;7.00474e-07;7.34365e-07;3.03012e-09;3.39446e-11
2.75041e-06;0.998038;7.56126e-09;8.34821e-10;8.3139e-10;1.35535e-09;2.7452e-06;9.30736e-06;5.95248e-08;1.09215e-08;1.60678e-08;7.31795e-07;0.00194685;2.75147e-09
6.97328e-07;0.000138002;1.82063e-07;1.24405e-05;0.000519005;0.000199508;1.92033e-08;0.000369704;5.10741e-05;7.27783e-08;3.23792e-06;0.900427;3.00819e-05;0.0982487
5.45638e-06;0.998642;2.87009e-08;2.65821e-06;1.77715e-06;1.09331e-06;4.1636e-07;0.00109965;1.7223e-06;2.91273e-07;4.66284e-07;2.15141e-07;0.000220624;2.3469e-05
7.09831e-06;0.0793675;0.000212021;1.30228e-05;1.43374e-05;1.47746e-07;5.09556e-09;0.000123132;4.45758e-07;9.42308e-07;2.65563e-07;0.920037;1.07441e-05;0.000213283
0.00122256;0.977128;5.25177e-05;0.00027346;0.000130531;6.6174e-06;1.09357e-05;0.00048734;3.1647e-05;3.13729e-06;3.17812e-05;0.000544815;0.0200742;2.07907e-06
1.68227e-06;0.99095;2.32534e-10;1.33877e-09;1.77108e-08;1.2959e-10;1.29126e-05;8.05728e-07;1.18499e-08;1.97945e-07;3.62184e-09;9.30508e-08;1.92034e-07;0.00903393
1.41044e-12;1.99672e-13;1;1.10149e-12;1.51523e-09;1.33845e-10;1.56182e-12;3.983e-13;4.09165e-13;1.24146e-12;1.70569e-14;2.11908e-09;1.0458e-14;9.44059e-11
5.38718e-07;0.989199;1.93571e-08;1.38648e-07;3.01769e-07;3.16518e-05;2.25215e-05;0.00466482;1.29709e-07;3.51333e-07;4.55883e-08;7.14871e-12;0.00605041;3.03564e-05
1.88572e-11;3.47043e-11;1;1.02732e-10;7.94462e-11;6.12562e-12;2.05123e-10;7.01077e-12;1.69366e-12;1.49304e-11;9.17543e-12;2.02224e-10;4.34836e-11;5.01577e-11
1.11296e-09;3.23147e-08;0.999993;2.24232e-08;4.92776e-09;4.03313e-09;9.23284e-10;3.01019e-06;9.96122e-10;1.08041e-09;3.08262e-09;3.42072e-06;6.67931e-09;4.70316e-07
1.03824e-10;7.74103e-08;3.20629e-07;2.62922e-09;5.60336e-07;2.63452e-05;1.13288e-13;2.21131e-09;8.75123e-12;2.78752e-10;4.76234e-11;5.5278e-08;6.95317e-09;0.999973
4.05267e-09;0.00176048;3.67644e-11;5.32539e-10;4.6586e-09;2.69982e-08;1.08507e-10;1.9366e-07;3.82697e-10;1.72517e-11;4.62093e-09;1.01985e-07;0.998239;2.68763e-08
1.67997e-06;0.961659;8.61611e-10;2.16819e-05;2.05342e-05;0.000158609;1.28798e-09;0.00769287;4.6429e-08;1.61377e-07;1.1481e-07;5.03061e-05;0.0277813;0.00261381
2.36948e-06;0.0535447;1.20496e-06;1.0037e-05;7.0681e-07;4.89136e-06;6.93082e-09;5.56146e-06;1.34308e-08;1.72805e-07;6.82714e-06;0.0376523;0.908754;1.71462e-05
1.08104e-07;0.998793;2.16098e-11;8.73555e-08;9.62895e-08;7.41472e-09;0.000163294;3.81802e-06;2.12543e-09;1.23748e-05;1.65977e-08;4.30585e-09;1.14716e-07;0.0010273
2.21055e-08;1.30963e-06;0.999903;1.60688e-07;1.99276e-06;6.22544e-06;3.57936e-07;8.62694e-05;8.09885e-09;9.70004e-08;2.42904e-08;7.61664e-10;1.8226e-07;8.10513e-07
1.26079e-09;1.46076e-07;1;2.0666e-09;1.61133e-08;5.81815e-10;1.09409e-08;1.11438e-10;4.29682e-11;1.79159e-10;1.6251e-10;4.53843e-08;8.97075e-10;3.90218e-08
2.42927e-09;4.92435e-08;0.999794;2.07512e-09;8.7246e-09;1.79639e-08;5.77568e-11;5.47744e-09;6.61932e-11;1.27744e-10;2.16524e-10;0.000205267;9.96916e-09;6.43459e-07
6.11397e-09;9.93342e-05;5.17324e-09;6.83537e-09;0.000579253;0.00730626;1.63054e-08;1.29424e-05;5.33034e-10;2.7438e-08;9.51291e-10;1.79332e-13;1.02355e-05;0.991992
9.44959e-14;6.44112e-14;1;2.78905e-15;7.40937e-11;5.73815e-13;8.8757e-15;1.85582e-13;2.92631e-16;1.12312e-14;2.72723e-16;3.908e-09;2.85542e-13;1.7118e-12
1.73476e-06;0.00158612;5.10238e-06;8.01034e-07;3.37414e-05;2.29804e-05;1.03878e-07;0.994563;0.00011035;3.51355e-08;8.34381e-06;0.000162601;0.00349815;6.75756e-06
9.22301e-06;0.955913;2.12699e-06;2.36541e-06;4.21511e-06;3.0474e-05;7.91265e-08;0.000568084;4.04712e-07;3.89153e-07;5.72659e-07;3.79771e-06;0.0432186;0.000246947
4.36671e-06;0.0143679;5.13043e-07;6.55884e-07;0.000541692;2.0985e-07;3.65278e-09;0.984121;2.15976e-09;2.03214e-06;3.00343e-09;9.68648e-06;1.32936e-05;0.000938763
3.59558e-06;0.00063799;0.997985;0.000190573;0.000986225;4.78264e-05;2.14609e-07;5.41924e-06;2.58134e-09;3.52003e-05;3.56376e-07;9.30904e-05;8.97525e-06;5.43719e-06
7.55106e-08;0.000149623;3.96506e-08;1.1464e-09;1.34141e-12;2.40211e-12;0.999832;5.59758e-11;4.93337e-09;1.61867e-05;2.21868e-06;6.91501e-08;2.18551e-08;9.04298e-09
5.30289e-11;3.52359e-11;1;3.12605e-09;7.03237e-09;6.90349e-10;1.07893e-07;1.96322e-13;2.68533e-09;5.04987e-10;5.28452e-10;1.40894e-08;3.8855e-12;1.17792e-11
3.80986e-07;0.99996;7.83611e-09;3.54237e-07;4.42953e-09;1.22716e-09;3.78202e-07;1.54062e-06;6.20795e-08;1.17001e-08;2.03096e-07;4.79281e-07;3.60265e-05;1.28489e-08
1.05912e-06;0.992212;1.90089e-10;2.68058e-08;1.21468e-08;2.27655e-09;9.3364e-05;2.2615e-05;2.63163e-09;9.71238e-06;6.42317e-10;4.40903e-09;3.66471e-06;0.00765778
7.77279e-12;5.28862e-13;1;1.65532e-10;8.55909e-09;2.17169e-11;9.93052e-11;2.6361e-12;1.08077e-11;3.89124e-10;3.50675e-12;4.63865e-08;1.7582e-16;1.22564e-09
3.96704e-06;0.865944;0.000456396;4.10917e-06;1.506e-05;3.21573e-06;2.95288e-06;7.96629e-06;2.51572e-08;1.22519e-07;3.39885e-07;3.0928e-05;0.13353;3.76912e-07
2.94782e-06;0.815475;3.09692e-06;1.64691e-06;1.55283e-05;0.000175111;0.000460515;0.0111496;1.19401e-06;0.000158915;1.06361e-06;0.000136005;0.00522566;0.167194
5.22217e-11;4.70818e-08;0.999999;2.34042e-09;4.02606e-07;1.1914e-08;1.314e-09;1.17762e-09;5.99402e-11;7.07844e-11;3.47241e-11;5.99782e-08;1.99067e-10;3.20897e-08
3.63067e-05;0.090615;4.47558e-05;3.2661e-05;0.0001415;0.0712566;7.66521e-05;0.137846;2.63608e-05;8.87128e-06;4.91194e-05;9.87643e-06;0.691947;0.00790884
1.011e-11;2.61806e-12;1;2.48482e-12;9.67046e-11;7.99958e-11;3.64935e-13;1.9363e-10;3.55299e-14;5.08072e-14;8.62198e-14;6.82977e-09;9.45325e-12;5.23985e-10
3.18868e-10;4.0172e-08;4.65876e-05;4.98842e-09;9.30749e-07;1.19648e-08;3.02477e-12;1.54612e-07;7.16013e-11;1.56053e-10;1.64117e-10;8.48983e-05;4.21674e-09;0.999867
2.38343e-06;0.00529728;9.95722e-07;3.54232e-07;0.0718269;0.000277422;1.99896e-07;0.922432;1.24685e-05;7.28655e-09;2.7368e-07;2.06908e-06;2.25432e-05;0.00012501
4.76033e-08;4.69276e-06;0.99784;1.23525e-07;6.21409e-05;1.26738e-05;6.21451e-10;8.56302e-10;7.34093e-11;2.08849e-09;1.5208e-09;0.00203137;1.78991e-06;4.72883e-05
6.48192e-07;0.996845;5.27553e-09;5.34431e-08;8.09462e-08;1.78332e-06;1.89443e-07;5.66254e-05;1.01308e-06;1.1463e-10;1.54465e-06;1.43216e-05;0.00307843;4.98412e-07
2.13878e-07;0.996743;2.39141e-09;4.07609e-07;4.06578e-06;2.68668e-06;1.01026e-06;0.000178455;5.59314e-08;2.33171e-07;4.56658e-07;1.31726e-06;0.00289843;0.000169973
2.98351e-06;0.96688;1.94772e-06;7.28522e-06;0.000302835;1.91721e-06;7.33482e-08;0.0255545;1.74746e-08;7.53658e-06;9.42408e-08;0.000481511;0.00420476;0.00255426
5.43204e-06;0.673879;2.38733e-07;0.00010559;2.15826e-05;0.00012497;0.000396541;0.000226402;9.3756e-05;5.1821e-05;0.000275678;3.14105e-05;0.32441;0.000377594
2.64757e-06;0.013462;0.984381;1.21277e-05;2.6383e-05;4.33388e-07;3.87417e-07;3.61916e-06;9.92345e-09;2.97992e-05;2.46052e-08;0.000456615;1.60461e-07;0.00162487
3.56133e-08;7.9725e-08;0.999934;1.27809e-08;1.71779e-07;3.71004e-09;2.31312e-07;1.16051e-08;1.19516e-07;3.18171e-09;1.19146e-07;6.47815e-05;4.76718e-09;1.14999e-09
3.91357e-06;0.0205526;1.08284e-08;7.70604e-07;8.53555e-07;2.09024e-05;6.51202e-08;0.000680076;7.57327e-06;7.31942e-08;1.39351e-05;0.000224564;0.978488;7.01356e-06
9.90513e-09;9.87189e-06;8.27069e-09;3.6739e-09;3.57743e-05;1.39467e-09;9.02448e-12;0.999817;1.40561e-09;4.86775e-10;2.97389e-09;0.000133724;3.03627e-06;4.72302e-07
5.37607e-07;0.000318765;0.955587;0.00104498;0.00452004;0.00178385;1.16567e-07;8.06497e-05;1.80817e-08;9.8747e-05;2.51316e-06;6.23577e-05;2.42565e-05;0.0364765
0.000146792;0.265237;5.83197e-06;7.19195e-06;4.41167e-05;0.000547621;0.000193071;0.0416062;0.000109221;2.79601e-06;0.000788392;0.00247884;0.688367;0.000465371
7.47822e-07;5.33498e-05;5.78811e-10;3.05892e-07;5.33578e-06;1.90001e-06;4.8672e-08;0.0195388;8.18696e-07;4.86158e-08;2.26348e-05;0.000127967;0.980233;1.52416e-05
5.55984e-06;0.000246826;2.04358e-06;1.11541e-06;3.13865e-06;3.94379e-07;5.24778e-08;9.90417e-05;2.18799e-06;2.06231e-07;9.37658e-06;0.995599;0.00402461;6.26036e-06
2.0387e-07;0.000467316;4.78814e-10;3.05212e-08;1.10447e-06;2.63162e-07;5.68e-08;0.995904;7.11761e-06;2.31909e-08;4.58828e-06;2.40844e-06;0.00361264;1.05316e-07
2.97515e-05;0.936621;1.14645e-06;7.87571e-06;3.44211e-05;1.23068e-05;0.000784195;0.013304;2.40923e-06;0.00168336;5.8166e-06;2.90079e-07;0.0461612;0.00135181
2.33198e-08;3.44929e-09;0.999996;1.31148e-08;3.41492e-09;1.97526e-09;3.28155e-06;1.6684e-11;4.2062e-08;2.55604e-08;3.71599e-08;6.82421e-07;1.30148e-09;1.96422e-10
0.000232272;0.940723;0.000355579;1.57805e-06;1.6313e-05;3.10358e-06;4.34312e-05;0.0167039;0.00111518;3.81726e-07;1.63447e-05;0.00222432;0.0383749;0.000189317
3.00618e-06;0.806474;5.01494e-06;0.00028743;0.00759403;0.000549593;3.10478e-07;0.0338321;8.08165e-05;7.01359e-05;1.42695e-06;0.0527124;0.00163432;0.0967552
2.31108e-05;0.0147982;3.22086e-07;3.44836e-06;2.35175e-08;7.32935e-05;0.000151135;4.58457e-05;0.000204295;9.48879e-06;9.49616e-05;1.68693e-05;0.984577;1.81227e-06
1.51184e-06;5.35372e-05;0.993409;7.98921e-06;4.2609e-07;2.70581e-07;0.00018971;5.64075e-08;9.08253e-07;0.000429062;3.54798e-07;0.00583926;1.39882e-06;6.64491e-05
5.48309e-08;7.88133e-09;0.999989;3.46284e-08;4.85714e-09;9.08994e-09;5.71999e-06;3.43992e-10;4.26068e-06;1.03098e-08;3.86647e-07;1.22657e-07;1.03584e-08;1.50896e-10
1.32452e-05;0.997952;2.71444e-06;3.03525e-07;4.46695e-07;1.70376e-07;0.000136558;0.00114273;8.16058e-06;5.23791e-05;8.49982e-07;1.45984e-08;0.000683627;6.89578e-06
4.68956e-13;2.69974e-13;0.999999;2.31647e-11;2.31426e-09;1.33408e-10;7.10793e-15;3.6169e-13;1.61566e-14;4.46853e-12;1.55254e-14;1.12629e-06;3.32183e-14;4.49553e-08
2.05307e-07;0.721472;5.47731e-07;3.30421e-06;2.8606e-05;3.18738e-06;7.51534e-08;0.26887;4.77137e-06;4.04763e-08;4.37823e-06;6.26527e-06;0.0095647;4.1818e-05
5.89522e-09;0.999957;6.40538e-12;5.8575e-09;6.95657e-12;1.69111e-11;2.57101e-06;2.79281e-09;4.46762e-09;8.93134e-07;3.71181e-08;9.29597e-09;2.77102e-07;3.95328e-05
2.32262e-06;0.00214848;3.2953e-08;3.11472e-06;1.86525e-08;2.62587e-08;0.948176;1.75589e-05;0.00905023;1.66655e-06;0.0386219;8.43082e-05;0.00189471;1.03622e-08
4.54216e-07;0.970968;2.46189e-12;2.03903e-08;8.40883e-10;5.38367e-07;7.76362e-07;1.20646e-06;1.22576e-07;1.71269e-08;3.7307e-08;1.62332e-07;0.0290283;8.59625e-09
4.07675e-06;0.00232448;0.20142;9.35688e-06;0.000164843;0.000113672;1.03228e-07;1.14134e-05;2.6289e-08;6.79791e-07;1.40208e-08;0.597003;7.48627e-05;0.198873
4.10757e-06;0.950605;1.02424e-09;8.45765e-06;2.54005e-05;1.06363e-05;0.000277531;0.000509956;2.98467e-05;6.14074e-07;0.000157308;7.86771e-05;0.0477486;0.000543523
6.11659e-05;0.00286209;6.92162e-05;4.1393e-05;1.68871e-05;2.10668e-06;6.74096e-05;0.819062;0.000114266;1.79029e-05;0.000240621;0.155551;0.0218865;7.47905e-06
0.000189016;0.0541918;3.05346e-06;0.171506;0.00566539;0.174612;7.13014e-06;0.00829175;0.027274;0.000153758;0.0830104;0.190717;0.109164;0.175215
0.000114988;0.988264;1.09776e-05;2.02545e-05;1.68842e-07;6.90073e-06;5.77923e-07;0.000797506;2.08918e-06;6.95041e-07;1.10077e-06;0.000390765;0.0103895;3.19145e-07
8.89485e-05;0.487674;2.81367e-08;6.91941e-05;0.00345939;1.21635e-06;1.76654e-06;0.506995;3.98918e-05;6.94748e-06;1.20751e-05;0.0013592;0.000280314;1.16875e-05
1.84341e-05;0.00195516;0.574217;0.00129479;0.29278;0.00348862;7.92974e-08;0.00106598;5.67104e-07;8.67778e-05;3.15248e-06;0.119783;0.00500293;0.000304021
5.30689e-06;0.00341205;4.21671e-09;1.31434e-07;2.13323e-07;1.23557e-07;0.995798;3.38388e-07;0.000261486;0.000365537;8.60285e-05;9.82264e-08;1.74836e-06;6.90443e-05
3.15572e-10;1.41064e-10;1;3.24182e-10;2.95136e-09;5.53866e-10;5.28564e-09;4.59336e-12;1.92124e-09;6.80342e-10;3.0689e-10;3.91629e-08;5.16364e-12;1.33556e-10
0.000143684;0.0125411;1.22071e-05;2.57497e-07;3.0592e-07;7.28419e-08;1.02987e-06;0.986731;0.000195832;1.37868e-07;3.1953e-05;5.47803e-05;0.000287282;7.88921e-07
4.94438e-08;0.000661251;2.08141e-06;3.16552e-08;1.40068e-07;2.0167e-07;3.38692e-10;3.89597e-06;9.51757e-09;2.44408e-09;2.36589e-07;0.999264;6.75754e-05;4.3287e-07
1.74664e-07;0.997551;3.535e-10;5.93853e-08;1.4022e-05;2.18482e-06;9.99593e-07;6.73548e-05;4.34399e-09;4.56449e-06;6.7177e-09;2.653e-11;5.57886e-05;0.00230349
1.2354e-12;1.10149e-13;1;1.43082e-13;2.05097e-10;4.03004e-14;5.36192e-14;1.29753e-14;3.03273e-14;1.28274e-13;3.12874e-15;1.30361e-08;8.11524e-15;1.1859e-13
0.000690296;0.0844242;0.000464611;0.000130336;0.00427492;0.00312025;5.18811e-05;0.731212;0.133104;7.43307e-05;0.000648213;0.0161243;0.0207331;0.00494771
5.4518e-07;2.60863e-05;1.08674e-10;5.02994e-08;1.62446e-06;9.4593e-08;1.24881e-08;0.933985;2.43276e-05;3.57757e-09;1.84558e-06;6.01152e-07;0.0659595;1.23552e-07
7.98071e-07;2.99889e-05;6.90248e-07;4.22859e-07;5.4171e-07;1.8978e-08;1.86841e-08;9.35148e-06;4.73874e-06;4.06137e-08;7.09586e-07;0.999704;0.000242077;6.13918e-06
4.4931e-07;0.997719;1.45547e-07;3.17626e-09;3.01619e-09;1.80441e-09;1.1851e-06;0.000161698;9.76404e-08;2.67521e-08;2.30748e-08;2.42674e-06;0.00211506;3.37975e-08
1.98962e-09;6.71736e-05;2.2675e-11;2.65977e-07;3.25809e-06;9.09216e-08;9.50944e-06;2.75806e-06;5.02511e-08;3.09361e-05;2.43714e-08;2.24945e-07;8.67367e-09;0.999886
7.80555e-07;3.06154e-06;0.999879;5.82255e-07;1.83936e-08;4.26142e-09;2.61722e-05;3.54177e-07;2.91832e-06;6.26603e-08;1.83595e-05;6.85426e-05;1.13149e-08;7.96101e-11
4.83369e-06;0.999659;8.23408e-06;1.53689e-06;5.72875e-07;3.45777e-07;5.74031e-06;2.42671e-07;6.0901e-08;7.36856e-08;1.17027e-06;3.85889e-07;0.000316226;1.9393e-06
2.42599e-08;0.00104028;6.2222e-10;3.24048e-11;1.72192e-09;1.09667e-09;1.64585e-09;1.11078e-09;4.06994e-12;1.98791e-11;1.47664e-11;0.998903;5.41567e-05;2.17715e-06
1.76784e-06;0.000163181;7.29629e-11;1.9736e-07;0.00267223;1.30106e-05;5.53668e-07;0.996268;1.12805e-05;1.64057e-08;2.99299e-07;0.00021526;0.000650289;3.94364e-06
6.05243e-05;0.888725;0.086261;0.000134464;0.00202872;0.00666233;4.21736e-08;0.000844737;1.48517e-07;4.94753e-06;1.21914e-07;8.00679e-06;0.00056916;0.0147011
0.000706153;0.446878;0.00733897;0.000487195;0.00126724;0.000502722;2.91824e-07;0.00688384;1.47484e-06;4.79523e-06;7.30929e-06;0.509237;0.0125248;0.0141602
6.97836e-05;0.163865;0.000123293;5.51007e-07;7.69718e-06;3.24027e-07;6.84188e-06;0.00965785;3.05196e-05;2.76732e-07;0.000593158;0.82177;0.00387345;4.4369e-07
1.02593e-05;0.33881;1.35675e-06;5.26591e-06;0.00181652;0.00235332;0.000341109;0.0305809;0.000110458;0.00049641;1.77114e-05;1.16096e-05;0.618222;0.00722273
6.89173e-10;2.82771e-11;1;1.73535e-09;6.96564e-09;5.37809e-10;5.59551e-09;1.54586e-11;2.04847e-09;2.02536e-09;2.00314e-10;2.60523e-08;3.18656e-11;1.83394e-09
4.84157e-06;3.16643e-05;0.99911;7.61358e-06;4.87571e-06;3.39951e-06;5.24072e-07;0.000465325;1.6231e-05;2.14056e-07;4.38393e-06;0.000344033;4.96881e-06;2.29292e-06
2.22358e-07;0.000656236;1.01608e-05;1.85918e-07;4.62174e-05;0.000325882;1.17749e-10;6.03087e-06;1.18252e-09;2.94698e-07;3.87981e-10;2.31473e-05;9.77227e-06;0.998922
1.45628e-05;0.0266208;1.38249e-08;6.1543e-06;4.89206e-05;5.60949e-05;3.13836e-08;0.302882;3.29345e-05;8.13388e-08;8.186e-06;4.77917e-05;0.670177;0.000106063
2.66305e-07;3.22155e-05;1.32145e-11;1.39182e-10;3.35481e-08;9.641e-11;3.55235e-12;0.999932;1.18817e-09;5.55807e-11;3.45738e-11;2.76553e-10;3.58925e-05;5.78404e-09
3.83997e-08;0.000699205;2.34195e-05;1.48627e-05;0.000503873;0.000116054;6.5506e-08;0.000126095;1.20953e-08;1.00091e-05;1.44772e-09;4.63487e-07;1.6525e-05;0.998489
2.86295e-10;6.22111e-10;1;1.32251e-09;2.54432e-11;4.27104e-13;2.00846e-07;2.41566e-12;9.50378e-11;7.09732e-11;8.64303e-10;1.72997e-10;7.94177e-12;5.87906e-11
1.81266e-05;0.00403249;0.990233;2.76515e-05;0.000119346;2.96065e-06;1.06756e-05;0.00365265;2.24769e-06;1.09473e-06;1.45288e-06;0.00176551;2.07122e-05;0.000112079
9.03631e-08;3.03911e-05;2.1805e-05;8.18322e-07;0.000244562;0.00125545;4.65386e-11;8.74646e-06;3.85919e-09;6.61603e-08;1.32201e-09;5.73625e-05;9.40527e-06;0.998371
4.7596e-07;0.997826;1.54871e-10;2.7489e-08;3.87313e-08;3.69112e-08;3.6585e-09;4.24895e-05;2.94139e-08;3.50447e-10;3.56474e-07;2.21827e-05;0.00210595;2.09523e-06
2.93355e-08;0.995468;9.98568e-13;8.93884e-09;3.29099e-09;1.15946e-09;3.78568e-06;2.68325e-06;3.81149e-12;1.2254e-06;1.06093e-11;4.19518e-13;4.99844e-07;0.00452422
1.86689e-12;5.82338e-12;1;7.1792e-10;1.00021e-09;1.88436e-10;7.37525e-11;2.50707e-15;5.75709e-13;1.22774e-10;6.71723e-12;5.85526e-09;1.79652e-14;2.37507e-09
6.30605e-09;0.00830782;7.16068e-08;6.36411e-08;1.21094e-08;2.53098e-07;2.45582e-08;1.74096e-08;4.56155e-12;6.88549e-10;2.38696e-09;3.54185e-08;0.991692;1.57346e-08
1.04793e-08;0.0171122;1.00415e-05;1.5979e-08;1.71668e-07;9.29951e-09;3.98956e-08;0.016434;1.23432e-09;8.77431e-09;2.69058e-08;0.964786;0.0016355;2.20811e-05
5.22961e-07;0.113922;4.79362e-08;0.000821694;0.0048153;0.025894;1.62569e-05;0.336409;5.68574e-05;3.38192e-06;0.00287783;0.000774252;0.505042;0.00936624
5.86088e-07;0.000432104;8.62445e-05;1.09972e-07;2.39557e-08;4.27644e-06;8.95681e-06;1.91407e-05;8.69313e-09;1.2717e-06;1.84671e-07;4.50747e-07;0.999443;3.97103e-06
4.02362e-12;4.03613e-10;1;4.12209e-11;3.39555e-12;2.17579e-12;4.77196e-11;1.03655e-12;4.43094e-13;2.64358e-12;1.38971e-11;7.89019e-11;1.14892e-11;7.14282e-13
2.50337e-06;0.00367777;0.143189;1.65803e-05;7.40752e-06;3.49296e-06;8.89525e-08;0.000528579;1.23478e-07;3.9813e-07;3.46828e-06;0.849522;4.07829e-05;0.00300808
2.34176e-05;0.277857;2.533e-05;5.25828e-05;0.0293689;0.00020713;1.88822e-06;0.678002;9.78205e-06;5.45044e-06;0.000197425;0.000976009;0.0125195;0.000753201
5.98322e-07;0.00321083;0.972856;2.78009e-05;0.00107915;0.0112211;9.0239e-09;1.13158e-06;1.03887e-09;3.50285e-06;3.21901e-07;0.00133173;0.00997317;0.000294847
6.3486e-08;0.999673;8.18692e-10;8.47202e-10;7.32931e-10;1.92425e-08;0.000191185;3.42448e-08;1.25518e-10;1.11082e-06;1.10554e-09;1.17212e-09;0.000133915;3.50637e-07
1.56769e-15;1.19604e-13;1;1.00097e-14;4.83471e-13;2.88024e-13;3.77301e-14;4.87224e-16;3.40588e-17;3.14888e-14;1.39619e-17;1.53319e-12;1.58486e-14;7.4738e-15
6.19503e-07;0.980035;3.81296e-05;8.28068e-06;4.76658e-05;0.000197252;3.67819e-06;0.00128147;4.00812e-06;3.85286e-06;1.78934e-05;0.000153274;0.0181703;3.80759e-05
