1.20353e-05;0.973624;0.0261644;4.08686e-06;3.80992e-07;5.05942e-07;1.13234e-07;3.16938e-05;2.48285e-08;6.16041e-07;2.08896e-08;0.00013763;1.57633e-05;8.77044e-06
1.17699e-05;0.984063;1.38526e-09;1.87138e-05;7.98599e-05;2.52188e-05;1.92586e-05;0.000471412;6.53247e-06;1.02929e-05;2.23027e-05;2.13652e-05;6.68706e-05;0.0151838
1.86076e-05;0.988043;3.42965e-09;3.27954e-07;6.74303e-07;9.88661e-09;1.0846e-06;1.87346e-05;3.38678e-08;1.00506e-06;1.8181e-06;0.0117604;0.000154464;5.02073e-08
0.00103725;0.0287607;0.0016444;0.0017091;0.809243;0.0492901;5.69254e-05;0.00446975;2.6456e-05;0.000105514;6.53619e-05;0.0559585;0.0109403;0.0366925
0.000945536;0.153587;0.000183974;0.000495812;0.000476812;0.000640861;1.64167e-05;0.103709;0.018155;9.32944e-07;0.0324662;0.665022;0.00349704;0.0208033
1.33418e-05;0.0261653;1.89061e-07;1.5732e-08;7.56754e-05;2.62841e-08;3.45938e-09;0.973653;7.55889e-08;1.93492e-08;1.81569e-08;1.98365e-07;6.97986e-05;2.26566e-05
2.49801e-08;0.0006899;4.34036e-06;7.31247e-08;1.48906e-05;2.00795e-07;9.73587e-11;1.25392e-05;2.23685e-08;1.21969e-09;2.59573e-07;0.999261;5.48604e-06;1.14162e-05
2.64227e-06;0.995358;1.22663e-06;1.00629e-07;3.62381e-06;3.22724e-08;1.18829e-08;0.00334258;6.67292e-09;9.80518e-08;6.99065e-08;0.000410124;0.000828662;5.25186e-05
8.9123e-07;5.40607e-05;3.2476e-06;1.10614e-06;0.0283531;6.95218e-07;1.16046e-09;0.00174273;8.7333e-07;5.41455e-09;1.39087e-06;0.969751;3.19225e-06;8.81865e-05
7.05855e-06;0.989235;1.83565e-06;2.5328e-07;1.70525e-05;3.57536e-08;1.99982e-07;2.00536e-06;1.10246e-07;8.13732e-06;2.33342e-09;1.36257e-08;8.21223e-07;0.0107274
0.000993653;0.000352102;6.85115e-07;1.37085e-07;3.33622e-06;8.85601e-07;0.0144645;0.0451948;0.938098;1.52543e-07;0.000863393;3.36947e-07;2.7648e-05;3.47396e-07
4.54619e-08;0.000671591;3.15657e-13;1.31221e-09;2.75882e-06;3.28159e-09;5.82248e-10;0.998377;1.44098e-07;3.16163e-10;4.00539e-09;1.38082e-08;0.000948055;1.12202e-08
5.56111e-06;0.0332765;0.958304;0.00080551;0.000995809;0.000365593;5.72105e-06;9.63419e-06;4.24035e-06;4.93629e-05;7.42724e-06;0.00347958;0.00253265;0.000158337
0.000921124;0.934108;6.29715e-05;8.66643e-07;1.45251e-08;3.11256e-07;7.23468e-05;4.68472e-06;5.49582e-05;3.54418e-07;8.41494e-05;0.0265991;0.0380915;2.48171e-09
0.000537745;0.0342367;0.00426991;0.000192527;0.0600305;0.0546472;8.05025e-06;0.00635722;0.00121408;1.9354e-05;5.0048e-05;0.718645;0.084774;0.0350174
0.00655284;0.0130538;4.40876e-06;0.00018413;0.159164;0.498262;4.10532e-05;0.148338;0.0237128;4.8037e-05;0.000624474;0.0154219;0.0275379;0.107055
3.94782e-05;0.00124937;1.00535e-05;3.22515e-06;2.004e-06;8.60934e-05;2.63897e-08;0.00011869;8.67327e-05;1.668e-08;1.25337e-06;0.00296768;0.995432;3.5942e-06
4.33645e-07;0.937791;0.00108164;1.16565e-06;1.23326e-06;4.99629e-08;9.01339e-08;4.04367e-06;5.58604e-09;3.79043e-06;1.74138e-09;6.50216e-05;4.09014e-08;0.0610517
4.40964e-05;0.187433;5.31585e-06;5.69694e-06;1.78573e-07;1.71321e-06;0.711864;0.000212928;0.0235015;1.21107e-06;0.0302656;1.04033e-07;0.0466651;2.33766e-09
5.91034e-06;0.000565356;1.31433e-08;1.02706e-08;1.61356e-05;7.20852e-07;2.95275e-09;0.999028;5.67998e-07;5.29831e-08;9.99613e-09;8.13405e-08;9.68604e-05;0.000286794
4.41365e-09;4.43842e-05;2.25075e-06;5.02713e-08;3.09583e-07;1.8226e-07;5.69078e-11;2.00792e-07;3.71181e-08;3.70288e-10;6.12886e-08;0.99995;2.13471e-06;6.09944e-07
1.44558e-06;0.909624;3.6215e-08;1.11453e-08;1.75536e-07;2.32673e-08;3.55485e-08;0.000214692;2.76411e-08;1.0528e-08;2.26812e-08;8.12377e-05;0.0900783;5.23487e-08
1.79098e-05;0.0214;5.8032e-08;2.72646e-05;0.0830453;2.78581e-06;7.38485e-07;0.00524949;0.000545259;3.50087e-06;2.18042e-05;0.887428;0.00136914;0.000888925
0.0142882;0.840489;0.127791;3.84675e-05;0.0067095;2.2467e-06;1.13971e-05;0.000314564;0.000792993;2.45148e-05;1.50589e-06;0.00320987;0.00413455;0.0021919
0.00385622;0.00423656;3.67879e-08;2.19989e-06;3.18109e-05;7.82154e-07;1.34156e-05;0.184264;0.786741;3.84978e-07;0.000759687;0.0128387;0.000300458;0.00695482
5.27206e-05;0.715153;8.96459e-08;1.06767e-07;1.08018e-05;1.9469e-05;5.36807e-06;0.212671;1.17819e-06;1.07767e-05;2.44506e-07;5.41112e-07;0.0720049;7.01335e-05
3.86286e-09;6.73766e-12;1;1.72164e-08;1.94525e-07;1.8598e-08;1.00803e-09;4.16639e-10;8.06035e-10;8.99862e-10;3.94965e-10;2.43995e-07;6.0223e-10;8.76748e-10
9.94408e-08;0.000702846;1.9191e-05;1.56557e-07;1.31338e-07;7.05092e-08;1.85206e-08;2.41402e-08;2.27257e-08;1.02641e-08;1.2505e-08;0.000427618;7.79523e-07;0.998849
1.7287e-05;0.000143493;7.83417e-09;1.62492e-05;0.0378413;0.00369244;6.28836e-05;0.56733;0.00719607;1.27582e-05;0.000232878;1.44862e-05;5.45762e-05;0.383386
4.25337e-08;2.74507e-05;0.999449;4.54894e-07;1.54668e-05;6.60521e-05;1.26574e-09;4.69177e-08;6.39712e-09;1.76009e-08;1.09839e-08;0.00041439;5.98362e-07;2.59033e-05
2.65704e-06;0.0576899;9.31716e-09;3.90958e-09;5.23295e-09;3.49657e-07;1.27659e-07;1.00214e-06;1.18056e-08;7.02156e-10;9.34085e-09;2.1495e-05;0.942284;7.6999e-08
1.54194e-06;0.027162;5.3347e-06;9.25042e-08;0.000189789;2.09231e-06;1.59292e-09;0.000230264;1.81053e-08;4.75755e-08;3.52664e-09;0.904663;0.0010752;0.0666706
1.42459e-06;0.92365;1.12385e-07;5.69162e-05;0.000269401;9.54394e-06;4.8564e-07;0.0692301;5.28155e-05;1.04503e-06;2.218e-05;0.00628886;0.000214159;0.00020298
3.83834e-06;0.977766;6.37503e-05;2.05543e-06;1.27984e-05;1.17272e-06;6.21513e-07;2.68038e-05;2.37081e-08;3.04319e-07;3.56788e-07;0.00928879;0.0123116;0.000521658
0.000122032;0.249154;6.13637e-09;5.21465e-06;1.57888e-05;4.84601e-05;8.36903e-06;0.0307797;1.81424e-05;5.28784e-07;0.000333341;0.0888522;0.630655;6.83243e-06
2.02757e-06;0.991031;3.70917e-09;3.40044e-07;2.10063e-06;2.00494e-06;9.20021e-08;2.79999e-05;2.24246e-08;9.87987e-08;3.07965e-07;0.00112542;0.00780748;1.02609e-06
3.67051e-05;0.859558;1.74346e-09;3.37156e-07;2.73017e-07;5.06553e-06;3.61912e-07;3.41641e-06;1.47615e-08;1.00572e-07;4.27173e-08;0.0205153;0.119881;1.20565e-07
1.50977e-05;0.000124406;4.10474e-07;3.80301e-05;7.90958e-05;2.14928e-05;2.17957e-06;4.12725e-05;1.56077e-06;9.71972e-07;5.37794e-06;0.998852;0.000131714;0.000686375
6.56341e-05;0.99084;1.79125e-07;7.62223e-06;5.28864e-06;1.86623e-06;1.15323e-05;0.00809723;2.34997e-06;7.97137e-07;3.62864e-06;8.88281e-07;0.000956118;6.61827e-06
2.3169e-05;0.0421325;2.95392e-05;3.72143e-06;1.83343e-05;2.36494e-05;7.07954e-08;0.00217631;3.23913e-07;9.89003e-08;7.37155e-06;0.942201;0.0128286;0.000555586
5.62093e-08;0.977637;3.00614e-11;1.16178e-08;3.61115e-07;6.90257e-08;1.8022e-07;3.37625e-06;4.94922e-10;2.27098e-06;1.98684e-10;2.75747e-10;2.62582e-06;0.0223541
1.10776e-11;1.60561e-12;1;4.47249e-12;3.28289e-10;5.26885e-11;7.81648e-10;2.60461e-12;4.31534e-13;2.19741e-11;6.74111e-13;2.87805e-09;2.91209e-13;2.77334e-12
8.59555e-07;0.000104166;2.92724e-09;1.8628e-07;1.68149e-05;3.62361e-07;6.28143e-07;0.000789241;1.50495e-05;2.34036e-08;4.58954e-05;2.78246e-05;0.998998;4.98459e-07
4.47212e-05;0.00506222;3.65987e-05;2.62617e-05;2.37828e-05;1.27549e-05;4.85691e-07;0.0053398;0.000521239;3.07804e-06;0.000318806;0.982786;0.00471628;0.00110813
5.40746e-06;0.991647;2.40008e-09;1.21212e-07;6.9967e-07;7.46545e-07;2.70715e-09;0.00460437;1.26505e-07;1.77066e-08;3.65348e-07;2.68277e-05;0.00370842;5.92717e-06
2.1905e-08;0.989701;3.93615e-11;4.77632e-09;6.19983e-09;4.8206e-09;0.000189317;2.92711e-08;2.08674e-10;0.000132779;1.34935e-10;3.50584e-11;6.7076e-07;0.00997617
2.64852e-12;7.6144e-15;1;9.03086e-11;8.5824e-10;4.04078e-09;3.59275e-11;1.50854e-14;1.14707e-11;1.40991e-10;2.23143e-11;1.12694e-07;1.01236e-14;6.4583e-09
1.40064e-06;0.993838;9.22114e-08;6.87283e-07;5.74784e-07;1.02631e-07;0.000586132;0.00515173;4.02974e-06;4.13938e-07;3.18314e-06;1.20754e-09;0.000412849;6.63621e-07
2.22695e-13;4.72107e-12;1;2.48317e-13;1.05811e-12;1.41595e-14;4.9752e-12;8.11205e-15;1.99755e-13;4.75482e-13;3.27715e-14;1.99841e-07;8.74651e-16;1.41237e-12
7.99488e-05;0.649877;0.00155654;6.97557e-05;0.000720915;2.51401e-05;5.18364e-05;0.234319;0.00314545;1.04801e-05;0.00040537;0.00825722;0.0994206;0.00206032
7.98782e-06;0.889153;4.25712e-08;0.0200233;0.000180941;0.00117678;0.0001074;0.0165746;0.0152127;0.000143245;0.0325015;0.00941356;0.00759711;0.00790785
1.91771e-05;0.994097;8.03037e-08;1.24046e-06;2.94955e-07;8.02975e-06;2.02184e-06;0.000144496;1.56918e-07;6.27958e-06;6.50438e-07;6.79859e-05;0.00552475;0.000127635
1.0827e-06;9.46483e-05;4.41019e-09;2.31888e-08;5.64588e-09;1.32788e-07;1.77094e-09;0.000473934;1.70837e-06;4.12024e-09;3.44707e-06;1.0585e-06;0.999424;1.42727e-09
0.000236861;0.00996533;0.00600906;0.000315222;0.000181807;0.000911237;7.29391e-07;0.0104659;0.00514098;0.000216145;0.00101966;0.915715;0.0455396;0.00428235
