5.70282e-06;0.999025;0.000113089;8.20836e-07;1.93483e-07;3.7725e-08;3.11732e-09;6.60214e-05;1.13265e-08;8.90877e-09;4.57252e-08;0.000432781;0.000355541;2.57236e-07
9.9038e-08;0.999378;5.58856e-09;1.3487e-06;1.06741e-06;4.18905e-07;1.00801e-09;4.05012e-05;6.56908e-08;3.6174e-09;3.6292e-07;9.49452e-06;0.000565152;3.09092e-06
1.33387e-06;0.00804957;3.08316e-08;1.47687e-06;0.849898;4.39e-05;2.55941e-09;0.118046;3.6012e-07;7.33766e-07;4.6254e-07;0.0014024;0.000211906;0.0223438
3.47807e-05;0.0463905;1.21132e-07;3.52963e-06;0.000337065;0.00316974;9.27742e-07;0.280744;1.39522e-05;6.12285e-06;1.29786e-05;0.032109;0.637164;1.36031e-05
1.63712e-05;0.000111702;3.04369e-09;9.67169e-08;1.48301e-06;3.78061e-07;1.09845e-08;0.00454971;1.36681e-06;3.22086e-09;4.64495e-06;2.28431e-06;0.995312;1.63823e-07
4.49009e-05;0.00274477;6.71859e-06;5.67235e-07;3.94047e-06;1.44774e-07;1.60112e-08;0.000352074;1.50357e-05;8.88198e-08;8.23518e-06;0.995965;0.000837931;2.04853e-05
4.4231e-08;0.999304;1.44201e-10;4.95181e-11;9.20749e-10;2.16799e-10;1.07348e-10;2.25732e-06;6.60115e-11;2.39023e-11;8.47392e-10;1.3856e-05;0.000680058;2.32914e-10
2.47657e-06;0.174965;0.00069244;1.27867e-05;0.00168826;0.00976452;0.000205274;0.0308599;3.89176e-06;0.000429868;6.98308e-07;0.00137286;0.000768923;0.779233
3.39212e-10;6.02894e-08;1;3.43388e-09;5.49409e-10;1.8964e-09;1.12919e-07;1.16874e-11;1.54784e-09;1.01447e-10;8.50923e-09;3.83979e-08;1.34296e-08;6.66861e-13
0.000139924;0.0135253;0.000985527;1.85562e-05;9.31179e-06;8.19727e-05;6.67614e-07;0.0523869;1.29752e-05;2.03778e-06;0.000747364;0.634824;0.295087;0.00217802
8.51409e-09;0.915286;2.02168e-09;3.96627e-10;4.14875e-08;6.32471e-08;1.00377e-06;7.34946e-10;1.13583e-11;3.92695e-06;2.28008e-09;3.55805e-10;2.86676e-07;0.0847083
1.78241e-12;4.21831e-11;0.999996;3.58139e-12;1.76776e-09;1.05838e-08;6.42713e-11;2.70098e-12;2.01193e-13;5.30252e-11;3.57236e-12;4.40164e-06;4.78273e-12;6.35229e-10
9.34841e-07;0.110579;6.23963e-07;1.77589e-06;9.76925e-06;0.0010107;0.000247114;0.030693;0.000497851;1.53558e-07;7.76214e-05;1.79419e-07;0.856858;2.3003e-05
5.07666e-06;0.670686;3.40939e-05;1.49989e-06;1.18521e-05;2.28927e-05;4.21506e-08;0.314743;3.26672e-07;5.6341e-07;1.85514e-07;0.000462702;0.0140228;8.54613e-06
1.34708e-07;0.0154722;1.16079e-07;5.67671e-06;0.000114659;0.000127589;4.87537e-11;0.0751205;1.57709e-08;2.083e-08;2.67248e-07;0.397357;0.507909;0.00389288
2.99588e-07;0.925733;3.03441e-10;2.41954e-07;2.26767e-08;5.13955e-09;2.40699e-05;5.08128e-08;3.56827e-09;4.97419e-06;2.87311e-07;8.24592e-07;5.01302e-06;0.0742316
6.1628e-06;0.0208567;1.19574e-07;1.18093e-05;7.48344e-06;6.594e-07;0.532014;6.51693e-05;0.00796205;8.28765e-07;0.428668;6.66663e-06;0.0103999;1.20605e-07
6.03365e-07;0.958899;1.04644e-09;1.06924e-06;0.000844296;5.56985e-06;1.0955e-07;0.0399679;6.60511e-06;4.2935e-07;1.53927e-06;1.25634e-05;0.000252217;8.06826e-06
3.62192e-06;0.0431443;0.0197142;3.23769e-05;0.00760929;0.000128757;4.32958e-08;0.000120095;3.2911e-09;1.48465e-05;1.59803e-08;0.890845;0.0146523;0.0237355
1.18904e-05;0.9901;4.53805e-07;7.75821e-07;9.32529e-07;2.9247e-06;3.6742e-06;0.00298625;2.05098e-05;3.74525e-08;5.29997e-05;0.000197544;0.00547021;0.00115149
1.10212e-06;0.000229465;2.2161e-10;1.34287e-07;0.000207351;6.5081e-07;4.61767e-09;0.0044554;2.19297e-07;5.86337e-09;7.01831e-07;3.34866e-07;0.995103;1.77261e-06
2.5132e-06;0.000457071;1.27713e-08;9.27713e-08;1.11613e-06;6.70182e-08;4.31225e-10;5.15768e-06;5.53839e-07;2.75277e-09;1.24536e-07;0.996432;0.00310069;4.33704e-07
2.46584e-06;0.0313314;1.12459e-09;2.68413e-06;1.96032e-05;9.91723e-06;2.90074e-06;0.000174534;1.67398e-06;2.18911e-06;3.88063e-06;1.48156e-07;0.968434;1.41996e-05
6.12993e-05;0.00382933;0.0881548;0.0616056;0.0229873;0.711197;2.87597e-06;0.00273224;1.44938e-06;0.00179574;8.55442e-05;0.0664179;0.00226871;0.0388599
0.000571269;0.303831;0.000452765;0.00010424;4.16356e-05;0.000121141;8.66735e-07;0.00156796;2.08026e-06;1.75749e-06;0.000111458;0.228902;0.464165;0.000126289
4.13923e-05;0.94319;2.75618e-08;0.000222216;4.16466e-05;0.000601799;0.000114151;0.000153379;0.000520371;3.67287e-05;0.00438146;0.00134994;0.0490851;0.000261804
0.000327626;4.86563e-05;7.62972e-07;7.20889e-05;0.0333465;0.00406019;4.92164e-06;0.00849974;0.943349;3.47594e-06;0.00998886;4.1778e-05;6.32054e-05;0.0001937
0.00132577;0.206452;1.59691e-09;2.92647e-07;5.55988e-06;1.3187e-06;1.69055e-07;0.0157546;0.000698069;8.13502e-08;2.19472e-06;2.9956e-05;0.775727;2.41146e-06
1.7685e-07;0.000844504;1.62646e-06;3.9077e-07;2.49453e-07;7.41912e-08;8.88394e-09;3.56904e-06;4.59381e-06;8.49879e-08;1.06948e-06;0.999081;6.31541e-05;1.51248e-08
7.3065e-05;0.988606;2.43516e-09;6.99447e-06;0.000113768;2.90013e-06;5.72605e-07;6.95122e-05;2.36725e-06;4.84808e-06;3.1272e-07;6.69068e-06;0.00147846;0.00963407
0.0233845;0.176403;0.0214156;6.17351e-05;3.30867e-05;1.52314e-05;0.000377258;0.447681;0.0246481;0.000162194;0.000455182;0.0224357;0.282813;0.000114045
0.000115032;0.00731922;0.000322483;0.0881819;0.0129769;0.0849654;0.00101135;0.00375847;0.72071;0.0147107;0.058883;0.000343066;0.00146164;0.00524074
