3.07419e-06;0.993506;5.07521e-08;8.8635e-07;8.71774e-07;6.35413e-06;0.000252228;0.00189638;1.85068e-06;5.58407e-05;3.41797e-07;2.41482e-09;0.00422886;4.77241e-05
3.61764e-11;8.74624e-12;1;8.85356e-09;6.50594e-09;2.68366e-09;5.79193e-11;5.44196e-12;1.3387e-11;3.99851e-10;1.29814e-11;4.77474e-08;3.98592e-14;5.66956e-08
6.87575e-07;0.95573;1.49606e-09;6.00985e-06;4.16244e-06;1.05544e-05;1.02683e-06;0.000895135;1.10373e-05;1.67116e-08;1.12211e-05;7.99815e-05;0.0432499;3.3854e-07
3.11782e-07;0.999697;1.23516e-07;4.08614e-08;2.08939e-10;1.95493e-10;1.07963e-05;1.4578e-07;9.22899e-08;2.26607e-08;2.77368e-06;2.59221e-05;0.000262519;1.36266e-09
3.58965e-05;0.310245;7.07944e-10;0.00291201;0.00278612;0.0409667;2.62963e-06;0.00213761;0.00892019;1.44044e-05;0.024856;0.277074;0.243488;0.0865621
0.000283028;0.00998551;0.000222462;2.75759e-07;8.20994e-06;6.9746e-07;2.39332e-08;0.986489;1.5245e-07;1.31471e-07;9.04615e-07;0.0021319;0.000833754;4.35263e-05
1.00654e-06;0.614317;3.23026e-06;1.59341e-06;0.000470133;0.000310875;1.04059e-08;0.000982245;4.51526e-07;1.01656e-08;1.1496e-05;0.338472;0.0413532;0.00407686
7.40059e-07;0.994315;3.06465e-05;6.54474e-06;0.000161467;0.000176097;4.05817e-08;0.00135743;4.06927e-07;1.29885e-05;8.44797e-07;4.51438e-05;0.00195453;0.00193805
6.10415e-06;0.000509476;2.67372e-07;0.000108442;0.0811421;0.881605;1.02622e-06;2.64583e-05;0.000133795;4.97351e-05;2.02042e-05;0.00547156;0.003096;0.0278295
0.000278453;0.999162;4.62654e-10;1.2286e-07;7.22975e-08;4.02359e-09;1.95336e-07;0.000444062;8.05238e-06;2.96513e-08;1.78722e-07;1.49669e-05;9.18737e-05;2.73471e-09
5.16001e-05;0.725039;5.56363e-10;1.13748e-07;0.00017034;7.97788e-09;4.60686e-08;0.27435;7.13015e-08;3.12418e-07;6.74906e-09;2.11005e-05;2.95607e-05;0.000337552
2.90518e-07;0.0001013;0.99862;4.24458e-07;0.000425752;6.34777e-06;2.64755e-08;7.08031e-07;1.11179e-09;3.97668e-07;4.78656e-08;0.000741153;5.74599e-05;4.59414e-05
1.2026e-07;0.220584;6.28309e-09;1.77054e-08;1.16142e-08;5.42733e-08;0.779053;1.55811e-05;3.95811e-07;2.82821e-05;3.42912e-06;7.88667e-08;0.000270653;4.45403e-05
1.99097e-11;6.43687e-11;0.999999;1.58431e-10;4.62052e-09;1.47581e-10;1.35983e-07;1.06016e-13;7.67472e-10;3.76517e-10;1.65777e-10;4.31334e-07;1.73956e-12;5.83785e-11
2.70986e-06;0.999979;1.63107e-06;2.4748e-07;5.74322e-08;2.25228e-09;2.20469e-06;9.27617e-06;8.51473e-07;1.13927e-08;1.65375e-07;1.48545e-07;3.68464e-06;5.42379e-09
5.21516e-05;0.296512;4.92601e-10;2.16741e-07;5.62818e-07;5.98021e-09;5.98758e-08;0.694202;1.30253e-05;1.39387e-07;9.21011e-08;0.00885453;0.000364873;4.00258e-07
0.000115716;0.237997;0.0228423;0.000324434;0.0090058;0.00443297;1.87578e-06;0.000292433;3.2134e-07;0.000693794;1.04861e-06;0.213361;0.481167;0.0297648
3.1698e-06;0.00611136;6.1735e-09;2.18533e-08;6.81492e-09;5.36951e-08;0.993355;2.15857e-08;6.95975e-07;0.000369922;1.77711e-06;2.68704e-07;4.20385e-07;0.000157666
5.09828e-11;5.66165e-11;1;4.45924e-10;1.74724e-09;7.62191e-09;1.33803e-09;1.44244e-12;2.29037e-10;2.29794e-11;2.25052e-11;3.92198e-10;6.56656e-11;1.72851e-12
2.18755e-06;0.999892;1.27421e-05;7.06873e-07;2.75282e-07;1.07485e-08;2.27335e-07;3.81968e-05;1.61775e-08;5.12023e-08;3.73244e-08;2.3397e-06;1.91064e-05;3.23906e-05
3.26264e-06;0.977269;5.33362e-09;3.15232e-06;2.38235e-06;1.17714e-06;4.07394e-08;0.0012095;4.52068e-06;1.52665e-07;1.28155e-06;0.0203673;0.00106679;7.1261e-05
9.02828e-06;0.149533;1.11181e-06;5.31914e-06;0.000211532;2.32983e-05;3.26399e-06;0.848387;2.65885e-05;9.58461e-06;2.83367e-05;0.000443693;0.000794656;0.00052318
6.52679e-06;0.00191879;5.93944e-05;4.17622e-06;4.86065e-07;7.27447e-07;2.55303e-06;1.23e-05;4.8038e-05;4.67232e-08;2.64236e-05;0.993161;0.00468504;7.39614e-05
0.000159853;0.994408;1.37728e-07;6.34255e-06;9.60708e-07;5.01582e-08;3.38323e-05;8.09353e-05;0.000120685;1.39196e-07;1.58472e-05;0.000520642;0.00464152;1.14762e-05
1.97858e-05;0.125173;2.42706e-10;1.57867e-09;3.53452e-06;3.05049e-11;3.27059e-09;0.873798;4.24976e-08;2.00073e-09;1.6912e-09;0.000518547;1.209e-06;0.000486664
5.17991e-07;9.54834e-05;0.886335;5.56784e-06;0.0808154;0.000766631;3.73869e-10;9.45985e-05;7.82043e-09;2.42771e-07;6.75661e-09;0.0297325;8.60244e-06;0.00214545
2.52811e-07;0.969523;6.7049e-09;9.40802e-09;7.97319e-10;2.67062e-09;0.0304091;5.0583e-05;2.24366e-06;1.07358e-06;4.8981e-07;1.8725e-10;1.13511e-05;1.49078e-06
4.94317e-11;2.57729e-10;1;4.45523e-11;4.8099e-10;3.15745e-11;2.13131e-09;2.01316e-13;2.85673e-10;3.38682e-11;1.46406e-11;8.37625e-08;3.01516e-12;1.49185e-11
0.000181403;0.213189;9.39933e-05;7.87756e-07;5.90788e-06;2.33677e-06;2.72367e-05;0.77957;0.000360837;1.0603e-06;2.53868e-05;0.00216079;0.0042122;0.000168644
4.55237e-08;0.00920553;1.76755e-06;1.13681e-07;2.83332e-06;3.28807e-06;3.94439e-10;0.000320412;1.06289e-07;2.24183e-09;1.33419e-07;0.989964;0.000469308;3.22451e-05
2.76467e-05;0.915255;7.22305e-09;1.67641e-05;1.67875e-06;1.75986e-07;6.65018e-06;0.0753257;0.000365924;4.85381e-07;0.00155668;0.000290625;0.00715012;2.22711e-06
0.00142416;0.819182;7.14313e-05;2.8924e-06;0.0010467;1.95731e-06;3.7027e-07;0.0023671;1.18433e-05;1.56802e-06;7.67362e-07;0.106225;0.0665842;0.00308035
0.000225768;0.0160063;8.43655e-08;0.000112112;8.45111e-05;1.54089e-05;4.44559e-05;0.578988;0.386729;1.12683e-05;0.000312684;0.000130592;0.0169795;0.000360049
0.00227551;0.301003;7.08137e-05;0.00236796;0.00214431;4.20704e-06;0.000141693;0.656234;0.00437533;0.000364995;0.000131164;0.0208634;0.000495724;0.00952885
0.00331817;0.301387;6.96054e-05;0.000263033;0.00662076;8.35247e-07;1.03654e-06;0.663709;2.84254e-05;4.1478e-06;1.20777e-05;0.0136564;0.00545433;0.00547523
1.50244e-06;0.000472812;3.76599e-10;3.41064e-07;0.000139921;2.2091e-08;5.84679e-08;0.99938;1.40956e-06;6.88151e-08;1.08872e-07;3.41077e-07;3.4632e-06;1.89443e-07
4.87798e-08;3.48291e-08;0.999973;5.76918e-07;2.36005e-07;4.63514e-08;5.0782e-09;3.03482e-10;2.4716e-08;7.27709e-08;2.62956e-08;2.55615e-05;2.22384e-09;2.53978e-07
6.26066e-05;0.968002;4.07837e-06;5.46693e-05;1.1362e-05;2.96405e-05;0.000100423;0.0139367;0.0142505;5.83547e-07;0.00134647;5.59014e-05;0.00202062;0.000124584
