3.02951e-06;0.963416;6.80852e-09;6.50989e-07;1.08054e-06;1.68558e-05;2.6936e-06;0.0206201;2.54204e-06;4.98476e-06;3.30909e-07;3.22924e-09;0.0159117;2.02989e-05
1.42405e-11;9.99704e-12;1;2.00149e-10;5.44037e-09;5.05385e-10;5.57945e-12;5.65022e-12;1.10324e-13;1.2256e-10;1.19637e-13;5.17913e-08;4.22235e-13;2.4002e-08
7.59567e-08;0.999343;5.12369e-05;1.12945e-06;1.89873e-06;7.42742e-07;1.55504e-06;5.3952e-05;3.26787e-07;1.06454e-08;1.28602e-07;2.67817e-06;0.000537493;5.79209e-06
2.38729e-06;0.000783175;3.34843e-07;4.18991e-06;1.73621e-06;4.41844e-07;5.12005e-07;0.00347503;5.21537e-05;8.59608e-08;5.08334e-05;0.994038;0.00158215;8.48113e-06
4.1635e-05;0.00573597;3.32367e-08;8.02656e-08;1.15569e-06;1.14316e-07;1.75558e-06;0.992836;1.82044e-06;4.17813e-08;1.41159e-06;2.71167e-05;0.00134553;7.70083e-06
1.37482e-07;3.42065e-05;4.33074e-05;4.29434e-05;0.972776;4.22379e-05;6.75051e-08;0.00101199;2.0811e-06;1.82312e-07;6.7521e-07;0.0101897;1.18984e-07;0.0158562
1.50505e-06;0.0104008;0.989107;1.31266e-05;1.25707e-06;5.64518e-07;2.3426e-07;1.18243e-05;7.09645e-08;1.46632e-07;3.06987e-06;0.000273954;0.00012761;5.84501e-05
5.51373e-07;0.892781;1.10266e-08;6.76978e-08;1.26197e-08;4.99446e-07;3.1444e-07;3.15928e-05;4.58325e-08;5.60501e-09;1.30335e-06;0.000724823;0.106458;1.74926e-06
4.64021e-08;0.00218744;6.21433e-09;2.29571e-07;4.38824e-09;0.000464664;4.28182e-08;1.83579e-05;1.45084e-07;8.37354e-09;3.93162e-05;0.0028019;0.994487;6.52981e-07
8.50987e-08;0.00422325;0.995164;5.59232e-06;9.03328e-06;1.67139e-05;9.51394e-08;3.50792e-06;6.31868e-09;3.46147e-07;5.25007e-07;0.000255987;0.000200621;0.000119902
3.55258e-07;0.0331393;2.94925e-08;5.45402e-07;1.98781e-06;9.19657e-07;3.24227e-07;8.22658e-05;6.79076e-06;4.33705e-09;0.000669719;0.000175221;0.965922;8.80937e-07
9.69388e-07;0.0273912;1.67435e-07;9.4891e-07;0.00410574;0.000482135;1.00578e-07;0.961219;3.26112e-06;7.54924e-06;8.00027e-06;2.89224e-08;0.00677424;6.33643e-06
1.01653e-10;6.64629e-11;0.999999;1.84296e-10;3.64194e-10;1.30264e-11;3.07119e-11;1.78875e-11;5.97448e-12;2.19391e-10;1.45534e-10;1.01332e-06;5.59306e-11;1.79837e-11
2.37561e-08;1.89485e-06;0.999763;8.8721e-09;5.45531e-09;4.20267e-08;1.62273e-09;4.02482e-06;3.50242e-09;6.87084e-09;3.30277e-08;0.000229583;9.95432e-07;6.87646e-08
2.02178e-07;6.91458e-05;1.158e-05;1.55358e-06;0.00328976;0.00748107;7.92661e-07;1.31523e-06;7.7852e-07;2.75742e-06;0.00011442;5.20221e-06;6.92513e-05;0.988952
2.43759e-05;0.00328047;0.000951549;1.51482e-05;0.000763204;0.000270165;2.1729e-06;0.000177633;3.10045e-05;2.42238e-06;0.00453283;0.959053;0.0308849;1.13089e-05
7.40498e-05;0.791654;4.50323e-05;4.44109e-08;9.9912e-05;1.9091e-07;2.1482e-08;0.205135;7.88849e-08;3.01096e-08;4.84984e-08;3.42533e-05;0.00295636;6.00132e-07
1.79976e-06;0.0327085;1.1759e-07;2.88287e-06;4.40089e-05;6.59448e-06;5.11827e-08;0.960612;1.9213e-05;4.30796e-08;8.22548e-06;0.00554854;0.00101907;2.87255e-05
9.58878e-07;0.918462;3.19212e-08;2.01716e-08;2.99811e-05;9.89727e-08;1.29122e-10;0.0747763;1.04065e-11;4.21743e-08;6.61196e-11;8.70318e-06;0.00671805;3.75136e-06
7.5589e-09;0.00134416;4.39026e-08;3.71802e-07;2.12221e-05;2.06795e-06;8.81151e-10;7.61205e-06;4.61659e-09;1.41395e-08;7.54039e-08;0.998102;1.45626e-05;0.000507539
3.06272e-05;0.969733;2.96863e-09;1.4681e-05;5.84092e-05;7.09565e-06;5.22318e-05;0.00089029;4.6462e-06;6.77179e-06;3.57729e-05;4.54844e-07;0.0291255;4.0331e-05
0.0307429;0.0228864;5.03183e-08;1.65566e-05;0.00219936;2.02854e-05;8.5254e-06;0.941739;0.00185579;9.71558e-06;1.04909e-05;5.03471e-06;0.000208771;0.000296975
0.000777884;0.00635927;1.58901e-06;0.00010084;0.000741372;0.0002011;2.65343e-08;0.000232956;0.000817384;1.41602e-07;3.62302e-06;0.951273;0.000118885;0.0393718
0.000326213;0.0329491;1.71758e-08;1.34171e-06;2.40437e-05;6.51723e-06;6.59854e-05;0.00542067;2.89882e-05;1.35232e-06;2.08725e-06;3.48341e-06;0.95946;0.00171015
4.39891e-06;0.193011;2.40235e-07;1.81135e-05;0.000238336;2.49219e-05;7.62489e-08;0.000108151;2.29789e-05;7.77174e-08;2.50537e-07;0.755485;0.000563923;0.0505224
3.12577e-05;0.82452;4.61693e-07;3.94697e-05;3.96464e-06;3.12672e-07;2.65891e-06;8.85179e-06;2.0242e-05;1.24828e-07;3.87813e-05;0.165138;0.0101535;4.21927e-05
0.000212942;0.974276;4.45054e-08;1.27335e-05;1.16313e-05;3.96797e-06;1.88433e-07;0.00390947;6.32021e-06;1.37838e-07;7.74561e-07;0.0193003;0.00176336;0.000501935
1.18465e-06;0.0012209;2.84927e-08;1.87701e-07;1.17049e-05;4.04706e-07;1.63086e-09;0.99797;3.76214e-08;3.32083e-08;1.27626e-08;0.000357057;0.000435784;3.06309e-06
4.34576e-08;0.00894127;0.0340476;4.18408e-05;2.23515e-07;0.000115825;0.00174643;2.66979e-10;1.08038e-09;0.813785;1.22222e-08;3.19353e-10;3.06127e-08;0.141321
2.66854e-13;3.4345e-14;1;1.18927e-12;2.28909e-14;1.38063e-12;1.5633e-10;1.83307e-15;2.17356e-12;7.72542e-13;4.01482e-12;2.17287e-12;1.08729e-15;5.05923e-15
