1.42015e-07;0.999994;4.63584e-07;2.46415e-07;3.26003e-08;1.81466e-09;1.08123e-08;1.58493e-07;4.2243e-09;8.61457e-09;5.35676e-09;4.92177e-06;1.36006e-07;2.82274e-07
2.28039e-06;3.01824e-06;2.70135e-12;3.68567e-10;1.14991e-07;1.04818e-08;2.81749e-09;0.999993;7.78759e-08;5.69683e-10;3.17669e-09;1.39438e-09;1.17087e-06;3.69441e-08
1.51421e-07;3.18071e-05;1.73286e-06;2.86131e-06;6.99513e-05;4.91322e-05;4.03411e-10;9.26655e-06;8.79757e-07;1.17617e-08;1.33866e-07;0.949649;1.02424e-06;0.050184
2.97537e-07;0.913414;3.97727e-12;8.39551e-09;1.93011e-09;2.29606e-09;1.58423e-08;1.53205e-06;5.36497e-08;1.7875e-10;1.0347e-07;5.20865e-08;0.0865837;8.46707e-09
1.69851e-05;0.953734;0.0302701;1.01251e-05;4.29387e-05;2.55966e-07;1.76794e-07;0.00180438;2.46573e-08;2.00475e-06;1.30241e-08;0.000103879;0.000102014;0.0139132
1.57242e-06;0.000169081;7.16801e-09;8.62308e-06;1.06143e-05;0.0151915;1.29451e-07;6.61867e-05;6.06423e-07;9.7296e-06;1.18012e-06;2.99861e-08;0.000737322;0.983803
3.42815e-07;7.19559e-06;0.00199737;8.02999e-08;1.53804e-09;2.63541e-08;8.18993e-06;6.35528e-10;5.09036e-10;1.59278e-05;1.39303e-07;0.997965;4.93079e-06;6.73372e-07
2.57099e-07;7.65299e-10;0.999975;2.78258e-08;5.03196e-09;1.57381e-08;8.49372e-06;2.06555e-10;1.8733e-06;3.34333e-08;7.29546e-06;7.19211e-06;5.51614e-11;3.36861e-10
0.000149902;0.996617;1.97194e-06;3.63607e-06;1.91764e-06;5.43598e-07;0.000279653;0.00205185;0.000371731;1.23526e-05;0.00036554;3.47491e-06;6.33399e-05;7.7526e-05
1.46767e-10;7.90646e-09;1;2.48021e-11;6.04253e-12;4.09842e-11;1.01241e-09;4.95977e-15;6.39662e-12;1.41722e-10;2.56152e-11;5.09602e-07;9.59467e-13;1.02404e-10
1.05129e-06;0.000189494;7.62087e-06;2.45984e-08;4.82239e-08;2.41816e-09;2.42437e-06;0.00124485;5.87851e-06;4.72592e-09;6.02723e-05;0.998225;0.000263126;1.73073e-10
5.71962e-06;0.943065;1.55071e-07;2.04237e-05;0.000684008;1.00919e-05;1.01877e-05;0.00682418;3.31595e-05;1.9154e-05;0.000123002;0.000498156;0.0464623;0.00224505
1.46962e-06;0.0336896;4.1999e-06;1.80271e-07;8.60845e-09;4.78195e-05;2.27194e-06;1.41906e-05;2.44526e-07;2.70387e-06;2.78995e-07;0.00205189;0.964176;8.80478e-06
6.83834e-07;5.72381e-05;0.999437;1.76587e-06;7.96423e-07;6.77408e-07;2.33207e-05;1.36681e-08;4.7492e-08;6.52232e-05;1.28914e-07;0.000396598;1.01726e-05;6.57842e-06
2.12555e-09;2.89716e-08;1;6.93707e-10;4.87149e-10;4.51549e-09;2.45737e-07;1.89939e-11;9.27576e-10;1.29453e-09;3.68195e-10;1.50376e-07;6.16693e-09;1.61236e-10
1.91806e-07;0.999609;7.26918e-08;4.5992e-10;4.96671e-10;9.49254e-11;1.59813e-08;1.04678e-06;3.82653e-09;1.33838e-09;1.575e-09;3.71088e-05;0.000352887;7.80463e-09
8.24123e-08;0.00479585;1.84645e-07;1.20637e-06;0.000515517;0.00237133;7.623e-07;0.00569236;1.13234e-07;3.22387e-06;7.14213e-09;1.08122e-06;0.000120604;0.986498
1.22881e-10;2.52898e-08;1;9.404e-10;1.32777e-09;1.25727e-10;2.66229e-09;5.02096e-11;9.8223e-12;5.37246e-11;5.3608e-11;1.58839e-08;4.66908e-09;2.70163e-10
9.20835e-07;0.000412644;0.997412;8.89947e-06;2.07051e-06;1.00669e-06;2.87038e-07;5.17904e-05;1.34793e-07;1.31923e-07;2.3191e-06;0.00208311;1.33211e-05;1.13046e-05
8.64596e-09;1.00458e-05;5.41846e-06;4.05206e-08;2.3527e-05;0.000316793;1.83474e-12;3.34091e-06;8.55668e-12;6.19078e-08;5.21075e-11;2.34607e-06;1.85084e-06;0.999637
1.39754e-07;0.715226;2.27929e-10;1.09062e-07;1.00128e-06;1.08401e-07;9.13742e-09;0.000861626;3.50192e-08;3.14225e-09;4.43633e-07;3.74586e-06;0.283901;6.46622e-06
4.83391e-05;0.888152;1.48143e-06;7.15481e-05;5.11644e-05;2.14238e-05;3.10897e-07;0.0166048;5.29016e-06;2.67552e-06;2.15597e-06;0.00664957;0.0493013;0.0390883
4.63354e-06;0.632196;0.0437651;4.32331e-06;5.77635e-07;2.45863e-08;3.25172e-09;1.3358e-05;6.88865e-10;1.65069e-07;6.07662e-08;0.323151;0.000633399;0.000231007
1.54875e-08;0.073114;3.11255e-12;7.53525e-09;1.34941e-07;7.74711e-09;6.63454e-05;1.30025e-06;2.53193e-11;7.26742e-06;4.51287e-10;1.97079e-13;1.55102e-08;0.926811
2.60754e-12;2.53925e-14;1;7.21773e-12;3.51532e-10;1.48582e-09;3.92014e-11;5.15558e-14;4.04076e-14;3.32827e-11;1.24301e-12;6.59697e-09;1.89407e-14;4.61414e-09
1.90531e-06;0.343717;3.30991e-09;6.56735e-06;2.40651e-07;3.66748e-06;4.68581e-05;0.000145833;3.61826e-05;1.48573e-07;0.001942;2.68362e-07;0.654097;2.10343e-06
0.000263007;0.317373;3.26648e-06;1.0601e-05;2.52308e-05;3.56169e-06;1.118e-07;0.095592;3.52057e-07;2.85252e-06;1.12832e-05;0.583242;0.00257778;0.000894835
1.31284e-06;0.578085;2.91653e-05;3.98534e-05;0.000515854;9.64326e-05;5.02548e-07;0.381607;5.71618e-07;5.0267e-07;3.38399e-05;0.0388309;0.000664902;9.43225e-05
8.33368e-07;0.67524;2.18448e-06;1.18347e-06;1.15862e-05;2.45677e-07;3.28275e-08;0.036302;4.34289e-07;6.21048e-08;1.54522e-05;0.285351;0.00307224;2.39408e-06
1.57475e-05;0.635984;1.06048e-06;2.85231e-06;5.97622e-05;0.00019529;5.93025e-05;0.00184434;3.78006e-06;6.97219e-05;6.37047e-06;2.18778e-06;0.352328;0.00942743
3.50753e-08;3.55872e-08;0.999998;2.92849e-08;9.9375e-08;3.60906e-09;1.30719e-06;2.47701e-09;2.6841e-07;1.51596e-08;5.08828e-07;1.11157e-08;4.25911e-08;9.60386e-11
0.00015931;0.0295856;0.0130372;0.00011117;0.000190665;7.54041e-05;3.37409e-07;0.00973676;0.00253495;7.26144e-06;0.000902673;0.942529;0.000795911;0.000334025
2.60864e-05;0.485147;8.88277e-07;3.52949e-05;0.000195603;0.00248965;7.73868e-07;0.000207118;0.000268126;9.24401e-06;0.000919898;0.00223662;0.507744;0.000719439
1.39056e-06;0.00675029;0.0278086;5.33069e-06;1.82425e-06;1.81883e-06;9.47497e-08;3.82638e-07;3.68688e-08;5.44586e-06;3.82844e-07;0.965288;7.87712e-05;5.76495e-05
4.20648e-06;0.970587;5.30119e-10;9.55247e-07;0.000218938;0.000104343;0.000149153;0.0247082;1.63626e-06;0.000186979;6.28612e-08;2.13608e-08;0.00395633;8.18307e-05
5.72419e-07;1.15748e-05;0.996979;6.89862e-07;5.91402e-07;0.000567118;5.98599e-08;4.51826e-06;4.3463e-07;2.65581e-07;1.93824e-06;1.6014e-08;0.00243252;8.14914e-07
1.94115e-05;0.942458;0.0316673;2.73959e-06;3.39071e-07;3.2126e-07;1.46238e-07;1.2901e-05;5.17315e-09;2.11253e-07;1.18141e-07;0.0118434;0.0139951;4.69768e-07
1.39826e-06;0.931262;2.92966e-09;1.49302e-06;4.12335e-05;2.96267e-06;4.80335e-08;0.0650304;3.65091e-07;3.00252e-08;1.31727e-07;0.000865315;0.00278813;6.19645e-06
9.98564e-07;0.00575895;6.83546e-08;5.08671e-07;2.038e-06;2.14011e-07;1.15877e-09;0.000129393;1.72285e-07;7.19793e-09;6.28739e-07;0.993992;0.000114531;6.08613e-08
0.000246088;0.75494;8.76506e-06;7.56285e-05;0.00161423;0.00212155;0.000297404;0.00631249;2.22969e-05;0.00143483;4.18554e-06;7.75274e-07;0.23178;0.00114184
1.79434e-08;1.35157e-07;1;4.03665e-08;5.99674e-08;1.19103e-09;2.69911e-07;1.36773e-11;1.59396e-08;4.02805e-09;7.48194e-09;4.35955e-08;2.5062e-09;7.55674e-10
3.88968e-05;5.6281e-05;0.932729;0.000124316;3.48556e-06;6.57596e-06;8.58388e-06;0.000231523;0.00021244;2.76513e-06;3.72226e-05;0.066515;1.86259e-05;1.52368e-05
3.43692e-07;0.0785394;2.28499e-06;2.46722e-05;0.000129173;0.00823512;2.62261e-08;9.63924e-07;2.40594e-08;2.5861e-07;1.66712e-07;9.52835e-07;0.000115429;0.912951
9.73399e-09;3.29643e-06;1.20969e-07;1.49679e-09;8.82543e-05;3.98983e-08;1.83825e-12;0.999818;6.89279e-10;1.55566e-09;4.15759e-11;2.02977e-05;6.32048e-06;6.37944e-05
2.40025e-09;1.8233e-05;0.999845;6.01161e-07;7.3226e-05;3.592e-05;5.04528e-12;9.21959e-08;2.11167e-11;5.66426e-08;9.07032e-11;9.63053e-07;4.76672e-06;2.06607e-05
3.40509e-05;0.141819;0.000419905;8.4911e-05;8.0314e-06;6.95725e-05;3.28567e-05;0.0127957;0.00190232;9.79998e-06;0.0106006;0.00111711;0.831064;4.2555e-05
