1.15908e-06;0.995776;2.42821e-08;5.44227e-06;2.26475e-05;3.56618e-06;3.74914e-07;0.00241179;7.87055e-06;6.27709e-07;3.75123e-06;3.3198e-06;0.00167718;8.59076e-05
9.69772e-08;1.39853e-05;4.10605e-06;6.26783e-06;0.154683;0.0264256;3.01224e-09;2.79984e-06;7.03479e-08;2.43985e-06;2.55409e-08;6.47813e-05;2.90099e-05;0.818767
1.6299e-07;0.999941;1.22115e-09;4.38503e-09;2.68755e-11;3.57915e-10;3.35312e-05;2.14059e-05;2.18328e-08;1.97164e-07;9.23954e-09;4.8772e-12;3.2363e-06;6.03254e-08
3.10699e-08;1.19667e-08;0.999999;7.90071e-09;4.74409e-08;1.68764e-09;5.16104e-08;1.05335e-09;5.84887e-09;5.04758e-09;7.30757e-09;5.93416e-07;2.22398e-09;1.78398e-09
1.14662e-06;0.96638;3.68623e-06;8.75993e-08;1.31639e-06;7.64289e-08;4.35436e-05;2.80591e-05;9.3674e-09;2.95018e-05;5.4383e-09;1.5029e-08;7.93838e-07;0.0335114
1.19832e-13;4.70459e-14;1;3.27e-13;1.33244e-10;1.11608e-10;2.49986e-13;1.81202e-13;4.1035e-14;6.46148e-13;4.66237e-14;9.98188e-09;7.81975e-15;3.00928e-11
1.08302e-05;0.162565;1.14429e-06;4.29409e-06;0.000750934;0.000133305;1.35787e-05;0.0314432;4.66691e-05;4.16757e-07;0.000272848;0.000543879;0.802771;0.00144256
5.38702e-06;0.251351;1.14854e-05;8.48358e-05;0.00161546;0.000485052;2.02189e-06;0.0206792;4.63773e-05;2.9781e-05;0.000246615;0.663916;0.0121592;0.0493674
8.13712e-07;0.103508;6.55681e-06;1.59151e-05;6.09421e-06;3.57494e-05;1.59814e-06;0.00461387;7.7822e-07;3.23913e-07;4.31116e-06;0.887757;0.00404751;2.18308e-06
3.08287e-06;0.00050212;1.21631e-07;3.70234e-06;1.03067e-06;5.44132e-05;1.613e-08;0.00165855;5.9913e-07;1.25962e-08;1.66213e-07;0.000371991;0.9974;4.274e-06
3.79365e-07;0.0109565;7.72406e-12;1.74372e-07;5.47705e-09;3.77413e-06;7.95557e-10;0.000273161;1.25173e-07;4.01695e-09;8.35727e-08;4.35624e-06;0.988761;3.4839e-07
2.5113e-07;0.000142819;0.996363;3.17546e-06;5.18038e-07;5.97974e-07;9.2957e-10;2.06268e-08;1.37935e-09;2.55351e-07;2.14632e-09;0.00345097;2.0235e-07;3.80713e-05
0.00125798;0.212489;3.34338e-06;1.12402e-05;0.00115239;0.00439036;0.0014079;0.00266027;0.00150657;6.62435e-06;0.00981462;0.0698866;0.694739;0.000673788
1.63358e-06;0.993102;1.34409e-08;2.43483e-07;6.32976e-06;2.77425e-06;0.000846652;6.01971e-05;2.64344e-06;0.000255017;1.52622e-07;4.81258e-09;0.000538416;0.00518439
2.29977e-09;9.74138e-11;1;2.5993e-09;5.35914e-08;2.88673e-09;1.88681e-08;2.69305e-12;8.18389e-09;2.89796e-09;2.5283e-09;7.48403e-08;6.53699e-12;5.94448e-09
0.000102147;0.967612;9.44448e-09;4.03533e-07;3.50976e-05;1.04304e-06;5.53353e-06;0.0247899;0.00524896;5.77723e-07;0.000192848;0.000116255;0.00189158;3.31457e-06
9.07726e-05;0.0318898;0.000413006;2.32402e-07;3.33888e-05;2.9622e-08;9.11258e-07;0.00943672;6.93697e-05;7.09583e-07;1.2485e-05;0.935317;0.0227346;9.50912e-07
2.09929e-05;0.970571;8.84058e-10;1.53188e-05;0.0029373;4.07793e-06;3.85694e-05;0.000884963;0.00216911;3.24305e-05;6.61148e-05;0.0103494;0.00619216;0.00671858
0.000145305;1.11891e-05;2.05524e-09;2.50785e-08;6.36348e-08;3.01854e-09;4.84034e-07;0.999123;0.000672333;7.60909e-09;1.43344e-07;4.71049e-08;4.70543e-05;3.51621e-09
0.000235423;0.220364;1.22369e-06;3.49198e-05;0.0011466;2.20877e-05;2.07542e-06;0.00255881;0.0023053;1.98917e-06;1.26832e-06;0.766559;0.00203741;0.00473018
0.000134179;0.864427;1.27008e-09;8.58633e-08;9.18599e-07;7.72643e-09;3.73661e-08;0.125546;2.49405e-05;3.22138e-08;6.96908e-08;0.000472643;0.009393;9.04185e-07
0.000367055;0.399679;1.1773e-07;0.000102572;0.0194906;1.63725e-05;0.000119061;0.0790551;0.000970305;3.34212e-05;1.41561e-05;0.00134314;7.65197e-06;0.498802
3.05829e-06;0.0315592;0.0303591;2.40687e-05;0.000772263;3.94872e-06;8.60515e-08;9.95271e-07;1.60849e-08;4.23569e-07;8.22809e-08;0.929379;0.00172169;0.00617662
0.000204562;0.406458;5.83707e-09;2.40637e-07;2.67451e-05;7.92684e-05;1.2751e-06;0.527455;8.01353e-06;4.08514e-08;6.99899e-05;0.0105679;0.0506957;0.00443288
1.43724e-06;0.797553;3.30745e-06;1.16513e-06;9.7416e-06;3.75394e-05;0.00222552;0.000125007;1.50589e-07;0.000335245;1.20482e-06;9.8802e-07;1.90953e-05;0.199687
9.8383e-12;8.53987e-12;1;3.0437e-10;2.33583e-10;6.06673e-09;2.75036e-10;1.64863e-12;9.93381e-11;4.48763e-11;1.37434e-10;1.107e-10;1.45783e-11;6.15946e-11
2.65777e-07;0.994912;4.00198e-05;4.75441e-07;1.07125e-07;6.85604e-07;3.05568e-08;9.70294e-06;2.43387e-09;6.30656e-08;1.08515e-07;1.96461e-05;0.00501186;4.7623e-06
1.14362e-06;0.0532911;2.79144e-11;1.53664e-06;1.11129e-05;8.251e-07;5.43937e-07;6.92125e-05;1.77763e-06;1.11091e-07;3.829e-05;0.000289774;0.946294;5.26735e-07
9.02796e-05;0.730617;1.23296e-06;0.000162665;0.00187255;0.000269188;5.62123e-05;0.0131024;0.000533368;2.2407e-05;0.000656327;0.231693;0.0075511;0.0133716
9.48142e-06;0.307442;1.08239e-07;3.329e-06;7.00204e-06;6.51062e-06;6.68244e-08;0.0231297;1.86288e-07;7.97206e-07;7.71448e-07;0.668183;0.00105697;0.000160081
2.86269e-07;0.998526;2.41568e-08;3.01757e-08;9.45252e-10;2.04123e-09;0.00143128;1.05874e-06;1.81985e-07;8.06603e-06;1.40146e-07;8.6095e-10;1.10505e-05;2.20164e-05
3.29476e-10;4.00744e-10;1;5.33408e-10;2.87239e-09;4.1726e-10;2.32973e-08;3.13709e-13;4.18118e-09;4.43764e-10;1.98402e-09;1.81852e-08;1.05302e-12;7.75841e-10
0.000676619;0.397145;3.59395e-07;8.71591e-08;1.5609e-05;7.04714e-08;3.87168e-06;0.422469;2.97455e-05;4.93839e-07;1.42649e-05;2.28611e-07;0.179644;1.3825e-06
3.28229e-09;2.62626e-05;7.21378e-07;2.04094e-08;3.49879e-06;4.26148e-08;1.63641e-10;1.30328e-07;2.36424e-09;8.4165e-10;2.72983e-08;0.999942;9.32728e-07;2.64678e-05
2.75842e-06;0.994932;0.000242487;8.46799e-07;1.1821e-05;5.35756e-06;1.51665e-05;0.00407988;5.27595e-08;8.10153e-06;7.83371e-08;2.91884e-07;0.00064304;5.77514e-05
0.000342377;0.0778182;6.63724e-05;2.82392e-05;0.00487434;0.0212107;0.000108897;0.00014159;0.000101432;0.000112044;0.000374691;0.0221734;0.868163;0.00448424
9.2477e-05;0.00390012;1.43266e-05;8.2445e-05;0.0267311;0.00498518;3.51527e-08;0.000884374;0.00111159;5.59067e-07;5.92011e-06;0.888068;0.0034325;0.0706913
0.000240516;0.995602;3.74654e-07;4.72807e-06;0.000189956;1.39319e-06;4.23324e-06;0.00152373;0.000228765;8.78803e-07;1.28312e-05;1.43819e-05;0.00215885;1.75767e-05
2.60075e-05;0.98902;8.5973e-07;5.84544e-05;6.06584e-05;2.24367e-05;4.1496e-07;0.00641584;1.00834e-05;5.13655e-06;4.06048e-07;0.000281182;4.48098e-05;0.00405403
3.54799e-06;0.00272854;9.31538e-06;1.65076e-05;2.16347e-05;9.8643e-07;2.05524e-08;6.73702e-05;3.03673e-07;1.00853e-07;4.59565e-06;0.988693;0.00844935;5.14005e-06
1.01574e-06;0.768617;1.35986e-10;9.03566e-07;4.3314e-08;1.50059e-09;2.03334e-05;8.41794e-09;4.82992e-09;6.84964e-05;1.05079e-07;1.20948e-06;1.66262e-07;0.231291
1.59793e-05;0.00554356;9.33081e-08;1.68197e-06;5.0235e-08;6.57912e-08;0.94262;0.000332749;0.0152741;2.63084e-07;0.035469;1.31622e-08;0.000742235;6.51969e-11
2.80138e-06;0.00172583;1.38737e-10;4.46949e-09;2.91115e-08;3.46203e-08;1.17565e-07;0.99823;6.86414e-07;3.13558e-08;5.71873e-09;3.95755e-10;3.99408e-05;1.63542e-07
1.02077e-08;1.66061e-05;8.02081e-08;6.17909e-06;0.000159427;7.83696e-05;5.17601e-11;2.02358e-06;1.16572e-07;1.23114e-08;3.89932e-08;0.0933348;1.8349e-06;0.906401
9.04538e-05;0.995912;2.51855e-09;4.99424e-07;5.20232e-09;5.74166e-09;0.000434654;0.00171661;0.000111311;2.12397e-07;0.000132532;2.21458e-08;0.00160148;6.26431e-08
5.05869e-06;0.99934;1.92377e-09;1.18037e-07;4.83423e-08;5.15454e-08;7.35218e-07;1.66933e-06;6.22531e-08;3.9044e-08;1.10569e-08;0.000140409;0.000511659;5.05667e-07
1.15659e-05;0.100669;2.16498e-07;4.68659e-05;0.000213155;1.93018e-05;7.4929e-07;0.00439792;2.02257e-05;3.21518e-07;1.88801e-06;0.765698;0.000216481;0.128704
1.10839e-05;0.931743;9.67951e-08;1.41642e-06;2.47155e-06;6.78331e-06;6.80254e-06;0.0111091;8.3204e-07;3.54124e-07;1.91054e-06;5.48636e-05;0.057061;5.49011e-07
3.58646e-09;7.84914e-09;1;3.19349e-09;3.72597e-09;5.90616e-10;7.28156e-09;1.27163e-09;5.23164e-10;9.48704e-11;8.22627e-10;3.4017e-07;1.9308e-09;2.68377e-10
4.0869e-05;0.00459882;0.0512493;0.000888498;2.20721e-05;0.000796101;1.99635e-07;0.000516772;0.000373432;1.90096e-06;0.000427652;0.931226;0.00819248;0.00166571
1.88714e-05;0.899736;0.00346111;3.57754e-06;2.86878e-05;0.000234947;7.29613e-09;0.000575362;5.89757e-09;3.69139e-07;2.86527e-06;0.0416216;0.00270351;0.0516135
1.77771e-08;0.956905;1.24234e-11;9.74256e-09;5.11775e-08;3.15111e-06;2.28203e-06;2.1754e-08;1.06091e-10;8.86413e-07;2.93524e-08;6.0329e-08;1.15433e-05;0.0430766
1.46837e-11;3.15768e-12;1;3.73885e-11;9.42404e-09;9.65947e-09;1.36632e-10;9.55842e-12;2.13751e-12;3.15469e-11;3.69149e-11;1.22439e-10;1.95276e-11;1.44467e-09
1.61673e-05;0.0720812;3.20527e-05;6.07214e-05;0.000144295;0.00110403;4.4492e-06;0.0678963;0.00145609;5.31142e-06;0.0271273;0.00039887;0.829659;1.37245e-05
