8.11102e-07;0.99865;0.00115532;3.36329e-07;3.32634e-06;1.84437e-07;2.57628e-08;0.000103442;1.13279e-09;4.28048e-07;4.13526e-10;7.89309e-08;8.51889e-05;1.33467e-06
7.56172e-09;6.28078e-08;1;8.20898e-09;2.54416e-08;1.14052e-09;2.2967e-08;1.13918e-09;6.10871e-10;3.50121e-09;5.40349e-10;1.35865e-07;2.85591e-09;1.45528e-09
8.12613e-06;5.92742e-05;0.344667;6.12639e-05;1.31425e-05;4.61906e-06;2.15352e-07;0.000233305;4.71991e-05;1.02162e-06;8.569e-05;0.654611;2.15055e-05;0.000186636
8.08548e-09;8.25009e-06;3.51165e-06;4.85681e-09;5.89885e-07;4.12337e-06;2.70632e-09;1.43505e-07;3.66888e-11;2.74266e-07;8.4452e-11;6.35222e-12;6.54694e-08;0.999983
2.52271e-11;3.96732e-12;0.999997;6.259e-12;1.92307e-07;3.64743e-10;5.40116e-13;7.76188e-12;3.702e-14;1.59166e-12;5.46584e-14;1.63374e-06;9.07285e-12;1.5232e-06
1.41819e-08;5.0063e-05;2.37712e-10;1.06802e-09;0.000161178;1.05115e-08;3.07021e-10;0.999783;1.56624e-08;5.94992e-11;3.08259e-09;2.72606e-06;2.57661e-06;2.14009e-08
5.43963e-09;3.72089e-05;0.998949;1.96644e-06;0.00100518;2.16154e-08;1.40599e-10;2.72467e-06;6.48299e-11;3.02781e-08;2.06903e-10;1.03715e-07;2.63164e-09;4.10112e-06
8.91015e-05;0.0447069;0.139528;0.000177686;0.337724;0.000220147;2.02465e-07;0.00322224;7.51101e-09;2.24672e-07;2.82073e-06;0.274575;0.19652;0.00323374
8.14249e-06;0.00102387;8.79516e-06;6.23756e-08;5.14482e-05;2.03474e-05;1.53513e-07;0.73432;3.15299e-07;6.65136e-09;6.93291e-07;0.14925;0.115285;3.20122e-05
1.36974e-05;0.127825;0.0751322;9.31044e-05;0.00121252;0.0128461;6.72463e-05;0.2401;8.57812e-06;1.4129e-05;9.59276e-06;0.00161155;0.533;0.0080663
2.84663e-05;0.151147;2.94443e-05;0.000246936;5.77208e-05;0.00152276;1.40976e-06;0.0336276;0.000170157;5.32762e-07;8.43518e-05;0.00222845;0.775058;0.0357974
6.25043e-07;0.0163534;1.70449e-08;2.24978e-09;9.41227e-07;1.04731e-08;6.59859e-11;0.98362;4.82933e-10;1.10795e-09;1.75328e-10;7.99823e-08;2.28253e-05;2.24065e-06
1.22684e-07;0.974657;0.000919464;8.76755e-06;0.000548506;0.00018889;2.68965e-06;0.00205567;3.97274e-08;4.48703e-05;3.70653e-07;0.00559525;0.000367959;0.0156104
1.19961e-09;2.31116e-08;1;1.32576e-09;4.3554e-09;6.22979e-11;2.79406e-07;1.86833e-10;2.28119e-10;7.85514e-10;1.46623e-08;2.58585e-09;1.76863e-09;3.36609e-11
2.44318e-05;0.00147038;0.000950588;9.08295e-06;0.000142837;2.86282e-05;2.04381e-06;0.000359205;0.000133773;9.02383e-07;0.000659233;0.99492;5.16881e-05;0.00124736
0.000143427;0.298083;3.69371e-07;6.36088e-07;0.000204463;0.000758617;2.18081e-07;0.000161016;1.53802e-05;5.07416e-07;0.000121106;0.00870347;0.688931;0.00287707
9.42818e-06;0.572423;3.43617e-06;3.9447e-07;6.58149e-05;9.88548e-07;9.00505e-07;0.0375699;2.58681e-05;1.74531e-06;2.07718e-06;0.389712;4.49922e-05;0.000139155
1.00517e-05;0.0302847;0.966622;1.47699e-06;0.00199169;8.12159e-05;3.16775e-08;0.000130437;8.08332e-08;1.34591e-06;1.02771e-09;0.000257585;0.000407236;0.000212206
1.37799e-05;0.000825228;9.85462e-08;3.53478e-07;6.67026e-06;1.46526e-06;1.21316e-06;0.988921;0.00850583;4.11403e-08;1.92824e-05;1.94584e-06;0.00170332;2.24529e-07
4.29666e-05;0.146402;4.83892e-05;2.04891e-06;0.00152522;8.86443e-06;3.60525e-08;0.846615;1.19792e-07;1.33224e-05;1.12079e-08;7.20343e-07;0.00033664;0.00500434
1.05278e-07;0.00476134;0.00239884;6.10435e-06;6.9623e-05;8.87454e-06;6.69244e-08;2.16821e-06;6.23828e-08;7.96701e-07;1.80728e-07;0.992182;4.7249e-05;0.000522734
0.000103329;0.101662;3.40485e-05;6.04907e-06;0.000103504;1.59897e-06;3.24245e-05;0.893593;7.69538e-05;3.45937e-07;0.000161409;3.8407e-05;0.00418588;9.98699e-07
1.44724e-05;0.964335;1.94501e-06;3.70708e-07;0.000554504;8.89596e-07;8.65438e-05;8.78506e-06;1.30909e-07;0.000163402;2.2831e-07;3.41657e-07;1.41983e-06;0.0348317
5.02036e-10;3.47907e-12;1;1.39942e-12;1.71007e-07;2.32514e-12;1.33891e-11;5.95731e-12;7.43223e-11;3.6117e-12;3.98632e-13;3.04578e-10;1.41316e-15;3.92256e-12
0.000173876;4.91786e-05;1.29422e-05;5.5298e-08;1.65659e-05;2.64575e-05;2.31806e-07;0.997547;0.000553674;1.30402e-07;3.80468e-07;0.000330292;0.00128882;4.31648e-07
4.95507e-06;0.00259485;5.68458e-11;7.86732e-08;7.50942e-07;2.9125e-07;3.71317e-07;0.00416058;0.000302313;2.19561e-08;9.14439e-06;1.07295e-07;0.992926;6.15967e-08
8.88223e-05;0.00329454;2.40371e-08;5.3168e-06;1.89226e-05;2.55422e-06;3.24702e-08;0.00337259;0.000575951;1.45326e-06;1.15027e-05;0.990427;0.00181817;0.000383142
8.03123e-06;1.23052e-05;1.81721e-10;2.44795e-09;2.60978e-08;3.8516e-09;1.89761e-08;0.999935;2.4666e-05;2.79478e-09;1.35928e-07;2.36551e-08;1.98434e-05;1.09623e-09
3.76511e-05;0.0166003;6.24608e-05;0.000378077;0.0489207;0.00714515;4.30575e-06;0.112374;0.000490257;6.56699e-05;5.0302e-06;0.00104686;0.00140686;0.811463
2.561e-11;2.13421e-10;1;2.98875e-12;2.18108e-12;5.94686e-14;8.71842e-11;8.5918e-14;1.84431e-12;4.58746e-13;7.01887e-13;7.30821e-12;4.4838e-13;1.04777e-12
8.40279e-06;0.353976;0.000504153;0.000129623;0.00054282;1.35897e-05;2.34498e-05;0.000227071;0.00307589;2.26021e-06;0.00222948;0.625963;0.00245579;0.010849
1.92113e-06;0.188833;2.73359e-08;1.70073e-05;0.00143615;0.000950808;1.05007e-07;0.0109345;6.54486e-07;7.51604e-06;5.22389e-07;0.000356395;0.681724;0.115737
7.40858e-07;0.0029348;5.48263e-08;9.09918e-06;0.00371073;0.000674296;2.44002e-07;0.035246;3.13661e-05;6.80224e-07;0.000108715;0.946434;0.00755605;0.00329303
5.69331e-07;0.000822383;5.69394e-12;1.02302e-08;2.96189e-07;2.90948e-07;5.89635e-09;0.000107215;8.33817e-08;4.19137e-09;1.3755e-07;9.6135e-05;0.998964;8.57433e-06
0.000117093;0.041471;0.000117528;1.0061e-05;1.02635e-05;1.05656e-05;1.18285e-07;0.00109777;5.83059e-05;8.78727e-07;1.84212e-05;0.954861;0.000795273;0.00143215
4.96334e-06;0.997086;2.61082e-05;2.14685e-07;9.73406e-08;3.75476e-06;1.7145e-09;0.000346355;4.67826e-08;1.15143e-07;3.94228e-07;4.14987e-05;0.00248529;5.40351e-06
6.13195e-05;0.858689;0.000153673;1.33769e-06;5.4099e-05;2.32269e-07;9.9091e-06;0.122106;4.09567e-06;1.33372e-05;3.46013e-05;0.0161243;0.00272634;2.20508e-05
2.67588e-07;0.946999;1.36195e-08;2.40101e-06;0.000118951;2.95724e-06;1.70347e-06;6.39197e-05;3.93387e-07;3.04757e-06;2.36244e-06;0.00527117;0.000738446;0.0467954
7.64734e-05;0.0915189;7.90141e-09;1.22059e-06;9.74503e-06;3.59375e-06;3.33944e-06;0.00666168;3.53489e-05;6.76469e-07;2.01258e-05;0.887776;0.0137697;0.000122792
1.27255e-05;0.147569;2.22196e-08;6.04188e-07;6.7749e-05;4.26649e-06;1.65427e-07;0.0270726;3.42906e-07;1.29919e-07;1.35749e-07;0.000663636;0.824512;9.66181e-05
1.86777e-06;0.00296554;6.97146e-05;0.000108118;0.00479377;0.00226492;2.20462e-08;0.000254083;1.91273e-05;2.20014e-07;1.18431e-06;0.0217045;0.000400407;0.967416
1.02016e-05;0.986741;0.000568438;1.35384e-05;2.91672e-06;1.20427e-06;3.18367e-06;0.00207279;5.4661e-06;1.26064e-06;4.21187e-06;0.000440436;0.00969119;0.000444122
8.87759e-07;0.996811;4.83534e-10;1.9044e-06;9.92834e-07;1.21243e-05;0.000283939;5.92257e-05;2.39425e-07;4.87211e-05;2.64955e-06;1.4402e-08;0.00046084;0.00231753
2.84668e-10;2.61627e-10;1;1.07751e-10;4.90388e-10;2.34573e-10;1.74683e-11;4.26714e-11;4.68909e-11;1.12095e-11;3.75789e-11;8.85909e-09;1.09675e-12;2.13714e-10
2.5355e-08;0.980602;9.76167e-11;3.98813e-09;9.67562e-10;2.20842e-10;1.14047e-06;3.23732e-07;3.8956e-08;2.31713e-07;4.03866e-08;4.09259e-08;1.31839e-06;0.0193949
1.85396e-05;0.35399;2.05085e-07;3.1699e-05;1.27193e-06;3.70427e-06;0.19842;0.137726;0.117659;5.35732e-06;0.146988;4.46034e-06;0.0451516;3.91603e-08
1.02588e-06;0.99792;1.48291e-08;3.50453e-08;5.93251e-10;2.71151e-08;6.35941e-07;1.63925e-06;4.74579e-08;2.61e-08;2.92182e-08;2.08017e-06;0.00207466;7.89745e-08
1.41267e-06;0.645847;2.88601e-10;7.20407e-07;0.000107;0.000299656;1.23079e-08;6.29642e-05;9.7727e-08;3.84587e-07;2.62291e-08;0.236195;0.000140374;0.117345
0.000117523;0.817063;7.07233e-07;1.67916e-05;0.000275994;0.00123026;1.62126e-06;0.00351052;5.49741e-06;3.27886e-06;2.986e-05;0.0148759;0.159943;0.0029264
0.000224487;0.1631;2.35895e-07;0.000411786;0.00018478;0.000324286;6.76361e-05;0.00811795;0.0154972;4.90745e-05;0.00372863;0.000153033;0.808107;3.34461e-05
1.02199e-05;0.982526;0.0167609;2.45394e-05;2.84002e-05;1.58066e-05;4.92519e-07;0.000186397;6.0846e-08;2.24932e-05;1.03071e-08;6.7978e-08;0.000219311;0.000205041
9.49406e-08;1.23919e-06;0.999995;2.63359e-07;3.77979e-08;6.06557e-09;7.79917e-07;6.40669e-09;8.99512e-09;5.54099e-08;3.38134e-08;2.86146e-06;2.37089e-08;8.82988e-09
0.000352697;0.014773;0.275415;0.00349716;0.000265287;0.000133049;2.44372e-05;0.00608166;0.00173253;5.36507e-05;0.0175187;0.66508;0.000286103;0.014787
1.02759e-08;8.76855e-06;6.17468e-07;2.43836e-09;1.19642e-07;1.01503e-07;1.15743e-09;9.98659e-09;5.88074e-12;4.88278e-07;2.94217e-11;3.12207e-11;7.90788e-09;0.99999
1.35896e-10;1.09961e-12;0.999992;1.03744e-11;7.00308e-07;3.53037e-10;2.1188e-12;9.92908e-11;1.17364e-13;1.05838e-11;2.13418e-13;6.10265e-06;1.60148e-12;7.48554e-07
1.88913e-08;5.75578e-06;4.50586e-10;9.482e-10;4.68041e-06;5.61052e-09;3.21771e-09;0.999984;2.27602e-08;3.72932e-10;3.40937e-09;5.57068e-07;4.58233e-06;1.48046e-09
2.52371e-08;2.77084e-05;0.999907;7.49364e-06;3.58999e-05;4.91227e-06;4.58107e-09;4.82209e-08;1.17292e-09;2.11921e-07;1.45409e-08;9.8972e-06;6.34554e-06;2.87533e-07
2.54153e-07;0.99974;1.09687e-10;7.63615e-09;2.73903e-09;7.92033e-10;2.61143e-08;2.03368e-06;5.80919e-10;9.57567e-11;2.97724e-08;8.8467e-07;0.000256607;3.52495e-08
5.85717e-05;0.610518;1.23282e-05;6.67561e-06;0.0148988;2.40887e-06;1.04186e-06;0.00222764;1.50777e-05;4.66966e-06;4.49858e-07;0.209157;0.000347617;0.162749
1.71541e-06;0.123002;6.8348e-05;1.4514e-05;0.000502969;5.8854e-05;5.6704e-07;3.29998e-08;1.23148e-08;2.9517e-06;1.32846e-07;1.41063e-05;0.876248;8.53419e-05
0.000353465;0.0164167;0.00555299;1.91323e-05;2.67492e-05;4.8858e-05;0.000136305;0.0569207;0.000335599;3.9384e-05;0.000212657;0.868579;0.0513543;4.49747e-06
0.000109228;0.0326449;0.0265595;0.00293219;0.00144288;0.840572;0.000128101;0.00610717;0.000253755;0.000110963;0.000176561;0.019476;0.0625914;0.00689585
8.59777e-05;0.0142739;5.33235e-08;0.00230088;8.28593e-05;0.00207982;6.87058e-05;0.00576677;0.00191315;1.09745e-05;0.00460612;0.00293613;0.964838;0.00103648
0.000275746;0.813883;0.172621;0.00285262;0.00116173;0.00017547;2.92709e-06;0.000262282;9.51565e-05;7.48473e-05;1.34772e-05;0.000515623;4.13422e-05;0.00802392
4.56403e-05;0.997314;1.08849e-08;3.12832e-07;4.92106e-09;1.85632e-07;6.57201e-06;9.69566e-07;1.01208e-05;3.63968e-07;9.22744e-06;7.06873e-05;0.00254148;3.78377e-08
0.000246001;0.105277;0.000179692;1.1406e-05;0.000294848;2.89198e-05;5.7708e-07;0.00118603;2.73238e-06;9.54264e-06;7.12776e-07;0.138704;9.7215e-05;0.753962
2.28983e-07;0.999783;1.86124e-12;2.80378e-09;8.29638e-08;7.6837e-09;7.52106e-06;2.67585e-06;3.08451e-09;1.28377e-06;1.36828e-09;1.09863e-12;1.13754e-06;0.000203966
1.30174e-12;9.18775e-14;1;9.38644e-13;6.19539e-11;1.20581e-12;5.9694e-13;1.30885e-13;6.98246e-14;3.0782e-12;6.41082e-14;1.68464e-08;1.47978e-15;1.43957e-10
2.5745e-05;0.0756738;7.43753e-08;2.03275e-06;5.9965e-06;2.76184e-05;0.000964783;0.785017;0.000304167;3.00834e-06;8.95112e-05;6.04571e-08;0.137836;5.01468e-05
1.37935e-10;2.20141e-10;1;3.10553e-10;7.14244e-11;2.9475e-11;1.39358e-09;4.06774e-11;2.26358e-10;4.24223e-11;8.39942e-11;1.14704e-07;6.68594e-12;5.25329e-09
9.74364e-07;0.000721625;6.95282e-06;5.39373e-06;3.46074e-06;1.4215e-05;1.27241e-08;0.00102874;3.56894e-05;8.97378e-08;1.40233e-05;0.996745;9.64522e-05;0.00132783
1.10012e-06;0.994489;5.22228e-06;1.71369e-07;1.40371e-07;1.08031e-05;2.83277e-06;1.5249e-06;1.26541e-07;4.2181e-07;7.61836e-07;9.91245e-06;0.00546491;1.26692e-05
6.89965e-07;0.0074248;9.07943e-07;7.58244e-07;0.000685019;9.53514e-05;2.63943e-09;0.00282831;6.06846e-07;2.02047e-07;2.44337e-06;0.983067;0.00471074;0.0011835
1.77731e-05;0.856944;0.000177992;3.09191e-06;0.000182947;0.000879455;7.51611e-06;0.022708;2.77749e-06;3.50436e-05;2.14023e-07;4.23405e-08;0.109838;0.00920322
7.17439e-09;1.47635e-07;1;1.64981e-08;6.70243e-08;4.32424e-08;1.02964e-08;9.18183e-08;1.52579e-09;2.67291e-09;3.26327e-09;3.77921e-09;6.31694e-08;7.4973e-09
5.57068e-05;0.21172;3.67846e-06;0.000143363;0.000119879;0.00184887;1.92574e-08;0.364754;0.000174087;6.13903e-06;6.2598e-05;0.108122;0.312173;0.000817195
4.29085e-07;0.946512;2.9537e-09;4.87196e-08;5.52213e-08;2.96049e-06;2.53817e-08;6.90379e-06;4.91604e-10;1.04334e-07;2.65637e-08;6.60504e-06;0.0534705;6.49538e-08
1.29254e-05;0.138887;6.80111e-05;0.000170807;0.000401132;0.00131993;4.30792e-07;0.00299828;3.26439e-06;1.67954e-05;5.69479e-06;0.831713;0.0215395;0.00286358
0.000171254;0.82743;1.4614e-07;4.71397e-05;0.00163497;0.00705562;1.02513e-05;0.0311753;1.56343e-05;2.54722e-05;5.04884e-06;1.75149e-05;0.0159341;0.116478
1.47262e-05;0.405473;1.35681e-08;1.09169e-07;4.13811e-06;1.47738e-06;8.9271e-09;0.505879;7.1099e-08;2.55082e-08;8.60241e-09;1.2491e-05;0.0886085;6.43364e-06
1.33447e-07;0.0101104;7.5636e-09;1.29396e-05;0.000159869;0.000528243;5.08943e-10;0.000273674;6.98951e-07;5.46697e-08;6.31533e-08;0.000159721;0.00145943;0.987295
1.58494e-07;0.999801;6.61242e-09;1.09432e-09;1.80154e-10;1.80993e-10;2.25147e-08;1.98081e-07;2.01253e-11;1.22112e-09;1.9724e-10;7.09e-06;0.000191556;7.24566e-08
5.81754e-08;0.000101914;5.44818e-07;4.19385e-06;0.0205221;2.10766e-05;3.743e-08;0.0030745;1.08271e-06;3.33597e-08;3.47837e-07;0.976163;6.86078e-07;0.000109982
3.37009e-07;0.0232739;0.000437539;3.36244e-07;6.4168e-06;1.36548e-06;1.15683e-09;1.80542e-07;1.59752e-10;4.74043e-09;1.5978e-08;0.000240826;0.976039;6.59982e-08
0.000937931;0.282627;1.78804e-05;0.000191099;0.000524486;0.0109905;0.000363225;0.304756;0.014384;4.00026e-05;0.00271941;0.0720628;0.12894;0.181445
0.000124372;0.310992;0.00132337;0.000676693;0.000603379;0.00910269;1.4431e-05;0.367824;0.000411768;7.41737e-06;0.000551924;0.305098;0.00305517;0.000214392
2.98296e-07;0.99281;2.70081e-09;1.29527e-05;4.36443e-07;3.26287e-05;1.26483e-08;0.00145908;2.80886e-07;8.38401e-08;2.89895e-06;0.00305452;0.000759154;0.00186731
2.00884e-06;0.976153;4.93854e-06;1.23685e-06;7.87394e-07;9.70361e-08;1.14876e-08;0.0211646;1.3827e-07;3.18229e-08;2.36165e-06;0.00204046;0.000630086;1.28975e-07
1.64386e-06;0.00303511;6.07941e-05;0.000240269;6.79606e-05;0.000131511;3.12111e-08;0.000319176;1.66011e-07;8.71266e-06;3.08717e-05;0.992427;0.000568605;0.0031081
1.14782e-05;0.965273;2.46122e-07;9.65609e-06;3.49869e-07;2.00879e-05;3.46387e-05;0.0236239;4.84325e-06;2.96847e-06;0.000101411;7.79967e-05;0.0108307;8.36176e-06
7.34267e-07;0.000578231;4.24043e-09;3.13764e-07;1.00178e-06;1.41266e-06;1.92358e-07;0.000585977;1.80769e-07;2.16151e-07;1.12373e-05;0.000175384;0.99864;5.02854e-06
1.49322e-06;0.00304256;5.24934e-10;5.05038e-05;6.91643e-05;6.0833e-05;1.64634e-06;0.000407332;0.000672197;1.31623e-06;0.000397246;3.46375e-06;4.27861e-05;0.995249
3.15668e-05;0.996694;0.000214007;0.000161055;9.05012e-05;8.45417e-06;3.11531e-07;0.000155643;5.11346e-06;2.74673e-06;4.32654e-06;0.00173521;0.000477226;0.000420212
4.04342e-06;0.994747;2.60581e-09;5.43762e-08;2.23646e-07;2.0722e-09;1.35391e-05;4.80701e-05;2.6497e-08;7.78677e-07;1.24295e-07;2.17886e-08;1.35119e-06;0.00518462
6.76964e-09;6.42874e-05;7.46495e-09;4.29892e-07;2.62058e-05;3.83819e-08;6.04782e-08;1.04813e-06;1.14087e-06;1.28193e-09;4.02161e-05;0.999866;5.86733e-07;9.50829e-08
5.81746e-08;0.991276;1.75867e-06;1.03789e-08;9.06362e-07;1.36121e-09;2.94701e-09;2.2772e-07;1.34694e-11;4.28552e-09;5.11614e-10;9.60705e-06;0.00871031;8.88878e-07
1.21153e-06;0.021164;2.40531e-09;3.29385e-07;4.51866e-05;4.95024e-08;2.30643e-06;6.80892e-05;1.78752e-06;7.26648e-08;6.14223e-07;3.7268e-05;0.000121991;0.978557
2.69242e-07;0.0494283;2.84904e-08;1.49551e-07;7.65766e-05;6.51789e-05;5.55899e-09;0.949176;2.72717e-09;2.39257e-07;6.2684e-10;2.76216e-08;0.000146595;0.00110657
1.13801e-11;9.02489e-13;1;6.48696e-10;8.08565e-10;7.42491e-10;2.31894e-12;8.87623e-12;9.39855e-14;1.48484e-11;1.25772e-12;2.94207e-09;3.14511e-11;8.82828e-09
5.45069e-07;0.000527731;0.998315;4.1587e-05;6.95132e-06;2.00573e-05;7.16013e-07;0.00101177;4.1959e-07;1.45654e-08;4.17319e-06;5.66998e-05;5.93049e-06;8.91345e-06
4.86786e-08;0.000548633;2.24577e-06;6.14613e-07;3.48409e-06;9.68993e-05;5.28311e-10;7.2884e-06;6.91375e-10;1.17077e-07;1.11214e-08;2.10124e-05;5.95907e-06;0.999314
7.92229e-07;0.543248;5.43168e-09;4.18305e-07;2.25635e-06;2.2738e-06;4.10738e-07;0.00537397;2.85127e-06;1.22965e-08;1.66168e-05;1.1198e-05;0.451341;1.38839e-07
7.39465e-08;0.987481;3.83327e-07;1.74026e-07;5.66684e-07;4.2809e-07;1.27542e-10;1.34256e-06;1.27503e-11;2.04452e-08;8.08591e-11;7.59089e-07;0.0124412;7.38911e-05
1.4961e-07;0.00802373;2.90999e-07;5.83843e-07;9.69348e-06;1.15697e-06;6.51846e-09;0.000218517;1.21001e-07;5.40133e-08;7.22932e-07;0.990083;7.47393e-05;0.0015875
1.4555e-05;0.840518;0.000184447;0.000586661;7.88156e-05;8.04253e-05;0.00331858;0.0086787;2.5031e-05;6.52503e-05;0.00297155;0.000549554;0.142862;6.64173e-05
0.000134217;0.270818;0.0638197;0.002622;0.000381267;0.000431024;0.000145566;0.0469676;3.14847e-05;0.000125784;0.00288419;0.118765;0.488157;0.00471648
1.20242e-06;0.993381;4.43353e-08;8.2822e-06;5.1072e-06;0.000444222;1.80287e-09;0.00181446;6.2282e-08;1.0037e-06;3.35462e-07;0.000179207;0.0029529;0.00121247
2.39817e-07;0.000262503;4.73567e-10;4.43371e-07;3.39298e-06;5.29188e-06;9.71952e-09;0.00339432;4.13433e-07;3.87557e-08;2.26899e-05;2.76777e-05;0.996282;4.68263e-07
0.000108916;0.00790264;1.40366e-05;3.1222e-07;1.26015e-05;9.64649e-07;1.59313e-08;0.941171;3.24257e-07;4.1483e-07;3.27313e-07;0.0481043;0.000463669;0.00222011
4.95502e-07;0.0384272;9.88139e-06;9.32217e-05;5.98284e-05;0.000124049;5.80519e-08;0.00192151;1.34367e-05;3.32255e-07;0.000227705;0.956449;0.00262125;5.17365e-05
5.97399e-07;0.994262;9.28764e-09;1.29422e-07;1.09724e-08;2.16046e-08;1.84631e-07;1.11711e-06;1.06764e-08;3.02266e-08;9.56419e-07;3.19024e-05;0.0057027;2.08463e-07
4.22133e-05;0.143916;9.8244e-05;1.48176e-06;0.00105881;0.000240146;2.89667e-08;3.67485e-05;1.00106e-07;6.46452e-07;4.53776e-08;0.840081;0.00499526;0.00952912
3.73539e-05;0.00628777;1.84302e-07;1.20323e-05;3.82982e-05;0.000761818;1.03055e-06;0.976808;0.000531045;1.65492e-06;5.67031e-06;2.62291e-05;0.0154381;5.03548e-05
1.69823e-06;0.00130994;1.90144e-10;3.18535e-07;9.85685e-07;6.90438e-08;1.04668e-08;0.99655;1.0968e-05;5.85157e-09;3.43735e-08;1.55577e-06;0.00212418;2.61186e-07
5.06704e-05;0.652322;0.00341776;0.000306861;0.000237758;0.000225625;3.09419e-08;1.12861e-05;2.74243e-08;2.21996e-05;8.08969e-08;0.00022951;0.34188;0.00129577
3.76471e-05;0.466093;0.000826231;1.41896e-06;3.06909e-06;1.38381e-07;3.25369e-08;0.00422202;2.73969e-06;5.29756e-07;4.13542e-05;0.527804;0.000487055;0.000480756
1.42033e-08;0.00351279;1.44864e-08;3.7406e-06;2.88609e-07;2.08585e-05;0.744;8.01914e-09;9.56483e-08;0.250564;2.13875e-06;1.36468e-10;1.13917e-06;0.00189407
7.77908e-15;4.93338e-16;1;2.6023e-13;6.76321e-15;5.53118e-14;1.23715e-11;9.25483e-19;2.88882e-14;5.39827e-13;8.05045e-13;2.39922e-12;6.98806e-17;1.08173e-15
