3.64655e-06;0.994342;4.19566e-09;2.89765e-08;2.54914e-10;1.2479e-08;5.79412e-07;5.73356e-06;1.92472e-07;4.78254e-09;1.09959e-06;5.27074e-06;0.00564121;3.38967e-09
0.000294883;0.0350226;0.00050867;0.00021969;0.00845962;0.0100558;2.78492e-07;0.0182375;5.43041e-05;1.58006e-05;1.40846e-05;0.28619;8.46391e-05;0.640842
1.53199e-05;0.793223;4.8752e-07;2.11835e-05;4.73127e-05;0.000481659;3.23036e-07;0.000948783;1.53848e-05;1.48106e-07;4.98979e-05;0.11452;0.0906382;3.84631e-05
2.36335e-05;0.613127;2.30229e-05;6.30124e-06;0.000482129;5.9724e-06;7.75737e-07;0.00054221;7.55925e-06;6.98469e-06;1.975e-05;0.377805;0.00532795;0.00262222
0.000176129;0.996871;3.90845e-06;1.48677e-06;2.74141e-05;1.25849e-07;4.33467e-06;0.000176504;5.6051e-05;4.06157e-07;3.91083e-05;0.000738783;0.00190401;5.31462e-07
0.000300341;0.227434;2.28891e-08;4.49127e-07;5.6798e-06;1.04552e-05;7.3559e-06;0.0389197;0.000201146;4.72471e-06;1.56488e-06;3.93286e-07;0.733112;2.70853e-06
1.75739e-11;7.84226e-12;1;2.80143e-12;2.25157e-11;3.64322e-12;2.45198e-13;1.72209e-13;3.71971e-13;6.49472e-13;3.68178e-14;1.90576e-10;3.57219e-14;8.59015e-12
1.0342e-06;0.00010775;0.000151412;2.67836e-07;1.26597e-06;5.3074e-06;2.59418e-09;0.000267659;1.14514e-05;3.11605e-08;4.38479e-07;0.999401;2.73474e-05;2.53678e-05
7.04492e-07;0.997526;9.69305e-07;1.55051e-08;1.10537e-07;1.40874e-06;5.63554e-07;2.38798e-07;5.71776e-09;1.88056e-07;3.03856e-08;2.24154e-06;0.00246449;2.7602e-06
1.34596e-08;2.25971e-05;1.13648e-06;1.28837e-07;0.000296379;1.20612e-05;1.01108e-09;7.2759e-06;6.78783e-09;2.4942e-08;2.28745e-08;0.998788;1.24356e-05;0.000860147
6.29217e-06;0.87674;3.40998e-06;4.57635e-05;9.51512e-05;0.000452522;1.23611e-06;0.0162346;8.98318e-05;3.283e-07;1.56637e-06;9.90108e-06;0.106315;4.87148e-06
4.20715e-05;0.124574;8.63797e-07;1.19337e-05;0.000237589;9.46334e-06;1.31436e-09;0.236386;1.13872e-07;1.67576e-07;2.19938e-08;0.00760863;0.631127;1.48852e-06
1.52354e-07;0.98911;8.47639e-10;4.5819e-06;5.6623e-07;2.15877e-06;1.29511e-06;0.000105202;1.69447e-10;5.08233e-05;2.25216e-09;3.29539e-07;0.00142158;0.00930353
6.24296e-11;1.03814e-12;1;7.73537e-11;2.71508e-10;4.4262e-12;3.02612e-09;2.32495e-12;4.28732e-13;2.83518e-10;1.56151e-11;3.63137e-08;1.99025e-12;3.35872e-12
2.04742e-09;2.31821e-05;8.27148e-10;6.88221e-09;5.76153e-12;1.48176e-11;0.99995;2.65407e-10;1.32206e-07;2.44165e-05;1.90553e-06;1.95929e-11;5.22325e-09;5.2598e-09
1.55534e-10;2.01246e-11;0.999999;1.02655e-08;1.72645e-09;8.45756e-10;5.37718e-07;3.07116e-13;1.04752e-08;4.05516e-09;2.92915e-09;1.69771e-08;2.65694e-12;1.02671e-09
1.84897e-07;0.999437;3.05419e-08;2.01868e-07;3.95456e-08;1.12068e-08;4.03843e-08;5.1234e-05;1.13961e-08;4.43533e-09;1.48466e-08;7.74352e-08;0.000511589;4.26572e-08
5.5126e-05;0.885337;4.61396e-06;0.00024141;0.00199237;0.00036553;0.000220845;0.000650692;6.89076e-05;0.000321569;0.000112191;0.0304508;0.00791368;0.0722656
4.8806e-05;0.640591;2.28104e-07;2.26058e-05;1.25815e-05;1.47844e-06;0.000135951;0.250792;6.3346e-06;2.96914e-06;7.36142e-05;0.00266342;0.105645;3.82707e-06
1.31501e-06;0.196713;5.20982e-08;0.000276782;1.71511e-05;2.7054e-05;8.14376e-07;7.8765e-05;2.28213e-05;2.4031e-06;2.6978e-05;0.755544;0.0470012;0.00028763
0.000219253;0.373779;1.0832e-08;2.41018e-06;2.5934e-06;1.186e-06;4.05146e-07;0.440401;2.21463e-05;2.49818e-07;0.000149229;0.000503564;0.184917;1.52362e-06
5.9065e-06;0.955353;1.68312e-08;6.44761e-06;3.6691e-07;4.26043e-06;0.00903973;8.00768e-07;4.71865e-08;0.0112476;8.76349e-08;1.16589e-07;0.000171884;0.0241698
2.60416e-11;3.37526e-13;1;4.35529e-10;1.8065e-10;2.81932e-10;9.68647e-12;7.22806e-15;1.06349e-11;2.33221e-11;6.24987e-12;1.28396e-08;1.20481e-14;3.97536e-11
0.000311392;0.801149;0.000557561;4.85374e-06;4.86145e-06;0.000146021;4.74613e-07;0.160713;3.34091e-05;1.41504e-06;3.68771e-06;0.00052349;0.0363934;0.000157552
2.42914e-06;0.989191;2.03176e-07;1.27489e-06;4.93606e-06;2.11261e-06;0.0006099;2.50898e-05;3.39731e-06;0.0002237;1.54518e-05;1.95494e-06;0.00948319;0.000435217
5.07088e-11;4.53383e-11;1;2.66382e-10;5.71386e-10;2.0361e-10;5.30875e-09;3.11964e-14;1.72832e-10;2.02151e-10;4.55797e-11;5.15352e-10;9.60347e-13;2.79702e-11
1.23327e-06;0.999279;4.72822e-07;1.67099e-08;3.24242e-10;8.82016e-10;1.58086e-07;1.20422e-05;2.49063e-07;5.83934e-09;7.29221e-08;0.000162277;0.00054399;5.09903e-09
2.93212e-07;0.000134352;1.22418e-07;1.03378e-06;0.000134158;0.000206137;4.3539e-09;0.00177035;2.62416e-07;8.04644e-09;7.0842e-08;0.984628;0.000166628;0.0129584
6.99809e-10;0.999967;3.62557e-12;8.62846e-12;5.22581e-11;2.15346e-11;1.70378e-08;5.75943e-10;8.40844e-13;1.55211e-10;8.40926e-12;8.50945e-11;3.32976e-05;9.35491e-08
1.95342e-10;1.21813e-09;1;8.00547e-11;1.42322e-07;2.17718e-09;2.04344e-09;2.22667e-10;1.8733e-12;5.8976e-10;4.68999e-12;9.33447e-08;1.90215e-10;2.84993e-08
5.12003e-08;0.00229022;1.34087e-06;1.37223e-06;3.15582e-08;1.80403e-07;0.993906;1.24304e-07;4.55504e-07;0.00358979;9.54432e-06;9.02855e-09;5.53403e-07;0.000200474
9.43903e-12;1.59828e-11;1;1.70255e-08;1.19434e-09;1.87832e-08;7.93897e-09;1.05125e-13;1.6316e-10;9.15983e-10;1.20853e-09;1.11428e-09;1.05468e-12;9.43122e-10
6.3331e-07;0.992024;2.63162e-07;1.65849e-06;8.34314e-08;2.47966e-07;8.48151e-08;0.00345709;1.31178e-09;1.13637e-08;3.46848e-07;1.5942e-06;0.00451377;6.71831e-08
1.61069e-05;0.913313;7.41242e-07;0.000436584;0.00154138;0.000139039;0.000103094;0.00299607;9.80194e-06;5.69947e-05;0.00232505;0.0576406;0.00420288;0.0172189
3.95724e-05;0.858455;2.8068e-06;0.000611214;1.32062e-05;6.9664e-05;0.000974232;0.0230714;5.90934e-05;8.19283e-06;0.00377965;0.031141;0.0817538;2.11601e-05
2.90876e-05;0.847255;0.00159784;0.00354186;8.15022e-05;0.000153498;2.45329e-05;0.0236289;9.3948e-06;1.41515e-05;0.000177771;0.0764109;0.0465031;0.000572008
2.76198e-05;0.539271;2.66832e-07;1.18956e-05;4.59526e-07;0.000279004;2.01032e-07;0.0484078;2.36953e-06;1.6529e-06;1.19119e-05;0.00181172;0.410143;3.10546e-05
1.25689e-06;0.975944;1.15503e-08;2.20482e-07;1.85636e-06;2.16678e-06;5.57116e-06;8.51892e-05;4.53731e-08;9.77693e-06;5.23841e-06;1.35079e-07;0.0236942;0.000250174
3.47626e-11;1.29363e-11;1;1.23847e-11;4.75008e-09;8.54731e-11;4.87977e-11;4.841e-12;5.42815e-13;1.52157e-10;1.32088e-12;7.58057e-11;1.03132e-12;7.92204e-10
4.96219e-06;0.979187;0.000182772;0.000112656;1.18429e-05;0.000214783;3.0657e-05;0.00661139;0.000599031;2.47518e-05;0.000309188;1.28943e-05;0.0125426;0.000155023
1.46389e-06;0.948529;0.0316141;5.20424e-05;3.17499e-05;2.80727e-06;3.78489e-06;3.33011e-07;4.41562e-09;0.000436457;1.38726e-07;0.00684724;1.40239e-05;0.0124674
3.83196e-09;3.21619e-09;0.999999;2.31255e-09;7.05212e-09;9.1602e-10;6.04637e-07;1.97758e-09;2.12301e-10;7.90492e-09;2.51725e-09;2.42933e-07;3.95684e-09;2.7119e-10
9.5556e-05;0.2385;2.46101e-06;0.000109536;0.00626662;3.73799e-05;0.0184791;0.654719;0.000192031;0.000500506;0.0196972;0.0174524;0.0433443;0.000603209
0.000128567;0.471728;0.095919;0.20586;0.023685;0.0651675;0.00372394;0.00210166;2.86847e-05;0.00633742;0.0176446;0.000161873;0.0885424;0.0189719
0.000956207;0.610599;0.0609866;0.00177838;2.74052e-05;2.14964e-05;7.91954e-05;0.00233221;1.60533e-06;7.90709e-05;0.000794622;0.282941;0.0347322;0.00467009
8.00182e-05;0.96659;7.57068e-05;0.000127653;0.00221878;0.003038;0.00209054;0.000908116;0.000289092;8.45982e-06;0.00578603;0.0077811;0.00883735;0.00216931
4.26063e-05;0.713297;7.37976e-06;1.0253e-06;1.34132e-06;1.58448e-08;1.80461e-06;0.179811;7.76334e-06;4.3346e-08;5.18314e-05;0.0758163;0.0309622;9.54551e-08
6.74505e-06;0.746006;3.33889e-08;0.00180455;0.00149626;5.63943e-05;8.44056e-08;0.142081;0.00140656;1.5868e-05;0.000139806;0.0281318;0.0336861;0.0451691
3.31318e-07;0.999585;6.62499e-11;1.16123e-07;2.60487e-06;2.30398e-08;5.72394e-07;0.000355853;5.32432e-07;6.27402e-07;1.02321e-06;1.25246e-06;5.03855e-05;1.33601e-06
3.94197e-07;6.05788e-05;0.0943274;4.73169e-06;0.00231427;5.38381e-05;4.0351e-08;1.36656e-06;1.83785e-09;7.08257e-07;9.22776e-08;0.901807;0.000117944;0.00131129
2.12338e-07;0.982482;3.58545e-09;7.07701e-10;2.13833e-09;2.85621e-08;1.92592e-06;0.0174946;7.34219e-08;4.77436e-10;1.21078e-07;6.37842e-11;2.08755e-05;1.58762e-07
2.51789e-08;1.27653e-06;0.999987;1.0916e-09;7.67422e-07;3.3883e-09;7.05813e-09;3.25589e-08;7.33733e-10;7.32645e-10;6.65542e-11;1.07032e-05;2.30272e-08;5.23826e-08
5.89935e-06;0.0158412;0.00217888;5.50299e-06;2.44388e-05;6.34849e-05;5.19147e-09;0.017949;2.55857e-05;1.51117e-07;1.26212e-06;0.961983;0.00191321;8.24038e-06
6.80266e-06;0.99173;3.08072e-07;6.45208e-07;0.00139289;9.78485e-05;2.16013e-07;0.00589055;6.42388e-06;1.39926e-06;4.09244e-07;5.19484e-06;0.00022035;0.000646886
1.83737e-05;0.0218729;0.000312185;2.23342e-06;0.00267339;5.0549e-06;1.14693e-07;0.00205986;2.5481e-07;9.53897e-07;4.24343e-07;0.97182;0.00105023;0.00018352
4.52905e-07;0.00648309;3.2715e-08;1.00974e-07;3.31258e-05;2.66796e-09;3.07651e-08;0.993475;2.0305e-07;4.49782e-09;5.29108e-09;2.69926e-08;7.30958e-06;9.72972e-07
0.000320412;0.0551159;0.100951;3.03625e-05;0.0034275;8.3923e-05;5.19593e-08;0.00148096;4.6463e-08;1.12343e-06;1.76318e-08;0.828656;0.00971435;0.000218173
5.21736e-07;0.665567;4.98486e-09;2.22804e-08;1.04612e-06;7.836e-08;5.56378e-10;0.28436;3.74966e-08;2.33344e-10;3.84099e-09;0.0445584;0.00551249;2.09111e-07
7.05496e-07;0.985625;8.50158e-08;1.1337e-06;2.89082e-06;6.64162e-06;0.0020001;8.63704e-05;6.62863e-08;0.00969651;1.62079e-08;8.01443e-08;0.000567163;0.00201291
2.50114e-11;1.84348e-13;1;3.39022e-08;4.61321e-09;1.11804e-07;7.94007e-09;2.79306e-13;8.82408e-11;4.22075e-09;7.68149e-10;3.53453e-08;2.04156e-11;2.20058e-11
0.0106578;0.728274;1.80435e-05;0.000599037;0.000972972;0.00342623;0.0241515;0.188404;0.00111013;0.000198026;0.00129423;9.39283e-06;0.0244824;0.0164026
1.39401e-06;0.0274609;5.96179e-09;7.01068e-08;1.50306e-08;9.98981e-10;0.972174;2.01568e-08;9.61851e-07;0.000349446;7.90788e-06;1.91848e-08;3.63134e-07;4.46089e-06
1.26209e-10;1.95652e-11;1;1.44974e-10;3.70687e-10;4.02396e-11;5.58845e-08;4.21806e-13;6.13358e-10;3.09008e-10;1.01796e-10;2.17088e-09;1.39322e-12;1.22617e-12
1.02434e-06;0.997753;5.98309e-09;3.3695e-08;6.79914e-10;4.30353e-09;6.88318e-06;3.66007e-07;1.7167e-06;1.04068e-08;2.52588e-06;0.000142176;0.00209184;8.84727e-10
4.20292e-07;2.7522e-05;5.0417e-09;2.26797e-07;5.85991e-07;9.0246e-07;7.20162e-09;0.999951;4.15853e-06;1.30911e-08;3.30502e-07;1.21277e-05;1.8266e-06;7.78617e-07
2.27106e-07;0.652393;1.41143e-07;4.31575e-06;1.24819e-05;0.000103164;6.56578e-08;3.34484e-05;1.85406e-08;2.23159e-06;1.0547e-07;1.1295e-05;0.000153021;0.347287
0.000633084;0.0122635;2.88622e-06;0.000511777;9.77613e-06;2.24151e-05;0.000218619;0.000629435;0.027405;6.98827e-06;0.47713;0.0269829;0.4534;0.00078373
0.000214846;0.87856;0.000186377;5.80357e-06;2.61735e-06;8.90644e-08;1.74688e-07;0.0428654;1.59152e-05;1.7208e-06;8.10504e-06;0.0711301;0.00697689;3.20739e-05
4.29706e-07;0.975488;3.12258e-08;6.4402e-08;2.09604e-07;1.53629e-06;4.38544e-07;0.0163654;2.54312e-08;5.67994e-06;3.17593e-07;1.87431e-07;0.00813492;2.95677e-06
1.9758e-12;9.00994e-11;1;7.50327e-10;3.94446e-10;1.10074e-11;4.24438e-11;8.0611e-14;3.67013e-13;6.78203e-10;2.54976e-12;1.11396e-08;5.62283e-11;1.1117e-09
1.16388e-06;5.97585e-06;0.993803;1.53329e-05;1.18344e-05;2.22676e-06;7.44711e-07;0.00606474;2.53532e-06;1.14729e-06;1.44454e-05;1.70772e-05;2.33637e-07;5.89437e-05
2.20574e-08;1.12522e-06;2.73556e-08;1.30005e-07;3.91812e-05;0.000425495;1.83653e-11;3.19385e-07;1.00592e-08;2.31645e-08;4.03891e-08;1.86086e-06;1.49163e-07;0.999532
2.24501e-06;0.00560355;1.22092e-09;1.84911e-07;1.34436e-05;3.01381e-06;5.27811e-10;0.866227;2.29724e-07;2.50415e-09;5.65819e-07;1.00748e-05;0.12814;2.4522e-07
5.2173e-06;0.902908;4.03802e-07;1.84419e-05;0.00044863;7.52768e-05;3.78108e-08;0.0835608;5.10493e-06;2.25408e-06;1.93286e-06;0.000291915;0.0120156;0.000666636
1.31176e-05;0.01532;4.82032e-08;2.47438e-05;1.34969e-05;1.48619e-06;1.04265e-08;0.0162892;1.02995e-05;2.65246e-06;1.23279e-05;0.968128;0.000131409;5.35562e-05
6.65871e-06;0.999956;1.7897e-09;1.53668e-08;8.61951e-11;1.03466e-09;4.29701e-07;2.21333e-08;1.05881e-08;6.44249e-09;1.47271e-07;7.38609e-08;3.69704e-05;1.75591e-10
3.42344e-05;0.000646793;1.50027e-10;2.3432e-06;0.000708051;1.92699e-05;2.28011e-08;0.000838281;5.88681e-06;1.57973e-07;2.34452e-06;0.948225;0.0494495;6.78377e-05
2.12733e-05;0.987437;1.947e-06;4.03336e-06;6.75545e-05;2.08378e-06;3.20647e-10;0.00393974;3.2168e-07;7.83972e-08;1.10779e-08;0.00038773;0.00803387;0.000104616
1.40882e-05;0.43881;6.40683e-08;7.97529e-05;3.45916e-05;5.06451e-05;7.236e-07;0.0589942;2.13857e-05;5.57999e-06;1.45595e-06;0.000187972;0.500974;0.000826253
3.58215e-07;0.000122953;1.11983e-11;1.25665e-07;4.0975e-08;2.36821e-07;8.51776e-09;0.00515342;7.7213e-08;1.3962e-09;5.02257e-07;4.47107e-07;0.994722;8.02784e-08
1.62812e-05;0.000785327;3.47518e-07;5.49204e-06;7.57528e-07;5.20264e-07;9.80498e-08;2.09284e-05;1.44164e-06;3.56727e-07;7.06795e-06;0.997992;0.000158231;0.00101078
2.69934e-08;0.999514;8.25615e-12;9.85588e-09;2.16175e-09;3.31588e-09;2.78495e-06;3.14967e-05;1.81447e-10;1.24216e-06;9.69277e-10;2.11746e-10;2.34536e-06;0.000447978
5.12958e-11;5.49374e-12;1;1.8871e-08;2.68803e-09;1.57794e-09;1.69162e-09;8.55321e-13;2.29284e-09;1.37472e-09;6.24763e-09;1.55122e-08;6.84513e-14;3.35224e-10
6.24558e-08;0.998087;2.4476e-09;3.40019e-08;2.03e-10;5.78815e-10;2.22994e-08;1.62922e-10;1.40967e-10;5.42338e-10;1.17906e-08;2.33788e-08;0.00191315;9.62671e-09
1.34352e-08;1.43358e-05;6.92393e-07;8.89572e-09;4.64035e-08;4.70932e-10;1.99358e-09;1.4058e-06;2.15146e-08;1.47125e-10;1.79101e-07;0.999975;8.37525e-06;8.83206e-10
1.32472e-07;0.972364;5.94866e-07;1.13285e-06;0.0030377;4.69975e-06;2.32727e-08;0.0192737;1.22505e-07;5.21492e-08;1.73461e-07;3.20211e-07;0.00529891;1.81973e-05
8.44389e-11;1.51205e-08;1.28729e-10;3.91462e-11;6.99784e-12;4.24157e-06;8.25083e-13;9.07228e-10;4.5705e-10;3.10715e-11;1.09115e-10;2.14108e-11;0.999996;2.0039e-11
2.11516e-10;1.12207e-07;1;3.8464e-09;1.82427e-10;6.04649e-09;3.77934e-12;1.21146e-10;2.30501e-12;2.49549e-09;6.03238e-12;5.68386e-08;2.95943e-09;1.67066e-09
1.5063e-08;0.999928;3.17302e-08;2.24844e-07;6.56546e-08;3.23021e-07;1.15972e-07;5.62322e-05;4.294e-07;2.59263e-08;9.79472e-07;2.8529e-07;1.1519e-05;1.76894e-06
