1.56826e-06;0.984728;1.21689e-08;1.49446e-05;2.67073e-05;1.60558e-05;5.52319e-06;0.00332933;4.05583e-05;5.44257e-06;0.000112994;8.93035e-06;0.0108532;0.000856199
2.75108e-07;0.000103291;8.48335e-06;3.84078e-05;0.256457;0.608014;2.98368e-07;0.000837591;2.19382e-06;0.000212902;4.77766e-07;4.93165e-08;9.18828e-05;0.134234
7.48609e-08;1.1958e-07;1;1.93838e-09;3.09682e-11;6.90979e-12;6.75393e-08;5.37351e-09;1.06517e-08;3.70491e-10;1.70859e-08;3.01927e-08;8.36465e-10;1.2471e-12
3.6491e-06;0.0002298;6.74954e-05;4.35178e-06;1.52823e-06;2.85687e-06;4.3016e-08;6.21299e-05;5.91345e-05;1.16673e-07;7.48313e-05;0.998234;2.95035e-06;0.00125752
1.3452e-05;0.819793;4.07446e-06;7.71442e-07;1.80947e-05;2.33454e-05;1.7633e-07;0.000654258;4.91062e-06;2.49032e-07;7.71371e-05;0.000460795;0.178622;0.000327336
9.39062e-08;0.0132236;0.00159708;3.14012e-08;0.00158771;4.21883e-05;8.26918e-11;0.000848003;4.15634e-10;3.18994e-08;1.17587e-09;0.980198;0.000574685;0.0019286
1.18692e-07;0.0382615;7.33613e-07;6.48432e-06;0.00623623;0.00104121;1.17939e-08;0.759062;3.93096e-06;1.26223e-06;5.08199e-08;0.00183814;0.0014868;0.192062
6.04464e-05;0.132757;1.02166e-05;8.81585e-05;0.00401597;0.00720302;2.79516e-06;0.516143;0.000364689;7.3946e-06;1.16902e-05;7.69871e-06;0.338969;0.00035856
2.9317e-06;0.973655;0.0188804;4.41874e-06;7.72232e-06;5.98713e-06;2.29437e-08;0.00737466;1.48145e-09;3.54514e-06;1.87106e-09;4.44092e-06;2.47077e-05;3.62212e-05
1.50371e-07;1.2704e-05;0.999983;2.77013e-07;1.96518e-08;1.05173e-08;1.14074e-06;2.34191e-07;9.09655e-09;1.66278e-08;1.42027e-07;7.67452e-07;1.86016e-06;3.56323e-10
4.43854e-07;0.000188223;0.000542508;4.4111e-05;5.64228e-06;1.64598e-05;3.92865e-08;2.81684e-05;4.77783e-06;1.60779e-07;0.000133115;0.998809;2.87868e-05;0.000198654
3.16591e-06;0.898753;3.76675e-07;2.4567e-06;4.0305e-06;4.73101e-05;1.51206e-06;7.99551e-05;1.14377e-06;5.45974e-07;3.14591e-05;0.000192152;0.100255;0.000627669
1.58002e-07;0.0368185;0.000273993;7.61692e-08;1.91005e-05;0.000137079;8.52749e-10;0.00115008;2.91625e-09;2.94984e-08;8.87968e-09;0.9301;0.0314881;1.25977e-05
2.54402e-06;0.510664;8.78091e-06;0.000951586;0.00692631;0.0577788;5.61576e-08;0.279382;9.11325e-05;9.64596e-06;1.97084e-06;0.000735983;0.0987847;0.0446626
9.56846e-05;0.349578;2.73656e-06;3.01945e-05;0.00484775;0.00621682;4.41625e-08;0.0892993;5.62639e-06;6.92753e-07;2.70602e-06;0.00113574;0.548622;0.00016225
4.56436e-06;0.998078;3.25338e-08;1.66106e-06;1.45211e-06;2.19993e-06;5.23549e-06;0.00140033;5.07372e-09;0.000202282;3.23286e-09;1.74838e-07;0.000217107;8.71383e-05
3.09783e-12;2.33387e-11;1;3.26076e-11;2.23673e-10;9.65418e-12;3.2505e-12;5.77323e-15;2.19291e-14;4.3959e-11;1.61672e-13;2.28932e-10;1.07135e-13;5.54874e-11
4.31529e-07;2.28896e-07;8.7774e-08;3.25223e-09;9.02422e-08;4.8503e-10;1.62535e-09;0.999996;1.04323e-06;7.22362e-10;2.64405e-07;9.5264e-07;7.27424e-07;3.42694e-09
1.3668e-06;0.958105;3.5036e-07;1.67278e-06;2.34847e-05;8.58799e-05;2.70712e-09;0.000302145;4.10143e-08;1.38037e-06;1.23843e-08;0.000288332;0.00302524;0.0381649
0.000965612;0.522375;1.07678e-09;0.000295123;3.59103e-05;2.98506e-05;0.000286744;0.000968888;0.0777053;1.72186e-05;0.0402545;0.0012137;0.352044;0.00380832
2.70953e-05;0.000260312;2.7974e-10;3.41695e-08;9.32657e-09;5.76858e-09;5.34858e-09;0.999694;1.62229e-05;1.82683e-09;1.26728e-07;8.11005e-09;1.52308e-06;8.14344e-07
2.24862e-10;0.000266548;9.70641e-12;3.02905e-09;2.17277e-09;5.37674e-10;2.01908e-08;9.55045e-11;1.74468e-12;6.3996e-07;4.17864e-12;1.8839e-11;4.62749e-11;0.999733
7.16544e-10;1.80033e-12;1;3.15896e-10;2.01911e-09;6.00117e-09;1.35339e-07;1.3765e-10;9.68428e-11;1.28118e-09;6.42872e-10;4.91873e-09;1.78876e-13;8.73072e-09
1.85566e-08;0.000654706;2.68376e-10;2.8165e-08;1.53488e-09;7.9251e-09;2.38048e-07;0.000208121;2.54319e-08;1.20803e-09;2.99934e-05;1.88341e-06;0.999105;8.08033e-10
2.46193e-06;0.999148;3.98629e-05;8.03095e-05;2.87018e-06;1.84587e-06;1.14323e-05;0.000479898;1.70748e-06;4.98556e-06;8.93146e-05;7.61113e-05;2.13937e-05;3.96288e-05
1.17641e-05;0.995005;1.62791e-07;2.83608e-06;5.16171e-06;5.35732e-06;0.000356824;0.00321211;5.36173e-06;9.33195e-05;8.3862e-05;1.56997e-08;0.000425283;0.000793335
1.66437e-11;4.93288e-10;1;1.27734e-11;4.21105e-12;9.20755e-12;5.43315e-10;5.4092e-13;4.85881e-12;2.34995e-11;2.13045e-11;6.11449e-08;1.3031e-12;1.60711e-11
6.0285e-07;0.000141217;2.76749e-10;1.92142e-06;1.59038e-06;1.23625e-06;2.29997e-05;2.29541e-05;0.00017832;3.24429e-07;0.000291315;0.000702904;0.000931596;0.997703
1.05486e-06;0.633887;5.57055e-06;4.59019e-08;9.76605e-06;7.94534e-08;5.33048e-08;0.0317361;7.5886e-08;3.63175e-08;9.59831e-07;0.103858;0.228805;0.00169579
6.74417e-07;0.405236;6.2087e-10;1.0641e-06;0.01433;0.000202038;9.95217e-08;0.532731;4.4016e-06;2.59741e-08;4.34222e-08;0.00843196;0.0369089;0.00215429
0.000203942;0.103907;3.6911e-07;0.000116671;4.55054e-06;1.99658e-05;3.08868e-06;0.675083;0.00357563;6.75874e-07;7.30906e-05;0.0140118;0.20294;6.00198e-05
1.86829e-05;0.997022;0.00224136;2.46134e-05;5.40986e-06;1.1722e-06;6.00973e-09;3.75205e-05;1.26739e-08;7.4913e-08;2.91348e-09;0.000436962;1.95735e-05;0.000193027
1.10561e-06;0.00549502;4.83763e-13;3.36871e-09;2.00058e-06;3.96302e-09;7.52207e-08;0.994296;4.68135e-09;5.02433e-08;1.78024e-09;2.89499e-09;0.000203912;1.63302e-06
3.09237e-05;0.00189857;0.838298;0.00557556;0.00387639;0.0264629;2.91824e-08;4.86367e-06;3.38314e-07;0.000283618;3.29532e-05;0.120735;0.000479408;0.00232177
3.52266e-06;0.00208801;4.17615e-10;2.77511e-09;5.1487e-13;7.3397e-11;0.997473;2.75694e-10;1.07312e-07;0.000427878;6.62313e-06;5.38423e-13;2.97087e-07;5.0491e-07
3.10357e-13;6.65834e-15;1;1.41268e-13;6.92587e-13;1.1122e-13;6.63363e-12;7.72728e-18;6.69554e-13;6.54958e-13;1.92622e-13;2.1954e-12;3.34559e-17;1.78478e-14
