3.01651e-06;0.994178;5.49537e-08;5.87126e-07;6.58618e-07;2.86612e-06;0.000198478;0.00148509;1.23305e-06;5.92068e-05;2.0298e-07;1.96567e-09;0.00400062;6.95853e-05
1.50763e-11;4.73227e-12;1;2.41381e-09;5.21582e-09;5.41221e-10;4.83446e-11;2.5012e-12;3.31545e-12;4.27937e-10;4.03137e-12;6.0729e-08;2.93429e-14;1.92504e-08
4.00509e-07;0.958388;4.0574e-10;1.52729e-05;1.32004e-05;6.86177e-06;2.55639e-06;9.23614e-05;5.03535e-05;7.53234e-08;3.81946e-05;9.08242e-06;0.0413792;4.52842e-06
5.35817e-07;0.999773;3.36266e-09;6.1197e-08;4.50094e-10;9.54639e-10;0.000102796;1.8564e-07;1.03562e-06;1.36002e-07;1.26258e-05;2.31665e-06;0.000107408;1.79225e-09
1.01294e-05;0.303773;0.00012712;0.000266025;9.24498e-06;5.24267e-05;1.69156e-05;2.07276e-05;2.66304e-05;5.26857e-06;0.000226349;0.684811;0.000230799;0.0104245
2.16549e-05;0.981471;3.67694e-10;0.000140178;4.49867e-05;0.000179797;2.32274e-06;0.00180575;0.00140732;1.09193e-06;0.00102889;0.00017655;0.0128954;0.00082513
2.7578e-05;0.0201885;0.0346391;4.39556e-06;1.74657e-06;1.07334e-07;3.31921e-09;6.36821e-05;7.13371e-09;2.3745e-07;9.0006e-07;0.944762;0.000302794;8.62101e-06
4.09315e-05;0.000387686;7.55676e-07;2.51216e-07;0.0148007;7.5904e-07;2.77034e-07;0.984589;1.78337e-06;2.51575e-08;1.18395e-05;5.16244e-05;6.13804e-06;0.000107945
7.686e-06;0.0711004;4.01022e-06;6.5044e-07;9.97154e-05;2.9253e-08;1.30824e-06;0.00132366;5.94294e-06;3.17787e-07;4.36334e-06;0.927294;0.000104367;5.38675e-05
0.000289264;0.0665458;9.12337e-10;1.47667e-06;6.99192e-05;2.23594e-05;2.20242e-07;0.0208573;4.92644e-05;6.05936e-08;0.000210149;0.012735;0.899219;3.98155e-07
2.64071e-07;0.001822;4.82888e-10;8.37608e-08;5.80021e-06;9.74914e-07;1.15062e-09;1.04212e-06;4.1531e-09;2.15721e-09;3.32084e-07;5.82212e-05;0.998108;3.26825e-06
2.54062e-05;0.00666011;9.20863e-06;0.000125993;8.94184e-05;0.000126853;3.69771e-08;0.000204277;8.4746e-07;5.71669e-06;2.45844e-05;0.98161;0.010322;0.000795913
5.55802e-05;0.0419006;5.08429e-07;0.000211304;0.000800609;0.0602614;4.78344e-05;0.821455;0.00401709;1.36986e-05;0.0038974;8.11865e-05;0.0671609;9.69095e-05
1.17061e-05;0.9891;1.07797e-07;8.62454e-07;2.96422e-08;1.17561e-05;7.93447e-08;4.29473e-06;1.9945e-07;5.76107e-07;7.32736e-07;0.000968195;0.00990104;7.37502e-08
1.65668e-05;0.00024427;5.92491e-09;2.21438e-07;2.29136e-06;1.09848e-06;7.77634e-09;1.09482e-06;2.74495e-07;2.79286e-08;2.38374e-07;0.868438;0.131276;1.96096e-05
0.000235931;0.21673;1.84161e-08;1.06543e-06;4.23229e-06;4.33165e-07;0.770585;0.000664639;0.01043;0.00111571;6.12283e-05;2.86729e-07;7.73687e-05;9.39957e-05
1.95759e-08;2.15671e-08;0.999998;7.4719e-09;9.89915e-08;1.26117e-09;8.64646e-09;1.99612e-08;3.18679e-07;1.20694e-09;1.40081e-07;1.03069e-06;1.85458e-07;1.51905e-10
1.77676e-05;0.0352151;3.88804e-10;6.70189e-08;2.85249e-06;5.56818e-08;1.03748e-07;0.925523;7.73584e-06;7.81307e-08;9.46656e-06;2.5124e-05;0.0391616;3.72772e-05
1.69682e-07;0.0124047;1.42187e-07;2.39856e-08;2.03538e-07;2.61426e-07;7.4163e-05;3.80639e-09;1.89844e-09;0.000351802;2.79113e-09;2.43612e-07;3.64659e-08;0.987168
1.87872e-08;1.69119e-10;0.999828;7.69748e-07;5.67404e-08;2.88809e-07;0.000146527;2.23898e-11;1.86267e-05;2.09292e-07;5.34425e-06;1.3924e-07;2.84016e-10;4.9898e-10
1.55831e-05;0.999533;3.7398e-07;6.32449e-08;1.7732e-08;1.6249e-09;1.8779e-06;3.20337e-06;4.05218e-07;1.25127e-08;8.1883e-08;7.33077e-06;0.000438352;1.65919e-08
2.90074e-05;0.593098;2.80088e-07;2.92065e-07;0.00500787;1.19251e-05;2.05872e-06;0.104546;3.98271e-07;2.18941e-05;8.6796e-09;1.57237e-06;0.0921617;0.205119
3.65714e-07;0.00974027;8.59791e-07;3.52686e-06;2.51403e-05;1.25913e-05;1.126e-06;2.64543e-06;5.20266e-06;5.62283e-07;3.50543e-06;0.989717;7.71142e-05;0.000410049
1.128e-05;0.00250006;2.02024e-09;2.14268e-07;6.72082e-06;5.57632e-07;1.68537e-07;0.000994977;2.81361e-06;8.94902e-09;1.11813e-05;0.0413132;0.955158;8.22364e-07
1.10533e-05;0.0234054;0.000193177;3.95265e-06;1.21049e-06;7.3979e-06;1.02187e-07;8.66983e-05;5.79603e-06;3.15536e-07;6.01384e-06;0.965366;0.0108023;0.000110003
1.14963e-06;0.999873;1.42798e-05;3.15004e-07;2.04211e-07;8.00063e-08;9.3525e-09;9.7832e-05;6.45035e-08;8.44387e-08;5.7332e-07;4.22134e-06;8.01746e-06;1.40045e-07
3.06594e-08;0.999185;1.03511e-08;4.10132e-07;0.000102962;3.08329e-08;1.68601e-09;0.000658344;9.19476e-10;8.89058e-07;6.30784e-10;2.11366e-05;2.12037e-06;2.91949e-05
9.87451e-07;0.000320309;0.00115174;0.000372473;0.00124728;0.00761867;1.09636e-06;2.04729e-06;2.59628e-08;0.000397053;5.1231e-06;0.882492;0.000202181;0.106189
1.41076e-05;0.00203067;1.52749e-11;1.59801e-07;1.15431e-06;5.14478e-07;7.34904e-08;0.997817;1.95568e-05;5.61957e-09;1.51979e-05;9.49259e-06;9.2183e-05;1.24774e-07
7.48294e-05;0.00988749;0.983857;5.4891e-06;5.48066e-05;1.58455e-06;8.82859e-07;0.00555149;1.58463e-06;1.85952e-06;1.58442e-06;2.20752e-05;0.000513296;2.60608e-05
6.12849e-10;0.999988;1.35865e-13;2.48065e-10;1.12084e-11;1.64776e-10;6.24337e-06;1.78571e-08;1.1693e-10;3.29686e-07;1.08732e-09;2.07208e-11;1.63415e-07;5.32456e-06
5.90664e-13;6.8272e-14;1;2.71813e-12;9.29099e-12;7.15899e-13;3.02657e-10;1.6365e-14;5.56872e-13;5.28487e-11;3.69843e-12;5.60224e-09;3.88616e-16;8.65025e-12
8.81689e-06;0.974321;2.24743e-06;1.08659e-06;1.14847e-07;2.40806e-06;0.0183697;0.00440209;3.69165e-05;2.24421e-06;0.00022746;2.56748e-07;0.00262508;4.76523e-07
6.15554e-07;0.000929276;1.37378e-10;2.0128e-06;6.33604e-06;9.21445e-07;2.88967e-06;3.53734e-05;2.35994e-06;2.70263e-07;0.000327909;5.17168e-07;0.99869;1.61991e-06
2.15523e-05;0.00104254;2.76493e-08;3.6157e-06;2.4791e-06;2.79541e-07;4.70486e-08;1.47923e-05;3.26001e-06;2.48625e-07;1.66956e-05;0.998611;0.000277139;6.70757e-06
1.70088e-06;0.999454;1.32146e-09;1.55895e-07;1.51158e-07;3.28246e-07;0.000258607;3.52082e-05;1.21351e-07;3.84999e-05;3.94829e-08;1.20814e-09;0.00018963;2.13807e-05
2.33243e-10;2.20706e-11;0.999992;5.89384e-08;4.08836e-06;2.51149e-07;4.61157e-11;1.9452e-09;1.12128e-11;1.14643e-08;2.45338e-11;2.64554e-06;8.64957e-12;1.27799e-06
1.4901e-07;0.0563104;5.49171e-10;1.19854e-06;5.19557e-08;2.18997e-05;1.64729e-06;1.40414e-05;4.10426e-07;1.21119e-07;2.48787e-07;1.54953e-08;0.94365;1.88227e-07
8.25264e-08;0.000212972;0.997336;3.60054e-07;1.45912e-09;1.45334e-10;0.000269808;5.73095e-10;4.18768e-09;8.40434e-05;1.0348e-07;0.00209656;1.24929e-08;2.04702e-07
6.3815e-10;9.18542e-12;0.999999;3.89175e-09;5.10365e-08;1.05707e-08;2.6125e-07;9.31729e-12;2.69126e-08;1.2956e-09;5.69738e-08;7.4421e-08;1.22518e-10;2.90339e-10
2.23385e-08;4.82119e-06;1.46076e-12;3.37044e-12;1.994e-09;8.7759e-10;4.62888e-12;0.999992;1.41495e-09;1.39997e-12;1.87399e-10;5.60326e-08;2.55574e-06;4.09115e-10
8.28665e-08;0.00105056;4.26992e-05;6.17049e-07;1.00068e-05;4.17645e-05;0.000127026;1.12293e-07;1.0437e-07;0.000377876;2.93292e-08;3.30562e-06;1.9675e-07;0.998346
3.91184e-12;3.34068e-12;1;1.33398e-11;9.09362e-12;2.39191e-12;4.05374e-10;4.83268e-13;1.30734e-10;5.78954e-13;2.49005e-10;2.66969e-10;2.92056e-13;1.77821e-13
1.8284e-05;0.00538415;1.83823e-07;5.03767e-07;5.90569e-05;1.69739e-06;6.83043e-06;0.965341;0.0003031;2.27488e-07;0.00068779;7.82141e-05;0.0271056;0.00101313
6.48612e-07;0.99571;2.66851e-09;6.49527e-09;1.0181e-07;7.43302e-09;0.000396529;7.00433e-07;6.29896e-09;4.59169e-05;2.87576e-08;1.45914e-08;2.24967e-05;0.0038238
3.24827e-11;1.71804e-12;1;6.11454e-10;2.65842e-09;4.38269e-09;1.01897e-08;3.77934e-14;3.20247e-10;3.12068e-10;1.54877e-09;5.28584e-08;3.13683e-13;4.44257e-11
9.09489e-06;0.0933807;1.36001e-07;2.21647e-08;9.70817e-09;1.72467e-07;4.87636e-06;9.53522e-06;8.18893e-07;1.30435e-08;9.84659e-07;1.59251e-06;0.906592;2.73341e-08
6.21298e-07;0.00391484;4.13223e-05;1.56913e-06;1.65745e-05;1.52854e-05;3.60998e-07;4.52424e-05;4.5104e-06;1.22944e-07;1.06287e-05;0.995669;2.10938e-05;0.000258949
5.44995e-07;0.0479675;1.44769e-07;1.56844e-06;0.000162782;1.73944e-05;6.86441e-07;0.948726;4.92213e-06;4.08325e-07;4.31224e-06;1.02824e-07;0.00235062;0.000763544
2.25386e-07;0.000606771;1.66232e-07;6.85711e-07;1.19062e-07;1.13535e-06;1.07902e-09;4.82211e-05;3.09006e-07;2.04865e-08;4.22347e-07;0.999211;0.000123013;7.75848e-06
3.44438e-07;0.0003004;8.56776e-13;3.22284e-09;1.76079e-09;9.47168e-09;4.50539e-10;1.4415e-06;7.2872e-08;1.11559e-10;5.57615e-08;4.07096e-06;0.999694;2.94421e-10
4.99184e-05;0.0045101;0.000164969;1.01086e-06;1.06151e-06;2.50629e-06;5.8565e-09;1.16053e-05;3.00962e-06;5.58283e-08;1.76387e-06;0.968901;0.0263407;1.26964e-05
1.44013e-06;0.000994244;4.84417e-07;1.25075e-07;0.000204761;9.69978e-05;1.12742e-08;0.992881;1.78346e-06;3.09214e-07;1.68904e-07;0.00105269;0.00475876;7.13198e-06
6.96293e-06;0.012376;4.43893e-09;2.12136e-05;1.18728e-05;3.26221e-06;4.0479e-07;0.981965;1.53688e-05;5.51546e-06;1.57481e-05;5.91351e-05;0.00551461;4.45551e-06
7.18546e-05;0.99966;6.17135e-10;3.42906e-07;1.49794e-07;2.46797e-09;0.00020777;1.13739e-05;1.24349e-06;9.68189e-06;7.8168e-07;1.13302e-07;3.47865e-05;1.85826e-06
4.60469e-10;1.60932e-11;1;4.54242e-08;3.80443e-08;4.32849e-09;1.09488e-08;6.81262e-13;1.93662e-10;2.60731e-09;6.57937e-11;6.19664e-08;1.0701e-12;8.11096e-09
7.1417e-06;0.0132359;2.42039e-08;2.99748e-07;3.89469e-05;1.82454e-07;6.48798e-08;0.985104;2.42856e-07;5.23128e-08;9.04493e-08;1.18585e-07;0.0013681;0.000244929
5.32531e-08;1.05598e-05;8.38733e-09;3.17391e-06;1.88007e-07;0.00201799;7.09851e-06;2.30229e-07;0.00032084;5.00932e-06;0.00024183;8.79983e-09;0.997392;6.77299e-07
4.93787e-09;1.32251e-08;0.999922;3.82386e-08;4.18018e-09;2.34356e-08;3.31162e-10;5.65446e-11;4.22792e-10;1.21622e-07;7.27793e-10;7.80982e-05;6.0677e-10;5.46383e-08
1.11286e-06;0.998947;7.97691e-09;3.13055e-06;6.18868e-07;1.89376e-06;1.01338e-05;0.000467507;0.000306617;1.28083e-07;0.000209543;6.11053e-08;4.78316e-05;4.83286e-06
