2.24251e-06;0.998497;2.17799e-09;6.3071e-08;1.43441e-06;3.12887e-07;8.36832e-08;0.000910345;5.74139e-07;2.37985e-07;2.2435e-07;9.99741e-09;0.0005729;1.4492e-05
8.4837e-13;2.86816e-11;1;8.1072e-14;4.16135e-13;4.24952e-14;2.73818e-12;1.2156e-14;9.9859e-15;7.19402e-13;4.58173e-15;1.84089e-10;4.35928e-14;2.46805e-14
2.74453e-07;7.42288e-06;0.000221089;9.53044e-08;0.000185072;2.87037e-07;4.66736e-08;0.00278354;1.82145e-06;2.23702e-08;4.74461e-06;0.985082;4.60798e-06;0.0117088
1.59452e-06;0.880968;5.18968e-08;3.58717e-06;0.000486626;4.60551e-06;1.33475e-05;0.0070613;2.56948e-05;5.13909e-07;9.60186e-05;0.000782507;0.109209;0.00134722
1.88274e-05;0.0684753;1.17595e-05;0.0016242;0.0399527;0.0228598;2.45077e-06;0.667276;4.00663e-05;3.61748e-05;6.18063e-05;0.00539235;0.0781383;0.11611
0.000212881;0.122758;7.64152e-05;0.000685198;0.000549794;0.0042278;3.27496e-07;0.325346;0.00011292;1.29856e-05;4.72586e-05;0.536437;0.00679282;0.00274013
9.69215e-05;0.882761;1.95635e-07;4.34881e-05;3.04932e-06;0.000117153;0.00010729;0.00211942;6.74009e-05;2.5625e-05;0.000749964;0.0028428;0.102577;0.00848863
2.19795e-05;0.979689;5.31892e-08;9.25854e-07;2.96428e-07;5.10148e-06;0.000563254;1.60123e-05;3.33337e-07;0.000397631;9.35824e-07;0.000117944;0.00160296;0.017584
3.65384e-10;8.65102e-09;0.999999;6.0639e-09;6.32551e-10;1.54497e-08;4.28403e-07;4.78635e-12;2.42203e-08;1.5634e-09;2.696e-08;5.69499e-08;4.4877e-10;2.97374e-12
8.60642e-06;0.304827;1.30029e-05;3.88191e-07;5.69626e-09;4.94202e-07;1.73058e-06;6.59731e-06;5.58435e-06;2.71209e-08;3.69596e-05;0.0107434;0.684356;2.32673e-07
8.06852e-06;0.0726532;3.54979e-06;4.05984e-06;0.0137911;0.014633;2.52915e-07;0.0302567;6.08097e-07;6.69309e-06;1.88639e-06;0.0279519;0.0230834;0.817606
2.66405e-06;0.790269;1.50243e-06;9.04803e-05;0.00810652;0.00259861;5.75535e-05;0.00317296;0.000942769;1.07469e-05;0.00127921;0.0752131;0.0977035;0.020551
1.72854e-06;0.80395;4.35573e-09;1.21633e-05;4.13924e-05;2.58663e-06;4.93906e-06;9.84713e-05;5.81396e-06;4.86154e-06;2.30717e-05;0.183405;0.0118961;0.000554041
0.000221425;0.983382;0.0025922;0.00119262;9.51018e-05;3.05278e-05;2.13369e-06;0.000447933;6.41171e-05;1.09202e-05;1.41636e-05;0.00967655;0.00192611;0.000344012
0.00917603;0.918315;7.70884e-05;4.4398e-05;4.51231e-05;2.17162e-05;0.000246248;0.0195803;0.0012799;1.97007e-05;7.20986e-05;3.47479e-05;0.0486008;0.00248678
8.1137e-07;0.0356116;6.85477e-07;9.18619e-08;0.000105836;3.15337e-07;7.95029e-09;6.70903e-05;7.57737e-07;6.53255e-09;9.84294e-07;0.964155;4.90759e-05;7.30911e-06
5.6644e-06;0.881046;1.62887e-08;5.92205e-08;5.77702e-05;9.49594e-07;1.83413e-05;0.000145513;6.14353e-08;2.96829e-05;3.11468e-08;1.53675e-07;0.000370551;0.118325
1.64741e-09;3.84641e-11;0.99999;9.7601e-10;9.74984e-08;5.67559e-09;6.93571e-09;2.30346e-09;1.07696e-08;1.27234e-09;3.52896e-09;9.46142e-06;8.93836e-13;1.13781e-08
0.000258749;0.0560412;1.38144e-05;0.000117271;4.80957e-05;0.000103423;5.65929e-05;0.217752;0.599777;1.29093e-06;0.0948726;0.000381521;0.0304978;7.78767e-05
9.1545e-05;0.347311;1.45737e-08;2.1212e-06;2.37999e-07;5.67442e-07;7.70955e-07;0.00979715;0.000479797;1.51961e-06;7.03207e-05;0.00535779;0.636884;3.8455e-06
5.65355e-05;0.146827;2.4859e-06;4.22407e-07;1.72235e-06;1.23353e-06;4.03014e-06;0.00334921;5.01667e-05;1.31085e-06;2.58442e-05;0.833957;0.0157228;1.30522e-07
0.000254752;0.560913;2.76463e-09;0.000774176;0.00760212;0.000504475;0.00877014;4.58453e-05;0.0168062;0.00450794;0.000668203;3.49127e-05;0.0270537;0.372065
0.207798;0.389235;0.000834429;0.00691445;0.00163306;1.18329e-05;0.0102047;0.00190074;0.360498;0.00136683;0.0114173;0.00215221;0.000286819;0.00574623
0.0175971;0.760769;3.92206e-07;2.59425e-05;2.26736e-05;1.58158e-05;0.123259;0.0604693;0.0100124;0.00192184;0.00114559;2.36271e-07;0.00524156;0.0195186
3.16664e-12;5.27987e-14;1;2.95451e-12;8.45922e-13;5.32066e-11;4.14686e-12;3.24242e-15;1.02803e-11;3.58578e-12;1.49491e-12;2.07522e-08;8.42345e-16;1.61949e-11
1.0985e-06;0.964062;1.59683e-09;5.01024e-08;2.25691e-08;4.67369e-07;4.33485e-07;1.05649e-05;2.90864e-06;5.5227e-09;6.76578e-07;4.55636e-07;0.0356862;0.000234998
1.5913e-06;0.218953;7.31818e-05;2.5383e-07;0.000125921;1.82233e-06;5.48328e-08;0.712041;2.84943e-06;4.18074e-07;3.85244e-07;0.0616109;0.00469165;0.00249611
3.74604e-07;0.0672879;4.62896e-06;2.71685e-05;1.30406e-05;0.0331086;1.98881e-06;0.00138124;2.14502e-06;1.02758e-05;2.42962e-06;0.00122412;0.896815;0.000120639
1.73347e-05;0.00115777;0.46012;7.15551e-06;1.53578e-06;1.04129e-06;0.000401867;5.30235e-07;6.23886e-07;0.000165464;1.6389e-07;0.538095;7.71277e-06;2.37002e-05
1.05925e-09;1.71558e-10;1;1.6117e-09;3.82219e-10;2.04384e-09;1.52325e-09;2.93871e-11;5.14377e-09;4.40127e-11;8.5368e-10;1.85915e-09;7.12671e-11;9.3779e-12
5.02927e-08;2.28476e-06;1.511e-11;8.27099e-12;9.49496e-09;6.44451e-11;1.77019e-12;0.999997;9.38507e-10;3.2285e-12;7.07941e-11;3.71637e-09;1.40073e-07;1.82975e-09
5.93366e-09;0.000103882;7.87848e-07;5.74475e-07;5.66272e-05;0.000396724;1.0237e-10;2.34128e-05;5.87224e-09;4.56658e-08;1.49302e-09;0.00941633;5.67504e-06;0.989996
3.10206e-06;0.00349081;3.22858e-08;7.72629e-06;2.15501e-08;1.17729e-07;5.20687e-06;9.46065e-05;0.000149713;6.94932e-08;0.00470746;5.53841e-06;0.991536;3.80802e-08
1.77494e-05;0.0372802;2.4333e-09;1.16165e-06;6.64512e-06;1.46568e-06;3.81631e-06;0.950602;3.95211e-05;7.76013e-07;1.65024e-05;2.56908e-06;0.00571222;0.00631554
1.18869e-06;0.911759;2.425e-09;1.39085e-07;1.13802e-07;1.681e-08;0.000915454;5.7739e-07;2.09803e-08;0.000197171;4.09448e-08;3.90966e-07;1.38463e-06;0.087125
3.26661e-09;1.34362e-09;0.99996;1.45431e-07;4.32101e-08;4.72676e-09;3.45731e-05;6.97505e-12;1.01575e-06;7.0081e-08;2.56275e-06;1.31392e-06;3.90702e-12;2.75667e-10
6.62469e-05;0.996295;1.30147e-09;1.27668e-06;6.16108e-08;1.66658e-06;0.000726691;0.000366791;0.000422548;5.94531e-07;0.000104953;9.97801e-08;0.00199096;2.28208e-05
4.84301e-05;0.0343616;2.64954e-05;1.36265e-06;4.43047e-06;1.34087e-07;4.13442e-06;0.000912448;0.000194559;8.53311e-08;6.18819e-05;0.956086;0.00829833;1.07258e-07
2.18112e-05;0.882048;5.75831e-05;0.000123784;0.00743712;3.72213e-05;3.72461e-07;0.0147211;5.77069e-05;8.50926e-05;9.56618e-06;0.00310186;0.000705732;0.0915934
1.03656e-05;0.00451429;2.95991e-09;0.000418449;1.81943e-06;0.00315673;2.56096e-05;3.15972e-05;0.0140867;4.6416e-05;0.00550256;1.85999e-05;0.972147;4.00984e-05
3.10833e-06;0.000454982;0.999348;1.37144e-06;4.4147e-08;5.20234e-08;4.5386e-09;1.90102e-06;1.03695e-08;3.1332e-07;5.1138e-09;0.000183681;1.91522e-08;6.43282e-06
1.17364e-06;0.998516;3.95262e-09;3.04349e-05;8.62096e-08;4.58354e-06;9.46922e-06;8.22903e-05;0.000334333;3.92595e-08;0.000362073;1.25653e-05;0.000630721;1.61484e-05
5.2708e-05;0.990639;8.51878e-06;3.69039e-05;0.000728552;2.11268e-05;4.22128e-06;0.00558552;5.64834e-05;2.03067e-05;2.59059e-05;0.000305713;6.25088e-05;0.0024527
5.14215e-08;2.01415e-06;3.54313e-09;1.9131e-09;2.46305e-05;6.5037e-10;3.24652e-11;0.999972;2.56968e-08;9.58688e-09;3.87266e-09;1.10259e-08;2.22914e-07;5.45914e-07
2.50176e-07;1.20717e-05;0.999784;4.70036e-06;2.30993e-05;8.18039e-08;3.54174e-10;7.27159e-07;1.28308e-08;2.49531e-06;1.04536e-07;0.000168697;3.04723e-07;3.24089e-06
1.17187e-05;4.51387e-05;2.2416e-06;1.79376e-06;4.17342e-08;5.42731e-08;0.000148211;0.000246757;0.0757594;6.71627e-07;0.923635;2.63106e-06;0.00014621;1.68842e-08
