9.15535e-06;0.999299;1.39091e-08;1.44997e-06;4.67775e-07;5.34304e-07;3.35283e-07;0.000370795;1.71283e-05;3.54314e-07;6.47757e-06;4.29048e-06;0.000281023;8.68612e-06
5.79705e-05;0.0012623;2.05602e-06;8.86144e-08;2.13657e-06;4.24507e-08;3.72218e-07;0.998613;5.25355e-05;4.92472e-07;1.70524e-07;6.72708e-07;1.63078e-06;6.91253e-06
4.56383e-06;0.9965;3.7637e-09;3.3148e-07;1.65885e-06;2.91766e-08;0.00278073;0.000167066;4.1853e-05;2.48772e-05;6.5475e-07;2.28307e-05;3.92665e-06;0.000451223
2.20812e-08;1.07072e-08;0.999988;1.13598e-08;1.11054e-08;8.2139e-09;8.84989e-07;1.85282e-09;8.32415e-08;1.12622e-09;1.54914e-08;1.03928e-05;6.45825e-08;6.6627e-10
4.86565e-06;0.915998;5.86823e-07;2.33193e-06;9.82088e-06;4.72474e-06;1.35866e-06;0.000168768;3.91609e-05;2.53685e-09;0.000214874;0.00385097;0.0797029;1.85639e-06
1.27607e-06;0.0740807;3.29268e-05;2.52594e-05;0.0773159;0.00010712;1.70087e-09;0.440071;4.78755e-06;1.80713e-06;1.82301e-06;0.000252926;0.000157026;0.407948
4.34934e-06;0.872557;9.40754e-10;1.26228e-05;8.37332e-06;4.44112e-05;7.64464e-08;0.000176589;0.000164318;9.09955e-08;0.000507523;0.046177;0.0799624;0.000385392
8.62746e-06;0.0153022;3.9848e-08;1.94096e-08;1.33547e-06;4.28709e-07;1.30885e-08;0.971691;1.79904e-06;3.33372e-08;1.51121e-06;0.00109202;0.0119011;1.05419e-07
4.00878e-06;0.984527;8.07078e-07;1.70019e-06;2.62756e-05;0.000419924;2.47332e-05;0.0029263;1.34523e-05;5.65271e-05;2.06574e-05;1.12287e-07;0.00815425;0.00382415
4.30666e-10;1.9123e-12;1;1.57652e-11;1.84727e-09;9.88806e-12;1.02743e-09;4.76268e-12;2.21677e-11;4.30214e-11;2.54787e-10;6.38239e-08;7.10944e-13;3.16454e-11
5.91224e-05;0.875652;0.000974754;1.87174e-06;3.09973e-05;9.18826e-07;0.000219707;0.102956;0.000874136;1.63365e-06;0.000563627;0.017874;0.000511755;0.000280211
3.71427e-05;0.120832;1.374e-07;1.45819e-06;0.000285328;0.000126314;4.52933e-06;0.806119;0.000197383;3.48546e-06;0.000397439;0.00939699;0.0625706;2.8238e-05
8.83386e-06;0.000269697;1.07181e-08;1.0733e-06;5.0045e-05;8.05106e-06;7.07513e-08;0.344672;2.04217e-05;7.4602e-08;1.96349e-05;1.21652e-05;0.654871;6.70859e-05
4.38373e-06;0.000373632;3.89506e-05;4.43368e-07;2.40653e-07;2.30703e-08;1.09231e-08;1.41849e-05;2.75569e-06;4.5594e-08;7.53295e-07;0.999215;0.0003483;1.31584e-06
2.11344e-06;0.0259009;5.30857e-07;6.1982e-09;1.60257e-06;4.36125e-09;5.52012e-10;0.974055;3.2252e-08;5.77265e-09;1.32853e-08;2.62732e-05;1.37558e-05;9.41741e-08
7.92745e-10;0.999849;1.73318e-11;1.65673e-10;1.78222e-09;2.74292e-10;9.3077e-06;8.52418e-09;4.05345e-11;9.91825e-07;2.47771e-10;2.43901e-12;1.60601e-08;0.000141054
2.6306e-12;8.37725e-13;1;2.12324e-11;2.39781e-09;4.6427e-10;2.80578e-10;7.36455e-14;1.6487e-13;4.26284e-10;1.70529e-12;6.84754e-09;1.81742e-15;1.3989e-09
3.2742e-05;0.965922;0.000134936;0.000446846;6.33902e-06;6.70471e-05;0.0162169;0.000377084;0.000771506;2.39031e-06;0.000897323;6.49079e-06;0.0151164;2.48333e-06
3.52712e-05;0.144743;2.11468e-07;1.71215e-05;6.01137e-05;1.20164e-05;3.14025e-08;0.850748;3.64806e-05;4.92045e-07;1.2639e-05;0.000140501;0.00417916;1.49829e-05
4.74655e-08;0.934419;2.30187e-10;7.73599e-07;3.12985e-06;1.61553e-06;0.000296604;1.12818e-07;1.2376e-08;0.000764883;2.71857e-08;2.196e-08;9.97661e-07;0.0645124
8.04225e-12;1.94373e-11;1;7.80092e-12;5.66122e-11;1.82525e-12;5.35121e-10;2.59048e-13;3.69462e-12;4.53188e-11;4.58491e-12;8.17126e-08;1.81783e-13;5.13568e-13
8.42661e-06;0.153115;1.88741e-05;3.85132e-06;4.30958e-07;2.16462e-05;0.0103516;0.204022;0.00142286;4.27566e-05;0.00402797;8.68307e-08;0.626965;2.65829e-07
1.70133e-10;4.5913e-09;1;6.05486e-09;6.62461e-10;1.79101e-10;2.85615e-09;3.13675e-12;5.22641e-10;1.38956e-09;6.80395e-10;8.68139e-08;4.3375e-12;1.80105e-09
3.68844e-05;0.633009;2.20005e-05;0.000395124;5.03657e-05;0.000241376;1.05149e-06;0.00576098;0.0148131;3.23343e-06;0.000436457;0.34469;0.00031653;0.000224277
7.58232e-07;7.88821e-05;2.0382e-09;3.4523e-09;1.13142e-07;2.24224e-06;1.61099e-09;0.000518267;2.48587e-08;3.97613e-09;4.04499e-08;2.22121e-07;0.999398;1.10784e-06
5.48972e-08;0.00165262;2.81628e-06;6.27822e-07;9.32333e-06;1.38185e-05;3.53277e-09;2.15144e-07;7.01035e-08;9.97686e-09;1.21074e-07;0.998024;3.81189e-05;0.00025781
1.24546e-06;0.576166;3.61542e-06;1.161e-07;0.0107251;2.48487e-07;1.41126e-09;0.410269;3.89996e-08;9.73431e-09;7.3903e-11;6.41872e-05;0.00144796;0.00132201
1.76479e-07;2.89226e-05;1.41056e-07;2.41969e-08;0.114645;1.24268e-08;6.58842e-10;0.885323;9.41181e-08;2.31766e-08;3.66661e-09;1.06237e-06;1.12722e-06;9.82655e-07
2.72431e-07;3.83612e-06;0.999862;7.92397e-07;3.16311e-05;2.82864e-06;3.98936e-10;1.20647e-07;4.567e-09;2.0096e-07;2.41745e-09;9.2251e-05;3.95466e-06;2.21594e-06
2.9555e-06;0.986362;5.85681e-07;1.30026e-06;3.80837e-07;5.97861e-07;1.09231e-07;0.0123616;7.424e-06;3.03447e-08;5.99103e-06;0.00042896;0.000815009;1.29681e-05
