6.3681e-05;0.920822;4.88012e-08;9.22988e-07;5.27212e-05;1.9294e-06;1.07832e-05;0.0525243;5.67299e-05;4.87363e-07;2.1018e-05;0.00177104;0.0246081;6.63405e-05
4.09343e-05;0.191597;0.000601686;1.01894e-05;0.00132937;0.000398159;8.92225e-07;0.119388;1.73475e-06;2.89519e-06;5.1032e-06;0.442344;0.236103;0.00817654
7.51843e-07;0.00250848;1.72018e-07;0.000311198;0.00158799;0.11388;1.87756e-08;0.00472012;1.74232e-05;1.73039e-07;1.89478e-05;0.00162157;0.000705273;0.874628
8.71854e-05;0.947617;7.10052e-07;1.4454e-07;6.33036e-10;4.2617e-08;2.36617e-06;2.23689e-06;9.06475e-08;2.85575e-08;1.70448e-06;0.0518377;0.000449726;1.55347e-06
2.65128e-05;0.013545;1.02571e-06;0.000308192;0.0487823;0.00275804;6.6805e-06;0.0082625;0.00117896;1.44093e-06;0.000595562;0.89913;0.00250471;0.0228994
4.99843e-05;0.913646;0.0031396;0.000120662;9.74721e-05;1.30973e-05;8.82759e-07;9.44655e-06;4.99976e-07;7.69328e-06;9.27572e-06;0.000701117;0.0821463;5.77773e-05
5.74135e-05;0.00809791;0.00012607;3.19218e-06;6.11846e-06;1.32332e-05;5.10042e-07;0.000109449;7.66638e-05;1.2703e-07;0.000182991;0.953891;0.0374134;2.17319e-05
1.63989e-06;0.993876;2.50801e-06;1.43244e-07;7.08505e-06;5.17695e-08;4.04947e-07;0.00578471;5.62182e-07;4.69428e-08;1.26079e-06;8.99473e-05;0.000235453;4.15989e-07
2.44272e-06;0.750091;9.02664e-08;3.27113e-05;5.02882e-05;6.00605e-05;3.21544e-07;0.000128915;2.7369e-06;6.61147e-06;2.8292e-05;0.0755399;0.173956;0.000100611
0.000165609;0.0277436;7.10613e-07;2.72798e-06;0.000199528;0.00161088;1.74573e-05;0.89174;7.01228e-05;1.8411e-05;4.03098e-05;0.0011373;0.077233;2.07986e-05
1.38326e-05;0.99764;6.29415e-08;3.06319e-07;8.45703e-08;8.84579e-08;0.00158367;0.000528843;3.97785e-06;0.000135799;3.18616e-06;3.3099e-05;3.66543e-05;2.07541e-05
4.70715e-09;4.78814e-09;0.999994;1.36705e-08;1.44456e-08;1.72389e-09;5.8445e-06;4.37936e-11;5.34236e-08;5.85754e-08;3.8259e-09;2.69195e-08;2.8023e-10;4.12966e-09
6.69328e-07;0.999939;9.31185e-08;1.83028e-08;5.32916e-09;1.55227e-10;1.38509e-05;3.27985e-05;1.66902e-07;1.64617e-06;1.13232e-07;1.94478e-07;3.06217e-07;1.09082e-05
2.92453e-12;5.76769e-10;1;4.92865e-12;1.45096e-12;1.46534e-11;1.07589e-12;3.89825e-14;9.07679e-14;1.70999e-12;2.05103e-13;3.49352e-07;1.2903e-09;1.35582e-11
2.38872e-07;0.00840246;0.000882809;1.4286e-07;1.86149e-06;4.3923e-08;4.60277e-08;0.459974;6.26062e-07;2.77066e-08;1.86291e-06;0.52919;0.00048725;0.00105867
2.4434e-11;0.951355;7.98421e-13;6.74336e-09;3.91655e-09;1.3888e-08;7.68448e-08;3.59144e-09;4.94339e-11;6.05178e-07;8.28478e-10;1.027e-11;1.18921e-08;0.0486439
0.000152865;0.089275;0.0963332;0.000716574;8.64994e-05;4.3925e-05;0.161962;0.0286789;0.0603647;0.000269562;0.159346;0.215844;0.186926;7.27237e-07
