3.85284e-05;0.849782;4.8115e-08;2.43493e-07;4.78907e-05;5.21425e-06;2.01804e-07;0.00279657;1.12654e-06;8.79804e-08;9.30699e-07;2.82932e-05;0.146407;0.000892241
1.07198e-07;0.0188597;1.04267e-06;1.11567e-06;2.75529e-05;5.73433e-06;5.27562e-06;1.70005e-05;1.04362e-07;5.19699e-05;7.46056e-09;1.40362e-08;2.69064e-06;0.981028
4.33756e-11;1.17459e-10;1;8.69076e-12;3.14237e-12;1.03382e-12;1.76559e-10;1.24927e-12;5.59398e-11;3.02818e-12;2.51374e-11;6.65734e-09;7.3591e-14;8.94985e-14
0.000817747;0.0642286;2.71409e-09;1.1286e-05;1.58692e-05;6.16029e-05;0.000315357;0.00487617;0.127673;2.18812e-06;0.0247623;0.000548109;0.771202;0.00548609
0.000104683;0.701551;2.13649e-06;5.49475e-08;1.82675e-07;3.64355e-08;3.85465e-06;0.0899631;4.57875e-05;1.13194e-07;4.38542e-06;0.100172;0.108152;2.29724e-07
6.07688e-06;0.274042;2.59108e-06;5.20233e-05;0.000909965;0.000596846;1.94769e-05;0.000925257;7.42791e-06;0.000341237;9.27087e-07;0.64037;0.0613366;0.0213899
1.29193e-05;5.47282e-05;1.48318e-08;0.000248038;5.29827e-05;4.91848e-06;0.000236485;1.71491e-05;0.994683;1.96411e-06;0.00455255;9.43145e-05;3.54439e-05;5.28711e-06
0.00108871;0.867606;0.049302;6.08872e-05;7.18399e-06;5.71143e-06;6.78388e-05;7.75305e-07;1.59022e-05;5.8035e-05;5.04131e-06;0.0172708;0.0643013;0.000210001
8.84775e-06;0.00477816;1.0554e-08;1.64145e-07;1.40575e-05;6.75244e-06;1.76078e-05;3.78476e-05;5.70449e-05;8.75932e-08;3.99821e-06;0.987048;0.00777239;0.000254828
9.38294e-06;0.02944;7.56548e-08;6.30867e-07;0.00501727;4.6387e-06;3.78699e-07;0.11699;5.6732e-06;7.78131e-07;2.49044e-07;0.0781427;0.769315;0.00107394
5.01903e-06;0.00653213;8.92226e-12;6.64899e-06;9.97083e-07;0.000207581;4.76562e-07;1.52861e-05;0.000390026;1.6383e-06;1.63445e-05;5.10204e-06;0.992811;7.53109e-06
8.81421e-05;0.000230514;0.993309;2.4563e-06;5.94099e-07;1.6629e-06;5.76449e-09;0.000182054;1.17536e-07;5.35315e-07;1.04891e-08;0.00617929;1.69242e-06;4.05769e-06
2.39728e-06;0.986605;2.76707e-08;1.33289e-07;1.39136e-06;1.26821e-06;1.79787e-07;0.0130003;2.76913e-06;2.47789e-08;5.56434e-07;1.60701e-06;0.000193097;0.000191498
3.71237e-07;0.999153;3.10983e-09;2.66935e-08;2.35202e-08;3.34237e-08;3.62867e-05;2.47105e-08;6.29065e-08;8.83855e-06;7.00122e-08;5.45506e-07;0.000733408;6.72501e-05
4.11027e-08;1.26556e-06;0.999753;1.12096e-06;1.14396e-06;4.54982e-08;0.000234394;6.72634e-10;4.85357e-06;3.41637e-06;9.37681e-07;1.63522e-07;3.00807e-09;4.83154e-08
7.54739e-07;0.99876;7.27998e-07;1.94245e-06;6.00478e-09;2.52626e-09;6.91189e-08;2.09561e-05;5.33791e-08;1.25053e-08;1.31815e-06;0.000584397;0.000629812;9.68979e-08
0.000186343;0.725022;2.68937e-07;7.20549e-06;2.7172e-05;4.65919e-07;5.5442e-05;0.268597;2.64094e-05;7.71812e-06;5.644e-05;0.000294061;0.00508319;0.000636107
3.77232e-08;0.0011976;4.20479e-06;3.15095e-07;3.55321e-06;5.8067e-06;7.01408e-08;2.45925e-06;7.63654e-09;1.01369e-08;5.59357e-07;0.99833;0.000390207;6.5049e-05
1.82095e-06;0.612093;0.000174542;1.56136e-06;0.00187833;4.17285e-05;1.12316e-07;0.0112651;5.22028e-08;1.51417e-06;2.20972e-07;0.00947262;0.362374;0.00269493
1.40386e-05;0.816947;1.81585e-06;0.000241631;0.0278748;0.00317269;3.18673e-06;0.00651338;2.44878e-06;0.000190141;1.74004e-05;0.0180137;0.0258157;0.101192
0.00261842;0.79167;9.92458e-06;5.67851e-05;8.65441e-07;4.50196e-06;0.000118619;0.0124558;0.00531073;7.05042e-06;0.00635605;0.160206;0.0211845;1.72078e-07
0.00105775;0.0909713;1.10198e-05;1.39198e-06;1.0505e-05;2.81597e-06;1.36512e-06;0.907046;2.92149e-06;8.55719e-06;2.39397e-06;0.000197907;0.000384218;0.000301706
7.28994e-06;0.0140718;2.52477e-05;6.3747e-05;0.000135644;0.000259953;2.78019e-06;0.000305953;0.000246231;4.20662e-06;0.000189652;0.980427;0.000243398;0.00401718
2.4797e-06;5.60515e-05;0.999903;9.4298e-08;9.91335e-07;1.70851e-07;1.7996e-09;1.02727e-05;1.08785e-08;2.62734e-08;5.3778e-08;1.20941e-05;1.49856e-05;1.16961e-08
2.30105e-08;0.999999;8.49678e-13;1.28681e-11;3.80082e-08;6.87674e-11;5.8583e-07;9.36446e-09;3.42253e-10;1.04315e-08;1.58071e-10;1.07658e-11;2.43621e-08;4.83449e-08
4.1678e-12;1.92635e-13;1;7.07995e-14;4.67606e-08;7.70052e-13;1.80297e-13;5.85964e-12;2.74311e-12;1.92488e-13;5.58206e-15;2.59733e-08;4.87298e-16;2.60977e-12
1.86349e-06;5.57451e-06;3.46794e-08;2.86317e-09;2.08153e-06;1.02019e-06;1.64116e-08;0.999493;0.000115578;1.13697e-08;5.98384e-08;3.02712e-05;0.000350569;1.86654e-08
3.10306e-08;1.28544e-06;1.48738e-11;1.74642e-09;1.26948e-07;4.40029e-09;2.98992e-10;0.999948;2.7032e-06;1.67343e-10;9.52718e-08;3.23732e-10;4.81343e-05;3.0063e-09
2.77219e-06;0.000285864;1.44009e-06;1.30185e-06;1.54333e-06;1.47472e-07;1.01731e-07;6.85525e-05;3.10366e-05;2.99027e-07;6.76428e-06;0.999232;0.000255311;0.000113445
3.74851e-08;0.999969;9.95544e-08;1.57265e-08;2.20575e-08;7.62509e-10;3.59585e-10;3.21297e-06;3.68309e-10;8.10502e-10;8.59778e-10;2.31025e-05;4.42843e-06;1.79179e-09
6.80523e-07;0.999686;1.85488e-08;1.40949e-08;2.72291e-08;5.42577e-08;4.34554e-08;1.81765e-06;4.02354e-09;4.29222e-08;1.30147e-09;5.46351e-06;0.000305586;1.14097e-07
1.62392e-06;0.00265614;3.9072e-09;2.00462e-06;4.46117e-06;0.000120506;9.37245e-09;1.23291e-06;1.19851e-06;3.16961e-07;2.85206e-06;0.994614;8.62824e-06;0.0025874
0.000329614;0.967757;0.00393484;9.8126e-05;0.00139667;1.6964e-05;1.45717e-05;2.80266e-05;2.40753e-06;7.58782e-05;1.81451e-05;0.0114267;6.50601e-05;0.0148362
5.20722e-09;3.72893e-10;0.999998;2.26616e-10;6.78066e-10;3.04557e-10;2.16144e-09;3.78814e-10;2.70386e-09;1.52868e-10;8.53906e-10;1.68681e-06;2.00623e-10;1.29819e-12
0.000855965;0.0155668;0.000128912;4.26541e-05;0.00564862;0.0018215;4.93862e-05;0.890827;0.00321822;4.32138e-05;0.00891243;0.0119293;0.0607576;0.000198531
1.55404e-07;4.19117e-05;1.44363e-11;2.68811e-08;1.12639e-06;3.85191e-08;4.26914e-09;0.986516;7.04871e-07;2.86331e-09;6.23521e-06;2.29991e-07;0.0134328;4.36187e-07
1.045e-06;3.26629e-05;4.01742e-07;5.56369e-07;9.28178e-08;8.14742e-09;3.05604e-08;2.37985e-05;2.22868e-06;1.17657e-07;3.67843e-06;0.999836;5.52537e-05;4.41133e-05
1.54876e-07;0.999932;3.47756e-06;2.42749e-07;9.41447e-08;7.43345e-09;1.40045e-09;3.68432e-05;4.85909e-10;8.54567e-09;2.42858e-09;1.96716e-06;2.46527e-05;6.79648e-08
9.55761e-06;0.0117794;5.06527e-08;3.19992e-06;0.000225869;0.000169587;1.0535e-07;0.00429391;1.63413e-07;2.58489e-07;6.71611e-08;1.10678e-05;0.983363;0.000143771
0.000225464;0.217003;1.34016e-05;0.00654289;0.386279;2.69586e-05;0.000123104;0.0129394;0.00423936;0.000190871;0.159533;0.173309;2.44612e-05;0.0395499
4.46331e-06;0.226412;0.0121022;1.34927e-05;2.81088e-05;3.31989e-07;2.72915e-06;2.7534e-08;2.00589e-09;9.17792e-05;2.27495e-07;1.03643e-07;4.45517e-07;0.761344
1.08532e-08;4.93454e-11;0.999942;8.80379e-11;4.57595e-10;3.2672e-11;9.81752e-09;1.24591e-09;2.54437e-09;2.18721e-11;3.20709e-08;5.79921e-05;7.24739e-11;9.1806e-11
0.000129502;0.0212688;8.30763e-06;1.21873e-06;6.05927e-05;0.00133351;4.24434e-06;0.582823;0.000602398;1.53094e-06;0.00165314;0.0113229;0.379133;0.00165822
1.12622e-07;6.07761e-05;9.81583e-10;4.68177e-08;4.307e-06;3.26754e-07;9.2667e-10;0.908574;2.61596e-07;2.94675e-09;2.66481e-06;3.8789e-05;0.0913179;1.02771e-06
6.17067e-06;0.00415618;4.90918e-06;1.30234e-05;2.16031e-05;7.84462e-07;1.48772e-06;0.0013341;5.77786e-06;5.87094e-06;1.41132e-05;0.992417;0.000546661;0.00147226
7.15437e-07;0.997577;0.000513201;5.12926e-07;3.10792e-06;1.69409e-07;4.25612e-08;0.000442652;3.87322e-09;3.26988e-07;2.9363e-08;3.48049e-06;0.00145831;7.36009e-07
2.46924e-09;7.6115e-08;1;4.09806e-09;3.54813e-08;8.05657e-10;2.7191e-08;2.5285e-09;1.42057e-10;3.27859e-09;8.22522e-10;7.95925e-09;5.57451e-10;5.02317e-08
2.92183e-08;2.64717e-07;6.43549e-05;5.20436e-07;5.79893e-07;5.00424e-07;1.88677e-10;7.36011e-07;6.13325e-07;2.71945e-09;8.45176e-06;0.999875;1.26225e-07;4.89083e-05
1.42896e-05;0.993784;2.51659e-07;6.59894e-07;5.76223e-06;1.98446e-05;1.18784e-07;5.41055e-05;4.29334e-06;2.23818e-07;0.00026671;4.72561e-05;0.00533836;0.000463794
3.36321e-07;0.995072;3.42657e-07;1.81594e-08;2.68869e-06;2.63691e-06;4.52968e-08;0.000442885;6.0146e-10;2.87123e-06;1.46423e-09;8.82953e-08;0.000164253;0.00431168
1.78205e-13;3.60509e-15;1;1.10515e-13;1.78394e-08;1.3274e-11;7.95168e-16;1.29381e-12;1.36112e-15;3.07337e-14;2.73956e-17;3.71977e-09;6.86682e-15;1.48494e-10
2.71972e-08;1.85398e-08;2.54909e-05;6.41918e-09;8.74619e-05;4.34594e-07;3.95606e-12;0.999852;4.09534e-08;2.82153e-11;1.48935e-09;3.28384e-05;1.19721e-06;2.95181e-07
7.05432e-10;0.999986;5.91484e-13;1.42213e-10;1.07746e-09;4.93367e-11;5.83407e-10;9.07457e-07;2.48134e-11;6.18161e-10;4.44307e-11;4.72726e-11;8.3532e-08;1.26184e-05
4.47474e-06;0.185488;6.89348e-08;1.79589e-05;1.61001e-05;8.73256e-07;0.00229329;0.498718;0.000240979;1.75679e-06;0.000401879;2.09519e-06;0.312815;6.53657e-09
6.85741e-07;0.675904;8.91265e-06;6.84517e-06;5.22256e-07;7.14197e-06;3.32314e-07;1.85682e-08;1.46058e-10;1.28339e-06;7.11007e-09;9.95104e-05;0.323971;3.42243e-07
6.57225e-06;0.011185;1.05473e-06;4.29094e-06;5.20493e-06;2.65096e-05;7.11965e-05;1.10489e-05;1.15158e-06;6.3116e-07;7.83876e-06;0.981903;0.00624545;0.000531063
4.4448e-05;0.0158036;4.24775e-07;1.12603e-05;0.139024;0.000733395;7.5724e-06;0.692051;1.99317e-05;1.75655e-06;4.50145e-06;0.00337025;0.145579;0.00334878
1.13091e-06;6.94944e-05;8.29436e-13;2.62453e-08;2.26165e-08;3.65344e-06;1.895e-08;1.90098e-06;6.21983e-06;6.08259e-08;1.4284e-07;8.19082e-07;0.999917;2.10546e-08
7.0665e-08;1.21831e-05;0.999959;3.01694e-08;1.26182e-09;2.31248e-08;1.32416e-10;1.00276e-08;1.09814e-09;1.78855e-08;2.02582e-10;2.88504e-05;6.34098e-08;1.3624e-08
7.1203e-07;0.999179;1.3741e-06;1.98196e-06;1.2807e-06;2.08427e-06;1.14309e-06;0.000136027;3.47583e-06;6.02729e-08;4.34341e-06;5.48163e-07;0.000648214;2.01806e-05
1.52104e-06;0.999758;1.21149e-07;1.33097e-07;1.24622e-06;3.37225e-09;9.9106e-09;0.000121631;6.05017e-07;1.7206e-08;1.74039e-07;3.08443e-06;0.000113543;1.51308e-07
6.87955e-08;0.993088;7.34384e-10;1.76617e-06;5.59027e-05;1.0962e-09;1.1757e-09;0.00682253;2.68815e-08;2.73407e-07;8.65902e-09;2.97864e-05;3.64381e-07;1.07458e-06
1.17926e-06;0.00123916;0.000245967;6.98811e-05;3.00581e-05;8.7384e-06;1.7715e-06;3.57714e-06;8.04671e-09;0.000270264;2.18762e-06;0.997205;1.92238e-06;0.000919746
4.52673e-05;0.000251567;8.63713e-11;2.19989e-07;2.47356e-07;4.08922e-08;7.94325e-07;0.976212;1.40447e-05;4.308e-09;0.000394798;1.4539e-06;0.0230791;6.87869e-08
4.78563e-06;5.45206e-05;2.52918e-05;7.26305e-07;9.53465e-07;3.50729e-08;2.35813e-08;3.48173e-05;2.73275e-06;2.86372e-08;3.66283e-06;0.999719;6.84063e-05;8.53932e-05
9.5011e-07;0.00083657;9.71613e-09;3.9304e-09;1.64472e-05;1.51546e-07;2.71835e-10;0.999048;9.18686e-10;9.83962e-09;1.89652e-09;4.13183e-07;1.87966e-05;7.91361e-05
5.14105e-09;0.0022491;4.29769e-06;1.43946e-06;8.53386e-06;4.88959e-06;2.93539e-09;1.37557e-06;1.24205e-08;2.41666e-08;1.24336e-07;0.996951;5.25813e-06;0.000774103
9.45378e-05;0.0417019;1.08374e-06;0.000110528;0.000336504;1.50297e-05;0.000124415;0.0262245;1.4158e-05;3.53307e-05;0.000332382;4.6367e-07;0.930972;3.74206e-05
0.00124418;0.00156489;1.43682e-05;0.00814491;0.962091;0.00284354;8.1124e-07;0.000233065;5.52728e-05;4.74473e-05;0.000208274;0.0185382;0.000158775;0.00485526
5.33669e-05;0.999493;1.54325e-12;3.74828e-09;5.55417e-08;5.3083e-08;0.000419993;1.64235e-06;1.72727e-06;7.91942e-06;1.21823e-08;2.10797e-13;1.05265e-05;1.18248e-05
1.42931e-12;3.82183e-16;1;5.42022e-14;1.55893e-11;8.22572e-13;1.15854e-13;1.76883e-16;8.35978e-13;1.77303e-12;1.41441e-15;7.28308e-09;5.76595e-18;1.8566e-12
2.1158e-05;3.00095e-05;1.99594e-07;8.36721e-07;1.95429e-05;3.58547e-06;2.93204e-06;0.0673334;0.931164;9.11225e-07;0.00140622;1.10629e-05;5.84238e-06;3.2373e-07
