6.50004e-07;0.96661;5.15343e-10;9.64386e-08;1.25055e-06;1.35119e-06;1.01176e-08;0.00150995;1.50741e-07;1.68022e-09;2.66562e-07;4.05141e-05;0.031824;1.15022e-05
1.07313e-06;0.00470431;7.94134e-05;1.17414e-06;4.31974e-06;1.16226e-06;3.24196e-08;0.0042354;6.27208e-07;6.03038e-07;1.74469e-06;0.990623;0.000333638;1.3533e-05
1.20458e-05;0.0331024;7.36298e-07;0.00249194;0.000881252;0.0260321;1.30451e-05;0.00203734;0.00205923;5.57986e-06;0.00178133;0.00655179;0.924334;0.000697479
5.90808e-05;0.997841;1.30084e-08;6.12807e-08;9.43078e-10;5.42388e-08;3.28937e-06;2.70986e-07;1.36611e-07;4.03486e-08;3.29632e-07;0.000203877;0.00189179;1.05805e-08
1.21057e-06;0.00279326;3.91789e-08;8.98497e-08;1.58566e-06;8.29424e-07;3.49013e-08;0.00816223;2.30379e-06;1.67507e-08;3.30473e-07;0.988668;0.000370469;2.07074e-08
5.75229e-06;0.689876;2.25157e-07;0.000346361;5.65513e-05;0.000398803;1.99509e-06;0.00100281;0.000389686;8.81574e-06;0.00118219;0.00282252;0.303738;0.000169725
9.52229e-06;0.00782011;7.19247e-07;6.64634e-06;1.93584e-07;2.70717e-06;3.07194e-06;9.3601e-05;6.81476e-05;1.92171e-06;0.000154155;0.00306351;0.988775;9.47416e-07
3.11972e-05;0.0159585;1.04714e-07;5.09852e-06;0.000256253;3.51025e-05;6.73555e-06;0.953895;0.000175394;2.17411e-05;0.000619184;5.68383e-07;0.0289227;7.27746e-05
2.34167e-05;0.904719;4.92364e-08;9.88821e-07;4.02241e-07;3.7584e-08;0.0738645;6.49061e-05;2.7378e-07;0.0191718;1.07187e-06;4.90195e-07;2.24698e-05;0.00213071
3.04993e-08;2.29026e-10;0.999984;1.43162e-07;3.39353e-07;4.45255e-10;8.53656e-06;1.66952e-12;3.56322e-07;1.1908e-06;4.79038e-07;4.61736e-06;9.13176e-13;4.86297e-09
1.32743e-06;0.999851;9.81446e-08;1.14192e-07;1.7328e-07;3.76376e-09;6.32285e-07;6.7629e-07;3.97553e-07;6.75698e-08;1.01647e-07;3.6093e-09;0.000145585;3.47365e-08
7.62366e-07;0.00960333;1.74411e-09;4.08703e-07;2.02553e-06;2.93064e-05;2.6786e-07;0.000131259;1.28245e-05;3.16014e-07;1.11117e-06;0.00151732;0.988698;3.36402e-06
1.09611e-07;0.000394916;0.99861;1.86543e-06;0.000286769;2.65546e-06;4.87004e-09;1.7926e-05;1.0057e-09;2.29228e-07;6.61648e-10;1.81247e-05;9.26605e-05;0.000574355
4.00395e-08;2.22812e-05;8.13992e-12;3.00025e-09;7.56399e-10;1.79803e-06;2.40066e-08;6.87995e-08;1.94592e-06;8.64317e-10;8.22504e-08;2.02531e-09;0.999974;2.47415e-09
1.06721e-06;0.00569269;0.994062;9.64418e-07;1.73962e-08;9.56364e-07;2.23051e-09;5.33326e-06;4.86633e-08;3.31382e-07;7.23962e-09;0.000231523;4.20126e-06;1.1581e-06
1.01354e-06;0.998747;1.27341e-09;8.72135e-06;1.08106e-06;1.91788e-06;1.33664e-06;0.000609971;0.000138281;6.26819e-08;0.00014724;3.02511e-06;0.000319991;2.07384e-05
7.21407e-06;0.998999;3.40496e-05;2.82325e-06;2.19935e-06;1.69617e-06;1.44669e-08;2.35062e-05;1.93012e-07;3.78162e-07;6.19555e-08;0.00013406;0.000374543;0.000420303
3.73902e-07;0.999511;3.59628e-11;2.07733e-08;4.93783e-09;1.17656e-09;0.000335837;9.16945e-07;1.22037e-08;7.75058e-05;5.33402e-08;3.49084e-09;6.51173e-06;6.74589e-05
3.51968e-11;1.00346e-10;0.999999;2.69117e-09;5.10894e-09;8.21562e-09;6.18019e-08;7.07366e-15;2.99462e-11;1.8796e-09;1.06879e-09;1.26871e-06;2.26535e-13;2.41266e-09
1.80784e-06;0.917123;2.74574e-07;6.51353e-08;3.16199e-07;3.46243e-07;6.84987e-05;1.50077e-05;9.89563e-08;1.07471e-07;9.41022e-07;2.57584e-05;0.0827639;2.35546e-07
2.91281e-09;0.00121417;2.99097e-07;1.38998e-08;3.01682e-06;5.23798e-07;1.55463e-10;1.24274e-05;1.87162e-09;6.41212e-11;1.54221e-08;0.998448;7.62804e-06;0.000314041
3.79175e-06;0.936305;4.79527e-07;2.19698e-06;5.19102e-05;1.21863e-05;1.74879e-07;0.00175127;5.46412e-06;2.69894e-08;2.27522e-05;0.00783096;0.0538778;0.000135653
3.64249e-06;0.99593;5.86138e-06;1.34632e-06;2.37855e-06;1.17512e-07;1.10339e-08;0.00320268;1.49726e-07;2.98839e-08;7.04176e-07;0.000385631;0.000466283;1.03389e-06
4.58768e-08;0.997822;2.61934e-09;7.80763e-07;4.03448e-05;2.61454e-08;8.06043e-11;0.0018264;1.4313e-09;4.37694e-08;4.60291e-09;0.000301535;6.5058e-06;2.0435e-06
1.97733e-06;0.000818118;0.000201646;2.51675e-05;4.77962e-05;0.00109831;1.23414e-07;4.00787e-06;3.14966e-09;2.32729e-05;7.36781e-07;0.991859;3.37486e-05;0.00588571
4.54705e-06;1.92309e-05;2.91821e-10;5.54152e-08;2.04666e-07;8.92709e-07;4.53107e-09;0.990376;1.33461e-06;5.70852e-10;5.38512e-06;7.05997e-07;0.00959187;1.11015e-07
1.20469e-05;0.00192958;0.00034708;8.75839e-06;5.11127e-06;4.6249e-06;3.34566e-08;2.82978e-05;6.4545e-06;3.00909e-07;2.07739e-05;0.990869;0.00661738;0.000150776
6.33781e-07;0.00730383;4.29369e-08;7.15992e-07;2.18299e-05;1.65786e-05;1.50477e-08;0.973461;3.61101e-05;1.85513e-07;5.58195e-05;0.00118414;0.0179193;2.29693e-07
5.59606e-05;0.721637;2.87208e-06;9.42457e-06;0.00169973;4.70731e-05;4.60597e-07;0.0283957;4.72816e-06;2.36396e-05;0.000161366;0.00020866;0.246218;0.00153575
1.87089e-05;0.986455;9.6747e-10;9.65141e-08;6.62483e-06;6.58908e-08;0.0120638;1.57753e-06;3.19437e-06;0.000377431;6.41331e-06;1.92488e-08;5.56493e-05;0.00101147
1.9344e-10;9.12053e-14;1;1.22911e-12;3.22969e-11;1.8693e-13;1.21475e-09;1.46655e-12;5.64737e-10;3.69246e-11;3.46132e-11;7.5886e-09;1.23847e-14;4.58732e-14
5.08472e-06;0.000296617;2.89764e-08;1.96877e-06;1.57684e-07;3.97177e-08;4.86128e-05;0.000666406;0.992693;1.21383e-07;0.0062824;4.18375e-08;5.44905e-06;3.41954e-08
0.00108164;0.991704;1.58777e-06;1.86555e-05;3.21694e-05;3.96785e-06;5.79696e-05;0.00068447;0.00354741;2.84523e-05;0.000485634;5.52941e-05;0.0020352;0.000262989
0.000817176;0.773038;2.72124e-06;9.32004e-06;0.0967848;0.000256758;8.52893e-06;0.0568004;0.00162;2.28259e-06;2.60752e-06;0.0264639;0.019405;0.0247882
6.14816e-05;0.0488703;2.73464e-05;6.03748e-05;0.196015;0.000318282;1.20139e-07;0.00898482;2.81588e-05;2.90755e-05;1.04295e-05;0.642334;0.0493201;0.0539413
3.20074e-05;0.954063;4.33757e-08;7.59027e-06;4.09566e-06;1.41428e-07;1.82473e-06;0.000648532;0.000111022;5.34286e-07;0.000217041;0.0173953;0.0274842;3.52046e-05
4.61986e-06;0.0128401;1.3101e-07;3.13821e-06;0.0136306;0.00692712;4.83261e-07;0.961805;0.000216319;5.48324e-06;5.21124e-06;2.99832e-08;0.00372377;0.000838288
6.4415e-10;3.34873e-10;1;8.79254e-11;7.18667e-11;1.70259e-11;6.1224e-11;9.9925e-11;1.37053e-10;4.44789e-11;3.44419e-11;2.51699e-08;3.76446e-12;2.66762e-10
5.74949e-07;7.59383e-06;0.00195838;4.27887e-07;4.56009e-07;5.4648e-06;1.65235e-09;6.32528e-06;9.61424e-06;1.0929e-08;2.0175e-06;0.997974;2.59207e-06;3.27601e-05
1.06439e-06;0.00219426;2.48865e-08;1.24349e-08;6.14827e-06;3.49135e-05;8.30691e-09;0.000126214;2.09633e-07;3.83907e-09;4.90767e-07;2.36482e-06;0.99763;3.82761e-06
4.24343e-08;0.000830132;1.16704e-09;4.65674e-08;0.0014714;2.74998e-05;8.5729e-11;0.000169875;1.41432e-08;1.4753e-08;5.74764e-08;0.997214;0.000172582;0.000114779
1.03202e-08;6.32861e-06;0.999969;5.32026e-10;1.66895e-06;1.77278e-09;1.46635e-09;2.28053e-05;2.32787e-10;7.20679e-10;2.9736e-12;2.60751e-07;2.09067e-08;1.86244e-09
5.40465e-07;0.0699778;1.42299e-08;8.84777e-08;6.68621e-06;2.98641e-07;5.21146e-08;0.928993;3.48174e-05;8.65599e-10;1.07424e-07;2.89142e-07;0.000986197;1.49702e-07
3.02187e-07;0.992891;3.54335e-09;9.41943e-09;1.35261e-06;2.07272e-08;5.37067e-10;0.00633663;8.23201e-11;3.60193e-08;4.282e-12;3.77964e-10;0.000705453;6.5158e-05
3.5435e-09;1.43701e-05;2.19712e-06;1.01282e-06;0.00139081;3.4711e-08;6.30536e-09;1.46478e-05;8.37087e-09;3.28089e-08;5.07296e-08;0.998577;8.1162e-08;1.58833e-07
0.000206717;0.930556;0.0360877;8.54872e-05;0.00256267;3.05186e-05;1.50769e-05;0.000196528;5.19281e-08;1.39404e-05;1.22684e-05;0.00263134;0.0275047;9.71704e-05
1.21151e-06;0.966421;1.05803e-10;2.67573e-10;3.82992e-07;3.21349e-10;0.00125023;6.99238e-07;1.43936e-08;1.00527e-05;9.44463e-09;2.07816e-06;1.09387e-06;0.0323131
2.22227e-09;4.34345e-10;0.999997;1.44698e-09;7.97677e-07;3.8469e-07;1.73018e-09;3.9905e-10;6.60573e-08;6.04884e-10;3.99713e-09;1.48708e-06;1.55322e-10;1.28199e-09
0.000706829;0.175195;7.08158e-07;0.000125237;0.0013367;0.0023175;5.91502e-06;0.0068732;0.00983511;3.53805e-06;0.00144692;2.12138e-06;0.801957;0.000194238
0.000965503;0.598617;0.388564;0.000128055;3.87454e-05;2.18156e-05;4.89684e-07;2.44588e-05;1.66543e-07;5.17667e-06;1.15396e-06;0.00828186;0.00301698;0.000334676
1.9543e-07;6.30907e-06;1.2019e-10;3.34284e-11;1.07297e-08;1.51443e-12;4.3561e-09;0.999992;8.26345e-08;7.56089e-11;6.00901e-08;1.00649e-08;1.15708e-06;5.97909e-12
8.29249e-08;0.00653052;0.992356;1.91047e-05;4.20669e-05;6.7366e-06;2.52787e-09;3.22488e-06;1.47701e-08;7.61214e-05;7.29826e-09;7.39683e-06;0.000128267;0.000830454
0.00135587;0.133368;0.000285344;0.000440047;0.000112262;0.000115061;0.00838811;0.0202541;0.126235;0.000893411;0.370505;0.279763;0.0579793;0.000306541
