1.2732e-05;0.993198;0.00434916;1.06092e-05;3.80808e-05;4.46603e-06;8.85555e-08;0.000415416;4.78454e-08;9.18495e-07;6.13918e-08;0.00170468;0.000198533;6.68569e-05
2.18906e-05;0.993441;2.15158e-09;5.55274e-05;0.000225202;0.000166905;0.000364782;0.000822673;1.51849e-05;0.00013306;6.51702e-05;7.09859e-07;0.00155392;0.0031342
5.64644e-05;0.981958;7.3511e-06;0.000858091;0.000186376;0.000303741;4.25197e-05;5.05079e-05;3.04882e-05;2.39244e-05;2.94909e-05;1.65548e-05;0.00011283;0.0163235
0.000616235;0.00114482;3.58815e-09;0.000285022;0.000160768;9.4477e-05;1.31926e-06;0.99434;0.000675645;2.65758e-06;0.00206791;0.000104881;0.000203172;0.000303285
3.8281e-05;0.9996;1.50984e-08;7.20769e-08;4.84586e-08;1.15318e-09;3.77805e-07;0.000136317;7.4898e-08;4.78534e-08;3.18194e-07;0.000219039;5.05753e-06;1.63093e-08
6.33771e-05;0.986409;1.47843e-07;5.29388e-06;0.000663486;5.34334e-06;3.37066e-07;0.000907589;1.3752e-05;3.88188e-07;2.80729e-06;0.000589537;0.0112889;4.9975e-05
0.000107753;0.978379;1.60816e-06;0.000428011;5.25582e-05;1.12181e-06;3.1149e-05;0.00115998;0.000327286;1.8598e-05;0.0018936;0.0120606;0.00547702;6.12908e-05
8.52921e-05;0.510838;2.66874e-07;0.000433894;3.92243e-06;4.1382e-05;0.000991007;0.00062321;0.000189253;2.42621e-05;0.00971987;0.201321;0.275452;0.000276242
1.60176e-07;0.99842;3.31509e-10;4.10007e-07;6.12901e-10;1.94979e-07;0.00150994;6.4711e-07;2.92959e-07;3.47297e-05;1.79479e-06;1.70892e-10;2.13145e-05;1.09614e-05
6.38111e-11;1.50457e-11;1;2.65781e-09;1.35005e-08;7.67037e-09;1.2968e-09;1.71278e-13;1.90058e-11;1.90353e-09;2.24562e-11;1.6379e-07;1.6701e-12;1.08435e-09
4.78779e-08;5.04342e-05;4.03354e-12;2.00969e-10;3.36833e-06;2.64297e-11;5.53802e-09;0.999946;6.70192e-09;7.44188e-10;8.53282e-09;1.30945e-09;3.83167e-08;7.89586e-09
3.59602e-09;3.17644e-06;0.999943;3.63088e-07;1.1459e-06;9.20167e-07;8.56913e-09;3.26926e-10;2.63716e-10;6.98628e-08;1.5786e-08;4.4121e-05;6.87909e-06;2.00094e-07
1.00345e-05;0.0102645;5.18236e-10;2.40665e-07;5.99892e-06;5.03593e-07;0.000160295;0.000553823;4.22494e-06;2.28466e-07;4.95825e-05;6.31254e-08;0.988904;4.60777e-05
0.000115039;0.013961;0.000108276;0.00249045;0.164257;0.0187374;6.49433e-08;0.000943761;7.2044e-05;3.67342e-05;4.106e-05;0.757576;0.0305356;0.0111262
0.121475;0.698074;0.000232397;4.56961e-05;4.92239e-05;8.58863e-06;3.29412e-06;0.0639636;0.000917164;6.95524e-06;6.65993e-06;0.00529783;0.10984;8.01414e-05
7.01884e-05;0.00802653;2.40904e-06;5.35611e-05;0.0482147;1.36349e-06;2.47784e-08;0.021447;0.000197348;3.59752e-07;2.08596e-06;0.921566;0.000209121;0.000209727
3.49427e-06;0.896734;0.00012501;1.02485e-05;9.48739e-06;1.67484e-08;1.13822e-05;1.72559e-08;1.18002e-07;0.000668154;2.27809e-08;3.7141e-07;5.03746e-08;0.102437
9.05736e-05;0.000121312;5.14957e-09;3.79018e-07;4.55357e-08;4.92342e-08;0.0269365;0.000370716;0.961502;4.61084e-08;0.0109613;2.177e-08;1.70092e-05;7.98222e-10
1.45421e-05;0.996261;3.05731e-09;1.38091e-08;3.18768e-09;1.56932e-07;1.43497e-07;5.9371e-05;2.19391e-06;4.23357e-08;6.54105e-08;2.12464e-05;0.00364093;1.14516e-07
2.56813e-05;0.986536;2.41359e-08;6.38569e-06;0.000543935;4.28799e-05;0.000756541;0.000613387;1.14747e-05;0.00183843;3.71892e-06;8.74817e-05;0.000113807;0.00942037
1.90117e-10;3.32983e-12;1;2.65704e-09;3.16262e-08;1.25895e-08;4.78121e-09;6.41185e-14;2.15661e-10;7.98219e-10;1.0815e-10;1.69992e-08;4.27342e-13;1.12399e-09
0.000893333;0.351413;1.57023e-05;0.000235207;0.00143741;0.0029531;0.00344106;0.210492;0.0137049;2.31494e-05;0.00692995;0.000388357;0.407768;0.000304742
0.000101697;0.652046;5.06431e-06;0.0081998;0.00427656;0.0003743;0.000984338;0.00315732;0.155662;0.00011824;0.124251;0.00139344;0.00921542;0.0402148
0.00202618;0.672363;9.88629e-05;0.00216282;0.0148017;0.00147814;6.43262e-06;0.145229;0.000529908;0.000328669;0.000274726;0.107862;0.0350508;0.0177878
4.74154e-05;0.939837;5.91423e-07;3.35344e-07;1.1852e-05;1.62429e-07;1.20373e-06;0.046368;4.50345e-06;4.81461e-07;1.41761e-06;0.013056;0.000655641;1.57441e-05
4.17783e-05;0.726529;3.55355e-09;0.00279931;0.000936588;0.000369382;6.67027e-05;0.141913;0.020017;0.000470862;0.00314656;0.00103606;0.00695058;0.0957238
0.000911619;0.0788775;5.46809e-07;7.94391e-07;0.000216242;9.64388e-09;9.6374e-07;0.919445;2.76714e-07;4.63554e-06;5.41736e-07;0.000479518;4.27648e-05;1.97054e-05
0.000114432;0.190035;0.574625;0.00187304;0.0508861;0.0130366;1.23991e-05;0.000128203;3.15284e-06;0.000481322;1.9233e-05;0.153626;0.0120402;0.00312012
0.00516159;0.579649;1.66954e-06;4.53266e-06;4.50998e-06;7.30471e-06;0.042903;0.36439;0.00060969;0.00055814;0.000543821;0.000123854;0.00427814;0.00176426
8.50313e-08;5.01404e-08;0.999996;1.33931e-07;1.54555e-06;3.09619e-08;1.44405e-06;2.55068e-09;3.65475e-07;1.31747e-08;1.9963e-08;4.79089e-08;1.15723e-08;2.05154e-07
2.25568e-05;0.020716;2.21164e-05;0.000208591;0.000102917;9.62698e-06;3.86329e-06;0.539503;0.00415274;1.56254e-06;0.00288646;0.424616;0.00733654;0.00041764
5.31299e-07;0.986786;0.000224862;4.10356e-05;3.4764e-06;0.00057887;6.39863e-08;4.37745e-08;7.69958e-09;1.70513e-06;7.10314e-06;2.36295e-05;0.0117856;0.000547061
5.02633e-05;0.330929;9.37326e-07;3.40702e-06;2.86306e-05;7.10322e-05;5.48633e-07;0.00013772;1.41961e-06;3.78264e-07;6.34457e-05;0.6303;0.0371273;0.00128519
1.31043e-05;0.0714709;1.18192e-06;1.46174e-06;0.0132619;0.000397927;7.6016e-07;0.0463015;4.87621e-08;2.07344e-06;6.11677e-07;1.91177e-05;0.859173;0.00935625
9.41394e-07;0.0126719;1.51441e-08;6.32674e-06;4.03455e-07;0.00282928;2.8217e-06;2.46561e-06;9.26948e-07;9.76044e-06;4.87281e-06;8.07858e-06;0.984391;7.16024e-05
6.15718e-07;2.05317e-05;0.99956;8.01418e-06;2.26314e-07;4.71968e-07;3.61063e-05;1.01131e-09;1.08308e-09;0.000307264;1.13488e-08;5.86583e-05;3.3115e-07;7.86154e-06
2.8841e-05;6.13634e-07;0.998065;6.84601e-05;7.47198e-07;2.74852e-06;0.00111839;1.64174e-07;0.000172215;9.14241e-06;0.000309859;0.000218693;5.16821e-06;3.54137e-08
7.31916e-06;0.00441586;1.56008e-09;3.39215e-08;0.000139165;3.568e-09;4.24528e-08;0.995379;2.29944e-07;2.64129e-08;8.28489e-08;3.29686e-05;1.43718e-06;2.37824e-05
1.70295e-06;0.00030024;0.988545;2.47719e-06;0.00275474;0.000155544;1.0476e-08;0.000237823;1.70222e-09;9.10388e-07;3.12869e-08;0.00503413;0.00290156;6.63063e-05
2.19082e-07;0.998537;8.89793e-09;4.33904e-09;2.13535e-08;8.97554e-10;0.00142499;2.39064e-06;3.84278e-09;3.30002e-06;6.85087e-08;8.90659e-06;4.99346e-06;1.78457e-05
1.86602e-09;9.78716e-10;0.999999;2.60476e-08;1.85499e-07;1.89118e-08;4.18574e-07;2.99953e-10;1.33462e-07;5.13615e-09;1.74388e-08;7.57618e-08;1.23079e-10;6.95803e-09
2.5147e-07;0.999692;8.21487e-08;1.89516e-08;1.4621e-09;6.65983e-10;1.79955e-09;8.59093e-05;1.09807e-09;2.98855e-10;1.3023e-08;3.05696e-07;0.000221659;8.13049e-08
4.84901e-08;0.999453;7.42977e-10;7.52464e-10;3.50262e-10;2.03796e-11;9.85537e-05;1.87544e-07;9.53894e-11;4.11449e-06;8.06549e-10;1.21198e-08;8.99153e-08;0.000443908
6.63284e-10;4.48424e-09;0.999983;1.7625e-07;3.69987e-06;5.29683e-08;8.17719e-07;8.71283e-11;8.52936e-09;4.24126e-08;1.26888e-07;1.2391e-05;1.0759e-11;9.39803e-09
8.48159e-07;0.878237;8.88851e-06;4.59887e-06;4.62478e-07;5.97507e-07;7.25932e-06;2.88646e-07;9.46029e-08;7.91399e-08;4.6311e-06;6.11306e-08;0.121735;6.01021e-07
8.109e-06;0.035002;3.73872e-06;6.1508e-06;0.000124598;0.000262208;6.07883e-08;0.000759074;4.49363e-07;7.50551e-07;1.45257e-05;0.90314;0.0096051;0.0510732
3.2971e-07;0.000343167;3.00384e-07;1.26023e-06;0.0256799;0.00254325;1.23559e-07;0.125651;5.58343e-09;1.20534e-07;7.51823e-07;4.85991e-06;0.815785;0.02999
7.53576e-10;2.43314e-06;2.0635e-09;1.08908e-08;6.54998e-09;3.30805e-05;5.39815e-09;1.457e-08;1.13565e-09;4.13345e-09;2.08418e-08;5.69918e-07;0.999964;2.66849e-07
2.15171e-08;4.77038e-05;0.999812;2.26769e-07;3.48947e-08;3.33404e-07;7.01591e-10;9.56865e-08;7.44858e-11;9.94305e-08;1.27614e-10;0.000139427;1.10142e-07;2.86489e-07
1.01904e-07;0.999559;3.21534e-10;2.26154e-06;5.37043e-08;1.55325e-07;2.39775e-06;0.00022683;1.36693e-05;2.82278e-08;3.29884e-05;3.86037e-07;0.000161745;3.82377e-07
2.97856e-06;5.42973e-05;4.91023e-11;1.06073e-08;7.75773e-07;4.90084e-08;4.0588e-10;0.999894;1.06223e-06;7.29108e-09;4.38673e-08;2.03275e-09;4.69686e-05;1.29369e-07
1.17286e-07;0.0634694;3.97949e-08;1.14945e-06;3.07922e-07;4.4691e-07;0.00043947;1.4078e-09;3.88743e-09;0.00167806;3.2999e-08;4.45736e-09;3.20772e-06;0.934408
2.56095e-09;5.74326e-13;0.999999;5.09768e-09;8.66624e-08;4.47286e-08;2.59524e-07;9.72177e-13;3.76488e-09;1.10135e-08;4.37381e-08;4.96437e-08;9.75474e-14;9.42294e-08
1.30304e-05;0.0351948;1.83865e-08;1.5088e-06;5.6615e-05;5.20087e-05;1.55637e-05;0.953077;0.00097479;1.47387e-07;0.00244416;6.44622e-06;0.00816062;3.38823e-06
1.07388e-05;0.996584;4.10385e-08;1.43284e-06;4.49663e-07;1.25974e-06;6.99303e-06;2.30289e-06;8.8295e-07;3.90912e-06;4.16668e-06;0.00265251;0.000723154;8.12573e-06
0.000184648;0.0089806;2.45669e-07;1.20268e-05;2.51438e-05;0.000162452;4.13164e-06;0.00049275;0.00462556;8.87077e-08;0.000421395;0.976514;0.00837416;0.00020282
3.26868e-06;0.000734187;3.36535e-06;4.89616e-08;4.06545e-06;2.23823e-06;6.2753e-10;4.01495e-05;4.10649e-07;3.79543e-09;9.24122e-07;0.0176924;0.981518;7.0271e-07
1.63354e-05;0.00874905;7.96302e-07;3.18146e-07;0.000635679;3.2896e-05;9.30587e-07;0.987606;3.98383e-05;2.5704e-06;7.19824e-06;6.04433e-06;0.00123919;0.00166345
2.02624e-07;3.1285e-05;1.92657e-11;9.28039e-09;2.76999e-06;3.98242e-08;1.22231e-09;0.999487;2.02255e-07;2.27082e-09;2.17356e-07;7.43825e-08;0.000477456;4.76639e-07
1.56266e-05;0.000290074;3.22515e-07;2.16788e-06;3.27685e-07;8.8522e-09;2.86093e-07;1.70009e-05;8.48422e-05;1.80958e-07;6.67055e-05;0.99947;2.62818e-05;2.56912e-05
6.90106e-07;0.999966;4.46969e-08;1.11546e-07;8.37565e-09;8.83433e-10;7.7737e-09;6.92038e-06;1.59646e-09;3.999e-09;1.14064e-08;1.39767e-05;1.14829e-05;3.03977e-07
6.53786e-07;0.993091;4.27027e-09;1.26822e-08;2.89838e-08;1.71371e-09;0.000100504;4.24497e-07;1.09341e-09;1.83179e-05;2.47725e-09;5.4936e-08;5.29397e-07;0.00678821
4.21e-08;6.83375e-08;0.999934;6.80025e-06;1.82517e-05;4.21216e-07;1.07972e-05;4.22156e-09;4.66525e-06;3.37808e-07;7.47446e-06;1.75209e-05;8.91909e-10;3.81455e-08
6.00407e-08;0.986011;2.82332e-08;2.90646e-08;5.7671e-10;1.25568e-09;1.80231e-08;9.00612e-11;6.89211e-10;7.27568e-10;1.22708e-08;1.78266e-09;0.0139889;2.17486e-09
5.05453e-10;7.12569e-06;2.06822e-08;1.60304e-09;1.84132e-08;5.56641e-09;4.62391e-12;4.64399e-06;3.71373e-10;4.31374e-11;5.39123e-10;0.999967;2.69364e-07;2.10914e-05
7.63613e-08;0.0132783;3.43382e-07;3.07585e-08;2.22334e-05;4.05787e-05;2.69874e-10;0.00844556;5.54394e-09;2.17894e-09;2.27118e-08;2.65168e-05;0.978185;1.41669e-06
2.132e-12;1.32909e-08;6.00799e-11;5.16462e-11;2.71682e-12;3.29566e-06;3.07429e-13;2.04067e-09;3.74429e-11;1.10023e-11;4.48512e-11;7.47808e-11;0.999997;1.15471e-11
5.7189e-10;2.03685e-07;0.999999;2.28094e-08;4.28065e-10;8.35856e-08;1.34857e-11;6.15933e-09;6.5809e-12;8.23734e-09;8.7099e-11;2.24137e-07;7.7959e-09;2.62385e-08
2.45113e-08;0.999897;1.18971e-07;4.38216e-07;1.01854e-07;4.82463e-07;1.18385e-07;9.04164e-05;9.95756e-08;2.08011e-08;1.57193e-06;1.72027e-07;8.79767e-06;8.98559e-07
