8.11416e-07;0.987786;3.77178e-11;2.58364e-09;6.76048e-11;2.99012e-09;4.72649e-08;6.86343e-07;9.0403e-09;3.31694e-10;5.22999e-08;1.37397e-06;0.0122109;3.94071e-10
8.12715e-05;0.035305;5.96334e-06;0.000297413;0.00127724;0.00455823;5.75503e-07;0.000577974;0.000277824;1.01947e-05;0.000155688;0.854351;0.0012074;0.101894
0.000226236;0.940414;6.20721e-07;2.19225e-05;1.15588e-06;7.23206e-05;0.00092747;2.24521e-05;0.00025911;7.79101e-07;0.00191694;0.00453949;0.0515969;3.32741e-07
0.000311881;0.624672;9.1225e-05;2.61657e-06;0.00299546;0.000261006;1.97315e-07;0.309373;9.94079e-08;3.03529e-06;1.14943e-07;0.000499407;0.0486077;0.0131827
1.57194e-07;0.00945718;2.51137e-06;3.22349e-06;9.03876e-05;2.66308e-05;3.71678e-08;1.76237e-05;1.70027e-05;9.45456e-09;5.90904e-05;0.988417;0.00185431;5.4641e-05
2.79719e-06;0.012335;5.77774e-08;5.69299e-07;8.23795e-05;1.33882e-06;1.77955e-08;8.60799e-05;1.06151e-06;8.32145e-08;6.32207e-06;0.0274461;0.96003;8.33814e-06
0.000825335;0.00867442;0.00026841;2.28114e-05;0.000126675;6.70693e-05;1.13948e-06;0.0246419;0.000362527;3.18467e-06;0.000195067;0.863748;0.100686;0.000377024
7.33068e-05;0.701032;0.000590703;2.74825e-06;6.92223e-05;1.09083e-05;7.89618e-08;0.0139532;1.6244e-06;5.975e-06;6.52217e-07;6.65965e-05;0.000643992;0.283549
7.35961e-07;0.503972;0.000245247;9.62461e-05;0.000116244;2.14254e-05;3.19126e-07;2.69717e-05;6.94394e-05;1.39928e-06;0.000198055;0.486537;0.000119813;0.0085955
8.02974e-08;0.000553894;1.00616e-10;6.88847e-10;3.71711e-05;5.69909e-10;2.07883e-11;0.999399;4.07372e-09;9.44515e-10;3.46503e-09;2.95737e-06;4.93235e-06;1.84333e-06
3.49877e-05;0.00118251;0.991224;6.12763e-05;0.00434311;0.00129767;0.000231992;4.85452e-05;6.52952e-06;0.00109513;9.43194e-05;1.6536e-06;9.41975e-05;0.000283989
5.81385e-07;3.14654e-10;0.999998;5.29849e-10;1.49174e-08;2.48064e-10;5.68982e-07;8.40953e-09;9.67078e-07;1.56557e-09;2.3579e-07;1.33448e-08;2.87966e-10;2.29493e-11
5.73612e-07;3.27908e-07;0.999557;3.57225e-09;1.35218e-08;7.09532e-08;1.43714e-09;6.37108e-07;8.29317e-07;2.03078e-09;1.48388e-08;0.000440474;1.88864e-07;4.92894e-08
1.18551e-06;0.000700269;8.89911e-08;1.30695e-08;0.000461128;0.00475243;1.3314e-10;7.68547e-06;2.28183e-06;1.98368e-08;9.5132e-08;4.09538e-05;0.000510274;0.993524
1.16963e-06;0.950308;2.47806e-09;1.486e-11;3.10683e-07;1.7214e-09;5.47708e-08;1.51721e-09;5.02967e-11;1.47318e-06;4.81175e-13;1.38127e-08;5.01205e-08;0.0496891
4.12777e-12;2.01326e-12;1;4.09309e-14;8.72143e-10;9.79624e-12;9.55053e-13;3.8363e-11;4.07207e-13;4.28136e-13;2.12792e-15;3.41283e-09;1.10196e-14;7.92966e-13
1.34378e-06;0.000383907;3.04861e-06;1.90444e-07;1.20969e-06;2.09367e-06;1.41927e-06;0.997449;0.00130901;6.32915e-09;5.13344e-06;6.48183e-06;0.000837305;5.01855e-08
3.0885e-08;0.999988;4.76473e-09;7.06685e-11;3.09553e-11;4.86873e-11;1.40297e-08;3.09457e-06;2.53368e-10;5.08223e-10;2.25961e-11;1.4795e-08;8.64954e-06;3.73663e-10
3.9779e-08;0.000409341;1.0418e-05;1.74925e-05;0.00230985;0.000360776;5.13203e-09;0.00116826;3.16845e-06;4.18063e-08;2.57171e-07;0.995597;6.38772e-06;0.000117358
1.2598e-07;0.0116568;1.3278e-05;2.58895e-07;7.81397e-07;2.43616e-06;1.64539e-09;4.09862e-08;1.13281e-11;3.35742e-09;4.84152e-09;8.74648e-05;0.988239;2.31232e-08
5.93482e-06;0.018875;4.39861e-05;4.07962e-06;0.000306142;4.34153e-05;4.02493e-07;0.0547345;8.83993e-06;2.04147e-07;2.44277e-06;0.923637;0.00221853;0.000119804
1.39439e-06;0.166603;1.0252e-05;0.000434879;0.0497874;0.00265428;8.52748e-08;0.70828;2.5926e-05;6.28465e-06;7.55858e-06;0.0119154;0.0556334;0.00464058
2.6234e-05;0.923735;1.55485e-09;1.17897e-05;1.40709e-06;1.84334e-06;1.00722e-06;7.83684e-05;1.57374e-05;4.97292e-07;4.91883e-05;0.000148512;0.0759248;5.97439e-06
2.90369e-06;0.999923;3.5914e-08;7.62874e-08;2.54332e-09;3.64558e-10;3.86012e-08;5.98192e-05;4.7572e-07;3.93424e-09;7.67427e-07;7.27943e-08;1.3022e-05;8.93819e-09
2.03295e-07;0.997438;5.68759e-09;9.65642e-06;0.00024716;1.79476e-07;1.17539e-09;0.000814229;1.24387e-07;1.71883e-06;1.19308e-08;1.45614e-06;1.51905e-07;0.00148663
3.3122e-07;0.000111189;0.000345289;1.43626e-05;1.74911e-06;4.14856e-05;1.12097e-07;1.12465e-06;4.20504e-09;1.48849e-05;1.17268e-06;0.999379;1.79114e-05;7.09529e-05
9.71406e-07;0.0013908;1.06823e-11;1.9447e-07;2.69335e-08;9.95408e-08;6.4391e-07;3.27571e-06;4.50897e-07;5.29765e-09;0.000275988;2.63449e-05;0.998301;3.55485e-07
9.27019e-06;5.01994e-05;6.61815e-05;7.94266e-07;1.093e-06;8.67668e-07;1.59532e-09;6.4533e-05;1.31382e-07;1.52108e-08;7.08147e-06;0.994082;0.00571776;1.61554e-07
8.9165e-08;0.999734;1.19396e-07;2.15781e-08;3.97019e-10;1.71565e-08;2.69269e-05;4.48394e-05;1.44895e-08;2.53516e-05;4.46175e-07;1.04061e-09;0.000168034;3.98802e-07
2.56431e-12;1.88802e-12;1;5.78782e-09;1.13567e-08;1.97775e-07;1.44038e-11;1.21762e-13;2.7973e-12;1.10972e-09;1.06012e-10;1.58887e-07;2.04956e-12;7.58351e-09
1.00482e-05;0.022776;1.10347e-08;1.64715e-05;0.000651104;0.00138155;1.09338e-05;0.971394;3.79278e-05;1.57352e-05;0.000166435;3.43547e-07;0.00333243;0.00020712
1.64467e-08;0.000387647;1.40822e-09;1.87992e-07;1.11894e-08;1.51043e-07;0.997021;4.97743e-08;1.49342e-06;0.00246359;0.000123486;6.5094e-11;5.48095e-07;1.558e-06
6.68577e-09;9.38328e-10;0.999989;1.29364e-07;7.28742e-09;3.21277e-08;5.84531e-06;8.86619e-11;4.89541e-07;1.32148e-07;2.65906e-06;1.70975e-06;4.04525e-10;3.44152e-11
8.00153e-06;0.99921;1.2503e-05;1.68807e-07;4.05884e-08;2.29788e-08;1.81381e-05;0.000197814;8.7277e-07;2.19298e-07;2.0658e-06;1.7373e-06;0.000545244;2.74487e-06
6.53118e-07;0.239312;3.4378e-07;1.0442e-06;0.000329328;7.14267e-07;1.34599e-07;0.00170877;2.18584e-05;1.77717e-07;3.55545e-05;0.755642;0.00284975;9.75601e-05
2.5306e-06;0.982582;1.99573e-10;1.91618e-06;0.000153044;3.49233e-05;2.96439e-06;0.000237248;8.53012e-08;9.33872e-07;2.0851e-06;0.000294511;0.0156781;0.00100972
5.36846e-06;0.0101294;1.99372e-06;6.8682e-07;1.37917e-06;1.30981e-08;1.48845e-06;0.00241008;2.59666e-07;6.37239e-08;9.61874e-06;0.987402;3.71882e-05;5.88788e-08
1.42116e-05;0.86099;3.26873e-05;0.000235946;0.0114219;8.76083e-06;5.14688e-07;0.123786;1.09585e-05;2.45613e-06;1.20434e-05;0.00243347;0.000452631;0.000598434
3.6633e-07;0.000507557;3.21401e-08;3.28434e-07;5.37178e-09;3.65953e-05;4.43952e-08;5.48193e-08;4.00318e-07;1.19075e-07;8.44676e-07;2.65558e-06;0.99945;1.37408e-06
2.66918e-06;0.000566449;0.964008;2.95696e-06;1.41717e-07;6.05736e-07;3.05716e-08;7.36521e-07;7.69936e-09;4.67641e-07;6.09989e-08;0.0353979;1.76081e-05;2.15296e-06
3.78915e-08;0.999863;1.49882e-10;8.14494e-08;3.24455e-07;2.74375e-07;7.31658e-08;6.33052e-05;2.73752e-08;5.05816e-09;1.30055e-08;2.20929e-06;4.7776e-05;2.29821e-05
9.6218e-06;0.850554;3.2372e-10;1.41938e-06;0.00481628;2.11507e-06;0.000343101;0.143145;3.38054e-06;0.00048891;1.20449e-06;7.01435e-09;0.000228296;0.000406516
3.16429e-05;0.00719898;0.763577;0.0273248;0.000991483;8.2706e-05;4.18452e-06;1.3595e-06;4.55117e-05;0.000867657;0.000228611;0.199201;0.000389362;5.5515e-05
0.0860556;0.668212;0.000131813;0.000401332;2.9187e-06;1.63764e-06;0.00156242;0.00775511;0.0514713;4.01802e-05;0.161851;0.0139969;0.00830484;0.000212286
6.18001e-05;0.967602;1.01892e-07;2.43778e-05;2.78808e-05;2.78075e-06;4.3187e-05;0.000347259;3.83289e-05;8.62557e-07;5.36845e-05;0.000302346;0.00439828;0.0270974
4.07782e-08;2.58456e-05;1.05317e-09;4.89632e-10;4.11243e-05;1.67139e-11;1.01543e-09;0.999932;2.35716e-07;5.58855e-10;7.05992e-10;2.62935e-07;3.09568e-08;1.15424e-07
4.56947e-10;4.28306e-08;0.999999;2.98936e-08;5.64584e-07;1.14261e-09;5.37121e-13;9.46856e-10;2.80202e-11;5.75645e-09;5.44462e-11;1.81761e-07;1.9574e-08;1.1232e-07
8.00513e-05;0.00634809;3.38956e-05;6.40906e-05;6.28097e-06;1.72357e-05;0.00143409;0.0012762;0.151071;1.28633e-05;0.827237;1.63796e-05;0.0123754;2.76984e-05
