1.53984e-06;0.99995;9.08546e-06;4.4064e-06;5.08822e-07;2.25386e-07;1.82724e-08;8.24366e-06;2.01136e-07;3.21832e-08;2.44678e-07;1.81676e-05;6.35325e-06;1.02789e-06
0.000107845;0.929458;7.20504e-09;1.5574e-07;3.95121e-06;1.89994e-08;2.21201e-06;0.0702865;2.53495e-07;8.68711e-07;2.61894e-07;4.82858e-07;1.25261e-05;0.000126786
6.83694e-09;9.68537e-05;1.95773e-06;1.25745e-08;2.00085e-06;6.95021e-08;5.19307e-10;5.131e-07;4.67771e-09;1.87229e-10;1.3782e-07;0.999898;1.70753e-07;2.31747e-07
7.88363e-07;0.665398;1.36981e-07;5.9851e-07;5.60262e-06;2.19937e-05;9.21033e-09;0.107031;4.67768e-07;6.74595e-09;2.43354e-06;0.000125924;0.227405;7.66319e-06
2.20296e-05;0.0274416;1.09769e-07;5.42544e-06;2.36301e-05;5.45536e-06;3.73705e-07;0.00054957;4.43352e-05;4.34674e-07;0.000298376;0.970572;0.0010192;1.70635e-05
0.000100812;0.944399;3.11887e-06;3.51762e-08;0.00046896;3.48151e-06;1.90712e-09;0.00985637;4.33866e-07;3.01209e-08;5.49395e-09;0.000147773;0.0450069;1.25681e-05
7.32577e-05;0.843314;3.30097e-06;8.85889e-06;0.000964605;0.000481807;2.90873e-07;0.0971863;0.00041622;5.41667e-06;1.259e-05;0.00285441;0.0534973;0.00118115
6.96529e-05;0.028718;1.28466e-06;5.65287e-05;0.000795157;6.26395e-05;3.17883e-06;0.713212;5.19995e-05;3.055e-05;5.33251e-06;0.000370084;0.222657;0.0339661
1.94878e-05;0.0705643;0.000272161;0.000665723;0.000291926;0.000842679;8.99614e-07;7.01153e-05;5.80042e-05;1.75745e-06;7.85005e-05;0.205972;0.000784158;0.720378
1.5626e-06;0.899535;3.62995e-07;5.59015e-06;5.14389e-07;5.2012e-06;1.74397e-08;0.000942993;3.21697e-07;1.90945e-08;1.90228e-06;0.00565291;0.0937413;0.000112725
2.71945e-07;0.00233536;1.32317e-06;6.57055e-07;1.76759e-05;2.29792e-06;1.43917e-07;0.000269814;1.35337e-08;2.47314e-07;7.5319e-07;0.988855;0.00837623;0.000140095
2.44507e-05;0.522416;6.7641e-06;1.67562e-05;0.000391763;4.19595e-05;5.88496e-06;0.327457;5.72456e-06;7.16866e-06;2.77829e-06;0.00050712;0.146796;0.00232132
1.24495e-05;0.00834205;9.14426e-10;5.17687e-06;9.16398e-08;6.18608e-08;5.67122e-07;0.00859184;7.77789e-05;9.6415e-08;1.94785e-05;0.000944776;0.982004;1.25059e-06
1.00801e-06;0.00715173;1.39328e-10;5.26429e-08;2.8184e-05;7.05256e-10;2.16456e-08;0.992809;6.91092e-08;1.88925e-08;2.73532e-08;1.42241e-07;6.27859e-06;3.74108e-06
9.54531e-08;3.94749e-06;0.999953;1.79156e-06;1.1945e-05;8.7167e-06;1.91344e-07;2.27622e-07;4.56163e-10;4.1296e-06;3.66307e-08;4.53223e-08;7.5094e-06;8.85617e-06
4.57324e-08;1.19914e-08;0.999994;1.70744e-08;7.3463e-09;1.18715e-09;3.10762e-06;8.13428e-09;2.01899e-08;3.22907e-09;2.33778e-06;2.40155e-07;1.65164e-09;2.33781e-08
4.05113e-08;3.18746e-06;2.7654e-05;1.48902e-08;1.20948e-08;1.41784e-07;1.20245e-10;9.22919e-07;8.78839e-08;2.26202e-10;5.20984e-07;0.999966;5.95854e-07;1.0004e-06
0.000126759;0.776731;1.53244e-07;1.04311e-06;0.000491899;0.0016246;3.89263e-06;0.0624553;0.000103681;1.49476e-06;6.46085e-05;2.18668e-05;0.153106;0.00526775
1.74894e-06;0.0282431;4.25371e-09;1.09128e-07;4.41387e-05;2.53165e-05;1.51064e-09;9.74026e-06;1.66901e-07;4.19226e-08;5.27887e-08;0.964163;0.00737356;0.000139314
2.13222e-06;0.000538121;6.05089e-10;1.12219e-08;2.42947e-05;4.17808e-06;1.39255e-09;0.999405;7.70629e-06;3.95949e-09;9.61961e-10;6.38901e-09;1.82897e-05;3.87428e-07
6.1246e-08;0.999574;6.75937e-11;1.87474e-09;3.73965e-11;3.23892e-09;1.84804e-09;9.03987e-07;2.46539e-09;2.02045e-10;4.90869e-10;2.77497e-07;0.000424324;4.98191e-11
3.09074e-06;0.997394;6.97131e-10;7.20676e-06;4.28854e-07;1.01019e-05;7.81082e-09;3.90565e-05;1.42706e-07;6.50505e-07;6.59524e-08;0.0012658;0.000302482;0.000977007
1.71503e-06;0.997793;1.35192e-11;4.77827e-08;2.78954e-08;1.07273e-08;0.000305299;1.38942e-06;4.2943e-09;4.544e-05;1.56235e-09;2.62372e-09;6.45078e-07;0.00185237
3.99321e-09;2.00733e-09;0.999999;5.54004e-08;3.13024e-09;3.56101e-09;1.39158e-07;7.34098e-11;1.15149e-07;1.40006e-08;3.03793e-08;3.33606e-07;5.02973e-11;1.07967e-10
4.5586e-08;0.999617;4.35986e-09;6.04747e-09;1.85699e-11;5.09042e-11;4.89003e-08;6.90951e-10;7.79351e-10;3.76648e-10;6.78085e-09;1.79801e-08;0.000383095;7.77711e-10
3.13258e-08;6.25117e-05;3.06809e-06;1.17572e-08;7.26936e-08;2.73322e-10;1.12812e-09;1.27099e-06;2.18625e-07;1.52747e-10;1.14125e-07;0.999843;9.00018e-05;6.51581e-09
1.05406e-08;0.00093918;1.88084e-09;7.98676e-08;0.00283057;9.1785e-06;6.53194e-11;0.982902;3.13024e-09;7.60435e-09;5.70391e-11;4.2615e-07;0.013314;4.30572e-06
1.09217e-09;9.14564e-08;4.09693e-11;2.70162e-09;3.0909e-11;2.87404e-06;4.19393e-10;6.44899e-09;2.10125e-08;6.51185e-10;2.44454e-09;9.5538e-10;0.999997;9.21111e-12
1.34943e-10;6.03785e-09;1;4.77017e-10;3.60078e-11;1.09186e-09;1.5717e-13;9.7811e-11;1.15376e-12;1.06989e-10;3.01847e-13;1.31693e-08;1.58952e-10;4.88457e-10
2.16874e-07;0.999132;2.56218e-06;2.39039e-06;1.67322e-06;1.00633e-05;4.60503e-07;0.000719157;4.81205e-06;8.26413e-08;2.45448e-06;1.67211e-07;0.000103641;2.00531e-05
