8.94109e-07;0.999812;0.0001005;5.0903e-07;1.6953e-07;9.25761e-09;2.8822e-09;3.90073e-06;1.46253e-09;4.76308e-09;4.8134e-09;4.3932e-05;3.81844e-05;1.90045e-07
5.90511e-05;0.726201;2.62064e-06;1.60605e-05;0.000211148;0.000921965;1.09673e-06;0.0401239;6.43049e-05;2.61203e-06;2.5144e-05;0.00120566;0.230228;0.000937314
1.11319e-05;0.638993;1.68861e-06;0.00913294;0.0130387;0.0500586;8.68619e-06;0.0210403;0.000449584;0.000593997;0.00118451;0.00260897;0.000557988;0.26232
0.000552588;0.487025;5.47149e-06;0.000526134;0.305257;0.0292092;0.00025421;0.147374;0.000174011;0.00129647;0.00030363;7.87531e-06;0.0196337;0.00838096
7.12107e-09;6.95994e-10;1;2.64438e-10;2.21682e-10;7.27333e-12;8.39851e-10;1.31323e-09;1.90329e-10;6.80868e-11;5.11878e-10;2.34109e-07;6.3223e-11;7.87062e-13
8.42265e-06;3.08128e-05;0.994309;9.64929e-06;5.4721e-06;1.37009e-05;4.49441e-08;0.000363214;1.4096e-05;9.59984e-08;1.33325e-05;0.00521451;1.994e-06;1.58942e-05
8.11384e-08;0.000399377;5.78105e-05;4.93614e-08;1.12886e-05;0.000113526;3.91811e-12;5.683e-06;1.41878e-10;4.70743e-08;2.30085e-10;6.83945e-05;2.53478e-06;0.999341
1.6904e-08;3.50743e-05;3.08212e-12;7.69301e-10;7.03021e-08;7.80015e-08;3.98498e-11;0.000401882;6.49036e-09;1.67732e-11;3.48361e-08;2.5084e-07;0.999562;2.4058e-07
0.000124807;0.765204;6.90653e-05;8.87585e-06;0.000100306;1.64803e-06;9.8324e-08;0.0166793;4.77952e-06;2.91951e-06;8.41815e-07;0.0452701;0.171343;0.00118981
4.29977e-06;0.938819;0.00013018;3.32678e-05;2.54323e-05;8.2451e-06;5.38791e-07;0.000664162;1.47089e-06;7.90644e-06;6.94363e-06;0.0179666;0.0419261;0.000405825
4.89233e-06;0.170027;2.17385e-06;0.000153172;3.9432e-05;7.4952e-06;0.665368;0.000861271;2.72123e-06;0.0448736;1.42048e-05;3.28862e-08;0.00196799;0.116677
2.30384e-12;2.33888e-13;1;3.38097e-11;2.92557e-12;1.05376e-12;1.08812e-10;1.72545e-15;3.09454e-13;5.14358e-12;2.26615e-12;9.50706e-12;8.99721e-15;9.90247e-13
0.000110159;0.75175;0.000309174;1.37619e-05;8.36512e-06;3.27149e-06;3.13307e-05;0.0702891;3.39676e-05;9.85528e-07;7.53448e-05;0.0126842;0.164655;3.46226e-05
3.37365e-06;0.183338;1.61948e-06;0.00022901;0.00609871;3.06423e-06;3.48787e-08;0.206305;6.47601e-06;3.68996e-07;6.59077e-05;0.587901;0.0149362;0.001111
5.88986e-07;0.678031;3.39602e-05;4.66278e-05;8.80948e-06;2.64424e-08;1.8496e-05;4.80143e-08;5.79568e-09;0.000337795;3.19915e-07;3.9364e-07;1.66434e-07;0.321522
0.000189966;0.00919023;4.08916e-07;3.83126e-06;6.05543e-08;3.75252e-07;0.281306;7.50741e-05;0.159672;3.00656e-07;0.548642;4.01049e-06;0.000916556;1.61915e-08
2.69405e-07;0.998967;2.24004e-11;9.73355e-10;9.47591e-08;9.61518e-09;1.73149e-07;0.00066608;1.97399e-09;2.81639e-07;7.86983e-10;2.18494e-11;0.000361764;4.46476e-06
1.53874e-09;1.02875e-08;0.999945;1.12807e-07;8.15664e-06;1.53569e-06;8.00352e-09;6.42382e-11;2.0578e-10;9.82105e-08;2.11156e-10;4.40503e-05;1.56613e-10;1.19371e-06
7.822e-07;0.999486;5.1344e-08;2.01744e-06;9.97415e-07;1.63029e-07;3.47051e-06;0.000319463;8.0883e-06;1.6059e-08;6.98677e-06;6.18276e-05;0.000107227;2.68033e-06
0.000222737;0.0593373;5.86368e-06;0.000496365;0.000318401;3.92507e-05;0.00233974;0.0230038;0.0714154;7.31206e-05;0.0209083;0.809369;0.0106865;0.00178417
7.67432e-07;3.12815e-05;0.999924;1.95087e-07;9.66551e-07;1.24226e-07;2.02079e-07;3.74856e-06;2.4161e-07;1.31578e-07;1.17068e-07;2.05791e-05;1.92071e-06;1.53996e-05
4.0678e-06;0.926313;2.40027e-07;4.54082e-08;3.81372e-05;1.33849e-06;1.08571e-07;0.0728966;8.22225e-07;5.72617e-09;1.07783e-07;3.04926e-07;0.000130107;0.000614657
1.68151e-07;0.876173;7.50493e-11;7.70601e-08;7.45239e-07;2.82973e-06;3.9264e-07;0.000568454;1.30588e-06;2.04966e-07;9.49061e-08;8.37576e-08;0.0010499;0.122202
0.000428705;0.245523;0.00365067;6.19598e-05;1.60346e-05;2.61204e-05;0.145981;0.0687783;0.0988576;3.73487e-05;0.294176;0.000130279;0.142333;6.91043e-07
9.90456e-07;0.0391645;4.33892e-08;4.66937e-08;3.87269e-07;8.18089e-07;8.07852e-09;0.0106794;1.33664e-06;3.77609e-08;3.37601e-07;0.000226194;0.949923;2.84841e-06
8.43244e-06;0.0519746;3.46837e-06;7.43628e-05;0.0007286;0.000313066;2.53832e-07;0.00134069;0.000169202;1.16226e-05;0.000261283;0.80913;0.0023701;0.133614
3.53778e-05;0.0173562;7.21233e-09;2.52e-06;0.00520794;6.06839e-07;1.00165e-07;0.973002;2.40004e-06;7.57627e-06;3.6424e-07;0.000161723;0.000369921;0.00385358
0.000431019;0.000801742;0.000117002;2.95312e-06;9.68158e-06;1.2937e-07;0.00010965;0.987243;0.0060137;5.57343e-07;0.000292914;0.000498398;0.00447576;3.78446e-06
2.66043e-07;0.0112582;8.31288e-10;4.43018e-06;6.96605e-05;2.66139e-07;1.28927e-07;6.99784e-06;1.51433e-05;4.90977e-06;8.48957e-07;6.97421e-07;1.75438e-06;0.988637
0.000245126;0.00328726;1.84324e-05;6.40643e-06;2.33983e-06;4.09328e-09;0.0717625;0.00272552;0.902992;1.92822e-06;0.0189344;5.21646e-07;2.35882e-05;7.79552e-11
1.81271e-05;0.988079;2.88494e-06;1.61425e-06;5.17453e-06;2.25754e-06;2.96681e-07;1.32098e-05;4.3551e-07;6.52002e-07;4.55871e-08;2.59772e-06;0.011831;4.26824e-05
8.90966e-08;8.0579e-05;1.95919e-09;3.92508e-10;1.8894e-09;9.03856e-10;3.43733e-09;1.0374e-10;1.33682e-10;3.4519e-10;9.19384e-11;0.999908;5.99568e-07;1.08433e-05
1.80804e-06;0.00020863;5.30008e-12;4.36566e-09;0.000666686;1.40958e-07;5.62384e-08;0.999111;1.479e-06;9.28785e-10;2.24871e-08;6.21864e-06;4.31563e-06;1.04355e-07
1.01402e-05;0.0117629;0.948199;5.32877e-06;0.0148488;0.0183201;7.82148e-10;0.000542256;1.25542e-08;1.34735e-07;8.90586e-09;0.000407611;0.00358487;0.00231869
0.000103143;0.509256;8.06167e-07;3.76377e-06;0.000299972;6.9748e-05;3.81714e-06;0.449925;1.28354e-05;4.40442e-06;4.3157e-06;5.63297e-06;0.00159241;0.0387186
4.86259e-12;4.8674e-12;1;6.2359e-12;3.00766e-10;1.26871e-11;2.3884e-11;1.46796e-12;3.47895e-13;3.76902e-12;1.0107e-13;7.02988e-10;1.58155e-12;3.05104e-11
2.14695e-06;0.213568;0.00124254;2.16734e-05;0.000464711;7.53564e-06;2.00276e-06;0.758801;0.000119259;3.7663e-07;0.000159067;0.0161132;0.00943126;6.68864e-05
2.50165e-06;0.216938;1.97714e-07;0.000309178;0.00682958;0.0115992;3.33247e-08;0.00513479;3.28329e-05;2.7384e-05;0.000572231;0.264146;0.448744;0.0456638
0.00240091;0.151612;4.68013e-06;0.000721491;0.00020123;0.00297591;0.00187521;0.0966334;0.0029096;0.000238763;0.0212501;0.0691493;0.647416;0.00261153
9.18478e-06;0.998034;4.00835e-09;8.20497e-08;1.39153e-08;9.48318e-09;0.00176623;3.22777e-07;2.03832e-07;1.25746e-05;1.00441e-06;2.89143e-07;8.05432e-05;9.53199e-05
2.90054e-09;2.04403e-09;1;2.25308e-09;2.29081e-08;1.05503e-08;2.31652e-08;3.09162e-11;1.84989e-09;1.3542e-09;2.15369e-10;2.77025e-08;1.18961e-08;7.66292e-12
7.60219e-05;0.218808;4.50337e-06;0.000207975;1.65147e-05;4.80487e-06;1.27256e-05;0.0384321;0.0116172;2.67595e-06;0.0154379;0.0195366;0.695843;5.9131e-07
3.35957e-05;0.836894;1.29249e-05;5.09088e-05;7.80103e-05;5.71223e-05;6.49954e-06;0.0222258;4.35678e-06;0.000108283;9.472e-05;0.0621629;0.0780752;0.000195343
5.16485e-08;0.0108047;1.66309e-10;2.77775e-07;4.71661e-09;6.48934e-07;0.988212;2.02103e-09;4.6345e-07;0.000842195;2.38576e-06;1.31507e-09;6.79765e-07;0.000136688
1.96531e-09;2.15008e-09;1;1.48396e-08;2.52277e-10;1.61859e-09;3.56726e-07;2.76862e-12;8.64085e-09;3.07586e-09;4.20003e-09;4.52831e-08;1.28984e-10;2.9432e-11
1.89283e-05;0.00330535;6.76526e-07;2.69868e-08;2.08861e-07;5.99094e-09;9.13671e-07;0.99665;6.05754e-07;4.70679e-08;2.41198e-07;5.77654e-07;1.52597e-05;6.67526e-06
3.42826e-09;0.000290078;2.85895e-08;7.2169e-08;8.2044e-06;7.46954e-06;1.90598e-10;9.40637e-07;7.57165e-09;2.35845e-09;2.19375e-08;0.998607;2.33934e-05;0.00106248
3.05875e-07;0.00223328;2.86099e-10;4.92656e-07;9.27042e-06;6.21285e-07;5.21185e-07;4.27334e-05;5.58953e-08;1.52204e-07;5.46793e-07;1.37056e-07;0.99771;1.92355e-06
0.00605937;0.00963876;9.63808e-08;0.0312594;0.624096;0.0195247;1.24527e-06;0.100946;0.00112818;0.000155021;0.000766532;0.128437;0.067123;0.0108639
0.00335521;0.993285;4.79418e-08;1.04875e-06;6.81347e-07;8.14648e-09;2.7515e-08;2.82687e-05;2.52288e-05;1.05061e-07;1.04522e-06;0.00138381;0.00191871;6.51807e-07
1.98699e-06;0.947119;9.04074e-12;1.62632e-08;3.58121e-06;9.82997e-08;4.01886e-05;1.35961e-06;1.03237e-08;9.99028e-05;5.88424e-09;4.65575e-10;7.87721e-06;0.0527256
8.06447e-10;3.08823e-13;1;5.87944e-09;3.8759e-08;1.21461e-07;6.91127e-09;9.44623e-13;2.35722e-10;2.69832e-08;4.12591e-11;1.34623e-08;6.77879e-13;1.28507e-07
0.00113747;0.651097;6.00695e-06;0.019657;6.58156e-05;0.000345083;0.0111214;0.00239352;0.179995;9.02241e-06;0.0687303;0.00348357;0.0611518;0.000807123
0.000151907;0.983885;3.43564e-06;4.43862e-05;2.07927e-06;3.5303e-05;2.00033e-05;0.01119;0.00250212;3.45947e-06;0.0013817;0.000296178;0.000268274;0.000215824
2.31834e-05;0.992048;2.82881e-07;0.000160775;0.000184717;0.000238059;0.000931226;0.000182089;0.000172069;0.000209612;0.000436897;0.000341358;0.00240742;0.00266467
0.000666421;0.916718;1.34308e-05;1.99903e-06;0.00170366;3.67965e-06;7.60027e-06;0.0243382;3.29574e-06;9.01539e-06;8.76502e-06;0.0285556;0.00500091;0.0229698
1.65587e-06;0.27783;3.66117e-06;1.12955e-06;8.48649e-05;1.79703e-05;3.67025e-07;0.00260977;7.03875e-06;7.20659e-07;1.33246e-05;0.662695;0.0556244;0.00110999
4.49421e-05;0.604386;7.96143e-08;7.67093e-05;0.000709485;0.000393864;1.71571e-05;0.00488022;9.96365e-05;7.67737e-05;0.000156914;0.206017;0.151132;0.0320096
0.000129284;0.0345193;1.4522e-06;1.94533e-05;0.000488354;8.24765e-05;5.6008e-06;0.950792;0.000565712;1.24934e-06;0.000670451;0.00847512;0.00407104;0.000178143
5.6071e-06;0.997522;1.75879e-09;7.95997e-09;4.09984e-09;1.71985e-08;5.02311e-08;3.0324e-06;4.07438e-08;3.58662e-09;2.72493e-08;0.00229535;0.000172916;6.70403e-07
7.31683e-06;0.00380762;8.60936e-07;2.03944e-06;0.00104142;0.000657996;1.95341e-08;0.218736;2.59784e-05;3.66227e-08;6.27818e-07;0.773534;0.000649993;0.0015365
0.000109678;0.737048;1.51956e-06;2.8281e-07;7.29263e-07;6.03696e-08;3.32479e-08;0.0508165;2.16644e-05;3.7984e-09;1.2424e-05;0.00587564;0.206114;1.17847e-09
4.97952e-05;0.223859;1.99807e-05;2.68144e-05;0.0118751;0.00301524;3.28888e-07;0.127506;3.64885e-06;0.000579544;2.07226e-07;2.0724e-05;0.138902;0.494143
2.6737e-08;1.56786e-10;0.999999;9.6282e-08;2.55893e-07;4.76125e-08;1.50125e-07;6.88052e-10;7.84714e-08;2.42262e-08;1.52384e-08;2.8603e-08;5.76684e-10;3.08953e-08
1.93116e-05;3.65232e-05;0.998928;5.84688e-06;4.65483e-06;4.62298e-06;2.18371e-07;0.00081359;5.20508e-05;2.45443e-07;2.4904e-06;0.000125449;3.61242e-06;3.46803e-06
2.39018e-08;4.84419e-06;3.01084e-07;3.6769e-08;1.13081e-05;9.10843e-05;3.99798e-12;3.09558e-06;1.00217e-09;1.45143e-07;1.12037e-10;3.18567e-06;7.68231e-07;0.999885
6.35501e-06;0.00405841;1.5336e-09;1.79758e-06;2.45322e-06;7.1445e-06;3.87221e-08;0.00736799;0.000133298;2.49662e-08;9.68233e-05;0.000555308;0.987759;1.17766e-05
6.18454e-06;0.997765;3.13975e-09;7.59196e-06;2.80343e-07;4.01372e-06;6.67008e-08;0.00114884;7.36013e-06;3.49889e-07;1.0071e-06;2.00098e-06;0.000766321;0.000290927
6.23604e-07;0.99998;4.57314e-07;7.27091e-08;6.239e-10;3.05646e-09;4.06893e-06;5.79529e-08;3.73697e-09;2.12414e-07;1.18104e-08;6.36758e-06;6.76297e-06;1.07622e-06
1.73705e-07;0.992684;5.77663e-12;4.45978e-08;4.49143e-07;3.68827e-08;0.000986032;2.02904e-06;5.88109e-08;4.03149e-06;2.76612e-09;4.88325e-07;1.32735e-08;0.00632248
1.57455e-11;4.63643e-12;1;6.23503e-11;2.40466e-10;4.94004e-11;6.02849e-11;6.75296e-12;2.30361e-12;3.33268e-12;4.47776e-13;6.17705e-08;1.11947e-11;6.8936e-12
5.98638e-06;0.995153;1.39036e-06;7.30297e-07;1.55921e-07;2.9357e-06;1.92259e-06;0.00157624;1.1342e-05;1.71229e-07;3.65485e-06;4.24724e-05;0.00319287;7.23141e-06
4.03184e-09;0.999888;1.32615e-09;6.46444e-09;3.16418e-09;2.20044e-09;1.13403e-07;2.0003e-08;6.50166e-11;1.61659e-07;7.38656e-09;1.23099e-06;2.53679e-05;8.46554e-05
4.47255e-10;5.86814e-08;0.999999;6.98246e-09;7.21564e-08;1.00625e-07;2.41547e-07;3.23849e-09;1.43103e-09;1.35575e-07;7.23768e-10;3.11563e-11;5.86575e-10;3.04405e-08
4.88463e-10;5.71598e-10;1;6.95029e-09;1.65676e-10;3.6584e-10;3.00557e-08;2.4526e-09;1.08466e-08;3.88415e-10;4.66689e-08;3.83822e-09;4.54788e-09;2.0858e-10
8.95512e-09;8.98021e-08;0.999961;1.56807e-06;3.91884e-08;2.68002e-07;1.88819e-09;1.10106e-05;3.06752e-07;7.52936e-09;1.57724e-06;1.33174e-05;8.30405e-09;1.0883e-05
1.25491e-09;2.52263e-06;7.22638e-06;8.12261e-08;3.02789e-06;0.000118267;7.74917e-13;1.46565e-07;7.41964e-11;3.19762e-09;1.19915e-08;5.63058e-06;5.14015e-08;0.999863
2.75363e-08;0.0180874;4.63965e-09;7.54315e-08;8.32345e-08;1.51026e-06;7.43326e-10;1.42587e-05;3.47566e-09;6.95167e-10;1.32673e-06;2.46107e-05;0.98187;3.78333e-07
9.79458e-07;0.597065;2.54677e-08;1.20977e-05;5.0701e-06;0.000111112;1.72781e-10;0.387076;3.72743e-09;7.34868e-08;1.33255e-07;2.42973e-06;0.0156738;5.25714e-05
2.80184e-08;0.968378;1.29243e-10;7.74987e-08;4.62593e-08;5.71089e-07;3.62238e-06;4.62083e-06;6.34427e-10;8.93759e-05;1.39519e-08;1.65184e-11;2.92813e-06;0.0315206
5.14487e-12;1.76392e-13;0.999999;4.25288e-12;2.47623e-11;3.40208e-12;1.06937e-11;1.77849e-13;2.38894e-13;1.57201e-11;1.91233e-13;6.58821e-07;1.60722e-14;1.10828e-10
5.0738e-05;0.0101374;1.58022e-05;1.88683e-05;4.28836e-05;3.31607e-05;0.00235176;0.977258;0.000819448;6.80941e-05;0.00089869;1.58426e-08;0.00150009;0.00680524
4.97372e-09;1.13539e-08;1;8.04804e-10;8.3855e-10;9.37017e-12;5.76449e-08;2.5149e-10;1.51351e-09;3.28729e-10;2.97645e-09;4.1972e-09;3.65935e-10;3.05042e-09
1.97187e-05;0.00823569;0.274706;1.68561e-05;0.000140073;8.89612e-06;4.91763e-08;0.0197764;1.88975e-05;4.49184e-07;2.7378e-06;0.694327;0.0021393;0.000607718
3.16936e-05;0.509339;1.07447e-07;3.62134e-05;0.00611343;0.0718418;5.56133e-06;0.00641227;0.000326444;5.56793e-06;3.98624e-05;2.53006e-07;0.255155;0.150693
3.45593e-05;0.012149;0.895388;4.54665e-05;0.0318781;0.00334978;1.82793e-08;0.00943446;4.82185e-06;6.02911e-06;1.64531e-07;0.0178091;0.0167014;0.0131994
1.73126e-05;0.015342;4.42933e-07;7.9365e-07;4.28129e-05;3.61481e-06;5.27572e-07;0.966212;0.000157238;5.44359e-08;7.80249e-06;7.59796e-05;0.0181391;4.57267e-08
4.67089e-08;0.999216;1.31238e-05;3.24022e-07;9.58493e-07;2.04667e-06;5.50116e-11;0.000613064;1.85188e-10;8.60148e-08;4.30111e-11;4.61235e-08;0.000150194;4.37552e-06
1.59189e-07;3.66816e-06;0.999994;1.02271e-07;4.1098e-09;7.22982e-09;4.59377e-07;1.95923e-08;1.60085e-09;2.30334e-08;2.46516e-08;9.96412e-07;8.25457e-07;3.3057e-09
2.53479e-07;1.08668e-05;0.000246359;1.45427e-06;6.61759e-07;4.7488e-06;5.84536e-09;4.65806e-06;4.5433e-07;1.55647e-07;2.77688e-06;0.999323;1.15784e-05;0.000392527
1.94446e-06;0.846132;2.41512e-09;7.76697e-07;3.71316e-05;0.000785295;3.31793e-06;0.00022982;1.44802e-06;4.66678e-07;2.01123e-05;5.16101e-07;0.150869;0.00191873
4.41004e-06;0.0087626;0.0017461;2.05898e-05;0.000116793;8.90083e-05;8.0392e-08;0.000148982;1.86688e-06;4.46025e-06;1.1665e-06;0.97715;1.37875e-05;0.0119401
0.000161184;0.709699;0.000180758;8.58219e-05;0.000664119;0.00062634;9.7636e-06;0.100824;0.000444784;1.52089e-06;0.000107047;0.000127407;0.185365;0.00170343
2.89827e-06;0.00302567;1.15755e-07;1.85228e-07;3.23201e-05;7.67112e-06;5.50076e-09;0.944191;1.76273e-06;5.57433e-08;1.03212e-06;1.03041e-06;0.0527299;6.07707e-06
3.8458e-07;0.995309;7.44292e-08;1.2747e-07;3.64737e-07;3.17048e-07;2.57596e-05;3.63202e-06;7.68027e-10;0.000326404;2.64503e-09;6.29643e-08;0.000207101;0.00412703
2.14695e-09;1.6022e-11;0.999996;1.03979e-08;1.22243e-08;7.82467e-09;1.5984e-07;1.30276e-14;1.22865e-09;8.40105e-09;1.88048e-09;3.79713e-06;1.6866e-12;1.02582e-09
1.18428e-06;0.99965;1.086e-10;1.9144e-09;1.29112e-08;7.87214e-10;9.53179e-05;6.13681e-05;4.66806e-08;7.76606e-07;1.60722e-08;2.93174e-12;0.000186113;5.20098e-06
6.36775e-10;5.85716e-10;0.999995;3.41715e-09;6.30527e-08;1.21284e-08;2.50183e-09;4.10372e-11;2.6504e-10;5.82041e-09;2.402e-11;4.46575e-07;4.92271e-12;4.52613e-06
2.15199e-07;0.0367191;1.71543e-11;1.95112e-06;3.4061e-08;9.54869e-05;2.94812e-06;6.19682e-06;1.09552e-05;2.06022e-08;5.59836e-07;1.19415e-09;0.963157;5.66733e-06
1.20284e-07;1.03872e-05;0.999891;1.78662e-07;7.93659e-10;2.27731e-09;2.20414e-05;1.84499e-08;2.57669e-08;3.2968e-06;9.16381e-09;7.03802e-05;3.2677e-09;2.26695e-06
8.76685e-09;1.76831e-08;0.999979;6.10633e-08;6.86383e-08;2.27617e-09;1.21411e-05;3.16979e-09;8.63517e-06;1.73769e-08;4.89698e-07;6.77934e-08;1.98837e-10;3.51766e-10
7.24746e-08;0.993948;8.80214e-07;4.12279e-08;1.15791e-09;9.16561e-09;5.09839e-07;1.89347e-09;4.89713e-09;9.45029e-09;2.7441e-08;1.3538e-08;0.00605058;1.03677e-09
1.03595e-06;0.0187057;1.61613e-05;4.24057e-08;5.20822e-06;3.78392e-07;2.43181e-09;0.0125469;1.7686e-08;5.45506e-09;2.10584e-08;0.967235;0.000831867;0.000657194
4.80506e-08;0.853492;8.78223e-07;1.21498e-05;0.000386371;6.81496e-05;4.5555e-09;0.1349;2.13949e-07;5.2798e-08;8.68135e-08;0.00985682;0.00102049;0.000262719
5.38302e-08;4.89511e-05;2.24266e-08;2.18729e-08;4.09444e-11;1.99582e-06;2.88191e-08;2.9809e-08;7.47958e-08;7.60939e-09;7.32661e-07;7.40674e-07;0.999947;1.49095e-11
2.28663e-09;7.0862e-09;0.999999;9.17753e-09;5.23907e-10;2.40015e-09;5.8011e-11;5.72688e-10;2.13151e-10;3.35078e-09;3.52213e-10;1.28752e-06;1.26944e-08;1.69378e-09
5.71913e-06;0.993339;1.45326e-06;3.08775e-05;1.13655e-05;3.81732e-05;6.76807e-06;0.00518278;0.000310628;1.1901e-06;0.000216218;1.85906e-06;0.000704712;0.000148819
