9.32026e-08;1.69906e-06;2.54225e-13;4.29156e-10;1.81319e-10;1.16126e-10;6.99404e-10;0.999996;1.85073e-06;5.67126e-11;3.38572e-08;6.47311e-10;5.42654e-07;1.41206e-10
2.59267e-06;0.00196846;7.97606e-06;4.38395e-06;2.37341e-05;1.80446e-08;2.92469e-07;0.00137217;3.21406e-05;5.05766e-08;4.75911e-07;0.996162;3.77397e-05;0.000388466
7.49365e-07;0.989228;9.52361e-11;1.07561e-07;5.37739e-09;1.26735e-08;5.49305e-06;0.00832296;4.68995e-06;4.45592e-07;5.50866e-08;4.9563e-10;0.00243666;1.14427e-06
1.25052e-12;9.90458e-13;1;1.15416e-09;9.11095e-10;4.23786e-10;9.03373e-13;6.61903e-12;2.34148e-13;2.16884e-11;4.70126e-13;1.14973e-07;6.52677e-13;3.40103e-09
2.05056e-07;0.996371;0.00116474;2.38042e-05;9.97957e-06;7.36499e-06;1.46869e-06;0.00159921;8.82511e-08;7.96728e-08;7.55187e-07;3.45667e-07;0.000818549;2.85379e-06
1.05381e-06;0.966641;3.08621e-06;7.71425e-06;1.4552e-06;7.74018e-05;5.43669e-08;0.0035053;6.55077e-08;4.66757e-07;5.13033e-07;0.00013187;0.0145972;0.0150329
4.27552e-07;0.00579069;2.09191e-08;2.79184e-07;2.43261e-05;5.01384e-06;8.38919e-10;0.00335911;1.57007e-07;1.25917e-08;2.24314e-05;0.000864102;0.989919;1.45949e-05
3.34814e-06;0.986932;5.50248e-06;0.000197746;0.000161876;0.000558358;1.22294e-07;0.000704418;1.9384e-05;5.53961e-06;0.000189697;0.00213005;0.00717818;0.00191422
1.73483e-07;0.000371156;6.35063e-06;3.39809e-05;0.0130721;0.913015;3.78516e-08;0.00381181;1.41148e-06;4.88158e-06;7.93494e-06;1.2086e-05;0.000488307;0.0691752
2.44179e-06;0.00318781;2.23732e-10;3.31041e-07;3.43265e-08;8.65079e-07;3.42562e-08;0.0443333;7.26685e-06;3.37883e-09;0.00012275;5.0851e-05;0.952294;7.9284e-10
2.29959e-06;0.697948;2.34419e-09;7.1666e-08;5.96247e-09;1.86304e-07;1.01266e-07;2.36897e-05;2.69056e-09;9.398e-09;9.48836e-08;0.000246712;0.301778;6.86329e-08
7.2077e-07;0.0396983;4.77294e-07;2.88404e-05;0.00034339;0.00049457;1.39158e-07;0.00871914;5.39339e-07;1.56156e-06;1.66598e-05;0.936922;0.0114801;0.00229342
2.0502e-05;0.496078;5.33577e-08;0.0704463;0.00180997;0.0145609;2.53267e-05;0.135881;0.000199122;0.000249307;0.152319;0.000361726;0.0405379;0.0875102
0.000670851;0.670867;4.11981e-05;0.000463123;5.53817e-06;2.71895e-06;8.04935e-05;0.0212553;0.000212637;6.1099e-05;0.0458732;0.240411;0.0200482;7.82038e-06
4.58143e-07;0.998625;3.99106e-08;2.57074e-06;8.47813e-07;1.2406e-05;0.000260676;7.54623e-05;6.48941e-07;0.00053576;2.00727e-06;6.4752e-11;0.00047742;7.272e-06
3.95082e-10;7.95754e-11;1;2.789e-08;1.37469e-08;6.31184e-09;1.11245e-09;1.05092e-11;9.41935e-10;8.81034e-09;9.3656e-10;2.84467e-07;3.57841e-13;3.37615e-09
8.20241e-06;0.977713;2.17215e-08;1.80755e-05;8.44516e-06;0.000130194;1.03086e-06;0.00104038;0.000163841;9.03501e-07;0.000197562;7.53346e-05;0.0206304;1.26049e-05
5.71886e-05;0.597692;1.11297e-06;1.12777e-06;5.60099e-08;2.42679e-06;1.82134e-05;7.71819e-05;1.28066e-06;1.21646e-06;0.000154469;0.0155478;0.386446;3.7291e-07
3.90334e-06;0.399233;1.48622e-09;1.68694e-05;4.01262e-05;0.000150742;1.50853e-06;0.00308854;7.02314e-05;2.69312e-07;0.000549618;0.366682;0.229984;0.00017961
9.98549e-05;0.0391796;6.94362e-08;0.00792562;0.0211926;0.00466974;2.41489e-07;0.854833;0.000599743;2.4856e-05;0.00935069;0.0533238;0.00277475;0.00602594
0.000612662;0.611655;0.000110996;6.21288e-05;3.42683e-06;1.93667e-06;2.75657e-06;0.00165615;0.000195456;6.07979e-06;0.000642244;0.267461;0.117578;1.22476e-05
0.000349318;0.372156;4.62473e-06;0.000340815;0.00161679;0.000446232;4.26013e-06;0.0589479;0.000223411;3.56174e-05;0.000796563;0.0379269;0.527083;6.90383e-05
0.000317132;0.230716;0.000315577;0.000276045;0.000191907;7.33436e-05;4.03422e-07;0.304441;4.12038e-05;3.12663e-05;5.53821e-05;0.0659003;0.397256;0.000383861
5.25804e-06;0.89225;1.52952e-06;0.0011225;0.00166144;0.000673692;6.12678e-06;6.87807e-05;1.64941e-05;0.000748081;6.37794e-05;4.9983e-05;0.000222445;0.10311
6.58035e-05;0.000872359;3.13458e-06;9.4825e-05;0.914753;0.0590544;7.27196e-06;0.0184363;0.000287589;8.71489e-05;2.96145e-06;1.08203e-06;0.000726424;0.00560733
1.28916e-07;3.08658e-09;1;1.21989e-09;5.05571e-08;4.25949e-11;4.81303e-10;1.26065e-08;1.88213e-09;1.49121e-10;2.19745e-11;2.41278e-09;5.00769e-11;2.5822e-10
3.77395e-06;8.8258e-06;0.000289408;9.13826e-07;4.79192e-07;1.39167e-06;6.91237e-11;1.45553e-05;4.58974e-06;1.45248e-09;5.73885e-08;0.999672;2.7204e-06;1.09842e-06
3.25129e-05;0.996772;1.27699e-07;1.06764e-07;2.76907e-07;1.78143e-06;9.24348e-05;0.000241091;3.76908e-07;2.58113e-05;5.80755e-06;4.20853e-08;0.0027501;7.74548e-05
9.64652e-10;6.44217e-09;0.999981;3.7032e-09;4.54317e-08;7.27789e-10;4.6246e-11;6.88573e-12;2.37332e-10;8.42234e-11;1.16206e-10;1.93367e-05;3.8318e-12;1.1312e-09
2.15301e-05;0.992481;0.00011646;3.20769e-07;9.89293e-05;7.38059e-08;2.80996e-08;0.00610479;5.87787e-07;3.04519e-08;1.691e-08;0.00113309;1.33824e-05;2.97703e-05
6.9576e-08;0.000135547;3.86323e-08;1.87806e-10;2.20362e-05;4.63227e-09;9.1033e-11;0.999793;1.36411e-08;2.34344e-09;7.92433e-11;2.84589e-08;4.91384e-05;2.48784e-08
3.67275e-10;3.54668e-07;0.999989;2.29211e-08;4.47346e-06;1.69289e-06;1.42116e-11;8.07332e-11;1.14746e-11;1.00224e-08;9.21599e-11;4.78157e-06;6.21262e-08;8.05099e-08
2.59663e-08;0.99988;6.4486e-07;4.96877e-08;9.86067e-08;1.87048e-07;3.97644e-08;8.74265e-05;5.60888e-08;4.54005e-09;1.14288e-07;4.14486e-06;2.68321e-05;2.24465e-07
