2.90481e-07;0.999802;1.33178e-05;1.06824e-07;3.9002e-07;1.88357e-07;5.80929e-10;4.08598e-05;2.8638e-10;2.12503e-08;1.6805e-10;1.75685e-07;0.000142009;5.88832e-07
9.50232e-08;5.09127e-07;0.999972;2.92643e-08;8.81144e-08;2.10476e-09;1.18067e-07;1.43391e-07;5.18198e-09;5.13233e-09;1.54256e-08;2.64124e-05;6.10179e-08;7.97105e-09
1.03837e-07;8.97021e-06;2.19171e-05;8.89009e-07;3.22345e-06;2.46e-07;2.04374e-09;6.54839e-05;5.24461e-07;8.50999e-08;1.31511e-06;0.0015021;4.09191e-07;0.998395
5.614e-07;5.97026e-05;8.59258e-10;2.23095e-08;0.000112112;8.32437e-06;2.61565e-07;0.999808;5.00065e-06;1.00139e-09;1.1909e-07;4.77574e-09;5.4056e-06;2.40781e-07
4.17475e-08;5.33965e-06;0.998627;5.71129e-08;8.06993e-06;3.40687e-07;1.24102e-10;1.05985e-08;4.00021e-12;3.31378e-09;1.95916e-11;0.00133877;9.9862e-08;2.07814e-05
8.85003e-08;0.999881;2.93995e-09;1.36959e-08;4.21906e-07;1.56626e-09;4.83235e-07;3.10107e-05;3.07327e-07;8.85746e-11;7.1197e-07;7.83337e-05;8.03298e-06;1.99357e-09
7.02391e-07;0.270259;5.22143e-05;4.9069e-07;3.17183e-05;1.17662e-05;1.33763e-08;6.8671e-07;1.53018e-10;6.78283e-08;6.72205e-10;0.000191693;0.729428;2.32993e-05
5.7238e-07;0.289191;0.000333261;9.56546e-07;4.37758e-05;4.69359e-06;2.40532e-08;0.0431513;4.51385e-08;2.68919e-07;6.82373e-08;0.510239;0.154859;0.00217661
3.28445e-08;0.0127381;7.19197e-10;0.000131203;0.000184586;0.512882;1.21033e-06;9.14523e-05;2.14963e-06;1.79185e-05;1.07867e-05;8.39577e-09;0.459187;0.0147542
1.39033e-07;3.49156e-07;0.844032;1.62976e-07;9.38049e-09;3.54098e-07;6.86656e-09;3.64056e-07;2.98962e-10;5.51298e-08;1.55582e-08;0.155911;5.57518e-05;2.30753e-08
2.49835e-06;0.98237;6.87537e-08;7.69334e-08;7.81397e-08;2.20974e-07;5.05284e-07;0.0149141;1.35262e-06;3.35807e-09;2.27309e-05;1.35643e-06;0.00266095;2.56242e-05
7.99218e-07;0.967897;6.31598e-09;4.17219e-09;2.1519e-08;2.60338e-08;0.000190745;3.36668e-06;2.87659e-08;6.52369e-05;7.54618e-09;1.73979e-08;1.54686e-06;0.0318409
1.51438e-11;2.85365e-10;1;1.1142e-09;2.7772e-09;5.80298e-09;3.13161e-09;5.97816e-13;4.19526e-11;1.70257e-09;2.79167e-10;3.19813e-07;1.05692e-11;1.29513e-10
3.84602e-07;0.995475;5.53862e-10;4.26843e-08;5.29744e-10;8.66714e-10;5.53185e-06;2.03324e-07;2.21243e-07;9.26364e-09;3.11194e-06;7.37434e-08;0.00451562;2.7956e-09
9.05355e-05;0.23263;0.000577499;3.39232e-05;0.00783223;9.2943e-05;2.02973e-06;0.00941205;2.4116e-06;8.71412e-06;5.61161e-06;0.733823;0.00278329;0.0127058
1.34953e-06;0.675568;2.14998e-08;5.85903e-05;0.000319892;0.00617305;0.000359517;0.079311;3.31078e-05;7.89356e-05;8.81151e-05;3.48997e-07;0.237198;0.000810194
3.29824e-12;9.46854e-12;1;2.5583e-11;1.42776e-11;1.14148e-12;2.6696e-11;6.69795e-13;3.61354e-13;7.64411e-12;5.53844e-13;4.66298e-10;3.1931e-11;4.76447e-12
1.09146e-07;0.000104883;0.999751;4.60677e-06;6.52362e-07;2.60627e-06;1.57845e-08;4.51502e-05;1.78764e-07;4.61097e-08;8.55392e-07;3.91345e-05;1.4794e-05;3.60305e-05
6.00232e-09;5.64887e-05;9.4152e-07;1.37445e-08;3.89971e-06;0.000113029;5.84413e-13;4.06089e-07;8.98474e-11;9.85701e-09;9.43989e-10;1.60882e-05;5.64469e-07;0.999808
3.83318e-07;0.000743795;2.52018e-09;1.066e-07;2.11926e-06;1.89755e-05;1.627e-10;0.00698425;1.21671e-07;2.38084e-09;7.44922e-07;5.08319e-05;0.992195;3.3539e-06
5.86935e-07;0.0177026;5.19943e-08;2.04165e-07;0.000239908;0.000257747;3.81676e-09;0.975247;5.40057e-08;4.5869e-07;3.49052e-08;3.84031e-05;0.002797;0.00371539
1.03066e-06;0.00196408;3.91038e-09;3.18419e-06;6.46313e-06;1.26674e-06;2.04427e-08;0.978541;1.35943e-06;8.39297e-08;4.20411e-06;0.00198615;0.01749;1.57235e-06
5.64339e-06;0.996872;1.46562e-08;2.02588e-08;1.84596e-09;4.83197e-10;3.29954e-06;5.59843e-06;5.64958e-09;1.33963e-08;2.07953e-08;0.000125565;0.00298769;4.91245e-08
1.3984e-06;0.00108619;2.94462e-07;0.000166962;0.16105;0.000433523;1.8294e-05;0.00867683;5.70008e-05;1.1684e-05;3.66264e-05;0.774239;0.000383862;0.0538381
8.88632e-06;0.0151141;0.0042182;0.000132543;1.03246e-05;0.000139324;4.0189e-05;1.536e-06;9.4631e-07;4.84228e-06;0.000157843;4.17713e-07;0.98017;1.00417e-06
2.85329e-05;0.0168664;0.979719;3.83728e-06;1.34038e-06;6.25813e-07;5.64183e-06;4.15073e-05;1.07522e-06;1.24902e-06;2.04954e-06;0.00301598;3.28293e-05;0.000280178
1.677e-05;0.589784;0.000410891;0.00143359;0.143355;0.0414044;2.75742e-05;0.00474173;0.00597343;3.12909e-05;0.00159644;0.00688412;0.0280911;0.17625
3.08242e-06;0.98462;4.90405e-11;1.45397e-06;9.65052e-07;4.39234e-06;9.80919e-07;0.000198365;3.32333e-06;7.96522e-07;1.31899e-05;5.10994e-05;0.0145508;0.000551888
0.000129143;0.728116;0.148051;0.0019079;2.1304e-05;1.51764e-05;7.69255e-07;0.00144752;8.88466e-05;7.49408e-06;0.000201477;0.119882;1.37808e-05;0.000117794
0.000224656;0.971925;0.000637809;1.33197e-05;5.91245e-07;3.33268e-06;5.50692e-06;9.787e-07;5.90265e-08;1.25008e-06;6.01008e-06;0.00106409;0.0259207;0.00019669
3.99916e-07;0.00430441;1.16333e-06;8.58522e-09;2.4922e-05;3.3174e-08;1.04329e-08;0.0198316;1.34338e-07;2.09108e-09;1.13193e-06;0.95657;0.0191695;9.67932e-05
2.83285e-06;0.426904;4.74238e-07;0.000194123;0.00104357;0.0632229;2.94317e-06;0.00531196;0.000458824;1.41456e-05;0.000132436;0.000845305;0.492257;0.00960992
0.000145248;0.0115744;0.509512;6.25534e-05;7.57456e-06;6.57463e-05;3.68405e-06;8.93313e-05;6.70248e-06;2.65993e-06;1.21681e-05;0.476013;0.00247564;2.97634e-05
3.33553e-06;0.875116;2.52752e-06;1.49737e-06;3.36929e-06;3.10521e-05;2.01366e-08;0.043603;3.66255e-06;3.9696e-09;2.95072e-05;2.06995e-05;0.0811141;7.14951e-05
8.82614e-07;0.998274;6.01586e-06;3.68333e-05;9.17799e-05;5.32288e-05;1.74017e-07;0.000834659;1.24687e-05;1.88597e-05;3.01544e-05;1.19879e-06;0.000240527;0.000399447
1.89303e-07;4.47984e-05;7.35864e-06;7.34607e-06;0.199067;0.0271974;1.86686e-08;8.11126e-05;1.59739e-07;3.17379e-05;8.45439e-08;0.000342778;3.78208e-05;0.773182
6.0281e-06;0.00141146;1.73589e-09;1.31012e-07;2.22328e-07;3.24785e-08;2.30423e-07;0.0849283;3.25647e-06;8.61841e-09;6.1128e-06;2.73875e-06;0.913641;9.99717e-09
1.87495e-05;0.0169172;1.61239e-05;1.54234e-06;6.16118e-07;3.47725e-08;1.66238e-06;0.000217306;1.3216e-06;2.04727e-06;3.23414e-06;0.979343;0.0023457;0.00113172
1.76227e-07;0.99954;2.53836e-06;2.29199e-07;6.20792e-07;2.47358e-10;1.38674e-08;0.000361363;2.1381e-09;1.51023e-08;8.82917e-09;9.21074e-05;2.51582e-06;1.91131e-09
5.25491e-05;0.668599;0.00246348;0.000108437;4.64616e-05;7.48423e-05;3.7502e-06;2.50329e-05;1.92783e-08;9.07795e-06;2.51869e-06;0.000398779;0.328196;2.04102e-05
1.90749e-07;0.989495;2.34082e-09;1.65745e-09;2.5275e-08;9.69931e-11;0.00341221;2.71353e-07;1.11075e-09;8.75434e-06;7.85407e-08;8.98751e-05;2.48846e-07;0.00699364
8.28678e-11;2.46776e-10;0.999998;3.04736e-10;2.24804e-06;1.76371e-07;8.82875e-10;1.05645e-09;8.19823e-10;2.53672e-10;1.89606e-10;4.04943e-08;9.76402e-12;9.08741e-09
1.70728e-05;0.0119233;1.05675e-07;1.08146e-05;0.00129865;0.00674428;9.50809e-08;0.0118486;7.57218e-06;2.35486e-07;4.19349e-05;1.63006e-07;0.967116;0.000990854
2.25917e-05;0.00165411;0.978697;5.5447e-06;2.88589e-06;1.34047e-06;2.94338e-07;3.3545e-06;6.74583e-08;3.99289e-07;4.06503e-07;0.0194866;6.74192e-06;0.000119002
1.87952e-06;0.994692;9.7411e-07;9.01856e-08;9.30418e-07;1.85063e-06;7.84541e-08;0.00181759;4.24777e-07;1.11875e-09;5.599e-07;7.73152e-07;0.00345898;2.37625e-05
1.82844e-07;0.0362872;1.08559e-09;3.69255e-08;2.23073e-06;0.000307812;1.41184e-09;0.000109884;1.19829e-07;6.43548e-09;1.53734e-07;3.37906e-06;0.963228;6.12452e-05
1.52668e-05;0.00819769;0.441432;0.000154489;0.00138668;3.25337e-05;3.72066e-07;0.000893426;2.79986e-08;7.23299e-05;3.44046e-07;0.533485;0.00048076;0.0138487
2.1304e-05;0.126283;2.09522e-08;2.92079e-06;1.81653e-07;9.45639e-06;0.00159002;0.000382092;0.0001011;6.30087e-06;0.000146693;3.7395e-09;0.871457;2.3734e-07
9.96215e-09;5.4344e-08;1;6.84613e-09;3.53968e-09;3.69849e-11;3.96095e-08;2.4306e-10;8.20367e-10;7.72474e-10;1.42121e-09;2.9051e-07;2.43138e-10;3.10419e-09
1.90317e-06;0.0199836;0.000324828;5.77102e-06;2.23069e-07;3.49775e-07;3.83061e-09;0.00200654;1.68304e-05;5.93592e-08;4.19959e-06;0.977653;1.97366e-06;5.93328e-07
7.14525e-05;0.0249616;7.49256e-06;2.55958e-06;1.92125e-05;1.64218e-05;5.56439e-06;0.970172;5.96263e-05;1.97636e-06;0.00036058;0.000293029;0.00402436;4.01435e-06
3.93345e-09;0.99847;3.91645e-11;5.21907e-09;2.2687e-07;2.89664e-07;1.42455e-05;3.59597e-08;1.09192e-10;2.74314e-06;4.74604e-10;4.01458e-10;4.5399e-07;0.00151165
6.88143e-13;1.83085e-14;1;1.01568e-12;4.64025e-11;4.26617e-12;3.21348e-12;1.0236e-12;8.77125e-14;1.82343e-12;1.1726e-13;3.71378e-10;5.73413e-14;3.68234e-14
9.9369e-06;0.00406242;8.5272e-05;3.36535e-05;9.37894e-05;0.000112395;1.24699e-05;0.954049;0.0128561;5.63727e-06;0.00900143;0.000689494;0.0189862;2.66319e-06
