3.15085e-07;0.999213;6.40802e-11;2.29097e-08;1.35406e-10;1.23781e-08;2.73612e-07;6.4083e-08;2.45101e-07;2.93756e-09;8.00472e-07;2.84903e-05;0.000756867;2.98929e-09
2.12243e-06;0.999356;8.08683e-10;1.97742e-06;6.89815e-08;8.30362e-06;1.05706e-06;2.39005e-05;5.93201e-06;3.51465e-07;9.51024e-06;0.000403342;0.000119316;6.76862e-05
6.27926e-06;0.996745;5.61943e-07;9.9217e-08;7.06496e-08;2.58498e-06;1.50679e-06;1.89077e-06;3.37128e-08;1.85047e-08;7.36198e-07;0.000561624;0.00267865;1.31881e-06
7.18354e-05;0.0290222;0.00114482;3.31191e-05;0.00336691;0.0024248;2.28868e-06;0.0528334;4.62796e-06;9.34991e-05;1.09216e-05;0.000197024;0.000271645;0.910523
1.35412e-05;0.0300643;9.9626e-06;0.000285806;0.00163256;0.298386;4.78701e-05;0.00283313;0.00293537;8.01383e-06;0.00753193;0.00192628;0.646149;0.00817673
6.56785e-06;0.058298;0.932341;1.4549e-06;7.32602e-07;3.18447e-07;8.70599e-05;4.70178e-07;1.5724e-07;3.34421e-05;5.849e-07;0.00918277;2.16372e-05;2.58689e-05
7.90937e-07;3.00804e-07;0.999973;2.0508e-07;2.09176e-07;2.82955e-07;2.55141e-06;9.8614e-10;9.1863e-06;1.59597e-08;3.74436e-06;9.75421e-06;2.10211e-07;6.67977e-09
0.00102038;0.814468;3.61271e-06;2.54076e-06;7.66223e-06;1.9821e-05;1.22867e-06;0.0377627;0.00119455;1.09726e-06;0.000183794;0.00680007;0.138436;9.90824e-05
1.93383e-05;0.634085;4.61649e-06;3.00823e-06;0.00459939;7.6628e-06;1.38789e-07;0.0210036;4.78888e-07;1.01423e-05;4.68049e-06;0.273028;0.0465212;0.0207124
2.10129e-05;0.774894;1.23038e-06;0.000338662;0.00295897;0.0012672;0.000132891;0.178924;1.10945e-05;0.00353153;6.34825e-06;2.43275e-06;0.0148167;0.023094
2.11956e-11;5.36541e-14;1;3.76656e-11;6.94981e-12;4.08159e-14;1.25085e-10;1.45487e-14;5.41546e-13;1.41025e-11;3.17501e-12;1.97906e-10;2.54881e-14;9.39235e-13
5.03121e-05;3.93192e-05;0.997576;1.49903e-05;4.87827e-06;2.75834e-06;1.38763e-05;0.00216108;6.37648e-05;1.27072e-06;7.22819e-06;4.28927e-05;5.85779e-06;1.57916e-05
1.89409e-08;8.35641e-07;2.08319e-06;6.52371e-09;5.0746e-06;1.14056e-05;1.60005e-11;1.73578e-07;2.73255e-10;2.21466e-08;2.63753e-11;3.23207e-06;2.9258e-07;0.999977
2.2927e-05;0.00334261;3.52647e-09;1.18924e-06;7.25183e-06;1.36537e-05;1.72678e-08;0.136932;0.000110644;3.08977e-08;5.75589e-06;0.00108151;0.858438;4.40178e-05
4.23053e-06;0.998902;1.01875e-09;1.48388e-06;6.65351e-08;4.1704e-07;6.93623e-08;1.90093e-05;6.28529e-07;1.69702e-07;3.49496e-07;3.75675e-07;0.000975647;9.57857e-05
3.56766e-07;0.999512;1.25323e-08;3.40634e-08;1.24618e-09;1.06439e-10;1.38553e-05;9.95345e-07;9.58022e-10;9.29558e-06;1.88251e-09;2.09884e-07;6.22305e-07;0.000462959
2.02961e-10;7.27605e-11;0.999978;4.01718e-09;2.20857e-05;5.35088e-09;6.88746e-09;7.95123e-10;3.93384e-10;3.5177e-08;3.50859e-10;2.90259e-07;9.36584e-15;9.16202e-08
4.44205e-08;0.989926;0.00155625;2.27249e-06;3.81847e-06;1.28158e-06;1.10841e-07;2.14851e-06;1.43657e-09;2.8852e-08;1.15326e-07;1.12249e-06;0.00850675;1.08934e-07
2.34333e-07;0.0405671;2.4858e-06;2.74684e-07;5.53872e-08;3.29219e-06;1.21177e-07;1.02044e-05;6.13858e-09;1.28233e-08;4.48852e-07;0.76521;0.194164;4.23318e-05
2.03916e-06;0.00189832;2.14849e-06;4.31243e-07;0.000377213;0.00811065;4.75512e-07;0.9726;2.46492e-07;2.30716e-08;5.08066e-07;7.48665e-06;0.00718243;0.00981771
1.54262e-05;0.106673;0.00257169;0.000236835;0.00110238;0.0265835;9.05569e-08;0.0126896;4.09737e-05;1.25e-07;0.000381188;0.0875825;0.560583;0.201539
9.07929e-06;0.981748;4.0231e-06;1.79099e-07;2.6349e-06;1.08233e-06;6.63171e-09;0.00459718;3.88875e-07;3.16841e-08;2.17709e-07;7.34141e-05;0.0135269;3.74e-05
2.53516e-06;0.890961;3.45477e-07;2.10776e-06;0.00736211;2.34623e-05;9.62562e-08;0.0213478;4.70907e-07;8.62158e-06;2.01457e-06;0.0458089;0.00935713;0.0251235
8.22521e-05;0.713353;1.77049e-06;0.00101971;0.0061107;0.00244069;0.000583184;0.223826;5.65438e-05;0.00574035;5.7557e-05;5.16897e-05;0.0390731;0.00760324
1.30561e-09;5.83603e-12;1;3.82499e-10;1.13231e-10;1.17166e-12;4.59854e-09;1.22568e-12;1.74608e-11;2.32564e-10;2.76571e-11;2.78952e-09;3.80343e-12;4.63319e-12
4.02099e-05;3.81879e-05;0.994991;2.90769e-05;2.54375e-05;1.19178e-05;2.67832e-06;0.00118157;4.20332e-05;1.11954e-06;2.64276e-06;0.00356305;6.74988e-06;6.42272e-05
1.99605e-07;0.000440091;3.094e-05;3.9402e-08;1.32607e-05;0.000602038;7.14564e-11;2.81233e-06;4.96104e-10;2.20898e-07;3.30881e-11;2.31712e-05;9.24587e-06;0.998878
7.59922e-06;0.00527098;1.37243e-09;5.47062e-07;1.9499e-05;6.69622e-05;2.00152e-09;0.0657979;1.6068e-05;2.64507e-08;5.91473e-07;8.56694e-05;0.928637;9.75661e-05
5.75564e-06;0.000276924;5.55285e-11;3.14678e-09;4.86605e-08;1.58469e-09;5.01364e-10;0.999573;2.1373e-07;1.17698e-09;4.76069e-09;5.07113e-09;0.0001445;4.51437e-08
1.64768e-08;0.024194;1.57056e-07;7.28473e-07;6.37792e-08;2.06067e-07;8.1143e-06;2.9636e-08;1.9946e-10;0.000156841;2.22378e-10;1.48718e-10;1.29026e-05;0.975627
1.53263e-11;9.30003e-14;1;3.54169e-10;7.52399e-11;6.05617e-10;1.80706e-08;1.38439e-13;1.44921e-11;2.49871e-09;1.24248e-10;2.29855e-13;3.92003e-15;2.44559e-09
7.96562e-07;8.50794e-05;0.999814;7.78111e-07;6.516e-08;2.0873e-08;8.64106e-05;3.42861e-07;2.77147e-07;3.59976e-08;5.65075e-06;2.04315e-07;5.04006e-06;1.1053e-06
5.02508e-08;7.16995e-06;8.25809e-05;1.40841e-06;2.59846e-07;5.25482e-07;1.60177e-10;7.81051e-05;4.72816e-08;9.07707e-09;1.78179e-07;0.999638;1.80946e-06;0.000190312
2.11853e-07;0.981753;2.01783e-10;5.88318e-06;1.60377e-06;0.000106471;4.52634e-06;7.17247e-05;1.06673e-06;3.51521e-06;6.99807e-06;8.35919e-09;0.0180164;2.81486e-05
1.26145e-08;4.70279e-05;2.98213e-06;3.57843e-07;2.01353e-06;4.24022e-06;7.21057e-11;3.17257e-07;6.72708e-10;6.0387e-09;1.06543e-08;0.999844;3.73006e-07;9.90101e-05
1.64911e-05;0.0890979;5.65573e-06;1.0254e-06;1.44135e-06;0.000298545;0.00828151;0.000634729;3.58422e-05;5.23449e-06;5.06879e-06;1.9798e-09;0.901613;3.78617e-06
2.66217e-07;0.00175617;0.998233;1.48421e-06;1.22273e-06;3.42946e-06;1.98362e-06;8.04341e-08;4.37412e-08;2.7044e-07;9.08929e-08;2.78128e-07;1.88537e-06;1.19461e-07
1.9489e-06;0.0688747;0.00154432;2.8306e-05;7.20756e-07;6.6118e-06;4.69257e-09;0.000583058;1.2409e-06;2.46213e-07;1.2759e-06;0.928812;0.00014176;3.87715e-06
3.40433e-07;0.986482;1.71477e-10;4.45302e-08;2.64464e-07;1.43102e-07;4.90631e-08;1.72772e-05;5.95683e-09;9.69631e-08;3.97803e-08;3.19313e-08;0.0134298;6.99295e-05
1.73971e-10;3.51769e-09;0.994183;5.12884e-10;4.05199e-08;1.08903e-08;4.49988e-12;2.83569e-10;1.33106e-12;3.35531e-10;1.88212e-13;0.0058133;1.84933e-12;3.5178e-06
5.751e-10;0.000171689;3.36408e-09;1.59871e-10;4.59884e-05;1.51546e-07;4.24066e-13;0.999745;1.14824e-11;7.41092e-12;2.18375e-12;2.71102e-11;1.04371e-05;2.71121e-05
2.86778e-10;6.37195e-07;5.06143e-09;1.37588e-08;2.50417e-08;0.00694339;2.86132e-11;5.46901e-07;8.08875e-09;2.57647e-09;1.79518e-08;1.87029e-11;0.993055;2.33124e-07
1.27793e-08;1.35403e-05;0.999982;2.04467e-07;9.31873e-09;1.96186e-06;6.40721e-11;9.48055e-08;8.27755e-12;4.53026e-08;1.01893e-10;2.04198e-07;1.70463e-06;1.09536e-07
9.25331e-08;0.998987;1.05864e-06;7.05893e-06;8.82805e-07;4.38707e-06;5.31385e-08;0.000143801;1.66228e-08;1.97171e-07;2.67307e-06;2.67886e-05;0.000823842;2.22997e-06
