2.66914e-06;0.961145;4.20033e-09;3.07468e-07;6.61128e-07;5.29095e-06;2.38384e-06;0.0246826;2.36517e-06;2.41042e-06;3.27492e-07;3.40829e-09;0.0141459;1.04222e-05
7.46248e-12;1.17614e-11;1;1.03464e-10;1.72975e-09;5.62725e-11;9.43882e-12;3.38745e-12;9.78266e-14;1.12876e-10;1.37535e-13;3.08234e-08;1.48607e-14;1.75936e-08
4.17251e-07;0.995071;7.32552e-06;6.36495e-06;1.12918e-05;2.10796e-06;2.30762e-05;0.000287189;6.41883e-06;1.2033e-07;4.33515e-06;2.53855e-05;0.00454136;1.34222e-05
1.10185e-05;0.00842469;1.9016e-06;1.11013e-05;4.94989e-06;2.68313e-07;7.81389e-05;0.00212445;0.000157041;2.15858e-06;0.000178102;0.986491;0.00249852;1.70528e-05
3.619e-05;0.994905;1.6081e-06;2.74185e-05;7.20572e-05;2.44958e-05;3.96596e-05;0.000944531;0.000142517;3.79139e-06;0.000239903;0.000830684;0.00140288;0.00132899
1.26524e-06;0.999229;2.76626e-06;1.59983e-06;5.08548e-06;2.67468e-06;4.28641e-06;8.90106e-07;4.88156e-06;4.18469e-08;3.5531e-06;0.000191619;0.000494264;5.81366e-05
0.000215232;0.104951;3.61097e-07;7.03067e-06;5.81703e-06;8.69633e-05;1.59077e-06;0.817715;8.58959e-05;1.94622e-06;0.00014925;0.0134474;0.0633269;6.27116e-06
0.000916758;0.393633;0.000150074;6.45169e-07;1.97226e-05;2.11849e-06;7.51239e-07;0.444282;3.90948e-07;5.43321e-07;1.10801e-06;0.00161751;0.159336;3.95777e-05
5.4247e-07;0.993977;1.05897e-08;4.23813e-08;8.72308e-07;2.26991e-05;1.60351e-08;0.00270809;6.34891e-08;2.27013e-08;6.80299e-09;2.54396e-08;0.00316961;0.00012125
3.5791e-11;1.57388e-10;0.999999;4.53485e-10;1.32486e-09;1.77374e-10;1.32738e-10;3.26163e-11;2.18947e-11;1.86038e-11;2.89667e-11;6.57994e-07;2.80756e-11;3.87473e-10
8.02069e-08;4.2503e-05;3.54001e-05;7.56674e-07;8.44561e-06;1.05496e-06;1.48277e-08;2.38498e-05;2.94419e-07;1.91415e-07;1.47764e-07;0.000286706;1.38348e-07;0.9996
2.31467e-06;0.000138973;2.45651e-09;9.75854e-07;0.0517146;0.00404687;6.26011e-06;0.943602;0.000116938;9.75612e-08;7.47808e-06;2.58936e-07;0.000324493;3.82351e-05
3.58457e-09;3.55244e-06;0.999986;7.87947e-08;2.58493e-06;2.01608e-07;2.14298e-10;4.91957e-12;3.3019e-12;3.28867e-09;3.82205e-10;7.6683e-06;4.92887e-08;2.2365e-07
3.95025e-06;0.976507;1.72586e-10;1.64939e-07;5.22447e-07;2.34193e-07;6.11603e-07;0.00097993;3.56824e-07;1.99956e-08;8.85607e-06;4.24711e-06;0.0224857;7.96889e-06
4.75693e-06;0.054525;8.8938e-05;7.79417e-07;0.00176884;8.32472e-06;3.34481e-08;0.000306701;1.47667e-06;4.54202e-07;8.1474e-07;0.439308;0.001788;0.502198
3.06242e-05;0.291682;1.14805e-06;2.34465e-05;0.00121188;0.00110474;1.84204e-05;0.00411324;1.84038e-05;3.56706e-06;2.23512e-05;0.00523506;0.694257;0.00227778
1.79213e-05;0.0239342;0.00021991;6.9557e-05;0.000124939;0.00027702;2.0209e-06;0.000805535;3.14195e-06;4.81013e-07;5.69688e-05;0.868665;0.0910927;0.0147303
1.01215e-06;0.116043;1.35905e-06;7.42237e-05;0.0940123;2.24954e-05;7.91298e-09;0.554389;1.64036e-06;1.74214e-07;4.89733e-06;0.230157;0.0048743;0.000418662
2.92832e-05;0.0340836;0.129805;0.00597162;0.00110295;0.00158476;2.55201e-06;2.70504e-05;5.70595e-06;9.47667e-05;0.000122535;0.297499;0.0100813;0.51959
0.000127637;0.00654155;1.07247e-08;2.25267e-07;0.00014129;1.08272e-07;6.01777e-08;0.992859;3.70662e-06;1.25957e-08;1.04115e-05;8.11341e-05;0.000203544;3.08765e-05
1.9442e-06;0.00364683;0.87007;1.93454e-06;0.0010301;1.4358e-05;3.66765e-07;7.98792e-05;5.39248e-09;5.71894e-06;7.76746e-08;0.122791;1.758e-05;0.00233992
5.83413e-06;0.0298772;4.80657e-11;3.89682e-08;1.35595e-06;3.95837e-07;9.18263e-07;0.962955;1.83365e-05;3.66442e-09;1.50017e-05;4.43161e-06;0.00712144;6.11185e-08
1.67402e-05;0.998499;9.41503e-06;2.50542e-06;5.94386e-06;2.75712e-08;8.01532e-07;0.000393284;4.78326e-07;4.23803e-07;2.0891e-08;1.9455e-06;0.000121082;0.000948439
0.000100214;0.789525;2.56321e-08;0.000111375;7.16102e-05;4.34977e-05;1.67442e-07;0.00468808;0.00125608;1.61029e-06;0.000289504;0.0934295;0.110419;6.35921e-05
0.00063463;0.939495;1.43003e-05;3.92612e-05;3.64597e-05;0.000159634;9.53283e-07;0.00927853;0.000152959;5.46097e-05;5.07536e-05;0.0363078;0.0137638;1.10417e-05
0.00917123;0.123563;2.21087e-06;2.85635e-05;0.000695297;0.000167311;3.53183e-05;0.0816627;0.00028072;2.1172e-05;0.000165437;0.660341;0.120646;0.00321963
4.91515e-06;0.767568;2.79638e-08;1.15919e-06;1.72326e-08;4.15514e-09;0.229379;1.87682e-05;7.2228e-05;0.00292473;5.87462e-06;1.50355e-09;2.14886e-05;3.83278e-06
2.90271e-10;8.17845e-10;1;4.24814e-09;4.90495e-10;3.17864e-10;2.8658e-09;1.08495e-11;3.1362e-09;1.8556e-09;1.82902e-10;3.36331e-08;3.51392e-12;1.57507e-10
1.41604e-06;0.999837;2.49285e-06;7.59138e-08;4.38461e-08;6.64128e-10;7.85882e-08;0.000119743;2.73067e-09;2.35158e-08;9.51573e-09;4.05805e-06;3.40888e-05;8.65191e-07
2.76644e-06;0.682626;2.49243e-08;5.06465e-06;0.000454374;4.74511e-05;1.77288e-06;0.00034835;6.14295e-07;2.43447e-06;7.60743e-06;0.0340893;0.00889469;0.273519
7.63116e-06;0.47346;1.46135e-08;4.49768e-06;0.00126482;0.00309591;1.47128e-07;0.0144412;1.13801e-07;2.27387e-06;9.2263e-07;0.230352;0.266441;0.01093
6.368e-06;0.00236947;3.06629e-08;1.22446e-06;7.0034e-06;4.25991e-05;1.84122e-07;0.00523524;2.6321e-06;1.80002e-08;2.21385e-05;0.00374826;0.988558;7.25993e-06
2.9553e-05;0.986783;7.98124e-07;6.71724e-07;6.8377e-07;1.24082e-07;3.19982e-06;0.00432543;7.44816e-06;2.01095e-07;1.3022e-05;0.00858311;0.000246889;5.59059e-06
1.11591e-06;0.00760957;0.000195866;0.000219511;0.00218106;0.00812845;7.10585e-08;0.0177139;3.03138e-05;1.07413e-06;1.3113e-05;0.950426;0.002765;0.0107153
1.54157e-05;0.985717;3.08889e-05;0.000118202;1.63864e-06;0.000172784;2.0183e-06;0.00201899;4.12396e-05;5.928e-07;0.000945773;0.00246334;0.00844295;2.92836e-05
4.45903e-06;0.000483055;1.65357e-06;4.88337e-08;9.38e-07;3.81848e-07;8.96341e-09;0.00056653;4.9682e-07;4.5774e-08;5.73542e-06;0.989584;0.00934544;7.31435e-06
0.00027501;0.0098599;6.15139e-05;9.63787e-06;0.00651782;0.00175651;9.9334e-05;0.824264;0.0230077;9.12692e-05;0.00322024;0.00174991;0.121919;0.00716841
5.47217e-05;0.00458951;4.11046e-10;1.22908e-07;1.29019e-06;6.15082e-08;1.08782e-07;0.916044;0.000689139;1.59155e-08;5.55303e-05;5.64795e-06;0.07856;6.90197e-09
1.87935e-06;0.998546;7.47454e-10;3.32167e-08;3.43531e-07;1.41128e-08;4.46342e-08;0.00137898;5.47781e-07;1.56639e-07;1.00095e-08;3.06781e-10;4.91008e-05;2.26958e-05
2.42343e-12;1.94041e-10;1;1.62207e-12;2.19482e-12;4.10018e-13;1.16431e-11;1.67484e-13;1.1455e-13;2.76729e-12;2.97284e-14;2.59128e-09;3.5445e-13;1.76371e-12
5.59457e-09;3.03901e-07;1.04771e-06;1.82213e-08;5.40382e-07;1.39187e-07;2.94931e-10;2.396e-05;4.95234e-07;1.44273e-10;4.41374e-06;0.999926;7.02596e-07;4.23649e-05
4.61012e-07;0.973103;8.45475e-10;1.51826e-07;5.66995e-05;7.0053e-07;3.01347e-07;0.00172908;4.39384e-07;8.94405e-09;2.29682e-05;3.76861e-05;0.0250174;3.09753e-05
8.62394e-07;0.00291277;9.23552e-06;9.86139e-07;1.17768e-06;4.26044e-06;1.37758e-07;0.0223953;8.03441e-07;2.84788e-07;4.08575e-06;0.971535;0.00313518;1.66803e-08
8.65986e-05;0.482865;0.000714745;0.00214674;0.00276426;0.00278774;7.7378e-07;0.122701;0.00142415;2.00036e-05;0.00059903;0.00397483;0.363754;0.0161608
0.000186354;0.451245;3.73433e-06;0.000214306;7.81101e-06;0.00154293;7.64065e-06;0.0147376;0.00123838;6.77083e-06;0.00183372;0.0173479;0.509764;0.00186393
1.43887e-06;0.00653325;0.992464;1.86649e-05;1.55409e-06;2.51973e-07;1.98376e-07;1.80652e-06;2.1849e-08;3.73443e-06;3.34227e-07;0.000890714;8.05393e-06;7.60052e-05
0.000167849;0.79166;1.59968e-07;1.62432e-06;0.000314383;2.26574e-06;2.95192e-05;0.199647;1.36126e-05;3.88806e-06;0.000136368;5.1055e-05;0.00768977;0.000282644
2.75428e-05;0.00689936;9.01025e-08;2.00987e-07;1.43095e-05;3.78484e-06;2.17354e-06;0.988773;2.93675e-05;6.74222e-07;2.81989e-06;9.0452e-05;0.0041516;4.37919e-06
0.000825636;0.00154118;0.000145775;0.000509728;0.00623997;0.000169449;1.05441e-05;0.000195397;0.203475;4.42946e-06;0.00140882;0.778873;0.00101401;0.00558646
0.000107733;0.983834;2.02966e-09;3.37348e-06;2.19284e-06;1.36547e-07;2.98209e-07;0.0151927;0.000318734;1.34127e-07;2.10821e-05;1.67088e-05;0.00049792;4.57421e-06
4.99482e-05;0.0143095;5.24829e-05;1.92538e-06;0.0014848;1.63091e-07;1.40605e-07;0.00205315;6.8907e-05;3.56416e-06;1.73487e-06;0.976374;3.89616e-05;0.00556076
1.54873e-05;0.972195;0.000956268;0.00013834;0.00880411;0.000458291;9.76147e-07;2.69494e-06;1.37009e-06;1.06073e-05;4.03004e-06;0.000810521;0.0159697;0.000632499
4.39495e-05;0.106848;8.71775e-06;1.53871e-06;1.02157e-05;1.05203e-06;3.88613e-07;0.00146945;1.90263e-05;9.54476e-07;4.39519e-05;0.890787;0.000160828;0.000605058
3.49319e-05;0.859868;6.27118e-05;4.33952e-05;0.00262929;0.000139957;1.18226e-05;0.049933;0.000317476;7.62584e-07;0.000225007;0.0687909;0.0179411;1.38029e-06
2.32049e-05;0.041068;5.1227e-10;2.60425e-06;1.13372e-06;1.04547e-06;2.54057e-07;0.00216781;6.09448e-06;1.14634e-06;2.73621e-05;0.0245681;0.932011;0.00012248
0.00013933;0.971831;1.06872e-05;4.14809e-07;3.03349e-07;5.40702e-06;0.0165216;8.51579e-05;2.60715e-06;0.00166147;5.04298e-07;3.97898e-08;2.81897e-06;0.00973884
4.3944e-12;6.41006e-11;1;5.39741e-11;7.06676e-11;8.59124e-10;1.17958e-10;8.7302e-13;4.98157e-11;4.1833e-11;2.95948e-11;7.17607e-08;1.46772e-12;4.2306e-12
5.11269e-08;0.000519248;0.999462;2.42472e-08;3.12224e-08;5.86774e-09;3.52886e-07;1.01401e-05;4.71664e-08;6.07417e-08;1.65703e-07;4.30631e-06;2.86955e-06;7.04805e-07
3.07449e-08;0.999347;6.37911e-09;1.97008e-08;3.14377e-07;3.21646e-08;9.84367e-08;0.000398828;1.79202e-08;6.17732e-08;8.38804e-08;1.88725e-06;0.0002475;4.46015e-06
3.41155e-06;0.10426;1.73135e-07;0.000249395;3.57276e-05;0.0038561;0.000432716;0.00148775;0.000708072;0.00015074;0.00176696;0.0171061;0.862661;0.0072814
0.000105695;0.872977;0.000106969;0.003375;0.00268021;0.00115555;0.000990594;0.00371764;0.000112689;0.000567146;0.00111813;0.000560697;0.106093;0.00643915
2.03104e-05;0.989151;1.97073e-10;5.25159e-05;7.00752e-06;1.49697e-06;7.08214e-06;0.00180309;2.07778e-05;3.03721e-06;8.01913e-05;0.0086644;0.000171161;1.82657e-05
7.06091e-06;0.649058;0.000893403;3.11031e-05;2.31257e-05;8.10735e-06;4.72562e-07;1.68962e-05;5.98031e-09;5.62925e-06;3.92715e-07;0.0531218;0.296824;1.01943e-05
4.33908e-06;0.00104855;2.30029e-06;2.89696e-06;0.000116162;4.95731e-06;7.82355e-07;0.000950156;2.34805e-05;1.32454e-07;0.000204767;0.996032;0.000703991;0.000905402
0.000324816;0.633658;0.00255252;5.93681e-05;0.0112124;0.00297873;0.000267121;0.227253;4.40878e-05;1.20706e-05;7.06601e-05;0.00122512;0.120046;0.000296604
0.000124779;0.251847;0.000185844;3.00365e-05;0.000413287;0.00101869;4.02246e-07;0.163256;2.3727e-06;2.52403e-07;6.584e-06;0.0578376;0.431648;0.0936289
5.57718e-08;0.000375211;2.99872e-07;2.96511e-05;0.000113411;0.000180595;1.20983e-09;1.26956e-05;5.79621e-07;3.16404e-08;3.12413e-07;4.74661e-05;1.00413e-06;0.999239
1.46351e-05;0.993485;0.00512818;0.000267759;6.22387e-06;2.29936e-07;9.41348e-07;8.63003e-06;3.01209e-07;7.74817e-06;1.05679e-06;0.000642689;4.68712e-06;0.000431986
0.00222671;0.945149;3.17758e-08;9.29132e-05;0.000155969;6.87632e-06;0.000650065;0.0490707;0.000349652;4.0858e-05;0.00201281;0.000184931;4.5541e-05;1.37561e-05
0.000117801;0.883843;0.00360063;9.51689e-05;0.000362229;0.000910656;1.06225e-07;7.30477e-06;3.35926e-08;7.82119e-05;2.55998e-08;0.0265026;0.0839639;0.000518763
0.000341175;0.0174973;3.33221e-11;4.52949e-07;1.45406e-05;3.54572e-05;9.42831e-06;8.6737e-07;2.22444e-05;1.18314e-06;1.37491e-05;3.68075e-06;0.982015;4.49139e-05
8.28325e-05;0.000517409;0.995528;1.61679e-05;0.000492369;5.26186e-05;2.00211e-07;1.13025e-05;4.546e-07;1.24012e-06;1.41017e-07;0.00289712;0.00023531;0.000164433
2.03449e-07;0.996033;2.21346e-10;2.11877e-08;1.87578e-10;2.123e-09;0.00395748;1.87043e-07;2.81161e-07;2.45458e-06;1.70955e-07;2.43411e-10;3.48989e-06;2.73465e-06
4.41914e-13;6.41445e-14;1;2.9885e-12;4.6689e-12;1.35981e-12;1.11968e-10;9.79977e-17;5.9256e-12;1.02896e-12;9.43411e-13;3.22565e-11;2.56589e-16;2.09816e-12
3.187e-07;0.000269648;1.55162e-08;1.39775e-10;1.63328e-08;2.32077e-11;3.03806e-09;0.999711;2.47382e-08;2.33535e-10;1.00085e-08;3.81633e-07;1.85562e-05;3.77681e-09
3.05104e-07;0.986024;9.72964e-05;2.03773e-06;0.000117754;8.66115e-05;9.32333e-06;0.00995373;1.15653e-06;4.31568e-06;1.16876e-06;0.00132083;0.000942258;0.00143915
2.71252e-10;6.18323e-08;1;6.9485e-10;4.17735e-08;3.06823e-11;1.16836e-08;1.08217e-09;2.11572e-11;4.35987e-10;1.9368e-10;4.94037e-10;1.89589e-10;2.95896e-10
3.62172e-06;2.21384e-05;0.997902;1.38464e-06;1.17825e-06;9.45238e-07;4.89508e-07;2.26047e-06;3.93787e-06;9.07961e-08;2.73163e-06;0.00204234;3.42563e-06;1.35305e-05
1.52958e-07;0.000420488;1.89968e-08;5.5151e-09;2.72015e-05;0.000530805;3.70461e-07;5.89634e-08;3.04381e-09;3.63739e-06;6.76555e-10;2.13686e-12;3.88205e-08;0.999017
1.59001e-12;3.92189e-14;1;8.45564e-13;7.50917e-10;4.60736e-11;2.30021e-13;7.01283e-17;3.75513e-13;7.17811e-13;9.45008e-15;1.88405e-09;1.61081e-16;1.5607e-11
1.6851e-06;1.77008e-05;5.16653e-05;5.12094e-09;0.00116491;5.65897e-08;1.11885e-11;0.998736;4.92804e-08;1.13593e-10;2.96897e-10;1.52117e-06;2.34395e-05;2.69259e-06
1.29007e-08;4.40451e-07;7.68275e-09;2.54387e-10;0.000200935;3.90344e-09;1.41741e-11;0.999798;1.53191e-07;1.18641e-10;4.65591e-10;5.30981e-09;4.9921e-07;1.60256e-08
6.4078e-09;1.80262e-07;0.999976;5.51754e-08;9.7421e-07;1.10886e-06;4.98218e-12;3.14897e-08;1.1849e-10;1.27255e-08;1.905e-10;2.20002e-05;4.73418e-08;7.47954e-08
6.25756e-08;0.998514;1.91488e-08;1.27789e-07;3.04585e-08;1.55839e-07;1.67817e-08;0.00140597;1.70837e-07;1.49193e-09;1.66273e-07;4.75239e-06;7.43944e-05;1.11895e-07
