9.77252e-05;0.61142;6.30787e-08;6.40141e-07;0.000105342;4.5435e-06;6.50291e-07;0.00625438;4.90082e-06;2.09477e-07;2.79905e-06;3.84705e-05;0.380871;0.00119888
2.43853e-07;0.093323;2.94955e-07;1.53359e-06;3.69157e-05;1.20362e-05;5.62978e-06;6.50429e-05;2.99213e-07;4.82955e-05;1.30396e-08;7.32312e-09;9.79966e-06;0.906497
6.33658e-11;5.47009e-11;1;7.13192e-12;2.0286e-12;1.01709e-12;3.70119e-10;8.57101e-13;3.21435e-11;2.99726e-12;1.51522e-11;7.79953e-09;1.10188e-13;4.83184e-14
0.000345457;0.0269394;7.77203e-10;7.73717e-06;1.96686e-05;5.74669e-05;0.000272675;0.00599361;0.0941664;1.63841e-06;0.0210931;0.000107581;0.849551;0.00144462
6.2752e-05;0.804209;2.37585e-05;5.20256e-08;6.3657e-08;5.28066e-08;8.2829e-07;0.0196835;3.00642e-05;1.89495e-07;2.43379e-06;0.0269022;0.149085;1.87799e-07
2.48499e-05;0.177132;1.39011e-05;0.00024561;0.014619;0.00723495;7.49461e-05;0.0320363;0.000317162;0.00254753;2.41531e-05;0.627445;0.13101;0.00727389
0.000393754;0.0052598;3.97265e-07;0.000625318;0.00012574;0.000566922;0.00019673;0.00505959;0.966555;7.74391e-06;0.0118045;2.65737e-05;0.00308232;0.00629551
0.000307133;0.987616;3.83149e-06;4.29859e-06;1.02211e-06;4.96257e-07;6.52021e-06;0.00317958;0.000574124;2.21962e-06;1.59751e-05;0.00521524;0.00296203;0.000111604
1.20352e-05;0.434193;3.16586e-06;2.68241e-07;0.000615611;1.83324e-06;2.48793e-08;0.0467305;1.68985e-07;3.11617e-07;3.66948e-07;0.516538;0.000461751;0.00144293
1.14547e-05;0.00317586;4.06947e-07;8.04716e-06;0.00231961;1.3339e-05;7.89718e-08;0.00110795;1.09696e-05;4.67561e-07;9.78127e-06;0.957261;0.0316706;0.00441033
7.77723e-08;0.999938;1.10762e-10;9.58304e-09;3.59236e-09;1.01668e-10;1.56458e-06;2.8109e-06;6.24458e-09;2.97542e-07;8.66213e-09;6.62228e-07;9.90692e-08;5.62554e-05
0.000467905;0.0982447;0.000306648;0.0101975;0.000914891;0.00164695;0.289635;0.000979388;0.16773;0.000244492;0.427498;0.000137021;0.00113805;0.000859831
5.09112e-06;0.995222;3.82486e-08;8.48947e-08;2.11655e-08;3.93095e-06;1.45962e-07;0.000993277;2.84624e-07;1.35073e-08;1.52909e-08;7.88913e-06;0.00376162;5.3356e-06
3.92345e-08;4.04612e-06;8.387e-12;1.25043e-08;1.70353e-06;1.26432e-06;6.46032e-11;0.000165326;7.34983e-08;4.5588e-10;2.11524e-07;5.82678e-06;0.999821;3.06444e-07
0.000199049;0.0194761;4.22658e-05;4.63717e-06;5.59007e-05;0.00054609;9.30826e-06;0.00779266;1.53827e-05;0.000158484;4.56154e-06;0.000695774;0.966559;0.00444129
1.1243e-09;6.72411e-08;1;1.02407e-08;1.33594e-08;4.32251e-09;1.02342e-08;8.80547e-10;3.66843e-10;1.26248e-09;4.5714e-10;1.94227e-08;2.68299e-10;4.58206e-09
2.83679e-07;0.000245538;6.24183e-05;2.27637e-06;1.45634e-06;5.83812e-06;3.09144e-09;0.000144257;1.93635e-06;4.65745e-08;6.87902e-06;0.999456;6.19212e-05;1.12166e-05
1.02396e-05;0.873583;0.000113052;2.17901e-05;1.87182e-05;0.0021258;3.47822e-06;0.000122383;4.58219e-07;4.83038e-06;0.000334487;1.87099e-05;0.123198;0.000445149
3.8933e-07;0.00258544;3.50007e-07;3.07436e-06;0.000130647;0.00431744;2.77144e-08;0.00175276;2.34684e-07;6.33224e-07;2.1372e-05;0.96067;0.030377;0.000140767
2.02345e-07;0.76979;0.000186687;1.86975e-06;3.6798e-05;0.00023782;6.18284e-05;2.73199e-07;2.85179e-09;0.000101961;6.16824e-09;9.31514e-07;0.000145902;0.229436
1.19814e-10;1.17026e-10;1;3.45923e-11;2.76689e-09;9.1818e-10;1.24953e-10;3.94671e-11;2.17538e-12;7.38404e-11;1.35313e-11;2.22145e-08;1.50786e-09;7.54306e-12
3.14376e-05;0.260914;6.24969e-05;0.000257147;0.000508181;0.000686636;2.11131e-06;0.0674546;0.00114291;5.37899e-05;0.0260779;0.00406663;0.638693;4.87143e-05
