2.30554e-06;0.00800831;4.16e-08;3.62894e-06;5.34905e-07;2.43383e-06;2.77441e-06;8.14552e-05;6.08538e-06;1.6702e-07;5.63139e-06;8.26248e-06;0.991878;2.66034e-07
1.49851e-06;0.0010294;7.84306e-09;0.000271959;0.000108425;4.63578e-05;2.06488e-08;0.00133872;1.64075e-06;4.1598e-06;9.22323e-06;0.996378;0.000207569;0.00060314
6.61409e-06;4.1113e-05;2.32437e-11;3.32642e-10;1.53002e-10;1.17521e-11;2.51635e-08;0.999945;8.62266e-09;3.75883e-11;6.51352e-09;1.11082e-08;7.51877e-06;6.91968e-11
1.63483e-05;0.00619817;0.000179132;6.7191e-05;0.87574;2.12821e-05;4.44571e-08;0.0423292;7.44791e-05;3.73597e-07;7.91218e-07;0.0546581;5.62173e-07;0.020714
1.5114e-05;0.00109602;0.994497;3.93732e-06;0.000390879;1.57685e-06;1.30067e-08;1.87242e-05;3.37694e-08;3.3285e-08;3.48853e-08;0.00212166;0.000238136;0.00161697
8.72078e-06;0.228626;1.80372e-07;2.11917e-05;2.89739e-05;0.000134167;1.85459e-06;0.0180453;0.000426056;4.56529e-08;0.000254054;0.0409332;0.707202;0.00431824
7.7272e-07;0.0090268;2.49814e-09;5.14077e-07;0.00127431;1.8184e-06;3.31011e-08;0.93863;8.63201e-07;4.46215e-08;3.4778e-06;1.16515e-05;0.0509933;5.62124e-05
1.55203e-05;0.111488;0.789762;0.000405013;0.00668868;0.000188925;2.00145e-06;3.39435e-05;2.67683e-07;5.50076e-06;2.04519e-05;0.074767;0.015509;0.00111292
0.000274469;0.0422387;1.11238e-08;1.58968e-05;2.52118e-05;3.64599e-05;5.82145e-05;0.00648241;0.000985434;2.31403e-07;0.0721172;0.00779521;0.869861;0.000109287
2.01092e-06;0.716812;3.76859e-06;1.95703e-09;2.28327e-09;3.65694e-08;5.75981e-08;4.01062e-06;8.90941e-10;8.73611e-09;1.0461e-08;0.282947;0.000229569;1.33997e-06
7.54215e-07;0.000497786;2.10385e-07;1.13998e-05;0.00104612;0.0725687;1.04501e-08;0.00572562;8.95214e-05;2.21041e-08;3.68629e-05;0.877006;0.000327069;0.0426904
1.08279e-06;0.986482;5.06831e-08;6.20518e-09;1.40135e-09;7.85383e-08;2.83858e-09;5.80392e-07;1.46197e-09;1.00437e-09;1.73865e-08;6.27057e-06;0.0135103;4.09691e-09
4.72861e-06;0.0265508;4.27756e-07;9.13836e-07;8.82737e-07;8.74321e-05;1.31015e-08;0.00096299;1.51883e-06;1.19734e-07;1.76395e-05;0.968773;0.00359829;8.7483e-07
1.34739e-06;0.0512539;3.39948e-08;1.47234e-06;8.02779e-05;8.74992e-05;9.40975e-07;0.00112879;1.2069e-05;6.01e-06;1.79656e-05;5.46277e-05;0.94732;3.55825e-05
1.1929e-06;0.952906;2.32676e-08;1.65703e-07;7.5982e-07;1.30035e-05;6.05898e-05;0.000169261;1.23292e-06;3.41612e-06;2.18271e-06;2.27703e-06;0.0468312;8.89668e-06
1.43497e-08;1.12304e-08;0.999996;5.85081e-09;1.0067e-07;3.92076e-10;1.18095e-08;8.04604e-09;1.38792e-09;1.1799e-09;6.82911e-10;3.46398e-06;1.66774e-09;1.94784e-09
1.38957e-06;0.000745959;6.854e-07;2.11705e-06;2.46966e-05;1.27126e-06;6.46005e-08;0.00281203;2.91416e-06;5.63976e-07;2.59628e-07;8.07219e-05;2.37142e-06;0.996325
7.98961e-06;0.000509517;6.3162e-09;1.97505e-06;0.0051855;0.000282458;1.1227e-05;0.993571;6.86333e-05;4.06334e-07;1.20472e-06;1.54226e-07;0.000355683;3.85596e-06
3.11976e-08;4.70636e-06;0.999969;9.18355e-08;1.50553e-05;1.65007e-08;4.94694e-09;6.61298e-10;1.92282e-11;1.58506e-08;2.73225e-10;8.39621e-06;1.77336e-08;2.23927e-06
5.72433e-07;0.999047;5.09623e-09;2.18427e-08;3.95219e-09;9.78258e-10;1.71685e-06;8.16111e-06;1.4775e-06;4.83247e-10;2.55746e-06;0.000917918;2.08429e-05;1.57476e-08
8.7869e-07;0.992991;4.32597e-08;1.0821e-08;2.02272e-07;7.68418e-07;1.50436e-08;0.000140731;1.71629e-09;3.83228e-08;2.63341e-10;0.000117556;0.00650157;0.000247101
4.04841e-08;0.0295485;9.78654e-07;3.66178e-07;5.66591e-05;2.64629e-07;1.00693e-08;0.00332895;1.11404e-08;1.47088e-07;3.01325e-07;0.965533;7.13479e-05;0.00145921
1.53211e-07;0.0118995;3.55617e-11;4.51015e-06;7.55532e-07;0.000432642;6.17913e-06;1.33627e-06;1.0774e-06;7.4004e-07;3.92748e-06;7.50029e-08;0.987195;0.0004542
7.56163e-07;2.97919e-06;0.957353;1.20982e-06;1.3565e-07;8.9796e-08;2.98627e-08;4.99889e-06;7.18914e-09;3.74157e-07;1.51841e-08;0.0425074;0.000127676;1.27745e-06
2.47776e-06;0.993271;7.12506e-07;7.91787e-06;9.98003e-08;1.46171e-06;4.84215e-05;0.00521392;0.000338183;8.6248e-08;0.000725568;6.47545e-07;0.000266395;0.000123357
5.75564e-06;0.016887;5.88876e-09;1.54839e-09;4.87585e-07;2.17554e-09;8.54957e-10;0.98303;6.25981e-08;9.91624e-09;2.54103e-09;4.66259e-08;7.4048e-05;2.55906e-06
4.19213e-09;0.000142774;1.38885e-05;1.80851e-08;1.02118e-06;3.02609e-08;3.53793e-11;2.02457e-06;5.77717e-10;7.8733e-09;1.69229e-09;0.999812;2.23961e-05;5.94285e-06
8.19658e-06;0.0225028;8.70705e-08;5.88567e-05;0.000658798;0.0202672;2.96321e-05;0.000461082;0.000107328;4.40837e-05;0.000248425;3.46794e-08;0.952736;0.00287713
4.47545e-06;4.34392e-05;0.998604;1.85074e-07;3.09971e-06;4.61656e-10;2.55468e-08;2.41938e-08;6.88194e-08;1.96846e-07;1.59007e-08;0.00134425;4.50744e-07;2.33972e-07
5.21048e-06;0.000943913;7.52778e-09;2.77862e-08;2.82752e-06;1.1911e-07;3.05874e-06;0.998849;0.0001616;1.49117e-07;5.3702e-08;8.0001e-13;4.08337e-06;3.00127e-05
1.7464e-09;1.50854e-10;1;7.79855e-11;3.26379e-09;1.29983e-11;1.83307e-10;2.67435e-11;2.54616e-10;2.96118e-11;4.20761e-12;1.54031e-08;3.60397e-11;3.19549e-10
3.44629e-07;8.8112e-06;0.998785;1.38024e-07;8.61624e-07;6.16713e-08;1.05577e-09;0.00117094;2.93715e-07;6.34254e-09;2.9707e-09;2.6411e-05;2.52582e-08;6.90942e-06
1.21608e-08;4.24743e-06;2.10022e-07;2.57979e-09;7.77639e-06;1.40846e-05;3.56075e-13;6.62428e-08;1.4146e-10;8.32964e-09;1.28763e-11;4.30504e-06;2.46667e-07;0.999969
3.33367e-07;8.15052e-06;1.76693e-11;2.38306e-09;1.3139e-06;1.91394e-07;2.12528e-11;0.999807;9.23084e-08;1.21637e-10;1.27137e-09;7.09111e-07;0.00018265;2.42741e-08
1.44192e-06;0.00335184;1.46206e-08;9.29055e-07;4.44271e-07;2.04356e-07;2.31305e-07;0.000791053;5.75225e-07;7.41106e-08;5.44341e-08;3.56816e-08;0.995853;1.60421e-07
3.52042e-06;0.00226693;6.97177e-07;0.00490094;3.17833e-05;6.52611e-05;1.00117e-08;0.000230746;2.79112e-06;9.09518e-06;1.31162e-05;0.963942;0.00109275;0.0274402
1.18004e-05;0.957378;6.97065e-09;8.94303e-07;1.46921e-09;4.89307e-09;0.0424014;7.72207e-05;1.70722e-07;4.9253e-05;3.54066e-06;2.08132e-10;6.65457e-05;1.11357e-05
6.41744e-13;5.17024e-13;1;5.45379e-12;1.57842e-11;5.89839e-11;5.49609e-12;1.85656e-15;1.13131e-13;7.39816e-12;2.92286e-13;1.34747e-09;4.73115e-16;3.9281e-12
3.15554e-07;0.85233;6.24864e-08;1.16993e-09;3.61669e-10;4.16708e-09;9.19569e-09;1.27313e-06;6.49379e-09;2.18309e-10;3.94169e-08;0.000276418;0.147391;3.34265e-10
1.53603e-06;0.0296574;1.85346e-10;1.35312e-05;0.000171061;0.000186327;3.73041e-07;0.00290202;4.58621e-05;1.67158e-06;9.34105e-06;0.00654997;0.00147975;0.958981
3.70863e-05;0.843892;6.19573e-06;0.000134602;0.00889558;0.00327481;4.62589e-05;0.126973;0.0012682;7.54977e-05;0.00141311;0.00253497;0.00143009;0.0100179
0.000469905;0.150929;7.0747e-06;2.24693e-05;3.79572e-05;2.2565e-05;6.68438e-06;0.00245509;0.00049593;1.2958e-06;0.000270732;0.317769;0.52751;2.48708e-06
6.20048e-06;0.994619;4.37579e-10;8.00761e-09;5.32873e-09;1.91125e-07;1.26499e-08;4.98035e-06;1.9332e-08;7.28446e-09;6.8743e-09;0.000115567;0.00525353;5.01816e-07
4.73931e-07;0.000979065;8.98176e-11;1.14338e-07;8.4028e-07;1.18932e-06;9.45706e-10;1.2255e-05;6.51632e-08;7.93559e-09;7.57257e-08;0.996865;0.00204754;9.31598e-05
3.45975e-06;0.990692;0.00101457;7.80677e-06;2.21182e-06;5.89795e-07;2.94901e-06;9.84217e-07;5.91735e-09;2.08799e-05;3.07829e-07;5.48299e-05;8.44427e-07;0.00819857
9.97771e-12;1.71969e-11;1;1.03941e-11;4.37619e-12;6.42926e-13;1.61789e-09;1.09613e-13;7.07718e-13;2.32789e-11;8.74264e-12;1.35308e-07;1.8976e-13;2.34958e-12
1.93303e-05;0.959774;6.61159e-05;2.77289e-05;2.99174e-06;0.0001867;0.0128983;0.00367456;6.42978e-05;4.5794e-05;0.000976924;0.000908215;0.0210908;0.000263939
7.89535e-08;0.00134825;5.06035e-12;4.64343e-07;4.7427e-07;8.08516e-07;8.9198e-07;1.97997e-06;1.76255e-07;6.3307e-08;2.98705e-05;3.51708e-07;0.998616;3.80496e-07
2.43428e-06;4.60804e-05;1.11149e-07;3.7885e-07;2.84365e-07;1.75798e-07;3.86198e-09;6.40321e-06;9.62962e-08;2.57965e-08;6.06603e-07;0.997872;0.00206925;1.92892e-06
1.23597e-05;0.605283;2.44557e-08;1.08984e-06;1.52643e-06;9.115e-06;6.66968e-06;0.00657048;3.424e-06;2.11494e-06;3.03539e-06;4.28118e-05;0.388064;1.14728e-07
1.80261e-07;0.00151792;1.51917e-05;4.01908e-05;0.000102571;0.000523326;5.09324e-07;1.00497e-05;4.26431e-08;4.97517e-06;1.3714e-06;0.995422;0.000188398;0.00217322
0.000327286;0.848953;2.77895e-06;0.00300698;2.95103e-05;0.000204301;0.0245504;0.00167051;0.00194841;7.80917e-05;0.0142979;0.0192655;0.0856051;6.04587e-05
4.88342e-05;0.00326345;4.55738e-06;0.00924789;0.0259626;0.0722185;5.14932e-05;0.867441;7.01913e-05;0.000446293;4.87132e-05;4.48657e-05;0.000647857;0.0205041
0.000113641;0.447033;0.00212555;0.000880352;1.80414e-05;0.000170912;1.32056e-06;0.000979843;4.13635e-06;1.06991e-05;1.79851e-05;0.539477;0.000168039;0.0089989
0.00588555;0.136677;1.15084e-07;0.00018934;0.000581463;0.000302504;1.01064e-05;0.00497635;0.00282371;9.0965e-06;0.00324599;0.310914;0.521013;0.0133719
3.79613e-05;0.000158355;3.10203e-07;4.98745e-10;4.33721e-07;1.03927e-08;2.18125e-10;0.999741;4.67028e-08;8.48695e-10;5.5342e-10;1.40757e-05;4.74226e-05;5.28074e-08
3.08316e-06;0.619619;4.25804e-06;9.00328e-07;3.629e-06;1.48977e-07;0.375063;2.52254e-07;4.80241e-06;0.00169438;1.08231e-07;4.77715e-05;1.05738e-06;0.00355797
1.19278e-09;1.90388e-09;1;9.40732e-09;2.90318e-09;2.39713e-10;2.69807e-07;3.01832e-10;2.77688e-08;1.02708e-09;2.74967e-08;1.3573e-08;1.7004e-11;1.0925e-12
2.80683e-05;0.992218;5.41311e-07;7.52113e-06;2.54284e-06;2.18954e-07;6.94982e-07;8.49647e-05;1.90275e-06;4.98321e-08;1.93399e-05;5.72192e-05;0.00756417;1.4732e-05
9.76053e-08;0.999645;5.03372e-10;4.66401e-10;1.23617e-09;2.56177e-11;1.85976e-05;1.81442e-08;1.67694e-11;2.43655e-06;1.08943e-10;5.00412e-11;5.6084e-08;0.000333746
8.24848e-12;1.50094e-11;0.999998;8.85414e-10;4.44337e-08;5.48601e-09;7.96365e-10;6.79598e-14;4.76813e-12;9.09257e-11;6.45427e-11;2.00834e-06;6.29364e-13;3.8883e-09
7.1245e-08;0.997077;1.75542e-10;3.62751e-10;2.72514e-10;1.36063e-08;5.94084e-09;1.47829e-06;3.98731e-09;4.02455e-11;2.94391e-08;8.3919e-05;0.00283781;3.93663e-09
6.67259e-07;0.955038;1.2892e-06;1.99627e-06;4.18834e-07;0.000118231;0.00980804;4.53108e-05;4.90856e-06;0.000124356;2.02272e-06;0.000305436;9.99481e-06;0.0345396
1.40645e-11;2.40241e-09;1;7.24117e-11;6.40513e-11;1.28764e-10;2.61414e-09;2.13663e-13;1.3951e-10;4.33743e-12;1.38606e-10;8.31144e-11;3.3978e-11;3.26202e-12
9.32459e-07;0.00549352;2.79608e-07;2.48239e-09;1.94278e-07;1.74451e-08;3.36527e-09;0.992741;1.54127e-08;2.30778e-09;3.07827e-08;1.20064e-05;0.00174756;4.67691e-06
3.90067e-08;0.993106;3.10186e-05;7.46428e-07;4.22694e-05;0.000268432;7.13418e-07;0.00115157;3.356e-08;2.03846e-06;4.49599e-07;0.000438686;0.00100764;0.00395038
2.79986e-10;5.44795e-07;0.999999;4.57499e-10;7.08941e-09;4.26053e-11;1.36865e-08;4.19217e-11;1.75024e-11;4.0542e-10;4.8884e-10;1.80412e-08;9.68149e-10;1.46063e-09
7.14187e-06;0.00110425;8.36658e-06;5.59375e-06;0.000260469;7.44419e-05;3.00592e-08;0.000303775;0.000434688;1.72429e-07;0.00048428;0.995093;7.54141e-06;0.0022163
2.61286e-07;0.000107495;2.43065e-10;1.47701e-10;7.28112e-08;3.1622e-06;2.67283e-12;8.37453e-07;1.19921e-09;1.05487e-10;3.38465e-09;8.03406e-07;0.999885;2.57866e-06
3.01076e-07;1.46541e-05;8.06196e-06;2.41491e-08;1.08663e-05;3.97357e-07;6.38437e-11;0.000357893;4.08212e-07;4.47854e-10;3.09154e-08;0.999237;0.000370114;6.75269e-07
1.9614e-06;0.967007;7.93975e-09;7.9215e-09;2.58448e-06;1.379e-09;4.17293e-09;0.0326953;3.59039e-08;6.78321e-09;4.07866e-11;4.17605e-07;0.000121065;0.000172139
3.58651e-07;0.00230626;2.49341e-09;3.73363e-08;0.0670841;1.00485e-07;1.27647e-09;0.930553;1.22641e-08;2.45191e-07;9.02452e-10;2.20162e-05;1.38874e-05;2.03833e-05
4.75433e-08;1.29739e-06;0.999872;8.72529e-06;3.19434e-05;3.10677e-06;1.28874e-08;6.55946e-08;7.9114e-09;3.05669e-06;5.51644e-08;6.39481e-05;1.20742e-07;1.53783e-05
2.42552e-06;0.993039;1.22764e-06;3.68109e-06;4.22761e-07;5.73854e-07;8.38296e-06;0.00642725;3.12039e-05;1.00641e-07;9.58122e-05;2.92167e-05;0.00034579;1.48565e-05
