1.50981e-11;2.54184e-11;1;2.08768e-11;2.79339e-11;4.68633e-12;3.66639e-11;8.74385e-13;5.67309e-12;3.51851e-12;1.84581e-12;5.54321e-10;1.60028e-12;1.13421e-12
8.03244e-10;4.2425e-09;0.999964;6.38403e-10;4.23216e-10;3.46628e-10;2.0908e-11;9.16025e-09;2.44276e-10;6.73029e-11;1.79113e-10;3.63913e-05;6.98232e-10;5.05316e-09
2.21378e-08;7.57933e-06;4.95277e-05;2.78994e-08;0.0005885;0.00117051;1.10999e-10;9.067e-07;1.06453e-08;1.55232e-08;3.34007e-07;1.71343e-06;3.00174e-06;0.998178
2.69411e-09;0.989503;1.52826e-10;1.4695e-10;1.98621e-08;6.2686e-09;8.00032e-08;3.42804e-09;5.80556e-13;6.78699e-07;5.21053e-12;2.64772e-10;4.55719e-08;0.010496
1.56072e-13;1.30023e-11;1;7.36871e-13;1.37787e-10;3.4759e-10;1.17746e-11;3.33113e-13;9.82411e-15;3.76419e-12;4.96129e-14;1.49212e-08;1.09643e-13;1.0096e-10
5.86953e-07;0.285396;1.02458e-05;4.40317e-06;8.82517e-07;0.000147568;0.00020563;0.00292784;7.61592e-06;1.72319e-07;0.000240113;1.88041e-07;0.711058;9.41885e-07
3.94335e-06;0.632373;1.79259e-06;4.23975e-07;8.96564e-06;5.10611e-06;1.04491e-08;0.355571;2.24209e-08;5.16741e-07;3.27037e-08;2.10641e-05;0.0115503;0.000464445
3.89493e-09;0.00314139;9.66972e-07;6.21461e-07;3.11576e-07;2.62371e-06;2.52527e-09;1.35005e-06;1.44018e-09;2.56314e-08;3.40997e-07;0.996782;5.73102e-05;1.31977e-05
1.47696e-05;0.967748;8.15916e-06;1.13312e-06;4.51751e-06;3.54975e-06;4.65473e-07;0.00944422;3.15727e-07;4.2624e-07;2.77413e-05;0.0101123;0.0125736;6.04588e-05
0.000117056;0.0705162;0.000285777;5.41496e-06;0.0205927;3.8364e-05;2.47717e-05;0.0413653;0.000160456;1.07503e-05;0.000880391;0.839948;0.0169505;0.00910451
0.000460446;0.501581;1.28591e-05;1.96445e-05;0.000417141;2.40203e-05;1.55081e-05;0.402239;0.093266;2.32961e-05;0.000417247;7.01104e-05;0.0014381;1.55413e-05
0.00217836;0.035268;1.31782e-05;3.67285e-06;0.0980072;0.0052494;1.90872e-06;0.830353;0.0028806;8.39078e-06;3.6282e-06;0.000239596;0.0192824;0.00651051
3.07926e-05;0.0639469;1.93402e-10;7.22325e-08;7.80132e-06;2.69633e-07;3.12744e-10;0.896589;1.18004e-05;3.68031e-09;3.13213e-07;0.000254886;0.0391558;2.2509e-06
1.35188e-07;0.999752;1.45606e-12;7.16622e-10;7.90895e-08;1.98608e-10;1.49679e-05;5.031e-07;1.7789e-10;2.67946e-06;1.88195e-11;2.06387e-11;1.33584e-06;0.000228395
3.63571e-10;3.06624e-11;0.999996;5.25816e-08;2.17875e-07;2.1754e-07;3.42182e-09;1.53843e-11;2.8355e-10;8.51554e-09;3.4557e-10;3.48873e-06;3.75805e-11;1.04295e-07
2.65274e-06;0.992894;1.16347e-08;7.3214e-05;1.55384e-07;3.46809e-06;1.92655e-05;0.00058779;9.37788e-05;3.8511e-08;0.000328045;3.35918e-05;0.00596383;4.52666e-07
8.26262e-05;0.804426;0.0116354;5.90571e-05;5.72918e-06;3.74203e-06;9.13523e-09;0.00977119;4.79881e-07;2.67976e-07;1.48654e-06;0.17238;0.00158756;4.61016e-05
6.54145e-05;0.00617275;3.26854e-05;2.17646e-06;7.95117e-06;1.35553e-06;4.37985e-07;0.0542052;7.96156e-06;1.08098e-06;0.000112151;0.929254;0.0101267;1.01549e-05
1.06977e-05;0.335523;1.08645e-08;1.80456e-05;0.00108261;0.00137699;0.000185153;0.00644241;3.06675e-05;7.85793e-05;0.000134924;0.00196839;0.637927;0.015222
1.09675e-06;0.000404072;1.72716e-10;3.35921e-07;2.41013e-07;5.16675e-08;1.66669e-06;0.00354781;3.7931e-06;8.10987e-08;6.04163e-05;1.32646e-06;0.995979;2.59949e-08
4.00446e-05;0.397311;1.83759e-05;2.84526e-05;4.25129e-06;2.86325e-07;1.53848e-06;0.000279464;3.90022e-06;1.84613e-05;2.44371e-05;0.601693;9.71794e-05;0.000479131
4.0672e-07;0.984929;4.78081e-08;1.67168e-06;6.22231e-07;4.58103e-07;1.12606e-08;0.000206604;7.8149e-09;2.75772e-07;4.6234e-08;0.0148152;4.39713e-05;1.43505e-06
3.52424e-05;0.561867;9.58008e-08;7.56119e-05;0.000114814;4.14302e-05;3.17502e-05;0.00914906;2.10531e-05;1.73358e-05;0.000158959;0.000129;0.428356;1.88266e-06
0.00140127;0.197378;0.603909;0.011452;0.00142492;0.000127717;4.24831e-05;0.0221824;0.000111781;0.00182285;0.000901399;0.129224;0.00162846;0.0283936
1.21423e-06;0.00251572;4.42561e-10;3.23998e-08;9.60313e-11;1.8049e-08;0.987622;1.48001e-09;5.03561e-07;0.00939966;1.76374e-06;7.62261e-14;2.19364e-07;0.000459077
6.64925e-15;5.92884e-17;1;7.54032e-14;4.80106e-14;6.73253e-13;4.55208e-14;1.50954e-18;2.41464e-14;4.79954e-13;1.0439e-14;1.4734e-12;1.35176e-18;3.66624e-14
