1.34226e-05;0.999642;9.3238e-10;4.62438e-07;2.24519e-07;1.84746e-07;5.42673e-07;2.69627e-05;8.43021e-06;1.35443e-07;7.70082e-06;1.78204e-06;0.000280907;1.72559e-05
9.19627e-07;0.999833;6.17392e-10;1.7696e-08;2.00259e-08;1.31901e-09;1.138e-05;4.56507e-05;7.86177e-08;5.89605e-06;1.20516e-08;1.17334e-08;3.0789e-06;0.000100342
7.20956e-11;2.4543e-11;0.999991;1.11871e-10;1.5093e-10;1.61343e-10;5.52876e-10;5.07568e-13;2.36735e-10;2.16146e-10;1.65758e-10;8.90995e-06;6.30973e-14;3.46988e-09
7.57533e-07;0.860706;2.32617e-10;2.06442e-08;2.28304e-07;9.97876e-07;7.38423e-08;0.000414399;3.94505e-07;2.45994e-09;1.70555e-07;6.00387e-06;0.13886;1.08435e-05
4.10117e-06;0.271918;0.00019283;2.63023e-06;0.000807029;1.82001e-05;3.41271e-08;0.282733;2.27748e-07;3.60261e-07;8.69773e-08;0.206356;0.233248;0.00471882
3.13338e-07;0.00456144;3.07863e-07;2.29794e-05;2.72859e-05;0.0380962;4.84128e-08;0.00241599;1.2445e-06;3.78086e-07;6.125e-07;0.000115935;0.246617;0.70814
2.6779e-06;0.000854735;0.982394;1.41175e-06;1.20106e-06;1.43823e-07;0.000154562;1.63164e-07;2.02712e-08;5.14747e-05;1.095e-07;0.0131967;7.16513e-06;0.00333531
6.20393e-09;3.2606e-09;0.999999;9.80566e-09;6.2342e-08;4.76665e-09;8.70313e-07;1.11338e-09;1.88484e-07;3.24092e-09;7.51501e-08;7.44907e-08;2.73341e-10;1.37845e-09
1.89068e-06;0.993887;1.18462e-06;3.10976e-07;3.40166e-08;1.74677e-08;1.25719e-07;2.24293e-05;2.27189e-07;2.84537e-08;1.75299e-06;0.00492961;0.00115503;3.68208e-07
3.88598e-06;0.984743;3.80869e-10;1.20911e-07;1.76729e-07;2.0206e-07;6.22878e-07;1.67258e-05;7.59632e-08;3.00261e-07;3.11915e-08;5.46283e-05;0.0149861;0.000194177
1.33022e-05;0.238046;3.09646e-05;1.74088e-05;0.00114871;3.64576e-05;6.17938e-07;0.0653428;4.08038e-07;6.73309e-06;3.14595e-06;0.676962;0.00687987;0.0115116
1.09402e-05;0.0474844;3.76716e-09;5.64037e-05;6.18477e-06;0.0246875;1.71758e-05;5.02406e-05;1.24637e-05;1.91252e-05;1.63363e-05;2.58731e-05;0.896567;0.0310466
7.50965e-07;3.31115e-05;0.988468;1.83462e-06;6.89218e-07;1.43414e-07;2.24843e-05;1.64105e-08;5.1038e-09;0.000288622;3.15947e-09;0.0111389;7.29304e-07;4.4413e-05
1.79502e-08;1.37563e-08;0.999999;3.55111e-08;6.49586e-09;7.84184e-08;2.94064e-07;7.68906e-10;2.22153e-07;6.2279e-09;8.91641e-08;1.01958e-07;1.17041e-08;1.72652e-10
1.03676e-05;9.07018e-05;1.17908e-07;9.54742e-08;4.11733e-08;5.63931e-08;1.54708e-07;0.999883;9.96239e-06;3.95333e-08;2.06573e-06;3.29276e-08;3.45977e-06;1.20092e-08
3.39266e-09;0.997496;9.67224e-11;4.78662e-09;7.35016e-09;3.01669e-10;1.68555e-08;1.05619e-09;3.09864e-11;4.81792e-07;6.04274e-11;3.02813e-08;1.61774e-08;0.0025031
1.97957e-06;3.16332e-06;0.998888;7.15178e-07;1.71753e-06;1.19453e-05;0.000975892;2.31489e-05;3.69362e-06;2.84632e-05;5.98258e-05;5.557e-08;1.23595e-06;4.09358e-07
4.89707e-08;8.88144e-08;0.999999;1.00832e-08;1.26337e-08;4.03209e-09;8.76436e-07;6.4992e-09;5.2027e-09;6.22811e-10;1.29443e-08;2.40361e-09;1.11323e-09;6.83334e-10
1.06656e-05;0.000412502;0.829095;2.00785e-07;1.69278e-07;2.78634e-06;4.77979e-08;2.55693e-05;1.56459e-07;3.49776e-08;2.43182e-08;0.170445;1.28317e-06;6.55281e-06
4.64049e-06;0.000415773;5.76565e-06;8.38464e-07;0.022491;0.529507;1.99248e-08;1.4641e-05;3.29356e-06;1.86235e-07;4.71545e-07;0.00163129;0.00749553;0.43843
0.000324408;0.272804;2.51581e-07;8.30441e-05;0.450598;0.0102278;6.39233e-09;0.15413;3.31438e-05;7.50524e-07;1.41874e-05;0.0409666;0.0152591;0.055559
0.0013436;0.26875;9.44021e-06;3.52976e-06;3.89182e-05;5.90981e-06;9.81612e-09;0.717486;0.000152321;4.90124e-08;1.92248e-07;0.0105677;0.00162413;1.80591e-05
1.02431e-07;0.99995;7.67284e-06;3.9473e-08;1.64824e-07;1.7248e-08;1.22726e-11;1.57876e-06;2.94843e-12;3.65803e-09;6.71183e-12;3.71026e-05;2.43715e-06;6.16274e-07
1.01012e-06;0.999783;4.4101e-08;6.88508e-09;4.57327e-08;2.60061e-08;3.39078e-06;6.47062e-06;4.20302e-10;6.6124e-08;1.32444e-09;2.24152e-07;0.000205164;3.13858e-07
3.12044e-10;5.46363e-06;2.54416e-08;8.27136e-09;7.63421e-07;5.46306e-07;6.37008e-12;1.21361e-07;4.57139e-09;4.79683e-11;1.19091e-09;0.999902;1.89092e-07;9.06339e-05
7.99881e-07;0.0268591;3.17368e-11;3.49671e-08;7.76157e-05;1.96073e-06;1.18526e-09;0.00319618;1.89085e-07;4.88878e-10;7.19408e-08;8.40299e-07;0.969863;3.37961e-07
7.61535e-05;0.0144372;0.000322446;2.54194e-06;0.000128622;0.000532578;3.66023e-07;0.02133;3.92556e-07;6.6414e-06;2.29729e-07;0.00279191;0.954401;0.00597018
9.1555e-10;8.88332e-08;1;1.74472e-08;1.6021e-08;4.90542e-09;4.42043e-09;9.3053e-10;1.31225e-10;4.47907e-10;1.11804e-09;2.1849e-08;3.12884e-10;3.21037e-09
2.03198e-06;0.00497106;6.79827e-05;1.884e-05;3.4113e-06;1.10394e-05;2.1615e-07;7.28815e-05;7.94233e-06;6.59219e-07;8.1855e-05;0.994569;1.9793e-05;0.00017307
4.98569e-06;0.919155;1.10422e-05;1.15854e-06;2.27738e-06;0.000325233;2.60114e-06;3.94206e-06;4.78561e-08;2.94224e-07;8.15166e-06;0.00204888;0.0783837;5.23998e-05
1.71115e-08;0.00323471;1.21316e-06;1.90365e-08;9.89504e-07;6.6478e-07;1.77404e-11;0.00716178;8.95319e-10;3.13493e-09;4.08998e-08;0.987406;0.00219251;2.16933e-06
3.09276e-08;0.00911867;1.1989e-11;7.55078e-06;3.88599e-05;0.055696;2.64775e-08;4.52367e-05;2.09183e-06;5.56614e-07;3.48545e-06;2.96519e-08;0.919888;0.0151994
3.18288e-06;0.0118982;0.97406;8.27857e-06;2.77536e-07;6.01672e-06;6.60901e-08;3.26403e-05;6.2017e-09;9.59051e-06;2.1938e-07;0.00859081;0.00537454;1.58433e-05
2.61327e-07;0.994491;2.84414e-08;2.83945e-06;4.85458e-07;1.19661e-06;6.58162e-07;0.000397856;3.46641e-07;1.48254e-08;1.17517e-05;3.54447e-08;0.0050843;9.02073e-06
1.00681e-06;0.995269;0.00332835;2.85579e-06;5.26951e-05;3.31178e-06;3.80096e-09;0.000855288;5.74369e-10;3.81938e-06;4.29556e-10;5.84272e-07;0.000281615;0.000202026
3.96169e-08;1.12128e-07;0.999993;1.03668e-07;1.06359e-07;3.88982e-09;8.7847e-08;1.69758e-09;8.86536e-10;2.89408e-08;1.43028e-08;6.6422e-06;5.92146e-08;2.09261e-08
6.16904e-06;7.61992e-05;0.992997;0.000106102;2.5878e-05;3.58934e-06;1.04594e-06;0.000586907;3.77654e-06;2.00152e-06;6.38122e-05;0.00578951;1.157e-05;0.000326827
2.37653e-09;3.08595e-06;5.62169e-08;3.19742e-08;2.17886e-06;2.65493e-05;1.17011e-12;7.15558e-08;6.78737e-12;1.24039e-08;1.77297e-10;5.65828e-07;1.81721e-07;0.999967
8.60177e-09;1.69771e-05;5.90632e-12;1.17581e-09;9.3884e-09;2.50938e-08;7.86405e-12;7.48523e-05;6.77314e-10;4.12864e-12;1.12496e-08;3.40319e-06;0.999905;3.9493e-08
5.92155e-05;0.854113;4.50787e-05;1.97376e-05;2.03655e-05;1.92637e-06;1.07437e-09;0.0568093;8.16335e-08;4.07618e-07;2.29672e-07;0.00215598;0.0861477;0.000626496
1.31632e-06;0.810585;2.66922e-06;8.86286e-07;6.1761e-06;9.34314e-06;2.7701e-08;0.0127609;4.29449e-09;1.53e-06;4.41852e-07;0.0148312;0.161791;9.1225e-06
3.60257e-08;3.28254e-05;2.67435e-09;1.53634e-05;7.6087e-05;5.1115e-06;4.86512e-06;2.5361e-05;2.25587e-08;7.13472e-06;8.04867e-06;3.51159e-05;0.999743;4.7514e-05
0.000922809;0.0178686;1.16071e-06;0.00188129;2.15543e-05;1.55568e-06;0.00308675;0.000198743;0.000818192;8.8765e-05;0.0420238;0.924828;0.000859824;0.00739886
4.10059e-06;0.999937;1.42182e-05;1.63207e-05;3.67866e-07;8.55375e-09;1.68838e-06;2.96534e-06;1.31605e-07;2.64379e-07;1.11475e-06;8.28901e-06;1.15581e-05;1.67384e-06
0.000130799;0.952312;7.54642e-07;4.0686e-06;6.41317e-06;2.07953e-06;8.65156e-06;0.0178408;3.32251e-07;1.05069e-05;5.08642e-07;0.000160574;0.000105999;0.0294169
8.1467e-06;0.313574;2.60803e-06;0.000169823;0.0017765;5.35756e-05;2.06306e-06;0.00359622;0.000160094;1.06028e-06;0.000829636;0.676206;0.00320828;0.000412335
1.96553e-05;0.0498778;0.0450085;2.3252e-05;0.00159917;2.58986e-05;2.54702e-07;6.07049e-07;1.10916e-07;1.81497e-07;2.33452e-06;0.85937;0.0435074;0.00056525
0.000303512;0.601908;2.91081e-06;4.43873e-07;0.0177573;1.98379e-05;1.93888e-07;0.101995;5.19279e-07;1.96373e-08;3.58333e-07;0.000639249;0.269219;0.00815315
7.92217e-07;0.89614;2.12424e-06;1.24494e-06;0.00151984;0.00028514;2.14715e-09;0.0248637;1.22969e-08;1.66314e-07;1.36515e-08;0.0104542;0.000603812;0.0661287
1.07435e-07;0.00111095;5.24921e-08;9.64089e-06;0.00014605;0.000963536;4.03124e-08;5.4375e-05;8.88839e-09;8.17216e-08;5.08086e-07;0.00110744;0.984223;0.0123845
4.67583e-05;0.00350549;4.53647e-06;5.09046e-06;6.45857e-07;3.8553e-07;9.65517e-08;0.000436849;9.12077e-07;1.0041e-07;3.48406e-05;0.99404;0.00191585;8.21129e-06
1.38643e-07;0.999866;3.05066e-10;6.99322e-10;3.67806e-11;2.15882e-10;1.2441e-08;4.37592e-06;2.46989e-09;2.90873e-10;3.69793e-08;1.3602e-05;0.000115665;1.27143e-10
2.65351e-07;0.00268204;1.42939e-08;2.4257e-07;1.53065e-07;9.40751e-08;3.09126e-08;0.000310067;1.33005e-06;2.16705e-08;8.07887e-06;0.996979;1.54693e-05;3.55345e-06
8.01223e-07;0.927086;3.7357e-09;2.03439e-06;1.03558e-06;1.67527e-06;0.00186892;1.11095e-06;1.20913e-07;0.000322445;7.97929e-07;5.68845e-09;8.17516e-06;0.0707066
1.19413e-08;2.65591e-09;0.999971;1.29082e-05;4.01646e-08;7.19135e-07;1.46871e-06;1.13409e-12;1.28279e-07;5.95507e-08;8.18172e-06;5.58992e-06;1.87729e-08;5.71897e-10
7.2427e-05;0.98959;0.000236976;1.07299e-06;2.01718e-07;6.88493e-06;5.21719e-06;0.000979913;5.38691e-07;3.72337e-06;2.41401e-06;9.58565e-06;0.00907274;1.83646e-05
1.62939e-06;0.000104093;4.55465e-06;7.58008e-06;1.78968e-05;0.000202189;2.57275e-07;0.000789109;1.02803e-05;5.96956e-06;0.000331805;6.51975e-07;0.998518;5.87351e-06
1.18693e-05;0.000109449;4.64483e-05;3.29192e-06;2.74231e-06;3.96036e-07;7.17418e-10;5.45184e-05;1.97866e-06;7.93951e-07;3.11868e-06;0.999523;0.000241314;6.27115e-07
