5.24179e-06;0.984435;1.58289e-07;1.06096e-06;9.68428e-07;6.75555e-06;0.000193187;0.00190465;1.41964e-06;4.22113e-05;2.06749e-07;7.45447e-09;0.0133863;2.28268e-05
2.49313e-12;8.38573e-13;1;8.63187e-10;1.12526e-09;2.89287e-10;7.25262e-13;1.07137e-12;2.92018e-13;2.91863e-11;4.44385e-13;1.2308e-07;5.23905e-15;4.23736e-09
6.90964e-07;0.993262;7.86069e-09;5.02889e-06;4.12842e-06;1.89322e-07;7.64738e-07;0.00392515;3.59647e-06;6.59072e-09;8.92669e-06;5.99258e-05;0.00272912;1.09179e-07
3.36933e-07;0.993394;1.13604e-05;1.58878e-06;2.95877e-08;2.65214e-09;0.00624526;3.5252e-08;7.52348e-09;0.000231698;3.49341e-07;1.07538e-06;6.20431e-07;0.000113462
2.59299e-10;5.84868e-10;0.999997;1.73715e-09;4.49802e-08;4.81108e-09;1.10956e-08;7.86781e-11;4.91633e-10;5.87239e-10;1.33179e-09;2.57187e-06;3.91477e-11;4.00725e-08
1.27394e-07;0.999346;2.97559e-09;2.97484e-07;1.28307e-08;9.33648e-07;8.79918e-05;2.11128e-05;3.99417e-05;3.54646e-07;5.33923e-05;6.01992e-06;0.000442182;1.78309e-06
1.82975e-09;5.97395e-06;0.000879343;2.6414e-07;5.9584e-08;6.7389e-06;2.93766e-11;2.91642e-09;2.95999e-10;1.32923e-09;2.71349e-08;0.998945;0.000161665;1.19339e-06
0.00012584;0.0647621;1.85227e-06;3.64145e-05;4.02157e-05;0.000164688;6.87667e-05;0.790733;0.0410575;6.87274e-07;0.0150783;0.000551848;0.0871324;0.00024673
9.46892e-06;0.000656;4.4042e-09;7.02333e-10;9.16196e-08;2.26162e-10;3.79801e-09;0.999315;3.76673e-07;2.36278e-09;2.47541e-08;1.45487e-06;1.79267e-05;2.23625e-08
1.62798e-06;9.03481e-05;1.0764e-06;2.78425e-05;0.94995;6.20023e-05;1.63729e-07;0.0275999;8.43217e-06;6.47978e-06;4.10759e-07;0.00069918;5.05378e-05;0.0215016
2.25739e-05;0.0017608;0.995361;0.00110364;0.000105257;1.11683e-05;1.19761e-06;2.58733e-07;4.30993e-06;2.2717e-06;0.00011086;0.00118601;0.000318069;1.24922e-05
1.57455e-05;0.992899;2.02798e-09;1.31115e-06;7.54721e-07;2.18695e-07;3.91748e-06;0.00112828;4.75777e-06;1.72941e-07;1.43226e-05;1.21527e-05;0.00591141;7.7294e-06
1.25006e-06;0.0127182;2.37245e-09;5.67528e-06;3.41012e-06;6.99771e-06;1.65489e-05;0.000125258;3.7457e-06;6.14693e-07;0.000250127;2.05178e-07;0.986867;1.16997e-06
0.000772012;0.00530549;2.16099e-05;7.50012e-06;2.92885e-05;1.31972e-06;1.92978e-08;0.000948781;1.83313e-06;4.21955e-07;8.10143e-06;0.927905;0.0649979;5.36229e-07
9.97764e-06;0.461117;1.13049e-05;0.000425493;0.000341434;0.000275071;1.16794e-06;0.00109862;1.34509e-05;1.54082e-06;0.00044034;0.53147;0.00248991;0.00230461
4.00974e-09;0.000710943;1.35368e-10;3.41143e-09;3.85675e-05;5.76131e-10;1.80714e-10;0.99925;9.8921e-10;3.16889e-10;2.18411e-10;1.73088e-08;1.54266e-08;1.80019e-07
8.97354e-09;2.24843e-07;0.985106;1.13758e-07;4.98682e-06;2.61917e-09;2.05039e-11;5.1684e-09;1.38934e-11;2.57587e-09;3.19171e-09;0.014888;6.56707e-08;5.00531e-07
6.67776e-06;1.28712e-05;2.52089e-08;2.77805e-05;8.65287e-09;3.29188e-08;0.000149822;2.2795e-06;0.141021;1.13212e-07;0.858774;2.44378e-08;4.68482e-06;3.88072e-07
0.00010407;0.0192985;3.90572e-07;4.6018e-07;2.66053e-06;5.69297e-07;5.7157e-08;0.000111672;8.86982e-06;1.69013e-07;1.50424e-06;9.50295e-06;0.98046;1.24037e-06
1.80494e-08;7.25877e-05;1.482e-11;1.24697e-10;5.12727e-05;1.29796e-09;1.07797e-10;0.999875;1.3047e-07;2.04847e-08;4.88485e-09;2.80883e-07;9.40331e-07;3.91889e-09
4.85242e-07;8.24475e-06;0.999219;1.29752e-05;0.000426608;1.19858e-05;1.34223e-08;2.98904e-07;3.11474e-07;5.99587e-05;3.131e-07;0.000237752;5.01455e-07;2.15041e-05
0.000360774;0.0197396;4.75868e-05;1.9339e-05;2.55245e-06;9.59004e-07;0.000759759;0.00271833;0.22217;4.37529e-06;0.753925;2.32693e-06;0.000237472;1.16056e-05
