1.71538e-07;4.15809e-06;1.80647e-13;1.13113e-11;7.73143e-10;1.84642e-11;9.4163e-12;0.999995;2.75958e-09;1.9637e-12;8.76355e-11;1.96909e-10;3.12366e-07;7.75684e-11
2.4167e-08;1.41705e-05;5.79277e-07;2.05047e-06;0.00378484;0.00074328;2.59733e-11;2.85985e-05;5.4399e-09;2.46149e-08;1.43294e-09;0.294042;3.1097e-06;0.701382
1.81563e-06;0.0059197;2.72319e-10;3.5842e-07;3.41399e-07;4.86455e-08;1.19517e-07;0.00165453;2.03094e-05;3.68046e-09;3.09249e-05;1.05438e-06;0.992371;1.24095e-07
3.55661e-07;0.999725;9.60678e-07;9.5368e-06;7.5288e-08;3.87734e-07;6.83848e-08;5.38141e-06;1.24509e-06;9.52917e-08;2.47377e-07;2.55377e-06;3.87159e-06;0.000250389
2.83281e-07;6.95505e-06;1.7768e-11;9.68686e-09;1.72555e-08;2.18283e-09;2.1672e-09;0.99999;2.2537e-07;1.62925e-09;8.61965e-08;3.0518e-10;2.78919e-06;7.60857e-09
7.22823e-09;0.00179612;1.81858e-08;1.35387e-06;4.27378e-08;8.88068e-08;1.17773e-05;2.43473e-09;1.03029e-09;2.09602e-05;1.18471e-08;7.16684e-11;1.85498e-08;0.99817
1.73037e-11;6.36434e-13;1;1.38826e-10;1.66686e-10;6.64383e-11;6.24726e-10;3.59274e-13;2.37743e-12;2.78756e-11;3.82718e-10;2.34945e-09;3.36951e-14;1.28447e-10
5.28485e-07;0.902363;1.06322e-06;1.23492e-05;6.84732e-06;1.53906e-05;5.27896e-07;0.0726815;1.60716e-06;3.81491e-08;0.000831111;2.98779e-06;0.024082;1.02832e-06
2.7836e-05;0.140206;0.0148331;0.0548506;0.140111;0.0994179;0.000101;0.00513282;2.72218e-05;0.0021259;0.0237843;0.0858594;0.398284;0.0352395
0.000110374;0.453686;4.61158e-06;0.000206211;1.33125e-06;7.65111e-06;0.000606126;0.000979324;4.03478e-05;1.33053e-05;0.295577;0.00029258;0.248474;4.83754e-07
1.62117e-05;0.0279819;8.34321e-09;6.20088e-06;5.10971e-05;6.63663e-05;1.07989e-06;0.901824;8.44236e-05;1.66004e-06;0.001519;0.000811901;0.0676114;2.4615e-05
1.39743e-05;0.0191831;2.75802e-08;2.37835e-05;0.00142388;4.80642e-06;6.03827e-08;0.943229;2.943e-06;3.01387e-06;1.10108e-05;0.0306481;0.00540772;4.88235e-05
0.000103546;0.984074;1.25244e-06;3.2591e-06;0.000156083;4.40123e-07;3.35099e-06;0.00399384;1.03686e-06;1.31621e-06;6.28447e-06;0.000162091;0.00347881;0.00801468
2.40236e-09;0.0019724;2.09761e-12;1.05376e-07;1.78785e-07;1.4115e-08;1.09183e-07;4.0953e-07;4.14274e-08;5.06399e-07;1.18606e-07;3.37138e-08;2.5521e-08;0.998026
1.14505e-05;0.000560341;3.76707e-07;3.56096e-06;8.91967e-08;9.17905e-09;0.28984;0.000142121;0.0580073;4.06487e-07;0.651366;2.76022e-07;6.83817e-05;1.20576e-10
7.93612e-06;0.988871;8.00479e-08;9.81552e-07;5.44061e-06;1.08972e-06;3.42501e-07;0.0050999;2.67621e-05;1.32734e-07;6.19318e-06;0.000305566;0.00564212;3.23547e-05
1.77226e-05;0.790093;9.79352e-07;5.64765e-06;7.67149e-05;3.20783e-05;8.53161e-08;4.50185e-05;6.02824e-07;1.56804e-06;8.52669e-07;0.0585636;0.149646;0.00151614
3.0058e-06;0.894955;1.99431e-08;2.48663e-05;0.000147947;1.10614e-05;7.81402e-08;0.0355355;6.40588e-06;2.37872e-07;6.83786e-05;0.0656715;0.00303935;0.000536588
5.71699e-06;0.0153428;4.51877e-06;3.07655e-05;0.790126;0.0186653;2.98677e-07;0.00101878;9.31043e-07;5.81007e-05;4.43977e-06;0.00149438;0.00729443;0.165953
2.2483e-05;0.00279484;3.88686e-07;5.02665e-07;9.5103e-08;0.000166239;6.06066e-08;1.32357e-05;1.66763e-06;3.53577e-07;4.5173e-07;4.75725e-05;0.996944;8.50911e-06
2.79135e-06;0.0053276;0.990071;9.01908e-06;3.80846e-07;6.50973e-06;8.45729e-06;3.75465e-08;1.86494e-08;0.000119948;5.12061e-08;0.00355581;1.45184e-05;0.000883964
4.12818e-08;1.06123e-09;0.999999;8.50974e-09;7.39461e-09;9.44596e-09;3.93054e-07;1.00743e-09;6.2255e-08;6.72203e-09;5.77975e-08;6.48805e-07;4.86875e-09;1.45252e-11
6.39846e-05;0.00908906;1.52243e-05;1.11614e-05;0.0120593;0.000553967;6.73245e-05;0.950148;0.00187917;3.15098e-05;0.00141486;0.00269293;0.0205099;0.0014631
9.98026e-06;0.000563748;2.10346e-09;9.08072e-06;0.000125783;4.07658e-07;1.08518e-07;0.978301;0.000348489;2.39161e-07;0.000171525;0.000177578;0.0202912;4.01984e-07
1.90977e-06;0.999958;5.06186e-07;1.41385e-08;4.65869e-10;3.12647e-12;8.29484e-08;1.03336e-05;1.51756e-07;4.1128e-09;2.81579e-08;1.66378e-05;1.21798e-05;3.58053e-09
1.40612e-06;0.0265023;1.10375e-10;4.96807e-05;5.26749e-06;3.01648e-08;1.47358e-05;7.35043e-05;8.38249e-06;1.175e-05;2.21745e-06;2.33287e-05;3.29357e-07;0.973307
5.12318e-06;1.49832e-05;0.998463;8.99453e-08;1.4684e-07;2.4558e-10;3.31337e-07;0.000776303;2.40553e-07;4.5654e-09;2.86179e-07;0.00073978;2.67332e-08;2.63204e-08
2.64961e-06;0.0109944;1.91248e-07;5.3049e-08;2.12243e-05;5.63841e-09;7.47388e-07;0.98894;1.75079e-05;4.36895e-08;8.18551e-07;1.78116e-07;2.19446e-05;2.30864e-09
1.16482e-06;0.000117333;0.954889;8.94864e-05;0.000315103;0.000597423;4.63621e-08;2.9502e-07;4.26325e-07;6.09572e-05;1.11563e-07;0.0436563;2.09879e-05;0.000251208
0.00127896;0.172;2.24105e-05;0.000169813;3.77508e-05;0.0011175;0.00015275;0.0182663;0.795921;3.86224e-06;0.00468945;0.00128336;0.00334212;0.00171469
