5.14936e-07;0.999966;5.51476e-06;1.13219e-06;7.09186e-07;6.25694e-08;4.4007e-09;4.24352e-06;2.069e-08;1.69909e-08;1.59941e-08;1.83529e-05;3.67774e-06;1.60863e-07
4.81946e-06;0.979473;1.16901e-09;8.12355e-08;1.83034e-08;4.21058e-07;5.17534e-07;4.20803e-06;4.75834e-08;5.60278e-08;8.41638e-07;3.36519e-05;0.02048;2.48401e-06
1.07136e-05;0.0167264;9.94476e-08;2.36094e-06;7.94286e-06;0.000796739;0.00111677;2.3513e-06;4.3023e-07;0.00296283;1.91494e-06;1.10232e-06;1.03066e-05;0.97836
2.0076e-08;1.10886e-10;0.999975;5.58881e-07;3.1492e-08;1.50407e-06;8.90362e-06;3.05965e-11;1.20942e-06;4.54141e-08;1.21299e-05;2.8197e-07;1.41397e-09;1.00149e-09
0.00384383;0.963781;0.000501041;6.65455e-06;4.90527e-06;2.46055e-05;0.000561683;0.02462;0.00264286;4.33759e-06;0.00153573;1.62066e-05;0.00240394;5.32035e-05
7.66911e-07;0.123885;3.79179e-07;2.02266e-06;6.478e-06;0.000124518;3.59617e-08;0.000226784;2.15137e-06;7.1361e-08;9.62867e-06;0.872285;0.0025919;0.000864823
1.18703e-06;0.995053;1.97296e-07;1.54666e-07;8.19602e-06;7.57736e-08;1.29338e-06;0.00301017;4.35786e-06;2.98044e-06;6.46442e-06;0.00043137;0.000509554;0.000971582
1.51189e-05;0.0348672;5.06461e-07;1.40592e-07;3.52519e-05;1.66068e-06;2.54242e-06;0.000628582;1.07484e-05;7.27174e-07;2.79998e-06;0.950329;0.0057549;0.00835063
0.000841311;0.354392;6.93507e-07;2.72666e-06;0.000215557;9.58481e-06;7.89882e-06;0.24163;0.00561095;1.09565e-06;0.0011691;0.0190872;0.376996;3.60857e-05
0.000157405;0.178295;7.04983e-05;1.54287e-06;6.03433e-07;2.24846e-05;4.98022e-07;4.22928e-05;6.44973e-05;1.21872e-06;4.26128e-06;0.397575;0.423462;0.000303362
1.37796e-06;0.956779;0.0430293;1.06561e-07;1.96256e-07;8.23229e-09;5.70858e-07;3.56154e-06;5.79652e-10;6.14937e-06;2.42229e-09;0.000160227;7.57464e-06;1.17006e-05
1.5559e-11;7.32564e-11;1;1.81834e-11;6.51864e-10;1.93387e-12;7.18798e-11;8.1128e-12;6.44869e-13;1.39974e-11;9.38969e-13;1.44806e-08;1.08079e-12;7.62206e-11
1.37212e-05;0.000221001;7.27854e-08;9.77505e-06;0.00808848;4.47015e-06;2.02502e-06;0.945154;0.000221497;5.08974e-06;0.000194133;0.0236215;4.08104e-05;0.0224235
4.62876e-05;0.143981;0.641514;0.000319025;0.0782592;0.00166284;1.48569e-06;0.00370429;2.27654e-07;5.57014e-06;2.98436e-06;0.00597529;0.0112923;0.113236
5.15011e-06;0.952015;1.33021e-06;8.56691e-07;2.74315e-06;8.46931e-06;5.54001e-06;0.0014377;8.69008e-07;1.03121e-07;2.33365e-06;0.000180184;0.0268521;0.0194874
2.28714e-06;0.0084609;4.49623e-07;1.58705e-07;1.18696e-05;3.99008e-07;2.01532e-08;0.00673232;6.80463e-06;2.52705e-08;1.67668e-06;0.000589549;0.984193;2.81627e-07
