8.21091e-06;0.791229;0.00521936;1.87187e-05;6.75439e-05;2.40414e-05;2.4982e-08;4.89816e-06;9.42728e-09;1.9375e-06;1.61041e-07;0.00392451;0.199417;8.4572e-05
5.58197e-06;0.207908;2.441e-07;1.10759e-06;5.91351e-05;8.28603e-06;1.431e-05;0.00450219;9.68873e-06;1.45093e-06;0.000155968;0.780537;0.00426569;0.00253095
1.69007e-05;0.500234;2.99884e-07;8.5757e-05;0.000261728;0.00275761;0.000154693;0.155799;0.000547794;7.58744e-06;0.00057039;9.15617e-05;0.339459;1.31723e-05
0.000158669;0.0135871;0.806902;0.00127912;0.000399646;1.06882e-05;1.35656e-05;0.000607626;1.86396e-05;0.000117187;1.04174e-05;0.150325;0.0217523;0.00481796
0.000405445;0.837493;9.61505e-08;5.41956e-05;4.58011e-06;6.68783e-05;0.000125582;0.0365007;0.0107;3.96821e-06;0.0232512;2.97475e-05;0.0913475;1.6835e-05
0.00119686;0.660994;0.000566601;1.43958e-05;0.000760384;0.000935162;4.55565e-07;0.0468729;0.000109856;3.87481e-05;4.09046e-05;0.169926;0.015032;0.103512
1.72164e-07;0.0024634;2.27266e-07;3.93021e-08;4.64057e-06;4.48821e-06;1.30867e-10;6.94829e-06;8.71643e-08;1.69202e-09;6.97474e-08;0.997381;0.000125917;1.27235e-05
1.131e-05;0.286407;0.000640796;1.10576e-06;0.000558911;0.000119001;6.89286e-09;0.00331229;1.0177e-06;4.4486e-07;4.21299e-07;0.0338488;0.674955;0.000144618
2.99356e-05;0.0428507;1.02724e-06;0.000528214;0.459338;0.251971;1.90334e-06;0.176919;0.000195027;0.000231507;2.47702e-05;0.00356403;0.00372395;0.0606209
0.000332515;0.0068975;2.88813e-09;7.36516e-06;1.20856e-05;5.6833e-06;9.4362e-07;0.0744117;0.00347465;7.91352e-08;0.000213377;7.18099e-05;0.914572;3.49723e-08
2.83843e-06;0.999237;9.55113e-10;7.82902e-09;7.76981e-10;1.66395e-09;8.19686e-09;2.60296e-07;3.08905e-08;8.9247e-10;1.29229e-09;2.55323e-06;0.000757062;2.99451e-09
1.75085e-06;0.0681699;7.89967e-07;8.57989e-06;9.45168e-05;0.00331267;6.31225e-09;0.00239126;1.74999e-07;1.19013e-06;6.36702e-08;0.886454;0.039291;0.000273777
3.58903e-06;0.787496;5.82826e-08;0.00361876;2.80153e-05;0.00120101;0.000663051;0.0300786;0.00010094;0.000234243;0.0836348;0.00386173;0.0874877;0.00159195
2.10685e-05;0.419573;1.5621e-05;0.000415873;6.81654e-05;0.000349967;0.000142947;0.00408708;0.000256013;2.33509e-05;0.124788;0.000338506;0.449915;4.74321e-06
0.00140383;0.751638;3.82447e-05;1.72898e-05;4.77366e-05;1.66843e-05;6.28968e-05;0.217524;1.48346e-05;5.07492e-05;0.000179766;0.00027498;0.0282903;0.000440516
2.11147e-07;0.00816879;2.0637e-06;3.65306e-07;2.98672e-05;7.85235e-06;3.36289e-08;4.44408e-05;4.01474e-08;3.66526e-07;3.07653e-06;0.991527;0.000178022;3.77879e-05
2.31629e-05;0.891549;9.02686e-05;5.12798e-05;0.00084819;2.25395e-05;1.98925e-07;0.0629881;4.30489e-05;9.39105e-07;0.000204725;0.0193741;0.0246814;0.000123042
1.97461e-05;0.0590624;3.35458e-06;1.08825e-06;0.000161358;2.96133e-06;2.89427e-09;0.000349949;5.28641e-06;9.03958e-07;3.89071e-06;0.940138;7.60282e-05;0.000174872
0.0364699;0.666351;2.64733e-05;4.47451e-06;0.000949598;6.20128e-05;0.000293703;0.248465;0.0247019;2.01054e-05;0.000266924;0.0089329;0.0134431;1.27884e-05
0.000105233;0.130855;2.21218e-08;9.12179e-07;7.50193e-05;1.14773e-06;1.365e-07;0.852874;0.000446525;1.3394e-07;1.02666e-06;0.000114731;0.0155242;2.62486e-06
3.49399e-05;0.978654;4.73416e-08;2.95469e-05;1.88649e-05;1.22395e-05;1.26021e-08;0.00295492;8.69727e-05;1.84117e-07;1.57426e-06;0.010737;0.00737603;9.38591e-05
5.19586e-07;0.00338988;9.52703e-11;3.1983e-08;2.02073e-05;3.37754e-07;6.35129e-10;0.996219;2.95008e-07;7.53306e-09;3.66925e-08;4.20861e-06;0.000363218;2.50017e-06
5.20771e-06;0.000825296;4.19501e-06;2.25518e-06;2.22494e-05;5.01594e-06;3.85623e-08;0.00465588;1.08232e-05;3.08302e-07;1.07756e-06;0.993598;0.000868235;9.36082e-07
0.000289965;0.966987;2.08386e-05;1.71993e-06;1.91067e-06;9.67019e-07;0.0125349;0.014065;0.000867449;1.98605e-05;3.87075e-05;4.34802e-10;0.0051626;8.77761e-06
8.88681e-08;2.52423e-08;0.999998;8.2911e-09;4.17438e-09;9.51118e-11;1.36068e-06;4.20836e-09;5.28364e-07;2.18584e-09;8.79097e-08;3.08544e-08;4.95713e-10;2.00649e-10
0.000188283;0.378557;0.0328584;0.00156567;0.000578863;8.66845e-05;1.89533e-06;0.0379878;0.00926417;1.16188e-05;0.000907749;0.528299;0.000957802;0.0087344
0.000159663;0.762737;0.000427296;0.000376981;0.000419343;0.0103673;3.09719e-05;0.00147516;0.00403213;4.97532e-05;0.0217805;0.0248842;0.169136;0.00412323
4.46251e-06;0.730483;0.238112;8.16282e-06;1.01739e-05;5.54167e-06;9.89922e-08;9.1775e-06;7.44348e-08;3.43699e-06;2.3068e-06;0.0310824;0.000144624;0.000134512
6.14118e-07;0.99953;4.8137e-11;2.69706e-07;5.21455e-06;4.44704e-06;5.89324e-05;0.000152983;4.0333e-07;5.3969e-05;1.49713e-07;3.04178e-08;2.23451e-05;0.000170251
9.50133e-09;6.0875e-08;0.999995;2.68731e-08;3.13713e-08;2.05824e-06;1.57379e-09;1.03943e-07;8.63577e-09;5.43802e-09;1.03173e-07;3.79938e-09;2.52134e-06;2.65656e-10
1.50001e-07;0.999862;7.22657e-05;1.05351e-07;5.39014e-08;9.0979e-10;1.29724e-09;1.02676e-05;4.23445e-11;9.59423e-09;2.90114e-09;5.49929e-07;5.43428e-05;3.90465e-07
2.08593e-06;0.983703;5.33328e-09;2.22968e-06;1.96396e-06;1.38301e-06;9.27688e-10;0.000172278;2.04518e-07;4.52923e-08;9.95984e-08;0.0158985;0.000217501;1.91256e-07
3.13677e-06;0.00288724;2.48352e-10;8.8731e-08;0.000250148;1.12663e-06;6.33344e-09;0.996246;1.69882e-07;1.49386e-07;2.19026e-07;0.000446819;0.000163494;1.7262e-06
7.58068e-05;0.00119551;2.28755e-05;2.95505e-06;0.000205163;7.90505e-06;2.35929e-07;0.0176553;6.82901e-05;1.30716e-07;7.82953e-06;0.902707;0.0780462;4.41873e-06
3.21319e-05;0.974016;3.8133e-05;1.69693e-06;0.000414152;2.21777e-06;2.40597e-05;0.0208116;1.29691e-05;2.20712e-06;1.08357e-06;1.58582e-09;0.00148441;0.00315883
1.91787e-08;2.95689e-07;0.999999;1.82646e-08;2.33054e-08;1.00473e-10;2.41868e-09;1.12391e-09;4.78229e-09;3.71073e-10;2.22551e-09;6.59045e-07;1.35239e-10;2.3417e-08
2.7094e-06;0.00376112;2.79165e-05;0.000213196;3.8069e-07;3.45117e-06;6.522e-08;3.93549e-05;0.000750532;1.47177e-07;0.000552597;0.994634;1.05411e-05;4.33832e-06
3.27136e-06;0.999842;1.12935e-05;3.95622e-06;4.22469e-07;4.71759e-06;1.73681e-06;1.31207e-05;3.02304e-08;4.92309e-07;5.16811e-05;7.21757e-07;4.59861e-05;2.04407e-05
9.32785e-09;0.000480741;2.34576e-08;6.11035e-09;3.53054e-05;2.00131e-08;2.38936e-11;0.99946;3.72056e-10;4.78855e-10;7.00968e-09;9.17441e-06;2.50591e-06;1.21762e-05
9.87829e-09;1.62697e-05;0.998595;3.39081e-06;0.000258;0.000877931;2.30237e-11;1.5398e-07;4.46884e-10;6.46503e-08;6.64288e-09;2.10162e-05;0.000161109;6.70947e-05
3.0635e-06;0.0152197;3.70108e-05;3.70108e-05;9.37341e-06;0.000970722;5.30834e-07;0.012456;0.000143574;9.66081e-07;0.00422645;3.42239e-05;0.966857;4.67161e-06
