2.21727e-07;0.999976;1.01613e-06;8.2446e-07;8.46115e-08;2.28749e-08;1.98065e-09;2.00918e-06;2.07343e-08;5.09798e-09;2.13242e-08;1.6217e-05;2.81794e-06;8.24965e-07
0.000184166;0.910139;9.73456e-08;8.07585e-07;6.44188e-06;4.45318e-07;4.3725e-06;0.08761;7.39833e-07;5.63441e-07;6.39016e-07;3.69577e-06;0.00203595;1.28086e-05
9.75408e-09;0.000183054;8.7942e-08;9.19882e-09;3.92455e-06;2.8412e-09;1.29539e-09;2.01412e-06;5.48494e-09;3.57961e-10;1.91191e-07;0.999804;6.32516e-08;6.23725e-06
2.6138e-08;0.999371;2.92691e-12;1.44902e-09;1.72731e-07;6.19086e-09;1.05864e-06;1.07417e-07;1.18242e-10;5.40301e-07;7.33227e-11;2.19953e-10;4.4482e-06;0.000622621
2.8181e-09;1.33709e-11;0.999994;4.91294e-09;1.63689e-06;1.15702e-07;1.08474e-08;1.14519e-09;6.47234e-09;1.01275e-08;5.55945e-09;4.22076e-06;2.32775e-10;8.04859e-08
0.000462183;0.130932;1.16125e-06;0.000201761;0.00613448;0.00300419;0.00181347;0.363918;0.449496;1.79931e-05;0.0208318;5.27767e-07;0.022813;0.000373365
0.00143286;0.576006;0.00306471;0.000257682;0.000385185;0.000347517;2.2987e-06;0.00108832;0.000216362;1.26477e-05;2.72735e-05;0.00397711;0.410861;0.00232075
0.00076815;0.656473;1.71995e-08;1.25545e-06;4.37295e-07;1.23813e-06;1.44666e-06;0.00659348;0.0044467;3.71191e-08;0.000610309;0.253526;0.077578;1.52957e-07
0.000196414;0.0563998;6.78374e-05;4.77533e-05;0.0189903;0.00107802;2.77484e-06;0.829494;0.000304565;0.000177443;1.89203e-05;0.000435201;0.0126021;0.0801852
0.000132438;0.945523;0.0010184;0.000211598;1.11994e-05;2.3635e-05;4.33504e-05;0.0023823;0.00105248;1.33319e-05;0.00240029;0.03535;0.0118119;2.63345e-05
0.000101903;0.978521;2.92601e-05;3.852e-06;2.85255e-05;2.16417e-05;0.000415593;0.0145312;2.22024e-05;0.00172943;3.52516e-06;4.40629e-07;0.00375517;0.000836484
3.05427e-08;5.34389e-09;0.999366;3.75554e-07;3.15706e-07;6.21166e-08;5.43649e-08;6.055e-12;7.74807e-08;1.69427e-07;3.04383e-08;0.000633207;1.71998e-10;1.37853e-08
0.000825523;0.000858048;9.43343e-07;1.61804e-06;1.00994e-05;4.23988e-06;1.30444e-06;0.997246;0.000421339;1.65698e-06;2.21608e-05;0.000164367;0.000438678;3.78072e-06
9.72961e-08;0.000128043;3.39454e-10;7.26547e-09;1.60697e-11;1.66681e-10;0.999454;1.46135e-09;1.89355e-05;0.000377563;2.08805e-05;6.32737e-12;1.42597e-07;8.04439e-08
3.56674e-10;8.04131e-12;1;1.27091e-09;3.85441e-09;1.21514e-10;4.78677e-08;4.13365e-13;5.08611e-08;7.18081e-09;1.05305e-09;4.3753e-09;1.69431e-13;1.86301e-11
0.000169237;0.981296;2.5626e-06;4.81723e-05;4.02804e-05;4.04197e-06;0.000133378;0.000695995;0.0170107;3.89476e-06;0.000356407;7.51469e-05;8.04639e-05;8.35295e-05
4.99978e-07;5.06399e-06;4.92725e-10;9.62415e-11;3.94237e-08;4.97137e-11;2.74116e-10;0.999994;1.97716e-07;9.6568e-11;5.01221e-10;3.35595e-09;2.86086e-07;3.22631e-09
1.58227e-08;3.93782e-05;3.31781e-07;7.34115e-07;0.000154623;7.42915e-05;2.2382e-10;7.73878e-06;1.33137e-08;2.58614e-08;6.38078e-09;0.114835;2.54259e-05;0.884862
6.05848e-07;0.00153546;3.50745e-09;1.04908e-07;6.47498e-06;4.87504e-08;9.05966e-08;0.00172121;1.07015e-05;6.91318e-10;1.7682e-05;4.04771e-06;0.996704;1.38754e-08
3.12871e-06;0.909916;0.000228995;6.70978e-06;4.18177e-05;1.09448e-05;4.0409e-08;0.000762798;7.95427e-08;1.52136e-07;3.46721e-08;0.00129264;0.0875774;0.000159771
1.99386e-06;0.614679;2.63158e-09;2.83156e-05;2.16498e-05;0.00353063;6.41716e-07;0.000244978;5.448e-06;6.93671e-07;1.31637e-05;0.00592568;0.372617;0.00293172
1.46827e-05;0.167939;0.804148;0.000278655;0.00187568;0.000683729;2.3652e-06;0.000828425;1.45416e-07;9.15704e-06;1.43325e-05;0.0223701;0.000215197;0.00161984
1.33595e-05;0.0716382;5.21864e-07;0.000949355;0.0112889;0.30983;0.000242964;0.000225207;0.0048137;1.07891e-05;0.0966254;0.000231005;0.424783;0.0793481
0.00012661;0.000179462;1.11236e-07;9.40434e-08;1.71113e-07;2.23995e-07;1.0991e-07;0.999553;3.34915e-05;3.07864e-08;5.94689e-06;3.83476e-06;9.65358e-05;6.7884e-09
2.65392e-07;0.997812;5.80224e-07;2.51978e-07;5.57704e-07;1.34195e-07;1.08062e-07;5.31148e-07;6.20397e-09;4.4027e-06;1.81043e-08;1.09743e-07;5.8003e-06;0.00217545
6.96876e-08;5.02223e-08;0.999997;2.93034e-09;4.24312e-07;2.55643e-07;3.97776e-07;6.04664e-08;6.86736e-09;1.40815e-07;5.72914e-08;6.9144e-10;4.62609e-08;1.39778e-06
1.3436e-09;1.27004e-09;1;7.32404e-11;8.68611e-09;7.26856e-10;6.80077e-10;3.56217e-10;1.93566e-11;1.03464e-11;2.63019e-11;4.84166e-09;3.53713e-10;2.11233e-10
2.86651e-06;7.18841e-06;0.988469;3.20669e-07;1.85931e-06;4.76303e-06;3.13002e-09;7.39362e-06;3.6051e-07;2.27845e-08;5.50659e-08;0.0114935;6.59837e-08;1.28581e-05
8.09565e-07;5.4366e-05;1.01752e-07;9.98413e-09;2.72602e-05;0.0016159;1.11976e-11;3.44876e-07;3.03385e-09;1.6161e-08;4.15654e-11;1.17164e-06;5.44037e-07;0.998299
5.42158e-06;1.20383e-05;4.66981e-10;1.44965e-08;3.7562e-06;1.56449e-06;2.26874e-10;0.986853;1.32674e-06;2.13316e-10;5.75524e-09;5.20063e-06;0.0131122;5.6047e-06
0.000747225;0.912683;3.49021e-05;5.82945e-06;2.06784e-05;2.67043e-08;6.12005e-08;0.0402163;4.27031e-06;2.61312e-07;7.7726e-08;0.0276561;0.0181365;0.000494725
8.89834e-08;0.988714;2.31735e-11;1.08786e-08;5.89406e-08;3.2888e-07;5.42552e-08;1.87554e-06;2.009e-11;6.41943e-07;1.19485e-12;1.74673e-08;1.60671e-05;0.0112665
1.18564e-12;2.93274e-14;0.999999;1.20722e-11;1.02481e-09;7.13981e-11;2.68742e-11;4.707e-12;4.92962e-13;3.29246e-11;1.83554e-12;6.19759e-07;1.66204e-14;1.34606e-12
2.3117e-10;9.04682e-06;2.47637e-11;8.01882e-10;9.44777e-12;1.38914e-09;0.999878;2.32431e-10;2.02494e-07;0.000112964;1.03963e-07;2.13365e-16;8.26088e-10;9.4331e-08
4.95806e-14;1.27499e-14;1;3.3587e-13;1.86215e-13;4.05891e-14;1.95868e-10;2.97252e-17;2.05168e-12;3.71292e-12;1.34353e-12;1.285e-12;4.41135e-16;1.18529e-14
