4.56933e-06;6.58903e-06;1.97691e-11;4.22101e-10;4.12038e-09;2.86558e-09;3.24821e-10;0.99997;5.27765e-07;6.60238e-11;1.81909e-08;1.18098e-09;1.81937e-05;8.60521e-10
1.27913e-08;0.00264348;2.43494e-08;2.62454e-08;2.01272e-08;2.0604e-07;2.85754e-06;2.49774e-10;1.46865e-10;2.44576e-05;1.48334e-10;6.58384e-11;2.17357e-06;0.997327
1.26457e-09;1.38124e-11;1;5.41683e-10;7.83409e-10;2.29074e-08;4.32401e-07;1.78125e-11;8.37732e-09;6.22125e-09;4.82368e-09;3.12746e-11;7.17261e-13;9.4102e-09
1.61121e-07;4.65313e-05;0.999934;1.28875e-07;8.53832e-09;1.29302e-08;1.213e-05;9.97903e-08;9.7647e-07;1.55668e-09;5.50186e-06;1.75042e-08;1.6511e-07;6.99447e-09
1.45555e-07;0.00095853;0.000232634;2.41107e-06;1.61879e-06;1.44039e-05;6.03606e-10;0.000201506;5.5464e-07;2.59897e-08;2.16961e-06;0.994632;7.26898e-06;0.0039471
2.12335e-07;0.0163849;1.89199e-06;7.64575e-07;3.61825e-06;0.000847632;6.25755e-08;4.20858e-06;3.77644e-08;9.05386e-08;2.64497e-06;5.92334e-06;0.982551;0.000196548
4.40187e-09;0.00854759;3.81814e-07;6.37747e-08;4.8288e-06;1.24505e-05;1.1675e-10;2.59093e-05;3.00719e-08;2.0856e-09;2.81477e-07;0.991265;5.83677e-06;0.000137973
1.13535e-08;0.96983;8.63139e-11;7.1496e-09;7.879e-07;1.51525e-05;1.88459e-10;7.75943e-05;5.69539e-11;3.51912e-10;7.7326e-11;3.48632e-07;0.0300512;2.53526e-05
8.88163e-06;0.00421807;0.000177149;1.86352e-05;1.33885e-05;0.000172004;3.00903e-07;0.17005;3.09839e-06;1.45605e-07;1.19288e-05;0.820729;0.00447145;0.000125892
2.27048e-05;0.850836;3.27746e-05;0.000122601;6.06819e-05;2.46434e-05;9.88219e-07;0.12387;2.43809e-05;1.47127e-06;2.55698e-05;0.0187056;0.00627031;2.05976e-06
5.4838e-07;0.0215807;1.06034e-08;4.31134e-07;0.000323101;8.74475e-08;1.53014e-07;0.977192;1.21242e-07;3.81818e-07;1.17702e-07;0.000521193;0.000246274;0.000135007
2.72844e-07;0.000250241;0.972042;1.24345e-05;1.2999e-05;3.07403e-06;3.19593e-06;4.7809e-08;3.90177e-09;2.91189e-05;2.6335e-07;0.0274338;9.62691e-06;0.000202508
3.62253e-06;0.963557;5.48891e-08;8.68131e-06;4.65495e-07;1.69148e-06;0.000101075;0.0311817;0.000454617;3.16402e-08;0.00218667;0.00068965;0.0014703;0.00034417
8.35024e-06;0.013512;3.68187e-08;7.02745e-09;0.000162524;1.19467e-07;7.08239e-10;0.984606;5.33033e-09;7.72643e-09;1.67333e-09;8.37647e-05;0.00158778;3.89958e-05
1.64934e-05;0.8575;7.05578e-05;1.85525e-05;0.00385794;0.00248005;0.000128889;0.105714;1.66728e-05;0.000188749;1.69487e-05;0.000776118;0.00836579;0.0208497
2.04924e-09;3.4076e-09;1;1.6928e-09;8.21425e-09;2.6064e-10;1.41159e-08;2.50987e-11;1.59347e-10;1.12025e-09;2.97805e-10;1.96264e-08;2.73332e-10;9.68143e-11
1.70936e-06;4.79044e-07;0.99984;2.34235e-08;5.76664e-07;4.42398e-08;2.7994e-08;1.31109e-05;2.04798e-07;3.72544e-08;2.05344e-08;0.000143835;1.13193e-07;8.82485e-08
9.3318e-06;0.000205817;5.87113e-05;3.6966e-06;0.822327;0.158353;2.00915e-08;0.000268136;4.85031e-05;3.30465e-07;7.47314e-06;6.62158e-05;0.000322704;0.0183288
6.33583e-06;0.993668;4.0465e-06;2.2789e-08;4.08888e-05;9.92156e-06;1.6394e-05;4.11333e-06;9.64869e-08;1.97412e-05;1.66324e-08;3.74141e-06;0.00515433;0.0010726
5.35727e-12;1.04182e-12;1;6.977e-13;1.27586e-09;1.30109e-12;1.70404e-13;3.38285e-11;7.28984e-13;6.40148e-13;8.66499e-15;4.58676e-12;2.69578e-14;1.925e-13
2.95433e-05;0.0037349;4.15969e-06;5.97192e-06;0.00127993;0.000243328;4.0847e-07;0.988798;0.000382693;9.71976e-07;4.10618e-06;2.91744e-05;0.00545347;3.27794e-05
1.4723e-07;0.997684;9.3947e-06;1.27285e-08;5.75941e-07;1.15486e-07;6.36486e-11;0.000510958;3.26254e-11;6.05332e-09;1.14212e-11;2.35744e-07;0.00179473;9.82809e-08
2.54798e-09;6.85164e-07;0.999999;4.24613e-09;1.39743e-07;1.66981e-09;1.19421e-09;3.50475e-10;9.07473e-12;9.11725e-10;7.32758e-12;4.73888e-07;2.0031e-10;9.08213e-09
3.10541e-06;0.000222767;0.784914;6.96361e-07;1.11848e-06;5.46494e-07;7.90087e-07;3.31734e-05;9.07289e-08;2.021e-07;5.35708e-08;0.214819;8.25461e-07;3.35639e-06
1.90556e-05;0.00682634;0.000432083;8.61233e-06;0.814603;0.02782;2.79085e-07;0.0165452;9.22762e-06;1.34612e-07;2.42852e-06;3.35893e-05;0.000138101;0.133562
5.25048e-09;0.69987;5.56171e-09;7.378e-11;1.38051e-07;1.75664e-08;5.30425e-08;4.13314e-08;2.71085e-12;1.08408e-07;1.75814e-12;3.7557e-09;6.90957e-07;0.300129
2.50708e-13;2.40634e-13;1;4.13365e-14;7.06421e-10;1.29489e-11;9.46881e-13;2.96272e-12;8.45541e-16;8.68117e-13;2.49037e-16;8.00111e-11;1.65416e-14;1.0716e-12
1.03239e-05;0.252993;4.71879e-05;2.46902e-05;0.000314868;0.00024181;0.000137611;0.479625;0.000213715;9.49598e-07;9.0952e-05;1.02056e-06;0.26629;8.35007e-06
2.2434e-08;0.99952;5.52742e-06;5.53836e-08;7.64773e-08;3.46651e-08;5.41973e-10;3.14395e-05;5.15815e-12;7.29814e-08;9.66772e-12;1.01245e-09;0.000441964;1.1329e-06
5.21401e-09;1.12178e-06;0.999999;3.41545e-08;1.46041e-08;1.42796e-09;1.09658e-07;1.25925e-09;3.38203e-11;2.1097e-08;1.36263e-09;9.17295e-08;7.06565e-09;4.47372e-09
2.91061e-07;9.33558e-06;0.00111924;6.83602e-05;4.66594e-06;1.71064e-05;3.57857e-08;3.07999e-06;3.29605e-06;1.07698e-06;3.46974e-05;0.998261;4.57885e-06;0.000473366
0.000284894;0.048729;0.00128465;4.69366e-05;0.00303888;0.00082723;8.82031e-06;0.219122;1.14664e-06;2.50715e-05;1.48729e-05;0.000284935;0.696917;0.0294148
7.91542e-06;0.0484817;7.19756e-05;2.38898e-06;5.76399e-05;4.84779e-05;8.4685e-09;0.00268333;6.15142e-08;2.00282e-07;8.90666e-08;0.902485;0.0459375;0.000223501
1.27479e-06;0.934507;8.65083e-09;2.16494e-08;2.95332e-06;8.69883e-05;1.46563e-06;0.00303522;1.01591e-08;2.27101e-06;1.98613e-09;1.93062e-10;0.0598223;0.00254077
1.6469e-11;2.46038e-10;1;1.11844e-11;2.08869e-10;2.16142e-10;7.16433e-12;2.21449e-13;6.76882e-14;1.75712e-11;1.33069e-14;2.66488e-07;1.43739e-10;1.18665e-09
1.76347e-05;0.0141736;1.67294e-06;0.000222333;0.00068829;9.90118e-05;7.00844e-06;0.0557045;0.000531767;6.42722e-07;0.00156728;0.709987;0.215405;0.00159442
3.52851e-07;0.98956;4.71232e-08;1.1994e-06;1.22986e-07;3.17885e-08;0.000567129;6.22987e-05;1.068e-08;0.000464785;1.19376e-08;9.19748e-10;1.55091e-05;0.00932869
1.06177e-11;2.98927e-11;1;1.8301e-09;6.32639e-09;1.24042e-10;3.34539e-10;1.75515e-12;1.88082e-11;8.68755e-10;4.30653e-11;1.35631e-07;4.89243e-14;1.60768e-10
3.66182e-07;0.948623;1.55728e-05;3.72091e-07;3.94993e-07;1.33554e-07;5.31739e-06;9.23864e-08;1.02315e-09;5.99663e-08;2.56499e-08;8.26412e-05;0.0512719;1.1488e-07
1.04511e-10;1.09551e-06;3.61773e-07;5.50626e-10;3.12631e-09;6.2369e-10;8.16717e-11;3.14148e-07;1.79653e-09;3.37488e-12;3.38904e-09;0.999997;1.05268e-06;5.70408e-08
7.83212e-08;0.998822;2.19205e-08;4.66818e-08;5.42544e-07;4.33397e-07;2.05676e-08;0.000649052;3.42976e-09;7.7671e-10;1.43435e-08;1.99118e-05;0.000473022;3.50265e-05
2.00054e-09;4.62345e-06;7.98585e-09;5.46513e-11;1.01457e-06;1.26196e-11;2.02447e-10;0.999994;3.4481e-11;3.79576e-11;2.92557e-11;3.70527e-07;1.14644e-09;3.5607e-07
1.1637e-09;2.6539e-05;0.999956;1.15291e-07;2.56361e-07;5.04237e-07;9.25177e-13;1.41316e-05;3.32878e-11;1.36997e-09;2.0837e-11;2.44359e-07;4.60287e-09;1.80585e-06
5.87532e-05;0.415147;1.18709e-05;2.94522e-05;2.28442e-08;3.5581e-05;0.00277213;8.00713e-05;0.00273519;5.45408e-06;0.00567931;0.000869883;0.572575;3.19174e-07
7.93502e-07;0.00171576;0.970809;1.83614e-05;1.06916e-06;1.17178e-06;1.47599e-07;5.3886e-07;6.18098e-08;9.05398e-07;6.8734e-08;0.0272016;6.8165e-06;0.000243525
5.5022e-07;0.997317;2.48084e-11;3.47682e-07;8.38871e-08;1.64934e-07;5.17681e-06;0.00154167;9.55185e-06;1.24186e-08;4.79458e-06;6.19543e-08;0.00110201;1.87147e-05
5.05567e-06;0.0426819;5.45784e-07;1.19508e-07;3.61081e-06;4.6653e-09;1.66661e-06;0.957264;4.39428e-06;7.5781e-07;6.61862e-07;3.0205e-05;7.17973e-06;3.26419e-07
4.98933e-06;0.00015933;0.580385;0.0105194;0.0776728;0.00386679;1.58688e-07;2.54377e-05;1.13345e-05;0.000131137;2.68052e-05;0.300124;0.000471754;0.0266011
6.00526e-07;0.998711;7.07717e-15;4.15751e-08;4.07137e-10;2.4889e-10;3.22869e-05;7.46288e-08;8.94029e-07;4.53786e-07;1.11146e-06;1.25363e-09;4.37356e-06;0.00124885
4.23188e-05;0.0579226;2.39196e-07;7.99673e-06;5.85088e-07;1.13101e-08;0.88606;0.000191624;0.0289625;1.28393e-05;0.026693;8.13526e-07;0.000105902;6.75872e-09
2.1106e-06;0.999911;6.57356e-09;4.06347e-07;2.80355e-07;4.47601e-08;3.99316e-09;9.80553e-07;1.50179e-08;5.51664e-08;7.77443e-09;3.45225e-05;2.15616e-05;2.94382e-05
1.3338e-06;0.971821;1.39345e-10;1.21131e-07;1.34972e-07;1.37871e-08;8.13006e-05;9.99772e-06;1.73844e-09;0.000270246;1.78878e-09;1.49903e-09;7.87745e-08;0.0278161
7.40323e-11;4.30511e-13;1;2.38744e-09;2.22062e-09;2.19919e-09;1.44929e-10;1.46275e-12;2.05205e-10;7.8703e-10;1.53163e-09;1.03864e-07;2.31858e-15;4.81731e-10
2.72934e-07;0.942477;3.25913e-07;8.39558e-08;2.15321e-08;1.02869e-07;1.459e-07;9.74948e-08;3.78507e-10;4.28112e-09;7.77923e-08;2.03492e-07;0.0575214;1.01191e-07
1.92452e-09;2.78752e-06;3.31594e-08;1.2209e-10;2.98005e-07;1.27814e-09;8.86009e-11;2.87143e-06;1.84017e-10;7.4403e-12;3.83057e-10;0.999976;1.77664e-05;1.02324e-07
7.61098e-08;0.980604;9.26861e-10;3.5747e-08;0.000154133;4.0031e-07;2.20379e-08;0.00773906;3.53654e-09;2.25258e-08;4.39541e-09;4.68095e-06;0.00880378;0.00269401
4.67208e-06;0.00720097;2.37774e-06;0.00025091;0.000133423;0.235358;7.4761e-06;0.000527202;9.10356e-05;9.9676e-06;0.000465;0.000421723;0.422549;0.332978
1.01511e-05;0.000562897;0.998124;3.02849e-05;8.51159e-06;3.29345e-05;2.79295e-07;1.91949e-05;7.0384e-08;1.62151e-06;3.62599e-07;0.000970966;8.45367e-06;0.000230048
8.02511e-05;0.957126;0.000363926;0.000338059;1.40742e-05;0.000465693;9.45027e-05;0.0134654;0.0022963;8.29403e-07;0.00427097;0.00708985;0.0135851;0.000808711
3.46745e-05;0.971439;7.60409e-07;2.76861e-05;0.000342822;0.000173794;1.08356e-06;0.000799439;5.35066e-05;3.01445e-06;9.52889e-05;0.00225508;0.0134269;0.0113474
1.06667e-06;0.000552336;5.00249e-11;6.95784e-07;0.00225193;6.95042e-06;1.71339e-07;0.996686;1.81142e-06;1.04592e-05;6.4256e-07;2.66984e-05;0.000271354;0.000190202
2.07112e-07;1.43265e-07;0.999972;3.22831e-06;4.40774e-07;3.45846e-07;1.18844e-09;6.43969e-09;2.86673e-09;7.83506e-07;1.75539e-06;2.09102e-05;4.32881e-08;1.11393e-07
5.38239e-07;0.00234787;3.97504e-10;3.02648e-10;1.12288e-12;1.66501e-11;0.997519;1.72088e-10;1.80284e-08;0.000129904;1.95263e-06;3.86282e-15;2.89826e-07;7.08081e-08
1.07882e-13;6.33492e-15;1;5.56097e-14;1.5776e-12;9.72963e-14;2.3641e-12;1.45225e-17;1.89644e-13;6.48654e-13;1.5929e-14;6.42482e-12;1.17372e-17;2.48116e-14
