2.50653e-06;0.990661;7.15107e-06;6.42294e-07;2.70218e-05;5.65483e-09;3.3769e-09;0.00925726;2.68486e-08;3.0963e-08;3.06744e-08;3.59922e-05;7.12987e-06;8.07789e-07
1.59993e-05;0.885233;4.13739e-06;4.64605e-05;4.73079e-06;9.73502e-07;0.0268196;1.20887e-08;5.22662e-08;0.0153983;2.29607e-06;2.05881e-07;6.91798e-06;0.0724676
1.71533e-09;1.78141e-10;0.999998;7.19651e-10;7.43209e-09;2.80939e-10;2.19918e-07;6.27331e-12;1.33442e-09;8.82345e-10;1.73737e-08;1.49238e-06;5.16665e-11;4.92904e-09
3.68548e-06;0.989021;1.34455e-07;6.48817e-06;1.24608e-06;9.96214e-06;0.000333221;0.000731749;0.00136351;3.62735e-06;0.00108366;7.2873e-06;0.00742277;1.21506e-05
7.53242e-08;0.000775688;1.01638e-05;2.58124e-06;2.77421e-07;1.74468e-06;9.585e-10;5.39609e-07;1.91506e-08;4.12275e-08;1.67977e-07;0.998655;0.000544863;9.0866e-06
0.00131817;0.101475;4.04443e-07;8.89449e-06;2.7432e-05;6.52804e-05;0.000114199;0.831076;0.0116122;9.34822e-07;0.0028486;0.000222052;0.0512065;2.40312e-05
1.61939e-05;0.98213;1.34321e-06;8.25903e-07;1.03187e-06;1.80636e-06;0.00314729;0.00040887;9.91672e-07;0.00394845;4.60921e-07;2.90175e-08;5.12985e-05;0.0102912
5.85479e-13;2.23112e-14;1;4.29023e-12;7.91043e-12;3.46757e-11;4.30744e-12;3.31809e-15;5.33103e-12;1.05085e-11;7.56613e-13;2.2486e-10;8.29268e-16;2.83531e-12
2.55155e-06;0.992952;3.42894e-07;4.53372e-09;7.9061e-10;3.45419e-10;1.4545e-05;3.83507e-07;6.06196e-08;1.92577e-08;5.82925e-08;1.3941e-05;0.00701631;7.98046e-09
1.97866e-08;0.000190835;1.053e-08;7.68393e-08;8.93569e-06;6.9699e-06;2.69119e-09;5.22283e-05;1.64111e-06;1.95185e-09;1.11305e-06;0.999645;5.39722e-05;3.89837e-05
5.15647e-06;0.997293;1.71703e-06;1.84049e-05;8.37075e-06;4.94411e-05;5.68007e-06;0.000246557;2.13321e-06;6.12442e-07;7.68833e-06;3.05679e-05;0.00232786;3.33726e-06
2.16258e-06;0.062465;1.33859e-11;1.69267e-07;1.09291e-06;1.45413e-05;7.39206e-09;0.000318663;1.29933e-08;3.06753e-08;8.64013e-08;0.000529111;0.936664;4.65754e-06
4.91976e-05;0.138455;1.04459e-05;2.53758e-05;0.000458517;0.000296311;1.40725e-07;0.00212323;2.75949e-07;1.2966e-06;3.00082e-06;0.00191249;0.856588;7.75407e-05
1.19742e-05;0.00567494;5.81204e-07;1.29443e-06;2.06242e-07;1.92784e-07;9.01968e-09;3.10007e-06;2.44892e-07;4.77836e-08;1.41805e-06;0.992021;0.00228263;2.28464e-06
4.05485e-06;0.999666;3.2009e-07;1.37707e-06;2.03368e-07;1.75273e-08;4.27985e-07;0.000159532;7.51353e-07;7.56394e-08;2.85835e-05;8.72867e-06;0.000129989;5.99513e-08
5.38025e-08;0.99889;2.1608e-08;6.08471e-06;0.000225894;2.70999e-08;6.04766e-09;0.00076611;6.6916e-09;2.2683e-06;8.44854e-09;9.22069e-06;5.88432e-07;0.000100085
3.24937e-07;4.22865e-05;0.000139953;6.05393e-05;4.16772e-05;0.000155532;1.55074e-07;5.93062e-07;2.63353e-09;6.10816e-05;1.74926e-06;0.998372;2.51133e-06;0.00112201
2.551e-05;0.00286753;4.46459e-11;1.40046e-07;1.71337e-07;1.1475e-07;1.2147e-07;0.995434;3.09063e-06;3.33456e-09;0.00012046;1.71151e-06;0.0015476;5.16082e-08
0.000152786;0.98291;0.000247159;2.65197e-06;1.82983e-06;2.06797e-06;0.00839854;0.000191529;6.81418e-07;0.00143385;1.94464e-06;0.00150544;0.00411286;0.00103885
2.5637e-09;9.02213e-10;0.999999;1.02253e-08;2.66002e-07;2.85118e-08;4.62563e-09;8.40638e-09;8.83032e-10;2.3857e-09;3.54711e-09;3.91144e-07;1.89414e-09;4.20951e-10
1.14707e-05;0.164164;0.0557198;5.41518e-06;4.0426e-06;1.29075e-06;0.163762;9.83568e-06;1.69686e-06;0.0134895;1.21183e-05;4.02717e-05;1.64956e-05;0.602762
1.24023e-12;3.97826e-13;0.999999;6.76482e-11;3.81969e-08;5.5521e-07;6.60189e-11;9.15711e-14;3.88441e-12;5.74249e-11;1.84943e-11;2.86807e-11;2.44529e-13;5.64045e-08
1.7257e-07;4.27045e-06;1.26269e-08;2.19447e-09;8.12491e-07;1.34381e-07;7.6867e-10;0.999871;2.96667e-08;9.98905e-10;3.11852e-07;1.8845e-06;0.000121422;1.52581e-07
5.12282e-07;0.000493386;6.67706e-06;0.000664189;0.00785085;0.00484745;5.41354e-08;0.000150131;1.38234e-05;3.03356e-07;0.000117252;0.977749;8.65446e-05;0.00802034
5.40895e-06;0.988361;3.13306e-08;9.2982e-08;5.49139e-09;7.60369e-08;2.8554e-07;3.76299e-05;9.88963e-09;1.67995e-09;9.91835e-08;2.59959e-06;0.0115927;5.59865e-08
6.01155e-07;0.099039;2.48631e-05;6.22808e-07;0.000245532;3.95083e-05;1.88186e-09;0.00183752;6.2956e-09;2.04051e-08;3.44888e-09;0.896856;0.00158911;0.000367377
2.70419e-07;0.0154415;4.20131e-09;2.8663e-05;0.000918536;4.92747e-07;3.06473e-06;0.983526;1.66826e-06;1.59385e-06;8.07434e-06;4.79888e-05;1.21899e-05;9.75041e-06
1.47758e-05;0.901899;0.0924354;0.00396304;1.07979e-05;0.00013027;1.98827e-06;4.50309e-06;1.26059e-07;1.25546e-05;2.80405e-05;0.000854381;0.000563739;8.14052e-05
0.000583137;0.000244232;3.88564e-08;1.5683e-07;1.17708e-07;2.15269e-07;4.10643e-07;0.995682;1.41362e-05;7.95087e-09;5.8506e-05;2.34841e-05;0.00339404;1.12199e-08
3.40869e-07;0.318927;5.21173e-08;3.99976e-07;1.90673e-06;1.44152e-05;0.000157538;2.69735e-07;2.35315e-09;0.000274105;2.25482e-08;4.66899e-09;6.87122e-05;0.680556
4.44608e-11;4.09869e-13;1;9.39255e-10;2.27285e-10;2.2422e-08;3.43934e-10;3.2899e-15;1.86899e-10;3.01171e-10;6.88406e-10;1.27849e-08;5.09027e-13;2.12676e-09
3.28722e-05;0.998326;2.97215e-07;3.31815e-07;5.67076e-10;1.22631e-08;3.33904e-05;0.00106582;0.000171631;3.20921e-08;0.000325852;2.27542e-07;4.35967e-05;6.29196e-10
9.38376e-08;0.999985;5.25685e-11;3.81954e-08;2.68927e-08;3.40754e-10;1.29985e-07;9.02858e-06;6.08964e-08;3.08594e-06;1.94319e-08;5.88783e-07;1.03584e-07;1.66808e-06
7.0062e-08;5.14958e-07;0.999995;1.83385e-08;3.10432e-08;7.72339e-08;2.11047e-07;2.71992e-06;1.16138e-08;6.49765e-07;2.04069e-07;5.90586e-10;6.29347e-08;4.14232e-08
1.00959e-09;1.08851e-09;1;2.21032e-10;2.83115e-09;2.72287e-10;5.78954e-09;4.83566e-11;8.24917e-12;8.11695e-11;3.81764e-11;2.51676e-09;6.38248e-10;2.37076e-10
5.28987e-08;3.25619e-08;0.999854;2.13551e-08;9.89513e-08;1.91482e-07;4.18808e-10;7.6484e-08;9.50663e-09;9.09625e-10;3.27766e-09;0.000145025;2.38299e-09;6.43958e-07
2.69963e-07;3.71663e-06;6.87581e-08;5.5736e-09;6.02572e-05;0.000993803;2.63009e-12;1.13502e-06;4.06337e-09;1.23105e-08;7.56767e-11;3.0223e-06;1.25642e-07;0.998938
7.14259e-06;1.72068e-05;1.44914e-10;3.1317e-08;5.37813e-06;5.27786e-07;2.01747e-10;0.99658;1.93351e-05;5.15047e-10;1.27706e-07;2.50312e-05;0.00334511;4.38403e-07
8.1727e-06;0.999603;1.92424e-06;6.65477e-07;1.88213e-06;2.00522e-08;2.0448e-09;0.000125619;4.61888e-08;4.147e-08;3.65936e-09;9.38227e-06;1.47936e-05;0.000234528
1.87643e-08;0.999986;2.07518e-12;1.39464e-10;1.03638e-10;3.46615e-12;8.83545e-06;6.0275e-09;3.23769e-12;1.32542e-06;1.22412e-11;1.76e-11;4.77393e-07;3.57923e-06
7.89929e-11;6.83662e-10;0.999982;4.42707e-09;8.40518e-08;5.06484e-09;2.68406e-08;1.34245e-13;2.69312e-11;1.84823e-09;1.1111e-10;1.78317e-05;4.1489e-12;4.81313e-09
6.36004e-07;0.938277;3.75843e-10;3.88935e-09;5.31323e-09;2.82858e-08;7.2573e-08;3.20169e-05;2.167e-08;1.0385e-09;8.02727e-08;7.2044e-05;0.0616182;4.54519e-08
3.98869e-06;0.702237;2.59005e-05;2.95516e-06;1.1129e-05;5.70701e-05;0.0072949;0.000417283;2.61052e-06;0.000137929;5.11148e-07;0.000509003;2.41764e-05;0.289276
8.52978e-11;8.77504e-10;1;4.67295e-11;2.4294e-10;9.52776e-11;5.31733e-09;9.43013e-12;1.24012e-10;7.93424e-12;2.08853e-10;1.18081e-09;3.69134e-09;9.91693e-14
5.13645e-05;0.0348236;7.27025e-06;5.05497e-06;5.80922e-05;8.24152e-05;9.68085e-06;0.915771;0.00107462;4.22631e-06;0.000383353;0.000864176;0.0463395;0.000525721
6.44798e-06;0.917959;3.87493e-06;3.7802e-07;5.00385e-06;5.30085e-06;0.000191228;6.65007e-05;1.68436e-06;0.000315153;1.69606e-06;9.73247e-06;8.38821e-05;0.0813499
1.8492e-09;9.41957e-11;1;1.98723e-11;1.18909e-09;4.1713e-10;3.98376e-09;3.62462e-11;9.34599e-11;3.05868e-10;4.13116e-11;2.69426e-08;2.59554e-11;5.54551e-11
0.000850053;0.156015;0.000489222;1.32795e-05;0.000185089;1.60707e-05;0.00029251;0.78818;0.0151046;2.2153e-05;0.00244005;1.00545e-05;0.0357499;0.00063179
2.97929e-05;0.63696;3.6432e-08;1.64756e-06;0.000167878;0.000677922;0.000114237;0.317092;0.000589025;3.08324e-05;7.61748e-05;1.85179e-07;0.0440766;0.000183467
4.37822e-08;1.66749e-09;0.999992;4.95025e-08;2.61267e-07;1.52154e-09;1.06741e-07;8.07036e-09;4.32723e-08;1.07402e-08;9.0458e-09;7.28014e-06;5.65364e-10;6.66832e-08
4.99361e-07;0.000449301;1.20629e-06;4.41719e-07;1.10638e-05;1.65834e-07;1.71669e-07;0.00016449;5.11238e-06;1.30349e-07;1.74081e-07;5.73077e-06;2.40343e-07;0.999361
2.7074e-06;0.00349575;4.73314e-10;1.24183e-07;0.00143444;1.34953e-05;1.92027e-06;0.994952;6.23394e-05;3.91595e-08;2.26755e-07;2.21786e-07;3.67841e-05;3.76246e-07
1.07485e-08;2.82162e-07;0.999202;1.37488e-07;1.29692e-05;2.12549e-07;2.94234e-10;1.12102e-09;1.10593e-10;1.01512e-08;8.63447e-10;0.00078261;1.96246e-08;1.79231e-06
5.83067e-07;0.999934;3.61478e-10;6.61702e-08;9.30697e-09;1.06483e-08;6.42085e-06;9.71013e-06;1.2058e-05;1.60774e-09;9.8636e-06;3.2428e-06;2.37367e-05;2.1433e-08
4.99778e-08;5.19822e-05;0.999937;7.23438e-09;3.5527e-07;3.15616e-08;6.44082e-09;5.67427e-08;1.15856e-09;2.69796e-08;7.8836e-10;7.76667e-06;2.0856e-06;1.24358e-06
4.51356e-08;0.999028;4.47684e-08;9.00802e-10;3.74324e-08;2.56816e-09;2.26275e-09;0.000929596;8.70081e-11;1.67985e-08;1.06639e-10;9.73984e-08;4.18323e-05;6.77712e-07
2.79948e-08;0.000223017;7.63067e-09;3.51358e-07;1.33122e-06;0.00478662;8.91335e-08;2.03079e-06;8.96899e-08;3.90229e-07;1.93402e-07;1.23002e-07;0.994167;0.00081875
1.2983e-08;4.67756e-06;0.996432;6.37749e-08;1.10926e-08;1.47584e-09;3.42669e-06;6.39078e-11;1.15725e-10;8.51737e-05;2.52083e-09;0.00347283;8.82712e-10;1.40992e-06
4.09216e-08;2.40999e-10;0.999997;3.63492e-08;1.977e-08;2.72739e-08;7.44385e-07;3.73881e-10;8.23152e-07;5.55356e-09;1.30246e-06;1.56685e-07;2.53266e-09;3.26667e-11
1.00279e-08;9.75933e-08;1.33921e-14;2.31385e-13;6.51982e-10;2.14576e-12;4.1782e-14;1;5.71686e-11;9.84129e-14;9.99273e-13;3.44231e-12;8.32534e-08;1.45059e-11
1.84092e-09;6.85248e-06;5.01353e-08;5.74426e-08;1.81045e-05;1.74023e-05;2.71338e-12;7.14967e-07;1.71258e-10;7.08883e-09;5.80276e-11;0.000966644;2.60689e-07;0.99899
2.81168e-08;6.06974e-05;1.88593e-12;1.01176e-09;4.53757e-09;6.76993e-10;2.58924e-09;0.000100427;1.53959e-07;3.46262e-11;3.51633e-07;9.16101e-10;0.999838;8.72372e-10
3.25205e-05;0.00620922;7.08417e-05;3.47164e-06;7.51225e-06;8.80199e-07;3.34502e-07;0.00154983;6.74547e-05;4.20778e-07;2.68963e-05;0.966786;0.0247415;0.00050274
0.000265259;0.230544;8.10017e-06;0.00018595;0.011127;0.00284566;5.60933e-06;0.0697511;0.000285703;6.16645e-05;0.00292614;0.00558084;0.654706;0.0217064
1.93571e-06;0.832866;1.52569e-06;2.84033e-05;1.3812e-05;1.80529e-06;0.00713773;1.69112e-05;7.06924e-07;0.00683902;1.96798e-05;6.16559e-07;1.17279e-05;0.15306
2.97164e-10;5.42778e-11;1;9.46998e-10;1.13884e-09;3.82282e-10;1.64728e-08;1.74208e-12;8.93286e-11;5.66001e-09;1.26041e-09;1.68239e-07;1.84167e-13;1.66437e-09
0.000203525;0.0778735;8.7109e-06;0.00178171;3.92432e-05;0.000835098;0.00439983;0.0498251;0.0611773;9.25895e-05;0.42929;0.000997661;0.373427;4.87208e-05
4.09615e-05;0.158384;0.749511;0.00150994;0.000201216;9.68782e-06;5.15675e-07;0.0110835;1.13143e-06;2.77719e-05;0.000194113;0.0759681;9.50412e-05;0.00297359
9.3656e-06;0.811147;2.08881e-07;0.000114938;2.53108e-07;7.10148e-06;0.00013192;1.5631e-05;0.000620887;5.91506e-06;0.162712;6.27551e-06;0.0252277;5.79297e-07
7.65896e-06;0.0191096;3.80903e-06;3.1641e-05;0.0950254;0.320057;1.2284e-07;0.535145;1.22114e-05;4.6715e-05;1.10911e-05;2.02248e-05;0.0116797;0.0188492
4.58787e-07;9.65418e-06;2.61283e-10;2.17626e-07;3.8878e-07;9.84867e-08;7.69474e-10;0.992089;5.30912e-07;2.6737e-08;4.21357e-06;1.76281e-06;0.00789323;1.61946e-07
1.39098e-05;0.00223506;1.87102e-06;4.2437e-06;1.51759e-05;8.61067e-08;2.78849e-07;9.80263e-05;4.11935e-06;6.75492e-07;2.98958e-05;0.988763;0.00881309;2.10363e-05
4.49635e-07;0.999865;3.04134e-05;6.28121e-07;3.29117e-08;3.73857e-10;5.57657e-08;4.06565e-05;1.20981e-09;2.52436e-08;5.35407e-08;5.10862e-05;1.15531e-05;4.47513e-08
2.36298e-06;0.99389;6.46475e-09;6.19874e-07;1.98801e-06;2.02607e-06;1.14016e-08;0.00588207;1.27957e-08;2.63071e-07;7.30184e-09;0.000184398;1.29765e-05;2.28485e-05
0.000200066;0.00792132;4.54555e-07;1.72323e-05;0.00114465;3.82538e-05;0.000520902;0.911589;1.18097e-06;0.00020475;4.28111e-05;4.25109e-05;0.00692627;0.0713503
2.65013e-06;3.7034e-05;3.13887e-06;1.43564e-05;0.971172;2.12208e-05;4.23948e-09;0.0164617;4.20238e-07;5.27332e-08;1.41247e-07;0.0109448;1.27952e-06;0.00134146
3.88839e-05;0.0737785;0.846283;0.000889923;0.000163798;0.000176857;8.84552e-07;9.30499e-07;8.2852e-07;1.55261e-06;2.7494e-05;0.000258408;0.0778622;0.000517112
8.35794e-07;0.991995;1.24161e-08;3.52288e-09;1.5714e-08;1.59762e-08;2.40956e-09;3.9793e-05;1.30905e-09;1.65451e-10;8.25814e-08;0.00741698;0.000540728;6.99506e-06
1.01807e-08;0.7845;1.48261e-09;5.48748e-08;1.77268e-06;2.1161e-05;4.65264e-05;3.15696e-05;2.52185e-10;3.42149e-06;3.19087e-08;1.00808e-06;3.70008e-05;0.215358
2.84947e-14;1.38166e-12;1;5.92497e-13;1.13509e-11;1.05029e-09;2.13359e-13;6.43535e-12;1.3386e-16;2.73774e-13;1.62147e-14;2.71471e-11;4.11592e-12;1.99153e-13
1.18305e-08;0.00010416;3.02547e-10;7.88557e-08;3.38737e-08;1.3905e-06;8.44081e-08;3.78966e-06;1.28931e-08;2.79218e-09;4.14943e-05;4.19965e-07;0.999848;9.85505e-09
3.9654e-07;0.000288593;3.92857e-06;1.18444e-06;1.05274e-06;1.65676e-06;1.10633e-08;2.25263e-05;4.30147e-08;1.66081e-07;3.27262e-05;0.988585;0.011062;4.58703e-07
2.56191e-06;0.94302;2.47807e-08;0.000193863;3.16548e-05;6.59442e-05;7.28444e-05;0.0222828;0.000718566;3.48454e-05;0.00563835;0.000133601;0.0278019;2.81786e-06
3.54652e-06;0.00548445;0.00107987;0.000329352;3.0054e-05;3.77141e-05;3.93505e-07;1.16545e-05;4.51695e-08;3.60074e-05;6.3615e-06;0.941316;2.94169e-05;0.0516349
4.00154e-06;0.258087;9.00662e-09;1.41925e-07;6.48122e-10;1.78653e-09;0.741717;3.43158e-08;1.90714e-07;8.03723e-05;4.24675e-05;7.86513e-10;7.41123e-07;6.82226e-05
6.77159e-09;1.42336e-08;0.99999;1.98844e-08;5.26146e-09;1.51681e-09;7.42695e-06;6.33748e-11;1.09425e-07;2.04454e-08;1.96535e-07;1.75567e-06;5.20514e-12;1.8613e-11
4.3468e-05;0.956928;2.17177e-09;1.52095e-06;8.63608e-09;2.20012e-07;0.000123932;1.5077e-05;0.000427357;1.80025e-07;0.000132753;1.04418e-06;0.0423248;1.78756e-06
2.16032e-05;0.0341372;6.96317e-05;1.90036e-06;2.83314e-05;7.12053e-07;4.50343e-07;0.000316709;7.32006e-06;2.11576e-07;6.23124e-07;0.964554;0.000516617;0.000344932
1.1218e-06;0.809211;4.62747e-10;5.34024e-07;0.000694455;1.15902e-06;3.09481e-09;0.15712;9.19555e-08;1.88426e-08;1.60553e-08;2.24431e-06;0.00178703;0.031182
2.31102e-06;4.16688e-05;1.63181e-09;5.62173e-06;4.93726e-08;0.000748226;2.39817e-07;1.39879e-06;2.53061e-05;2.77683e-06;5.95949e-06;3.24116e-07;0.999165;1.61569e-06
5.64677e-10;1.07695e-08;1;9.67026e-10;6.9773e-12;4.19778e-10;6.44669e-12;1.06548e-10;2.12925e-11;1.52786e-10;1.33435e-11;1.29036e-07;1.51181e-10;5.08112e-11
3.12012e-07;0.996847;2.14239e-06;2.74585e-06;6.28742e-07;9.45997e-06;1.00541e-06;0.00283271;3.98332e-05;6.87286e-08;3.39066e-05;9.0683e-07;0.000221546;7.81807e-06
