1.70414e-06;0.98296;1.13261e-08;5.8466e-07;1.24045e-06;5.49931e-06;5.67947e-05;0.00295779;1.43896e-06;1.67657e-05;2.36511e-07;5.04819e-09;0.0139902;7.97045e-06
1.67436e-11;5.60187e-12;1;2.52138e-09;7.9339e-09;5.37786e-10;8.3133e-12;7.22016e-12;1.96762e-12;1.45011e-10;3.91316e-12;1.7476e-07;1.82189e-13;2.04745e-08
1.0879e-06;0.985058;8.99122e-09;6.01753e-05;8.25154e-05;1.03772e-05;1.77879e-05;0.00022643;0.000138972;1.67316e-07;6.09739e-05;0.00026961;0.0140611;1.27243e-05
1.39787e-06;0.000596615;6.03699e-10;3.36052e-09;1.88782e-08;4.74022e-10;2.52603e-08;0.99938;1.81401e-06;2.34118e-09;8.23186e-08;5.04733e-07;1.99852e-05;1.6185e-09
2.81417e-08;3.32705e-05;1.34071e-07;6.01477e-07;0.000172082;9.63281e-06;1.66001e-09;1.7059e-05;4.0106e-08;1.88128e-08;3.00242e-08;5.88024e-05;3.17186e-06;0.999705
9.40286e-06;0.946432;1.19548e-05;6.48644e-08;1.60591e-08;3.52189e-10;0.0508213;9.35817e-06;3.69725e-07;4.43957e-05;2.21951e-06;2.40686e-08;9.97767e-06;0.00265849
8.18622e-12;9.60161e-12;1;1.41911e-09;9.24677e-09;1.66726e-10;1.07663e-09;3.1389e-14;7.96517e-11;6.01235e-11;6.32844e-10;1.50888e-07;5.26042e-14;4.28736e-11
8.89862e-08;0.998675;2.14132e-07;4.04058e-08;2.66586e-09;6.66498e-09;2.03897e-07;3.02847e-08;3.68648e-09;3.03723e-09;1.41454e-07;1.50825e-09;0.00132399;2.52838e-08
3.02983e-10;3.31559e-05;1.10886e-09;1.2999e-11;4.98646e-11;1.88544e-10;1.09407e-10;1.39459e-10;1.4184e-13;3.42856e-12;3.99846e-11;0.99996;2.10707e-06;5.22968e-06
7.2868e-09;1.01762e-05;2.18125e-12;7.86081e-09;6.69041e-05;6.26256e-08;3.9451e-09;0.999863;2.61879e-08;6.14035e-11;1.07664e-07;7.76649e-06;5.16563e-05;1.84337e-07
2.6551e-07;0.0141144;0.975575;1.85946e-06;2.20019e-05;0.00464348;2.43533e-10;0.00389448;4.43284e-11;8.05441e-08;3.47737e-09;1.46988e-05;1.58913e-05;0.00171827
1.88313e-07;0.00100281;4.85499e-10;3.56376e-08;2.08917e-07;1.55245e-06;2.942e-09;3.98151e-05;1.74453e-09;2.91072e-10;2.15384e-07;4.11768e-06;0.99895;1.31433e-06
6.92777e-06;0.0125928;1.41783e-05;6.64953e-06;2.2726e-05;6.00152e-05;6.14426e-09;0.00017421;1.58094e-07;2.9286e-07;3.81835e-06;0.711228;0.274965;0.000925247
2.91154e-07;0.0303458;1.70803e-09;8.10672e-08;0.000315848;0.0001973;2.95814e-08;0.964655;1.27773e-06;1.45779e-07;6.68884e-07;0.000160567;0.0042791;4.38401e-05
1.0603e-06;0.00491501;4.41137e-09;1.9928e-07;4.26302e-05;8.15009e-06;2.55723e-08;0.873936;9.55203e-08;3.13685e-06;8.50366e-08;3.06986e-07;0.121091;1.99431e-06
2.89184e-07;5.42234e-08;0.999992;1.40533e-07;1.35419e-06;3.17695e-09;4.93009e-06;1.97141e-08;1.55891e-07;1.72464e-07;6.68419e-08;4.9455e-07;2.28283e-08;5.18983e-08
5.45065e-06;5.03386e-05;0.993627;1.36993e-05;3.21798e-06;1.20117e-06;1.0172e-06;0.00134622;2.27806e-05;5.69565e-07;8.02743e-06;0.00488224;1.43418e-06;3.64415e-05
1.60694e-08;2.04461e-05;2.28865e-05;2.9198e-08;5.82449e-06;0.000111595;4.72588e-12;2.57456e-06;4.52707e-11;1.45036e-08;1.9133e-10;4.12081e-06;1.97229e-06;0.999831
8.91094e-07;0.00065823;6.18596e-11;2.74678e-07;3.24113e-06;6.54419e-06;2.81778e-09;0.00894006;2.81273e-06;2.21839e-09;3.03341e-05;9.62816e-06;0.990301;4.66164e-05
1.35719e-05;0.000525499;3.03397e-09;4.29974e-08;2.99746e-07;6.18912e-08;5.69135e-09;0.999091;4.07701e-07;8.27073e-09;2.05261e-07;3.77208e-07;0.000367796;4.58726e-07
5.32404e-07;0.000585449;0.000200575;2.13269e-05;0.00874253;1.75943e-05;1.10149e-10;0.000124736;6.51659e-08;4.99232e-08;9.84948e-08;0.97371;2.91183e-06;0.016594
4.73739e-09;0.999692;2.53619e-12;9.988e-11;5.54104e-12;7.08803e-12;6.02943e-06;4.21394e-10;8.46725e-12;3.62377e-08;1.11258e-10;7.69285e-15;3.19039e-09;0.000301892
1.43153e-12;2.12796e-12;0.999994;6.44877e-12;7.24819e-10;1.77959e-10;7.11639e-11;1.61587e-13;1.52003e-13;2.62156e-11;6.04662e-14;6.00751e-06;3.59913e-15;1.21376e-08
3.02377e-06;0.973684;1.6226e-08;0.000143357;7.50691e-07;5.34563e-06;0.0146846;0.000630022;0.00446663;7.3786e-07;0.00387955;7.33953e-08;0.00250167;4.4022e-07
2.80526e-05;0.998686;0.000331758;5.76288e-05;3.44432e-07;2.89217e-07;1.00713e-06;1.16465e-05;1.69933e-06;7.17141e-07;8.52867e-06;0.000751926;3.22352e-05;8.79094e-05
1.76294e-06;0.999041;4.96137e-10;3.36032e-08;4.1225e-09;7.79555e-09;0.000752069;7.38647e-07;2.14814e-08;4.91347e-05;3.33178e-07;1.03114e-08;2.90398e-06;0.000152166
9.9658e-11;3.17458e-11;0.999999;2.89539e-09;1.02957e-08;4.147e-08;1.96566e-08;5.90947e-14;2.38047e-10;5.82201e-10;2.23996e-09;5.23681e-07;2.89157e-12;1.27347e-11
1.49112e-07;0.998696;2.79616e-09;1.71172e-10;2.1797e-10;8.471e-10;1.27473e-06;1.88565e-07;1.37821e-09;8.19051e-10;3.72212e-09;1.45432e-08;0.00130213;8.43221e-10
3.4504e-12;2.57453e-08;2.39038e-09;2.00752e-10;1.26368e-08;9.37525e-08;1.58966e-13;4.98045e-09;2.10536e-10;1.42281e-13;1.23069e-10;1;1.48515e-08;9.42045e-08
1.3345e-07;0.00858824;1.26227e-11;2.10505e-08;4.81127e-06;1.38177e-06;1.0715e-09;0.00140115;1.09936e-07;2.6068e-10;1.61067e-07;2.12875e-06;0.989997;4.63145e-06
8.70844e-07;0.000475581;2.49947e-06;1.09004e-06;3.90107e-07;5.49297e-05;3.09389e-09;3.44534e-05;1.3612e-07;4.46463e-08;6.67947e-07;0.987652;0.0115473;0.000230389
1.24602e-06;0.00525438;3.54252e-08;2.10596e-06;8.2552e-05;0.000371295;3.43259e-08;0.99329;3.31775e-05;1.46214e-07;1.41816e-05;5.11594e-05;0.000794529;0.000104995
9.89611e-06;0.00873728;3.21577e-08;9.86982e-06;4.16947e-07;1.54525e-06;8.88769e-09;0.000222107;5.85077e-06;4.98652e-07;1.11568e-05;0.000472743;0.990528;8.73875e-07
0.0018305;0.00664969;7.85052e-06;6.20392e-05;1.72164e-06;1.3752e-07;1.33777e-06;0.00307326;0.00269324;1.09338e-06;0.00854061;0.976554;0.000583983;6.70645e-07
0.000338663;0.026903;2.42322e-05;3.35554e-06;0.00406692;4.68047e-08;1.17682e-07;0.9648;0.00111363;2.81001e-07;2.2849e-06;0.00192943;0.000382715;0.000435326
0.000118853;0.00112633;2.54661e-09;2.14636e-07;0.00578581;2.93691e-08;1.09865e-07;0.992125;0.0007536;2.73979e-06;3.57975e-06;2.3974e-06;7.99777e-05;9.95751e-07
7.08321e-07;2.09577e-07;0.999972;8.53912e-07;2.51864e-06;5.74148e-08;5.69286e-09;6.597e-09;1.0994e-06;6.98898e-07;5.46593e-07;1.99768e-05;7.73461e-09;1.25621e-06
8.35887e-05;0.966464;6.72279e-07;7.95768e-06;4.22835e-07;1.86276e-06;1.64522e-05;0.0108602;0.0216603;2.45766e-07;0.000777727;2.90481e-05;4.37719e-05;5.4217e-05
