8.1733e-06;0.907032;3.24918e-08;3.86025e-06;9.9986e-06;4.87706e-05;8.02337e-05;0.0305365;1.62552e-05;5.99062e-05;1.83334e-06;6.49045e-09;0.0621795;2.33812e-05
4.46272e-11;3.4823e-12;0.999999;6.77584e-09;3.01785e-09;3.29397e-09;6.42735e-11;6.83279e-12;1.0476e-11;5.21432e-10;1.38772e-11;6.56285e-07;3.46207e-13;8.96128e-09
2.29599e-06;0.992332;1.06098e-05;7.89576e-06;1.67898e-06;3.54976e-06;1.46407e-05;8.8494e-05;3.8993e-06;3.71455e-08;2.09699e-06;3.33589e-05;0.0074988;4.06255e-07
4.28459e-06;0.989126;4.60579e-07;9.34313e-07;4.55253e-06;6.10948e-07;8.88954e-05;0.00927624;9.80798e-06;3.98931e-07;3.31918e-05;2.1542e-05;0.000944651;0.000488157
2.20243e-06;0.922805;2.19925e-05;7.72164e-05;0.00232246;0.00211227;2.09068e-06;0.0231471;7.25361e-06;1.21914e-06;1.4785e-05;0.0123182;0.0253263;0.0118423
4.10567e-06;0.0252997;0.00547552;1.82459e-05;9.13891e-05;0.000192102;3.73118e-08;0.00516919;5.17857e-06;4.89162e-08;2.72108e-05;0.96176;0.000512017;0.00144557
1.07038e-07;0.0253784;3.90307e-07;8.48934e-08;3.91335e-05;1.5194e-05;2.57659e-09;0.000642126;4.99857e-09;3.56005e-08;1.02918e-07;9.32287e-05;0.973754;7.72121e-05
3.07083e-06;0.21164;5.66342e-08;0.0103424;0.00893037;0.00546846;0.000117511;0.00151381;0.000593146;0.000416022;0.0213525;0.0305891;0.704708;0.00432481
0.000350048;0.992416;2.47938e-05;1.86759e-05;1.32556e-08;3.01527e-07;0.00106217;2.30515e-07;1.57993e-06;1.48329e-05;0.000512285;0.000637235;0.00496227;6.10828e-08
0.0002886;0.70434;8.91149e-05;3.39404e-05;2.2171e-05;0.00030778;1.65168e-05;0.00041069;0.000117477;5.62316e-06;0.000146227;0.241808;0.052343;7.08352e-05
8.3632e-05;0.242613;1.32935e-06;0.000361159;0.0313421;0.0232315;4.04784e-05;0.00367038;0.000125192;5.72746e-05;0.00149015;0.10965;0.570755;0.0165782
3.35154e-05;0.0322667;7.77243e-06;3.31356e-06;1.4544e-05;4.59969e-06;5.5355e-06;0.000356215;1.53389e-05;1.92553e-07;6.68935e-06;0.809178;0.158086;2.08343e-05
3.05983e-06;0.992807;3.57454e-10;1.11864e-06;7.08713e-07;1.87259e-07;1.08823e-06;0.000490772;2.43152e-05;2.04273e-07;3.1782e-05;0.00033766;0.00628538;1.66897e-05
2.13897e-05;0.967078;1.53897e-07;8.05769e-07;1.02576e-08;2.55925e-07;4.44428e-07;5.17841e-06;3.37732e-07;1.09205e-07;3.63156e-06;0.0271995;0.00569017;1.79662e-07
0.000276741;0.012375;1.17226e-06;6.28546e-06;0.000151856;0.000392334;4.01083e-07;0.0001912;2.2454e-05;1.06874e-06;7.52446e-06;0.981575;0.0040349;0.00096436
1.52855e-05;0.00163072;4.35474e-09;3.39446e-08;1.18707e-05;9.78781e-06;4.40118e-06;0.00488369;2.85446e-07;1.14315e-07;2.11808e-07;9.56785e-06;0.993398;3.59278e-05
5.36844e-07;0.0657533;3.71584e-07;1.85646e-05;0.000210587;0.000155566;2.0501e-09;0.000188464;1.70569e-06;9.20871e-08;1.16872e-07;0.765914;0.00182132;0.165936
0.000154537;0.76855;4.31761e-08;7.2164e-05;1.20635e-05;7.64313e-07;6.35747e-05;0.00120483;0.000273145;9.01743e-07;0.00150592;0.0260002;0.202139;2.24768e-05
0.000281487;0.00101327;2.06164e-05;3.9139e-08;2.3917e-05;5.95631e-08;4.40339e-08;0.978062;1.73973e-07;2.79388e-08;1.12842e-08;0.0189658;0.00161988;1.23617e-05
2.93682e-06;0.972619;0.000172253;2.84906e-06;0.000139957;0.000151823;1.62653e-06;0.0212858;3.86142e-07;1.62757e-06;1.04044e-07;5.43417e-05;0.00509886;0.00046844
2.7041e-09;5.69942e-08;1;1.53848e-09;3.26891e-08;6.80925e-11;1.84335e-09;3.81367e-10;2.38314e-11;8.01981e-10;5.13014e-11;5.15725e-08;1.05531e-10;8.02695e-09
9.18048e-05;0.0045326;0.0034424;8.29819e-05;1.15991e-05;4.00433e-05;1.45935e-06;0.000121459;0.000603311;3.65465e-06;0.000104319;0.990572;0.000142752;0.000249672
6.7305e-05;0.988001;3.97762e-09;4.35203e-07;2.58759e-06;2.14285e-06;0.00082103;0.00824023;8.6882e-06;5.6947e-05;1.50605e-05;2.06457e-10;7.51211e-05;0.00270918
5.01169e-09;2.3952e-10;0.999999;2.69509e-09;7.01193e-07;4.44506e-09;3.97853e-10;2.16453e-12;2.70976e-10;2.83309e-09;8.11252e-12;8.97818e-08;6.76936e-14;6.51324e-07
2.59432e-05;5.45802e-05;4.08749e-06;5.26808e-08;0.00406714;3.71882e-07;1.411e-09;0.994548;3.18138e-06;1.81693e-09;4.4666e-09;1.50292e-05;6.78479e-05;0.00121379
1.81964e-08;8.30799e-05;5.41103e-11;1.11091e-10;8.88318e-05;2.92347e-09;4.9883e-10;0.999552;3.48567e-07;8.65463e-10;2.87633e-09;8.50831e-10;0.000275785;1.97958e-10
1.31012e-08;3.51857e-07;0.999774;5.78228e-07;4.66573e-05;1.2732e-06;7.43672e-11;1.09197e-08;4.95674e-10;6.5783e-07;2.56943e-09;0.000171468;1.29917e-07;4.38362e-06
6.87075e-07;0.999837;5.65445e-07;3.60883e-08;4.67718e-09;8.18696e-09;2.25772e-07;0.000147076;8.88123e-07;3.42328e-09;2.53127e-06;6.97251e-06;4.34017e-06;1.26298e-07
