1.63145e-06;0.994107;3.66989e-09;4.50955e-07;1.45897e-05;5.33667e-08;1.63851e-07;0.00483454;1.10568e-05;4.29534e-08;6.99608e-06;4.23114e-05;0.000970918;1.07532e-05
5.74849e-06;0.936074;0.00040248;0.000288525;0.0127119;0.000108999;1.59326e-06;2.81814e-06;6.52413e-09;0.000223555;2.96643e-07;5.11073e-05;0.00108909;0.0490403
8.70457e-05;0.0217775;7.78149e-08;0.000151294;3.90037e-06;6.50694e-06;0.000540711;7.50766e-06;0.000177674;1.12218e-05;0.029944;0.00325563;0.944026;1.11164e-05
7.83772e-06;0.000916424;0.997911;3.74954e-05;0.0004909;7.66772e-06;7.86209e-08;6.77831e-05;3.58274e-08;5.88226e-07;7.23306e-08;0.000107448;1.64166e-05;0.00043586
1.72891e-05;0.0133144;2.7469e-09;7.2476e-08;4.51675e-07;2.28843e-06;0.00176923;3.14879e-05;3.44613e-05;4.28375e-06;9.98507e-06;3.3009e-09;0.98481;5.45809e-06
2.08062e-12;1.80376e-12;1;4.39863e-12;8.27511e-12;5.03699e-11;6.30095e-13;8.71311e-15;4.31588e-13;1.55859e-12;3.40633e-14;1.97942e-11;2.9743e-14;7.41547e-13
8.07007e-07;3.15633e-05;0.990594;1.72647e-07;4.85135e-07;3.78277e-07;3.29969e-08;5.94716e-05;1.49999e-07;4.37046e-07;2.21898e-08;0.00930034;3.89773e-06;8.56943e-06
4.02048e-07;1.69099e-05;0.00163603;2.02909e-05;0.013527;0.564913;3.72611e-08;1.74914e-07;2.92245e-06;1.63069e-06;1.98702e-05;1.37862e-05;0.00102931;0.418819
5.01206e-06;0.832368;2.99445e-09;3.27407e-08;8.25071e-05;2.13269e-05;2.73049e-10;0.0284893;1.4755e-08;2.76275e-08;7.3701e-08;0.122804;0.00191255;0.0143168
2.03906e-10;0.999917;2.18481e-12;3.0795e-11;3.20901e-10;4.69883e-10;2.79334e-09;5.34427e-10;1.068e-13;2.50205e-09;2.43802e-12;2.53052e-11;7.71402e-09;8.29959e-05
4.66649e-12;9.36584e-10;1;2.69899e-12;2.92004e-10;8.51816e-12;2.19398e-10;6.45073e-13;6.3055e-15;2.08327e-11;2.54499e-13;2.74909e-07;5.05056e-12;3.39915e-11
3.04349e-06;0.0534451;6.44024e-06;0.00016683;1.10398e-06;4.26519e-06;0.00121129;0.00191963;9.70938e-05;1.59311e-06;0.0108169;7.47865e-05;0.932251;1.10477e-06
1.98813e-07;0.00233828;1.71629e-09;3.96918e-09;1.2947e-06;5.54014e-09;1.05819e-10;0.997565;5.67253e-11;2.43692e-09;3.30043e-10;4.22148e-07;8.97482e-05;4.50849e-06
1.62887e-07;0.984666;7.37599e-05;5.14477e-06;0.000166902;0.000180131;6.16722e-06;0.00178923;1.94607e-08;6.84297e-06;3.65279e-07;0.00148367;0.000183383;0.011438
2.59986e-09;1.46809e-07;1;1.73172e-09;9.78199e-09;6.80975e-10;2.07841e-07;4.68207e-10;1.62521e-10;4.14652e-10;7.09636e-09;1.14731e-07;4.65005e-08;2.67625e-10
1.10263e-06;4.43024e-05;0.982429;9.24183e-08;3.26836e-07;4.67177e-06;2.76606e-07;7.64367e-08;2.15319e-07;1.40447e-07;4.81196e-07;0.0174979;5.46977e-06;1.64587e-05
5.33408e-07;0.00103959;3.17978e-07;1.0575e-07;0.000801187;0.0409877;2.09598e-05;1.24219e-05;6.64959e-07;2.31456e-05;1.42132e-07;7.49995e-12;9.56421e-06;0.957104
7.64732e-12;3.16068e-12;1;2.85486e-13;7.74752e-10;2.79651e-11;2.45476e-12;1.966e-13;1.12945e-12;3.44088e-12;4.69439e-14;2.01112e-07;1.40784e-12;2.53364e-12
1.99375e-06;0.00185687;1.23056e-06;6.37355e-09;0.000136806;1.48306e-06;2.91111e-09;0.99754;1.03454e-06;1.03041e-08;1.41313e-08;1.97502e-06;0.000201192;0.000257705
1.93814e-07;0.999828;5.86274e-08;1.76024e-09;2.03387e-08;2.23778e-09;3.69965e-05;4.99863e-07;2.91451e-10;5.75014e-05;4.27352e-11;2.4863e-10;1.15513e-05;6.5257e-05
1.49921e-10;7.23748e-11;0.999999;1.32319e-07;1.51356e-07;3.48075e-07;1.80179e-08;2.36959e-12;8.92809e-11;1.00695e-07;1.01753e-09;7.18295e-07;8.45077e-11;2.75897e-09
3.78429e-05;0.996688;0.000166869;3.10312e-05;1.15022e-07;1.06064e-08;6.01928e-05;2.75606e-05;8.9674e-07;4.63236e-07;1.79279e-05;0.000274834;0.00269441;1.42817e-07
1.03903e-06;0.996011;2.51882e-11;3.00334e-08;6.31295e-08;3.13318e-09;0.000221746;0.000117279;9.51084e-09;5.68243e-05;8.18472e-09;4.29532e-11;5.98191e-06;0.00358648
3.26976e-13;1.94996e-14;1;2.33927e-12;6.44248e-11;6.76862e-10;9.52129e-13;4.10541e-14;2.62849e-14;7.6514e-12;1.41218e-14;5.72175e-08;6.55211e-15;4.36166e-10
2.50117e-08;0.000544293;1.79376e-11;5.64463e-09;5.74841e-08;9.7269e-08;3.80239e-09;0.00304814;4.53005e-08;9.56841e-11;1.68432e-07;8.82612e-08;0.996407;1.87936e-08
1.3641e-06;0.000406919;1.92347e-05;2.48655e-06;4.71298e-07;2.40861e-06;3.90608e-08;6.95443e-05;1.14318e-05;5.09025e-07;1.71636e-05;0.996065;0.0032242;0.000179615
5.44619e-06;0.976719;6.00899e-05;9.49854e-07;3.21926e-06;3.5838e-06;5.24718e-06;0.0223127;1.69024e-06;8.59365e-07;7.62592e-06;0.000265366;0.000612452;1.9382e-06
1.3985e-08;0.000456365;9.46812e-05;0.000165691;0.000113576;0.000470324;2.17878e-08;0.000131851;5.05999e-07;9.96476e-07;7.32798e-07;0.993038;0.00472255;0.000804481
1.21148e-05;0.975965;1.02761e-08;1.51909e-06;4.34369e-08;2.2636e-07;3.19767e-05;0.00350577;5.65815e-06;5.2105e-07;4.97433e-05;8.04035e-06;0.0204179;1.34311e-06
1.15367e-05;0.00148182;2.24284e-07;1.23725e-06;0.000545862;4.05248e-06;1.15798e-06;0.000475355;1.84028e-05;1.489e-06;3.08891e-06;0.997095;0.00035098;9.34488e-06
0.000146543;0.990859;2.87971e-05;1.70855e-06;0.0001588;6.23503e-07;6.97568e-07;0.0044869;3.63819e-05;6.37613e-07;5.48467e-07;0.00206005;0.00199829;0.00022114
0.000389993;0.471404;1.99572e-08;5.29771e-07;0.000112475;3.36978e-05;4.33257e-08;0.350868;4.27541e-05;2.76569e-07;5.08499e-07;0.0190243;0.158025;9.81762e-05
2.68687e-06;0.000104095;8.92481e-10;1.14591e-07;3.12652e-05;7.31664e-07;2.27229e-09;0.0319716;6.95565e-07;8.11524e-09;6.671e-07;0.000111696;0.967744;3.26505e-05
0.000382765;0.121088;0.000135967;9.84674e-06;3.00405e-05;7.51462e-05;1.0817e-05;0.00851642;3.31162e-06;2.32067e-05;4.00931e-06;0.000474874;0.86105;0.00819507
3.7857e-09;1.55533e-08;0.999998;3.52994e-08;7.85338e-09;1.0344e-09;3.31861e-07;6.75598e-09;1.38966e-08;1.84325e-10;6.12268e-08;1.25031e-06;6.26022e-09;3.64496e-11
1.12086e-07;0.00100344;0.000423241;9.83813e-07;3.90553e-06;8.69837e-08;1.95348e-08;0.000239203;1.53655e-08;2.9614e-08;4.35041e-08;0.000578823;1.52379e-06;0.997749
1.28761e-05;0.0238576;5.36919e-07;0.00029281;0.0175573;0.000934387;9.64936e-06;0.938286;0.000624828;1.32722e-05;0.000735711;1.41865e-05;9.09818e-05;0.0175694
5.58442e-06;0.00978956;0.92742;8.64198e-05;0.00392632;0.0257242;3.32815e-08;5.26958e-07;1.60579e-08;1.02424e-06;1.13103e-06;0.0211121;0.00741341;0.00451911
5.64311e-08;0.999852;5.43969e-13;6.50327e-11;7.79586e-09;1.64925e-09;4.6503e-08;8.53818e-07;6.21279e-12;3.0229e-09;1.24812e-11;5.27497e-09;0.000135475;1.17533e-05
5.14857e-12;3.36892e-12;1;1.25353e-10;8.8216e-08;3.50143e-08;2.35351e-12;2.68575e-12;2.71861e-14;3.80805e-11;4.37416e-14;2.66522e-08;6.10738e-12;6.36516e-08
4.73701e-08;0.00656426;1.5912e-09;2.86808e-07;2.60496e-08;0.00034703;7.30753e-07;6.2464e-06;5.89732e-08;8.31023e-09;6.03242e-08;1.45019e-10;0.99308;1.30581e-06
1.21263e-08;7.128e-05;0.999858;1.63818e-08;8.54266e-10;5.81408e-09;1.08577e-06;4.23495e-09;3.71728e-10;1.77357e-06;1.09829e-09;6.60637e-05;2.24724e-08;1.42239e-06
2.35333e-10;2.26315e-09;1;1.71223e-09;3.26945e-09;8.11088e-09;2.63506e-07;6.85939e-13;5.89942e-09;5.42217e-09;9.1429e-09;1.55752e-08;2.79864e-10;1.29492e-08
3.70472e-07;0.998358;6.10047e-07;1.14244e-07;6.73085e-08;1.1654e-09;3.06089e-07;0.00149487;7.84605e-07;1.64129e-08;2.01752e-06;1.59937e-05;0.000126652;1.53799e-08
3.91676e-07;0.986106;1.0487e-09;7.38115e-05;0.00022705;9.38265e-07;1.31425e-07;0.0122976;5.37925e-06;5.35411e-06;9.19791e-07;0.00104232;2.30057e-05;0.000216747
1.31897e-05;0.00227537;0.0101174;0.000959312;0.000175873;0.00011777;7.65112e-06;0.00011361;1.72873e-07;0.000927607;0.000138709;0.983627;0.00082541;0.000700648
1.66749e-05;0.998684;7.58976e-11;1.24143e-08;6.91685e-08;8.21824e-11;0.00049698;0.000767667;8.94932e-08;7.43649e-07;1.8089e-05;9.1677e-08;2.66986e-08;1.57988e-05
1.50646e-10;1.71107e-09;1;7.66384e-10;3.08698e-08;8.02463e-11;1.5517e-08;2.81273e-12;1.84407e-10;3.9705e-10;6.0693e-11;8.78483e-08;1.80238e-11;1.68567e-09
9.0751e-06;0.566556;7.98114e-07;1.95464e-06;6.07037e-07;7.24839e-08;2.31851e-05;0.00449583;8.45472e-05;9.63028e-07;4.99134e-05;6.06559e-05;0.428715;1.52445e-06
1.95442e-05;0.0253523;0.0010172;0.0186085;0.00315931;0.00122078;1.19529e-05;0.0336251;6.00674e-05;0.00380294;0.000241974;0.71425;0.0175861;0.181044
0.000862362;0.810684;0.037052;0.00454962;1.23299e-06;1.33736e-05;0.00648852;0.0764124;0.000352497;0.000124081;0.0403476;0.000468491;0.0225125;0.000131749
0.000154278;0.147879;2.64075e-05;2.7609e-05;0.000224524;0.00352935;4.90085e-07;0.0221281;3.77696e-07;0.000154025;4.12698e-06;0.000563449;0.000332187;0.824976
1.27199e-05;0.0144117;3.18429e-08;4.97847e-07;6.11628e-06;0.000182508;3.1671e-06;0.158401;5.27269e-06;1.68199e-06;1.82395e-05;2.56633e-08;0.82695;7.52486e-06
7.42657e-08;1.08761e-06;0.999998;2.0414e-07;7.3552e-08;3.75907e-08;5.2071e-07;4.77471e-09;4.87773e-08;1.72012e-08;3.80926e-08;2.22697e-09;2.25667e-09;2.75106e-07
1.9045e-06;0.0487513;0.000527628;0.000133809;1.47386e-05;7.23702e-05;4.31813e-08;0.000810028;2.19237e-05;1.04707e-06;0.000120202;0.932974;0.000103987;0.016467
1.14646e-05;0.367742;0.00046621;2.12582e-05;8.92796e-05;0.000713075;4.53612e-07;0.00141513;6.68472e-06;5.92793e-06;0.0011968;0.0476119;0.573753;0.00696745
1.4003e-07;0.115246;0.000835946;1.24729e-07;0.000863457;0.00019933;1.32865e-09;0.000528809;1.01251e-09;9.92381e-08;9.13961e-08;0.871656;0.00837712;0.00229271
3.76229e-08;0.0366539;1.25529e-07;4.39e-05;0.00457756;0.00884493;5.89218e-08;0.0436001;1.3885e-06;3.0829e-06;1.48566e-06;0.00089318;0.00912502;0.896255
1.18439e-05;0.0443341;2.32623e-06;0.000280703;0.000296739;0.0172629;1.43975e-05;0.00374218;3.01409e-05;1.42462e-05;0.000427499;2.59665e-06;0.93339;0.0001901
1.2032e-05;0.737338;0.260425;0.000102158;1.59111e-05;9.61609e-05;3.82036e-07;0.00136845;1.16572e-08;4.93056e-05;2.67e-07;2.27564e-05;0.000307662;0.000262609
1.45777e-07;2.78048e-06;0.99999;3.99971e-07;1.11245e-08;1.36342e-08;2.62889e-06;1.5222e-08;3.16039e-08;2.11456e-08;1.27777e-06;1.61112e-06;9.72673e-07;2.74481e-10
5.27107e-06;0.0185277;0.000294702;0.000167677;2.7308e-05;3.70867e-05;4.13592e-07;0.001419;0.000125268;1.08357e-06;0.00421603;0.974474;0.000490331;0.000214346
4.02353e-06;0.887168;1.73321e-06;2.58808e-06;7.80899e-06;4.17347e-05;1.5037e-07;0.000230602;1.52041e-06;9.71541e-07;3.58395e-05;0.00199842;0.10995;0.000557039
3.95298e-08;0.0246599;5.22956e-06;1.2836e-08;8.17405e-06;6.51319e-06;2.64684e-10;0.000508544;1.26279e-09;1.13894e-08;4.14829e-09;0.973137;0.00165564;1.93022e-05
6.77208e-07;0.434985;3.27291e-07;0.000226533;0.00970492;0.0792126;1.32265e-08;0.355895;9.70468e-06;5.64068e-06;4.55091e-07;0.000223416;0.0670144;0.0527215
4.45536e-05;0.514694;1.03366e-06;0.000117921;0.00966955;0.000944353;8.4676e-07;0.40041;2.45253e-05;4.17471e-06;1.03058e-05;0.00581242;0.0682487;1.76816e-05
4.77372e-05;0.513885;0.407469;0.000304673;0.00136466;0.0142298;1.01356e-08;2.24491e-05;6.37316e-10;3.21315e-05;1.21143e-08;0.0144653;0.000738311;0.0474405
5.13696e-05;0.020224;1.44185e-07;1.08125e-07;1.77006e-06;1.70722e-08;7.98324e-09;0.728741;5.81406e-08;4.493e-09;1.22249e-07;0.240617;0.0103639;1.21609e-07
2.96591e-06;0.0433137;2.44019e-09;1.60293e-05;0.0713689;5.16498e-06;1.35644e-05;0.883967;2.46509e-05;1.93808e-05;4.38678e-06;0.000275022;0.000938468;5.04287e-05
8.95605e-06;0.00157264;0.985183;0.00243955;0.0029624;0.00012167;1.66214e-05;9.99093e-06;3.02565e-06;0.000119164;7.66599e-06;7.4552e-06;0.000115221;0.00743197
7.74736e-05;0.999773;9.31446e-07;5.85168e-08;4.08859e-09;1.36799e-10;7.89826e-06;7.62176e-05;1.39236e-07;1.79541e-07;4.3674e-07;7.58182e-07;5.0573e-05;1.23293e-05
1.03925e-07;0.000118949;3.61888e-06;9.3273e-07;0.000977646;5.11044e-07;7.19853e-08;1.28262e-06;5.85251e-07;1.09651e-08;9.58924e-07;0.998894;8.1805e-07;1.88876e-07
0.000131582;0.980788;0.013234;6.98737e-06;0.000408695;4.03469e-06;1.46985e-07;3.83132e-05;1.44831e-07;1.53824e-06;5.21744e-07;0.000271746;0.0051013;1.27937e-05
1.24634e-07;0.969323;2.17794e-12;1.39474e-11;7.88564e-08;1.48163e-10;2.70605e-06;7.40491e-08;8.48872e-10;1.18068e-07;3.03951e-11;2.0092e-09;2.35091e-08;0.0306738
1.68115e-11;2.74604e-11;1;5.37447e-13;1.66954e-08;1.67729e-09;3.83539e-11;2.51728e-12;2.77296e-12;1.85547e-11;1.17757e-13;1.95389e-08;7.59131e-14;6.37278e-10
1.2611e-05;0.00141679;2.12746e-05;6.859e-06;0.000105365;0.00250633;3.71992e-05;0.00188024;0.000511854;3.35571e-07;0.000108926;3.38981e-07;0.993391;9.42042e-07
2.17773e-05;6.89337e-05;2.55991e-07;4.16066e-08;4.13488e-08;1.00195e-08;1.55604e-07;0.999891;4.07582e-06;2.24766e-08;4.4253e-07;1.03447e-07;1.31487e-05;1.32064e-08
2.67736e-08;0.998189;2.05427e-08;1.73967e-07;8.79184e-07;2.62875e-07;3.55784e-08;1.80647e-06;9.77809e-10;1.01419e-06;1.09105e-09;2.0026e-07;9.47679e-07;0.00180591
2.5004e-10;5.64723e-10;0.999998;3.02997e-10;2.79284e-10;8.60845e-10;1.73579e-09;5.36453e-12;1.08813e-10;5.34706e-11;4.72419e-09;2.23976e-06;6.87611e-10;1.04457e-09
2.59377e-06;0.010993;6.08126e-06;2.68212e-08;0.000252857;1.09161e-05;1.24291e-09;0.987398;4.89556e-08;2.70767e-09;2.82942e-08;3.36097e-06;0.00128561;4.76544e-05
1.54924e-07;0.99938;5.81474e-12;1.17241e-08;2.12882e-08;6.02665e-08;0.000508947;1.50205e-06;3.34578e-07;1.88796e-05;2.16965e-08;6.02703e-10;3.73072e-05;5.25143e-05
1.54116e-10;8.98082e-13;1;1.04892e-12;8.81399e-12;4.4879e-13;1.14598e-09;2.29366e-14;2.56663e-10;5.16379e-12;1.61932e-12;1.26712e-10;3.16266e-14;1.19068e-14
1.30301e-05;2.61062e-05;1.00941e-08;6.1296e-07;7.39447e-06;8.03485e-07;3.28814e-07;0.00264541;0.996935;2.13204e-08;3.98645e-05;8.02713e-06;2.86176e-07;0.000322766
5.10124e-06;0.000967217;5.97817e-10;1.39379e-08;2.26829e-08;2.61156e-07;1.75286e-09;0.000888427;2.95714e-06;4.9174e-09;5.34818e-09;3.90858e-08;0.998136;3.20938e-08
5.0677e-08;2.01553e-05;2.5025e-07;8.38178e-07;4.53208e-07;5.3267e-08;1.35708e-09;1.59646e-06;8.01522e-06;3.01685e-09;2.89812e-06;0.999964;3.62427e-07;9.613e-07
0.000589932;0.992562;3.92606e-09;3.95664e-05;1.82745e-05;1.23299e-07;1.85848e-05;1.64332e-05;1.38311e-05;2.37034e-05;1.70452e-05;0.000301195;0.000156054;0.00624287
6.13517e-07;5.8687e-07;2.7678e-10;1.70176e-09;1.24635e-06;5.8423e-12;2.57348e-08;0.999994;6.33846e-07;1.40466e-08;8.95864e-09;2.52849e-06;7.32018e-08;2.45017e-10
1.04542e-09;2.12151e-08;1;1.2883e-07;2.99086e-08;1.03904e-08;5.98009e-12;3.77848e-11;3.81906e-10;1.38081e-08;9.3694e-11;7.23847e-09;7.51476e-11;1.59819e-08
0.00056745;0.00103062;5.07735e-05;1.26801e-05;2.85328e-07;3.21114e-06;0.00039462;0.0005418;0.976346;4.87708e-06;0.0203761;5.49518e-07;0.000669065;1.86451e-06
