1.3107e-06;0.958601;1.05994e-08;6.29527e-08;5.1615e-08;3.99666e-08;0.000891136;7.83346e-06;3.05784e-08;4.75229e-05;1.13835e-08;6.98155e-11;9.65151e-06;0.0404418
1.08905e-12;5.51353e-13;1;9.75911e-12;3.33116e-10;1.61517e-11;4.55037e-12;5.18908e-14;6.11325e-12;1.30609e-11;1.12593e-12;2.94067e-08;6.2974e-17;4.38833e-09
1.33315e-06;0.908394;8.38752e-11;7.58975e-08;1.27977e-07;2.17149e-07;3.47911e-06;0.000112548;4.47041e-06;1.02086e-08;1.36833e-06;4.41021e-08;0.0914543;2.83911e-05
3.6618e-09;2.36881e-05;6.26165e-08;7.40053e-09;2.8797e-09;1.21037e-10;7.92277e-10;1.21025e-06;1.54275e-06;5.56884e-11;3.08433e-06;0.999957;1.34694e-05;3.86005e-10
3.52685e-07;0.97201;4.89812e-09;3.59126e-06;3.30434e-05;5.90762e-06;1.07292e-07;2.88695e-05;2.22437e-08;3.30595e-07;3.14719e-08;2.3392e-05;0.00634708;0.0215472
3.11599e-05;0.775166;2.18597e-05;2.16839e-06;0.00313189;3.05904e-06;8.07195e-06;0.161813;1.35266e-06;7.71152e-07;1.3879e-08;0.000119099;0.0502912;0.00941033
7.60564e-06;0.0140311;4.07877e-05;0.000117768;0.000508608;0.00595005;2.09833e-05;0.000367363;0.000200757;0.000100392;2.18188e-05;0.000347322;0.97558;0.00270522
5.17411e-07;0.000132737;0.999693;8.94841e-07;4.00431e-07;3.22923e-08;4.30879e-06;5.13835e-09;7.95028e-09;2.48124e-05;4.87533e-09;5.03699e-05;1.13565e-07;9.3019e-05
9.1287e-10;1.02965e-10;1;2.58368e-10;1.66047e-11;1.17599e-10;1.02024e-08;1.44952e-12;1.83793e-09;5.34657e-11;4.17827e-10;2.60003e-09;2.88773e-10;1.57928e-12
1.79317e-05;0.993521;6.71804e-08;1.00267e-07;5.36919e-07;3.47185e-07;8.24632e-06;0.00526248;4.15449e-05;2.50233e-06;4.23093e-06;4.85925e-06;0.00113381;2.40457e-06
6.34661e-06;0.00291958;1.59003e-08;9.44772e-05;5.72142e-05;0.000473057;4.98523e-06;0.00197594;0.000382137;1.60519e-05;0.00062478;0.990783;0.00199222;0.000670308
0.000133978;0.997544;9.0464e-09;3.0869e-05;2.4399e-07;1.66982e-07;0.000447594;2.34704e-05;4.16949e-05;5.58604e-06;8.20301e-05;7.02629e-05;0.00161269;7.63334e-06
2.1424e-05;0.976263;2.93791e-07;6.82438e-08;0.000410038;4.58553e-08;2.16305e-07;0.0118971;3.27255e-09;3.31953e-07;1.63777e-09;8.15625e-05;1.31352e-05;0.011313
8.81139e-08;0.00466816;5.01394e-06;2.19987e-06;6.05859e-05;1.91974e-06;4.1783e-08;1.98782e-05;1.83967e-06;1.95524e-07;1.65036e-06;0.992412;0.000581444;0.00224518
1.24392e-06;0.00240149;2.20912e-10;1.26878e-06;9.49472e-06;1.54172e-05;6.09071e-08;9.88281e-05;7.31006e-07;1.82926e-07;2.09323e-06;0.000645264;0.996801;2.24551e-05
6.90676e-05;0.00287969;6.76612e-05;3.89614e-05;5.5091e-05;5.0329e-05;2.46614e-07;0.000144408;9.28136e-06;1.82465e-06;0.000115969;0.994457;0.000743419;0.00136713
3.40115e-06;0.922465;6.2013e-10;1.29995e-07;1.63197e-05;2.58518e-05;1.06977e-07;0.0720823;1.77649e-05;9.15802e-08;2.89755e-06;0.000212323;0.00515067;2.32127e-05
4.04753e-06;0.00929615;0.000854862;2.97826e-06;2.28475e-05;4.65957e-06;6.03458e-09;0.00607726;3.01114e-06;7.91605e-07;7.84047e-07;0.979415;0.00431476;2.80288e-06
5.60405e-05;0.876396;3.20128e-08;3.86319e-05;0.000495202;4.90613e-05;2.7182e-06;0.00143288;0.000382858;8.65602e-06;6.04834e-05;0.0194012;0.0986669;0.00300893
1.59381e-07;5.03448e-08;2.37524e-15;6.35533e-11;1.52864e-08;2.18731e-12;1.19062e-09;0.999995;5.27016e-06;4.55025e-11;2.78476e-09;3.62175e-12;7.76229e-09;5.49759e-11
4.42625e-07;1.67339e-06;0.892906;1.52397e-05;8.61843e-05;1.46476e-05;1.19128e-10;2.34553e-07;4.41083e-08;1.49265e-07;2.13438e-08;0.105209;6.26345e-08;0.00176555
4.08027e-05;0.99864;1.75576e-11;1.75412e-09;8.62282e-10;2.08651e-10;0.00118629;1.95998e-05;4.92318e-06;1.54645e-06;1.32208e-07;6.58613e-13;3.38341e-06;0.000103685
9.45825e-11;1.38178e-11;0.999997;1.07041e-11;5.35948e-10;3.34747e-11;2.57406e-10;4.72923e-14;5.98148e-11;2.34819e-11;3.38239e-13;3.24386e-06;3.88484e-13;5.35191e-10
7.05125e-05;0.030419;8.69041e-08;1.22998e-05;0.00012864;0.000775474;1.48817e-05;0.845483;0.0420268;1.4324e-06;0.00049589;0.00555945;0.0721611;0.00285114
1.6824e-06;0.00166044;6.04044e-09;1.7058e-06;5.84128e-05;8.93321e-06;2.33899e-07;0.000140509;6.20708e-06;7.96675e-07;1.91802e-05;4.44745e-05;0.99805;7.49428e-06
6.37279e-05;0.000387246;2.72995e-07;1.08015e-05;0.000426002;3.5089e-06;1.03835e-07;3.25703e-05;9.49388e-05;9.48769e-07;1.04233e-05;0.998525;0.000409172;3.54623e-05
1.80638e-05;8.93603e-07;2.55459e-11;8.74779e-10;4.16785e-08;5.77568e-09;1.24476e-07;0.999961;1.36452e-05;2.0637e-09;8.13875e-08;1.77095e-09;6.57804e-06;1.10643e-08
3.23227e-06;0.000778735;0.000809663;2.52524e-05;0.00247785;0.000695325;8.13104e-09;5.63174e-06;2.71599e-06;2.22631e-07;1.44853e-07;0.867432;3.96531e-05;0.12773
4.16995e-05;0.897643;5.31902e-07;4.28149e-06;6.86357e-06;3.6233e-07;1.02893e-06;0.0998863;0.000635473;6.60267e-08;7.27499e-05;0.000218682;0.00143155;5.68873e-05
8.54604e-06;0.00886495;5.41445e-05;2.51335e-05;6.38317e-06;1.27612e-06;6.42643e-07;0.000947943;0.00108077;1.48769e-06;0.000117736;0.988781;9.68897e-05;1.26644e-05
0.000155517;0.741267;2.685e-08;6.92506e-05;0.000132632;7.40503e-05;7.16568e-05;0.000170532;0.00986757;1.62104e-05;0.000403581;0.00193755;0.245654;0.000180632
0.000163034;0.887603;4.98315e-06;1.87552e-07;2.03784e-08;3.06522e-09;6.24707e-05;0.00129101;0.000191036;6.46337e-07;1.68883e-05;0.000866261;0.109801;5.50064e-08
1.72126e-09;7.90527e-05;5.94753e-06;4.12852e-07;5.37797e-07;7.37185e-07;2.3998e-11;1.48003e-06;5.20798e-08;2.21795e-09;5.05076e-08;0.99985;2.67599e-05;3.48254e-05
3.54338e-07;0.999915;4.09228e-07;3.36177e-09;3.72725e-09;5.12425e-10;4.67197e-06;7.17502e-05;5.40333e-09;3.98652e-07;7.7041e-09;8.49345e-08;3.16965e-06;4.17594e-06
1.7041e-10;4.5473e-12;1;1.9912e-12;9.85078e-08;6.6665e-11;7.47921e-12;5.99235e-09;2.80655e-12;9.18812e-12;2.20645e-13;8.28162e-08;7.29469e-13;2.94484e-10
4.64184e-05;0.0023967;0.00146922;1.12019e-06;7.35523e-05;1.5218e-06;9.52708e-07;0.884375;0.0678796;7.11358e-08;0.000239725;0.031871;0.011645;3.92678e-07
3.97699e-08;0.999553;4.92706e-12;1.06969e-09;2.7509e-08;1.36146e-10;1.04059e-06;7.44346e-07;3.35387e-07;4.76828e-07;7.00299e-09;9.09141e-11;6.935e-09;0.000444174
0.000223545;0.0126438;6.77409e-06;1.30657e-05;7.29171e-06;1.04074e-06;0.2115;0.00849462;0.724138;6.57925e-06;0.0387799;2.8265e-06;0.00418242;1.02512e-07
2.45798e-06;0.00213656;6.05784e-11;6.96193e-10;3.402e-06;2.82356e-08;5.91841e-11;0.997703;2.43444e-09;2.19976e-09;9.92599e-11;6.37967e-07;0.0001468;7.45491e-06
4.01412e-08;0.00872756;2.77785e-08;4.77854e-07;1.00647e-05;4.33432e-06;3.14488e-09;5.30894e-05;4.41947e-08;5.49105e-08;3.4866e-08;0.987442;1.80886e-05;0.00374391
4.82009e-05;0.568893;6.42495e-08;2.92449e-05;0.000204917;6.06603e-05;8.81691e-05;0.00203614;4.59083e-05;1.93083e-05;0.000116981;8.30977e-07;0.428352;0.000104548
0.0203888;0.621775;0.000130757;1.72291e-05;0.000829712;8.48934e-06;8.81659e-07;0.0344191;1.78151e-05;1.13471e-05;4.36111e-06;0.282165;0.0379136;0.00231727
0.000154145;0.881652;7.00864e-07;2.68643e-05;0.000230657;8.0408e-05;1.3196e-06;0.0113638;0.00156071;3.46573e-07;0.000188421;0.0539875;0.0493354;0.00141753
3.85298e-05;0.930347;7.27082e-05;6.70309e-07;1.04858e-05;7.18867e-06;7.3676e-07;0.0131711;3.86251e-06;9.4361e-06;8.89544e-07;0.0276864;0.0285023;0.000148525
4.08892e-05;0.015227;5.32191e-07;0.00251473;0.112966;0.00759541;0.000133334;0.0608078;0.0190996;0.000123116;0.000105326;0.00147587;0.734525;0.0453855
0.00128394;0.587353;0.000375731;9.21678e-05;4.82768e-06;2.15214e-06;8.24388e-05;0.0330847;0.00783264;7.8218e-06;0.00251722;0.168235;0.199124;4.12193e-06
1.19258e-06;0.98613;2.16324e-07;2.02459e-08;6.64826e-07;9.17102e-09;2.71858e-05;1.13367e-05;6.44831e-08;1.11296e-05;2.20885e-08;5.53834e-08;5.58792e-06;0.0138125
2.29264e-11;1.86931e-12;1;7.72776e-12;3.03047e-07;1.28363e-09;3.3387e-12;2.3881e-09;3.10083e-13;2.85437e-11;9.7336e-14;1.80033e-07;6.10894e-13;1.16724e-09
2.74711e-06;0.000335976;8.95965e-05;2.98305e-06;2.76444e-05;1.11476e-05;8.74413e-07;0.996902;0.00175863;1.70166e-08;0.000288177;0.000175824;0.000404431;8.48446e-08
1.39845e-08;0.998139;4.02022e-11;2.59032e-09;4.03575e-09;2.50018e-10;5.26688e-07;2.18651e-09;1.78946e-08;2.52236e-07;6.47392e-08;1.63961e-10;1.7317e-08;0.00186022
0.000210909;0.025558;5.57065e-06;8.8114e-06;0.000113439;1.99862e-05;0.0565137;0.0142051;0.0688747;4.80215e-06;0.247761;9.66809e-06;0.586714;2.20401e-07
8.71023e-07;0.0189977;3.86777e-10;2.11046e-06;0.000508503;0.000268742;8.54483e-09;0.978438;6.64624e-05;6.50841e-07;3.49156e-06;9.09962e-05;0.0011575;0.000464751
4.15033e-07;0.999385;4.37212e-09;8.69314e-10;1.98688e-10;1.2152e-09;1.80262e-09;4.27681e-06;2.64374e-10;1.96273e-09;2.0995e-10;0.000571532;3.89863e-05;1.35437e-07
5.42013e-06;0.0179962;2.41163e-08;1.94175e-06;0.00091849;0.000988625;5.26001e-08;0.00260029;2.03909e-05;5.95837e-08;4.8793e-07;0.0302959;0.000398638;0.946774
9.11321e-07;9.04588e-05;1.53846e-10;3.10192e-09;5.14575e-07;4.04452e-08;1.52123e-10;0.000244021;9.13502e-07;3.05385e-11;1.06962e-07;3.59925e-07;0.999663;8.88851e-09
3.15736e-06;0.000346186;1.77631e-08;6.84883e-09;4.42795e-08;1.06201e-08;1.1743e-10;6.28299e-07;5.84229e-07;1.72147e-09;8.67885e-09;0.999457;0.000191491;1.27318e-06
1.42788e-07;0.999229;8.79653e-12;3.44179e-09;5.64553e-07;7.57876e-08;2.4004e-07;6.97065e-06;4.60494e-10;1.74382e-06;1.77813e-09;1.94982e-10;4.04633e-05;0.000721013
1.00939e-10;3.02658e-12;0.999996;2.92182e-09;2.51429e-07;4.62785e-07;1.10006e-10;3.21124e-11;1.07854e-12;5.43991e-09;4.01518e-12;9.57074e-08;2.80919e-12;2.93265e-06
8.83627e-07;0.00260993;1.15154e-08;1.21567e-05;8.20453e-08;0.000614201;5.91143e-06;2.4899e-05;2.0902e-06;2.93166e-08;2.9116e-06;1.96511e-08;0.996726;9.9124e-07
5.29631e-07;0.000228223;0.999541;5.13093e-07;2.96871e-09;5.6317e-09;0.000160244;1.2054e-07;3.27543e-08;7.21205e-06;1.68094e-07;5.87101e-05;2.8842e-08;3.64112e-06
7.80059e-10;5.77351e-10;0.999999;1.36149e-08;4.15793e-09;1.22949e-09;2.95934e-07;4.03924e-12;2.36177e-07;1.12998e-09;8.2297e-08;1.29136e-08;6.86132e-12;6.35677e-10
2.43118e-06;0.00144091;8.3574e-08;1.57605e-07;2.38812e-08;8.84799e-08;2.43451e-08;0.000141949;2.60298e-06;9.63089e-09;4.286e-06;3.49746e-05;0.998372;2.11604e-07
1.18359e-05;0.0664224;0.00028313;1.39718e-05;7.92074e-06;6.49196e-07;8.40989e-07;0.00265146;7.92151e-06;1.99686e-06;1.37208e-05;0.929564;0.00040721;0.000612567
1.80788e-05;0.19517;2.76474e-07;0.00204055;0.000275184;9.00878e-06;0.00082462;0.627569;0.000658178;0.000490744;0.000759447;2.00326e-05;0.000162789;0.172002
0.000450998;0.00298741;4.65914e-05;9.8042e-06;0.00027248;1.24042e-08;0.0001453;0.995389;1.03585e-05;0.00021349;0.000174938;3.52554e-06;0.000292966;3.06266e-06
1.96932e-07;6.68968e-06;0.999804;1.93669e-05;8.69163e-06;3.62764e-07;1.86522e-07;3.07665e-09;8.27916e-08;1.24293e-05;1.82743e-06;0.00014548;3.55696e-07;2.16396e-07
3.73613e-06;0.996553;5.45404e-07;2.4448e-06;1.65215e-07;7.47434e-07;1.23331e-05;0.00165288;0.000336783;1.04803e-07;0.000830596;9.88253e-05;0.000501971;6.09109e-06
