2.76569e-06;0.999694;0.000104934;3.82659e-06;2.34463e-07;5.8135e-08;4.28176e-08;8.26982e-06;1.18532e-08;7.67834e-08;3.1869e-08;4.2907e-05;0.00014191;1.09911e-06
5.75311e-06;0.993995;3.16143e-09;9.00541e-07;1.44849e-07;5.11794e-06;2.66354e-08;0.0051886;6.94943e-08;3.45455e-07;8.32096e-08;0.000507404;0.000257621;3.92176e-05
0.000477654;0.397474;2.84387e-08;0.00081477;0.000100793;0.00140222;0.00170567;0.423991;0.00484143;0.000629407;0.0887551;0.000219471;0.0789768;0.000611551
0.0319388;0.0548276;0.00028988;9.46026e-06;0.00268919;2.09387e-05;3.09371e-07;0.141014;2.15398e-06;2.57477e-06;4.02399e-06;0.741412;0.0277608;2.8406e-05
6.78336e-05;0.171419;5.32908e-05;0.000130002;0.00392142;0.00181973;1.03854e-05;0.0809438;0.000391833;3.06145e-06;0.00172565;0.451979;0.284764;0.00277056
2.40625e-05;0.478281;0.000314878;0.00269301;0.033854;0.0511297;1.03065e-06;0.0342769;0.00173977;0.000273428;0.00151308;0.242395;0.138155;0.0153488
0.000102754;0.112842;3.48742e-06;0.000127935;0.00133453;0.000725449;8.91838e-06;0.000790758;0.000368386;3.43456e-05;0.00549949;0.00647004;0.864766;0.0069258
0.000141925;0.993086;6.47e-07;2.61952e-07;2.33912e-07;9.24122e-08;0.0014055;8.51251e-05;1.37624e-05;6.89796e-05;0.000118899;1.1051e-08;0.00477443;0.000304303
6.09811e-12;6.83664e-11;1;1.07385e-12;4.26112e-11;1.17126e-12;3.90519e-11;1.03319e-13;1.11279e-12;7.26038e-12;1.33166e-12;3.21454e-07;5.44387e-13;5.38217e-14
3.23575e-05;0.0753116;2.95015e-06;8.05939e-07;0.000101649;8.9303e-06;9.39415e-05;0.870086;0.000527235;2.35614e-06;0.000191028;0.000185929;0.0529579;0.000497718
3.2972e-06;0.842371;3.0393e-05;7.77298e-05;0.000180868;0.000785247;9.8114e-07;0.0987844;0.000272026;3.23541e-05;0.000249166;0.024227;0.0323377;0.000647682
9.96796e-06;0.942639;8.39308e-08;0.00166169;0.012596;0.00156428;0.000109765;1.8961e-05;1.28161e-05;0.000961692;0.000211878;0.0134693;0.0110627;0.0156817
0.00262174;0.99262;2.27143e-07;1.26005e-06;1.57234e-07;1.11141e-07;4.83235e-05;1.24627e-05;4.38133e-06;2.00908e-06;4.79077e-06;0.00166194;0.00302288;6.27164e-08
7.43669e-06;0.00171418;9.30345e-08;8.90409e-06;8.64355e-06;3.3792e-05;6.98881e-07;3.99178e-06;3.66508e-05;8.35085e-07;1.55103e-05;0.998025;8.67015e-05;5.78113e-05
0.000975992;0.974149;0.00337832;0.000787108;0.0010098;1.03839e-05;0.000479647;0.00023814;2.63632e-05;0.000223495;0.000104111;0.0120542;0.000118201;0.00644559
2.50636e-08;2.14409e-08;0.999982;4.26303e-09;1.91941e-09;1.5244e-10;2.83558e-07;2.6628e-11;7.78711e-09;1.15235e-09;1.01675e-08;1.80071e-05;5.27979e-09;1.49729e-11
0.00157055;0.594352;4.01839e-05;7.77215e-05;0.000438828;0.00316041;0.000518266;0.0354897;0.00238945;3.56195e-05;0.0030169;0.0123167;0.345986;0.000608086
6.77951e-08;0.000109733;8.66523e-11;1.12062e-07;7.95188e-07;6.76889e-07;8.22201e-08;4.38803e-06;5.82976e-08;1.5122e-08;1.10137e-06;5.04552e-06;0.999878;3.80097e-07
3.52928e-06;0.000631279;2.60112e-09;6.96309e-07;5.5845e-07;3.4521e-08;7.18596e-08;0.000234677;1.29296e-06;5.40493e-08;1.68579e-06;0.998196;0.000923212;6.64971e-06
7.95942e-06;0.00181846;9.85681e-10;9.75444e-09;2.97963e-07;2.32076e-08;6.99024e-07;0.997946;7.77029e-07;1.352e-08;6.77849e-08;2.37313e-08;0.00022582;2.03365e-07
1.29643e-07;4.65458e-05;9.07202e-07;4.6686e-05;0.0038719;0.000120756;5.56707e-09;6.12215e-06;4.26943e-06;5.73836e-08;8.56615e-07;0.953542;9.28806e-06;0.0423507
2.20673e-07;0.999599;2.65695e-11;3.62519e-08;3.74632e-10;3.6075e-10;8.85999e-08;0.000185639;6.92851e-08;9.73984e-10;3.37449e-07;1.69997e-08;0.000213931;4.01011e-07
7.06417e-07;0.00019941;3.44081e-05;9.71639e-07;2.04386e-05;1.1421e-08;5.69088e-08;7.19415e-06;2.84649e-06;4.81317e-07;2.08374e-06;0.998869;1.6077e-07;0.000861916
6.09568e-06;0.993183;1.62498e-05;6.32963e-06;0.000657078;0.000129624;7.13037e-08;6.31209e-07;1.43502e-08;1.69173e-06;2.05509e-07;0.00014948;0.00572088;0.000128302
1.3636e-05;3.79784e-05;3.59039e-09;4.55518e-08;0.000143307;1.24799e-06;8.57465e-07;0.00182562;3.81167e-08;2.58369e-07;1.72099e-07;0.000867243;0.99503;0.00207988
6.36421e-06;0.0123533;0.00065025;0.000301318;0.0028482;0.0016065;4.32413e-09;0.00120568;2.702e-06;9.90785e-08;4.82415e-07;0.958831;0.000722999;0.0214707
0.000242986;0.94687;3.09341e-05;1.75153e-05;2.39733e-05;5.64831e-06;1.42991e-06;0.046353;8.5146e-06;1.42073e-06;9.73763e-06;0.00147874;0.00445459;0.000501785
6.33397e-06;0.0251613;1.02777e-08;9.51948e-07;0.000100369;5.86861e-06;1.54893e-07;0.000373473;9.07102e-07;3.15566e-07;5.24471e-06;0.000399416;0.973799;0.000146507
8.45132e-06;0.00453437;1.57281e-07;0.000464253;0.00278531;0.00530848;1.17183e-06;0.00030289;0.000568187;8.15493e-07;0.000153595;0.000843688;0.00122934;0.983799
2.63832e-05;0.963249;0.00573511;8.99456e-05;4.02002e-05;2.03534e-06;3.74996e-07;4.53298e-06;3.4113e-08;1.15626e-05;8.05676e-08;0.00119796;0.0269099;0.00273342
4.8319e-05;0.980855;4.90433e-05;4.24869e-05;5.82545e-05;3.58326e-05;0.000108892;0.00797155;3.0421e-06;0.000216495;7.80321e-05;0.000244006;0.010221;6.83289e-05
0.000226736;0.351513;5.46261e-07;0.000941274;0.00135902;0.00484364;0.00185168;0.000899515;0.00836924;0.00107281;0.587048;0.0132351;0.0216569;0.00698295
0.00252177;0.934132;8.87621e-06;0.00163534;0.00135292;0.000721189;0.000446337;0.00171738;0.00269901;0.000273669;0.00789712;0.0331869;0.0101378;0.00326991
0.000350391;0.000428113;9.47971e-09;5.5577e-08;3.13142e-07;1.43333e-08;1.88073e-07;0.999086;0.000121058;1.92718e-08;9.40959e-06;5.9259e-07;3.40835e-06;8.11774e-08
4.22593e-07;9.46953e-06;1.16706e-07;5.64414e-07;0.00013972;1.19118e-05;2.18197e-11;3.40458e-05;8.85811e-08;8.80293e-10;1.02311e-07;0.998207;7.21718e-06;0.00158928
7.69408e-08;0.999976;1.48983e-11;1.44588e-10;8.48217e-09;2.3632e-11;1.53107e-06;3.05269e-06;1.87851e-10;1.18693e-07;7.07632e-10;8.10434e-13;2.54564e-06;1.68933e-05
1.46993e-11;5.06919e-12;1;1.76767e-10;1.1097e-08;2.11715e-09;7.28361e-11;5.50291e-13;7.76211e-13;1.44899e-10;2.52054e-12;5.11119e-08;1.02518e-12;7.3279e-09
4.88006e-06;0.996311;5.83478e-06;0.000365781;5.13268e-06;1.17199e-05;3.18564e-05;0.000143351;0.000102119;1.22945e-07;0.000214768;4.98037e-05;0.0023947;0.000358725
1.32525e-05;0.879535;2.01998e-06;6.3569e-05;3.53369e-06;6.76457e-05;1.83104e-06;0.117495;1.76537e-05;1.05435e-05;2.55339e-05;1.40103e-05;6.24037e-05;0.00268786
1.50214e-06;0.00170629;3.60299e-09;1.43582e-06;9.44698e-06;3.40278e-06;1.19707e-07;0.000198287;9.31573e-07;4.76138e-07;2.46693e-05;4.14402e-05;0.998009;3.25108e-06
3.68645e-06;0.00497155;4.38592e-08;0.000126557;0.00028589;0.000737121;1.39399e-06;0.000191066;0.000336898;5.74237e-07;0.000208536;7.42936e-05;5.23263e-05;0.99301
1.39284e-05;0.974588;0.000776529;3.74048e-05;2.66671e-05;1.09845e-06;1.81681e-07;6.99193e-06;8.96715e-08;4.20358e-06;1.44989e-07;0.000611865;0.0231985;0.000734192
1.90382e-05;0.9852;5.90665e-06;1.58103e-05;2.25e-05;4.27862e-06;0.000139179;0.0109354;2.19986e-06;0.000268516;3.21904e-05;2.9094e-05;0.00325689;6.9403e-05
0.000463502;0.220822;4.34061e-06;0.00222764;0.00622493;0.00184556;0.0032154;0.00290421;0.00520215;0.000513739;0.663151;0.0772758;0.00873615;0.00741366
0.000325571;0.935849;4.44295e-07;0.00044964;0.000171481;6.17521e-05;0.000119302;4.29828e-05;8.45196e-05;4.36848e-05;0.00196761;0.0428372;0.0167541;0.00129246
2.36986e-05;0.993001;2.37659e-07;7.75361e-07;7.96489e-07;2.33661e-06;1.12213e-07;0.00361964;3.0833e-07;2.22803e-07;1.36032e-06;0.00235858;0.000987026;3.501e-06
7.8071e-06;0.00329452;2.73993e-10;3.22996e-06;0.000120609;2.21744e-05;1.43891e-06;0.00143758;7.77057e-06;1.10653e-06;0.000478681;0.000243579;0.99433;5.17508e-05
0.000681123;0.0339785;1.11672e-06;1.00141e-06;7.11742e-05;8.33384e-06;9.63367e-07;0.00389536;9.81531e-07;7.28695e-06;4.0919e-06;0.00241931;0.958923;7.90341e-06
1.06573e-09;2.05119e-08;0.999999;4.60001e-08;3.00994e-07;2.0677e-08;1.82875e-09;4.21187e-09;7.06392e-10;1.51278e-09;5.01313e-09;4.07657e-07;1.06942e-09;6.72979e-09
2.43644e-07;0.00034492;0.988085;2.20186e-06;1.20071e-06;3.03392e-06;6.36735e-09;0.000378416;4.04227e-08;4.30068e-08;5.38337e-07;0.011031;0.000149894;3.25108e-06
7.61165e-08;0.00101087;0.000149998;0.000206217;0.0968328;0.435851;1.70392e-08;6.48691e-06;1.76022e-07;2.29921e-06;0.000188893;0.000190537;4.59785e-05;0.465515
3.94573e-07;0.0768551;2.44698e-07;2.30669e-06;0.00838229;0.00444652;1.89307e-08;0.134631;4.73126e-07;9.54162e-08;3.56965e-05;0.31439;0.461095;0.000161608
9.59291e-07;0.039645;1.18314e-07;2.61884e-06;1.9128e-06;1.4619e-05;1.06243e-07;0.00464326;1.69734e-06;1.00969e-08;0.000159018;0.000439827;0.955091;4.72585e-08
1.25306e-05;0.108673;1.25567e-05;6.95015e-07;3.40122e-05;7.28369e-06;4.10854e-09;0.204471;1.4757e-08;1.08065e-07;5.6559e-07;0.00026469;0.686488;3.62991e-05
1.07003e-08;0.0155132;1.26747e-08;7.74491e-08;2.38739e-05;6.56191e-06;7.93082e-08;6.59261e-08;2.33194e-11;2.99125e-05;3.98304e-09;3.36843e-09;4.08233e-06;0.984422
7.2923e-11;7.15787e-12;0.999997;1.66065e-09;4.1149e-09;7.51477e-10;5.96382e-08;2.50106e-12;8.32849e-11;2.51416e-09;1.88494e-09;2.49421e-06;1.65748e-11;4.11625e-10
4.79034e-05;0.792299;7.34327e-06;1.77587e-05;0.000117292;4.0357e-06;0.000532534;0.0208679;0.000644235;2.71825e-06;0.00281809;0.000242685;0.182274;0.000124686
3.25372e-06;0.9857;5.53321e-07;2.80057e-05;9.19078e-05;0.000267204;2.43164e-07;0.00794235;7.47432e-05;2.62819e-06;0.000177108;0.00364362;0.00136343;0.000705154
9.9518e-06;0.00550189;9.07241e-08;6.17228e-05;0.00174041;0.000854429;4.33143e-05;0.00394819;9.99612e-07;0.000121527;1.33678e-05;0.00287504;0.911108;0.0737213
0.000439799;0.568674;1.1534e-06;0.00253169;0.000879789;0.0161764;1.59793e-05;0.0530174;0.00525876;1.30507e-05;0.00397656;0.018012;0.168259;0.162745
1.69435e-05;0.0169736;1.24367e-07;1.4975e-08;5.29989e-06;6.62983e-08;8.89376e-10;0.982836;6.88983e-09;1.90392e-08;6.4662e-09;1.54257e-06;0.000160557;5.47139e-06
1.01646e-08;0.000310425;5.66515e-07;1.87366e-07;4.62477e-06;5.55462e-06;8.73772e-11;1.13382e-06;3.96455e-08;1.64586e-09;2.514e-06;0.999652;7.83561e-06;1.50895e-05
1.81796e-08;0.999313;1.71335e-11;1.98953e-09;2.52992e-06;1.32382e-07;4.51901e-09;0.000127642;8.13552e-09;7.48357e-08;2.74442e-08;9.80867e-07;0.000554721;5.74511e-07
5.09313e-06;0.00420763;3.57822e-05;2.19477e-08;6.84537e-07;7.81411e-09;5.30896e-07;1.28939e-06;5.8268e-07;1.7305e-07;5.21713e-06;0.995096;0.000647477;4.48603e-09
0.000534686;0.0027048;5.73789e-09;6.39533e-06;0.00195656;3.83737e-05;2.49933e-05;0.614224;0.342588;7.77822e-07;0.000489883;2.11111e-06;0.0373995;2.96867e-05
0.00023558;0.980583;0.0110994;1.29475e-06;2.384e-05;2.36195e-08;4.9648e-09;0.000433261;5.86892e-08;8.29517e-08;2.08426e-09;0.00753518;7.08436e-06;8.13006e-05
2.50389e-05;0.000971081;3.24725e-07;8.17786e-07;0.00551995;9.89812e-07;1.05236e-09;0.96915;9.17043e-05;6.35309e-09;3.5362e-06;0.0234435;0.000759368;3.35246e-05
2.496e-07;0.472046;5.35931e-06;6.12754e-06;0.000155387;2.29348e-06;5.9003e-08;1.96184e-07;8.77853e-10;3.38143e-05;8.55247e-09;9.65804e-06;5.62554e-06;0.527735
0.00800395;0.0956786;1.0434e-06;7.12324e-06;8.73658e-06;4.84182e-08;0.503974;0.00222535;0.233503;8.02467e-06;0.152587;0.000142629;0.00386069;1.00665e-08
2.13261e-07;0.000375228;7.15698e-07;5.54157e-08;8.9418e-09;3.03535e-07;4.98867e-09;3.22846e-08;8.25798e-09;3.82911e-09;1.45362e-08;9.03886e-08;0.999623;2.45351e-09
7.15166e-05;0.0212917;0.90558;6.5057e-06;3.81077e-05;1.13635e-07;5.89393e-07;0.00454093;1.44617e-06;2.86154e-06;1.51022e-07;0.0522871;7.90512e-05;0.0160999
3.40946e-06;0.0256897;9.00116e-07;2.67203e-06;0.243928;3.36675e-05;1.38017e-05;0.729378;0.000178146;1.64445e-06;2.88285e-05;3.81758e-07;1.49735e-05;0.0007265
5.9742e-06;0.00211199;0.752603;1.49285e-05;0.00465145;0.00122037;1.24464e-08;2.70962e-06;1.62826e-09;1.19469e-06;2.62478e-07;0.226565;0.0126107;0.000212377
4.56381e-06;0.996377;6.92583e-07;8.22908e-06;3.80625e-07;6.94185e-06;8.668e-07;0.000284055;1.02882e-05;8.03991e-08;0.000196309;5.6609e-06;0.00229026;0.000814291
3.5139e-06;0.000436883;6.42361e-09;1.93792e-07;0.00157635;0.000461521;8.45857e-09;0.994256;1.83472e-05;1.73071e-07;1.17552e-06;1.02392e-06;0.00321112;3.3476e-05
3.90811e-05;0.993407;5.1924e-08;4.34103e-06;3.91604e-07;2.52232e-07;0.00138958;0.000192548;2.10085e-06;0.00181463;3.06452e-06;3.37004e-06;8.1461e-06;0.00313549
1.75893e-06;1.82085e-07;0.997929;4.2124e-06;9.27498e-07;3.28581e-07;0.00204604;2.7246e-10;7.36345e-06;5.12628e-06;3.47104e-06;1.51137e-06;2.02666e-07;1.88974e-08
5.17692e-07;0.793586;2.63894e-10;2.10552e-08;9.63771e-12;7.01677e-10;5.90109e-07;6.06222e-08;4.84398e-08;7.80445e-09;6.73052e-07;2.23296e-07;0.206412;1.13851e-09
3.41427e-05;0.00759011;0.535559;7.11998e-05;4.79032e-05;3.39942e-06;1.41971e-06;0.00245539;6.35958e-07;1.58406e-05;2.11751e-06;0.440448;4.12897e-06;0.0137665
7.71937e-05;0.223462;2.3981e-09;2.12125e-05;0.00523923;0.000157442;0.00124227;0.723361;0.000708141;4.4565e-05;0.00162705;1.48815e-05;0.0438456;0.000198461
0.000185513;0.135522;0.703782;0.000709616;0.0180155;0.000865428;3.77869e-05;0.000794604;1.8607e-06;0.000468635;1.89647e-05;0.11978;0.00266798;0.0171495
0.000117767;0.930541;4.19352e-08;0.000313994;5.67965e-05;0.000124596;0.000117294;0.0198783;0.0127551;7.00136e-07;0.0143943;0.000736197;0.0135259;0.00743767
5.73578e-05;0.952327;0.0445131;3.63578e-05;0.000260568;2.08557e-06;5.96729e-08;4.05081e-05;6.15275e-07;2.83544e-06;1.3546e-07;0.00197654;0.000107371;0.000675666
0.000983604;0.975975;7.07205e-08;1.40268e-06;2.32015e-05;1.1753e-05;2.8279e-06;0.0223108;1.34734e-05;8.5133e-06;1.89379e-06;3.2412e-06;0.000361875;0.000302
9.99071e-05;0.0139009;1.06025e-06;2.32772e-06;9.43122e-05;1.48755e-05;1.11658e-07;0.110728;2.21035e-06;7.28178e-07;2.15524e-05;0.00833187;0.866716;8.71449e-05
2.3097e-05;0.52132;7.39858e-07;5.9171e-05;0.000737335;0.00266618;4.16469e-05;0.0196021;0.000116165;7.07844e-05;2.96255e-05;9.35624e-08;0.0118804;0.443453
9.74609e-10;6.54305e-09;1;9.00167e-09;4.03284e-08;2.88901e-10;6.21322e-09;4.38627e-11;9.29282e-10;1.01849e-09;4.1773e-10;3.70271e-08;6.62554e-11;3.33185e-09
6.01099e-06;0.000684983;0.967925;7.36729e-06;6.90095e-06;3.13688e-06;2.24955e-07;0.00157427;1.17984e-06;3.473e-07;4.43191e-06;0.029706;7.41078e-05;5.43613e-06
1.64994e-07;0.000543435;7.01578e-05;6.25197e-05;0.0369032;0.216439;4.47476e-08;9.18066e-07;4.97811e-07;2.46255e-06;3.42247e-05;3.2146e-05;1.81566e-05;0.745893
2.38433e-06;0.00921178;1.34934e-06;5.84616e-06;0.162168;0.00427738;1.99149e-08;0.119313;3.242e-06;3.97094e-07;4.93508e-05;0.659503;0.0451085;0.000354621
1.19585e-05;0.858088;2.94193e-06;7.98105e-06;1.82226e-05;2.66726e-05;7.70701e-08;0.0180754;1.01767e-06;3.26821e-08;2.48953e-05;0.00424066;0.119502;7.88878e-08
7.93237e-05;0.110647;2.80173e-06;1.25615e-05;0.000572449;1.34042e-05;8.53784e-08;0.576549;3.89767e-07;5.38457e-06;1.13826e-05;0.00270317;0.306012;0.00339168
5.21458e-07;0.0411906;3.32541e-08;1.13753e-06;4.26888e-05;7.05989e-05;8.78045e-06;2.97368e-06;1.49516e-09;0.000825441;9.50082e-08;1.6697e-08;3.37153e-05;0.957823
6.22198e-11;1.65703e-12;1;3.04604e-09;5.78536e-11;2.70701e-10;3.54105e-07;1.7053e-14;4.65421e-10;1.47334e-09;1.03921e-08;1.60783e-08;2.07182e-12;2.2872e-11
3.98639e-05;0.993121;3.10968e-06;1.92706e-06;1.65903e-06;2.18924e-07;0.00115526;0.00124985;0.000244632;1.21304e-06;0.000275447;3.22825e-05;0.00328104;0.000592267
3.88166e-07;0.964512;1.93604e-08;4.35544e-07;3.24464e-05;1.37846e-06;2.50495e-07;0.0308715;1.80272e-06;6.46203e-07;8.6427e-07;8.10531e-06;0.000252714;0.00431739
5.48309e-08;0.000428668;1.0542e-09;1.22962e-05;0.000416697;9.03653e-05;1.1318e-07;1.39012e-05;1.39879e-06;4.98556e-07;4.22502e-06;0.993451;0.00217514;0.00340552
3.44981e-07;6.05927e-05;1.40614e-13;1.6131e-09;3.18375e-08;5.78894e-08;5.65828e-10;2.75806e-06;1.98198e-08;1.37803e-10;9.52188e-09;2.83077e-06;0.999933;2.42632e-08
3.933e-05;0.00174485;2.5369e-05;1.4696e-05;2.80117e-05;5.08463e-05;7.86103e-08;0.00161033;3.57779e-05;7.33309e-07;1.34396e-05;0.986378;0.00417255;0.00588647
1.1858e-06;3.94924e-05;7.75437e-09;8.35812e-10;1.11055e-08;1.90889e-08;6.93989e-09;0.999942;7.67916e-08;1.57394e-09;1.83643e-08;6.15377e-08;1.72268e-05;1.44418e-08
4.64617e-08;1.18979e-05;1.36095e-07;1.0253e-05;0.00051418;8.20976e-05;2.91361e-09;5.08954e-07;1.15642e-06;5.31519e-08;3.27016e-06;0.994189;8.85587e-06;0.00517884
2.66972e-06;0.994161;1.25242e-09;2.36277e-07;1.50821e-08;7.92464e-09;6.79211e-07;0.00304318;3.1158e-07;8.34826e-09;3.81708e-06;1.0051e-07;0.00278677;1.06213e-06
4.54865e-07;9.76898e-05;6.15352e-06;4.40968e-07;7.55213e-06;3.43817e-09;3.87448e-08;1.67386e-06;4.01274e-06;1.42676e-07;3.3576e-06;0.999665;1.50223e-07;0.000213774
7.48423e-06;0.990501;5.89807e-06;3.83361e-06;0.000140236;4.02797e-05;1.53439e-07;8.24301e-08;1.93983e-08;4.76639e-07;1.40358e-07;9.87922e-05;0.00911064;9.08291e-05
7.23451e-05;0.000243557;2.53303e-08;4.68745e-07;0.000497281;4.17675e-06;6.01937e-06;0.00417357;1.35214e-06;7.31406e-07;2.4183e-06;0.0221341;0.966467;0.00639693
2.02295e-05;0.0979868;0.00221161;0.000650108;0.000978433;0.00149086;3.00277e-08;0.000538807;7.19536e-06;1.54519e-07;5.47089e-07;0.885799;0.00149206;0.00882446
4.09291e-05;0.978827;7.41498e-08;1.40123e-06;5.19622e-07;1.53914e-06;5.8596e-08;0.00687512;4.91907e-07;1.41967e-07;6.59761e-07;6.85842e-05;0.0139733;0.000210205
1.44131e-06;0.00469803;4.02572e-10;5.1422e-06;5.83913e-05;7.90919e-05;3.98374e-07;0.000232132;2.31587e-06;5.19655e-07;5.22653e-05;7.33336e-06;0.99485;1.28548e-05
1.03136e-05;0.0001712;8.07091e-09;1.05931e-06;1.69548e-05;8.49702e-06;2.67335e-09;7.3146e-07;1.60113e-06;4.25899e-08;2.02893e-06;0.998774;0.00100668;7.22343e-06
2.74601e-05;0.988851;0.00380554;8.09428e-06;4.47586e-06;2.64469e-07;3.16745e-07;1.4641e-05;9.48355e-09;1.02095e-06;1.37856e-07;0.000195094;0.00705836;3.31887e-05
5.5973e-05;0.956423;0.00186275;2.58089e-05;5.0464e-05;6.2054e-05;1.50059e-05;0.0334459;8.21324e-07;0.000142214;3.02629e-06;0.00262843;0.00509846;0.00018634
8.07623e-05;0.0515418;2.60301e-07;0.00203588;0.00315812;0.118645;0.000296041;0.000606961;0.00678844;0.000878043;0.460101;0.0168267;0.0315486;0.307493
0.00215197;0.968319;1.29122e-05;0.000334586;0.000210695;0.000240413;0.000156935;0.00914565;0.00165308;4.3172e-05;0.00157559;0.00676955;0.00608107;0.00330496
7.24974e-05;7.87381e-05;6.51055e-09;1.3111e-08;6.31348e-07;1.95294e-08;1.50041e-08;0.999752;9.38006e-05;6.29356e-09;2.33061e-07;1.78093e-07;1.11799e-06;4.33878e-07
9.20943e-07;0.000146725;1.12868e-07;7.90461e-07;0.000154704;6.07709e-06;3.5927e-11;9.81538e-05;5.05271e-07;6.74874e-10;1.71611e-07;0.997306;9.48529e-06;0.00227663
1.59217e-07;0.999731;1.9839e-10;1.19939e-09;4.7547e-08;1.74037e-10;4.4653e-06;1.17067e-05;7.85434e-10;5.27763e-07;3.59902e-09;9.45635e-12;1.76489e-05;0.000234389
5.51403e-12;2.53623e-12;1;3.12983e-10;1.27508e-08;3.68348e-09;2.77445e-11;3.21533e-13;6.5428e-13;4.50089e-11;5.16838e-12;5.90915e-08;3.65258e-13;2.13693e-08
1.62216e-06;0.999018;3.43684e-06;0.000141247;2.67092e-07;2.08706e-06;2.85589e-05;1.91324e-05;1.41018e-05;3.53007e-08;6.27744e-05;7.191e-06;0.000657823;4.35087e-05
3.76016e-06;0.958968;8.38223e-09;1.23958e-05;1.84363e-07;2.84446e-05;1.89653e-07;0.0384498;1.45963e-06;1.68509e-06;7.36978e-06;1.994e-06;0.000411374;0.00211321
2.3671e-06;0.00120661;9.93751e-10;1.22546e-05;2.36746e-05;5.99108e-05;5.88534e-07;0.00162784;3.41161e-06;1.21645e-06;0.000381459;3.09851e-06;0.996674;3.10567e-06
7.7692e-06;0.000143798;4.25682e-09;1.11251e-07;4.54436e-07;1.04007e-07;1.72518e-09;3.46099e-07;1.9995e-07;6.2222e-09;7.4417e-07;0.999747;9.87362e-05;3.489e-07
1.8818e-05;0.946499;0.000104952;1.50278e-06;3.16055e-06;3.84902e-08;2.33263e-07;2.03635e-05;7.67373e-09;5.66874e-07;8.31401e-08;7.11054e-05;0.0532764;3.8245e-06
5.96146e-05;0.970734;0.00116653;5.11614e-05;0.000248116;3.02453e-05;2.35924e-06;0.0148089;4.40749e-07;0.000554665;4.99077e-07;0.00764663;0.000505542;0.00419104
0.000100415;0.00576104;3.95487e-07;0.00118911;0.0146169;0.0344561;0.000788871;0.00122403;0.00184258;0.000627835;0.230133;0.00522073;0.00121901;0.70282
0.000233234;0.982383;3.23958e-06;6.40732e-05;5.92912e-05;6.74223e-06;3.1551e-06;0.000424777;2.43015e-05;1.87711e-06;0.000300913;0.0141292;0.00197481;0.000391168
2.28555e-05;0.963458;2.50589e-07;4.13774e-07;1.34815e-06;4.10018e-07;8.32273e-08;0.0362143;3.86872e-07;5.29931e-07;7.41931e-08;0.000206158;7.60993e-05;1.93441e-05
0.000100171;0.181756;1.02947e-05;1.79152e-05;0.000315196;1.03732e-05;5.29817e-07;0.00396668;6.54501e-06;1.13053e-06;5.72531e-05;0.126708;0.686089;0.00096127
1.08518e-05;0.78699;5.12828e-09;6.17872e-06;0.000166958;0.000396439;1.32617e-06;0.0545421;8.06015e-06;1.09946e-06;7.21998e-07;2.83445e-07;0.00374302;0.154133
1.40089e-11;1.03208e-09;1;2.28897e-10;6.15222e-10;4.68923e-11;3.46896e-10;1.378e-12;1.64468e-12;4.80631e-11;1.85302e-12;6.48057e-09;7.16164e-11;5.54373e-10
4.51688e-06;0.04486;0.83038;3.79258e-05;1.87955e-05;1.37479e-06;0.000137669;0.122271;7.75409e-06;8.42328e-06;0.000109501;0.00185548;0.000273335;3.43904e-05
7.78226e-06;0.00997047;0.204479;0.000892978;0.0394223;0.071437;1.64605e-05;0.00058602;4.17908e-05;0.00012404;0.00711309;0.045636;0.0477566;0.572517
0.000333497;0.897812;0.000588144;6.12871e-06;0.000243142;0.000135486;1.46194e-05;0.0401576;1.28474e-05;1.21379e-06;0.000764138;0.00382273;0.0523857;0.00372316
9.13083e-07;0.512254;4.76636e-07;1.75194e-05;6.06764e-05;0.000271387;7.34852e-08;0.00522164;7.06247e-06;1.47969e-07;0.000114606;9.39367e-05;0.48094;0.00101776
2.47607e-05;0.0584036;2.61207e-07;1.54585e-05;0.00034706;5.18564e-05;1.16414e-08;0.421815;1.74145e-06;8.41837e-06;4.20169e-06;0.00700396;0.509283;0.00304063
1.94826e-06;0.00237156;1.82109e-07;1.63677e-06;4.9505e-05;0.000234199;3.86768e-05;4.05002e-07;7.43054e-08;0.000866784;4.17769e-07;7.12949e-09;1.81418e-06;0.996433
5.66078e-11;6.18212e-13;1;2.42624e-10;2.43569e-11;3.08696e-11;8.89955e-08;2.00147e-14;3.23028e-09;1.72765e-10;3.52669e-09;9.21274e-10;4.08024e-13;4.17411e-13
0.00343334;0.765131;0.000221608;2.01318e-05;0.000101877;1.24705e-05;0.00550516;0.0749093;0.0413933;4.68454e-05;0.00334083;0.000889037;0.0805667;0.0244288
4.90552e-07;0.858229;1.07912e-08;8.03488e-08;0.000112212;3.0296e-07;1.91383e-08;0.140016;7.81481e-07;3.86463e-07;7.81145e-08;3.88163e-06;0.000362589;0.00127409
4.6769e-08;2.84094e-05;7.38778e-08;1.02875e-05;0.00208388;1.65657e-05;2.8165e-08;1.27327e-06;5.82065e-07;9.44982e-07;1.78737e-06;0.99734;0.000341338;0.000174958
1.09768e-05;9.99699e-05;9.89489e-12;4.53555e-08;5.86268e-07;1.75246e-07;7.27855e-08;8.11417e-05;4.88692e-06;3.97425e-09;5.95435e-06;1.83826e-06;0.999794;7.06424e-08
5.85124e-05;0.00111209;6.06866e-05;4.38214e-05;6.91645e-06;0.000105375;1.87135e-07;0.000387587;3.30048e-05;1.15218e-06;0.000115565;0.990103;0.00124431;0.00672796
1.3287e-06;0.000359635;4.92581e-07;2.12869e-08;5.30187e-05;4.24442e-06;2.5025e-10;0.999544;6.94717e-09;1.6613e-08;1.60738e-08;3.06339e-07;9.20197e-06;2.80534e-05
1.00838e-07;0.00210095;5.4425e-05;1.55204e-05;0.00011399;0.000293736;8.3948e-09;3.89033e-06;2.20909e-06;1.35224e-07;1.88175e-05;0.989343;7.84739e-05;0.00797444
4.23946e-08;0.999872;2.82827e-11;1.81305e-09;3.98182e-07;4.46482e-08;3.04432e-08;1.92266e-05;5.80214e-08;5.71091e-08;9.90155e-08;9.66561e-07;0.000106299;5.2347e-07
2.96065e-05;0.0169914;7.96041e-05;6.0403e-08;3.37411e-06;8.23205e-08;1.53161e-06;2.54931e-06;1.58493e-05;5.40992e-07;7.17394e-06;0.978722;0.00414629;5.25606e-08
0.000544809;0.00246489;1.23343e-08;1.0302e-06;0.000225608;8.27862e-06;3.89809e-05;0.067789;0.924155;4.47182e-07;0.000336938;1.04949e-05;0.00441917;5.41398e-06
0.000143266;0.996598;0.000866556;1.8398e-07;2.93579e-06;1.47923e-08;3.14205e-09;0.000327816;9.78783e-08;2.60982e-08;1.06126e-09;0.00201078;9.85429e-06;4.01969e-05
6.83446e-05;0.0140278;2.91718e-06;1.00121e-06;0.00595248;1.542e-06;1.52798e-08;0.969685;0.000169288;7.56313e-08;6.75343e-06;0.00784941;0.00219358;4.12005e-05
7.47781e-08;0.143476;5.7646e-05;2.27907e-06;9.23731e-05;5.14842e-07;1.45335e-08;6.45769e-08;2.35207e-10;1.87097e-05;2.10191e-09;4.73315e-07;8.37034e-08;0.856352
0.00645226;0.00884402;0.000386554;6.66987e-06;2.17667e-07;6.967e-08;0.625021;0.000270684;0.0990241;1.24706e-06;0.251077;0.00605717;0.00285908;3.55491e-08
1.34049e-06;0.0162059;5.68504e-11;1.3094e-08;1.84884e-08;2.67836e-07;7.5357e-08;2.43976e-06;2.76714e-07;4.53046e-09;4.6622e-08;4.47046e-06;0.983784;1.46449e-06
4.31924e-05;0.0525446;0.87766;1.18086e-05;0.000687027;1.03456e-06;3.23402e-08;0.0411173;3.45603e-07;4.38276e-06;1.40101e-08;0.0181399;0.00374876;0.00604209
2.03327e-05;0.20521;1.1774e-07;0.000161629;0.00329592;0.328477;1.87075e-05;6.88927e-05;0.000571977;8.33773e-05;6.40081e-05;5.4977e-07;0.191234;0.270793
0.000128955;0.00316371;0.830525;8.49003e-05;3.06207e-05;2.2703e-05;2.69463e-05;1.22098e-06;2.89761e-06;5.09315e-05;2.93233e-05;0.165521;0.00022904;0.000182285
1.45983e-05;0.993665;3.49932e-06;1.70319e-05;3.35134e-06;2.64308e-05;6.10006e-06;7.91686e-05;0.000171634;4.52863e-07;0.000365125;7.95161e-06;0.00124088;0.00439886
1.1421e-05;0.00112274;1.69169e-07;2.58091e-07;0.00118065;0.000277321;3.43496e-08;0.995697;0.000203379;5.35353e-07;3.61568e-06;1.9517e-06;0.00141454;8.62764e-05
2.05716e-05;0.995491;1.00395e-07;1.79366e-06;2.2176e-07;5.78443e-08;0.00154105;0.000261413;3.77146e-06;0.00103023;3.56643e-06;7.66242e-06;2.51553e-06;0.00163582
1.8796e-07;1.3364e-08;0.999855;4.48353e-07;1.48406e-07;4.35037e-08;0.000140479;8.64535e-11;1.98538e-06;3.59402e-07;7.24161e-07;1.99041e-07;3.06426e-08;1.58581e-09
2.71728e-07;0.734543;4.22537e-11;8.17486e-09;7.17981e-12;4.70752e-10;8.90662e-08;1.01125e-07;1.69739e-08;2.83346e-09;1.73819e-07;2.30498e-08;0.265456;2.91046e-10
2.56104e-05;0.00156726;0.51256;0.000113481;0.00011793;3.04887e-06;4.62492e-07;0.00344087;4.31162e-07;7.74859e-06;2.0439e-06;0.46794;6.99489e-06;0.0142139
1.92157e-05;0.199879;2.35339e-09;3.14061e-06;0.00210671;2.57693e-05;4.89054e-05;0.791994;1.56917e-05;5.91465e-06;8.78077e-05;6.29674e-06;0.00575906;4.85748e-05
1.71345e-05;0.0501981;0.744324;0.000478599;0.00443169;0.00209316;4.01059e-06;0.000784517;2.36397e-07;0.000143137;6.37188e-06;0.183477;0.00111965;0.0129224
3.10433e-05;0.953889;2.01933e-08;0.000116099;8.61475e-06;1.0046e-05;4.51325e-05;0.0241319;0.004568;4.77842e-07;0.0109074;0.00183898;0.00107799;0.00337505
1.17956e-05;0.997245;0.000106804;7.90298e-06;0.000142592;2.80036e-06;7.17338e-09;1.52841e-05;5.59062e-07;4.07157e-07;3.20114e-08;0.000360101;3.29877e-05;0.00207368
0.000965798;0.000100982;1.93663e-09;4.69209e-08;7.77237e-07;6.88362e-08;4.53642e-07;0.998041;0.000798782;5.96368e-08;2.22938e-06;1.10679e-07;8.98887e-05;1.20513e-07
2.16938e-06;8.79654e-05;9.66173e-07;6.91988e-06;0.000527283;0.000137983;3.33597e-10;3.18048e-05;4.22228e-06;2.04063e-08;1.31053e-06;0.987259;3.68401e-05;0.0119038
1.49902e-05;0.997163;6.49114e-10;4.68249e-08;9.19737e-08;1.23632e-09;0.00225426;0.000361952;5.60643e-07;1.57966e-05;1.85929e-06;2.74134e-12;0.000185479;2.10265e-06
1.19099e-09;1.52688e-10;1;4.83573e-09;4.99268e-08;6.09188e-09;4.4991e-08;6.33326e-13;1.14077e-10;2.6094e-09;5.67581e-11;2.60574e-07;9.80175e-12;5.42364e-09
1.41681e-05;0.911295;1.25739e-06;4.12664e-05;2.14086e-05;6.27352e-06;8.44072e-06;0.00214206;2.13429e-05;4.51879e-08;3.33683e-06;0.000478367;0.0859568;1.08371e-05
8.49236e-06;0.949998;1.15863e-06;0.00405835;0.000267544;0.000565866;0.000453613;0.0151436;0.0107695;0.000103855;0.00659987;0.00561467;0.00183672;0.00457881
5.29782e-06;0.00981751;9.55185e-06;0.00157619;0.000272476;0.00388838;7.59631e-06;9.89387e-05;1.36342e-05;3.86505e-05;7.73897e-05;0.00102623;0.982941;0.000227138
5.99549e-05;0.0104667;2.87418e-11;9.29862e-06;9.72935e-07;7.13585e-07;0.000249392;0.00763574;0.000782238;4.11426e-06;0.018112;2.68099e-05;0.962652;5.22975e-08
0.000170713;0.00593498;0.0266122;0.000287224;2.04608e-05;0.000201536;8.76535e-06;5.32631e-06;3.52522e-06;7.47416e-05;0.000228064;0.000487597;0.965944;2.04767e-05
0.000469745;0.875686;0.0956765;5.37462e-06;1.00223e-05;1.38209e-06;7.42259e-07;0.000187014;5.63219e-07;2.60741e-06;1.17766e-07;0.0275984;2.80906e-05;0.000333877
3.63177e-05;0.398289;5.17538e-07;0.000380052;0.00162657;0.00119499;0.000402959;0.475991;0.00135559;5.13171e-05;0.000424819;4.55401e-05;0.119833;0.000367426
7.66869e-06;0.0126371;5.19783e-06;0.000111538;0.000236621;0.00223076;5.21662e-07;0.00237172;2.88058e-05;2.75203e-06;6.02523e-05;0.479982;0.501349;0.000976338
0.00559758;0.936223;1.94808e-05;0.00231199;0.000942768;5.61805e-05;0.0104711;0.00136459;0.00126624;0.000100629;0.0139523;0.000731697;0.0258719;0.00109071
0.000235365;0.996709;2.46644e-06;7.73959e-06;4.7481e-06;6.65457e-06;0.00207335;0.000432608;2.40971e-06;7.29645e-05;3.15416e-07;4.03333e-07;0.00024597;0.000206178
3.50158e-11;1.05806e-11;0.999999;1.83561e-11;6.36662e-09;6.5795e-11;1.03032e-13;3.52577e-12;6.97248e-12;4.36888e-13;5.60464e-13;7.27713e-07;1.99189e-13;9.85026e-11
2.32599e-08;0.654036;1.27127e-08;3.45774e-09;1.7112e-08;1.5036e-08;7.22676e-09;4.70904e-08;4.01641e-09;1.05607e-07;6.54796e-10;2.41744e-06;1.59918e-06;0.345959
0.000129733;0.0431283;0.00462138;2.69557e-05;0.00410339;0.0212335;0.709327;0.00124775;0.0336483;0.000294905;0.121517;4.20787e-06;0.0604784;0.000239427
1.04833e-05;0.970342;7.39863e-06;1.86394e-06;1.2713e-06;1.29289e-05;1.03228e-06;9.56089e-07;6.1122e-07;8.37153e-07;6.1838e-06;0.0265835;0.00302745;2.75369e-06
0.000849491;0.125988;0.0762267;0.000382913;0.0373856;0.00145943;0.000275945;0.601993;0.000110343;0.000269124;2.16775e-05;0.133724;0.0148665;0.00644682
4.51014e-10;1.13441e-08;1;1.43942e-09;1.47861e-09;1.68109e-08;1.49428e-10;2.15799e-11;6.82342e-12;5.00271e-11;2.99834e-11;7.15573e-09;5.0673e-09;2.0496e-11
0.00013412;0.0290477;0.00304222;6.70979e-06;9.41561e-05;1.02876e-05;4.92754e-08;0.187623;2.51784e-06;6.93768e-07;1.13357e-05;0.361228;0.418339;0.000459174
8.01417e-07;0.692827;5.17786e-06;7.13293e-05;0.00914801;0.00102288;4.9571e-08;0.089277;6.05422e-06;2.02521e-06;0.000220686;0.0261483;0.103853;0.0774176
5.89696e-10;0.999434;2.35117e-13;2.54047e-09;1.4448e-10;1.12957e-10;5.20644e-07;1.81605e-10;2.85411e-12;1.37184e-06;5.84968e-10;3.06985e-08;2.01824e-08;0.000563544
1.30561e-05;0.00980584;7.78095e-08;1.56584e-05;3.25646e-07;1.70423e-07;0.376182;0.000143068;0.0161276;7.04072e-07;0.594135;6.02012e-06;0.00356978;1.7079e-09
6.07393e-06;0.999822;2.81144e-06;5.63734e-07;1.65222e-06;2.2126e-08;5.37281e-09;0.000130306;1.71421e-08;3.01687e-08;7.18915e-09;2.19083e-06;2.72969e-05;7.52655e-06
4.38575e-06;0.994798;5.08828e-09;2.45647e-07;4.02432e-07;3.90745e-06;1.13056e-09;0.000739746;2.95738e-08;2.70868e-07;1.15997e-08;0.00383758;0.000210194;0.000404835
1.1964e-05;0.00207023;5.80544e-09;3.08012e-06;8.34672e-06;2.8768e-05;1.56594e-07;0.00328432;2.65921e-05;3.07427e-07;0.00060035;0.0108415;0.983111;1.35588e-05
4.10605e-06;0.980178;8.73811e-11;1.02125e-07;1.16781e-08;8.34552e-08;2.0424e-06;9.17873e-07;1.67833e-07;5.81968e-08;8.70914e-07;0.00101654;0.018791;6.34501e-06
3.21973e-05;0.107776;5.72278e-06;0.000112769;0.00155996;0.0022071;3.54488e-05;0.0459154;0.000722301;2.5213e-05;0.00153071;0.751536;0.0675014;0.0210392
3.10261e-05;0.987932;8.59592e-08;2.81471e-05;2.92541e-08;9.7253e-06;0.000448054;3.58357e-05;0.000201763;3.29899e-06;0.00534226;0.00560671;0.000356993;3.96186e-06
0.000216633;0.621546;0.00130036;0.00086398;3.54657e-05;0.00165348;0.00018264;4.24187e-05;0.000403185;1.17352e-05;0.0092429;0.306853;0.0564318;0.00121721
6.92519e-05;0.295058;3.30326e-08;1.04428e-07;1.4109e-08;5.31948e-07;3.13423e-07;0.000125547;1.46946e-07;6.19245e-08;2.32378e-06;5.19969e-05;0.704692;2.32988e-07
5.19631e-07;0.00508779;3.55323e-08;9.63482e-08;2.58661e-05;1.48516e-06;2.31543e-08;0.000486475;2.09345e-06;9.23115e-08;1.75533e-06;0.98916;0.00013743;0.00509581
2.26189e-05;0.977793;9.64339e-09;4.41245e-06;7.68004e-06;1.786e-05;2.79895e-05;0.00318474;6.34936e-05;9.10636e-07;0.00023392;0.0125674;0.00605122;2.4299e-05
0.000189704;0.902659;3.19124e-06;2.35755e-05;6.11252e-06;4.11262e-06;8.14323e-06;0.000184556;9.67045e-06;3.25495e-06;5.20058e-05;0.0072071;0.0895723;7.73074e-05
9.81941e-05;0.101369;2.63361e-05;4.19388e-05;4.8823e-05;0.000164667;2.39976e-07;0.633551;1.20476e-05;3.16797e-06;1.47525e-05;0.136649;0.127859;0.000161726
9.51403e-07;0.00577772;1.67139e-09;7.09278e-07;1.36158e-06;5.54334e-07;5.41901e-06;2.07711e-05;8.76032e-07;1.36634e-06;5.14925e-06;8.92955e-08;0.994184;1.41672e-06
0.0205949;0.0201998;9.19682e-06;0.125342;0.060255;0.53397;4.3712e-05;0.00698361;0.0152317;0.00534237;0.00222668;0.00253823;0.146268;0.0609957
0.00722421;0.977226;0.0152628;1.36032e-05;2.54182e-07;3.83433e-08;1.78513e-05;2.89941e-05;4.71798e-06;4.834e-05;2.02262e-06;0.000138719;2.36005e-05;8.48988e-06
1.27991e-08;8.96019e-10;0.999999;7.69399e-11;1.85959e-10;1.00771e-10;9.8845e-08;1.02478e-13;2.5706e-09;9.94347e-10;7.30453e-11;5.72135e-07;2.79316e-11;1.00496e-11
0.000361873;0.116447;4.18757e-05;8.74337e-07;3.76387e-06;1.58189e-06;0.00078205;0.833318;0.0253258;4.90362e-05;0.000186603;0.00017115;0.0232895;2.1481e-05
0.000393959;0.0140253;5.40493e-06;0.00594083;0.00020785;0.0139666;0.000215417;0.000711913;0.886892;0.000524789;0.034561;0.00282377;0.0268408;0.0128905
0.000211671;0.00238865;1.68325e-09;4.27248e-09;1.92092e-07;1.15109e-09;2.27743e-09;0.997389;1.62544e-07;1.84498e-09;2.24004e-09;1.40616e-06;4.12686e-06;4.64573e-06
1.34914e-07;0.0133177;9.7585e-07;2.46535e-07;1.36781e-05;4.99542e-06;8.4066e-10;2.62563e-05;3.8782e-08;1.55836e-08;5.66246e-09;0.966853;1.65504e-06;0.0197815
7.67207e-07;0.00688779;6.2984e-10;7.61127e-09;2.19137e-08;3.53512e-08;4.65817e-09;0.00107971;3.05643e-07;1.27412e-09;1.80245e-07;5.79891e-06;0.992025;1.32724e-07
3.32173e-05;0.827874;1.65667e-06;4.298e-08;9.45068e-08;1.47875e-07;0.000143922;8.21331e-07;4.39304e-08;0.000252148;5.9161e-09;3.42174e-05;0.000147915;0.171511
3.04369e-10;1.25315e-08;1;6.6293e-10;8.31442e-09;2.35323e-08;1.94705e-07;9.12539e-10;5.17311e-10;2.69991e-08;4.74388e-11;6.78645e-11;2.60649e-10;1.1924e-10
6.30902e-12;2.24134e-11;1;5.42111e-11;7.62972e-12;1.03863e-11;1.3304e-10;1.05039e-12;8.5556e-11;5.0205e-12;2.0423e-10;2.63211e-08;2.19617e-12;1.05164e-11
2.03958e-09;1.05e-07;0.998541;1.89698e-08;9.98841e-08;1.5909e-07;1.00174e-10;1.26776e-07;1.27247e-09;6.1438e-09;2.06206e-09;0.00145039;4.61358e-08;7.94078e-06
2.00167e-07;0.000508707;0.00472237;9.35348e-06;0.0678838;0.694132;1.60014e-07;0.000737622;4.21038e-08;2.20042e-06;8.32263e-06;5.37216e-05;0.00269098;0.22925
2.47937e-07;0.0181536;0.000175133;2.2565e-07;6.56831e-05;0.000586829;2.02018e-07;0.00506599;2.93765e-08;2.16673e-07;1.95666e-06;0.622331;0.353291;0.000328191
2.89174e-07;0.491171;1.46211e-05;2.22483e-05;2.63781e-05;0.000814716;2.20486e-06;0.00321413;8.63281e-06;3.15837e-07;0.000148658;2.41744e-05;0.504314;0.000239087
1.5339e-06;0.993375;1.12632e-07;1.64098e-06;1.73779e-05;4.76827e-05;5.70809e-08;0.000468351;3.34439e-07;1.67935e-07;3.90363e-07;1.41119e-05;0.00595884;0.000114957
1.90991e-05;0.0059736;1.70418e-06;2.73186e-07;2.22572e-06;2.08985e-07;1.33631e-08;0.993636;3.06478e-07;8.62739e-08;7.82596e-08;2.40604e-05;0.000341924;6.21373e-07
3.664e-09;3.24126e-05;9.09636e-09;1.59359e-06;2.33805e-05;4.40775e-06;2.28017e-12;6.25165e-07;1.02149e-09;4.83653e-10;1.42788e-08;0.998137;5.77131e-06;0.00179483
1.97225e-07;0.999936;3.72631e-12;7.43966e-10;6.92525e-10;5.83172e-11;1.05602e-05;3.2884e-06;5.91543e-10;4.84808e-08;1.28224e-08;1.25682e-11;4.67245e-05;2.88087e-06
6.53315e-10;1.7928e-09;0.999995;3.24968e-09;2.67276e-07;3.7749e-08;7.23336e-09;8.14014e-12;5.22945e-12;7.25466e-09;2.0254e-11;1.55956e-06;8.01624e-10;2.93862e-06
4.73501e-07;0.00535979;6.38897e-09;6.3761e-06;1.28275e-06;0.000358741;7.06441e-06;0.00011681;9.96877e-06;9.33639e-08;1.08811e-05;3.13656e-08;0.994126;2.04539e-06
1.75743e-08;1.45085e-05;0.999913;2.44503e-07;3.23429e-09;7.61246e-09;1.3221e-06;3.56512e-10;2.10626e-09;1.88038e-06;1.09258e-08;6.83364e-05;6.40272e-09;9.83588e-07
1.36362e-08;1.0995e-08;0.999983;1.54482e-07;1.56291e-07;4.78176e-07;1.47482e-05;5.37791e-11;6.68819e-07;7.66095e-08;4.35289e-07;1.62265e-07;6.78096e-10;3.08236e-07
7.1364e-07;0.985287;2.28222e-09;8.08134e-09;4.52277e-10;4.59787e-08;5.84587e-07;2.09981e-06;2.83185e-09;3.56145e-09;5.74174e-08;8.83032e-05;0.0146207;2.47774e-09
1.97332e-05;0.0664119;5.39766e-08;4.69717e-05;0.000684336;0.000264984;7.22969e-05;0.0947664;5.32479e-06;6.56755e-05;9.91901e-05;0.620961;0.214985;0.00161668
1.99047e-06;0.883437;1.8562e-05;1.97974e-05;6.24546e-06;3.55381e-06;3.89244e-07;0.0228574;1.63521e-08;1.75422e-06;1.32342e-06;0.0243665;0.0690145;0.00027119
3.38509e-06;0.710041;3.73341e-08;0.00172221;3.48192e-06;1.07081e-05;0.00326827;0.00025033;0.000397956;3.23683e-05;0.0113466;0.000549081;0.271823;0.000551472
0.000202468;0.0605529;1.75231e-07;1.03627e-06;6.26174e-06;6.60475e-08;1.10184e-06;0.938953;1.38419e-07;2.40406e-06;1.57419e-07;1.26887e-07;0.000189522;9.01844e-05
6.86648e-08;4.18388e-05;1.59656e-06;1.94312e-06;4.31682e-05;1.24856e-05;1.73284e-08;1.58833e-06;2.86949e-07;5.9784e-08;1.80508e-06;0.99972;2.85813e-06;0.000172775
3.01217e-06;0.992002;1.30501e-07;1.05493e-07;5.28162e-07;1.64439e-07;5.61262e-08;0.000203315;1.45894e-06;7.90802e-09;9.75463e-08;2.75618e-06;0.00778608;4.22548e-07
1.44474e-05;0.000296329;1.68254e-08;7.66599e-06;0.00247768;0.000117285;3.86159e-09;0.993427;3.31988e-05;6.78728e-07;4.95496e-06;0.000129573;4.90847e-05;0.00344193
0.00023393;0.995445;2.60462e-09;2.81912e-07;4.12334e-08;6.24319e-09;2.94136e-07;0.00366188;8.93873e-05;3.56563e-08;5.50857e-06;4.31863e-05;0.000520444;4.75122e-08
4.57815e-05;0.943914;6.0801e-07;9.21564e-07;0.000439215;4.85393e-05;1.79722e-08;0.0512825;3.25443e-07;7.03552e-07;1.82484e-08;0.000225447;0.00261869;0.00142308
1.5936e-05;0.00873336;2.1833e-06;4.20426e-05;8.7665e-05;2.56293e-05;1.92807e-06;0.102685;0.00013287;1.4127e-06;0.00182886;0.000125319;0.885897;0.000421121
7.48811e-06;0.000535781;4.59312e-05;8.04396e-07;1.55434e-06;1.46182e-07;8.28889e-08;1.15974e-05;8.12662e-07;1.2384e-07;5.48399e-06;0.998432;0.000945225;1.28135e-05
6.9466e-07;0.00125249;1.67171e-05;1.87065e-07;1.22785e-05;1.41082e-05;5.51271e-09;0.000450083;2.66803e-07;1.51785e-08;4.79216e-07;0.00243239;0.99582;4.49927e-07
2.80817e-06;0.923015;3.05378e-08;0.00109299;0.00108425;0.0011389;9.6805e-08;0.0388936;5.82318e-05;0.000105714;0.000201882;0.00279647;0.000813256;0.0307967
2.81558e-06;0.996976;7.47461e-08;2.39824e-07;7.64877e-10;9.41412e-10;0.00293976;1.90313e-09;7.88741e-10;3.30756e-05;4.47171e-06;3.67338e-08;2.65696e-08;4.36813e-05
9.74446e-11;9.94847e-13;0.999999;6.49223e-12;9.51613e-11;3.03265e-12;2.54927e-09;4.13777e-13;4.7304e-12;9.69433e-12;2.90645e-11;6.47682e-07;1.1767e-11;1.12336e-12
9.06428e-06;0.166072;1.264e-05;4.75519e-05;7.39322e-08;2.11599e-06;0.000973401;0.000455577;0.00245593;1.46771e-06;0.00419891;3.17708e-05;0.82574;4.30374e-08
2.43936e-07;0.00535671;2.81777e-10;5.71359e-08;0.000356808;9.09585e-09;7.3988e-10;0.994251;1.50038e-08;6.50176e-08;1.0809e-08;1.27984e-06;3.23605e-05;1.53273e-06
1.66108e-06;0.00253016;0.994868;1.97506e-05;0.00164362;9.22655e-05;1.27304e-05;6.67509e-06;3.90986e-09;0.000271685;2.67725e-07;2.70241e-07;0.000178267;0.000375069
1.22292e-08;2.12315e-09;0.999998;5.22083e-09;1.2935e-08;9.70219e-10;9.43999e-07;3.17747e-09;3.52434e-09;3.20784e-09;4.10112e-08;1.22348e-06;2.09024e-10;2.00413e-09
3.79395e-05;0.000279644;0.678805;7.68128e-06;1.35374e-05;1.59408e-05;2.06309e-05;0.00212995;6.7574e-05;8.60339e-07;7.59446e-05;0.31807;0.00044824;2.70508e-05
0.000129772;0.038928;0.000150492;1.83723e-05;0.0505027;0.444485;3.66007e-05;0.00310289;0.000135225;2.10965e-05;1.59187e-05;0.00205325;0.18005;0.28037
5.67951e-05;0.00444894;0.000157254;2.57846e-06;0.000651318;0.00159571;1.52821e-06;0.00195447;6.79228e-05;8.76529e-07;3.73744e-06;0.000669224;0.990135;0.000255003
7.57053e-06;0.142178;2.12049e-06;1.95641e-07;5.16688e-07;1.74644e-05;3.14982e-10;0.0142864;3.43121e-06;7.04826e-09;1.7335e-08;3.70851e-05;0.843462;4.72716e-06
6.13329e-07;0.00236993;5.5161e-08;1.03835e-08;5.07288e-05;1.85834e-06;1.11086e-12;0.99541;6.64899e-10;1.67676e-08;2.49498e-12;8.92444e-09;4.50953e-06;0.0021624
1.24431e-07;0.0132108;0.000212139;4.50672e-05;2.21857e-05;0.000579795;5.01501e-10;3.5315e-06;2.6962e-07;2.84483e-07;3.03988e-06;0.981686;0.00206317;0.00217311
1.80137e-07;0.998189;4.09998e-10;1.369e-08;5.29847e-06;2.17083e-07;3.28593e-08;7.01816e-05;1.23907e-07;4.57725e-07;3.91244e-07;0.00151737;0.000198736;1.80783e-05
