2.51556e-06;0.99969;8.83165e-06;4.43578e-06;1.11631e-06;1.53234e-07;1.15841e-08;1.70772e-05;1.0337e-07;5.47824e-08;1.35102e-07;0.000174816;0.000100005;1.28838e-06
9.19126e-06;2.29109e-05;1.20806e-10;5.57086e-09;7.80695e-07;1.73791e-08;1.19611e-08;0.999964;2.4284e-06;1.91874e-08;3.37499e-08;6.79617e-09;2.85489e-07;2.66995e-07
3.79094e-05;0.978571;1.45998e-06;3.4015e-06;1.46356e-05;3.68606e-07;0.00371831;0.011766;0.000178195;4.98947e-05;5.38296e-06;0.00560624;9.99066e-06;3.74295e-05
1.67947e-10;1.6279e-09;1;2.32955e-10;3.55294e-11;6.52886e-12;1.07127e-08;1.63162e-12;4.29601e-10;1.81265e-11;2.18407e-10;5.74615e-09;2.10588e-12;9.23796e-12
0.00012313;0.654572;0.000223329;1.25462e-06;3.67351e-05;5.15915e-07;4.54648e-06;0.0374331;3.23471e-05;2.00591e-07;0.000231592;0.00119206;0.306106;4.27503e-05
3.71234e-07;0.131427;8.7366e-05;1.21112e-05;0.0116622;0.0212567;4.1072e-06;0.110747;2.41007e-06;9.6152e-05;1.70058e-05;2.4924e-06;0.00552805;0.719157
4.94699e-12;2.02477e-10;1;1.71862e-10;2.26165e-10;2.36061e-11;3.42714e-11;7.72554e-13;1.22326e-12;1.02536e-10;5.9481e-11;4.89109e-10;2.22674e-13;2.61546e-10
0.000107938;0.0106113;1.91198e-05;0.000567832;0.000176733;0.000473497;3.47752e-06;0.00589113;0.00444761;5.06447e-06;0.147495;0.810078;0.0200335;9.01406e-05
1.24638e-06;2.67585e-07;1.30614e-09;4.69655e-10;5.08021e-09;4.48352e-09;6.73904e-10;0.999995;8.72609e-08;1.83396e-10;8.36029e-08;9.36213e-11;2.92124e-06;2.06767e-09
7.8734e-06;0.00051485;0.021822;4.12097e-06;0.0228687;0.000262427;4.0975e-11;0.00722908;2.20306e-07;1.42939e-08;1.60506e-07;0.935713;9.65529e-06;0.0115674
4.96952e-09;0.999944;7.89541e-12;3.11563e-11;2.36366e-09;7.48975e-11;1.31647e-07;2.0876e-07;1.32816e-11;4.37124e-09;6.90495e-12;3.95174e-13;1.17411e-06;5.43946e-05
3.9531e-13;2.64765e-14;1;5.09003e-12;4.70873e-10;1.8597e-10;2.99888e-12;1.7015e-14;1.03294e-13;2.59081e-12;8.03005e-14;1.99243e-08;2.59871e-13;1.8641e-09
3.58814e-07;0.938176;9.39716e-09;1.21495e-05;2.32201e-06;3.31083e-05;9.91608e-05;0.000831765;8.19277e-06;1.1798e-06;8.7134e-06;4.49927e-10;0.0608231;4.34005e-06
2.74351e-10;1.89926e-08;1;2.96469e-09;4.12416e-10;5.80176e-11;2.14466e-08;7.57738e-11;7.40768e-11;1.13747e-09;2.60784e-10;5.86846e-08;1.1365e-10;7.0742e-10
1.92718e-06;0.00625074;0.708634;3.52629e-05;2.57886e-05;1.75731e-05;9.13548e-07;0.000397858;1.60352e-06;7.38886e-07;4.78673e-06;0.284517;4.74866e-05;6.49571e-05
6.05976e-05;0.188223;0.000149251;2.99599e-05;0.0328453;0.326804;5.85632e-05;0.00179475;1.44048e-05;9.54932e-05;4.90384e-05;0.000368964;0.0131274;0.436379
6.06218e-07;0.00133434;2.04215e-06;6.34183e-05;0.00323164;0.803857;6.76738e-09;0.00218282;7.80031e-08;1.66078e-07;2.96808e-06;0.00369894;0.1844;0.00122671
7.33072e-06;0.122151;0.000824493;1.19497e-05;3.03996e-05;0.00143253;2.80634e-08;6.84292e-05;2.5387e-08;2.68374e-08;3.09943e-06;0.0683788;0.807089;2.25976e-06
2.27958e-09;0.999999;1.85223e-14;1.23075e-12;1.40759e-11;1.14044e-12;8.29728e-08;3.32458e-09;2.66715e-14;2.95647e-09;3.2722e-13;1.39988e-11;6.71571e-07;2.40502e-08
6.42773e-14;1.70814e-12;0.999998;2.32094e-11;1.49893e-08;4.60252e-10;2.04303e-13;1.22903e-14;1.55786e-15;1.58953e-11;2.3105e-15;2.06703e-06;7.22194e-14;9.30495e-09
1.53025e-06;0.452726;1.74348e-07;1.44556e-05;1.36022e-05;3.5465e-05;0.00184116;0.534561;1.10206e-05;1.95219e-05;1.97482e-05;8.27151e-09;0.0107478;9.50109e-06
3.89557e-09;7.83428e-08;1;6.15374e-08;2.42241e-08;3.91548e-10;2.78054e-07;1.05015e-09;5.54121e-09;9.40908e-09;2.08808e-08;2.18214e-09;9.99863e-10;1.32386e-08
6.43449e-06;0.0183861;0.00386789;5.04487e-05;4.00524e-05;7.65479e-06;2.97937e-06;0.00239119;1.96682e-05;3.2028e-06;3.6228e-05;0.975056;4.51973e-05;8.66852e-05
6.78607e-05;0.358345;6.56698e-06;1.43299e-05;0.00787639;0.0111954;4.11843e-06;0.591819;1.48361e-05;4.65584e-07;0.000219179;0.000144061;0.0260058;0.00428721
2.72902e-07;0.0186903;3.91222e-07;1.26827e-05;0.00124818;0.0185081;4.87911e-09;4.63757e-05;5.60514e-07;3.62789e-07;3.01038e-07;7.58179e-05;0.000297904;0.961119
1.43561e-06;0.0357446;4.91786e-07;7.10142e-08;0.000945256;0.000126918;3.92122e-09;0.951837;1.47517e-08;5.04576e-08;1.15067e-09;0.000255062;0.0110625;2.67253e-05
2.10239e-06;0.00483236;6.30841e-09;8.18876e-06;0.00221676;0.000154062;2.74094e-09;0.920355;5.44841e-07;5.20582e-07;4.77322e-07;0.000706646;0.0716659;5.74969e-05
1.75994e-06;0.995833;3.54371e-10;5.60418e-07;4.2422e-08;4.62435e-09;1.29406e-06;3.03852e-07;5.6359e-08;1.0508e-07;2.62063e-07;3.00414e-05;0.00413237;3.97921e-08
0.00123898;0.0191547;0.00554106;0.00524787;0.0182893;0.00592876;1.03819e-05;0.074239;2.70028e-05;0.000100975;3.15297e-05;0.840602;0.00104846;0.0285396
0.000111352;0.947668;6.48372e-08;8.14049e-06;3.32427e-07;2.3977e-05;0.0499252;0.000143135;4.14024e-06;0.00109618;3.47183e-06;4.66649e-08;0.000912138;0.000104219
2.47677e-09;9.41529e-12;0.999793;4.88613e-08;3.89182e-09;1.43019e-07;2.29282e-09;3.39149e-12;9.13569e-10;3.86172e-09;2.53989e-09;0.000206553;6.54708e-11;9.39765e-10
0.000186444;0.923856;3.90915e-08;1.52368e-06;3.97838e-07;4.48964e-07;5.13126e-05;0.0555154;5.46476e-06;7.3551e-07;2.35828e-05;1.08319e-05;0.020348;8.66608e-08
1.01336e-07;0.164561;9.57896e-08;4.22754e-07;3.4027e-09;1.86786e-08;0.806944;2.3307e-09;2.59115e-07;0.0283494;5.46808e-07;3.57873e-08;1.61279e-07;0.000144474
5.32103e-10;8.91293e-10;0.99999;6.7139e-08;1.17997e-08;2.89732e-09;9.05339e-06;1.48127e-13;5.42988e-08;2.36862e-07;7.50814e-09;2.45061e-07;1.13583e-10;2.18762e-09
1.94342e-06;0.999683;2.89669e-09;5.21684e-07;5.56787e-10;1.76789e-09;0.000133445;1.63217e-07;1.72889e-05;1.59629e-07;2.42149e-05;2.04441e-07;0.000138918;9.49957e-09
2.83899e-06;0.00535329;0.00102084;2.89485e-05;7.22292e-06;8.02199e-06;3.85107e-08;1.8725e-05;6.55393e-07;4.07102e-07;1.64231e-06;0.992809;7.00559e-06;0.000741362
7.67414e-08;0.999756;1.40816e-10;8.9808e-09;1.12958e-08;6.07469e-08;2.13997e-05;0.000133878;2.12384e-09;1.43797e-06;2.71863e-09;1.36462e-11;8.2376e-05;4.35496e-06
3.60687e-12;1.08809e-12;0.999999;2.01459e-10;9.19943e-08;2.11809e-09;3.70266e-12;5.33053e-11;1.83645e-13;4.28603e-11;1.27538e-12;5.88899e-07;1.76339e-13;4.93796e-09
6.5857e-06;0.0151897;7.38391e-07;5.38543e-06;3.28344e-05;3.45357e-05;4.39169e-06;0.982491;6.92358e-06;1.51923e-07;2.17562e-05;9.86418e-06;0.00219361;2.74647e-06
1.39485e-06;0.163509;5.51212e-07;9.60727e-08;4.85503e-10;7.83782e-09;0.8354;7.99443e-08;1.80987e-07;0.000802404;4.80789e-06;6.96219e-10;1.59997e-06;0.000280062
6.08719e-10;1.40247e-09;0.999993;3.23594e-08;1.74709e-08;1.56826e-08;2.64171e-06;5.30721e-12;8.23295e-08;2.23597e-08;8.5789e-08;4.40363e-06;6.4154e-10;7.18084e-11
9.16892e-06;0.998555;7.74007e-07;2.91718e-06;1.11258e-06;3.4746e-07;5.83855e-05;7.09477e-05;0.000180222;3.81642e-07;0.000261642;2.09609e-05;0.000836986;1.30792e-06
8.36623e-06;0.991444;3.55178e-09;1.57326e-06;2.17227e-07;2.99364e-07;1.38413e-07;0.0040293;6.40379e-06;1.36873e-06;5.0033e-06;0.00018187;0.00244607;0.00187539
1.85865e-06;0.101954;2.16937e-06;3.15099e-07;6.79061e-08;3.59355e-07;0.0395857;1.27484e-08;5.71795e-08;0.00616137;3.27945e-06;1.23938e-05;8.37058e-06;0.85227
3.47403e-09;2.18168e-08;0.999999;4.02765e-09;1.46167e-08;3.22849e-08;8.62636e-07;2.26973e-11;3.04168e-09;7.95111e-09;1.08572e-08;4.47588e-07;2.2485e-09;1.01861e-09
9.43024e-08;0.999945;6.24045e-09;1.23538e-08;2.35523e-08;2.56016e-08;2.10561e-06;4.5003e-06;9.07956e-08;3.15928e-08;4.30283e-08;2.56319e-06;4.44054e-05;1.6337e-06
1.42871e-06;0.969832;3.27236e-07;4.87365e-05;0.00287884;0.00149053;2.38854e-08;0.00396286;1.01124e-06;5.81627e-06;1.1645e-07;0.000533463;0.00280898;0.0184361
0.0003303;0.133813;5.42358e-07;0.000114572;4.4991e-05;0.00711773;1.58644e-05;0.00154255;6.70798e-05;1.3902e-05;0.000194502;0.679219;0.152519;0.0250075
9.45552e-08;0.999256;3.20365e-09;1.98551e-08;1.59871e-09;1.59343e-08;0.000727798;5.99846e-06;1.1401e-07;9.5368e-07;7.86904e-08;8.81908e-11;6.7408e-06;2.55169e-06
6.95737e-11;4.61694e-10;1;6.79902e-11;4.57062e-10;4.49949e-10;6.04412e-10;1.02565e-12;2.98461e-10;6.61007e-11;1.3221e-11;6.71713e-08;6.24291e-11;1.46706e-09
4.45073e-07;0.999296;2.10478e-07;1.49913e-09;2.25238e-09;1.74532e-10;1.84821e-08;0.000580712;3.66068e-08;1.15447e-09;7.64639e-08;0.00011389;8.89011e-06;2.1557e-09
1.1733e-08;0.000356706;3.44661e-08;2.4104e-06;1.25987e-05;5.37774e-05;2.58522e-09;0.00057887;1.09712e-07;1.37607e-07;3.0681e-07;0.995698;0.00141137;0.00188535
1.64543e-07;0.00399037;6.46207e-11;1.48479e-07;8.25905e-07;1.52209e-07;1.08111e-08;2.95001e-05;1.50377e-07;2.8611e-09;1.03965e-05;1.18332e-05;0.995956;2.82995e-08
1.74449e-05;0.209819;6.36476e-07;4.36608e-07;1.40194e-05;2.46012e-06;5.12933e-07;0.00501272;1.59189e-06;1.5761e-07;8.7968e-07;0.00233818;0.782755;3.74446e-05
1.7612e-06;0.0438596;2.96783e-06;0.00250972;0.0263201;0.448928;3.84138e-07;0.0935781;3.16783e-06;0.000539269;4.81386e-06;0.0186914;0.0651635;0.300397
0.00164308;0.0160548;7.40674e-06;0.0825355;0.000961215;0.00867676;0.00120538;0.0591401;0.00207874;0.000669303;0.312771;0.00353367;0.504802;0.00592153
0.0013112;0.0491732;0.00173537;1.63096e-06;9.75103e-07;6.8977e-08;6.85214e-06;0.070719;1.7914e-06;2.42964e-06;5.65717e-06;0.827528;0.0495134;1.15131e-07
1.9455e-06;0.919739;6.39763e-07;0.00011517;5.72972e-05;0.00171477;2.03728e-07;0.00986903;2.44069e-05;1.83721e-05;7.65847e-05;0.00682243;0.0600687;0.00149181
0.000165786;0.673899;2.91272e-06;0.0223757;0.0376955;0.0102546;0.00169983;0.000444417;0.00019517;0.0328772;0.00479824;0.108648;0.00027201;0.106672
0.00457865;0.993977;3.97292e-08;5.1814e-07;1.01421e-08;1.27119e-08;0.00045458;6.67247e-06;1.61056e-06;5.12675e-07;1.46099e-05;0.000151127;0.000815062;2.60734e-08
1.3774e-06;3.54996e-05;1.82317e-08;6.36068e-06;0.000170295;1.06178e-05;3.44147e-07;4.19915e-05;0.000301609;1.13909e-08;7.25596e-05;0.999249;4.08711e-06;0.000106807
1.05675e-05;0.992289;1.46928e-09;1.40822e-06;2.22005e-06;2.79071e-06;5.76332e-08;0.00605099;3.77634e-06;1.576e-08;2.13325e-06;2.99614e-07;0.00163549;1.34804e-06
4.10847e-05;0.0181373;1.75543e-05;4.32723e-06;0.00015022;3.40871e-07;7.95685e-08;8.90473e-05;0.000102659;4.08889e-06;4.40437e-06;0.96134;0.000136845;0.0199721
8.22829e-06;0.996367;0.000435167;2.18959e-06;4.93728e-05;1.38669e-05;2.40065e-08;4.3604e-08;2.7653e-08;9.37605e-07;4.34469e-08;6.76326e-05;0.0030394;1.64507e-05
8.75011e-05;0.00426116;6.58303e-06;3.7206e-06;0.00109659;0.00205191;2.4864e-07;0.00426877;5.43837e-05;3.13217e-06;5.10101e-06;0.963778;0.0134166;0.0109662
1.09515e-05;0.836005;3.21689e-08;6.32891e-07;3.65414e-05;0.000291543;4.30945e-09;0.0987233;2.06165e-07;8.49682e-08;4.06906e-08;0.0272846;0.0375246;0.000122528
1.46784e-05;0.551975;1.02821e-05;5.79662e-05;0.000127326;7.49784e-05;0.00060923;0.00163239;4.0705e-06;0.00709169;1.98137e-07;0.000441333;0.000578032;0.437383
1.65967e-11;1.10096e-10;1;3.36907e-10;3.85572e-11;2.29335e-10;1.07163e-09;5.9305e-13;2.511e-10;6.5633e-11;2.06916e-10;1.45817e-10;1.92077e-12;1.92016e-12
0.000343769;0.00544733;7.64174e-05;1.00642e-05;2.1121e-06;7.41224e-07;0.000158682;0.990225;0.00166699;3.87771e-06;0.00160234;0.000199314;0.000260994;2.68421e-06
3.73537e-08;0.979886;1.1036e-09;2.47565e-07;1.01806e-06;6.57977e-08;1.38716e-06;2.16729e-07;8.89538e-09;5.79381e-06;2.74693e-08;1.10284e-06;9.9334e-08;0.0201037
1.91826e-08;4.75903e-09;0.999646;3.87602e-08;3.41863e-08;2.0421e-08;7.14889e-07;1.39293e-08;3.33526e-08;5.33162e-09;5.81412e-06;0.000346974;1.86637e-08;1.69611e-10
4.33366e-07;0.162935;1.15044e-07;9.83449e-09;1.46323e-07;7.4942e-06;1.31701e-07;0.00050114;1.47754e-09;1.9999e-09;5.03184e-08;2.17036e-08;0.836555;3.39685e-07
0.000180293;0.689764;2.01561e-06;0.00470948;0.089522;0.010642;4.56531e-05;0.0314893;0.00225459;0.000595004;0.00104726;0.0353806;0.0263707;0.107997
0.121652;0.770538;0.0147645;0.000258497;0.000219434;2.19078e-05;5.30791e-05;0.00154508;0.0016567;0.000107885;4.38577e-05;0.0657284;0.0233968;1.37022e-05
0.00239019;0.637714;5.04422e-07;1.14158e-05;0.00107146;0.000246001;4.06168e-05;0.331978;0.0171571;2.76647e-05;3.97914e-05;0.000296987;0.0078517;0.00117496
1.19977e-05;0.0135699;1.21479e-10;1.2316e-05;0.000135188;2.29118e-05;4.67284e-08;0.983784;1.4217e-05;1.16633e-06;9.25774e-07;4.7138e-05;0.00239179;8.25921e-06
0.000238476;0.999032;1.33061e-10;0.000122236;4.29582e-07;4.17315e-07;0.000180782;1.57968e-06;0.000135276;1.25724e-05;9.2959e-05;0.000103966;7.02558e-05;9.01506e-06
2.43442e-05;0.998213;3.19407e-07;7.81874e-05;7.55173e-06;4.35609e-06;8.85746e-06;0.000338475;7.65779e-07;6.77972e-07;1.79088e-06;4.25016e-06;0.00129364;2.38597e-05
2.7104e-05;7.50845e-06;0.000204879;0.000431409;2.14565e-05;4.59008e-05;1.42438e-06;0.9988;1.73532e-05;1.05796e-06;0.000196653;0.000190529;4.88936e-05;5.87614e-06
8.24062e-05;0.995627;6.68416e-06;1.96942e-07;2.5211e-07;1.87926e-10;2.22369e-07;0.00426322;6.48003e-07;1.53109e-08;2.21946e-06;1.19845e-05;5.14335e-06;4.043e-08
7.57772e-05;0.440134;5.67834e-11;3.45444e-07;0.0847472;6.93802e-06;1.69304e-07;0.0746472;8.56763e-06;1.90685e-06;5.57305e-07;2.31164e-06;0.400198;0.000177625
8.70466e-05;0.000615547;0.602532;0.00627957;0.10337;0.0162075;2.55078e-05;3.96413e-05;2.3868e-05;0.000415563;5.96885e-05;0.117566;0.000709014;0.152068
1.81634e-05;0.992387;1.44349e-06;4.99264e-05;8.56971e-07;2.7869e-05;0.000120825;0.000244246;0.000442938;1.35682e-07;0.00116542;0.000100543;0.00211946;0.00332147
3.07738e-06;0.00890209;1.59114e-06;1.85969e-06;4.29106e-05;9.3102e-07;4.84839e-07;0.990979;9.71514e-06;5.7204e-08;6.29469e-06;8.39354e-08;5.04763e-05;1.19994e-06
5.47208e-06;0.0122968;2.08094e-05;0.000228533;0.000348996;0.000801463;3.56084e-08;5.7152e-05;4.35687e-05;5.38196e-06;0.000178408;0.96812;0.00152504;0.0163685
0.000261573;0.0177422;1.53212e-06;1.87243e-07;4.72365e-05;0.000192482;4.77784e-07;1.76108e-05;7.48097e-06;1.19276e-06;6.09995e-06;0.000237691;0.980708;0.000775785
4.70987e-06;0.188244;0.00343427;3.98638e-07;0.00209159;0.000203476;2.58691e-08;0.0295835;1.14189e-06;4.03618e-07;2.83776e-07;0.5625;0.19185;0.0220867
1.37742e-05;0.0318349;1.24657e-05;0.000256039;0.0431521;0.000532278;3.25782e-07;0.858433;0.0356957;1.30194e-05;1.01306e-05;0.000294467;0.000580321;0.0291714
3.98835e-06;0.0016121;1.19017e-09;6.71424e-09;5.64129e-05;7.40313e-10;1.06253e-08;0.998323;1.7365e-06;2.56508e-08;3.05747e-08;3.32824e-08;5.61757e-07;1.85305e-06
4.78217e-07;9.97409e-05;0.999787;2.55473e-06;3.25234e-05;2.11507e-06;1.03073e-07;4.98349e-07;2.68693e-08;7.24191e-07;3.29555e-07;3.40893e-05;1.98308e-05;2.0262e-05
5.55194e-08;0.999204;4.27249e-11;4.24151e-09;9.90977e-09;2.84423e-09;6.64925e-09;0.0005781;8.94167e-09;2.60955e-10;1.48016e-07;4.60831e-06;0.000171933;4.12056e-05
2.38821e-07;0.984503;3.05566e-09;5.52703e-09;9.74805e-07;1.44522e-07;1.39232e-06;1.34119e-05;4.87201e-10;8.76481e-06;5.80861e-11;4.90041e-08;0.000478248;0.0149943
1.07863e-10;8.71735e-11;0.999998;1.85345e-09;4.00082e-09;1.18257e-08;4.29627e-09;4.50247e-15;1.64977e-11;5.32039e-10;6.54119e-11;1.71857e-06;4.6054e-12;9.48464e-10
8.69665e-07;0.999284;1.3255e-10;4.58796e-09;8.18441e-08;7.13562e-09;6.07845e-05;0.000103458;1.21629e-08;2.99676e-06;1.37649e-08;5.61833e-12;0.000513993;3.4046e-05
5.46525e-10;3.01141e-11;0.999983;5.11706e-09;2.14328e-07;1.87697e-07;2.39477e-09;1.01722e-10;2.60312e-11;7.58773e-09;2.52158e-11;2.08928e-08;1.76055e-12;1.68709e-05
1.90746e-08;0.000425952;1.17958e-11;6.75048e-08;3.01014e-09;6.68076e-06;4.28972e-08;1.3322e-06;1.59198e-07;2.54971e-10;2.51416e-08;2.18317e-09;0.999565;2.81356e-07
4.70615e-07;0.000158223;0.999349;2.90991e-07;4.0806e-09;4.08752e-09;2.14026e-05;3.04803e-07;4.16156e-08;5.33027e-06;3.16306e-08;0.0002763;2.49166e-08;0.000188829
2.91095e-08;6.42987e-08;0.999895;2.47736e-07;1.30881e-07;2.81252e-08;2.90093e-05;8.02939e-09;6.91273e-05;2.96106e-08;6.20124e-06;2.80362e-07;3.60958e-09;1.89338e-09
2.1778e-08;0.998012;2.49071e-09;8.87047e-09;1.43518e-10;1.38908e-09;8.36135e-09;2.68465e-09;4.01738e-10;1.05305e-09;2.25995e-09;2.32802e-08;0.00198833;1.48818e-08
1.95386e-07;0.000404812;1.73543e-06;1.08175e-07;9.56672e-08;2.03128e-09;3.21505e-08;2.93981e-06;4.54622e-07;8.63889e-10;6.46788e-06;0.999557;2.66521e-05;1.26905e-08
1.86296e-07;0.971994;3.62445e-06;3.95426e-07;0.000819149;6.72484e-07;2.65929e-08;0.0247354;2.94883e-09;1.56653e-07;5.93057e-09;1.34907e-06;0.00243183;1.32428e-05
8.35315e-10;2.80394e-07;1.3698e-11;1.66084e-08;6.30708e-10;1.41704e-05;3.07696e-08;3.30575e-09;6.3914e-08;1.90459e-08;9.18883e-08;5.58528e-10;0.999985;4.31718e-10
1.0813e-09;3.49795e-08;1;2.31454e-09;1.15337e-10;8.5012e-10;1.13541e-11;1.89427e-10;1.62013e-11;3.84993e-09;1.22648e-11;1.47299e-07;6.87236e-10;2.49922e-09
1.2405e-06;0.995786;5.99928e-07;8.50721e-06;2.11666e-06;5.78002e-06;7.55929e-06;0.00384262;7.8945e-05;5.20848e-07;7.67254e-05;3.79189e-07;0.0001814;7.61111e-06
