2.41403e-06;0.997682;0.00200522;1.10865e-06;6.27234e-06;1.23977e-07;1.0969e-08;1.16192e-05;1.55468e-09;1.62704e-08;1.61438e-09;0.000144459;0.000107151;4.01098e-05
0.000366656;0.80905;4.39345e-08;6.42533e-05;0.000928019;2.43751e-05;2.55391e-05;0.14426;4.70089e-05;7.88819e-06;2.51766e-05;0.00259196;0.042064;0.000545721
5.50653e-05;0.801944;4.26026e-07;0.000145611;8.59044e-05;0.000524581;7.87919e-07;0.0203985;1.83945e-05;3.58821e-06;0.000108706;0.0709683;0.103069;0.00267682
7.62248e-05;0.955714;2.85222e-08;2.59735e-05;7.4906e-05;0.000229155;0.00118627;0.038363;3.17943e-05;0.000258496;4.31752e-05;1.52991e-10;0.00254314;0.00145348
1.87853e-06;1.24398e-07;0.999996;1.33997e-07;1.2428e-06;4.15679e-08;9.88973e-09;1.37469e-08;3.11779e-09;1.36164e-08;1.72776e-09;1.65187e-07;1.15805e-08;9.76489e-08
5.48476e-06;0.000350103;0.000231849;2.19561e-05;4.55031e-06;1.98271e-05;4.47477e-09;1.21426e-06;2.63326e-05;3.15977e-08;9.44785e-06;0.999281;3.91599e-05;9.14815e-06
6.35464e-06;0.0842057;2.10468e-06;1.61358e-06;4.93611e-06;0.00369622;8.92667e-09;0.000301787;1.35256e-06;4.18824e-08;1.20786e-05;0.00302547;0.908721;2.17369e-05
5.66823e-09;0.999424;1.8367e-10;2.19482e-08;7.20036e-07;5.21634e-07;5.90519e-07;1.50108e-06;2.95353e-10;6.91846e-06;2.78038e-09;1.23235e-05;4.86717e-07;0.000552878
1.65855e-09;1.05931e-06;0.999977;2.96565e-09;6.65113e-07;6.49487e-07;3.34614e-10;8.32604e-06;3.44574e-10;1.82705e-10;2.62325e-10;9.38751e-08;1.2052e-05;2.67704e-11
6.64268e-08;0.969947;2.03097e-09;2.1673e-10;3.54544e-10;1.04749e-08;4.80652e-10;4.24804e-07;1.00353e-11;2.06911e-10;3.09656e-11;1.19837e-05;0.0300403;3.34268e-10
2.4527e-06;0.0297032;1.26257e-06;6.73285e-05;0.00448616;0.000240412;3.90501e-08;0.000859987;6.36552e-08;3.43542e-06;2.59451e-07;0.933341;0.00709641;0.0241978
1.91245e-05;0.988437;1.29122e-07;2.15802e-05;1.83378e-05;5.2818e-06;8.64295e-07;0.0107589;3.13753e-07;2.12109e-06;9.30347e-07;0.000419201;0.000262052;5.40892e-05
1.13198e-06;0.000192463;3.60452e-06;4.02263e-07;5.09329e-06;2.99948e-06;3.35672e-09;5.97147e-05;2.3081e-09;3.75413e-09;1.88188e-06;0.999319;0.000362756;5.13642e-05
5.59239e-08;0.99879;2.36363e-10;5.40539e-09;7.59455e-08;1.46216e-08;4.19091e-07;1.71986e-05;2.58547e-10;4.07203e-07;5.8851e-10;2.69409e-10;1.34309e-06;0.00119088
6.54894e-12;3.08704e-12;1;2.79543e-12;2.48187e-10;6.8271e-11;1.36222e-10;2.02994e-12;1.26828e-13;4.33597e-12;3.46007e-13;1.11704e-08;4.74273e-13;1.48642e-12
2.80563e-08;1.87577e-05;3.17806e-11;4.84597e-09;4.11206e-07;4.29641e-08;7.69382e-09;0.000194285;1.33047e-07;3.05104e-10;1.19515e-06;5.31751e-06;0.99978;3.48193e-08
3.37191e-06;0.00106615;1.30386e-06;1.00033e-05;1.75469e-05;1.7266e-06;3.20371e-07;0.00138812;6.55531e-05;6.59412e-07;0.000453396;0.99572;0.00121512;5.68868e-05
1.42607e-06;0.956384;3.41291e-08;2.05015e-05;4.98231e-06;3.33947e-05;1.05581e-06;0.0323122;1.36251e-06;1.09792e-06;3.72753e-05;2.12822e-05;0.0110919;8.94618e-05
2.84694e-05;0.20675;0.000350085;1.48257e-05;8.8059e-06;1.94559e-05;0.000424996;7.01027e-05;3.84745e-06;0.00123018;1.97193e-05;0.000467583;0.00164876;0.788963
4.07515e-09;1.01056e-08;0.999997;1.18594e-09;3.29945e-10;1.15323e-09;3.23264e-06;7.5967e-12;3.60868e-09;2.2211e-09;8.49827e-09;1.76301e-07;6.77762e-11;2.07496e-10
9.72444e-06;0.963469;4.7493e-05;2.7625e-07;2.9745e-06;8.31712e-07;4.7917e-06;0.000212832;4.50191e-05;2.96679e-07;1.08769e-05;0.00329028;0.0328557;4.98318e-05
1.18979e-06;0.85128;1.21201e-07;4.90024e-05;0.000564541;0.000195899;6.65385e-08;0.00774248;1.2865e-05;4.31082e-05;6.74123e-06;8.38437e-05;0.00593723;0.134083
4.157e-05;0.00657835;1.69553e-07;1.132e-05;2.48825e-07;0.000722559;7.02626e-05;1.53671e-05;5.3045e-05;6.23098e-05;0.000334488;0.013754;0.978203;0.000152802
1.6232e-07;2.54886e-06;0.999804;8.28875e-07;4.00869e-08;1.41462e-07;9.00485e-05;6.95164e-10;1.68879e-08;5.74815e-05;1.06883e-07;4.10891e-05;4.97729e-07;2.86708e-06
3.94354e-08;2.47261e-08;0.99999;3.32345e-08;5.42391e-08;1.69867e-08;8.18433e-06;1.6483e-09;1.12273e-06;3.25101e-08;3.06789e-07;1.5852e-07;2.63243e-08;1.26682e-09
4.77604e-07;0.997299;1.62526e-05;3.32862e-07;2.16656e-07;7.69595e-08;1.87116e-08;3.85768e-05;8.54745e-09;6.02313e-08;1.56285e-08;5.72382e-06;0.0026375;1.55132e-06
8.27313e-06;0.976908;1.27967e-07;1.65411e-05;5.06341e-05;8.13993e-06;6.0565e-06;0.000236942;1.41396e-05;4.35307e-06;1.06606e-05;5.63588e-05;0.0225936;8.66774e-05
1.32669e-05;0.979534;7.20185e-07;7.45989e-05;2.57899e-06;1.38162e-07;0.000141886;0.0037531;1.00005e-05;9.43591e-06;7.74197e-05;0.0130917;0.00328274;8.22578e-06
6.71174e-06;0.967536;3.34555e-05;4.90334e-05;3.49573e-06;3.17046e-06;1.93222e-05;0.00113527;8.25053e-07;4.68053e-06;1.57758e-06;0.0243505;0.00625993;0.000595995
2.19816e-07;0.994674;1.16925e-08;3.14607e-07;1.52651e-08;2.9865e-06;1.02754e-05;0.00282529;3.61668e-07;3.66709e-07;1.81619e-07;3.46001e-10;0.00248264;3.55755e-06
8.29525e-11;1.46498e-09;1;3.88644e-10;9.18845e-09;3.97469e-11;3.25781e-10;6.44908e-12;1.1351e-11;2.6305e-10;1.19258e-11;7.07515e-08;2.72844e-12;6.32578e-09
3.1457e-05;0.829319;7.81071e-05;2.38333e-05;0.000192685;5.96453e-05;1.72043e-06;0.158295;1.31637e-05;2.60296e-06;4.40998e-05;0.00844076;0.003036;0.000461901
1.12748e-05;0.252609;2.75529e-06;2.09869e-06;0.000270504;5.13921e-05;4.25304e-08;0.000269104;5.47165e-07;3.38628e-06;1.68338e-06;0.0212643;0.706473;0.0190404
2.29777e-05;0.14204;1.25583e-05;4.23632e-05;0.00922726;0.000223538;2.3826e-07;0.0133306;6.24767e-06;3.95419e-06;2.12977e-05;0.756996;0.0689237;0.00914929
1.16383e-05;0.935866;1.11493e-07;3.56536e-06;0.000217714;4.37127e-05;1.75942e-08;0.0413267;1.29883e-08;2.9255e-06;1.83598e-09;6.64363e-06;0.00378298;0.0187383
8.30582e-06;0.438506;3.17835e-08;5.26272e-06;7.05957e-05;0.000214353;1.36471e-06;0.230173;4.90238e-08;9.39444e-06;2.41129e-07;3.93009e-05;0.330227;0.00074532
0.000106299;0.00357855;2.82927e-07;0.000398728;0.003701;0.000139647;6.33699e-06;0.248625;2.14286e-05;2.77574e-06;0.000605469;0.0166344;0.725882;0.000298208
0.00334321;0.216239;0.000247143;0.000204497;2.1439e-05;2.41438e-06;5.80724e-05;0.00211381;0.000172908;1.48948e-05;0.00048891;0.6252;0.151826;6.78315e-05
4.30461e-05;0.915965;4.04165e-07;4.11435e-05;7.69732e-05;6.05671e-05;7.04941e-07;0.000140013;4.90685e-05;2.66991e-06;7.89559e-05;0.011901;0.000252653;0.0713879
6.34471e-06;0.0821453;2.8379e-05;6.43422e-06;2.65261e-06;4.02551e-07;4.31079e-10;0.000425095;9.47162e-09;2.04516e-07;5.38581e-08;0.916151;0.00121643;1.72411e-05
0.00385386;0.153919;1.25644e-05;9.70858e-05;3.40864e-05;1.43317e-05;5.83055e-06;0.818247;8.31759e-05;0.000440757;0.00193189;0.0184237;0.00267865;0.000258203
3.38267e-09;0.000287693;1.7264e-10;1.80821e-08;1.48154e-11;4.0778e-10;0.996484;3.78095e-12;1.2407e-08;0.00322336;8.28288e-07;7.06455e-14;3.67708e-09;4.11337e-06
7.54915e-12;2.61078e-12;1;5.2957e-10;6.82253e-11;5.92186e-11;2.05841e-08;3.67046e-15;7.73146e-11;1.02397e-09;6.46424e-10;4.29649e-10;4.01112e-13;4.03689e-13
