5.67569e-06;0.999923;6.1918e-06;5.17015e-07;1.0155e-06;5.70163e-09;3.46696e-08;2.3618e-05;1.42764e-08;5.01536e-08;2.2846e-08;9.4333e-06;2.81038e-05;2.46085e-06
2.38004e-06;0.998163;5.82376e-10;3.92842e-08;8.47487e-07;3.51963e-08;2.4049e-05;0.000134999;4.01011e-08;1.95163e-05;1.15632e-08;1.38849e-09;1.49036e-06;0.00165402
1.08978e-12;2.65988e-13;1;2.85549e-12;7.60137e-11;2.20085e-11;5.91836e-13;9.92067e-15;9.73204e-13;5.85768e-12;3.43681e-13;8.80014e-08;8.0915e-15;3.13492e-11
1.95849e-06;0.439904;1.77464e-10;2.35546e-07;4.4018e-05;9.98761e-07;9.18718e-07;0.000338511;1.47116e-05;2.42106e-08;7.38219e-06;4.43306e-06;0.559443;0.000239966
8.80457e-06;0.00693585;0.000688308;4.92995e-05;5.10962e-05;0.000377356;2.09169e-05;0.00431379;0.000532329;1.01962e-05;0.0001547;0.980876;0.000386241;0.00559536
1.20586e-06;0.997679;7.72411e-07;7.69179e-06;9.31453e-08;9.13705e-07;1.08032e-06;0.00107637;8.61796e-06;6.12268e-08;0.000159788;7.28947e-05;0.000990902;2.31657e-07
2.977e-06;0.917935;9.97888e-10;7.44704e-07;3.90679e-06;9.45746e-09;8.23659e-09;0.0249201;1.44832e-07;1.68257e-08;5.87044e-07;0.0558916;0.00123065;1.44803e-05
6.00629e-05;0.111128;0.549641;0.000387557;0.0064199;0.000517897;3.19579e-08;0.00168107;9.69977e-08;5.41357e-05;5.56142e-07;0.302234;0.000284578;0.0275909
0.000147737;0.742584;5.2736e-05;2.86899e-06;0.000211473;0.005708;1.95246e-05;0.0377093;5.44752e-05;2.84784e-06;0.00126845;0.139025;0.0647447;0.00846861
1.82487e-07;0.000133393;3.62299e-11;1.55176e-07;1.32247e-06;1.83918e-05;1.01476e-06;6.77954e-06;1.22486e-06;6.10164e-08;7.54535e-05;2.98967e-06;0.999757;2.556e-06
3.8612e-05;0.00258094;2.12927e-06;2.23492e-06;1.6361e-06;8.78925e-07;6.40151e-08;3.43553e-05;1.49243e-06;4.83762e-07;6.32409e-06;0.996187;0.00112795;1.63105e-05
3.06368e-05;0.469611;1.20762e-05;2.4185e-05;7.65468e-06;2.55005e-06;0.000133265;0.0250363;4.90287e-05;7.52767e-06;0.000431458;0.0034531;0.501201;1.77182e-07
3.62121e-06;0.0307432;7.06866e-07;0.00319454;0.000501823;0.00567241;1.76901e-07;0.000617956;5.79767e-06;9.39625e-05;8.47032e-05;0.0123885;0.94658;0.000112612
0.00118696;0.150127;0.772651;0.00275865;0.000294393;2.77402e-06;3.32213e-06;0.0135285;4.78474e-06;0.00040493;0.000196687;0.0365592;6.39045e-05;0.0222176
1.24614e-05;0.989784;7.73464e-13;1.18767e-06;1.73753e-07;6.96027e-07;1.59497e-05;8.43037e-06;7.6771e-06;6.28855e-06;5.72589e-05;1.01142e-06;0.000473648;0.00963105
9.74585e-05;0.00799062;1.39483e-07;1.32313e-05;2.62653e-06;1.08555e-05;0.317609;2.1948e-05;0.0747889;3.194e-05;0.599057;7.46144e-06;0.000368606;5.26609e-09
0.00684114;0.00376615;1.75189e-07;2.67426e-06;3.70236e-06;5.43858e-06;9.6281e-06;0.987623;0.00107053;8.36721e-07;7.93051e-05;2.1918e-05;0.000575619;1.04321e-08
3.01141e-06;0.986444;6.84586e-08;1.37794e-06;2.34683e-05;7.58734e-07;1.91766e-05;9.18225e-07;1.20984e-07;7.18715e-05;6.37927e-08;2.51636e-07;1.36464e-06;0.0134336
5.61187e-07;1.63974e-08;0.999967;2.76695e-08;9.3185e-08;4.44769e-08;8.35113e-07;1.5164e-09;2.92803e-06;4.76411e-09;2.78434e-05;6.71594e-07;1.62957e-08;2.6137e-08
3.32941e-05;0.984577;1.6891e-08;3.83809e-08;4.30142e-08;1.75786e-08;1.47659e-06;0.00485791;4.97617e-06;5.89184e-09;2.89181e-06;4.50206e-05;0.010477;6.24705e-09
7.43656e-08;0.000193526;5.57094e-09;2.49378e-07;4.52401e-06;1.96335e-07;6.05913e-11;1.29525e-05;3.92507e-07;1.8752e-09;5.24825e-09;0.999654;0.00013305;5.94369e-07
0.00154127;0.48087;2.22363e-08;1.96344e-05;2.2869e-05;2.69801e-05;6.83728e-06;0.428767;0.0378833;7.66049e-06;7.72345e-05;0.000454553;0.0503192;4.12295e-06
0.000199129;0.991235;1.38634e-09;5.27743e-05;2.49868e-05;4.0352e-06;3.23856e-05;0.0014192;0.00330295;2.95861e-05;0.000246787;3.82002e-05;0.00336468;5.05448e-05
0.0215143;0.894391;0.000275476;0.00336504;0.0276717;2.52739e-05;8.69694e-05;0.000430752;0.000804948;0.000576889;0.000108139;0.00094613;0.00121285;0.0485899
0.00132467;0.985487;1.22754e-09;7.78118e-07;6.44261e-07;2.48084e-07;0.0103581;6.55272e-05;5.53559e-05;0.000242374;4.00697e-06;2.13337e-09;0.00128694;0.00117427
1.23688e-11;4.56268e-13;1;6.48634e-12;1.05558e-10;9.63092e-11;2.43074e-12;2.87716e-14;7.61418e-12;1.9329e-11;2.18558e-13;1.55732e-08;1.98281e-15;2.12075e-09
6.64451e-05;0.850645;2.08143e-08;4.21223e-05;3.51497e-05;8.91779e-06;0.000229115;0.00405102;0.0120419;1.34044e-06;0.00275212;0.000117264;0.129229;0.00077975
2.94134e-06;0.00463676;9.31303e-06;1.46666e-06;2.00356e-06;2.77173e-06;2.6576e-07;0.0134284;2.95362e-05;6.89971e-07;2.44782e-05;0.97822;0.0036158;2.52957e-05
9.60239e-05;0.0344953;0.00236532;0.000456209;0.115991;0.010906;1.38669e-06;0.358457;0.000230097;9.03499e-06;6.11411e-05;0.0687996;0.06944;0.338693
0.0013306;0.869449;1.87588e-06;6.90822e-08;1.31427e-06;4.92112e-07;3.52055e-07;0.0766693;4.96054e-06;1.78266e-07;2.23671e-07;0.0325721;0.0199542;1.50594e-05
1.21931e-06;0.990659;1.18966e-08;9.9643e-09;3.24732e-08;1.17798e-08;0.000130805;5.84244e-08;7.79357e-09;1.60447e-05;9.50041e-09;1.15512e-08;2.83815e-06;0.00918984
1.3056e-10;6.32201e-11;1;8.66256e-11;1.44814e-09;1.98988e-10;2.59656e-09;1.32339e-11;2.84554e-10;6.5916e-11;5.76637e-11;1.09022e-08;1.04154e-11;1.40763e-10
6.20049e-06;0.388662;3.76336e-07;9.98202e-06;1.3979e-06;6.58233e-07;0.000207165;0.00902096;3.41258e-05;4.23608e-06;0.000237817;2.36446e-06;0.601743;6.91786e-05
6.72614e-06;0.52703;1.94564e-07;0.00179508;0.00154497;0.0657963;6.34805e-05;0.0135078;1.27298e-06;0.00307085;1.31738e-05;1.98077e-08;0.00774341;0.379427
1.41872e-08;8.8114e-09;0.999999;4.81252e-08;1.32603e-09;5.74918e-10;1.51677e-08;9.35954e-10;3.47275e-10;3.99964e-09;8.43364e-09;9.08681e-08;4.0214e-12;4.70156e-07
8.85875e-05;0.185006;0.000889156;0.000302597;3.27538e-06;0.000184619;8.32098e-06;0.00302887;0.00180084;1.68796e-06;0.0138007;0.794243;0.000512366;0.00013026
0.000129684;0.0466577;8.52954e-06;8.20327e-06;0.00106965;0.00890113;2.41564e-05;0.92015;0.000511109;2.52471e-05;0.0021813;0.000474879;0.0196648;0.000193662
2.78239e-05;0.234201;0.000154027;4.13456e-06;0.00213978;0.000280526;7.29026e-07;0.012025;5.38677e-06;1.79517e-06;7.85645e-06;0.359582;0.391208;0.00036111
8.14859e-05;0.120919;0.000150129;1.13532e-06;0.000560522;3.33124e-07;1.08263e-06;0.877268;0.000249629;5.33758e-07;5.3258e-06;0.000286452;0.000419705;5.63441e-05
2.57932e-05;0.695895;4.81298e-05;1.53249e-06;0.00060458;3.3269e-06;2.5774e-08;0.0456535;5.54573e-07;7.14292e-07;2.76858e-07;0.0411618;0.000915354;0.215689
0.000970138;0.701557;1.19149e-05;0.000398415;0.0196156;0.000187569;0.000170893;0.00775236;0.00289357;8.00752e-05;0.00327103;0.0268109;0.149336;0.0869446
0.000135162;0.166719;5.99395e-07;8.75256e-06;8.08731e-06;2.6716e-06;2.58258e-05;0.00718698;0.000223549;4.28756e-06;6.79588e-05;0.0759769;0.749638;2.23962e-06
0.00012269;0.0421157;0.00218184;0.000115017;0.00010437;0.00111456;3.99743e-05;0.017641;3.97401e-05;2.0052e-05;0.000145229;0.778875;0.157482;2.90487e-06
1.89259e-05;0.878536;8.89969e-07;2.24104e-05;0.000157967;3.92056e-05;1.64086e-05;0.000382914;0.000275443;4.1339e-07;0.000106767;0.105804;0.0145507;8.78163e-05
6.95476e-05;0.914037;6.5834e-05;0.00056293;0.00015253;0.00140111;3.17111e-05;0.0378452;0.000366439;9.45557e-05;7.17196e-05;0.00378951;0.0410638;0.000447754
1.6877e-05;0.192202;2.77183e-06;0.00389395;0.000643513;0.0130592;1.53281e-05;0.00588684;0.00234685;0.000342249;0.00290318;0.0767512;0.701778;0.000158777
0.000626146;0.442198;0.193024;0.000345616;0.000120304;4.07311e-06;2.01501e-05;0.000169515;0.000100509;0.000117426;0.000912495;0.360992;0.00134848;2.10069e-05
8.83484e-06;0.0128197;1.76399e-09;7.95549e-08;1.08856e-08;3.30404e-08;0.986439;2.86126e-07;2.16307e-06;0.000644869;1.27425e-05;5.0811e-09;7.04593e-06;6.52166e-05
2.08693e-08;2.80715e-09;0.999995;5.3651e-08;3.3037e-08;1.01963e-08;2.15098e-06;1.10441e-11;1.46578e-06;1.90886e-08;5.2379e-07;2.68751e-07;5.96919e-10;8.97748e-10
4.05483e-05;0.998898;5.31924e-06;3.89527e-06;5.96121e-08;1.48543e-07;5.08296e-05;0.000156504;0.000616468;5.95806e-06;0.000145386;5.4218e-06;6.7525e-05;4.21213e-06
1.7034e-06;0.00233828;1.01344e-05;9.92468e-07;6.20116e-07;2.46293e-06;2.87284e-07;0.00274189;5.2672e-07;2.81965e-06;5.64983e-07;0.994068;0.00083105;5.99907e-07
2.58199e-07;0.0067165;2.08212e-10;3.28814e-06;1.66411e-06;0.00103561;2.22448e-06;5.08555e-05;2.58769e-06;3.68582e-06;6.17777e-07;1.69146e-10;0.992171;1.14665e-05
4.41488e-08;1.0994e-07;0.999996;6.42284e-08;2.13661e-09;2.86137e-10;4.39603e-09;6.65876e-10;9.75501e-10;3.03495e-07;3.93147e-09;3.02585e-06;5.98018e-08;8.75673e-09
1.53774e-09;5.70451e-06;3.24736e-10;1.83635e-09;1.15433e-13;1.20926e-10;0.999459;5.55407e-13;7.99022e-07;0.000528299;5.87121e-06;1.99707e-15;1.25928e-08;3.10866e-09
3.29648e-14;2.97918e-15;1;2.34093e-13;3.02694e-13;4.06539e-13;3.28172e-12;1.04689e-17;1.10484e-12;2.07227e-12;6.62415e-14;1.71506e-11;2.34648e-17;1.72372e-14
