4.73505e-06;8.13113e-06;1.53893e-10;7.40583e-10;3.52497e-09;6.80073e-10;2.64304e-09;0.999982;2.51371e-06;3.85304e-10;1.96521e-08;3.75763e-10;2.33766e-06;5.06626e-10
1.85852e-05;0.97233;2.99702e-06;3.08717e-06;1.76771e-05;1.95369e-07;0.0115198;4.21749e-05;4.03036e-05;0.000232547;3.16189e-07;0.000473485;9.10215e-06;0.0153093
4.00255e-10;2.76086e-10;1;7.83221e-11;1.65529e-10;3.04123e-12;7.29277e-09;9.51062e-10;8.30863e-10;6.56347e-12;6.53048e-11;1.96793e-08;6.71443e-12;5.44056e-13
0.000117728;0.874245;6.75058e-06;0.00046445;0.00215101;0.000110189;5.13903e-05;0.0116916;0.00464204;4.03366e-06;0.0166571;0.00441363;0.082603;0.00284228
2.39032e-06;0.956035;1.25669e-06;5.58603e-05;0.000130304;0.000159943;3.10586e-08;0.00102795;2.74705e-07;1.24768e-06;2.14805e-06;0.000788995;0.0409137;0.000881433
0.000404023;0.836384;0.000169952;0.000139126;0.000161602;5.09058e-05;9.25094e-05;0.0760078;1.61802e-05;5.43457e-05;0.000860658;0.0616182;0.0134311;0.0106096
6.71086e-05;0.966088;0.000108735;5.21943e-06;3.14079e-06;7.40339e-06;1.33107e-05;0.00393341;1.54418e-05;4.89045e-07;0.000308196;0.00204512;0.0256715;0.00173292
1.12595e-05;0.0142364;2.61271e-06;1.55807e-06;5.77803e-05;0.00108847;3.51459e-07;0.250774;4.25518e-06;3.7237e-06;1.05561e-05;3.40355e-05;0.733753;2.13116e-05
1.03112e-10;1.00043e-11;1;4.12052e-11;2.2839e-10;5.08411e-11;1.13716e-11;1.58245e-12;1.43428e-11;7.87381e-12;7.94575e-12;2.05649e-08;1.01163e-13;4.5591e-10
1.61697e-06;0.000631353;0.000228481;4.14549e-06;3.13637e-05;6.46168e-05;1.41317e-09;0.00014926;1.59823e-05;3.65828e-08;1.35445e-05;0.998237;0.000183463;0.000439026
5.30673e-07;0.994517;6.41019e-06;3.44193e-08;2.3068e-07;2.61419e-06;1.20543e-07;2.58887e-07;6.07787e-10;9.98879e-08;5.24311e-07;1.48012e-05;0.00544706;1.06505e-05
3.88149e-08;0.00128868;4.62437e-06;2.64352e-06;0.000269896;0.000281054;4.65358e-09;5.95886e-05;2.60997e-08;3.35272e-08;3.40936e-06;0.992977;0.00488002;0.000232634
3.14933e-06;0.460182;0.000277291;1.29792e-05;0.000210642;0.000736756;1.3928e-07;0.0182157;2.4749e-06;1.02544e-07;7.07111e-07;6.67119e-05;0.520279;1.21263e-05
3.07371e-05;0.209495;6.59694e-07;9.80902e-06;0.000322552;9.46001e-06;1.03435e-07;0.0596032;1.86647e-07;3.43341e-06;3.13636e-07;8.99092e-05;0.73041;2.40799e-05
0.000134631;0.278016;4.53026e-05;0.00334976;0.00132531;0.000123171;1.60239e-07;0.0222636;2.66761e-06;4.63472e-05;2.76115e-06;0.672949;0.0207691;0.000972429
9.3312e-05;0.984759;6.68251e-09;7.91947e-06;2.07863e-07;7.87734e-07;0.0106724;4.83716e-06;1.81141e-07;0.0037946;9.9045e-07;3.55113e-08;4.01723e-05;0.000625629
2.69991e-08;9.87306e-10;0.999985;5.93406e-08;7.34634e-09;2.03735e-09;9.51332e-08;6.81117e-12;7.69533e-09;1.04359e-09;1.1286e-08;1.47061e-05;5.71644e-12;2.81067e-10
0.000791571;0.959904;0.00205857;1.90968e-05;1.69857e-06;0.000282389;3.42636e-06;0.00316656;4.37303e-05;5.26179e-06;7.54915e-06;0.00822018;0.0150352;0.0104602
1.10737e-07;0.977888;5.92072e-10;2.10909e-08;1.5961e-09;3.62472e-07;0.0198293;8.80261e-11;3.3514e-08;0.000266258;6.5553e-07;8.3764e-11;0.000129807;0.00188508
3.76879e-13;2.35454e-13;1;5.19023e-12;5.55522e-12;2.49974e-11;7.07119e-11;4.17131e-16;4.28422e-12;2.08223e-11;1.80343e-12;4.52978e-10;4.58699e-15;1.06774e-12
