5.50268e-07;0.999685;0.000262034;2.82741e-07;5.55033e-07;1.89531e-07;2.18648e-08;8.10397e-06;2.58064e-10;8.54069e-08;4.12669e-10;1.12593e-05;2.27256e-05;9.46999e-06
1.37909e-06;0.015804;5.30105e-11;1.01974e-06;3.06525e-06;1.41904e-06;7.71562e-08;0.00062605;6.62811e-07;3.31428e-08;7.56104e-06;3.61557e-05;0.983518;7.38238e-07
7.11834e-07;0.999546;1.6421e-05;6.70942e-07;5.18909e-07;3.25314e-07;7.13682e-08;0.000362698;4.06748e-09;4.65027e-07;2.55145e-09;2.5432e-07;4.84413e-05;2.40163e-05
9.45008e-09;4.59138e-09;0.999999;4.90083e-08;3.92259e-08;7.37223e-10;2.74943e-08;1.42685e-08;5.86446e-09;1.0614e-09;3.2368e-08;1.39559e-06;4.16447e-09;2.45439e-09
6.99649e-09;1.55285e-06;1.94629e-06;2.89255e-07;1.40604e-06;6.30723e-08;1.28243e-09;2.79252e-07;4.56006e-08;1.64139e-08;1.08299e-07;2.68008e-06;1.24921e-08;0.999992
1.33383e-07;1.46335e-05;9.48558e-12;3.37695e-08;0.00278567;7.81861e-05;7.41157e-08;0.997105;2.95265e-06;1.72016e-09;5.90711e-07;1.55807e-09;1.20271e-05;2.12025e-07
4.44413e-10;4.10581e-08;0.999997;8.31481e-08;6.94791e-07;1.42887e-06;1.07156e-11;5.39129e-11;3.03498e-12;5.50325e-10;2.39957e-10;1.02148e-07;6.45706e-10;3.70919e-07
4.19775e-07;0.997998;1.38743e-09;1.22656e-09;1.00445e-10;8.29666e-08;2.48002e-08;6.04314e-08;9.26765e-10;1.1638e-10;3.11322e-08;1.19182e-06;0.00200027;4.1237e-09
8.70775e-09;0.000633809;4.71996e-06;6.9837e-08;7.08664e-06;1.36628e-05;4.92735e-11;1.56113e-05;2.58546e-09;9.84423e-10;1.23241e-09;0.9991;3.51052e-05;0.000189657
9.00709e-07;0.999501;1.36391e-06;2.62224e-06;1.01023e-05;6.91828e-06;2.47273e-09;0.000274406;3.93241e-07;2.65648e-08;2.18979e-06;1.24218e-05;0.000168101;1.95952e-05
2.83173e-06;0.992035;4.03105e-09;4.40266e-08;9.87411e-09;1.82122e-06;1.82238e-08;4.15976e-07;1.36252e-09;1.01497e-07;7.15386e-09;0.00750167;0.000456004;2.00463e-06
7.94675e-06;2.79931e-05;2.56105e-10;2.63996e-07;1.09494e-07;6.62519e-07;1.05726e-06;4.72166e-06;6.91002e-06;1.88617e-08;3.93956e-05;0.000627428;0.999283;9.05592e-09
0.000347593;0.00287003;5.66107e-06;4.48527e-06;6.3248e-07;1.37934e-06;3.4839e-07;0.00064331;0.000297036;1.92983e-07;0.000228021;0.9386;0.0569992;2.42609e-06
5.11257e-06;0.000484953;3.64182e-07;1.61926e-08;2.70921e-06;4.6669e-07;1.43609e-08;0.999213;2.74103e-07;7.72636e-08;9.64977e-08;6.17722e-08;0.000273834;1.85039e-05
2.89166e-07;0.0017052;0.015028;2.41102e-06;8.55925e-05;3.84206e-05;3.55823e-08;3.62767e-05;1.23093e-06;3.75089e-07;1.50781e-06;0.982774;8.27436e-05;0.0002438
3.22382e-05;0.9489;6.68296e-06;1.85563e-05;2.59864e-05;2.69319e-05;9.67304e-06;0.00860779;0.000452628;1.2957e-06;0.000349919;8.44243e-05;0.0414603;2.40868e-05
0.000625772;0.0228793;0.000413005;2.9691e-06;0.000302219;6.69417e-06;7.94323e-06;0.000665889;0.000300085;8.15315e-05;3.32004e-05;0.968888;0.00394271;0.00185035
0.000480082;0.00165215;2.24833e-05;1.11046e-06;3.08767e-06;1.65534e-06;8.10144e-05;0.000330988;0.996721;2.00057e-06;0.000665865;4.40797e-06;3.06539e-05;3.26227e-06
8.11554e-05;0.999851;4.42658e-05;5.8101e-09;2.1201e-07;6.88648e-10;5.80034e-09;4.30111e-06;4.97901e-07;8.75476e-08;3.62767e-10;5.95648e-07;1.78544e-05;1.76216e-07
2.06537e-08;1.74329e-09;0.999958;2.3386e-11;2.54962e-09;1.06302e-09;6.75355e-11;4.18091e-09;1.61257e-09;2.82021e-10;7.18174e-12;4.1896e-05;9.32281e-10;1.74092e-10
1.11309e-07;0.000290138;2.36066e-06;2.00757e-09;1.42677e-07;6.77961e-09;2.19723e-08;0.999502;1.53133e-05;2.34442e-08;5.13077e-07;2.50509e-05;0.000162371;2.09215e-06
2.88119e-08;0.956344;4.80883e-11;1.88207e-07;5.4183e-08;9.71717e-08;7.74989e-05;5.75646e-08;1.40163e-05;7.87096e-05;2.37032e-06;1.01481e-06;1.00616e-06;0.0434805
5.4355e-06;0.000105246;2.06727e-09;3.02772e-07;1.80256e-09;1.89271e-08;0.126804;2.00211e-05;0.826082;1.55088e-07;0.0469181;1.57813e-08;6.39916e-05;1.87004e-10
1.58641e-05;0.996024;8.74105e-10;1.0261e-06;1.01153e-06;1.90952e-06;2.94725e-07;0.00166081;0.000546924;1.9271e-07;5.09525e-06;3.72007e-07;0.00169045;5.19318e-05
8.73562e-06;0.338418;2.65477e-07;8.65959e-07;9.52235e-06;6.86161e-06;7.2597e-08;0.000136714;7.90397e-07;7.51658e-07;1.99614e-08;0.000229125;0.661077;0.000110779
3.52103e-06;0.0134735;3.8438e-07;2.5918e-05;0.00922711;0.000364273;9.66409e-07;0.000995614;0.00519895;4.09745e-07;0.00148852;0.958248;7.89392e-05;0.0108943
3.27662e-05;0.835518;2.50044e-09;1.22409e-05;0.000397377;0.000154295;4.77765e-08;0.000807311;1.80662e-06;3.94374e-06;4.73344e-07;0.000396703;0.012286;0.15039
1.15471e-05;0.00200285;2.41145e-06;2.55773e-06;7.92626e-06;4.58088e-06;2.89675e-07;0.0185589;1.12359e-06;3.37562e-07;9.38127e-07;0.952436;0.0269668;3.62418e-06
8.09018e-05;0.468508;1.80992e-05;0.179451;0.0237293;0.053659;0.000250514;0.0293375;0.0125148;0.00178913;0.00963698;0.000675145;0.00877079;0.211579
0.000170249;0.931811;0.000125685;0.00156393;1.47492e-05;3.8991e-05;1.40038e-05;7.50996e-06;0.000230593;3.92949e-06;0.000128865;0.0331511;0.0326221;0.000117193
0.000383579;0.800506;1.91637e-06;2.29186e-07;8.1231e-08;2.24407e-07;3.20925e-06;0.000970535;3.40485e-06;2.35974e-07;7.31341e-07;6.97377e-05;0.198058;2.02355e-06
7.26233e-06;0.0059193;2.65803e-05;3.50488e-06;0.00493061;0.00152814;8.77474e-07;0.0010018;0.000205823;8.43367e-06;0.000129808;0.801144;0.0404155;0.144678
1.43168e-05;0.224995;8.731e-10;1.79943e-05;5.2479e-05;0.000454474;1.28525e-06;8.96436e-05;7.33027e-05;8.01283e-06;0.000138973;0.000161486;0.77376;0.000232611
0.000362034;0.174316;0.726453;8.88114e-05;5.06873e-06;7.49313e-07;6.13702e-06;0.000643835;6.74007e-07;0.000212174;3.61072e-06;0.0971263;0.000125729;0.000656319
0.000879629;0.151213;2.86065e-07;0.000877356;0.00454808;0.00741269;0.00764114;0.000184192;0.0719366;0.000237014;0.625339;0.0191387;0.00252904;0.108063
0.000673032;0.625928;8.09676e-06;1.2592e-05;8.83898e-07;1.78038e-06;1.05148e-05;0.00896345;0.00222077;5.15278e-07;0.000564394;0.0229605;0.338655;1.33756e-07
6.74878e-06;0.972014;3.72767e-07;3.93383e-06;2.76878e-06;7.18978e-06;8.13204e-06;0.01187;7.98671e-06;0.00012681;2.86159e-07;0.00341716;0.012479;5.59404e-05
0.000362923;0.589325;5.99128e-06;0.00388614;3.16897e-05;0.00101395;0.0122243;0.000332757;0.0384853;0.000175445;0.0397059;0.267413;0.0460078;0.0010297
2.33042e-05;0.993949;3.88183e-07;1.20707e-06;8.45313e-08;1.08171e-07;2.88919e-06;1.25637e-05;4.42414e-06;2.89299e-07;1.977e-06;3.96576e-06;0.00599825;1.45576e-06
1.33502e-05;0.705896;2.37367e-06;3.86017e-06;0.000223814;5.38665e-06;6.42046e-06;0.00459657;1.93898e-05;8.41117e-06;4.41571e-07;0.000599028;0.00073004;0.287895
4.12813e-06;0.319865;4.98788e-06;2.65532e-05;0.000182629;0.00238754;6.82427e-07;0.000130158;1.10864e-06;3.00461e-05;1.3306e-07;0.40076;0.00408143;0.272525
4.74457e-07;0.999738;2.56074e-09;1.93747e-08;2.32886e-10;3.21219e-08;7.04218e-05;7.24947e-05;1.18883e-07;3.94635e-06;1.1596e-08;9.94149e-10;5.64254e-05;5.77147e-05
2.01699e-09;7.68627e-08;1;1.08081e-09;3.6383e-09;3.068e-08;1.83001e-07;4.57356e-10;1.50117e-09;2.01535e-08;1.25699e-10;6.41077e-11;1.42573e-09;3.7538e-10
9.57011e-11;5.78037e-09;1;8.34875e-10;1.90714e-10;1.39681e-10;2.53505e-10;9.40232e-13;8.83686e-11;2.33551e-11;2.17592e-10;2.64337e-07;2.35414e-11;4.56176e-11
2.67327e-07;9.07831e-05;0.00273765;9.49578e-07;7.74526e-07;2.5125e-06;1.50635e-09;4.64582e-07;1.16754e-07;1.31949e-07;2.79929e-07;0.996568;2.44403e-07;0.000598235
2.90885e-08;2.81422e-07;0.956293;1.14057e-07;0.0408256;0.000608459;1.00595e-09;4.52439e-05;7.33093e-10;6.02839e-08;1.82503e-08;4.19901e-08;6.5202e-07;0.00222625
1.97771e-08;0.988916;2.65352e-05;1.76359e-07;6.97689e-05;1.63445e-05;1.21184e-06;2.7645e-07;1.37972e-11;1.61302e-05;2.46343e-09;3.14032e-07;1.23901e-06;0.0109523
5.85816e-12;2.39865e-08;1;1.25209e-12;2.252e-09;8.07824e-11;1.5519e-11;4.57597e-10;4.38857e-14;2.70143e-13;2.36832e-14;4.96396e-09;1.91428e-12;5.06476e-12
4.35712e-06;0.0130207;2.15299e-08;3.69483e-06;9.69376e-05;4.68491e-05;1.1494e-06;0.946321;3.99494e-05;3.54801e-08;4.57094e-06;2.84478e-05;0.0400338;0.000398704
1.3241e-06;0.0378059;5.82101e-08;1.26461e-05;2.27417e-05;4.86719e-05;8.79973e-10;0.952219;4.939e-08;1.37259e-07;1.63674e-08;0.000460696;0.00927203;0.000156404
7.13549e-08;0.999911;1.40496e-12;5.36152e-07;2.89218e-10;3.23403e-09;2.09895e-06;4.33277e-08;5.34717e-08;1.22364e-06;2.4062e-07;5.07017e-07;8.26083e-05;1.5814e-06
1.49035e-07;4.86238e-07;8.79569e-07;5.19076e-07;4.60163e-07;1.02447e-07;2.14033e-10;4.85367e-08;3.30708e-10;1.44729e-09;1.22638e-09;0.999966;1.41938e-06;3.01934e-05
0.000704124;0.000613309;5.77438e-08;2.50458e-05;1.27591e-05;2.15519e-06;0.00104658;0.000801278;0.985124;2.84681e-07;0.0110649;0.000286703;0.000306186;1.27204e-05
0.000417043;0.908331;0.000115078;0.00045147;2.02795e-05;6.44848e-05;6.93628e-06;2.35106e-06;4.67924e-05;8.15158e-06;2.71709e-05;1.47198e-06;0.0899806;0.000527416
9.5721e-06;0.0115102;1.98137e-07;3.68127e-07;7.81497e-07;2.63067e-08;2.2997e-09;4.35802e-06;2.81273e-06;8.17002e-09;2.91685e-06;0.953699;1.08649e-05;0.0347586
5.13369e-06;0.923993;0.000235604;4.85978e-07;0.00215593;0.000446999;1.25908e-07;0.0705497;1.21855e-07;3.6125e-06;4.56427e-09;0.000218619;0.00125086;0.00113945
6.54537e-08;1.12037e-05;1.09466e-10;3.00214e-08;9.13743e-08;0.000219268;6.75367e-11;3.57239e-05;1.8566e-07;2.8505e-09;1.4045e-07;2.92778e-07;0.999733;5.67897e-08
5.21373e-09;6.53284e-07;0.999999;1.92161e-08;8.51057e-10;7.15062e-09;5.85244e-10;2.72033e-09;2.51387e-10;7.16164e-09;1.14869e-10;5.08037e-07;2.76948e-08;1.13274e-08
3.74217e-07;0.99178;6.24066e-06;3.05915e-06;7.2055e-07;4.09983e-06;1.89171e-06;0.00790648;2.16268e-05;1.27544e-07;1.23086e-05;1.25224e-06;0.000244311;1.73394e-05
