4.21299e-06;0.99958;8.21785e-06;2.37365e-05;6.52787e-07;4.56533e-06;4.09644e-05;1.00247e-06;3.35807e-07;3.06312e-05;7.89686e-06;5.01152e-06;0.00027742;1.52341e-05
6.49376e-07;6.33048e-05;0.000105065;3.85138e-07;1.26596e-07;1.63557e-07;1.43138e-08;6.70327e-07;1.76731e-08;4.69656e-09;3.94623e-07;0.999759;3.23019e-05;3.82057e-05
0.000240451;0.848205;5.16444e-06;0.00026596;0.00288621;0.00222803;0.0154112;0.00259306;0.073189;1.37481e-05;0.040849;0.00410093;0.00313457;0.00687769
5.89132e-06;0.156778;7.83383e-06;1.74321e-06;1.10113e-05;1.13525e-05;1.27758e-06;9.93723e-08;1.36773e-08;2.3219e-07;7.45297e-07;2.78095e-06;0.843172;7.02609e-06
6.77793e-07;0.0015848;4.00574e-07;2.31615e-09;1.63772e-06;6.26421e-09;4.11471e-09;0.00126069;5.98067e-08;6.48116e-09;1.12016e-07;0.99676;0.00021029;0.00018116
1.52779e-06;0.0447113;5.44839e-08;3.29591e-05;0.0629938;0.00583865;1.10019e-07;0.205276;5.77945e-05;6.88704e-07;1.1824e-05;0.00255217;0.677185;0.00133847
5.65603e-08;8.01545e-06;3.89699e-07;6.87393e-08;4.99553e-09;2.77007e-05;1.89781e-08;8.24213e-09;7.44902e-08;1.00366e-08;7.53966e-08;6.77681e-07;0.999963;3.42036e-08
4.50804e-08;5.03406e-05;0.999946;7.68731e-08;1.01045e-08;1.25172e-07;2.169e-09;8.99693e-08;6.17587e-10;1.47301e-08;1.00172e-09;3.15956e-06;2.85822e-07;1.70479e-07
4.69136e-07;0.999299;4.7018e-08;3.9115e-06;8.65774e-07;1.5312e-06;1.44674e-06;0.00038896;7.55978e-06;2.12556e-08;2.98975e-05;1.00229e-05;0.000224472;3.1769e-05
1.55626e-07;0.000296568;1.04212e-10;8.4711e-11;2.25079e-06;5.99285e-09;4.33773e-12;0.999677;3.37535e-10;1.44799e-10;1.97024e-11;4.00139e-07;1.945e-05;4.28535e-06
1.05835e-06;0.934535;0.00812393;2.0413e-05;0.00238984;0.000615999;4.84097e-06;0.0160441;1.88907e-07;0.000163852;1.11795e-06;0.0181662;0.00136281;0.0185705
1.75839e-09;1.15897e-07;1;1.33619e-09;2.5219e-08;1.0732e-10;2.18054e-08;2.91414e-10;5.3431e-11;1.25945e-09;1.04124e-09;1.49343e-09;4.33653e-10;4.48126e-10
0.000150979;0.0190587;0.000121502;0.000127201;0.00202918;0.00133082;5.81944e-07;0.000417486;0.00186806;6.99079e-06;0.00124919;0.969993;0.00204393;0.00160278
8.24413e-05;0.936066;1.06707e-09;3.17509e-08;2.4215e-06;1.96079e-05;4.71694e-08;3.55857e-05;1.31624e-07;5.39977e-08;2.37943e-07;1.34459e-06;0.0637916;5.08962e-07
0.00022163;0.0575702;2.17118e-05;1.51663e-07;0.00557623;0.000136059;2.42214e-08;0.0801652;7.54773e-07;2.3112e-06;4.46302e-08;0.768011;0.0762011;0.0120939
0.00015086;0.930588;5.54952e-06;4.43175e-07;0.000594903;0.000339229;0.060375;0.000893686;0.000159479;0.0014929;6.74152e-08;1.44623e-09;0.00103655;0.00436391
4.93861e-10;2.03268e-08;1;1.17223e-11;6.45113e-10;4.46079e-11;3.18312e-10;3.1601e-10;7.03289e-12;3.95586e-11;1.79485e-13;2.72152e-08;6.15777e-12;1.40002e-12
7.70702e-06;1.30053e-05;0.00587376;3.01792e-06;2.38712e-05;2.45048e-06;4.14207e-07;0.0770766;1.36074e-05;1.0157e-06;2.01018e-07;0.914164;0.00275657;6.39987e-05
1.8819e-06;0.467853;3.04581e-06;1.41442e-05;0.000140279;2.03696e-05;1.49063e-07;0.358077;8.0367e-07;3.43808e-07;1.41999e-06;5.38987e-06;0.173762;0.000119464
7.62488e-06;0.926157;5.42819e-09;8.46175e-06;7.79857e-07;5.46832e-07;0.00020214;0.0694524;7.91875e-07;0.000366478;1.46792e-07;1.88688e-06;0.00247788;0.00132402
5.92718e-12;5.18047e-12;1;1.43014e-11;6.77092e-12;2.30652e-13;2.52939e-11;1.25976e-14;3.41727e-14;1.21095e-11;1.48572e-13;7.47139e-09;4.14901e-16;3.63902e-13
1.40822e-07;0.0345084;7.56009e-09;6.27624e-09;3.2799e-12;5.22987e-11;0.965283;4.0338e-10;1.49104e-08;0.000207512;7.9233e-08;1.08976e-10;3.05909e-09;8.08152e-07
1.72065e-11;2.71573e-10;1;1.17193e-09;2.0124e-10;9.2468e-10;7.01251e-09;7.78537e-14;1.18284e-10;4.39111e-10;3.255e-11;1.00832e-07;2.58801e-13;2.36792e-10
4.18017e-07;0.999563;1.26503e-10;1.53352e-06;7.64556e-08;3.97363e-07;2.66068e-06;0.000121796;1.63045e-06;6.05787e-08;1.26732e-05;2.67972e-06;0.000292147;7.92977e-07
1.77488e-06;0.999815;8.32436e-10;2.14464e-08;3.06046e-09;2.0278e-08;2.5882e-08;5.51788e-05;3.19464e-09;7.37712e-09;2.68541e-08;5.92581e-05;6.83673e-05;1.42856e-07
1.27624e-07;0.000694209;3.33386e-07;1.48822e-06;0.00011463;0.00178392;1.92535e-08;0.000181199;1.75068e-07;5.6794e-08;1.64816e-07;0.0808943;0.000333885;0.915996
1.00739e-07;0.000340228;1.9397e-09;8.57542e-09;1.73892e-06;8.45371e-08;1.17569e-09;0.00250137;1.78132e-07;2.09301e-10;3.48195e-07;2.32085e-07;0.997156;8.9462e-09
1.28575e-05;0.00298029;6.95842e-06;3.61878e-06;6.31723e-06;6.50488e-06;6.10828e-08;4.89254e-05;5.75024e-05;3.45391e-07;6.74931e-06;0.988333;0.00804382;0.000492931
2.64111e-05;0.0016075;1.7452e-07;4.7414e-08;9.25048e-07;2.39329e-08;5.95716e-08;0.998279;7.34773e-07;1.73378e-07;6.32862e-07;3.99311e-06;7.97728e-05;2.65656e-07
2.97841e-08;0.981086;1.29561e-07;1.77256e-07;2.12096e-06;2.23951e-07;6.1289e-06;1.4869e-08;1.92167e-09;3.85019e-05;1.00724e-08;7.90592e-08;4.83871e-07;0.0188659
3.61281e-08;2.99456e-09;0.99996;1.86511e-08;3.39075e-07;1.80967e-07;2.77389e-07;1.81751e-09;3.1667e-09;5.46025e-09;7.95753e-07;3.76715e-05;6.85223e-10;4.6397e-07
5.49501e-06;0.82184;5.67238e-07;7.48492e-05;0.000182503;0.00103372;3.25816e-07;0.0219635;8.67348e-06;2.69192e-08;0.000200214;1.77844e-05;0.14952;0.00515221
6.79322e-05;0.197388;1.85805e-06;0.000173267;0.00175172;0.00102561;9.0878e-07;0.00153872;1.69852e-05;0.000125255;2.18528e-05;0.347773;0.43135;0.0187655
0.00122015;0.000598619;5.96665e-07;0.000112309;0.00388285;0.00151479;0.0110314;0.00363004;0.906252;2.88471e-05;0.0605448;0.000151411;0.0110319;1.53144e-07
0.0113806;0.00136918;0.00131515;0.000171003;2.37755e-05;8.52776e-05;5.5873e-05;9.5654e-05;0.0144251;2.44985e-05;0.00113534;5.96657e-05;0.969855;3.9552e-06
0.00092357;0.980107;0.0122673;0.00012362;0.000106778;1.69584e-07;7.17267e-07;3.41157e-06;2.34273e-05;1.84157e-06;8.50517e-07;0.00598727;1.14537e-06;0.000453226
4.04988e-05;0.20822;6.34859e-09;8.43864e-08;0.00025605;1.23106e-07;2.05638e-08;0.787894;1.57909e-06;1.52204e-07;1.21858e-07;2.30886e-05;0.00332975;0.000234399
7.25909e-06;0.00184892;3.37054e-06;1.9764e-05;1.3627e-05;0.133468;1.70504e-05;1.18648e-05;0.00355086;0.000226809;0.00145129;1.30477e-05;0.858578;0.000790499
1.5408e-06;1.08981e-05;0.999822;1.66449e-06;9.60207e-07;3.87174e-06;1.27846e-07;5.16607e-07;3.02815e-07;1.61278e-06;1.40181e-07;0.000155951;2.19744e-07;1.85888e-07
3.22838e-05;0.991385;1.32817e-06;1.58766e-05;5.35938e-06;2.1146e-05;2.58203e-06;0.00314235;0.0031845;5.20051e-07;0.000248887;2.78381e-05;0.00190479;2.77002e-05
