5.98234e-06;0.0344009;6.52885e-08;4.83722e-06;2.40121e-06;1.03488e-06;7.73316e-06;0.000261862;7.86568e-06;4.18415e-07;4.7477e-06;2.3004e-06;0.965295;4.46982e-06
7.20736e-05;0.113153;8.1998e-06;0.00129984;0.00329991;0.00167716;2.87315e-05;0.694102;7.98523e-07;0.00874339;5.83513e-06;0.00245583;0.122223;0.0529299
1.22966e-09;1.00799e-08;1;4.92207e-09;6.86528e-11;2.87531e-11;3.19539e-09;8.09428e-11;8.78999e-12;1.93116e-10;1.52198e-10;6.6684e-08;4.22929e-10;2.85106e-11
1.42744e-06;3.28436e-06;0.998936;1.63725e-05;5.49548e-08;1.87833e-06;1.12977e-06;1.14312e-06;2.63978e-06;5.91786e-08;8.07928e-05;0.000954227;3.92634e-07;6.89359e-07
1.39971e-08;8.15147e-05;1.98293e-07;2.05026e-08;2.98472e-06;9.75968e-05;3.34928e-12;8.0113e-07;4.15717e-11;1.25958e-08;2.22919e-10;1.04194e-05;1.43113e-06;0.999805
2.84669e-10;5.41727e-06;1.25885e-13;2.57232e-11;6.13696e-10;2.82316e-09;6.48122e-12;5.25673e-07;9.04569e-11;1.09457e-12;7.84762e-10;8.44546e-09;0.999994;5.79216e-09
0.000646194;0.145174;0.000248911;0.000645497;0.00051235;0.000140347;2.71362e-06;0.00927476;0.000102243;0.000133671;5.68052e-05;0.241806;0.0478169;0.553439
6.91068e-08;0.99983;1.48541e-07;4.87712e-08;1.28821e-08;1.69376e-08;1.59262e-07;5.48829e-07;1.25378e-09;2.96449e-06;6.81142e-09;5.11104e-08;3.70987e-07;0.00016608
1.1284e-12;6.40025e-10;1;1.70039e-12;8.35887e-12;3.34746e-12;4.99212e-11;1.00109e-15;7.09617e-15;1.09195e-11;1.55551e-14;7.5306e-10;1.32559e-12;2.83961e-11
7.11292e-07;7.81651e-05;8.84555e-06;1.15548e-07;0.000349611;1.46318e-06;1.34186e-07;0.813833;1.16893e-07;2.66841e-07;2.79836e-07;0.00328703;1.97759e-05;0.182421
4.42513e-07;0.322315;4.2668e-08;2.65066e-05;0.000208307;0.0288393;5.21063e-05;0.364439;2.93635e-05;1.22853e-05;4.33461e-05;1.2661e-08;0.283562;0.000472664
1.18119e-12;4.14904e-12;1;6.50649e-12;1.1399e-12;1.90341e-13;1.4458e-11;1.19009e-12;2.68481e-13;2.52074e-12;7.88807e-13;2.4237e-10;7.59779e-13;7.93254e-14
2.53535e-08;4.5219e-06;0.999941;4.04629e-08;3.81462e-10;1.39675e-08;2.77465e-07;6.34871e-07;2.71707e-07;5.16777e-09;6.40408e-07;5.14671e-05;5.42447e-07;1.38497e-08
2.65601e-08;1.57556e-05;9.79503e-07;1.93573e-08;4.97471e-05;9.79097e-05;4.16812e-09;2.85142e-07;1.17633e-08;1.04391e-07;5.42639e-07;4.62195e-06;4.39597e-05;0.999786
8.10221e-06;0.928462;1.14072e-05;9.36849e-08;6.76251e-05;4.88801e-06;2.5093e-05;4.49646e-05;7.09478e-09;0.000411994;2.76394e-09;8.4879e-06;6.84342e-05;0.0708869
2.5695e-10;5.69823e-10;1;1.62403e-09;1.35293e-08;6.29051e-08;5.17988e-09;1.30047e-10;2.82761e-09;8.78033e-10;1.04942e-09;8.12339e-08;4.28031e-10;1.9013e-10
3.63219e-07;0.999873;5.42976e-05;6.21836e-08;9.09953e-07;3.18446e-09;1.29067e-06;2.22406e-05;1.54345e-08;4.27611e-07;1.70679e-08;8.72268e-09;9.40946e-07;4.61853e-05
9.98424e-10;1.72205e-07;1;8.49514e-11;2.26462e-08;1.7154e-10;5.31994e-09;2.38762e-08;1.82721e-10;1.96281e-10;9.75666e-12;3.98814e-08;9.94734e-10;1.18988e-10
3.90499e-07;1.52255e-05;3.24977e-08;7.95182e-07;9.49435e-05;3.10193e-06;5.25252e-07;0.998664;0.000511029;9.40542e-08;1.58383e-05;1.70172e-05;0.000656243;2.07366e-05
3.04924e-08;0.999928;3.84427e-05;2.06999e-08;1.32118e-08;3.43861e-09;5.79194e-09;1.16613e-05;5.62489e-11;8.621e-09;7.19564e-11;9.70921e-09;2.2259e-05;1.89694e-08
1.31875e-09;4.1455e-07;1;5.49633e-09;1.17826e-08;1.09124e-09;2.7476e-08;2.57242e-10;4.52651e-11;2.10782e-09;3.95244e-11;2.42193e-08;2.05583e-10;1.84119e-08
1.4251e-07;5.86361e-06;0.000581079;2.22765e-06;1.67917e-06;1.70133e-05;1.2486e-08;1.52221e-06;1.06977e-06;1.02326e-07;6.57258e-06;0.999232;2.71317e-06;0.000148083
5.36795e-05;0.962473;3.69928e-05;6.72744e-07;3.26771e-06;0.00273403;7.24357e-06;4.98915e-05;3.0792e-07;7.21049e-07;5.48341e-07;3.39154e-06;0.0341367;0.000499399
3.70111e-09;2.09454e-05;1.13326e-07;7.16716e-09;3.41494e-06;8.63918e-07;1.15725e-12;2.14309e-05;2.35001e-10;1.76816e-10;3.98334e-10;0.999856;9.51058e-05;1.93762e-06
7.15368e-08;0.0706195;2.73664e-07;2.01666e-08;3.27528e-06;2.63213e-05;5.11349e-11;0.926331;3.87832e-08;4.12365e-10;5.16963e-10;1.19726e-07;0.00301897;8.19373e-07
6.77703e-07;0.942895;1.32658e-06;3.59793e-08;2.64529e-08;1.71525e-06;8.13511e-06;0.000275263;3.78402e-09;5.19237e-06;1.72442e-08;1.20409e-08;0.0568111;1.10154e-06
5.58708e-13;4.85483e-10;1;7.61646e-10;2.19792e-10;3.51036e-11;1.95728e-12;3.24698e-13;4.36279e-14;6.18499e-11;2.74592e-13;1.96739e-08;7.53989e-13;5.69815e-10
1.7718e-05;0.0111602;0.0117665;0.000524823;0.000785359;0.000193929;1.2878e-05;0.886785;2.07995e-05;1.14604e-05;0.000271041;0.0856159;0.00015279;0.00268112
1.60473e-06;0.0366145;1.69719e-07;4.46259e-07;4.51067e-06;0.0022039;2.10057e-06;0.00243361;2.40532e-07;1.1285e-06;1.63674e-05;2.47847e-07;0.958654;6.70251e-05
9.04582e-09;4.92896e-07;0.999991;2.78008e-08;7.29912e-07;1.63466e-07;4.5757e-09;3.46876e-08;7.74276e-10;2.00585e-08;4.75549e-09;6.12673e-06;1.92578e-08;1.0485e-06
7.52463e-07;0.0152307;2.87296e-05;1.66137e-06;4.9112e-05;9.67024e-05;2.69509e-09;0.00110825;1.00177e-05;7.34916e-08;2.20476e-06;0.98105;0.00215507;0.000266732
1.85052e-07;0.9218;8.56336e-09;8.99193e-09;5.84872e-06;2.91416e-08;1.07489e-09;0.0775293;7.13235e-10;4.32685e-08;7.00708e-09;8.21006e-05;0.000579634;3.31754e-06
3.02034e-06;0.00242311;0.00732064;0.000350841;0.0747818;0.000264651;1.63808e-06;0.00255394;9.19768e-08;0.000202957;1.52933e-05;0.901444;0.000490215;0.0101475
1.38224e-05;0.108695;1.18993e-08;6.66998e-07;0.000834877;2.7425e-06;2.56462e-05;0.859455;3.11694e-05;1.27343e-07;4.1004e-05;1.68353e-06;0.0308989;3.23314e-08
5.66275e-07;0.995353;3.10452e-05;1.98724e-06;0.000486007;6.16037e-06;1.09278e-09;0.00360227;3.30998e-10;1.51073e-06;8.78418e-11;6.66764e-07;0.000467736;4.95445e-05
2.77214e-08;2.2165e-08;1;5.11402e-09;1.05182e-09;1.53602e-11;2.18094e-07;2.72911e-11;1.25495e-09;2.35838e-09;1.31338e-09;3.5455e-08;5.05841e-10;5.29429e-11
1.87328e-06;3.80912e-06;0.998528;2.70539e-07;9.39973e-07;6.28067e-08;2.66444e-08;3.73439e-06;2.92801e-07;2.69044e-08;8.06402e-08;0.00144861;9.46617e-08;1.24395e-05
8.65423e-07;0.000271735;5.58043e-08;1.58515e-07;0.000646917;0.00134295;1.15127e-08;1.82694e-05;1.70122e-07;2.41832e-07;6.23031e-08;4.25364e-08;1.14514e-05;0.997707
1.50234e-06;0.999407;1.32356e-07;8.9008e-09;1.56546e-07;3.75467e-07;9.54421e-09;1.06866e-06;1.33364e-09;9.14511e-08;2.55879e-09;2.56308e-05;7.65884e-05;0.000487555
1.45831e-10;3.6425e-09;1;1.69355e-11;1.23463e-08;2.00535e-10;4.21887e-12;3.49353e-08;3.83911e-11;2.77608e-12;2.54066e-12;7.20894e-09;3.56322e-10;1.72823e-10
4.36512e-09;0.99797;7.73576e-11;1.0438e-09;7.54193e-09;1.89836e-08;7.99994e-08;2.07449e-05;7.74288e-09;1.31766e-07;7.31392e-09;2.13863e-09;1.39797e-06;0.00200738
5.38189e-06;0.0243337;6.247e-07;3.10237e-05;1.71591e-06;0.000236568;0.00303001;0.921705;0.00758382;1.24445e-06;0.00764178;8.08089e-07;0.0354284;5.6516e-09
2.18486e-07;0.998074;1.86693e-09;4.8943e-09;7.78073e-09;5.10256e-08;1.04068e-08;2.91695e-05;1.00971e-10;3.35763e-09;4.06856e-10;1.47071e-06;0.00189461;1.44222e-08
5.07243e-09;7.60614e-05;5.55253e-07;8.39477e-08;2.33948e-05;6.31554e-06;6.71033e-11;6.3085e-06;2.43051e-08;2.99798e-10;4.93883e-09;0.999818;6.47443e-08;6.90039e-05
6.83627e-07;0.973852;4.28765e-08;1.87272e-08;4.51527e-08;1.93571e-08;1.0395e-08;6.35215e-06;1.00075e-07;3.67311e-10;2.01553e-07;0.0177642;0.00837591;6.57413e-08
5.8636e-05;0.812836;1.54418e-08;6.47996e-06;0.000718575;0.000141242;1.03098e-05;0.021093;4.26067e-05;9.06507e-07;8.31217e-06;0.00627964;0.146324;0.0124804
1.40159e-05;0.0878035;3.20066e-05;5.29291e-06;4.46113e-06;0.0016181;9.31335e-07;0.0932899;3.86006e-07;3.91141e-06;4.44457e-07;0.560997;0.256134;9.59438e-05
7.16513e-06;0.0135971;3.30899e-05;0.00682406;0.000373059;0.0392056;7.33771e-06;0.000577839;4.89793e-05;5.9349e-06;0.0024899;0.0172509;0.910601;0.00897784
0.000371537;0.156067;2.42745e-07;4.67257e-05;1.02291e-06;3.94964e-05;4.11977e-06;0.0015086;9.32328e-05;4.11523e-07;0.000419239;0.00305014;0.838167;0.000231617
1.24155e-06;0.175281;1.68663e-07;7.30952e-07;0.000949113;1.35632e-05;4.48789e-07;0.823213;1.82444e-05;1.62779e-06;1.01168e-05;6.80523e-05;0.000442623;3.42628e-07
1.61814e-06;0.00818725;0.0718363;8.62378e-05;0.00582259;0.000787236;7.76382e-08;1.06732e-05;1.8241e-08;9.88328e-05;2.76338e-07;0.900775;0.000649718;0.0117442
0.00012689;0.877914;1.90965e-05;5.70055e-06;1.92703e-06;2.05232e-06;3.83792e-05;0.0231803;0.00374441;3.42258e-08;0.0935387;0.000706341;0.00068511;3.76101e-05
3.86734e-05;0.00170163;1.91071e-08;9.6132e-08;1.68472e-05;2.22996e-08;7.86153e-09;0.975857;0.000135056;1.32705e-08;4.35924e-05;0.00956318;0.0126442;1.35079e-08
9.9666e-06;0.971218;5.49942e-09;3.74338e-07;3.48381e-05;1.06268e-05;4.08443e-05;0.00135279;0.00011087;0.000281427;9.8578e-07;5.96249e-07;0.0268612;7.78793e-05
9.22442e-12;1.61241e-13;1;1.20127e-13;1.9197e-11;1.36684e-13;1.87542e-12;9.97839e-14;1.19301e-12;5.1473e-12;4.86025e-15;2.04872e-10;4.93337e-15;6.31199e-14
0.000936501;0.0742962;0.000173396;0.000109064;0.00133412;0.00356694;0.00163282;0.726102;0.0817609;0.000213012;0.00801325;0.0581905;0.0411762;0.00249485
8.83905e-05;0.951435;6.37968e-09;0.000101019;0.000110106;1.64607e-06;0.0109844;0.00207352;0.000693703;0.000164378;0.0219839;0.00191224;0.010378;7.37909e-05
0.000337574;0.0507093;1.70571e-07;2.51914e-05;0.0186835;1.77161e-06;8.92442e-06;0.924157;2.28548e-05;8.99901e-06;2.12286e-05;0.00518174;0.000549781;0.000292209
1.14437e-05;0.000711009;0.997503;9.63316e-06;8.07215e-06;3.80989e-06;4.45516e-06;2.43639e-07;3.80104e-08;7.31396e-06;2.09143e-07;0.000185112;7.56144e-05;0.00148004
0.000172461;0.976429;7.22246e-07;6.14594e-08;5.16799e-08;4.01248e-08;0.0223594;1.44464e-05;9.67529e-06;5.61486e-05;4.56412e-06;1.00774e-06;0.000260067;0.000692397
1.4218e-10;2.80188e-12;1;2.103e-10;5.24797e-08;1.9602e-09;2.34932e-09;5.12278e-14;1.36055e-10;3.34319e-10;1.67439e-11;7.07185e-08;2.96799e-13;2.55558e-10
8.123e-07;0.999846;1.10178e-11;2.64721e-10;6.18221e-08;1.87492e-09;6.50708e-06;5.16308e-05;3.96515e-08;2.65124e-07;2.35472e-09;5.59997e-12;4.55987e-05;4.88794e-05
9.04445e-13;8.3762e-14;1;4.47732e-12;7.46962e-10;1.27257e-10;2.18208e-12;2.2284e-14;1.8429e-13;6.39891e-11;4.65661e-14;8.93167e-09;1.04937e-14;2.96795e-09
4.32965e-07;0.00191513;2.01913e-08;2.5916e-06;4.32622e-07;0.000479737;6.59114e-05;1.86226e-05;0.000112623;6.01134e-07;6.79358e-06;3.48562e-09;0.997394;3.49443e-06
6.44922e-08;0.000129219;0.999824;7.11566e-08;1.09348e-09;1.06752e-09;1.93714e-05;4.30079e-09;5.35147e-08;5.62688e-06;4.0492e-08;2.11701e-05;1.15209e-08;3.14011e-07
2.58581e-08;1.60502e-08;0.999953;2.01472e-07;2.57007e-07;3.04969e-08;2.17738e-05;6.15813e-10;1.57261e-05;7.60489e-08;1.43131e-06;7.48291e-06;2.09309e-08;3.87879e-07
7.65869e-07;0.00702652;2.58254e-10;1.05926e-08;2.67417e-07;1.54654e-09;1.17999e-08;0.992913;4.09119e-07;6.08999e-09;1.07821e-07;1.45288e-05;1.11617e-05;3.29257e-05
4.93107e-07;0.00141236;0.990757;1.56451e-05;0.00112036;5.3537e-05;8.79808e-07;2.66508e-06;1.20073e-08;5.31153e-06;4.46802e-07;0.00588046;0.000458756;0.000292168
7.43073e-07;0.02744;2.10581e-12;3.21336e-08;1.3681e-06;3.71562e-08;4.5573e-07;0.969034;3.23018e-06;1.06559e-09;1.07304e-05;2.39807e-05;0.00348577;1.71948e-08
8.62746e-05;0.972093;0.000100534;1.69136e-05;5.16643e-05;2.22057e-05;1.21852e-06;3.10031e-05;1.1798e-07;9.50648e-07;6.94848e-08;9.53424e-05;0.0110245;0.0164761
1.99578e-05;0.00210928;1.81244e-07;2.46246e-08;2.1315e-08;3.32502e-08;6.94175e-08;0.000355608;9.5018e-06;7.00508e-10;5.19342e-06;0.968594;0.0289036;2.14629e-06
3.18394e-05;0.874479;1.27014e-07;4.97643e-05;0.000145576;2.40555e-05;8.54798e-06;0.000416509;0.000115419;1.07406e-06;5.76566e-05;0.108716;0.00558891;0.0103653
7.03337e-05;0.00308068;5.01827e-09;1.0127e-06;3.06634e-05;1.10983e-06;4.99572e-08;0.988873;0.000129513;5.36162e-08;3.7598e-06;0.00516872;0.00264005;6.48389e-07
2.27093e-07;1.93513e-05;3.49629e-10;5.03511e-08;2.15765e-09;0.000163807;3.09569e-09;1.84501e-08;6.07661e-07;2.22175e-08;1.32383e-07;7.26633e-10;0.999816;2.70053e-09
6.35789e-08;3.97038e-06;0.999985;6.94518e-08;1.71384e-09;3.48564e-08;1.81978e-09;9.01906e-09;2.02947e-09;6.53426e-08;1.28549e-09;1.07908e-05;1.40086e-07;3.68376e-08
3.53774e-07;0.999407;8.90928e-08;1.56547e-06;2.40993e-06;1.84121e-06;7.33959e-07;0.000364898;1.46234e-05;1.31215e-07;4.18559e-06;4.11347e-06;0.000183176;1.5068e-05
