1.99394e-05;0.996741;0.000789732;0.000175353;8.81249e-05;2.73203e-05;6.00305e-05;3.647e-05;1.16013e-06;0.000272386;3.94644e-05;5.63483e-05;0.00155775;0.000135268
2.13256e-05;0.0122755;0.0502685;4.2375e-05;8.71546e-06;8.61627e-06;7.11024e-07;0.000111995;6.78376e-06;6.01211e-07;8.42093e-05;0.936178;3.05261e-05;0.000961789
0.000104215;0.993832;3.86285e-06;2.78568e-06;4.42004e-05;5.9419e-05;0.000301299;0.00462214;0.000388149;8.11024e-07;0.000155464;1.23503e-06;7.01764e-05;0.000414453
7.65859e-07;0.910262;1.49406e-09;6.46728e-08;8.92051e-07;2.16705e-06;4.069e-08;0.000265815;1.07344e-07;4.05199e-09;2.44921e-06;0.000949359;0.0885153;9.43778e-07
1.94603e-07;0.00571144;7.44251e-05;5.5679e-08;1.14843e-07;2.62393e-07;1.51478e-08;9.59565e-05;3.81237e-08;6.8663e-07;1.89213e-07;0.993979;0.000137085;3.85063e-07
8.65234e-05;0.403655;0.0015998;0.000367306;0.163405;0.000685322;6.68917e-05;0.299648;5.86651e-05;0.00025232;8.10648e-05;0.000280473;0.120687;0.0091268
3.92334e-05;0.0357382;1.17198e-06;6.56689e-05;8.63035e-06;0.000439837;0.0024105;0.0032955;0.00214395;8.73752e-05;0.00136784;2.43003e-07;0.954399;2.64716e-06
7.02056e-09;4.09663e-08;1;6.76372e-09;1.95006e-09;2.6176e-10;2.56797e-08;1.17349e-10;9.21411e-10;7.96339e-10;1.35283e-09;1.79714e-10;6.40908e-10;1.14972e-09
1.59698e-07;2.48385e-05;6.35708e-06;4.47389e-07;2.52396e-07;5.66614e-07;7.01318e-10;9.81052e-05;3.75641e-06;7.37522e-09;5.79926e-07;0.999856;4.20551e-07;8.42733e-06
2.27064e-07;0.000768445;2.84639e-07;8.8373e-08;7.51346e-07;1.86245e-06;8.14927e-10;1.37285e-05;1.48778e-07;3.78606e-09;1.52474e-06;6.87042e-05;0.999141;3.63668e-06
2.01715e-08;0.000974367;1.89608e-09;2.58902e-07;0.00377899;4.7015e-06;4.75081e-10;0.000159149;4.76423e-08;3.88082e-08;2.17736e-08;5.19523e-05;3.06829e-06;0.995027
8.00666e-07;0.0327849;1.17425e-08;1.69294e-07;0.0229922;1.14034e-05;1.23662e-07;0.94344;6.70272e-08;1.1707e-06;3.69638e-09;0.000150948;0.000363421;0.00025426
1.33712e-07;3.60326e-05;0.965783;2.48406e-05;0.0140771;0.000702193;1.85991e-09;3.59378e-06;9.44775e-11;2.67715e-06;5.32254e-10;0.0132802;2.12448e-05;0.00606879
4.39489e-07;0.997524;8.5516e-08;1.1017e-06;1.0752e-07;2.04232e-06;2.99559e-07;0.00206961;2.90382e-06;3.6348e-09;7.62553e-07;3.444e-06;0.000390328;5.27339e-06
2.47271e-06;8.15481e-05;1.9241e-08;2.75507e-08;2.02184e-07;1.54446e-08;6.27529e-09;0.999913;3.20175e-07;9.49152e-09;1.66147e-08;6.45803e-09;2.35148e-06;1.46183e-08
2.1061e-09;0.999871;2.58955e-10;2.52175e-08;1.18425e-07;1.79185e-09;6.01047e-09;4.95919e-09;5.36445e-12;1.8658e-07;5.28843e-11;1.80093e-09;1.37902e-07;0.000128749
5.61671e-06;3.94352e-07;0.999929;2.491e-07;5.437e-06;6.09351e-06;2.97764e-05;1.58769e-05;9.23284e-07;1.30773e-06;4.76978e-06;1.08232e-07;6.88788e-07;2.16272e-07
2.48646e-09;2.92311e-10;1;1.72506e-10;8.50801e-09;4.05667e-10;1.13407e-09;3.25777e-10;2.67551e-11;1.42527e-11;3.01549e-11;1.8399e-09;3.16956e-11;9.15573e-11
1.35516e-07;6.52747e-07;0.997256;4.02437e-09;6.66915e-08;2.62776e-07;1.16093e-10;1.74018e-05;3.58385e-09;9.49692e-10;3.55255e-10;0.00272529;1.80346e-07;3.72924e-08
1.65246e-07;0.000538136;4.29424e-06;7.05685e-07;0.00983817;0.0244875;3.42531e-07;4.7406e-07;4.37085e-07;2.55838e-06;4.30867e-07;6.37793e-07;8.98153e-06;0.965117
0.000157558;0.0139276;0.00770866;4.8211e-05;0.00869903;0.000714439;8.45589e-06;0.000329805;0.000243381;1.9741e-05;0.000488784;0.963652;0.00326865;0.000734161
3.21452e-05;0.99611;2.68276e-05;9.98635e-08;3.99835e-06;4.44081e-07;4.53876e-09;0.00357261;2.98169e-08;2.28392e-08;2.7768e-09;7.13584e-06;0.000246454;1.61794e-07
1.22693e-05;0.227538;7.60499e-08;2.78639e-05;2.04918e-05;7.07942e-05;7.43118e-07;0.741574;6.65305e-05;1.6743e-07;7.34032e-06;0.00596207;0.0247089;1.1446e-05
1.58024e-06;0.984393;3.3986e-06;6.01335e-06;4.1235e-06;2.468e-07;1.27801e-10;6.57126e-05;5.17381e-10;1.84952e-07;9.57764e-10;0.0153569;0.000168625;6.33673e-07
0.00126445;0.9098;8.38226e-07;3.00256e-05;3.5823e-05;4.88855e-05;9.83331e-07;0.0778864;6.01723e-06;8.86526e-05;4.35352e-05;0.000463934;0.00969854;0.000632137
3.20205e-08;0.000169858;1.84124e-09;6.32667e-09;4.20328e-10;7.30627e-09;0.992613;8.14272e-12;9.08221e-09;0.0071996;9.65271e-08;1.07066e-12;7.42861e-09;1.77663e-05
1.73958e-12;4.23065e-15;1;3.09006e-12;5.23885e-12;9.44215e-13;5.48976e-10;5.78828e-17;1.81599e-11;2.40057e-11;5.19309e-12;4.12783e-11;8.92264e-17;5.34444e-14
