8.55825e-07;0.999823;0.000103394;5.10697e-07;1.59629e-07;7.91166e-09;2.5605e-09;3.8029e-06;1.45399e-09;4.45825e-09;4.62443e-09;3.66372e-05;3.13263e-05;2.26564e-07
6.41629e-05;0.746317;2.49166e-06;1.7159e-05;0.000202323;0.000866876;1.0368e-06;0.0358736;6.892e-05;2.46931e-06;2.72399e-05;0.00143167;0.21402;0.00110487
1.14756e-05;0.72073;1.58005e-06;0.00669323;0.0117012;0.0538333;7.56416e-06;0.020939;0.000334529;0.000539197;0.000789484;0.00222921;0.000742221;0.181448
0.000594593;0.547133;7.70104e-06;0.000594339;0.292449;0.0266568;0.00059278;0.102908;0.000215211;0.00218948;0.000384983;6.57279e-06;0.0164811;0.00978617
8.29816e-09;8.45267e-10;1;3.04535e-10;2.69428e-10;9.47118e-12;1.23593e-09;1.57865e-09;2.38354e-10;1.07726e-10;5.75903e-10;2.30656e-07;5.38363e-11;1.04453e-12
1.39329e-05;6.84478e-05;0.991067;1.8328e-05;6.15165e-06;1.8452e-05;1.41735e-07;0.000387105;2.84267e-05;2.12061e-07;2.67695e-05;0.00834246;3.3638e-06;1.90583e-05
2.0807e-07;0.00128655;0.000325468;9.82084e-08;1.0706e-05;0.000123913;2.04898e-11;1.30508e-05;2.01696e-10;1.04887e-07;3.50123e-10;3.46229e-05;2.97364e-06;0.998202
4.99609e-08;0.000123483;9.1704e-12;3.18924e-09;6.31672e-08;1.50395e-07;9.15461e-11;0.000719096;2.05577e-08;4.67036e-11;1.05261e-07;4.58026e-07;0.999156;2.40534e-07
0.00015658;0.650679;3.65496e-05;2.4515e-06;3.51886e-05;8.97253e-07;1.70209e-08;0.0899055;4.17504e-07;8.75578e-07;7.63115e-08;0.00403985;0.254907;0.000236021
1.59345e-06;0.664262;0.00185359;1.87985e-05;2.44636e-05;9.3302e-06;1.63523e-08;0.000216054;4.28241e-08;4.68636e-07;5.18605e-07;0.285129;0.0482289;0.000255154
1.77106e-06;0.192843;1.11981e-07;6.50224e-05;6.7047e-06;2.4242e-05;0.556651;0.000990889;6.80996e-07;0.0606371;3.80559e-06;2.38357e-08;0.0358835;0.152892
2.66144e-10;7.18356e-11;1;3.11485e-09;1.05412e-10;1.35287e-10;6.00067e-09;1.33385e-13;4.08024e-11;3.32124e-10;4.82963e-10;3.45757e-10;3.42834e-12;1.5433e-11
0.000166488;0.00104893;0.690811;4.62901e-05;9.485e-05;9.54645e-06;1.82562e-05;0.303518;1.00319e-05;4.42748e-06;4.26577e-05;0.000388694;0.00106549;0.00277547
1.99546e-12;3.25555e-11;1.51745e-10;1.98423e-11;2.47754e-08;8.38882e-10;2.49501e-15;7.10616e-12;1.41883e-13;1.00683e-11;8.27557e-13;2.63074e-10;3.48492e-12;1
7.73206e-07;4.1348e-05;9.23258e-11;2.35981e-09;0.000101306;1.91032e-06;1.9872e-09;0.99984;1.50579e-07;1.50431e-10;6.9316e-10;2.54101e-06;1.18034e-05;1.3601e-07
9.30617e-09;9.11839e-08;0.999967;2.87202e-08;1.55767e-06;7.77581e-08;1.96148e-11;1.51464e-09;1.28278e-11;1.82487e-09;1.15402e-11;3.06578e-05;1.84515e-08;8.46033e-08
4.01129e-06;0.999777;3.14532e-10;1.28314e-07;1.1462e-08;6.03317e-09;3.42816e-06;0.000159276;2.89199e-05;1.48851e-09;1.60456e-05;6.34568e-06;5.16227e-06;2.18805e-08
8.35998e-07;0.00521419;0.994327;1.78637e-07;9.88519e-06;2.47417e-06;1.14994e-08;2.62318e-06;1.08091e-08;3.8164e-07;1.6155e-09;3.19299e-05;0.000262127;0.000147764
5.95152e-08;0.99991;3.49021e-09;7.23422e-10;2.05753e-08;3.31658e-09;3.12678e-09;5.76743e-05;6.02527e-11;3.62571e-08;7.1895e-11;8.37361e-08;2.91442e-05;3.48606e-06
6.19695e-08;3.8285e-05;1.62963e-09;3.93584e-07;2.61655e-05;0.00786516;4.44887e-07;4.96309e-06;9.2657e-07;4.30623e-07;1.10509e-06;2.58788e-08;0.989393;0.00266921
1.58263e-07;8.32128e-06;0.999886;6.62145e-07;1.16954e-07;1.12023e-07;1.26077e-06;1.47858e-08;1.4643e-08;3.20838e-05;5.28368e-08;5.84486e-05;7.04504e-06;5.30474e-06
2.67628e-07;2.08047e-07;0.999852;1.71724e-08;4.43577e-08;1.48088e-08;0.000144149;1.23385e-07;4.73442e-07;1.82122e-06;4.35856e-07;3.57484e-10;3.15604e-09;9.57815e-10
4.88068e-10;4.13221e-09;1;9.12248e-11;2.76551e-10;2.20923e-10;3.5788e-10;1.27072e-11;9.32179e-11;1.81122e-11;6.05234e-11;9.60698e-08;9.71181e-10;5.51156e-11
6.86982e-07;0.0810295;1.73847e-05;2.36078e-07;2.7313e-06;1.71072e-06;1.68445e-08;0.0104692;4.65673e-07;3.31025e-07;5.42312e-07;0.876177;0.0318613;0.000438543
1.86542e-07;0.981393;1.09384e-07;3.33901e-05;0.000154238;0.000104504;9.05682e-05;0.00109556;6.54336e-05;1.7172e-05;0.000215231;0.000941439;0.000675531;0.0152135
8.13679e-07;0.988229;6.22443e-07;2.13878e-06;5.70592e-08;1.46114e-06;0.000213015;3.37097e-06;1.77545e-08;2.72976e-06;2.28361e-06;0.000889081;0.010654;1.00801e-06
0.000117649;0.942585;1.17334e-09;1.09308e-05;3.25313e-06;6.43189e-06;0.000615421;0.00686532;8.36404e-06;3.02541e-06;2.51052e-05;0.0104791;0.0390238;0.000256982
2.05256e-05;0.0149752;6.07229e-05;1.87504e-07;9.59805e-06;2.70902e-08;1.39022e-08;0.127755;1.45363e-08;8.03497e-08;5.39516e-08;0.856945;1.87354e-05;0.000214769
5.61097e-06;0.162968;1.55461e-06;2.32769e-05;0.00343345;2.50455e-06;6.48557e-07;0.0861607;3.99501e-05;2.25789e-06;5.78526e-05;0.742494;0.0016791;0.00313066
2.33379e-05;0.816077;4.05826e-08;1.66579e-05;7.42607e-07;0.00015311;0.000400447;4.50846e-05;0.000972052;2.05264e-05;8.73517e-05;8.89173e-05;0.182097;1.81577e-05
6.21203e-05;0.00557269;0.0868579;4.83493e-05;7.29292e-07;1.30018e-06;1.86856e-05;2.00475e-06;2.71622e-05;6.77802e-06;1.34907e-06;0.907138;0.000235589;2.71681e-05
2.8796e-05;0.89014;1.50703e-09;2.0042e-06;3.31896e-07;4.09197e-07;7.52729e-06;0.0924007;0.00397939;3.63854e-08;0.000184256;6.10869e-05;0.0131707;2.45707e-05
1.69028e-07;1.69218e-05;4.11192e-10;3.75741e-09;4.48564e-08;4.30907e-09;2.399e-10;0.999975;4.92357e-06;2.27116e-09;5.08277e-09;1.98042e-10;2.8612e-06;1.09228e-08
6.11405e-06;0.00312272;3.83126e-07;6.43342e-05;0.000237332;5.6355e-07;2.56413e-06;0.00335131;0.00153658;2.73708e-06;3.46025e-05;0.987263;0.00316902;0.00120859
1.14847e-06;0.991093;7.91302e-11;1.12397e-07;2.76937e-09;2.6289e-08;3.50229e-06;0.00583903;5.73206e-06;4.89922e-07;1.30466e-07;4.99105e-11;0.00305698;2.99165e-07
2.52443e-10;1.42177e-09;0.999999;7.83613e-09;7.19702e-09;4.70596e-10;4.85047e-10;3.52683e-11;5.10019e-12;1.27391e-09;9.5752e-12;6.51788e-07;2.72574e-11;3.99628e-08
1.61691e-07;0.999584;1.04505e-05;6.27814e-06;9.51226e-07;1.77711e-06;1.59095e-06;1.05293e-05;9.38652e-07;2.22517e-08;8.71998e-07;2.76357e-05;0.000353651;7.25256e-07
2.05393e-05;0.0552046;3.36153e-06;4.77641e-06;7.22303e-06;5.52811e-06;2.40872e-06;0.00307762;4.50126e-06;6.46151e-07;1.35178e-05;0.915305;0.0262439;0.00010617
5.73741e-06;0.649699;4.08126e-06;8.61e-05;0.00160644;0.000154895;2.52905e-06;0.0169758;2.17743e-05;2.02503e-06;0.000238919;0.0191765;0.311379;0.000646566
4.24109e-07;0.0153333;3.95244e-06;0.000108473;0.0267934;0.0262152;0.000348064;0.000175355;2.2631e-05;0.00198236;2.47607e-05;3.38653e-07;0.00375924;0.925232
1.743e-10;1.26103e-09;1;6.79448e-11;1.68068e-10;3.16565e-10;4.04247e-10;1.26382e-11;4.26342e-11;9.37742e-11;1.13081e-10;1.4676e-07;8.19879e-11;1.3189e-11
0.000192556;0.064969;0.000570944;7.61015e-05;0.00119207;0.00356942;0.00052804;0.174274;0.0245948;3.22354e-05;0.0898003;0.559056;0.0783076;0.0028369
3.16265e-07;0.909827;2.48292e-08;9.43095e-07;4.76827e-07;1.83491e-06;1.6769e-07;0.000758807;2.70763e-06;1.57844e-08;1.50311e-05;4.74679e-05;0.0893312;1.42208e-05
8.78013e-06;0.130703;1.89106e-08;7.40608e-06;0.000983299;5.84866e-07;2.31919e-07;0.867591;1.13486e-06;2.63719e-06;2.16824e-06;0.000590044;0.000101793;7.80055e-06
0.00274433;0.0413198;0.924201;0.00357899;0.000727467;0.000177385;7.52326e-07;8.83674e-06;5.94183e-05;0.000154757;9.51602e-05;0.0133928;0.0099721;0.00356717
0.0604065;0.00371935;3.20667e-07;1.31538e-07;4.2971e-05;1.77199e-08;3.40959e-06;0.922354;0.00306648;1.26019e-08;0.000182651;0.00113954;0.00908362;9.27073e-07
1.88e-07;0.000546652;6.16819e-05;1.65913e-06;0.00137918;1.16062e-05;1.80577e-10;0.000337379;1.69345e-07;3.10059e-08;7.34888e-09;0.994671;0.0028524;0.000137779
0.000520789;0.960696;5.48678e-06;1.99989e-05;6.61938e-05;0.000322894;5.39926e-05;0.00573105;0.00280827;5.52048e-06;0.000483429;0.0076429;0.0215003;0.00014344
0.000313962;0.980837;3.02408e-07;4.20875e-05;0.000113258;1.71861e-06;5.95225e-06;0.00169384;0.000120403;1.91508e-05;2.72004e-05;0.0153085;0.00140775;0.000109262
0.00100404;0.219482;2.37103e-09;3.60522e-06;0.0121119;2.54924e-06;3.91947e-05;0.764285;0.00279556;1.4219e-05;8.00827e-06;0.000133005;0.000113795;7.3997e-06
7.63484e-05;0.00156379;0.468814;1.7668e-05;0.00389605;4.81342e-06;2.79037e-08;4.51031e-05;4.08724e-08;5.51571e-06;2.85841e-09;0.521961;4.07287e-06;0.00361167
3.33131e-05;0.00142567;1.11906e-10;1.70841e-08;3.38241e-11;3.28121e-10;0.99836;2.41016e-08;0.000131486;4.15386e-05;3.19024e-06;1.02721e-08;9.9747e-07;3.50484e-06
3.39244e-10;1.59788e-11;0.999999;1.97674e-10;1.60431e-09;1.62195e-11;4.69363e-09;2.0526e-12;2.77232e-09;9.94547e-11;1.38073e-11;6.80645e-07;4.91392e-13;9.28322e-11
9.55201e-07;0.00426061;1.32133e-09;7.57067e-09;1.44023e-05;1.24175e-09;1.11466e-09;0.995714;1.25012e-06;1.0587e-09;4.10094e-08;1.69584e-07;8.0487e-06;1.56962e-07
1.48217e-06;0.00569137;0.992685;1.98678e-05;0.000402136;0.000170554;4.82437e-06;3.0746e-05;1.72406e-07;0.000123841;4.94983e-07;1.37312e-06;0.000677553;0.000190672
3.28625e-10;2.90003e-10;1;2.59558e-10;8.11934e-10;1.30947e-10;1.58699e-09;1.5933e-10;3.59406e-11;4.15102e-11;1.35081e-10;4.74219e-08;4.60755e-12;1.13682e-09
1.13162e-07;2.15154e-05;0.000645176;2.36461e-08;6.32395e-08;1.1428e-08;4.10508e-08;5.31525e-07;3.31425e-07;3.18605e-09;3.44366e-07;0.999331;7.93926e-07;2.43523e-07
9.93408e-06;0.775965;1.73822e-06;2.50878e-08;0.00401359;0.000693474;3.25426e-08;0.199099;2.27574e-07;3.22706e-09;2.7744e-08;6.24173e-06;0.0100365;0.0101737
3.77875e-08;0.0672536;6.49763e-11;5.61474e-09;0.00104786;4.81409e-06;1.65329e-09;6.17955e-06;2.84721e-08;9.47142e-08;1.35016e-10;1.08419e-05;6.33639e-06;0.93167
9.35054e-06;0.0237061;7.09333e-06;2.77025e-07;6.86054e-06;1.08966e-06;2.15865e-05;0.974228;0.0015638;7.33927e-08;2.36038e-06;2.9714e-09;0.000453032;1.63932e-08
1.08774e-07;0.999951;7.46497e-06;4.12406e-08;5.58618e-09;3.03952e-09;1.87133e-10;2.15726e-06;2.1509e-10;2.57774e-09;1.96441e-11;2.04996e-05;1.8589e-05;5.02021e-07
1.09266e-06;0.308929;1.49364e-09;9.65139e-06;1.07438e-05;2.05106e-05;2.29573e-08;0.0103264;1.82141e-07;1.7742e-07;1.03629e-06;0.00273959;0.67795;1.1351e-05
0.000439245;0.00589452;0.000785376;0.0001059;0.0246514;0.000118446;3.09915e-05;0.000739254;1.26234e-06;6.48258e-05;0.000119599;0.67729;0.00154291;0.288216
1.0162e-05;0.000513064;2.71657e-10;2.33963e-06;0.0242228;2.01759e-06;8.41258e-07;0.973007;0.000250198;4.4874e-08;1.14058e-05;9.10909e-06;0.00196932;1.12532e-06
0.000206285;0.00397202;0.99418;8.72369e-05;8.99807e-05;8.10341e-06;5.87629e-06;2.01136e-06;4.32247e-06;5.44921e-06;4.05085e-05;0.000124715;0.000682556;0.000591332
0.00461031;0.0410505;9.23818e-06;1.72662e-06;3.8902e-05;6.51548e-06;6.33912e-05;0.912566;0.000777597;2.59089e-06;0.000282087;0.00169126;0.0388094;9.00873e-05
1.74932e-07;0.0777175;6.02992e-06;2.96846e-07;1.44484e-05;3.43558e-06;6.03488e-09;1.2594e-05;2.58221e-08;2.93618e-08;1.64433e-07;0.921649;0.000261144;0.000335672
2.0634e-06;0.0226846;4.14373e-06;2.33917e-08;5.85392e-05;1.99907e-07;3.9444e-09;0.974449;1.28919e-08;7.42354e-08;1.3556e-07;0.00185508;0.000384091;0.00056234
1.41921e-06;0.00252445;1.61413e-06;1.59994e-06;0.000241181;7.67038e-07;7.57882e-07;0.00176503;0.000294133;1.19092e-06;0.0015727;0.993081;0.000257778;0.000256141
0.000338494;0.803504;1.45169e-07;4.53186e-06;2.32163e-06;6.72926e-05;0.000558448;0.000750011;0.0511356;1.17228e-05;0.00152518;2.27954e-05;0.142078;1.2691e-06
0.000287108;0.104585;0.0983056;3.30813e-05;2.78881e-05;8.53737e-06;7.27997e-07;0.000800604;3.29813e-05;9.1858e-06;6.89509e-07;0.793249;0.00263801;2.1523e-05
1.26032e-05;0.957913;7.33686e-10;7.93353e-06;3.57012e-06;3.03109e-07;1.12176e-06;0.00436408;0.000426306;5.72447e-08;8.16921e-05;0.000103386;0.0370814;4.16859e-06
1.4502e-06;0.999142;0.000622602;4.04647e-06;8.57397e-06;1.96374e-07;1.07131e-09;2.60004e-05;1.18741e-08;3.48685e-07;8.07714e-09;3.28521e-05;1.64692e-05;0.000145967
0.00010752;0.961866;1.23481e-09;8.72132e-06;3.87464e-07;1.45688e-07;2.88254e-06;0.00657922;2.58808e-05;5.68693e-07;0.000730757;0.0203831;0.010293;1.59151e-06
0.000963187;0.31705;2.20651e-05;0.00179507;0.00162073;3.32934e-05;0.000117171;0.0250794;0.00037318;0.000401029;0.00322529;0.63257;0.00563061;0.0111188
2.60188e-05;0.640121;1.1819e-09;0.000274021;0.000570302;0.0003014;6.78176e-06;0.0582193;3.45436e-05;6.32524e-05;8.36029e-05;0.00041058;0.29922;0.000669508
9.902e-05;0.126736;1.67764e-07;6.20751e-05;2.25018e-05;7.37272e-06;4.50914e-06;0.209669;9.25726e-05;2.2052e-05;0.00070554;0.000206071;0.662333;4.03423e-05
4.82054e-05;0.993702;0.00452428;0.000145678;8.41125e-07;1.10609e-07;8.63144e-05;1.61683e-05;1.38519e-05;1.25699e-05;9.31581e-06;0.000388202;3.07576e-06;0.0010496
1.89784e-06;0.901913;2.65632e-08;3.2605e-05;1.05822e-05;8.15585e-06;1.62274e-07;0.0109723;2.95139e-06;2.43353e-07;3.00032e-05;0.00230612;0.0845785;0.000143914
3.43938e-05;0.00272842;0.00373099;0.000125097;0.0225185;0.000101748;4.7263e-05;0.000846374;8.78477e-07;0.000282659;4.71999e-05;0.434847;0.000287631;0.534401
1.02385e-06;0.00132062;3.54264e-08;4.15332e-06;0.00831713;1.22045e-06;1.50513e-06;0.989924;7.34239e-06;4.60673e-08;2.38587e-05;1.27763e-05;0.000385182;1.24025e-06
0.000185971;0.0356592;0.952225;0.00123223;0.000130342;2.75476e-05;3.63727e-05;1.92968e-05;7.09677e-06;5.73288e-05;0.000667888;0.000929336;0.00100132;0.00782104
2.92689e-05;0.000241131;1.46351e-07;3.75843e-09;2.0748e-06;7.47454e-09;1.89405e-08;0.999711;2.1954e-07;5.46702e-09;4.0972e-07;8.9627e-06;4.32726e-06;2.487e-06
1.71832e-06;0.969157;0.000295336;4.78837e-06;0.00028136;0.000577813;1.25462e-05;0.00595941;8.11616e-07;2.20566e-05;5.63146e-06;4.79179e-05;0.0222584;0.00137492
6.31684e-10;3.61822e-08;1;6.99259e-10;3.96471e-09;4.40423e-11;4.34038e-08;1.47649e-11;2.9617e-11;1.55019e-09;7.7776e-10;1.92155e-08;5.91129e-10;7.75469e-10
1.30118e-06;4.08989e-05;8.99803e-05;3.13598e-07;1.50556e-06;6.3256e-07;7.64967e-09;3.25646e-05;1.69847e-06;4.21565e-08;1.54986e-06;0.999797;1.91284e-05;1.30117e-05
3.92515e-05;0.977104;2.97698e-11;3.58655e-06;4.53977e-06;0.000936857;8.01303e-05;0.000800637;0.000260548;9.60918e-06;0.000236342;8.27595e-09;0.020502;2.25132e-05
2.61448e-07;5.7959e-06;1.72246e-05;4.77725e-08;7.2029e-05;3.02299e-07;7.56474e-12;1.64909e-08;2.18599e-09;1.87578e-09;1.64884e-09;0.999883;2.77343e-06;1.8621e-05
1.49055e-06;0.00179004;4.10022e-10;4.59024e-10;7.433e-06;3.5822e-07;1.30813e-08;0.998009;3.15227e-06;5.17749e-09;8.19662e-11;2.00149e-13;0.000188118;4.77847e-08
9.44574e-09;6.80032e-07;0.999995;5.72966e-09;3.31035e-06;7.86485e-09;2.74106e-10;1.07585e-06;9.8167e-11;2.88078e-09;5.28159e-12;8.37575e-08;2.55492e-09;1.38725e-08
8.51333e-09;3.66222e-08;0.99943;2.89589e-08;9.76254e-09;2.33272e-08;6.16811e-12;2.93485e-06;2.72856e-09;1.96265e-10;7.31209e-11;0.000567283;9.08557e-09;1.29048e-08
4.76894e-07;0.00260518;8.98808e-09;2.84126e-08;4.6977e-05;0.0015135;7.27083e-07;2.23002e-07;2.11304e-09;1.78634e-06;3.66067e-09;1.05883e-11;8.39888e-05;0.995747
1.49786e-10;7.22692e-10;0.999999;1.62111e-09;1.35288e-07;1.45937e-07;8.97588e-13;2.40284e-12;7.74525e-12;2.20832e-11;7.90202e-12;1.16137e-06;2.93954e-12;2.00002e-09
3.62463e-05;0.0063605;3.31231e-05;4.29108e-07;0.00231956;9.38937e-06;2.03011e-09;0.991109;1.71779e-07;2.23526e-08;9.78601e-09;7.08725e-05;5.0733e-06;5.58559e-05
5.92336e-09;2.66328e-06;1.61084e-09;4.13494e-12;1.52326e-06;5.84838e-10;3.8754e-13;0.999995;1.91851e-10;2.13915e-11;2.57932e-13;2.62367e-11;9.45986e-07;1.52379e-10
1.9751e-10;9.24079e-09;0.999997;1.32237e-08;9.49763e-07;4.68807e-07;4.3601e-13;5.685e-11;2.40678e-12;2.63433e-09;4.85851e-12;1.704e-06;8.19761e-10;2.76456e-08
2.21267e-07;0.999362;9.88817e-07;1.05306e-07;3.47983e-08;9.48483e-08;6.34273e-08;0.000496202;3.54248e-07;4.7558e-09;6.73207e-07;2.26703e-06;0.000137307;6.57157e-08
