2.90476e-07;1.86905e-05;6.75978e-13;3.62866e-11;2.02126e-09;6.18441e-10;2.47189e-09;0.999946;7.55278e-08;1.2919e-10;3.47701e-10;4.98649e-13;3.47384e-05;1.77281e-09
8.05613e-10;1.2911e-07;6.55022e-09;3.127e-09;4.84448e-08;4.64018e-10;1.1981e-09;1.07343e-07;7.03062e-07;2.99459e-11;4.81871e-09;0.999999;1.62188e-08;2.82268e-07
1.22759e-06;0.0799678;2.9115e-12;2.04673e-08;5.27321e-09;3.37787e-09;3.07679e-07;2.31812e-05;8.50839e-06;2.14936e-10;8.42868e-07;1.01945e-06;0.919997;1.42231e-08
3.63647e-07;0.000594307;5.82177e-05;2.79424e-07;1.22621e-05;7.8634e-07;3.65577e-10;1.05102e-05;1.5986e-08;3.04224e-09;3.72191e-08;0.998477;0.000756915;8.93925e-05
8.56082e-07;0.0293409;6.07035e-07;4.93496e-05;0.0932755;0.000737321;2.11024e-07;0.862358;5.13946e-06;3.31619e-06;6.37416e-06;0.000120809;0.000264486;0.0138375
3.78122e-06;0.143329;0.812982;0.000863958;4.57584e-05;0.0066525;2.68114e-07;5.89888e-05;1.31564e-07;6.847e-05;1.20236e-05;0.010628;0.000304928;0.0250493
0.0013652;0.170611;8.67306e-07;6.52407e-06;4.35311e-07;2.7642e-05;0.000651596;5.83577e-05;0.000274737;2.37897e-06;0.0212107;0.0153815;0.790404;5.42604e-06
6.09068e-06;0.101122;3.95789e-06;5.85853e-08;1.10443e-05;4.42774e-06;1.94914e-07;0.000266266;2.26716e-05;2.57684e-08;3.98153e-06;0.842734;0.0547569;0.0010687
1.34303e-05;0.673066;6.53665e-09;3.43916e-07;2.21568e-05;0.00015737;1.47753e-06;0.01907;0.000551966;1.54311e-07;2.79724e-05;0.00203792;0.304939;0.000112646
0.00108661;0.510073;1.1154e-06;0.000168254;0.000895312;0.00039074;7.09798e-05;0.120568;0.00255893;0.000201622;0.000709153;0.159543;0.195729;0.00800382
0.000236707;0.681998;1.06209e-05;2.54623e-05;0.000425817;1.8321e-05;4.50246e-06;0.0143678;8.18693e-05;4.79105e-06;7.20196e-05;0.0681384;0.209385;0.0252308
2.73881e-05;0.951891;2.10202e-10;4.37902e-06;2.18114e-05;4.96878e-07;0.000131571;2.9718e-05;1.55379e-05;6.60267e-06;1.18068e-05;0.00121826;0.0348091;0.0118326
4.18781e-05;0.182349;3.15002e-08;0.000325248;8.07438e-05;0.000202918;0.000373246;0.0038229;0.0047674;1.86005e-05;0.0015293;0.000590926;0.805807;9.06666e-05
5.34523e-06;0.000434442;0.991708;0.000102654;8.55866e-05;3.33704e-06;1.06228e-07;1.04825e-05;6.28429e-08;1.74027e-06;6.932e-08;0.00460145;5.71845e-06;0.00304097
9.54901e-06;0.342321;3.34917e-08;2.8601e-07;1.49021e-07;1.22774e-06;1.07543e-06;0.000245551;3.2544e-06;2.10883e-08;1.24548e-06;1.51466e-05;0.657399;2.1987e-06
1.27877e-05;0.520722;5.90894e-08;8.23085e-06;4.0645e-05;6.85881e-06;1.68662e-07;0.00514707;5.56708e-05;8.13419e-07;2.82736e-05;0.000419295;0.473554;4.15756e-06
4.5243e-05;0.215225;4.84971e-10;0.000138927;6.1069e-05;0.000181092;9.42211e-08;0.00910989;0.000313922;7.59417e-06;0.000274155;0.759679;0.0147521;0.000212149
1.2193e-06;0.998313;3.5102e-07;2.26186e-08;1.25807e-09;1.54924e-09;4.84759e-07;3.66562e-06;3.85793e-09;4.66925e-08;1.85156e-07;1.19934e-05;0.00166934;4.8437e-09
3.24707e-05;0.00931845;3.65752e-06;0.00036325;0.00579146;0.287161;0.000106447;5.29454e-05;3.8382e-05;8.72643e-06;0.000760013;0.0212969;0.194167;0.4809
0.000280695;0.597634;2.15335e-08;0.000275014;0.00262283;0.156915;1.49331e-06;0.121875;8.8892e-05;2.21315e-05;2.32235e-05;2.9752e-05;0.0920929;0.0281394
4.91484e-06;0.000438327;5.07496e-11;5.29479e-08;1.44579e-07;7.99641e-08;2.35935e-08;2.89584e-05;8.4445e-07;6.15721e-09;1.0981e-06;2.15658e-06;0.999523;3.69964e-09
2.62987e-05;0.000887699;4.44612e-07;2.0327e-06;9.07064e-07;6.44074e-07;3.10578e-09;1.42894e-05;4.75733e-06;8.76591e-08;9.92392e-06;0.998369;0.000680979;3.09848e-06
1.14455e-06;0.999858;2.50704e-08;6.29959e-08;3.51455e-09;2.18678e-09;7.04631e-09;1.42935e-05;7.67582e-08;7.78171e-09;2.5115e-06;0.000105941;1.7547e-05;6.37087e-10
3.52406e-08;0.996721;3.5929e-10;6.6317e-06;1.65273e-06;1.01305e-07;3.15283e-06;1.38491e-05;1.34943e-08;0.000214987;5.42925e-08;1.15788e-06;4.28543e-07;0.00303726
4.26687e-08;1.42444e-07;0.99959;4.75796e-07;5.03145e-10;6.71529e-09;6.74792e-06;1.60565e-08;1.41104e-07;9.2939e-08;0.00040183;7.889e-07;2.72348e-07;8.46796e-10
1.86025e-05;0.99834;9.12241e-08;8.87662e-08;4.9838e-08;1.09459e-08;6.44518e-06;6.64257e-05;5.75355e-08;8.70428e-08;2.68816e-05;9.28428e-07;0.00153651;3.87779e-06
1.20873e-07;0.000190067;6.95006e-07;1.16798e-07;0.00035831;1.91477e-08;5.42437e-09;0.00147439;2.22618e-07;1.09806e-08;6.02949e-07;0.997972;2.60178e-06;7.58284e-07
8.04661e-05;0.981264;0.00852751;1.47214e-05;0.00048548;1.48982e-05;4.54806e-07;0.000105243;6.16139e-08;3.18164e-05;1.42203e-07;0.00387035;0.00502106;0.000584283
0.0155854;0.0155023;2.93261e-07;2.42363e-05;0.00372146;8.203e-06;0.0199118;0.0170369;0.0446373;0.000112593;0.0186181;0.23957;0.621884;0.00338728
0.000550649;0.981957;2.56273e-05;0.000118877;0.000566503;3.85692e-05;2.60983e-05;0.000162699;0.00051672;9.7056e-06;0.000344412;0.00174377;0.0136214;0.000318124
0.00020777;0.90456;8.93828e-09;2.05108e-06;1.86579e-05;9.15802e-06;2.1676e-07;0.0018494;5.05738e-05;1.86011e-06;9.76618e-07;0.07207;0.0163992;0.00483043
4.55949e-06;0.00260638;3.6339e-10;1.37529e-06;2.75998e-06;7.92679e-07;3.94038e-07;0.00132859;6.33684e-05;7.95379e-08;0.000200996;0.000590818;0.9952;2.81977e-07
1.86277e-06;0.99861;4.67609e-10;3.4992e-07;3.47606e-07;1.12099e-07;1.25748e-08;0.000421412;4.71312e-07;4.5976e-08;1.71162e-07;0.000173975;0.000569304;0.000222139
6.08554e-06;0.948977;1.09482e-05;0.000784382;0.00161696;6.60489e-05;7.30171e-07;0.0146721;8.80606e-05;8.11929e-06;0.000147052;0.0207029;0.00228628;0.0106328
1.28527e-05;0.950162;5.67256e-05;0.00029022;0.000239556;2.23478e-05;8.56594e-06;0.000346045;7.96082e-07;8.75323e-05;1.45791e-05;0.00231573;9.33174e-05;0.0463496
1.78691e-05;0.00703276;4.64751e-07;8.30984e-07;6.39546e-08;3.78553e-08;9.50472e-07;0.00127034;9.04033e-07;9.98456e-09;0.00169164;0.987826;0.00215752;5.30811e-07
3.34637e-07;0.996269;3.35367e-08;6.23341e-07;8.68811e-07;4.26187e-07;0.00110037;4.30304e-05;4.43746e-08;0.000277224;1.78829e-07;4.61895e-07;4.21779e-05;0.00226506
6.7455e-11;1.26073e-10;1;7.51213e-11;1.4964e-09;1.1736e-10;4.05724e-09;6.28201e-12;1.01204e-11;9.07624e-10;2.09686e-11;3.27909e-09;5.17785e-12;4.2196e-12
9.983e-06;0.986305;3.4176e-08;5.79633e-05;1.50628e-05;4.38285e-05;5.39903e-05;0.000288037;0.000308535;7.05992e-06;0.00377877;1.07177e-06;0.00911866;1.18755e-05
7.34974e-06;6.4218e-05;1.11377e-09;2.33206e-06;2.42495e-06;1.04127e-06;1.57613e-08;0.999909;6.71911e-07;1.47938e-07;2.65094e-06;1.22851e-07;1.00623e-05;1.32298e-07
3.11507e-07;0.681389;1.15321e-10;3.9954e-06;1.70976e-06;2.5132e-08;9.84404e-05;9.7511e-10;1.12626e-09;0.000121744;3.98107e-08;5.29008e-08;3.40808e-08;0.318385
7.90075e-05;2.09865e-06;0.998406;1.07474e-06;1.96269e-07;8.60192e-07;0.000503178;6.65543e-05;0.000238502;1.00722e-06;0.000264142;0.000436156;1.03934e-06;4.25488e-09
5.2644e-05;0.788382;1.11431e-08;8.33661e-07;2.58713e-08;2.18609e-06;1.20875e-05;2.42089e-05;1.04841e-06;5.00191e-08;4.28648e-06;7.74176e-08;0.211521;1.67651e-07
0.00982861;0.0568963;0.00140661;9.95676e-05;0.0282361;0.000481675;1.55543e-06;0.000832589;0.000178343;4.72768e-05;8.86524e-07;0.871643;6.36265e-05;0.0302837
0.00104992;0.981758;1.45099e-09;4.76942e-06;2.44015e-05;4.97727e-05;0.000184312;0.0118431;0.00328453;1.25377e-05;3.00356e-05;2.82268e-07;0.00122965;0.000528366
0.000210801;0.985914;4.80696e-09;0.000220233;0.00691999;7.9512e-06;0.00097316;0.00220937;0.00110539;0.000897363;5.92206e-05;7.24296e-05;0.000515616;0.000894341
0.000189521;0.372486;0.59629;0.00187491;0.000197364;3.07793e-06;9.52669e-06;3.14151e-07;2.12144e-06;3.60654e-05;3.90009e-06;0.0285483;0.000355948;3.14091e-06
0.0290817;0.747942;1.00105e-06;0.000164461;7.99401e-06;2.94717e-05;0.0218575;0.000111338;0.0255624;1.42449e-05;0.00523413;0.0113159;0.149979;0.00869912
7.89683e-05;0.297441;0.000746186;1.68751e-06;0.000164377;5.10853e-06;2.77003e-07;0.401077;1.09469e-05;9.49807e-08;1.39615e-07;0.240038;0.0603929;4.41601e-05
3.68706e-07;0.0169971;2.8424e-06;6.69362e-05;0.00130236;0.000505804;5.87768e-09;0.0390969;6.93779e-07;8.35083e-07;1.85322e-07;0.0140202;0.000503527;0.927502
0.000679984;0.489896;0.000524117;7.13959e-05;0.000180627;4.64301e-07;0.000159181;0.21856;0.000155623;2.07158e-06;8.21355e-05;0.259696;0.0299926;1.16018e-07
0.000158375;0.0666545;0.743503;0.000446041;0.00151822;0.000472024;1.15658e-06;0.000689848;2.38763e-06;7.35896e-06;5.11895e-06;0.17816;0.00574282;0.00263846
1.47577e-06;0.897296;3.03102e-09;2.7699e-07;9.73776e-07;1.42902e-05;1.78016e-07;0.0876297;3.30069e-06;1.06287e-08;7.77557e-07;0.00416057;0.00963052;0.00126227
1.92769e-08;0.999898;2.383e-10;4.33429e-09;2.07004e-09;1.89127e-09;7.44751e-05;7.06798e-09;7.95489e-10;1.75752e-05;1.92918e-09;1.14432e-08;5.68957e-06;4.4526e-06
1.35107e-09;1.67872e-10;0.999997;8.70943e-08;4.87742e-08;3.99811e-08;2.24833e-06;7.85386e-12;3.55372e-08;6.30632e-08;3.88091e-08;7.51035e-07;6.5771e-09;2.03934e-10
6.51384e-06;0.999103;9.17117e-06;2.06402e-06;1.06252e-07;8.12172e-09;1.18915e-05;7.54808e-05;2.4039e-07;2.31589e-07;4.97304e-06;1.84633e-05;0.000766107;1.39189e-06
3.07705e-07;0.998925;2.15925e-10;2.59036e-08;6.58396e-08;4.97611e-09;0.000257955;1.25428e-05;2.95596e-08;2.07602e-05;2.69777e-08;7.73098e-10;4.44921e-06;0.000779181
2.10058e-13;1.81009e-13;1;4.47231e-12;2.38806e-11;4.99532e-11;6.86346e-12;2.0016e-15;6.67632e-13;1.01946e-11;5.55682e-13;1.62307e-09;1.16653e-16;1.42705e-10
1.38015e-06;0.679521;1.95075e-10;1.02749e-06;2.95422e-06;2.44524e-06;2.53876e-05;2.08017e-05;7.67548e-06;4.02742e-08;1.65641e-05;1.32993e-06;0.32036;3.943e-05
2.77932e-06;0.00582848;0.000933753;6.59279e-06;6.14618e-06;5.28323e-06;2.87786e-05;0.352129;7.15633e-05;2.5074e-06;9.46941e-05;0.640406;0.000467815;1.63634e-05
6.54482e-06;0.252849;0.000644306;0.00246627;0.00530423;0.307449;1.05869e-06;0.174841;2.93995e-05;2.59113e-05;0.00013691;0.130952;0.0685334;0.0567616
0.000228981;0.632516;1.75411e-06;0.00285409;9.96569e-05;0.00260394;0.000387519;0.0499474;0.00726378;1.88678e-05;0.00231979;0.044603;0.00486677;0.252288
0.000605646;0.909997;0.00714621;0.000517726;0.000619689;0.000264454;6.59116e-08;0.00519637;3.48474e-06;1.04363e-06;2.1975e-06;0.0271805;0.0410736;0.00739187
5.61717e-05;0.421686;1.21168e-05;3.715e-06;2.14788e-05;4.22857e-05;3.86183e-06;0.00176168;4.49919e-06;5.11674e-07;1.73598e-06;0.334211;0.24196;0.000234677
0.000307623;0.221849;7.71706e-08;6.55995e-05;0.00165159;0.000585863;8.78845e-05;0.0462412;0.000255584;2.24089e-05;0.000902448;0.0100435;0.711947;0.00604066
0.000311361;0.793444;0.00434852;1.62962e-05;0.000214943;2.18007e-05;1.9279e-05;0.0461398;3.33686e-06;9.3618e-06;9.63889e-06;0.147019;0.0063245;0.00211846
0.000190776;0.271227;1.10371e-05;1.28125e-05;7.21203e-05;3.77271e-05;1.04871e-05;0.00260929;5.7331e-05;4.34884e-06;4.46939e-05;0.612179;0.11307;0.000474148
0.000111636;0.988382;4.72959e-07;4.70941e-05;9.07349e-05;6.63654e-05;1.15332e-05;0.00514662;0.000825431;7.39555e-07;6.5928e-05;0.00357289;0.000970969;0.000707971
0.000147418;0.0411367;0.000554445;1.23217e-05;0.00120507;1.7218e-05;5.13667e-08;0.024295;1.96247e-06;6.44425e-06;1.43563e-06;0.928334;0.00362841;0.00065999
1.27123e-06;0.00731657;1.03029e-07;5.84184e-07;2.07965e-07;2.04598e-07;0.990951;4.67382e-06;2.86286e-05;0.00144973;0.000103256;4.05466e-09;4.53271e-05;9.84966e-05
2.53249e-10;2.50897e-10;1;1.56968e-10;1.03623e-10;3.37155e-11;4.18883e-08;1.26364e-13;4.99485e-10;4.04384e-10;7.30962e-10;2.97253e-09;1.01767e-12;2.53243e-12
0.000254937;0.93581;0.000127738;9.0272e-06;6.65425e-06;2.9677e-06;0.000243668;0.0593339;0.000691314;1.80795e-06;0.000162712;0.00265921;0.000644728;5.09013e-05
4.28833e-06;0.659552;5.11761e-07;2.11507e-05;2.61649e-05;3.5958e-06;5.03e-06;0.0055405;5.47041e-05;4.92591e-07;0.000110845;0.0474291;0.287115;0.000137279
1.51703e-05;0.103776;0.000118497;3.07797e-06;0.000715027;5.06811e-08;1.23905e-06;0.00367153;3.19413e-07;9.69366e-06;7.76273e-07;0.0196107;6.56979e-07;0.872077
5.27049e-06;0.0033654;0.0391233;2.00323e-05;0.00734375;0.000130436;6.24805e-09;0.0042976;1.95478e-08;1.00718e-07;8.29825e-07;0.934437;0.000120952;0.0111554
3.50194e-08;0.993862;1.52932e-11;2.22058e-10;6.10284e-12;1.27179e-10;0.00604668;2.33196e-08;4.46509e-09;1.89923e-07;1.02223e-08;5.25669e-13;1.08329e-06;9.0428e-05
1.55096e-11;9.47286e-11;0.999999;1.05256e-12;1.23347e-10;3.21873e-11;7.98438e-10;1.58686e-12;5.9194e-12;1.23401e-11;6.97664e-13;4.825e-07;2.91503e-12;1.07975e-11
1.48576e-06;0.9983;2.85162e-09;2.0349e-06;4.23741e-07;1.16875e-06;1.3685e-05;0.000953675;5.67862e-05;1.25339e-06;4.98915e-05;3.00226e-07;0.00059801;2.16951e-05
7.03433e-06;0.00170856;6.73496e-08;4.76313e-08;0.00010654;8.5898e-08;2.39621e-10;0.90617;4.22285e-10;5.96791e-08;7.33188e-10;0.091714;4.18159e-05;0.000252221
7.73437e-07;0.994353;5.5255e-06;7.71866e-07;1.31256e-05;1.29284e-05;7.04571e-05;0.00471541;4.40882e-07;2.00735e-06;4.10912e-07;2.3325e-06;0.000788059;3.4605e-05
2.34845e-10;3.04823e-09;1;4.24684e-10;7.9166e-09;2.70319e-11;5.08276e-09;8.9669e-11;4.29948e-11;1.44817e-10;1.20151e-10;7.6832e-08;2.47928e-10;1.15462e-10
4.45236e-05;0.0502241;0.000154001;1.21573e-05;3.10555e-05;6.44291e-05;3.85584e-06;0.00049114;0.000329927;7.60686e-06;9.6773e-05;0.947235;0.0011409;0.000164807
0.000130774;0.878117;1.20504e-06;1.72015e-06;3.78859e-05;0.00033912;4.86281e-06;0.000468758;1.42041e-05;1.47952e-06;0.000127248;0.000190687;0.120408;0.000156692
0.000163241;0.13364;1.86745e-06;1.17936e-05;0.001069;5.09534e-05;4.52921e-06;0.00027659;2.22526e-05;2.04805e-05;5.78218e-06;0.840194;0.00111574;0.0234239
0.00109585;0.894091;0.00544518;0.000497112;0.00279697;0.000138331;8.12536e-06;0.0585204;6.70249e-05;7.56103e-06;1.31004e-05;0.0369522;0.000154993;0.000211813
0.000294315;0.0513569;6.75799e-06;4.19163e-07;0.000270118;6.9161e-06;4.9588e-08;0.856889;1.90446e-06;9.17263e-08;3.66019e-07;0.0878539;0.0023545;0.000964604
3.94509e-05;0.0384585;7.92124e-07;4.18436e-07;0.00144755;1.99474e-05;7.7874e-09;0.917897;6.98497e-07;8.16603e-08;4.32145e-07;0.0245594;0.00728326;0.0102929
1.39085e-07;0.994334;4.31276e-08;5.70505e-08;3.69402e-09;2.16137e-08;0.00125755;2.35882e-05;1.57934e-08;2.26007e-05;1.29116e-07;6.67741e-08;5.07349e-05;0.00431067
3.99736e-11;6.3811e-11;1;1.10502e-10;4.02823e-09;2.14411e-10;9.91311e-09;2.31034e-11;6.39732e-11;5.45186e-10;2.24564e-11;8.18521e-08;3.70745e-13;1.07843e-09
2.27751e-06;0.998686;1.36474e-09;1.91757e-06;7.19917e-07;2.74844e-07;9.93689e-05;5.66503e-05;1.91195e-05;4.75731e-07;1.92792e-05;6.39921e-08;0.00111238;1.24141e-06
1.922e-05;0.239765;6.98706e-09;1.33093e-05;0.00029156;2.05378e-05;1.54905e-07;0.0020881;1.11114e-06;2.65085e-06;8.52514e-07;0.644625;0.104213;0.00895992
3.50233e-05;0.05847;7.7919e-09;4.19202e-06;1.58387e-06;0.000107489;2.80543e-05;2.77036e-06;3.13499e-06;1.49556e-06;6.07309e-06;6.43427e-05;0.941213;6.24258e-05
0.000809857;0.188704;0.572756;0.000143288;0.00142459;0.000583376;5.45479e-06;0.015267;3.18656e-06;8.15154e-06;1.45167e-06;0.179681;0.030996;0.00961703
2.40965e-06;0.958115;3.19532e-09;1.13139e-06;1.30763e-05;2.86134e-06;0.0300363;0.00152644;1.02656e-05;0.000478616;1.46068e-06;7.27511e-09;0.000473266;0.00933939
2.27082e-10;4.00409e-11;0.999999;2.09375e-10;9.87758e-10;5.19522e-10;7.16098e-09;4.7623e-12;1.16956e-08;3.53426e-11;1.01589e-09;1.18308e-06;1.11669e-11;2.07781e-11
1.09313e-05;0.993396;1.95651e-07;3.54078e-07;2.48874e-06;1.56416e-07;9.4087e-07;0.00557858;3.60897e-05;5.95142e-08;6.98676e-06;1.33629e-05;0.000945722;7.86398e-06
1.03656e-06;0.746021;5.77903e-09;1.21691e-06;1.68754e-07;1.31521e-07;1.79643e-08;0.000751854;3.51086e-05;2.19549e-07;5.38454e-06;0.251665;0.00151809;8.1433e-07
2.19609e-05;0.752697;1.76672e-06;1.90576e-05;5.45363e-05;2.50824e-05;7.51492e-05;0.231903;0.000142013;2.1193e-05;0.00465793;0.00291511;0.00728596;0.000180532
7.38004e-07;0.0183399;3.81959e-06;9.04681e-08;1.37388e-07;7.13048e-08;3.15668e-07;5.38481e-05;9.01831e-07;4.17746e-09;1.34436e-06;0.98049;0.00105678;5.18036e-05
0.000109094;0.824271;1.67342e-06;1.47399e-06;3.6144e-06;1.0224e-07;2.95541e-06;0.00691077;1.14483e-05;3.60414e-08;2.95064e-06;0.0123519;0.155963;0.000370583
9.14386e-05;0.100891;0.000321825;1.74464e-06;0.000107102;1.38554e-06;2.21464e-07;0.828394;6.03941e-06;2.22464e-07;7.53991e-07;0.0478728;0.0120132;0.0102975
1.14844e-07;0.00353061;7.62558e-09;8.77108e-07;0.0278106;2.02512e-06;1.46588e-09;0.968506;1.28155e-06;1.62438e-08;1.30851e-07;0.000125129;1.45375e-05;8.46357e-06
6.11208e-07;7.87713e-06;0.996294;4.76385e-06;7.94818e-06;2.12998e-06;5.79795e-08;2.58582e-07;3.56033e-08;2.91902e-07;4.63777e-07;0.00359157;6.14074e-06;8.35581e-05
3.17812e-05;0.979454;1.36323e-08;3.02344e-05;4.15254e-06;8.9903e-06;1.95006e-05;0.00873813;0.00459694;3.35194e-08;0.00110674;2.27481e-05;0.00544233;0.000544503
4.29949e-07;8.64443e-05;3.04481e-09;3.9479e-09;0.000152211;8.84713e-10;2.31767e-10;0.999758;6.50756e-08;4.75052e-09;2.08867e-09;1.69997e-06;5.78758e-07;4.28677e-07
3.05251e-08;1.09225e-05;0.999957;4.18669e-06;8.85491e-06;5.67161e-06;2.72622e-09;1.63098e-08;5.54072e-09;1.85856e-07;3.90628e-08;1.84587e-06;2.25007e-07;1.07074e-05
1.08476e-05;0.999296;1.41811e-10;5.79828e-10;3.47009e-09;3.88198e-08;1.6217e-06;1.62891e-06;1.77299e-08;1.82745e-09;3.17805e-08;7.14904e-05;0.000618508;2.79737e-08
1.07023e-05;0.00396469;2.9827e-09;4.04822e-08;2.54925e-05;7.31248e-07;2.59634e-08;0.00365551;4.46049e-06;3.65942e-09;2.03262e-07;0.950872;0.0414584;7.69495e-06
0.000333704;0.0940773;1.48812e-10;0.000180006;0.000578693;3.25543e-05;3.64701e-07;0.529906;0.316118;7.2673e-07;0.00435132;2.89956e-05;0.0543654;2.74096e-05
0.000528362;0.278086;0.0589375;6.47609e-06;3.33865e-06;1.72143e-08;2.05368e-07;0.000629409;3.78981e-06;4.35052e-06;2.41621e-06;0.648987;0.0128063;4.11807e-06
7.06529e-05;0.032913;3.31989e-08;7.88154e-06;0.246882;0.00012481;7.90021e-05;0.716996;0.000530761;2.61547e-05;0.000415598;0.000565994;0.000979007;0.000408706
0.000116635;0.0732823;0.902385;0.000142743;0.00601536;0.000161014;2.75059e-06;9.13123e-05;1.3195e-06;4.67891e-05;6.30146e-07;0.0165787;0.000412888;0.000763163
0.000853155;0.620267;3.07031e-06;7.63724e-05;9.20101e-05;8.50553e-05;0.000485609;0.0775951;0.125008;3.31069e-06;0.0103205;0.0588784;0.100193;0.00613929
1.83063e-05;0.107521;5.26318e-07;7.15383e-05;0.00161857;0.000347438;8.77276e-08;0.00331016;0.0010298;1.49542e-06;4.35444e-05;0.00127737;0.883226;0.0015334
0.000843442;0.141518;1.77222e-05;0.00056537;0.00254876;0.00317558;2.14036e-07;0.00546638;3.83547e-05;3.41153e-05;1.6925e-05;0.0168871;0.410237;0.41865
2.46319e-05;0.0105462;3.79968e-07;5.80769e-07;0.00145783;3.11881e-07;5.89863e-07;0.97266;3.39502e-06;6.4611e-07;4.16961e-07;8.89744e-06;0.000147877;0.0151481
1.99601e-06;0.0241159;4.08723e-06;1.89508e-06;0.000252207;6.65262e-07;4.93324e-07;0.0181965;9.02617e-06;1.10023e-06;1.01861e-06;0.956698;0.000387653;0.000329762
0.00155051;0.442145;1.42379e-06;0.000339695;1.24069e-05;4.16305e-06;0.0204386;7.14978e-05;0.0480306;2.98318e-05;0.150982;0.305707;0.0306811;6.84235e-06
5.55958e-05;0.998341;9.11407e-07;2.11484e-07;2.51354e-09;3.07422e-09;1.63161e-06;0.000136539;3.35767e-05;1.78865e-08;5.56427e-06;0.000899604;0.00052524;3.7522e-10
2.38537e-07;0.999923;9.28846e-10;2.22982e-06;1.30878e-06;3.06633e-07;2.65886e-07;2.99995e-05;1.56132e-07;1.54323e-05;7.6475e-09;3.03746e-06;6.37539e-06;1.80168e-05
3.9045e-08;3.36386e-08;0.999995;1.32939e-07;1.69204e-09;1.89953e-07;9.80333e-08;1.10457e-09;3.33899e-08;1.59567e-08;1.03946e-06;1.48965e-06;2.09055e-06;1.6515e-09
6.36417e-06;0.996904;3.56507e-08;1.58415e-07;7.55126e-07;1.72161e-07;3.37669e-06;0.00234557;1.80146e-06;1.05912e-07;1.37649e-06;9.37091e-06;0.000726915;1.41544e-07
0.000504709;0.524214;1.04309e-06;2.5963e-06;0.00299002;0.000269502;1.76927e-06;0.00885594;6.80302e-06;2.58237e-06;1.07888e-07;0.337604;0.125216;0.000330433
0.000332212;0.116391;7.29763e-09;2.74006e-05;0.000417058;6.56699e-07;1.36073e-05;0.543983;0.337886;8.40021e-07;0.000280517;0.000129682;0.000535159;2.96752e-06
0.00148542;0.851575;3.28706e-05;7.43156e-05;2.98303e-05;3.86957e-06;0.0079089;3.66267e-05;0.000132115;0.0245821;3.34371e-06;0.000663326;6.75464e-06;0.113465
4.56961e-07;2.19794e-09;0.999929;2.78279e-08;6.63227e-07;5.57223e-08;4.84894e-07;1.46072e-08;6.06918e-07;3.98742e-08;2.50441e-09;6.92893e-05;5.40388e-11;2.29473e-08
2.72032e-06;0.000294518;3.93154e-09;4.88397e-08;3.99204e-09;1.12082e-05;8.80528e-07;1.12646e-05;3.50878e-05;2.12042e-08;7.89852e-06;6.2046e-08;0.999636;9.60719e-09
6.54842e-09;4.02251e-06;0.999869;4.53841e-09;5.66009e-10;1.76985e-10;5.18273e-09;3.17657e-10;8.17997e-11;2.31129e-08;4.06474e-10;0.000127178;2.45878e-08;2.46921e-08
2.25401e-08;0.99082;5.11013e-12;1.24516e-09;1.14666e-07;1.07168e-09;0.00535492;7.02768e-07;1.15536e-08;4.81904e-05;1.61601e-09;2.50281e-13;3.73291e-08;0.00377641
1.12608e-10;2.44521e-10;1;9.35756e-11;1.39571e-09;2.48504e-11;1.62439e-09;6.56721e-12;2.53295e-10;2.15957e-10;2.01573e-09;5.98691e-08;1.3205e-10;6.31392e-11
