4.04175e-05;0.741262;3.80423e-07;1.25753e-05;0.000117335;1.7516e-05;2.46154e-06;0.00373213;0.000235876;3.42994e-07;0.000609621;9.4845e-05;0.253852;2.22884e-05
7.89551e-05;0.912698;2.89137e-10;7.77142e-05;5.24691e-05;4.01117e-05;0.0121165;0.00805805;1.91044e-05;0.0184051;4.71134e-05;9.45616e-07;0.00842042;0.0399856
7.62437e-10;2.47864e-10;1;4.36228e-09;6.52127e-12;4.31732e-12;1.3738e-08;2.4252e-15;7.09952e-11;1.11534e-09;2.53117e-09;7.78772e-09;1.13309e-13;1.89289e-11
0.000427903;0.00592184;1.81678e-05;0.000216602;5.75232e-06;6.70544e-07;0.00287942;0.000226038;0.074391;2.36046e-05;0.907987;0.00166758;0.00623331;7.73581e-07
0.000217774;0.640588;7.54777e-06;0.00118618;0.000109951;5.25709e-05;0.00273653;0.00295941;0.0565497;0.000639581;0.0709415;0.00263205;0.22137;9.36579e-06
0.000450983;0.082658;0.0500225;0.000379876;0.000234383;3.15952e-06;9.07083e-07;0.000165679;3.4889e-06;5.56457e-05;2.71095e-06;0.861731;0.00254272;0.00174934
2.73878e-05;0.339967;1.16028e-10;6.68502e-08;7.20524e-09;6.22432e-09;0.659281;2.31095e-07;2.59708e-05;0.000613126;6.41924e-06;6.59655e-11;4.17688e-05;3.6764e-05
1.95029e-11;6.64849e-13;1;5.3558e-10;6.47173e-11;3.40374e-10;2.68374e-10;1.57726e-15;4.96379e-10;8.52435e-11;5.74499e-11;6.06462e-11;1.13003e-14;4.09865e-11
7.5335e-05;0.00230428;3.07734e-07;3.16398e-08;9.04334e-07;6.45479e-09;2.66754e-08;0.992518;6.3548e-06;1.92762e-08;9.44216e-07;2.03735e-06;0.00509206;7.82846e-08
3.52956e-08;0.00927604;0.00103117;8.88942e-07;6.59318e-05;4.4505e-06;1.58385e-10;9.83393e-05;5.50413e-08;1.35694e-08;5.96998e-08;0.985976;5.37504e-05;0.00349309
9.03323e-07;0.818252;0.000365199;0.000154996;0.000353178;0.000159194;9.5708e-08;0.178231;1.17373e-05;1.71043e-05;1.39197e-05;3.17827e-05;0.00212349;0.000286247
0.00246809;0.0362408;0.000382674;0.0162242;0.29357;0.0060769;5.88513e-05;0.000394834;0.111498;0.000392267;0.122586;0.280127;0.0173762;0.112603
0.00765863;0.972436;1.71411e-06;1.36735e-05;1.27457e-06;2.85318e-08;2.06433e-05;0.016446;0.00180628;1.36599e-05;1.02623e-05;0.00103947;1.3399e-05;0.000539343
2.38629e-06;3.07311e-05;8.64647e-08;9.31902e-09;1.03153e-05;6.63478e-11;7.30795e-08;0.999941;1.51689e-05;5.62524e-08;1.68486e-07;4.53435e-07;3.45506e-08;9.43659e-10
2.55504e-08;3.30336e-07;0.999996;1.57603e-06;2.12917e-07;3.96965e-08;8.55991e-11;7.04729e-11;2.64275e-09;4.30319e-07;8.71465e-09;3.33432e-08;2.62295e-09;9.74129e-07
0.0357182;0.0108953;0.000122515;7.65902e-05;7.09081e-07;9.89176e-07;0.000479116;0.00494637;0.729797;2.43738e-05;0.212878;0.00017952;0.00488024;1.19217e-06
