4.5028e-07;0.999972;5.75001e-06;9.43021e-07;4.13906e-07;5.33875e-08;1.99277e-08;3.57521e-06;4.32627e-08;3.16022e-08;2.54111e-08;1.40993e-05;2.17208e-06;7.05997e-08
1.24379e-05;0.980947;2.70337e-09;1.31192e-07;1.78883e-08;7.19543e-07;2.38252e-06;6.54177e-06;8.01541e-08;1.87505e-07;8.49644e-07;2.22206e-05;0.0189506;5.63659e-05
2.67054e-05;0.0360791;4.58006e-07;1.92452e-06;4.8226e-05;0.000281856;0.000149944;1.88239e-05;5.0496e-07;0.000960394;5.35622e-07;2.94917e-05;4.32587e-06;0.962398
3.13703e-07;1.87763e-10;0.99994;1.52574e-06;2.32827e-06;2.22667e-05;1.21164e-05;3.65272e-09;2.32684e-06;3.0944e-07;1.67313e-05;1.65235e-06;6.1774e-08;9.31888e-09
1.04364e-06;0.998045;3.03023e-09;2.04466e-09;2.53862e-11;1.57598e-09;0.00194457;1.48354e-08;2.80629e-07;1.23787e-06;1.36582e-06;7.59393e-11;5.8848e-06;2.04507e-07
7.04912e-14;4.96069e-12;1;2.13906e-13;1.06853e-12;2.91174e-13;9.82161e-13;4.79377e-15;3.1703e-14;5.83925e-12;6.35221e-15;7.58582e-09;5.34847e-16;2.11816e-11
1.82975e-05;0.600753;4.68706e-06;0.00145951;0.00215214;0.00374452;0.000280568;0.00931538;0.0506692;3.68015e-05;0.249092;0.0439023;0.0340113;0.00455989
6.61912e-06;0.991585;1.44263e-07;3.96299e-06;2.15203e-07;1.52723e-05;8.2273e-07;0.000161311;5.76854e-05;2.85406e-07;0.000312954;0.0028809;0.00496966;5.09041e-06
5.16843e-06;0.987123;2.30488e-08;2.13319e-08;2.03651e-08;4.80434e-06;1.088e-06;6.74792e-07;3.46319e-08;9.5434e-08;4.26933e-08;0.00163666;0.0112064;2.14494e-05
2.87357e-06;0.00717138;2.79937e-08;6.87303e-07;6.38638e-05;0.000193279;8.53024e-08;0.000144034;1.68215e-06;6.75705e-08;1.02747e-06;0.979551;0.0125762;0.000293386
4.59758e-05;0.482809;2.94176e-07;5.19922e-06;8.044e-05;6.88377e-05;3.23149e-07;0.408587;8.72559e-06;4.36278e-06;3.38308e-06;4.47382e-05;0.108232;0.000109508
3.73247e-06;0.0364491;2.34097e-07;1.29358e-06;1.86932e-07;1.42175e-05;1.58472e-06;2.11124e-05;1.75748e-07;3.55289e-06;8.3335e-06;7.49054e-06;0.963489;9.16423e-08
0.000691522;0.0124417;0.983509;0.000121943;0.000695153;2.63021e-05;0.000264207;5.3503e-06;2.91558e-06;0.00107992;7.77836e-06;0.000526052;0.00061329;1.52624e-05
2.67938e-08;2.38789e-10;1;8.89695e-09;1.31507e-09;1.63725e-08;3.18775e-08;2.09339e-11;1.46641e-08;1.34262e-09;1.16881e-08;1.65808e-07;2.53377e-10;1.85943e-10
0.000410915;0.0544183;1.4666e-05;3.22595e-05;0.000174702;0.00018278;1.74454e-05;0.215109;0.00207688;1.19108e-05;0.001508;0.660292;0.0615891;0.00416136
0.000252492;0.348527;3.02222e-05;0.00204659;0.134392;0.000442721;0.00119554;0.0508506;0.153157;0.000307518;0.0856301;0.207077;0.0126169;0.00347358
0.000653461;0.309295;0.513494;0.00114564;0.0392509;0.00016408;6.86585e-05;0.00150804;1.17459e-05;0.000456248;5.66554e-05;0.0483524;0.00921313;0.0763303
0.0199479;0.472668;0.189304;5.74289e-06;3.50765e-07;6.95765e-08;0.0677708;0.0110564;0.171456;2.57585e-06;0.0306025;0.00698272;0.0302036;1.86733e-09
0.000377166;0.139206;0.00142947;2.01459e-05;0.0354733;9.43346e-05;2.73293e-06;0.212801;0.00025663;5.1973e-05;7.85763e-07;0.158927;0.449589;0.0017705
0.00171879;0.593008;4.89224e-05;0.0012936;0.00632304;0.00050715;0.00240921;0.16094;0.1455;0.000344057;0.00114706;0.0281233;0.0585404;9.66393e-05
0.000582923;0.074827;0.0228461;9.86e-05;0.00149151;9.93154e-05;2.38758e-06;0.0485408;0.000479917;1.31239e-05;1.60358e-06;0.816293;0.0342112;0.000512606
4.30308e-05;0.0160882;6.64974e-07;0.000599402;0.000171727;7.10396e-05;1.7969e-05;0.12407;0.0508378;2.06424e-05;0.00128805;0.000668093;0.806053;7.02133e-05
3.34646e-05;0.999389;6.51088e-08;8.51101e-07;7.80711e-09;2.69937e-09;9.04816e-05;0.000372349;1.53228e-05;2.47819e-05;1.39152e-06;1.05645e-05;6.10113e-05;1.00353e-06
1.6753e-11;3.47537e-10;0.999979;2.54501e-11;1.16808e-11;4.03795e-12;2.45962e-12;4.56537e-13;5.96937e-13;2.87243e-12;6.44472e-14;2.10524e-05;3.0804e-12;6.63e-11
5.27259e-07;0.00020766;4.45379e-09;1.29516e-08;3.13995e-06;1.59215e-09;4.72246e-08;0.999717;3.58632e-05;6.23648e-10;5.0154e-06;8.20461e-07;1.81103e-05;1.20882e-05
7.21823e-09;0.954522;2.63568e-06;2.15404e-08;6.40171e-07;9.36245e-10;5.43849e-07;4.5847e-10;6.04976e-10;1.38786e-05;3.5219e-10;3.09371e-09;6.01652e-09;0.04546
0.000455457;0.0272048;0.000640353;1.30883e-05;3.88693e-05;9.00264e-06;0.28761;0.00924192;0.62517;1.20279e-05;0.0331229;0.000425223;0.0160566;4.91336e-07
