1.27605e-05;0.99861;8.07667e-05;5.89139e-05;3.62044e-06;2.0819e-05;9.79676e-05;5.82023e-06;5.72318e-07;0.000111016;1.75573e-05;1.34988e-06;0.000908146;7.0392e-05
3.65723e-06;0.000110333;0.00516456;9.08456e-07;1.66496e-06;7.38521e-07;1.6756e-08;1.95686e-05;3.13033e-08;1.05628e-08;7.18423e-07;0.994493;0.000179807;2.49327e-05
6.15793e-05;0.923887;2.91455e-07;3.30356e-05;0.00499412;0.000773837;0.000125371;0.0206812;0.0176606;1.00367e-06;0.00385016;0.000767861;0.023968;0.00319622
1.22552e-05;0.566779;5.71393e-10;8.58034e-08;4.47088e-06;3.26222e-05;1.78011e-07;0.00186255;7.07126e-07;5.61931e-08;4.85747e-07;0.000259774;0.431009;3.90989e-05
1.35301e-05;0.545747;1.7033e-06;1.6022e-06;0.000246349;8.70575e-05;1.94459e-06;0.012902;4.7792e-05;2.53203e-05;1.30293e-05;0.216017;0.218337;0.00655836
4.80526e-05;0.0824153;1.0898e-05;0.000306824;0.47059;0.00388223;0.000545884;0.0074085;0.000613927;0.000367391;0.000954196;1.99133e-05;0.0133781;0.419458
0.000413778;0.885192;4.16438e-06;1.46419e-06;4.40562e-06;3.31206e-06;7.23948e-05;0.0299833;4.01805e-05;3.18562e-05;1.59876e-06;4.05397e-06;0.084235;1.22709e-05
3.04691e-11;2.81192e-11;1;1.44552e-10;4.98919e-10;1.16345e-10;2.62919e-11;1.80765e-12;2.0578e-11;3.95832e-11;8.26509e-12;1.41736e-10;4.90199e-14;2.34486e-09
5.01849e-07;0.000654081;4.98795e-05;2.27226e-06;3.09073e-06;4.47789e-05;1.99364e-09;4.22187e-05;4.28604e-06;7.23853e-08;3.70966e-06;0.998653;3.72174e-05;0.000505218
1.27282e-06;0.996904;4.48109e-06;1.00931e-07;2.10941e-06;4.96116e-05;3.70325e-07;2.78747e-06;8.02126e-09;3.74339e-07;2.07919e-07;2.90336e-05;0.00296041;4.58813e-05
4.38102e-09;0.000109641;1.0765e-06;2.2156e-07;6.58793e-06;1.23292e-05;1.28354e-09;2.55795e-06;1.29204e-08;1.50263e-08;5.15114e-07;0.999613;0.000105805;0.000148202
1.87931e-06;0.406213;1.8392e-07;1.64997e-05;1.56126e-05;0.000437963;2.09007e-07;0.0125946;3.28392e-05;5.54638e-08;1.0194e-05;1.02958e-05;0.580657;9.78424e-06
2.1419e-08;0.999337;7.09732e-12;2.6276e-10;8.75611e-09;1.55408e-11;3.90267e-10;0.000658888;3.84361e-12;5.57678e-10;3.05696e-11;1.70234e-08;3.67554e-06;8.78419e-09
2.45467e-07;0.00100826;0.0118918;6.40311e-05;0.0247253;0.000341772;5.82725e-10;1.06388e-05;7.9945e-11;6.71736e-06;9.81284e-10;0.942703;0.00159311;0.0176554
4.59307e-05;0.64412;3.13541e-07;7.10711e-05;5.35576e-06;0.000396554;0.00298198;0.0128508;0.000161209;6.61159e-05;0.000860981;3.99367e-07;0.338415;2.4096e-05
3.36607e-10;8.16278e-10;1;6.7184e-10;6.92363e-10;5.3008e-11;1.06305e-09;4.01812e-11;1.33608e-11;1.55473e-10;2.53289e-11;3.89763e-08;8.40819e-12;5.49799e-11
6.35844e-05;0.0334477;0.000754413;0.000140101;6.79969e-05;0.000596301;2.76446e-06;0.00502369;0.000866739;7.0625e-06;0.000422872;0.955425;0.00241493;0.000766987
6.64761e-06;0.99075;3.66144e-06;6.99561e-08;4.07102e-07;2.86857e-05;3.70386e-07;1.96879e-06;4.78619e-09;9.62912e-07;1.5225e-07;0.000142251;0.00897716;8.72735e-05
6.67523e-08;0.000131066;2.38255e-06;1.22305e-07;0.000299008;2.04139e-05;2.99272e-09;0.00106162;3.49006e-08;6.66805e-08;1.60831e-07;0.998148;9.15651e-05;0.000245041
6.63379e-07;0.020289;1.2563e-08;3.61684e-07;3.01328e-05;2.37858e-05;1.08925e-07;0.939211;3.66106e-05;2.31008e-08;5.56151e-07;1.6346e-08;0.0404079;8.04893e-08
1.1998e-07;0.989383;1.66177e-06;7.40496e-08;4.68007e-06;6.39397e-06;8.93963e-11;0.000597362;1.82141e-11;4.04497e-08;7.58649e-12;4.49388e-09;0.0100059;7.60626e-07
5.29585e-10;3.78379e-08;1;3.41832e-09;1.79052e-09;2.72301e-10;7.04073e-09;3.18049e-10;7.9557e-12;1.51553e-09;1.07652e-10;1.6645e-08;9.07563e-10;5.61988e-11
2.6588e-09;4.28782e-10;0.999678;6.72838e-09;2.06106e-09;2.28712e-09;3.26888e-09;1.53463e-08;2.26564e-09;2.57611e-09;1.36613e-08;0.000321607;7.55326e-10;1.2091e-08
2.20419e-08;3.03436e-06;4.07006e-07;7.20477e-09;0.000199809;0.000765663;1.56847e-09;1.87639e-07;1.84112e-09;8.90851e-09;2.63408e-08;1.09798e-07;1.50025e-05;0.999016
5.75108e-06;0.889112;1.43398e-05;3.90165e-08;1.63307e-05;1.8311e-06;9.23408e-06;3.23193e-06;9.59809e-10;0.000224247;2.91553e-10;3.59202e-05;0.000266347;0.110311
1.74149e-11;5.57423e-10;1;3.45754e-10;8.09568e-09;4.40089e-08;6.3017e-10;2.13874e-11;5.26465e-11;1.97802e-10;3.6492e-11;2.92597e-10;2.13294e-10;3.56079e-10
2.66847e-08;0.999872;5.7706e-05;3.12527e-08;8.33466e-08;6.52297e-09;2.56956e-08;3.77302e-06;3.85122e-10;2.46151e-08;5.27075e-09;6.19862e-08;6.02629e-05;6.44178e-06
3.97488e-11;3.2267e-08;1;2.65484e-11;1.48416e-09;5.70671e-10;8.80246e-11;1.18415e-10;1.01395e-12;1.67984e-11;9.99587e-13;1.97306e-09;1.27328e-09;4.94332e-11
1.63727e-05;0.00260238;1.50976e-06;0.000217892;0.000306217;0.000363709;0.000239671;0.287667;0.00287953;4.05218e-05;0.0046472;0.0487363;0.607852;0.0444296
5.52493e-07;0.999509;0.000316057;7.9681e-06;2.49919e-07;7.84278e-08;1.7596e-06;4.56551e-05;2.52043e-08;8.60367e-08;3.48297e-07;1.34778e-05;0.000103287;1.6731e-06
8.53058e-07;0.976023;1.04515e-07;1.06557e-06;2.55073e-05;1.7127e-05;2.02198e-06;0.0191412;2.22019e-07;1.59783e-06;2.8329e-07;0.000121884;0.00177235;0.00289276
0.000152103;0.405617;0.0012778;0.000552603;0.0333896;0.00220393;0.000423024;0.263082;0.000412575;0.00133672;0.000404641;0.116863;0.165767;0.00851865
0.000896241;0.762276;4.66923e-05;0.00153006;0.00952762;0.00165175;0.000311457;0.00819091;0.0141323;0.000321605;0.00490893;0.00186442;0.193774;0.000568003
0.012827;0.421711;0.474498;0.000475079;0.00406038;1.37192e-05;0.000779185;0.0824461;0.000199081;0.000349782;3.46814e-05;0.000405852;0.00133879;0.000860861
1.76383e-06;2.16592e-08;0.999971;7.76127e-08;1.89299e-08;1.63913e-09;5.89154e-06;4.26365e-09;1.78738e-05;9.6571e-09;1.24913e-06;2.35863e-06;3.70929e-08;2.16121e-10
0.00189659;0.263441;0.195957;0.000312561;6.42099e-05;2.43126e-05;9.73323e-06;0.526099;0.00483168;5.03501e-06;0.00028446;0.0049729;0.00203858;6.28863e-05
1.19376e-05;0.00855053;4.89974e-05;1.52568e-06;3.31513e-05;9.29711e-05;2.06353e-10;0.00208076;2.43474e-07;3.70249e-06;1.05406e-08;0.00719936;5.21144e-05;0.981925
1.20638e-05;0.663812;1.02862e-09;1.5739e-08;2.48094e-07;2.68668e-06;5.67533e-07;0.0322024;6.644e-07;6.61425e-08;1.68739e-07;3.68034e-09;0.303963;6.41914e-06
1.05256e-09;3.09818e-08;1;5.34189e-10;2.8465e-09;4.52362e-11;2.77641e-10;3.09093e-11;1.01518e-10;1.85653e-10;2.56611e-11;4.70159e-08;8.07295e-10;4.11097e-09
0.000339314;0.518991;0.0175937;0.00134855;0.000529254;0.000415463;1.42185e-05;0.0575703;0.00570524;0.000146082;0.000705566;0.272453;0.00313466;0.121053
2.69695e-06;0.984475;0.0101391;1.6228e-06;1.17169e-06;8.18988e-07;5.06189e-07;4.54345e-07;4.03387e-09;1.15939e-05;1.63916e-07;0.00407728;0.000979541;0.000310531
2.5841e-10;1.89042e-10;0.999994;6.26714e-11;6.32547e-08;7.63474e-09;4.34583e-09;7.87928e-12;8.50236e-13;8.86132e-10;6.27631e-12;5.80788e-06;1.65291e-10;3.6089e-09
3.44272e-06;0.0562145;0.00066345;5.28869e-07;7.01133e-05;1.03615e-05;7.67174e-06;0.942622;4.71435e-07;6.50913e-07;2.5539e-06;1.26792e-05;0.000362651;2.87945e-05
1.35841e-05;0.580901;2.26223e-06;2.48526e-05;0.000605007;0.0424329;0.000186518;0.0451181;1.28081e-05;3.7572e-05;4.52864e-05;1.22056e-07;0.328344;0.00227594
3.46263e-08;8.00832e-07;0.999999;1.88397e-08;1.73933e-08;1.86106e-09;5.12385e-08;2.26701e-09;1.51862e-10;1.35884e-09;2.1439e-10;8.60823e-08;4.028e-08;8.97616e-09
9.52e-08;0.00010653;0.000263321;3.68781e-07;4.82159e-08;2.89722e-07;1.97099e-10;3.9078e-07;1.78846e-08;1.1107e-09;6.70342e-09;0.999626;1.60553e-06;1.01444e-06
1.31142e-05;0.981031;1.91103e-08;2.96501e-07;2.15098e-06;8.42533e-05;5.11469e-08;0.0111133;2.27373e-07;3.4783e-07;4.91035e-07;2.2475e-05;0.00760339;0.000128566
2.8057e-08;0.143189;3.31281e-09;5.83014e-09;2.36326e-07;7.39176e-07;4.6222e-08;1.25312e-07;1.00861e-11;1.17575e-06;6.38981e-11;1.57266e-06;2.43383e-07;0.856807
9.52823e-14;2.50676e-13;1;2.80917e-14;2.43763e-10;2.07387e-12;2.03899e-14;8.51611e-13;2.20385e-15;3.96116e-14;3.13174e-17;3.32793e-11;2.31217e-13;8.90794e-14
1.91083e-05;0.404639;0.00402282;0.000106734;0.000160828;0.000495357;2.57529e-06;0.259251;0.0021097;8.00864e-06;0.000378334;0.000187979;0.328591;2.7289e-05
