3.8196e-06;0.999615;5.50911e-05;4.41355e-06;4.23566e-06;2.54175e-08;1.28136e-07;0.000201791;2.46343e-08;1.39979e-07;3.91673e-08;2.48984e-05;8.21958e-05;7.69037e-06
0.000196634;0.58932;2.38547e-05;5.16542e-05;5.76801e-05;8.76021e-05;3.16177e-06;0.405411;7.22318e-06;5.68064e-06;3.11523e-06;0.00315576;0.00119041;0.000485415
2.05089e-05;0.0090448;3.99351e-07;0.000104097;5.6157e-05;0.00206005;2.557e-07;0.00155378;2.68942e-05;2.82854e-06;0.000294732;0.0314847;0.943985;0.0113654
0.000103294;0.943798;1.70743e-11;0.000226169;0.00461951;3.00848e-05;7.17683e-07;0.0309851;6.83863e-05;1.27091e-05;1.59574e-05;0.00296193;5.86804e-05;0.0171198
0.00499825;0.0951234;0.389412;0.000524895;0.000137022;4.75728e-06;5.07072e-07;0.00037563;3.53244e-06;2.97932e-06;0.000112615;0.508916;0.000374606;1.34649e-05
1.08759e-06;0.963022;3.41502e-11;5.21465e-10;1.20112e-08;7.94367e-10;0.000484971;8.54432e-10;1.43734e-10;4.60551e-06;4.84204e-09;5.31173e-11;1.14726e-07;0.0364876
5.81153e-13;1.4817e-13;0.999999;1.70586e-12;4.52625e-09;1.27707e-10;7.77189e-12;5.03592e-14;1.15705e-13;1.22784e-12;2.35378e-13;6.60165e-07;1.98858e-13;2.8896e-11
2.5227e-06;0.979554;3.9348e-06;3.89884e-06;3.53028e-06;3.81196e-06;0.00754321;0.00317081;0.000147629;3.65162e-06;6.15259e-05;1.07249e-08;0.00949874;2.60471e-06
7.14138e-11;1.25516e-09;1;4.49141e-09;2.87585e-09;1.35037e-09;1.76321e-09;4.96035e-11;5.94588e-10;1.64387e-10;1.22664e-09;1.96865e-07;7.95125e-11;8.84001e-11
6.81444e-07;0.00922561;0.972515;1.88239e-06;3.90143e-07;8.41345e-06;1.48279e-07;7.92238e-05;3.33726e-08;3.15945e-07;1.20686e-07;0.0178928;8.38648e-05;0.00019155
1.27455e-08;1.3554e-06;2.41079e-07;6.9213e-07;0.994087;0.00254871;1.62078e-08;0.000117426;4.78063e-08;6.1702e-08;2.16365e-07;7.73701e-09;9.04656e-08;0.00324412
5.06033e-08;0.00046383;0.996971;1.0284e-06;0.000252146;0.000169708;4.63152e-11;3.23279e-07;3.2258e-10;1.33941e-07;4.60974e-09;0.00188897;1.83592e-05;0.000234299
7.98189e-06;0.177369;3.98099e-05;3.68654e-07;2.89114e-07;1.96155e-05;1.04843e-06;0.0144467;5.74821e-06;1.51821e-07;7.81419e-05;9.49872e-05;0.807936;3.75063e-07
2.34989e-06;0.994932;8.37355e-08;5.44326e-08;6.87111e-08;1.41406e-06;8.78389e-06;2.37029e-05;7.55615e-09;1.30993e-05;9.61966e-08;1.67059e-08;0.00501655;1.26813e-06
3.28767e-11;2.93021e-10;0.999979;1.12629e-09;2.54048e-09;5.15281e-09;1.94978e-11;3.09719e-12;2.11337e-13;1.83277e-10;2.04211e-12;2.09915e-05;5.85469e-09;3.76398e-10
7.04402e-06;0.532332;7.15493e-06;0.000114498;0.00031201;0.00129621;4.53054e-05;0.358057;0.000150472;2.92232e-06;0.000963068;0.0588869;0.0459782;0.00184779
6.77638e-10;0.987929;1.13596e-11;5.44657e-09;3.89555e-08;9.71296e-11;1.47709e-06;6.39001e-10;1.88236e-10;5.85485e-07;6.54617e-09;1.15451e-09;4.54391e-10;0.0120688
3.98581e-06;0.00147526;1.82715e-05;6.31587e-06;1.35391e-05;6.81251e-08;0.760014;5.27608e-06;0.00822355;7.00037e-07;0.227111;4.63079e-05;0.00308132;4.22132e-08
0.000282309;0.656025;1.9192e-09;1.39267e-05;0.000264701;3.28821e-05;3.0784e-06;0.0871051;7.69678e-05;1.90066e-06;4.87515e-05;0.0135402;0.242355;0.000250866
1.80469e-05;0.103375;0.000117302;3.88207e-06;4.36119e-05;1.79297e-05;7.91719e-09;0.000630764;3.0522e-07;3.61201e-08;4.7621e-07;0.712212;0.18346;0.000120267
1.89936e-06;0.563793;1.81547e-09;2.33476e-05;0.0020318;3.52359e-07;3.57337e-06;0.433274;6.25584e-05;1.22606e-06;8.90083e-05;0.000369698;0.000177788;0.000171864
3.64448e-07;6.92964e-05;0.474612;1.05849e-05;6.71314e-05;1.24242e-05;1.38966e-09;3.57923e-06;8.86575e-09;3.01252e-07;7.95379e-07;0.525137;1.46132e-05;7.1909e-05
1.98601e-06;0.00683956;3.15743e-09;3.20704e-07;3.6126e-06;2.33264e-05;6.04087e-06;0.98634;0.00327916;7.31381e-08;0.00206358;1.17286e-05;0.00142919;1.13428e-06
2.58984e-05;0.945185;3.45289e-08;2.02649e-07;1.15981e-07;1.37572e-06;2.93325e-07;1.89056e-05;1.22042e-06;9.50061e-08;1.38766e-05;0.00561539;0.049137;1.10318e-06
0.00026856;0.00454856;2.18946e-05;2.67592e-06;0.0400855;0.000194445;1.50494e-08;4.11341e-05;4.21389e-06;2.91561e-06;6.28956e-07;0.938428;0.000936836;0.015465
0.000222708;0.0169831;1.1278e-07;2.59946e-06;0.000307752;0.000125242;8.00728e-07;0.945939;0.00125416;2.75703e-06;5.08806e-06;0.000343057;0.034761;5.21902e-05
4.40566e-05;0.00455929;6.16899e-09;1.14498e-05;0.000152911;8.46587e-06;1.1549e-07;0.991186;0.0035077;1.41975e-06;4.47445e-06;6.78126e-05;0.000421218;3.46494e-05
0.000625426;0.000819112;3.09184e-09;5.36105e-07;6.88211e-08;7.30005e-09;1.5289e-06;0.998126;0.000408934;7.88463e-08;6.65154e-07;7.85515e-07;1.66756e-05;6.60954e-09
8.13672e-08;0.995536;2.44622e-10;3.32159e-07;1.51168e-07;1.04756e-07;2.82403e-07;1.71927e-07;2.71519e-09;4.99991e-06;1.23811e-09;1.46918e-08;3.11147e-07;0.00445767
3.67009e-07;3.01302e-07;0.999978;7.1859e-08;1.09742e-08;1.37495e-06;1.27973e-05;5.82689e-08;1.97763e-07;4.68827e-07;5.1106e-06;1.37426e-08;7.79833e-07;5.1011e-07
2.03642e-09;5.02505e-09;1;3.03963e-10;2.96241e-10;2.85233e-10;3.91717e-09;1.62445e-09;1.58507e-10;1.37641e-11;4.17622e-10;5.80948e-10;4.79139e-12;2.93185e-10
2.54979e-06;0.000201401;0.000123678;4.29562e-07;5.95576e-07;1.47974e-05;2.75359e-09;1.24713e-05;5.2977e-06;3.09671e-08;1.72654e-06;0.999585;4.8377e-06;4.72791e-05
1.36037e-05;0.997332;9.71697e-07;3.91327e-08;1.31457e-06;0.000410491;2.47452e-07;5.19647e-07;3.5425e-08;2.07641e-07;4.242e-08;5.50746e-06;0.00215037;8.464e-05
1.99771e-08;2.07435e-05;1.19255e-05;1.4324e-08;0.000586679;1.32572e-06;1.95329e-11;4.7143e-05;4.14904e-09;1.92421e-09;3.72803e-09;0.998468;1.13827e-06;0.000862695
4.25098e-08;0.00858728;1.59576e-10;1.932e-10;4.45358e-07;4.82928e-06;9.6264e-10;0.990941;5.87623e-08;7.90203e-10;1.37947e-11;8.97769e-14;0.000466335;1.16361e-07
2.41069e-09;5.00687e-07;0.999999;8.604e-10;1.41018e-08;8.10668e-10;6.59903e-11;8.32287e-09;1.32922e-11;5.30386e-11;4.65296e-12;5.58637e-07;2.81472e-08;4.69697e-11
3.75257e-07;0.000155271;0.00187873;3.6272e-07;2.13538e-05;5.30319e-07;1.27784e-09;0.00100428;8.78903e-09;1.53408e-07;1.58434e-09;0.0586484;1.64421e-06;0.938289
1.8387e-05;0.0843064;2.23527e-09;5.06735e-06;0.00763737;7.439e-05;5.45704e-06;0.894002;0.000205071;2.3233e-06;1.03168e-05;3.54991e-07;0.000712122;0.0130211
2.57589e-07;3.97112e-06;0.499453;1.53458e-06;0.49553;0.00125181;3.59456e-11;5.65614e-06;1.13899e-09;1.7942e-08;2.65571e-09;0.00142212;0.000281607;0.00205007
1.15017e-05;0.987145;2.67697e-08;3.40407e-08;0.000102253;1.28044e-06;0.000373464;0.011779;1.90243e-06;9.34691e-06;5.8196e-08;2.57301e-08;0.000408216;0.00016758
1.40204e-13;2.73135e-14;1;5.97105e-13;9.58871e-10;6.54164e-13;5.45709e-14;1.96128e-14;5.08566e-15;9.80982e-13;6.31016e-16;1.57554e-08;1.1733e-15;7.73632e-12
5.01179e-06;0.858149;2.00045e-08;6.21306e-07;8.83658e-06;2.28012e-07;3.34719e-07;0.14058;4.73902e-06;1.3291e-07;3.41032e-07;3.09046e-06;0.00124563;2.54252e-06
1.99983e-05;0.00736411;3.52478e-05;1.60384e-05;0.000623127;0.000218658;8.26172e-06;0.000582945;1.92813e-06;3.03659e-06;0.000106582;0.933131;0.056798;0.00109064
2.96165e-05;0.979397;9.12112e-07;3.60837e-06;4.17023e-06;4.39982e-06;0.00931476;2.04983e-05;1.44182e-05;0.000215166;7.28111e-06;1.43894e-06;0.00184874;0.0091378
9.53526e-10;4.96043e-11;1;1.74511e-09;9.56327e-10;1.05698e-10;1.41633e-07;4.20376e-12;3.29366e-09;5.51111e-10;2.91685e-09;2.51332e-07;2.54737e-11;4.98501e-11
8.25023e-07;0.000454728;2.60318e-11;5.30765e-09;4.24196e-05;5.76295e-10;2.91869e-09;0.999499;5.64482e-07;5.65614e-10;2.76337e-08;7.63696e-07;1.31733e-06;2.6601e-08
1.04307e-06;3.27638e-05;0.998676;1.32208e-06;0.000181771;5.37563e-05;1.06889e-07;1.25968e-05;2.20346e-08;1.2699e-06;7.72266e-08;0.000826013;0.000209879;3.36131e-06
1.06706e-06;0.999379;3.74347e-09;3.46793e-09;1.86846e-08;4.24383e-09;0.000494725;0.000115661;1.88904e-08;1.7688e-06;6.07193e-08;1.10993e-06;3.74994e-06;2.50847e-06
1.75431e-10;1.91323e-10;1;2.83995e-09;2.0405e-08;4.31127e-08;5.80914e-09;2.28718e-12;1.15766e-09;1.62217e-09;7.1673e-11;1.49664e-09;5.69611e-10;1.20609e-08
3.03859e-07;0.999846;8.3239e-05;5.94716e-09;6.8647e-10;8.28417e-11;1.27995e-09;6.2285e-05;1.147e-10;4.38403e-10;1.02532e-09;6.62385e-06;1.20659e-06;1.64817e-08
1.56331e-05;0.0681964;4.90172e-07;7.62367e-06;0.00139791;0.00085088;7.04679e-07;0.05072;2.70499e-06;1.03357e-06;1.95497e-05;0.0214631;0.853962;0.00336236
5.51792e-06;0.0608273;0.000115863;0.000314125;0.000224017;0.00119357;0.00443304;0.000199354;2.44877e-05;0.00188911;7.21539e-05;1.75856e-05;0.000273396;0.930411
3.60212e-11;7.18975e-12;1;2.52647e-11;3.99514e-11;1.68225e-13;1.70592e-08;1.16741e-13;2.79557e-11;1.54833e-11;2.51449e-10;4.01664e-10;7.97814e-13;1.14689e-13
3.19426e-05;0.00904828;1.3439e-08;7.94727e-07;0.00284624;9.26846e-05;4.9688e-06;0.982404;0.000773487;3.8106e-07;0.00017653;3.21459e-05;0.00358959;0.000999068
1.26503e-07;7.27799e-05;1.21027e-09;1.41164e-08;5.71335e-07;5.38715e-09;2.37046e-07;1.39101e-06;9.02514e-08;1.80265e-08;8.30353e-07;1.031e-06;0.999922;3.77035e-07
1.28814e-05;0.000187793;3.51843e-08;0.000601929;0.988657;0.000128708;1.06954e-08;0.00330834;1.35292e-05;7.62862e-06;4.86401e-06;6.61738e-06;7.3549e-05;0.00699729
0.000294262;0.99963;2.12703e-09;4.5338e-08;2.16153e-07;4.93711e-11;2.07693e-08;7.25661e-05;2.8434e-07;1.15653e-08;1.32411e-08;7.5597e-07;6.03777e-08;2.04435e-06
6.64519e-06;1.84413e-05;2.40159e-05;8.08708e-07;0.000407635;9.99447e-07;3.05776e-09;5.80514e-05;8.99051e-09;1.12315e-07;3.87176e-10;0.999378;1.76226e-07;0.000105223
0.000101185;3.36194e-07;1.72737e-06;4.07219e-07;7.88055e-09;6.24466e-08;0.000209453;2.92087e-05;0.998333;5.61526e-09;0.00131852;2.93909e-08;6.09644e-06;4.24793e-09
1.21015e-05;0.998594;2.76992e-10;1.22517e-08;4.19102e-09;9.22171e-09;0.000208454;0.000164008;1.26823e-05;4.51536e-06;1.32746e-07;9.5793e-10;0.00100323;8.34888e-07
5.14091e-12;2.65289e-10;0.999999;1.79839e-08;4.69357e-10;1.25225e-10;6.69653e-12;1.79763e-14;3.02015e-11;6.36038e-10;1.03465e-11;7.70272e-07;1.12571e-13;3.36028e-10
0.0010599;0.0952872;0.000211976;0.000225508;9.41976e-05;3.45142e-06;0.000344657;0.901882;0.000680037;2.09022e-05;5.02357e-05;1.00016e-05;1.47667e-06;0.000128143
1.74273e-05;0.000389997;6.56025e-07;3.05311e-08;2.23751e-05;1.00191e-08;2.31834e-06;0.999353;4.58839e-05;1.15358e-06;6.63972e-06;3.5454e-07;0.000159786;1.18525e-08
9.70179e-08;5.45868e-06;0.999666;1.77864e-06;0.000180258;5.31713e-06;1.43536e-08;9.23393e-09;2.68342e-08;2.92699e-06;2.97651e-07;0.000135413;1.96965e-06;1.28177e-07
1.44034e-05;0.990656;4.99537e-06;9.40734e-06;2.17862e-05;7.23093e-05;7.81964e-06;0.00651079;0.00108172;2.12359e-06;0.000301204;0.000548903;0.000453338;0.000314789
