7.89778e-07;0.999984;1.25045e-06;9.65744e-07;4.53937e-08;4.9218e-08;2.46566e-08;4.34921e-07;2.61961e-08;1.64285e-08;1.63814e-08;5.94472e-06;6.43897e-06;1.61441e-07
2.43626e-05;0.964277;5.32893e-09;1.58118e-06;3.0766e-08;2.5075e-06;6.65998e-06;2.89682e-07;1.00663e-06;2.14009e-07;3.82644e-06;6.08162e-05;0.035619;3.04432e-06
1.24289e-05;0.167991;2.11085e-07;4.79436e-07;2.46512e-05;1.00547e-05;1.88508e-08;0.00620482;2.64771e-07;1.38913e-07;1.26026e-06;0.814316;0.00643395;0.00500452
2.39701e-07;0.983272;1.00297e-10;2.36494e-06;1.16184e-05;2.77717e-07;1.91358e-05;0.0126787;1.04521e-05;6.23857e-06;3.59678e-05;1.55513e-06;8.89783e-07;0.00396082
3.80352e-08;0.000405949;0.999167;4.98378e-09;1.88904e-09;3.86962e-08;6.39564e-09;9.03858e-08;2.69674e-09;4.92513e-10;6.24669e-08;0.000312539;0.000114351;3.42688e-10
6.83472e-07;0.0106886;1.83305e-10;3.63929e-08;6.35138e-08;6.08806e-08;2.70385e-08;1.12973e-05;5.71736e-08;1.05678e-09;3.02565e-06;2.15808e-05;0.989275;1.27527e-07
2.01751e-06;0.019661;6.65609e-05;3.23768e-06;0.00012381;5.68402e-07;2.53955e-08;0.884068;3.7204e-07;8.97774e-07;2.8471e-06;0.0892792;0.00678923;2.06148e-06
2.05863e-07;0.00421846;4.7112e-08;0.000176411;0.00127054;0.853046;1.33052e-07;1.29194e-05;1.19349e-06;1.49343e-05;4.74526e-06;9.54173e-08;0.044524;0.0967308
2.03893e-05;0.000441503;0.982443;8.54117e-06;4.26735e-07;3.76369e-07;2.3149e-06;1.48907e-07;2.86691e-07;2.40189e-06;3.13892e-07;0.0170496;2.12644e-05;9.73798e-06
1.66064e-05;0.975537;2.98473e-06;1.53812e-05;8.37801e-05;0.000134503;1.65263e-05;0.0102413;0.000292118;3.73456e-07;0.000105751;9.08445e-06;0.00426374;0.00928067
4.7057e-06;0.897008;2.02433e-07;5.1808e-07;4.18469e-05;9.14039e-07;5.06249e-06;0.00170014;7.38681e-07;6.46395e-06;7.20127e-07;8.55657e-07;0.101166;6.39353e-05
1.39891e-09;2.08737e-08;1;9.7393e-09;1.05978e-08;1.16823e-09;2.99749e-07;2.97736e-11;4.58123e-09;8.88189e-09;1.62522e-09;3.58856e-08;1.67628e-10;8.61307e-09
3.46219e-06;0.892941;1.63921e-05;2.71623e-05;1.86545e-07;7.56237e-07;3.96318e-05;0.00488195;3.72895e-05;3.361e-07;0.000178024;0.0871351;0.0147296;8.60519e-06
7.93004e-07;0.185108;3.78046e-05;1.12405e-06;7.39188e-06;1.34644e-05;1.63304e-07;0.00913405;3.91076e-07;1.16461e-06;7.02134e-07;0.252095;0.553406;0.000193854
1.47654e-06;0.100211;2.71322e-07;0.234336;0.00136211;0.0508206;0.000825869;0.0506019;0.00550753;0.00200942;0.195667;0.00760299;0.316071;0.0349829
5.22902e-05;0.0505391;1.53269e-06;2.54492e-07;7.56943e-07;7.44256e-09;2.36952e-07;0.947175;4.04616e-09;1.49236e-07;5.0546e-07;1.58115e-05;0.00221405;5.67332e-07
3.35306e-06;0.969528;6.19779e-05;1.27125e-05;0.000146319;6.06206e-05;8.89179e-05;0.0228468;1.11587e-06;6.80719e-05;1.0004e-05;1.84759e-05;0.00368384;0.00346958
8.84824e-10;1.04344e-09;1;8.70345e-10;5.43756e-09;8.00314e-11;7.78451e-09;2.28095e-11;1.32777e-10;1.30894e-09;4.01182e-10;9.65323e-08;5.07286e-10;4.53136e-10
2.32967e-05;0.000537849;0.989688;4.33134e-06;7.26584e-06;4.66934e-06;3.00471e-07;0.00881398;1.43252e-05;4.57144e-07;3.7343e-06;0.000873726;6.46362e-06;2.15851e-05
3.90426e-08;1.67011e-05;1.43966e-08;1.37149e-08;6.27989e-06;0.00021059;4.58988e-13;4.48125e-07;1.53494e-09;3.03877e-08;2.62292e-10;0.000303735;9.41646e-07;0.999461
1.2883e-05;0.00051418;7.16417e-10;4.07013e-08;2.05836e-06;1.40039e-06;5.62623e-09;0.980079;1.16291e-05;7.03802e-09;1.24973e-06;7.31003e-06;0.0193665;3.55287e-06
4.89531e-06;0.999094;5.98015e-06;6.98588e-07;6.3309e-06;1.69844e-08;8.127e-09;0.000566614;3.707e-08;4.96994e-08;9.45849e-09;2.7998e-05;8.86521e-05;0.000205189
4.93795e-06;0.963088;2.29092e-08;7.12078e-07;1.78599e-05;1.16112e-06;2.72399e-07;0.00557175;1.32204e-07;1.42919e-06;9.18096e-07;0.00672263;0.00370605;0.0208842
0.000399005;0.137661;1.20637e-05;0.000908895;0.0464769;0.00013452;0.00171077;0.0030957;0.000368401;0.000116999;0.00715667;0.446361;0.222684;0.132914
6.7196e-05;0.170593;1.36559e-05;3.58093e-05;2.54023e-06;3.2591e-07;1.72899e-05;0.117197;0.000110905;1.48941e-06;0.000606972;0.711018;0.000335492;6.53717e-07
0.000115628;0.00545699;0.00492061;0.00252073;0.0112207;0.00548109;4.34736e-07;0.00117348;3.61169e-06;2.25816e-05;6.73511e-06;0.814571;0.0038712;0.150635
0.000295837;0.504908;4.78548e-09;2.98084e-05;4.48763e-05;3.24942e-07;3.17767e-05;0.477448;0.00115339;1.155e-06;0.000799416;0.00171236;0.013568;6.70049e-06
4.19506e-05;0.00626012;0.157533;0.00109733;0.00251629;0.000447423;1.47566e-07;9.27046e-05;1.1068e-05;5.22656e-05;3.81865e-05;0.826346;0.00404267;0.00152136
0.000779059;0.106439;1.56588e-06;0.000109792;0.0020009;0.00140799;0.00189254;0.123232;0.678058;4.10857e-05;0.0621825;0.00157283;0.0197563;0.00252587
0.000117852;0.964155;0.000903049;1.83692e-05;0.000128073;1.3621e-05;1.44665e-07;0.000370678;1.09806e-06;2.24021e-06;4.6824e-06;0.0169926;0.017257;3.59688e-05
4.88007e-05;0.998652;2.36191e-08;1.67091e-07;5.1534e-06;4.98262e-07;4.57987e-05;0.000343552;0.000141326;8.88901e-07;5.53591e-05;8.72147e-05;0.000618148;5.59487e-07
0.000160691;0.044245;4.64963e-05;1.53859e-06;0.935781;1.83219e-05;3.70491e-07;0.00683148;0.000114755;1.0137e-05;5.85014e-06;0.00499495;0.00567041;0.00211908
0.000235686;0.111388;3.06588e-08;6.6203e-06;0.000390016;0.000371872;1.40345e-05;0.628979;0.00230069;8.71477e-05;4.25818e-06;1.36687e-06;0.256199;2.22875e-05
2.55333e-08;2.80683e-10;1;6.58298e-10;6.72982e-10;6.89983e-12;5.71946e-09;7.6875e-12;1.70883e-08;4.25038e-10;4.09895e-10;7.99282e-10;1.84027e-12;5.49889e-12
1.80448e-05;5.66148e-05;1.63547e-07;1.10231e-06;2.45457e-06;1.68438e-06;3.30808e-09;0.000705831;0.0073424;1.09063e-08;9.02716e-06;0.991851;1.01766e-05;1.09338e-06
6.54421e-08;2.20044e-06;5.81321e-11;2.90546e-10;1.11101e-09;2.40453e-07;2.13593e-11;3.82447e-06;2.44769e-08;2.9265e-10;2.45178e-09;7.62582e-09;0.999994;5.26127e-08
1.75774e-07;0.000222008;9.65915e-06;1.89752e-06;2.14616e-06;5.15722e-07;3.34665e-09;1.05865e-06;8.24138e-06;1.5303e-08;1.1382e-06;0.999739;3.90565e-06;1.02103e-05
7.79918e-06;0.000134944;5.01851e-07;1.19946e-07;0.00205383;4.26039e-07;1.50293e-10;0.997767;4.22237e-07;3.02205e-08;2.58748e-10;2.68499e-07;6.07911e-06;2.82835e-05
3.30766e-08;0.000122946;1.22779e-10;3.49901e-10;2.73836e-05;1.38107e-09;1.56547e-10;0.999849;5.87805e-08;1.99992e-10;1.36395e-10;1.6321e-09;9.98751e-07;4.21623e-10
2.92607e-09;2.09638e-07;0.999996;1.7971e-07;1.1364e-06;9.34016e-08;1.89523e-11;2.58556e-09;2.25194e-10;4.65245e-08;2.6084e-10;2.14596e-06;2.526e-08;7.04701e-08
7.44213e-08;0.999405;3.66661e-07;2.95194e-07;2.32166e-08;5.94629e-08;1.11932e-07;0.000540997;7.04946e-07;1.31059e-08;7.70804e-07;1.52395e-05;3.49644e-05;1.25208e-06
