3.22745e-06;0.99972;2.20431e-05;5.58547e-07;1.44174e-07;2.88987e-08;3.22901e-09;0.000115833;2.07331e-09;1.24898e-08;6.44791e-09;2.30477e-05;0.000114828;2.66252e-07
0.000299509;0.964635;4.05112e-06;3.37684e-05;0.00225147;2.80412e-05;6.38967e-05;0.0173575;0.000160805;3.76824e-05;0.000170136;0.0107012;0.00132566;0.00293162
1.43939e-05;0.990038;1.82075e-06;4.04195e-06;3.95173e-06;4.74367e-08;3.19551e-06;0.00456042;8.68428e-06;4.7514e-07;0.000140173;0.00294685;0.00227677;1.07287e-06
1.87949e-05;0.491102;9.33543e-10;0.000947204;0.000350646;0.000114749;5.70597e-06;0.00609239;0.00205543;3.1038e-05;0.00141727;0.00602295;0.491442;0.000400018
0.00144748;0.100938;0.882047;0.00068939;0.00147057;0.000173271;4.74777e-06;0.0109059;1.27462e-05;0.000823567;1.13156e-05;0.000142968;0.00103176;0.000301652
4.26585e-08;1.205e-09;1;5.94921e-09;9.28668e-09;6.59766e-10;1.63007e-08;1.38428e-09;3.9955e-09;2.59914e-09;1.2138e-08;1.55527e-07;7.3298e-09;8.44873e-11
0.000147586;0.0328401;0.367277;0.000163653;0.000105675;9.06943e-05;9.74297e-07;0.592995;0.000125447;6.77468e-06;0.000101029;0.00513488;0.000938753;7.20434e-05
9.16119e-07;0.00318768;1.72847e-05;4.57984e-07;7.49709e-05;9.39209e-05;1.05677e-10;3.59209e-05;3.78598e-09;3.96202e-06;1.88623e-09;0.000263548;6.14082e-06;0.996315
9.48604e-05;0.00292296;7.12891e-10;3.95972e-06;4.81266e-05;5.2831e-05;1.2189e-07;0.963661;0.000762655;1.07576e-07;0.00038624;3.07019e-05;0.0318833;0.000152678
1.50216e-06;0.99993;1.63549e-09;1.67416e-09;5.36076e-10;3.06876e-11;5.2906e-10;8.24549e-06;3.87768e-10;6.064e-10;5.72841e-10;5.95603e-07;5.96686e-05;2.91908e-09
3.14536e-06;0.00179636;4.1764e-06;4.10471e-05;0.00176364;0.000440694;4.87073e-08;0.0121646;1.10634e-06;8.32169e-07;1.28558e-07;0.936168;6.33669e-05;0.0475527
4.9764e-07;0.993191;2.96783e-09;1.09917e-07;3.58858e-09;3.28235e-07;0.0066986;9.43456e-08;3.15641e-08;2.72224e-05;1.5064e-07;3.45678e-11;7.72313e-05;4.47313e-06
2.16094e-12;3.40371e-12;1;1.74314e-12;1.84378e-12;2.57622e-13;2.544e-10;1.92049e-16;4.72662e-13;5.93175e-12;4.55849e-14;8.51273e-10;3.3046e-14;1.86961e-12
4.83671e-05;0.539636;6.10123e-07;1.28676e-05;3.71494e-06;3.20365e-05;0.439428;0.00144274;0.00238571;0.00285017;0.000963705;6.87672e-06;0.0110045;0.00218405
3.38917e-08;1.85907e-08;0.999995;1.20526e-07;7.8785e-08;9.68754e-09;3.17276e-06;1.45384e-09;1.91098e-07;2.95054e-08;5.96229e-08;1.50818e-06;1.35152e-09;1.48847e-07
0.000160632;0.149055;0.00130391;0.000828516;0.000213036;3.86725e-05;0.000315265;0.450532;0.0070256;3.36935e-05;0.00197179;0.384428;0.000309207;0.00378461
8.46659e-07;0.178871;4.81583e-05;7.89568e-05;3.11212e-05;0.000251252;9.61909e-08;1.24622e-07;1.31307e-09;4.99004e-06;1.21827e-06;0.00398394;0.815942;0.000786355
3.4032e-06;0.0806949;6.50394e-06;2.27633e-07;4.93558e-05;7.34168e-06;2.09938e-07;0.9149;1.48617e-07;1.12696e-07;2.13649e-07;0.00138345;0.00283813;0.000115875
9.13317e-08;0.000844644;9.72566e-11;7.06191e-06;8.76183e-05;0.946977;5.08171e-07;7.43167e-05;5.81642e-07;6.24633e-06;3.12164e-07;7.63557e-10;0.0131662;0.0388355
1.66727e-05;0.0183577;0.92154;7.81864e-06;1.49364e-06;1.08692e-05;0.000201644;1.03292e-07;3.57684e-08;0.0014164;2.73593e-07;0.0582919;0.000100942;5.40499e-05
2.09223e-08;2.75215e-08;1;1.33073e-08;1.95259e-09;2.58308e-08;2.13924e-07;4.14952e-11;3.05186e-08;4.94296e-09;7.53441e-08;1.47535e-07;1.99505e-09;1.1374e-09
1.72277e-05;0.994966;3.37676e-06;1.05672e-07;1.39151e-08;6.38016e-09;2.54516e-06;0.00471292;1.32207e-05;6.52728e-08;3.1488e-05;0.000167881;8.50023e-05;2.4085e-08
1.44094e-09;5.05003e-06;1.06838e-07;3.53751e-07;5.65126e-07;1.7083e-06;1.41283e-10;6.18654e-05;1.10704e-07;2.58336e-09;2.61705e-07;0.999776;0.000150272;3.8664e-06
4.58257e-07;0.998548;8.66437e-09;9.7891e-07;1.97782e-07;1.76723e-07;1.04647e-06;0.000624723;8.63664e-07;1.44991e-07;1.59319e-05;1.08279e-06;0.000800792;5.30057e-06
8.19445e-06;0.0039845;5.21601e-09;4.36485e-07;0.0157863;7.21203e-06;5.44699e-07;0.973772;1.60643e-06;6.88708e-07;4.48255e-07;0.00229916;0.00407257;6.58524e-05
1.39852e-05;0.00316298;0.990241;6.67436e-05;0.000441509;8.60942e-06;5.8842e-08;9.9993e-07;8.53544e-06;3.32903e-06;1.4019e-06;0.00602628;6.50893e-06;1.85371e-05
0.00102686;0.0478679;4.85735e-09;2.62795e-07;3.03622e-06;4.93011e-07;5.65743e-07;0.945553;0.0052013;2.53148e-07;1.92887e-05;2.04229e-06;0.00020722;0.000117624
1.63973e-06;0.00114853;2.04813e-10;9.56305e-08;1.16678e-06;9.24261e-07;4.67994e-09;0.996719;7.97534e-06;8.96095e-09;3.23996e-07;1.41326e-06;0.002117;1.29755e-06
2.17925e-05;0.00325925;1.91429e-09;1.6121e-05;1.38858e-05;8.3262e-06;1.32897e-05;0.000987976;0.000179455;3.32966e-06;4.76792e-06;2.06475e-06;0.995453;3.68258e-05
2.40261e-07;3.89021e-05;8.5592e-09;3.09173e-05;9.25859e-06;2.65205e-06;1.78337e-09;0.00793503;1.79705e-06;2.42118e-07;1.7212e-05;0.987582;2.32428e-07;0.00438158
0.000207139;0.757214;5.58836e-08;6.81881e-06;1.42015e-08;1.27735e-07;2.80762e-05;0.000152663;1.44607e-05;1.59447e-07;0.000887636;0.0024285;0.23906;1.92569e-07
2.57045e-05;0.0162423;0.000189955;1.17662e-07;1.59989e-07;5.06711e-07;2.81137e-08;4.59213e-07;1.94737e-07;5.95326e-09;2.19431e-07;0.94457;0.0389566;1.40454e-05
6.58306e-06;0.469595;2.11752e-08;3.49166e-06;0.00285107;0.000241461;1.72432e-07;0.00417078;6.57036e-06;1.71018e-06;2.40559e-06;0.000403583;0.0362549;0.486462
1.67159e-06;0.0115282;2.81643e-07;1.05733e-06;9.99424e-09;6.67762e-05;2.8911e-06;1.612e-06;6.54551e-07;3.66926e-06;1.5204e-05;0.000253966;0.988123;6.63421e-07
1.43745e-06;0.000432314;0.97652;5.62312e-05;5.09208e-06;6.23903e-06;0.00202449;5.30284e-09;4.7272e-08;0.00251545;1.03548e-06;0.0182611;7.01145e-05;0.000106633
1.3787e-08;3.40821e-08;0.999982;9.22666e-08;3.75683e-09;1.47858e-08;1.62021e-05;6.28936e-11;3.96483e-07;3.46434e-08;3.95987e-07;9.01541e-07;4.35746e-10;1.3818e-09
0.000153244;0.936001;1.047e-05;0.000258043;3.88491e-05;6.39918e-05;0.00317746;0.00236255;0.0101474;3.98286e-05;0.0401866;0.000275703;0.00707304;0.000211333
1.82381e-05;0.000153064;9.09293e-08;4.15123e-08;1.09205e-06;9.37936e-08;1.05509e-06;0.999731;2.43598e-05;1.75583e-07;2.53822e-06;1.65557e-05;4.8281e-05;3.75675e-06
1.57742e-07;0.000331965;2.13151e-06;3.46668e-05;0.000241128;0.000173749;4.45351e-08;4.39265e-05;9.355e-06;2.22931e-07;6.20243e-06;0.0321414;3.26793e-05;0.966982
7.69795e-05;0.914029;8.33685e-07;9.66306e-07;3.75226e-08;4.66452e-09;3.60693e-06;0.000389761;1.27281e-05;4.33424e-08;2.54876e-05;1.2747e-05;0.0854473;6.11331e-07
1.48496e-06;0.0196191;3.72292e-07;3.8965e-06;0.00238718;2.52894e-07;1.12821e-07;0.955164;1.14118e-05;1.50925e-06;8.62191e-06;0.00102844;5.47472e-06;0.021768
1.4491e-06;0.128888;0.128374;0.00098596;0.0030666;0.000236422;1.62253e-08;5.56967e-05;5.59071e-09;6.43936e-05;3.26029e-07;0.721813;0.01118;0.00533346
3.32245e-06;0.957481;3.63505e-09;1.82607e-05;4.30235e-06;8.07699e-06;1.50766e-05;0.000527384;2.16164e-05;1.57003e-06;0.00150146;0.00012613;0.040242;5.0224e-05
4.20345e-07;0.000566131;4.47269e-09;6.87711e-07;4.71658e-05;2.92315e-06;1.61978e-07;7.734e-07;4.01034e-09;2.09648e-07;3.33894e-06;0.00121501;0.998158;4.94997e-06
0.000694219;0.00220745;1.45007e-06;7.78189e-06;2.57345e-05;4.74745e-06;5.46005e-07;0.0165926;2.03581e-05;2.49271e-06;7.59797e-05;0.971543;0.00881645;7.29331e-06
5.15497e-06;5.81849e-05;7.46136e-09;4.49803e-08;1.19945e-08;2.41052e-08;1.60929e-08;0.999917;9.86828e-07;1.96674e-08;9.71854e-07;6.99152e-08;1.7282e-05;3.3131e-09
1.00665e-09;0.996634;9.52403e-11;4.60992e-09;3.02448e-08;3.03138e-10;6.12845e-09;9.71276e-11;1.01748e-12;5.94292e-07;5.09879e-12;7.09552e-09;5.40391e-09;0.00336572
3.53956e-05;1.97053e-06;0.999416;1.48283e-06;7.17143e-06;3.43377e-05;0.000346656;7.4137e-05;1.44952e-05;7.4231e-06;5.57726e-05;1.50669e-07;2.44541e-06;2.7738e-06
5.10996e-08;3.86018e-08;1;3.63039e-09;1.17281e-08;1.19929e-09;2.67567e-08;1.97154e-08;2.85836e-09;1.88073e-10;1.29368e-09;2.93989e-09;4.37159e-10;9.36269e-10
1.56284e-07;2.25051e-07;0.999514;5.892e-09;1.5981e-09;1.61536e-08;1.91582e-10;4.22006e-09;2.10932e-08;6.32836e-10;7.46398e-10;0.000485973;8.63902e-09;5.98901e-08
6.87003e-10;2.86702e-05;8.52465e-12;2.57232e-11;5.34877e-07;2.4634e-05;3.82052e-10;1.74349e-09;5.09233e-11;2.15042e-09;4.94705e-13;1.3174e-16;5.74984e-09;0.999946
1.12322e-13;4.01816e-14;1;7.81054e-16;3.54477e-10;8.26599e-13;3.26127e-16;8.39222e-15;2.13762e-16;1.22778e-14;5.80342e-18;1.92808e-09;2.70247e-15;5.71224e-13
1.10325e-07;6.24937e-06;2.85141e-06;2.80204e-08;3.05622e-05;9.96432e-06;4.46189e-10;0.999905;3.87325e-05;4.10647e-09;5.05819e-08;1.78581e-07;5.92548e-06;7.77806e-07
