1.11055e-05;0.999659;3.55053e-10;2.22316e-07;1.57782e-07;1.69498e-07;5.98698e-08;2.03829e-05;2.94194e-06;3.56829e-08;2.02818e-06;1.84563e-06;0.000286485;1.6078e-05
3.73254e-07;0.999899;2.20923e-10;2.84811e-09;1.025e-09;1.39898e-10;3.56519e-05;7.19905e-07;1.03908e-09;1.23278e-05;2.95176e-10;1.07364e-09;1.61836e-07;5.17646e-05
2.48807e-10;1.25606e-11;1;3.93891e-09;6.04946e-08;8.33861e-10;2.29334e-08;2.14059e-11;6.00233e-09;1.80863e-08;7.10947e-09;1.26412e-07;5.65465e-14;1.1959e-08
3.86286e-07;0.38763;8.40854e-05;8.96475e-07;3.41246e-07;2.73601e-07;1.28339e-06;9.39921e-08;8.48116e-09;5.40765e-08;4.63155e-07;6.10963e-07;0.612282;1.20839e-08
1.49345e-06;0.595679;0.00197586;1.09875e-06;5.73583e-05;1.90626e-05;6.77785e-07;0.29519;1.63217e-06;3.52776e-06;2.90877e-07;0.00584764;0.0973136;0.00390899
2.26413e-07;0.856415;0.000122116;1.6437e-05;0.00260483;0.0143736;3.7815e-07;0.00226122;9.30943e-07;2.29014e-06;7.94338e-07;0.0602138;0.00404426;0.0599446
5.16865e-07;0.0861398;1.10358e-06;1.13359e-06;1.04706e-05;0.000594798;5.34066e-10;0.0121139;4.68557e-08;6.0357e-09;1.20175e-08;0.0342515;0.558468;0.308418
1.49483e-05;0.944845;6.23226e-06;2.33192e-05;8.63923e-05;0.000161512;5.60146e-08;0.00767027;1.90282e-06;1.26005e-06;1.07909e-06;0.00137522;0.00379933;0.0420137
2.72183e-06;0.972484;4.98554e-08;2.83202e-08;5.43576e-07;7.7814e-08;2.06821e-10;0.0188312;1.52529e-09;1.89074e-09;7.43159e-09;0.00736699;0.00131412;1.85819e-07
1.3967e-07;0.0070519;3.99116e-06;6.87296e-06;0.00033119;0.000168626;2.38872e-08;0.0303753;3.5075e-08;6.86767e-07;6.30601e-08;0.926142;0.0341652;0.00175413
2.93205e-07;0.985316;1.2752e-10;1.72702e-08;1.14226e-09;9.38893e-10;0.0145383;2.02861e-09;1.09231e-08;6.20565e-06;9.17892e-07;4.23409e-09;0.000133937;3.9351e-06
4.64909e-09;4.86676e-08;0.999999;2.40157e-09;1.10331e-08;4.39531e-10;7.94982e-07;5.78474e-12;3.23855e-08;1.25353e-09;1.30391e-09;2.52321e-07;7.59847e-10;7.93124e-10
2.47889e-05;0.889942;3.28223e-06;5.9203e-08;1.5866e-07;6.39914e-09;8.23617e-07;0.0824205;2.21195e-06;2.02858e-07;1.82872e-07;6.72021e-05;0.0275315;6.70902e-06
6.53556e-09;0.000165838;1.11661e-07;1.21011e-07;9.00882e-06;1.27304e-07;5.80307e-10;2.55826e-07;5.87648e-08;8.55822e-10;3.09252e-07;0.999715;2.74494e-06;0.000106866
9.86209e-08;0.999828;2.52113e-09;3.99347e-09;1.65065e-08;5.34579e-10;0.000119777;1.10046e-05;2.27292e-10;2.5057e-06;1.64033e-09;2.41791e-12;5.89996e-07;3.84695e-05
2.15056e-08;1.78594e-08;0.999865;2.69674e-08;2.75553e-06;8.86199e-09;6.66465e-08;1.23269e-09;1.75622e-08;1.46195e-07;8.28936e-09;0.000132029;4.83403e-11;8.6475e-08
1.19213e-07;0.002586;1.04353e-07;4.19996e-09;5.35399e-09;2.10729e-08;2.39286e-07;4.71142e-09;7.13262e-10;1.55556e-09;3.25127e-09;1.32565e-07;0.997413;7.03722e-09
4.1848e-08;0.000327966;3.67876e-08;4.65159e-08;5.09495e-07;3.02362e-07;5.40716e-09;5.15248e-06;3.44848e-06;5.52453e-10;1.57491e-06;0.998391;0.00126829;1.86994e-06
5.54843e-06;0.00444808;2.0671e-06;7.94306e-07;0.000488857;0.000977002;2.02684e-08;0.990236;7.03098e-07;2.74129e-07;4.81295e-08;2.55871e-07;0.00322708;0.000612885
5.46809e-06;0.00143812;7.74701e-05;1.82475e-05;1.53539e-05;0.00222313;2.23669e-08;2.64746e-05;9.70328e-06;5.12351e-08;1.97592e-06;0.00760861;0.980981;0.00759443
3.60672e-06;0.0489427;7.45813e-08;8.51408e-08;0.000340737;0.000123768;1.15388e-08;0.94425;8.41166e-07;3.04702e-07;1.27018e-07;6.79221e-05;0.0029088;0.00336102
1.7776e-07;0.999857;1.27477e-09;5.68395e-09;5.87505e-09;1.21923e-09;4.22044e-05;2.48414e-05;6.01772e-09;2.97184e-05;1.15905e-08;1.16127e-06;4.59574e-06;4.02955e-05
5.47295e-08;2.68516e-08;0.999958;1.52204e-07;7.63663e-07;1.21094e-07;3.64103e-05;7.79842e-10;3.81009e-06;4.22373e-07;2.73961e-07;3.37686e-08;4.80111e-08;1.35811e-08
2.14027e-06;0.998179;0.000270195;4.59872e-07;6.20251e-09;6.39112e-10;4.73665e-06;0.00140964;3.19714e-07;2.34755e-07;1.3736e-06;1.63211e-05;0.000114847;3.54768e-07
6.45318e-10;5.98385e-07;0.999999;2.63735e-10;3.64673e-10;6.66599e-11;1.23557e-08;3.68568e-10;1.12046e-10;2.3006e-10;1.4542e-10;2.53829e-07;4.48846e-10;5.57993e-10
1.42335e-06;0.000124699;1.30664e-06;3.89605e-05;3.71754e-05;4.84322e-05;1.81528e-05;0.000302651;0.000385191;1.63998e-06;0.000284688;0.00495908;0.0017085;0.992088
4.18677e-07;0.857709;1.3085e-07;6.08871e-07;4.83044e-06;5.82537e-06;3.34147e-08;0.141152;2.64263e-06;3.98139e-08;2.05483e-06;0.000373279;0.000230441;0.000519208
8.91648e-06;0.669137;5.70362e-07;9.01998e-08;1.18974e-05;1.80748e-06;1.63544e-08;0.0704638;7.69113e-08;2.4535e-07;3.56007e-08;0.110924;0.14937;8.20009e-05
1.44265e-05;0.641189;1.60496e-07;8.4284e-07;1.07217e-06;6.48044e-06;1.25013e-07;0.00252607;2.85558e-05;5.12955e-08;4.60162e-06;0.0148774;0.340959;0.000392132
1.72183e-05;0.977834;0.0189232;8.61784e-06;2.33922e-05;7.19939e-06;6.88494e-06;0.000162052;4.27194e-07;3.43089e-05;8.8661e-08;0.000126869;5.42447e-05;0.00280202
3.99966e-10;1.0008e-09;1;1.24246e-10;9.19542e-10;3.91282e-10;2.18939e-09;2.60392e-09;7.60774e-11;1.01201e-10;2.20836e-11;2.66017e-08;6.78323e-10;5.69516e-11
5.65133e-06;0.0152445;1.86765e-07;5.54802e-05;6.0392e-05;8.15883e-06;2.30205e-06;0.0610885;0.000265412;5.6522e-07;0.003767;0.0214264;0.89791;0.00016599
5.12809e-06;0.986881;4.12405e-09;5.98233e-06;4.18681e-07;1.31834e-06;1.38208e-06;0.000281221;8.31303e-06;1.19255e-07;6.15744e-05;0.00264057;0.010107;6.52497e-06
0.000118584;0.736952;4.72806e-07;4.8218e-06;5.04993e-06;8.6623e-07;2.49754e-06;9.12224e-05;2.50474e-07;7.41233e-07;6.40828e-06;0.0372503;0.225505;6.15377e-05
2.91572e-06;0.965649;1.30748e-06;4.03181e-06;7.10183e-07;2.21293e-06;2.30425e-07;0.00163606;7.53378e-07;3.40986e-08;1.13631e-05;0.00738889;0.0251512;0.000151491
1.02436e-07;0.20909;3.196e-09;5.59947e-07;1.47945e-06;3.49913e-06;0.0154047;1.0162e-07;1.79693e-08;0.00955004;2.37064e-08;6.2737e-09;4.33082e-08;0.76595
6.50722e-09;5.07507e-10;0.999999;1.83044e-09;4.21657e-10;1.39782e-09;1.90489e-08;2.42263e-09;3.7479e-08;6.25042e-10;6.63154e-08;4.04014e-07;5.0873e-09;2.22609e-11
