3.84739e-06;0.959166;9.22457e-07;4.91733e-07;8.01902e-06;9.10057e-07;4.47398e-08;0.0185469;8.57837e-07;3.82887e-08;1.77045e-06;0.000106902;0.0221363;2.73385e-05
2.1618e-06;0.796122;1.81489e-08;0.000682447;3.76042e-05;5.85997e-05;0.0622709;7.65721e-05;2.02616e-05;0.117914;0.000127771;9.5918e-06;0.00329589;0.0193821
1.67702e-10;6.08169e-11;1;3.04492e-09;2.57109e-11;7.18295e-12;7.94763e-08;7.20268e-15;5.18793e-11;5.4804e-09;1.60884e-09;4.96931e-09;1.5864e-13;1.44708e-11
6.50935e-06;0.000955688;1.58269e-08;1.16073e-05;0.000165743;6.45193e-07;0.00044022;0.992216;0.000664646;2.41183e-06;0.00545483;2.43344e-06;7.87068e-05;6.6366e-07
2.24202e-05;0.0134303;0.82854;0.00173469;0.000193619;0.000152752;4.51362e-05;3.70223e-06;2.87256e-05;8.05994e-05;0.0192738;0.125731;0.0106766;8.69448e-05
6.98381e-07;0.999491;7.05128e-12;3.35492e-09;7.00931e-09;1.38694e-08;2.6958e-09;0.000198943;1.58442e-08;2.16581e-09;1.46968e-07;1.5606e-05;0.00029326;2.75892e-07
4.29746e-07;0.00179244;3.16347e-11;1.09361e-07;8.54254e-06;7.55226e-07;5.46985e-08;0.00533379;9.43284e-07;1.44514e-08;8.77656e-07;2.23755e-06;0.992856;3.70917e-06
2.34528e-05;0.00082588;4.19531e-06;1.07365e-06;3.16694e-06;5.64938e-07;9.17371e-08;0.000238389;2.23591e-05;1.29948e-07;1.00304e-05;0.985762;0.0130661;4.30246e-05
6.2246e-05;0.155629;0.000173693;2.25442e-06;0.00107058;0.000124734;5.54869e-08;0.810189;1.91907e-06;3.2747e-06;1.93032e-06;7.31068e-05;0.00229626;0.0303718
3.17966e-08;0.00287886;9.36373e-07;2.11917e-06;8.59794e-06;1.77047e-05;4.84369e-09;6.16344e-06;7.94643e-08;3.81346e-08;2.01509e-06;0.996454;0.000122001;0.000507094
1.4735e-05;0.260134;2.93012e-06;9.6249e-08;3.5708e-07;2.18334e-07;2.90031e-07;0.119539;4.80185e-07;3.71429e-08;2.66788e-06;0.00013119;0.620173;1.68986e-08
0.000130914;0.199096;0.000330056;2.03991e-06;0.0221969;5.00393e-05;1.6741e-08;0.0257879;1.89718e-06;8.21163e-07;3.69469e-07;0.709142;0.00361896;0.0396417
4.08504e-05;0.998631;5.96115e-09;7.2195e-08;2.70309e-07;1.43552e-06;0.000926362;6.01076e-05;0.00012969;5.72057e-05;4.93329e-08;1.54016e-09;0.000110372;4.24171e-05
2.03235e-10;2.94909e-11;1;5.7806e-13;9.25175e-13;1.76453e-12;7.37333e-10;2.32038e-13;1.39909e-10;9.07475e-12;2.40312e-13;1.14137e-09;2.09382e-12;7.16967e-13
7.69601e-05;0.00923707;2.12854e-07;0.000147147;5.95139e-05;0.000349779;0.000177596;0.0872817;0.762158;2.12398e-06;0.00336142;8.7282e-05;0.135409;0.00165212
8.41749e-06;0.982104;0.0174834;5.19116e-06;1.10236e-05;3.01481e-07;1.2308e-08;0.00022145;2.9847e-07;1.79498e-07;4.10517e-08;7.58954e-05;1.20416e-05;7.8123e-05
1.21354e-05;0.895572;1.21086e-11;2.45705e-06;5.19793e-07;2.22506e-07;2.20956e-05;1.4215e-05;4.37245e-05;4.25436e-07;1.74664e-05;9.26858e-06;0.104301;3.96227e-06
2.03032e-06;0.125291;1.03657e-05;3.07999e-07;2.57696e-09;4.5591e-09;2.8947e-06;7.89595e-07;4.1077e-08;3.19473e-08;4.96133e-07;0.87403;0.000661958;4.80953e-08
1.16442e-05;0.0978049;2.59757e-08;7.34451e-05;0.00062128;4.754e-05;0.0268806;0.000430784;1.83586e-06;0.00913805;9.32906e-07;1.85555e-07;9.66075e-06;0.864979
1.70953e-05;7.86613e-05;0.994631;2.20558e-05;9.222e-06;0.000733323;1.05684e-06;6.13186e-05;1.28456e-06;9.12197e-07;2.42818e-06;0.00424897;0.000192642;1.88798e-07
8.55272e-07;0.000161499;5.96532e-07;4.11726e-07;3.77632e-07;3.75329e-06;5.47436e-10;1.90334e-05;2.66269e-09;1.37491e-09;5.59622e-09;4.40015e-06;0.999809;2.12882e-08
4.51938e-06;0.00272198;2.64752e-08;4.3832e-06;1.36316e-06;0.000156636;9.32034e-07;2.40243e-06;1.64302e-05;2.05896e-07;7.16006e-05;7.56415e-05;0.996935;8.51007e-06
3.23507e-05;0.0122623;0.982691;0.000116611;0.000850657;0.000366;6.43013e-06;0.000143727;2.72491e-06;0.000112088;3.25317e-07;0.00168437;3.1845e-05;0.00169965
0.000438519;0.215837;2.71164e-08;1.33941e-05;2.70551e-05;0.000294502;3.18696e-05;0.0820779;4.13926e-05;2.34649e-06;0.000115435;0.0105661;0.690545;8.66226e-06
3.46791e-06;0.000366855;1.06805e-09;2.3824e-07;2.9186e-06;7.72541e-07;1.16823e-08;0.0021777;1.92927e-07;2.91126e-09;7.35287e-07;0.0024466;0.994999;1.0472e-06
1.83246e-06;0.00117822;3.83451e-06;2.73846e-07;2.88902e-06;1.49416e-05;7.30395e-08;0.00229226;7.89404e-08;6.74203e-07;3.78623e-08;1.73068e-05;0.996406;8.18332e-05
4.40589e-09;5.23055e-07;0.999999;8.15178e-08;5.618e-08;3.55501e-08;5.11753e-08;6.9294e-08;2.09268e-09;1.72963e-09;1.1149e-08;5.58143e-07;2.85071e-08;3.54766e-09
1.8485e-09;2.49016e-07;0.999828;2.38292e-08;2.39823e-10;5.87718e-09;2.92e-10;1.80152e-08;7.99544e-10;4.00217e-10;1.12739e-08;0.000171824;5.5715e-08;2.50658e-08
5.48373e-10;0.00237829;8.89081e-10;7.07119e-09;7.17743e-07;8.92111e-05;4.34298e-08;9.47035e-08;7.36775e-11;1.45207e-07;3.22433e-09;6.65923e-14;4.96849e-07;0.997531
7.77156e-15;1.64832e-13;1;1.1869e-14;2.09781e-11;7.25174e-12;4.81037e-15;6.13888e-15;2.42769e-16;1.18213e-13;8.68164e-16;4.07022e-09;2.46336e-14;1.27073e-12
1.11154e-06;0.0255299;4.80375e-05;3.9062e-05;0.000122352;0.00710269;4.19933e-06;0.0112105;0.000865157;1.67527e-06;0.00371113;4.22322e-05;0.95104;0.000281679
