6.97343e-06;0.998703;2.44821e-05;1.5612e-06;1.74029e-06;6.56634e-07;4.4685e-09;0.000522427;3.15075e-08;1.9762e-08;3.16333e-08;0.000432252;0.000306078;1.12342e-06
9.28977e-06;0.997069;1.12989e-08;3.46676e-06;4.07418e-05;4.40977e-05;4.89907e-06;0.00012062;6.69153e-07;5.46402e-06;1.63402e-06;1.00374e-05;0.00189407;0.000795905
8.75023e-07;0.00184313;5.81204e-08;2.85441e-05;0.00759022;8.19729e-05;5.62027e-08;0.000841998;1.23194e-06;1.11038e-06;2.98378e-06;9.3311e-05;2.47851e-06;0.989512
0.000582849;0.706454;0.00402009;0.00126835;0.012019;9.67394e-05;0.00145884;0.0108361;0.00397319;0.000169761;0.216552;0.0166203;0.0245516;0.00139759
1.68177e-05;0.00226866;9.95828e-07;7.80344e-07;0.0166771;5.20913e-05;1.6299e-06;0.975879;1.30157e-05;2.95578e-06;2.66732e-05;0.0015187;0.00301876;0.000522686
1.3156e-06;0.000257502;2.42353e-09;8.84187e-08;3.34598e-06;7.19997e-08;7.74995e-10;0.992501;1.39614e-06;1.21735e-08;5.81537e-07;0.000286449;0.00694798;5.03864e-08
1.60154e-05;0.996412;1.446e-10;5.55555e-05;1.90702e-06;4.88861e-07;0.000339994;7.13099e-05;0.00106766;9.16518e-05;0.000367462;4.03834e-06;0.00155931;1.29324e-05
2.90831e-05;0.0013452;0.00541397;0.000559534;0.000115709;1.91325e-05;6.50973e-08;1.5319e-05;9.74875e-08;2.23124e-06;9.54252e-06;0.989947;0.000237174;0.0023059
0.00434887;0.473293;3.45973e-06;0.000181555;7.52552e-06;4.7592e-06;0.00537828;0.00295311;0.00204573;0.00012099;0.276828;0.00214098;0.232688;6.1971e-06
0.000208834;0.904683;4.86378e-08;0.000472198;0.00284498;0.00798453;0.000486285;0.000750422;0.000563278;0.00179375;0.0208775;0.000154409;0.0372298;0.0219512
0.000803379;0.333918;0.0745251;0.00251392;0.00662997;0.0016429;3.37479e-05;0.00025747;3.80775e-06;0.00232803;1.46142e-05;0.213484;0.00371416;0.360131
9.56504e-05;0.00490975;6.56073e-10;6.03765e-06;7.28017e-07;2.21539e-05;5.13498e-06;0.000923005;0.000120726;4.77487e-07;0.00371171;9.12e-05;0.990113;4.09617e-07
2.27532e-05;0.984729;0.0143701;7.54204e-05;7.94923e-06;3.30599e-05;0.000423027;1.34153e-05;2.33095e-06;0.00012481;6.4817e-06;9.4848e-06;4.77106e-05;0.000133839
1.58347e-07;7.71512e-07;0.999981;3.56053e-07;2.24784e-08;4.22211e-09;1.21571e-05;1.0112e-08;2.64063e-07;2.73716e-08;3.88368e-06;1.0006e-06;2.20594e-07;2.58283e-09
2.40382e-06;0.000279878;0.000894051;3.45499e-05;1.32269e-05;1.49934e-06;1.14492e-07;0.0123454;6.59346e-05;3.06598e-07;0.000980525;0.985252;3.60834e-06;0.000126732
8.05876e-07;0.997451;1.30056e-07;4.00209e-06;1.5665e-06;1.38673e-05;1.33815e-06;8.51253e-05;3.90875e-06;5.15617e-07;0.000321646;1.99615e-07;0.00203987;7.61254e-05
1.09189e-06;0.0017865;4.73897e-09;0.000174565;0.0541391;0.608883;1.93081e-07;0.00938635;4.99261e-07;6.5152e-06;2.22253e-06;0.0140155;0.00146956;0.310135
2.79359e-05;0.0380813;0.000315456;0.000125923;7.90469e-05;0.00328766;3.60313e-07;0.00310754;1.13977e-07;6.87045e-07;1.84772e-07;0.000725222;0.953718;0.00053064
1.31855e-05;0.030194;0.0100493;0.00245825;0.00511117;0.00153672;5.59698e-08;0.837202;2.73201e-07;2.35317e-05;1.22792e-06;0.0720971;0.029201;0.0121125
2.70545e-06;0.308591;0.687623;7.5117e-06;1.96257e-05;0.000146876;2.00934e-07;0.00292034;3.71837e-10;3.25203e-06;5.91003e-09;1.25602e-05;0.00047136;0.00020227
1.2225e-07;0.0127284;2.57409e-06;6.19448e-08;0.0109876;0.00022776;4.03034e-11;8.30782e-05;7.42578e-10;8.53185e-09;6.1866e-09;0.0100312;0.00171704;0.964222
9.6139e-06;0.965673;4.81418e-08;2.63989e-06;0.0007028;0.000539263;5.44514e-08;0.000486159;2.56618e-06;1.63879e-07;4.31973e-07;0.0058854;0.0256502;0.00104808
0.000125598;0.999139;1.21264e-05;1.88303e-06;1.13858e-06;7.39673e-09;1.11724e-07;0.000205365;8.97451e-07;4.72398e-08;2.2671e-06;0.000505712;5.74728e-06;1.31111e-08
2.21116e-06;0.996333;5.33915e-09;3.08667e-06;0.00209663;1.44076e-08;1.66756e-09;0.00155818;4.61959e-08;1.1439e-07;1.55928e-08;9.70557e-07;5.58782e-07;5.04499e-06
3.26056e-06;0.00910902;0.018787;7.45001e-05;0.000309326;0.00175554;8.79854e-08;1.04242e-05;3.34739e-09;1.70922e-05;1.59143e-07;0.964967;0.00149024;0.00347591
1.23177e-06;0.000216678;1.72197e-10;7.61108e-08;6.21431e-07;6.09229e-07;1.46188e-08;1.16248e-05;2.4091e-07;6.74085e-10;2.0359e-06;8.0953e-06;0.999759;2.16154e-07
8.42513e-06;2.91796e-05;0.000143892;4.3887e-06;6.1527e-06;2.42078e-06;6.8809e-10;5.29996e-06;3.83247e-07;3.09047e-08;8.1352e-07;0.99065;0.00914843;5.91968e-07
9.565e-05;0.500973;4.8611e-07;0.000221434;0.000137202;0.000289994;0.000179266;0.414784;0.0317886;3.62382e-05;0.00307966;2.91115e-05;0.0483292;5.63746e-05
2.66725e-06;0.98197;0.000522108;7.67907e-06;2.27935e-05;9.68797e-08;7.04816e-10;1.2567e-05;1.51285e-09;7.25137e-07;4.14131e-09;0.0167643;2.55723e-06;0.000693927
0.000240007;0.00103043;3.17478e-12;1.20826e-07;0.000114524;3.18949e-08;5.76993e-05;0.99817;3.6971e-06;7.04304e-06;6.61006e-06;1.97693e-09;0.000362501;7.7522e-06
7.84191e-05;0.000435405;0.919591;0.00132781;0.000844867;7.9444e-06;5.64626e-07;2.651e-08;6.0887e-06;0.000153431;1.93202e-05;0.0775185;1.13333e-05;5.49217e-06
0.0596865;0.0543466;6.82909e-07;0.000111772;3.49725e-06;1.1608e-06;0.000438225;0.0110216;0.798129;3.0792e-05;0.0731596;0.000759253;0.00231062;2.8534e-07
