1.70268e-06;0.999693;3.61807e-08;1.51804e-07;3.14179e-07;3.17795e-07;3.27207e-08;0.000121392;1.95182e-06;1.70401e-08;2.16953e-06;7.01412e-06;0.000171457;6.54474e-07
2.85809e-06;0.99794;1.22918e-05;1.00779e-06;4.68096e-07;3.08673e-07;4.27628e-07;6.04975e-07;4.81038e-07;2.25162e-07;1.69815e-06;0.00118309;0.000849014;7.53693e-06
1.82249e-05;0.0862012;9.40009e-08;3.70009e-05;0.00071216;0.000108702;2.8303e-07;0.368076;5.17237e-05;3.22203e-06;3.07289e-05;0.544167;0.000178902;0.000414578
2.50532e-05;0.881903;4.14207e-06;5.00398e-05;0.00823257;0.000224397;2.10727e-07;0.104557;3.60901e-05;8.29167e-07;6.4412e-05;0.003223;0.000902479;0.000776612
1.8018e-05;0.881533;1.34833e-07;7.60413e-06;1.37764e-05;4.07279e-06;5.98463e-09;0.00434779;1.13123e-06;7.61476e-08;6.44654e-07;0.0936643;0.0204059;3.31198e-06
1.90079e-06;0.99824;6.23333e-10;2.06694e-07;7.80631e-06;3.18842e-07;2.12352e-08;0.00105045;4.8762e-06;2.13048e-07;8.90656e-07;1.51823e-05;0.000660211;1.78205e-05
9.40144e-07;0.0098971;1.31406e-05;1.19818e-07;3.17229e-06;5.86778e-08;3.72185e-09;1.73904e-05;2.59079e-07;3.12779e-08;1.43668e-07;0.990018;4.86089e-05;1.11445e-06
3.20111e-05;0.193975;4.8296e-08;2.26376e-06;1.9051e-05;3.0406e-05;3.13279e-05;0.00311396;0.000728965;2.64287e-06;1.43875e-05;3.27537e-05;0.80192;9.75073e-05
2.86157e-05;0.0148462;3.56547e-11;2.35304e-06;0.00012927;1.44072e-05;1.91312e-07;0.0540451;5.00245e-05;1.16242e-07;7.12307e-06;2.04358e-05;0.930632;0.000224577
1.19142e-05;0.000149825;1.52303e-06;3.23621e-06;2.59112e-07;2.61346e-06;2.76114e-08;1.31129e-05;2.79236e-05;1.0084e-07;2.10253e-05;0.997007;0.00275522;5.937e-06
8.93893e-07;0.999818;1.6616e-06;2.54226e-07;1.02642e-08;6.51862e-09;1.08865e-07;3.31847e-05;3.33219e-07;2.85496e-08;3.58587e-06;0.000128588;1.34517e-05;1.34178e-09
6.35604e-09;0.999946;1.18623e-10;3.30671e-07;1.86737e-07;2.02298e-08;6.7025e-08;1.3884e-05;2.89254e-09;1.69918e-05;2.51472e-09;1.17544e-06;5.45778e-08;2.13777e-05
1.33805e-07;2.86609e-08;0.999687;1.19403e-06;5.35878e-08;1.96578e-06;2.19197e-06;1.66778e-08;3.00692e-07;2.85577e-07;0.000278102;2.77504e-05;4.76333e-07;7.532e-08
4.69044e-06;0.997571;2.4722e-09;5.85292e-07;9.27545e-07;7.00291e-06;4.03839e-05;0.000202199;1.03468e-05;6.54206e-07;0.000186542;0.00011688;0.00185381;5.166e-06
0.000104078;0.0582738;0.000109692;1.45373e-06;1.85309e-06;2.22447e-06;1.06145e-06;3.50366e-05;3.02346e-05;9.99178e-08;6.9369e-06;0.807576;0.133858;5.11792e-08
0.000102448;0.0989462;3.18037e-10;3.4314e-07;6.44016e-05;7.23963e-09;2.67965e-05;0.826831;0.0740025;6.73031e-08;8.58362e-06;2.596e-07;1.62035e-05;9.13972e-07
0.0129443;0.342923;0.331169;0.001033;0.00936295;0.00358496;4.76501e-05;0.00621783;0.00665713;0.000155177;0.000375178;0.0593364;0.221311;0.00488192
0.00682182;0.93533;9.48835e-09;4.7908e-05;6.76154e-05;8.67772e-06;7.30532e-05;0.00516712;0.0287161;2.96203e-06;0.00165196;0.00825632;0.0123418;0.00151493
0.000203857;0.944328;2.52972e-08;4.51525e-05;1.41046e-06;3.40967e-06;0.000179394;4.25176e-05;4.31448e-06;0.000282848;1.28984e-05;0.000270857;0.0510549;0.00357082
1.64588e-09;8.04035e-11;1;2.59629e-09;4.03848e-11;2.4588e-09;4.18052e-09;1.73772e-14;5.65953e-10;1.74052e-09;2.48046e-11;8.37106e-10;6.90863e-10;3.03022e-09
3.06176e-05;0.843549;0.137184;1.59825e-05;1.17325e-05;1.47588e-06;6.88306e-07;0.017859;1.58049e-06;1.91181e-06;1.01132e-06;5.98029e-05;0.00114445;0.000138977
1.85483e-08;5.27662e-06;2.00503e-10;1.18719e-08;9.03468e-10;5.77631e-05;7.42219e-09;1.62305e-06;1.57254e-06;7.77607e-08;9.48015e-07;2.32858e-09;0.999933;8.49872e-10
1.69826e-09;2.69717e-07;0.995958;3.16711e-08;2.44258e-09;1.97102e-08;1.87526e-09;8.31161e-10;1.92925e-10;7.00353e-08;5.07454e-09;0.00404125;9.46064e-09;1.05842e-07
5.75007e-06;0.946061;3.72697e-06;0.000230542;0.000661849;0.000349497;9.14456e-05;0.0260216;0.00121167;2.5485e-05;0.000935615;1.55091e-05;0.0227276;0.00165837
