1.9926e-06;0.999937;8.25385e-06;3.42444e-06;3.94089e-07;3.84743e-08;1.27469e-07;6.47011e-06;7.08033e-08;8.68532e-08;1.37198e-07;1.6924e-05;2.42165e-05;7.16716e-07
0.00038353;0.915536;3.8407e-06;2.20114e-05;1.48764e-05;3.02139e-05;9.22198e-06;0.0813503;7.0296e-06;6.98786e-06;7.41385e-06;0.00062192;0.00193734;6.92422e-05
1.55479e-06;0.46955;5.63618e-07;1.64503e-05;3.62994e-06;7.35076e-05;9.58883e-08;2.2388e-05;1.5996e-06;1.04427e-07;3.53591e-05;0.46967;0.0602026;0.000422294
2.90527e-06;0.0467426;1.24398e-07;2.26544e-07;0.0154829;7.12412e-05;3.17329e-08;0.081359;8.69584e-07;7.06317e-08;2.17432e-06;0.731771;0.124311;0.000256886
6.88831e-06;0.00266805;3.95337e-11;2.11227e-05;0.00529659;0.0384847;6.99727e-08;0.00433511;0.000235833;3.31805e-06;5.4039e-06;5.07173e-07;0.947554;0.00138853
0.00353525;0.907141;0.057023;1.05721e-06;3.25127e-06;1.58235e-07;6.0804e-09;0.000468954;1.64558e-07;1.63951e-07;3.10743e-09;0.0315181;0.000291791;1.67415e-05
2.01006e-06;0.0409743;3.10846e-09;1.7484e-06;1.39177e-05;0.0001187;8.93547e-10;0.000313404;9.70269e-07;3.28238e-08;3.81056e-07;0.0001582;0.000569655;0.957847
3.80639e-07;0.00306735;6.1292e-10;6.81285e-07;2.23152e-06;1.48726e-05;2.41869e-08;3.01116e-05;7.70939e-08;1.29101e-07;2.04612e-06;4.25333e-05;0.996804;3.54577e-05
1.54124e-05;0.00168993;4.66879e-07;1.31351e-05;8.91961e-06;4.37006e-06;8.01054e-08;0.000218294;2.03196e-06;3.61663e-07;4.68723e-05;0.96655;0.031446;4.24658e-06
3.28048e-06;0.997885;3.62175e-05;3.80789e-07;7.87961e-09;2.61656e-09;7.71247e-06;0.00013495;2.58284e-07;1.96419e-07;5.06933e-06;3.21001e-05;0.00189422;1.8699e-07
9.74826e-07;0.263151;8.13648e-10;1.0775e-05;4.90159e-05;1.83484e-06;0.00402642;0.00300381;1.61452e-06;0.00176664;2.28795e-06;8.76927e-06;0.000111675;0.727866
1.57931e-05;0.000142325;0.984426;2.83669e-06;1.09619e-07;5.3428e-07;0.000793912;9.90165e-06;8.26141e-06;1.17151e-06;8.79033e-05;0.0144739;3.73705e-05;3.38909e-08
1.01925e-05;0.88666;4.21972e-09;7.89949e-06;1.5966e-06;1.17419e-05;4.34229e-05;0.00164446;3.46458e-05;8.44945e-08;7.27366e-05;0.000158054;0.111343;1.21308e-05
3.99054e-06;0.00825605;4.03646e-05;5.22494e-07;3.32671e-06;3.63047e-08;1.06065e-06;0.0020258;7.05571e-06;1.80545e-07;6.71672e-07;0.989504;0.000157008;5.10785e-08
3.75983e-05;0.914568;1.35445e-06;2.92984e-05;0.00126533;1.34422e-05;8.63218e-07;0.0622794;0.000172872;2.20328e-06;8.89529e-06;0.00188446;0.0197125;2.36416e-05
0.000141618;0.15973;1.09761e-06;5.35961e-07;5.40431e-06;0.00020712;1.3885e-05;0.0158265;0.000252901;2.70241e-05;5.68026e-07;3.26251e-07;0.823704;8.91676e-05
1.60016e-08;4.5916e-08;1;4.07229e-09;1.50724e-08;2.04835e-09;2.27034e-08;1.80593e-10;1.21211e-08;4.79829e-09;1.22697e-09;2.40569e-08;1.23169e-09;1.42754e-09
1.10095e-06;0.00040917;8.42069e-05;8.38228e-07;4.42846e-06;1.21094e-06;9.20862e-09;2.38244e-05;4.37611e-05;6.39403e-08;3.82546e-06;0.999365;2.88534e-06;5.93481e-05
5.60443e-05;0.0231284;0.000280588;2.63597e-06;6.14015e-05;0.00029911;2.12657e-07;0.00109139;5.20298e-05;3.18395e-06;0.000110187;0.144102;0.830697;0.000115198
1.12506e-06;0.998444;4.33166e-06;1.3093e-07;9.62813e-06;4.97728e-06;2.27839e-06;0.000206328;3.21704e-07;1.43392e-05;1.25468e-07;0.000110038;8.87525e-05;0.0011136
5.10963e-11;1.48107e-07;0.999999;1.25708e-10;6.71548e-08;2.26508e-08;1.32653e-10;5.68927e-11;2.57249e-12;3.95577e-10;6.82228e-14;1.5495e-09;7.74804e-13;8.06551e-07
1.61448e-05;0.0372604;0.00104744;2.22681e-06;0.00334965;8.55994e-06;6.79653e-08;0.692419;5.23337e-07;9.85637e-08;8.28783e-07;0.224381;0.0415029;1.14837e-05
2.74707e-07;0.090261;1.06343e-09;1.18272e-07;0.00228401;4.1346e-07;4.33455e-07;0.905738;3.20684e-07;2.11874e-07;8.61761e-08;6.21584e-07;0.00171171;2.46854e-06
6.88852e-07;0.00131681;0.994382;2.00307e-05;0.000146074;1.29064e-05;9.61142e-07;7.63017e-07;1.17585e-08;3.00047e-06;1.13943e-07;0.00347811;0.00038283;0.000255976
2.3088e-07;0.997571;3.31036e-08;3.07295e-06;1.37364e-08;1.9287e-07;1.42107e-06;0.000903675;3.9137e-06;4.80948e-09;4.05586e-05;0.000956596;0.000516471;2.42349e-06
1.51104e-06;0.0230549;2.87236e-09;1.32215e-08;4.82391e-05;1.49738e-06;1.76182e-10;0.965556;4.74414e-10;4.08034e-09;7.51584e-10;4.55465e-06;0.0112028;0.00013045
2.39007e-07;0.00651176;0.000139349;2.38765e-06;0.000494317;0.00050198;7.09559e-09;0.000184563;5.3076e-09;5.31083e-07;1.26656e-07;0.933134;0.000388375;0.0586422
8.78627e-07;0.000864423;6.39875e-08;4.64341e-07;4.91456e-05;7.87363e-06;1.30175e-06;0.000112947;2.23874e-07;2.89818e-07;2.13724e-05;8.53944e-07;0.998938;1.73596e-06
0.000331213;0.0220853;1.00323e-07;1.97561e-06;0.000769385;3.10646e-07;1.00119e-06;8.6013e-05;2.96818e-05;8.25275e-07;8.37294e-06;0.970344;0.00631686;2.47662e-05
8.6158e-06;0.995841;0.000144179;1.57884e-06;1.73742e-05;1.65505e-06;3.60328e-07;0.000457024;3.86118e-08;1.44944e-06;2.66277e-08;4.85541e-08;0.00351914;7.71071e-06
1.11437e-09;1.04465e-08;1;2.06491e-09;1.60029e-09;1.11318e-10;1.85651e-09;2.34961e-10;4.1982e-11;1.04456e-09;6.149e-11;8.35944e-09;4.24243e-11;3.07851e-10
1.78749e-07;4.63669e-07;0.991997;3.21901e-06;1.36253e-07;7.30771e-07;3.81089e-08;7.31007e-07;4.22025e-07;7.05831e-08;1.00714e-06;0.00797307;1.10877e-07;2.25039e-05
6.3676e-08;0.00385225;5.0578e-08;2.62633e-08;8.0065e-06;0.000503685;1.06783e-06;3.15256e-08;1.71702e-08;1.81349e-06;1.33333e-08;1.61439e-12;6.72435e-07;0.995632
3.72476e-12;8.46929e-11;0.999997;4.70437e-11;4.42657e-08;2.17582e-07;3.25943e-13;7.38185e-13;9.3703e-14;1.89608e-11;7.09668e-14;2.15e-06;2.18343e-13;2.41235e-07
2.65746e-08;6.61786e-06;2.47644e-07;7.37045e-09;0.00142129;7.13277e-06;1.47968e-11;0.998332;2.80797e-08;6.27638e-11;7.02638e-09;5.58312e-07;0.00022946;2.6174e-06
1.51942e-07;0.00167821;1.20605e-08;1.47153e-08;0.00114265;2.51354e-07;2.30367e-09;0.996405;9.71918e-08;1.09002e-08;6.41107e-08;1.92659e-06;0.000766753;5.12553e-06
1.67602e-08;1.3966e-06;0.999304;5.6109e-07;0.000165809;2.14086e-05;8.49371e-11;6.00004e-07;3.70081e-11;1.10562e-07;1.35558e-09;0.000485999;1.49627e-06;1.85826e-05
3.00763e-08;0.967335;3.28218e-10;5.06168e-08;5.74144e-09;4.49093e-06;1.18523e-07;0.00016509;3.29502e-08;7.18086e-10;5.91316e-07;1.9623e-08;0.032495;7.56474e-08
1.29631e-05;0.923583;0.0581158;2.58958e-05;1.8518e-05;4.25218e-05;5.16e-07;0.000132826;1.06505e-08;7.84984e-06;5.48412e-08;0.000937118;0.0170133;0.00010978
7.10794e-06;0.888563;7.00518e-09;1.98699e-05;4.26143e-05;1.1784e-05;1.68018e-06;0.00200713;6.16048e-06;7.08121e-07;1.98973e-05;0.000433901;0.108881;5.26352e-06
5.70249e-05;0.00208253;0.000434574;0.000173131;0.486985;0.0107914;1.6735e-06;0.00418535;9.90657e-05;4.96302e-05;0.000189603;0.482603;0.00235466;0.00999299
0.000401606;0.448237;7.09875e-10;3.03432e-05;0.000302247;2.99653e-05;3.78361e-05;0.00877866;0.0111237;1.14976e-05;0.0015315;0.000385559;0.52912;9.54207e-06
1.50709e-05;0.999499;0.000197601;2.18183e-06;3.71181e-07;1.18295e-08;2.85961e-08;2.02289e-06;2.4869e-07;4.16366e-07;4.21054e-08;0.000274586;7.21659e-06;8.46914e-07
8.33281e-06;0.997101;2.8073e-10;3.37094e-07;1.04575e-09;1.04716e-08;3.31515e-05;4.18682e-08;2.63069e-06;8.51777e-08;9.2166e-06;6.10337e-07;0.00284433;5.20066e-08
1.13987e-05;0.0108282;1.47964e-08;3.12536e-06;8.45686e-06;1.99691e-06;4.39623e-08;0.0969971;5.31498e-06;1.4334e-07;5.2373e-05;0.88861;0.00333709;0.000145009
1.71428e-07;0.999907;1.62084e-10;7.09083e-08;3.8707e-07;5.22047e-08;6.05979e-07;8.82124e-06;5.11532e-09;3.65604e-07;2.01601e-08;3.03582e-09;1.44153e-06;8.06473e-05
7.76892e-12;2.15615e-10;0.999998;4.09497e-11;6.46312e-11;5.78372e-12;3.55466e-13;8.66211e-13;1.44608e-13;2.05712e-12;1.99294e-13;1.6509e-06;1.36393e-12;7.04213e-13
1.1193e-05;0.95324;1.18485e-05;8.93675e-06;2.35946e-06;4.1418e-05;5.58488e-06;0.0349316;2.63423e-06;2.82268e-06;1.6103e-05;7.62712e-07;0.0117225;1.81248e-06
3.3809e-06;0.00066336;1.83217e-05;8.07218e-05;5.66401e-05;0.000195576;2.80747e-06;0.000260057;2.17615e-05;9.14656e-06;0.00311579;3.21954e-05;0.995528;1.24041e-05
4.80012e-05;0.000137258;3.16424e-05;1.30593e-05;2.2267e-06;1.22921e-06;7.6615e-08;0.000633409;2.14164e-05;3.95619e-06;0.000327358;0.997107;0.00167021;3.06912e-06
