6.47301e-07;0.997808;1.06515e-07;2.27345e-09;9.11698e-09;2.62018e-10;3.45519e-08;0.000131412;8.41189e-09;4.05502e-09;5.46705e-09;0.00015861;0.00190143;2.9979e-08
2.60159e-08;0.00713756;9.12293e-11;7.06569e-07;8.46731e-06;8.49746e-08;5.6005e-05;3.29641e-06;4.45827e-08;0.00018118;1.58177e-08;5.38077e-07;3.22024e-08;0.992612
5.22302e-06;1.00503e-05;0.999538;2.57852e-06;6.35929e-08;1.53334e-07;2.97414e-05;2.31912e-05;4.11646e-05;1.27104e-07;4.75326e-05;0.000298144;4.27884e-06;1.56895e-09
5.20712e-05;0.000294854;7.78667e-09;1.06669e-08;4.07095e-08;3.69935e-09;1.37384e-07;0.999632;6.34458e-06;8.23136e-09;4.32475e-08;1.98121e-08;1.43315e-05;5.73096e-08
1.11169e-05;0.991507;9.9607e-08;6.04653e-07;3.47419e-06;1.61354e-07;0.00628039;2.80349e-05;2.26137e-05;4.00642e-05;3.62019e-08;0.00109543;3.97449e-06;0.00100729
3.76629e-08;4.89645e-09;0.999999;3.27395e-09;5.33707e-09;3.05257e-10;1.3501e-07;9.07637e-09;1.59537e-07;1.80244e-10;3.00228e-09;9.53968e-07;5.98634e-10;2.05465e-12
1.85825e-07;0.999594;4.06202e-09;8.55026e-10;2.38639e-08;7.65279e-10;1.89679e-06;8.09653e-08;2.29503e-09;9.54946e-09;4.69457e-10;1.30973e-09;3.25904e-07;0.000403775
1.87013e-14;1.2175e-14;1;1.79632e-13;9.8075e-10;1.05976e-11;4.20031e-14;3.6846e-14;5.61418e-15;7.13956e-14;1.5084e-15;7.34912e-09;2.20479e-17;6.84425e-11
2.08217e-07;0.994159;8.90954e-08;2.26073e-07;3.51531e-05;3.23601e-05;2.23416e-06;0.00517778;5.76724e-07;7.40531e-09;2.87068e-07;1.09464e-06;0.000558326;3.27192e-05
1.67699e-08;0.998719;1.37242e-07;1.38447e-07;6.09432e-08;3.3127e-07;0.000160209;0.000299361;1.81253e-08;3.77418e-06;5.51135e-08;2.69466e-09;2.73506e-05;0.000789704
4.38276e-13;4.01289e-12;1;1.72743e-11;1.36431e-10;5.06421e-11;2.4125e-12;1.10456e-12;7.00185e-13;1.5706e-12;1.32886e-12;9.6084e-09;5.9883e-14;4.64758e-12
3.39558e-08;0.99946;2.90167e-08;2.52733e-08;9.52504e-10;1.34761e-08;0.000480705;1.46979e-06;1.58252e-07;3.29282e-06;6.39325e-07;4.8702e-10;5.33002e-05;3.21739e-07
2.56082e-12;1.75924e-12;1;3.89706e-10;1.13632e-10;1.96243e-09;3.86251e-12;9.91299e-13;1.69345e-12;1.26583e-11;1.25383e-11;1.1402e-08;1.69737e-12;1.8876e-10
3.88388e-08;0.995555;1.61194e-09;5.91693e-08;4.48219e-07;1.90102e-08;1.0488e-08;0.00183161;1.0683e-07;2.95321e-10;2.35273e-07;3.03222e-05;0.00258196;5.93551e-09
1.67313e-07;0.997463;0.00201805;1.08628e-05;9.51277e-06;1.25234e-05;3.54433e-05;2.67055e-06;1.86001e-08;0.000318323;7.39585e-07;1.49393e-06;2.16766e-05;0.000105964
3.78152e-10;2.68298e-10;1;5.01177e-10;2.52041e-09;2.29361e-09;1.38688e-08;3.44997e-11;1.73131e-10;6.24854e-11;1.19276e-09;1.09824e-08;6.43935e-11;4.07145e-09
6.82022e-05;0.715007;0.00058246;3.12839e-05;0.00238358;0.000323861;7.15244e-05;0.137;0.00219455;5.1373e-06;0.00213964;0.0224836;0.000857276;0.116852
2.3098e-07;0.460003;0.00518277;6.95121e-08;0.000971912;4.57486e-05;6.10049e-10;3.32752e-06;5.46373e-10;9.44413e-09;7.8123e-09;0.502046;0.0198548;0.0118919
1.26576e-05;0.423995;6.45354e-10;2.00691e-06;0.00607659;0.000972238;3.41237e-07;0.0278647;5.59803e-05;1.30389e-07;1.16805e-05;0.00962627;0.0486674;0.482715
2.7919e-06;0.683603;2.1338e-06;1.61852e-07;0.0183347;5.38272e-05;9.34811e-08;0.289932;2.72382e-07;7.77175e-08;2.08645e-07;0.00230959;0.00575953;2.23827e-06
7.94464e-06;0.00184519;0.824349;7.71502e-05;0.0491846;0.0177175;1.54111e-08;0.000262775;1.5372e-08;3.63934e-06;2.04413e-07;0.0725615;0.0103585;0.0236316
7.65233e-06;0.61051;2.71383e-09;1.1794e-06;9.15306e-06;1.51269e-07;6.38777e-07;0.372506;8.38077e-06;8.67897e-09;0.000103818;0.000286906;0.016566;1.90951e-07
8.77605e-06;0.774915;0.00651543;0.000416911;0.000865648;0.00142056;1.99928e-06;1.26469e-05;1.9947e-07;8.50892e-05;2.67799e-06;2.9192e-05;0.212532;0.00319423
0.000291016;0.59826;0.168563;0.000489152;0.00307739;3.28384e-06;3.64566e-06;0.00991896;1.09406e-05;3.02763e-05;9.59886e-05;0.184549;0.000618962;0.0340886
2.9876e-06;0.995704;1.09644e-10;8.88894e-08;0.00280289;1.74041e-06;1.56103e-05;0.000846264;3.81381e-05;1.30951e-07;6.53832e-06;3.18047e-06;0.000577225;1.23915e-06
4.25262e-05;0.000904679;0.143709;3.3823e-06;0.0010737;6.26237e-06;7.33879e-07;2.47329e-06;1.50458e-07;6.13687e-06;7.80744e-07;0.852782;0.000405732;0.00106214
2.04984e-06;0.998668;4.06049e-09;5.15625e-08;9.7448e-08;8.06153e-08;3.08489e-08;0.00118375;1.83951e-06;7.07549e-10;3.0583e-06;3.02477e-05;9.71686e-05;1.38772e-05
9.74419e-05;0.793035;4.31664e-08;1.99541e-05;0.000337304;0.000242522;6.87962e-06;0.00120693;2.05e-06;1.93076e-05;1.23635e-05;0.000567009;0.204239;0.000213759
0.00109553;0.880585;2.08288e-07;1.41426e-05;0.00030983;0.000103852;2.32779e-06;0.0686473;0.00023037;1.03151e-05;3.12104e-05;0.0221883;0.0266695;0.000112625
0.00023156;0.232429;0.000311387;4.75927e-07;1.18269e-06;1.87676e-08;1.48694e-06;0.00342111;2.03169e-06;1.25293e-06;1.45697e-06;0.759658;0.00393625;4.76002e-06
7.79882e-06;0.911773;4.78611e-08;3.02211e-06;5.64608e-05;9.40695e-05;0.00109562;0.0144016;0.000147929;0.000137509;8.9729e-06;9.4258e-07;0.0716168;0.000656154
1.74252e-07;4.24379e-08;0.999992;9.7175e-08;2.55159e-08;1.35569e-09;7.14532e-06;1.72763e-09;5.73099e-07;6.78045e-08;2.59689e-08;2.69061e-08;7.51649e-10;4.78856e-08
2.30138e-05;0.00181465;5.08256e-05;2.32401e-05;6.75219e-06;3.7831e-06;2.68685e-06;0.000514026;0.00515218;3.16165e-07;0.000325982;0.991847;3.35617e-05;0.000202413
4.71891e-05;0.417106;4.70308e-06;7.71281e-07;6.66848e-06;1.56859e-05;2.99154e-07;0.000143404;1.56443e-05;7.83089e-07;6.75827e-06;0.00129067;0.5813;6.17555e-05
8.19727e-07;0.00677971;0.00267552;7.78694e-07;0.00459234;3.00205e-05;7.72706e-09;0.00099532;1.1471e-07;3.32786e-07;5.75929e-08;0.980447;0.000432898;0.00404541
5.45433e-07;0.00146025;8.47482e-07;3.17452e-05;0.00746385;0.00028309;1.71201e-08;0.961238;0.000137656;1.46496e-06;1.02043e-06;0.000237619;0.000187087;0.0289567
3.60604e-05;0.0134368;1.75155e-06;2.78249e-06;0.000803203;8.4751e-07;4.85102e-06;0.985599;4.622e-05;7.83194e-06;4.14245e-07;3.71222e-06;4.96259e-05;6.99815e-06
1.19506e-05;0.000784085;0.941703;9.32439e-05;0.00137544;5.70514e-05;1.1034e-08;0.000377593;9.34792e-08;5.54774e-06;3.02544e-07;0.0552883;5.14077e-05;0.000252061
3.06794e-08;0.998689;5.32797e-10;1.30747e-07;4.53025e-09;1.53165e-08;3.20879e-08;0.00120377;4.1754e-07;1.59204e-10;2.92688e-07;7.93007e-05;2.671e-05;5.3114e-07
1.33001e-06;0.998748;1.2964e-08;4.05918e-06;4.09131e-05;1.34591e-05;1.19767e-08;0.000661447;1.87687e-07;4.53926e-07;1.09594e-07;7.53367e-06;0.000422582;0.000100053
5.60271e-05;0.0764531;5.47162e-07;2.42939e-05;0.135645;0.000993351;4.2024e-06;0.772376;1.86732e-05;3.46167e-05;5.45929e-05;0.00270981;0.00519516;0.00643423
6.40156e-06;0.000924426;1.63111e-05;2.35456e-06;4.46264e-05;2.68778e-05;9.40697e-07;0.000290268;9.34832e-06;3.22917e-06;1.11559e-05;0.94116;0.0574815;2.27895e-05
2.68366e-05;0.939461;3.34563e-08;7.65754e-07;1.5726e-05;3.37752e-06;3.06742e-05;0.0398076;0.000429154;5.51781e-07;1.2179e-05;3.50929e-08;0.020204;8.12952e-06
5.24557e-08;2.03609e-07;0.999999;1.38967e-09;1.37034e-09;1.67473e-11;2.87709e-09;5.19221e-09;3.79513e-09;9.65046e-11;8.24715e-10;2.80219e-07;2.4435e-09;9.42318e-10
5.37804e-06;0.00415543;0.0104535;5.55435e-05;2.84036e-06;1.05726e-06;5.62503e-09;0.000634899;0.000588426;6.78152e-08;1.59887e-05;0.984019;5.85111e-06;6.17767e-05
2.00128e-05;0.912858;4.10803e-06;3.17303e-06;0.000209691;3.54453e-06;3.04809e-08;0.0857261;3.02987e-05;5.25207e-07;5.59578e-06;0.000154649;0.000558593;0.000426063
8.72829e-08;0.000745961;6.04745e-09;1.61562e-07;0.0139684;1.78515e-06;4.02752e-10;0.984321;2.82719e-08;6.73442e-08;1.16657e-08;0.000878461;6.16312e-05;2.23788e-05
6.49811e-10;1.25561e-07;0.999994;3.84394e-08;1.86298e-07;3.88837e-07;1.50176e-12;1.54475e-09;7.16963e-12;2.93428e-09;1.12425e-11;5.46788e-06;4.03114e-08;1.15163e-08
4.78305e-06;0.773032;4.59405e-06;4.47305e-06;6.97851e-07;1.69179e-05;1.41915e-06;0.22508;0.000222847;5.9044e-08;2.28607e-05;9.63455e-06;0.0015931;5.84821e-06
