6.06866e-06;0.838213;2.98055e-09;2.40309e-08;1.00712e-08;2.71336e-08;1.90621e-08;5.11889e-05;5.62347e-08;1.28795e-09;1.48989e-07;5.48404e-05;0.161675;3.3747e-10
9.16297e-07;0.828999;9.47918e-08;2.90512e-06;0.000117672;1.06263e-05;3.05384e-08;0.0012623;2.24135e-06;2.42843e-07;4.16213e-07;0.169361;0.000122205;0.000121019
3.43867e-05;0.936489;3.15501e-07;8.16286e-05;0.0412542;7.69718e-05;2.72919e-07;0.00609573;7.24963e-06;8.46794e-06;5.31571e-06;0.0117564;0.00206847;0.00212232
0.00040983;0.773961;0.000422908;6.63914e-07;1.46899e-07;6.11453e-07;2.29794e-06;0.00591278;2.66597e-07;3.14314e-07;8.86729e-07;0.104297;0.114991;2.38668e-08
3.50297e-06;0.0173527;6.82368e-10;6.3591e-06;6.99395e-05;4.51127e-06;1.09532e-06;0.000124368;4.09878e-06;3.66605e-07;0.000110675;9.07974e-05;0.982205;2.70335e-05
0.00084424;0.084798;6.66597e-06;2.3507e-05;3.98941e-05;1.69788e-05;5.19237e-07;0.0036598;1.84379e-05;4.45741e-06;5.33355e-05;0.863784;0.0466977;5.26522e-05
3.33033e-05;0.292039;6.39856e-06;8.87474e-05;0.00287886;3.61289e-05;2.93358e-06;0.644737;0.000204348;3.6291e-06;0.000666767;0.00622554;0.0530636;1.33318e-05
9.25515e-08;0.977485;2.71654e-08;2.96997e-06;3.33658e-07;5.6112e-07;0.0198806;2.52866e-06;1.24871e-07;0.00159114;6.41278e-07;1.16313e-08;0.000197014;0.000839173
2.74049e-10;2.37442e-12;1;1.78869e-09;1.71401e-10;5.51899e-11;1.71868e-08;1.08256e-13;2.06948e-10;7.15689e-10;1.60505e-09;7.63634e-10;1.68062e-12;7.84302e-13
5.09701e-05;0.971924;1.01395e-05;2.53455e-06;9.67915e-07;5.61867e-07;0.0259148;6.94372e-05;2.039e-05;0.000217108;9.73619e-05;1.89516e-07;0.00144566;0.00024565
2.93067e-13;1.7998e-13;1;3.15753e-13;4.6852e-11;1.72278e-11;3.75371e-13;3.69482e-14;1.07048e-13;2.12881e-13;6.12221e-14;5.87874e-09;4.21955e-15;8.62517e-12
4.62999e-06;0.156915;4.76771e-08;2.1134e-06;0.000419433;2.53825e-05;1.14812e-07;0.364723;7.33584e-05;1.09262e-07;2.50241e-05;0.000399943;0.476416;0.000996044
2.36509e-07;0.859712;1.32056e-06;2.2782e-05;6.70589e-06;9.88862e-07;4.24562e-07;0.000326316;6.10595e-06;4.04801e-06;3.42756e-05;0.13864;0.000948605;0.000296754
1.3755e-07;0.00360292;6.10683e-10;1.15617e-05;0.922904;0.00153577;1.54531e-06;0.0680685;2.2751e-06;7.51772e-06;1.78488e-06;1.53123e-06;0.00371798;0.000143995
0.000167198;0.00793239;0.974795;0.00349433;0.000377224;0.0006426;5.70047e-06;0.000263751;9.72299e-06;0.000378971;1.90688e-05;0.007872;0.000103572;0.00393826
0.00074877;0.984816;0.00397565;0.000148681;1.0729e-05;1.2065e-05;2.77943e-06;0.000128341;1.75278e-05;1.05105e-06;6.64463e-05;0.0100013;2.56861e-05;4.45064e-05
5.26946e-06;0.997609;3.26895e-10;6.64378e-09;1.61208e-09;2.32227e-08;2.15475e-06;2.37046e-05;1.29551e-07;5.85836e-09;1.49559e-07;5.47281e-06;0.00235354;3.30704e-09
4.58224e-07;0.000893101;1.51604e-06;2.50882e-07;1.26434e-05;0.000255217;3.31649e-09;0.000385194;5.20462e-07;6.13236e-09;1.2728e-07;0.997285;0.000102182;0.00106385
2.54725e-05;0.732093;6.57897e-06;1.55378e-06;0.00068516;0.000208215;1.76178e-08;0.215957;1.00781e-05;1.74283e-07;6.12716e-07;0.0137594;0.0369068;0.000346142
7.16822e-05;0.78411;0.00113314;0.00149473;7.14224e-05;0.00017198;3.83595e-06;0.00860177;0.000437461;4.58746e-05;0.00053313;0.2005;0.00280326;2.19544e-05
9.07549e-05;0.982157;5.76896e-09;3.31971e-05;5.74828e-06;0.000831974;1.01101e-06;0.00130584;1.6549e-05;1.86229e-05;0.000198811;0.000107062;0.0144793;0.000754314
2.17147e-05;0.0118808;8.91293e-09;2.14554e-06;2.8865e-06;5.41357e-06;2.00471e-06;0.000124209;2.27633e-06;9.06364e-07;2.58194e-05;9.83317e-05;0.987833;3.11314e-07
8.22911e-05;0.00566801;2.61009e-07;9.89989e-07;7.24675e-07;3.00738e-07;3.83193e-07;1.66903e-05;1.47545e-05;5.25387e-07;9.71809e-06;0.993896;0.000275523;3.42689e-05
2.37402e-07;0.999914;1.29761e-06;5.31863e-07;3.02436e-08;8.35909e-09;5.42415e-09;3.29715e-06;6.00866e-09;1.02574e-08;2.4903e-08;7.5471e-05;5.56848e-06;2.94891e-08
4.30618e-06;0.99769;1.19448e-08;4.25559e-07;5.16547e-09;2.29241e-07;2.829e-06;1.13111e-06;2.34234e-08;3.00864e-07;4.83778e-07;0.000280373;0.0020195;1.88452e-07
1.41344e-06;0.00850249;4.19781e-08;3.15104e-07;1.40422e-07;2.30392e-07;2.05696e-06;0.00359826;1.44947e-06;3.37753e-08;2.88166e-05;0.987754;0.000110914;3.76648e-08
8.38845e-06;0.815251;2.04611e-07;0.000328029;0.00552087;0.0025896;1.37575e-06;0.0112892;2.48144e-05;4.25338e-06;0.000157991;0.000243;0.0139671;0.150614
0.0002082;0.336444;4.74097e-06;5.74853e-05;2.96898e-07;9.37016e-06;1.31886e-05;0.0153287;0.000950137;3.41258e-06;0.00139437;0.0570652;0.588504;1.68634e-05
5.4733e-05;0.029048;3.57606e-06;1.84924e-07;0.00133171;4.96954e-06;1.36728e-09;0.968487;5.12141e-08;2.93356e-07;1.98757e-08;2.64969e-06;0.000291948;0.000775159
6.25784e-07;0.874571;5.9292e-05;3.01258e-06;0.000170516;0.000240543;8.24166e-07;0.00249536;1.59393e-07;4.56044e-05;2.29947e-07;0.000206912;0.000299572;0.121907
2.30332e-10;4.18603e-09;1;4.20745e-11;2.74977e-10;9.86563e-13;1.10981e-09;1.38026e-11;5.84671e-12;5.41012e-11;3.06679e-11;6.24204e-09;4.2185e-10;2.30894e-11
5.89656e-07;8.14353e-06;0.999732;5.44138e-07;5.36656e-06;1.63774e-07;9.8837e-08;3.26512e-06;8.13512e-07;1.24255e-07;7.39509e-07;0.000232254;6.77898e-08;1.61023e-05
7.26291e-08;1.74655e-05;1.11556e-06;5.13934e-08;3.83102e-05;0.000988427;2.46325e-12;7.31976e-07;2.20874e-09;2.68558e-08;1.33231e-09;6.35263e-06;6.59235e-07;0.998947
1.3589e-05;0.000290753;1.81101e-10;8.87304e-09;7.95298e-07;9.72676e-07;2.28839e-10;0.804309;8.58477e-07;7.31341e-10;1.72334e-07;6.73274e-06;0.195354;2.32654e-05
5.3063e-05;0.993334;6.04618e-08;3.50352e-08;4.41372e-07;1.96457e-08;9.36717e-06;0.000397864;1.06826e-08;2.39061e-05;8.34727e-10;1.90079e-06;0.000486334;0.00569294
2.16353e-10;9.12633e-10;0.999992;1.73806e-08;4.5183e-09;4.50367e-09;1.48797e-09;2.47088e-12;6.274e-11;4.5364e-10;2.92778e-10;7.67286e-06;9.77897e-12;5.64918e-09
3.09451e-07;0.990929;1.07004e-06;4.62247e-08;3.06766e-08;1.01873e-09;5.54922e-05;1.25296e-06;3.78343e-09;3.81897e-06;9.74962e-09;8.08302e-08;2.48577e-07;0.00900823
1.20239e-11;2.37884e-11;1;8.27785e-10;7.95658e-09;1.49985e-08;7.57429e-10;5.69936e-13;6.46036e-11;9.95085e-11;5.07599e-11;2.54984e-09;4.81224e-14;3.68793e-09
3.22357e-07;0.993934;3.50496e-12;1.72296e-08;8.89306e-09;2.54551e-08;7.3459e-08;4.5421e-07;1.49312e-08;8.39961e-10;6.08037e-08;1.66642e-08;0.00606481;1.85706e-07
4.26644e-08;6.60181e-06;5.83981e-06;2.49398e-08;9.77378e-08;2.21942e-10;2.07296e-09;4.51063e-07;2.58424e-08;3.45788e-10;1.16835e-07;0.999985;1.70125e-06;1.37121e-09
2.54396e-07;0.98313;2.51202e-07;1.06882e-06;0.00116005;4.82324e-07;7.01867e-09;0.0147324;3.84854e-08;9.30578e-08;1.5981e-08;3.78243e-06;0.000950042;2.16118e-05
3.50267e-09;2.18742e-07;1.43171e-10;6.22961e-10;1.3637e-10;2.64008e-05;5.42917e-11;1.19991e-09;3.71067e-08;8.10286e-10;2.62115e-09;1.41355e-10;0.999973;4.18302e-10
9.70348e-10;1.13558e-07;1;7.15158e-09;4.83804e-10;9.24172e-09;2.28539e-11;5.56707e-11;2.33415e-11;8.51127e-09;4.79468e-11;2.53433e-07;7.14328e-09;7.97251e-09
8.86391e-08;0.999699;9.89642e-08;9.81824e-07;4.08669e-07;1.56801e-06;4.4383e-07;0.000217723;4.4731e-06;1.5237e-07;3.80112e-06;5.8927e-07;3.6853e-05;3.34829e-05
