7.30686e-06;0.998355;3.66726e-07;4.56076e-07;8.67746e-07;1.90699e-07;0.000239645;4.41922e-05;4.90753e-06;4.99726e-05;2.19006e-06;2.73251e-09;1.81818e-05;0.00127664
4.95741e-12;2.52089e-11;1;1.46509e-12;4.87221e-13;1.57368e-13;3.81209e-10;1.06094e-14;8.85739e-13;6.23075e-12;7.51997e-13;5.10047e-10;1.05318e-13;2.0158e-13
1.07796e-05;0.000275784;5.41174e-06;2.1719e-06;0.000545025;2.85431e-06;9.92061e-06;0.00713971;0.000168941;4.72929e-07;8.39139e-05;0.97516;0.000769285;0.0158254
1.76029e-07;0.000148932;5.60635e-08;1.4008e-07;0.00198526;2.50322e-06;7.44808e-08;0.0260786;5.55298e-08;5.15177e-08;9.69545e-07;6.05157e-07;0.971739;4.39882e-05
5.70755e-07;0.00413179;3.96728e-07;9.19758e-06;1.44568e-05;0.000226228;2.21954e-07;9.9276e-05;2.51355e-06;8.53155e-07;2.76659e-06;0.000761862;0.994584;0.000165603
1.11473e-07;1.04691e-05;0.999922;8.05115e-08;1.68279e-07;1.39054e-08;7.89613e-10;1.12016e-07;3.51815e-10;3.19852e-09;1.45561e-10;6.21778e-05;3.02057e-08;5.41054e-06
2.09825e-06;0.41941;1.02157e-07;8.83636e-07;0.00150481;5.26093e-08;5.99639e-07;0.578561;3.87115e-05;2.7562e-09;1.16888e-05;2.31997e-05;0.000445775;7.80027e-07
6.1267e-05;0.482993;0.505288;0.000195376;0.00238694;0.000269009;4.05792e-06;3.83559e-05;1.84496e-05;5.63236e-05;2.59034e-06;0.000460257;0.00169377;0.00653227
4.64063e-06;0.880254;9.64985e-06;1.39927e-07;6.34076e-09;2.09836e-08;2.18204e-06;2.63975e-06;3.45084e-08;7.05925e-08;6.35069e-07;0.0238137;0.0959123;2.64854e-08
3.71819e-06;0.00212092;1.82528e-09;1.09232e-06;0.00636647;0.000606973;5.57092e-07;0.569289;9.877e-06;1.36299e-08;4.15136e-07;0.404689;0.016133;0.000778743
2.05749e-05;0.0264831;0.000158496;1.81534e-05;0.0145329;5.77923e-05;4.59527e-07;0.0110995;1.49881e-07;1.1488e-06;1.99423e-06;0.046077;0.886283;0.0152659
1.74731e-06;0.807352;8.13599e-07;7.45406e-07;4.30076e-06;9.85455e-07;4.51096e-08;0.000727591;5.71378e-08;7.90248e-08;2.71757e-07;0.00282475;0.189084;2.51985e-06
5.86424e-07;0.00970965;7.46559e-09;5.79458e-07;2.96626e-05;5.71527e-06;1.15503e-07;0.000439508;3.83005e-08;1.91964e-07;7.16727e-07;1.37728e-05;0.989559;0.00024064
7.05293e-06;0.0254222;2.84477e-07;2.58907e-06;4.79784e-06;7.44955e-06;5.7755e-08;0.000175128;1.27521e-06;4.10602e-07;9.98357e-06;0.971492;0.0020663;0.000810217
6.49596e-07;0.998926;0.000896914;1.77685e-06;3.00756e-06;5.38231e-09;1.11163e-06;0.000117689;2.98178e-09;1.10482e-06;1.12704e-07;3.45147e-05;1.61589e-05;1.16832e-06
7.04135e-10;2.19655e-08;0.999999;1.65224e-09;6.51414e-10;4.22037e-10;6.08947e-08;1.63323e-11;3.7093e-11;1.64412e-09;3.37583e-10;6.28496e-07;1.33029e-10;4.4089e-10
3.57726e-06;0.000276263;1.16957e-06;2.02499e-05;0.00135995;0.000313855;1.95646e-07;0.00105109;4.41378e-06;8.71769e-07;0.000100669;0.86591;0.0183346;0.112624
9.20521e-07;0.354004;1.5135e-08;1.268e-06;1.07107e-05;4.59757e-06;1.03966e-05;0.00115519;1.48674e-08;1.79934e-06;4.00494e-06;9.44523e-06;0.644727;7.08156e-05
5.94547e-06;0.0236217;1.13195e-05;0.000805488;0.000274897;0.0104176;1.01753e-05;0.00129241;2.2703e-05;2.3175e-05;0.00018098;0.0240329;0.938305;0.00099518
2.37107e-06;0.00130762;0.998268;1.33716e-05;1.0448e-06;3.7941e-06;6.33746e-06;6.79326e-07;1.78617e-08;5.12513e-05;2.63194e-08;1.62187e-06;1.61184e-06;0.000342594
8.71976e-07;2.44841e-07;0.999996;3.11779e-08;3.16294e-08;1.03289e-09;2.42048e-06;4.09649e-08;2.45282e-07;4.82394e-09;1.36434e-07;6.00568e-07;3.99949e-08;6.70354e-10
7.84682e-05;0.0841002;1.18782e-06;6.67183e-05;0.000309989;4.79614e-06;4.44513e-07;0.879493;0.00246804;1.48582e-06;0.000400271;0.0321355;0.00052531;0.000414872
8.43866e-05;0.887479;0.00467245;0.00731207;0.000983147;0.00037159;4.13292e-05;3.96031e-05;2.8809e-05;0.00928058;0.000270038;0.0189755;0.00147294;0.0689882
0.00439721;0.282013;0.000133123;0.000165297;1.52192e-05;7.1034e-06;0.000159448;1.8169e-05;0.00138574;5.70966e-06;0.000391201;0.702687;1.47385e-05;0.00860686
9.41045e-05;0.608496;1.35316e-09;5.38503e-07;2.10319e-06;6.56072e-07;0.00976446;5.59999e-06;2.41682e-05;7.44e-05;3.91145e-06;1.14286e-09;4.16908e-07;0.381533
1.85829e-08;1.34582e-08;0.999999;5.46432e-09;3.52176e-09;5.91738e-09;1.82334e-07;6.21334e-11;1.79999e-07;3.95756e-09;5.96276e-09;1.01928e-06;3.4529e-13;2.22388e-08
1.49867e-05;0.350972;9.13314e-10;2.10843e-07;4.33705e-08;1.14223e-06;1.67527e-06;3.46152e-05;2.32097e-05;1.08864e-08;2.01128e-06;1.07167e-06;0.648943;6.42116e-06
3.20015e-06;0.0127205;5.84423e-07;1.29196e-06;2.12754e-06;1.36119e-08;2.56516e-07;7.1112e-05;2.60599e-06;5.72248e-08;2.48018e-06;0.986407;0.000766449;2.23361e-05
2.20399e-05;0.033078;5.23852e-07;3.96294e-06;0.033213;5.03683e-06;9.38356e-09;0.501555;7.30235e-08;5.62627e-07;7.27056e-08;6.46018e-05;0.42056;0.0114978
1.00825e-07;2.63625e-06;9.8976e-08;1.18682e-06;2.68166e-08;0.00042242;8.75281e-07;2.43763e-08;6.96488e-05;5.52533e-07;7.82568e-06;4.08942e-08;0.999491;3.13466e-06
6.27628e-09;2.04735e-08;0.999998;4.43228e-09;5.80684e-10;2.96385e-09;6.23966e-11;1.67509e-10;6.12717e-10;4.90271e-09;8.47764e-11;1.88971e-06;5.67181e-11;1.04503e-08
1.68439e-06;0.994711;7.88537e-08;2.92606e-06;3.24027e-06;6.27485e-06;1.94084e-06;0.00482443;0.000327216;1.27867e-07;1.84076e-05;2.25675e-07;7.13246e-05;3.07056e-05
