1.0866e-06;0.998596;8.08799e-10;2.03399e-08;1.73842e-09;1.50454e-08;1.489e-06;3.52503e-07;5.79014e-08;1.24984e-08;1.50264e-07;4.68207e-06;0.00139662;1.41717e-09
8.60032e-06;0.998942;3.24606e-08;1.16845e-05;5.63922e-06;9.90487e-06;1.99437e-05;0.000131436;2.14914e-05;3.22602e-07;4.54044e-07;0.000718582;0.000107987;2.17507e-05
0.00012161;0.187419;1.51931e-08;0.000152597;6.78308e-05;0.00034472;8.9474e-07;0.802997;0.000146823;1.198e-06;2.80797e-05;0.00107251;0.00760683;4.10161e-05
7.97465e-05;0.951698;2.90484e-07;1.11264e-05;1.51679e-06;2.87697e-08;7.11091e-06;2.6245e-05;1.0599e-06;9.16414e-07;9.09166e-06;0.0476319;0.000262664;0.000270129
7.54954e-07;0.978974;2.97927e-10;1.38232e-08;3.35168e-06;7.12164e-11;7.89211e-09;0.0209567;1.09681e-08;1.45702e-09;1.83998e-08;5.43317e-07;6.4713e-05;2.06449e-07
3.84588e-05;0.0751045;0.00332186;0.00540505;0.00634668;0.0033831;1.40361e-06;1.85637e-05;3.85307e-07;0.000178778;9.85936e-06;0.860994;0.029037;0.0161598
8.31496e-05;0.0371712;1.64156e-06;0.000243404;2.2338e-05;0.0001284;0.00928782;0.00201526;0.00436037;1.02439e-05;0.873322;0.000893203;0.0724404;2.08306e-05
1.29198e-06;0.106176;1.09882e-06;2.43641e-05;2.41969e-05;0.00193627;6.49936e-08;0.000196076;4.03114e-06;5.59607e-08;5.84931e-05;0.0012923;0.890279;6.35164e-06
0.00126984;0.0292451;8.8442e-06;0.000545759;0.00821362;0.0497023;2.28941e-07;0.00455302;0.000107018;0.000197794;0.00106507;0.0844504;0.65539;0.165251
2.0072e-05;0.0406749;1.01007e-10;2.1409e-07;1.14306e-07;1.24998e-07;0.957686;6.72632e-07;6.1701e-06;0.00124604;0.000105434;1.35164e-10;0.000212105;4.84984e-05
6.26675e-11;7.67075e-11;1;1.35262e-11;9.92085e-11;4.09335e-11;1.09846e-09;1.91577e-14;1.06534e-10;4.87367e-11;5.60632e-11;3.28254e-09;7.86801e-14;1.88549e-12
3.57678e-06;0.992146;5.92061e-08;1.15054e-07;1.15826e-08;1.34764e-08;1.65065e-06;1.87427e-06;2.76745e-06;4.76595e-08;4.45029e-05;5.30808e-05;0.00774615;8.24682e-08
1.6111e-05;0.00894284;0.000259221;1.18786e-05;0.000970456;0.000147797;3.01616e-07;0.000949812;1.41336e-06;1.17121e-05;1.21383e-05;0.979639;0.00246608;0.00657086
6.10196e-05;0.126624;5.2711e-06;8.67828e-05;0.00404398;0.00106899;5.76256e-06;0.652594;0.000165452;4.97361e-06;0.000298006;0.00421275;0.208308;0.00252177
8.31921e-06;0.964091;0.000152572;1.39318e-05;4.02047e-05;7.17741e-06;8.38309e-08;0.00271342;2.08825e-06;4.2657e-07;2.05118e-06;0.0190648;0.0022297;0.0116738
6.39233e-09;0.999612;2.09251e-13;4.7936e-09;1.24884e-10;6.33412e-11;5.65005e-07;2.11779e-08;7.50534e-09;4.29402e-08;6.61632e-09;5.53736e-09;1.39602e-07;0.000386923
0.000175607;0.737418;3.51241e-06;2.12642e-05;8.72106e-06;2.88242e-05;0.0473171;0.0812997;0.0254053;1.50518e-05;0.00819827;3.7808e-08;0.100109;6.1994e-08
2.20725e-07;3.93026e-06;0.999992;6.61588e-08;5.47543e-08;6.41366e-09;8.25608e-08;2.66787e-09;2.13047e-08;6.35876e-09;1.92076e-09;3.22788e-06;2.31524e-07;2.15307e-08
1.55191e-06;7.71818e-05;0.940636;1.46741e-06;4.23839e-07;2.16681e-06;3.63789e-10;0.00048846;4.44084e-07;4.20765e-09;2.76673e-08;0.0587897;3.91322e-07;2.20535e-06
4.2405e-05;0.006645;2.01724e-08;2.90534e-05;0.0606917;0.121308;9.93906e-09;9.64767e-06;8.13078e-06;7.22062e-06;6.18624e-06;0.0392775;0.00746868;0.764506
0.000166982;0.170275;3.72778e-07;6.76501e-06;0.000575979;0.0215641;5.43082e-05;0.0012377;4.97303e-05;0.000103104;3.26989e-05;0.000197566;0.805638;9.73383e-05
2.18775e-06;2.45558e-05;0.999964;2.2235e-07;1.36604e-06;1.16559e-07;1.97751e-10;7.06608e-07;3.55276e-07;1.12529e-08;3.62503e-09;4.2436e-06;2.40293e-06;1.92379e-08
0.000522359;0.00177351;1.13571e-05;1.07685e-06;3.0071e-06;2.60809e-07;1.40116e-07;0.989943;0.00693708;8.33725e-07;1.58554e-05;2.10594e-05;0.000770158;5.89733e-08
