2.03472e-10;4.29924e-11;1;2.18429e-10;1.18712e-10;1.25962e-11;1.02698e-09;1.30041e-11;3.17325e-10;1.33742e-11;1.30735e-10;4.70294e-08;4.53415e-12;4.41552e-12
2.29571e-06;0.000414791;0.010427;1.51991e-06;4.46436e-06;4.52387e-07;3.72161e-08;0.000137162;6.72491e-07;4.64016e-07;4.64085e-07;0.0060437;2.30212e-06;0.982965
1.25642e-07;2.28684e-06;2.78601e-09;8.28396e-09;0.00673775;3.2254e-06;1.08142e-07;0.993243;3.90151e-07;8.66102e-09;1.57314e-08;6.25678e-10;1.24751e-06;1.14632e-05
1.85234e-10;1.33642e-07;0.999994;4.79806e-08;2.59523e-06;1.90824e-07;1.33843e-12;1.58804e-11;2.78198e-12;3.10292e-10;2.67674e-11;2.99064e-06;1.40898e-09;4.54533e-08
8.7065e-07;0.992342;1.83721e-10;3.08314e-08;6.74469e-07;2.05595e-06;3.42121e-09;0.000373333;6.28688e-09;5.77203e-09;3.91792e-08;1.12688e-06;0.00716976;0.000110041
1.92961e-07;0.0187025;1.773e-10;2.55405e-07;3.92326e-05;1.59197e-06;1.15249e-09;0.000680678;9.77049e-09;4.7819e-09;1.56061e-07;3.41513e-05;0.980428;0.0001136
1.85337e-05;0.120886;2.75494e-07;3.41969e-07;1.24296e-06;2.43183e-07;4.36678e-07;0.000313767;3.70379e-08;1.78892e-07;6.92764e-08;0.0107132;0.868054;1.24389e-05
1.44324e-07;0.105196;2.46184e-07;7.02536e-06;8.46902e-06;3.1833e-05;1.13028e-10;0.0424837;2.17136e-07;4.6585e-08;6.09153e-07;0.84931;0.00294981;1.12756e-05
1.23446e-05;0.0595227;4.20356e-07;2.60576e-05;5.04125e-05;0.000494445;0.000457659;0.00531255;1.44544e-06;0.000278294;8.75232e-05;4.65004e-08;0.933738;1.80375e-05
6.66523e-10;5.88662e-11;1;1.6311e-09;3.00547e-09;7.90589e-10;6.63987e-10;4.05675e-11;1.4604e-11;1.03177e-10;2.08351e-10;1.72134e-10;3.53237e-12;5.90726e-11
1.38422e-08;1.78572e-08;0.999955;9.35648e-09;2.17406e-10;5.45035e-09;2.33606e-09;6.60957e-09;5.60987e-09;1.19527e-09;1.72633e-08;4.53233e-05;1.00334e-09;9.10612e-09
1.97504e-08;9.20714e-07;2.54089e-08;7.87659e-09;5.66733e-05;0.000217463;1.15328e-09;1.16744e-07;7.52762e-09;1.47514e-08;2.61089e-07;2.97789e-06;2.69278e-05;0.999695
5.92736e-06;0.991427;2.03954e-05;1.78587e-08;7.30701e-06;1.33682e-06;2.76095e-06;5.14464e-06;3.74777e-09;4.58527e-05;1.46025e-09;3.61349e-06;0.000154738;0.00832585
5.04683e-11;2.68643e-09;1;6.11605e-10;1.57957e-08;1.0543e-07;7.45672e-10;2.32215e-10;1.98255e-10;2.84741e-10;5.04164e-10;7.1502e-08;1.60619e-09;1.24171e-10
1.01457e-07;0.999785;8.86506e-05;5.91809e-08;2.42244e-06;1.98843e-08;1.53179e-07;7.89426e-05;1.79194e-09;2.06075e-07;2.22178e-08;3.26341e-08;5.72004e-06;3.83291e-05
2.19882e-10;8.8301e-08;1;3.86513e-11;1.42472e-08;3.41884e-10;6.21107e-10;5.74823e-09;8.92252e-12;7.5091e-11;3.33974e-12;9.84106e-09;1.09047e-09;1.38288e-10
4.34285e-07;3.27643e-05;3.06284e-08;2.02541e-06;8.38884e-05;7.59826e-06;5.73788e-07;0.997921;0.000453287;3.11815e-07;4.02705e-05;1.60218e-05;0.00138121;6.07035e-05
1.72309e-08;0.999951;8.32736e-06;1.4811e-08;4.91043e-09;1.73247e-08;4.56801e-10;1.56166e-05;2.16556e-11;2.23016e-09;4.22414e-11;2.94962e-09;2.51361e-05;1.57592e-08
7.18208e-09;3.9964e-06;0.999996;2.90802e-08;2.05088e-08;5.91209e-09;9.23084e-08;2.5643e-09;1.99704e-10;6.98055e-09;3.89681e-10;4.36563e-08;1.82343e-09;1.42595e-07
1.46408e-08;6.91834e-07;0.000466387;4.76788e-07;3.06047e-07;5.31597e-06;6.44029e-10;1.45542e-07;7.94568e-08;1.58382e-08;8.62635e-07;0.999498;2.47688e-07;2.77213e-05
9.16306e-06;0.974039;1.66003e-05;1.03013e-07;1.35631e-06;0.000689776;1.62969e-06;0.000167861;4.2541e-08;2.00168e-07;1.55261e-07;7.48382e-06;0.0249175;0.00014939
3.36563e-09;4.15325e-05;8.88987e-07;3.60362e-08;5.3665e-06;4.57615e-06;5.80712e-11;6.32932e-05;1.00691e-09;6.40267e-09;7.00658e-09;0.99957;0.000198687;0.000116043
6.88031e-07;0.130295;2.33751e-07;1.54505e-05;3.41399e-05;0.00114224;6.06444e-07;0.860382;8.66337e-05;1.69846e-07;3.74787e-06;2.05236e-07;0.00799972;3.84332e-05
3.17133e-08;0.999989;2.69347e-07;5.33936e-08;2.63455e-08;3.16113e-09;1.99931e-10;2.23345e-06;7.94124e-12;5.5093e-09;2.42281e-11;2.44936e-08;7.59776e-06;9.57261e-07
1.32095e-07;0.998846;1.59592e-10;1.76842e-07;7.21775e-08;1.2408e-07;1.76155e-09;0.000856103;2.00221e-10;2.52688e-08;4.68488e-09;2.28729e-05;0.000273588;1.42905e-06
9.06833e-06;0.00322002;8.06037e-07;2.79576e-05;0.0011183;2.4694e-05;1.82849e-07;0.000102658;2.79825e-05;3.7669e-06;0.000102797;0.975937;0.000214292;0.0192103
5.9419e-06;0.91129;0.000128353;4.02841e-06;0.00136074;5.05512e-05;1.17189e-06;3.15901e-07;1.91813e-08;7.83735e-07;1.59401e-07;0.000382859;0.0864033;0.000371936
1.7271e-07;0.000726636;2.13907e-11;1.85484e-08;2.02766e-06;5.54373e-08;2.51871e-08;2.67094e-06;3.15055e-08;8.68593e-09;7.91687e-09;1.38358e-05;2.59878e-05;0.999228
1.60611e-06;0.0641532;5.18474e-08;3.50534e-07;0.000739623;2.52346e-05;1.56885e-08;0.910041;2.06596e-08;3.86854e-07;3.40437e-08;0.00124234;0.00870208;0.0150944
3.9447e-05;0.0494994;1.00802e-07;0.000531321;0.00130713;0.000996404;7.20101e-07;0.00642144;0.00137561;1.79312e-07;0.000366134;0.00870168;0.926943;0.00381762
0.000370161;0.239254;0.0305199;0.000340767;1.28303e-05;1.54893e-06;1.93686e-06;0.00149902;5.81656e-06;1.60594e-05;7.31698e-06;0.717959;0.00675651;0.00325503
0.000111397;0.473203;2.10673e-07;3.89525e-07;1.11403e-07;1.86886e-06;1.24767e-05;0.0140739;1.18186e-06;6.88287e-07;7.44516e-05;7.11749e-05;0.512419;3.01417e-05
9.69026e-07;0.0447231;5.35467e-06;4.84288e-07;4.32773e-07;0.000134708;0.881518;9.46664e-08;2.09974e-06;0.0609373;8.34939e-07;4.84126e-08;3.8317e-05;0.0126383
2.07167e-10;1.06295e-12;1;3.57845e-10;4.86177e-11;1.59683e-10;1.89532e-08;2.08793e-15;1.33722e-08;5.82751e-10;2.50229e-10;8.45511e-09;4.56863e-14;2.19908e-11
0.000445186;0.994803;7.55678e-07;5.51348e-06;3.88506e-06;3.93609e-08;0.00150606;9.13346e-05;0.000502937;1.6049e-06;3.83276e-05;7.31927e-06;0.00257673;1.71542e-05
2.85522e-05;0.992733;6.36914e-11;2.89662e-07;9.70084e-07;2.22554e-08;1.53989e-07;0.00506279;3.60452e-05;2.65019e-07;6.43812e-07;9.15385e-05;0.00133125;0.000714413
2.86762e-05;0.00189289;4.37622e-05;4.5137e-06;0.000124335;4.69071e-08;1.5821e-06;0.000417444;0.000225948;4.37045e-06;1.27125e-05;0.996019;2.51998e-06;0.00122231
2.88887e-05;0.942824;3.35538e-05;1.29793e-05;0.00165693;0.000389381;5.16316e-07;3.51979e-07;9.21181e-08;2.65313e-06;3.43433e-07;0.00022062;0.0542691;0.000560322
0.000102719;0.000580278;1.27379e-07;3.38168e-07;0.00027165;1.82547e-05;7.29826e-06;0.000841158;3.9508e-07;2.58468e-06;5.97142e-07;0.0180301;0.966218;0.0139268
0.000101245;0.056764;0.00105835;0.00053753;0.00624644;0.0312348;3.68325e-08;0.0138214;7.0806e-05;2.03079e-07;2.11066e-06;0.849048;0.0355477;0.00556786
4.52399e-05;0.980831;2.99336e-06;4.63828e-06;1.54229e-05;1.70973e-06;1.74728e-07;0.0131096;1.58675e-06;3.41077e-07;4.38847e-07;0.00148646;0.00360673;0.000893176
6.59967e-06;0.0034952;4.15575e-08;5.12257e-06;4.26683e-05;1.14488e-06;6.8823e-07;0.00057141;0.000174695;1.4295e-07;0.000224823;0.00069703;0.994775;5.03819e-06
0.000111436;0.636653;1.77042e-06;4.11438e-05;0.000157198;0.000110311;9.51233e-07;0.0117507;1.32884e-05;6.45002e-06;5.1443e-06;0.000202709;0.336396;0.0145504
1.68957e-06;0.00347171;1.93331e-09;0.000139933;0.000524287;3.40058e-06;1.21001e-06;0.994505;3.19783e-06;8.82568e-06;5.1917e-06;0.00126252;2.87612e-05;4.38351e-05
1.01883e-06;0.000344586;0.990417;0.00129679;1.38084e-05;7.06544e-05;1.49016e-06;2.1011e-07;1.50993e-08;4.60096e-05;1.2779e-05;0.00727174;0.000259644;0.000263846
7.32827e-05;0.679183;1.89045e-09;5.16102e-05;7.93632e-08;7.10422e-07;0.0071885;0.00034772;0.00127432;2.77735e-06;0.304918;1.0128e-05;0.00694462;5.32097e-06
7.74206e-07;0.00389198;2.86854e-10;1.92078e-07;0.000168981;1.28466e-07;2.08731e-09;0.995913;6.60949e-08;7.99127e-08;4.77657e-07;4.92529e-06;1.73187e-05;1.90047e-06
3.30709e-07;3.1513e-05;0.999802;2.58924e-06;3.86891e-05;2.04678e-05;9.85449e-07;2.88996e-07;3.81845e-09;5.6545e-05;2.44302e-07;3.13621e-08;4.79319e-06;4.14447e-05
5.26961e-08;3.81911e-09;0.999994;3.20162e-09;2.59493e-09;3.65124e-10;1.80247e-06;5.94321e-08;1.98166e-08;3.27342e-09;3.82225e-06;3.37073e-07;4.37912e-09;7.24491e-10
3.19603e-06;0.000102269;0.00123632;2.86987e-06;4.63372e-06;5.88821e-06;1.07983e-07;1.63488e-05;2.60384e-05;4.47776e-08;0.00085933;0.997321;0.000188982;0.000232636
0.000251606;0.912458;1.11224e-05;4.29111e-06;0.000162898;0.000955218;3.81396e-06;0.000571102;0.000321634;2.14283e-06;0.00234737;0.0130905;0.0693284;0.000491905
8.81184e-06;0.239824;2.25559e-07;4.94676e-07;1.00999e-05;4.81121e-05;3.50362e-09;0.0191118;1.56308e-06;2.89007e-07;1.18857e-07;0.730801;0.0101346;5.89929e-05
0.000149955;0.557514;7.81964e-09;1.76152e-05;4.33209e-05;8.07488e-05;0.000118112;0.429887;0.00432309;1.06252e-05;4.16635e-05;2.14607e-07;0.00773599;7.83006e-05
5.4969e-06;0.999366;8.28011e-05;2.32768e-06;6.15041e-06;7.9822e-08;1.36887e-09;0.000440539;4.18991e-10;1.08786e-07;1.15586e-09;8.9728e-05;5.19364e-06;1.20354e-06
4.30941e-06;0.991173;1.26679e-07;3.68868e-06;3.26243e-06;4.30137e-08;1.28295e-05;8.83675e-05;3.92922e-07;3.23766e-06;2.68526e-05;0.000665275;0.00797994;3.88892e-05
1.01705e-05;0.848259;1.8321e-08;0.0074455;0.0179909;0.00116172;3.40149e-07;0.0162249;3.42009e-05;0.000310259;6.06794e-05;0.0906058;0.000318012;0.0175786
0.00548608;0.552126;4.84614e-07;0.000145973;2.65031e-06;0.000225095;0.000120723;0.0222257;0.000400888;4.91029e-05;0.00101115;0.352324;0.0658768;5.93226e-06
4.7619e-06;0.000269231;6.28506e-09;1.68341e-06;1.13842e-05;6.65621e-07;6.94032e-07;0.000115385;5.42094e-07;1.81194e-07;2.42713e-06;5.60047e-07;0.999574;1.87333e-05
0.000631423;0.0567268;8.2167e-05;0.0470224;0.37198;0.03501;5.20729e-07;0.01251;0.00156296;0.000133302;0.000641606;0.0121808;0.0059304;0.455588
1.60647e-06;0.999905;4.65091e-10;1.52581e-08;1.02845e-06;6.36591e-10;3.04615e-09;8.4049e-05;2.35097e-09;2.45927e-08;1.7945e-09;1.22562e-08;1.07739e-07;7.89722e-06
6.9422e-08;1.62748e-06;2.71814e-06;4.10882e-07;0.000140232;1.36814e-05;8.32575e-10;6.74788e-07;8.05643e-10;4.77419e-07;4.00624e-10;0.999819;9.53715e-07;2.04826e-05
6.33754e-05;4.57054e-07;5.72382e-07;2.54544e-07;4.43666e-08;1.1016e-07;0.00286379;1.84503e-05;0.992809;1.06106e-07;0.00424143;4.83065e-08;2.25493e-06;6.32433e-09
2.38073e-05;0.998455;2.16095e-08;6.63661e-07;1.48725e-06;8.43397e-07;2.82838e-07;0.000240786;0.000325279;3.72347e-07;2.03878e-06;7.23442e-07;0.000943294;5.87275e-06
0.000158065;0.822513;6.47412e-05;3.57388e-05;0.000181817;5.12736e-05;1.19496e-05;0.00790853;0.000243665;0.000151261;6.09726e-06;0.0961637;0.0724967;1.33645e-05
0.000197453;0.119255;0.00155388;0.000225224;0.241819;0.00298557;8.00791e-06;0.0193777;2.15003e-05;0.000195047;1.13183e-05;0.550376;0.00947829;0.0544957
6.37245e-06;0.794354;6.61256e-08;2.17464e-05;0.00157822;4.60124e-05;7.72261e-07;0.0975591;3.03771e-06;1.03114e-06;8.27037e-07;0.00676154;0.0984756;0.00119207
2.75368e-05;0.100259;2.48817e-07;0.000396738;0.00223167;0.000187698;1.1709e-05;0.26178;0.000159844;1.70346e-06;3.46815e-05;0.0276902;0.578667;0.0285517
7.55232e-06;0.998708;4.673e-11;1.65463e-05;4.56846e-08;2.63297e-08;6.20042e-05;0.000184169;2.41733e-05;5.63841e-07;1.77734e-05;0.000901643;6.76397e-05;9.59664e-06
3.42551e-05;0.952392;0.000116755;0.000112337;1.7674e-06;3.04708e-05;7.82475e-07;7.09034e-05;5.37147e-07;4.86386e-06;7.73484e-07;0.0468624;0.000361429;1.06931e-05
3.88333e-06;0.00241179;2.39755e-07;9.11492e-06;0.000732637;1.97811e-05;3.35279e-07;0.989825;1.77991e-08;1.73548e-06;2.77711e-07;0.00019998;3.49897e-05;0.00676038
7.36017e-09;2.22978e-06;0.999964;7.85874e-07;4.52699e-07;7.88978e-07;1.1158e-10;3.20873e-09;6.65024e-11;6.57787e-08;9.77761e-09;3.17906e-05;2.79022e-09;9.25762e-08
9.51552e-10;3.43559e-06;2.08655e-10;3.25381e-09;1.1188e-12;2.60859e-09;0.999857;6.02232e-12;1.62454e-07;0.000122625;1.62356e-05;5.79162e-13;2.94501e-08;8.681e-08
2.9604e-14;1.65057e-14;1;4.16379e-13;8.37431e-13;2.07121e-12;6.82498e-12;1.12787e-16;2.74605e-13;1.65452e-12;1.64692e-13;2.11944e-11;3.35244e-16;2.77286e-14
