6.33884e-06;0.945582;0.0540507;2.20954e-06;8.83378e-06;2.5601e-06;8.36554e-08;4.12969e-05;3.31032e-09;5.8548e-07;3.8955e-09;0.000209519;5.19696e-05;4.40783e-05
3.42736e-05;0.567523;3.00247e-09;3.86489e-05;0.0050627;0.000343021;6.09115e-06;0.000842469;6.7776e-06;1.24558e-05;4.71711e-05;0.000129988;0.421526;0.00442687
6.14217e-06;0.0026524;4.04066e-08;1.19733e-06;8.81013e-06;4.15385e-07;2.4449e-09;2.17782e-05;1.34952e-07;1.29191e-07;3.64588e-06;0.996415;0.000887594;2.95948e-06
2.98541e-06;0.979519;9.28835e-10;3.23983e-08;3.75428e-08;3.26048e-07;1.82136e-06;6.34339e-07;2.31567e-08;4.05634e-08;5.35371e-07;3.46551e-05;0.0204403;3.21057e-08
1.0443e-06;0.000319298;4.50716e-07;8.14284e-06;0.000198427;6.02366e-05;9.22695e-08;0.000284336;5.45007e-07;4.60351e-07;1.16279e-06;0.99876;0.00011971;0.000246059
6.22226e-06;0.989684;2.0844e-07;1.85778e-05;4.13442e-05;3.79695e-05;1.73579e-07;0.00887518;7.42352e-07;5.0006e-07;2.66528e-06;0.000251388;0.00107585;5.06935e-06
3.59433e-05;0.005068;8.67583e-06;4.97871e-06;0.000101995;0.000197462;3.30876e-07;0.0308587;9.80924e-08;7.22689e-07;2.74301e-05;0.346342;0.617179;0.000174039
6.46292e-06;0.997698;6.99245e-07;1.99417e-06;6.31504e-07;4.16058e-06;0.0017607;3.95229e-05;7.49172e-07;5.95804e-05;2.75961e-06;1.19796e-06;3.59165e-05;0.00038785
6.74614e-11;1.93481e-11;1;7.22479e-11;2.02857e-11;2.93427e-12;2.71695e-08;4.60111e-15;2.09698e-10;2.14547e-11;5.49172e-10;1.99724e-09;5.95207e-14;1.18642e-12
7.55292e-05;0.00231004;1.49348e-06;1.77932e-08;4.32448e-06;8.62602e-09;2.49875e-07;0.99678;1.68631e-05;3.97847e-08;7.75603e-06;0.000430185;0.000365463;7.81516e-06
7.23294e-07;0.930255;3.017e-05;2.74424e-06;0.000243687;0.000613288;5.73122e-07;0.0135113;8.90871e-07;1.51579e-06;1.4505e-06;0.00326107;0.0458779;0.00619958
4.27446e-10;1.44326e-07;1;1.93552e-10;1.2315e-09;5.55884e-12;2.10378e-08;6.73372e-11;6.11322e-12;2.265e-10;1.93353e-10;1.27044e-09;9.99833e-09;1.23473e-09
4.7334e-06;0.000135244;0.0585525;1.03093e-06;7.77969e-06;3.00968e-06;2.27867e-07;1.29858e-05;4.84252e-06;2.57039e-07;6.13371e-06;0.940934;2.49395e-05;0.000311979
7.98591e-06;0.111329;4.23071e-09;2.11524e-08;3.93169e-05;7.20938e-05;1.89577e-07;0.546345;1.94573e-07;2.19937e-07;3.72826e-08;3.07635e-07;0.341664;0.000540488
2.88891e-06;0.0129885;3.54577e-08;3.57071e-06;0.000251674;0.0254756;6.13984e-08;1.99631e-05;9.51658e-06;4.21231e-06;9.76372e-07;0.0126643;0.947686;0.000892309
6.81813e-06;0.00295561;0.996508;2.12479e-07;6.4751e-06;5.35138e-07;2.61457e-08;0.000515956;2.04077e-07;7.46174e-08;6.75929e-10;4.30284e-06;1.70707e-06;2.29263e-07
1.05026e-05;0.33014;4.0084e-07;1.46547e-06;4.30511e-05;8.40754e-06;4.4542e-08;0.666371;4.84878e-05;2.75966e-08;3.60236e-07;1.63532e-05;0.00335469;4.9178e-06
4.70695e-07;0.00728509;8.00244e-08;5.86097e-09;1.41918e-05;3.53971e-07;4.62147e-12;0.992489;5.70288e-11;1.34077e-08;2.83002e-11;1.22758e-06;0.000150416;5.96362e-05
2.08265e-08;0.000736124;1.64098e-06;5.96549e-06;1.8996e-05;1.69441e-05;6.02577e-10;1.89527e-06;2.12436e-08;3.12596e-08;2.01209e-06;0.998954;2.35914e-05;0.000238308
1.55332e-06;0.902025;3.41562e-10;1.00026e-07;1.54098e-05;7.36049e-07;4.54914e-08;0.00150759;2.05534e-07;1.04987e-07;3.64489e-06;5.74957e-06;0.0964392;7.43393e-07
0.000474492;0.00611123;7.31631e-05;1.92021e-07;1.94001e-05;1.07713e-08;3.65525e-06;0.00017092;2.95764e-05;1.21515e-06;2.14358e-05;0.992961;0.000133361;4.83378e-08
0.0015854;0.00139572;6.46006e-07;3.76187e-07;0.00120416;1.07687e-05;1.03527e-05;0.971446;0.0219371;9.69111e-07;4.58096e-06;5.03411e-05;0.00234573;7.39136e-06
3.04061e-06;0.00499071;6.22658e-11;2.26635e-08;2.4844e-07;3.64531e-06;7.09681e-09;0.000623623;1.50286e-06;1.27577e-09;8.2865e-09;1.42612e-07;0.994377;3.1515e-07
2.34626e-05;0.00466105;0.986497;2.37629e-05;0.00126154;1.18713e-06;3.22444e-08;0.000194412;2.78966e-07;1.37251e-05;2.25891e-08;0.00124079;0.000928747;0.00515424
0.00151354;0.0688051;3.10381e-07;0.000253803;1.30229e-05;6.55695e-06;0.00465953;0.000908954;0.805033;0.000318265;0.107543;8.86506e-05;0.0108487;7.53615e-06
0.000851169;0.992662;0.00207504;0.000663536;6.69508e-05;0.000164502;6.51298e-06;0.000155252;3.07592e-05;0.000156705;1.32329e-05;0.0019695;0.000145742;0.0010389
0.00117517;0.974661;1.49625e-08;7.83671e-05;6.92377e-07;1.72691e-05;0.00024158;2.4862e-06;0.000160142;2.418e-05;0.000835714;0.000145017;0.0226183;3.97663e-05
1.79434e-05;0.991433;1.00443e-07;7.28688e-06;7.00046e-06;4.03545e-06;8.08173e-05;4.05234e-06;1.74267e-06;0.000444203;6.03767e-06;2.12582e-05;3.75991e-05;0.0079344
1.58328e-08;5.93462e-07;0.999994;6.13352e-09;1.36998e-08;4.40823e-09;3.94281e-09;5.47028e-09;4.59102e-10;5.77283e-10;8.52575e-09;3.53388e-06;1.46243e-06;5.18761e-11
1.39144e-06;0.175549;7.2985e-08;4.64304e-07;0.000343442;2.55888e-05;1.4822e-08;0.815035;4.13832e-06;7.83895e-08;1.83292e-06;0.000222068;0.00850959;0.000307425
1.93146e-06;0.998684;6.53697e-07;6.32187e-06;2.04541e-05;2.19349e-06;2.86224e-07;0.000104939;1.90132e-06;7.87044e-06;5.29626e-06;0.000591954;0.0004439;0.000128485
7.21405e-05;0.000825699;6.25369e-07;2.60843e-05;0.978572;0.00342631;5.96669e-06;0.0082225;0.00212453;2.04329e-05;2.75627e-05;6.8594e-05;0.000815825;0.00579157
0.0492632;0.837876;1.08082e-06;2.57705e-05;0.000153031;1.35725e-06;0.00129154;0.0388815;0.0541038;3.10909e-05;0.00266838;0.0106186;0.00497868;0.000106003
0.000692865;0.030847;2.19649e-06;6.06888e-05;0.00995084;0.000132917;2.33886e-05;0.926339;0.0220651;9.43152e-05;0.000498981;0.00622608;0.00265744;0.000409481
0.000193302;0.253232;1.44629e-08;2.54518e-07;2.93804e-05;3.95708e-06;7.75746e-07;0.00260102;1.58359e-05;1.56184e-08;5.35161e-07;0.00179202;0.742066;6.54316e-05
0.000146915;0.0209369;0.000413913;0.000473131;0.10809;0.0016368;7.23942e-06;0.0354856;0.00419802;1.13791e-05;0.000471099;0.439336;0.365389;0.0234048
0.000111915;0.00341931;0.994315;1.7541e-05;0.000430437;2.17664e-07;2.20816e-07;0.000188778;8.10738e-05;2.40277e-07;1.59404e-05;0.00130734;5.76596e-06;0.000106007
0.000127378;0.00053268;1.27627e-07;4.01449e-07;0.00131635;2.42801e-05;1.7854e-08;0.959039;0.036735;4.56029e-08;6.76107e-05;0.000160914;0.00199576;4.27458e-07
3.93473e-05;0.000653488;4.53556e-09;1.10273e-08;9.04166e-07;4.81279e-09;4.36967e-10;0.998159;0.000552181;1.22259e-08;1.10149e-05;0.000290945;0.000293164;6.66301e-09
4.81936e-06;0.998575;5.49896e-09;3.1329e-07;1.76856e-05;2.2357e-07;0.000371364;2.70988e-05;7.73618e-05;0.000329409;1.38912e-05;5.00513e-08;0.000433611;0.000149439
1.1395e-11;5.48356e-13;1;1.86417e-13;5.48436e-12;1.21028e-14;2.62517e-12;2.80876e-13;7.80599e-12;1.37214e-12;1.82027e-13;5.71726e-10;4.38771e-16;3.04291e-15
2.67696e-05;0.0310587;9.63221e-07;1.97647e-07;3.93458e-05;5.81445e-06;2.58894e-06;0.968312;0.000140548;7.63353e-07;1.40709e-05;0.000104467;0.000175072;0.000118985
5.97189e-06;0.00155878;3.8527e-10;8.80624e-06;3.47829e-05;2.8321e-06;1.42963e-07;0.990583;0.000117474;8.2828e-08;0.000273177;0.000369433;0.00704439;1.01037e-06
8.01853e-05;0.97326;6.45305e-08;8.55759e-06;8.17634e-06;2.52022e-07;3.6693e-07;0.0103279;5.29343e-06;1.09494e-06;5.60252e-06;0.0109874;0.00457291;0.000742312
4.03644e-06;0.021782;5.80637e-11;2.88789e-06;0.000671526;2.96463e-06;4.45004e-07;0.977213;1.37938e-06;7.29044e-06;3.50313e-07;0.000155007;6.81019e-05;9.0708e-05
6.46313e-08;1.88223e-08;0.999776;8.46123e-07;5.03483e-06;5.25909e-08;3.29471e-11;2.43715e-09;4.7724e-10;1.77755e-08;4.95089e-08;0.00021804;2.85185e-09;1.38798e-08
3.85968e-07;8.01422e-06;6.53006e-10;2.65469e-08;3.15531e-11;9.14473e-09;0.999409;1.22467e-07;1.03916e-05;7.85704e-05;0.000491822;4.60232e-11;1.87826e-06;3.42703e-08
1.41861e-10;4.06178e-12;1;2.25619e-09;1.68576e-10;7.10692e-10;6.15426e-09;3.45568e-14;4.18061e-09;5.9164e-10;4.40617e-09;3.72364e-07;4.11289e-13;3.82785e-12
9.07529e-05;0.989349;6.18885e-05;8.24405e-06;1.55514e-06;7.04058e-07;2.62958e-05;0.00127273;0.00123697;2.22327e-06;0.000920928;0.00694163;8.3388e-05;3.61387e-06
5.48039e-07;0.000713014;2.39296e-08;1.76118e-09;7.92212e-06;3.31967e-10;5.90635e-10;0.999267;5.85186e-08;4.61731e-08;3.69591e-08;6.78804e-08;6.45976e-06;4.76315e-06
1.70608e-07;6.20409e-06;0.998462;1.19713e-06;0.000463092;2.00684e-06;4.86966e-11;9.91605e-07;1.84013e-09;2.03283e-06;1.06323e-08;0.000941385;6.47547e-09;0.000120817
1.04342e-08;8.88326e-07;6.21107e-10;1.27687e-10;8.19866e-14;1.05743e-11;0.999896;6.66893e-11;1.50887e-06;7.76227e-05;2.42881e-05;2.08052e-14;4.43431e-09;1.18181e-09
2.52755e-14;1.39635e-16;1;2.05611e-14;1.10011e-13;1.44708e-14;2.40786e-12;5.49238e-18;4.97705e-13;4.82466e-13;5.56616e-14;6.93627e-12;2.11608e-18;5.18119e-16
