2.35546e-06;0.999087;2.87642e-09;5.19629e-08;2.61653e-08;2.10063e-08;0.000282339;4.24328e-05;2.12601e-08;3.32325e-05;6.15664e-09;2.22614e-10;1.11038e-05;0.000542044
6.26538e-12;7.53513e-13;1;1.155e-10;2.01778e-09;2.16499e-10;2.31493e-11;7.24337e-14;2.03641e-11;1.91314e-10;5.87259e-12;1.08042e-08;2.3691e-15;3.19366e-10
1.33968e-07;0.641348;7.55184e-06;5.39248e-08;9.65539e-08;4.63749e-08;5.35048e-08;1.60364e-07;4.48123e-10;1.76833e-09;5.6597e-09;9.97095e-08;0.358644;5.95461e-08
3.85001e-08;0.00208358;1.30866e-05;7.62222e-08;5.42159e-07;8.40059e-07;7.31291e-09;0.0229977;3.36306e-07;6.09414e-09;3.76792e-07;0.971207;0.00369409;2.51512e-06
3.51357e-07;0.884187;0.000105119;1.15592e-05;0.000230978;0.0018281;5.75817e-08;0.100122;2.66908e-07;3.15535e-07;3.4722e-07;0.000328419;0.0114402;0.00174545
4.26965e-06;0.426478;2.15172e-05;1.02133e-05;3.38032e-05;0.0047397;5.17776e-08;0.0173214;4.73676e-07;7.70696e-08;9.45724e-08;0.01777;0.0128993;0.520721
3.58586e-08;5.70645e-05;1.31815e-09;2.3951e-08;3.26743e-07;1.25289e-06;4.38635e-11;0.00389346;7.89648e-09;7.62969e-11;5.96711e-08;4.63208e-06;0.996042;9.14369e-07
6.86907e-07;0.00774078;1.07488e-05;3.81095e-07;3.23044e-06;0.000107304;1.28907e-08;0.000574787;3.31838e-09;7.63571e-07;2.96807e-08;9.47865e-05;0.990104;0.00136283
2.83441e-10;1.04386e-07;1;5.46278e-09;5.37824e-08;1.44251e-08;3.69503e-09;1.43556e-08;4.60368e-12;4.54521e-10;3.77777e-10;4.10293e-08;8.74105e-09;1.18428e-08
1.55881e-06;0.0110563;0.0148443;9.925e-05;0.000100452;0.000163449;6.15464e-07;0.0161062;2.33422e-06;5.71138e-06;6.56929e-05;0.95287;0.00355006;0.00113396
1.34162e-05;0.621972;1.25999e-06;8.98109e-06;0.00100376;0.00170168;1.25743e-06;0.101872;1.06391e-06;9.06658e-06;8.79666e-05;0.0103065;0.154778;0.108244
5.95276e-06;0.0327163;1.88284e-05;2.25733e-05;0.177535;0.00214595;7.82114e-07;0.00252353;6.36255e-07;8.09824e-05;2.9423e-05;0.696654;0.00462004;0.0836458
3.36619e-06;0.127913;1.39598e-07;1.2044e-07;3.15703e-07;2.46044e-05;0.000105714;0.00266582;2.85777e-07;3.0458e-07;5.77442e-06;5.4675e-08;0.86928;4.31473e-07
1.32884e-10;1.25748e-07;1;9.92464e-10;6.25863e-10;3.49767e-10;2.37555e-10;1.20524e-10;2.97014e-12;1.47525e-10;9.64343e-12;7.09013e-08;8.19602e-10;3.15509e-10
1.62147e-07;0.00302096;3.62388e-05;2.98891e-06;1.53229e-06;1.83646e-05;1.09814e-09;0.000174547;4.6036e-07;1.18098e-08;9.04901e-07;0.996508;0.000231401;4.37112e-06
1.28682e-06;0.890508;2.37861e-07;1.27237e-06;1.06305e-06;0.00124787;6.75284e-08;7.16771e-05;1.16575e-08;1.58203e-07;1.42538e-06;5.38791e-06;0.108148;1.34785e-05
1.172e-07;0.000244058;1.1492e-07;6.09687e-06;4.7366e-05;0.000252719;2.3152e-09;0.000140365;1.14128e-08;5.13736e-07;1.58124e-06;0.997004;0.000227725;0.00207557
4.43306e-07;0.114491;5.85069e-08;1.59641e-07;0.000234833;4.77422e-05;5.7974e-08;0.000781431;1.23253e-07;1.97392e-08;5.28754e-08;2.33483e-05;0.884418;2.58865e-06
1.16606e-06;0.945685;9.25744e-09;4.35968e-06;1.02518e-05;7.09214e-06;4.25712e-07;0.00526072;1.64959e-06;1.26707e-06;7.06624e-07;6.2399e-06;0.0490172;4.12671e-06
6.89696e-08;0.992076;0.00761455;1.82207e-06;8.58806e-06;1.22279e-08;1.74102e-09;1.33054e-07;6.938e-12;2.54478e-07;2.44749e-11;7.38046e-05;1.7649e-07;0.000224593
1.53907e-05;0.993362;3.04622e-09;8.82321e-06;2.18507e-06;7.02621e-07;1.62742e-05;5.12433e-05;1.9366e-06;4.5613e-07;1.6393e-05;0.00119291;0.00519769;0.000134076
0.000134293;0.758063;2.06298e-08;1.74072e-05;5.91424e-05;7.55743e-06;4.83784e-06;0.0171528;1.22261e-06;1.47963e-06;4.10769e-06;0.212296;0.00857521;0.00368326
6.92704e-06;0.0383988;1.21124e-07;0.000168828;0.000354445;0.000210993;4.55527e-09;0.00226488;1.35024e-07;3.62076e-07;8.35892e-06;0.503673;0.000347813;0.454566
3.98076e-06;0.981035;1.03774e-07;4.03402e-07;4.81407e-08;2.85059e-08;0.00181692;2.75771e-05;2.44676e-09;0.00115324;1.01917e-08;1.30037e-08;2.15432e-07;0.0159629
4.76262e-11;1.51273e-10;1;2.01878e-11;8.2076e-11;5.52338e-09;1.00772e-10;5.99485e-10;5.1055e-13;5.47188e-12;4.30961e-13;1.28114e-08;1.30563e-11;6.93871e-12
5.91778e-08;4.56912e-05;9.889e-08;1.42564e-07;7.76772e-07;1.76675e-06;2.69698e-08;0.00476011;1.15736e-07;1.6705e-09;2.33482e-06;1.99572e-05;0.995169;2.90281e-07
1.65081e-05;0.0760381;0.000303294;8.84139e-06;1.31654e-05;0.000196473;0.000136754;0.028073;6.64926e-06;0.000116444;6.82955e-05;0.000476589;0.893319;0.00122643
6.62602e-09;5.73265e-07;0.999997;1.03243e-07;6.95163e-07;1.27163e-07;1.40163e-06;2.76466e-08;8.81258e-09;4.72171e-08;3.60903e-08;1.86874e-07;8.07701e-08;1.49376e-07
1.91171e-06;0.0148562;0.00210806;0.000132811;9.2611e-05;0.00012375;6.54411e-07;0.00186425;3.91665e-05;5.58733e-07;0.000308071;0.978433;0.000801687;0.00123723
7.28338e-06;0.99506;2.29093e-07;9.25374e-07;1.73821e-05;4.38865e-06;4.52152e-07;0.000124083;5.11314e-06;6.02316e-07;0.000169955;0.000353143;0.00152138;0.0027353
2.36526e-07;0.999043;1.59298e-08;2.78381e-08;8.7473e-07;2.65227e-07;5.76648e-06;1.29261e-05;2.74231e-09;1.07112e-05;4.56058e-08;2.25793e-08;4.10116e-05;0.000884872
2.5201e-13;1.11501e-15;1;1.9668e-13;1.45085e-09;1.85452e-12;1.05463e-14;3.17252e-13;6.22795e-15;1.09147e-13;2.32257e-15;1.40841e-09;1.82176e-15;1.21448e-11
4.82933e-08;1.08282e-05;8.24042e-08;2.63551e-09;4.13116e-06;9.46127e-08;1.29461e-11;0.999786;1.06128e-08;8.42605e-11;8.17107e-09;8.58677e-05;0.000112563;3.49309e-07
3.9574e-10;0.999955;3.45003e-13;3.08701e-10;5.25138e-10;6.65771e-11;5.69659e-09;3.91132e-08;1.60222e-11;5.08563e-09;5.17088e-10;4.60196e-10;4.54227e-08;4.46757e-05
9.45683e-06;0.0105687;3.32963e-08;1.3533e-06;5.88213e-06;3.10989e-06;0.000204515;0.418443;2.20126e-05;5.6115e-08;0.000318343;0.000301991;0.570122;3.21313e-09
3.13419e-08;0.998676;5.73622e-09;2.17321e-08;1.04201e-07;8.20766e-08;1.98022e-09;2.36528e-05;7.19219e-12;7.44138e-09;3.33797e-10;1.68829e-05;0.00126135;2.23263e-05
2.03306e-05;0.767639;3.73428e-08;5.37819e-06;2.68216e-05;1.30319e-05;0.21992;0.00180791;2.0004e-05;0.000489647;7.37804e-07;1.08816e-06;3.03368e-05;0.0100264
1.48662e-09;1.53202e-11;0.999999;5.67609e-08;3.85528e-08;8.24455e-10;9.55021e-07;2.03693e-11;5.33829e-08;1.20011e-08;7.12479e-08;5.48669e-08;2.48437e-11;8.72904e-11
8.87061e-06;0.860203;4.24605e-07;4.36654e-05;1.85108e-07;1.64287e-06;0.000617798;1.35946e-06;1.04926e-05;4.32181e-06;0.00126287;1.80615e-09;0.137844;1.3471e-06
2.71328e-06;0.000179089;0.0126237;2.53099e-05;0.000127326;6.31168e-06;5.0327e-08;2.27592e-05;4.05714e-07;5.76698e-08;2.44528e-05;0.986396;7.7306e-05;0.000514099
0.000360621;0.482631;5.24616e-06;2.38089e-05;0.0044975;0.0254891;0.000556425;0.0507879;0.00259759;5.46666e-06;0.00963499;0.000121462;0.422932;0.000356804
4.83226e-07;0.00184022;1.44759e-11;3.61354e-09;1.89179e-07;4.68759e-07;7.65e-08;0.000424768;3.15917e-08;1.74112e-08;1.7024e-06;2.75225e-06;0.997729;2.07387e-07
7.09892e-05;0.0383971;4.9191e-05;0.000113474;0.00252811;0.0167377;6.79147e-07;0.086639;6.10009e-07;0.00107868;3.17791e-06;0.00150751;0.764611;0.0882623
2.87009e-07;7.11701e-08;0.999664;7.91994e-06;2.21647e-06;9.24769e-08;1.20158e-05;2.14952e-08;1.26078e-06;3.31847e-07;1.36352e-05;0.000297216;5.86718e-07;1.58519e-08
5.81884e-07;0.0178737;8.5857e-07;6.91036e-07;3.22689e-06;1.50673e-08;2.43565e-08;8.22783e-05;1.44171e-07;1.9039e-07;1.87917e-07;7.76687e-06;1.0274e-06;0.982029
3.62409e-07;8.4305e-05;3.29319e-11;1.1623e-06;0.0150174;1.63129e-05;3.16372e-07;0.984807;5.15496e-05;8.74735e-08;9.80297e-07;5.90628e-08;1.16566e-07;2.0447e-05
1.67843e-08;1.36879e-06;0.999193;1.26964e-07;3.04473e-06;1.39612e-07;1.29695e-10;5.72753e-09;3.28735e-11;5.90954e-09;3.68725e-10;0.000802642;1.28496e-09;1.61105e-07
1.94333e-07;0.000743338;4.5907e-13;2.27436e-10;5.81674e-08;5.72481e-08;3.59526e-08;3.48942e-05;2.37944e-10;8.3867e-10;3.29109e-10;4.07191e-09;0.999217;4.74836e-06
5.73845e-10;2.12154e-06;4.702e-10;2.76767e-08;1.0683e-05;4.09847e-06;2.98352e-13;2.27834e-07;3.56235e-09;7.36422e-11;4.9431e-10;0.996227;2.62196e-06;0.00375285
2.157e-08;5.48836e-05;1.0696e-13;5.39363e-10;1.40289e-08;1.74913e-09;4.09159e-12;3.42475e-07;1.91339e-10;2.65927e-12;8.64582e-10;1.77289e-07;0.999945;5.61689e-09
5.06605e-07;0.000123479;8.18129e-08;1.24223e-07;1.01155e-06;1.61285e-08;7.53666e-11;9.1998e-06;4.06561e-07;4.74655e-10;1.56711e-07;0.99933;0.000526526;8.23706e-06
4.9828e-06;0.0888161;6.07707e-10;4.41697e-06;2.26453e-06;3.85062e-05;1.86224e-08;7.49598e-06;1.23353e-06;6.18565e-08;1.51415e-06;1.20575e-06;0.911119;3.55506e-06
2.13472e-06;7.4466e-05;0.998436;2.19054e-05;2.33481e-07;6.53361e-08;1.13863e-08;4.8708e-08;1.56008e-08;1.59601e-07;5.06233e-08;0.0013214;3.88913e-07;0.000143055
0.000583756;0.838617;1.96356e-06;7.76129e-06;1.69054e-05;8.25416e-06;2.69295e-05;0.0152579;5.40023e-05;7.10055e-06;0.000153247;0.00359777;0.141639;2.88503e-05
6.35317e-09;1.60633e-06;3.59824e-11;1.66066e-07;2.47536e-08;0.00137921;5.96638e-08;4.92738e-09;7.59334e-07;1.72918e-07;1.89021e-06;1.46635e-09;0.998616;3.60565e-07
1.79743e-06;1.49931e-06;0.999969;1.00227e-05;2.59732e-07;1.2897e-06;7.30887e-07;7.51792e-08;1.39041e-06;7.83113e-06;1.52677e-07;2.33298e-06;8.21442e-08;3.3462e-06
6.35947e-06;0.997323;8.85106e-07;1.01384e-05;3.29315e-06;1.83744e-06;4.38131e-06;0.00176704;0.000605811;3.95101e-07;4.03198e-05;5.17567e-06;8.02427e-05;0.000151289
