2.85129e-07;0.99988;3.06174e-05;1.38349e-07;1.8752e-07;5.47362e-08;5.2395e-09;1.95213e-05;5.17019e-10;5.10008e-08;3.90549e-10;2.49373e-07;6.75916e-05;7.08343e-07
5.3064e-08;1.52692e-07;0.999985;8.43693e-08;4.81788e-08;2.11363e-09;1.49824e-07;5.21662e-09;2.31897e-08;3.95131e-09;5.24883e-08;1.45677e-05;5.46234e-08;3.54042e-09
6.76839e-07;7.30621e-05;6.72979e-05;1.26625e-06;4.53485e-06;5.61303e-07;2.30013e-08;0.000434376;6.40608e-07;5.85133e-07;3.11487e-06;0.00388395;4.43808e-06;0.995525
4.14764e-07;3.02388e-05;1.63408e-09;2.82925e-07;0.00180216;4.13419e-05;3.31573e-06;0.997961;0.000143121;3.57995e-08;5.50514e-06;5.66397e-09;1.04057e-05;2.44363e-06
1.24401e-08;9.52865e-07;0.999935;4.95749e-07;4.12795e-05;5.20053e-07;2.05104e-11;1.27796e-08;5.49728e-11;1.79739e-09;3.4838e-10;8.0468e-06;1.2937e-06;1.21621e-05
6.75285e-07;0.996436;1.64433e-07;2.42405e-08;2.29648e-07;5.25838e-07;3.06581e-06;0.00314806;2.33765e-08;2.99197e-07;5.254e-09;8.44954e-10;0.00040055;1.08144e-05
1.3879e-12;6.56802e-12;1;4.9996e-11;2.0395e-09;3.00124e-10;2.07964e-12;4.45633e-13;1.68983e-14;2.66741e-11;8.30223e-15;9.6559e-09;3.02674e-13;3.99952e-08
3.47154e-07;0.991299;0.00475212;3.41975e-06;3.74965e-05;8.76577e-07;1.47857e-06;0.00289452;4.28079e-08;1.52885e-07;3.77464e-08;4.98107e-05;0.000954182;6.11292e-06
4.11609e-06;0.749808;2.47585e-06;7.3626e-05;3.16396e-05;0.000184984;2.45412e-07;0.231715;7.06396e-05;5.38028e-06;6.98434e-06;2.82629e-05;0.014528;0.00354022
6.20373e-06;0.0357918;0.544496;8.16679e-06;2.80165e-06;5.60936e-06;8.23251e-08;5.81859e-05;1.74486e-08;6.0991e-05;2.06603e-07;0.419131;0.000237403;0.000201646
3.17299e-07;1.88887e-07;0.999996;1.0187e-07;5.52823e-08;2.5971e-08;1.16056e-06;1.34598e-09;3.02871e-07;7.65987e-09;2.13697e-07;1.54152e-06;3.01422e-09;9.65578e-10
0.000754839;0.914043;0.000442938;3.71923e-06;1.35379e-05;8.62371e-06;1.04012e-06;0.0836946;0.000101701;1.20416e-06;1.08168e-05;0.000552331;0.000354853;1.64701e-05
0.00022435;0.913272;2.39925e-07;1.0079e-05;0.0173383;9.49917e-05;9.4623e-06;0.0370548;0.000173958;5.59202e-05;0.000235721;0.00388585;0.00152496;0.0261196
0.000154377;0.15764;0.0485404;7.85109e-05;0.0964165;0.0130522;1.37178e-06;0.00242627;3.52321e-07;4.01812e-05;2.07506e-07;0.555075;0.000742541;0.125831
2.46249e-06;0.000205729;1.57248e-12;3.55122e-08;1.06594e-05;2.21629e-07;2.42665e-09;0.997964;4.1106e-06;5.25722e-10;3.20013e-07;4.70778e-05;0.0017641;7.4814e-07
6.1369e-06;0.919396;1.89182e-08;9.72279e-07;1.18239e-07;3.45407e-07;1.5564e-06;3.52499e-06;5.81977e-07;6.0464e-08;1.83736e-06;0.0476182;0.0329706;1.64383e-07
6.83734e-05;0.883388;4.31162e-06;0.000241643;3.1686e-05;0.000128211;1.99292e-05;0.00191521;2.70142e-05;1.66072e-05;0.000366006;0.0545465;0.0559431;0.00330301
0.00013182;0.907317;2.49417e-07;0.000112502;1.17703e-05;0.000335951;1.90706e-05;0.00244282;0.000158387;8.69044e-06;0.00115101;0.00364094;0.0846681;1.95681e-06
0.000181333;0.124852;9.52151e-09;5.68423e-06;2.76981e-06;1.77827e-05;9.31163e-05;0.0016282;1.74727e-05;5.83751e-05;0.00362148;0.000118499;0.869286;0.000117272
0.00150392;0.988692;3.21431e-05;7.39393e-07;3.04778e-06;5.31841e-07;0.00441249;2.59645e-05;1.78093e-07;0.00354028;1.48702e-06;0.000140801;0.00139078;0.000255219
5.88392e-10;8.63063e-08;1;5.09854e-09;1.06907e-08;7.82208e-09;1.34699e-07;1.36939e-11;6.42418e-10;5.54464e-09;5.17319e-09;2.12483e-07;1.17442e-10;1.39614e-10
4.04167e-06;0.687853;1.31517e-05;2.47768e-07;2.20346e-08;1.063e-07;4.40252e-06;1.02793e-06;8.36596e-08;6.37395e-08;4.80624e-06;0.0607307;0.251387;1.16977e-06
5.37597e-06;0.847384;7.34789e-09;7.28105e-05;3.48505e-05;0.00150526;4.70237e-07;0.081939;1.73654e-05;3.10729e-07;0.000123527;0.0339424;0.0339854;0.000988887
3.43135e-05;0.444933;3.19454e-05;2.6942e-05;3.56619e-06;7.56611e-06;5.29467e-08;0.207938;1.51835e-06;1.56801e-06;5.33742e-05;0.346869;8.00512e-05;1.92634e-05
2.26929e-07;0.997025;5.56953e-10;6.85517e-08;5.67495e-07;2.63662e-06;1.11653e-05;6.05551e-05;2.30703e-08;1.23024e-06;3.22858e-08;1.94884e-09;0.000315646;0.00258342
2.81528e-11;2.86212e-10;0.999999;3.93429e-11;7.61538e-11;3.55043e-10;8.70039e-11;1.28926e-12;1.52617e-12;1.62573e-11;1.13648e-12;9.26996e-07;2.23726e-10;2.59917e-10
4.49418e-06;0.376588;1.80409e-06;5.60287e-06;5.26496e-06;9.05049e-06;1.09721e-05;0.00208203;4.17043e-06;1.82604e-07;4.43527e-05;0.0143385;0.606833;7.2381e-05
4.1534e-08;0.00127974;1.61274e-08;9.48328e-07;0.0332087;1.85582e-06;2.12659e-08;0.965202;5.63234e-07;1.02553e-07;7.40724e-07;6.61782e-05;0.000234077;5.18827e-06
1.06029e-06;0.000572473;0.98906;0.000172103;0.000556536;0.00188552;7.97567e-07;6.81837e-07;5.8074e-08;2.45314e-05;2.44742e-06;0.000109472;6.24729e-05;0.00755235
8.02598e-05;0.995403;9.79822e-07;1.38049e-08;6.80748e-10;2.10067e-08;6.8431e-05;5.62586e-06;4.09583e-07;4.71624e-08;2.72312e-06;0.00335298;0.00108525;2.16566e-08
5.76975e-06;0.0014217;3.04337e-08;2.10147e-06;0.000228151;0.000772501;1.40981e-07;0.000574569;0.000210802;1.36531e-08;9.02274e-06;0.995254;0.000812077;0.000709215
0.000100354;0.497768;5.69473e-07;3.52367e-08;1.10121e-07;7.29845e-07;4.25686e-08;0.000124725;3.19412e-07;3.97014e-09;5.59926e-08;0.000165676;0.501839;1.6011e-07
1.0805e-06;0.00637871;4.92322e-06;2.80037e-08;8.20099e-05;9.85479e-07;9.91308e-10;0.00086203;4.57731e-08;1.76786e-08;1.48111e-09;0.990848;0.00023701;0.00158514
1.45779e-05;0.672779;7.57512e-07;0.000250459;0.00198532;0.000163329;5.62828e-06;0.19798;0.00224729;1.46268e-05;0.000306735;0.00549378;0.117826;0.000933287
9.89997e-05;0.983936;1.62831e-06;0.000141604;5.13951e-06;2.83283e-06;2.82746e-05;0.000119767;0.00119876;8.89677e-06;0.000255442;0.000171193;0.0136266;0.000405145
0.000623035;0.988992;0.0035312;0.00175862;1.69624e-05;1.49761e-05;3.9338e-06;0.000265665;3.10249e-05;2.21914e-05;1.00051e-05;0.00127353;0.000402888;0.00305426
0.00255308;0.892921;4.15561e-06;0.000430979;3.46059e-06;0.000103224;0.00072922;0.0010017;0.0087051;0.000133256;0.00117956;0.0162726;0.0758751;8.75464e-05
0.000171695;0.0368379;3.27079e-06;5.46108e-05;0.000216172;0.00191605;8.45953e-05;0.00138924;3.86341e-05;5.88289e-05;1.70071e-05;0.834643;0.0183238;0.106245
0.000744385;0.565628;3.76899e-05;2.02111e-05;2.43021e-05;1.13632e-06;0.000143162;0.301622;0.000427023;1.66804e-05;9.25025e-05;0.047516;0.0833585;0.000368769
2.09886e-06;0.984758;5.29368e-08;2.90879e-06;6.95947e-06;2.81201e-06;9.89084e-08;0.0041098;1.43823e-06;5.06426e-07;3.26262e-07;0.000439194;0.000185936;0.0104903
8.17315e-05;0.791798;1.77901e-08;7.66893e-07;2.11344e-07;9.87268e-06;2.61039e-06;0.00573665;9.83889e-06;1.17675e-06;2.51065e-06;0.00618815;0.196168;2.53397e-07
1.26168e-07;2.25609e-07;0.999999;2.5454e-08;3.56556e-09;1.83922e-09;1.86613e-07;2.2936e-08;9.76426e-09;3.11618e-09;2.67926e-09;6.87362e-07;1.85876e-07;2.6482e-09
2.79579e-07;1.51456e-05;0.0290024;1.02971e-06;6.33431e-08;5.97672e-07;1.37508e-09;2.17618e-06;2.15938e-07;1.33272e-08;1.09897e-07;0.970957;2.42836e-06;1.86014e-05
5.58873e-07;0.109994;4.10789e-08;2.79437e-08;5.3777e-06;2.44827e-05;4.31218e-08;0.019819;1.12378e-08;1.15493e-07;3.691e-08;3.79701e-06;0.870124;2.76913e-05
7.70604e-08;0.00759161;3.32871e-08;4.98908e-05;6.80598e-05;0.72527;1.60562e-07;3.13542e-05;4.57574e-07;1.55336e-05;4.05585e-06;0.00217668;0.257362;0.00742979
1.04948e-06;0.00196571;0.997099;8.72912e-06;1.422e-05;5.74633e-05;1.2666e-07;2.6027e-05;5.00832e-08;6.62389e-07;1.41634e-08;0.000773005;4.65056e-05;7.34429e-06
7.82666e-06;0.960008;2.43692e-06;2.39523e-05;4.83122e-05;4.94532e-05;1.15724e-06;0.0293451;3.70186e-05;2.11827e-07;5.16704e-06;1.85789e-06;0.0103868;8.29872e-05
8.96619e-07;0.0322336;5.80375e-08;7.28377e-09;5.30342e-06;3.31287e-08;8.85536e-12;0.967247;2.03452e-10;6.16069e-09;2.9127e-11;1.53357e-07;0.00050365;9.38627e-06
3.1564e-09;0.000293352;5.20624e-06;7.35913e-07;2.83541e-05;1.41439e-06;3.17863e-10;2.40788e-06;4.41943e-09;1.18761e-08;1.31147e-07;0.999148;2.24841e-05;0.000498225
6.41162e-07;0.99234;2.9385e-09;3.66966e-07;1.57779e-06;3.88392e-07;6.31851e-07;0.000351531;2.84239e-07;4.4959e-07;1.24571e-06;1.80383e-05;0.00728212;2.32379e-06
2.68925e-06;0.00342016;7.81476e-08;1.66398e-06;6.84167e-05;1.41744e-05;4.88235e-07;2.1855e-06;1.04503e-06;2.61026e-07;4.98601e-06;0.989409;0.00705665;1.82729e-05
3.13158e-05;0.00256679;5.26485e-12;6.86513e-09;3.71858e-05;1.73518e-09;6.49188e-10;0.935735;1.1002e-05;2.7307e-09;4.67191e-08;4.4613e-06;0.0616145;1.78952e-09
0.00102807;0.19098;0.65415;0.00245037;0.010545;0.00338782;1.17137e-05;0.0165333;0.000122319;0.00102368;7.66453e-05;4.20422e-06;0.109317;0.0103703
0.000515573;0.788027;0.0272429;2.24568e-06;2.93827e-05;5.53884e-06;7.84191e-08;0.000171406;3.19051e-07;8.1373e-07;1.61283e-08;0.183104;1.58993e-05;0.00088484
5.25907e-05;0.10989;4.65185e-11;7.28173e-07;4.54174e-05;5.21004e-06;8.39422e-07;0.259352;1.27083e-05;2.75411e-08;3.13933e-06;2.3337e-06;0.630624;1.16447e-05
5.73659e-05;0.974979;1.83394e-06;1.41202e-07;2.06556e-08;7.78169e-09;0.00558963;2.26099e-05;5.46327e-08;9.0079e-05;9.63433e-08;9.61981e-06;0.000354267;0.0188953
1.47827e-10;3.04934e-09;0.999997;5.05391e-09;3.88759e-07;3.60004e-09;2.08e-09;1.44516e-09;5.15387e-10;2.07041e-10;3.74923e-10;2.13392e-06;1.18349e-11;1.23423e-11
3.19366e-07;0.908758;0.005303;1.9028e-07;4.0864e-07;2.04363e-07;4.86921e-06;1.97265e-07;8.9623e-10;4.32978e-08;2.03641e-08;1.43917e-05;0.0859181;1.26011e-07
6.26585e-10;0.000101228;6.60957e-07;8.44168e-09;1.82504e-06;5.91679e-07;4.49757e-10;6.95192e-05;1.32703e-08;2.10929e-10;9.26093e-08;0.999749;4.9263e-06;7.17968e-05
4.05311e-07;0.984145;5.81896e-08;3.75291e-06;0.000980166;0.00034734;3.33934e-07;0.00368913;1.52167e-07;6.76706e-08;3.00548e-06;0.000107016;0.0104124;0.000311404
1.09741e-06;0.000958289;5.88551e-08;4.80145e-08;4.14958e-07;1.45112e-08;2.85253e-07;0.997498;1.56863e-08;1.57415e-08;8.03004e-08;0.00152918;1.16866e-05;6.23345e-07
5.54927e-07;9.46615e-05;0.999657;3.3733e-06;5.69303e-06;6.00912e-06;3.55818e-10;0.000136857;7.99621e-09;7.48624e-09;1.62191e-08;9.26855e-05;4.17206e-07;2.87704e-06
1.37101e-07;0.999348;3.46934e-09;1.13175e-09;1.86641e-10;1.08634e-09;0.000177925;3.54754e-08;3.88399e-09;3.80041e-07;4.53111e-09;5.85069e-09;2.03814e-05;0.000452732
3.14564e-14;8.23324e-14;1;1.68716e-13;1.69908e-11;9.39358e-12;1.46029e-12;1.73017e-15;1.52145e-14;1.33275e-13;2.52363e-15;4.74011e-09;7.76567e-15;3.65522e-11
1.7163e-07;0.988105;7.52626e-08;1.16751e-06;6.42494e-06;4.84724e-05;3.90813e-05;0.00953451;3.01775e-06;5.12845e-07;5.44513e-07;6.70659e-10;0.00219659;6.42005e-05
2.0438e-10;9.24715e-10;1;1.38691e-09;4.44872e-10;1.36915e-10;4.8984e-09;1.44413e-10;2.08757e-10;6.01947e-10;1.39982e-10;2.56658e-07;4.48307e-10;3.61916e-09
1.23159e-07;5.29426e-05;0.99948;1.86459e-06;7.6451e-07;1.11477e-06;1.68474e-07;0.00039332;4.87638e-07;5.78075e-08;3.19162e-07;2.91792e-05;6.94976e-07;3.88021e-05
9.00888e-10;3.99349e-06;7.14981e-09;5.498e-09;2.33657e-06;1.73781e-05;1.21481e-12;7.11543e-08;6.1029e-11;7.66094e-09;1.37674e-10;2.11129e-07;3.45236e-08;0.999976
3.40469e-07;0.000663773;3.25275e-11;9.14161e-08;7.59116e-07;1.43405e-06;1.2226e-09;0.00590335;3.11129e-07;7.2403e-10;2.92214e-06;1.00272e-05;0.993415;1.81917e-06
5.77956e-07;0.99806;3.69798e-07;1.50069e-06;3.18481e-06;2.30207e-09;2.3136e-09;0.00162163;1.61431e-09;4.07284e-08;5.06606e-09;8.59908e-08;5.50039e-06;0.000307557
7.11306e-06;0.517167;0.00167536;0.000708739;8.51994e-05;0.000142043;1.71194e-06;6.64295e-08;5.83791e-09;2.16782e-05;1.01549e-06;0.0160277;0.464042;0.00012041
1.82062e-06;0.235796;7.82455e-09;3.39652e-06;3.25608e-07;1.11269e-06;1.14338e-07;0.00371779;4.86026e-08;6.63452e-08;2.17104e-05;0.757088;0.00335107;1.85078e-05
2.35343e-06;0.885314;4.06332e-09;1.10695e-05;0.000200196;6.01823e-05;0.0018394;0.111493;5.66062e-07;5.93936e-05;4.77405e-06;1.57312e-06;0.000157461;0.000855651
3.12069e-07;4.32096e-08;0.999994;4.68728e-08;8.29629e-08;2.00606e-08;5.51765e-08;8.71269e-09;8.3541e-09;9.63035e-09;7.19842e-08;2.66702e-06;2.90128e-06;7.76662e-10
8.91746e-05;0.0441405;2.03705e-07;1.01429e-08;8.33638e-08;1.8843e-09;2.9594e-07;0.955456;1.12759e-06;1.25554e-08;6.4499e-07;6.38385e-08;0.000311895;2.68349e-07
5.25054e-07;0.00927462;5.19035e-06;2.12104e-05;0.000644758;3.64678e-05;7.54014e-08;0.000203271;1.75318e-05;1.39977e-06;3.13619e-05;0.971645;0.00013885;0.0179794
4.41036e-06;1.22603e-05;2.07842e-09;9.1011e-10;3.70761e-08;2.5807e-09;1.18064e-09;0.999982;2.73342e-07;1.95786e-09;1.77703e-08;6.15102e-09;6.74961e-07;2.17279e-09
5.86709e-06;0.000192905;6.79181e-07;2.25693e-05;0.00857348;0.000254002;1.4527e-08;0.000129744;5.6794e-05;8.36549e-07;1.27814e-06;0.0144564;9.58374e-06;0.976296
0.00121126;0.965246;0.00135435;8.64273e-06;5.5183e-06;3.29403e-07;8.97011e-08;0.00486446;3.29567e-06;3.69711e-07;2.09796e-06;0.000833923;0.0264683;1.58538e-06
0.000159545;0.0255505;2.84676e-05;2.93997e-06;3.79867e-05;1.84684e-07;7.54162e-07;0.00844985;8.33851e-05;3.06285e-06;2.70233e-05;0.964113;0.00153654;6.52721e-06
6.86115e-06;0.947011;3.07352e-08;6.91827e-06;0.000289642;0.00011698;0.000740309;0.0256433;4.06737e-05;0.00029053;1.2612e-05;2.86972e-06;0.0210157;0.00482244
1.62393e-09;1.52534e-10;0.999999;2.80994e-08;3.25585e-08;6.61683e-09;3.60833e-09;3.69917e-10;4.88646e-10;5.04403e-09;4.45299e-10;8.39799e-07;7.30158e-10;3.34165e-09
3.57179e-06;0.000410496;0.998567;4.04408e-05;3.96985e-06;1.38945e-05;1.46829e-07;0.000807081;2.39307e-06;1.15357e-07;5.92881e-06;0.000132631;3.69119e-06;8.18764e-06
2.13405e-08;5.17985e-05;5.86763e-06;8.13801e-08;5.15196e-06;0.00014337;7.64543e-12;1.00457e-06;9.37412e-11;4.14392e-08;5.62957e-10;8.29261e-05;1.9551e-07;0.99971
6.88745e-07;3.91507e-05;9.03029e-10;3.54841e-07;1.46009e-05;3.6687e-05;8.61524e-10;0.347536;1.95394e-06;8.6213e-10;7.29664e-05;1.82665e-05;0.652278;1.51056e-06
6.10493e-07;0.968545;3.25411e-07;1.79665e-06;2.43721e-07;6.06732e-07;1.85932e-07;0.0204305;1.12692e-07;9.20996e-07;1.49926e-06;6.80702e-05;0.0109269;2.29013e-05
1.40125e-05;0.00655597;4.94368e-05;0.756077;0.00191451;0.0520482;4.76318e-05;0.000208538;0.000146318;0.0193831;0.0010416;0.0711665;0.00506719;0.0862801
0.000186014;0.993819;1.90629e-07;2.90163e-05;3.04387e-07;1.6843e-08;0.000734935;0.00372775;7.80174e-05;3.36398e-06;0.00127541;3.80127e-05;3.48435e-05;7.3051e-05
2.9294e-05;0.992663;0.00121624;5.89609e-05;9.26409e-05;2.21026e-07;0.000206077;8.01231e-07;1.29066e-07;0.000177591;2.34369e-05;0.00033634;0.00503618;0.000159565
0.000119746;0.46411;1.07275e-07;0.000125792;0.000174505;6.45816e-05;0.00165298;0.00308239;0.00268845;0.000106712;0.000820352;0.0605374;0.465359;0.0011574
6.40635e-05;0.0660764;0.423157;0.000539495;0.000850754;7.02314e-06;2.27317e-06;0.00731686;1.67567e-06;3.34848e-05;1.14134e-06;0.499754;0.00188931;0.000306707
4.27453e-05;0.0208507;3.09169e-10;6.78373e-07;1.79527e-07;4.50267e-07;4.28184e-07;9.93883e-05;5.26497e-05;2.67312e-08;3.25903e-05;0.000173541;0.978742;4.56215e-06
5.67845e-06;0.98519;5.21894e-07;6.45396e-08;1.38885e-07;4.14122e-07;2.38576e-05;0.000106207;2.09168e-08;0.00026413;1.32068e-09;2.40634e-08;5.03238e-06;0.0144037
3.60703e-12;1.21712e-13;1;4.33623e-11;3.59972e-10;6.99804e-10;1.02858e-11;5.40605e-14;1.75805e-12;1.68543e-11;2.4612e-12;1.01951e-07;1.36781e-13;3.38614e-12
1.19514e-07;0.994586;7.13115e-08;6.24982e-09;8.29636e-08;1.43995e-08;1.83998e-08;1.95533e-06;5.68176e-09;7.87841e-09;5.44193e-09;2.7385e-06;0.0054069;1.64446e-06
1.55822e-07;0.968447;3.98737e-09;8.65263e-08;4.62259e-06;6.53414e-08;0.0119178;3.08594e-06;3.15731e-07;0.000243638;9.85415e-09;1.86856e-08;5.94192e-08;0.0193833
7.23707e-11;1.91267e-11;1;3.39561e-09;6.3493e-10;2.07778e-10;1.36024e-08;1.10106e-11;2.4113e-09;2.31709e-10;1.98409e-09;4.92027e-09;2.86028e-11;1.11962e-12
1.82379e-05;8.33551e-05;1.07074e-08;1.76857e-08;1.62625e-07;6.9756e-09;2.55164e-07;0.999753;5.23998e-06;3.69795e-09;2.89207e-06;3.40339e-08;0.000136427;1.00701e-07
1.07572e-08;0.00578263;6.65336e-09;3.97385e-08;4.07911e-08;1.28389e-07;6.23842e-06;1.21712e-09;7.10979e-10;9.20337e-06;2.42448e-09;1.50054e-07;1.26248e-07;0.994201
1.61251e-10;3.25149e-11;0.999999;2.98549e-10;2.86763e-10;7.07713e-11;2.19931e-07;2.93559e-13;6.79583e-10;5.52809e-10;4.2106e-09;9.20865e-07;6.00439e-15;1.9034e-09
2.14309e-06;0.992378;3.53358e-08;2.45321e-08;3.47324e-09;4.72288e-09;9.03001e-07;6.5209e-05;2.53204e-07;1.567e-09;3.89113e-06;1.23948e-06;0.00754853;3.15892e-10
2.91331e-08;0.995898;8.76964e-10;4.57178e-07;3.59779e-08;1.74321e-06;0.00304716;1.85119e-07;6.19921e-08;9.28046e-05;7.65576e-07;8.8039e-09;1.2738e-06;0.000957699
1.21668e-11;3.87792e-11;1;1.67388e-09;1.59249e-10;6.31718e-09;2.51894e-08;7.6517e-15;1.29177e-11;5.12556e-10;2.46528e-10;2.47253e-10;6.46647e-13;2.0353e-11
2.76758e-06;0.0188552;1.64728e-09;2.14673e-07;5.96002e-05;1.7118e-07;1.58923e-05;0.980741;5.66071e-07;1.31063e-07;3.28433e-05;4.40772e-08;1.3915e-06;0.000289664
4.13566e-06;0.00616184;0.849327;5.46129e-05;0.000992535;0.000197938;2.86179e-07;6.66027e-05;2.57565e-08;9.3633e-06;8.33863e-06;0.141566;0.00105865;0.000553212
5.92336e-07;0.024931;5.07825e-08;1.20624e-06;8.96483e-07;0.000480589;2.99095e-06;0.0113609;2.48639e-06;7.49166e-07;1.36263e-05;6.01544e-09;0.963202;2.76503e-06
3.25516e-11;8.99861e-10;1;1.25705e-10;1.81483e-11;9.05481e-12;2.13189e-10;1.97101e-12;1.97876e-12;4.31994e-11;1.19503e-11;1.33769e-09;4.0619e-13;4.26711e-11
9.01322e-07;0.00319321;0.000402155;2.79062e-05;6.33017e-07;3.24322e-06;1.70449e-07;5.99607e-06;3.94292e-05;1.89625e-07;0.000146062;0.996167;8.10641e-06;4.57361e-06
1.50947e-05;0.986144;3.2733e-07;6.87519e-06;2.58107e-07;1.32942e-05;5.41606e-06;4.22596e-06;1.12515e-06;2.54058e-06;0.00015705;2.11171e-06;0.0136427;4.50497e-06
1.61839e-06;0.000742958;0.00141712;1.11768e-06;0.00234776;3.9101e-07;1.01123e-09;7.0546e-05;5.87505e-09;1.63903e-07;1.68161e-08;0.00798118;5.42878e-07;0.987437
1.28978e-07;1.23149e-05;1.93557e-11;6.79189e-10;0.000254497;2.60275e-07;6.60667e-10;0.999715;3.9018e-07;1.29958e-09;2.46529e-09;2.10602e-10;1.7292e-05;1.62976e-09
2.98112e-08;3.82477e-07;0.999865;8.44671e-08;5.20515e-06;1.13284e-06;1.29756e-11;8.75206e-08;1.87922e-09;7.76127e-08;1.86587e-09;0.000127172;9.20676e-08;1.58757e-07
3.74274e-07;0.99953;7.16284e-08;5.16328e-08;5.20271e-08;3.44981e-08;2.44178e-08;0.000228727;2.02774e-06;1.63169e-09;9.90133e-07;1.09682e-06;0.000236136;3.48812e-08
