8.64134e-06;0.996604;4.4514e-08;6.0146e-07;7.64263e-07;1.00736e-07;1.19479e-06;0.000721762;4.76285e-06;2.12924e-07;6.92631e-06;1.74292e-05;0.00262913;4.27688e-06
8.94849e-06;0.992236;2.52132e-09;3.53711e-06;4.55266e-07;6.66342e-07;5.75061e-08;0.00272374;1.265e-05;7.44739e-07;7.51823e-06;0.00106702;0.00377638;0.000162037
8.96657e-07;0.00214518;3.88301e-07;7.89879e-08;7.9671e-07;2.4791e-07;8.92261e-05;9.60304e-08;2.62175e-08;0.00034428;5.91475e-08;2.85666e-06;2.87525e-07;0.997416
8.27829e-09;1.18837e-09;0.999999;9.20558e-09;2.36957e-07;1.86025e-07;4.36862e-08;7.73828e-11;1.78644e-09;3.40574e-09;2.11663e-09;8.09066e-07;8.32057e-08;9.15585e-09
6.18075e-07;0.997043;1.09042e-05;7.14542e-07;1.45646e-06;6.84375e-06;1.98964e-08;5.131e-05;7.85407e-06;8.23126e-09;4.91638e-06;0.000488036;0.00238232;2.23561e-06
4.43592e-10;0.999805;4.6066e-13;2.03141e-10;2.00803e-10;1.24783e-10;6.38196e-08;9.11121e-10;8.23976e-12;2.08148e-07;1.73549e-11;8.42611e-09;5.61615e-09;0.000194592
5.78467e-06;0.00799425;0.98129;2.29217e-06;1.09686e-05;0.000688113;3.73639e-05;0.00239725;2.01614e-06;3.6691e-06;1.22904e-05;0.000263712;0.00727813;1.44825e-05
5.89783e-10;1.28853e-07;1;5.58688e-10;8.0224e-10;5.33971e-10;8.36272e-09;2.43712e-10;3.15223e-10;2.32596e-11;1.06914e-09;7.44111e-08;8.72365e-08;5.34128e-12
8.20256e-09;1.30013e-05;0.996588;9.08751e-09;1.85868e-09;1.55455e-07;2.72716e-09;1.10031e-06;2.4253e-09;3.96248e-09;9.51556e-09;0.0033956;1.79717e-06;2.78136e-07
2.07533e-08;2.17271e-05;1.83307e-05;1.74276e-06;0.0015407;0.0615557;1.46199e-09;1.48057e-06;1.41641e-07;1.21568e-07;3.26042e-06;2.45377e-08;1.40054e-05;0.936843
1.09136e-05;0.0563534;0.0129215;2.95463e-05;0.000651093;0.00484982;2.39927e-08;0.00578651;7.03574e-07;6.40497e-07;5.14066e-06;0.905793;0.0106811;0.00291665
1.4821e-06;0.370481;2.51328e-06;1.24679e-05;3.07488e-05;0.00142496;2.31543e-06;0.0247843;2.73684e-05;1.80155e-07;0.000838688;3.07804e-06;0.602248;0.000142996
1.93318e-07;0.994867;2.94574e-08;1.02757e-07;2.06248e-06;7.1292e-06;4.46142e-07;0.000449772;7.16136e-09;1.26797e-05;2.45866e-08;6.34098e-08;0.00453859;0.000121564
9.50182e-13;5.56754e-12;1;8.074e-12;1.38016e-09;8.49277e-11;1.71505e-13;1.25397e-12;1.71748e-15;2.51506e-11;2.93664e-14;2.04222e-07;2.23985e-12;3.525e-11
5.61399e-06;0.00357825;2.91348e-06;1.90059e-05;0.000108689;2.71414e-05;1.80761e-06;0.82744;6.63839e-05;3.71544e-07;0.00305058;1.69205e-05;0.16565;3.2832e-05
2.50018e-08;0.999278;9.53309e-12;1.90247e-08;5.42996e-10;1.07708e-11;7.47946e-05;1.51226e-08;2.50974e-08;2.5128e-07;2.46692e-06;2.69699e-08;7.80355e-08;0.000644546
2.91712e-05;0.00185541;1.68881e-07;1.43578e-06;2.15212e-06;2.7538e-08;0.368945;0.0018498;0.0625894;3.44204e-07;0.562808;2.77558e-06;0.00191649;3.03152e-09
1.87662e-07;0.998897;1.1594e-09;4.9057e-08;2.77664e-08;6.95891e-08;0.000976642;1.01895e-05;3.48312e-07;7.40157e-05;3.54201e-09;5.6315e-11;2.8246e-05;1.28446e-05
2.49445e-11;4.86529e-12;0.999998;2.24046e-09;4.32033e-09;7.56287e-10;5.74427e-12;1.37803e-12;8.72378e-12;1.93529e-10;1.46581e-12;1.55071e-06;1.89487e-14;1.85042e-09
1.9286e-06;0.981172;1.47511e-09;7.27512e-07;1.62225e-06;3.31049e-06;7.90188e-07;0.00462814;2.15696e-05;1.9801e-08;3.26078e-07;1.98725e-06;0.0141667;8.10016e-07
2.14185e-05;0.990285;1.77661e-06;3.30074e-06;2.9084e-06;1.27182e-06;4.0305e-06;0.000886575;5.09716e-05;5.47633e-07;2.35804e-05;0.000706021;0.0079972;1.50489e-05
1.01278e-05;0.993361;1.6879e-08;6.51555e-07;1.48175e-05;1.37013e-06;0.00097791;0.000742715;0.000109276;1.05986e-05;5.9244e-07;2.30146e-06;9.90216e-06;0.00475878
1.39092e-12;2.5393e-13;1;2.7248e-11;6.97525e-09;2.7086e-12;6.72867e-13;1.79944e-11;1.33735e-12;7.40431e-13;7.14873e-13;2.98007e-09;1.46849e-14;3.15159e-10
1.20973e-06;0.985177;1.74089e-09;2.8858e-05;2.6095e-05;1.63721e-06;1.35635e-05;0.00841464;0.000262181;6.03859e-07;0.0051503;4.18826e-06;0.000680505;0.000238976
3.48206e-06;0.00554408;3.37108e-06;4.48626e-05;0.876938;0.000245272;4.3374e-06;0.11218;6.43047e-05;6.64237e-05;0.000187227;4.96529e-05;0.0044942;0.000174659
5.11625e-05;0.000386888;0.998048;0.00017904;0.00010392;0.000350615;1.38342e-07;1.2575e-05;3.35854e-06;7.56199e-06;0.000155708;0.000504512;0.000154159;4.18518e-05
0.000165362;0.963335;1.8621e-08;5.43381e-07;8.17733e-07;2.30153e-08;4.93649e-07;0.0363743;9.48713e-06;2.15556e-07;4.58383e-05;3.28814e-05;2.80757e-05;6.8027e-06
1.05625e-06;0.999681;9.27653e-10;1.04416e-07;7.33801e-06;2.25391e-08;0.000101188;9.18256e-06;5.53231e-06;4.07358e-06;2.00618e-07;2.20322e-08;1.80563e-07;0.000189624
5.56041e-12;1.37505e-12;1;3.95639e-10;2.55369e-10;2.05801e-11;1.09774e-10;1.03961e-12;4.21395e-11;1.73393e-11;1.51091e-10;4.80772e-09;3.56545e-14;3.49583e-11
7.1509e-07;0.989709;1.49963e-08;9.51646e-08;4.04055e-10;3.88227e-08;6.05258e-07;4.75447e-06;1.38933e-07;4.48175e-09;1.24675e-05;3.89707e-05;0.0102331;4.30067e-08
4.85948e-07;0.0076687;8.35202e-09;3.15462e-06;2.81536e-05;0.000105677;1.40352e-07;0.00127285;2.63618e-07;2.47525e-07;8.42025e-05;0.986235;0.00458382;1.69263e-05
1.01856e-05;0.654908;3.63015e-06;8.52586e-06;0.00210691;0.00030363;3.59061e-06;0.0195263;6.75943e-06;3.37047e-06;0.000103827;0.00976753;0.312792;0.000456444
3.69417e-06;0.0695255;9.64352e-06;9.65284e-05;1.14739e-05;8.03182e-05;8.98897e-06;0.00109845;0.000179861;5.15334e-06;0.00115292;0.0999814;0.827841;5.19975e-06
4.00908e-06;0.986099;1.78009e-06;1.56969e-05;7.36489e-06;4.86284e-05;1.71326e-06;0.000639498;9.66518e-06;3.32302e-06;7.27364e-05;9.46094e-05;0.0129923;9.09766e-06
0.000255451;0.842376;2.19118e-07;1.69755e-05;5.02076e-06;1.14671e-05;5.68496e-06;0.0933563;3.70899e-05;4.92578e-05;0.000356485;0.0288327;0.0345136;0.00018395
2.10758e-05;0.30605;1.2738e-06;6.18581e-07;2.06491e-07;2.26924e-06;0.0508936;8.37055e-08;8.92948e-07;0.0127948;1.65773e-05;2.68707e-06;2.99904e-05;0.630186
4.54173e-08;1.49027e-08;0.999979;1.36419e-07;1.89708e-07;5.82764e-07;7.89084e-06;8.81989e-12;6.16943e-07;2.10712e-07;3.44245e-07;1.09665e-05;7.49415e-10;4.10134e-08
1.60584e-05;0.977202;3.43909e-07;2.41485e-07;2.36681e-08;2.77961e-06;0.000102421;6.25304e-07;3.04941e-05;1.46715e-07;1.49439e-05;3.0554e-05;0.0225994;4.57367e-08
5.27631e-05;0.682634;1.49732e-05;1.59149e-06;0.000293674;3.07521e-05;4.83955e-06;0.0868125;1.25739e-06;1.01384e-05;6.24896e-07;0.213621;0.00289606;0.0136254
3.13058e-07;0.983766;2.24251e-07;3.83908e-07;2.89731e-06;1.37693e-06;2.39297e-07;0.000100739;4.25726e-07;1.744e-07;1.35043e-07;0.000512984;0.000126743;0.0154873
9.91899e-05;0.124697;9.46163e-08;2.5343e-05;0.0011179;1.29237e-05;1.3982e-05;0.195523;0.000489161;9.2171e-06;5.30501e-05;0.551057;0.111972;0.0149308
5.21952e-06;0.989897;8.64301e-07;4.34304e-07;7.86138e-07;4.91791e-06;7.30955e-05;0.0013527;9.69237e-07;1.54762e-05;1.94984e-08;2.15092e-07;0.00860812;4.01616e-05
8.39375e-13;2.03069e-11;1;3.06775e-10;4.84775e-10;3.53613e-10;2.67201e-13;6.20309e-13;2.62284e-13;2.40554e-12;5.08232e-14;2.15294e-08;1.24317e-13;1.5393e-09
3.33178e-06;0.958806;2.3035e-06;3.80997e-05;0.000221905;2.92626e-05;4.9506e-07;0.0326827;4.71027e-06;2.48872e-08;1.01279e-05;0.00590304;0.00223299;6.53195e-05
1.5224e-07;0.991979;1.31832e-05;1.46974e-06;3.46491e-07;2.44766e-07;0.000177381;2.49568e-07;4.59755e-10;0.000107288;2.06933e-08;1.28877e-05;8.06666e-07;0.00770655
2.16375e-11;1.17978e-10;1;1.35911e-10;3.78511e-09;8.22499e-10;5.12185e-10;4.388e-12;8.20447e-12;3.36496e-11;7.7689e-11;7.08888e-08;4.2249e-12;2.42906e-08
9.4148e-08;0.999218;1.04319e-08;1.10737e-07;1.27189e-08;3.58049e-07;6.34674e-05;1.10954e-05;8.67451e-06;1.69376e-07;3.4991e-05;1.46449e-05;0.000644524;3.92351e-06
7.88144e-10;8.17909e-06;0.000293643;9.53767e-08;7.42186e-08;6.33922e-06;1.67964e-11;3.88505e-09;5.38472e-11;7.98247e-10;7.28426e-09;0.999408;0.000281742;1.90799e-06
2.8491e-05;0.158567;9.15482e-07;9.30479e-06;0.00010695;0.000193008;2.17942e-05;0.741667;0.00284107;5.62376e-07;0.000854944;0.000532531;0.0940429;0.00113361
1.12259e-05;0.000579992;2.1226e-08;2.20938e-09;2.08453e-07;1.51951e-08;3.85931e-08;0.999081;7.11271e-07;9.87507e-09;6.97561e-08;1.56366e-06;0.000325264;1.71297e-07
8.99087e-08;1.0217e-05;1.37494e-07;4.48763e-06;0.991771;7.46273e-06;2.15918e-09;0.00777983;1.60248e-06;1.76848e-07;8.98417e-08;0.000187278;5.09411e-06;0.000232687
4.11135e-06;0.000195571;0.997928;0.000307963;0.000401442;3.87959e-05;5.11463e-08;5.81763e-07;6.01736e-07;3.66565e-07;1.80098e-05;0.00048805;0.000422799;0.00019344
1.05706e-05;0.917735;6.35641e-07;4.42996e-06;7.76485e-05;1.94876e-06;3.44744e-07;0.0117187;1.61519e-05;4.29495e-08;0.000235698;0.00278394;0.0654814;0.00193315
1.72787e-07;0.0288687;2.68755e-10;4.43004e-07;0.0303617;5.22649e-07;3.13541e-09;0.938758;2.39073e-08;5.26901e-08;1.87242e-06;0.00136616;1.9024e-05;0.00062376
8.76682e-09;3.18694e-07;0.998369;8.49904e-08;2.01794e-06;8.49179e-08;5.92113e-10;2.30194e-07;5.82285e-11;2.22951e-08;1.27453e-08;0.00162816;2.28644e-08;9.90632e-08
1.37394e-05;0.00238151;3.37421e-07;2.71172e-06;1.28506e-07;3.0571e-07;0.00391831;0.00084624;0.0248628;5.43611e-08;0.940655;1.13987e-09;0.027319;4.38095e-09
6.20905e-05;0.0179593;1.04286e-08;3.67346e-07;1.35312e-05;1.45003e-06;9.75182e-08;0.928865;3.83526e-06;2.3163e-07;2.01323e-05;9.57924e-06;0.0528668;0.000197298
3.15535e-08;0.00254409;5.62889e-09;4.81506e-09;8.55768e-07;1.66847e-08;1.41042e-06;9.20977e-10;1.43543e-10;2.07095e-05;1.64439e-09;8.07637e-08;3.86169e-10;0.997433
8.34515e-09;4.22929e-09;0.999934;1.90032e-07;1.64453e-07;3.67792e-08;6.1304e-05;5.55354e-11;1.08497e-06;2.48154e-07;5.73431e-07;1.8732e-06;7.43268e-12;3.58667e-09
2.27541e-05;0.0111314;4.23915e-08;2.18033e-06;3.51165e-07;1.2448e-06;7.27835e-05;9.99318e-06;0.000422661;1.17594e-07;9.56384e-05;6.36718e-07;0.988238;1.65118e-06
6.5528e-06;0.0100544;0.000466652;3.34482e-06;1.42422e-05;7.83688e-08;1.96615e-07;0.000197723;1.1792e-05;2.58607e-07;2.13219e-06;0.985388;0.000322865;0.00353139
1.0873e-06;0.201914;2.60985e-08;5.94146e-05;0.015586;0.000621643;5.09086e-08;0.672548;1.51904e-06;6.46245e-06;1.98155e-07;2.1535e-05;0.00659065;0.10265
2.0819e-08;2.01904e-06;3.50757e-10;1.27611e-08;9.2227e-11;8.03283e-06;8.34377e-10;3.27753e-10;4.41545e-09;2.26747e-09;7.99852e-09;9.14342e-08;0.99999;2.33261e-10
8.89727e-09;6.52333e-07;0.999999;1.71346e-08;2.5952e-10;1.12815e-08;2.78679e-10;1.44962e-08;5.23673e-10;2.93124e-09;6.57119e-10;2.07109e-07;9.50415e-09;4.29952e-10
2.44097e-07;0.998547;1.1428e-06;1.31981e-06;6.51892e-07;3.84174e-06;3.06837e-07;0.00113835;4.02958e-06;6.29092e-08;6.38446e-06;3.12865e-06;0.000288994;4.04026e-06
