2.22107e-08;0.999999;3.52402e-08;6.19743e-08;1.96801e-08;3.87498e-09;5.67278e-10;1.93832e-07;2.06312e-09;1.54812e-09;1.55753e-09;9.66024e-07;1.31887e-07;1.61964e-07
1.1835e-05;0.966916;1.29562e-09;6.3515e-07;3.15219e-08;1.05788e-06;7.75033e-07;4.21541e-06;5.30572e-07;4.30448e-08;7.47377e-06;0.00010738;0.0329468;2.86509e-06
0.000570361;0.0454758;9.99044e-06;0.00128734;0.0181825;0.00322916;1.91002e-05;0.00132488;0.00129364;0.000280839;0.00303421;0.173779;7.3476e-05;0.751439
3.50819e-05;0.0517367;8.15858e-09;8.52207e-06;0.00355469;1.99339e-06;3.62575e-06;0.944565;5.19773e-06;3.64358e-06;1.38141e-05;1.08102e-06;5.42432e-05;1.61675e-05
9.80475e-05;0.104781;0.676799;0.000452497;1.53268e-05;2.72415e-05;1.7084e-06;5.65097e-07;1.54613e-06;2.03746e-05;6.35495e-05;0.213667;0.00407002;2.29891e-06
0.0030555;0.762251;2.8147e-07;3.11517e-05;0.000189577;5.14169e-05;7.39158e-06;0.185465;0.00442572;7.09177e-06;0.0132457;0.0209105;0.00575116;0.00460841
6.72206e-07;2.48234e-05;3.1784e-10;1.82513e-07;6.14031e-05;4.99918e-07;9.62439e-09;0.00468449;7.21526e-07;4.14741e-09;1.00104e-05;3.73407e-06;0.995213;1.96651e-07
1.78617e-05;0.000211745;8.62217e-08;1.03129e-06;3.78953e-06;1.39419e-08;3.99223e-08;2.10188e-05;0.000115947;5.27462e-08;2.45403e-05;0.999259;0.000332789;1.23074e-05
6.71681e-07;6.56099e-06;7.7808e-11;2.4263e-10;2.08303e-08;1.186e-10;1.19935e-10;0.999986;1.55342e-07;1.50527e-10;2.95963e-09;1.12528e-08;6.90293e-06;2.33027e-10
1.71118e-07;1.72887e-05;1.15255e-06;8.12457e-05;0.00166389;0.000662792;2.90583e-09;4.44543e-06;1.35612e-05;1.99858e-07;5.48978e-07;0.00709463;9.2658e-07;0.990459
7.61686e-06;0.999563;1.79101e-12;2.76124e-08;3.37557e-10;1.68853e-11;5.71368e-05;0.000303121;7.07612e-06;5.45272e-08;4.15217e-06;1.40659e-12;5.77232e-05;1.63554e-08
6.66202e-06;0.253665;0.00098983;0.000359475;4.17717e-05;1.58705e-05;2.73137e-08;3.31002e-07;2.66817e-08;4.25996e-06;6.08655e-08;0.744577;0.000213817;0.000126019
0.000686593;0.35804;3.05644e-09;0.000430209;4.10486e-05;1.43286e-05;0.000360362;0.0171453;0.00445208;4.55039e-06;0.00221313;0.448629;0.167784;0.000199522
0.000467632;0.760529;0.0234679;0.0202664;0.000256909;5.05339e-05;4.25621e-05;1.99166e-06;1.27937e-05;2.99938e-05;9.45358e-05;0.00643603;0.184997;0.00334671
0.00181886;0.95039;0.000960261;1.56055e-06;0.000118704;1.6865e-08;1.38156e-06;0.044011;8.68655e-06;2.97406e-07;1.03752e-06;0.000442049;0.0010567;0.00118926
2.94394e-06;0.0705187;2.00889e-08;3.76904e-07;0.11896;5.5329e-06;2.51364e-08;0.809642;1.15172e-07;3.94249e-07;2.74672e-08;2.77401e-05;0.000741373;0.000100424
1.80545e-08;1.4149e-06;0.999918;5.50947e-07;1.12821e-05;3.44646e-06;3.4981e-09;9.2389e-09;3.30311e-09;5.87915e-07;1.6746e-08;5.92334e-05;1.24512e-07;5.25846e-06
0.000124047;0.671135;6.69536e-06;0.000417878;0.000217291;0.00101212;0.00109676;0.113421;0.0963696;8.43664e-06;0.0923777;0.000146732;0.0167465;0.00692052
