2.93939e-07;0.999989;4.57502e-06;8.60569e-07;1.42506e-07;7.75114e-09;4.81644e-09;1.43531e-06;1.4075e-08;1.18627e-08;6.70679e-09;3.14466e-06;1.42042e-07;8.40881e-07
8.00104e-06;1.19537e-05;1.81179e-12;8.4145e-10;8.7298e-07;3.99089e-09;1.50501e-09;0.999978;5.29713e-08;4.83754e-10;2.09795e-09;4.82384e-08;6.02134e-07;7.20886e-07
4.6096e-06;0.00148624;2.1934e-05;2.53268e-05;0.693879;3.28973e-05;9.53687e-08;0.145112;8.16477e-07;1.12923e-06;1.79906e-07;0.113165;1.57912e-06;0.0462682
0.000126586;0.171623;0.36656;0.00159169;0.000894129;0.00209827;1.27304e-05;4.64006e-05;7.04528e-06;8.13211e-06;0.000163613;0.0279013;0.42814;0.000827882
2.60839e-05;0.197001;6.627e-07;5.56983e-05;1.69633e-05;3.5217e-06;0.000397301;0.000231433;1.04998e-05;1.43174e-06;0.000709096;0.00124479;0.800158;0.000143746
0.000183116;0.182514;2.17717e-08;0.00408236;0.0157326;0.0299147;1.28945e-05;0.0436957;6.43421e-06;7.69003e-05;0.00197082;0.0003714;0.582571;0.138869
6.83437e-05;0.993448;0.000790568;2.72403e-07;3.13919e-09;3.93548e-08;0.000815149;2.78914e-06;2.28291e-09;0.000162604;4.40788e-07;1.30986e-05;0.00462842;7.04143e-05
8.32495e-13;3.04328e-12;1;6.30309e-12;1.89935e-10;4.63715e-11;2.68403e-11;1.88981e-14;4.1913e-13;2.19855e-12;8.06695e-12;5.84138e-09;2.16466e-13;3.16178e-12
1.24653e-05;0.525104;9.24153e-06;6.99651e-06;2.03894e-05;8.5352e-05;4.58972e-06;0.0286803;0.000758426;4.60002e-06;0.00335421;0.0126548;0.429267;3.71284e-05
1.55324e-06;0.205649;1.11476e-09;9.52709e-06;2.5425e-07;1.90176e-06;3.714e-06;0.0024555;0.000128621;1.78457e-06;0.00278067;0.048697;0.740266;4.29446e-06
1.65058e-07;0.011573;0.0195051;5.33363e-05;1.57023e-05;6.52943e-08;1.18739e-07;2.17626e-07;1.76235e-08;1.02113e-06;5.35219e-08;0.967203;0.00013557;0.00151242
4.14076e-05;0.88039;4.01288e-09;1.7983e-06;5.55501e-06;2.05828e-05;3.70443e-06;0.0856308;1.80539e-05;3.46555e-07;3.56255e-05;0.000293013;0.033553;6.02482e-06
6.67457e-08;0.00133397;1.60587e-09;1.53571e-08;1.70639e-06;8.88951e-07;1.69251e-10;0.000891469;9.01901e-10;1.39185e-09;1.50335e-08;0.000132975;0.997633;5.56737e-06
2.0219e-06;0.00278666;4.69974e-06;2.00809e-06;1.71284e-06;6.30109e-07;4.50792e-08;4.4973e-05;1.04265e-06;1.57366e-07;2.19582e-06;0.995973;0.00107816;0.000102432
4.54075e-07;0.0192657;2.3481e-07;5.6444e-06;6.44859e-06;5.60898e-05;1.09049e-08;0.976921;4.379e-06;1.17221e-07;2.16264e-05;0.00225344;0.00141648;4.86099e-05
4.91965e-05;0.870175;2.0967e-07;2.41365e-05;5.49653e-06;3.73171e-05;5.0346e-05;0.00123476;1.27827e-05;3.22849e-05;0.000361;0.0291911;0.0928701;0.00595605
3.00339e-05;0.411489;6.4413e-06;6.10762e-06;9.4423e-06;3.62936e-06;3.10302e-05;0.0012931;1.24642e-05;4.75756e-07;0.000475077;0.58018;0.00644234;2.08933e-05
1.31009e-05;0.0621102;1.13192e-06;2.89948e-05;0.0153602;0.00027087;6.64657e-07;0.906418;2.86986e-06;2.08171e-06;2.1721e-05;0.000289039;0.00379176;0.0116896
0.000141351;0.177454;0.000134325;0.00551145;0.0014363;0.000592464;5.21523e-06;0.0211211;0.000655581;9.69244e-06;0.00820541;0.734886;0.0241036;0.0257436
2.51999e-06;0.981731;3.20106e-08;9.68454e-07;5.93492e-07;6.25561e-05;1.34855e-09;0.0144518;9.46449e-09;7.00913e-08;2.46453e-08;1.62997e-05;0.00285811;0.000876441
1.50346e-07;0.000246621;1.36923e-11;1.57005e-07;2.81528e-07;2.00305e-07;7.54241e-09;0.0016546;1.89716e-06;4.44458e-09;7.49181e-05;1.36677e-06;0.998019;6.64056e-07
0.000155869;0.00900175;2.72046e-06;1.87766e-06;5.07379e-07;3.56754e-06;8.96065e-08;0.000390999;8.00299e-06;3.40775e-07;1.03089e-05;0.922132;0.0682053;8.71082e-05
4.20352e-05;0.38924;1.20098e-05;1.8149e-05;0.000153286;1.38051e-05;1.99336e-06;0.00162974;1.32396e-05;1.67415e-06;2.02319e-05;0.504026;0.104711;0.000117323
6.19509e-06;0.918538;4.4186e-07;6.96936e-06;0.000114441;3.35667e-07;2.4799e-07;0.0197452;9.44602e-07;2.54431e-06;3.99953e-06;0.0207529;0.0408212;6.45665e-06
8.52716e-07;0.00200824;3.78716e-11;7.23808e-06;6.27445e-08;3.87404e-05;5.88827e-06;3.80486e-05;1.04518e-05;6.05796e-06;0.00011654;1.39403e-05;0.997747;7.2963e-06
2.9904e-05;0.000697572;0.978902;4.95931e-05;1.12842e-06;2.62239e-06;0.00136136;3.37269e-08;4.5455e-07;0.0129885;4.97981e-06;0.00591219;9.82895e-07;4.88448e-05
1.42087e-08;7.26222e-10;0.999998;9.72545e-09;1.98314e-09;1.43902e-09;2.09045e-07;6.20827e-12;4.0927e-08;4.80794e-09;7.93932e-08;1.52391e-06;8.84669e-11;6.96225e-13
2.44063e-05;0.993814;6.04186e-07;1.7122e-07;3.66652e-09;7.25882e-08;4.29994e-06;3.05002e-06;1.49904e-06;1.67661e-07;1.55032e-05;5.05997e-05;0.006086;2.09447e-08
3.66144e-07;0.894469;9.04205e-09;9.39033e-08;3.72136e-07;7.11508e-07;6.66293e-05;1.92731e-06;1.1075e-08;0.000246549;2.20288e-08;5.49217e-08;5.21093e-07;0.105214
1.92686e-11;2.2548e-11;0.999999;1.84055e-08;1.14352e-07;1.12589e-07;5.49631e-10;1.45009e-12;3.30423e-11;6.79647e-10;1.1936e-09;1.19811e-06;3.24283e-12;9.08054e-08
2.33535e-06;0.993782;2.68878e-09;1.03052e-05;8.73751e-06;3.2362e-06;1.72762e-05;0.00472551;1.48776e-05;3.25843e-07;0.000235053;2.92629e-07;0.00119954;8.57202e-07
9.59145e-05;0.358881;6.55991e-07;9.10243e-07;9.82009e-07;3.15397e-06;2.84444e-05;0.0270888;7.3985e-06;1.33121e-06;4.67974e-05;0.0106549;0.603189;5.09806e-08
8.05057e-08;2.3674e-05;2.6157e-09;1.0011e-06;7.24755e-05;2.94593e-06;1.79203e-08;0.00103975;5.63307e-07;1.00631e-07;4.8959e-06;0.00116874;0.997669;1.63504e-05
0.000261088;0.011653;6.04922e-06;4.7072e-05;1.57055e-05;1.98787e-07;0.000108143;0.0143058;0.00285333;2.48948e-05;0.00141264;0.968518;0.000746903;4.69247e-05
1.60149e-05;0.229528;8.03345e-07;1.32379e-05;0.00183498;8.59859e-06;1.52783e-05;0.767896;1.83301e-05;1.16491e-05;6.57069e-06;2.13767e-06;0.000310854;0.000337334
1.29846e-07;0.000130763;0.999824;1.1228e-05;2.92034e-06;1.18657e-05;2.97524e-07;4.74285e-08;1.2992e-08;3.18543e-06;2.11291e-07;4.38968e-07;8.96066e-06;5.37615e-06
7.70049e-07;7.67541e-06;0.99998;7.737e-09;9.79076e-09;3.83658e-10;1.17555e-06;3.21639e-07;1.62042e-07;9.36102e-09;1.01057e-06;8.78388e-06;3.45097e-09;3.0296e-08
2.50717e-08;0.999979;3.40633e-14;1.5282e-11;2.3043e-08;1.05742e-09;1.19984e-06;2.18061e-08;4.95746e-09;1.0991e-09;6.45142e-11;8.71642e-12;4.11986e-07;1.98651e-05
9.65402e-11;4.84659e-13;0.999999;2.27608e-13;1.08266e-10;6.61723e-12;8.3114e-12;5.50814e-12;2.46166e-11;4.13608e-13;6.69603e-14;1.04466e-06;1.60613e-12;2.78526e-12
6.04427e-05;0.0549081;7.19651e-07;5.04619e-06;0.000448901;0.000797709;2.54984e-06;0.692427;0.00418169;5.70484e-07;0.000159011;0.00389715;0.242027;0.00108416
5.3417e-08;9.17352e-06;1.44258e-11;1.20303e-09;3.33353e-07;9.98191e-09;8.00399e-11;0.894692;3.91298e-07;1.36555e-10;1.32847e-07;4.481e-08;0.105298;1.157e-07
5.61699e-07;0.00178429;2.84393e-06;7.60779e-07;8.88808e-06;4.10157e-07;4.56769e-08;0.000321642;5.2905e-06;5.15195e-07;1.9419e-06;0.994445;0.000596574;0.00283147
4.6527e-07;0.941025;9.05776e-06;6.73955e-07;1.93211e-06;3.62274e-08;7.81604e-09;0.0565964;5.52282e-08;1.04251e-07;1.82844e-07;2.4472e-06;0.00236402;4.89912e-08
1.73796e-10;8.11088e-09;1;8.51528e-11;3.45288e-11;2.35562e-11;1.06938e-08;1.24009e-11;1.6854e-12;4.93929e-10;3.36692e-12;2.22784e-09;8.45035e-12;1.90453e-10
6.08221e-07;2.52357e-06;9.01233e-08;1.11238e-06;9.3257e-06;2.7799e-06;3.13704e-07;8.76206e-05;0.000267479;1.7284e-08;0.000751885;0.998761;5.58357e-05;5.96849e-05
2.59461e-06;0.986607;4.45698e-11;7.2423e-08;4.71975e-07;1.32918e-07;3.51549e-06;6.65954e-05;4.66495e-07;3.68488e-08;4.27237e-06;8.06996e-06;0.0132146;9.24717e-05
3.16494e-07;0.0179988;1.70649e-05;5.64113e-08;3.79375e-06;1.76692e-08;1.52625e-08;0.00894043;1.7533e-09;2.94269e-08;9.82752e-09;0.971888;0.00115149;2.69365e-07
1.48422e-05;0.595019;2.74309e-06;0.000413013;0.00110128;0.133936;1.38657e-06;0.00905219;1.59374e-05;1.73394e-05;1.3075e-05;0.000138436;0.20403;0.0562456
7.09392e-05;0.00142932;0.27763;0.000242728;4.8195e-06;3.15589e-05;0.0039691;4.39216e-06;1.03431e-06;0.00286977;4.37292e-06;0.713335;0.000255394;0.000151602
3.27181e-09;1.74123e-09;0.999998;1.54104e-09;2.1903e-10;1.58721e-09;8.85286e-09;2.15933e-11;2.13595e-09;7.99339e-11;7.59109e-10;1.9816e-06;6.45854e-10;2.97442e-11
7.92976e-06;0.00544511;2.09766e-07;1.51499e-06;1.32165e-05;4.21304e-07;6.93422e-07;0.905628;0.000285442;5.76632e-08;0.000217305;0.00253679;0.0858628;8.07839e-08
2.51791e-07;0.941659;0.000318547;2.24426e-05;3.39791e-06;4.8285e-06;0.000370047;7.12172e-08;1.46789e-08;0.0059688;6.68483e-08;4.62206e-09;4.22031e-06;0.0516481
9.55208e-10;4.38561e-11;1;3.03972e-09;3.53731e-10;7.70873e-10;2.04884e-07;4.07871e-11;3.9046e-09;3.03188e-09;6.40395e-09;2.67927e-08;1.21547e-11;1.634e-10
7.44333e-05;0.688225;2.08644e-07;1.27117e-05;0.000617361;0.000372879;0.00178445;0.110575;0.00809035;4.32112e-06;0.0040412;0.00226439;0.182168;0.00177012
2.86842e-07;0.000162774;2.36211e-11;2.35918e-08;1.43534e-06;4.79968e-08;2.17168e-08;0.00166426;1.22757e-07;4.77614e-09;2.67507e-07;3.5302e-05;0.998133;2.31326e-06
7.45898e-05;0.0311105;1.97828e-06;1.92248e-06;4.38155e-06;8.333e-08;5.04277e-06;0.000125553;0.000363126;1.11949e-06;1.41555e-05;0.964943;0.000181485;0.00317298
1.54301e-07;0.999685;3.78151e-08;9.96055e-08;1.19002e-10;3.06098e-10;2.54181e-08;1.15503e-06;5.2806e-09;2.39158e-09;6.3093e-08;0.000297617;1.54423e-05;6.36942e-10
1.4491e-06;0.999673;7.88761e-08;1.00583e-07;2.91774e-08;1.19266e-07;2.03037e-07;8.93195e-08;3.03146e-09;1.10969e-07;1.89292e-08;0.00011123;0.000200334;1.28006e-05
7.44389e-05;0.259355;0.000229179;1.88409e-05;0.00893016;0.00203456;1.78031e-06;0.0695991;6.00494e-07;4.90595e-05;4.54244e-06;0.00875382;0.106054;0.544895
1.47216e-06;0.0878365;1.0216e-07;3.42896e-05;2.00346e-05;0.0821343;1.23533e-05;0.000289465;2.15467e-05;4.35959e-05;0.000114679;1.20658e-05;0.828457;0.00102262
2.95374e-07;6.36465e-06;0.998899;3.78438e-07;2.0001e-08;4.88445e-08;0.000271378;5.06219e-10;4.74977e-09;0.000238138;1.32367e-07;0.000580322;2.19879e-06;1.69839e-06
2.23825e-09;4.09137e-10;1;1.34032e-09;1.32916e-09;7.82034e-10;1.06164e-07;5.37435e-11;1.3664e-08;7.69508e-10;3.13158e-08;4.19061e-09;2.81154e-10;2.45982e-12
1.75055e-07;0.997929;5.84613e-07;4.52351e-08;8.76648e-08;1.90374e-08;4.90521e-09;0.000805584;1.96432e-08;1.68223e-08;3.89039e-08;4.37639e-09;0.00126401;1.30103e-07
1.17567e-11;2.38142e-09;1;5.54065e-12;6.1898e-12;6.10711e-13;3.88347e-10;4.36898e-14;9.93029e-14;4.59801e-11;8.46164e-14;1.77827e-09;4.79396e-13;1.30624e-11
3.79476e-07;1.49497e-05;2.13385e-06;8.61599e-07;3.73999e-05;1.14875e-06;2.87854e-07;0.00849497;2.14493e-05;6.67379e-08;7.54932e-05;0.990764;0.00038351;0.000202806
5.55003e-07;0.985794;1.80048e-08;2.17954e-06;7.71415e-07;7.22168e-06;8.89951e-06;6.77641e-05;8.33178e-07;1.2009e-07;1.15548e-05;1.04467e-05;0.0140364;5.92574e-05
2.23977e-07;0.00940709;2.04109e-09;5.91712e-06;2.15849e-05;5.62221e-06;1.37332e-08;0.00088869;1.9791e-09;2.60684e-07;2.16733e-07;0.98767;0.000563707;0.00143666
5.8965e-06;0.701855;1.39313e-06;2.76072e-06;0.00109182;2.23632e-05;1.25621e-06;0.00735038;2.0439e-08;1.1534e-06;8.84532e-08;0.00145121;0.285997;0.00222036
3.87306e-06;0.00351534;4.76158e-07;5.07802e-06;4.15992e-06;0.000413074;8.45315e-06;7.67381e-05;1.46099e-05;4.98282e-06;7.44534e-06;6.25516e-05;0.995749;0.000134038
8.90989e-07;0.00161964;0.998227;2.53378e-06;4.37597e-07;1.06858e-06;5.84055e-07;3.85889e-08;2.92613e-09;3.18189e-05;2.31546e-09;1.19635e-05;4.43695e-06;9.9641e-05
4.55612e-05;0.00058033;0.985281;2.72516e-06;8.99289e-07;1.44634e-06;0.0139508;3.0744e-06;3.82508e-05;9.14461e-05;2.04632e-06;1.67738e-08;1.52762e-06;4.90991e-07
9.76227e-11;3.37751e-11;1;6.21001e-12;2.92617e-11;1.9708e-12;2.68105e-09;1.26083e-13;1.45936e-11;7.75739e-12;2.53489e-12;6.92253e-08;1.51697e-13;1.23259e-10
2.20466e-06;0.00122306;4.82242e-05;2.25411e-06;4.21323e-05;1.11662e-06;3.43251e-07;0.00017505;8.44589e-07;3.72653e-08;9.36997e-07;0.990523;0.00135778;0.00662343
9.2216e-06;0.977049;1.768e-08;8.03167e-05;1.96033e-05;2.59499e-05;2.95521e-05;0.0208432;4.84415e-05;3.19374e-06;1.86657e-05;0.00103152;0.000642577;0.000199162
9.34728e-06;0.00596922;1.66862e-08;4.4605e-05;6.69614e-05;6.96215e-06;1.6871e-07;0.0392781;4.38714e-08;9.19488e-07;7.26283e-07;0.952923;0.00159139;0.00010853
1.16673e-06;0.976043;7.73084e-09;1.88501e-07;8.38409e-07;7.12521e-07;0.000100829;5.72853e-06;3.0738e-10;1.16541e-05;4.20021e-10;7.7421e-08;6.62884e-05;0.0237692
1.2789e-12;4.78426e-14;1;1.8666e-13;1.14462e-12;1.08186e-13;4.7958e-13;8.29447e-13;5.43188e-14;6.66176e-13;3.49752e-14;3.13251e-08;3.64387e-15;9.71952e-14
3.12293e-09;0.000145044;1.56618e-08;5.03735e-09;2.2375e-12;7.51094e-10;0.999475;8.45308e-11;2.87476e-07;0.000379033;5.65084e-07;5.50607e-13;4.30304e-08;5.76562e-08
1.14663e-14;1.09634e-15;1;3.72979e-13;4.31891e-13;3.33425e-13;9.26661e-12;9.87451e-19;2.86252e-13;1.17557e-12;5.22008e-14;3.64417e-12;1.66834e-18;6.44163e-14
