9.40523e-05;0.991739;9.07889e-08;3.39248e-06;2.83985e-06;3.076e-06;1.31032e-07;0.00330321;1.59549e-05;1.80007e-07;5.85781e-06;0.000132957;0.0042665;0.00043262
2.56525e-07;0.999763;1.14519e-09;4.124e-08;2.2727e-08;2.36823e-08;1.68297e-06;7.94389e-06;1.4979e-08;1.04185e-07;1.77077e-08;1.36375e-07;0.000224286;2.46581e-06
1.51802e-10;2.06677e-10;0.999998;2.70912e-11;2.00892e-09;2.52109e-11;1.65691e-11;1.54232e-11;9.18772e-13;3.76903e-11;5.43516e-13;1.99468e-06;9.80254e-13;1.02016e-09
4.94829e-10;0.999942;1.29985e-13;1.8032e-11;3.78668e-11;1.09833e-10;5.24536e-05;2.19329e-10;1.93138e-11;1.14878e-07;4.32924e-11;9.59789e-13;2.32264e-08;5.51563e-06
1.42609e-12;2.14615e-12;1;3.51735e-12;2.96239e-11;2.40295e-10;3.932e-11;1.38693e-13;8.91022e-13;1.04857e-11;1.13364e-13;1.47242e-07;6.08088e-13;3.23422e-10
7.37546e-07;0.997482;1.89172e-07;2.62758e-07;7.46126e-08;5.60246e-08;0.00104625;8.189e-07;7.16212e-07;8.58984e-06;2.18988e-06;1.64892e-05;0.000982604;0.000458799
1.06469e-10;1.11441e-09;1;4.06664e-09;7.92891e-10;7.65196e-09;1.93739e-07;1.86611e-11;9.59344e-09;1.11507e-09;2.39241e-09;5.92407e-09;1.24993e-11;5.27298e-09
5.31661e-07;0.0625345;7.13798e-07;8.01302e-09;4.06376e-08;8.6597e-09;2.11646e-07;0.934682;4.25308e-08;6.54711e-09;2.42683e-08;1.43445e-06;0.00277825;1.74282e-06
1.18975e-11;3.27693e-06;9.92689e-09;2.01683e-10;3.28948e-08;1.0206e-09;8.56671e-13;4.96953e-08;7.84992e-10;4.56699e-13;1.07316e-09;0.999996;1.15569e-07;1.78767e-07
6.70082e-06;0.765855;1.41588e-10;2.21624e-07;0.000698838;7.35067e-06;3.83302e-07;0.0315951;2.53875e-07;1.07511e-07;5.10396e-07;3.61145e-07;0.201642;0.000193531
1.61958e-06;0.00699298;4.85805e-06;2.66363e-08;3.63099e-06;3.6591e-08;1.239e-07;7.20478e-05;3.99653e-07;1.62341e-08;7.63139e-08;0.992711;0.000211893;9.48342e-07
0.000122048;0.0417491;2.15053e-09;1.33252e-07;5.92958e-05;3.21345e-05;6.39771e-08;0.953425;1.56898e-05;8.82957e-08;3.15751e-07;0.000108871;0.00439461;9.28355e-05
0.000114458;0.895288;1.47086e-07;3.26426e-07;1.08159e-06;2.5343e-07;0.00276158;6.17958e-06;2.42261e-06;0.000273049;1.07913e-07;7.17786e-08;1.04843e-06;0.101551
2.74872e-09;1.02361e-10;1;2.32544e-09;4.32428e-09;2.32905e-09;2.16693e-08;1.4407e-11;1.51223e-07;1.37943e-10;3.05076e-09;9.00699e-08;5.18162e-11;4.07413e-11
1.72463e-06;0.994014;7.25658e-09;9.67478e-09;1.56004e-10;5.88944e-10;2.3289e-06;4.03549e-06;8.61329e-07;9.98792e-09;2.27216e-06;5.64187e-07;0.00597448;4.84987e-09
4.37203e-07;0.977447;8.45439e-10;9.14062e-07;5.6938e-07;7.96329e-06;1.56375e-05;0.000753863;9.8533e-07;4.86335e-05;6.24502e-07;2.29221e-07;0.000592949;0.0211298
1.83568e-11;4.24431e-10;1;4.08287e-10;1.89347e-11;6.32618e-11;2.96498e-09;3.69192e-13;8.84913e-11;1.16952e-10;4.73479e-10;9.82852e-08;4.62571e-14;3.77131e-10
3.82063e-05;0.608803;8.69477e-09;1.27715e-05;9.11271e-06;2.17048e-05;0.000157637;0.000418637;0.000421205;3.89131e-07;0.0048394;0.000107309;0.382863;0.00230765
1.27926e-05;0.00877821;0.000279647;2.98261e-06;1.95453e-06;1.79603e-06;1.78683e-05;0.735024;0.00027702;5.48828e-07;0.000243345;0.251606;0.00375018;3.70701e-06
4.76712e-05;0.132905;0.00103879;0.000568696;0.00199973;0.0188463;3.09905e-06;0.00421039;1.19111e-05;3.56089e-05;8.27612e-06;0.00895107;0.0291071;0.802266
0.00208469;0.0637152;4.16043e-06;0.0154324;0.334882;0.00155138;0.000615097;0.143873;0.321625;3.78248e-05;0.0346617;0.027542;0.0511061;0.00286965
1.60396e-05;0.0302774;0.966571;5.62591e-05;1.1973e-05;0.000111403;3.06897e-08;9.31477e-06;5.13356e-07;1.32987e-06;4.65346e-07;0.0002312;0.00260343;0.000110093
1.93416e-05;0.513005;1.94187e-06;4.86763e-06;2.02567e-05;0.000170131;3.43989e-06;0.00284804;0.000148176;2.31568e-06;2.29998e-05;0.402935;0.0807473;7.11592e-05
7.49065e-06;0.0214396;3.08858e-06;0.000121249;0.0010343;0.0304231;1.40232e-05;0.0134907;0.000119963;2.90486e-05;0.000544879;0.842752;0.0864689;0.00355189
0.000106104;0.838716;3.92544e-05;0.000623058;2.94858e-05;6.84685e-05;0.000755578;0.000266704;0.00228414;1.42269e-05;0.0169397;0.103967;0.0361555;3.44444e-05
0.000218596;0.726131;5.53576e-06;0.000113825;8.53613e-05;5.43014e-06;2.9308e-05;0.206216;0.00139105;7.08141e-06;0.000579374;0.00470268;0.0605139;7.75464e-07
1.09122e-05;0.922439;5.1431e-05;0.000246457;1.99673e-05;4.32398e-05;1.33982e-06;0.000419424;7.53122e-06;8.79964e-06;4.22914e-06;0.0173612;0.0592056;0.000180802
1.12438e-05;0.959735;1.79434e-06;0.000249546;1.66915e-05;0.000145294;3.3127e-06;0.000236842;0.000386667;8.14523e-06;0.000211229;0.00079757;0.0381874;8.93845e-06
2.51673e-06;0.000337628;1.26248e-06;8.09788e-05;0.211472;0.2098;1.16854e-08;3.47136e-05;5.05926e-06;1.15182e-05;6.79702e-07;6.14052e-06;0.000353827;0.577894
3.66392e-05;0.985326;2.02088e-09;3.94137e-08;2.4687e-07;7.56071e-08;1.09819e-07;0.00045902;1.0553e-06;8.08623e-09;3.59034e-07;0.00345596;0.0107202;5.78978e-09
2.00765e-05;0.93778;1.37749e-12;4.76881e-07;0.000560275;4.72116e-07;2.13993e-06;0.0283549;1.64674e-06;6.86422e-07;3.18638e-07;0.00429939;0.0187787;0.0102003
9.01127e-07;0.0190704;5.03543e-05;7.49149e-08;4.92583e-08;2.02238e-09;5.09358e-07;5.64348e-05;3.12039e-08;4.30488e-08;1.40477e-07;0.980548;0.00027281;6.64326e-08
9.11433e-05;0.138134;3.07033e-05;0.0183919;0.0171445;0.123581;0.00116459;0.0102902;0.00053031;0.000104445;0.0023507;0.508904;0.117602;0.0616811
0.0170412;0.641651;1.57318e-05;0.00184272;0.000615786;0.000376552;0.00399453;0.0978603;0.000902318;7.36218e-05;0.00107674;0.0782804;0.155973;0.00029601
0.000176194;0.881937;0.00337821;0.000167851;4.69038e-05;0.00189342;2.3433e-07;0.0110974;7.60449e-06;6.33694e-07;3.68633e-06;0.0117893;0.0894607;4.05447e-05
6.80651e-06;0.0707668;3.248e-07;3.0677e-05;0.000339706;3.76415e-05;3.81735e-07;0.258874;6.34445e-06;3.95461e-06;2.56972e-05;0.00638894;0.663508;1.1154e-05
2.98101e-08;0.000288709;0.000802527;4.88645e-06;6.7028e-09;1.54583e-07;0.0166011;1.19108e-12;1.13896e-08;0.982022;8.4563e-08;1.98172e-11;4.5063e-10;0.000280507
8.84567e-12;9.96037e-14;1;7.08166e-12;1.20904e-13;1.43939e-12;1.76698e-08;1.53414e-14;5.37205e-10;1.82788e-11;2.09977e-09;6.07051e-11;7.95659e-14;2.00875e-14
