0.000192936;0.545204;0.000558661;2.6113e-05;0.000141505;7.40698e-05;1.20564e-05;0.440909;6.39684e-05;5.07881e-06;5.75129e-06;0.000274311;0.00737621;0.00515694
4.45233e-05;0.0171001;9.58261e-08;3.5449e-06;9.57578e-06;0.000523921;3.45914e-07;0.0130608;1.13891e-05;7.07978e-07;5.27821e-06;0.00288604;0.96623;0.000123498
7.69259e-06;0.014187;8.09967e-06;2.33988e-05;0.000224236;0.00285346;5.30231e-08;0.000195207;7.80207e-06;2.07649e-08;5.10714e-06;0.974988;0.00692427;0.000575169
3.89942e-06;0.046068;0.00037331;1.93817e-06;0.074119;3.08761e-05;5.10464e-09;0.84212;4.92055e-07;2.86618e-08;3.32415e-09;0.00803364;0.00669246;0.0225561
4.27714e-05;0.725307;1.9863e-05;0.000538584;0.00179903;2.17188e-05;1.85959e-05;0.0143395;0.000511338;3.22957e-05;0.000565983;0.0669925;0.0603482;0.129463
3.79536e-05;0.90274;7.6788e-07;0.000277224;7.17671e-05;2.57052e-05;3.9397e-06;0.00104167;0.000600587;2.28764e-05;2.95315e-05;6.83082e-05;0.0930044;0.00207493
1.88359e-06;8.50592e-05;0.00625433;5.10887e-05;5.8162e-05;1.69729e-05;3.32407e-09;4.36263e-05;4.7239e-08;2.07052e-06;2.20382e-07;0.976687;7.28215e-05;0.016727
1.03133e-06;0.0255512;1.16969e-08;1.02666e-08;5.23881e-11;8.45648e-10;0.974412;1.50952e-08;8.16872e-07;8.44297e-06;2.54273e-05;6.79692e-11;2.68198e-07;4.60716e-07
1.36146e-09;2.97881e-10;1;1.76922e-10;1.04392e-08;1.23319e-09;2.82937e-08;1.21503e-10;5.83588e-09;3.6987e-10;7.68474e-09;5.38712e-09;2.42439e-10;1.25092e-10
3.25742e-06;0.987712;5.38586e-07;1.56578e-08;1.02171e-08;8.54317e-09;0.0109575;2.20994e-05;4.27786e-06;0.000302228;4.7069e-06;6.08817e-07;3.5375e-05;0.000957914
1.2485e-11;1.2286e-10;0.999999;2.05546e-09;2.41713e-08;2.15473e-07;1.73209e-09;4.0826e-13;5.63706e-11;3.58493e-09;1.17813e-10;3.16314e-07;5.34956e-13;6.72413e-09
1.67195e-06;0.995263;9.72674e-08;3.37323e-08;4.5376e-09;5.17253e-08;7.86274e-05;1.7906e-05;8.25592e-07;4.91013e-08;1.23642e-06;1.78467e-07;0.00463662;1.3023e-08
5.53878e-09;0.000323545;3.48216e-08;1.44355e-07;1.22437e-06;5.82898e-06;6.50351e-10;2.40387e-06;3.53862e-08;5.58071e-10;2.64057e-08;0.999545;3.12941e-06;0.0001187
1.35471e-06;0.801803;7.04638e-07;9.96119e-07;0.00351697;3.76571e-05;2.74524e-07;0.0501601;3.37908e-07;5.22032e-08;3.07029e-08;1.1629e-05;0.139094;0.00537275
7.01184e-05;0.579716;0.00124771;0.0204701;0.0698022;0.00219621;7.51082e-05;0.0532143;0.0043422;0.000526897;0.00540959;0.187893;0.0101191;0.0649178
1.53482e-06;2.10293e-07;0.999994;3.75689e-07;9.70254e-07;4.44891e-08;5.50964e-08;1.61533e-06;1.95047e-07;1.19445e-07;6.0815e-07;3.16033e-07;4.71199e-07;9.56832e-09
1.13732e-05;0.990185;8.46004e-10;1.02384e-07;3.66607e-08;1.91705e-07;0.00898547;0.000565832;2.59835e-05;3.32291e-05;1.53383e-05;3.46143e-10;3.6817e-05;0.000140206
6.99299e-12;3.477e-13;1;9.62766e-13;3.1973e-12;6.07617e-12;9.40391e-12;1.07252e-14;1.06146e-11;3.2716e-12;6.85444e-13;3.57441e-09;1.15234e-12;7.63906e-14
1.68986e-06;0.0147794;2.89015e-07;3.77999e-08;9.31019e-07;2.82104e-06;1.19044e-06;0.00470092;1.82981e-05;1.98703e-07;3.70514e-06;3.22534e-05;0.980456;2.57523e-06
5.46757e-06;0.000349206;1.04826e-08;2.2342e-05;0.000329289;1.02473e-05;3.66327e-06;0.218998;0.000197346;4.06468e-06;0.00125138;9.64365e-05;0.778691;4.21078e-05
1.32143e-05;0.00039977;7.94982e-06;2.96202e-06;1.28194e-07;3.18624e-09;2.3445e-07;2.41954e-05;1.76153e-05;5.2955e-07;3.77434e-05;0.999464;3.02634e-05;1.43471e-06
2.14272e-06;0.955551;3.2881e-08;1.15879e-07;3.97084e-06;1.05375e-06;4.97721e-08;0.044153;1.11276e-08;1.55975e-07;1.06467e-08;1.09168e-05;0.000261978;1.51344e-05
2.76527e-06;0.000589024;2.77835e-08;9.24338e-06;0.000121114;1.586e-05;1.2066e-07;0.0704427;1.68624e-06;1.72276e-07;2.16872e-05;0.000133532;0.928559;0.000102675
0.00014294;0.00295045;4.88632e-06;6.59438e-05;1.75586e-06;1.4294e-06;7.55973e-06;3.05478e-05;5.84662e-05;2.86623e-06;0.000781219;0.995026;0.000667749;0.000258232
6.62192e-06;0.997194;1.57391e-08;6.00131e-07;8.57883e-08;9.02907e-08;0.00202977;0.000315762;6.05442e-07;2.99763e-05;8.01999e-06;4.94873e-07;0.000392864;2.14694e-05
8.04388e-11;2.28638e-11;0.999993;2.84975e-08;1.36682e-08;6.40468e-09;2.25266e-10;3.38069e-12;8.49691e-11;2.9823e-10;2.34751e-10;7.33404e-06;5.36164e-13;2.13149e-09
6.0172e-07;0.00638667;3.90729e-11;2.97292e-07;0.000171478;2.88403e-07;3.34911e-08;0.993403;1.30889e-07;1.3306e-08;4.39253e-07;2.8302e-08;1.72538e-05;1.92638e-05
7.7941e-07;3.24082e-05;5.40942e-09;3.78327e-06;3.41111e-09;0.000184102;2.30436e-05;1.48803e-06;0.000471145;6.22052e-06;0.000779026;1.1496e-09;0.998498;4.90777e-08
1.01627e-08;1.07686e-08;0.999974;7.22063e-09;5.37368e-11;5.42671e-10;2.18615e-10;9.80493e-10;1.16516e-09;1.72648e-08;7.57507e-09;2.58531e-05;7.47293e-10;4.45275e-09
4.3858e-07;0.999092;1.51951e-09;2.34724e-07;1.99175e-07;2.09621e-07;3.36316e-07;0.000735541;2.77326e-05;1.15555e-08;1.54732e-05;6.4039e-07;0.000125122;2.17491e-06
