1.21991e-06;0.999924;6.47014e-06;1.08654e-06;2.81594e-07;1.39841e-07;4.36825e-09;2.06815e-06;6.86273e-09;2.31467e-08;1.29606e-08;2.2242e-05;4.10841e-05;8.99564e-07
1.92844e-05;0.997108;1.03104e-07;1.94426e-06;1.00478e-06;9.2788e-08;3.33502e-06;0.000404187;2.8523e-06;5.13385e-07;1.56664e-05;0.00148187;0.000960252;1.4401e-06
3.02379e-06;0.983742;8.59578e-08;0.000274343;0.000313992;4.68936e-06;4.71426e-07;0.00130903;2.09264e-05;3.53555e-05;8.05735e-06;0.000480064;6.44006e-06;0.0138019
0.000232343;0.05595;1.7966e-06;5.68413e-07;1.07325e-06;2.02746e-06;1.94938e-07;0.00422124;1.86653e-06;8.12492e-08;0.00011105;0.939097;0.000352875;2.78226e-05
4.7804e-08;0.999359;3.55147e-09;5.10452e-09;4.95331e-07;1.94634e-07;5.2134e-06;1.45996e-05;6.92075e-09;8.90296e-07;1.51375e-08;1.68539e-08;4.06232e-05;0.000578796
1.80636e-13;4.64166e-13;1;8.90515e-14;8.22748e-12;2.71831e-12;1.72776e-12;1.56995e-14;5.77449e-14;1.94028e-13;1.34681e-14;1.88775e-10;3.01111e-13;1.43659e-13
6.82368e-06;0.00813524;1.48033e-05;6.33134e-07;1.32349e-05;9.85781e-07;4.81206e-07;0.0136709;2.69655e-05;1.19807e-07;5.76958e-05;0.00513977;0.972931;1.19344e-06
2.04436e-05;0.286541;3.18051e-05;1.19806e-05;0.000119729;3.36976e-05;1.4052e-06;0.675128;2.43633e-05;1.1075e-05;1.39067e-05;0.0107775;0.0149118;0.0123728
6.77663e-07;0.00408903;0.000128994;0.00146922;0.0047051;0.00301881;4.2503e-08;0.00922908;3.12177e-05;1.51517e-06;0.000228261;0.966932;0.0019075;0.00825907
1.74918e-06;0.99979;1.71707e-09;6.46561e-08;2.5222e-10;7.92621e-10;1.333e-05;1.147e-05;6.46462e-08;7.77561e-08;1.62857e-05;4.18373e-05;0.000124858;5.78388e-07
1.45474e-05;0.294574;1.94194e-06;6.57456e-06;3.13681e-07;1.54617e-08;0.575161;0.000230553;0.00262008;1.45533e-06;0.0585432;0.0194236;0.0494229;4.33968e-08
1.4367e-06;0.687105;4.31247e-09;3.53459e-05;0.000230515;0.000232555;1.3156e-08;0.305377;4.10516e-06;6.11188e-06;3.75161e-07;0.000107038;0.00476837;0.00213238
6.112e-06;0.100491;4.19262e-09;0.000100476;0.000132779;0.00148868;2.00866e-06;0.00158782;7.38459e-05;5.86197e-05;8.94049e-05;6.26523e-06;0.895795;0.000168006
0.0035065;0.0141782;0.676108;0.00191442;0.00100515;3.66278e-05;0.000177184;0.000514374;9.8043e-05;0.00134067;9.82966e-06;0.296867;0.000528323;0.00371563
0.0024335;0.175201;2.59753e-05;0.000631753;2.20447e-05;7.17047e-05;0.000333823;0.00492524;0.660183;2.32847e-06;0.0671201;0.000101518;0.0889297;1.92375e-05
3.40735e-05;0.996284;1.41296e-11;7.39136e-06;7.98762e-07;6.88139e-06;6.88778e-09;0.00290305;0.000269056;7.53971e-07;4.38112e-06;7.18645e-06;0.000179837;0.000302767
0.000301886;0.0438305;1.09844e-08;8.75523e-06;4.31075e-06;3.69487e-06;2.25951e-06;0.0035304;5.31431e-05;2.08644e-06;8.37627e-05;0.00177728;0.9504;1.76664e-06
7.29762e-05;0.00349342;9.23391e-08;2.88332e-07;3.959e-06;1.68504e-07;1.39354e-08;6.93708e-05;1.06723e-06;3.98001e-08;5.54886e-07;0.995075;0.00128292;1.62955e-07
4.54966e-07;0.995978;6.0953e-08;6.22424e-07;6.63287e-07;8.52079e-07;2.04549e-09;0.00318754;1.17742e-07;4.50437e-08;2.38661e-07;0.000207729;0.000488398;0.000135696
0.000303811;0.178934;1.05452e-06;0.000256904;0.00429998;0.00196116;1.67061e-05;0.0477441;0.000269284;4.7717e-05;0.0014408;0.461094;0.260024;0.0436069
0.000776319;0.295713;0.0019038;0.00012201;6.45113e-05;0.000263024;0.000260248;0.114392;0.000431397;1.81468e-05;0.00114506;0.562576;0.0222509;8.37875e-05
0.000409117;0.461889;0.137007;0.00115434;0.0255663;0.182645;1.27754e-05;0.0145215;9.20014e-05;1.99235e-05;0.000112888;0.0113604;0.121387;0.0438229
7.83437e-05;0.465308;3.04487e-07;0.000167687;8.48795e-05;0.0229704;5.903e-07;0.000659705;6.74508e-05;5.3198e-07;3.98145e-05;0.0693104;0.243269;0.198043
2.03873e-06;0.00839194;2.11589e-07;7.48203e-06;1.70129e-05;0.000189011;1.23807e-07;0.000308288;1.90611e-06;3.25238e-07;1.15845e-05;3.19462e-05;0.990945;9.2933e-05
1.08195e-05;0.00225155;8.80775e-07;1.17482e-05;3.83414e-06;4.37348e-05;1.59742e-08;0.000532176;1.28508e-06;5.4086e-07;3.1873e-05;0.992981;0.00326473;0.00086618
4.38718e-06;0.0229315;1.69624e-06;2.44829e-07;2.47759e-05;4.34298e-06;3.97066e-08;0.976575;2.00015e-07;1.77328e-07;2.24737e-06;1.88821e-06;3.78338e-05;0.000416073
2.34225e-07;0.00942907;4.49695e-05;5.88281e-05;0.000269933;0.000830479;9.59787e-09;0.000255035;4.74235e-06;1.61377e-07;0.000111628;0.980928;0.00770002;0.000366947
7.09586e-07;0.994078;7.76243e-10;6.83153e-08;2.23626e-06;7.23018e-07;1.52276e-08;0.00479258;3.93516e-07;3.74038e-08;2.40271e-06;5.94471e-05;0.00106305;4.53471e-07
2.51337e-06;0.00312032;3.81141e-08;3.82894e-09;1.32245e-07;4.80325e-08;3.45987e-08;2.58219e-08;1.27132e-08;1.97363e-08;1.36229e-07;0.902939;0.0939379;2.46392e-08
0.00219286;0.0322935;1.63711e-06;3.58622e-07;0.00456369;0.000109564;1.39579e-06;0.938314;0.0186255;8.5734e-07;1.39279e-05;7.40666e-05;0.00359631;0.000211937
0.000261715;0.0215247;9.90962e-10;1.37175e-07;8.4848e-06;1.63674e-07;7.54344e-07;0.00293311;0.00028969;1.27446e-07;6.07711e-06;1.13452e-05;0.974963;1.82587e-07
8.29096e-05;0.00112024;5.15426e-08;1.24599e-06;9.62074e-06;5.25945e-08;1.7729e-08;0.000198142;4.58144e-05;2.97562e-07;1.00828e-05;0.998402;0.000121986;7.51274e-06
2.65059e-06;0.999605;4.08243e-09;8.8007e-07;6.03996e-06;7.82633e-06;2.64563e-07;0.000140751;9.74008e-07;2.16589e-06;8.7021e-08;6.29646e-06;0.000167502;5.98377e-05
0.000217172;0.958242;4.85697e-06;0.000186818;0.000393408;3.57542e-05;8.45226e-05;0.0180858;0.000306729;4.68417e-05;0.000263724;0.00296701;0.0177153;0.00144966
6.09297e-05;0.0159121;6.12475e-09;0.000314524;0.000249004;0.000894007;3.30362e-06;0.00222204;0.000252479;9.35706e-06;8.53142e-05;0.97599;0.000632992;0.00337427
7.16006e-07;0.999041;1.98841e-09;1.46219e-09;1.63894e-10;1.51624e-09;3.95437e-07;7.68362e-07;1.56888e-09;1.48166e-09;1.85313e-09;1.47876e-07;0.000956703;7.51052e-09
4.31664e-08;0.000113595;1.12775e-09;5.47717e-08;8.07297e-05;0.000116543;1.38398e-11;0.000225038;3.53619e-07;7.5457e-11;1.09847e-08;0.997023;3.14223e-05;0.00240933
9.99514e-06;0.0623093;6.79035e-09;2.39405e-06;2.10508e-05;6.27541e-06;1.37738e-07;0.000151281;9.31745e-06;1.37094e-08;4.23931e-05;0.00124238;0.936147;5.84497e-05
0.00035486;0.0213071;0.000144237;7.86044e-06;1.80805e-06;1.27976e-05;1.07143e-06;0.00214787;3.82125e-05;4.63727e-07;4.21438e-05;0.969772;0.00603088;0.000138858
2.24161e-06;0.99748;1.01964e-06;5.30792e-07;6.75647e-06;9.976e-07;2.73814e-07;9.02839e-05;5.36106e-08;1.10322e-06;1.91096e-07;1.72956e-07;0.000114147;0.00230176
3.29796e-11;5.3844e-10;1;1.93438e-10;2.90869e-10;8.95097e-10;9.7881e-12;2.7753e-13;1.11734e-13;2.3884e-11;3.79663e-13;9.95608e-09;7.00289e-13;4.65142e-09
1.34663e-06;0.000948459;3.95088e-09;5.3414e-07;3.31948e-05;2.08034e-06;1.03751e-08;0.994824;2.29358e-08;4.38963e-08;1.90503e-07;6.34733e-07;0.00407789;0.000111358
1.61743e-07;3.30251e-05;7.91774e-08;1.53861e-05;3.35333e-08;0.00085977;1.36577e-05;7.8775e-08;9.38432e-05;4.98163e-06;0.00408558;5.91038e-08;0.994893;1.47502e-07
4.58703e-08;2.36412e-07;0.999998;2.25232e-07;6.63637e-09;4.82181e-08;5.88004e-09;6.96903e-09;2.3666e-09;1.2783e-07;6.50113e-09;8.99622e-07;3.81847e-08;1.32962e-07
7.49855e-07;0.999474;3.47098e-08;1.39915e-06;3.54047e-07;5.70843e-07;3.41523e-06;0.000336597;3.22985e-05;5.56335e-08;2.78067e-05;3.96347e-07;0.000120293;2.13687e-06
