2.71814e-05;0.454238;4.70918e-08;1.85165e-05;1.84566e-05;4.361e-06;6.51043e-05;0.00259972;0.000201551;2.15114e-06;6.34429e-05;9.80606e-05;0.54266;3.22192e-06
3.87682e-07;1.32668e-05;1.94629e-07;3.07458e-05;5.83479e-05;1.05319e-05;8.52266e-10;0.0287876;9.10022e-07;2.07013e-07;3.3079e-06;0.970984;2.90852e-05;8.12453e-05
1.70958e-05;0.778566;1.5126e-08;2.68919e-07;6.45354e-09;1.01143e-07;2.37642e-08;2.72731e-06;1.67743e-08;6.96288e-09;1.29286e-07;0.000927737;0.220486;1.213e-07
1.72908e-05;0.731552;7.49588e-07;4.10717e-05;5.03386e-05;8.24869e-06;3.49229e-07;0.000723394;2.46361e-05;2.97994e-07;5.84339e-05;0.233616;0.0333523;0.000554785
7.68426e-07;0.00222108;0.000644231;2.11948e-05;0.281922;0.0308497;2.82998e-09;0.000607466;2.11383e-07;2.23198e-05;1.9628e-08;0.00043833;0.000224551;0.683049
1.74748e-06;0.0119372;4.079e-08;2.67244e-07;1.22122e-07;0.000633811;1.29787e-07;2.66228e-05;1.11746e-06;5.90405e-07;2.22936e-07;5.4986e-08;0.987396;2.17979e-06
1.14118e-06;0.000408884;0.997202;2.72453e-06;3.20058e-07;1.00506e-06;2.2507e-05;1.23177e-08;4.35874e-09;0.000646421;1.85273e-08;0.001432;7.52049e-07;0.00028266
5.7692e-08;4.31482e-08;0.999975;9.87517e-08;3.43642e-09;1.80702e-09;9.23529e-06;2.48488e-11;7.03946e-07;2.68769e-08;6.87221e-07;1.36718e-05;4.6804e-10;2.30175e-10
0.000388574;0.969164;6.11597e-05;0.000221913;9.06743e-05;8.63555e-06;0.000104694;0.000932081;0.0137898;1.06978e-05;0.00608703;0.00801834;8.20136e-05;0.00104016
2.62225e-05;0.00114402;2.75686e-09;1.81698e-08;4.19961e-05;4.48988e-09;1.88254e-07;0.99871;2.74815e-06;3.43443e-08;1.02335e-07;7.7208e-06;1.37595e-05;5.3531e-05
5.26403e-07;0.00360162;2.64901e-07;8.12253e-06;0.518523;5.30558e-06;1.43529e-08;0.399051;2.49382e-06;1.90307e-07;2.97357e-07;0.0770563;5.02778e-06;0.00174572
2.56537e-06;0.00828724;0.991192;6.84953e-05;2.26419e-06;3.08149e-08;3.47727e-07;2.83006e-08;4.4703e-07;2.36257e-07;7.52308e-05;6.97436e-05;0.000281563;1.98205e-05
0.00106831;0.864075;0.000143214;0.00033947;0.000124133;1.10367e-05;4.06398e-05;0.0603717;0.000282918;2.26475e-05;0.00863218;0.0354438;0.0237697;0.00567575
6.59727e-06;0.989657;3.21957e-06;1.66414e-06;4.65653e-06;0.000361023;9.74903e-06;0.00179722;1.40271e-07;2.50347e-06;2.20439e-05;0.00182653;0.00625134;5.65821e-05
1.34691e-08;5.00727e-06;1.10471e-09;1.18818e-06;4.86437e-06;2.6548e-05;8.25887e-08;2.12501e-06;1.11194e-08;1.30982e-07;3.94552e-06;0.000503778;0.999445;7.66168e-06
0.000158465;0.00316516;1.88332e-05;6.75488e-05;2.21627e-06;1.93859e-06;6.80503e-06;0.00121725;2.50748e-05;2.89042e-06;0.00527211;0.983805;0.00625128;5.57387e-06
1.58956e-06;0.002138;5.88035e-08;2.77763e-08;1.26343e-05;3.31818e-07;6.20077e-09;0.997767;1.25123e-08;2.20027e-08;2.2868e-07;2.45977e-07;7.0551e-05;9.23592e-06
6.52627e-07;0.979782;0.00109834;1.44106e-05;0.00010942;0.000320067;3.15167e-05;0.00481758;7.6641e-07;0.000146814;6.76109e-06;0.000921283;0.000528623;0.0122215
6.21414e-09;6.2415e-07;0.999999;2.96708e-09;2.06657e-09;1.63717e-10;4.69995e-07;4.31102e-10;1.0857e-09;1.29413e-09;1.54464e-08;3.52654e-10;1.7186e-09;6.97157e-11
2.07871e-05;0.000817838;0.000132403;1.52657e-06;9.99506e-05;5.23705e-06;1.33076e-07;0.000167377;5.25438e-05;2.36197e-07;5.63692e-05;0.998346;9.54543e-06;0.000290403
0.000133378;0.113066;1.72922e-07;3.3664e-07;0.000304337;0.000377887;3.27294e-08;6.12034e-05;8.32566e-05;1.07802e-07;1.79582e-05;0.00180919;0.883643;0.00050357
8.16597e-05;0.531785;1.693e-07;2.51457e-06;0.0114841;0.00266245;1.18616e-07;0.00570514;1.47057e-05;1.78909e-06;8.19933e-07;0.0653942;0.125675;0.257192
5.28902e-05;0.298242;3.43592e-07;2.58161e-05;0.000137646;7.82225e-05;1.9289e-08;0.682474;0.000516712;1.61206e-07;1.55332e-05;0.00946836;0.00391422;0.00507386
6.6276e-06;0.00802946;2.25698e-06;1.66641e-06;0.692046;2.62876e-05;2.21357e-10;0.298026;2.23246e-07;2.85042e-07;6.41676e-09;0.00069844;0.000168332;0.00099508
7.23848e-08;4.53716e-06;7.36703e-09;1.87078e-10;2.95385e-05;1.39713e-09;3.35009e-12;0.999966;1.12099e-09;9.85768e-10;4.06014e-12;3.2995e-08;1.74547e-07;1.81237e-09
7.63183e-08;4.70694e-06;0.999388;1.00175e-06;1.46102e-05;2.30762e-06;1.99617e-09;3.51401e-08;7.92787e-10;5.23883e-07;4.3908e-09;0.000582154;5.72016e-06;3.69461e-07
9.20673e-07;0.979879;9.39742e-07;9.26398e-07;2.37887e-07;1.02137e-06;2.45157e-07;0.0191151;9.21718e-06;2.66161e-08;4.32167e-06;0.00072409;0.00025287;1.05213e-05
