3.15877e-06;0.996139;5.25179e-08;7.57243e-07;2.25482e-07;1.18923e-06;0.000253795;0.000409985;1.24742e-06;5.14535e-05;3.79744e-07;3.04597e-09;0.00312941;9.35192e-06
2.74459e-12;1.46376e-12;1;2.73877e-10;8.76199e-10;1.26801e-10;9.5849e-12;1.7217e-13;2.0881e-13;9.30908e-11;5.25125e-13;1.49554e-07;1.2791e-14;9.68103e-10
5.52142e-08;0.999247;8.90494e-07;1.54805e-07;1.09294e-06;1.27829e-07;1.45671e-06;1.50424e-05;1.34425e-08;9.91591e-09;1.72233e-08;8.5343e-07;0.000731355;2.26414e-06
1.7486e-05;0.0167448;1.91507e-05;3.31924e-05;5.5167e-06;6.31668e-06;1.86021e-05;0.00898156;0.000145649;3.56948e-06;0.00010336;0.970111;0.00375659;5.30192e-05
1.43209e-05;0.000166006;3.03952e-09;1.23925e-07;9.16428e-07;1.17224e-07;4.16167e-07;0.998346;2.5273e-05;7.62943e-09;6.22364e-06;4.03928e-05;0.00139981;1.01603e-08
5.32317e-06;0.906282;0.000143929;2.42374e-06;1.34092e-06;2.84215e-05;2.46215e-07;0.00465603;1.99905e-07;1.50432e-07;1.39042e-06;0.0863769;0.00213615;0.000365844
8.36412e-08;0.958049;1.87148e-10;3.65709e-09;7.12536e-10;3.2587e-08;0.0406372;1.73687e-08;1.04477e-08;2.47713e-05;2.97809e-08;4.95998e-12;2.75196e-07;0.00128919
4.59879e-13;1.36906e-12;1;7.53346e-13;4.5491e-12;4.90772e-11;4.20698e-12;9.69672e-14;1.06865e-13;5.97329e-13;1.22121e-13;4.23213e-09;2.75497e-13;1.16039e-13
4.13235e-08;0.000344781;4.63092e-10;2.0039e-08;6.90906e-09;4.22871e-08;1.69888e-08;0.00191834;1.27055e-07;9.35636e-10;4.48244e-06;2.21924e-06;0.99773;2.85849e-08
5.01337e-05;0.958824;0.000178906;4.44227e-06;1.26366e-07;6.91216e-07;0.0270581;0.000151982;8.92567e-07;0.00616088;1.86036e-05;0.00200513;0.00181218;0.0037336
1.69382e-09;1.9102e-08;0.999992;9.57865e-08;1.27848e-06;9.72208e-08;8.15468e-07;8.08807e-09;8.97269e-09;7.24071e-08;6.23714e-08;5.65997e-06;3.29358e-10;1.38094e-09
4.70989e-09;0.9994;1.86317e-07;6.2127e-09;1.23929e-10;1.82894e-10;0.000587795;1.48245e-10;1.1392e-10;1.128e-05;6.61415e-09;8.36725e-11;9.48345e-07;9.13593e-08
2.33906e-11;3.2179e-11;0.99999;1.062e-09;4.29237e-09;3.20446e-07;2.12068e-08;3.14792e-11;4.13275e-10;3.48429e-10;1.82628e-09;9.61299e-06;5.52202e-11;2.24673e-08
1.38669e-07;0.808917;7.86405e-09;1.48551e-08;4.34236e-09;3.65145e-07;4.40646e-06;8.65696e-06;6.21252e-08;5.22921e-09;2.68814e-06;2.66675e-06;0.191064;1.76414e-08
2.10455e-07;0.936629;3.65564e-06;4.93144e-07;7.67549e-06;7.02228e-05;6.13024e-07;0.00650963;7.57823e-07;4.5334e-07;5.1535e-06;0.0388026;0.0178783;9.14775e-05
1.11455e-05;0.0536161;1.0285e-07;8.64619e-07;6.34593e-05;5.41687e-05;1.62241e-05;0.940139;4.89957e-05;9.93317e-06;9.26453e-06;1.28851e-05;0.00588299;0.000134614
2.01552e-11;8.7505e-11;1;2.10725e-12;1.5445e-12;4.81098e-12;1.1533e-10;3.99452e-12;1.71574e-12;6.23978e-12;3.55962e-13;7.41914e-10;1.43521e-12;2.70522e-12
2.82039e-05;0.203901;0.00164203;9.57894e-06;1.53627e-05;1.59839e-05;9.65141e-06;0.00617489;0.00107021;5.81741e-07;0.00357598;0.714202;0.0663369;0.00301718
4.67666e-05;0.966439;2.72885e-08;5.15872e-05;7.703e-05;7.26864e-05;6.9056e-05;0.0161341;0.00158022;1.82872e-05;0.00371325;0.00275863;0.007897;0.00114248
1.44665e-05;0.0374704;6.09381e-08;1.78933e-07;3.96636e-08;1.68754e-06;6.35238e-08;4.56566e-05;1.69906e-08;1.01626e-07;2.9645e-07;0.956372;0.00609435;1.48128e-07
1.79464e-05;0.0134367;1.3631e-05;1.70128e-06;0.000794796;3.11647e-05;5.93865e-07;0.00508708;3.34257e-06;9.67631e-08;2.80374e-06;0.88334;0.0971507;0.000119526
1.12188e-05;0.821983;6.84137e-06;7.1152e-06;7.71669e-05;0.000193165;7.25187e-07;0.0661246;1.56804e-05;3.78065e-06;4.58536e-06;0.005551;0.105165;0.000855636
1.27135e-05;0.00679686;4.84359e-08;5.39793e-05;3.69862e-05;0.000200258;1.82641e-06;0.0939852;0.000593109;1.57325e-06;0.000221829;0.000741568;0.897278;7.63694e-05
7.69449e-07;3.03901e-05;1.65208e-11;5.04127e-10;3.51896e-09;3.41903e-10;3.81763e-09;0.999956;1.54888e-07;3.18e-10;5.59894e-09;5.3962e-08;1.27551e-05;1.44734e-10
4.93662e-08;5.88676e-06;1.3128e-07;4.38015e-05;6.54116e-05;0.000875906;2.78673e-09;8.49403e-06;2.46379e-06;7.82139e-08;7.27031e-07;0.00512912;8.75926e-06;0.993859
2.02765e-06;0.996888;1.65403e-09;2.44383e-08;9.30726e-09;9.02471e-11;4.38436e-06;0.00308443;1.34426e-06;1.36219e-08;4.07875e-06;3.42093e-08;1.60294e-05;1.45816e-07
4.62398e-08;0.000331396;0.000108195;3.4578e-06;3.54942e-05;1.10386e-05;7.42987e-10;7.3739e-07;3.26536e-10;2.6351e-07;2.79956e-09;0.998852;0.000353666;0.000303639
8.73752e-05;0.188499;1.96209e-07;0.000508628;8.97177e-06;8.22566e-05;0.00464019;0.000267014;0.128079;8.69202e-06;0.529953;5.72946e-05;0.147534;0.000274484
0.000264783;0.740915;5.72616e-05;6.98058e-06;2.92084e-05;2.03492e-05;8.3288e-06;0.253457;8.22877e-05;1.35983e-05;1.19477e-05;5.92725e-06;0.00423128;0.00089599
4.1865e-06;0.692413;7.21439e-06;2.1269e-05;0.00185211;0.00144874;3.68987e-06;0.278421;1.78185e-05;4.70281e-05;3.68933e-05;0.00103816;0.0241354;0.000553882
1.70879e-11;5.15739e-10;1;1.09853e-12;2.19922e-12;3.86879e-13;5.52293e-10;2.31667e-13;2.87964e-13;1.69221e-11;1.67201e-12;4.22292e-10;3.00299e-12;1.762e-13
4.13661e-05;0.0435842;0.000336429;2.55572e-06;0.000224012;3.23322e-05;4.07932e-05;0.00508576;0.000365133;4.81328e-06;0.000874154;0.417072;0.00219908;0.530137
0.000103562;0.851725;2.42574e-07;3.41742e-05;0.000403431;2.71173e-05;0.000660848;0.106312;0.00780207;1.67106e-05;0.0102271;0.0155595;0.00646776;0.000659789
0.000239819;0.185889;8.35366e-07;7.37175e-07;5.32681e-07;9.98851e-07;5.40042e-06;0.000808272;9.19343e-07;1.37935e-06;2.01764e-06;0.797858;0.01519;1.49505e-06
0.000743703;0.32323;0.00033747;8.64478e-06;0.000899131;6.14413e-05;0.00024683;0.125157;0.000161337;1.78803e-06;5.36478e-06;0.42758;0.119841;0.00172697
2.62306e-05;0.749507;0.000815067;3.09463e-05;0.000355023;6.61502e-06;7.69435e-06;0.12407;0.000801548;2.31785e-06;8.28953e-05;0.0720622;0.0104744;0.0417581
4.22108e-05;0.583168;1.00007e-07;3.93438e-06;3.41408e-06;8.17862e-06;7.01618e-05;0.381337;2.84432e-05;1.83204e-05;6.21084e-06;1.10347e-05;0.0351183;0.000185571
9.19532e-10;5.24223e-10;1;5.28745e-10;1.57316e-10;9.81176e-12;1.44505e-09;4.58187e-11;2.80497e-11;1.05619e-10;1.17517e-11;2.03539e-07;2.8996e-10;5.22717e-11
2.91829e-05;0.00687807;7.37576e-05;0.000144541;4.0415e-05;1.12889e-05;8.42983e-07;0.00470759;0.000560135;2.0137e-06;0.000140827;0.982924;0.00239931;0.00208788
3.08272e-05;0.982366;2.6302e-08;2.82115e-05;2.65752e-05;0.000637679;1.3754e-05;0.00161309;0.000275607;1.10273e-05;0.00016834;4.8803e-06;0.0140766;0.000747066
2.23376e-05;0.0023121;2.12604e-05;3.28405e-05;0.245081;5.28007e-05;1.5884e-09;0.121826;1.81027e-06;3.41638e-06;3.12178e-07;0.629475;3.85815e-05;0.00113179
0.00187053;0.401213;0.0185576;0.00102692;0.0164285;0.270008;2.83922e-05;0.0065312;8.02235e-05;0.000123919;1.57016e-06;1.25966e-07;0.283441;0.000688714
5.75912e-07;1.92922e-06;0.999995;4.80956e-08;5.02785e-07;2.68576e-09;6.53022e-09;1.28281e-06;1.88589e-08;9.41981e-10;3.33153e-09;3.21285e-07;1.46897e-08;2.43999e-07
2.58433e-06;0.000676259;2.0087e-05;9.27279e-05;2.84742e-06;6.4639e-06;2.72049e-09;0.000100267;7.75441e-05;1.05415e-07;3.42902e-06;0.998947;2.10996e-05;4.97682e-05
8.63209e-07;0.999707;1.00569e-07;1.69983e-07;5.1542e-08;7.88423e-08;5.34034e-09;7.79663e-06;9.60019e-10;1.32296e-08;1.38628e-08;9.43257e-06;0.000273496;8.53549e-07
9.11383e-07;0.00014851;7.63364e-06;1.3361e-07;0.0851994;9.04024e-06;7.93667e-11;0.914259;6.00797e-09;5.16681e-07;6.22719e-10;0.000104981;1.74805e-05;0.000252013
1.46237e-07;2.64472e-06;0.995299;1.95793e-05;0.00108904;0.00350887;1.18704e-08;6.26425e-08;1.09938e-08;1.46316e-06;7.99125e-08;9.62016e-07;2.51265e-06;7.51699e-05
0.000227733;0.64476;8.19788e-05;0.000326919;5.59847e-05;0.0012752;5.01097e-05;0.0750531;0.00577487;3.80863e-06;0.00514798;0.000129177;0.264685;0.0024284
