4.44169e-06;0.992792;2.93875e-08;1.53553e-06;1.97128e-06;2.84652e-07;9.99309e-06;4.72922e-05;2.08741e-05;1.75997e-08;1.1806e-06;1.2669e-05;0.0071074;3.97728e-07
2.72908e-06;6.20722e-06;3.95011e-07;2.09325e-05;9.39422e-05;1.47051e-05;1.29645e-08;0.999715;3.09099e-06;5.20644e-07;1.24871e-06;3.15888e-05;5.31247e-05;5.66651e-05
3.54016e-05;0.999214;2.96727e-07;1.17563e-06;1.77317e-08;6.30446e-10;4.74055e-06;2.75754e-06;6.86983e-07;5.35211e-08;2.00672e-06;4.30802e-06;0.000734626;2.07986e-07
1.45185e-05;0.151325;1.43475e-08;2.98729e-05;8.05556e-05;5.25246e-06;1.7096e-07;0.848321;7.59859e-06;1.56112e-07;1.31055e-06;5.12432e-05;0.000150179;1.36062e-05
2.31242e-06;0.980405;0.000119833;3.89487e-05;5.26779e-06;2.80701e-05;3.0804e-09;5.87924e-07;7.20012e-10;2.09813e-06;1.26722e-07;0.00587416;0.0134448;7.85388e-05
0.000115887;0.00102924;2.62861e-05;3.57551e-07;4.28512e-06;2.18632e-07;8.20136e-06;0.00548937;4.0418e-05;2.85039e-08;0.000363596;0.992872;4.90468e-05;5.60317e-07
2.31141e-05;0.747611;3.20797e-05;0.00501355;0.119092;0.0141089;3.34549e-05;0.0140178;0.00176064;1.04242e-05;0.00818587;0.000614922;0.0279302;0.0615662
0.000124593;0.473719;1.81711e-06;2.67717e-05;9.41492e-07;8.37922e-05;1.30097e-05;0.000828598;0.000432589;1.76938e-06;0.0046414;0.0408195;0.478063;0.00124326
4.02746e-07;0.999697;2.60383e-08;2.37078e-09;3.66767e-09;6.20271e-09;1.06742e-07;5.82128e-08;2.32354e-10;4.76355e-09;1.88368e-09;3.09581e-05;0.000271624;2.02831e-07
1.56903e-07;5.04553e-05;4.82795e-07;8.05725e-06;0.0871229;0.00123843;1.85526e-07;0.0213744;7.1461e-06;4.33437e-07;2.77542e-06;0.885481;5.18356e-05;0.00466188
6.51141e-06;0.748053;0.214631;0.000116783;1.20614e-05;0.000402884;1.20074e-06;2.58815e-07;6.7094e-08;2.5208e-06;4.16126e-06;0.00247443;0.0342929;2.61635e-06
2.62795e-05;0.97234;1.87354e-09;9.20128e-07;3.41457e-07;8.99279e-07;5.4663e-07;0.0012939;1.60624e-05;5.37191e-08;0.0004865;0.00152036;0.0242506;6.36899e-05
0.000173132;0.215607;4.19711e-05;6.0162e-05;0.000205745;0.000706035;1.89006e-06;0.00794499;0.000523854;1.72428e-05;0.000156897;0.404441;0.00559073;0.36453
7.21669e-05;0.271453;1.28946e-06;3.37838e-06;1.19686e-06;2.0198e-06;2.46564e-05;7.25305e-08;5.384e-06;9.11809e-07;4.18217e-05;0.0216214;0.70673;4.28286e-05
5.78368e-06;0.334526;1.4585e-06;6.84996e-08;0.000330946;3.56992e-06;1.72431e-09;0.233745;2.13695e-07;9.86174e-08;2.77812e-08;0.410236;0.00349462;0.0176564
2.07788e-06;0.666406;9.64732e-06;0.000100621;7.89207e-05;0.0487291;2.33383e-08;0.000997941;1.83868e-05;9.04111e-07;3.96059e-06;0.039844;0.00444771;0.239361
1.1684e-05;0.0355508;2.94404e-08;6.15297e-06;8.95898e-07;4.06304e-06;2.40078e-08;0.000325931;2.80042e-06;9.15313e-08;3.23205e-05;0.00662622;0.957438;9.94654e-07
1.76937e-06;0.0412166;2.58806e-09;5.24555e-07;9.65155e-05;0.000245654;3.46149e-07;0.951655;1.23259e-05;4.20763e-07;1.91558e-06;3.70633e-08;0.00676275;5.72298e-06
2.59029e-10;5.89286e-10;1;4.97303e-10;2.75945e-10;1.21492e-11;2.63198e-10;1.99676e-11;4.5261e-11;1.25238e-10;2.691e-11;3.42189e-08;4.37561e-12;2.51523e-09
7.52376e-08;2.66117e-06;0.000649769;3.16965e-07;3.96095e-07;4.73636e-07;9.97767e-10;4.86374e-06;3.15736e-06;2.43661e-09;5.5919e-06;0.999322;7.34905e-07;1.00155e-05
2.485e-05;0.99336;4.48199e-08;6.70228e-07;0.000908732;5.96343e-05;3.71919e-06;0.0029383;4.38845e-06;9.24149e-07;0.000129711;7.75863e-06;0.00130524;0.0012563
3.27262e-06;0.000454167;0.00952133;1.69779e-05;0.0598759;0.00161804;2.42e-08;6.96921e-05;4.14476e-08;3.02262e-06;4.42843e-06;0.92758;0.00043715;0.000415793
7.00272e-06;0.0129635;3.22917e-09;4.55864e-08;8.23984e-05;2.03245e-06;2.65792e-06;0.985658;0.000201715;1.31322e-08;7.88526e-06;4.37505e-07;0.00107472;1.71363e-08
2.78942e-07;0.999898;3.64624e-07;6.66234e-07;3.04673e-06;9.37419e-07;3.07454e-10;8.25168e-05;1.41611e-09;1.37725e-08;1.5616e-09;6.63992e-06;6.02913e-06;1.06466e-06
2.6831e-06;0.992359;3.324e-07;3.3819e-09;1.72704e-09;1.21857e-09;4.75601e-08;1.56248e-06;7.42411e-10;1.79879e-09;5.39441e-09;1.49579e-06;0.00763441;3.5136e-10
1.43198e-07;0.00670577;1.50784e-05;1.90073e-06;0.000734589;0.000748212;1.27177e-07;0.00248008;6.72492e-08;2.96343e-06;9.35052e-09;5.62079e-06;1.97815e-05;0.989286
1.46359e-09;7.28916e-08;1;9.27714e-10;5.39282e-09;7.18672e-11;3.16523e-08;2.10581e-10;7.33413e-11;9.74031e-11;1.86559e-10;6.57255e-09;2.33979e-08;1.68622e-11
8.46128e-07;6.0006e-05;0.999604;8.19412e-07;1.86009e-06;2.84299e-07;9.80622e-08;0.000175494;9.12842e-08;3.13175e-08;1.00869e-07;0.000148086;5.63368e-06;2.70842e-06
4.80035e-09;9.4798e-07;3.12884e-06;2.99229e-08;7.00704e-06;9.9573e-05;8.02946e-13;5.61801e-07;1.3722e-10;8.96438e-09;4.02723e-11;1.56582e-06;3.00904e-07;0.999887
1.74139e-06;0.943976;3.26572e-10;8.12216e-08;3.6841e-07;1.41631e-07;3.19166e-09;0.000669774;2.31458e-07;7.96879e-10;4.77725e-07;4.64359e-05;0.055303;2.09839e-06
1.49118e-08;0.997329;2.23952e-13;8.5776e-09;4.38495e-09;4.93216e-10;1.77124e-07;1.16904e-06;3.50308e-12;1.68588e-07;8.03672e-12;4.36911e-13;6.80515e-07;0.0026693
6.20429e-12;3.02715e-11;1;2.14676e-09;2.27398e-08;1.14962e-10;2.32809e-11;1.89066e-14;5.91594e-13;5.00197e-10;2.33302e-12;1.88745e-08;4.70545e-15;8.53205e-09
6.12323e-08;0.912108;4.37787e-06;8.71258e-07;1.06131e-07;2.29132e-06;3.25227e-07;5.3991e-08;9.73041e-11;1.4532e-08;1.16701e-08;8.92122e-07;0.0878828;2.46685e-07
2.34899e-07;0.0335114;5.21408e-07;4.09125e-07;2.07731e-05;3.62863e-07;5.72943e-09;0.0447991;1.26246e-08;9.84999e-09;2.1007e-08;0.917333;0.00404569;0.000288624
1.68587e-06;0.000920039;6.10392e-08;0.000230202;0.00647987;0.000848072;7.53435e-05;0.970791;8.02204e-06;5.98657e-06;3.75832e-05;1.81211e-05;0.0195586;0.00102525
4.25862e-06;0.000653645;0.998643;0.000102734;9.69406e-07;2.89839e-05;3.28541e-07;2.76451e-07;1.29243e-08;2.14677e-06;4.11114e-07;1.6892e-06;0.000105969;0.000455198
2.02452e-06;0.988159;4.46331e-13;8.72926e-10;5.06429e-08;3.31626e-10;4.22735e-07;0.0117333;1.33329e-08;1.1189e-08;3.38775e-08;7.14899e-09;0.00010333;1.77263e-06
3.33285e-06;0.0349659;0.00167788;6.37922e-05;0.0199429;0.000268759;4.87463e-08;7.32329e-05;2.49109e-09;5.7923e-05;9.75655e-09;0.917525;0.00316807;0.0222536
0.00968785;0.10432;1.89688e-05;2.59344e-05;0.000277044;0.000711834;0.0272312;0.250303;0.0212446;0.000389788;0.00140146;8.33877e-07;0.584279;0.000109014
2.01949e-07;4.43774e-08;0.999999;2.43631e-09;7.64527e-08;5.65136e-11;3.35371e-07;3.11031e-09;3.25484e-08;2.23311e-09;6.47717e-10;2.57486e-08;2.28379e-10;9.72195e-10
3.16365e-05;0.000287949;0.0272612;7.60019e-06;1.74095e-06;5.98228e-07;2.85279e-08;1.83276e-05;0.000849947;1.06342e-07;1.08271e-06;0.971474;1.71261e-06;6.44554e-05
1.37682e-05;0.986856;4.03815e-10;4.34703e-09;6.88879e-06;3.27281e-07;1.3778e-06;0.000209593;1.28396e-07;3.43341e-06;4.12239e-09;4.49615e-10;2.11166e-05;0.0128872
1.40405e-10;3.54642e-12;0.999915;5.99069e-11;1.02271e-06;3.79497e-10;7.49515e-12;1.21321e-12;3.66781e-11;3.29898e-11;2.93855e-13;8.41071e-05;9.01327e-16;8.2624e-08
5.85201e-09;1.52909e-07;1.1567e-08;3.38889e-12;1.55235e-06;9.2896e-11;7.27343e-15;0.999998;5.92129e-10;5.98601e-14;2.89894e-13;1.21465e-08;3.55038e-10;1.16866e-09
2.29089e-10;2.18331e-05;4.94089e-11;4.43454e-12;9.86092e-07;6.44424e-11;9.53273e-14;0.999977;1.67945e-10;9.64809e-13;1.54798e-13;2.12281e-11;3.63676e-09;9.98259e-12
8.18179e-09;1.35363e-06;0.99999;1.52084e-07;5.75774e-06;1.38406e-06;2.21017e-11;1.91956e-07;1.21262e-09;1.60036e-08;3.42085e-10;7.04362e-07;1.12134e-07;7.90496e-08
1.87587e-08;0.994927;1.90939e-07;1.02329e-07;3.28285e-08;6.97274e-08;5.41465e-09;0.00499129;2.30808e-08;2.46297e-09;1.99426e-08;2.32967e-05;5.77309e-05;9.26095e-08
