2.32883e-05;0.998384;2.81201e-08;3.04638e-06;1.01965e-06;9.28802e-07;3.925e-06;9.85337e-05;4.68189e-05;4.40933e-07;3.31921e-05;3.66189e-05;0.00135576;1.29398e-05
6.56874e-05;0.969189;2.85531e-06;1.94778e-06;2.42992e-05;2.244e-06;9.84099e-07;0.00010156;9.49647e-06;1.58962e-06;5.37084e-06;0.0239796;0.00350041;0.00311503
0.000543262;0.58368;1.22158e-06;2.71176e-05;0.00866311;9.95787e-05;0.000139735;0.016574;9.72443e-05;0.00011574;9.73156e-05;0.00485499;0.00253623;0.38257
1.31663e-05;0.117919;7.14275e-07;4.55558e-07;4.49857e-07;5.73606e-06;4.10329e-07;0.00194314;5.07681e-06;3.69151e-08;8.23354e-06;0.879609;0.000490856;4.254e-06
9.55221e-05;0.297517;3.53973e-06;0.000155314;0.000156072;0.000108048;0.0183954;0.0045564;0.000102459;0.00445716;2.36456e-05;4.62566e-06;3.99862e-05;0.674385
1.13765e-09;4.92541e-09;0.999999;3.80588e-10;1.39034e-10;3.10859e-10;4.01283e-08;6.01538e-12;1.48105e-09;1.02201e-10;6.03338e-10;8.25417e-07;4.80384e-11;1.45806e-10
2.6241e-06;0.96985;2.23277e-07;7.39929e-08;6.07259e-09;9.03743e-08;3.52348e-07;3.39913e-05;8.69515e-07;1.76368e-08;9.19879e-07;7.99451e-06;0.030103;9.47097e-08
4.99034e-07;0.00360994;3.82846e-08;1.6219e-06;3.81224e-06;0.0190698;1.78804e-07;7.50054e-05;2.27497e-06;1.3685e-06;1.02841e-06;0.0239158;0.952936;0.000382704
1.61633e-05;0.598479;0.358274;9.24674e-05;3.00822e-05;0.000158121;0.0355572;2.44151e-07;1.37036e-06;0.00238837;1.55433e-05;0.00201778;0.00193584;0.00103382
1.94259e-08;3.72661e-08;0.999993;2.98085e-09;1.20874e-08;7.29543e-10;1.21439e-06;4.01022e-11;7.27803e-09;4.05073e-09;7.17152e-09;5.5518e-06;4.55527e-09;7.23391e-11
1.84268e-05;0.42567;5.5178e-08;1.48785e-06;0.000218411;0.000344223;7.09877e-05;0.420515;0.00121419;2.8792e-06;4.76429e-05;1.81383e-08;0.151888;8.23875e-06
4.1027e-10;1.08757e-09;1;1.24303e-10;8.02321e-10;3.55758e-11;2.13398e-10;2.17411e-11;1.77113e-10;8.793e-11;2.33812e-11;1.50354e-07;1.13787e-11;1.19698e-09
2.0125e-08;1.93954e-06;0.999869;2.31862e-09;6.86861e-09;2.99017e-09;7.4879e-10;5.06347e-07;7.12515e-09;7.82547e-10;1.10009e-09;0.000128067;5.82823e-09;9.48306e-08
9.30363e-07;0.000117691;3.75894e-06;1.24916e-07;0.003105;0.000801186;2.02944e-09;3.07671e-05;1.46213e-06;6.16045e-08;5.44997e-06;8.94804e-05;0.000161355;0.995683
1.26748e-06;0.992089;2.21221e-08;7.71025e-10;1.26895e-06;2.29175e-08;1.08685e-06;3.58847e-08;8.63369e-11;9.86987e-06;5.71613e-11;8.89149e-09;1.63684e-05;0.00788084
8.02987e-13;6.0268e-14;1;7.03554e-14;3.22091e-10;4.86865e-12;8.35784e-13;9.19869e-12;3.56625e-14;4.89608e-13;3.53002e-15;1.82961e-09;3.59046e-14;4.73502e-13
0.000165958;0.0958866;0.0143194;0.000174993;0.00022628;3.94698e-05;0.000781293;0.790136;0.0243637;8.42456e-06;0.00212437;0.000482518;0.0712858;5.4476e-06
1.22039e-06;0.0158721;4.2225e-07;1.10684e-07;3.68103e-06;4.66625e-07;2.82719e-09;0.968273;8.45931e-07;5.68637e-08;6.2589e-07;6.35605e-07;0.0158461;9.44338e-07
3.33085e-10;0.999993;6.38313e-14;1.1052e-11;3.33082e-11;4.72422e-11;2.97733e-07;2.04532e-09;6.65717e-14;7.15514e-07;5.43751e-13;2.50992e-13;8.60357e-08;5.85174e-06
3.56584e-12;9.0279e-14;1;3.07094e-12;1.90609e-10;5.78025e-12;5.24731e-09;8.87006e-16;1.998e-13;1.43235e-10;3.67253e-13;2.09624e-07;8.34693e-16;7.557e-12
2.26414e-05;0.0167573;2.69765e-06;7.07893e-05;2.50357e-07;5.59846e-06;0.075725;0.000151568;0.887761;6.0263e-07;0.0140668;5.17888e-08;0.00543507;2.20367e-07
2.30508e-05;0.00887774;1.38752e-07;1.81133e-07;2.30514e-05;8.93784e-07;1.26278e-09;0.990157;6.774e-07;2.3828e-08;1.11152e-08;8.83337e-06;0.000128706;0.000779456
3.04779e-08;0.00357188;2.67145e-07;1.31372e-06;3.36545e-05;2.35793e-05;1.41266e-09;3.90821e-05;2.539e-08;2.31091e-08;6.72515e-08;0.990154;5.23992e-05;0.0061237
1.1917e-06;0.00854273;2.0405e-08;1.48067e-07;2.82102e-06;2.29148e-07;1.16443e-08;0.000108694;4.66084e-07;8.23081e-09;1.0778e-06;1.39271e-05;0.991316;1.30191e-05
0.000385647;0.0216588;0.262975;1.86344e-06;7.19562e-05;5.69829e-06;3.94192e-08;0.00170491;2.09992e-05;3.40688e-06;1.14485e-06;0.648925;0.0639314;0.00031429
2.30149e-05;0.688806;0.00032826;0.00081009;0.000677602;0.00891232;1.31505e-05;0.0273211;0.0456584;0.000302412;0.0242228;0.00127054;0.200844;0.000809988
