3.61902e-06;0.983088;9.84323e-08;1.69115e-07;2.4962e-07;1.9772e-06;0.000661524;2.12044e-05;1.1942e-07;0.000172225;2.53054e-08;8.93034e-11;0.00323441;0.0128163
2.83719e-13;7.15413e-14;1;2.04814e-12;6.37756e-11;2.09873e-10;2.10812e-12;8.39529e-15;1.30533e-13;9.67704e-11;1.33745e-14;1.02025e-12;1.45684e-15;1.20538e-10
4.17754e-08;1.00771e-06;0.999997;3.86878e-08;2.22551e-08;2.48487e-08;1.3269e-07;3.94019e-09;8.9719e-08;1.00318e-09;5.32386e-08;1.77637e-06;1.12e-07;1.29344e-08
2.03568e-08;7.52341e-06;0.873455;7.2879e-08;3.88695e-09;4.9048e-08;1.49341e-09;1.92083e-05;1.63156e-08;8.76665e-09;3.2543e-08;0.126515;1.29545e-07;2.40888e-06
9.72674e-08;0.00171039;9.4786e-06;1.16865e-05;0.00135986;0.00232831;3.67624e-08;0.000308835;1.14509e-06;1.92626e-07;9.60004e-06;3.0793e-07;5.05415e-05;0.99421
1.71022e-06;0.262775;0.000618906;5.69599e-06;4.45043e-05;5.86049e-05;3.95642e-09;0.000518591;1.83474e-08;5.34605e-08;5.34237e-08;0.731376;0.00278849;0.00181274
6.65849e-07;0.862623;6.31375e-08;2.45703e-07;0.000491133;9.90087e-06;5.48365e-06;0.133267;4.32053e-06;3.43124e-08;6.45733e-06;1.46612e-07;0.00349135;0.000100053
4.46584e-05;0.199087;0.309988;0.000187008;0.339928;0.0612101;4.64953e-08;0.00153718;5.0535e-08;1.13886e-05;2.73294e-07;0.00749822;0.0580439;0.0224635
3.54602e-07;0.0887108;1.77457e-07;9.06401e-05;8.10566e-07;4.78508e-05;2.60931e-08;0.00153115;9.4608e-06;1.96223e-08;8.00276e-05;0.0432237;0.866184;0.000121057
6.81739e-06;0.287788;1.25854e-07;2.04482e-05;0.00797892;7.75949e-05;4.64484e-08;0.563579;1.34095e-06;1.61016e-06;9.47376e-07;0.00322746;0.137024;0.000293395
4.80671e-05;0.974925;2.31348e-06;5.35567e-06;0.000750611;7.84917e-08;9.49955e-05;0.0174915;4.42766e-07;6.39146e-05;1.99245e-06;0.00480143;0.00175896;5.51524e-05
0.000222175;8.35061e-05;0.707657;0.00342015;0.0372913;0.000546137;4.31482e-06;2.18526e-05;3.18216e-05;2.10261e-05;0.000618837;0.248301;0.00171407;6.68456e-05
0.0011253;0.674837;7.81995e-09;7.55389e-08;4.26525e-07;5.22473e-07;1.09184e-06;0.268498;6.08484e-05;2.36209e-08;1.90012e-05;1.68227e-05;0.0554404;1.26289e-07
1.42927e-06;0.999558;1.5828e-10;3.15885e-08;5.95609e-07;6.2778e-08;5.81549e-05;3.00981e-05;3.47799e-07;5.20983e-06;5.67213e-08;2.09318e-08;0.000277119;6.88454e-05
1.41776e-08;6.31377e-09;0.999995;1.96326e-08;4.96114e-08;1.88807e-08;3.35877e-06;2.40186e-11;5.71414e-07;2.34605e-08;1.42926e-08;5.51777e-07;6.98658e-11;4.31111e-10
7.53538e-06;0.997184;5.89631e-07;3.76584e-08;2.13855e-09;2.37218e-09;2.50671e-05;1.17823e-05;7.04067e-06;3.50046e-08;1.83099e-06;4.03298e-05;0.00272212;1.80293e-08
1.36388e-09;4.17362e-06;1.5936e-08;3.61394e-08;3.142e-07;1.41165e-06;5.66092e-11;1.45671e-06;3.67307e-07;3.46983e-11;6.15562e-08;0.999985;8.93892e-07;6.10451e-06
1.80944e-06;0.735916;9.28159e-10;1.6415e-08;1.23148e-07;7.00961e-07;2.20371e-07;0.000517021;3.99933e-07;8.24291e-09;1.47003e-07;1.81741e-06;0.263562;5.22706e-07
5.9831e-06;0.387061;6.5775e-05;2.68233e-06;7.33602e-05;0.000118378;1.39465e-06;0.00351911;8.49026e-07;1.38856e-06;5.9299e-07;0.593928;0.00565771;0.0095636
1.4123e-05;0.524977;6.66363e-07;0.00807305;0.0231728;0.0570538;1.35468e-06;0.184973;0.000453274;4.13782e-05;0.000522156;0.0216275;0.0262339;0.152856
0.000196089;0.98659;3.01447e-06;4.67046e-05;3.16462e-06;7.69268e-06;0.00174318;0.00623155;4.9942e-06;0.0002022;5.29735e-05;1.89809e-06;0.00478546;0.000130949
4.44182e-09;1.13032e-08;1;4.32624e-09;3.89196e-09;1.26168e-10;1.70767e-08;5.33366e-10;2.94189e-10;1.70191e-10;1.46444e-09;1.89995e-08;6.303e-10;1.9587e-10
9.06839e-06;0.000727118;0.022479;6.98507e-05;2.87286e-06;0.000112613;1.71085e-07;0.00247355;0.000168839;5.08062e-07;0.000147099;0.973704;7.98819e-05;2.55602e-05
1.51411e-05;0.622893;1.27267e-08;2.33502e-05;0.000198836;0.0118531;1.28265e-06;0.00141172;1.01949e-05;8.89756e-06;4.90836e-05;1.55459e-05;0.310802;0.0527177
8.17746e-06;0.100017;0.000131565;3.42596e-05;0.00531724;0.0084754;2.8146e-08;0.000178372;7.50367e-08;1.42819e-05;1.93387e-07;0.849125;0.002956;0.0337433
5.08799e-07;0.307937;2.87733e-09;3.59081e-05;3.35196e-05;0.000629251;1.29161e-05;0.000409818;8.88986e-05;1.17001e-07;4.33688e-05;2.51362e-07;0.6908;8.45625e-06
1.3329e-07;0.999986;8.77779e-07;1.66768e-07;8.28045e-08;1.86691e-07;1.89279e-10;3.0535e-06;1.38619e-10;1.24446e-08;5.56879e-11;2.13376e-07;7.57797e-07;8.286e-06
4.43458e-07;0.995448;4.45544e-09;1.32552e-07;2.39684e-08;1.11773e-07;6.02157e-05;1.68502e-06;1.48983e-10;0.000145575;7.59263e-10;8.33913e-10;0.00106984;0.00327348
7.31843e-12;3.2126e-12;1;1.19321e-10;8.40368e-09;7.64181e-09;1.57056e-09;2.24077e-12;9.98532e-13;2.92651e-08;1.74853e-12;1.51686e-11;4.97097e-13;1.77048e-08
1.93074e-08;1.88537e-07;0.999999;3.87585e-08;1.37251e-08;1.78882e-09;3.06725e-07;2.1755e-09;1.39639e-08;9.87828e-10;3.84141e-08;5.77246e-08;6.87278e-08;9.30608e-09
5.48476e-09;6.52978e-08;0.9999;1.21882e-07;4.62242e-08;9.61035e-10;1.27945e-09;4.77556e-07;6.1046e-09;4.32407e-09;3.07276e-09;9.7609e-05;1.11515e-09;1.39932e-06
1.8156e-09;4.15014e-06;1.46438e-06;5.36176e-08;0.000305675;3.36538e-06;1.63073e-11;2.63361e-05;5.56911e-11;8.78267e-09;4.21283e-10;4.77393e-07;1.17044e-08;0.999658
6.87465e-09;0.000155727;0.00345554;4.74429e-07;2.01179e-06;8.90477e-06;2.49672e-10;1.40639e-09;1.31588e-11;4.20611e-09;2.28855e-09;0.996294;8.14721e-05;1.60829e-06
9.55257e-06;0.29377;3.38883e-06;2.89354e-07;1.05495e-06;9.65399e-06;1.36706e-07;0.177754;5.86297e-07;2.06831e-09;1.82918e-06;4.71853e-06;0.528445;2.38994e-07
2.46662e-08;0.995985;2.06376e-08;9.20919e-09;3.82006e-08;1.55317e-06;5.17748e-06;5.14878e-07;1.54412e-10;6.66153e-06;4.01852e-10;3.26676e-09;0.000265445;0.00373528
2.12238e-11;1.42549e-11;1;2.54279e-09;2.02865e-08;1.50745e-08;9.51123e-10;1.08896e-13;7.79832e-13;1.64751e-09;3.6566e-12;2.74442e-08;2.3303e-12;2.3068e-08
4.4397e-05;0.499251;9.14343e-08;0.00111656;0.00683256;0.000364424;0.00153103;0.46066;0.000650776;3.92501e-05;0.020799;0.000687421;0.00740686;0.000615972
8.19364e-05;0.64214;1.97628e-06;3.46748e-05;0.000137567;0.000101972;0.0253424;0.0179827;9.08606e-05;0.000211702;0.00109872;1.80701e-06;0.312753;2.11602e-05
1.12313e-10;1.09479e-10;1;3.38457e-10;5.4019e-10;4.15836e-11;5.85994e-10;3.1291e-12;7.58491e-12;3.50275e-11;9.86048e-12;1.10087e-08;8.12283e-12;2.93184e-10
1.86536e-05;0.0600069;0.935095;4.5213e-06;3.31179e-06;9.16863e-06;0.000167297;0.00019;3.38177e-06;5.95243e-07;1.9379e-06;0.00442747;5.99442e-05;1.19959e-05
5.40095e-07;0.0108438;8.84058e-07;1.67735e-06;0.00975546;0.0268034;8.32835e-09;0.000241015;6.62956e-07;2.08942e-08;9.63408e-07;0.000441365;0.0116557;0.940255
8.10424e-07;0.988887;3.08683e-06;1.22108e-08;1.1588e-07;7.47151e-08;7.62343e-06;2.49506e-08;1.8803e-09;8.94677e-07;1.4176e-08;1.16339e-05;0.0085289;0.0025593
8.38479e-11;9.72444e-12;1;1.12272e-11;5.44924e-08;1.01578e-10;1.3306e-10;1.74115e-10;7.71649e-12;6.17744e-11;3.33586e-13;1.02425e-09;7.10482e-12;9.26486e-11
2.67946e-05;0.951191;3.49929e-06;0.000319083;0.000104981;2.3945e-05;9.95428e-05;0.0350547;0.0041278;1.45358e-05;0.000332451;3.91295e-06;0.00865799;3.98756e-05
1.16026e-05;0.954277;0.000408824;6.15607e-05;7.61185e-06;5.25325e-05;1.45061e-08;0.000317899;6.58243e-09;1.28805e-06;1.93521e-08;0.00149354;0.0432091;0.000158912
2.1198e-05;0.0672452;1.64895e-08;0.000159536;3.67651e-05;2.76109e-05;4.39531e-05;0.000748341;1.69878e-06;2.39958e-05;0.000134491;2.98808e-06;0.930581;0.000973534
4.28026e-05;0.0119334;6.66732e-08;0.364051;0.0429218;0.0570954;8.67659e-07;0.00490916;3.97095e-05;0.000544411;0.000925157;0.00458214;0.000251976;0.512703
0.00074618;0.0340805;7.96429e-08;7.17231e-07;3.4312e-07;2.22393e-09;1.12159e-05;0.965053;4.9858e-07;4.84257e-07;1.58833e-05;3.89288e-05;4.85123e-05;3.12388e-06
3.51678e-05;0.00181799;0.688517;0.000979535;0.00144829;0.000138588;1.66979e-05;1.89448e-05;3.08926e-06;4.7498e-05;0.000120998;0.304233;8.97385e-05;0.00253323
0.00341423;0.766372;6.36629e-07;1.22323e-05;2.62122e-05;4.13666e-05;0.000220963;0.000477581;0.0078687;6.5985e-07;0.00772156;0.0086641;0.205108;7.1942e-05
4.11877e-05;0.940681;1.18716e-08;1.8955e-07;3.80394e-05;4.25349e-06;6.07181e-09;0.0115135;1.58756e-07;8.12563e-07;1.8796e-09;0.019917;0.0112313;0.0165725
0.00277936;0.560345;1.32457e-09;0.000184659;1.08831e-05;1.58454e-05;0.00192543;0.010515;0.387181;4.76084e-05;0.0239245;9.45187e-06;0.0130549;6.1231e-06
0.000692721;0.0329078;7.11878e-05;8.15121e-05;5.65681e-05;9.11739e-06;3.60581e-07;4.75127e-07;1.04346e-05;1.83877e-06;1.16182e-05;0.0195999;0.94653;2.63546e-05
0.00410749;0.949597;0.000109501;4.97666e-05;8.10317e-05;1.23131e-06;1.4496e-05;0.00489865;0.0243908;4.1851e-07;0.000442085;0.0115278;7.49885e-05;0.00470486
1.01798e-05;0.129657;2.94131e-06;9.21687e-06;0.551837;0.000190055;8.51625e-08;0.273196;6.84157e-05;8.27797e-06;1.30732e-06;0.0397955;0.00201301;0.0032111
1.22155e-07;7.61105e-05;3.47039e-09;7.51144e-08;9.90404e-10;4.17795e-06;6.96243e-08;2.52759e-07;4.28423e-06;1.52076e-07;8.20758e-07;2.5086e-08;0.999914;1.16822e-10
5.11863e-08;1.54117e-07;0.999999;3.19021e-07;1.6777e-09;4.68841e-09;1.2438e-08;7.16616e-10;5.90576e-09;2.96913e-07;1.2753e-08;2.51579e-07;1.33533e-08;2.79727e-08
8.96853e-06;0.993812;4.0641e-06;1.71208e-05;7.74043e-07;7.02461e-07;6.38513e-05;0.00237575;0.00286823;8.55187e-07;0.000718326;1.58806e-06;0.000114874;1.24026e-05
