1.70274e-07;0.00131994;5.81636e-12;9.63178e-10;4.78162e-11;3.475e-09;3.42204e-09;1.36425e-07;1.84626e-09;1.44447e-10;9.60886e-09;5.49757e-08;0.99868;1.99484e-11
4.3029e-06;0.00115592;0.991823;2.47065e-05;3.53536e-05;6.31869e-07;1.04328e-06;5.16543e-05;1.5375e-07;4.91881e-06;1.00736e-07;0.00143537;1.17038e-07;0.00546295
1.72038e-06;0.99948;1.39791e-08;4.37654e-07;0.000113571;3.22884e-08;4.4889e-08;0.000379205;8.28237e-08;6.8081e-08;2.4538e-08;1.03627e-06;1.48793e-05;8.43871e-06
9.68632e-07;4.95397e-05;1.14892e-08;6.46948e-07;3.4835e-06;3.6354e-05;5.94928e-09;0.992348;9.91462e-07;2.3969e-07;5.60616e-07;0.00541266;0.00214556;6.60591e-07
0.000960716;0.992875;0.000205803;0.00123574;6.59325e-05;2.35343e-05;0.000232587;4.62916e-05;0.000400934;2.3041e-05;0.000305637;0.000166976;0.00343693;2.11018e-05
3.56627e-05;0.984787;1.40945e-09;1.60581e-06;1.26831e-06;9.88808e-06;5.0149e-08;0.000521975;2.60332e-07;9.26388e-08;1.54145e-07;1.13849e-05;0.0146043;2.60809e-05
9.25233e-08;0.000437298;3.99536e-10;1.80471e-07;2.45729e-06;1.1212e-07;5.38447e-10;0.000107649;5.12114e-08;3.41517e-09;1.14644e-06;2.01843e-05;0.99943;4.50528e-07
2.34249e-05;0.000508632;6.61153e-06;2.38603e-06;5.50161e-06;1.35246e-06;1.7516e-08;0.000121236;5.30922e-05;4.43167e-08;1.60082e-05;0.993138;0.00610438;1.96068e-05
6.21672e-06;0.561791;5.16511e-06;2.04192e-07;0.000105296;3.13049e-05;7.84764e-08;0.00249777;2.81168e-07;1.5954e-07;3.16724e-07;0.000122941;0.433856;0.00158342
3.17054e-08;0.00501351;1.42492e-05;4.42102e-06;0.000736171;0.000335034;4.78786e-06;1.26192e-05;3.4715e-07;0.000100899;6.62182e-08;1.46545e-06;7.5927e-06;0.993769
1.14534e-11;1.10294e-10;1;1.31407e-11;1.54309e-12;8.08501e-12;1.45643e-10;3.87365e-13;4.50276e-12;2.11637e-12;8.27207e-11;7.21528e-10;2.00843e-12;9.11383e-14
0.00040627;0.0153165;3.61966e-10;7.86716e-06;5.34611e-05;0.00013197;0.000308715;0.000752959;0.0318111;2.00936e-06;0.175547;0.000644011;0.767955;0.00706295
1.36491e-05;0.976112;3.24887e-07;2.83828e-09;1.13015e-07;7.18421e-09;6.73031e-07;0.0108348;7.33728e-07;4.03731e-08;2.08558e-07;0.000800653;0.0122364;1.17463e-07
3.1282e-06;0.0480306;0.000143983;0.000264471;0.0147003;0.00334401;4.99377e-05;0.00109172;3.99187e-05;0.000650414;9.63457e-06;0.799817;0.0849742;0.0468809
3.9705e-05;0.00880992;4.18209e-08;0.00343788;5.39101e-05;0.000143454;4.23661e-05;0.00014155;0.924503;1.63087e-06;0.0537423;0.00204408;0.00483413;0.00220613
0.000477906;0.948234;1.71064e-09;9.97653e-07;1.08731e-06;4.43563e-07;5.53724e-07;0.000561936;4.95672e-06;1.48339e-07;6.57741e-06;0.0223959;0.028254;6.11615e-05
4.05826e-06;0.0203972;1.69195e-06;7.71667e-07;0.00182294;1.17653e-05;1.63595e-08;0.00996428;3.34337e-07;5.45644e-08;3.24956e-08;0.90398;0.0635714;0.000245015
3.2684e-06;0.0119682;3.23499e-07;0.000325615;0.00550688;9.28696e-06;3.64592e-05;0.977783;0.000107644;3.95129e-05;0.000137605;0.00124662;0.00206725;0.000768405
2.60877e-06;0.001456;0.997319;0.000259854;3.36008e-06;7.7594e-05;1.7259e-06;6.98118e-07;9.20387e-08;6.81995e-06;1.04253e-05;0.000471015;5.74016e-05;0.000333603
0.000232771;0.010731;8.51826e-07;1.19629e-08;3.02866e-07;1.22189e-07;2.08015e-06;0.988791;6.14384e-06;1.42077e-08;1.57094e-06;4.03439e-07;0.000231489;2.48018e-06
4.28554e-09;0.000126646;9.04947e-08;1.67739e-09;7.30489e-07;1.45277e-07;2.65642e-12;2.50566e-06;1.31085e-08;3.39582e-11;1.18036e-08;0.999722;0.00014298;4.45684e-06
1.29173e-05;0.944015;3.86873e-10;3.0336e-07;0.000240607;2.41294e-07;5.46851e-07;0.0414671;2.6708e-06;4.57324e-07;3.47365e-06;5.155e-05;0.0129628;0.00124179
7.91687e-06;0.494796;2.1228e-05;6.60929e-08;1.70333e-06;2.93611e-09;2.34484e-06;0.00211848;8.40539e-07;2.95226e-07;1.90993e-07;0.502847;1.98075e-05;0.0001835
3.17593e-05;0.0452128;2.92211e-09;7.26913e-07;0.000146445;0.000188466;2.1701e-07;0.951516;4.75329e-05;1.96214e-07;5.35975e-07;0.000554387;0.00227647;2.40294e-05
2.26947e-05;0.00029288;2.59053e-09;2.38433e-07;2.20558e-05;4.2407e-06;6.76463e-09;0.910343;5.51121e-06;5.53603e-09;2.26347e-07;2.51821e-05;0.0892824;1.31302e-06
0.000434633;0.674848;4.34214e-05;2.0294e-06;7.54836e-06;1.26523e-05;3.82137e-05;0.00473794;1.0068e-05;6.95639e-05;3.41264e-07;0.000574021;0.317451;0.00176996
3.43932e-09;3.66486e-08;0.999998;6.3912e-09;1.17617e-07;3.58096e-09;3.00382e-09;6.858e-08;1.73335e-09;2.87152e-10;1.23251e-09;1.39295e-06;7.17338e-10;9.26446e-10
8.04556e-07;0.00242316;0.000156089;1.36158e-05;3.22867e-05;6.11843e-05;3.15359e-08;0.00557022;1.78427e-05;4.73601e-07;1.71303e-05;0.98999;0.000189949;0.00152757
3.51484e-07;0.999351;1.03568e-06;2.9622e-08;3.36507e-08;1.74183e-06;7.42098e-08;5.81529e-06;5.02118e-09;2.46791e-08;4.33577e-07;1.67783e-06;0.000630283;7.97939e-06
3.28509e-09;6.12199e-05;4.24673e-08;2.94119e-08;5.81039e-05;0.000433327;1.4155e-11;4.11644e-05;2.14994e-09;3.84526e-10;3.30221e-08;0.990751;6.26199e-05;0.0085923
5.70276e-10;0.999676;2.33238e-12;2.51891e-11;1.58231e-10;8.76057e-09;1.19186e-08;4.09227e-09;4.76566e-12;1.98351e-10;7.81065e-11;8.43325e-12;0.00032333;7.31149e-07
2.64993e-09;8.86701e-08;0.999999;6.04342e-10;3.51193e-07;5.19589e-08;1.4011e-09;4.08145e-09;5.5533e-12;9.53173e-10;4.56473e-11;1.89703e-07;5.40736e-07;4.25202e-09
7.5406e-06;0.600069;1.43435e-07;0.000660639;0.00200729;2.48708e-05;4.60824e-05;0.00207182;0.000173579;7.48171e-06;0.00600118;0.00197032;0.386896;6.41735e-05
8.21568e-06;0.0961698;0.00438765;0.00121447;3.53434e-05;0.000180264;2.36896e-06;2.0373e-06;1.56225e-08;1.10369e-05;4.10111e-06;0.000953095;0.896903;0.000128983
8.11245e-06;0.544873;4.40657e-06;2.09383e-06;4.24712e-06;1.26638e-08;1.61138e-06;0.412257;5.91487e-07;2.71921e-07;4.04882e-05;0.0191505;0.0236561;9.11849e-07
6.84313e-07;0.169544;5.49341e-11;0.000668962;0.000153112;0.177765;3.4102e-06;0.000487418;1.84528e-05;5.59342e-05;9.39262e-05;1.7325e-07;0.0362079;0.615001
6.22119e-06;1.39826e-06;0.13924;3.4342e-06;2.55793e-08;3.0296e-07;3.5496e-07;4.16081e-07;3.28898e-08;2.33499e-06;6.78649e-07;0.860717;2.72517e-05;1.3781e-07
8.70377e-06;0.995597;1.67282e-07;1.85981e-05;5.29562e-07;2.86222e-06;7.83551e-06;0.00198518;0.000281596;8.24877e-08;0.00144413;1.34794e-05;0.000611163;2.91319e-05
1.08814e-06;0.0027201;1.16255e-10;6.04414e-09;0.0012262;3.26317e-09;3.09495e-10;0.996041;1.34445e-08;9.83263e-09;3.61724e-09;1.77698e-07;1.11443e-06;1.06489e-05
1.61868e-07;6.59074e-06;0.999256;1.48483e-06;0.000108895;2.38804e-05;3.86829e-09;9.7363e-07;3.72868e-09;3.82485e-07;1.36297e-07;0.000497701;9.99934e-05;3.67039e-06
7.50729e-06;0.992235;2.49434e-10;8.58451e-09;3.2694e-08;1.93084e-09;0.00744716;0.000268095;6.5219e-07;4.43875e-06;2.84711e-06;8.42661e-07;2.73245e-05;5.98782e-06
8.15984e-10;8.38493e-10;1;1.55535e-09;1.01235e-08;1.83803e-09;2.60408e-08;3.22822e-12;1.21753e-08;7.07437e-10;7.68783e-10;3.62317e-08;1.86013e-10;4.80963e-10
6.57936e-06;0.179714;1.3571e-06;7.81655e-09;4.86736e-08;2.74304e-09;7.61594e-08;0.819457;1.3285e-06;1.14156e-08;2.41487e-07;4.55268e-07;0.000818761;5.02449e-07
3.59695e-09;0.000776968;1.68636e-06;1.63308e-07;1.42335e-06;4.53797e-08;2.03919e-09;8.97232e-06;1.19231e-07;5.36388e-09;7.55137e-07;0.999206;2.57163e-06;9.51813e-07
1.55613e-06;0.998163;2.75098e-08;6.73382e-09;4.90236e-09;1.07814e-08;1.53587e-06;9.65501e-05;2.06167e-08;2.10104e-08;2.25673e-07;5.52929e-07;0.00173666;4.05666e-09
2.90542e-05;0.914549;2.77067e-06;3.06971e-07;5.31049e-06;2.12065e-05;0.0122212;3.56571e-05;8.72365e-06;0.00160178;2.73976e-06;0.000101678;0.000650719;0.0707694
9.71426e-09;6.77835e-09;0.999995;3.75366e-09;1.00586e-09;4.22942e-06;2.70463e-08;1.18415e-11;3.33174e-07;3.15923e-09;6.01977e-09;3.43519e-10;4.91249e-09;2.72801e-10
0.000163676;0.504835;0.0112686;1.42851e-06;2.4801e-05;2.22284e-05;1.00474e-06;0.467675;3.51389e-05;7.18201e-07;1.34385e-06;3.76753e-06;0.0159441;2.33153e-05
5.64641e-05;0.648484;2.03437e-07;0.000193824;9.51424e-05;0.000178779;2.24602e-05;0.150501;0.183492;2.89777e-05;0.00810667;4.45257e-06;0.00723013;0.0016066
0.000288126;0.14027;5.92898e-06;9.69292e-06;3.74138e-05;0.000315437;5.02817e-08;0.83984;8.73654e-06;1.59377e-05;3.34537e-06;2.55435e-05;0.0146778;0.00450209
3.37933e-08;0.000502063;3.77947e-07;1.62356e-07;3.30539e-07;4.4737e-06;3.10018e-10;5.55797e-07;1.96354e-08;3.87974e-09;1.75598e-07;0.999435;2.862e-05;2.85153e-05
3.1623e-05;0.352729;6.87048e-08;2.00987e-06;0.00533085;6.79768e-05;6.267e-06;0.621295;5.89544e-05;5.68631e-07;6.92186e-06;0.000618;0.0159349;0.00391804
0.00164815;0.030692;2.91724e-05;0.000272168;0.129949;0.000192779;1.15019e-06;0.661242;0.00873525;6.68743e-06;0.000625277;0.120383;0.0456311;0.000591829
0.0135649;0.102377;1.36289e-06;3.73472e-05;0.000564175;8.17193e-06;0.000411277;0.186484;0.660148;2.75753e-05;0.00203367;0.000329435;0.0339802;3.3711e-05
1.26623e-05;0.997664;3.36684e-06;2.55719e-06;2.4348e-05;3.981e-08;1.51328e-09;0.00188752;1.13089e-06;1.31854e-07;3.66782e-08;0.000249634;1.96654e-06;0.000152968
0.000250421;0.963602;0.014557;0.000698394;9.93896e-05;0.000109593;6.32189e-05;1.31686e-06;6.44689e-06;5.54924e-05;0.00025239;0.00346838;0.0167015;0.000134302
0.000176463;0.0344642;1.68845e-06;9.17322e-06;4.36765e-06;3.33426e-06;1.46446e-05;0.00136832;0.00821111;7.45792e-07;0.32317;0.631144;0.00137977;5.23147e-05
2.18432e-06;0.0137021;3.45928e-06;2.79767e-07;0.0096701;0.00036811;2.53479e-08;0.896696;3.19143e-06;1.71098e-06;1.92801e-07;0.000612628;0.0769793;0.00196063
2.46975e-05;0.0610011;4.36232e-07;1.21353e-05;1.99855e-05;0.000396866;3.64459e-06;0.00211106;0.000274301;3.29207e-06;6.43952e-05;0.00271956;0.933284;8.42708e-05
2.62976e-05;0.000964565;0.998839;1.45589e-05;4.5566e-06;1.29081e-07;5.31969e-06;2.29829e-05;1.47303e-06;6.76697e-06;1.2809e-06;7.32866e-05;2.64995e-05;1.31478e-05
5.06877e-06;0.996393;6.87205e-06;4.06179e-06;2.08238e-07;1.77117e-06;1.93713e-06;0.000240444;0.000222376;2.24852e-08;0.000222179;0.000147948;0.00274697;7.1782e-06
4.20115e-05;0.0926758;2.07184e-06;1.46231e-05;0.0129846;7.25018e-06;2.68006e-08;0.854105;0.000950041;8.75602e-07;0.000119964;0.0300821;0.00776809;0.00124723
4.97732e-07;0.980405;4.35538e-05;5.72808e-06;1.00006e-06;2.03843e-06;0.000104796;6.20897e-08;4.69802e-09;0.00119462;9.27835e-08;4.15316e-10;9.36135e-06;0.0182333
1.78348e-08;4.02005e-11;0.999992;1.10648e-09;2.60418e-09;1.17774e-09;3.47487e-06;3.71947e-10;4.67546e-09;1.05395e-08;3.47145e-07;4.03858e-06;6.84502e-10;9.14137e-11
4.39028e-06;0.0309705;2.13517e-07;4.91267e-07;2.02249e-06;3.21841e-06;0.967033;0.000199145;0.000462234;0.000207471;0.00074225;2.52789e-07;0.000325256;4.9125e-05
1.58238e-10;5.84483e-11;0.999999;5.20085e-10;1.41142e-09;8.58974e-09;4.12764e-09;6.65976e-13;4.51663e-10;4.96901e-10;8.71936e-11;9.94978e-07;6.41446e-12;2.46749e-10
2.3598e-05;0.391497;6.19481e-05;1.03335e-07;2.43651e-06;1.81227e-08;2.57219e-07;0.559378;1.51887e-05;1.66627e-08;3.51131e-06;0.0462335;0.00278454;5.73238e-08
2.08191e-05;0.860691;1.06102e-06;1.27116e-06;5.96352e-05;4.43465e-05;7.98423e-07;0.0563034;1.8731e-05;7.19711e-07;3.06462e-06;0.00466406;0.0781688;2.2042e-05
1.15462e-06;0.0107425;1.35275e-08;3.28158e-06;1.50738e-07;1.441e-06;0.970446;1.73054e-06;7.23896e-05;0.0178388;8.49698e-06;4.50709e-07;4.76504e-06;0.00087883
3.01031e-10;2.57884e-11;1;5.22588e-10;4.16195e-11;2.40495e-10;5.97209e-09;5.60946e-13;7.82597e-10;2.43048e-10;1.55218e-10;1.90689e-09;2.04474e-12;3.1332e-12
0.000239107;0.0106765;1.52915e-05;9.71198e-08;1.36432e-07;1.54127e-08;2.43132e-06;0.988749;3.23463e-05;8.2528e-08;1.67864e-06;5.50821e-06;0.000276301;1.56484e-06
3.3264e-08;0.00102257;2.56776e-06;9.33368e-09;1.53106e-07;9.61556e-08;9.13303e-10;4.20681e-05;1.2849e-07;4.5666e-10;4.16286e-08;0.998913;1.47392e-05;4.93335e-06
3.5755e-05;0.125632;1.76995e-06;3.72683e-06;0.00335772;0.000594612;6.16037e-07;0.283403;9.31099e-06;1.0066e-06;6.94751e-06;4.88526e-05;0.586532;0.000372217
5.07385e-05;0.0347637;6.01389e-05;3.2177e-05;0.000474655;0.00390791;1.60715e-06;1.40549e-05;4.65327e-05;4.60763e-06;1.5918e-05;0.0174305;0.941363;0.00183494
0.0127737;0.0366661;0.000996931;1.68009e-05;0.000798961;0.000183144;5.01505e-05;0.476899;0.0195698;3.1405e-05;0.000733579;0.442027;0.00902771;0.000225054
0.000391916;0.0163919;5.47717e-06;9.44087e-05;0.00115017;0.000531408;5.74699e-05;0.0364351;0.933925;2.43718e-05;0.00142632;0.000330049;0.00796401;0.00127271
0.000184544;0.997295;7.63804e-05;6.48632e-05;0.000915206;4.68528e-06;3.80889e-07;4.75219e-05;0.000150722;1.30578e-05;5.0384e-07;0.00121102;1.46953e-05;2.11336e-05
0.000556709;2.2193e-05;2.53747e-09;5.45006e-09;1.12324e-07;4.45625e-08;4.70532e-07;0.99878;0.000525435;7.60796e-08;1.74682e-07;1.28796e-09;0.000114906;1.44275e-09
4.65118e-08;3.18991e-06;1.18335e-06;1.86838e-08;7.4297e-07;1.3218e-07;6.46966e-10;1.80393e-06;4.16607e-06;7.5645e-10;1.76428e-07;0.999953;3.06351e-05;5.11798e-06
2.7015e-05;0.989043;4.03389e-09;1.72821e-06;1.24938e-05;5.51864e-07;6.87328e-07;0.00116748;5.53416e-05;9.70692e-08;1.69119e-05;8.63476e-06;0.00962887;3.72459e-05
1.25007e-06;0.00105357;6.46125e-06;2.56967e-07;1.92009e-05;1.69938e-07;1.49178e-08;0.0177889;1.81863e-06;3.32734e-08;1.082e-06;0.98091;0.000216703;1.07579e-06
1.15983e-05;0.633726;3.52359e-06;6.81871e-05;0.000314209;0.000332442;1.30033e-06;0.261289;0.000213916;6.6193e-06;4.05391e-05;0.00097993;0.102286;0.000726621
0.00412073;0.038747;0.000376445;0.00427213;0.00101079;0.002287;0.000843686;0.0374439;0.0801052;9.36944e-05;0.00985563;0.0132741;0.804638;0.00293138
0.000185546;0.0516364;1.42958e-06;1.35997e-06;3.18742e-06;4.61535e-06;6.77213e-08;0.00638574;3.92565e-05;1.05721e-07;2.56808e-06;0.000401085;0.941312;2.66778e-05
4.51218e-05;0.646244;1.73562e-07;9.31523e-05;0.0012234;0.000385475;2.75283e-06;0.000587662;0.000175288;9.61519e-06;7.34737e-05;0.0113209;0.0138206;0.326018
3.50775e-05;0.0318124;4.85693e-08;2.65978e-07;0.000263284;1.56813e-08;2.66051e-07;0.965267;3.72758e-07;1.6832e-07;3.37118e-07;0.00216049;0.00013782;0.000322431
1.1815e-06;0.000537056;1.65255e-09;6.79676e-07;0.00123677;1.30278e-08;1.3609e-07;0.998122;1.43304e-06;2.06345e-07;8.95925e-08;5.32532e-05;4.68295e-05;1.81499e-08
0.000240241;0.000994448;0.98632;0.000206278;8.30074e-05;3.42892e-06;5.13822e-05;1.27116e-07;1.60133e-05;2.37218e-05;2.82686e-06;0.00998218;0.000201374;0.00187559
4.88371e-06;0.996423;1.02557e-09;5.85158e-06;1.95019e-07;3.23131e-07;2.24644e-05;0.00156478;0.00166046;2.95162e-08;4.43917e-05;8.4442e-06;5.63545e-05;0.000209066
4.11946e-06;0.00157786;1.82692e-09;4.87917e-08;0.00132776;7.18738e-08;1.56027e-08;0.997062;3.43738e-06;1.37895e-07;2.6966e-08;6.77162e-06;2.56287e-06;1.49204e-05
1.05719e-07;2.36868e-05;0.999562;2.8145e-06;5.0688e-05;0.000294614;1.31114e-09;2.09228e-07;1.20151e-08;2.00448e-07;1.13973e-08;4.78632e-06;2.34355e-05;3.77499e-05
2.269e-06;0.999054;4.90162e-12;4.81614e-10;4.21034e-08;2.66471e-09;0.000115201;0.000814623;1.16184e-07;2.09635e-07;1.26537e-08;4.1824e-09;1.11007e-05;2.48377e-06
1.08001e-09;2.25871e-09;0.999999;4.43169e-09;3.30025e-08;5.03667e-07;5.09969e-09;5.73869e-12;1.43209e-08;1.18684e-09;2.36342e-10;3.11806e-08;4.95508e-09;5.81758e-09
3.3089e-06;0.999313;5.62642e-06;7.24425e-08;2.25303e-09;2.37188e-09;5.57782e-07;0.000375309;1.31523e-05;2.18121e-08;1.40114e-05;7.7878e-05;0.000197592;1.13369e-09
5.58916e-10;0.999996;4.52996e-11;3.60435e-09;1.03494e-09;2.2221e-10;1.77142e-08;3.41471e-08;6.99586e-10;7.91798e-07;5.77525e-10;1.3939e-08;2.97028e-08;3.55394e-06
1.54574e-06;5.67941e-05;0.998506;2.96596e-06;2.57852e-07;5.95011e-05;0.000395964;0.000178723;2.60982e-06;7.35997e-05;0.000619478;1.6248e-08;9.96233e-05;2.99316e-06
1.6952e-10;8.92985e-10;1;4.8644e-11;1.06145e-10;8.61634e-12;2.96955e-10;4.00127e-11;2.52316e-12;5.94229e-12;2.87802e-11;7.37359e-10;2.02509e-12;2.29883e-11
2.41136e-06;0.000719327;0.000313888;9.06391e-07;4.42761e-06;8.88664e-06;2.91318e-10;6.03717e-05;8.56705e-06;6.34668e-09;1.06399e-06;0.998848;2.00928e-06;3.01491e-05
5.24246e-05;0.948953;5.8995e-08;7.61661e-08;3.33e-06;0.000108153;5.70443e-09;6.17759e-05;1.90423e-07;3.2911e-08;4.61761e-07;7.00108e-06;0.0507903;2.33304e-05
5.89811e-05;0.727041;3.84214e-05;2.62312e-06;0.0106627;4.75654e-05;0.000296158;0.000530767;4.91998e-07;0.00220395;1.05404e-06;0.0321687;4.05315e-05;0.226907
2.5562e-10;2.15764e-11;0.999996;1.98132e-11;3.54296e-06;1.76844e-09;1.13134e-11;3.46865e-09;1.11527e-10;4.11012e-12;1.29764e-13;1.07903e-09;2.77069e-12;1.00294e-10
6.57676e-08;4.7322e-05;3.47042e-09;5.62292e-11;1.96022e-07;1.36955e-07;9.488e-13;0.999951;1.45668e-08;1.52836e-11;1.78983e-11;3.27877e-07;9.05668e-07;5.64138e-10
2.14052e-07;0.0199315;8.03999e-09;3.15327e-09;1.09685e-06;6.48102e-08;2.29407e-10;0.978006;1.24091e-09;2.14936e-09;1.83069e-10;2.43324e-07;0.00206063;4.64929e-07
4.19975e-07;0.0627862;5.70486e-06;0.000100959;0.000330972;9.47842e-05;1.73316e-09;0.924188;3.07052e-07;6.53411e-07;1.23064e-07;0.0067684;0.00135936;0.00436381
8.80211e-06;0.982958;7.6027e-07;3.87218e-06;7.47521e-07;5.24196e-07;3.92148e-07;0.0026738;2.99356e-07;7.08317e-08;2.36437e-05;0.00582036;0.00850872;3.76683e-07
0.000155139;0.316947;4.31745e-05;0.000117729;0.00505485;0.00637125;0.000478687;0.0155795;1.15244e-05;0.00262717;1.7401e-05;3.10122e-05;0.596235;0.0563299
1.89321e-08;5.26539e-09;0.999998;1.66518e-08;2.14148e-08;2.45376e-09;1.803e-06;1.21745e-11;1.46253e-08;1.37422e-08;6.81408e-09;8.90134e-09;1.77812e-09;6.67372e-10
6.61788e-05;0.00121198;0.955307;6.96746e-06;6.13987e-06;2.98044e-06;3.32107e-06;0.0024008;7.28595e-05;2.51108e-06;1.00592e-05;0.0407856;0.000109665;1.34867e-05
3.5715e-06;0.00206725;1.96892e-05;1.08008e-05;0.000299679;0.0734149;3.9125e-08;2.92863e-05;5.13036e-06;6.97653e-06;7.37009e-06;0.0080619;0.100978;0.815095
5.62199e-06;0.0437725;0.878134;2.11343e-05;3.19391e-05;0.000171544;0.000391093;2.11056e-08;3.86814e-07;0.000902753;1.15543e-06;0.0112645;0.00013761;0.0651654
9.5706e-09;3.45914e-07;0.999991;1.32418e-08;1.74368e-07;7.0063e-07;1.44849e-07;7.11401e-10;7.98893e-09;6.83582e-09;7.09485e-09;4.44366e-06;2.80368e-06;7.12272e-10
2.31386e-05;0.93459;2.87104e-07;6.15914e-05;0.000756611;0.000529783;9.32582e-05;0.0287289;0.00986739;2.78543e-05;0.00138052;4.77971e-06;0.023778;0.000157776
4.40452e-06;0.999072;7.17071e-06;3.03054e-05;6.43987e-06;7.58555e-06;1.89753e-08;0.000246636;2.24202e-07;7.28615e-07;7.35074e-07;0.000529886;8.44252e-05;9.30461e-06
0.00199397;0.655917;0.000130436;4.54466e-05;2.39026e-06;2.17165e-05;0.0040112;0.015753;0.000561365;4.95693e-05;0.00698664;0.224817;0.0897089;7.42225e-07
5.91185e-05;0.203594;0.000321883;8.9155e-05;0.0010069;0.000347137;0.000212281;0.336996;2.74298e-05;1.64533e-05;3.2457e-05;0.0015961;0.455373;0.000326998
0.000242705;0.377058;3.6967e-06;0.000559172;6.80237e-06;9.96451e-05;5.26089e-05;0.0010115;0.0168748;3.88125e-07;0.0162822;0.37407;0.213585;0.000153835
0.00235702;0.159312;1.22581e-07;3.02763e-05;0.000592526;1.12355e-05;2.71629e-06;0.0114997;0.000327614;9.91269e-07;0.000194093;0.46003;0.362707;0.00293493
7.78196e-05;0.241395;2.05031e-05;3.96356e-07;9.96378e-05;2.15345e-05;1.88819e-07;0.0324359;5.83674e-08;1.33183e-06;3.78975e-09;0.00226283;0.719443;0.00424167
4.83809e-06;0.338717;0.000166679;0.00227831;0.0048838;0.000681503;3.48356e-06;0.012971;0.00266999;8.02035e-06;0.000393132;0.622413;0.00432137;0.0104879
6.12563e-06;0.990282;8.69943e-09;2.4537e-05;9.65462e-07;5.04814e-07;9.58907e-07;0.000866028;1.61938e-06;3.12032e-06;3.3473e-06;0.00685521;0.00188908;6.60484e-05
0.000851342;0.75057;3.91642e-05;7.97447e-06;7.54443e-06;1.53326e-06;3.95521e-06;0.159402;2.78293e-05;8.51417e-06;0.000158168;0.0885261;0.000380183;1.56286e-05
1.89559e-08;0.00110771;6.83605e-08;8.69125e-09;1.52591e-10;2.53127e-09;0.984498;1.81721e-11;2.10644e-08;0.0143335;2.16586e-08;5.89454e-13;5.76597e-09;6.06026e-05
4.02328e-14;3.86739e-16;1;7.11704e-13;5.21462e-12;6.18497e-12;5.87057e-13;2.71687e-17;1.90811e-13;1.67664e-12;1.25355e-14;2.13e-11;3.67898e-18;5.90198e-13
