3.14071e-06;0.997545;3.83734e-08;7.53246e-08;3.83835e-06;4.65737e-07;1.57566e-06;0.0018732;6.20247e-07;4.58413e-06;1.50454e-07;1.00885e-09;0.000104006;0.000462807
9.69906e-14;6.17237e-12;1;1.58305e-14;2.56901e-14;5.16511e-15;3.91017e-12;7.31292e-16;1.88428e-15;4.92888e-13;1.40224e-15;4.39684e-11;6.40756e-15;3.1501e-14
1.64882e-07;2.81552e-06;1.08027e-05;5.61319e-07;1.16087e-06;1.21223e-06;7.34674e-08;5.55401e-05;9.95454e-05;1.69572e-08;0.000169029;0.999577;1.09741e-05;7.08927e-05
5.8272e-06;0.963342;6.88657e-09;7.34323e-07;3.44117e-06;1.58827e-06;1.64488e-06;0.00234528;1.22611e-05;3.05985e-08;2.86597e-05;3.78782e-05;0.0342161;4.27279e-06
3.55532e-06;0.964563;5.78778e-06;2.92773e-06;0.00028868;3.31071e-06;1.20611e-07;0.0169277;7.77814e-08;2.0492e-06;6.03579e-08;0.00610578;4.28821e-05;0.0120535
5.68964e-07;0.0348449;7.7518e-06;3.35028e-07;4.06878e-05;9.63533e-06;1.52555e-07;0.000209079;2.99547e-07;4.67112e-08;8.79695e-08;0.939322;0.00101197;0.0245524
1.81718e-07;0.961442;1.65536e-07;8.36623e-08;6.67876e-07;1.74042e-06;7.13257e-07;0.00413039;2.78773e-07;8.1484e-07;4.94006e-09;3.21249e-10;0.000109615;0.0343136
2.20325e-11;1.35136e-11;1;2.68934e-11;6.81181e-11;2.93996e-11;1.27694e-11;1.51134e-12;1.75229e-11;2.92796e-12;8.81151e-12;7.39944e-09;1.85734e-12;1.46105e-11
0.000117572;0.519849;0.000288516;8.71704e-06;0.000302591;0.000651606;2.09155e-06;0.303447;2.20078e-05;6.43786e-06;8.53813e-06;0.106436;0.0577901;0.0110697
2.8848e-08;0.001439;4.15988e-11;2.08991e-08;9.38101e-08;2.47705e-08;2.56625e-09;3.74481e-05;4.7042e-08;1.23654e-09;2.50156e-07;1.5615e-06;0.998522;5.18128e-09
0.000260379;0.935458;3.98444e-08;1.65747e-05;1.59672e-05;2.26577e-05;2.78172e-05;0.00137585;3.78011e-05;8.01035e-06;1.84794e-05;0.049466;0.00498829;0.00830397
1.10796e-05;0.982037;2.7379e-07;4.54711e-05;6.84166e-05;9.52973e-06;0.00103218;1.73873e-05;4.68651e-06;3.99447e-05;1.10616e-05;0.000364656;0.00782902;0.00852953
6.95128e-06;0.992516;2.02563e-07;0.000160237;0.000360329;3.71801e-06;3.32938e-06;0.00020469;1.4446e-06;4.98241e-06;4.05539e-06;0.00538973;0.000711864;0.000632153
0.000621764;0.21891;6.61516e-07;0.000521865;8.88638e-05;0.000794178;7.23346e-06;0.0288864;1.58536e-05;1.62808e-05;0.000184341;0.700425;0.0151034;0.0344243
5.5355e-08;0.999408;1.08838e-09;3.76193e-08;2.96657e-11;3.14195e-09;0.000586522;2.26974e-06;1.87638e-08;2.65225e-07;4.37737e-07;3.40662e-09;2.00591e-06;2.54957e-08
3.18895e-09;5.02937e-10;0.999995;5.29296e-10;1.40526e-08;3.89229e-10;1.30097e-08;8.82413e-10;3.76227e-10;7.20484e-10;7.06162e-10;5.07324e-06;3.20524e-10;6.22459e-10
1.38664e-06;0.986093;1.99295e-07;1.89316e-08;2.25855e-09;6.61691e-09;0.0136372;3.41328e-06;4.58422e-08;6.82644e-05;7.65381e-07;3.47963e-08;0.000154219;4.1969e-05
1.3392e-12;1.86376e-13;1;1.22459e-10;2.73276e-09;2.97769e-09;2.34196e-10;1.99097e-14;1.89938e-12;6.74888e-10;3.73788e-12;1.88865e-07;4.18354e-13;2.62381e-09
2.51531e-07;0.0059623;4.29565e-09;1.21973e-07;2.53098e-05;1.36575e-05;3.64861e-06;0.993514;7.82416e-06;1.51287e-07;2.12787e-06;2.42067e-07;0.000458748;1.13442e-05
6.28035e-06;0.00193444;2.18852e-09;3.99971e-06;5.86218e-05;4.14959e-06;2.78604e-06;0.975119;0.000105479;4.65853e-07;0.000279993;2.51226e-05;0.0224041;5.57203e-05
0.00278696;0.125134;1.73667e-05;2.5965e-06;3.0669e-05;4.53894e-07;5.00099e-06;0.211739;1.54629e-05;1.02326e-06;1.20686e-05;0.492427;0.167468;0.000360119
2.01596e-07;0.0559445;2.68026e-06;3.67309e-07;5.41555e-06;1.07478e-06;3.81195e-08;2.23583e-05;1.79533e-07;6.89781e-09;5.23092e-07;0.943637;0.000365325;2.0419e-05
1.28865e-05;0.203078;0.00154144;5.88999e-06;0.000494572;0.000400851;1.44465e-06;0.0788558;1.52969e-06;4.15888e-06;4.85092e-06;0.0617422;0.653516;0.000340382
0.000169507;0.741026;5.10115e-07;0.0287422;0.0324516;0.0104861;0.00331324;0.000720125;0.0427276;0.00399031;0.0347337;0.00170099;0.0680326;0.0319058
0.0758923;0.814336;0.00489115;0.00181927;0.00328028;4.37407e-06;8.51863e-05;6.95015e-05;0.0421965;9.15291e-05;0.000138212;0.0568871;0.00029585;1.25586e-05
0.000387248;1.83195e-05;0.999314;2.92504e-08;7.19025e-07;8.79289e-11;1.20468e-06;8.71196e-07;0.000215102;2.61698e-08;2.39652e-07;6.18419e-05;2.04603e-07;4.43741e-08
0.000316929;0.48276;8.18916e-10;4.2741e-08;4.9629e-06;2.41895e-08;9.46286e-07;0.513823;0.000917333;8.89263e-07;6.95948e-07;5.03016e-07;1.24954e-05;0.00216241
1.44207e-07;1.33951e-05;0.0100076;6.2212e-08;0.000390601;2.05306e-05;3.5809e-12;7.23184e-07;9.58068e-10;2.28636e-09;2.50593e-10;0.981472;3.03354e-07;0.00809447
6.8886e-09;0.999994;3.07337e-13;2.10146e-12;6.77159e-12;2.21649e-12;3.2544e-07;5.35992e-06;1.87707e-09;3.84844e-10;3.25733e-11;1.82561e-14;4.41948e-09;4.80408e-07
2.7116e-10;1.90369e-09;1;1.02659e-11;1.90503e-08;8.66889e-10;7.94868e-10;3.46628e-09;1.07384e-10;5.11849e-11;3.4096e-13;1.17525e-08;5.27739e-10;6.88226e-11
4.67807e-07;0.0135306;7.21458e-08;3.96351e-07;1.39482e-06;7.25552e-07;3.73037e-09;0.0395;8.51855e-06;1.02821e-08;6.75737e-06;0.0369654;0.909983;3.0509e-06
5.2603e-07;0.99542;2.71896e-10;1.22488e-08;6.50983e-09;3.16695e-08;5.124e-07;8.08713e-07;1.98726e-08;1.74418e-08;1.07298e-08;5.88112e-05;0.00451783;1.58039e-06
2.31722e-07;0.000264187;9.59442e-08;5.52103e-06;5.59971e-05;6.76482e-05;2.36843e-08;0.00141397;5.48007e-07;3.54568e-08;2.73872e-06;0.996027;0.00171164;0.000450816
5.64038e-07;0.994958;1.18459e-11;3.75275e-06;1.28704e-06;8.22655e-06;3.09531e-07;0.0019212;1.36014e-06;2.30925e-07;8.65425e-06;2.21119e-06;0.00288478;0.000209003
2.12727e-05;0.0105489;1.797e-08;4.19034e-05;8.65671e-06;3.63147e-06;5.58763e-05;0.0343191;6.05537e-05;2.95082e-06;0.00727359;0.000522486;0.947131;9.74177e-06
1.20783e-06;0.999921;2.62681e-07;7.17337e-06;7.96887e-07;4.91169e-08;3.75916e-07;6.46799e-06;1.79779e-07;9.52413e-08;2.78504e-07;1.17634e-06;8.70548e-07;5.97766e-05
7.45778e-06;0.676526;1.44783e-07;8.13971e-08;1.02102e-06;4.71205e-09;1.09426e-08;0.322928;5.77241e-08;3.90372e-08;1.03466e-07;1.26519e-05;0.00052436;8.07642e-07
3.12315e-07;0.00605799;0.000227239;8.79365e-05;0.000715483;8.1294e-05;3.70272e-08;0.000124176;5.38859e-07;1.03144e-06;7.81947e-05;0.956317;0.00011108;0.0361979
9.19059e-07;0.835472;1.73205e-10;5.36254e-06;0.000129408;0.000377279;6.7465e-07;0.00587043;3.41025e-07;2.59656e-06;3.38971e-06;2.35392e-07;0.0523821;0.105755
3.52542e-06;0.000550821;6.20979e-10;6.07587e-07;5.0734e-07;8.44292e-08;2.15546e-06;0.00428881;3.62539e-05;1.73662e-07;0.0020879;5.85951e-07;0.993028;4.04166e-07
0.000368201;0.0385769;0.000564187;9.38085e-06;1.46055e-06;3.78832e-07;2.59867e-07;0.000124587;5.95816e-05;2.5889e-07;0.000160092;0.957238;0.00272038;0.000176419
2.90438e-05;0.772262;2.28352e-06;3.41237e-05;0.00129806;5.03985e-05;3.39123e-09;0.165529;1.31562e-05;6.53556e-06;7.74561e-05;0.0347967;0.0125089;0.0133925
1.60452e-06;0.826607;1.2351e-05;2.06263e-06;1.92134e-05;7.96564e-05;9.14678e-08;0.0135526;1.16044e-08;6.36228e-06;2.13825e-06;0.149545;0.0101517;2.0159e-05
4.27593e-07;0.000786232;8.40713e-09;1.27664e-05;0.000631218;2.1214e-05;2.56771e-07;0.00106717;1.51047e-06;2.28375e-07;6.96394e-05;1.6609e-05;0.996928;0.000465
0.000356432;0.0526109;4.38917e-05;1.24365e-05;1.22342e-06;8.40089e-08;3.4854e-06;0.00136732;9.06919e-05;9.61887e-07;0.000933496;0.893764;0.0508025;1.27402e-05
3.26377e-06;0.991628;7.27545e-06;3.76661e-05;6.93577e-05;1.94777e-05;3.03377e-06;0.00485637;1.98366e-06;1.19347e-05;3.64344e-05;0.000178923;0.00246446;0.000682145
1.43573e-07;0.000306405;0.000163639;7.86833e-06;0.00011047;8.87338e-07;1.05722e-08;1.8507e-05;1.29949e-07;8.91414e-07;6.09342e-05;0.999018;0.000294706;1.74637e-05
1.75176e-06;0.988232;3.80408e-12;1.66044e-07;9.51052e-09;1.2781e-09;0.00123926;1.12585e-08;4.74558e-07;2.13516e-05;4.12882e-05;2.30911e-09;5.40334e-07;0.0104636
2.14677e-05;0.000374979;5.15966e-07;4.81949e-07;6.03752e-08;4.69334e-09;0.802268;0.000329661;0.0590625;8.0596e-07;0.137871;1.10155e-07;7.08433e-05;6.72147e-11
6.65384e-06;0.00271262;4.92361e-09;1.6927e-08;1.9765e-06;3.99578e-08;1.37004e-08;0.997165;1.18836e-07;1.67747e-07;2.43421e-08;1.19301e-08;0.000109246;4.36648e-06
2.17558e-08;0.000234565;3.46468e-07;5.445e-07;8.83588e-07;1.34475e-06;1.85465e-09;2.41925e-07;6.7767e-08;2.86014e-08;1.00002e-06;0.99838;3.76895e-06;0.00137696
5.14136e-05;0.019947;2.42356e-09;3.4118e-08;1.23609e-06;2.51483e-09;6.32347e-08;0.97984;2.05323e-06;1.13365e-08;1.25149e-06;3.18661e-06;0.000153347;4.96395e-09
5.39245e-06;0.000535146;2.78427e-05;3.46661e-07;1.04203e-05;5.42682e-07;2.4356e-09;1.53267e-05;2.34663e-06;3.42213e-08;1.3178e-08;0.997374;0.00202828;5.4517e-07
0.000178156;0.0207247;7.06575e-09;1.70834e-07;0.00014155;3.96475e-05;1.26456e-07;0.97845;0.000173722;2.43334e-07;2.12166e-07;3.30362e-06;0.000228962;5.86343e-05
2.66381e-05;0.625232;3.17316e-07;3.50402e-06;5.45467e-07;1.95796e-07;0.363471;4.65787e-05;0.000310912;0.0104823;1.88967e-06;3.34197e-08;4.44453e-05;0.000379622
2.94963e-09;6.22192e-11;1;1.81195e-08;2.32911e-09;1.44206e-09;4.08058e-08;1.08582e-12;8.50665e-08;3.73814e-09;1.23566e-09;1.07867e-08;6.54677e-12;6.05267e-11
0.000137602;0.996959;2.81156e-06;4.61282e-06;5.90618e-07;3.62171e-08;4.18279e-06;0.00120321;2.01223e-06;1.75057e-07;1.70001e-07;1.73184e-07;0.0016848;3.09604e-07
0.000124255;0.00512678;1.77266e-08;5.24241e-06;0.00542192;5.38006e-06;1.01335e-06;0.960859;0.000124944;5.4126e-07;4.36224e-07;0.019961;0.00816807;0.000201078
7.06912e-06;0.000389904;0.000168155;4.89538e-05;0.0271168;7.6135e-05;3.64148e-09;0.000110416;1.1846e-07;5.03793e-07;6.16266e-07;0.961816;0.00816137;0.00210362
6.85941e-06;0.99064;6.05326e-09;1.55577e-06;1.03697e-07;9.40386e-09;0.00907032;1.44548e-06;1.01737e-06;0.000164519;6.32116e-06;8.99938e-07;2.99271e-05;7.67467e-05
7.02284e-08;5.20725e-07;0.999992;2.15754e-07;7.12288e-07;2.21014e-08;1.36873e-07;6.59352e-09;1.96613e-08;8.37276e-09;8.30537e-08;6.41372e-06;1.20328e-07;5.89886e-08
1.09209e-05;0.0004023;4.89693e-05;3.27639e-06;1.60062e-05;9.06588e-07;2.69577e-07;0.999267;4.47865e-06;5.60249e-08;3.75124e-07;7.26496e-05;0.000171081;1.31484e-06
3.34406e-05;0.000271793;0.0401102;0.000169816;0.000270539;0.00275648;1.872e-09;7.07015e-07;1.57183e-06;3.19086e-06;7.48132e-07;0.896979;0.000586791;0.0588158
5.26919e-05;0.998342;3.15414e-11;1.2943e-08;2.88002e-07;2.30578e-06;2.69978e-05;2.0863e-06;7.52738e-06;2.81966e-06;4.13813e-08;9.89307e-10;0.000311492;0.00125176
7.40522e-10;1.47121e-09;1;4.86245e-10;1.15513e-08;4.35325e-10;1.1185e-11;2.76386e-13;5.13053e-11;5.65782e-11;1.46831e-13;2.28994e-07;7.60871e-12;2.69095e-09
8.7341e-06;0.00276208;2.71648e-07;6.15339e-08;0.00191877;9.95799e-08;7.31902e-10;0.995208;5.50428e-06;6.03267e-09;2.29685e-09;3.78851e-05;8.66896e-06;4.96349e-05
5.49622e-08;0.000798106;3.35887e-11;7.70983e-10;0.00095196;5.71205e-09;2.17509e-10;0.99818;1.23444e-08;2.49004e-09;4.13038e-11;4.65398e-08;7.01092e-05;1.19131e-07
3.07498e-09;2.30807e-07;0.999984;5.93523e-07;6.81116e-06;6.09583e-08;3.83057e-10;4.43081e-10;1.99114e-10;1.99321e-07;5.52292e-10;6.45669e-06;6.77256e-08;9.48882e-07
2.89313e-07;0.999644;3.58047e-07;4.7596e-07;2.92945e-08;2.88946e-08;5.78242e-07;0.000279752;1.91813e-06;1.4657e-08;2.62939e-06;1.14066e-05;5.69443e-05;1.53093e-06
