3.55778e-07;0.999993;1.97586e-06;5.70109e-07;2.95622e-07;1.50375e-08;5.60667e-09;9.70004e-07;9.33691e-09;9.6675e-09;6.73813e-09;1.07239e-06;9.05924e-07;5.1563e-07
8.64538e-06;0.000100826;4.29237e-11;1.94409e-09;1.66898e-07;6.0418e-09;8.28881e-09;0.999889;1.15628e-06;2.60121e-09;3.12696e-08;5.6279e-09;3.02904e-07;1.62128e-07
2.66513e-07;7.0593e-05;1.21548e-06;2.76315e-06;0.000163438;0.000118489;6.05063e-11;1.01536e-05;2.4437e-07;6.72314e-09;1.11522e-07;0.969027;2.62642e-07;0.0306059
4.64124e-06;0.00649078;5.31445e-10;8.21715e-09;2.34259e-07;2.08972e-08;2.33461e-06;0.00576657;2.09131e-07;7.00464e-09;3.29428e-07;5.18909e-09;0.987734;7.54796e-07
2.8635e-07;0.00101195;4.42354e-08;2.59206e-05;0.000230705;4.11571e-05;1.71645e-09;5.29265e-05;6.47453e-06;2.07963e-08;6.08771e-07;0.892834;2.77821e-05;0.105768
1.54133e-05;0.579711;1.06496e-07;1.27309e-06;4.74964e-07;1.52316e-06;2.29759e-06;5.10588e-05;1.76174e-07;1.02034e-07;1.52576e-06;0.000808366;0.419394;1.30508e-05
6.24093e-06;0.327364;2.52058e-06;6.33873e-05;0.000130003;0.000472578;4.73112e-08;0.000269306;1.79515e-05;2.89757e-08;3.10608e-05;0.521409;0.00249879;0.147735
1.20406e-05;0.416615;1.08687e-06;1.90766e-06;6.58475e-05;3.64396e-06;2.64868e-08;0.000869128;2.48118e-08;1.93942e-07;7.23581e-07;0.0406022;0.540596;0.00123268
5.93945e-05;0.773537;0.00210241;0.000280521;0.000315723;0.00015725;0.000105231;0.162868;9.30313e-06;8.61111e-05;0.000215916;0.00538447;0.0468527;0.00802679
1.96637e-05;0.154208;0.000391034;0.000406925;0.0146428;0.015174;1.79831e-05;0.00466362;6.08062e-06;4.01721e-05;0.000124029;0.240809;0.0950044;0.474492
6.33329e-06;0.260537;4.3893e-06;3.21572e-05;0.00012177;0.00672757;1.383e-05;0.105797;5.23265e-06;2.86729e-05;1.89217e-06;6.11938e-08;0.027359;0.599365
1.54934e-10;1.30348e-10;1;5.13403e-10;2.96379e-10;5.22429e-11;6.56165e-10;1.4396e-11;4.49828e-11;7.90679e-11;8.87507e-11;4.4651e-09;4.87654e-11;2.36423e-10
1.69181e-05;0.00122137;0.966267;3.99939e-05;7.5269e-05;2.24012e-05;1.47198e-06;0.0314837;4.82944e-06;2.00753e-06;4.64816e-06;0.000660756;2.18668e-05;0.00017796
1.08932e-08;3.78518e-05;2.48989e-06;8.7277e-08;1.66149e-05;6.04138e-05;6.7999e-12;4.1545e-07;4.48654e-11;1.17144e-07;2.9211e-10;0.00028764;2.33959e-06;0.999592
1.33733e-06;0.971057;1.32173e-08;8.71604e-07;4.56052e-06;1.02129e-06;2.25781e-07;0.00114359;2.08948e-06;5.77004e-08;1.7584e-05;1.38738e-05;0.027664;9.35483e-05
3.01771e-07;0.999872;4.04284e-06;7.59017e-08;4.70796e-08;2.19856e-09;2.78176e-08;1.9998e-05;3.92941e-10;4.54855e-08;5.14111e-10;1.29566e-07;2.75235e-05;7.58901e-05
6.15304e-07;0.99457;2.56427e-07;2.2127e-05;1.68049e-06;1.79936e-06;9.1361e-05;0.00026254;3.47457e-07;0.000164528;1.13285e-06;3.36424e-05;0.00181432;0.00303574
3.56679e-08;0.000565185;1.96917e-08;0.000600733;5.67991e-05;0.000236892;5.29696e-06;2.86631e-05;8.28791e-07;1.5295e-06;0.000477509;0.000319909;0.997705;1.54013e-06
0.000107576;0.00750691;0.966618;0.0230433;0.000103696;7.45194e-06;0.000236196;2.04516e-05;7.28455e-07;0.000355334;0.000195065;0.00104508;0.00024243;0.000517374
1.74075e-05;0.762756;1.47928e-09;4.6693e-06;3.37375e-07;1.11722e-05;4.45697e-06;0.000736995;2.45067e-06;1.03661e-06;0.000290592;4.69313e-05;0.236119;8.30189e-06
1.14565e-06;0.000998076;4.87414e-10;3.1541e-06;3.92071e-05;1.10397e-05;2.89667e-08;0.0105456;1.35931e-06;1.13507e-07;0.00014124;5.37849e-05;0.988204;7.99691e-07
1.72324e-05;0.998697;2.35643e-05;5.77551e-05;8.66448e-06;8.64297e-07;1.18944e-05;0.000615651;7.66801e-07;5.55794e-05;1.86014e-06;5.24404e-07;0.000469709;3.84554e-05
1.2161e-07;4.07473e-07;0.999986;1.56204e-06;7.40045e-08;4.72726e-09;5.70769e-06;7.08101e-09;2.43417e-08;3.65384e-07;5.20043e-07;5.41025e-06;2.56773e-08;3.06949e-09
9.26521e-06;0.000242248;0.995735;3.38243e-05;6.56214e-07;7.20896e-07;4.8576e-06;0.000212116;2.05158e-06;5.11112e-06;0.000107823;0.00352798;3.23636e-05;8.53316e-05
3.17718e-08;0.0236866;2.66901e-08;2.71097e-08;1.19866e-06;5.50183e-05;0.00013802;1.7345e-09;5.77789e-10;1.38515e-05;2.57933e-08;4.78976e-13;1.92912e-07;0.976105
3.61923e-13;1.19588e-11;1;2.06667e-13;4.70908e-09;1.18316e-10;5.84001e-14;8.51467e-14;1.36547e-15;7.35159e-13;7.05851e-16;3.83851e-08;5.39784e-13;1.79551e-10
3.49025e-07;0.0183596;5.85988e-05;3.59381e-06;0.000693962;0.0321938;5.4097e-07;0.0431232;5.06371e-06;1.57384e-06;1.78949e-06;6.45542e-07;0.905089;0.000468546
8.55902e-13;2.01027e-09;1;1.45575e-11;1.75705e-10;6.40411e-11;9.28168e-14;6.49714e-11;1.78743e-14;8.2028e-13;3.51659e-14;2.70575e-11;4.51484e-12;3.28524e-10
7.27624e-10;4.49504e-06;0.000184366;7.31908e-08;2.54382e-07;3.89768e-07;3.23081e-12;1.44579e-06;7.78097e-10;1.00073e-09;6.66871e-09;0.999806;4.27176e-07;2.40565e-06
7.8698e-12;5.65395e-09;0.999982;5.30037e-11;1.28783e-07;6.43839e-07;4.62937e-14;9.53816e-10;1.56133e-15;1.38255e-11;4.88498e-13;3.64355e-09;1.08232e-08;1.68838e-05
4.47439e-09;0.0400867;6.11369e-07;6.26773e-09;3.98018e-05;1.46575e-05;1.61012e-12;0.957075;2.48701e-10;6.0734e-11;4.20226e-10;0.00152576;0.00101504;0.000242435
7.74519e-11;0.980584;5.22893e-13;7.22023e-10;1.6051e-09;6.11664e-09;1.66253e-09;2.39464e-07;6.09843e-12;4.46608e-09;3.54729e-11;1.60297e-09;9.95121e-07;0.0194145
2.44512e-06;0.540272;2.04836e-06;2.56679e-06;4.75961e-06;2.70747e-05;0.000326677;0.00421203;3.26309e-06;3.26375e-07;2.42051e-05;3.25435e-06;0.45512;3.49087e-07
1.83077e-07;0.999298;8.4167e-08;6.29961e-06;3.76204e-07;7.74534e-06;4.61154e-08;6.68874e-05;2.1315e-08;3.78295e-07;1.52038e-08;7.51636e-06;0.000566149;4.63529e-05
1.00456e-06;0.000123278;1.67757e-08;2.77497e-09;2.45218e-07;7.27435e-10;3.42703e-10;0.999873;5.91924e-09;1.79392e-09;6.05316e-10;3.41281e-07;1.59028e-06;5.09942e-08
1.35617e-09;0.000105254;9.54644e-08;1.28994e-07;5.3175e-05;7.11394e-06;1.83568e-09;1.0255e-05;3.00856e-10;7.2543e-08;3.115e-11;2.53937e-08;9.88153e-08;0.999824
1.96717e-09;8.77243e-09;1;1.21343e-09;1.75992e-09;5.68589e-12;4.2409e-08;4.29229e-10;9.69757e-10;7.54226e-11;1.95263e-09;9.09178e-09;8.90402e-09;2.01634e-10
1.04892e-06;0.000224167;0.998886;1.36381e-05;2.53434e-05;1.36244e-06;4.05605e-08;0.000645163;1.37589e-06;3.11375e-08;1.64664e-06;0.000124089;8.87778e-07;7.5518e-05
8.06262e-09;0.000166117;2.52024e-07;5.26749e-08;1.76949e-05;4.79308e-05;3.43407e-13;7.19876e-07;2.15969e-11;9.53257e-09;3.7517e-10;8.05082e-06;1.15447e-06;0.999758
4.78338e-07;0.868652;1.76145e-09;6.19116e-07;7.67119e-07;3.56935e-06;8.70757e-09;0.000377363;7.51732e-07;1.96137e-09;4.67043e-05;0.000459473;0.130458;6.76594e-07
7.83146e-09;0.999838;4.01585e-12;5.1994e-10;1.01444e-10;1.45713e-09;1.47506e-09;6.22181e-09;5.8279e-13;6.07736e-10;2.2181e-11;3.22305e-09;0.000162001;2.1327e-07
1.45846e-07;0.00622031;6.98751e-05;2.47706e-07;1.04608e-07;2.96497e-06;1.14237e-08;0.00358659;3.03091e-09;5.35147e-08;1.51328e-07;0.989914;0.000204932;7.09987e-07
2.05585e-06;0.00254228;1.59123e-06;0.00537872;0.0019762;0.254814;0.0085982;0.000170062;0.000103985;0.000152456;0.016967;5.30867e-05;0.692895;0.0163461
0.000149189;0.615566;7.07399e-05;0.000330894;3.00946e-05;6.27112e-05;0.000300419;0.144455;4.05024e-06;4.73726e-05;7.30783e-05;0.00107201;0.237826;1.28476e-05
4.29984e-05;0.779277;5.05606e-07;0.00111978;8.53912e-05;0.00315336;3.02614e-07;0.00859768;0.000113642;4.23946e-05;0.000404337;0.197227;0.000950846;0.00898546
0.00229339;0.0271498;0.000169302;0.000132614;0.0555564;0.0937416;1.04083e-06;0.000213761;0.000408272;0.000272634;0.000550815;0.0713765;0.123122;0.625012
5.98668e-05;0.110404;0.00225018;1.23702e-06;6.47199e-06;2.02572e-06;1.35432e-07;0.00766771;2.89871e-05;6.36848e-07;1.44166e-05;0.879251;0.000303959;9.0911e-06
8.05257e-06;0.945405;2.78986e-05;4.04194e-07;0.000900915;2.94862e-06;5.57019e-09;0.0433567;5.40692e-06;1.51162e-07;2.1352e-08;4.63563e-06;0.00880129;0.00148603
2.33502e-06;0.996909;2.16057e-07;1.20074e-07;8.6176e-06;1.99433e-07;2.21788e-05;0.00263729;2.48062e-06;1.48828e-05;1.43739e-07;9.24372e-10;6.37326e-06;0.000395735
2.86235e-12;1.14285e-11;1;1.96768e-12;7.1542e-11;4.05017e-13;3.61863e-12;5.85712e-12;1.44253e-12;2.8381e-12;3.4421e-13;6.03746e-08;6.48912e-14;5.11565e-13
0.000136323;0.00524775;2.27332e-06;0.000153782;1.73576e-05;3.2621e-05;0.00146098;0.112204;0.622291;6.70755e-06;0.209569;0.00107011;0.0476204;0.000187968
7.56325e-06;0.00446585;8.44368e-08;1.01878e-08;2.71531e-06;9.57445e-08;2.92136e-09;0.994209;3.82928e-08;8.83438e-09;2.7665e-08;1.10373e-05;0.00129312;1.02486e-05
5.19017e-09;0.00249776;4.64257e-07;2.61704e-08;8.87946e-06;6.66449e-06;4.73037e-11;2.58869e-06;1.90181e-10;1.10759e-09;6.07717e-10;0.997434;1.21192e-05;3.78076e-05
0.000240169;0.119647;2.3484e-06;2.45244e-05;0.00612141;0.00323263;6.80635e-05;0.0507127;9.75003e-06;0.000112559;1.95645e-05;0.000206208;0.790231;0.0293715
0.000932847;0.028366;7.86998e-07;0.00454263;0.0497274;0.104948;7.44164e-07;0.000922966;0.0103848;4.45271e-06;0.000217824;0.0572054;0.00171894;0.741027
0.000222576;0.986608;3.06752e-08;2.30319e-08;1.32855e-08;1.45948e-08;2.16296e-08;2.91285e-06;4.42438e-08;5.13487e-09;2.08283e-08;0.000190535;0.0129761;2.2618e-07
7.0626e-06;0.0061332;5.15106e-07;1.31263e-07;6.50606e-05;4.18704e-05;4.5749e-09;0.000508321;2.10803e-07;5.81347e-08;2.85947e-09;0.992544;0.000603813;9.53673e-05
3.29962e-06;0.0182299;1.3336e-06;8.95968e-05;7.65515e-08;1.77514e-05;0.939925;7.42268e-06;4.61527e-05;0.0413898;4.71476e-05;4.2564e-06;0.000140037;9.80367e-05
3.10692e-10;2.12483e-08;0.999999;2.50424e-08;1.49324e-12;2.95635e-10;7.0006e-07;9.7726e-15;3.00985e-10;1.89816e-09;2.3239e-09;4.33868e-08;4.18282e-10;2.07452e-12
2.67854e-05;0.999063;4.6262e-07;2.77424e-06;1.45078e-09;1.21307e-08;4.36012e-05;8.79508e-05;4.0683e-06;5.61471e-08;2.20786e-05;2.16605e-05;0.000727642;3.13235e-10
3.29187e-08;0.00193597;1.64076e-10;3.81378e-08;2.34202e-06;2.80889e-09;3.63661e-08;0.997998;4.08016e-08;7.91581e-08;2.29003e-08;1.34817e-06;6.25821e-05;2.81731e-08
1.44691e-07;3.34502e-05;0.997384;0.000668511;8.64618e-05;0.000284883;8.65988e-08;8.96755e-07;1.69099e-08;0.000764114;1.54576e-06;0.00072765;1.25505e-06;4.68444e-05
3.8911e-08;5.76893e-05;2.98619e-09;1.22746e-09;2.36752e-13;2.1037e-11;0.999357;3.80119e-11;3.10028e-08;0.000583476;1.33238e-06;1.3225e-15;2.30307e-09;1.90584e-07
3.37348e-13;2.35727e-14;1;8.41218e-13;3.33253e-13;8.1111e-14;5.04959e-10;1.14959e-16;5.5326e-12;1.17106e-11;3.61546e-12;4.1182e-11;7.14091e-16;3.5789e-15
