3.12689e-05;0.0532034;2.22863e-08;9.30852e-07;5.48309e-05;1.08615e-06;1.22399e-07;0.928632;1.21493e-05;3.90257e-08;3.89862e-06;0.00229118;0.0157559;1.36216e-05
2.54623e-06;0.0211792;3.59615e-09;8.91854e-05;2.40891e-05;0.000108502;6.34696e-10;0.00330937;6.57324e-06;2.02693e-07;9.12791e-06;0.96775;0.00534071;0.00218036
5.12409e-05;0.997611;3.59041e-08;8.69782e-06;3.97474e-06;1.10223e-06;2.2002e-05;0.000891256;3.18112e-06;8.59268e-06;7.03816e-06;1.12759e-06;2.48668e-05;0.00136594
4.63281e-06;2.4618e-06;0.999945;1.42828e-07;7.94627e-06;4.0571e-08;7.94735e-09;3.74955e-05;3.57922e-08;1.7424e-08;4.53156e-08;1.93617e-06;4.99397e-07;1.15226e-07
1.37091e-06;0.99918;5.31743e-06;3.82947e-06;9.92099e-06;8.26269e-07;8.64141e-05;6.5098e-07;1.85982e-08;4.28247e-05;2.88906e-07;1.1192e-08;6.07425e-06;0.000662284
5.65178e-11;5.87043e-12;1;1.81229e-12;6.2118e-11;6.95097e-13;5.35629e-09;3.16255e-12;5.74321e-11;2.68768e-12;1.67842e-11;2.53681e-07;1.39952e-14;6.58746e-12
1.60875e-05;0.118624;2.89507e-08;2.2366e-06;2.98459e-05;0.000633849;0.0478267;0.136957;0.00653415;2.14277e-05;0.000841293;8.34916e-09;0.685482;0.0030314
4.66136e-11;8.32196e-12;1;2.16662e-10;2.86215e-09;4.83022e-10;1.47331e-10;1.16161e-10;1.68155e-10;8.71948e-11;1.95873e-11;1.28625e-07;1.44756e-11;4.42474e-10
1.97341e-06;0.00144789;0.996692;6.94393e-06;6.58958e-06;3.09368e-06;5.10885e-07;0.00035445;3.27296e-05;3.53572e-07;5.36095e-06;0.00136259;3.49653e-05;5.09585e-05
1.2787e-07;2.39583e-05;1.92573e-05;6.89954e-08;1.76323e-05;0.000237748;2.76924e-11;3.83697e-07;4.01529e-09;1.95169e-07;1.17364e-09;1.9599e-05;4.30634e-07;0.999681
0.000120685;0.0197378;3.52681e-08;1.33089e-07;5.22839e-05;5.92915e-06;1.0567e-07;0.97306;1.87564e-06;1.56037e-07;6.86053e-08;4.82366e-06;0.00607593;0.000940455
1.42528e-06;0.921969;7.8696e-07;3.49566e-06;7.20825e-05;2.12604e-05;1.03091e-08;2.46214e-05;2.59008e-07;5.29901e-08;1.15704e-08;0.00214212;0.0114968;0.0642684
6.44816e-06;0.114068;2.51785e-08;2.27564e-05;0.013635;0.000199775;2.25468e-08;0.00842753;1.48159e-07;1.36591e-06;2.25957e-07;0.0745207;0.69788;0.0912372
6.42391e-06;0.0702833;3.20989e-08;0.000780137;0.00050607;0.0204314;1.22483e-06;0.000108951;4.14124e-06;1.97914e-05;3.58004e-05;0.000354509;0.894159;0.0133088
0.000141517;0.000169253;0.997757;3.15522e-05;3.72425e-05;0.000181356;5.91662e-08;7.23719e-05;1.54175e-07;6.48597e-06;1.86831e-07;0.000734308;0.000834411;3.37463e-05
0.000185219;0.98708;7.34172e-09;2.33796e-07;8.27984e-08;1.00293e-07;0.0114202;1.35523e-05;2.65352e-06;6.15746e-05;4.22329e-06;3.46792e-06;0.00120395;2.49968e-05
6.63254e-10;7.99476e-10;1;2.0688e-09;9.8974e-10;5.91138e-09;2.64982e-08;3.35994e-14;5.55221e-09;9.8347e-10;3.66593e-09;5.76955e-09;5.29447e-11;1.00959e-09
6.24342e-06;0.999153;9.8609e-06;2.73941e-07;4.98762e-09;2.96997e-10;4.34766e-06;0.000680894;1.37352e-05;1.21577e-07;5.35218e-05;3.59228e-05;4.17722e-05;9.42274e-09
4.13361e-07;0.98731;5.04251e-08;9.07279e-06;0.000103148;3.158e-08;1.34404e-07;0.0123371;1.35556e-06;7.72849e-06;3.50423e-07;7.01723e-05;2.5826e-06;0.000158066
3.49934e-07;0.000444951;0.00469803;0.000261303;6.67584e-05;0.000339708;3.0081e-08;3.02806e-06;9.30041e-09;4.1756e-05;5.52033e-06;0.983875;0.000112762;0.0101504
5.61981e-05;0.98948;2.17741e-10;4.52279e-06;2.19572e-06;4.85607e-07;0.000198128;0.00224448;1.74146e-06;1.74509e-06;0.00472373;0.000414823;0.00284621;2.54087e-05
2.69634e-07;0.000668499;1.11946e-09;7.37703e-08;9.9099e-05;9.62364e-05;2.36023e-07;0.998465;1.45745e-06;2.04153e-07;6.29407e-07;1.14211e-08;0.000667682;7.06756e-07
2.93999e-10;1.15364e-09;1;3.82247e-10;7.97205e-10;1.48323e-11;5.21963e-10;2.47832e-11;3.89692e-11;2.7625e-10;1.91562e-11;1.78335e-08;6.72111e-12;1.61065e-09
1.91237e-06;0.000724959;4.57252e-05;4.83592e-07;1.96277e-06;1.14837e-06;1.17341e-07;0.00103484;3.98187e-05;1.24959e-07;3.66999e-05;0.998095;8.7816e-06;8.05093e-06
4.00539e-05;0.851639;2.26679e-06;2.48304e-06;0.000389766;0.000919828;7.07761e-05;0.00506986;0.00016347;7.53739e-06;0.00105081;2.00557e-05;0.140503;0.000121395
9.33802e-06;0.000148453;2.92314e-07;3.6286e-05;0.988678;0.00255873;3.6843e-07;0.00106182;6.00064e-05;8.29924e-06;1.23974e-05;0.000705271;2.52373e-05;0.00669511
0.00131909;0.976317;4.71908e-06;5.49619e-06;5.27852e-05;1.33565e-06;8.24628e-07;0.0127594;2.74302e-05;1.15387e-06;4.35032e-06;0.00792499;0.0012821;0.000299035
5.60361e-06;0.00915155;8.98653e-08;5.08946e-06;0.0121541;0.000140578;3.08084e-08;0.97456;4.86965e-05;1.23448e-06;9.0476e-07;0.000769657;0.00306799;9.44729e-05
1.84433e-05;0.999584;8.97937e-10;4.2508e-07;1.92446e-06;1.04696e-07;4.40932e-06;4.00283e-05;1.74263e-06;1.62125e-06;7.67561e-07;7.31037e-05;0.000272602;7.76614e-07
0.00168572;0.00296513;0.00731856;0.00655167;0.759915;0.0261409;3.50775e-06;2.3733e-06;4.40316e-05;0.000201585;6.68397e-06;0.046231;0.0117367;0.137198
0.103602;0.777155;0.000112689;1.34909e-06;1.88488e-07;3.03986e-08;0.000105108;0.0258603;0.0158437;2.46343e-06;0.000549572;0.0748974;0.00187016;6.04162e-09
6.20985e-05;0.00111659;2.17689e-09;1.512e-06;0.0103703;2.77697e-06;5.54644e-07;0.98793;0.000466492;7.94626e-06;7.93047e-07;2.38179e-05;4.44181e-06;1.22351e-05
0.000204611;0.000728645;0.994484;0.000120991;0.000374186;2.12834e-05;5.17311e-07;1.28902e-06;1.60939e-05;1.8706e-05;5.69421e-07;0.00353448;6.42523e-06;0.000487665
0.00506468;0.0024246;1.50086e-05;5.94571e-05;4.5919e-06;0.000102421;0.000112763;0.0041441;0.963732;3.08042e-06;0.00372813;0.000400247;0.0200924;0.000116244
1.08955e-05;0.957383;1.45319e-08;1.3815e-06;3.05196e-05;3.82627e-05;7.9822e-08;0.0231663;0.00132166;4.15114e-06;5.25428e-06;0.000623099;0.0171373;0.000278621
4.45663e-05;0.0487679;0.000109308;3.2351e-07;4.13593e-07;1.68849e-08;3.94613e-08;0.0542729;3.86419e-05;9.13721e-07;3.81146e-06;0.89638;0.000380829;1.18569e-07
2.17645e-05;0.975201;4.15853e-07;4.34875e-06;0.000322009;4.3623e-05;0.00103835;0.00843463;0.000625023;0.000217562;1.78825e-05;7.05507e-07;0.0135836;0.000489458
8.55751e-08;3.98513e-09;0.999999;4.6993e-09;3.80947e-08;5.3079e-10;2.02752e-07;1.66654e-09;4.58374e-07;2.88737e-09;1.87317e-09;2.95591e-08;2.37746e-09;2.92491e-10
4.14908e-05;7.78345e-05;0.97237;6.56806e-06;8.71994e-06;1.05581e-05;6.33639e-08;0.0238032;0.00015319;2.67439e-07;8.92665e-07;0.00342299;4.5251e-06;0.000100176
3.57205e-08;8.359e-06;6.68811e-07;5.75556e-08;1.14302e-05;0.000220642;2.51178e-13;5.44912e-06;6.16533e-09;2.23437e-08;5.43932e-10;9.52136e-05;4.43108e-07;0.999658
2.19134e-06;4.95243e-05;1.90306e-11;1.23376e-07;2.1778e-06;6.47998e-07;3.43637e-10;0.973949;1.94838e-05;1.49402e-09;2.32096e-06;2.1536e-06;0.0259707;2.09491e-06
2.86359e-07;0.999901;7.94305e-06;8.64367e-07;8.41012e-08;2.6508e-09;7.7673e-10;9.25615e-06;1.00448e-09;1.64042e-08;1.94005e-09;1.17364e-05;7.99073e-07;6.76223e-05
6.30398e-07;0.000330671;0.999436;6.05782e-06;7.95809e-06;2.12598e-08;2.12572e-07;9.40659e-05;4.70294e-09;3.65128e-06;6.80331e-07;6.00438e-05;5.36649e-05;6.08864e-06
3.28466e-08;0.999406;1.54504e-06;5.99253e-07;7.10883e-07;5.16413e-08;4.61367e-06;7.18954e-08;6.95417e-11;6.80487e-06;1.84957e-08;1.02319e-09;2.12724e-06;0.000577801
3.47533e-09;1.55196e-09;0.999975;5.22927e-11;1.9558e-09;3.57799e-12;2.23029e-08;8.00461e-12;1.06958e-10;1.598e-11;1.33806e-10;2.46388e-05;2.14331e-12;1.84768e-09
0.000123039;0.00397101;3.75581e-09;1.3573e-06;7.00775e-05;0.000144666;0.00104223;0.84258;0.0137882;1.00242e-06;0.00341164;1.66548e-06;0.133151;0.00171405
4.22052e-06;0.00555435;1.60181e-09;1.90528e-06;4.03172e-06;1.11297e-05;1.28098e-07;0.937648;0.000129667;3.07848e-08;4.25749e-05;0.000750997;0.055853;4.03901e-08
1.99371e-08;5.93486e-05;5.98914e-08;1.0534e-07;1.13516e-08;2.48771e-07;1.18436e-09;9.29492e-10;2.73324e-10;2.2302e-09;1.6513e-09;4.5994e-09;0.99994;4.46559e-08
7.81574e-07;0.000953939;8.35509e-06;3.60754e-06;4.80629e-07;3.0998e-08;1.9052e-07;5.49215e-07;1.14189e-05;2.67111e-08;9.44449e-05;0.998643;2.71646e-05;0.000256283
1.24365e-05;0.0184473;5.33303e-05;9.11334e-06;0.00895729;0.000725873;9.47721e-08;0.968484;1.08357e-06;2.38462e-06;1.06944e-06;2.76852e-05;0.000258655;0.00302027
3.5876e-09;9.20617e-07;7.65676e-11;2.0474e-08;9.47481e-09;0.000551368;1.79575e-09;2.15162e-07;1.42426e-07;2.56619e-09;2.6766e-07;1.20753e-10;0.999447;3.25164e-09
7.5853e-11;5.51153e-09;1;3.46502e-10;1.60012e-11;5.92398e-11;2.36222e-12;7.93453e-12;3.80964e-12;3.49752e-10;1.10094e-11;6.50464e-08;3.31822e-11;2.74468e-10
4.4179e-07;0.998882;9.89486e-09;3.15576e-06;3.66742e-06;4.00639e-06;8.47073e-06;0.000552691;0.000180615;3.3906e-07;0.000137329;3.01732e-07;0.000159487;6.74015e-05
