1.14029e-07;0.999994;2.16114e-06;1.7647e-07;1.26274e-07;6.56596e-09;2.80528e-09;2.49268e-07;2.4427e-09;4.16471e-09;1.4809e-09;2.25281e-06;1.83991e-07;3.86517e-07
5.31193e-06;8.45978e-06;3.81766e-11;1.44876e-09;3.32862e-07;1.65491e-08;7.43667e-09;0.999983;1.99623e-07;3.19323e-09;7.05667e-09;1.73729e-08;1.30318e-06;1.27988e-06
8.71249e-08;2.59552e-06;2.37622e-06;2.79553e-05;0.001344;4.63558e-05;1.48553e-09;2.18509e-06;3.74305e-06;2.26064e-08;2.63466e-06;0.991769;2.34272e-07;0.00679914
6.66979e-06;0.0234511;0.000380685;6.03767e-06;1.33341e-06;1.44206e-06;8.89806e-08;1.18707e-06;2.06984e-08;4.76309e-08;1.00097e-06;7.71262e-07;0.976141;8.39033e-06
2.79372e-05;0.954035;3.39727e-05;7.04647e-06;6.69223e-05;1.25175e-06;1.30827e-05;0.00604289;2.14633e-07;9.87173e-07;7.16706e-06;0.00867764;0.0263799;0.00470606
2.30226e-06;0.00489321;6.99337e-07;0.000151476;0.879335;0.00159693;1.83185e-07;0.0237829;2.44903e-06;5.04875e-07;8.16773e-06;0.000149055;0.00346551;0.086612
6.23385e-07;9.48636e-05;3.33257e-06;1.80275e-06;2.89313e-06;3.83772e-05;1.35118e-06;5.68056e-07;4.33682e-07;2.68718e-07;5.71428e-05;1.9888e-05;0.999777;1.74846e-06
2.05011e-06;0.000369503;0.999084;5.73288e-07;1.37755e-05;2.02164e-06;1.12793e-07;4.31697e-06;9.10684e-09;5.92985e-07;3.07532e-07;0.000435061;3.93149e-05;4.88882e-05
0.000653995;0.890014;1.01185e-07;0.00045324;0.00130555;0.00157911;0.000765886;0.000812687;0.0121744;0.000197199;0.0368734;0.000727865;0.0534379;0.00100484
1.2535e-05;0.998579;1.21672e-08;8.84909e-06;3.88869e-06;9.72445e-06;8.96109e-08;6.63336e-06;2.0977e-06;4.46535e-06;1.58324e-05;6.44181e-05;0.00085676;0.00043587
0.00029335;0.861869;7.00512e-05;1.75733e-05;7.40678e-06;1.90341e-05;5.36709e-05;0.000678469;9.11895e-06;1.15705e-05;0.000121078;0.00387819;0.132968;4.43874e-06
8.56636e-05;0.0257436;1.33579e-07;1.25437e-05;0.000887206;0.00093563;1.38312e-05;0.00139514;2.50175e-05;5.41643e-06;6.76214e-05;0.961891;0.00796489;0.000972328
0.000101695;0.958096;4.72623e-07;1.7138e-06;1.12736e-06;4.60385e-07;0.000301126;0.000571683;1.06342e-05;5.51532e-06;2.66738e-06;9.76208e-05;0.0407628;4.69658e-05
4.55813e-05;0.00621871;1.47128e-07;0.00016336;0.0592671;0.000578316;7.54945e-06;0.0291739;0.00524763;1.03783e-05;1.51948e-05;0.00033364;0.000366704;0.898572
5.11369e-06;0.91971;1.52843e-07;5.07516e-07;1.8119e-05;9.92991e-06;4.94028e-07;0.0628458;1.14992e-05;3.39347e-07;6.06396e-07;1.18321e-05;0.0173721;1.33714e-05
4.43455e-09;1.88765e-09;0.999907;9.45952e-10;1.28407e-09;1.66071e-11;2.97177e-09;7.98667e-09;1.02417e-09;1.92747e-10;2.95904e-10;9.33719e-05;1.81494e-09;6.76909e-11
4.18875e-07;0.00114493;3.69829e-05;8.01242e-07;5.57506e-06;8.65747e-08;3.43545e-08;0.00279858;2.53254e-06;1.27708e-07;7.11287e-07;0.000239242;1.31791e-06;0.995769
6.89803e-07;0.000647172;6.15211e-10;3.31886e-08;0.00396351;1.40391e-06;1.19349e-06;0.995346;2.99497e-05;1.64608e-08;9.41173e-07;6.49778e-08;8.98531e-06;4.40069e-08
2.77661e-09;6.76944e-08;0.999458;2.77261e-08;4.14785e-05;6.05626e-08;9.00709e-11;1.83326e-09;8.2846e-12;4.52483e-09;3.07995e-10;0.000499269;5.37593e-09;9.26371e-07
1.8853e-06;0.999363;6.74214e-08;8.73402e-07;7.17657e-08;3.16111e-07;4.58721e-06;5.51979e-05;3.23791e-05;3.63151e-09;6.91146e-05;1.99543e-06;0.000467388;2.80343e-06
1.99394e-07;0.00243551;9.55951e-09;2.118e-10;8.44926e-07;2.66671e-09;1.12137e-11;0.997534;4.46759e-10;3.94957e-10;6.13023e-11;7.09043e-09;2.93057e-05;6.49134e-07
5.50919e-10;0.000129588;1.7154e-06;1.82876e-07;1.64459e-06;3.72945e-07;2.48579e-11;1.13751e-06;6.02463e-10;1.39426e-09;1.9709e-08;0.999833;3.76004e-06;2.80944e-05
2.39857e-07;0.990547;6.24404e-10;6.67599e-08;2.27888e-06;8.64784e-09;8.99096e-08;0.000740069;3.59595e-08;1.05181e-07;1.55706e-07;9.96451e-06;0.00869711;2.83836e-06
1.72322e-05;0.0144162;4.10702e-07;4.02533e-06;0.000103012;1.85093e-05;1.09545e-06;6.48777e-05;3.59139e-05;1.0111e-06;0.000130304;0.983068;0.00112937;0.00101048
8.41765e-05;0.00560349;1.9203e-09;4.52299e-08;2.88607e-06;3.68608e-06;8.51243e-09;0.795133;6.63173e-06;9.55853e-08;3.73249e-08;1.32362e-05;0.199153;2.79426e-07
2.6777e-06;2.42748e-05;5.13367e-11;2.15333e-08;1.00022e-07;1.87504e-08;1.4446e-09;0.986455;5.58738e-06;2.08328e-09;1.67743e-07;3.80172e-09;0.013512;1.15883e-07
0.000522496;0.00500921;1.8292e-05;7.95829e-06;2.72054e-05;1.45116e-06;1.11617e-06;0.00239115;0.000641452;3.93314e-06;6.5261e-05;0.950954;0.040246;0.000110818
1.15917e-06;0.999393;1.17479e-08;4.0781e-08;3.32064e-07;3.45658e-08;2.55277e-06;0.000370847;2.18082e-06;1.46677e-06;9.91924e-08;6.35269e-09;0.000188503;3.92931e-05
6.86041e-13;1.02836e-11;1;2.78005e-11;9.3534e-10;2.46878e-10;1.4401e-11;2.35892e-14;8.52828e-14;4.11765e-11;1.85212e-13;5.70419e-09;5.46685e-16;9.78414e-09
6.6017e-07;0.993874;2.75188e-07;3.92052e-06;9.34783e-06;3.75745e-07;0.000376466;3.52663e-05;4.59454e-06;1.45626e-07;5.52479e-06;2.46659e-06;7.03176e-05;0.00561689
8.35515e-06;0.0201237;4.15329e-08;1.09125e-06;6.0777e-06;1.6039e-06;4.41778e-07;0.0114576;4.30388e-06;2.07135e-07;1.02087e-05;0.95243;0.0159515;5.38381e-06
4.03552e-07;0.00544867;4.93283e-10;9.00203e-07;7.43345e-06;3.6497e-06;2.08704e-08;0.0198702;6.49971e-07;1.1657e-08;1.02481e-05;1.00067e-05;0.974624;2.37882e-05
6.65348e-06;0.00245366;0.000210948;8.04791e-07;1.87579e-06;3.25729e-06;1.97069e-08;0.000197533;2.53853e-07;1.51015e-07;3.81775e-07;0.977195;0.0197701;0.000159091
3.28378e-07;0.00432611;2.72544e-05;2.09927e-06;1.8628e-05;0.000152757;3.01708e-07;0.00238326;1.97627e-06;1.09058e-07;3.67355e-05;0.0190613;0.973982;7.42182e-06
2.36309e-08;0.0180653;3.13079e-07;5.84801e-05;1.91047e-05;0.00300288;1.28012e-08;0.00113826;4.35292e-07;1.10773e-06;0.000124826;0.00023193;0.976807;0.000550302
1.62914e-05;0.0266781;3.4187e-09;3.49899e-05;4.09519e-06;0.000231202;4.84518e-06;0.00182137;1.5455e-06;1.91124e-05;0.000637044;0.00121743;0.969287;4.69595e-05
2.3951e-06;7.71368e-05;1.88391e-10;2.4437e-07;3.10408e-08;1.32235e-07;9.58625e-08;0.00384107;5.30345e-06;1.30922e-08;0.00108809;6.18701e-07;0.994985;6.19536e-09
2.15899e-05;0.00115045;1.52246e-05;8.61204e-06;3.42141e-06;3.82774e-06;1.10904e-07;0.00014736;5.40817e-05;1.35179e-06;0.000510281;0.972528;0.0255279;2.80206e-05
3.55671e-08;0.00285605;1.32867e-09;2.65436e-08;6.13064e-05;7.15016e-06;4.73467e-08;0.995395;1.79218e-07;1.60636e-06;1.25355e-07;1.21121e-08;0.00167665;1.50428e-06
2.51914e-10;5.29816e-10;0.999999;6.6323e-09;8.08683e-08;1.37469e-09;1.1634e-10;3.11409e-09;7.26123e-11;8.73462e-09;9.7324e-10;2.74024e-07;7.91e-12;1.45649e-07
1.35356e-05;0.00387032;0.000385361;0.000141227;9.11796e-05;6.17335e-05;1.32111e-06;0.000582374;0.000240847;5.74311e-06;0.00296004;0.978642;0.000916275;0.0120879
3.18725e-06;0.998976;1.12704e-08;1.85883e-07;0.000125714;6.79787e-06;1.35828e-05;0.000662736;5.81107e-06;7.73155e-07;0.000154437;3.01271e-07;4.88947e-05;1.29805e-06
2.85719e-06;0.00028038;0.00235813;2.22825e-06;0.932158;0.000223172;2.88256e-09;0.000200789;1.2859e-09;6.18474e-07;9.63138e-08;0.0569549;0.00518472;0.00263389
1.38122e-07;0.972391;8.72717e-09;1.30702e-10;5.50782e-09;2.6588e-09;7.0784e-08;0.0276067;5.43692e-09;1.50149e-09;6.89717e-10;2.60871e-10;2.39473e-06;3.29443e-08
7.31445e-11;9.73046e-09;0.999966;3.06046e-11;6.4262e-09;1.37252e-09;5.42425e-12;1.56165e-10;5.19328e-13;1.52523e-11;5.90493e-14;3.43401e-05;3.61653e-09;2.69e-11
2.3609e-05;0.00488546;2.15713e-08;1.8936e-05;1.46464e-05;0.000196139;0.00031181;0.101261;0.00405648;1.32628e-05;0.000687247;9.74152e-06;0.879788;0.00873348
3.17622e-06;0.925588;0.0737924;1.81729e-05;3.22727e-05;1.21917e-07;6.35665e-07;0.000156103;2.30475e-07;8.69157e-07;1.58831e-06;0.000227487;0.000146891;3.20672e-05
1.70341e-06;0.311457;3.27827e-09;2.8899e-06;0.00688541;0.000761309;1.12081e-05;0.617599;2.28231e-05;1.96462e-05;8.84536e-06;4.82622e-07;0.062096;0.00113326
7.01221e-10;8.66794e-11;0.999997;2.00034e-09;4.84046e-09;5.12779e-10;4.21631e-09;3.8027e-11;1.75025e-10;4.76354e-09;1.71614e-09;3.04362e-06;3.83024e-11;1.52784e-08
5.88414e-05;0.0437067;0.84601;3.01368e-05;4.16884e-05;3.42385e-05;1.00187e-05;0.100403;0.000336432;4.38193e-07;0.000300231;0.00877762;0.0002824;8.70937e-06
6.84911e-05;0.0644959;6.26642e-06;2.0529e-05;0.00800452;0.055858;3.0927e-08;0.000148573;4.92686e-05;5.38598e-06;9.4611e-05;0.00347393;0.0296632;0.838111
2.04767e-06;0.00783418;1.27506e-07;6.13675e-09;0.000220671;2.91043e-06;5.45906e-10;0.0031476;1.17819e-07;1.76389e-09;5.49514e-08;0.0103138;0.978478;8.84805e-07
2.31895e-06;0.00248903;2.11289e-06;3.36702e-05;0.000857969;0.00861563;1.53691e-07;0.0952225;0.00132322;2.65388e-06;8.2213e-05;1.78153e-06;0.891335;3.14716e-05
0.000303169;0.659118;0.317808;0.000171644;0.00558345;8.79774e-06;3.27244e-08;0.00440908;5.57574e-07;4.57148e-06;1.05177e-06;0.0119677;0.000602423;2.16613e-05
2.40555e-06;0.00552059;9.02632e-11;1.77473e-08;3.09644e-05;4.14226e-06;1.2273e-07;0.972983;3.58547e-06;9.40512e-08;5.87422e-07;6.31471e-09;0.021454;5.75314e-08
1.98628e-10;6.35261e-11;1;1.07318e-09;1.09445e-08;1.04356e-10;3.42445e-11;1.28559e-11;2.8913e-11;4.99819e-10;3.50981e-11;4.97697e-08;4.93261e-13;7.4712e-09
6.3411e-05;0.0543126;0.00101654;3.36127e-05;7.99422e-06;2.13468e-05;3.05674e-07;0.00164311;0.000364876;4.78818e-07;8.34344e-05;0.942228;0.00022163;3.1309e-06
9.19126e-06;0.000389179;1.00802e-09;7.37782e-09;1.09565e-06;5.17359e-08;2.23227e-07;0.99959;6.87325e-07;1.53025e-08;5.79669e-07;3.04466e-07;4.70518e-06;3.91814e-06
1.83361e-05;0.995573;9.10133e-09;4.01902e-08;1.08531e-06;8.35082e-08;0.000121157;2.8099e-05;9.55323e-09;8.73406e-06;4.29184e-08;0.000111401;6.75194e-05;0.00407063
9.38945e-11;2.17928e-12;0.999998;5.26896e-11;2.18036e-08;3.33417e-10;5.73103e-12;6.05201e-10;4.28627e-12;2.03555e-11;3.57486e-13;2.36043e-06;3.96881e-13;2.83029e-11
4.08947e-07;0.00112467;6.05502e-08;2.12282e-08;2.68168e-06;1.01751e-06;4.9593e-07;0.99867;9.15682e-07;1.53735e-07;7.38815e-08;5.67609e-08;0.00019914;1.17246e-07
7.74842e-11;4.01e-10;1;1.16127e-10;1.41475e-10;6.12722e-13;1.16937e-10;1.50057e-10;3.2196e-10;1.38538e-11;1.21645e-10;8.30374e-10;2.61833e-12;2.50489e-11
2.72067e-07;1.99856e-06;0.000699236;1.25735e-05;5.95509e-07;2.69127e-07;3.49419e-09;8.48961e-07;0.000162005;3.94328e-08;1.35242e-05;0.999019;4.61495e-08;8.97626e-05
0.00128788;0.676861;3.16457e-06;1.34759e-06;0.000400841;0.000132566;1.82833e-06;0.000823223;2.49396e-06;5.13962e-07;6.528e-06;9.6858e-07;0.315291;0.00518601
1.24056e-07;0.000711626;0.000100182;1.48018e-08;0.0812805;9.53789e-07;2.88969e-11;0.914852;2.69137e-09;5.68322e-09;4.18962e-10;0.00281658;5.7212e-07;0.000237838
3.78643e-08;0.00016648;0.99531;4.8302e-07;0.00431537;6.27594e-05;4.43347e-12;4.55216e-06;6.71077e-10;1.10882e-07;3.85189e-11;0.000109218;6.66693e-06;2.42039e-05
5.69177e-06;0.00192797;2.42095e-05;1.27303e-06;5.19782e-05;4.81238e-06;1.11741e-07;0.975212;0.000307098;3.30753e-07;2.16194e-05;0.00112397;0.0213178;8.66072e-07
