2.01965e-05;0.910467;2.01673e-08;1.45063e-06;4.0583e-06;2.905e-06;7.30105e-08;0.000582832;3.20076e-06;1.80199e-07;8.48606e-06;2.74833e-05;0.0888803;1.5078e-06
6.58918e-06;0.627118;0.33099;9.58441e-06;0.000204831;5.25053e-07;7.86174e-09;7.46934e-05;1.04201e-08;2.93317e-06;1.06847e-07;0.0405472;0.000263403;0.000781539
1.18961e-05;0.994076;3.86276e-08;8.34669e-05;0.000559044;2.84789e-05;0.000170939;0.000106369;9.16734e-05;7.36585e-05;0.00350939;8.21304e-05;0.000632892;0.000574158
4.77627e-06;0.000366843;3.11423e-07;6.17379e-06;0.735606;0.0939341;4.80236e-07;0.16717;0.000108332;4.39791e-06;1.95205e-05;0.000410469;0.00214814;0.000220253
0.00199623;0.833328;9.5277e-06;1.56437e-05;8.13201e-06;1.811e-06;5.97384e-05;0.00224423;0.000110728;3.64934e-06;0.000141685;0.00054776;0.161531;1.316e-06
0.000113365;0.985053;4.03053e-06;7.7994e-05;0.000305861;0.000427576;6.42243e-07;0.00515917;3.32643e-06;2.20205e-06;2.16317e-06;0.000261508;0.00794582;0.000643417
1.23467e-06;0.988195;2.93695e-08;1.02822e-06;9.11282e-07;5.14639e-07;6.07857e-08;4.65467e-05;1.02435e-06;2.19033e-08;7.74166e-06;0.00187835;0.00984646;2.15014e-05
1.05297e-06;0.00501878;2.68429e-06;2.28194e-07;6.05433e-07;1.42314e-07;5.4376e-07;7.84812e-05;1.20739e-06;5.73374e-08;6.14894e-06;0.994787;0.00010308;2.57487e-07
0.00569884;0.0690462;0.030868;0.0002629;0.0617395;0.00108703;8.10126e-05;0.134532;0.00108502;9.84743e-06;3.65994e-05;0.00171014;0.693595;0.000247631
0.000362992;0.987021;1.00385e-05;3.29539e-06;2.10506e-05;1.148e-06;1.29643e-06;0.0114747;0.000696453;3.18598e-07;2.02719e-06;5.40001e-05;0.000143536;0.000208466
1.68021e-07;0.00712732;4.12922e-08;7.11221e-07;0.000133216;0.000494234;7.87739e-11;0.000156494;2.63795e-08;8.59809e-08;1.42235e-10;0.000348372;0.000962557;0.990777
4.52528e-07;0.000165991;3.63612e-08;3.25235e-07;4.12501e-06;3.58582e-07;1.62267e-08;0.00422317;1.46447e-06;1.89906e-08;1.87388e-06;1.42509e-06;0.995593;8.15184e-06
8.03165e-05;0.0431652;6.91673e-06;1.22817e-05;7.32867e-05;2.15117e-06;5.35974e-06;0.00166244;5.67907e-05;8.88934e-06;3.46031e-05;0.925581;0.0256642;0.00364705
2.71328e-07;0.99753;0.000693015;5.39214e-07;1.80602e-06;1.71579e-07;3.86744e-09;0.000424691;2.66904e-10;2.89205e-07;1.52259e-09;6.1791e-06;0.00134246;1.06142e-07
3.763e-09;2.63882e-07;0.999999;5.2778e-08;4.57403e-08;1.11298e-08;8.15496e-08;1.21365e-10;8.31377e-11;3.2616e-08;1.05372e-09;5.33308e-08;8.20583e-09;2.73111e-08
1.39721e-07;5.97387e-07;0.99472;1.60669e-06;4.63773e-07;2.71059e-06;1.3605e-08;4.5857e-06;1.44371e-08;4.20629e-08;2.49987e-07;0.00524148;1.89777e-07;2.85424e-05
4.76086e-07;0.000634933;4.03544e-08;2.88736e-06;0.002156;0.00145262;1.65378e-09;0.0023957;2.43983e-07;3.11743e-08;2.53437e-06;8.69516e-07;1.05747e-05;0.993343
2.22103e-07;0.961306;3.05516e-06;9.10156e-07;2.61283e-05;7.11617e-05;2.21407e-07;2.54989e-07;4.30789e-12;4.24765e-05;1.31698e-10;8.45106e-07;3.0988e-05;0.0385177
1.35856e-13;4.91225e-15;1;1.34303e-13;6.51127e-12;1.71377e-12;2.10701e-13;1.9397e-14;5.31473e-15;1.97754e-14;6.45612e-15;1.8621e-12;5.11844e-15;2.20741e-12
8.92771e-07;0.00826453;5.51613e-07;7.00627e-08;0.000803099;2.76548e-06;1.20918e-07;0.987579;7.9534e-07;1.49658e-08;3.00501e-06;1.73449e-06;0.00330646;3.74544e-05
5.97968e-07;0.00232237;0.985351;3.2615e-05;0.0027363;0.0073391;1.3136e-08;1.74063e-06;5.98151e-10;2.43151e-06;5.85333e-08;0.00046875;0.00150639;0.000238747
3.36209e-06;0.343735;6.39261e-06;2.01631e-05;8.49694e-05;9.6374e-05;3.47419e-06;0.0479611;6.80661e-06;1.79761e-07;0.000234671;0.00173877;0.606043;6.57568e-05
2.31783e-08;0.00110375;4.83708e-09;6.26373e-08;4.08569e-05;2.44722e-06;1.11166e-10;0.000290618;2.91554e-09;1.56096e-09;4.21117e-09;7.81138e-06;0.998553;1.04095e-06
3.48089e-06;0.000980775;1.36795e-05;0.000732427;0.00266881;0.00178425;2.54102e-06;1.63149e-05;4.62875e-06;5.60443e-05;7.2211e-06;0.000442122;1.21567e-05;0.993276
0.000833866;0.875999;2.63356e-05;0.00062766;4.42743e-05;0.000902849;0.00251942;0.00721277;0.000501044;6.04079e-05;0.000598612;0.000176416;0.110074;0.000422736
8.06468e-06;0.791136;9.1774e-07;0.000111152;9.14292e-05;0.000108384;3.09252e-07;0.00472985;3.1781e-05;1.67165e-06;6.02806e-05;0.0618672;0.140072;0.00178044
1.31821e-05;0.00213436;2.57119e-06;1.07758e-06;6.06727e-06;8.86593e-08;7.61246e-07;0.00299425;4.71816e-05;2.7281e-07;4.34395e-05;0.994457;0.00029954;4.0931e-07
0.00546336;0.0183776;0.00221245;0.000316549;0.012906;0.00153279;0.000268987;0.199065;0.0176652;2.81719e-05;4.59987e-05;0.00037032;0.741288;0.000459645
0.000213025;0.982269;1.20007e-05;1.06048e-05;0.000469877;7.87283e-06;2.7946e-06;0.00548585;0.000289585;5.18495e-07;2.67285e-06;0.00036696;0.000338469;0.0105311
3.638e-09;2.29546e-05;9.81068e-10;1.30691e-07;2.01669e-05;0.000132686;1.29655e-12;1.1041e-05;2.14471e-09;1.66573e-09;2.1157e-11;0.000103994;1.75985e-05;0.999691
1.35892e-06;0.00140792;4.15855e-10;1.31709e-07;4.12795e-07;1.13585e-07;1.24764e-08;0.00345996;5.91216e-07;5.12959e-09;1.026e-06;6.53026e-07;0.995126;1.62947e-06
2.95722e-05;0.00984257;1.29918e-06;6.64978e-07;1.62116e-05;2.0511e-07;1.84873e-08;0.00114542;3.30547e-06;2.23026e-07;3.79245e-07;0.655612;0.333233;0.000115228
1.44587e-06;0.288205;1.51485e-07;1.42101e-05;2.01699e-06;2.63986e-06;5.58553e-07;0.00395953;5.16128e-05;5.80876e-06;9.47595e-05;0.0142298;0.693432;8.94277e-07
0.000216755;0.0626741;0.238133;0.402775;0.00327875;7.73736e-05;0.000654939;0.000526968;4.87041e-05;0.0388962;0.00201438;0.0822873;0.000166554;0.16825
0.00125572;0.560104;2.38608e-09;0.000284522;4.82556e-05;0.000137041;3.10332e-05;0.130412;0.000428303;1.18273e-05;0.0172217;0.00162278;0.288419;2.32032e-05
0.000173307;0.978838;6.51056e-06;9.29604e-06;3.18844e-05;0.000452145;8.4396e-06;0.00784473;6.25606e-06;1.59594e-05;7.49276e-05;0.00210917;0.0102051;0.000224738
0.00269647;0.833379;2.7232e-06;0.000121852;0.00328843;0.000198111;0.000370824;0.0594791;0.000105936;0.00030424;0.000403276;0.0706483;0.0217889;0.00721225
3.95012e-05;0.00930372;2.71253e-07;0.00250413;0.000302343;0.000434229;1.99425e-05;0.000153796;0.00374827;1.62472e-05;0.0113934;7.55606e-06;6.4125e-05;0.972012
0.00148694;0.974945;8.65226e-06;0.000189857;4.49721e-05;3.28553e-06;0.000144628;0.00534704;0.00198394;1.24181e-05;0.000891433;0.000296316;0.0143744;0.000271357
0.000107782;0.60621;0.000562517;4.21087e-05;0.00116287;7.07698e-05;2.98361e-07;0.130751;4.2147e-06;5.52196e-06;1.64954e-05;0.255197;0.00580308;6.6695e-05
3.83536e-06;0.160295;1.71767e-07;4.11082e-05;0.00053244;2.6384e-06;9.86128e-07;0.831901;1.1974e-06;3.63645e-05;2.98895e-05;0.000677566;0.00597316;0.000504862
3.6902e-08;0.000105977;7.37768e-05;1.42368e-06;3.79128e-11;1.35084e-09;0.574589;3.95932e-14;2.88174e-09;0.425216;5.15303e-06;2.13766e-13;4.1799e-10;8.53022e-06
1.06048e-10;5.4735e-14;0.999997;4.57871e-11;2.12032e-13;2.6293e-12;1.50976e-06;2.35838e-14;3.98337e-09;2.55712e-10;1.061e-06;4.17779e-10;3.857e-13;6.02057e-15
