0.00010257;0.243136;9.60566e-08;0.000102768;0.000159357;4.27872e-05;8.15924e-07;0.734981;0.000470544;6.22252e-07;0.000106165;0.0177877;0.00270561;0.00040331
2.64229e-05;0.84863;2.98677e-05;0.000154871;7.22803e-05;0.000797645;7.94763e-08;7.3822e-07;3.30343e-08;1.45891e-05;1.54156e-06;0.026407;0.121832;0.00203281
0.000164427;0.0389936;1.48082e-08;1.51805e-06;4.91461e-05;1.26749e-06;1.96981e-06;0.000195299;2.38948e-06;1.15428e-07;1.28464e-05;0.958092;0.00213412;0.000350903
0.000100066;0.00908021;2.04323e-05;1.73851e-06;0.0193328;3.32911e-05;6.60473e-08;0.0502655;2.53106e-08;4.79465e-07;2.06753e-08;8.02216e-06;0.920671;0.000486761
9.63469e-06;0.0572069;1.11175e-06;2.65243e-06;6.90015e-07;0.000661045;2.83845e-06;9.26631e-07;3.41452e-06;7.86716e-07;4.30385e-06;4.02114e-05;0.94198;8.59094e-05
1.71168e-07;0.000259288;0.998206;5.48971e-07;4.25153e-07;7.80838e-07;1.22216e-05;2.06947e-09;6.67034e-10;5.43494e-05;1.04199e-09;0.000126531;6.76224e-07;0.00133942
1.38829e-08;7.28791e-10;0.999997;1.54903e-08;4.25744e-08;1.65111e-08;1.35424e-06;2.23541e-09;1.27555e-07;3.61034e-09;9.72373e-08;1.57548e-06;2.10156e-09;2.05998e-11
7.33044e-06;0.000665059;3.00394e-07;5.38958e-07;4.09072e-05;1.29427e-06;1.046e-05;0.994196;0.000304981;9.70187e-07;0.00043646;7.12685e-06;0.00431769;1.0963e-05
5.16622e-06;0.982688;1.67251e-07;2.46931e-08;1.23989e-08;1.18556e-08;0.0163997;7.17104e-05;3.68396e-07;0.000317109;1.65235e-06;2.65749e-07;0.000473119;4.27551e-05
6.85402e-11;3.69042e-10;0.999998;1.49775e-09;1.69621e-09;1.85228e-10;2.2598e-07;2.40723e-14;1.4929e-09;5.45358e-09;1.08278e-09;1.49998e-06;2.80754e-13;5.36998e-10
3.9145e-07;0.000340198;0.999657;6.97503e-09;3.68207e-08;1.70851e-11;1.3038e-06;7.63826e-08;2.13599e-07;3.62825e-09;1.56733e-08;1.13388e-07;2.65632e-07;5.19181e-08
1.58844e-06;0.973049;6.89858e-11;4.3917e-08;5.40511e-06;1.4146e-09;1.49847e-06;0.00240003;1.20835e-06;6.9491e-07;6.32533e-08;3.53966e-07;3.25625e-08;0.0245398
2.99715e-09;5.95033e-05;0.000119731;1.68694e-08;8.89664e-06;1.56285e-06;2.91452e-12;4.28051e-07;4.09585e-11;9.90414e-11;5.71022e-11;0.99578;3.97583e-08;0.00402973
8.01448e-10;0.999947;8.13145e-13;3.35258e-12;2.95301e-12;2.74552e-11;1.70976e-07;3.2806e-06;2.99868e-10;2.69197e-10;2.15228e-11;8.04302e-15;3.11146e-08;4.9215e-05
2.92388e-11;8.36264e-10;1;2.47902e-12;2.62711e-09;7.90739e-10;9.5372e-11;8.30949e-10;6.72712e-12;1.05775e-11;3.0851e-13;1.64866e-07;1.0086e-10;6.83144e-11
4.87706e-09;0.00016951;1.58585e-09;6.41057e-09;5.442e-08;2.12776e-08;1.88922e-09;0.00672494;6.28566e-08;7.66867e-10;4.8698e-07;5.14936e-06;0.993099;3.01291e-07
9.14514e-07;0.00306824;5.51098e-06;3.91011e-06;4.63113e-07;1.73581e-06;6.29717e-07;1.55032e-05;2.87473e-06;8.05819e-07;2.75166e-05;0.995468;0.000951212;0.000452558
1.40044e-07;0.999955;5.91614e-06;3.27681e-07;1.38146e-08;7.2777e-10;2.56109e-07;4.22346e-06;3.03e-09;1.50808e-08;6.64425e-08;2.42893e-05;1.03301e-05;1.72425e-08
3.01863e-06;0.628632;1.06668e-10;4.84156e-06;0.000233414;8.05165e-07;2.19842e-07;0.360804;1.20189e-06;1.16674e-06;4.57388e-07;0.000555734;2.33794e-06;0.00976119
0.000143789;0.890777;0.00319036;0.0011707;0.00228103;0.00181524;4.63376e-05;5.71215e-05;5.88009e-06;0.000141879;0.000202029;0.0660896;0.00855657;0.025522
0.00246641;0.745563;4.39861e-07;2.0958e-05;9.37327e-05;1.89911e-05;0.000130212;0.00114916;0.00047593;1.03829e-06;0.00228164;0.160963;0.0741329;0.012703
2.01555e-05;0.674552;1.15781e-05;1.25852e-07;0.000137923;2.44562e-05;5.66947e-09;6.45147e-05;3.14971e-08;1.257e-08;2.9224e-08;0.0989811;0.0189615;0.207247
1.11756e-08;0.00157648;3.77956e-11;5.29993e-09;3.42589e-05;3.73848e-07;1.27173e-10;0.000182357;2.2321e-09;2.79647e-09;9.10371e-10;2.70282e-07;1.50918e-05;0.998191
5.45328e-06;0.0140186;6.39485e-07;1.34683e-06;1.12306e-07;0.000278337;9.03821e-07;1.07296e-05;1.85062e-06;2.13382e-06;5.67492e-06;0.00124447;0.984382;4.7901e-05
2.00902e-07;0.000124638;0.999264;2.16428e-06;4.27392e-07;3.18736e-07;2.39029e-05;9.8126e-08;3.74812e-09;0.000111651;3.98169e-08;0.000433132;8.50864e-07;3.84095e-05
1.12923e-09;1.19888e-09;0.999999;2.52571e-09;8.33158e-11;1.33777e-09;3.35032e-07;1.53676e-11;1.24555e-08;5.44577e-10;3.21884e-08;2.63424e-07;1.03865e-10;2.08774e-11
8.14016e-05;0.918479;0.000238622;8.30665e-06;3.3557e-06;2.44991e-06;0.000972171;0.00355571;0.000255658;1.23758e-05;0.000416318;0.000381644;0.0755313;6.22042e-05
1.28726e-05;0.825711;7.2052e-08;3.20293e-05;3.73437e-05;3.38026e-06;0.000742788;0.00229296;0.00120207;4.12257e-05;0.00224944;0.00609863;0.160299;0.00127685
2.57263e-06;0.00332687;0.00786041;0.000883102;4.88003e-05;5.93796e-06;1.75036e-05;1.7639e-06;2.08443e-06;3.87095e-05;1.39819e-05;0.954772;2.32636e-06;0.0330243
3.96714e-05;0.971038;4.76252e-08;1.85726e-05;4.2601e-08;2.4124e-07;0.00844472;4.64201e-05;0.00280278;1.05261e-06;0.0174971;4.61051e-06;0.000100519;6.72004e-06
1.20157e-05;0.999485;1.22962e-05;9.67878e-07;2.34672e-08;8.38226e-08;2.19285e-07;1.91215e-08;1.07416e-08;7.07031e-08;1.00296e-07;9.3322e-06;0.000451205;2.8402e-05
5.00545e-06;0.00258894;4.22685e-05;8.56465e-08;6.73513e-07;2.02307e-09;1.8581e-07;7.45217e-05;6.66937e-07;2.51289e-09;2.03674e-06;0.997236;4.97986e-05;9.96654e-09
6.91237e-07;0.970758;2.51077e-07;8.24744e-07;0.00268723;6.26217e-07;2.1212e-09;0.025581;1.15156e-07;2.93592e-07;3.35955e-09;0.000171758;0.000598512;0.000200866
2.25497e-07;1.47132e-06;4.74173e-08;4.21679e-08;1.34001e-09;0.000138974;4.79102e-09;3.82118e-07;1.72251e-06;2.3786e-07;3.10006e-07;6.81533e-08;0.999857;1.10034e-09
7.86123e-09;1.17444e-07;1;1.43918e-08;5.93884e-10;2.39327e-09;6.412e-10;1.0901e-10;2.17086e-10;1.07311e-08;7.24383e-10;9.33556e-08;1.28233e-08;1.08827e-09
6.81244e-07;0.998991;1.37674e-06;7.28996e-06;6.4648e-06;6.57491e-06;3.67327e-06;0.000621039;7.94279e-05;9.60673e-07;2.27234e-05;1.90495e-06;0.000160266;9.67553e-05
