4.84129e-05;0.0261635;2.88967e-08;1.28526e-05;0.0207095;0.000112499;3.37102e-06;0.637186;0.00100494;1.77203e-07;1.52514e-05;0.00260792;0.308539;0.00359579
0.000118827;0.050825;0.0501386;0.00067815;0.160752;0.000299865;1.67953e-06;0.0032703;1.31195e-06;0.000114376;1.46767e-05;0.654101;0.0341273;0.045556
6.9692e-05;0.525555;2.89553e-06;2.04995e-05;4.10715e-05;1.45876e-06;4.28658e-06;0.0089007;6.21754e-05;1.34249e-07;0.00072028;0.0632046;0.401397;2.00635e-05
9.19909e-08;0.998753;5.90145e-10;3.64688e-06;2.10697e-06;3.9444e-05;3.19629e-08;0.000316541;7.19486e-07;7.92711e-07;5.31585e-07;4.50469e-05;0.000231939;0.000605754
0.0010082;0.0047715;0.0350025;0.00576503;0.00351452;0.00169872;0.000782089;0.0150719;0.00158847;0.00152681;0.00936482;0.910944;0.00867329;0.000288352
0.00140595;0.661131;0.000663609;0.000119277;2.02307e-05;1.52392e-05;0.000296289;0.00233026;0.0009848;1.59846e-05;0.00609358;0.00423871;0.322514;0.000170923
5.2717e-05;0.160437;1.6591e-07;7.94136e-06;0.000769586;6.62199e-05;7.86739e-06;0.00693934;0.000146874;4.58135e-06;0.000167949;0.00700256;0.823707;0.000690422
1.98753e-06;0.995085;1.28467e-05;2.49632e-05;1.20892e-05;1.02928e-06;5.0593e-07;0.00239139;1.75516e-06;9.76074e-06;2.08956e-05;0.00111849;0.00108042;0.000238616
1.05323e-07;0.000116119;1.88647e-07;0.000111938;0.751562;0.102782;5.22285e-08;0.000171138;1.8578e-06;1.37289e-05;1.11295e-06;0.000504363;3.70481e-05;0.144698
0.000109918;0.905552;9.55534e-09;6.59676e-07;3.14393e-07;1.88497e-07;5.98314e-07;0.000921541;2.276e-06;2.21566e-07;4.05122e-06;0.000684663;0.0927231;1.881e-07
6.06024e-05;0.77647;5.81478e-08;1.01619e-05;7.60141e-06;1.26809e-06;1.08658e-07;0.137895;2.34159e-05;1.54592e-07;0.000113707;0.0691672;0.0162512;7.69539e-08
9.60279e-06;0.171825;6.59989e-06;0.000173149;0.0023392;0.000447545;2.48006e-06;0.0226231;1.36484e-05;0.000353485;3.56317e-05;0.0781259;0.702127;0.0219181
1.64643e-05;0.780866;7.85827e-08;2.6106e-05;9.15352e-05;0.000448259;0.000788032;0.00292568;3.67052e-05;2.11759e-05;0.000350127;0.000184771;0.213326;0.000919094
2.32067e-05;0.00766504;3.36874e-07;4.77304e-06;1.2889e-05;4.79369e-07;4.15891e-06;0.0207718;3.84536e-06;3.67396e-07;1.09208e-05;0.000824039;0.970678;4.05429e-07
0.000288354;0.951642;5.93656e-09;0.000705756;0.00197639;0.000282906;8.58485e-05;0.00932404;0.000590475;7.59883e-05;0.000410081;0.00475491;0.028075;0.00178793
8.17269e-05;0.387197;2.32442e-07;0.000160281;2.9099e-05;4.08344e-05;4.07255e-07;0.000125168;1.66867e-07;1.88167e-05;1.94488e-06;0.610387;0.00123968;0.00071716
8.46717e-05;0.262403;7.45416e-08;9.91569e-05;0.000129078;2.71491e-06;5.63518e-05;0.664737;0.000178341;6.16468e-06;0.00739785;0.000757804;0.0641451;2.8586e-06
2.75751e-07;0.0012507;0.000249525;4.47982e-06;2.32208e-08;1.28883e-07;0.0331478;2.95741e-12;1.03572e-08;0.963638;1.13091e-07;2.73886e-10;5.31085e-09;0.00170941
3.54453e-11;8.2607e-14;1;1.2054e-11;1.59562e-12;2.97709e-12;1.88102e-09;5.17867e-14;3.42011e-10;5.22768e-11;1.22235e-10;5.47074e-10;4.40199e-15;1.26566e-13
