4.92689e-07;0.999917;1.56319e-06;2.25472e-07;3.60801e-07;1.29168e-08;2.91374e-09;1.3266e-05;3.65609e-09;7.8411e-09;5.11456e-09;5.19156e-05;1.47196e-05;6.26275e-07
2.95006e-06;2.85849e-05;2.40138e-11;8.29985e-09;9.33641e-07;8.37337e-08;2.61562e-08;0.999949;1.6338e-05;1.31698e-08;7.0195e-08;5.0563e-09;2.01188e-06;2.44571e-07
1.36254e-06;0.0313126;5.30361e-07;1.90292e-07;8.85599e-06;2.99105e-08;1.32608e-07;0.000858043;1.05301e-05;1.36369e-08;1.43257e-07;0.966736;1.03465e-05;0.00106097
1.54477e-05;0.964072;1.31918e-09;2.56255e-06;1.52569e-06;1.6519e-07;1.76882e-05;0.000732921;0.000537038;7.39535e-08;0.000175449;0.000749455;0.0336854;1.0155e-05
2.22488e-05;0.442602;8.24643e-05;4.38185e-06;1.81743e-06;4.72806e-06;3.25759e-06;2.37348e-05;8.46971e-08;2.17082e-07;2.49482e-06;0.502319;0.0549264;7.02438e-06
1.30049e-05;0.0265531;2.28196e-05;8.82833e-06;0.0223178;0.00173982;1.09418e-07;0.17662;1.66743e-07;1.24772e-08;4.78705e-07;0.728333;0.0156643;0.0287266
5.80249e-07;0.668934;5.54503e-05;7.59568e-06;2.23027e-05;6.9566e-05;5.51483e-11;0.0888707;1.08783e-08;3.71531e-09;4.63045e-07;0.166014;0.0151139;0.0609107
2.97584e-07;0.994204;2.13466e-05;4.95352e-05;2.13135e-05;6.9522e-06;4.76302e-08;0.00170224;1.97542e-07;2.13775e-06;4.81664e-05;0.000145659;0.00361936;0.000179106
9.86967e-07;0.00111586;5.74892e-06;3.72493e-05;0.022505;0.874286;9.0883e-08;0.0349667;3.00933e-06;8.54269e-06;4.75819e-05;9.32165e-05;0.00165792;0.065272
2.86717e-06;0.00552802;3.59956e-09;7.24994e-08;1.41558e-08;3.39239e-07;1.53729e-07;2.57803e-05;1.88185e-07;9.08994e-09;4.81127e-05;0.000244334;0.99415;1.92683e-08
1.49619e-05;0.00417687;2.42898e-06;1.99027e-07;5.16113e-06;1.80449e-07;3.50726e-09;0.000316434;8.8786e-08;7.61292e-08;1.25026e-06;0.993727;0.00175424;1.55544e-06
1.7854e-07;0.997907;5.33008e-10;7.02951e-08;5.35049e-06;4.12199e-08;9.97921e-10;0.0020437;2.39265e-09;1.99951e-08;6.24341e-09;1.11725e-06;2.0485e-05;2.22492e-05
4.42993e-05;0.00192603;1.10931e-06;4.77132e-07;2.7616e-05;2.32285e-06;3.0949e-06;0.989386;6.70888e-06;1.04235e-06;3.02606e-05;0.00495745;0.00360622;6.83834e-06
8.11241e-05;0.022655;3.98014e-05;7.83217e-05;0.00033264;0.00011614;6.74589e-06;8.95063e-05;0.0084306;1.61157e-07;0.00176784;0.965299;0.000998056;0.000104684
0.000296483;0.858756;8.44667e-05;6.47018e-06;0.00023212;0.000165091;1.5041e-07;0.00077616;9.61686e-05;6.26816e-07;1.56758e-05;0.0924597;0.0461842;0.000926923
9.60497e-05;0.594995;4.14673e-09;5.90327e-07;0.049887;8.53035e-05;5.96425e-07;0.115733;1.88288e-06;3.04729e-06;4.85566e-08;0.000132374;0.232175;0.00689035
8.31467e-06;0.283528;6.03245e-06;1.68229e-05;0.000232519;6.53163e-06;3.58492e-08;0.000116668;2.94392e-05;4.61268e-07;3.3484e-06;0.713916;0.00160513;0.000530917
5.16184e-06;0.00893744;2.08064e-10;1.37096e-06;4.29234e-06;3.74317e-06;2.04316e-08;0.000207302;8.93143e-07;3.64494e-08;1.61427e-06;0.00640629;0.984425;6.7501e-06
0.00184912;0.149858;0.000705245;0.000308574;0.000776734;0.00072015;1.64783e-06;0.0409624;0.000100891;1.43164e-05;0.000289506;0.7453;0.0137889;0.0453245
9.99718e-05;0.616879;1.3127e-08;0.00331269;0.000525952;0.0447942;8.01071e-06;0.1871;0.0189771;4.58983e-05;0.0105653;0.00250018;0.113895;0.00129694
4.03569e-05;0.863817;1.46661e-05;9.99595e-07;5.17545e-09;3.39115e-08;1.20811e-05;1.48687e-06;4.26756e-07;4.27868e-07;3.39548e-05;0.00568445;0.130394;3.75854e-09
0.00122265;0.0701688;2.84936e-09;0.00010332;0.00727839;0.00203745;1.06082e-05;0.271229;0.00623927;1.77789e-05;0.00252539;0.538128;0.0298023;0.0712369
0.00180656;0.676147;0.303673;0.00102287;0.00157002;0.00035649;8.65169e-05;8.1708e-06;4.4051e-06;0.000301665;2.55439e-05;0.000177417;0.0125729;0.00224768
0.00494712;0.75477;2.0841e-05;1.05041e-05;3.8817e-05;0.00016516;0.00102181;0.00186104;0.00198679;3.72193e-06;0.000325983;0.00570698;0.225467;0.00367352
1.85871e-06;0.0317134;5.73694e-08;2.67529e-05;0.00034669;0.00977117;7.74259e-09;0.000957035;1.15976e-05;1.13253e-06;7.66736e-07;0.000393875;0.00260926;0.954166
1.00807e-05;0.00140432;1.09326e-07;4.04573e-05;2.02196e-05;4.51981e-05;1.71756e-06;0.000194539;3.70828e-05;3.52896e-06;0.000403321;0.000275852;0.997528;3.51146e-05
0.00067844;0.0575781;8.95697e-07;0.000105136;4.33992e-05;2.39172e-05;2.61442e-06;0.00122287;0.000126893;1.23898e-05;0.000312031;0.899729;0.0400733;9.08541e-05
4.32855e-06;0.999293;0.000640962;4.70522e-06;9.01975e-08;1.98301e-09;1.06049e-06;1.73311e-05;6.48516e-09;5.90333e-07;8.01287e-08;1.14648e-05;2.39756e-05;2.20333e-06
3.28001e-06;0.997672;2.91352e-09;3.97224e-07;2.15651e-05;8.40272e-08;1.1011e-07;0.00150926;1.56469e-08;2.76548e-07;1.58292e-08;4.77986e-05;5.74581e-06;0.000739412
2.0462e-05;0.00142107;6.18443e-09;5.36387e-07;5.95358e-07;7.01145e-06;1.81855e-05;0.996723;1.38657e-05;6.17781e-06;1.17388e-05;4.89378e-05;0.00170618;2.20704e-05
1.79599e-05;0.000216298;1.05558e-05;0.000182607;0.00067147;0.00284164;1.88559e-07;7.08095e-05;0.00349848;1.76719e-07;0.000151366;0.971157;9.86867e-06;0.0211714
3.01719e-05;0.989787;6.09406e-09;1.83144e-07;4.21577e-07;1.50987e-07;2.38703e-06;0.000686;8.25896e-06;5.71613e-08;6.65035e-07;5.17785e-07;0.0094833;3.84835e-07
1.88466e-05;0.767457;5.7336e-08;4.45161e-07;0.00119853;4.62172e-06;2.62473e-07;0.0114752;3.58983e-08;1.72254e-06;9.7874e-09;1.05803e-05;0.000342731;0.21949
9.08542e-08;0.00107015;1.09841e-05;4.99204e-06;2.13253e-05;2.92815e-06;9.66847e-08;9.551e-06;8.27217e-06;1.95354e-07;2.28742e-05;0.998672;3.97407e-05;0.000136735
5.21175e-06;0.00161579;7.12074e-10;3.22445e-06;0.000120639;3.97693e-05;2.7449e-08;0.000887332;1.23418e-06;1.36452e-07;7.25255e-06;0.00598709;0.991314;1.78005e-05
0.000309673;0.00942486;0.000130992;7.2397e-05;0.0027173;0.000540558;1.48798e-06;0.00460069;5.26231e-05;5.306e-06;0.0002926;0.939706;0.0185563;0.0235893
1.43589e-07;2.08107e-06;1.05171e-09;2.6249e-10;1.25593e-08;1.90324e-08;2.60475e-11;0.999988;4.54041e-08;1.01366e-10;8.34989e-09;2.17367e-07;9.89381e-06;1.50843e-09
7.76897e-08;4.05098e-05;0.000124681;9.21362e-05;0.00560595;0.00166909;4.13437e-10;4.04121e-06;6.14517e-06;6.62669e-07;1.69224e-06;0.0635079;2.40637e-06;0.928945
0.000455333;0.991454;8.93562e-06;7.53432e-07;1.80496e-09;4.45137e-10;9.48007e-06;0.0073788;0.000435959;1.43037e-07;0.000223287;9.60479e-07;3.26894e-05;7.37106e-09
2.28265e-07;0.998598;1.25145e-11;3.73286e-07;9.25431e-07;6.33299e-09;9.90624e-05;2.00966e-06;4.32652e-06;3.34692e-05;4.68671e-08;3.28237e-08;4.13046e-07;0.001261
1.03531e-10;2.24545e-10;0.999999;3.23146e-09;2.99802e-10;7.64563e-12;4.12761e-10;3.09467e-14;3.23516e-11;1.78252e-10;4.26357e-11;9.21715e-07;2.82855e-13;2.66841e-11
1.98828e-05;0.205685;1.00639e-10;5.97724e-06;0.000739605;9.71153e-07;0.000670512;0.775843;0.00177893;9.07037e-07;0.0020134;6.7518e-07;0.013221;2.04531e-05
4.92575e-06;0.00990027;0.616602;8.92185e-05;0.000147469;5.28172e-07;1.93661e-06;3.30779e-08;1.25448e-06;9.34669e-06;0.000161117;0.372995;8.46773e-05;2.15273e-06
0.00198617;0.250763;2.90592e-06;0.000117292;3.49535e-05;6.35938e-06;2.46694e-05;0.0345785;0.38977;1.06968e-06;0.282371;0.0399131;0.000430482;1.2841e-06
6.01505e-05;0.99952;1.31764e-06;6.0083e-07;4.51805e-06;4.57354e-06;8.45978e-08;5.79501e-05;9.52568e-07;7.86955e-07;1.7907e-07;7.85041e-05;0.000255826;1.4349e-05
8.32416e-05;3.93979e-05;1.3501e-10;2.15494e-07;0.00139067;1.55041e-06;1.34969e-06;0.998253;0.000131484;2.06571e-06;3.1225e-06;5.14416e-07;2.44003e-05;6.88955e-05
6.69133e-07;5.70124e-05;0.999935;7.65117e-07;5.13851e-07;4.8662e-08;2.80894e-09;7.86975e-08;1.33464e-07;1.47296e-06;8.06569e-09;1.54299e-08;8.55472e-08;4.49777e-06
0.000405946;0.0106191;1.00985e-05;9.33454e-05;0.00109636;0.000818782;0.00168901;0.0133517;0.75592;8.50533e-05;0.207587;0.00100986;0.00609047;0.00122362
