3.21212e-06;0.999895;1.38331e-05;3.363e-07;2.34792e-07;4.86134e-08;1.75434e-09;2.66962e-05;1.97997e-09;7.14212e-09;2.00819e-09;1.61085e-05;4.37336e-05;4.29709e-07
2.1212e-05;0.984028;4.3604e-09;4.83468e-06;0.000242313;1.95263e-05;1.31943e-06;4.25169e-05;1.54532e-06;1.86473e-06;1.78225e-06;0.00237312;0.00973185;0.00353042
0.000232987;0.338966;1.22143e-08;5.37894e-05;0.000440868;0.000219554;3.75742e-06;0.00683527;1.75534e-06;0.000122007;8.71688e-06;0.0232266;0.311241;0.318648
3.91647e-05;0.0191763;7.0521e-06;1.05684e-06;0.000163903;0.000373051;5.9112e-07;0.00344443;4.25981e-06;2.50095e-07;1.10619e-05;0.966125;0.0101968;0.000457064
7.59085e-08;0.999329;4.94381e-10;2.23842e-08;2.01063e-07;1.07517e-07;0.000495097;2.05762e-05;7.66723e-08;1.84513e-05;1.17282e-08;3.96902e-11;7.96588e-06;0.000128552
6.9139e-10;4.9821e-10;1;5.84679e-10;3.14869e-09;1.51887e-09;1.28518e-08;7.52736e-13;9.15198e-10;6.52278e-10;1.24096e-09;3.55977e-07;6.14919e-11;1.14249e-09
9.25281e-06;0.999035;2.03682e-07;1.94277e-07;2.51114e-07;3.61043e-09;6.55345e-07;0.000763416;1.83517e-05;8.64463e-09;2.65215e-05;4.63051e-06;0.00014198;2.04979e-08
3.28167e-06;0.966397;4.62024e-09;6.59548e-05;0.00158304;5.68219e-07;9.07547e-08;0.00206563;9.39747e-06;9.90287e-06;4.47548e-06;0.0291483;5.42255e-05;0.000658561
6.76806e-06;0.00285283;8.76446e-05;3.53653e-05;2.4783e-05;3.87991e-05;1.0466e-05;1.05418e-05;3.85327e-08;0.000224784;6.67838e-06;0.995382;1.42023e-05;0.00130501
1.09729e-05;0.000123157;6.25859e-12;5.85111e-08;2.97556e-07;6.4548e-08;9.08691e-08;0.983876;6.79938e-06;1.31192e-09;4.31824e-05;8.53134e-07;0.0159379;1.99292e-07
1.34624e-06;0.000495972;4.57086e-06;3.58061e-07;9.63467e-07;1.0033e-08;1.25228e-08;1.99439e-06;2.87061e-07;3.36858e-08;4.24019e-07;0.99922;0.000217834;5.63e-05
1.6177e-07;0.00315059;1.50169e-09;7.61314e-09;8.70855e-05;5.59125e-09;1.15e-10;0.996758;2.94568e-09;5.604e-09;7.81893e-10;5.06315e-07;2.99814e-06;2.27123e-07
1.72386e-07;0.000142835;0.9995;1.18689e-05;2.64621e-05;6.39213e-05;2.20068e-08;3.74329e-07;3.61619e-09;2.17394e-06;1.30299e-07;1.19699e-05;0.000239088;1.4973e-06
1.87263e-07;0.999979;3.33039e-12;1.4678e-10;1.57035e-10;1.00432e-11;1.29522e-05;7.04531e-06;2.43722e-09;1.74057e-08;1.05431e-08;9.03736e-09;5.00855e-08;4.99597e-07
4.48469e-10;1.16352e-09;1;3.0588e-10;4.82449e-08;9.72396e-09;4.42902e-09;2.63344e-12;3.3945e-10;2.86008e-10;8.63337e-12;1.56632e-08;2.83281e-11;2.72225e-08
1.28322e-07;0.992204;3.44443e-09;7.90982e-10;9.83532e-10;7.05913e-10;4.4419e-09;1.45179e-05;2.11722e-08;1.37871e-10;2.02523e-08;5.90394e-05;0.00772237;2.41479e-09
2.28744e-06;0.506903;2.5469e-05;3.51356e-05;0.000948843;0.0140507;6.07339e-05;0.313326;2.89139e-05;7.54737e-05;7.37625e-06;0.00122703;0.00231515;0.160993
6.06718e-10;2.02969e-07;1;9.89658e-09;7.24332e-10;2.46275e-09;1.62047e-07;1.72693e-11;3.62152e-09;1.82476e-10;2.56212e-08;2.74953e-08;2.25808e-08;3.3272e-11
0.000234793;0.12879;0.80354;0.000138151;1.37049e-05;0.00330358;0.000320751;0.013164;0.000175229;2.95842e-05;0.00618596;0.0108349;0.031826;0.00144272
6.28492e-07;0.0416805;5.35369e-06;4.07846e-05;0.000967366;0.335655;2.69385e-08;0.000188741;6.88035e-07;2.42769e-07;0.000251474;4.69171e-05;0.00369819;0.617464
2.16162e-07;0.000360329;4.39189e-06;7.17715e-08;2.77547e-06;1.06748e-05;2.1505e-11;0.000805018;8.93727e-09;2.47484e-08;9.42016e-08;0.997361;0.001222;0.000233256
3.56748e-05;0.626454;0.000861356;8.19554e-05;0.00524196;0.00352363;4.47114e-06;0.0772507;0.000361114;6.55135e-06;0.00544043;4.77876e-05;0.279901;0.000789202
1.11378e-06;0.00758645;2.8329e-09;2.28286e-08;0.000142599;8.32231e-05;3.07982e-08;0.498734;5.69103e-07;6.95651e-08;1.83308e-07;5.15262e-09;0.493451;5.00362e-07
6.12162e-12;8.7633e-12;1;4.22364e-11;4.62306e-10;4.33358e-11;7.00097e-13;7.92287e-13;3.62466e-13;2.13509e-11;3.26053e-13;2.51397e-09;4.77701e-13;3.03978e-10
3.44054e-07;1.07321e-05;0.998661;5.08507e-07;3.79588e-07;3.94633e-06;1.79686e-07;2.44125e-05;4.71242e-07;1.71151e-07;5.58733e-07;0.00129019;2.74066e-06;4.20316e-06
4.07482e-06;0.0141712;5.43213e-07;1.23233e-05;0.0104066;0.323847;8.04705e-07;9.85272e-05;6.98055e-06;9.63406e-07;5.82747e-05;3.36186e-06;0.00279889;0.648591
2.46349e-07;0.000132581;1.92566e-05;8.54077e-10;8.01433e-07;1.44322e-08;2.31141e-10;1.32435e-05;7.892e-10;6.34228e-09;9.65562e-09;0.999283;0.000546828;3.52311e-06
3.4607e-06;0.00323666;6.46034e-07;7.97327e-07;0.000899738;2.93007e-05;2.68786e-07;0.994167;0.000339452;1.16324e-07;4.27786e-06;2.07421e-07;0.00130926;8.62433e-06
4.83441e-07;0.99025;1.88201e-07;9.69011e-09;1.75141e-06;5.73837e-08;7.31304e-11;0.00651459;3.35826e-11;7.67289e-09;4.06723e-12;1.31615e-09;0.00323287;6.07252e-08
2.67177e-08;2.37041e-07;0.999989;3.97774e-08;1.38715e-07;2.51632e-09;4.33244e-09;1.22416e-08;8.23085e-11;6.41666e-09;1.4457e-10;1.04463e-05;1.42583e-08;2.11077e-08
5.02102e-06;6.24558e-05;0.0151302;9.19289e-06;7.07745e-05;5.53293e-07;9.64349e-08;0.000484901;1.24711e-06;7.3302e-07;1.57727e-06;0.983455;7.45146e-06;0.00077037
7.21739e-05;0.289061;1.54934e-07;8.19601e-07;0.0170709;0.000106925;1.26381e-05;0.686508;7.12582e-06;1.56896e-06;9.14893e-06;1.79886e-06;0.00700947;0.00013796
8.93633e-07;0.000147919;0.200407;2.82766e-06;0.00998909;0.000389363;1.19282e-09;3.84615e-05;1.67504e-09;1.90548e-07;2.81528e-09;0.785643;0.00316362;0.000217519
6.49954e-07;0.978342;5.94387e-08;2.0014e-07;2.22653e-06;2.31773e-07;2.95701e-09;0.0200183;2.05851e-06;2.68212e-10;5.67955e-08;8.32518e-05;0.00155068;5.68325e-07
1.83828e-08;0.00266573;9.71585e-10;1.42188e-08;5.01362e-05;1.80473e-06;3.25787e-11;0.996386;3.36955e-09;3.54256e-08;2.15142e-10;2.55084e-08;0.00089324;2.89088e-06
3.56718e-11;4.38545e-10;1;3.41972e-10;7.28573e-09;4.23758e-12;2.70448e-12;2.5411e-11;2.50637e-14;9.11401e-11;1.38843e-13;2.96312e-08;1.10858e-11;1.31511e-09
8.68382e-05;0.00362642;0.0425428;5.00889e-05;0.000760472;1.48689e-06;1.23563e-06;0.00862726;7.06729e-05;2.86646e-06;4.13888e-05;0.943192;8.22981e-05;0.000913903
3.61337e-05;0.0268355;7.52328e-09;9.35126e-08;0.000829377;3.7481e-06;1.80655e-06;0.971781;8.55886e-06;1.98475e-07;1.33024e-05;4.92221e-06;0.000471882;1.34507e-05
5.08044e-06;0.00058689;0.0931384;2.96155e-06;0.0212353;5.66499e-06;1.03779e-07;1.63794e-05;2.53005e-08;2.23008e-06;1.86174e-07;0.88413;0.000752079;0.000125087
4.99512e-07;0.0368331;3.12995e-09;1.71411e-08;1.4785e-05;2.48536e-07;2.43259e-09;0.962995;3.76433e-06;1.22879e-10;3.52318e-08;1.12571e-07;0.000152379;1.03981e-07
3.33762e-08;0.999298;4.09961e-05;4.40763e-08;8.74337e-07;2.90092e-07;6.38587e-11;6.35783e-05;7.40895e-12;7.02165e-08;2.97244e-12;2.945e-08;0.000593837;1.87938e-06
4.72783e-09;3.15091e-07;1;3.13944e-08;5.47955e-08;7.37408e-09;7.34405e-09;5.97541e-10;2.01834e-11;6.14856e-09;7.01662e-10;2.58354e-08;1.1625e-09;3.94241e-08
4.02463e-08;8.14659e-07;5.63312e-06;2.38923e-07;2.12642e-07;5.35294e-07;2.1536e-09;4.23871e-06;1.551e-07;1.84771e-08;1.78226e-06;0.99997;2.60682e-07;1.60012e-05
7.04507e-06;0.988979;3.34133e-07;4.9623e-08;1.01623e-07;3.47976e-05;2.85205e-06;0.000224343;1.03447e-07;1.12777e-07;3.33086e-07;2.93665e-07;0.0107458;4.63329e-06
9.07728e-08;0.000333902;4.13018e-06;5.1208e-07;0.000294829;0.000991504;2.27034e-11;0.000308347;6.51351e-08;3.14148e-09;1.07061e-08;0.941998;0.000293151;0.0557753
3.74538e-06;0.602997;1.68936e-07;1.44394e-07;6.80113e-05;5.27177e-06;1.03369e-09;0.261263;1.08155e-06;1.62421e-08;2.12975e-07;9.69901e-06;0.135587;6.58696e-05
4.32185e-08;0.00753077;7.58403e-09;3.10124e-09;0.000178799;8.33383e-06;2.23077e-10;0.985008;1.08199e-08;5.96602e-08;4.72751e-10;3.85177e-09;0.00727295;1.40779e-06
4.38597e-11;2.6174e-10;1;2.19031e-10;1.09148e-08;1.05118e-10;2.87296e-12;1.04796e-10;2.74001e-13;4.09489e-10;5.83722e-13;2.00685e-08;3.13484e-12;1.10669e-08
6.35897e-07;1.24097e-05;0.00100535;2.25946e-06;3.58111e-06;6.35309e-06;4.67009e-08;0.000174026;3.68137e-06;4.68912e-07;7.39224e-06;0.998673;1.30663e-06;0.000109198
3.21042e-05;0.981278;3.91039e-06;3.48474e-07;8.35733e-07;4.77657e-05;1.69077e-05;0.0011626;1.00559e-06;8.4531e-07;1.6406e-05;1.31387e-05;0.0173992;2.6676e-05
2.17751e-06;0.00109558;8.9851e-08;2.06702e-06;0.0157217;0.000824667;1.33838e-09;0.0420243;6.62053e-06;1.15529e-07;2.30476e-06;0.869301;0.00279862;0.0682207
1.83994e-06;0.728901;5.48088e-08;1.31998e-07;5.43157e-05;8.43761e-06;2.56584e-09;0.0263757;1.8432e-06;1.72495e-08;1.69162e-07;4.19115e-07;0.244655;4.42347e-07
3.55122e-06;0.996375;0.00107712;1.00948e-06;3.3923e-06;1.05038e-06;1.30367e-08;0.000795598;1.83346e-09;4.28208e-06;7.498e-10;8.1508e-06;0.00171281;1.79096e-05
6.96051e-08;9.44176e-08;0.999996;7.89025e-08;8.43162e-07;2.8864e-08;1.99e-08;6.3764e-08;5.76602e-10;3.33147e-08;2.70444e-09;2.31459e-06;7.16846e-10;7.40674e-08
6.15322e-06;0.000128068;7.60679e-06;8.11844e-06;1.01544e-06;2.78814e-06;4.9138e-08;0.000887205;5.94755e-05;2.84914e-07;0.000132649;0.998729;1.35331e-05;2.39383e-05
0.000502833;0.92386;2.52724e-05;1.67949e-06;1.31825e-05;0.000279638;0.000109291;0.000625055;7.18899e-06;5.68076e-06;5.70473e-06;5.65996e-06;0.0735519;0.00100682
0.000120933;0.0314313;9.62412e-05;1.06276e-05;0.052912;0.0246735;4.95235e-07;0.433572;2.18937e-05;4.48202e-07;1.81559e-07;0.290185;0.0526566;0.114319
1.48266e-06;0.972938;2.67877e-07;8.35459e-07;0.00119608;1.24279e-05;7.8513e-10;0.0216068;1.37694e-06;9.20688e-09;1.30836e-08;0.000385062;0.00375713;0.00010093
1.03215e-07;0.0351009;4.93686e-08;1.1738e-08;0.000168137;6.95663e-06;3.71437e-10;0.962817;6.47403e-09;1.36582e-07;1.48992e-10;2.67174e-09;0.00190359;3.01412e-06
4.25028e-11;4.93931e-10;1;1.34829e-10;1.62565e-09;1.35493e-11;1.5414e-12;2.47829e-11;7.50462e-13;7.66376e-11;1.27416e-12;8.88587e-08;5.83027e-12;1.15003e-09
2.54301e-06;0.00282177;0.000126718;1.16229e-05;6.93307e-06;6.15652e-06;5.08321e-08;0.000411854;9.14143e-05;8.46361e-07;5.62892e-05;0.996113;0.000130463;0.000220145
0.000195247;0.696088;1.78949e-05;1.09055e-06;5.51123e-06;0.000392417;3.24399e-05;1.64085e-05;3.48683e-06;3.57521e-06;4.59116e-05;2.35422e-05;0.303051;0.000122797
0.00012377;0.0549176;2.55312e-06;2.91095e-06;0.0309067;0.0058366;1.35207e-06;0.463862;2.0889e-05;7.36415e-07;2.26958e-06;0.10385;0.328143;0.0123292
1.42399e-05;0.289915;5.99333e-07;1.35144e-05;0.0403031;0.00110347;5.53471e-08;0.632537;0.000120414;3.0428e-07;1.0719e-06;6.13389e-06;0.0324193;0.00356533
4.27872e-07;0.979608;0.000136317;3.07596e-07;3.08184e-05;2.57834e-06;1.60096e-11;0.0102737;8.46668e-11;1.40907e-07;2.5924e-11;5.85532e-07;0.00994491;2.51861e-06
3.93534e-10;8.63177e-09;0.999999;5.16741e-09;2.27665e-09;3.6245e-10;7.54078e-10;3.30572e-11;6.30275e-12;8.47615e-10;8.31931e-11;5.93767e-07;1.11227e-09;3.20864e-10
2.67448e-06;1.87084e-05;0.989989;2.12826e-06;1.06483e-06;3.31549e-07;1.17191e-06;0.000135189;4.24608e-07;8.199e-07;1.30317e-06;0.00983506;5.97956e-06;6.07579e-06
5.09313e-07;3.74566e-05;0.00132476;1.39801e-06;0.00612189;0.325608;1.03016e-08;3.84683e-05;1.69811e-07;2.06362e-07;5.59643e-07;2.08473e-05;0.000593877;0.666252
2.04949e-05;0.196568;1.40365e-06;8.67054e-06;0.111812;0.00766947;7.80505e-10;0.0126608;5.77754e-06;1.44379e-07;6.25939e-07;0.382444;0.181725;0.107083
2.10418e-08;0.0030594;5.18121e-09;7.33467e-10;0.000182675;1.06957e-06;5.09913e-11;0.996254;4.48571e-09;2.27846e-09;2.16753e-11;5.7518e-10;0.000503067;1.37984e-07
5.60803e-11;1.00536e-10;1;9.21896e-11;3.67696e-09;3.26774e-11;8.48575e-13;2.38171e-11;1.16006e-12;1.33713e-11;3.42594e-13;3.90498e-07;4.5564e-11;6.99323e-11
4.46162e-07;3.70789e-06;0.9925;6.02721e-08;7.37218e-07;6.35957e-08;1.17609e-08;0.000110623;3.40594e-08;2.99895e-08;1.16479e-08;0.00737841;5.24972e-06;6.2677e-07
1.10797e-06;0.00155945;0.00662621;2.46057e-06;0.00484932;0.0507304;7.35748e-07;4.00429e-05;1.04807e-07;5.03989e-06;2.01518e-06;5.95784e-05;0.0168766;0.919247
2.46581e-06;0.0172762;2.18113e-07;1.17683e-05;0.226291;0.0121686;2.61261e-08;0.00963333;4.6443e-06;2.10228e-07;2.33834e-06;0.000296468;0.000319005;0.733993
5.38617e-07;0.996212;0.000398913;2.62499e-07;2.70062e-05;1.46939e-05;1.76226e-11;0.00156131;1.36759e-10;1.77239e-08;7.95466e-11;2.69074e-07;0.00178383;8.05149e-07
8.33619e-08;1.21824e-07;0.999997;3.58942e-08;3.66086e-07;8.88483e-09;1.13619e-08;1.38406e-06;4.37265e-10;7.15453e-09;1.46788e-09;6.06973e-07;4.94261e-08;5.60722e-10
1.6321e-06;7.10479e-06;0.00267494;1.69006e-06;1.17733e-05;1.01046e-05;1.77481e-09;4.62582e-05;1.36367e-06;5.03169e-08;8.67984e-07;0.997228;1.4408e-05;1.72288e-06
7.20001e-05;0.68321;0.000106008;1.87596e-06;0.00212468;0.00383135;9.66166e-07;0.0287587;7.66713e-06;4.97779e-07;2.06523e-06;0.000224822;0.279798;0.00186163
1.51984e-05;0.744494;4.57133e-06;0.000242786;0.068859;0.0311874;7.03669e-07;0.00658388;0.000115241;3.32543e-05;6.77318e-06;0.0428285;0.0161242;0.0895047
1.24467e-05;0.993153;0.00344125;0.000128767;0.000872905;1.21866e-05;1.24017e-07;0.000819014;5.91366e-07;6.67019e-07;1.34352e-07;0.00148851;1.96034e-05;5.04964e-05
0.000252472;0.479385;4.08362e-05;2.87378e-05;1.1376e-05;9.03301e-06;1.86513e-06;0.356864;0.000126348;4.66419e-07;8.31566e-05;0.00406573;0.159131;8.74615e-09
0.000114055;0.0151342;1.59403e-05;0.000568392;0.0241768;0.0116577;4.11929e-07;0.516694;3.24983e-06;0.000422222;1.90109e-06;0.0170195;0.410129;0.00406244
1.14949e-05;0.982706;9.9096e-09;1.2345e-06;2.42795e-08;8.98108e-07;0.00412068;2.89345e-07;2.26827e-07;0.00110394;2.00364e-07;3.56501e-09;7.19005e-06;0.0120478
5.54996e-11;1.62182e-11;1;4.91515e-11;1.73706e-11;8.03783e-12;5.39195e-09;3.41731e-12;1.98567e-11;1.65499e-10;1.33437e-11;2.16939e-08;7.82346e-13;6.827e-14
5.54976e-05;0.0216984;1.47354e-06;0.000301319;7.81103e-06;8.57317e-05;0.00673152;0.0101695;0.820469;9.92142e-06;0.13722;9.33559e-06;0.00323673;4.33035e-06
0.000152381;0.949843;5.45118e-06;0.000481181;2.99783e-05;0.00013909;0.00184146;0.000173266;0.00870641;0.000194104;0.0107581;0.0171192;0.00940456;0.00115214
0.000118273;0.911146;1.1234e-06;2.11859e-07;3.54495e-06;3.42126e-07;8.61274e-06;0.0881975;1.80497e-06;1.23161e-06;7.47415e-07;2.58545e-05;0.000368974;0.000125652
6.44984e-09;0.000241423;1.21638e-08;1.48828e-07;5.26794e-06;2.89175e-07;1.30995e-09;4.65509e-06;1.22934e-06;1.99101e-09;2.84469e-06;0.999736;8.42473e-07;7.3852e-06
1.18863e-05;0.477752;3.30284e-08;1.92031e-07;4.63443e-07;6.34341e-07;1.7645e-07;0.000137155;3.24895e-06;5.83622e-08;4.23965e-06;6.61024e-05;0.522023;7.05078e-08
7.23369e-06;0.930788;8.61455e-05;6.00335e-08;9.29345e-05;2.75476e-06;1.725e-09;0.0590066;2.659e-06;8.92236e-08;6.84742e-08;0.00697625;0.00195212;0.00108493
8.3193e-07;0.0338029;1.91159e-05;1.11164e-05;0.0199355;0.00197513;3.1064e-09;0.00206639;7.74122e-07;1.56013e-06;2.91336e-07;0.00264622;8.63683e-05;0.939454
0.001062;0.142992;0.000482823;0.00119431;0.000391098;0.0144462;1.72756e-05;0.148976;0.00362928;0.000171638;0.000319631;0.0238971;0.654484;0.0079357
2.09481e-06;0.00409065;1.14122e-07;1.18874e-07;1.90417e-05;0.000121953;3.9281e-09;0.985141;2.75085e-06;3.43553e-08;1.18251e-07;0.000186517;0.010421;1.48995e-05
4.02947e-06;0.00396439;8.90441e-08;9.47744e-06;1.27804e-05;5.99015e-06;1.44282e-08;0.968183;6.07145e-05;3.56066e-07;1.62925e-05;0.0110368;0.0166844;2.16445e-05
1.19544e-06;0.9412;3.58188e-09;7.45918e-08;1.76892e-06;3.17498e-07;4.98963e-08;0.0575287;2.04695e-08;1.04572e-07;7.32535e-09;0.000173831;0.00108406;1.00433e-05
2.47137e-05;0.0179026;8.02918e-08;6.00668e-05;4.90312e-05;2.1265e-05;0.000127227;0.0130142;0.00016816;1.14644e-05;0.000538778;0.000153616;0.967732;0.000196307
0.000346359;0.940008;0.00265946;0.00078843;4.68825e-05;3.42047e-05;4.5427e-05;0.00296253;2.23525e-05;1.91537e-05;1.0975e-05;0.0515767;0.000115735;0.0013633
9.67047e-05;0.973565;1.61598e-09;4.07146e-05;3.5474e-06;5.20702e-06;0.000439274;0.00640256;5.8899e-05;1.76149e-05;0.000315727;7.38092e-06;0.0189236;0.000123996
4.76174e-06;0.745153;6.73013e-07;1.3021e-05;2.92465e-05;6.59821e-06;2.2802e-05;1.01081e-05;1.80115e-08;0.000243226;1.16764e-06;2.18046e-05;3.0474e-05;0.254463
9.22038e-12;1.66782e-11;1;1.49087e-11;1.8048e-10;1.53938e-12;2.91092e-12;1.44952e-11;3.87413e-13;1.65691e-12;1.30574e-11;4.13157e-07;7.69808e-13;2.55625e-12
8.55041e-07;0.996212;4.71373e-08;2.71372e-06;3.49134e-07;2.25554e-07;8.07351e-05;1.78821e-05;8.01373e-06;2.32857e-06;0.000334063;0.000153027;8.95746e-05;0.00309804
6.12744e-06;0.00441118;6.86905e-07;4.38857e-05;1.14446e-06;7.14743e-06;0.0878291;0.000763311;0.00709616;1.03842e-06;0.893593;8.90755e-05;0.00615743;8.18752e-07
4.98419e-07;0.855462;8.106e-11;3.58535e-06;4.94128e-06;0.000227424;8.95952e-10;0.110654;2.09786e-07;1.00558e-07;1.16878e-07;0.00030822;0.0253124;0.00802663
1.02798e-06;0.00561196;6.51133e-11;1.61095e-06;2.51483e-07;1.5933e-07;5.15263e-08;0.00130223;8.3116e-06;5.25868e-08;0.000155853;0.000128414;0.992789;7.8686e-07
3.34594e-06;0.999452;1.71367e-07;2.18522e-05;2.38064e-06;1.15076e-06;1.97759e-07;5.48278e-05;2.19476e-06;3.02292e-07;2.38592e-06;2.00436e-05;1.61251e-05;0.000423116
3.23536e-05;0.967651;8.37821e-08;2.13651e-06;7.97314e-06;1.5405e-07;5.42833e-06;0.0317703;1.3265e-06;2.45065e-06;2.34524e-06;1.48926e-06;0.000376166;0.000146383
1.61141e-08;0.000142835;1.37323e-07;7.04404e-07;0.000101541;1.10817e-06;1.22099e-08;2.45702e-06;2.43682e-07;5.61408e-09;1.19187e-05;0.999712;1.23793e-06;2.57825e-05
2.22084e-06;0.98554;1.39654e-08;1.79266e-06;2.1335e-06;2.69671e-06;5.02356e-08;0.00497946;2.9126e-07;3.72797e-08;7.82533e-06;7.86314e-06;0.00945196;3.47706e-06
1.42465e-06;0.00459648;1.34246e-05;1.45658e-07;0.000117587;6.58021e-09;3.70394e-10;4.70701e-05;8.9959e-07;1.83267e-08;2.1927e-06;0.994282;3.32915e-06;0.000935134
2.7688e-05;0.957589;0.000297455;5.91794e-06;0.0144431;9.92458e-05;7.61894e-08;0.000475891;9.80719e-08;2.3935e-06;4.99919e-07;0.000174437;0.0266726;0.00021183
4.05021e-05;0.0263601;4.96949e-05;7.70145e-07;5.47498e-05;0.00123023;2.25043e-07;0.223394;1.45941e-05;1.08885e-06;4.8407e-06;0.693958;0.0548769;1.43582e-05
1.48777e-07;0.000158294;2.8374e-07;3.11805e-06;6.11233e-05;0.000185131;5.05261e-09;1.37248e-05;4.90398e-08;3.72808e-08;7.74696e-07;0.000894108;0.998683;5.46287e-07
0.000876911;0.0057204;1.29735e-05;2.13756e-05;9.36132e-06;1.32916e-05;6.36362e-07;0.00404681;0.00024812;4.23146e-07;0.000429549;0.978237;0.0103805;2.82313e-06
6.98573e-06;0.00389636;9.57825e-08;2.75377e-06;0.000143436;0.000104635;3.38199e-07;0.992249;0.000110854;1.20619e-06;8.03779e-05;5.79901e-06;0.00277589;0.000622159
4.47519e-07;0.999203;1.17158e-09;1.07489e-08;1.91803e-08;5.21498e-08;0.000295779;1.99807e-06;1.11471e-08;7.19399e-05;2.05459e-08;5.25197e-09;3.60118e-06;0.00042316
2.65082e-09;4.85074e-11;0.999997;1.14935e-08;2.10715e-08;2.19855e-07;4.61042e-07;1.12982e-12;9.53119e-08;1.15582e-08;2.41364e-08;2.13144e-06;4.35248e-11;1.98904e-09
5.8798e-05;0.936059;2.75236e-08;3.11542e-08;5.37212e-09;2.1597e-08;0.000148193;2.92334e-06;0.000134321;8.65292e-08;1.38183e-05;1.31177e-06;0.0635814;5.46345e-09
2.94237e-08;0.000244465;1.00506e-05;2.71877e-08;3.13967e-06;1.42416e-06;4.85328e-10;3.57527e-05;3.71754e-08;7.45761e-10;3.34865e-09;0.999679;7.34148e-06;1.87264e-05
9.54466e-06;0.994241;4.06731e-05;5.67468e-06;0.00022085;3.04773e-06;1.40626e-06;0.00327285;5.40478e-05;3.24019e-07;3.53025e-05;3.98787e-05;0.00116899;0.000906751
2.8653e-06;0.990415;3.71676e-09;3.28314e-07;6.16244e-07;3.84245e-06;1.07906e-06;0.004967;7.04453e-07;3.12242e-06;7.71236e-08;1.23267e-06;0.00453826;6.56396e-05
1.14377e-09;8.79305e-10;1;1.2596e-09;3.12958e-10;3.38111e-10;2.29632e-09;1.85858e-11;1.08435e-10;3.63487e-10;1.75303e-10;9.99134e-09;2.3776e-11;9.81451e-10
7.17872e-08;1.03514e-06;0.999946;8.6591e-07;3.39559e-08;1.05139e-06;2.83846e-09;2.33227e-05;3.31048e-07;9.08392e-09;9.36345e-07;2.19037e-05;4.97897e-08;4.5006e-06
1.58583e-09;3.11431e-06;6.85772e-07;1.23188e-08;1.1023e-06;3.93186e-05;7.22577e-13;2.44384e-08;2.90866e-11;9.25807e-09;5.09888e-10;1.35611e-06;3.46396e-07;0.999954
9.60801e-09;5.5441e-05;3.00814e-12;4.70158e-09;1.91902e-08;1.1567e-07;1.26105e-09;1.64753e-05;9.26161e-08;1.15071e-10;1.29253e-06;3.22274e-07;0.999926;8.0385e-09
6.85003e-07;0.99965;3.22142e-09;3.41823e-06;1.28035e-07;1.29337e-06;4.25086e-08;0.000185775;9.01387e-08;7.90207e-07;1.44058e-06;8.20552e-07;9.48788e-05;6.08574e-05
3.17533e-07;0.000821757;2.69947e-09;1.37629e-07;1.46006e-08;5.33283e-07;2.93884e-07;7.02227e-08;2.77825e-09;3.49122e-08;1.27175e-07;1.17794e-06;0.999175;8.65523e-08
5.02397e-07;8.21007e-05;0.999357;7.06933e-06;5.65984e-06;5.05094e-08;2.46254e-07;8.71793e-06;5.11784e-09;6.92225e-07;6.2972e-09;0.000425642;2.71767e-08;0.000112418
2.17834e-06;0.999317;1.0813e-08;4.17477e-07;8.94038e-05;7.92096e-09;1.11432e-08;0.000552136;8.03757e-08;1.05798e-08;4.52994e-08;1.41904e-05;1.34915e-05;1.09938e-05
7.4756e-06;0.0137285;4.85578e-09;8.2347e-07;6.3493e-06;3.36613e-05;4.35576e-08;0.98528;7.85907e-06;5.58838e-07;9.08975e-07;0.000146814;0.0007856;1.84594e-06
2.07784e-05;0.999797;3.27274e-08;6.59344e-08;8.20148e-07;7.95305e-08;3.5528e-07;9.78994e-05;2.22925e-08;5.39158e-08;1.05162e-08;3.80051e-05;4.40154e-05;7.89171e-07
1.72323e-06;0.000468748;3.63155e-11;2.35942e-07;8.48678e-06;7.90916e-07;2.15952e-09;0.000893873;3.84032e-08;1.41279e-09;1.94605e-07;1.79663e-05;0.998606;2.48761e-06
5.45232e-06;0.011527;6.42576e-06;6.85757e-07;1.00334e-06;2.96141e-06;1.22237e-06;0.000253154;6.84631e-08;4.36614e-06;3.03863e-07;6.79657e-05;0.988099;3.02328e-05
8.77351e-10;2.59994e-08;1;1.79284e-08;1.99178e-08;1.71905e-09;2.6559e-08;1.32484e-08;5.83182e-10;6.14866e-10;2.40236e-09;1.13478e-08;2.29972e-09;4.97167e-11
1.36119e-07;6.60796e-05;0.998653;3.41342e-06;2.23194e-08;7.69471e-08;5.08349e-09;1.45838e-05;3.15618e-07;1.00759e-08;3.95996e-07;0.00126106;2.72939e-07;5.49531e-07
4.47125e-08;0.000387096;1.33174e-08;3.85857e-08;7.98471e-06;0.00144733;2.10551e-07;5.46835e-09;8.73827e-10;8.18264e-07;1.45982e-08;4.40129e-12;3.23211e-07;0.998156
3.09403e-11;4.07571e-11;0.999981;2.40608e-10;3.94093e-07;8.94296e-08;1.36915e-12;1.10103e-12;9.64031e-13;2.05309e-11;1.2676e-11;1.86512e-05;6.11442e-12;7.36946e-08
1.34879e-06;0.00749658;1.05994e-05;1.89288e-07;0.00794851;0.000157162;7.00413e-10;0.983684;4.60718e-08;1.32296e-08;1.07053e-07;1.23661e-05;0.00050948;0.000179133
6.06834e-11;5.41346e-08;5.23406e-11;5.61723e-11;7.80482e-11;0.000215314;2.30048e-13;4.18285e-08;6.37502e-11;2.02384e-11;9.23933e-10;8.99889e-13;0.999785;5.15925e-11
2.41446e-10;1.12517e-07;0.999999;4.7513e-09;1.41723e-09;9.26043e-08;3.98629e-13;3.58005e-11;9.17148e-14;4.97319e-09;8.34652e-12;7.36714e-07;1.02265e-08;4.7023e-09
2.73494e-08;0.999554;1.05013e-07;2.81171e-06;7.24234e-07;6.73028e-06;2.04288e-07;0.000116276;5.74589e-08;1.32408e-07;4.88945e-06;8.11584e-08;0.000306686;7.43995e-06
