4.50543e-06;0.999941;2.77753e-07;6.13756e-08;2.21058e-09;7.33293e-10;1.16873e-06;3.50167e-05;8.28135e-07;1.34019e-08;2.45188e-06;1.85401e-06;1.27427e-05;1.04687e-09
8.66142e-09;0.999696;9.86729e-12;1.27825e-07;7.3297e-08;1.34129e-09;2.36008e-08;8.4558e-07;2.07018e-09;2.70723e-06;2.68612e-10;1.01185e-07;9.22484e-09;0.00030017
4.27039e-09;5.18824e-09;0.999998;1.77756e-08;2.66016e-10;7.23914e-09;3.15146e-08;2.94699e-09;1.17441e-09;2.51103e-09;6.51256e-07;1.70365e-06;2.36158e-08;4.32907e-11
1.20107e-06;0.86847;7.79196e-08;4.30002e-07;6.06646e-07;3.98623e-07;6.25466e-06;0.000304776;3.5881e-07;3.1095e-08;9.44553e-06;2.29728e-05;0.131184;1.41468e-07
1.15001e-05;0.00346389;1.22522e-09;1.61646e-05;3.52402e-05;1.14949e-05;1.1852e-07;0.000299671;1.13954e-05;1.69761e-06;6.63484e-06;0.974476;0.0216589;7.60848e-06
0.0015001;0.00657711;5.27541e-07;3.46946e-07;7.08e-06;8.44134e-07;2.74902e-06;0.980314;0.0108952;1.51777e-07;1.89899e-05;4.24628e-05;0.000639864;6.14455e-08
0.000409301;0.98457;1.3904e-09;8.3329e-06;6.51261e-05;4.37404e-07;9.98076e-05;0.00026693;0.0017127;1.73894e-05;3.90995e-05;0.000132918;0.0125679;0.000109682
0.00201122;0.666364;5.93971e-05;0.00365461;0.013042;0.00283868;3.85192e-06;0.259057;4.01624e-05;0.000163631;1.33578e-05;0.0155778;0.0110448;0.0261289
5.50646e-05;0.966623;2.32003e-11;2.88927e-07;2.29858e-06;3.91419e-08;9.16305e-08;0.000127599;3.134e-08;1.52211e-07;1.24067e-07;0.00151394;0.0310324;0.000644571
5.02393e-06;0.0749141;7.91557e-10;1.49907e-06;1.31732e-06;0.000100377;4.80012e-06;2.1761e-06;2.01023e-07;7.81259e-07;8.75346e-07;2.1108e-06;0.92489;7.65157e-05
0.000159534;0.00593043;0.985608;0.00053529;0.000254507;0.000222649;1.90368e-05;1.69396e-05;4.28368e-06;2.17063e-05;1.92385e-06;0.00693676;0.000123976;0.00016502
5.23948e-05;0.992071;1.83376e-07;0.000143137;9.86147e-07;2.23896e-06;2.54153e-05;4.0934e-05;0.000323982;1.96736e-07;0.000669977;0.000210474;0.00608132;0.000377851
6.13164e-06;0.0016205;1.28204e-07;9.81798e-09;7.53556e-05;1.18559e-06;1.32449e-10;0.99714;5.36162e-09;1.18168e-08;3.55961e-10;1.22814e-05;2.99578e-05;0.0011141
4.55519e-07;0.995122;3.25631e-05;1.76451e-06;0.000211041;0.00024465;1.73218e-06;0.00121951;4.33639e-07;5.29657e-06;5.38948e-07;0.000922434;0.000275479;0.00196195
2.55024e-09;1.55765e-07;1;5.28811e-10;1.73949e-09;7.44231e-12;1.92096e-08;5.81272e-11;4.6992e-10;2.65034e-10;4.75134e-09;8.24652e-09;3.40215e-10;1.65379e-11
4.45173e-05;0.00380566;1.75364e-05;1.47789e-05;6.80832e-05;4.25515e-05;4.56144e-08;0.000172163;0.00300709;6.39295e-07;0.000448223;0.992063;2.53818e-05;0.000290533
6.62616e-07;3.12677e-05;1.19178e-09;1.6707e-10;7.08157e-08;1.29901e-06;3.01297e-11;5.55576e-05;2.63027e-09;1.51349e-10;7.53709e-09;5.79188e-08;0.999911;3.71859e-07
2.52198e-07;0.00554677;1.23726e-05;4.04518e-07;2.67267e-05;5.2838e-05;2.3552e-09;3.30207e-06;2.4938e-07;1.13232e-08;7.91245e-08;0.993338;0.000135116;0.000883622
2.70824e-06;0.841057;7.18548e-07;1.18458e-07;0.0260837;8.84643e-07;5.63018e-10;0.121997;6.43385e-08;1.28348e-08;2.41853e-11;4.04953e-06;0.00195069;0.00890303
6.83376e-08;1.62517e-06;2.63518e-08;2.91741e-09;0.00875224;1.82451e-09;6.25452e-11;0.991245;4.20311e-08;4.88081e-09;3.96584e-10;4.64513e-07;1.39406e-07;1.08059e-07
3.16406e-08;5.86693e-07;0.999981;3.98289e-07;6.37613e-06;9.09368e-07;1.67439e-10;1.24302e-08;7.09075e-10;1.10987e-07;9.93484e-10;9.09889e-06;3.42806e-07;9.02732e-07
6.36921e-07;0.998659;7.5401e-08;2.91361e-07;4.30198e-08;6.94363e-08;8.21021e-08;0.000934473;1.38771e-06;8.2711e-09;2.24868e-06;6.19545e-05;0.000338431;1.60588e-06
