5.58865e-07;7.31131e-07;6.0494e-12;1.6522e-09;9.94637e-09;2.93159e-10;6.33494e-10;0.999995;1.69457e-06;5.82353e-11;3.69251e-08;5.38882e-10;1.63507e-06;1.47787e-10
7.7008e-07;0.970132;1.69065e-08;2.72166e-06;9.28668e-05;5.87904e-08;1.36873e-09;2.26525e-05;1.3063e-08;1.40881e-07;8.16588e-09;2.76302e-05;4.56107e-07;0.0297208
2.84578e-06;7.23324e-05;3.51386e-05;8.38977e-06;4.40374e-05;7.70398e-06;1.87687e-06;9.09345e-07;1.25926e-07;1.21573e-06;8.12384e-06;0.992678;3.39016e-05;0.00710496
8.80639e-08;0.000134637;2.89458e-14;4.17044e-09;1.14841e-07;3.58982e-09;2.76769e-09;0.999845;1.47812e-07;5.67798e-11;1.3523e-08;5.09824e-10;1.98929e-05;2.64712e-08
1.68164e-05;0.0712703;0.626015;7.62724e-05;0.000765593;7.48019e-05;1.37995e-07;2.00642e-06;5.50457e-08;2.60577e-06;7.25229e-07;0.00842108;0.293334;2.05359e-05
4.62105e-06;0.487971;0.00012968;5.70114e-05;5.27591e-06;3.84105e-05;4.15209e-06;0.00816061;0.000118474;2.54759e-06;0.00315887;0.262702;0.237594;5.40936e-05
8.57061e-07;0.203576;3.03616e-08;0.000331127;0.00254617;0.735942;2.49275e-05;0.000629812;6.46471e-06;4.55626e-05;0.000189977;0.00390171;0.0461458;0.00665945
6.21621e-05;0.00713878;0.000230383;3.55021e-05;1.8146e-06;2.19756e-06;3.25709e-05;0.00980731;2.19935e-06;1.29956e-06;0.000136859;0.41275;0.569799;9.57794e-08
4.42708e-06;0.855506;7.35082e-07;9.63408e-05;1.04013e-05;6.93125e-06;3.25868e-07;0.142225;1.3189e-05;6.29807e-07;8.5801e-05;0.000359687;0.00157383;0.000117233
5.28473e-07;0.0054778;9.75091e-08;1.39275e-07;1.87704e-05;0.000202526;3.45987e-07;0.000267981;5.56556e-08;8.00528e-06;2.28311e-07;2.09611e-06;0.993912;0.00010981
1.27241e-09;7.63059e-10;1;9.61271e-09;1.63363e-07;2.84831e-08;1.35455e-08;2.39203e-10;3.64717e-09;4.06298e-09;2.83705e-09;2.55679e-07;5.61689e-11;2.92499e-09
1.87791e-05;0.0269826;0.969133;2.26964e-06;1.3487e-06;8.8534e-06;8.71239e-07;0.000984505;1.38263e-05;5.88432e-07;2.16418e-06;7.729e-05;0.00277113;3.28192e-06
3.09661e-07;0.237827;6.04203e-06;1.43565e-07;2.55563e-05;5.06264e-06;3.60884e-07;0.00010681;2.98888e-08;4.80834e-05;2.31988e-07;7.97135e-06;9.93152e-05;0.761873
7.905e-12;4.88137e-10;1;7.09746e-11;3.55515e-08;1.75694e-09;1.35782e-12;2.6266e-11;5.69183e-13;8.30792e-12;3.11386e-12;1.51565e-07;8.50002e-12;2.47521e-09
4.43756e-07;0.99979;3.6513e-10;6.67365e-08;1.03724e-07;7.18284e-08;1.10218e-05;6.57434e-05;3.1247e-07;1.1379e-06;6.01952e-07;1.88957e-05;9.70783e-06;0.000102133
1.00071e-05;0.281035;1.4392e-06;3.33249e-05;1.92448e-06;5.23438e-07;0.523872;0.0221727;0.0132266;5.60055e-06;0.138787;7.66995e-06;0.0208453;1.79446e-08
1.1282e-06;0.999405;7.30708e-07;1.70097e-06;2.41281e-07;3.88766e-07;4.52131e-08;0.000211364;5.95218e-09;1.48543e-07;2.17746e-08;2.67464e-05;0.00026689;8.524e-05
3.84773e-06;0.998741;1.26694e-07;1.37048e-07;3.91554e-07;4.38058e-08;0.000110964;6.68443e-05;3.25141e-08;4.5986e-05;7.35508e-08;4.46361e-07;9.53593e-05;0.000934327
7.57164e-10;2.88855e-09;0.999994;1.19475e-08;1.37831e-08;2.33205e-09;3.67891e-06;5.22916e-13;7.52496e-09;1.12358e-08;2.2144e-08;1.77169e-06;1.93275e-12;3.28533e-09
3.8269e-05;0.700427;4.23499e-09;1.51001e-06;2.69023e-05;2.70621e-05;4.11577e-05;0.000286026;6.72357e-05;1.02518e-06;1.2871e-05;5.17192e-06;0.291841;0.00722526
1.75389e-07;0.0125576;6.86373e-06;8.42056e-09;1.21806e-06;1.43049e-08;1.33891e-08;0.00084623;3.38065e-08;1.63157e-08;4.64045e-08;0.986474;4.72438e-05;6.61088e-05
3.79401e-07;0.0244524;1.61273e-08;7.16233e-05;0.00271517;0.00958974;5.29752e-07;0.167711;2.1357e-05;1.46613e-06;7.11014e-05;0.00282138;0.770193;0.0223509
1.76739e-05;0.00516741;1.956e-05;6.1003e-05;3.76159e-06;5.48213e-05;7.64798e-07;0.000307863;0.00022262;3.10825e-07;0.000230659;0.358248;0.635655;1.0288e-05
1.94076e-05;0.00355426;5.33824e-06;2.24948e-08;1.0022e-06;1.85786e-07;3.04536e-09;0.996249;9.04718e-08;2.0809e-08;3.1815e-08;1.86406e-06;0.000167468;1.25373e-06
4.35269e-08;0.00213216;9.45335e-05;3.39746e-07;8.06733e-06;9.63762e-06;3.77611e-10;3.96282e-05;1.5155e-07;4.22901e-09;8.19089e-07;0.997488;0.000151226;7.53362e-05
3.16548e-06;0.572064;1.57903e-06;5.77416e-06;7.44823e-06;4.07622e-06;4.80053e-08;0.000480181;1.96278e-06;5.86615e-07;1.58467e-05;0.00205102;0.425041;0.00032398
0.00053966;0.9444;2.03227e-05;6.3922e-07;0.0106569;3.32233e-06;1.75769e-06;8.3385e-05;5.18906e-06;1.41397e-05;2.02731e-06;3.28907e-05;0.00220765;0.0420315
3.1076e-06;0.997822;1.77153e-09;1.56536e-08;1.48006e-07;6.67925e-09;0.000581165;5.47809e-05;9.88771e-05;2.52528e-05;1.74574e-07;3.24582e-10;2.41183e-06;0.00141247
5.52955e-12;7.08582e-12;1;5.85946e-13;7.28551e-11;5.26861e-13;2.16574e-12;5.51482e-13;1.1888e-11;3.78648e-12;1.7619e-14;7.84069e-08;7.20501e-16;1.23846e-11
5.17624e-05;0.00161895;2.04075e-08;2.31774e-05;1.13047e-05;1.21855e-05;6.07079e-05;0.0246786;0.963917;6.88223e-07;0.00792116;9.5816e-05;0.00136621;0.000242485
6.43705e-06;0.00529333;9.36048e-08;1.04029e-08;4.11309e-06;1.29266e-08;2.42203e-10;0.994431;4.89771e-08;3.32329e-09;3.71574e-09;1.97517e-05;0.000244856;3.00285e-07
5.03683e-08;0.00670591;2.76936e-06;3.87883e-06;8.40143e-05;0.000102495;1.18547e-09;2.091e-05;5.93989e-08;1.65115e-08;4.41641e-08;0.989464;0.000112702;0.00350326
1.8105e-06;0.998569;1.574e-08;5.24318e-08;5.14515e-08;2.27372e-06;2.13536e-08;4.46624e-05;9.58478e-09;7.16056e-09;1.17606e-08;0.000214364;0.00116718;1.38182e-07
6.9282e-05;0.00141791;8.46112e-09;1.32555e-06;0.000590166;0.000111482;1.79188e-08;0.000416327;1.67042e-06;1.38453e-07;1.95201e-06;0.994598;0.00195954;0.000832545
0.000219283;0.99938;7.98907e-09;3.19949e-08;7.75752e-08;1.02861e-08;0.000216817;1.71492e-06;1.14811e-06;2.85203e-05;1.43809e-08;1.42149e-07;0.000106732;4.49876e-05
1.55881e-10;1.58807e-10;1;1.05944e-10;3.08355e-11;1.09944e-10;2.25835e-10;1.23046e-11;1.92366e-10;1.84831e-11;1.75949e-11;4.68004e-09;1.37387e-12;2.96327e-12
0.00019027;0.0029755;5.54298e-05;2.01621e-06;1.05831e-05;7.4938e-06;1.77471e-05;0.869897;0.000912829;1.02778e-05;3.066e-05;0.00473613;0.121063;9.08499e-05
1.63592e-06;0.9592;3.73588e-06;3.39079e-06;5.71437e-06;1.45008e-06;0.00923014;4.09393e-05;3.19168e-07;0.00761661;3.99735e-06;9.45645e-05;1.87969e-06;0.0237954
1.07581e-08;4.2748e-09;0.999883;1.36355e-06;4.6682e-07;2.26027e-07;0.000111849;1.73197e-10;9.54374e-07;9.97413e-07;7.28443e-07;1.43458e-08;2.95213e-10;2.04344e-07
1.07844e-06;0.999921;6.38651e-07;5.64081e-07;5.16915e-09;1.21683e-09;9.19351e-07;1.05273e-05;7.86061e-08;1.28191e-08;1.11591e-06;4.01174e-06;5.90662e-05;1.12463e-06
5.63542e-07;0.998877;5.33121e-10;3.12628e-09;9.69179e-09;2.08558e-09;1.03434e-05;1.09486e-05;8.97573e-09;1.05562e-06;9.29665e-09;4.09807e-10;5.84071e-05;0.00104181
1.78451e-10;2.33666e-08;0.999769;2.00421e-09;6.59744e-08;1.99279e-09;1.75541e-08;5.39809e-11;4.33646e-10;9.60883e-10;2.74664e-09;0.000231064;8.08648e-12;1.52749e-09
3.42771e-07;0.984849;4.2225e-10;2.75407e-07;5.77822e-07;2.32622e-06;2.36141e-05;0.00011229;2.5423e-06;1.1652e-07;5.20492e-06;5.85635e-07;0.0149656;3.75697e-05
2.13021e-06;0.0745588;0.0010304;4.4398e-06;4.3122e-06;1.61407e-06;1.59499e-05;0.24721;2.47981e-05;6.41421e-07;0.000727257;0.675486;0.000932092;1.62787e-06
1.3367e-05;0.181253;5.82344e-06;0.00233638;0.00150276;0.0157798;3.46538e-05;0.0890498;0.00186526;0.000154253;0.0104972;0.000418405;0.0183735;0.678716
9.10547e-05;0.0797006;1.94038e-08;0.00053263;1.17729e-05;0.00182064;3.82317e-05;0.00305897;0.00215062;6.01665e-06;0.00373219;0.0211665;0.887614;7.71675e-05
0.000573804;0.450784;0.000110851;1.16974e-06;1.02693e-05;4.54966e-05;3.48106e-08;0.54561;2.16874e-06;1.11394e-06;4.07122e-07;1.55255e-05;0.000897166;0.0019471
2.5087e-08;0.00131936;1.1174e-06;4.26154e-07;2.17304e-06;4.25707e-05;1.48998e-09;2.0134e-06;3.29268e-07;2.51558e-08;1.45403e-06;0.998357;2.07827e-06;0.000271195
2.38522e-06;0.0357442;2.37529e-10;1.66003e-09;9.65031e-09;1.43654e-07;1.92271e-08;9.20314e-05;4.90407e-08;3.86796e-09;5.09968e-08;1.46237e-06;0.96416;4.64318e-10
6.7697e-07;0.00205489;2.79149e-06;2.86106e-08;1.90243e-05;2.50125e-05;2.51442e-10;4.37144e-06;3.28909e-07;9.37566e-10;2.21445e-08;0.997437;9.81229e-05;0.000358109
5.89631e-07;0.999955;2.9292e-09;3.43068e-09;2.81259e-08;3.90966e-09;1.24583e-05;1.45668e-06;2.06526e-07;8.43522e-06;2.86087e-09;1.47186e-09;3.83925e-06;1.83277e-05
1.79969e-06;4.59396e-05;0.999787;6.30889e-06;3.55816e-06;6.82009e-06;2.11807e-05;1.03998e-06;9.12671e-05;7.23818e-06;8.03871e-06;4.53712e-06;1.40763e-05;1.41486e-06
9.48661e-06;0.999893;1.54826e-08;6.00863e-07;9.38999e-08;1.62339e-08;4.41522e-08;2.91212e-05;3.77777e-08;4.38073e-08;6.18414e-08;7.96027e-06;5.77034e-05;1.65845e-06
0.000110979;0.985128;3.20092e-11;3.11799e-06;3.87273e-06;1.15273e-06;0.000209244;0.00214672;9.1927e-06;0.000809501;1.9013e-06;8.01839e-08;1.97998e-05;0.0115568
4.73256e-10;1.57252e-11;1;3.22853e-10;9.93577e-12;6.00193e-10;5.82647e-10;1.24579e-13;5.41455e-10;2.54512e-10;1.20844e-10;7.55778e-08;1.38834e-14;7.55415e-11
1.65598e-05;0.99338;1.24245e-09;1.29091e-06;1.44543e-06;4.28097e-07;4.72598e-06;0.000747746;6.28043e-05;8.41621e-08;4.28217e-05;5.3189e-05;0.00459733;0.00109137
6.47686e-06;0.0474864;8.47906e-05;8.97221e-07;1.4307e-05;1.51796e-05;2.14653e-07;0.410203;5.44163e-06;5.27105e-07;2.19881e-06;0.51615;0.0258498;0.000181125
6.41485e-06;0.0731867;3.47151e-06;0.00197138;0.000127333;0.0439466;1.68499e-06;0.0209849;0.00225945;5.91112e-06;0.00646223;0.130137;0.720905;1.4365e-06
3.15006e-05;0.00099878;8.16472e-09;5.35923e-08;7.71834e-08;1.57186e-08;2.53875e-08;0.998302;1.37763e-06;5.33381e-09;8.95421e-08;5.75073e-06;0.000660002;7.9501e-08
2.08781e-07;0.0135804;9.41076e-08;1.7958e-06;8.08246e-07;2.062e-05;1.58356e-05;4.3729e-07;7.71132e-09;6.28822e-05;2.96529e-08;8.04133e-09;8.65688e-06;0.986308
1.36132e-10;2.19547e-13;1;8.02996e-10;6.04315e-09;2.54196e-08;2.16136e-10;2.97732e-12;4.22327e-11;1.35023e-10;2.48592e-10;1.36652e-07;1.13491e-13;4.34199e-08
3.27769e-06;0.221319;8.46437e-09;6.02122e-07;8.89993e-06;1.02407e-05;7.95362e-06;0.774161;0.00016;6.65598e-08;0.000892457;8.576e-05;0.00334812;2.81272e-06
0.000101643;0.194026;1.43773e-05;1.79914e-05;7.87947e-05;1.51404e-06;8.80928e-05;0.0966445;0.00144426;5.71628e-06;0.00571016;0.653988;0.047876;2.69206e-06
1.38878e-05;0.10521;1.29034e-08;5.90041e-05;0.000429691;9.85204e-06;1.17483e-06;0.00286127;0.000644368;2.14413e-06;0.000248436;0.870038;0.016008;0.00447422
0.00789584;0.0908848;3.54401e-07;1.69356e-06;1.85389e-05;8.16494e-06;1.74653e-06;0.891773;0.00293606;4.96995e-06;8.48922e-06;0.000944636;0.00548096;4.07595e-05
1.38742e-05;0.00922756;1.90921e-08;1.08162e-05;0.0010138;6.21448e-05;3.64414e-07;0.859169;3.63428e-05;1.78694e-06;5.9421e-05;0.000271265;0.129751;0.000383087
3.46075e-06;0.999775;2.53767e-07;2.8007e-05;2.19717e-06;2.40914e-08;1.10398e-06;0.00012674;3.26235e-06;4.73161e-06;7.22969e-07;1.08588e-05;4.92602e-06;3.87182e-05
3.50153e-06;0.999108;2.14741e-06;5.13716e-05;6.336e-07;7.82774e-07;0.000218936;6.75612e-07;2.71123e-07;3.47371e-05;1.33663e-05;2.39188e-06;0.000549569;1.37931e-05
6.66487e-06;0.0366719;0.000607238;8.16218e-06;1.36881e-05;1.75175e-06;2.37342e-06;0.000592994;1.24591e-07;1.64784e-07;3.72585e-06;0.961158;0.000675557;0.000257443
0.000141492;0.741087;1.41068e-06;2.03168e-05;0.0301749;8.29351e-06;0.000535614;0.218243;0.00368128;3.93094e-06;9.28389e-05;0.000247747;6.33865e-05;0.00569877
3.28191e-05;0.0280724;0.000618255;5.38953e-05;0.00199439;0.000311052;1.09845e-05;1.66857e-06;3.63694e-06;4.26058e-06;6.84229e-05;6.95559e-05;0.968659;0.000100111
3.02095e-07;0.999741;6.39803e-10;5.42609e-09;3.50108e-09;3.84121e-08;5.36119e-07;6.25661e-05;7.66605e-08;3.2625e-08;1.07014e-07;4.62182e-07;0.00017282;2.21751e-05
1.23885e-11;5.82225e-09;1;8.99275e-12;2.69404e-08;8.81528e-10;6.35775e-11;3.76591e-13;3.49754e-13;3.93203e-11;1.38234e-13;1.36351e-07;1.55804e-12;1.716e-10
1.24182e-07;8.88773e-05;2.77679e-09;1.56569e-08;0.000430776;3.60762e-07;5.07334e-08;0.999468;9.59797e-08;2.83432e-08;5.98991e-07;2.5079e-07;9.55979e-06;1.08393e-06
5.42489e-06;0.392507;0.579757;5.08801e-05;0.000198237;0.00938625;8.96088e-06;0.000536603;6.98492e-08;3.11396e-05;3.83258e-06;0.0112696;0.00364682;0.00259815
4.20326e-06;0.000309567;3.69374e-10;6.28636e-08;3.90781e-07;4.68369e-07;2.14078e-07;0.4498;7.38829e-06;2.18551e-09;2.79373e-05;2.76366e-05;0.549822;1.73e-07
4.25891e-06;0.000526342;6.99597e-06;9.61518e-07;2.4843e-06;4.68555e-07;2.56966e-08;4.96852e-05;3.6859e-06;1.74034e-07;1.96792e-06;0.997935;0.00103569;0.000432175
2.0485e-07;0.995562;1.05096e-09;2.60249e-09;5.96913e-07;1.30364e-09;6.94131e-08;0.000243745;8.96916e-09;1.10175e-08;4.47659e-08;4.31741e-06;0.00418857;4.11881e-10
9.06879e-07;0.000350888;0.0163481;7.8764e-05;0.0665964;0.0407143;2.92441e-08;0.000178856;4.56779e-08;4.814e-06;8.75906e-08;0.867997;0.00107685;0.00665297
4.83805e-05;0.983365;0.000256239;4.58613e-05;4.82127e-06;0.000112343;9.64847e-05;0.00165179;0.000532169;4.42805e-07;0.000351101;0.00258233;0.0109223;3.07734e-05
0.000247889;0.286539;0.00165039;0.000322573;0.0286199;0.00754713;8.07764e-06;0.0500938;0.000118178;5.26278e-05;5.59177e-05;0.0314219;0.584145;0.00917856
0.000489802;0.96078;6.76518e-08;0.00129057;0.000390045;0.000613116;2.4305e-05;0.00105987;0.00556989;2.39193e-05;0.00147999;0.00385819;0.0240758;0.000344751
8.39906e-06;0.999949;1.14825e-10;1.10176e-08;1.72799e-09;2.74458e-11;4.01079e-05;1.23555e-07;8.31746e-09;1.98947e-06;1.38167e-08;4.44053e-08;4.02101e-07;1.59767e-07
1.04697e-08;3.9926e-09;0.999994;2.67941e-09;1.73499e-07;7.5423e-10;1.23071e-07;4.66128e-10;3.34362e-10;3.33845e-09;1.59102e-10;5.4881e-06;2.99406e-11;1.53799e-08
7.93232e-07;2.96032e-05;4.56624e-08;2.35743e-07;3.04265e-07;3.3605e-09;8.57369e-06;0.998764;0.00112317;6.22825e-08;4.11047e-05;2.95219e-05;2.32272e-06;5.38306e-10
0.00011387;0.309997;0.295559;0.00552924;0.000780205;0.00235005;0.00023963;4.10846e-06;9.17774e-06;0.000623017;7.86832e-05;0.00217537;0.381932;0.000609689
1.93371e-05;0.97682;4.29984e-08;3.33253e-07;6.54456e-08;1.24069e-06;0.0179797;8.59028e-06;5.05473e-07;9.19013e-05;2.22626e-07;1.88597e-07;0.000256552;0.00482098
1.36265e-09;7.55488e-10;1;2.66713e-10;1.40605e-07;5.11578e-10;7.12686e-10;1.30109e-10;1.75584e-11;8.43366e-11;2.86018e-13;2.23994e-08;2.14344e-10;2.65587e-10
5.08306e-06;0.00540634;2.21605e-06;1.11098e-06;8.69639e-07;0.000175296;1.97857e-05;3.78395e-05;1.25422e-05;1.37664e-06;2.33377e-07;6.3707e-07;0.994331;5.77789e-06
2.42092e-07;8.6986e-05;0.897495;6.63052e-08;2.20956e-08;3.0195e-07;5.56671e-06;1.09328e-09;3.56255e-09;2.67624e-05;1.10368e-08;0.102294;9.94393e-06;8.09519e-05
4.62462e-10;1.3626e-09;1;8.65436e-10;1.40818e-08;2.41435e-08;7.88986e-09;9.03705e-12;5.56709e-10;6.38052e-10;5.0883e-11;4.74604e-07;2.3348e-11;1.35615e-08
6.1098e-07;0.00253855;0.997376;5.10889e-09;6.03182e-07;8.52865e-08;1.27565e-07;6.592e-05;1.39382e-08;3.22671e-08;2.74387e-09;1.38294e-05;3.45711e-06;1.16422e-06
5.72296e-07;0.139686;8.38463e-08;1.66992e-08;0.000187704;1.28502e-05;1.10646e-09;0.854675;1.82104e-07;1.06909e-10;7.64166e-09;0.00505576;0.000326903;5.47175e-05
1.76316e-08;0.874684;2.85771e-08;4.49653e-09;7.81823e-08;3.6009e-08;3.24203e-05;3.15261e-06;4.70308e-11;1.89784e-05;6.05312e-11;4.11214e-10;2.88106e-05;0.125232
1.22973e-12;6.33659e-13;1;4.04963e-12;5.9959e-11;6.23492e-12;6.20992e-11;4.4151e-13;2.33799e-13;4.20256e-12;3.78334e-13;1.0752e-08;1.76272e-13;2.1079e-12
1.0943e-06;0.990665;8.85117e-10;4.61063e-07;9.03784e-08;1.78636e-08;7.28992e-06;4.16085e-05;7.01487e-07;9.41486e-08;1.31467e-05;3.9169e-06;0.00926629;6.32866e-07
1.45322e-06;0.997565;1.13843e-09;2.22558e-07;1.75973e-08;6.57675e-09;0.000628662;8.64075e-08;2.09103e-09;0.000327106;3.01724e-08;2.17717e-06;1.27242e-05;0.00146303
7.86417e-10;2.42154e-10;0.999999;2.84513e-08;7.50162e-08;4.47469e-09;1.37337e-07;6.71218e-12;4.47316e-09;1.11073e-09;2.41507e-08;5.38135e-07;2.73997e-10;1.10219e-10
3.83332e-05;0.0172281;2.44775e-05;5.39489e-07;6.52468e-06;1.15012e-05;2.45293e-06;0.95215;1.55323e-05;2.36074e-07;5.44569e-05;0.00663398;0.0238246;8.73967e-06
2.45482e-07;0.970129;5.78911e-06;1.05567e-06;1.90681e-06;1.22417e-06;0.0282015;5.50705e-06;3.9594e-07;0.000688262;1.8936e-06;1.53981e-05;5.98959e-06;0.000941386
2.7857e-12;1.19335e-11;1;9.63848e-12;2.00269e-11;5.13796e-13;6.4552e-09;4.52417e-15;1.1725e-11;1.47117e-11;4.57373e-11;6.34987e-11;9.06136e-13;2.0358e-13
0.000502686;0.0101657;0.000114344;1.87632e-07;1.09255e-05;8.0858e-08;9.38007e-06;0.986197;0.000982716;4.95576e-07;0.000173966;0.000144385;0.00168646;1.21888e-05
2.7879e-07;0.0138281;2.72315e-05;4.4419e-06;1.61407e-05;2.69599e-06;4.61293e-08;9.22117e-06;5.48581e-06;6.83239e-08;6.24197e-06;0.984637;0.000177927;0.00128477
5.31461e-06;0.997329;5.04755e-07;5.18863e-07;0.000208118;7.225e-06;7.19169e-09;0.000210128;7.87836e-09;8.79037e-07;9.23156e-09;0.000275269;0.000245994;0.001717
2.58568e-06;1.01887e-06;2.01453e-12;5.54138e-10;2.68791e-05;5.15394e-10;2.26617e-10;0.999966;6.33586e-07;5.19977e-10;9.04603e-09;1.05926e-10;2.47272e-06;7.08015e-07
2.50136e-05;0.000460137;0.999492;6.3949e-07;9.03656e-07;2.30952e-08;1.90022e-08;1.9626e-06;1.51095e-06;3.02113e-06;8.91297e-09;2.8906e-07;2.00161e-06;1.29088e-05
0.00062119;0.00151053;1.15806e-06;3.46002e-05;0.000330439;0.000177417;0.000292418;0.00237151;0.980593;5.0245e-05;0.0105686;0.000695751;0.000257306;0.00249608
