2.4981e-06;0.999329;1.1552e-08;1.47672e-07;4.429e-07;1.47833e-07;5.34938e-08;0.000350375;2.2561e-06;2.93305e-08;5.85892e-06;1.75036e-05;0.000285442;6.73426e-06
1.40194e-06;0.992315;1.80282e-06;1.01123e-07;1.73203e-07;1.52225e-07;1.80204e-06;8.3345e-07;5.30411e-08;6.95605e-07;3.7096e-07;0.00741078;0.000265112;1.54265e-06
7.03996e-05;0.0181891;2.43277e-07;0.000247959;0.0126818;0.0149888;3.27608e-06;0.614718;0.00041555;2.40181e-05;0.000189856;0.183404;0.146343;0.00872431
0.00127549;0.375891;4.86781e-05;0.00179054;0.00115575;0.00057848;3.94846e-06;0.00383458;0.00152306;3.97478e-05;0.00232256;0.434366;0.000610961;0.176559
0.000296999;0.827451;0.0093291;0.000350648;0.00293318;2.57356e-06;2.78339e-07;0.000137928;1.39082e-06;4.29571e-06;3.08524e-06;0.158226;0.000235525;0.00102765
0.00145882;0.127015;0.00235321;2.39305e-05;0.00530044;0.000273218;1.34035e-05;0.0163942;0.00010302;5.61336e-06;6.08867e-05;0.352675;0.493884;0.000439444
8.0955e-06;0.790474;5.08431e-10;2.91198e-06;0.000172223;2.24833e-05;1.69552e-08;0.0742728;1.90454e-06;9.50035e-08;2.78107e-06;0.00865183;0.126324;6.70699e-05
4.47508e-05;0.70102;2.25605e-08;8.21854e-06;2.03964e-05;9.47209e-07;3.82e-06;0.000374921;4.70217e-07;9.68164e-07;2.48037e-06;0.0054511;0.292898;0.000174271
1.24586e-05;0.000832135;5.90359e-05;0.00231027;0.0147687;0.000578107;4.83138e-07;0.976788;3.07621e-06;9.31153e-06;2.38825e-05;0.000929202;0.00343215;0.000253298
0.000178;0.0684639;0.89476;6.04646e-05;7.17806e-06;2.99639e-06;4.27023e-07;0.0307299;1.98979e-06;4.07288e-06;1.08004e-05;0.00559435;0.000184647;1.71273e-06
3.78463e-05;0.027767;4.5707e-10;2.90387e-07;0.901723;0.00699418;3.83098e-07;0.0242165;3.30561e-06;2.83764e-06;5.82033e-07;3.72929e-06;0.000598818;0.0386513
4.92944e-07;2.62243e-06;0.99833;7.72052e-08;0.000221767;6.29786e-05;2.42221e-10;5.65139e-08;6.89788e-09;6.51422e-09;6.29451e-11;0.000867709;1.2874e-08;0.000514267
2.06373e-05;0.0903558;7.75845e-10;6.61496e-08;3.08182e-06;1.95882e-05;7.55805e-07;0.908953;0.00030283;1.63222e-08;6.3191e-08;9.28527e-09;0.000326441;1.72566e-05
3.13904e-08;2.70588e-07;0.999999;7.28328e-09;1.22174e-07;2.80484e-10;1.1835e-09;3.31407e-08;2.79426e-09;3.77265e-10;4.60207e-11;4.39431e-07;5.72106e-08;1.94333e-09
4.17138e-06;0.00188939;0.00791183;3.9237e-06;2.34847e-05;3.87497e-07;4.25716e-09;0.00334143;1.40333e-06;9.52139e-08;1.3538e-07;0.985355;7.74743e-06;0.00146104
7.24252e-06;0.461465;6.28373e-10;1.59202e-07;0.000982906;1.61364e-06;9.00089e-07;0.537396;3.76319e-05;1.21156e-06;6.68678e-06;1.1103e-06;6.6205e-05;3.27818e-05
4.03992e-05;0.00406793;0.0858538;0.000196965;0.740636;0.0845405;5.66506e-08;0.000170705;6.56695e-08;2.8124e-05;4.31464e-07;0.0326011;0.0400691;0.0117952
0.00234037;0.127884;4.04884e-05;4.17785e-06;1.21417e-05;4.63518e-05;1.13574e-06;0.85063;0.00266293;1.52246e-07;2.99393e-05;0.000218129;0.0161218;8.01472e-06
1.73861e-07;0.000432476;3.60241e-10;8.17185e-10;1.53018e-05;2.69818e-07;9.40027e-13;0.999485;1.41632e-10;2.56537e-09;2.89463e-12;1.05306e-09;1.03719e-05;5.68608e-05
4.94897e-09;8.18467e-05;2.03266e-05;1.28426e-06;1.4444e-05;0.00010568;8.50306e-11;4.53106e-07;3.50301e-09;2.23152e-08;1.75843e-08;0.9992;6.11882e-05;0.000514547
1.97262e-06;0.997051;2.73223e-08;3.22043e-07;2.02112e-06;9.19946e-08;8.13623e-06;0.00089842;1.32098e-06;7.85282e-07;3.79297e-06;5.32031e-05;0.0019777;1.19248e-06
1.60192e-05;0.00515029;1.08314e-06;3.45321e-06;0.00351596;3.94683e-05;3.69288e-06;2.93318e-05;0.000103181;2.00497e-06;1.72749e-05;0.990067;0.000480614;0.000570282
0.00088385;0.00277902;4.54682e-10;9.14233e-07;5.32631e-05;1.38054e-05;2.66056e-07;0.887448;0.021316;1.27277e-07;7.74512e-06;7.96519e-05;0.0874171;6.93456e-08
3.80098e-06;0.999992;1.52403e-09;4.9407e-10;1.11292e-10;5.25288e-11;2.11859e-07;1.1333e-07;4.3724e-08;7.98179e-09;2.87961e-10;8.65069e-08;3.28043e-06;1.67963e-08
4.04164e-06;0.00102295;7.39281e-08;4.16083e-06;0.0401561;1.89562e-06;1.11815e-08;0.000477765;0.000531169;1.65962e-08;3.19335e-06;0.957648;6.34981e-07;0.000149891
2.99463e-05;0.934987;0.0627517;2.60819e-05;0.000197541;1.41849e-06;8.01465e-08;2.95937e-06;4.53219e-08;1.41613e-06;4.09792e-08;1.04118e-05;0.00153509;0.000456201
0.000236968;0.00428705;5.54608e-07;1.9388e-07;5.91115e-07;3.09169e-07;1.1574e-05;6.49932e-07;1.8261e-06;1.86108e-08;5.97315e-06;0.86226;0.133172;2.27013e-05
8.22783e-06;0.00593847;4.71854e-11;3.47325e-07;0.00701659;3.77334e-07;2.957e-07;0.983027;8.3943e-06;3.18868e-08;3.2458e-07;0.00333488;0.000125316;0.000540167
1.66873e-05;0.481322;0.434895;0.000916499;0.0686543;0.000858279;1.67161e-07;0.00440513;5.2192e-07;5.82782e-06;1.95704e-06;0.00284802;2.62554e-05;0.00604937
9.43356e-07;0.997305;5.23805e-06;1.34585e-05;4.46548e-06;1.1631e-05;2.76045e-07;7.11617e-05;3.61014e-09;6.1707e-07;1.11048e-07;7.49535e-07;1.19659e-05;0.00257478
1.00141e-06;0.00479228;0.00152045;7.9869e-06;1.13221e-05;2.64169e-06;1.39064e-08;4.75647e-06;1.83849e-08;1.32399e-08;4.54647e-06;0.993297;0.000235811;0.000122473
0.000791459;0.154612;1.51263e-05;8.15287e-05;0.000288506;0.00018129;0.01018;0.000842732;0.0206729;8.67139e-06;0.783887;0.000412465;0.0277997;0.00022596
0.000102031;0.957013;2.70486e-07;6.33843e-07;4.01297e-06;1.87404e-05;0.00427283;0.0141397;0.000138986;0.000116108;0.000162001;1.35634e-07;0.0239726;5.84875e-05
1.54935e-12;4.0766e-14;1;4.59212e-12;2.03442e-11;2.80737e-11;3.46007e-13;7.73927e-14;4.30593e-12;6.86141e-12;8.64063e-13;1.62149e-09;5.014e-15;3.04404e-11
0.000181338;0.491603;2.25581e-06;7.89078e-07;2.77465e-06;7.02209e-07;3.22683e-05;0.00783635;0.00234784;8.85557e-07;0.000380794;0.00373246;0.49387;8.47118e-06
3.1897e-06;0.964866;0.000304433;1.4514e-06;0.000122228;3.36395e-06;4.42735e-06;0.011259;1.4195e-05;6.11562e-05;5.70068e-06;0.00849885;0.00172525;0.0131303
2.49227e-06;0.0415906;4.93346e-05;0.00231247;0.0620001;0.0132605;0.000117205;0.00169112;0.000179801;0.000664458;7.82969e-05;0.000329371;0.00150077;0.876223
4.32577e-05;0.998112;1.26901e-08;5.51459e-07;4.90446e-07;1.8955e-07;9.45941e-07;0.00115663;3.71807e-07;9.89264e-07;6.51945e-08;3.14957e-06;0.000583931;9.70926e-05
2.67189e-05;0.00108898;2.03634e-10;1.74947e-05;4.43055e-06;3.65552e-06;5.70871e-07;0.00143959;0.00212583;5.31736e-07;0.000536225;9.57769e-05;0.994634;2.6432e-05
0.000101835;0.00482926;8.58554e-07;4.28174e-08;8.92568e-06;1.91792e-08;8.49809e-10;0.992657;2.03101e-07;2.42268e-08;1.56407e-08;0.00152242;0.000836368;4.3429e-05
5.47638e-07;0.937275;8.70205e-05;5.08987e-06;0.000413127;0.000254838;1.79544e-06;0.0438474;3.87691e-07;6.37387e-06;4.32211e-07;5.95764e-05;0.015009;0.00303901
3.70218e-11;2.2763e-10;1;4.63361e-11;5.92816e-10;1.56205e-12;8.654e-10;2.0771e-11;3.35921e-12;4.8334e-11;1.96784e-11;2.46042e-09;1.97089e-10;8.16924e-12
8.64823e-08;8.78052e-08;0.999902;1.07574e-07;1.04872e-06;1.11415e-07;3.7562e-09;1.47613e-06;4.80408e-07;6.75831e-09;2.62148e-07;9.36911e-05;9.82128e-09;2.71012e-07
1.36534e-07;3.23576e-05;1.70415e-06;1.59288e-08;8.38335e-05;0.00080224;1.51334e-12;7.06632e-06;3.2682e-10;9.84091e-09;1.71047e-10;8.81752e-07;1.07775e-06;0.999071
3.68711e-05;0.00058707;1.13163e-09;1.7732e-06;0.000196992;5.15539e-05;6.66688e-09;0.890747;0.000134179;1.95443e-08;3.312e-05;6.14648e-05;0.108144;5.47561e-06
2.46174e-06;0.999884;4.13985e-06;1.62373e-06;3.94685e-08;4.9886e-08;7.93945e-08;3.09281e-05;3.20919e-08;1.53729e-07;8.37473e-08;9.52452e-09;7.58293e-05;6.10579e-07
2.03807e-08;0.000127945;7.12169e-06;1.51235e-07;4.97857e-07;2.525e-09;1.3311e-12;1.13407e-06;4.23604e-11;3.45455e-11;8.43577e-10;0.999788;7.08115e-05;4.61106e-06
8.17898e-07;0.999832;4.91404e-10;9.02793e-07;1.84136e-05;1.21967e-07;1.64954e-07;3.08736e-05;8.21586e-08;2.26837e-08;1.22319e-06;7.26542e-07;6.11094e-06;0.000108964
3.73483e-05;0.0011335;7.3426e-09;2.90159e-06;5.16547e-05;2.62682e-06;1.89664e-05;0.97469;2.33485e-05;3.16142e-06;0.000236712;0.00010852;0.023634;5.70741e-05
5.15027e-05;0.00040732;5.24771e-08;0.000279733;0.000105425;1.16183e-05;0.00037195;0.0072684;0.990248;4.75175e-06;0.000934226;1.30252e-05;0.000301907;2.25326e-06
7.8178e-05;0.890162;0.000164005;3.93089e-05;7.00382e-08;5.89509e-08;4.7956e-06;1.04827e-08;1.25667e-06;9.53771e-07;3.39721e-05;1.41804e-05;0.109501;7.15133e-08
1.83221e-05;0.199159;0.000216476;1.06836e-06;1.77356e-06;6.26936e-08;6.02247e-09;0.00436692;2.38403e-06;4.28347e-08;1.27616e-06;0.787764;0.000132164;0.00833692
6.13398e-07;0.774396;8.20483e-06;5.86222e-06;0.0466314;8.82544e-05;8.97465e-08;0.151879;1.24204e-06;2.25914e-06;1.71907e-06;0.00928221;0.000199197;0.017504
1.76573e-10;1.32235e-07;8.02468e-12;4.97513e-10;2.21057e-12;6.85615e-07;9.31865e-11;2.83624e-11;2.45766e-09;1.16174e-10;5.76065e-09;4.38172e-10;0.999999;6.51015e-13
2.5906e-10;8.62811e-09;1;5.03734e-09;1.17369e-10;4.54735e-09;4.53968e-12;2.1203e-09;3.83788e-11;1.17624e-09;6.11852e-11;4.24156e-08;1.74046e-09;4.82402e-10
2.96065e-08;0.999534;2.38855e-07;3.08201e-07;6.38898e-08;4.10799e-07;9.46827e-08;0.000447298;8.74816e-07;1.12133e-08;2.86863e-06;1.33283e-07;1.33556e-05;7.73263e-07
