6.14257e-06;0.991392;1.16185e-07;1.22637e-07;1.8975e-06;5.43224e-07;1.42499e-07;0.000602611;1.79622e-06;3.18498e-08;1.73651e-06;0.000685716;0.00720785;9.96767e-05
0.00026868;0.882017;9.17022e-06;0.000222922;0.00408627;0.000126007;4.08788e-05;0.00721691;0.000168642;3.16948e-05;0.000192377;0.0322712;0.0554339;0.0179146
4.90705e-06;0.0413784;5.61152e-07;9.48338e-07;5.52043e-05;1.22248e-05;7.34572e-07;0.186563;3.02138e-06;2.92978e-07;8.18022e-06;0.769417;0.00242164;0.000133932
4.04994e-05;0.171782;3.35037e-05;0.000321348;0.0649782;0.000817261;4.40997e-05;0.0585275;0.00401588;1.55968e-05;0.00288168;0.00488702;0.253153;0.438503
0.0690113;0.3025;0.00638699;0.000119961;0.00018152;9.79297e-06;2.16429e-05;0.0191129;0.00462755;2.0514e-05;0.001368;0.468649;0.127911;7.91341e-05
5.3105e-06;0.995474;3.47617e-10;4.97857e-08;8.07158e-09;1.8722e-07;0.00402556;5.92522e-07;2.42574e-05;3.29859e-05;7.2475e-06;6.31684e-10;0.000169927;0.000259839
5.94374e-11;1.18323e-12;0.999977;3.92469e-09;1.45283e-07;1.88834e-07;5.91045e-11;9.85614e-12;3.52434e-10;8.93221e-10;4.62684e-11;2.26995e-05;5.71313e-12;2.21318e-09
0.000120038;0.914706;8.92863e-08;4.21445e-06;7.31237e-06;3.98571e-05;5.55519e-05;0.0682257;0.000268537;1.34685e-06;7.94576e-05;3.63937e-06;0.0164857;2.95153e-06
1.19706e-06;0.0284699;1.18255e-08;6.37745e-07;3.53877e-08;4.88345e-09;0.968254;2.14664e-08;2.12662e-06;0.0031911;1.95805e-05;7.96095e-09;3.20859e-07;6.11562e-05
8.22421e-08;8.34055e-09;0.999981;2.90231e-07;2.02102e-08;7.08912e-08;1.42534e-05;1.21314e-10;4.16094e-06;2.72191e-08;5.66807e-07;1.60125e-08;1.80618e-08;2.05308e-10
5.57339e-05;0.0610948;2.85897e-06;1.9678e-07;6.64347e-08;9.15932e-08;9.3432e-07;0.938436;3.73786e-06;1.28159e-07;6.63619e-07;3.32443e-05;0.000369655;2.29113e-06
5.7494e-10;0.000238481;1.03367e-09;3.52794e-09;6.27775e-08;1.627e-08;8.80552e-11;4.34865e-07;1.24115e-09;1.67583e-10;7.64385e-09;0.999756;4.73061e-06;1.56407e-07
1.57932e-07;0.608648;1.85806e-10;6.86341e-07;2.27614e-06;4.02271e-06;9.76104e-08;0.000119278;1.08064e-06;2.02493e-07;3.67997e-07;1.52485e-07;0.391224;5.44444e-08
0.000779065;0.0334601;0.226862;0.000136169;0.000151773;9.11107e-07;1.05539e-06;2.55736e-05;7.2149e-06;7.28794e-05;2.12643e-06;0.733876;0.000169425;0.00445555
0.00140409;0.00542498;1.10223e-11;2.22317e-07;8.71763e-07;2.93692e-06;2.4913e-07;0.951554;0.0191228;3.90011e-07;2.33849e-05;2.41575e-07;0.022459;7.11395e-06
0.000585924;0.982147;1.47359e-06;2.29577e-06;4.40956e-08;5.5989e-08;0.0134771;0.000988124;0.00051105;0.00205292;2.91665e-05;5.54442e-05;7.39121e-07;0.00014832
1.67849e-07;3.34377e-09;0.999947;1.79853e-07;5.4668e-08;2.38673e-08;4.10627e-05;9.03993e-11;8.11669e-06;4.70102e-07;2.22892e-06;3.1137e-07;5.55191e-10;1.80385e-08
5.00998e-06;0.996282;5.85948e-06;1.63032e-06;5.6077e-08;6.14621e-09;1.38271e-08;0.00271747;7.3199e-07;3.64079e-09;4.07864e-06;0.000285346;0.000697483;3.52635e-07
1.48723e-06;0.982642;7.9481e-09;3.1137e-06;1.67372e-06;4.96726e-06;2.40849e-05;0.0143955;2.83754e-06;7.1623e-05;4.84451e-07;1.40829e-08;0.00283363;1.88424e-05
1.41063e-11;3.97596e-12;1;8.37033e-09;8.53452e-09;5.87657e-09;5.03314e-11;1.84574e-12;5.50453e-12;3.96909e-10;6.71839e-11;2.1319e-07;4.13204e-14;2.51253e-08
2.03457e-07;0.96132;9.87582e-07;1.75251e-06;1.22601e-06;3.04902e-06;1.10401e-06;0.000286613;2.70396e-07;1.47146e-08;4.703e-07;5.88083e-06;0.0383784;2.56429e-07
7.60974e-07;0.996829;1.57627e-07;1.48098e-05;1.07683e-06;1.72174e-06;4.68181e-05;0.000861489;6.13974e-05;4.07527e-06;0.00165104;5.0183e-05;0.000467682;1.00185e-05
1.09322e-06;8.12664e-05;1.4474e-05;0.000376444;0.0946118;0.895882;3.99743e-07;0.000414027;8.29148e-05;4.37524e-05;3.23204e-05;7.64172e-05;7.56594e-05;0.00830783
1.48565e-05;0.999426;1.73923e-08;1.27225e-07;4.41041e-09;3.5821e-07;5.563e-07;1.40143e-05;1.40705e-07;8.5024e-08;6.84669e-07;4.25793e-06;0.000539146;6.29707e-09
0.000117233;0.0260399;0.0407051;1.27778e-05;0.000337661;1.87741e-06;2.73853e-08;0.000939421;6.37039e-07;7.25832e-07;6.61763e-07;0.924424;6.95929e-05;0.00735015
0.00110648;0.23075;1.31816e-07;0.000101264;0.0015877;0.00121213;4.49316e-06;0.0396373;0.0114003;6.6207e-06;0.00901671;0.000739575;0.699848;0.00458878
4.75282e-05;0.255078;2.57326e-06;4.87575e-06;5.18883e-05;1.70243e-07;5.09449e-06;0.000546937;1.47429e-06;1.28056e-06;4.41115e-05;0.742678;0.00112124;0.000416007
3.00739e-07;0.00202504;9.19669e-09;1.0196e-06;0.00272964;6.81281e-08;4.78452e-08;0.993308;3.11935e-06;1.76134e-08;9.70749e-07;0.00169727;0.000234604;4.91709e-08
1.66923e-06;0.00100879;0.998518;2.54957e-05;2.60568e-05;1.27977e-05;1.28421e-07;1.02409e-06;6.23581e-08;1.56771e-06;5.61081e-07;0.000270104;0.000115786;1.74385e-05
0.000595219;0.97069;1.81465e-06;1.43344e-07;2.27892e-08;5.85567e-07;0.000259244;2.72686e-05;1.23902e-05;2.27028e-07;5.08627e-05;0.00972665;0.0186355;2.46046e-07
3.24701e-07;0.000101919;7.82129e-09;3.4424e-07;0.00031866;0.000773827;8.094e-09;4.5513e-05;2.02157e-05;3.15543e-09;1.04321e-06;0.998306;7.76712e-05;0.000354113
6.69766e-05;0.995054;1.00777e-05;3.15131e-08;1.28829e-09;1.85111e-08;5.48924e-06;1.00798e-05;9.04456e-06;2.78701e-09;7.3747e-06;0.000111824;0.00472547;3.44447e-10
3.75896e-05;0.187853;1.79486e-07;1.32266e-06;0.000212574;0.00107861;7.13787e-09;0.005411;1.38137e-05;1.36e-07;3.00054e-07;0.703673;0.100659;0.00105864
0.000955906;0.213711;1.24041e-05;0.000209373;0.00540161;0.00380721;2.2101e-05;0.0651761;0.000114349;0.000271012;3.34119e-05;0.00272238;0.702197;0.00536582
0.0010258;0.50813;0.00233497;0.00135957;0.000221234;0.000177434;3.92912e-05;0.000758659;0.000522533;1.3401e-05;0.000152241;0.475027;0.00898823;0.00124977
9.43103e-06;0.465101;6.19335e-08;1.1505e-05;3.21167e-06;6.45781e-05;1.54309e-08;0.489989;1.54024e-06;6.16161e-08;1.04594e-06;7.40235e-06;0.0433328;0.00147851
3.50269e-05;0.0067375;1.78979e-06;1.43301e-06;5.55447e-07;5.13954e-08;1.32878e-06;0.00760255;3.51752e-05;8.35932e-08;5.28121e-05;0.980824;0.00470718;2.2053e-07
1.98281e-05;0.920948;1.84937e-07;1.80165e-06;1.3847e-05;7.17913e-07;2.60277e-06;0.000127244;5.09017e-06;2.3012e-06;2.24174e-07;0.00100298;0.0536185;0.0242562
0.000105735;0.915292;1.78745e-09;5.05878e-05;0.000259075;2.29805e-05;3.9587e-05;0.038616;0.00766797;3.73848e-06;0.000524583;0.00521377;0.0252167;0.00698774
1.21907e-05;0.811829;5.09032e-09;1.17643e-06;1.2617e-05;7.39892e-06;4.23094e-05;0.00311293;1.20817e-07;6.77379e-05;6.95166e-07;6.8941e-07;0.184696;0.000216922
9.55682e-09;1.07952e-11;1;7.30802e-08;3.20639e-07;7.44464e-09;3.09367e-08;3.31985e-10;4.08272e-10;2.23409e-09;4.22187e-10;5.1697e-09;5.67958e-09;4.96577e-10
1.49536e-06;0.00072314;0.000721246;2.19672e-06;3.57885e-06;4.49732e-07;5.15298e-07;4.95761e-07;3.48695e-07;2.19879e-07;1.93128e-07;0.00124237;2.71502e-06;0.997301
3.63277e-06;7.93236e-05;1.72966e-10;1.14885e-06;0.118128;0.000505455;7.75641e-07;0.849763;0.000259911;8.10914e-07;3.03963e-06;3.57454e-07;1.26407e-05;0.0312422
2.75771e-09;3.90305e-07;0.999541;2.88848e-08;0.000105817;4.00926e-05;2.53633e-12;9.13556e-09;2.90836e-11;1.46977e-09;2.50123e-11;1.0399e-05;2.59622e-08;0.000302338
4.86024e-05;0.924561;3.88441e-07;7.73455e-08;5.61972e-07;9.3194e-06;2.5157e-07;0.000900368;2.12838e-06;4.99881e-09;3.39826e-07;0.00128662;0.073189;9.58316e-07
3.89088e-06;0.00349291;3.51427e-07;3.19525e-06;0.000241004;0.00230514;4.53824e-09;0.0628757;1.68238e-05;4.17583e-08;3.21165e-07;0.894076;0.000802551;0.0361824
2.69866e-05;0.693991;2.63097e-07;7.66564e-08;4.29083e-07;3.24586e-08;4.29266e-08;0.193086;2.15535e-07;3.40268e-09;5.66179e-07;0.00102145;0.111873;1.4725e-08
1.85568e-06;0.0384519;2.09882e-05;2.0801e-05;0.00585407;1.06293e-05;5.64855e-09;0.0145932;1.487e-06;1.2855e-06;5.80481e-07;0.72556;0.0054982;0.209985
0.000122127;0.897362;2.91517e-08;0.0011892;0.000167121;0.000832705;0.00112813;0.000999821;0.00387534;5.55918e-05;0.0288203;0.0253815;0.0385638;0.00150205
0.000201206;0.988793;5.0632e-06;6.14292e-06;3.53821e-07;3.96e-09;8.18109e-06;0.000413034;4.97253e-05;1.55947e-07;0.000274781;0.00965703;0.000591034;2.90923e-08
1.18177e-06;0.996233;1.96076e-10;2.37308e-05;0.000363218;4.90994e-08;2.74413e-08;0.00325465;6.1502e-07;2.12422e-06;4.1476e-07;2.54595e-05;3.55822e-05;6.05482e-05
0.000169554;0.0036267;0.0267093;0.0211291;0.00254551;0.00114648;0.000120406;6.39376e-06;8.29256e-05;0.0185403;0.00327692;0.331225;0.000133229;0.591288
0.0129446;0.968781;0.0010772;0.00177647;0.000126243;0.00231077;8.51598e-05;0.00306597;0.0037736;2.47669e-05;0.00269864;0.0019672;0.00103338;0.000335108
0.00166652;0.932587;0.000146188;6.88235e-05;1.98805e-06;1.45831e-05;0.000196746;0.00112995;0.00219039;6.03745e-06;0.00396293;0.0213544;0.0366736;6.97701e-07
3.67254e-08;0.999577;5.05146e-10;2.3525e-07;2.4651e-08;7.34511e-09;4.71288e-05;4.93185e-07;9.79705e-08;0.000169275;3.73942e-08;4.59349e-08;2.39191e-07;0.000205173
4.53931e-09;3.7081e-08;0.999996;3.77947e-08;7.17437e-09;2.50292e-08;4.19603e-08;1.90301e-09;1.26265e-08;1.83585e-08;3.6425e-06;1.50176e-07;1.67713e-09;3.00372e-10
2.25079e-06;0.992516;2.65124e-06;2.64087e-07;3.50495e-06;2.02263e-05;3.53774e-09;0.000283453;1.07091e-09;3.42251e-08;1.18049e-08;9.16529e-07;0.00716944;8.67953e-07
7.33559e-08;1.56331e-09;0.999999;1.28235e-09;5.49732e-09;3.59993e-10;6.64833e-08;8.20655e-11;5.57703e-09;4.33569e-10;5.95567e-10;9.92201e-07;1.19411e-09;3.78917e-11
0.00800012;0.0104268;0.0973626;4.41338e-06;0.000450656;1.32542e-05;4.03254e-06;0.764695;0.0127512;4.00865e-06;7.71763e-06;0.105289;0.00097268;1.78847e-05
0.000484979;0.491821;1.3684e-08;4.11586e-06;0.0927229;0.000287723;0.000365079;0.362816;0.0494952;0.000209033;0.000148982;7.73746e-05;0.000912988;0.000655224
5.90555e-05;0.000726597;0.577109;0.000599234;0.156489;0.0022703;6.58135e-07;1.04721e-05;2.58184e-05;8.26091e-05;2.06594e-06;0.00303968;3.18174e-06;0.259583
0.00297792;0.990654;0.000308054;2.32111e-05;0.000274377;2.25212e-05;8.08518e-08;0.00553338;4.96087e-05;2.49958e-07;4.84112e-07;8.42026e-05;5.24405e-05;1.94627e-05
2.29674e-05;0.999127;1.34944e-07;3.43592e-08;1.38448e-08;8.19585e-08;3.50371e-07;4.55215e-05;1.5984e-07;2.79967e-08;2.33531e-08;0.000730948;7.28415e-05;3.04271e-07
4.36569e-08;4.3692e-05;3.07039e-08;4.31533e-07;3.69186e-05;5.17821e-05;2.79283e-10;0.000151476;3.0445e-06;3.872e-09;1.57178e-07;0.99703;4.83921e-07;0.00268145
1.272e-06;0.937471;1.45547e-09;2.85768e-09;5.08543e-10;2.6486e-08;3.13184e-09;1.27304e-05;7.2935e-09;2.35859e-10;4.82483e-09;1.69085e-06;0.062513;5.42253e-11
6.34883e-07;0.00727444;1.46554e-08;3.82162e-07;6.03991e-07;1.03445e-05;2.84218e-10;0.000180325;3.84856e-07;4.10729e-09;1.92227e-07;0.992242;0.00028829;2.29649e-06
0.000158358;0.793227;6.55272e-06;0.000121818;0.00156013;0.000874013;7.55243e-06;0.179926;4.9908e-05;7.50608e-05;3.92587e-06;3.50497e-05;0.0156441;0.00831063
0.00046387;0.817923;0.000410745;0.000905302;1.25694e-05;9.53112e-05;9.00381e-05;0.000394504;0.000383288;3.06842e-05;0.00132401;0.0308784;0.147049;3.91131e-05
1.81649e-05;0.996572;1.63185e-06;7.40963e-07;5.57068e-06;9.42094e-06;4.60451e-05;0.000635911;6.16855e-07;0.000201307;5.54046e-08;3.16789e-08;0.00187419;0.000633945
6.36808e-09;2.8478e-09;0.999509;2.79075e-07;3.68519e-07;1.31979e-07;4.28679e-09;1.97541e-12;3.94129e-09;5.16411e-08;9.59796e-10;0.00048979;1.39656e-11;1.2484e-07
0.000982462;0.0597175;1.43707e-06;2.04212e-05;7.21238e-05;8.6477e-05;7.22049e-06;0.937276;9.31387e-05;6.15897e-06;3.73601e-05;0.000127741;0.00152331;4.82894e-05
1.67996e-06;0.001174;4.75083e-08;1.7002e-07;6.77733e-10;4.71136e-10;0.997886;2.03478e-07;0.000105054;0.000599925;0.000232791;1.26218e-09;3.18664e-07;3.33895e-07
5.36593e-11;9.3377e-12;1;7.08328e-11;3.09172e-10;4.20086e-12;2.35386e-09;7.71242e-14;5.49992e-10;2.84761e-10;1.82807e-11;4.42541e-10;2.29705e-15;9.55063e-13
0.00336755;0.856747;1.19857e-06;1.4002e-05;1.7945e-05;4.58545e-05;0.000676417;0.0131844;0.00200992;8.19821e-06;0.000157568;0.000311735;0.12076;0.00269807
1.21477e-06;0.0791153;0.000209403;1.49599e-06;3.73944e-06;1.02112e-06;7.24161e-08;0.000651274;8.11178e-06;4.31085e-08;1.135e-05;0.919763;0.000184675;4.88811e-05
1.54657e-07;0.920544;4.25594e-09;2.34404e-06;1.07136e-06;4.29313e-06;0.000766138;9.5054e-07;8.23789e-08;0.0018491;2.03257e-08;1.999e-10;8.09421e-06;0.0768238
3.94372e-09;4.82925e-10;1;1.71885e-09;5.62901e-09;5.20637e-09;7.91038e-08;3.25294e-10;9.00904e-10;2.46617e-09;8.09575e-11;9.65367e-08;2.00148e-10;4.1662e-11
1.37273e-05;0.00327902;2.04237e-07;3.98317e-05;7.59725e-06;8.29854e-06;8.32654e-06;0.0268055;0.000378126;3.3251e-07;0.00282997;0.00349232;0.963136;6.93027e-07
7.94827e-07;0.999967;1.29275e-07;4.35624e-06;8.99658e-08;3.8966e-07;3.77555e-07;3.65627e-06;1.16384e-06;2.27763e-07;1.80248e-07;1.16888e-06;6.72861e-06;1.42099e-05
2.32863e-07;0.190613;6.14235e-10;2.1651e-09;7.91234e-10;5.36485e-08;9.75851e-08;3.78386e-07;2.03105e-09;6.08903e-09;1.00102e-09;1.81062e-05;0.809368;3.91231e-09
3.99599e-07;0.00137432;2.11963e-08;1.84874e-05;0.000162815;0.00283414;3.52141e-06;7.45892e-05;4.77198e-05;1.29473e-06;0.000100586;0.970825;0.000828888;0.0237285
7.15413e-05;0.493106;6.39357e-08;7.98199e-05;5.64007e-05;0.000301306;1.10503e-05;0.4624;0.000215045;3.72513e-06;0.0006998;0.00101189;0.0418176;0.000225431
4.5094e-05;0.740352;1.48128e-07;2.0832e-05;3.88947e-06;1.00205e-05;3.80151e-06;0.000384903;8.9933e-08;5.55666e-06;1.56577e-06;0.25665;0.000826828;0.00169535
4.97889e-05;0.702255;1.43252e-06;0.000222077;0.00523855;0.000179622;1.11826e-06;0.269251;0.000480914;7.69054e-07;0.000461052;0.0164184;0.0053655;7.52445e-05
8.93099e-06;0.0231672;0.947479;0.000122981;0.000511356;0.000131516;1.53832e-08;8.72674e-07;8.59661e-08;2.34532e-06;1.62243e-06;0.0240432;0.00350975;0.00102135
3.0703e-05;0.0180756;4.03864e-06;1.56743e-06;0.00331402;6.75856e-05;3.13904e-07;0.47871;0.00014817;5.22497e-07;0.00018669;0.459114;0.040001;0.000345513
1.10291e-06;0.994326;1.60135e-08;6.18074e-07;3.50875e-05;2.35669e-05;3.57566e-07;0.00136702;4.83602e-07;4.69262e-06;1.34906e-06;0.00107266;0.00209357;0.00107307
0.00191911;0.00220896;0.000600603;0.000375862;0.000267699;7.9485e-06;0.00271464;0.000810003;0.00635033;0.000199227;0.0217514;0.959255;0.00353352;5.59619e-06
0.0149705;0.902136;2.1738e-05;7.61535e-06;1.23159e-05;7.534e-09;0.000103484;0.00213935;0.00110605;2.2606e-06;0.00100974;0.0547933;0.0236823;1.54369e-05
0.000304485;0.69688;2.05845e-09;5.30962e-06;0.00103;3.55865e-05;4.99306e-05;0.258365;0.000625897;6.73472e-06;1.35046e-05;0.00646836;0.0222424;0.0139718
6.97508e-05;0.933463;5.22699e-09;0.000146115;0.000196361;7.27216e-06;0.000103768;0.000655711;0.00016184;4.33404e-05;0.000802337;0.00912649;0.0355625;0.0196613
0.00119313;0.022747;4.1133e-08;0.000524597;0.215016;2.37697e-05;2.17544e-05;0.753;6.69527e-05;9.09057e-05;2.54492e-05;8.92831e-05;0.0022793;0.00492259
8.49291e-05;0.00984009;0.978578;0.000333387;8.21912e-05;9.96352e-05;8.28193e-07;2.37841e-07;7.64666e-07;9.51816e-06;1.42921e-06;0.00242194;0.00052974;0.00801699
2.12469e-05;0.000616762;1.99214e-09;4.90284e-08;2.50039e-07;7.79959e-09;3.40529e-08;0.996331;8.1764e-05;2.10295e-09;0.000119173;0.0012111;0.00161891;4.37508e-09
5.89364e-07;0.995768;5.38351e-08;4.34209e-07;1.49436e-05;1.31068e-05;0.000209035;3.14732e-06;1.11648e-06;0.000177116;3.50696e-07;5.76437e-08;0.00229464;0.00151765
2.19468e-11;1.94747e-11;1;1.14179e-12;4.37586e-11;5.8441e-13;5.73762e-10;1.09332e-13;1.43251e-11;7.44703e-11;2.00133e-13;7.40285e-10;4.23742e-13;8.29442e-13
0.000367991;0.18936;4.18167e-05;6.61499e-05;0.00926685;0.00155187;0.00265589;0.734601;0.039554;0.000140647;0.0073398;0.000270272;0.0112637;0.00352059
1.07635e-06;0.982868;1.13118e-09;1.72219e-07;1.01772e-06;4.47301e-07;1.71724e-05;0.00098555;2.73433e-07;3.1408e-06;7.70206e-07;9.01056e-11;0.0161201;2.19005e-06
1.98768e-08;8.53454e-09;0.999997;6.99129e-07;1.82926e-06;1.06948e-07;2.19092e-07;2.36297e-08;4.9889e-09;1.14322e-07;5.85371e-09;1.44803e-07;1.38062e-08;2.31143e-08
2.78339e-06;0.000678164;0.998654;8.24786e-06;2.55051e-08;1.63555e-06;1.67401e-06;1.79371e-06;4.19988e-06;7.58843e-08;8.41199e-07;0.000634318;1.16329e-05;6.22314e-07
5.0092e-06;0.0398372;2.12405e-08;4.76279e-07;0.00100515;0.0210785;1.57054e-06;1.85578e-05;7.80796e-07;1.21652e-05;1.653e-07;1.50864e-08;0.000130104;0.93791
5.09424e-11;1.44797e-10;0.999844;1.77582e-09;5.66815e-08;2.64455e-08;9.3771e-13;2.36097e-12;8.19696e-12;4.57724e-11;2.94766e-12;0.00015628;2.84913e-12;1.00207e-08
1.06726e-06;2.92132e-05;1.10066e-07;1.21524e-07;0.00114877;8.67012e-07;3.1143e-10;0.998776;3.8181e-07;2.80358e-09;1.89676e-08;1.96908e-05;1.12188e-05;1.29652e-05
6.66617e-07;0.000690529;2.26533e-06;2.66214e-08;8.39946e-05;1.35073e-08;1.19991e-08;0.999101;7.22146e-07;3.07081e-08;4.71761e-07;1.50554e-06;0.000118518;1.74503e-09
5.77638e-09;6.22524e-08;0.999977;5.3571e-07;2.65357e-06;8.4006e-07;6.82236e-11;7.4779e-09;2.3489e-10;1.735e-07;1.99432e-09;1.84957e-05;3.91694e-08;3.56491e-07
1.34197e-07;0.999472;2.8579e-07;2.97234e-07;2.13948e-08;1.41263e-07;1.921e-07;0.000456065;6.26415e-07;6.04492e-09;4.9515e-07;3.24313e-06;6.61847e-05;5.15868e-07
