2.43094e-06;0.999616;0.000275522;2.08533e-05;1.07214e-06;3.79371e-07;6.49218e-08;5.74458e-06;2.53901e-07;1.03748e-07;5.20313e-07;6.30705e-05;9.9775e-06;3.90872e-06
9.48701e-06;0.0344192;1.13571e-09;1.26969e-08;1.56502e-06;1.33529e-08;1.01568e-08;0.965355;2.50633e-08;2.08172e-08;2.89285e-08;1.2092e-08;0.000214196;2.07481e-07
7.85124e-09;0.000479796;2.83167e-07;2.70347e-07;1.0434e-05;6.43772e-07;5.44553e-10;1.06312e-06;9.50629e-09;2.69854e-09;7.15565e-07;0.999069;1.07897e-05;0.000427139
2.32073e-06;0.72029;5.77479e-09;2.82941e-07;1.57032e-05;1.91964e-07;6.71763e-08;0.245413;8.76889e-07;1.93028e-07;9.99072e-07;6.24492e-05;0.034213;1.2928e-06
2.6852e-05;0.247742;2.80182e-05;9.50877e-05;0.0111655;0.000795163;2.27798e-07;0.00176822;2.39094e-05;5.53635e-06;2.51185e-05;0.723145;0.00390378;0.0112755
0.000120504;0.224039;2.4297e-08;8.15455e-08;2.25345e-05;3.4387e-06;1.04768e-08;0.068425;3.70779e-07;4.46014e-08;2.43513e-09;6.1308e-05;0.707323;4.52387e-06
5.42446e-05;0.0336614;1.65567e-07;1.59212e-06;4.01057e-06;1.79222e-06;4.82709e-09;0.7561;4.53588e-06;1.68611e-08;3.04995e-07;2.07619e-05;0.21015;1.72819e-06
2.39758e-05;0.975501;3.1583e-09;4.02229e-07;1.5364e-06;7.03366e-08;1.5581e-07;0.0228458;9.48635e-07;7.03656e-08;1.53608e-07;0.000738766;0.000859797;2.75249e-05
5.16495e-07;0.9919;2.90433e-10;1.63193e-06;1.18257e-06;3.04616e-07;0.000378821;2.2637e-05;3.38364e-09;0.000303533;5.90851e-09;1.57923e-07;2.10947e-05;0.00737027
1.70025e-11;1.16354e-13;1;3.16283e-10;1.78461e-10;2.6627e-10;2.38658e-09;2.08044e-13;3.677e-12;6.51725e-11;3.26499e-11;2.29296e-08;7.0761e-14;1.2645e-11
9.71494e-05;0.135785;2.80736e-08;0.000110351;0.00018659;0.000483377;0.00322878;0.0438818;0.00560765;2.11116e-06;0.0440598;1.19804e-05;0.76645;9.51194e-05
6.94385e-09;7.86723e-06;7.99509e-13;3.01742e-10;4.20532e-11;6.37426e-08;3.3583e-09;2.99897e-08;5.81607e-09;4.33522e-10;1.21459e-08;2.19694e-10;0.999992;1.27612e-11
2.14828e-08;1.34888e-05;0.998751;2.28825e-08;9.3287e-09;4.05318e-10;2.19306e-09;2.7018e-10;7.2763e-11;6.19369e-08;5.90822e-10;0.00123434;6.52632e-07;1.92617e-08
8.52675e-07;0.992408;2.77866e-10;7.44188e-08;4.78928e-06;2.17266e-08;0.00465009;3.35552e-05;9.89029e-07;0.000184597;1.19321e-07;3.37525e-10;3.24401e-06;0.00271399
4.85909e-08;2.6372e-07;0.999987;1.14193e-07;7.59063e-07;1.8966e-08;3.59133e-07;1.64002e-08;3.80744e-07;3.99641e-08;6.20755e-06;4.88886e-06;8.42008e-08;1.4143e-09
3.66587e-06;3.69863e-07;1.59565e-11;1.61947e-09;2.63432e-08;2.6397e-09;1.42122e-08;0.999966;6.34491e-06;7.77776e-10;1.70382e-06;1.75424e-09;2.20899e-05;1.77834e-09
0.000154911;0.877964;0.00703591;3.82579e-06;7.79879e-05;1.06253e-05;0.00245482;2.86101e-06;3.68155e-07;0.000594793;4.20668e-07;0.0483545;0.000203326;0.063142
9.245e-09;4.26931e-10;0.999999;2.06658e-10;7.99891e-08;1.1168e-09;5.10055e-07;4.10277e-09;7.39103e-08;1.04474e-09;1.92825e-08;5.09369e-08;1.28622e-10;1.4832e-09
1.97499e-06;0.0702621;6.4163e-07;2.8114e-08;2.00558e-08;3.08798e-08;0.926726;5.38036e-07;1.10139e-05;0.00263488;2.06504e-06;3.15792e-08;1.92284e-05;0.000341032
3.60065e-12;7.2833e-13;1;1.50119e-09;4.94016e-09;3.51979e-08;3.28823e-10;2.23033e-13;2.41435e-10;4.44971e-10;2.08943e-10;1.85596e-08;2.24409e-13;2.44841e-10
4.27282e-07;0.99929;1.14059e-06;6.85919e-08;2.24039e-08;1.98265e-09;2.17063e-07;1.21495e-05;1.54537e-08;6.65839e-09;7.20112e-08;9.92334e-07;0.000695242;6.65156e-09
9.03013e-07;0.997666;3.91779e-06;1.44178e-05;2.23117e-05;2.40966e-05;1.83114e-06;0.000713142;1.18441e-06;5.75443e-06;7.86235e-06;0.000196929;0.00019666;0.0011451
1.36526e-05;0.0432528;3.79877e-06;1.15983e-05;0.00019645;7.99497e-05;7.60878e-07;0.00471357;4.45806e-06;2.75715e-06;6.27887e-05;0.877871;0.0731345;0.00065148
5.65165e-07;0.979672;4.77038e-09;9.96975e-08;1.22551e-08;2.95187e-09;1.43536e-05;2.93223e-08;8.86907e-09;4.36367e-05;1.07594e-07;2.07926e-05;9.90991e-07;0.0202479
2.68097e-05;0.0202464;2.77684e-06;1.2265e-05;3.4096e-06;2.175e-06;0.732501;0.000673306;0.0564272;3.3111e-06;0.182292;1.0676e-07;0.00780943;1.04204e-08
1.96017e-06;0.995747;4.09078e-06;1.65288e-06;1.24976e-05;1.03156e-05;2.69662e-10;0.002853;1.18423e-08;1.08469e-07;3.46092e-09;1.77502e-05;0.00126303;8.88089e-05
1.83008e-06;0.990145;1.75306e-09;5.97373e-07;3.20704e-07;5.73022e-08;2.85416e-08;8.80795e-05;1.84082e-08;3.48132e-07;1.91132e-07;2.28669e-05;0.00973867;2.35337e-06
3.80176e-07;0.997876;6.84963e-11;6.91086e-08;4.31086e-06;2.17918e-08;3.77968e-05;2.2438e-05;5.3916e-08;3.32137e-06;1.77476e-08;3.32991e-07;6.06251e-07;0.00205476
6.34053e-11;5.49356e-12;0.999999;1.582e-09;2.9647e-09;3.12448e-10;5.13858e-10;8.95225e-11;1.31194e-10;7.51408e-11;1.34552e-10;9.43181e-07;1.2529e-12;7.19045e-11
3.85044e-06;0.0642901;2.07776e-09;1.24774e-07;3.13289e-07;9.48854e-09;2.19899e-06;0.93534;1.54783e-06;1.5154e-08;2.68455e-05;0.000300205;3.15209e-05;2.99376e-06
3.38008e-07;0.989316;6.90374e-11;9.59754e-07;4.77395e-06;1.12027e-06;0.00137455;8.73165e-05;1.88472e-08;0.000163461;1.33181e-06;1.71315e-05;8.50226e-05;0.00894838
7.54701e-10;8.45552e-10;0.999998;1.18588e-08;9.0071e-09;2.85771e-08;1.45374e-07;1.6953e-10;5.95e-10;1.11258e-08;2.34275e-08;2.2773e-06;1.95435e-11;3.01285e-09
1.65398e-06;0.00125629;1.55164e-08;3.06288e-05;5.23605e-07;9.58509e-06;0.000635231;0.000490938;0.0151331;5.80125e-07;0.980807;3.67193e-06;0.00162654;3.8745e-06
0.000148901;0.0356758;2.91997e-05;2.50102e-06;2.40277e-07;2.25457e-06;2.45684e-05;0.00318;0.000281359;3.67013e-06;0.00135031;0.00403614;0.955265;3.80512e-07
3.0325e-06;0.961202;0.000341853;2.85815e-07;0.000129366;2.8713e-05;4.70276e-09;0.00318936;1.05874e-07;6.07396e-06;4.5324e-07;0.0198415;0.01514;0.000117472
1.05432e-05;0.106165;1.01162e-07;0.000247098;0.408886;0.0200371;4.80071e-05;0.0277462;0.000254493;0.000849916;0.000208819;0.000294734;0.000684827;0.434567
0.00642044;0.000285482;0.000401704;0.00181333;0.000121758;4.15053e-05;0.0135613;0.00218924;0.14988;0.000410963;0.191332;0.00542946;0.628112;1.6377e-06
0.000775961;0.0109543;0.00140525;1.03466e-05;2.9263e-05;1.30534e-06;1.14405e-07;0.985422;8.41481e-05;1.406e-06;4.21343e-06;0.00104992;0.000256949;4.83622e-06
2.33112e-09;0.992418;2.07552e-13;6.91334e-11;7.7324e-10;1.00117e-09;1.70633e-07;1.07457e-10;4.61898e-12;2.31144e-07;3.23487e-12;1.25471e-11;9.94871e-07;0.00758063
1.88311e-11;2.11737e-14;0.999999;1.22069e-11;3.02328e-09;2.62327e-09;2.26263e-11;1.22266e-14;1.30785e-11;3.52198e-11;6.84305e-13;1.0272e-06;3.93524e-14;1.82839e-10
2.10125e-05;0.55534;6.82548e-07;1.43923e-06;5.19768e-06;8.07456e-07;0.443347;0.000371067;0.000784234;7.77884e-05;1.04293e-05;5.48954e-10;4.76939e-06;3.60309e-05
4.97595e-12;6.01328e-12;1;2.40787e-12;2.59234e-12;8.43747e-13;5.22322e-11;2.84551e-14;4.21238e-11;1.7246e-12;4.65712e-13;1.32301e-08;3.4823e-13;2.50433e-13
2.86057e-05;0.785197;0.000141041;1.35644e-06;7.1963e-07;2.36896e-07;7.62428e-06;0.0636485;0.000460922;4.12313e-07;5.44928e-05;0.113636;0.0368228;5.24254e-07
5.95598e-06;0.834012;2.34664e-07;0.00160679;9.5811e-05;0.00031344;0.000150212;0.0247335;0.00145579;0.000714452;0.00158223;0.00133308;0.122907;0.0110897
6.17353e-05;0.2678;4.07813e-08;0.000255131;0.0235518;6.43722e-05;5.05514e-05;0.299516;0.00115992;5.40395e-05;0.000799374;0.00740288;0.39927;1.39285e-05
0.000458451;0.448149;0.00438358;0.00114198;0.000208216;9.47761e-05;0.0119362;2.75427e-05;2.46486e-06;0.478488;1.62795e-05;4.64511e-05;5.97091e-05;0.0549874
4.69384e-07;2.52462e-09;0.999996;3.01296e-08;1.76047e-08;1.76568e-09;2.51538e-06;1.05406e-08;2.50156e-07;3.0666e-08;1.286e-07;1.1048e-06;1.24254e-11;9.16059e-09
0.000455514;0.0104204;0.00109936;7.85538e-05;0.000785681;7.24924e-05;1.39756e-05;0.605243;0.000636215;9.6718e-06;6.87902e-05;0.374116;4.41262e-06;0.00699546
9.9158e-07;0.161943;5.05507e-05;9.78629e-06;9.12651e-05;0.00119668;8.56528e-08;1.56107e-07;7.14565e-09;4.54698e-06;2.84106e-07;0.00193976;0.834446;0.000317571
1.51405e-05;0.0209341;4.75558e-06;1.41804e-06;4.68097e-05;0.000422543;4.84656e-07;0.00228263;2.5384e-05;3.5057e-08;2.30126e-05;0.969547;0.00104969;0.00564657
3.89673e-06;0.186934;0.000224556;8.93758e-08;0.00925916;4.23847e-06;3.70096e-09;0.722612;1.46223e-07;6.58417e-09;3.7822e-10;2.34705e-05;0.0801201;0.000818663
4.80858e-06;0.612189;3.17931e-06;3.29908e-06;0.000208422;0.000156676;7.56252e-06;0.335409;1.72686e-06;2.08914e-05;8.74816e-07;1.00196e-05;0.0511743;0.000810119
2.65724e-09;3.82289e-09;0.999999;5.49474e-09;4.91787e-09;4.41096e-10;9.32754e-10;1.68074e-10;9.87435e-11;1.91482e-10;3.37152e-10;8.90285e-07;8.55338e-10;2.54928e-09
6.80644e-08;4.46995e-05;2.62458e-06;2.96871e-07;5.28829e-07;3.94734e-08;6.58155e-09;1.31568e-05;6.79009e-08;4.46662e-08;8.38523e-08;0.000180501;1.06181e-07;0.999758
1.03894e-05;0.000157259;1.01468e-09;1.76981e-05;0.00298911;0.0112056;1.47761e-05;0.979124;0.0057914;1.294e-07;0.000379124;3.73965e-07;0.000280314;2.99901e-05
4.24864e-06;0.000215212;0.998982;4.98137e-06;0.000306864;2.10393e-05;2.13698e-08;3.45716e-08;2.28779e-09;2.41332e-07;3.64283e-08;0.000368105;2.07466e-06;9.50835e-05
4.56047e-06;0.994757;7.08897e-08;6.29665e-08;4.55811e-09;5.81195e-07;4.20969e-07;1.76641e-05;2.62612e-07;2.45167e-10;3.08328e-06;0.00134877;0.00386771;7.07348e-08
3.27357e-07;0.965972;2.50649e-07;2.80324e-08;2.28589e-06;9.61828e-07;4.00202e-09;8.41921e-05;1.36157e-08;4.56415e-08;8.81721e-09;0.000188864;0.0335943;0.000156495
8.97521e-07;0.965672;6.63069e-06;2.33017e-05;0.00380825;0.000149439;1.96573e-08;0.00956305;1.86475e-08;6.18205e-05;1.14246e-08;6.28085e-06;0.000231112;0.0204774
2.18843e-05;0.00507924;2.27369e-08;2.82484e-06;7.40007e-08;9.36791e-05;3.20732e-05;5.10548e-06;1.96678e-06;3.65135e-05;3.17257e-05;0.000719706;0.993969;6.08663e-06
2.21293e-07;3.76378e-06;0.998139;1.39215e-06;4.53622e-08;3.05984e-08;0.00129114;2.40353e-11;3.44422e-08;0.000360015;4.21372e-07;0.000202208;3.71762e-07;1.46488e-06
1.08301e-08;6.99241e-10;0.999975;1.09904e-08;2.82489e-09;9.59713e-10;2.39094e-05;7.54811e-12;2.48036e-07;3.33183e-08;4.76675e-07;5.44537e-09;1.70019e-09;1.58277e-10
1.5165e-07;0.999885;7.45651e-07;3.9545e-07;2.03933e-08;1.15598e-08;1.63029e-08;4.25526e-06;1.23739e-08;1.69981e-08;4.54497e-08;1.18491e-06;0.000107601;5.01378e-07
3.64256e-06;0.0202764;7.86535e-10;6.25482e-06;9.8166e-06;1.61395e-05;6.86452e-07;0.0292465;2.27728e-05;1.3354e-06;3.37078e-05;2.08903e-05;0.950354;7.42894e-06
2.38774e-05;0.157802;0.000436955;0.000596701;0.05119;0.000349507;1.34946e-07;0.000269369;7.44037e-07;1.70613e-05;5.1205e-05;0.770573;0.0108828;0.00780583
7.17125e-05;0.635791;1.37045e-08;5.45108e-05;1.75598e-06;2.40536e-07;0.350528;0.00019217;8.83125e-05;0.0118015;0.000463115;2.34709e-06;4.10441e-06;0.00100096
8.74352e-07;5.36929e-07;0.999957;1.98479e-07;8.0993e-08;2.23711e-08;2.52154e-06;3.87304e-08;6.87365e-07;6.75484e-09;1.38745e-06;3.44561e-05;2.44737e-06;6.17959e-10
1.85139e-06;0.000629389;1.80079e-09;1.63388e-08;3.60452e-07;3.65599e-08;3.8587e-09;0.999316;4.71703e-07;5.16517e-10;8.5228e-09;4.33121e-07;5.15115e-05;2.26811e-08
3.95592e-07;0.000411435;6.21879e-07;3.26304e-06;9.26474e-06;1.91716e-05;3.81997e-11;7.44871e-07;5.80127e-07;7.47874e-08;8.31279e-08;0.998004;7.26633e-07;0.0015495
0.000268553;0.0051891;2.00073e-08;5.98068e-07;4.571e-06;1.99734e-05;2.83115e-07;5.1576e-07;8.4361e-05;1.62853e-07;2.61359e-05;1.41614e-05;0.994271;0.000120601
2.8244e-05;0.0207721;0.0017012;7.86978e-07;2.00616e-06;9.32556e-08;9.39775e-08;0.00144154;1.83926e-05;3.17685e-07;5.92365e-07;0.975995;1.31384e-05;2.6464e-05
3.62496e-05;0.00753336;0.00819883;1.80038e-06;0.003877;4.48444e-07;2.45433e-09;0.979057;8.73524e-06;2.87473e-08;5.50698e-09;0.00074467;5.20301e-05;0.000489745
1.3263e-07;0.000179132;2.04913e-09;5.08928e-10;0.000120097;6.48542e-10;1.34032e-10;0.9997;1.15155e-07;2.74186e-10;1.73822e-10;1.67422e-09;2.35776e-07;6.1959e-10
3.80377e-09;1.02975e-07;0.999997;7.65344e-08;1.6072e-06;1.07477e-07;1.87172e-11;5.01126e-09;1.00766e-09;1.54247e-08;3.65587e-10;7.62932e-07;2.42917e-08;9.56854e-08
3.93349e-08;0.998677;4.56298e-07;5.17594e-07;3.4688e-08;1.48934e-07;3.73183e-08;0.00122327;4.34183e-07;1.45477e-08;4.02352e-07;2.37279e-05;6.76518e-05;6.40622e-06
