2.91117e-07;0.999984;8.71381e-07;8.63123e-07;3.38201e-07;3.11725e-08;6.7904e-09;4.39231e-06;3.02463e-08;6.14167e-09;3.10571e-08;5.28194e-06;4.05319e-06;2.01583e-07
4.15164e-06;0.999385;2.76308e-09;1.19692e-08;6.61752e-08;1.23473e-09;3.65376e-07;0.00056886;2.31283e-09;1.03571e-07;3.63096e-09;1.18156e-08;5.81039e-06;3.5789e-05
1.15938e-09;1.48502e-05;1.1545e-07;3.39387e-08;0.000158707;9.81154e-10;3.81309e-09;5.06721e-07;9.82419e-09;6.42188e-10;5.20171e-07;0.999825;6.05451e-09;3.4125e-08
5.66514e-07;0.976841;6.677e-05;4.26574e-07;3.16853e-05;2.79888e-07;1.3556e-08;2.60279e-05;1.95966e-10;3.47672e-07;1.39858e-08;8.02694e-05;0.022947;5.4575e-06
1.08445e-05;0.0056195;1.39175e-06;1.52557e-06;1.78109e-05;1.31772e-06;1.63355e-06;0.00192615;4.27779e-05;8.27135e-08;0.000641162;0.991179;0.000505689;5.16156e-05
6.0977e-05;0.971743;1.38801e-05;1.77709e-05;0.00330944;6.47416e-05;3.9739e-06;0.0206214;2.12324e-05;1.9931e-06;1.01581e-05;0.000376776;0.00290621;0.00084847
1.39063e-05;0.000744162;7.18753e-06;2.39226e-05;0.000179706;9.38941e-05;1.49462e-07;0.00161709;6.97159e-06;4.09757e-06;3.50944e-06;0.802857;0.194436;1.24457e-05
8.63246e-07;0.0152862;2.94525e-08;4.32723e-07;5.94444e-07;7.21723e-06;5.80958e-08;4.84553e-06;4.61352e-07;2.22941e-08;3.33144e-07;2.30517e-06;0.984696;2.23079e-07
1.41802e-06;6.89769e-06;0.995562;9.37452e-07;5.15426e-05;9.19303e-06;1.10804e-08;2.51155e-06;1.49495e-09;4.3496e-06;9.85687e-10;0.00206705;5.02116e-06;0.00228922
1.42303e-08;0.00149547;6.4227e-11;1.80344e-10;1.24329e-12;2.31962e-11;0.998496;8.27214e-11;1.79831e-06;6.64237e-06;3.20297e-07;8.58321e-15;5.2162e-09;3.64772e-08
7.71039e-10;2.22909e-10;1;3.75724e-10;1.30236e-09;4.86023e-10;6.5358e-08;2.55029e-12;2.9139e-08;1.10514e-09;2.08382e-09;2.2063e-08;4.95098e-11;1.51749e-11
9.91674e-06;0.996705;3.19593e-06;1.08403e-06;9.1514e-09;5.48061e-09;1.4351e-05;4.39575e-05;2.34545e-05;4.58106e-07;5.89945e-05;0.000909712;0.00223016;2.71393e-08
3.19417e-05;0.0743694;3.16033e-05;9.93482e-05;0.000954154;2.4864e-06;1.96116e-06;0.0244596;7.67328e-06;7.97864e-06;3.18809e-05;0.895998;4.31965e-06;0.00399967
0.000111555;0.331118;0.0127586;0.00074551;0.0017695;0.00173836;3.37019e-05;0.000568328;3.20673e-07;4.01648e-05;7.40797e-05;0.0038258;0.646608;0.000608444
1.08108e-05;0.0068626;1.12752e-05;1.06153e-05;3.30707e-05;1.3076e-05;5.92077e-05;0.00287178;0.000131635;1.00312e-06;0.00204664;0.965446;0.0224112;9.08887e-05
3.54319e-05;0.19002;1.69662e-07;0.00037481;0.00266922;0.220204;4.28262e-06;0.532936;0.000164329;6.1945e-06;0.00140108;1.48032e-05;0.0389217;0.0132486
0.000486466;0.733426;0.000101956;1.07909e-05;1.04943e-06;0.000158631;8.92924e-07;0.0272879;1.18532e-05;3.83394e-06;6.7363e-06;0.174156;0.0633941;0.000953089
1.39722e-05;0.911987;1.91949e-05;3.82218e-05;5.26747e-06;8.9201e-05;8.37698e-07;0.000499513;2.40188e-05;7.16745e-07;0.000206235;0.0840433;0.00303752;3.5224e-05
6.45429e-06;0.0143821;4.66067e-05;1.83698e-07;6.61198e-06;9.12223e-07;5.79282e-09;0.00252662;3.89523e-07;9.46627e-08;1.04571e-06;0.961631;0.0213668;3.16681e-05
0.00092377;0.151998;0.00102503;0.000197238;0.0133047;0.00696873;0.0165503;0.349626;0.10122;0.0022311;0.0628327;0.0627915;0.178692;0.0516393
0.000222524;0.0797737;9.54646e-10;1.00401e-07;6.98827e-07;2.37848e-08;7.45774e-06;0.826082;0.000405099;1.08989e-07;5.04363e-05;0.000202113;0.0932557;4.26216e-08
2.59549e-07;0.00446196;1.98151e-11;3.33523e-08;3.94763e-08;1.25767e-07;1.63333e-09;0.000326101;2.37817e-07;4.28354e-09;5.23592e-09;7.32007e-07;0.995157;5.33096e-05
1.45488e-06;0.000653485;2.29373e-06;0.000289277;0.00531839;0.000337422;6.20109e-08;8.03188e-05;0.000265883;5.51136e-06;2.76037e-05;0.0415224;8.90672e-06;0.951487
2.1783e-05;0.946152;0.0208934;0.000231585;7.67165e-06;2.38148e-05;0.000414493;7.3192e-06;1.96276e-06;2.60806e-05;0.000124955;0.000161608;0.0319311;2.78321e-06
8.70693e-08;0.000189864;2.29067e-07;4.19588e-08;1.34084e-07;1.788e-07;8.9494e-08;1.77619e-05;3.53117e-05;1.97625e-09;0.000196642;0.999525;2.4204e-05;1.00196e-05
3.05782e-07;0.998988;2.741e-09;1.08463e-07;2.15213e-06;2.0596e-06;3.10004e-07;0.000136642;9.18532e-08;1.86103e-08;9.45239e-07;1.81918e-05;0.000837991;1.35215e-05
1.5815e-05;0.682534;1.51679e-05;1.96285e-05;1.85055e-06;7.0274e-06;7.20851e-06;0.019331;2.72862e-06;6.36559e-07;3.83452e-05;0.28007;0.017951;5.1216e-06
1.43532e-06;0.00152438;7.20698e-07;1.76887e-06;0.000431145;1.93902e-06;2.72086e-09;0.997418;2.91209e-07;3.09639e-08;7.84213e-07;0.000210754;0.000211351;0.000197485
9.78669e-06;0.320556;6.06999e-05;9.02946e-05;0.000432307;0.00477124;0.000116867;0.198122;2.75471e-05;0.000194163;6.38366e-05;0.000158876;0.473436;0.00195988
7.81913e-13;5.21456e-13;1;5.70451e-12;1.81812e-11;4.36458e-12;4.84469e-12;5.80603e-14;1.78419e-13;1.43676e-12;2.84557e-13;6.5276e-11;1.92547e-13;4.29847e-12
4.18527e-08;4.94821e-07;0.999408;5.0999e-07;1.66541e-07;2.59308e-07;8.51404e-09;4.89114e-05;1.94356e-07;4.65555e-09;2.34643e-07;0.000540219;1.59315e-08;1.08713e-06
2.66548e-09;3.09901e-06;1.30249e-06;2.38293e-09;1.41105e-06;1.02038e-05;2.99509e-12;8.48795e-09;3.14915e-12;5.98177e-09;9.02126e-12;1.79906e-07;4.92224e-08;0.999984
3.57471e-08;0.000562231;1.12814e-11;5.91021e-09;3.47831e-07;1.32795e-07;1.04756e-09;7.56494e-05;5.13515e-08;1.14466e-10;1.11945e-07;6.54644e-07;0.999361;7.40846e-09
8.98915e-08;0.204442;3.61463e-06;1.41536e-07;1.52341e-08;1.91283e-07;1.18345e-09;2.2697e-08;7.94577e-12;9.46801e-09;1.55219e-10;4.94096e-07;0.795553;1.44241e-07
3.96663e-06;0.165914;0.000148972;2.67609e-06;3.91726e-05;9.13949e-06;9.69021e-08;0.0386277;1.83502e-07;5.49487e-06;1.80394e-07;0.722277;0.0627806;0.01019
1.69514e-06;0.47687;1.526e-05;0.000135428;0.00101493;0.0630832;0.0112519;0.0101039;8.09025e-07;0.00110971;3.33681e-05;1.67688e-07;0.391679;0.0447008
2.24828e-11;6.32831e-11;1;6.04669e-10;7.07926e-11;5.11811e-11;3.00928e-09;3.10803e-11;1.92346e-13;1.07436e-10;2.50364e-11;1.19015e-09;1.01504e-09;1.04391e-11
6.99576e-08;3.12488e-06;0.999938;1.09522e-05;2.48579e-07;7.27082e-07;7.23692e-07;5.38088e-06;4.44007e-08;8.62925e-08;2.65255e-06;3.67929e-05;4.24604e-07;6.11476e-07
7.83756e-09;6.49113e-05;7.95406e-07;1.74386e-08;6.55549e-06;5.49696e-05;1.26643e-11;1.76311e-07;4.96596e-12;1.01814e-08;1.37911e-11;5.45992e-07;4.32367e-07;0.999872
3.70045e-07;0.000599635;3.98002e-11;2.06908e-07;2.2201e-06;1.21417e-05;2.21266e-09;0.00100747;1.94557e-07;3.27409e-09;2.06435e-07;1.52187e-05;0.998355;7.11321e-06
9.02685e-07;0.991491;4.54318e-10;1.1071e-06;4.87071e-08;6.64364e-08;2.99326e-07;1.43918e-05;1.13785e-08;2.34188e-07;3.50092e-08;5.27847e-06;0.00848;6.4565e-06
4.55947e-06;0.0147046;1.20335e-09;7.06179e-05;3.3088e-06;0.000153162;2.07137e-06;0.000510369;1.9427e-07;0.0001019;9.89113e-07;0.000551518;0.98299;0.000907208
6.71893e-07;9.43707e-06;0.999864;4.63956e-05;2.12823e-05;6.07963e-07;9.23961e-08;3.83776e-07;1.91452e-09;4.71769e-06;8.59212e-08;4.6348e-05;3.34476e-06;2.45557e-06
4.76276e-08;0.000172144;3.25847e-09;1.20832e-07;3.0137e-10;5.16456e-08;0.999428;1.04679e-08;5.33183e-07;0.000308383;8.38513e-05;1.53246e-11;6.78235e-06;2.5736e-07
5.39341e-12;2.34636e-11;1;2.39779e-10;2.44288e-11;2.04799e-10;8.72988e-10;6.32005e-15;6.56681e-12;1.01257e-10;1.26213e-11;1.92243e-08;9.5669e-14;1.15152e-11
1.1529e-05;0.99877;9.49819e-06;7.31333e-05;4.56463e-07;1.46157e-06;0.000125773;0.000583904;7.3779e-06;1.23479e-05;5.74645e-05;0.000237651;8.89352e-05;2.0553e-05
6.37161e-06;0.00223261;9.58921e-07;7.48362e-06;6.17336e-05;1.27514e-07;1.89775e-05;0.988661;6.97795e-06;1.10438e-05;0.000103423;0.00876357;0.000125753;2.46789e-07
8.45057e-08;1.35942e-06;0.999988;4.65647e-06;2.42482e-07;2.6153e-07;1.29076e-08;1.47773e-07;2.17295e-09;1.64913e-06;1.3204e-06;1.52831e-06;5.37423e-08;2.44996e-07
1.02894e-07;0.000225529;5.27514e-09;5.75192e-10;7.54739e-13;2.89635e-11;0.999431;1.94302e-10;2.92691e-08;0.000340087;3.57951e-06;1.16044e-14;3.05297e-08;2.27799e-07
4.69698e-13;2.81623e-14;1;1.87317e-12;2.42575e-12;1.05538e-12;7.03688e-10;2.04753e-16;7.93139e-12;1.62326e-11;8.00671e-12;4.83497e-11;4.50993e-15;6.82477e-15
