6.01005e-06;0.999439;5.11793e-06;1.49166e-06;1.2815e-06;1.39219e-08;5.09474e-08;0.000185209;2.01885e-08;1.55939e-07;3.62956e-08;2.35022e-06;0.000355434;3.64329e-06
3.55054e-05;0.976674;9.32063e-08;4.27879e-05;6.11372e-05;0.000154285;8.39583e-09;0.00112727;1.04662e-05;1.08166e-06;5.31853e-06;0.00935834;0.00769768;0.00483226
8.25366e-06;0.996379;1.82599e-09;5.75599e-08;1.45527e-07;2.70992e-07;2.63623e-07;0.00331697;3.57918e-07;6.04138e-06;1.52254e-07;0.000169097;0.000114203;5.04322e-06
0.000162651;0.0178882;3.88696e-07;0.00015132;0.000623224;0.00150918;9.28071e-06;0.00108487;0.00234398;2.27888e-05;0.000451993;0.971173;0.00378573;0.000792937
5.76113e-05;0.998296;5.53509e-08;6.37697e-07;7.14493e-08;8.0805e-08;8.93632e-06;8.61091e-07;4.23679e-05;1.4441e-07;4.15802e-07;6.44327e-05;0.00152754;8.90049e-07
0.00019982;0.0219853;0.0542562;0.000570993;0.00331985;0.000147316;7.16515e-07;0.000535787;8.63214e-06;1.50512e-05;3.03716e-07;0.36222;0.000151811;0.556589
9.11712e-06;0.97745;5.9351e-08;1.46447e-07;7.62379e-06;2.22268e-09;9.16762e-08;0.0221837;1.23554e-06;4.97598e-08;2.5841e-07;0.000342402;4.90294e-06;2.65828e-07
7.6179e-07;0.00626523;3.08682e-05;5.48292e-06;0.000511441;0.00188604;2.86218e-10;0.000194951;5.05287e-10;3.20632e-07;7.38037e-09;0.95051;0.000951592;0.0396434
2.52784e-05;0.946834;5.93504e-07;1.01162e-06;1.38073e-07;5.8902e-07;0.0508264;0.000884168;1.13414e-05;8.60169e-05;1.44704e-05;6.4741e-07;6.57938e-05;0.00125018
1.63546e-09;1.47353e-08;0.999999;6.4238e-10;5.19749e-09;8.44698e-10;1.4436e-07;6.15588e-12;8.67818e-09;6.69502e-10;7.78977e-10;1.08194e-06;8.87659e-10;4.88342e-12
0.000267311;0.00442601;5.79136e-06;1.676e-06;2.16415e-07;1.26854e-07;3.74659e-06;0.99079;0.00320315;1.69487e-07;0.000416564;5.23559e-05;0.000833074;2.17753e-08
5.65963e-07;0.988251;2.58204e-09;6.6787e-07;8.46712e-07;4.72467e-08;3.0418e-07;7.51022e-07;2.51743e-07;1.38744e-05;4.88949e-08;1.26425e-05;1.24571e-06;0.0117176
0.000106969;4.02387e-06;0.99801;6.27975e-06;9.84319e-05;6.29902e-05;0.000127572;0.000119359;9.455e-05;1.00123e-05;0.000978569;0.000355583;1.66036e-05;9.27406e-06
4.42736e-07;0.00165012;6.6e-12;3.00156e-09;4.57005e-10;3.69943e-08;9.8968e-07;2.38277e-06;3.75056e-07;2.19346e-09;2.75492e-06;5.88115e-10;0.998343;3.33672e-11
5.39443e-07;0.000569665;0.998844;3.83328e-08;3.18553e-08;2.51352e-09;7.63446e-08;1.40662e-08;7.86736e-10;3.66671e-07;1.86711e-09;0.000575619;9.46028e-06;2.18344e-07
1.08349e-05;0.984908;6.32529e-11;8.00474e-08;6.52219e-06;2.2012e-08;0.0133588;0.0010596;4.83582e-05;0.000223681;1.10456e-06;2.07772e-10;8.73804e-07;0.000381635
5.38303e-07;2.17283e-07;0.999994;2.55443e-08;2.30777e-06;1.19238e-07;3.33605e-07;1.09456e-07;9.13596e-07;3.20674e-08;5.68456e-07;7.53236e-07;5.93778e-08;8.79209e-09
4.48624e-06;0.999931;7.83377e-10;1.55366e-09;4.31332e-10;1.99696e-09;1.26826e-06;1.82198e-06;1.77425e-07;8.0794e-09;3.42559e-08;8.16304e-07;6.01243e-05;8.06514e-09
1.35172e-07;5.41049e-05;2.50501e-07;6.15358e-07;1.16608e-05;1.57037e-05;2.61749e-09;4.53088e-05;1.82021e-06;3.25611e-09;9.50165e-08;0.999813;5.42297e-06;5.20374e-05
3.27638e-06;0.895159;2.93013e-06;3.59892e-09;2.27688e-08;9.58451e-08;1.45169e-08;3.03315e-05;1.11077e-08;4.48565e-10;8.6503e-09;0.000158253;0.104646;1.09958e-09
7.39004e-07;0.0140423;0.000800052;4.74938e-06;0.0178221;0.011009;5.90266e-09;0.178524;1.07875e-06;2.69606e-07;1.66587e-07;0.754626;0.00243244;0.0207372
1.16368e-05;0.412775;0.000535132;0.0415858;0.030856;0.100664;9.49326e-06;0.219785;0.000732413;0.000341039;0.00345071;0.0277074;0.00157846;0.159968
7.0011e-05;0.566769;6.19309e-06;0.000204447;0.000218373;0.000456909;2.56114e-06;0.368902;0.000133717;2.56192e-06;0.000603717;0.041404;0.0211642;6.23763e-05
3.26627e-05;0.00284429;4.06049e-08;2.88172e-07;3.63166e-07;8.61176e-09;3.75029e-09;0.995417;1.1312e-05;7.21877e-09;7.1598e-06;0.000475016;0.00121223;3.0611e-08
3.66313e-06;0.951087;6.3182e-09;5.28063e-06;5.85279e-06;3.36632e-06;0.00936472;1.49074e-05;2.78635e-05;0.00483407;1.68535e-05;1.47189e-07;0.000510678;0.0341257
4.77366e-09;1.02868e-08;1;4.60419e-11;6.11951e-11;1.49573e-12;2.4061e-08;2.51455e-12;2.06988e-10;2.38743e-09;3.00317e-11;3.78585e-08;1.15057e-12;1.66479e-11
0.000172622;0.108028;1.71671e-07;2.71503e-06;0.000780608;1.86978e-06;0.00109523;0.883751;0.00372015;4.02074e-05;0.00119547;0.000665197;0.00054016;6.52553e-06
0.000252824;0.00216158;0.885141;0.00243234;0.0343192;0.00116428;9.51667e-05;0.000297858;0.000185852;0.00084562;0.00203249;0.00522347;0.0655138;0.000334256
0.000837971;0.993698;4.50344e-06;9.57811e-07;2.21363e-06;4.33823e-08;0.00451453;0.000131156;0.000136394;6.14493e-05;0.000145591;9.47201e-06;0.000363297;9.40205e-05
3.94711e-12;2.92444e-12;1;2.51235e-13;1.09674e-11;5.94929e-13;1.95981e-11;6.38944e-14;2.88971e-12;1.28291e-12;1.23019e-13;4.61109e-08;9.50197e-14;3.21467e-14
2.93088e-05;0.0179145;0.000374954;2.83817e-06;4.11872e-05;0.000137777;8.05491e-07;0.939457;0.00151561;6.25613e-07;3.44214e-05;0.0183829;0.0220926;1.60415e-05
6.22039e-06;0.939034;8.84127e-08;0.000219382;0.00265457;0.000584125;2.49259e-05;0.0450961;0.00140229;7.81365e-05;0.000188766;0.000362246;0.00979572;0.000553411
5.21909e-05;0.14703;0.000207018;0.000361019;0.00219345;0.000451085;1.04485e-06;0.000240147;0.000217964;1.2429e-05;0.000114161;0.841482;0.00718547;0.000452296
0.000216343;0.865497;6.40572e-08;2.80362e-06;6.26325e-06;4.05846e-05;2.11219e-07;0.129497;1.49515e-05;1.1781e-06;1.87435e-06;0.000329716;0.00420737;0.000184633
1.97628e-06;0.000350405;2.02761e-10;2.08968e-07;3.12586e-06;3.35336e-07;1.62842e-08;0.0190295;9.92879e-06;6.63466e-09;6.17494e-06;4.15802e-06;0.980594;3.34497e-07
0.000247278;0.00968884;6.46849e-05;4.35099e-05;3.76266e-05;2.77434e-06;8.77467e-07;0.000742235;0.000367719;5.89735e-06;9.75913e-05;0.921898;0.0620625;0.00474032
1.86035e-06;0.973376;3.32632e-07;3.44152e-07;3.8984e-06;6.70367e-06;3.04354e-08;0.00484417;1.03855e-07;1.1093e-07;7.4921e-08;0.000452157;0.0212479;6.60298e-05
1.33206e-06;0.0590154;2.29604e-07;0.00557491;0.116069;3.57973e-05;2.57317e-05;0.808707;2.8486e-05;0.000724238;3.87241e-05;0.00116151;6.21076e-06;0.00861139
3.02246e-07;2.7868e-05;0.999883;2.76297e-05;5.55045e-06;2.17598e-07;1.15533e-07;6.91371e-08;3.75988e-10;2.84669e-06;3.22341e-07;4.69669e-05;2.29743e-07;4.91287e-06
9.73117e-09;8.57397e-05;5.78663e-11;1.58113e-09;3.2986e-13;1.62852e-11;0.999905;5.04536e-11;3.69357e-08;8.97507e-06;4.91482e-07;2.87755e-13;1.65073e-08;6.85656e-09
6.18788e-11;2.99566e-13;1;5.98293e-10;1.44251e-09;8.9496e-10;9.78129e-10;1.09625e-13;1.71098e-10;2.25974e-10;3.31542e-11;2.5017e-07;2.19827e-13;4.34362e-11
9.51894e-07;0.00746105;7.45298e-10;1.75596e-08;7.17534e-05;1.68496e-08;4.36137e-08;0.992448;4.44484e-06;1.69195e-09;3.67485e-07;8.96294e-08;1.30476e-05;3.60782e-08
2.58655e-07;0.00285439;0.996948;1.27731e-06;5.31562e-06;2.48633e-06;3.34481e-06;5.08226e-07;2.17621e-08;4.10374e-05;5.17039e-08;6.74094e-09;8.91999e-05;5.40275e-05
4.31841e-10;4.38617e-10;1;2.98873e-10;6.74297e-09;3.08125e-10;9.27058e-09;2.09473e-09;3.10414e-10;2.0125e-10;5.32196e-09;3.52668e-07;2.04976e-10;3.24786e-09
1.18225e-06;0.0014165;0.00962579;4.39201e-06;2.52486e-06;2.56528e-05;2.93997e-07;0.000124107;6.06973e-05;1.01312e-07;0.00013414;0.988247;0.000300463;5.69186e-05
5.19492e-05;0.206374;1.20565e-07;3.12808e-06;0.00441018;0.00757556;2.58751e-06;0.75912;0.00243743;5.05861e-07;0.000113913;7.48801e-06;0.0196889;0.000213589
6.34353e-06;0.0184256;5.23397e-05;1.44452e-07;9.85789e-05;1.14011e-05;1.00944e-08;0.000142308;2.06998e-08;1.08728e-07;2.51633e-08;0.977112;0.00414177;9.20193e-06
2.85232e-08;0.000740274;6.45652e-09;1.53608e-08;0.000256558;3.04194e-08;5.10902e-10;0.998952;2.45521e-07;6.56424e-10;1.26763e-09;3.32041e-08;5.04776e-05;3.07884e-07
3.23589e-05;0.0561132;0.933647;5.56105e-05;0.00130052;0.000181917;1.29573e-08;0.000292611;2.25432e-08;3.16822e-06;3.92338e-08;0.00197874;0.00532423;0.00107087
1.08459e-06;0.0256909;4.23269e-07;2.06803e-08;1.79912e-05;5.72849e-08;2.8677e-09;0.326011;1.20926e-07;4.19997e-09;8.10451e-08;0.646343;0.00193529;2.88748e-07
6.79303e-07;0.957633;1.4234e-06;1.35037e-06;4.13051e-05;4.01844e-06;0.0146122;9.13406e-05;9.26657e-08;0.00399504;2.92583e-07;2.32563e-09;0.0050043;0.0186152
1.53301e-09;2.06687e-12;1;1.84816e-09;1.14093e-08;4.50041e-11;4.5902e-08;3.80639e-13;1.0281e-09;1.67507e-09;1.72139e-09;9.57464e-09;1.93394e-12;2.401e-11
0.00251565;0.46658;8.00031e-05;3.12904e-06;3.52533e-06;3.0721e-07;0.521422;0.00392408;0.00179695;0.000960698;0.00103207;8.27517e-07;0.00157465;0.000105499
2.36599e-11;8.12676e-13;1;3.24686e-12;9.93892e-11;2.82156e-12;8.39111e-12;1.35265e-13;4.08468e-11;2.27362e-13;9.30527e-13;7.34791e-09;1.10386e-14;6.95154e-12
4.71328e-05;0.0161779;1.00544e-09;6.13174e-07;0.000128004;4.37798e-06;8.48641e-06;0.949796;0.00610417;1.20709e-07;5.39159e-05;0.000283008;0.00695444;0.020442
3.37361e-07;0.998191;1.72232e-07;2.88116e-08;2.00575e-08;2.45161e-09;0.001106;4.87663e-06;2.27754e-07;0.000129348;5.13079e-08;1.33541e-06;1.65398e-05;0.000549972
2.0313e-10;3.21681e-09;0.99999;3.58849e-08;1.21988e-08;3.59976e-08;9.49895e-08;5.06058e-11;2.01611e-08;4.26692e-09;1.76388e-09;9.93628e-06;1.81004e-10;1.06818e-10
0.00177824;0.426851;3.23715e-05;7.89437e-05;0.000737907;0.000169265;0.000167934;0.377596;0.00113371;1.43797e-05;0.000981197;4.50444e-05;0.189654;0.000760869
0.00063675;0.23558;0.00122951;5.65921e-05;0.00323085;0.000318631;4.49814e-05;0.0123022;0.000164716;1.75166e-05;0.000135239;0.0179208;0.681512;0.0468506
4.32313e-06;0.374687;2.88765e-08;6.20774e-06;0.000354102;0.000287388;2.56252e-07;0.00396454;7.93099e-06;2.01453e-06;1.03363e-05;0.00544947;0.612371;0.00285543
1.53523e-06;0.0574537;2.25539e-07;2.44666e-06;2.75254e-06;1.91008e-07;0.835325;8.7067e-08;6.4768e-08;0.0941114;3.11308e-07;5.71493e-08;1.5779e-07;0.0131018
8.03207e-08;1.21789e-09;0.999974;4.86736e-07;1.77567e-07;3.62621e-08;1.8842e-05;2.96843e-10;2.97974e-06;7.66466e-08;6.29709e-07;2.24395e-06;1.24992e-09;6.91582e-10
1.05316e-05;0.999482;1.32007e-07;5.29051e-07;4.76625e-09;2.56897e-09;8.57246e-07;8.30522e-06;2.00712e-07;7.3383e-09;3.51807e-07;9.77735e-07;0.000496229;7.77348e-08
6.29899e-07;0.989837;1.85015e-09;6.93578e-08;4.02455e-09;7.20924e-09;0.000477066;6.39156e-07;1.42146e-08;1.54874e-05;2.93711e-09;4.72075e-10;1.19286e-06;0.00966784
4.32659e-11;3.55219e-11;1;5.80548e-10;2.14808e-10;1.8821e-09;2.73664e-09;9.61317e-14;1.38043e-10;5.59841e-10;3.85047e-11;3.12097e-08;4.87668e-15;1.6492e-07
2.76718e-07;0.986798;6.6527e-12;6.53688e-08;3.8547e-09;3.8981e-08;2.57936e-06;1.39157e-06;4.29434e-07;2.39283e-09;1.14816e-07;2.35655e-08;0.0131944;3.28036e-06
2.66288e-08;0.000618114;4.70763e-06;5.61214e-09;5.66528e-10;2.40292e-09;2.6538e-09;1.48239e-06;1.2581e-08;3.26851e-10;3.56282e-08;0.999295;6.57744e-05;1.48739e-05
6.26041e-10;0.985714;1.32436e-10;4.07808e-09;4.86761e-08;5.45724e-08;6.10041e-06;1.46916e-07;2.04316e-11;1.20392e-05;1.55906e-11;3.91925e-10;1.40818e-08;0.0142678
6.32796e-10;3.30999e-08;0.999994;6.27211e-09;2.15136e-09;7.89253e-08;9.58239e-10;2.59439e-08;1.49453e-09;3.57915e-10;3.19267e-09;5.29126e-06;1.81308e-07;8.96695e-10
