1.23814e-06;0.999944;5.73539e-06;4.2958e-07;2.31051e-07;8.84953e-10;5.17722e-08;3.34512e-05;5.51505e-09;4.13e-08;7.59377e-09;3.76407e-07;1.24447e-05;2.43199e-06
2.47426e-05;0.991767;9.98114e-09;2.27367e-05;9.29912e-06;2.00255e-05;1.07973e-08;0.00249871;3.09238e-05;4.0753e-07;6.76273e-06;0.005336;0.000179991;0.00010362
0.000397394;0.971019;6.01341e-07;3.21793e-05;1.40484e-05;1.85583e-05;2.98961e-06;0.00278508;0.000240596;6.06593e-05;7.03491e-05;0.0233104;0.00196933;7.91362e-05
0.000235162;0.00375007;1.01787e-07;5.4404e-06;0.000672491;6.02764e-05;2.16914e-07;0.0229323;1.64141e-05;1.18489e-06;5.64546e-06;0.970879;0.00141846;2.31077e-05
1.85297e-08;0.999806;1.56825e-11;2.60305e-10;3.30329e-09;2.73429e-10;2.17431e-07;3.47395e-08;7.77304e-10;2.27642e-08;4.44739e-12;1.35195e-12;3.18295e-08;0.000193746
1.0614e-12;2.89012e-11;1;2.47693e-12;2.20784e-11;9.85026e-12;3.81192e-11;1.95926e-14;8.79482e-14;1.76187e-11;1.91746e-14;1.7411e-08;1.07909e-15;2.5949e-09
2.61064e-06;0.991864;5.35545e-06;2.65952e-05;1.94725e-06;1.80242e-06;0.00160662;0.000109402;0.000595366;2.95878e-07;0.000158279;0.00176733;0.00384765;1.28379e-05
9.11208e-06;0.0661499;1.09352e-07;2.52767e-06;9.38885e-07;6.86774e-07;1.02186e-06;0.000199057;1.43291e-06;4.97745e-07;2.78582e-06;0.919815;0.0138067;1.02363e-05
1.92968e-06;0.347224;1.10756e-05;1.54746e-05;2.62362e-05;4.85605e-05;5.16488e-08;0.00607606;1.31915e-06;4.09778e-08;4.44686e-06;0.171625;0.474959;6.25725e-06
1.31861e-06;0.364439;2.78924e-05;8.19995e-05;0.000659008;0.000671888;2.73515e-07;0.00209862;3.4074e-07;1.56771e-06;4.21288e-06;0.0695108;0.543474;0.0190293
6.56962e-05;0.103982;5.76811e-06;9.20267e-06;8.76983e-07;0.00183581;1.8828e-05;0.000671432;2.34043e-06;9.41044e-07;3.69716e-05;0.091725;0.801625;2.04569e-05
6.96644e-07;0.999383;3.68139e-07;1.99182e-07;8.73355e-07;4.70179e-06;9.67351e-06;2.02749e-05;9.62913e-07;6.71796e-06;2.91441e-07;2.52728e-08;0.000375328;0.000197082
1.87814e-11;9.19862e-11;1;3.87416e-12;3.1189e-10;2.92985e-11;2.19879e-11;1.2619e-13;4.11993e-12;1.48013e-11;1.18293e-12;9.70688e-10;1.52367e-13;9.41907e-12
0.000193496;3.75698e-05;4.83077e-07;1.1214e-06;5.92915e-06;2.211e-06;8.50415e-07;0.98913;0.00646669;2.05496e-07;0.000134346;4.22912e-06;0.00402271;6.95259e-08
1.84284e-05;0.0463791;2.73383e-06;3.35199e-06;3.40708e-05;1.95334e-06;4.31134e-07;0.00032589;3.4084e-05;1.52988e-06;1.12673e-05;0.947057;0.000387643;0.00574242
3.84765e-07;0.992489;6.10018e-11;2.72067e-08;4.29557e-10;2.09728e-11;0.00740626;1.03517e-07;1.55424e-06;1.82292e-05;9.48941e-07;3.95419e-09;1.50167e-08;8.37753e-05
4.12067e-11;7.18239e-12;1;3.78229e-12;2.00608e-10;8.0361e-13;3.01977e-10;6.0927e-13;1.20782e-12;3.39608e-11;2.91744e-13;6.63563e-08;5.80944e-14;1.50113e-11
2.28406e-08;0.000130145;1.97546e-12;9.33717e-11;1.13849e-07;1.16207e-11;4.03317e-10;0.999592;3.56681e-08;1.92016e-11;2.15505e-09;4.20938e-08;0.000277258;3.2813e-11
1.23673e-07;6.57268e-05;0.999903;3.555e-06;2.41913e-06;4.09901e-07;3.57879e-09;3.60535e-07;3.64195e-08;5.70607e-07;6.08841e-08;1.58551e-06;2.64937e-06;1.96589e-05
6.14071e-05;0.846307;4.04811e-06;6.17692e-06;5.93909e-06;1.47126e-06;1.86804e-06;0.00233008;1.33107e-05;4.5353e-07;2.83634e-05;0.00589714;0.145338;3.85514e-06
4.29895e-08;0.00662836;1.47897e-09;6.57334e-08;0.000631696;0.000722406;4.09187e-08;0.985476;3.29669e-07;1.25063e-06;5.21777e-09;6.47513e-09;0.00650424;3.60303e-05
1.02244e-10;1.80113e-11;1;1.6969e-09;1.25314e-08;1.98812e-10;2.24203e-10;6.79882e-12;4.85626e-12;1.58635e-09;5.83001e-12;2.39577e-09;1.09105e-12;6.86771e-09
0.00218832;0.102012;0.0565162;0.00291555;0.00238352;0.00131668;0.000233703;0.0254175;0.018611;8.2734e-05;0.0137818;0.736551;0.0359019;0.00208839
0.00071959;0.0794836;2.22739e-06;0.000171426;0.00141825;0.00340582;0.0017544;0.00386455;0.0372868;2.65127e-05;0.183985;0.00153689;0.686127;0.0002183
0.00022775;0.895081;0.000830461;2.23933e-05;0.0250198;0.000125253;1.64062e-07;0.00558804;6.31037e-07;2.64211e-06;3.81489e-06;0.0306267;0.042199;0.000271739
9.02164e-06;0.990559;7.13633e-10;2.32948e-06;5.29799e-07;1.00216e-08;0.00840266;0.000427177;6.38853e-06;0.00043712;1.09128e-05;2.78847e-07;3.82983e-06;0.000140768
1.07373e-06;1.37938e-07;0.99986;1.32609e-06;2.21098e-06;3.54352e-07;2.51582e-06;6.00753e-08;1.91352e-06;3.25704e-07;2.71328e-06;0.000125682;1.34112e-06;2.12055e-08
1.84167e-06;0.99984;6.68935e-11;1.5332e-09;6.34142e-10;2.60529e-10;1.63154e-05;8.08575e-05;6.4737e-08;1.12855e-07;2.63732e-09;1.19025e-11;6.05498e-05;2.17096e-08
1.38703e-09;1.27653e-11;0.999993;3.55239e-09;3.04076e-06;7.65337e-09;1.78163e-10;1.31554e-09;3.1741e-11;4.52481e-09;2.94782e-12;1.95791e-06;7.33206e-12;2.20119e-06
3.56885e-07;0.0200868;2.394e-09;4.53077e-07;1.52394e-06;1.4225e-05;1.15142e-06;6.27789e-05;1.02612e-05;2.35477e-08;1.93882e-07;5.338e-08;0.979822;1.09934e-07
1.25457e-07;8.13708e-05;0.999827;8.38028e-08;4.20047e-08;1.98133e-09;5.1702e-06;2.73227e-08;5.02726e-09;2.25786e-06;2.77202e-09;8.32622e-05;2.09849e-07;8.76747e-07
7.73205e-10;8.56315e-12;1;1.40691e-09;6.15661e-09;7.04116e-09;5.21913e-08;3.24116e-10;6.0265e-08;2.81941e-10;1.00986e-08;1.17125e-08;2.61139e-10;2.50906e-10
2.27621e-05;0.845717;1.74692e-07;3.20454e-06;9.41443e-07;2.42144e-05;4.04198e-06;0.0792121;8.50646e-05;6.35187e-08;0.000186776;6.59867e-05;0.0746624;1.52536e-05
3.60862e-05;0.967647;1.07638e-08;1.83641e-05;2.49526e-07;8.46797e-06;0.00508956;0.000429115;2.6008e-05;0.00298727;2.224e-05;0.000248806;0.0232119;0.000274824
6.17075e-11;2.15362e-13;1;4.11528e-11;1.06835e-11;2.99326e-12;1.70726e-10;4.57812e-13;3.05243e-11;8.93635e-11;1.54229e-10;1.00013e-08;2.89896e-14;8.35617e-12
4.26591e-06;0.0272258;1.33241e-07;8.84853e-08;4.95574e-09;1.45049e-09;0.972302;1.95029e-06;1.69827e-05;0.000316503;0.000111481;1.90295e-10;2.50065e-06;1.83855e-05
2.31978e-14;2.40284e-14;1;4.96372e-13;2.47178e-12;5.92933e-14;4.71849e-12;3.858e-17;3.7388e-13;7.75877e-13;2.44317e-13;1.66097e-10;6.75402e-16;6.38242e-14
3.66184e-07;0.99198;4.95104e-07;1.81578e-07;5.01459e-07;1.06757e-06;6.35421e-05;0.00448027;1.8074e-05;1.24115e-05;1.13884e-06;9.34082e-09;0.00343888;3.31034e-06
1.9079e-11;3.62948e-11;1;1.28269e-08;3.40905e-08;3.28889e-08;4.63306e-10;1.24438e-11;5.39917e-11;5.43863e-09;8.58985e-11;6.26678e-08;2.71832e-12;1.12667e-07
2.51719e-05;0.931871;0.00190613;5.99944e-05;2.22732e-05;0.000252056;0.000135048;0.00836563;8.72716e-05;8.43939e-07;3.10233e-05;0.000111523;0.0571284;3.69909e-06
5.35133e-06;0.97133;3.71324e-07;7.79465e-06;1.75195e-06;8.17334e-06;3.43459e-06;0.00696618;7.98361e-05;8.02555e-07;0.000518192;6.0605e-05;0.0207901;0.00022717
9.70065e-06;0.982929;1.34503e-10;3.56648e-06;1.89975e-06;1.48999e-05;0.00708595;0.000253793;2.04142e-06;0.00138673;6.45483e-06;2.43246e-06;0.00388551;0.004418
1.0012e-11;3.27538e-13;1;2.60208e-11;5.74968e-12;7.76249e-12;7.2771e-11;4.36985e-14;4.40105e-12;1.54213e-11;5.04784e-11;7.79664e-10;1.85948e-14;1.72716e-12
5.45202e-05;0.0013325;1.48563e-05;3.93967e-05;1.38052e-06;9.44506e-06;0.000344614;0.00217951;0.0715172;4.76034e-06;0.915068;0.00729256;0.00213559;6.14469e-06
5.75204e-06;0.986335;7.65245e-06;3.47006e-06;1.94717e-05;1.92179e-05;4.00373e-07;0.000627912;2.35119e-05;2.174e-06;0.000285193;0.00799033;0.0044436;0.000236241
1.42663e-06;0.970706;2.40823e-07;5.02848e-07;2.63991e-05;1.7396e-05;5.24452e-05;0.00155451;2.19026e-07;0.000182135;8.65697e-07;4.11024e-09;0.0256321;0.00182593
6.12563e-10;1.33453e-09;0.999999;5.83589e-09;3.04059e-07;2.08673e-09;4.2238e-08;1.12164e-10;8.71297e-10;1.15743e-08;1.19398e-08;2.1133e-07;2.65648e-11;6.62939e-08
8.76687e-06;0.98313;9.87847e-06;1.35192e-05;2.16993e-05;4.5704e-05;6.73832e-06;0.001627;0.000131791;2.80909e-06;0.000138815;0.00861269;0.00613369;0.000116506
6.8836e-06;0.927708;7.4118e-06;2.67517e-06;0.0004831;0.000101002;4.96968e-06;0.0670189;0.00018452;2.16439e-05;0.000132382;0.00174638;0.00202045;0.000561658
0.000167955;0.0650609;5.35113e-06;0.000705904;0.00176155;0.00261866;3.36488e-05;0.00596865;0.0208525;2.42441e-05;0.00316683;0.429261;0.464161;0.0062121
3.45428e-05;0.990704;1.84775e-08;5.3599e-08;2.47969e-09;8.35133e-09;2.13784e-06;3.16904e-06;4.63663e-06;5.64421e-09;7.00977e-07;3.96123e-06;0.00924719;4.4111e-09
2.54834e-05;0.0160251;8.76168e-08;5.41044e-06;0.00918587;0.000319031;5.75577e-09;0.0495347;7.73225e-05;4.26339e-08;4.56416e-07;0.880783;0.000391748;0.0436513
1.78913e-08;0.999911;3.71211e-11;1.50667e-10;8.59329e-09;5.27824e-10;2.53281e-09;4.1991e-07;1.49312e-10;1.76888e-08;1.80188e-11;1.24513e-10;2.10461e-07;8.82876e-05
1.30947e-12;4.7507e-13;1;1.21377e-11;1.20151e-10;3.87949e-10;3.08526e-11;1.89943e-14;1.71323e-13;3.88448e-11;1.01524e-12;2.27209e-07;9.78765e-14;8.00406e-11
1.35461e-05;0.928706;1.13677e-05;0.000368026;1.57874e-05;0.000183852;0.0161818;0.000370365;0.00094842;2.49759e-06;0.00917018;1.87896e-05;0.0439876;2.1321e-05
7.71678e-06;0.904516;5.99029e-08;7.37723e-06;5.7488e-05;6.04048e-05;1.04058e-06;0.0535722;2.11243e-05;1.86429e-06;6.3892e-05;0.000656043;0.0410184;1.66741e-05
2.84607e-05;0.324417;5.02551e-07;5.07563e-06;7.2265e-06;1.66719e-05;1.32661e-06;0.0713866;3.41146e-05;1.89369e-06;9.98354e-05;0.575847;0.0281537;2.15462e-07
0.000314496;0.530495;1.4294e-05;0.00133672;0.00173892;5.34782e-05;0.00424273;0.00158648;0.0141137;0.000152447;0.00517781;0.0131401;0.425842;0.00179207
0.00116663;0.0129107;3.10674e-09;0.000111806;7.76512e-06;9.13844e-06;0.000165552;0.301825;0.411774;2.72518e-06;0.0650293;0.0021242;0.204873;5.50969e-07
0.00105755;0.915814;4.72177e-05;4.50223e-06;1.29922e-07;7.95861e-08;1.54119e-05;0.00258963;3.98693e-05;5.17057e-06;8.36838e-05;0.0137393;0.0666033;1.88686e-07
6.49277e-06;0.000172086;1.88425e-07;9.69522e-05;0.970823;8.84947e-06;5.40691e-07;0.0245478;0.00102806;3.6506e-06;1.09775e-05;0.0032771;1.97504e-05;4.65727e-06
0.00256512;0.016856;0.975045;0.0011871;0.000221818;0.000177913;0.000157878;1.64625e-05;0.000237394;0.00173132;5.59415e-05;8.80453e-06;0.000534258;0.00120448
0.000225455;0.000348227;2.93723e-06;3.95349e-06;0.000234994;5.39621e-06;0.000119629;0.00125543;0.994867;6.59451e-07;0.00148989;0.000164647;0.000884515;0.000397647
