1.56507e-06;0.998942;5.24195e-05;7.42506e-07;1.19007e-05;2.68258e-08;1.55595e-08;0.000942653;2.15488e-08;1.03192e-07;1.68271e-08;4.23041e-06;4.11753e-05;3.15669e-06
4.03174e-10;1.22241e-07;1;4.94766e-11;3.10681e-10;3.42276e-11;6.20838e-09;2.65926e-12;4.51471e-12;2.32033e-10;3.95504e-12;5.75606e-09;1.94683e-11;6.09515e-11
4.94671e-08;1.53622e-05;2.33575e-06;3.79778e-08;1.16795e-07;6.65253e-08;3.45471e-08;6.18575e-05;1.19792e-06;9.49038e-09;1.0428e-06;0.999856;5.94596e-05;2.4624e-06
5.12184e-07;0.446201;7.04942e-08;5.28748e-07;1.64532e-05;2.80999e-05;9.34648e-08;0.0333906;2.89907e-07;2.62327e-08;1.67017e-06;0.000110748;0.52024;1.03563e-05
5.00311e-07;0.915001;5.82203e-06;2.66178e-05;0.000170297;1.59221e-05;1.14122e-07;0.046695;2.8732e-06;6.48892e-07;1.3006e-05;0.0370826;0.000345506;0.000640552
3.23684e-06;0.582834;4.43844e-07;2.75755e-05;0.0106201;0.0108744;1.82572e-05;0.309983;6.11663e-06;0.000144167;1.73742e-06;2.02613e-07;0.0182835;0.0672036
3.78892e-10;9.02738e-10;1;6.15185e-10;1.5445e-10;2.32681e-10;6.05172e-11;3.05849e-10;5.59687e-11;7.84568e-11;5.45656e-11;1.29166e-08;1.60359e-11;3.61413e-10
0.000277972;0.182167;0.00118567;0.00043119;8.35698e-05;0.00190172;1.24883e-05;0.00506987;0.0093139;3.21176e-05;0.0125225;0.752494;0.0225196;0.0119879
8.5528e-06;0.649443;4.12243e-05;4.52856e-07;5.00672e-06;5.55707e-05;2.57441e-09;4.67146e-05;4.38155e-09;1.43502e-07;1.2764e-07;0.00515685;0.344729;0.00051379
3.27425e-07;0.000461502;2.68647e-07;5.47234e-09;1.7083e-06;6.07431e-08;6.3259e-10;0.000139154;1.19083e-08;5.4656e-09;3.16085e-08;0.999383;1.34736e-05;3.36139e-07
5.01374e-06;0.0369074;2.42474e-08;1.83374e-06;0.000972544;0.00149124;3.05497e-05;0.901401;0.000138649;7.36109e-06;6.18106e-06;9.97697e-09;0.0589161;0.000122151
1.24809e-09;2.69028e-08;1;3.78594e-10;1.83564e-09;2.73378e-10;2.05354e-10;1.33332e-10;7.38529e-12;1.77195e-10;3.28138e-12;2.03656e-08;2.67446e-09;1.982e-10
2.23706e-08;4.10014e-07;1.3182e-05;4.59155e-08;2.60297e-06;1.23331e-07;2.16922e-11;7.17427e-05;5.35023e-08;8.71098e-10;9.1586e-09;0.999908;1.6582e-06;2.24575e-06
1.58484e-07;0.998203;1.51718e-07;6.4537e-08;7.17399e-06;1.29718e-06;1.29256e-07;0.000156523;2.72694e-08;3.36254e-07;1.91966e-07;5.6405e-07;0.00161224;1.79886e-05
1.6955e-06;0.000397655;8.88786e-08;0.000543137;0.332335;0.0441159;1.23588e-06;0.000883114;5.41782e-05;0.000133647;1.1522e-05;0.000146263;5.80565e-06;0.621371
0.000549882;0.994842;2.69531e-05;5.41589e-05;4.32899e-06;1.35233e-05;1.07127e-05;0.00232863;1.72658e-05;1.10186e-05;3.88423e-06;6.17457e-05;0.00040843;0.00166751
2.30518e-06;0.000679474;2.33582e-08;1.81257e-09;4.67753e-09;2.65016e-10;1.79357e-09;0.999318;1.28838e-08;1.76962e-08;1.24073e-10;2.00609e-08;1.05476e-07;4.54986e-08
3.20616e-08;0.998143;1.47857e-10;7.39763e-08;1.05232e-07;9.63212e-10;0.00026457;2.56123e-07;5.42238e-08;1.1286e-05;6.32472e-10;4.98532e-07;4.82363e-09;0.00157953
5.45321e-10;5.04833e-10;1;3.18942e-10;5.83578e-10;1.71816e-11;5.54303e-08;2.70478e-10;1.10904e-10;1.18044e-10;2.41469e-11;2.62195e-07;9.08669e-11;6.27773e-12
4.32735e-07;0.0135792;2.89318e-10;1.30361e-07;2.01293e-05;8.46343e-09;4.19473e-08;0.559971;2.17008e-07;2.87408e-09;5.25903e-07;4.12229e-06;0.426424;5.0105e-08
4.67818e-06;0.887659;0.101974;0.000368121;0.000883004;0.000109864;1.31146e-07;0.000374479;3.20418e-07;6.94131e-06;1.09181e-06;0.00206556;0.000928652;0.00562385
9.46303e-08;0.999863;2.92997e-08;1.5004e-07;2.57455e-08;3.20575e-08;1.79696e-06;2.10092e-05;1.64985e-08;3.29728e-07;3.232e-07;1.97434e-05;3.41331e-05;5.93325e-05
1.58443e-11;6.99564e-09;0.998731;6.7744e-10;1.95087e-09;4.07316e-07;4.36934e-11;5.3065e-11;8.21468e-13;6.85138e-11;3.97444e-11;0.00126826;4.41299e-10;1.21399e-09
1.11236e-08;0.000409475;1.60397e-07;1.16122e-08;2.37707e-06;8.11868e-06;2.29084e-11;0.999173;5.9738e-09;4.17825e-11;2.87478e-07;3.61474e-05;0.000367022;3.10263e-06
2.42503e-09;0.292497;1.29704e-10;2.53061e-08;1.57788e-08;1.28258e-06;7.75332e-08;6.07059e-08;1.37507e-09;4.99998e-07;3.31593e-07;2.07419e-07;1.69505e-05;0.707484
2.8274e-06;0.0137583;1.38128e-07;1.73617e-06;1.88957e-07;2.55444e-05;0.0762732;9.98347e-05;0.00138405;3.81729e-07;0.72278;1.12276e-06;0.185673;2.1681e-08
4.44842e-06;0.994458;4.56678e-08;9.84813e-09;6.71963e-10;6.37808e-08;3.10803e-08;0.000300744;1.18581e-08;4.40226e-09;1.30538e-07;0.000218005;0.00501815;1.53243e-09
2.88323e-06;0.0113192;1.70839e-07;8.09336e-07;1.39456e-05;3.259e-05;1.35183e-07;0.00737924;4.41644e-07;6.32117e-07;5.06019e-06;0.972878;0.00835962;7.1258e-06
1.79554e-07;0.998234;2.03464e-08;1.42484e-08;1.68246e-08;4.6728e-08;0.000758165;1.41957e-06;1.7594e-08;3.46259e-05;3.12478e-08;3.38942e-11;5.41702e-06;0.000966213
3.69679e-12;1.68801e-11;1;5.15573e-12;1.26351e-10;1.06093e-12;8.80609e-11;6.21873e-14;3.04478e-13;3.87709e-11;2.24559e-13;4.92758e-08;1.25286e-13;1.44729e-12
8.59466e-06;0.517014;2.44685e-07;3.67968e-05;2.91486e-06;0.000303134;0.00055578;0.0457296;0.00210539;1.34536e-05;0.00111275;3.11685e-08;0.43311;7.0848e-06
3.8004e-09;3.26645e-09;0.999998;2.44436e-09;1.55447e-09;4.29126e-11;1.27078e-08;8.70553e-10;2.96163e-09;3.56618e-10;3.17724e-09;2.30062e-06;6.55421e-10;4.81747e-10
3.70533e-08;5.18844e-05;7.38105e-06;2.29555e-07;4.45088e-06;5.72516e-08;1.4642e-09;1.29133e-05;3.53773e-07;1.38629e-08;1.46464e-08;4.67065e-06;4.80137e-08;0.999918
2.1773e-06;0.000610289;2.21435e-10;1.32461e-07;0.00108827;1.1002e-05;1.93629e-07;0.998215;4.18191e-05;9.85908e-09;6.01466e-07;2.88218e-07;2.7599e-05;2.9217e-06
2.62282e-07;3.01777e-06;0.986978;7.75198e-07;0.000216448;7.11945e-06;2.09068e-09;4.34207e-08;4.55419e-10;5.17108e-08;8.44802e-09;0.0127755;3.65554e-07;1.78711e-05
6.02875e-07;0.999394;2.34445e-10;1.52759e-08;2.4355e-09;1.18254e-07;8.30817e-08;1.63701e-05;3.10909e-07;1.36779e-10;3.42273e-07;9.50997e-06;0.000578521;1.52295e-07
7.78343e-07;0.998482;8.48309e-10;1.70564e-06;7.86436e-05;3.38011e-06;9.90088e-07;7.0607e-05;9.83751e-08;1.33665e-06;3.57148e-07;1.75278e-05;0.000980171;0.000362235
1.74172e-05;0.961452;9.8985e-07;1.0734e-05;0.000347148;1.55702e-06;4.67507e-07;0.0183081;5.3313e-08;2.40434e-05;3.08736e-07;0.00043385;0.0170235;0.00238016
2.74842e-06;0.0166807;2.45526e-08;1.19163e-05;6.57292e-06;0.000171304;0.000279827;2.06832e-05;1.70222e-05;2.93301e-05;5.36342e-05;1.75707e-05;0.982516;0.000192211
9.09229e-07;3.00506e-05;0.999374;5.08945e-07;2.2512e-07;5.78404e-08;3.16583e-06;5.07614e-08;9.7606e-10;1.51847e-05;1.47153e-09;0.00053154;1.14519e-08;4.46371e-05
1.14676e-06;4.02976e-08;0.999904;1.02154e-07;2.84872e-05;1.41816e-08;5.69319e-05;2.89413e-06;2.40258e-06;4.20537e-07;1.09077e-06;2.03416e-06;5.15221e-09;5.11315e-08
2.20243e-06;0.952309;3.46322e-06;2.58558e-06;4.47314e-07;2.21649e-07;0.0397698;2.13044e-08;5.95862e-07;0.00768642;5.24382e-06;6.74677e-08;5.83243e-05;0.000162035
1.60091e-10;2.34137e-11;0.999998;1.08371e-09;5.95175e-08;5.35848e-10;1.85145e-08;1.13783e-12;6.18509e-10;9.61683e-10;2.44075e-09;1.63545e-06;1.32385e-12;2.49991e-09
9.90757e-09;0.999598;1.10386e-09;1.13768e-09;1.79412e-08;5.84904e-12;9.30836e-10;0.000401051;1.81977e-10;1.82467e-11;5.411e-10;3.39145e-09;7.7563e-07;1.46947e-08
3.12983e-06;0.00372791;0.00611717;0.00017373;0.00264624;0.000138532;2.87723e-07;1.3273e-07;2.519e-08;3.81193e-06;4.56284e-07;0.982814;0.00160522;0.00276911
5.99242e-05;0.986826;7.61204e-07;1.14009e-06;2.61942e-06;1.36615e-06;1.28199e-05;0.000182893;4.00544e-07;1.43209e-07;1.63752e-05;0.00909473;0.00379922;1.9477e-06
8.4292e-06;0.991569;1.83038e-06;2.29613e-06;2.22427e-05;3.52525e-06;0.00421333;0.00316574;4.91136e-06;7.50497e-05;1.49298e-07;1.32651e-07;0.000390395;0.000543113
4.75118e-10;2.01176e-10;1;8.82859e-11;2.93932e-10;4.92451e-11;7.22308e-09;1.61241e-13;2.34847e-10;5.70033e-11;1.95618e-11;1.77337e-08;4.04556e-12;1.48064e-11
8.79153e-06;0.999543;3.78469e-07;3.39881e-08;6.01634e-08;6.86791e-09;8.35663e-06;0.000108938;1.25879e-05;1.59957e-07;9.3781e-07;8.24264e-06;0.000308564;7.2524e-08
7.57062e-05;0.0865515;3.18194e-06;9.66682e-05;0.00355115;0.00397639;7.29277e-05;0.0248743;2.04906e-05;0.000364417;1.13202e-05;0.849064;0.0153966;0.0159419
0.000122298;0.00704398;2.73425e-07;5.45682e-05;5.814e-05;0.000655137;0.000167157;0.00104324;7.40762e-05;4.41402e-06;0.000407302;0.0213138;0.966363;0.00269277
6.05233e-07;0.980134;2.60404e-09;2.66799e-06;1.32737e-07;1.05466e-06;0.00960982;1.10215e-05;4.96059e-07;0.000870586;2.36886e-08;2.27126e-08;1.96413e-06;0.00936811
8.99145e-10;7.29975e-10;0.99999;1.07709e-08;1.50216e-09;1.31342e-09;4.0173e-08;7.98935e-12;1.33532e-09;4.45336e-09;9.17971e-10;1.00998e-05;2.22233e-11;3.87174e-10
7.0995e-06;0.0185307;2.41123e-08;9.49635e-07;1.2459e-05;2.18071e-08;3.38683e-05;0.981304;7.09557e-05;4.11689e-07;2.98103e-05;2.29815e-07;2.57614e-06;7.14319e-06
1.80692e-06;0.00163788;0.99691;4.82992e-05;5.48258e-06;4.41665e-06;6.43342e-06;5.6082e-08;1.00148e-07;1.15583e-05;8.51955e-06;0.000865372;0.000418607;8.15031e-05
0.000323162;0.592294;1.64827e-06;6.27751e-07;5.19503e-06;2.64616e-06;0.000394949;0.0866514;4.22681e-05;2.26296e-07;0.000941024;0.0806131;0.238727;2.39459e-06
5.70248e-07;0.00099874;2.15722e-06;2.78543e-08;7.26658e-05;1.04824e-06;7.77322e-10;0.00103235;1.01631e-07;3.72078e-09;1.42957e-07;0.986153;0.0117201;1.88053e-05
3.59903e-06;0.998975;3.4127e-12;4.60232e-09;5.16037e-07;5.69845e-09;1.39877e-06;9.76183e-05;1.90561e-05;1.90175e-07;7.38861e-08;4.19588e-07;0.000199259;0.000703011
5.61431e-05;0.00317897;1.46157e-06;3.06942e-07;1.06225e-07;4.36062e-08;0.00742084;0.00149197;0.985509;2.40271e-07;0.00226155;1.62326e-07;7.92191e-05;9.69856e-10
0.00021069;0.0812981;1.22866e-08;2.90915e-08;4.48655e-06;4.12677e-07;2.94906e-08;0.915679;7.60435e-06;1.89004e-07;7.35567e-08;4.84147e-07;0.00275846;4.05184e-05
1.61793e-08;0.000150194;2.65302e-07;4.35248e-08;8.66667e-06;3.14287e-06;1.51044e-10;1.3907e-05;2.61309e-08;2.48813e-09;1.29074e-08;0.999655;7.3572e-06;0.000160903
1.56414e-06;0.966551;1.39881e-08;3.23344e-08;1.40328e-06;2.10641e-08;1.88428e-08;1.23529e-05;6.66072e-08;3.55674e-08;5.22536e-08;1.16873e-05;0.033421;5.31819e-07
6.80458e-06;0.980693;1.48584e-11;6.84495e-08;9.27706e-07;2.89187e-08;0.0188337;1.34838e-05;1.57477e-05;5.75201e-05;2.80601e-07;8.66218e-09;3.85785e-06;0.0003743
3.59945e-10;4.26098e-11;1;4.44882e-09;8.42218e-09;1.98729e-10;2.68416e-09;5.1211e-12;7.96588e-10;5.76127e-10;1.08519e-09;3.53943e-09;9.98057e-13;2.31174e-10
0.000365817;0.812546;3.43652e-06;0.000293537;0.000182941;4.001e-05;0.000162205;0.0842833;0.010623;1.1609e-05;0.0616294;0.00531101;0.0244281;0.000120108
2.49927e-05;0.0523407;2.72893e-06;2.02571e-06;2.12313e-06;2.13661e-07;1.44791e-08;0.000916716;1.5708e-05;8.66828e-07;2.32026e-05;0.946573;9.78526e-05;3.791e-07
0.00031979;0.0116547;3.76105e-11;7.60713e-08;4.71664e-06;3.66794e-06;2.75265e-07;0.569857;6.48599e-06;7.38055e-08;7.66952e-06;3.78801e-06;0.418139;2.53753e-06
6.94442e-06;0.126911;3.79572e-08;5.09432e-06;0.000201923;2.32351e-05;0.000665848;2.82901e-05;6.84616e-07;0.000471812;2.42071e-07;1.29268e-08;1.13535e-06;0.871684
4.27167e-10;1.95351e-11;1;3.11597e-10;1.64807e-11;2.58972e-12;1.75423e-08;5.07051e-13;1.17056e-09;2.63764e-11;1.69204e-09;1.18315e-09;1.99732e-13;1.32769e-14
4.52035e-05;0.983802;9.72787e-10;7.76082e-07;1.75312e-06;5.61856e-07;0.00812567;0.000192188;6.92783e-05;3.94238e-05;9.76992e-05;4.21417e-09;0.00268501;0.00494053
1.34618e-10;5.39561e-10;0.999999;1.88616e-07;1.19521e-08;2.4235e-08;9.82328e-10;2.25374e-13;8.46304e-10;3.03951e-09;1.09867e-09;7.21796e-07;3.10191e-12;6.60306e-09
0.000349363;0.626085;0.000292916;8.96093e-05;8.16302e-05;2.63229e-06;2.82951e-05;0.372832;1.85362e-05;5.69775e-06;1.00905e-05;9.06387e-05;2.34802e-05;9.02654e-05
6.49607e-06;0.000433602;2.64346e-06;7.14067e-08;0.000120453;6.03002e-08;6.39287e-07;0.999286;4.66852e-06;9.52668e-07;2.44887e-06;4.67526e-07;0.000141435;2.87889e-07
2.27941e-08;3.51761e-06;0.999899;1.40931e-06;6.04575e-05;4.43357e-06;3.27276e-09;2.62501e-09;3.68839e-09;8.4418e-07;4.02714e-08;2.86576e-05;2.13425e-06;1.54148e-07
3.89775e-05;0.967725;5.23377e-05;3.50749e-05;5.62712e-05;0.000355323;1.93951e-05;0.0179055;0.00120979;4.04974e-06;0.00124412;0.00394202;0.00455736;0.0028549
