2.11743e-05;0.358156;3.04292e-07;7.666e-05;0.00809187;5.39006e-05;2.7368e-06;0.442329;0.000474946;2.29637e-06;0.000460182;0.00078607;0.189409;0.000135489
0.000154185;0.51118;0.000489848;0.00167316;0.0588567;0.00420595;0.00328532;0.008018;3.01691e-05;0.0376852;5.38658e-05;0.000399554;0.324879;0.0490892
7.87763e-09;6.31363e-11;0.999999;1.01838e-08;3.58684e-11;5.72672e-11;1.57078e-07;1.31693e-11;7.09721e-09;1.66804e-09;5.28276e-08;3.76375e-07;6.31783e-11;3.30406e-13
0.0315472;0.37713;0.157385;0.00171887;5.49463e-05;0.000208843;0.00309871;0.0418235;0.0454916;6.28039e-05;0.181038;0.00740355;0.152712;0.000324311
8.4804e-09;0.000148103;1.0546e-07;1.00236e-09;2.89693e-07;8.58338e-08;5.44959e-09;2.00682e-07;2.53957e-11;4.28734e-07;1.00241e-11;6.0385e-12;2.96446e-08;0.999851
1.425e-12;1.987e-14;0.999999;5.10535e-13;8.71614e-10;5.54913e-11;5.37323e-15;1.02428e-11;4.42032e-14;3.31072e-13;2.76386e-14;7.89211e-07;1.2409e-14;2.79116e-10
3.10756e-05;0.0622972;1.7262e-07;1.14104e-05;8.72741e-05;8.79932e-05;1.09265e-06;0.449035;0.000585444;3.26985e-08;0.000345848;0.0023379;0.485156;2.33583e-05
2.48695e-05;0.316152;1.81299e-07;4.24886e-05;0.000136102;5.24123e-05;9.31118e-09;0.246064;4.40093e-06;6.28051e-07;5.53825e-06;0.357973;0.0523815;0.0271626
6.16458e-05;0.432569;8.60207e-09;1.64201e-05;0.0421048;1.17977e-06;7.66602e-07;0.511608;1.74798e-05;4.03535e-07;9.69512e-06;2.54872e-05;0.0134992;8.58551e-05
7.68639e-06;0.953007;0.00246009;1.99476e-05;0.000572612;0.000384506;4.57056e-07;0.00237054;7.27239e-08;1.40467e-06;1.66281e-07;0.0377447;0.0012952;0.00213581
1.15295e-06;0.0172495;1.57714e-08;3.46378e-06;0.000306132;1.72972e-05;7.93185e-08;0.0867744;2.54274e-06;8.68799e-08;1.05215e-05;0.0152087;0.855725;0.0247013
4.93562e-06;0.00372722;9.25146e-05;5.83984e-05;0.000314612;1.88823e-05;6.09996e-07;0.0005;3.14238e-05;4.8181e-07;0.000605429;0.665673;0.274407;0.0545656
3.09145e-05;0.340537;1.43962e-07;7.26674e-06;3.87379e-05;6.91715e-06;5.6946e-06;0.270092;2.96241e-05;3.63647e-07;0.000455977;7.23482e-05;0.388462;0.000261017
2.26984e-06;0.979865;5.84049e-05;2.71112e-07;1.86662e-05;1.41178e-06;1.37583e-06;0.00265561;5.28351e-09;3.62965e-06;6.31762e-08;5.53818e-05;1.52397e-05;0.0173225
6.51779e-14;1.10979e-12;1;3.44804e-11;3.434e-09;2.48387e-10;9.31494e-14;3.4842e-12;9.93826e-14;1.43473e-13;2.58247e-12;1.04663e-09;1.10395e-14;8.03708e-10
1.42155e-08;0.916457;2.01591e-11;6.38928e-07;6.0087e-08;1.19888e-07;0.000159191;2.63421e-07;7.50753e-08;5.42201e-06;2.11e-05;8.27357e-10;4.64387e-07;0.083356
1.45172e-06;0.00149189;1.95555e-07;3.84405e-06;5.50584e-08;1.58738e-07;0.184621;2.35052e-05;0.0039559;4.5186e-07;0.805237;3.19428e-08;0.00466465;6.31692e-11
4.38736e-05;0.990289;0.000332689;6.46839e-05;1.06162e-05;1.30967e-05;3.94108e-07;0.00506347;2.05426e-07;5.79051e-06;1.06237e-06;0.000124736;0.00182381;0.00222617
1.09555e-06;0.999321;8.94452e-10;3.42428e-07;4.3018e-08;1.48836e-07;4.99749e-05;2.87689e-05;2.44309e-08;2.64694e-05;2.01227e-07;6.18262e-08;0.000445597;0.000126232
3.68392e-11;1.29354e-12;1;1.49907e-09;1.49148e-08;2.77492e-08;1.00858e-09;7.45102e-14;5.60893e-12;1.86154e-08;2.05865e-11;4.8534e-08;1.18835e-14;2.95141e-07
3.47859e-06;0.0836708;4.53818e-09;3.42679e-07;0.0009779;1.22614e-06;6.18629e-05;0.914823;6.03743e-05;6.39558e-07;5.38535e-05;2.98937e-06;0.000343247;8.94998e-08
4.00164e-05;0.104027;0.785528;0.000587133;0.0525298;0.00265855;1.3498e-06;0.000587862;4.23792e-06;0.000493964;5.55842e-05;0.0279708;0.012574;0.0129422
0.00946688;0.760046;2.64668e-05;2.74816e-06;2.09819e-06;6.31356e-07;0.00155394;0.00034014;0.0324437;3.55774e-07;0.107437;0.0159312;0.0727489;5.96067e-07
0.000158657;0.972982;5.89851e-06;6.28132e-07;3.05917e-05;5.24204e-07;8.10956e-07;0.015763;0.000145586;4.17859e-07;2.60115e-06;0.00919203;0.00171503;2.10223e-06
3.5373e-05;0.0282007;3.44631e-07;5.65971e-06;3.0248e-06;2.00779e-06;6.90704e-08;0.0088153;0.00160589;9.40336e-08;3.17809e-06;0.956449;0.00485335;2.63027e-05
1.06297e-05;0.00441179;6.66009e-09;2.91886e-07;0.000148772;2.45132e-07;1.70693e-08;0.988744;4.81202e-05;1.8849e-08;3.86963e-08;5.15038e-06;0.00662137;9.1303e-06
8.81186e-06;0.00986722;1.13738e-05;9.94253e-07;0.00127887;6.20034e-08;1.34357e-08;0.00516067;7.05307e-07;7.8907e-07;1.96392e-07;0.981924;0.000471257;0.0012754
1.34161e-05;0.0460303;1.51792e-07;2.2387e-06;4.64136e-05;1.28515e-05;7.86198e-06;0.945836;5.73383e-05;4.44821e-06;9.1018e-07;1.04726e-08;0.00798471;3.52592e-06
2.99877e-11;1.03733e-13;1;5.83859e-12;2.55307e-11;4.04828e-13;4.29435e-12;6.32991e-14;7.38898e-13;2.60534e-12;1.17352e-13;3.47096e-09;7.49161e-14;3.32963e-12
1.93154e-06;7.88967e-06;0.998383;1.218e-06;4.16581e-06;1.81738e-06;1.14969e-08;0.000985501;5.10363e-06;3.50105e-08;4.18208e-08;0.000592666;5.20945e-07;1.6647e-05
2.2974e-08;2.64819e-06;4.55785e-07;6.60817e-09;7.83602e-06;0.000228438;1.34492e-12;1.85795e-07;1.85902e-09;1.20026e-08;5.92404e-11;1.43343e-05;6.50036e-07;0.999745
1.26644e-06;4.25535e-05;1.88935e-10;8.53527e-08;3.70291e-06;5.9881e-07;1.78897e-10;0.983022;9.80747e-06;1.19037e-09;2.72739e-07;1.69523e-05;0.0169004;2.01513e-06
1.83521e-07;0.999938;2.48465e-06;1.25361e-06;2.51878e-07;4.13568e-09;7.57436e-10;4.85977e-05;1.00731e-08;1.88725e-08;1.59545e-09;2.21852e-07;4.31839e-07;8.64556e-06
9.67033e-08;3.98574e-06;1.07464e-11;1.72829e-10;2.85373e-08;6.62562e-11;1.01748e-10;0.999995;6.29982e-09;1.51476e-10;7.57103e-10;5.21675e-09;4.9108e-07;2.48805e-11
7.58055e-07;0.24368;6.02029e-06;1.93455e-05;1.09112e-05;2.58735e-06;0.104355;2.49804e-07;8.4993e-08;0.0349437;1.13568e-07;3.11585e-07;7.98467e-08;0.616981
1.69583e-10;1.04319e-10;1;5.96439e-11;1.31569e-10;2.81272e-12;1.24852e-09;1.07336e-12;1.42e-11;2.51803e-12;2.78659e-11;1.15676e-08;8.40203e-13;2.2044e-12
0.000138176;0.102033;1.34661e-05;7.44696e-06;0.000168846;3.03235e-05;0.000948416;0.646488;7.89805e-05;1.5318e-05;0.000338018;8.10452e-07;0.249716;2.39005e-05
6.44852e-12;3.79028e-11;1;6.55841e-11;1.54642e-09;1.15874e-11;8.64036e-11;1.88834e-12;8.74759e-13;2.74123e-11;2.13972e-12;3.12421e-10;2.80468e-13;5.69271e-11
1.76916e-08;1.98352e-05;0.999884;2.10016e-08;7.99831e-09;1.65776e-08;5.32501e-09;1.02118e-06;2.37075e-08;1.01597e-09;5.64214e-09;9.49404e-05;1.93816e-07;3.95021e-09
1.32303e-07;0.000410006;2.58612e-07;7.0966e-08;0.000355649;0.00248745;7.44965e-11;1.06798e-05;5.57115e-08;1.05205e-07;1.11744e-08;5.8369e-06;0.000102706;0.996627
1.36364e-07;0.999333;3.40255e-09;5.12932e-08;3.49591e-07;7.49962e-07;4.12778e-07;1.22186e-06;2.04287e-09;7.6502e-06;2.87373e-09;7.61876e-05;7.76268e-06;0.000572016
1.02889e-07;2.54668e-05;0.9996;7.4074e-09;2.19208e-06;3.50124e-08;2.67671e-06;3.69932e-09;2.16412e-09;4.90242e-06;8.61728e-11;1.71483e-08;8.15279e-11;0.000364899
0.000141894;0.402789;2.06812e-05;2.29268e-05;1.43226e-05;4.08274e-06;0.168336;0.296082;0.124866;2.07658e-05;0.00477719;6.78028e-06;0.00291762;1.17992e-06
1.62843e-08;0.999976;1.99136e-07;1.24841e-07;1.50646e-09;3.86364e-09;2.97021e-10;8.63936e-07;3.60106e-10;2.71987e-09;2.24101e-10;4.07534e-06;1.84287e-05;2.97922e-07
6.67733e-07;0.000109235;7.73631e-13;5.00245e-09;1.55402e-08;2.95621e-10;6.40305e-09;0.999889;5.27472e-07;3.85065e-09;7.16327e-09;5.138e-09;1.03886e-06;1.59011e-09
1.11733e-06;3.40083e-05;0.817891;1.10072e-05;0.00021991;8.4232e-06;3.21579e-09;8.57864e-08;1.00113e-09;1.81797e-07;5.87056e-10;0.180752;1.2819e-07;0.00108274
1.489e-06;0.999927;1.00729e-13;1.68411e-10;1.83142e-10;1.95975e-11;3.1106e-05;8.52131e-10;2.70205e-09;4.71988e-08;9.87395e-10;1.41028e-12;2.11646e-07;4.00644e-05
6.32407e-13;1.26708e-13;1;9.44904e-15;8.66784e-11;1.52099e-14;7.79803e-13;5.67893e-15;3.14971e-14;3.69767e-14;8.53939e-16;1.66456e-08;2.02973e-16;8.03788e-13
3.45901e-07;0.976115;1.46724e-08;5.911e-08;8.56086e-07;5.68716e-07;2.47527e-05;0.0133084;8.63922e-06;3.07407e-07;3.94095e-07;1.4925e-11;0.0105395;1.20373e-06
8.77875e-13;1.95521e-11;1;2.4811e-12;4.60613e-12;6.75991e-13;2.99423e-12;2.60333e-14;1.1927e-13;5.35635e-12;1.23616e-14;3.87129e-10;1.65285e-14;1.44623e-10
6.97138e-09;1.3875e-07;0.998946;2.06181e-08;1.49228e-08;4.39959e-08;2.63341e-09;5.19667e-06;1.19061e-08;2.49789e-09;4.53925e-09;0.00104864;2.59521e-08;4.31548e-07
4.65333e-07;6.92726e-05;4.28511e-08;1.43248e-07;0.000101788;0.00258475;1.94581e-09;6.57343e-08;1.51862e-06;4.46042e-08;7.52381e-07;2.26146e-05;1.19418e-06;0.997217
2.09124e-06;0.9985;4.31568e-09;2.0637e-08;1.77387e-06;1.31767e-07;6.69706e-06;1.34765e-05;6.491e-09;3.97636e-06;5.18183e-08;1.56294e-05;2.01034e-05;0.00143553
4.17642e-08;1.83777e-07;0.999716;2.41963e-09;1.03511e-05;1.30166e-08;5.22943e-06;3.22489e-08;7.64519e-10;3.93817e-07;1.67496e-11;1.55753e-08;3.47919e-10;0.000267346
7.00245e-06;0.0363114;2.20624e-06;6.62976e-07;6.46281e-05;2.35004e-07;0.000864373;0.960366;0.00146721;1.14642e-07;5.31204e-05;4.78312e-07;0.000862426;6.90527e-10
4.95949e-06;0.733852;0.00482412;4.01578e-06;1.46604e-05;2.10934e-05;2.13487e-08;0.000162383;9.50509e-09;1.45545e-07;3.17965e-08;4.02758e-06;0.261112;5.78677e-07
3.09264e-08;0.991702;3.68762e-09;1.57043e-09;3.57729e-08;3.15158e-09;2.96719e-06;5.6447e-06;6.42416e-11;3.35651e-06;3.04224e-10;0.000217353;2.95139e-05;0.00803948
4.63185e-11;3.59719e-09;0.99998;4.57641e-08;4.56853e-06;1.47459e-05;6.31429e-08;5.76253e-10;9.48325e-10;5.268e-09;1.17907e-09;2.37253e-07;6.72892e-11;4.12751e-07
8.71599e-07;0.000150195;4.27778e-09;2.5361e-06;3.36481e-05;0.0400886;1.50201e-06;3.55104e-05;2.7707e-07;7.65672e-07;3.56157e-06;3.03203e-09;0.959392;0.000290996
1.61942e-06;1.4494e-05;0.998209;2.60132e-06;1.84381e-06;4.469e-06;3.38061e-07;5.00205e-07;3.11848e-08;2.38295e-07;4.59823e-07;0.0017028;5.82518e-05;3.06999e-06
8.12731e-07;0.980718;2.95197e-08;1.65347e-06;4.25357e-05;1.55346e-06;4.22053e-06;0.0176926;6.69504e-06;2.2779e-08;3.0241e-05;7.55077e-06;0.00143826;5.55075e-05
5.88673e-05;0.833014;0.154779;0.000479021;0.000262444;0.000634083;2.59884e-05;0.000219446;2.27634e-05;0.000163656;2.42324e-05;0.000286606;0.00815134;0.00187818
4.97106e-06;0.818463;0.00489558;1.35685e-06;3.99381e-06;7.45362e-08;3.57994e-08;0.00355541;1.5718e-08;3.25474e-07;3.69996e-07;0.172791;0.000231785;5.18982e-05
3.78348e-06;0.971638;2.33729e-10;4.88996e-08;8.9518e-07;3.06777e-07;0.0115945;4.54219e-06;3.66435e-07;5.47709e-05;3.1515e-07;2.82265e-10;9.52922e-06;0.0166925
7.37659e-10;7.55393e-09;0.999958;1.62305e-10;8.38228e-09;2.81973e-11;8.12823e-07;4.03594e-11;4.37981e-09;5.52905e-10;9.75117e-09;4.08282e-05;3.06475e-11;2.33282e-10
6.57791e-08;0.999477;1.86764e-09;8.18971e-09;1.41601e-08;5.90538e-09;5.54012e-07;1.89339e-06;6.54173e-06;1.89401e-09;5.22492e-07;3.06626e-07;0.000509207;3.93988e-06
2.0745e-06;0.830496;3.74566e-07;3.22871e-06;3.20354e-05;7.04858e-06;5.57459e-07;0.00125247;5.80048e-06;6.24898e-07;5.05307e-07;0.159788;0.000547954;0.00786412
1.2582e-05;0.347374;7.48343e-06;6.20997e-05;0.000248109;0.000543383;5.30642e-06;0.0445254;8.83418e-06;7.95601e-06;2.57303e-06;0.00693528;0.595454;0.00481296
1.31035e-06;0.000775789;0.000350552;0.000602757;0.00730052;0.0521045;8.00353e-08;0.0453172;3.6772e-07;1.56427e-05;1.02041e-05;0.000212508;0.00698339;0.886325
1.41745e-05;0.796791;2.37279e-06;6.18901e-05;4.40704e-06;0.000137636;1.36462e-06;0.0933618;0.000352744;8.1048e-07;0.00042741;0.00489407;0.103778;0.000172342
1.93377e-06;0.00124663;2.44007e-09;9.74912e-08;0.000212569;1.2637e-07;1.20601e-09;0.998438;2.49403e-07;1.29695e-08;3.56372e-07;8.41748e-05;1.34357e-06;1.44429e-05
4.76541e-06;0.0232584;0.85509;1.17058e-05;0.0012293;0.000213171;3.30063e-06;0.000102549;6.63704e-08;1.92549e-05;1.28637e-06;0.111442;7.31694e-05;0.00855151
6.27026e-06;0.00917778;5.06125e-11;1.20944e-09;4.00209e-08;5.32563e-08;4.4504e-07;0.974121;3.63744e-06;2.52472e-09;5.50819e-07;1.24758e-08;0.0166899;5.35904e-09
1.69654e-07;7.5378e-07;0.999993;4.62144e-08;1.18337e-06;6.1342e-09;3.08546e-07;1.26953e-08;4.68547e-08;2.76107e-08;1.34297e-09;1.45406e-07;1.43836e-08;4.0463e-06
3.56095e-05;0.20358;0.000159771;3.95587e-05;4.37698e-05;8.92962e-06;3.92085e-07;0.0714994;0.00201348;5.85282e-07;0.000448982;0.702102;0.0200575;9.62114e-06
3.47636e-07;0.0103956;1.32789e-07;3.44664e-07;1.13084e-06;6.56755e-05;1.05314e-08;0.00051573;4.71557e-08;1.93542e-07;1.54132e-06;0.00123285;0.98778;5.999e-06
3.581e-08;1.46772e-05;5.28331e-14;8.8837e-07;1.51343e-06;5.90606e-05;1.69913e-09;1.57274e-06;1.54095e-07;4.27995e-08;1.32568e-05;0.000152397;0.99975;6.45184e-06
8.66207e-06;0.00111849;0.998643;1.13735e-05;2.71881e-05;7.74129e-07;6.0141e-08;4.21132e-06;3.93735e-07;9.58181e-07;2.24562e-07;4.64199e-06;0.000179755;5.09086e-07
0.000134064;0.0538762;6.99345e-06;9.1586e-05;0.0225253;0.00249019;3.0332e-05;0.0110338;0.00359625;1.22823e-05;0.00216318;4.52449e-05;0.903973;2.19173e-05
4.20574e-06;0.986499;0.0048005;1.67408e-05;0.000541302;7.97618e-05;9.64355e-09;0.000179616;1.43957e-08;2.60982e-05;1.29014e-08;2.63922e-05;0.000224914;0.00760137
3.13611e-07;1.50882e-06;0.999997;1.14085e-07;1.18652e-08;3.90743e-09;5.34402e-07;4.16471e-09;2.63603e-08;4.69891e-08;1.15049e-07;1.98259e-07;1.9694e-09;4.28627e-08
2.28808e-05;0.00579285;8.44185e-07;7.59662e-06;1.18648e-06;4.81344e-06;1.06362e-07;0.00149804;0.000350004;1.75436e-07;0.00036422;0.991799;0.000139037;1.93969e-05
2.11603e-05;0.999215;6.07797e-07;1.03148e-06;7.1113e-08;5.7652e-06;1.69101e-06;2.72763e-05;1.89459e-06;1.68898e-07;1.2318e-05;1.62701e-05;0.000695565;1.25725e-06
1.12924e-05;0.00608299;6.6434e-06;1.36042e-06;1.85157e-05;3.34031e-05;1.6062e-08;0.00403818;1.05794e-06;2.72976e-07;1.19872e-06;0.988069;0.00161457;0.000121115
1.26518e-08;0.938141;1.49718e-10;1.21338e-10;5.29979e-08;1.86866e-08;2.56248e-08;4.30718e-07;3.52829e-11;1.31116e-07;6.81477e-13;9.23584e-14;4.52937e-07;0.0618575
3.36439e-14;1.77552e-12;1;3.39554e-14;3.72532e-11;4.66953e-13;1.06388e-15;1.22269e-13;1.78074e-16;2.13278e-13;6.54309e-17;1.7109e-10;4.85206e-14;2.2289e-13
7.25753e-05;0.192225;0.010504;0.0117281;0.00137403;0.00399439;0.000338159;0.427507;0.0280726;0.000730698;0.0966345;0.00775761;0.21853;0.000531311
