2.29879e-05;0.206056;4.34882e-09;3.35617e-06;9.00695e-05;1.21186e-07;0.000123085;0.785412;8.80071e-05;1.20546e-05;3.8526e-06;2.94918e-07;0.00818319;4.17077e-06
2.53608e-06;5.74147e-05;0.959597;0.00147727;0.0106976;0.00189206;3.62727e-08;3.14749e-06;3.30226e-08;5.23831e-05;1.20168e-07;0.018992;0.00046244;0.00676606
4.60579e-05;0.988124;1.4876e-09;8.73581e-08;1.49867e-09;7.1296e-09;0.00234299;4.46e-05;7.38271e-06;7.24686e-07;6.62356e-06;2.22643e-09;0.00942792;4.05552e-08
1.80327e-11;1.1376e-11;1;3.83798e-13;1.61794e-11;5.91602e-12;7.33434e-11;7.08302e-14;3.781e-13;3.30465e-12;1.04755e-14;6.72279e-10;2.76124e-12;5.97778e-13
1.85767e-05;0.13554;3.00091e-05;5.10727e-06;9.90124e-05;2.65725e-05;6.61811e-05;0.000299373;0.000333311;1.35034e-05;0.0002321;0.837577;0.0185394;0.00721919
7.75292e-06;0.153255;7.92513e-06;1.3375e-05;0.000667275;3.79115e-06;4.68988e-06;0.0186247;1.91099e-05;2.65916e-05;7.45684e-05;0.0313332;0.785647;0.0103154
5.46335e-07;0.535189;6.8221e-12;1.33306e-06;2.60182e-06;5.99237e-05;0.000110166;0.00137562;4.90696e-06;2.6002e-05;6.19013e-06;8.29144e-08;0.463086;0.000137921
4.89832e-10;3.83026e-09;1;4.59125e-10;2.91993e-11;4.81138e-11;1.85371e-10;3.99022e-10;3.82105e-12;1.73458e-10;1.12033e-11;3.35025e-08;3.27306e-11;1.01792e-10
2.18511e-05;0.0357474;0.00509219;5.04582e-05;5.69816e-06;3.89447e-05;2.21885e-05;0.000192492;3.66389e-05;5.48786e-06;5.9129e-05;0.958096;0.000620735;1.09869e-05
2.32052e-06;0.989885;1.04684e-05;1.20616e-07;0.000212156;3.99101e-05;8.75583e-08;0.00034234;1.65182e-08;3.83398e-08;5.68004e-08;2.92646e-06;0.00577978;0.00372503
8.08736e-11;0.00480471;1.36579e-13;9.59604e-10;3.30187e-06;3.35705e-07;3.74933e-11;3.40155e-08;4.65338e-11;2.11624e-09;1.03007e-12;3.12542e-09;1.05832e-08;0.995192
0.00147824;0.450942;0.00024116;0.000218943;0.00105599;4.07863e-05;0.0144064;0.417982;0.00692564;9.40307e-06;0.00136081;0.000372878;0.104961;4.66453e-06
2.65794e-07;0.999354;7.19195e-10;1.49339e-07;1.75796e-08;1.44332e-07;2.28593e-05;1.85974e-05;2.09709e-08;3.99724e-05;1.02696e-09;8.1115e-10;0.000557195;7.09199e-06
9.08162e-12;2.67501e-12;1;2.7426e-08;4.15057e-08;1.64999e-08;2.8988e-12;6.96501e-13;6.05522e-13;6.87313e-10;1.02773e-12;2.98473e-08;1.73458e-14;1.66845e-07
2.48088e-07;0.992417;2.2688e-11;3.7168e-07;2.43682e-06;6.96304e-09;1.49944e-07;0.00710913;1.03657e-07;3.83696e-09;9.26249e-08;1.55173e-07;0.000470525;6.67082e-09
7.72135e-06;0.985484;0.0130078;8.95584e-05;9.74938e-05;1.01441e-05;0.000396193;0.000217917;2.94518e-07;0.000526865;3.23071e-06;2.28351e-06;0.000143068;1.31622e-05
7.99894e-11;8.66382e-12;1;3.41029e-10;1.69428e-09;3.52351e-11;2.33953e-09;4.94078e-12;5.54192e-11;3.18194e-11;9.01347e-11;1.99056e-08;7.36078e-13;2.4156e-10
7.32432e-05;0.782515;0.00179198;8.20257e-05;0.00114257;1.74797e-05;4.97298e-05;0.0565194;0.000741615;3.97868e-06;0.000467604;0.0476264;2.18287e-05;0.108947
7.92151e-09;0.610498;0.000483154;1.28046e-08;2.32026e-05;2.74748e-06;2.25687e-10;1.15567e-07;9.91106e-12;1.79002e-09;1.49129e-09;0.388617;7.0792e-05;0.000305523
3.46077e-07;0.986897;4.09331e-10;1.1796e-07;0.000394549;6.30367e-05;1.33506e-07;0.00096476;3.51566e-06;8.83149e-09;4.06229e-06;0.00154909;0.00629151;0.00383223
4.79349e-06;0.992154;5.50838e-08;4.055e-05;0.000107447;0.000120394;3.42424e-06;0.000198449;2.87276e-05;8.56444e-07;5.57002e-05;0.000326408;0.00678145;0.000177722
3.41339e-05;0.931433;0.000388439;9.14397e-05;0.00189954;5.58511e-05;4.63695e-09;0.00408214;6.54717e-09;5.61555e-08;4.25411e-08;0.0258701;0.035912;0.000232658
0.000283342;0.249074;7.60864e-07;3.42713e-06;0.000707991;2.62878e-07;9.69505e-06;0.729456;1.43165e-06;1.11518e-06;3.99233e-06;0.00251546;0.0171131;0.000828987
4.39332e-05;0.053002;0.820504;0.0612345;0.0193636;0.0114635;0.000249544;7.75214e-07;0.000234529;0.000434766;0.00431014;0.0216622;0.00727236;0.000224166
0.000179861;0.99079;6.97729e-06;3.91207e-05;6.15244e-06;1.41471e-06;5.33553e-06;1.36701e-07;1.91433e-07;7.11659e-06;1.28436e-05;0.000516164;0.00397169;0.00446281
1.60643e-05;0.000973053;5.6368e-05;9.7495e-08;7.33535e-07;1.28685e-09;2.66774e-06;2.13559e-06;2.14452e-06;1.96816e-09;2.26214e-05;0.998893;3.13753e-05;3.15547e-09
3.70991e-06;0.970217;1.452e-06;1.46867e-06;0.0261664;1.8293e-06;4.22912e-08;0.00211593;8.92946e-07;4.5056e-07;8.94194e-08;0.000104058;0.00100365;0.000383368
1.83326e-08;6.30805e-07;1.83691e-09;2.32596e-09;5.75043e-10;0.000141796;2.40004e-10;1.38568e-08;1.24811e-07;1.17137e-08;3.0982e-08;4.71836e-09;0.999857;2.53331e-09
1.21836e-09;6.84375e-08;1;5.32547e-09;7.14166e-10;4.96123e-09;5.30841e-11;7.68331e-11;3.34231e-11;6.44003e-09;1.00783e-10;3.10578e-07;6.99447e-09;5.96083e-10
1.33195e-07;0.999511;2.72934e-07;1.44233e-06;1.01357e-06;2.05376e-06;7.18549e-07;0.000343207;5.86298e-06;1.98195e-07;6.84248e-06;7.59063e-07;0.000113222;1.32891e-05
