1.32996e-05;0.982081;4.83902e-06;1.48582e-07;1.28607e-06;2.50223e-07;8.05848e-08;0.0066961;3.87554e-07;1.27557e-07;2.50002e-07;0.000156768;0.011039;6.608e-06
2.07248e-06;0.385847;5.80612e-06;0.000183832;0.0107064;0.000433864;8.51045e-07;0.0429335;9.07396e-05;4.84181e-05;0.0010764;0.530424;0.00529987;0.0229471
3.57401e-05;0.826253;1.46695e-06;0.000284865;0.00249149;0.00476896;0.000442969;0.058605;0.000218173;0.00293125;7.72369e-05;9.75551e-06;0.100227;0.00365309
3.31229e-07;8.71001e-09;0.999992;9.68922e-08;6.3555e-09;2.52105e-10;6.46822e-06;1.00336e-09;3.5706e-07;4.55788e-08;1.04097e-06;1.48756e-08;6.92012e-10;6.11159e-09
0.000347217;0.19071;0.00173882;0.00104106;6.963e-05;0.0014673;4.06576e-06;0.0155466;0.0476771;3.61959e-06;0.00820666;0.690637;0.0424308;0.0001203
1.16489e-06;0.996615;3.30922e-07;7.02485e-07;3.04319e-05;7.19811e-06;7.91041e-08;0.00289426;3.08786e-06;8.14985e-07;8.79096e-06;2.67803e-06;0.000252373;0.00018337
4.89033e-05;0.00926702;0.00248808;5.489e-05;0.010982;4.11802e-05;2.38343e-07;0.190096;8.03637e-06;5.14692e-06;1.51875e-05;0.779861;0.00711771;1.506e-05
5.77348e-05;0.192228;8.6582e-07;5.18666e-05;0.00132663;9.63886e-07;1.9035e-05;0.796525;6.45459e-05;2.25138e-06;1.59865e-05;6.5568e-06;0.00965302;4.82283e-05
5.84819e-05;0.000596338;0.0074182;1.42707e-05;0.000243905;2.34151e-06;1.16343e-06;7.47465e-06;3.39173e-07;1.56079e-06;1.70147e-07;0.991336;6.27702e-05;0.000256719
5.29192e-05;0.134143;7.63918e-08;2.0079e-05;0.00637568;4.28396e-06;8.2919e-05;0.847216;0.0058255;1.60147e-07;0.000139771;0.00534259;0.000784308;1.27006e-05
9.96034e-06;0.0248393;0.97248;3.35882e-05;0.00155024;8.55392e-06;1.42965e-07;4.19694e-07;3.85223e-08;2.45328e-06;2.92826e-08;0.000539651;0.000515246;2.05468e-05
4.68746e-05;0.59903;3.23417e-06;2.12494e-05;6.07699e-06;3.32658e-06;5.97668e-07;0.0014285;5.79061e-05;1.69226e-07;7.40907e-05;0.38858;0.0106853;6.3406e-05
0.000241897;0.469704;9.0459e-08;2.07575e-05;7.08164e-05;8.67727e-05;2.01236e-07;0.0018417;4.73209e-06;1.26314e-06;4.52993e-07;0.0606782;0.437285;0.0300643
3.42682e-05;0.00035508;3.36881e-06;5.75315e-07;0.00362963;5.45321e-07;8.09138e-09;0.787726;1.52289e-05;9.06728e-09;2.21305e-07;0.207811;0.000420005;4.63531e-06
3.77575e-08;0.999316;1.43359e-05;5.56241e-08;1.26797e-06;2.80419e-07;1.05522e-08;1.54177e-07;1.65028e-11;1.39462e-05;1.87113e-12;5.14664e-12;1.00054e-06;0.000652893
2.50834e-12;4.89277e-14;1;5.7888e-13;1.96142e-12;2.19164e-12;5.15008e-11;1.14331e-13;1.12078e-12;4.45082e-13;2.17284e-13;3.59812e-10;8.9908e-15;4.44035e-12
4.72658e-05;0.745899;0.00214172;0.00239838;0.00237082;0.00396432;0.00177404;0.111557;0.0548514;2.6144e-05;0.0371141;0.00346288;0.019999;0.0143944
