3.86199e-05;0.0166584;0.000722569;3.15158e-05;0.000939033;5.02353e-05;1.72052e-07;2.98828e-05;8.85998e-08;6.24401e-07;3.51442e-06;0.0122392;0.969263;2.33843e-05
6.13995e-07;0.997104;7.59474e-10;5.10248e-09;1.63162e-08;6.917e-09;5.62294e-05;0.00241085;8.504e-08;2.73754e-07;1.04382e-07;2.33361e-09;3.35298e-05;0.000394562
5.4859e-13;9.58418e-11;1;7.40187e-13;3.5538e-09;7.7342e-11;4.47229e-12;1.15366e-13;1.17572e-13;1.45593e-12;1.16727e-14;4.12269e-10;7.80133e-12;2.16385e-12
1.81875e-07;0.00225945;3.29896e-08;1.48876e-06;3.79033e-06;0.0246137;3.59107e-07;7.39331e-05;5.56556e-06;2.14715e-07;2.02675e-05;9.26025e-08;0.972823;0.000197538
6.47681e-06;0.00169666;0.819953;2.11561e-05;9.0836e-06;5.18451e-05;5.89521e-07;4.58e-06;3.64951e-08;6.86451e-06;1.47439e-07;0.177636;0.000104333;0.000509489
1.90294e-06;0.967233;1.80324e-08;3.34124e-06;1.58374e-05;0.00012051;4.00797e-06;0.0156821;1.50222e-05;7.64457e-08;2.02571e-05;5.77017e-06;0.00934232;0.00755581
1.61234e-07;0.000213441;3.24782e-11;3.57555e-08;3.44167e-06;3.24612e-07;8.00615e-10;0.0103352;9.8736e-08;1.51507e-09;2.86924e-07;9.52326e-08;0.989446;7.59695e-07
4.42952e-07;0.000901067;7.02678e-08;5.90705e-07;8.55727e-07;2.28766e-07;7.49018e-09;8.42361e-06;3.73001e-07;7.06859e-08;1.21849e-06;0.997963;0.00106516;5.81991e-05
2.00442e-07;0.994861;7.25455e-09;5.55907e-08;2.8764e-09;7.74338e-10;3.31239e-06;8.85503e-07;1.29082e-08;2.15803e-08;1.32198e-06;0.000142247;0.0049906;4.25476e-10
3.59526e-05;0.083877;5.76416e-08;0.0148516;0.0047535;0.0455855;4.16719e-06;0.205854;0.000413253;0.000130872;0.00159282;0.362265;0.0115413;0.269095
0.0038598;0.935893;0.0045107;0.000255947;4.28116e-05;0.000182639;0.000156986;0.0203127;3.82316e-05;7.10736e-05;0.00120908;0.0039825;0.000468946;0.0290152
4.87825e-06;0.889685;1.41535e-08;9.20111e-06;6.68567e-06;0.000130071;8.79836e-08;0.000239857;2.2316e-06;1.28964e-08;0.000147055;0.00936579;0.100269;0.000140284
0.000176659;0.46462;1.22597e-05;1.60756e-05;0.0219086;0.000197494;1.51271e-06;0.0111014;4.10894e-07;5.37268e-05;4.12037e-06;0.236078;0.236011;0.0298197
0.00259396;0.26401;3.97477e-05;0.00146991;0.0159736;0.00153815;8.75621e-07;0.00476606;0.00731198;1.46242e-06;0.00107724;0.553104;0.0923948;0.0557181
0.000504152;0.994535;3.56542e-07;3.72761e-06;2.59957e-06;7.54006e-09;1.20635e-07;0.00397407;1.92504e-05;8.73221e-07;4.78e-06;0.000438474;0.000509557;6.48282e-06
0.000328867;0.956498;1.07389e-06;2.78857e-06;2.92276e-05;0.000111865;3.74441e-05;0.0288118;1.78803e-05;1.63788e-05;2.04734e-05;0.00272363;0.0113729;2.77113e-05
2.06973e-07;7.80256e-06;8.34657e-12;5.57087e-07;3.97205e-06;1.03326e-06;1.92409e-07;2.45238e-06;9.58097e-07;3.30962e-07;8.77729e-07;1.09565e-06;0.999975;5.79119e-06
0.000801829;0.00156627;1.01907e-06;2.47874e-05;2.40547e-06;1.87659e-07;4.55661e-06;0.000141641;0.000212635;6.78069e-06;0.000110321;0.9966;0.000506888;2.02764e-05
3.22858e-07;0.999475;2.62411e-10;1.21518e-08;1.88835e-08;4.3067e-08;1.82284e-05;0.000100907;2.21179e-08;3.12174e-06;1.30159e-09;1.14665e-11;0.000399032;2.86422e-06
1.66877e-10;5.91723e-11;0.999915;6.4884e-08;5.88742e-06;3.20881e-07;8.89635e-11;2.60455e-09;1.18631e-11;4.28779e-08;1.27185e-11;4.0367e-07;2.42994e-12;7.80406e-05
5.45095e-07;0.0276862;4.94962e-09;9.55141e-06;3.64418e-07;9.32001e-05;5.40334e-05;7.22133e-06;1.92483e-05;8.69281e-07;4.57461e-06;2.51924e-08;0.972119;5.50557e-06
1.25674e-06;0.000797202;0.995751;1.86795e-06;7.25726e-08;4.68726e-09;0.0011367;7.8986e-08;1.00032e-07;0.000168771;6.50016e-07;0.00214112;3.79655e-07;1.16041e-06
1.24805e-08;3.25766e-10;0.999991;7.39216e-08;1.09929e-07;3.51911e-07;5.94134e-06;1.79467e-10;9.38033e-07;1.82262e-08;9.97196e-07;1.45483e-07;2.08921e-09;2.99949e-10
0.000101192;0.707198;7.11944e-07;5.40119e-06;2.98016e-05;0.000115188;1.36389e-05;0.141419;0.000621915;1.01804e-06;0.000519156;0.00130633;0.148639;2.99399e-05
1.91225e-06;0.999029;1.15686e-09;7.90316e-08;2.47174e-08;7.8312e-09;5.24054e-05;9.79073e-06;9.29669e-07;0.000324285;1.41653e-07;4.03313e-06;2.05824e-06;0.000575437
9.87538e-08;7.89906e-07;0.999997;1.46395e-08;9.1344e-09;3.88749e-09;7.73973e-08;2.07498e-09;5.04937e-07;7.88378e-09;1.57697e-06;2.28289e-08;2.19074e-08;2.81626e-10
7.94038e-05;0.997497;1.52033e-05;2.86475e-06;4.92775e-06;4.1893e-08;1.26522e-06;0.00185298;5.91678e-07;2.33708e-07;1.52386e-06;5.72497e-05;0.000478728;8.48486e-06
3.11193e-05;0.960083;5.01505e-10;1.69492e-07;4.17192e-07;1.13875e-06;5.99451e-09;0.000196234;5.75637e-06;3.77956e-08;3.39314e-07;0.0396193;3.62862e-05;2.58368e-05
0.000415745;0.00126032;2.52191e-09;9.24273e-07;0.000121439;8.37026e-05;1.61925e-06;0.74733;9.43585e-06;5.04317e-06;1.25661e-06;1.94046e-05;0.249216;0.00153537
7.15508e-07;0.000165079;5.08423e-08;2.59219e-06;0.000113766;0.000932784;2.20706e-11;2.66177e-06;3.57246e-07;5.08482e-09;1.85956e-08;0.0290532;3.75018e-06;0.969725
3.1303e-07;0.00236291;2.45651e-10;5.3599e-08;5.5042e-08;1.28407e-07;2.15685e-08;2.3261e-05;6.09096e-08;7.46941e-10;4.96754e-07;6.9904e-07;0.997612;2.43215e-08
1.06169e-05;0.0324749;8.62649e-07;3.2137e-05;7.31954e-06;5.13176e-06;8.05856e-08;4.19548e-05;3.70085e-06;5.10397e-07;3.4354e-05;0.967281;4.71191e-05;6.03876e-05
4.37172e-05;0.882915;7.15522e-07;4.83595e-06;0.000341682;1.16625e-05;2.6374e-06;0.102094;2.09941e-06;1.51817e-06;1.90176e-05;0.00234023;0.0113994;0.000823806
8.99422e-06;0.886368;9.08692e-07;1.11832e-06;6.51929e-05;4.65215e-05;8.68431e-06;0.000844753;4.80203e-08;2.73569e-06;9.89829e-08;0.000605086;0.111616;0.000431817
1.01288e-08;0.00390022;2.76591e-08;1.23978e-07;1.11352e-06;5.87644e-07;1.26579e-09;6.5935e-05;5.34323e-07;3.56227e-10;1.50303e-06;0.995888;5.29587e-05;8.93781e-05
5.37349e-06;0.016167;2.94622e-08;1.03833e-05;0.00381292;0.000167487;1.32712e-07;0.00342064;6.98996e-06;9.02985e-07;1.52814e-05;0.0126852;0.946655;0.017053
0.00250362;0.160875;0.000193348;8.88381e-05;0.000741737;0.00128925;2.08368e-05;0.11841;0.00121712;1.95766e-05;0.00162501;0.601171;0.0453346;0.06651
1.12407e-06;0.999336;6.42898e-08;2.02466e-08;6.2973e-09;3.34041e-07;1.57071e-07;3.72451e-07;9.5685e-08;3.5198e-08;2.62457e-07;3.46474e-05;0.000626197;1.17679e-06
2.50003e-07;0.000801732;6.25327e-08;9.67957e-07;3.72208e-06;0.000623966;6.97808e-10;2.16255e-05;4.43428e-06;4.27232e-09;9.20557e-07;0.997859;0.000357687;0.000325065
1.78958e-06;0.000466332;7.07544e-07;3.18377e-08;1.08594e-07;1.02078e-06;2.0403e-09;6.63247e-05;2.17246e-07;1.18261e-08;3.38112e-06;0.00163174;0.997827;8.46877e-07
0.000198129;0.376145;4.65973e-05;3.74032e-05;0.000702771;0.00673154;7.09652e-05;0.408618;0.00406885;0.000100526;0.00860114;0.00124536;0.173229;0.0202051
2.42527e-06;0.00189149;2.19159e-11;1.82756e-07;6.53886e-06;2.77932e-06;1.08153e-07;7.39826e-05;4.42489e-06;1.36933e-07;3.10915e-05;2.36556e-05;0.997962;6.43494e-07
0.000186715;0.0148702;4.13045e-08;1.26044e-06;3.6681e-06;3.40144e-06;1.63373e-07;0.000130779;1.56778e-05;1.03493e-06;5.67296e-06;0.981173;0.00343623;0.000172629
1.5501e-06;0.998201;0.000903442;1.5475e-06;4.09178e-07;9.81005e-08;9.54548e-08;2.33895e-06;2.77745e-08;4.92883e-08;8.31214e-08;0.00026904;0.000620085;1.68656e-07
0.000222649;0.808478;5.85397e-06;0.000115268;0.000855012;0.000155676;1.29605e-05;0.00695627;3.58758e-05;1.71365e-05;4.29566e-05;0.0395517;0.113213;0.0303379
1.91128e-06;0.968658;2.36771e-07;0.000176284;4.86625e-05;0.000374131;2.81271e-06;0.000476527;2.60464e-05;2.50788e-06;0.000113856;0.0132132;0.000378407;0.0165271
1.6979e-06;0.0432084;1.04668e-06;9.47128e-06;0.0100199;0.00581225;1.13375e-06;0.000920403;9.84915e-07;1.16656e-05;1.41097e-06;0.000336058;0.00150507;0.93817
1.25389e-05;0.000872593;3.61245e-05;5.56252e-07;1.49877e-05;1.39694e-05;3.39307e-09;0.00554396;1.51102e-05;3.61447e-08;1.43898e-06;0.92668;0.0667916;1.66948e-05
1.0086e-06;0.000228099;2.5657e-10;1.94368e-07;8.08512e-07;1.46228e-06;1.79821e-08;0.000744919;1.45701e-06;1.68693e-08;1.2663e-05;0.000128554;0.998878;3.02599e-06
1.85035e-05;0.00331585;0.000100647;1.70905e-05;1.45133e-05;1.83047e-05;2.45933e-07;0.000408705;1.20163e-05;9.9363e-07;4.96428e-05;0.994708;0.000496957;0.000838621
1.04082e-05;0.983183;0.00331545;8.49683e-06;0.000241013;1.95241e-06;8.8124e-08;0.00596928;4.47993e-08;1.8625e-06;3.04209e-07;8.10432e-05;0.00716854;1.87608e-05
1.57861e-09;2.83872e-08;1;1.19212e-10;2.5028e-09;5.02595e-11;1.73866e-09;2.0633e-10;5.25872e-12;2.16353e-10;1.13477e-11;7.45456e-09;7.74457e-10;3.92227e-10
7.93729e-07;0.000934466;0.000113949;5.75519e-06;5.51523e-05;1.83797e-06;7.20954e-06;8.50274e-05;0.000420587;1.26875e-06;0.000253102;0.997809;4.29713e-05;0.000269024
2.96559e-06;0.0600441;3.33199e-10;3.27111e-07;3.65045e-05;3.16105e-06;2.30241e-06;0.0126303;3.09591e-06;5.03165e-07;1.36562e-06;5.18656e-06;0.924212;0.00305772
1.7114e-07;0.000322902;7.65685e-08;4.90882e-07;0.000764613;2.45309e-05;4.41828e-09;0.0349455;9.80277e-06;3.95771e-08;1.6159e-06;0.958102;0.000554669;0.00527397
1.57143e-06;0.00570617;1.08228e-10;7.47126e-08;2.13796e-06;1.47913e-06;3.52907e-09;0.000261155;4.14826e-07;8.12446e-09;9.34672e-08;0.000321292;0.99365;5.55501e-05
2.77194e-05;0.00304973;1.46358e-06;1.6892e-06;1.60604e-06;5.77888e-07;5.4844e-08;0.000201864;1.47831e-05;9.08972e-08;1.30125e-06;0.996343;0.000229045;0.000126949
4.87946e-05;0.784762;0.00164947;4.83076e-06;3.59275e-06;2.66937e-07;3.01644e-08;0.00122817;5.12051e-08;2.23073e-07;2.80855e-07;0.201405;0.0108896;7.73627e-06
0.000590438;0.672238;6.45472e-05;3.87838e-06;7.65241e-05;6.83996e-07;0.0001711;0.216427;8.6566e-06;8.24841e-06;7.30155e-06;0.0226449;0.0875719;0.000187361
1.3135e-06;0.438088;4.64398e-07;1.72818e-05;0.000480815;9.57742e-07;5.10185e-06;5.18532e-05;2.44909e-06;1.3818e-05;5.65717e-06;0.00700531;3.01092e-06;0.554325
0.000594655;0.0708334;1.8323e-08;1.31558e-05;0.000379761;0.000653014;4.32934e-06;0.0305046;3.11765e-05;1.58445e-06;0.000123911;0.775958;0.120884;1.88493e-05
2.68361e-06;0.00199293;2.86459e-10;9.85581e-08;4.97614e-06;9.28737e-07;6.38465e-08;0.000103857;3.53674e-08;7.49977e-09;7.55918e-07;0.00641521;0.991475;3.57796e-06
0.000316436;0.0747486;1.28753e-05;1.65614e-05;0.000654145;0.00165728;4.31737e-06;0.0282447;8.23007e-07;4.62443e-05;6.82661e-07;0.00041036;0.892459;0.00142785
3.83105e-08;4.12826e-07;0.999999;1.50391e-07;6.44604e-08;2.73965e-08;2.64498e-07;1.23324e-08;1.51226e-08;8.69865e-09;2.74263e-08;2.44396e-07;3.01406e-08;2.27594e-08
6.17384e-06;0.00735758;6.24999e-05;0.000104774;9.8608e-06;7.82853e-05;1.44677e-07;0.00330151;0.000154851;6.3219e-07;9.8861e-05;0.985445;0.00251647;0.00086377
2.75979e-06;0.954051;6.38822e-07;6.70857e-07;7.41896e-07;6.11639e-06;1.61166e-07;6.31697e-05;2.27562e-07;1.03406e-07;2.55436e-05;0.000563959;0.0452754;9.82356e-06
7.35901e-07;0.667063;4.1103e-07;2.7285e-07;2.74325e-05;6.0309e-05;1.90151e-06;8.71519e-07;4.55507e-10;0.000172081;2.02594e-09;8.83491e-06;0.000123061;0.332541
8.80893e-08;3.66425e-08;0.999901;1.23667e-07;7.74817e-06;1.15444e-05;5.93996e-05;3.05809e-09;3.30202e-08;4.4566e-07;1.2097e-08;3.02416e-06;1.62775e-08;1.64043e-05
3.64755e-05;0.0621018;7.97243e-08;0.000333503;0.391801;0.00181816;0.00200777;0.473529;0.0094242;4.72e-06;0.0111559;1.51345e-05;0.0477468;2.47577e-05
1.95193e-05;0.2962;0.174957;0.000299028;0.00108505;0.00318325;7.91817e-07;4.37776e-06;8.30775e-07;7.22938e-06;1.47407e-06;1.83982e-05;0.524149;7.44022e-05
1.01103e-06;0.951521;7.04151e-06;1.46596e-07;1.19892e-07;7.78419e-08;7.99758e-08;5.45242e-05;2.48694e-08;5.38395e-07;1.08786e-08;0.0477412;0.000395343;0.000279415
5.10622e-07;0.629448;2.32147e-09;3.88892e-06;4.95757e-05;4.49273e-06;3.33775e-05;0.000624932;2.61895e-07;2.6688e-05;8.65726e-08;3.52584e-06;5.78434e-06;0.369799
1.90781e-06;5.45981e-06;0.997664;1.01264e-07;3.43738e-07;3.92389e-07;2.38942e-07;0.00219165;2.74518e-08;8.66825e-09;6.97594e-08;0.000129919;5.5298e-06;7.05514e-10
6.97554e-09;0.999872;1.66925e-11;4.53958e-11;8.67786e-10;2.22569e-11;9.71368e-07;5.26079e-09;7.35195e-12;1.42397e-08;1.79115e-11;2.58841e-11;3.16236e-09;0.000127123
4.90878e-12;2.12726e-11;1;5.49045e-12;1.98191e-09;1.00716e-09;5.84189e-10;9.51494e-14;3.48083e-13;2.98718e-11;1.98941e-13;2.21399e-07;4.17169e-14;1.10034e-09
8.20156e-06;0.729187;7.11572e-07;3.15747e-05;9.89326e-07;3.16439e-05;0.0948697;0.0406349;0.00621962;5.03073e-07;0.00342408;7.2817e-06;0.125583;1.34928e-07
3.95142e-06;0.998616;1.58982e-09;3.64813e-07;4.79595e-09;1.35971e-08;9.26432e-06;8.93074e-07;8.9353e-07;8.10171e-08;3.33529e-06;2.47723e-05;0.00133861;2.35982e-06
0.000111012;0.0718139;0.000372291;9.70152e-06;0.00278936;0.000401108;1.40336e-06;0.00198116;2.04266e-06;3.8434e-06;1.08865e-06;0.891175;0.0110557;0.0202822
1.46802e-06;0.137222;4.89978e-08;9.15673e-06;2.89055e-05;0.000953968;0.000120477;0.0653139;0.000323105;6.5825e-06;0.000103534;1.00878e-06;0.795912;3.80356e-06
4.05256e-11;5.22986e-11;1;4.29739e-10;2.8602e-10;5.77034e-11;3.44748e-10;2.05439e-11;3.79103e-11;1.99625e-10;1.72252e-11;3.02896e-08;1.22079e-10;2.5333e-11
1.00541e-06;0.000755554;0.998402;2.66484e-05;5.79791e-06;2.63389e-05;1.48091e-07;0.000277142;5.42913e-06;1.91179e-07;2.83142e-06;0.000350536;8.16073e-05;6.51347e-05
6.40232e-08;3.90979e-05;3.54747e-07;1.00928e-07;9.16514e-06;0.000129091;4.70164e-12;2.71595e-06;2.23188e-09;5.50089e-08;7.51376e-09;0.000129893;1.58215e-06;0.999688
1.36329e-06;0.000269772;4.27961e-10;5.31738e-07;1.47939e-06;2.35137e-06;1.08728e-09;0.987793;1.00695e-06;5.17849e-09;8.72736e-06;1.74554e-06;0.0119199;3.22838e-07
3.98633e-07;0.999949;9.13693e-07;4.51877e-07;1.57743e-08;3.95339e-09;1.03702e-09;4.11283e-05;1.89536e-10;1.21463e-08;2.71942e-09;2.59487e-07;6.19113e-06;1.98142e-06
8.22571e-07;0.904239;8.57582e-07;5.30906e-07;4.07695e-06;2.23825e-08;3.71744e-08;0.00181457;3.23629e-09;1.72836e-07;2.00765e-07;0.00797546;0.085963;1.59753e-06
5.04543e-07;0.82271;1.43306e-07;0.00200979;0.00371792;0.0347311;2.93386e-06;0.033255;1.84808e-06;0.000104964;2.07288e-05;0.00327719;0.000755797;0.0994121
2.39714e-06;0.00553636;3.66206e-06;0.00022288;4.65319e-05;3.03404e-05;4.67439e-06;6.43502e-06;3.48128e-08;7.75315e-07;0.000176362;0.0249486;0.969012;8.68411e-06
0.0035608;0.218849;3.65554e-06;5.57482e-05;1.71738e-05;1.60841e-06;2.44813e-05;0.163472;0.00014629;2.98563e-06;0.00151941;0.162045;0.45029;1.20294e-05
7.12836e-07;0.054149;3.83015e-08;1.39559e-06;0.00340904;0.000238194;4.41027e-07;0.939889;7.38663e-07;2.76855e-05;3.53007e-07;9.60595e-07;0.00172866;0.000553432
2.20919e-10;2.66273e-11;1;1.36748e-09;3.86157e-08;1.04119e-10;4.78382e-10;2.00034e-11;5.03741e-12;5.80451e-09;1.35885e-11;2.60615e-08;1.96613e-11;3.02984e-09
4.72288e-07;8.44293e-07;0.99996;3.5949e-07;2.87307e-07;2.86599e-08;8.90642e-08;1.79108e-05;1.95483e-07;3.89927e-08;6.41335e-07;1.81108e-05;1.40551e-07;1.40125e-06
1.85372e-08;4.64819e-06;3.84116e-07;3.52227e-09;9.11112e-06;1.53411e-05;3.9815e-12;5.0364e-07;4.64261e-11;3.69386e-09;1.00559e-10;5.60135e-08;8.35855e-08;0.99997
1.89728e-07;0.000136949;1.6277e-11;2.09605e-09;2.24842e-07;3.95465e-07;6.40362e-11;0.975752;4.15428e-08;2.56491e-10;2.67203e-08;7.00234e-10;0.0241106;7.33246e-08
5.16091e-09;1.61941e-06;0.999998;1.57258e-08;1.02769e-08;2.25731e-10;3.11378e-09;6.88743e-09;2.94726e-10;1.23494e-09;2.47512e-10;3.18942e-10;7.94903e-10;1.11162e-07
1.28276e-06;5.69892e-05;0.0569463;2.83954e-05;2.42191e-05;2.90131e-06;7.57127e-10;0.000165652;2.68362e-06;1.07989e-07;6.95775e-07;0.942557;3.51503e-06;0.000210034
2.83856e-06;0.0259392;5.17843e-05;2.9742e-06;0.00012447;0.000749837;2.61549e-08;4.78083e-05;5.43558e-09;3.94557e-07;2.43526e-07;0.00293475;0.969888;0.000257649
1.51301e-08;0.000126367;1.10997e-10;3.36774e-06;2.20389e-05;0.126845;1.74682e-09;6.03836e-05;1.62637e-08;1.34569e-07;3.77159e-07;8.77671e-06;0.872294;0.000639172
9.7015e-10;3.37967e-05;0.999964;5.46377e-08;4.89608e-07;8.08235e-08;8.01257e-12;6.14408e-07;9.3241e-13;3.61938e-09;3.79595e-12;3.52313e-07;3.87504e-07;4.26663e-07
1.10302e-05;0.35441;3.47054e-05;0.000532417;5.46472e-05;0.00171643;8.76836e-06;0.035721;0.000166239;1.55215e-05;0.00147363;3.27109e-05;0.605821;1.99319e-06
