2.6065e-07;0.999985;1.33183e-06;6.08387e-07;3.12454e-07;2.17665e-08;3.52055e-09;5.11066e-07;1.73159e-08;7.47719e-09;9.53206e-09;1.07187e-05;7.22845e-07;5.81548e-07
1.04127e-05;7.34038e-06;2.28999e-11;3.40568e-09;2.71654e-07;1.51021e-07;2.47016e-09;0.999978;8.72253e-07;1.79212e-09;2.33962e-08;2.2783e-08;2.82573e-06;3.75872e-07
2.59008e-06;4.76584e-05;5.38971e-06;0.000179852;0.00563407;0.00441206;1.44162e-08;0.000101278;3.95407e-05;3.48771e-07;1.33531e-05;0.915362;2.48935e-05;0.0741765
7.01879e-06;0.969443;1.00417e-06;1.33939e-07;9.1848e-10;5.32929e-09;1.339e-06;4.05981e-06;1.84682e-06;8.24785e-09;2.95516e-06;2.75147e-06;0.0305358;2.63615e-09
2.74702e-06;0.0402517;1.87249e-06;7.93809e-06;0.000145271;0.000423713;2.96526e-08;0.000228201;8.44634e-07;2.87981e-07;1.89328e-07;0.940464;0.000722542;0.0177508
3.37671e-06;0.0442081;3.83262e-08;0.000143033;0.000714704;1.67959e-06;7.77918e-05;0.954455;1.51316e-05;1.80243e-05;6.8111e-05;0.000126096;0.000131356;3.72804e-05
1.85119e-05;0.101989;0.519898;0.00835981;0.00129935;0.000476585;1.0397e-06;2.62714e-05;1.59393e-07;6.61561e-05;1.43621e-05;0.361831;0.000588167;0.00543129
4.7307e-06;0.998763;1.25812e-09;2.03813e-07;9.56913e-09;3.19518e-08;5.25468e-07;0.00013042;5.56685e-08;1.17734e-08;7.8061e-06;2.16702e-05;0.00107069;3.2629e-07
8.26081e-07;0.996975;2.4886e-07;7.48121e-08;3.53642e-08;1.147e-07;2.84797e-09;0.00263004;1.74263e-07;3.61177e-09;6.05836e-07;6.14071e-06;0.000386222;6.98881e-08
1.25853e-06;0.0711142;2.69778e-09;5.77938e-05;0.000131137;0.000511394;4.61564e-09;0.000149864;3.72253e-06;2.14481e-05;4.5134e-07;0.00295206;0.000102932;0.924954
0.00134109;0.0105775;3.68838e-10;6.98908e-05;1.23924e-06;6.62394e-06;2.74976e-05;0.00167288;0.0152888;3.40527e-06;0.0990047;6.32609e-05;0.87194;3.3467e-06
5.36775e-05;0.112911;2.67387e-07;5.214e-07;4.58507e-06;5.80478e-08;1.9447e-06;0.877038;6.09262e-06;3.08377e-07;5.27581e-06;0.00882635;0.000116612;0.0010355
2.586e-05;0.275229;0.000429131;4.05124e-05;0.00519228;2.6172e-05;1.86966e-06;0.0538377;3.48009e-06;7.16527e-07;1.87827e-05;0.627519;0.028335;0.00934047
4.92118e-09;0.691748;7.11346e-11;7.2482e-08;5.30921e-07;2.07449e-08;3.31513e-07;3.78116e-06;2.19542e-09;4.67138e-08;6.75438e-08;3.47996e-06;1.56123e-06;0.308242
0.000148434;0.324324;0.000156575;0.00095347;0.00164612;0.000587192;0.17811;0.00885084;0.0109252;1.71461e-05;0.429749;0.000757691;0.043687;8.63922e-05
1.563e-06;0.994569;2.72181e-10;1.20416e-06;3.10647e-06;4.83675e-05;5.69182e-09;0.00110812;8.70806e-08;3.75769e-07;3.93908e-08;0.00018847;0.0038058;0.000273652
6.68949e-07;0.000860214;6.93135e-12;1.81213e-07;1.12844e-06;3.15925e-06;2.18343e-08;9.67117e-05;5.99451e-07;4.73996e-08;3.38888e-06;1.69464e-07;0.999034;8.07223e-08
0.000108607;0.00185921;1.46572e-07;2.81777e-06;1.13348e-05;5.12921e-07;2.28999e-08;6.81975e-06;1.14027e-05;2.83658e-07;2.70131e-06;0.997611;0.000379293;5.64864e-06
1.03366e-05;0.998037;4.55888e-06;6.91109e-06;5.2301e-07;8.78194e-08;1.03341e-08;8.68073e-06;7.586e-08;1.9512e-08;9.14499e-07;0.000850811;0.00107814;2.10015e-06
2.4133e-05;0.997747;1.80224e-08;8.80121e-07;4.46293e-06;2.80117e-07;4.23224e-08;0.00102087;1.99774e-07;4.109e-07;1.24609e-07;5.43877e-05;0.00113659;1.0581e-05
1.63409e-07;0.83911;3.99486e-12;2.38071e-08;7.4936e-06;1.07815e-07;5.20938e-05;7.82172e-08;8.74512e-10;1.02526e-05;7.9348e-09;4.52442e-08;3.9749e-08;0.160819
2.02677e-09;3.07506e-09;0.999993;5.06975e-10;1.24477e-07;2.01897e-09;1.55244e-07;2.1588e-10;2.36403e-11;2.66468e-08;2.52086e-10;6.91406e-06;3.84094e-12;6.35022e-09
0.000267377;0.0712641;4.25758e-06;0.000350689;2.86071e-06;1.29535e-05;0.013893;0.00860771;0.374897;1.10504e-05;0.523866;0.000202776;0.00661987;2.15786e-07
1.06429e-06;0.000195479;6.37488e-10;6.47874e-08;3.00357e-08;9.03493e-10;1.49371e-09;0.999785;8.18126e-07;2.35274e-09;1.56682e-07;1.51472e-07;1.71446e-05;4.9158e-09
4.15937e-07;0.989314;3.85279e-07;3.86785e-05;1.77812e-07;7.07524e-08;1.4538e-07;7.94181e-07;4.0897e-07;2.11874e-06;3.01231e-07;0.000105237;2.23896e-07;0.0105375
4.0546e-06;2.15064e-06;0.999849;2.24017e-08;2.90988e-07;1.00155e-09;9.69734e-08;0.000113236;2.85045e-07;3.74388e-09;4.93074e-07;2.98551e-05;7.17904e-09;8.16667e-08
9.06832e-08;0.00882776;1.1962e-08;1.16454e-09;1.09213e-06;3.0379e-10;8.02768e-09;0.991094;1.6226e-07;2.52122e-09;4.31782e-08;9.43557e-08;7.67989e-05;1.45177e-11
1.31121e-07;1.9215e-06;0.998726;5.11431e-06;2.54735e-05;4.13881e-06;1.06012e-08;4.95213e-09;3.96593e-08;7.38973e-06;3.57973e-08;0.00122779;2.06061e-07;2.03607e-06
0.000247938;0.00462269;2.68255e-06;1.26953e-05;1.26059e-06;9.65709e-06;0.000408689;0.0122973;0.9718;1.13056e-06;0.0104151;3.89638e-06;0.000161197;1.59457e-05
