1.2416e-06;0.999891;3.42132e-05;1.79281e-07;6.03825e-07;9.93607e-08;8.86251e-10;2.08918e-05;2.33992e-10;1.37135e-08;2.70436e-10;7.67093e-06;4.14525e-05;2.98203e-06
2.06881e-05;0.0622281;7.99056e-08;2.07148e-06;0.000118675;2.69946e-06;1.22964e-07;0.00169005;8.32721e-07;6.68166e-08;1.38307e-06;0.0322423;0.903692;9.69244e-07
1.87063e-06;0.0254722;1.01355e-10;1.04548e-06;0.00672482;3.6794e-07;1.37016e-07;0.967477;5.03114e-07;9.60144e-07;3.32528e-07;2.50395e-05;0.000201779;9.41087e-05
2.42901e-05;0.0250261;0.437214;0.0445261;0.024171;0.152775;8.92167e-06;0.000105216;8.69655e-06;0.000687524;0.000119673;0.00259913;0.000300946;0.312433
0.000428497;0.000113383;9.02604e-07;8.3747e-07;1.87802e-07;4.36233e-08;4.70065e-05;0.998087;0.000112499;5.0048e-08;0.00109822;1.15323e-07;0.000111796;2.69857e-09
1.73491e-06;0.992737;7.65989e-10;1.31136e-06;0.000818799;4.43992e-07;2.74903e-09;0.000330585;1.36878e-07;2.14228e-07;1.74696e-07;3.50258e-05;1.25471e-05;0.00606223
1.47449e-06;2.66112e-06;0.000403611;1.34307e-06;0.000176304;1.54751e-05;6.46935e-09;1.41983e-07;1.42513e-08;5.12266e-07;1.91991e-07;0.991959;1.2676e-05;0.00742687
9.98182e-05;0.992155;2.5582e-09;2.85039e-06;2.40836e-07;3.20029e-07;4.73904e-05;0.00276998;0.000304912;1.42363e-07;0.000490155;2.69584e-07;0.00411675;1.24531e-05
6.91774e-05;0.0632413;1.49441e-08;6.60545e-05;0.00148763;0.00110512;6.19482e-07;0.922741;0.000566362;8.03377e-06;0.000444055;0.00200346;0.00772364;0.0005434
0.000132519;0.993808;0.00138042;1.48396e-05;3.49802e-05;1.64786e-06;1.71857e-05;0.00127538;8.03642e-06;1.76122e-05;2.1736e-05;0.00308955;9.33221e-05;0.00010509
9.80483e-05;0.992241;1.98059e-07;3.77313e-07;0.000408937;2.81273e-08;3.14787e-05;0.00181268;0.000222712;1.70376e-07;2.92399e-06;0.00368374;0.00139958;9.86216e-05
0.00493091;0.0582351;7.98232e-06;1.51108e-06;2.38882e-05;5.10645e-07;0.0268943;0.748612;0.0769486;0.000164192;0.000875654;8.68756e-05;0.0832156;3.22605e-06
9.35647e-11;2.37201e-10;1;1.51836e-10;1.03981e-09;1.53296e-11;8.30115e-11;2.68135e-12;2.1314e-09;4.40693e-11;5.1165e-12;1.02802e-08;5.11448e-12;1.40133e-11
3.84945e-05;0.000330542;0.988665;4.6805e-06;5.40202e-07;2.13797e-05;5.46996e-07;0.00032948;0.000364169;3.221e-07;5.5361e-06;0.0102319;4.8028e-06;2.72473e-06
2.13136e-05;0.0182157;1.30941e-07;1.16456e-05;0.00284483;0.534253;1.64322e-08;0.00069776;0.000244486;2.07202e-07;1.70191e-05;0.000420936;0.0289205;0.414352
2.83414e-07;7.44823e-05;1.31183e-07;6.62594e-10;1.19111e-05;1.74799e-07;1.99721e-12;0.000668025;1.37868e-09;2.45964e-10;6.48619e-10;0.970912;0.0283291;3.87903e-06
4.58696e-08;0.98159;1.98048e-14;4.14018e-10;1.86847e-06;2.25929e-08;1.62855e-09;2.75874e-05;1.99191e-09;2.41948e-08;1.03254e-10;8.82454e-09;1.98048e-05;0.0183604
4.44531e-06;0.999747;5.93413e-08;4.61268e-09;2.22892e-08;1.1439e-09;1.23422e-05;0.000170923;1.18427e-05;1.64273e-09;5.12637e-08;3.29292e-07;5.25671e-05;9.71735e-09
2.35573e-05;0.166775;5.08771e-08;1.36e-06;0.000582018;5.60845e-05;1.11937e-07;0.0766456;9.35161e-07;5.08038e-07;1.76771e-07;0.000392067;0.754865;0.00065774
9.97994e-06;0.928416;2.0052e-06;1.3817e-05;0.000162036;4.94513e-06;0.00391165;0.00126742;3.57758e-07;0.00238889;6.9212e-07;1.90759e-05;0.000207703;0.063596
3.44039e-12;2.7296e-12;1;2.13019e-10;4.59917e-11;1.90265e-10;1.27012e-09;1.43322e-14;4.46866e-13;6.17601e-11;1.97676e-12;4.82255e-10;2.73579e-14;1.15888e-11
8.28914e-05;0.94046;4.20518e-06;7.42998e-05;9.95488e-06;1.26234e-05;0.00531465;0.0494589;2.5319e-05;7.70134e-06;0.00017527;7.25735e-05;0.0042919;1.01141e-05
0.000164998;0.596807;0.000816805;0.00337266;6.02282e-05;7.16079e-05;0.0118715;0.00444362;0.00627208;9.1463e-05;0.056301;0.306261;0.0114506;0.00201516
1.99499e-05;0.998311;3.04934e-05;3.22383e-05;3.05457e-06;9.57219e-08;3.43776e-05;0.000999062;1.84543e-05;1.20981e-06;2.45219e-05;0.000224232;0.000300531;1.27935e-06
2.11721e-06;0.991559;4.09434e-08;2.92879e-05;4.52518e-05;4.03531e-07;5.10709e-07;0.0035249;1.13656e-05;1.36144e-06;7.93844e-07;0.00405577;0.000766058;3.27693e-06
4.48721e-05;0.00579504;0.000276914;0.00150486;0.00117887;0.0196634;3.02304e-07;0.000110531;1.59789e-06;0.000225801;1.59258e-05;0.915344;0.0553009;0.00053706
7.42322e-05;0.960756;4.32572e-08;2.98645e-07;1.93305e-06;1.06283e-06;4.3253e-06;0.000131715;3.15014e-07;2.0171e-07;2.09342e-06;0.000150857;0.0388764;3.40614e-07
5.58541e-05;0.295462;0.00126425;0.00127625;0.0299014;0.0997037;8.29984e-07;0.0549813;4.61269e-05;1.07331e-05;8.61858e-05;0.0433747;0.465284;0.00855276
1.32053e-05;0.721695;8.41062e-05;3.12499e-05;0.00210677;0.000199418;6.81028e-07;0.00227886;6.86165e-07;4.04282e-06;5.77589e-06;0.100193;0.172591;0.000795805
9.80471e-07;0.000484807;8.13709e-10;2.15765e-07;3.69444e-08;2.88224e-07;0.998911;5.90903e-07;2.4721e-05;0.000566792;5.87204e-06;5.20211e-09;2.50444e-06;1.77563e-06
4.97144e-09;1.41689e-10;1;2.03612e-09;3.34596e-09;1.03095e-10;9.79811e-08;1.17525e-11;2.53641e-08;1.33985e-09;9.66029e-10;3.93582e-07;3.05668e-11;3.39586e-13
0.0190126;0.183096;0.00849091;0.000112175;0.00016029;1.62068e-05;0.000385454;0.346318;0.0278983;1.72385e-05;0.000925999;0.118105;0.295454;7.55759e-06
1.21803e-05;0.663027;1.43586e-07;9.44925e-06;0.00579944;5.06346e-06;1.796e-07;0.289194;7.30418e-06;1.91082e-06;3.30325e-06;0.0276132;0.0132107;0.00111621
5.05769e-07;0.00132276;0.0022535;2.36009e-06;5.76744e-08;1.42906e-07;0.0485881;3.14747e-11;3.4739e-08;0.938642;7.38896e-08;4.11383e-10;8.25331e-10;0.00919059
3.2628e-11;5.42629e-15;1;5.18637e-12;2.43578e-12;1.91652e-12;2.00693e-09;1.57535e-14;1.01083e-09;1.37398e-11;9.64912e-11;2.11666e-11;2.80192e-15;2.99559e-14
