8.14497e-06;0.997452;7.72248e-05;3.44407e-06;3.67313e-06;6.48428e-08;4.08579e-08;0.00081832;3.03533e-08;1.22139e-07;9.72652e-08;9.07551e-05;0.00154082;5.60643e-06
0.000319993;0.646852;0.00120032;0.000148932;0.000172098;0.000318781;9.02266e-06;0.327796;5.79823e-05;4.32916e-05;1.63768e-05;0.0149646;0.00740855;0.000691428
7.83523e-05;0.218812;4.03186e-07;0.000501201;0.000253922;0.0125624;2.0609e-05;0.00676689;0.00126846;0.000123149;0.00989353;0.134767;0.576168;0.0387843
0.000322124;0.179314;0.00079756;0.00539977;0.00598306;0.000272373;5.60394e-06;4.75851e-05;0.000145265;0.000246152;0.00010132;0.621055;2.11533e-05;0.186288
0.00544396;0.0513852;1.32559e-07;6.12701e-06;0.00104568;5.03867e-06;9.07967e-05;0.926989;0.01394;1.03525e-05;0.000863024;2.79088e-05;2.03164e-05;0.000172614
2.19393e-05;0.00126507;0.994833;5.72695e-06;1.63483e-05;2.2925e-05;5.85354e-09;8.23377e-05;3.8026e-07;2.54983e-07;1.91871e-06;0.000100854;0.00363003;1.89058e-05
0.00253131;0.822309;4.10961e-05;9.12411e-07;2.5909e-06;5.40879e-07;1.5882e-05;0.00772976;0.00019969;1.74733e-07;0.00204675;0.133686;0.0314102;2.5767e-05
4.84627e-05;0.119331;3.48383e-06;3.01305e-05;0.579016;8.00368e-06;1.06876e-06;0.269731;0.000109442;2.10355e-05;5.86954e-06;0.0169629;0.00143344;0.0132985
0.00174961;0.00390553;0.934086;0.000710523;0.041965;0.00118217;2.39179e-07;0.000247352;9.95015e-06;4.51938e-05;1.72396e-06;0.015334;0.00010423;0.000658348
0.048671;0.489068;9.31112e-06;1.98814e-05;0.000139286;1.11714e-06;0.000116481;0.327327;0.0145326;1.229e-05;0.0120227;0.0167044;0.0913474;2.84754e-05
4.08397e-05;0.994732;7.87833e-06;0.000100843;0.000445855;0.000141036;3.25169e-06;0.00105292;0.000214325;5.36974e-05;0.000208429;0.000163714;0.00066523;0.00216938
7.20985e-05;0.000700023;5.17719e-06;4.50836e-05;0.791351;0.0842723;3.78112e-05;0.00141139;0.000969146;0.000205426;2.11132e-05;0.000159757;0.000484675;0.120265
0.000836328;0.983516;1.13402e-08;5.44021e-06;2.88136e-07;1.49461e-07;0.000372878;7.64753e-05;0.00271734;1.69242e-06;8.32149e-05;0.000732323;0.0116579;1.27244e-07
1.73435e-05;0.999103;9.12167e-09;3.92272e-06;2.86092e-06;8.67454e-07;1.01637e-07;8.41492e-06;9.48155e-06;1.65331e-07;6.7676e-07;0.000117449;0.000693751;4.21e-05
0.000107186;0.746905;5.85361e-08;6.16541e-07;1.14216e-06;1.73883e-06;1.39854e-06;2.02867e-05;1.57996e-07;1.9334e-07;1.30289e-07;0.00108178;0.251829;5.2042e-05
1.22659e-07;0.00955469;3.81032e-05;6.68841e-07;4.44889e-07;7.10402e-07;3.48579e-08;4.44451e-06;6.95612e-08;2.08805e-09;8.71475e-07;0.988702;0.00169578;1.99238e-06
2.58674e-07;0.664762;4.37293e-08;3.51736e-07;8.92851e-07;1.26629e-06;0.0115149;5.84315e-08;5.40733e-08;0.00251924;6.10984e-09;7.63982e-10;3.16751e-07;0.321201
2.74594e-08;5.94814e-09;0.999998;3.78407e-09;7.78567e-09;3.14562e-08;1.95451e-08;4.63685e-08;1.46925e-07;1.39089e-09;8.33584e-09;2.07335e-06;6.62092e-08;1.25282e-10
