1.58925e-07;0.997453;4.42807e-11;2.87527e-09;1.24146e-10;4.98298e-10;2.04341e-08;9.3002e-08;4.00661e-09;2.86007e-10;2.07023e-08;2.70221e-06;0.00254421;9.44714e-11
1.5787e-05;0.895948;1.08155e-09;0.000226899;0.000191944;0.000693277;1.9623e-08;0.0823454;2.25583e-05;1.36922e-06;9.52893e-06;0.0106239;0.000704949;0.0092161
2.68461e-06;0.000172812;2.25891e-06;4.8947e-07;4.61652e-08;9.86588e-08;1.10184e-08;8.99164e-08;9.3704e-08;3.20044e-08;1.94192e-06;0.999532;4.28153e-06;0.000282982
3.63547e-06;0.988366;3.85402e-09;4.49078e-07;0.00016163;1.88324e-05;2.88065e-07;0.00423635;4.35095e-08;1.18727e-07;2.12162e-07;1.64465e-05;0.00716793;2.82052e-05
1.48579e-05;0.980963;2.29636e-05;0.000944368;0.000191652;0.00146765;3.17433e-06;0.000351009;0.00051804;9.82518e-06;0.000545506;0.0028746;0.010571;0.0015222
3.73783e-06;0.000859224;6.97579e-08;1.83182e-06;2.76658e-06;5.70907e-07;8.10139e-09;0.999127;1.14181e-07;7.84324e-08;3.43948e-08;1.39516e-07;1.82146e-07;4.69401e-06
4.72103e-07;0.994573;1.69774e-09;1.06329e-06;1.9217e-08;4.42401e-08;2.95267e-05;1.04457e-06;4.31571e-09;2.94795e-05;2.80787e-08;3.43168e-08;5.19554e-07;0.00536448
1.33877e-06;1.60028e-06;0.999953;2.03778e-07;3.1994e-08;2.77777e-05;7.87303e-06;1.08604e-06;1.76454e-07;2.4146e-07;1.72319e-06;2.01855e-07;5.11935e-06;7.58686e-08
8.1029e-09;2.34759e-08;1;6.88288e-10;5.81543e-09;1.27154e-09;1.02899e-09;2.29831e-08;1.40011e-10;2.31645e-11;2.08608e-10;3.18393e-07;2.0378e-10;1.56756e-09
2.82983e-08;6.50782e-06;1.26023e-05;2.64958e-09;3.01154e-07;2.49266e-08;2.84298e-11;3.42272e-07;8.00948e-10;2.6426e-09;8.95238e-11;4.726e-05;3.20518e-10;0.999933
4.78072e-06;8.71212e-05;1.50748e-09;1.95539e-08;0.0453198;0.000158512;2.34045e-07;0.954342;6.08291e-05;6.70972e-09;1.92861e-08;1.92329e-07;9.1113e-07;2.57801e-05
2.98063e-08;1.46832e-07;0.999587;4.81557e-09;0.000247268;5.05701e-08;1.15488e-11;6.20827e-09;4.29257e-12;6.06199e-10;6.36113e-12;0.000149688;2.10089e-08;1.59826e-05
6.91238e-07;0.999393;1.34759e-08;5.62139e-09;7.07256e-08;5.54881e-08;1.45044e-07;2.54397e-05;4.92481e-07;2.58958e-10;1.17602e-07;6.29346e-07;0.000577374;2.20996e-06
2.07474e-07;0.996743;2.36486e-08;5.22327e-08;4.58595e-07;2.46648e-07;8.3638e-06;0.00232258;1.79867e-07;2.73326e-06;2.66995e-08;2.81038e-08;0.000915409;6.45709e-06
5.09565e-11;2.17388e-09;0.999959;2.26084e-09;3.37073e-09;1.37676e-09;1.14194e-09;1.26954e-10;1.3535e-10;1.50727e-09;5.93267e-11;4.08474e-05;1.65284e-10;6.46479e-09
2.25125e-07;0.990706;1.61224e-07;4.50453e-08;2.30679e-05;1.25572e-08;6.03864e-08;0.00688051;2.12424e-08;7.41901e-08;1.89029e-08;4.02323e-07;0.00236439;2.52014e-05
1.72675e-06;0.00878672;6.1728e-09;7.65042e-06;5.75923e-06;0.000425707;0.000487206;6.78164e-07;2.27184e-05;7.71011e-05;3.26232e-05;6.48452e-06;0.989576;0.000569325
7.86634e-07;3.27912e-07;0.99737;9.63892e-07;5.27088e-07;1.15188e-07;2.28494e-05;3.22332e-08;1.06332e-08;3.9105e-05;3.27655e-08;0.00256024;1.02636e-07;5.42602e-06
5.31497e-08;1.17273e-08;0.999995;4.64399e-09;1.53704e-08;2.43397e-10;3.07693e-06;2.92933e-10;4.69338e-07;8.79775e-09;2.58652e-07;5.28987e-07;2.34669e-10;3.6184e-11
5.87587e-07;0.998224;2.5538e-06;3.47763e-07;6.1483e-07;1.12797e-07;1.85287e-07;7.14791e-06;2.56912e-07;1.69004e-07;2.30632e-07;1.02415e-06;0.00176171;5.48029e-07
1.70777e-07;0.00785225;3.5972e-09;7.1417e-07;1.9523e-07;3.87538e-05;5.9568e-07;1.50809e-05;2.13589e-06;2.43676e-07;1.42112e-06;0.000840629;0.991244;3.86229e-06
1.88558e-06;0.0524891;0.9394;0.000132392;0.000105232;8.69306e-06;4.45518e-06;0.000339544;3.12706e-08;1.60082e-05;1.31078e-07;0.00190912;0.00243394;0.00315938
2.58333e-06;0.0107958;1.91231e-09;8.88118e-07;1.09703e-07;5.90364e-06;2.77161e-05;1.99034e-05;0.000122024;1.75543e-07;8.97487e-05;5.942e-06;0.988929;1.08026e-07
4.63532e-06;0.0608252;0.937903;2.47743e-06;1.6404e-07;3.62082e-07;5.05903e-07;7.99351e-07;2.7371e-08;4.88756e-06;9.20106e-09;0.0011382;2.29311e-06;0.00011731
1.04985e-06;0.99892;2.27686e-08;9.82065e-07;8.63777e-07;1.71582e-07;6.10131e-07;0.000445216;2.13567e-06;1.39858e-08;3.23381e-06;3.08182e-05;0.000590827;3.69652e-06
3.68929e-06;0.230225;1.68561e-10;2.00713e-05;7.93564e-05;8.51808e-05;2.4198e-08;0.767687;9.99524e-06;5.14108e-06;5.20043e-06;0.00011098;0.000569322;0.00119907
0.000465757;0.0028922;3.22701e-08;2.37839e-05;1.85053e-06;4.43143e-06;9.95126e-06;0.977808;0.00105788;1.24704e-05;0.000194262;8.62464e-05;0.0174263;1.63389e-05
7.3692e-07;0.00136831;8.06677e-09;5.00437e-08;8.30319e-09;1.45927e-09;3.99702e-09;2.13743e-07;3.1411e-07;5.86426e-10;2.97107e-07;0.998595;3.11165e-05;3.51218e-06
1.28635e-05;0.999867;7.65671e-07;3.32798e-07;1.32736e-06;2.61691e-08;4.54517e-06;8.55242e-06;1.0558e-07;1.38463e-06;3.57497e-09;4.76365e-07;2.6698e-06;0.00010007
2.54957e-09;1.02835e-09;0.999994;4.4866e-11;7.91342e-11;4.10935e-11;4.86623e-09;2.63028e-10;1.94225e-09;7.2419e-11;7.58185e-11;6.43787e-06;7.93856e-11;1.24277e-11
1.33442e-05;0.0611349;1.54565e-07;1.66723e-05;1.30854e-05;0.000208934;3.43909e-06;0.930051;0.00317345;7.98159e-07;0.000150638;6.40582e-06;0.00431739;0.000910195
6.13575e-07;3.0947e-05;4.89854e-10;4.43705e-08;1.71647e-06;1.02556e-07;1.16813e-09;0.993577;3.17339e-07;7.68794e-09;5.34817e-07;1.5971e-07;0.00638776;3.35078e-07
6.56304e-05;0.027438;0.000162793;5.06399e-06;3.08217e-05;4.18284e-05;1.77953e-06;0.0211701;7.39887e-07;1.40669e-05;7.57652e-07;0.0167776;0.932193;0.00209821
8.08929e-08;1.8676e-07;0.99997;2.95971e-07;1.32492e-06;4.97415e-08;9.53285e-07;2.07551e-06;4.50273e-08;8.88498e-09;3.52654e-08;2.41799e-05;8.57782e-07;2.93257e-08
9.84899e-09;1.07321e-06;1.33148e-05;3.95711e-07;1.83892e-06;1.99953e-08;1.35181e-09;2.16687e-06;3.56143e-08;1.71091e-08;5.62366e-08;3.96611e-05;4.313e-08;0.999941
2.06667e-07;3.5647e-05;3.19618e-11;8.91618e-08;0.000320841;3.48616e-05;4.68738e-08;0.999601;2.8839e-06;1.45132e-09;3.06372e-07;7.01115e-09;2.8479e-06;1.44238e-06
2.26144e-08;5.96203e-07;0.999571;6.03412e-07;1.2092e-05;3.64767e-06;1.76968e-10;1.93616e-09;9.28768e-11;5.94505e-09;1.5477e-09;0.000401275;3.64742e-08;1.09355e-05
9.88154e-08;0.999855;2.01331e-10;1.95923e-08;5.74683e-10;1.15162e-07;3.46787e-08;4.72681e-07;1.37062e-07;3.8896e-11;1.06012e-06;1.65597e-06;0.00014099;1.34368e-07
9.26593e-08;0.999382;7.07004e-10;7.46604e-08;4.08312e-06;2.92874e-07;9.08669e-09;4.3511e-05;3.15953e-09;3.51062e-08;1.55338e-08;3.16368e-05;0.00041867;0.000119941
6.52869e-07;0.986105;6.02998e-08;5.06772e-07;9.52632e-05;2.71722e-07;2.0359e-08;0.00594226;7.8882e-10;2.1345e-06;5.07936e-09;1.9084e-05;0.00514656;0.00268807
1.5911e-07;0.00156207;3.06236e-09;3.16453e-06;1.50481e-06;0.000382135;6.35328e-05;2.71857e-06;1.68296e-06;2.52623e-05;1.43573e-05;6.76449e-07;0.99787;7.22975e-05
1.62393e-08;1.89348e-07;0.999932;2.22667e-07;2.24696e-08;1.12017e-08;8.77367e-07;2.72355e-10;4.04386e-10;7.58405e-06;2.55173e-09;5.86179e-05;2.79386e-09;2.25795e-07
1.68823e-07;3.7202e-08;0.999967;2.88295e-07;7.03027e-08;1.32849e-07;2.20722e-05;1.57149e-09;4.78296e-06;1.09776e-07;5.22348e-06;6.63218e-08;1.54047e-08;3.1738e-09
2.33418e-06;0.00909338;5.29904e-09;4.79913e-09;4.04557e-07;7.58119e-09;1.63482e-09;0.990887;4.39694e-08;1.03843e-08;3.52756e-08;2.62679e-08;1.54472e-05;1.32738e-06
2.67969e-09;0.000103209;1.35244e-07;9.84398e-08;2.67792e-06;8.43351e-07;1.62787e-10;5.33542e-07;1.71248e-09;1.73626e-09;1.23498e-07;0.999851;7.16441e-06;3.36479e-05
1.74099e-08;0.9999;3.58652e-10;1.09967e-10;6.08859e-10;1.27792e-09;3.00736e-09;1.2943e-07;4.87036e-12;9.36462e-10;6.0292e-11;4.3905e-08;9.95193e-05;7.30716e-09
1.38448e-06;8.68677e-05;1.36672e-07;1.01535e-07;0.00049272;1.27388e-06;1.09588e-09;0.00023282;7.08745e-08;2.10817e-08;1.95025e-08;0.998828;5.75422e-05;0.000299431
0.00050517;0.0104621;1.72846e-08;1.9938e-06;1.15835e-05;5.10959e-05;0.000174607;0.971569;0.000751724;2.88664e-05;4.72077e-06;1.07401e-10;0.0164355;3.43139e-06
3.53493e-09;1.5533e-08;1;7.12899e-10;3.92157e-10;5.44677e-11;2.97754e-10;1.43969e-11;1.31825e-10;1.26493e-10;2.32139e-11;8.79827e-10;1.03801e-11;1.34777e-09
4.74416e-06;0.000366287;0.0016284;1.61709e-06;1.75063e-06;3.21642e-06;1.09091e-09;0.00398931;1.07988e-05;8.37625e-08;1.57968e-06;0.993976;6.35077e-06;9.3737e-06
3.39118e-05;0.0074949;7.72118e-07;1.16229e-07;3.07145e-05;5.73388e-06;7.93751e-07;0.99028;2.9038e-06;4.49691e-07;2.306e-06;8.76028e-07;0.00189954;0.000246817
2.82296e-05;0.988096;1.47983e-08;1.67336e-07;2.71067e-05;4.19864e-06;0.000210124;0.000302617;4.81339e-07;0.000135369;8.52861e-08;0.000636357;0.00201164;0.00854756
2.10825e-09;1.2504e-10;0.999998;1.01265e-09;8.92299e-07;8.15404e-08;5.47126e-11;7.84374e-07;4.56298e-10;2.55075e-10;3.63039e-12;2.18166e-07;1.32815e-10;1.2279e-10
3.33897e-05;0.0934664;2.31117e-05;6.80269e-06;0.000131288;1.26623e-05;4.10925e-07;0.905334;0.000212701;3.13178e-07;3.87354e-06;0.000545968;0.000217512;1.16012e-05
1.83608e-06;0.988579;2.6831e-08;6.74848e-08;8.06938e-06;1.88994e-08;1.27572e-09;0.0112937;9.04018e-09;1.59847e-08;6.18122e-10;8.35382e-05;2.85261e-05;5.60746e-06
0.000667617;0.309834;9.77905e-05;5.78246e-05;0.00024606;0.00056705;3.26809e-05;0.401366;0.000141108;8.6392e-05;1.14111e-05;0.224318;0.061352;0.00122171
0.000190934;0.029869;1.28934e-06;0.000160593;0.00193297;0.00318198;8.60022e-07;0.00550878;0.0176077;2.53933e-07;2.99786e-05;0.841347;0.00207684;0.0980923
0.000103417;0.921206;6.14609e-07;8.2029e-07;4.50943e-08;5.56005e-07;1.25624e-06;6.78498e-06;3.23618e-05;2.66726e-08;6.00894e-06;0.000326815;0.0783094;5.42062e-06
1.04823e-06;0.136551;9.31077e-08;8.75139e-08;1.48923e-05;1.23302e-06;1.05135e-09;0.000712091;1.34921e-07;1.93793e-08;3.11665e-09;0.853746;9.99468e-05;0.00887373
4.41007e-08;0.983783;4.19795e-10;5.18851e-07;7.92172e-06;1.20541e-06;2.2751e-09;0.0154555;9.18737e-08;5.59526e-08;6.70207e-08;3.06939e-05;3.32749e-05;0.000687677
4.07588e-07;0.0403863;7.92617e-06;1.82937e-06;9.67842e-06;5.00655e-06;1.35481e-08;8.7087e-06;9.43103e-08;2.28851e-08;3.06684e-06;0.938116;0.021449;1.15376e-05
4.37493e-06;0.0112543;6.2393e-10;3.13007e-07;9.2971e-07;6.99146e-07;2.02265e-07;0.000852175;1.62047e-07;1.43008e-08;4.24357e-05;0.00123943;0.986603;2.13846e-06
7.56986e-05;0.0323373;0.00251922;2.54469e-05;3.83364e-05;6.81851e-05;4.13697e-07;0.00104928;1.19327e-06;1.13153e-06;3.57658e-05;0.956997;0.00649987;0.000351141
4.9462e-05;0.271845;0.00581877;0.000341818;0.000143553;0.0177827;3.19799e-06;0.676444;1.61717e-05;1.48647e-05;0.000104257;0.000949923;0.026364;0.000122591
4.22148e-06;0.290543;1.5142e-06;1.15518e-05;2.5923e-05;0.000119903;1.14216e-07;0.000430842;4.90411e-07;4.42703e-07;1.73282e-05;0.0288008;0.679293;0.000751441
2.5546e-06;0.00325334;8.02985e-06;1.89872e-07;7.70278e-05;7.12744e-08;5.41219e-08;8.75159e-05;2.90861e-07;1.23819e-07;2.54761e-06;0.995453;0.00074285;0.00037244
0.000135782;0.00584423;9.12271e-08;0.000220478;0.00308566;6.90926e-05;5.33479e-06;0.94611;0.00712931;1.07442e-06;0.00098909;0.000868567;0.0354257;0.000115419
6.0662e-05;0.999561;1.10791e-07;1.03954e-07;1.7896e-07;6.85495e-09;5.10912e-07;1.98863e-05;1.78827e-06;4.20006e-08;6.26242e-08;0.000263519;7.87071e-05;1.34061e-05
1.42341e-06;0.00908328;1.26505e-06;2.21084e-05;0.000135151;2.35466e-05;2.42937e-09;4.05122e-05;3.23689e-06;4.73687e-08;1.60212e-07;0.000428734;0.000122096;0.990138
0.000993893;0.96624;2.2332e-05;4.18351e-05;2.72718e-06;4.2163e-07;1.15693e-07;0.010763;0.000149418;1.15534e-06;5.172e-05;0.000864329;0.0208428;2.58902e-05
3.04953e-05;0.926687;6.29451e-07;7.55542e-07;1.14724e-05;1.89641e-05;1.63007e-06;0.031356;1.68526e-06;5.33523e-06;3.5628e-06;0.00181934;0.0400553;7.56721e-06
1.14123e-06;0.000375853;1.98526e-09;6.59747e-05;0.00132262;7.56141e-05;2.17535e-05;5.55328e-05;1.57708e-06;0.000109496;2.38407e-05;0.000356222;0.996392;0.00119864
0.00345118;0.0257302;6.79013e-06;0.00217627;4.58696e-05;1.58564e-05;0.00384023;0.000404014;0.00694846;0.000618513;0.0461039;0.908754;0.00148559;0.000418661
5.35792e-05;0.997534;3.76317e-05;1.07526e-05;9.3936e-06;9.78379e-08;3.16401e-06;0.000607441;2.47099e-07;6.67849e-07;9.23573e-07;5.73585e-06;0.00173245;3.71934e-06
5.72441e-06;0.994654;5.19945e-07;3.0175e-07;1.34434e-06;1.1759e-06;0.000130795;0.00186705;3.99299e-08;0.000142773;6.22728e-09;1.32963e-07;0.000176888;0.00301926
1.18441e-12;1.67851e-14;1;1.20487e-11;5.40263e-11;5.00465e-10;4.34413e-12;1.93384e-14;6.73561e-13;2.93481e-11;7.11853e-13;2.61402e-08;8.81993e-15;3.78376e-08
4.3487e-06;0.288591;7.54949e-08;5.98245e-06;2.69699e-05;9.98351e-06;6.8354e-07;0.00440654;6.98242e-05;3.51381e-08;4.76835e-05;0.0046249;0.702106;0.000105437
6.95996e-06;0.202842;1.56708e-05;3.68756e-06;0.0369777;1.01735e-05;1.57053e-06;0.532161;1.96952e-05;1.4879e-05;2.15881e-05;0.220401;0.00206929;0.00545488
3.46966e-08;0.000115773;0.997827;9.85889e-06;0.000559562;0.000206074;1.96798e-11;0.00034525;4.77853e-09;1.11476e-07;6.16187e-09;1.02804e-05;0.000466186;0.000459809
0.000485096;0.397009;1.17226e-06;4.60308e-05;3.70088e-06;1.18047e-05;4.32593e-05;0.000443666;0.00465974;4.32171e-07;0.0108229;9.87228e-05;0.586214;0.000160023
1.97875e-06;0.00673101;3.68925e-09;4.25547e-08;0.00136203;4.57711e-09;7.95533e-10;0.991665;2.2926e-07;6.97303e-09;1.4238e-07;0.0002031;3.43007e-05;2.67078e-06
4.38241e-08;1.16925e-05;0.998532;1.11879e-06;5.58539e-05;0.000549991;4.76038e-09;2.05499e-06;3.93693e-10;1.39899e-06;4.01109e-09;0.000790993;3.92752e-07;5.42515e-05
2.82568e-06;0.018841;5.07348e-12;2.99769e-08;1.03609e-07;9.30995e-07;6.3664e-06;3.34573e-05;1.42729e-06;1.09468e-08;9.49891e-05;1.50625e-07;0.981019;3.40747e-08
3.24908e-05;0.00286094;7.33527e-07;2.02563e-06;0.000163715;6.2982e-06;1.91564e-08;1.94922e-05;1.64394e-05;3.10576e-07;5.14995e-06;0.99618;0.000670597;4.15993e-05
0.000281021;0.628343;1.85869e-09;1.16215e-07;6.75372e-07;4.1029e-08;6.44597e-07;0.000189635;0.000111802;3.81872e-08;1.00538e-05;0.000364699;0.370699;3.03675e-11
1.76611e-05;0.986048;1.99263e-07;9.57235e-07;1.72351e-06;9.9161e-05;7.85696e-08;0.00238277;7.95908e-07;9.78483e-06;7.34888e-08;0.0083874;0.00206864;0.000982725
2.36755e-06;0.00229323;2.48648e-08;2.56181e-06;3.31645e-07;0.000120066;0.980512;2.38342e-07;2.19647e-05;0.0143874;1.05083e-05;8.94242e-10;2.70333e-07;0.00264876
4.59678e-08;2.87867e-08;0.999993;5.73957e-07;1.24858e-09;2.34486e-07;5.30395e-06;1.12703e-11;4.78275e-08;3.09541e-08;5.31346e-08;2.72775e-07;2.10032e-07;4.13532e-12
5.51516e-05;0.947824;2.38656e-07;5.39105e-07;7.09443e-10;3.03344e-08;4.20659e-06;7.28767e-07;1.13911e-06;4.14743e-08;6.59662e-06;0.00019367;0.0519136;1.97155e-09
3.26184e-06;0.975989;1.22665e-08;1.47432e-07;2.71225e-05;1.93163e-05;4.02249e-07;0.00641015;3.05344e-07;2.57865e-06;2.86381e-07;0.00946513;0.00455621;0.00352586
1.49868e-07;0.00607998;1.22298e-08;2.99015e-07;1.21e-06;7.45461e-06;0.946445;6.44049e-08;8.53116e-07;0.0463877;1.30827e-06;1.02395e-08;6.89839e-06;0.00106914
4.15994e-10;1.42321e-10;0.999999;1.24042e-08;1.02678e-09;5.06727e-10;1.24694e-06;2.02229e-13;1.81927e-08;3.20697e-08;3.85808e-09;8.02383e-09;6.57105e-12;6.07855e-11
1.10804e-05;0.999601;1.26502e-05;4.32692e-05;5.32505e-07;5.67503e-07;4.633e-05;7.57239e-06;8.20221e-05;5.03089e-07;8.79426e-05;9.8592e-07;9.72653e-05;8.39942e-06
1.66748e-06;5.85044e-05;2.89511e-11;6.44959e-10;1.75894e-08;2.28266e-09;3.24853e-09;0.999937;3.45071e-07;5.63613e-10;1.23603e-08;5.01417e-09;2.74098e-06;2.536e-08
6.77011e-08;6.35071e-05;3.06661e-07;2.15633e-05;0.000681047;0.0012104;1.6238e-09;0.000151153;3.84309e-06;7.73567e-08;8.36575e-07;0.363565;2.65561e-05;0.634276
8.46614e-06;0.97837;7.26497e-09;8.69623e-06;2.32183e-08;7.83596e-08;0.00015402;0.00156106;0.000534943;5.2426e-07;0.000680404;3.83124e-08;0.0186814;1.77872e-07
3.35416e-07;0.000669469;0.0044532;1.61932e-05;6.22104e-06;1.42677e-05;6.4049e-09;2.21887e-07;4.01492e-09;7.70991e-07;1.05856e-08;0.973582;6.1541e-06;0.0212509
4.94751e-05;0.426638;9.30212e-10;6.22689e-06;1.54616e-05;8.7408e-06;0.000222045;0.00469804;1.09897e-05;1.39814e-06;4.16146e-05;4.53332e-06;0.568239;6.37287e-05
9.4364e-06;0.128007;8.76598e-07;5.48373e-06;8.79744e-06;2.4338e-06;1.34658e-07;0.00254413;4.02815e-06;4.02395e-07;2.53186e-05;0.859041;0.00815389;0.00219679
9.32852e-06;0.11848;6.52131e-09;3.80739e-06;5.14562e-05;3.02357e-05;7.93294e-08;0.000586438;3.39161e-06;3.38435e-07;6.47582e-06;0.000307763;0.879435;0.00108576
1.1116e-05;0.00221757;1.44968e-06;3.3353e-06;4.49019e-06;1.58096e-06;8.2056e-08;1.86109e-05;2.64319e-06;1.14977e-07;9.86394e-06;0.997327;0.000344964;5.72956e-05
5.89419e-06;0.984581;4.54477e-06;5.27219e-06;9.58011e-06;4.08811e-05;1.03445e-06;0.0135993;2.88425e-07;6.58238e-07;1.72317e-06;4.48714e-05;0.00093436;0.000770623
1.78639e-05;0.929832;0.00121504;0.000175354;0.000340434;0.00060159;4.98273e-06;0.00119695;1.18111e-05;4.66095e-06;0.000149869;0.0392451;0.0169056;0.0102989
1.19917e-05;0.0588947;0.000191112;1.9222e-05;4.02948e-05;0.000130887;3.3826e-07;0.000918135;1.64398e-05;8.73347e-08;0.000110456;0.930134;0.00671356;0.00281882
0.000153871;0.0308197;0.000832546;2.17515e-05;0.0202324;0.00163971;6.49707e-07;0.0181642;3.24288e-05;1.30845e-05;2.31804e-06;0.045059;0.842773;0.0402553
0.000917275;0.828394;0.00109663;4.407e-05;0.00242067;3.09085e-05;3.16648e-05;0.142068;0.00111717;1.6445e-05;0.000124093;0.0127099;0.0085906;0.00243866
9.52511e-06;0.730228;8.09553e-08;2.47486e-06;8.12561e-05;0.000132609;1.85516e-08;0.0533785;2.6906e-06;3.52824e-07;6.64698e-08;0.000119182;0.0918933;0.124152
2.29495e-05;0.00883676;3.9434e-05;0.000152864;0.000640777;0.000132258;2.58615e-06;0.00147535;1.78777e-05;1.71782e-05;0.000178639;0.00769766;0.973433;0.0073522
0.000301485;0.259055;2.29065e-07;9.03942e-05;1.29466e-05;1.67761e-06;4.60666e-05;0.00931273;6.04277e-05;2.36811e-05;0.000251075;0.694302;0.0364122;0.000129769
6.17564e-07;0.996975;8.79099e-05;8.29964e-07;2.24601e-06;6.14049e-08;1.69786e-08;0.00273613;2.77517e-10;5.79368e-07;9.25446e-10;3.34167e-07;0.000193146;2.60427e-06
2.45239e-09;1.04496e-08;1;2.50452e-08;2.00271e-08;7.62783e-10;1.64056e-07;6.658e-11;4.6898e-11;1.59212e-08;4.4184e-10;3.57539e-08;4.41588e-09;1.16661e-08
2.00236e-07;9.04257e-08;0.999643;2.33855e-06;4.93981e-06;3.67279e-07;6.96422e-08;8.32009e-06;2.0252e-07;6.14989e-08;1.15854e-06;0.000100086;1.06326e-08;0.000239358
2.25258e-10;2.09905e-07;1.93864e-09;1.21714e-09;1.23731e-06;5.04713e-06;8.24489e-14;5.10669e-09;1.59314e-12;2.40903e-10;9.51852e-12;1.70586e-09;2.12868e-08;0.999993
4.9942e-07;0.000133187;2.82974e-10;2.20439e-08;1.22485e-06;9.53036e-07;2.49109e-10;0.00278663;2.73935e-08;2.36289e-10;8.1166e-08;0.000168428;0.996909;3.82168e-07
1.30243e-07;0.890067;7.76372e-07;2.21804e-07;2.73957e-07;1.47047e-07;5.10381e-10;1.30149e-05;9.77025e-11;9.17932e-09;9.16386e-10;2.00876e-07;0.109918;1.30464e-07
6.33992e-08;0.234577;1.80371e-07;2.82322e-07;2.29662e-06;8.69921e-06;2.49043e-10;0.000331605;1.22867e-09;1.53295e-07;1.04366e-08;0.755278;0.00870855;0.00109335
8.87942e-07;0.788151;5.68447e-07;1.96357e-05;0.000969206;0.00388727;3.48502e-07;0.0751402;4.51716e-08;8.97021e-07;7.52292e-06;0.00140346;0.129345;0.00107421
8.00028e-07;0.000182891;2.81249e-08;1.00694e-05;3.87725e-06;0.000548923;2.1371e-07;6.06614e-05;2.80754e-06;9.86169e-08;0.000248149;0.0208388;0.978095;7.99138e-06
4.96976e-08;7.86064e-07;1.70138e-11;6.76379e-11;1.42103e-09;2.68177e-10;2.06638e-11;0.999994;3.0625e-10;2.11454e-11;2.18275e-10;1.39446e-10;4.8421e-06;6.32664e-11
7.131e-09;8.93081e-05;9.57637e-08;1.73951e-06;0.000307949;0.000311809;8.28834e-11;1.6411e-05;8.31941e-10;5.803e-08;1.93693e-09;0.00165789;4.53665e-05;0.997569
5.21762e-08;2.67741e-05;2.45617e-12;5.38442e-09;2.00778e-09;6.99738e-10;8.61333e-09;0.000105684;1.13157e-07;3.75759e-11;1.02976e-06;1.11796e-08;0.999866;6.53804e-11
0.000213967;0.126948;0.00010327;1.85756e-05;9.48013e-06;6.22119e-07;2.82862e-06;0.00399468;2.37054e-05;1.31183e-06;1.84202e-05;0.835607;0.0328726;0.00018484
9.38674e-07;0.99356;2.35534e-09;8.23554e-05;4.09832e-07;1.11869e-06;1.19747e-08;0.000377585;3.7977e-06;2.03214e-07;9.24179e-06;0.00586268;9.86664e-05;3.40634e-06
0.000167706;0.994533;6.93078e-08;5.25999e-05;1.27548e-06;2.3267e-08;0.00129761;0.00287409;3.53301e-06;0.000195464;0.000766767;1.80647e-05;4.44361e-05;4.5142e-05
1.24603e-09;1.63988e-11;1;1.59317e-09;2.94325e-08;5.22372e-11;2.2951e-10;3.83142e-13;2.00918e-12;2.24507e-10;3.09181e-12;5.91856e-11;1.28263e-14;5.48453e-08
0.000142722;0.0166966;2.00692e-06;6.43046e-06;0.00395382;5.28204e-06;2.6128e-06;0.975643;1.85922e-05;5.14937e-07;2.22384e-06;8.47755e-06;0.00142008;0.00209755
4.75658e-08;1.67944e-07;3.07175e-09;7.75896e-07;5.79156e-07;0.00251575;1.35698e-07;6.57832e-08;0.00016599;5.69964e-07;0.000351511;2.53458e-09;0.996964;2.78303e-07
9.5342e-09;9.46934e-09;1;3.11695e-09;8.39926e-10;5.26253e-10;8.42559e-11;2.26124e-10;2.23731e-09;7.51358e-09;1.0625e-09;3.06588e-07;3.55375e-10;1.00725e-09
4.84199e-06;0.994058;1.32023e-06;3.55289e-06;4.65962e-06;8.90749e-06;4.22011e-06;0.00435206;0.00122754;4.01669e-07;7.74154e-05;2.64234e-07;0.000105275;0.000152157
