6.42815e-07;0.999868;2.30861e-05;1.04877e-06;4.77929e-07;1.67789e-08;1.64766e-08;1.07913e-05;5.32086e-09;2.52075e-08;9.66082e-09;8.80595e-05;2.8482e-06;4.63065e-06
5.37066e-07;3.60387e-06;1.46697e-11;2.27197e-09;3.27975e-08;5.22667e-09;2.88849e-09;0.999994;2.0787e-06;1.32061e-09;2.91632e-08;1.90493e-09;1.95215e-07;4.81392e-09
1.53241e-06;0.00187442;8.04809e-07;2.0356e-06;4.64718e-06;3.97015e-08;3.63995e-08;0.00183419;4.37149e-05;1.31814e-08;1.56806e-06;0.996176;1.98519e-05;4.11201e-05
6.54102e-07;0.990686;4.74038e-10;9.1615e-08;1.32619e-08;2.71559e-08;4.3296e-06;0.00798149;3.23445e-06;4.92627e-07;1.19887e-07;5.73347e-10;0.00132327;4.10405e-07
1.67913e-12;9.03918e-12;1;1.96665e-09;1.55297e-09;9.14062e-10;6.43596e-13;4.98438e-12;1.93239e-13;2.54798e-11;1.07412e-12;5.24866e-08;1.51737e-13;9.68817e-09
7.30577e-08;0.987717;2.53685e-06;5.02793e-06;4.89014e-06;3.25321e-06;4.26594e-08;6.52979e-05;2.00688e-08;7.36894e-09;4.47216e-07;5.83918e-05;0.0121412;1.7456e-06
7.27222e-08;0.999711;3.13328e-09;7.05541e-07;2.75518e-07;1.41833e-07;5.9636e-07;9.22989e-05;1.14606e-07;8.91722e-08;4.05185e-05;5.40749e-06;0.00014217;6.80761e-06
3.12394e-08;5.26004e-06;3.65057e-05;9.50291e-06;0.167221;0.831046;9.50522e-10;0.00105655;1.70999e-07;2.86483e-07;5.33523e-07;0.000130602;6.9461e-05;0.000423871
8.79046e-05;0.915425;2.94772e-07;9.74161e-06;2.16517e-05;1.98012e-05;6.89165e-06;0.000642404;1.62023e-06;3.11795e-06;3.0905e-05;4.41938e-05;0.0836938;1.26136e-05
0.000268374;0.0830677;9.77451e-05;0.000871234;0.033888;0.00292564;2.52767e-06;0.826801;1.40603e-05;5.50113e-05;3.5492e-05;0.00106257;0.0497185;0.0011925
0.000390103;0.0219735;0.000208763;0.000753959;0.000336729;0.000961575;2.83427e-08;0.00288506;9.0526e-05;3.7843e-06;0.00420403;0.949676;0.0021562;0.0163596
8.7434e-05;0.970515;4.82365e-08;1.01433e-06;0.000267884;1.80226e-05;3.71196e-08;3.74277e-05;1.73445e-06;8.70088e-07;1.44523e-05;0.00246102;0.00666664;0.0199288
1.10859e-06;0.997778;1.32233e-07;3.09389e-08;5.7995e-06;1.22008e-06;1.94696e-07;2.21029e-05;1.01807e-08;3.21373e-06;4.96828e-09;5.09751e-08;1.14312e-05;0.0021767
1.0907e-11;1.78858e-14;1;5.77494e-14;3.18986e-09;1.05088e-12;2.69164e-14;1.56644e-11;1.79318e-13;7.33727e-14;2.09492e-15;1.25795e-08;7.40302e-15;1.1163e-12
5.08388e-08;1.12149e-05;8.84403e-07;3.2053e-10;3.54721e-06;7.3963e-09;5.25387e-13;0.99964;4.51442e-08;1.09419e-11;2.365e-10;0.000333998;1.00542e-05;2.20504e-07
5.92263e-11;0.999968;1.70202e-13;4.77117e-11;4.87895e-10;1.59341e-12;2.15244e-10;3.18523e-07;1.40083e-11;1.67773e-09;7.79132e-12;4.06696e-11;7.61351e-10;3.17236e-05
0.000119382;0.471858;8.34484e-06;7.54272e-05;1.548e-05;3.5511e-06;0.0144318;0.428673;0.0091808;5.50307e-06;0.00479728;0.0005574;0.0702742;5.46854e-08
3.13857e-07;0.00018322;6.75997e-11;1.75959e-09;4.47898e-08;3.39808e-09;1.10861e-09;0.99978;1.80944e-09;1.08576e-09;1.75721e-10;8.61433e-09;3.60178e-05;3.51302e-08
3.39249e-07;0.000153899;2.14261e-05;2.06403e-05;0.950305;4.39739e-05;2.96951e-08;0.0404023;4.75933e-07;1.74175e-07;8.7062e-08;0.00462709;1.34346e-07;0.00442458
2.28174e-06;0.000575534;0.994528;2.12045e-05;2.09816e-05;7.99824e-07;1.82697e-07;8.02886e-07;8.6241e-08;7.39569e-08;2.97868e-06;0.000140837;0.00469708;8.65084e-06
1.44897e-05;0.801054;1.13328e-07;1.624e-06;1.82435e-05;2.49943e-05;0.000595237;0.176761;0.000309099;3.95084e-05;4.08982e-05;1.29871e-05;0.00596633;0.0151615
1.60979e-11;5.39964e-10;1;2.54377e-09;4.06648e-09;2.45255e-08;6.06748e-11;1.12449e-12;2.48021e-11;1.89811e-10;1.42924e-10;9.05498e-08;9.97114e-12;9.38505e-09
5.7756e-05;0.180795;4.65127e-08;9.11813e-05;0.00124524;0.0433353;1.18985e-06;0.594855;0.000325123;1.19324e-06;0.00302465;0.00348043;0.171948;0.000840037
6.80647e-05;0.00728167;0.000139667;0.00013082;6.46867e-05;0.00235895;8.47531e-06;0.000345003;0.00033471;1.06782e-06;0.0407724;0.00295044;0.945533;1.08205e-05
5.52418e-06;0.939952;3.62106e-06;5.76468e-07;2.74183e-06;3.47612e-06;7.22508e-09;0.00982806;2.76494e-06;5.05892e-08;8.57292e-05;0.000171521;0.049943;1.4227e-06
6.21738e-06;0.985558;3.92232e-05;5.11398e-07;0.000418176;1.22919e-05;5.88578e-09;0.00473759;5.47523e-08;6.43565e-07;3.53825e-07;0.00554395;0.00245404;0.0012294
3.88121e-07;0.000825296;1.10094e-09;3.29564e-07;8.87047e-09;5.29865e-08;0.993768;6.8667e-09;8.23024e-06;0.0053774;1.15586e-05;3.88804e-09;5.79805e-07;8.38408e-06
8.06558e-10;1.77036e-12;1;1.79957e-10;1.48773e-11;9.71587e-12;2.96569e-08;1.29439e-14;1.6697e-08;1.20997e-10;9.36105e-10;4.41518e-10;1.3587e-13;7.74293e-14
6.38505e-05;0.000117226;4.73919e-07;7.52127e-09;1.44866e-07;1.58741e-09;5.37294e-07;0.999784;1.97177e-05;4.73904e-08;3.5588e-07;1.37468e-07;1.34236e-05;2.12301e-07
1.3765e-07;0.0101033;3.44846e-06;1.5133e-07;1.11445e-06;3.9416e-06;5.9086e-09;2.75117e-06;1.30849e-07;9.31526e-09;9.01115e-08;0.989327;0.000367109;0.00019046
3.84704e-05;0.745122;7.52121e-05;9.29794e-06;0.00148087;8.90534e-05;8.27235e-07;0.164812;2.75066e-06;3.07521e-05;5.00275e-07;0.000359083;0.0801533;0.00782579
0.00056921;0.0472793;0.00569226;0.0001915;0.000429406;0.000213486;2.7579e-05;0.00983326;0.000185585;4.03615e-05;0.000485973;0.923144;0.0118815;2.64832e-05
0.000304141;0.991429;6.5742e-08;1.22044e-07;2.35214e-07;2.75232e-06;0.000213484;0.00541004;0.000114769;0.000111825;4.41597e-08;1.59494e-10;0.00240889;4.9657e-06
1.26145e-09;2.51227e-11;1;1.27907e-10;1.30242e-10;7.30728e-12;1.53235e-10;7.21624e-13;2.33614e-09;9.43523e-11;3.98431e-11;6.01191e-09;3.66087e-14;1.7989e-12
0.000705915;0.000208185;0.000238676;0.000130955;7.6131e-05;0.000274267;3.49391e-05;0.00139124;0.990518;1.40988e-05;0.00150393;0.00475553;7.12763e-05;7.7092e-05
0.000460085;0.0144096;1.69081e-06;2.48145e-07;6.43227e-05;1.36939e-05;4.23816e-07;0.983006;0.00019595;5.87909e-07;2.55448e-06;9.69877e-06;0.00166521;0.000170275
5.59977e-08;0.0118244;6.72814e-08;1.02974e-08;0.000114427;1.26524e-05;9.61444e-11;0.000300223;1.55568e-07;6.29592e-09;2.74716e-09;0.987632;1.4453e-05;0.000101428
4.40394e-06;0.674841;1.82039e-06;4.19488e-07;2.24943e-05;1.56077e-05;2.53869e-08;0.00502243;1.49889e-06;5.77461e-08;4.22693e-07;0.0137887;0.306295;5.52321e-06
0.000960143;0.770138;2.48062e-07;0.00123581;0.0141175;0.00852112;3.34241e-05;0.0340967;0.00391251;0.000579266;0.000272748;0.0287792;0.0742549;0.0630986
0.00121663;2.46505e-05;2.51849e-09;8.68089e-06;2.67138e-07;9.87496e-07;1.9714e-05;0.020837;0.975538;9.83755e-08;0.00105872;2.67313e-07;0.00129542;1.72933e-09
0.00406462;0.506645;0.00303861;0.000231157;0.000490379;0.000149272;1.17694e-06;2.65801e-05;9.31401e-05;3.9882e-05;1.06721e-06;0.0383499;0.00120153;0.445668
0.000225731;0.269312;2.50974e-05;2.75979e-06;0.00374323;0.000200385;3.89775e-07;0.145174;0.000846169;1.0553e-06;1.51562e-05;0.48705;0.0928741;0.000529783
1.87768e-08;0.000169299;9.85662e-11;3.92374e-07;2.99962e-06;0.0191199;2.28821e-10;2.19646e-05;8.29906e-06;9.87959e-08;2.06983e-08;1.65223e-09;0.980675;1.79473e-06
8.2262e-08;8.16329e-08;0.99992;1.41504e-07;1.62183e-09;9.92782e-09;5.05971e-10;2.11603e-09;4.73013e-09;9.22011e-08;4.41029e-09;7.9444e-05;6.05126e-09;5.00494e-09
0.000577237;0.102821;7.13535e-06;0.00125986;0.000113766;0.000720977;0.00106815;0.00169943;0.600166;5.44689e-05;0.289327;8.40098e-06;0.00205066;0.000125928
