2.42044e-05;0.963365;9.41677e-08;3.06571e-06;4.27921e-07;2.05939e-06;0.0314721;0.000185295;1.21872e-05;0.00111398;1.26375e-06;4.1148e-09;0.000624609;0.00319607
5.15454e-12;2.98942e-14;1;3.16384e-11;2.53148e-11;2.81203e-10;8.44903e-12;2.5215e-15;2.03537e-12;2.94794e-11;4.53539e-13;6.42707e-09;7.21891e-15;9.63439e-10
1.75347e-06;0.639696;2.9588e-10;1.47964e-09;2.05672e-06;4.70253e-10;4.36485e-08;0.359575;1.56436e-07;3.37577e-09;1.76648e-07;1.05103e-06;0.000720212;4.30733e-06
6.23176e-09;0.00145911;0.00184575;6.71799e-06;4.7979e-05;9.30675e-06;2.18354e-10;1.79305e-06;2.22526e-10;1.21332e-06;1.58731e-09;0.996277;0.00030231;4.90678e-05
8.08362e-05;0.636935;6.27288e-07;0.00111752;8.61949e-05;0.000104664;0.00283133;0.00147089;0.0147261;1.41313e-05;0.336054;0.00026186;0.00250619;0.00381115
1.78793e-05;0.00842701;1.13377e-08;2.3912e-08;0.00111002;2.61271e-09;2.67811e-08;0.990373;1.70683e-07;5.2946e-08;2.28177e-08;1.61616e-05;4.32484e-05;1.25604e-05
1.84998e-06;0.000343438;0.983781;2.69817e-05;0.000113995;0.000204131;5.50226e-08;2.41285e-06;3.62843e-07;1.75583e-06;1.06285e-07;0.0151316;0.00018779;0.000204195
0.000198701;0.929349;1.5971e-09;8.95978e-07;4.54097e-06;1.751e-06;3.04606e-05;0.0211165;2.14785e-05;3.13062e-07;0.000240424;0.000405987;0.0486063;2.34667e-05
2.17891e-07;0.00445784;1.71187e-11;2.71688e-09;5.98422e-06;7.24719e-10;4.99598e-10;0.9955;6.78999e-09;2.09779e-09;2.27945e-09;7.73426e-07;3.44003e-05;8.26652e-07
0.000135465;0.00203379;0.968156;0.000194303;0.0089587;1.65207e-05;3.07521e-06;1.94009e-05;8.80207e-07;3.13644e-05;1.02953e-06;0.00869294;0.0036906;0.00806596
9.99022e-05;0.000415248;9.11171e-08;1.91661e-05;5.29422e-07;2.078e-06;0.00165661;0.000405757;0.797588;1.37414e-06;0.195972;1.95009e-05;0.00377739;4.31797e-05
9.00413e-05;0.0998739;4.21316e-07;1.66374e-07;2.19477e-05;3.55992e-08;6.98371e-07;0.899825;2.49116e-05;1.41908e-06;1.33183e-07;1.78832e-06;1.47429e-05;0.000144933
6.49522e-08;0.000145759;6.52451e-07;1.03129e-08;5.44196e-07;7.05767e-08;4.27904e-11;6.56622e-06;2.03994e-07;1.78177e-10;5.29478e-08;0.999845;6.9177e-07;1.75597e-07
7.15649e-06;0.83528;4.0844e-08;3.24562e-07;3.62887e-06;5.6988e-06;4.14076e-08;0.00146972;1.72134e-06;4.53383e-08;4.48867e-07;7.05476e-05;0.163151;9.03156e-06
4.64601e-06;0.000164348;1.52339e-06;6.28741e-07;4.34737e-06;9.47193e-06;1.27393e-08;1.32071e-08;7.85927e-06;2.24915e-07;3.33952e-06;0.999543;1.46936e-05;0.000246037
0.0176943;0.945555;0.030346;3.65912e-06;0.00486726;1.47933e-06;0.000175358;8.61195e-05;0.000184547;0.000955732;3.08745e-07;7.23396e-06;1.44417e-05;0.000108108
2.54329e-07;4.42501e-10;0.999999;5.21281e-11;5.0222e-08;9.15967e-09;7.95214e-09;2.18406e-07;1.1674e-07;4.83019e-10;6.88948e-11;1.04718e-07;9.70588e-10;1.61963e-11
2.61755e-07;1.4275e-06;6.7003e-11;1.10393e-09;3.52326e-07;3.43369e-09;3.12497e-11;0.963446;1.47778e-06;7.87705e-11;1.85465e-08;1.13606e-06;0.0365491;5.71571e-09
0.000188966;0.00814343;3.98297e-06;2.2207e-05;3.14097e-05;3.28468e-06;4.44888e-07;0.0849975;0.00461208;3.9803e-06;0.000161464;0.895186;0.00654654;9.87727e-05
1.6279e-06;2.08751e-06;4.37243e-11;1.37951e-09;2.66781e-08;1.537e-09;1.42776e-09;0.999962;3.40305e-06;5.5294e-10;1.93998e-07;1.89532e-08;3.11364e-05;5.60798e-11
8.11685e-08;0.0109048;2.5013e-08;1.49373e-06;2.54656e-07;2.23068e-07;0.00222065;1.9226e-09;3.18033e-08;0.00179631;8.7559e-08;1.56305e-08;8.94741e-07;0.985075
1.44061e-08;1.65691e-11;0.999988;7.36263e-08;1.12511e-09;2.14843e-08;5.21652e-06;8.62749e-12;6.70698e-07;1.63555e-08;6.06215e-06;1.01759e-08;6.79314e-13;1.23118e-08
3.38812e-05;0.89108;8.80514e-09;4.55297e-08;1.43519e-07;9.12261e-08;5.96119e-07;0.10314;4.34005e-07;1.13375e-08;2.38478e-06;3.44125e-08;0.00574123;9.63067e-07
4.28774e-09;0.000201418;1.71697e-07;3.03164e-07;3.86294e-06;1.30918e-05;4.5647e-10;2.08505e-05;1.31677e-07;3.03714e-09;2.34037e-06;0.999715;1.7567e-05;2.50358e-05
4.38803e-06;0.985405;7.54752e-08;4.9233e-07;5.58939e-08;1.04649e-06;6.67791e-07;8.98748e-06;2.17102e-07;4.52344e-08;3.49391e-06;2.04785e-06;0.0145734;3.5971e-07
8.6055e-05;0.0299003;0.000710778;9.22862e-07;0.000639527;0.000535144;3.19923e-09;0.000752865;4.04979e-06;6.21173e-07;1.83492e-07;0.95487;0.00539749;0.007102
0.000233929;0.46226;2.08015e-05;0.000413769;0.00229578;0.0243428;1.67695e-05;0.289189;0.0372843;3.14065e-05;0.00421591;0.00892162;0.168363;0.00241173
7.41663e-06;0.00301922;7.1568e-05;3.10092e-05;0.000801079;0.00364247;9.63323e-07;0.00167229;0.000412098;7.711e-06;1.98349e-05;0.000305251;0.989206;0.000803057
3.60773e-05;0.490939;2.67033e-05;4.95826e-07;2.03051e-05;4.95331e-06;2.39422e-09;0.502767;1.73801e-06;9.73573e-07;2.71318e-08;2.54672e-05;0.00612373;5.43031e-05
4.01072e-05;0.841815;9.53211e-05;3.03488e-05;0.00143633;0.000107603;4.04962e-07;0.00169618;1.51626e-05;9.44302e-06;1.84173e-05;0.128685;0.00158901;0.0244611
6.49682e-07;0.95754;1.60276e-11;1.12319e-07;2.22242e-08;1.74881e-09;5.33739e-05;2.01141e-06;6.50262e-06;1.31586e-05;1.36277e-07;8.22735e-09;1.00515e-08;0.0423842
0.000129935;0.00244372;6.47805e-08;1.41825e-06;3.18353e-06;2.94895e-07;0.0225585;0.00752835;0.962025;5.00012e-07;0.00435876;3.59486e-06;0.000946369;4.31523e-08
5.36214e-06;0.998428;5.66363e-10;8.85342e-08;2.88975e-09;2.70105e-08;1.1643e-06;3.11933e-06;5.208e-06;3.70943e-07;2.28817e-07;3.09521e-05;0.00152587;2.021e-08
1.8977e-05;0.00115817;0.000248719;0.000140047;2.15861e-05;8.22546e-05;5.6393e-08;6.58255e-06;9.38553e-06;7.5667e-07;5.10151e-06;0.996584;2.77424e-06;0.0017218
0.00546625;0.744988;6.89502e-07;4.06942e-05;5.12074e-06;1.18388e-05;1.70963e-05;0.243292;0.00521162;3.80042e-06;0.000345822;1.74396e-05;0.000589933;9.55759e-06
4.7577e-05;0.0892035;3.42472e-05;4.66654e-07;2.87558e-05;5.14963e-06;1.1919e-07;0.0132695;2.70078e-05;4.44419e-07;7.78307e-06;0.855017;0.0423564;2.54433e-06
1.48218e-06;0.0174408;1.39541e-08;0.000599655;0.00013209;0.00364394;1.06814e-05;0.00119263;0.00597257;0.000604457;0.000243704;1.28398e-05;0.965923;0.00422248
0.000128788;0.00394412;0.989579;0.003977;9.56966e-05;2.59776e-05;2.4015e-05;1.44992e-06;0.000988866;0.000693746;6.00242e-05;0.000396191;3.27008e-06;8.20604e-05
0.00147504;0.237242;6.73849e-06;0.000151841;7.75887e-06;3.45056e-05;0.000757785;0.00186483;0.524871;3.92519e-05;0.222531;2.23593e-05;0.010975;2.08581e-05
1.92849e-06;0.999678;1.03574e-09;4.79273e-08;1.01266e-08;3.40399e-08;1.93444e-06;3.69478e-07;8.45217e-07;2.91977e-07;7.10714e-06;9.80875e-06;0.000299781;1.05014e-07
1.57066e-05;0.0959109;1.36104e-05;5.99789e-05;5.36345e-05;1.24777e-05;2.9413e-06;0.00013052;6.85775e-06;8.21945e-06;1.4375e-05;0.889547;6.40245e-06;0.014217
4.08443e-06;0.00139339;5.83264e-11;5.91e-09;3.75391e-08;1.20755e-08;6.68777e-08;0.998565;2.00221e-05;3.68988e-09;1.58385e-07;2.16416e-09;1.74352e-05;2.0525e-09
0.000122635;0.0337516;0.0129074;0.000298255;0.00108696;0.000484146;8.97898e-07;0.00191133;0.000318875;5.16839e-06;0.00041455;0.891772;0.000261955;0.0566641
2.82583e-07;0.999516;4.92457e-11;3.15718e-08;1.40443e-08;4.62441e-08;0.000311079;4.59847e-06;1.34301e-07;1.07534e-06;5.06085e-07;4.30286e-11;5.39767e-05;0.000112698
3.42187e-13;1.97e-12;1;7.12832e-13;4.15853e-13;1.28535e-12;1.21717e-12;1.39378e-15;4.91582e-14;2.54277e-13;7.9359e-14;2.8071e-10;2.67099e-15;1.3014e-12
3.55681e-05;0.117645;6.14443e-06;3.27273e-05;9.97674e-07;9.47255e-07;6.59133e-05;0.804815;0.0078711;4.8623e-07;0.0284405;2.31597e-05;0.0410615;6.49982e-07
4.85038e-07;0.9992;4.07547e-10;3.68345e-06;0.000373183;3.70058e-06;2.39685e-06;0.000116973;9.37407e-06;1.20796e-05;4.07435e-05;2.31235e-06;8.63087e-05;0.00014891
1.20127e-05;0.000123093;0.936348;3.64547e-05;0.000625325;1.1157e-05;3.61426e-07;1.37648e-05;1.59072e-07;6.71919e-06;6.1535e-06;0.0623984;7.14749e-06;0.000411105
3.06892e-07;0.998551;1.96246e-10;2.90136e-09;1.64278e-08;5.94435e-08;3.1894e-07;0.00144175;5.81031e-07;6.40333e-10;1.4092e-07;1.82928e-10;5.21196e-06;5.3235e-07
1.70708e-08;6.75448e-07;0.999998;1.34545e-09;4.10809e-08;1.12949e-09;2.31765e-08;1.038e-08;5.07447e-09;7.75999e-10;2.47237e-10;1.55492e-06;2.55402e-08;1.40425e-09
4.05942e-09;3.65018e-06;0.999971;2.28706e-09;1.4408e-09;5.01483e-09;6.65289e-10;2.50198e-08;1.33485e-09;1.2769e-09;2.54751e-10;2.51512e-05;3.85916e-08;2.70942e-08
2.97597e-09;0.000334572;1.29519e-09;2.06392e-09;9.50033e-06;0.000531988;1.44965e-07;6.67487e-08;2.04757e-08;1.21491e-07;2.78531e-09;1.75387e-13;5.50382e-07;0.999123
8.02037e-12;5.03465e-11;0.999998;6.51692e-13;6.38585e-09;2.78435e-10;8.87477e-12;1.92808e-12;3.54749e-13;1.66773e-11;1.76108e-13;1.74553e-06;6.43364e-11;2.39146e-10
8.54005e-06;0.234967;1.34868e-05;1.05832e-05;0.000791165;0.000153625;6.47276e-06;0.707047;0.00363499;6.64445e-07;0.000298763;7.01785e-05;0.0527566;0.000240692
2.17503e-07;0.999895;6.52474e-07;5.57155e-07;2.07066e-07;6.25709e-08;1.20357e-09;5.52128e-05;6.76482e-09;8.41677e-09;5.58195e-09;1.4491e-06;4.54672e-05;1.52553e-06
1.896e-06;0.998505;3.06063e-09;2.47116e-08;2.22962e-07;1.51165e-09;2.49838e-08;0.00144261;4.22493e-10;8.30173e-08;1.60375e-09;2.83751e-08;1.01056e-05;4.02166e-05
3.16712e-08;0.000428032;4.16507e-07;2.73128e-06;0.00136891;1.68281e-07;3.2826e-07;2.21271e-05;5.54236e-08;5.97152e-08;2.94835e-06;0.998163;7.36577e-06;3.98136e-06
2.94711e-06;0.577284;7.51007e-05;9.9772e-06;0.000106444;1.16322e-06;1.26055e-06;1.74115e-05;3.60214e-09;1.41647e-06;7.3462e-07;0.000590059;0.421884;2.63313e-05
1.00901e-06;0.000655691;3.81875e-07;6.79517e-08;5.74174e-07;4.05147e-08;5.89074e-08;0.00066345;5.85787e-07;1.5304e-08;8.07135e-06;0.998578;8.54486e-05;6.48664e-06
4.89299e-06;0.98179;9.35477e-05;3.87792e-06;9.71313e-05;5.12362e-06;6.76175e-06;0.0146093;2.62451e-06;7.90841e-07;4.34721e-06;0.000777948;0.00259342;9.85025e-06
1.16689e-05;0.00368356;6.74032e-06;5.9155e-05;2.16629e-05;8.47141e-05;1.26913e-05;0.0456989;1.53002e-05;2.58924e-05;7.89868e-05;0.62231;0.327969;2.09665e-05
4.4055e-06;0.994428;2.75631e-06;1.25568e-06;4.71386e-07;1.70474e-06;7.18853e-07;0.00545217;7.41678e-07;7.63543e-08;1.35984e-07;1.71578e-06;0.000105281;4.63983e-07
0.000198649;0.00169735;0.000528272;0.00201434;0.00115819;0.00727052;1.27359e-06;0.962151;0.00210249;4.71029e-05;0.000331078;0.0182158;0.00190502;0.00237879
1.74596e-07;0.999953;6.93045e-11;2.92042e-10;1.26791e-10;3.3388e-11;4.22835e-06;2.12108e-05;4.52464e-09;6.32645e-08;3.16475e-09;5.2043e-13;2.14429e-05;9.76466e-11
1.93756e-08;2.49418e-07;1;4.92348e-09;4.44214e-08;5.68152e-09;1.49695e-08;1.19074e-11;1.92377e-09;1.85076e-08;2.626e-11;4.05966e-08;4.26106e-11;4.40909e-08
0.000247712;0.0183905;6.52522e-05;1.52534e-05;5.59137e-05;7.06467e-05;1.12947e-05;0.0182376;0.013639;1.6348e-06;0.000190391;0.94726;0.000305306;0.00150913
0.000535369;0.0246731;5.27641e-10;1.86922e-06;1.85226e-05;4.51922e-07;3.28129e-06;0.868507;0.00485182;3.3684e-06;0.000277588;0.0902144;0.00999259;0.000920282
2.68159e-10;0.999998;1.09151e-13;1.35957e-12;2.66023e-12;2.78458e-13;8.66486e-08;3.0649e-10;3.87691e-13;1.61777e-09;1.58946e-13;6.47458e-12;9.89026e-10;1.65063e-06
1.16619e-12;1.34704e-12;1;2.68375e-13;2.72248e-11;2.12611e-12;7.51151e-12;1.95159e-12;8.38837e-14;1.10829e-12;5.11998e-15;2.43486e-07;3.18094e-15;2.65842e-12
1.42407e-05;0.874436;7.03649e-06;0.000178486;4.11304e-06;3.73301e-05;0.0188571;0.016485;0.0479064;1.16322e-06;0.00800039;3.87577e-07;0.0340649;7.45607e-06
4.16063e-05;0.93424;5.36112e-05;4.3449e-06;1.12624e-06;3.03672e-06;9.46549e-06;0.0502688;4.13641e-05;2.34098e-06;5.39652e-06;0.000420232;0.0148941;1.50283e-05
9.83161e-06;0.432852;1.75197e-05;4.18702e-05;0.000461304;4.09578e-05;7.80987e-06;0.00165929;0.000266561;2.26846e-05;0.000903451;0.553452;0.00614044;0.00412356
8.6494e-07;0.995347;1.12199e-07;2.49466e-06;2.21272e-05;2.99161e-06;0.00187861;5.14491e-05;8.56095e-05;0.00025033;6.70994e-06;6.00758e-10;1.97715e-05;0.00233153
8.59026e-09;2.16914e-07;0.999995;2.30238e-10;6.96922e-10;2.15072e-12;1.051e-07;7.85027e-11;7.77056e-09;1.08595e-09;1.07634e-10;4.80938e-06;3.21488e-11;5.97891e-11
4.37438e-05;0.0289964;9.91919e-09;5.4528e-06;0.000314988;0.000399524;0.000376138;0.87046;0.00882134;1.65335e-05;0.000137487;1.77842e-06;0.089454;0.000972248
9.00207e-11;1.62654e-11;1;1.62068e-10;3.95883e-10;1.64465e-11;1.15276e-10;2.21397e-10;1.05582e-10;4.1162e-11;1.18254e-11;2.59979e-07;3.2818e-11;1.08173e-10
3.48801e-08;4.96446e-07;0.999949;2.13214e-07;1.69011e-07;2.23279e-07;1.10412e-09;2.45685e-05;1.56844e-07;4.56774e-09;6.11606e-08;1.73988e-05;1.25397e-07;7.23651e-06
1.14331e-08;1.09257e-05;8.74972e-06;8.17571e-09;3.33993e-06;0.00010029;4.13007e-13;6.93343e-07;1.36567e-10;1.2818e-08;1.4223e-10;7.80852e-06;1.14989e-06;0.999867
2.911e-06;2.53243e-06;1.35937e-09;2.71625e-07;2.27315e-06;1.72604e-05;7.72457e-10;0.996262;2.46311e-05;2.80307e-09;5.12644e-06;0.000102968;0.00357955;5.08826e-07
9.32304e-06;0.982495;4.70821e-07;4.89912e-06;9.55569e-07;1.24917e-06;6.98065e-07;0.00210045;9.19443e-07;4.63647e-06;1.80577e-06;0.000177765;0.0146809;0.000521287
3.55006e-06;0.953049;3.21869e-06;0.000104295;1.86396e-05;8.86653e-06;0.00427808;0.000205715;8.96472e-05;0.000226023;0.00184452;0.000279102;0.0398204;6.91134e-05
0.000160412;0.254855;0.00231826;0.0153732;0.00236933;5.9317e-05;0.00167147;0.000137123;0.000570484;0.000363474;0.00224379;0.715585;3.42599e-05;0.00425936
0.000213123;0.997888;1.08115e-07;4.02497e-06;4.63307e-07;9.81679e-07;0.000254684;9.28287e-05;0.000159102;1.58421e-06;0.000676193;0.000151189;0.000462277;9.575e-05
5.53406e-07;0.0119867;1.40759e-07;1.06559e-07;3.61337e-06;1.50564e-05;3.03776e-09;0.000116111;1.24092e-08;1.82407e-09;7.6516e-08;0.00028649;0.987574;1.72568e-05
9.42246e-09;0.00041012;6.23925e-08;9.20249e-09;1.35707e-05;3.1826e-08;1.41161e-11;4.1745e-07;7.90792e-10;4.80973e-10;1.7778e-09;0.988895;0.000226959;0.0104537
4.00754e-06;0.0389014;5.33899e-11;2.82583e-07;0.00742893;9.60448e-08;9.72415e-08;0.953553;2.48886e-06;3.54081e-08;6.60038e-06;1.70967e-05;7.63662e-05;9.89039e-06
3.68003e-06;0.000687588;0.947759;1.10978e-06;0.00117209;3.35747e-05;2.67218e-09;0.00149432;1.3252e-09;2.1076e-07;6.74428e-09;0.048647;1.31704e-05;0.000188091
3.13184e-06;0.002291;4.37532e-11;1.8373e-07;9.46984e-07;5.31315e-07;1.96585e-09;0.981114;3.82006e-06;2.50252e-10;2.77177e-06;2.3848e-05;0.0165594;3.59941e-08
1.72607e-06;0.990842;2.71306e-10;3.6451e-09;1.92998e-08;1.07492e-08;6.79518e-10;6.74893e-06;6.03847e-10;1.17473e-09;2.88817e-10;0.000756005;0.00839356;2.12522e-07
2.60226e-05;0.0309744;4.8067e-06;3.43286e-06;0.000419208;0.00128305;1.21452e-07;0.0263106;1.74912e-07;9.51066e-07;1.68676e-07;0.924434;0.0156012;0.000942
5.49419e-08;0.000495387;1.04231e-08;7.70672e-06;1.44497e-09;5.94073e-07;0.99428;4.87503e-08;6.54665e-07;0.00510301;0.000102645;2.68155e-08;7.23309e-06;2.23378e-06
5.28807e-10;3.29486e-09;0.999994;1.28039e-07;8.31032e-12;6.06408e-10;5.61037e-06;6.75449e-15;4.09612e-10;2.7513e-08;1.95085e-08;1.78917e-07;2.52458e-11;2.45546e-12
2.35224e-05;0.999398;1.63126e-07;3.94731e-06;7.92358e-10;7.7015e-09;0.000305716;2.1611e-05;1.27575e-05;1.45539e-07;7.16207e-05;4.65188e-06;0.000157265;4.91909e-10
1.89417e-07;0.00572386;5.62999e-10;8.72437e-08;1.03209e-05;4.8335e-09;2.37402e-07;0.994073;1.80463e-07;2.71294e-07;1.72646e-07;7.24941e-06;0.00018442;7.93068e-08
5.8944e-07;0.000147507;0.996229;0.00105201;0.000254663;0.000725119;1.80178e-07;6.24135e-06;4.6399e-08;0.00103927;5.10376e-06;0.000504192;5.61636e-06;3.07608e-05
1.04108e-07;0.000368945;1.05172e-08;4.035e-09;1.92829e-12;1.12163e-10;0.997667;2.31183e-10;2.974e-08;0.00196138;1.50129e-06;2.21253e-14;1.22675e-08;1.50384e-06
2.7457e-13;1.58369e-14;1;1.73166e-12;8.8489e-13;3.54498e-13;7.23098e-10;1.32083e-16;4.60104e-12;1.61421e-11;6.43368e-12;2.4886e-11;1.3525e-15;3.85553e-15
