0.000154599;0.677868;1.65297e-09;3.98165e-06;6.54274e-05;5.3245e-06;2.38326e-06;0.0612389;0.000183036;3.31855e-07;0.000153584;0.000600627;0.259562;0.000161872
4.65395e-07;0.967239;1.52765e-07;2.81375e-07;1.09539e-05;2.81367e-06;1.25294e-05;0.000332638;4.00823e-08;1.91691e-05;8.19353e-08;3.38429e-07;4.0544e-05;0.0323407
1.69529e-12;1.48363e-12;1;1.11927e-11;3.07102e-09;1.63805e-10;1.49935e-12;1.75896e-12;9.50128e-14;7.68668e-12;4.20142e-14;2.86494e-09;4.61061e-13;3.05529e-10
5.11994e-06;0.973427;3.22113e-06;0.000173017;4.44014e-05;0.000463388;5.97341e-05;0.0107856;0.000452541;2.05513e-06;0.00361902;3.54477e-05;0.0108584;7.09496e-05
4.42297e-05;0.923235;2.62224e-06;2.1553e-05;5.02395e-05;5.60168e-06;0.0696596;0.00143647;2.11607e-05;0.00161508;0.0010147;1.95041e-06;0.00249461;0.000397502
1.30857e-10;5.43116e-11;1;1.17127e-10;6.98723e-10;2.16319e-10;4.13913e-09;6.22056e-12;1.19914e-10;1.41709e-10;6.78484e-11;3.36232e-09;6.52347e-12;1.03745e-11
3.51465e-05;0.192445;0.00384921;9.91968e-06;1.65584e-05;7.14584e-06;1.52505e-05;0.0569433;0.000264442;2.3412e-07;0.00156037;0.723652;0.0211602;4.10443e-05
8.81459e-06;0.0598958;2.11699e-06;4.85389e-05;0.000475952;0.00588681;4.45653e-07;0.117457;9.44834e-05;1.54751e-05;0.000225601;0.0147307;0.797241;0.00391701
8.09913e-06;0.931321;2.40146e-05;0.00104018;0.000210517;8.23304e-05;8.8879e-05;0.00929143;0.000719799;0.000210827;0.0048483;0.0325135;0.0170774;0.00256343
8.30714e-07;0.0494786;3.10444e-07;0.000180632;0.762257;0.0655152;1.03557e-07;0.0140783;1.20916e-05;1.88464e-05;3.50259e-06;0.000167569;0.0202042;0.0880829
0.000160719;0.992995;5.67835e-08;5.7872e-06;5.8662e-07;1.22195e-07;1.44704e-06;0.00387581;5.2594e-06;1.83001e-06;1.33915e-05;0.00250245;0.000407426;3.05532e-05
1.2855e-07;0.000582584;1.3531e-12;4.85528e-09;0.000105727;1.45923e-09;5.94498e-10;0.999298;1.51932e-07;2.4868e-10;1.05603e-08;2.69204e-07;1.34087e-05;5.31253e-08
9.92109e-08;1.49417e-06;0.999855;1.88793e-06;7.70718e-05;4.81991e-07;4.971e-07;7.5267e-08;9.06965e-10;2.91959e-05;1.03778e-08;2.23587e-07;9.49391e-09;3.45025e-05
2.45375e-06;3.23878e-07;0.999964;5.23316e-08;1.68091e-08;1.75313e-09;2.87657e-05;6.54045e-08;4.78203e-07;4.65233e-09;2.75522e-06;1.07122e-06;2.10232e-08;2.55981e-10
1.8585e-06;0.000433062;8.83717e-05;4.24978e-07;1.82845e-07;6.45613e-07;5.84915e-08;1.42779e-06;4.24929e-06;4.47464e-08;3.76177e-06;0.999392;5.1653e-05;2.24054e-05
0.000163507;0.892567;3.40493e-07;7.08152e-07;0.000128681;0.000264139;6.50659e-06;0.00721079;7.54757e-05;4.59393e-07;1.88309e-05;1.08994e-07;0.0989547;0.000609085
6.18519e-05;0.913294;1.50989e-08;1.22378e-06;0.00035437;4.80744e-05;0.00078291;1.40598e-05;1.08183e-06;0.00171779;4.56614e-07;7.53979e-08;0.0582287;0.0254954
5.65062e-10;8.13562e-12;1;1.33067e-11;1.86376e-09;5.68738e-11;5.23672e-12;3.7162e-10;5.7062e-11;1.19755e-11;1.72463e-13;1.32319e-10;4.71091e-13;2.75816e-11
7.92361e-05;0.236331;0.000167266;2.70163e-05;0.000178443;4.73454e-05;8.64907e-08;0.696892;0.0005862;6.97966e-07;3.19878e-06;0.00151014;0.0641572;2.10488e-05
7.56772e-08;0.99969;4.28424e-05;1.51472e-07;1.07573e-07;1.08828e-06;1.56048e-10;1.27635e-05;5.83262e-11;3.24935e-07;1.3186e-10;4.28317e-06;0.000233357;1.53684e-05
3.11931e-08;5.5367e-06;0.999989;1.59946e-07;3.35732e-06;2.74445e-07;1.00303e-08;3.96777e-08;3.71474e-10;2.38314e-08;4.85039e-10;2.52354e-07;1.78142e-10;1.78906e-06
1.41403e-06;0.00095765;5.88074e-05;1.95643e-05;3.34541e-06;2.64367e-06;1.23395e-08;9.88342e-06;8.42308e-06;9.96006e-08;6.14593e-06;0.998919;7.61384e-07;1.21618e-05
6.13039e-05;2.6358e-06;1.94573e-08;2.17194e-07;3.79381e-05;0.000201761;3.11986e-10;0.999618;2.03239e-06;4.55771e-09;4.11452e-08;2.55625e-08;2.74244e-05;4.83789e-05
2.45822e-07;0.000373495;5.83424e-06;9.94885e-10;3.93539e-06;3.43082e-09;5.69844e-14;0.000616833;6.22288e-11;1.81352e-11;2.55867e-11;0.998981;4.47919e-06;1.41156e-05
5.33676e-07;0.968148;4.19209e-10;5.08022e-08;5.86448e-07;1.9071e-06;7.8697e-05;0.031043;1.65156e-07;8.30166e-05;6.92464e-10;7.27633e-12;0.000506106;0.000137705
5.37989e-17;5.04747e-18;1;4.79888e-16;9.40106e-16;4.78932e-17;3.21668e-17;2.58979e-19;1.35541e-17;1.38209e-16;6.00959e-18;1.41286e-14;7.03069e-20;1.55079e-17
4.58859e-05;0.00416642;0.0032218;8.60815e-05;1.70976e-05;1.49016e-05;8.08571e-06;0.912693;0.0038421;2.76059e-05;0.00220486;0.0106591;0.0629913;2.18973e-05
