4.57895e-07;0.999712;1.56967e-05;1.36443e-07;4.01199e-07;2.43015e-07;9.50822e-10;6.75763e-05;4.48819e-10;3.0011e-08;2.52931e-10;2.80657e-07;0.000201868;1.29577e-06
1.59094e-07;4.31529e-07;0.999937;4.1667e-08;1.84704e-07;3.66562e-09;1.63518e-07;1.44528e-07;1.11669e-08;5.40705e-09;2.63491e-08;6.20741e-05;2.97163e-07;1.06768e-08
2.91998e-08;2.23699e-06;2.46219e-05;2.96574e-07;2.71295e-06;2.36556e-08;1.28067e-09;4.63098e-06;1.53319e-07;2.64059e-08;3.95816e-07;0.000259563;1.14704e-07;0.999705
8.1335e-07;0.000153449;1.12762e-09;1.10688e-07;0.000247861;1.9249e-05;2.1203e-07;0.999531;4.14103e-05;1.60495e-09;9.98822e-07;1.59212e-08;3.69633e-06;1.50531e-06
1.22871e-07;5.45511e-06;0.994242;5.95113e-07;2.23919e-05;1.79681e-05;1.56905e-10;2.49024e-08;2.32087e-10;3.641e-09;1.10785e-09;0.00565854;3.4939e-07;5.29114e-05
5.39767e-08;0.999959;2.95716e-10;4.46183e-09;8.66784e-10;4.21586e-08;1.27557e-08;3.58689e-06;2.21761e-08;9.39326e-12;8.75798e-08;7.29863e-07;3.68534e-05;5.16061e-08
1.07351e-07;0.999362;9.37635e-10;1.36105e-07;4.74583e-06;7.41575e-07;7.484e-09;0.000191666;2.1023e-09;5.8479e-08;7.26853e-09;1.41673e-05;0.000347346;7.90793e-05
1.10472e-06;0.979504;1.06374e-07;7.98375e-07;0.000122878;2.99098e-07;1.60029e-08;0.0101625;5.97153e-10;3.34012e-06;3.01166e-09;0.000130816;0.00786514;0.00220864
6.42039e-07;0.00709573;2.71518e-08;9.59516e-06;4.93882e-06;0.00157167;7.97748e-05;5.08052e-05;5.6837e-06;2.78297e-05;2.80659e-05;2.20656e-06;0.990711;0.000412344
2.73087e-08;3.06724e-07;0.999895;1.86691e-07;3.06539e-07;2.13287e-08;4.95715e-07;3.17657e-09;3.19338e-10;1.28274e-05;7.25697e-10;8.78073e-05;1.35511e-09;2.88268e-06
9.52286e-07;1.57228e-07;0.999928;2.51901e-06;3.0981e-06;5.49271e-06;1.79339e-05;7.25012e-08;2.0918e-05;3.98413e-07;1.90611e-05;5.37755e-07;3.16469e-07;3.37356e-07
1.61621e-06;0.99836;1.60572e-09;2.95817e-07;7.1284e-07;3.41332e-07;1.31996e-07;0.000635196;2.01312e-05;2.15332e-07;1.65561e-05;0.000255985;0.000704025;4.72617e-06
1.80846e-07;0.00139426;6.50203e-07;4.04014e-09;1.04521e-07;1.97239e-10;5.82535e-10;0.000123046;1.94351e-08;1.02681e-09;3.24576e-07;0.998438;4.36858e-05;6.32524e-09
8.08972e-06;0.339686;3.45314e-08;3.19271e-06;0.000134208;2.75084e-05;5.24988e-06;0.0192039;3.11121e-05;6.25521e-06;3.79022e-06;0.000340719;0.639638;0.000911841
2.86678e-05;0.00174028;1.04482e-11;3.75271e-07;6.09572e-06;6.64469e-07;2.08833e-06;0.0334234;3.00011e-05;5.66804e-08;3.91162e-06;1.73589e-06;0.964723;4.02047e-05
0.000131441;0.0109969;3.18826e-05;1.03474e-05;1.6946e-05;2.27924e-07;4.05389e-06;9.54408e-05;0.000506567;3.77944e-06;5.57458e-05;0.985252;0.00266942;0.000224965
1.33449e-06;0.998644;8.73085e-10;5.18154e-08;6.00671e-09;7.20525e-09;3.55645e-06;7.98188e-07;8.68547e-07;1.26688e-07;6.26295e-07;7.10851e-06;0.00134123;3.7003e-09
1.00085e-05;0.0012661;0.0014982;7.79056e-05;4.15407e-05;5.37751e-05;1.28907e-07;0.000186761;1.28088e-06;5.41543e-06;1.61429e-06;0.977711;1.82745e-05;0.0191284
1.75368e-05;0.0468615;7.76529e-08;0.000107632;3.87163e-05;0.000214156;7.72763e-08;0.942812;0.000838146;1.96929e-07;0.00071615;0.000297081;0.00807637;2.04829e-05
3.66639e-08;0.99924;7.68441e-08;1.19692e-08;5.83107e-09;5.37784e-09;1.90643e-08;2.62032e-09;3.8255e-12;1.40311e-06;1.30976e-09;1.47354e-09;1.30576e-07;0.000758286
5.67263e-11;6.72678e-14;0.999999;4.09355e-13;1.12531e-10;4.80792e-12;9.94491e-11;3.0325e-12;5.19192e-13;2.95449e-12;8.24053e-12;4.97459e-07;3.99447e-13;3.85535e-12
7.69049e-05;0.0756321;0.000299547;0.000124552;1.26829e-05;0.000735641;0.00244026;0.0151297;0.0616403;7.58397e-07;0.0823088;0.000135532;0.761433;2.98476e-05
1.18966e-07;0.998866;2.1011e-10;6.78264e-09;7.84192e-07;7.83406e-07;2.00408e-09;0.000715361;4.59452e-07;5.32041e-08;3.11118e-08;2.72406e-05;0.000360584;2.86443e-05
2.77677e-06;0.0564351;2.65295e-06;2.5107e-08;4.32484e-07;1.15276e-08;9.45192e-09;0.022479;2.93783e-06;3.14121e-08;4.18795e-07;0.919658;0.00141832;2.39803e-08
2.77581e-05;0.002183;2.33828e-08;1.91305e-05;3.32643e-05;1.73847e-06;4.15826e-05;8.22565e-05;0.996325;1.69367e-06;0.000886373;4.52303e-05;0.000328793;2.41834e-05
0.000164852;3.71212e-06;1.36921e-12;2.30566e-09;3.2173e-08;4.67821e-10;1.21717e-06;0.993955;0.0058684;5.81692e-09;1.49709e-06;2.02394e-11;5.22399e-06;3.18965e-09
4.66e-07;0.136104;3.52651e-09;1.3546e-07;5.78109e-07;6.50408e-08;3.41696e-06;3.13265e-07;6.85883e-08;1.27927e-05;3.87489e-09;2.02491e-08;3.25364e-07;0.863878
8.91804e-10;2.89599e-11;1;3.58472e-11;9.70207e-11;5.52438e-12;6.4651e-09;7.44669e-12;3.34753e-09;6.6571e-11;5.60893e-10;1.34208e-07;6.88434e-14;3.02133e-11
2.17976e-05;0.759337;8.38927e-09;4.79913e-06;1.04056e-05;1.36558e-05;0.000149039;0.0111617;0.000517133;8.39052e-07;0.000521034;1.91429e-05;0.226238;0.00200497
2.36121e-06;0.0240068;1.1192e-06;2.48991e-06;1.91437e-06;8.12211e-07;8.51335e-07;3.18293e-05;1.845e-05;6.36277e-07;5.38498e-05;0.97576;4.3756e-05;7.55629e-05
4.8052e-05;0.980753;4.08478e-06;1.28829e-05;6.07448e-05;2.30835e-06;1.33448e-05;0.00998429;9.54141e-05;3.41012e-06;1.72087e-05;0.000540503;0.00845901;6.38837e-06
7.30173e-06;0.0424188;2.44037e-09;2.91786e-05;5.82035e-06;0.000114846;1.71612e-06;0.000137931;0.000146109;7.97522e-06;4.78073e-05;0.000934656;0.956132;1.61219e-05
5.04274e-05;0.000580035;0.998833;2.04764e-06;2.51227e-06;9.54596e-06;2.12007e-08;8.98768e-05;1.91557e-07;9.17443e-07;2.16851e-08;0.000407794;1.70073e-05;6.99065e-06
0.000229907;0.35042;3.08791e-07;5.60779e-06;3.87123e-06;4.86527e-07;5.47491e-06;0.00291652;0.000572554;2.62984e-07;0.000161539;0.065648;0.580033;2.65985e-06
5.85106e-06;0.984793;1.5138e-11;5.26636e-07;1.96728e-06;1.04815e-05;5.44075e-07;0.00488492;2.42791e-05;3.53923e-07;1.54376e-06;0.000107504;0.00977964;0.000389428
9.18841e-05;0.110669;2.63677e-05;0.000132536;0.000333239;0.00080128;7.17968e-05;0.12963;2.21975e-06;0.000355728;3.82859e-05;0.124577;0.584566;0.0487058
4.99656e-05;0.491143;1.0236e-05;0.00722067;0.00045838;0.0252315;1.79105e-05;0.00815803;0.000871879;1.77141e-06;0.00088844;0.432268;0.00864047;0.0250398
0.000163921;0.030876;0.000663541;2.67436e-06;4.20047e-05;2.06065e-07;2.19189e-06;0.899043;9.76812e-07;4.2631e-07;1.33779e-05;0.064565;0.00308118;0.00154529
2.77212e-05;0.247097;1.08839e-05;3.94769e-06;9.04648e-05;3.91747e-05;1.10537e-06;0.000675604;2.07814e-06;1.5491e-07;1.66802e-05;0.514454;0.23007;0.00751128
4.25473e-09;0.275376;3.60956e-12;8.54009e-09;9.12044e-08;2.71093e-08;5.73986e-09;8.00572e-06;5.14082e-09;1.37161e-08;1.30493e-09;1.85182e-07;3.71521e-07;0.724615
0.000433341;0.00809889;0.000397566;0.000218513;0.000143141;1.39884e-05;0.0448465;0.0119422;0.231104;2.19637e-05;0.684498;0.00690605;0.0113721;3.01749e-06
1.12246e-06;0.00619524;2.6042e-11;9.34539e-09;0.000511741;1.54171e-08;2.54727e-09;0.993094;1.51417e-07;1.45239e-08;6.01209e-09;4.60222e-08;0.000195572;2.32048e-06
9.97287e-07;0.000122222;0.999634;6.2559e-06;0.000122594;5.76027e-05;3.13081e-07;3.23819e-06;3.15646e-08;2.02082e-05;1.39734e-07;4.21591e-07;1.67607e-05;1.51482e-05
1.79968e-07;6.45506e-09;0.999999;3.08617e-09;1.11919e-08;7.06131e-10;4.55979e-07;5.63827e-08;7.90391e-08;1.39812e-09;2.47453e-07;1.32618e-07;1.66853e-10;2.49041e-09
8.23479e-08;1.86125e-06;1.62247e-05;2.99392e-08;2.52914e-07;1.08945e-06;9.95578e-11;1.63682e-06;6.02252e-07;6.66295e-10;8.5829e-07;0.999964;6.57719e-06;6.4913e-06
1.33762e-06;0.999379;7.57885e-09;2.34664e-09;3.20533e-07;8.35166e-06;4.57397e-08;3.08227e-06;2.64973e-08;1.90483e-08;1.09987e-08;9.90836e-07;0.00060425;2.69746e-06
3.92953e-08;1.1604e-05;6.07285e-06;1.09516e-08;0.000188428;3.89957e-06;4.25634e-11;2.35267e-05;2.34631e-08;5.02205e-09;5.14505e-09;0.999689;4.16431e-05;3.5759e-05
1.39728e-07;0.000875372;5.92033e-11;3.4624e-09;6.76739e-07;1.90331e-07;3.51165e-09;0.998948;2.48339e-05;5.67736e-10;5.85475e-09;2.55442e-10;0.00015123;1.42826e-09
4.26516e-07;0.999812;1.37797e-06;6.11228e-07;1.32297e-06;8.94059e-08;7.9422e-11;0.000118796;7.40772e-10;8.35301e-09;3.09641e-10;1.99236e-05;4.47278e-05;7.84565e-07
0.000121715;0.859829;2.87524e-07;1.39079e-05;0.000188613;6.23298e-07;1.07723e-07;0.13209;6.46733e-07;1.34354e-05;2.04119e-06;0.000557011;0.00700544;0.000177699
1.07194e-07;0.999678;4.02921e-10;1.79089e-08;1.90728e-08;6.85359e-10;0.000106448;2.51785e-08;1.59548e-09;1.34048e-05;4.39618e-08;3.30815e-11;2.11728e-07;0.000202004
4.77944e-11;9.24856e-12;1;9.04538e-11;1.62376e-09;4.00658e-12;6.51406e-11;1.23443e-13;2.75734e-12;5.71003e-11;6.93996e-12;2.23448e-08;3.95217e-15;6.02624e-11
0.000207256;0.729036;4.05384e-08;0.00254819;4.43376e-05;0.000572284;0.00131198;0.00416073;0.0878681;5.60033e-05;0.16847;0.00299134;0.00255194;0.000182244
0.000147345;0.968208;4.28831e-09;3.42484e-05;5.91754e-06;2.39041e-07;1.94005e-05;0.000112781;2.34358e-06;2.05867e-06;0.000137251;0.0310448;0.000274417;1.11692e-05
8.71457e-08;4.04706e-05;1.02519e-11;2.48076e-09;7.10552e-06;3.14474e-09;1.24194e-10;0.999951;2.24573e-08;1.38672e-09;1.76106e-09;8.29004e-10;7.86873e-07;7.01517e-08
1.88256e-07;0.000256777;0.993197;6.69738e-06;0.000180388;6.93638e-06;3.17149e-11;4.57372e-07;1.96434e-09;1.89132e-06;1.44332e-09;0.00569265;4.88159e-06;0.00065179
0.000538143;0.00902886;4.403e-05;0.000250658;1.6426e-05;6.28742e-05;0.000838733;0.0144886;0.51946;4.64078e-05;0.438737;0.00666954;0.0098105;8.54945e-06
