4.18694e-07;0.999794;0.000178075;1.64382e-07;2.96276e-07;1.2778e-07;1.96671e-08;4.07332e-06;1.54323e-10;7.54304e-08;2.62465e-10;7.27292e-06;9.25106e-06;6.18497e-06
1.57981e-06;0.0141278;5.18602e-11;7.67564e-07;7.33484e-06;2.1991e-06;2.03911e-07;0.000801511;6.27508e-07;5.13428e-08;5.98814e-06;1.27114e-05;0.985039;6.6693e-07
1.09632e-06;0.999683;9.94131e-05;1.28486e-06;7.18625e-07;6.49454e-07;3.07266e-07;0.00011739;8.60015e-09;1.1067e-06;7.22212e-09;4.59453e-06;5.81154e-05;3.28906e-05
3.54273e-08;2.94779e-08;0.999979;3.23834e-07;6.95943e-08;3.88806e-09;2.32552e-07;2.26539e-08;4.20241e-08;5.06054e-09;2.34643e-07;1.95309e-05;3.73099e-08;6.45761e-09
5.87174e-09;6.81582e-06;3.3009e-07;8.75736e-08;5.832e-07;1.29756e-08;2.10754e-10;4.21117e-06;4.0124e-09;5.08702e-09;1.0401e-08;8.08153e-07;7.30455e-09;0.999987
7.03819e-08;4.69272e-06;3.67733e-11;1.04337e-07;0.00734207;1.52265e-05;1.29905e-07;0.992628;9.13961e-07;3.03835e-09;3.07712e-07;2.67721e-09;4.27754e-06;4.55213e-06
1.77718e-10;6.67591e-09;0.999992;1.1469e-07;7.76934e-06;8.16806e-08;4.62588e-12;3.96767e-10;4.83648e-12;2.88098e-10;2.27573e-10;3.53787e-07;4.00056e-11;3.55716e-08
1.08719e-06;0.0252013;3.19079e-06;2.07158e-07;8.64278e-06;1.63775e-05;2.58208e-08;7.28954e-07;7.39656e-11;6.91679e-09;2.73172e-08;8.56866e-06;0.974756;4.17031e-06
1.36487e-07;0.0380198;1.97244e-05;1.41981e-07;3.7358e-05;1.97637e-05;3.43558e-08;0.00421484;1.5794e-09;2.21105e-08;7.00576e-08;0.953069;0.00337019;0.00124919
2.57606e-07;0.0406471;7.05848e-05;0.000112011;0.0655239;0.0238658;9.40318e-08;0.817285;1.52223e-06;2.11463e-06;3.34949e-06;0.000100228;0.0419763;0.0104114
5.44179e-07;0.00773691;3.41022e-07;1.3213e-07;8.62826e-08;2.58731e-06;5.36736e-06;0.000160982;2.07879e-08;4.45289e-07;5.13188e-07;1.48357e-08;0.992092;1.57205e-08
1.66887e-11;1.52899e-10;1;9.50125e-11;3.30833e-10;8.85023e-11;9.22423e-13;6.89435e-12;1.22691e-13;5.28283e-12;6.84549e-13;3.75134e-10;1.57733e-11;5.30766e-12
2.57713e-08;1.96753e-05;0.99763;2.07264e-07;5.19032e-08;1.41171e-06;3.48965e-10;3.15438e-06;6.97248e-10;2.6654e-08;2.96781e-09;0.00234002;3.42851e-06;1.97584e-06
4.69105e-08;8.7741e-05;1.74189e-06;2.06671e-05;0.970351;0.0210748;7.40706e-09;9.19269e-06;2.25237e-07;1.42443e-06;9.08992e-06;2.20695e-07;3.21136e-05;0.00841172
3.14428e-06;0.801453;0.000891092;1.43187e-05;0.00285144;0.000138595;0.000276515;1.3884e-06;2.85039e-09;0.00634513;6.51995e-07;9.80753e-06;4.08113e-05;0.187974
8.61427e-11;6.7863e-08;1;3.27881e-11;5.76553e-10;3.77353e-10;1.65321e-09;1.36237e-11;1.31606e-12;1.59076e-11;2.99586e-12;1.37168e-09;1.65448e-11;7.25548e-13
2.31246e-05;0.508445;3.16497e-05;1.89846e-05;2.54751e-05;4.71879e-05;2.37519e-06;0.0744583;1.53485e-05;1.66957e-06;0.000318086;0.0132822;0.403328;3.2599e-06
1.27599e-05;0.223805;6.09638e-06;0.00131754;0.0110248;0.0554008;6.87911e-08;0.0626995;2.33496e-06;0.000127481;1.08494e-05;0.00080074;0.644424;0.000367458
7.01879e-05;0.131278;9.59583e-05;4.97725e-05;8.39602e-06;3.59036e-06;3.73732e-07;0.000511939;1.1886e-07;2.03931e-06;9.18528e-06;0.865801;0.00213789;3.17735e-05
4.79334e-07;0.135397;6.60384e-11;2.90594e-06;1.63383e-08;5.53022e-08;0.862797;7.3265e-08;4.07678e-07;0.00159903;7.01237e-06;9.44728e-10;2.57159e-06;0.000194201
4.42302e-09;2.11407e-11;0.999999;1.83022e-08;1.6978e-08;1.28841e-09;8.11008e-08;8.94291e-13;2.41168e-09;1.1734e-09;1.76417e-09;4.61977e-07;2.76005e-10;1.60616e-10
4.02565e-05;0.90209;5.56622e-10;1.1265e-06;2.37285e-05;1.72656e-07;0.000258171;0.0907913;0.00514555;4.16975e-07;0.000202316;8.74213e-06;0.00143836;8.78844e-08
6.96186e-05;0.00706739;0.0962811;7.41383e-05;0.00154579;1.72421e-05;5.07905e-05;1.33009e-05;2.5888e-06;8.49359e-05;1.1348e-05;0.889294;0.00223199;0.00325566
1.27526e-05;0.949998;4.91355e-09;1.44507e-06;0.000318905;1.09965e-07;2.82329e-05;0.0468579;0.000767009;1.71401e-08;4.75872e-05;0.00191997;4.56768e-05;2.57521e-06
2.78074e-05;0.777812;0.137619;4.22953e-06;0.000192481;5.59335e-06;2.16619e-07;4.18653e-07;6.42892e-08;1.03148e-06;2.98965e-08;0.0657465;0.01848;0.000111197
0.000170702;0.775608;6.20836e-09;2.60345e-07;0.000536886;1.47355e-06;0.000126059;0.218086;7.62269e-05;1.04134e-06;1.05476e-05;0.000289347;0.00505435;3.87617e-05
6.84169e-07;0.000157911;0.0342591;5.51089e-07;0.0123115;6.17716e-05;7.64227e-11;4.69793e-05;4.55882e-09;2.53586e-08;3.94671e-10;0.952964;0.000102583;9.48811e-05
8.82494e-05;0.978132;9.96693e-10;1.18354e-06;2.65728e-06;1.15982e-06;1.61925e-05;0.0166239;0.00263864;2.52222e-07;7.51162e-05;4.54809e-06;0.00210563;0.000310194
3.63724e-06;0.00414276;1.57405e-06;4.28455e-07;3.89068e-06;5.2171e-07;4.66669e-08;0.000805347;1.98959e-06;1.82071e-07;5.19701e-07;0.965866;0.0291726;1.30236e-07
0.000960155;0.651542;7.06626e-06;0.000371544;0.00218202;3.96001e-05;6.85304e-06;0.000211596;0.00051074;7.35997e-05;9.15532e-05;0.0795741;0.0142086;0.250221
0.000661439;0.0453041;8.08531e-09;5.65267e-07;1.36058e-05;5.77589e-06;3.57965e-05;0.935314;0.000265877;1.17649e-06;1.84249e-05;0.000326329;0.0180429;1.00695e-05
6.36661e-06;7.21009e-05;1.79154e-07;1.16314e-05;0.000678937;5.23689e-06;2.5539e-08;0.989256;4.99573e-05;4.06545e-08;1.59559e-05;0.00827259;0.00162969;1.43066e-06
5.81253e-06;0.998071;1.27838e-07;6.90922e-08;1.17481e-07;2.54653e-09;3.35518e-06;0.000489677;1.31116e-07;1.79504e-07;7.83296e-09;0.000138765;0.00128335;7.24417e-06
1.08787e-07;0.00824523;1.67937e-11;9.54091e-07;5.75831e-07;1.0048e-07;0.0013755;4.39138e-07;4.3879e-07;0.000169071;4.89813e-08;7.9701e-08;4.91228e-08;0.990207
1.02477e-05;1.26796e-06;0.999027;5.43012e-06;3.58431e-08;8.07552e-07;0.000210907;2.74478e-06;0.000174611;1.73407e-07;0.000203491;0.00036209;9.748e-07;1.06795e-09
0.00171591;0.0345994;4.06622e-07;6.94651e-08;1.0006e-07;1.10629e-07;3.5117e-05;0.96345;0.00013688;4.72842e-07;3.82797e-07;1.10386e-08;6.03716e-05;7.68028e-07
1.55646e-06;0.99046;4.04848e-08;3.27562e-08;9.56569e-07;4.10473e-08;0.00904772;5.43415e-08;2.89336e-06;3.05301e-05;1.14966e-08;2.69879e-05;6.1662e-08;0.000428853
4.43235e-09;1.72488e-09;1;1.11706e-09;2.89476e-08;4.97681e-09;3.14924e-07;4.15024e-11;1.04907e-07;3.57169e-10;1.52497e-09;7.97016e-08;1.40109e-10;1.9768e-10
2.75355e-05;0.947864;9.91756e-08;4.33196e-08;7.51024e-08;2.6614e-07;9.40119e-06;1.21295e-05;6.93826e-06;2.25241e-08;2.45767e-06;0.000725199;0.0513516;3.8426e-07
1.77801e-05;0.0277447;6.17149e-05;0.00021834;0.0113359;0.0144232;1.96811e-06;0.0416669;1.79858e-05;2.28316e-05;6.53442e-06;0.463297;0.436246;0.00493836
2.82859e-06;0.952019;2.02294e-06;1.05114e-05;5.75709e-05;5.3543e-05;1.63854e-07;0.0301055;5.80563e-06;1.77492e-07;3.21179e-05;0.0140015;0.00316807;0.000541332
9.31129e-06;0.856052;2.9791e-06;3.74621e-07;4.47901e-08;1.23505e-06;4.46731e-08;0.00319466;2.15384e-07;2.10507e-08;5.8168e-07;0.0767151;0.0640233;1.4022e-07
1.26973e-05;0.817909;3.92112e-06;4.00337e-07;6.67897e-06;1.18556e-06;1.19045e-09;0.0343369;4.60699e-07;4.6979e-09;4.57933e-07;0.0181468;0.129578;3.16764e-06
5.18005e-07;0.987717;3.94371e-07;2.45336e-06;2.11181e-07;1.02079e-06;8.41369e-05;1.45316e-06;1.1815e-08;0.00044947;1.50084e-07;1.48746e-05;0.00185452;0.00987362
7.42658e-11;5.34303e-12;1;2.44332e-09;4.15588e-09;3.43247e-09;1.25736e-08;6.97838e-12;2.35163e-10;2.71368e-10;2.40769e-08;5.34409e-08;1.46149e-11;6.22778e-12
1.67694e-07;0.000832118;6.22976e-09;2.85153e-07;2.36517e-07;8.34761e-07;0.99858;3.92796e-07;2.99156e-06;0.000454494;0.000118198;3.50406e-11;1.02097e-05;6.26039e-07
1.06793e-10;2.03641e-10;1;2.46112e-10;4.08684e-10;2.00381e-11;5.90086e-08;2.43181e-12;1.09743e-10;4.82442e-10;4.56115e-10;4.81895e-08;1.79046e-11;9.26365e-13
2.49635e-05;0.0346457;0.000281211;1.2514e-05;6.10556e-05;3.06325e-06;2.73858e-06;0.0270524;1.8042e-05;1.8658e-06;1.55083e-05;0.566566;0.371295;2.01024e-05
1.99589e-07;0.81903;1.05535e-09;2.94913e-06;1.26664e-06;2.02344e-06;0.1663;2.18016e-07;4.48079e-07;0.0145424;3.66565e-07;2.3287e-10;2.14444e-05;9.91747e-05
3.23289e-08;1.05511e-08;0.999972;3.47778e-08;1.0204e-09;1.25618e-09;3.78865e-07;6.08404e-10;5.43732e-08;1.43304e-08;3.37323e-08;2.81606e-05;2.67563e-10;4.88032e-11
1.16127e-05;0.948841;1.59526e-08;1.09602e-06;7.17241e-06;2.61814e-07;0.0472798;6.2455e-05;1.27916e-05;0.000205129;1.17628e-06;7.7443e-09;7.22525e-05;0.00350562
1.12024e-13;2.3363e-14;1;4.50381e-14;2.12093e-12;1.46922e-14;3.05424e-13;1.17889e-14;6.67783e-14;1.60104e-13;4.96095e-16;1.03265e-10;1.49429e-17;2.10441e-13
1.88408e-05;0.968834;2.58591e-06;1.68433e-06;8.09059e-05;2.32329e-06;2.68414e-06;0.00865711;0.000151497;1.67461e-06;5.61513e-06;0.00449535;0.0113801;0.00636505
5.27399e-06;0.00105701;0.00010391;8.80941e-05;0.000386102;0.00266316;8.46149e-08;0.000663664;4.09678e-06;8.07519e-06;2.57119e-06;0.972218;0.00878003;0.0140196
4.20846e-07;0.997805;2.00681e-09;2.56491e-07;7.85366e-08;1.11042e-07;2.93491e-05;0.000643039;1.18283e-07;3.18382e-06;3.11522e-08;9.30258e-10;4.45083e-05;0.00147415
1.95368e-11;2.45631e-10;1;1.77785e-11;1.07076e-10;4.24721e-11;8.10489e-11;1.56242e-11;5.73388e-13;1.87658e-11;1.18423e-13;3.48077e-09;3.1429e-12;1.08445e-11
9.22105e-07;0.0173916;6.31604e-08;1.85588e-06;5.84728e-06;3.71596e-06;3.47398e-07;0.00335071;2.14759e-06;8.82903e-08;6.22921e-06;0.00185617;0.977366;1.45472e-05
9.36796e-06;0.53814;1.20692e-08;0.00153021;3.83177e-05;0.000259594;1.18069e-06;0.0227162;0.00150214;4.833e-06;0.0034759;0.258256;0.173954;0.000111496
0.000124056;0.559874;2.14693e-07;0.00087572;7.56742e-05;0.000696941;0.000273791;0.0373038;0.0034529;0.000248313;0.0301577;0.00383838;0.362657;0.000421948
0.00106804;0.581669;0.00357697;0.00342876;1.19243e-05;0.00161355;0.00131247;0.0158665;0.000517584;0.000952509;0.00121308;0.386674;0.00204819;4.72372e-05
0.00731206;0.858263;1.18561e-06;0.000319452;0.00213878;0.00239009;0.007659;0.00117317;0.0210565;0.000205103;0.0388805;0.000303739;0.0486373;0.0116597
0.00147087;0.95164;2.26129e-06;1.33655e-05;0.00955735;4.1214e-06;1.08553e-05;0.0146828;0.0038929;9.59066e-06;0.00011225;0.00100572;0.000163045;0.0174345
2.14195e-05;0.712402;0.00151065;0.000100915;0.070799;0.000198096;2.50511e-06;9.25997e-06;3.25039e-07;2.67717e-05;1.02119e-05;0.0652912;0.121921;0.027707
0.00301492;0.795308;1.73056e-07;6.1379e-05;0.000870645;6.60234e-05;0.00120808;0.0217802;0.0374151;3.54101e-05;0.0109771;0.0649107;0.0543192;0.0100326
5.2171e-05;0.990853;2.28578e-06;7.9232e-06;0.000238745;1.48093e-05;1.44265e-06;0.000221637;4.56338e-05;1.22975e-06;3.77464e-05;0.00817719;0.000159785;0.000186547
0.000239368;0.995681;3.41723e-08;9.65663e-07;2.25505e-06;1.00369e-05;7.28083e-05;3.27116e-05;1.52913e-05;4.29173e-06;6.04265e-06;0.00167065;0.00185001;0.000414194
3.39213e-07;0.0136626;1.11014e-06;5.84802e-07;1.42563e-05;0.000433486;5.23322e-10;9.71235e-06;1.08227e-07;2.43981e-09;1.9339e-08;0.983549;0.00145129;0.000877152
0.000254404;0.946625;6.11384e-05;8.33732e-05;0.00114036;6.09644e-05;2.41892e-06;0.00865223;3.77988e-05;1.4082e-05;1.53265e-05;0.00112819;0.0277456;0.0141797
1.23868e-05;0.0391869;6.70756e-06;7.45739e-06;6.64438e-07;1.92531e-05;2.30296e-07;0.000165211;1.2479e-06;2.30574e-07;1.82385e-06;0.960241;0.000348841;8.24066e-06
9.52107e-08;0.999792;4.2237e-09;7.05658e-08;1.25827e-08;4.00917e-07;9.71513e-05;5.69774e-07;5.209e-08;5.63119e-06;4.29075e-08;1.36266e-10;5.78531e-05;4.64478e-05
9.61868e-11;5.18543e-12;1;6.86462e-11;2.17221e-09;7.43051e-10;3.35497e-09;1.05738e-13;4.15272e-11;1.61206e-10;2.21901e-11;1.54618e-08;5.611e-12;5.37346e-10
1.16862e-05;0.00616855;2.23302e-09;4.40463e-08;0.000548564;1.79904e-05;4.55288e-07;0.992003;0.000134022;4.59498e-08;4.1299e-06;5.54206e-06;0.00106519;4.07563e-05
1.5984e-05;0.227284;3.29927e-08;6.73611e-08;1.26847e-05;5.64206e-07;9.94489e-07;0.744121;1.59332e-06;2.4028e-06;1.06237e-07;1.21171e-07;0.0284636;9.66132e-05
4.00118e-09;4.15263e-09;1;4.56555e-09;1.24257e-08;1.97373e-10;2.96916e-08;6.02262e-11;1.50477e-08;1.08381e-09;1.92027e-09;5.8462e-09;2.37737e-10;2.44572e-09
0.00026946;0.0145747;0.00162345;0.00010788;5.50157e-05;9.60055e-06;3.43387e-06;0.647437;0.00198202;6.08442e-06;0.00132982;0.311925;0.0160859;0.0045898
5.07593e-10;0.99743;1.633e-11;9.67648e-12;1.06673e-10;1.33802e-10;1.06186e-07;7.22184e-11;6.06021e-13;1.48722e-07;2.38824e-11;6.25346e-12;3.06765e-08;0.00256974
6.9577e-13;2.06729e-11;0.999998;1.87846e-12;3.23652e-08;1.41584e-09;1.24421e-10;4.41021e-12;5.66747e-14;2.67444e-10;8.85354e-13;1.56451e-06;4.94411e-13;1.7978e-09
5.88288e-07;0.19673;1.01046e-05;1.72725e-05;2.79695e-05;0.000863165;0.00591376;0.00317238;0.00272376;3.41677e-06;0.000992888;7.71801e-06;0.789501;3.54994e-05
2.03487e-07;0.999831;2.74318e-08;7.70745e-07;6.74162e-07;2.61852e-06;9.70678e-08;9.11323e-05;1.91676e-06;5.10517e-07;2.56081e-06;7.59547e-08;4.44836e-05;2.36318e-05
3.66751e-06;0.967303;7.25138e-08;6.60015e-07;9.20473e-08;1.64202e-06;1.2621e-05;4.10206e-08;1.62238e-08;1.10731e-06;2.94403e-07;0.000509169;0.0320985;6.94626e-05
1.25777e-05;0.0820262;1.06195e-07;2.02169e-06;4.40972e-05;9.93782e-07;4.03491e-07;0.00397304;5.608e-06;1.90866e-07;1.93202e-06;0.912728;0.000196923;0.00100835
4.55352e-06;0.889872;4.46353e-09;2.83745e-05;3.62198e-05;7.23419e-06;1.30132e-08;0.10835;6.53665e-06;2.69221e-07;6.67949e-06;0.000816796;0.000578095;0.000293447
5.46456e-06;0.0142746;1.63609e-05;2.36421e-06;2.14579e-05;1.15658e-05;2.20311e-08;0.000150703;2.98406e-08;6.2818e-08;8.87748e-07;0.96482;0.0205925;0.000103682
1.80606e-06;0.979398;5.14676e-08;1.67348e-06;3.66896e-08;6.34173e-06;0.0190708;1.53808e-05;9.64423e-06;8.72173e-05;2.04872e-05;4.92701e-09;0.000764364;0.000624273
1.19232e-10;6.68831e-12;1;7.0339e-11;5.92084e-10;8.55912e-11;7.22816e-10;9.91323e-13;1.53535e-10;4.10543e-11;4.37972e-11;1.14353e-07;1.05292e-11;2.42673e-12
1.51408e-05;0.0673689;2.04025e-09;1.51074e-07;0.000641727;9.69798e-06;7.76166e-07;0.928241;0.000166557;1.84756e-07;4.01334e-06;1.5831e-05;0.00331733;0.000218916
4.26124e-06;0.00128869;1.58815e-10;6.7092e-07;2.83359e-06;1.75677e-07;6.5038e-08;0.94104;0.000109269;6.62962e-08;2.38885e-05;1.34307e-05;0.057515;1.14634e-06
0.00641059;0.216082;1.23241e-05;7.07601e-07;0.000183542;6.66391e-08;9.48339e-07;0.621631;1.24687e-06;2.5881e-06;4.72509e-07;0.0566862;0.0982434;0.000744971
6.17515e-08;0.0112588;1.87173e-06;3.51086e-07;6.9084e-06;2.97489e-06;2.50024e-08;4.25545e-06;6.20203e-08;5.86049e-09;1.05771e-07;0.988049;0.000653549;2.17247e-05
6.09993e-06;0.0162473;4.90397e-07;1.6009e-05;0.000916817;9.34377e-06;3.23822e-05;0.000955363;3.06755e-07;2.23178e-05;1.88829e-05;3.56528e-06;0.980254;0.00151712
0.000420667;0.000427444;3.90832e-08;0.000724289;0.854169;0.116413;0.000164614;0.0121286;0.000109539;0.001739;9.64613e-05;3.61739e-08;0.00940243;0.00420462
1.30287e-07;1.0973e-09;1;2.02719e-09;6.93565e-09;6.9354e-10;1.23611e-09;4.83473e-11;2.73108e-09;3.54998e-10;3.62719e-11;1.36535e-09;3.69473e-12;1.77191e-09
3.37564e-05;0.000176357;0.993717;2.88115e-06;1.84033e-06;1.25467e-05;1.07581e-07;0.000340628;1.25091e-05;2.41868e-07;2.1858e-07;0.00563485;2.85445e-06;6.42084e-05
3.83754e-06;0.000484202;8.81183e-06;9.40941e-07;0.000333201;0.00109413;1.25679e-09;2.03259e-05;7.4489e-06;1.29215e-07;7.14871e-07;7.44971e-05;0.00775521;0.990217
8.53404e-05;0.988788;0.000614403;2.82614e-08;0.00457346;3.20381e-06;8.18175e-10;0.00085652;4.51081e-07;3.84925e-08;6.79629e-09;0.000251101;0.0033308;0.00149656
4.91332e-08;0.997604;3.44411e-08;1.58821e-08;2.6947e-06;1.31094e-07;5.10673e-07;0.00155209;2.81008e-07;1.00227e-06;8.00692e-09;6.06135e-09;5.85012e-06;0.000833495
5.68741e-13;1.40221e-10;1;1.31331e-12;4.14119e-10;2.17132e-12;8.88509e-14;7.78256e-13;1.39762e-14;5.92288e-13;1.78541e-15;5.03747e-08;1.65898e-13;9.9968e-12
7.08079e-06;0.00161374;8.92974e-10;6.7649e-06;0.000146125;0.000101716;7.93807e-06;0.94245;0.00117758;1.40097e-06;0.000115153;0.000170653;0.0253976;0.0288046
1.2798e-07;0.999584;2.39393e-09;1.14599e-07;5.43942e-08;6.40032e-09;1.21345e-06;0.000247687;1.76825e-08;1.94669e-07;2.94782e-07;1.15124e-07;0.000166459;2.37986e-08
1.05933e-05;0.997109;2.26166e-07;0.000541825;0.00102453;0.000175501;2.31512e-05;0.000624513;8.17987e-06;3.89388e-06;1.1078e-06;5.99383e-06;0.000309909;0.000161586
0.00147228;0.00345077;1.1842e-06;0.00026624;3.02993e-05;4.92264e-05;6.82034e-05;0.992097;0.000804093;8.86849e-06;0.000532182;0.000476619;0.000556932;0.000186579
0.000195759;0.998725;1.55916e-07;2.54147e-06;5.39965e-07;2.7404e-07;5.08645e-05;0.000393241;3.34667e-05;5.39736e-07;1.73452e-05;2.07447e-05;0.000558694;6.0861e-07
8.21978e-06;0.0532767;5.11536e-11;1.4765e-06;5.26247e-05;0.000412916;4.56334e-09;0.000479882;1.56438e-06;8.95164e-09;2.58717e-07;0.00127609;0.942198;0.00229257
2.08112e-06;0.581835;4.46302e-06;6.20556e-07;2.92909e-05;1.75384e-06;6.40549e-09;0.00148278;2.57348e-08;1.19577e-06;7.39502e-08;0.376819;0.0046731;0.0351505
1.99575e-06;0.465208;6.30985e-08;0.00156274;0.0207073;0.00055498;1.08478e-05;0.448954;0.00050992;1.98977e-05;0.0056158;0.00761941;0.0472111;0.0020246
3.98079e-06;0.0339007;2.48253e-05;1.17166e-05;1.24675e-06;3.07286e-05;0.00014681;4.59716e-05;7.74492e-07;4.43969e-05;0.000179992;3.48584e-07;0.965602;6.40494e-06
2.11818e-09;2.06963e-09;1;2.25812e-09;3.4059e-11;6.00351e-11;7.39141e-08;1.92126e-10;8.05822e-10;1.90947e-10;5.30943e-08;1.7343e-09;1.74233e-08;6.79954e-13
3.59763e-06;0.00900234;0.000903929;3.85169e-05;6.88656e-06;1.21107e-05;5.42869e-08;0.00106726;2.39812e-05;2.17526e-07;0.000127176;0.988687;2.67272e-05;0.00010028
3.4169e-07;0.996371;1.06496e-08;4.1864e-07;2.4631e-07;8.06712e-06;5.18856e-07;1.82053e-06;5.82561e-07;3.97584e-07;1.93884e-05;0.000850326;0.00269382;5.31339e-05
3.59025e-06;0.119658;0.0786566;1.13819e-06;2.16928e-05;3.09715e-06;1.64365e-07;1.66441e-05;1.75531e-08;9.63411e-07;2.256e-07;0.796481;0.000183446;0.00497306
1.32257e-05;0.592957;5.42443e-09;2.68238e-06;0.00106856;4.01125e-06;0.070778;0.114544;2.36115e-05;0.00100658;1.20761e-06;7.48166e-08;0.000232908;0.219368
6.07165e-09;2.71005e-06;0.999995;4.96831e-09;1.35909e-07;1.03429e-09;2.66003e-09;4.24909e-07;2.61951e-09;4.75028e-10;3.13899e-09;1.56413e-06;9.35774e-09;4.65072e-09
7.83119e-07;0.998922;1.17792e-06;4.51851e-07;3.63822e-07;5.41775e-07;1.4737e-08;0.000453834;5.51438e-09;1.46116e-07;3.90367e-09;0.000141874;3.44563e-05;0.000443986
3.22774e-07;0.999232;2.32995e-07;6.84675e-08;9.82591e-09;6.69491e-09;1.67598e-08;3.58181e-06;2.33149e-08;7.79933e-09;3.67201e-07;5.75122e-05;0.000706226;1.02265e-07
1.01209e-07;0.00103282;1.21363e-13;4.13682e-07;2.48502e-06;3.14978e-06;4.22236e-11;5.33868e-06;1.24397e-08;3.96621e-08;1.90869e-09;9.43593e-05;4.40138e-07;0.998861
4.25716e-05;0.000517624;7.2286e-12;1.84487e-07;1.35668e-08;1.06843e-07;3.58433e-07;0.000522575;4.74392e-06;1.61947e-09;9.69033e-07;2.00834e-07;0.998911;7.8419e-09
5.59385e-06;0.0018745;7.34487e-09;1.20877e-07;1.14756e-07;9.0062e-09;7.12625e-11;2.69155e-05;6.81994e-08;5.0004e-10;2.88605e-08;0.988029;0.0100627;6.26426e-07
4.04091e-06;0.987651;1.46073e-08;7.88751e-05;4.78857e-06;5.8626e-05;7.59305e-07;5.54405e-05;3.54381e-06;6.88725e-07;4.49994e-06;3.5472e-05;0.0119956;0.000107006
2.5852e-05;0.351781;9.96081e-06;5.31e-05;0.000140326;8.45166e-07;4.01899e-06;0.0100838;1.37826e-06;1.95745e-06;2.1851e-06;0.0082015;2.06906e-05;0.629673
2.33877e-07;2.7222e-05;3.43403e-07;7.78242e-06;0.0103776;8.35267e-06;7.39165e-09;0.000476596;1.45541e-09;4.72072e-07;2.22599e-07;3.80423e-05;0.00185403;0.987209
4.72868e-09;4.00729e-08;1.05528e-10;7.08229e-09;1.39756e-11;1.36968e-06;2.10021e-08;6.95536e-10;6.18092e-08;2.10486e-09;4.02428e-06;3.84494e-10;0.999995;2.10815e-10
1.15498e-09;8.94024e-08;0.999999;3.90499e-09;8.38281e-11;2.36538e-09;9.46031e-12;1.66831e-10;1.50282e-11;2.87053e-09;1.02984e-11;7.3796e-07;6.98733e-10;1.37608e-08
2.17525e-07;0.999566;7.15501e-09;1.78059e-06;1.49824e-07;4.455e-07;7.95996e-07;0.000349202;1.25016e-05;8.81059e-08;1.68616e-05;3.39202e-07;5.04597e-05;1.5532e-06
