6.19784e-06;0.153698;6.99561e-09;4.11875e-06;3.85814e-06;1.72214e-05;2.5565e-09;0.839734;5.85377e-06;3.09442e-08;1.6704e-06;0.000752195;0.00577163;5.03334e-06
5.85146e-05;0.192616;7.99148e-08;4.35227e-05;2.3203e-05;1.16211e-05;2.97299e-05;0.00170976;1.01542e-05;2.31195e-05;9.32521e-05;2.91589e-06;0.805344;3.43948e-05
0.00694924;0.00700201;0.0038397;0.0458792;0.562261;0.321057;1.24259e-05;0.0446858;3.3694e-05;0.00072743;1.86385e-05;0.00313467;0.00175238;0.00264739
0.0033183;0.94768;5.37156e-05;0.000732187;0.000137541;0.000570325;1.21092e-06;0.00362815;0.000534507;1.37418e-06;0.000688351;0.0150027;0.0263663;0.00128481
0.000106273;0.0455509;5.81272e-06;0.000127663;0.0760153;0.0155103;1.04848e-06;0.662797;0.0110151;4.16859e-05;0.000289541;0.0126037;0.00189848;0.174037
0.000178114;7.90662e-06;3.47279e-10;5.89127e-07;7.5949e-06;3.15479e-06;4.97398e-07;0.926944;0.0727009;2.31372e-07;7.4922e-05;1.72346e-07;8.10083e-05;4.69296e-07
0.00304741;0.00495523;5.45684e-05;2.74578e-06;7.52676e-06;5.17414e-07;2.27887e-07;0.000160523;7.15062e-05;5.73256e-07;3.05332e-06;0.840365;0.150976;0.000355611
0.00011314;0.409673;3.7956e-06;1.45306e-05;0.000669108;2.79611e-06;2.86414e-06;0.0402086;0.0939455;2.44319e-07;0.00267342;0.413631;0.0389616;0.000100842
0.000235321;0.597613;2.91768e-08;4.6796e-05;0.000708623;0.000173255;6.21059e-07;0.00304505;2.46283e-05;3.00248e-05;2.72358e-05;0.0972275;0.0762568;0.224611
0.000358224;0.207323;4.28554e-06;1.1689e-05;0.00010676;3.18159e-05;2.49731e-05;0.0683537;3.39405e-06;4.85428e-05;1.67472e-06;0.010372;0.713228;0.000131963
0.000176921;0.00607563;0.000184838;0.0802189;0.0103618;0.524408;0.000443465;0.000615601;0.0607175;0.00118679;0.0355026;0.00144556;0.268117;0.0105448
0.00463468;0.446106;0.484761;0.00144528;0.00014166;6.40997e-05;0.00121015;4.11001e-05;0.000804098;0.00128987;8.2669e-05;0.000568973;0.0583165;0.000533879
0.000147373;0.961373;7.34411e-08;4.88352e-06;6.73529e-07;2.75032e-06;0.00107164;0.000126764;0.00140209;6.43389e-06;0.00238845;4.85042e-06;0.0334597;1.12256e-05
5.26894e-05;0.276854;0.000776635;0.0018288;0.000444107;0.000645778;7.01804e-07;0.00010296;4.20291e-05;1.64685e-05;1.42667e-05;0.681552;0.000410429;0.0372594
3.58738e-06;0.999854;2.18413e-10;5.68867e-07;4.67588e-09;1.18189e-08;9.61603e-07;1.9263e-06;6.19341e-05;3.91194e-08;5.51639e-05;1.14564e-05;8.69942e-06;1.51465e-06
4.69473e-05;0.995587;1.61763e-10;8.30495e-07;4.33036e-07;3.97175e-07;1.18362e-06;2.3782e-06;4.29998e-07;4.67976e-07;2.28708e-06;0.000305381;0.00402618;2.59379e-05
5.41778e-06;0.00115442;2.22526e-06;1.24602e-07;1.31985e-07;1.21583e-09;9.36305e-08;0.000170862;1.46372e-06;1.68822e-09;1.29733e-06;0.998615;4.93352e-05;9.68152e-10
6.32643e-06;0.908517;2.33249e-06;3.54204e-05;0.00856943;4.63717e-06;2.19131e-08;0.0784962;1.01792e-06;4.27499e-06;1.51184e-07;0.000204989;0.000547945;0.00361069
5.86378e-08;1.50968e-06;2.26139e-08;4.76596e-08;2.2219e-09;0.000577247;3.78678e-09;2.29167e-09;4.63598e-07;1.24859e-07;5.15324e-07;2.85569e-08;0.99942;4.09723e-08
3.83383e-09;2.54458e-07;0.999999;7.34568e-09;1.81215e-10;4.8037e-09;1.84578e-10;6.80364e-10;2.00188e-10;5.46794e-09;5.37139e-10;9.62993e-07;1.61943e-08;9.06187e-10
1.86067e-07;0.998998;7.72184e-07;3.14311e-06;2.89461e-06;7.36065e-06;6.71923e-07;0.000670681;9.51936e-06;2.92839e-07;4.19814e-06;4.04684e-06;0.000250436;4.76194e-05
