1.9626e-05;0.994418;0.000221645;9.79179e-05;1.15523e-05;5.90454e-06;2.30257e-05;1.21904e-05;1.02095e-06;3.37662e-05;2.54823e-05;3.76049e-05;0.00507924;1.29055e-05
7.94801e-06;0.0033356;0.00229941;5.51127e-06;9.53359e-06;6.52936e-07;5.6027e-08;1.11504e-05;1.05697e-07;9.24924e-08;1.36438e-06;0.993496;3.82286e-05;0.000793799
0.000589406;0.913653;6.56371e-05;7.57997e-05;0.0430815;0.000225354;0.00431707;0.0273159;0.00463856;2.08512e-05;0.00180499;0.000560609;0.00266814;0.000983511
2.56743e-05;0.332409;0.00174531;2.14238e-05;0.00297576;0.00134698;6.40631e-07;3.40015e-06;1.01882e-07;1.9975e-06;3.18132e-06;0.00110643;0.660352;7.96926e-06
9.69162e-05;0.778217;1.36649e-07;1.14176e-06;0.000176526;1.50949e-05;3.08497e-05;0.00183567;9.83225e-06;2.40402e-05;5.8005e-05;0.191019;0.0262467;0.00226884
0.000146993;0.460024;0.000113064;0.000620817;0.289305;0.0142832;4.65471e-05;0.159405;0.000388161;6.42607e-05;2.92719e-05;0.000641931;0.0747211;0.000210867
0.00189194;0.0090003;0.000351034;0.000291857;1.77376e-05;0.000215125;7.47822e-05;6.75339e-05;0.00768244;2.67342e-06;0.000923691;0.0204552;0.958847;0.000179237
0.000257217;0.987285;1.42364e-05;8.11642e-07;2.22044e-07;4.42696e-08;3.26002e-05;0.011126;0.000389912;1.09174e-07;5.95516e-05;2.51018e-05;0.000809032;3.88991e-08
9.73569e-07;0.00436178;0.000127166;8.61321e-06;0.00207913;2.15637e-05;2.30717e-08;0.418245;3.01142e-06;3.67332e-07;9.27534e-07;0.573297;0.00106694;0.000786944
1.09323e-07;0.998078;1.90891e-09;1.77236e-08;3.30955e-09;7.88589e-10;0.00133096;2.55048e-06;5.56845e-08;1.55297e-05;2.02187e-07;2.80443e-09;1.16145e-06;0.000570963
2.86153e-09;6.21385e-10;0.999999;1.47633e-10;2.8665e-09;1.26992e-11;2.02481e-07;5.11823e-12;1.36811e-09;2.61063e-09;2.05892e-10;3.73822e-07;5.31944e-13;1.21897e-10
0.00124117;0.589999;3.73462e-05;0.000152779;6.16537e-05;2.40699e-06;0.0145924;0.0224772;0.349649;5.19591e-05;0.0111156;4.33798e-05;0.0104752;0.000101238
7.65077e-05;0.801616;0.0020614;0.000144487;6.40095e-05;2.40073e-07;3.42145e-07;0.00141417;1.99917e-05;2.74364e-06;7.49384e-07;0.193013;8.87719e-06;0.00157659
8.93339e-06;0.572917;3.61317e-05;1.72067e-06;7.10002e-06;2.8866e-06;8.28447e-08;1.1301e-06;9.55257e-09;1.67575e-07;1.40029e-08;4.47406e-05;0.426769;0.000211339
4.22803e-07;0.00660373;3.37837e-07;1.58952e-07;0.000115428;5.02641e-07;1.28669e-07;0.0557613;1.81397e-06;1.43907e-07;1.52846e-06;0.930492;1.44554e-05;0.00700835
9.79443e-07;0.0865739;2.34344e-09;3.97615e-06;4.2347e-06;0.00566733;1.25301e-06;0.000272046;3.78803e-05;5.20697e-07;1.59097e-06;1.10774e-06;0.90743;5.17338e-06
2.26547e-07;4.29532e-06;0.991793;8.82941e-07;3.17788e-07;1.97403e-07;3.38028e-09;8.85658e-08;1.79158e-08;1.7585e-07;8.02474e-10;0.00819145;5.7835e-06;3.06128e-06
1.41106e-06;0.996433;1.68714e-08;4.4881e-06;4.98838e-07;1.4527e-06;3.5841e-06;0.00279721;0.000685187;3.25534e-08;1.54237e-05;3.43572e-08;4.33295e-05;1.4253e-05
1.11365e-05;0.000979151;2.88439e-08;1.24763e-07;2.36929e-07;1.04276e-07;1.93484e-08;0.998975;2.19007e-05;6.47012e-08;1.48755e-07;1.62881e-09;1.24552e-05;7.7481e-08
1.87183e-09;0.999262;2.01461e-10;6.44187e-09;1.5026e-08;1.00432e-10;2.06388e-09;6.06788e-10;1.46655e-11;2.49229e-07;1.99017e-11;1.86273e-08;9.43416e-10;0.000737888
1.06464e-05;1.20237e-06;0.999542;1.12805e-06;5.59351e-05;3.11782e-05;0.0001454;0.00012708;8.05948e-06;1.66351e-05;5.74414e-05;6.49735e-08;3.29225e-07;2.4734e-06
2.66077e-09;3.67949e-09;1;6.51587e-10;3.98268e-09;1.77303e-10;3.15435e-09;3.45785e-10;3.80161e-11;2.49738e-11;9.37446e-11;1.00975e-10;2.69114e-11;2.47548e-10
7.62583e-06;6.29172e-05;0.979225;2.49413e-07;1.56526e-06;4.0884e-06;3.11419e-09;2.26537e-05;1.02855e-07;4.70239e-08;9.27272e-09;0.0206634;1.00743e-07;1.20723e-05
1.65454e-06;5.24369e-06;1.35433e-06;3.0088e-07;0.218564;0.769044;1.26462e-09;1.08504e-05;1.06437e-06;4.95689e-08;1.15174e-07;0.000177573;0.00575365;0.00644048
5.69133e-07;6.81537e-05;1.20003e-08;8.1894e-09;2.31774e-05;0.00028524;1.23464e-10;1.69627e-06;6.22663e-08;1.14046e-09;3.39003e-09;1.46153e-05;0.999602;4.30624e-06
1.04095e-08;1.11557e-05;0.999988;1.47825e-09;1.16684e-07;2.22364e-09;4.50574e-11;1.06454e-06;8.99664e-10;1.452e-09;5.68023e-12;6.90714e-09;1.78006e-08;1.38558e-08
2.52223e-05;0.000982501;2.47381e-06;6.39975e-06;0.000133189;0.000508897;4.49317e-07;0.994238;0.00141036;5.94165e-07;2.65677e-05;4.24938e-06;0.00265914;1.50139e-06
8.99204e-07;0.998565;1.77442e-10;2.67489e-07;1.40599e-07;1.67295e-06;1.74143e-09;8.07805e-06;8.40008e-08;3.15795e-08;5.32138e-08;1.34759e-06;0.00141836;4.07805e-06
2.74656e-06;0.999678;1.15285e-09;2.64542e-08;1.96776e-08;3.37429e-09;0.000209806;1.89536e-05;4.94085e-09;5.48886e-05;2.56804e-09;8.61573e-09;1.32261e-05;2.20672e-05
6.38987e-10;1.27515e-10;0.999999;6.12308e-09;2.9195e-08;1.60793e-09;7.68112e-09;4.49599e-12;5.0546e-09;4.56817e-09;1.34648e-09;8.0164e-07;7.36792e-14;3.40799e-09
1.24243e-07;0.987753;3.991e-07;3.24723e-08;6.4745e-08;2.09482e-08;4.99703e-07;1.20175e-07;2.29058e-09;2.33964e-09;1.23678e-08;4.51768e-07;0.012245;6.3848e-09
1.23089e-10;1.79683e-05;1.13037e-07;1.05297e-09;5.55866e-09;2.73219e-09;7.44736e-12;1.6635e-06;1.04187e-08;3.04979e-12;4.36586e-09;0.999962;1.78519e-05;6.3075e-08
7.53105e-08;0.999163;2.23324e-08;1.38396e-07;1.45771e-05;1.31128e-07;8.38478e-10;3.90642e-05;1.62848e-09;4.56405e-10;5.4352e-09;2.371e-05;0.000556302;0.000202919
4.21898e-09;4.03159e-06;5.21366e-08;1.14435e-10;3.34129e-07;2.03994e-12;1.39128e-11;0.999994;1.11926e-10;1.05652e-11;9.61181e-12;1.06874e-06;2.66686e-11;4.12638e-07
5.9939e-09;0.000121387;0.998998;1.51789e-07;8.78756e-07;2.2116e-07;3.4444e-13;0.000843818;1.81712e-10;2.5065e-09;1.88091e-11;1.82437e-06;9.98122e-10;3.38963e-05
1.24169e-08;4.34577e-05;1.12722e-09;3.813e-09;5.09183e-12;1.53068e-06;1.19305e-08;7.21145e-09;3.77739e-07;6.51133e-10;3.5333e-07;1.19185e-08;0.999954;5.5703e-12
1.8188e-10;1.03271e-08;0.999991;3.73234e-09;9.20249e-11;2.14679e-09;1.78973e-11;1.70506e-10;3.60456e-11;2.03339e-09;3.2511e-11;9.0487e-06;1.13447e-09;5.65044e-09
3.21705e-06;0.98421;3.24147e-07;4.34144e-05;9.31774e-06;5.86553e-05;7.24121e-05;0.0114366;0.00226733;1.26146e-06;0.00112099;3.66764e-07;0.000610358;0.00016555
