2.26125e-06;0.994459;8.79773e-06;8.03625e-07;1.51417e-05;4.47607e-09;5.28969e-09;0.00546631;3.72861e-08;2.84629e-08;5.08331e-08;4.16792e-05;5.42229e-06;7.08729e-07
3.79703e-06;0.97419;7.521e-07;7.72962e-06;1.42949e-06;1.48239e-07;0.00407823;5.65037e-09;1.04397e-08;0.00243177;3.76721e-07;2.32213e-07;1.01507e-06;0.0192843
2.84245e-09;3.70959e-10;0.999992;7.4454e-10;1.3788e-08;6.66497e-10;3.75351e-07;4.81793e-11;2.29643e-09;9.00552e-10;4.35723e-08;7.65982e-06;8.69044e-11;1.24782e-08
2.61805e-06;0.990711;1.35787e-07;5.4214e-06;1.7109e-07;5.02048e-06;0.000290962;0.00141072;0.00199039;1.70342e-06;0.00300242;3.04776e-06;0.00257246;3.50192e-06
7.6571e-08;0.00133692;0.000130323;3.13159e-06;2.21044e-06;4.43119e-06;2.94932e-09;1.65934e-06;7.16279e-09;5.39214e-08;2.32172e-07;0.997635;0.000735135;0.000150801
8.89492e-06;0.0284167;4.61821e-08;9.07508e-08;6.26814e-07;2.23066e-05;5.45419e-05;0.931277;3.11628e-05;7.8126e-07;3.57652e-06;1.83584e-10;0.0401456;3.86065e-05
4.84401e-13;3.48058e-12;1;1.51502e-13;4.64987e-13;1.77705e-13;5.815e-12;1.16649e-14;1.1788e-14;5.39524e-13;5.78422e-15;7.30566e-11;4.32532e-15;1.06774e-12
2.08448e-07;0.000673737;5.04148e-07;7.54822e-08;6.79303e-07;7.59759e-08;3.4324e-08;0.00148267;0.000101161;6.87849e-09;0.000170831;0.996586;0.000981228;2.81013e-06
8.70561e-07;0.961711;3.99797e-10;2.0149e-06;2.37557e-06;7.99487e-06;1.33479e-05;0.000549581;1.54086e-06;8.98305e-07;1.04686e-05;1.79007e-05;0.0375301;0.000151978
3.4079e-08;0.0132642;9.29882e-08;2.79293e-07;9.06152e-09;5.48386e-09;6.86239e-08;7.73222e-06;7.70944e-09;1.12802e-08;2.16725e-07;0.986727;6.22314e-07;5.78993e-08
7.60901e-06;0.232614;3.78112e-07;4.37951e-06;0.00120753;4.19169e-06;2.82832e-07;0.752063;2.94749e-07;6.32853e-07;1.10963e-06;0.000103874;0.0101212;0.00387085
1.29685e-05;0.0762197;8.8302e-06;0.000200116;6.0139e-06;0.00261931;4.03049e-05;9.27528e-05;4.64785e-05;0.000120609;0.000101265;0.00301573;0.915159;0.0023569
2.13008e-07;0.000933308;0.998534;6.69064e-07;4.10454e-08;1.5014e-07;1.98602e-07;1.69698e-08;4.56368e-10;1.49616e-06;6.5779e-09;0.000506162;1.18024e-07;2.32837e-05
3.2669e-08;2.10772e-08;0.999984;8.29227e-09;8.40804e-08;7.75433e-09;1.35056e-08;1.47305e-07;7.22755e-09;9.8497e-10;2.21914e-08;1.56183e-05;1.75857e-07;3.13417e-09
4.60599e-06;0.998219;1.2442e-05;1.73585e-05;2.8899e-06;2.79445e-06;3.83125e-05;0.000136732;0.000228968;8.75033e-06;0.000711006;6.0999e-06;0.000575218;3.59991e-05
3.84272e-06;0.000552606;1.16712e-05;2.8712e-05;0.136806;0.0576833;4.13829e-07;0.0019243;1.97812e-05;6.65355e-05;3.82756e-06;0.000856323;0.000167888;0.801875
1.66064e-06;0.00779627;4.45363e-10;7.6677e-08;2.15049e-08;5.48208e-08;1.16933e-06;0.000333715;6.80917e-07;3.30248e-08;5.97898e-06;2.25088e-06;0.991858;1.16536e-08
6.45782e-06;0.002751;1.49285e-07;2.35704e-07;1.06693e-06;9.11819e-09;8.90577e-08;5.37797e-05;1.51086e-07;1.96125e-07;1.40481e-06;0.996455;0.000719637;1.11067e-05
1.15945e-06;0.00149128;1.18227e-07;1.4506e-07;9.07927e-07;1.06655e-07;2.20408e-08;0.0040728;8.87719e-07;5.68157e-09;7.21872e-07;0.00189481;0.992537;4.19321e-08
1.55277e-06;0.000190183;3.77182e-06;0.000163303;0.000194465;0.000784928;1.02647e-07;3.36295e-06;5.55272e-06;3.58182e-06;2.44854e-06;0.000720583;0.000669953;0.997256
1.8215e-06;0.0457685;5.05487e-11;1.33251e-07;1.84172e-08;4.24678e-07;6.8986e-06;5.9194e-07;1.32825e-06;6.70863e-08;7.19759e-07;3.22525e-07;0.95421;9.41577e-06
1.58382e-06;0.00716405;0.991526;1.46852e-06;2.41351e-05;3.27271e-08;2.44024e-07;7.7404e-05;1.88755e-08;2.90109e-06;9.99715e-09;4.23867e-05;1.29735e-06;0.00115812
3.87093e-06;0.0230884;2.56602e-08;8.10492e-06;0.00184124;0.0784546;0.000227957;1.80065e-05;0.0002093;0.000137642;2.75901e-05;1.67261e-07;0.714423;0.18156
6.00329e-06;0.000254452;0.809459;4.44045e-07;1.24283e-05;1.23508e-06;9.64648e-05;5.06996e-09;1.36143e-07;0.000326767;2.14171e-07;0.189651;2.10521e-05;0.000171024
1.73229e-08;5.49405e-10;1;4.91105e-10;5.00447e-09;1.9514e-09;1.9787e-08;5.31269e-10;1.73281e-07;9.55138e-10;7.49711e-09;1.71522e-09;9.04013e-11;9.88107e-11
5.1594e-07;8.44248e-07;3.87424e-09;2.60518e-09;2.94205e-09;2.21227e-10;1.34601e-09;0.999993;3.77394e-06;2.55459e-10;1.00949e-07;4.01654e-08;1.36848e-06;9.15588e-11
9.67545e-07;0.984702;4.95128e-09;1.04522e-06;6.36063e-06;1.51533e-08;6.97121e-09;0.000136749;4.96836e-07;1.14752e-07;7.9621e-08;0.000127364;2.88192e-07;0.0150242
5.98051e-06;0.000850019;0.000198216;1.25793e-05;8.76192e-05;1.54674e-05;1.06199e-05;3.47066e-05;3.90328e-07;1.2525e-05;1.32812e-05;0.991816;3.96324e-05;0.00690332
2.91288e-06;0.00850157;1.56051e-11;9.95913e-07;1.08514e-05;2.11823e-06;2.69649e-07;0.990719;2.27438e-05;4.90503e-09;5.11965e-06;9.73374e-06;0.000724276;8.89357e-07
5.59416e-06;0.0716797;0.0003916;6.59989e-06;8.84726e-05;7.19168e-06;3.51143e-07;1.07754e-06;6.55008e-09;4.44979e-07;8.29635e-08;7.98074e-05;0.927716;2.26225e-05
6.11961e-07;0.0136246;3.58839e-05;1.20852e-06;5.97192e-07;3.86493e-06;9.87565e-07;0.00643095;1.78899e-06;5.38144e-08;1.92618e-05;0.947141;0.0327321;6.77909e-06
4.69549e-07;0.06446;9.63656e-07;0.000230921;0.00792044;0.0129367;2.342e-06;0.204427;1.66359e-06;4.2805e-06;7.21309e-05;9.278e-05;0.705264;0.00458658
3.66284e-06;0.00357397;8.06901e-08;2.50676e-06;2.18588e-06;2.79786e-05;1.17649e-05;0.00304001;6.5572e-07;9.95408e-06;1.14882e-05;3.28088e-05;0.993282;1.33082e-06
1.4169e-11;3.31535e-11;1;1.97965e-11;2.39031e-12;8.81034e-13;2.95038e-11;3.22397e-13;8.25313e-13;3.1058e-12;9.62389e-12;1.87766e-11;2.03435e-12;3.27023e-14
1.07348e-09;2.12102e-09;0.999978;4.22227e-09;1.31464e-10;3.30344e-09;1.37008e-10;1.52665e-08;1.86046e-09;6.48644e-10;5.03615e-09;2.24332e-05;2.15717e-09;2.74447e-09
2.22526e-07;3.12634e-05;0.000142552;9.63021e-07;0.00856372;0.00711232;5.24202e-10;5.57231e-06;4.03591e-08;5.87782e-07;2.04043e-06;6.87218e-06;5.66993e-05;0.984077
2.03588e-08;0.989397;6.18123e-11;1.85329e-10;1.90782e-07;9.14158e-09;3.23639e-07;4.05614e-09;6.08676e-12;2.92004e-06;2.20464e-11;2.08438e-08;2.56703e-07;0.0105992
1.56459e-13;1.15594e-11;1;2.25249e-13;1.68431e-10;3.11322e-11;4.29877e-12;1.20383e-14;9.65938e-15;2.21109e-12;3.46869e-15;1.75543e-09;4.71672e-14;6.28994e-11
2.37015e-06;0.869516;7.54479e-05;1.20868e-05;7.0634e-06;0.00031915;0.000476618;0.000769989;6.40619e-05;1.51201e-06;0.000161702;2.49538e-06;0.128575;1.62586e-05
3.13361e-08;0.999912;4.76662e-08;1.27021e-08;8.84966e-09;1.12603e-10;2.58542e-09;8.11424e-05;1.5607e-09;1.73356e-09;6.18964e-09;3.34709e-09;6.97497e-06;7.95059e-10
3.37123e-09;0.999084;2.23708e-10;1.53664e-07;4.16733e-05;1.77839e-09;3.70455e-11;0.000864854;2.66228e-11;6.40522e-08;9.96608e-12;1.02092e-07;3.40881e-08;9.50671e-06
4.88215e-07;0.000228103;0.000620479;3.56299e-05;1.72607e-05;0.000156519;2.15817e-07;1.2996e-05;5.325e-10;0.000123194;6.30235e-07;0.99828;1.86303e-05;0.000505398
3.00253e-05;0.0150078;6.0645e-10;1.66293e-05;1.97942e-06;9.45601e-06;0.000164447;5.71289e-05;4.79766e-06;3.12776e-07;0.00760721;0.000194761;0.976904;1.48483e-06
0.000519176;0.000456368;0.000237306;6.03e-05;5.46566e-05;9.15091e-05;4.36325e-06;0.000448296;4.04158e-05;2.70409e-06;0.000600687;0.816781;0.180607;9.63547e-05
0.000536196;0.144313;0.000121142;0.000417545;0.010423;0.00251293;2.22148e-05;0.722084;0.000619631;0.000276846;0.00189667;0.00331118;0.0889652;0.0245007
6.42808e-05;0.0839405;0.00595217;0.000258668;0.0363724;5.29964e-05;2.2192e-06;0.00182685;1.75434e-06;7.22266e-05;4.26234e-05;0.813944;0.00441243;0.0530574
1.809e-07;0.995971;2.10291e-11;4.63784e-07;7.22616e-08;1.04485e-07;0.000387028;3.42822e-05;4.90624e-08;7.13763e-05;4.65791e-08;5.59803e-10;1.93492e-05;0.00351587
2.90578e-11;7.42319e-14;1;5.1244e-12;1.41183e-10;1.41969e-13;5.68777e-10;2.11573e-12;2.02179e-12;7.20222e-11;7.1862e-12;1.51681e-08;2.34061e-14;4.7033e-12
7.56176e-08;0.000225065;7.84491e-10;4.08695e-08;2.43513e-10;1.03376e-09;0.999611;2.75393e-09;1.86305e-05;0.000137443;7.33989e-06;1.92659e-11;1.06839e-07;7.31601e-07
4.13135e-11;1.42887e-12;1;1.11785e-10;8.1178e-11;8.04788e-11;5.70203e-09;8.41199e-14;7.50138e-10;5.60863e-10;8.53018e-11;1.36203e-08;1.05836e-13;6.74027e-11
1.77237e-06;0.999779;2.09772e-09;1.35783e-06;8.06927e-08;9.20125e-09;4.04821e-07;6.34158e-05;2.09316e-05;2.66917e-08;6.74029e-06;1.55608e-05;0.000110411;1.62264e-08
3.16372e-05;0.325669;0.00031649;5.6151e-06;3.23714e-06;7.96462e-06;2.51462e-06;1.12871e-06;1.03158e-07;7.19549e-06;8.49636e-07;0.0166147;0.657338;1.10965e-06
9.09438e-05;0.21615;8.42219e-05;1.38715e-06;0.000856908;1.98479e-05;7.36833e-07;0.75769;1.7134e-06;2.69015e-06;3.97406e-06;0.00132374;0.0228493;0.000924243
1.11369e-05;0.000834378;6.24029e-07;1.79682e-05;0.0732255;0.439121;3.9734e-06;0.0071454;4.08323e-05;9.91676e-06;2.51556e-05;0.000251217;0.000709207;0.478603
0.000278811;0.00158422;4.45679e-07;1.20021e-06;7.1576e-06;1.8843e-05;1.09456e-06;0.000208307;5.85907e-05;2.07011e-07;9.74622e-06;0.000352709;0.997462;1.62955e-05
0.000128003;0.000895028;7.39808e-06;5.3201e-07;8.59135e-05;4.66919e-05;5.00745e-09;0.0187454;4.4156e-06;4.10385e-07;4.50534e-07;0.429428;0.550586;7.1165e-05
2.00601e-07;0.000984873;2.18924e-08;5.22288e-07;7.73669e-07;2.26075e-05;2.81524e-09;0.000101134;5.62029e-06;2.71094e-08;2.97835e-06;0.00981488;0.989065;1.15179e-06
4.35496e-08;0.00426039;0.000319804;9.82549e-06;1.39388e-05;1.43731e-06;2.11267e-07;1.51723e-07;7.68193e-10;0.000143693;1.66228e-08;0.00103185;2.8208e-07;0.994218
3.51579e-06;0.0401388;6.75704e-09;6.51983e-06;5.45067e-08;1.62576e-06;0.901429;9.69386e-06;0.00414464;2.00417e-06;0.031725;1.33282e-08;0.0225395;9.81148e-10
0.000267855;0.012884;4.90828e-07;6.92136e-06;1.196e-06;1.72747e-07;7.817e-06;0.986464;0.000313566;2.97343e-06;4.08207e-05;1.61278e-07;9.51172e-06;3.86788e-07
2.43151e-06;0.982929;4.87142e-07;3.23122e-05;1.96552e-05;2.57469e-06;3.53325e-06;1.99269e-06;2.27325e-07;0.000115524;2.74719e-07;2.16312e-05;3.58241e-07;0.0168704
4.87544e-05;2.50859e-07;0.999463;8.08946e-06;1.12291e-05;1.52328e-05;3.57017e-05;1.91026e-06;7.64385e-05;1.66492e-06;0.000299748;2.77848e-05;8.31088e-06;1.88375e-06
1.02858e-05;0.637436;9.502e-11;2.1612e-06;4.88012e-08;1.82123e-06;8.41529e-06;0.0015237;0.000216867;1.45112e-07;0.000117118;7.56009e-07;0.360682;1.0047e-07
1.51712e-06;0.000126366;0.0122622;3.44264e-06;2.91724e-05;4.47936e-08;7.04344e-09;1.04059e-08;5.06431e-08;9.505e-08;4.26831e-09;0.987464;1.40972e-06;0.000111223
0.00038943;0.00131164;8.98779e-11;2.52584e-07;1.17631e-05;1.93917e-06;2.23983e-06;0.995633;0.00210542;1.97302e-07;1.65266e-05;8.25841e-06;0.000518358;6.73333e-07
3.29971e-06;0.000642141;5.96236e-10;1.48502e-07;8.23745e-06;5.52575e-07;7.81803e-08;0.000120375;1.60579e-06;7.75036e-08;1.31939e-06;1.20003e-05;0.999209;8.75119e-07
0.000718825;0.0181566;1.21392e-05;0.00126233;8.20979e-05;4.44283e-05;1.51213e-05;8.73724e-05;0.00210586;0.000183753;0.000414638;0.961629;0.00198996;0.0132975
2.02009e-05;0.999575;2.53992e-05;1.91412e-05;2.34669e-07;1.01131e-08;2.46289e-05;1.20697e-06;1.40475e-06;4.87849e-07;1.0096e-05;0.000285895;3.63126e-05;3.32544e-07
1.28541e-05;0.97396;4.57271e-10;3.21255e-07;1.12557e-06;2.96555e-07;4.81742e-05;0.0229834;8.9391e-07;5.70994e-06;1.36817e-07;1.22586e-10;2.80226e-05;0.00295901
3.60018e-11;7.90574e-11;0.999993;3.15185e-11;1.02154e-10;7.55926e-12;8.49387e-11;2.2142e-13;2.81998e-11;4.25186e-11;1.01851e-11;6.93808e-06;1.45272e-14;5.81249e-09
3.68576e-07;0.997941;2.20932e-09;8.92043e-08;2.88656e-07;3.99264e-08;1.92002e-06;3.30746e-07;1.52431e-06;1.5501e-08;2.28548e-07;1.56224e-05;0.00190107;0.000137426
5.55002e-07;0.996453;2.06668e-09;7.50016e-07;7.33707e-06;2.10907e-05;4.01806e-08;0.000219495;6.47308e-07;1.15251e-07;5.16528e-08;5.63599e-05;0.00237966;0.000861191
1.54344e-05;0.75551;0.141618;5.50832e-05;0.0021567;2.87653e-06;3.22399e-07;0.026906;9.76845e-09;4.6862e-06;2.35942e-08;0.00217351;8.81573e-05;0.0714697
1.43555e-06;8.0627e-05;3.17382e-09;3.20538e-06;2.68182e-05;0.0402662;1.23598e-07;6.29532e-05;3.34424e-06;4.34735e-07;1.79007e-06;2.01982e-08;0.0653223;0.894231
4.3185e-05;5.51884e-05;0.0568;3.39119e-07;3.01079e-07;9.2651e-07;3.11495e-05;8.3695e-07;8.39565e-07;4.16599e-05;1.86574e-07;0.942711;3.95432e-06;0.000310258
4.53305e-08;1.08009e-10;0.999997;1.99406e-09;1.12151e-09;1.11044e-09;1.46374e-08;1.7032e-10;2.78754e-06;1.91101e-10;1.18032e-07;1.40807e-07;1.02252e-11;1.45539e-11
0.000104158;0.00188462;7.06075e-07;4.26802e-07;2.00759e-08;1.70403e-07;5.13711e-08;0.00392276;0.000891293;2.25221e-08;5.81778e-05;6.95999e-05;0.993068;7.6064e-08
1.46505e-06;0.00226784;0.00019868;2.62148e-07;4.014e-07;1.04907e-08;8.10108e-09;7.17804e-05;1.76059e-06;2.69887e-08;8.08215e-07;0.997419;4.81946e-07;3.70656e-05
3.87538e-06;0.202374;1.84305e-08;3.04454e-05;2.10319e-05;2.00847e-07;0.000108635;0.795216;0.000438401;6.49364e-06;6.1733e-05;6.91811e-07;0.000160308;0.00157896
7.40327e-05;0.00132518;1.36074e-05;9.97985e-07;0.000400392;1.49608e-09;2.68437e-06;0.997981;2.01427e-06;2.34473e-05;1.16675e-06;3.28006e-06;0.000171501;9.8765e-07
5.48948e-07;1.78854e-05;0.999578;2.29154e-05;2.50316e-05;1.0999e-06;7.16382e-07;4.43335e-09;4.20652e-07;1.94516e-05;3.04101e-06;0.000327579;3.047e-06;4.76317e-07
1.99476e-05;0.98724;2.69586e-06;9.01143e-06;1.61567e-06;5.49108e-06;3.59353e-05;0.00612482;0.00319039;4.97901e-07;0.00137019;0.000817175;0.00112411;5.77507e-05
