3.69073e-06;0.959768;2.50439e-09;8.20764e-08;3.61435e-06;2.58018e-07;1.52268e-08;0.00158847;2.39777e-07;8.7617e-09;2.37115e-07;0.00134858;0.0372159;7.11087e-05
7.48715e-07;0.9776;6.04573e-07;4.27426e-05;6.71226e-05;7.579e-06;8.59795e-08;0.0100742;1.17123e-06;7.80639e-07;1.12838e-05;0.00662822;0.000653466;0.00491189
1.48358e-05;0.112648;6.8906e-08;0.000164412;0.0612257;2.00464e-05;1.56549e-07;0.756778;5.74085e-07;9.38586e-06;4.4033e-06;0.00902019;0.000410683;0.059704
2.18975e-05;0.0652673;0.301576;0.000960793;0.00299837;0.0894798;1.07451e-06;0.000216533;4.72242e-08;0.000123082;2.65432e-06;0.529348;0.00690862;0.00309633
2.34294e-05;0.000174126;1.70843e-09;2.95428e-07;4.68127e-07;5.93239e-06;9.998e-08;0.686146;2.19889e-05;1.02474e-08;0.000101625;3.55611e-05;0.31349;1.0755e-06
2.38578e-06;0.000267443;5.4665e-05;5.61588e-07;8.03799e-06;2.36433e-06;1.54424e-09;2.06706e-05;3.87033e-07;6.36254e-08;6.65672e-07;0.997441;0.00209555;0.000105945
8.96e-08;0.00103425;4.98442e-08;7.40509e-08;1.73774e-05;4.32816e-06;2.56514e-09;0.99812;5.13862e-06;4.93319e-08;2.05273e-06;0.000234263;0.000581904;2.75534e-07
2.161e-05;0.141102;5.894e-06;9.23662e-06;2.96001e-05;2.51001e-06;6.89793e-07;0.825816;1.18503e-05;2.71136e-05;0.00021627;0.0143736;0.0183817;2.14963e-06
0.000955825;0.973998;5.83832e-06;5.98416e-06;0.000174613;7.00283e-07;0.000390988;5.11305e-05;8.45751e-06;0.000409629;2.12626e-05;0.000547833;7.28286e-05;0.0233566
9.26232e-09;2.04773e-11;0.999998;5.92415e-11;1.48025e-09;1.30549e-12;2.19102e-10;7.60676e-09;1.4425e-07;1.63133e-12;6.78456e-09;1.4932e-06;1.57364e-12;1.43003e-13
4.01245e-07;0.999323;9.4878e-12;8.01818e-09;1.4252e-09;2.05307e-10;5.40608e-05;5.3003e-06;3.60449e-05;4.7303e-07;1.43354e-06;2.56181e-09;6.82278e-07;0.000578617
9.89526e-06;9.7066e-05;1.30207e-07;3.9322e-06;1.68561e-06;4.22461e-07;0.103277;0.00107234;0.877315;1.75425e-06;0.0181892;4.01611e-08;3.21016e-05;1.64812e-08
0.000585101;0.276668;2.86147e-08;3.47319e-07;9.21387e-07;6.11527e-07;3.3838e-07;0.66737;3.71721e-05;3.36922e-07;1.36898e-07;2.40064e-06;0.0553317;2.90826e-06
2.38717e-08;7.81217e-05;5.14158e-07;2.41747e-07;1.38578e-07;1.00598e-07;1.0017e-09;2.29236e-07;1.0145e-07;5.25884e-09;1.27274e-08;0.999909;2.76e-06;8.9882e-06
0.000412041;0.512137;0.000165774;1.67956e-05;0.00216407;2.12245e-05;5.04835e-06;0.45195;0.000154705;1.12166e-06;6.29218e-05;0.00609619;0.0266821;0.000130714
5.02455e-05;0.000108478;1.20809e-07;3.28593e-07;0.442309;2.90531e-07;3.32513e-07;0.557014;4.73435e-05;5.35595e-06;7.06064e-08;1.33544e-06;2.97728e-05;0.000433892
0.00183573;8.34868e-05;0.992718;1.8697e-05;2.38934e-05;1.8696e-07;4.29486e-07;3.53467e-07;0.00522642;3.0557e-06;3.10915e-05;5.79463e-05;5.25442e-07;3.38964e-08
0.000650685;0.000100541;9.12494e-08;4.66112e-07;3.70189e-07;1.67477e-07;3.09426e-07;0.0249607;0.974154;3.92871e-07;8.69323e-05;7.05849e-06;3.82617e-05;1.32485e-07
