5.23587e-06;0.00908011;2.38076e-08;1.76435e-05;1.34705e-06;1.88308e-05;2.88669e-07;0.000397355;6.22542e-05;8.04714e-08;2.38357e-05;0.000140573;0.990252;1.87463e-07
2.40003e-06;0.00234743;8.39815e-11;3.34609e-05;2.1808e-05;5.06097e-06;3.42152e-10;0.0288818;1.15981e-07;7.44321e-07;1.29429e-06;0.967296;0.00111931;0.000291086
2.0195e-06;0.989018;4.44744e-05;3.25515e-06;8.21887e-09;2.40058e-09;0.00651242;8.87732e-09;5.94147e-10;0.00440083;3.84447e-08;1.8174e-07;5.50044e-09;1.90473e-05
1.89354e-09;1.98826e-12;1;1.19469e-09;8.53489e-10;1.29627e-08;4.91462e-08;1.58055e-12;3.211e-09;1.01377e-10;1.8177e-08;3.12194e-07;4.19495e-11;2.20775e-11
1.29323e-06;0.998566;3.55533e-08;3.01239e-09;5.94812e-10;3.53525e-08;1.14141e-06;1.15289e-07;3.32323e-08;4.04577e-09;5.47466e-08;1.60316e-05;0.00141545;3.6687e-08
4.97648e-07;0.00102895;7.76827e-08;6.43931e-07;0.000162886;7.4666e-05;1.55145e-08;0.00245138;2.56147e-07;5.1922e-08;3.48792e-07;0.994146;0.00198468;0.000149958
9.70033e-07;0.871888;2.06258e-07;9.75234e-06;2.2485e-05;0.000630086;1.60968e-05;0.00369009;8.98632e-07;1.5614e-05;1.03381e-06;8.00301e-10;0.123537;0.000187791
7.54347e-11;4.56414e-09;1;7.09255e-10;7.94631e-11;2.01354e-11;6.3714e-11;1.02192e-11;1.00405e-12;4.55452e-11;8.10264e-12;1.3597e-09;6.35733e-12;7.65583e-10
2.27833e-07;0.000190096;0.000636983;1.15958e-06;1.01899e-07;9.38369e-07;4.63387e-10;0.000138054;1.46144e-07;2.06995e-08;9.40592e-07;0.999028;2.13013e-06;1.35016e-06
0.000132102;0.040454;1.07485e-05;3.56043e-06;0.000371237;0.000261632;1.43096e-05;0.948586;3.36694e-05;1.71919e-06;0.000646061;2.79032e-05;0.00883937;0.000617987
3.95206e-07;0.996704;9.91472e-11;2.08243e-08;3.89735e-07;7.338e-07;5.14557e-06;1.66263e-05;7.89731e-10;3.03086e-06;3.38734e-09;8.89289e-06;0.000390824;0.00286984
1.30059e-09;3.69072e-10;0.999957;2.73031e-08;1.23838e-06;2.98818e-06;4.83892e-10;2.53675e-08;1.98774e-10;1.66883e-09;6.46428e-11;3.82887e-05;4.34128e-10;1.25691e-08
7.76621e-06;0.025892;3.68342e-07;1.13232e-05;5.54562e-05;0.00011447;1.63735e-06;0.965538;0.000126815;4.65478e-08;0.000167485;0.00147808;0.00660657;2.60732e-07
5.10389e-06;0.510885;2.85652e-08;6.24545e-06;6.84034e-06;3.34539e-07;1.08755e-08;0.486485;1.89537e-06;6.62382e-08;2.76508e-06;9.98884e-05;0.00250105;5.31598e-06
1.57366e-05;0.505764;1.6756e-06;7.71543e-06;1.25401e-05;4.60763e-05;8.48252e-08;3.29866e-05;2.10628e-06;3.45392e-06;4.07598e-06;0.0351917;0.456394;0.00252352
0.000204365;0.726933;1.72084e-07;7.85487e-06;0.00306483;0.000395235;0.000114709;0.000532084;1.28519e-05;1.84794e-05;3.48928e-06;0.00254322;0.160531;0.105639
3.99913e-05;0.0804604;7.40516e-05;1.96579e-06;0.000716199;0.000321225;2.01378e-07;0.0771861;1.85615e-06;1.04768e-05;2.28672e-07;0.00274521;0.836236;0.00220586
7.94266e-08;0.000112261;3.05654e-08;6.98115e-05;0.00196717;0.968585;6.63505e-08;1.70545e-05;3.2965e-06;8.0991e-06;3.45993e-06;2.54639e-07;0.00220548;0.0270283
1.97072e-05;0.00094376;0.987882;3.02904e-05;7.9661e-07;5.8501e-06;1.13281e-06;2.13278e-06;1.56484e-07;2.49292e-06;5.24797e-07;0.0108772;0.000217662;1.60675e-05
3.29759e-06;0.997827;3.8055e-07;6.18176e-06;4.12242e-06;1.42781e-05;3.09027e-06;0.000581755;6.65426e-05;3.05522e-08;9.85032e-05;5.6684e-05;0.000305379;0.00103333
2.34335e-05;0.989876;9.9548e-06;2.11697e-07;5.08939e-07;8.98776e-08;2.76529e-07;0.00782656;7.37988e-06;1.14797e-07;2.78426e-06;0.00182337;0.000426332;2.89865e-06
5.24475e-09;0.000146856;4.9484e-06;2.62767e-06;5.84938e-06;2.14105e-05;6.34171e-10;0.000803699;2.05478e-07;2.40052e-08;1.30225e-07;0.997684;0.00129652;3.37184e-05
1.66099e-06;0.998851;1.64809e-08;2.52515e-06;8.40109e-07;2.35816e-07;7.13585e-06;0.000502385;3.7462e-06;5.43744e-07;3.9902e-05;2.74835e-06;0.000585024;1.83356e-06
2.02747e-05;0.00290921;1.79878e-09;1.70536e-07;0.00511807;3.58766e-07;1.14529e-06;0.9912;6.0716e-06;1.5568e-06;3.65892e-07;0.000102318;0.000634069;6.81093e-06
3.13122e-05;0.000165793;0.989898;3.27905e-05;0.0057368;7.09963e-06;6.19146e-08;2.19504e-06;5.39309e-06;5.72247e-06;1.72073e-07;0.00402778;7.44079e-06;7.93427e-05
0.0007389;0.00611525;1.20672e-08;4.20774e-08;1.12825e-06;3.76159e-08;1.61299e-05;0.989174;0.00375491;1.45277e-06;4.72707e-06;4.20951e-09;0.000192812;4.23558e-07
1.22549e-09;4.15054e-11;1;8.74442e-11;1.16414e-08;1.19056e-10;4.03837e-11;6.81946e-11;1.65451e-10;8.49136e-11;1.1019e-12;1.21893e-08;4.17803e-12;2.2604e-09
1.23448e-07;2.16336e-06;0.999866;6.18927e-08;8.46238e-07;1.96064e-07;9.43435e-11;0.000115831;1.33516e-07;2.56683e-09;5.47049e-09;7.34856e-06;3.28505e-08;7.47845e-06
1.74412e-08;5.98409e-06;4.30026e-07;4.77144e-09;1.18933e-05;3.6711e-05;1.85275e-13;8.84559e-08;1.19932e-09;6.80162e-09;1.54114e-10;8.37745e-06;1.43065e-07;0.999936
9.88027e-07;2.38206e-06;1.19881e-11;2.27355e-09;3.03724e-07;3.50936e-07;1.30964e-11;0.999877;1.34493e-06;2.89066e-11;1.62959e-08;3.41248e-07;0.000117267;2.48656e-08
4.703e-05;0.859307;3.8796e-07;4.24506e-08;1.23175e-06;1.11402e-08;2.88759e-09;0.122897;1.11991e-08;6.35265e-08;1.18648e-09;2.76661e-05;0.0176811;3.77698e-05
2.61834e-10;5.9608e-06;1.0303e-07;2.16003e-08;4.52838e-07;2.79112e-09;1.41612e-11;1.55644e-06;1.27066e-09;4.2952e-10;3.72219e-09;0.999991;4.85972e-07;3.84912e-07
6.257e-08;2.80076e-05;0.999969;4.91415e-08;2.00178e-07;2.31678e-08;8.25863e-07;1.15039e-07;1.27597e-09;7.83431e-08;1.76414e-07;3.41978e-08;1.51562e-06;4.95136e-08
0.000314729;0.983964;4.22904e-07;1.66537e-07;0.000103944;1.24855e-06;2.87939e-05;0.0149254;3.31062e-05;4.20258e-07;1.26291e-05;8.39795e-06;0.000479371;0.000127076
1.88381e-05;0.656053;7.85099e-07;1.03059e-07;5.12146e-06;7.69019e-06;8.69329e-09;0.00205507;0.000217897;5.09896e-09;2.8944e-06;0.32245;0.0191473;4.1428e-05
0.000371233;0.383205;2.17716e-07;2.36926e-05;0.00062339;9.15726e-05;4.24909e-07;0.00201761;0.000123153;1.64744e-05;4.30225e-06;0.110425;0.0773673;0.42573
1.4106e-05;0.00539887;1.16786e-07;3.33115e-07;0.0087163;5.00834e-06;1.08667e-07;0.953969;1.54007e-05;8.22828e-07;8.73063e-07;0.0101165;0.0216742;8.85262e-05
7.94783e-06;0.0804378;2.76341e-07;1.71687e-05;7.13358e-06;0.000955112;3.41418e-06;3.7028e-05;4.66546e-06;1.87699e-06;3.22567e-06;3.16053e-05;0.918277;0.000215587
0.000188941;0.0010942;0.779073;2.22691e-05;6.91002e-05;8.00845e-07;1.19865e-07;1.68801e-05;1.2492e-07;1.50349e-06;3.65621e-08;0.219517;1.27174e-06;1.51735e-05
1.4246e-05;0.972603;2.69592e-07;8.20425e-07;3.07818e-06;1.3367e-05;1.21469e-06;0.0177636;3.1385e-05;1.55301e-08;8.60505e-07;5.72683e-07;0.00950324;6.42215e-05
1.33673e-05;0.992269;7.52202e-09;5.06308e-07;8.38372e-06;4.99147e-07;0.000507158;8.51029e-06;1.84735e-06;0.000114961;3.65576e-07;3.20921e-07;0.000294241;0.0067809
1.8082e-08;1.57821e-08;0.999993;5.49916e-08;5.5047e-08;1.45306e-08;4.50798e-06;2.05312e-12;2.23663e-07;2.87062e-08;1.61177e-08;1.73999e-06;1.7892e-08;2.1147e-10
0.000310724;0.763608;6.10284e-08;1.55761e-05;2.53323e-07;5.03969e-08;6.48278e-05;0.164457;0.00338131;1.03929e-06;0.00102868;0.000775259;0.0663573;2.75409e-08
3.05431e-05;0.239976;0.008868;0.000239192;0.000774784;2.14477e-06;1.32203e-06;0.000278534;3.15663e-07;3.26283e-05;1.38798e-06;0.74508;0.00446357;0.000251382
5.31492e-08;0.000511563;2.42243e-10;6.30066e-08;1.58818e-09;3.07129e-09;0.999101;7.9951e-10;2.23553e-07;0.000359404;9.02265e-06;2.13599e-10;1.03633e-07;1.83653e-05
8.25433e-11;4.80871e-12;1;1.12203e-09;1.6909e-10;5.40589e-10;3.47187e-07;2.45393e-14;8.18358e-10;1.14597e-09;3.53963e-09;6.54518e-09;1.27899e-13;1.8897e-11
1.40253e-07;0.999992;8.75079e-09;5.52711e-08;4.7136e-10;1.14251e-09;2.58546e-07;9.02495e-07;6.94529e-09;1.282e-09;7.0354e-08;5.15659e-08;6.61073e-06;1.9162e-09
4.4228e-07;0.999827;2.6879e-09;3.12395e-09;7.97847e-09;1.61131e-09;3.73466e-06;3.7396e-07;1.91432e-09;1.50727e-08;7.10631e-09;6.79884e-06;0.000161388;1.78602e-07
2.98303e-10;2.48411e-05;3.69221e-09;9.73147e-09;9.28711e-07;6.62643e-07;2.9046e-11;7.60636e-07;6.80751e-09;4.29651e-11;7.75657e-09;0.999816;1.44805e-06;0.000155212
1.01908e-05;0.161598;1.9339e-08;4.32988e-06;0.000139501;1.21909e-05;5.15393e-07;0.0042014;8.04581e-06;1.15247e-07;2.77426e-05;0.00072148;0.833032;0.000243719
2.2748e-05;0.00358732;0.00310839;6.44317e-07;1.92396e-05;5.70596e-06;3.54489e-08;0.00210992;1.00884e-07;1.6586e-07;1.41574e-07;0.975569;0.0155181;5.80341e-05
1.67934e-06;0.00581943;5.24126e-05;6.14127e-06;9.30584e-05;0.00173699;3.2969e-09;0.000957968;7.32479e-07;1.19577e-07;3.60621e-06;0.00469998;0.986578;4.95554e-05
1.55783e-05;0.886955;1.34237e-07;4.45735e-05;1.12327e-05;2.99899e-05;7.66206e-08;0.00722467;2.30377e-06;8.90448e-06;6.74675e-05;0.0647207;0.0404196;0.000500338
4.51078e-08;0.999253;1.40693e-11;4.44375e-09;3.50167e-11;1.2736e-09;0.000656665;1.235e-09;3.65119e-10;2.42748e-06;3.42099e-08;8.22548e-12;2.0272e-07;8.73228e-05
2.56332e-12;1.94576e-12;1;1.83392e-12;1.74234e-11;1.32031e-12;3.71314e-09;5.31816e-13;3.73283e-13;2.16329e-11;5.61969e-13;6.38724e-08;1.08827e-13;2.15925e-12
1.25493e-06;0.846613;1.89785e-07;6.99026e-05;1.98192e-07;9.46769e-07;0.0447228;0.00698143;0.00172105;7.4932e-06;0.011856;5.72098e-06;0.0880204;6.40432e-08
4.21034e-06;0.999059;0.000129456;0.000106703;3.06955e-06;1.6688e-06;2.68799e-06;4.02618e-05;5.39771e-07;1.60125e-05;5.78191e-06;0.000105777;0.000112515;0.000412605
9.02569e-06;0.985063;4.44733e-09;1.38709e-07;6.08759e-09;2.18249e-09;0.0139391;2.48177e-06;1.60483e-07;0.00049981;8.64046e-07;4.52055e-09;0.000407482;7.7265e-05
7.25972e-10;1.10789e-09;0.999998;1.05375e-08;1.22032e-07;3.10464e-08;1.60678e-06;3.08023e-11;3.75356e-10;3.63733e-07;2.05911e-09;2.70186e-10;3.63079e-11;3.86215e-08
6.00257e-08;4.23844e-08;0.999996;6.06881e-08;3.47845e-08;2.29141e-09;3.1614e-06;3.84907e-08;1.56292e-07;1.2156e-08;2.28869e-07;3.20901e-08;1.7375e-07;4.5941e-09
5.80918e-09;1.31346e-08;0.999967;9.79263e-07;4.34507e-08;4.29665e-08;2.32298e-09;8.93455e-07;1.11171e-07;8.7587e-09;4.39761e-07;3.00648e-05;3.39512e-09;9.72608e-07
2.32156e-09;2.90652e-06;1.70195e-05;4.38857e-08;3.94182e-06;0.000129513;2.01027e-12;1.86058e-07;3.40291e-11;9.99898e-09;4.66614e-10;2.73554e-06;3.51096e-07;0.999843
1.01523e-08;0.0128177;2.04356e-10;5.26983e-09;5.54357e-08;1.9655e-07;4.53526e-11;3.65542e-06;1.75188e-09;5.60987e-11;6.54014e-09;1.40712e-05;0.987164;7.40892e-08
2.05773e-07;0.00144614;1.36308e-08;2.25448e-08;6.16304e-06;6.98616e-06;2.7663e-10;0.997662;2.14296e-08;6.65721e-09;2.54866e-08;7.45601e-07;0.000854961;2.30646e-05
2.11603e-08;0.998097;5.47901e-08;5.15398e-09;1.84228e-10;4.28172e-10;0.00171242;4.74818e-08;1.47126e-11;0.000177276;8.83436e-10;2.62462e-08;5.38033e-06;7.78655e-06
2.95578e-09;2.8623e-10;0.999998;4.18366e-09;1.06131e-08;7.20429e-10;3.46205e-07;2.39118e-13;1.71794e-09;4.33012e-09;2.00784e-09;1.64402e-06;9.06002e-14;1.11262e-09
0.000499231;0.00169116;1.20051e-06;3.68422e-06;0.000123777;3.78526e-07;0.00117511;0.994;0.00218945;7.47702e-07;0.000231946;2.24284e-06;2.70645e-05;5.37674e-05
6.94436e-05;0.000495437;1.4847e-09;1.78942e-05;3.65023e-06;8.27275e-07;5.88766e-06;0.00556839;0.991104;2.73973e-07;0.0017814;0.000513319;0.000433854;5.64395e-06
1.62877e-05;0.99931;4.49525e-11;1.46655e-08;1.03809e-10;3.76151e-10;3.17979e-07;0.000438349;9.34613e-06;1.0839e-08;4.77492e-06;2.99043e-05;0.000189998;5.80696e-07
2.26617e-07;0.0200261;2.86944e-11;4.27404e-10;4.26107e-08;1.07861e-09;5.5396e-06;6.74873e-10;6.35203e-09;9.22078e-07;3.78707e-10;2.1363e-07;2.69817e-09;0.979967
4.83305e-07;2.22608e-06;0.999206;3.07278e-07;1.1129e-06;1.33786e-07;0.000407702;4.17902e-09;0.000378458;5.31996e-08;3.38086e-06;5.1232e-07;1.11364e-08;3.27455e-10
7.40367e-05;0.983565;8.86007e-09;1.22123e-06;8.36489e-08;1.1812e-06;1.4684e-05;0.00010518;0.000555024;2.62164e-07;2.45125e-05;1.43606e-05;0.0135191;0.00212553
2.65245e-06;0.0228097;8.88527e-06;4.03362e-07;1.6279e-07;1.8569e-09;8.71057e-09;6.57696e-05;6.22508e-06;3.08406e-09;2.00529e-06;0.977041;6.35763e-05;7.20567e-09
2.35523e-06;0.975904;5.20114e-06;8.98993e-06;0.000989059;2.68083e-06;2.50045e-08;0.00648578;8.68338e-08;8.16086e-06;1.58266e-08;7.17179e-05;0.00202113;0.0145011
2.81136e-08;1.22206e-06;2.6694e-11;8.26143e-07;1.17297e-09;0.000150273;7.62285e-07;9.59565e-09;2.45007e-05;6.83e-07;9.98804e-06;1.88994e-10;0.999812;8.11659e-09
8.48007e-09;1.65062e-07;0.999999;6.72266e-09;9.02964e-11;7.96843e-10;4.74701e-11;7.63312e-10;2.34151e-10;8.25716e-09;8.44393e-11;1.02738e-06;5.70009e-10;2.5844e-09
1.27424e-06;0.996386;6.87584e-08;6.44209e-06;2.23219e-06;4.20138e-06;5.97125e-06;0.00314619;0.000162892;4.52725e-07;5.80842e-05;8.0999e-07;0.000196817;2.85237e-05
