1.50557e-06;0.999464;5.86515e-09;7.45836e-09;1.03854e-09;1.51658e-09;0.000260274;1.52626e-07;5.26197e-09;6.94474e-06;6.73447e-09;9.7367e-10;3.90244e-05;0.000228493
1.12521e-10;7.56833e-11;0.999997;3.34139e-09;2.32758e-08;3.32924e-09;1.31359e-09;2.13694e-12;1.50152e-10;5.39358e-10;3.8481e-10;3.33731e-06;5.32841e-12;2.31061e-10
7.12553e-08;0.999561;1.91331e-11;2.71435e-09;9.53258e-08;3.30723e-09;0.000134895;1.38583e-05;6.91739e-09;3.64311e-06;1.05805e-08;1.0745e-12;0.000187156;9.97322e-05
1.16418e-11;6.83017e-12;0.999999;3.89504e-09;7.70574e-09;2.63869e-08;1.93436e-09;3.40504e-13;2.26398e-11;1.9254e-09;1.99314e-11;1.20178e-08;8.26853e-14;1.23426e-06
3.08743e-06;0.99469;4.91897e-08;0.000630653;5.25798e-06;1.25749e-05;0.000404097;3.86384e-05;0.000663519;2.36082e-07;0.000382461;7.48117e-06;0.0029503;0.000212045
1.84704e-06;0.13861;1.46086e-10;6.65909e-07;6.91587e-07;5.74688e-08;4.93604e-07;0.861374;8.0777e-06;1.15209e-07;1.52924e-06;6.05152e-08;1.99626e-06;7.13459e-07
5.37729e-06;0.335566;0.621427;0.000909643;0.000150305;0.00055791;3.92858e-07;6.13687e-06;1.47736e-06;0.000118986;8.9187e-06;0.00175519;0.0266914;0.0128013
0.016151;0.923691;1.6368e-05;2.18666e-05;0.000244464;3.54314e-05;0.000175638;0.0148819;0.00116383;2.65852e-05;0.00234138;0.000832825;0.000688342;0.0397291
5.13215e-06;0.332094;3.65127e-06;1.45872e-06;0.000167133;4.30658e-05;1.70396e-07;0.000925399;3.78447e-06;5.47603e-08;9.94055e-06;0.660515;0.00141918;0.00481236
1.00011e-05;0.735797;4.20278e-06;2.52659e-07;1.23688e-06;4.55426e-07;2.72271e-07;0.156841;9.61637e-06;5.04586e-08;2.57536e-05;0.0870351;0.0202745;1.60222e-08
7.01632e-06;0.965109;6.91409e-08;0.000118101;0.000190178;1.92622e-05;5.25463e-08;0.0154497;9.62185e-05;4.60182e-06;0.000165267;0.00434664;0.0131235;0.00137006
0.00707276;0.0941821;4.68746e-06;0.000440272;2.52385e-05;3.19436e-05;0.000319662;0.123924;0.490061;0.000149035;0.116976;0.0920925;0.0746698;5.02742e-05
3.57625e-06;0.0199886;1.20702e-08;2.2702e-07;0.000107854;1.02008e-05;1.81086e-05;0.976464;0.000164505;1.4125e-05;4.41364e-05;5.47302e-09;0.00317619;8.51988e-06
1.07852e-10;4.22558e-11;1;3.6038e-10;3.45332e-09;6.50463e-11;1.43722e-10;5.03363e-11;4.43981e-11;1.7954e-09;3.28575e-11;7.19504e-09;3.04427e-12;6.41421e-10
0.000214445;0.0017803;0.470003;8.1384e-05;8.73347e-05;1.39603e-05;1.3007e-05;0.00369044;0.00165515;1.27115e-05;0.00192375;0.51703;5.39131e-05;0.00344054
0.000918437;0.577235;0.00134139;1.67296e-05;0.0256947;0.000404012;6.8568e-06;0.345368;0.00236063;2.20773e-05;0.00240817;8.34134e-05;0.0195908;0.0245495
0.000185207;0.509395;1.06093e-06;0.000202465;0.0491289;0.00171915;2.21722e-08;0.0837132;0.000476786;2.682e-05;5.5021e-05;0.29019;0.0384638;0.0264424
4.55381e-07;3.81726e-07;2.30825e-12;6.74411e-11;3.09754e-07;1.59239e-08;7.59812e-10;0.999994;4.36911e-08;7.8565e-09;1.23786e-11;5.43309e-14;4.59851e-06;4.86891e-09
1.04166e-11;3.05276e-11;1;1.58955e-11;8.74284e-10;2.01111e-11;7.33289e-14;2.18314e-13;1.2733e-13;4.12007e-12;5.8043e-15;1.9769e-09;1.88255e-15;3.97869e-09
2.19542e-05;0.0333949;0.000192611;1.46596e-05;0.000345171;0.000690079;6.41816e-09;0.0490373;3.2208e-05;5.79163e-07;6.09217e-06;0.914665;0.000810924;0.000788723
5.35588e-07;0.93072;3.9038e-08;3.04206e-07;5.73389e-08;9.58389e-06;6.53948e-08;2.47012e-07;2.39521e-08;4.03537e-08;3.38098e-06;9.19328e-06;0.0692566;2.44869e-08
1.65695e-07;0.0115312;1.64562e-07;1.22118e-08;8.46978e-07;1.41759e-07;2.74933e-11;0.000207475;1.5591e-09;5.21222e-10;2.36759e-08;0.988213;4.73413e-05;1.14178e-07
3.12178e-07;0.999554;8.84656e-10;2.44363e-08;5.24767e-06;7.68836e-07;4.25919e-08;0.000378308;4.39356e-08;2.50399e-07;1.07426e-09;1.1764e-07;4.80614e-05;1.25016e-05
4.76505e-07;2.21487e-05;0.999902;3.57976e-08;6.62122e-07;3.95353e-08;6.19515e-08;6.09194e-05;7.29433e-07;2.32765e-08;5.13592e-08;9.04034e-06;3.40242e-06;4.48871e-07
7.6476e-07;4.5494e-05;8.15908e-10;1.19427e-09;4.16585e-07;3.45343e-09;2.0447e-09;0.999642;8.68415e-08;1.78374e-09;3.63532e-09;4.26365e-10;0.000311152;2.98475e-07
4.08441e-05;0.000464489;7.37644e-08;0.000313814;0.00482278;2.87467e-05;3.41062e-05;0.149574;0.0341174;1.70965e-06;3.38644e-05;0.808976;3.68373e-05;0.00155611
0.000128824;0.999504;0.000126595;2.79939e-05;1.14407e-06;1.04718e-07;7.69049e-06;1.02798e-05;1.45964e-06;4.25461e-07;1.91351e-06;1.45619e-05;0.00017407;1.39328e-06
2.09259e-06;0.00568494;1.86962e-07;1.26806e-07;3.94679e-08;1.21984e-08;1.64177e-08;1.46689e-05;8.82664e-06;3.18943e-10;3.67305e-06;0.994169;0.000114261;1.67938e-06
2.67552e-08;0.962431;6.78446e-08;7.53773e-08;8.36928e-07;1.66343e-07;9.09457e-10;2.87651e-06;3.28906e-09;1.99545e-09;2.73232e-09;0.000755954;7.84559e-06;0.0368016
1.22923e-08;0.000545974;2.22995e-07;3.48451e-09;0.000332789;9.61418e-07;8.76518e-14;0.998751;2.04443e-10;9.92616e-11;5.66721e-11;6.16729e-07;0.000343386;2.55078e-05
8.33325e-09;7.54413e-07;3.04773e-09;3.82801e-08;1.81122e-09;0.00178799;5.43301e-11;4.00114e-06;2.27206e-07;8.17339e-09;4.27862e-07;3.66508e-09;0.998207;2.81171e-08
1.07792e-10;6.61437e-10;1;2.64338e-09;5.63855e-11;2.79068e-09;7.31709e-12;1.85082e-11;1.67988e-11;7.1003e-10;7.01905e-10;4.56758e-07;1.50604e-09;4.36461e-10
1.05148e-06;0.988508;2.59215e-05;1.90888e-05;4.33506e-06;5.67674e-05;1.44908e-05;0.00702973;0.000112482;6.17199e-07;0.00335276;2.99863e-06;0.000702718;0.00016888
