5.69698e-07;0.999648;0.000316298;2.67402e-07;4.42026e-07;1.3183e-07;3.27415e-08;7.7964e-06;3.91818e-10;1.26777e-07;6.41473e-10;6.68103e-06;1.12835e-05;8.08279e-06
3.14038e-06;0.0246672;1.61478e-10;2.0103e-06;4.98058e-06;2.48712e-06;3.56243e-07;0.000934706;2.36593e-06;9.43473e-08;2.5472e-05;2.2594e-05;0.974334;1.01016e-06
1.28869e-06;0.999316;2.74576e-05;7.47054e-07;7.48099e-07;5.76352e-07;9.68426e-08;0.000557998;4.39886e-09;6.00889e-07;3.3018e-09;5.42517e-07;5.40592e-05;4.01496e-05
7.72121e-09;7.43861e-09;0.999998;3.76804e-08;9.50476e-09;1.55917e-09;9.5732e-08;6.65663e-09;3.01205e-09;1.07589e-09;2.0343e-08;1.82559e-06;6.50702e-09;1.41975e-09
1.79524e-08;2.99003e-05;4.25565e-05;3.00661e-07;6.72334e-07;1.93487e-07;5.61395e-09;2.21778e-06;8.85304e-09;3.93542e-08;6.20506e-08;5.65931e-05;3.85499e-08;0.999867
3.18348e-06;0.00092862;1.38448e-09;4.24632e-05;0.010972;0.0234854;9.11806e-06;0.961422;0.001531;2.06418e-07;0.000978562;8.17209e-07;0.000544131;8.22446e-05
3.15235e-07;0.00048221;0.999402;3.59672e-06;1.15406e-05;1.30915e-05;3.40071e-10;7.57491e-08;1.71855e-11;5.14193e-08;2.59328e-09;3.24361e-05;5.87963e-06;4.87406e-05
3.22492e-06;0.999345;2.79298e-07;2.11298e-07;1.12669e-06;5.27327e-07;1.63526e-07;0.000198009;2.98676e-07;4.83639e-09;3.5816e-06;0.000272335;0.000173497;1.4894e-06
4.11601e-06;0.988198;5.36571e-07;2.34493e-06;2.52333e-05;2.59206e-07;2.63795e-07;0.00355656;7.70514e-07;6.46249e-07;1.81e-06;0.00785818;9.38819e-05;0.000257913
3.77407e-07;0.991743;5.09892e-10;1.02169e-07;5.16976e-08;1.78838e-07;5.25601e-06;0.000359209;4.13152e-08;7.21071e-06;1.73022e-08;1.29581e-07;0.00788195;2.28575e-06
2.04714e-10;4.01626e-09;1;4.66526e-09;3.54728e-10;2.22186e-09;5.30315e-10;6.63585e-12;8.00031e-11;1.13986e-09;1.26863e-10;5.17025e-09;4.40711e-11;9.74973e-10
1.7353e-05;0.00276248;0.993337;0.000136791;1.84368e-05;1.29283e-05;1.5052e-05;0.000731216;1.41403e-05;9.48584e-06;3.44635e-05;0.00280252;4.35627e-05;6.49502e-05
3.54788e-06;0.00877227;0.00040925;6.08216e-06;0.00121842;4.06682e-05;1.12597e-06;0.000210533;1.88888e-08;0.00015614;2.93798e-07;2.73773e-05;4.90365e-06;0.989149
4.13865e-08;0.00406092;0.00102058;3.68112e-07;3.95461e-05;5.5178e-06;3.65576e-10;1.50855e-09;1.03792e-10;1.28405e-07;5.1834e-09;0.993261;0.00159136;2.07362e-05
4.09699e-05;0.819177;1.5884e-09;4.46359e-05;0.000186404;0.000126998;1.65541e-05;0.171554;0.00111151;1.05762e-06;0.000111345;0.000375859;0.00711644;0.000137206
6.73118e-08;0.999907;2.08534e-06;6.38523e-09;4.61971e-08;2.68209e-08;3.27797e-11;3.33549e-05;3.94391e-11;8.2439e-10;1.9303e-12;6.24901e-09;5.76905e-05;4.23159e-08
9.95866e-10;2.79462e-07;1;2.73026e-09;5.77581e-09;1.26986e-09;5.31902e-10;8.46085e-10;1.93689e-12;2.16651e-10;2.41813e-11;2.88189e-08;8.93104e-09;8.57639e-09
6.7939e-09;3.8974e-07;0.991077;2.16819e-08;9.12862e-08;5.17589e-08;5.48268e-10;4.58858e-08;2.01427e-11;5.14602e-09;4.10575e-10;0.00889915;1.05977e-08;2.29352e-05
1.84839e-09;2.33495e-05;3.85248e-08;2.13103e-08;0.000415343;0.0237176;8.34296e-11;5.35885e-07;7.09813e-10;4.24158e-10;8.49264e-10;1.55337e-09;2.72488e-05;0.975816
3.56822e-07;0.950408;7.98085e-06;1.56854e-08;1.7111e-06;3.17818e-06;3.15464e-07;4.29344e-07;4.42624e-10;2.63462e-07;2.44786e-09;3.80225e-05;0.0432051;0.00633519
4.56323e-12;2.21782e-11;1;1.95565e-12;1.0219e-08;1.21027e-10;2.11863e-12;2.81507e-11;8.04379e-14;1.28349e-12;5.40168e-15;1.74083e-11;8.01379e-12;1.71848e-11
1.34497e-05;0.559822;3.85384e-05;1.37999e-05;0.000505059;8.6687e-05;6.12258e-08;0.368299;7.05872e-06;1.04442e-07;2.02924e-06;0.00347549;0.0673101;0.000426222
3.16231e-07;0.365225;1.8848e-06;1.25288e-06;5.69596e-07;8.58555e-07;1.29963e-08;0.00254791;1.06414e-08;1.76625e-06;8.7757e-08;0.000399019;0.631788;3.33587e-05
1.89153e-06;0.293357;7.4415e-08;0.00958526;0.000154589;0.00055541;2.65517e-07;0.0421547;5.27671e-06;6.96609e-05;0.000178635;0.581983;0.0485514;0.0234029
5.89555e-08;0.999638;4.06317e-10;2.53128e-07;1.63005e-10;6.55063e-10;3.55538e-05;9.50532e-09;2.27187e-09;2.31158e-06;1.83369e-06;6.59522e-07;1.20945e-07;0.000321239
1.77968e-06;0.000841622;5.75124e-08;4.44634e-07;9.6956e-08;6.75847e-09;0.819787;0.00011445;4.52476e-05;3.73098e-07;0.176468;5.07319e-06;0.00273627;8.79442e-10
4.51552e-05;0.131795;1.99612e-08;0.00121134;0.000956963;0.00253904;7.24223e-06;0.857442;0.00321157;1.43003e-05;0.000402443;0.000111224;0.00141271;0.000850778
0.000453692;0.976397;3.92454e-06;1.07522e-06;3.35718e-06;1.6444e-07;1.69496e-07;0.021611;9.66875e-07;2.8297e-06;1.4635e-07;1.62097e-05;0.00115589;0.000353207
7.00198e-07;0.000157383;4.70437e-08;2.45383e-06;3.83881e-05;8.36464e-06;1.20224e-08;1.15325e-06;9.73743e-06;1.68889e-08;1.35287e-05;0.999704;3.63577e-06;6.05019e-05
2.11564e-06;0.952167;5.72226e-09;4.40927e-09;3.88631e-08;3.94285e-08;7.34112e-09;5.7567e-06;2.28539e-09;1.29149e-08;4.40979e-09;1.10187e-05;0.0478136;1.12699e-07
1.41589e-06;0.80009;1.21847e-08;3.13465e-07;6.76341e-06;6.86776e-06;0.00021862;2.45889e-06;2.0043e-07;0.000159736;1.55411e-07;2.42955e-07;6.12138e-06;0.199507
1.78207e-11;6.2735e-10;1;1.61873e-12;8.36984e-11;6.38399e-11;3.03483e-12;1.69274e-13;8.12661e-13;2.87028e-12;2.68351e-14;2.69437e-10;1.66424e-13;2.53289e-12
0.000865751;0.588164;1.41059e-05;0.000388951;0.0010456;0.163487;5.58527e-05;0.0347486;0.0184135;1.5719e-05;0.00519935;0.00343328;0.175287;0.00888227
8.93147e-06;0.999492;1.26879e-08;5.49502e-09;2.33003e-09;4.80506e-09;1.85069e-06;6.02359e-06;1.60089e-08;1.72595e-08;1.23979e-08;0.000250145;0.000240212;9.68456e-07
1.10891e-08;1.80202e-05;1.66545e-07;3.35944e-06;0.0013547;0.000129892;3.08009e-09;9.88988e-05;1.86327e-06;6.02458e-09;2.02065e-07;0.998332;5.47703e-06;5.57412e-05
2.49436e-06;0.169153;0.00124022;4.38171e-06;2.23882e-07;7.29299e-06;3.0999e-07;6.05139e-08;5.41961e-09;6.10674e-08;5.07486e-07;6.87451e-06;0.829585;1.83101e-07
1.78193e-05;0.0585413;5.05379e-08;1.12315e-06;0.000832689;1.67633e-05;1.61399e-07;0.0324148;1.65251e-05;6.77531e-08;8.26141e-07;0.80205;0.000218687;0.105889
1.97062e-06;0.225983;5.47287e-05;9.5533e-05;0.0815077;0.00100088;1.02526e-06;0.0149819;1.90555e-07;6.27253e-05;1.19965e-06;0.0159838;0.00793285;0.652392
9.26686e-06;0.719141;3.39371e-06;0.000289203;5.00418e-05;4.99386e-05;8.30377e-06;0.000198399;0.00013051;1.03248e-06;0.00256147;0.00421135;0.273304;4.19732e-05
4.65516e-07;0.999927;4.77163e-10;1.11153e-07;8.96939e-10;3.97763e-08;6.02854e-08;2.957e-07;8.02784e-09;7.12961e-09;1.49664e-07;1.16514e-07;7.16154e-05;2.91903e-07
2.48688e-07;0.00370561;6.29548e-05;7.38594e-06;1.35602e-06;1.02453e-05;9.92992e-10;2.19917e-06;3.76221e-09;6.63238e-08;1.79127e-08;0.994851;9.09104e-07;0.00135831
9.10434e-07;0.988683;6.67388e-11;2.18316e-08;2.296e-09;7.10462e-08;3.51229e-08;9.50307e-06;8.20185e-10;1.24166e-09;7.80987e-08;4.96369e-06;0.011301;4.8845e-09
9.91084e-05;0.403827;2.09561e-07;0.000138365;7.67637e-06;0.00015824;0.533053;1.6083e-05;5.86501e-05;0.0202035;0.0015226;0.000114865;0.0175126;0.0232879
7.63075e-11;3.901e-11;1;4.09751e-10;7.82353e-12;1.98965e-10;1.99071e-08;4.25243e-15;5.87088e-11;1.13521e-09;2.84514e-11;7.67883e-12;1.05891e-13;5.84908e-12
0.00025858;0.992291;8.71177e-06;0.000413044;2.12628e-06;0.00017929;0.00116853;3.30118e-05;0.00247182;2.09712e-05;0.00245712;0.000296245;0.000359848;3.96152e-05
1.15251e-05;0.0219104;1.09203e-09;8.91583e-06;1.57748e-05;0.000150525;2.99922e-07;0.000530049;2.22902e-06;3.83609e-07;6.04342e-07;0.0889062;0.88846;2.63314e-06
2.98929e-06;0.000620565;3.21148e-12;9.57157e-07;5.55841e-07;7.82349e-05;2.12363e-07;1.55556e-06;9.51059e-08;6.65224e-07;4.72442e-07;1.00692e-06;0.999291;1.48639e-06
3.46871e-06;1.53444e-05;0.999968;6.82412e-07;1.16227e-07;3.15483e-07;1.7493e-09;2.25639e-07;2.75232e-08;2.29238e-07;2.78984e-09;9.15592e-06;1.84485e-06;4.0003e-07
2.29849e-07;0.00511628;1.62906e-08;1.61205e-07;4.61828e-11;8.04598e-08;0.976501;1.03151e-09;2.07327e-06;0.0183649;4.29171e-06;6.70973e-12;1.0426e-05;7.82857e-07
3.86557e-14;2.42326e-15;1;1.9268e-12;1.30953e-12;3.80729e-11;1.47305e-12;2.31009e-17;7.29052e-13;9.71724e-12;9.12603e-14;1.15341e-10;5.41948e-17;1.13245e-12
