9.38038e-07;0.999914;5.25922e-06;1.31176e-06;4.9829e-07;1.47198e-08;1.68236e-09;1.27928e-05;1.34109e-08;1.46188e-08;4.39218e-08;4.76859e-05;1.39762e-05;3.10672e-06
4.1254e-07;0.999365;1.50216e-09;2.00872e-07;4.45778e-07;9.72233e-07;7.18773e-05;5.24373e-05;1.20389e-08;3.75381e-05;1.66098e-08;3.06648e-09;9.99915e-05;0.000371431
5.48268e-11;1.70726e-12;0.999999;2.61075e-09;1.5459e-07;1.01239e-09;8.20464e-11;2.27269e-10;4.1728e-12;1.99008e-10;6.31793e-11;4.73509e-07;7.49023e-14;3.02821e-08
3.61459e-06;0.923522;8.54664e-06;0.000156312;5.94487e-05;9.73758e-06;0.000301397;0.00568138;5.15359e-05;1.34808e-06;7.20342e-05;1.14346e-05;0.0701156;5.36944e-06
1.64908e-05;0.00978831;0.000815472;3.55625e-05;1.89125e-06;7.86856e-07;7.62797e-06;0.988488;1.72256e-05;1.08168e-06;2.20846e-05;3.16572e-06;0.000782194;1.96906e-05
1.3256e-09;5.6043e-07;5.09857e-10;1.38529e-08;2.35575e-07;4.82157e-08;4.80499e-12;2.87064e-08;2.77942e-10;4.14675e-09;2.81957e-09;4.49331e-07;2.94166e-09;0.999999
6.60428e-06;9.706e-05;2.62887e-09;1.4887e-07;0.0133663;1.87888e-05;6.3474e-07;0.986406;8.40659e-05;4.40684e-08;4.2992e-07;2.18916e-08;1.10983e-05;8.78174e-06
1.13142e-08;1.19197e-07;0.999989;8.82632e-09;2.61379e-06;2.88916e-08;2.77939e-12;2.32247e-11;3.1043e-11;3.77097e-10;4.01207e-12;8.50951e-06;1.95623e-08;9.88692e-08
0.00332132;0.649943;3.52931e-06;7.84538e-07;7.37433e-05;4.40238e-05;1.14133e-06;0.317147;0.000362596;5.89867e-07;5.08675e-06;1.28114e-05;0.0281058;0.000979143
1.34394e-06;0.00513691;7.71264e-06;5.11281e-05;0.000880292;0.00346581;2.28765e-09;3.88214e-05;4.59226e-06;3.37449e-07;1.46102e-06;0.0800503;0.000159927;0.910201
3.25157e-07;0.999975;1.29052e-09;1.25837e-09;3.7575e-11;7.03983e-10;4.38828e-09;2.20608e-06;2.24054e-10;6.132e-10;2.38365e-09;7.64244e-07;2.14912e-05;6.84295e-08
1.69406e-07;0.00220261;7.79663e-06;5.45007e-06;8.41336e-05;0.00482802;3.75155e-09;1.53244e-05;1.17202e-07;1.88334e-08;1.01207e-07;0.402661;1.96936e-05;0.590175
1.12411e-07;0.00360003;4.0901e-09;1.18437e-09;4.70777e-08;4.66267e-08;7.85404e-11;3.04306e-06;8.70385e-10;1.34207e-11;5.57867e-09;4.03808e-06;0.996393;8.28014e-10
7.66012e-08;0.936093;3.81193e-10;1.35514e-07;3.60261e-07;2.05211e-06;4.35207e-05;2.33577e-06;2.75267e-08;1.03992e-05;9.89258e-09;3.65646e-10;7.17113e-06;0.0638412
6.36373e-12;3.09236e-10;1;1.2489e-10;3.54311e-10;1.40672e-10;1.10685e-09;2.02647e-13;2.03282e-12;5.22819e-11;5.57007e-12;4.06005e-08;1.23104e-11;1.89716e-11
0.000619571;0.0546158;4.53479e-05;0.0272903;0.00281507;0.00456547;0.00145965;0.102064;0.119677;6.2719e-05;0.6532;0.00160565;0.0276825;0.00429637
2.23745e-05;0.00493374;8.26333e-10;6.43491e-08;2.071e-06;1.05059e-07;2.84181e-08;0.994237;1.49616e-08;1.38609e-08;3.49693e-07;2.70362e-05;0.000711574;6.58435e-05
1.24351e-06;0.0942263;1.07492e-05;5.21279e-05;0.000272625;0.0012461;2.68807e-07;0.00135583;6.32915e-07;9.83316e-07;5.82901e-05;0.684271;0.00475909;0.213745
1.0174e-06;0.00130495;3.42053e-09;2.41251e-08;3.37317e-08;3.32878e-08;9.32787e-08;0.000358644;1.67376e-07;1.56114e-08;2.21032e-05;1.83602e-06;0.998311;2.07191e-07
0.000892117;0.890975;9.00501e-05;2.64135e-06;5.88324e-07;3.8028e-06;0.0034123;5.28705e-05;1.46754e-05;0.00155964;1.31643e-05;0.00366739;0.00713938;0.0921765
1.06639e-09;4.78078e-07;0.999997;2.02669e-09;2.5555e-09;2.01483e-09;2.13339e-06;6.68247e-10;8.93976e-10;7.22571e-07;5.83002e-10;4.36874e-10;1.56526e-10;1.81806e-08
1.17609e-13;3.17682e-13;1;2.59246e-13;4.85525e-13;1.52759e-13;3.4956e-11;4.32895e-14;1.1943e-13;8.17171e-13;2.42239e-13;4.56715e-10;1.00306e-14;4.06077e-12
9.73099e-07;0.00256921;1.03451e-05;9.50669e-06;0.00143597;1.37853e-05;4.07466e-06;0.0311143;6.91618e-05;3.53172e-07;7.43873e-05;0.869986;0.0946032;0.000108722
9.99612e-06;0.0170832;1.09447e-05;0.000226717;0.0134722;0.000261923;2.33695e-05;0.335126;9.33291e-07;3.53574e-05;0.000232212;0.000337415;0.629989;0.00319143
2.71955e-06;0.00704191;2.76899e-07;1.93129e-06;3.91827e-07;5.85734e-08;4.64798e-06;1.59063e-05;4.54553e-08;6.17939e-08;1.64817e-06;0.987941;0.00438064;0.000608966
2.02804e-06;0.146654;9.3332e-07;2.2003e-06;0.00159391;3.76823e-07;4.21127e-07;0.851085;8.86423e-07;3.30706e-08;1.29957e-07;5.46666e-05;0.000569441;3.65818e-05
1.11366e-05;0.00055422;0.992728;0.00013657;5.00122e-05;0.00019571;3.27512e-08;1.04725e-07;1.45461e-06;1.01999e-06;1.56098e-06;0.000266355;0.0011909;0.00486337
9.917e-05;0.00195739;5.15011e-09;1.10076e-08;9.85077e-08;4.92311e-09;3.46572e-07;0.986667;5.71772e-06;1.95689e-09;5.85434e-06;3.59771e-05;0.0112284;1.41106e-09
3.42052e-10;1.79023e-05;1.05147e-06;9.84057e-09;1.32906e-07;4.90706e-08;4.08291e-12;3.51995e-07;4.65495e-10;2.24085e-10;1.9604e-10;0.99997;1.056e-05;2.76117e-07
3.93158e-05;0.974423;1.35274e-06;9.25729e-07;0.000176222;1.10089e-05;4.05876e-06;0.0199076;3.96943e-05;1.03503e-06;3.08708e-05;0.000809517;0.00421497;0.000340432
3.45511e-06;0.994669;1.47342e-06;4.89846e-06;0.000100915;4.39289e-06;1.23177e-07;0.000447764;5.78259e-06;5.68739e-06;1.14416e-06;0.000573967;0.00412779;5.32163e-05
7.01498e-06;4.51114e-05;1.25931e-07;2.31166e-06;0.987046;0.00686681;9.71259e-07;0.000380304;0.000119134;2.66138e-05;1.70258e-07;0.000241459;0.00140424;0.00385959
1.80361e-05;0.99988;2.24297e-11;1.43996e-08;1.01333e-08;8.2039e-10;1.93862e-06;5.40047e-05;3.51642e-05;5.86071e-08;5.31064e-08;1.46905e-08;1.07568e-05;4.21981e-09
3.56576e-05;0.99954;3.47477e-08;4.90007e-06;2.31526e-06;4.04581e-07;2.85401e-07;3.46047e-05;3.72107e-06;9.72397e-07;1.98248e-07;6.00895e-05;0.000212373;0.000104797
7.47664e-06;0.998912;2.54518e-08;9.80596e-09;4.11557e-09;5.04752e-09;2.96483e-07;1.29936e-06;2.60304e-08;1.20634e-08;1.47948e-08;0.000955809;0.000122887;2.53101e-07
1.30864e-07;0.000427178;0.000179946;1.07428e-07;4.79663e-05;5.66666e-06;5.37931e-10;0.000316917;2.10122e-08;5.39574e-10;2.74322e-09;0.99895;5.04893e-07;7.19697e-05
7.95188e-09;0.999916;5.11948e-09;1.27362e-10;5.95194e-09;5.05501e-10;3.48138e-05;1.90527e-08;5.51704e-11;3.75967e-07;1.67548e-10;3.65026e-12;1.08615e-07;4.89211e-05
4.92814e-12;2.71702e-11;1;4.11876e-11;4.71032e-08;2.80107e-08;2.32719e-11;2.67589e-12;1.99668e-13;3.27877e-11;3.69845e-13;2.73799e-07;1.30953e-12;3.60946e-09
1.39293e-07;0.0233897;6.0927e-08;4.1536e-07;7.51537e-07;1.19241e-05;8.26154e-07;0.0230109;9.98108e-08;4.09775e-07;2.26936e-06;4.47932e-08;0.953582;4.58451e-07
3.42987e-10;2.91908e-09;1;3.764e-09;6.73506e-10;6.01153e-11;2.70585e-08;9.5013e-11;3.00074e-10;2.26583e-10;4.75141e-09;1.40843e-09;3.85498e-11;2.07297e-10
2.52699e-06;0.0113993;0.951176;0.000104915;3.94891e-06;9.19337e-06;5.92945e-07;0.0283063;6.82832e-06;3.53474e-07;2.13239e-05;0.00664193;5.95768e-05;0.00226676
2.56451e-08;0.000742814;1.34892e-06;1.15754e-06;0.000841428;0.000159273;4.62677e-09;3.63376e-05;2.93051e-08;3.84277e-07;2.00304e-07;1.58104e-07;3.41807e-08;0.998217
2.81694e-07;0.00252679;0.00236222;1.12129e-05;0.000930299;0.0078981;1.12986e-09;0.000106707;2.5606e-09;6.68209e-08;5.6408e-07;0.985195;0.000845313;0.000123188
5.85016e-08;0.998356;1.10436e-07;7.30435e-09;1.56535e-08;1.01394e-06;0.00048571;7.43734e-07;3.9292e-09;1.10293e-06;1.58959e-07;2.4511e-10;0.00036051;0.000794115
1.75822e-12;2.77638e-11;1;8.53481e-12;1.99172e-10;3.72428e-09;3.64933e-11;1.33266e-12;2.37295e-13;1.90881e-12;3.96429e-12;1.22429e-08;9.94793e-11;1.63172e-11
1.76642e-08;0.00303117;5.65641e-08;3.99299e-07;6.62586e-07;3.28422e-05;1.8376e-09;6.79065e-05;1.08169e-08;1.18518e-09;1.9063e-06;1.07118e-05;0.996854;3.07954e-07
6.02165e-07;0.01547;1.46504e-07;6.35036e-06;0.0182007;0.000138362;1.59158e-08;0.569316;2.5638e-07;3.83215e-07;1.47078e-07;0.00203787;0.393588;0.00124075
4.61766e-06;0.0242403;0.00318821;0.000784431;0.41653;0.0005794;5.3408e-07;0.000358108;1.1842e-08;0.000134984;1.75687e-05;0.465723;0.0636578;0.0247814
5.48162e-05;0.239189;1.47698e-05;4.50684e-05;0.000279687;7.56042e-07;8.9845e-06;0.0212404;4.71326e-06;1.02269e-06;0.0025442;0.612531;0.124033;5.30326e-05
4.82866e-07;0.998359;3.86386e-08;3.59713e-05;2.79133e-05;1.94518e-05;1.0179e-07;0.000223484;7.19081e-07;3.70261e-06;2.79712e-06;4.0205e-05;0.000784601;0.000501806
3.57169e-06;9.5961e-05;3.22648e-06;4.22482e-05;0.192725;0.0404716;6.52376e-07;0.00158196;1.26858e-05;3.99206e-05;1.13115e-06;0.000348729;5.20988e-05;0.764621
8.96884e-05;0.0277782;2.04032e-09;1.07396e-06;6.07925e-07;1.0851e-06;7.19623e-07;0.244951;0.000222149;4.72874e-08;3.29042e-05;0.000162207;0.726761;2.28283e-08
8.42024e-07;0.99803;1.306e-09;5.81204e-07;7.05955e-07;2.58482e-07;3.03835e-08;0.0010827;3.02642e-08;1.68888e-07;9.53923e-08;2.49787e-05;0.000847217;1.26252e-05
6.57361e-06;0.746596;7.72659e-07;1.9767e-05;1.3807e-05;1.25543e-05;2.76219e-07;0.0170566;4.573e-06;2.87368e-06;7.2869e-06;0.230916;0.00535406;8.54506e-06
1.82073e-05;0.446798;3.21801e-07;7.60545e-05;0.00113293;0.000256199;2.75225e-05;0.340795;0.000136813;8.03654e-05;0.00288698;0.00210215;0.174343;0.0313468
8.48415e-05;0.620652;1.58638e-06;0.00156709;0.000132906;2.52021e-05;0.000172597;0.000489029;0.00381424;2.27346e-05;0.0355929;0.255371;0.0696994;0.012375
8.5404e-06;0.00511164;1.98391e-09;1.17841e-07;0.000390586;2.11521e-10;4.34957e-08;0.994347;2.36946e-06;5.13874e-09;1.04843e-06;2.86476e-06;0.000131307;4.34978e-06
2.6045e-05;0.116466;0.881198;7.43282e-06;0.000276478;2.65928e-05;1.80283e-05;0.000627674;4.68132e-07;0.00010562;1.5359e-06;9.42576e-07;3.11086e-05;0.00121384
1.51254e-09;3.74703e-11;1;3.27593e-10;8.49424e-09;2.64191e-10;4.33266e-09;3.48862e-10;8.9505e-10;2.3743e-10;3.46223e-09;7.60571e-08;1.24225e-11;8.80568e-10
2.82996e-07;1.13832e-06;0.998811;1.15686e-08;5.04732e-08;3.48138e-08;5.35813e-09;4.60343e-05;5.00475e-07;4.12765e-09;1.10272e-07;0.00114023;2.89097e-07;3.96234e-07
3.98718e-06;0.000641257;6.03843e-06;5.48087e-07;0.166373;0.0643368;2.22031e-08;0.000266884;3.05721e-05;4.66983e-07;5.59275e-06;0.000327379;0.000348745;0.767658
0.000395904;0.0154943;0.00054137;1.89801e-06;0.0146842;0.00709013;1.47014e-07;0.0236882;0.000164026;9.84321e-07;4.92827e-06;0.914001;0.0226554;0.00127743
1.2937e-05;0.771978;2.13493e-07;2.77842e-06;0.000325168;0.000191231;5.76186e-09;0.185514;0.000166029;2.45663e-08;2.43261e-07;5.35174e-05;0.0414734;0.000281665
1.34291e-07;0.000618015;1.24566e-09;1.07463e-09;2.34652e-06;2.08816e-08;2.98615e-12;0.998733;1.5294e-08;2.15528e-10;5.87721e-10;3.89961e-05;0.000607875;1.96766e-09
4.62647e-05;0.369438;5.24436e-05;0.000577394;0.000260885;0.000385909;1.75721e-07;0.00201287;3.97491e-05;2.85745e-05;3.51625e-05;0.546859;0.0797621;0.000501945
0.011282;0.0338699;8.95864e-06;0.000438802;1.88893e-05;1.1772e-07;0.000251473;0.00180875;0.00154786;1.08199e-05;0.00135016;0.947946;0.00146646;2.4323e-07
4.00213e-05;0.00360768;8.52201e-08;3.20515e-08;2.03059e-06;5.5791e-11;2.64052e-08;0.996295;1.88691e-05;4.88036e-10;5.34525e-08;3.18151e-05;4.11233e-06;1.5363e-07
1.37405e-08;7.26825e-05;7.0165e-12;1.42592e-09;5.99521e-05;1.04506e-09;1.10553e-11;0.999867;3.33971e-08;2.51939e-10;3.85673e-11;4.73137e-08;2.45418e-07;7.0581e-09
6.33451e-09;7.89632e-09;0.999998;6.93537e-08;3.61545e-07;1.9755e-08;1.64657e-11;1.08744e-10;1.50115e-09;1.8824e-08;2.91938e-10;1.52452e-06;1.72154e-09;4.65996e-08
5.74041e-05;0.957213;5.03368e-06;2.71444e-05;2.07282e-06;6.3748e-06;2.14345e-05;0.0250393;0.0168783;4.19033e-07;0.000391324;2.12766e-05;0.000325205;1.2363e-05
