2.23434e-06;0.997961;0.00186481;5.11543e-07;4.34441e-06;2.00284e-07;5.62483e-08;7.03879e-05;1.41465e-09;5.32308e-07;9.6972e-10;3.00759e-07;9.41187e-05;1.63472e-06
4.48824e-09;7.52767e-09;1;4.93405e-09;3.96595e-08;4.68248e-10;4.90871e-08;3.63183e-10;6.72775e-10;2.51901e-09;7.54147e-10;1.95464e-07;1.11333e-09;4.35008e-10
1.9469e-06;1.52125e-05;0.0418533;9.98622e-07;6.53242e-06;1.13197e-06;2.10946e-09;0.000520928;6.51288e-07;2.60734e-08;2.76688e-06;0.957308;0.000288464;4.76244e-07
2.08465e-06;0.979456;6.09678e-08;9.3157e-08;1.15505e-05;0.000432923;0.000422941;0.000262898;2.82242e-07;2.45529e-05;1.68507e-07;6.38343e-11;0.00122491;0.0181618
8.16456e-12;8.30886e-10;0.999999;1.71911e-10;4.14334e-09;2.01217e-07;6.83716e-11;2.96989e-14;2.2343e-12;3.38697e-10;6.2188e-13;6.26328e-07;4.05915e-13;8.26643e-08
1.78144e-06;0.0017756;1.82375e-07;1.67224e-05;0.00166607;0.0180941;4.2552e-08;0.971828;4.26287e-05;1.02083e-08;4.21365e-06;0.00015338;0.00196439;0.00445297
2.46342e-06;0.990483;7.05994e-06;1.00099e-07;9.73421e-07;4.80937e-08;1.86299e-09;0.000671558;2.45242e-08;7.11488e-09;3.20484e-08;5.47469e-05;0.00877406;5.78938e-06
2.06097e-08;0.999331;1.92629e-09;3.48035e-07;3.12049e-07;1.59534e-06;1.27305e-11;9.76719e-05;3.43879e-10;1.68771e-08;2.14334e-10;0.00043491;0.00012941;5.26179e-06
2.40778e-06;0.0202227;3.9357e-05;7.08592e-06;7.50347e-07;9.37659e-05;7.82868e-08;0.000106913;1.47788e-07;3.7689e-07;6.35784e-07;0.977136;0.00234685;4.28338e-05
2.03398e-09;0.999986;2.0591e-12;2.88115e-10;2.99723e-11;1.12315e-09;2.35036e-07;9.65908e-06;8.5153e-11;1.07644e-08;6.58008e-11;1.09939e-12;8.14892e-07;3.02406e-06
5.32477e-10;8.32896e-10;0.999999;3.38104e-11;1.78625e-09;2.72334e-10;6.23527e-09;3.52545e-10;2.5153e-11;1.10667e-10;8.2864e-12;8.33517e-07;7.62146e-11;2.18905e-11
1.49312e-07;0.000152771;3.30703e-10;9.59412e-08;8.84213e-08;4.78844e-07;3.23418e-08;8.56248e-05;1.42351e-05;4.02866e-09;1.21831e-05;2.35473e-05;0.999711;6.04324e-08
7.06894e-05;0.0197871;9.15765e-05;3.30374e-07;1.04868e-05;5.88106e-07;1.90686e-08;0.962013;8.1905e-08;5.74049e-07;6.12442e-08;0.00202775;0.0157433;0.000254574
6.16506e-08;0.0185454;5.21457e-06;3.54731e-06;3.8239e-06;9.21916e-05;2.71993e-08;4.5529e-05;3.67418e-07;2.52355e-08;4.52185e-06;0.967473;0.0136667;0.000159919
8.12526e-07;0.987334;4.85147e-09;1.60915e-06;1.23363e-05;1.60355e-06;4.41629e-06;0.00144799;8.76507e-07;5.27827e-06;6.75662e-06;0.00239218;0.00878921;2.64185e-06
3.66149e-06;0.00459526;2.80089e-07;1.34195e-06;4.38585e-05;6.44403e-06;9.39299e-07;1.17901e-05;1.48412e-06;4.24603e-07;8.56068e-06;0.991628;0.00368831;9.56319e-06
0.0021099;0.0409847;1.14438e-08;6.20943e-05;0.000301326;3.64086e-05;1.60609e-06;0.327422;0.154424;1.24082e-06;0.000554597;0.00191052;0.472177;1.44782e-05
0.000390351;0.192194;1.74419e-07;2.11885e-08;1.16358e-06;2.88301e-08;2.7506e-08;0.806413;2.05731e-06;7.30657e-08;6.51283e-09;6.91053e-07;0.000994048;4.02788e-06
7.89132e-08;0.00628203;9.46188e-06;5.92133e-09;1.19602e-06;1.2572e-07;1.25961e-11;1.23856e-07;6.0375e-09;2.44392e-10;2.84436e-09;0.993683;1.82948e-05;5.32862e-06
3.29366e-08;0.999263;6.12818e-10;5.22418e-10;9.09285e-08;8.65365e-09;1.68382e-07;1.34165e-05;3.63818e-10;5.86891e-08;4.28411e-11;6.52649e-12;7.0727e-06;0.000715681
6.16031e-10;7.55065e-10;0.999953;2.41847e-11;2.60052e-08;1.0509e-11;3.0042e-10;2.99747e-11;3.05569e-11;9.75666e-11;3.22161e-12;4.74242e-05;1.19346e-12;3.33675e-10
0.000202767;0.353773;1.84432e-06;6.00649e-05;0.000238938;0.000293035;0.000731265;0.504044;0.134699;4.25607e-05;0.00098305;5.96931e-08;0.00490651;2.34557e-05
9.57646e-08;1.29983e-08;0.999999;1.46776e-08;8.33537e-09;1.51334e-10;1.20163e-08;1.67101e-09;4.18856e-07;9.69764e-10;5.72126e-09;3.2072e-07;8.01297e-11;1.65248e-09
5.91806e-08;9.79465e-08;0.999337;6.97388e-09;5.4894e-08;9.94187e-09;1.95025e-10;7.35898e-09;8.06815e-09;3.36289e-10;7.06851e-11;0.00064801;7.08072e-11;1.43822e-05
4.35655e-07;2.48653e-05;1.9587e-06;3.24308e-07;0.0249398;0.0646868;2.08889e-10;6.96764e-06;2.56504e-06;4.50543e-08;1.26118e-07;2.64771e-05;5.69631e-05;0.910253
2.05128e-06;0.000182674;4.5929e-07;4.20218e-08;8.06795e-07;8.9523e-05;8.57728e-09;5.37764e-06;2.82521e-07;5.3304e-07;2.17966e-08;2.7515e-06;0.999715;1.25459e-07
6.32099e-09;2.09523e-06;0.999995;4.57376e-08;3.39199e-08;2.01235e-08;1.15873e-11;2.34369e-06;1.81302e-09;2.00129e-09;2.30665e-09;5.41413e-07;5.29247e-08;8.70213e-09
0.00043972;0.177046;0.000735454;7.24129e-05;6.45844e-05;1.10572e-05;2.31709e-05;0.764416;0.00535577;9.30842e-05;0.00469423;0.00148091;0.0455628;5.09359e-06
