1.03086e-05;0.997656;7.4105e-08;1.9384e-06;9.92954e-07;4.37404e-07;1.41474e-06;0.000333459;8.5835e-06;4.46294e-07;8.89336e-06;2.34093e-05;0.00193918;1.48907e-05
1.23472e-05;0.991735;1.10685e-08;1.5586e-06;5.41321e-07;1.90441e-07;1.37773e-07;0.00563183;4.30599e-06;7.15186e-07;2.92854e-06;0.000859668;0.00171142;3.8951e-05
1.07791e-05;0.0139963;4.15322e-06;2.15612e-06;1.33213e-05;5.09359e-05;0.000956269;9.14106e-06;2.02321e-06;0.00292488;8.10837e-06;1.98669e-05;0.00031374;0.981688
7.62412e-08;1.91798e-08;0.999965;1.19932e-07;5.20573e-06;3.83668e-07;1.45489e-06;3.37541e-10;1.6538e-07;2.41165e-08;4.2818e-07;2.68403e-05;4.50193e-08;4.05271e-08
1.30648e-06;0.991545;5.23281e-07;8.89228e-07;0.000161046;3.47831e-05;1.01009e-06;0.00225241;0.000210556;1.32515e-07;1.83045e-05;0.00237635;0.00323238;0.000165842
9.03928e-07;0.984913;5.83502e-10;8.45445e-06;2.37978e-05;1.84212e-05;7.22047e-09;0.00795808;1.75848e-05;7.06586e-06;5.45188e-06;0.0016613;0.00110347;0.00428251
0.000138127;0.780519;5.19435e-07;4.4616e-06;4.62147e-08;1.21573e-07;8.31388e-06;0.000119801;6.87653e-06;3.97422e-07;4.33881e-05;0.170771;0.0483793;9.26038e-06
0.000184939;0.949096;5.77717e-07;2.12015e-05;7.11268e-05;6.83442e-06;3.87645e-07;0.041461;0.000116483;2.60021e-06;0.00013029;0.00686216;0.00141411;0.000632555
5.23808e-07;0.997824;2.13758e-08;1.93311e-08;3.78059e-07;1.17686e-06;6.84964e-08;0.000499548;2.71763e-08;1.99762e-08;5.26462e-07;0.000397993;0.00127596;2.45123e-07
8.1525e-09;0.0031381;2.62566e-10;2.32662e-08;3.17495e-05;5.33161e-06;2.40638e-09;0.000926035;5.44618e-09;2.54946e-08;4.63465e-09;1.28271e-07;0.995896;2.43805e-06
9.90371e-08;1.25946e-07;0.999994;2.34104e-07;8.0395e-07;1.33125e-08;2.46324e-06;6.14477e-08;4.13299e-08;9.35371e-08;1.73531e-07;1.59077e-06;1.34463e-07;1.01216e-07
1.13506e-07;3.42896e-07;0.998542;1.11763e-07;1.13119e-08;2.6153e-08;1.19023e-08;5.435e-05;9.22266e-08;8.22322e-09;3.21191e-08;0.00140249;3.79333e-07;2.10544e-07
1.30967e-06;0.00526638;3.2015e-05;7.14197e-06;0.0126265;0.00962033;1.29386e-07;0.000222244;8.19405e-07;5.24491e-06;3.2485e-05;0.0013777;0.00542323;0.965384
5.68115e-06;0.0199669;2.04814e-07;9.59566e-07;0.0037437;1.34076e-06;3.12349e-07;0.930847;9.50343e-06;4.34643e-07;1.49171e-05;0.0451238;0.000280406;4.8729e-06
5.60766e-06;0.0126398;0.76191;0.000258755;0.0344491;0.00312513;2.58817e-08;0.000135105;4.55779e-08;1.05646e-06;6.52702e-07;0.000481771;0.186918;7.44295e-05
9.66877e-06;0.838106;7.78713e-06;1.57025e-06;2.43191e-07;8.04564e-06;0.00186955;0.00340847;2.73409e-07;0.00022368;1.41704e-06;1.10978e-07;0.156325;3.8039e-05
9.51141e-13;3.70869e-11;1;2.60735e-10;1.16463e-09;6.85272e-10;6.2535e-13;3.70136e-12;2.44925e-14;8.49952e-12;1.1048e-13;2.1848e-09;2.78421e-13;8.43607e-11
1.34857e-06;0.928438;8.12203e-07;4.0218e-05;1.83891e-05;1.21894e-05;7.5381e-07;0.00772339;4.30866e-06;1.46002e-07;2.37059e-05;0.00247946;0.0612569;3.25297e-07
3.60858e-06;0.984118;5.12029e-05;5.6608e-05;0.000169053;4.39932e-05;0.000889425;2.14625e-05;9.84867e-08;0.0053947;4.01243e-05;2.45303e-06;0.00328753;0.00592183
1.27208e-09;1.57009e-10;0.999999;2.20501e-09;8.18795e-08;5.12694e-08;6.48478e-08;3.07278e-11;5.99468e-10;5.51969e-10;1.65396e-08;9.58725e-07;3.11967e-10;1.28959e-07
8.02062e-06;0.970361;5.96444e-07;5.66944e-07;1.99913e-05;2.8843e-05;0.000391431;0.000363151;4.7124e-05;2.15414e-07;9.72389e-05;0.00163178;0.0264281;0.000621999
1.22865e-07;0.0196407;1.22392e-10;2.1757e-08;0.00458254;4.56206e-08;4.76387e-09;0.972689;2.65012e-07;2.2151e-09;2.03678e-08;4.64038e-07;0.003086;1.05754e-06
4.5733e-05;0.00921993;0.539926;0.0018175;0.0655799;0.00508724;3.19066e-07;2.79886e-05;4.55246e-06;9.81885e-05;1.25855e-06;0.000307807;0.0048071;0.373077
0.00246667;0.000103082;3.26396e-07;5.07045e-09;2.12351e-06;9.17209e-10;3.0712e-06;0.997281;6.68982e-06;1.43495e-08;4.28572e-07;1.37521e-06;0.000135246;9.02437e-09
9.8186e-08;5.27398e-07;1.40067e-07;1.35467e-06;0.998931;4.10756e-06;6.25205e-10;0.000116815;1.91117e-07;1.45116e-08;3.74512e-09;0.000471656;7.14066e-07;0.000473246
7.13547e-05;0.00083373;0.997537;0.000495162;0.000121607;1.31986e-05;3.46054e-06;3.99126e-06;3.17625e-05;1.886e-06;3.05772e-05;3.61417e-05;0.00066132;0.000158782
3.73804e-07;0.999096;7.4796e-08;1.2619e-09;2.73634e-10;1.46774e-10;7.16595e-09;1.72355e-08;2.21424e-09;4.12239e-11;6.44198e-09;0.000411671;0.000491813;5.79902e-09
1.03787e-07;0.994331;1.14973e-08;2.84336e-07;4.64083e-07;4.39961e-06;0.00132501;3.5247e-05;4.70738e-07;8.16499e-05;1.17953e-06;6.10591e-05;6.66503e-06;0.00415227
1.08655e-09;1.53891e-07;0.999996;4.37778e-08;7.79932e-07;2.08431e-07;6.81928e-09;1.86694e-07;1.49721e-08;1.97886e-09;1.09363e-07;9.93337e-07;1.24491e-06;1.65328e-10
1.30048e-05;0.0224879;2.22269e-07;2.44682e-07;0.00021367;8.79417e-08;1.62922e-08;0.958758;3.93601e-07;9.52589e-09;9.13161e-06;5.31187e-05;0.0184641;1.8116e-07
1.92284e-07;0.0014495;0.998145;2.50604e-06;2.67331e-05;3.85173e-06;1.11163e-05;9.43877e-08;2.66991e-09;0.000242576;2.33884e-07;1.50231e-08;6.03025e-06;0.000112751
7.2427e-10;1.24816e-09;1;2.67368e-10;1.84651e-10;1.71245e-10;2.18453e-08;1.01949e-10;1.67094e-10;7.5675e-11;1.62442e-08;1.20033e-07;6.20604e-11;5.99284e-11
9.16162e-06;0.00871653;0.00705712;5.08802e-06;1.73258e-05;4.81442e-05;2.18557e-06;0.000211095;2.73088e-05;5.62104e-07;0.000163771;0.981571;7.99541e-05;0.00209067
5.50814e-05;0.779869;2.13002e-07;1.89689e-08;0.000746235;0.00136283;1.22135e-08;0.00124406;1.07303e-06;1.15159e-08;1.03604e-06;0.00104296;0.21555;0.000128206
2.16403e-06;0.787233;2.11521e-06;5.93228e-08;0.000159137;0.000584401;3.40293e-05;0.000240415;1.3955e-06;0.000122746;1.84016e-08;0.000205826;7.30635e-05;0.211341
2.0501e-10;1.14913e-09;1;6.47008e-12;1.23943e-08;6.7458e-10;1.68026e-11;2.29919e-10;1.95564e-10;2.38971e-12;5.53329e-13;2.64177e-09;4.18481e-11;4.60972e-12
3.38216e-06;0.0157417;1.32284e-06;3.45661e-08;3.5208e-05;8.05103e-07;2.73003e-09;0.981916;3.08454e-05;1.08822e-08;3.17712e-08;0.000325303;0.00194119;3.84957e-06
1.0969e-07;0.999857;7.46822e-09;5.35952e-10;1.94238e-08;3.25419e-09;3.64749e-09;8.2492e-06;8.18585e-11;3.0349e-09;8.12917e-11;4.70879e-05;8.77146e-05;2.87767e-07
5.77674e-07;0.000699577;7.89246e-08;1.89589e-05;0.768109;0.000118192;8.6348e-08;0.109477;6.30008e-05;2.2982e-07;1.49806e-06;0.120965;5.90968e-05;0.000486932
3.29794e-06;0.0524044;0.0334207;1.21145e-05;2.75928e-06;5.14899e-05;1.91745e-07;1.04489e-06;5.33234e-09;1.368e-07;1.55208e-06;1.01263e-05;0.914092;2.79812e-07
8.21758e-05;0.579253;5.58613e-05;2.39101e-07;7.23065e-07;1.79122e-05;6.18447e-06;2.80405e-05;8.6168e-07;3.77784e-07;7.0369e-07;0.392619;0.0279157;1.94605e-05
8.84627e-05;0.0167885;3.59092e-06;0.00014899;0.131812;0.0255046;2.64653e-06;0.461618;0.00235306;2.74969e-07;0.00011297;0.246308;0.110747;0.00451186
1.36617e-06;0.997982;3.46302e-07;2.01682e-08;8.18387e-06;6.00692e-08;1.32549e-08;0.00195822;1.10285e-07;1.39771e-08;1.42407e-08;1.03021e-05;3.54357e-05;3.6296e-06
0.000161954;0.745657;0.000578817;1.02101e-05;1.69159e-05;9.91454e-05;1.09179e-05;0.049056;7.01084e-05;9.81653e-06;2.01932e-05;0.0712195;0.13308;9.62951e-06
0.000136477;0.0531882;1.71816e-05;0.00100516;0.0140832;0.00115396;4.76719e-06;0.033822;0.000131609;0.000186392;0.00129202;0.535885;0.346006;0.0130879
1.58626e-05;0.997672;1.5036e-08;3.34127e-07;1.12433e-06;1.20824e-06;0.00038478;1.1802e-05;9.82093e-07;7.6066e-06;2.63931e-05;3.02041e-08;0.000216068;0.00166152
1.83573e-11;5.82411e-12;1;2.04046e-12;1.47983e-12;3.17825e-13;4.42394e-09;5.6554e-13;4.44049e-12;1.06003e-11;1.12097e-11;7.07603e-09;1.83421e-12;7.43194e-14
4.04787e-06;0.0015036;3.02915e-05;9.61427e-06;9.92209e-06;4.04159e-06;1.87736e-05;0.0010703;0.00204423;7.54647e-08;0.000896306;0.993138;0.00127009;8.76531e-07
5.79833e-07;0.00259693;3.31337e-07;1.72026e-07;7.2402e-06;1.44017e-06;1.61408e-07;0.00138454;7.30451e-07;1.99486e-07;9.8731e-07;0.000167898;0.995839;2.89902e-07
9.2149e-06;0.0510997;4.83546e-07;0.00103213;0.000796811;9.6936e-05;4.01211e-06;0.0333088;5.64118e-05;3.48537e-05;0.00014168;0.648782;0.263187;0.00144984
7.3148e-05;0.980681;1.05218e-07;7.41546e-07;1.43863e-09;1.41184e-08;0.0188764;3.17614e-06;1.85624e-06;0.000100596;1.01749e-06;1.09535e-08;0.000143083;0.000119428
2.10013e-09;1.73102e-10;1;1.26349e-10;9.77875e-10;1.51597e-11;7.23327e-08;1.1007e-12;1.08503e-10;2.10584e-09;1.67188e-11;1.58375e-08;6.83409e-13;1.34162e-10
2.49499e-05;0.976196;1.22606e-07;8.12793e-08;8.78617e-06;9.36585e-08;0.0193588;0.00397743;9.59344e-05;3.12912e-05;4.60985e-07;2.74151e-06;2.6517e-05;0.000276708
2.47215e-12;4.00151e-15;1;3.18343e-11;5.10686e-10;7.95822e-10;2.23518e-12;3.8476e-13;2.82486e-11;2.16358e-12;1.70654e-12;1.57817e-07;2.57874e-13;4.95574e-13
3.3342e-06;0.999645;4.63027e-09;6.15361e-08;8.80656e-07;1.76722e-07;1.09778e-06;2.17226e-05;1.3697e-06;2.48859e-09;2.13605e-07;2.27351e-08;0.000321472;4.77599e-06
6.26245e-08;0.999292;2.79401e-09;7.7743e-08;4.76097e-08;8.30601e-10;0.00045233;3.41789e-06;2.85186e-07;1.89694e-05;1.19526e-07;1.32164e-07;1.36337e-08;0.000232896
1.26169e-09;2.07276e-09;0.999996;1.99112e-08;3.70343e-06;1.29548e-07;6.73868e-10;9.69833e-09;1.08625e-08;1.18947e-09;4.98008e-09;3.95982e-07;6.67924e-09;9.31454e-09
1.47062e-06;0.998598;4.69117e-08;6.25786e-08;1.36094e-08;7.65786e-07;0.000810661;0.000108898;1.33169e-06;8.3014e-06;3.11708e-08;1.39946e-09;0.000469739;3.64788e-07
1.30662e-11;5.863e-13;0.999998;1.74907e-09;1.40479e-09;2.79626e-09;5.24665e-12;1.01111e-12;1.0684e-10;4.49269e-11;2.37934e-11;2.29751e-06;2.11401e-14;1.88976e-09
2.29905e-06;0.927499;3.66205e-10;1.43551e-06;2.67337e-06;1.22939e-06;3.91188e-07;0.00453401;0.000110716;1.96154e-08;9.53582e-06;8.56455e-05;0.0677518;1.42828e-06
5.52784e-08;0.999144;2.05277e-05;5.05038e-08;8.43288e-09;5.27756e-10;0.000523734;1.32093e-09;1.91457e-09;0.000262633;9.71208e-09;4.6722e-08;3.52367e-08;4.84858e-05
8.70789e-11;1.02574e-11;1;2.51139e-10;1.11134e-09;5.89065e-09;3.49427e-09;4.53282e-13;1.0336e-09;3.92788e-11;5.65061e-10;4.84998e-07;1.45681e-11;2.70857e-10
1.72389e-05;0.648015;3.42639e-06;1.26968e-07;3.0731e-08;1.12821e-06;4.03414e-06;5.22058e-05;8.9182e-06;2.76728e-08;1.65393e-05;0.000336548;0.351545;1.4605e-07
3.47786e-06;0.741038;6.61242e-07;4.15812e-07;0.00041194;0.0009413;1.76801e-07;0.0574969;4.16814e-06;2.69017e-07;7.58871e-07;0.141764;0.0579234;0.000414381
1.26328e-05;0.98226;8.95111e-09;2.13394e-06;0.000126928;9.65483e-06;0.00149441;0.00973271;1.29432e-06;0.000251994;6.11851e-07;8.91875e-06;0.000399579;0.00569886
2.05124e-10;7.19171e-10;1;8.54624e-10;5.9443e-09;5.44466e-10;1.5082e-09;1.16138e-11;5.39948e-11;2.58764e-10;7.97264e-11;3.44629e-07;3.8542e-12;1.51932e-10
8.05448e-05;0.937336;3.20457e-05;2.05565e-05;3.86583e-06;3.08105e-06;4.69431e-05;0.0258526;0.00110317;1.0483e-06;0.00300837;0.0315036;0.00100583;2.32158e-06
2.64379e-05;0.94111;3.89238e-05;1.03574e-05;9.49039e-06;5.12725e-07;3.75042e-05;0.00847915;0.000660879;4.41295e-07;0.0016849;0.00260856;0.0453324;1.83064e-08
2.1685e-06;0.907836;2.26736e-09;3.24898e-05;3.85681e-06;2.32848e-06;3.7673e-07;0.0246646;2.72473e-06;1.27802e-05;3.35651e-06;0.00349675;0.0571208;0.00682147
4.48488e-06;0.994018;3.60016e-08;8.56717e-08;1.47397e-09;2.20569e-08;0.00480689;1.32493e-06;1.45215e-07;8.95207e-05;1.35751e-06;6.78955e-08;1.69388e-06;0.00107655
1.51816e-09;5.45702e-08;0.999995;5.92839e-09;1.61856e-09;8.1594e-09;5.20819e-07;5.90513e-11;1.19141e-08;3.35938e-09;1.7198e-08;4.40583e-06;1.03771e-09;7.70392e-11
7.70272e-07;0.00701196;2.11808e-10;5.32977e-08;2.73701e-08;7.23142e-06;4.54392e-07;0.000341219;7.84792e-06;1.43452e-08;3.44897e-06;8.3583e-08;0.992612;1.49813e-05
1.88454e-06;0.304905;3.44028e-06;3.35387e-06;1.50596e-05;5.44497e-06;8.47288e-08;2.85613e-05;5.66079e-06;3.28856e-07;1.05776e-05;0.626722;0.0667991;0.00149952
0.000373675;0.406527;2.64066e-05;7.26715e-05;0.00359344;0.000870049;3.18489e-05;0.326709;0.000100827;0.00012466;2.98407e-05;0.0980882;0.0295125;0.13394
3.18034e-06;0.0516576;2.41013e-06;9.69314e-06;2.35779e-05;3.70716e-05;2.46647e-05;0.00132225;1.58191e-05;5.14619e-06;9.84981e-06;8.30928e-05;0.946766;3.98606e-05
3.51818e-06;0.891975;9.47161e-06;0.000640307;0.00187449;0.000137168;1.83942e-05;0.00397205;0.00239434;1.87063e-05;0.00102779;0.0480922;0.0239996;0.0258375
0.000222014;0.73923;7.11795e-09;1.45476e-05;2.49099e-05;1.11268e-06;1.98528e-05;0.00172886;8.88715e-06;1.95226e-06;0.000108062;0.0144549;0.243893;0.000292248
0.000358483;0.0235624;0.000146188;5.35685e-06;6.20069e-05;2.19913e-07;2.33152e-05;0.799537;5.66951e-06;7.00569e-06;8.63807e-06;0.172622;0.00293535;0.000726205
9.49508e-05;0.435185;1.68175e-06;0.000201378;0.00803249;0.0036311;0.000666786;0.00685351;7.02377e-05;4.27791e-05;0.000100932;0.0903284;0.408751;0.0460402
1.1424e-05;0.00171491;5.43327e-07;8.5242e-06;0.0121718;1.72304e-06;2.91573e-06;0.984982;3.49917e-05;2.98132e-07;5.2308e-06;0.000153252;0.000870647;4.2118e-05
6.12961e-06;0.0026881;0.987715;0.00017336;0.000273953;0.000107958;1.82071e-07;5.81897e-07;8.93251e-07;1.52503e-05;2.88578e-07;0.000153187;4.06801e-05;0.00882426
0.000662184;0.000124442;4.91294e-08;4.02581e-08;4.62664e-07;1.07184e-07;2.16586e-06;0.997664;0.000259532;2.36054e-08;5.86816e-06;2.48122e-05;0.00125603;1.74643e-08
2.73123e-05;0.00273903;0.000244464;6.40952e-06;0.0121907;2.64107e-05;5.55532e-09;0.00312016;3.07026e-06;1.31767e-07;3.36742e-07;0.979481;2.15616e-05;0.00213985
1.76971e-07;0.999731;1.40849e-09;6.9652e-10;2.59523e-09;4.69702e-11;9.4649e-06;2.37661e-07;1.81582e-09;1.77613e-07;1.29226e-09;5.89053e-12;2.05779e-08;0.0002592
4.67447e-13;1.25887e-13;1;1.10567e-12;1.59862e-10;7.91939e-12;6.68187e-12;4.62028e-15;9.05145e-14;2.05752e-12;9.78627e-15;2.16025e-07;9.69155e-16;7.12476e-11
2.76378e-07;0.996877;5.95996e-10;7.33665e-08;9.00195e-08;5.24613e-07;0.000534156;0.00132939;3.38672e-06;1.06654e-07;2.01905e-07;2.72044e-12;0.00125458;8.67991e-08
2.52218e-10;3.04574e-09;1;4.94521e-10;7.59432e-11;9.88634e-12;4.17866e-09;3.07675e-11;5.65122e-11;1.04342e-10;2.89406e-11;4.13041e-08;4.13112e-10;6.55614e-11
5.35613e-08;7.79768e-06;0.999658;2.18789e-06;1.38191e-07;8.51569e-07;1.65016e-08;1.69584e-05;1.18625e-07;1.69145e-08;2.00767e-07;0.000306179;2.99434e-07;7.50824e-06
3.10221e-09;7.37188e-05;1.23033e-06;1.75435e-08;1.50293e-06;4.15239e-05;1.84837e-12;1.15863e-07;3.96003e-11;2.98614e-09;1.18223e-10;1.58196e-06;3.22544e-07;0.99988
3.54943e-08;3.47135e-05;1.46314e-12;6.0682e-09;3.25039e-08;2.18393e-07;1.11778e-10;0.000420365;6.57755e-08;2.1399e-11;1.34042e-07;4.49607e-07;0.999544;5.82635e-08
2.25109e-06;0.000624526;8.45733e-09;4.61923e-09;5.73109e-06;8.4223e-09;1.27402e-11;0.998806;2.04484e-10;1.45166e-09;1.02284e-10;2.214e-05;0.00051317;2.61425e-05
4.03507e-07;0.968612;0.00998;2.12364e-05;0.000150528;0.000350642;3.16096e-06;0.00208394;2.75678e-08;2.2056e-05;2.27429e-07;0.00189547;0.016265;0.000615158
6.90959e-11;3.84844e-09;1;2.60957e-10;3.77867e-09;1.35519e-11;4.73508e-09;6.57251e-11;2.63897e-12;1.14083e-10;5.17608e-11;9.58629e-11;1.17718e-11;4.32136e-11
3.98497e-07;1.03421e-05;0.99947;2.93775e-07;3.7794e-07;8.84276e-08;3.25628e-08;1.4487e-07;1.41359e-07;1.56897e-08;1.10356e-07;0.000513711;6.3571e-08;4.72992e-06
1.19629e-08;5.72159e-05;6.40245e-10;8.14984e-10;3.79153e-06;9.67502e-05;1.10156e-08;1.37314e-09;6.49839e-10;9.36741e-08;5.93733e-11;1.69818e-13;3.6728e-09;0.999842
2.71361e-11;1.67474e-11;1;1.2397e-11;3.48499e-08;3.85509e-09;7.86552e-13;3.78901e-15;2.2477e-12;7.22628e-12;1.04713e-13;2.08749e-08;3.96839e-14;7.27464e-09
2.65178e-07;1.16262e-05;1.26289e-07;1.19143e-09;0.0185227;2.53384e-07;3.98867e-12;0.981453;1.70283e-07;3.80705e-11;5.21308e-10;2.02709e-07;6.43823e-06;5.37481e-06
1.32954e-08;1.99699e-06;8.11302e-09;1.41095e-10;0.000150518;5.33494e-09;4.14412e-12;0.999843;4.36431e-08;2.52809e-10;1.30871e-10;1.68976e-08;4.35813e-06;2.82749e-08
5.88379e-10;4.15784e-08;0.999997;1.33253e-08;2.74519e-07;2.9723e-07;9.89892e-13;2.40952e-10;4.71183e-12;6.73258e-09;3.57941e-11;1.90364e-06;7.46518e-09;2.39284e-08
2.59974e-08;0.99989;8.03345e-09;1.36136e-08;2.91273e-09;1.17463e-08;1.09804e-08;9.65751e-05;4.57911e-08;4.33699e-10;2.62931e-07;3.60885e-07;1.28709e-05;2.24743e-08
