2.18961e-11;9.52379e-12;1;2.0241e-11;1.05609e-10;2.41048e-12;9.94229e-11;1.309e-12;4.21309e-12;6.72354e-12;1.11137e-12;3.00014e-10;8.01344e-12;1.07404e-11
7.26111e-09;6.85116e-08;0.999907;3.16262e-08;6.7049e-08;4.9701e-09;2.1301e-10;5.69844e-06;4.33747e-09;7.73719e-10;3.01928e-09;8.66095e-05;1.2413e-08;5.89629e-07
2.70598e-09;4.59576e-07;0.000290264;7.56945e-08;1.05154e-05;0.000318534;2.66316e-13;4.06762e-08;9.78328e-11;4.455e-09;1.92673e-10;6.41601e-06;3.0844e-07;0.999373
5.30008e-08;0.00138372;1.68321e-10;2.57005e-09;3.91003e-08;3.61315e-08;2.58367e-11;2.44677e-05;2.1163e-09;1.78202e-11;1.97224e-08;7.17979e-06;0.998584;1.97279e-08
6.4605e-08;0.998864;2.77671e-11;1.01291e-07;5.18201e-08;3.77547e-08;2.24117e-06;2.66547e-05;5.23906e-10;8.81254e-06;6.92897e-10;6.59307e-11;4.70363e-05;0.00105135
1.14586e-12;1.34654e-12;1;2.06535e-10;5.43686e-10;2.48182e-10;4.17905e-12;8.1225e-16;6.41679e-14;1.0662e-10;1.50928e-13;5.62826e-09;2.87953e-14;1.53078e-08
9.62141e-08;2.75188e-07;9.37636e-10;2.81138e-09;2.13251e-07;3.60744e-10;1.63735e-09;0.999998;9.48123e-08;1.84329e-10;3.1057e-08;6.26171e-09;1.49305e-06;1.70045e-09
3.24629e-07;0.981139;2.70125e-06;2.35868e-06;2.67246e-06;3.74208e-06;1.93402e-09;4.05e-05;5.45187e-09;2.61059e-07;6.57551e-09;0.00127282;7.64113e-05;0.0174592
2.91566e-05;0.969609;2.61596e-10;3.13552e-05;4.51094e-06;1.06152e-06;0.000239954;4.55882e-05;0.00470307;1.01935e-06;0.0093959;2.45109e-05;0.0151453;0.000769764
1.58101e-05;0.000845534;4.68893e-10;3.63886e-08;2.95014e-08;2.18961e-08;2.17524e-09;0.99912;3.35785e-06;1.18957e-09;1.34864e-07;1.40161e-07;6.07514e-06;8.57404e-06
1.60948e-10;0.000523248;2.34692e-11;4.71827e-09;8.03079e-10;4.85805e-10;2.21345e-07;2.05784e-10;2.46924e-12;1.55884e-06;1.50181e-11;8.60248e-13;2.8859e-10;0.999475
2.62522e-10;3.02026e-12;1;4.38605e-10;7.70454e-10;1.34475e-09;1.14733e-07;1.05379e-11;9.24172e-11;1.25545e-09;1.76846e-09;1.7138e-09;3.93865e-14;5.08467e-08
3.06699e-08;0.00390316;1.06246e-10;8.89852e-08;1.42236e-08;3.31117e-08;1.3087e-07;0.000386987;1.55911e-07;4.18855e-10;0.000144418;3.58131e-07;0.995565;3.32315e-09
8.29364e-08;0.999781;0.000158618;8.05518e-07;2.38853e-07;2.51198e-07;1.00888e-07;2.71958e-05;2.50408e-10;3.63726e-07;2.41762e-08;2.71301e-08;2.69304e-05;3.95421e-06
2.33378e-08;1.26864e-06;0.999996;2.21164e-07;2.47729e-08;1.26422e-08;4.59238e-07;9.74699e-09;7.06742e-10;8.05562e-09;1.74502e-07;2.05017e-06;3.50502e-07;4.20569e-09
4.07703e-06;0.000267283;0.0326944;4.72341e-05;1.02204e-05;7.02341e-05;8.29014e-07;0.0166742;5.81417e-07;2.73022e-06;3.71718e-05;0.93996;0.00700199;0.00322887
8.46094e-07;0.664586;1.82277e-08;1.65373e-06;0.00014948;1.10847e-06;3.1273e-06;0.334672;9.6933e-07;7.24885e-07;0.0002339;1.22413e-06;0.000345857;3.77251e-06
7.29438e-07;0.0011278;0.047867;0.000806969;0.0296049;0.828748;5.7752e-07;0.00169997;4.63939e-09;0.000524726;4.3696e-07;1.86918e-05;6.40841e-06;0.0895942
6.32978e-08;3.80535e-07;0.999977;4.13299e-08;1.48185e-08;1.25746e-07;8.96513e-08;8.60249e-09;3.21216e-11;1.46111e-09;5.11373e-09;4.2798e-08;2.24179e-05;1.29326e-08
6.66185e-07;0.000872513;1.78366e-05;3.32042e-06;3.2761e-05;9.36336e-06;8.11468e-10;0.000247669;3.61323e-08;5.56956e-09;5.72167e-07;0.99364;0.00477412;0.000400732
1.4733e-07;0.990049;3.88597e-09;3.5756e-06;0.000158097;8.78454e-05;2.5184e-09;0.00126054;7.96949e-08;6.33833e-07;1.67764e-07;1.15133e-05;0.00827636;0.000151723
1.29891e-05;0.366007;0.00115986;0.00417748;0.11769;0.288096;6.35547e-06;0.000425221;9.50602e-08;0.00231536;7.31036e-07;0.00381177;0.000202126;0.216095
4.65956e-05;0.910595;0.0113181;9.64219e-06;1.56799e-05;3.79723e-05;1.27475e-07;2.46992e-05;4.0495e-08;3.43075e-08;3.85185e-07;0.00948973;0.0684387;2.34516e-05
0.000882955;0.807833;3.88991e-07;6.46723e-06;0.00241662;6.23054e-06;1.0777e-05;0.0499991;3.27205e-05;4.61098e-06;7.03489e-06;0.000637936;0.13781;0.000352087
3.61363e-07;0.930022;9.32534e-09;1.10783e-07;3.27637e-06;2.19729e-07;0.000113758;1.59937e-06;7.07286e-09;0.000284887;2.5142e-09;2.14095e-09;6.00888e-06;0.0695678
1.88687e-12;3.96981e-14;1;7.91119e-13;7.08536e-11;1.25177e-11;1.24761e-12;9.75545e-15;1.12359e-12;4.08253e-12;2.90857e-14;8.77193e-10;2.93617e-16;8.37919e-11
1.70591e-06;0.996607;1.51296e-09;1.00891e-07;7.20188e-08;1.84909e-07;6.04178e-06;4.86189e-05;4.67562e-05;2.04255e-08;4.69335e-06;4.42785e-07;0.00316333;0.000120591
7.02044e-08;0.00292867;4.86108e-06;8.68816e-10;5.88712e-10;5.17249e-10;2.36446e-08;9.96484e-09;5.42211e-09;8.10414e-10;1.62332e-08;0.996796;0.000269863;7.07177e-08
4.28124e-06;0.0334916;2.24033e-07;1.38338e-07;0.000123962;0.00119225;1.00197e-07;0.228681;1.01833e-06;4.12809e-08;3.69597e-07;0.00947271;0.725206;0.00182675
1.69056e-05;0.195495;3.78285e-05;1.47392e-05;0.0107692;0.00181354;1.73043e-07;0.161151;2.27871e-05;3.81007e-07;8.60921e-07;0.610878;0.0153068;0.00449287
3.90383e-05;0.20007;5.2801e-06;5.48654e-06;9.42096e-06;1.2323e-05;5.44988e-08;0.495549;2.29901e-06;9.83877e-08;2.13021e-06;0.00426183;0.300029;1.39221e-05
1.8134e-08;0.984952;5.98267e-07;2.17843e-08;1.11279e-06;1.75729e-07;6.6844e-11;0.000385411;2.83711e-10;1.73581e-10;7.18247e-09;2.65186e-05;0.0144013;0.000232646
1.05406e-10;0.040032;7.42802e-13;3.25525e-08;6.03761e-07;8.93419e-08;7.96977e-09;2.41376e-06;1.83583e-10;2.55516e-07;1.09541e-09;9.37496e-09;5.56543e-07;0.959964
2.23091e-06;9.08685e-05;2.3945e-07;4.05165e-06;7.45236e-08;2.73594e-08;0.144978;3.41461e-05;0.00421131;7.51652e-07;0.850658;1.40205e-07;1.96165e-05;2.59715e-10
9.29161e-05;0.997359;1.80813e-06;2.2099e-06;1.16525e-06;9.29315e-08;2.16836e-07;2.81556e-05;2.43321e-06;2.44725e-07;1.0452e-06;6.88169e-06;0.00249826;5.74957e-06
8.44716e-07;0.99989;1.26577e-11;5.28581e-09;4.64156e-09;1.62082e-09;1.26767e-05;1.90455e-06;2.238e-09;6.30687e-06;1.09209e-09;3.25373e-10;5.57408e-06;8.2227e-05
5.49923e-11;1.18504e-12;0.999997;4.62435e-10;3.25829e-09;1.21307e-08;1.1857e-11;1.00679e-12;2.74735e-11;2.23941e-10;2.53835e-11;3.22312e-06;3.57919e-13;1.68405e-07
1.33514e-05;0.81777;2.63348e-10;1.00608e-05;1.7206e-05;1.88585e-05;9.33578e-06;0.0365814;0.000383228;1.12657e-07;0.000203644;0.000148563;0.144836;7.94885e-06
3.26594e-06;0.0272711;0.150675;1.6386e-05;1.30585e-05;1.70352e-06;4.11319e-09;3.0907e-06;1.24808e-08;2.36993e-07;1.02584e-07;0.821684;0.000192477;0.000139745
0.000254513;0.968163;4.15437e-07;4.25004e-05;0.000318468;2.72313e-05;0.000174493;0.0128968;0.00194752;9.11626e-06;0.00131698;0.000115157;0.0145997;0.000134086
0.000323755;0.890494;2.07229e-08;2.28975e-05;0.000821892;9.18655e-05;2.73467e-06;0.0373958;7.89471e-05;1.76688e-05;2.69183e-05;0.003321;0.0378254;0.0295771
0.000124543;0.00224853;4.25307e-09;1.32774e-06;2.39696e-06;1.81729e-07;3.73886e-07;0.0158129;0.000112298;2.93934e-07;4.38612e-05;6.0987e-05;0.981589;3.73021e-06
2.60692e-05;0.988769;7.98233e-07;2.17362e-07;3.60146e-09;1.44514e-09;0.00482929;4.14221e-08;1.01602e-06;0.000277509;1.73522e-07;9.03122e-05;8.91665e-06;0.00599659
1.40406e-10;2.16578e-10;1;4.47787e-09;2.12707e-09;8.79159e-10;9.33014e-09;1.71994e-11;3.79918e-09;4.95884e-10;5.95137e-10;9.42217e-08;2.70196e-11;4.86761e-11
4.0693e-08;0.00101654;2.98214e-09;1.25854e-09;5.93796e-06;2.12781e-10;5.50142e-10;0.998972;7.38488e-09;8.23272e-10;5.48291e-09;1.68489e-06;3.22718e-06;2.96001e-07
3.11544e-07;0.00359244;0.983945;3.09168e-05;0.000448923;0.00359497;1.1721e-05;8.29533e-07;2.02741e-08;7.9444e-05;7.25629e-07;2.01888e-08;0.00827323;2.16232e-05
1.49952e-10;4.7445e-10;1;2.12669e-10;5.36146e-10;2.13649e-10;3.49126e-08;3.59585e-10;5.25001e-11;8.69615e-11;1.23796e-09;1.16936e-08;8.88057e-11;1.77199e-10
9.5221e-09;5.87444e-07;0.99996;2.57075e-09;1.38749e-09;1.93977e-08;8.4798e-08;4.36289e-09;2.54693e-08;1.13606e-09;1.06666e-07;3.83859e-05;1.28129e-07;4.17207e-07
1.1424e-08;2.53978e-06;1.11449e-08;1.63866e-10;2.9719e-05;0.000229231;1.3157e-10;2.14472e-07;5.31426e-09;9.86842e-10;4.77353e-09;4.39898e-07;4.35123e-06;0.999733
3.17563e-05;0.994234;0.000765468;8.16955e-09;5.75172e-05;3.0984e-06;8.30404e-06;1.30276e-05;2.83442e-08;5.53215e-05;1.42712e-09;3.46589e-06;0.00290113;0.00192684
1.94441e-11;3.37187e-11;1;8.8673e-12;1.42358e-09;2.37139e-09;1.57095e-11;7.67051e-11;6.87947e-11;6.01969e-12;7.36308e-12;1.41432e-09;4.38532e-11;1.79733e-12
5.37749e-07;0.99679;0.00164698;2.93689e-08;2.87092e-06;3.00637e-08;6.92345e-08;0.00148426;1.21938e-08;1.29012e-07;8.54224e-09;7.82817e-08;1.07187e-05;6.42343e-05
9.40327e-12;1.84029e-09;1;9.47107e-13;5.8652e-10;7.31026e-12;1.08706e-11;3.60437e-09;9.82535e-13;6.62769e-13;1.60514e-13;1.48526e-08;8.57797e-12;1.08313e-12
1.52991e-06;0.000323574;5.15998e-07;1.6602e-05;9.81189e-05;8.80258e-06;2.31211e-06;0.984782;0.000963833;1.32194e-06;0.000112311;0.00894122;0.0032167;0.00153148
7.72802e-08;0.99995;4.58583e-06;6.85317e-08;9.42237e-09;2.83541e-10;9.13746e-09;3.42822e-05;1.50986e-09;3.69407e-09;2.11734e-09;7.75605e-06;2.92347e-06;1.31284e-08
6.05764e-08;0.998307;4.20876e-11;1.12005e-08;3.91059e-10;3.71992e-10;0.00152176;9.26903e-09;7.07006e-10;2.63107e-05;6.77967e-10;9.49565e-10;2.59764e-07;0.000144752
2.54977e-09;1.00249e-10;0.999989;7.44597e-08;1.13226e-07;1.57386e-08;6.28997e-07;3.37484e-13;1.67513e-08;3.87205e-08;4.32368e-09;9.76481e-06;3.94879e-11;1.12363e-07
3.42949e-06;0.000926974;2.69906e-11;1.28503e-08;0.000166298;1.44174e-08;2.77411e-07;0.998615;8.43644e-06;2.63383e-08;2.49513e-07;2.11301e-09;0.000279106;5.66997e-07
2.08262e-07;0.000470091;0.999396;6.60026e-06;3.38984e-05;1.75566e-05;2.51645e-07;4.27074e-06;1.26965e-08;1.85358e-05;1.29987e-08;3.71294e-07;3.06215e-06;4.88912e-05
3.57836e-09;2.39984e-09;1;1.41905e-09;3.73562e-09;8.00742e-10;3.04702e-08;8.93677e-10;7.35958e-10;4.76553e-10;2.55795e-09;5.82231e-08;9.33307e-12;1.4434e-08
4.46567e-07;0.000225324;0.000113084;1.97454e-07;4.35009e-07;6.72134e-06;1.1851e-08;3.31974e-06;2.93263e-06;1.19077e-08;5.32909e-06;0.99955;1.61198e-05;7.62691e-05
1.6638e-06;0.998315;1.03405e-07;2.02959e-09;2.14145e-07;1.66856e-05;1.41468e-07;1.22947e-06;3.8041e-08;1.79712e-08;1.31397e-08;2.61152e-06;0.00165455;7.99057e-06
1.92803e-07;0.00134143;2.82653e-05;3.17819e-08;5.49165e-05;3.74362e-05;2.75842e-09;5.38897e-05;1.21277e-07;1.57665e-07;1.58323e-08;0.991097;0.00641051;0.000976006
8.5731e-07;0.00757427;5.30733e-08;5.30639e-08;1.00975e-05;9.6986e-06;1.15873e-08;0.991754;0.000327055;4.08819e-09;6.75729e-08;3.49645e-09;0.000322431;9.51765e-07
2.65466e-06;0.629131;3.38793e-07;2.33928e-08;9.95098e-07;6.39078e-07;3.67574e-10;0.348499;2.92645e-09;2.00216e-08;8.19392e-11;1.3971e-07;0.0223635;1.76152e-06
3.42255e-08;0.00853593;2.2831e-05;1.27306e-06;2.04514e-06;1.34179e-06;5.66632e-09;1.05242e-05;1.98821e-09;1.39861e-07;4.07967e-08;0.991366;3.90438e-05;2.08552e-05
5.10711e-07;0.986864;2.68107e-10;9.75826e-09;1.93178e-05;1.15067e-07;5.50952e-05;0.011758;2.76642e-08;1.94501e-06;3.5113e-09;1.28474e-10;0.00108872;0.000212253
7.25027e-12;4.48962e-13;1;1.37446e-11;2.09893e-08;1.78526e-10;4.15794e-11;3.57167e-12;2.05324e-12;9.62378e-11;3.19614e-13;1.34829e-11;3.49656e-14;1.83346e-10
1.15659e-05;2.75708e-07;0.999762;4.75234e-07;4.07676e-07;3.68637e-09;3.17344e-05;2.07805e-06;0.000181882;1.57684e-08;5.43186e-06;1.20617e-07;3.48656e-06;7.18338e-09
2.39947e-07;6.13362e-06;3.19398e-06;1.58352e-07;1.91956e-07;1.13231e-08;1.06318e-09;4.23849e-05;2.06894e-06;4.27667e-08;3.19356e-08;1.58132e-05;3.52671e-08;0.99993
4.6635e-07;8.46068e-05;3.4706e-10;6.50084e-07;0.00076986;7.93991e-06;6.19263e-07;0.998975;9.31891e-05;4.83031e-08;2.25428e-06;2.44613e-08;3.06639e-05;3.48643e-05
4.59589e-08;7.36404e-05;0.992731;3.84475e-06;3.41833e-05;3.70068e-07;5.44216e-10;3.45871e-08;2.32116e-09;4.33694e-08;7.7261e-09;0.0071466;1.79109e-07;1.00523e-05
4.15131e-06;0.875946;7.00355e-06;2.93234e-07;9.13521e-07;1.16108e-06;1.21881e-07;3.84648e-07;6.09708e-10;1.57242e-08;3.73816e-08;0.000141848;0.123898;5.78734e-07
4.01725e-08;0.000324654;2.07226e-07;8.35845e-09;3.81266e-06;3.10079e-07;5.96589e-10;0.000133346;1.32515e-08;6.35894e-10;1.22709e-07;0.999463;3.04135e-05;4.44415e-05
9.5936e-07;0.313711;1.41455e-06;9.50982e-06;0.0019965;0.0338265;6.40858e-08;0.638278;3.84913e-06;1.13309e-06;4.63666e-06;0.000231205;0.00775963;0.00417656
8.08285e-06;0.0129072;2.47304e-06;1.80177e-05;9.04046e-07;2.54542e-05;6.30047e-08;0.000138076;2.71861e-06;1.68874e-07;5.97504e-05;0.0159551;0.970882;2.58549e-07
2.93485e-06;0.00336146;8.25834e-09;1.81093e-08;2.29079e-08;3.30505e-09;1.85673e-08;0.995799;6.8909e-08;6.21507e-10;1.70049e-06;2.74121e-05;0.000807206;5.01699e-10
6.28678e-10;0.000713045;1.3246e-05;3.43926e-07;1.2096e-06;2.18376e-06;4.88048e-12;1.21431e-05;2.01006e-10;2.772e-09;5.84404e-10;0.999153;9.6048e-05;8.96308e-06
4.05468e-07;0.986361;9.12518e-08;1.42266e-07;1.0379e-05;1.98595e-05;1.79416e-06;0.00205925;1.09346e-08;5.82169e-07;1.78789e-07;1.35534e-05;0.0114898;4.30584e-05
6.06812e-06;0.00148637;4.222e-09;1.12747e-06;3.22439e-05;2.23713e-06;8.47209e-08;0.00565354;5.82856e-05;4.1205e-08;2.36146e-05;0.000104631;0.992632;4.51963e-08
5.62039e-05;0.000163947;4.47947e-11;3.98975e-10;4.79676e-08;1.23392e-10;1.7945e-09;0.99976;1.45517e-06;8.5399e-10;3.67239e-09;1.85585e-07;1.83314e-05;1.60372e-09
1.37198e-07;0.00348061;9.82355e-08;1.40181e-06;4.59534e-07;3.81395e-06;0.000275613;4.43469e-09;1.35032e-08;0.00204531;5.07151e-09;8.12279e-08;2.06969e-06;0.99419
1.46141e-07;1.08606e-12;0.999975;6.42518e-08;4.00239e-07;1.86862e-07;4.32326e-06;7.90577e-10;9.54448e-07;1.50232e-07;2.00755e-06;1.05042e-05;1.74459e-12;6.32058e-06
9.82647e-06;0.1886;7.33722e-08;8.91638e-07;1.67388e-05;1.81938e-06;4.95453e-06;0.804415;0.00155956;1.21035e-07;0.000486771;5.26581e-06;0.0048925;6.77059e-06
7.9552e-07;6.62334e-08;7.86599e-10;1.86098e-08;7.81096e-07;7.5801e-09;8.22774e-09;0.999979;1.88916e-05;1.74397e-08;3.24039e-07;2.35728e-07;3.78313e-07;3.65822e-09
0.00142276;0.325428;0.000119193;1.29159e-05;0.00018672;2.29039e-07;6.40564e-05;0.00192364;0.000140393;2.7283e-07;1.35356e-06;0.661463;0.000741414;0.00849586
7.7997e-05;0.133031;1.8486e-08;3.16367e-06;1.83145e-05;8.36961e-07;2.00627e-06;0.850526;0.00168074;3.62205e-08;1.44004e-05;0.00488812;0.00944239;0.000314574
4.37759e-05;0.0237476;2.2188e-08;2.19997e-06;0.00446091;7.0824e-07;3.06692e-08;0.96567;2.3717e-05;2.34411e-07;8.93642e-07;3.50145e-05;0.00598693;2.82238e-05
5.98722e-05;0.993728;0.000432337;0.000139903;4.57604e-05;6.33331e-05;6.57983e-07;3.00047e-06;3.9203e-07;8.29713e-06;6.32345e-07;0.00304895;0.00188397;0.000585173
0.000391077;0.0134219;2.54852e-05;2.27861e-06;8.22349e-07;1.15347e-07;9.58501e-05;0.0586548;0.000233644;1.26931e-07;0.00129587;0.920699;0.00517825;3.38287e-07
3.28364e-05;0.913003;2.5795e-06;0.00408986;0.00653895;0.000636042;9.51372e-06;0.00911721;0.00712059;1.70039e-05;0.0136176;0.0329061;0.0118386;0.00106953
0.000140978;0.0112287;1.12779e-05;8.20615e-06;3.997e-06;4.35434e-05;2.0631e-06;0.000994082;0.000172238;1.34372e-06;0.000651835;0.0100949;0.976505;0.000142367
6.78713e-05;0.945073;3.98732e-07;1.01631e-06;2.52314e-06;4.56724e-05;0.00620013;6.50488e-06;2.26906e-06;0.00476938;8.68833e-07;5.07934e-08;0.00365378;0.0401762
6.47366e-11;1.93192e-12;1;7.56875e-10;9.02714e-08;1.7592e-09;5.42778e-10;2.70442e-12;2.32291e-10;1.39837e-09;2.49846e-10;5.26707e-08;1.15019e-11;4.61757e-08
1.91396e-07;0.99668;1.02481e-09;1.33385e-08;6.39101e-06;5.94026e-09;4.0879e-06;0.00316257;2.25263e-05;1.99289e-07;3.60537e-06;1.18341e-07;0.000120679;1.58651e-07
3.33591e-07;0.000168807;0.00473458;6.95283e-06;0.00107713;7.38481e-06;1.35323e-07;1.17999e-06;4.9939e-08;9.9377e-06;7.65502e-07;0.992542;5.6838e-05;0.00139344
0.00025818;0.942905;5.80768e-08;8.10849e-06;3.25579e-06;8.02858e-06;0.000121418;0.00157588;0.0229533;1.21846e-07;0.0223746;0.000246793;0.00768814;0.00185693
4.28284e-06;0.99934;1.0555e-10;8.39159e-09;8.22577e-08;3.92081e-09;1.3995e-07;1.96058e-06;2.07941e-07;7.50634e-09;2.39449e-08;2.27389e-05;0.000630694;1.58199e-07
1.25901e-05;0.00318863;9.38532e-05;3.05496e-05;0.00335574;0.00128878;9.24686e-10;3.28592e-05;4.18299e-08;8.1555e-07;1.01963e-08;0.988165;0.000535917;0.00329477
0.00192389;0.0032152;1.04797e-08;1.07445e-07;0.00252233;7.10912e-08;1.18765e-06;0.992216;9.16324e-05;2.01183e-07;3.44202e-06;1.37833e-05;1.17245e-05;1.67172e-07
3.76097e-06;0.0192932;0.963221;7.68057e-07;0.0003926;7.83382e-05;6.25096e-09;0.000483417;3.83919e-09;4.39804e-07;1.03591e-09;0.016394;3.73108e-06;0.000128502
4.93404e-06;0.000125205;5.29541e-10;2.74783e-08;2.61833e-06;2.78172e-07;2.90798e-08;0.967548;9.03029e-06;4.69044e-09;1.24396e-06;5.25875e-06;0.0323016;1.2871e-06
2.34999e-06;0.000327613;1.86966e-06;5.71729e-07;1.29323e-06;2.21957e-07;2.61452e-08;5.56145e-05;1.52469e-05;1.11461e-07;2.56081e-06;0.999194;0.000357395;4.11051e-05
3.35332e-07;0.999712;1.54862e-05;1.50859e-07;4.6338e-08;1.31813e-08;3.78797e-09;2.92523e-05;1.615e-09;1.56399e-08;3.76958e-08;0.000205066;3.80462e-05;9.08754e-08
9.18749e-06;0.976012;2.47514e-08;7.64413e-07;2.71016e-06;7.7162e-07;0.00752874;0.000854968;6.31276e-07;0.000994305;1.11788e-06;1.3069e-07;0.000170119;0.0144248
2.54659e-09;5.14309e-09;0.999993;1.28717e-08;4.58404e-09;2.71173e-08;2.86657e-07;4.32152e-12;9.27409e-10;4.10917e-09;1.59689e-08;6.43315e-06;3.38936e-09;6.41656e-09
1.15269e-06;0.895787;1.82026e-08;1.64451e-07;1.48643e-07;1.06888e-08;6.4698e-06;0.000246499;9.02019e-06;1.19281e-07;4.02267e-05;0.000102236;0.103805;2.04627e-06
1.76214e-06;0.141769;2.97071e-09;0.00353226;0.000739029;0.000914768;8.46119e-08;0.00167431;0.000235491;6.78014e-05;0.00216918;0.819254;0.00190371;0.0277391
0.000467535;0.853814;6.81889e-06;2.04827e-05;3.49934e-06;6.64666e-05;0.000145781;0.0217664;3.40828e-06;4.30958e-05;0.000464013;0.0825035;0.0396094;0.00108518
1.01855e-06;0.00118654;2.63134e-09;1.8528e-07;1.1473e-05;1.25162e-06;5.21406e-08;0.0232421;1.9697e-07;1.68017e-08;7.18603e-06;3.23175e-06;0.975546;1.0275e-06
1.29562e-06;0.000286315;1.63582e-06;2.99001e-07;1.04339e-07;2.83724e-07;1.25753e-08;1.53868e-06;1.11317e-06;1.61881e-08;1.56447e-06;0.998647;0.00105195;6.63842e-06
2.96734e-07;0.999928;6.10731e-07;1.1912e-07;7.90123e-09;9.18251e-09;1.46808e-09;1.97076e-06;9.27742e-10;3.74448e-09;1.20181e-08;3.92015e-05;3.01262e-05;5.41463e-08
1.30571e-06;0.988994;4.68168e-09;1.42183e-07;2.74585e-07;2.19903e-08;6.99004e-05;3.14322e-05;7.17304e-10;0.000180566;2.37064e-09;3.23784e-07;6.03704e-07;0.010721
8.96992e-10;7.41068e-11;0.999998;5.97034e-08;8.91702e-07;2.47271e-07;1.0026e-07;1.3522e-11;3.06716e-09;1.12912e-07;1.43537e-08;1.01957e-07;3.43756e-13;4.47098e-08
1.77909e-08;0.00998497;4.08973e-07;6.89185e-09;6.3808e-09;2.62332e-08;1.41616e-09;1.59544e-09;7.21925e-12;9.60126e-11;2.81477e-09;7.3058e-09;0.990015;1.97519e-10
4.8661e-08;0.00493788;3.83617e-07;1.14344e-07;1.53234e-05;2.56947e-08;8.04323e-08;0.878824;7.08536e-07;6.1693e-08;2.30498e-06;0.116205;5.54269e-06;9.0886e-06
6.21048e-09;0.00098073;0.998247;1.26478e-06;0.000169706;4.32044e-05;4.29879e-10;0.000249284;6.99581e-11;3.06781e-08;1.07325e-09;7.68251e-06;0.000114535;0.0001866
1.50222e-07;0.00110873;1.52686e-08;5.51692e-08;1.56597e-07;0.000435208;3.94779e-08;1.48208e-05;6.21003e-07;1.99175e-09;1.65922e-07;2.88403e-09;0.998407;3.34256e-05
1.19019e-07;2.88847e-06;0.999588;1.67496e-07;2.78621e-07;9.01378e-07;1.89072e-09;3.81034e-07;7.45127e-10;4.66591e-08;2.25655e-10;0.000121793;2.91415e-08;0.000285973
1.28579e-06;0.997202;5.89858e-07;5.74072e-07;3.73815e-06;6.50808e-06;3.44093e-07;0.00178936;6.26079e-06;4.48822e-09;1.88031e-06;1.74389e-05;0.000959624;1.03712e-05
5.07384e-06;0.00429419;1.90719e-06;8.35341e-06;0.00194215;8.29324e-05;6.0738e-08;0.989649;0.00248276;8.67152e-07;4.5974e-05;6.43108e-06;0.000187101;0.00129322
5.01564e-07;0.995984;4.51412e-09;3.89271e-08;4.15978e-05;1.18297e-08;8.2354e-09;0.0038739;3.28406e-08;1.46959e-07;2.72126e-08;1.54326e-06;8.40048e-07;9.76574e-05
1.32439e-05;9.40078e-05;0.00669;1.39666e-05;0.00145307;3.14161e-06;3.61684e-07;2.27178e-05;1.36874e-07;1.00952e-05;8.01357e-07;0.991354;9.29188e-06;0.000335267
0.00139384;0.00101214;4.84414e-06;9.00298e-07;4.09366e-09;1.0855e-08;0.0579438;0.000681834;0.918044;3.10214e-07;0.0204116;9.09098e-08;0.00050671;2.06267e-09
0.000351778;0.183644;2.70108e-07;4.10334e-08;6.41855e-06;7.69583e-09;1.13012e-07;0.815845;3.20067e-05;1.5098e-07;7.10103e-08;6.55839e-06;3.78337e-05;7.50241e-05
2.62629e-08;0.00983363;4.32344e-08;2.93254e-08;1.82288e-06;7.71639e-08;1.74281e-10;4.37236e-05;3.56644e-08;3.36565e-09;3.03095e-08;0.990105;8.27809e-06;7.12787e-06
0.000480433;0.429342;9.79461e-06;1.57911e-05;2.5078e-05;2.92532e-07;5.65856e-05;0.551007;0.000629521;6.54583e-06;0.000288468;0.00128062;0.0168575;2.1352e-07
0.000774992;0.105576;5.11582e-07;0.000412241;0.0066064;1.89823e-05;4.12566e-07;0.017489;0.00467312;2.25646e-05;0.000175888;0.824391;0.000378893;0.03948
0.022965;0.566198;4.09683e-07;3.21019e-06;5.88292e-05;5.56501e-06;9.29646e-06;0.390605;0.0122651;3.67046e-05;3.92755e-06;4.76014e-05;0.00438541;0.00341588
4.91199e-05;0.00456611;1.19439e-08;8.66152e-06;0.000202515;1.94531e-05;5.54067e-08;0.890942;0.00309282;2.67781e-07;9.25437e-05;0.00237192;0.0986491;5.72273e-06
1.41094e-05;2.62729e-05;3.09192e-12;6.30167e-09;1.04538e-08;1.46784e-09;2.14561e-09;0.999886;1.87405e-06;5.89836e-09;4.80452e-08;1.93791e-07;7.15602e-05;1.68182e-07
7.90559e-08;0.0146748;1.4731e-08;3.35512e-06;9.70473e-08;2.68139e-07;0.00769155;3.40784e-09;9.4924e-09;0.00664195;3.61048e-08;7.62302e-09;5.35742e-07;0.970987
2.22675e-10;1.06961e-13;0.999999;2.88333e-09;8.33231e-11;3.61312e-10;6.30673e-07;8.28745e-14;3.11681e-09;1.1228e-09;1.19197e-07;9.47545e-09;3.54673e-14;2.73585e-10
6.99885e-05;0.083699;1.46307e-07;1.62417e-05;1.55259e-05;2.60338e-05;0.000331622;0.748758;0.000702933;2.96682e-06;0.0392971;8.92299e-06;0.126231;0.000840995
3.94124e-06;0.998382;3.57753e-09;1.34547e-07;1.73199e-07;9.27443e-08;0.000508137;3.47623e-06;7.51173e-08;0.000118598;7.41492e-07;3.03432e-07;0.000864696;0.00011727
9.99569e-10;1.62878e-12;0.999999;6.54212e-11;3.93943e-10;7.13711e-12;7.72112e-07;2.09556e-12;1.48109e-09;8.11245e-10;2.71407e-09;1.80959e-08;1.20069e-15;1.15117e-12
4.44542e-07;0.999489;1.39222e-09;1.60684e-10;6.08884e-09;1.43105e-10;0.000147778;5.86719e-07;8.32517e-08;8.19239e-07;2.38156e-08;1.59897e-11;9.09085e-08;0.000361387
4.10637e-13;3.80974e-14;1;1.04046e-12;7.0689e-10;4.66257e-10;2.48106e-11;4.26032e-13;1.26097e-12;7.52167e-11;1.37178e-13;1.961e-09;8.9213e-16;5.42976e-10
1.38693e-05;0.611248;2.33086e-07;0.000211096;2.41957e-05;0.00170439;0.0154357;0.00717212;0.00486503;1.00469e-05;0.00604139;2.83053e-08;0.353226;4.71495e-05
6.33955e-06;0.0382024;0.959454;3.57441e-06;1.32313e-06;5.33268e-08;3.4563e-07;0.0011077;2.53226e-07;9.68598e-07;2.81265e-07;0.00110929;9.37923e-05;1.93848e-05
5.10642e-06;0.552422;1.84899e-06;1.42633e-05;0.000239361;0.000106657;2.71798e-06;0.288117;0.00124632;6.03287e-07;0.00160277;0.00107994;0.154041;0.00112093
8.27874e-05;0.74501;1.54132e-06;2.30304e-06;1.3291e-05;1.30596e-05;1.34783e-06;0.0264629;5.66494e-05;7.25859e-07;4.35476e-05;0.174076;0.0542322;3.31681e-06
0.000246892;0.643473;1.40077e-08;6.46293e-06;6.80388e-05;4.26834e-06;1.10604e-05;0.00411491;0.000229527;3.78627e-06;6.10684e-05;0.0673395;0.284223;0.000218835
9.49722e-06;0.960535;1.23229e-06;3.99983e-05;2.93505e-05;5.74435e-06;1.68239e-07;0.032915;3.08219e-05;3.07159e-07;7.10173e-06;0.00312344;0.0033001;2.57782e-06
1.92289e-06;0.145364;8.7578e-09;2.3984e-06;0.00598385;3.12672e-07;2.17366e-08;0.842055;3.3244e-08;8.90073e-08;2.54554e-07;3.20535e-05;0.0065546;5.37295e-06
4.51067e-05;0.00351829;0.0708093;0.00033247;0.0326109;0.00560682;3.9326e-07;0.000307274;1.8262e-08;3.90466e-05;6.68416e-07;0.869151;0.000707001;0.0168714
1.15516e-05;0.00792816;6.33478e-10;6.1719e-08;2.77358e-07;2.29876e-06;2.12823e-07;0.958182;1.28591e-06;1.84019e-08;1.44165e-06;2.80586e-07;0.0338727;3.67183e-08
1.49534e-09;1.35495e-09;1;3.75093e-09;8.77204e-09;6.59249e-10;4.98306e-08;2.86832e-10;8.78477e-09;7.9633e-10;1.39357e-09;3.21317e-10;1.29934e-09;2.4227e-10
4.15722e-08;4.05634e-06;0.999947;5.06058e-08;1.09081e-09;2.47715e-09;4.00132e-08;6.25083e-06;5.96809e-07;6.35395e-09;2.7003e-07;4.14559e-05;2.82898e-07;5.89688e-09
1.77721e-08;3.19782e-05;1.39117e-05;9.73566e-08;3.38462e-05;8.88719e-05;4.74174e-09;9.25383e-07;2.35623e-08;2.83041e-07;2.03197e-06;0.000169107;7.77494e-05;0.999581
2.26301e-06;0.994432;1.37592e-05;8.43057e-08;2.88608e-06;2.01153e-06;0.000166974;1.21029e-05;9.49616e-09;0.000251995;6.84414e-08;5.78734e-06;6.93817e-05;0.00504069
7.44938e-11;1.08251e-09;1;1.38681e-09;1.5199e-09;6.67001e-08;1.06549e-08;1.37552e-11;1.13637e-09;5.45904e-10;3.36803e-09;4.23945e-08;8.50755e-10;1.63701e-10
2.70962e-08;0.999972;3.93981e-06;2.43128e-08;8.23045e-08;5.56883e-09;7.69342e-07;2.0303e-07;1.30887e-09;9.03202e-08;5.51324e-08;1.03029e-09;1.84408e-06;2.08622e-05
1.36097e-09;1.90537e-06;0.999998;2.3719e-10;1.46423e-08;8.60654e-10;1.33883e-08;2.212e-09;1.45541e-10;6.86005e-10;6.62224e-11;1.29414e-07;9.04383e-09;1.31815e-09
2.64313e-06;0.00238715;7.16218e-08;2.61544e-05;0.000515218;5.16329e-05;1.30492e-05;0.965434;0.00257685;3.94862e-06;0.000519168;0.00014171;0.0277943;0.000533895
6.18199e-08;0.99988;4.51483e-05;1.51022e-07;4.44709e-08;1.57334e-07;4.20208e-09;4.96243e-05;4.17301e-10;2.39337e-08;4.48927e-10;2.71614e-08;2.42602e-05;4.49121e-07
7.41255e-09;1.81383e-06;0.999998;2.2615e-08;2.05283e-08;2.51672e-09;2.38597e-07;7.99394e-09;4.77942e-10;4.02615e-09;1.20593e-09;2.23843e-08;2.68622e-09;1.87912e-07
1.41607e-08;2.89339e-06;0.000190248;6.91973e-07;3.54022e-07;2.12006e-06;1.32922e-09;4.0566e-07;1.6593e-07;1.06086e-08;2.45046e-06;0.999763;3.94046e-07;3.69174e-05
1.07429e-06;0.995914;5.17043e-06;4.17688e-08;2.70001e-07;1.66211e-05;1.26712e-07;1.65476e-05;3.87232e-09;2.96743e-08;3.31006e-08;3.33213e-06;0.00402842;1.48187e-05
5.78994e-10;1.82858e-05;8.02948e-07;2.23302e-08;4.88236e-06;1.38904e-06;4.13038e-12;3.25745e-05;8.91644e-11;2.31278e-09;3.7635e-10;0.999849;3.27843e-05;6.0036e-05
4.59147e-07;0.928156;2.71788e-09;1.34722e-05;2.77515e-05;0.000218715;3.65307e-07;0.0347498;0.00010366;1.429e-07;2.40703e-06;6.81664e-08;0.0367163;1.11146e-05
1.15953e-06;0.999955;2.49456e-06;6.4487e-07;3.74795e-07;1.42457e-07;3.43581e-10;3.39372e-06;3.36993e-10;3.67027e-08;8.34614e-10;7.4438e-06;1.70844e-05;1.18228e-05
4.25864e-07;0.999836;1.24746e-10;4.46069e-08;1.03554e-08;8.19724e-10;3.71225e-05;1.28548e-05;1.93585e-11;2.40789e-05;6.94055e-10;2.18848e-10;3.01189e-06;8.65104e-05
1.36193e-10;2.83588e-12;0.999997;3.48081e-09;7.03362e-08;9.70699e-10;1.12844e-09;8.37974e-13;1.77019e-11;5.14243e-09;1.1839e-10;2.68144e-06;2.84074e-14;1.66186e-08
5.71022e-07;0.9701;5.78491e-07;3.34219e-07;7.49412e-06;1.62202e-07;3.41646e-08;7.4427e-06;3.5271e-10;2.17972e-08;1.33797e-08;5.52733e-06;0.0298781;1.00829e-07
8.68573e-08;0.000496632;7.03317e-10;4.13443e-07;1.57886e-07;5.32985e-05;1.37159e-08;0.00970386;3.96541e-07;1.04342e-08;2.45934e-06;0.00257495;0.987168;2.08285e-07
3.35654e-08;1.22102e-05;0.999942;3.26778e-07;9.72445e-06;3.65644e-07;2.2259e-09;5.55274e-07;5.15603e-10;4.96999e-09;9.15317e-10;4.93668e-06;5.81143e-06;2.3978e-05
5.39506e-06;0.166279;2.45349e-07;2.34773e-07;1.25025e-05;0.00396839;1.47582e-06;0.000633256;8.48075e-07;1.18559e-07;3.78965e-06;9.85117e-05;0.824789;0.00420672
5.56576e-08;0.00338863;1.19592e-09;1.63848e-08;3.65346e-07;1.19105e-06;6.61538e-10;0.000535072;7.55948e-09;1.20947e-09;6.87557e-08;3.99905e-05;0.996034;2.02047e-07
1.9246e-06;0.879779;1.79248e-07;0.000175985;5.85116e-07;5.24918e-06;0.000116942;0.0243973;0.00128401;3.44618e-05;0.0044359;0.00362047;0.0861467;1.51157e-06
0.000101694;0.175869;0.000863866;0.0241944;0.00101953;0.00114884;0.000146281;0.0156194;0.00019609;0.00216676;0.0177944;0.732971;0.0227276;0.00518143
2.3162e-05;0.0778554;6.72971e-08;5.94992e-06;5.38836e-06;2.5169e-05;0.000141535;0.000481431;1.3624e-06;3.44574e-06;0.00145937;0.000115466;0.91988;1.75302e-06
5.12825e-05;0.0802464;1.08832e-07;8.26844e-06;0.000129075;1.19278e-05;5.50197e-05;0.0365586;1.1057e-06;7.234e-06;0.000519371;0.0166723;0.864941;0.000797856
5.57386e-05;0.567461;0.000681353;3.65649e-06;3.49544e-07;5.00403e-07;0.388566;2.83158e-06;3.26646e-07;0.0370473;7.72202e-06;0.000975189;0.000275029;0.00492226
1.64254e-10;6.35366e-10;1;2.11559e-08;3.47052e-09;5.34458e-08;9.40538e-08;2.31506e-11;8.10895e-10;1.2418e-08;1.16458e-08;6.64061e-08;1.57352e-09;1.14453e-10
1.43991e-07;0.999762;9.18946e-05;2.94742e-07;1.08326e-08;2.2128e-08;1.83882e-07;2.34144e-05;7.30609e-10;1.00979e-07;1.25227e-07;1.09835e-05;0.00010971;1.28847e-06
1.99753e-06;0.145535;4.46307e-09;3.4474e-05;9.27311e-05;5.80365e-05;1.29516e-06;0.00222102;1.91042e-06;5.99677e-07;0.000534215;0.000870195;0.850506;0.000142614
1.3134e-05;0.990529;0.00411779;4.58609e-05;1.64832e-05;1.38956e-06;8.08367e-05;0.000681601;6.26045e-08;0.000103063;1.26926e-06;2.39437e-05;2.21928e-05;0.00436381
1.43213e-08;4.42347e-08;0.999999;4.19858e-08;3.82221e-08;2.42883e-10;6.44669e-08;7.05832e-09;7.98824e-09;5.45085e-10;2.84223e-08;6.47715e-07;1.0335e-10;4.98212e-09
7.28327e-06;0.105621;3.77271e-05;0.00014869;2.79603e-05;0.000142967;4.57077e-08;0.00710953;4.16894e-05;3.86305e-07;0.00018775;0.878262;0.000257998;0.00815521
2.88287e-06;0.997971;1.68074e-06;6.11159e-06;2.67825e-07;5.93896e-06;1.86689e-06;0.0011484;7.35095e-06;2.43914e-07;0.00047643;7.18007e-06;0.000370656;3.66263e-07
3.64869e-06;0.213046;1.49208e-08;2.70354e-05;0.000731147;1.75584e-05;5.87135e-10;0.433787;1.91975e-07;2.82242e-07;4.1767e-06;0.351261;0.000903389;0.000218958
7.48606e-06;0.00236332;0.0607026;0.00229816;0.00237557;0.772873;1.33915e-07;0.000499025;2.36823e-08;0.000292426;1.50715e-06;1.61905e-06;0.154945;0.0036409
1.90496e-07;3.74391e-06;0.999978;1.995e-07;1.80048e-08;5.55946e-09;1.29205e-08;1.17014e-06;1.34955e-09;1.9075e-09;2.08313e-07;1.02285e-07;1.60942e-05;9.9349e-09
1.65364e-07;7.96837e-06;0.000117915;0.000131991;3.00058e-07;4.49138e-06;2.69044e-10;1.25736e-06;7.59914e-06;2.1518e-08;6.84417e-05;0.999641;9.0273e-06;1.02489e-05
3.56141e-06;0.999838;4.69622e-07;1.02924e-06;3.86071e-07;4.82328e-07;2.7319e-08;0.000101956;1.86496e-09;2.83287e-07;7.20897e-07;2.52606e-06;4.08648e-05;9.18665e-06
4.65969e-09;7.54731e-06;1.89579e-09;4.01936e-09;0.000430452;1.25204e-08;1.24769e-11;0.999434;1.00591e-10;2.40288e-09;1.91117e-09;0.000126341;1.23947e-06;5.77585e-07
3.70602e-10;2.66014e-07;0.999969;4.28093e-07;5.33988e-07;2.96262e-05;8.4916e-12;3.05884e-10;1.64115e-11;7.71154e-09;2.2735e-09;2.32018e-10;6.34901e-08;3.18603e-07
9.83306e-05;0.0331892;0.000595502;2.40051e-05;6.70828e-06;9.20496e-05;4.33545e-07;0.0419028;3.42914e-05;2.66123e-06;0.000358726;1.55259e-05;0.923678;1.27583e-06
