1.59128e-05;0.998833;1.54155e-08;1.95666e-06;6.18142e-07;6.04058e-07;5.92792e-07;0.000318201;5.38941e-05;4.14644e-07;2.27373e-05;1.06444e-05;0.000722007;1.96978e-05
7.38881e-05;0.000935289;8.02903e-07;1.58416e-07;5.4794e-06;1.02748e-07;6.63167e-06;0.998831;0.000113438;4.92584e-06;6.07062e-07;2.13358e-07;4.72151e-06;2.31651e-05
1.16863e-05;0.968835;2.02832e-07;1.13112e-06;1.04615e-05;1.6168e-08;0.0301173;0.00028005;0.000124251;0.000163528;2.05473e-06;8.26605e-05;4.32381e-07;0.000370798
2.45426e-10;3.31489e-10;1;5.72943e-10;1.03945e-10;3.73351e-11;1.64459e-08;7.31976e-12;9.97507e-10;2.25318e-11;5.11265e-10;1.64407e-07;1.93718e-10;4.43789e-12
2.78451e-05;0.723686;0.000105416;2.79713e-06;3.26917e-05;3.91917e-06;2.1432e-06;0.00177317;2.06016e-05;1.08298e-07;2.72091e-05;0.00529812;0.268951;6.95069e-05
1.52938e-08;0.995901;4.90267e-09;3.90707e-06;8.06391e-05;5.17622e-05;5.20847e-09;0.000781098;2.43792e-08;1.35165e-07;7.59862e-07;0.000295279;7.88593e-05;0.00280619
7.5589e-08;0.0095382;5.01103e-06;1.42732e-09;2.26995e-10;4.82419e-10;6.96734e-08;7.55933e-08;2.42086e-10;2.1985e-10;1.24125e-08;0.990329;0.000127519;7.58875e-09
3.91547e-06;0.403998;8.75117e-09;4.74726e-07;1.61082e-06;0.000133439;6.59515e-06;0.311446;0.000159311;3.00827e-07;2.8375e-05;0.000106773;0.284111;4.39715e-06
5.25575e-09;7.96729e-08;1;1.01952e-08;8.49843e-09;9.32832e-09;8.79112e-09;6.56479e-09;2.70498e-09;7.50193e-10;9.03108e-10;1.36184e-07;3.48079e-09;9.05849e-09
6.61388e-07;0.000444227;0.010568;1.48303e-05;1.13205e-06;0.000223128;4.64398e-09;0.000126849;4.6993e-06;6.44393e-08;2.2161e-05;0.987756;0.000808533;3.02137e-05
6.47118e-07;0.004417;6.28521e-07;7.21219e-08;1.57526e-06;0.00020743;9.04227e-09;0.000354979;2.42665e-08;2.09275e-08;5.35645e-06;1.79256e-05;0.994984;1.02513e-05
1.9506e-08;0.0099223;9.8104e-10;3.39629e-07;3.22407e-05;0.000813224;8.12473e-10;0.000140907;1.26065e-08;5.26132e-08;2.66501e-06;0.985274;0.00362502;0.000188808
7.55461e-09;3.29705e-06;0.999972;3.03969e-08;1.24343e-06;1.31473e-06;1.25556e-07;4.92664e-07;3.34851e-10;9.26013e-08;1.92034e-09;2.15401e-08;2.1653e-05;1.06637e-07
1.10369e-06;0.200922;2.19058e-07;5.78034e-06;5.56928e-06;2.19086e-05;2.41262e-06;0.00155547;0.00012343;9.79021e-09;0.000290971;8.10747e-07;0.797071;9.60651e-08
3.5532e-07;0.996172;1.13754e-07;2.10275e-07;2.2341e-05;5.5867e-06;7.97565e-09;0.00232189;1.93567e-08;4.97953e-06;2.48846e-09;8.4364e-10;0.000336473;0.00113606
1.85549e-13;2.622e-11;1;7.06898e-14;1.1936e-13;1.80576e-14;1.53142e-12;3.37339e-15;4.66542e-16;9.82447e-13;1.65677e-15;4.89128e-10;1.29693e-13;4.33703e-13
1.37212e-08;4.70153e-06;5.8168e-07;6.91059e-08;2.05583e-06;2.12335e-07;4.0034e-09;5.6567e-05;7.95329e-07;5.1652e-09;4.73436e-06;0.999702;1.1258e-05;0.000216782
3.64466e-06;0.56469;9.41552e-10;7.55244e-07;1.40976e-05;2.56815e-06;2.48697e-06;0.0136988;3.63087e-06;4.27501e-08;3.4025e-05;2.60429e-05;0.421468;5.63155e-05
6.36958e-06;0.520115;0.000556902;4.51239e-06;8.72487e-06;1.13814e-06;1.61665e-07;0.287828;8.22672e-08;4.06991e-07;6.59938e-07;0.1805;0.0109764;1.82724e-06
6.50372e-06;0.723846;0.000108783;0.000112401;0.0242994;1.69576e-05;2.1513e-07;0.122298;3.76121e-05;5.6546e-07;2.13423e-06;0.107496;0.00419598;0.0175794
2.2105e-06;0.155769;4.66428e-07;1.06792e-06;6.67497e-05;8.27783e-06;6.71772e-06;0.813055;3.06794e-06;5.54642e-06;1.28352e-06;1.93622e-05;0.0310342;2.74412e-05
8.3849e-12;5.05745e-12;1;2.61551e-11;1.03469e-10;7.32916e-12;1.44314e-11;1.77321e-12;1.71986e-12;1.61415e-11;1.91144e-12;1.89967e-08;8.7662e-12;2.12436e-11
1.19778e-07;7.96571e-06;0.998348;5.60382e-07;2.41032e-07;1.10189e-06;1.29955e-08;0.000100283;1.72985e-07;1.75934e-08;3.92037e-07;0.00153655;1.45617e-06;3.41175e-06
5.11513e-08;0.000399557;0.000193975;3.50333e-08;8.27689e-06;0.000266183;1.53413e-11;3.3257e-07;1.62014e-10;3.37435e-08;4.0065e-10;5.00992e-05;1.42426e-06;0.99908
2.18088e-06;0.000948714;1.89461e-10;5.5998e-08;1.48687e-06;1.35209e-06;1.05451e-09;0.327831;1.71686e-06;1.02589e-09;4.8444e-07;3.73645e-06;0.671207;1.36013e-06
6.09938e-06;0.0108993;1.29895e-07;4.16614e-09;1.05296e-05;9.18256e-09;1.06882e-11;0.98262;2.6635e-10;9.74216e-10;6.16967e-11;4.76107e-05;0.00641235;3.7757e-06
2.24543e-07;0.983036;0.00286138;5.39207e-06;8.37491e-05;1.09113e-05;1.07662e-05;0.000883143;7.71823e-09;7.20033e-05;1.65243e-08;0.00393147;0.00572858;0.003376
3.26078e-11;3.40939e-09;1;3.01348e-10;1.49251e-09;9.70213e-12;1.0333e-08;6.68231e-12;1.85731e-12;1.21844e-10;4.81806e-11;7.41178e-11;7.86927e-12;5.18301e-11
5.39918e-06;0.000214115;0.992627;1.90372e-06;9.87993e-05;8.39291e-07;1.50655e-07;3.30715e-05;1.63277e-07;1.28846e-07;1.70336e-07;0.00581234;2.82799e-06;0.00120321
3.15144e-07;6.58977e-06;5.75569e-08;4.94396e-08;0.00717699;0.000915545;9.45875e-10;2.74664e-05;4.46129e-08;1.34474e-08;1.06313e-09;1.23189e-08;9.78716e-08;0.991873
0.000149173;0.0252606;0.0126416;4.52265e-06;0.00387498;3.55484e-05;1.49716e-10;0.000186775;3.46361e-08;6.11445e-08;3.41048e-09;0.957164;0.000634911;4.77795e-05
1.79996e-07;0.999927;4.01132e-11;9.9492e-12;1.30433e-08;4.45947e-11;3.86714e-08;2.58308e-05;2.10687e-10;5.97222e-09;4.61736e-13;1.3216e-12;2.20572e-08;4.75117e-05
1.41078e-13;2.09324e-13;1;4.90053e-14;3.78092e-11;2.43579e-12;6.84672e-15;3.5077e-14;2.75263e-16;2.82294e-14;1.61572e-17;6.14064e-09;8.44275e-15;1.15652e-12
1.7093e-08;0.00084807;2.72247e-07;4.61513e-08;3.11624e-07;3.75025e-06;1.28154e-08;0.998327;7.48951e-08;1.34784e-08;2.21618e-09;4.73077e-10;0.000819485;4.69835e-07
1.47868e-10;6.6594e-09;1;2.11261e-09;3.98133e-09;2.82312e-11;1.79888e-10;1.07649e-08;7.18594e-11;1.10947e-10;4.0222e-11;4.31141e-11;4.89901e-11;1.39389e-10
4.70199e-08;7.88407e-07;0.985682;5.95395e-06;1.58427e-08;3.23421e-08;1.01201e-08;3.42255e-06;6.61932e-07;1.8255e-08;2.60019e-07;0.0143057;3.41179e-07;4.73768e-07
9.15895e-07;0.00252242;6.444e-06;5.51374e-06;0.000427536;0.000273903;1.28069e-07;1.08288e-07;9.78062e-09;6.2843e-07;8.0712e-08;1.47481e-07;4.4771e-07;0.996762
6.80216e-08;1.82176e-06;5.11471e-09;4.01149e-10;0.00156599;1.10713e-09;8.17168e-11;0.998413;1.07541e-08;2.02332e-10;2.96908e-10;1.74799e-05;9.85387e-07;4.49438e-07
1.00331e-09;1.22256e-07;1;6.12375e-09;5.16394e-09;2.91163e-09;4.39198e-13;4.60179e-11;1.07044e-11;4.91162e-10;1.11625e-11;6.47719e-11;4.2347e-10;3.77695e-10
0.00137109;0.0245819;0.000733943;6.68776e-05;4.36003e-06;3.15315e-06;1.50079e-06;0.942684;0.00172979;9.83644e-06;0.00122212;0.00793309;0.0196569;1.79089e-06
