1.18605e-06;0.996565;8.70557e-09;4.17917e-07;1.71989e-07;9.97518e-07;0.000283775;0.000191665;6.90365e-07;4.50916e-05;1.53872e-07;2.49251e-10;0.00289708;1.36566e-05
1.07665e-11;6.23844e-13;1;1.68923e-09;2.38825e-09;7.25616e-10;1.54128e-11;5.94213e-13;1.33735e-12;1.14969e-10;2.11187e-12;1.9268e-07;9.68665e-14;2.09428e-09
4.38451e-06;0.953398;1.84639e-07;5.05997e-05;9.84077e-05;6.59256e-05;9.25658e-05;0.00980887;5.23022e-05;3.78233e-07;2.16575e-05;4.681e-06;0.0363983;3.74331e-06
2.85028e-06;0.999205;3.35846e-06;8.76039e-06;3.64814e-06;1.42699e-06;1.09742e-05;4.54171e-05;3.36089e-06;9.64163e-08;2.07294e-06;4.78724e-06;0.000383987;0.000324447
5.19989e-06;0.00025147;1.21909e-06;1.09398e-05;0.000162852;0.000102839;3.47464e-08;0.998799;1.32746e-06;3.89007e-07;2.00872e-06;7.02807e-05;0.000302468;0.000290144
1.93789e-05;0.999002;6.2555e-08;3.36545e-06;5.04128e-06;8.60766e-08;1.11656e-06;0.000338352;5.04755e-06;1.71163e-07;3.07017e-05;0.000404691;0.000181414;8.6064e-06
2.10726e-06;0.258126;1.67578e-11;1.00137e-08;2.61939e-05;7.30824e-08;3.98841e-08;0.741122;1.97043e-06;2.13049e-08;2.94515e-07;3.94852e-06;0.000716684;6.81587e-08
6.16526e-06;0.00054758;0.176633;0.0004291;0.0164418;0.00321525;2.79871e-07;3.31746e-05;4.51472e-07;8.20588e-05;1.29068e-06;0.762189;0.00149073;0.0389303
0.000714321;0.456875;3.1315e-07;2.12304e-05;0.000246239;3.51456e-06;0.000205137;0.0824815;0.0637933;1.65575e-07;0.292695;0.00231755;0.100519;0.000127242
3.28754e-05;0.110324;0.884886;4.99569e-05;0.000260039;0.000117303;4.66429e-06;8.92088e-06;3.61559e-06;2.6227e-05;6.27718e-06;1.97521e-06;0.00375869;0.000519235
1.09794e-05;0.985948;0.000283922;1.03509e-06;2.68628e-05;2.91904e-08;6.33355e-09;0.000427025;1.02996e-07;5.65314e-08;1.63275e-07;0.0128717;0.000375834;5.44275e-05
6.91477e-06;0.954269;3.8031e-09;2.66355e-07;0.0113088;5.94766e-05;1.54579e-06;0.0330981;4.7323e-05;3.03081e-07;2.21562e-06;0.000576878;0.00059967;2.90514e-05
6.5618e-05;0.0155075;0.0213957;1.25128e-05;0.00298095;6.10185e-05;1.09171e-06;4.21929e-05;1.1121e-07;2.02037e-05;9.7776e-07;0.92471;0.0178263;0.0173754
4.74797e-06;0.998158;2.02176e-08;6.02396e-08;2.81727e-07;1.46754e-07;2.80825e-08;0.00144921;1.94039e-06;3.76215e-10;2.56319e-06;0.000228459;7.98783e-05;7.50193e-05
6.5267e-07;0.999847;1.50936e-10;9.11774e-08;2.52904e-06;1.64393e-08;3.32316e-07;5.1396e-05;4.0987e-08;2.52835e-07;6.56458e-08;5.30361e-06;1.31162e-05;7.92196e-05
0.000356668;0.980004;2.81061e-09;4.8236e-07;2.30479e-05;1.35902e-08;2.24095e-07;0.00391601;1.20487e-07;6.09294e-07;9.40729e-08;0.0153392;0.000359199;6.48104e-08
0.000224583;0.00552256;0.0251844;0.00215271;0.0128412;0.0374366;9.53102e-06;4.70555e-06;2.76552e-06;0.000213059;1.81757e-06;0.00125483;0.000404848;0.914746
0.00135095;0.808765;1.57429e-06;3.28473e-07;6.88492e-08;1.93923e-07;0.185787;4.46067e-05;3.59664e-05;0.000877439;1.35183e-05;2.07129e-09;0.00300095;0.000121992
1.47879e-10;2.04564e-10;1;9.26602e-11;6.60777e-09;7.93968e-09;9.81392e-09;1.29076e-11;3.84086e-10;3.83728e-09;1.41824e-11;5.28989e-13;7.13558e-11;2.0682e-11
4.0077e-10;8.92958e-10;1;2.63006e-10;1.69144e-10;7.874e-11;9.79805e-09;6.67451e-10;6.30472e-09;1.17641e-10;1.70627e-09;1.30471e-09;2.3931e-11;1.41895e-10
9.19915e-09;3.29506e-07;1.64202e-05;1.0696e-07;2.25542e-07;3.91023e-07;5.55307e-11;9.15937e-07;6.89582e-07;9.23531e-09;2.93858e-07;0.999969;4.37871e-07;1.07184e-05
8.78268e-06;0.86582;3.48742e-07;2.44122e-06;4.44719e-06;0.000649884;2.37877e-05;0.000254294;3.79629e-06;1.80504e-06;0.000121064;1.36702e-05;0.133064;3.16499e-05
1.28027e-05;0.153772;0.00140179;3.61002e-05;0.000881941;0.000399825;1.15609e-06;0.0770068;5.06152e-06;1.47763e-05;1.32569e-05;0.718193;0.0036584;0.044603
5.2829e-06;0.885219;2.81108e-09;1.08884e-06;7.86812e-05;1.17118e-05;1.35008e-05;0.112723;3.84685e-06;3.31423e-07;2.62565e-06;6.82728e-07;0.00184541;9.42396e-05
7.01995e-05;0.630229;0.123789;2.38728e-05;0.00339957;0.000119038;6.23495e-08;0.000488794;2.12069e-08;7.67608e-06;3.35184e-08;0.235748;0.00194878;0.00417576
9.01277e-07;0.874386;1.82367e-07;1.37118e-06;5.64677e-07;1.93025e-06;6.81709e-09;0.0135893;5.26985e-06;1.03629e-09;1.59242e-06;0.107689;0.00432434;3.49566e-07
7.55724e-07;0.0513643;2.79812e-08;7.81902e-07;2.60137e-05;3.83069e-05;1.00219e-08;0.000802553;1.71541e-08;1.665e-07;1.86029e-09;0.0006727;0.947089;5.07423e-06
5.14713e-05;0.0671155;3.02772e-06;0.000111509;0.00210248;3.92914e-05;4.2403e-06;0.902947;4.10536e-05;6.08872e-06;3.96475e-06;0.02588;0.000245673;0.00144835
1.81999e-05;0.960121;0.0256492;0.000105923;0.00138045;1.58877e-06;1.03243e-05;7.33597e-06;2.72026e-08;7.56921e-06;6.23231e-07;0.011028;0.00123665;0.000432969
0.00053494;0.0350548;1.89262e-07;8.9198e-05;0.000164492;4.00433e-05;0.0113538;0.00258991;0.0355709;4.8343e-06;0.0319023;0.863624;0.00828599;0.0107845
2.89107e-05;0.999117;3.78012e-06;8.49031e-07;1.56353e-06;1.12537e-06;5.37962e-06;7.55214e-05;4.41665e-06;4.48273e-07;2.52503e-06;0.00013493;0.000563284;6.01522e-05
0.000253258;0.886622;1.4013e-05;3.57646e-05;0.000107516;5.78463e-05;0.000483825;0.00784216;0.000359915;0.000554293;2.64279e-05;1.41536e-05;0.00648184;0.0971472
1.36385e-12;1.13161e-12;1;4.87652e-13;4.05003e-12;7.786e-11;1.28636e-13;6.26557e-15;2.8619e-14;3.717e-12;3.29643e-15;4.65439e-08;2.74377e-14;9.48949e-10
1.17441e-05;0.544752;2.24248e-06;2.82307e-08;1.13343e-06;1.19238e-07;6.67344e-07;0.0440429;1.90081e-06;3.45879e-08;1.02505e-06;0.000164599;0.411022;2.70435e-09
4.46324e-06;0.0781144;5.99086e-06;0.00132813;0.000588018;0.553772;6.97507e-05;0.00027204;0.00283839;0.00123517;0.00454207;0.0159232;0.290244;0.0510626
0.000592945;0.0851124;0.306237;0.0119361;0.0197145;0.000826724;0.22447;1.20294e-05;0.000341729;0.106737;7.86031e-05;0.000973022;0.00116433;0.241804
9.31717e-08;1.12467e-08;0.999992;3.07164e-09;4.45943e-09;3.82515e-10;7.38923e-06;2.09609e-11;1.17056e-07;6.73973e-09;6.13509e-09;7.19201e-07;1.10671e-10;7.72336e-09
9.1375e-05;0.7667;2.05708e-06;0.000106128;0.000912067;0.000222801;2.19741e-05;0.179879;0.0141906;3.68246e-06;0.00268936;0.0246086;0.00851701;0.00205508
1.85498e-05;0.324695;0.000108922;3.93711e-06;9.43494e-07;4.25644e-08;1.47797e-07;0.00286015;1.75092e-05;4.47779e-07;1.12725e-05;0.664436;0.00784674;3.77547e-07
2.55524e-06;0.232215;1.39236e-10;1.47134e-05;0.000326218;2.26883e-07;2.85698e-07;0.749513;0.000190315;4.40424e-06;9.65554e-06;0.000485604;0.0172276;1.03509e-05
0.000836051;0.0164859;0.622944;0.0419139;0.0277378;0.0033897;0.00108302;0.00025942;0.000976143;0.0782608;0.00998461;0.0526453;0.060933;0.0825498
0.00111688;0.979568;0.0139143;1.12499e-05;9.06675e-05;7.09644e-06;3.74918e-06;0.00412758;2.22297e-06;9.43967e-06;1.06317e-06;1.56483e-05;0.000113621;0.00101803
2.72245e-08;3.00389e-09;1;2.05918e-09;5.23014e-08;3.78044e-10;4.13194e-08;1.09415e-08;7.16654e-09;1.32462e-09;7.9777e-10;2.9478e-08;3.28357e-09;5.07956e-10
6.73224e-06;4.19985e-05;0.989984;8.39558e-06;2.24577e-05;2.43769e-06;1.25733e-07;0.00488538;1.74305e-05;3.5866e-07;8.70635e-06;0.00497787;2.46269e-05;1.96475e-05
9.58292e-08;3.17981e-05;6.25736e-05;6.25245e-08;1.09166e-05;0.000136617;4.80162e-12;5.20666e-06;3.82435e-10;5.70156e-08;2.60094e-10;1.29228e-05;3.31748e-06;0.999736
6.14514e-06;0.0122579;1.21096e-09;3.27823e-07;2.13268e-07;7.46762e-06;1.35229e-08;0.0013754;7.31013e-06;3.0771e-09;6.46412e-06;0.000308743;0.98603;3.23006e-07
7.86228e-07;0.999936;2.56662e-09;3.34273e-08;6.41589e-10;1.71929e-10;1.37977e-08;1.04369e-05;1.81206e-08;2.62793e-09;2.45541e-08;1.60107e-06;5.12762e-05;5.57826e-09
1.04066e-08;0.99885;1.98729e-10;6.23092e-07;2.01451e-08;2.59595e-09;7.07829e-08;4.26326e-06;2.91225e-10;1.00699e-05;2.00416e-10;3.97934e-07;4.09982e-08;0.00113485
2.74046e-09;3.18195e-08;0.999996;7.48209e-08;1.88862e-09;7.39883e-09;1.3051e-07;3.81221e-10;1.24923e-09;4.77754e-09;2.12895e-06;1.23128e-06;2.07095e-08;2.98837e-09
2.52974e-06;0.979026;4.59471e-09;1.20664e-08;1.16191e-08;1.82586e-07;0.00423434;1.21203e-05;1.26582e-09;1.10593e-05;1.02863e-06;9.24652e-12;0.0167018;1.12424e-05
4.52432e-11;1.02059e-11;0.999952;1.13433e-10;9.49227e-10;6.29334e-10;7.29879e-09;6.15248e-13;2.51588e-12;8.39878e-10;3.70792e-11;4.83115e-05;3.15126e-12;5.64466e-09
1.40269e-06;0.996434;6.83713e-10;1.71498e-06;4.11323e-07;2.25176e-07;2.84671e-05;0.000671993;0.00049849;6.08868e-08;0.000195848;6.94791e-05;0.00209674;7.6465e-07
3.39348e-05;0.327337;2.92668e-08;0.00302228;0.00390471;0.00459728;0.000144545;0.00035801;0.00123845;0.00101473;0.00105321;7.99612e-05;0.651633;0.00558265
0.00014398;0.0391089;0.686413;0.00412613;0.000287495;6.45549e-06;1.21968e-05;3.00112e-05;1.15658e-06;0.000111769;3.21245e-06;0.267311;0.0022475;0.000197392
0.000102627;0.0179709;2.88557e-10;2.63841e-05;1.08512e-07;1.92532e-06;2.19931e-05;1.58479e-05;0.00799805;2.32207e-07;0.0012736;2.62549e-06;0.972586;1.74256e-08
1.21718e-05;0.992282;0.00372441;3.87399e-06;6.36902e-07;7.48101e-08;9.10551e-10;6.21972e-06;1.24077e-08;1.60576e-07;1.12107e-09;0.00387312;5.46403e-07;9.67912e-05
1.00216e-05;0.000725823;3.777e-14;1.21374e-08;0.000131875;3.31481e-08;5.33062e-07;0.998968;3.44146e-07;7.86468e-07;4.80744e-08;1.99708e-10;0.000138023;2.48927e-05
7.99545e-06;0.0036119;0.796638;0.0125172;0.00144026;0.000217729;2.56756e-07;7.35136e-08;1.19516e-06;0.000597952;2.10061e-05;0.18471;0.000160008;7.68377e-05
0.0220757;0.390764;5.59949e-06;0.000458336;5.21763e-06;3.28141e-06;0.000790097;0.0207457;0.0277483;5.77157e-05;0.514324;0.00636598;0.0166555;9.43939e-07
