9.77967e-07;1.505e-06;4.95788e-12;7.04691e-11;1.07423e-08;1.50964e-09;2.81842e-11;0.999993;5.19003e-08;1.27706e-11;7.62665e-10;3.0114e-08;4.598e-06;1.18014e-09
9.23291e-08;0.000248888;6.43294e-07;6.62374e-07;0.000200254;5.08822e-06;1.76104e-06;6.5994e-06;3.2208e-08;1.61143e-05;1.7064e-09;4.01562e-08;1.03539e-08;0.99952
4.85934e-12;1.40671e-11;1;9.14711e-12;3.9452e-13;1.55289e-12;1.22085e-10;2.62105e-14;7.1755e-12;2.59146e-13;1.03072e-11;3.3329e-11;5.87743e-13;9.01358e-14
8.46679e-06;0.992331;6.31555e-06;5.58736e-08;7.48645e-08;1.79584e-09;2.07818e-07;0.000501438;9.39998e-07;6.52844e-09;2.19591e-06;0.00335979;0.00378948;2.75394e-08
4.04666e-07;0.386173;3.95778e-05;2.88257e-05;6.79984e-05;4.01912e-05;5.74252e-07;0.0161937;4.84819e-07;2.61342e-05;2.09976e-06;0.459878;0.00176863;0.13578
4.03053e-06;0.280305;7.83178e-05;0.000419608;1.95509e-05;0.00718519;1.39075e-05;0.00434574;6.6348e-06;7.16382e-06;0.000377397;0.0161825;0.686201;0.00485398
3.6665e-07;0.96311;2.99084e-08;1.48667e-06;1.02435e-07;7.20936e-06;4.08002e-05;0.000492997;2.83453e-08;1.99221e-05;1.63454e-07;1.98014e-10;0.000248475;0.036078
3.0424e-11;4.83138e-10;1;9.5546e-11;4.15517e-10;5.13042e-10;1.61737e-09;1.76823e-12;1.94508e-12;1.19968e-09;1.31308e-12;3.23555e-11;2.60528e-11;6.25518e-11
2.87787e-07;2.87439e-05;0.999962;1.3648e-07;2.11096e-07;1.17857e-08;5.0304e-06;1.41794e-06;1.77851e-07;2.57829e-08;3.31095e-07;2.49174e-07;1.08429e-06;6.32625e-09
1.37753e-07;5.40014e-05;5.3105e-05;2.02661e-05;1.21671e-06;3.5723e-06;3.0354e-09;1.81979e-05;7.71132e-05;8.15394e-08;2.28402e-05;0.999659;2.7286e-06;8.74143e-05
4.46464e-06;0.982373;6.98248e-08;1.03083e-06;2.6262e-07;1.58287e-05;4.22047e-07;5.49489e-05;2.77471e-07;1.66376e-07;3.86979e-05;2.36563e-05;0.0173645;0.000122723
5.44447e-08;0.166989;4.20484e-08;1.39402e-08;6.17285e-06;7.20661e-07;6.82999e-08;8.76695e-06;3.28101e-12;1.10893e-05;9.91212e-11;2.00725e-06;2.43582e-06;0.83298
1.82708e-10;1.19412e-08;0.999956;3.99724e-09;1.05234e-07;1.61302e-07;1.67519e-09;6.12075e-11;8.13892e-11;1.02673e-10;9.48665e-11;4.32297e-05;5.65769e-10;9.89798e-08
1.84577e-09;0.996926;5.84041e-13;6.5655e-09;1.02548e-07;5.72362e-08;1.60844e-07;9.75274e-06;6.63004e-10;3.51487e-09;3.15795e-09;4.19409e-11;5.18391e-05;0.00301188
3.27039e-06;0.619407;1.91895e-07;1.61154e-05;7.13158e-06;0.000106952;0.000225979;0.00163559;6.32067e-05;1.04499e-06;8.00325e-05;2.00224e-06;0.378451;1.55428e-07
4.81276e-07;0.999446;1.37284e-06;6.19581e-07;2.18351e-08;4.96721e-08;1.7565e-08;0.000143022;1.24812e-08;9.16286e-08;2.29057e-08;0.000244798;0.000163858;1.49821e-08
5.29881e-10;0.999908;9.32503e-12;3.73685e-08;8.0418e-08;6.2848e-10;2.18903e-08;1.8403e-08;1.03232e-11;2.08547e-06;1.05799e-11;7.71987e-09;9.51296e-09;9.00283e-05
2.27508e-07;9.81457e-07;0.999932;3.57194e-07;3.07162e-08;6.58883e-06;1.77934e-05;6.54627e-06;4.90853e-08;1.34158e-06;6.30665e-06;3.87571e-09;2.83098e-05;2.25267e-09
1.44696e-10;8.53578e-11;1;4.83146e-11;1.45405e-10;1.87392e-11;2.43141e-09;2.4269e-11;1.0604e-11;9.4576e-12;5.80738e-11;7.64237e-10;1.82865e-11;1.49124e-12
9.35589e-09;3.10708e-08;0.99991;5.73668e-10;5.53382e-10;1.84246e-09;3.34621e-10;1.42706e-08;2.93173e-09;1.79576e-10;5.56684e-10;9.03824e-05;4.26121e-10;4.29506e-09
1.05616e-07;4.00335e-06;5.51796e-08;1.97798e-09;0.000370283;0.000178442;2.12986e-09;1.18823e-07;5.0494e-08;9.31233e-09;4.46485e-08;2.67089e-06;1.08337e-05;0.999433
5.87649e-05;0.995636;8.87098e-05;1.09643e-08;0.00010124;1.84039e-07;1.53762e-05;1.2569e-05;2.01294e-08;6.27456e-05;1.64109e-09;6.88189e-06;8.03202e-05;0.00393758
7.98791e-11;6.30517e-10;1;6.58058e-11;5.2873e-09;2.16794e-09;5.71378e-11;2.20839e-10;9.38992e-11;5.36269e-11;1.38341e-11;2.35747e-08;1.62736e-10;3.42766e-12
4.63151e-07;0.998001;0.000759612;4.96619e-08;5.54186e-07;3.40663e-09;1.10733e-07;0.0012013;1.19269e-08;2.18805e-07;5.87891e-09;5.67727e-07;2.56279e-06;3.35446e-05
2.42798e-10;7.93705e-08;1;2.35871e-11;6.08001e-09;1.6459e-10;1.34013e-09;7.06345e-09;2.87434e-11;6.26428e-11;1.39871e-12;9.05911e-09;6.01431e-10;6.96805e-11
4.9341e-07;5.94954e-05;1.41279e-07;2.2946e-06;0.00012499;1.40841e-05;2.21851e-06;0.996967;0.00146021;6.1295e-07;2.58195e-05;6.77833e-05;0.00109417;0.000180744
1.42252e-08;0.99994;3.31043e-05;1.3696e-08;5.01011e-09;2.27814e-09;6.79341e-09;9.60244e-06;8.34534e-11;4.37567e-09;8.99102e-11;2.76714e-08;1.70667e-05;7.1444e-09
1.01207e-09;2.85358e-07;1;3.50762e-09;9.2654e-09;5.9343e-10;3.60674e-08;9.611e-10;7.00003e-11;1.09786e-09;4.69826e-11;4.30712e-08;3.79696e-10;2.54934e-08
5.40183e-08;7.89009e-06;0.000344376;8.22741e-07;4.56945e-07;4.43064e-06;9.58631e-09;8.12225e-07;7.29732e-07;3.28502e-08;5.01413e-06;0.999591;1.6366e-06;4.26429e-05
4.44983e-06;0.997427;3.2242e-06;2.48328e-08;4.27071e-07;6.1858e-05;4.39285e-07;1.7431e-05;2.36082e-08;6.55839e-08;2.03187e-08;7.98219e-07;0.00235258;0.000132064
4.41815e-09;5.54846e-05;3.21274e-06;1.0726e-08;6.64046e-06;1.56033e-06;2.15007e-11;4.92889e-05;9.08245e-10;7.39319e-09;6.34651e-10;0.999676;0.000176879;3.08219e-05
8.0556e-08;0.00491509;1.01506e-08;5.99511e-07;4.37571e-05;0.000159251;7.87227e-09;0.98969;1.49723e-05;1.21196e-08;1.55591e-07;3.64988e-09;0.00517474;1.53092e-06
3.80958e-08;0.999859;9.77912e-05;4.56996e-08;2.0874e-07;6.4056e-08;7.77227e-11;2.03635e-05;3.47687e-12;4.20925e-08;4.02607e-12;7.20874e-09;2.22506e-05;3.91007e-07
1.17863e-09;5.00596e-07;0.999999;1.3404e-08;8.69389e-09;3.31864e-09;9.87134e-10;1.62439e-10;1.67213e-12;1.89046e-09;6.05995e-11;8.05924e-07;4.56278e-08;3.17664e-09
2.99393e-07;2.9694e-05;0.00662711;1.99116e-06;3.30323e-06;6.73435e-06;2.26645e-09;0.000140346;2.96836e-08;1.42014e-07;5.1897e-07;0.993009;6.78505e-05;0.000113352
3.61317e-05;0.43634;2.03416e-06;6.87368e-05;0.00404111;0.0540775;1.99071e-05;0.217696;7.30416e-05;1.62389e-05;0.000842531;3.92974e-06;0.253723;0.0330609
5.37662e-07;0.0952156;9.9727e-08;4.41919e-07;0.00084334;0.00216781;1.70475e-08;0.839763;3.14686e-08;5.8058e-07;3.85124e-08;1.16611e-06;0.0613001;0.000707363
1.06965e-11;2.24935e-10;1;4.44637e-11;4.65574e-10;1.24749e-10;7.73644e-12;1.08236e-10;1.28943e-13;1.12705e-11;8.64155e-14;9.04678e-10;1.22978e-11;1.05927e-09
9.30618e-06;0.0863386;0.00025687;6.79561e-05;1.23985e-05;3.66248e-05;1.2133e-06;0.0280938;5.71263e-05;5.44341e-07;0.000167215;0.496873;0.388065;2.0067e-05
4.83972e-07;0.998923;8.7373e-08;2.92833e-06;2.23668e-06;1.34999e-05;7.49882e-08;0.000660514;3.75806e-07;5.42463e-07;4.97781e-07;9.2361e-06;0.00032819;5.81007e-05
9.56746e-06;0.515215;3.76392e-06;4.58404e-06;5.39659e-06;3.74878e-06;3.32231e-06;2.19815e-05;4.52946e-08;6.60847e-07;7.66869e-07;0.00800862;0.476718;4.31055e-06
2.87547e-07;0.888651;5.22745e-10;2.51592e-07;0.000611763;5.52155e-07;2.37662e-06;0.110517;1.32672e-07;4.33461e-07;1.28053e-07;0.000136246;7.87693e-05;1.02526e-06
2.82848e-06;0.00547359;0.90483;1.01962e-05;0.00121406;8.83904e-06;1.2225e-07;0.000120109;9.79254e-10;6.50392e-07;3.70877e-08;0.0882105;2.79507e-05;0.00010078
4.69803e-06;0.954177;2.73519e-08;2.64432e-06;1.37612e-05;1.582e-05;2.04317e-06;0.038002;3.63977e-05;4.7608e-09;9.02732e-05;0.00390879;0.00327587;0.000470513
2.96237e-06;0.989103;8.9672e-08;3.43973e-09;3.11368e-08;3.4403e-09;1.41411e-07;2.7833e-07;6.71446e-10;9.05183e-09;9.65788e-10;0.0107298;0.00015851;5.38795e-06
5.2438e-06;4.82795e-05;2.35312e-08;2.08914e-06;0.0679181;4.7588e-05;2.29e-07;0.00222011;0.000472696;2.03619e-08;6.84417e-06;0.928867;2.70568e-05;0.000384378
4.8077e-06;0.786694;0.0104271;2.83149e-07;1.01962e-05;2.45357e-07;4.11567e-09;9.81229e-06;7.11983e-10;4.16839e-08;4.43511e-09;1.35333e-05;0.202837;2.43226e-06
0.00017373;0.163644;3.55299e-05;2.50765e-05;0.000128867;2.95351e-05;5.14852e-06;0.0901064;0.00830186;1.82503e-06;0.00122868;0.72901;0.00721328;9.59215e-05
0.000375745;0.85504;0.00010824;0.00121143;0.000837878;0.00263529;9.59958e-05;0.0677961;0.000451565;0.000654145;0.000128422;0.01237;0.054603;0.003692
0.000895368;0.233723;0.000634394;0.000813273;0.000737392;0.00175561;0.000119678;0.00173451;3.81605e-05;0.000133321;2.92271e-05;0.700182;0.0571143;0.0020898
2.00087e-05;0.846531;2.53198e-07;6.04771e-06;0.000121049;0.000277773;5.89895e-08;0.0105288;1.66156e-06;9.18208e-07;9.05563e-07;0.000272331;0.0837884;0.0584508
1.7183e-05;0.969055;6.67474e-07;1.21962e-06;3.64423e-06;4.49139e-07;0.00303916;3.91529e-08;1.0576e-06;0.000988878;3.33517e-06;2.39096e-05;0.000138773;0.0267264
6.65166e-08;8.15028e-09;0.99998;1.35434e-07;2.46314e-07;1.74723e-08;1.70912e-05;2.57284e-11;2.38791e-06;1.98152e-07;1.72784e-07;7.92796e-08;5.20003e-11;1.8977e-08
5.8309e-07;0.999722;1.09919e-08;8.09237e-07;5.85318e-10;1.02659e-08;2.43281e-07;2.70872e-06;1.69964e-07;7.92837e-09;5.51974e-07;1.88774e-06;0.000270903;7.68356e-08
2.71592e-07;0.995995;2.30824e-08;4.19586e-08;2.39225e-10;2.50911e-09;7.98593e-06;2.93e-08;2.11123e-08;2.07624e-08;1.43972e-07;3.9953e-05;0.00395691;1.4413e-09
1.08353e-06;0.0335149;2.02537e-06;7.41929e-05;0.000236216;1.83032e-05;2.47799e-06;0.0019697;2.11231e-05;1.72915e-06;8.16259e-05;0.961927;0.000634692;0.00151473
8.8984e-05;0.236232;2.03486e-06;0.000802269;0.0143466;0.0261513;0.000159991;0.382857;0.00017758;0.000124782;0.00126915;0.00108315;0.0317451;0.30496
0.00019523;0.93643;0.00256416;2.5539e-05;2.3851e-06;5.19096e-05;0.00172182;0.0116643;2.02167e-06;8.43133e-05;4.86847e-06;0.0465438;0.000587253;0.000122643
1.23586e-05;0.937231;3.95611e-05;0.000647994;7.56467e-06;0.000128826;1.19391e-05;0.0113195;0.000466458;1.05547e-06;0.00158315;0.0441709;0.00061983;0.00375988
0.000129447;0.0307178;1.5966e-07;1.91596e-08;3.61559e-07;1.65804e-08;8.69383e-09;0.968456;1.68338e-07;2.05742e-08;7.49468e-08;0.000124646;0.000565947;5.03537e-06
1.14254e-07;0.00132364;1.906e-07;8.75558e-08;0.000233541;1.01562e-05;1.82366e-09;6.45943e-05;3.83124e-08;4.63049e-08;1.23935e-07;0.993216;8.20013e-05;0.00506924
1.30133e-06;0.99693;3.29845e-09;6.43957e-09;7.42534e-09;1.32059e-09;0.00187511;3.35495e-08;8.79796e-08;2.42671e-05;2.39229e-07;1.78014e-08;0.00116344;5.8017e-06
1.93839e-07;1.77676e-08;0.999972;7.40261e-08;2.3415e-07;9.22493e-08;2.1018e-05;3.6215e-10;4.0506e-06;6.45986e-08;4.37096e-07;1.80948e-06;3.02068e-08;8.41978e-10
9.76084e-08;0.999983;3.29891e-06;4.04903e-08;1.18236e-09;2.19566e-10;4.56756e-08;5.50138e-07;1.18831e-09;6.37782e-09;2.11574e-09;4.45045e-07;1.27718e-05;6.38608e-08
1.34395e-05;0.932727;1.57778e-07;5.26091e-05;3.29776e-05;3.09315e-06;1.3343e-05;0.00601507;0.000213889;8.52725e-06;0.000223139;0.00157451;0.0590988;2.3234e-05
0.000775327;0.128019;0.00011504;0.0606159;0.0645635;0.0304957;7.038e-05;0.166303;0.000885509;0.00215814;0.0089731;0.371967;0.118288;0.0467705
3.42048e-05;0.771352;1.058e-07;3.13003e-05;2.56167e-06;0.00117511;9.47217e-06;0.00429771;1.34475e-05;1.59259e-06;6.48058e-06;6.04576e-05;0.222972;4.36307e-05
9.57283e-06;0.946902;1.42131e-07;1.12459e-06;1.43e-06;1.89786e-06;0.000856477;3.29876e-05;8.3383e-07;0.000325122;3.09289e-06;3.84472e-07;0.0516697;0.000194967
1.0833e-09;3.44922e-08;0.999999;5.62326e-09;2.26172e-07;3.59137e-07;7.42598e-08;1.51671e-10;8.491e-10;2.61365e-08;1.99418e-10;4.35711e-12;3.32527e-10;8.5131e-09
2.6069e-09;1.87963e-07;0.999999;8.10471e-09;3.95662e-09;5.29909e-10;3.06726e-08;7.76745e-09;4.03498e-09;1.13785e-09;1.35193e-08;3.71893e-07;6.90135e-10;1.96708e-07
7.94508e-09;5.08278e-06;2.62253e-05;1.696e-06;1.23993e-06;5.46744e-07;1.64322e-10;7.43857e-06;2.39098e-06;7.55292e-09;3.86673e-06;0.998755;2.05559e-08;0.00119618
1.97907e-07;7.6208e-06;3.86715e-09;5.28791e-09;2.651e-06;2.11225e-06;4.43108e-10;0.999971;1.79457e-08;1.41431e-09;5.87144e-08;1.0465e-11;6.54971e-06;9.39203e-06
9.36212e-10;1.89549e-06;0.000163571;1.54714e-08;2.17794e-05;2.08505e-06;3.01097e-13;4.73883e-07;1.09285e-10;6.13308e-12;3.13392e-09;0.999798;4.54461e-08;1.22679e-05
2.52949e-10;0.999739;2.24872e-11;2.29145e-11;8.14426e-09;3.70664e-08;9.07611e-09;1.65192e-06;9.49642e-13;2.43209e-09;2.49046e-12;8.24528e-14;0.000160627;9.84243e-05
2.88944e-12;4.99322e-11;1;7.57758e-11;1.85244e-08;5.14138e-08;8.66454e-12;9.37435e-12;9.30448e-14;1.15652e-10;1.34485e-12;2.63762e-08;1.43696e-10;3.03377e-08
8.18954e-07;0.238827;2.1262e-06;0.000734248;0.000191365;0.000809092;1.00442e-06;0.000649608;6.95043e-06;8.05189e-07;0.0010292;0.000212165;0.756948;0.000587833
9.55039e-08;5.33576e-06;1.87929e-11;1.9822e-10;4.55294e-08;1.04585e-09;2.26327e-12;0.999985;8.91384e-11;5.43152e-11;1.53411e-10;1.40667e-09;9.42311e-06;1.53631e-09
4.95693e-09;3.72402e-06;5.15427e-07;1.14173e-05;0.000194203;0.00323963;4.60008e-10;1.72948e-06;8.69268e-10;3.37515e-08;2.35027e-09;0.00152915;3.31803e-05;0.994986
3.07395e-06;0.0398842;2.13694e-08;2.44699e-06;7.32607e-08;1.89825e-07;7.72332e-07;0.000104992;1.97267e-06;8.33329e-09;0.000229266;1.99741e-05;0.959753;1.91985e-07
2.5243e-08;0.99814;5.45269e-12;2.07454e-08;2.16941e-07;5.60967e-09;2.04624e-05;5.36261e-07;2.81098e-10;1.63059e-06;2.28313e-09;2.73047e-11;1.05209e-06;0.00183648
2.13414e-11;9.53063e-12;1;7.45028e-09;4.3044e-08;1.04403e-07;1.45402e-09;1.78726e-13;8.00437e-13;4.49784e-10;1.97134e-11;2.82754e-07;1.64882e-13;4.39669e-08
2.28648e-06;0.982883;7.06029e-06;8.2861e-05;8.4053e-06;4.61351e-05;0.000244493;0.00470824;3.37792e-06;1.2789e-07;0.000131213;0.000367012;0.0115151;3.3654e-07
5.96698e-06;0.26304;9.05503e-06;0.000253841;4.72185e-05;7.2236e-05;0.000427528;0.00982266;0.000107658;1.78429e-05;0.0882977;0.000288122;0.637599;1.12332e-05
1.92641e-05;0.0144943;9.94712e-09;0.0862167;0.00265882;0.0161266;0.000109472;0.000413695;0.0110928;0.00216736;0.83805;0.0182905;0.00429847;0.00606197
0.0414624;0.667219;0.0462594;0.0250487;4.88806e-05;0.000127587;0.00089515;0.00284815;0.00184117;0.0036464;0.0991279;0.109269;0.00199978;0.000205637
6.45891e-05;0.787262;3.05552e-08;7.79603e-07;6.33565e-10;7.83495e-09;0.211108;2.61263e-07;3.52089e-06;0.000975756;0.00056278;9.99924e-09;1.34609e-05;8.90824e-06
7.84012e-09;8.60392e-09;0.999991;2.20684e-08;1.18687e-07;9.93618e-08;8.55159e-08;5.27973e-12;1.01051e-09;6.49596e-08;5.65806e-09;8.88594e-06;2.00325e-10;2.50832e-09
3.72867e-05;0.790565;6.66526e-06;3.33723e-06;1.6675e-05;1.33264e-05;2.24103e-06;0.0857472;9.56102e-06;6.76915e-06;2.09864e-05;0.0446852;0.0788799;5.84874e-06
2.65691e-06;0.0844808;3.66495e-10;2.40299e-05;0.000224971;7.16263e-05;1.43076e-07;0.0301159;3.77355e-06;5.27401e-06;0.000130646;0.000425385;0.884356;0.000158802
0.013391;0.101934;0.577123;0.0147592;0.000319468;9.57962e-05;0.000982112;0.00608689;0.000368187;0.00783895;0.0140473;0.0120058;0.00238648;0.248662
3.02199e-07;0.000884551;9.35303e-10;1.59948e-08;1.73341e-11;3.46144e-09;0.992825;1.86227e-09;9.09017e-08;0.00626731;6.35455e-07;2.25158e-14;1.44014e-07;2.16583e-05
1.76107e-14;9.56227e-17;1;8.19529e-14;1.49414e-13;4.53705e-13;4.38033e-13;2.99839e-18;1.63886e-13;8.33038e-13;1.94522e-14;2.08582e-12;7.55252e-19;9.90477e-14
