1.93653e-06;0.016131;0.000143791;2.55404e-06;6.08575e-07;4.34867e-06;6.80012e-09;2.98761e-08;5.38862e-10;6.87221e-08;2.8696e-08;4.46629e-05;0.983669;2.11938e-06
2.09229e-06;0.00227312;3.76107e-09;3.12996e-07;3.93173e-05;1.84026e-08;4.40475e-07;0.997283;4.08021e-06;3.59309e-08;3.22332e-06;0.000174717;0.000136552;8.34185e-05
6.72112e-08;0.00268621;0.996203;1.61705e-06;0.000349122;6.26606e-06;2.23632e-10;1.19594e-05;2.76043e-11;4.21941e-07;5.10418e-10;0.000348686;0.000218097;0.000174178
3.79679e-05;0.0538946;1.14235e-06;7.81027e-07;2.57463e-05;0.000281971;0.000707046;0.00828588;8.61757e-06;2.46964e-05;3.25097e-05;2.62159e-08;0.936167;0.000531588
2.98127e-11;9.42028e-11;1;2.78534e-11;2.15594e-10;8.87719e-12;1.47071e-10;2.10992e-12;1.37092e-12;2.26873e-11;1.81951e-12;1.38976e-09;3.20944e-11;1.33105e-11
1.5266e-08;1.37957e-07;0.999935;1.08119e-07;1.83736e-07;6.69876e-08;3.98152e-09;1.00974e-05;3.51797e-08;2.00452e-08;2.0538e-08;5.24645e-05;3.13108e-08;2.09059e-06
8.07344e-09;1.03376e-06;7.03238e-07;2.87527e-08;1.35805e-05;0.000137183;4.27836e-11;8.69795e-08;5.0314e-10;5.74591e-08;7.91192e-10;2.26468e-06;4.01491e-07;0.999845
7.40381e-07;0.0164051;3.27902e-07;1.14482e-07;5.11169e-07;2.57003e-07;1.65951e-08;5.818e-05;1.0771e-07;3.41629e-09;2.85414e-07;0.000571468;0.982962;4.62658e-07
5.01721e-07;0.560546;2.66024e-13;2.35765e-07;6.70418e-06;4.53244e-08;7.71436e-09;0.438834;2.70779e-08;4.81442e-08;5.41372e-09;3.54835e-08;0.000593255;1.88143e-05
9.44221e-07;0.00600849;0.00172602;0.000269609;6.94071e-05;3.09291e-05;8.39262e-08;4.54982e-07;1.92389e-08;1.03661e-05;5.80507e-07;0.00699086;0.984803;8.90682e-05
1.0538e-05;0.995132;6.16056e-09;6.94038e-07;0.000142096;8.61729e-08;0.000302923;0.000175353;2.48445e-05;1.5837e-06;5.53874e-05;0.00387795;0.000105837;0.000170772
6.02292e-06;0.00292837;0.0108396;2.1257e-05;0.973442;6.02379e-05;1.77484e-06;0.00695259;1.19676e-08;1.65585e-06;2.13546e-08;0.0020751;0.000172694;0.00349922
0.000728178;0.963305;9.03781e-05;0.000126754;2.70592e-05;3.38997e-06;0.000203276;0.00103428;0.00509831;4.4008e-07;0.00208697;5.13353e-05;0.00488256;0.0223615
8.96015e-07;0.996497;1.91235e-09;1.87754e-07;3.78562e-06;6.8746e-07;1.20329e-09;0.00205932;6.01844e-08;5.65114e-08;4.48318e-08;2.71607e-05;0.00128716;0.000123418
4.88961e-08;4.45639e-05;3.16114e-12;6.54298e-08;2.16599e-07;5.4344e-07;1.5616e-08;8.08138e-05;3.09616e-08;2.77681e-08;9.05269e-07;1.06892e-07;0.999873;4.67457e-08
4.02742e-07;3.65861e-05;4.02221e-10;9.21703e-08;1.87424e-07;3.80048e-09;9.29328e-10;1.9477e-07;2.45869e-08;9.00781e-09;6.24509e-08;0.999952;4.65184e-06;5.78831e-06
4.54e-06;0.998562;1.22252e-05;1.68539e-05;3.12869e-05;1.94804e-08;1.17188e-08;0.000735666;1.99895e-07;7.70042e-08;7.47063e-07;0.000607229;2.79811e-05;1.06299e-06
1.82471e-05;0.990696;6.48096e-05;0.000125563;1.78123e-05;2.93029e-05;4.83607e-07;1.50923e-07;1.61852e-08;8.22009e-06;8.4378e-07;0.00202826;0.0066654;0.000344623
3.05621e-06;0.00555578;9.39278e-08;8.41242e-08;9.93651e-07;2.55239e-08;1.54191e-08;0.00392231;4.18551e-08;1.34014e-09;8.36208e-06;0.989632;0.000876304;8.57115e-07
1.01938e-06;0.00126641;1.0219e-09;3.01079e-07;0.0103799;7.75975e-07;1.20479e-07;0.988209;9.97411e-08;3.5775e-08;1.54375e-07;1.4458e-06;3.6497e-05;0.000103722
2.90501e-06;0.00496421;0.992841;7.1734e-06;2.84672e-05;0.000128894;4.35128e-08;0.000128226;3.8396e-09;9.41745e-07;2.62559e-08;0.000933077;1.79226e-05;0.000946849
1.4943e-05;0.268641;1.55951e-09;2.81696e-06;7.97673e-07;3.41144e-06;1.62703e-05;0.01108;3.33125e-05;1.77556e-07;0.000328399;0.000142038;0.719715;2.0939e-05
2.56842e-06;5.63006e-05;7.67897e-06;1.03991e-07;2.20605e-05;3.95265e-07;7.4316e-10;0.000235022;1.79022e-08;1.75404e-08;5.27373e-08;0.999401;0.000271857;2.86096e-06
0.000102724;0.461292;6.96535e-07;1.19429e-06;9.09758e-05;9.17105e-05;6.50218e-05;0.286757;2.99021e-05;2.50812e-06;1.2115e-05;3.9542e-07;0.250695;0.000858568
3.65611e-06;0.0190675;0.000177637;9.15429e-05;0.000683038;0.000830452;7.12058e-08;0.00253818;1.55287e-05;3.37877e-06;4.3615e-07;0.054123;0.00126536;0.9212
1.847e-05;0.958257;4.02758e-07;1.97772e-05;5.07374e-07;0.000140771;7.45496e-06;0.0187205;5.18683e-05;2.66163e-06;8.4142e-06;1.21052e-06;0.0225796;0.000190898
2.74876e-07;9.77996e-08;0.999877;1.5148e-08;2.13126e-08;2.82742e-11;4.29836e-07;4.67688e-08;1.11282e-07;2.29528e-09;4.41055e-08;0.000121707;2.37262e-08;9.21726e-11
2.74528e-06;0.000823803;5.63932e-07;1.25098e-06;6.80634e-05;1.66856e-07;3.81231e-08;0.000343269;1.46526e-05;5.67194e-07;1.18561e-07;3.58543e-05;1.57008e-06;0.998707
3.69167e-07;0.000124165;5.2817e-11;7.52794e-09;0.000337907;2.70448e-07;9.04668e-08;0.999517;1.85677e-05;6.80867e-09;1.00987e-08;1.44812e-07;9.82234e-07;2.49727e-08
1.18244e-08;9.04073e-08;0.999388;4.82675e-08;2.007e-05;4.54736e-08;1.69683e-10;9.20052e-09;1.89019e-11;1.29348e-08;8.52643e-11;0.000590844;6.471e-09;1.30244e-06
2.7537e-06;0.999854;2.65659e-08;5.57832e-07;1.73254e-08;4.53289e-08;7.34275e-06;3.94232e-05;2.58029e-05;4.21547e-09;3.56431e-05;2.84209e-06;2.89427e-05;3.06274e-06
3.11109e-07;0.000795314;7.48826e-09;2.28241e-10;1.27349e-06;3.55262e-09;2.32046e-11;0.999186;1.12906e-09;5.88309e-10;6.69851e-11;5.63136e-09;1.6265e-05;1.35562e-06
4.55017e-10;4.43014e-05;6.38188e-07;1.28907e-07;3.30297e-07;1.71215e-07;2.63844e-11;4.67874e-07;1.01682e-09;5.53867e-10;2.42328e-08;0.999942;2.34223e-06;9.71904e-06
3.97702e-07;0.993863;3.94555e-10;1.11582e-07;3.01779e-06;6.77624e-09;2.73984e-07;0.000808907;9.80384e-08;1.32003e-07;3.71328e-07;1.84026e-05;0.00530243;2.80623e-06
3.45799e-05;0.020668;6.87282e-07;5.98089e-06;9.29366e-05;2.38655e-05;3.85355e-06;3.50587e-05;7.31189e-05;1.41925e-06;0.000316367;0.974665;0.0031282;0.000951321
0.000247798;0.00930434;6.32679e-09;3.19854e-07;3.41369e-06;7.5945e-06;5.94847e-08;0.838469;0.000109868;4.4993e-07;1.24521e-06;2.4331e-05;0.151831;7.80098e-07
3.48129e-05;0.00600137;3.77636e-09;2.48227e-07;1.13274e-06;1.52397e-06;5.82704e-08;0.00520696;4.00045e-05;6.03915e-08;4.0847e-06;9.34439e-07;0.988708;5.13857e-07
0.000190011;0.0291194;2.97201e-08;7.18727e-07;9.71451e-06;3.21694e-07;4.33673e-08;0.00119629;5.3061e-05;1.13572e-06;2.55983e-06;0.966426;0.00222637;0.000774829
6.74775e-06;0.980976;4.25893e-05;9.30852e-07;6.25479e-06;1.53102e-09;9.38125e-09;0.000196557;7.22324e-08;7.55073e-08;4.47129e-08;0.0187427;2.7778e-05;4.49404e-07
8.90783e-05;0.313;0.00751073;5.24642e-05;0.00974534;5.96922e-05;3.95158e-07;0.00034482;2.18596e-07;8.09252e-06;2.05851e-07;0.513848;0.154667;0.000673976
4.16745e-05;0.118704;3.4804e-10;1.31511e-06;2.23589e-05;0.000188685;2.02709e-05;0.000536973;2.68256e-05;4.7624e-07;5.08759e-05;0.000108491;0.870931;0.00936642
3.83447e-05;0.118828;0.846979;3.0159e-05;0.00287347;0.000122866;1.84477e-07;0.00646325;1.4443e-07;4.43195e-06;9.64238e-08;0.0106304;0.000176946;0.0138526
0.000231448;0.522656;8.91161e-06;0.000882845;0.011757;0.0292674;0.00081023;0.00780953;0.0401671;5.51488e-05;0.0351974;0.0644224;0.0709695;0.215765
5.63541e-05;0.996011;2.1996e-05;3.06737e-06;7.59747e-07;2.69654e-08;4.18999e-06;0.000960978;3.91445e-05;4.47347e-07;0.000118589;0.00246556;0.00031768;8.1757e-07
9.49625e-07;0.99822;1.45131e-07;2.49879e-06;8.65127e-05;1.10216e-08;1.11852e-07;0.00156076;3.0309e-06;8.22292e-07;9.97318e-07;0.000109666;5.98048e-06;8.87603e-06
8.80564e-05;0.0129205;0.00378061;2.68184e-05;0.000779089;0.000602106;4.11132e-06;0.000778137;6.17067e-07;0.000200603;1.82988e-05;0.979492;0.000527453;0.000781774
1.60872e-05;0.00453816;4.12437e-10;1.51983e-07;5.26577e-06;5.54755e-07;2.02164e-06;0.000183511;1.33604e-05;3.60494e-08;0.000253378;0.00278419;0.992193;9.82706e-06
8.74958e-05;0.00545811;0.000134623;1.7972e-05;8.43358e-05;1.15313e-05;8.73554e-07;0.000434431;2.91926e-05;9.52427e-07;3.48212e-05;0.989859;0.0037512;9.57572e-05
3.07829e-07;0.998597;0.000648777;2.15435e-07;6.01547e-07;8.45735e-08;1.16016e-09;0.00023198;1.40649e-10;5.21807e-08;1.2252e-09;2.78527e-08;0.000520455;6.28401e-07
1.31357e-10;2.34894e-09;1;2.27927e-10;3.53751e-09;3.05668e-11;4.05709e-10;4.7108e-10;2.49498e-13;3.37173e-10;3.93897e-12;1.38756e-09;5.92335e-10;3.36868e-10
2.35214e-10;2.53839e-11;0.999939;3.55776e-08;2.33532e-07;1.3755e-08;3.01443e-11;9.62146e-09;3.3615e-10;3.47543e-10;2.935e-09;5.94456e-05;1.92207e-10;1.29785e-06
6.13041e-10;1.68264e-06;2.46337e-07;8.62992e-10;3.68258e-06;4.15746e-05;1.5824e-13;5.79656e-08;7.04629e-13;1.96466e-10;4.0004e-12;6.85454e-10;1.85889e-07;0.999953
1.68239e-08;0.000173209;5.13064e-11;1.66085e-08;8.76395e-09;5.70394e-07;6.76e-11;1.37189e-06;5.54277e-08;3.30748e-11;8.8059e-08;5.14714e-05;0.999773;8.53545e-08
9.65606e-08;0.99995;3.2189e-11;9.80075e-09;5.25918e-10;3.88217e-11;1.92376e-09;4.47216e-06;1.02243e-09;2.75781e-10;1.85397e-09;1.01584e-06;4.41117e-05;2.6363e-10
7.22255e-08;0.0124139;2.33732e-10;1.51683e-05;8.0584e-05;4.04713e-08;7.18049e-09;0.987436;4.62388e-08;2.62259e-06;5.2586e-09;6.0924e-06;3.43592e-07;4.52649e-05
2.21851e-05;0.00176531;0.87343;0.100008;1.66012e-05;0.00015086;5.20018e-06;6.26204e-08;1.95142e-06;0.00224963;0.00220025;0.0179658;0.000306745;0.00187798
2.59259e-05;0.000141536;1.33658e-08;2.51801e-05;2.98921e-10;3.01267e-09;8.6106e-05;2.95431e-07;0.00054103;1.52785e-07;0.999173;5.64125e-06;7.32221e-07;3.55389e-07
0.000104974;0.994504;6.68576e-07;1.40264e-05;1.94343e-08;1.01903e-07;1.30809e-05;0.000675029;3.1486e-06;5.15341e-06;0.000148569;0.00332269;0.00120389;4.30195e-06
1.12335e-05;2.75067e-05;1.13396e-08;5.60345e-06;0.00575597;1.86468e-07;7.81652e-07;0.993986;8.40539e-07;0.000136394;1.94999e-06;1.80538e-05;2.28362e-06;5.33347e-05
2.79766e-06;1.98108e-05;0.999477;9.62714e-05;2.71356e-07;2.89085e-07;5.3335e-07;1.97269e-09;7.21373e-07;2.25454e-05;0.000378381;9.17201e-07;8.05361e-07;9.15877e-08
4.40086e-06;1.15573e-06;1.07971e-06;1.07817e-06;5.08278e-09;1.2605e-08;0.000159297;2.12782e-06;0.00305838;6.71775e-07;0.996758;5.60792e-07;1.35682e-05;1.76769e-08
