4.27978e-06;0.998895;1.88396e-10;8.72206e-09;3.32927e-10;6.70024e-10;2.20656e-06;6.26176e-07;1.82514e-07;8.88048e-09;3.10524e-07;5.50182e-07;0.00109662;1.64985e-09
2.63095e-06;0.66195;9.8541e-12;1.41279e-06;3.62763e-06;7.58345e-06;2.03331e-05;0.000141834;3.81861e-07;5.13429e-05;7.22322e-08;3.75712e-08;9.56992e-05;0.337725
1.45746e-09;1.58631e-09;1;1.51812e-09;8.59948e-11;7.75792e-10;1.26033e-08;1.06204e-12;1.46264e-10;3.89737e-10;5.12344e-10;4.92788e-07;1.12798e-13;5.16578e-09
3.9061e-06;0.987451;2.54137e-10;2.46377e-06;3.17635e-07;9.8249e-07;9.8841e-06;4.34962e-05;9.66899e-06;4.53582e-08;8.13402e-05;3.11963e-05;0.0122737;9.23404e-05
6.78559e-06;0.278314;4.48862e-05;5.29011e-07;6.64303e-06;6.97052e-08;1.01578e-07;0.03586;1.2732e-06;9.96607e-08;5.31856e-06;0.654939;0.030818;3.18298e-06
3.71202e-08;0.0136475;4.27285e-08;3.1707e-05;2.58103e-05;0.00555053;5.53108e-08;8.74211e-05;4.85254e-07;1.93723e-06;1.55094e-06;1.60924e-06;0.980305;0.000346333
2.92658e-05;0.000689126;0.29194;8.2563e-05;1.19101e-05;6.28588e-06;0.000487146;2.75616e-06;6.51286e-07;0.00341695;1.99334e-05;0.702417;0.00041501;0.000480969
1.26318e-08;2.16299e-09;1;2.94175e-10;1.36949e-10;3.07881e-10;8.11888e-08;7.45611e-11;5.3801e-09;5.61515e-10;9.13653e-09;2.6787e-08;9.01877e-12;2.24898e-11
4.44086e-05;0.74738;5.21578e-06;1.70953e-06;4.49307e-06;1.17684e-07;7.04459e-07;0.241285;0.000513502;8.40024e-08;0.000423775;0.00362209;0.00671969;4.76039e-08
5.17708e-06;0.740138;6.37821e-09;0.0020578;0.00185277;1.76917e-05;1.27455e-07;0.0527522;0.000663335;6.13081e-05;0.000223246;0.171026;0.000811276;0.0303918
0.0003961;0.0917072;0.0106521;0.0514708;7.39769e-05;9.38677e-05;0.0073436;1.48828e-05;0.000205299;0.0771509;0.166399;0.502461;8.31933e-05;0.0919484
0.000246615;0.996953;6.23763e-05;9.99388e-06;2.06168e-06;3.23496e-07;5.58954e-06;1.46473e-05;4.06475e-07;3.75381e-07;4.67084e-05;0.00254998;3.38433e-07;0.000107317
1.89778e-05;0.883394;1.27732e-06;4.53228e-07;2.97771e-06;1.05536e-06;7.4589e-06;1.84437e-05;1.95423e-06;2.24049e-08;7.77345e-07;0.106813;0.00973523;5.1811e-06
3.48662e-06;0.00420821;1.70283e-10;6.98803e-07;9.80846e-07;0.00363997;9.94587e-08;0.00217696;9.43108e-06;7.63311e-08;7.65577e-07;2.3355e-05;0.989844;9.18359e-05
7.14081e-06;1.67795e-05;0.998303;2.69629e-06;2.08891e-05;9.56595e-06;1.14075e-07;1.24435e-06;1.72665e-08;7.32977e-07;2.033e-08;0.0012596;1.80736e-06;0.000376116
1.3006e-05;0.0270934;2.61638e-09;3.13939e-06;0.00383189;9.58899e-07;2.59608e-06;0.968791;0.000151724;2.44511e-08;5.84765e-06;5.65893e-07;0.000102834;2.42497e-06
9.01608e-05;0.032391;0.962228;0.000916233;4.5364e-05;9.68951e-05;1.31297e-06;8.40469e-07;5.6249e-05;6.67201e-06;1.70347e-05;5.72402e-05;0.00097264;0.00312099
7.5493e-05;0.0143288;5.75478e-08;9.40216e-08;4.63343e-07;2.57382e-07;2.04775e-08;0.0656886;1.06717e-06;1.88131e-08;1.85991e-07;8.77458e-05;0.919816;1.27197e-06
0.00049257;0.103524;0.00139518;0.00652019;0.0119582;0.0255711;1.09258e-05;0.0272307;0.00118229;2.44651e-05;0.0031681;0.647349;0.142784;0.028789
0.00899439;0.337794;2.5593e-05;0.0020801;0.0029115;2.29643e-05;4.82933e-05;0.636282;0.000175431;0.000729121;2.04612e-05;0.00600342;0.000756828;0.00415649
0.000870044;0.000885963;3.11538e-06;6.3849e-08;1.10199e-05;4.55565e-10;2.28362e-06;0.998202;1.80267e-05;2.72752e-06;6.59716e-07;6.42175e-08;3.71627e-06;1.52978e-08
3.96261e-07;6.53417e-06;0.999766;2.69273e-06;3.40511e-05;1.27057e-06;8.52323e-08;6.6329e-09;2.30074e-07;5.04306e-06;9.86309e-07;0.000179208;8.36756e-07;2.98616e-06
6.44849e-06;0.982823;3.0396e-06;7.19183e-06;4.12789e-06;4.92559e-06;3.22723e-06;0.0141866;0.000501607;8.88274e-07;0.000112191;0.00134322;0.000777844;0.000225944
