1.61518e-06;0.99859;0.000896207;4.1397e-07;4.9467e-06;1.53605e-07;1.93942e-08;0.00015019;1.67412e-09;2.98119e-07;1.21006e-09;2.07842e-06;0.000349686;4.51099e-06
1.36258e-08;1.65346e-07;0.999995;1.67042e-08;1.13263e-08;2.79875e-09;1.55851e-07;2.88874e-10;2.61165e-09;6.47973e-09;3.57314e-09;4.68615e-06;3.88645e-08;6.3855e-10
1.35433e-05;0.000174411;0.985428;8.12758e-06;4.12142e-06;4.62685e-07;3.40461e-06;0.000555006;5.43304e-06;2.39555e-06;1.76646e-05;0.01205;0.000165661;0.00157161
2.60151e-10;5.47949e-07;4.74531e-08;3.64273e-10;2.42878e-08;2.88513e-07;9.31525e-11;8.31214e-10;1.04807e-11;9.19705e-09;1.95138e-11;1.45812e-11;9.87796e-10;0.999999
2.97301e-11;9.03072e-11;0.999993;3.08624e-13;7.47733e-10;2.30755e-11;5.86179e-13;1.65492e-13;4.27037e-15;3.81248e-13;1.95381e-15;7.33604e-06;2.03619e-11;3.3673e-08
6.15291e-07;0.00144374;1.44821e-09;2.10695e-07;0.0925634;8.81143e-07;5.62662e-08;0.903065;3.22656e-06;8.16371e-09;8.66903e-08;7.63237e-05;0.000656432;0.0021904
1.61737e-07;0.00103147;0.996519;4.58744e-05;0.000995671;3.36828e-06;2.81587e-08;7.26047e-07;1.76424e-07;1.29218e-07;1.81295e-07;0.00137226;3.71231e-06;2.74166e-05
3.6311e-06;0.949147;0.000155921;4.08459e-05;0.00010654;0.000262796;1.48791e-06;1.64217e-06;3.42516e-09;1.21715e-06;9.09191e-08;6.74057e-05;0.000428568;0.0497833
1.97233e-05;0.00769823;0.000138918;8.95285e-09;6.64554e-07;7.69017e-08;1.15404e-06;4.68899e-06;3.54818e-09;5.51363e-10;2.35119e-08;0.989971;0.00215707;8.76818e-06
1.79373e-06;0.0126091;8.12262e-12;1.29595e-08;0.000650386;1.54216e-06;9.48605e-09;0.986291;1.6448e-06;1.485e-09;1.20647e-08;1.79251e-05;0.000154017;0.000272386
3.17485e-06;0.000936936;0.991651;3.63012e-07;0.00163354;0.000166789;2.25946e-10;0.000247066;2.14698e-09;1.5028e-08;1.03556e-10;0.000808191;2.60595e-05;0.00452655
2.09749e-05;0.905976;4.76341e-07;8.34949e-07;2.93525e-06;3.84639e-05;3.37961e-05;0.0903863;0.00015285;6.69154e-07;2.4109e-06;1.96007e-08;0.00247288;0.000911604
2.45156e-10;2.13711e-10;1;1.12956e-10;1.13805e-09;1.13885e-11;2.23938e-10;5.53949e-10;7.3499e-10;2.26057e-11;9.8764e-11;1.52561e-08;3.92745e-12;1.09998e-10
5.2482e-05;0.0654575;0.0368582;0.000497262;5.84334e-05;0.000276995;8.43355e-05;0.0115714;0.0125416;4.62443e-05;0.00448022;0.831102;0.0145863;0.0223874
1.63978e-05;0.994465;4.92585e-08;3.30561e-07;1.19645e-05;8.65866e-06;0.00167363;4.53601e-05;1.81259e-05;0.000158554;6.45906e-05;3.66584e-08;0.000182593;0.00335415
1.88913e-10;3.32718e-09;0.999911;1.04245e-11;4.84919e-08;1.14746e-08;1.36671e-10;4.06732e-12;6.60607e-13;2.92099e-10;1.1824e-12;8.91138e-05;1.34386e-11;3.79329e-09
1.15138e-06;0.0115297;0.000100911;2.12094e-08;1.07982e-05;9.05082e-07;1.27859e-08;0.98751;7.19436e-06;2.31195e-09;1.33882e-06;0.000271305;0.000550039;1.65416e-05
2.39427e-09;0.984508;8.18193e-11;4.29412e-09;5.92934e-07;3.36869e-09;1.69969e-08;2.12507e-06;2.99344e-10;2.60606e-07;3.34341e-10;5.35902e-08;5.28942e-08;0.0154884
5.11702e-05;0.851345;1.89557e-06;8.21929e-06;3.00807e-06;2.19634e-06;0.0531857;0.0524722;0.018325;9.71312e-07;0.00173551;1.7083e-06;0.0228673;1.27273e-08
3.89453e-05;0.107985;1.29211e-06;1.6709e-07;2.16736e-05;1.63508e-06;4.66515e-08;0.884456;4.40451e-08;7.76399e-07;2.26432e-09;3.80576e-06;0.007379;0.000111292
4.75382e-07;0.0113915;0.00244885;3.91849e-06;0.000521818;5.17643e-05;1.88456e-07;3.02584e-05;9.18705e-08;9.84967e-07;1.28511e-07;0.982421;0.000199496;0.00292938
0.000183066;0.159008;0.000311246;2.69143e-05;0.00359077;5.55946e-06;3.60968e-06;0.821953;0.000149082;6.23182e-07;4.51691e-05;0.0019828;0.0127345;6.10899e-06
2.42458e-05;0.962045;3.90648e-06;6.99525e-07;0.000702462;1.3226e-06;3.88089e-05;8.92294e-06;1.84023e-07;0.000101856;1.91408e-07;1.42451e-06;5.68578e-06;0.0370648
3.17266e-09;2.13403e-11;1;1.1417e-11;3.63556e-07;1.38872e-11;3.62758e-11;3.39018e-11;8.79064e-10;9.96316e-12;2.21393e-12;1.02643e-09;1.24593e-14;2.35446e-11
0.00113406;0.000369594;1.36923e-05;4.17431e-07;3.21869e-05;0.000129465;2.40642e-06;0.987757;0.00629115;6.85816e-07;6.10218e-06;0.000265322;0.00399711;8.28953e-07
1.38236e-05;0.0020325;2.14323e-09;1.92548e-07;4.33851e-07;3.77015e-07;9.45136e-06;0.00500201;0.000469243;1.00768e-07;2.97276e-05;2.13661e-07;0.992442;2.00988e-07
7.42966e-05;0.000908189;1.08094e-06;6.76102e-06;0.000112449;5.95567e-07;1.19969e-07;0.00163422;0.000360689;2.46162e-06;3.23834e-05;0.996144;0.000548047;0.00017483
2.96354e-07;0.999643;1.37507e-08;4.49577e-08;5.55052e-07;1.14983e-07;3.66811e-07;0.000304854;1.41859e-07;2.16447e-06;2.02311e-08;7.68546e-10;7.76889e-06;4.04064e-05
2.7696e-13;1.91973e-12;1;1.65485e-13;8.36288e-14;2.6264e-14;1.54768e-11;2.08562e-15;1.69397e-14;2.06587e-12;4.87289e-15;2.01198e-10;2.53549e-15;1.96252e-13
3.92728e-07;1.84379e-06;6.1321e-07;6.05896e-07;3.51566e-06;2.46297e-06;7.6217e-08;0.000930332;0.000717713;1.41862e-08;0.00045017;0.997838;8.69681e-06;4.51982e-05
7.9243e-07;0.592744;9.95404e-10;6.40521e-08;1.38685e-07;7.92894e-07;1.53164e-07;3.6586e-05;3.76707e-07;6.60297e-09;1.14166e-06;1.33947e-06;0.407214;2.36142e-07
9.46599e-08;0.0346117;2.9194e-08;5.62479e-08;1.19806e-05;5.6942e-07;6.8365e-11;0.000243801;3.15004e-09;1.74074e-08;2.06006e-09;0.964849;0.00017348;0.000109687
9.73375e-05;0.510627;7.21974e-06;1.5302e-06;0.000591289;5.02065e-05;1.27548e-08;0.310771;2.18605e-06;2.32116e-07;1.92069e-07;0.00271028;0.166509;0.00863172
6.96819e-06;0.0118169;1.49056e-07;7.08532e-07;1.91078e-07;0.00630472;3.64373e-07;5.71175e-05;1.29969e-05;4.29287e-07;4.6688e-07;1.17139e-05;0.981775;1.21359e-05
4.08983e-07;0.000177112;0.999381;2.6989e-07;2.15511e-07;3.08204e-07;2.09963e-06;6.88081e-08;2.7799e-09;2.10265e-05;2.65304e-09;0.000394701;9.71344e-07;2.20503e-05
6.75351e-09;5.97503e-08;0.999999;1.04638e-08;4.54133e-09;4.0155e-09;3.31999e-07;2.0071e-11;2.28077e-08;1.19447e-08;1.13274e-08;2.77472e-07;3.04043e-09;2.92239e-09
2.50588e-06;0.999751;1.05036e-06;1.37038e-07;6.32187e-08;9.97052e-10;2.6824e-07;0.000178469;5.34175e-06;7.23209e-08;6.40201e-06;6.41071e-06;4.83881e-05;6.4464e-08
2.10763e-07;0.99857;1.82394e-10;1.18144e-06;0.000200419;8.30416e-09;1.0823e-07;0.000956749;2.90484e-07;7.33593e-06;6.46687e-08;1.232e-05;6.82267e-07;0.000250394
6.66114e-07;7.25667e-05;0.00734191;2.83898e-05;6.62753e-06;8.77952e-06;7.23054e-07;4.96516e-07;1.52753e-08;5.62837e-05;5.69256e-06;0.992071;5.73095e-07;0.000406353
2.76992e-05;0.00433065;3.86766e-11;3.97634e-08;3.42745e-06;2.06343e-07;5.3669e-07;0.995037;1.42301e-06;5.39373e-09;1.12453e-05;3.38734e-06;0.000580109;3.94588e-06
1.02765e-06;0.000560635;1.85163e-06;5.2566e-05;0.00361344;0.000714774;1.01357e-08;0.000201998;5.54679e-05;9.92225e-08;1.05907e-05;0.0207708;2.4224e-05;0.973992
5.97187e-08;0.996427;4.8748e-08;1.31611e-09;9.78431e-11;6.96759e-10;9.3245e-10;8.52761e-07;4.54868e-10;8.68263e-10;5.86266e-10;2.17316e-06;0.0035695;1.29214e-08
2.02395e-07;0.00153395;8.03774e-07;1.09786e-05;0.000115826;0.000167419;3.11031e-08;0.0001461;1.83257e-07;2.01745e-07;2.77111e-06;0.967435;3.43417e-05;0.0305527
2.01626e-06;0.705014;1.61603e-07;6.82997e-06;0.00152987;0.00425515;4.4983e-08;0.0665679;1.4557e-05;2.69741e-07;1.83559e-05;0.00318227;0.2194;8.71251e-06
3.91276e-08;0.999997;4.15259e-12;2.31643e-10;2.52396e-11;7.32079e-12;3.92349e-08;3.00101e-09;5.95992e-10;1.34716e-08;3.53483e-10;5.66459e-08;3.8677e-07;2.21273e-06
0.000153716;0.277756;7.7378e-06;0.000103612;3.52298e-06;2.51289e-07;0.31101;0.00271886;0.125079;2.19972e-05;0.260334;5.91361e-05;0.0227516;9.91264e-08
1.95549e-06;0.000872764;6.61923e-12;1.36564e-09;7.07796e-07;8.66159e-09;7.15081e-11;0.999048;2.35572e-09;2.98909e-09;2.72928e-10;1.3722e-08;6.84011e-05;8.35536e-06
7.59897e-09;0.000101579;8.16187e-08;6.07582e-08;3.41219e-06;4.32329e-06;4.62883e-11;2.26308e-06;1.24259e-09;6.29035e-09;1.09896e-08;0.999172;2.55915e-06;0.000713189
4.40978e-07;0.000516227;9.25135e-11;2.04861e-07;4.35553e-06;1.5201e-06;3.68598e-07;9.20553e-05;2.35383e-07;1.67766e-07;4.26982e-06;2.4206e-08;0.999379;1.5777e-06
3.25241e-05;0.00167469;4.87514e-07;8.26556e-07;1.50762e-05;9.12862e-09;9.72176e-08;1.2085e-06;1.33106e-05;3.41118e-07;1.28715e-05;0.998225;1.6159e-05;7.0357e-06
0.000844537;0.98059;2.05092e-07;2.03037e-05;4.02622e-05;7.03313e-05;6.7542e-05;0.00542639;0.0057206;4.81933e-06;0.00065167;4.66202e-05;0.00596732;0.000549263
7.03605e-07;1.1484e-06;2.05691e-09;2.0254e-09;3.73736e-08;1.79369e-08;8.71635e-09;0.99999;7.40782e-06;3.92111e-09;3.66541e-08;5.28631e-08;3.18928e-07;3.72375e-08
2.11444e-06;0.00914152;5.69334e-05;9.3078e-06;6.8735e-06;0.000249473;7.49648e-09;1.86323e-05;2.83686e-06;8.5747e-08;1.3123e-06;0.987665;0.000181019;0.00266449
1.05105e-05;0.995489;1.16721e-06;2.01192e-07;1.17156e-06;2.38874e-07;1.19501e-08;0.000724858;2.97994e-06;1.93878e-08;5.0402e-07;0.000542338;0.00306779;0.000158977
5.11852e-06;0.358716;6.33179e-08;4.90991e-06;0.00046204;1.29102e-05;2.40346e-08;0.265977;4.69296e-07;2.43484e-06;2.17174e-07;0.00352692;0.00712625;0.364165
1.72258e-05;0.0612925;2.24044e-06;0.000155067;6.41628e-07;0.00884528;0.000720398;2.17321e-06;8.78028e-05;0.000172901;0.00143671;2.74294e-05;0.927175;6.47651e-05
2.04508e-06;0.00092436;0.995054;3.30601e-05;3.63615e-07;2.05641e-06;0.00193661;3.39927e-08;7.47806e-08;0.000505579;2.67873e-06;0.00147762;1.38297e-05;4.81218e-05
4.4387e-09;2.3558e-08;0.999989;3.10405e-08;4.30584e-09;5.37274e-09;5.94629e-06;1.94272e-11;1.00395e-08;1.73388e-08;1.17031e-07;5.20967e-06;2.90549e-09;3.31766e-10
1.441e-05;0.990277;1.07867e-06;2.75837e-06;1.20605e-06;6.94382e-06;3.87022e-05;0.00750506;6.46014e-05;1.30646e-06;0.000543171;0.00134717;0.000180482;1.59159e-05
1.41202e-05;0.925345;3.30949e-06;2.32115e-05;6.41565e-07;4.45962e-06;0.000161164;1.4619e-05;1.41878e-05;4.18388e-06;0.00231229;0.00178189;0.0702862;3.46935e-05
0.000362424;0.339405;0.00130083;0.000204582;0.00132621;0.00215025;2.12352e-05;0.00371303;9.25326e-06;6.19233e-05;0.000188625;0.607059;0.0143804;0.0298173
1.64582e-06;0.253493;1.53842e-07;3.04951e-06;0.00987516;0.000277386;9.32142e-08;0.721099;1.02756e-06;4.00479e-07;6.48347e-06;0.00182547;0.0115032;0.00191419
1.09982e-05;0.0661003;1.95337e-07;4.87936e-05;2.47915e-05;0.000787803;1.67135e-05;1.24226e-05;2.55966e-06;2.44724e-05;4.52059e-05;0.0028614;0.929642;0.000422723
1.14532e-05;0.0034121;0.99639;5.16781e-06;2.11781e-06;6.7459e-07;9.3906e-07;3.20526e-06;2.1104e-08;7.7341e-07;7.23424e-08;1.53229e-05;0.00015756;8.80543e-07
4.77886e-06;0.00893936;4.71156e-08;7.12718e-07;1.20342e-07;4.1633e-07;1.38924e-06;0.000244948;1.08191e-06;8.58025e-08;1.71352e-05;0.00224854;0.988541;5.29955e-07
1.81782e-07;0.00269114;1.15822e-07;0.000255962;1.41222e-05;0.00019926;5.75488e-07;2.34934e-05;5.77343e-05;1.01706e-06;0.000387049;0.000159093;5.78401e-05;0.996152
1.50352e-07;0.000213239;1.42632e-09;1.42669e-08;9.6532e-06;5.31244e-10;8.70799e-11;0.999727;1.10886e-08;6.98514e-10;9.7015e-08;7.71326e-06;4.24462e-05;3.88682e-08
3.63225e-06;0.00353363;0.994031;6.51518e-05;4.41948e-05;0.000156769;0.00036695;6.82596e-07;5.05195e-08;0.00137915;2.26527e-05;1.28817e-06;0.00016607;0.000228874
2.30631e-08;4.67549e-10;1;7.95671e-10;2.04083e-08;5.58996e-10;8.35811e-08;1.84008e-09;1.91187e-09;2.7275e-10;1.95534e-07;6.02455e-08;2.1809e-10;4.12026e-10
2.34998e-06;0.000113698;6.1455e-05;2.54335e-07;1.84337e-06;1.66014e-05;5.396e-09;2.06632e-05;2.62567e-06;4.10128e-08;6.13995e-06;0.997744;0.000961359;0.00106889
1.97274e-05;0.0260379;1.29595e-08;6.57783e-07;0.0494197;0.0197572;5.68359e-06;0.00578137;0.000253164;5.41949e-06;1.63428e-05;3.69306e-07;0.898607;9.57617e-05
0.000513648;0.0144151;0.044514;0.000228875;0.0794022;0.158602;5.12221e-06;0.00011731;5.69038e-06;0.000907337;1.06665e-05;0.575329;0.099005;0.0269445
0.000109642;0.00147827;0.997719;1.65257e-08;2.18486e-06;9.49448e-09;2.65673e-08;0.000685682;8.27102e-07;2.7665e-09;6.00774e-09;1.93869e-06;2.53439e-06;5.84874e-08
0.000180267;0.145388;3.19248e-08;1.61989e-06;0.00044557;3.05121e-06;5.88636e-06;0.838083;0.000930402;5.43207e-07;8.82812e-06;0.00123656;0.0121259;0.0015898
3.27785e-06;0.958063;3.80831e-05;1.44634e-08;6.4307e-08;2.88011e-09;2.79575e-07;0.000856843;1.05532e-07;8.46552e-08;1.59389e-08;0.0408134;0.000219824;4.68554e-06
5.10891e-07;0.21166;1.31088e-09;7.13204e-07;6.6819e-05;1.2589e-06;1.31896e-05;0.000153824;1.79325e-07;3.81442e-05;4.17531e-09;3.9527e-08;3.05411e-07;0.788065
1.51273e-05;0.000909861;0.989107;4.2582e-07;2.44006e-06;1.45824e-08;7.16562e-06;0.000210661;3.42803e-06;1.19672e-07;5.26438e-07;0.00974338;1.23057e-08;3.9036e-08
3.81184e-05;0.67999;0.000409468;1.03153e-05;0.00016084;6.23018e-06;6.33943e-06;2.94949e-05;5.06753e-07;1.47923e-07;1.03677e-06;0.17838;0.140909;5.96778e-05
3.44303e-05;0.893568;5.05388e-09;2.58545e-06;6.17561e-05;9.88313e-05;2.48291e-05;0.00222248;3.38712e-05;4.00804e-07;1.18035e-06;0.000487081;0.103356;0.000108627
0.000121969;0.772893;0.115139;0.000167672;0.000379528;2.1418e-05;9.58034e-07;0.0139365;1.47298e-06;7.75083e-06;5.89959e-07;0.0957974;0.000144353;0.00138806
3.19979e-05;0.0171638;1.72934e-09;6.1761e-07;1.62946e-05;5.41671e-06;0.00735919;2.57454e-07;8.92132e-06;0.000335438;6.33621e-06;7.10926e-09;1.30764e-05;0.975059
3.1777e-13;1.03096e-13;1;5.95932e-14;2.71118e-13;1.18571e-12;7.90415e-13;9.69174e-16;9.34097e-14;4.19744e-14;1.11193e-14;4.52686e-11;5.68828e-15;1.39376e-13
6.45378e-06;0.0318197;4.84288e-05;1.90695e-07;4.71355e-06;2.01773e-07;2.0266e-07;0.045435;1.57018e-06;2.99235e-08;4.01391e-06;0.272355;0.650322;2.13383e-06
1.27858e-06;0.670822;6.37341e-07;3.77389e-06;2.7895e-05;0.00275943;1.42275e-05;0.270217;1.77453e-05;5.95796e-06;3.02196e-06;1.71099e-07;0.00961525;0.0465113
1.28503e-10;5.12192e-10;1;8.75764e-10;2.02117e-10;5.60394e-11;5.79331e-09;4.18111e-11;4.00714e-10;7.79201e-11;5.93292e-10;2.70943e-07;2.41555e-10;4.40521e-11
8.77705e-05;0.0360588;0.00260816;0.000505007;0.0020126;0.00041296;6.11691e-06;0.0577237;0.00151467;9.57088e-06;0.00187179;0.891383;0.00132067;0.00448518
3.79299e-06;0.347941;4.41124e-08;3.28763e-07;4.63281e-05;0.000526107;1.19493e-06;5.94832e-05;2.29874e-06;3.88651e-06;1.23583e-05;5.69907e-06;0.650191;0.00120613
9.75969e-07;0.00372845;0.629484;6.6928e-07;0.0001799;3.91875e-05;2.2414e-08;3.04208e-06;2.58059e-08;5.08147e-07;7.4053e-08;0.359495;0.00317528;0.00389327
4.77203e-05;0.0855499;2.93189e-08;1.73034e-05;0.00504545;0.000139561;2.07452e-06;0.796373;0.00133807;1.39672e-06;2.33851e-05;0.000800271;0.108587;0.00207497
2.75871e-06;0.998828;9.21454e-08;4.87401e-08;2.23531e-08;5.16267e-09;2.81271e-07;5.46437e-06;7.47757e-09;4.95166e-08;3.44795e-08;0.000983955;0.000178156;8.08951e-07
5.43101e-06;0.104041;0.000168606;0.000709955;0.00114764;2.02661e-05;7.49444e-07;0.00795655;1.187e-05;2.62884e-06;1.30805e-05;0.885327;8.85425e-06;0.000587293
1.04212e-05;0.718491;0.00109043;3.30554e-05;2.54307e-06;2.83002e-05;3.90881e-07;1.14563e-05;2.50295e-09;6.17118e-07;3.11553e-07;7.07999e-05;0.280255;5.18883e-06
3.108e-05;0.0271452;0.000141117;1.62345e-05;7.07402e-05;1.3174e-05;2.61875e-06;0.00318786;6.0009e-05;5.22468e-07;0.000266109;0.967037;0.0008981;0.00113011
2.6613e-06;0.996939;5.87547e-06;4.4443e-06;1.78383e-06;6.13575e-07;8.12248e-07;0.00113603;2.31633e-06;1.13625e-07;4.11167e-05;0.000266558;0.00159519;3.15225e-06
3.23217e-06;0.875423;1.55903e-09;3.22925e-07;5.08557e-08;4.15532e-07;1.21958e-05;0.00162591;3.13681e-07;1.07949e-05;7.16709e-07;0.000138201;0.122766;1.8555e-05
9.99956e-12;7.8716e-12;1;2.62963e-11;5.99705e-11;2.52745e-11;4.983e-12;8.82447e-13;2.54601e-13;1.12392e-11;1.19943e-12;1.25356e-10;5.29511e-12;5.17701e-12
7.83994e-08;1.47235e-06;0.999877;3.12369e-07;1.90003e-07;3.71149e-07;1.06936e-08;3.41591e-05;2.93537e-08;4.67551e-08;9.43127e-08;8.50255e-05;6.18886e-07;9.61334e-07
5.57305e-09;0.000112166;7.42503e-07;1.17866e-07;1.64509e-05;7.74512e-05;1.76936e-11;6.66057e-07;3.50198e-11;1.4072e-07;2.14705e-10;1.33661e-06;7.88292e-06;0.999783
3.49182e-07;0.0488617;1.19414e-08;1.18982e-07;8.83221e-07;1.50264e-06;1.49635e-08;4.90024e-06;4.82791e-08;1.22315e-08;8.67179e-07;0.000274332;0.950833;2.2122e-05
7.95054e-07;0.983003;1.77681e-10;1.42828e-06;1.44782e-06;2.1367e-06;1.05243e-09;0.0114332;8.59809e-09;6.67959e-08;1.06183e-08;6.85435e-07;0.000252772;0.00530475
1.26609e-06;0.0156902;3.31994e-08;2.81689e-06;3.35408e-06;3.16556e-06;1.24873e-07;0.00181115;1.36424e-08;3.6787e-07;7.37213e-07;3.52525e-05;0.982129;0.000322892
5.02194e-06;0.0119258;2.10744e-05;0.00338283;0.000315753;0.00380045;1.01906e-05;0.000453627;4.22639e-05;5.85003e-06;7.44655e-05;0.00368023;0.00202375;0.974259
1.76049e-05;0.936101;5.92132e-06;0.000252564;0.000405405;0.000145582;4.12499e-06;0.00123069;1.2027e-05;8.34368e-06;5.33112e-05;0.0100355;0.0416091;0.0101184
3.25327e-06;0.00195363;3.77182e-10;3.72192e-06;0.00929555;6.04142e-06;2.4927e-06;0.986551;2.62047e-06;1.27073e-05;2.73344e-06;0.000204456;0.00164711;0.000314686
2.07469e-07;7.66447e-07;0.999992;2.12595e-06;3.66828e-07;1.46926e-07;8.36255e-10;2.30067e-08;5.04253e-09;1.54679e-07;1.02253e-06;1.97391e-06;8.48924e-07;4.57655e-08
4.13519e-07;0.0018402;2.9881e-10;5.56794e-10;1.18914e-12;4.44388e-11;0.997932;1.02018e-10;2.80663e-08;0.000217005;7.11964e-06;2.68506e-15;2.79325e-06;5.15515e-07
1.1898e-14;1.12544e-15;1;3.57949e-14;4.34938e-13;1.60686e-13;1.99035e-13;7.8889e-18;1.20112e-14;2.95062e-13;7.04357e-15;1.30465e-12;5.06273e-18;8.76383e-15
