6.459e-13;7.89401e-14;1;3.25833e-13;1.83321e-12;4.39989e-13;6.51891e-12;6.85991e-14;1.70808e-13;1.29968e-13;3.97743e-14;3.91571e-10;3.61207e-13;2.3564e-14
2.70887e-05;0.0134933;0.00176092;3.39159e-05;4.97563e-05;1.48046e-05;3.80071e-06;0.0267352;7.6135e-05;1.38324e-06;0.000668308;0.197972;0.758813;0.000350567
6.2415e-06;0.760633;1.53336e-09;0.000645749;8.65635e-05;0.00115016;2.23056e-08;0.0181575;6.33856e-05;1.43427e-05;9.95536e-05;0.00643061;0.15304;0.0596729
8.16215e-05;0.911825;4.9392e-09;3.65452e-05;8.62123e-06;8.3153e-07;6.51733e-05;0.0870567;2.68027e-06;3.99562e-05;6.34438e-05;0.00019525;0.000469999;0.000153777
0.000153816;0.372784;0.292725;0.000137869;0.00023198;5.38804e-05;6.18039e-08;5.77531e-05;1.67244e-08;8.64007e-06;1.31057e-07;0.266601;0.067021;0.000225186
0.00197066;0.368134;0.000180633;2.48116e-05;0.000117449;0.000515495;0.0028293;0.03747;0.00292262;2.90586e-05;0.0171958;0.291574;0.275148;0.00188815
3.38806e-05;0.884487;2.49421e-09;4.86041e-05;0.0002276;0.000123754;0.000440901;0.000409035;0.00061273;2.45432e-05;0.00402718;0.000721529;0.103501;0.00534289
0.000769332;0.139795;1.99362e-07;0.000112978;0.000363018;9.12884e-06;0.000194125;0.844882;0.00129294;0.000107724;0.00083803;0.00773258;0.00370144;0.000201705
7.06588e-06;0.00231366;0.984261;3.1186e-05;0.000174559;3.61733e-05;4.30073e-07;3.55676e-07;2.26316e-08;1.91088e-06;4.97894e-07;0.000147757;0.012749;0.000275956
2.86171e-05;0.901736;3.45392e-09;9.04741e-08;2.5181e-05;8.59588e-08;8.44996e-06;0.0975942;4.74463e-05;5.76039e-08;1.26605e-05;8.65939e-05;0.000369783;9.04126e-05
3.47901e-06;0.00059206;0.0139128;4.16398e-06;0.0205395;0.000101419;2.50707e-08;1.32126e-05;8.20371e-08;2.16201e-06;5.68434e-08;0.96035;0.000535694;0.00394571
0.00040649;0.00432835;5.14828e-07;9.64476e-08;0.000277251;2.22914e-06;3.0045e-06;0.981856;0.0125795;5.04705e-08;4.2265e-05;3.08057e-05;0.000469014;4.96497e-06
0.000216942;0.954212;1.32789e-08;1.25281e-06;0.000150291;9.345e-07;0.000128051;0.00524944;0.00279216;1.0099e-05;4.94641e-05;0.00317999;0.034;9.32933e-06
0.000213824;0.62687;1.30534e-11;1.08043e-06;0.000158431;3.99807e-06;1.30505e-06;0.00156384;4.65739e-05;1.77808e-06;2.4948e-07;2.44915e-05;0.370942;0.000172316
1.29183e-05;0.000665862;3.40795e-06;1.03271e-07;2.01945e-06;6.42843e-09;1.43175e-07;0.000119456;3.95199e-06;4.8084e-08;3.03788e-07;0.997954;0.0012278;1.0431e-05
0.000109674;0.287786;1.79815e-07;0.0101745;0.0278901;0.0232195;3.00286e-05;0.0199746;0.0171711;5.34716e-05;0.00227866;0.00509531;0.602284;0.00393241
0.00096638;0.0811339;6.47018e-06;0.000172422;3.15813e-05;6.53047e-06;1.5148e-05;6.80679e-05;0.000769083;1.06096e-05;0.000109411;0.770752;0.145746;0.000211972
0.000154414;0.933242;4.78635e-07;2.79232e-05;7.91253e-05;4.1536e-06;0.000336462;0.0451574;0.0200673;3.85909e-05;0.000125029;0.000497729;0.000234877;3.44547e-05
7.00667e-05;0.0119171;0.00976964;2.07388e-05;0.0260703;6.93042e-05;7.8374e-09;8.59912e-05;2.53799e-07;2.43316e-06;9.2713e-08;0.947764;7.26574e-05;0.00415762
5.2119e-06;0.999583;1.61619e-11;6.78384e-11;8.81665e-11;1.99233e-10;0.000395392;5.10962e-07;4.34668e-08;2.7627e-07;1.58444e-09;9.08136e-12;2.33691e-07;1.57854e-05
7.58883e-11;4.43319e-11;0.999995;2.04722e-12;2.08129e-09;3.59261e-10;2.27134e-09;8.519e-13;7.19437e-12;1.30805e-10;7.37067e-14;5.1165e-06;3.24177e-13;1.46831e-10
6.54647e-05;0.752328;2.13782e-06;3.57774e-05;1.25246e-06;4.4467e-05;0.0207999;0.0130935;0.0401558;3.87989e-06;0.00161967;3.94218e-07;0.171849;5.7087e-07
1.94134e-05;0.0243016;2.53059e-06;9.13006e-08;1.26942e-06;7.26403e-08;1.06668e-07;0.974632;1.81959e-06;1.48518e-07;7.23548e-08;8.41718e-05;0.000860185;9.64331e-05
3.14632e-07;0.030674;9.38291e-08;3.65481e-06;2.47367e-05;7.43501e-06;1.60882e-07;0.000203579;3.52364e-06;7.67925e-08;1.15213e-05;0.964834;0.000646567;0.00359029
2.7693e-06;0.988991;3.57993e-07;4.78137e-08;8.66683e-07;2.84927e-10;1.51345e-06;0.0108138;4.91737e-07;5.31084e-08;5.69462e-07;0.000126959;6.10386e-05;5.54667e-08
5.48786e-06;0.000673875;0.0019091;5.53048e-06;0.00210826;5.68815e-06;4.83351e-08;2.9076e-06;4.11627e-08;1.30479e-06;6.46869e-08;0.995183;8.688e-05;1.81299e-05
0.000565037;0.00548926;9.91456e-05;2.22559e-06;9.71426e-05;1.3047e-05;1.31897e-05;0.928528;0.0307636;1.03406e-06;1.98285e-05;4.43922e-05;0.0343582;6.30523e-06
8.84458e-07;0.0170318;7.11618e-09;5.44676e-07;4.73179e-06;0.000272273;8.31599e-08;4.29258e-05;2.56096e-05;1.33971e-07;5.5052e-07;1.95718e-05;0.982595;6.19892e-06
0.000156019;0.000305429;0.973457;2.74899e-05;0.000705381;6.37714e-06;8.55449e-07;5.50178e-07;9.2047e-07;0.000175122;8.2287e-08;0.0226882;0.000241324;0.00223488
0.000515532;0.00225793;6.53777e-07;5.44754e-06;1.93042e-07;1.50133e-06;0.010941;0.00071246;0.923739;4.56709e-06;0.0593077;2.67197e-08;0.0025142;3.74255e-08
1.49568e-06;0.999907;3.16288e-05;1.46042e-07;1.09584e-06;1.76267e-08;1.21352e-08;2.44909e-06;9.86979e-08;3.96511e-07;7.8343e-09;1.10591e-07;3.32718e-05;2.17415e-05
1.60093e-10;1.0965e-09;1;3.04218e-11;2.43537e-11;9.059e-12;4.43079e-09;1.96137e-12;1.07169e-10;3.83809e-10;4.44957e-11;2.07883e-07;6.21371e-11;1.88617e-13
5.65179e-05;0.00109062;4.45497e-05;0.000166393;0.00037743;7.31198e-05;0.000315514;0.123291;0.0906654;4.80083e-05;0.0668822;0.705161;0.011462;0.000365581
0.000299442;0.103213;2.34885e-05;0.000297944;0.00407622;0.000416139;3.38722e-05;0.613114;0.00148185;1.42071e-05;0.00678165;0.0036893;0.266154;0.000405145
3.34296e-05;0.00347985;6.65371e-05;0.000132427;0.000798288;0.000285122;2.9968e-06;0.00265797;0.0001184;1.4378e-05;0.000160542;0.960339;0.0197976;0.0121134
1.161e-05;0.000142629;3.01922e-07;3.52533e-06;1.0694e-05;8.84687e-08;1.30674e-06;0.999762;4.6184e-05;1.85247e-06;9.38748e-06;1.00033e-07;4.34442e-06;5.62949e-06
4.52653e-07;0.999332;9.87495e-10;3.6007e-06;7.88301e-05;3.5404e-08;1.0784e-08;0.000237572;8.85877e-08;6.60236e-07;5.55401e-08;0.000104118;3.98441e-07;0.000241706
0.000575626;0.00976953;0.0169028;0.00194832;0.00124309;0.00109686;0.000184192;7.89455e-05;3.10533e-05;0.000596242;0.000931708;0.945235;0.00210742;0.0192994
0.00017236;0.98629;7.54946e-10;2.16241e-05;7.77144e-05;1.07378e-05;5.24022e-05;0.00710675;0.00035007;7.35331e-07;6.66881e-05;5.66697e-05;0.00572987;6.39117e-05
0.000170718;0.102283;3.85108e-07;4.79536e-05;0.000142228;0.00192473;8.45991e-07;0.00133973;4.66791e-06;1.04724e-06;1.81692e-05;0.000474244;0.893243;0.000349193
3.43341e-05;0.767567;4.40286e-07;0.000198396;3.34324e-05;4.80991e-05;0.0122873;3.46904e-05;2.9451e-05;0.00113046;8.68764e-05;5.69997e-07;0.000147885;0.218401
7.09654e-12;9.06447e-13;1;4.75232e-12;2.39148e-11;8.31008e-13;5.12269e-09;2.82504e-13;6.99604e-12;9.2798e-12;1.04579e-11;2.79574e-08;1.14706e-14;2.82124e-14
0.000457119;0.74521;0.000146308;1.35131e-05;4.20975e-06;0.000101415;0.0195354;0.0879953;0.0286234;7.88852e-05;0.0090791;0.00252424;0.106228;2.84978e-06
0.000113514;0.92114;9.12271e-07;0.00516908;0.00178137;0.000787502;0.00147584;0.000199448;0.00916992;0.00305961;0.0126346;0.0128267;0.012457;0.0191848
0.000403086;0.00097208;8.92342e-08;3.13029e-08;1.87628e-06;1.01768e-09;1.51748e-08;0.998402;5.12966e-07;2.34633e-08;1.12538e-07;0.000183608;3.62043e-05;1.37521e-07
1.79262e-06;0.988356;2.62812e-06;1.12845e-05;0.000119327;0.000219388;1.37539e-05;0.00558591;4.78095e-06;4.36702e-06;1.33903e-06;1.18387e-05;0.0045449;0.00112245
1.19698e-10;6.92654e-10;1;3.78933e-10;5.3782e-09;3.58287e-11;1.74298e-09;3.05693e-11;8.41065e-12;4.16922e-10;1.92744e-11;9.24968e-08;9.60157e-11;5.35433e-10
4.23394e-07;0.000566923;0.996379;7.74424e-08;9.00917e-07;9.29777e-07;9.6907e-09;3.32147e-05;6.36174e-09;4.05356e-08;6.35992e-09;0.00300105;1.42837e-05;2.9133e-06
2.20552e-08;8.70973e-05;4.62048e-07;1.25405e-07;0.00310259;0.931193;9.29937e-11;3.98331e-07;5.28316e-09;7.14177e-08;4.15857e-09;1.02853e-06;6.72021e-06;0.0656086
3.06412e-06;0.00349981;7.09972e-07;4.43934e-07;0.00098791;0.000108329;4.20786e-09;0.00383668;8.74872e-08;3.81859e-08;1.00604e-06;0.129385;0.862151;2.63295e-05
4.6453e-06;0.016478;2.21103e-08;5.66004e-07;6.21244e-05;1.80291e-06;4.26188e-07;0.982028;0.000133231;2.00653e-08;5.63929e-06;4.81204e-06;0.00128026;6.00064e-08
4.51015e-06;0.999536;4.46353e-06;2.11408e-07;3.01589e-07;1.70324e-08;2.024e-09;0.000226965;1.86699e-08;1.15023e-07;1.68459e-08;0.000113941;3.71647e-05;7.59921e-05
1.72219e-09;0.999987;1.69198e-12;4.75728e-11;2.95862e-08;2.17968e-10;1.02794e-07;1.58358e-09;1.25045e-11;2.23354e-08;2.77465e-12;1.44479e-12;3.94643e-07;1.23574e-05
4.20917e-11;3.95093e-14;1;2.17275e-11;3.50109e-09;3.80906e-11;6.77436e-10;6.69786e-13;2.47331e-12;5.74945e-11;9.29221e-12;3.18682e-07;2.30066e-14;3.42269e-10
1.97834e-05;0.789093;6.68777e-08;1.08501e-05;7.76719e-05;5.71435e-05;1.37179e-05;0.0211587;0.000374207;4.54492e-08;0.000549843;0.000604556;0.188013;2.66335e-05
4.72339e-06;0.996045;3.02497e-08;2.60462e-06;7.88127e-05;1.72972e-06;1.09363e-06;0.00258223;1.65372e-06;3.39378e-06;7.83182e-06;0.000678778;0.00041768;0.000174125
0.000170222;0.0171385;2.71583e-07;2.98573e-05;0.0179795;0.000786125;3.5179e-06;0.299571;0.000283126;4.59315e-06;7.31772e-05;0.000981374;0.662603;0.000375864
0.000218387;0.040125;7.70349e-06;9.24938e-05;0.000144957;7.98759e-05;6.96005e-07;0.0814084;0.000137219;4.12719e-06;5.59069e-05;0.262073;0.613897;0.00175483
8.50967e-08;0.999241;3.882e-12;1.7935e-09;2.55358e-08;2.36388e-10;6.2842e-07;1.06237e-07;2.88009e-10;1.91026e-07;7.78597e-10;1.55257e-08;1.49265e-06;0.000756045
4.34772e-10;5.0011e-12;0.999957;8.33156e-10;3.1526e-08;3.46231e-09;1.35755e-09;2.76156e-11;2.60028e-09;1.20178e-10;2.21639e-10;4.32386e-05;1.1636e-11;1.99814e-09
1.41113e-07;0.999108;6.09112e-11;1.06205e-08;4.03988e-09;4.06506e-09;0.00045522;0.000361682;2.03146e-07;4.79302e-07;1.12551e-07;3.539e-11;6.15207e-05;1.28804e-05
7.14955e-12;3.2757e-12;0.999997;2.79948e-11;1.60204e-10;3.93379e-11;2.55933e-09;1.91144e-12;5.44569e-11;2.51267e-10;1.83344e-11;3.04056e-06;1.3282e-13;7.85549e-10
1.56353e-05;0.428116;2.7772e-06;0.00105218;2.88274e-05;0.000145892;0.000346813;0.0214127;0.098304;7.97944e-07;0.102826;0.000550121;0.3471;9.82118e-05
3.87057e-06;0.00542857;8.32643e-07;2.55037e-08;3.90485e-06;2.72497e-08;5.67746e-10;0.994185;3.99065e-08;2.79569e-08;4.31021e-08;0.000127349;0.000236927;1.33206e-05
1.26266e-06;0.0356459;9.79695e-06;8.87418e-06;0.00721054;0.0032911;6.13514e-09;0.00331178;1.30088e-06;1.37345e-07;8.18621e-06;0.872242;0.00326288;0.0750061
1.20333e-06;0.993757;7.52202e-07;2.41567e-06;3.91784e-05;1.02193e-05;1.37458e-08;0.000523118;2.2167e-07;3.78798e-06;1.30577e-06;3.64052e-05;0.00555993;6.41921e-05
5.59522e-05;0.000624207;5.30195e-08;7.82685e-06;0.888479;0.0890514;4.92607e-06;0.000973497;0.000313631;5.35065e-05;1.8368e-05;0.000163654;0.0197251;0.000528693
0.00102169;0.996571;9.16845e-09;1.53118e-06;1.60903e-06;3.38107e-07;5.32649e-06;7.27801e-05;0.0016075;6.86405e-07;1.03503e-05;3.65897e-05;0.00067051;2.51975e-07
0.000985482;0.00203124;1.35755e-08;1.13921e-06;3.09961e-06;5.66957e-08;1.38165e-06;0.996354;0.000554429;3.60229e-07;7.04943e-06;4.72539e-06;5.70645e-05;2.99822e-08
9.41364e-06;0.982518;1.73698e-06;9.62083e-05;5.25693e-05;1.21885e-05;3.16839e-06;4.82931e-05;2.04995e-06;9.99399e-05;1.88927e-06;6.42333e-05;0.000155745;0.0169348
1.4021e-06;3.66576e-07;0.999935;2.51691e-07;7.05891e-08;2.89557e-07;4.07346e-06;6.12916e-09;3.40627e-07;1.15405e-07;1.60963e-05;3.89992e-05;7.6317e-08;3.03353e-06
2.06097e-07;0.0128591;1.08699e-07;2.83217e-09;5.2076e-06;6.39801e-09;4.83094e-10;0.987084;6.77361e-10;5.7789e-10;1.36842e-08;1.07574e-05;3.23886e-05;8.15653e-06
1.62578e-06;0.00413818;1.46954e-06;1.13184e-05;0.000335926;6.8493e-07;1.09684e-06;0.000422171;0.000171957;2.45152e-06;0.0012083;0.993356;0.000202574;0.000146439
9.7189e-05;0.98383;1.19979e-08;2.10933e-06;9.47123e-08;3.6681e-06;0.00062586;0.000152656;0.0101967;2.43613e-06;0.000412292;1.30915e-06;0.00467523;5.89456e-08
1.64827e-05;0.00592141;0.00698101;3.4492e-05;8.38615e-06;5.73288e-06;8.52917e-08;0.000194361;5.3174e-06;2.2874e-06;1.24658e-06;0.986424;0.000371235;3.41049e-05
9.57073e-07;0.995522;3.0158e-11;9.67412e-07;9.42453e-08;1.18022e-07;9.4012e-06;0.00136378;0.000104256;4.29062e-08;0.000107847;6.57177e-07;0.00288936;1.00761e-07
2.50163e-05;0.96153;0.0261592;2.06065e-05;0.00012774;8.05165e-06;4.08724e-09;1.71561e-05;8.35563e-08;3.13277e-07;2.11237e-07;0.0111681;0.00088923;5.47004e-05
3.83185e-06;0.997116;1.27296e-07;1.41399e-06;8.34253e-07;2.47397e-08;6.03504e-07;0.00058097;6.44894e-07;1.3324e-06;1.45731e-06;6.25546e-05;0.00222933;1.17184e-06
8.19668e-06;0.992076;2.49155e-08;1.58361e-05;0.00407534;3.80832e-07;6.10269e-07;0.000183476;4.21134e-07;5.5122e-06;4.66381e-06;0.00151704;0.000146483;0.0019658
1.79491e-05;0.000207118;2.46337e-08;1.84184e-07;4.12887e-06;1.2568e-06;1.38073e-07;0.997418;1.80267e-06;6.72321e-07;5.29465e-07;3.38666e-05;0.00231429;2.38684e-07
0.000490278;0.00619991;1.48366e-09;7.25737e-05;0.000240379;1.05612e-05;5.99221e-06;0.954308;0.017014;4.58328e-07;0.000884977;2.02422e-05;0.0206544;9.78861e-05
2.201e-06;0.00017584;1.77188e-12;6.94618e-10;5.32822e-09;9.3133e-11;6.53905e-10;0.999819;8.91644e-08;1.75413e-10;1.72719e-09;1.59374e-09;3.05788e-06;2.22855e-08
1.11946e-09;1.53842e-06;2.079e-07;8.07122e-07;2.2466e-05;4.55425e-05;5.42308e-12;9.37189e-07;3.02665e-09;4.79155e-09;3.92059e-10;0.00194478;1.06431e-07;0.997984
3.19878e-07;0.000272692;1.74339e-09;7.75925e-08;5.66315e-09;5.28443e-09;3.91658e-08;0.00016526;3.71628e-06;2.60105e-10;4.64732e-05;2.81687e-08;0.999511;7.61221e-09
6.71369e-06;0.0064077;1.06146e-06;3.47392e-07;2.25098e-07;6.81366e-07;1.33036e-08;7.85995e-06;2.288e-06;3.26269e-08;1.58505e-06;0.989453;0.00406255;5.55339e-05
1.95724e-07;0.999166;3.10692e-10;2.78571e-08;1.6846e-06;4.00975e-07;2.13143e-06;0.000174146;6.42207e-10;2.79324e-05;3.99029e-08;1.248e-08;0.000223586;0.000403627
4.96438e-11;1.75968e-11;0.999996;1.39986e-08;6.71461e-07;9.53072e-07;6.49132e-10;3.23417e-11;2.46926e-12;2.24234e-08;1.42745e-10;4.7893e-09;1.83009e-12;2.23241e-06
1.40009e-06;0.00279764;3.21154e-09;9.4758e-06;1.45518e-07;0.000437241;1.25259e-05;5.29444e-05;8.52137e-07;8.61798e-08;2.88417e-05;4.34365e-08;0.996658;6.67424e-07
1.48849e-06;0.00154568;0.995372;1.70827e-06;6.85279e-09;5.44562e-09;0.00285716;3.2757e-09;2.37557e-08;0.000156491;2.33956e-06;1.52748e-05;7.48243e-08;4.76366e-05
1.1816e-09;1.82631e-09;0.999997;1.44811e-09;1.78588e-09;1.43249e-10;3.00304e-06;8.55638e-13;5.94422e-09;1.85065e-08;1.13885e-08;4.81687e-08;3.89111e-12;2.58381e-09
2.66444e-06;0.947904;9.81278e-09;1.00756e-05;1.70508e-06;1.75465e-06;0.000106652;0.0099018;0.001068;3.19417e-06;0.000387043;1.27804e-05;0.0406007;2.72458e-07
9.31632e-07;0.000398218;0.00453622;5.07742e-05;6.726e-06;4.07648e-06;1.35248e-08;3.72469e-06;8.34701e-09;3.3672e-06;2.71408e-07;0.987554;2.86004e-05;0.00741311
3.54157e-07;0.000991335;3.84292e-09;6.42998e-09;2.88739e-11;4.70159e-10;0.998994;1.57444e-09;9.98279e-08;8.83007e-06;4.5597e-06;4.65365e-11;2.7787e-07;6.35643e-07
3.42452e-09;7.07941e-09;0.999994;1.70787e-08;5.66731e-09;1.85905e-09;5.96265e-06;6.19683e-12;1.308e-07;7.44671e-09;3.88623e-08;6.47565e-08;2.42284e-11;1.02823e-10
3.56394e-07;0.999993;1.19125e-09;1.74373e-09;2.65567e-10;3.98047e-11;3.02556e-06;1.30932e-07;6.89208e-08;6.82134e-08;1.63609e-08;7.09862e-10;3.09326e-07;2.77634e-06
2.24482e-12;6.89742e-12;1;4.64933e-12;6.05374e-11;1.1234e-13;4.77065e-12;1.70066e-15;4.13569e-13;3.90829e-12;1.21809e-13;2.33877e-09;4.46934e-14;1.26995e-10
3.97436e-06;3.3188e-05;0.000571092;3.17016e-05;0.00112574;3.28211e-06;3.48806e-08;0.961398;2.36838e-05;4.45667e-07;9.31065e-05;0.0279481;3.24472e-06;0.00876405
2.60262e-07;0.000126748;6.64307e-09;4.24122e-08;0.00027638;1.79537e-07;2.55523e-07;0.999399;6.69327e-07;8.60427e-08;1.96602e-06;2.8229e-07;0.000193972;6.49567e-08
3.62671e-10;5.33763e-08;0.999828;3.81671e-08;1.50827e-06;2.25002e-07;3.01551e-13;2.63495e-08;2.90439e-12;3.20155e-09;6.14079e-12;0.000169793;6.27586e-09;3.32284e-07
1.80863e-06;0.978885;4.18483e-05;5.60967e-06;8.3773e-07;5.45154e-06;2.34084e-06;0.0204687;0.000218233;2.74547e-08;4.91635e-05;4.95393e-05;2.83332e-05;0.000243471
