4.29763e-06;0.999864;2.31914e-05;1.0738e-06;1.11152e-06;4.38026e-09;6.36978e-07;4.65464e-05;7.3851e-09;2.73673e-07;1.50017e-08;1.96571e-06;4.86101e-05;8.08025e-06
4.08169e-05;0.989502;4.39841e-08;4.47592e-05;1.50409e-05;0.000205942;2.56674e-07;0.0026081;3.34884e-05;2.10016e-06;1.27771e-05;0.00212401;0.00518819;0.000222031
0.000136975;0.989484;3.2882e-08;1.43621e-06;2.45669e-07;1.9019e-06;5.30384e-05;0.00373764;2.40396e-05;5.11951e-05;6.42556e-06;7.50202e-05;0.00641243;1.55991e-05
9.02332e-05;0.00218872;5.00396e-08;4.98657e-05;0.000138571;5.27409e-05;2.31374e-05;0.000513485;0.000870604;6.62253e-06;0.000114362;0.995248;4.09081e-05;0.000662815
2.90754e-08;2.12945e-05;0.999979;5.22506e-10;1.0667e-08;1.32581e-12;1.65386e-09;7.35266e-10;5.71733e-11;9.64316e-11;7.945e-13;7.01346e-09;5.16791e-09;4.96031e-08
3.45627e-06;0.983501;1.65713e-10;1.04072e-07;2.13872e-06;2.87865e-09;2.69426e-07;4.95178e-05;6.01567e-06;1.2383e-07;1.79164e-07;2.71205e-05;5.79185e-08;0.0164098
7.52293e-08;0.000163713;5.15918e-06;4.95249e-08;4.75451e-05;1.53062e-05;1.07998e-11;3.02982e-06;4.34577e-10;7.48728e-10;2.19001e-10;0.994901;0.000301494;0.00456233
1.95499e-07;0.996221;3.67761e-09;1.53639e-08;2.10128e-08;1.99664e-08;0.000109758;0.0034446;5.08437e-07;1.85879e-07;5.92068e-08;5.70711e-09;1.09384e-05;0.000212214
4.72396e-13;6.98498e-12;1;4.80409e-13;5.69659e-11;1.83967e-12;3.20603e-12;8.73583e-13;3.09556e-13;5.95202e-13;1.26081e-13;2.53361e-10;2.96792e-14;1.75165e-12
3.34022e-07;0.00202089;7.98149e-09;3.36639e-08;3.65202e-09;3.34525e-06;1.75506e-06;0.000260842;1.93774e-05;3.42643e-08;5.37068e-05;1.53272e-07;0.99764;2.93138e-08
2.47358e-08;5.32123e-05;0.978247;8.61804e-08;3.42624e-09;8.15429e-10;6.04347e-08;2.25242e-09;6.58597e-10;2.37454e-07;1.30184e-08;0.0216993;1.24157e-07;5.66033e-08
1.935e-08;0.999918;3.6908e-13;1.87523e-09;2.89917e-07;8.02352e-10;4.62292e-05;2.50528e-05;1.65818e-08;3.32451e-07;2.34586e-08;7.72247e-13;6.77146e-06;3.79483e-06
2.02354e-07;1.47161e-05;0.999945;9.65558e-09;2.16856e-07;5.07187e-08;1.06624e-06;2.95445e-07;2.79856e-08;1.18171e-07;1.1306e-07;1.57863e-08;3.86807e-05;1.04709e-07
3.64467e-09;5.55199e-08;1;1.50503e-09;6.003e-09;1.67627e-10;8.5986e-09;9.85329e-10;6.84073e-10;3.02789e-10;3.62843e-10;3.80225e-09;3.94612e-10;2.72642e-09
7.73646e-08;1.91879e-05;0.00172592;4.29664e-07;8.72739e-08;1.05928e-06;7.79387e-10;1.36993e-05;5.86254e-07;1.47006e-08;4.38234e-08;0.998237;1.2426e-07;1.60277e-06
1.78462e-05;0.00448971;1.19361e-06;1.23109e-06;0.000227484;0.000104617;2.93785e-06;0.99437;8.77422e-06;4.56841e-07;1.2943e-05;3.30584e-07;0.000494953;0.000267101
2.4988e-09;0.999816;1.07381e-12;1.71542e-09;2.92135e-10;5.16224e-09;3.86913e-07;6.48696e-09;1.2857e-11;3.95681e-07;8.89929e-12;2.84357e-07;1.5686e-06;0.000181293
9.36204e-11;8.45437e-11;0.999998;4.26259e-09;1.01035e-07;8.38237e-08;4.25939e-10;5.50329e-09;1.36068e-11;1.50267e-09;7.16513e-12;2.26898e-06;1.01398e-09;3.56669e-10
6.16764e-06;0.889078;2.51461e-06;5.32331e-05;4.12519e-05;2.619e-05;0.000213416;0.0734164;0.000178511;4.25764e-06;0.000762371;1.73878e-05;0.0362;1.97681e-07
2.44874e-06;0.998685;4.68686e-07;9.66909e-07;9.3128e-06;6.10153e-07;3.88728e-06;0.000884511;3.45755e-07;2.40752e-05;2.36547e-07;5.01172e-09;0.000287457;0.000101112
1.21449e-12;8.58885e-11;1;8.38633e-13;7.67356e-13;2.36669e-13;8.65964e-11;7.77563e-16;1.3275e-14;3.98275e-12;7.21408e-14;1.27167e-09;1.6017e-13;3.43336e-12
5.52152e-08;3.4646e-05;5.83427e-06;7.00485e-09;7.23364e-07;1.11474e-08;1.47081e-07;0.000228182;9.56487e-08;4.05286e-09;1.55824e-06;0.999602;6.3468e-05;6.35699e-05
3.08439e-06;0.402984;1.05771e-08;1.80128e-05;6.75541e-05;1.62821e-05;3.90588e-05;0.429683;6.13988e-05;6.38943e-07;0.000514923;0.0256355;0.140964;1.32387e-05
3.86583e-06;0.784606;1.94567e-08;2.67367e-05;0.000188775;1.14989e-05;2.24544e-06;0.197015;1.69655e-05;2.71615e-06;2.85694e-05;0.00866633;0.00889655;0.000534387
6.35261e-05;0.903204;1.68032e-05;0.000242717;2.97991e-05;1.45918e-05;1.4082e-05;0.00046236;0.000390409;1.59225e-05;0.000626343;0.0419818;0.0116197;0.0413182
1.41581e-05;0.00692927;1.01142e-07;3.69514e-07;5.42692e-05;9.82936e-08;2.71615e-08;0.990345;2.21224e-06;1.67687e-07;2.34052e-06;0.00213481;1.60846e-05;0.000500849
2.41011e-06;0.00288895;0.917276;9.5536e-06;0.00115982;0.00020791;1.59955e-06;0.000197945;3.20134e-08;1.21439e-05;7.09352e-07;0.0763032;2.56491e-05;0.00191459
6.43088e-07;0.00577327;9.0723e-13;5.17902e-10;3.16463e-08;7.1212e-09;2.12526e-08;0.989521;3.0986e-07;4.60103e-11;3.52787e-07;3.60305e-07;0.00470392;4.73613e-10
5.15735e-06;0.99749;0.000429836;2.04638e-06;1.68522e-05;5.31837e-08;9.23201e-08;5.57096e-05;5.08462e-08;7.26646e-07;3.04843e-09;2.70268e-05;8.65064e-05;0.00188571
2.87759e-05;0.935095;5.06364e-09;1.87707e-05;1.24676e-05;7.9899e-06;1.78093e-07;0.00911994;0.000678625;6.3103e-07;5.48632e-05;0.000147746;0.0548309;4.56115e-06
7.9858e-05;0.00544988;0.0212414;2.89403e-05;9.63208e-06;1.51984e-06;5.37725e-08;4.76673e-05;3.68641e-07;5.0777e-06;3.86376e-06;0.972472;2.04295e-05;0.000639593
4.11104e-06;0.994464;1.52109e-11;3.41084e-08;9.55109e-08;4.10562e-08;0.00422632;3.98365e-06;1.91463e-08;4.39961e-05;1.19606e-07;2.25625e-10;6.60598e-05;0.00119087
1.14253e-12;2.30437e-14;1;9.4484e-12;8.54566e-11;1.25125e-10;8.4438e-12;2.41745e-14;5.16948e-13;1.69971e-12;4.24464e-12;1.72425e-09;7.15516e-16;6.79703e-11
2.27475e-06;0.959697;2.02047e-08;2.11493e-06;4.98203e-06;1.56526e-07;8.11399e-06;0.00123029;5.49812e-06;9.43336e-08;0.000187445;2.60789e-05;0.0388358;7.45041e-07
4.75314e-06;0.00189447;2.55324e-07;0.000450188;0.00117531;0.000467458;7.23782e-09;0.981342;4.79404e-06;2.89402e-06;0.000353206;0.000808372;0.00405959;0.00943669
5.94349e-07;0.998876;4.41656e-10;1.61102e-08;8.46984e-11;3.16325e-10;1.55644e-06;1.28254e-09;3.83914e-09;2.76261e-07;1.26653e-06;1.64668e-06;6.41738e-07;0.00111844
5.39863e-05;0.00991824;1.3222e-05;7.04798e-06;1.1746e-05;2.62153e-05;0.0955022;0.000855191;0.0291822;3.45446e-07;0.831879;0.000562069;0.031988;1.73044e-07
3.30685e-07;0.993361;1.92024e-10;3.36319e-07;1.56791e-05;1.94271e-05;2.05699e-09;0.000930186;2.27026e-05;8.04656e-08;2.53744e-07;4.0098e-07;0.00326178;0.00238805
2.84053e-06;0.991664;7.46451e-10;1.22052e-05;0.00156231;2.25242e-05;1.58125e-07;0.000903546;4.57298e-05;5.97394e-05;1.87506e-05;0.0027006;0.000929716;0.00207794
0.000164023;0.984229;3.51141e-06;2.35663e-05;0.000179416;4.88907e-06;0.000493306;0.000807078;0.000423707;5.8589e-05;0.00188516;0.0103285;0.00128239;0.000116444
2.70633e-05;0.000281994;2.13245e-07;4.68381e-06;4.2376e-06;2.00023e-07;5.49337e-07;8.38188e-06;0.00011477;1.35655e-07;0.00129054;0.992499;0.00576753;3.14784e-07
5.99157e-06;5.45379e-05;4.80749e-08;3.92911e-10;5.67256e-07;2.7099e-09;4.05495e-11;0.999932;2.51065e-08;1.88069e-10;8.00361e-10;4.30401e-06;2.92915e-06;4.87712e-08
1.66908e-08;0.00413636;7.5332e-05;2.64108e-07;9.25732e-05;1.18635e-05;9.80144e-12;0.00012873;1.0474e-08;3.66374e-09;2.75424e-08;0.991932;0.000111245;0.00351153
5.15274e-08;0.998777;2.98458e-06;1.83368e-06;7.69414e-06;1.45598e-06;1.46919e-07;2.15515e-05;1.97519e-08;3.43131e-06;8.06918e-07;7.79126e-06;0.00114861;2.70353e-05
1.58129e-06;3.82227e-05;2.79277e-08;1.95019e-06;0.99276;0.00579002;7.214e-07;7.65585e-05;1.70223e-05;4.50981e-06;4.93955e-06;0.000724384;0.000325987;0.000253934
0.0190508;0.960079;2.55348e-06;1.88655e-06;1.52219e-06;9.6653e-09;0.000594177;0.00026279;0.00278758;1.18307e-06;2.45639e-05;1.57999e-05;0.0171778;8.85255e-08
0.000355923;0.983219;2.7996e-08;4.57517e-05;5.08329e-05;2.28383e-05;2.03999e-06;0.00633924;0.00119926;2.88425e-06;2.58829e-06;0.00834808;0.000308848;0.000102841
5.76727e-05;0.234617;3.97303e-07;3.04751e-06;7.51934e-07;5.69149e-06;6.32539e-06;0.000879236;1.50246e-05;5.41916e-07;7.87483e-06;0.000496352;0.763905;5.04973e-06
2.16033e-05;0.00829935;5.10859e-09;3.55306e-05;0.000528171;2.86998e-05;8.39683e-05;0.990565;0.000148569;5.88686e-06;1.92883e-06;2.96629e-05;6.71365e-05;0.000184414
0.000389043;0.68752;0.224839;0.0547129;0.00763128;0.00222849;1.41698e-05;9.83622e-05;1.97849e-05;4.17907e-05;1.36979e-05;0.00427765;0.0149093;0.00330456
3.01877e-06;0.999313;1.17435e-09;3.43595e-07;1.71985e-05;1.20175e-08;9.0631e-06;0.000312656;2.23534e-05;1.65246e-08;4.77529e-06;0.000307355;6.21781e-06;3.66396e-06
4.49202e-06;0.0235182;0.0838517;1.42183e-05;0.033732;0.000141238;6.7575e-09;0.00105896;1.95221e-09;7.6934e-07;5.48846e-09;0.79682;0.00114507;0.0597137
4.65095e-06;0.986344;1.43891e-07;4.86471e-07;1.57224e-06;1.13923e-05;1.06822e-06;0.00644505;5.74092e-06;1.20914e-08;2.1419e-06;0.000434972;0.00510558;0.00164318
2.07557e-08;0.000193537;4.66874e-11;2.55495e-09;7.43225e-07;6.70793e-08;6.40463e-10;0.00120969;1.25215e-08;4.47158e-10;6.41594e-08;1.39497e-07;0.998596;5.62269e-08
2.67014e-07;0.000248021;5.12104e-08;1.2516e-07;8.54978e-08;5.01211e-08;5.4008e-09;2.93586e-06;5.96836e-07;3.23755e-08;8.59449e-07;0.999386;0.000355609;5.50657e-06
9.32988e-07;0.999585;0.00010453;1.12127e-05;1.27718e-06;1.00034e-07;1.29499e-07;4.43573e-06;1.01513e-07;1.47249e-07;7.75711e-07;0.000267745;2.36672e-05;2.86951e-07
3.1512e-07;2.50159e-06;1.09392e-11;4.54027e-10;2.27466e-07;3.38941e-09;1.22688e-10;0.999997;5.52448e-09;3.6281e-10;8.64168e-10;4.59279e-10;1.51834e-07;1.58698e-08
8.87462e-09;1.09195e-05;2.12456e-07;6.25201e-07;9.3666e-05;0.000177551;9.73494e-11;5.02834e-06;5.1358e-09;6.7452e-09;9.50403e-09;0.00592604;1.12007e-06;0.993785
3.58565e-09;5.4416e-06;2.88411e-12;6.13935e-10;2.10931e-09;9.8841e-10;2.97905e-10;1.60068e-06;8.25485e-09;1.64341e-12;2.10489e-07;8.43439e-09;0.999993;1.3101e-10
3.72305e-06;0.0236941;2.94954e-05;7.3718e-07;7.98047e-06;5.25244e-07;7.02202e-09;0.00318011;6.14528e-07;5.88094e-08;1.45695e-06;0.969737;0.00310434;0.000239601
2.07999e-07;0.992058;8.08685e-09;9.37763e-05;0.000106037;0.000136344;1.05889e-09;0.00416422;1.392e-06;3.58534e-07;2.13943e-05;0.00196514;0.00111927;0.000333933
7.39443e-05;0.0887492;8.93465e-07;7.40857e-06;2.10802e-05;1.29173e-07;5.10005e-06;0.909397;4.15656e-06;9.23997e-06;0.000680233;0.000832117;3.7001e-05;0.000183027
4.94795e-06;0.00256763;0.977479;0.000217952;0.00031053;2.49395e-05;3.68609e-06;3.17763e-07;3.395e-08;1.8445e-05;0.000368351;0.0150878;0.00387645;4.00356e-05
0.000468834;0.925403;3.04828e-06;6.3809e-07;5.87961e-06;4.33681e-05;1.47965e-05;0.0182913;1.83064e-05;2.098e-07;0.000730977;0.000106671;0.0549059;7.15868e-06
0.000584086;0.466651;1.15426e-07;7.23213e-05;0.000841947;0.000247939;3.50632e-05;0.00010154;0.000511177;2.20002e-05;0.000651573;0.291526;0.238255;0.000500666
0.0991722;0.0248139;4.18603e-07;2.09981e-08;3.4417e-05;7.88043e-09;1.29164e-09;0.871896;6.09332e-06;6.43837e-09;1.38302e-08;0.00399677;7.86398e-05;1.28214e-06
1.79219e-06;0.00416822;5.70158e-07;2.23251e-06;0.000176831;0.000132439;3.91052e-09;0.0046707;1.75131e-06;6.54081e-08;4.50395e-07;0.94504;0.00134855;0.0444563
2.05613e-06;0.00244927;1.55653e-09;1.11816e-05;6.06917e-06;5.20916e-07;4.15203e-08;0.0156538;5.40282e-05;3.59347e-08;0.000236097;1.84634e-05;0.981568;4.96392e-07
0.000275543;0.0164352;0.000138433;2.17029e-06;2.51956e-07;6.79812e-07;1.70232e-08;7.13083e-05;3.76827e-07;4.68943e-08;4.7021e-07;0.0867919;0.896233;5.05158e-05
5.661e-08;0.000566938;3.74234e-09;3.02046e-08;0.000181712;6.66825e-09;3.84101e-09;0.999232;4.04528e-07;1.48968e-08;5.38414e-08;4.7266e-08;1.83817e-05;3.29881e-07
1.22046e-07;7.54137e-05;0.997818;0.000220821;0.00032894;0.000216788;2.90875e-09;5.4737e-07;2.16394e-07;7.24878e-05;1.13344e-06;0.000964011;1.43138e-05;0.000287234
0.00163882;0.0825728;2.78045e-06;7.12635e-05;7.74593e-05;4.93451e-05;0.000867332;0.00655476;0.71767;3.74833e-05;0.167111;0.000180819;0.0231465;1.96908e-05
