6.06888e-06;0.999264;1.54418e-08;4.07936e-07;3.29723e-06;3.7767e-07;1.21666e-07;0.000174625;3.2149e-06;1.07571e-07;4.43611e-06;2.18188e-05;0.000432344;8.9372e-05
2.94685e-07;0.999837;3.08655e-08;7.80126e-09;4.14554e-07;1.34096e-08;3.39725e-06;1.49661e-05;3.80943e-10;1.22093e-05;1.0301e-09;8.46436e-10;7.77903e-05;5.35194e-05
5.83646e-09;3.47347e-08;0.999979;1.10083e-06;5.26371e-06;2.12646e-06;1.19209e-07;8.27518e-10;9.70531e-09;1.09178e-07;1.16218e-07;1.01293e-05;2.81931e-10;2.04637e-06
3.59888e-06;0.99275;4.87254e-07;1.89908e-06;1.85945e-06;4.14023e-05;2.99098e-07;0.00251554;9.05033e-07;6.2867e-07;9.94492e-07;0.00015179;0.000400084;0.00413048
5.28244e-08;0.00033213;1.11318e-09;7.33484e-08;6.67569e-07;1.88174e-06;3.67617e-09;7.74813e-05;1.36433e-07;3.0274e-09;2.59199e-06;1.08403e-05;0.999572;2.42699e-06
2.08022e-05;0.00252701;1.10483e-05;3.33849e-07;1.0404e-06;9.924e-07;1.69682e-09;0.00275709;3.2029e-06;4.03411e-08;1.04024e-06;0.990511;0.00416011;6.27691e-06
1.28401e-06;0.920228;6.17882e-08;1.0487e-08;1.92602e-07;5.49401e-08;2.84658e-09;0.0773965;2.7058e-07;8.72984e-09;7.46977e-07;0.00145392;0.000918295;2.74102e-07
4.62927e-06;0.660417;0.00294399;0.00172515;0.0195025;0.0342738;0.000302145;0.170104;5.87741e-05;0.020238;1.81111e-05;0.00543361;0.0439893;0.0409894
1.57461e-09;2.82532e-09;0.999999;1.06741e-09;1.86593e-11;3.41441e-12;3.81853e-07;1.83811e-11;1.67561e-09;3.44987e-10;1.47922e-07;1.02348e-09;1.58826e-11;1.60284e-12
0.000339133;0.0434301;0.63391;2.69568e-05;1.83068e-05;2.64354e-05;8.26178e-06;0.00772951;0.000280064;4.63461e-06;0.000601638;0.313104;7.87965e-05;0.00044226
0.000212748;0.0126627;5.90951e-07;4.64687e-05;0.0102853;0.256921;5.39582e-07;0.00665156;0.000290764;9.26823e-06;4.82363e-05;2.60963e-06;0.00176282;0.711106
2.26189e-06;0.000377519;4.24057e-05;6.90349e-07;0.102136;0.000891459;2.82695e-10;0.0964657;1.69202e-07;5.00188e-09;8.67663e-09;0.686686;0.000299345;0.113098
5.40225e-06;0.419844;5.52319e-06;6.27884e-07;0.0147064;3.56288e-05;1.18708e-11;0.377597;3.43773e-09;4.10324e-09;1.52274e-09;0.150252;0.0372266;0.000325802
4.87462e-08;0.987808;1.34416e-10;2.76134e-08;1.91685e-08;7.4283e-09;1.1313e-07;2.44662e-05;6.05423e-10;1.71012e-07;4.35902e-09;9.75205e-08;7.10728e-06;0.0121604
0.000235962;0.752686;0.000136836;0.000649376;0.000125739;0.000124689;0.110828;0.0686559;0.00413918;1.71019e-05;0.05299;7.50954e-06;0.00939823;5.93102e-06
3.43365e-06;0.0047032;7.23798e-10;1.24256e-07;1.83295e-08;4.76659e-07;2.29844e-09;6.34383e-06;7.20868e-08;1.07092e-08;2.22121e-08;1.53874e-06;0.995283;1.67983e-06
2.41786e-05;0.0531194;0.000125586;1.47625e-05;1.86093e-06;2.16568e-08;9.27787e-07;3.11024e-05;1.37523e-05;3.00453e-07;2.5557e-05;0.946633;8.56055e-06;1.11994e-06
2.85555e-05;0.200517;2.82862e-08;0.000306933;0.00114247;7.83636e-07;4.88751e-07;0.753242;0.000338224;1.81202e-05;1.77375e-06;5.37274e-05;0.00181049;0.0425387
0.00381403;0.00931242;0.000335171;0.000195201;0.0103344;2.27274e-07;0.000148697;0.933246;0.0372819;0.000327959;0.000438548;0.00322319;0.0013045;3.78051e-05
3.05226e-05;0.000374808;0.994961;0.000334039;0.000633389;7.57572e-05;4.8581e-06;2.52313e-06;3.89671e-05;0.000125094;6.49344e-05;0.00229092;0.000957411;0.000105569
7.77065e-06;0.841671;3.22101e-05;3.75868e-05;9.78906e-06;2.68596e-05;2.4723e-06;0.0234225;0.000531662;9.58179e-07;0.000207932;0.130293;0.00115056;0.00260506
