6.02739e-06;0.9994;4.45127e-05;2.07885e-06;7.96887e-06;9.74389e-08;8.34543e-09;0.00038201;4.24036e-08;7.73206e-08;5.83456e-08;6.69139e-05;8.77565e-05;2.17507e-06
2.95157e-07;0.997534;8.14586e-10;1.37923e-07;8.92169e-08;1.17381e-07;0.00182775;1.86943e-06;1.42612e-08;0.000432376;1.35802e-08;1.10487e-10;7.98845e-05;0.000123779
6.57437e-11;8.99024e-13;1;4.94822e-09;2.42203e-07;3.37604e-09;1.03657e-10;1.06532e-11;4.80467e-11;6.46873e-10;2.53771e-10;1.42997e-07;9.80318e-15;9.0078e-08
1.77063e-07;0.992756;3.28477e-09;1.05282e-07;2.57347e-07;6.15753e-07;6.99486e-05;0.000257436;9.5618e-08;2.73938e-07;8.71699e-08;2.45849e-10;0.00691479;4.33354e-07
8.1096e-13;9.11644e-12;1;4.18894e-12;5.36577e-13;8.77484e-14;4.06661e-11;5.68581e-13;8.48301e-13;7.71231e-13;1.35866e-12;3.81563e-11;4.42706e-14;1.31921e-12
1.43639e-06;0.000621591;0.000155258;9.67244e-06;8.01509e-06;4.12255e-06;5.11941e-08;0.000618447;3.19105e-05;5.08479e-08;0.00017272;0.998107;7.07589e-05;0.000198634
1.22986e-06;0.983497;0.000256074;2.92398e-07;8.02083e-06;1.31224e-05;7.47726e-08;0.000587408;2.4649e-07;9.55759e-08;1.66008e-05;0.000150879;0.0154225;4.661e-05
2.78922e-07;0.913439;3.63366e-07;8.59877e-06;6.89727e-06;0.00243569;1.8351e-09;0.0176641;1.95241e-06;5.42718e-08;7.86638e-05;0.0620835;0.00407257;0.000208406
2.72992e-05;0.713641;5.59329e-08;6.4387e-06;0.00107913;0.000916832;0.000386087;0.0424888;2.05448e-06;0.000375106;5.54451e-06;1.01477e-08;0.238598;0.00247366
7.54592e-11;2.38959e-09;1;5.06999e-12;2.21702e-08;2.0975e-11;2.64285e-12;3.40502e-11;1.02784e-14;3.64149e-12;1.05113e-14;2.71404e-08;3.19949e-12;4.54825e-11
1.79077e-07;8.49686e-05;0.000727031;3.56417e-08;8.62693e-06;2.30146e-08;5.59792e-09;0.097599;1.86732e-07;8.44933e-09;6.08144e-08;0.901452;0.000127601;7.57341e-07
2.16819e-08;0.000733799;3.53056e-10;1.81314e-07;3.3783e-08;1.47905e-05;6.74537e-08;1.71269e-05;4.46645e-07;9.39287e-09;5.82452e-07;2.91176e-07;0.999232;1.93351e-07
1.00308e-06;0.00102625;0.995821;5.92891e-06;1.51127e-07;1.00962e-07;2.19458e-06;8.34399e-06;1.41904e-08;8.58256e-07;9.86199e-08;0.00299734;8.97646e-06;0.000127639
2.03178e-06;0.23803;2.1643e-07;1.05021e-05;0.0828795;1.04332e-06;2.62212e-06;0.678571;2.92516e-06;4.13488e-08;1.27412e-05;5.26487e-05;0.000401609;3.34481e-05
0.000109558;0.0772307;0.550016;0.00201298;0.0455184;0.00359611;1.86913e-05;0.000182687;1.59932e-05;0.000212135;6.8208e-05;0.0161085;0.0117803;0.29313
3.24452e-06;0.0065615;1.10238e-07;2.33185e-07;0.000369869;1.61249e-05;6.38685e-07;0.937216;9.04812e-07;5.48466e-07;5.42082e-07;0.0459104;0.00911449;0.000804953
3.34644e-06;0.00430373;6.31042e-10;7.49981e-07;1.97864e-05;1.19391e-06;1.437e-07;0.971072;1.0806e-05;9.62568e-08;5.23286e-06;0.00136455;0.0232177;3.20504e-07
0.00110282;0.937399;8.84947e-07;3.70322e-05;2.38788e-05;1.55541e-07;0.000313188;0.0193924;0.000445821;1.05723e-05;0.00018701;0.00160324;0.039437;4.74548e-05
2.24752e-05;0.991419;3.12281e-08;3.61199e-06;1.54933e-07;1.13272e-07;9.38516e-07;0.000993004;6.53467e-06;1.74358e-06;6.16551e-06;0.00557479;0.000157196;0.00181462
4.44082e-06;0.0154479;2.1612e-06;4.11851e-07;5.9544e-06;2.31518e-06;0.00024733;5.56159e-07;3.5365e-07;0.000261558;3.36228e-07;2.35054e-06;1.26319e-06;0.984023
6.51934e-08;5.14822e-10;0.999977;3.58261e-08;2.3089e-07;2.54579e-07;6.9412e-07;4.98865e-10;3.80307e-08;6.05025e-09;6.66843e-08;2.20726e-05;4.68257e-09;1.69384e-09
2.22173e-09;0.999802;8.49134e-11;1.25686e-11;2.58127e-09;1.34577e-10;1.71245e-08;9.09847e-09;2.4025e-11;1.93037e-09;7.83628e-12;4.20455e-10;1.38906e-08;0.000197733
2.51946e-14;3.17657e-12;1;2.56e-12;7.62693e-10;1.07501e-10;3.1579e-13;1.86286e-14;2.10886e-14;3.93556e-12;1.6619e-14;1.63345e-08;5.51924e-16;2.91419e-08
1.88038e-09;0.999977;3.75382e-09;3.30169e-08;2.17789e-07;4.46108e-06;4.49861e-07;3.15591e-06;4.15292e-09;2.35902e-09;1.28571e-08;2.41451e-08;2.94624e-06;1.21079e-05
8.17816e-08;0.054411;1.72507e-09;4.42854e-08;2.29674e-07;7.0373e-06;8.29817e-08;0.00161164;3.69328e-08;2.91974e-08;2.5894e-07;1.80585e-08;0.943969;7.36526e-07
4.62681e-11;3.61539e-09;1;1.8496e-09;1.47308e-09;1.98942e-09;5.73463e-10;6.58796e-11;3.65487e-11;8.82657e-11;7.85417e-11;1.30373e-08;4.57479e-11;1.88553e-09
1.07666e-07;0.00179819;0.993473;9.41341e-07;1.86558e-07;2.24143e-06;1.84539e-08;0.00386966;5.70676e-08;2.86657e-08;3.74893e-07;0.000817122;2.87969e-05;9.08066e-06
1.3903e-07;0.00421073;0.00190557;4.83637e-05;0.00255915;0.0189152;3.92569e-07;1.83354e-05;7.57239e-08;2.15362e-05;6.30566e-05;0.000461313;5.67974e-05;0.971739
4.15835e-08;0.00105914;3.98505e-06;1.70546e-05;2.62066e-05;0.000676415;1.44047e-07;1.14114e-05;7.61691e-07;1.82763e-08;0.000941297;0.00202319;0.995236;4.23353e-06
0.000106535;0.00694281;0.985621;0.00112546;0.000163637;1.98798e-05;1.58019e-05;0.000316803;3.80951e-06;4.49478e-05;0.00023635;0.000246598;0.00510008;5.61966e-05
5.11007e-06;0.00170659;3.29214e-09;9.82185e-07;4.96863e-07;1.05015e-05;2.86121e-08;0.000108619;1.21388e-06;2.12481e-08;8.81683e-05;7.51744e-06;0.998071;1.05243e-07
2.32313e-06;0.991955;5.72701e-09;2.41467e-06;7.06434e-06;4.93657e-06;0.00215512;4.62986e-05;3.34089e-07;0.00529504;1.29005e-06;6.46404e-10;0.000392214;0.000137677
2.34311e-11;5.32475e-13;1;2.04069e-09;4.14358e-09;2.22447e-10;1.68176e-11;1.59743e-12;8.09857e-12;2.9094e-10;4.98246e-11;1.70636e-07;3.82253e-14;2.23722e-10
3.23062e-06;0.988654;1.36848e-07;1.94509e-06;1.4973e-05;9.57938e-07;0.00126548;0.000602221;1.64033e-06;6.7583e-06;4.26701e-06;5.89891e-10;0.00943703;6.99249e-06
2.90527e-14;1.72293e-14;1;7.40239e-14;2.18299e-12;3.2445e-14;4.35076e-14;1.89453e-14;4.243e-16;4.59648e-14;6.68484e-16;1.43927e-12;2.65348e-16;9.33593e-14
4.76145e-06;0.0236106;6.83281e-06;1.20336e-05;0.000248256;8.30456e-07;5.34581e-07;0.00818438;8.16775e-05;1.32765e-07;0.000264607;0.963986;0.00355927;4.02692e-05
9.54653e-06;0.245639;2.07631e-05;2.46258e-05;0.00219642;8.49493e-05;4.90464e-06;0.624902;2.14737e-05;1.3978e-05;3.89276e-05;0.044607;0.0819878;0.000449462
2.36261e-05;0.102668;1.27335e-06;0.000243814;2.16579e-06;8.62213e-05;5.51735e-05;0.00265169;0.00139174;2.03969e-06;0.0202608;0.216096;0.656516;1.07452e-06
1.16527e-05;0.0008304;2.36468e-08;5.77161e-08;7.82849e-09;1.3195e-09;3.15054e-07;0.99891;5.59658e-06;3.53305e-09;1.84387e-06;1.05546e-05;0.000229781;7.0677e-10
2.72444e-07;0.998793;3.31029e-06;2.22148e-06;2.5793e-06;2.46162e-06;2.18609e-07;1.56769e-05;2.71449e-08;3.67828e-06;9.51692e-08;7.72061e-06;4.31616e-05;0.0011259
8.64299e-10;3.78342e-09;0.999992;5.4284e-10;2.25288e-09;2.63024e-09;1.05312e-10;4.0671e-09;3.15771e-11;8.27155e-11;2.38567e-09;7.99844e-06;2.43414e-08;1.31424e-09
5.52892e-07;0.993356;5.61315e-07;8.67438e-06;3.62487e-05;1.76932e-05;8.40228e-07;0.00244464;9.31925e-07;4.80785e-07;1.2433e-05;1.26035e-07;0.00411575;5.63701e-06
6.82961e-07;5.58352e-06;3.70925e-07;1.49377e-06;0.977743;0.020703;8.06783e-09;1.30111e-05;1.48442e-06;3.93465e-06;1.38697e-08;1.43385e-05;6.20926e-05;0.00145082
0.0287207;0.888852;3.25543e-07;5.77619e-06;3.08878e-06;7.37564e-08;0.000724663;0.00288078;0.046166;6.16398e-06;0.000553486;3.50201e-05;0.0320516;6.00565e-09
1.25188e-05;0.999265;1.86e-08;4.43703e-07;1.67393e-06;2.59166e-08;2.96535e-05;6.02613e-06;4.83655e-06;3.80513e-05;1.74751e-07;1.23717e-09;2.26997e-06;0.000639507
3.89389e-11;1.64053e-11;1;3.85315e-12;6.28263e-12;8.42005e-13;7.04476e-10;4.42165e-13;2.50852e-12;4.8739e-11;2.07642e-13;5.24095e-08;1.27e-12;1.88963e-12
5.71675e-06;4.47708e-05;2.12311e-05;8.69077e-06;0.000160781;6.07438e-05;1.93056e-06;0.00494282;0.000638556;1.90798e-07;0.000616936;0.990903;0.00152021;0.00107475
2.09556e-06;0.990253;1.39478e-07;2.69519e-06;6.28699e-08;3.61069e-07;1.31021e-05;8.96288e-06;4.06767e-07;2.94783e-07;1.99032e-05;0.000467116;0.00923157;2.94002e-08
3.99891e-06;0.890367;1.95281e-09;5.3735e-06;2.64995e-06;9.45007e-05;4.94693e-08;0.0111138;3.64916e-08;2.9082e-07;1.00276e-07;0.0111236;0.0872002;8.81311e-05
0.000255936;0.0102239;8.87256e-08;2.07153e-05;9.81269e-06;1.67296e-05;4.62874e-07;0.100637;5.42185e-05;1.56482e-07;0.000104589;0.00430185;0.884363;1.1715e-05
0.000531599;0.919966;9.38785e-06;6.39567e-07;3.94298e-07;8.54351e-07;0.000605277;9.30458e-05;2.27306e-06;3.78135e-05;4.24495e-07;0.000642848;0.0777381;0.000370792
3.93499e-11;8.62736e-12;1;4.99589e-11;1.26664e-07;1.2899e-09;5.20052e-11;2.45488e-09;1.10864e-11;3.81267e-11;7.28442e-12;2.50087e-07;1.17279e-11;1.61382e-10
6.93235e-08;0.972643;6.60193e-07;1.3821e-07;6.56026e-08;3.24709e-07;0.0266182;4.26362e-06;4.65899e-07;0.000463149;1.91893e-06;2.75194e-08;0.000209181;5.79888e-05
5.63815e-11;1.80027e-12;1;1.40138e-09;9.25155e-08;4.95171e-09;2.48762e-09;6.54641e-12;1.75179e-10;9.81767e-10;3.02875e-09;5.01095e-09;4.81368e-13;2.84871e-09
9.16573e-05;0.791143;0.000339745;7.12876e-06;0.000290387;0.000189532;0.00706997;0.0738601;3.71211e-05;0.000134688;9.15771e-05;1.36102e-06;0.125615;0.00112897
1.76804e-11;8.78952e-13;1;6.59124e-11;5.5008e-10;1.19994e-09;2.39267e-11;2.3024e-12;6.36947e-12;2.0511e-11;2.17239e-11;4.35789e-11;1.64502e-14;1.0842e-09
3.13274e-05;0.000220136;0.992716;6.77511e-06;2.79488e-05;0.00017321;2.8931e-06;3.22949e-05;3.77494e-05;6.30233e-07;1.71145e-05;0.00657183;0.000143034;1.93016e-05
1.25229e-05;0.0112055;5.11124e-05;4.34623e-06;0.00207544;0.120632;5.17685e-09;0.000634656;9.57646e-06;3.65888e-08;1.50116e-06;0.00222606;0.850357;0.0127903
3.34549e-08;0.000222663;9.86235e-07;6.52174e-09;1.4649e-06;1.15884e-05;4.47958e-13;2.52998e-05;2.11113e-08;2.4961e-11;8.65055e-09;0.644702;0.355034;2.10669e-06
7.35117e-06;0.663057;0.00669789;4.76729e-06;0.00898138;4.81394e-06;7.8058e-08;4.44433e-05;8.65989e-09;3.27774e-06;1.31441e-09;2.52839e-06;1.16443e-05;0.321185
7.42492e-05;0.921527;2.19427e-07;2.93322e-07;1.18532e-05;9.21473e-06;4.4283e-05;0.0188585;2.46548e-05;7.19319e-07;3.43867e-06;6.56178e-10;0.0594457;1.52563e-07
1.33886e-09;6.68281e-08;0.999999;2.60259e-09;8.99898e-09;2.57393e-09;8.44239e-10;1.32112e-10;7.4411e-11;5.46226e-10;1.51661e-11;8.90233e-07;8.70076e-09;1.99643e-09
8.07916e-06;7.68825e-05;0.927403;1.63983e-05;1.71287e-05;3.02986e-06;8.37543e-08;0.00126357;4.04161e-06;1.07684e-06;1.46115e-06;0.0697366;1.49969e-05;0.0014539
2.90514e-10;1.70324e-05;7.91033e-10;1.02003e-10;2.57353e-08;4.19094e-08;9.51284e-10;8.47377e-12;1.40855e-12;3.23041e-08;3.50264e-12;4.11013e-12;2.02659e-10;0.999983
1.00655e-10;4.61985e-13;0.999998;1.31221e-11;1.22169e-08;5.03768e-09;1.04845e-11;1.27617e-10;7.68798e-13;2.48386e-11;4.11597e-13;1.64992e-06;8.78754e-13;4.88596e-08
1.4549e-07;0.000171806;3.64205e-10;3.94046e-08;4.10529e-06;5.23534e-08;2.21172e-07;0.999766;3.24512e-06;4.43134e-09;3.41077e-07;1.87162e-08;5.19329e-05;2.08145e-06
2.5296e-07;0.000743498;0.995358;6.47181e-06;2.40203e-05;2.27202e-05;1.0449e-08;1.80113e-08;1.11331e-09;1.11527e-07;2.94375e-08;7.31801e-06;0.00383618;1.32327e-06
2.81009e-05;0.959058;4.6127e-06;1.30911e-07;1.02287e-05;4.30893e-06;4.50562e-05;0.000895131;3.77327e-07;8.01646e-07;2.5868e-07;5.98039e-05;0.0398671;2.62193e-05
0.000231335;0.014032;0.000146577;8.34044e-05;0.284034;0.0126346;3.27131e-06;0.0793571;0.000420486;1.92358e-05;3.50333e-06;0.0972911;0.320521;0.191222
0.140522;0.642969;0.000712108;4.81248e-05;0.000226164;2.1714e-05;5.80054e-05;0.0698974;0.0600396;3.96803e-06;3.41551e-05;0.0597808;0.025678;9.2505e-06
5.78298e-05;0.0452527;2.56863e-06;0.000469643;0.000353411;0.00169329;4.84378e-08;0.00796619;0.00192349;6.21836e-07;4.32869e-06;0.014228;0.000822459;0.927225
2.65787e-06;0.998996;2.57775e-09;2.64079e-08;7.63767e-09;3.69032e-09;1.51446e-08;5.38062e-06;8.51941e-08;4.32868e-09;1.24986e-08;1.38405e-05;0.000981542;2.95104e-07
3.63189e-07;0.00134866;9.00852e-06;1.30537e-05;0.000101435;5.29567e-05;3.96636e-10;6.79885e-06;8.08492e-09;8.1059e-07;2.75813e-09;0.996851;3.14137e-05;0.00158492
0.00134194;0.25008;2.53641e-07;1.25033e-05;0.00674731;7.80112e-06;0.00169505;0.738137;0.000546681;2.29055e-05;0.000147067;0.000262678;0.000989746;9.73104e-06
5.49865e-05;0.576808;0.10094;2.85209e-05;0.000735663;0.000991094;2.27101e-06;0.00176575;3.39798e-07;1.35083e-05;9.72366e-07;0.304683;0.0138121;0.000163184
2.12193e-05;0.0779165;4.09689e-08;1.16693e-06;0.000154147;3.56762e-05;2.50346e-07;0.351409;2.56227e-06;5.58692e-07;5.41191e-07;0.0262359;0.544084;0.00013914
5.43643e-08;2.80557e-05;3.21944e-08;2.98422e-05;8.35989e-05;0.000649026;1.41478e-08;2.01952e-05;1.17527e-05;9.09318e-08;1.37409e-06;0.000108884;4.20811e-05;0.999025
4.03947e-07;3.67367e-06;3.38285e-10;1.03368e-10;4.80529e-09;3.85911e-11;1.78462e-10;0.999985;4.37492e-08;1.776e-11;2.3129e-09;1.17016e-09;1.04477e-05;6.93086e-11
5.54931e-08;9.4264e-05;0.000430931;2.8525e-06;0.00338151;0.00010908;1.08005e-10;7.04474e-05;9.21685e-08;2.37639e-08;2.35771e-08;0.630398;4.73695e-06;0.365508
1.59349e-05;0.949222;2.68308e-05;0.00014935;9.70821e-05;1.28203e-05;5.94789e-06;0.0344901;0.000450039;2.01966e-06;0.00311107;0.000492727;0.0118722;5.20481e-05
3.03117e-06;0.0265015;2.31729e-07;5.92762e-05;0.576819;0.000226603;4.23353e-07;0.0414052;4.63781e-05;2.3481e-05;8.75649e-06;2.03884e-05;0.000148661;0.354737
5.44091e-05;0.00347515;0.839759;0.00330076;0.00529341;7.84148e-05;2.41668e-07;3.68889e-06;5.82936e-06;0.000115394;0.000142848;0.103175;0.000265622;0.0443302
0.00735208;0.222495;9.62923e-07;5.06206e-05;0.000974922;8.6161e-05;0.000127046;0.689979;0.0175116;9.23494e-06;0.0148354;0.000119203;0.0453392;0.00111908
1.93302e-05;0.880945;6.4038e-12;5.32348e-08;0.00020433;4.58527e-08;2.92992e-07;0.116596;4.20105e-07;2.17929e-06;7.55076e-07;3.66797e-06;0.00152259;0.000705416
0.000689074;0.130517;0.840615;0.00193882;0.0149305;5.26743e-05;1.23823e-06;2.55942e-06;1.81197e-06;0.000642802;6.21828e-06;0.00706735;0.000380227;0.00315463
0.102321;0.0217414;0.000229587;7.52031e-06;0.000155915;3.21074e-06;0.000929075;0.846335;0.0103019;5.82721e-06;0.00844373;0.00566645;0.0037659;9.38723e-05
1.74181e-05;0.00211778;2.0909e-09;3.69694e-07;0.000375448;5.93198e-06;1.40936e-08;0.91664;1.41819e-06;4.77723e-08;1.77612e-07;0.000106621;0.0806348;9.97361e-05
8.62446e-05;0.00589135;7.81581e-06;0.00460273;0.000261969;0.00133308;2.25878e-06;0.000245115;0.0956683;5.03027e-06;0.00227202;0.138215;0.000241648;0.751167
1.25556e-05;0.999752;2.72329e-07;1.52954e-07;6.92073e-10;3.61391e-11;2.3528e-07;2.58917e-06;2.84562e-07;2.74767e-08;2.25026e-07;0.000212143;1.98471e-05;2.0184e-09
1.96936e-08;4.35954e-05;1.29288e-10;1.4735e-08;1.42109e-06;1.15927e-11;2.52668e-09;0.999955;1.58522e-07;2.2316e-08;3.37346e-09;2.35305e-07;9.85681e-09;2.23043e-09
1.41826e-05;0.00044191;0.990928;0.000372326;1.05377e-05;1.14704e-05;7.11979e-07;3.26229e-08;1.04546e-05;0.000666559;0.000121828;0.00730937;1.48146e-05;9.80604e-05
0.0287859;0.00569123;0.000169093;5.96831e-05;1.64467e-05;4.30358e-06;0.000186194;0.0113638;0.601158;4.82903e-05;0.350897;0.000128422;0.00148555;6.39947e-06
