8.29563e-07;0.990498;1.42711e-09;6.78913e-07;2.4501e-06;7.62972e-07;6.65459e-08;0.00176902;3.36899e-06;9.17779e-09;2.44233e-06;2.19549e-05;0.00767225;2.85453e-05
2.02967e-05;0.0213915;9.6575e-05;2.09168e-05;2.63742e-05;5.41658e-05;1.10044e-06;0.0242752;3.16381e-05;1.44952e-05;6.65344e-05;0.950105;0.00378832;0.000107952
6.82463e-06;0.00123967;6.18468e-08;0.000433815;2.12485e-05;0.00200626;2.73864e-06;6.65658e-05;0.000257468;8.7208e-07;0.000514576;0.000325784;0.995113;1.1228e-05
6.00002e-05;0.999634;1.4911e-07;1.43818e-07;3.48933e-08;3.30168e-08;8.6109e-07;1.03335e-05;4.61174e-07;7.00033e-07;5.81481e-08;2.15899e-05;0.00027159;7.00418e-08
0.000183837;0.0591906;5.28897e-06;3.13953e-05;0.00305346;0.00186529;1.35626e-05;0.0179877;1.19225e-05;0.000115144;1.13749e-06;0.860155;0.0216807;0.0357052
2.0158e-05;0.155094;3.6632e-06;3.65067e-05;5.56421e-05;0.000529032;7.7978e-06;0.0131054;6.97188e-05;1.95482e-06;4.10336e-05;0.0484759;0.782495;6.43599e-05
2.59114e-07;0.984867;8.63655e-09;1.78046e-06;3.06622e-07;6.32642e-06;0.000834993;0.000109707;1.11615e-07;0.000273823;1.21877e-08;4.20177e-10;0.000653024;0.0132525
3.28413e-10;1.80071e-11;1;5.32926e-09;7.57974e-09;6.21312e-10;1.24906e-08;1.93704e-12;1.05413e-10;1.55902e-09;1.59244e-10;2.87702e-07;3.57062e-10;5.89204e-09
1.15618e-05;0.955485;2.54147e-09;1.01265e-06;3.37045e-05;5.84757e-08;0.000169993;0.0430563;0.000879918;5.02882e-07;0.000306549;2.80509e-05;2.67432e-05;1.02037e-06
1.66128e-05;0.0344469;0.000792431;2.61855e-05;0.00363464;2.48961e-05;3.95256e-06;7.09922e-05;2.36921e-07;2.77769e-05;2.90908e-06;0.946726;0.00357637;0.0106504
5.72293e-06;0.996739;1.34082e-07;6.62442e-08;3.82541e-07;1.29982e-06;1.8065e-06;0.00146453;1.72784e-06;3.35538e-09;2.68769e-06;0.000347308;0.00139665;3.82992e-05
7.11528e-07;0.00193589;6.86757e-10;4.83271e-08;0.000171755;3.45958e-06;6.08361e-08;0.000251113;6.40509e-08;4.41458e-08;3.21119e-07;7.82457e-05;0.997543;1.48355e-05
0.000519594;0.0294996;1.94283e-06;3.63961e-07;1.06324e-05;1.72098e-05;1.64743e-06;0.00380385;3.04922e-07;1.10819e-05;1.01862e-07;0.000149798;0.965954;3.01852e-05
1.92787e-07;8.357e-08;0.999985;2.84281e-07;1.76181e-07;4.66128e-08;6.52509e-06;1.24277e-07;1.03661e-06;3.45801e-08;2.91874e-07;6.55916e-06;8.07398e-08;7.83764e-09
1.22308e-05;0.0128379;0.0029021;0.000130332;2.33187e-05;2.82212e-06;3.78627e-07;0.00287622;0.000164921;9.06024e-07;0.000150514;0.980458;4.80521e-05;0.000391987
1.84741e-06;0.975515;3.20955e-07;1.02051e-05;9.40924e-06;0.00055075;1.42425e-05;9.43413e-06;2.46074e-05;2.4022e-05;0.00030705;0.000306253;0.00684817;0.0163787
1.80714e-07;0.00399089;0.0497259;1.31658e-06;8.01022e-06;4.04667e-06;1.43811e-08;1.02492e-06;6.10011e-09;1.75898e-07;1.15318e-07;0.943124;0.00299224;0.000152518
1.99514e-06;0.694859;3.16424e-10;1.07138e-05;6.15457e-05;6.24778e-05;1.49241e-05;0.00411473;2.35406e-05;4.56925e-07;9.15281e-06;1.42015e-05;0.300756;7.09872e-05
8.07346e-06;0.997268;0.0014251;5.32128e-06;5.52403e-05;6.23235e-07;3.79495e-09;0.000117943;1.09553e-07;1.22544e-07;2.3338e-07;0.00096243;1.74688e-05;0.000139444
1.11394e-08;0.999693;1.07839e-13;4.55134e-11;1.54092e-10;9.52687e-11;4.90135e-06;7.07659e-09;2.37243e-12;4.04584e-07;5.84119e-12;1.91064e-13;1.28152e-07;0.000301122
5.47427e-12;1.30524e-13;0.999962;6.73062e-11;3.97348e-09;1.23258e-09;4.07091e-10;1.0325e-14;3.97157e-12;4.2741e-11;1.06001e-11;3.82508e-05;5.28038e-13;2.16938e-09
2.67667e-07;0.998351;4.61479e-08;2.02919e-07;3.33986e-07;1.02784e-07;9.79052e-05;0.000291242;4.74373e-06;4.75738e-08;4.21592e-06;6.97181e-07;0.00124923;1.79047e-07
1.60935e-08;1.52163e-05;7.50769e-05;2.61179e-07;1.34865e-06;1.05855e-05;1.42412e-08;0.000609794;3.15638e-07;1.23874e-07;1.32034e-06;0.999239;4.6048e-05;9.4012e-07
5.33041e-07;0.0149643;9.08088e-09;0.000195753;5.16909e-06;0.000611156;9.00586e-06;0.00116982;9.1315e-05;1.91356e-06;0.000300819;1.04898e-05;0.982621;1.8258e-05
0.000186126;0.00470125;2.40121e-07;0.000289668;0.00179777;6.99973e-05;2.70417e-05;0.960218;0.0181095;7.6342e-06;0.0126378;5.46812e-05;0.00182008;8.02267e-05
0.000494399;0.93461;6.75189e-06;1.56682e-05;1.85787e-05;3.97259e-05;6.02383e-06;0.00977095;7.38515e-05;2.18444e-05;9.00025e-06;7.47302e-05;0.0547048;0.000153809
1.35244e-05;0.0121472;1.07591e-05;2.63585e-05;5.77944e-05;5.43016e-05;4.92337e-07;8.63738e-06;8.4488e-05;9.99438e-07;0.000572194;0.970188;0.0158925;0.000943023
0.00170331;0.0385324;4.79255e-07;0.00187415;0.0042358;0.000290464;0.000310668;0.136309;0.27531;0.000980084;0.0102733;0.000365746;0.52834;0.00147443
0.00495665;0.106245;0.872374;0.000177811;0.00723355;1.03298e-08;6.18511e-08;0.00445445;3.67209e-05;5.72859e-06;1.66929e-06;0.000179858;2.49466e-06;0.00433268
1.89243e-05;6.08964e-06;5.12411e-09;2.19181e-08;0.00020664;8.12645e-09;3.38587e-07;0.999292;0.000466997;3.92436e-07;1.72724e-06;1.09274e-08;7.18526e-06;3.58505e-08
1.19216e-07;5.75723e-07;0.999883;7.39366e-07;2.57955e-05;3.1259e-06;2.65302e-10;3.37901e-08;1.46363e-08;6.30189e-07;2.78508e-09;8.08745e-05;7.61831e-08;5.43931e-06
0.0001021;0.938952;7.99723e-06;6.59539e-06;1.79565e-06;4.96658e-06;1.16714e-05;0.0340021;0.0263698;1.77995e-07;0.000300865;8.97749e-05;4.00715e-05;0.000110482
