1.73192e-06;0.999909;4.39365e-06;8.93003e-07;3.45285e-07;5.78443e-09;6.67673e-08;5.88982e-05;8.66023e-09;7.07995e-08;1.35558e-08;6.23046e-07;2.00547e-05;4.21076e-06
1.2016e-05;0.997182;5.89542e-09;2.36298e-05;1.53894e-06;2.74467e-05;2.26936e-08;0.000373496;2.85603e-05;4.67653e-07;5.77719e-06;0.00206229;0.000209138;7.3913e-05
0.000124698;0.985211;1.66998e-08;1.10902e-06;3.14664e-07;1.96296e-06;1.07665e-06;0.00232996;1.16093e-05;5.33818e-06;4.02108e-06;0.00150549;0.0107906;1.32262e-05
0.000145338;0.00292285;2.32678e-07;1.8662e-05;0.000350243;0.000110688;9.63238e-06;0.00386624;7.3809e-05;5.14144e-06;7.1589e-06;0.991276;7.5267e-05;0.00113905
8.12053e-09;4.03948e-06;0.999996;1.14231e-10;4.98647e-08;1.8465e-12;1.76971e-10;5.9651e-09;1.97056e-11;2.0766e-11;1.19691e-13;8.23277e-08;1.87032e-08;1.65952e-08
7.78092e-06;0.688816;1.87037e-11;2.44532e-07;0.00243354;3.92208e-07;8.23677e-08;0.267783;1.4539e-05;8.30776e-08;2.04074e-07;6.59455e-05;5.9306e-05;0.0408182
5.31128e-07;0.00102571;0.0275336;5.96906e-07;0.000183382;9.07847e-06;5.02039e-09;3.46487e-06;5.40977e-09;6.23226e-08;1.0296e-09;0.968943;7.08257e-05;0.00222995
3.06622e-07;0.719395;8.98234e-08;1.10378e-07;4.45363e-07;2.30144e-06;5.82641e-06;0.278676;3.14264e-06;4.93912e-08;1.44153e-07;1.08653e-08;7.10334e-05;0.00184549
4.38125e-11;2.74631e-09;1;3.78485e-11;5.49399e-10;1.61097e-11;2.30544e-10;7.96614e-11;3.94664e-12;1.13807e-11;4.75085e-12;3.78563e-08;1.02755e-10;4.3068e-10
4.92162e-06;0.00574645;0.000849169;4.78078e-05;4.5072e-06;0.000117014;2.61439e-07;0.00748607;0.000156307;3.10699e-07;0.000188322;0.958773;0.02634;0.000286011
1.57285e-05;0.970178;3.82291e-07;1.10517e-06;9.69235e-06;0.000101836;2.31991e-07;0.00353555;1.32894e-05;1.48669e-07;0.000346579;0.000138692;0.0256469;1.16433e-05
2.86205e-08;0.988719;2.31033e-11;3.91452e-10;1.47234e-07;2.16742e-08;1.8622e-06;6.79475e-10;1.81311e-13;3.90222e-06;5.95564e-12;1.31642e-09;1.67504e-07;0.0112747
1.46464e-11;5.59155e-12;1;1.64549e-11;5.88167e-08;3.62241e-09;1.19059e-10;1.69053e-12;3.22698e-12;1.23625e-11;8.46226e-14;1.23433e-07;4.13943e-12;1.68958e-09
9.14077e-07;0.936913;3.78492e-07;3.09956e-07;2.37481e-05;2.29342e-05;0.000114723;0.0579611;1.40542e-05;5.86733e-07;6.03916e-07;5.36595e-10;0.00494574;2.07373e-06
1.29157e-09;2.31875e-07;1;1.22587e-08;7.54076e-08;1.62442e-08;7.4174e-10;6.3332e-09;7.95781e-10;5.76141e-10;1.39998e-10;4.77013e-08;9.73995e-09;5.38118e-09
1.74063e-07;0.000849256;0.000994042;1.56612e-06;1.83498e-06;6.91877e-06;1.67924e-09;0.00187828;1.28144e-07;8.17964e-08;1.29741e-07;0.996237;1.70615e-05;1.30735e-05
2.36708e-05;0.0602206;2.05996e-07;1.84111e-05;0.000648966;0.0260229;2.73793e-06;0.827956;2.0697e-05;5.08385e-06;0.000115478;4.1645e-05;0.0839377;0.000986287
3.47172e-08;0.000399382;3.11064e-09;1.41704e-07;7.39389e-06;4.55308e-06;3.44664e-11;1.47511e-06;7.21317e-10;2.70431e-09;7.09026e-09;0.999393;0.000158672;3.5647e-05
2.24343e-09;0.99979;4.49275e-13;4.85956e-11;1.78972e-10;1.74634e-11;6.75401e-10;2.73603e-09;2.54713e-12;1.3861e-09;3.09253e-13;1.43054e-10;1.29274e-07;0.000209745
3.36606e-06;0.978079;5.20895e-07;1.25676e-06;2.2053e-06;1.17582e-06;0.000560738;0.0158767;1.3779e-05;3.56726e-07;1.15955e-05;6.15582e-05;0.0053878;1.74696e-08
7.6489e-08;0.995644;2.95396e-10;1.26713e-08;5.61424e-08;6.8875e-07;1.80524e-09;6.01736e-06;1.84908e-10;1.76519e-08;1.87982e-10;2.18218e-05;0.00432643;1.25886e-06
5.94915e-07;0.00254675;1.21168e-06;5.60355e-06;5.19179e-05;7.66229e-05;0.000156099;0.000221553;9.63297e-07;4.53507e-05;2.22588e-07;5.99501e-07;3.1358e-06;0.996889
3.06881e-11;2.68282e-10;1;6.28947e-11;1.46279e-11;1.89019e-12;7.25834e-09;2.72379e-14;3.91405e-11;2.75877e-12;9.47362e-11;6.01799e-09;7.39424e-11;2.65746e-14
9.01233e-05;0.0256726;2.86593e-05;1.99282e-05;0.00369393;0.000192522;4.39502e-07;0.0171835;9.70624e-05;2.55322e-06;0.000130572;0.909312;0.0310976;0.0124788
2.335e-07;0.0170325;1.24938e-10;6.28527e-06;0.000664401;9.03954e-05;1.72181e-07;0.0150856;1.85799e-07;5.28802e-07;1.09539e-05;0.00579567;0.961144;0.000169323
1.15554e-05;0.0497322;2.25631e-05;0.00210769;2.04903e-05;4.96904e-05;3.2281e-05;0.000844991;3.39035e-06;7.08814e-05;0.00164286;0.855944;0.0884184;0.00109913
0.00014787;0.0425695;0.0043031;0.000678383;1.16043e-05;0.000633584;5.53117e-06;0.948764;9.80134e-06;6.16478e-06;0.000489156;3.26697e-05;0.00184968;0.00049933
6.42052e-06;0.0412628;1.07617e-07;2.52439e-05;0.000417281;0.00772888;5.12347e-10;0.012194;3.30447e-07;9.10624e-06;3.88223e-07;0.0108026;8.12212e-05;0.927472
0.000107706;0.000328384;4.50067e-10;1.72373e-05;2.61275e-05;1.33793e-05;3.55243e-07;0.615243;0.00151405;5.52493e-07;0.00134575;6.74483e-06;0.381394;3.06467e-06
1.63353e-06;0.999939;6.36865e-08;1.07048e-06;1.41387e-07;1.27072e-08;1.50438e-08;8.09135e-06;3.36464e-07;1.69609e-08;9.32236e-08;3.03203e-07;7.06646e-06;4.18523e-05
8.95757e-07;0.999134;3.83844e-10;1.27223e-08;2.35696e-07;8.09373e-10;2.45269e-08;0.000793535;2.10431e-09;7.81424e-08;1.63746e-09;2.56589e-09;1.3369e-05;5.81343e-05
1.25297e-08;5.90659e-05;2.59846e-07;6.06112e-05;0.0256277;1.85055e-06;4.96264e-08;2.628e-06;2.10452e-06;8.64601e-08;8.07495e-05;0.974119;3.06255e-06;4.301e-05
4.58189e-06;0.822625;0.000923664;2.5237e-05;6.22438e-05;1.17714e-06;5.38988e-07;1.473e-06;1.5923e-08;9.19426e-07;4.18273e-06;0.000241217;0.176104;4.94131e-06
1.31907e-06;0.00198045;1.60429e-07;1.17665e-07;3.31211e-05;5.158e-06;1.40805e-08;0.0025068;2.04481e-07;2.50781e-08;3.73943e-07;0.994537;0.0002848;0.000650914
2.16758e-06;0.578594;1.14675e-06;1.22877e-06;0.000734044;0.000314325;7.47601e-07;0.0153292;4.88096e-08;8.36347e-07;7.36253e-07;0.00443372;0.400313;0.000274568
3.00634e-05;0.0483997;1.16977e-05;0.000161446;7.74917e-05;0.00030571;6.20542e-06;0.0153349;0.000237015;9.33224e-06;0.000923925;0.0720639;0.862063;0.000375338
1.60913e-05;0.996086;8.16893e-05;7.43933e-05;5.2811e-06;0.000120222;2.01907e-06;0.00133406;8.63181e-06;5.47631e-06;3.78082e-05;7.78157e-05;0.000987795;0.00116298
1.116e-05;0.000850978;3.68814e-07;1.21494e-08;1.61496e-07;1.76926e-08;1.73205e-07;0.998985;2.54429e-06;2.31018e-08;1.3023e-06;5.39072e-05;9.43463e-05;1.16585e-07
1.31402e-08;1.41621e-05;2.80698e-08;7.19238e-08;0.000123794;1.41067e-05;1.1618e-10;6.31463e-06;9.2213e-09;6.69478e-09;4.22258e-09;0.000233106;1.91043e-06;0.999606
1.84192e-06;0.998627;7.30085e-10;1.84587e-09;8.82589e-10;1.31909e-11;0.00123596;1.14354e-06;4.12716e-09;2.44045e-06;8.22968e-09;2.99231e-11;4.08574e-07;0.000130996
2.04837e-10;7.217e-10;0.999999;6.27244e-09;1.9389e-07;5.92135e-11;5.35699e-08;6.14376e-12;5.90194e-09;1.75493e-09;2.78438e-09;9.8304e-07;4.45974e-13;6.18361e-10
6.87855e-07;0.907791;2.31129e-05;4.19038e-07;6.44854e-07;2.75343e-08;1.46157e-06;8.77616e-08;2.06817e-07;1.93826e-08;3.7088e-07;1.04709e-06;0.092181;2.37857e-08
2.92577e-07;0.0140575;1.16831e-07;1.66225e-07;0.000207221;4.35873e-05;4.81048e-09;0.0190056;2.93073e-07;3.98663e-08;2.20716e-07;0.949958;0.0161442;0.000582843
8.58614e-07;0.0520261;7.03313e-07;7.11035e-06;0.00127159;0.00506491;8.10756e-06;0.000763743;1.82794e-07;1.74756e-06;6.2248e-06;0.000483411;0.938757;0.0016086
3.68539e-06;0.00334838;0.000101923;1.51187e-05;2.84713e-06;0.000512395;1.35956e-06;0.000160589;3.33417e-06;2.02475e-07;1.4531e-05;0.0053743;0.990433;2.85709e-05
3.15061e-05;0.0469785;0.00149321;6.67569e-05;1.06805e-05;0.0111573;1.61148e-06;0.919497;2.25688e-06;3.36563e-06;6.92159e-06;4.01204e-05;0.0199599;0.000750893
6.35943e-08;0.843469;7.0619e-08;1.01569e-06;7.16109e-08;1.08793e-05;1.67758e-09;3.28949e-05;1.75433e-08;1.18986e-08;6.51048e-07;0.000616651;0.155867;2.01584e-06
3.808e-08;3.32971e-06;6.40855e-08;7.83346e-10;6.08555e-08;3.26624e-08;1.70503e-11;4.1672e-06;1.55497e-09;3.36049e-10;1.34628e-08;0.999833;0.000145448;1.34626e-05
3.28455e-05;0.00177941;1.19691e-06;5.65055e-07;0.00110656;8.32689e-05;7.80783e-06;0.992941;0.00275248;9.64769e-07;7.61458e-05;4.83114e-06;0.00105374;0.000159335
1.24868e-05;0.00080026;2.807e-11;1.15409e-08;7.30125e-08;2.5713e-09;2.4784e-08;0.993446;5.10801e-05;5.03546e-10;2.26617e-06;1.23099e-06;0.00568623;6.35511e-09
8.38397e-07;0.999832;5.23645e-07;5.40973e-07;6.53966e-08;1.50271e-08;1.19801e-09;8.32253e-06;6.55565e-08;3.12088e-09;1.41633e-09;1.40681e-06;9.45272e-07;0.000155559
1.26565e-05;0.939862;1.97714e-08;8.87331e-08;5.70193e-07;2.53501e-08;6.5777e-08;0.0577622;1.19051e-07;6.77923e-08;7.82589e-08;6.43335e-07;0.00234221;1.93713e-05
1.4849e-08;0.000848361;3.73372e-08;1.95593e-06;2.67786e-05;1.92495e-05;6.30795e-09;2.88697e-05;1.69869e-07;9.44567e-09;7.70256e-06;0.998345;1.58218e-05;0.00070645
1.24535e-05;0.919836;2.12812e-08;1.88227e-05;2.59388e-05;2.01722e-06;0.000187389;0.00921609;2.37249e-06;1.21045e-05;0.000244866;2.50793e-05;0.0704115;5.0674e-06
0.000188788;0.983382;4.69327e-07;7.36322e-06;0.000113065;8.74816e-06;4.69707e-06;0.00397582;2.76111e-06;3.8911e-06;4.4366e-05;0.00193808;0.00968452;0.000645842
9.04027e-05;0.894437;3.23364e-06;0.000765047;0.000118453;0.000204055;0.000208154;0.022079;0.00284567;0.000187875;0.0026469;0.0062477;0.0668525;0.00331378
1.03736e-05;0.998377;8.92419e-07;0.000231282;1.43642e-05;0.000256818;2.89098e-05;9.36661e-05;0.000207012;2.64342e-05;5.44952e-05;0.000193931;0.000104646;0.000400273
5.79088e-06;7.66567e-05;1.86881e-09;2.9486e-09;1.54508e-07;9.94185e-10;3.51085e-09;0.999905;3.28856e-07;2.85089e-09;2.91469e-08;2.71772e-07;1.17826e-05;1.14515e-08
9.36801e-09;0.000187724;1.24574e-06;2.3442e-07;9.14864e-05;5.01503e-05;2.81887e-09;6.9679e-05;1.59858e-09;1.32014e-07;3.5859e-10;1.33717e-07;2.18649e-07;0.999599
4.29422e-10;1.72819e-08;1;4.97822e-10;1.51439e-09;9.44245e-12;3.90046e-09;4.38496e-10;3.21599e-11;5.45058e-11;3.90631e-10;7.28528e-09;2.93875e-08;1.81796e-10
5.61758e-08;2.50929e-05;0.999589;7.69127e-07;2.67796e-06;1.85416e-07;4.10694e-09;0.000257342;1.33174e-08;7.21357e-09;1.08836e-07;0.000111113;1.38348e-06;1.19815e-05
1.34783e-09;1.76849e-05;4.57828e-07;1.42153e-08;2.82661e-05;4.49627e-05;3.52117e-13;2.56456e-06;4.52256e-12;4.62586e-09;8.27688e-11;9.53752e-07;4.33883e-07;0.999905
7.92808e-07;0.565197;3.27517e-08;1.20848e-06;1.82935e-06;4.49135e-06;4.02667e-08;0.00232023;9.01162e-07;3.58253e-09;1.81308e-05;0.000616305;0.43183;8.47311e-06
1.66989e-06;0.997571;5.9184e-08;7.45436e-07;1.28567e-07;2.2931e-07;3.13082e-07;0.000130943;2.50305e-09;4.2511e-08;9.39965e-09;3.86373e-06;0.00200848;0.000282028
2.27435e-07;0.0128572;5.56264e-08;0.0010972;0.00178303;4.55668e-05;1.1094e-07;0.973545;1.13533e-06;9.75047e-07;6.53102e-06;0.00198383;0.00865296;2.58593e-05
7.55881e-06;6.25752e-05;0.0258518;0.954139;2.84883e-05;0.0024085;0.000356011;2.03965e-07;8.96328e-06;0.000203663;0.0119153;0.00477515;0.000195111;4.72925e-05
0.000542607;0.921652;0.000376988;5.0361e-05;1.93496e-08;1.97674e-07;0.000541814;1.24571e-05;3.02981e-07;1.57439e-06;0.000668158;0.000534032;0.0756191;4.52382e-07
1.93409e-06;7.78444e-05;3.45063e-07;1.74701e-07;0.000149756;7.44577e-08;3.30281e-08;0.999222;3.08754e-08;3.34794e-06;2.69086e-09;5.24869e-08;9.34973e-06;0.000535429
1.65765e-07;0.000926821;0.99903;4.18509e-06;1.69361e-06;1.59203e-07;1.09694e-07;4.84545e-09;6.20166e-09;1.95791e-05;5.0048e-08;2.94583e-07;1.4533e-05;1.9473e-06
0.000129875;0.00339584;0.000129293;0.000125703;8.9993e-05;0.000562949;0.00625333;0.00162211;0.0374746;0.000275896;0.926462;0.00427885;0.016054;0.00314506
