2.96909e-07;9.90699e-07;1.44904e-12;3.92466e-11;6.72949e-10;1.19707e-10;1.00628e-10;0.999998;2.47935e-08;1.16184e-11;5.67759e-10;3.14282e-10;1.03339e-06;8.92575e-11
5.25467e-07;3.21351e-05;6.07564e-06;0.000164779;0.0914524;0.000420756;1.06977e-08;0.000116742;4.17248e-06;4.96558e-07;1.92579e-06;0.232379;1.04935e-05;0.675411
0.000115646;0.946209;0.0484102;0.0010635;5.68305e-06;3.87199e-06;0.00171212;3.57636e-05;9.3999e-05;0.000256062;0.00146016;5.0565e-06;0.000448036;0.000180891
1.07574e-05;0.274342;0.00789063;3.48902e-05;0.000113309;4.65297e-06;3.58829e-08;0.000764138;5.92928e-07;8.01962e-08;8.28903e-06;0.715707;0.000210997;0.000912692
2.65449e-05;0.881448;2.32586e-06;2.20288e-05;7.64158e-05;0.000728679;0.00125792;0.00526519;5.95039e-06;0.000229531;0.000201334;7.54995e-07;0.101035;0.0096999
1.16567e-09;1.02918e-09;0.999997;5.44988e-09;1.59911e-08;1.62578e-09;3.73881e-07;5.7887e-11;1.95283e-10;1.69306e-09;2.1801e-07;1.84295e-06;2.64939e-09;4.04191e-10
0.000186575;0.182558;0.00852314;0.000132795;5.37235e-05;0.000415416;0.000294545;0.108591;0.027824;1.33992e-05;0.0858581;0.568813;0.0166673;6.92273e-05
3.21279e-06;0.107876;6.99011e-07;2.97133e-07;7.58971e-07;0.000148325;1.21045e-07;0.00216717;1.9368e-06;1.981e-07;3.38668e-05;0.0017871;0.887935;4.43092e-05
4.41165e-07;0.000330373;6.08239e-07;6.46429e-06;0.00779642;0.000394546;9.50456e-09;0.000726888;9.81387e-06;8.23162e-07;1.1307e-06;0.99019;0.000365925;0.000176777
0.000146232;0.0155757;9.33789e-08;4.88689e-05;0.00119138;0.000700512;6.0704e-08;0.861862;7.45366e-05;3.69503e-07;0.000233519;0.000276215;0.119648;0.000241877
0.000518324;0.633174;1.86707e-06;5.42247e-06;0.00032382;3.21092e-06;7.75079e-07;0.35301;4.31871e-05;7.97264e-06;2.23457e-06;0.00155057;0.0110164;0.000342164
2.82252e-05;0.00353994;0.95626;0.000474651;0.0178383;0.00116;3.32932e-07;1.31802e-06;4.02872e-07;6.48673e-05;1.10317e-05;0.00344015;0.0170888;9.17094e-05
6.29897e-07;0.999962;3.83718e-09;9.51848e-09;5.0073e-08;2.60594e-10;1.95296e-05;6.02365e-08;8.44006e-09;3.57384e-06;5.32968e-08;4.45485e-07;5.36965e-07;1.30273e-05
9.25673e-11;2.42906e-10;0.999848;8.04223e-11;2.08765e-07;3.75347e-10;5.70717e-11;4.04796e-13;1.55493e-12;7.11091e-11;4.20026e-14;0.000151821;9.1562e-14;5.48658e-08
1.58787e-06;0.000641451;1.53741e-10;3.29143e-08;0.000107081;0.000110569;8.46331e-08;0.998525;3.94022e-06;2.2706e-09;3.41657e-08;7.11592e-08;0.000603316;7.18906e-06
1.3183e-06;0.000194232;1.92043e-08;1.26114e-06;9.1066e-06;1.80095e-06;2.02846e-08;0.0161336;2.91841e-06;6.48104e-09;9.36549e-07;0.000350068;0.983283;2.17204e-05
5.76932e-05;0.0174582;1.01177e-05;4.77508e-05;6.96007e-05;2.84169e-06;4.85659e-07;0.00428464;0.000636346;7.42142e-07;4.27649e-05;0.955478;0.0205854;0.00132506
3.80811e-08;0.999834;5.70192e-11;1.89915e-10;5.24515e-11;8.22434e-11;7.0691e-09;1.39285e-07;1.22021e-10;2.99154e-10;1.83645e-09;1.38193e-05;0.000151995;9.82333e-09
4.45317e-06;0.000999829;5.11237e-07;0.000197988;2.22074e-05;0.00020397;1.50505e-06;0.00353907;0.00051805;8.70964e-07;0.00024028;0.993665;0.000325295;0.00028108
0.0016181;0.982693;0.00367499;0.00379208;0.000137708;0.000122039;2.43457e-05;0.00104354;0.000834986;0.00022711;0.00398515;6.00227e-05;0.000926809;0.000860231
9.07272e-05;0.00102853;1.07037e-07;1.16451e-06;0.000328124;4.78136e-08;3.32059e-05;0.995463;0.000393049;2.61073e-06;0.000668832;6.59338e-05;0.00192493;3.7291e-09
1.3533e-08;4.78403e-06;0.99969;1.79431e-06;9.18003e-07;3.16151e-07;1.39433e-09;7.20872e-09;4.70888e-09;7.83925e-07;4.0822e-08;0.000299982;7.93658e-07;3.10748e-08
1.90662e-07;0.998642;3.70217e-08;6.22871e-07;3.18876e-08;6.69401e-07;1.96239e-07;0.00129644;2.25301e-05;1.73797e-08;5.51944e-06;1.30146e-05;1.67329e-05;2.11231e-06
