4.05378e-07;0.999936;7.23598e-06;3.85188e-07;2.87868e-07;1.62582e-08;5.09841e-10;5.52948e-07;7.63881e-10;3.09721e-09;1.43508e-09;5.03103e-05;2.4939e-06;2.43627e-06
2.93607e-06;0.0188176;2.65317e-09;7.35013e-06;1.4866e-05;2.18365e-05;1.73068e-05;0.000679941;9.26736e-07;2.58945e-06;2.2585e-06;3.16954e-05;0.980369;3.21345e-05
0.000571498;0.00306738;0.00137154;0.0229721;0.0208726;0.00175888;0.000579987;0.0475151;0.000378314;0.00271813;0.00966648;0.875613;0.00495565;0.00795945
0.000250196;0.485793;0.000360767;1.92063e-05;2.79961e-07;2.3394e-07;3.27925e-05;0.509678;1.74892e-05;4.42058e-07;0.000112456;0.000558353;0.00317672;1.52651e-07
0.000127747;0.00258906;9.89686e-06;0.00314894;0.0240112;0.115962;1.80477e-07;0.000525019;0.00111169;3.59353e-05;0.00154204;0.388607;0.000348691;0.461981
7.08311e-06;9.61735e-05;1.48161e-07;1.6914e-08;2.18428e-06;8.01761e-05;2.7346e-09;2.00557e-06;6.83674e-08;2.50402e-08;2.63666e-07;2.31271e-06;0.999662;0.000147398
7.74435e-08;0.0106999;1.41464e-08;2.02214e-08;1.00689e-06;1.21942e-06;1.07583e-10;8.9202e-07;2.56081e-07;7.13276e-10;1.67619e-07;0.951757;0.0374732;6.64297e-05
0.000253643;0.0330818;0.000463974;9.01447e-05;0.110197;0.00399961;1.27896e-07;0.815574;2.14147e-05;6.76758e-05;4.21714e-07;0.000114953;0.00138408;0.034752
1.0861e-05;0.969919;4.96934e-07;4.39679e-06;4.12175e-05;2.02117e-05;0.00130762;0.00394084;1.43981e-05;2.56576e-05;1.15719e-05;3.05294e-08;0.0227741;0.0019299
3.40167e-12;1.8097e-10;1;5.56294e-12;8.02338e-10;1.12579e-12;5.01453e-11;1.50342e-12;1.28012e-13;3.18312e-11;7.26984e-14;2.86844e-10;9.02072e-13;3.80836e-11
6.68615e-05;0.0722069;8.69332e-07;0.000889009;0.000388312;1.42718e-05;0.00328293;0.0866312;0.403;6.85184e-05;0.187163;0.0880421;0.158026;0.000219333
3.18636e-06;0.979408;0.00105436;7.01904e-06;9.22912e-07;4.36054e-07;4.24438e-06;2.38699e-07;2.03281e-08;1.53452e-06;7.99757e-07;0.000230697;0.0192857;2.83788e-06
8.55764e-07;0.00367903;6.03593e-06;3.63048e-08;2.37781e-07;6.36154e-09;1.80801e-06;3.19432e-05;1.83176e-07;2.85101e-09;1.35638e-06;0.993411;0.00286763;5.69594e-08
3.20669e-05;0.41768;8.93671e-06;3.37863e-05;0.0156685;0.0157603;2.82601e-05;0.503275;0.000138104;6.24335e-06;1.42887e-05;0.000506687;0.0460371;0.000810615
0.000319182;0.105426;0.00268395;3.80313e-05;6.16811e-06;0.000205043;7.32251e-05;0.00246147;4.53516e-05;8.67285e-06;3.60419e-06;0.854245;0.0342881;0.000195712
3.0152e-05;0.290338;5.89222e-06;0.000627605;0.0008692;0.00592093;1.05523e-06;0.126567;0.000686306;1.14095e-06;8.41659e-05;0.00323426;0.00188081;0.569753
5.15393e-05;0.329712;6.17455e-07;1.62824e-08;7.76198e-07;5.25283e-08;2.85961e-09;0.669745;7.01412e-08;2.54328e-08;4.08093e-09;0.00011642;0.000299856;7.36847e-05
2.04518e-07;0.00615368;3.31294e-07;1.70644e-06;2.71916e-05;5.50554e-05;4.24991e-08;9.0402e-05;2.44484e-06;1.27298e-07;3.96466e-06;0.991361;5.63651e-05;0.0022479
1.12466e-06;0.996067;6.74023e-09;1.00948e-08;5.02512e-10;1.21922e-08;2.0514e-08;1.52527e-05;2.41543e-08;3.9816e-09;7.60464e-08;2.93614e-05;0.00388754;6.85112e-10
0.00020244;0.0175262;3.27617e-07;4.84582e-07;0.000327605;1.64178e-05;2.51881e-06;0.0153942;4.39682e-05;1.22901e-06;9.62037e-06;0.965656;0.000781415;3.76084e-05
2.52705e-06;0.999873;8.11279e-09;7.03195e-10;6.91187e-08;4.69014e-09;8.58973e-06;1.27593e-06;1.79166e-07;1.20734e-06;7.52413e-11;1.00129e-12;1.44581e-06;0.00011153
3.07809e-12;5.0994e-13;1;4.62595e-14;4.54089e-11;7.12582e-14;4.50563e-14;5.21891e-13;2.18875e-13;1.17711e-13;1.75594e-15;7.3415e-10;1.54065e-13;1.29699e-14
2.33529e-05;0.00236542;5.95022e-05;3.03198e-06;1.10408e-05;3.72952e-06;3.4892e-06;0.994152;0.00246192;2.97639e-06;4.95718e-05;0.000767788;8.90308e-05;7.08139e-06
1.81685e-06;0.000530561;1.95716e-08;1.64627e-06;9.0606e-06;7.59982e-07;7.7186e-07;0.998086;4.78902e-05;2.25689e-07;1.515e-05;1.68251e-06;0.00129886;5.2299e-06
6.44693e-07;0.015911;1.16843e-08;3.82902e-05;1.35635e-05;6.99066e-06;1.32078e-07;0.000769814;0.000164478;1.44278e-07;1.02229e-05;6.56115e-05;5.42854e-06;0.983014
2.44905e-07;0.999936;1.1546e-06;8.46763e-08;4.32628e-07;1.41486e-09;6.54357e-11;3.23554e-05;7.57397e-10;2.84792e-09;2.53439e-10;2.45195e-05;3.3802e-06;1.38507e-06
0.000260383;0.563069;0.00233153;0.00143929;0.00388744;0.000734887;5.96501e-05;2.63551e-05;7.62395e-07;0.000196396;0.000136082;0.0420079;0.380614;0.00523659
9.06487e-05;0.0349404;1.21359e-05;6.99512e-05;2.93851e-06;2.44056e-06;0.0123298;0.00164967;0.0142515;3.09238e-05;0.822446;0.113939;0.000212686;2.16185e-05
0.00249652;0.671453;0.000286911;0.00181498;0.0185563;0.00867918;0.00164057;0.15567;0.00355021;0.000873435;0.0146608;0.0192478;0.0662824;0.0347875
0.00926804;0.492962;0.00163524;0.00058285;0.0019084;0.00511097;0.00209963;0.0199401;0.00292357;0.00019829;0.029601;0.0716505;0.358564;0.00355554
4.4109e-05;0.787494;2.06712e-05;0.000926122;0.000105014;0.0228556;3.5846e-06;0.00210627;0.000277626;2.2378e-06;0.00788508;0.0476643;0.0934068;0.0372087
1.78366e-05;0.0294041;5.00648e-05;2.10387e-06;2.49559e-05;1.36251e-05;1.37212e-08;0.00126463;5.39666e-07;7.48679e-07;7.56035e-06;0.785132;0.183989;9.35164e-05
1.61755e-05;0.0228144;4.28386e-06;0.00133639;0.00166104;0.000330679;0.000920025;0.000895985;0.0101527;0.000155619;0.616534;0.0024342;0.342704;4.04409e-05
0.000138333;0.179988;0.669963;0.000240356;0.00213346;3.35468e-05;2.54307e-07;0.000110222;5.38094e-07;5.02821e-05;1.0132e-06;0.145843;0.000178369;0.00131958
0.00424279;0.898491;5.39172e-06;1.23705e-05;0.000706537;3.43047e-05;0.0011571;0.0429876;0.000701355;3.54469e-05;0.000749096;0.0390022;0.0117471;0.000128109
5.10082e-05;0.0621858;1.26441e-08;4.02979e-06;0.00132779;1.4399e-05;2.27264e-06;0.224598;9.16427e-06;1.73849e-06;1.27576e-05;0.00315627;0.707561;0.00107608
3.10833e-06;0.00181696;1.37796e-08;0.000123181;0.000110174;0.00011915;5.26855e-08;0.000256279;0.000287697;4.50446e-07;2.07911e-05;0.000164778;0.000135526;0.996962
8.55866e-05;0.997786;0.000529134;8.17818e-05;8.90283e-06;3.99739e-07;3.02273e-07;1.31345e-05;6.00675e-06;2.69985e-06;2.13063e-06;0.00100554;0.000230765;0.000247192
9.28399e-05;0.955294;5.63739e-08;3.18094e-06;7.81753e-06;5.29847e-07;0.0285225;0.000135022;1.04872e-06;0.00203278;3.25184e-06;4.71278e-09;1.93915e-05;0.0138879
2.71195e-09;7.01312e-10;1;4.34009e-09;9.95871e-08;1.68623e-09;1.74872e-08;5.31265e-12;2.18095e-09;5.81082e-09;6.64433e-10;5.50437e-09;4.26661e-13;1.72245e-08
4.75398e-07;0.942942;1.46658e-05;1.06988e-07;6.44544e-08;7.61206e-08;2.36056e-08;1.35829e-07;4.03048e-09;1.05287e-08;3.7069e-08;6.65569e-06;0.0570358;7.72209e-08
1.93173e-07;0.00709901;4.78968e-06;7.10016e-08;3.93666e-06;1.32618e-07;1.96307e-08;0.0039305;8.60715e-07;6.55605e-08;1.47742e-06;0.988046;0.000884554;2.87704e-05
8.15194e-07;0.00123748;1.45156e-09;4.74482e-07;0.02093;8.10638e-05;3.3828e-06;0.971511;9.11412e-06;5.1746e-07;2.00919e-06;1.6137e-05;0.00613842;6.96028e-05
6.07011e-06;0.000128338;0.99864;5.82968e-07;1.09227e-05;4.16629e-07;2.74146e-09;2.4749e-06;4.0925e-09;2.9133e-08;1.94691e-09;0.00117087;1.50003e-05;2.5207e-05
4.22249e-06;0.997187;1.24928e-07;3.36026e-07;1.49954e-07;1.94043e-07;5.65364e-08;0.00165269;1.18563e-05;3.98751e-10;1.50642e-05;2.56809e-05;0.00109149;1.11325e-05
3.25598e-05;0.250055;1.43599e-07;4.89211e-06;0.0183884;1.4534e-05;1.89024e-07;0.548272;1.86116e-05;1.25312e-05;5.02324e-06;0.00376615;0.168311;0.0111186
1.21847e-05;0.00769084;0.972125;0.000229688;0.00769213;4.13959e-05;1.7681e-05;1.49707e-05;1.17469e-07;5.17197e-05;2.7168e-06;0.00111728;3.815e-05;0.0109661
6.24723e-06;0.999326;3.95809e-08;2.14906e-07;3.99583e-08;3.66417e-09;4.10305e-06;0.000225627;4.93747e-05;3.55553e-09;6.29348e-05;0.000154252;0.000136101;3.54025e-05
3.51684e-05;0.96462;3.78765e-09;1.38616e-07;0.000102148;4.25902e-06;4.40594e-07;0.00614629;3.30685e-06;3.37964e-07;2.61575e-07;0.0045333;0.0240232;0.000530782
1.41919e-05;0.0233664;6.1936e-06;2.66023e-06;0.000984396;2.62064e-05;2.36842e-07;0.0440156;4.17251e-07;9.75534e-07;1.54918e-07;0.347225;0.582737;0.00162027
3.18861e-05;0.00487386;2.2876e-07;0.00141412;0.00210606;0.00437691;1.89988e-06;0.00514227;0.00228207;6.66513e-06;0.000275915;0.00510597;0.0182996;0.956082
0.000283342;0.000235491;8.7536e-08;8.03261e-08;7.75559e-08;5.38643e-09;1.32815e-07;0.998802;3.74683e-05;2.41076e-08;6.01256e-07;7.25403e-07;0.000639614;6.84012e-08
1.9957e-07;0.0483746;1.31676e-07;1.81494e-06;4.73379e-07;1.81898e-06;0.000565012;2.36677e-08;2.19945e-08;0.000497136;9.26201e-08;3.30923e-08;1.23698e-06;0.950557
6.13202e-10;5.52234e-14;1;8.07439e-10;2.94574e-09;5.17535e-09;6.22034e-08;1.7377e-12;1.91139e-09;1.90736e-09;1.30624e-08;1.27941e-08;3.25669e-14;1.09464e-08
4.56603e-07;0.995844;4.85339e-10;4.57932e-09;1.1247e-09;2.39772e-10;0.00413406;3.02573e-06;7.42727e-08;2.62314e-06;1.54261e-07;1.70324e-11;1.42405e-05;9.94532e-07
5.88122e-13;5.01534e-13;1;3.18395e-11;3.49023e-10;9.31251e-10;5.70798e-12;1.00716e-14;3.64327e-13;9.71314e-12;1.04542e-12;3.44377e-08;9.47987e-14;6.57839e-12
1.22228e-06;0.989996;1.12553e-09;3.15499e-08;2.62069e-07;1.40339e-06;1.77594e-06;0.000798006;2.5146e-06;5.75371e-08;3.40629e-07;3.64312e-06;0.00919022;4.80023e-06
4.89321e-07;0.867332;8.57388e-07;2.11045e-05;0.000677578;0.000137458;5.16306e-07;0.0020411;1.99638e-07;5.60307e-06;3.07194e-06;0.0288672;0.0137339;0.0871787
5.62269e-05;0.836506;1.47848e-07;0.00300021;8.61844e-06;0.000372301;0.000651215;0.000680009;0.00208717;5.72571e-05;0.013211;0.0100714;0.129035;0.00426371
5.7595e-05;0.0124757;6.95017e-08;1.05813e-07;2.07794e-06;2.92109e-07;4.61128e-09;0.986969;1.30829e-08;5.60012e-08;5.39062e-09;4.9864e-06;0.000410779;7.88035e-05
5.29918e-08;0.00193854;7.37619e-07;1.20933e-07;1.17353e-05;1.5279e-05;3.386e-09;7.4904e-05;5.60696e-09;4.36697e-08;1.81385e-07;0.996771;0.00099716;0.000190385
3.65613e-07;0.993205;1.56958e-09;1.76841e-08;4.19272e-08;8.97181e-09;0.00530253;6.15237e-08;5.22445e-09;0.000101301;1.45469e-07;8.94317e-09;0.00137294;1.73326e-05
3.19013e-08;4.14436e-09;0.999985;9.06048e-08;1.24963e-07;5.96942e-08;1.17939e-05;8.58694e-11;2.32214e-06;4.06633e-08;5.12819e-07;1.86914e-07;3.74475e-08;3.09374e-10
3.34143e-07;0.999993;2.34283e-06;4.80162e-08;3.96674e-10;4.43755e-11;7.0951e-08;6.61299e-07;3.90907e-09;7.24606e-09;1.32596e-08;3.27704e-07;3.19616e-06;9.25998e-08
3.29801e-06;0.990116;2.96124e-09;1.04749e-05;5.0272e-06;4.85969e-07;2.26853e-07;0.0025834;2.03402e-05;1.88073e-06;4.38498e-06;0.00708356;0.000130224;4.08914e-05
2.23102e-05;0.601601;0.000183;0.000519944;0.000644843;0.00058452;4.04473e-07;8.54924e-05;3.66623e-07;4.40598e-05;1.41554e-05;0.0764407;0.318906;0.00095284
0.000427533;0.216346;9.35249e-05;0.000136646;0.000331375;0.00764473;9.76863e-06;0.0215536;0.000364297;1.68845e-06;0.00179458;0.53373;0.214646;0.00292037
1.64308e-05;0.179482;7.98533e-06;0.0101034;0.166079;0.143624;0.000120965;0.0434349;0.000520711;0.000103807;0.000571188;0.000157481;0.000411058;0.455367
3.32587e-05;0.750056;5.3293e-06;2.20241e-05;7.61831e-05;0.000437369;1.4629e-06;0.00117842;5.53465e-06;6.32984e-07;8.42208e-06;0.240744;0.00628008;0.00115114
5.55201e-06;0.610765;4.17472e-05;0.000159472;0.00208208;0.00566187;2.26458e-09;0.0191721;1.44595e-05;2.06053e-07;5.90798e-06;0.0579069;0.000394621;0.30379
2.07809e-06;0.00034523;1.19375e-07;5.79065e-07;4.01249e-05;8.20772e-06;1.88004e-07;0.998409;0.000218748;9.29194e-08;0.00025712;4.54968e-05;0.000666949;6.18547e-06
2.93956e-05;0.952655;3.51202e-07;1.27466e-06;4.50941e-05;8.83128e-06;5.29801e-07;0.00211246;1.51071e-05;6.32948e-07;0.000123777;0.00142197;0.0415752;0.00201045
0.00322219;0.0377376;2.40043e-05;2.55782e-06;0.0152891;3.44795e-05;4.00155e-07;0.00681547;2.54317e-05;2.47313e-05;4.4334e-06;0.88973;0.043194;0.00389586
0.000730802;0.275477;8.45361e-07;4.76747e-06;2.81858e-05;8.25084e-06;3.69252e-05;0.699874;0.0192544;4.82899e-06;0.000486894;0.00185896;0.0021497;8.42526e-05
1.70999e-05;0.00375168;5.95217e-09;7.61888e-07;0.000112379;2.40539e-06;6.96135e-08;0.995204;2.93547e-05;3.00712e-07;2.23326e-07;0.000379097;0.000323239;0.00017966
3.70406e-05;0.290827;1.3397e-06;0.000277062;0.00306707;0.000439651;5.41373e-06;0.000220927;0.000978124;1.06061e-05;1.66951e-05;0.0225631;0.000178652;0.681377
6.59056e-05;0.998471;1.15673e-05;1.62538e-06;3.39769e-08;1.06861e-08;1.11639e-05;0.000158376;9.00754e-05;5.91594e-07;2.61034e-05;0.000828325;0.000334941;3.27753e-08
3.63192e-06;0.998095;3.45975e-09;3.72963e-05;8.49861e-06;8.51367e-07;1.03363e-05;0.00138;0.000102127;0.000203351;1.24758e-05;4.05837e-05;6.89915e-05;3.6719e-05
1.84048e-07;4.94704e-08;0.999863;6.56089e-09;3.47051e-09;6.71447e-08;4.03012e-09;2.99701e-08;6.42381e-09;2.66483e-09;5.62833e-08;0.000135025;1.05043e-06;1.89158e-10
4.15088e-06;0.0297127;5.34391e-09;3.70955e-08;3.85826e-05;8.11823e-08;5.14287e-07;0.00444791;3.45508e-07;7.77287e-08;1.395e-06;2.1781e-05;0.965772;2.32493e-08
0.000186604;0.0017802;0.139512;0.000738178;0.000972627;0.0236015;0.000365786;4.6884e-05;4.40619e-05;0.00193959;0.000451797;6.16661e-05;0.830226;7.34237e-05
0.0030932;0.00665328;0.984271;1.8257e-05;5.37604e-06;1.22413e-06;3.58231e-05;3.35759e-06;0.00453799;3.21731e-06;0.00034294;0.00102037;3.06068e-06;1.04662e-05
9.73722e-05;0.00355744;1.27897e-07;2.90316e-07;0.0200208;0.000377891;2.82352e-06;0.969419;0.00333318;1.13368e-06;2.86984e-06;0.000112542;0.00302839;4.572e-05
9.73423e-07;0.000200101;3.29878e-10;6.86907e-09;2.73633e-06;4.99412e-08;1.89027e-10;0.999327;1.46121e-07;4.98016e-09;5.15362e-09;6.76188e-05;0.000400787;1.11229e-07
1.08144e-05;0.0382159;1.62312e-07;0.000416465;0.00393908;0.000423031;8.1548e-08;0.00243389;0.000981071;2.18495e-06;3.62318e-05;0.000699687;0.000953409;0.951888
4.92142e-05;0.998484;6.15267e-05;1.54338e-05;4.12541e-06;2.7328e-07;1.04319e-07;1.61919e-05;1.26832e-06;4.65004e-07;1.09295e-06;0.000573946;0.000778217;1.45262e-05
0.000179096;0.967302;4.71914e-08;2.19267e-06;1.75649e-05;1.3326e-06;0.00603066;0.000601185;1.33354e-06;0.00127659;1.5691e-06;1.38369e-08;1.81704e-05;0.0245686
1.29313e-09;1.25405e-10;1;2.59899e-09;2.04145e-08;1.63886e-09;3.55884e-09;1.74109e-12;1.02998e-09;2.60034e-09;7.2653e-10;1.14317e-08;2.0011e-13;2.61239e-08
7.38846e-07;0.954285;2.49595e-05;1.11393e-07;8.48253e-08;8.72624e-08;2.49715e-08;1.49743e-07;4.01464e-09;7.18367e-09;6.4431e-08;5.52302e-06;0.0456832;6.01467e-08
2.94456e-07;0.0102369;1.22848e-05;6.54627e-08;6.42227e-06;1.34507e-07;8.46013e-09;0.00949668;8.15698e-07;3.75139e-08;1.13379e-06;0.978802;0.00141267;3.10421e-05
5.63758e-07;0.00103347;7.26639e-10;2.57014e-07;0.0196019;4.53938e-05;1.16734e-06;0.97503;6.66899e-06;3.02816e-07;1.23002e-06;2.60403e-05;0.0041782;7.48383e-05
5.1413e-06;0.000104369;0.999261;4.22464e-07;6.51836e-06;2.59246e-07;3.01066e-09;2.88236e-06;4.91402e-09;2.27704e-08;2.78553e-09;0.000589957;5.91333e-06;2.35956e-05
8.78914e-06;0.993217;2.3987e-07;5.50873e-07;3.41167e-07;3.50605e-07;9.36889e-08;0.0052617;2.88612e-05;6.07365e-10;3.49006e-05;3.44485e-05;0.00137114;4.15263e-05
5.49385e-05;0.104168;1.84319e-07;4.24439e-06;0.00806027;2.05488e-05;2.91869e-07;0.671704;4.77125e-05;7.64497e-06;1.08758e-05;0.0046382;0.20726;0.00402283
2.98866e-05;0.0096395;0.958868;0.000421087;0.00839693;7.17209e-05;2.79266e-05;1.05613e-05;3.39866e-07;9.29165e-05;5.42198e-06;0.000223344;7.1967e-05;0.0221406
1.77325e-05;0.998436;1.33742e-07;3.69756e-07;4.77084e-08;5.38964e-09;5.4609e-06;0.000268866;0.00015842;6.37612e-09;0.000124091;0.00073438;0.000241801;1.25451e-05
3.20902e-05;0.930361;1.93016e-09;5.34574e-08;2.407e-05;8.99825e-06;1.09335e-07;0.00640908;2.69137e-06;1.19462e-07;1.25684e-07;0.00138111;0.0615674;0.000213043
1.70694e-05;0.0109418;2.14574e-05;1.61356e-06;0.000269251;1.30156e-05;2.59862e-07;0.0101172;3.86335e-07;1.012e-06;1.32721e-07;0.14633;0.830635;0.00165221
1.72864e-05;0.0130618;2.58165e-07;0.000265029;0.00202285;0.000646729;1.7836e-06;0.00703121;0.00107539;4.87504e-06;0.000107593;0.00533114;0.00359725;0.966837
2.88993e-05;0.000180009;1.37705e-06;1.3687e-07;2.46795e-07;9.68978e-10;2.05699e-07;0.999732;4.9621e-05;3.32189e-08;1.10805e-06;8.25017e-07;5.11448e-06;4.01326e-07
4.96719e-06;0.461409;3.11022e-06;0.000100652;0.000113933;0.00150726;1.46906e-05;0.00124158;3.08311e-06;0.000235367;9.63796e-06;7.18344e-07;0.00972434;0.525631
4.28328e-09;6.09048e-11;0.999997;8.70158e-09;3.07104e-08;3.80241e-09;2.48093e-08;4.25202e-11;8.73665e-10;3.43658e-09;1.17164e-08;2.65615e-08;4.37464e-13;3.00651e-06
3.06178e-05;0.94731;3.17401e-06;7.97257e-05;0.000122535;6.21941e-05;2.9183e-07;0.0430006;0.000397961;2.028e-07;0.000321835;0.0024342;0.00610167;0.000135149
7.43281e-06;0.746584;4.9665e-06;7.1214e-05;0.0039643;0.0083383;8.73113e-08;0.135746;2.50998e-05;3.3181e-05;0.000163004;0.0553114;0.0456999;0.00405056
0.00132447;0.541695;2.09802e-06;6.33477e-05;1.32689e-05;0.000116123;0.00138438;0.0116244;0.000654221;2.69909e-05;0.00249055;0.00491306;0.435683;9.63622e-06
7.12844e-05;0.00441255;0.994599;4.06961e-05;0.000547694;7.1169e-08;1.20627e-05;2.86107e-05;1.04353e-06;7.35511e-06;5.43316e-07;2.18756e-05;5.94956e-05;0.000197869
0.000165902;0.98953;2.50665e-05;1.78496e-06;2.9003e-05;1.56915e-06;1.5976e-06;0.00684537;3.50491e-05;1.32518e-07;1.35724e-05;0.000125692;0.00312548;9.96799e-05
4.50198e-05;0.52806;9.90029e-08;2.73281e-06;0.000169109;0.000237228;6.8476e-08;0.0279707;3.19632e-06;2.51764e-06;3.5255e-06;0.290179;0.15262;0.000706595
0.000107209;0.0260453;2.01758e-05;8.90556e-06;0.00448505;0.000333749;1.24175e-07;0.112393;7.89107e-07;7.15845e-07;7.68496e-06;0.512625;0.342349;0.00162329
1.34538e-06;0.00168176;1.06061e-07;0.000172063;0.00134389;0.00112026;1.35968e-08;0.000728782;3.60761e-05;1.39383e-07;8.5803e-06;0.00151615;3.06602e-05;0.99336
1.30937e-06;0.999623;5.13769e-09;4.66988e-08;1.23282e-09;4.2903e-09;4.73934e-07;1.43891e-07;4.27194e-08;1.18901e-08;2.04871e-07;7.5463e-06;0.000365886;9.30149e-07
3.50402e-05;0.071089;0.0341009;0.0012863;0.000499416;0.0032928;1.79265e-06;0.000761853;1.31767e-05;2.60253e-05;1.01068e-05;0.826218;4.52923e-05;0.0626205
5.70091e-05;0.00844611;0.989685;3.05238e-05;5.78676e-07;8.03648e-06;1.21833e-06;0.000316406;2.4629e-07;7.49399e-07;1.94204e-05;5.68989e-05;0.00137793;5.17165e-08
8.24052e-09;0.999944;1.42866e-11;2.19134e-09;3.09697e-09;1.74809e-09;4.79453e-05;2.09185e-08;4.54183e-10;3.21818e-07;2.55662e-08;1.3373e-10;7.54673e-08;7.92522e-06
2.68934e-12;7.48394e-13;1;9.8723e-13;3.33472e-09;6.0352e-12;2.63301e-12;6.4086e-12;7.14995e-14;1.58694e-12;1.02364e-13;7.25432e-08;1.074e-14;4.42176e-11
3.19428e-06;0.000765407;1.4801e-06;4.22613e-08;2.84073e-07;3.43476e-07;7.93762e-07;0.998808;5.74288e-06;9.01379e-08;3.01531e-06;4.77248e-05;0.00036407;2.92815e-08
5.06348e-05;0.0566766;5.57889e-07;1.74551e-05;0.000222147;8.39954e-05;1.829e-05;0.604865;1.39347e-05;5.35643e-06;0.000135594;0.000191813;0.337451;0.000267326
3.08453e-07;0.00508361;1.57871e-08;4.66796e-05;0.000135139;0.000139941;6.34295e-08;0.000157886;6.7389e-05;4.58794e-07;7.08518e-06;0.000132065;4.54693e-05;0.994184
8.70268e-07;0.999036;7.83927e-09;1.91603e-07;5.35639e-09;6.49855e-08;1.54089e-06;2.71918e-06;5.08619e-07;1.14497e-07;8.1991e-07;3.49704e-06;0.000952454;1.11023e-06
8.56611e-06;0.0245104;0.00099127;0.000113213;4.36889e-05;0.000152908;3.17839e-07;0.000173686;9.33457e-06;5.18603e-06;6.37416e-06;0.949668;2.23842e-06;0.0243144
0.000231914;0.03327;0.931326;0.000271796;0.000273089;0.000627367;3.71598e-05;0.00411972;7.46564e-06;2.00536e-05;0.000144129;7.53418e-05;0.0295467;4.89169e-05
1.97052e-08;0.999991;2.59216e-11;2.19191e-09;3.71531e-08;9.12024e-09;5.47909e-06;2.76332e-07;2.67481e-09;1.57207e-07;4.51445e-08;2.83344e-09;1.54966e-06;1.85817e-06
7.90744e-13;4.16313e-12;1;2.98037e-13;3.10056e-11;1.1896e-11;3.43836e-12;6.56462e-14;1.10698e-14;1.91378e-12;3.07834e-14;2.52084e-08;1.12599e-14;5.83924e-12
3.57792e-05;0.884452;0.00010968;9.01096e-05;4.72858e-06;8.91066e-06;0.00549037;0.029243;0.00115461;7.11293e-06;0.00844231;0.000172989;0.0707597;2.90125e-05
4.89321e-06;0.148136;6.2076e-08;6.98174e-06;9.54637e-05;2.95309e-05;5.17502e-07;0.823054;0.00027164;3.40657e-06;0.000471784;0.000272647;0.0276331;2.06645e-05
4.13549e-05;0.734007;7.18952e-07;2.2497e-06;2.50074e-07;2.34973e-07;2.0323e-05;0.0299861;2.66377e-05;7.59187e-06;9.67964e-05;0.00523768;0.230572;6.7468e-07
0.00115088;0.152067;0.593354;0.00146184;0.0625673;1.15762e-06;0.000394956;0.00259824;4.21577e-05;0.00132661;7.62015e-06;0.00223899;0.000224736;0.182565
0.00124868;0.834924;6.75979e-06;1.51236e-06;1.77773e-05;1.92743e-07;5.65955e-06;0.158075;0.00449419;2.89673e-07;8.90898e-05;0.000144658;0.00089783;9.43578e-05
0.000212589;0.41408;5.81407e-07;3.90385e-06;0.000163037;0.000423446;1.17425e-07;0.130019;4.70653e-05;8.58184e-06;9.07064e-06;0.373639;0.0811404;0.000252938
0.000229964;0.00646801;2.29326e-06;4.78515e-06;0.00167833;0.000169023;6.51393e-08;0.295659;1.96222e-06;9.91745e-07;1.95689e-06;0.530803;0.163284;0.00169674
1.46911e-05;0.0053814;5.53763e-08;0.000267976;0.00132596;0.0016664;1.39102e-07;0.00118686;0.00166184;4.58536e-07;7.89252e-05;0.000210859;5.45668e-05;0.98815
7.17767e-07;0.99974;4.52214e-09;2.25773e-08;2.30252e-09;5.19769e-09;8.8158e-08;3.34541e-08;5.84172e-08;8.902e-09;9.46334e-08;3.32715e-05;0.00022596;8.53935e-08
2.25439e-05;0.129301;0.0239188;0.000493954;0.000822817;0.00763605;2.18463e-07;0.000471561;3.60902e-06;9.3641e-06;4.02351e-06;0.817899;5.73944e-05;0.0193592
8.252e-06;0.998491;1.06501e-08;1.66443e-06;1.46723e-08;1.78601e-06;1.4958e-06;2.60492e-05;2.33742e-07;8.42777e-08;4.21902e-06;4.02118e-06;0.00146007;5.54099e-07
1.44953e-06;0.00129941;5.14388e-08;2.75012e-07;1.21438e-07;2.01711e-06;1.14066e-09;0.000207517;2.16287e-07;3.4717e-09;5.14911e-06;0.998443;3.97337e-05;8.63452e-07
4.84102e-09;0.999952;2.2941e-11;3.98061e-09;1.08569e-08;1.56316e-08;3.88447e-08;4.12946e-06;5.47656e-10;3.1235e-08;9.29305e-10;1.64635e-12;5.12772e-07;4.38513e-05
2.05037e-11;6.26209e-11;0.999998;7.08232e-12;2.38314e-08;5.88595e-12;1.02468e-11;2.47367e-11;2.43047e-13;5.74338e-12;3.30272e-13;1.54595e-06;2.49757e-13;2.25641e-10
3.25587e-06;0.000430458;1.95108e-07;3.1592e-08;1.39583e-06;2.61883e-06;2.73274e-07;0.99944;1.34174e-05;4.24506e-08;1.94833e-06;8.27966e-06;9.81228e-05;8.86664e-08
2.69446e-05;0.0204346;1.62181e-07;3.53456e-06;7.99863e-05;6.05911e-05;9.71614e-07;0.961392;8.85688e-06;6.53095e-07;1.95484e-05;1.47342e-05;0.0175886;0.000368901
6.26646e-07;0.00482247;6.69267e-09;5.01046e-05;2.94307e-05;0.000196007;2.53637e-08;4.77926e-05;9.31905e-05;2.03543e-07;1.5824e-05;2.14146e-05;2.59088e-05;0.994697
2.71002e-07;0.999498;4.56093e-10;1.02564e-08;4.40051e-10;1.84693e-08;1.45531e-07;2.77647e-07;5.42263e-08;1.23662e-08;6.98614e-08;2.54143e-06;0.000498248;3.68644e-08
6.40097e-06;0.00877537;0.00166295;0.000150712;9.82447e-05;0.00456793;2.39e-07;3.85686e-05;8.79817e-06;2.75948e-06;7.64077e-06;0.966089;4.73298e-05;0.0185445
3.61925e-06;0.998649;2.96109e-09;5.46524e-07;9.19995e-09;2.69292e-06;5.139e-06;2.0184e-05;3.14159e-07;1.13644e-07;5.83904e-06;6.14902e-06;0.00130593;2.31794e-07
0.00010819;0.119556;0.00010204;4.38749e-05;7.03426e-05;0.000275763;7.30285e-06;0.00121732;5.55902e-05;5.9011e-06;0.000664141;0.867283;0.0101982;0.000412445
1.07982e-07;0.994541;1.53662e-10;2.44905e-08;8.78172e-07;5.02735e-07;2.45445e-07;0.00538427;1.45499e-07;8.28192e-08;2.91455e-08;9.46072e-11;3.84292e-05;3.47909e-05
7.32734e-12;2.48034e-10;1;1.13269e-12;6.29006e-11;4.82427e-12;2.20847e-11;2.31228e-13;1.22789e-13;5.76852e-12;1.14414e-13;2.19745e-07;8.95592e-14;1.87625e-11
7.05619e-05;0.923117;9.71748e-06;4.82786e-05;3.48003e-05;7.19609e-06;0.00330569;0.00724576;0.00351769;3.44891e-06;0.0049741;2.42808e-05;0.0575637;7.73322e-05
7.46287e-06;0.232733;5.34138e-08;2.46233e-06;0.000181379;2.36217e-05;1.6329e-07;0.751065;0.000173821;2.37903e-06;2.13886e-05;0.000726468;0.014986;7.69822e-05
0.000149516;0.860393;5.42056e-07;6.11194e-06;9.5997e-07;2.06424e-06;5.06711e-05;0.0110889;0.000166337;1.86484e-05;0.000151938;0.00798867;0.119974;8.65926e-06
0.010862;0.434059;0.399693;0.00255819;0.042949;3.95663e-06;0.00148349;0.0122309;0.000807798;0.00178377;2.91999e-05;0.0331926;0.00452126;0.0558258
0.00308042;0.263632;1.10101e-05;2.17851e-06;2.90639e-05;1.22634e-06;4.94865e-06;0.716239;0.0146749;4.088e-07;8.2927e-05;5.949e-05;0.00210713;7.52836e-05
0.000212161;0.446527;1.53025e-07;1.23619e-06;4.06886e-05;0.000122806;1.0627e-07;0.096439;2.11286e-05;2.84245e-06;4.86671e-06;0.267637;0.188627;0.000363675
7.93427e-05;0.00189921;3.31536e-06;1.81555e-06;0.000368629;5.21885e-05;3.55036e-08;0.152022;9.25481e-07;3.79991e-07;1.38549e-06;0.521831;0.323492;0.000247853
3.40108e-05;0.00495787;6.93067e-08;0.000202257;0.00116698;0.000760366;5.7824e-07;0.000388735;0.00349618;4.66956e-07;0.000141337;0.00154881;0.000121463;0.987181
7.00703e-06;0.999379;1.41713e-07;7.40137e-08;7.58306e-09;1.07358e-08;1.35474e-06;5.91245e-07;3.30408e-07;4.17975e-08;2.99285e-07;0.000252045;0.000358012;1.0274e-06
1.5901e-05;0.0156136;0.016628;0.000178065;0.000773957;0.00132794;1.83677e-07;0.00524791;5.53376e-07;6.69373e-06;4.16812e-07;0.876938;1.92101e-05;0.0832498
0.00057265;0.00281857;2.74226e-08;1.49925e-05;1.28416e-06;4.28981e-05;6.26044e-06;0.947809;0.000318735;1.91981e-06;0.000136334;3.09621e-05;0.0482206;2.62806e-05
3.50914e-08;0.000187195;9.5721e-07;4.00036e-08;2.87995e-09;1.13747e-09;3.53956e-10;2.29794e-08;1.35515e-08;2.69727e-10;1.3019e-07;0.999808;4.10486e-08;3.49196e-06
8.13013e-08;0.999985;8.1198e-08;1.67383e-08;9.31461e-09;9.01893e-10;5.47758e-07;3.1539e-08;1.50666e-10;1.01556e-07;2.08278e-09;4.79832e-08;1.43893e-07;1.38647e-05
5.24346e-10;7.0356e-10;0.999947;7.17502e-11;5.95453e-11;1.62729e-10;9.52891e-09;8.15206e-12;1.14209e-10;5.53515e-11;3.21403e-10;5.26285e-05;4.65865e-10;3.49197e-11
4.29509e-05;0.159286;8.79482e-06;0.000163547;4.21901e-05;0.0104702;6.85651e-05;0.00661834;0.00318633;3.27205e-06;0.0124491;0.00229022;0.798782;0.00658833
2.89966e-05;0.011298;3.88324e-07;4.39489e-06;5.44843e-05;0.000100319;3.69745e-07;0.0337182;2.13183e-05;8.64816e-07;3.19696e-05;0.00366226;0.951004;7.43559e-05
1.44549e-07;0.00153814;2.8794e-08;3.5624e-05;8.30185e-05;0.000487305;1.7941e-08;5.45193e-05;4.50807e-05;2.51017e-07;5.26437e-06;4.40343e-05;1.14191e-05;0.997695
1.2249e-06;0.982961;8.91618e-08;2.58578e-07;2.8283e-09;4.31366e-08;2.49395e-06;9.002e-07;2.05795e-07;4.07461e-08;2.32544e-06;5.05679e-05;0.0169812;1.41225e-07
6.26557e-05;0.0214634;0.0909873;0.00113131;0.00153145;0.00198247;1.02392e-05;0.00444526;1.57878e-05;2.76975e-05;2.74654e-05;0.843721;0.000196805;0.0343976
5.51055e-07;0.999801;3.05466e-10;1.38837e-07;2.54419e-07;2.42443e-07;2.4869e-06;9.21445e-05;2.66811e-07;4.12627e-08;3.22667e-07;2.21118e-06;9.95383e-05;5.3285e-07
8.48633e-06;0.105549;2.24092e-06;5.2329e-05;0.103192;5.06763e-06;1.48386e-06;0.789476;5.98761e-06;1.10199e-06;1.26989e-05;0.00128571;0.000186397;0.000221259
4.56003e-05;0.0477075;0.883601;0.000554435;0.0117128;0.00575845;5.04395e-07;0.00121853;7.1944e-08;0.000107015;3.5385e-07;0.00113812;0.000580818;0.0475751
0.00677629;0.00282918;9.8053e-07;2.17352e-06;1.33595e-06;1.30444e-06;2.27348e-05;0.930264;0.00183115;2.91872e-07;0.000549989;0.00032173;0.0573979;5.70426e-07
2.28475e-08;3.33833e-05;4.96127e-08;1.12264e-09;8.13496e-09;3.51074e-10;2.11949e-11;9.58914e-09;3.37474e-09;6.01263e-11;1.5707e-09;0.999964;1.3165e-06;1.67227e-06
6.66558e-05;0.998258;3.49198e-05;2.48834e-07;9.59972e-06;2.67972e-08;1.9397e-05;1.92366e-05;5.23982e-07;1.25122e-05;1.76819e-08;1.07891e-06;3.11678e-07;0.00157694
2.09151e-09;4.36861e-12;0.999999;9.00805e-12;1.24113e-10;2.92881e-11;3.3269e-09;2.88875e-10;1.99273e-08;1.99799e-11;9.0092e-11;1.4088e-06;6.61753e-12;5.2282e-12
8.2728e-05;0.0115411;4.51827e-06;1.22017e-05;3.34437e-05;0.000237582;2.19435e-05;0.90531;0.0702018;1.46453e-06;0.000333492;0.000271963;0.0113273;0.000620515
1.17784e-05;0.000588113;1.66656e-08;4.75363e-07;1.09541e-05;1.65501e-06;1.75764e-07;0.995569;6.91816e-05;1.74216e-07;2.33388e-06;1.67951e-05;0.00372691;2.08614e-06
2.51595e-06;0.060546;3.06455e-07;0.000116572;0.00104139;0.000304703;4.96696e-07;0.000815395;0.000766609;2.62485e-06;5.03133e-06;0.000689269;0.00021697;0.935492
4.99143e-06;0.992469;7.63519e-07;3.49309e-06;1.39959e-08;2.69084e-07;2.87852e-05;5.39248e-06;1.84954e-05;2.21684e-07;2.25861e-05;8.95887e-05;0.00735534;7.97343e-07
0.000204978;0.122637;0.0299011;0.00118692;0.00221466;0.00125442;1.97304e-05;0.0218882;3.16817e-05;0.000103274;1.53023e-05;0.563194;0.000130611;0.257218
2.38499e-06;0.999396;2.90709e-09;2.66612e-07;2.96954e-06;2.70599e-06;5.47811e-06;3.83078e-05;5.1232e-07;5.59342e-08;3.84063e-07;0.000123322;0.000420669;7.06362e-06
2.46232e-06;0.0412671;4.15374e-08;5.979e-06;0.0203743;1.22893e-06;1.10041e-07;0.938074;1.03462e-05;1.57426e-07;3.65801e-06;0.000210856;1.48146e-05;3.51254e-05
1.61719e-05;0.00849623;0.862507;0.000203142;0.00629735;0.00271213;5.40002e-08;4.55538e-05;2.78975e-08;7.27207e-06;3.59129e-07;0.114869;0.000608601;0.00423672
0.000333606;0.625314;1.39574e-07;8.81776e-07;5.83545e-08;2.23042e-07;3.21702e-06;1.18777e-05;2.65796e-06;6.07753e-08;7.58844e-05;0.0158426;0.358415;1.07381e-07
0.000158213;0.394278;3.75372e-08;4.54341e-07;1.82008e-05;4.34771e-05;7.51107e-07;0.0103274;0.000165354;3.77952e-07;2.89336e-06;0.0343461;0.560569;8.97804e-05
0.000286194;0.471936;0.518176;1.50396e-05;0.000372458;2.26874e-06;1.30067e-05;1.6769e-05;0.000289269;3.38865e-05;2.70039e-05;0.000321737;6.97209e-06;0.00850294
4.17942e-09;1.9133e-09;0.999999;2.26349e-11;3.15026e-10;6.65413e-11;1.00743e-09;9.17315e-10;2.67256e-08;1.96515e-11;4.47458e-10;1.16259e-06;3.20855e-10;1.27314e-11
6.546e-05;0.00621886;2.74549e-08;2.7547e-07;9.95066e-06;8.9448e-06;9.7177e-07;0.96028;0.00197777;2.96985e-07;6.66264e-05;1.64911e-05;0.0312981;5.64031e-05
1.33769e-06;0.00160648;1.30058e-08;2.03662e-07;1.78202e-05;2.46039e-06;6.08021e-10;0.997588;3.24071e-07;1.42545e-08;4.38386e-08;1.53898e-05;0.000757799;1.02391e-05
2.31668e-07;0.0308795;1.76566e-07;6.88073e-05;9.61748e-05;9.40597e-05;7.78597e-09;2.08108e-05;6.45929e-06;3.69894e-07;3.24557e-07;0.00177778;0.000198966;0.966856
2.44554e-06;0.991407;1.4731e-08;9.32109e-07;2.32144e-08;1.02626e-06;1.74514e-05;8.61561e-07;1.0056e-06;5.54389e-07;1.9863e-06;2.43467e-06;0.00855358;1.01238e-05
7.41394e-06;0.000390654;0.0332699;2.26411e-05;2.51723e-05;5.72143e-05;4.75848e-07;0.000130153;2.64644e-07;2.62547e-06;1.03299e-07;0.957663;1.33233e-06;0.00842919
3.40284e-05;0.1613;7.92694e-06;7.98909e-06;5.95507e-06;7.57944e-06;1.25225e-06;0.837069;4.07e-05;5.69366e-08;2.22166e-05;0.000386599;0.00111613;5.71398e-07
9.85803e-09;0.999893;3.82814e-10;1.03424e-09;8.26579e-09;1.25356e-10;4.44264e-07;2.83542e-08;1.98833e-11;3.06289e-07;4.7738e-10;6.00916e-11;7.61401e-09;0.000106691
6.1204e-12;2.95472e-12;0.999999;2.77039e-11;7.12068e-07;2.89409e-10;9.16846e-12;4.15365e-12;7.66597e-14;1.87899e-11;2.73586e-13;2.98066e-08;2.01933e-14;4.08865e-09
1.22451e-06;0.00138843;5.78135e-07;2.10292e-07;2.75771e-06;1.09179e-05;2.63576e-07;0.99858;6.58785e-07;5.0658e-08;2.70797e-06;3.92105e-06;7.89553e-06;1.05565e-07
7.05846e-05;0.0155297;7.98386e-07;9.01458e-06;3.43786e-05;9.71584e-05;1.09677e-05;0.776536;4.32442e-05;6.58168e-07;0.000426352;9.24722e-05;0.207054;9.50091e-05
9.87596e-07;0.006568;3.06952e-08;0.000110988;2.46282e-05;0.000763008;5.42031e-08;9.70103e-05;9.02498e-05;3.65586e-07;3.80386e-05;9.78707e-05;0.000317493;0.991891
1.90431e-06;0.996398;8.39854e-09;5.66223e-08;1.0361e-09;1.05149e-08;1.66975e-07;3.76089e-05;7.63737e-07;9.78221e-09;1.01389e-06;4.40592e-06;0.00355604;2.60767e-09
8.36371e-06;0.00528993;0.000993256;2.91013e-05;0.000398982;0.000152274;1.56348e-08;0.000435569;8.0325e-07;4.56519e-07;1.45206e-06;0.976845;3.73997e-06;0.0158406
6.10508e-06;0.97937;2.10923e-09;3.85666e-07;2.46135e-07;1.42981e-06;0.0195212;9.13738e-05;1.4856e-07;0.000219828;1.61011e-06;5.08032e-11;0.000216211;0.000571593
4.89302e-12;3.51356e-13;1;8.73526e-11;1.33761e-10;7.5827e-11;1.6327e-10;2.73054e-14;2.25887e-11;1.22121e-11;3.2909e-10;8.07494e-09;2.1316e-13;2.4612e-12
0.00110301;0.71951;0.000174633;6.7203e-05;5.86182e-06;1.80345e-05;0.00650121;0.00763494;0.126261;1.60182e-05;0.127173;0.00017304;0.0113419;2.09052e-05
2.23646e-06;0.96437;5.33912e-09;3.12968e-06;2.72252e-06;7.55521e-06;2.2237e-09;0.0077182;7.68625e-06;2.34999e-06;1.33483e-06;0.0035749;3.24889e-05;0.0242773
3.10858e-05;0.995346;8.4853e-10;5.27302e-07;2.26104e-07;7.27714e-08;2.67571e-05;3.62933e-06;1.32399e-05;1.05487e-06;2.29606e-05;0.00048503;0.0027504;0.00131893
3.75655e-05;0.073168;8.46655e-10;1.6021e-07;6.15543e-07;1.04173e-07;1.14256e-08;0.000143035;7.28858e-06;9.5667e-09;8.71777e-07;0.920885;0.00575525;2.08582e-06
3.37747e-06;0.999871;3.77698e-10;6.61681e-09;9.88379e-08;2.51192e-09;3.60609e-08;2.50044e-05;1.26228e-08;1.40948e-08;3.51656e-09;2.07035e-05;7.78661e-05;2.32233e-06
3.82514e-06;0.000361525;0.141879;0.00259324;0.0161303;0.179917;1.40076e-08;1.78336e-06;9.0169e-07;4.45509e-06;7.28186e-06;0.644269;1.54984e-05;0.0148162
2.86948e-07;0.999894;1.49207e-10;4.7928e-10;9.27915e-11;1.03849e-09;6.30942e-05;9.22329e-09;1.38484e-10;1.29033e-06;2.20665e-09;2.14964e-13;1.30557e-05;2.78496e-05
2.12149e-12;1.38433e-13;1;1.86707e-11;1.53636e-09;2.98355e-09;4.76762e-11;5.35359e-14;3.89841e-12;9.93948e-12;3.61426e-13;1.08961e-07;4.29218e-13;1.05389e-10
9.74233e-06;0.253679;7.8345e-06;4.43474e-05;2.16381e-05;0.00113199;0.000111736;0.00112367;0.000232279;1.52853e-06;0.000506528;0.000648348;0.742133;0.000348935
2.96448e-06;0.00883857;2.49665e-06;6.53098e-06;0.000235358;0.000339762;2.61905e-07;0.0110412;1.88079e-06;3.6601e-06;8.62325e-06;0.00142922;0.977319;0.00077027
1.20781e-07;0.00227677;2.70174e-08;3.37423e-05;2.55014e-05;9.52437e-05;1.92315e-07;9.86757e-06;2.66757e-05;5.128e-07;1.39164e-05;2.53402e-05;2.61152e-06;0.997489
2.67226e-06;0.983393;2.95572e-08;2.98617e-07;2.11163e-08;5.8919e-08;5.84945e-06;1.69263e-05;1.34737e-06;1.1715e-07;1.57127e-05;2.88627e-05;0.0165351;4.79341e-07
6.04873e-05;0.23214;0.181201;0.000490269;0.00180968;0.0121385;9.2219e-06;0.018884;5.80573e-06;0.00021655;7.38763e-06;0.36532;0.00464896;0.183068
2.24294e-07;4.43247e-06;0.999979;1.11672e-06;4.98562e-07;2.16658e-06;6.41616e-06;3.7708e-07;1.33181e-07;9.34762e-08;3.18529e-07;1.95857e-06;3.3237e-06;9.42203e-09
0.000751291;0.181287;0.426912;0.000130147;2.49239e-05;0.000182211;1.3656e-05;0.278988;9.74247e-05;1.09002e-05;0.000577505;0.0891938;0.0185582;0.00327373
1.49093e-06;0.966495;2.45279e-09;7.63224e-07;1.41455e-06;1.04159e-05;2.14321e-06;2.45953e-05;5.70298e-08;5.3762e-06;2.61393e-07;1.63178e-07;0.000316787;0.033141
9.84556e-11;9.75463e-11;0.992871;4.81119e-10;5.92885e-08;1.32229e-08;1.84718e-11;3.21579e-10;1.32881e-12;5.58525e-11;5.41243e-12;0.00712853;1.87119e-11;3.38e-07
1.11544e-06;0.134161;6.41101e-09;1.40657e-07;3.03617e-05;9.40955e-07;1.95723e-06;0.86492;1.39429e-05;6.81116e-08;4.85019e-06;4.53156e-05;0.000714428;0.000105625
2.71139e-05;0.738498;2.72047e-05;5.52385e-07;9.40588e-05;1.37395e-09;1.30722e-05;0.260217;7.57882e-05;8.20607e-07;4.34952e-05;0.000899653;0.000103112;2.40232e-07
2.94383e-06;0.00160963;0.551573;5.12425e-05;0.00670347;2.59062e-05;1.4114e-07;3.02475e-05;1.959e-07;3.19157e-06;4.81562e-07;0.436512;0.00194924;0.00153779
2.58538e-05;0.911665;9.90363e-09;5.81426e-06;2.62635e-07;1.86211e-06;5.53124e-06;0.0661236;0.0021006;7.31475e-09;0.00106314;0.00199274;0.0166683;0.0003475
1.19869e-06;0.929351;6.77227e-10;5.06195e-10;4.21335e-06;5.20216e-11;1.94738e-08;0.0706086;5.37869e-09;4.82626e-09;5.31513e-10;1.30429e-05;2.13546e-05;3.5452e-07
6.63793e-06;0.000653619;0.237956;3.8676e-05;0.00479335;2.3066e-05;1.04428e-07;4.16181e-05;1.93186e-07;2.92036e-05;5.87853e-08;0.756318;2.17534e-05;0.000117174
0.000298139;0.0138775;7.08015e-09;1.09e-05;8.87477e-06;2.16702e-06;0.00052786;0.0586664;0.920895;1.08053e-06;0.00457308;2.01909e-06;0.00113191;5.17282e-06
2.24841e-06;0.0129376;3.38084e-11;3.44514e-08;3.04154e-09;3.79994e-07;9.57929e-08;1.32964e-07;3.28671e-07;1.4887e-08;9.37046e-08;2.70402e-05;0.987032;1.17914e-09
0.00159062;0.027707;0.754605;0.000819718;0.000790867;1.19086e-05;0.000142143;6.67536e-05;4.84225e-05;0.000226603;3.17466e-06;0.122598;2.04824e-05;0.0913692
2.23205e-06;0.00084257;4.95165e-14;3.70436e-09;1.86898e-06;5.55292e-09;2.49307e-09;0.998533;5.09912e-06;1.30188e-09;3.22848e-08;2.79718e-10;0.00061554;2.31081e-10
8.09987e-06;0.0041082;0.994656;4.80938e-05;0.000179322;0.000411689;1.94061e-07;0.000180106;3.70487e-07;0.000182248;2.67408e-07;1.11841e-05;3.75658e-05;0.000176503
8.06326e-08;7.00618e-10;1;1.14964e-09;4.06726e-09;9.0901e-11;5.99269e-09;1.39841e-09;1.33332e-08;4.60257e-10;2.45456e-09;7.6092e-09;5.48933e-12;3.1778e-10
3.92848e-05;0.000236496;0.00033302;4.02541e-06;9.53051e-06;1.17392e-05;4.43378e-08;4.68776e-05;0.000618725;1.13031e-07;4.18962e-05;0.998554;6.286e-05;4.13756e-05
7.8127e-06;1.40833e-06;7.66785e-08;2.66806e-09;1.07231e-05;1.81552e-05;2.75633e-11;0.999883;2.32606e-06;1.04781e-09;3.83905e-09;2.70199e-08;2.84694e-05;4.84429e-05
5.06619e-09;0.00460274;2.57048e-06;7.39299e-10;4.08223e-06;1.34333e-07;3.20227e-14;1.54052e-07;1.66399e-10;1.9415e-11;3.28245e-10;0.995175;0.000204336;1.09121e-05
9.8516e-09;0.997095;1.27961e-12;3.01445e-10;1.13069e-05;5.58278e-09;4.49956e-09;0.00111585;3.6567e-08;2.09854e-08;1.40601e-10;1.4351e-09;9.83086e-08;0.00177756
2.76453e-05;0.0206081;2.33717e-06;1.29134e-06;6.81746e-06;1.06818e-07;0.000819541;0.888949;0.0886689;2.14036e-07;0.00073928;3.93841e-07;0.000175757;8.58889e-09
4.99496e-07;0.0217789;2.38074e-10;3.62575e-09;4.99032e-06;1.10072e-08;3.25498e-11;0.977491;6.7682e-11;2.26855e-09;5.08565e-11;1.13654e-08;0.000721947;2.98652e-06
1.97813e-06;0.97075;0.000468514;4.77639e-05;0.000527256;0.000569961;1.45986e-05;0.00494403;2.55339e-07;0.000114774;3.31952e-06;0.00644288;0.000634771;0.0154796
2.89664e-09;4.38782e-08;1;1.16388e-09;2.3443e-09;9.28487e-11;9.09783e-08;1.96302e-10;1.33573e-10;2.17082e-10;1.66269e-09;7.98946e-09;2.76091e-09;1.31562e-11
4.1162e-06;4.21164e-05;0.997113;2.96521e-07;7.90764e-06;3.03133e-06;1.87673e-07;3.90625e-06;3.14747e-07;4.43078e-07;1.239e-07;0.0027876;5.60193e-06;3.09429e-05
1.97917e-06;0.000356814;3.72119e-06;9.88001e-07;0.91254;0.0251587;4.67055e-09;0.000472702;2.977e-06;1.66482e-07;7.81573e-07;4.31531e-06;0.000220683;0.0612361
9.10944e-05;0.834618;4.40337e-05;5.68645e-07;0.0025458;0.000692535;4.37516e-06;0.00596665;1.14852e-05;4.65187e-05;2.93597e-07;0.000616051;0.145484;0.00987879
2.47589e-11;8.23454e-12;1;1.36241e-12;4.98409e-11;2.36249e-12;8.49427e-13;1.60168e-11;7.17412e-12;6.23252e-13;5.06932e-14;5.75968e-12;1.82854e-13;5.46273e-14
3.36917e-05;0.00200495;2.8696e-06;1.12618e-06;0.000108205;4.54021e-05;4.28524e-09;0.984301;0.000100178;1.74927e-07;1.9092e-06;0.00774731;0.00562095;3.24002e-05
2.26074e-07;0.998066;1.01218e-08;2.20307e-08;9.87161e-09;1.21939e-07;3.06551e-08;1.13797e-05;2.49967e-08;1.23081e-08;1.0747e-07;5.41366e-08;0.00192171;2.86893e-09
0.000141372;0.652283;0.00979052;0.000190307;0.0238301;0.0370638;1.30694e-07;0.230917;7.37481e-07;9.48907e-05;1.75874e-07;0.00498379;0.00636594;0.0343383
1.36525e-07;1.19505e-07;0.999998;7.90461e-08;9.23626e-08;1.04393e-07;1.79053e-07;6.42177e-09;4.42871e-09;2.56489e-09;4.3024e-09;9.33531e-07;1.42177e-07;3.83406e-10
4.78308e-05;0.00012226;0.724308;4.28183e-06;9.73832e-07;6.00429e-06;1.27163e-06;0.00159864;6.41902e-06;8.84239e-07;8.23063e-06;0.273771;0.00011853;6.25454e-06
0.000111303;0.137687;0.000746488;7.19723e-05;0.00452484;0.005727;5.11439e-05;0.0069191;0.00211633;1.05071e-05;0.000323372;0.00155472;0.000174073;0.839983
3.41701e-05;0.663208;1.08958e-06;9.80631e-07;0.000864841;6.45977e-06;2.94115e-08;0.0147938;1.45312e-06;1.46711e-07;1.86865e-07;0.301964;0.013723;0.00540259
5.08595e-06;0.649998;3.32213e-07;2.0038e-07;1.15627e-06;0.000149148;8.15359e-08;0.177868;3.36505e-07;3.24072e-07;7.79592e-09;8.556e-07;0.171976;4.0966e-07
6.58051e-10;9.28278e-09;0.999998;3.77947e-10;3.32979e-09;1.95391e-10;6.86925e-12;5.25938e-09;2.11601e-11;5.88306e-11;3.82682e-12;2.2583e-06;4.37046e-11;7.88486e-09
5.06831e-08;0.000302245;1.60592e-05;3.26995e-07;1.58373e-06;7.49901e-08;2.25862e-10;0.00015364;5.78071e-08;7.21118e-08;1.17433e-08;0.00151086;4.20277e-07;0.998015
1.12531e-06;0.00141576;1.04678e-08;8.51285e-08;0.00367366;2.90812e-05;2.35283e-06;0.994845;5.95527e-06;6.1382e-08;6.14547e-08;1.81993e-07;2.34101e-05;3.12498e-06
