2.05885e-06;0.999987;2.04237e-07;4.15155e-07;5.26487e-08;5.00109e-09;1.1429e-08;1.1713e-06;2.68386e-08;1.40355e-08;1.20455e-08;2.90336e-06;5.60368e-06;4.27755e-07
1.116e-05;0.991477;8.78661e-10;9.07176e-08;9.55772e-08;1.84461e-08;6.9334e-05;0.000102943;6.18881e-09;2.70318e-05;3.92323e-09;1.58509e-08;1.1663e-06;0.00831142
2.74434e-10;6.11786e-12;1;9.25337e-10;3.04891e-08;1.06709e-10;1.61802e-09;3.07283e-11;2.82475e-10;3.07052e-09;2.18444e-10;4.55553e-07;4.2418e-15;3.60571e-09
6.06403e-06;0.804423;0.000520182;2.70565e-06;2.08259e-05;2.45498e-06;1.15587e-06;1.38523e-05;3.05525e-08;1.03513e-07;6.58327e-07;8.87274e-05;0.19492;2.39302e-07
2.40433e-06;0.773086;4.45376e-06;1.41806e-06;2.15898e-05;0.000244663;0.000100997;0.00759425;4.44728e-07;0.000114994;4.13609e-07;0.000401926;0.00839609;0.21003
1.96887e-10;1.5423e-07;0.999999;1.49242e-09;3.34575e-07;4.54068e-09;1.84919e-09;3.41964e-09;8.90233e-11;3.39751e-11;6.15788e-11;3.45307e-07;6.40431e-10;1.8789e-08
2.49409e-05;0.022553;3.69107e-05;5.64902e-06;3.64454e-05;0.00500885;8.83797e-06;0.0312005;8.62558e-06;1.79833e-06;8.33852e-06;5.69377e-06;0.939191;0.00190897
1.34606e-12;2.1966e-13;1;4.62212e-13;6.19184e-11;1.13383e-11;1.93468e-14;1.99264e-11;9.2671e-15;6.71855e-15;8.43921e-15;1.4651e-09;2.48439e-13;2.04173e-10
1.35689e-10;6.68997e-08;3.26579e-05;2.40819e-09;9.36998e-07;6.451e-09;3.4847e-13;8.72292e-08;2.32271e-11;4.3653e-11;4.13101e-11;4.44168e-05;3.1779e-09;0.999922
2.23792e-06;0.00298261;3.99707e-07;5.52268e-07;0.0410487;0.000350769;1.70781e-07;0.955398;2.12548e-05;5.75855e-09;4.61094e-07;1.94253e-06;3.59102e-05;0.000157196
1.39516e-07;9.08422e-06;0.996305;3.88425e-07;0.000126254;2.07286e-05;1.97968e-09;2.82587e-09;5.72974e-10;3.19181e-09;1.33332e-08;0.00348686;6.57926e-07;5.10287e-05
4.26156e-07;0.998271;3.44731e-09;2.57667e-08;9.08975e-09;1.20868e-06;4.30546e-08;6.32377e-06;2.68623e-07;2.1652e-11;5.73378e-07;3.92927e-06;0.00171552;2.68054e-07
1.88231e-07;0.998451;9.20887e-10;1.43238e-07;3.16241e-06;6.79128e-07;5.84259e-08;9.64416e-05;8.65753e-09;3.12442e-08;4.07895e-08;6.55015e-06;0.000999544;0.000441914
1.03427e-06;0.949604;2.32316e-07;1.23722e-06;0.000341976;9.66623e-07;6.16083e-09;0.0444956;9.40357e-10;2.47537e-06;1.99161e-09;2.89956e-05;0.00478072;0.00074259
2.58088e-07;0.00565221;1.05996e-08;2.5411e-06;1.23357e-07;0.000416732;1.68927e-05;7.07993e-07;1.46097e-06;8.06908e-06;3.82547e-06;7.7012e-07;0.993884;1.25751e-05
4.56878e-08;2.85694e-06;0.999322;1.22175e-06;4.78206e-08;7.60876e-08;1.98908e-05;3.52867e-10;1.04859e-09;9.48036e-05;5.72621e-09;0.000554949;1.94282e-08;4.15752e-06
1.2002e-06;2.24346e-07;0.999093;4.93074e-06;2.19633e-06;4.08553e-07;0.000784838;1.83725e-08;5.77136e-05;4.02827e-06;4.10163e-05;1.07755e-05;5.83971e-08;3.58804e-08
7.36985e-07;0.000711504;1.01458e-09;7.08813e-08;0.000108201;2.43029e-08;3.7472e-08;0.99917;1.12724e-06;3.86132e-08;5.76421e-07;6.12959e-08;6.89125e-06;2.40734e-07
8.38115e-09;4.52017e-05;0.999937;1.2367e-06;7.51257e-07;4.62431e-07;2.787e-09;1.92817e-10;6.37774e-11;9.68611e-08;8.58975e-09;1.09036e-07;7.16086e-06;8.2412e-06
3.68772e-05;0.275452;5.48117e-07;3.3402e-08;1.38281e-06;2.33358e-07;8.48296e-07;0.124375;4.02162e-08;2.38086e-08;1.24497e-05;0.000132134;0.599985;3.72775e-06
3.21711e-07;0.0259905;4.50025e-06;2.7798e-06;0.178615;9.50998e-06;1.37797e-09;0.0198755;7.24563e-08;4.34505e-08;1.36357e-06;0.76628;0.000261453;0.00895916
1.91015e-06;0.549387;6.06865e-06;1.5299e-06;1.69788e-05;1.01746e-08;2.18962e-06;1.86089e-06;8.09185e-08;9.11789e-05;9.43016e-09;1.05395e-07;4.88384e-09;0.450491
7.23282e-05;0.000217661;2.87124e-07;9.70231e-08;1.35186e-08;5.89276e-10;0.0229917;0.00199375;0.947197;1.94356e-08;0.0275144;2.49618e-09;1.22125e-05;1.24594e-10
1.81179e-05;0.0111124;6.9854e-08;1.127e-08;5.2308e-06;2.87635e-08;1.35342e-09;0.988627;1.84916e-07;1.97475e-08;8.07962e-09;1.88747e-07;0.000226009;1.07135e-05
1.56838e-08;0.00268981;3.9334e-07;2.5292e-08;4.26571e-05;6.93375e-07;3.21988e-10;6.62976e-05;2.68299e-09;4.59851e-08;9.14956e-09;0.997043;8.16839e-06;0.000149019
2.14044e-05;0.00211348;8.73752e-08;5.14764e-06;0.000329496;7.50298e-06;2.4621e-06;0.0896809;0.000351047;1.65643e-07;0.000391793;4.30206e-06;0.907091;9.95584e-07
0.000277187;0.997406;9.20547e-06;2.45897e-07;1.12057e-06;2.16557e-10;0.0015526;0.000117573;0.000434707;7.69528e-06;9.48433e-06;1.30192e-05;0.000170135;1.41476e-06
3.35672e-05;0.217703;1.32643e-10;1.91805e-05;0.000196942;1.37696e-07;0.00243209;0.000560966;0.00218926;0.000851984;5.66256e-05;6.90555e-06;1.22228e-06;0.775948
1.64607e-06;4.3145e-05;0.996607;7.68983e-07;1.79759e-07;1.10436e-08;2.38375e-06;8.28177e-08;1.74893e-05;2.40678e-08;1.94867e-05;0.00330735;2.81455e-07;3.14816e-07
8.67785e-06;0.998545;5.91657e-12;1.15416e-07;7.95384e-08;1.15077e-07;1.30623e-06;0.000140357;2.67491e-06;3.05171e-08;1.37027e-06;1.27823e-08;0.000437377;0.00086265
1.73469e-08;9.30986e-05;2.10273e-08;5.76848e-11;3.12442e-10;2.67492e-10;4.98125e-10;4.16814e-10;4.10571e-12;2.16774e-11;1.4225e-11;0.999897;9.60174e-06;4.34615e-07
2.39013e-06;0.000951526;1.92405e-11;3.90335e-07;0.0147274;2.81022e-06;9.60288e-08;0.983901;5.92953e-06;3.28308e-08;4.5603e-07;0.000211505;0.00015918;3.73384e-05
1.38506e-05;0.862899;0.103095;1.59617e-05;0.00118809;0.0269027;1.18697e-08;0.000619761;4.23274e-09;1.40108e-06;5.80435e-09;0.00185307;2.76257e-05;0.0033834
5.92049e-06;0.000508727;5.10507e-09;1.69536e-06;0.000152419;0.000189806;4.69668e-09;0.15504;2.98208e-07;9.89775e-09;1.54863e-06;0.000325529;0.842508;0.0012664
4.099e-06;0.0012681;0.000212652;6.41906e-07;6.1374e-06;0.000134409;1.20606e-06;0.00191851;7.21327e-08;5.38166e-06;2.2475e-07;0.000175107;0.99623;4.31243e-05
2.12185e-11;1.27985e-09;1;5.98059e-10;1.34116e-09;6.30426e-10;1.54792e-09;7.84536e-10;1.88733e-11;7.50676e-11;1.73392e-10;2.8538e-09;9.38001e-12;2.30387e-11
2.29653e-09;1.10845e-06;0.999887;4.15112e-08;4.93854e-09;5.43106e-08;1.55776e-09;3.96412e-06;1.49523e-09;7.83525e-09;1.18234e-08;0.00010711;7.21773e-08;1.36522e-07
3.18258e-08;0.00320762;2.34167e-07;5.11995e-08;0.000263907;0.0102457;9.20829e-08;7.00257e-06;1.14524e-09;2.60978e-06;1.92265e-07;4.75997e-09;0.000101006;0.986172
6.69073e-13;2.48067e-12;0.999999;9.73681e-13;2.10828e-08;3.69011e-09;1.74698e-14;2.00954e-11;1.5211e-13;1.9539e-13;2.88224e-12;1.17754e-06;5.01905e-12;4.49747e-11
1.53368e-09;0.999919;4.10936e-10;1.6144e-10;3.07917e-09;6.57693e-08;9.44071e-08;4.08238e-08;1.67349e-10;7.98778e-09;1.41831e-08;5.56173e-09;1.45408e-05;6.61713e-05
1.31342e-07;0.0115716;6.48708e-07;4.53001e-07;9.52556e-07;1.24803e-05;0.000103619;0.000190078;9.68556e-06;3.74008e-08;0.0108265;2.92106e-06;0.977281;2.80232e-08
5.17178e-07;0.949411;1.78332e-07;2.12412e-06;0.000104605;0.000109545;4.43289e-08;0.026605;3.34097e-08;2.34819e-06;9.24647e-07;0.00027458;0.0217209;0.0017683
1.17826e-07;0.0108308;1.53085e-05;8.33661e-08;2.09933e-05;1.35249e-07;3.15939e-09;0.00196967;2.515e-10;2.48099e-08;2.11494e-08;0.986005;0.00113458;2.29259e-05
1.11733e-07;0.850807;3.80581e-13;1.68415e-08;4.43477e-08;3.62682e-10;7.84728e-05;1.72104e-07;4.9657e-09;2.46032e-06;3.42058e-08;5.79749e-08;1.28656e-07;0.149111
0.000121132;0.00247327;1.7984e-06;5.58458e-07;4.51074e-06;1.92065e-08;0.763004;0.059377;0.0389226;4.33416e-07;0.135515;4.82182e-05;0.000531535;4.65603e-10
2.66429e-06;0.999642;3.49168e-10;4.55832e-08;2.10216e-08;4.26795e-08;7.26994e-07;2.08625e-06;4.59444e-07;7.54113e-08;4.33418e-08;6.18772e-07;0.000348671;2.63574e-06
9.85955e-06;0.0139407;4.96587e-05;9.56631e-05;6.46094e-05;2.30268e-06;8.09349e-08;1.34194e-05;9.30253e-06;2.47448e-06;1.9552e-06;0.977892;2.02536e-08;0.0079176
9.53021e-05;0.998202;3.72806e-06;5.89324e-06;7.86869e-07;6.88044e-06;1.71734e-07;2.34032e-06;6.44662e-09;5.17167e-07;2.11191e-07;2.9454e-07;0.00138794;0.000293587
3.31286e-07;8.67712e-05;7.56016e-08;3.23814e-10;5.3928e-10;2.06577e-09;6.88783e-09;5.74492e-09;7.37204e-11;1.19391e-10;2.46518e-09;0.999893;1.38189e-05;5.95082e-06
1.33271e-07;4.86578e-06;1.02755e-11;1.40491e-08;0.00563247;2.12684e-07;1.22277e-09;0.994223;5.88849e-07;6.55687e-10;3.17508e-08;0.000114781;2.30961e-05;4.25826e-07
8.7045e-07;0.942707;0.0524791;7.94982e-07;3.52823e-05;0.00364649;7.54705e-10;0.000611868;2.92068e-10;7.34685e-08;3.05995e-10;0.00020188;2.29463e-06;0.000314361
5.39899e-07;0.000215488;8.14169e-09;2.79805e-07;2.45405e-06;2.66702e-05;2.15129e-09;0.0130173;1.24885e-07;7.05438e-10;7.82814e-07;2.47329e-05;0.986646;6.55011e-05
1.8224e-06;0.000102354;8.09269e-05;6.20943e-07;1.64615e-07;9.2754e-07;9.1359e-10;0.00028273;1.85622e-06;1.04242e-08;1.86731e-06;0.994653;0.00486299;1.11625e-05
1.0871e-06;0.996052;1.57348e-06;2.59644e-08;1.16943e-08;5.58698e-08;4.20935e-09;0.00372288;1.89124e-07;6.40528e-09;1.30621e-06;8.03063e-06;0.000213246;8.26011e-09
5.89569e-08;0.998885;1.0686e-08;9.97167e-06;1.4625e-05;2.95818e-05;5.09203e-05;8.00395e-05;3.68158e-07;0.000281639;4.09268e-07;1.92464e-06;8.41707e-05;0.000560991
2.12542e-10;4.63218e-11;1;3.75906e-08;8.39481e-10;6.75617e-10;2.68203e-08;2.86716e-12;2.35212e-10;3.68611e-09;1.12496e-07;1.60197e-07;4.20374e-11;5.54673e-11
3.34083e-06;0.85873;1.86617e-09;3.74158e-05;2.10565e-05;4.34517e-06;0.00303516;0.000158534;0.000495346;2.37458e-06;0.0834045;1.82773e-07;0.0541062;1.23999e-06
3.55254e-05;0.984143;3.22362e-06;0.000174221;2.037e-05;3.95741e-05;0.000331161;5.75084e-06;1.90798e-05;0.00120014;0.00503322;8.45068e-05;0.00887892;3.08777e-05
5.00377e-05;0.00288463;0.000560764;3.18648e-05;1.06735e-05;8.17058e-06;1.01356e-08;1.43561e-06;1.11747e-05;8.41503e-08;1.72657e-05;0.996214;0.000176309;3.39526e-05
0.00143513;0.00142339;6.48274e-08;0.000354483;2.09168e-05;5.55728e-06;1.77622e-05;0.00192456;0.950757;1.30808e-06;0.0439513;8.23289e-05;1.36511e-05;1.20796e-05
0.000397153;0.995973;2.80581e-09;1.04353e-06;2.36167e-07;1.974e-08;4.70273e-06;0.000761491;2.2512e-05;1.02045e-06;3.9407e-05;0.000116666;0.00268257;1.37692e-07
4.38835e-08;1.00862e-06;4.47003e-11;9.17219e-09;1.88149e-05;1.55919e-10;2.32401e-10;0.999979;7.83221e-08;6.09826e-08;6.81516e-10;8.5473e-07;2.77163e-07;3.77745e-09
1.56247e-05;0.00021313;0.999705;3.98466e-05;9.78209e-07;5.61043e-07;3.76649e-08;1.83695e-08;2.02051e-06;1.5855e-05;1.04793e-06;4.49562e-06;2.66378e-07;1.14962e-06
0.00210947;0.000181032;0.000253493;1.31887e-05;7.68436e-07;5.14465e-07;0.000176313;0.00261985;0.901315;1.01715e-05;0.093137;0.000135313;4.6764e-05;1.52874e-06
