6.03374e-06;0.992396;4.82511e-09;8.33208e-08;1.38783e-09;4.74757e-08;7.32187e-06;1.84109e-06;1.00888e-06;3.57337e-08;2.8509e-06;4.12299e-05;0.00754388;4.23028e-09
0.000146941;0.943062;1.43602e-07;1.67749e-05;4.4408e-05;0.000338415;1.75163e-05;0.0235852;3.42678e-05;8.71131e-06;3.56525e-05;0.0188919;0.00108963;0.0127287
2.20228e-05;0.335234;3.29415e-05;6.44829e-05;0.000122256;0.000857166;7.37445e-07;0.000456192;6.89381e-06;5.48922e-07;6.9502e-05;0.64897;0.0135295;0.000633267
2.01318e-05;0.230118;0.00075323;5.51584e-06;0.000162884;0.000129805;1.97298e-07;0.00204244;5.44987e-06;1.31555e-06;2.87695e-06;0.752396;0.0143177;4.43994e-05
1.97369e-05;0.50893;2.34637e-07;0.000337412;0.139848;0.00278777;1.10225e-05;0.331898;0.000153129;1.32232e-05;7.77325e-05;8.64857e-05;0.00547998;0.0103572
0.000191372;0.925894;1.95702e-05;6.8122e-05;0.000386619;0.000162506;1.85057e-06;0.00107537;0.00167805;2.91943e-06;0.000126807;0.0060702;0.0631569;0.00116545
2.48845e-05;0.999356;5.09398e-07;5.84177e-09;9.69207e-08;1.53644e-09;4.66103e-08;0.000565798;4.28613e-07;4.56133e-09;8.39651e-08;4.46767e-05;6.55902e-06;8.00568e-07
5.55273e-08;0.00238275;5.19969e-07;4.96987e-07;2.61096e-05;1.1191e-05;1.69673e-10;0.000348534;4.49765e-08;2.05738e-08;2.12813e-09;0.99638;0.000349959;0.000500264
3.21527e-05;0.0021775;2.53435e-09;3.20945e-07;4.95471e-06;1.81754e-06;1.32044e-07;0.00410998;4.39752e-06;4.6016e-08;3.64573e-05;3.43168e-06;0.993628;5.01053e-07
0.00187977;0.376392;1.90564e-05;7.59144e-06;0.000738476;0.000157334;4.99231e-06;0.00707246;1.29366e-05;0.000162292;2.35846e-06;0.00474505;0.604499;0.00430729
6.53561e-08;2.16386e-08;1;3.36103e-08;4.8214e-08;3.28245e-09;5.02161e-08;4.33995e-08;3.1297e-08;3.83363e-09;6.72448e-09;1.81091e-07;3.71744e-09;3.01083e-10
2.56506e-07;1.03796e-06;0.999949;2.91282e-07;2.30838e-07;5.06293e-07;2.06129e-08;2.68495e-06;2.1166e-07;5.69248e-08;1.51938e-08;4.07145e-05;2.49912e-07;4.35299e-06
3.41523e-05;0.000106448;2.68439e-07;9.4151e-06;0.563293;0.280028;2.96104e-06;0.122624;0.000300957;1.224e-06;7.51668e-06;7.36485e-06;0.00103489;0.0325499
8.01219e-06;0.0102777;0.00184287;6.73423e-06;0.0147089;7.97718e-05;5.25346e-07;2.91696e-05;1.86387e-07;1.18137e-05;2.73577e-07;0.964252;0.00310955;0.00567272
2.53109e-06;0.67968;1.66202e-07;1.64839e-05;1.46705e-05;4.99624e-05;3.17607e-06;0.0119826;1.07469e-05;2.34121e-07;8.03943e-06;1.69205e-06;0.30821;1.93999e-05
1.01751e-05;0.884175;8.55303e-07;0.000313954;0.0015402;0.00226668;1.31407e-07;0.0274272;4.31172e-06;2.04665e-05;3.99415e-06;0.00179316;0.0748613;0.00758258
3.55632e-05;0.132184;1.7499e-05;0.000679981;0.00141901;0.00104137;4.20152e-06;0.00531727;1.96057e-06;0.000199745;7.28721e-05;0.847202;0.00524012;0.00658485
1.31629e-07;0.00121476;4.69322e-08;8.79061e-08;1.86082e-11;5.33852e-10;0.998487;5.07524e-09;3.65578e-07;0.000143038;0.000154438;1.46905e-09;2.59811e-07;3.87698e-09
1.83476e-10;3.60799e-11;1;1.55823e-09;1.99801e-10;9.46474e-10;3.58233e-08;4.31312e-14;6.17981e-10;5.95127e-10;1.9798e-09;9.47423e-09;1.20453e-11;6.08235e-13
4.9942e-07;0.999891;1.87174e-09;2.67611e-09;6.47012e-11;1.52142e-10;2.31211e-07;1.04452e-06;1.866e-08;1.97452e-09;4.95429e-08;1.77077e-07;0.000106791;2.03246e-10
2.94386e-09;9.71239e-06;1.68975e-08;2.00967e-08;1.69586e-07;4.83215e-06;1.70738e-11;5.05641e-07;7.43827e-09;4.99805e-11;8.94212e-09;0.999982;5.551e-07;1.6082e-06
6.86172e-08;4.98003e-05;1.65434e-10;1.29727e-09;2.44487e-05;2.49243e-06;9.42329e-09;0.00199724;4.67165e-11;2.64963e-09;3.45378e-10;6.08586e-08;0.997904;2.14054e-05
7.72432e-09;6.68687e-05;4.09307e-08;1.72664e-06;2.03882e-05;6.42908e-05;3.2088e-11;1.35472e-06;1.48682e-07;1.37604e-09;2.95764e-08;0.999589;1.09518e-05;0.00024473
1.13078e-06;0.00139473;9.76765e-11;4.19128e-07;6.87244e-07;4.3563e-07;1.99533e-07;6.46178e-06;4.78921e-08;1.32432e-08;4.7371e-06;4.04437e-06;0.998582;4.74288e-06
8.45016e-05;0.00283198;0.000236474;2.48702e-05;3.48954e-05;4.8192e-05;2.61724e-06;4.2321e-05;6.01425e-05;3.02664e-06;0.000119832;0.987487;0.00788031;0.00114359
1.02636e-05;0.908988;1.30989e-07;0.000111277;2.08275e-05;4.88775e-05;9.64703e-06;0.0288892;0.000823995;4.11011e-06;0.000211327;8.43778e-06;0.0608707;2.92209e-06
1.07991e-05;0.00636702;0.00170264;0.000132274;0.000156505;0.000108134;1.60535e-08;4.08478e-05;1.41133e-08;1.23553e-05;2.53453e-07;0.963315;0.000445661;0.027708
3.99808e-06;0.00984258;2.79866e-08;5.30324e-08;2.11849e-10;4.8759e-09;0.990047;1.93427e-09;1.41053e-07;7.46305e-05;2.17711e-05;2.69684e-10;5.46265e-07;9.02094e-06
2.11252e-09;5.06088e-10;0.999995;7.74401e-09;3.94328e-09;9.09131e-10;4.38205e-06;5.90592e-13;2.01312e-07;3.85896e-09;9.46391e-08;1.34275e-07;2.12082e-12;7.80911e-11
2.17401e-05;0.00451779;3.31606e-07;4.93243e-08;1.42537e-08;3.78124e-08;1.04554e-06;0.000963039;6.77673e-05;5.30531e-08;2.54218e-06;3.10847e-07;0.994425;1.2037e-07
2.20814e-07;0.000204574;0.0142052;9.84929e-06;8.52757e-05;2.19614e-06;4.80515e-08;3.37872e-06;4.77621e-06;7.92954e-07;3.79384e-06;0.982732;1.95696e-06;0.00274621
6.34574e-05;0.241253;5.55678e-07;0.00145894;0.0100535;4.01894e-05;6.00451e-05;0.70773;0.00585504;9.38838e-05;0.000180663;4.71497e-05;0.00112847;0.032035
2.19462e-05;0.000410267;1.31146e-08;7.71112e-08;0.000141917;1.49289e-09;6.11389e-08;0.99939;3.39552e-06;4.69056e-07;1.40023e-06;2.19881e-05;7.37525e-06;1.51977e-06
2.07156e-08;1.84193e-07;0.999997;1.82559e-07;4.49211e-07;6.48915e-08;1.35118e-08;3.56618e-10;3.41243e-08;3.09195e-07;1.3427e-07;1.57513e-06;7.67298e-08;1.4568e-07
1.86291e-06;0.98916;1.23341e-06;1.11886e-06;6.52659e-07;1.57523e-06;4.398e-06;0.00660445;0.000113612;9.46788e-08;0.000198286;0.00258135;0.00131651;1.49873e-05
