5.52561e-06;0.995813;2.8909e-05;6.08821e-07;2.14373e-06;2.75934e-07;1.44449e-09;0.000419507;1.87714e-09;1.82954e-08;3.0545e-09;0.000517501;0.00320743;4.71799e-06
0.000103837;0.985305;7.55646e-07;2.22411e-05;0.000395849;3.1192e-05;1.094e-05;0.000865254;9.99359e-05;1.31273e-05;6.20067e-05;0.00681419;0.00178785;0.00448766
8.56777e-06;0.999465;4.4497e-08;9.91169e-07;3.76488e-07;3.75179e-09;5.10255e-06;0.000226818;8.68448e-06;2.96012e-07;0.00022316;4.01974e-05;1.97839e-05;1.15589e-06
8.7828e-06;0.994318;4.61571e-09;5.2424e-06;1.04187e-05;2.95519e-06;8.26318e-05;0.00293401;3.32081e-06;0.000118845;2.62763e-06;4.81642e-06;0.00157442;0.000933958
1.90105e-09;2.07236e-10;1;2.50639e-09;2.45822e-09;5.74776e-10;6.2096e-10;1.31782e-11;5.61006e-10;5.22396e-10;7.76178e-10;4.84926e-09;1.42035e-12;1.46928e-09
5.91049e-05;0.0400501;0.000378227;0.000159548;4.01834e-05;0.000976614;3.25728e-07;0.0440466;0.00094193;3.14517e-06;0.00120158;0.908433;0.00356381;0.000146316
5.857e-06;0.866783;2.53831e-09;5.52501e-06;1.17949e-06;0.000300338;1.49633e-06;0.0013426;1.36274e-05;1.44789e-06;0.000215552;3.4324e-06;0.131071;0.000254213
7.45411e-07;0.02128;4.65496e-06;3.72577e-07;6.77734e-05;1.51278e-05;4.35345e-10;0.000116047;5.74687e-10;4.01948e-08;1.58143e-08;0.974487;0.00373478;0.000293759
8.53005e-07;0.964967;1.78153e-08;2.92442e-05;4.4209e-05;0.000119219;1.28647e-06;0.0127722;1.50495e-05;2.03552e-07;5.72518e-06;3.23036e-05;0.0213567;0.000656175
8.90312e-07;0.0465341;1.59024e-09;1.01374e-07;0.0136663;1.04101e-07;9.5794e-10;0.939659;7.68844e-09;4.6302e-08;1.50844e-09;3.71861e-05;1.52383e-05;8.65783e-05
2.25432e-08;0.00101493;0.998643;7.6461e-07;2.8143e-05;4.81596e-06;1.15929e-08;1.4184e-07;4.53345e-11;9.02516e-07;4.18262e-10;0.00021646;7.8324e-06;8.30392e-05
3.12866e-05;0.338427;7.4054e-09;1.08924e-07;2.84292e-06;1.61669e-07;4.32534e-06;0.639056;1.7451e-06;6.79662e-08;7.72141e-07;0.000430196;0.0220423;3.08371e-06
1.5055e-05;0.170688;6.03549e-07;3.07352e-05;0.00137771;0.00270372;3.10229e-08;0.00217284;2.6895e-05;1.63513e-07;5.35212e-07;0.109035;0.0206228;0.693326
3.22599e-07;0.0556933;4.46132e-08;4.60217e-07;1.37718e-07;5.04054e-06;1.01802e-09;0.000111948;5.55778e-08;1.36765e-08;4.43435e-08;9.49571e-05;0.944088;5.25823e-06
3.81079e-06;0.00168169;0.959477;5.32958e-06;0.000114499;8.67574e-07;7.26604e-09;0.000120761;6.646e-09;1.92146e-06;2.67963e-08;0.0372947;0.000101356;0.00119787
2.99016e-08;2.11287e-05;1.07547e-09;6.74639e-08;6.18661e-10;1.18658e-09;0.999182;4.72398e-10;2.97297e-06;0.000637102;0.000155947;1.08414e-10;3.39756e-08;4.264e-07
7.53168e-09;7.27346e-10;1;1.27614e-09;5.16296e-09;5.25121e-10;2.44251e-07;2.59687e-12;1.85799e-08;2.95263e-09;1.85822e-08;1.74968e-08;1.30446e-11;4.13e-11
2.84493e-06;0.995822;7.71937e-07;4.44442e-08;1.07328e-07;5.82069e-09;1.07082e-09;0.000691161;4.08152e-09;3.16458e-09;1.15735e-08;1.24277e-05;0.00346959;8.50548e-07
0.000152483;0.935308;2.78343e-07;3.06059e-05;0.000502915;2.06448e-05;2.01387e-05;0.000563801;0.0002572;2.32033e-05;0.000109703;0.0358949;0.0250744;0.00204205
6.04201e-05;0.996482;8.07461e-06;3.36332e-05;5.26034e-06;1.09708e-07;5.45762e-05;0.00168414;3.81694e-05;4.97826e-06;0.000732913;0.000212915;0.000671855;1.11874e-05
3.22629e-06;0.991551;2.76264e-08;1.28086e-05;2.7481e-05;1.87333e-06;0.000558938;0.000347422;1.68017e-06;0.000231472;1.78867e-06;5.36534e-06;0.00137796;0.00587916
1.46691e-10;8.5063e-11;1;7.22215e-10;5.0346e-10;9.65828e-10;6.06305e-10;4.05722e-13;3.07989e-11;2.43285e-10;4.84428e-11;4.81493e-09;1.69805e-12;7.28496e-11
8.13622e-06;0.0483238;0.937466;4.06336e-06;1.68937e-06;3.36624e-05;3.23846e-06;0.00165041;4.43424e-07;2.27302e-06;1.04335e-06;0.0119411;0.000472408;9.18456e-05
1.8683e-08;0.000204752;5.4274e-08;4.74374e-07;0.00131644;0.000540502;2.58397e-08;2.10008e-07;9.94788e-08;5.9449e-07;2.65909e-07;3.87789e-09;1.21642e-06;0.997935
5.4703e-05;0.0123366;0.00277621;2.24731e-06;0.000564975;0.00023015;5.40825e-07;5.22918e-05;3.90978e-07;2.25132e-06;5.51303e-08;0.950358;0.0317623;0.00185929
5.90244e-05;0.0898628;0.00156008;8.94468e-05;0.00109986;0.000827166;0.000581306;0.453756;0.00235572;5.22125e-06;7.2717e-05;6.16053e-05;0.448867;0.000802048
2.42207e-05;0.46937;2.27534e-05;1.97167e-05;0.000158597;1.47638e-05;7.82306e-08;0.308749;1.08899e-05;1.15665e-06;1.35461e-06;0.01867;0.202814;0.00014305
2.47347e-06;0.446029;1.43146e-08;0.00121941;0.000266394;0.00029612;2.52038e-05;0.0338976;7.17972e-08;0.014658;8.51089e-08;1.94885e-05;0.00113838;0.502448
6.72217e-11;4.73705e-13;1;1.52897e-10;3.3796e-11;9.76514e-13;7.77638e-10;7.75149e-12;4.71602e-13;4.9065e-11;8.32561e-11;8.08136e-08;1.0117e-12;6.56297e-15
7.98687e-10;8.47049e-06;5.37185e-09;1.11553e-09;5.58827e-13;9.30303e-12;0.999942;2.44644e-13;2.31788e-09;4.88429e-05;2.87798e-07;8.51033e-14;5.76643e-10;4.69468e-09
2.41953e-14;2.39101e-14;1;9.9948e-13;8.75406e-14;1.19941e-13;2.10782e-10;1.41455e-16;1.06325e-12;2.04588e-12;7.38117e-13;3.74654e-12;1.91759e-16;6.76199e-15
