2.05956e-05;0.882021;4.66129e-07;3.44107e-08;4.65098e-07;1.7052e-08;3.59149e-07;0.11678;4.45056e-07;1.73357e-07;1.23324e-07;8.34227e-07;0.00116987;5.61304e-06
4.22733e-06;0.512312;0.0015804;0.000141295;0.00262733;8.18439e-05;1.46756e-06;0.000660102;6.13836e-06;5.82322e-05;2.0361e-05;0.233073;0.00520632;0.244227
1.30759e-05;0.0294147;1.82293e-08;2.61118e-05;0.000120278;0.00206354;0.00161906;0.0507638;0.000393894;0.000370435;6.98011e-05;2.42433e-09;0.913864;0.00128179
4.23959e-08;3.87451e-07;0.999999;1.31816e-08;2.77514e-09;2.63513e-11;1.3319e-07;2.86928e-09;9.0919e-09;1.02966e-08;8.27801e-09;3.37277e-09;4.82892e-10;2.76086e-09
4.81207e-05;0.0048834;0.0009245;0.000358164;1.95241e-05;0.000104936;6.01671e-06;0.000677243;0.0189399;4.08976e-06;0.00438806;0.969238;0.000134733;0.000273379
1.18146e-05;0.321879;1.55819e-07;1.18043e-07;5.74601e-06;3.44085e-06;3.13327e-09;0.00154681;7.6888e-08;1.72673e-08;2.52712e-06;0.00118491;0.675253;0.000111713
6.93407e-06;0.00603079;1.93435e-08;1.13293e-05;0.122576;3.64013e-06;1.069e-07;0.795595;5.34869e-05;2.64817e-06;7.4154e-06;0.069988;0.000293751;0.0054304
4.44885e-06;0.00444701;0.962606;0.000104556;0.0243836;2.20443e-05;4.14585e-10;0.00537267;1.65674e-08;1.7103e-06;1.42329e-08;0.00257396;6.46207e-05;0.000419446
9.57832e-06;0.00329176;1.30293e-10;5.37318e-08;3.96483e-06;2.79592e-08;1.50094e-07;0.994955;1.40149e-06;7.51469e-09;6.35112e-07;1.19628e-05;0.00172582;1.42121e-08
3.80253e-05;0.0512792;0.0306691;0.000287782;0.0415485;0.000777996;1.34194e-07;0.000148673;1.40277e-08;3.16262e-05;4.22671e-08;0.712471;0.156063;0.0066842
0.000194103;0.615058;4.10333e-06;9.69416e-05;0.000921257;0.000788572;1.14917e-05;0.0364018;0.00361078;2.17806e-07;8.66449e-05;0.115989;0.00529431;0.221543
2.11469e-06;0.993439;2.69253e-09;1.42152e-07;9.3123e-06;3.31571e-06;4.88619e-05;0.0020575;5.60246e-08;3.15186e-05;6.00847e-08;7.97733e-12;0.00422166;0.000186893
1.38468e-08;7.6322e-09;0.999998;2.02811e-07;9.76398e-07;1.12795e-07;4.38316e-08;3.40176e-11;7.78634e-10;3.35421e-08;1.39483e-09;1.37973e-07;1.13896e-09;2.51137e-07
6.5459e-06;0.000337403;6.10229e-06;1.15133e-05;3.03608e-06;1.06961e-05;1.29338e-07;1.11585e-05;0.000176579;1.29455e-07;3.02186e-05;0.999267;9.25181e-05;4.67844e-05
2.51288e-06;0.974037;1.56803e-10;9.86965e-08;2.09317e-09;1.26314e-06;2.4724e-06;6.12963e-07;2.20333e-06;1.40841e-07;6.32632e-06;7.3277e-08;0.0259477;3.1242e-08
4.55107e-09;5.76544e-05;3.14362e-08;2.37145e-10;1.28168e-10;8.48014e-09;3.74546e-11;4.73143e-09;8.53248e-11;9.65997e-11;1.41965e-09;0.999925;1.72894e-05;1.33127e-07
6.50569e-08;0.980273;4.53886e-09;3.04316e-09;1.219e-06;8.76654e-08;0.000106801;1.04179e-06;1.68785e-08;5.09244e-05;1.64291e-10;1.26013e-09;1.93238e-06;0.0195648
4.51194e-08;0.000232889;0.999231;1.26978e-07;4.84911e-06;2.5447e-06;1.12523e-07;1.91643e-05;5.84082e-08;1.7401e-07;9.51602e-07;2.33056e-06;0.000505972;9.43805e-09
5.60713e-08;0.998881;0.000168898;4.00624e-07;3.17952e-07;7.05325e-07;1.3038e-09;0.000103696;5.0853e-11;6.05584e-07;2.29395e-10;1.22504e-07;0.000837308;7.107e-06
1.37714e-08;1.55334e-06;0.999998;5.20044e-08;1.00359e-08;3.71284e-09;4.7075e-07;6.00666e-10;2.3524e-10;1.21046e-08;4.33503e-09;2.163e-07;9.47629e-09;3.02492e-08
8.02602e-09;2.45519e-07;9.71318e-06;5.7641e-08;1.83803e-08;1.47472e-07;6.58839e-10;4.25696e-07;3.77438e-08;3.71822e-09;6.58216e-07;0.999987;2.806e-07;1.05594e-06
1.73811e-06;0.864563;2.07246e-06;1.52926e-07;3.65902e-07;0.000259434;3.8909e-06;1.87401e-05;1.9349e-08;3.02717e-07;5.12951e-07;2.45965e-06;0.135139;7.95663e-06
2.74318e-06;0.00672839;0.00265793;4.87514e-05;0.0269447;0.0278305;2.96401e-08;0.0811704;1.83101e-06;6.47799e-06;6.52461e-06;0.325408;0.442543;0.0866509
7.91402e-06;0.839465;3.46678e-05;2.20238e-05;0.00835578;0.00873329;3.20997e-07;0.013296;3.24562e-05;1.75354e-06;1.76865e-06;0.000135814;0.00547922;0.124434
7.40224e-07;0.971573;0.0269447;1.18147e-06;3.5422e-05;0.000103687;1.71468e-09;0.00014082;1.10193e-10;1.1478e-06;2.51544e-10;5.86332e-07;0.00104465;0.000154521
2.36604e-09;1.4308e-07;1;1.14269e-09;1.07889e-08;3.16536e-10;4.74015e-10;1.6784e-08;3.0261e-12;2.86201e-10;3.23521e-11;1.23825e-08;5.03421e-09;1.1562e-09
7.45592e-07;0.000235805;0.00310507;4.76039e-05;1.16951e-05;1.48274e-05;3.43097e-08;0.00300165;1.35519e-05;3.80392e-07;2.51757e-05;0.993393;0.000101503;4.87435e-05
7.70316e-06;0.98903;8.87709e-05;5.07889e-05;0.00027405;0.0019673;1.35141e-06;0.00361558;3.27202e-06;3.89132e-06;1.48695e-05;5.66229e-06;0.00267068;0.00226569
1.35548e-06;0.00157742;2.32123e-09;9.71035e-08;0.00500748;2.87247e-06;2.11777e-10;0.981146;6.65968e-09;8.25865e-08;3.52117e-09;0.00299079;0.000186469;0.00908774
8.02949e-05;0.0320552;0.902984;8.21315e-05;0.016588;0.000450973;7.68724e-09;0.00807425;2.84243e-08;1.01536e-05;2.22413e-08;0.0359347;0.00177048;0.00196977
6.80859e-05;0.41421;6.51981e-07;0.000104443;0.000160662;1.54326e-05;6.67021e-05;0.319508;0.0021815;2.35363e-06;0.0024477;0.000160253;0.261063;1.04783e-05
7.69345e-06;0.98394;0.00245731;4.88215e-05;0.00201473;0.00017053;9.73644e-09;0.00830851;7.96253e-09;2.76929e-05;1.45872e-09;1.7704e-05;0.00210878;0.000898694
8.51614e-08;4.71268e-08;0.999999;1.21627e-07;1.74908e-09;1.22469e-09;6.01054e-07;3.46631e-10;4.24104e-09;1.45983e-08;3.27661e-08;2.06245e-07;3.32132e-09;6.17476e-10
1.26084e-05;3.96898e-05;0.869933;1.29788e-05;2.71665e-06;6.96195e-06;2.7085e-06;7.8465e-05;5.55316e-06;2.66557e-06;1.25179e-05;0.129734;2.17454e-05;0.000133672
3.44975e-08;0.000115638;1.7502e-07;8.16158e-07;8.67357e-05;0.00424928;3.21893e-08;9.18913e-08;9.69783e-08;2.76919e-07;1.86247e-06;1.02959e-06;5.09883e-06;0.995539
5.74332e-05;0.0202615;2.05886e-05;3.47993e-06;0.00441235;6.06556e-07;3.75368e-09;0.765139;1.81418e-06;2.27141e-07;3.47001e-07;0.20913;0.000186696;0.000785042
2.55264e-06;0.740418;0.252645;5.01015e-05;0.00159309;0.000231865;1.12197e-08;8.74188e-05;1.35538e-09;2.91574e-06;1.57386e-08;1.83082e-05;0.000325164;0.00462559
3.23774e-05;0.109094;1.46543e-05;2.49753e-06;2.47945e-06;4.785e-06;3.92571e-06;0.0297285;2.06004e-06;2.9608e-07;6.97765e-05;0.243767;0.617276;1.49234e-06
3.65298e-07;0.955653;1.05068e-05;5.90274e-05;0.000687729;6.76714e-05;3.65598e-07;0.0018709;1.26592e-08;3.7708e-06;6.6352e-07;0.00278443;0.038569;0.000292101
1.69745e-05;0.0382094;9.83676e-09;0.000246899;7.10332e-06;1.50816e-05;9.87004e-05;0.000871026;0.000124908;7.36363e-06;0.000877666;0.957561;0.00194757;1.61497e-05
9.27192e-06;0.819778;0.000175565;1.52697e-05;1.18562e-05;4.00286e-05;7.38479e-06;1.23166e-05;1.72385e-09;5.76774e-06;2.12321e-07;0.000629162;0.179192;0.000123094
1.37789e-08;7.95861e-05;1.39332e-06;1.23686e-08;1.21524e-06;2.81815e-08;4.15223e-10;7.70939e-06;2.09439e-08;1.73365e-10;8.39988e-08;0.999856;2.77525e-06;5.13353e-05
5.2484e-07;0.994519;1.15007e-10;5.48057e-07;2.1999e-05;6.01974e-06;9.33423e-09;0.00381193;4.59327e-08;1.05249e-08;2.38317e-07;2.13509e-05;0.000357361;0.00126124
5.39151e-06;0.0637763;4.80458e-06;7.98899e-06;0.00122789;4.57978e-07;3.75806e-09;0.254336;8.80391e-08;3.79644e-08;1.58091e-06;0.679978;7.56451e-05;0.000585682
3.09275e-06;0.76805;3.87424e-05;1.35419e-06;1.77887e-05;9.1614e-06;3.02738e-06;4.10625e-06;6.84093e-10;3.1443e-05;1.1623e-08;2.26935e-09;2.90034e-06;0.231838
4.48594e-11;1.82132e-12;1;3.36579e-12;4.0616e-11;4.34609e-11;2.7884e-09;2.18391e-13;7.48107e-12;1.50598e-11;2.17934e-11;2.2181e-08;1.32829e-13;9.49206e-11
0.000131574;0.396852;0.000542917;0.00077463;0.000295972;0.000342119;0.000653097;0.168558;0.0417683;6.85269e-06;0.0796128;0.077096;0.232898;0.000468274
0.00038761;0.642691;8.12936e-06;2.81748e-05;4.14495e-05;1.86148e-05;5.08707e-05;0.32041;0.00436078;2.22838e-05;0.00167684;0.00127022;0.0290063;2.84289e-05
0.000444575;0.475933;9.81935e-05;7.62986e-05;0.000676654;0.00015986;1.36352e-05;0.00265531;8.0251e-05;0.000142686;0.000117635;0.270729;0.234871;0.0140015
1.22149e-06;0.010273;5.94429e-11;3.621e-08;5.70588e-08;4.34536e-08;0.987993;3.96822e-08;6.67883e-07;0.000921735;6.02458e-07;7.52768e-13;6.67994e-06;0.000803419
8.20031e-09;2.36852e-09;1;3.65341e-10;3.65941e-09;8.46958e-11;1.04432e-07;2.67095e-11;1.20816e-08;7.10339e-09;4.11463e-10;3.86766e-09;1.40698e-11;2.98389e-11
2.87117e-05;0.993783;6.50143e-09;4.89945e-07;1.00314e-09;1.97766e-08;0.00297364;4.2766e-07;0.00152859;2.15106e-06;0.000679138;3.72186e-06;0.0010004;3.26764e-08
8.93734e-05;0.998406;2.26e-08;4.78791e-06;1.20119e-06;2.6719e-06;3.38462e-05;1.77842e-05;0.000467082;4.03785e-06;0.00013171;0.00059416;4.39713e-05;0.000203865
7.77234e-06;0.998164;1.13379e-10;8.22842e-08;2.10237e-07;3.28055e-08;0.00075754;1.94046e-06;6.68764e-06;3.28333e-06;6.68977e-07;1.9797e-09;1.92452e-05;0.00103821
2.39334e-09;7.19844e-10;0.999974;1.04306e-09;5.51e-11;3.04689e-11;1.1254e-07;4.73859e-11;2.10793e-08;1.39804e-09;6.36497e-09;2.61619e-05;4.53086e-13;6.53282e-10
1.21221e-06;0.982481;5.72692e-09;6.24369e-07;3.63035e-09;7.50696e-08;2.00484e-06;1.58073e-05;4.62482e-05;3.02475e-09;1.52666e-05;9.29436e-07;0.0174363;6.76926e-08
8.42949e-06;0.756275;6.99558e-05;3.00667e-06;5.95994e-06;1.73079e-07;4.1299e-07;0.00923898;4.79119e-06;9.33284e-08;1.52868e-07;0.207964;8.02916e-05;0.0263493
5.11197e-08;0.000244505;4.6115e-08;1.3725e-06;0.0240567;8.99317e-05;1.93545e-10;0.14815;4.61558e-10;6.55786e-08;3.59738e-09;1.09335e-05;0.0179845;0.809462
7.33537e-09;8.30793e-07;9.57059e-09;5.45747e-08;2.82658e-10;1.58828e-05;2.21543e-09;5.74642e-09;3.74141e-08;3.39578e-09;1.84055e-07;1.83542e-07;0.999983;1.15455e-08
5.53651e-10;1.00118e-08;1;5.21227e-10;3.42532e-11;2.52052e-10;3.8981e-12;1.31128e-10;1.09094e-11;9.96432e-11;1.21584e-11;9.83549e-08;7.68926e-10;3.65793e-09
3.36343e-07;0.99743;2.21615e-07;8.97934e-07;5.39325e-07;2.16098e-06;4.19578e-07;0.00229229;1.48724e-05;3.52475e-08;1.0085e-05;1.35478e-06;0.00024236;4.35328e-06
