1.71202e-05;0.0510209;2.95748e-08;3.27762e-05;2.07952e-06;1.6874e-05;2.21776e-05;0.000334317;0.000286531;8.88517e-07;0.000101204;8.13919e-06;0.948156;5.79949e-07
0.000143427;0.0358407;0.000330513;0.00180483;0.00216073;0.000498684;5.71808e-06;0.0181195;5.04602e-07;0.000334252;7.85694e-06;0.894479;0.0126238;0.0336502
4.48958e-07;0.992637;4.57222e-06;8.2504e-07;5.27348e-08;1.11673e-07;1.96603e-08;0.00114099;5.74299e-08;5.27218e-10;2.04626e-07;0.00501723;0.00119823;3.21922e-07
0.000104768;0.353045;0.000396414;0.0025948;0.0425588;0.00213013;2.55527e-06;0.0104497;0.000246118;0.000201988;0.00023254;0.00166297;0.00216376;0.584211
0.00235347;0.632301;9.8602e-09;0.000403605;5.92231e-05;0.000702297;6.23313e-05;0.00169017;0.00171166;1.56554e-05;0.00320891;0.0263126;0.33031;0.000869312
6.47369e-06;0.00424738;5.20837e-09;2.67627e-08;2.69337e-07;7.89813e-08;4.53999e-09;0.000163028;5.71999e-08;4.21147e-09;1.10475e-07;0.000167394;0.995415;9.24288e-09
2.02883e-07;0.0832746;1.78198e-10;5.99266e-06;3.07144e-06;0.000253632;2.80602e-08;5.72367e-05;1.00119e-05;3.3784e-07;4.38365e-06;2.53404e-05;0.91629;7.55272e-05
4.26841e-06;0.000858394;0.976099;0.000274779;0.000169231;1.72869e-05;1.13921e-07;7.01905e-05;2.71287e-08;3.6769e-05;2.45196e-07;0.0113026;9.33139e-06;0.0111577
0.000579534;0.202736;7.15154e-06;0.000279205;3.38387e-06;0.000352115;0.369723;0.0289346;0.00291452;0.00480975;0.159917;1.4813e-06;0.229727;1.50051e-05
2.966e-08;5.13467e-08;1;5.29218e-08;1.15997e-08;5.66532e-09;2.77155e-07;1.98849e-10;1.08949e-08;1.35375e-08;3.21962e-08;3.55277e-08;1.854e-10;2.35643e-08
2.39591e-05;0.24237;0.000486652;0.000122369;1.46896e-05;0.000147203;4.32683e-08;0.000125471;0.000206584;2.73238e-06;5.95339e-05;0.755438;0.0007108;0.000292075
0.000371859;0.660685;4.6003e-07;1.16676e-05;4.36902e-05;0.00596535;3.49477e-05;0.216038;0.000333027;0.000122386;0.000727798;0.000489286;0.114921;0.000255931
3.5691e-06;0.00211122;1.739e-06;4.94063e-07;0.000163149;0.000121389;3.95378e-07;0.00202104;8.20902e-08;1.87036e-06;5.69964e-07;0.988928;0.00641006;0.000236771
1.35861e-05;0.0871858;6.16199e-05;2.18974e-05;0.000453419;0.000542281;8.53802e-08;0.884576;0.000408567;4.94389e-08;1.02626e-05;0.000415648;0.0262457;6.5264e-05
1.69341e-07;0.000199877;1.13072e-09;5.19907e-10;3.408e-07;2.37094e-09;2.7446e-13;0.999758;8.54492e-11;1.43794e-10;2.22124e-12;7.43191e-09;4.14178e-05;7.51364e-08
1.68805e-08;0.00119525;0.000124326;2.3713e-06;0.000103114;3.70329e-05;1.43272e-11;8.61289e-05;7.29009e-10;1.05216e-08;1.35506e-08;0.997241;0.00047382;0.000736974
1.94182e-07;0.999505;8.80053e-06;5.07328e-06;8.62242e-06;1.40804e-06;6.87166e-08;0.000158976;4.6005e-08;1.14786e-06;1.07986e-06;9.93218e-07;0.000303606;5.22628e-06
8.42487e-07;0.00011031;4.22711e-07;1.48711e-05;0.915117;0.0626878;1.21756e-08;9.92411e-05;2.8982e-06;5.14749e-06;5.52232e-07;0.000202976;0.000190678;0.021567
0.00523185;0.983461;1.63367e-07;3.24335e-06;5.76632e-06;8.9783e-08;2.6498e-05;0.00693536;0.000822436;1.94922e-06;0.000135473;8.57615e-05;0.00329072;1.46552e-07
6.49927e-05;0.0320098;1.9957e-08;7.36681e-07;0.0018534;2.72143e-05;5.43414e-05;0.96396;0.000508805;5.94914e-05;2.6388e-06;8.27164e-07;0.00135978;9.76082e-05
7.92747e-11;4.65009e-12;1;6.19096e-11;5.40539e-10;2.94039e-12;4.04917e-11;7.22765e-13;3.4227e-11;5.77522e-11;5.54091e-12;5.94489e-08;1.28116e-14;4.51703e-11
2.56417e-05;0.0108809;0.000300251;2.44757e-06;2.11669e-05;1.48513e-06;9.24501e-06;0.000444398;0.00037401;1.04547e-06;8.97593e-05;0.986374;6.71814e-05;0.00140844
4.5762e-05;0.98419;2.17052e-07;3.09784e-06;3.27444e-05;0.000642485;0.00115465;0.00118497;0.00307952;6.06003e-06;0.00333937;6.25856e-05;0.0060314;0.000227349
0.000264204;0.00499575;0.000162503;0.000451636;0.940847;0.0448699;2.72158e-05;0.000123826;0.000226071;2.67822e-05;5.75994e-05;0.000892421;0.00665341;0.000401345
2.10873e-05;0.0634547;1.72474e-12;1.69189e-08;1.49364e-06;6.01281e-08;1.04681e-09;0.934116;5.96514e-07;1.157e-09;2.24494e-08;0.000208314;0.00219806;1.06032e-08
6.43328e-06;0.0923466;0.0627541;0.000195554;0.00253825;0.00559213;9.5326e-09;9.40242e-07;1.2963e-08;1.68582e-05;1.07996e-07;0.243313;0.5874;0.00583672
0.0106374;0.428927;0.000157516;9.36397e-06;0.000113963;6.15732e-05;3.17684e-05;0.103769;0.00370983;1.08024e-05;0.000253005;0.345062;0.0997974;0.00745877
4.11935e-05;0.11192;2.22133e-05;1.46641e-05;0.195155;0.000411924;3.96347e-06;0.466988;0.000689647;5.44759e-06;1.11588e-05;0.00136021;0.0833113;0.140065
7.59587e-06;0.975082;1.24853e-09;2.9908e-08;8.47729e-07;7.64605e-07;9.89234e-08;0.0200241;1.68021e-06;8.16274e-08;3.36094e-08;1.22677e-05;0.00485746;1.31053e-05
1.77104e-09;4.88009e-10;0.999997;4.53039e-10;3.20384e-09;2.54528e-12;5.62032e-10;4.75234e-10;2.60597e-10;2.82756e-11;5.10638e-11;2.53009e-06;1.59274e-11;3.99233e-10
5.62757e-08;3.02146e-06;1.81471e-06;7.9412e-08;1.53563e-06;1.475e-08;2.82494e-09;2.02891e-05;5.40002e-07;9.68208e-09;6.44425e-08;5.44793e-05;2.20495e-08;0.999918
2.05718e-06;0.00067209;4.31337e-09;9.19636e-08;0.00142502;6.88314e-05;6.52447e-07;0.99771;5.25946e-05;5.29193e-09;4.02296e-07;1.94522e-07;6.79504e-05;5.27592e-07
3.64532e-09;8.95818e-08;0.999909;6.83128e-08;9.04529e-06;2.12744e-06;6.07932e-11;2.10675e-10;6.29437e-11;2.63222e-09;3.60633e-10;7.52341e-05;1.97698e-08;4.05616e-06
1.70949e-06;0.999727;1.02263e-09;6.94252e-08;1.64885e-08;4.27857e-08;5.74419e-06;3.44061e-05;3.47026e-05;1.35348e-09;1.50319e-05;3.20106e-06;0.000178112;2.08244e-08
2.91864e-09;4.44496e-06;0.999994;4.37963e-10;2.6116e-08;3.03828e-09;2.04142e-10;1.60058e-09;5.15192e-11;1.26974e-09;4.94974e-11;8.01239e-07;5.05871e-07;4.31405e-07
5.00609e-08;0.999357;5.55179e-08;1.00705e-09;3.52554e-08;2.1356e-09;6.31649e-09;0.000576297;2.77005e-10;2.1915e-08;2.70703e-10;2.29144e-08;6.33488e-05;3.15478e-06
1.22404e-08;3.65212e-05;2.45214e-10;5.87878e-08;1.60697e-06;0.000710741;9.56077e-09;6.26016e-07;3.99938e-08;3.62464e-08;3.86459e-08;4.64623e-08;0.998955;0.00029564
7.53862e-09;6.50187e-07;0.999705;2.49476e-08;1.14738e-08;6.53253e-10;4.28093e-06;3.21002e-11;5.1422e-11;5.86779e-05;6.82175e-10;0.000229192;9.39271e-10;2.39105e-06
2.20516e-07;7.80898e-09;0.999987;6.0931e-08;5.12557e-08;1.13485e-07;9.78353e-06;4.58026e-10;1.68686e-06;6.92576e-08;1.00165e-06;4.13481e-08;1.25739e-08;1.17726e-10
2.07197e-06;0.656724;1.01533e-07;2.70106e-08;1.14888e-08;3.89583e-08;2.22573e-09;2.35806e-06;8.57906e-09;2.1574e-09;2.83524e-09;4.11491e-07;0.343271;2.73281e-09
3.39419e-07;0.0114506;1.94632e-09;1.21509e-07;4.33636e-07;2.51151e-07;9.08624e-09;6.46535e-07;1.12607e-08;2.72262e-08;3.79638e-08;5.5906e-05;0.988489;2.70175e-06
6.08766e-07;0.137546;2.60578e-08;5.83703e-06;1.97114e-07;4.53593e-07;0.840657;1.49108e-06;3.23193e-06;0.0208241;1.30465e-05;1.08179e-05;5.67481e-06;0.000930868
1.74437e-08;5.29504e-08;0.999964;8.48308e-07;1.54015e-07;3.29149e-08;3.08536e-05;3.19909e-08;1.38983e-07;3.29653e-07;2.51224e-06;6.85846e-07;1.09048e-07;8.8075e-09
2.30018e-06;0.999058;1.66545e-05;5.28447e-06;1.31791e-06;4.13314e-07;8.89547e-08;0.000100025;8.17411e-09;3.14891e-08;1.95846e-07;0.000218297;0.000596103;1.03538e-06
2.95176e-06;0.000943165;4.06832e-11;1.84759e-06;1.03615e-05;1.15461e-05;3.08871e-07;0.00209624;8.60253e-06;1.47933e-07;8.12817e-06;6.66214e-05;0.996849;1.18606e-06
0.000392881;0.0948929;0.00420125;0.000305813;0.0794178;0.000207074;1.9973e-07;0.000580984;9.04326e-06;4.34316e-06;0.00033442;0.800771;0.0142264;0.0046556
4.98053e-06;0.993387;2.76049e-10;2.39771e-06;1.82601e-07;3.39429e-08;0.00560053;9.11168e-05;1.97126e-05;0.000419929;9.86326e-06;3.35724e-07;1.72022e-06;0.000462478
1.02924e-06;2.68988e-05;0.99981;4.2658e-07;5.84357e-08;9.5679e-08;1.65547e-06;1.7797e-07;4.36035e-06;7.51545e-09;7.59798e-06;0.000116687;3.08741e-05;1.12221e-09
1.95001e-06;0.00467073;2.23433e-08;9.65244e-08;5.20836e-07;1.63628e-07;1.33916e-08;0.994992;1.01686e-06;2.72874e-09;4.92686e-08;1.16834e-06;0.000332236;9.38489e-08
3.56843e-07;0.000263428;2.25804e-06;1.16992e-05;1.28152e-05;3.56209e-05;2.08917e-11;6.38532e-07;7.44364e-07;9.57107e-08;3.348e-07;0.997343;6.24463e-06;0.00232235
0.000102811;0.00498525;8.86733e-09;4.94048e-08;2.4224e-06;4.62532e-06;1.34126e-08;9.56425e-06;1.17259e-06;2.85774e-08;2.56535e-07;1.3723e-06;0.994866;2.6149e-05
1.22665e-05;0.00505099;2.07666e-05;1.00209e-05;0.000275168;0.000267137;2.51196e-09;0.00040326;2.41074e-05;7.33962e-08;1.8895e-06;0.990062;0.000745016;0.00312757
0.00037456;0.0510517;2.62997e-06;9.66454e-06;0.00116045;1.23897e-05;6.89384e-08;0.944718;4.40689e-05;1.4429e-06;7.00941e-08;1.12875e-06;4.70003e-06;0.0026189
6.51264e-07;2.82691e-05;1.10083e-08;8.0858e-11;8.35911e-07;6.33075e-11;1.13892e-10;0.99997;4.26513e-08;2.00113e-09;9.12035e-12;9.73169e-11;6.23811e-07;8.91195e-10
2.46708e-09;1.63747e-07;0.999997;1.12088e-07;2.29675e-06;2.61399e-07;1.43935e-10;6.37914e-10;4.11782e-10;7.58279e-08;3.39906e-10;3.46737e-07;1.51046e-08;9.22193e-08
1.65714e-07;0.999714;1.66453e-07;1.15747e-07;3.63447e-08;4.78865e-08;1.13983e-07;0.000211345;2.35084e-06;1.2604e-08;6.23448e-07;8.75028e-06;6.01024e-05;2.37255e-06
