4.74129e-06;0.998903;9.80438e-05;3.03448e-06;6.0325e-06;4.00778e-07;4.63353e-09;0.000201183;9.66157e-09;5.79749e-08;1.42756e-08;0.000233557;0.000548154;1.69119e-06
0.000114212;0.985288;9.7869e-07;8.6389e-05;0.00273191;0.000190951;6.87787e-06;0.000617196;7.24655e-05;9.47664e-06;6.14522e-05;0.000759374;0.00280249;0.00725832
1.39786e-05;0.998733;8.00524e-09;1.90016e-06;7.21048e-07;6.85589e-09;3.5132e-06;0.000700982;5.805e-06;2.4331e-07;3.68991e-05;0.000133826;0.000368469;5.97505e-07
2.2038e-06;0.0396384;2.17708e-08;3.46663e-06;1.72986e-06;4.74378e-07;1.28531e-08;0.000836337;4.38161e-07;7.77704e-08;5.88832e-07;0.959308;0.000142056;6.59718e-05
1.95195e-07;0.999678;7.33712e-10;1.03393e-07;8.58367e-11;6.73339e-09;0.000298467;3.70316e-07;3.95899e-07;6.81598e-06;1.0223e-07;2.90649e-10;9.30198e-06;6.17589e-06
8.84387e-11;1.63622e-11;1;1.25481e-09;3.90906e-09;3.73231e-10;1.0959e-09;1.62499e-13;3.37166e-10;3.16082e-10;3.438e-11;1.34353e-07;2.34976e-12;3.66169e-10
1.2791e-07;0.000449667;1.93287e-11;8.24179e-10;3.49653e-06;7.42433e-11;1.74912e-09;0.999545;8.98848e-08;8.23375e-10;1.80936e-08;6.42072e-09;1.26073e-06;2.61866e-09
4.75269e-08;1.41851e-05;0.999935;1.40535e-06;4.52883e-06;1.72424e-06;1.51611e-06;2.96017e-08;3.97694e-09;3.14089e-05;7.147e-08;9.38527e-09;5.54646e-06;4.1808e-06
1.58114e-08;3.7715e-09;0.999998;1.81886e-09;1.96381e-09;4.1379e-10;2.16024e-06;3.70963e-09;4.08512e-09;1.31135e-09;1.76707e-07;7.97564e-08;3.3231e-10;1.1481e-09
7.42828e-08;1.63546e-05;6.71374e-06;2.0899e-08;1.64945e-07;9.60858e-07;4.1429e-09;5.49641e-07;5.91376e-07;1.77286e-09;2.81066e-06;0.999946;1.10429e-05;1.46358e-05
9.86722e-06;0.986888;3.18526e-08;5.31826e-09;6.90167e-07;3.14882e-05;4.80589e-07;4.9088e-06;5.25113e-08;3.44277e-08;7.77104e-09;1.44798e-06;0.0130399;2.35192e-05
1.66261e-07;1.316e-05;3.00609e-06;2.93929e-08;0.00108702;1.85242e-06;6.12697e-10;6.21161e-06;6.75508e-07;5.39091e-09;2.66372e-08;0.998779;1.4647e-05;9.4174e-05
2.44812e-08;0.000111903;2.14008e-08;9.53732e-12;4.8316e-07;1.9001e-09;7.59963e-12;0.999731;1.22842e-08;8.32941e-12;5.30913e-13;4.74542e-11;0.000156777;2.89916e-10
4.38361e-07;0.888001;4.30627e-07;2.38045e-06;0.000157828;0.00016118;4.89223e-09;0.00154332;5.94254e-07;1.27733e-06;4.73219e-09;3.00346e-06;0.109531;0.000597737
5.32681e-06;0.879883;0.00988824;0.00018734;7.10972e-05;4.85781e-06;3.90694e-06;1.78271e-07;5.45706e-10;0.00204369;7.33517e-09;0.0410848;1.65262e-05;0.0668112
3.97077e-08;1.20033e-10;0.999999;3.40403e-09;1.2349e-09;1.23053e-10;6.0756e-07;1.44746e-09;1.01023e-09;2.88588e-09;7.41649e-09;7.53008e-08;2.51656e-10;2.12192e-12
0.000619625;0.0541433;2.44418e-06;8.88395e-05;0.0172871;1.10479e-06;0.0337979;0.85012;0.0216149;0.000113616;0.0196541;0.000812538;0.000353759;0.00139046
0.0013499;0.495545;0.297368;0.0151261;0.0718144;0.010074;0.000595375;0.00273391;6.67414e-05;0.000938513;0.000677894;0.00250457;0.0701074;0.0310987
1.4929e-05;0.99822;7.83037e-07;3.08111e-09;1.21822e-09;2.09358e-10;3.4975e-06;7.70902e-06;2.49364e-09;6.37559e-09;3.63893e-08;0.00143309;0.000320056;1.02368e-08
2.62808e-08;7.01718e-05;1.48605e-07;9.76051e-08;3.4348e-05;1.81494e-05;1.22166e-10;0.000584633;2.92276e-07;3.44494e-10;2.25989e-08;0.999001;5.75034e-06;0.000284868
3.28894e-05;0.502326;2.72781e-07;1.71035e-06;1.19183e-05;7.18553e-06;6.39701e-07;0.00126825;1.0064e-05;5.89176e-08;1.96695e-05;0.000352299;0.495959;9.9359e-06
9.44304e-06;0.00491019;4.41155e-07;2.36977e-07;1.2382e-05;3.67358e-08;2.75894e-09;0.964402;2.24885e-06;4.2187e-08;7.6954e-08;0.0302065;0.000408879;4.71072e-05
2.66405e-08;0.000494657;0.998529;2.59502e-06;2.61189e-06;1.55515e-05;2.32342e-10;1.06849e-09;4.05622e-11;8.02774e-08;1.22926e-09;2.3559e-05;0.000925732;6.68867e-06
0.000243483;0.586955;0.000133185;0.000276476;0.000164296;0.00179869;0.000414021;0.00486287;0.0029558;0.000136844;0.0471726;0.0303652;0.323603;0.000917848
5.81905e-06;0.0263853;8.04927e-08;1.80338e-06;0.051652;0.0108649;9.90006e-07;0.882385;1.35775e-05;7.17625e-06;2.44451e-06;0.000105813;0.0211076;0.0074676
4.46761e-06;7.2496e-05;2.55448e-09;5.43121e-07;2.37099e-06;4.2824e-07;3.69901e-08;0.93662;1.76203e-05;1.12586e-07;1.25002e-05;3.01629e-05;0.0632365;2.80875e-06
0.000144342;0.148739;8.59182e-06;1.10461e-05;1.26504e-05;2.12313e-07;2.69427e-05;0.000141055;0.000188493;9.88699e-06;9.3217e-05;0.845641;0.00274034;0.00224338
9.35972e-07;0.997702;3.66852e-05;2.76236e-07;3.36908e-07;3.30995e-09;2.94505e-09;0.00104526;8.10646e-10;1.14053e-08;7.79646e-09;0.00103405;0.000180911;1.58491e-08
0.000136998;0.950301;2.68831e-06;0.000298845;0.0245157;0.000280646;2.86565e-05;0.00761975;2.46122e-05;4.66435e-05;4.04721e-05;0.00153594;0.00559685;0.00957093
4.65325e-05;0.986897;1.81846e-07;2.95864e-05;2.6903e-06;8.15431e-08;0.000108858;0.000155261;4.2459e-05;1.55997e-06;0.00100738;0.00915958;0.00254027;8.46233e-06
4.44151e-05;0.574099;1.30656e-07;1.93514e-05;1.42958e-05;1.45669e-05;1.61139e-06;0.00508449;4.03644e-06;9.74765e-07;6.29763e-06;0.416995;0.00287932;0.000836279
2.06137e-07;0.999858;2.99127e-09;6.70408e-08;4.43125e-10;2.42587e-08;7.83196e-05;1.73699e-06;8.64109e-08;3.51361e-06;3.16232e-08;2.01714e-09;5.59206e-05;1.84828e-06
9.72419e-10;4.14044e-10;0.999998;1.63896e-08;4.42168e-08;9.48402e-09;2.46989e-09;1.28233e-11;2.61943e-09;3.44436e-09;4.74542e-10;1.91855e-06;7.31116e-11;3.14644e-09
7.2057e-07;0.00371493;7.66875e-11;1.7879e-09;9.18775e-05;2.05307e-10;2.03923e-09;0.996191;2.11427e-08;2.41175e-09;4.39699e-09;1.53441e-07;7.06879e-07;5.30524e-07
9.92235e-08;1.22196e-05;0.997844;4.58723e-07;9.72139e-05;9.71089e-06;2.83752e-09;2.25389e-06;4.18214e-10;2.14501e-07;5.30681e-09;0.001817;0.00021369;3.08174e-06
6.04204e-07;0.991287;3.34767e-10;2.03459e-09;2.02407e-08;1.5338e-09;0.0086355;5.16742e-05;2.32816e-08;4.18608e-06;8.80102e-08;1.74238e-07;1.09192e-06;1.94915e-05
1.22138e-09;3.70729e-10;0.999998;8.6156e-09;1.58272e-07;5.38925e-09;2.54123e-07;2.15423e-11;5.75504e-08;2.273e-09;1.97532e-09;1.09376e-06;5.32316e-10;6.22261e-10
1.00236e-05;0.670693;1.1217e-08;3.05203e-08;5.58908e-07;9.47531e-09;9.2195e-09;0.326708;8.82262e-07;5.38492e-09;2.58196e-07;2.68171e-05;0.00256043;3.45147e-07
5.44133e-06;0.969771;1.2777e-05;1.27441e-06;1.36711e-05;2.98686e-08;0.0179989;2.28268e-05;3.24749e-06;0.00178604;3.01056e-06;1.65778e-06;3.56093e-05;0.0103445
4.93843e-11;4.90675e-12;1;6.5863e-10;6.72459e-10;1.34568e-10;1.99859e-08;7.34943e-13;1.48847e-10;3.02487e-10;3.22305e-09;1.30532e-09;6.55695e-13;7.69665e-12
4.193e-06;0.913465;5.44125e-07;8.24399e-07;5.37979e-07;1.28933e-07;0.0858143;9.15755e-06;6.56938e-06;7.00775e-05;4.31978e-05;1.13315e-08;2.84573e-06;0.000582189
7.81641e-12;1.83749e-12;1;1.56919e-12;5.79377e-12;1.95102e-12;1.70446e-10;4.3161e-12;1.59064e-11;4.21606e-12;7.59901e-12;2.20248e-08;3.30952e-13;7.02547e-14
2.70454e-05;0.201324;3.47481e-06;2.24283e-05;5.91987e-06;2.31828e-05;1.41756e-05;0.0151662;0.0386632;3.94923e-07;0.00370054;0.000135194;0.740914;4.31737e-07
0.00063589;0.16966;7.51646e-05;0.00103382;0.00723704;0.0199893;3.14892e-05;0.123978;0.0338914;0.000342996;0.00919093;0.30456;0.304969;0.0244052
0.000333026;0.864245;6.36548e-05;1.14597e-05;1.12098e-05;1.44815e-05;0.0672971;0.0443217;4.637e-05;0.0187503;1.02125e-05;1.16862e-05;0.00338925;0.00149423
1.51562e-11;8.66023e-11;1;2.81895e-11;4.03754e-11;3.59671e-12;9.43466e-12;6.24918e-13;1.5411e-11;6.9383e-12;3.0742e-12;1.11305e-10;1.39438e-14;2.42707e-12
8.78382e-05;0.0535992;0.0985212;2.86527e-05;8.70486e-06;6.89598e-05;3.68088e-06;0.000781256;4.98079e-05;1.04455e-05;3.34369e-05;0.837743;9.0187e-05;0.00897335
8.59753e-06;0.997874;3.41213e-06;7.56062e-07;1.07798e-06;4.97723e-06;5.64525e-07;0.00028604;1.01898e-05;9.95206e-08;5.47432e-05;2.59133e-06;0.00174764;4.96101e-06
1.19172e-06;0.0122029;2.18635e-10;3.29421e-06;8.28793e-05;5.42182e-05;4.43432e-10;0.000214388;1.17075e-07;6.5973e-07;9.5257e-08;0.34106;0.00109026;0.64529
8.99038e-08;1.99177e-05;1.5983e-13;3.30525e-09;5.30785e-08;1.06583e-07;9.09931e-11;0.00141285;1.07448e-08;5.60871e-11;9.14689e-10;1.69167e-09;0.998567;2.28403e-07
1.3632e-05;0.0684683;4.62944e-07;1.41793e-05;0.000195858;4.22947e-06;6.4011e-09;0.0152056;6.84264e-06;2.56746e-07;7.98335e-07;0.887797;0.0280383;0.00025424
1.08164e-06;0.864166;0.00128242;8.00897e-05;2.39473e-05;5.00265e-05;9.63611e-09;1.76055e-08;2.70079e-10;1.79838e-06;2.30527e-08;9.77907e-05;0.134069;0.000227812
3.56782e-06;1.4467e-05;4.96559e-08;5.99859e-08;2.24884e-07;6.19577e-10;1.76987e-07;3.36997e-05;9.11397e-07;3.38013e-09;9.77807e-07;0.999614;0.000332037;1.18624e-07
9.50605e-07;0.990922;4.4028e-10;4.98283e-08;1.12142e-05;3.48406e-08;8.01155e-07;0.000929428;5.50999e-08;9.01163e-08;2.11036e-09;9.73965e-08;0.000912061;0.00722282
3.39462e-07;6.25734e-05;1.10905e-06;2.47124e-05;2.12093e-06;0.226031;9.21989e-07;9.14098e-07;2.16398e-05;8.60269e-06;3.3478e-05;2.8234e-07;0.773696;0.000116547
1.84771e-06;6.36499e-07;0.999881;1.74891e-05;1.02164e-06;2.74075e-05;4.86361e-07;7.19767e-07;5.06507e-07;1.69002e-06;1.50956e-06;6.20475e-05;1.79318e-06;1.53119e-06
4.32314e-05;0.978281;2.26906e-05;0.000179513;2.09118e-05;0.000363547;2.2058e-05;0.00506052;0.00328273;3.73893e-06;0.00438756;6.15463e-05;0.00768313;0.000587565
