3.88988e-06;0.999914;2.35319e-06;2.17904e-07;9.22335e-07;3.32604e-09;1.54277e-08;4.38629e-05;6.64892e-09;2.5085e-08;1.14594e-08;7.0831e-06;2.21578e-05;5.93137e-06
8.47776e-07;0.997981;5.35779e-11;2.84261e-08;1.1428e-07;2.29395e-08;1.577e-05;2.53044e-05;3.87815e-08;6.01398e-06;1.96062e-08;5.33714e-10;9.57986e-07;0.00196991
1.86218e-12;5.05093e-13;0.999999;1.81528e-12;9.69674e-12;3.59394e-12;4.81313e-12;2.36468e-14;6.20076e-13;7.87673e-12;5.72256e-13;5.92667e-07;3.7937e-16;2.38914e-10
7.51479e-06;0.382975;7.45325e-08;1.39771e-06;3.22278e-05;6.405e-06;2.10504e-05;0.0040194;9.64427e-05;1.42986e-07;6.79655e-05;3.54569e-05;0.612578;0.000159511
2.99439e-06;0.0586934;0.0012895;2.71064e-05;3.18661e-05;0.000241589;5.51726e-08;0.00939197;0.000327117;4.74806e-07;8.09277e-05;0.780782;0.148305;0.000826861
1.43651e-05;0.503637;3.78404e-06;3.51846e-05;0.000746168;0.000193825;8.68994e-07;0.447074;1.22545e-05;3.75491e-06;6.87803e-05;0.0217378;0.026353;0.000119832
1.57583e-06;0.590392;4.12349e-07;6.27111e-06;3.42939e-06;4.31604e-06;5.63441e-08;0.00204176;4.57906e-07;4.64413e-08;7.36523e-07;0.0622435;0.3453;5.44297e-06
2.16068e-05;0.824433;2.85492e-05;7.10273e-06;0.00132031;0.000126485;5.96969e-07;0.145412;7.94621e-07;1.73789e-05;1.6038e-06;0.00210971;0.0192902;0.00723044
9.59605e-06;0.0478484;9.50703e-07;8.3061e-06;0.000335645;0.00464822;3.57983e-05;0.00458998;1.83984e-06;2.99036e-05;4.28965e-06;0.89666;0.0444676;0.00135913
0.000153792;0.0162733;1.67008e-06;0.000123288;2.01277e-05;6.19473e-05;0.00218771;3.83082e-06;8.82931e-05;1.91015e-05;0.00229224;0.000628987;0.978112;3.40771e-05
4.78811e-05;0.00109352;1.37317e-08;4.25516e-06;2.85102e-05;1.58103e-05;4.50415e-06;0.9954;2.994e-05;1.77178e-06;1.69785e-06;4.05184e-07;0.00336865;3.41008e-06
2.47014e-06;5.28386e-05;0.999293;3.34577e-06;2.99115e-06;2.29536e-05;2.93097e-08;4.06237e-07;1.25715e-08;1.73015e-06;3.05727e-08;0.000341852;9.0905e-07;0.000277363
9.41055e-09;0.000274945;4.26474e-10;4.11616e-10;3.30572e-07;5.62604e-06;5.26509e-09;4.68449e-09;4.71964e-10;1.94112e-08;1.63111e-11;2.00516e-12;1.58263e-07;0.999719
1.28255e-10;2.49556e-11;1;1.36403e-12;1.68528e-08;3.49527e-10;1.04249e-11;7.20691e-12;9.03874e-13;2.52506e-11;2.48257e-14;4.22736e-07;3.59829e-14;4.4703e-09
0.000353933;0.00367199;0.000101157;2.09443e-05;0.00832745;0.00299503;3.76527e-06;0.897581;0.0744321;3.36299e-07;0.000151572;4.61535e-05;0.0120883;0.000226302
9.37025e-06;0.99965;2.76194e-05;9.00757e-08;6.48498e-07;7.74291e-09;2.60718e-09;8.8396e-05;9.9267e-09;5.63182e-09;1.45266e-09;1.17651e-06;0.000198565;2.38754e-05
6.34366e-07;0.994823;1.09337e-09;2.86688e-08;1.3457e-07;4.46361e-08;3.99343e-05;1.3222e-05;4.20553e-09;1.38e-05;2.68743e-09;1.10264e-10;4.91041e-06;0.00510432
3.14472e-12;5.49654e-12;0.999996;2.94382e-11;2.14135e-10;3.57682e-10;2.23858e-12;1.00492e-13;2.1228e-12;2.06131e-11;5.91868e-13;4.39925e-06;1.93366e-15;1.84591e-09
3.03721e-06;0.783008;1.79353e-10;1.63945e-07;9.68248e-08;5.36058e-08;6.70841e-07;0.00190122;7.18995e-06;2.03944e-09;4.54799e-06;1.52036e-05;0.215057;2.7213e-06
8.12942e-07;0.00309253;0.000262661;1.69789e-06;6.8232e-07;9.72204e-07;1.47909e-08;0.000141756;8.97932e-07;7.67942e-08;1.98825e-06;0.984457;0.0114358;0.000602602
2.14604e-05;0.458524;2.16927e-05;0.00561685;0.00473137;0.060516;1.3144e-05;0.115542;0.00349656;5.8346e-05;0.00294897;0.00203448;0.050159;0.296316
9.18015e-06;0.00184554;5.76877e-08;1.80985e-06;0.00303604;2.6258e-06;3.85375e-08;0.975924;1.47223e-06;4.77551e-07;1.31165e-06;0.000110555;0.0189545;0.000112788
1.31573e-06;5.19427e-05;0.999565;7.48614e-06;3.1909e-05;6.59304e-05;3.31516e-07;1.31957e-05;1.43519e-08;1.14082e-05;2.52158e-07;1.47669e-08;4.15486e-06;0.000247063
4.33625e-09;2.06933e-11;1;1.86834e-10;5.0228e-10;3.29819e-11;7.38036e-09;2.72009e-10;1.91884e-09;3.51948e-11;2.32083e-08;7.16711e-09;1.78451e-12;4.04426e-10
1.34082e-06;7.11126e-05;3.98363e-05;3.26624e-07;1.06388e-06;2.24367e-05;2.24211e-09;0.000187653;3.24665e-05;7.8547e-09;2.18126e-05;0.999349;0.00024513;2.75943e-05
6.26323e-07;0.999252;5.01624e-09;3.78695e-09;6.78326e-08;2.61185e-06;4.83466e-08;2.29587e-07;1.53547e-08;4.62362e-08;7.47228e-09;4.77334e-06;0.000738618;9.81268e-07
4.098e-08;0.000101751;2.55735e-07;8.76266e-08;2.10744e-05;1.26366e-05;1.69294e-09;1.06236e-06;8.7544e-08;2.79943e-08;7.80819e-08;0.999642;0.000132364;8.8255e-05
7.72417e-06;0.178632;3.89325e-07;1.66755e-06;1.16459e-05;1.76282e-05;2.52737e-07;0.814444;0.000461167;2.50085e-08;2.51836e-06;1.36264e-07;0.00642099;3.17868e-07
1.00797e-05;0.745522;1.85979e-06;5.61417e-07;7.9009e-06;2.06729e-06;5.96551e-10;0.129184;6.44204e-09;1.14657e-07;1.08588e-09;0.000832053;0.124428;1.08747e-05
2.12427e-06;0.803214;8.02522e-07;3.81677e-05;0.00147723;0.000216721;8.65413e-08;0.0367782;1.22628e-07;1.837e-05;1.64725e-06;0.123366;0.0341896;0.000696504
1.54007e-06;0.0376382;8.8348e-07;1.8508e-05;1.38922e-08;7.84481e-08;0.738115;3.75115e-08;1.08795e-06;0.224185;2.0072e-05;3.94522e-06;2.32025e-06;1.34928e-05
1.11019e-08;2.62055e-10;0.999977;7.8393e-08;9.07264e-11;6.88184e-10;2.23312e-05;1.51148e-12;2.41962e-07;1.5973e-08;5.25327e-07;3.48179e-09;5.32646e-11;3.63101e-12
0.000106585;6.2752e-05;5.03229e-08;1.21312e-08;8.76784e-08;2.44674e-09;2.61874e-07;0.999774;4.74991e-05;3.55363e-09;3.9356e-07;5.42708e-09;8.49044e-06;4.95135e-09
4.38716e-08;0.000113378;1.22342e-06;3.84015e-07;0.000149605;9.94326e-05;5.55623e-08;8.61745e-06;7.51788e-08;1.40107e-06;1.91726e-09;3.78408e-07;2.48887e-06;0.999623
1.75033e-10;3.68392e-10;1;4.72742e-11;1.57543e-09;1.99763e-12;5.42395e-10;3.96697e-11;5.48462e-11;1.27556e-11;5.01006e-12;6.05055e-10;1.26224e-11;7.07726e-11
4.80699e-06;0.00388224;0.980141;6.40475e-06;5.63492e-05;2.40112e-06;4.08479e-07;0.0147732;8.69901e-07;2.3597e-07;2.02778e-07;0.000850811;0.000267819;1.26841e-05
6.3514e-07;0.00202466;0.00111005;5.40709e-06;0.000122787;0.000543005;5.22504e-10;2.85754e-05;1.64393e-08;1.64476e-06;1.1832e-08;0.0025379;0.000564391;0.993061
1.65726e-05;0.981404;4.67085e-09;1.07318e-06;2.32321e-06;8.25163e-07;1.67088e-07;0.00281323;5.12306e-06;1.43666e-08;3.9787e-05;6.61566e-05;0.015617;3.37693e-05
7.17553e-08;0.999831;5.16992e-13;2.29269e-09;3.27773e-09;1.22275e-10;2.56535e-07;9.69394e-06;2.30556e-11;2.12639e-07;1.04505e-11;1.85993e-12;2.82645e-07;0.000158554
1.78709e-11;3.75529e-12;1;6.51383e-10;7.45033e-08;1.07133e-10;2.15785e-10;5.06429e-13;3.47364e-12;5.90421e-10;6.38057e-12;2.15485e-08;2.10843e-14;7.20187e-09
5.50801e-09;0.00155103;7.4426e-06;6.08687e-08;6.42906e-08;1.72322e-07;3.09559e-09;1.38575e-07;1.67773e-11;6.88047e-10;5.09558e-09;1.96723e-07;0.998441;9.88692e-09
1.62947e-07;0.106792;1.71963e-05;2.49622e-06;3.17447e-06;2.03545e-06;2.53606e-06;0.86923;7.53782e-07;2.998e-06;1.76211e-05;0.0176903;0.0061962;4.26944e-05
2.36288e-09;3.14143e-05;1.49195e-06;3.82625e-06;0.00284687;0.992275;2.24898e-08;0.00414513;1.31144e-07;6.33501e-08;2.74093e-07;5.12156e-06;0.000373647;0.000316874
2.62211e-07;0.0041369;3.57456e-08;9.36459e-08;2.623e-08;8.58488e-07;2.49539e-07;1.25358e-06;3.3195e-09;5.85332e-09;3.47778e-08;4.80217e-07;0.99586;2.49272e-07
5.02617e-05;0.363225;1.88655e-06;0.00635452;0.00326915;0.0664575;7.21145e-07;0.188261;0.00012107;1.88706e-05;0.000665357;0.0105398;0.0712161;0.289819
1.15793e-05;0.325652;3.71823e-07;2.99828e-07;7.41677e-07;3.2579e-06;1.66551e-08;0.000156398;7.91332e-08;1.52668e-07;3.20629e-07;0.00126186;0.672861;5.15384e-05
4.90319e-06;0.069541;4.70166e-06;8.24071e-08;0.000388606;1.25716e-07;3.22616e-07;0.0183273;1.00936e-06;2.62437e-07;7.9276e-07;0.799342;0.00180471;0.110584
6.97193e-07;0.330485;8.77739e-11;3.85362e-07;3.99627e-06;7.54446e-06;3.47989e-06;0.665541;6.55954e-06;7.19776e-06;1.41916e-07;2.98575e-07;0.00392611;1.68915e-05
2.04017e-07;1.42796e-07;0.999996;1.19197e-07;3.97719e-09;3.23947e-10;2.4479e-06;5.57017e-09;3.54246e-07;1.03176e-07;2.84544e-07;6.11756e-07;4.91814e-11;1.06384e-09
0.000476186;0.00107737;3.28666e-05;0.00451704;6.08808e-06;0.00038399;0.00016846;0.00192152;0.832141;3.11479e-05;0.141605;0.0173843;0.00013945;0.000116313
4.80366e-05;0.983729;6.54081e-09;5.67781e-06;5.1244e-07;0.00021619;5.15912e-06;2.60801e-05;7.20112e-06;1.20245e-06;2.2923e-05;4.54137e-06;0.0156979;0.000235167
6.30108e-08;0.00101334;4.62357e-09;6.18558e-09;2.18291e-07;2.35954e-06;3.53243e-10;7.40871e-07;1.14701e-09;7.58999e-09;1.5686e-09;6.7452e-05;0.998912;3.28006e-06
7.00441e-08;0.000403209;0.998074;9.05707e-07;4.20622e-05;2.70495e-06;2.04899e-09;7.13773e-05;1.99956e-09;4.38573e-07;5.19635e-10;9.14106e-05;1.24764e-06;0.00131258
0.000117601;0.243379;0.00014184;0.00338003;0.00090553;0.00751028;0.000386457;0.463221;0.014971;0.000400727;0.0888342;0.00106643;0.175535;0.00015069
