3.28188e-07;0.999847;2.09926e-05;1.28351e-07;2.4874e-07;1.83243e-07;1.50444e-09;2.10587e-05;3.87674e-10;3.66335e-08;2.17028e-10;2.03114e-07;0.000109446;7.01096e-07
1.57116e-07;4.28242e-07;0.999967;5.12531e-08;1.47436e-07;5.43009e-09;1.94165e-07;1.81551e-07;1.27221e-08;7.61643e-09;3.21096e-08;3.16795e-05;1.40265e-07;1.67586e-08
5.79674e-08;1.50892e-05;1.34185e-05;4.0345e-07;1.14624e-06;2.53211e-07;2.26655e-09;1.06155e-05;1.9111e-07;5.90455e-08;4.95356e-07;0.000759798;3.00309e-07;0.999198
4.08727e-07;2.42271e-05;1.97968e-10;4.5759e-08;0.000322694;4.5833e-05;2.42071e-07;0.999579;2.32294e-05;1.07942e-09;6.08319e-07;4.19784e-08;2.87645e-06;5.22782e-07
1.76401e-07;2.57646e-05;0.991844;4.13567e-07;1.11336e-05;1.33035e-05;2.73506e-09;8.18282e-09;7.11639e-11;2.44093e-08;4.1537e-10;0.00802075;6.17217e-06;7.87139e-05
2.97976e-07;0.999259;2.98394e-08;8.73715e-08;1.31463e-07;3.79458e-08;4.27794e-07;1.70038e-05;1.2674e-06;1.44521e-10;7.0347e-06;0.00064997;6.48065e-05;4.6461e-08
8.18517e-08;0.289392;6.06285e-06;4.7855e-08;6.92337e-06;1.41304e-06;6.42889e-10;2.89075e-07;6.83504e-12;1.11091e-08;5.0253e-11;6.23929e-05;0.710516;1.51293e-05
9.45214e-08;0.141699;8.36922e-06;5.57254e-07;0.000220302;1.13095e-06;7.83116e-09;0.599626;7.65396e-08;7.82098e-08;1.90452e-07;0.248163;0.00920947;0.00107194
1.72395e-07;0.0602954;5.73052e-08;0.000102004;0.000247943;0.186335;3.20031e-07;0.00662794;6.37853e-07;2.92001e-05;4.3086e-06;2.43384e-05;0.735155;0.011177
3.20038e-07;9.95549e-07;0.894746;1.01032e-05;3.56361e-07;3.5223e-06;1.98363e-07;5.59056e-08;7.49514e-09;1.58934e-06;1.88732e-07;0.104957;0.000277;2.85623e-06
3.99606e-05;0.862526;4.92114e-07;8.13432e-05;9.52261e-05;0.000333523;0.000318914;0.00619932;0.00486154;9.8026e-07;0.0273757;0.000326219;0.0975594;0.000281735
8.59862e-07;0.998636;3.04185e-09;1.33312e-09;4.47057e-09;3.21129e-09;4.88023e-08;9.13184e-07;7.31731e-09;1.30584e-08;1.05139e-08;8.57362e-07;0.00136171;1.01125e-08
7.62502e-07;0.000360146;7.55707e-08;8.87887e-06;4.44425e-05;0.00033109;2.46062e-08;3.29039e-06;5.64311e-06;3.49651e-06;2.93941e-06;0.987944;6.65994e-05;0.0112287
1.61837e-05;0.999085;0.000139781;4.24859e-05;2.46056e-05;1.03079e-06;2.42405e-05;1.49318e-06;1.6383e-07;6.42466e-05;1.80691e-06;8.25401e-05;0.000258061;0.000258582
9.9863e-09;2.79688e-08;0.999999;2.01902e-09;1.57318e-09;3.79296e-10;1.08352e-07;1.10595e-10;1.59678e-09;1.19423e-09;5.49674e-09;5.85183e-07;1.26609e-08;9.71051e-13
0.00141054;0.607782;0.000103756;0.000186959;0.00528757;0.000536353;0.00248299;0.108936;0.00254021;0.000281576;0.0241736;0.0639188;0.177528;0.00483109
3.09204e-07;0.00136121;1.22859e-10;5.58519e-07;2.10246e-05;3.8414e-07;7.57922e-08;0.34788;9.51152e-07;3.04744e-08;1.79667e-05;1.03141e-06;0.650695;2.1003e-05
9.54478e-07;0.00066169;3.31541e-07;8.46857e-07;1.85935e-08;1.37152e-08;1.70506e-07;6.8868e-06;5.64335e-07;1.06954e-07;1.80475e-06;0.999247;5.86517e-05;2.12177e-05
4.42449e-08;0.999954;6.51991e-07;6.37939e-08;5.06948e-09;1.07066e-10;6.18945e-08;3.47867e-07;9.51446e-11;4.87033e-09;3.24892e-09;2.55424e-06;4.23727e-05;3.53496e-09
2.90066e-07;0.998422;1.69142e-10;8.62874e-08;1.52592e-07;5.40651e-08;5.38483e-09;0.001347;2.85312e-09;3.84686e-08;7.19415e-09;1.267e-05;1.34259e-05;0.00020401
2.99951e-06;0.000452815;9.59737e-06;1.09e-05;0.000307043;1.24847e-06;4.85122e-07;7.26176e-06;2.31167e-05;6.01504e-06;5.62774e-05;0.986438;2.50756e-06;0.0126816
2.88173e-05;0.903557;5.01443e-05;1.89556e-05;0.00213529;0.00161737;5.16011e-07;6.0518e-07;5.93591e-08;2.038e-06;2.38275e-06;0.000510756;0.0909291;0.00114679
3.00274e-05;6.10456e-05;1.64235e-08;6.89022e-08;0.000787976;3.72607e-06;4.78438e-07;0.00218555;5.41233e-08;3.35909e-07;2.17258e-07;0.00669789;0.971648;0.0185844
4.778e-05;0.0946167;0.00245847;0.000151114;0.00386099;0.00452591;7.23128e-09;0.0126736;5.15041e-06;4.64467e-08;2.65813e-07;0.837082;0.0330943;0.0114837
4.66949e-06;0.988103;1.28244e-07;4.69908e-07;4.85692e-06;4.65982e-07;7.88322e-10;0.00653243;1.76632e-08;3.26843e-08;1.60547e-08;0.00335959;0.00153471;0.00045981
6.14203e-07;0.00376193;8.52518e-10;1.69444e-06;4.32353e-05;6.48054e-06;1.4449e-08;0.00157826;1.74459e-06;5.86907e-08;1.18746e-05;0.000229371;0.99425;0.000114616
0.000240909;0.00372944;0.000105733;1.05206e-06;2.53386e-05;1.0839e-06;3.23803e-07;0.00152241;6.25741e-06;2.16429e-06;2.42577e-06;0.981549;0.0125907;0.000222758
3.80776e-06;0.00732021;9.62213e-06;3.7049e-06;1.37449e-05;0.000120283;3.01344e-08;0.00247667;6.29114e-06;1.89049e-07;9.70586e-06;0.00102121;0.989008;6.30354e-06
2.80021e-06;0.975753;9.9593e-09;9.89798e-06;1.43691e-05;3.55327e-06;3.39873e-08;0.00197829;3.09067e-07;4.45842e-06;6.89555e-06;0.0172215;0.0039524;0.00105262
1.92123e-08;0.998978;2.83703e-12;8.29664e-10;3.74786e-11;9.65107e-11;0.000981665;3.25643e-10;1.4182e-10;1.34019e-06;2.35028e-08;1.31814e-12;4.73204e-08;3.89739e-05
9.06759e-12;2.38228e-11;1;3.56217e-12;6.22924e-11;1.84703e-12;9.49769e-09;2.67189e-13;9.41958e-13;8.24615e-11;1.35587e-12;1.39906e-07;6.70433e-13;9.81656e-12
6.04792e-06;0.739357;1.08754e-06;0.00011859;9.13978e-07;4.86049e-06;0.0180444;0.0115727;0.00525489;2.13625e-05;0.0104493;3.94003e-05;0.215128;7.11187e-07
2.23572e-05;6.76117e-05;1.61504e-09;1.59241e-06;1.9221e-06;1.08415e-06;2.5346e-07;0.999215;2.10601e-05;2.94276e-07;2.11437e-05;1.33146e-07;0.000647391;1.63765e-07
4.13425e-07;0.0194492;1.29308e-08;5.40164e-06;1.53324e-06;7.29601e-07;0.00273114;2.2047e-08;1.17977e-08;0.00104315;3.64601e-07;4.96871e-08;7.79566e-06;0.97676
1.31485e-08;7.51892e-11;0.999998;3.40137e-08;3.1406e-09;1.02564e-07;8.75345e-07;7.06745e-11;4.21497e-08;9.64246e-09;3.63029e-07;4.09987e-07;2.47166e-12;2.3258e-08
1.29537e-07;0.999668;1.23852e-10;1.22625e-08;6.44445e-11;9.79069e-09;6.37019e-07;2.08062e-07;6.49351e-08;3.20387e-09;8.72375e-07;8.62409e-09;0.000329817;4.5232e-09
1.13255e-07;0.000561526;2.96506e-06;7.3598e-06;5.9126e-06;0.000699075;3.03329e-09;0.000164786;1.05959e-06;1.21165e-08;2.61974e-06;0.998389;6.78885e-05;9.72098e-05
2.35605e-07;0.000629109;3.93719e-07;3.45779e-08;1.84333e-07;5.30972e-06;3.21673e-09;3.42175e-05;6.49836e-08;3.80217e-09;2.1316e-06;0.000616282;0.998709;2.80693e-06
3.36048e-06;0.841417;3.59004e-07;1.37654e-06;0.00057185;0.000675304;9.77172e-07;0.0587984;3.42951e-06;5.58499e-06;1.56159e-05;6.41916e-05;0.0204024;0.0780407
4.38039e-06;0.00688774;2.89622e-10;2.98461e-06;0.000177049;8.41107e-05;2.18922e-07;0.0180719;2.71485e-06;1.10025e-06;0.000118461;6.77764e-05;0.973061;0.00152016
5.38874e-06;0.000163398;5.47872e-07;1.53602e-07;2.86675e-08;8.55772e-09;7.99327e-08;1.7777e-06;3.17405e-06;5.05673e-08;7.06983e-06;0.9998;1.69361e-05;9.67233e-07
9.90124e-06;0.955936;3.44082e-06;3.27094e-06;7.7647e-06;2.65765e-06;1.17802e-07;0.00362377;3.77701e-06;2.04232e-07;1.72945e-05;0.00103453;0.0393516;5.88034e-06
0.000339003;0.627913;3.19148e-06;0.000379383;0.00397518;0.000330123;3.10025e-05;0.201441;0.00020892;0.000961046;0.000744555;0.027062;0.0994635;0.0371482
2.25196e-06;0.993889;4.06973e-09;1.60291e-06;2.15631e-06;1.66401e-06;5.52729e-06;1.77169e-05;4.15648e-08;1.02866e-05;2.41248e-06;6.69406e-07;9.77825e-06;0.0060569
5.17197e-09;2.92534e-09;0.999999;8.83007e-09;5.15731e-08;1.99774e-09;2.05543e-09;7.14559e-10;1.97568e-09;1.3906e-09;1.51155e-08;8.29657e-07;2.62189e-11;2.20696e-08
1.78667e-08;0.999892;7.77326e-12;7.12757e-09;1.60709e-09;5.99165e-09;2.83375e-06;1.23325e-07;1.99547e-07;3.90844e-07;1.43844e-06;9.45352e-09;2.0449e-06;0.000100865
2.45521e-06;0.000436169;2.42565e-08;2.31474e-05;3.48693e-07;3.43054e-06;0.24;7.93012e-05;0.0137786;6.18203e-06;0.74372;2.55989e-05;0.00192478;3.20465e-09
5.53602e-06;0.957006;2.41854e-10;7.62614e-08;6.17779e-08;1.72824e-07;8.55554e-07;5.13348e-06;9.16476e-08;4.78589e-08;1.33331e-07;5.21533e-06;0.0429772;3.37306e-08
1.0486e-06;0.994672;1.33854e-06;2.6438e-07;2.01119e-06;2.00279e-06;1.83013e-07;0.00280297;1.48508e-07;1.25453e-06;7.62517e-08;0.00213912;0.000357303;2.03848e-05
8.90768e-05;0.542833;2.51687e-06;0.000136306;0.00469498;0.155916;0.000229194;0.0288698;0.000837867;0.000171084;0.00101237;0.00032142;0.0316336;0.233253
4.81362e-05;0.00510376;1.94554e-08;7.20503e-06;6.54788e-06;1.1143e-05;2.04107e-07;0.0207024;3.94132e-05;2.15609e-07;9.75508e-05;1.35937e-05;0.973966;3.75718e-06
9.96879e-06;0.00331928;8.54861e-07;1.0889e-06;2.92764e-06;8.26624e-07;9.175e-09;3.42144e-05;5.43028e-06;8.84545e-08;5.84205e-06;0.996047;0.000543713;2.89558e-05
9.5022e-08;0.939704;1.32227e-08;4.19706e-09;2.87226e-08;1.39846e-07;1.26296e-09;1.29827e-06;2.82243e-10;9.84666e-09;1.03678e-08;0.000333646;0.059961;1.76677e-08
1.71866e-06;0.151472;4.03504e-06;0.000349317;0.000733267;0.00395476;7.67816e-07;0.00328699;9.58195e-06;1.73878e-05;0.000276979;0.807566;0.0136915;0.018636
3.03955e-06;0.96309;2.24143e-07;0.00015966;0.00195441;0.0067272;1.20243e-05;0.0233931;5.61814e-05;3.97089e-05;0.000136067;0.00297489;0.00142362;2.96152e-05
0.000625438;0.223221;0.000237362;2.39029e-05;6.56223e-07;3.63985e-06;2.30465e-05;0.0026307;1.97526e-05;2.31324e-06;7.82509e-05;0.213257;0.559877;1.38299e-08
1.96785e-05;0.354714;1.09644e-08;3.25008e-06;0.000162869;1.38564e-05;2.00309e-07;0.0768761;1.66201e-06;9.48318e-07;2.37795e-06;0.000181104;0.567994;2.96575e-05
1.03033e-06;0.998892;5.45026e-10;7.41839e-07;4.53296e-08;4.63832e-07;8.11044e-06;3.80344e-06;1.42177e-07;1.44467e-05;2.59841e-07;8.72823e-07;0.000588883;0.000488936
3.09276e-10;2.31866e-11;1;1.0811e-09;1.60076e-10;2.89479e-11;1.47102e-07;5.37205e-14;7.82138e-10;1.22833e-08;1.95139e-09;2.61991e-08;1.44467e-12;3.48903e-10
2.63839e-05;0.93156;6.60879e-07;8.15865e-06;1.02214e-06;5.81527e-06;0.0338143;0.0166794;0.00401584;0.000133663;0.00915331;1.9703e-06;0.00457859;2.04173e-05
6.25476e-12;3.88386e-11;1;6.20273e-11;5.52609e-11;1.48253e-11;1.26934e-10;5.2497e-12;2.34246e-11;5.50098e-11;1.81265e-11;3.45644e-07;2.17662e-12;2.0608e-10
5.14985e-05;0.310847;6.29057e-08;0.000453953;0.0003005;7.58099e-05;0.0183472;0.0531473;0.346999;0.000106717;0.117064;1.31304e-05;0.0813508;0.0712426
5.38986e-06;0.214373;1.64977e-06;5.90802e-06;0.00179313;6.53897e-05;6.81157e-05;0.778626;4.60531e-05;7.33392e-05;6.9369e-05;2.76349e-06;0.00457906;0.000291527
8.1587e-10;1.00174e-09;0.999999;7.01228e-09;1.158e-07;2.63731e-09;5.68292e-09;1.70231e-09;4.64429e-10;5.77374e-09;2.62026e-10;8.66866e-07;5.32994e-09;1.87131e-08
1.04852e-06;0.000168585;0.99866;1.90568e-06;7.65013e-07;1.57464e-06;1.45834e-07;0.00110182;3.0744e-06;7.55924e-08;1.33345e-06;4.45183e-05;7.88037e-06;7.60492e-06
2.30877e-08;5.33444e-05;1.23358e-06;2.26795e-08;7.09437e-06;9.28331e-05;2.16147e-12;2.20074e-07;3.98903e-10;2.90476e-08;2.11788e-10;1.48748e-05;8.51326e-07;0.999829
3.92709e-06;0.000126905;1.14894e-10;3.64896e-07;5.11609e-06;8.38819e-06;6.54962e-10;0.993411;1.76613e-05;2.92942e-09;1.47955e-06;2.09405e-06;0.0064214;1.79378e-06
1.34972e-06;0.00018883;1.31913e-11;5.8062e-10;1.29231e-07;1.65442e-09;1.48223e-11;0.999511;4.6663e-09;2.56761e-10;2.22823e-10;6.59763e-09;0.000298516;1.21841e-07
3.03622e-08;0.000160631;6.71283e-06;1.43501e-05;0.000404517;0.000149963;2.3124e-09;1.38576e-05;1.0103e-08;5.52531e-07;4.80266e-09;0.0463683;7.04787e-05;0.952811
3.76976e-06;0.0219665;7.42569e-07;4.25367e-06;4.76802e-08;2.75219e-08;1.59997e-05;8.45902e-05;1.90026e-05;2.29268e-08;0.000491522;7.0204e-06;0.977407;1.70428e-08
2.5689e-06;0.999416;3.20263e-09;0.000158878;4.95451e-06;4.40837e-06;3.37867e-07;2.0304e-05;1.4584e-05;8.03788e-07;2.07625e-05;8.76232e-06;2.60608e-05;0.000321687
3.15865e-05;0.00426798;3.33144e-08;5.33704e-07;0.000132493;7.62431e-07;9.91435e-09;0.994378;5.63997e-08;3.85801e-07;5.57966e-08;1.19135e-05;0.000553317;0.000622839
6.79909e-06;0.910837;0.000287696;0.000142353;0.0011916;0.0100118;4.57031e-05;0.00460201;6.7432e-06;5.01008e-05;7.71513e-06;0.000344145;0.00017728;0.0722891
1.70368e-09;6.92672e-09;1;3.17542e-10;2.02196e-09;3.22608e-12;7.11248e-09;4.08767e-10;1.38501e-10;8.23691e-11;3.19615e-10;8.0714e-09;2.75779e-10;2.1426e-12
5.98729e-06;3.62737e-05;0.997715;2.66125e-06;4.35872e-07;2.66695e-07;2.88828e-07;4.62637e-07;1.93683e-05;1.32464e-07;3.50859e-06;0.00221064;6.40908e-07;4.37047e-06
1.70273e-07;0.00259676;1.77669e-08;3.33543e-09;5.69275e-06;3.49709e-05;3.10231e-08;1.69012e-09;9.63337e-09;6.89699e-07;3.24043e-10;1.77047e-11;2.07576e-08;0.997362
6.79401e-13;1.63304e-13;1;4.8953e-13;8.05519e-10;1.22544e-11;2.10321e-15;3.99806e-16;4.66187e-14;5.96426e-14;1.80225e-15;8.03829e-10;2.30865e-16;5.19846e-12
2.8227e-07;2.36723e-06;2.86796e-07;3.44788e-09;0.00536247;2.17931e-06;1.32507e-12;0.994603;5.5662e-08;1.0909e-10;1.95713e-10;2.22328e-08;1.95907e-06;2.70552e-05
4.23533e-08;4.91584e-06;1.20767e-08;9.15191e-11;0.000319314;1.27451e-08;3.06867e-12;0.999673;7.12067e-09;2.20149e-10;2.35005e-11;1.11717e-09;3.05751e-06;7.79849e-10
5.84518e-09;2.53013e-07;0.999965;4.67348e-08;7.66014e-06;1.18592e-06;1.55115e-12;1.53663e-08;6.97062e-11;1.13561e-08;6.56879e-11;2.5207e-05;6.49879e-08;3.80779e-07
5.91353e-09;0.999728;2.67857e-08;1.92399e-08;3.78389e-09;6.16569e-09;6.34694e-09;0.000266275;3.61939e-08;2.86831e-10;5.89171e-08;6.07307e-07;4.5335e-06;5.97649e-08
