1.10836e-06;0.997761;1.95663e-09;1.44673e-08;1.16321e-09;2.02723e-08;1.14773e-08;3.61433e-07;1.8479e-08;5.92228e-10;8.63067e-08;2.11631e-05;0.00221597;5.91117e-09
0.000126073;0.0207919;7.65314e-05;3.99777e-05;0.00503133;0.0155079;1.49375e-08;0.0201805;1.10975e-05;2.97148e-06;4.40178e-06;0.871601;0.00130305;0.0653237
5.24915e-06;0.990868;5.73316e-09;3.4208e-08;2.53086e-08;7.46408e-06;1.03818e-06;5.57699e-06;3.67748e-07;1.6157e-08;1.93092e-06;0.00793444;0.00117546;9.93307e-08
2.36627e-05;0.785387;2.11581e-05;1.81564e-05;0.000218722;0.00150182;0.0150536;0.00267829;7.67536e-05;0.00140228;3.68628e-06;0.0023917;0.000385138;0.190838
3.14727e-09;2.41997e-07;0.999999;1.3254e-08;1.1925e-09;5.32127e-09;3.78915e-07;1.18214e-11;5.69494e-09;5.87304e-10;2.32897e-09;1.48895e-08;4.01263e-08;9.0825e-11
9.23341e-08;0.999876;4.56323e-10;2.90642e-09;8.03094e-08;2.607e-11;3.8334e-08;0.000110436;8.51312e-09;3.55827e-09;4.42934e-08;5.57804e-06;9.25193e-07;7.04112e-06
3.4937e-08;0.00122437;0.000316409;1.6714e-05;0.000576627;8.07337e-05;3.27402e-09;0.0001645;2.89587e-10;8.14897e-07;4.22608e-08;0.992461;0.00473475;0.000423984
2.61034e-06;0.672864;7.33202e-07;0.0002348;5.59017e-07;2.11516e-05;0.00085824;0.000181624;0.000632663;2.41548e-06;0.28539;6.00476e-05;0.0396268;0.000124339
1.95337e-05;0.425791;1.04033e-06;6.13538e-08;6.11003e-07;5.1562e-07;1.03408e-07;0.5644;9.53076e-09;1.70724e-07;1.02017e-07;9.11459e-07;0.00941876;0.000366894
6.70027e-09;0.000614306;4.3877e-07;5.88456e-08;2.05466e-05;1.16837e-05;1.95812e-10;2.77168e-05;1.04678e-09;3.77424e-09;8.44581e-08;0.99919;2.25357e-05;0.000112991
2.60751e-07;0.984239;8.23874e-10;3.15991e-09;1.51461e-08;5.21976e-09;1.39298e-08;1.74798e-06;3.12555e-09;6.99167e-09;3.65709e-08;3.42191e-07;0.0157585;1.15266e-07
1.5869e-06;0.99917;8.83167e-12;2.44603e-09;1.48224e-06;1.35859e-08;8.69892e-05;0.000454613;7.85772e-07;1.54112e-06;7.08875e-09;1.21663e-09;7.43395e-05;0.000208485
9.3936e-12;1.05712e-11;1;4.32582e-11;3.38712e-09;4.20209e-10;8.78857e-11;3.84384e-11;8.54358e-12;3.00941e-10;1.92148e-12;9.0656e-12;1.81374e-13;1.97034e-11
2.99176e-08;1.66156e-08;0.999998;4.48225e-08;6.28493e-09;9.36633e-10;6.55298e-08;3.67431e-07;1.01396e-07;5.11804e-10;7.879e-07;2.80059e-07;1.35453e-08;5.69585e-10
1.67772e-07;1.0327e-05;0.000137728;4.10264e-06;2.48625e-06;1.99397e-07;1.63378e-09;6.81821e-05;6.77498e-06;1.03142e-07;1.75849e-05;0.00291668;6.21127e-07;0.996835
3.31713e-08;4.93531e-05;1.35476e-12;1.19021e-08;0.00211866;1.60467e-06;1.58484e-09;0.997827;4.10185e-08;1.66752e-10;3.02697e-08;2.98397e-10;1.25552e-06;1.88342e-06
4.1394e-08;2.63958e-05;0.867175;1.10292e-06;0.000125151;6.94248e-05;1.64435e-10;8.46112e-06;1.08282e-10;4.4242e-08;2.90789e-09;0.132339;1.15201e-06;0.000254373
3.32885e-06;0.0347035;1.90099e-10;2.14289e-07;1.5168e-07;7.22069e-07;6.41283e-08;0.646873;3.50547e-06;5.11546e-09;7.33489e-06;1.44277e-06;0.318407;1.0735e-08
7.81538e-06;0.985527;0.011137;4.57465e-05;3.71806e-05;2.6849e-06;9.89512e-09;3.65569e-05;4.4722e-08;5.81741e-08;1.36175e-07;0.00123351;0.0004971;0.00147573
2.35127e-05;0.90985;2.29514e-08;1.09399e-06;4.7602e-05;7.88173e-07;4.63222e-07;0.0197726;4.35562e-07;1.01356e-06;6.26999e-06;0.000227434;0.0697924;0.000276816
1.32351e-06;0.128366;1.29108e-08;3.52473e-06;0.303081;3.3273e-05;6.27827e-07;0.546134;2.09512e-07;1.82343e-06;1.3668e-05;0.00301884;0.0187944;0.000551947
0.000111426;0.0273209;0.00898963;0.000687703;0.00400705;9.57887e-05;1.10501e-05;0.00045523;6.10647e-07;0.000242342;1.74952e-05;0.92395;0.0330215;0.00108954
0.000155749;0.0253397;6.94545e-07;0.0018699;1.76657e-05;7.27176e-06;0.00049746;0.0025857;0.160354;4.25965e-06;0.802923;0.0011405;0.000655255;0.00444971
0.000322495;0.995306;0.000117739;7.21839e-05;0.00212493;6.33293e-06;4.42825e-07;8.41724e-05;2.1254e-05;3.05469e-06;6.36963e-06;0.000210848;0.00141024;0.000313566
0.000144215;0.818016;5.88514e-09;4.48962e-07;2.6187e-06;1.17512e-07;0.00793011;3.97217e-05;3.96987e-07;0.00048912;7.29262e-07;4.71513e-09;2.79362e-05;0.173349
1.37114e-09;4.2824e-12;1;1.18472e-09;7.61538e-08;2.06921e-10;1.0412e-09;3.59035e-11;1.5218e-10;2.52463e-09;2.20953e-10;3.25561e-07;3.91051e-14;3.78535e-09
0.000138534;0.824178;0.00108882;0.000283939;0.000118204;2.92674e-05;4.62101e-05;0.000223661;1.78628e-05;1.13579e-05;0.000171566;0.000571842;0.173115;5.94251e-06
1.04634e-07;0.999042;1.56392e-10;1.29928e-08;4.4306e-09;5.40178e-09;8.1568e-06;8.63921e-08;2.64549e-09;1.64755e-06;1.12196e-08;7.2394e-09;1.31069e-05;0.000935021
5.6546e-13;1.1581e-12;1;5.62175e-12;2.14451e-10;2.14663e-11;3.57701e-13;6.90699e-15;2.7323e-15;8.43943e-13;1.73354e-15;2.23262e-11;1.31601e-15;4.60996e-11
0.000559249;0.0355052;2.69833e-06;0.00353044;0.0172251;0.00531042;0.00133559;0.751908;0.0154413;2.48258e-05;0.00798754;9.50704e-05;0.0634186;0.0976561
0.000299934;0.497877;0.124146;0.000558201;0.00392372;0.000199661;9.61117e-07;0.000161846;1.81219e-05;6.81824e-06;5.57686e-05;0.0558306;0.0449963;0.271925
9.29897e-08;0.00215067;1.02955e-10;2.67251e-10;0.00015885;1.39891e-08;6.47544e-09;0.997549;4.93733e-06;3.08806e-09;1.07352e-07;9.05181e-07;0.000134419;6.05467e-07
1.19316e-07;1.1302e-05;0.945206;1.46709e-06;0.00139496;2.41418e-05;8.97757e-09;1.42744e-06;1.00363e-07;6.07722e-06;1.29151e-07;0.0531552;2.23735e-05;0.000177103
0.000299702;0.59631;8.94884e-05;1.12747e-05;9.01499e-06;1.0179e-05;0.000425271;0.0613767;0.190646;1.06886e-06;0.14634;2.44128e-05;0.0044118;4.47911e-05
