1.28733e-05;0.999139;5.724e-06;3.45238e-06;4.87611e-06;4.63128e-08;2.97285e-08;0.000474973;1.03062e-07;7.3317e-08;1.54429e-07;0.00019149;0.000165796;1.55589e-06
5.56531e-07;0.999867;3.37444e-10;1.06138e-07;1.70005e-07;1.75146e-07;1.41602e-05;2.15115e-05;2.22569e-08;7.35018e-06;8.29875e-09;1.68878e-08;5.25317e-05;3.62427e-05
2.21858e-09;3.31079e-11;0.999971;1.47951e-08;6.27912e-06;2.10939e-08;6.09056e-10;5.42149e-09;1.33951e-10;2.63137e-09;6.36777e-10;2.16881e-05;3.65017e-12;5.81782e-07
1.16945e-07;0.113349;1.21496e-10;1.32949e-07;1.44274e-07;8.74968e-06;4.16799e-07;7.08429e-05;1.84282e-07;1.78762e-08;3.95152e-08;1.39448e-08;0.886569;1.41028e-06
6.50556e-09;6.97158e-07;0.999915;1.08632e-08;3.04771e-10;1.08394e-10;1.53155e-05;5.73237e-10;1.49076e-09;9.09798e-07;6.12386e-09;6.82876e-05;3.8817e-10;2.7377e-08
4.43409e-09;2.88001e-10;0.999999;3.33281e-09;8.78657e-08;6.70513e-09;6.33768e-07;3.59309e-09;8.36556e-08;4.56747e-09;1.16563e-07;5.02171e-08;1.3197e-11;3.23487e-09
2.28455e-09;0.999993;1.15676e-09;4.70059e-10;1.37999e-10;1.36943e-10;6.44303e-06;2.83055e-10;1.12924e-10;3.37255e-07;2.91185e-10;3.74127e-12;1.5045e-07;1.07624e-08
8.52398e-12;5.62367e-12;1;2.04869e-11;1.76868e-10;2.98494e-09;7.22418e-11;3.69434e-13;5.04065e-12;2.80522e-11;1.23945e-11;3.00433e-07;2.40677e-12;1.94237e-09
4.51653e-08;0.999922;8.06406e-10;1.91561e-10;5.77718e-08;2.66185e-10;3.04005e-08;2.61333e-05;5.90472e-10;2.26389e-10;4.65529e-09;5.58401e-06;4.59392e-05;1.80341e-08
3.135e-08;5.45867e-05;0.00326231;1.43086e-05;0.00850652;0.78941;4.83817e-10;4.94407e-05;8.06845e-10;4.22919e-07;1.52172e-08;0.16535;8.7768e-05;0.033264
2.97888e-06;0.701996;6.16715e-08;2.08712e-07;8.33027e-06;1.43145e-05;1.63389e-06;0.296917;7.32851e-08;4.89897e-07;1.40632e-07;2.5699e-07;0.00105485;2.85227e-06
3.00059e-09;9.08732e-09;0.999999;9.1223e-08;6.56876e-08;2.10788e-08;1.03731e-07;4.30698e-11;7.46163e-09;5.37067e-09;8.63158e-09;5.17745e-07;2.56735e-10;7.39787e-10
8.44354e-06;0.00582501;0.95257;3.11905e-06;1.01027e-06;7.92383e-07;6.9702e-08;0.0332799;5.94622e-07;1.26589e-07;1.00446e-06;0.00715483;0.00114416;1.09568e-05
2.15881e-09;0.000734029;9.90891e-08;2.99918e-09;1.97265e-06;3.40549e-05;2.63107e-05;6.80994e-09;1.02677e-10;9.89728e-06;1.39059e-08;8.92113e-12;1.28232e-08;0.999194
4.30648e-14;3.07934e-14;1;3.01592e-13;1.73253e-09;2.63394e-09;6.68909e-13;5.41005e-14;3.71696e-14;3.06376e-13;3.88285e-13;2.779e-09;2.09008e-14;5.79248e-13
1.91171e-06;0.000371149;0.000250544;1.97609e-06;0.00264812;0.0105009;4.90511e-07;0.641147;2.26858e-06;2.1577e-07;0.000166743;2.08466e-06;0.344836;7.08332e-05
2.53247e-06;0.447597;2.17902e-05;5.21013e-06;1.86639e-05;0.000551971;0.00100459;0.000684399;3.17139e-06;0.000262366;0.000266446;1.13395e-08;0.549212;0.000369853
1.76702e-12;4.53878e-10;1;7.53089e-12;1.11659e-10;1.62954e-09;4.36742e-13;1.29922e-13;5.16911e-15;5.1117e-12;2.15658e-13;1.23191e-09;5.14782e-10;7.79973e-13
1.54971e-06;0.0430607;3.51122e-05;2.19441e-05;0.000906032;0.00379701;2.08682e-07;0.0010663;4.5474e-07;1.7114e-06;0.000186277;0.654088;0.296648;0.000187379
1.93666e-05;0.328608;1.9155e-07;2.77815e-05;3.69344e-05;4.36584e-06;9.93063e-06;0.0227697;7.4367e-06;6.59729e-07;0.000982384;0.00198041;0.645552;1.8923e-07
5.69652e-06;0.819501;0.00010138;0.00110967;0.000460598;0.000419767;2.09581e-06;0.00742553;6.86674e-07;9.99173e-05;1.36751e-06;0.133894;0.0186867;0.0182913
8.65026e-08;0.999673;4.73936e-09;2.73589e-07;2.39171e-09;5.98943e-08;5.01999e-05;0.000207026;3.39312e-08;1.88887e-06;3.56583e-07;1.99517e-09;5.86585e-05;8.35079e-06
1.59318e-11;9.76613e-11;1;5.10945e-11;3.69593e-09;8.2176e-11;4.47327e-12;8.0562e-12;1.53298e-13;1.78761e-11;2.61518e-12;1.29721e-07;3.05781e-12;6.66979e-10
6.95295e-07;0.999436;2.3732e-06;5.9607e-06;1.78302e-06;5.38691e-07;2.7155e-06;0.000179386;5.4027e-06;1.01321e-06;8.61539e-05;1.17855e-05;0.00026448;2.09648e-06
1.40419e-07;0.000192872;2.2977e-07;6.81935e-05;0.071487;0.379867;4.86267e-07;0.00106596;1.65395e-06;3.58582e-05;8.14978e-06;0.000117911;0.00225242;0.544902
2.89674e-05;0.992665;1.83158e-07;1.08335e-05;3.60859e-07;1.18198e-07;2.222e-05;0.00147085;5.68308e-06;1.43003e-06;0.000408386;0.000992293;0.00439345;6.54335e-08
3.23334e-05;0.00348382;1.46445e-08;2.57058e-06;0.000616663;5.25797e-06;1.1475e-06;0.992827;2.13748e-05;1.00114e-06;2.23533e-05;1.75538e-06;0.00294906;3.60248e-05
1.7657e-06;0.999878;1.26045e-09;1.54073e-09;3.19321e-09;8.88261e-11;7.65462e-05;2.04677e-07;6.20035e-10;1.28392e-05;9.30545e-10;2.59203e-09;1.18525e-06;2.97163e-05
4.21208e-10;2.73052e-11;0.999999;4.29933e-09;2.87491e-08;3.34425e-09;1.56835e-08;1.18261e-13;1.14376e-09;2.08011e-09;8.44199e-10;8.65089e-07;2.38342e-12;1.10761e-10
0.000406357;0.877288;1.02946e-07;5.95914e-07;1.77357e-06;7.59727e-06;6.68206e-06;0.0695759;0.000394649;3.17472e-07;3.45752e-05;6.7531e-05;0.052216;9.27066e-08
8.46973e-06;0.195013;1.61138e-06;5.08773e-06;0.000733945;4.72388e-06;1.24101e-07;0.763963;3.9822e-06;1.81782e-05;1.65148e-06;0.034032;0.00335663;0.00285756
0.000122923;0.810603;4.96644e-08;0.00155912;5.43264e-05;0.000808511;0.00201178;0.00034895;0.0256204;5.90966e-05;0.0354808;0.0237837;0.0832386;0.0163082
0.000222776;0.00427386;1.04016e-07;3.80182e-07;9.67838e-07;7.10626e-08;3.38648e-07;0.945133;6.21989e-06;1.95176e-08;5.51544e-06;0.0218946;0.0284623;4.65783e-08
7.7447e-08;0.0150644;8.58452e-06;4.04072e-07;4.31506e-07;3.40398e-06;1.97492e-09;0.000787038;2.62319e-08;3.13425e-08;5.89091e-09;0.976083;0.00804827;4.23629e-06
4.49333e-06;0.990423;1.78081e-08;3.65765e-06;4.72896e-05;0.000537539;1.99738e-06;0.000522636;1.03178e-05;6.63481e-06;1.87498e-05;0.000497099;0.00604038;0.00188586
0.0115824;0.618884;2.73584e-05;0.000563607;0.000534204;2.84625e-05;0.000592598;0.037887;0.00525303;0.00029575;0.00481198;0.310088;0.00921106;0.000240816
0.000126493;1.97733e-06;9.0856e-12;4.23626e-10;2.60803e-08;2.5895e-10;1.27007e-08;0.999853;6.54051e-06;1.04763e-09;3.24272e-09;3.14262e-09;1.24073e-05;6.26079e-10
1.10578e-05;0.000237877;0.00147004;4.59788e-05;0.0243673;0.000335526;6.04331e-08;0.000118407;5.24703e-06;9.63223e-07;6.01257e-08;0.0706301;6.25878e-05;0.902715
7.18304e-05;0.813735;1.64739e-06;6.03985e-06;3.16625e-07;1.53798e-06;0.000591485;0.181883;0.00206785;3.57915e-06;1.00021e-05;1.88536e-09;0.00159739;2.95956e-05
2.50274e-08;9.00012e-08;0.999998;1.72282e-08;1.08681e-09;3.79494e-11;1.43331e-06;5.52976e-12;7.52188e-08;2.85314e-09;3.22887e-09;3.50719e-07;6.14297e-11;8.99139e-09
4.49687e-05;0.884648;4.24689e-08;4.29359e-05;8.14802e-05;4.95914e-05;7.05904e-07;0.000342452;0.0169048;2.6948e-07;0.000168484;0.0974428;0.000135041;0.000138705
1.3717e-06;0.000589727;1.3393e-08;7.60776e-09;3.4133e-08;1.58546e-06;2.05659e-10;2.22373e-06;3.21627e-07;1.75893e-09;7.62155e-08;0.000236664;0.999166;1.53252e-06
5.37641e-07;0.000261732;2.02091e-06;8.08529e-08;0.000415741;3.65723e-06;1.71689e-09;0.00022932;1.75199e-07;5.44599e-09;3.26349e-08;0.998666;0.000361875;5.85732e-05
1.27088e-06;0.978171;7.84476e-09;3.23495e-08;1.36336e-05;5.85534e-08;5.72096e-08;0.000398877;8.25235e-09;3.48118e-07;1.14046e-10;2.45296e-06;0.0173034;0.00410867
1.55532e-07;0.000251124;7.44655e-08;4.04882e-06;1.03784e-06;0.0124723;1.3541e-07;9.16149e-07;6.94582e-07;2.9405e-06;7.6434e-07;6.35925e-08;0.987234;3.17131e-05
4.1486e-08;1.67589e-07;0.99999;2.10221e-06;7.99784e-08;4.72822e-07;3.34583e-08;6.82164e-08;7.42722e-09;2.6308e-07;1.29701e-08;6.00483e-06;1.68717e-08;3.0905e-07
9.24896e-06;0.992047;6.59438e-05;4.96436e-05;8.22234e-06;3.91688e-05;2.36913e-05;0.00510144;0.000405872;1.56953e-06;0.000288307;1.92609e-05;0.00175747;0.000182954
