1.9579e-07;0.999849;1.97239e-05;6.88456e-08;1.94967e-07;1.00685e-07;7.38081e-10;2.91016e-05;4.23691e-10;1.16975e-08;3.5392e-10;6.5489e-08;0.000101174;1.68077e-07
1.76796e-08;2.97288e-07;0.999999;7.82964e-09;1.80434e-08;2.09385e-09;3.87102e-08;5.57191e-09;8.73903e-10;2.33551e-09;3.01394e-09;3.30367e-07;2.60355e-08;6.18435e-09
1.12323e-07;6.15568e-06;0.000383654;5.63156e-07;1.00534e-06;1.01267e-06;1.5163e-09;0.000164367;2.23605e-06;2.06888e-08;1.27675e-05;0.999388;3.42996e-05;5.85062e-06
5.68949e-06;0.923113;5.66468e-07;2.44036e-06;2.71611e-05;0.000690721;2.23769e-06;0.0259444;1.07548e-05;1.49455e-06;0.00014427;5.15851e-06;0.0492345;0.000818052
1.20524e-06;0.0358832;1.32989e-07;4.02057e-05;0.0315242;0.069584;8.27808e-08;0.73484;2.40294e-06;5.19387e-06;9.45516e-07;0.0443495;0.00447108;0.079298
8.95037e-07;0.049908;5.51338e-07;1.48706e-06;0.000612018;8.69703e-05;2.25502e-08;0.123007;9.43187e-06;3.10931e-09;1.49059e-07;1.51983e-06;0.826364;8.04939e-06
1.93392e-06;0.976967;0.00678633;2.57867e-06;8.99656e-05;1.16104e-05;3.68204e-10;0.0143189;7.63977e-10;2.13066e-07;5.82108e-10;4.86145e-06;0.00178729;2.95605e-05
1.37615e-07;1.12871e-05;0.999985;6.82004e-08;7.88368e-08;7.54404e-09;2.24943e-07;2.24772e-07;1.64269e-09;1.2714e-08;1.82749e-08;3.88512e-07;2.44935e-06;6.64171e-08
1.19534e-08;2.77124e-06;0.000489515;1.76082e-07;2.34552e-08;1.83903e-07;6.37214e-10;5.90437e-06;6.69291e-08;4.44433e-09;1.95988e-07;0.999501;3.30732e-07;5.67837e-08
4.97756e-05;0.667844;5.47363e-06;8.02639e-07;2.32543e-05;9.98425e-05;4.34263e-05;0.0956431;1.80809e-05;1.01035e-06;3.3195e-05;0.000180616;0.236054;3.61642e-06
4.21678e-06;0.0621235;2.40654e-05;1.05113e-05;0.00208966;0.000411357;1.96098e-07;0.0145122;3.01088e-05;1.94861e-05;1.26891e-06;0.891676;0.0114374;0.0176604
1.52461e-05;0.729124;1.17653e-06;0.000121142;0.012569;0.00712148;2.33465e-05;0.0952785;0.000643307;1.53222e-05;1.07824e-05;6.1827e-06;0.150269;0.00480128
9.59659e-06;0.963579;0.0237166;1.65685e-05;0.000124758;2.41871e-05;6.90869e-08;0.00249903;8.01895e-09;1.65693e-05;9.73821e-09;1.17996e-05;0.00998731;1.46523e-05
1.42862e-09;1.83635e-07;0.999999;2.02333e-08;1.82327e-09;2.61658e-09;2.49123e-09;1.19545e-10;1.33634e-11;1.88393e-09;2.25051e-10;6.12539e-07;3.42443e-08;8.57325e-11
5.81443e-08;7.36707e-06;0.989046;2.50941e-07;2.47872e-08;9.78014e-09;1.68223e-10;8.21005e-06;1.67811e-10;1.91612e-09;2.85109e-09;0.0109342;3.30114e-07;3.53845e-06
5.95208e-08;6.5029e-06;1.86013e-07;1.49149e-06;0.0374691;0.000566159;7.30722e-09;6.72967e-05;1.32242e-08;4.44042e-08;3.19601e-08;4.61202e-09;1.77943e-07;0.961889
1.08575e-07;1.21197e-05;0.132272;8.59587e-07;0.00214899;1.41195e-05;2.59318e-12;1.30847e-06;3.59099e-11;2.0531e-09;1.17439e-10;0.865513;5.78541e-06;3.17864e-05
3.53978e-09;0.999973;5.41154e-11;1.11226e-11;2.12549e-10;1.26019e-10;3.39302e-09;2.07673e-05;1.0745e-12;3.51437e-09;5.11008e-13;1.35474e-12;5.62813e-06;1.39824e-07
2.08447e-14;3.51158e-14;1;1.44129e-13;2.98402e-12;4.2623e-12;4.67355e-14;9.93754e-16;1.26147e-16;2.4299e-13;1.40731e-16;8.2943e-11;7.84444e-16;4.13575e-12
5.6661e-06;0.808454;7.06274e-05;0.00104135;0.000952407;0.00528779;1.61414e-05;0.119731;0.000122976;1.28706e-05;0.000433497;0.00241106;0.060873;0.000587295
