3.54389e-06;0.999652;3.31991e-08;1.15593e-06;5.48174e-07;7.42083e-08;1.49089e-06;0.000136199;8.66545e-06;1.16856e-07;1.1507e-05;8.4168e-06;0.000171695;4.24742e-06
3.64698e-06;0.998516;1.6012e-08;1.05322e-06;6.33639e-08;7.89228e-08;1.40944e-07;0.000799241;2.28968e-06;1.51204e-07;1.90307e-06;0.000330915;0.000336475;8.51445e-06
1.27033e-05;0.00724027;8.13966e-06;5.65509e-06;2.54096e-05;1.23625e-05;8.59915e-05;0.000118162;9.45758e-06;0.000494574;1.84723e-05;5.26809e-05;0.000170745;0.991745
4.22337e-09;3.26717e-08;0.999999;1.90259e-09;1.70939e-08;1.24467e-09;2.3066e-08;3.16087e-11;4.71122e-10;5.55507e-10;7.75743e-10;6.28943e-07;1.20695e-09;4.13768e-09
3.34738e-07;0.994397;8.45568e-07;4.8083e-07;2.03751e-05;1.2182e-06;7.72912e-09;0.000410528;1.64527e-06;8.71821e-09;6.25596e-07;0.00295758;0.000495466;0.00171344
4.53885e-07;0.727891;8.51342e-07;2.4876e-06;0.00132561;1.59019e-05;1.0984e-09;0.260701;5.56676e-07;6.57605e-07;4.21239e-08;0.00168049;0.0060041;0.00237721
1.2281e-06;0.108987;1.60906e-09;1.57792e-06;1.51256e-09;6.45405e-05;4.87015e-06;2.17098e-06;3.90875e-07;7.59312e-07;6.96496e-06;9.06869e-05;0.890827;1.24839e-05
2.77462e-07;0.000124005;0.996627;9.95847e-07;2.21278e-07;2.56869e-07;3.5598e-05;1.56933e-08;9.41099e-09;6.9028e-05;3.90374e-08;0.00310706;4.99553e-07;3.5506e-05
9.78504e-09;7.97118e-09;0.999997;2.72092e-08;1.05277e-08;1.71571e-07;4.84476e-07;2.71663e-10;9.06481e-07;2.54124e-09;4.8114e-07;5.74483e-07;3.92108e-08;1.10005e-10
2.07247e-05;0.000439032;2.32183e-07;1.39881e-07;3.43342e-07;2.38239e-07;1.22664e-07;0.999373;1.59224e-05;2.84151e-08;3.24206e-06;2.05318e-07;0.000147027;2.5303e-08
4.9302e-08;0.998339;5.98137e-08;1.22424e-07;2.24518e-07;1.82171e-08;2.59558e-07;9.15789e-09;2.3847e-09;3.03568e-06;6.20135e-09;1.28898e-06;4.673e-07;0.00165526
1.57921e-06;1.23241e-05;0.999851;6.8665e-07;4.73867e-06;5.3018e-06;2.9646e-05;1.91943e-07;7.3124e-07;6.64713e-07;2.7706e-05;3.25779e-05;7.61115e-08;3.32486e-05
4.41364e-06;0.9815;1.20978e-08;2.76835e-07;3.33289e-08;5.67145e-07;6.53686e-06;0.000136809;5.82273e-08;1.34202e-08;2.56229e-06;1.03796e-07;0.0183489;5.21713e-08
0.000120031;0.115436;1.48489e-07;5.10258e-06;0.388736;4.43555e-06;1.49636e-06;0.238584;1.14186e-05;1.77779e-06;9.31474e-07;0.256942;0.000143643;1.29411e-05
0.00449706;0.31865;0.579178;7.98241e-05;0.0608051;0.00447875;7.38774e-06;0.0286257;1.2377e-05;7.36966e-05;1.0564e-06;0.00228691;0.000957654;0.000346306
2.42047e-05;2.77102e-06;6.9262e-11;1.45526e-08;2.24972e-07;4.16085e-09;2.85107e-09;0.999349;6.34843e-05;1.17835e-09;2.85161e-07;1.82945e-06;0.000558407;9.00538e-08
4.82346e-05;0.000625813;2.15052e-06;1.8409e-06;4.06848e-06;5.73814e-08;4.10874e-08;0.000113509;0.000106852;1.25737e-07;5.02826e-06;0.998787;3.17953e-05;0.000273302
9.81684e-08;0.999942;6.12473e-10;9.41796e-09;7.41113e-09;9.02763e-09;3.98936e-06;3.99278e-05;1.39348e-08;1.04926e-06;2.46478e-09;3.38852e-10;1.22974e-05;8.66796e-07
1.05973e-10;6.41093e-12;0.999996;1.50951e-08;1.30005e-06;1.37704e-07;4.14793e-11;4.87253e-09;5.00977e-12;1.79167e-09;1.55395e-11;9.88289e-07;2.40055e-12;1.21541e-06
3.44451e-08;0.000640511;6.11634e-11;1.28961e-07;4.14718e-08;1.30494e-05;2.4155e-07;1.32937e-05;6.11921e-08;7.48448e-09;5.77583e-08;2.36976e-10;0.999333;1.29164e-08
3.34089e-08;4.61057e-06;0.999745;1.22914e-07;9.23147e-10;5.52056e-11;0.000169649;7.51567e-10;2.22618e-09;3.61145e-06;5.04175e-08;7.64926e-05;7.17205e-09;7.05817e-08
6.93759e-10;1.268e-10;1;2.1985e-09;2.02505e-08;1.38692e-10;2.40501e-07;5.71156e-11;1.4981e-08;3.85869e-10;4.43384e-08;3.46966e-09;1.02518e-12;4.45557e-11
4.20223e-09;0.999991;4.0318e-10;2.18515e-10;2.18349e-09;1.05581e-10;7.7693e-06;2.10586e-09;1.68729e-11;4.55031e-07;7.53003e-11;6.3792e-12;1.00245e-07;2.26981e-07
1.50677e-12;1.60808e-13;0.999997;2.92671e-11;3.53397e-11;3.64334e-09;5.31084e-11;3.24134e-15;1.29019e-11;2.75859e-12;1.53682e-11;3.40887e-06;6.43267e-12;1.43009e-10
3.91519e-07;0.836865;6.36981e-08;1.37668e-08;6.92145e-09;1.13545e-07;4.53559e-09;8.47756e-06;1.26882e-07;8.46115e-11;9.68155e-07;0.000162289;0.162962;2.81403e-08
1.56909e-11;0.999836;4.48231e-14;2.80895e-12;3.95749e-11;3.36413e-09;4.17324e-09;3.25927e-10;2.1697e-14;2.23082e-09;2.87054e-13;1.44848e-10;5.84047e-07;0.000163029
6.90718e-13;2.17325e-12;0.999997;1.42744e-11;7.26668e-09;5.74069e-08;6.42374e-12;1.30934e-10;2.33593e-12;4.41252e-12;3.58494e-12;2.7583e-06;3.10897e-12;1.50344e-10
9.63726e-08;0.989947;2.35574e-08;2.64807e-07;5.41333e-08;1.56851e-07;0.00992296;5.27747e-05;2.65714e-07;1.09504e-05;1.34757e-06;9.05213e-11;4.38338e-05;2.04944e-05
4.97262e-11;9.57499e-10;1;4.65464e-10;8.6857e-11;3.11428e-10;2.39392e-09;2.04792e-12;1.08395e-10;6.07693e-11;3.71756e-10;2.78807e-09;1.32648e-11;1.04659e-10
7.04262e-06;0.637085;1.58772e-06;4.0047e-08;1.42642e-07;3.89048e-08;4.40702e-07;0.361727;8.25957e-08;1.0095e-07;4.90789e-07;8.96534e-05;0.000976912;0.000111129
1.49947e-08;0.0165903;2.07877e-06;3.19438e-07;4.96416e-06;4.72262e-06;1.84812e-08;7.40662e-05;3.26746e-08;3.10119e-08;4.53478e-07;0.97852;1.42271e-05;0.00478865
8.20641e-06;0.869471;5.05313e-07;3.37053e-07;1.14464e-06;1.0842e-07;3.77514e-07;0.123971;2.94531e-06;6.67108e-08;3.15119e-05;0.00377043;0.00274279;2.31814e-08
0.000487417;0.565093;6.12862e-05;1.88739e-06;0.00449115;0.00040532;4.87314e-07;0.0932152;1.65381e-05;2.42974e-06;3.28079e-06;0.0414562;0.0192522;0.275513
2.35508e-05;0.987391;1.1463e-06;1.80739e-07;1.19571e-06;1.16354e-06;0.00113919;0.000514857;6.68248e-05;7.26346e-05;9.41509e-08;1.02238e-06;0.000531345;0.0102558
2.81044e-11;2.33111e-10;1;1.24761e-11;1.0762e-09;9.97445e-12;1.51875e-09;4.28085e-13;1.04325e-11;1.55828e-09;9.57016e-14;4.01405e-12;6.84502e-13;2.44217e-10
1.36794e-09;1.32997e-09;1;6.9747e-10;5.35932e-10;2.59538e-11;1.47373e-08;2.6116e-10;1.32144e-08;9.02068e-11;7.13875e-10;9.52223e-09;1.61073e-10;1.27628e-09
2.28083e-06;0.000122679;0.00696868;1.15001e-05;6.32481e-06;1.37408e-05;3.3306e-09;0.00221919;2.63217e-05;2.70907e-07;7.95497e-07;0.984402;7.38479e-06;0.00621878
7.51456e-06;0.856089;2.81304e-09;2.45787e-06;0.000453189;9.27873e-05;9.39962e-05;0.134951;2.8429e-05;1.47114e-05;9.67945e-06;3.31564e-10;0.00308898;0.00516822
3.96182e-08;0.000256387;0.0236704;1.74708e-06;2.05765e-05;9.05339e-06;7.72686e-12;5.09994e-07;7.43589e-11;3.69263e-08;1.21717e-10;0.976031;3.29932e-06;6.92451e-06
9.38326e-06;0.749241;5.11451e-09;8.06437e-06;4.7963e-06;2.32415e-05;3.12565e-08;0.239689;5.97925e-05;2.1079e-08;0.000139111;0.00272671;0.00809697;2.25504e-06
1.74846e-07;0.999337;5.10504e-10;1.3106e-07;2.1934e-07;3.0069e-06;1.81293e-09;9.67366e-05;3.52904e-08;2.998e-08;3.15552e-09;8.64424e-08;0.000554318;8.6555e-06
7.48149e-06;0.97974;4.16577e-07;1.29872e-07;3.34378e-07;1.43629e-07;1.0848e-06;3.25599e-07;5.27362e-09;3.68297e-07;1.45626e-08;0.00261849;0.0176275;3.42788e-06
1.50709e-05;0.0151815;2.37807e-07;3.90411e-05;0.000517079;0.00175841;7.26481e-06;0.0444396;4.17022e-05;3.46198e-07;3.33344e-05;0.698109;0.238919;0.000938386
2.0179e-05;0.308808;6.24889e-05;0.000339403;0.00484592;0.00036746;2.26706e-06;0.211332;4.51729e-05;6.80302e-06;0.000162366;0.0162198;0.453525;0.0042634
0.000377052;0.765046;9.20578e-08;0.000980909;0.000206346;1.20657e-05;1.51891e-05;0.0201848;0.000630233;1.29414e-05;0.00449405;0.204871;0.00262399;0.000544926
0.00870833;0.478399;0.000185611;5.72619e-05;1.83506e-05;1.49125e-05;2.49133e-06;0.248598;0.00496191;1.36943e-05;0.00215278;0.2502;0.00666137;2.63765e-05
0.000235684;0.926988;3.2337e-06;2.08482e-06;7.7048e-06;7.54086e-06;6.1426e-07;0.0270894;4.46325e-05;1.18191e-06;0.000138413;0.0429071;0.00257059;3.24303e-06
3.11115e-06;0.912739;1.4599e-06;2.66183e-05;2.18202e-05;3.96051e-06;0.0106029;0.00079671;1.10339e-05;0.0255073;4.9232e-07;0.000305875;5.49021e-05;0.0499244
3.81162e-10;8.97613e-10;1;3.10388e-09;1.14722e-10;6.59231e-11;2.67738e-07;3.45159e-13;2.35633e-09;1.83985e-09;2.2542e-09;3.60241e-08;4.82156e-11;3.74973e-13
9.15005e-06;0.999485;2.19008e-08;1.80136e-08;1.74133e-10;2.6961e-10;2.43765e-06;1.63113e-07;7.14291e-07;1.36222e-08;1.78533e-06;0.000126679;0.000374403;2.96351e-09
9.73421e-09;0.994248;2.65625e-13;2.76881e-11;4.92759e-09;4.43905e-10;6.05589e-07;1.05999e-07;9.64164e-12;4.03512e-07;2.71838e-12;5.07459e-08;5.10041e-07;0.00575062
2.23208e-12;1.64192e-12;0.999996;4.41621e-11;1.64676e-09;5.31145e-08;3.13747e-11;2.42801e-13;9.85357e-11;6.37519e-12;2.18447e-11;3.85415e-06;5.16688e-13;1.60923e-09
8.39281e-06;0.887569;3.25039e-09;1.25245e-06;3.7421e-06;0.000219135;0.0164149;0.0168869;2.67205e-05;2.2953e-05;4.61212e-06;1.06032e-11;0.0751185;0.00372382
1.48598e-10;1.15728e-10;1;1.55386e-10;2.54132e-10;1.20502e-09;7.08172e-10;2.51686e-10;1.57055e-10;8.78261e-11;2.85269e-11;5.58867e-09;3.62268e-11;1.09282e-10
5.18236e-06;0.233133;5.02246e-06;9.43714e-05;9.87122e-05;0.000170851;6.9379e-07;0.0422984;5.99378e-05;5.42919e-07;0.000247832;0.0120352;0.709801;0.00204962
2.02003e-05;0.458048;1.61215e-06;1.8037e-05;0.000529676;3.72619e-05;7.56705e-05;0.472482;6.60314e-06;5.78123e-05;9.97316e-05;0.000740501;0.0656596;0.00222393
9.85993e-06;0.0293018;1.31399e-08;6.5203e-05;0.000281228;4.17976e-05;7.79911e-06;0.0242747;1.51686e-05;1.02843e-05;1.03605e-05;0.639588;0.306205;0.000188523
6.12707e-05;0.981957;2.71593e-10;0.001037;5.0086e-06;1.43182e-05;2.43121e-05;0.00220499;0.000775506;9.44607e-06;0.000800759;0.00483543;0.00716041;0.00111429
0.000114517;0.999366;2.5103e-05;5.03463e-05;6.72177e-07;3.76905e-08;3.01912e-06;8.20701e-07;4.62356e-05;1.58369e-06;2.71408e-06;0.000374578;2.60692e-06;1.13178e-05
4.36444e-05;1.14708e-05;3.7712e-12;1.26412e-10;1.69948e-07;1.05284e-09;6.75485e-10;0.999935;1.80114e-06;7.30354e-11;5.46871e-09;1.46072e-08;7.4354e-06;3.74368e-08
3.50745e-07;0.00104488;1.44932e-05;6.61491e-07;8.9402e-05;3.51726e-05;7.64138e-06;1.35674e-05;2.46476e-07;2.89352e-05;4.33715e-09;7.17031e-08;4.4993e-06;0.99876
2.50081e-10;3.7553e-10;1;2.6115e-10;1.77175e-10;6.12053e-12;4.77027e-09;4.81161e-12;1.13787e-09;1.36316e-11;5.93438e-10;6.44411e-11;7.02795e-13;1.03207e-10
8.2953e-05;0.929169;2.7683e-05;6.31071e-06;0.000175939;7.67279e-06;1.66195e-06;0.0400903;1.33463e-05;6.32692e-07;3.3339e-06;0.00852743;0.000616579;0.0212765
9.61718e-07;0.0146421;3.10013e-09;5.73775e-07;3.54596e-06;2.60108e-07;3.16981e-07;0.000559352;5.28826e-06;1.1532e-08;9.04015e-06;1.26495e-05;0.984766;3.0657e-07
3.5909e-05;0.984211;3.06188e-09;0.000350957;3.76912e-06;3.82073e-06;3.31008e-08;0.00334275;6.17627e-05;4.95219e-07;0.000126743;0.00644617;0.00533031;8.632e-05
3.36211e-05;0.983593;3.80799e-08;5.96317e-05;1.02343e-08;5.45461e-07;0.0135625;0.000138525;1.60911e-05;0.00215539;0.000267544;4.72965e-06;0.000145499;2.32635e-05
7.26906e-11;1.25174e-11;1;3.73407e-09;2.85476e-11;1.68508e-11;3.8582e-09;1.34535e-14;3.82248e-11;8.77599e-11;2.68575e-11;5.18641e-10;2.06567e-15;1.07916e-11
3.84071e-05;0.0170745;1.96298e-08;6.20688e-06;0.00136331;2.07013e-06;5.64778e-06;0.981345;1.88187e-05;6.26363e-07;8.77231e-06;7.86846e-08;1.00179e-05;0.00012635
1.10538e-07;7.48281e-06;1.40595e-08;4.37116e-07;5.83137e-08;0.000195501;2.74945e-06;1.64782e-08;1.05586e-05;1.10861e-06;3.01824e-05;1.47515e-11;0.999752;1.6249e-08
7.70911e-08;8.05602e-07;0.999953;3.83616e-07;5.50024e-09;5.96099e-08;6.74059e-08;3.90823e-09;8.26727e-09;6.25765e-07;5.87915e-08;4.47694e-05;9.80154e-09;1.41386e-07
1.07632e-06;0.997015;1.8924e-07;9.45616e-06;1.19785e-06;7.70953e-06;2.19486e-05;0.000850361;0.00027952;5.17452e-07;0.00119027;2.18626e-06;0.000602095;1.82647e-05
