3.1101e-06;0.990739;1.70111e-10;2.29613e-07;3.29715e-07;4.90838e-07;6.77271e-07;0.000349495;4.2546e-07;1.10912e-07;8.88188e-07;8.58362e-07;0.00890361;3.1819e-07
1.34503e-06;0.00244491;9.26431e-10;1.69973e-05;0.0061686;0.000104077;1.58836e-07;0.00429763;1.63278e-06;1.45015e-06;6.81854e-08;4.34463e-06;9.59348e-06;0.986949
2.35055e-05;0.961131;8.44666e-05;5.43186e-06;4.98963e-05;1.02636e-07;5.45374e-05;0.00920698;0.000160173;4.91237e-07;0.00106954;0.0241164;0.00405622;4.09784e-05
9.72872e-05;0.0357662;1.6764e-07;2.01916e-05;0.000476742;5.46318e-06;1.52807e-05;6.50769e-05;6.01419e-05;1.06999e-05;2.31665e-05;0.91692;0.0198774;0.0266624
4.33658e-05;0.738468;1.08329e-07;1.11245e-05;0.000216419;1.8428e-06;2.7837e-06;0.246765;2.06051e-05;1.25176e-06;1.0002e-05;0.00431697;0.0101173;2.53435e-05
2.09637e-06;0.00494526;0.000236765;0.000516856;0.000459248;0.00113743;1.51513e-07;0.000465993;1.11834e-05;2.86557e-06;0.000755507;0.930215;0.000171158;0.0610802
6.91057e-07;0.993423;4.91062e-09;6.58715e-08;8.44639e-09;1.78199e-07;2.23828e-08;0.000640783;2.37344e-08;5.52296e-09;1.2217e-07;4.8756e-05;0.00588629;1.58815e-07
1.37095e-07;7.01514e-05;1.55548e-10;4.91442e-08;7.76178e-07;4.5874e-07;9.46333e-10;0.00136779;1.9867e-07;2.77759e-09;2.65737e-06;5.13382e-06;0.998552;2.40065e-07
4.43927e-06;0.00140716;4.2156e-06;4.75913e-07;6.49715e-06;8.93032e-07;3.11274e-09;0.000133091;2.40211e-06;1.36919e-07;1.97722e-06;0.964713;0.0337007;2.44869e-05
3.94582e-07;0.987981;6.21988e-10;3.41408e-06;3.57828e-07;1.09869e-06;2.60237e-06;0.000652614;3.45846e-05;5.77241e-06;2.90881e-05;1.11739e-05;0.0112771;4.2858e-07
1.05876e-06;0.00301793;0.00761228;0.000818591;0.000244746;0.00011815;1.65595e-08;1.91022e-05;1.13075e-07;8.46353e-06;6.26963e-06;0.986332;0.000106579;0.00171522
0.00550567;0.429976;0.000128231;0.000217773;1.89792e-05;2.93797e-05;0.0294999;0.131775;0.000526981;0.000185258;0.0790721;1.73464e-05;0.32301;3.64826e-05
5.94535e-06;0.00395707;8.74806e-07;4.15435e-05;0.000620261;0.00551621;9.92128e-06;0.000434009;3.22199e-05;1.42253e-06;0.000956285;0.0044626;0.982921;0.00104092
7.59844e-06;0.0644664;0.925301;2.24035e-05;0.000472406;1.89961e-05;9.50498e-08;6.79217e-05;7.2983e-07;1.13143e-05;6.99164e-07;0.00776051;0.00177379;9.64437e-05
0.00118434;0.041022;1.45587e-06;0.000185338;0.000403531;3.78294e-05;0.00906421;0.000254783;0.873368;0.000211262;0.0695046;0.00040019;0.00421632;0.000145949
1.31606e-05;0.999927;3.76413e-06;5.61643e-06;1.58821e-06;4.66562e-07;1.11733e-07;2.72713e-06;6.52412e-06;2.31032e-07;8.01474e-07;2.7756e-05;9.29865e-06;9.4493e-07
2.14149e-05;0.999625;4.9027e-08;2.25796e-07;1.13101e-09;3.6945e-08;6.91535e-07;4.25343e-07;2.84363e-06;6.90472e-08;5.68324e-06;2.26354e-05;0.00032095;7.9902e-10
4.81849e-07;0.000158244;1.7218e-07;4.42154e-08;5.16341e-06;2.39626e-05;3.35723e-11;0.00505972;7.64173e-08;2.11671e-09;1.55e-07;0.994655;9.16742e-05;5.13368e-06
5.1228e-08;0.998935;9.75124e-09;2.71212e-07;2.86912e-09;1.81853e-07;0.000929625;2.12121e-07;6.00233e-08;0.000109226;3.41245e-07;4.5972e-08;1.61924e-06;2.3252e-05
1.07345e-10;1.84506e-10;1;1.04661e-09;8.30229e-10;1.01436e-09;6.81933e-09;1.76239e-11;7.27392e-11;7.58038e-10;7.63197e-10;1.4198e-07;1.02133e-10;9.94485e-12
7.24642e-06;0.0567438;9.79919e-08;8.09081e-06;4.698e-05;0.000191109;0.00106054;0.0909556;0.000110263;8.31795e-06;0.000377406;2.36977e-09;0.85049;7.61667e-08
2.64124e-10;1.29111e-08;1;1.02244e-09;1.60759e-10;6.67985e-11;2.8595e-08;9.83267e-13;2.5161e-10;5.09057e-10;5.10122e-10;9.57323e-09;3.33668e-11;3.53923e-11
1.28591e-08;1.68361e-07;0.99982;5.22673e-09;8.85926e-08;1.74227e-08;1.03435e-09;1.94531e-06;9.00516e-10;5.52931e-09;6.58133e-10;0.000176236;4.55754e-09;1.22432e-06
5.79605e-07;0.00040427;0.00250159;1.22251e-05;0.1366;0.0963289;2.71566e-07;4.97328e-06;1.84405e-07;5.02477e-06;1.3432e-06;2.24759e-05;0.00127305;0.762845
3.30729e-07;0.000138561;4.20522e-07;1.84544e-06;0.000493067;0.000104899;2.08086e-08;9.21704e-05;5.75419e-06;2.14953e-08;9.22908e-06;0.00147159;0.99758;0.000101836
1.44798e-05;0.00171032;0.997244;6.54297e-06;1.38569e-05;9.8152e-07;3.68868e-09;0.000990939;2.75491e-07;1.22414e-07;1.86312e-08;6.09348e-06;8.03439e-06;4.543e-06
0.000355317;0.0670776;6.8343e-07;7.16012e-06;0.000120726;0.000238869;2.14686e-07;0.342672;8.32117e-05;7.53667e-07;5.53926e-06;0.0001838;0.589203;5.16392e-05
1.6076e-08;0.00024112;1.11338e-10;7.86661e-09;1.13892e-08;2.57067e-05;4.48416e-11;2.14864e-07;9.44291e-10;1.26955e-08;2.60833e-09;2.87375e-08;0.999732;1.10962e-06
4.2946e-08;0.000840584;0.998971;2.32706e-07;2.08797e-08;5.80609e-09;9.07893e-10;3.58851e-08;3.66965e-11;1.30628e-06;4.42892e-10;0.000183684;4.8914e-07;2.46979e-06
0.000453244;0.109377;5.03329e-06;0.004895;0.0328037;0.072788;0.0213923;0.0217643;0.0478486;0.0134121;0.512302;0.000175661;0.0134387;0.149344
