4.12308e-08;9.88802e-08;1.01583e-12;6.19719e-11;1.81865e-09;4.92042e-10;1.43149e-10;0.999999;4.81463e-07;2.96275e-11;2.65751e-09;1.50488e-11;3.46086e-07;4.16884e-10
9.85823e-08;0.000114969;4.52808e-07;7.84222e-08;4.17804e-07;4.26005e-09;2.67219e-08;1.78692e-05;5.73545e-06;1.51692e-09;8.55598e-08;0.999789;1.52368e-06;6.97543e-05
2.95853e-07;0.999243;2.07875e-13;3.74384e-08;2.63129e-09;2.01508e-10;6.48919e-06;1.08648e-06;8.62561e-06;8.43692e-09;1.01607e-06;1.53864e-06;0.000735582;2.14896e-06
6.01881e-06;0.0356563;1.2983e-07;4.40415e-05;8.15453e-05;0.000365831;1.4059e-06;0.00262367;1.42829e-05;1.13745e-06;1.8732e-05;5.62904e-05;0.961109;2.17433e-05
3.79861e-06;0.0235289;0.723672;0.000642212;0.00178975;0.000133782;1.61021e-07;0.000942422;3.50864e-09;7.89167e-06;2.3028e-07;0.042177;0.000600981;0.2065
1.30549e-05;0.0675993;5.6323e-06;6.43531e-05;1.08886e-06;2.49021e-05;0.000342553;0.000455044;1.01921e-05;9.86004e-07;0.00223837;0.00334366;0.925897;3.32515e-06
6.82947e-06;0.00561303;8.86308e-05;1.12409e-05;7.56483e-06;6.11652e-05;2.58457e-08;0.994114;2.73219e-06;5.18766e-07;2.8953e-06;8.6291e-06;7.46622e-05;7.83381e-06
3.08776e-06;0.000279289;4.15438e-05;0.000186265;0.000462313;0.0155896;1.76881e-09;1.7446e-05;1.56638e-05;6.22323e-06;0.000152807;0.934856;4.84344e-05;0.048341
4.51026e-07;1.08577e-05;1.25751e-10;3.56179e-10;8.29572e-08;1.62221e-06;8.68119e-10;1.48563e-07;1.33451e-08;3.56009e-10;3.137e-08;2.15051e-08;0.999986;5.5626e-07
3.20593e-07;0.00698532;2.67273e-08;5.78166e-08;2.76654e-06;1.28666e-06;2.63385e-10;9.18025e-06;2.55121e-06;2.01185e-09;8.63973e-08;0.990037;0.00285218;0.000108867
1.59158e-05;0.00142132;7.10409e-07;5.1651e-08;0.000321361;3.39094e-07;4.19194e-10;0.997791;5.15627e-07;7.25528e-08;5.58854e-11;6.42324e-08;2.80502e-06;0.000446006
4.03793e-06;0.164698;1.73714e-08;1.80908e-06;0.00313992;1.85383e-06;5.58384e-07;0.830923;9.43576e-05;2.16865e-07;1.19614e-06;7.93139e-05;0.00105229;3.69638e-06
1.4729e-06;0.00110245;0.993284;4.46352e-05;0.00274139;2.94344e-05;4.24771e-08;1.46144e-05;4.8421e-09;8.37719e-06;1.52215e-08;0.00205136;0.000582423;0.00013993
3.2641e-08;0.999093;1.46886e-09;2.60701e-07;1.21266e-07;9.07201e-08;4.04995e-08;0.000478166;2.99877e-07;1.27068e-09;4.69474e-07;0.000263956;0.000161221;2.58484e-06
4.66309e-08;0.999695;4.59862e-10;8.71199e-09;7.29839e-09;2.59687e-09;5.92484e-08;1.95674e-07;1.87328e-09;3.76265e-09;2.16922e-09;2.5408e-07;0.00030455;5.25848e-09
1.8497e-05;0.03839;1.41961e-07;0.000169134;0.000853277;0.00600693;1.3372e-07;0.00146715;1.30754e-07;5.11565e-06;2.86921e-07;0.00351345;0.000656081;0.94892
0.00120157;0.337039;2.67707e-07;0.000154599;0.0018926;4.29777e-05;7.74754e-07;0.52481;3.55508e-05;4.38933e-07;0.000218924;0.127956;0.00461199;0.00203462
3.24122e-05;0.649855;0.222835;0.000137446;0.00595982;0.00109589;3.77795e-08;0.000127242;4.23533e-09;3.72859e-06;9.27498e-08;0.0864072;0.0137857;0.0197606
0.000337223;0.966063;6.67014e-09;5.3447e-05;0.000546596;1.7702e-05;0.000122073;0.0170369;6.28235e-05;4.28966e-06;0.00165774;0.00352316;0.00334306;0.00723148
7.21324e-05;0.014477;3.47771e-08;1.3592e-06;0.0629733;2.02501e-07;9.08071e-08;0.921367;8.85719e-08;5.0314e-07;4.39876e-07;0.000618728;9.28476e-05;0.00039613
8.3116e-06;0.00175693;0.992419;1.63604e-05;0.000687784;0.000342507;3.00939e-07;9.11112e-05;7.73112e-09;8.14804e-06;1.71164e-07;0.00135416;1.55717e-05;0.00329974
2.06012e-06;0.00030206;1.13666e-11;1.04609e-08;1.16812e-07;1.76457e-07;1.38217e-06;7.88073e-05;4.58052e-06;1.65703e-09;7.44247e-05;1.36356e-06;0.999535;1.13595e-07
1.93722e-05;0.000336341;1.776e-07;1.77445e-07;5.6094e-05;4.37859e-07;2.00007e-09;0.000237395;5.09631e-06;3.71129e-08;8.36326e-07;0.99922;7.14548e-05;5.27251e-05
3.23197e-05;0.998541;8.96952e-11;3.35162e-09;3.49995e-08;2.8604e-09;1.10557e-06;2.71701e-05;8.48162e-07;6.11229e-09;2.03615e-07;8.25335e-05;0.00131445;3.84438e-08
9.73484e-07;0.000128576;7.58514e-07;1.8529e-05;0.0637571;0.000337358;4.41153e-08;0.0389539;0.000443352;1.46294e-07;3.30665e-06;0.896155;4.88077e-05;0.000152219
3.11357e-06;0.249052;0.0495214;1.01715e-05;1.03724e-07;2.65801e-06;1.19588e-06;5.98342e-09;8.9695e-09;4.23906e-07;3.48267e-07;1.07316e-06;0.701406;1.6787e-06
5.26157e-05;0.298631;0.000162275;1.4438e-06;7.05342e-05;3.28077e-06;1.31964e-06;0.685829;3.55445e-06;5.0499e-06;1.72653e-06;0.00566552;0.00638088;0.00319209
1.70706e-06;0.00242463;6.14801e-07;1.77114e-05;0.00236171;0.735673;8.30127e-06;0.00116045;1.78013e-05;2.17947e-05;5.41482e-05;0.00122197;0.00229921;0.254737
2.22758e-05;0.00109677;7.093e-07;6.37178e-06;1.40628e-05;5.97382e-05;7.00062e-07;7.36851e-05;3.87317e-06;3.14611e-07;1.88198e-05;0.00568447;0.993006;1.25722e-05
4.65474e-05;0.307256;5.18584e-06;4.72746e-07;8.24203e-07;9.51747e-08;3.15513e-09;0.0208229;8.97134e-07;2.67966e-08;1.74877e-06;0.663591;0.00826707;7.34551e-06
1.05745e-07;0.999393;2.25638e-07;1.32e-05;6.33524e-05;5.19798e-06;4.67307e-08;0.000152477;2.09805e-06;2.80518e-06;2.13e-05;1.24099e-05;3.31153e-05;0.000300165
9.71223e-08;0.00358029;8.72084e-06;5.4664e-05;0.0767244;0.718895;1.69515e-08;0.000298006;9.11875e-08;4.42951e-05;6.73515e-07;0.00169103;0.000755252;0.197947
4.89219e-06;0.00104502;6.53951e-10;8.20301e-07;1.70432e-07;4.01656e-07;3.74882e-06;4.44079e-05;2.54682e-06;1.59366e-07;0.000428;2.94255e-06;0.998467;2.42653e-08
1.00106e-05;0.000133045;1.30275e-05;6.54666e-07;4.43539e-06;1.11072e-07;1.39586e-08;6.35561e-06;3.74393e-07;1.153e-07;2.17617e-05;0.999224;0.000586199;2.02344e-07
8.5553e-06;0.0253212;1.0358e-07;1.01521e-06;0.000100139;2.08159e-05;4.88892e-07;0.949582;0.000290386;8.69667e-07;4.40464e-05;0.000279529;0.0243488;2.41476e-06
5.61889e-05;0.887693;0.000634206;0.000213544;0.00456173;0.000109173;9.91628e-07;0.00067276;5.65489e-06;0.00014281;8.00691e-06;0.00361682;0.00177677;0.100508
0.0025363;0.964999;5.64472e-08;6.1139e-06;7.21323e-05;1.52927e-06;0.0147706;0.0110018;0.000214135;0.00116357;5.74329e-05;1.75644e-07;0.00291264;0.00226499
2.53535e-10;1.22479e-11;1;7.16214e-12;1.55514e-10;7.97897e-13;3.23745e-12;7.4854e-12;1.44032e-09;1.98161e-12;1.28363e-11;5.19793e-08;2.82274e-15;4.9899e-12
5.08593e-07;0.853278;8.97672e-10;1.37512e-08;8.49657e-09;3.12935e-09;6.52354e-07;1.53465e-05;1.07487e-05;7.05565e-07;6.57914e-08;7.01475e-06;3.3916e-05;0.146653
1.76708e-05;0.0354198;2.76935e-07;3.44631e-06;1.01051e-06;2.45484e-07;0.0104863;0.244228;0.703412;5.55047e-06;0.00502152;3.15633e-06;0.00140137;2.25538e-08
9.1916e-05;0.00160145;0.99765;1.87649e-06;8.7355e-06;2.59387e-07;5.63135e-07;9.79911e-05;2.04939e-05;1.34232e-06;1.01037e-06;2.27123e-05;0.00049924;2.50761e-06
2.00014e-05;0.672699;1.89233e-08;5.47017e-07;2.01261e-07;1.88747e-06;0.32554;1.16401e-06;3.18859e-06;0.000858348;6.77548e-07;4.37989e-10;2.52173e-05;0.000850212
7.73254e-11;4.61209e-13;1;2.06673e-11;4.26807e-11;3.17585e-10;3.85804e-10;1.91316e-13;6.04957e-10;2.92915e-11;5.20745e-12;1.21111e-08;5.94371e-15;4.6995e-12
0.00215563;0.219549;4.20511e-05;0.000205579;3.18326e-05;0.000148523;0.00323504;0.0708813;0.683818;1.43015e-05;0.0139802;0.00106994;0.00481513;5.35238e-05
2.52107e-05;0.0118788;5.51091e-08;6.34031e-09;9.24266e-06;1.18572e-08;3.01227e-08;0.987579;1.03969e-06;3.06542e-08;2.59708e-08;3.42879e-07;0.000503519;2.52496e-06
9.09539e-07;0.903874;0.00048449;5.10616e-06;0.00274451;0.000346224;1.27887e-05;0.00261631;1.25618e-06;2.49605e-05;2.46733e-07;0.00106707;9.97044e-05;0.0887224
1.59497e-09;1.23018e-07;1;3.13878e-10;1.31696e-08;1.22481e-11;6.75086e-08;1.38187e-10;3.37733e-10;9.60515e-10;5.77482e-10;1.30353e-08;3.89235e-09;2.35431e-10
2.29677e-06;1.83584e-05;0.000311513;2.41086e-06;4.54766e-05;1.71981e-05;3.98469e-09;9.53017e-06;0.000180289;3.49044e-08;7.20242e-05;0.998599;1.07893e-05;0.000731076
6.02431e-05;0.967998;1.26851e-07;1.05756e-07;3.38855e-05;7.95438e-06;5.33548e-09;0.000631569;6.41742e-06;3.18161e-07;8.86108e-06;0.000342715;0.0295801;0.00132931
1.48256e-07;0.998934;1.39322e-08;2.69023e-09;2.67542e-06;1.26517e-07;9.02497e-09;6.15783e-05;3.29204e-10;1.67269e-06;8.45694e-11;4.82549e-08;8.28699e-06;0.000991303
9.90067e-12;4.48605e-14;1;7.78978e-13;9.15529e-08;3.89917e-11;8.5858e-15;1.10955e-10;2.84064e-13;6.74874e-13;1.08559e-15;7.24306e-08;1.1899e-14;1.17365e-10
1.72161e-07;2.32643e-06;1.55365e-06;4.00438e-09;1.12845e-05;8.22184e-08;1.36371e-11;0.999918;3.09505e-07;1.3405e-10;1.85823e-09;6.16014e-05;3.59366e-06;5.96775e-07
4.58432e-10;0.999998;8.24732e-14;1.71177e-11;6.54024e-11;1.10601e-12;5.35986e-09;4.91469e-07;2.19483e-11;1.27427e-09;1.73669e-11;5.2413e-12;1.13068e-09;1.90403e-06
1.35063e-05;0.0199037;5.32797e-07;2.24968e-05;9.18124e-06;1.05453e-06;0.00212954;0.973434;0.00187027;8.30998e-07;0.000756903;1.57445e-05;0.00184252;1.35753e-09
2.14384e-07;0.000511765;1.44686e-10;1.83613e-08;1.53478e-07;7.13226e-07;4.10603e-10;0.0013068;1.28316e-10;1.32675e-09;2.34039e-10;9.9438e-09;0.99818;1.96465e-07
2.12776e-08;0.0186527;0.00017639;8.208e-07;3.48901e-07;3.00349e-07;9.37751e-10;8.11373e-08;3.04685e-09;1.29126e-09;1.90659e-08;0.981154;1.02174e-05;4.95021e-06
0.000220933;0.100725;1.0739e-06;5.67488e-06;0.0245561;2.02147e-05;7.02768e-08;0.838843;6.32336e-07;1.67794e-06;9.83884e-07;7.63199e-05;0.000825051;0.0347238
0.000395111;0.00571727;6.01952e-09;7.04071e-06;0.972469;6.14039e-06;3.80768e-06;0.0209336;0.000160118;5.53051e-05;8.67624e-06;8.01466e-05;0.000155992;7.66299e-06
0.000179266;4.64967e-06;0.989932;3.63712e-06;3.0571e-05;1.01313e-06;7.64024e-08;1.87523e-06;2.64937e-05;1.05056e-05;8.87134e-07;0.00978911;1.52708e-07;2.02601e-05
0.000179044;0.961919;1.63666e-06;1.21373e-05;3.01122e-06;2.65906e-06;9.26546e-06;0.00839143;0.0280827;3.34036e-07;0.000682516;7.29221e-05;0.000623756;1.96237e-05
