3.95397e-07;0.999743;1.55028e-05;8.59272e-08;2.25198e-07;3.64425e-09;1.14124e-09;4.82169e-06;3.39602e-09;1.20754e-09;3.79211e-09;0.000229346;7.03051e-06;1.64739e-07
1.22729e-05;0.994988;1.1359e-09;4.14844e-06;1.644e-05;1.03384e-05;4.34136e-06;0.000372239;1.75268e-06;2.15318e-06;2.0743e-06;9.54352e-05;0.00154299;0.00294794
4.40382e-06;0.0520314;1.02966e-05;6.60879e-06;1.59469e-06;6.72484e-06;1.36237e-06;0.0518989;7.25558e-06;4.23318e-07;9.23041e-05;0.894108;0.00182738;3.31259e-06
0.000118958;0.493707;0.000463316;0.00374421;0.00100464;0.00617488;2.80929e-05;0.169644;0.000326696;0.000126743;0.00147103;0.00337055;0.00559755;0.314222
5.51313e-05;0.111821;7.05312e-09;7.30142e-05;4.23201e-06;5.53415e-05;1.24074e-06;0.00209684;0.000841394;5.54034e-07;0.00129047;0.690892;0.19286;7.84278e-06
7.29001e-07;0.999928;1.03713e-09;2.86588e-09;5.59167e-10;5.83776e-10;1.57477e-08;9.46196e-06;5.28094e-09;6.8967e-09;9.73765e-09;9.49526e-07;6.13649e-05;5.93733e-10
2.08842e-08;0.00091003;4.25123e-06;5.0899e-07;8.70995e-06;6.75105e-06;1.47268e-10;2.28613e-06;1.31036e-07;1.53569e-08;8.95666e-08;0.998859;2.82795e-05;0.000179631
1.60466e-05;0.904702;9.58554e-09;3.28421e-05;4.56702e-06;4.27466e-05;0.0719766;7.32531e-05;0.000169163;0.016024;1.2285e-06;1.88764e-10;0.000164538;0.00679262
1.14227e-06;1.949e-05;0.999973;9.64887e-07;2.35908e-09;2.50674e-08;1.85313e-06;1.45152e-09;1.86695e-06;1.78528e-08;1.34563e-07;1.14568e-06;1.72157e-07;3.36956e-10
2.78545e-05;0.993732;1.41953e-06;1.23464e-05;3.02383e-06;2.81176e-05;1.09436e-07;0.000841466;2.53465e-06;1.27921e-06;4.1497e-07;8.27814e-05;0.00491597;0.000351013
2.04807e-07;0.000173177;3.53743e-11;1.333e-07;1.79925e-06;8.39961e-07;1.89545e-07;9.8889e-06;8.13943e-08;3.52421e-08;2.072e-06;2.24038e-08;0.999811;1.67054e-07
1.07918e-06;0.000106062;2.39807e-08;6.87351e-07;1.74069e-06;6.02885e-07;4.30698e-10;6.5069e-07;1.39067e-07;1.62161e-08;1.67529e-07;0.999781;0.000106716;1.23283e-06
1.5079e-05;0.00010995;4.10381e-09;2.08036e-08;1.38628e-07;1.34138e-08;2.04686e-08;0.999871;6.85611e-07;5.29966e-09;3.94729e-07;5.53384e-08;2.71998e-06;5.58758e-09
2.51758e-06;0.988398;2.37004e-07;2.81705e-05;9.20002e-06;1.90215e-05;3.18514e-06;2.57799e-06;1.39499e-06;0.000103037;8.969e-07;0.000505719;5.77527e-05;0.0108683
3.02576e-06;4.0384e-08;0.999355;6.01508e-07;8.88187e-07;4.18095e-07;1.45248e-06;1.10372e-08;7.40906e-06;2.25452e-08;0.000221244;0.000409397;1.90806e-07;2.47927e-08
2.27656e-05;0.74541;7.34328e-08;1.21174e-06;0.000669473;3.58437e-05;1.30909e-06;0.187372;4.22326e-05;2.9835e-07;2.25771e-05;5.41592e-06;0.0663539;6.26599e-05
0.000382274;0.902201;0.00192505;0.000202332;0.0105433;0.00130862;3.40218e-06;0.0730446;3.7371e-06;0.000367372;4.26456e-07;0.00611127;0.003633;0.00027383
0.136337;0.510756;8.05958e-05;0.000326169;0.00175742;0.000246295;0.000700972;0.315041;0.0264265;6.83666e-05;0.00227293;0.000651221;0.0052589;7.66832e-05
0.0249488;0.225678;9.52698e-09;0.00130097;0.0044684;0.00063641;1.28994e-05;0.188332;0.26085;3.53011e-05;0.00143542;0.010969;0.000719999;0.280613
0.0082528;0.752539;2.56585e-06;2.39375e-05;9.24474e-05;6.07522e-06;5.81569e-06;0.000597045;0.00973756;5.15642e-06;0.000170731;0.174783;0.0405315;0.0132525
3.24247e-06;0.994666;1.98236e-12;4.06641e-07;5.16319e-05;1.46672e-05;1.64151e-07;5.31914e-05;4.60961e-07;3.05624e-07;8.19291e-08;4.39404e-05;0.0037472;0.00141825
1.55216e-07;0.000582209;5.24272e-12;1.00241e-07;2.70481e-06;1.38347e-05;8.86513e-09;1.98922e-07;4.79374e-09;6.53611e-08;2.83785e-08;1.23197e-06;0.999395;4.82068e-06
4.41285e-06;4.92518e-05;0.999428;2.99077e-05;6.39085e-05;1.34858e-06;1.25718e-07;1.75722e-06;1.25402e-08;2.29333e-06;1.75945e-08;0.000371969;7.27843e-07;4.67175e-05
3.25657e-07;0.000527889;2.0112e-10;5.42596e-08;2.81906e-09;1.21797e-05;1.50218e-06;4.91663e-07;8.37356e-07;6.87671e-09;4.71678e-07;1.34196e-08;0.999456;3.61391e-07
2.16244e-08;0.000133764;0.999729;5.20483e-08;3.62927e-09;8.30986e-09;2.09104e-06;6.86465e-11;4.56953e-10;6.48636e-06;1.02483e-09;5.0047e-06;4.213e-08;0.000123724
2.15353e-10;5.59146e-11;1;3.08332e-10;1.36677e-08;1.71111e-10;2.11904e-08;4.96412e-12;1.29911e-09;1.0073e-09;1.85432e-09;4.44667e-07;6.59095e-11;1.13467e-09
3.1966e-07;0.00174772;2.03383e-07;1.06943e-07;1.49949e-05;3.72768e-06;2.63872e-06;0.997774;2.2247e-05;1.75172e-06;2.18748e-05;4.19506e-07;0.00040607;4.39027e-06
2.08622e-10;3.53386e-11;1;4.17103e-10;4.87811e-10;1.14147e-11;4.4426e-10;4.72374e-11;2.23885e-10;2.68792e-10;9.33187e-10;1.23458e-07;2.00881e-12;2.17615e-09
2.47584e-05;0.00989083;0.00181664;1.40925e-05;5.28322e-05;7.56913e-06;1.23337e-07;0.00221372;0.000155304;1.33675e-06;6.63159e-05;0.950604;0.000209806;0.0349424
7.48626e-06;0.996778;3.51346e-09;2.89931e-08;0.00144266;2.72812e-07;3.39831e-07;0.00133021;1.61274e-07;6.623e-08;3.35221e-07;2.7816e-07;3.01749e-06;0.000437054
1.81192e-07;8.82114e-05;0.000802786;3.14473e-08;0.0194805;2.56291e-05;1.00352e-10;0.000520569;1.31858e-11;2.29145e-08;6.37444e-11;0.979033;4.22623e-06;4.45736e-05
3.10197e-08;9.83423e-06;3.92374e-12;3.46458e-10;5.69518e-08;6.09623e-09;5.83229e-12;0.999967;7.46401e-08;4.77327e-12;1.87892e-09;3.01375e-07;2.2441e-05;1.00792e-11
2.0975e-06;1.35529e-05;8.12334e-11;2.0412e-09;2.00234e-08;7.72524e-10;7.5672e-10;0.999345;7.94891e-08;1.18596e-09;1.73014e-09;1.20758e-08;0.000639081;1.4468e-08
5.9704e-07;0.0317893;5.48155e-08;1.72635e-05;7.00345e-05;1.50724e-05;4.77244e-05;1.16951e-06;3.5689e-08;0.000203869;1.7331e-07;4.23382e-07;0.000263282;0.967591
4.91669e-09;1.08856e-12;0.999999;1.52401e-09;4.46605e-10;1.45569e-09;1.78046e-07;5.01458e-12;1.15769e-09;7.55701e-10;7.15526e-09;4.07153e-07;2.85287e-13;1.19223e-08
1.80156e-05;0.852926;2.43286e-06;7.56232e-06;4.6494e-06;3.1268e-06;8.14183e-05;0.128981;0.00101979;7.6099e-07;0.00204501;2.94292e-05;0.0148641;1.62954e-05
0.000213839;0.501123;2.16213e-05;0.000867262;0.263164;0.000581527;2.84402e-06;0.0237063;0.000926356;0.000111484;0.00273786;0.01345;0.187028;0.00606586
0.00569147;0.399368;7.43689e-08;4.69272e-05;3.45487e-05;1.10075e-05;0.552595;0.000469102;0.00267983;0.0363097;0.000380827;3.96236e-08;0.000340103;0.00207318
4.3452e-07;4.04199e-10;0.999996;1.54752e-08;5.33824e-09;1.40996e-10;3.0661e-07;1.53665e-10;1.77965e-07;3.82426e-09;1.64912e-08;3.54747e-06;7.61212e-12;5.39656e-11
0.001591;0.139058;1.02254e-06;7.47351e-05;0.000167366;0.000208605;3.98021e-05;0.642643;0.167233;2.11551e-06;0.00169802;0.0263151;0.0209466;2.11026e-05
1.76951e-06;0.999778;2.097e-08;1.703e-08;6.04442e-09;2.31589e-07;7.95389e-07;4.73375e-07;1.48947e-07;1.10414e-07;3.94221e-08;4.82771e-06;0.000213037;3.14183e-07
1.4637e-05;0.678222;4.33844e-08;3.44076e-06;0.000810081;0.00319705;6.28145e-08;0.00362828;9.33026e-05;4.94187e-08;1.5349e-06;0.304364;0.00320372;0.0064618
1.66761e-05;0.0310806;5.67661e-05;3.50352e-07;5.66321e-05;7.62657e-06;1.16779e-08;0.0016359;1.79677e-06;1.23061e-07;7.75145e-07;0.444107;0.523027;9.00444e-06
0.000108173;0.0133631;3.82475e-06;3.91929e-05;0.000666437;0.000441292;1.28389e-06;0.820919;0.155717;2.02705e-06;0.00188766;0.000163002;0.00663859;5.00222e-05
1.08013e-07;5.12271e-08;1.16705e-12;1.17889e-11;8.7473e-09;1.21939e-11;4.19951e-13;1;1.38948e-08;5.34876e-12;2.95045e-10;7.34075e-09;1.08155e-07;2.17233e-11
5.5488e-07;0.000253544;4.69451e-05;3.15907e-05;0.0042521;0.000832444;1.1169e-10;0.00123535;8.75283e-07;5.44932e-08;1.53786e-07;0.0767441;3.48167e-05;0.916568
8.48011e-06;0.993564;2.2068e-05;6.25857e-05;5.38035e-06;3.61066e-07;4.95187e-06;0.00524606;0.000144007;1.44596e-06;0.000305586;1.48143e-06;0.000628;5.12667e-06
3.13508e-08;1.74413e-05;6.78309e-08;4.94822e-06;0.0229299;0.0194952;9.04487e-11;0.00012097;1.16272e-07;4.54538e-07;3.4445e-09;9.57946e-07;1.87274e-06;0.957428
4.94145e-05;0.0819252;2.39268e-09;1.09899e-05;4.07842e-07;7.17336e-07;4.2519e-07;9.70967e-05;2.13537e-05;3.17361e-08;6.2066e-05;0.000177166;0.917654;1.25315e-06
3.19756e-05;0.0043209;2.45697e-05;8.519e-07;1.2016e-05;2.75463e-08;4.51267e-09;0.00057488;2.09301e-07;8.08787e-08;1.07007e-06;0.993011;0.00202248;3.46833e-07
6.9405e-07;0.993851;1.53611e-05;2.99555e-06;9.63706e-06;1.37269e-06;4.61104e-10;0.00547753;5.21824e-09;4.97931e-08;2.06223e-08;0.000414118;0.000222847;4.60384e-06
3.18843e-06;0.963212;3.03712e-05;5.23523e-05;3.20287e-05;0.000157992;3.00662e-05;3.4576e-06;2.36805e-07;7.4799e-05;0.000117513;0.000882289;0.000458973;0.0349445
4.01121e-05;0.0155431;7.65402e-06;0.000944291;0.00114527;0.00267229;0.00111078;0.00258103;0.000316578;4.89821e-05;0.00237192;0.00018257;0.972972;6.34401e-05
9.22534e-05;1.5217e-05;0.999707;3.22333e-05;1.75577e-05;9.32533e-08;1.10979e-08;0.000110754;6.4314e-06;1.13233e-07;5.47785e-07;1.72567e-05;5.73e-07;1.07525e-07
0.00276835;0.00301224;2.60766e-05;0.000630629;3.10336e-05;1.05767e-05;8.56428e-06;0.00198821;0.537961;2.78349e-06;0.445126;0.00771122;0.000714791;7.68643e-06
3.99937e-05;0.994192;2.0449e-07;3.31452e-05;3.80829e-06;1.24934e-06;9.01729e-06;0.00178635;4.08881e-05;6.01947e-05;0.000134225;0.00152463;0.000497662;0.00167683
6.06491e-06;6.07784e-05;5.05104e-05;8.71437e-06;0.00739734;1.86921e-08;7.83736e-07;0.991716;1.2097e-05;6.90819e-05;6.65533e-05;0.000611533;2.68037e-07;1.47299e-08
1.3366e-06;4.56846e-06;0.999931;7.96562e-06;3.73239e-08;2.75924e-08;5.10682e-08;1.08221e-09;1.86087e-07;1.29803e-06;5.3539e-05;2.55786e-08;1.79096e-08;9.77929e-09
0.000143304;4.84603e-05;5.63411e-05;3.85132e-06;3.78941e-08;6.23488e-08;0.000168643;0.000110665;0.0135432;3.27201e-06;0.985365;0.00034623;0.000210575;2.53905e-08
