9.81995e-05;0.242553;9.28065e-08;9.08729e-05;0.000153363;3.58648e-05;7.66755e-07;0.737161;0.000409208;5.77879e-07;9.5902e-05;0.016571;0.00245281;0.000377405
2.766e-05;0.828736;3.52978e-05;0.000158468;8.26637e-05;0.000880326;8.40189e-08;9.10612e-07;3.41031e-08;1.55132e-05;1.62183e-06;0.0344611;0.133632;0.00196854
0.000177776;0.0420587;1.69868e-08;1.79942e-06;5.56275e-05;1.55652e-06;2.38624e-06;0.000210545;2.92708e-06;1.34258e-07;1.60538e-05;0.954595;0.00250173;0.000375543
0.000106164;0.0092755;2.08965e-05;1.89137e-06;0.020188;3.34857e-05;7.11012e-08;0.0530753;2.79491e-08;4.99022e-07;2.31025e-08;8.71868e-06;0.916821;0.000468468
1.01221e-05;0.0580381;1.05138e-06;2.68887e-06;6.42523e-07;0.000578934;2.59538e-06;1.00715e-06;3.34737e-06;7.29885e-07;4.18523e-06;4.56674e-05;0.94123;8.14664e-05
2.06308e-07;0.000331973;0.997657;6.11685e-07;4.68935e-07;6.92647e-07;1.65513e-05;2.15041e-09;6.93785e-10;7.19383e-05;1.04478e-09;0.000132309;5.63705e-07;0.00178753
1.66022e-08;7.74118e-10;0.999997;1.94661e-08;4.70904e-08;2.01562e-08;1.32223e-06;2.47795e-09;1.68536e-07;3.62749e-09;1.17848e-07;1.80412e-06;2.74407e-09;1.58726e-11
1.04617e-05;0.000903758;3.12807e-07;6.3755e-07;4.32025e-05;1.54072e-06;1.14999e-05;0.992676;0.000324588;1.2066e-06;0.000462653;9.52538e-06;0.00554012;1.48766e-05
3.58444e-06;0.985156;6.6709e-08;1.62098e-08;8.27515e-09;7.81679e-09;0.0141476;3.9555e-05;2.50073e-07;0.000294171;1.06184e-06;1.48645e-07;0.000316678;4.11292e-05
9.93584e-11;5.70048e-10;0.999997;2.42471e-09;2.70515e-09;2.87587e-10;2.7707e-07;3.49542e-14;2.52424e-09;8.67382e-09;1.83748e-09;2.78539e-06;3.22467e-13;1.05201e-09
3.61954e-07;0.000268029;0.99973;6.40306e-09;4.27088e-08;1.58746e-11;1.34155e-06;6.00705e-08;1.66102e-07;5.3493e-09;9.83136e-09;6.50172e-08;1.69183e-07;9.0579e-08
1.41335e-06;0.983272;1.58568e-10;4.88738e-08;3.97393e-06;1.62543e-09;1.07197e-06;0.00139356;1.39414e-06;7.21121e-07;5.83525e-08;4.00426e-07;2.02979e-08;0.015325
2.81812e-09;4.89059e-05;7.41743e-05;1.60365e-08;7.92779e-06;1.82291e-06;1.34108e-12;6.08485e-07;2.77226e-11;9.18262e-11;3.41425e-11;0.993781;4.43943e-08;0.00608522
1.1608e-09;0.999945;6.89539e-13;3.37792e-12;3.82107e-12;4.05869e-11;2.45599e-07;1.74784e-05;4.32766e-10;4.09536e-10;2.69235e-11;4.35579e-15;4.7643e-08;3.6729e-05
2.44633e-11;3.33535e-10;1;2.58945e-12;1.6735e-09;1.73425e-09;3.98352e-11;1.85397e-09;1.03723e-11;5.95151e-12;3.17015e-13;4.64221e-08;3.59734e-11;4.67091e-11
3.53721e-09;0.000104703;5.77465e-10;2.12671e-09;5.22752e-09;1.50168e-08;1.46058e-09;0.000801199;1.52325e-08;4.78843e-10;1.82431e-07;5.782e-06;0.999088;9.76736e-08
6.09043e-07;0.00489027;3.03356e-06;1.04805e-06;4.96702e-07;6.83908e-07;4.0227e-07;8.51126e-05;7.9824e-07;8.53084e-07;8.06782e-06;0.994016;0.000880168;0.000112863
2.94237e-06;0.969065;2.17106e-06;4.93687e-07;1.13806e-06;1.52744e-06;6.0473e-06;0.0294665;2.10118e-06;1.76057e-07;7.04903e-06;0.000262589;0.00116232;1.96941e-05
2.597e-05;0.897146;1.47904e-06;4.42289e-05;7.00414e-05;1.08708e-05;5.86907e-05;0.00329886;1.10691e-05;7.44074e-06;4.5991e-05;0.0401506;0.0574556;0.00167284
3.43063e-05;0.885545;1.90853e-06;6.68921e-07;7.93399e-06;1.58176e-05;5.61365e-07;0.000413114;3.39811e-07;2.3939e-07;4.1382e-07;0.0253965;0.00607526;0.082508
3.14992e-07;0.0034579;3.04151e-10;2.281e-07;0.000109385;2.57436e-06;1.89119e-07;4.16043e-05;6.86876e-07;3.33391e-07;7.39151e-08;3.1572e-05;4.13526e-05;0.996314
1.72141e-05;0.0222073;5.81196e-08;7.70024e-08;4.99962e-09;9.36332e-06;4.55667e-06;3.58737e-06;8.80629e-06;5.13384e-07;5.63654e-06;0.000125409;0.977617;1.7221e-07
1.04092e-06;0.000341864;0.998165;2.31403e-06;3.42657e-06;4.48287e-07;3.60773e-05;4.68437e-09;2.48022e-08;0.000849583;1.13769e-08;0.000342549;1.09305e-06;0.00025686
9.19732e-08;1.03376e-09;0.999988;3.29575e-08;6.36215e-09;3.42378e-08;2.53345e-06;3.51629e-10;8.00406e-06;1.13793e-08;6.56645e-07;3.25874e-07;1.3387e-09;2.15618e-10
0.000411516;0.945713;0.000141456;1.88751e-05;1.81381e-05;1.08827e-05;0.000612327;0.00291481;0.00429459;4.37439e-05;0.00152614;0.000116055;0.0436764;0.000502469
1.41709e-05;0.979427;1.58391e-06;2.07744e-05;4.05649e-05;5.84647e-06;0.000834688;0.000501763;0.0012247;7.78373e-05;0.00128035;0.000134736;0.0154093;0.00102698
2.58072e-06;0.00139708;0.00647322;0.000621496;0.000213886;2.63325e-05;5.27442e-07;9.10304e-06;2.25562e-06;3.72796e-06;8.00515e-06;0.982325;1.35022e-05;0.00890369
2.27265e-06;0.999518;4.44419e-10;2.30716e-07;2.86387e-09;8.50672e-09;4.08425e-05;3.73253e-06;0.000126786;1.07756e-08;0.000288525;5.83287e-06;1.29934e-05;4.02564e-07
2.19827e-05;0.993886;1.79527e-10;1.08669e-07;4.25708e-08;1.45969e-07;5.16096e-07;5.48957e-06;2.32919e-07;6.53963e-08;2.97318e-07;0.000121627;0.00595752;6.48064e-06
9.8175e-07;0.000273636;6.0671e-06;3.47855e-08;4.43157e-08;4.63585e-10;8.59102e-09;6.54958e-05;3.56393e-07;6.50641e-10;1.08007e-07;0.999637;1.64745e-05;2.86525e-10
3.38246e-06;0.939558;2.93044e-06;9.12455e-06;0.00214227;2.48642e-06;7.91501e-09;0.0552561;6.32359e-07;1.63622e-06;5.49245e-08;0.000205042;0.000974149;0.0018443
7.4607e-08;2.03835e-06;1.15129e-08;3.17097e-08;1.82389e-09;0.000279147;2.59508e-09;1.19815e-08;1.1538e-06;1.08822e-07;3.10635e-07;1.04705e-08;0.999717;1.13395e-08
1.71665e-09;8.6806e-08;0.999999;2.47601e-09;7.57181e-11;8.39298e-10;5.19106e-11;7.93722e-11;6.15255e-11;2.76949e-09;9.66243e-11;6.23821e-07;2.35395e-09;1.11839e-09
2.88546e-07;0.998727;5.18352e-07;3.88994e-06;4.22203e-06;6.17961e-06;1.54175e-06;0.000862339;2.99367e-05;5.00239e-07;7.5023e-06;2.31407e-06;0.00028908;6.50433e-05
