2.35902e-06;0.99913;0.000726371;2.08891e-06;4.33276e-07;2.059e-08;8.92979e-08;1.95869e-05;1.11461e-08;1.57477e-07;2.83272e-08;6.0005e-06;0.000110665;1.94079e-06
9.78739e-06;0.992476;7.19819e-11;3.86953e-05;2.32992e-05;3.00948e-05;2.03157e-07;0.00479533;0.000129749;2.69339e-06;5.52661e-05;4.76925e-05;0.00207957;0.000312047
7.58774e-05;0.101832;0.00159868;0.000160774;4.40002e-06;1.01234e-05;3.79712e-07;0.000336731;1.06538e-05;1.00176e-05;0.00010158;0.895714;3.50716e-05;0.000109825
2.14412e-05;0.999722;4.90024e-11;1.6922e-08;6.81733e-09;1.50499e-08;3.34212e-07;1.5217e-05;3.9475e-07;2.96133e-09;4.51985e-07;5.30427e-06;0.000234773;4.58175e-08
1.28628e-06;0.000584552;4.37347e-08;2.53012e-05;0.0001549;0.00350747;2.03968e-09;3.82124e-05;2.53782e-05;2.00716e-08;3.12485e-06;0.156111;4.73694e-05;0.839502
2.62978e-07;0.999956;2.48963e-09;2.92841e-10;1.28351e-10;3.05705e-09;1.61765e-09;1.98227e-07;9.60186e-10;2.50329e-10;1.07487e-09;8.162e-07;4.31239e-05;1.43944e-08
5.30351e-06;0.00275663;1.07875e-06;3.6318e-05;0.013044;0.00179691;3.08087e-08;0.00429184;1.52177e-06;8.96859e-07;2.76378e-06;0.95029;0.00215716;0.0256152
8.38552e-05;0.918179;3.22152e-07;2.77933e-05;1.89867e-05;0.000230628;8.06941e-05;0.0117529;1.95821e-06;6.80631e-05;2.58488e-05;1.11398e-07;0.0694961;3.33274e-05
1.40761e-10;6.2751e-10;1;9.20336e-11;5.64863e-11;4.59469e-12;2.08073e-11;2.92481e-12;4.16646e-13;4.39934e-12;2.49212e-12;1.69304e-09;1.49276e-12;6.03307e-11
9.04604e-07;0.000327146;0.0311678;3.69327e-06;2.56919e-06;3.94687e-06;1.98441e-09;0.000464688;3.56297e-07;5.69176e-08;1.58183e-06;0.968001;1.23102e-05;1.34856e-05
3.23336e-05;0.0133093;9.16771e-07;1.32517e-06;0.000614834;0.000209803;3.73621e-06;0.948872;1.96673e-06;4.62013e-07;6.80466e-05;2.23362e-05;0.0346989;0.00216373
5.42642e-07;0.994106;9.12949e-11;1.15245e-07;3.16519e-06;6.37927e-06;1.60124e-05;0.000188197;6.95417e-09;2.88269e-06;1.17806e-07;7.01448e-05;0.0043997;0.00120668
7.8164e-11;1.02614e-10;0.999999;1.96719e-09;7.36702e-09;6.48753e-08;8.32291e-11;3.54665e-10;2.50457e-12;2.13497e-10;8.5268e-12;6.69237e-07;8.09263e-11;5.03426e-09
1.60131e-05;0.449319;3.52557e-07;5.09412e-05;3.88271e-06;4.21629e-05;0.000141749;0.522615;0.000681102;1.74097e-06;0.00704462;0.00114896;0.0189344;6.77975e-07
2.78122e-08;6.08816e-05;0.999831;2.49496e-08;1.04044e-07;2.59169e-08;5.4386e-09;1.99441e-08;7.40023e-11;2.16617e-08;1.08418e-08;2.81618e-07;0.000108156;6.57579e-08
3.37509e-06;0.872131;1.17278e-06;5.97773e-08;9.03103e-07;1.74615e-07;1.46784e-06;0.115186;4.54967e-09;2.74407e-06;3.18773e-08;2.05931e-06;0.0126579;1.3179e-05
1.74628e-06;9.98295e-05;2.35866e-07;1.31082e-05;0.000514736;0.0148066;6.77534e-05;1.19978e-06;1.52358e-05;2.99773e-05;6.37579e-05;3.78174e-06;0.96851;0.0158723
3.0177e-06;3.92271e-06;0.999148;2.45356e-07;3.99502e-08;9.4016e-09;0.000185898;9.6636e-09;1.03509e-07;0.00028536;5.07753e-07;0.000369183;1.92128e-06;2.3093e-06
7.234e-09;8.39317e-11;0.999997;1.10009e-09;4.32827e-10;2.04271e-10;1.86488e-06;1.12784e-12;7.13293e-07;6.19211e-09;8.61674e-08;1.67671e-07;2.5265e-10;1.0645e-11
3.0051e-07;0.999986;1.72948e-06;5.11975e-09;1.08028e-08;1.36945e-10;7.50817e-08;9.98432e-07;1.62814e-08;4.71523e-08;2.6826e-09;5.37019e-09;7.56478e-06;2.75232e-06
1.84785e-09;3.92533e-07;0.999989;1.25805e-10;2.57087e-09;4.30189e-10;4.81106e-09;1.51757e-10;1.35734e-10;4.4505e-10;9.94282e-12;1.03627e-05;3.31411e-09;2.82496e-09
2.61462e-07;0.000386252;4.05395e-09;1.13833e-06;2.58192e-05;9.07142e-07;5.46131e-06;0.00485981;4.05857e-05;2.72326e-06;3.09481e-06;0.000251447;0.000188181;0.994234
3.85271e-06;0.548021;1.79164e-07;0.000116492;5.31727e-05;0.000259992;0.000352264;0.00552602;0.000932064;8.90769e-06;0.000428233;3.51636e-06;0.444275;1.96547e-05
7.17457e-06;0.0126977;0.968793;0.000575419;0.000395564;0.000392803;2.76774e-06;0.000332012;5.57629e-08;0.000350478;3.35875e-08;0.00711747;0.000389995;0.00894583
3.45147e-06;5.76811e-05;0.999829;2.97195e-06;4.53886e-08;1.53085e-07;0.000100549;8.95309e-08;2.98868e-06;9.13998e-08;1.17993e-06;2.58041e-07;1.04952e-06;3.06715e-08
0.00117126;0.690754;9.77632e-05;0.00126581;6.84689e-05;0.000560899;7.29166e-06;0.272826;0.00494112;1.04869e-05;0.00198746;0.0185853;0.00563976;0.00208472
4.39186e-06;0.993841;2.6038e-09;3.70038e-06;7.4835e-07;6.12961e-07;3.95162e-05;0.000266766;5.41081e-06;2.48213e-06;1.03189e-05;2.59429e-06;0.00581896;3.23193e-06
0.000110035;0.906804;1.08592e-07;2.5733e-06;6.25305e-05;1.66537e-06;3.01524e-08;0.00150887;4.74737e-07;9.88241e-07;1.81048e-07;0.075638;0.0136561;0.00221406
3.60246e-05;0.234546;0.000619205;0.000152402;3.69919e-05;0.0072913;2.44248e-05;0.00769307;6.82921e-05;3.75286e-05;3.51207e-05;0.646992;0.0929866;0.00948092
1.51172e-06;0.992692;1.44002e-07;1.51318e-05;1.9448e-06;1.37267e-05;0.00451986;0.00041417;9.05033e-06;0.000217967;3.56709e-06;1.101e-06;0.00179297;0.000316782
1.18456e-09;2.3082e-08;1;2.78954e-09;4.04538e-09;2.51335e-09;3.09816e-08;6.11725e-12;2.21182e-09;1.35822e-09;1.26617e-09;2.99351e-07;2.48367e-10;2.63098e-08
7.30858e-07;0.999789;9.15987e-08;2.19733e-09;1.82082e-08;2.95995e-10;1.71079e-07;0.000195112;7.85555e-08;6.78725e-10;9.22386e-08;6.42924e-06;7.83237e-06;4.46082e-09
5.21644e-10;7.82678e-05;1.68993e-09;2.17037e-07;1.33747e-05;8.15194e-06;4.17516e-11;0.000372585;1.23451e-09;9.77742e-09;1.48002e-09;0.998656;0.000697656;0.000173933
1.54391e-07;0.000757403;2.70359e-11;8.33558e-08;4.76121e-07;3.40385e-08;3.50404e-08;9.9508e-05;1.32071e-07;5.36828e-09;3.18415e-06;6.66978e-08;0.999139;1.23641e-07
4.74502e-06;0.000158542;6.11132e-05;2.7773e-07;4.50974e-06;2.4467e-08;1.14737e-09;6.05677e-05;2.28512e-06;7.06772e-09;4.90488e-07;0.999498;0.000188714;2.09674e-05
2.46768e-06;0.983838;5.62866e-09;7.77681e-07;2.16298e-05;7.10595e-07;4.24463e-09;0.00849739;4.85364e-07;9.93642e-08;1.4434e-06;2.12451e-06;0.00718238;0.00045223
3.19037e-06;0.000302056;0.000373736;0.000472053;0.957564;0.000332276;2.48049e-09;0.011401;4.28442e-08;1.21097e-05;5.29694e-06;0.0268944;0.00249283;0.000146629
1.67052e-06;0.999409;1.40611e-09;1.05831e-08;2.92083e-09;3.80965e-11;0.000574671;3.83996e-07;5.89404e-08;7.99093e-07;1.09168e-05;5.85737e-09;2.25815e-06;4.77891e-07
6.28276e-12;1.09327e-12;1;4.0085e-12;1.30563e-10;2.75754e-13;1.48535e-10;1.26549e-14;1.15165e-11;1.98295e-12;5.3034e-12;2.65056e-07;1.48805e-15;9.53235e-13
3.45711e-05;0.0478862;3.22787e-08;2.47758e-06;4.08373e-05;0.000227624;2.22387e-05;0.918202;0.00379629;1.5666e-06;0.000641147;1.05626e-06;0.0290646;7.95685e-05
9.04593e-07;7.18777e-05;1.18638e-08;8.6539e-07;9.32289e-06;4.68605e-06;6.21268e-08;0.830853;4.25801e-06;1.35544e-07;3.38533e-05;3.85938e-05;0.168979;3.3676e-06
2.51784e-06;0.00170572;1.94941e-05;1.81442e-05;2.98525e-06;1.79868e-06;3.0607e-06;3.38355e-05;3.29276e-05;4.86841e-06;9.75523e-05;0.996777;0.000887385;0.000412676
1.01859e-06;0.999698;0.000206845;2.20693e-06;6.30436e-08;1.49894e-08;4.6099e-07;4.48918e-05;1.6569e-08;2.07438e-07;3.17665e-07;1.48302e-05;3.06679e-05;8.03689e-07
1.01779e-05;0.984552;4.55512e-10;2.18662e-05;0.000130161;0.00030853;2.84224e-08;0.0077548;1.74281e-05;2.31879e-06;4.82804e-06;0.00399912;0.00156171;0.00163688
1.45721e-06;0.976552;2.60161e-08;5.60978e-08;1.38097e-09;6.58309e-08;2.3904e-06;3.2244e-09;4.44297e-08;3.02906e-07;1.28703e-06;0.000165268;0.0232774;1.79146e-08
1.07224e-05;0.00223635;1.67905e-09;1.16039e-06;0.000112323;0.000513526;6.04566e-08;8.64139e-05;1.27761e-05;7.6698e-08;1.06912e-05;0.99476;0.000518718;0.00173701
0.00070315;0.100447;3.13549e-08;5.75432e-05;0.0140408;0.000142658;7.9947e-07;0.792491;0.000594405;8.7777e-06;9.11764e-06;0.000124667;0.0104318;0.0809484
7.5685e-06;0.00429034;7.38126e-08;4.23964e-08;4.58645e-08;2.55259e-08;1.96038e-11;2.13784e-05;3.00524e-08;2.03675e-10;7.77517e-09;0.995673;6.58244e-06;1.17816e-06
5.22608e-09;0.606365;4.82375e-11;6.55427e-10;8.04574e-09;2.95415e-09;4.08605e-10;1.34218e-07;1.60475e-11;1.40563e-07;1.73788e-12;2.86724e-12;6.41277e-09;0.393635
3.58527e-12;2.37132e-11;1;1.51173e-12;5.4432e-10;9.12329e-11;9.56068e-13;1.85963e-11;8.19643e-14;1.39656e-12;5.1239e-14;1.276e-08;3.55823e-12;4.08735e-11
4.32098e-09;5.37082e-05;6.64212e-11;6.44464e-09;3.82424e-08;5.50879e-09;1.32594e-10;0.000889054;5.31363e-08;1.77644e-10;6.18113e-07;2.08236e-06;0.999054;5.42803e-08
1.65846e-05;0.006382;1.84648e-05;5.12022e-06;2.94229e-06;4.12602e-06;2.14646e-08;0.00348243;1.27081e-06;7.19526e-07;1.48526e-05;0.985734;0.00331472;0.0010226
1.47186e-05;0.939573;3.95386e-06;6.98151e-07;1.11969e-05;1.56958e-06;2.21073e-07;0.00635469;8.27755e-08;5.81804e-07;5.779e-07;9.58801e-05;0.0537671;0.000176036
1.75168e-08;0.297894;1.76412e-07;1.24584e-06;7.30986e-06;4.32041e-06;5.28158e-06;7.06684e-06;9.74519e-09;1.3698e-05;1.8759e-08;7.87326e-08;2.96369e-06;0.702064
1.38935e-10;5.12552e-09;0.999999;5.14784e-11;1.31167e-10;1.95175e-13;1.77461e-08;1.45014e-11;5.13219e-12;5.65574e-11;3.39503e-11;9.43087e-07;4.38556e-14;2.38538e-11
3.51881e-05;0.00605026;8.36686e-09;1.83548e-06;6.06008e-05;5.26801e-05;0.00158938;0.968912;0.0150614;2.18982e-06;0.000695445;2.32631e-07;0.00752462;1.45361e-05
1.62691e-10;9.7543e-11;1;5.01929e-11;2.99386e-10;1.76481e-12;3.21947e-11;1.62958e-11;6.87468e-11;6.80338e-12;2.60571e-12;4.59152e-09;4.57266e-12;4.30377e-10
3.42083e-06;4.40528e-06;0.980918;4.67974e-06;4.15741e-07;1.56309e-06;9.827e-09;9.45833e-05;6.63461e-05;3.66763e-08;1.41709e-06;0.0188278;5.62089e-06;7.18715e-05
2.7458e-07;0.0167825;1.82665e-09;1.17984e-07;5.09055e-05;6.7659e-05;1.01415e-10;7.22956e-07;1.92744e-08;4.46141e-09;5.94126e-09;6.88669e-07;7.5777e-06;0.98309
1.42545e-07;1.24474e-06;6.84738e-09;2.35409e-11;9.521e-06;9.78853e-12;5.33885e-12;0.998905;7.19855e-09;3.43716e-11;2.76006e-10;0.00108236;1.38424e-06;1.00104e-12
1.78511e-08;9.10758e-07;0.999998;4.71646e-08;7.21979e-07;4.76996e-08;1.80931e-12;8.39006e-09;1.07732e-09;6.07905e-09;2.11243e-11;1.56744e-09;4.64242e-09;2.89545e-09
0.000883779;0.00880223;6.83089e-06;2.44875e-06;2.59405e-06;1.76163e-07;1.68644e-07;0.985323;0.00275073;6.64397e-07;1.99864e-05;9.6692e-05;0.0021102;8.30768e-08
