4.67017e-07;0.999963;3.18272e-10;1.10243e-08;9.42535e-11;7.75935e-10;7.60511e-07;7.49978e-08;3.80532e-08;1.1317e-08;8.2921e-08;8.87345e-07;3.49916e-05;2.40907e-09
4.00693e-05;0.0336028;0.00110225;0.000192437;0.000259924;0.000445533;5.54825e-07;0.000967771;4.48761e-06;3.50534e-06;2.58888e-06;0.947851;4.45609e-06;0.0155227
2.33204e-05;0.426869;2.67473e-09;7.99983e-07;2.52791e-06;1.97579e-05;3.73039e-07;0.0036086;2.6239e-07;1.29629e-07;1.53978e-06;1.95903e-06;0.569465;6.67702e-06
5.79154e-06;0.132723;2.90506e-08;2.36132e-05;0.00526613;2.37919e-05;4.19939e-08;0.82107;2.51476e-06;3.85637e-06;1.77038e-06;0.000984805;1.38832e-05;0.0398804
5.9545e-05;0.0652447;0.472453;0.00673797;0.00208383;0.00052962;9.33793e-06;5.81489e-05;6.67945e-07;8.89064e-05;5.00361e-05;0.409543;0.00172188;0.0414197
0.000117249;0.275693;4.52514e-07;5.79389e-05;2.07387e-05;3.31331e-06;0.0106378;0.0308001;0.0732838;3.04897e-06;0.602366;3.02167e-05;0.00698104;5.21525e-06
2.7769e-05;0.00502895;1.3326e-07;4.28693e-09;4.68321e-05;2.13204e-08;9.16325e-09;0.994723;6.07548e-08;2.05806e-08;3.98578e-08;3.60803e-06;0.000166496;3.19693e-06
2.7013e-06;0.985114;2.04488e-05;2.65913e-06;0.000404565;0.00145636;7.51057e-06;0.00353361;5.02134e-06;2.55021e-05;9.42874e-06;0.000747967;0.00459402;0.00407614
4.35813e-10;6.3748e-09;1;1.55468e-10;8.17981e-10;9.17321e-12;3.24731e-09;6.0778e-12;7.39061e-11;1.2836e-10;1.51102e-10;2.01592e-08;2.90178e-10;5.55274e-12
7.87307e-08;1.20849e-07;0.999921;1.94043e-09;1.12701e-08;2.4635e-09;3.26498e-09;1.30967e-07;4.29382e-08;2.74838e-09;1.00721e-08;7.84475e-05;4.43856e-09;2.73011e-08
1.80584e-07;9.98332e-06;3.7459e-07;1.27984e-08;0.0003908;0.000397707;5.5227e-11;2.28286e-05;6.63701e-07;9.3022e-09;4.55341e-07;8.40685e-06;2.03255e-05;0.999148
1.75288e-07;0.994303;5.39641e-09;3.73041e-11;1.17369e-07;4.70777e-09;1.18002e-09;1.50816e-08;8.015e-12;9.41597e-08;1.47941e-12;6.9715e-09;2.28458e-06;0.00569407
5.78076e-13;1.81348e-13;1;1.46734e-14;2.78466e-10;1.54788e-12;1.24865e-13;3.68502e-10;5.3809e-15;3.00384e-13;4.27672e-16;8.0623e-09;1.11422e-14;4.83282e-12
5.10622e-06;0.0178283;6.66901e-05;9.83726e-06;7.71904e-06;8.44696e-06;5.98807e-05;0.975991;0.00102324;7.5974e-07;8.65765e-05;1.17842e-05;0.00489083;9.97416e-06
3.41981e-07;0.0922041;2.06945e-09;4.71175e-08;5.99526e-06;4.63639e-09;5.68492e-10;0.90778;1.12609e-08;5.5231e-09;3.51542e-09;6.38419e-07;8.18158e-06;5.03453e-07
1.11333e-05;0.398956;0.499669;0.00010752;0.00481824;0.00794867;3.23008e-06;0.000166762;1.07824e-09;0.000110109;1.62221e-07;0.0536409;0.0315521;0.00301693
2.75423e-06;0.00423125;2.53038e-08;5.20507e-08;5.81421e-06;3.435e-07;9.46858e-08;0.958208;7.92628e-08;5.64671e-09;2.71573e-07;0.0368006;0.000750255;4.08086e-07
1.88872e-05;0.00511605;8.23757e-07;9.80904e-05;0.00164974;0.00087233;5.52574e-06;0.0154266;0.000444714;7.11307e-07;0.000232522;0.00032447;0.975807;2.57138e-06
0.000312547;0.113327;1.05163e-08;9.95025e-05;1.80928e-06;3.30006e-05;1.48391e-05;0.020833;2.47705e-05;1.15183e-05;0.000802972;0.10748;0.754689;0.00236927
0.00047088;0.98555;1.061e-05;5.15485e-06;5.0169e-07;5.1658e-06;0.00977456;1.5517e-05;1.87806e-05;0.00043744;0.000108075;1.11523e-07;7.36624e-05;0.00352919
8.96089e-11;1.15716e-10;1;1.49891e-11;2.39971e-11;9.23631e-12;3.61359e-09;9.82106e-13;3.68123e-11;4.08418e-11;5.56232e-11;1.57993e-07;4.11129e-14;2.43575e-12
0.000108132;0.0985793;3.27931e-07;2.90794e-05;1.09437e-05;6.28989e-05;0.00194578;0.00517763;0.378863;5.60025e-06;0.0561029;2.17435e-05;0.458637;0.000454886
1.74127e-05;0.821122;0.168918;1.71678e-06;5.66376e-05;1.42296e-07;3.91114e-08;0.00156917;6.32357e-08;2.00209e-06;1.57416e-08;0.000935358;1.66207e-05;0.0073606
9.86211e-06;0.640643;1.93015e-08;0.000703874;0.0084575;0.00989705;8.57557e-06;0.0105267;0.00283317;4.47861e-05;0.00105095;0.00017385;0.0198942;0.305756
0.000199529;0.689526;0.000274843;1.23269e-05;3.64623e-06;1.21897e-05;6.35015e-06;0.000844263;3.04958e-05;1.66733e-05;0.000148127;0.161048;0.147868;9.4377e-06
0.000186038;0.581914;4.77191e-07;0.00104307;0.000455871;0.00279977;0.00151069;0.0191607;0.0535243;0.000303865;0.0879341;0.00592131;0.242959;0.00228667
0.00142715;0.517639;0.0129172;0.13812;0.109102;0.0122281;3.37374e-05;0.0210647;0.00338115;0.000277619;0.000259736;0.152492;0.00504332;0.0260135
9.95408e-05;0.688265;3.6449e-08;1.99693e-06;0.000165521;1.66425e-06;3.35395e-07;0.0979982;1.58262e-05;1.84964e-07;1.3634e-05;0.00199946;0.211417;2.15498e-05
2.5868e-06;0.774366;8.2129e-08;8.68986e-05;0.017111;0.000135236;3.23297e-06;0.00132391;2.17523e-05;8.89767e-05;0.000146909;0.00874842;0.00250299;0.195462
0.00124696;0.114051;0.000148802;0.197422;0.551265;0.00283153;0.00342114;0.0148267;0.0261771;0.00798897;0.0463018;0.0114507;0.0140358;0.00883263
0.00183821;0.993503;0.00276086;0.000188284;9.93562e-06;1.06407e-06;1.44807e-06;5.51057e-05;5.26644e-07;1.31755e-05;2.48222e-06;0.000714225;0.000607819;0.000303457
0.00190926;0.0526183;0.000161551;2.76307e-05;0.000283932;1.3071e-06;0.000773353;0.00433997;0.0114943;1.06954e-06;0.0104142;0.9171;0.00062958;0.000245761
8.00213e-06;0.944095;5.56059e-08;1.01093e-07;4.63917e-06;1.54084e-08;5.64343e-07;0.0309132;4.37069e-06;3.92833e-08;3.42991e-06;0.0171373;0.00783063;2.22782e-06
9.5674e-07;0.0114526;5.66846e-11;4.9577e-06;9.82247e-07;9.83992e-06;3.9477e-06;2.66626e-05;0.000259922;7.39902e-06;1.38767e-05;0.000246269;0.987949;2.379e-05
1.3316e-05;2.76245e-05;0.985627;1.02747e-05;7.53162e-07;2.06587e-05;8.30437e-09;2.97615e-06;1.14526e-06;2.01117e-06;3.20222e-07;0.0142893;1.21801e-06;2.9387e-06
9.80431e-06;0.99569;2.68677e-07;1.78292e-05;6.04683e-06;1.37111e-05;1.04447e-06;0.00322296;0.000397335;6.05804e-08;0.000104156;8.08814e-05;0.000451235;4.18582e-06
1.26213e-05;0.982199;2.39614e-08;1.71122e-08;2.28281e-09;3.78805e-08;2.7584e-07;9.32632e-06;3.06288e-07;2.32969e-08;3.05956e-07;8.47863e-06;0.0177692;6.54191e-09
2.02729e-07;0.88102;4.2392e-08;1.82435e-08;1.38353e-07;1.71921e-07;1.18558e-05;5.17734e-07;3.24581e-09;8.45152e-05;1.10992e-09;3.31667e-07;9.50304e-08;0.118882
3.93562e-11;2.36967e-11;0.999999;1.08346e-08;9.56283e-08;2.08163e-07;5.39988e-10;5.10634e-12;6.21228e-11;5.62817e-10;4.61146e-10;3.25861e-07;5.57162e-12;8.25896e-08
1.42897e-05;0.978072;1.49062e-08;2.7986e-05;0.000166814;2.89024e-05;1.88527e-05;0.0179715;4.09992e-05;1.31033e-06;9.77549e-05;1.58978e-06;0.00354618;1.23164e-05
7.23691e-05;0.282528;1.31247e-07;6.75829e-07;1.05042e-06;1.9361e-06;5.78374e-06;0.0155997;1.41741e-06;4.82635e-07;3.36149e-06;0.00410392;0.697681;4.96513e-08
3.37624e-08;4.33409e-05;4.61339e-10;1.13651e-06;6.61467e-05;1.43656e-06;6.167e-09;0.00167594;6.61331e-08;8.13028e-08;6.80804e-07;0.00111971;0.997066;2.55606e-05
9.30963e-05;0.0102463;2.47233e-06;4.25069e-05;1.40402e-05;2.56003e-08;8.27283e-05;0.00222932;0.00046768;1.25853e-05;0.000565182;0.985934;0.000287756;2.25822e-05
7.99195e-06;0.0743433;3.03721e-07;6.25362e-06;0.00393943;2.65428e-06;7.06848e-06;0.921199;7.09593e-06;5.69377e-06;1.73702e-06;3.5713e-07;6.39528e-05;0.000415388
1.95708e-07;0.000211807;0.999692;2.5572e-05;3.74988e-06;2.31346e-05;1.91887e-07;5.06396e-08;2.44854e-08;3.67339e-06;2.10002e-07;3.70532e-07;9.44579e-06;2.90635e-05
1.11839e-06;1.39505e-05;0.999932;8.61024e-09;7.78157e-09;7.03225e-10;2.48416e-07;1.96406e-07;5.05741e-08;4.35807e-09;3.2836e-07;5.24217e-05;2.1046e-09;4.04915e-08
2.52113e-09;0.999983;6.73936e-16;8.18927e-13;4.08981e-09;2.53788e-10;9.33295e-08;3.95034e-09;4.00841e-11;1.44227e-10;1.42182e-12;2.35815e-12;3.86662e-08;1.64985e-05
2.0774e-11;2.9841e-13;1;7.42256e-14;8.4503e-11;2.69886e-12;6.72041e-12;3.17339e-12;2.67771e-12;4.68977e-13;1.24769e-14;1.62476e-07;4.47756e-13;2.55678e-12
8.74475e-05;0.182647;3.93695e-06;1.98152e-05;0.000422353;0.00192624;2.25672e-05;0.595703;0.00488525;3.03037e-06;0.000407042;0.00355399;0.153739;0.0565781
8.48733e-08;3.69822e-05;4.56726e-11;1.87955e-09;9.33501e-08;1.24994e-08;2.48584e-10;0.899677;4.65638e-07;1.03545e-10;2.25613e-07;1.38728e-07;0.100285;1.84465e-08
5.87217e-07;0.000347347;1.36972e-06;3.51199e-07;4.84078e-07;4.71218e-08;5.72655e-09;0.000604853;5.83075e-06;3.28702e-08;1.81871e-06;0.998602;0.000387423;4.8308e-05
2.78953e-06;0.0213125;8.72964e-08;4.15196e-08;8.38746e-06;3.01266e-07;1.38681e-08;0.978085;3.60793e-07;4.5939e-08;2.19812e-07;9.92709e-07;0.000542836;4.64036e-05
1.35559e-06;0.995187;6.28582e-06;1.28089e-05;0.000219303;3.82494e-05;1.33074e-05;0.00212894;9.26776e-06;2.42357e-05;1.03761e-05;0.00134123;0.000155305;0.000852238
2.33209e-08;6.13272e-08;0.999999;9.59427e-10;2.42793e-09;7.88209e-11;3.20757e-07;1.86077e-10;1.4919e-09;1.47741e-09;7.62829e-09;1.30778e-07;1.03385e-08;2.89857e-11
4.32746e-06;1.22898e-05;0.999705;2.60257e-08;3.51065e-06;1.07957e-07;1.37748e-07;8.68705e-06;2.31341e-06;2.88701e-07;2.63702e-07;0.000245607;6.75938e-06;1.11676e-05
3.45046e-07;2.63421e-05;1.22025e-06;5.20073e-08;0.00186768;0.560059;5.11386e-09;8.61623e-08;4.6942e-06;6.70647e-07;1.09168e-07;4.97297e-09;1.5841e-05;0.438024
3.42219e-05;0.0392647;0.799703;3.99003e-07;0.0027871;2.75773e-05;4.54316e-08;7.61515e-07;8.22159e-08;1.46334e-05;3.58396e-09;0.157768;6.47475e-06;0.000393129
4.91726e-09;1.86152e-09;0.999998;7.88043e-11;1.44001e-06;3.21248e-08;4.78587e-10;6.60744e-08;2.83647e-09;1.73201e-10;6.75269e-12;1.23429e-09;1.30163e-10;3.56327e-10
8.08788e-06;0.00184396;1.34039e-06;1.94948e-08;2.44042e-07;1.03524e-08;2.73827e-09;0.997785;8.27176e-06;2.6334e-09;2.54596e-07;0.000287813;6.46803e-05;9.95797e-11
1.49974e-05;0.197013;1.6731e-07;0.000122062;0.00021897;0.000310194;1.39799e-07;0.756417;8.39947e-06;2.84347e-05;1.5225e-06;0.00130277;0.0443628;0.000199875
0.000191375;0.0420172;9.5719e-06;5.29336e-05;1.6783e-07;3.26386e-06;2.59636e-05;0.166074;5.11463e-05;2.35814e-05;0.000192656;0.773255;0.0181019;4.0621e-07
2.61964e-05;0.977374;0.000264677;2.15515e-05;0.000470869;1.40752e-06;2.49221e-06;0.0155563;6.77968e-06;1.79403e-07;9.63419e-07;0.000558637;0.00542378;0.000292285
0.000104835;0.189577;9.48365e-06;1.92692e-05;4.31138e-06;4.44033e-05;0.00107733;0.222908;0.000318458;0.000148348;0.000172815;1.85875e-06;0.585561;5.35274e-05
1.07609e-10;3.57451e-11;1;1.38249e-10;1.57503e-10;4.3049e-11;1.03632e-10;1.30599e-12;3.51577e-11;2.97224e-11;1.05856e-11;4.4955e-08;7.05653e-12;3.54273e-12
3.82534e-05;0.0719479;0.00128921;2.49218e-05;1.73301e-05;7.75721e-05;1.27785e-07;0.00388914;4.97069e-05;6.61497e-07;1.50516e-05;0.921069;0.000231881;0.00134925
1.47087e-05;0.72163;1.14732e-07;7.02736e-07;2.91017e-05;0.00356799;4.05608e-06;0.000593478;4.28383e-05;1.34186e-05;0.000136144;0.00633759;0.231514;0.036116
5.35888e-07;0.0191874;0.739529;3.95655e-07;1.58802e-05;1.12007e-05;3.774e-08;1.14776e-06;8.11705e-09;1.23138e-06;3.95008e-08;0.224112;0.0165095;0.000632111
1.94409e-06;0.00944169;3.08989e-09;1.20201e-06;0.00260551;0.000147244;1.34969e-06;0.834909;0.000117206;2.56129e-07;8.1653e-07;7.01603e-07;0.152686;8.67866e-05
8.24149e-07;0.98605;0.0102522;3.48797e-07;0.000127244;1.57308e-07;1.08065e-08;0.00351031;8.9192e-10;7.25811e-07;1.48497e-10;7.76524e-07;5.38424e-05;3.09165e-06
8.44813e-10;6.47945e-08;1;4.57728e-09;4.95164e-08;1.9433e-09;1.62817e-09;8.20179e-09;1.83676e-11;1.01325e-09;1.03611e-10;1.40821e-07;1.53787e-08;2.36053e-09
2.88823e-09;1.33823e-07;0.998277;3.94457e-07;1.09814e-07;2.10174e-07;1.42184e-10;3.26896e-07;8.75074e-10;3.87612e-09;2.05121e-08;0.00171626;3.41824e-08;5.43765e-06
2.61122e-09;7.42722e-06;1.28352e-06;3.22191e-09;4.59637e-07;0.000115497;1.94948e-12;5.12801e-08;3.06813e-12;6.6976e-10;2.82249e-11;6.39962e-07;3.41257e-07;0.999874
2.85898e-09;1.12823e-05;7.14804e-11;9.87675e-11;1.05197e-08;1.20236e-08;2.17079e-12;4.49765e-05;1.6334e-10;5.62157e-13;4.31488e-10;5.02246e-07;0.999943;2.89876e-08
1.39747e-05;0.370948;1.83096e-07;4.52474e-06;1.07518e-05;6.6299e-07;3.50146e-09;0.000324298;2.37773e-07;2.41074e-07;1.0498e-07;0.0235788;0.59871;0.00640896
4.62341e-08;0.0317254;1.30565e-06;1.49898e-08;3.91171e-07;4.64135e-10;6.99269e-10;0.966599;2.23048e-09;1.89908e-08;1.72295e-08;0.00163914;3.46227e-05;1.22053e-08
4.37e-08;0.000473781;0.993018;0.00128536;0.000125344;0.00120786;1.67865e-08;2.98245e-05;8.50349e-09;2.10071e-05;9.8607e-07;0.00110114;0.00232317;0.000413265
0.000148585;0.313375;3.76562e-05;6.82251e-05;4.83759e-06;1.80025e-07;0.139147;0.000540238;0.000857052;6.77476e-05;0.432888;3.08784e-05;0.112582;0.000251941
5.2924e-06;0.0143612;2.08537e-07;6.00828e-06;0.00582909;0.000639381;6.7244e-06;0.971703;3.19206e-05;1.09987e-05;1.89948e-05;1.56425e-08;0.00737203;1.48398e-05
3.26918e-09;2.83059e-09;1;7.00478e-10;2.18113e-09;4.70284e-12;5.11188e-10;1.21692e-10;3.98655e-11;9.14629e-10;5.02428e-11;2.71916e-07;6.16183e-12;8.46012e-10
5.08903e-06;0.000320548;0.00532429;1.36168e-05;5.28909e-07;1.26909e-06;3.65786e-08;0.000119106;0.000133371;1.42178e-07;5.71476e-05;0.994009;4.53319e-06;1.16651e-05
4.83419e-05;0.96074;5.07481e-09;1.32409e-06;8.85464e-06;1.85886e-05;0.0283903;0.000524468;5.00369e-06;0.00103108;0.000100063;4.88858e-11;0.00019865;0.00893339
3.71484e-11;1.96111e-12;0.99999;2.88282e-10;3.81696e-09;3.86476e-10;1.62183e-11;1.11836e-13;5.018e-12;6.3479e-11;1.81246e-11;9.68778e-06;5.98049e-13;1.0338e-11
3.30051e-07;1.19305e-05;3.46824e-07;1.10383e-09;2.01631e-05;9.98299e-10;3.47427e-12;0.99996;8.32532e-09;4.54386e-11;4.88764e-10;5.98662e-06;7.95704e-07;7.93219e-07
2.34791e-09;3.33474e-07;1.96573e-09;5.6156e-10;9.72202e-05;6.71649e-09;5.05818e-11;0.9999;2.65444e-08;5.87378e-10;5.0417e-10;1.04867e-08;2.31986e-06;3.18514e-08
3.20717e-10;1.39326e-08;0.999995;8.23056e-08;3.63212e-07;1.28513e-07;5.59226e-12;3.29256e-10;5.18898e-12;2.37463e-08;1.75274e-10;4.74579e-06;6.8883e-09;4.17654e-08
2.96038e-08;0.999876;5.46989e-08;1.89965e-08;1.58596e-09;5.30973e-09;1.87878e-08;0.000115085;1.08869e-08;4.08395e-10;3.17964e-07;3.73562e-06;5.28964e-06;3.92462e-08
