2.22292e-05;0.188256;2.34862e-06;2.13048e-05;0.000124778;4.29596e-05;6.46235e-07;0.00124391;0.00183384;1.05618e-07;0.000573002;0.262518;0.545349;1.30206e-05
6.09696e-06;0.813041;7.20778e-10;1.51135e-06;0.000114966;3.24958e-05;4.2294e-08;0.000217141;1.7747e-08;1.36286e-06;3.05604e-07;0.000348098;0.176426;0.00981119
3.8751e-05;0.105599;0.000300141;1.48816e-05;0.000596163;1.38353e-05;9.5731e-07;0.308809;2.29552e-07;1.87151e-05;4.2839e-06;0.577041;0.00444793;0.00311504
1.0353e-05;0.0919852;3.13463e-08;0.000242995;0.000194231;0.350725;0.000131712;0.00194571;0.000975689;1.00237e-05;0.00336365;6.25031e-07;0.545728;0.00468683
6.00136e-06;0.000202386;0.995151;5.11169e-06;3.92625e-07;2.66245e-06;3.16827e-06;1.90094e-07;9.8244e-08;1.53701e-06;2.53375e-07;0.00450365;7.89507e-05;4.41849e-05
1.73709e-05;0.959143;5.96613e-06;3.69596e-05;2.30032e-05;6.23823e-05;6.84027e-05;0.0351651;0.00117521;1.96756e-07;0.000647333;0.00105869;0.00257965;1.67186e-05
4.40292e-08;2.10293e-06;0.999988;3.38857e-08;1.01526e-06;3.51473e-07;8.88332e-10;1.0069e-07;2.35612e-09;1.9471e-08;9.06138e-10;1.92633e-06;3.28881e-06;3.46758e-06
8.54045e-07;0.957683;4.12523e-07;2.45151e-07;8.31709e-07;3.13023e-09;2.95576e-08;0.0414147;6.73822e-07;1.45005e-08;9.09667e-07;0.000176195;0.000721656;7.18588e-07
6.03943e-06;0.338725;5.33221e-11;1.25375e-05;0.000138272;6.33066e-08;8.62224e-05;0.657519;8.16888e-05;9.38586e-06;9.32159e-05;0.000556812;0.00269334;7.91685e-05
2.98699e-06;4.65283e-05;0.12572;1.03569e-05;8.99572e-06;3.39664e-07;1.68971e-06;3.96457e-08;9.79629e-09;1.57296e-05;1.8988e-07;0.87405;9.22995e-06;0.000133036
1.3335e-05;0.995694;3.65788e-09;5.81094e-06;9.92164e-07;2.72456e-08;0.000146692;0.0012498;0.00169149;2.02479e-08;0.000794876;0.000353223;4.95085e-05;7.06994e-08
1.49411e-06;0.00162053;1.02275e-05;3.81344e-08;6.5199e-07;1.64089e-07;1.69039e-10;9.79636e-08;1.30711e-10;2.98796e-09;2.61932e-10;1.92384e-05;0.998347;1.94754e-07
1.9259e-07;0.00153686;3.11786e-09;5.66281e-09;1.18747e-05;2.25518e-10;2.13681e-09;0.9983;6.10895e-08;4.1658e-09;6.60651e-09;0.000144074;4.89816e-06;1.4798e-06
4.55919e-07;0.00202975;0.943218;1.0067e-05;0.00297753;2.23781e-05;9.25865e-09;0.000210803;2.02725e-10;4.85785e-05;6.9959e-10;0.00287033;3.2234e-05;0.0485804
1.0085e-05;0.000777639;9.55124e-09;4.90722e-07;2.80941e-06;0.000869496;9.30763e-06;7.19117e-05;4.89069e-05;1.8318e-07;3.71927e-05;1.25078e-08;0.998164;7.62299e-06
2.78757e-06;6.75217e-05;0.999274;4.29114e-07;9.18755e-07;1.21867e-07;3.63364e-08;3.9631e-06;2.69943e-08;3.64356e-07;5.12158e-09;0.000638076;3.56552e-07;1.16532e-05
1.16554e-05;0.924515;1.2602e-08;1.14973e-05;1.20755e-05;3.82353e-05;1.14814e-05;0.0720573;0.000507565;2.9651e-07;7.91134e-05;6.02518e-06;0.00241566;0.00033403
2.33745e-05;0.991941;1.81431e-07;2.03004e-08;8.99257e-09;3.89366e-09;7.6486e-07;9.95316e-07;1.84362e-08;3.54228e-08;7.29649e-08;0.00564657;0.00238645;5.78681e-07
5.11658e-07;1.52385e-05;4.90697e-07;1.48484e-05;0.614856;3.07741e-05;1.34622e-07;0.0194286;2.15857e-05;1.49242e-07;2.28904e-06;0.363647;8.12448e-06;0.00197502
1.39536e-06;0.995349;0.00376101;2.55257e-05;1.39851e-06;2.01549e-06;1.02262e-06;3.61409e-07;3.55592e-08;2.73477e-06;1.3064e-06;7.36007e-07;0.000840816;1.30472e-05
9.93577e-05;0.106763;9.54562e-06;2.47318e-06;2.28314e-07;3.42733e-06;4.07156e-05;3.33139e-05;1.6963e-06;4.98957e-07;3.88413e-05;0.477421;0.415586;5.63917e-07
8.33344e-05;0.00392472;0.000252616;3.68814e-06;0.00126633;0.000366623;8.46571e-07;0.9781;2.76504e-06;7.00131e-07;2.90241e-06;0.00397562;0.0111325;0.00088769
2.99438e-06;0.0345648;3.07916e-06;0.000133828;0.000491254;0.0179263;4.52601e-06;0.0007367;7.78715e-05;1.1956e-06;0.000698072;0.000122312;0.943961;0.00127623
1.37245e-06;0.00175799;0.996472;6.35942e-07;3.17916e-05;7.80325e-06;8.1055e-09;4.76385e-05;7.65847e-10;1.12811e-06;6.15438e-09;0.000151613;8.54861e-06;0.00152006
2.05803e-05;0.000245367;8.0477e-09;4.86339e-06;9.26337e-05;4.99949e-05;1.64218e-05;3.6272e-05;7.31919e-05;1.04478e-06;0.00349349;6.35821e-05;0.995895;7.68616e-06
4.56068e-06;0.000514705;1.71792e-08;3.33737e-08;2.26962e-08;9.86415e-09;3.35207e-08;8.25221e-06;3.00166e-07;3.42698e-08;1.97224e-06;0.998953;0.00051463;2.65306e-06
2.82256e-07;0.999795;6.78751e-07;3.43824e-07;1.49772e-06;2.26015e-09;1.74811e-09;0.000188784;7.1355e-09;9.34618e-09;2.43253e-08;9.22263e-06;4.69395e-06;3.58725e-08
3.47023e-05;0.992441;0.000902545;0.00037159;1.06621e-05;4.93469e-05;3.80623e-05;6.29906e-07;2.75492e-07;7.31448e-05;3.74411e-05;0.000151113;0.00558974;0.000299739
2.25055e-05;0.0153411;9.50275e-07;5.86299e-08;4.41935e-08;4.87338e-07;6.84741e-06;3.46019e-06;7.36548e-08;3.4446e-08;2.18732e-05;0.967185;0.0174172;3.42859e-07
4.21523e-05;0.00123254;2.24621e-05;3.74825e-08;0.00161018;0.000342302;8.11074e-08;0.994021;5.39546e-07;6.85698e-08;4.18055e-08;5.05728e-05;0.00257803;0.000100352
3.31352e-07;3.76743e-05;5.15369e-07;1.87499e-07;2.3623e-05;0.0138441;2.10348e-08;4.6761e-05;4.6524e-06;9.55427e-08;4.61612e-07;3.28495e-06;0.98568;0.000358132
1.20606e-06;0.000514125;0.998661;8.66907e-07;9.26985e-07;2.78599e-07;9.22495e-06;1.13477e-08;3.0689e-08;0.000119814;3.53123e-08;0.000393755;2.55581e-07;0.00029835
9.30413e-08;2.03066e-08;0.999997;1.08072e-08;4.21479e-08;1.60743e-08;1.29327e-06;1.6926e-09;8.43073e-07;2.53706e-08;1.34175e-07;1.49999e-07;1.43125e-08;7.99527e-10
8.79707e-06;0.993645;1.19169e-08;6.84707e-06;3.83781e-07;4.65158e-07;7.05223e-05;0.000264403;0.00203422;1.15982e-05;0.000606366;1.51294e-05;0.0033353;1.06543e-06
5.38271e-08;1.91921e-06;0.000162247;4.06955e-06;1.59538e-06;5.42939e-08;3.106e-10;9.36317e-08;1.33939e-08;1.36562e-08;1.21721e-07;0.999819;4.35699e-06;6.36016e-06
0.00235015;0.562943;6.21464e-07;1.50049e-05;1.00013e-05;1.37788e-05;0.00683817;0.38972;0.00293855;9.50011e-06;0.0037049;8.38415e-06;0.0312235;0.000224454
3.2659e-06;0.000474426;1.48561e-09;1.4547e-07;1.42065e-05;1.71429e-07;6.32099e-08;0.929458;6.30151e-06;1.39548e-08;1.79983e-05;0.00194905;0.0680689;6.97279e-06
2.28343e-05;0.00428161;1.76585e-06;7.15811e-06;4.30865e-05;1.32232e-06;5.25272e-07;0.00123141;3.11894e-05;7.65298e-06;8.78696e-06;0.989597;0.00457913;0.00018658
2.91986e-05;0.876442;9.46615e-09;0.000199589;5.57608e-05;4.84612e-06;0.00180653;0.000235516;0.000955699;3.64787e-05;0.0104857;0.000397861;0.109344;6.60101e-06
0.000330514;0.220562;8.69951e-07;0.0985497;0.0244741;0.0480023;2.45962e-05;0.114172;3.45464e-05;0.00176715;0.00217049;0.00181764;0.0149557;0.473139
0.00151853;0.990023;5.30345e-06;4.59583e-05;5.13722e-08;4.84351e-07;0.00492179;1.64859e-05;3.13421e-05;0.000291923;0.000226638;0.000180074;0.00196185;0.000776844
5.66473e-11;8.33074e-12;1;5.26476e-12;1.41228e-12;1.31727e-12;2.51372e-10;3.51864e-15;2.57079e-12;8.61113e-12;1.73508e-12;3.07018e-09;3.9308e-12;2.56533e-14
3.85929e-05;0.892264;0.000195181;1.47353e-06;2.85137e-06;7.6464e-07;8.56345e-06;0.0153227;0.000260599;6.30791e-06;4.38826e-05;6.18865e-06;0.0917561;9.27889e-05
2.3512e-06;0.0193983;1.2561e-08;0.000147393;2.44051e-05;0.837648;3.9558e-05;3.76302e-05;0.000293316;0.00176689;5.27287e-05;5.17731e-08;0.115102;0.0254873
2.42296e-05;0.000220607;0.819148;0.000451736;4.30497e-05;1.04676e-05;0.00468051;8.42527e-09;1.14407e-06;0.111078;2.41819e-06;0.0611693;6.00757e-06;0.00316474
4.07688e-06;2.06784e-07;0.999702;1.39589e-06;1.92363e-08;7.91077e-07;0.000166291;5.3832e-09;5.83497e-05;3.46354e-07;6.54917e-05;9.05488e-07;3.27378e-07;1.33707e-10
3.62471e-05;0.000101697;4.97238e-07;1.62962e-07;7.8878e-08;3.34437e-08;3.90976e-07;0.999789;5.59434e-05;8.41145e-08;1.00937e-05;6.78823e-08;5.3419e-06;1.40972e-08
5.56822e-09;0.996617;3.09277e-10;1.13215e-08;1.45444e-08;1.23127e-09;3.60344e-08;3.1082e-09;2.90387e-10;9.45918e-07;2.66973e-10;9.10598e-08;7.4133e-08;0.003382
3.23922e-06;3.78775e-05;0.999307;4.31749e-07;5.21948e-07;4.83842e-06;0.000531326;1.23206e-05;3.72989e-06;1.08281e-05;6.4979e-05;1.93875e-07;2.22212e-05;7.09948e-07
5.30622e-09;1.7241e-08;1;7.05395e-10;2.11483e-08;6.4805e-10;1.65154e-09;7.99584e-08;3.1265e-10;3.90133e-11;6.16554e-10;2.26964e-09;1.92507e-10;5.38629e-10
5.259e-06;0.000856566;0.0110009;4.31715e-06;2.16876e-06;2.03233e-05;2.11808e-08;1.23502e-05;3.1342e-05;2.84647e-07;3.94453e-06;0.987793;1.44393e-06;0.000268042
0.000165627;0.0320261;2.73801e-07;1.67217e-07;0.00731889;0.000143666;2.84916e-07;0.836919;4.40855e-06;5.72531e-07;1.21887e-06;2.2929e-05;0.00120201;0.122195
7.84089e-07;0.00234506;2.41446e-05;2.14597e-08;0.00913347;9.17011e-06;1.15451e-10;0.00148725;2.79844e-09;1.75423e-09;5.10158e-10;0.985254;8.42315e-05;0.00166193
9.16802e-10;0.999793;1.57284e-14;1.51538e-11;4.59138e-09;2.83971e-11;3.18932e-11;1.91633e-05;5.48863e-11;1.49035e-11;7.5066e-13;1.34366e-10;2.54136e-09;0.000187717
3.0945e-05;0.0536057;7.01536e-07;8.88603e-06;0.000488197;7.51492e-06;0.00069215;0.908965;0.000980751;7.98328e-07;0.000125515;0.000114714;0.0349794;3.8515e-08
6.45377e-08;0.991544;2.68148e-09;6.08224e-09;2.81345e-09;2.48598e-08;3.4194e-09;4.33688e-08;5.78832e-12;2.70144e-09;3.43421e-11;3.80175e-06;0.0084521;1.38798e-09
5.3501e-05;0.0583543;4.90979e-09;0.000565055;0.0219443;0.0923517;1.73615e-06;0.00682764;2.68592e-05;3.40051e-06;4.53478e-05;0.721819;0.0285765;0.0694311
0.000971517;0.0144705;0.00338859;0.000181581;0.0280692;0.000273087;2.7453e-06;0.165618;3.26049e-07;2.88854e-05;3.00759e-06;0.0121386;0.77465;0.000203567
3.70466e-05;0.00798894;6.18769e-08;1.01079e-06;2.43314e-07;1.13716e-05;3.68019e-05;4.54478e-06;6.89577e-05;3.90576e-07;3.84775e-06;1.51683e-06;0.991845;7.23111e-07
3.30487e-05;0.0117136;0.983689;3.10662e-05;1.25593e-06;3.94923e-07;0.000698232;1.88743e-07;2.76739e-07;0.00189934;2.37452e-07;0.00171725;5.53798e-05;0.000160772
5.18817e-08;2.66994e-09;0.999987;1.02814e-06;3.81431e-08;8.46923e-08;1.75042e-06;3.91727e-10;3.61811e-07;1.7675e-07;5.02118e-07;9.02632e-06;1.03068e-08;1.10082e-09
7.37086e-06;6.0803e-05;1.16417e-08;7.13455e-08;0.000117677;3.45153e-09;9.85994e-08;0.99976;6.59826e-07;6.46753e-08;5.53573e-07;3.55506e-06;1.30758e-07;4.92919e-05
1.16304e-06;0.000171132;0.999234;9.13095e-07;3.51053e-05;3.3338e-06;1.14836e-08;3.46498e-05;7.1463e-09;1.42393e-07;1.22508e-07;0.000380691;0.000136217;2.76335e-06
1.07565e-07;0.999571;2.11431e-10;3.77432e-10;1.57663e-09;5.1391e-11;0.000418441;7.91543e-07;2.80002e-09;6.23537e-07;1.73736e-08;1.62935e-06;2.1981e-07;7.66632e-06
2.95909e-10;3.66647e-10;1;3.72249e-09;7.44268e-08;1.01345e-08;2.15045e-08;5.5638e-11;1.38761e-08;1.69945e-09;2.70451e-10;3.68298e-08;1.10967e-10;1.33359e-08
1.12088e-06;0.996458;4.18713e-08;1.97576e-07;1.38001e-07;6.4418e-08;5.52572e-07;0.00347185;1.29202e-05;3.67026e-08;2.61581e-06;2.8882e-06;3.92576e-05;1.03858e-05
2.91323e-06;0.00140126;1.00102e-07;4.39219e-09;5.16091e-08;1.13685e-08;4.79188e-07;0.998556;1.08349e-05;2.2416e-08;2.61819e-08;3.44473e-07;2.59199e-05;2.44482e-06
5.8139e-09;5.54071e-06;2.20537e-07;7.8743e-07;1.3776e-05;2.31969e-06;4.28208e-10;1.52501e-06;8.92095e-07;1.11797e-09;4.6226e-07;0.994028;1.29302e-07;0.00594668
1.71101e-07;0.999095;5.61178e-10;1.27513e-07;5.51319e-09;3.73004e-09;7.88545e-08;0.000116307;8.49068e-07;1.08908e-09;7.62428e-06;1.49289e-07;0.000778189;1.60987e-06
4.15054e-06;0.00728846;3.3792e-05;3.6885e-07;5.48062e-05;1.37685e-07;1.45526e-08;0.000453652;1.20972e-06;1.8262e-07;2.2576e-06;0.988718;2.76962e-05;0.00341494
4.35206e-06;0.885682;0.00182618;2.73839e-05;0.00114552;0.000179224;4.30243e-06;2.90436e-07;2.13894e-08;2.98159e-06;9.36806e-07;4.28194e-05;0.110934;0.000149901
6.65254e-07;0.00143459;4.42062e-06;2.2842e-08;9.99483e-08;5.59262e-09;9.75607e-08;0.000320896;9.23212e-07;2.94746e-09;6.5885e-06;0.998196;3.61159e-05;8.58832e-09
1.11354e-06;0.57071;1.23901e-07;1.66629e-06;7.13213e-05;0.000162844;3.34693e-08;0.00534088;4.39811e-08;5.44076e-08;1.71383e-07;0.00179745;0.421908;5.38587e-06
3.516e-05;0.00499736;4.55229e-05;6.37572e-05;0.000927371;8.79549e-06;1.0745e-07;0.749088;1.17748e-05;6.75962e-07;2.7213e-05;0.225845;0.0185934;0.000356577
2.66658e-06;0.00175587;1.23834e-06;3.63037e-05;5.5843e-07;0.00023212;1.58425e-06;6.60947e-05;3.67703e-05;3.03788e-07;0.000206016;2.68781e-05;0.997523;0.000110853
3.09765e-06;0.00504768;0.802765;3.65067e-06;0.000429411;9.73778e-05;3.66366e-09;1.05814e-05;3.89744e-09;1.74162e-06;5.08362e-09;0.0857586;7.56186e-06;0.105875
7.83693e-07;7.34024e-05;3.34783e-12;7.50088e-08;6.47701e-07;9.20157e-06;1.03561e-07;0.00162916;2.93058e-06;2.80764e-09;8.03776e-06;9.7013e-07;0.998274;4.24839e-07
3.75168e-06;0.000924785;2.02481e-08;5.24061e-07;3.22055e-07;7.99959e-07;2.42088e-09;1.75826e-05;6.9851e-07;5.41597e-08;1.54193e-06;0.997633;0.00126038;0.000156763
2.11393e-06;0.998281;1.67098e-06;1.04287e-05;1.32444e-06;1.04806e-08;6.10607e-08;5.9467e-05;1.84146e-07;1.74232e-07;1.29637e-06;0.00162595;1.62397e-05;4.42822e-07
0.000102136;0.376342;2.82546e-05;2.23119e-05;9.34594e-06;2.22372e-06;1.69245e-05;7.90797e-08;8.69786e-09;2.97722e-05;5.26861e-07;0.00967681;0.613757;1.20259e-05
0.000169599;0.378233;4.1858e-06;3.22436e-06;9.02364e-05;8.97235e-08;9.09693e-05;0.00362013;3.95004e-05;2.72195e-06;0.000226188;0.554587;0.0627918;0.000141161
1.94727e-05;0.0433649;6.98424e-08;2.10197e-05;0.0022254;0.410148;9.27443e-06;0.00173896;5.81513e-05;5.88674e-05;3.91164e-07;9.79521e-07;0.516959;0.025395
5.38038e-05;0.00016095;0.739552;2.00227e-06;1.32389e-06;1.13878e-06;5.51274e-05;7.95202e-08;5.66325e-07;0.00013967;5.43576e-08;0.259886;8.12312e-05;6.5957e-05
2.51369e-08;1.23024e-08;1;2.7629e-09;1.0851e-08;6.08716e-09;8.04849e-08;5.32979e-10;1.1911e-07;8.08495e-10;3.84472e-09;7.53243e-09;7.67691e-10;1.60789e-09
1.47217e-05;2.80429e-06;1.22073e-05;7.02526e-07;2.06573e-06;9.86015e-09;2.14367e-07;0.999848;0.00010464;8.07266e-08;6.53705e-06;4.41067e-06;3.30976e-06;1.9039e-07
2.64815e-08;0.999197;6.18201e-08;7.68164e-08;1.04598e-05;5.89313e-10;6.49187e-10;5.99456e-06;9.76454e-10;2.81812e-08;5.48265e-10;1.77004e-07;9.38983e-09;0.000785904
2.57607e-08;4.57459e-05;0.00010239;9.99913e-07;1.31294e-05;1.55632e-05;2.28409e-08;5.72685e-07;6.22356e-10;2.95497e-07;4.04458e-08;0.999468;1.6413e-06;0.0003518
7.54934e-08;0.0127003;5.42605e-12;2.70483e-08;1.24353e-06;1.89957e-06;1.4863e-08;0.000989761;2.6797e-09;2.89236e-10;1.39628e-08;2.29754e-07;0.986306;7.15801e-07
4.35398e-06;0.00264656;1.71068e-05;2.50956e-06;7.34656e-06;0.000165877;1.13804e-07;0.00436572;2.11356e-09;1.81509e-06;1.19352e-08;0.000118691;0.992452;0.000218135
3.40015e-09;3.46383e-07;0.999999;2.71783e-07;2.15069e-08;1.99994e-08;6.31514e-07;1.85008e-09;8.62011e-10;4.54955e-09;1.96883e-08;2.85264e-08;1.29935e-08;2.69273e-09
4.67887e-08;1.76577e-05;0.98622;2.69615e-07;2.36686e-08;8.23733e-08;2.04817e-08;1.51032e-05;5.84648e-09;1.1862e-08;4.24862e-08;0.0137458;4.87978e-07;2.77352e-07
9.95585e-07;0.00223008;0.00211926;3.64078e-05;0.111451;0.19459;7.22937e-07;0.000420943;1.512e-06;1.12407e-05;6.6959e-05;0.0322602;0.0040032;0.652807
2.38011e-05;0.516181;5.11828e-06;0.000357286;0.00886367;0.00218308;2.10204e-07;0.120781;1.60451e-05;4.90296e-06;0.000318985;0.300564;0.0179368;0.0327633
3.06865e-05;0.964997;2.97733e-05;1.29402e-05;3.22232e-06;3.24348e-06;6.64485e-07;0.00105157;2.96539e-05;3.31838e-07;5.10554e-05;0.00191129;0.022332;0.00954627
6.31658e-09;0.999996;4.31818e-08;2.80539e-08;2.25934e-08;1.75086e-10;4.67851e-12;1.77115e-06;3.73265e-12;3.96973e-09;1.41567e-10;1.04274e-06;1.69466e-07;4.79757e-07
8.58803e-06;0.566464;9.55825e-06;7.69579e-05;0.000101156;0.000532736;8.25021e-07;4.89217e-07;2.06456e-10;2.35378e-05;2.08256e-07;0.0303276;0.398403;0.00405118
1.88211e-05;0.0182542;2.13491e-08;1.27683e-06;0.000569316;3.04115e-06;5.02035e-06;0.0016485;5.83463e-08;1.25059e-06;4.73515e-05;0.126752;0.851926;0.000772786
1.68468e-06;0.000139388;1.81289e-06;1.54503e-05;0.000709156;0.178285;5.72368e-07;0.000238467;1.56329e-06;3.50333e-06;3.4045e-06;3.96791e-07;0.820409;0.000190369
2.90293e-07;6.61835e-07;0.999491;1.07054e-07;3.33947e-08;2.06738e-08;4.87925e-06;3.6456e-11;7.49456e-09;1.76823e-06;1.93721e-08;0.000500086;7.8327e-07;5.17183e-07
2.89355e-09;1.52714e-09;1;1.83024e-10;1.40182e-10;9.30363e-10;5.11513e-08;1.33126e-11;4.44503e-09;1.77846e-10;4.47145e-10;9.26101e-10;5.25519e-11;4.47469e-11
8.60028e-07;0.99926;5.90951e-11;5.07027e-09;5.81724e-10;7.63521e-10;4.42387e-08;1.26497e-05;1.28406e-07;4.50618e-09;1.48515e-07;9.48184e-06;0.000717116;8.60981e-09
1.38401e-07;0.000978901;5.79227e-06;1.62501e-05;4.60256e-06;2.92469e-05;5.09846e-10;9.26016e-06;1.01206e-08;5.33409e-07;1.29694e-08;0.998612;1.6599e-05;0.000326333
0.000192485;0.562439;4.03558e-08;6.8979e-06;0.000504532;3.19056e-07;0.00264659;0.433167;0.000187592;2.44347e-05;0.000510894;3.65994e-05;0.000280099;3.18907e-06
3.31443e-05;0.906437;0.0373908;1.18191e-05;0.000436831;0.00025201;1.46167e-05;0.000361241;8.19282e-08;2.72486e-05;1.79035e-07;0.0528245;0.000577819;0.00163298
1.7111e-06;0.000450568;4.31458e-10;1.98535e-08;1.02186e-06;1.23433e-07;2.04441e-07;0.0528356;6.67991e-07;7.82779e-09;2.00759e-07;0.000370112;0.946339;8.76402e-07
4.37147e-06;0.000796813;1.56948e-05;2.17815e-06;2.01673e-06;2.09027e-07;7.15116e-08;0.000120749;1.02943e-05;2.48137e-07;3.488e-06;0.998456;2.73174e-05;0.000560891
1.33071e-06;0.997561;6.24394e-08;2.37123e-07;3.67356e-07;1.40442e-07;2.7814e-07;0.00158365;4.9169e-07;1.21308e-07;5.36344e-07;2.1598e-05;0.000824597;5.23166e-06
9.68081e-07;0.0070515;5.94986e-07;1.32462e-06;1.80182e-05;2.7969e-05;1.37814e-07;0.00107735;6.46087e-07;5.10776e-06;7.28746e-07;0.000440015;0.99045;0.000925387
1.6005e-05;0.0060338;1.70047e-10;0.000114592;0.000106596;0.00122929;1.88558e-05;0.00031374;0.00441925;2.39642e-06;0.000709675;0.000479436;0.985704;0.000851911
3.26693e-05;0.026084;0.972248;2.39389e-06;1.80668e-06;3.40668e-07;1.26939e-07;1.51438e-05;3.82274e-09;2.15705e-06;4.34958e-08;0.00158295;1.87745e-05;1.14241e-05
5.17217e-07;3.20295e-05;5.23956e-10;6.95532e-08;3.48652e-07;1.78389e-07;1.09626e-07;5.64674e-05;1.54707e-07;2.36246e-08;1.2598e-05;6.30976e-06;0.999891;3.76215e-07
2.34948e-05;0.00344274;3.89751e-05;8.19657e-07;3.45238e-06;1.36038e-05;4.68702e-06;6.56977e-05;2.84752e-05;1.37511e-06;4.07716e-05;0.896717;0.0994709;0.000147807
7.41303e-06;0.977261;0.0169508;1.04073e-06;4.89875e-06;1.54178e-07;2.10258e-06;0.00137643;1.10079e-08;6.21135e-06;3.42824e-07;0.000150056;0.00423917;6.26751e-07
1.58284e-11;1.0875e-08;1;4.17183e-11;2.66064e-10;1.65382e-11;6.09537e-10;1.84329e-13;7.34328e-13;2.4817e-10;2.05092e-12;2.2165e-09;4.52202e-13;1.00408e-10
2.21447e-07;0.0001206;3.30514e-05;3.34654e-08;1.65376e-07;7.18384e-08;1.28846e-06;0.000104403;2.68628e-07;1.49512e-07;2.43183e-07;0.999621;0.000117176;1.66496e-06
2.09344e-07;0.00370885;4.16821e-10;8.91423e-07;2.92392e-05;1.44293e-06;1.49157e-07;0.0117175;2.54633e-06;1.50844e-08;9.83423e-06;0.00158241;0.982945;1.84767e-06
2.26956e-06;0.165639;1.60469e-08;3.77096e-05;3.8475e-05;8.26737e-05;2.56818e-06;0.00333229;1.20464e-05;1.99757e-06;3.05963e-05;0.000652998;0.830073;9.42798e-05
3.64442e-05;0.167691;0.813601;9.09285e-06;3.95077e-05;2.08101e-06;2.58713e-06;0.000203181;8.53071e-08;4.70406e-06;4.63433e-08;0.0145156;3.82153e-05;0.00385655
1.73695e-06;6.06001e-05;1.68283e-10;1.72529e-08;1.15259e-07;2.17422e-08;1.14156e-08;0.0220763;5.42244e-06;4.57894e-10;1.28861e-06;4.25183e-06;0.97785;9.21773e-08
1.7203e-06;0.00252707;1.60637e-07;1.96887e-07;1.4849e-07;7.11788e-08;5.46238e-09;4.77424e-06;8.43168e-07;2.94865e-08;5.68472e-07;0.993625;0.00376595;7.36542e-05
5.71014e-07;0.935856;4.66073e-08;3.01404e-07;1.10743e-07;6.89286e-09;5.3264e-06;0.0633705;1.00496e-05;4.19313e-07;2.71228e-05;0.000606059;0.00012402;9.95337e-09
6.38566e-06;0.134696;0.418563;0.0143014;0.00176692;0.016661;9.32934e-05;4.5381e-05;1.22354e-06;0.0069493;0.000201239;0.389143;0.0130811;0.00449069
8.84074e-05;0.00674409;1.3847e-05;5.81949e-06;1.8357e-08;3.7254e-07;0.00117699;0.000319886;0.000339516;6.46869e-07;0.00908356;0.000178904;0.982048;3.28736e-08
8.89377e-06;0.892775;2.09122e-05;9.6694e-06;2.38975e-06;9.22184e-07;2.31739e-06;0.000834542;1.32782e-05;2.78832e-06;1.9258e-06;0.000745403;0.105497;8.5001e-05
0.000207597;0.0596131;4.23344e-09;0.0011206;0.00563777;8.51481e-05;0.000283844;0.850406;0.00494509;0.00183231;3.73773e-05;2.39464e-05;0.060974;0.0148335
4.35601e-05;0.0107569;2.50961e-06;9.11115e-06;8.78044e-06;3.70415e-06;4.52999e-06;0.000388055;5.06516e-05;2.48962e-06;5.27494e-05;0.987144;0.000923589;0.000609436
8.16253e-06;0.00159328;2.17453e-08;3.91534e-07;5.35114e-06;4.76006e-07;2.87087e-07;3.02539e-05;8.76945e-07;1.36987e-07;5.00832e-06;0.00163344;0.996721;1.21496e-06
0.000114754;0.00451643;3.07928e-05;3.03984e-05;0.00010119;0.00202628;2.56611e-06;0.0010015;0.000190145;6.83615e-06;0.000279379;0.393044;0.595245;0.00341141
2.93341e-06;0.00955151;0.983835;5.87648e-06;0.000640873;5.735e-05;3.78551e-08;0.000134222;1.30094e-08;5.00857e-06;2.01119e-08;0.00419236;0.000679379;0.000895684
6.86743e-07;6.66515e-05;1.51308e-10;2.33675e-07;1.04543e-06;1.03595e-06;5.86647e-08;0.00204948;4.13501e-06;4.14395e-08;4.40846e-06;5.09944e-07;0.997869;3.03019e-06
5.12221e-06;0.0011904;4.17739e-06;5.04825e-06;3.12217e-07;6.24812e-07;2.00168e-07;2.23364e-06;3.67276e-05;1.08669e-06;4.00153e-05;0.997963;0.000699795;5.12522e-05
7.16594e-07;0.999908;9.8858e-06;4.14643e-06;2.47489e-07;1.47201e-07;1.11756e-08;8.39746e-06;1.87185e-08;6.37152e-08;2.29598e-07;5.38583e-05;1.42709e-05;1.02318e-07
1.9851e-07;0.00013189;1.95154e-11;9.86926e-09;1.55279e-09;6.66018e-08;3.37478e-09;3.421e-07;1.86061e-09;2.08115e-09;3.01374e-08;6.55659e-08;0.999867;6.08557e-10
1.03575e-06;0.000178926;0.987087;2.98227e-06;1.22631e-05;1.48625e-07;1.05566e-08;7.0742e-06;1.12822e-08;4.4728e-07;3.48809e-08;0.00968863;7.99566e-09;0.00302105
2.64497e-07;0.999731;4.57847e-10;7.06993e-08;0.00012265;4.46298e-08;1.23804e-09;0.000122187;9.308e-09;2.42283e-09;5.7134e-09;5.1426e-08;8.32895e-06;1.56477e-05
2.40511e-06;0.000443835;6.39981e-08;1.96896e-07;9.47615e-07;0.000108832;1.62281e-08;0.995162;6.69543e-07;4.09449e-07;8.13876e-07;0.000221395;0.00405621;1.8101e-06
0.000422681;0.835298;4.53211e-07;7.45794e-05;2.66143e-05;3.70168e-05;2.72913e-05;3.48648e-05;0.000151944;2.32835e-06;0.000318206;0.000531736;0.163072;1.78396e-06
0.0113214;0.287158;3.11351e-05;5.13338e-05;5.08186e-05;1.44459e-05;1.91893e-05;0.0330422;0.000946803;5.02758e-06;0.000823974;0.324868;0.34159;7.66848e-05
7.28857e-07;0.992133;6.23512e-06;3.69453e-06;7.40934e-05;8.81148e-06;4.52297e-09;0.000111475;2.1066e-07;2.68658e-07;1.67669e-07;0.00650985;0.000965547;0.000185913
1.68125e-06;0.995924;2.05655e-08;3.70421e-05;3.7129e-06;4.94919e-07;8.69845e-06;0.00015334;5.18448e-06;4.259e-06;1.41791e-05;0.000807816;0.0030168;2.24137e-05
1.40099e-05;0.0747216;1.78934e-05;5.14439e-05;9.94119e-07;2.30586e-06;0.000220329;5.25626e-05;3.25523e-06;1.48237e-05;0.000121857;0.913928;0.0107675;8.3644e-05
1.8614e-07;0.998571;3.27817e-09;3.2547e-07;7.23738e-08;3.63745e-07;0.000203367;0.000142221;1.49465e-07;9.4986e-06;4.91906e-07;1.29828e-10;0.00102122;5.09624e-05
7.46646e-11;3.43487e-10;0.999999;3.94063e-09;1.10612e-08;2.20891e-09;1.07661e-10;4.57561e-14;1.73944e-11;2.87808e-10;2.94185e-11;6.52653e-07;8.2251e-12;1.56438e-09
1.1967e-05;0.934039;1.21908e-06;1.20084e-06;1.28682e-05;2.31652e-05;7.26864e-07;0.0585086;3.27252e-07;1.71988e-06;4.07947e-07;4.84144e-05;0.00734822;1.99812e-06
9.08139e-08;0.000376781;3.01752e-09;1.97469e-07;6.84539e-06;1.54236e-05;5.86927e-08;5.39879e-05;2.04974e-08;2.94297e-07;7.21382e-07;2.94614e-06;0.999539;3.31302e-06
4.40013e-05;0.00980056;5.51332e-07;4.91986e-06;1.01112e-05;2.73083e-07;2.26689e-08;2.09841e-05;3.36221e-07;6.31365e-07;1.6927e-06;0.98885;0.00118623;7.98007e-05
9.94617e-06;0.99972;9.64279e-08;1.63315e-06;5.37132e-07;6.05451e-09;3.79422e-07;0.000228803;3.76612e-07;9.63943e-08;3.68067e-06;1.30301e-06;3.34914e-05;7.10107e-08
1.22024e-07;0.997374;5.18156e-10;1.14418e-05;0.000748582;6.58761e-09;1.8247e-09;0.00163121;1.53697e-08;3.16674e-06;4.99291e-09;2.42637e-06;4.85929e-08;0.000228915
1.63058e-06;7.70471e-05;0.00022206;0.000130478;9.9717e-05;3.84969e-05;2.29787e-06;5.14707e-06;2.51426e-08;0.000156836;5.71372e-06;0.997427;2.37167e-06;0.00183103
1.67877e-05;0.00100382;6.05874e-12;2.30906e-07;3.35854e-07;8.44862e-08;2.26033e-07;0.994866;6.36754e-06;3.18637e-09;7.07193e-05;1.60395e-07;0.00403513;3.14014e-07
9.28492e-06;0.000624149;5.01034e-05;8.1999e-07;3.95048e-06;3.69688e-07;4.86911e-08;0.000279914;5.00982e-07;1.28572e-07;6.83593e-07;0.998061;0.000781803;0.000187573
1.47616e-06;0.00235929;2.32953e-06;1.72386e-05;7.62607e-05;7.83444e-05;1.44198e-07;0.000633473;6.63876e-07;5.39541e-07;2.22264e-05;0.000346418;0.996455;6.13776e-06
3.31905e-05;0.0372143;0.00470253;0.00142894;0.000195778;0.000738247;1.00271e-08;0.128884;1.61821e-06;1.59474e-05;8.34809e-06;0.818475;0.000285375;0.00801659
2.401e-08;0.999967;4.56953e-14;3.59236e-10;7.45757e-12;6.92867e-11;2.63314e-06;5.22087e-10;5.20134e-12;9.95882e-08;5.4637e-10;3.71987e-12;4.76593e-08;2.98323e-05
2.80239e-11;1.5261e-13;0.999999;7.94431e-12;1.12181e-10;1.5614e-10;7.15102e-11;2.16076e-13;2.20142e-12;4.05594e-12;1.04631e-11;1.47891e-06;9.36162e-14;5.71922e-14
3.04854e-07;0.000425976;3.08114e-09;5.76516e-08;5.68099e-10;1.96222e-08;0.999518;2.37208e-06;7.82433e-06;2.56602e-05;1.16175e-05;1.3778e-11;8.24169e-06;1.31418e-07
5.39146e-11;2.06772e-11;1;3.65807e-09;3.13721e-11;1.77088e-11;1.32262e-07;1.90301e-14;2.79897e-08;5.34394e-10;5.07204e-09;3.73131e-08;1.42036e-13;1.0371e-11
0.000182542;0.0132566;3.51634e-05;1.656e-05;1.15524e-06;1.55578e-06;7.87259e-06;0.000372362;0.00293583;1.70082e-06;0.000500345;0.0049496;0.977734;4.25824e-06
6.45105e-07;0.295831;2.3379e-09;1.02498e-08;6.57092e-05;1.13392e-08;7.53298e-08;0.703591;9.05824e-08;2.34894e-06;6.61482e-09;0.000319686;1.58034e-05;0.000172989
2.38993e-06;0.000854257;0.559606;0.000124997;0.413242;0.00406348;8.56119e-09;0.00161291;2.14036e-07;8.61373e-05;9.66909e-07;0.0114648;2.91707e-05;0.00891259
3.48777e-07;0.00110766;2.09755e-08;1.2731e-09;2.28652e-11;7.04077e-11;0.998699;2.6416e-08;4.89742e-06;0.000182541;4.54587e-06;8.68632e-16;9.87765e-08;6.52091e-07
7.98999e-13;4.72152e-14;1;9.68283e-14;1.30482e-12;1.97378e-14;8.38102e-11;3.5018e-16;1.1675e-11;2.47634e-12;1.06007e-12;1.79452e-11;5.64535e-16;3.5999e-15
