3.56384e-07;0.998974;3.99419e-10;4.44626e-09;8.22394e-11;1.90038e-09;1.90035e-08;7.61138e-07;1.68517e-08;2.33332e-10;8.52347e-08;8.62969e-07;0.0010241;8.95361e-10
5.96818e-05;0.0228582;3.69226e-06;2.13342e-05;0.00122309;0.00616583;7.84387e-09;0.00433268;6.81161e-06;2.03619e-06;2.28374e-06;0.913865;0.000285792;0.0511733
1.94195e-05;0.0064978;2.90774e-10;4.95552e-07;0.000448858;0.000137797;4.59282e-06;0.0252646;3.46578e-07;3.76455e-07;2.06574e-06;1.84338e-05;0.967436;0.000169127
1.14952e-07;0.00766917;1.19927e-07;4.9594e-06;3.59692e-05;2.54781e-05;3.48729e-10;2.4035e-05;4.97114e-07;7.33248e-09;1.41657e-07;0.985473;0.00024665;0.00651951
4.79306e-05;0.0966389;1.45842e-08;5.27644e-06;6.31009e-06;6.76006e-07;3.7752e-06;0.000201847;7.82373e-06;2.11417e-07;5.85654e-05;0.00643373;0.89654;5.48824e-05
0.000598952;0.00992326;0.00408842;1.78601e-06;2.3929e-05;7.7672e-06;2.44315e-07;0.00468593;6.63523e-06;4.64789e-07;1.39255e-06;0.958858;0.0217251;7.81987e-05
3.12297e-06;0.00586842;2.19101e-05;5.15152e-06;6.53615e-05;0.00104952;1.35442e-09;0.00110303;1.84901e-06;2.27321e-07;2.66174e-06;0.00418679;0.987623;6.9346e-05
2.07565e-05;0.88495;2.10362e-07;5.77273e-05;2.98786e-05;3.6445e-05;1.08689e-07;0.0257715;3.5485e-06;5.05286e-05;4.10871e-05;0.0275614;0.0543639;0.00711283
7.61288e-09;0.999799;1.7237e-11;1.04224e-09;1.37806e-11;2.25194e-10;0.00018597;2.37513e-10;1.24295e-10;1.10183e-06;2.36124e-08;1.3363e-11;1.10429e-07;1.42597e-05
3.81552e-13;8.58621e-13;1;5.76646e-13;1.52836e-11;4.29094e-13;4.1209e-10;1.00439e-13;8.7322e-14;7.65871e-12;4.12845e-13;4.97912e-08;1.3581e-14;2.21371e-12
2.63382e-07;0.980762;2.26509e-07;4.07076e-06;1.46125e-07;6.64109e-07;0.00721389;0.00772589;2.98857e-05;3.9534e-06;0.000448702;3.18469e-06;0.00380668;8.82881e-07
4.92969e-07;3.85723e-05;1.11055e-09;8.98226e-08;3.90651e-07;1.25425e-07;1.98714e-07;0.999921;5.68023e-07;1.41669e-07;3.06414e-07;3.71933e-09;3.79639e-05;1.45966e-07
1.66397e-06;0.00272144;2.32586e-07;1.73011e-05;8.53594e-05;1.07724e-07;1.8968e-05;0.000156196;0.000304866;3.25752e-07;4.42257e-05;0.996622;8.18003e-06;1.90273e-05
0.000435633;0.295816;2.96924e-06;5.14817e-05;4.74556e-06;2.73625e-07;0.000282236;0.479293;0.0472508;1.995e-06;0.00948229;0.0132402;0.154138;1.16616e-07
5.96765e-05;0.284008;0.00155115;0.00247007;0.0296399;0.00528728;1.43913e-06;0.0183313;1.43362e-05;0.00012386;2.27756e-05;0.0524653;0.0599549;0.54607
6.14375e-05;0.920942;8.44029e-07;0.00658661;0.0131733;0.000302967;0.000137895;0.0395851;0.0025248;2.24254e-05;0.00829333;0.00568781;0.00230283;0.000378385
7.52036e-06;0.981242;0.00838528;6.30464e-05;2.80765e-07;5.34672e-05;8.51682e-09;8.36835e-07;1.04429e-08;2.23341e-06;6.69414e-07;0.00721696;0.00291544;0.000112563
0.000123364;0.232176;1.09408e-06;1.28613e-06;3.20499e-07;1.30829e-05;1.8089e-06;0.0183693;1.0815e-05;1.01136e-07;0.000358074;0.716626;0.0323192;6.82153e-08
9.68544e-06;0.14017;2.22776e-06;0.000909281;5.31461e-05;0.0232937;0.000132837;0.0086964;0.000422692;0.000764331;0.00204;0.000219891;0.82315;0.000135386
2.01813e-05;0.00059555;0.683457;0.00498161;0.000833157;0.000250026;2.99132e-07;9.05169e-05;4.8902e-06;6.69611e-05;9.49109e-05;0.306617;0.000664303;0.00232399
3.07007e-06;0.972743;4.13084e-09;4.31144e-08;5.30229e-08;8.9097e-07;0.000149992;0.00061781;1.24375e-06;5.06886e-07;7.28298e-05;3.59307e-09;0.0264109;1.28192e-07
1.96662e-08;3.4361e-08;0.999963;5.85673e-09;1.21162e-08;3.08445e-08;5.7006e-08;2.66915e-09;4.71102e-08;5.07141e-09;4.61863e-08;3.64033e-05;2.22046e-08;5.2112e-10
3.53864e-05;0.039836;0.00736623;2.83555e-05;0.000154692;6.00108e-05;4.2518e-08;0.0160668;0.000217615;2.28668e-06;7.80935e-05;0.934938;0.000200041;0.00101621
2.64459e-05;0.805031;3.57333e-07;3.26777e-06;3.65696e-05;0.00140909;2.37813e-05;4.30422e-05;0.000326449;7.68978e-05;0.00109162;0.00052655;0.188685;0.00271967
3.21999e-06;0.00417275;0.12828;9.18903e-07;8.1404e-06;3.04295e-06;8.13595e-08;2.16922e-06;2.37906e-07;8.39695e-07;3.8936e-07;0.866903;0.000127837;0.000497251
2.857e-05;0.033034;1.08935e-08;1.96566e-06;0.000197915;8.49129e-06;1.1385e-05;0.962404;0.000710945;1.02308e-06;2.85568e-06;4.81738e-05;0.00110316;0.00244727
1.29477e-07;6.71742e-07;3.87056e-10;9.47293e-11;2.80893e-09;1.20636e-10;1.00756e-10;0.999998;7.94166e-08;1.47879e-10;1.98293e-10;7.31938e-09;1.38536e-06;3.19842e-11
2.7256e-05;0.0146694;0.000126602;0.000208844;0.00448867;3.4786e-05;9.18981e-07;0.0214343;0.000707138;1.7766e-06;5.70906e-06;0.934424;0.0167742;0.00709659
7.14335e-07;0.99856;5.40881e-10;8.94937e-08;1.60518e-08;1.56771e-08;0.000148371;0.000628973;5.12826e-06;3.32327e-06;5.07058e-08;2.47457e-10;0.000653123;4.9219e-07
1.61978e-11;2.5201e-11;1;1.13649e-08;3.13612e-09;1.15056e-08;1.32225e-11;1.8739e-11;6.13606e-12;4.04873e-10;4.91348e-12;4.16742e-07;3.457e-12;9.50773e-09
9.97286e-08;0.997507;6.64745e-06;1.59867e-05;8.13177e-06;8.93677e-07;2.95485e-07;0.000376612;9.08876e-08;1.60468e-08;3.90261e-07;1.48996e-05;0.00206801;5.5817e-07
5.27231e-06;0.263202;1.00279e-06;6.08827e-05;3.46493e-05;1.96777e-05;1.73004e-07;0.726988;1.9459e-06;4.66364e-07;1.11516e-05;0.000322523;0.00828132;0.00107167
1.48151e-05;0.44371;3.56659e-05;1.76374e-05;0.00140059;0.000130028;1.86716e-07;0.00444226;6.1322e-07;3.38066e-06;2.98536e-05;0.505483;0.000837683;0.0438946
2.56458e-07;0.0699231;6.52472e-09;8.87014e-08;0.00388586;2.49451e-08;1.93599e-08;0.926181;1.1408e-07;2.88394e-09;5.42531e-08;4.73337e-07;8.58225e-06;6.85731e-08
2.99634e-05;0.0116721;0.959249;5.03225e-05;0.000698985;0.000971254;1.03141e-06;4.02733e-05;4.02673e-07;2.76776e-06;4.57643e-06;0.0251144;0.000931636;0.00123362
4.95819e-06;0.0177474;1.93227e-10;2.69937e-08;1.61047e-06;4.42402e-07;4.39105e-08;0.727677;4.92822e-07;1.45163e-09;1.22073e-06;8.41638e-05;0.254479;3.74049e-06
9.59771e-07;0.818325;2.4249e-06;8.05794e-08;2.89586e-07;5.3219e-08;1.71227e-05;1.44372e-07;2.25882e-10;3.59941e-05;9.67051e-09;0.000253704;3.29256e-05;0.181332
7.19813e-11;4.36962e-08;0.999999;1.15767e-08;2.14713e-07;9.71726e-09;4.92306e-08;6.54165e-10;4.06915e-09;1.3886e-09;9.38189e-08;3.82658e-07;1.08771e-10;3.91245e-12
1.17545e-05;0.97506;2.19388e-06;8.49747e-07;9.00604e-08;3.5001e-06;5.93233e-06;0.000382737;3.38176e-06;5.45338e-07;4.14483e-05;1.26292e-05;0.0244555;1.92464e-05
5.60257e-08;0.000469043;4.57464e-08;6.01717e-08;1.12331e-08;2.49715e-08;1.96595e-08;6.01094e-06;3.51474e-07;3.55211e-09;1.16098e-05;0.999419;9.37063e-05;3.31272e-08
4.05243e-08;0.00336006;1.37551e-09;6.36932e-08;1.797e-05;4.45295e-06;1.59974e-07;9.30375e-05;2.62812e-07;6.13859e-07;1.398e-07;0.000142;0.996364;1.76739e-05
8.01192e-08;0.00225191;3.81848e-10;8.80114e-08;3.32082e-08;0.00057664;1.78157e-07;5.56488e-06;4.92032e-06;8.03715e-08;2.87929e-06;6.06962e-08;0.997157;3.2325e-07
1.65944e-07;2.86668e-05;0.999855;8.11792e-07;2.5189e-07;1.52398e-06;8.58156e-09;3.23989e-07;2.09954e-09;4.43218e-07;4.66878e-09;9.46491e-05;1.04962e-06;1.74195e-05
3.83199e-06;0.994438;1.15101e-08;1.67343e-05;4.07442e-06;4.2308e-06;8.76972e-06;0.00461745;0.000175594;1.60187e-07;0.00016501;2.34853e-05;0.000256669;0.000285907
1.12654e-05;0.00350831;1.89363e-08;6.60685e-09;8.4712e-06;2.35792e-08;1.08613e-09;0.996303;1.38472e-08;1.98851e-08;5.77345e-09;2.42853e-07;0.000151468;1.67689e-05
1.67968e-09;3.67476e-06;1.51698e-07;4.48038e-08;3.58805e-06;6.0741e-08;3.30118e-12;4.75752e-07;3.41788e-09;4.21235e-10;9.17469e-08;0.99998;2.25763e-06;1.00638e-05
3.34885e-07;0.998066;8.33307e-10;2.79418e-07;2.90568e-05;1.16069e-06;2.64208e-07;0.000715453;1.36523e-06;4.99025e-07;7.43993e-06;1.48296e-06;0.00116763;9.63953e-06
4.9015e-05;0.0811089;1.69145e-05;2.69478e-08;9.70926e-07;7.24068e-10;2.37534e-06;4.88143e-06;6.93848e-07;2.11419e-07;1.62844e-06;0.91879;2.45752e-05;2.11713e-08
1.12706e-06;5.62593e-06;1.24938e-11;8.60486e-10;4.26898e-05;9.4846e-10;1.67917e-08;0.999826;0.00012315;1.15991e-09;2.84507e-08;2.97474e-08;1.1443e-06;1.41574e-09
9.19406e-05;0.000499486;0.998598;2.40202e-05;0.000287704;1.13632e-05;4.33525e-07;8.3549e-07;3.20028e-06;3.45037e-06;7.26312e-07;1.81761e-05;0.000279058;0.000182179
3.03266e-05;0.999031;2.37196e-10;1.89964e-09;6.42371e-09;4.2317e-09;1.07602e-05;7.63239e-05;8.56037e-07;1.90592e-07;1.10855e-08;8.49487e-09;0.000850335;3.72035e-07
4.0721e-10;1.10479e-11;0.999995;7.18605e-10;1.88784e-06;1.03891e-08;3.7358e-12;5.45722e-10;3.36678e-12;6.81704e-10;2.37185e-13;3.14291e-06;1.72676e-11;1.46034e-07
1.05566e-06;0.0406075;3.50588e-09;2.22576e-07;5.37241e-07;5.76967e-05;1.05961e-06;0.000126358;7.50069e-06;6.4863e-08;2.84702e-07;2.27386e-08;0.959197;1.0715e-06
5.98366e-07;0.00147822;0.997075;2.63846e-07;4.14762e-08;3.87221e-09;4.23994e-05;1.24043e-07;3.70389e-08;1.91185e-05;3.53496e-08;0.00138064;2.58226e-07;2.72599e-06
1.4156e-09;4.79461e-11;0.999999;1.39186e-09;1.19498e-08;1.16845e-08;2.38971e-07;1.26046e-10;6.98431e-08;1.57657e-09;6.10064e-08;1.08524e-07;3.541e-12;6.52587e-09
6.23027e-06;0.636739;1.46307e-06;2.69642e-06;1.84362e-06;5.28656e-05;5.65296e-07;0.0333218;0.000131985;2.19066e-08;0.000272828;0.0268613;0.302606;1.07752e-06
9.29963e-07;0.0253898;2.02547e-07;1.7029e-07;7.03036e-08;1.50816e-07;3.83278e-08;0.00380746;1.31998e-05;3.37085e-08;5.15912e-05;0.96825;0.00248634;5.25608e-09
9.52179e-08;0.0266778;3.63225e-08;1.12723e-07;0.000235937;7.72047e-06;6.94797e-09;0.000545561;1.18208e-06;2.1567e-07;1.21488e-07;0.00139563;0.971112;2.33606e-05
1.90079e-05;0.877012;7.69474e-08;2.03866e-05;0.000651388;8.1141e-05;9.17212e-07;0.0250603;0.000662254;3.97613e-06;3.04061e-05;0.00531548;0.0905644;0.000578298
7.45393e-06;0.000116043;2.26941e-06;2.94104e-07;7.14902e-07;2.26986e-09;1.33014e-08;0.999859;2.90474e-06;1.69293e-08;3.09733e-07;7.65749e-08;1.05787e-05;4.27388e-09
2.61389e-06;0.288514;1.48275e-06;3.54199e-05;0.000879015;0.000544184;2.88388e-08;0.000281219;5.69992e-09;7.35363e-06;9.49044e-09;0.00239028;0.00201685;0.705328
0.000987563;0.0120734;2.80586e-08;6.03249e-05;0.000124481;5.15468e-05;0.000119639;0.0260235;0.00283793;5.5091e-06;0.0465149;0.0701015;0.840749;0.000350828
2.76838e-06;0.993778;1.88936e-10;9.64282e-06;1.09987e-05;1.22597e-06;1.07039e-05;0.000432313;1.98347e-05;2.00992e-06;2.38672e-05;1.36229e-07;0.00549857;0.000210289
2.89092e-05;0.990592;2.88961e-05;0.0018956;0.000469384;0.000307693;3.7167e-07;0.000228122;6.07695e-07;4.09204e-05;6.64532e-06;0.00181162;0.000302862;0.00428667
7.11442e-05;1.6577e-05;9.25554e-08;1.39453e-06;3.83324e-07;9.42472e-09;3.12366e-07;0.999867;4.67195e-06;7.94872e-08;3.68206e-05;1.15248e-07;1.00115e-06;1.70388e-08
1.30452e-05;0.355614;5.18307e-07;4.60337e-05;0.000174114;0.000295526;1.09226e-07;0.000225287;2.73328e-07;5.3569e-06;5.25973e-07;0.00034025;2.22528e-05;0.643262
0.00122406;0.209349;5.09649e-08;0.00148377;0.000577619;0.000382781;0.000737813;0.0182945;0.0622467;2.74976e-05;0.329622;0.000663152;0.370225;0.00516612
5.29515e-05;0.0770027;0.911307;2.28794e-05;1.57325e-06;2.48266e-06;3.7405e-06;0.00588759;5.30927e-06;6.70015e-07;0.000121198;1.44208e-05;0.00557394;3.47755e-06
2.09334e-09;0.999993;5.92425e-11;5.8498e-08;3.31894e-07;6.86114e-09;1.37157e-06;2.70598e-06;1.98054e-09;1.10053e-06;6.9946e-08;3.03753e-10;1.06912e-08;1.63113e-06
4.8062e-13;5.70156e-13;1;6.71919e-12;9.52298e-09;1.18234e-12;5.57809e-12;1.48238e-11;4.0048e-14;3.69344e-12;4.31093e-12;1.13155e-08;3.33341e-14;2.4016e-13
3.95595e-07;0.00261849;5.50669e-08;3.41765e-07;1.23778e-06;1.22935e-06;8.83115e-07;0.966636;3.76779e-06;3.85559e-08;9.26443e-05;0.000219069;0.0304257;3.22082e-09
2.5629e-06;0.986708;1.43922e-08;6.39037e-06;3.54311e-05;4.9306e-06;4.79578e-05;0.00186337;5.88548e-07;1.45992e-05;0.000533356;3.48959e-06;0.0107763;3.5066e-06
3.53353e-05;2.77296e-05;2.00003e-09;4.61106e-06;1.5653e-06;5.52176e-07;6.38298e-07;0.999265;3.41682e-05;4.39307e-07;7.18298e-05;1.17991e-06;0.000557269;1.00226e-07
2.38365e-06;0.00291567;4.3395e-05;1.16766e-05;4.79377e-05;3.87659e-07;4.0562e-09;4.06738e-05;1.12061e-07;1.93509e-07;4.20842e-07;0.99308;2.79733e-06;0.00385448
5.36748e-07;0.999512;3.88992e-12;2.72892e-08;2.67881e-10;3.02554e-11;0.000472756;1.49514e-06;1.09218e-07;1.19117e-06;3.49459e-07;1.29415e-09;8.06806e-07;1.04747e-05
1.79558e-11;1.34698e-11;1;4.8549e-11;1.27833e-09;9.86179e-11;3.3393e-10;3.11172e-12;3.39671e-13;1.26506e-10;4.5149e-13;2.0456e-07;9.42921e-14;1.27618e-09
7.7334e-08;0.000316376;2.34076e-10;1.03609e-08;2.76909e-07;6.18515e-10;7.08487e-08;0.998836;8.43601e-07;1.64022e-09;1.02171e-06;1.4411e-06;0.000843811;8.92436e-11
5.54309e-06;0.00480046;0.990255;0.000123267;0.000221838;3.23057e-05;5.41815e-06;2.01023e-05;9.67579e-07;2.93369e-05;0.000131892;1.87282e-05;0.0043426;1.26101e-05
8.58845e-05;0.671009;2.75651e-05;6.9512e-05;1.42611e-05;5.90219e-06;0.000319426;0.000713719;7.89978e-05;8.67711e-06;0.00364631;0.261091;0.0628399;9.05124e-05
4.6224e-07;0.999337;0.000122265;1.91832e-06;1.04135e-05;5.85745e-07;1.22911e-07;5.85228e-06;2.12367e-09;1.03221e-07;9.88545e-09;0.000202319;0.000315993;2.68461e-06
1.80101e-06;1.41191e-06;5.01496e-09;5.60321e-09;2.4309e-07;4.23114e-08;4.88809e-08;0.999995;3.48628e-07;1.668e-08;7.9466e-09;1.06683e-08;9.3092e-07;6.12372e-08
7.95583e-06;0.014405;0.00021097;4.42061e-05;0.000132194;2.71556e-05;2.91316e-07;0.000901445;1.5555e-05;8.4323e-07;3.3509e-05;0.957739;0.000473392;0.0260081
0.00012244;0.997316;7.09295e-08;3.5506e-07;2.71729e-08;1.22433e-08;0.00216314;0.000161574;9.44998e-06;6.43823e-05;1.59021e-06;3.89273e-09;4.05557e-05;0.000120887
5.45826e-11;2.64264e-11;1;2.68385e-11;1.06386e-10;2.17074e-12;1.7446e-10;2.9468e-14;6.03171e-11;4.97508e-11;3.05304e-11;1.50642e-07;7.52887e-13;1.94035e-11
6.27628e-06;0.00121066;5.46151e-09;2.51455e-08;6.72956e-07;1.91366e-10;6.47691e-05;0.997976;0.000457502;5.77214e-08;6.56398e-05;6.71191e-08;0.000218262;1.13997e-09
1.32915e-06;0.00252535;0.881085;0.00111366;0.00131662;1.43286e-05;1.5672e-07;9.89036e-06;9.27085e-07;3.95423e-05;2.19854e-06;0.113673;0.000184837;3.35992e-05
9.24785e-05;0.986195;2.35346e-10;3.39323e-05;6.99311e-06;8.11106e-06;0.000148941;0.00196797;0.000400443;1.962e-06;0.00101939;4.37004e-05;0.0100673;1.34832e-05
2.97904e-05;0.996651;0.00234218;1.37002e-05;3.55671e-05;6.77226e-07;8.6107e-08;8.10123e-06;1.52235e-06;1.13154e-06;1.75359e-08;0.000826388;1.40048e-06;8.79728e-05
1.28593e-05;4.69196e-07;1.39344e-10;2.32819e-09;5.36941e-08;8.72737e-09;7.5541e-09;0.999962;1.54222e-05;7.54473e-10;1.21745e-07;2.10912e-09;9.35353e-06;6.96789e-11
1.34712e-06;8.52201e-05;0.000136802;3.36874e-07;3.01669e-05;1.92819e-06;2.45407e-09;0.000648763;5.54216e-07;3.25743e-08;1.83327e-06;0.998994;5.72616e-05;4.1587e-05
1.76113e-06;0.994813;3.04609e-11;1.62172e-08;1.73662e-10;4.36479e-11;0.00514394;1.38296e-05;1.02162e-05;1.07498e-05;1.89527e-06;1.11872e-10;2.25041e-07;4.04822e-06
3.46981e-11;3.87389e-12;1;3.62477e-11;5.25668e-10;2.61546e-12;4.89602e-10;1.32552e-12;4.32461e-11;1.24046e-10;5.33236e-12;2.71784e-08;7.58277e-16;5.41852e-11
6.82071e-05;0.917914;2.79483e-08;0.000264496;6.54679e-06;3.39504e-05;0.00110406;0.000713168;0.0770056;3.83614e-06;0.00165802;1.16567e-07;0.0012258;2.04398e-06
1.36625e-05;2.37855e-06;6.0604e-11;2.50892e-08;6.66519e-09;1.89891e-10;4.91899e-08;0.999905;7.31317e-05;4.46613e-10;8.62174e-07;8.1577e-08;4.57769e-06;8.54908e-11
1.41389e-06;0.995017;5.12449e-08;5.58404e-06;1.1465e-06;1.09691e-05;1.31906e-09;9.93654e-05;6.95427e-09;1.83726e-07;1.31513e-08;7.26555e-05;0.00169691;0.00309507
4.32207e-05;0.0488133;3.94615e-08;1.05837e-06;1.66388e-08;4.02355e-08;0.945087;4.10891e-08;1.48142e-05;0.000955483;6.98244e-05;7.55801e-08;3.17237e-05;0.00498342
4.38565e-09;3.45099e-09;0.999998;5.44688e-08;3.10536e-09;7.85222e-07;8.10125e-07;1.52964e-12;6.89306e-08;1.56565e-08;1.64359e-08;7.25271e-09;3.27275e-09;1.47299e-08
7.00503e-07;0.999883;2.55941e-05;2.56423e-07;7.65328e-10;4.91205e-09;3.93579e-05;6.19207e-06;2.28125e-08;3.65328e-06;1.47764e-07;1.03782e-07;4.15371e-05;6.3371e-08
1.10522e-09;1.15148e-08;0.999995;9.66753e-09;4.38829e-09;8.25818e-09;1.44068e-08;1.51617e-11;4.98369e-10;9.45022e-10;5.44756e-10;4.71731e-06;6.36282e-08;3.8465e-12
1.92373e-05;0.00296665;4.15034e-06;5.13007e-06;2.39165e-05;3.60575e-06;0.000161362;0.947455;1.64016e-05;4.79823e-05;0.000177067;0.0175504;0.0249905;0.00657903
6.68456e-09;0.000776909;6.22092e-10;3.97374e-07;5.34092e-10;2.30587e-07;0.997598;5.8138e-08;9.60205e-07;0.00156193;5.47293e-05;8.7285e-11;5.1112e-07;6.13755e-06
6.87645e-10;8.70485e-09;0.999995;3.28383e-08;1.18525e-10;8.64275e-10;4.35441e-06;5.50582e-11;5.76305e-09;1.3014e-08;2.44255e-08;1.00754e-07;7.21061e-11;1.75927e-11
1.05857e-06;0.999831;2.44344e-06;8.42198e-07;4.63277e-09;5.59597e-09;1.23199e-06;3.69312e-07;8.24263e-08;4.95961e-09;1.94488e-06;9.02196e-05;7.02451e-05;1.83188e-07
1.48095e-07;0.971149;3.96558e-12;4.17396e-08;1.79913e-06;3.88117e-07;4.90734e-08;0.00364973;2.14988e-08;1.05271e-08;8.21313e-08;1.64097e-05;0.0250605;0.000121934
6.388e-07;0.000838924;0.00198265;5.75767e-06;6.70367e-05;9.98942e-06;2.96058e-07;0.00111233;3.561e-07;3.25862e-06;8.98222e-07;0.995272;8.10768e-05;0.000625136
6.85346e-06;0.00683679;4.44001e-06;0.00165009;3.90983e-05;0.0009086;3.19111e-05;0.000216369;0.00107193;3.42404e-07;0.00167186;0.00041863;0.986745;0.000397871
8.49802e-07;0.99953;2.05858e-10;1.49849e-08;2.0441e-08;1.75927e-08;3.89763e-09;0.000269147;8.92418e-10;5.45539e-09;6.2114e-09;8.09166e-07;0.000198222;1.37967e-06
1.33916e-07;4.37622e-05;1.46287e-12;1.37517e-06;3.2393e-06;2.91608e-06;1.36318e-08;5.03829e-05;3.63029e-05;2.04663e-08;0.000203851;1.36808e-05;0.999644;2.48756e-07
5.80557e-06;7.93795e-06;3.56666e-08;4.04116e-08;8.47972e-09;7.00584e-08;1.16845e-09;7.32049e-07;5.40645e-08;3.87365e-09;3.96444e-08;0.000329506;0.999656;1.1568e-07
2.97411e-06;0.232019;0.000194251;1.55489e-05;7.63381e-05;5.3329e-06;9.71869e-08;0.000358952;9.96391e-07;3.09944e-07;3.72421e-06;0.759511;0.00741786;0.000393011
6.52451e-06;0.18353;7.92243e-06;3.70479e-05;0.00156225;5.49528e-06;1.05447e-08;0.804395;3.53274e-07;2.39843e-05;3.28611e-07;0.00944402;0.000448948;0.000537524
3.25682e-06;2.43618e-05;3.61097e-08;6.68275e-06;8.26971e-09;0.00175512;3.29476e-06;1.28998e-06;2.71763e-05;1.71975e-05;0.00108716;1.67565e-08;0.997074;2.01357e-08
1.67795e-08;8.19805e-08;0.999998;4.96307e-08;3.51813e-10;6.77837e-10;2.30062e-09;1.57232e-10;7.65589e-10;4.25024e-08;2.17038e-08;2.04939e-06;1.87943e-09;3.20475e-10
4.37464e-06;0.992861;3.95534e-07;9.85941e-05;4.25183e-05;2.66615e-05;2.78247e-05;0.00303893;0.00176793;1.03573e-05;0.00111752;6.89421e-06;0.000469187;0.000528002
