4.39799e-07;0.999957;9.08109e-06;6.97172e-07;9.27255e-07;2.19622e-08;1.34411e-08;2.95731e-06;5.60303e-09;3.07075e-08;7.38275e-09;2.10277e-05;2.4391e-06;5.52584e-06
1.21461e-06;7.5979e-06;4.16522e-11;1.37787e-09;3.04825e-07;1.90682e-08;4.4308e-09;0.99999;6.69758e-07;4.2862e-09;6.71899e-09;5.8017e-10;4.54159e-07;8.64494e-08
3.89153e-06;0.0124544;2.18049e-07;2.97066e-06;1.35963e-05;5.19808e-07;2.22616e-06;0.00132292;0.000654871;9.42058e-08;7.24242e-06;0.985419;3.01224e-05;8.7826e-05
4.14227e-06;0.997993;5.64119e-10;5.0354e-08;5.90104e-10;2.06731e-09;3.31016e-06;2.1087e-06;4.15981e-05;4.0242e-09;2.22726e-05;6.47234e-05;0.00186862;2.62651e-08
2.63777e-06;0.0928486;1.96599e-07;1.10318e-05;2.4947e-05;2.96965e-05;1.0005e-08;0.00218076;8.749e-06;2.96629e-08;2.96059e-06;0.856817;3.11257e-05;0.0480426
2.77863e-06;0.916553;7.84516e-07;1.24548e-07;3.6985e-05;3.43268e-09;4.48748e-09;0.0116938;2.32902e-08;7.29866e-08;7.96927e-09;5.40075e-05;2.27205e-07;0.0716586
2.19752e-08;0.0032359;0.00108564;1.36295e-06;0.00011535;1.47549e-05;1.02978e-11;3.31609e-06;1.54497e-10;5.97925e-10;2.80913e-08;0.994946;8.10716e-07;0.000596557
1.81377e-08;0.998469;4.8671e-11;8.06593e-10;4.05819e-11;7.22341e-10;2.99054e-05;2.63957e-07;1.10358e-09;5.96007e-08;5.4255e-08;1.27943e-13;1.55213e-06;0.00149954
1.15035e-12;9.77833e-12;1;1.71992e-13;5.24359e-11;8.25267e-11;1.72891e-12;1.80607e-11;2.88477e-14;2.05e-13;1.25054e-13;1.69926e-08;4.9593e-12;3.31244e-13
1.29996e-08;0.00021794;2.80747e-10;1.51819e-08;4.50616e-08;4.50087e-07;1.69329e-08;0.00012833;5.23503e-08;2.90018e-09;6.73695e-06;8.72719e-08;0.999646;3.63587e-08
3.00713e-06;0.000787342;6.93717e-07;3.90148e-05;8.16012e-06;2.46191e-05;9.1837e-08;0.000479896;3.81751e-06;5.33927e-06;9.78117e-05;0.99456;0.00215452;0.00183613
0.00013866;0.0883147;3.63997e-06;2.2741e-06;4.94713e-05;1.61708e-05;1.39381e-05;0.903241;4.4433e-06;4.71408e-06;2.67384e-05;1.66381e-07;0.00253262;0.00565108
1.79992e-07;0.0408478;0.000116197;6.50548e-06;0.00149334;6.30056e-05;1.21725e-07;0.000225735;8.81624e-07;2.8145e-07;2.38208e-06;0.955874;0.000390044;0.000979292
2.97364e-09;3.7459e-06;0.999996;9.59224e-10;6.88517e-08;4.49491e-10;1.16265e-09;1.93345e-07;3.3194e-11;2.99375e-09;5.43646e-10;1.13305e-08;1.05039e-07;1.2981e-08
0.00627159;0.312111;0.0109162;0.000345104;0.10553;0.076943;0.00021548;0.381714;0.0042404;0.000219023;0.00494516;0.0021033;0.0914302;0.00301639
7.53083e-05;0.00788177;1.07828e-06;3.46138e-09;5.12394e-05;9.36012e-08;6.54131e-09;0.990154;6.08111e-07;1.69316e-08;2.55167e-08;0.000236833;0.00157705;2.225e-05
0.0001227;0.016707;2.30023e-06;2.28588e-05;0.0501607;4.3395e-05;2.42148e-06;0.084453;0.0834461;4.60027e-05;0.000239435;0.728865;0.00533858;0.030551
3.03666e-05;0.995298;3.30631e-09;2.28126e-07;9.1756e-08;1.03088e-06;2.32515e-05;6.81067e-05;0.00106123;4.05495e-07;7.23582e-06;3.89599e-07;0.00350964;2.6112e-07
1.49801e-05;0.00426487;0.0129652;1.11459e-05;3.3993e-07;2.8023e-08;2.327e-06;1.72027e-06;1.26026e-06;4.75522e-06;6.23589e-07;0.98267;1.50867e-05;4.76779e-05
3.90274e-06;0.996237;3.07906e-10;1.56178e-06;4.90585e-07;3.08147e-09;2.23484e-05;0.000581443;0.000337093;1.35965e-08;0.000234425;0.00217075;0.000410668;9.74504e-09
7.71508e-05;0.667571;0.00457671;5.20381e-05;0.000573509;2.6504e-05;7.24143e-07;4.90443e-05;5.23653e-07;1.24654e-05;1.58975e-07;0.0331567;0.293641;0.000262843
4.28863e-06;0.692933;3.64377e-09;4.87136e-06;2.79123e-06;5.68975e-06;5.94186e-06;8.02659e-05;1.53578e-05;2.33659e-06;2.20975e-05;0.00129056;0.305627;6.40435e-06
1.17866e-05;0.000981895;0.903897;7.20692e-05;0.0614429;2.04377e-05;2.80383e-07;0.000128821;9.50539e-08;1.16023e-05;4.55868e-07;0.0201115;0.000143184;0.013178
2.99642e-05;0.0162634;1.53795e-08;9.00957e-06;3.58281e-07;0.000237163;0.000173917;0.000102757;0.000549359;3.10372e-06;0.00536156;2.4648e-07;0.977194;7.48416e-05
4.98823e-07;0.0093141;0.987541;2.04716e-07;1.77403e-07;2.90155e-09;4.97746e-09;4.49615e-08;7.60887e-10;4.86164e-08;1.89253e-08;0.00314341;2.15657e-07;1.23376e-07
1.60794e-07;0.995341;3.64555e-09;7.1469e-07;9.7574e-07;5.75072e-06;7.27393e-08;0.00150775;1.87069e-07;1.50213e-07;9.9217e-07;1.59813e-06;0.00219919;0.000941173
7.89783e-05;0.120288;2.54683e-06;0.000803506;0.00902941;0.00610445;3.01395e-05;0.00157347;2.90015e-05;0.000178137;0.00274856;0.0033042;0.848038;0.00779114
8.75325e-05;0.000220262;4.0082e-06;1.02935e-06;3.84918e-06;6.61123e-07;5.12647e-08;0.000382528;9.07731e-08;1.87425e-07;6.30028e-07;0.816138;0.183161;3.54641e-07
1.13491e-06;0.127286;1.59548e-09;1.05771e-06;1.64353e-06;4.21414e-05;3.2513e-07;3.80118e-05;1.56353e-06;4.16343e-08;3.68033e-06;6.95273e-06;0.872611;6.45417e-06
6.86653e-06;0.000812122;0.891594;0.00011753;0.0006502;4.9443e-05;2.5889e-08;3.60779e-05;5.32068e-09;6.44175e-05;9.63042e-08;0.0929147;0.000650048;0.0131044
1.01758e-05;0.859639;3.49994e-08;4.34221e-06;9.07384e-07;9.72578e-06;0.134257;0.000428026;2.70508e-05;0.000249729;0.000354623;6.88501e-09;0.00492889;9.0277e-05
1.59512e-09;2.89286e-09;1;1.2628e-09;6.69183e-10;1.73992e-11;1.25077e-08;6.58915e-11;8.14009e-11;3.04661e-10;1.14636e-09;2.08034e-07;4.42701e-11;4.6003e-11
3.16642e-05;0.0169135;0.00397241;0.000187303;6.31131e-06;1.04863e-05;4.7979e-07;0.00677418;0.000575709;2.77184e-06;0.000164799;0.971198;7.21999e-05;9.05284e-05
0.000144164;0.994915;1.46752e-05;3.17155e-06;1.25075e-06;1.34632e-06;1.63021e-05;0.0045525;9.19326e-06;2.27216e-05;7.71431e-05;2.47563e-06;0.00021237;2.81105e-05
5.18592e-07;0.997519;4.54009e-12;2.53776e-08;1.14308e-06;4.26625e-08;0.000471509;4.11521e-06;8.03189e-08;2.41731e-05;2.36917e-08;1.08811e-06;1.05143e-05;0.00196781
8.88727e-11;8.0613e-13;1;2.824e-10;7.28824e-09;4.0077e-10;7.38958e-10;8.95388e-11;1.05712e-10;1.12839e-10;1.08935e-11;2.81807e-08;1.67195e-10;6.79626e-12
2.53047e-06;0.00224479;2.66043e-07;5.76452e-07;1.53001e-05;6.82218e-07;6.95e-06;0.996318;0.00079652;8.47062e-08;0.000104968;5.99433e-06;0.000503316;6.59323e-09
2.91564e-05;0.902161;0.00345555;3.24983e-05;0.000164602;3.88327e-05;3.63663e-07;5.60475e-05;1.84603e-07;1.40993e-05;3.57552e-06;9.69382e-05;0.0938006;0.000146244
3.47073e-07;0.00999235;4.56355e-07;8.68636e-09;9.09704e-08;3.66936e-08;7.22604e-08;2.34885e-06;6.03298e-09;7.56756e-09;1.50374e-08;0.984085;0.00591793;1.82592e-06
5.57553e-06;0.0390536;2.01748e-08;2.52319e-06;0.0364299;0.00012871;5.00657e-07;0.14622;1.44931e-07;3.13518e-07;3.75612e-08;0.00480784;0.762374;0.010977
2.93851e-06;0.00290607;2.37597e-09;3.11355e-06;9.77213e-06;0.000568638;9.94388e-06;3.27667e-05;5.97952e-05;1.34888e-06;2.39742e-06;9.9477e-06;0.996381;1.24648e-05
5.76716e-07;2.51662e-06;0.998064;1.98806e-07;2.16767e-07;2.8905e-07;1.67618e-09;9.63643e-07;9.95664e-09;4.64741e-08;1.81329e-09;0.00193093;2.52891e-07;3.05346e-07
1.67297e-06;0.99695;5.81173e-08;1.36931e-06;2.23011e-06;2.00834e-05;3.36084e-07;0.00196229;2.93911e-05;2.97145e-08;1.42953e-06;5.89307e-06;0.000960135;6.54306e-05
2.50302e-06;0.998306;5.09815e-08;1.29623e-07;1.82619e-08;4.56012e-07;2.97178e-07;1.16599e-06;6.02338e-07;5.72348e-08;4.78539e-07;5.96904e-06;0.00168122;5.86167e-07
5.0568e-06;0.00110349;9.6537e-08;1.4577e-06;0.000113546;0.00124271;2.39554e-08;0.00843307;9.5953e-07;5.42865e-07;1.4722e-06;0.985293;0.000872636;0.00293221
1.71326e-09;0.999998;2.43231e-14;2.88799e-10;3.86584e-11;4.85941e-10;5.21095e-07;4.41407e-07;2.57147e-10;1.52534e-09;1.1774e-09;6.2011e-13;2.70174e-07;6.45014e-07
2.47995e-11;6.73756e-11;0.999998;3.68651e-11;5.67225e-10;3.87375e-12;2.05749e-09;9.98906e-13;9.35586e-13;1.17968e-10;9.53735e-12;2.27852e-06;3.33909e-13;1.51412e-11
1.14592e-06;0.998276;2.24309e-08;7.53005e-08;5.76694e-08;8.02244e-08;0.000135393;0.000587367;3.41841e-07;1.29344e-07;9.22369e-07;2.55645e-07;0.000998418;1.32255e-07
1.30668e-07;0.000206314;2.84394e-11;5.69286e-07;1.23565e-05;1.72352e-06;2.08787e-07;6.28612e-05;2.12935e-08;1.12267e-07;2.07547e-06;1.64003e-05;0.999694;3.1357e-06
1.52232e-05;0.00389011;5.97128e-08;6.34607e-06;3.17789e-06;6.26525e-07;7.37316e-07;2.07312e-05;4.90262e-07;1.58411e-06;4.91564e-06;0.994999;0.000366768;0.000689913
2.06229e-06;0.997316;5.65276e-06;7.31361e-06;8.54715e-06;1.70538e-08;1.35339e-07;0.0014836;2.76774e-07;4.07905e-08;1.98653e-06;0.00116382;1.00657e-05;8.28167e-08
3.89499e-05;0.949438;0.00716967;2.76302e-05;5.31488e-05;1.29598e-05;4.17098e-06;1.31711e-06;4.91228e-09;9.5308e-06;1.17041e-07;0.0289234;0.013429;0.000892442
1.60107e-07;0.000320524;1.27816e-06;3.98074e-08;1.87114e-05;3.56598e-07;1.19265e-08;0.000405374;1.91008e-06;8.39829e-10;9.48733e-06;0.999101;7.53918e-05;6.58599e-05
4.63459e-07;0.91999;5.76245e-09;1.57847e-07;0.000860508;5.0932e-05;6.12717e-09;0.000686015;1.25072e-08;6.41601e-09;3.60345e-08;7.56927e-05;0.0744011;0.00393536
9.3364e-08;0.000786095;1.25629e-08;1.03912e-07;4.01037e-05;2.89397e-08;5.84436e-09;0.00740491;4.95563e-09;6.2858e-08;5.67508e-08;0.991696;7.00222e-05;2.34445e-06
4.53907e-06;0.0437165;0.506446;0.000451325;5.97648e-05;0.388314;7.49731e-07;0.00540291;7.67184e-07;5.80418e-06;3.34559e-06;3.99796e-07;0.0554132;0.00018135
1.59717e-05;0.00107332;0.980336;6.48023e-06;2.09581e-07;2.48086e-06;8.59576e-06;4.39787e-06;2.35171e-07;1.48462e-06;1.98753e-06;0.0179924;0.000532745;2.39218e-05
1.21865e-05;0.993218;0.000459888;7.1651e-06;4.92954e-05;6.03265e-05;1.41203e-05;0.000256303;4.82355e-05;1.16183e-07;2.47693e-05;0.000287388;0.00542667;0.000135924
4.2244e-05;0.00287828;6.70165e-05;1.53997e-06;0.0075443;4.61394e-06;6.33584e-09;0.984114;2.44626e-05;9.47285e-08;3.06883e-06;0.00512937;0.000173334;1.76729e-05
8.40889e-08;0.99926;1.08943e-09;2.0844e-09;4.86141e-08;9.49366e-10;7.99293e-07;2.53651e-07;1.57449e-09;3.45028e-07;2.88694e-09;9.67088e-09;1.84749e-07;0.000738052
1.70806e-12;1.15511e-14;1;4.0837e-13;5.80393e-11;1.71453e-13;2.05974e-11;3.00343e-15;5.41373e-13;1.5192e-12;3.70973e-13;1.91679e-09;8.69488e-16;4.68824e-14
3.67217e-05;0.987829;1.77773e-06;2.94584e-07;2.65353e-06;1.25764e-06;0.00242457;0.00425564;4.1196e-05;1.936e-06;8.3885e-06;6.32197e-07;0.00539401;2.36437e-06
2.46348e-06;0.0659265;3.56115e-09;3.86147e-06;2.4085e-05;1.44409e-06;1.94547e-05;8.17408e-05;1.2823e-05;1.31848e-06;6.30578e-05;2.02221e-06;0.933847;1.40642e-05
3.91867e-06;0.00978871;2.1376e-08;4.42982e-06;3.6777e-07;4.48594e-07;4.92576e-07;3.41459e-06;4.5286e-07;9.08433e-07;4.17636e-06;0.989328;0.000757926;0.000107044
4.78674e-07;0.999686;1.33296e-05;9.18515e-06;6.73176e-07;1.53777e-08;4.5712e-07;1.76523e-06;3.40939e-08;1.10023e-07;4.27499e-07;0.000285855;9.68982e-07;3.61671e-07
7.88313e-06;0.0182394;1.14608e-09;6.91561e-07;0.00013078;4.31957e-08;2.04075e-07;0.981268;6.35553e-07;1.20418e-06;1.08816e-06;2.97355e-06;8.64872e-06;0.000338278
6.01607e-06;0.00155279;0.988004;0.000722212;0.00525729;0.000282488;1.72673e-05;8.12675e-07;2.5168e-07;0.000133003;6.10246e-05;0.00124648;1.89163e-05;0.00269764
0.00021718;0.984556;5.89198e-08;4.54947e-06;2.36108e-05;5.89411e-06;0.000314043;3.20736e-05;0.00108798;7.91448e-08;0.00395899;0.000122567;0.00965806;1.85134e-05
0.00146454;0.00868636;3.986e-05;9.07332e-05;0.020734;0.000676726;1.40897e-05;0.857061;0.0013989;0.000265354;5.10384e-05;0.0466604;0.0525456;0.0103115
0.000111225;0.00360894;1.00018e-07;1.43101e-07;3.44633e-07;6.30425e-08;2.31749e-08;1.48305e-05;9.26694e-06;2.77274e-09;5.92454e-07;2.86107e-07;0.996254;3.38191e-08
9.20254e-05;0.0323111;7.61367e-07;8.10373e-06;3.31728e-05;3.33209e-06;2.02629e-09;0.000560784;4.74188e-05;3.68202e-07;1.3922e-05;0.963169;0.00370182;5.86833e-05
2.65847e-05;0.450122;1.63543e-07;1.23398e-06;2.61692e-05;5.6773e-06;8.01314e-08;0.544278;7.86279e-06;1.8367e-06;1.17003e-05;3.98645e-05;0.00545335;2.61387e-05
8.98453e-08;0.882994;6.36508e-11;3.8555e-08;3.38575e-06;4.29842e-08;1.981e-05;1.95964e-06;4.07515e-10;0.000256096;1.15674e-09;5.08676e-10;1.65961e-07;0.116724
2.70096e-13;2.89453e-14;1;1.25147e-14;1.47161e-12;1.33005e-14;1.88639e-12;2.59786e-15;4.47488e-15;5.55129e-13;2.48052e-15;9.71659e-11;9.78095e-17;1.05955e-13
0.000155383;0.00665975;6.04055e-05;0.000457112;1.9416e-05;7.33453e-05;0.0122915;0.0920196;0.453132;3.65875e-06;0.374651;0.000522005;0.059908;4.61877e-05
1.14711e-06;0.00102167;3.42449e-09;1.77471e-09;3.60832e-06;1.36115e-09;1.08332e-10;0.998787;9.22027e-09;4.29393e-10;2.22466e-09;2.97614e-07;0.000185785;1.79654e-07
3.91123e-09;0.00552001;4.38872e-06;1.22407e-06;0.000403172;8.01764e-06;2.04434e-11;0.000402803;1.34918e-09;1.61895e-09;1.72239e-08;0.983074;3.34591e-05;0.0105525
2.22915e-07;0.999502;9.33489e-08;4.01731e-06;1.23136e-05;2.73502e-06;3.67001e-08;0.000267374;4.76845e-08;8.76916e-07;2.69605e-07;1.47173e-07;0.000188207;2.15173e-05
2.31744e-05;0.000811503;8.60934e-09;6.55354e-06;0.980188;0.0154127;2.50319e-07;0.000901753;2.97635e-06;1.21326e-05;9.49755e-07;0.000354015;0.000343135;0.00194274
0.00259386;0.00507548;1.22745e-06;4.90683e-06;8.40093e-06;7.83403e-07;1.0299e-06;0.000450966;0.00096973;5.8469e-08;4.39329e-05;0.00272708;0.988122;7.8374e-08
0.00074944;0.0096975;1.58864e-05;0.000216056;2.82337e-06;1.86643e-07;1.72435e-07;0.000149203;0.00226727;6.98487e-07;0.000636431;0.986006;0.000238502;1.97003e-05
4.48544e-06;0.999964;2.0093e-09;2.24135e-08;5.14965e-09;1.04911e-10;3.2219e-08;1.45264e-05;2.77567e-08;1.33079e-08;8.30198e-08;1.4864e-05;2.10578e-06;5.88126e-09
5.60318e-09;6.04631e-06;9.07854e-09;1.45454e-07;0.00274864;4.19433e-09;1.61605e-09;0.997243;1.12159e-08;4.77248e-07;8.43247e-09;5.73956e-07;6.2096e-07;3.18765e-07
2.27766e-07;1.92759e-05;0.999675;0.000197569;2.34492e-06;3.01812e-06;2.05578e-07;7.75655e-09;1.15681e-07;9.50123e-05;3.88625e-06;1.83176e-07;7.71157e-08;2.72702e-06
0.000127364;1.79822e-05;1.04265e-05;7.52974e-06;8.25033e-09;5.16299e-08;0.000585779;2.43062e-05;0.0688633;5.11602e-06;0.930327;1.45292e-07;3.05847e-05;4.01807e-08
