7.72726e-14;1.52926e-14;1;2.79384e-14;1.79061e-11;1.4577e-13;2.15825e-14;3.9152e-14;2.04589e-15;1.15509e-14;5.55326e-16;8.40174e-11;8.16861e-15;9.75278e-14
5.08594e-06;0.0497112;0.000260326;6.61418e-05;0.000106196;5.01662e-05;3.48431e-06;0.0350854;0.000775413;1.77105e-06;0.00190026;0.904043;0.00793327;5.80743e-05
1.90038e-06;0.692693;3.08253e-08;0.000121194;0.000183192;0.000339165;4.44324e-05;0.00535287;2.80535e-05;1.45375e-05;0.00107183;0.000698765;0.299432;1.87834e-05
0.00109038;0.198994;0.000711128;0.0081374;0.000255845;0.00123414;7.08337e-05;0.423845;0.000801187;0.000173439;0.00190889;0.30077;0.061426;0.0005818
0.000102952;0.443383;1.18464e-05;0.000947936;0.0110712;0.00258582;1.81686e-05;0.193038;0.000440304;1.73901e-05;0.000356129;0.166125;0.142336;0.0395669
5.23632e-05;0.946153;7.15386e-07;0.000907424;0.00131724;0.000145308;0.000142002;0.00631796;0.00130163;4.39374e-05;0.000978745;0.0291369;0.010707;0.00279579
0.00213163;0.294058;0.000303469;0.00119658;0.0482762;0.000254639;0.000695403;0.00488127;0.000723896;0.000233092;0.00031815;0.00178922;0.644777;0.000361246
0.0179658;0.0959231;1.76422e-08;0.000193555;4.5229e-05;0.00015814;4.73692e-05;0.475232;0.0372667;6.15428e-06;0.00241821;0.351942;0.018798;3.53318e-06
0.000662647;0.997348;6.08998e-08;3.22725e-07;4.3031e-07;7.31799e-08;2.59199e-07;0.00110648;1.67286e-05;1.18349e-07;3.17408e-07;6.01844e-05;0.000804702;2.1611e-07
4.03097e-05;0.989719;1.59466e-09;3.06377e-07;5.73509e-06;5.1659e-08;2.96403e-08;2.32696e-05;4.79228e-07;3.01073e-08;3.65983e-08;7.00523e-05;0.0101302;1.04894e-05
9.69727e-06;0.996278;5.65224e-09;1.11774e-06;1.58826e-06;4.15508e-07;0.0015541;0.00152061;3.68323e-05;2.10044e-05;2.3772e-07;4.76064e-06;0.000151983;0.000419654
1.74344e-11;7.56291e-13;1;9.99189e-10;2.90585e-10;6.27144e-11;3.51666e-10;3.13038e-12;1.39146e-10;1.07978e-11;3.29566e-10;4.26902e-08;9.35743e-13;6.10228e-12
7.10246e-05;0.788825;5.10034e-07;3.09577e-05;9.28216e-06;4.52616e-06;0.00210848;0.156427;0.0140496;7.71816e-06;0.0242056;4.49433e-05;0.0140003;0.000214762
3.57374e-07;0.0390394;0.000404347;7.28424e-07;3.22866e-07;1.08319e-07;8.48089e-05;3.10305e-06;1.15483e-06;5.26954e-07;0.000123144;0.960196;0.000145311;3.86041e-07
2.92022e-05;0.631034;2.33185e-09;2.66575e-06;1.68205e-05;4.26978e-05;1.08731e-05;0.0364105;0.000129826;7.75695e-07;0.000159432;0.000395448;0.331736;3.1917e-05
9.4075e-05;0.596907;6.4504e-05;0.000192528;0.000232943;2.98097e-05;2.26295e-05;0.00668133;0.000280341;8.13365e-06;0.0110804;0.157359;0.226814;0.000233349
0.000269195;0.209829;1.75149e-07;0.00390202;0.00763654;0.00142366;6.6307e-07;0.32173;0.0016873;1.55544e-05;0.0346044;0.0150016;0.402783;0.00111581
0.000263558;0.951258;1.22684e-07;1.10211e-05;1.25378e-05;4.49403e-06;0.00551203;0.014647;0.000201583;0.00128359;0.000756433;2.08536e-06;0.0260296;1.8457e-05
7.51979e-13;1.17199e-13;1;3.34787e-14;1.09953e-12;1.92575e-13;1.90037e-13;3.52613e-15;1.60723e-14;1.42558e-12;7.46024e-15;7.30248e-10;4.70324e-16;4.79477e-14
0.000335733;0.548685;0.035354;0.000113484;8.02398e-05;0.000134179;0.00767067;0.0613584;0.00711423;0.000866318;0.00291937;0.00245844;0.331986;0.000923138
6.60477e-05;0.0163878;3.69179e-08;0.00340274;0.00787367;0.00662451;0.0168088;0.000271221;0.5798;0.00159354;0.345069;0.000475754;0.016512;0.00511455
0.0121432;0.739701;0.11815;0.00952447;0.0021217;4.14115e-05;2.2344e-05;0.00211682;0.00203935;9.24866e-05;3.73124e-05;0.111862;0.000933126;0.0012152
0.0082281;0.243524;4.10665e-05;4.52609e-05;0.00104495;1.31355e-05;8.75859e-07;0.0270589;0.00118336;1.07692e-06;1.95957e-05;0.698698;0.0180351;0.0021061
2.80974e-07;0.992633;2.12993e-11;1.60054e-07;1.70661e-07;1.05211e-06;0.00011287;1.26486e-06;5.32738e-07;0.000422447;2.29912e-08;2.47215e-10;2.3752e-05;0.00680483
6.17835e-13;1.62691e-15;1;2.59109e-12;5.30134e-12;3.38585e-12;3.02439e-12;5.41737e-16;1.87121e-12;2.02329e-11;3.8814e-13;7.45005e-10;2.31712e-16;1.10058e-12
4.54567e-05;0.0031213;7.42961e-06;0.000103198;7.69907e-05;0.000116638;0.000405645;0.0547305;0.84286;2.65721e-05;0.0981143;3.5923e-05;0.000349024;7.51503e-06
