4.82606e-07;0.999788;2.43024e-05;1.69227e-07;5.9381e-07;3.46997e-07;2.63346e-09;7.84675e-05;1.26651e-09;6.73159e-08;8.38795e-10;1.61573e-07;0.000106155;1.79551e-06
6.65336e-08;3.65417e-06;0.999995;3.22998e-08;2.15297e-08;7.23013e-09;3.18693e-07;5.19446e-09;8.89809e-09;9.9672e-09;2.21829e-08;2.83987e-07;1.61592e-07;2.51633e-09
1.43922e-07;2.59394e-05;6.92358e-06;1.03574e-06;5.82578e-07;1.53899e-06;4.07438e-09;1.76061e-05;9.24147e-06;2.21539e-08;8.2093e-05;0.999817;5.05256e-06;3.29163e-05
1.19743e-06;0.00517477;1.08175e-06;2.60342e-07;2.43366e-06;0.000326723;6.91436e-09;4.11243e-06;6.30352e-07;3.23258e-08;2.19268e-05;9.35669e-05;0.994313;6.02109e-05
5.29866e-07;0.326748;0.0104578;3.08113e-07;1.36174e-06;8.40719e-06;1.15527e-08;0.000602164;2.60427e-07;1.2154e-07;9.24245e-07;0.661791;0.000344652;4.41734e-05
1.67896e-06;0.61443;0.000969201;3.554e-06;0.0138538;0.00942152;3.53929e-10;0.213552;2.39705e-07;1.95506e-07;1.06312e-08;0.00449458;0.0224028;0.120871
5.05154e-08;0.997904;1.37367e-07;2.33093e-08;8.98163e-06;1.57005e-05;8.84957e-08;0.000601721;4.33688e-09;1.71996e-07;2.32986e-09;1.36043e-09;7.85432e-05;0.001391
9.31676e-13;1.69949e-10;1;9.5828e-13;1.12891e-10;5.80274e-12;6.84346e-14;1.84621e-11;7.97605e-15;1.72548e-13;2.19847e-14;8.30348e-08;6.17568e-13;7.15521e-13
3.4542e-05;0.0784074;2.26408e-07;0.000494838;0.000107293;8.91485e-05;5.36999e-05;0.348584;0.00805442;5.11572e-06;0.0201253;0.0049027;0.537689;0.00145181
6.82429e-06;0.00437177;2.12145e-07;5.98543e-08;5.38741e-05;5.08104e-07;1.31354e-09;0.988706;4.76595e-09;1.2841e-08;9.40503e-09;0.000797433;0.00603424;2.88494e-05
9.78965e-07;0.964825;0.000231585;5.92338e-06;0.00292042;0.000296708;1.19322e-05;0.0258678;2.09563e-07;1.2293e-05;3.30646e-07;0.00103247;0.00373356;0.00106057
2.32373e-10;4.71242e-08;1;1.34631e-10;1.0109e-09;1.48763e-12;8.01042e-09;3.3608e-12;1.23389e-11;9.17579e-11;5.20537e-11;3.46115e-09;5.31759e-12;3.98455e-11
1.39162e-05;6.39199e-05;0.98344;2.68485e-07;4.22299e-06;1.02965e-06;5.47528e-07;1.89204e-06;2.14852e-06;2.96492e-07;6.19019e-07;0.0164556;3.40319e-07;1.51102e-05
4.47873e-05;0.00666112;6.39269e-05;1.33369e-06;0.945108;0.0105659;2.55067e-09;0.0195329;1.27482e-05;7.80093e-08;1.1293e-06;0.000130111;2.18323e-05;0.017856
3.14006e-09;0.998696;4.11769e-11;1.33482e-12;2.08019e-07;1.7401e-10;6.59387e-10;1.52028e-07;3.63415e-13;6.94108e-09;4.27434e-14;3.72688e-10;5.58856e-07;0.00130287
1.79963e-12;7.9657e-13;1;1.22931e-14;2.66625e-09;6.36627e-12;6.22731e-14;1.99531e-11;3.28274e-15;4.37284e-13;2.07603e-17;5.08314e-10;2.67491e-14;2.24737e-12
1.05495e-05;0.00107425;5.09374e-05;2.83273e-06;1.1216e-05;1.47403e-05;3.32417e-06;0.991263;0.00233437;2.07544e-07;1.25367e-05;7.92802e-06;0.00521379;4.58275e-07
1.8772e-06;2.0178e-05;4.01311e-09;5.3629e-10;4.06538e-09;6.96995e-10;6.06469e-10;0.999737;1.46135e-07;3.82185e-10;1.67372e-09;6.62744e-10;0.000240691;9.59228e-11
3.15927e-08;0.201179;4.2681e-07;2.31859e-07;5.97345e-07;5.54277e-07;9.99501e-07;6.57746e-09;2.82577e-11;1.32198e-05;6.00282e-11;1.2514e-08;2.42975e-06;0.798803
6.20275e-10;1.04187e-13;1;2.87529e-10;1.06769e-08;7.92285e-10;3.99621e-10;2.88509e-11;4.21066e-10;3.57546e-11;6.3488e-10;1.69846e-08;1.71612e-14;9.68706e-09
1.06108e-06;0.969798;9.18568e-10;1.53091e-08;4.6172e-09;1.9966e-08;0.0291342;1.52041e-06;8.77794e-08;9.19038e-06;4.53172e-07;5.79084e-11;0.00103666;1.91006e-05
7.34262e-13;2.04513e-13;1;2.08853e-11;1.01727e-10;9.38068e-11;1.4395e-11;1.64885e-14;1.77017e-12;3.36216e-12;5.59917e-12;5.7028e-09;7.52968e-15;1.12782e-11
6.32738e-05;0.983997;2.02408e-05;3.58613e-06;2.61014e-06;1.64625e-06;0.00175034;0.00217024;0.00253917;2.11121e-06;0.000527581;3.49582e-05;0.00888304;3.92172e-06
5.73639e-07;0.963305;8.57395e-09;2.16449e-06;5.61228e-06;5.80909e-06;4.28684e-09;0.026047;1.30351e-06;1.80895e-06;1.36668e-07;0.00141448;5.66074e-05;0.00915971
4.62026e-05;0.984054;1.80949e-08;3.94837e-06;7.11891e-06;1.09913e-06;0.000216385;1.44582e-05;6.11285e-05;1.02216e-05;1.60321e-05;0.00194695;0.00296968;0.010653
0.000135615;0.0385587;7.04014e-10;1.33254e-07;1.7855e-06;1.84662e-07;4.78773e-08;0.000269677;1.89961e-05;1.6887e-08;5.12649e-07;0.944522;0.0164877;4.21637e-06
1.03261e-05;0.999463;1.4599e-09;2.57281e-08;1.63161e-06;1.49932e-08;2.9745e-07;0.000136767;1.38428e-07;5.70926e-08;1.86642e-08;8.34157e-05;0.00030326;9.7229e-07
2.31977e-06;0.000108997;0.0730319;0.000213123;0.0213304;0.0440087;3.0087e-09;1.12286e-05;7.16683e-08;1.04909e-06;5.56093e-07;0.856727;1.25537e-05;0.0045517
3.47773e-06;0.99882;7.90646e-09;1.12629e-08;4.98253e-09;1.05414e-07;0.000313957;1.1369e-06;1.14438e-08;8.68415e-06;8.92935e-08;1.95206e-11;0.000649872;0.000203049
5.74122e-12;6.51215e-13;1;7.49607e-11;2.06392e-09;2.78643e-09;1.01157e-09;2.97388e-14;9.3748e-12;5.54848e-11;1.62852e-12;1.00641e-07;2.09724e-12;7.33961e-11
1.84847e-06;0.0722025;1.25798e-07;1.47024e-05;2.09498e-05;0.00207083;9.57333e-06;0.000359515;5.31386e-05;2.33796e-07;5.78094e-05;0.000101686;0.924938;0.00016923
3.99153e-07;0.000257972;3.90728e-08;1.15919e-05;5.06687e-05;0.000149221;2.72585e-07;0.000423065;7.58636e-07;1.54796e-06;8.27964e-05;8.77021e-05;0.998733;0.000201356
1.1941e-05;0.000446002;2.57173e-07;3.75852e-06;9.70358e-07;1.01268e-06;3.37044e-08;1.7391e-05;1.67014e-06;1.06971e-07;7.11377e-06;0.998451;0.00105595;2.50632e-06
4.2642e-06;0.0102425;2.27867e-10;1.59792e-08;3.33656e-07;3.16609e-09;3.46947e-07;0.98972;4.94125e-07;1.04592e-08;4.69754e-07;2.33686e-06;2.83251e-05;7.39163e-07
1.61173e-07;0.998177;8.25272e-12;2.86251e-07;2.52177e-07;8.48319e-07;6.43697e-05;0.000106952;6.53898e-09;4.01762e-05;3.18623e-09;5.582e-06;0.000388185;0.00121651
5.44957e-10;8.23539e-12;0.999997;4.84603e-09;3.87026e-09;8.89918e-10;2.58552e-08;2.95354e-11;7.88485e-10;6.52096e-09;5.12566e-10;2.6071e-06;7.61808e-12;1.01823e-10
6.66018e-05;0.846784;6.83994e-07;2.22232e-05;6.10896e-05;9.00358e-05;0.0876495;0.0424225;0.00570467;0.000136206;0.00300746;5.23938e-08;0.0139321;0.000122805
1.48024e-09;6.612e-10;1;2.56732e-10;7.95103e-09;5.83087e-11;1.03486e-08;1.12643e-10;6.93334e-10;9.19875e-10;1.2941e-10;6.18898e-08;1.09296e-09;2.57309e-09
1.45909e-07;6.42607e-06;0.999659;1.7865e-07;4.88764e-06;7.96994e-07;1.47142e-09;8.32277e-05;1.2146e-07;2.26035e-08;3.23199e-08;0.000139306;1.73438e-06;0.000104246
7.35987e-08;3.94557e-05;1.65204e-05;1.09763e-08;0.000127981;0.000967545;5.7332e-12;8.84087e-07;1.36645e-10;3.77086e-08;6.28086e-11;8.33077e-06;6.97478e-06;0.998832
1.68503e-05;0.000121828;4.13656e-09;6.57268e-07;3.50034e-05;0.000202109;4.28728e-09;0.966346;2.82733e-05;1.14993e-08;3.26743e-06;0.000247892;0.0329447;5.3335e-05
1.53082e-06;0.999779;1.93266e-07;1.26475e-07;1.417e-08;7.2439e-11;3.22528e-08;0.000196573;1.12432e-07;6.43919e-09;1.44607e-07;5.60804e-07;2.17266e-05;6.59142e-09
1.35755e-08;0.999577;6.04717e-10;8.23836e-07;2.84101e-06;7.19448e-10;1.34334e-10;0.0003622;4.19311e-10;1.54598e-07;2.09568e-10;9.73132e-07;1.57103e-08;5.56353e-05
5.67051e-06;0.0012692;0.00472095;0.000313785;5.7447e-05;0.000232236;4.39549e-06;0.000162887;3.67907e-08;0.000406475;9.20106e-05;0.989742;2.89902e-06;0.00299058
8.68082e-06;0.00191408;2.27652e-11;3.44398e-07;8.5505e-08;4.61139e-07;9.75194e-06;1.518e-05;1.36313e-06;9.17684e-09;0.00224167;6.88315e-05;0.995739;7.37642e-08
1.66027e-05;0.00119843;3.40446e-06;7.83907e-07;1.6949e-06;4.14914e-07;8.43732e-08;2.89221e-05;6.97491e-07;5.24233e-08;6.18419e-06;0.998531;0.00020134;1.00587e-05
4.57857e-08;0.999983;4.39642e-06;8.67727e-08;5.87304e-08;9.31497e-09;7.82173e-10;9.57319e-07;2.37503e-11;4.33527e-09;1.43659e-09;1.12968e-05;2.99692e-07;7.83108e-08
7.01161e-06;0.683412;7.20114e-08;7.94794e-07;4.16777e-07;2.61976e-06;1.9357e-05;8.85511e-07;1.27153e-08;2.6472e-07;7.63934e-07;0.00257597;0.313978;1.05891e-06
5.62754e-05;0.0485129;5.5781e-07;1.67106e-05;4.90927e-05;6.36854e-06;0.000141651;0.828138;5.83578e-05;1.08256e-05;0.000197272;0.121909;0.000875637;2.75763e-05
8.62738e-05;0.0164015;6.40292e-05;0.0340809;0.0198252;0.585488;6.25764e-05;0.0020862;0.0016494;0.000145181;0.00856852;4.03889e-05;0.000278327;0.331224
0.000121554;0.971087;1.77105e-07;1.47008e-06;7.64538e-08;1.06254e-05;1.19553e-07;0.00399638;1.01532e-07;1.47147e-06;6.87029e-07;0.0168014;0.00797713;1.58253e-06
1.50182e-06;0.000729308;1.64176e-09;1.26915e-07;1.52818e-07;6.50383e-07;6.06949e-08;5.89526e-05;2.24224e-07;2.41746e-08;2.85885e-05;1.84652e-05;0.999162;1.1305e-08
0.000452213;0.00031874;6.44249e-05;3.82437e-06;6.98287e-05;5.83149e-06;1.23787e-07;0.000830456;1.04645e-05;4.06e-06;1.35289e-05;0.986974;0.0107328;0.000519755
1.06051e-05;0.994543;1.14332e-06;2.00346e-07;1.88715e-06;3.16712e-06;0.000902795;3.3308e-05;1.85267e-07;0.00154203;2.5675e-07;5.8827e-08;0.000149287;0.00281208
8.90389e-12;1.005e-11;1;2.97392e-09;2.51114e-09;2.52862e-08;5.43069e-10;4.44291e-13;2.324e-11;1.45641e-09;1.47191e-10;4.04088e-07;9.77256e-11;3.41289e-10
4.20808e-07;0.999052;2.76815e-06;1.53456e-08;1.80263e-08;3.77972e-11;8.72757e-09;0.000223925;3.99155e-10;6.05801e-09;7.71502e-09;8.98937e-07;0.000719721;6.40085e-08
2.23028e-09;0.959005;5.25513e-11;8.21064e-08;7.68448e-08;2.83311e-08;0.000309119;3.20464e-08;4.18559e-10;0.000165832;2.0752e-08;4.02097e-11;6.73509e-09;0.0405194
2.33328e-12;7.93856e-11;1;1.48183e-11;1.26279e-10;2.32455e-11;3.19744e-09;1.74733e-15;6.49883e-14;1.21177e-10;6.69011e-13;2.30687e-08;5.98304e-15;4.58198e-10
1.14258e-05;0.734987;1.9717e-06;4.98068e-05;1.4476e-06;3.72182e-05;0.202102;0.0490124;0.000696936;2.68917e-06;0.00500129;2.23278e-05;0.00807026;3.88581e-06
5.74229e-07;0.998962;5.29195e-08;4.68838e-06;1.07444e-07;5.45177e-06;8.7361e-06;7.31114e-05;4.36133e-05;6.49702e-08;2.51779e-06;2.10533e-05;0.000877274;1.14744e-06
2.29333e-05;0.0106493;2.57847e-07;0.000183375;0.000228885;0.00212658;7.58644e-07;0.961231;2.90255e-05;7.89177e-05;2.48314e-05;0.000474383;0.00698727;0.0179619
1.27223e-05;0.00765894;2.71998e-09;2.85668e-07;6.0886e-08;9.21821e-08;2.43017e-07;5.4129e-05;1.09034e-06;2.82833e-08;5.6721e-06;9.66428e-07;0.992266;6.58833e-08
0.000189616;0.015268;1.61874e-07;3.75136e-06;1.56372e-05;2.15425e-06;2.1491e-07;0.00496941;0.000173584;2.85511e-07;0.000153644;0.971301;0.00786205;6.02069e-05
7.94024e-07;0.999753;1.58879e-08;4.85486e-09;2.45877e-09;7.63245e-09;1.39497e-07;2.35465e-07;5.08356e-09;1.17712e-08;6.62623e-08;6.06691e-05;0.000185558;2.84121e-08
1.09277e-09;1.8796e-06;6.88316e-09;1.00875e-07;2.22932e-05;6.22761e-06;1.75148e-11;3.80202e-05;4.84266e-07;7.96028e-11;1.15888e-07;0.999906;8.28385e-07;2.39899e-05
5.55263e-07;0.997807;3.46196e-08;2.15839e-08;2.6917e-09;5.56552e-08;7.09708e-08;2.85538e-06;1.17017e-08;3.3295e-09;7.78447e-08;4.97448e-06;0.00218413;3.29578e-07
4.89698e-07;0.0307216;2.98511e-07;2.68565e-08;1.00231e-06;5.56266e-06;1.41466e-08;0.000561019;1.83089e-07;8.75996e-09;3.32885e-08;0.963526;0.00508272;0.00010133
5.40338e-06;0.93798;4.34732e-09;4.40176e-07;0.00082469;6.78117e-06;3.47685e-07;0.00183261;5.9931e-07;1.05983e-06;1.27906e-07;0.00315461;0.0451885;0.0110046
0.00112254;0.478052;0.000164147;0.00011968;5.0026e-05;0.00254846;0.000178362;0.021607;0.00129011;1.14861e-05;0.000571887;0.0153117;0.478875;9.80701e-05
0.000968669;0.0966337;0.89029;0.000652123;0.00033108;0.000213672;0.000121721;0.000702154;3.76756e-05;0.000353201;1.03559e-05;0.00146924;0.00425299;0.00396276
3.25372e-08;1.64513e-09;0.999999;6.20845e-09;2.27836e-10;5.81226e-09;1.67221e-08;3.21993e-11;1.89184e-08;1.81113e-10;2.11321e-08;6.5773e-07;2.81588e-09;1.12614e-10
3.17018e-05;0.038033;4.13127e-07;1.90034e-06;3.65765e-05;1.22305e-05;2.12496e-05;0.931356;0.00586772;1.07046e-06;0.00641203;0.00730601;0.0109099;1.01979e-05
2.92342e-05;0.985449;1.16271e-05;1.56926e-07;3.36422e-06;2.07684e-07;1.37074e-06;0.00231843;5.91043e-07;8.61897e-07;1.68417e-05;0.00383771;0.00832902;1.21031e-06
3.74415e-05;0.000192472;5.38773e-07;1.65202e-06;0.000840508;0.00269873;7.07149e-07;5.79279e-06;7.39842e-05;2.77624e-06;4.23736e-05;0.979815;0.015411;0.000877393
0.00242183;0.963177;0.0260722;2.48101e-05;0.000119115;2.74028e-06;0.00417295;0.00236972;0.000250089;0.000447056;2.39932e-06;3.68067e-05;0.000890764;1.30149e-05
3.71986e-07;6.82006e-09;0.999982;2.31178e-08;5.96161e-08;2.15088e-08;4.28692e-07;3.03835e-09;1.41944e-05;2.72659e-09;4.38386e-08;2.63651e-06;3.19719e-10;4.05686e-10
0.00168562;0.027846;9.04958e-06;3.25769e-06;2.03221e-05;0.000287395;1.43134e-07;0.948979;0.0012526;6.65865e-06;1.57453e-06;0.00263485;0.000351919;0.0169217
6.79848e-05;0.0418253;8.98302e-10;2.01701e-06;4.84761e-06;9.52985e-05;3.09547e-06;0.0952743;0.0167363;3.33739e-07;0.000258638;2.41032e-06;0.845728;2.0727e-06
1.33246e-05;0.00198386;9.53659e-09;7.34491e-08;2.54643e-06;1.72104e-07;1.81498e-11;0.00485272;1.95253e-07;2.30564e-09;3.61635e-08;0.990911;0.00222734;8.52516e-06
0.00114859;0.141764;6.307e-06;6.11727e-05;0.00107249;0.00305063;6.17414e-07;0.0257981;9.01144e-05;3.78297e-06;6.19288e-05;0.0120839;0.797822;0.0170364
8.63762e-06;0.872035;0.0317096;1.62329e-05;6.32427e-07;7.59089e-07;1.3319e-05;0.0045039;2.23219e-05;1.64041e-05;6.82744e-05;0.0900865;0.00151807;5.50537e-07
0.00021977;0.0609437;0.00835384;0.00211994;0.0488181;0.000523388;4.73078e-05;0.680265;0.000222782;0.000327871;2.74616e-05;0.106566;0.00445386;0.087111
0.00128311;0.267891;5.01793e-06;0.000134837;0.00166195;4.63582e-07;0.00884872;0.649931;0.0396208;1.4663e-05;0.028391;0.000111732;0.00210435;1.50028e-06
7.67068e-06;8.83e-05;0.986222;1.61623e-06;9.59066e-05;9.76038e-07;1.96837e-07;4.97892e-06;7.16904e-07;3.61903e-07;4.81171e-07;0.0135138;3.25354e-05;3.00865e-05
1.57964e-06;0.993839;2.38802e-10;1.21048e-06;5.86672e-07;4.13856e-06;3.46652e-07;0.00269367;7.87974e-05;8.17269e-09;5.55589e-06;0.000431497;0.00226686;0.000677058
1.74787e-07;0.998601;6.52728e-10;5.58625e-09;1.88604e-06;1.05649e-09;2.38361e-08;0.00135675;1.52813e-08;1.1474e-08;1.37372e-09;2.97362e-05;1.01964e-05;3.66092e-07
2.30327e-07;0.000676947;0.00366119;6.81629e-06;0.000703213;6.20996e-05;6.3158e-10;6.30566e-05;3.01481e-10;4.3542e-07;4.68182e-09;0.994027;0.000730427;6.81409e-05
0.000213226;0.625052;1.73851e-07;0.000339508;0.00072403;3.74978e-05;0.00299488;0.0593976;0.00812284;1.33151e-05;0.203088;0.000300278;0.0963307;0.00338539
0.00298678;0.511116;0.000462012;0.000105813;0.0139719;0.000245679;2.20663e-05;0.118663;0.00026121;0.000147569;0.000188762;0.0679352;0.278325;0.00556908
5.32082e-06;0.997695;1.73228e-07;9.30818e-08;1.0695e-06;4.97762e-07;0.000819358;2.55102e-05;1.72886e-07;0.000151046;2.85613e-07;2.02447e-07;0.000285144;0.00101613
1.89322e-10;3.32135e-12;1;2.0448e-09;6.6915e-09;3.69449e-10;4.44996e-09;1.0303e-12;3.09212e-09;1.54406e-09;2.48749e-10;1.64813e-08;2.80965e-14;2.71419e-09
0.00360025;0.0602296;5.30821e-05;0.000334627;0.00329449;4.73967e-05;0.000336044;0.834462;0.0682298;4.69758e-05;0.0198076;0.00752794;0.000954471;0.00107522
4.70033e-05;0.00891975;2.17131e-05;1.80808e-06;0.000161745;1.72665e-08;0.00127484;0.98066;0.00317008;1.30414e-05;0.0026491;0.00271379;0.000367596;3.0667e-08
1.10508e-05;0.000973541;0.950845;0.000762708;0.00276688;0.000624951;2.43454e-05;0.000262674;2.06385e-06;0.00166953;5.80329e-05;0.0311318;0.000390834;0.0104766
7.92121e-06;0.995627;3.37212e-09;3.45404e-06;9.23281e-08;3.27703e-07;4.18836e-05;0.00166824;0.0010503;2.26665e-08;0.00140856;2.72872e-05;0.000159937;5.1608e-06
1.12574e-05;0.990116;3.07993e-07;3.79528e-07;1.78674e-06;2.98032e-06;3.48029e-08;0.00320096;1.06847e-05;2.43916e-07;1.02593e-06;5.98104e-06;0.00663339;1.45763e-05
1.35917e-07;0.997113;1.22728e-08;2.78708e-08;2.94268e-08;1.65209e-07;4.50964e-06;1.11806e-06;1.80803e-08;3.05732e-05;4.02587e-09;8.38366e-09;5.77936e-05;0.00279241
7.05842e-08;1.55102e-07;0.999962;7.98577e-08;2.74377e-05;3.08249e-06;2.28935e-06;1.0531e-07;2.26435e-07;3.1687e-06;2.24664e-08;1.17414e-08;2.02439e-10;1.4722e-06
1.46431e-09;7.53495e-09;1;4.50857e-11;2.36114e-10;3.58832e-10;7.481e-08;4.89711e-11;2.53559e-10;2.44566e-10;2.38479e-11;1.30651e-09;1.22577e-08;8.44935e-10
1.71256e-09;1.5731e-07;1.99272e-07;1.09582e-08;1.19308e-07;3.21378e-08;8.90521e-10;5.07763e-06;5.92341e-06;6.48169e-10;4.134e-06;0.999964;2.11316e-06;1.84125e-05
1.45226e-07;0.108913;5.81936e-11;9.24767e-08;8.55843e-07;2.50114e-06;6.10145e-08;0.000630565;2.77416e-07;4.23647e-09;7.82005e-07;9.2891e-06;0.890436;6.95978e-06
1.41643e-06;0.135439;2.17714e-05;1.37155e-06;3.89154e-05;2.06293e-06;1.44428e-08;0.0224191;3.9389e-07;2.13577e-07;3.03155e-07;0.829677;0.0111101;0.00128794
5.53414e-07;0.89183;1.37722e-10;1.16678e-07;0.000129236;1.15643e-05;1.37848e-07;0.000313201;6.9435e-08;3.2e-07;2.33003e-08;1.00331e-06;0.00323871;0.104475
8.2065e-08;0.000202495;1.71873e-07;1.86689e-08;1.1201e-08;1.19828e-07;1.20399e-08;3.21241e-05;9.78636e-07;7.35666e-10;5.68808e-07;0.999029;0.000734518;5.37999e-09
5.65388e-08;0.000724421;3.93685e-10;6.76873e-08;7.85124e-08;7.29267e-07;2.98052e-09;1.86054e-06;2.33095e-08;5.8614e-09;8.04737e-08;4.337e-05;0.999229;3.41332e-07
6.25351e-05;0.00698487;0.000171188;5.13328e-05;1.29343e-05;0.000211525;4.33264e-07;0.00211796;0.000180902;1.90344e-06;0.000123337;0.86501;0.124601;0.000470249
2.00451e-06;0.0586117;2.80055e-07;4.8009e-07;0.000273639;0.000253478;1.78914e-07;0.927835;1.25161e-05;1.01669e-06;6.03185e-07;0.000669852;0.0121209;0.00021801
5.46175e-06;0.00169218;4.79244e-09;8.3487e-06;8.48344e-06;4.09509e-06;6.35945e-08;0.726339;0.00011852;9.62415e-07;2.0551e-05;4.15825e-05;0.271755;5.55436e-06
0.000635762;0.0161615;1.1669e-06;5.79776e-08;1.77307e-05;8.53152e-09;4.1505e-08;0.973889;2.72441e-07;9.52415e-08;3.91264e-08;0.00724457;0.0020254;2.4749e-05
8.23079e-08;0.00101697;1.40152e-06;2.64253e-07;7.55615e-06;1.34708e-06;1.25641e-08;2.69493e-05;1.39733e-07;2.74291e-08;1.35627e-07;0.998385;0.00012196;0.000438157
7.21867e-06;0.0122182;4.98158e-08;2.59133e-07;2.00093e-05;7.85481e-07;1.2803e-06;0.0084057;3.71872e-06;1.7114e-07;2.82366e-06;1.66506e-05;0.97932;2.66269e-06
1.69945e-05;0.0120896;4.74571e-09;0.000102747;0.000104236;0.000375593;3.2673e-06;0.000252802;0.00355247;6.06852e-07;0.00012589;0.000269261;0.000511789;0.982595
2.75629e-06;0.987507;2.94616e-08;2.32533e-08;5.51885e-07;3.03995e-09;3.38476e-09;0.000638314;1.66299e-08;3.87757e-08;3.44601e-08;0.0118193;1.11813e-05;2.14088e-05
6.87738e-10;8.34626e-07;0.999934;3.89456e-10;1.42848e-06;1.58479e-10;8.04217e-10;1.98759e-08;3.32772e-12;3.36181e-09;3.08787e-10;6.28545e-05;4.3494e-07;1.70229e-07
4.60609e-05;0.0425177;4.48905e-08;0.000104732;0.00238217;0.256703;0.00557788;0.0332514;0.0294328;6.46098e-05;0.0571908;8.16994e-08;0.560934;0.0117943
2.16792e-05;0.0187692;0.980238;3.59816e-06;3.58625e-06;7.86707e-06;1.05647e-06;4.85349e-05;1.42585e-07;2.24181e-06;1.89559e-07;0.00087867;2.04099e-05;4.44165e-06
4.4802e-05;0.00474713;5.16964e-08;1.9618e-06;8.33513e-06;5.12827e-05;3.20153e-06;0.0471859;2.45363e-05;4.2305e-07;3.99952e-05;6.42912e-05;0.947817;1.08322e-05
1.11642e-06;0.00411599;1.1243e-06;0.000323661;0.000207724;0.00496916;8.7779e-08;2.4567e-05;7.19143e-05;2.08474e-06;0.00015097;0.00653376;0.000321038;0.983277
2.72545e-08;0.000294164;1.44451e-10;4.0273e-10;3.17219e-10;2.04366e-08;1.60886e-10;7.02423e-07;6.7345e-11;4.01406e-11;8.99962e-10;2.38025e-07;0.999705;3.31311e-11
6.64062e-07;0.00675155;3.22221e-08;1.48032e-05;1.31526e-05;0.0262029;1.20426e-07;4.23508e-05;4.29462e-07;4.3512e-07;1.58972e-06;0.000727776;0.965793;0.000451639
6.43744e-06;0.00585936;0.990824;0.000308729;0.000322176;0.000181364;1.07056e-05;1.85494e-05;2.47785e-07;3.04001e-05;4.83145e-06;0.000845243;1.47216e-05;0.00157365
7.515e-06;0.994297;8.76391e-06;2.21929e-05;1.87186e-06;3.7942e-05;9.88488e-05;0.000567629;6.72803e-06;2.63387e-06;0.00308149;0.00084197;0.00100288;2.26105e-05
4.9089e-06;0.00173667;3.06693e-08;1.98144e-06;0.000121908;8.13643e-05;1.47874e-06;0.0026027;3.1327e-07;8.35349e-07;3.65744e-05;0.000149041;0.995228;3.46256e-05
1.0455e-06;0.00769247;5.58202e-06;0.00081282;0.000285041;0.0029643;4.54412e-07;3.07011e-05;6.34563e-05;6.80595e-07;0.000416432;0.00174937;0.000259677;0.985718
4.30641e-06;0.9911;1.59738e-05;2.87133e-06;3.3455e-06;5.58238e-07;1.11577e-09;0.000343432;2.22005e-08;3.93472e-08;7.44827e-07;0.00606997;0.0024426;1.57232e-05
2.56645e-05;0.069707;1.42209e-06;0.000681494;0.00917652;7.20371e-06;0.000184534;0.876429;0.000609559;0.000102263;0.0362745;0.00453755;0.00211523;0.000148461
2.03141e-05;0.00145586;0.931844;0.000333899;0.0272641;0.00148012;2.30184e-08;0.000368478;5.12496e-08;8.59979e-06;3.69993e-06;0.0124806;0.0130025;0.0117377
2.60874e-07;0.999071;1.10634e-12;3.38288e-09;5.1252e-10;7.00482e-11;9.7914e-05;3.89083e-09;3.37373e-08;4.13937e-07;5.65648e-07;7.46571e-09;8.17616e-07;0.000828527
4.7242e-05;0.00165257;2.67203e-06;4.95641e-05;0.000338266;2.52867e-05;0.868576;0.000204477;0.0360888;2.60658e-05;0.0916871;3.19991e-05;0.0012702;3.11746e-08
7.09184e-05;0.998119;9.21176e-07;1.79464e-06;1.08344e-05;5.47541e-07;5.23591e-08;5.14169e-05;2.10153e-07;2.06718e-07;2.79535e-08;8.91037e-06;0.00172769;7.10618e-06
7.24608e-05;0.985491;7.03596e-09;3.8865e-07;1.46776e-06;3.00823e-07;0.00085331;0.000182105;3.28508e-07;0.000633832;3.2003e-08;3.7209e-06;2.81412e-05;0.0127327
7.87394e-11;1.20733e-13;1;4.43608e-10;1.04347e-09;8.4969e-09;3.29326e-10;9.20297e-14;2.60574e-10;7.97687e-10;4.08614e-11;1.18224e-07;2.69288e-14;8.14722e-10
0.000235638;0.00742014;1.13593e-05;1.30011e-06;4.01498e-05;5.18182e-05;9.72373e-07;0.00866164;0.000149296;5.35788e-08;2.38724e-05;0.000151206;0.983245;7.50051e-06
1.34411e-06;0.948225;1.40412e-07;5.9758e-06;6.28768e-05;0.00011008;0.000315163;7.51188e-05;5.66363e-06;0.000243675;3.68437e-07;5.94118e-07;0.00128474;0.0496687
8.70075e-12;2.134e-11;1;6.02184e-13;2.10525e-11;7.20017e-13;3.47724e-11;4.9745e-13;7.9223e-13;1.1897e-12;3.17112e-13;2.16171e-08;6.77399e-15;3.35913e-12
7.77409e-05;0.951382;7.56945e-06;1.60987e-05;5.55708e-06;3.56547e-05;0.00146554;0.000675292;0.0198316;3.48692e-06;0.0061621;0.000193681;0.0201157;2.771e-05
1.15313e-05;0.999548;1.13133e-05;3.50716e-06;1.13071e-06;3.81176e-08;2.65419e-06;1.58183e-05;2.04515e-05;6.48958e-07;1.21799e-05;0.000265641;0.000106339;9.61056e-07
5.8113e-07;0.999621;1.46746e-12;3.88022e-09;5.03451e-07;5.22998e-10;2.09384e-08;0.000233366;1.56822e-07;2.25641e-09;8.46242e-09;9.65945e-06;0.000135042;2.22102e-08
8.26681e-07;7.53285e-05;0.000621574;1.0074e-06;2.29591e-06;4.052e-05;8.93045e-09;2.34852e-05;1.14232e-08;5.38531e-06;1.15661e-08;0.999142;8.57796e-05;2.01181e-06
3.54076e-05;0.00358195;2.6272e-08;7.52398e-06;4.69282e-06;1.21168e-05;9.23309e-06;8.56628e-06;5.22965e-05;2.0185e-07;8.61901e-05;4.76593e-05;0.996153;1.05126e-06
2.76244e-05;0.00038548;8.36288e-06;2.86954e-05;4.93013e-06;5.58463e-06;2.73953e-07;1.7762e-05;5.57345e-06;1.51303e-06;1.47483e-05;0.989007;0.0104378;5.45421e-05
5.65622e-06;0.0213757;5.5884e-08;1.38031e-07;3.61363e-05;1.37339e-07;1.59222e-07;0.978543;7.39653e-07;4.26909e-08;2.04113e-07;2.79039e-07;3.71463e-05;1.17225e-06
2.36053e-07;0.000215554;0.999633;7.25273e-07;2.70946e-05;3.16464e-07;9.98566e-09;4.14784e-07;1.97913e-09;1.48488e-07;1.50859e-08;4.62184e-05;3.96543e-05;3.71062e-05
3.47362e-07;0.998016;6.10782e-11;2.87562e-10;5.95854e-08;6.69476e-09;6.85711e-05;3.1516e-06;3.82985e-08;7.72696e-07;2.84806e-08;1.75821e-10;1.04646e-05;0.00190094
2.14134e-11;1.74463e-11;0.999999;5.5801e-12;1.54276e-08;3.76133e-10;3.3342e-10;4.4454e-13;1.79783e-11;7.88792e-12;2.34617e-13;1.02036e-06;1.97118e-13;6.11606e-10
0.000107792;0.538716;2.91277e-08;2.04411e-07;4.34877e-05;1.26897e-06;1.64022e-05;0.441921;0.00175746;5.94189e-08;2.73847e-05;5.56486e-06;0.0173097;9.34386e-05
8.29823e-08;0.99984;3.40875e-09;9.88773e-08;1.30871e-08;2.38719e-09;3.24166e-05;2.36605e-06;7.09836e-07;6.81436e-06;1.19556e-07;6.40674e-08;1.12114e-06;0.000116025
3.77201e-10;2.73792e-10;0.999999;4.56003e-10;2.47828e-09;5.17462e-10;4.26554e-10;4.11126e-12;3.64689e-10;6.8329e-11;1.90678e-11;7.26712e-07;6.40117e-12;5.50576e-11
1.28179e-05;0.0590025;1.55183e-09;1.04418e-06;4.08076e-05;1.18275e-07;2.89738e-05;0.934787;0.00602481;7.35901e-08;2.14811e-05;1.90923e-05;2.80156e-05;3.33529e-05
4.20638e-07;0.00120959;0.000875943;5.71141e-06;2.62815e-05;3.86138e-05;7.67152e-07;2.12705e-06;6.29419e-07;4.23309e-07;1.81513e-06;0.997419;0.000390523;2.80916e-05
2.81657e-05;0.0065169;8.716e-10;9.92239e-08;2.04145e-06;2.13669e-05;5.04482e-07;0.000279488;1.4888e-05;1.33438e-08;1.50471e-06;5.75471e-06;0.99312;9.34786e-06
5.99958e-06;0.00143333;0.000526752;2.03652e-06;6.56902e-05;2.35813e-05;1.45417e-08;3.99374e-05;3.55173e-06;7.97906e-08;1.66491e-06;0.994954;0.00283687;0.000106922
6.19641e-08;0.000609839;1.21724e-09;7.38369e-09;7.23388e-05;7.1308e-05;1.59308e-09;0.999016;6.92834e-07;1.25874e-08;3.11355e-08;4.57489e-07;0.000208906;2.03898e-05
1.90181e-06;0.000316767;3.41119e-09;3.27279e-06;5.51399e-06;2.98485e-05;9.27108e-09;0.970161;2.19208e-05;4.8215e-07;5.20845e-06;1.83025e-05;0.0294263;9.95765e-06
0.00469435;0.0637081;0.000214812;2.04472e-06;9.09762e-05;2.7091e-07;1.39744e-06;0.903391;1.66579e-05;4.57418e-06;6.34544e-06;0.0195352;0.00804095;0.000293543
1.51207e-07;0.000501167;1.44126e-06;2.56217e-06;2.40514e-06;9.31889e-06;9.76892e-09;2.27193e-06;1.85339e-06;2.00993e-08;1.80872e-05;0.998648;0.000761804;5.05801e-05
2.04982e-07;0.996535;7.44359e-11;1.08486e-08;2.37179e-06;1.81177e-07;5.67697e-09;0.00150585;1.74626e-07;2.97961e-08;3.256e-07;6.24737e-06;0.00194916;8.40148e-07
1.44691e-06;0.000165576;3.30708e-06;5.62149e-09;1.39325e-06;2.59577e-09;7.19829e-09;4.32248e-06;2.04813e-07;1.2977e-08;3.34341e-07;0.999667;0.000156299;1.08138e-08
2.41507e-05;0.00806343;5.28832e-09;1.23054e-08;1.55877e-05;2.7562e-06;6.77281e-06;0.990423;0.00044313;5.89125e-07;1.32739e-07;1.19574e-09;0.00101776;3.07067e-06
5.50408e-09;1.35854e-09;1;4.09001e-11;1.78132e-09;2.00005e-12;3.11539e-10;1.4853e-09;9.38299e-10;2.36243e-11;1.39992e-11;1.31042e-08;3.19989e-12;8.77235e-11
2.33542e-06;5.43651e-06;0.000758289;1.79571e-06;5.50818e-06;8.64754e-07;1.57275e-08;7.62687e-05;0.00101646;3.25495e-08;3.89924e-06;0.998114;1.26146e-06;1.33741e-05
9.71635e-06;0.988299;6.62757e-08;1.33416e-07;1.43378e-05;9.68925e-06;5.29469e-09;4.08693e-05;4.03615e-07;2.98223e-08;3.44713e-07;1.61532e-05;0.011225;0.000383835
2.62709e-06;0.000344662;4.94125e-07;1.32214e-06;0.0219954;1.39878e-06;2.79016e-08;0.731041;4.53549e-06;3.70145e-07;5.23408e-07;0.245819;4.92946e-05;0.000739327
1.30198e-06;0.00111724;0.984466;3.64628e-06;0.00858071;5.32342e-05;9.75208e-12;0.00205673;1.46322e-09;9.26109e-09;2.29678e-09;0.00352922;0.00016794;2.37727e-05
1.72725e-08;0.999977;6.39104e-14;1.50822e-10;7.26147e-11;2.71815e-11;2.3039e-08;1.67547e-05;1.15977e-09;1.789e-09;4.05774e-10;1.92315e-09;1.65916e-07;6.09601e-06
0.000282132;0.452301;5.70219e-06;0.00353144;0.00530034;0.00517679;0.136657;0.0865494;0.0341281;0.000314073;0.0236743;4.34242e-05;0.252028;7.72367e-06
3.79595e-06;1.01072e-05;1.653e-11;2.57433e-10;5.02129e-08;2.27863e-10;5.91844e-11;0.999933;9.68139e-09;7.56855e-11;2.09507e-10;1.84293e-08;5.27825e-05;6.0514e-11
1.53661e-07;0.000124568;2.1284e-05;3.52498e-06;0.0026823;0.000234078;7.54698e-08;0.000176019;2.53058e-08;2.19349e-06;7.92601e-10;1.53089e-07;1.81952e-06;0.996754
9.49029e-10;5.8822e-10;1;6.31719e-10;1.8436e-10;1.07278e-12;2.14981e-08;2.47846e-11;5.97564e-10;5.62797e-11;5.40579e-10;3.85422e-10;4.46664e-11;3.14353e-11
9.9424e-06;0.00283556;0.995396;3.84127e-05;1.68975e-05;2.85474e-06;6.6166e-07;0.000670216;3.6798e-06;2.6892e-07;2.00521e-06;0.000968341;1.08045e-05;4.42732e-05
1.91054e-08;2.38103e-05;9.55678e-06;1.00423e-07;2.53946e-05;0.00035816;1.47261e-12;1.63295e-06;1.1462e-10;5.30556e-09;1.72477e-10;2.33178e-05;2.234e-06;0.999556
7.42693e-08;0.998593;8.32644e-11;1.09201e-08;1.58363e-08;3.7563e-08;6.87139e-11;5.07192e-05;4.04573e-09;5.59975e-11;4.29935e-08;3.37444e-05;0.00132216;3.4864e-07
1.53403e-09;0.998003;4.62655e-14;1.82885e-10;1.71582e-08;5.085e-10;3.73931e-08;1.07324e-06;9.89735e-14;1.52676e-08;2.52385e-13;6.63203e-15;6.64978e-07;0.00199541
2.73e-11;4.65657e-10;0.999997;1.08843e-08;2.2721e-08;2.21169e-07;8.37855e-10;5.98143e-13;2.13607e-13;2.71302e-09;4.84563e-12;2.3585e-07;2.03048e-12;2.88831e-06
5.93162e-07;0.991653;3.0374e-07;0.000205302;1.97933e-07;1.93799e-05;9.93404e-06;6.94263e-06;2.15076e-06;1.52092e-08;4.21254e-05;0.000131094;0.0079249;4.17463e-06
2.22054e-07;0.999977;2.63154e-08;4.58733e-07;1.03986e-08;3.6263e-09;1.29238e-07;1.08475e-05;3.17124e-08;4.51676e-08;2.00155e-07;4.18654e-06;6.7509e-06;7.78335e-08
6.72024e-08;0.0553378;3.23671e-09;1.36218e-05;0.00134638;2.45897e-07;2.26786e-07;0.943266;3.13937e-08;8.76314e-06;1.35767e-08;1.6956e-06;1.4311e-05;1.06402e-05
5.66257e-06;2.3726e-06;0.988935;0.00152905;0.000120619;2.8694e-05;5.30962e-06;1.15268e-06;8.78146e-07;0.00497144;0.000266902;0.00400485;1.69299e-05;0.000111596
3.94298e-05;0.000422918;2.69212e-07;2.43193e-07;1.08987e-10;6.3391e-09;0.98963;2.58248e-08;5.75488e-06;0.000441927;0.0094566;6.98734e-10;2.47973e-06;3.82428e-07
1.33605e-09;1.79827e-09;0.999993;1.62843e-07;1.39438e-09;4.85798e-09;2.84547e-06;3.81869e-13;5.94749e-09;2.14492e-07;7.06843e-07;3.35383e-06;5.13508e-11;8.06617e-10
9.36506e-07;0.999236;1.48035e-07;2.47014e-07;4.48537e-11;1.35081e-09;8.99584e-06;0.00067907;1.70839e-06;1.13423e-07;2.26132e-05;1.4642e-06;4.88576e-05;1.10317e-09
2.08226e-06;0.0011564;1.49355e-09;4.89485e-06;0.00163348;1.48643e-07;1.66638e-06;0.996973;9.16607e-08;0.000134064;1.20935e-06;9.96816e-06;5.5683e-06;7.70207e-05
5.64692e-06;6.54797e-06;0.996976;0.000232733;5.8344e-06;2.85407e-06;1.18047e-06;6.3132e-08;1.82942e-07;0.00012792;8.10161e-05;0.00255406;1.90684e-07;6.03787e-06
9.09931e-09;3.63233e-06;2.10006e-11;4.73766e-11;1.97192e-14;1.61731e-12;0.999962;2.2572e-12;1.92879e-08;3.23597e-05;2.30376e-06;1.23633e-16;2.34516e-10;1.07756e-08
3.58552e-12;5.08688e-14;1;1.37138e-11;3.1131e-11;1.83854e-11;7.23513e-09;1.69851e-15;2.53359e-10;1.2579e-10;5.02584e-11;1.95354e-10;3.67147e-14;1.48542e-13
