1.41183e-05;0.993792;5.6774e-09;2.32945e-07;1.67719e-06;6.17485e-07;3.97395e-09;0.00570305;1.27414e-07;2.46509e-08;8.57309e-08;0.000147612;0.000320816;2.0049e-05
6.59759e-06;0.984658;2.206e-09;3.64473e-07;0.00286124;3.51897e-07;9.78564e-05;0.00567932;3.74954e-08;0.000134091;2.35703e-07;1.17176e-05;7.39121e-05;0.00647602
2.37912e-05;0.00736358;0.00282153;0.0102077;0.0299502;0.00132991;4.32221e-05;1.44072e-05;3.47564e-06;0.00240041;0.000259288;0.810999;0.000885676;0.133698
0.00435382;0.897978;5.23778e-05;8.21251e-05;5.7244e-06;4.95374e-06;0.000202263;0.000234161;0.00187099;2.75439e-06;0.0548317;0.038127;0.0020198;0.000234696
2.96261e-05;0.00022154;9.97863e-09;1.36659e-09;9.11831e-07;1.5812e-08;1.16939e-07;0.999727;3.29424e-06;3.29222e-08;2.81306e-08;6.84306e-08;1.69063e-05;2.62966e-07
2.01191e-06;0.987508;3.78655e-08;8.5161e-09;4.37848e-08;3.09696e-09;0.0122909;8.52923e-07;6.58615e-06;2.51051e-05;8.3255e-09;3.67989e-05;1.76911e-07;0.0001299
7.30727e-10;4.72978e-09;1;2.10163e-10;7.97302e-10;6.1925e-11;3.31795e-08;1.30891e-11;1.46441e-08;4.02522e-11;5.03472e-10;1.66509e-07;2.19504e-10;7.1812e-13
4.25289e-05;0.943328;4.72848e-06;2.19754e-07;1.29758e-08;4.08173e-08;4.11929e-05;2.0513e-05;1.86097e-05;9.75801e-08;5.0688e-05;0.000274409;0.0562193;1.12828e-07
4.27655e-07;0.995717;3.26511e-06;6.71492e-07;5.29131e-06;2.72985e-05;1.36824e-06;0.00113577;6.84598e-07;7.1031e-06;2.88992e-07;7.52913e-06;0.000275946;0.0028173
2.9011e-11;5.64915e-08;0.999999;2.15255e-09;6.85827e-09;6.77658e-08;3.47942e-10;7.16526e-11;1.8458e-11;1.6203e-10;2.05767e-10;3.8915e-07;4.4798e-12;1.34438e-08
3.37765e-09;0.99994;9.64472e-10;1.67972e-08;1.80126e-07;3.63745e-08;1.117e-08;1.24368e-06;8.57466e-09;1.45008e-10;1.33496e-07;2.02823e-05;1.20484e-05;2.60406e-05
2.06448e-06;0.00640172;2.69786e-09;1.36946e-08;4.75799e-07;4.96274e-06;1.91269e-09;0.0163196;1.94345e-07;3.68846e-09;1.88062e-07;0.975337;0.00193326;5.01335e-07
3.14851e-08;0.000933002;2.53479e-10;1.3637e-08;3.76197e-06;3.8407e-06;1.10681e-10;0.00601988;6.36185e-09;4.21673e-10;5.21906e-08;2.39836e-05;0.993014;1.81172e-06
9.67927e-07;0.000318776;0.00012545;8.44681e-07;1.31083e-06;1.14446e-06;1.53498e-09;8.22465e-05;5.20389e-06;1.64185e-08;1.87436e-05;0.993216;0.00613668;9.22037e-05
7.71262e-06;0.0288206;2.07768e-05;2.73268e-06;6.24577e-06;0.000234269;1.07147e-07;0.00289323;1.17055e-05;1.50908e-07;0.000342499;0.000193223;0.967346;0.000120444
4.5809e-08;0.0011472;1.75181e-06;2.40653e-08;0.00070695;1.7869e-06;5.63198e-10;0.997217;8.67959e-09;3.99699e-08;6.25298e-08;0.000136119;2.61309e-06;0.000786841
1.25436e-08;0.0018495;0.993583;1.47796e-05;0.00374749;8.16965e-05;2.05589e-10;1.09523e-06;2.67711e-09;1.62899e-07;7.93409e-07;0.000648639;6.68768e-06;6.64142e-05
1.61699e-08;0.998995;6.11369e-12;3.70262e-09;1.28345e-07;1.3804e-08;0.000188896;2.59349e-09;1.54381e-07;5.17332e-07;3.1441e-05;2.98748e-09;0.000134972;0.000648719
1.86634e-05;0.000166682;8.51481e-07;4.13988e-07;7.41841e-06;9.38321e-07;0.0381904;3.96187e-05;0.0133063;5.4145e-07;0.871947;4.95468e-05;0.0762721;5.29506e-10
1.03854e-06;0.000104726;7.60253e-10;5.15512e-08;0.000556788;2.14493e-05;1.15819e-08;0.997815;1.07902e-05;4.80963e-08;3.63378e-06;2.50109e-08;0.00148543;1.25467e-06
7.16959e-06;0.992902;6.13532e-08;1.30753e-07;2.54513e-06;2.97345e-06;0.000256324;0.00040291;1.63153e-07;0.000562416;1.05405e-07;1.56499e-09;0.00442385;0.00143924
1.93203e-09;2.46723e-12;0.999998;9.31013e-09;3.2884e-08;7.21246e-09;1.22567e-07;6.97979e-13;3.94239e-08;4.68368e-09;1.52364e-08;1.41097e-06;5.50447e-11;4.05831e-12
0.000593204;0.945829;3.57651e-05;2.98968e-06;2.02712e-05;5.69114e-06;0.000746315;0.0241386;0.0129256;2.65021e-05;0.000140456;0.000282051;0.0152532;7.48955e-07
1.37414e-05;0.0091226;2.30417e-06;0.000145378;0.00391154;0.0015637;9.93712e-06;0.00234557;0.000351337;0.000217754;9.12054e-05;0.0067028;0.00148972;0.974032
8.16786e-05;0.960077;8.24244e-07;1.77958e-06;9.34689e-06;4.94882e-07;2.0048e-06;0.000558905;6.61228e-05;1.67318e-06;4.42369e-06;0.0112583;0.0262709;0.00166652
5.51579e-05;0.0283128;3.79385e-08;6.51532e-05;6.83691e-05;0.000707832;2.06418e-06;0.000830249;0.00282307;1.92225e-05;0.000100001;0.945165;0.00226029;0.019591
1.50499e-05;0.995257;1.78766e-09;4.61696e-07;5.49809e-08;3.01592e-07;2.50642e-07;2.0449e-06;5.20939e-07;1.82302e-07;1.02882e-06;0.00354264;0.00117686;3.21133e-06
5.76826e-06;0.00347968;1.74639e-05;1.84325e-05;5.94814e-05;0.000632368;1.88361e-09;8.73793e-06;8.937e-08;2.46569e-07;1.72294e-07;0.993246;0.00125559;0.00127568
5.88199e-05;0.0128685;2.68354e-09;3.97599e-08;9.5782e-05;8.20957e-08;1.54878e-06;0.986839;1.08634e-05;5.32024e-08;3.95755e-06;1.31563e-06;0.000119488;9.17622e-08
6.58671e-08;0.00131553;0.995894;3.05509e-07;3.11279e-05;0.000168455;3.64505e-10;3.2467e-06;2.20338e-10;8.00609e-08;1.00614e-09;0.00257235;5.1145e-06;9.95736e-06
7.27049e-06;0.000350532;7.87057e-10;3.13976e-07;3.0381e-06;1.5851e-06;4.61364e-07;0.685386;0.000158892;6.70131e-08;0.000282465;8.48085e-05;0.313721;2.95277e-06
6.31965e-06;0.000599084;0.000230375;1.88946e-07;4.48546e-06;4.2662e-07;1.00518e-08;0.00210039;8.46497e-07;1.01348e-07;5.36275e-07;0.996602;0.000439923;1.544e-05
1.4591e-06;0.0830937;1.84904e-05;1.48343e-05;2.76628e-05;1.18279e-05;5.93746e-08;0.00153746;8.11935e-06;2.60588e-07;2.57265e-05;0.00493811;0.910234;8.86567e-05
8.47175e-05;0.178143;8.44218e-06;0.000200567;0.0080023;0.00282877;3.91893e-06;0.0392029;0.000100181;6.6784e-05;0.000300396;0.105081;0.193951;0.472026
1.42121e-06;0.96095;5.31168e-08;8.69301e-09;2.35018e-08;9.00866e-09;0.00121127;3.42177e-07;2.12047e-07;1.62179e-05;6.03042e-08;2.26079e-09;1.67858e-06;0.0378184
6.59676e-13;2.07577e-13;1;4.02673e-12;1.04038e-09;7.04563e-11;2.14331e-11;1.87116e-13;2.23692e-13;4.82546e-11;6.13009e-14;1.24748e-08;6.72963e-15;1.85805e-09
3.1924e-05;0.101563;4.2954e-08;0.000260176;1.98975e-05;0.00415724;0.0291035;0.00296196;0.0275028;8.44264e-06;0.00328075;5.58492e-08;0.831003;0.000107326
0.000131038;0.0343209;0.957805;0.000130269;9.46752e-06;8.35004e-06;5.72826e-06;5.75486e-05;5.0772e-06;1.79806e-05;2.06465e-06;0.00614708;0.000744648;0.000614815
0.000251336;0.979931;5.39255e-09;0.000116725;5.99282e-05;9.84683e-05;0.00180132;0.00513232;0.00495564;6.52293e-05;0.00490749;0.000137989;0.00239074;0.000152184
6.56871e-05;0.601291;2.70699e-05;0.000435067;0.000137457;0.00566754;3.49868e-06;1.46482e-05;7.26326e-08;3.49763e-05;4.064e-06;0.00512032;0.384979;0.00222008
0.00825082;0.281078;0.00469429;2.896e-05;1.7306e-06;1.18801e-06;0.0042396;0.0860471;0.00171981;1.10904e-05;0.00965147;0.437843;0.166433;2.43541e-07
0.000298811;0.675847;8.25736e-07;0.0134042;0.0296041;0.00581711;9.3665e-06;0.132198;0.00815364;0.000218722;0.00384851;0.0155509;0.024568;0.0904812
4.98659e-05;0.0142961;8.22276e-09;4.9213e-06;1.61468e-08;9.48079e-05;1.49107e-05;3.84394e-06;1.76171e-05;4.7212e-06;0.000251333;1.10195e-05;0.985242;8.62697e-06
6.53142e-06;0.000702911;0.933114;1.8012e-05;2.05112e-06;3.68137e-06;2.87664e-07;9.07397e-08;2.58173e-08;5.13602e-06;2.60816e-07;0.066131;6.32243e-06;9.70064e-06
3.59995e-06;0.998336;2.40042e-09;1.03196e-06;1.14015e-06;9.03621e-07;4.8895e-07;0.00111552;7.1069e-05;2.08407e-08;4.57833e-05;2.73619e-06;0.000418724;2.85388e-06
2.42555e-06;0.0334792;1.35785e-08;1.70961e-07;0.00410328;9.61309e-05;1.48658e-07;0.961821;4.7329e-05;5.07855e-06;3.09406e-07;9.32168e-09;0.000363583;8.11894e-05
2.78456e-10;6.563e-11;0.999998;4.12673e-10;1.10513e-08;8.87789e-11;6.03798e-11;2.5547e-10;6.41089e-11;2.08675e-09;2.77121e-11;2.47197e-06;1.90805e-11;5.31055e-09
7.89601e-08;1.98453e-07;0.999959;1.06518e-07;1.18019e-06;1.09237e-07;5.24545e-09;9.40031e-06;3.21936e-07;1.63848e-08;2.12991e-07;2.56975e-05;2.02553e-08;3.30592e-06
9.27017e-08;6.96138e-06;3.66705e-07;1.05071e-08;0.000115069;0.000171819;3.56718e-12;1.14701e-06;1.7186e-09;2.50271e-08;6.82319e-10;2.43104e-06;6.11234e-07;0.999701
8.85046e-07;7.65129e-06;1.25382e-10;1.76729e-08;3.58621e-06;6.29033e-07;3.78031e-11;0.999578;1.36639e-06;2.93402e-10;5.75837e-08;8.00805e-06;0.000399132;1.80695e-07
6.35563e-07;4.83812e-05;6.87922e-12;8.05879e-11;4.53921e-09;4.19542e-11;1.57904e-11;0.999937;8.52239e-09;4.14451e-11;6.82393e-11;3.76908e-10;1.38048e-05;1.60742e-10
8.24652e-07;0.000103989;2.85631e-05;0.000709245;0.00210073;0.00134075;1.44952e-09;5.17218e-06;1.62012e-06;5.83287e-07;5.18812e-07;0.521937;0.000218723;0.473552
3.51961e-05;0.982038;2.9904e-07;2.57909e-07;4.26341e-10;9.2498e-09;1.10265e-05;1.16734e-06;4.36746e-07;2.74738e-08;2.60111e-06;7.07929e-07;0.0179101;1.14317e-08
3.5524e-05;0.383707;0.00027902;5.27188e-05;0.000930013;0.000105056;2.66334e-07;0.00385281;6.96159e-06;1.07936e-05;3.87085e-07;0.608759;0.000145488;0.00211485
9.56433e-05;0.0677398;1.69921e-07;6.79383e-05;0.0174271;0.0219044;8.46971e-07;0.0530145;1.79614e-05;2.90087e-06;3.37654e-06;0.632219;0.0284434;0.179063
1.05767e-06;0.999232;3.62473e-09;9.03776e-08;7.35806e-09;3.10599e-08;0.000134149;2.72885e-06;3.08261e-08;3.78228e-05;2.5139e-09;3.25738e-10;1.43931e-06;0.000590766
2.86833e-09;1.16622e-08;0.999999;1.70324e-08;1.02692e-08;2.68927e-09;1.80893e-08;1.03756e-10;2.01964e-08;2.65904e-09;1.83947e-09;9.22016e-07;1.61184e-09;2.59847e-11
2.75446e-05;0.000157169;6.64265e-10;6.2972e-08;3.5346e-07;2.37426e-08;1.7512e-08;0.999565;1.63641e-05;7.79216e-09;2.23344e-06;3.39926e-07;0.000231085;4.32584e-09
5.00784e-08;0.00846225;3.21726e-10;3.74025e-07;9.20981e-08;1.22925e-07;0.000245833;8.35215e-09;8.54212e-09;0.00028057;9.89615e-09;5.92346e-09;3.74911e-07;0.99101
7.07452e-10;4.03432e-10;0.999998;1.17265e-08;1.07262e-09;6.00092e-09;1.651e-06;3.0687e-13;3.01633e-09;1.46783e-08;3.75396e-08;9.04272e-08;2.85518e-13;2.32853e-08
1.20854e-06;1.89845e-05;9.3024e-12;7.86062e-09;1.206e-09;5.93826e-09;2.65432e-08;0.999928;3.49057e-06;2.13691e-10;1.18535e-06;3.82916e-10;4.7192e-05;9.97188e-11
9.57229e-07;3.46189e-05;2.88462e-05;1.11828e-07;7.16813e-07;4.71885e-08;2.22425e-08;0.000560349;1.26759e-07;4.19658e-08;8.93662e-07;0.999347;2.48673e-05;1.66507e-06
1.2471e-08;0.999833;3.2293e-13;5.43582e-11;2.42997e-11;2.73524e-10;0.000152921;6.51167e-09;3.95108e-09;1.86539e-07;1.88385e-10;1.1787e-13;1.20695e-07;1.37217e-05
1.40369e-10;1.0942e-10;1;1.44795e-12;1.28386e-10;1.32299e-11;4.93053e-09;4.2428e-11;2.13865e-10;6.58982e-11;1.2638e-11;7.05296e-08;3.1913e-12;1.17009e-12
3.8667e-06;0.15772;6.3756e-08;2.64252e-07;5.42763e-08;2.00381e-08;0.841725;5.46763e-05;0.000128124;0.000297557;7.29787e-06;8.79173e-10;3.50612e-05;2.8208e-05
7.59356e-09;4.86054e-07;0.99999;1.29981e-08;2.18465e-08;1.41441e-08;8.92696e-06;4.21633e-11;1.2154e-07;1.206e-07;7.48612e-09;1.57795e-08;1.84412e-08;3.74815e-11
4.94666e-07;0.997816;0.00050964;5.16416e-07;1.1102e-08;3.41996e-09;2.61178e-07;5.18479e-06;5.48012e-08;1.2446e-08;1.51173e-08;0.00113422;0.000533364;8.95289e-08
0.000268917;0.953721;3.5268e-08;0.00130207;3.44569e-05;1.61974e-05;0.0331388;0.0029372;0.00522704;0.000507135;0.000192753;0.000271527;0.00077761;0.00160498
5.51743e-06;0.991487;4.21776e-05;3.14954e-05;1.86119e-07;1.97926e-07;2.10047e-06;2.82708e-06;1.05941e-07;7.51873e-07;4.04992e-08;0.00840829;1.59869e-06;1.75231e-05
7.28713e-06;8.75798e-05;2.58725e-12;6.72153e-08;0.000266743;6.24308e-08;1.93283e-07;0.995063;2.54758e-06;6.53518e-08;1.09963e-06;4.20197e-07;5.99519e-07;0.00456984
2.20014e-08;5.58602e-07;0.999828;3.37822e-08;1.30063e-06;9.01807e-08;7.12857e-11;9.24984e-09;1.09348e-10;1.03427e-08;3.47746e-09;0.000170231;5.62747e-09;1.9799e-07
5.5927e-08;0.000409407;2.73618e-09;2.20573e-10;1.23104e-11;3.45878e-10;0.999367;1.51083e-10;3.48363e-08;0.000222925;6.4221e-08;2.11795e-14;1.38317e-08;5.96493e-07
4.45946e-15;2.64993e-18;1;1.5069e-14;9.04188e-13;1.46902e-13;2.67052e-14;2.18465e-18;1.93718e-14;9.85513e-14;7.58041e-16;5.04271e-11;9.27891e-20;3.32042e-14
