7.36815e-07;0.118297;7.30161e-11;3.60781e-07;1.86896e-06;1.50958e-06;5.16866e-08;0.0111616;9.0195e-07;6.90986e-09;5.58947e-06;1.37644e-06;0.870529;5.31795e-07
4.05807e-07;0.999602;3.63273e-05;1.33296e-06;2.77088e-07;2.11879e-07;3.19798e-07;0.000174804;8.2225e-09;1.23973e-06;6.55971e-09;4.24827e-08;8.75492e-06;0.000173842
1.45109e-08;4.25906e-06;0.999994;1.0539e-07;7.0856e-09;6.99969e-10;1.42484e-06;1.9635e-09;1.46367e-09;9.39233e-09;2.82874e-08;2.72588e-07;2.56509e-08;3.83572e-08
2.83968e-07;2.09177e-05;7.7473e-05;4.14827e-05;9.64681e-06;7.46798e-05;7.76633e-09;0.000243124;8.12923e-06;2.491e-07;0.000167555;0.995131;4.22767e-06;0.00422161
1.90363e-07;0.10243;5.98644e-10;2.04585e-07;3.59551e-08;0.000220154;6.00957e-07;3.5923e-07;3.23182e-08;3.12127e-08;1.15917e-05;1.38041e-08;0.897337;1.93859e-07
3.72228e-07;0.00109029;0.35854;1.82736e-05;2.53908e-05;0.000290638;2.2591e-08;1.92621e-05;4.98912e-09;5.06379e-06;1.12375e-06;0.55856;0.00100022;0.0804491
2.96466e-08;0.0132688;1.86202e-12;9.71224e-07;2.72239e-05;0.00364527;3.45256e-08;0.00039779;1.74116e-06;1.51592e-08;7.24782e-06;9.96827e-09;0.98258;7.06774e-05
2.5698e-06;0.989959;0.00818517;1.22095e-06;6.1995e-06;2.41693e-05;1.26768e-08;0.000107152;4.96957e-09;1.5792e-06;7.76866e-08;2.86698e-06;0.00152125;0.000189031
5.30119e-08;2.90226e-06;0.999996;1.80957e-08;1.68131e-08;3.41559e-09;1.31167e-08;9.11473e-09;5.37649e-10;4.84261e-09;1.22867e-08;1.31955e-06;9.48159e-08;3.82696e-09
1.4116e-06;0.0001502;0.004727;7.47554e-06;5.36762e-07;1.77315e-06;2.5626e-08;4.5556e-05;6.22281e-06;3.32972e-07;3.10044e-05;0.995012;1.23915e-05;4.44381e-06
3.44914e-09;1.38286e-07;0.999426;2.49488e-09;1.43208e-06;2.01619e-05;8.69596e-11;1.58451e-09;1.06681e-12;2.98509e-09;2.62855e-11;2.14445e-08;1.56874e-07;0.000552258
1.55173e-07;0.0360257;5.19523e-09;4.71423e-09;6.76592e-05;9.70413e-06;2.05499e-10;0.956287;1.72573e-09;1.48706e-09;2.65001e-10;6.47116e-06;0.00756067;4.2511e-05
1.11169e-06;0.0444158;1.02245e-06;1.55568e-05;0.00113679;0.00207051;4.91456e-08;0.232276;2.46903e-05;2.04782e-07;1.32811e-06;1.8292e-06;0.719859;0.000195663
2.74982e-06;0.931045;0.0654328;1.45283e-05;0.000103939;5.84509e-05;3.2244e-08;0.0011777;1.32184e-10;1.49944e-05;4.12505e-10;8.25516e-07;0.00195613;0.000192974
1.59149e-08;5.20678e-07;0.999996;3.31804e-08;2.1129e-09;1.16055e-09;4.46251e-08;9.08893e-10;9.1213e-11;2.15413e-09;1.70232e-09;3.32092e-06;2.05471e-07;1.13411e-11
8.94382e-07;2.14032e-05;0.990136;7.07744e-06;2.72563e-07;8.81733e-07;9.00452e-08;6.52443e-06;2.40978e-07;3.11918e-07;7.82026e-07;0.00979013;2.77842e-06;3.29377e-05
6.77263e-07;0.0183622;9.0829e-08;1.81263e-07;0.000332233;0.000898844;8.76223e-06;9.20571e-06;2.08594e-08;8.51553e-06;4.23512e-08;6.62055e-11;6.69477e-06;0.980372
3.98065e-12;4.93386e-11;0.999994;2.54156e-12;2.34917e-08;3.05737e-07;1.89083e-13;2.41507e-12;5.58522e-16;3.43795e-12;1.30379e-15;5.67802e-06;1.25274e-12;2.22247e-07
1.45234e-07;0.000978367;2.93e-07;8.76532e-08;0.000960416;0.000503813;1.14577e-10;0.666095;7.10126e-10;3.54521e-09;1.87481e-09;0.000397067;0.33085;0.000214371
1.20254e-06;0.0593102;1.80706e-05;0.000116648;0.000611473;0.00470043;5.35324e-07;0.00372985;1.12994e-05;1.24026e-06;0.000121673;2.76676e-06;0.931088;0.000286351
6.56289e-06;0.883039;0.111666;7.2921e-05;0.000196652;0.000164859;8.82596e-08;0.000404995;7.73577e-10;1.15236e-05;1.06347e-08;2.17812e-06;0.00230278;0.00213183
3.58558e-08;8.28158e-06;0.999982;1.90593e-07;3.82675e-08;7.39187e-09;1.97647e-07;1.65302e-09;1.6811e-10;3.88237e-09;1.9608e-08;9.37079e-06;3.20531e-07;1.08966e-09
1.88875e-06;2.03012e-05;0.00449124;9.77722e-06;4.69062e-05;5.41023e-06;6.11184e-09;0.000568985;3.24652e-07;1.79107e-07;1.84799e-05;0.99466;8.93262e-05;8.69203e-05
1.50222e-07;0.994721;5.85676e-08;1.05504e-06;1.80376e-05;0.000435777;0.00231486;6.45378e-05;5.85306e-08;0.000369699;1.93777e-06;1.51208e-12;0.00077267;0.00129971
8.25839e-13;2.60828e-12;1;1.61624e-12;1.14293e-10;2.88376e-10;3.38465e-12;3.11582e-13;6.24496e-15;9.35349e-12;4.29414e-14;4.03558e-07;6.64685e-13;3.858e-11
1.05967e-05;0.0636859;0.0114045;1.29278e-06;0.000159045;0.000574488;8.54261e-06;0.917069;4.12794e-06;2.07596e-07;5.99455e-06;2.50172e-05;0.00318686;0.00386487
7.83394e-07;0.218196;5.98154e-06;0.0001216;0.000198991;0.00952914;8.48438e-08;0.0116036;3.36159e-06;3.54163e-07;1.61581e-05;1.89785e-05;0.734491;0.0258147
5.56536e-06;0.898761;0.0831626;8.39507e-05;0.000488891;0.00124265;5.38111e-08;0.000579558;1.7215e-09;5.65248e-06;1.64296e-08;4.43998e-05;0.0122271;0.00339825
3.00097e-08;0.000455514;2.64419e-11;7.80944e-08;2.35538e-08;8.48813e-08;2.8809e-09;9.53902e-05;7.28457e-09;2.0846e-09;8.13994e-07;2.53018e-06;0.999445;1.05502e-10
2.31118e-05;0.924769;0.0700239;0.00122855;0.000235608;3.96659e-06;3.41388e-05;0.000693188;2.21888e-06;5.48398e-05;6.40931e-06;0.00252766;0.000175556;0.0002224
2.68401e-06;0.124688;1.47913e-09;2.37105e-06;0.00108229;4.11216e-05;6.76917e-08;0.866438;1.27762e-06;1.56312e-07;5.03703e-06;0.000601954;0.00685701;0.00027993
1.39641e-06;0.000366579;5.04717e-08;1.88714e-05;0.00166631;1.31568e-05;4.80165e-07;0.000190794;1.42018e-07;2.82993e-06;1.20469e-05;0.000529628;0.997007;0.000190903
0.000190388;0.0001744;2.2687e-06;0.00738737;0.954839;0.000170545;8.94086e-08;0.0295314;0.000149771;5.72402e-06;0.000267945;0.00680814;0.000114712;0.000358292
1.68856e-06;0.999772;6.63812e-11;6.52488e-11;6.39292e-09;5.222e-13;5.519e-11;0.000226196;8.62449e-11;3.85904e-11;3.41598e-11;2.41715e-09;1.44042e-08;9.51417e-09
2.94568e-07;1.48831e-06;1.71123e-05;5.31735e-07;0.000213707;5.66923e-06;2.74831e-10;5.84776e-06;4.11005e-09;1.09923e-07;5.4154e-10;0.999724;5.43536e-07;3.0942e-05
3.87424e-06;1.30019e-08;7.49438e-08;6.22378e-07;3.40403e-10;7.19744e-09;0.000101001;5.32211e-08;0.96632;4.48584e-09;0.0335742;1.93607e-08;2.32472e-08;3.76227e-10
9.16369e-06;0.999972;3.9234e-09;7.23447e-08;3.32466e-09;7.92363e-10;3.98946e-07;1.70649e-06;2.48342e-06;3.85684e-08;1.31388e-07;1.63102e-07;1.35781e-05;7.78426e-09
9.39882e-08;0.00175487;1.01278e-09;5.74467e-07;6.76974e-05;2.69854e-09;1.23986e-09;0.998111;3.84277e-07;1.70879e-06;9.07242e-09;6.16757e-05;8.45518e-08;2.18483e-06
3.85699e-06;0.000328971;0.994244;0.00147629;7.82859e-07;3.58921e-06;1.2979e-06;1.58459e-08;1.17819e-06;0.00169151;0.00165984;0.000557392;6.77208e-07;3.03204e-05
4.04697e-05;5.4428e-06;8.36702e-06;2.69646e-06;1.30534e-08;2.58379e-08;4.51354e-05;1.68879e-06;0.00087155;1.5009e-06;0.999001;1.97133e-05;1.97158e-06;3.0107e-08
