1.27114e-08;9.78183e-10;4.60603e-10;7.43224e-10;1.18316e-09;9.6676e-09;9.57011e-10;5.62467e-07;6.24763e-10;1.14937e-09;7.04457e-10;6.47533e-11;1.14161e-10;8.94102e-10;1.67661e-09;5.4191e-07;2.11768e-07;3.27456e-10;8.93645e-09;4.00629e-09;4.30457e-09;1.25073e-10;9.8763e-10;1.26952e-08;6.05955e-10;3.7423e-09;7.94889e-09;5.92356e-10;2.93381e-11;1.34906e-10;1.9549e-10;4.75611e-08;9.92008e-10;8.64289e-10;5.11921e-10;2.78734e-10;5.79205e-10;3.66485e-10;2.1918e-10;8.33372e-12;5.51064e-11;2.54898e-10;6.30328e-09;1.5509e-09;1.915e-09;1.03022e-09;2.61434e-10;4.45025e-11;5.49708e-11;7.75923e-11;1.46065e-09;1.42695e-10;1.02199e-10;2.53534e-10;6.02984e-10;3.14289e-09;9.04027e-09;3.81833e-10;3.51875e-09;6.26393e-09;2.34137e-08;9.81762e-09;5.86842e-08;1.42081e-09;5.04843e-10;4.30677e-08;4.62459e-09;1.17607e-09;3.13356e-10;3.72328e-09;1.19383e-09;1.72615e-07;2.02885e-09;8.21475e-09;7.1801e-11;6.26784e-10;4.35148e-10;3.075e-08;9.43385e-10;1.56929e-09;6.029e-10;3.55184e-11;7.35319e-10;1.171e-09;5.56351e-09;3.65428e-10;3.54071e-09;6.82477e-11;1.41735e-09;5.9145e-09;7.89759e-10;1.74777e-09;1.86515e-09;3.96598e-07;2.2863e-09;1.05116e-08;5.26382e-09;1.09087e-08;8.35833e-09;2.30477e-11;1.65591e-10;6.66198e-10;5.35484e-09;1.06268e-09;2.5772e-09;3.11826e-09;2.50363e-09;1.86153e-09;4.49369e-10;7.41387e-09;3.65051e-09;1.82443e-09;1.37578e-11;1.25638e-09;4.2217e-10;4.3388e-10;2.2391e-09;1.35162e-10;1.60717e-09;1.90182e-10;1.31391e-09;1.23468e-10;6.46931e-09;3.46931e-11;9.72929e-11;6.30038e-10;1.00835e-07;2.82388e-09;2.08956e-10;2.90706e-10;2.83417e-10;6.82285e-09;3.64141e-09;4.90845e-10;6.93837e-10;1.86158e-09;3.70419e-10;1.46447e-09;1.24591e-09;1.07291e-08;1.07777e-07;1.06827e-09;2.94305e-08;1.9566e-09;5.82933e-09;3.18864e-09;3.75354e-09;2.42976e-09;2.02308e-10;1.27347e-09;1.35158e-09;1.07655e-08;2.93084e-09;4.44469e-10;1.58931e-09;7.65904e-10;4.63077e-10;5.44302e-10;1.91011e-10;4.03758e-10;6.71717e-10;6.32985e-10;8.20592e-09;1.35217e-09;2.72467e-09;2.89388e-09;8.99638e-09;3.61087e-09;6.20366e-10;2.35491e-09;2.15851e-09;8.08767e-10;4.18436e-09;2.07734e-08;4.77868e-09;5.29769e-09;1.2245e-08;1.15689e-08;1.1628e-09;1.72231e-08;2.86672e-10;5.55339e-09;4.57304e-09;1.67898e-08;7.4559e-09;2.73339e-09;1.21833e-08;1.17374e-08;4.24087e-09;2.11436e-09;3.45948e-08;3.70821e-10;1.10428e-09;7.97298e-10;2.7423e-08;1.35784e-09;6.3804e-10;3.81021e-09;1.68011e-08;1.22826e-09;1.5738e-09;1.79499e-10;4.21126e-10;6.72231e-10;1.00094e-09;4.38355e-10;7.92132e-10;1.37264e-10;4.71467e-10;4.77215e-10;3.55848e-11;6.56959e-10;1.66944e-09;1.92524e-09;6.98971e-10;9.868e-10;4.06697e-09;9.65849e-08;2.94467e-09;1.00392e-07;2.37715e-09;6.63899e-10;2.87442e-09;9.4712e-10;2.61132e-09;1.05408e-09;1.04443e-09;1.40705e-09;1.32603e-07;3.80092e-08;4.88469e-09;1.54777e-09;2.00716e-10;2.45997e-09;2.60124e-09;1.19143e-06;7.48749e-10;2.57681e-10;1.89481e-08;1.01344e-09;4.30389e-09;3.0984e-09;9.3675e-09;7.74389e-09;8.28625e-10;2.01944e-11;3.77566e-10;3.59215e-10;2.90308e-08;1.21528e-09;2.38747e-09;2.56485e-09;2.90596e-10;8.12657e-10;1.11104e-09;4.58983e-10;8.93623e-10;7.93542e-10;1.08855e-09;1.89033e-10;1.20791e-09;1.11312e-09;2.82668e-08;5.30524e-11;2.54398e-08;1.7332e-10;6.78755e-10;1.08787e-09;5.14676e-10;1.41468e-09;9.65188e-10;1.44904e-09;7.50156e-11;7.90263e-12;3.83615e-10;1.5369e-10;1.5273e-09;1.45146e-10;3.89173e-09;1.24036e-09;1.31252e-10;1.20063e-09;2.7879e-09;2.0333e-11;1.16942e-09;1.65457e-10;2.97473e-09;7.61999e-12;2.42452e-11;1.74209e-09;8.40915e-09;1.07297e-09;4.62437e-11;8.88132e-10;5.39802e-10;6.63787e-09;1.20828e-09;1.46015e-10;2.68367e-09;7.35856e-10;5.13214e-10;4.96237e-11;1.13314e-09;5.55577e-11;2.03161e-10;8.71484e-10;1.19113e-09;5.12053e-11;2.05553e-10;7.228e-10;2.98756e-12;3.56145e-10;2.30195e-10;8.73283e-10;3.83051e-11;2.99407e-10;3.95481e-10;4.12501e-09;9.46224e-11;1.4125e-11;3.20552e-10;2.16947e-09;1.35804e-09;0.0355987;8.17747e-07;1.02169e-07;0.963484;0.000521925;0.00031308;6.36137e-05;5.04347e-08;2.6099e-07;5.59904e-08;1.0044e-05;1.24235e-08;2.10869e-06;1.39925e-10;1.75996e-09;2.88786e-10;7.98009e-10;1.38651e-08;4.56687e-10;1.12506e-10;4.39695e-10;9.61414e-11;5.50043e-10;9.19931e-10;1.14265e-10;1.70828e-10
4.37594e-06;5.42753e-06;2.1499e-07;8.98433e-08;3.04021e-06;1.47032e-07;1.33262e-07;1.85014e-08;2.86819e-08;1.63008e-08;2.39943e-07;2.38559e-07;1.28286e-09;1.31869e-07;6.89441e-08;1.36592e-05;4.22733e-07;2.18758e-08;4.27986e-08;3.11142e-08;1.77842e-07;9.27389e-07;3.1578e-08;2.44433e-05;1.02862e-08;8.27205e-08;1.05523e-08;1.42294e-06;3.13981e-06;2.086e-09;7.4829e-10;8.67625e-05;1.14444e-08;3.38425e-09;2.04255e-10;4.75887e-07;1.93072e-08;2.27804e-08;1.1186e-07;7.33765e-10;1.10603e-09;1.72173e-09;3.9418e-10;8.08809e-09;3.73872e-08;4.70045e-08;8.54328e-08;4.57078e-06;2.77721e-09;3.23395e-10;5.44804e-07;1.18935e-09;2.8622e-08;4.49101e-10;3.78535e-08;6.76652e-09;3.32631e-08;5.05695e-06;5.47947e-08;3.84992e-08;5.51703e-06;1.50795e-08;1.53258e-07;1.78887e-09;2.65384e-08;6.76589e-07;6.89397e-08;1.53456e-08;9.3419e-06;4.67413e-08;4.60562e-08;9.18369e-06;9.32133e-10;3.74555e-09;5.13713e-10;8.59358e-09;9.19921e-08;7.18196e-06;8.72132e-08;1.1255e-08;2.69618e-08;1.12085e-06;2.23155e-07;2.04902e-07;1.68522e-06;1.99206e-08;1.43102e-09;3.62993e-10;2.9575e-07;2.31688e-08;6.97313e-06;1.15677e-07;7.08645e-08;6.72416e-05;1.12561e-07;4.26027e-08;4.52065e-10;9.44491e-08;4.30293e-08;0.00135249;5.58831e-06;4.96783e-05;0.991533;4.68229e-05;0.00038345;1.77923e-06;0.000761191;1.9758e-07;1.06073e-08;0.00299748;0.000550042;6.63008e-06;1.76009e-07;4.75569e-08;1.47326e-07;5.23712e-05;1.62709e-08;4.06783e-08;7.65462e-11;1.76715e-07;3.5316e-08;2.84299e-08;1.83759e-08;1.04246e-06;2.5937e-09;5.23563e-09;2.84844e-05;5.81882e-09;8.28522e-10;8.72387e-13;1.91293e-06;3.21735e-08;4.56047e-08;1.58805e-06;9.99278e-10;1.06485e-09;2.77122e-06;2.07431e-08;1.37866e-07;1.09416e-06;1.75073e-07;3.44779e-08;1.2402e-09;2.3038e-06;7.1836e-07;3.92429e-08;5.23585e-08;1.21391e-07;6.19625e-06;5.43077e-08;1.58542e-08;0.00107899;2.46151e-09;1.54144e-08;2.00182e-09;1.88293e-08;1.58337e-08;1.28575e-08;8.97028e-08;1.13709e-05;5.7689e-08;6.3705e-08;0.000222031;5.11518e-09;4.97199e-08;3.88997e-10;3.69146e-07;4.98367e-08;7.47036e-09;5.8802e-08;2.01516e-05;9.2212e-08;3.22316e-07;2.04388e-05;3.94777e-08;8.79388e-09;2.82621e-09;0.000219629;1.16957e-08;7.80529e-08;3.39179e-06;2.83884e-08;3.32604e-08;2.08162e-05;3.5487e-08;9.8761e-09;5.94829e-09;6.50025e-07;1.44879e-07;1.28312e-07;4.62042e-07;3.20563e-05;1.85872e-07;7.65964e-07;1.3739e-05;9.84887e-08;6.79757e-09;1.81665e-09;7.26439e-07;2.68117e-08;5.62212e-07;4.64178e-06;9.93642e-08;1.40376e-07;6.34406e-05;6.80146e-09;4.1892e-08;5.4962e-09;3.17603e-06;6.49249e-08;5.70362e-08;1.57644e-08;1.63209e-07;4.33476e-08;2.94594e-06;2.35626e-08;4.28657e-08;2.0356e-05;2.02607e-08;1.40865e-08;2.38856e-11;2.25367e-08;3.46735e-07;6.30338e-08;1.13035e-08;2.59224e-06;6.98279e-08;2.07591e-08;1.29767e-05;7.61744e-08;1.81926e-08;4.31283e-10;3.44525e-07;1.31182e-08;7.3124e-09;1.02123e-06;2.80584e-10;1.37091e-10;6.50229e-12;2.11598e-07;4.63818e-08;4.27282e-06;5.29325e-08;1.91302e-07;1.99511e-08;3.26016e-05;2.08615e-07;3.11129e-07;3.5985e-05;1.20911e-08;3.17214e-07;4.86862e-09;9.28142e-06;2.8001e-08;6.60541e-08;2.15652e-06;5.25547e-08;2.92913e-08;3.78678e-08;2.37321e-06;5.99474e-08;8.09588e-08;3.58212e-06;2.12239e-09;2.32386e-09;8.04311e-12;1.92331e-07;6.94092e-08;8.63856e-09;1.41895e-06;2.69575e-08;4.44786e-08;3.15493e-11;1.14979e-07;7.10517e-09;3.21727e-09;1.4145e-05;3.15604e-10;4.18951e-10;1.58602e-09;7.61534e-06;5.37801e-09;3.39591e-08;2.65071e-07;8.15003e-09;1.01199e-08;9.06875e-08;4.97069e-07;7.14944e-11;7.75018e-10;2.69043e-05;1.79086e-10;9.72674e-11;8.37945e-16;2.29762e-07;1.80651e-08;1.42617e-08;1.00703e-08;1.22114e-09;5.80582e-10;2.00069e-08;4.85912e-06;2.80813e-09;1.25072e-09;1.49585e-06;8.47489e-09;3.23767e-08;6.16361e-14;1.3841e-07;1.87421e-08;8.05491e-09;1.26135e-09;5.98001e-11;4.33252e-08;5.00433e-06;5.64734e-08;1.23046e-08;8.00835e-07;1.68917e-10;8.25222e-12;1.1702e-10;1.8598e-06;4.56679e-08;1.90415e-08;7.12858e-07;1.96893e-08;3.12159e-06;4.35758e-07;2.03339e-07;7.06628e-09;6.79541e-06;1.5716e-08;1.67186e-07;3.66378e-06;4.89605e-08;3.19408e-08;9.43184e-09;8.49416e-12;5.47726e-06;3.17239e-09;4.72671e-06;2.7458e-08;6.21078e-09;2.36148e-10;6.5315e-07;4.16176e-08;2.2382e-09;1.27713e-07;1.551e-09
1.43985e-10;6.08079e-10;8.33145e-10;9.94896e-11;5.07356e-09;4.53951e-10;4.62407e-10;2.79679e-09;1.07736e-09;2.08861e-10;1.11261e-08;1.52142e-10;9.59002e-09;2.43e-10;3.60034e-10;5.05344e-09;8.16362e-10;2.02155e-10;1.08542e-09;2.19295e-10;4.69456e-09;1.47482e-10;7.74443e-11;3.74416e-10;3.08748e-11;1.47175e-09;1.64804e-09;0.999998;1.53588e-10;2.62448e-10;2.20277e-11;4.88315e-10;2.67764e-11;2.81082e-11;7.90164e-10;2.19771e-10;1.90076e-10;1.78236e-10;2.36586e-10;9.37064e-10;8.951e-11;8.49199e-08;4.08076e-08;4.22921e-08;1.43884e-08;1.84644e-07;2.09964e-08;1.36501e-09;4.57156e-10;1.51173e-11;5.04035e-10;4.06044e-10;1.37571e-09;1.60351e-06;1.39415e-09;5.56862e-10;7.21361e-10;8.4851e-11;8.62533e-11;3.52845e-10;1.71045e-11;6.79352e-11;2.46834e-10;2.52672e-09;1.73686e-10;6.30765e-10;8.68138e-11;1.06888e-10;3.03584e-10;2.88361e-10;1.01482e-10;5.47562e-10;1.51411e-10;1.92557e-09;8.08695e-10;2.24463e-10;1.11131e-10;2.41846e-09;4.16722e-10;5.42727e-09;2.30059e-10;8.62449e-10;9.0799e-10;3.6232e-09;3.18353e-09;2.14926e-09;3.84664e-08;1.31251e-08;1.90615e-09;4.65137e-10;2.95812e-10;9.46871e-11;1.28543e-10;7.36924e-09;5.24522e-11;9.56411e-10;5.23227e-10;2.17395e-09;6.77155e-10;2.22533e-10;1.1638e-09;6.42415e-10;7.44684e-10;6.85408e-11;1.52411e-09;5.57716e-08;3.90149e-10;5.28361e-10;1.68512e-10;1.86097e-10;1.47483e-09;3.82594e-10;6.82006e-11;2.89822e-10;2.00704e-09;2.06881e-10;3.58696e-09;5.89802e-10;1.0086e-09;2.2871e-09;3.58587e-10;1.30271e-09;2.159e-10;2.15522e-11;2.12682e-11;1.46401e-11;5.65045e-10;6.89635e-12;3.2443e-10;2.69346e-11;1.01093e-09;5.36337e-10;4.18375e-10;1.46326e-10;2.2968e-11;5.32769e-10;1.39169e-10;5.33935e-11;2.04395e-10;2.43439e-10;5.95698e-11;3.66618e-10;3.02896e-10;2.92279e-10;1.88535e-10;1.37019e-10;4.55221e-10;3.25716e-10;2.71357e-10;1.1093e-10;9.55858e-11;2.53541e-09;2.07841e-10;4.59668e-10;1.076e-10;1.58453e-10;8.91967e-10;8.78612e-11;4.76643e-10;5.82074e-10;1.02195e-10;2.31079e-10;4.01725e-10;1.42104e-10;3.16229e-10;5.00615e-10;1.77994e-10;4.81089e-10;1.10039e-10;2.20302e-10;3.21059e-10;1.28216e-10;1.20859e-10;1.23305e-09;1.39318e-10;5.86126e-10;2.11883e-10;7.08226e-11;4.67357e-11;1.09862e-10;7.72026e-10;7.99507e-10;1.95292e-10;1.70207e-09;7.25205e-10;4.29383e-10;2.0337e-09;7.57455e-11;6.48864e-10;1.56892e-10;2.59018e-09;2.40705e-09;4.43466e-10;1.41108e-09;2.13014e-10;8.42334e-10;2.44594e-09;3.34662e-08;1.18306e-09;6.91547e-10;1.34327e-09;2.28452e-10;1.86446e-10;5.53021e-10;1.67671e-10;2.79279e-10;1.65888e-10;3.64207e-10;2.64174e-10;2.54722e-10;1.06762e-10;5.17372e-11;9.70362e-11;2.06818e-10;1.18745e-10;1.6843e-10;2.88033e-10;2.17443e-10;1.51811e-11;3.61981e-10;2.89775e-10;1.95544e-10;4.24205e-10;2.1891e-10;3.08989e-10;9.21513e-10;3.08113e-10;2.54317e-10;4.54726e-09;5.72932e-10;5.35637e-09;1.20562e-08;5.63397e-11;7.14757e-11;6.60714e-11;6.59332e-10;4.18572e-12;1.074e-10;3.08314e-10;2.29516e-10;2.67471e-10;3.94671e-10;1.33702e-10;6.15221e-10;1.77805e-10;1.10653e-10;1.43315e-10;1.66413e-10;5.62821e-11;2.20945e-12;3.9024e-09;1.04245e-09;3.70088e-10;4.94789e-10;2.85894e-10;7.73903e-10;4.46633e-10;2.56925e-10;3.65013e-10;2.54727e-10;3.46794e-10;1.7867e-10;1.15387e-08;2.01162e-12;2.54984e-08;1.56883e-09;2.62583e-10;2.70933e-10;6.37201e-11;5.26271e-10;1.47376e-10;1.0683e-09;4.95235e-11;5.55965e-11;4.02437e-10;1.1482e-10;1.79876e-11;2.88044e-11;9.90714e-12;1.33841e-09;3.03147e-10;1.25997e-10;3.33846e-10;1.75284e-10;5.80813e-10;8.29278e-11;5.95568e-10;1.42069e-11;3.82408e-11;1.46045e-11;1.486e-11;8.37982e-13;5.72302e-10;3.94323e-11;2.39063e-10;6.71375e-10;2.17902e-10;1.48173e-10;6.18687e-10;2.44098e-10;1.55917e-10;6.98275e-11;1.16095e-09;8.66952e-10;1.06225e-09;9.41143e-10;1.61307e-08;2.0554e-09;6.95614e-10;4.19787e-10;5.70496e-11;1.39956e-09;2.04184e-11;7.00985e-10;9.0643e-11;3.18733e-10;5.95108e-10;4.65422e-11;9.71192e-10;2.43672e-08;2.4469e-10;1.00317e-09;7.62553e-10;1.79472e-09;2.23152e-10;1.50147e-10;4.42616e-11;1.11221e-10;7.69154e-11;1.06636e-09;1.50358e-10;2.21522e-10;3.69271e-10;5.22528e-10;1.22687e-10;1.46841e-10;1.68412e-07;6.51001e-10;1.68821e-09;1.28441e-10;2.36827e-11;8.62339e-11;1.02137e-09;2.2211e-09;2.24021e-10;3.16433e-10;6.17608e-11;4.18283e-10;4.38102e-10
2.75532e-07;1.05807e-07;5.88636e-07;2.14183e-08;2.71581e-05;4.48014e-07;5.06169e-07;5.19211e-05;2.21985e-08;1.79201e-08;8.26832e-06;1.54872e-08;2.12136e-08;8.01971e-09;4.21468e-08;2.26408e-07;4.43154e-06;9.59749e-09;2.19595e-07;1.54088e-08;6.29465e-08;2.38772e-09;1.83714e-08;5.85393e-08;3.70471e-10;2.50706e-06;2.0865e-07;2.06825e-10;7.09452e-09;4.23094e-07;2.55341e-08;2.80313e-07;2.18875e-08;2.94835e-06;8.9418e-08;1.42905e-08;1.84644e-08;1.97729e-08;9.00231e-08;1.72657e-10;4.9735e-08;7.87001e-08;3.36453e-07;3.97635e-08;3.09985e-07;8.48664e-08;3.94518e-09;3.37476e-09;2.43794e-08;1.37179e-07;2.54092e-09;1.05786e-08;2.02062e-07;2.02665e-06;8.63743e-10;3.43113e-08;3.36722e-07;1.03466e-08;2.38884e-08;7.66144e-09;6.91032e-09;1.13552e-09;7.65924e-07;2.06858e-08;1.53854e-08;1.17989e-08;1.43387e-08;4.57891e-08;1.81696e-08;1.52819e-07;2.10805e-08;9.41783e-09;3.67566e-09;3.0597e-06;1.90952e-08;1.16593e-08;8.36588e-09;2.08232e-07;1.66894e-08;2.89966e-07;1.11381e-08;4.65234e-09;1.00856e-07;2.32498e-08;5.66237e-08;1.20069e-09;7.51515e-06;6.79244e-09;2.75024e-08;6.65034e-08;3.23886e-09;5.2081e-09;4.15268e-09;2.03254e-09;1.67656e-09;8.9185e-07;7.70584e-09;1.0122e-08;4.90289e-08;6.08622e-10;1.37489e-08;2.91539e-08;9.29986e-08;7.94838e-10;4.30677e-07;8.53563e-08;8.36218e-10;3.39082e-08;1.24009e-08;2.13011e-09;1.19134e-09;3.98489e-07;5.74203e-09;1.07124e-08;1.43161e-07;7.49768e-10;1.8295e-09;7.09835e-06;9.16109e-07;8.45453e-09;3.40218e-08;4.8307e-09;5.66086e-08;1.0409e-09;2.90169e-08;1.97153e-07;8.60157e-09;8.43863e-10;3.18289e-06;2.33115e-08;2.47768e-09;9.48713e-09;2.22907e-08;3.60658e-10;1.60672e-09;1.14418e-06;8.73913e-09;9.90737e-08;1.16807e-07;5.81271e-07;1.30018e-07;1.54935e-06;9.1577e-08;1.20505e-08;6.48061e-08;2.73499e-09;1.3929e-06;2.04304e-08;2.20308e-09;3.15989e-08;3.9532e-09;1.57668e-07;2.72813e-09;2.79802e-06;1.17858e-09;1.39692e-08;1.01141e-08;4.94364e-09;5.96492e-09;4.41455e-08;1.43093e-08;1.43667e-08;5.43349e-09;1.57084e-10;8.17484e-05;5.39871e-07;1.5775e-08;4.46317e-08;2.07162e-07;2.05064e-08;1.7281e-08;2.93258e-07;1.74147e-07;1.95398e-08;1.96168e-07;1.34836e-05;4.11134e-08;1.38237e-08;9.33165e-09;1.58543e-06;5.25594e-09;3.30974e-08;9.327e-08;1.1516e-06;1.32018e-08;1.34505e-05;9.98702e-07;1.37932e-07;2.49571e-08;3.49725e-08;3.46918e-07;1.35819e-08;2.33208e-07;3.95145e-07;1.86541e-07;1.66894e-08;2.91685e-05;3.11367e-06;2.39659e-06;1.35012e-08;1.82384e-06;4.96837e-09;2.4212e-08;1.86596e-08;7.19341e-09;1.82113e-08;2.04384e-06;2.25802e-08;2.29207e-09;7.56906e-09;6.76628e-10;4.80905e-08;4.08178e-09;1.87539e-08;3.59988e-09;1.59872e-07;7.08464e-08;1.31831e-10;2.63001e-10;3.22144e-05;4.01113e-08;2.54672e-08;1.01928e-08;1.46584e-08;1.22574e-08;3.13237e-09;2.5904e-08;4.12432e-08;5.96659e-08;1.10473e-07;1.95705e-06;6.2346e-08;6.85104e-10;4.70521e-08;1.21345e-07;1.48632e-07;8.54146e-11;3.24942e-06;4.22529e-09;3.57552e-09;1.69662e-08;3.24598e-08;4.14799e-09;4.99495e-07;1.13392e-08;1.81556e-09;1.70034e-07;6.71895e-08;4.33823e-09;8.55025e-08;3.01082e-06;6.69401e-07;1.39754e-08;1.18327e-08;2.58267e-08;3.37403e-08;9.2269e-08;1.34041e-08;2.43051e-08;3.5119e-09;4.31981e-08;6.94375e-08;1.55709e-06;1.85058e-09;1.0303e-05;5.57383e-08;1.02067e-08;1.85687e-08;4.51067e-09;5.13843e-08;6.80018e-09;1.36054e-07;1.51737e-09;1.55924e-09;9.07893e-08;3.69079e-08;1.21982e-08;4.14409e-09;1.2476e-08;7.75292e-09;3.52346e-10;3.46064e-08;1.71581e-08;2.93622e-11;4.54449e-09;6.28162e-09;7.16115e-08;4.05258e-09;2.7576e-07;1.70911e-07;5.17909e-09;2.04405e-10;4.25044e-08;3.90261e-08;2.1141e-09;2.14004e-08;1.58205e-08;1.57671e-11;1.58068e-09;2.11881e-08;3.17154e-08;1.90655e-05;0.000158809;7.80777e-05;0.329865;0.0173139;0.650699;0.00134236;7.54476e-07;4.72671e-05;9.51758e-06;4.06668e-06;0.000111257;5.87567e-08;1.95216e-09;3.6011e-08;3.82937e-09;1.70393e-08;8.3832e-10;2.06543e-08;3.9276e-10;2.24935e-08;2.13794e-08;7.91057e-11;1.31079e-09;1.37347e-08;3.1183e-08;1.10218e-07;4.23615e-07;5.40004e-10;6.26348e-10;2.43701e-08;1.39363e-08;4.58543e-09;1.58077e-08;1.17711e-08;3.06736e-08;1.20236e-09;6.5778e-09;1.31154e-08;4.56705e-08;7.77076e-11;1.92089e-07;4.80959e-09;3.05813e-10;8.93207e-09;4.14012e-09;1.22117e-07;1.58582e-09
0.000261813;6.16499e-08;3.51919e-09;7.38876e-11;1.05565e-07;2.45999e-10;9.77453e-10;1.37795e-08;9.66709e-09;6.02045e-09;9.21039e-08;1.34658e-08;1.72178e-08;4.3305e-08;1.81007e-08;2.31519e-06;4.08304e-08;3.97945e-09;9.52897e-09;1.40747e-09;1.05796e-08;6.76951e-07;6.67584e-09;6.07466e-06;5.13648e-08;1.61258e-08;2.19099e-07;3.74215e-09;8.17995e-07;4.11031e-09;1.93015e-09;2.40637e-06;1.72691e-09;6.61891e-09;1.27578e-09;4.4204e-07;7.90913e-09;2.26601e-09;1.48303e-07;1.11879e-09;5.0344e-09;1.37361e-07;2.94986e-07;5.68588e-08;5.96534e-07;3.85152e-07;4.59363e-09;5.76073e-07;2.73644e-10;2.1403e-10;5.30228e-08;1.44681e-10;2.05549e-08;3.58525e-08;7.64575e-09;1.37927e-08;1.79575e-08;6.45281e-07;9.06542e-09;4.97016e-09;5.4514e-07;3.28169e-10;7.28947e-10;5.17865e-09;5.70245e-09;2.31326e-07;1.19997e-08;2.66231e-09;1.19387e-07;5.18282e-09;1.13444e-09;2.43432e-08;8.62189e-11;2.01998e-09;1.22436e-09;4.41342e-09;8.15888e-09;2.24797e-06;5.398e-09;3.8956e-08;7.32825e-09;9.8204e-07;5.05477e-09;3.91613e-09;2.08527e-07;8.24544e-10;1.64366e-09;2.46543e-10;4.33959e-07;8.6817e-09;3.69801e-07;3.33969e-09;4.30501e-09;1.93477e-07;1.19688e-09;1.87573e-09;1.08526e-10;6.97766e-09;2.39019e-08;5.94916e-07;3.45513e-10;7.1982e-11;7.31883e-06;1.27511e-10;2.11882e-10;4.90903e-10;1.59904e-07;3.16707e-09;3.72935e-09;5.48292e-07;9.99581e-12;3.01124e-09;2.50495e-07;1.00566e-08;6.54548e-09;1.69926e-07;3.57903e-11;1.8496e-08;2.90213e-11;3.70404e-09;6.65265e-09;2.66059e-09;7.04183e-09;2.55683e-07;1.65953e-10;5.54403e-11;2.82432e-07;3.43947e-11;3.89642e-12;1.72673e-10;4.59815e-06;2.92392e-09;2.1279e-09;7.93412e-07;1.85284e-10;2.41203e-09;4.40861e-07;3.45273e-08;1.75273e-08;1.03212e-07;2.16062e-09;1.4202e-10;8.83652e-10;2.04034e-07;8.63936e-06;1.74702e-09;3.28406e-07;1.27425e-08;6.37891e-07;2.7292e-09;6.06713e-10;1.92163e-07;1.06084e-10;1.54162e-10;1.21378e-11;5.30819e-09;1.84384e-09;2.16654e-10;8.05352e-10;4.05291e-07;4.11974e-09;3.38292e-09;7.75914e-09;1.67468e-08;1.152e-08;3.33291e-11;1.17219e-09;3.58803e-09;2.49582e-08;8.95722e-09;9.39427e-07;3.22001e-08;1.97273e-08;3.23554e-06;3.26336e-08;4.49855e-09;3.1482e-09;3.18178e-07;1.11295e-08;1.10749e-08;6.12247e-08;2.5955e-09;1.59265e-09;1.16006e-07;1.26523e-09;4.64164e-10;5.37083e-10;8.94902e-08;6.19487e-09;5.17245e-09;1.50667e-08;1.04236e-06;4.83806e-08;2.20181e-08;1.2846e-05;4.69174e-09;1.43942e-07;1.00408e-06;2.86881e-07;7.12842e-09;4.08275e-08;3.02298e-06;4.79958e-08;4.5627e-08;5.16544e-06;4.47369e-07;3.18625e-08;8.74532e-08;5.98449e-07;3.00157e-09;3.7014e-08;3.35814e-09;1.40415e-08;1.57557e-08;7.95088e-07;6.04741e-09;3.12429e-08;3.97495e-07;3.42612e-09;1.20182e-09;2.46632e-10;5.21017e-09;1.00151e-07;4.52865e-09;7.96082e-09;4.40393e-06;8.21523e-09;1.19482e-08;7.24917e-07;5.66894e-09;4.69901e-08;6.29329e-09;4.25941e-08;5.60612e-10;4.95882e-09;1.43004e-08;4.54852e-11;1.04378e-10;1.00789e-09;9.13132e-08;3.53933e-09;1.3031e-07;2.26953e-09;6.4488e-09;4.01515e-09;1.45363e-06;6.21878e-09;4.99935e-09;5.68987e-07;6.40275e-10;4.56763e-10;1.85211e-10;8.85359e-07;2.93929e-09;2.03772e-09;3.53408e-07;1.68827e-09;2.76818e-09;2.42505e-09;2.01923e-06;2.58257e-09;1.10363e-09;4.67681e-07;1.61747e-10;3.46332e-09;9.3672e-11;3.06514e-08;3.34281e-09;2.76368e-09;2.90449e-06;2.0479e-09;6.69512e-08;3.51721e-14;1.86251e-08;2.73422e-09;8.36181e-12;1.84531e-07;2.66592e-11;5.58851e-10;6.57523e-12;3.77044e-07;1.86987e-09;3.05419e-09;1.36006e-09;8.2964e-11;2.38947e-09;5.78789e-09;3.6714e-10;1.32556e-09;3.52021e-12;8.57341e-09;4.35898e-12;7.26036e-12;2.32345e-14;1.64482e-07;8.53591e-09;1.35976e-09;4.08158e-09;1.01569e-09;2.49254e-10;4.69681e-09;3.40789e-08;3.66794e-09;7.26461e-11;0.000104867;5.30059e-10;1.11218e-10;2.32942e-12;4.87675e-07;2.275e-08;4.34167e-07;3.90076e-10;1.33378e-11;3.72292e-09;5.29316e-07;1.30843e-10;2.00868e-09;8.53349e-06;9.88858e-11;1.29228e-11;3.34588e-09;2.00896e-07;7.60592e-09;2.60343e-06;2.04134e-07;6.62728e-09;1.31331e-07;5.79349e-09;4.7566e-10;4.94541e-11;9.92476e-08;4.43774e-09;5.50494e-09;5.8395e-06;5.11498e-09;7.23432e-09;1.8706e-08;6.28503e-05;0.00047239;1.04982e-06;0.985777;1.32412e-06;1.0892e-06;2.79149e-05;7.46203e-05;3.13606e-06;7.51899e-07;0.0130951;2.55034e-06
0.00200745;6.03935e-07;0.000166491;2.07921e-06;2.12575e-06;1.16218e-07;1.67042e-07;4.63786e-07;4.65236e-07;3.40131e-07;5.57941e-09;2.30281e-06;1.20976e-06;4.5292e-07;4.21853e-07;2.07667e-06;4.33167e-06;1.84911e-07;4.7232e-07;6.25563e-07;2.15918e-08;9.5404e-07;4.43256e-07;6.07371e-06;6.97931e-06;1.47566e-07;2.57713e-06;5.81839e-05;2.25996e-07;5.23243e-06;2.31265e-06;3.71004e-06;1.09215e-06;1.29266e-06;1.65566e-06;1.18632e-06;4.68868e-07;3.55886e-07;2.602e-08;4.07828e-06;2.64002e-07;0.732437;0.196755;0.0124261;0.0255953;0.0278281;0.00109481;4.60184e-07;1.70849e-06;6.46147e-06;3.41536e-07;4.12402e-07;3.34887e-08;2.4634e-06;3.35612e-07;1.1734e-06;2.43056e-06;1.00038e-06;1.66961e-06;1.06683e-05;3.45926e-06;3.45999e-07;5.57401e-07;2.51696e-06;4.06443e-07;6.96389e-07;3.19807e-07;3.5301e-07;4.67651e-07;4.97108e-06;1.44604e-05;2.62086e-06;9.34733e-08;3.37484e-07;0.000201899;3.86376e-07;1.08905e-06;3.29675e-06;9.65197e-06;2.75842e-05;2.32527e-07;6.07002e-08;4.02211e-06;5.91321e-06;1.27018e-05;3.66601e-07;9.7061e-08;1.96713e-06;1.54361e-07;9.33486e-07;2.04206e-06;4.40417e-06;6.59974e-07;6.03477e-08;3.62535e-07;6.15092e-07;1.07124e-06;7.92265e-08;1.16053e-06;3.68814e-07;3.21924e-05;9.65099e-06;1.75206e-05;1.54363e-05;3.28215e-07;5.57173e-06;9.29792e-07;8.63646e-07;1.98025e-07;3.24491e-07;5.28674e-07;4.71777e-07;7.74396e-07;6.80707e-07;1.39067e-05;1.26248e-06;1.05616e-07;1.90487e-06;2.08872e-05;2.41512e-06;5.8529e-07;1.0993e-06;4.89147e-07;9.44555e-08;1.79268e-05;2.62106e-06;2.62896e-07;8.16901e-07;6.07867e-08;8.47934e-06;9.02289e-07;1.91164e-06;4.77581e-06;1.88718e-06;5.21212e-07;1.17272e-07;2.53452e-07;2.93376e-05;1.14263e-05;1.32469e-06;3.22035e-06;2.55467e-07;6.40939e-07;7.17783e-07;1.80471e-07;8.30974e-07;1.31625e-05;2.88701e-07;2.26254e-07;1.4348e-06;1.23523e-06;1.73511e-06;3.01354e-07;9.88271e-08;1.29343e-08;3.56592e-07;5.14768e-08;1.17232e-07;3.15939e-07;7.79914e-07;5.20746e-07;1.03541e-06;2.64915e-07;2.27812e-05;9.56045e-07;8.50264e-07;3.0424e-08;2.6727e-07;2.16876e-07;5.2073e-07;4.35905e-07;1.81891e-05;9.07508e-07;2.70718e-07;3.33589e-07;8.48542e-08;4.54322e-07;9.94335e-07;2.46037e-06;1.67986e-07;3.01887e-07;3.35356e-06;1.12095e-06;1.67837e-06;6.91746e-07;6.36606e-06;2.01282e-05;1.00084e-06;1.31695e-05;4.26712e-07;4.28127e-07;4.52808e-07;1.3475e-05;3.1305e-06;7.44244e-08;9.07863e-07;1.8858e-06;5.47432e-05;1.02075e-06;1.04805e-06;9.18333e-07;2.29169e-06;1.82076e-05;1.0326e-05;1.16535e-06;1.85453e-06;5.28805e-07;1.9576e-05;4.26921e-07;2.0194e-06;1.85194e-07;6.90435e-08;3.30929e-07;1.06235e-06;1.44723e-07;1.096e-05;1.75888e-06;2.98114e-07;1.89194e-07;8.30577e-09;2.49322e-06;2.69464e-07;1.63552e-06;5.79762e-07;1.05487e-06;1.57721e-06;3.65019e-06;6.66651e-06;6.036e-07;1.07384e-06;6.1192e-07;1.25245e-05;1.57718e-08;5.36484e-06;4.13515e-08;1.08985e-08;3.17124e-09;4.35613e-09;8.21307e-06;1.86487e-07;5.76317e-07;1.08158e-06;1.11791e-06;2.41232e-06;5.74292e-07;4.12504e-08;1.73037e-06;7.23137e-07;2.30333e-07;1.11995e-08;2.5563e-08;2.18261e-07;5.94037e-07;1.04765e-06;9.36006e-07;3.78741e-06;2.91299e-07;1.04463e-06;4.68844e-07;1.77156e-07;4.86954e-07;7.06628e-07;1.61155e-06;6.6248e-09;7.83736e-09;6.40446e-07;4.50401e-07;5.20011e-07;3.13984e-06;3.10884e-06;5.75974e-07;3.50873e-07;3.10695e-12;1.85192e-08;2.56112e-06;1.46658e-07;4.61357e-07;4.61255e-08;2.02177e-09;1.38727e-07;1.3119e-07;3.3592e-06;6.0347e-07;4.87055e-10;6.82915e-07;5.13709e-07;3.5458e-07;3.59443e-09;0.000390352;4.76051e-07;2.68285e-07;4.77723e-06;2.82707e-09;7.07369e-05;1.28928e-06;3.01297e-06;2.01834e-06;2.62554e-09;2.96978e-06;2.88698e-06;5.80222e-07;2.19534e-07;1.00527e-06;2.55147e-07;8.51341e-07;3.5465e-08;9.27054e-08;1.42845e-08;5.60192e-07;1.97669e-06;4.57796e-06;1.09441e-07;2.94301e-09;3.02515e-07;9.12001e-08;4.20928e-07;1.18706e-07;4.50571e-08;2.0414e-06;5.54361e-08;6.97631e-07;1.55951e-07;6.04799e-07;2.83164e-06;9.88021e-07;1.59338e-06;1.91504e-07;8.92107e-07;1.40244e-08;5.44636e-08;1.57968e-07;8.58089e-07;7.78654e-07;2.05787e-07;3.31306e-07;4.59284e-07;0.000143404;1.10223e-07;7.53826e-07;1.88486e-06;1.03165e-07;5.74412e-07;5.36941e-07;4.29898e-07;3.72775e-08;4.43343e-06;4.33286e-06;4.99238e-07;7.72935e-07
1.03702e-10;7.65887e-11;1.33524e-10;2.40947e-11;2.1711e-10;5.18456e-10;1.44419e-11;1.30773e-08;6.32163e-11;1.00862e-10;8.10813e-09;1.70077e-11;4.82564e-12;1.26319e-10;2.37599e-10;9.94673e-10;1.71646e-09;4.7107e-11;5.31958e-10;5.68409e-10;1.08579e-08;1.36699e-11;7.67539e-11;6.14181e-10;8.74951e-11;1.29628e-10;1.56812e-10;1.32074e-10;8.94281e-12;4.53499e-11;1.85144e-11;1.42988e-09;1.45253e-11;7.96479e-11;6.48341e-12;1.36346e-10;1.02975e-10;6.14491e-11;6.24378e-11;9.93931e-10;9.37234e-11;9.18492e-09;1.26094e-08;6.30465e-10;5.00458e-10;1.36458e-09;7.70728e-11;1.5053e-11;2.15794e-11;7.96886e-11;1.60059e-11;1.67161e-10;8.71802e-11;4.82985e-12;1.98271e-12;5.96971e-11;2.19676e-10;1.52347e-10;3.47851e-10;2.99368e-10;1.53544e-09;5.81695e-10;1.14985e-10;1.16084e-09;3.91923e-11;1.02781e-09;3.65299e-10;1.83666e-10;3.62841e-11;1.87109e-10;3.39727e-10;1.13463e-10;1.03116e-09;3.27955e-11;2.46518e-11;7.19433e-11;3.8879e-11;5.81892e-11;5.38189e-11;1.314e-09;4.76704e-11;1.34912e-11;3.51432e-11;3.99159e-10;3.47097e-10;8.84423e-11;1.19717e-10;1.26084e-11;1.19078e-10;5.22022e-10;1.11503e-10;2.27982e-10;1.11297e-10;5.17616e-09;5.283e-09;4.60377e-10;1.07736e-10;6.5159e-10;6.8958e-10;2.42564e-12;3.67239e-11;2.63758e-11;4.03876e-10;5.57792e-10;8.94801e-10;1.63436e-10;5.13857e-11;1.07908e-10;3.05372e-11;8.48548e-11;6.17922e-11;2.14884e-10;1.2548e-11;1.11e-10;7.85842e-11;8.29e-10;2.34985e-10;1.09524e-10;2.74112e-12;8.17355e-12;1.80707e-10;7.10486e-11;5.10619e-11;6.44641e-12;1.98339e-10;1.73365e-12;5.36101e-12;2.14594e-11;1.51216e-11;1.14275e-11;6.95485e-11;1.02694e-10;4.01826e-11;1.20402e-11;9.07613e-11;2.84429e-11;2.1235e-11;4.21798e-10;3.5905e-10;1.17371e-09;2.72749e-10;1.10953e-10;2.17913e-11;4.3184e-11;1.89419e-09;4.62269e-11;6.09502e-09;2.1173e-10;2.32532e-10;7.35496e-10;1.16633e-09;9.07339e-10;1.3927e-08;3.16085e-11;1.0666e-10;6.36524e-11;4.1038e-10;4.57117e-11;7.04543e-10;1.21942e-10;8.87015e-11;1.52925e-10;8.32822e-10;3.30991e-10;2.1011e-10;3.01815e-11;3.45779e-11;4.11155e-11;2.13364e-10;1.88407e-10;1.42208e-11;1.34701e-10;1.65813e-10;1.1459e-10;2.01469e-12;3.54713e-11;2.08154e-12;1.02289e-11;1.44575e-11;3.99886e-10;3.43912e-11;3.34761e-10;6.5689e-11;1.91747e-10;1.19214e-11;3.17365e-10;3.85051e-11;1.24735e-09;6.23107e-10;3.42493e-10;1.78176e-10;5.97319e-11;2.65204e-10;3.23705e-10;6.68547e-10;1.05084e-10;1.08104e-10;3.17038e-10;2.99072e-10;1.30781e-10;2.3371e-10;7.70163e-11;6.15037e-11;7.23069e-11;7.71264e-10;2.12013e-10;1.03414e-10;3.49644e-11;4.49124e-11;1.01766e-10;2.76349e-11;6.17193e-11;8.28187e-10;7.16362e-10;4.62984e-07;2.52995e-06;3.69208e-07;0.99998;1.75858e-06;1.06899e-05;4.38674e-06;7.86784e-11;1.47471e-08;9.78168e-11;1.32024e-09;7.94632e-10;2.4272e-10;5.50548e-10;1.684e-08;1.20301e-08;3.42292e-08;1.02074e-09;2.35574e-11;1.89704e-10;1.25195e-10;8.57623e-10;3.1075e-10;2.32094e-10;2.29893e-12;5.01562e-11;1.21891e-10;5.74944e-10;2.34722e-10;5.23427e-09;3.81619e-11;8.40636e-12;2.04221e-10;5.72892e-11;4.9991e-09;9.00414e-11;4.6875e-11;2.09413e-11;8.08943e-11;6.01771e-11;2.03856e-10;8.13019e-11;4.66768e-11;2.91804e-10;2.20754e-10;2.3073e-11;2.44562e-11;9.88749e-11;4.79012e-10;4.49419e-10;6.85482e-12;3.73136e-13;8.11122e-11;7.18323e-11;9.36413e-11;6.4412e-09;1.10686e-10;2.90503e-09;2.99661e-15;2.77085e-13;2.73417e-11;6.70661e-12;2.43793e-11;4.43138e-12;5.25222e-09;1.02518e-13;7.95955e-12;7.75684e-11;2.2254e-11;2.14953e-13;6.81341e-12;2.1337e-10;2.30264e-11;1.52027e-11;5.6413e-10;1.99978e-10;1.95285e-09;2.31631e-11;4.78241e-10;1.05487e-13;3.65059e-10;4.2625e-10;3.77474e-10;7.23233e-12;4.75477e-11;3.39705e-11;5.97878e-11;7.81209e-12;2.03663e-11;1.41618e-11;1.4475e-10;3.7827e-10;8.69837e-13;1.05806e-13;2.80169e-11;1.05902e-10;1.02341e-13;3.44915e-12;8.44571e-13;2.82495e-11;2.88855e-12;5.79253e-11;5.8855e-11;3.77839e-11;1.3599e-11;6.90533e-12;2.68752e-11;5.64489e-12;2.28669e-10;1.52563e-10;1.05207e-10;5.56126e-11;2.41743e-08;2.28251e-10;4.70418e-11;1.37878e-13;6.90725e-11;9.84235e-10;1.91596e-09;5.72949e-11;7.76288e-11;2.50142e-09;1.41549e-11;3.53541e-12;9.19622e-11;2.24591e-10;1.97264e-10;3.15526e-08;5.83025e-11;1.22094e-10;1.81542e-12;4.27716e-11;7.69324e-11;2.19961e-11;5.49874e-12
1.64916e-09;2.59122e-10;1.71568e-09;1.82652e-09;2.12844e-08;3.40398e-09;1.49536e-10;1.8687e-08;1.33998e-09;4.08958e-09;3.12527e-09;8.4494e-12;1.98321e-08;9.2474e-10;2.39593e-09;2.43764e-08;3.70755e-09;1.69523e-09;1.20509e-08;5.82594e-09;9.21114e-10;2.42195e-10;3.68221e-09;5.77214e-09;4.17674e-09;6.17884e-08;7.41835e-09;3.51922e-10;5.16348e-11;1.09211e-09;2.99676e-10;1.04589e-09;3.28455e-09;5.52929e-09;6.75588e-10;1.18794e-09;1.36887e-09;2.85468e-09;2.329e-09;1.40582e-09;8.98227e-08;6.26992e-09;1.31677e-08;4.12475e-10;1.36142e-10;1.15385e-08;4.35946e-09;8.80384e-11;1.05883e-10;1.90515e-10;1.29532e-09;1.08829e-11;1.07004e-08;4.70953e-09;3.87654e-11;7.0424e-09;1.49391e-08;5.23028e-10;7.05779e-09;1.44569e-09;1.86889e-09;2.06263e-09;1.28387e-06;5.86855e-08;1.9273e-09;1.51356e-09;5.69557e-10;1.58515e-08;6.81757e-10;6.58211e-09;1.28566e-08;1.49521e-10;3.2861e-10;3.54937e-06;3.60268e-08;1.26314e-09;5.7238e-10;4.44129e-08;1.24912e-09;1.92403e-06;3.16465e-09;7.96325e-11;3.48221e-10;2.89886e-10;8.06704e-10;1.86507e-11;1.65558e-08;5.84375e-10;1.96271e-09;6.32906e-09;6.79666e-10;3.61159e-09;2.77666e-09;3.74846e-10;3.08065e-10;3.49879e-07;5.51286e-10;9.35283e-09;1.27349e-08;9.64221e-11;2.48513e-09;3.46321e-10;1.43887e-08;2.74653e-09;1.12024e-06;3.44847e-08;3.54449e-09;4.98745e-09;1.82439e-09;1.9902e-08;1.80075e-09;2.09735e-08;1.24004e-10;1.51352e-09;1.82062e-08;1.60325e-10;7.86645e-11;2.15255e-08;1.61096e-08;2.61448e-09;7.73337e-10;4.27781e-08;8.26458e-09;3.61057e-11;1.44551e-09;3.90111e-10;3.99734e-09;4.50889e-10;5.41194e-06;2.27556e-08;4.8181e-10;3.43505e-09;2.54499e-09;7.87596e-09;3.34679e-10;2.00127e-07;4.10073e-10;5.30861e-09;2.08529e-09;2.9968e-09;3.2529e-08;2.3469e-06;5.44176e-08;8.9655e-09;1.61614e-08;6.37069e-09;1.96033e-07;1.99274e-09;5.79323e-10;2.52067e-08;5.72791e-09;1.10758e-08;2.1449e-08;5.08402e-06;1.74493e-08;2.20626e-09;7.18272e-09;2.89082e-09;2.14691e-07;7.69987e-10;3.6385e-09;3.24891e-09;3.87481e-09;1.42681e-09;1.1209e-06;2.0008e-08;1.13158e-09;1.68588e-09;6.47757e-08;1.67532e-08;5.75299e-10;4.60593e-09;1.05737e-08;5.00977e-09;1.19802e-10;1.76581e-07;2.03837e-08;5.43522e-10;7.04942e-09;3.60893e-07;6.28143e-10;2.9036e-08;1.64571e-08;1.95335e-08;6.76714e-09;1.33382e-07;2.93668e-10;8.5415e-10;4.3325e-09;2.94431e-09;6.76549e-09;4.16153e-10;1.97858e-09;6.42552e-09;1.06147e-08;1.04522e-09;1.76153e-06;1.17386e-07;1.71431e-08;1.35863e-09;7.82968e-08;4.28237e-10;1.52795e-09;1.56409e-09;1.3964e-09;1.33341e-08;8.31091e-07;4.30562e-08;9.39474e-10;3.24086e-09;2.75455e-10;1.0526e-09;1.70571e-08;1.96436e-09;2.86613e-10;5.01946e-09;1.5702e-09;1.02116e-08;8.62829e-12;4.01242e-08;4.73702e-08;1.73503e-09;6.74128e-10;1.35188e-09;1.21107e-09;2.46526e-10;2.97985e-09;1.13924e-09;7.93104e-10;1.65526e-09;1.38195e-07;2.27479e-07;3.45933e-11;3.51269e-10;2.95133e-10;1.75989e-11;7.61155e-11;2.01749e-08;2.33387e-10;6.81943e-10;2.85848e-09;6.84997e-09;1.73065e-09;2.76425e-07;1.53836e-09;7.10734e-12;1.93493e-10;1.12981e-10;5.31828e-11;4.29143e-12;7.51625e-08;1.1829e-10;3.52244e-10;6.10587e-10;1.35085e-09;1.39397e-09;1.43501e-10;7.47858e-10;1.995e-09;1.07339e-09;2.6245e-09;8.41772e-09;8.87089e-10;4.83866e-11;1.52827e-08;9.083e-10;5.52433e-10;5.32336e-09;1.88725e-09;8.76675e-09;2.05728e-09;1.16219e-06;8.33698e-09;2.39154e-08;7.5838e-06;9.43556e-07;0.977898;4.73008e-05;0.0031128;0.0148258;4.71094e-07;9.89271e-05;1.54143e-06;6.43483e-06;6.3173e-07;0.00396886;6.50846e-10;1.83852e-12;1.62944e-11;9.33039e-11;6.60635e-10;7.96486e-13;8.33608e-09;1.40404e-10;3.44609e-09;4.04834e-09;2.98526e-09;1.61625e-10;1.1576e-10;6.54422e-08;1.28625e-09;4.28951e-12;1.38211e-10;5.64025e-11;1.39358e-11;1.23793e-11;1.64702e-07;9.35827e-09;8.9778e-10;1.15965e-09;1.22014e-12;8.35262e-11;2.25074e-07;6.51186e-09;5.1121e-11;2.26595e-09;4.05638e-10;1.49377e-11;1.19392e-11;4.56122e-09;3.45974e-09;1.00881e-09;9.28374e-09;1.03965e-11;3.12832e-10;1.61707e-09;2.13266e-10;6.37332e-10;7.57459e-08;2.20811e-08;1.23059e-09;6.87648e-09;8.4466e-09;3.94701e-10;2.46883e-09;3.40807e-07;1.11698e-09;2.51546e-10;4.70165e-10;3.93311e-08;1.69767e-10;1.45796e-10;1.75538e-07;1.08204e-08;1.93567e-11;4.04737e-09;3.78305e-09;3.28133e-10;6.16067e-10
1.29816e-09;1.27931e-09;8.65324e-10;1.23924e-09;1.51715e-08;3.38902e-09;1.95655e-09;2.07273e-10;1.87073e-09;4.58903e-09;1.68397e-08;1.21211e-09;3.72217e-11;5.35478e-09;3.85462e-09;1.51132e-10;2.24406e-08;3.00159e-09;4.7703e-10;2.44129e-09;6.61563e-10;2.62739e-09;2.909e-09;2.58986e-09;8.24236e-09;3.64651e-07;3.7206e-08;8.94165e-10;9.58046e-10;5.60124e-10;6.81732e-09;1.36534e-08;8.23999e-09;8.12136e-09;7.56643e-10;6.48388e-09;2.05855e-09;1.45422e-09;9.66986e-09;2.40658e-07;4.84045e-09;4.72353e-09;2.51378e-09;8.32442e-10;2.06734e-09;9.91176e-10;8.61847e-10;9.10183e-10;1.66611e-09;5.48277e-10;4.91907e-08;3.25174e-10;3.26477e-08;2.14714e-08;6.975e-12;5.01244e-09;3.01502e-09;3.16431e-09;5.68011e-09;5.79859e-09;4.28116e-10;4.47903e-09;6.0376e-10;1.85326e-09;1.24021e-09;8.60678e-09;8.09387e-09;6.08581e-09;1.03672e-08;1.14154e-08;2.99958e-09;2.33188e-09;2.20024e-08;4.10064e-08;2.85677e-10;1.79337e-09;2.12692e-09;3.36935e-09;4.1983e-09;5.31361e-09;1.50153e-09;2.44797e-09;4.72278e-09;7.06912e-09;5.36835e-09;1.99117e-08;1.69947e-08;2.91299e-09;5.85052e-09;2.95768e-09;1.97034e-09;2.06547e-09;2.10441e-09;7.70009e-11;8.36833e-10;2.68898e-09;6.29663e-12;8.08684e-09;5.85589e-09;2.76485e-09;1.02927e-08;8.98881e-09;1.27418e-09;7.96467e-09;2.31996e-09;2.95808e-11;6.81403e-09;2.51421e-09;2.1797e-09;1.87037e-08;8.42539e-09;1.7776e-07;1.63711e-09;2.42159e-09;1.56193e-08;1.02281e-10;5.50822e-10;1.50464e-08;7.84061e-11;3.82685e-09;2.19812e-08;1.76316e-08;6.06392e-09;1.48828e-10;4.18624e-11;5.69154e-11;3.1077e-09;7.94449e-11;6.96051e-09;5.63051e-11;9.87176e-09;5.43124e-09;1.27104e-08;3.45217e-09;7.06306e-08;2.33734e-10;2.39175e-09;5.59175e-09;8.21977e-09;6.19006e-09;6.89096e-10;2.04837e-08;2.95196e-09;1.50757e-09;4.11947e-09;2.37175e-08;7.55295e-09;1.35189e-09;4.44049e-10;7.86186e-10;2.50185e-10;1.62732e-11;2.21319e-09;3.66166e-09;2.64186e-11;1.29194e-09;1.00307e-09;1.84034e-08;1.88713e-09;4.35111e-09;3.79191e-09;2.43132e-09;2.68763e-10;1.14375e-08;1.78464e-08;1.54941e-10;6.39531e-10;2.6219e-08;7.74073e-09;1.34571e-09;2.34761e-09;4.52288e-09;5.12195e-09;1.39942e-09;3.57021e-10;9.86573e-09;1.16318e-10;7.66076e-10;6.14773e-09;1.6792e-09;3.42656e-09;1.27662e-08;2.55111e-09;4.84328e-09;2.05761e-08;5.25304e-09;3.01642e-10;5.0748e-10;8.50212e-09;9.42886e-10;1.26276e-08;1.49003e-09;5.45153e-09;1.58128e-08;5.76166e-09;4.06373e-09;5.60167e-10;5.73305e-10;9.11929e-11;1.45168e-08;4.65961e-09;1.51057e-09;2.67493e-09;3.26805e-09;1.72699e-08;3.12088e-08;5.43583e-08;2.62543e-08;2.83053e-09;1.0829e-09;2.95429e-08;3.52801e-08;3.69457e-08;1.79094e-09;6.61394e-10;1.81697e-09;2.43887e-09;3.65161e-08;2.52452e-09;1.04357e-08;5.67242e-11;8.54151e-10;3.50074e-09;1.39644e-09;1.67908e-09;2.35997e-09;2.38454e-09;2.60975e-09;1.14074e-09;8.72408e-09;2.44094e-08;3.7085e-09;2.95693e-09;1.45745e-08;6.13039e-09;2.5407e-09;1.28599e-09;1.85744e-09;2.32376e-11;1.13095e-09;8.05352e-10;1.1586e-09;2.33946e-09;1.11549e-08;1.21102e-09;8.38447e-10;3.76878e-09;3.63309e-09;4.12496e-08;2.06629e-10;3.9633e-08;1.30725e-09;1.58177e-09;7.17571e-09;8.40125e-09;5.28517e-10;3.80711e-09;3.6122e-09;1.74144e-09;1.6785e-08;8.43672e-09;1.68831e-08;1.05448e-09;4.53747e-11;3.31741e-09;3.07499e-11;9.68336e-10;1.20157e-09;1.45885e-09;6.42161e-10;1.60339e-09;4.63928e-09;1.6677e-09;4.0278e-10;8.90003e-11;2.62435e-10;1.36764e-09;4.67e-11;9.06273e-09;3.72533e-11;2.13645e-09;8.60802e-10;8.84148e-09;1.58645e-09;3.42606e-08;1.41343e-08;3.12199e-09;3.40682e-10;4.24321e-10;3.36785e-10;4.15255e-10;1.02287e-10;1.62213e-09;3.69615e-10;5.73789e-10;7.8275e-10;2.61744e-09;1.1971e-11;2.09658e-09;3.58174e-10;7.46706e-10;7.79165e-11;3.44606e-10;9.58739e-09;3.48836e-09;1.03508e-09;3.83931e-10;1.20251e-11;8.87351e-10;2.59798e-09;9.69579e-09;5.03659e-09;2.85191e-10;1.21866e-09;1.05391e-08;8.70006e-09;1.90386e-08;1.02309e-09;1.83039e-08;6.63093e-10;9.41864e-10;3.67557e-10;2.54137e-09;1.31284e-09;3.11494e-10;9.42538e-10;1.66976e-10;2.91803e-10;1.28201e-08;6.59885e-11;6.95373e-08;7.41415e-09;8.36095e-09;1.59412e-09;8.30423e-10;4.86809e-08;2.0535e-07;1.51542e-05;7.18684e-07;1.12382e-06;0.00011302;1.1365e-05;9.27419e-05;0.999259;1.04874e-06;5.42035e-06;2.29667e-06;0.000402139;9.3414e-05
6.21361e-05;3.15938e-08;3.5123e-06;4.10184e-06;4.19079e-09;2.51878e-09;1.44493e-07;2.70043e-08;1.65328e-07;1.04196e-08;2.02159e-09;1.24407e-07;6.55492e-09;7.1205e-09;2.06191e-09;6.76643e-08;1.21602e-08;2.92457e-09;3.34764e-07;4.00129e-07;4.09075e-09;2.40077e-08;1.15514e-08;2.37508e-08;9.97121e-08;4.11471e-08;8.91111e-09;2.919e-09;1.20845e-09;5.04897e-07;3.62549e-07;8.89216e-10;2.2793e-09;2.62077e-09;2.49766e-10;5.21196e-09;3.43547e-09;3.38164e-09;3.11955e-11;2.34682e-11;6.04178e-12;6.72734e-07;1.08468e-07;1.51445e-06;3.36097e-08;2.173e-09;4.59361e-09;2.84258e-09;2.61194e-08;3.47574e-08;6.15197e-09;1.41125e-07;4.13148e-10;1.1353e-08;9.94919e-11;1.69921e-07;3.25674e-09;5.17938e-08;2.1246e-08;1.99229e-06;1.28857e-07;8.82284e-06;1.09184e-07;2.05053e-07;2.96593e-09;6.72837e-08;1.7224e-08;3.02176e-08;1.13086e-09;5.29088e-08;9.63476e-08;7.40542e-11;4.69176e-10;1.103e-10;2.52407e-09;4.41134e-09;1.55287e-08;1.39849e-10;1.19616e-09;2.9186e-09;2.10394e-09;9.61808e-10;1.95842e-08;7.85793e-08;3.46226e-09;7.27436e-09;2.41934e-10;4.61454e-09;4.73176e-09;8.29126e-09;3.00798e-08;1.04253e-07;2.6183e-09;6.98998e-10;6.98206e-09;4.60903e-10;1.38861e-09;1.12269e-09;8.67261e-10;1.45924e-09;5.13316e-06;1.89542e-07;6.9525e-09;1.00043e-07;7.31626e-09;1.76242e-09;5.6662e-10;6.26695e-09;3.51585e-09;8.15047e-10;8.11823e-11;1.46519e-08;3.95548e-09;7.98849e-09;2.0411e-07;1.29919e-10;1.54835e-09;5.08114e-10;2.46058e-08;4.00981e-08;4.08105e-09;1.64956e-09;2.7544e-09;3.2554e-11;6.40453e-08;3.29108e-07;8.28426e-09;3.48475e-08;2.1841e-09;1.24293e-09;1.2471e-09;5.09652e-08;1.09462e-07;9.28456e-09;1.1438e-09;1.50905e-08;8.57602e-09;1.98138e-07;1.66489e-07;4.65141e-09;2.08721e-08;1.26869e-09;6.32172e-09;3.4082e-09;5.36945e-10;1.9399e-09;4.04454e-10;2.12192e-08;9.24401e-10;2.6165e-08;1.55304e-07;1.02143e-08;1.2412e-08;2.58751e-10;8.81263e-09;3.8119e-09;1.91989e-09;1.37863e-09;1.70238e-09;9.49829e-09;9.9716e-09;9.09138e-09;6.95156e-08;2.08425e-09;6.47983e-09;1.39205e-09;2.78664e-09;3.1179e-09;2.76706e-09;7.02534e-09;2.10625e-08;4.32108e-07;2.1283e-07;2.25376e-08;1.7506e-08;2.31818e-09;5.39928e-10;7.77058e-11;6.76701e-09;8.65055e-10;9.15389e-09;1.67446e-07;2.88277e-07;1.57106e-08;1.47142e-07;4.94003e-08;2.3815e-08;9.41452e-09;9.02897e-08;7.23516e-09;7.604e-09;3.33191e-09;8.34054e-07;1.41846e-06;3.14348e-09;5.94519e-09;1.99086e-09;8.2217e-08;1.89677e-09;5.05977e-09;2.27908e-09;2.63096e-08;3.24863e-07;2.54642e-07;1.66423e-08;3.16973e-09;5.47595e-09;1.27072e-07;2.1879e-09;8.30126e-09;9.61589e-10;2.65321e-09;1.21704e-07;1.92832e-08;2.54194e-10;5.54052e-08;4.13097e-07;7.68947e-11;9.67355e-09;1.13424e-10;1.88668e-08;4.16207e-09;3.81791e-09;3.20623e-09;4.25284e-09;2.23513e-08;1.37443e-07;7.8273e-08;2.63094e-08;2.42532e-08;2.55709e-08;5.41533e-08;9.64668e-10;2.74707e-07;2.72934e-07;1.26759e-09;1.17982e-10;5.75014e-11;3.68913e-09;4.29129e-09;2.44309e-09;1.74151e-09;4.08826e-09;6.72357e-10;3.82261e-09;5.55874e-10;1.22807e-07;1.74522e-07;1.44907e-09;1.06678e-09;5.40484e-10;1.14773e-10;7.49859e-10;3.9741e-09;1.33401e-08;4.48224e-10;1.15965e-09;2.2638e-08;9.41456e-09;1.23353e-08;1.31982e-07;3.03129e-07;3.14851e-07;5.79366e-07;3.21563e-09;9.45473e-08;3.32022e-09;4.55292e-09;1.88237e-07;2.7735e-08;1.19029e-08;4.49255e-09;6.16215e-14;1.05968e-09;5.54309e-07;2.8567e-07;6.81305e-10;7.4644e-09;7.97962e-09;4.21127e-11;5.06716e-10;1.09086e-08;1.77704e-08;3.88482e-12;3.09101e-10;6.42162e-09;2.35471e-09;2.52891e-10;1.07942e-06;1.12235e-07;1.30477e-10;9.92117e-10;2.28852e-10;4.25497e-10;1.87616e-09;3.30519e-09;1.32029e-08;7.08349e-12;1.10836e-09;1.74457e-08;4.55532e-09;1.369e-10;4.4773e-08;1.89515e-07;8.25369e-08;3.72186e-09;5.47708e-09;3.37751e-10;6.91868e-09;4.43922e-08;6.96233e-10;1.19719e-10;3.29411e-10;3.98235e-07;1.20697e-06;6.77359e-05;5.33538e-05;0.0001214;0.00600343;0.993638;4.27475e-06;2.24662e-06;2.29553e-06;1.45735e-11;7.95714e-10;9.88052e-09;3.76071e-08;7.32597e-11;5.55864e-10;1.96879e-10;3.59557e-09;4.49432e-08;5.90465e-09;2.03545e-10;2.35249e-09;1.41075e-09;7.60089e-09;1.82378e-09;2.83221e-09;1.504e-08;1.09726e-08;3.89033e-09;2.95257e-09;1.14362e-09;2.79712e-10;4.56305e-08;2.54498e-07;9.66647e-10;3.23709e-11
3.78024e-08;9.02266e-09;2.25736e-08;8.25176e-09;6.94372e-08;1.42638e-07;1.35311e-08;3.19351e-07;9.82054e-09;1.36466e-08;1.88407e-08;5.21016e-10;1.61412e-10;1.01373e-08;5.31773e-09;5.71984e-08;8.67692e-07;4.89928e-09;7.35497e-08;7.21046e-09;2.84033e-08;3.71052e-10;8.87561e-09;1.82829e-08;6.30075e-09;6.52112e-08;7.63764e-08;3.91912e-08;3.87931e-10;3.34216e-09;1.02134e-07;8.20461e-08;2.695e-09;6.84584e-09;3.41107e-08;5.23025e-09;6.44241e-09;1.79396e-09;3.71394e-09;1.71867e-08;6.42835e-08;4.6618e-08;1.89761e-08;4.07414e-08;2.13814e-08;3.54552e-08;8.15768e-09;1.06619e-09;3.79835e-08;5.59201e-09;3.35155e-09;6.6249e-09;2.63638e-09;5.29673e-09;4.93668e-10;7.76473e-09;4.83163e-09;3.41358e-09;1.00872e-08;7.01415e-08;1.67003e-08;1.39301e-08;5.10797e-08;1.04636e-08;4.22607e-09;4.2183e-08;1.40152e-08;1.24529e-08;1.36581e-09;7.8988e-09;6.78621e-09;8.55404e-09;1.69843e-08;2.0939e-08;1.70166e-10;8.81297e-09;5.29955e-09;1.06522e-08;2.31607e-09;1.67516e-08;3.59826e-09;3.14e-09;1.37676e-08;9.69121e-09;2.38448e-08;1.07246e-08;1.28217e-08;5.46117e-09;4.07824e-09;1.81197e-08;3.20769e-09;3.90621e-08;1.03852e-08;9.35196e-08;1.50187e-07;5.01643e-08;5.58758e-08;1.20252e-07;1.86917e-08;3.96345e-09;7.30214e-09;6.3599e-09;7.33099e-09;5.06469e-09;8.59162e-09;1.87173e-09;1.94246e-09;2.94153e-09;3.74779e-09;6.59965e-10;1.16455e-10;1.79386e-08;7.42875e-09;7.9069e-09;4.29517e-09;1.11008e-08;4.77983e-09;1.80368e-08;8.10327e-10;7.94112e-09;8.33667e-09;3.79057e-09;4.06748e-08;5.69717e-10;1.30549e-08;3.19023e-08;3.64271e-08;1.09899e-07;1.03853e-08;3.11914e-09;5.8996e-09;4.44025e-08;4.65547e-08;2.52033e-10;2.43342e-08;1.78149e-09;1.92087e-09;7.88454e-09;1.18096e-08;7.95292e-08;8.75404e-08;7.62221e-09;3.01854e-09;2.81658e-09;3.45049e-08;1.05849e-08;6.41966e-08;6.80135e-09;4.6775e-09;4.30682e-08;2.93929e-08;1.95466e-08;1.82807e-08;1.73509e-09;1.82412e-10;7.37843e-09;2.55916e-09;2.11547e-09;5.64069e-09;4.06115e-09;3.55224e-09;3.41503e-09;8.43362e-09;1.36563e-07;2.15116e-08;1.23046e-09;6.42936e-10;1.4678e-08;9.08203e-10;7.34138e-09;6.35585e-09;2.18603e-08;1.59618e-08;8.34342e-07;9.38366e-08;2.33881e-07;2.13809e-08;4.43053e-09;1.58119e-08;2.45479e-08;1.89635e-09;1.66996e-08;2.26336e-08;5.82883e-09;2.69397e-08;7.31007e-09;8.40162e-09;8.07748e-09;7.33217e-09;9.5957e-09;2.00607e-08;5.13231e-10;3.39393e-09;4.56379e-09;7.15383e-09;2.9606e-09;2.12564e-08;3.9546e-09;3.22785e-09;5.26522e-09;3.02097e-09;1.38526e-09;3.86711e-09;3.73474e-09;1.34288e-08;2.34305e-08;6.7808e-09;1.38715e-09;3.94259e-09;3.64796e-09;1.02767e-09;7.73365e-09;7.6049e-09;1.2407e-08;4.74139e-10;5.78944e-09;1.5049e-08;3.80085e-08;2.75089e-09;1.93422e-08;2.34062e-10;4.31736e-09;1.91728e-08;4.92845e-09;1.36863e-08;3.7925e-09;5.55119e-09;2.0401e-08;5.25412e-09;2.95333e-09;6.38514e-09;6.58271e-11;6.54062e-10;7.6355e-09;2.30379e-08;3.95669e-07;1.11483e-08;9.7636e-09;2.71351e-09;3.0867e-09;1.09165e-08;7.62331e-09;2.35901e-08;4.68229e-09;4.97047e-09;1.33329e-09;1.42934e-08;4.07226e-09;1.81104e-07;8.37415e-08;3.05852e-08;1.01893e-09;8.39727e-09;2.56525e-08;2.30846e-08;5.26379e-09;7.72898e-09;1.69697e-08;3.91344e-09;1.27814e-09;5.98775e-09;1.30283e-08;3.58381e-07;8.70557e-11;5.84291e-08;1.53116e-09;2.50587e-09;4.12992e-09;8.46966e-09;1.16648e-09;7.25691e-09;4.45032e-09;1.54395e-09;1.7761e-11;1.00133e-09;7.6404e-09;2.66588e-09;6.9136e-11;2.71624e-09;1.2859e-13;1.59084e-09;5.23177e-09;4.9168e-09;3.88692e-11;1.98483e-09;7.00767e-10;2.14272e-06;5.088e-09;6.59267e-07;1.99718e-05;0.00603704;0.00045616;0.0010936;0.992345;1.35475e-06;7.83298e-07;3.91387e-07;1.92034e-05;8.99871e-06;2.19384e-06;3.9453e-09;9.0455e-11;3.81567e-09;1.94078e-08;5.78173e-09;1.25113e-09;1.06127e-10;4.67289e-10;2.66385e-09;2.1514e-08;7.43932e-07;1.29117e-09;2.08098e-08;5.57434e-09;4.5682e-10;2.26838e-09;1.1789e-08;1.79185e-06;1.17806e-09;6.53313e-09;5.48852e-09;2.48018e-09;4.44282e-09;1.12255e-08;3.11825e-08;5.66589e-08;1.76511e-06;4.68414e-10;6.37963e-09;5.52819e-11;1.88803e-09;6.39838e-08;1.2472e-08;2.33882e-09;1.05687e-08;9.00972e-09;2.55195e-07;2.94874e-09;3.98008e-09;5.64487e-09;1.63365e-08;5.90441e-09;6.03745e-09;3.22436e-09;1.01409e-09;4.88253e-09;3.32496e-08;3.91117e-08;5.72861e-10
2.22876e-06;5.03794e-07;3.95791e-06;2.20564e-06;2.03941e-06;4.67219e-06;6.23249e-06;4.74463e-05;4.37967e-06;4.24165e-05;0.00101908;2.25631e-06;1.10387e-07;2.33636e-06;2.99711e-06;0.000206744;0.000702741;1.84856e-06;1.651e-05;1.43463e-05;0.000946605;4.42108e-08;4.58375e-06;2.2203e-06;2.20987e-06;2.51279e-06;1.77483e-06;7.59853e-07;8.28484e-08;6.12139e-06;2.28478e-05;4.95059e-06;1.2778e-05;4.3856e-05;2.30045e-06;4.82912e-06;2.14634e-06;1.12142e-06;5.45715e-06;8.76043e-05;2.74357e-06;9.77445e-06;1.46224e-06;1.2365e-05;3.02897e-06;3.9657e-07;6.02527e-07;1.28116e-07;2.2506e-06;1.67346e-05;9.83203e-06;6.38357e-06;2.42763e-05;4.21352e-06;1.80375e-08;5.37812e-05;5.90003e-05;6.21004e-06;3.53441e-05;0.000117627;0.0032856;0.000126931;0.000300544;9.87717e-05;1.87346e-06;3.468e-05;8.7072e-05;1.7491e-05;1.75797e-06;3.41589e-05;2.78859e-05;1.49619e-05;0.000330373;1.8016e-05;1.55479e-07;1.79029e-06;3.50741e-06;2.26969e-05;1.27964e-05;5.79594e-05;2.71639e-06;3.7176e-08;2.2922e-06;2.34893e-06;9.26185e-08;9.02488e-07;7.05023e-07;3.84566e-08;1.92115e-06;3.94921e-05;2.40634e-06;7.43243e-05;9.64505e-06;1.77986e-05;5.1516e-05;0.00206145;1.29073e-06;2.70212e-05;7.69555e-06;3.913e-08;1.32555e-05;3.14209e-06;5.50268e-06;2.36157e-06;1.20589e-05;6.56474e-07;6.94783e-06;2.26722e-06;1.55626e-06;5.09111e-06;6.55429e-06;1.63687e-05;7.05774e-07;2.36861e-06;6.67142e-06;2.92349e-05;1.98414e-05;3.60109e-05;1.81092e-06;5.99943e-08;1.12002e-05;1.41974e-06;7.38416e-06;2.01704e-08;1.41742e-05;6.22694e-06;3.19247e-06;3.94065e-06;5.46637e-06;7.36149e-07;6.80844e-07;0.000127855;2.20487e-05;5.53876e-07;2.11423e-05;4.34775e-06;2.1603e-06;4.3943e-05;2.6398e-05;2.19369e-05;0.000550658;3.98056e-07;1.35031e-05;1.13528e-05;0.000189791;7.84718e-06;0.000194352;6.06752e-06;4.45826e-07;1.03982e-05;7.81468e-06;2.55218e-05;0.000258854;1.91152e-06;3.12388e-06;4.13189e-06;1.36073e-06;1.65291e-06;9.64548e-07;1.89135e-06;3.17349e-06;4.98159e-06;2.00953e-05;0.000174173;0.000230401;2.24225e-05;1.09232e-06;9.59599e-06;3.03632e-05;1.49705e-05;2.86323e-06;2.3931e-05;3.83683e-05;0.0002566;2.77533e-05;1.19128e-05;5.15572e-05;1.69447e-05;5.63722e-06;0.00090781;1.03818e-06;3.96165e-05;4.7292e-05;0.000488307;8.20614e-06;0.000278914;2.92542e-05;0.000197369;2.00613e-05;2.31913e-05;3.5115e-05;2.64926e-06;2.65588e-05;1.2249e-05;0.000198155;4.08499e-05;0.000424401;8.36505e-05;4.23417e-05;1.1976e-05;2.68698e-05;2.32999e-05;7.76982e-05;0.000102781;0.345442;0.0693769;0.56437;0.00198362;2.51126e-05;5.53996e-06;4.37846e-05;0.00118479;0.000353068;4.39389e-06;8.87525e-08;1.58441e-05;9.02476e-06;1.43301e-05;1.53695e-06;9.08847e-06;8.92215e-07;1.80502e-06;4.13527e-06;3.17342e-06;1.95854e-06;7.14646e-07;1.08573e-05;1.20254e-05;9.67763e-08;1.49812e-05;1.85561e-06;1.59621e-07;5.30877e-08;2.42541e-06;4.36659e-06;2.1467e-05;7.8271e-07;1.68004e-06;1.0425e-06;1.89977e-06;1.30513e-05;1.4105e-07;4.5332e-06;2.42335e-06;1.38271e-06;4.32614e-08;8.14723e-06;2.28096e-06;6.03796e-07;0.000149198;1.99197e-06;8.11632e-07;8.71594e-07;4.01598e-06;4.7811e-06;1.31662e-07;1.8816e-06;1.74595e-06;2.21228e-06;8.86394e-07;4.05612e-06;3.63159e-05;1.51195e-06;6.38335e-05;8.11696e-07;9.03593e-08;3.44762e-06;5.57296e-06;1.53015e-06;0.000109787;3.97917e-06;3.38646e-06;2.57171e-06;1.44945e-09;5.24466e-06;2.44333e-06;1.85235e-05;2.14325e-07;4.6655e-05;1.4957e-06;6.53995e-07;8.89446e-05;2.18507e-06;2.96739e-09;7.16984e-07;4.13209e-07;3.42004e-06;6.33419e-10;7.63701e-06;1.3516e-06;1.98021e-06;2.47157e-07;7.63311e-07;6.79363e-08;2.90164e-06;2.94822e-06;3.95664e-06;5.42523e-08;6.01672e-07;1.78995e-06;2.3378e-06;5.25744e-08;3.431e-05;1.05181e-07;1.60608e-06;4.25039e-07;1.94855e-08;2.43114e-05;1.75605e-06;1.05507e-05;4.30808e-09;7.19888e-08;1.88472e-06;3.14734e-06;8.40568e-09;8.75514e-07;1.16375e-07;2.07314e-06;1.99947e-06;4.77696e-08;2.74845e-06;1.09534e-06;6.25096e-06;1.08269e-09;8.42265e-07;6.20545e-06;1.6467e-05;7.20329e-07;4.86895e-07;4.05607e-08;6.13417e-08;8.82253e-07;3.49963e-06;2.17035e-07;2.23806e-06;3.29312e-07;2.29202e-07;7.67404e-06;3.32603e-07;1.22827e-05;1.93078e-06;5.85661e-07;7.14275e-07;2.08324e-07;3.37243e-08;7.37715e-06;4.72542e-06;1.53167e-06;7.0032e-07
3.28892e-08;6.27372e-09;1.08889e-09;8.19893e-12;4.2954e-09;8.11823e-10;2.3677e-10;4.65143e-09;7.07077e-09;1.10317e-08;1.92376e-09;2.19015e-09;8.52427e-10;2.75547e-08;9.6696e-09;1.35009e-07;2.04736e-09;5.13276e-09;1.18148e-09;1.56225e-09;8.53944e-09;4.75572e-07;3.56153e-09;3.46622e-07;1.51939e-07;1.92854e-09;2.16584e-08;2.05382e-08;5.6405e-08;1.93665e-11;1.80158e-11;1.48583e-08;2.45747e-10;8.9545e-11;1.95842e-11;3.52406e-07;5.8552e-09;5.76219e-09;8.62928e-09;7.41841e-09;3.47225e-09;4.10438e-10;4.05717e-10;5.3165e-10;6.48402e-09;3.38774e-08;1.29912e-07;9.53576e-08;1.41009e-10;3.20843e-12;2.08168e-07;2.27289e-10;1.16542e-08;2.60605e-09;2.46335e-09;5.71789e-09;1.54992e-09;1.04659e-07;1.4499e-08;7.98312e-09;2.71723e-08;7.29681e-10;2.64577e-09;3.47244e-08;3.9168e-09;1.8178e-07;1.05433e-09;2.29536e-09;3.06239e-07;2.8256e-09;1.2385e-09;1.46868e-06;1.52189e-09;1.80849e-09;2.15904e-09;5.42899e-09;2.1848e-09;1.92707e-07;5.91279e-09;3.80986e-09;7.46642e-09;2.945e-07;2.80832e-09;7.63559e-10;5.52386e-08;1.14792e-09;6.62765e-11;3.03215e-10;2.73316e-08;2.74939e-09;4.34176e-07;1.30276e-08;3.76889e-09;1.86394e-08;1.43e-10;1.51902e-10;1.24953e-10;7.0714e-09;4.98931e-09;4.16993e-07;8.95437e-11;3.42512e-10;6.00827e-07;3.72974e-09;2.69047e-09;3.95234e-11;2.56696e-06;4.97644e-09;4.11354e-09;9.15057e-08;1.44288e-08;1.19684e-08;2.19541e-06;1.23584e-08;6.6052e-09;6.02499e-07;5.91521e-09;6.64502e-09;2.12483e-10;1.33766e-08;6.95458e-09;6.88726e-09;1.09071e-08;2.26124e-07;2.44359e-11;7.94808e-12;2.92217e-07;6.46329e-10;7.80574e-10;2.1664e-10;3.55703e-06;2.27458e-08;2.72844e-09;3.68352e-08;3.6454e-09;1.45856e-10;3.06196e-07;4.91e-09;7.11655e-09;5.1827e-07;1.24727e-08;5.63358e-10;1.81677e-08;3.81716e-06;2.93651e-08;1.64474e-08;8.49941e-09;2.97803e-08;9.67406e-07;2.11064e-09;3.69734e-09;6.57265e-08;1.72515e-08;4.27765e-10;1.04618e-10;3.94966e-09;2.03349e-08;1.56443e-09;9.69201e-09;5.22065e-07;1.24179e-08;3.91221e-09;7.59002e-08;4.31144e-09;4.70957e-09;6.71724e-10;1.80451e-08;5.79396e-09;2.48569e-08;1.34085e-08;7.76186e-07;2.53051e-09;1.20255e-08;1.52915e-05;8.73451e-09;1.45978e-08;2.38456e-08;4.33405e-07;6.97565e-08;1.68227e-08;6.26872e-07;3.74801e-08;2.66052e-10;2.87104e-07;2.46545e-09;7.93891e-10;8.40194e-10;5.81953e-08;1.07184e-08;8.17836e-09;2.13199e-08;4.05769e-07;2.15732e-09;1.178e-09;1.75809e-06;1.24424e-08;1.00608e-08;1.01195e-08;7.67319e-09;1.07746e-08;4.75603e-09;3.39681e-07;1.0881e-08;1.98769e-08;2.01039e-06;1.36945e-07;5.56017e-09;9.86773e-09;2.33483e-06;4.8017e-09;5.33804e-07;4.71499e-09;1.00598e-07;1.21511e-08;3.00007e-06;2.58633e-09;3.92733e-09;1.02073e-07;1.12886e-07;1.34647e-09;1.86447e-10;2.15491e-09;1.23617e-07;2.22153e-09;5.17962e-09;9.15994e-07;5.2735e-09;2.02114e-09;5.53065e-08;4.60257e-10;5.70852e-09;2.25164e-09;1.23484e-07;4.39926e-10;5.32914e-10;6.59652e-08;1.12171e-09;4.36877e-10;1.70031e-10;1.10159e-07;2.03318e-08;5.12492e-08;5.65193e-09;1.13837e-09;3.05648e-09;4.69492e-07;2.0593e-09;1.25745e-10;4.59268e-07;1.80668e-11;4.36692e-10;3.35801e-10;1.37022e-06;7.12387e-09;5.18334e-09;2.23188e-08;4.82778e-09;6.33544e-09;2.81059e-09;2.00261e-06;8.69351e-09;1.96158e-09;1.50518e-08;5.12416e-10;1.80048e-09;9.67005e-10;2.54801e-08;7.29004e-09;7.87229e-09;2.3007e-07;8.27013e-09;6.64133e-08;5.54104e-09;0.000557912;1.8147e-06;3.57417e-08;0.996285;7.35588e-05;0.00140966;2.49229e-07;0.00129928;4.67776e-07;3.63767e-07;0.000256188;4.756e-05;3.00501e-06;2.13574e-09;1.52908e-09;3.56217e-13;3.77104e-12;1.10743e-07;5.95294e-13;1.27409e-10;1.56327e-16;2.2633e-07;5.17101e-09;2.51499e-09;6.71997e-08;7.14455e-09;1.76169e-09;3.0858e-09;2.96519e-09;2.82043e-11;2.43568e-11;5.724e-08;1.31546e-12;4.67408e-11;3.4593e-14;1.76919e-07;1.85221e-09;8.98387e-09;1.34153e-08;6.83231e-11;6.6102e-09;1.10112e-06;9.53214e-10;1.02932e-08;5.45682e-07;6.84597e-11;1.46341e-11;1.38336e-11;1.47259e-07;8.36777e-09;2.57629e-08;1.48263e-06;2.67213e-09;2.12825e-09;1.8409e-08;5.80894e-09;5.79209e-09;7.26421e-08;1.94665e-09;1.64715e-08;1.58336e-08;4.4135e-09;1.15688e-08;6.6806e-08;1.95689e-09;2.11875e-07;4.19935e-09;1.02425e-08;1.85689e-11;2.55969e-09;2.73604e-10;1.51068e-07;7.31749e-10;1.51529e-09;2.41706e-06;3.89999e-09
4.2595e-10;1.21757e-09;1.29248e-09;4.68673e-10;2.43143e-09;8.1346e-10;1.86819e-10;2.74515e-10;6.99407e-10;9.25368e-10;1.19335e-10;3.48898e-10;5.8298e-11;2.53074e-10;2.35497e-10;7.92892e-10;1.67726e-08;3.73938e-10;4.95295e-10;4.32397e-10;5.40022e-08;2.95878e-10;2.98829e-10;8.02033e-10;1.78488e-10;8.56745e-09;4.05154e-09;0.999999;6.28717e-10;1.61384e-09;1.67233e-09;1.13129e-09;1.92508e-07;3.7615e-12;1.23072e-08;1.51574e-10;2.45017e-10;1.84991e-10;2.55626e-09;1.08967e-10;4.90669e-09;8.23365e-08;5.87613e-08;3.19057e-08;8.4446e-09;1.7221e-09;5.75872e-09;2.44912e-10;1.25154e-09;1.04212e-09;8.87525e-09;3.92939e-09;6.93386e-10;1.74513e-07;1.4127e-12;6.61551e-10;1.36558e-09;3.69455e-11;1.63812e-09;1.79819e-10;8.52342e-12;9.47954e-11;1.17397e-11;4.22297e-10;3.87122e-10;1.78242e-10;1.12238e-09;1.04313e-10;3.1277e-10;2.23588e-09;7.22112e-10;3.34418e-10;3.54388e-09;2.55077e-09;3.43733e-11;2.82855e-10;4.3525e-10;1.72946e-09;2.67195e-09;4.33273e-10;4.59457e-10;1.40345e-10;2.30784e-08;2.06384e-09;7.15644e-11;8.84039e-09;2.2321e-09;2.35646e-09;4.52423e-10;5.10629e-10;3.31729e-10;1.66605e-09;7.35393e-10;3.71998e-11;9.25977e-10;1.42557e-09;1.26356e-10;3.11958e-10;1.27953e-09;1.59959e-11;1.64686e-09;8.40361e-10;1.37599e-10;5.18571e-10;1.99886e-11;1.29725e-10;5.00613e-10;2.97753e-10;2.97046e-10;2.00737e-09;9.89402e-09;6.29022e-10;3.63434e-10;3.67537e-10;4.32129e-09;1.87063e-09;6.17392e-10;7.35351e-11;3.49955e-09;1.01866e-09;3.12325e-09;7.60267e-09;1.26239e-10;2.52523e-11;1.15766e-09;9.71453e-11;1.29727e-10;2.86462e-10;5.15186e-12;5.62839e-11;6.68394e-11;2.97022e-09;9.58947e-10;3.37162e-12;4.65559e-11;1.23911e-11;3.26842e-10;1.22626e-09;3.28874e-10;2.2305e-10;2.22112e-11;4.01134e-11;1.11474e-10;1.1773e-10;2.13084e-10;9.66304e-10;1.17062e-09;7.43345e-10;1.42454e-10;1.14449e-08;1.28716e-09;1.9355e-11;7.50686e-10;3.10133e-09;2.3642e-10;1.49045e-10;1.96459e-11;7.07494e-10;3.79005e-11;2.28603e-10;2.07838e-10;3.2884e-10;6.61417e-11;5.82484e-10;8.74827e-11;9.88601e-11;1.03715e-10;1.35169e-09;4.42048e-10;3.57657e-10;1.84622e-09;6.24475e-10;1.64589e-09;3.44096e-10;2.01674e-09;2.06258e-09;5.93029e-09;2.30657e-09;3.22779e-09;4.59517e-09;4.80543e-10;8.66286e-10;6.89691e-10;3.40157e-10;6.23459e-11;1.02822e-10;5.95906e-11;1.17049e-09;1.55489e-10;5.28099e-10;4.99586e-10;5.49649e-10;3.34877e-09;1.04054e-09;1.5332e-09;1.69771e-09;2.6056e-10;1.08333e-09;4.64401e-10;3.65173e-10;5.23738e-10;1.10863e-10;1.58475e-10;3.35973e-10;1.73945e-10;1.95852e-09;6.9567e-11;1.05992e-09;5.96562e-11;1.33733e-10;2.15114e-11;1.0704e-08;1.72845e-10;3.30915e-10;6.00819e-11;1.31129e-09;3.12222e-10;5.30389e-11;3.0391e-11;1.12388e-10;2.44492e-10;6.27032e-11;1.60253e-10;2.21343e-10;9.86155e-11;9.30619e-11;1.06092e-09;3.76713e-10;9.7445e-11;9.54557e-10;4.09502e-10;1.50031e-09;1.48204e-11;1.42776e-09;3.52515e-10;2.49468e-11;4.56536e-10;6.57634e-13;2.56139e-11;3.11726e-11;6.37499e-10;2.00658e-10;1.64096e-10;4.47894e-10;2.19765e-10;1.04768e-10;1.50729e-09;7.09153e-11;1.86353e-10;4.03047e-10;3.16651e-11;1.50984e-09;3.46634e-11;6.38474e-10;6.55131e-10;1.69622e-10;7.3612e-10;6.53378e-11;1.77523e-10;7.24591e-10;3.26511e-09;6.70554e-09;5.1845e-10;4.3345e-09;8.65413e-11;2.1842e-10;1.54089e-10;2.22313e-10;3.90172e-10;1.03761e-09;4.0628e-10;2.55828e-10;1.96594e-08;3.3057e-10;2.15692e-10;6.28859e-10;1.92743e-10;2.53404e-12;1.57736e-10;7.35656e-11;8.44241e-11;8.09482e-10;2.88897e-10;5.36884e-12;1.00973e-10;8.28148e-11;7.52874e-10;9.3826e-11;3.15213e-10;3.59606e-10;1.03961e-11;3.50727e-11;4.23347e-12;2.17108e-10;9.31296e-11;2.04541e-10;3.88361e-10;9.28404e-12;5.07996e-11;9.16633e-11;9.28604e-11;7.86105e-11;1.05887e-09;5.64381e-10;7.56334e-11;2.10674e-10;9.04763e-12;5.14428e-11;1.26869e-10;3.88946e-10;2.10183e-11;6.08746e-10;7.17399e-11;1.84964e-10;2.88448e-09;3.20099e-09;5.07901e-09;1.41894e-10;1.50282e-10;6.90121e-11;1.91482e-09;4.88982e-10;5.33862e-10;1.3631e-09;9.02354e-11;1.26651e-10;1.39171e-11;4.43151e-10;7.02936e-10;1.83518e-09;2.43651e-10;8.00415e-10;1.08841e-09;3.69736e-11;1.05939e-10;6.45008e-11;4.18232e-07;5.77719e-10;1.188e-10;2.07385e-09;1.89242e-12;2.00779e-11;8.79884e-11;1.47155e-08;1.30614e-10;8.6751e-10;3.94187e-10;3.14012e-09;9.75395e-11
5.20836e-08;8.50588e-05;3.39132e-05;1.33031e-05;0.000573928;9.72294e-06;0.000990701;5.31398e-05;1.30687e-06;1.51059e-06;7.51052e-05;5.66476e-07;1.52875e-08;9.02769e-07;9.34132e-07;3.40895e-07;0.000248755;9.04774e-07;2.64182e-07;1.52949e-06;4.71763e-06;3.08107e-06;1.09505e-06;4.58951e-07;1.92875e-06;0.000754057;1.2363e-06;3.40796e-07;1.71126e-06;4.68818e-07;2.28201e-07;1.63065e-07;1.64237e-06;3.39288e-06;1.10692e-08;1.62839e-06;9.17009e-07;1.302e-06;5.52187e-07;6.53055e-07;1.08354e-06;4.15009e-06;7.36696e-06;1.06625e-06;3.55012e-06;3.78582e-07;5.47586e-07;3.35007e-06;5.79534e-06;7.84818e-07;2.50025e-06;8.08655e-05;4.43312e-06;3.78028e-07;5.90965e-08;9.07279e-06;2.68852e-06;2.78307e-05;2.00148e-06;2.12687e-06;3.05005e-06;2.16063e-05;1.10392e-06;4.94715e-07;7.91527e-07;1.1528e-06;7.22145e-07;1.71797e-06;1.78676e-05;3.84704e-05;2.79147e-06;9.41818e-07;2.17402e-06;9.79852e-06;2.23751e-07;6.83876e-07;5.24567e-07;4.81538e-06;6.80845e-06;9.57703e-07;7.54847e-07;6.75142e-06;8.53977e-06;5.11267e-07;1.14907e-06;1.575e-06;9.05897e-07;5.48889e-08;3.35223e-07;4.6909e-07;3.30399e-06;4.44032e-07;1.85483e-07;1.00005e-07;5.52421e-07;6.44207e-06;3.19045e-10;7.06156e-08;2.4501e-07;6.8854e-07;6.5394e-06;4.58309e-07;2.95005e-06;8.08689e-06;1.49315e-05;1.13475e-07;8.42419e-07;1.36688e-06;1.05421e-06;2.16486e-06;4.51724e-06;1.88742e-06;2.46345e-06;8.8334e-07;1.37081e-06;5.04439e-08;1.67774e-06;6.2508e-06;1.32619e-06;7.5471e-07;9.15164e-06;1.52936e-06;1.69039e-06;9.22216e-07;3.18357e-07;5.51624e-07;2.1054e-06;2.60515e-06;8.88061e-06;1.39626e-07;1.71141e-06;8.97239e-07;4.24641e-07;1.38509e-06;2.17237e-06;6.13332e-07;8.80266e-06;9.86011e-06;1.11168e-05;1.71123e-05;5.74496e-06;1.01446e-05;7.02214e-07;9.76332e-07;4.11628e-06;1.24613e-05;2.36534e-06;5.06489e-07;2.63163e-06;1.48048e-06;2.90395e-07;7.17951e-07;1.26995e-05;1.76878e-05;1.73566e-07;5.69066e-07;2.55982e-06;1.12767e-05;1.68009e-06;4.51624e-06;6.09799e-07;2.74036e-06;1.11352e-05;7.97582e-07;0.000102796;1.81374e-06;2.89767e-06;1.50164e-05;3.36348e-06;1.1062e-06;5.56961e-06;2.15097e-05;4.60764e-06;8.48921e-07;8.89628e-06;1.16688e-05;5.97935e-07;1.02956e-06;6.84843e-06;2.00559e-05;1.19966e-05;1.59058e-06;3.31657e-07;2.07097e-05;5.54086e-05;6.09644e-06;1.7101e-06;1.46288e-06;5.49081e-06;8.04208e-07;1.3465e-05;8.74052e-06;2.07619e-05;1.27354e-05;3.47991e-05;5.39017e-06;8.23083e-07;1.6608e-06;1.73972e-06;7.30036e-06;2.83691e-06;7.49493e-06;3.29958e-06;4.05243e-06;1.03216e-05;1.89455e-05;1.39162e-05;2.17012e-06;3.1097e-06;6.02938e-07;1.29982e-06;2.99444e-06;3.65725e-06;1.7153e-06;9.54415e-07;2.0887e-07;1.81995e-06;3.0777e-07;5.33303e-06;6.39856e-07;1.965e-08;7.0062e-07;6.58663e-07;1.13973e-06;3.22231e-07;2.17376e-06;3.68221e-06;5.8066e-06;3.20096e-06;1.92666e-05;4.0839e-06;8.66204e-08;1.02733e-05;4.14637e-06;5.21172e-05;8.20397e-07;9.97651e-07;5.67637e-05;6.61177e-09;1.03706e-06;3.19953e-07;4.4844e-07;4.74715e-07;9.3687e-07;1.45969e-06;2.55002e-07;8.1676e-07;4.22948e-06;2.41957e-07;2.91995e-06;2.77694e-06;5.69571e-07;7.07621e-07;5.50015e-07;5.77053e-07;2.23379e-07;1.437e-06;1.8064e-07;1.83484e-06;1.93002e-06;2.17138e-06;8.98795e-07;2.31471e-07;8.30609e-07;1.00211e-06;8.2207e-08;7.87297e-07;4.52646e-07;1.13234e-07;8.54991e-07;5.62766e-07;9.57009e-07;2.89884e-05;0.00688894;0.000973812;0.000295744;0.139596;0.0432623;0.790125;0.0128411;1.87501e-05;5.94075e-05;7.68366e-05;0.000712568;0.000411114;0.000177868;1.80167e-06;6.02693e-07;2.64177e-06;2.28431e-07;2.62766e-08;6.87569e-08;8.85131e-07;3.99835e-10;4.46081e-08;1.14473e-07;3.31654e-07;3.3386e-10;1.4653e-07;8.04607e-07;9.82531e-07;5.31075e-06;1.1195e-06;9.11023e-07;4.16524e-07;6.19122e-06;2.12781e-07;1.52916e-08;2.46472e-06;6.69327e-06;8.7226e-08;3.93028e-06;5.78585e-08;1.9322e-06;1.2665e-05;1.36047e-05;7.66303e-06;6.02585e-06;0.000234902;2.4778e-06;6.46505e-06;4.38803e-06;1.22475e-06;3.71528e-07;6.68322e-07;1.13507e-06;1.31062e-06;5.77053e-06;1.5347e-06;6.82394e-09;2.65332e-06;1.40689e-06;1.41751e-06;6.43317e-08;3.25683e-07;9.69163e-07;1.1727e-07;6.95267e-09;3.82849e-06;8.9095e-07;2.61454e-05;2.15453e-06;7.50208e-06;1.8508e-06;5.05686e-07;3.44563e-06;3.74528e-07;5.50183e-09;7.09384e-07
4.41921e-08;1.16301e-05;9.74272e-09;1.0198e-09;3.94838e-09;2.56604e-08;6.20382e-08;1.4709e-08;7.55225e-09;1.45193e-09;3.92028e-09;5.82826e-08;2.2791e-11;1.12374e-07;6.09014e-09;3.21876e-08;2.35122e-09;4.95424e-09;3.3789e-10;7.81427e-10;1.47007e-08;1.65226e-06;3.27678e-09;2.3665e-08;1.49251e-08;4.1823e-09;5.00879e-10;1.19988e-07;3.88859e-06;2.00123e-10;5.95698e-11;3.25292e-08;1.57738e-09;3.34213e-12;2.29589e-13;3.29322e-07;3.62981e-09;2.91653e-09;1.15136e-09;5.79266e-10;2.61418e-11;4.12845e-08;4.14721e-08;6.6689e-09;4.05218e-08;8.88338e-09;1.26023e-08;4.73895e-06;9.12941e-10;1.05889e-10;3.77238e-09;6.0103e-10;2.72562e-09;2.33326e-10;1.81085e-07;5.11095e-09;7.92063e-10;7.7173e-06;2.71339e-09;1.236e-09;5.99771e-08;1.77496e-10;2.05639e-10;9.46488e-11;2.63727e-09;1.61085e-07;1.47085e-08;1.29753e-08;2.85146e-06;7.31392e-10;8.96365e-10;2.30371e-10;5.6131e-09;4.65108e-10;2.3891e-12;2.75696e-09;7.33246e-09;1.9699e-09;1.98503e-09;4.11846e-10;5.05783e-09;0.000335516;1.48649e-08;1.3958e-08;5.1237e-08;4.14766e-07;2.66744e-10;3.67704e-11;8.05744e-08;1.63398e-09;2.84287e-06;4.29343e-09;1.80188e-09;3.21743e-06;6.38873e-08;2.56527e-09;5.33237e-12;2.38422e-09;2.79718e-09;6.95701e-06;1.24092e-08;4.15798e-09;9.7155e-09;9.75533e-09;5.12316e-10;1.54764e-11;4.96113e-06;3.63646e-09;8.52049e-09;1.01212e-07;5.03292e-09;6.75691e-09;2.14692e-06;8.64757e-09;1.20513e-09;1.59696e-08;1.96508e-10;9.24988e-10;2.10738e-13;9.51612e-09;6.9905e-08;7.81819e-09;1.15523e-08;9.98459e-06;1.61134e-10;1.63035e-10;1.21552e-08;1.75441e-10;7.91771e-12;2.55023e-12;1.94226e-05;1.19836e-09;1.23084e-09;9.25462e-08;9.61993e-09;1.12378e-09;3.01401e-06;1.85576e-08;1.07561e-08;8.15203e-09;8.38522e-09;1.56093e-10;5.75122e-11;2.0791e-07;1.10282e-06;3.80002e-08;7.06277e-09;2.96918e-09;4.32214e-06;3.48125e-09;3.65753e-10;2.27894e-09;9.20865e-11;4.22688e-12;1.96914e-12;4.12589e-09;5.14319e-08;1.88394e-08;2.59999e-09;5.09492e-06;4.06432e-09;5.91904e-09;6.5437e-09;2.93718e-09;6.22208e-10;3.19399e-12;4.9051e-08;2.60052e-08;6.02892e-09;8.00213e-09;1.10878e-05;5.30563e-09;1.38248e-09;3.64856e-08;4.58489e-09;9.65999e-11;2.40366e-11;8.40483e-08;4.04269e-08;1.02063e-08;6.30456e-06;1.40155e-08;3.60024e-10;8.5308e-09;1.12203e-07;3.60628e-11;1.60956e-11;1.18088e-07;3.36592e-07;4.01145e-09;3.13063e-09;1.984e-06;3.51262e-09;6.63528e-09;2.40432e-09;3.69635e-09;6.20543e-10;3.09461e-11;2.3038e-08;3.38056e-08;2.92185e-09;1.59681e-05;8.88403e-09;1.9197e-08;7.6837e-08;9.04714e-09;8.81773e-10;7.70801e-10;1.9787e-06;3.23223e-09;6.01983e-07;3.14376e-08;1.09873e-07;5.16406e-09;1.143e-06;1.61956e-10;2.67653e-09;3.45205e-10;2.36294e-09;3.59022e-11;2.17844e-12;3.88292e-09;1.90737e-08;2.40942e-09;1.41697e-09;9.39628e-06;6.32793e-09;5.50864e-09;6.25474e-07;5.64115e-08;4.27212e-09;4.00122e-11;9.18333e-06;1.67261e-09;2.0005e-08;1.26923e-08;2.74336e-09;2.20059e-09;1.53407e-11;1.76249e-07;3.13821e-09;1.34271e-08;4.88807e-09;4.15804e-10;4.13781e-09;1.05749e-06;1.96667e-09;6.93977e-10;2.01476e-08;3.0663e-09;6.70774e-11;1.86836e-12;3.77827e-07;2.39163e-09;6.8893e-10;2.81196e-09;3.81932e-10;5.11163e-10;3.52047e-09;1.37603e-05;5.6928e-08;5.05282e-09;5.85914e-09;7.4764e-09;7.71811e-08;4.53484e-11;4.80431e-08;3.34631e-09;1.07864e-09;3.79393e-08;5.69395e-09;2.39458e-09;7.02454e-12;6.44634e-06;8.69972e-09;1.97363e-10;7.51061e-10;6.51017e-10;5.9685e-12;5.59268e-14;1.26061e-06;1.01934e-10;5.6849e-10;2.6168e-06;1.47384e-08;2.09288e-10;8.22877e-08;9.3807e-07;6.93477e-10;1.97741e-11;2.4231e-07;1.55172e-08;2.25819e-11;1.47542e-13;2.22404e-07;3.16648e-09;8.16067e-10;1.52018e-08;1.34337e-08;2.48712e-10;4.21339e-09;9.66695e-08;8.59894e-11;5.57865e-11;9.75222e-08;3.38206e-10;2.56934e-12;1.03516e-14;5.51411e-07;7.63158e-09;6.21948e-07;2.64155e-08;4.42533e-10;1.48356e-07;0.00860837;2.03305e-06;2.48471e-06;0.988778;0.00172054;0.000209491;4.67963e-05;6.47565e-05;7.24523e-07;5.76104e-10;8.27961e-07;5.23775e-09;2.96933e-10;2.57469e-08;4.20992e-09;2.68031e-09;3.2381e-07;6.79933e-10;1.44731e-09;3.79641e-09;9.48588e-10;1.78532e-10;1.25486e-08;6.60067e-11;5.63332e-06;1.24038e-09;1.12402e-06;1.69401e-09;1.45619e-09;9.38425e-12;3.63385e-05;2.11527e-08;6.45337e-10;1.0175e-09;2.97686e-08
2.68387e-09;3.77472e-09;5.3765e-09;1.56804e-10;9.91491e-11;1.74404e-08;1.99333e-09;2.58791e-09;6.34045e-09;8.0438e-10;2.01316e-10;5.86237e-09;4.33471e-10;7.41517e-10;5.12802e-10;1.92089e-09;6.31182e-09;3.34858e-10;6.98679e-10;3.76414e-10;2.31303e-09;1.19494e-10;4.75641e-10;2.32237e-10;1.69093e-08;5.21185e-10;1.09276e-10;0.999988;1.17284e-10;3.30733e-09;3.7896e-09;3.25667e-10;4.38882e-09;1.8828e-10;1.08268e-10;3.52174e-10;4.22404e-10;2.7375e-10;9.73406e-12;3.70574e-09;6.4064e-11;7.8547e-06;3.37667e-07;4.95215e-07;6.61077e-08;1.0508e-07;9.8913e-08;1.6383e-10;1.81956e-09;2.6545e-09;9.4539e-11;1.89056e-09;2.75182e-11;5.42671e-11;2.33578e-10;5.20166e-10;3.18801e-11;2.66679e-10;2.81831e-10;1.7012e-09;4.10337e-11;6.33803e-09;5.58714e-10;1.06625e-10;3.17851e-10;9.69313e-11;4.49444e-10;2.78627e-10;1.65154e-10;7.1262e-09;3.06525e-09;1.7186e-10;8.996e-09;1.49511e-10;1.66092e-11;2.59953e-10;1.03851e-09;2.42495e-10;2.75159e-08;1.26866e-09;5.28679e-10;9.32853e-10;3.23512e-09;6.02566e-09;2.36279e-08;1.29518e-07;1.02063e-09;5.80974e-10;4.30794e-09;6.3494e-10;2.01752e-10;1.06972e-09;2.87997e-10;1.94968e-08;1.74672e-08;2.67383e-09;1.0158e-10;4.75379e-10;1.95265e-10;8.06391e-10;5.89677e-09;2.49333e-09;4.87673e-09;4.47128e-08;9.81383e-11;1.69835e-09;6.50702e-09;4.56124e-10;4.08459e-10;4.36567e-11;6.91932e-10;1.41234e-09;9.64202e-10;3.19527e-10;5.27258e-09;1.67462e-09;1.35154e-06;6.95211e-10;4.72673e-10;3.28544e-10;3.54108e-10;7.75217e-11;1.80747e-10;1.08971e-10;3.23468e-09;2.43338e-09;4.79338e-11;2.46371e-08;2.06069e-10;5.62162e-12;7.94769e-10;4.13907e-09;6.05085e-09;1.66073e-11;4.8788e-09;1.31382e-10;2.0522e-10;7.14775e-10;4.88225e-10;5.1617e-10;1.0958e-08;6.44863e-11;1.49284e-10;2.31171e-10;3.2448e-11;8.35342e-10;9.23817e-11;4.52352e-10;3.91803e-10;9.80323e-10;4.3963e-10;1.1271e-09;9.89754e-09;2.36411e-10;6.00664e-11;4.27288e-10;1.5179e-11;1.01332e-09;6.36e-11;3.98763e-10;1.80886e-10;1.94099e-09;1.25889e-09;7.69581e-09;1.68031e-09;8.76576e-11;1.41169e-10;2.56806e-10;5.17098e-11;8.32616e-10;9.86406e-10;2.23037e-09;2.62482e-10;2.51964e-08;2.09047e-08;5.17001e-10;2.01493e-10;8.75263e-11;1.48684e-09;1.72955e-10;1.98918e-10;4.58138e-09;4.03056e-10;6.28339e-10;1.13019e-09;2.75878e-11;1.3132e-10;8.56421e-12;2.35581e-09;4.89247e-10;4.06777e-10;7.01758e-10;2.02769e-09;2.36706e-09;2.53074e-10;7.06121e-09;2.9447e-10;3.37007e-10;4.80876e-10;8.31636e-09;2.60488e-10;4.54944e-10;4.44734e-10;4.36694e-10;9.36291e-11;1.84216e-09;8.9152e-10;4.219e-11;1.64017e-10;5.54203e-10;1.39724e-10;1.56527e-10;2.95241e-10;2.76766e-10;4.2207e-11;2.13016e-10;3.14617e-10;4.904e-12;6.89254e-09;1.08791e-12;5.05287e-12;3.64119e-10;1.88151e-10;3.56697e-10;2.92961e-10;1.14419e-09;1.3294e-09;1.58224e-08;2.96479e-08;2.95013e-08;6.0876e-10;3.87876e-10;1.17465e-11;4.30616e-10;1.03618e-10;3.06537e-10;4.58263e-10;1.32318e-11;6.1315e-11;3.96078e-10;8.13956e-10;5.04458e-11;2.92542e-09;4.03009e-11;5.71227e-10;1.59931e-11;3.16738e-10;2.31627e-10;1.24879e-09;9.78035e-09;1.63188e-12;2.64592e-11;8.35272e-11;2.71291e-09;2.47929e-09;4.18861e-10;1.53533e-09;2.3299e-10;3.63306e-10;1.36434e-09;3.44659e-09;3.051e-09;4.12254e-08;1.12204e-09;3.13208e-09;7.56537e-10;9.99774e-10;1.47869e-09;3.58797e-09;3.52e-11;9.42977e-10;2.17784e-11;8.96821e-12;4.27099e-11;9.62798e-10;4.90921e-10;1.06822e-10;4.53181e-08;1.0056e-11;3.15773e-12;3.92462e-10;1.64981e-09;8.75525e-10;1.83122e-12;4.48721e-10;3.38838e-11;3.49065e-10;2.09799e-12;2.41862e-10;2.05857e-10;5.02297e-12;2.2569e-09;8.27884e-11;9.32702e-08;7.03336e-10;7.33345e-10;6.74851e-10;3.16276e-12;3.2946e-09;4.78574e-10;2.72551e-10;1.68853e-10;2.47483e-10;3.36788e-10;5.37032e-11;7.57447e-09;6.63945e-12;1.93275e-12;7.32536e-10;3.43575e-09;3.00184e-09;3.05435e-09;1.99849e-10;1.55724e-09;2.18065e-10;3.47864e-09;4.12043e-10;1.45735e-10;9.65918e-07;2.11944e-08;9.03743e-09;2.81923e-10;4.10554e-10;1.11181e-12;1.13386e-08;2.6027e-08;5.99866e-09;5.31335e-09;3.58983e-10;6.65561e-11;2.02571e-10;1.13669e-09;3.09858e-10;2.85241e-11;6.70049e-10;1.20961e-10;2.97538e-07;2.77724e-10;2.42179e-10;3.28014e-09;2.27902e-10;3.45573e-08;4.14009e-10;2.08603e-12;2.9507e-10;2.3858e-09;2.92785e-10;1.99595e-10;6.60542e-10
5.17677e-08;1.43293e-07;2.14712e-08;8.36553e-09;1.33173e-07;3.42011e-07;9.0579e-08;7.2439e-07;3.35376e-09;6.31964e-09;1.25419e-09;8.27492e-09;1.82784e-11;8.81556e-09;1.11682e-08;5.46574e-08;1.22099e-06;2.0837e-09;4.71395e-08;3.38969e-09;5.54293e-09;1.35954e-09;3.63992e-09;5.83716e-08;4.56622e-09;7.87496e-08;4.75427e-08;9.88333e-10;1.63452e-10;6.51402e-10;1.27843e-09;5.97759e-08;2.47754e-09;1.03155e-07;4.06337e-10;4.42512e-09;2.64367e-09;1.84371e-09;5.85321e-10;4.53158e-09;4.05968e-09;3.92261e-08;2.27938e-08;5.37959e-09;1.34048e-07;5.64067e-08;1.61891e-08;7.82036e-11;6.81837e-09;1.09663e-09;4.56799e-10;2.7871e-10;2.74112e-10;7.86337e-12;6.09554e-09;9.33298e-09;1.39315e-09;8.45178e-09;1.33133e-08;1.60743e-08;1.01e-08;4.18156e-08;1.23016e-07;1.48597e-08;3.35035e-09;6.78975e-08;7.03844e-08;1.72724e-08;3.71357e-09;1.26721e-07;1.72302e-08;2.57064e-09;1.38011e-09;9.76802e-08;4.71253e-09;2.02941e-09;3.37837e-09;4.63058e-09;1.71514e-08;1.61795e-08;3.42418e-09;2.52091e-09;8.06966e-09;6.8181e-09;2.64625e-08;3.38124e-09;9.63089e-09;2.25576e-10;4.1713e-09;4.89707e-09;2.1412e-09;1.14529e-08;1.45036e-09;8.83674e-08;9.44496e-08;1.09889e-06;5.06993e-10;7.43536e-09;4.06459e-09;7.51529e-10;4.82755e-09;1.92918e-09;5.52427e-09;3.46958e-09;1.17485e-08;4.86139e-11;1.1821e-08;4.02228e-09;2.16829e-09;9.57559e-09;1.14236e-09;8.07178e-09;1.60525e-08;5.25529e-09;8.10586e-09;3.33606e-09;3.5958e-08;1.54827e-07;3.48331e-08;1.95773e-09;1.79184e-08;1.68972e-09;1.97155e-08;1.00033e-10;1.00958e-09;1.4717e-09;6.4722e-09;8.83635e-09;4.84688e-10;8.0063e-11;6.66787e-09;2.4253e-08;2.34847e-08;4.5178e-09;4.97427e-08;4.1943e-09;1.19627e-09;2.01328e-08;1.23752e-08;4.56674e-08;6.78049e-08;1.12019e-08;1.71214e-08;5.61364e-09;2.49464e-08;7.80192e-09;1.63658e-08;9.39893e-09;3.5783e-09;1.58777e-08;3.43676e-09;3.41716e-08;1.16144e-07;3.53224e-09;1.03977e-08;3.58173e-09;1.37576e-09;1.02704e-08;2.25091e-08;5.04058e-09;2.42613e-09;1.14949e-08;4.63748e-08;2.61664e-08;5.63831e-07;2.93918e-09;6.95556e-09;8.46992e-08;6.23681e-09;4.95811e-09;1.16446e-09;1.22093e-08;1.3978e-09;1.612e-08;2.13745e-09;5.46754e-09;2.69407e-09;3.33758e-10;6.11212e-09;1.2212e-08;6.29588e-09;1.484e-07;2.4692e-08;1.01069e-06;1.0309e-07;3.99531e-07;1.2986e-08;5.95765e-08;1.06953e-07;1.20618e-08;2.38967e-08;3.53818e-09;2.65686e-08;1.26519e-08;6.99686e-09;5.00445e-09;1.42088e-08;9.9189e-09;1.10992e-08;1.62758e-08;2.66845e-09;6.06026e-10;1.36785e-09;1.68453e-09;5.33768e-09;4.08595e-09;1.38445e-08;2.88871e-10;1.71681e-09;3.6358e-09;1.92824e-09;6.00052e-09;1.77528e-08;1.2413e-08;1.59537e-09;1.01921e-08;1.52186e-08;3.57953e-08;1.04617e-08;8.34971e-08;1.1251e-10;3.00705e-09;5.94399e-09;3.62499e-09;3.1329e-09;8.06145e-09;1.15179e-08;5.33298e-08;1.73197e-07;3.97835e-08;1.52267e-08;8.57688e-09;5.42702e-10;3.27896e-09;1.15917e-08;1.04333e-07;9.40888e-10;8.13029e-09;5.28726e-10;6.56818e-09;6.65287e-09;7.76252e-09;1.17526e-08;6.34718e-09;2.19999e-09;7.97083e-11;2.3258e-09;4.43801e-09;1.07891e-07;2.38884e-08;1.41067e-08;1.24105e-09;7.3117e-09;2.10376e-08;5.93289e-09;4.02232e-09;1.42934e-08;2.99491e-09;8.58362e-09;1.47687e-09;1.59404e-08;4.3954e-09;5.59246e-08;6.88203e-10;1.28579e-08;3.58967e-10;6.06393e-09;7.44388e-09;1.37495e-09;1.97814e-09;2.08865e-09;5.88909e-10;2.56799e-10;8.68608e-12;1.79032e-10;2.1575e-10;6.43354e-10;1.2675e-10;3.53967e-08;2.7947e-09;1.26577e-09;3.24118e-08;2.59765e-09;3.18521e-09;1.65938e-08;2.00247e-10;5.98124e-09;2.03608e-11;1.42499e-09;3.54327e-10;1.22776e-08;3.72498e-07;1.56865e-08;2.67386e-09;1.97133e-08;8.57322e-09;1.1461e-08;8.4607e-10;3.01757e-08;8.3342e-09;2.98912e-09;2.0056e-09;6.55304e-09;3.57542e-10;4.00164e-10;1.21939e-08;2.18574e-10;1.72588e-11;9.39654e-10;2.46571e-08;3.126e-10;3.62627e-10;1.79897e-10;1.9971e-09;5.1122e-10;2.14188e-09;7.02026e-10;6.07056e-09;3.5347e-09;9.73191e-10;1.91457e-09;3.45333e-10;1.30231e-09;1.62087e-05;6.12245e-05;1.20624e-06;0.999085;5.37761e-05;0.000743903;1.92996e-05;1.70243e-07;1.25663e-06;1.65303e-07;1.91445e-06;4.51459e-08;3.7296e-06;3.08969e-09;3.95527e-10;2.82428e-09;1.00529e-08;2.10627e-07;7.31153e-07;1.41426e-08;3.40378e-09;3.93729e-10;1.6746e-08;2.56056e-09;3.94336e-10;3.13968e-09
5.69706e-05;7.04812e-06;3.02212e-05;1.90864e-06;4.03231e-06;3.44544e-05;4.19037e-07;0.000772512;1.16823e-05;1.66702e-05;2.17854e-05;3.20605e-06;2.83371e-07;1.78613e-06;6.3893e-06;7.6321e-05;2.1262e-05;2.26657e-06;1.78133e-05;5.26883e-06;1.55494e-05;3.94625e-06;4.0055e-06;2.96419e-05;2.91367e-05;2.19179e-05;9.07488e-05;1.0226e-05;8.18931e-08;6.41165e-06;6.65875e-07;2.1985e-05;2.33808e-05;7.1446e-06;3.72725e-08;7.13353e-06;2.37125e-06;2.68925e-06;5.6014e-07;0.000153745;2.37796e-06;0.00263484;6.69464e-05;6.3871e-06;9.9891e-05;0.00091742;7.31985e-06;1.04923e-06;1.74752e-05;1.07601e-06;7.30208e-06;1.54992e-05;1.65393e-06;1.18779e-05;6.6052e-06;3.64779e-05;2.91396e-06;5.74141e-06;2.22872e-05;5.38596e-05;9.88023e-06;0.000138355;4.2783e-05;1.56508e-06;3.03525e-06;3.54015e-05;0.000156493;2.11222e-05;5.71208e-06;0.000896763;0.000176603;8.75814e-05;2.30418e-05;7.20293e-06;6.01979e-07;2.31689e-06;6.4997e-06;1.91587e-05;1.13928e-05;1.74843e-05;2.1981e-06;2.23895e-06;4.9377e-05;6.72748e-05;6.58455e-05;3.74769e-05;2.05885e-05;6.17179e-06;7.27785e-06;5.00699e-06;4.96277e-06;4.4424e-05;4.03853e-06;0.000132804;0.00159891;3.28123e-05;1.14981e-06;2.28189e-05;2.77949e-06;7.97516e-07;3.18322e-05;3.76432e-06;1.05753e-05;5.89208e-06;3.62295e-06;2.10648e-07;1.80017e-05;2.93889e-06;1.39536e-06;2.92698e-05;1.28281e-05;4.85457e-06;0.00157572;1.3724e-05;0.00475646;0.722094;0.194986;0.0469447;0.0117121;0.000557131;0.00172759;0.000519057;1.40549e-05;2.32644e-07;3.44673e-05;2.02684e-05;3.63943e-05;5.31448e-05;2.52927e-06;2.99163e-06;2.58097e-05;0.000221256;0.000111379;7.94032e-07;0.000134853;1.49653e-06;2.26347e-06;2.06802e-05;2.91241e-05;1.07165e-05;6.34485e-05;1.0693e-06;5.85796e-05;1.57973e-05;2.06258e-05;1.29317e-05;3.20543e-05;1.28387e-05;1.79626e-06;5.76815e-05;1.94034e-05;5.23817e-05;0.00184346;2.22494e-07;4.08718e-06;2.46047e-06;2.48917e-06;3.97689e-06;2.67656e-05;1.11034e-06;6.24378e-06;5.8137e-06;8.59096e-06;1.34321e-06;1.0515e-05;1.90253e-07;1.08795e-06;7.8147e-06;9.89668e-07;9.59269e-06;2.01694e-06;1.38511e-05;1.9152e-05;8.75851e-06;2.70472e-06;1.29669e-06;1.10315e-06;1.77494e-05;8.77104e-06;1.74358e-05;7.34596e-07;4.06402e-05;1.76852e-06;4.75393e-06;4.69235e-06;2.49003e-05;1.99471e-06;1.98438e-05;1.01841e-05;1.0495e-05;6.52954e-06;4.95279e-06;0.000130088;2.42687e-05;2.52665e-06;4.69309e-05;8.72596e-07;2.5514e-06;4.97673e-06;1.25616e-05;3.43258e-06;2.72898e-06;9.47605e-06;3.96958e-06;0.000279552;5.5474e-05;5.7696e-05;5.4163e-06;4.37649e-06;8.73395e-06;7.14156e-06;7.82945e-05;5.67577e-05;5.76166e-06;4.40992e-07;6.19607e-05;4.5674e-05;8.44907e-05;1.05591e-05;1.25687e-05;2.31429e-07;2.70283e-06;4.05594e-06;3.43085e-06;1.54753e-06;1.13643e-05;0.000111094;3.79716e-05;2.31764e-05;5.44169e-05;1.52387e-05;2.8909e-06;3.68019e-07;1.7551e-05;6.52543e-06;2.68496e-06;6.24156e-07;3.82556e-08;9.17696e-09;2.16985e-06;7.60821e-06;2.35383e-06;7.11881e-06;1.8543e-05;2.26768e-06;1.00195e-07;1.66879e-05;7.38873e-07;3.13213e-05;3.09692e-05;1.19636e-06;9.63148e-08;1.05392e-06;2.93666e-05;8.24812e-06;2.94061e-06;1.6247e-05;2.70954e-06;8.02447e-06;1.8927e-06;5.85373e-05;1.90756e-05;4.19058e-06;1.72297e-06;6.51831e-08;3.48463e-08;4.63311e-06;7.82215e-06;2.82399e-06;6.77724e-06;4.06872e-06;2.84379e-06;1.07521e-09;1.85677e-09;1.51329e-05;3.7514e-07;5.77207e-05;5.20911e-08;1.88431e-06;2.3631e-07;2.18165e-06;9.13507e-05;7.78002e-06;9.71574e-08;3.3924e-05;8.4306e-07;8.23215e-06;9.70601e-08;9.3027e-06;5.86483e-07;9.79326e-06;0.000204866;5.69286e-07;1.92265e-07;1.83395e-05;5.68475e-06;1.56928e-05;7.53987e-08;2.90653e-06;8.55207e-06;1.92137e-06;1.09263e-07;5.03034e-06;1.23775e-07;1.16021e-06;2.63034e-06;1.68345e-07;2.90557e-08;1.79276e-06;1.40617e-05;1.74326e-09;5.16556e-07;1.43216e-07;6.95263e-06;1.70869e-06;9.56286e-06;5.50852e-06;2.26334e-05;6.66279e-05;3.64468e-07;1.85672e-06;4.7673e-06;3.66586e-06;6.10619e-08;3.02785e-05;1.42077e-05;4.78672e-05;7.79626e-06;1.97136e-06;3.14154e-07;8.75111e-07;1.31367e-05;1.55617e-05;9.24586e-07;3.72362e-06;2.86579e-06;5.56793e-06;4.6975e-08;3.55373e-06;1.86854e-05;5.36898e-06;5.43317e-05;2.51544e-06;5.6638e-06;1.18891e-06;2.87413e-05;5.1218e-06;2.79678e-06;1.00216e-06
1.13893e-08;3.55012e-09;4.50452e-08;2.66566e-10;2.22443e-09;9.29296e-09;4.878e-11;1.56311e-08;1.98999e-07;1.74464e-08;1.17055e-08;5.88288e-09;3.90169e-09;2.8505e-09;6.16941e-09;6.16749e-08;8.93256e-09;3.56087e-09;1.81985e-08;8.15905e-09;2.52103e-08;1.03746e-08;8.29897e-09;1.1706e-07;1.93879e-08;9.78133e-08;9.32248e-07;1.81716e-09;6.59758e-10;2.04552e-08;4.08227e-10;1.04789e-09;1.37053e-10;5.72094e-12;2.64248e-09;2.11081e-08;6.98239e-09;6.85421e-09;2.5666e-09;2.0436e-08;1.16319e-07;7.55512e-07;1.57302e-07;9.16287e-10;3.10236e-08;1.07563e-08;8.5638e-09;1.63218e-10;8.17604e-10;6.65534e-10;1.44194e-10;1.93064e-11;5.4408e-10;4.86801e-09;9.62105e-10;1.08482e-08;2.10055e-09;1.17008e-08;8.06081e-08;2.51474e-08;2.8052e-08;8.84373e-08;4.99253e-08;2.28594e-08;3.80741e-09;9.11672e-08;3.10301e-08;1.14568e-08;3.80497e-09;4.9796e-08;4.00449e-08;7.56723e-10;3.72783e-09;1.02338e-07;1.95796e-09;4.16543e-09;2.20429e-09;3.90662e-07;6.57588e-09;1.6187e-08;4.43119e-09;3.32082e-10;2.61029e-09;5.62246e-10;1.53622e-10;1.31088e-09;8.45124e-09;4.19596e-10;8.3479e-10;2.28553e-09;5.65225e-09;3.39007e-08;5.7218e-09;2.1001e-08;1.51585e-10;3.74561e-09;5.25641e-09;4.16246e-09;1.87532e-09;1.19165e-09;3.34504e-09;2.25063e-09;2.89979e-08;7.25534e-10;1.36766e-09;8.98877e-09;1.14248e-09;8.94426e-09;3.10917e-09;5.0775e-09;3.72131e-09;7.25334e-09;5.35911e-09;8.43253e-09;7.42582e-08;1.26102e-07;8.44602e-10;3.1335e-08;2.51762e-09;6.99862e-09;1.37036e-08;6.32694e-09;5.8022e-09;5.89227e-11;1.34226e-08;1.1827e-09;1.51399e-09;8.91848e-11;3.39955e-10;1.3015e-08;3.27342e-09;3.43622e-08;3.85265e-08;6.89519e-09;8.69031e-11;4.00205e-07;1.22235e-08;4.58528e-08;1.25476e-08;1.22332e-08;8.73891e-09;5.63089e-08;5.09835e-09;9.92237e-09;8.72648e-08;2.21818e-08;1.41365e-07;3.24393e-08;2.59269e-09;1.45622e-07;4.22474e-08;1.65742e-08;9.10402e-07;1.22112e-07;5.69273e-08;3.45463e-09;1.59255e-09;5.61415e-09;1.30098e-08;5.39266e-09;1.21199e-08;6.89701e-09;2.14082e-09;1.67235e-09;1.51671e-07;8.658e-09;3.15971e-09;2.49725e-09;8.5195e-09;7.79657e-09;8.37585e-09;1.76774e-08;2.79753e-08;6.59692e-07;7.71907e-09;2.63883e-09;3.95532e-08;1.05539e-08;4.34395e-08;6.08883e-08;1.85585e-08;2.75907e-07;7.59851e-09;2.98661e-07;1.20508e-09;1.85602e-07;7.49306e-08;4.77359e-07;7.0779e-09;6.09436e-08;7.76606e-09;6.36475e-09;3.50495e-08;1.36515e-08;2.40985e-07;2.34212e-08;6.17568e-08;8.74356e-08;4.86096e-08;1.55245e-08;3.27872e-08;1.22787e-09;7.23477e-09;6.91461e-09;1.25802e-07;1.22974e-07;4.99503e-09;2.51652e-08;2.52422e-08;1.10492e-08;1.03413e-09;5.42081e-08;7.8393e-08;5.37441e-09;6.22031e-09;2.13192e-08;1.238e-08;5.02193e-08;4.82721e-10;1.54613e-08;4.18511e-09;3.66913e-09;5.26047e-09;5.99173e-09;5.24303e-09;2.99604e-09;3.64162e-08;1.20328e-08;4.95893e-09;9.01078e-09;7.07091e-08;4.16424e-08;3.87448e-10;1.61073e-09;3.80798e-09;1.91305e-09;1.82544e-09;3.69919e-10;1.67295e-10;6.04447e-09;1.80595e-08;7.30071e-09;6.87384e-09;5.625e-09;2.95729e-09;1.00334e-09;1.61383e-08;1.37502e-09;2.18327e-10;1.06656e-08;1.15577e-10;2.99581e-09;1.61896e-08;4.96003e-08;2.12517e-08;1.13728e-08;9.89977e-09;2.67756e-09;5.21766e-09;2.78129e-09;6.74776e-08;4.44691e-08;2.27743e-10;2.56282e-09;4.34451e-09;1.59431e-09;4.90898e-09;8.97463e-09;2.93921e-09;2.11267e-07;1.76478e-08;7.80176e-08;1.10798e-08;7.81803e-08;0.000105542;1.27438e-05;1.75015e-06;4.36245e-05;0.999413;9.8376e-05;8.25276e-06;0.000213197;1.17315e-05;1.58313e-05;4.27944e-05;2.13111e-05;8.16775e-09;7.21313e-10;1.82505e-09;7.99458e-11;4.11969e-10;1.47066e-10;3.12931e-10;6.78945e-11;1.11172e-08;9.59198e-09;2.94038e-08;1.87546e-08;2.55067e-09;6.64023e-09;2.66767e-09;2.93308e-11;2.9408e-08;2.10687e-09;4.28812e-10;1.27998e-10;7.2754e-11;4.91618e-10;4.0241e-09;1.35409e-08;5.62694e-12;5.08325e-09;1.56991e-10;2.08327e-08;3.08914e-08;4.61473e-08;1.24591e-08;2.72741e-07;5.40132e-11;2.84559e-09;1.27555e-09;2.19904e-08;1.62579e-08;8.23483e-09;8.81724e-09;8.29636e-09;1.60799e-10;7.11313e-10;1.78906e-09;7.84412e-10;1.0692e-09;2.6124e-08;1.33308e-08;4.69827e-08;3.70536e-09;5.69085e-09;4.31157e-08;4.60002e-08;2.05941e-09;1.48668e-08;4.37808e-09;3.92763e-10;4.6137e-09;1.07734e-09;4.56785e-10;2.31096e-08;1.41914e-08;1.40501e-09;1.00169e-09
8.98482e-07;0.000173813;3.46991e-05;8.49771e-06;1.27665e-06;4.20004e-05;7.14119e-06;0.00011932;1.26187e-05;1.10041e-05;7.84878e-06;2.70193e-06;9.95371e-08;5.71841e-06;2.66637e-06;7.37883e-06;2.00013e-05;1.48171e-06;3.56106e-05;3.04929e-06;1.53184e-05;1.28658e-06;2.29707e-06;0.00014271;2.988e-07;9.49287e-06;5.71193e-05;1.57914e-06;6.35259e-07;2.57602e-05;7.2613e-06;1.10218e-05;1.51371e-07;7.69112e-10;3.90464e-07;7.29255e-07;1.57193e-06;4.27833e-06;1.19165e-07;4.173e-09;5.29518e-07;0.00230833;0.000775628;1.61482e-06;6.30895e-06;4.08397e-06;3.7177e-07;7.3111e-07;7.47671e-06;5.72289e-06;5.12503e-05;7.3165e-07;4.4129e-08;8.6288e-05;1.38153e-06;2.45292e-05;4.74372e-06;3.57376e-06;3.50081e-05;8.28377e-06;4.17213e-06;3.09773e-07;1.18039e-06;1.04336e-05;1.04091e-06;0.000134876;1.37153e-05;8.0588e-06;1.37934e-06;5.9585e-06;3.05804e-06;5.53993e-07;1.67212e-06;9.44239e-07;6.73372e-07;2.17251e-06;1.72728e-06;4.41165e-05;3.57651e-06;2.26872e-06;2.71664e-06;1.08087e-06;3.01534e-05;2.34615e-06;5.29727e-06;2.13538e-07;2.75573e-07;2.8354e-08;3.45566e-07;1.66794e-06;2.03155e-06;5.75791e-06;8.16194e-07;3.8395e-06;2.91957e-07;4.59909e-07;1.29081e-06;4.48612e-07;1.85752e-06;5.63928e-07;3.16665e-06;4.95076e-06;4.90623e-06;1.10276e-06;2.00555e-09;1.72316e-06;2.19162e-07;2.41484e-06;1.63542e-06;3.34545e-06;5.66259e-05;5.2836e-07;1.17322e-06;4.68144e-06;2.59357e-05;5.3786e-05;3.0939e-06;1.2226e-06;1.67231e-06;4.15986e-05;6.26095e-05;2.32574e-05;0.000234648;4.44974e-08;8.25323e-07;7.19599e-07;1.40691e-06;1.7323e-07;8.48266e-09;8.39208e-06;1.18466e-06;1.60496e-06;9.32456e-07;4.97501e-07;7.36749e-08;1.273e-05;5.7077e-06;3.23718e-05;5.52048e-06;8.48654e-07;4.14252e-06;3.61179e-07;7.82391e-07;1.23326e-06;0.000128136;0.00025039;1.82575e-05;3.53026e-06;2.41837e-06;2.47353e-05;8.48796e-06;1.04157e-06;6.09779e-07;1.4826e-07;4.8525e-05;2.23559e-06;6.51633e-06;2.77659e-05;2.36727e-05;9.4917e-06;5.32435e-06;1.36558e-06;3.20116e-06;4.21487e-06;1.75938e-05;5.32677e-06;6.3985e-05;9.123e-05;3.48204e-06;2.4437e-06;7.95283e-06;2.78714e-05;1.79877e-05;2.97432e-06;9.66165e-07;7.33175e-08;1.73721e-06;4.92483e-06;2.27891e-05;5.20702e-05;1.02483e-05;6.35751e-06;2.72712e-05;9.89865e-06;2.50228e-07;2.07353e-07;5.9169e-06;0.000695137;1.70642e-05;2.67844e-06;1.02559e-05;7.32452e-06;8.18846e-05;4.20259e-05;0.000244052;5.94569e-06;8.03825e-07;2.5163e-06;0.000277238;5.02765e-05;9.36715e-05;2.45089e-06;2.8682e-06;2.36642e-06;4.95155e-06;3.05482e-06;2.17687e-07;6.39453e-06;5.336e-06;7.47242e-06;1.2195e-05;4.16678e-05;2.40628e-05;6.91354e-06;2.31351e-06;8.15933e-06;2.55488e-05;3.85737e-05;4.03474e-06;1.47792e-06;4.41979e-06;1.91274e-06;2.83227e-06;2.87135e-06;3.39618e-06;7.32186e-07;4.74344e-06;2.1948e-06;1.68967e-05;1.41496e-06;1.95573e-06;6.08719e-06;5.19462e-06;0.000202622;1.3497e-05;0.00015501;3.15418e-05;1.3061e-06;3.2627e-06;1.57499e-06;6.18342e-06;3.22924e-05;5.66186e-06;1.87766e-05;2.75307e-06;1.25846e-06;5.1148e-06;1.11173e-06;6.37806e-07;1.98704e-07;4.81097e-09;2.51294e-06;7.17752e-07;1.99956e-06;1.69159e-06;4.66355e-06;6.1934e-07;1.60479e-07;1.54092e-06;2.16158e-06;3.4835e-05;1.20405e-05;0.000363143;1.85389e-08;9.13186e-06;2.97415e-07;2.59049e-06;1.53813e-06;5.92249e-07;3.74369e-06;2.64859e-06;1.91572e-06;0.00197529;0.00436645;0.101884;0.0595392;0.0350493;0.0441329;0.0306192;0.236543;0.00114411;0.0134058;0.0867149;0.364377;0.0081958;0.00235092;2.16066e-05;2.39463e-06;3.96679e-05;6.47698e-06;7.44699e-07;8.61763e-07;1.43526e-10;7.89974e-08;2.99855e-07;7.28022e-07;2.8794e-06;4.27157e-07;1.20175e-07;7.35776e-08;8.03451e-07;9.31494e-08;1.65126e-06;6.43733e-06;8.25406e-05;3.09141e-07;6.7798e-08;3.21314e-05;1.35823e-06;1.08609e-05;3.49721e-07;3.43635e-05;1.38802e-05;5.77733e-06;4.01958e-05;0.000110042;9.9885e-05;1.98752e-05;4.56939e-07;1.10726e-07;2.28953e-07;2.84521e-06;1.10163e-06;4.95433e-05;1.0471e-06;3.98213e-06;3.37322e-06;0.000232983;1.04869e-05;1.00057e-05;8.01756e-06;4.55422e-05;4.68996e-06;2.50243e-07;2.41089e-06;2.32949e-06;3.07039e-05;5.0659e-08;4.92131e-06;2.60523e-06;9.30989e-06;1.90943e-07;1.13041e-07;1.87049e-05;3.84233e-07;1.34252e-05;2.75837e-06;7.64173e-06;1.07319e-08
2.89191e-08;2.49206e-08;5.00103e-08;4.96027e-08;5.17446e-09;2.89498e-07;1.6692e-06;5.2245e-07;1.21169e-07;9.72685e-08;6.83909e-06;1.57148e-06;7.55413e-09;5.10362e-08;2.19042e-08;5.67536e-07;2.03715e-08;2.95654e-08;7.16909e-08;2.73803e-08;7.08203e-08;1.23792e-09;3.17091e-08;9.12574e-08;1.74109e-08;1.29596e-07;1.2753e-07;1.32037e-06;8.89758e-10;8.22516e-08;8.82151e-09;1.24793e-05;3.23742e-07;4.31888e-08;1.95417e-08;2.1146e-08;1.50798e-08;1.92391e-08;3.3412e-08;1.27708e-09;8.98102e-09;1.2469e-06;2.78432e-07;1.03471e-08;8.54238e-08;7.08322e-08;2.6519e-09;8.08825e-06;5.58616e-05;6.69868e-05;0.509073;0.00137598;0.000666687;0.472822;0.0152438;0.000446065;0.000135641;5.69534e-08;4.66936e-08;2.54132e-07;1.28451e-07;9.55333e-09;3.1658e-08;2.30685e-07;1.07767e-08;5.10659e-06;5.82501e-07;2.89154e-07;2.55466e-09;4.78164e-08;6.58219e-09;2.95091e-08;9.32978e-08;4.17018e-09;7.1127e-11;3.53794e-08;3.06392e-08;4.81231e-08;4.71934e-08;1.86666e-08;2.0246e-08;1.72153e-08;9.05202e-08;9.77736e-08;2.76153e-07;1.45847e-07;6.82753e-09;2.13787e-08;1.58891e-07;1.10515e-07;1.84345e-08;1.30201e-07;2.7082e-08;2.35971e-06;4.95104e-07;2.31579e-07;1.06467e-08;1.2307e-07;1.21835e-07;6.58231e-09;9.1386e-09;4.49658e-09;1.74009e-07;6.52063e-08;2.96264e-10;7.88679e-09;3.5724e-09;2.49378e-08;1.31278e-08;9.48287e-07;6.13103e-08;1.35579e-07;2.96056e-08;3.00643e-08;1.10756e-07;3.26054e-08;6.91954e-08;1.79595e-07;1.19415e-08;1.84303e-07;3.67677e-07;8.92038e-08;9.27121e-07;5.45057e-12;1.39417e-10;4.63191e-09;1.13335e-08;1.42727e-09;7.28377e-10;5.06683e-08;2.93096e-08;7.59317e-08;2.17517e-08;2.07451e-08;1.41383e-08;2.28109e-06;2.62076e-08;1.33182e-07;1.18489e-07;7.46464e-07;6.47782e-07;5.35481e-08;7.75568e-08;7.87267e-08;7.29765e-06;9.14987e-06;2.67008e-07;3.68814e-08;2.0132e-08;2.00998e-07;5.83214e-07;2.89525e-10;2.47224e-07;3.40872e-09;6.43287e-08;1.55625e-08;3.958e-08;1.84441e-07;1.5698e-07;1.42556e-08;2.19672e-08;3.89663e-08;1.00454e-07;1.48505e-07;2.19838e-07;1.10395e-08;3.22348e-06;2.32948e-06;2.75105e-07;3.66397e-08;6.45988e-08;2.6781e-07;1.58205e-07;7.59096e-07;2.47687e-07;7.60475e-09;4.28646e-09;1.52837e-06;8.19474e-07;4.06572e-07;8.56245e-09;5.16518e-08;6.76535e-08;3.38617e-08;1.58223e-08;3.13371e-09;4.67618e-08;1.42143e-06;5.91899e-07;2.76763e-08;8.11742e-08;2.20339e-08;2.3235e-07;7.79736e-08;5.23533e-08;1.68642e-08;1.47715e-08;1.10165e-08;3.99359e-07;1.5975e-06;9.58904e-07;7.73768e-08;8.02859e-08;5.85169e-08;5.05306e-07;1.95546e-07;6.34284e-08;2.04738e-07;4.57634e-08;6.96446e-08;7.74695e-07;7.50644e-07;3.37668e-07;2.99749e-08;1.60158e-09;1.0815e-08;9.52194e-08;7.92331e-08;3.21448e-07;3.35413e-09;9.42194e-08;1.95421e-08;4.00146e-08;2.93642e-08;6.34811e-08;3.77469e-08;6.25529e-08;6.43024e-08;4.65314e-07;6.36911e-07;9.86551e-08;7.91283e-07;2.99645e-09;8.33167e-08;4.51005e-08;1.83067e-07;3.78683e-08;2.44338e-08;4.00924e-10;2.10734e-08;3.01559e-08;4.27884e-09;1.86277e-08;6.90576e-08;3.12881e-08;4.05239e-09;5.72044e-08;4.04737e-08;8.41683e-07;1.7643e-07;1.81077e-08;1.11893e-07;1.74412e-08;8.04952e-08;5.60821e-08;1.41108e-07;4.97212e-08;2.9429e-08;2.04962e-08;2.20131e-08;8.87925e-08;2.9047e-07;4.00194e-07;1.01214e-08;8.3191e-07;4.16345e-09;1.61941e-08;2.05933e-08;1.3196e-08;6.83963e-08;3.03542e-08;6.19518e-08;1.9967e-09;1.71866e-10;1.12053e-08;9.00066e-09;8.11814e-09;2.9394e-09;1.59915e-08;1.62945e-08;1.5295e-08;1.2199e-08;9.7291e-07;1.5898e-09;3.36575e-09;8.1143e-09;2.87385e-07;9.6531e-11;5.95597e-09;8.99292e-09;1.60042e-07;7.89019e-09;5.61181e-11;5.64304e-10;2.0625e-08;2.0323e-08;3.15772e-08;6.84905e-10;5.96927e-09;8.52125e-09;3.20615e-08;3.03333e-11;1.57645e-09;1.04977e-09;9.30009e-07;5.87687e-09;3.52616e-11;3.18638e-09;1.39782e-08;1.49725e-08;2.73806e-09;1.06063e-06;2.36389e-09;3.67265e-08;9.52181e-09;9.76703e-08;3.90196e-07;7.20279e-10;3.57857e-06;9.0405e-07;3.35373e-09;1.33715e-07;6.71406e-08;8.85545e-11;2.74471e-09;5.66378e-08;3.67984e-08;5.8469e-08;2.09282e-08;2.83894e-08;8.96407e-09;4.19024e-09;1.21955e-08;1.97209e-08;8.81639e-09;4.11295e-09;3.95735e-07;2.59534e-08;4.12155e-08;6.14337e-08;3.5743e-06;4.03426e-08;2.42431e-09;4.92905e-08;1.62402e-08;1.40877e-07;8.95349e-07;6.08675e-08;1.62602e-09
9.7881e-07;6.23917e-09;4.98658e-08;8.06182e-09;3.74564e-09;3.9515e-09;3.00129e-08;2.12642e-08;1.03241e-06;1.17609e-07;2.02118e-07;3.04288e-07;2.09301e-05;1.51863e-07;7.52293e-08;4.14492e-06;5.54684e-07;7.15754e-08;1.87825e-06;4.61832e-08;3.41728e-07;2.45424e-08;3.07627e-08;9.62517e-08;3.43224e-07;1.20773e-07;7.92085e-06;1.88147e-07;3.48025e-09;1.4925e-08;1.5923e-08;1.09693e-07;2.19264e-07;7.91149e-06;8.60716e-05;1.12409e-07;2.05867e-08;3.41556e-08;2.60579e-07;7.33862e-09;7.35483e-09;6.77362e-08;3.11655e-09;4.84523e-10;1.33281e-10;2.19179e-09;1.10871e-10;7.57363e-09;9.07595e-08;3.96024e-08;9.56956e-08;1.85739e-09;3.87223e-09;2.47096e-05;3.63394e-08;1.27852e-07;1.53191e-07;2.88176e-07;1.3337e-07;6.46329e-07;1.30318e-06;1.25613e-07;8.9344e-08;5.34696e-06;3.57912e-08;2.31188e-06;1.4491e-07;1.27354e-07;3.8098e-09;2.30048e-08;2.44774e-08;3.52455e-08;5.27844e-07;2.14991e-06;2.14517e-06;5.40548e-08;1.74582e-07;2.51924e-07;1.22861e-06;3.82242e-07;5.1576e-08;4.08919e-09;9.0255e-09;5.83996e-08;7.17156e-08;2.5012e-07;5.52375e-08;6.77704e-06;3.60977e-07;3.60192e-07;1.34079e-07;8.25491e-07;1.76977e-07;6.99477e-07;9.32321e-06;1.83044e-06;5.917e-05;8.63171e-07;1.34884e-06;1.8216e-09;8.40055e-09;1.98277e-08;3.31164e-07;1.43665e-07;3.16815e-08;1.14508e-05;1.43873e-08;6.58356e-08;4.36182e-08;1.40736e-06;1.54476e-08;3.09992e-08;3.86123e-08;9.16559e-08;4.30728e-08;9.57313e-07;1.26267e-06;2.23983e-08;2.79907e-06;3.30682e-08;6.6076e-08;1.39623e-08;3.36125e-07;7.48366e-11;1.75273e-09;1.54033e-09;2.07937e-06;4.57862e-08;6.9616e-09;1.08563e-05;3.23677e-08;5.84732e-06;6.39603e-08;2.27997e-08;3.59563e-08;2.85132e-08;7.76309e-09;1.2292e-07;5.41661e-07;6.1593e-08;7.07771e-08;3.49432e-07;1.55326e-06;1.68379e-07;1.6153e-07;8.55384e-07;9.16543e-08;4.3715e-07;7.58718e-09;2.06545e-08;6.47314e-07;5.05674e-09;9.73937e-06;6.77663e-08;2.04908e-05;2.60965e-08;3.07741e-09;2.05418e-07;4.57714e-08;1.3495e-07;3.86553e-08;1.01995e-07;3.07754e-07;4.27365e-06;7.61795e-08;2.16545e-06;9.47007e-09;9.21015e-07;1.42286e-07;1.16885e-07;3.71948e-08;1.47594e-07;3.98922e-08;6.1892e-08;1.70885e-06;4.27674e-08;3.91158e-07;1.45729e-09;3.49886e-07;2.7691e-08;3.11868e-09;7.44338e-09;4.77918e-08;4.66364e-08;3.26775e-07;1.75583e-08;6.12563e-07;1.61313e-07;1.84243e-07;2.41361e-07;1.36124e-06;2.33505e-08;1.04044e-07;1.16742e-08;1.91824e-07;6.74687e-08;1.35944e-07;3.52214e-07;3.29255e-07;5.42672e-07;1.62934e-07;3.21988e-07;2.6725e-07;9.43277e-07;1.51871e-07;7.89965e-06;1.38529e-06;1.93102e-05;1.67737e-07;7.62482e-08;2.30483e-08;1.2214e-07;2.32999e-07;1.66403e-07;8.20441e-09;6.76869e-08;8.76766e-08;4.07416e-07;6.14459e-07;3.52114e-08;9.49944e-05;5.96261e-08;6.43093e-07;8.97315e-08;2.91233e-07;8.82479e-08;4.08128e-07;2.42878e-07;2.14935e-07;5.59786e-06;8.65265e-07;4.18072e-05;1.74649e-09;4.09931e-08;9.20052e-08;2.05105e-08;1.61239e-07;7.60494e-09;8.21373e-06;1.70132e-07;5.48605e-07;2.76076e-08;1.77617e-07;1.37569e-08;6.21352e-08;4.36734e-07;1.06471e-05;2.94034e-05;0.083455;0.117655;0.0257898;0.771678;8.45855e-06;4.81701e-05;4.18773e-06;0.000453545;0.000120672;0.000161987;6.54088e-08;4.22614e-09;1.72945e-09;4.38431e-08;3.04139e-08;2.94996e-08;1.33144e-07;1.16353e-05;3.03852e-08;8.33415e-08;2.92409e-08;2.27571e-08;5.21621e-08;4.93445e-08;6.86986e-08;4.46365e-11;3.46301e-09;4.02446e-09;4.44304e-08;4.53923e-10;1.15925e-09;6.91666e-08;2.27553e-08;4.43864e-09;1.16489e-06;2.83762e-09;7.48986e-09;2.45337e-08;1.25669e-07;2.79385e-11;9.8507e-10;1.43824e-09;1.50527e-08;1.62001e-08;3.39868e-11;2.02289e-06;3.46586e-08;2.26713e-07;7.08372e-08;2.18385e-08;4.10406e-06;4.71085e-08;6.10898e-08;1.92646e-11;9.29137e-09;1.18983e-08;9.87708e-08;5.62374e-08;1.23086e-08;2.11255e-07;5.25803e-08;3.0006e-08;2.39638e-09;2.96989e-06;4.28644e-09;3.7131e-08;1.72862e-09;3.91541e-09;2.96644e-08;1.52277e-09;3.37586e-09;1.02648e-08;2.32454e-06;4.94849e-08;1.46867e-07;1.45237e-08;1.31882e-08;2.60746e-07;2.24918e-08;7.40595e-07;6.96071e-08;2.57991e-09;2.44383e-09;2.01342e-08;2.57119e-08;7.05109e-07;6.87152e-08;2.15642e-08;7.90399e-06;4.79952e-06;2.6659e-08;7.79782e-08;1.08862e-07;4.27084e-08;3.62214e-09;6.81908e-06;4.39787e-09;2.57308e-08;1.92804e-07;1.37e-07;1.3676e-07
9.18459e-06;2.84071e-06;1.07481e-05;1.50249e-06;2.53773e-06;5.34854e-05;3.75444e-07;4.03984e-07;4.22812e-05;3.9011e-06;6.43552e-07;1.59855e-07;2.01808e-08;2.0965e-06;2.08087e-06;2.15442e-05;4.91215e-07;1.12541e-06;1.43159e-05;1.64555e-06;7.19868e-07;2.114e-06;7.54273e-07;4.77333e-06;0.000108431;1.28687e-06;1.11759e-06;6.37593e-08;4.96239e-08;9.04681e-07;1.82759e-07;7.59194e-07;6.53901e-06;1.20946e-07;9.78373e-08;2.92933e-06;5.07524e-07;1.2722e-06;4.32378e-06;6.43006e-06;8.39567e-07;1.56831e-05;2.76245e-05;3.1798e-07;1.87691e-06;5.35727e-06;4.52422e-07;3.88055e-07;1.99285e-06;7.99373e-08;1.79176e-06;0.000145999;2.64719e-07;6.46866e-08;5.60331e-07;1.17576e-06;5.91118e-06;9.44662e-07;5.24685e-06;2.94299e-05;8.39348e-06;4.09141e-07;3.06849e-06;2.09283e-06;3.40189e-07;0.000136041;2.93501e-06;9.98855e-07;3.86828e-08;3.72488e-07;5.72595e-07;1.94155e-07;9.84411e-07;2.93085e-08;1.85199e-09;4.30574e-07;4.03579e-07;2.26255e-06;4.72131e-06;4.45182e-06;1.27512e-06;3.16032e-08;9.43345e-08;3.653e-06;3.90427e-05;6.87148e-07;3.27145e-08;7.53278e-08;1.54051e-05;5.3427e-06;3.95318e-06;6.06441e-06;2.77369e-06;1.76078e-06;1.109e-05;5.77574e-07;3.37639e-07;2.50226e-05;2.10977e-05;6.24428e-09;7.65212e-07;1.54025e-07;4.99144e-06;0.000148365;2.63215e-05;1.15321e-06;2.87987e-07;3.14076e-06;3.15819e-07;8.76029e-07;6.89789e-05;2.25758e-06;1.09329e-06;2.76942e-06;7.48697e-07;9.25463e-08;1.32073e-05;1.50382e-07;1.47679e-06;3.16077e-07;1.04872e-06;6.32006e-06;2.93173e-06;1.75273e-11;4.80532e-09;5.95702e-09;3.05946e-08;1.66078e-05;2.78183e-08;3.25492e-09;7.86406e-07;5.11181e-05;6.59218e-07;1.29788e-07;4.52619e-05;1.46283e-09;1.24587e-07;5.90549e-07;1.24936e-05;1.03774e-05;2.1624e-06;3.299e-06;3.4694e-08;4.6441e-06;1.17017e-07;0.000348625;1.48015e-06;4.31007e-05;2.7492e-06;8.57861e-06;1.35885e-05;8.08707e-06;7.84669e-05;1.28925e-06;2.64884e-07;5.94943e-07;8.19405e-07;0.000459324;7.3359e-06;1.66867e-06;2.46078e-06;3.7777e-06;2.1785e-05;8.96292e-05;2.57671e-06;3.67156e-07;3.09836e-05;1.12929e-05;1.42266e-06;4.95303e-06;3.51057e-06;9.28394e-06;1.2716e-05;1.35207e-05;3.32197e-05;8.38493e-07;5.8909e-07;3.0811e-07;0.000283395;4.67314e-06;5.96984e-07;3.01588e-06;5.71463e-06;7.00703e-06;6.59312e-06;2.64825e-06;7.19431e-07;6.77224e-06;0.000313539;4.29808e-06;8.28845e-05;6.59908e-05;0.000249766;0.000102415;0.304558;0.116321;0.00334322;0.00440868;0.548025;0.0144525;0.00371496;9.42679e-07;1.6762e-06;2.28007e-06;2.20991e-06;3.93258e-05;1.05093e-05;1.46045e-05;4.23389e-06;1.81278e-06;2.22803e-06;9.4897e-07;4.54143e-05;1.35312e-06;1.7437e-07;2.98435e-06;1.25258e-06;1.75158e-05;0.000124922;2.60493e-09;2.37829e-08;4.3433e-07;1.53536e-05;7.3833e-07;8.33983e-06;5.41385e-06;6.73065e-06;8.8373e-06;4.93174e-06;3.61528e-05;3.03449e-06;2.27614e-06;6.9212e-08;3.55655e-06;1.59648e-07;2.8149e-08;3.97937e-05;3.70701e-07;5.37859e-07;2.31544e-06;1.01146e-05;2.08602e-05;0.000402509;4.36653e-06;7.4337e-07;4.90978e-08;1.6152e-06;5.75324e-07;1.76731e-06;3.22588e-07;4.20423e-07;6.37025e-07;1.0759e-06;3.03481e-05;1.68171e-05;5.86424e-05;1.21983e-05;8.78536e-06;1.11127e-06;1.10909e-07;6.92742e-07;2.12347e-06;7.13308e-07;1.32602e-07;4.03548e-08;3.24467e-08;1.10745e-06;1.57366e-06;4.23497e-06;9.80243e-08;5.7916e-06;3.2183e-06;2.88025e-12;2.17605e-09;1.68212e-07;8.62735e-08;6.88484e-07;0.000105994;4.34298e-08;1.01658e-09;4.11133e-06;2.59184e-06;8.77799e-06;1.26655e-06;7.32129e-05;4.22409e-06;3.09472e-06;1.11673e-09;2.6993e-08;7.69818e-08;3.67119e-08;5.31432e-08;1.37686e-09;3.15191e-08;1.83981e-06;1.26121e-05;1.5254e-06;8.97659e-09;3.196e-06;1.27386e-06;6.21204e-07;2.50171e-10;2.89451e-09;1.28111e-07;3.72488e-08;6.34602e-08;1.63479e-08;1.41868e-10;2.36655e-06;2.08092e-06;1.92906e-07;5.36925e-05;4.89949e-07;2.41144e-06;1.43068e-07;2.45267e-06;5.20478e-06;1.74434e-07;2.77898e-06;8.3404e-07;2.60453e-07;2.72863e-05;1.7955e-05;7.87717e-06;8.59809e-07;6.38255e-06;2.18113e-09;2.13494e-05;1.20683e-05;5.5729e-07;1.66896e-07;9.26026e-06;6.39304e-06;8.76979e-07;3.94881e-06;5.97099e-05;1.10338e-05;1.03864e-06;4.89463e-07;9.93561e-06;3.83881e-09;8.61155e-08;2.00013e-06;1.278e-08;4.9512e-08;3.50359e-06;3.42386e-06;7.0489e-07;6.20539e-07
7.3793e-05;2.83864e-06;8.01673e-06;5.30808e-06;1.9088e-05;0.000199988;6.96843e-07;3.2437e-06;2.14014e-06;1.22579e-06;2.1725e-09;2.31148e-08;2.17616e-08;4.93708e-07;3.13313e-07;3.221e-06;7.33104e-06;2.14231e-07;2.65178e-06;1.76372e-06;9.52372e-07;3.02661e-07;9.85245e-07;4.51309e-05;5.41718e-05;8.5853e-06;6.25562e-06;4.33204e-08;3.74054e-09;1.22951e-07;5.70533e-08;9.66563e-06;0.000288721;4.54148e-09;1.52594e-07;1.27947e-07;1.19177e-07;3.85959e-07;4.90527e-07;3.72942e-08;3.99866e-09;5.34186e-07;9.89293e-07;2.09484e-08;3.42549e-06;3.95892e-06;3.22507e-08;7.34136e-09;8.75956e-08;3.5204e-08;8.38899e-07;3.35163e-09;5.19709e-08;1.03321e-06;5.38599e-09;9.34706e-08;1.2436e-06;1.52661e-07;3.26299e-06;2.85621e-06;1.0351e-05;1.55722e-07;6.24172e-07;1.02358e-06;2.74472e-07;2.75133e-06;1.66428e-06;4.3401e-07;3.45731e-08;2.9218e-06;9.66272e-07;7.36034e-08;7.94201e-07;7.79848e-07;1.28536e-08;1.46473e-07;4.03844e-07;3.66749e-07;2.57707e-06;6.20906e-07;2.89506e-07;3.90604e-09;2.00029e-06;6.46854e-07;1.12428e-06;4.65663e-06;3.02439e-07;3.42298e-07;7.92671e-07;1.01466e-06;5.65509e-07;6.25562e-06;1.54637e-06;1.27457e-07;1.51712e-05;4.06971e-06;2.98304e-07;1.60126e-06;4.56579e-06;4.93677e-09;1.38849e-06;4.77334e-07;0.000371875;0.000253637;4.51779e-06;1.51585e-05;1.11299e-07;1.49418e-06;8.38354e-08;6.91023e-06;7.19764e-05;3.33537e-06;2.03981e-08;9.51357e-07;8.3482e-07;2.31754e-07;1.57164e-06;2.90883e-08;2.44051e-06;3.98715e-08;7.01149e-07;2.16378e-07;1.80927e-06;9.64323e-10;2.49269e-07;7.68264e-07;1.21019e-05;5.95527e-05;2.07374e-07;9.68037e-07;5.15194e-08;1.70031e-05;5.25254e-07;2.91827e-07;4.64786e-07;5.36841e-07;1.35481e-07;8.21271e-06;1.25536e-06;4.39382e-07;8.42957e-06;2.94333e-07;3.69769e-07;5.39397e-07;1.58277e-07;1.61504e-05;3.77591e-07;1.41723e-06;1.29275e-07;1.71977e-05;3.1108e-06;2.86666e-07;5.86693e-06;8.52296e-07;8.04696e-07;1.1069e-07;1.37674e-08;5.61884e-06;1.50338e-07;4.38711e-07;6.52249e-07;4.86035e-07;1.78132e-06;7.94347e-05;1.16228e-06;2.5996e-07;6.74071e-06;8.84065e-06;2.32225e-06;7.9458e-07;1.14397e-06;3.60287e-06;3.05787e-06;4.68374e-08;7.96538e-06;2.31425e-07;1.4188e-06;2.56421e-07;4.69709e-06;1.20707e-06;1.8941e-07;4.83826e-06;8.3758e-06;1.00802e-06;3.76414e-05;8.29298e-07;1.24426e-05;1.07735e-05;5.50049e-06;2.25619e-06;4.51029e-07;3.79414e-08;2.44648e-06;3.98228e-07;7.26628e-06;1.379e-05;2.80215e-06;8.82187e-07;2.14811e-06;1.38039e-06;3.49482e-06;9.92145e-08;3.2416e-07;1.11153e-07;1.37157e-08;9.06733e-07;1.48946e-07;2.14802e-07;1.00517e-07;4.04673e-07;8.51378e-09;1.40778e-07;6.97805e-07;7.21893e-07;1.57712e-07;7.25041e-06;3.43715e-06;6.1323e-06;4.20951e-06;1.7874e-07;8.91518e-06;1.3383e-07;3.23277e-06;2.95722e-07;9.88841e-07;1.29454e-06;2.95224e-06;1.58954e-06;6.76593e-07;4.8092e-06;3.75108e-06;1.10486e-06;4.8737e-08;4.17415e-06;9.22655e-07;7.88995e-07;0.000369788;7.08342e-08;1.54307e-05;9.78707e-07;2.87691e-06;3.25369e-06;6.46096e-06;1.35886e-06;2.49567e-07;1.908e-08;9.12301e-07;1.08329e-06;9.67147e-08;4.50678e-06;5.49184e-08;2.39764e-07;5.34541e-08;7.57828e-07;1.2846e-06;1.80591e-06;2.91411e-06;8.24333e-08;4.61919e-07;3.54658e-08;3.74538e-06;4.20796e-06;1.13756e-05;2.82674e-06;4.70143e-08;4.72544e-07;2.37465e-07;5.51237e-07;8.12767e-07;3.09655e-07;1.92309e-06;1.20768e-06;5.85835e-11;1.75113e-09;1.05926e-06;2.08474e-08;7.31404e-07;8.98949e-06;9.25712e-08;2.05747e-06;4.87429e-08;5.34948e-07;1.08134e-07;5.44148e-10;5.92762e-08;2.49195e-07;6.04871e-07;1.27806e-09;1.24126e-07;1.58561e-08;1.88355e-07;1.68819e-06;1.55801e-08;3.49632e-08;4.31748e-07;5.02993e-06;4.82191e-07;3.50859e-10;1.4722e-06;3.64347e-07;2.30589e-07;6.52947e-10;1.43478e-08;1.45658e-08;7.58252e-09;8.21008e-08;4.97686e-08;9.65499e-10;5.10899e-08;6.73137e-07;1.85692e-08;1.52495e-07;4.43546e-09;2.11498e-07;1.27883e-08;2.1192e-06;1.3151e-07;6.57604e-10;3.27103e-07;7.81705e-09;5.9596e-08;9.96448e-07;2.97978e-07;0.0125607;5.98345e-05;2.65744e-05;0.0630008;0.0019352;0.0014924;0.914846;3.9379e-05;0.000306185;2.80417e-05;0.000428512;3.47299e-06;0.00174071;5.62656e-06;0.000982722;3.12299e-08;1.71836e-05;6.60244e-09;1.36947e-09;6.60605e-08;7.37881e-08;2.41386e-09;2.81776e-06;3.59425e-07;3.501e-09;4.28894e-08
1.57248e-06;6.40041e-07;6.6401e-06;2.61165e-06;8.67269e-06;2.88551e-06;7.68168e-06;0.000108879;5.34145e-07;3.89832e-07;2.61016e-06;3.11216e-08;9.51105e-09;4.26207e-07;4.65209e-07;3.44484e-07;0.000106199;1.25372e-07;2.04265e-05;7.52882e-06;0.00017838;1.15351e-06;2.12304e-07;7.1727e-06;7.12588e-06;1.53759e-06;3.67067e-07;5.56918e-08;1.76834e-08;2.0788e-09;1.27354e-08;3.35723e-08;4.27196e-06;3.68173e-06;3.68794e-09;5.69682e-07;8.67967e-08;3.17155e-07;1.96474e-07;7.07921e-07;2.22621e-08;4.86667e-07;3.90292e-06;1.80576e-08;2.56681e-06;4.82981e-06;2.96838e-08;4.48108e-07;2.65281e-08;7.18933e-10;8.7281e-08;3.20573e-07;2.07096e-06;8.51042e-06;4.09818e-10;6.5687e-08;1.72357e-07;2.19247e-06;6.81094e-07;4.6847e-06;0.000103546;4.01015e-06;2.86724e-06;1.36022e-07;1.45271e-07;9.77341e-07;2.06067e-07;1.05223e-06;8.99555e-07;3.25025e-06;1.00981e-06;1.62879e-06;5.09854e-07;6.78117e-07;3.26803e-07;2.20403e-07;2.49763e-07;3.47505e-06;3.33574e-07;1.78676e-06;7.65654e-08;1.32764e-08;3.87819e-07;7.19207e-07;4.48985e-07;1.27003e-06;4.44812e-08;6.62288e-07;3.10464e-07;5.47797e-08;1.25292e-06;1.47508e-07;8.76899e-08;1.67933e-08;1.85255e-07;7.23214e-07;2.75576e-10;7.05668e-07;1.7809e-07;1.62916e-09;3.20108e-07;2.84652e-08;4.87624e-06;1.71588e-05;9.08809e-06;1.40756e-08;4.02815e-08;2.2046e-07;1.12724e-07;6.90514e-07;6.26069e-07;5.78165e-07;2.52912e-08;5.70843e-07;1.37656e-06;1.46176e-07;4.47151e-06;4.55585e-07;1.10758e-07;6.37161e-08;4.99553e-07;1.91741e-08;3.68679e-07;4.75996e-09;5.07462e-08;3.84125e-08;7.10693e-07;1.01945e-06;1.1557e-06;5.956e-09;1.36158e-07;3.46418e-07;4.69433e-08;1.17255e-08;1.24081e-07;3.56955e-09;5.26275e-06;4.71315e-06;1.71375e-06;3.08555e-06;3.73749e-06;1.86069e-05;7.91793e-06;4.40772e-07;6.90884e-06;1.5402e-05;3.26726e-07;4.04689e-07;1.56474e-06;1.02618e-06;6.13788e-07;5.54107e-06;6.48599e-06;5.31838e-06;3.05042e-07;6.77669e-08;4.38226e-07;9.45832e-07;1.09698e-07;3.3181e-07;2.24648e-07;1.08263e-07;8.49141e-06;9.60316e-08;1.68582e-06;9.00389e-08;4.95148e-07;5.12515e-07;2.69376e-07;6.45583e-08;1.4022e-06;4.02307e-07;9.45512e-07;3.00024e-08;9.71423e-07;2.2225e-07;9.99423e-07;4.62669e-08;3.11693e-08;1.51217e-06;7.58865e-08;9.07196e-08;1.15198e-08;5.07371e-07;9.41716e-06;1.30553e-07;3.22242e-07;7.27843e-07;1.13228e-07;1.3173e-07;7.95579e-07;4.96423e-07;5.09147e-07;3.0565e-06;1.78954e-06;1.18867e-05;2.14968e-08;1.14208e-07;5.30371e-08;2.01738e-07;1.09537e-07;8.80909e-07;9.17354e-07;2.76564e-07;9.2486e-06;1.02441e-06;4.72787e-05;4.56785e-07;7.39919e-07;2.77502e-07;9.51265e-08;1.04359e-07;4.41481e-07;1.71555e-07;1.05746e-07;5.73397e-08;1.69636e-06;5.40147e-06;8.11011e-07;1.9896e-07;3.47627e-08;1.73167e-07;6.51925e-07;1.59294e-07;5.50057e-07;1.0959e-06;9.54067e-07;5.08477e-07;2.97679e-07;2.83247e-05;7.36227e-06;1.18978e-07;0.000479251;0.00251428;0.000417181;0.00247143;0.043195;0.947109;0.000203547;3.58853e-06;7.98278e-07;0.000295452;3.93531e-05;0.000447559;1.67335e-07;4.89934e-08;3.50942e-08;1.06701e-06;4.49329e-06;5.20553e-07;2.9665e-06;2.76531e-08;3.44094e-08;2.39511e-07;1.7293e-07;1.16115e-07;5.65279e-07;3.479e-07;6.59406e-07;2.51352e-07;2.95333e-07;4.88462e-07;2.07204e-06;3.18715e-07;2.25703e-07;2.20137e-08;2.21652e-07;2.60669e-07;4.11663e-08;1.49148e-06;2.26218e-07;2.60433e-07;7.89461e-12;3.51155e-08;3.63828e-07;6.82749e-09;2.62068e-05;1.5953e-05;9.01615e-06;8.52641e-10;8.51579e-08;3.41665e-08;1.48667e-07;1.38074e-08;1.98267e-07;4.05364e-08;5.24338e-07;6.56332e-08;2.12654e-07;3.70763e-08;4.3845e-05;3.36508e-06;1.52896e-06;1.38832e-09;2.29998e-07;1.06214e-07;2.15767e-07;4.28945e-08;2.11046e-06;7.25336e-07;1.40469e-07;7.81484e-08;1.44937e-07;1.184e-07;4.19695e-05;1.17007e-06;5.3294e-05;2.63513e-09;5.56483e-07;5.59249e-07;7.28133e-06;1.99251e-06;2.17687e-08;4.17256e-07;1.21911e-07;1.75391e-06;1.0479e-06;1.53362e-07;6.97867e-05;1.50597e-07;8.72199e-07;6.10002e-06;8.86715e-07;0.00153149;4.8953e-08;1.96162e-07;1.266e-07;1.32807e-07;3.91858e-07;1.56063e-08;4.45012e-06;1.22765e-06;7.79418e-07;9.27727e-08;8.65829e-08;2.24263e-06;1.76571e-05;4.91629e-06;1.79233e-07;4.9758e-08;1.77807e-09;1.16638e-08;3.7222e-08;7.3375e-07;1.36315e-08;3.21805e-07;2.34761e-08;5.3649e-10;3.99587e-07
9.93083e-08;3.5694e-08;5.22966e-10;4.14758e-11;1.28316e-09;3.14148e-10;1.82058e-10;1.46329e-09;2.94794e-10;1.44591e-10;2.05928e-09;5.01419e-10;6.3237e-12;2.47599e-09;4.21651e-10;5.5903e-08;8.90578e-10;1.76873e-10;6.34119e-10;7.72241e-10;1.33913e-09;1.18139e-08;2.94577e-10;2.38297e-07;9.80412e-10;6.61304e-12;3.36785e-10;2.94543e-08;6.27982e-09;3.55387e-12;6.45111e-12;4.07371e-09;4.65553e-11;6.93112e-13;8.03042e-13;7.88988e-09;1.75066e-10;1.11609e-10;5.77873e-09;2.49496e-11;1.56683e-11;9.57329e-11;1.94439e-09;6.22258e-11;6.47472e-10;4.36131e-10;3.5455e-10;9.06608e-07;9.05325e-11;5.14293e-12;1.62921e-07;3.97452e-10;2.05359e-10;3.42412e-11;1.21553e-09;3.9718e-10;2.60047e-10;3.41838e-07;2.33297e-10;4.57522e-10;2.46477e-06;4.45967e-10;3.82599e-10;1.19396e-09;1.83458e-10;4.34156e-08;5.80983e-10;3.72719e-10;1.11896e-08;9.49646e-12;1.70113e-11;2.18184e-09;3.61771e-12;2.47619e-13;5.33164e-14;1.77797e-10;5.6991e-10;5.40037e-09;2.82019e-11;2.29899e-11;1.13128e-10;2.04971e-08;2.5213e-10;3.24607e-10;8.38197e-08;1.29036e-09;3.92864e-12;2.41168e-11;5.21172e-09;6.97984e-11;1.09898e-07;4.22042e-10;1.81432e-10;2.98429e-07;5.22486e-10;8.23485e-11;4.30703e-12;2.79174e-09;3.04423e-10;2.29165e-08;4.50084e-11;1.04806e-10;2.11108e-06;3.63793e-09;8.84247e-11;2.02713e-11;1.10003e-07;3.74975e-10;3.85949e-10;9.39802e-09;1.34402e-10;1.04999e-09;6.10173e-09;1.02128e-09;9.50184e-11;9.82075e-08;3.04858e-11;3.44594e-11;8.458e-13;2.06577e-09;2.03537e-10;2.13276e-10;4.90185e-10;4.42613e-08;1.49981e-11;2.6319e-11;1.21327e-06;2.41326e-11;5.56079e-12;6.25987e-13;9.26599e-08;1.03642e-09;5.73009e-11;1.97877e-08;3.67951e-11;2.27045e-11;1.00959e-07;1.77295e-10;1.12915e-10;4.43282e-09;7.30406e-11;3.91461e-11;1.8221e-12;1.27135e-08;4.28519e-08;3.13617e-10;8.19463e-11;7.82651e-10;4.30172e-07;6.73927e-09;2.57493e-10;2.92119e-07;6.26739e-11;1.24231e-11;9.5825e-13;2.10841e-10;5.70863e-10;5.53761e-11;4.1891e-12;6.12215e-08;5.58636e-10;1.86239e-10;2.76574e-07;2.34422e-10;5.83956e-11;5.63697e-13;6.41957e-09;2.14271e-10;1.03325e-10;1.98616e-10;1.44131e-07;8.98047e-11;1.41085e-10;6.43675e-08;3.33339e-11;5.69582e-12;5.20851e-12;4.6543e-09;1.05316e-10;7.73139e-10;1.47322e-08;4.48061e-11;1.61138e-11;2.62342e-09;5.65671e-11;5.89078e-13;4.47276e-12;3.52655e-09;2.74278e-10;5.16273e-10;2.72045e-09;1.58479e-07;3.90201e-10;1.83205e-09;1.73234e-06;1.97573e-09;1.03834e-10;6.83041e-11;6.7155e-09;1.84447e-10;7.76084e-10;1.16238e-07;4.22703e-10;2.03307e-10;3.15921e-06;3.60617e-10;1.34513e-10;3.75207e-10;1.90603e-07;8.02369e-10;1.89361e-09;1.30436e-10;5.93578e-10;3.25054e-10;2.07975e-08;8.8303e-12;2.68956e-10;1.18717e-07;1.13087e-10;5.60598e-14;1.32006e-12;2.27504e-10;4.07849e-09;1.42947e-10;1.94408e-10;1.58056e-07;2.58673e-10;4.65249e-10;2.89017e-07;4.81227e-09;2.7005e-10;4.45903e-12;2.04772e-08;3.2469e-11;4.80005e-11;2.75861e-08;9.99566e-11;1.44893e-11;4.33524e-12;2.62052e-09;6.54369e-11;1.98245e-08;1.86414e-10;6.75598e-11;2.20595e-10;7.38103e-08;7.01005e-11;6.6742e-11;1.35428e-06;2.03198e-11;1.20833e-12;3.54787e-12;6.92784e-09;3.63006e-11;2.65849e-11;3.01709e-09;1.65556e-11;1.66318e-11;4.35887e-10;1.86564e-08;5.85776e-10;9.76369e-10;1.05431e-06;5.19046e-10;1.74197e-10;5.87225e-13;1.90835e-09;1.72972e-10;7.13476e-10;6.74433e-08;4.86503e-10;4.32212e-10;2.15812e-15;1.59622e-09;2.06358e-11;1.39705e-11;1.70527e-06;4.18077e-11;8.83711e-12;2.21128e-14;2.62722e-07;3.00713e-11;3.65704e-11;3.51023e-09;1.45109e-10;1.88412e-11;3.7062e-10;2.68408e-09;1.89296e-12;1.01752e-12;4.51483e-06;1.42464e-11;6.89236e-12;5.80557e-15;1.17894e-07;4.55602e-10;1.45187e-10;2.36866e-08;4.34245e-10;1.13571e-11;1.33233e-10;7.61951e-10;1.22961e-12;2.6867e-12;1.85975e-08;2.47352e-12;2.16473e-12;4.51944e-16;6.30336e-09;8.81568e-11;3.58041e-07;1.49393e-10;1.71244e-13;1.98364e-08;5.9928e-05;2.0378e-07;1.77048e-07;0.999791;1.05767e-05;5.53084e-07;1.39045e-07;0.000110957;1.94092e-07;3.3769e-10;7.97466e-09;1.18583e-10;3.08527e-09;6.01661e-12;9.00131e-11;5.89225e-11;3.86921e-08;2.43397e-10;1.16403e-10;7.26365e-08;8.1095e-11;8.01043e-11;1.27206e-09;7.24603e-10;7.72058e-08;1.62693e-11;4.10357e-07;2.75522e-11;2.95364e-12;1.38277e-12;5.7514e-08;8.08986e-10;1.44239e-10;1.04436e-09;6.017e-11
4.26269e-10;3.30726e-09;2.3446e-09;1.76671e-10;2.06649e-08;2.51407e-09;7.33215e-10;7.90863e-09;5.54768e-10;4.38705e-10;1.25758e-09;3.60649e-10;5.87241e-09;7.21368e-10;4.60389e-10;6.73972e-10;3.84632e-08;2.28101e-10;3.01422e-08;1.27915e-09;4.14716e-09;7.33768e-10;4.91675e-10;4.5207e-09;2.68113e-10;7.0277e-10;1.05156e-07;0.999996;4.35628e-10;3.35607e-10;8.31807e-10;1.33051e-10;1.11075e-10;7.71447e-10;4.32149e-08;3.45888e-10;3.14225e-10;3.48951e-10;4.32894e-09;1.3208e-09;2.42677e-09;3.7251e-07;7.29307e-07;4.17776e-09;1.76669e-08;6.03316e-08;1.01813e-08;4.28944e-09;1.29725e-08;1.34843e-09;3.09021e-07;2.70435e-09;6.03396e-09;7.84138e-10;1.94537e-10;3.67993e-09;6.54338e-10;9.6814e-10;1.97757e-10;8.73338e-11;2.18412e-11;1.41085e-10;7.15222e-10;4.18222e-09;5.90948e-10;4.3299e-10;4.98178e-10;8.27733e-10;1.87475e-10;2.96121e-10;1.08134e-09;7.03389e-11;5.70179e-10;1.74759e-09;1.83361e-08;4.57558e-10;1.41239e-09;1.15427e-09;3.85173e-10;1.97589e-10;4.00972e-10;7.77539e-09;3.56375e-08;2.09719e-09;2.26461e-07;4.00242e-08;2.73889e-08;1.29222e-07;5.50194e-09;2.19223e-10;8.6949e-10;1.74126e-09;4.67657e-10;5.55383e-10;4.84782e-10;4.63689e-10;1.14945e-08;1.54306e-09;9.87752e-10;5.25631e-09;1.40241e-09;5.08629e-10;5.39282e-09;1.99466e-09;3.57341e-11;8.98781e-09;7.95631e-09;2.90923e-10;3.9479e-10;7.67795e-09;3.99521e-10;6.67924e-09;1.26741e-08;7.49723e-10;1.79604e-09;1.14117e-09;3.18832e-10;1.12886e-08;1.50551e-08;2.60333e-08;2.72048e-09;1.7119e-09;2.35946e-09;2.08862e-10;1.43281e-10;1.10592e-09;1.61711e-10;6.68745e-10;5.99709e-11;4.4981e-10;3.28712e-10;8.15205e-10;1.53764e-10;2.33739e-10;1.12327e-10;5.86746e-11;1.98218e-09;8.21964e-10;2.84292e-10;4.10633e-10;2.78686e-10;1.24053e-09;1.30931e-08;1.27788e-09;5.30972e-10;1.29699e-09;4.09734e-10;2.48351e-09;1.1871e-09;6.11825e-09;2.55754e-10;3.97025e-10;3.66696e-10;1.57602e-10;2.85178e-09;3.64058e-10;5.54024e-11;5.52885e-11;1.1275e-10;1.22737e-09;1.04454e-09;6.83071e-10;2.18723e-09;3.44706e-09;8.11307e-10;1.37958e-09;8.64533e-11;3.30418e-09;4.15668e-10;2.39851e-10;1.00698e-09;9.19029e-10;1.19369e-10;5.98434e-10;4.52501e-10;3.22479e-09;2.46981e-09;5.09309e-11;1.72201e-09;7.59637e-10;1.03214e-09;6.04739e-10;1.49364e-10;2.28041e-09;7.02354e-10;1.01565e-10;1.20021e-08;1.27191e-09;8.14584e-10;6.20427e-10;1.28949e-09;2.5158e-09;2.92845e-09;6.41254e-09;1.22027e-09;4.82797e-10;6.16252e-10;1.66816e-08;8.63164e-10;2.68023e-10;2.47137e-10;1.00454e-09;6.52311e-10;4.47694e-10;2.59014e-10;1.61081e-10;9.26825e-10;2.2432e-09;6.02235e-10;1.45819e-09;2.7263e-10;3.98544e-10;9.4776e-11;7.68498e-10;1.22024e-10;1.55781e-09;1.79829e-10;8.02951e-11;4.33588e-11;1.77778e-11;1.48731e-09;2.25127e-10;8.39504e-10;3.98735e-10;3.81676e-10;2.42085e-09;5.52031e-10;1.41836e-09;2.3111e-08;3.29239e-09;3.20339e-09;5.08416e-09;3.63995e-11;1.08272e-10;6.49856e-11;1.67833e-10;2.91806e-10;1.14044e-10;8.03441e-09;3.20018e-10;2.69902e-10;6.24016e-10;8.35065e-11;1.37243e-10;5.09937e-10;6.73258e-10;2.35132e-10;5.92522e-10;1.18371e-10;6.79337e-11;1.30552e-10;8.42731e-09;3.39849e-10;2.42815e-10;1.38452e-10;4.53753e-10;2.76004e-10;2.23217e-11;6.06493e-10;6.67094e-10;1.29815e-09;1.13677e-09;8.61385e-10;2.71978e-09;5.01753e-10;2.92616e-07;1.09422e-09;9.55956e-10;1.64137e-09;6.72455e-10;3.0259e-10;9.95368e-11;4.60941e-09;8.84554e-11;6.69107e-11;2.42376e-10;2.81646e-10;4.94632e-11;3.13136e-12;1.38165e-09;5.22298e-10;5.06394e-10;7.60719e-10;1.8197e-11;1.80952e-11;1.08358e-11;9.86407e-10;1.01868e-11;5.75768e-10;9.49815e-11;4.74805e-11;1.00059e-08;1.11124e-10;1.15734e-07;2.67526e-09;4.24207e-10;1.03107e-09;4.00878e-10;3.9484e-09;6.03731e-10;3.4358e-10;1.42611e-10;1.65915e-10;1.61203e-10;2.32242e-09;8.54418e-11;1.39487e-11;6.3442e-10;8.37302e-10;4.64494e-10;6.00712e-07;1.16556e-10;8.77021e-11;1.63286e-09;3.86017e-09;4.42394e-09;3.1389e-10;5.17349e-10;4.75253e-09;2.98142e-10;1.61221e-08;2.7022e-09;8.84921e-10;2.38062e-10;6.14364e-09;2.80208e-09;7.08786e-11;2.66975e-11;8.77809e-10;3.01074e-07;5.20607e-09;2.50712e-09;1.59505e-10;6.2829e-10;6.57795e-10;1.15155e-10;1.4405e-07;3.20089e-09;2.89979e-09;2.90723e-10;3.15819e-09;2.23543e-10;1.9089e-10;1.92364e-07;2.53705e-09;3.8922e-09;2.33193e-10;1.47298e-09;8.79825e-10
1.10954e-08;3.31755e-06;1.09166e-05;4.48371e-07;2.29691e-06;1.49484e-06;1.22291e-06;9.06109e-07;1.3358e-07;7.23011e-08;8.73863e-07;4.78205e-08;2.01342e-10;2.5657e-08;3.94898e-08;4.6344e-08;1.31482e-06;2.9035e-08;8.21446e-08;3.34095e-07;2.14114e-07;6.23099e-08;7.55537e-08;2.25546e-07;3.81191e-08;6.09096e-07;2.42908e-06;4.30922e-07;9.43643e-09;3.81016e-07;3.25085e-08;1.60458e-09;4.81757e-10;6.56477e-09;4.30003e-08;1.76653e-08;3.37602e-08;2.58135e-08;2.16936e-08;2.87888e-08;5.0259e-09;2.17566e-07;2.62013e-08;1.70476e-09;2.61712e-07;1.2516e-07;4.07528e-09;3.55041e-05;0.0142297;0.0130965;0.966141;0.00149224;0.00365893;0.0005567;0.000431842;0.000100364;7.93935e-05;2.60845e-07;9.34788e-08;1.98187e-07;5.34542e-08;1.69522e-08;1.15127e-07;9.63374e-08;1.95919e-08;2.55224e-07;9.90889e-08;1.00391e-07;2.81145e-08;4.73317e-07;1.29003e-06;7.88054e-09;2.79938e-07;1.93318e-08;2.05984e-08;3.0813e-08;1.77364e-07;2.00933e-08;7.88527e-08;1.30456e-08;2.43572e-08;3.39518e-08;5.60151e-06;8.61407e-07;5.80664e-08;1.2819e-07;1.58995e-07;2.5811e-08;7.00358e-08;2.77082e-08;6.39738e-08;3.68528e-06;1.86398e-08;2.52924e-08;1.07339e-07;3.85085e-07;2.01786e-07;3.5089e-08;1.94365e-08;1.91577e-08;7.17175e-06;8.38605e-07;8.32555e-09;2.60402e-07;5.1547e-09;6.77931e-09;5.31115e-08;3.57934e-08;2.26033e-08;1.66179e-07;2.97692e-07;1.1514e-08;4.23482e-07;6.13531e-08;1.19676e-07;9.7437e-09;4.8838e-08;3.48277e-08;8.42337e-08;3.93721e-08;1.89543e-07;5.49258e-09;6.11398e-08;1.73272e-09;3.95498e-06;3.97132e-06;5.70336e-08;3.6604e-08;2.9947e-09;1.66743e-08;2.94105e-08;6.27526e-07;4.38838e-07;2.53907e-09;1.76655e-08;1.18416e-09;5.95703e-08;6.85194e-06;1.17396e-06;5.68844e-07;1.91993e-07;5.62406e-08;2.43754e-06;2.11829e-07;3.03532e-07;1.01033e-06;4.8707e-08;7.42675e-08;6.9551e-08;4.12077e-06;6.25547e-07;2.34497e-08;8.28007e-07;4.11037e-08;1.90675e-07;7.02447e-08;1.75665e-09;2.55806e-08;3.57498e-08;1.11922e-07;6.9154e-07;1.94431e-07;1.87459e-07;1.87971e-06;1.46054e-07;7.71593e-08;4.84933e-08;5.40297e-07;2.95215e-08;2.6432e-08;4.53747e-08;1.07046e-06;1.42013e-07;1.51849e-08;3.09684e-08;3.40747e-08;1.3548e-08;1.06068e-08;2.13649e-08;3.86994e-08;5.7812e-08;2.68048e-07;7.64156e-07;3.14551e-07;3.69521e-08;6.15219e-07;2.51554e-07;3.78395e-07;1.27893e-07;1.0276e-07;1.65891e-07;4.21908e-07;1.32481e-05;1.82936e-06;5.12028e-08;1.45258e-06;5.27244e-07;1.21081e-07;3.11136e-07;1.50016e-07;4.35461e-08;5.82674e-08;1.62039e-06;2.01803e-07;1.39765e-06;3.30541e-07;2.52998e-06;4.29427e-08;1.79425e-07;1.68593e-06;1.80696e-07;1.01954e-06;2.05516e-07;1.13034e-07;3.97547e-09;1.4375e-05;2.58558e-07;1.05383e-07;4.00078e-09;5.23897e-09;3.28237e-09;1.68855e-08;6.37273e-08;3.82802e-08;6.56368e-08;4.0675e-08;3.68746e-07;2.25207e-06;1.85313e-07;1.58712e-08;6.63348e-08;1.17881e-08;9.34721e-09;2.0308e-06;5.05648e-08;3.72625e-07;8.60204e-08;5.15525e-09;3.09437e-09;2.41007e-08;3.96711e-08;7.73258e-08;2.40942e-08;1.23066e-08;2.9401e-08;1.11313e-08;3.50549e-07;3.71099e-07;1.08009e-08;8.76109e-10;1.51807e-11;8.81396e-10;4.26969e-08;2.47329e-07;6.859e-08;1.88865e-09;4.00859e-08;5.0659e-09;1.12403e-07;5.00737e-09;4.22721e-07;9.8567e-07;8.92343e-08;1.42609e-09;2.75961e-08;2.23563e-10;2.34367e-08;4.8807e-08;1.96119e-08;3.10045e-09;4.82189e-08;7.06736e-10;6.86365e-07;5.98419e-10;2.24986e-08;4.24617e-08;1.64105e-10;7.77847e-12;2.71219e-10;1.00134e-08;1.57655e-08;1.02588e-07;7.9751e-08;1.816e-10;5.92499e-08;1.20098e-09;2.75162e-08;1.16748e-08;2.88601e-06;1.41886e-06;3.88709e-08;2.17908e-08;3.58386e-10;2.0086e-08;4.78458e-08;1.81571e-08;2.25311e-07;2.22754e-09;1.24253e-07;3.32431e-08;7.36624e-08;3.23804e-07;3.75069e-06;6.16152e-07;2.9252e-07;2.64716e-08;5.15792e-10;4.46969e-08;3.51719e-08;3.74806e-07;3.13636e-09;1.8719e-09;1.91755e-09;2.21467e-07;7.05588e-08;1.30654e-05;2.57292e-07;5.39157e-07;2.29688e-07;1.93805e-07;7.92346e-09;2.8773e-08;1.61311e-07;2.05914e-11;6.1074e-08;8.58697e-08;3.10661e-08;4.46414e-10;1.07657e-08;2.33575e-09;5.18602e-08;9.72302e-08;3.18426e-08;2.35176e-09;1.86192e-08;3.98267e-09;2.396e-08;8.77788e-10;1.47848e-07;8.35156e-08;5.17429e-06;1.37778e-08;4.13307e-08;1.27838e-10;2.22546e-08;4.93064e-06;1.37114e-07;5.04043e-09;3.98537e-08
4.85518e-07;1.20706e-06;2.33443e-06;1.1786e-07;1.64942e-08;5.80975e-09;7.82778e-09;8.2447e-07;5.95611e-07;6.92127e-07;5.04311e-08;1.11029e-08;1.14505e-05;1.99525e-07;1.73721e-07;3.00051e-05;2.92293e-06;1.76481e-07;4.6951e-06;2.40028e-06;1.31809e-06;1.09798e-05;3.76523e-07;1.14376e-05;5.68967e-07;7.97892e-07;4.19704e-05;9.19433e-07;2.29601e-07;3.8069e-06;2.63249e-08;6.03601e-06;1.10555e-09;6.40759e-10;1.6636e-05;1.12461e-06;1.27965e-07;1.86421e-07;9.71783e-07;1.28997e-07;1.95785e-09;1.91919e-05;2.09988e-06;1.58461e-07;8.88176e-07;1.23523e-05;1.13296e-08;7.28266e-08;7.1825e-07;1.79791e-07;4.76555e-06;1.41973e-09;4.82238e-09;0.000178331;4.56371e-07;1.30836e-06;2.40799e-07;7.38717e-07;1.36852e-06;1.16204e-06;1.5345e-06;9.10067e-09;1.34595e-06;5.80699e-06;2.1819e-07;1.09463e-05;8.27413e-07;2.28036e-06;4.55255e-07;9.12678e-07;1.91055e-06;3.39981e-06;8.24587e-07;1.08874e-07;1.41369e-05;1.5137e-07;1.35442e-06;5.99785e-07;4.0714e-07;2.00184e-06;1.20977e-07;4.16829e-07;7.42446e-06;1.70615e-06;1.17209e-05;2.55644e-07;9.69004e-08;0.000130144;6.93419e-06;4.29588e-07;1.51773e-06;3.45413e-05;4.90616e-07;3.86482e-06;3.51682e-08;5.06899e-06;0.000122346;7.64407e-07;4.90402e-07;2.63787e-08;3.8039e-07;7.56948e-08;1.06587e-06;4.78316e-09;1.77777e-07;7.13121e-06;2.45285e-07;1.44648e-07;1.52971e-07;1.04063e-06;1.20412e-08;2.00199e-08;0.00436653;2.27154e-06;0.000330618;0.903932;0.0280133;0.00333258;0.052813;0.00407396;0.00025035;4.92296e-05;3.06307e-07;3.07701e-08;1.48142e-05;2.79578e-07;0.000653237;2.07003e-09;2.97904e-08;1.6616e-05;1.00743e-06;2.08543e-05;4.05302e-06;9.66119e-09;7.67322e-09;3.81458e-08;2.7413e-06;3.55823e-05;1.01443e-05;9.60391e-05;1.12057e-06;3.32285e-07;0.00022836;8.85422e-06;4.98221e-06;1.02399e-05;8.10164e-07;7.03203e-07;2.19481e-07;1.62022e-06;1.07582e-06;3.81237e-06;1.81306e-06;4.91442e-09;3.11557e-05;2.36437e-07;1.12565e-07;3.20692e-09;6.40584e-08;1.81684e-06;2.07428e-06;2.6757e-07;7.97431e-06;8.71624e-07;7.1091e-09;5.01824e-06;1.44999e-06;3.36465e-07;3.62414e-07;1.80396e-07;1.71683e-06;1.06888e-06;3.86559e-07;3.39132e-06;1.88569e-07;4.25349e-06;2.44399e-05;3.27651e-07;9.12487e-08;1.1728e-06;1.62052e-07;5.41242e-07;5.56741e-07;5.42549e-06;2.72391e-08;5.41586e-07;4.42318e-06;1.23191e-05;9.20989e-08;3.16597e-07;2.98801e-06;6.62313e-07;2.76189e-06;1.17683e-07;1.45217e-06;2.58994e-07;3.89996e-07;2.47308e-05;3.3744e-06;1.96316e-07;1.19148e-07;4.25495e-06;1.45566e-05;1.84731e-06;0.000120628;1.81236e-05;4.21679e-05;0.000112102;7.35092e-06;6.62996e-06;2.77078e-06;1.96944e-06;2.20152e-06;1.88684e-06;9.86881e-08;8.80087e-06;9.4331e-07;4.05865e-05;1.74244e-07;1.55444e-07;3.08163e-05;1.20057e-07;1.83284e-06;2.56632e-07;4.30678e-07;2.33373e-06;2.15232e-06;1.61553e-06;2.04852e-06;5.34859e-08;6.34379e-06;2.85032e-06;7.94004e-08;3.76475e-06;2.01562e-07;6.8946e-07;3.61912e-08;2.86562e-10;0.000161797;6.19549e-07;1.4476e-06;1.30376e-07;1.31251e-07;1.58017e-08;2.68005e-07;3.47437e-08;1.18203e-06;5.24443e-08;1.23568e-05;1.01583e-10;8.1426e-10;9.1299e-07;5.19105e-07;1.75658e-06;1.1592e-07;5.07231e-08;1.1351e-07;9.91847e-08;1.44655e-06;5.70635e-07;8.11214e-06;5.29962e-06;2.62009e-05;2.94478e-07;7.82324e-07;4.20346e-05;8.15293e-07;3.34007e-07;5.87234e-07;1.01113e-06;2.91291e-07;6.81332e-07;1.29641e-06;1.3756e-09;5.99994e-07;5.08854e-08;6.3934e-08;1.98247e-09;1.53577e-10;1.5472e-07;5.59023e-07;1.22013e-05;3.40664e-07;9.07495e-11;2.71362e-09;1.7657e-09;2.619e-07;1.66293e-08;1.5485e-07;3.25501e-07;1.69264e-06;1.27439e-08;1.62052e-09;3.34815e-07;1.78636e-06;1.4988e-06;1.26467e-06;2.56193e-07;2.40699e-06;7.86475e-07;2.40164e-07;1.77439e-09;2.57454e-07;2.26738e-08;4.86531e-08;8.12737e-11;5.37406e-11;1.31394e-06;1.84859e-07;1.586e-07;3.94788e-10;1.38644e-09;1.05241e-09;2.7251e-06;8.46144e-08;3.25337e-06;6.96316e-07;7.64787e-06;2.05315e-08;1.23847e-08;1.35631e-06;4.27963e-06;3.6266e-06;6.1555e-09;8.93043e-07;6.01434e-07;1.43177e-05;8.08704e-08;5.79743e-08;1.23009e-07;5.60819e-07;4.34075e-06;7.15129e-07;2.78273e-06;1.28656e-07;3.55679e-08;2.02384e-07;1.27001e-07;1.56374e-06;3.92936e-07;3.39079e-08;2.81355e-09;1.26249e-08;2.58297e-08;1.67547e-08;7.09376e-06;5.13596e-07;2.58501e-07;2.20396e-09
2.24156e-13;2.4778e-13;9.97817e-13;2.78374e-13;5.65213e-12;1.92305e-12;7.60386e-15;2.69588e-11;7.85329e-11;1.53745e-11;4.75392e-11;2.53589e-12;1.97954e-10;1.93022e-12;8.6392e-12;7.22196e-11;1.93553e-12;4.72698e-12;2.6707e-11;4.26761e-11;8.1832e-13;6.34478e-11;2.98103e-12;3.89143e-13;1.23192e-11;2.27942e-11;4.8491e-11;5.84329e-12;2.42404e-12;5.86168e-12;4.07988e-13;3.79084e-14;6.8866e-13;1.19104e-10;9.00436e-15;9.38383e-11;4.98364e-12;1.00755e-11;5.57865e-12;1.46971e-12;9.07205e-11;1.39234e-12;7.89196e-11;3.74652e-13;2.30619e-12;1.66998e-10;1.68966e-11;2.23178e-12;2.46792e-13;5.48155e-15;1.1815e-14;1.0422e-12;1.28191e-09;1.07072e-12;2.50169e-13;3.4258e-12;2.60374e-12;4.06731e-11;4.6656e-11;3.28403e-11;3.99884e-11;1.45637e-10;5.20908e-08;3.3624e-13;2.54066e-12;1.54477e-11;3.63998e-12;3.09962e-10;1.63051e-11;9.72782e-12;4.75114e-12;1.67329e-11;4.12733e-11;3.78741e-09;9.46176e-14;2.74416e-12;1.85582e-12;6.82523e-11;2.3728e-12;1.09137e-09;6.24118e-12;7.40176e-12;7.6038e-13;8.45258e-13;3.07659e-12;2.38602e-13;6.1814e-09;1.33883e-13;9.69741e-12;8.95382e-12;2.98531e-11;3.17956e-11;3.12727e-12;5.34471e-11;4.20693e-13;3.07176e-10;4.12151e-13;7.88986e-13;8.73586e-12;1.19326e-11;1.06146e-12;6.14079e-13;2.02282e-11;4.38166e-11;1.37499e-08;1.4421e-12;1.30474e-11;6.74853e-12;8.27479e-12;1.96724e-12;5.58496e-12;1.10358e-10;3.05158e-10;8.25659e-12;8.59764e-11;2.90768e-12;2.63798e-13;1.63111e-09;2.15478e-13;2.43277e-11;1.2656e-11;3.43853e-11;7.2535e-12;8.26295e-12;5.28718e-12;1.92442e-13;1.01685e-12;1.66678e-11;4.43817e-09;2.36478e-13;2.2529e-12;4.83516e-12;3.47016e-12;2.97817e-14;1.71205e-13;1.64347e-10;5.30722e-11;1.48843e-10;2.13508e-11;1.98904e-10;1.20867e-10;1.06132e-09;5.19992e-12;7.65708e-11;4.67402e-13;4.09216e-11;3.85079e-10;1.37295e-10;1.88475e-11;2.31121e-11;3.74021e-12;7.94455e-11;5.81881e-12;1.32575e-08;6.95173e-15;6.97664e-12;7.29454e-11;4.19831e-12;1.38901e-11;7.61172e-12;2.97311e-11;4.86586e-12;5.65073e-12;8.47646e-12;1.57216e-09;1.0042e-12;4.46058e-12;9.58065e-12;3.91901e-11;1.562e-11;1.74402e-10;1.66985e-11;6.02488e-11;3.3961e-09;2.87072e-10;1.22779e-06;4.7433e-11;9.76139e-11;5.15141e-10;4.8972e-10;2.10958e-11;7.05713e-11;1.90601e-13;8.42002e-11;1.01001e-10;1.06318e-08;1.35739e-13;1.2945e-11;8.99104e-12;1.25018e-11;1.01558e-09;5.86831e-11;6.51895e-11;3.65773e-11;2.78048e-08;1.57016e-10;2.3753e-08;6.96719e-11;2.29236e-10;7.08271e-11;6.02977e-11;3.80957e-11;5.28643e-11;2.42576e-11;2.21125e-11;3.17814e-10;1.0066e-08;9.42897e-12;6.42391e-11;1.21083e-11;3.36993e-11;1.69026e-11;5.09864e-10;2.75931e-11;1.0714e-11;1.63816e-12;6.75696e-12;1.6621e-12;3.2617e-11;6.97633e-09;2.36505e-14;4.20119e-12;3.23819e-11;3.7633e-12;1.31947e-11;7.36403e-11;1.36066e-11;9.12667e-12;4.44132e-11;2.99078e-12;1.08048e-08;1.87254e-13;2.13956e-12;1.02295e-12;1.14027e-12;2.51176e-14;2.39649e-12;7.46075e-11;6.78424e-13;1.39329e-11;1.38254e-11;1.71987e-12;4.16587e-12;1.52114e-11;3.41564e-12;3.45631e-12;1.28879e-11;2.49772e-12;3.094e-12;2.11561e-14;4.36637e-09;7.04851e-13;3.02514e-11;3.03647e-11;1.43165e-11;8.43606e-12;3.45775e-11;1.01396e-11;1.81837e-11;2.2373e-11;1.15768e-10;2.41774e-11;2.33329e-12;2.76983e-13;1.10774e-08;1.0383e-12;8.55859e-12;5.83432e-12;3.73369e-12;1.28619e-09;2.2478e-11;3.39667e-09;3.56981e-12;1.27681e-09;8.12357e-08;1.76106e-08;6.83911e-09;3.83269e-07;0.99998;8.96475e-12;7.54974e-09;2.06559e-08;3.19177e-09;3.74933e-09;9.50274e-07;1.71563e-05;2.33407e-11;5.15727e-12;2.15027e-14;3.1353e-13;1.14867e-13;1.35259e-14;1.41756e-11;3.61144e-16;6.73595e-13;5.73134e-12;5.91402e-12;8.07747e-14;2.10009e-12;3.39825e-12;3.96975e-12;1.37882e-13;3.41724e-12;1.07597e-12;6.98161e-15;4.04039e-14;4.29206e-09;6.07657e-16;6.46201e-12;5.78755e-12;5.30164e-17;7.35878e-12;7.07801e-10;3.51447e-10;3.39736e-11;2.89874e-11;3.12264e-11;1.15267e-10;4.98199e-15;1.29468e-09;4.35133e-14;1.70874e-10;4.91688e-11;5.17732e-13;3.04734e-11;9.72668e-12;5.78017e-13;5.55831e-13;1.50668e-09;6.60491e-14;2.42838e-12;1.71822e-11;4.1033e-12;2.20046e-12;1.45281e-11;1.07054e-10;4.35529e-11;9.26444e-09;2.71161e-11;2.34407e-11;1.6192e-14;2.75589e-15;2.71414e-09;2.36249e-13;1.24839e-11;3.54945e-11;8.42705e-11;7.076e-12;7.6095e-12
6.90845e-09;1.98254e-10;1.59421e-10;1.19485e-12;4.90733e-11;2.78789e-09;4.37273e-12;3.31671e-10;5.4995e-10;1.78247e-09;7.85027e-09;1.28659e-09;2.19858e-11;2.63014e-10;2.00218e-10;2.07862e-09;6.81293e-09;1.40016e-10;6.16877e-09;4.11227e-10;4.62083e-09;4.8116e-09;2.01864e-10;5.17452e-09;6.36482e-09;4.38752e-08;2.48488e-09;3.61946e-11;6.7871e-09;4.23178e-09;5.43377e-09;3.16362e-09;5.69077e-07;2.49174e-11;7.62569e-10;7.47823e-10;1.70142e-10;1.10783e-10;3.16187e-10;6.45071e-11;4.83131e-12;3.02653e-10;8.31144e-09;3.59034e-11;1.50447e-10;3.53388e-10;3.47161e-12;3.84267e-10;4.18757e-11;1.31811e-10;3.20157e-11;1.2554e-08;6.33502e-10;3.27533e-09;6.98079e-13;4.65217e-09;8.87253e-10;9.8912e-10;1.85791e-09;4.16142e-10;6.56379e-09;3.63262e-09;5.49679e-09;4.50526e-11;1.11989e-10;4.8493e-09;5.27179e-09;8.45575e-10;1.5947e-09;8.43543e-10;3.22205e-10;4.81797e-09;1.0001e-07;5.41665e-10;2.13353e-11;1.49686e-10;4.16356e-10;3.50791e-08;2.0704e-09;5.31677e-10;1.66045e-10;8.0454e-10;3.0334e-09;2.24943e-10;5.56934e-09;1.4058e-09;1.18594e-09;4.47951e-11;4.43128e-10;4.13095e-10;1.31585e-09;1.2822e-09;5.74377e-10;3.71086e-10;1.73033e-09;1.17644e-08;7.66246e-11;6.47794e-10;6.8301e-10;2.50156e-11;9.57308e-11;1.92772e-11;2.29418e-10;2.88409e-09;1.95433e-12;1.52161e-12;2.60077e-09;2.17123e-10;3.76148e-10;7.79307e-11;7.43881e-10;1.17268e-09;4.08231e-10;2.2599e-10;6.39796e-10;1.77477e-11;9.26642e-11;1.41991e-10;4.27084e-13;3.28534e-11;4.54277e-09;5.07645e-10;1.01713e-09;1.47403e-09;4.45652e-10;1.42632e-10;7.61877e-11;1.13265e-09;4.53879e-13;8.80493e-11;2.67355e-10;2.92006e-10;1.64107e-10;1.19195e-11;1.07499e-09;8.52258e-11;3.31237e-09;9.35292e-10;2.20842e-10;2.57e-11;2.24101e-09;2.9325e-12;6.27171e-11;6.49439e-10;2.90646e-10;6.89244e-09;5.8684e-10;2.16526e-09;1.24444e-09;2.87906e-09;1.18523e-10;8.87941e-10;4.29442e-12;6.64412e-12;1.01157e-11;2.08237e-10;1.15138e-09;6.40203e-11;8.69318e-12;4.19236e-10;4.78557e-10;1.52987e-10;2.93705e-10;3.9429e-10;3.72007e-10;5.27527e-11;2.46033e-10;9.17317e-10;1.1176e-09;1.01844e-09;9.30923e-09;1.33494e-09;2.77508e-09;3.73473e-09;1.36251e-08;2.42714e-09;1.10734e-09;7.14195e-09;1.24493e-08;9.7583e-08;1.36582e-10;4.24419e-11;4.81719e-11;3.27504e-11;8.918e-10;3.57806e-10;4.14686e-11;1.06793e-09;1.59903e-09;6.63841e-10;1.97929e-09;8.79016e-10;2.78185e-09;4.04425e-10;6.49867e-09;3.35109e-09;5.83235e-11;3.39571e-10;1.67909e-09;4.84328e-10;4.41028e-10;1.80051e-09;2.89766e-09;6.7512e-10;4.54874e-09;1.05574e-08;2.36852e-07;3.89035e-09;9.57617e-10;2.31359e-10;1.50263e-09;1.08054e-08;2.64902e-09;8.74408e-10;5.58224e-10;4.8073e-10;2.82297e-10;9.85428e-11;7.1712e-09;9.10711e-10;5.01612e-12;8.24819e-11;1.17424e-09;2.06651e-10;3.04011e-10;4.59663e-09;1.07406e-09;7.91669e-10;3.34167e-09;4.55262e-08;8.84103e-09;5.59974e-11;1.03312e-09;3.55744e-10;6.40012e-10;1.4981e-11;3.25928e-08;1.45551e-11;3.83665e-10;3.5114e-10;4.39066e-10;2.82163e-11;6.4027e-10;1.14305e-10;1.93633e-10;1.86831e-09;2.15769e-09;7.90835e-10;8.39991e-12;1.52458e-08;2.26436e-10;2.35592e-10;3.81828e-10;1.38202e-10;5.33222e-10;2.01207e-10;4.56134e-10;6.13832e-11;1.00415e-10;5.89723e-10;1.10038e-09;8.34505e-10;3.6092e-10;1.65163e-09;1.58805e-11;1.38592e-11;3.19366e-10;1.0036e-10;5.28093e-11;5.41871e-09;4.23275e-10;1.32939e-10;1.72719e-11;2.55063e-10;7.31259e-09;2.81104e-10;5.28654e-12;1.89974e-10;6.39098e-11;7.28028e-12;2.72028e-10;9.2694e-10;1.20405e-10;5.77927e-12;8.81514e-11;2.06931e-09;2.37486e-08;6.03829e-10;1.33987e-08;5.76622e-10;9.37373e-11;8.30789e-09;4.62459e-13;8.40114e-12;2.1343e-10;4.49743e-10;5.92422e-10;3.16377e-13;4.37437e-10;2.3882e-11;1.48393e-10;6.45728e-12;2.10299e-09;7.65346e-12;4.04931e-10;3.93421e-10;1.89704e-11;2.27849e-12;3.15727e-10;3.8614e-10;3.26522e-12;4.30126e-10;8.90383e-11;9.46971e-10;1.07691e-09;3.72048e-09;1.06834e-10;1.17271e-09;2.32539e-09;7.60474e-12;5.53759e-10;5.51614e-09;8.00029e-10;1.3137e-08;2.33785e-09;5.75701e-10;3.2687e-11;1.38081e-09;2.28935e-08;1.1625e-09;1.20354e-09;8.60928e-10;1.16123e-10;2.1609e-10;1.27174e-10;3.24983e-10;5.42971e-09;0.999991;1.27632e-07;7.39983e-08;1.43228e-06;2.55145e-08;7.98521e-08;9.81134e-07;3.98493e-07;2.1117e-07;1.49289e-07;3.58772e-06;5.8987e-07
5.17689e-07;1.71816e-07;2.87958e-09;4.72633e-10;1.80653e-09;2.12599e-10;3.90783e-09;1.92581e-09;2.34063e-09;4.65955e-10;2.18001e-10;1.15061e-09;2.5865e-10;2.25301e-08;1.36135e-09;1.0863e-07;1.01908e-08;1.13161e-09;3.9176e-09;9.53807e-10;1.14023e-09;5.29852e-06;2.71996e-10;3.42801e-09;6.42383e-09;6.19007e-11;5.91477e-11;1.80609e-07;4.61062e-05;8.87398e-10;1.47023e-09;7.09238e-10;1.22138e-10;1.58074e-11;3.67573e-12;4.82406e-07;1.11547e-09;1.37029e-09;2.55236e-10;7.65766e-11;1.53228e-11;6.13032e-10;3.40504e-09;1.13202e-09;1.17901e-09;7.77191e-10;8.20076e-09;1.05968e-05;2.97913e-11;3.22232e-11;3.70237e-08;4.85445e-10;2.50485e-10;2.1661e-11;6.33506e-10;2.90105e-10;1.20416e-10;2.17109e-05;1.4853e-09;1.74039e-09;9.23792e-08;7.40124e-09;3.91898e-09;1.13794e-09;9.83811e-10;3.32226e-09;8.7638e-11;8.02469e-10;2.94695e-06;2.45672e-10;2.23637e-09;1.10388e-08;1.26261e-09;1.44341e-10;2.16636e-10;1.21186e-09;1.26403e-09;5.82863e-09;1.2339e-09;4.34937e-10;1.51704e-09;2.9155e-06;6.80909e-09;9.69047e-10;2.53108e-08;3.30993e-09;2.2856e-10;1.30612e-11;1.1416e-08;7.36434e-10;3.24468e-06;1.34057e-09;3.0207e-10;7.58762e-10;6.56737e-11;3.33318e-11;9.38496e-13;3.47245e-11;1.88513e-10;4.84015e-06;1.54548e-09;7.3545e-10;3.34433e-09;1.59816e-09;1.00825e-09;2.21081e-12;2.57278e-06;9.20758e-10;2.19707e-09;6.71535e-11;1.99203e-11;2.07089e-11;3.64802e-07;2.01779e-09;4.19063e-09;5.55835e-08;1.65852e-10;1.51901e-09;2.57617e-13;1.42746e-08;4.11718e-10;2.19675e-10;1.94924e-10;5.96803e-05;6.07519e-10;1.66803e-09;3.31662e-09;4.0951e-10;7.80992e-11;1.67296e-12;6.02916e-07;1.4628e-10;4.57259e-11;2.56307e-10;6.13175e-12;1.36481e-12;1.7792e-05;1.0981e-07;3.36577e-08;7.42865e-09;3.78984e-08;4.24452e-10;1.62617e-10;1.59078e-06;3.27965e-09;1.87694e-09;3.87804e-10;4.15517e-09;1.38309e-05;5.6308e-10;3.97363e-10;4.19494e-07;2.88096e-09;1.36167e-10;5.7357e-11;1.61398e-09;2.98403e-09;1.62521e-10;2.58228e-10;1.88844e-06;2.45316e-09;7.42341e-10;5.10932e-08;1.9332e-09;6.64693e-09;1.07306e-11;1.10956e-09;8.17698e-11;3.98554e-10;5.34919e-09;7.02409e-05;4.70044e-09;7.6488e-09;5.50768e-07;4.3157e-08;2.2193e-08;1.38601e-10;2.16897e-08;6.71322e-09;6.80193e-10;8.91869e-06;2.9904e-10;2.84713e-10;1.32862e-08;7.10228e-08;4.67987e-09;2.12676e-11;3.63136e-09;1.85176e-09;5.2422e-10;8.09536e-09;3.11185e-05;9.86312e-09;9.02004e-09;7.93148e-08;7.70744e-09;6.17892e-09;2.47294e-10;3.50517e-09;1.6598e-10;2.36819e-10;0.000125188;1.71649e-07;5.49523e-07;2.96616e-07;6.39786e-08;1.7084e-08;1.56357e-09;2.29344e-06;4.01079e-09;1.84099e-08;8.43902e-11;1.47641e-08;1.04942e-08;3.17069e-05;5.38998e-10;3.15863e-09;2.76111e-09;5.5505e-09;1.1136e-10;2.17174e-12;7.22401e-10;1.80986e-08;9.24867e-10;7.65028e-10;1.15904e-05;1.05784e-09;1.24752e-09;2.83399e-08;3.75813e-09;1.22602e-08;3.54878e-11;5.47318e-05;2.49165e-09;4.44648e-09;1.8724e-09;4.75724e-10;1.10875e-09;2.53728e-11;8.26807e-08;7.56719e-10;1.45005e-08;5.3205e-10;2.99849e-10;9.63221e-10;4.09192e-06;4.98998e-10;1.38621e-09;3.95634e-10;2.11711e-12;1.36386e-11;2.03307e-12;2.24454e-07;1.03979e-10;2.75863e-10;1.60577e-10;1.29675e-10;2.55313e-10;1.01785e-09;2.16322e-06;4.71272e-10;4.25371e-10;9.04766e-08;6.99805e-10;1.4581e-09;1.91684e-10;1.36134e-08;4.67689e-10;1.10156e-09;2.09884e-07;2.068e-09;1.20332e-09;3.02167e-10;0.998281;0.000116083;5.92586e-07;0.00087907;6.04262e-05;1.46736e-05;6.66149e-09;3.49857e-05;1.24533e-08;4.94284e-08;2.50529e-05;2.75055e-07;5.8029e-06;6.64153e-09;1.19776e-05;3.64808e-09;7.48007e-10;3.16246e-10;4.59221e-11;5.35984e-12;2.26285e-17;1.14669e-08;5.13411e-10;3.15607e-10;4.22005e-11;6.80787e-10;1.14709e-10;1.16742e-09;5.30303e-07;1.8274e-10;5.19139e-11;1.68727e-07;3.9202e-11;1.04256e-09;4.8935e-16;7.98527e-08;1.81629e-09;9.19843e-11;2.60405e-11;4.57593e-12;4.17545e-09;1.01028e-05;1.03615e-09;1.78626e-09;1.76552e-07;5.08798e-12;4.60659e-10;2.60219e-12;2.12457e-07;1.17113e-09;2.64527e-06;2.09417e-06;1.26972e-09;3.49541e-10;5.04252e-08;1.58881e-09;7.40458e-11;9.81231e-07;7.78614e-10;9.81347e-10;3.57312e-09;9.13989e-10;6.42855e-10;7.30664e-09;2.76353e-10;6.56169e-07;2.44047e-10;1.50577e-08;7.42077e-13;5.32392e-10;5.7982e-14;8.44426e-06;2.34353e-09;2.88278e-10;9.2475e-09;2.20919e-10
2.74693e-11;3.59109e-10;2.47177e-10;8.01379e-11;5.50881e-11;1.78818e-10;2.26129e-10;1.15374e-09;9.04452e-11;1.2563e-10;9.59595e-10;1.5365e-10;1.75033e-11;2.36416e-10;6.86066e-11;1.72566e-10;3.20389e-10;8.57827e-11;5.24917e-10;1.0852e-10;7.25523e-10;1.03593e-10;4.12821e-11;9.52468e-11;6.89401e-11;1.02253e-09;2.64914e-11;1;4.97258e-10;4.20121e-10;2.70282e-09;1.94513e-11;6.65067e-10;5.44929e-11;4.68689e-11;1.44857e-10;6.14996e-11;3.91685e-11;2.38864e-11;1.20181e-10;5.33663e-11;1.03347e-08;5.07869e-09;1.0589e-08;1.06068e-09;6.68361e-10;6.01383e-10;1.34537e-09;2.18202e-10;2.65312e-10;6.6722e-11;1.36747e-09;4.71997e-11;3.54802e-10;4.41703e-10;3.70263e-10;1.61363e-10;2.82272e-10;4.92532e-11;4.12943e-11;3.02222e-12;1.58969e-11;1.42473e-11;3.12958e-11;6.69553e-11;1.09032e-10;1.75061e-10;4.45501e-11;1.65267e-10;7.75178e-11;1.42619e-10;1.32562e-10;2.16068e-10;1.9239e-11;3.66374e-12;5.82334e-11;9.16867e-11;1.47746e-10;3.83655e-10;7.87061e-11;6.73471e-11;2.1725e-09;1.44501e-09;7.70823e-10;4.93351e-10;2.22076e-09;6.3902e-10;5.59372e-11;2.84025e-10;2.19569e-10;1.01957e-10;2.58244e-11;4.66764e-11;4.76489e-11;1.81257e-10;1.7528e-11;9.40693e-12;4.34063e-11;3.84149e-11;2.17739e-10;1.7637e-09;7.19319e-10;6.07579e-11;7.84019e-10;4.97247e-13;8.97663e-12;1.55466e-09;4.37609e-11;7.12249e-11;1.14344e-11;2.67752e-10;1.5706e-10;2.99781e-10;5.534e-11;2.18157e-10;2.76168e-10;1.92615e-10;6.60981e-11;1.72367e-11;9.52166e-10;7.53702e-10;7.568e-10;8.21875e-11;2.28439e-10;6.2132e-11;2.73652e-10;6.16854e-12;3.19918e-11;3.17732e-12;7.20156e-13;1.58528e-10;4.44979e-11;1.16481e-10;3.2512e-11;1.05445e-10;4.04024e-11;1.35493e-10;5.78341e-11;5.66426e-11;6.90707e-12;9.15067e-12;2.73267e-12;6.74651e-12;6.88539e-11;4.77068e-11;1.82282e-10;4.55382e-11;1.23485e-10;4.84934e-10;2.22384e-10;1.83096e-10;3.0079e-11;3.39051e-11;9.65478e-12;6.2374e-12;5.51758e-11;2.7493e-10;1.95916e-10;6.43686e-11;1.23162e-10;5.30729e-11;4.95828e-11;4.20651e-11;1.21141e-10;3.09459e-11;3.15792e-12;1.11159e-10;1.2793e-10;3.53652e-11;1.3925e-10;8.81e-10;8.92747e-11;5.36893e-11;8.12702e-11;1.98546e-11;5.70833e-11;1.13551e-11;8.6074e-11;3.4553e-10;1.82732e-10;1.57568e-10;5.63618e-11;7.97213e-11;2.83634e-11;1.99797e-10;2.28361e-12;2.13081e-11;1.17259e-10;4.253e-10;1.16643e-10;9.69619e-11;8.60712e-10;2.97312e-10;3.32366e-10;1.35605e-11;1.31499e-10;3.81353e-11;2.02548e-11;2.8148e-10;4.2655e-10;2.39548e-10;4.0417e-10;1.86257e-10;4.89452e-10;3.71087e-11;2.70904e-11;2.72753e-11;5.2575e-11;1.00715e-10;8.74777e-11;1.99594e-10;2.57285e-10;1.93997e-10;9.99852e-11;1.51467e-10;5.89165e-11;8.67196e-11;7.22395e-11;3.21441e-11;1.78733e-11;5.7387e-11;2.87246e-11;6.85897e-11;4.39072e-11;5.69573e-11;4.5165e-10;6.93925e-11;2.06501e-10;7.92204e-09;1.43971e-09;6.29721e-10;3.36193e-10;1.85242e-10;3.30021e-10;3.30822e-11;1.45729e-10;2.05245e-10;2.73818e-12;1.45569e-12;6.14101e-11;3.28133e-11;2.25501e-11;1.25111e-11;3.36457e-11;5.80583e-11;1.07811e-10;8.44508e-11;9.1824e-11;2.10562e-11;9.72438e-12;3.14427e-11;2.71544e-11;9.2885e-11;6.02209e-11;1.26918e-10;1.40917e-10;4.61381e-11;4.27679e-11;7.33777e-11;8.48907e-10;4.86768e-10;3.81343e-10;2.36915e-10;3.61509e-10;4.95552e-10;2.54499e-11;1.05771e-10;6.60606e-11;3.99347e-10;1.87892e-10;9.0133e-11;2.83579e-11;1.9262e-09;7.57917e-10;1.12093e-10;3.45696e-10;1.69565e-11;2.27786e-11;7.16356e-13;7.475e-12;4.73871e-11;1.68929e-11;2.12508e-11;4.45833e-11;6.20091e-11;2.7808e-10;1.87494e-09;2.01024e-10;8.4817e-10;2.20913e-09;1.3505e-12;2.08023e-11;2.89659e-12;4.72688e-11;1.96567e-10;6.10348e-11;6.73933e-11;2.07661e-11;2.56615e-11;1.85684e-11;3.36929e-11;1.18814e-10;9.35706e-11;9.82763e-10;5.99256e-10;3.75687e-09;2.67849e-12;2.40211e-12;1.52332e-10;9.57716e-11;5.83727e-10;6.51689e-11;2.16611e-11;1.18947e-10;3.63143e-10;4.51679e-10;4.55137e-10;9.37251e-11;1.03548e-08;3.42082e-11;3.81049e-10;1.83767e-10;1.56436e-10;4.44814e-09;1.23166e-10;8.66511e-11;2.64051e-11;3.87071e-10;4.09247e-10;4.73441e-09;9.71494e-10;1.37035e-10;2.85805e-11;5.57113e-11;4.83965e-11;1.63915e-11;1.40657e-07;8.25355e-10;1.10855e-10;8.28135e-11;1.06979e-10;3.23776e-11;4.59359e-11;2.54728e-11;1.02676e-08;5.40155e-10;3.43774e-10;1.5172e-10;8.13749e-11
