3.59421e-06;0.0147887;2.52155e-09;1.52317e-06;3.95007e-06;3.01309e-07;4.07662e-07;0.0313756;9.28376e-06;1.78845e-07;1.94982e-05;3.37004e-05;0.953763;2.39107e-07
2.98692e-06;0.998839;0.00028516;6.35372e-06;3.94377e-07;2.18203e-06;2.456e-05;0.000572643;4.58535e-08;3.34749e-05;4.58196e-08;1.81407e-05;5.33657e-05;0.000161499
9.22377e-09;2.95355e-07;0.999996;1.44927e-07;1.50013e-08;2.45689e-08;2.70706e-08;5.21486e-07;4.21814e-09;1.11088e-08;2.97206e-07;2.53478e-06;5.55346e-08;4.22711e-09
3.24404e-08;1.04026e-06;0.998041;7.81605e-07;3.78316e-07;1.6806e-07;1.07456e-08;0.000661889;4.17089e-09;2.46108e-08;3.86495e-07;0.00127448;3.84214e-08;2.00163e-05
8.43727e-09;0.00183596;8.80347e-05;6.08426e-08;3.93094e-06;0.000163546;5.58494e-10;4.28735e-06;1.26933e-11;1.4656e-08;5.61646e-09;3.01682e-05;2.81175e-07;0.997874
1.07192e-07;0.000889614;1.15989e-09;2.01372e-08;9.8585e-08;2.54901e-05;1.43494e-08;0.000372975;1.21249e-09;4.79123e-09;2.29954e-07;3.33232e-08;0.998711;1.12887e-07
3.22007e-09;1.10837e-08;0.999998;1.22465e-08;8.05277e-09;4.39597e-08;1.71602e-10;1.98448e-06;3.2588e-11;2.22458e-10;3.36524e-10;6.30568e-08;8.9325e-08;3.4761e-10
2.88858e-08;9.73076e-06;0.000378232;1.65617e-06;3.73163e-07;3.47416e-07;1.4964e-07;6.65052e-06;4.49286e-09;6.14169e-07;1.70512e-08;0.00339711;4.87589e-07;0.996205
2.53121e-08;1.9642e-06;1.17671e-10;4.02102e-08;0.000188747;1.21289e-06;1.86101e-07;0.999805;1.31685e-07;5.92358e-09;1.17493e-07;4.54173e-09;2.0869e-06;3.44674e-07
3.54661e-10;9.46922e-07;0.999991;2.06641e-07;2.69437e-06;1.1063e-06;1.41383e-10;1.61685e-09;4.45061e-13;2.82663e-09;8.48979e-10;3.04747e-06;8.63928e-08;4.60511e-07
9.38201e-08;0.9983;9.99253e-10;3.37187e-08;1.51655e-07;6.51996e-08;0.000462254;2.77538e-06;1.12702e-09;1.72605e-06;1.39543e-07;2.47827e-09;5.4406e-05;0.00117874
4.89417e-12;2.89605e-11;1;4.61808e-11;1.76462e-10;3.84753e-11;5.90162e-11;3.09173e-11;4.88893e-13;1.59139e-11;9.69743e-12;2.17043e-08;2.27792e-13;8.28917e-12
2.08123e-07;2.32831e-06;1.35003e-07;4.00123e-09;3.32447e-07;3.62244e-09;9.56295e-10;0.999996;3.12256e-07;3.41913e-10;2.5053e-08;4.62266e-07;1.80972e-07;7.66464e-08
7.99711e-07;0.549423;3.9315e-07;1.23965e-06;1.1184e-05;4.66361e-05;2.24096e-09;0.000649786;5.96286e-08;5.12691e-07;9.03411e-08;0.000263277;0.00106058;0.448543
2.21774e-05;0.909707;1.0088e-08;2.09833e-05;3.1484e-06;1.1867e-05;1.15318e-05;0.00343693;0.000156883;7.87133e-07;0.00220895;0.000838571;0.0834847;9.60833e-05
4.43467e-07;1.13263e-05;2.27107e-10;3.0871e-08;8.717e-09;1.74461e-09;7.09133e-09;0.999983;1.44238e-06;1.14106e-09;3.02328e-07;1.33223e-08;2.80489e-06;1.55925e-07
2.28867e-08;0.0371057;5.08808e-08;7.57284e-07;1.43711e-08;2.476e-08;6.20313e-06;1.29517e-07;7.88922e-11;3.98399e-05;1.45703e-09;2.61451e-08;1.87969e-09;0.962847
2.36921e-10;1.41949e-10;1;1.95594e-09;3.56882e-10;3.21247e-09;2.41108e-09;3.05688e-10;1.01082e-11;2.54111e-10;2.67693e-09;2.36534e-07;6.83346e-12;7.61079e-10
1.34501e-06;0.00091066;2.8244e-10;5.63782e-07;2.32462e-07;1.23749e-07;2.54237e-07;0.0157368;4.63007e-06;1.39449e-08;0.000124064;3.46036e-06;0.983218;1.24421e-08
7.35311e-06;0.998501;0.000281204;5.10993e-05;8.32063e-07;7.75166e-06;0.000225025;0.000546975;1.06299e-06;0.000120346;7.9479e-06;7.66942e-06;0.000137646;0.000104232
1.86068e-09;3.21993e-08;1;5.59762e-08;5.44445e-10;1.18912e-09;2.46386e-08;2.86757e-07;7.11757e-10;2.17382e-09;9.73385e-08;9.3423e-08;2.60828e-09;2.16552e-10
4.24876e-07;0.000676009;0.000188189;3.09126e-05;3.49703e-06;2.87247e-06;5.53338e-08;0.00110083;1.89306e-06;1.94094e-07;0.000708442;0.996777;1.43301e-05;0.00049555
1.94842e-06;0.679382;0.000172158;5.13636e-06;0.000106102;0.0001527;3.09629e-07;0.00103947;2.28465e-07;6.64865e-07;0.000156977;0.00416602;0.314789;2.75953e-05
1.36093e-06;0.524158;7.58056e-08;1.43622e-05;0.000315785;0.00144907;2.32859e-08;0.280938;1.73735e-07;8.1936e-07;2.05835e-05;0.184202;0.00479308;0.00410616
3.31822e-05;0.052573;1.23208e-06;4.94701e-05;0.0046881;0.0383385;0.00171447;0.687918;3.01119e-08;0.000626453;8.21338e-06;1.55827e-06;0.198886;0.0151609
1.14323e-11;3.49141e-12;1;8.75287e-11;2.98818e-11;2.20416e-10;6.34267e-12;1.02757e-10;2.20766e-14;1.97584e-12;2.5372e-12;1.85821e-10;4.55447e-12;1.36128e-13
1.67948e-06;0.000968197;0.000236712;6.02053e-06;4.7391e-06;9.93833e-06;1.43596e-08;0.000758022;1.50772e-07;1.33711e-07;1.17463e-06;0.997029;0.000528473;0.000456153
1.6725e-06;0.299563;7.43116e-06;8.14666e-06;0.000249674;0.0108457;6.87211e-07;0.00216059;8.56704e-09;3.59054e-06;1.36852e-07;5.78376e-06;0.687018;0.000135182
9.09424e-07;0.00158762;1.79701e-08;3.1958e-05;0.000654689;0.0418276;2.10237e-07;0.000430296;2.48019e-07;8.93581e-06;1.56724e-06;0.00600967;0.947705;0.00174137
1.04581e-05;0.00502885;0.992672;2.60953e-05;0.000569136;2.42412e-05;3.96413e-08;0.00146989;3.53748e-09;2.33964e-07;9.45324e-09;3.47645e-05;0.00014683;1.74871e-05
3.33763e-06;0.845928;3.19493e-07;7.91444e-07;0.000110742;0.000243716;2.83713e-06;0.120549;2.74133e-07;1.08585e-05;4.73409e-08;5.37423e-07;0.0323261;0.000823619
5.18074e-10;1.47655e-09;1;3.3079e-09;1.36933e-08;2.20483e-08;1.41479e-10;1.31175e-08;1.06245e-11;1.35927e-09;4.10915e-11;1.8165e-08;4.28505e-10;7.21274e-11
4.52004e-06;0.000142576;0.920922;3.05127e-05;3.14667e-05;0.000203747;2.00248e-06;0.00159498;2.65647e-06;5.3334e-06;2.7005e-06;0.074779;0.000116993;0.00216198
1.58892e-05;0.00586791;1.28182e-05;3.72354e-05;0.00392194;0.0807145;1.93121e-06;0.000574146;3.09403e-06;4.06431e-06;0.000177717;5.38531e-05;0.00424544;0.904369
6.98054e-06;0.960256;1.98766e-07;1.17938e-05;5.1994e-06;4.31732e-05;0.000215996;0.000322968;5.01176e-08;0.000199147;7.94888e-07;2.79118e-05;0.000320331;0.0385898
4.44726e-12;1.7591e-12;1;6.23605e-12;7.69576e-11;5.62782e-11;2.03429e-12;1.48698e-10;4.40207e-14;2.23938e-13;1.90253e-12;1.73347e-08;1.45805e-13;7.98299e-14
7.91624e-06;0.130667;2.51468e-06;6.05191e-07;2.80944e-06;8.47725e-05;4.84021e-05;0.179141;4.71392e-07;1.27917e-05;1.79866e-06;7.57567e-08;0.690007;2.22749e-05
9.3273e-11;8.93317e-10;1;9.07011e-10;8.54821e-10;9.10191e-09;5.70903e-11;8.78251e-10;1.37918e-11;4.46798e-11;1.51273e-10;4.74179e-07;6.52099e-10;1.82551e-11
8.71872e-07;0.00637378;0.000362429;1.21769e-05;9.34362e-06;7.93672e-06;7.59494e-08;0.0112175;1.13059e-05;3.73058e-07;3.64145e-05;0.98078;0.000379304;0.00080858
1.13094e-07;0.0136274;4.46729e-07;3.34871e-07;3.78988e-06;0.000180491;4.93097e-08;0.000177323;5.0952e-09;3.24169e-07;3.47343e-07;1.42436e-05;0.985989;5.98985e-06
4.77206e-08;0.00291546;4.49896e-05;4.60582e-06;1.35897e-05;2.6716e-05;8.93295e-08;2.65915e-06;9.27855e-09;1.16097e-07;2.80479e-06;0.996781;2.05304e-05;0.000186998
1.97526e-07;0.000160114;2.00251e-09;7.41835e-09;8.87366e-05;2.47835e-06;6.89143e-10;0.999708;9.71581e-10;6.47105e-10;6.5836e-09;2.48251e-07;2.11029e-05;1.87475e-05
2.83466e-07;0.908326;3.05222e-08;6.03829e-08;4.77438e-06;2.39189e-06;5.17214e-06;0.058151;1.44516e-08;7.88881e-07;2.13147e-08;2.30455e-08;0.0334935;1.61926e-05
6.85747e-11;8.88297e-11;1;3.07284e-10;9.20953e-10;1.17479e-10;2.24787e-12;4.10863e-10;7.73408e-13;6.16011e-12;8.83238e-12;9.91791e-09;4.18661e-12;1.37975e-12
5.70632e-07;0.00230511;5.08307e-06;1.34348e-06;2.14386e-05;1.0549e-06;5.39782e-10;0.0122625;6.9301e-07;2.56849e-08;2.54593e-07;0.984792;0.000349602;0.000260552
6.96914e-06;0.887747;2.68297e-06;1.95038e-06;0.000150113;0.000298011;2.46499e-08;0.00252904;1.63263e-07;2.10686e-06;5.99499e-07;0.00698036;0.0937461;0.0085351
5.42874e-05;0.0078446;9.08584e-08;2.5998e-05;0.0166863;5.25234e-05;6.38208e-06;0.906376;8.09244e-05;1.00848e-05;0.000165261;0.0290883;0.0389642;0.00064549
0.000126182;0.204646;0.774031;0.00478054;0.000209441;0.000239154;5.52726e-05;0.000230165;2.49345e-05;8.96912e-05;3.72498e-05;0.000325272;0.0109934;0.00421143
4.84208e-06;0.00019886;3.88233e-10;1.18661e-09;1.62514e-06;1.23312e-08;2.84666e-09;0.999617;1.42019e-07;7.93101e-10;3.29479e-08;9.97784e-07;0.000174306;2.01433e-06
1.02888e-06;0.955917;2.99445e-05;6.48243e-06;0.000124612;0.000424503;4.83638e-05;0.0345809;4.97521e-07;7.56668e-05;4.86188e-07;1.85882e-05;0.00446483;0.00430747
2.04533e-11;3.41373e-11;1;1.82678e-10;2.20742e-12;4.76255e-12;1.12668e-10;1.03226e-09;2.40531e-11;2.20214e-11;1.70975e-10;1.77303e-08;3.4824e-12;4.40945e-14
3.21589e-06;0.000460077;0.00133921;8.54477e-06;4.1758e-06;1.45789e-06;1.34634e-07;0.000463169;4.71643e-05;3.73275e-07;4.50226e-05;0.997599;1.53483e-05;1.31475e-05
0.000369605;0.96402;6.48733e-06;1.43942e-05;0.000102776;2.53431e-05;5.41995e-05;0.0100185;0.000531805;3.3857e-06;0.00134029;0.000666434;0.0227753;7.12725e-05
6.79197e-06;0.000226657;2.01186e-07;7.65318e-08;0.054837;3.66784e-07;2.56514e-08;0.943405;4.60266e-06;1.96008e-07;1.57887e-08;0.00146129;3.86832e-06;5.4436e-05
1.09942e-05;0.00220816;0.926883;1.30912e-05;0.00530038;4.75557e-05;3.74634e-08;0.06538;1.29099e-05;4.85875e-07;5.95923e-08;2.34571e-05;0.00011604;4.36588e-06
2.38973e-06;0.113351;1.27156e-06;7.75102e-08;4.31765e-05;2.03478e-05;1.01769e-07;0.871813;1.1542e-07;3.12772e-06;2.43449e-09;2.8372e-07;0.014726;3.95551e-05
5.17226e-11;1.31879e-10;1;8.64399e-11;1.28598e-10;2.52412e-11;1.94754e-12;7.71409e-09;2.82153e-12;9.63357e-12;2.63359e-12;1.41428e-07;3.24269e-11;5.72151e-13
1.99352e-07;5.24656e-05;0.000257121;1.95566e-06;2.80463e-06;2.72374e-07;1.09172e-08;0.00039189;5.07769e-07;3.92135e-08;5.63936e-07;0.999277;2.08725e-06;1.27188e-05
0.000121903;0.424051;2.81256e-06;7.54409e-06;0.00117122;0.00104423;3.04892e-06;0.380546;0.000150336;1.45934e-06;0.00044717;1.81102e-05;0.192186;0.000249002
3.50616e-06;0.752877;9.14661e-09;7.17583e-08;0.000101248;1.17533e-05;2.54138e-05;4.22258e-05;6.95704e-09;2.57926e-05;3.37663e-09;4.18712e-06;5.41016e-07;0.246909
4.78285e-10;7.83342e-10;0.999999;3.83884e-12;8.37592e-09;1.00209e-11;6.32626e-12;7.61804e-09;1.20096e-12;1.74825e-12;3.0994e-13;1.19771e-06;1.42541e-12;1.20406e-12
2.16765e-06;0.102091;1.65927e-07;1.2719e-06;1.02787e-05;6.28607e-06;0.000381759;0.8969;8.73517e-06;5.53836e-05;1.48801e-07;1.64346e-08;0.000406278;0.000136428
2.96833e-10;4.79789e-10;1;3.0633e-09;1.337e-09;1.58651e-08;2.80531e-10;1.65251e-07;6.9109e-11;3.03597e-10;8.68905e-11;8.83993e-09;5.47961e-10;7.1492e-11
6.57353e-06;0.00646795;0.0774838;4.12412e-05;0.0001805;4.48371e-06;6.90386e-08;0.159179;1.48982e-06;3.651e-07;1.43405e-06;0.726195;6.62977e-05;0.0303725
4.45621e-06;0.756419;1.80391e-05;7.17866e-06;0.000771137;0.000228955;1.9513e-07;0.00104424;1.53456e-07;9.76567e-07;3.64308e-06;0.00733187;0.209933;0.0242368
1.27796e-05;0.299713;2.33887e-07;8.00117e-06;0.00510021;0.0109168;5.94439e-07;0.572596;5.2834e-07;3.43464e-06;1.70285e-06;0.085948;0.00911175;0.0165869
1.26072e-05;0.828354;1.38559e-06;1.25924e-05;0.00157753;0.000569769;6.8824e-08;0.0306476;9.26588e-08;1.87452e-06;7.03619e-07;0.0403163;0.095198;0.00330771
5.44829e-05;0.0384205;0.00682368;3.19345e-05;0.572114;0.011392;1.3859e-07;0.287271;6.86916e-08;2.21819e-06;4.96951e-07;0.0506712;0.00543523;0.027783
1.76879e-05;0.209234;4.16783e-06;3.33925e-05;0.000322615;0.000409576;5.17225e-06;0.0164551;4.45286e-07;7.10845e-06;9.94046e-07;0.0276813;0.745334;0.000495278
1.79122e-06;0.0180109;2.12458e-08;3.84255e-06;2.8985e-06;8.88731e-05;1.59306e-07;0.0012115;9.43098e-08;1.48424e-07;6.43569e-07;1.12995e-05;0.980665;2.30694e-06
3.05736e-06;3.65956e-05;9.64504e-09;3.99305e-06;0.00113648;1.84168e-06;1.07268e-07;9.25362e-06;2.18682e-06;5.07706e-07;1.0809e-05;0.998698;1.89078e-05;7.83828e-05
3.25518e-05;0.996799;1.70171e-08;3.6509e-08;9.30198e-09;1.19647e-08;0.00294011;0.000145559;6.67113e-06;2.12828e-05;2.05074e-06;1.94197e-09;3.55257e-05;1.72517e-05
1.18085e-08;4.09515e-10;0.999882;6.81994e-10;7.6217e-09;7.96831e-10;4.63922e-09;4.3802e-09;9.67888e-10;6.71531e-10;1.57402e-09;0.000118056;1.87266e-11;8.67245e-11
2.17089e-05;0.785716;5.47057e-07;9.61957e-06;5.60758e-05;4.34743e-05;0.016185;0.189912;0.00266137;0.000117205;9.23959e-05;2.93513e-08;0.00457217;0.000612519
9.6778e-09;3.3972e-08;0.999999;5.85282e-09;3.01108e-09;5.90591e-10;1.51578e-08;1.60392e-07;6.34411e-08;1.56685e-09;6.28928e-08;2.58363e-07;1.02583e-08;4.85253e-11
8.14232e-07;6.37021e-06;0.998503;1.71566e-06;1.91197e-05;4.92353e-07;2.64926e-08;0.00068484;5.69411e-06;1.05387e-07;3.63367e-07;0.000600647;1.60834e-07;0.000176762
3.2434e-07;7.23433e-05;2.38246e-06;3.76655e-08;4.15928e-05;2.06549e-05;3.73366e-10;2.79379e-05;8.70799e-09;2.76442e-08;9.38874e-09;9.94686e-05;3.70901e-08;0.999735
2.00311e-05;2.02544e-05;2.32796e-09;1.30444e-07;1.16312e-05;1.19669e-06;4.01769e-08;0.999574;5.91525e-06;2.63336e-09;4.4455e-06;3.66263e-06;0.000358533;2.84781e-08
1.01227e-05;0.932356;3.99529e-11;1.08383e-06;1.57894e-07;1.73986e-08;7.85691e-09;0.0427267;1.36314e-05;8.68295e-09;8.54814e-06;6.54499e-05;0.0248179;1.51817e-07
4.71554e-06;0.346052;2.40397e-06;7.06669e-05;0.000125717;3.90886e-06;0.0131483;0.000119384;3.37548e-08;0.0103629;3.04066e-06;0.0011957;2.29543e-05;0.628888
4.31611e-07;1.15415e-07;0.99822;8.22475e-06;9.63908e-08;4.11843e-08;0.00116653;4.01111e-06;3.19219e-06;2.66161e-06;0.000593588;1.03988e-06;6.43038e-10;7.90516e-10
2.90261e-05;0.217603;3.88696e-06;4.62049e-05;1.0856e-07;2.33197e-07;0.000128955;6.55412e-06;1.49891e-05;9.90462e-07;0.00136793;1.47046e-05;0.780784;1.13962e-07
3.27022e-06;0.0218959;3.98369e-08;1.64727e-06;7.0302e-06;1.04145e-07;1.13568e-07;0.00025451;4.05516e-07;2.75374e-08;7.22157e-06;0.97659;0.00116927;7.00418e-05
2.2555e-06;0.162359;3.13625e-09;1.02675e-05;0.00107233;5.62848e-05;5.07089e-07;0.83076;3.96696e-06;2.7495e-06;4.7257e-06;0.000495541;0.00442656;0.000805477
2.35787e-08;7.66658e-07;1.16162e-09;8.02697e-09;8.61025e-10;1.83941e-06;6.40999e-08;1.4862e-08;4.20105e-09;3.25167e-08;1.96733e-07;4.4299e-08;0.999997;2.21293e-09
3.15363e-08;4.13929e-07;1;2.87854e-08;1.09671e-08;5.47268e-09;1.27607e-09;8.43775e-09;1.43662e-10;3.62946e-09;1.06716e-10;3.10581e-08;4.46055e-10;3.31954e-08
1.78755e-06;0.994048;1.25601e-06;5.56299e-06;5.94963e-06;3.75529e-06;1.22704e-05;0.00480186;0.000117743;3.53607e-07;6.86563e-05;5.51032e-06;0.000885389;4.1516e-05
