2.3289e-06;0.998134;2.48534e-09;1.24866e-07;5.3798e-07;4.13123e-08;0.000143608;0.0015571;7.40763e-07;1.44246e-05;1.93961e-07;6.96707e-09;2.27477e-05;0.000123757
5.88701e-11;4.09516e-11;1;1.73435e-11;2.95425e-11;2.00359e-13;6.71164e-11;4.77382e-10;1.24505e-11;5.81213e-12;5.01834e-11;1.29442e-07;7.11915e-14;1.26578e-13
1.69653e-06;6.98951e-05;1.81679e-05;9.20523e-06;2.10524e-05;2.52413e-06;1.02118e-06;0.000476724;0.000185114;9.91956e-08;0.000603176;0.998522;7.81246e-05;1.10327e-05
6.58975e-07;0.0352706;6.42305e-08;1.69964e-07;4.36653e-06;5.5019e-06;2.11461e-07;0.00169803;1.24172e-07;3.07464e-08;1.48318e-06;9.96362e-06;0.963005;3.44941e-06
6.51071e-06;0.00974968;2.43569e-07;8.8131e-05;0.000746086;8.61235e-05;8.62313e-07;0.00205641;1.43747e-05;1.66921e-05;1.22581e-05;0.97466;0.000695818;0.0118666
9.19677e-06;0.997668;2.33052e-10;6.92633e-07;5.65953e-06;6.53733e-08;0.0021988;5.50504e-05;7.2008e-07;1.46372e-05;5.65189e-06;2.05634e-07;1.11261e-05;2.99086e-05
0.000182468;0.0115076;0.0142201;0.000961695;0.000200698;0.000307542;3.52529e-05;0.000116383;4.74688e-05;3.25728e-05;3.34258e-05;0.968833;0.00335014;0.000171481
1.87158e-05;0.998352;7.31831e-08;1.61434e-07;1.60082e-06;1.1134e-07;1.85787e-06;0.000173234;5.74042e-06;1.78408e-08;3.61836e-06;0.00125426;0.000186977;2.16773e-06
2.11353e-06;0.99807;1.39969e-10;1.99893e-08;3.82696e-06;2.79408e-08;0.000797902;0.000517125;2.73155e-08;6.07951e-06;4.02036e-08;5.38374e-08;0.000357993;0.000244597
4.04833e-09;5.47389e-10;0.999985;2.80992e-10;4.01422e-08;1.07702e-08;7.53309e-10;1.68568e-09;2.20863e-10;4.16201e-11;1.07331e-10;1.51213e-05;9.03737e-12;3.89786e-11
9.56306e-06;0.994228;7.68885e-07;2.93003e-05;4.56187e-06;3.27785e-05;5.00865e-05;0.00122093;0.000341733;2.54627e-07;0.000217433;0.000184631;0.00360291;7.74278e-05
1.21835e-06;0.997972;1.00704e-08;3.44909e-08;1.60224e-10;2.97518e-10;0.00193874;7.73301e-05;4.26293e-07;2.91155e-06;4.80778e-06;9.19814e-08;2.82808e-06;1.0026e-07
6.16609e-11;6.42847e-11;0.999999;5.80126e-10;7.78388e-10;5.75562e-11;5.51704e-11;7.98806e-09;1.19426e-10;5.62165e-11;3.37279e-10;9.16612e-07;2.73411e-12;2.38449e-11
6.42625e-06;0.175985;2.42317e-06;5.87643e-06;7.98096e-05;8.73611e-06;5.23476e-07;0.821464;3.97608e-05;3.78708e-06;4.02599e-05;0.000301265;0.00203309;2.89247e-05
5.44713e-08;0.781331;4.56433e-10;5.16876e-07;2.62894e-07;3.68444e-08;0.000130876;8.84622e-06;2.73164e-07;3.3815e-05;6.3686e-06;3.77374e-05;4.72184e-06;0.218445
6.9761e-05;0.0468525;1.12975e-05;0.000136924;2.29621e-06;1.05114e-06;0.554426;0.00131475;0.0211609;3.393e-06;0.312959;1.84871e-05;0.0630433;8.59556e-08
9.10695e-05;0.784205;1.97863e-08;1.58597e-06;1.0088e-05;1.86256e-06;2.11331e-07;0.164267;1.87903e-05;7.80864e-07;1.26542e-06;0.000353633;0.0509759;7.23982e-05
8.50988e-06;0.0534159;4.51497e-07;9.79589e-07;0.0122561;7.37901e-06;1.17323e-07;0.00160764;1.33778e-08;2.84868e-06;6.99469e-08;0.908311;0.00413664;0.0202529
0.000592215;0.226745;7.63151e-06;0.00336801;0.0439411;0.105779;9.56018e-05;0.157025;0.000666646;0.000481264;0.000130368;0.00771715;0.388834;0.0646172
0.00290667;0.0129115;3.13884e-08;0.000144594;1.1336e-05;4.96898e-05;0.000118502;0.122673;0.0066913;3.77418e-06;0.0168985;0.000357347;0.837218;1.60657e-05
0.00063606;0.109238;1.05724e-05;7.8224e-06;3.05041e-05;1.83092e-05;8.18446e-06;0.00503193;5.63787e-05;8.91633e-06;4.06706e-05;0.848615;0.0359726;0.000324443
3.88361e-06;0.969898;1.03085e-06;2.5024e-07;1.33861e-07;1.24023e-06;1.85906e-07;4.07527e-05;1.52653e-07;9.02102e-08;1.07176e-07;0.0237755;0.00627795;9.22675e-07
1.74899e-05;0.45608;1.44718e-05;0.000177812;0.00027784;0.00283303;0.00515844;0.0895503;1.94207e-05;0.00437449;4.27128e-05;0.000192084;0.00107268;0.440189
2.25035e-09;7.42819e-08;0.999999;3.01774e-08;7.70471e-11;7.12078e-10;2.48687e-07;4.13838e-08;1.55901e-09;3.39643e-09;7.95535e-08;5.39183e-07;1.2455e-09;8.63547e-12
0.000150581;0.0641562;5.4911e-05;0.000346785;4.34352e-05;0.000758356;0.000909422;0.000722006;0.00156977;2.51902e-05;0.0568712;0.838235;0.0144536;0.0217031
3.25276e-06;0.975669;2.33474e-07;1.78231e-07;5.53595e-07;5.43434e-06;2.57696e-05;0.000287726;1.20528e-07;1.95754e-06;4.08047e-06;1.01702e-05;0.0224449;0.00154642
2.65224e-07;0.000255156;0.000176743;2.68981e-06;6.95477e-05;6.07328e-05;9.48135e-07;5.79398e-06;2.00437e-08;3.52547e-07;4.23106e-07;0.982697;2.09219e-06;0.0167277
8.47418e-08;0.997176;7.56358e-12;9.28535e-08;1.07899e-07;2.09451e-07;0.00120462;0.000125767;5.5953e-08;1.39727e-05;7.60553e-08;2.4402e-10;0.000137694;0.00134154
9.52011e-12;3.2154e-12;1;1.23593e-11;5.6058e-10;6.3637e-11;2.39914e-11;3.49505e-11;2.93669e-13;5.61098e-12;9.58778e-12;3.78099e-08;4.42247e-14;1.52426e-12
1.67346e-06;0.000247548;8.50037e-08;1.17899e-07;1.24711e-06;1.23346e-06;7.26099e-09;0.00670594;7.12755e-06;6.66607e-09;1.35594e-05;1.17908e-06;0.99302;1.29023e-07
5.56022e-06;0.0200625;4.11297e-07;1.55054e-05;5.46326e-06;4.16085e-06;4.15575e-08;0.000166944;5.18873e-05;2.0211e-06;7.98819e-05;0.976648;0.00246419;0.00049362
2.3905e-05;0.994636;0.00129767;0.000827994;0.000194911;1.23094e-05;2.38197e-05;0.00149523;5.8616e-06;0.000164293;9.24359e-05;0.000415876;0.00033679;0.000472442
1.67342e-06;0.991269;1.76309e-09;2.69973e-05;4.46693e-07;2.67506e-07;2.50455e-05;0.000150036;9.54601e-06;9.57094e-06;0.000132129;0.000536274;0.00782585;1.2951e-05
2.78929e-06;0.000321571;0.00452042;0.000171174;0.000870921;1.54589e-06;3.9507e-08;2.7916e-05;2.75478e-07;1.8487e-07;1.76056e-05;0.993815;7.92736e-06;0.000242684
0.00097476;0.300034;2.54625e-06;0.0009715;0.000380825;0.000225934;0.000493864;0.492462;0.0137989;2.22225e-05;0.0245036;0.00797955;0.153158;0.00499254
5.64239e-06;0.000353855;3.21984e-10;6.06676e-07;4.28561e-07;5.18507e-07;2.58629e-08;0.0461166;1.34673e-05;2.37885e-08;0.00011295;4.20593e-06;0.953387;4.33446e-06
2.74142e-05;0.0145388;4.25748e-08;1.40591e-05;1.50756e-06;6.4961e-07;4.1911e-08;0.000729116;0.000216479;2.49222e-06;3.56772e-05;0.983061;0.000338321;0.00103424
5.65256e-06;0.993596;7.99896e-07;1.22802e-05;1.58846e-08;1.26764e-07;1.12742e-05;9.19521e-06;1.21897e-05;4.52341e-07;3.66105e-05;0.00432387;0.00199152;3.32256e-08
4.35414e-05;0.0355591;3.22967e-06;0.00995404;4.29475e-05;0.000126612;1.51763e-06;0.00123106;0.00740966;9.30561e-06;0.00312524;0.940966;0.000242534;0.00128576
0.000745138;0.952696;2.88069e-05;0.000227816;1.04097e-05;9.8814e-06;1.39392e-05;0.0206206;0.00081275;1.33486e-05;0.00311391;0.00163933;0.0194205;0.000647362
2.52662e-06;0.000291999;1.22153e-06;8.80854e-07;6.34196e-06;2.47458e-07;4.97768e-06;0.999227;2.5101e-05;3.14256e-06;3.64603e-05;5.82766e-06;0.000394235;1.78154e-08
6.0936e-07;0.00011376;0.999615;7.72269e-06;2.52543e-06;3.09385e-06;5.26949e-10;2.45469e-06;1.43052e-08;2.27759e-07;5.74127e-07;0.000243922;1.02665e-06;8.91989e-06
1.49842e-05;0.93383;5.70024e-06;4.01626e-05;4.23706e-06;2.72087e-05;0.000383135;0.0216995;0.0214532;3.17595e-06;0.0215156;7.38467e-05;0.000858798;9.07831e-05
