1.0404e-05;0.999069;4.29505e-05;2.1693e-05;6.60425e-06;2.04629e-07;1.73934e-06;0.000644301;2.86542e-07;1.36133e-06;4.27691e-07;0.000149153;3.19782e-05;1.9607e-05
2.56454e-06;0.00010648;1.34309e-11;1.61433e-08;2.82869e-07;4.91594e-09;3.72576e-07;0.999823;3.43545e-05;4.53205e-08;1.09636e-06;2.56012e-09;3.12342e-05;5.85062e-07
5.63481e-06;0.000537322;4.72547e-06;5.14799e-06;1.35146e-05;4.64416e-08;1.07344e-06;5.80192e-05;6.88331e-05;1.11727e-07;3.42256e-06;0.999195;1.23372e-06;0.000106281
1.13548e-05;0.284676;1.89319e-08;1.9561e-06;8.88407e-07;8.62054e-07;1.60049e-06;0.00163414;1.23942e-05;3.01029e-08;2.8841e-06;3.44487e-05;0.713601;2.27746e-05
0.00010346;0.223005;0.000935547;0.000431952;0.00012626;0.00354263;4.89112e-06;0.0165105;8.73447e-06;3.05048e-05;1.23277e-05;0.716034;0.00587861;0.0333757
3.86046e-07;0.993522;1.54351e-08;4.86622e-06;1.67678e-07;1.62939e-06;9.31996e-05;0.00590542;5.17318e-06;5.64155e-06;6.286e-06;2.62203e-07;0.000228731;0.000226581
8.54999e-10;1.02639e-08;1;9.41069e-09;4.91329e-10;9.54169e-09;3.3377e-09;3.01496e-10;3.92433e-10;8.32623e-10;1.7943e-08;2.65665e-08;4.16382e-10;4.39544e-10
3.65873e-05;0.125655;0.0364106;6.78134e-05;0.000100009;3.50502e-06;7.42974e-07;0.833937;3.75379e-05;4.09237e-07;0.000125773;0.00134823;0.00222864;4.8114e-05
3.09203e-06;0.000607788;0.00630431;7.78657e-05;0.000311531;6.90925e-05;1.14433e-08;0.000424575;1.43431e-05;3.69683e-07;0.00064309;0.957112;1.86367e-06;0.0344303
0.000280526;0.969394;3.31936e-05;4.70649e-05;8.71956e-05;0.00183628;2.6505e-06;0.000623142;0.000105571;7.90296e-06;0.00224036;0.00747412;0.00810065;0.00976738
1.7721e-06;0.979423;6.91771e-09;2.63e-07;3.80854e-06;2.14534e-06;8.5649e-06;9.36374e-05;2.13065e-09;9.93123e-06;3.50241e-08;9.25669e-06;1.00655e-06;0.0204462
5.81053e-10;1.81975e-10;1;2.54306e-10;5.27347e-08;1.15695e-09;1.7799e-11;1.4569e-07;3.78467e-12;1.19327e-11;5.49192e-11;3.92823e-08;4.25324e-12;1.30019e-10
2.68593e-08;7.47913e-05;5.29326e-09;4.66298e-09;2.41064e-06;1.75085e-07;6.75306e-12;0.999751;2.74536e-09;1.35765e-10;2.32243e-09;0.000161289;1.02157e-05;5.69857e-07
2.63382e-09;0.998559;1.44432e-10;9.15947e-08;1.31593e-07;3.81566e-08;4.31647e-07;6.58907e-06;1.13942e-10;8.2591e-07;1.19363e-08;1.12968e-08;1.60269e-05;0.00141745
8.91409e-06;0.306865;3.75659e-06;0.000107983;2.20523e-06;5.12166e-05;0.053753;0.54007;6.8022e-05;0.000103099;0.00318964;5.63947e-08;0.0957769;1.04614e-07
8.346e-09;1.34249e-08;0.999998;1.65543e-07;4.13957e-09;1.45965e-08;1.2958e-06;1.3243e-07;1.8137e-09;7.90077e-08;1.51495e-07;2.40067e-07;3.15408e-09;3.63056e-11
8.80412e-06;0.000954839;1.63457e-05;5.30321e-05;8.54838e-06;2.2823e-05;1.69951e-06;0.00123406;4.86787e-06;2.77884e-07;0.000423286;0.99687;0.000385143;1.57943e-05
4.02978e-06;0.00889602;2.47362e-06;8.09995e-06;0.000178387;4.21974e-05;2.64964e-06;0.0575681;1.37365e-06;7.62797e-07;5.62233e-05;3.90118e-05;0.933199;1.8354e-06
6.54899e-06;0.0095242;3.49721e-08;0.000316726;1.31101e-05;0.00193418;4.30907e-05;0.000468796;0.000190504;0.000139493;0.00329654;0.00123808;0.98261;0.000218509
4.83879e-05;0.0178556;0.979313;0.000242175;3.55606e-05;9.22048e-05;0.000440084;2.71194e-05;5.03353e-07;0.000410888;6.61915e-06;4.71782e-05;3.20784e-05;0.0014483
1.03404e-07;1.72733e-08;0.999992;9.088e-08;1.85193e-08;3.02241e-08;5.46517e-07;1.20351e-08;5.90436e-07;9.4985e-09;5.09915e-06;1.02685e-06;2.27846e-08;1.53766e-09
4.00483e-05;0.294986;1.45302e-05;0.000263554;0.000134001;7.49866e-05;1.54677e-05;0.655275;0.0143933;2.28704e-05;0.00505769;0.0259505;0.00372643;4.53165e-05
6.20296e-09;1.51576e-06;0.999991;1.74289e-09;3.23591e-08;2.86054e-09;8.5693e-10;7.19743e-08;1.01759e-10;5.99363e-10;2.11539e-09;7.39416e-06;3.4439e-08;1.86757e-08
7.56961e-05;0.930211;1.47314e-07;4.79273e-05;0.000422056;0.000578031;5.29388e-05;0.0327982;0.00239565;3.29173e-06;0.000328704;6.27981e-06;0.0319782;0.00110219
0.00384856;0.810181;3.22615e-06;0.000780538;4.99368e-05;2.61902e-05;0.000723024;0.0355169;0.0594185;0.000276198;0.00445869;0.0621314;0.0201709;0.00241485
0.000226806;0.997362;0.000203662;0.000132091;2.28009e-05;3.12523e-06;0.000774415;0.000100721;4.22942e-05;0.000202641;8.09759e-05;0.000483354;0.000125292;0.00023927
0.000165905;0.753086;4.33069e-06;1.78862e-05;1.28854e-05;1.34711e-06;2.14414e-05;0.000337775;0.000266372;1.05965e-06;0.000174239;0.09681;0.1491;1.12292e-06
9.81355e-05;0.242313;4.00264e-05;2.98727e-05;0.019401;8.81855e-05;1.45278e-06;0.544964;6.05652e-07;4.82533e-05;1.55065e-07;0.00109636;0.168122;0.0237973
5.24753e-05;0.0931719;2.27409e-06;0.000363004;2.71867e-05;0.0118724;0.00468363;8.73014e-06;0.000973716;0.00488418;0.00126781;0.00269268;0.876438;0.00356241
3.91644e-06;0.000711419;0.99153;6.78033e-05;1.04246e-06;1.31885e-05;0.0060239;2.69075e-08;1.75555e-06;0.00138949;2.03877e-05;0.000216362;1.29224e-06;1.97667e-05
1.33917e-07;1.96849e-07;0.999976;1.90911e-07;2.86364e-08;6.3597e-08;7.34868e-06;4.74472e-08;2.39802e-06;1.07911e-07;1.3589e-05;1.09503e-07;8.11171e-10;2.28753e-09
9.13218e-07;1.8026e-05;7.35587e-10;5.89802e-09;1.62525e-07;1.5315e-08;9.55418e-10;0.999959;1.44762e-05;1.03502e-09;8.77635e-07;2.51309e-07;5.88818e-06;1.51663e-08
1.15302e-06;0.187444;1.61841e-07;1.17551e-06;7.88324e-07;8.1903e-07;0.000281377;1.06756e-06;5.54843e-08;0.000627114;9.31878e-07;1.98827e-06;7.15787e-07;0.811638
1.57156e-10;3.51077e-10;0.999995;1.17114e-09;8.24302e-10;8.6259e-10;3.57385e-09;6.59514e-11;7.76004e-11;3.33244e-10;8.32646e-09;4.77894e-06;5.87769e-14;2.46666e-09
1.67629e-07;1.60306e-05;1.26273e-11;3.68321e-09;3.62452e-08;1.2697e-09;7.0243e-09;0.999975;6.9685e-06;1.23757e-09;1.06332e-06;1.68968e-09;9.1659e-07;9.95604e-10
1.95614e-05;0.00735848;4.20964e-05;6.77851e-05;8.11949e-05;3.30103e-05;6.23065e-06;0.000997234;0.000207526;5.70797e-06;0.000278621;0.987136;3.88265e-06;0.00376251
7.73685e-05;0.282328;1.5997e-08;0.00035772;0.01794;3.31824e-05;2.63585e-05;0.692372;0.00168118;9.91159e-06;0.00371515;0.000351177;3.75621e-05;0.00107129
0.000205829;0.00197339;0.980925;0.00146938;0.000320097;4.30984e-05;2.82192e-06;3.0717e-06;7.5803e-06;2.18814e-05;0.000134495;0.0112162;0.000164604;0.00351272
0.00127355;0.912928;1.26128e-06;1.15117e-05;9.23123e-06;2.80331e-05;1.56987e-05;0.00113351;0.0109285;2.63306e-07;0.0206757;0.0126828;0.0400666;0.000245826
1.71282e-05;0.997617;4.94776e-08;1.02464e-07;1.21955e-06;1.26652e-07;2.47987e-07;6.06362e-06;7.08508e-07;2.22982e-07;4.02574e-07;0.00228513;7.04571e-05;8.46033e-07
6.49994e-07;0.996393;4.15088e-10;2.07403e-08;1.84176e-07;3.76134e-07;0.000778775;8.49088e-07;1.60358e-06;8.36459e-05;8.94862e-09;1.40091e-07;2.22654e-05;0.00271832
1.40486e-08;2.29136e-08;1;8.22143e-09;5.65174e-09;1.02299e-07;2.29579e-07;5.08857e-09;9.36439e-08;3.16771e-09;2.09658e-08;7.58525e-09;4.26922e-09;2.17188e-10
