8.90937e-07;0.997631;4.11296e-08;5.87075e-07;7.09766e-08;1.77246e-06;0.000148941;0.00129085;3.54529e-07;6.12302e-05;9.54476e-08;4.04624e-08;0.000828266;3.64228e-05
1.14233e-11;1.96227e-11;1;9.88311e-11;7.01093e-11;3.02848e-11;5.33062e-12;1.44776e-10;7.05101e-13;2.67066e-12;1.86148e-12;2.71906e-07;1.41121e-13;1.09185e-12
7.56425e-07;0.994251;2.06829e-08;4.55045e-06;1.46792e-07;7.18697e-07;8.76278e-06;0.000169623;4.91718e-07;8.43385e-08;1.60495e-06;2.48764e-05;0.00550554;3.21609e-05
3.72264e-05;0.0454705;2.44557e-07;5.37438e-06;4.13357e-05;1.5493e-06;7.88732e-05;0.91783;1.76961e-05;1.46557e-06;0.000133899;2.71878e-05;0.0363537;1.52054e-06
0.000111543;0.0824025;0.819247;0.0016835;7.2623e-05;0.000549072;1.15817e-05;0.000329927;1.11357e-05;1.94566e-05;0.000113914;0.0564168;0.0386785;0.000352408
7.39019e-06;0.580237;8.97955e-07;4.16349e-08;9.55894e-08;8.36948e-09;9.77624e-08;0.0374686;1.26116e-07;5.47217e-09;1.2921e-05;0.381723;0.000550357;1.60033e-07
1.31126e-07;0.996588;5.66287e-08;2.57706e-06;2.6676e-05;5.74625e-05;0.000351281;2.73079e-05;7.41584e-08;0.000313485;3.86577e-07;5.18718e-07;0.000132705;0.00249999
1.55605e-07;7.36902e-08;0.999872;1.99731e-06;4.83657e-07;1.30073e-07;3.11572e-05;1.83666e-06;1.49046e-06;8.99388e-07;4.72214e-05;4.3127e-05;4.43113e-09;3.41936e-09
6.55703e-05;0.985386;0.00135815;0.000189429;4.59564e-05;8.42883e-05;0.000476669;0.000418445;2.94712e-05;2.29401e-05;0.00371903;7.19044e-06;0.00799951;0.000197728
5.0703e-07;0.0224541;6.54911e-08;5.29112e-08;1.43944e-08;1.73989e-08;1.88489e-06;1.34176e-06;4.5571e-07;9.53964e-09;1.29153e-05;0.97693;0.000597857;7.45017e-07
1.32656e-05;0.305415;1.10444e-08;0.000240532;0.0011139;0.00664361;0.000336235;0.169987;0.00125204;2.18222e-05;0.0027848;0.00864954;0.502979;0.000563184
7.6012e-05;0.844842;0.101073;0.000482561;0.000621719;0.00999582;7.91888e-06;0.00518447;2.91511e-07;1.99116e-05;4.98285e-06;0.0208474;0.00252038;0.014324
6.56667e-05;0.880334;1.05017e-08;3.87418e-05;0.000314698;0.000233063;5.85412e-06;0.0011882;1.52567e-05;7.17254e-06;0.000377927;0.0153202;0.0823481;0.0197507
6.24899e-06;0.936395;7.41722e-09;4.49612e-06;1.08524e-07;7.03756e-06;5.35274e-06;5.56855e-07;2.28534e-06;6.86308e-07;2.61434e-05;0.0627763;0.000750611;2.50104e-05
1.70484e-05;0.982332;1.31647e-05;5.34056e-06;4.34315e-07;1.40686e-06;5.73856e-06;0.000434727;2.04694e-06;2.24855e-07;4.84589e-05;0.0161096;0.00102847;1.58179e-06
1.72249e-07;0.995604;1.70456e-09;9.33988e-07;0.000296173;6.17318e-06;4.34974e-08;0.00400284;1.1155e-08;3.81509e-07;1.63962e-08;2.35675e-07;1.34504e-05;7.52711e-05
1.38834e-06;8.20972e-05;0.0481059;7.86205e-06;8.41216e-05;0.00154339;2.38698e-09;8.09789e-06;5.10598e-09;1.94134e-06;6.0973e-07;0.949598;0.000284552;0.000282386
0.00010616;0.897493;4.79223e-08;6.55534e-07;1.48787e-07;2.74618e-07;0.0981494;0.00371031;2.18204e-05;0.000101663;0.000380028;7.74812e-08;3.5427e-05;9.30712e-07
1.80915e-08;1.35245e-08;0.999998;5.7419e-08;1.6671e-08;9.02408e-09;7.79932e-07;6.71474e-08;2.7763e-08;4.22407e-08;8.57899e-08;7.39923e-07;2.11578e-11;4.35045e-10
5.77534e-07;0.999891;8.49212e-09;1.93467e-06;7.08226e-08;9.41539e-09;4.88881e-07;6.28459e-05;2.8291e-07;4.47155e-08;9.30839e-07;1.01459e-06;4.09608e-05;8.43826e-09
5.57397e-08;0.994968;2.6961e-10;2.44895e-08;1.09374e-09;4.68282e-08;3.49823e-08;3.5645e-07;2.33157e-10;1.02046e-08;1.71301e-09;0.000105271;0.00492409;1.98641e-06
3.1422e-06;0.000448874;1.2155e-06;1.38105e-05;0.000634468;5.69674e-05;7.86046e-08;0.0066553;7.86865e-07;2.5601e-07;4.75153e-06;0.989419;0.00189862;0.000863196
8.56458e-05;0.758578;3.0262e-06;0.000758494;0.000237513;0.000695867;2.39475e-05;0.0251066;0.000841822;1.32219e-05;0.00066476;0.000464437;0.211847;0.000679081
0.000403492;0.369127;7.33282e-06;0.000386079;0.00057292;0.00420843;2.464e-05;0.464948;0.000298691;2.15379e-05;0.00192471;0.0786807;0.0600265;0.0193693
1.25669e-05;0.983382;1.00782e-08;1.22063e-06;3.34501e-08;4.04102e-07;0.0163022;1.43097e-05;8.34405e-07;0.00021127;3.50249e-05;2.46539e-07;9.68542e-06;3.06342e-05
2.53437e-08;2.2805e-08;0.999998;7.56701e-08;1.1817e-09;6.013e-09;1.06311e-06;1.4402e-09;4.18657e-08;5.22142e-08;1.36605e-07;4.82971e-07;1.08714e-11;1.87249e-10
2.20555e-05;0.997456;1.03502e-06;2.49314e-06;3.84828e-09;5.39248e-09;2.51297e-06;0.000378199;0.000124576;1.14217e-07;0.000356961;0.00157555;8.01449e-05;1.42701e-08
2.53569e-08;0.999624;1.29817e-11;1.48923e-06;1.31592e-07;3.3948e-09;1.73028e-06;1.23989e-07;2.8716e-08;2.40028e-05;4.34044e-07;1.49024e-05;1.17174e-08;0.000332913
1.44312e-05;0.00296473;0.990831;3.667e-05;5.65979e-07;6.402e-06;0.00183688;5.96647e-06;4.60383e-05;1.29706e-05;0.00398741;9.34585e-05;0.000163398;1.06307e-07
8.01709e-05;0.612188;5.16021e-05;3.37086e-06;4.69801e-07;3.31644e-06;2.97277e-05;0.00226681;1.17552e-05;1.28688e-06;0.000106226;0.00515746;0.380099;4.74559e-08
0.00105424;0.494562;9.9321e-07;0.000286125;0.00494812;0.000170695;1.60916e-05;0.0292291;0.00427405;9.8887e-06;0.00333591;0.116345;0.288545;0.0572232
0.00341986;0.495879;5.04586e-07;0.000107459;0.000122775;1.79738e-07;4.14054e-05;0.347391;0.127686;0.000112482;0.0013446;0.0107547;0.0130709;6.95434e-05
0.00313797;0.303204;0.176108;0.0090606;0.0944237;0.0221737;6.39477e-05;0.00163377;0.00127231;0.00847193;0.00100371;0.0019785;0.31512;0.0623481
0.00386048;0.8242;0.0960374;0.000486219;0.000132429;3.04993e-06;9.0501e-05;0.00111871;0.000189577;2.65564e-05;7.02364e-05;0.0698439;0.000275003;0.00366614
0.000307783;0.200614;1.75943e-09;9.94217e-05;0.00516606;2.14542e-05;2.212e-05;0.778873;0.00757207;7.03179e-05;0.000297058;4.23308e-05;0.000712466;0.00620121
0.00502576;0.345037;0.00969972;0.0211491;0.00177399;0.00239268;8.92506e-05;0.00209379;0.00398287;0.00135554;0.00259426;0.115237;0.476153;0.0134163
3.58713e-05;0.00214712;2.88595e-10;1.60486e-08;0.000263793;8.6448e-08;1.79028e-07;0.997501;2.12453e-06;4.77885e-08;2.68019e-07;5.63359e-06;2.63334e-06;4.13036e-05
5.63554e-07;0.000567078;0.999129;2.37736e-06;1.67854e-05;9.34147e-05;7.68506e-09;1.9749e-06;2.00915e-08;1.06082e-07;1.34682e-07;7.51735e-05;0.000109385;3.95587e-06
3.14061e-05;0.996754;1.54197e-09;7.15695e-08;1.11832e-06;5.36451e-07;0.000205452;0.00248243;2.07118e-05;3.49482e-06;3.22904e-05;3.86843e-08;0.000355249;0.000113516
3.17335e-09;4.3131e-09;0.999997;2.01021e-09;1.1776e-08;6.30516e-10;1.06217e-08;1.51063e-07;2.58663e-08;2.30609e-10;3.3202e-09;3.27776e-06;3.46029e-11;4.20117e-12
0.000839505;0.236147;9.05583e-06;0.000477547;4.02322e-05;5.01512e-05;3.85485e-05;0.123629;0.0529816;5.21555e-05;0.0474836;0.351569;0.186661;2.15257e-05
4.8097e-08;3.41252e-05;0.999804;2.62271e-08;4.64358e-06;1.41989e-07;7.91053e-09;1.39826e-07;2.67639e-09;2.65582e-08;4.84291e-08;0.000156594;3.27104e-07;5.51115e-07
3.68397e-05;0.720905;6.40653e-06;0.000814491;0.0013505;0.000521886;0.000424698;0.227279;0.0051438;0.000165694;0.0185332;0.000213573;0.0240437;0.000561667
0.000573724;0.100448;2.3035e-06;0.00287072;0.00509224;0.00489757;0.00630318;0.0043834;0.0969846;0.00206535;0.773121;4.26927e-05;0.00139441;0.00182083
0.000219679;0.190629;9.50858e-08;2.12696e-06;1.05604e-07;2.1369e-06;7.06846e-05;4.17067e-06;3.32132e-05;7.68613e-07;5.2611e-05;0.00224503;0.806739;7.81879e-07
8.25157e-06;0.0213966;4.04789e-06;2.5945e-06;0.000480229;1.33128e-05;2.60794e-08;0.00069266;2.6771e-06;2.21638e-07;1.34892e-07;0.973992;0.00281254;0.000594749
1.54446e-06;0.996916;1.08465e-11;1.29623e-06;2.62186e-07;2.29093e-08;0.00189583;2.25558e-06;1.52089e-05;0.000456518;9.2746e-07;1.05075e-08;7.14937e-06;0.000703141
9.24089e-09;6.43281e-09;1;6.92201e-09;2.44021e-10;2.72083e-09;8.95627e-08;1.23162e-09;1.10467e-07;1.33649e-09;1.42891e-07;4.36023e-09;1.48995e-08;5.56668e-12
