1.80385e-06;0.0071655;7.93821e-08;2.76115e-06;3.35708e-07;9.72343e-06;9.85173e-07;0.000265043;4.77322e-06;1.22525e-07;2.01324e-06;3.51601e-05;0.992511;2.59057e-07
9.93682e-05;0.00214607;0.000115139;0.00237794;0.00116691;0.000503128;3.68233e-06;0.0261818;7.66522e-05;5.66773e-05;9.3103e-05;0.965381;0.000173085;0.00162572
0.00027286;0.893603;3.60711e-08;0.00130657;0.000170947;0.000339901;1.96427e-05;0.0932779;0.00201174;1.20119e-05;0.00104399;0.000192331;0.00768183;6.76979e-05
0.000519096;0.163796;0.395249;0.000333432;0.000149545;6.67524e-05;1.98148e-06;0.0009168;4.14945e-06;8.29539e-06;2.69691e-05;0.434855;0.00113028;0.00294292
1.96909e-05;0.993273;9.87468e-07;1.69243e-07;1.61517e-07;1.75604e-07;2.22877e-06;2.21286e-06;1.553e-06;7.79892e-08;1.16434e-06;0.00615307;0.000543207;2.0847e-06
3.85275e-06;0.00582726;1.67401e-05;0.000162216;0.000189414;0.00176309;2.75502e-06;0.00163933;0.000266987;5.65118e-06;0.000254071;0.168582;8.05537e-05;0.821206
0.000128176;0.790339;6.65903e-05;1.04048e-05;5.60926e-07;2.65505e-07;4.36566e-06;0.20236;2.20593e-05;3.99859e-07;0.000118644;0.00117184;0.00577777;3.40476e-08
4.05651e-07;0.00715774;8.00341e-05;7.31221e-06;4.24786e-06;5.49159e-07;1.34101e-07;0.000447972;3.72657e-07;6.4327e-08;3.54066e-06;0.987945;0.00430235;5.03719e-05
8.76678e-06;0.642908;6.4409e-07;5.55173e-05;0.01063;4.3633e-05;0.000118172;0.345268;2.55656e-05;7.4509e-05;9.14364e-05;0.000358302;0.000116789;0.000300655
0.000126605;0.00370045;0.974324;0.00024198;0.00551624;0.000152983;1.30875e-06;8.87346e-05;4.07626e-07;2.51385e-05;8.89787e-06;0.00161089;0.000845114;0.0133573
0.00323048;0.920002;2.50714e-07;5.44533e-07;2.11214e-05;2.4351e-07;0.0622507;0.00642811;0.000141753;0.000141142;0.000176942;1.85531e-07;0.000363026;0.00724376
1.40506e-08;2.49479e-10;0.999998;2.91765e-10;2.0095e-08;2.04453e-11;6.50429e-09;1.21187e-08;3.30015e-08;1.6143e-10;1.30226e-08;1.65438e-06;5.20778e-12;8.90139e-12
0.00286378;0.799078;7.71226e-06;3.49342e-05;0.000182944;1.02839e-05;0.00197143;0.0281374;0.0220057;1.97994e-05;0.00104316;0.000211228;0.143799;0.000634092
1.21025e-06;0.019195;2.4912e-06;1.2557e-06;5.80616e-06;1.21674e-07;5.10897e-07;0.00302672;4.37379e-05;1.20563e-07;2.67637e-06;0.977662;1.78154e-05;4.08852e-05
1.35691e-05;0.996889;7.33098e-09;3.69155e-05;4.39684e-06;5.68338e-06;1.30226e-05;0.00054466;7.14937e-05;7.12117e-06;1.50048e-05;0.00134658;0.00103565;1.71701e-05
1.68418e-05;0.00342013;2.38089e-07;6.77106e-07;4.04095e-07;3.60691e-08;4.85644e-08;0.00070703;7.20296e-06;1.17974e-08;4.75143e-06;0.994819;0.00102366;1.01912e-08
0.000387364;0.305279;1.18796e-05;5.72836e-05;0.00700771;1.85086e-05;3.76204e-06;0.625936;0.000152205;1.50086e-06;6.52055e-06;0.0093368;0.0476886;0.00411355
8.32724e-06;0.00153003;4.83767e-10;1.85822e-05;7.3684e-07;0.000112469;1.26076e-05;7.3851e-06;0.00183165;3.41665e-06;0.000294996;1.78667e-05;0.996063;9.85202e-05
2.37174e-05;0.000343269;0.999257;1.28895e-05;2.44886e-06;5.03699e-07;5.04159e-08;1.28413e-05;8.62109e-07;5.67183e-07;2.15615e-07;0.000281767;1.12855e-07;6.40577e-05
2.13867e-06;0.996726;1.60145e-08;2.11539e-06;1.15445e-05;1.3144e-06;8.16055e-07;0.00181481;6.34069e-05;7.93786e-08;1.74704e-05;2.31622e-05;0.00128483;5.26772e-05
0.000101961;0.0180347;9.27024e-05;3.58831e-05;0.00561613;0.000767239;4.10597e-06;0.942572;0.000132149;3.40651e-05;3.57287e-05;0.00729465;0.00118228;0.024096
0.000317584;0.152053;3.48803e-07;8.54159e-05;0.000359655;4.31931e-05;4.88833e-05;0.830328;0.000153447;9.87238e-06;0.000163501;0.00936424;0.00695452;0.000118447
0.000843046;0.819375;1.18305e-07;0.00678512;0.00124019;0.000208693;8.01715e-05;0.131931;0.00363465;0.000174897;0.00117746;0.00367655;0.0260394;0.00483381
0.00024039;0.398429;8.36907e-05;3.95292e-05;5.66769e-06;3.30941e-07;2.11476e-06;0.00519933;1.14652e-05;1.9188e-06;6.43924e-06;0.0792724;0.516702;5.30083e-06
8.03642e-05;0.00151518;1.8769e-08;6.48786e-06;0.00417236;1.53487e-06;3.46748e-06;0.991059;0.000959518;4.38344e-06;3.15901e-05;0.00204721;0.000114206;4.23045e-06
0.000427359;0.978772;0.00709047;0.000431211;0.000514606;0.000161317;0.00686419;0.0015498;8.69152e-05;0.00284901;5.12792e-05;2.15041e-05;0.000187654;0.000993047
3.33872e-07;2.37499e-08;0.999994;4.1789e-08;2.26442e-08;8.65442e-09;9.02237e-07;1.94058e-08;1.55194e-06;1.23238e-09;1.45429e-06;1.52145e-06;1.56603e-09;1.43451e-09
0.000224038;0.632329;0.000430728;4.86488e-05;4.83856e-05;6.88837e-05;1.27913e-05;0.017646;0.00330453;2.56362e-06;0.00193904;0.335076;0.0084283;0.000440854
5.62079e-06;0.954692;6.67793e-07;9.58751e-07;2.72002e-06;0.000141092;2.52092e-07;8.63335e-06;4.34116e-06;2.09177e-07;4.49912e-06;0.000719374;0.0441872;0.000232829
2.21021e-05;0.0437716;2.83667e-05;8.6343e-06;0.0119759;0.00173881;6.34889e-09;0.00937753;2.2607e-07;5.54589e-07;3.72929e-07;0.916878;0.00382199;0.0123758
8.34387e-05;0.571425;4.21742e-07;0.000578854;0.035588;0.00429044;6.77603e-06;0.179718;0.0003916;6.04682e-06;0.000589137;0.00423342;0.139762;0.063327
2.8852e-06;0.898096;1.69871e-08;4.5777e-06;0.000111257;1.80919e-05;6.18919e-06;0.101373;1.52957e-06;1.20922e-05;1.02851e-06;6.584e-06;4.24988e-05;0.000324398
6.58436e-05;0.00827823;0.0890327;0.000586763;0.0440138;0.00168497;7.54531e-08;0.000268216;3.17851e-08;1.38079e-05;2.75719e-06;0.836884;0.0160093;0.0031597
2.99615e-06;0.0509221;3.37044e-11;1.14402e-06;0.000256185;1.04895e-07;2.87666e-05;0.948161;0.000252662;1.16834e-07;8.34604e-05;2.96474e-06;0.000288569;2.0448e-07
0.000113199;0.0633209;0.78416;0.0157852;0.0199727;0.0247052;1.72238e-05;0.000206349;3.47795e-05;0.000246766;0.000163181;5.79929e-05;0.0890611;0.00215566
2.86192e-05;0.998196;8.73744e-05;3.2803e-06;1.63934e-05;1.30541e-06;4.27484e-07;7.6033e-05;3.45937e-07;5.21263e-07;3.38841e-07;0.00138655;0.000148183;5.44327e-05
4.51578e-06;0.997822;1.83285e-09;1.67851e-07;0.000135863;4.4042e-07;1.6881e-05;0.00194508;4.91417e-06;4.0285e-07;1.92528e-06;9.82834e-06;5.29097e-05;4.59477e-06
0.00216065;0.053313;0.00851007;3.81231e-05;0.0184039;0.000281009;3.19961e-07;0.00203026;1.57328e-05;2.7392e-06;8.06134e-06;0.911284;0.00205202;0.00189994
4.55765e-05;0.942707;1.91198e-07;6.9088e-07;0.000199332;2.53991e-05;4.22037e-06;0.0438276;0.000325437;8.50886e-08;2.12589e-05;0.00152237;0.0055015;0.00581916
1.35001e-06;0.00537881;5.61507e-11;7.56167e-07;1.89022e-05;1.82013e-06;2.7685e-08;0.00305494;4.16396e-06;2.13631e-07;1.57091e-06;7.23392e-05;0.991463;1.6729e-06
4.3163e-05;0.00416086;1.23842e-06;1.15357e-05;0.000143648;9.33252e-06;4.67693e-08;0.000325563;0.000106456;2.18168e-06;7.99558e-06;0.990563;0.00461688;8.55503e-06
2.03419e-05;0.996823;0.00146772;9.50007e-06;3.83593e-05;9.37714e-06;6.04686e-05;0.00116359;1.97529e-07;7.80544e-05;5.99326e-08;8.53035e-06;0.000126416;0.000194421
1.15394e-08;6.1265e-08;0.999998;6.80246e-08;1.07091e-08;4.87377e-09;2.53421e-08;1.44642e-07;9.2448e-09;5.11035e-09;7.67253e-08;1.24216e-06;3.87835e-08;9.5296e-10
8.44502e-08;1.63667e-07;0.999536;7.8838e-07;2.38297e-07;6.3298e-08;8.69625e-08;4.53916e-05;6.27782e-08;1.21987e-08;8.76804e-07;0.000411522;1.13988e-08;5.07212e-06
8.81352e-09;4.37172e-05;4.12113e-06;3.53543e-08;3.06411e-06;0.000242492;2.92734e-10;3.22175e-07;1.34628e-10;4.55519e-09;1.88812e-08;2.64915e-06;7.1122e-08;0.999704
7.22516e-07;0.000497546;2.10901e-08;7.63175e-08;7.55092e-07;9.94073e-06;2.32747e-09;0.000996211;1.78219e-08;1.65095e-09;8.36974e-07;2.7945e-05;0.998466;8.02743e-08
3.79672e-08;0.99901;3.31535e-09;8.42667e-08;2.79541e-10;1.08181e-07;2.84582e-08;3.65877e-08;4.22562e-10;3.71001e-09;1.01955e-08;5.26095e-05;0.000937321;2.209e-07
1.06613e-07;0.00145726;1.72816e-05;2.17883e-06;1.86444e-06;7.38622e-08;3.96198e-08;0.0151183;1.15071e-08;8.71273e-09;2.36608e-06;0.983386;1.37331e-05;9.41767e-07
2.11943e-07;0.983512;5.05487e-08;0.00127249;0.00242821;0.000641709;8.88199e-08;0.00287416;1.90135e-06;1.29678e-06;7.40828e-05;0.000111377;0.00636876;0.00271428
5.42972e-05;0.300609;2.38786e-05;0.000199652;1.56583e-05;2.86821e-05;1.63569e-05;0.00219765;9.64874e-05;2.24364e-05;0.00188996;0.0105707;0.684256;1.9107e-05
4.95704e-06;0.0076402;1.18892e-08;4.29789e-07;0.000636433;9.81602e-05;1.32072e-05;0.991161;2.26726e-07;2.03213e-05;1.12247e-06;5.03248e-07;0.000318798;0.000104054
1.35192e-08;2.05204e-10;1;4.65433e-09;8.61271e-09;7.34366e-10;1.64892e-08;1.6899e-09;7.35184e-10;2.69243e-09;9.08358e-09;3.43729e-07;4.91078e-10;6.41229e-11
3.15745e-06;8.44673e-06;0.995225;1.5126e-06;2.03565e-06;1.36444e-08;1.81576e-07;1.71851e-05;1.05061e-05;1.08017e-07;9.55457e-07;0.00472921;4.0201e-09;1.86041e-06
4.03994e-07;0.00481678;4.85634e-10;3.03059e-08;3.6807e-06;1.15267e-05;2.81393e-05;1.50339e-07;3.4118e-07;1.65197e-05;6.51369e-08;4.35082e-11;1.49143e-07;0.995122
1.08933e-09;1.51108e-10;0.999998;1.03334e-10;2.93183e-08;3.12539e-11;4.5749e-12;6.12118e-11;4.12399e-11;1.70287e-12;7.88894e-13;1.84649e-06;4.62578e-14;2.90994e-11
1.25007e-05;0.000240762;1.1418e-07;3.19602e-07;0.00217174;1.70959e-07;2.70053e-10;0.997547;3.90351e-06;1.8701e-09;6.06846e-09;1.8756e-05;2.84174e-07;4.63379e-06
6.93072e-06;1.95925e-06;8.47721e-07;1.02044e-08;0.000608012;8.79178e-07;1.65458e-09;0.999031;3.3114e-07;4.18683e-08;9.56471e-09;9.50632e-08;0.000349552;2.50387e-08
3.7966e-08;5.71484e-07;0.999989;1.52593e-08;6.52013e-06;6.09872e-07;3.92188e-13;7.03825e-08;1.39145e-11;1.39812e-09;9.38756e-11;2.78286e-06;5.03593e-09;6.12405e-07
4.30895e-07;0.998294;1.2498e-06;2.1421e-07;9.09901e-07;3.27086e-07;1.45201e-06;0.0015675;1.91159e-05;3.49696e-08;5.11346e-06;6.19895e-06;0.00010164;1.77112e-06
