4.11167e-05;0.994284;0.00088176;0.00022909;1.58508e-05;1.20048e-06;5.96332e-06;0.00329855;2.24095e-06;8.85103e-06;5.22873e-06;0.000430984;0.000787352;7.90122e-06
3.56999e-06;0.9925;5.84402e-08;1.0588e-06;4.3325e-07;1.51691e-06;0.000158982;0.00517492;1.18058e-06;8.18913e-05;7.6551e-07;1.34855e-06;0.002048;2.58602e-05
1.4453e-10;3.51194e-09;1;5.48205e-10;3.67236e-09;2.9028e-10;4.93103e-10;6.22273e-09;3.79713e-12;1.77665e-10;1.78689e-11;4.30737e-07;1.16925e-12;3.40151e-11
2.84865e-06;0.697857;8.38741e-09;3.85205e-05;1.39682e-06;1.50522e-05;1.83485e-05;0.000131055;2.61644e-05;1.48617e-06;0.000230567;0.00193202;0.299675;7.01303e-05
4.53248e-06;0.0600568;0.934029;2.19534e-05;1.05923e-07;1.37258e-07;4.08535e-05;3.90769e-05;5.30974e-08;1.62836e-05;1.23445e-06;0.00576037;9.39083e-06;2.00939e-05
2.47013e-07;2.21346e-06;0.99997;8.08183e-08;3.28021e-07;2.81463e-08;3.52534e-06;1.53742e-07;1.78206e-07;2.29933e-08;5.17634e-06;1.81535e-05;1.51584e-09;1.89402e-07
4.09136e-08;0.0974751;2.3753e-12;1.17669e-08;2.01412e-08;6.86835e-07;3.08564e-08;0.000181547;1.2569e-08;2.00318e-08;4.64334e-07;9.62693e-09;0.902342;1.10774e-07
0.000117406;0.00492664;0.315987;0.000156351;0.00022194;0.00034505;4.62634e-07;0.00057692;2.74833e-07;4.29311e-05;2.1657e-06;0.597102;0.000312462;0.0802081
2.65131e-06;0.0183011;1.09814e-09;9.54497e-06;1.38526e-06;0.000860469;1.24737e-05;0.000316203;1.81268e-05;2.27639e-06;0.000294042;2.31602e-06;0.978771;0.0014087
8.60145e-06;0.0644457;0.934112;0.000160898;1.07802e-06;1.78835e-05;0.000292427;1.20001e-05;1.83584e-07;0.000565983;4.74688e-06;8.11033e-05;2.20369e-05;0.000274924
3.80582e-08;3.86305e-07;0.999994;6.61867e-08;5.0814e-08;8.99429e-08;1.97884e-06;9.99163e-08;2.84247e-08;1.77064e-07;5.59995e-07;2.74262e-06;3.07022e-08;3.43588e-08
1.47182e-05;0.0429637;1.72788e-08;8.39554e-06;3.34703e-06;5.03341e-06;1.86222e-05;0.00938854;0.000128924;2.35077e-06;0.000376308;0.000692109;0.946397;1.09784e-06
0.00176487;0.588394;0.172992;0.00145865;0.000505107;2.72177e-05;0.00010662;0.191617;4.12551e-05;0.000238217;0.000254564;0.0128079;0.0265311;0.00326148
7.78403e-07;0.0616614;9.94982e-09;2.18941e-06;3.19498e-07;1.32979e-06;0.934571;4.19036e-06;9.27166e-07;0.00367435;4.89979e-05;1.32804e-08;1.55336e-05;1.91664e-05
1.14174e-10;6.08584e-11;1;1.44733e-09;2.62744e-10;5.91764e-10;3.60385e-07;1.67801e-10;3.59503e-10;4.82858e-09;2.07193e-08;2.13169e-08;1.303e-13;5.07234e-12
8.34418e-06;0.988239;2.61946e-08;4.5563e-06;2.54979e-07;5.70287e-06;0.000172156;1.45655e-05;2.94889e-05;3.5852e-06;0.000398996;0.000143214;0.0109801;5.24566e-07
0.000355455;0.0138072;0.109357;0.000339021;0.000225705;0.000123348;1.80025e-05;0.0010748;2.85732e-05;1.25682e-05;0.000429003;0.869308;0.000943651;0.00397788
1.56163e-05;0.896763;6.76947e-07;1.4073e-05;1.90704e-05;8.57329e-06;2.39609e-05;0.0529046;9.40987e-05;8.62694e-08;0.000117755;7.44807e-05;0.0499243;3.9163e-05
8.0254e-06;0.940924;2.74307e-07;4.66593e-06;4.46436e-06;2.90702e-05;2.36293e-05;0.000437107;3.12601e-06;0.000155062;6.43498e-07;8.17021e-06;0.000354561;0.0580474
7.37925e-10;8.14172e-10;0.999995;4.01554e-09;2.09034e-08;8.87509e-10;9.40725e-11;1.12096e-08;2.52751e-10;2.05578e-10;5.12802e-10;4.61109e-06;9.25532e-11;9.73356e-12
0.000119418;0.677249;6.06405e-09;0.000302092;0.000716211;1.58485e-06;0.221586;0.00695907;0.00168753;0.00861934;0.00459981;7.06498e-06;1.77991e-05;0.0781352
4.77892e-06;2.44894e-05;0.999257;9.43513e-07;2.03784e-07;1.33189e-08;0.000379757;8.81385e-07;5.18295e-05;7.45645e-08;0.000266993;1.21036e-05;1.11141e-06;6.59192e-10
7.68152e-05;0.97065;1.03793e-05;4.01854e-06;0.000119367;1.4515e-05;1.50144e-05;0.00115707;4.6469e-06;2.04271e-06;2.74544e-06;0.000336391;0.0275034;0.000103615
1.54062e-07;0.000484061;1.48714e-07;1.60367e-09;1.92524e-07;1.11218e-09;1.20104e-10;4.89976e-05;2.55386e-09;1.55631e-10;1.38612e-09;0.999413;5.28102e-05;5.57217e-07
5.9068e-05;0.650686;3.71401e-06;7.21176e-06;0.000234687;1.86053e-05;3.5011e-05;0.22624;6.73005e-06;6.34448e-06;8.28544e-07;0.00118248;0.117525;0.00399437
0.000113742;0.004364;3.6531e-05;9.54388e-05;3.46067e-05;0.0449812;7.30191e-05;0.00112959;0.00163748;9.09145e-05;0.00261668;0.332799;0.608423;0.0036042
0.00343147;0.0899304;0.575934;0.0111176;0.00583061;0.00701182;0.145234;0.00292577;0.000427523;0.029889;0.00171325;0.0561018;0.00310883;0.067344
6.32362e-08;1.09341e-08;0.999999;1.60879e-08;1.05954e-07;9.4222e-09;1.6185e-07;1.09263e-07;1.93861e-07;1.48505e-09;2.4569e-07;2.95194e-08;4.4669e-10;7.29846e-10
8.52891e-05;0.0632414;3.26741e-06;4.35073e-05;5.92708e-05;0.000108617;1.50473e-05;0.0248181;0.00171315;1.81057e-06;0.00151623;0.00343647;0.90492;3.80752e-05
7.42845e-06;0.00239593;5.16504e-07;0.000404965;0.000372756;0.00137714;8.9411e-07;0.00045717;0.000411988;1.53657e-05;0.00469522;0.983839;0.00170666;0.00431503
5.4945e-05;0.914929;6.13285e-08;7.8645e-05;1.64309e-05;4.40625e-05;3.75356e-05;0.0169688;0.000364697;1.30758e-06;0.00351564;0.0112906;0.0524821;0.000215672
0.000453474;0.165113;6.67902e-08;0.00302452;0.00052022;0.000415234;1.96347e-06;0.0191078;0.00262211;1.12101e-05;0.0286577;0.76577;0.00123682;0.013065
0.00777774;0.555077;0.00171266;2.37199e-05;4.16224e-05;5.45161e-06;1.65128e-06;0.24334;0.00110557;2.34406e-06;0.000705737;0.0992256;0.0898357;0.00114497
1.0147e-07;0.577227;1.27962e-11;1.96388e-07;8.75206e-08;2.28447e-09;1.8366e-07;2.22313e-06;6.55059e-08;3.0086e-06;4.06567e-09;6.66003e-06;2.66758e-07;0.42276
0.00245191;0.167042;6.67103e-05;6.76213e-05;1.34075e-06;1.06567e-06;0.096465;0.0519499;0.574157;1.29769e-05;0.105094;0.000152858;0.00253693;3.88805e-07
2.77264e-06;8.55756e-05;2.20214e-11;1.84798e-08;3.49482e-07;9.7716e-08;1.28587e-08;0.999477;0.000181331;1.97879e-08;1.15437e-06;1.1803e-07;0.000251375;7.28532e-08
1.08713e-05;0.000855862;5.72685e-05;2.95191e-06;0.00125261;2.81209e-05;3.54119e-08;7.1308e-05;1.82898e-06;1.76967e-06;6.169e-07;0.92854;1.64855e-06;0.0691748
7.79128e-07;0.99846;4.33903e-09;1.4604e-07;1.1851e-08;1.65494e-08;0.00138098;5.18285e-06;7.26636e-07;3.27133e-05;2.5704e-07;5.81688e-08;2.20423e-05;9.70966e-05
1.34955e-10;1.08019e-10;1;6.46154e-10;7.19337e-10;1.27424e-10;1.05668e-09;5.06602e-11;4.17687e-11;1.51196e-10;3.18739e-10;5.40634e-08;1.07995e-11;2.98125e-11
2.19497e-05;0.00069572;3.00505e-09;1.31587e-06;0.000407715;5.74317e-07;2.30318e-07;0.991449;0.000417124;7.07269e-08;7.08701e-05;0.00104401;0.00588788;2.98351e-06
2.62445e-06;0.0335631;0.965681;0.000109693;2.47836e-05;4.79733e-05;7.47558e-07;6.16883e-07;7.6514e-08;1.6857e-06;2.63792e-06;5.62636e-05;0.000208852;0.000300271
0.00010798;0.734381;1.11478e-07;2.97641e-06;1.58513e-06;1.47123e-05;0.000128647;0.00222654;0.000163481;6.03931e-06;0.000351306;0.000936448;0.261576;0.000103819
0.000175072;0.55815;9.53566e-06;6.1342e-05;9.58415e-06;0.00209603;2.70082e-05;0.00332956;0.000201051;1.10209e-05;0.0012802;0.166838;0.267698;0.000114292
4.32899e-05;0.0363976;3.25439e-07;0.000123349;0.01321;0.000751906;1.11366e-05;0.947137;5.39634e-05;7.61182e-05;0.000231781;0.000233584;0.000606715;0.00112298
9.71011e-06;0.00113848;0.996126;9.58144e-05;2.90867e-05;0.000209354;2.00489e-06;9.56303e-05;3.30648e-07;5.59145e-05;8.18786e-05;0.00183901;0.000295866;2.09928e-05
4.01587e-06;0.13109;2.5299e-07;1.89795e-06;4.38295e-07;4.83438e-06;0.841157;4.05439e-06;9.68511e-06;0.0208449;0.000139163;1.2471e-06;5.98983e-06;0.00673683
7.66708e-10;5.15023e-10;0.999999;3.86023e-09;3.61356e-10;1.52988e-09;7.63842e-07;2.34445e-09;1.87978e-08;2.87745e-08;1.59335e-07;1.36358e-07;4.38518e-13;4.33514e-11
6.68208e-05;0.984903;7.31161e-07;1.4612e-05;2.33043e-06;7.91068e-06;1.91129e-06;0.0058862;7.32217e-06;4.43719e-07;7.78148e-05;0.00325862;0.00576808;4.65175e-06
7.90286e-07;0.996352;2.9446e-09;5.05669e-08;3.84567e-08;1.14068e-07;0.00230818;4.25087e-06;2.4479e-08;0.000184177;2.1153e-07;5.9083e-08;7.46817e-05;0.00107594
2.42742e-10;3.61732e-10;0.99989;4.51139e-10;1.8356e-08;1.85219e-09;8.97716e-09;2.48385e-09;1.08571e-09;1.19674e-09;1.31842e-08;0.000109807;1.38589e-12;4.63316e-11
9.60001e-08;0.996157;1.34834e-10;2.97653e-08;6.81643e-08;1.07381e-08;0.00359406;7.51985e-05;6.0632e-08;1.70426e-05;1.89997e-07;1.92226e-10;9.58512e-05;6.00054e-05
4.11499e-10;3.20113e-09;0.999999;3.15853e-10;2.19098e-08;5.3499e-09;3.52549e-10;1.86222e-09;5.35206e-11;6.4992e-11;1.54541e-10;8.7678e-07;2.66367e-12;2.69331e-11
6.4549e-06;0.994984;6.336e-08;0.000217096;1.2246e-05;8.14524e-06;0.000458816;0.00029729;0.000256555;1.68082e-06;0.000470934;7.71347e-05;0.00203863;0.00117054
9.35563e-07;0.000211076;8.62889e-10;7.3621e-09;7.81193e-07;1.65164e-08;2.71823e-09;0.999756;1.03289e-08;2.51366e-09;2.68259e-08;1.01897e-06;2.91062e-05;1.08097e-06
8.11265e-07;0.99329;4.2882e-05;6.50814e-06;1.64443e-05;2.21909e-05;8.97739e-05;0.00348446;5.53542e-07;7.80897e-05;6.03022e-07;7.13684e-05;0.0015488;0.00134772
1.44351e-10;3.35658e-10;1;5.40887e-10;1.92095e-12;6.34792e-12;1.4898e-09;1.25532e-09;8.05664e-10;2.53348e-11;2.28099e-09;7.59554e-08;8.75315e-12;2.94902e-14
2.0193e-06;0.00073192;0.000177318;1.21524e-05;3.68013e-06;1.61851e-07;4.64221e-08;0.000363312;9.09786e-05;2.62904e-07;1.06901e-05;0.998583;5.2594e-07;2.38136e-05
6.7917e-07;0.000452376;3.08069e-08;9.42696e-09;1.36029e-07;4.01175e-06;1.80098e-09;1.43464e-05;2.89774e-07;3.54278e-09;2.30802e-07;1.74238e-06;0.999526;2.33134e-08
6.98075e-06;0.0114184;1.51444e-05;2.10921e-06;0.00213402;3.01014e-06;6.45513e-09;0.000302136;3.3106e-07;6.24624e-08;1.71623e-07;0.972129;9.82462e-06;0.0139785
5.52966e-06;0.000818844;2.11546e-08;2.73989e-06;0.00196918;4.53287e-07;1.52252e-09;0.996457;3.38436e-05;2.04328e-08;1.86585e-07;0.000392423;0.000194108;0.000125782
3.04082e-08;3.57619e-07;2.08076e-11;4.20708e-10;2.42696e-06;9.07439e-09;4.58197e-10;0.999992;1.28708e-08;4.29716e-09;8.0516e-11;1.4616e-10;4.69199e-06;3.57645e-09
8.26546e-07;7.27578e-05;0.999772;1.61512e-06;4.05592e-05;2.07195e-05;9.21885e-11;1.76562e-06;1.20473e-09;9.8951e-08;5.99517e-09;8.55997e-05;2.14339e-07;3.59772e-06
6.68336e-06;0.987773;3.94462e-06;5.64693e-06;1.03845e-06;2.74061e-06;7.17205e-05;0.0115632;0.000237003;1.94549e-07;0.00013626;0.000100912;5.7876e-05;3.99746e-05
