9.56265e-06;0.0026198;5.87553e-09;3.55727e-06;3.38543e-06;2.47178e-07;4.08199e-07;0.0432379;1.6308e-05;3.60396e-08;3.51317e-05;3.37704e-05;0.954039;1.01846e-06
1.33379e-05;0.99551;1.53552e-06;3.47055e-05;1.17243e-06;4.31065e-07;2.5351e-06;0.00425802;9.87884e-07;2.61826e-06;5.0861e-07;5.56153e-05;3.89337e-05;7.94994e-05
6.64829e-07;0.00918798;6.16963e-05;3.97286e-05;4.05323e-06;5.27034e-06;2.48287e-08;5.86022e-05;4.64485e-08;3.49459e-07;8.65774e-06;2.17437e-05;0.990608;2.77953e-06
1.61789e-07;0.0045002;1.16386e-08;9.25473e-07;1.1861e-06;1.35144e-08;1.97775e-07;0.0247893;3.09864e-06;2.75903e-08;0.00038757;0.970309;5.62849e-06;2.32133e-06
3.86484e-07;0.000129954;0.000298478;5.18743e-05;0.016164;5.13236e-05;5.30159e-06;0.982926;1.67601e-07;3.38888e-05;1.24892e-05;6.70451e-07;6.41449e-08;0.000325485
0.000225724;0.00355765;0.984669;0.00207106;6.69407e-05;0.00021862;0.000512652;3.63327e-05;2.85481e-05;3.28132e-05;0.0056235;1.05003e-05;0.00280231;0.000144674
0.00067267;0.968892;0.00074261;7.8097e-05;3.01337e-05;1.22507e-05;0.000254846;0.000285272;1.1714e-05;1.78656e-06;0.00180727;0.0264855;0.000445696;0.000279695
0.000113488;0.0127505;4.25213e-05;0.000219641;8.79329e-05;0.000163519;1.34063e-05;0.000729612;4.04687e-05;4.361e-06;0.00176688;0.000135817;0.983854;7.78226e-05
8.68509e-05;0.0751737;1.26767e-08;4.1022e-06;0.000503592;2.94552e-06;2.28433e-07;0.891515;8.1259e-05;5.4626e-07;0.000195631;0.030415;0.0012648;0.00075649
1.28368e-06;0.00807024;0.975231;3.13323e-05;0.00463964;5.49647e-06;3.51107e-09;2.38495e-05;3.20939e-08;4.29483e-07;9.83685e-07;0.00975893;5.10508e-05;0.00218558
6.62706e-05;0.0310979;3.59237e-08;4.81154e-05;0.000260332;0.000138404;0.000720637;0.0155258;0.0197581;2.21154e-05;0.0691909;0.000896963;0.862175;9.932e-05
8.05139e-07;0.998334;0.00151356;1.16932e-05;4.81609e-07;3.23967e-06;1.15961e-06;1.75928e-06;3.61738e-08;2.36898e-07;9.16962e-07;5.46738e-05;6.02987e-05;1.68779e-05
0.000557372;0.00267236;7.36395e-07;2.13678e-05;0.000357554;6.98458e-06;2.60125e-06;0.993296;0.00241726;4.03881e-07;0.000251828;9.6505e-06;0.000245403;0.000160893
8.06113e-07;0.989786;1.01027e-09;1.01991e-07;7.67944e-06;1.31773e-08;5.97843e-10;0.000154725;3.19004e-08;3.42054e-08;2.78051e-08;0.000809673;3.20191e-08;0.00924085
4.6947e-06;0.00171733;0.000145977;1.34917e-05;2.79355e-05;1.41654e-05;1.39538e-07;1.18614e-06;1.5638e-07;1.02755e-07;4.65535e-06;0.997179;1.52776e-06;0.000889969
5.13866e-05;0.00140973;1.00684e-09;2.17991e-07;2.34902e-06;2.79762e-08;7.92691e-09;0.996718;4.11502e-05;4.86561e-10;5.36179e-05;0.000399184;0.00132443;9.5942e-09
1.29544e-05;0.180833;3.53387e-09;1.31456e-06;6.30198e-08;7.19748e-08;7.10847e-08;0.000147497;2.56736e-06;2.51103e-08;4.26147e-07;3.06533e-05;0.818971;5.64021e-07
3.73205e-06;0.00246547;6.76815e-08;1.0561e-05;1.58301e-07;1.61147e-07;1.6593e-07;0.000247411;3.68699e-06;3.36293e-07;2.34693e-06;0.996798;1.88803e-05;0.00044935
2.74465e-05;0.902375;4.66696e-07;0.000128697;0.0008573;2.21591e-05;3.73086e-06;0.061978;1.02298e-05;5.09619e-06;7.68705e-06;0.0286914;0.00528416;0.000609022
1.33798e-07;6.38937e-06;8.19543e-10;2.90345e-08;1.13345e-10;1.12672e-06;9.18441e-07;3.82623e-08;6.84286e-07;1.06047e-07;1.20366e-06;1.80622e-09;0.999989;2.33074e-10
2.20032e-08;4.13141e-07;0.999999;2.81617e-08;4.18838e-09;1.00281e-09;1.82471e-10;2.53995e-09;2.04261e-10;2.37835e-09;6.47424e-11;9.76566e-07;4.22972e-10;7.55952e-08
1.63856e-05;0.985584;3.80835e-06;6.17628e-05;9.73231e-05;4.95873e-05;8.15386e-05;0.00964042;0.00230084;3.94136e-06;0.00105788;2.41774e-05;0.000732543;0.000345823
