3.59932e-06;0.996974;0.00016636;7.43685e-05;1.54574e-05;1.82938e-05;6.86023e-06;1.09723e-05;9.08437e-08;2.83553e-05;6.58287e-06;1.26282e-05;0.0023069;0.000376049
5.41509e-05;0.0186145;0.00296005;2.02463e-05;9.4268e-06;6.27306e-06;1.46475e-06;0.000109331;1.52052e-06;2.45463e-07;2.20441e-05;0.976688;0.00143121;8.18653e-05
0.00237325;0.855292;1.15949e-06;0.000377601;0.00106023;6.52397e-05;0.00111633;0.00367871;0.106318;4.2109e-05;0.0184482;0.00950558;0.000841998;0.000879064
2.0989e-05;0.897158;2.26869e-06;7.86902e-06;7.33381e-06;8.18924e-06;1.76274e-07;6.50159e-05;2.25782e-06;3.68614e-06;5.85233e-07;6.74843e-06;0.102709;7.66821e-06
9.53168e-06;0.0580193;1.05579e-06;1.64417e-06;6.54954e-06;5.01673e-06;7.82826e-07;0.00258779;0.000193799;1.35225e-07;8.92046e-05;0.937421;0.00153639;0.00012809
0.000177915;0.500984;0.00181903;0.000155635;0.0389474;0.0738112;2.05342e-07;0.326818;0.00033397;0.000127144;0.000166133;0.0479845;0.006189;0.00248649
8.84427e-07;0.000122857;1.92211e-08;1.66363e-07;2.34764e-08;4.34036e-06;1.78282e-07;2.71799e-06;3.40342e-06;3.667e-07;2.23792e-05;5.67499e-06;0.999837;2.09995e-09
2.2246e-06;9.22278e-05;0.999714;8.77438e-07;2.16808e-06;1.36511e-06;6.81764e-09;2.41976e-06;8.02746e-09;1.30925e-07;2.19933e-08;0.000151546;1.02145e-06;3.15762e-05
1.12563e-07;0.991791;1.27076e-08;1.94321e-07;1.52779e-06;4.30197e-06;2.54048e-05;0.00608139;1.83778e-07;8.79577e-07;1.62037e-07;2.64085e-10;0.00208818;6.60037e-06
3.11709e-10;1.40008e-09;1;1.40039e-09;9.30109e-11;1.14427e-10;1.41728e-10;6.9946e-09;9.81147e-11;1.43015e-10;7.32293e-10;1.9302e-08;6.08405e-11;7.37541e-13
1.03988e-05;0.00454669;0.572292;2.25873e-05;2.14383e-06;4.68732e-06;1.7448e-06;0.000741195;2.02008e-05;3.47327e-06;1.31893e-05;0.41983;9.61937e-06;0.0025022
7.76536e-07;6.16626e-05;3.4007e-07;2.39946e-07;0.0322247;0.00204724;8.04998e-09;0.0036107;2.74074e-07;2.44519e-07;2.36839e-07;9.37774e-07;6.33602e-06;0.962046
9.27577e-07;0.00192247;0.160354;1.95258e-05;0.138434;0.00125594;7.11008e-10;0.000743196;3.51608e-09;1.92132e-07;3.64282e-07;0.61745;0.0335189;0.0463002
7.76714e-08;0.999442;1.51856e-08;3.48799e-08;7.1256e-08;1.4034e-08;8.55815e-07;1.84342e-05;2.69233e-09;1.54378e-08;6.43679e-08;1.20626e-07;0.000177189;0.000361358
1.59716e-05;0.447175;6.05593e-05;0.000198504;3.15465e-05;0.000189962;0.000417455;0.0439911;5.966e-05;4.46816e-06;0.000368975;0.000346152;0.507125;1.47821e-05
1.07904e-06;0.210313;1.41766e-08;1.03041e-06;9.47726e-05;0.00026882;2.95689e-06;0.782515;1.13324e-07;1.10182e-05;1.53959e-07;2.69135e-07;0.00659869;0.00019366
1.74766e-09;5.38171e-10;0.999998;1.55489e-08;7.69824e-10;3.50833e-10;4.13203e-09;7.6642e-09;2.93787e-10;7.89517e-10;1.44284e-08;2.3387e-06;5.44606e-10;3.00031e-12
1.08289e-05;0.000269129;0.000399456;2.22825e-05;2.48244e-05;1.89948e-06;3.53662e-07;0.00607665;7.89066e-05;6.05506e-07;3.46376e-05;0.99302;2.78397e-06;5.81769e-05
0.000775424;0.773998;1.71344e-05;6.5289e-05;0.000163963;0.000856184;0.00134079;0.0078074;0.0253931;1.20827e-05;0.0409553;0.000183616;0.148255;0.000177155
0.000979397;0.00297476;7.23444e-05;0.00012049;0.976394;0.00319085;1.61811e-05;0.0040996;0.000153393;6.9971e-05;2.46933e-06;0.00157655;1.05997e-05;0.0103396
0.00020807;0.983689;0.000598466;1.04613e-06;0.000408008;7.13934e-07;3.25262e-07;0.0123929;5.00174e-06;8.071e-09;4.42043e-08;0.000496542;0.00219345;6.30622e-06
4.70367e-07;0.00184145;1.05782e-09;1.19791e-06;0.00019142;1.07006e-06;1.61554e-11;0.996459;8.56051e-08;2.46627e-08;4.8684e-09;0.00143642;4.52131e-05;2.35053e-05
1.81938e-05;0.988258;1.62836e-10;9.45355e-06;3.31721e-06;3.24134e-07;1.66483e-05;0.00320446;7.36884e-06;5.35422e-06;0.00015031;0.00092536;0.00738121;1.97409e-05
1.72781e-05;0.993083;4.52731e-05;0.000144025;1.24835e-05;7.06977e-05;1.10369e-05;1.33549e-05;1.46874e-06;6.76765e-05;8.30691e-06;5.9086e-05;0.00636632;9.98574e-05
5.05692e-05;0.00804216;0.00206982;2.7228e-05;1.44594e-05;7.45321e-07;8.31519e-07;9.9644e-05;4.20428e-06;4.8019e-07;7.81248e-06;0.989604;6.91481e-05;8.50804e-06
0.00318884;0.274179;3.86864e-06;0.000160351;7.65934e-05;0.000553707;0.510316;0.0345947;0.0542333;0.00280285;0.0170732;4.40546e-07;0.102624;0.000193539
2.37719e-06;1.43176e-06;0.999865;6.75005e-07;7.94569e-08;2.33784e-08;4.69471e-06;2.57218e-05;9.13519e-05;3.28736e-07;7.50621e-06;1.04242e-06;2.49217e-07;2.88207e-10
4.33528e-05;0.00297642;0.00544658;5.53145e-06;3.0776e-06;5.92517e-07;4.58633e-07;0.00233113;0.00182493;4.77492e-07;3.6995e-05;0.987306;1.92229e-05;5.59215e-06
2.08857e-05;0.205066;5.57344e-07;8.59743e-07;0.000786506;0.00296905;9.41309e-08;0.0239295;2.56747e-05;5.54089e-07;2.28404e-06;0.000272334;0.764151;0.00277426
5.0254e-05;0.0838501;1.71604e-07;5.994e-05;0.00626538;0.00324634;9.37259e-08;0.00265579;6.37746e-05;1.81822e-05;4.4257e-06;0.593144;0.308384;0.00225761
0.000875325;0.00638145;0.443274;0.000142598;0.00872213;4.47836e-05;1.7799e-07;0.538333;6.89956e-05;1.82306e-06;3.6794e-07;0.000392811;0.00175582;6.56714e-06
1.38948e-06;0.00713398;2.00455e-06;2.09254e-06;2.1535e-06;2.72923e-06;5.15989e-08;0.992077;8.25702e-05;2.98901e-07;8.40632e-07;9.5674e-06;0.000685479;4.14088e-08
