1.631e-05;0.998933;9.87031e-06;1.34453e-05;1.70953e-06;4.23863e-07;2.5791e-07;0.000329067;1.9587e-07;3.27361e-07;4.90518e-07;0.000586855;0.000103908;4.50745e-06
2.87101e-06;0.995527;6.38316e-09;1.91932e-07;2.47739e-07;4.06988e-07;0.00211536;1.82027e-05;1.96815e-07;0.000224965;2.40226e-07;2.76495e-07;5.80595e-05;0.00205187
3.11911e-09;5.33984e-09;0.999954;2.0525e-09;1.25138e-08;1.46514e-08;1.57243e-07;1.77037e-09;1.51166e-08;2.05145e-08;1.87848e-08;4.62395e-05;3.77152e-12;1.94272e-09
5.37357e-07;0.962507;9.47526e-09;3.96206e-08;1.35144e-08;6.81734e-08;5.29527e-06;3.91315e-07;2.36896e-07;3.64036e-08;1.6994e-07;5.18655e-06;0.0374811;1.99822e-07
1.01634e-06;0.015506;4.16643e-05;4.27659e-06;3.54017e-05;0.000255047;4.55289e-07;0.000598473;1.37471e-06;3.21708e-07;1.05748e-06;0.982025;0.00142886;0.00010069
8.70944e-06;0.949832;3.61751e-06;6.99886e-06;5.92499e-05;0.000269427;4.32945e-06;0.0322387;6.34387e-07;1.12104e-06;1.5654e-06;0.000479287;0.0136468;0.00344719
5.0667e-06;0.0414785;7.69466e-05;8.403e-07;1.68799e-07;9.30389e-07;1.49968e-07;4.6653e-05;8.06418e-08;9.09471e-08;1.91599e-07;0.956945;0.00143901;6.13048e-06
5.06264e-07;0.998647;1.51032e-08;3.90308e-07;1.35959e-08;4.67056e-08;0.00091567;0.000146617;5.03784e-06;1.8561e-05;5.67713e-07;1.72994e-08;1.66138e-05;0.000249672
1.45575e-10;9.18071e-11;1;5.98546e-10;1.68036e-11;1.35107e-10;5.52865e-09;5.23157e-11;1.44899e-10;3.23209e-10;1.97208e-09;1.81149e-08;1.4855e-13;1.08147e-11
4.0322e-06;0.00336654;1.23855e-08;9.98428e-09;1.0912e-07;2.28744e-08;4.14282e-08;0.99501;9.75726e-07;8.5697e-09;7.17309e-07;5.09107e-07;0.00161697;1.17339e-07
7.5737e-08;0.000301997;1.24532e-05;6.00595e-07;2.39452e-06;1.35659e-06;4.24796e-09;4.02973e-05;8.79658e-07;2.26929e-08;4.13916e-06;0.999483;2.89916e-05;0.000123408
1.39846e-06;0.987352;5.02418e-07;8.72321e-06;7.79368e-05;1.79469e-06;7.02942e-07;0.0116978;1.56957e-06;9.72849e-06;1.56955e-06;0.000231348;0.000459365;0.000156016
6.4579e-07;0.000966663;1.35181e-06;7.44212e-08;4.72786e-06;1.70251e-07;2.73014e-08;3.69745e-06;2.84574e-07;1.53957e-08;3.02996e-07;0.998979;3.4648e-05;8.5475e-06
0.000157677;0.0155338;9.57018e-10;4.32163e-06;9.59552e-05;2.72282e-05;2.1998e-06;0.958389;0.000680905;1.49638e-06;6.22859e-06;1.37712e-05;0.0250697;1.76331e-05
0.000134983;0.889515;7.26298e-09;2.7578e-05;3.65247e-06;5.17981e-06;4.42894e-06;0.00885079;0.00047233;5.10225e-06;3.06355e-05;0.000285517;0.100663;1.96334e-06
0.00451987;0.0364717;0.000136887;3.29136e-05;0.000932442;1.79073e-05;1.55602e-06;0.649758;0.000161047;7.5088e-06;9.66619e-06;0.301003;0.00652051;0.000427321
7.73595e-06;0.00701855;2.45343e-05;7.04253e-05;7.04804e-05;6.56306e-05;1.34555e-05;0.000197149;4.47111e-05;3.42075e-06;3.71761e-05;0.990661;0.00131443;0.000471122
3.66113e-05;0.986401;1.13592e-05;0.000188516;0.000220852;0.000135951;0.00018174;0.00111598;3.08367e-05;0.000170588;4.77546e-05;0.00126551;0.00860572;0.00158771
6.69833e-05;0.00859266;2.85476e-07;2.87164e-05;0.000835456;0.000307697;6.7662e-06;3.11066e-05;0.000300309;1.06709e-05;0.000314434;0.000798484;0.9887;6.63202e-06
0.000437889;0.0026735;0.996124;2.46247e-05;0.000441001;6.68164e-07;1.10753e-06;0.000180936;3.93601e-06;4.18543e-06;3.44924e-07;1.38573e-05;2.0054e-06;9.24646e-05
0.000177315;0.0106164;9.38086e-09;5.12909e-05;4.71927e-06;2.15479e-06;7.27292e-06;0.134074;0.844977;1.767e-06;0.00708118;0.000979077;0.00201307;1.43264e-05
1.66734e-05;9.11142e-06;2.70241e-09;4.48794e-08;4.28949e-06;2.95843e-08;9.55287e-09;0.999873;9.36162e-05;2.98553e-08;7.2464e-07;8.58599e-07;1.91406e-06;7.75937e-08
3.47036e-06;0.00528064;4.67225e-08;8.99693e-07;2.171e-06;3.96468e-07;5.94408e-05;1.94618e-07;4.99437e-07;0.000353313;6.69751e-08;8.03665e-08;4.85249e-08;0.994299
1.9728e-08;4.46039e-11;0.999996;1.97626e-10;3.40406e-10;9.21602e-11;6.97561e-10;5.9478e-10;5.6228e-09;2.73622e-11;2.7334e-09;4.04458e-06;5.83803e-13;4.68957e-11
1.46871e-05;0.00990609;4.05108e-09;1.46026e-05;5.62468e-06;0.000219147;1.88155e-06;0.010427;0.00963589;4.50087e-07;0.000324475;1.2853e-06;0.969445;4.14157e-06
1.80504e-06;0.0051785;0.988734;1.55046e-05;1.07382e-05;1.12871e-07;2.78658e-08;2.04971e-05;3.09165e-08;1.17794e-06;8.60815e-08;0.00563232;8.01081e-06;0.000396975
9.64974e-05;0.018248;1.02645e-06;0.000182559;0.00446435;1.42281e-05;0.000246932;0.957317;0.00694932;9.43292e-05;0.00774832;5.98915e-05;0.00446686;0.000110443
0.000223215;0.145822;0.832125;0.00709963;0.000594865;0.00481242;2.81649e-05;0.000283298;6.38257e-05;0.000444937;0.000594903;0.00379551;0.00208413;0.00202722
0.000129053;9.30232e-05;1.43325e-07;1.47752e-07;1.69102e-07;7.74407e-09;9.58825e-07;0.998483;0.00103671;1.92864e-08;0.000206167;4.54993e-06;4.6047e-05;3.67603e-08
1.87716e-06;0.991847;1.20379e-09;4.27314e-07;2.91635e-05;1.78887e-07;6.90942e-09;0.000895074;3.08574e-07;1.029e-06;1.64598e-07;0.000516819;9.95885e-07;0.0067067
4.65147e-06;0.00098174;0.00030933;1.46145e-05;0.000266939;0.00142009;3.25665e-08;1.08263e-06;4.12071e-08;1.51317e-06;9.41034e-07;0.966304;4.01267e-05;0.0306551
0.000145559;0.00240063;6.54365e-09;2.34474e-07;4.09394e-05;4.22748e-06;1.417e-07;0.989107;2.64255e-05;7.07925e-09;7.79289e-05;0.00187699;0.00631996;1.37226e-07
4.18439e-06;0.998843;1.71505e-07;1.80042e-08;1.25667e-08;5.64955e-08;1.07773e-07;9.71886e-06;4.16157e-09;9.20862e-09;6.56058e-09;0.000171628;0.000969762;1.57613e-06
1.64432e-06;0.0117587;1.59623e-05;5.33862e-05;7.9194e-05;0.0029948;1.92639e-06;0.000421717;2.99645e-06;2.62549e-06;1.00025e-05;0.124749;0.000178507;0.859729
1.27484e-05;0.00653652;1.94461e-06;7.21174e-06;7.43976e-07;3.89353e-06;7.67297e-06;0.00044942;1.37522e-05;9.25023e-08;0.00220954;0.000367211;0.990388;9.36675e-07
9.42429e-07;0.994912;1.67148e-08;3.15129e-06;3.91009e-07;5.68803e-07;0.00262661;0.000136839;3.12375e-07;0.000650727;9.40111e-07;7.86516e-07;4.84395e-05;0.00161877
6.29556e-11;2.10729e-10;1;2.62602e-09;5.76013e-10;1.88461e-09;2.12652e-09;2.54391e-10;1.14409e-11;6.49987e-10;8.32444e-10;1.31927e-07;4.7591e-14;6.03199e-10
1.19576e-07;5.91626e-07;3.8449e-09;6.61405e-09;3.24487e-08;3.34102e-10;2.38779e-09;0.999999;1.20784e-07;3.61625e-10;1.22048e-07;8.54766e-09;3.27478e-08;2.27175e-09
3.14157e-06;0.863193;1.54599e-07;1.10095e-05;2.95143e-06;4.76928e-05;4.72189e-08;0.000774384;3.59708e-07;3.35267e-06;4.98165e-06;0.000728867;0.000449881;0.13478
0.000443371;0.113277;5.52284e-08;0.000546843;7.80664e-05;0.000261058;0.00035958;0.0184565;0.00936375;9.66862e-06;0.786278;0.00150698;0.0693182;0.000100942
4.82909e-06;6.89339e-05;2.91962e-10;3.04712e-07;3.53845e-08;1.02421e-08;6.80404e-08;0.999825;4.62828e-05;1.00155e-08;1.49315e-05;1.20258e-07;3.92105e-05;6.49757e-09
1.28514e-06;0.0448149;6.99712e-07;1.80545e-05;7.29672e-07;4.66183e-06;0.000526702;4.81783e-07;3.34201e-08;0.00241285;4.25834e-07;5.89968e-08;2.30168e-08;0.952219
2.55891e-09;3.15747e-10;0.999999;6.24035e-09;8.81862e-10;6.60282e-09;1.61816e-08;2.99191e-11;3.7282e-10;1.07127e-09;5.91239e-08;1.33186e-06;2.84898e-13;1.35753e-09
6.82837e-06;0.997535;9.34242e-08;2.17286e-08;6.95611e-09;1.22615e-07;1.29563e-07;0.00011118;2.23204e-08;8.7379e-09;3.21492e-07;3.99843e-05;0.00230567;1.77356e-07
1.041e-06;0.196616;1.36931e-06;2.99934e-05;9.9934e-06;0.000131362;0.0252193;1.90988e-05;3.83309e-06;0.00393383;7.97761e-06;1.48521e-05;4.18756e-06;0.774007
3.9763e-09;1.01349e-09;0.999994;1.19079e-07;7.47689e-10;7.35431e-09;3.74017e-06;9.07051e-08;9.36472e-08;1.31389e-08;1.80468e-06;7.45851e-08;3.52322e-11;8.77542e-12
2.20566e-05;0.940229;2.72087e-07;1.44603e-05;1.20951e-06;1.95179e-07;0.0550954;0.00111867;1.39575e-05;0.000132159;0.000592301;5.83036e-07;4.56969e-06;0.00277527
4.08311e-09;1.07404e-08;0.999999;9.56811e-09;3.02251e-10;6.34967e-11;4.18575e-08;2.66159e-09;9.86385e-10;9.32351e-10;5.98061e-08;1.06532e-06;3.10886e-11;1.05822e-10
9.04007e-07;0.000887663;1.60394e-05;5.35712e-07;2.23414e-07;9.39158e-09;4.164e-08;0.000757835;1.94945e-07;4.42124e-09;1.57093e-05;0.99824;8.06805e-05;1.90229e-07
9.73674e-07;0.00759126;2.08455e-07;2.50955e-06;8.12469e-05;3.42966e-06;8.1693e-07;0.0134816;4.06172e-06;5.0433e-07;4.43545e-05;0.00165921;0.976731;0.00039861
2.11308e-06;0.00010993;5.72397e-07;6.29325e-06;3.41138e-07;0.000936629;0.000347208;2.25491e-06;7.07161e-06;0.000144439;0.000123267;4.80929e-06;0.998304;1.11328e-05
1.62989e-06;5.27668e-06;0.999988;1.50256e-06;5.55343e-07;5.04575e-08;1.36632e-07;4.89283e-07;2.10777e-08;3.49864e-07;3.0108e-08;1.2324e-06;1.16347e-08;9.04798e-07
2.26867e-05;0.968838;1.34559e-06;2.74432e-05;3.67517e-05;6.00165e-06;6.83334e-05;0.0254461;0.0032439;2.47453e-06;0.000423726;1.08849e-05;0.00180843;6.41424e-05
