2.35322e-05;0.800205;2.35383e-10;4.78956e-06;1.99078e-05;4.48433e-09;6.13523e-06;0.199466;4.37779e-05;1.44518e-06;2.05297e-05;0.000131098;7.6441e-06;7.08113e-05
2.07475e-05;0.578293;0.416222;0.00117831;0.000195122;1.46717e-06;1.41807e-05;8.80533e-05;4.09047e-06;0.00014801;0.000171924;0.00211198;0.000633388;0.000918574
7.00466e-05;0.525396;1.56915e-08;1.12704e-05;8.58117e-05;9.25972e-05;3.6179e-06;0.00234978;0.000105353;1.38289e-06;0.000442579;0.00030395;0.471102;3.49083e-05
0.00697789;0.0273172;0.41582;0.000245857;0.0386555;0.000309643;4.72393e-06;0.0120545;4.50643e-05;0.000178211;6.17848e-06;0.286458;0.00399126;0.207936
0.000864631;0.00522638;1.09212e-07;1.0364e-05;1.81775e-06;2.07797e-05;2.28611e-05;0.00102021;0.0285626;2.25892e-06;0.0013197;0.00148495;0.96146;3.80212e-06
0.000467957;0.730445;0.141427;2.76642e-05;6.76467e-06;2.12472e-05;0.00121375;0.00027663;8.08913e-06;0.00120265;1.88166e-07;8.06767e-05;3.447e-05;0.124789
4.88339e-10;1.59243e-10;1;2.32563e-10;5.83489e-09;7.77844e-10;6.16816e-09;2.18486e-09;2.63716e-10;1.61034e-10;1.66738e-10;3.19413e-08;7.86782e-13;1.14896e-09
0.000186266;0.444692;3.19563e-07;1.7177e-05;0.000107059;9.67715e-06;1.32548e-05;0.245013;0.000964697;1.25852e-06;0.00036872;0.153199;0.155395;3.2825e-05
0.000938381;0.784229;0.000836991;0.00500158;0.00077335;0.000886714;0.000147501;0.0791014;0.00229771;0.000208549;0.00146671;0.0977077;0.0212516;0.00515248
3.32245e-05;0.981029;2.03015e-06;6.85652e-05;1.12016e-05;7.37545e-06;3.23824e-06;0.00362834;0.000300061;2.41969e-06;0.000507616;0.00209952;0.0103423;0.00196487
0.00021141;0.00171938;0.00232985;2.37851e-05;1.12213e-06;5.35689e-07;7.12685e-06;0.000812683;0.00124311;8.73029e-07;0.00109684;0.992137;0.000364682;5.16504e-05
9.40263e-05;0.0263699;1.67413e-08;0.000268059;1.04791e-05;0.000171118;1.96118e-05;0.0166609;0.523536;2.23141e-06;0.0290964;0.00533143;0.398387;5.28304e-05
7.93702e-05;0.0190582;1.58038e-07;1.28875e-06;1.17042e-07;1.91956e-06;8.96038e-08;0.00399757;2.62083e-05;3.70812e-07;3.62995e-06;3.78024e-06;0.976827;2.91831e-07
1.21077e-08;9.88979e-05;1.35399e-08;9.19215e-09;2.16091e-08;1.7946e-10;4.28979e-11;7.78505e-08;1.36579e-09;1.1646e-10;3.49594e-09;0.9999;3.25243e-07;7.7926e-07
1.70804e-06;0.206494;6.15361e-07;1.97092e-07;0.000127112;5.00323e-07;6.77106e-08;0.0680524;6.043e-08;6.11373e-07;7.74682e-09;6.77567e-06;0.725257;5.94849e-05
5.78154e-05;0.000115639;1.34081e-06;6.2261e-05;0.000104731;0.0632454;7.81094e-05;2.79776e-06;0.0013139;0.00186453;9.27106e-05;2.13256e-06;0.932824;0.000235092
2.30918e-06;2.10121e-06;0.999995;1.09726e-07;1.32781e-07;7.10838e-09;1.99876e-08;4.07287e-08;5.87718e-08;6.39153e-08;1.52049e-09;1.86567e-07;3.68137e-10;5.54403e-09
0.000296825;0.535009;4.91005e-06;0.000172734;0.000327693;9.29922e-05;0.000606349;0.222877;0.235747;1.20285e-05;0.0027715;3.33404e-05;0.00194134;0.000106972
