6.67036e-06;0.995615;3.2424e-09;3.09304e-06;2.72498e-06;3.22523e-07;2.98574e-07;0.00340335;1.70967e-05;1.92268e-07;7.54122e-06;5.50844e-05;0.000883571;4.80941e-06
1.0222e-06;0.990769;2.75208e-08;1.99887e-07;1.40943e-07;4.72123e-08;8.63943e-08;4.42752e-06;5.5358e-08;5.58932e-08;1.9361e-07;0.00264895;0.0065703;5.36088e-06
2.28651e-05;0.0822839;5.46645e-07;0.000184981;0.00305016;0.00100295;4.33909e-06;0.136328;0.000240985;2.89356e-05;3.43567e-05;0.742756;0.00307958;0.0309826
7.86545e-05;0.955738;8.63101e-06;0.000191563;0.000676213;0.000124233;1.24488e-05;0.00113656;0.000394175;1.67919e-06;0.000118557;0.0397184;0.00116527;0.000635549
7.84676e-05;0.993786;1.73541e-08;3.46283e-05;1.41354e-06;5.54481e-07;4.05938e-06;0.00195972;0.000808976;8.28599e-07;8.37169e-05;0.00254839;0.000472091;0.000221342
1.30547e-05;0.996303;1.88728e-08;1.7737e-06;6.44231e-06;1.14268e-06;9.97633e-08;0.00277332;3.50888e-05;2.00813e-07;3.15928e-06;0.000715108;9.44082e-05;5.31993e-05
4.3841e-06;0.00153255;4.98022e-06;6.18595e-08;1.81166e-06;7.37264e-10;2.52665e-09;7.02352e-05;8.55305e-08;1.59004e-09;3.61517e-07;0.998309;7.63873e-05;6.79002e-08
0.00236659;0.259905;9.48427e-06;1.86126e-05;2.70311e-05;4.52936e-05;5.22398e-05;0.0633779;0.0201176;4.32533e-06;0.000201677;0.0030914;0.650591;0.00019195
3.44203e-05;0.000884703;1.29325e-09;1.25068e-06;1.00737e-05;1.52259e-05;3.66273e-08;0.0848886;0.000305404;1.56698e-07;8.32358e-06;5.63831e-05;0.913784;1.16092e-05
1.71934e-05;0.000275345;5.36702e-06;4.96488e-05;3.23603e-06;1.45006e-05;2.39754e-07;0.000138798;0.000530357;9.16441e-06;7.53848e-05;0.998532;0.000331995;1.71235e-05
4.01006e-06;0.997355;3.02587e-06;3.3626e-06;1.04604e-08;6.23343e-09;5.6561e-07;0.00241763;3.9055e-05;6.1752e-08;7.3296e-05;6.63461e-05;3.81698e-05;9.54514e-10
4.37647e-08;0.99935;3.15126e-10;4.24734e-06;7.68963e-07;5.84097e-08;9.1656e-07;2.04673e-05;4.3546e-09;7.53801e-05;6.18803e-08;1.99204e-06;4.24055e-07;0.000545832
1.23768e-07;9.34247e-07;0.99997;1.65576e-06;3.66123e-08;2.35397e-07;1.26961e-06;3.06772e-07;1.26059e-07;7.47192e-08;2.43325e-05;1.17846e-06;4.8357e-08;2.97533e-08
0.000263015;0.931123;1.27778e-06;1.80044e-05;0.000355597;5.92642e-05;5.82206e-06;0.0467783;0.00101973;1.05888e-05;0.00179506;0.0104753;0.00808564;9.03029e-06
0.000630561;0.00843655;9.72206e-07;6.86365e-07;4.58026e-06;1.66587e-08;6.32076e-07;0.000212677;0.000154446;1.09557e-07;4.80492e-05;0.989093;0.00141753;6.80753e-08
0.000666993;0.000349831;3.12975e-08;1.52517e-06;1.45806e-05;2.77522e-10;2.69922e-05;0.115645;0.882578;8.41696e-07;0.000708073;7.16419e-06;7.82766e-07;4.55762e-08
0.00111531;0.961788;0.00178617;0.00110745;0.00510611;8.22125e-05;1.72697e-05;0.00112801;0.000857838;7.00036e-05;0.000165077;0.00157593;0.0192066;0.00599414
0.00935945;0.334086;6.4046e-06;0.000264909;0.000567735;8.59136e-05;0.00208397;0.0448424;0.108521;3.86402e-05;0.00414584;0.476332;0.0112822;0.00838319
0.000186574;0.972866;8.87549e-09;0.000816706;0.000148147;0.000501982;0.00484214;0.000146165;0.000992974;0.0044289;0.000226331;2.29611e-05;0.00513462;0.00968689
1.92311e-08;2.26268e-08;0.999999;3.1033e-08;4.05504e-10;5.96738e-09;7.8581e-08;6.72295e-11;3.34412e-09;1.06259e-08;7.09265e-09;5.77855e-07;1.03897e-08;8.85833e-11
0.000318519;0.915276;0.0121745;0.000145316;0.000964419;5.70157e-06;3.56069e-05;0.0413013;2.11995e-05;2.24812e-06;9.41289e-06;0.00409087;0.0255727;8.21932e-05
2.29066e-08;2.18351e-05;5.9854e-10;2.35373e-08;1.57531e-08;1.72421e-05;3.16299e-08;1.1844e-07;2.84847e-07;2.42369e-07;1.49064e-07;1.47845e-09;0.99996;3.82735e-08
8.24117e-08;2.86205e-06;0.999807;3.65309e-07;3.81704e-07;1.05618e-07;1.53607e-08;5.56116e-08;2.36422e-09;3.01961e-07;9.46524e-09;0.000184008;2.03334e-09;5.31198e-06
0.000107024;0.602217;7.25272e-05;0.00338921;0.00469175;0.00160934;0.00550845;0.194421;0.0592039;0.000257424;0.0259759;0.000140273;0.0981233;0.00428228
