1.13955e-05;0.993774;1.42924e-08;3.9695e-06;4.13974e-06;3.44855e-07;3.00871e-06;0.00556111;1.29587e-05;1.48514e-06;6.08455e-06;3.41097e-05;0.000539693;4.78007e-05
8.97667e-05;0.445689;0.0125009;8.6414e-05;5.72477e-06;3.06791e-07;5.45415e-05;0.00806947;3.57944e-05;2.50769e-06;0.000620416;0.502079;0.0307478;1.79526e-05
0.000255976;0.359149;1.15385e-06;0.000231568;0.0207343;0.00102804;3.01644e-05;0.325826;8.24145e-05;0.000183473;0.000501624;0.00134509;0.00424293;0.286389
0.000153027;0.0501109;1.64186e-07;2.19902e-05;9.62266e-05;0.000204056;3.06836e-06;0.0117541;0.00162517;7.15436e-06;0.00112835;0.0763105;0.858499;8.66598e-05
0.00128224;0.166458;0.814573;0.000169726;0.000590125;9.66924e-05;0.000222461;8.8408e-05;1.83675e-06;0.0014431;7.6181e-07;0.00340642;1.96128e-05;0.0116477
1.78386e-07;1.41286e-08;0.999999;2.20816e-09;6.99357e-08;6.26265e-09;2.67131e-07;1.73231e-07;2.99345e-08;3.14586e-09;4.00565e-08;6.43613e-07;2.37087e-10;1.39373e-09
0.000154032;0.4187;4.4346e-06;4.35449e-06;7.36094e-05;5.89969e-05;8.11619e-06;0.178194;8.31854e-05;9.01844e-07;3.07704e-05;0.0853285;0.316093;0.00126627
1.10442e-05;0.0594991;4.3823e-07;7.65482e-05;4.40512e-05;7.16467e-05;0.00232938;0.014214;0.000390884;0.00110182;6.0593e-05;1.7788e-06;0.000452842;0.921746
1.72811e-09;1.9247e-09;1;1.09068e-08;1.77246e-10;1.22335e-10;1.00664e-08;1.30241e-08;1.20072e-09;6.34042e-10;3.72352e-08;4.64583e-08;5.41365e-11;3.33467e-11
2.2354e-05;0.695199;0.00338554;1.04603e-05;1.02286e-05;6.93244e-06;2.5889e-06;0.255866;1.77343e-05;8.24435e-06;1.2678e-05;0.0443305;0.000436437;0.000691905
1.43297e-05;0.337624;4.56167e-08;3.7971e-05;0.00180728;0.000539734;2.65475e-05;0.0524756;0.000155878;1.5528e-05;0.00109893;0.000582722;0.605458;0.000164252
0.000348503;0.955562;0.0104755;0.000488173;0.0107849;0.00179908;0.000167633;0.00555777;1.088e-05;0.000212596;6.58326e-06;0.00281337;0.00102109;0.0107521
6.79444e-09;7.63691e-10;1;2.47058e-09;5.70874e-08;4.82983e-09;6.77058e-10;2.77989e-07;2.48428e-10;8.22584e-11;1.05297e-09;6.75601e-08;7.75047e-10;1.08331e-10
2.0948e-05;0.0111549;1.27411e-05;0.000553513;0.001009;0.00207852;3.95963e-06;0.745932;0.00125668;2.08034e-06;0.00588813;0.155782;0.0704155;0.00589019
2.07275e-05;0.808939;0.000205813;0.000235639;7.8822e-05;3.71342e-05;3.19361e-06;0.00395103;2.50805e-06;2.91667e-06;6.52971e-05;0.0473628;0.138683;0.00041181
2.83625e-05;0.0631374;1.03887e-05;4.66879e-05;0.0115479;0.000115591;9.30182e-07;0.834828;5.16249e-07;4.90562e-05;1.13048e-06;0.0193158;0.00300796;0.0679101
2.58529e-05;0.043905;3.61733e-07;2.49129e-05;4.30683e-05;0.000309373;2.30347e-05;0.000141852;9.59531e-05;9.25125e-06;0.000115833;8.0798e-05;0.955178;4.69234e-05
0.000145099;0.00960964;0.975434;0.000640967;5.74851e-05;6.32673e-05;0.00582909;7.23472e-08;1.01579e-05;0.00273839;2.05419e-05;0.00125373;2.43644e-06;0.00419528
1.1491e-06;4.69688e-09;0.99997;3.28524e-08;5.13051e-08;2.94715e-10;1.15503e-05;2.8294e-07;9.46605e-06;7.33359e-09;7.56696e-06;2.9389e-07;1.1888e-10;1.67376e-11
1.64925e-06;0.996924;1.23915e-10;1.94834e-07;7.55817e-08;4.03364e-08;0.000407927;0.000975424;0.000116343;3.84894e-05;1.2858e-06;2.1528e-09;4.70046e-06;0.00152977
7.41608e-10;5.72096e-09;0.999996;3.98667e-08;4.96341e-09;3.34596e-10;5.14932e-09;5.65223e-10;2.10473e-09;2.50979e-09;1.69235e-09;4.54021e-06;1.66846e-13;1.10872e-09
1.15563e-05;0.0205876;7.52476e-06;9.26186e-06;5.7924e-05;9.35271e-08;2.69465e-06;0.979132;1.10042e-05;8.87865e-08;8.71156e-06;3.08075e-05;0.000130948;9.74984e-06
1.45476e-06;5.76484e-05;7.34728e-07;3.86721e-06;7.52957e-05;2.86137e-07;2.8602e-05;0.999727;7.44266e-05;9.93527e-06;1.23857e-05;2.68819e-07;7.54491e-06;3.68333e-07
4.75566e-06;4.66299e-05;0.999813;1.93908e-05;2.91455e-05;1.2877e-05;1.07098e-08;7.8799e-07;1.08025e-07;9.53925e-07;2.92332e-06;4.84183e-05;1.92892e-07;2.12523e-05
7.97502e-06;0.987255;7.58807e-07;3.70279e-06;3.57428e-06;1.52995e-06;1.33343e-05;0.0109107;0.00151048;3.13999e-07;0.00017034;9.55626e-06;9.91943e-05;1.37324e-05
