1.93266e-05;0.998849;1.86823e-05;8.48339e-05;2.25388e-06;5.13539e-07;9.1327e-07;0.00053512;4.34225e-06;7.90064e-07;4.63899e-06;0.000347338;0.000130787;1.31635e-06
1.44593e-05;0.000193813;2.50805e-10;3.82598e-08;3.53281e-07;4.80725e-09;1.56135e-07;0.999759;2.50619e-05;3.03509e-08;1.44667e-06;1.22668e-08;3.15977e-06;2.86774e-06
2.40054e-05;0.988046;3.40746e-07;1.09035e-06;4.7159e-08;3.07853e-08;0.00933539;2.01387e-05;1.79351e-05;0.000180185;1.30712e-06;4.21301e-05;8.72714e-07;0.00233074
1.53405e-08;2.35148e-08;0.999987;3.13827e-08;6.88053e-09;8.35147e-11;4.68477e-07;8.06249e-08;9.25349e-08;5.86468e-10;5.66966e-07;1.14364e-05;1.64689e-10;7.456e-10
5.86708e-08;0.0142481;2.58721e-10;1.20676e-07;6.71182e-07;3.09352e-09;3.49184e-07;0.985297;4.97041e-07;4.91133e-08;5.71177e-07;3.7223e-07;0.000449849;2.39477e-06
8.96237e-08;0.000276337;0.998924;0.00011434;0.000251034;3.2369e-05;1.21243e-08;6.7848e-06;1.85787e-08;3.15008e-07;2.89015e-06;0.000270137;5.51126e-06;0.000116098
2.26646e-06;0.971998;5.2523e-09;2.23454e-05;3.46491e-07;3.90769e-06;1.54334e-06;0.000134582;2.85508e-05;1.00696e-07;0.00303034;0.0128643;0.0118931;2.07381e-05
9.9915e-08;3.10476e-05;5.71535e-10;5.57585e-10;2.13789e-08;6.71222e-10;1.29495e-10;0.999969;2.18024e-08;1.53986e-10;1.17578e-08;2.79938e-08;1.8046e-07;8.33322e-09
8.13686e-06;0.000833798;1.26993e-05;0.000282758;0.0050517;0.000784945;5.84916e-08;0.000451233;1.28555e-05;1.79134e-05;3.77476e-05;0.0552836;0.00159468;0.935628
0.00254538;0.864937;0.0995309;0.00362931;1.3267e-05;2.41066e-05;3.96084e-06;0.00236173;0.00100217;1.79599e-05;0.00303966;0.000937423;0.0219432;1.3785e-05
0.000150233;0.0383678;0.000138199;6.29754e-06;5.52439e-06;2.77827e-08;5.62435e-06;0.016302;0.000242532;6.7764e-07;0.00305364;0.937791;0.00393616;6.2727e-07
1.26439e-05;0.801951;2.4821e-06;5.75302e-05;0.000813253;0.000703386;0.00585233;0.102305;0.000120483;0.00302456;0.000288156;1.27494e-05;0.0783251;0.0065318
2.94727e-08;7.77377e-08;0.999996;2.39371e-07;4.12456e-08;2.19112e-08;1.16502e-07;5.26299e-07;2.71252e-07;4.6385e-08;2.1894e-06;5.69386e-07;4.40416e-08;1.21749e-09
1.00582e-05;2.23542e-05;0.975202;1.11899e-05;2.883e-05;1.31888e-06;1.04313e-06;0.024136;2.96267e-05;6.63882e-07;1.69715e-05;0.000523967;1.06471e-06;1.49603e-05
1.28101e-06;0.000127924;1.51892e-05;2.04025e-07;1.37914e-05;3.66868e-05;7.58384e-09;1.36043e-05;2.68802e-08;9.35001e-08;1.79503e-07;0.000599147;1.34932e-07;0.999192
2.5259e-05;3.69369e-06;2.22036e-09;3.10239e-08;9.12012e-06;6.61509e-07;6.51808e-09;0.999879;1.0815e-06;1.14617e-09;2.0829e-06;4.1087e-06;7.4369e-05;2.32899e-07
4.68473e-07;0.986968;1.37489e-08;1.93773e-06;9.51957e-08;9.95662e-09;4.82752e-08;0.00905655;2.80447e-07;1.74181e-07;2.74751e-07;0.000305996;0.00365257;1.3624e-05
4.99125e-05;0.0202333;9.11339e-06;0.488038;0.0781176;0.0958053;0.00065388;0.038489;0.000451628;0.121427;0.00273191;0.0695365;0.0301186;0.0543382
0.000737876;0.928464;0.0206006;0.00158037;4.82423e-05;0.000119692;0.0149697;0.0308326;1.56267e-05;0.00112471;6.94828e-05;2.72258e-05;0.00136168;4.80145e-05
2.85161e-08;7.68586e-10;0.999999;2.64182e-08;1.45966e-09;5.58475e-10;5.56995e-07;4.34529e-09;5.10946e-08;2.1746e-09;4.78319e-07;1.40329e-08;3.832e-10;1.4126e-11
2.01119e-05;0.00173624;0.961245;8.13204e-06;3.8332e-06;1.58387e-06;1.65908e-06;0.0247792;0.000159092;4.68381e-07;2.23221e-05;0.0119834;3.60893e-05;3.05722e-06
1.76695e-07;0.0220782;7.76425e-09;1.27774e-08;2.50389e-05;3.20689e-05;2.52839e-06;1.45438e-06;1.53331e-07;3.58074e-06;9.30652e-08;5.17562e-09;6.73087e-08;0.977857
7.56667e-10;7.27664e-09;0.999938;1.13459e-10;4.18563e-07;6.94853e-10;6.34903e-12;1.0047e-06;2.46499e-12;1.70228e-11;5.53348e-12;6.03798e-05;2.45081e-11;2.08648e-10
2.30168e-05;0.713476;1.24898e-05;1.90003e-05;0.000391442;8.43036e-05;8.19098e-05;0.269684;1.26399e-05;2.44599e-05;3.55375e-05;3.04294e-05;0.00176516;0.0143599
4.04411e-05;0.0775129;5.07659e-05;1.82118e-05;8.46451e-07;2.79879e-06;0.000275609;0.908181;7.93901e-05;9.31499e-08;0.000195567;1.00145e-05;0.013632;2.45508e-07
2.80924e-08;0.99943;2.50209e-10;3.53045e-07;8.07492e-08;4.69973e-08;2.91926e-07;0.000209661;7.90713e-10;4.30763e-06;1.5016e-09;1.05374e-08;1.65374e-07;0.000354755
2.62972e-11;5.69683e-12;0.999998;1.55614e-10;1.16692e-09;2.1836e-11;2.95762e-12;1.96847e-10;6.05798e-14;9.39719e-12;1.38369e-11;2.32194e-06;1.63881e-12;1.2749e-11
1.80692e-05;0.562133;5.69565e-08;7.77037e-05;0.001746;1.28572e-06;0.000301429;0.432892;0.000189618;9.81593e-05;0.00017888;1.03957e-05;4.7352e-05;0.00230517
5.48403e-05;0.00396357;0.32146;0.0124035;0.0333361;0.00178463;8.12823e-05;0.000102863;3.60183e-05;0.000669882;0.00125636;0.614066;0.00113271;0.00965235
2.63059e-05;0.969702;5.9911e-09;1.50693e-05;3.06271e-06;6.1048e-06;0.000445043;0.000135066;0.00106191;9.93291e-07;0.00632187;7.60285e-05;0.0221808;2.62307e-05
3.55967e-06;0.00651378;5.05485e-10;4.78837e-08;0.000744253;2.208e-07;3.00727e-07;0.992699;1.42846e-07;3.14085e-07;3.15262e-08;1.29594e-07;2.53201e-05;1.28282e-05
2.90164e-06;4.57267e-05;0.999331;4.75755e-06;0.000141326;4.45813e-05;6.28979e-09;2.52139e-06;3.37824e-08;2.95168e-07;1.48476e-07;0.000345839;5.4781e-05;2.56426e-05
1.38186e-05;0.99884;3.30096e-09;2.16588e-08;9.44539e-07;8.03677e-08;0.000210275;0.00088293;4.6869e-07;2.82625e-06;3.65169e-06;2.0279e-07;1.03046e-06;4.38419e-05
5.38312e-08;1.98095e-08;0.999988;1.04359e-08;2.3788e-07;4.47089e-09;1.77923e-07;4.33835e-06;2.63883e-07;3.36888e-09;6.77799e-08;6.52872e-06;5.93557e-10;3.30853e-10
7.06699e-05;0.195197;5.87541e-08;5.04411e-06;4.15296e-05;1.55397e-06;1.0404e-05;0.240903;0.000466824;8.97966e-07;6.75711e-05;1.33601e-05;0.56319;3.1359e-05
5.29906e-08;6.66606e-06;3.87895e-07;4.07986e-06;1.9056e-06;1.347e-07;4.12202e-09;7.58073e-06;1.57364e-06;1.16873e-07;2.10121e-06;0.999884;1.56412e-06;9.0175e-05
0.000502419;0.082691;4.37949e-07;0.000492839;7.44507e-06;6.73878e-05;0.000829904;0.0104424;0.00842332;4.71076e-06;0.0245404;0.0159721;0.85599;3.53272e-05
0.000944891;0.0355006;6.20542e-05;6.29694e-05;0.000221028;0.000144544;7.29189e-07;0.44116;0.00020863;1.65801e-06;0.000688455;0.4986;0.0139876;0.0084166
0.000123786;0.743445;2.56074e-07;2.60002e-05;9.73676e-05;0.000914335;0.00712878;0.00192451;7.78125e-05;0.0123565;6.36288e-05;1.01775e-06;0.00324147;0.230599
3.95433e-10;1.36096e-10;0.999993;1.08933e-10;6.13123e-10;2.33663e-10;1.28966e-10;4.45734e-11;6.18313e-11;2.20499e-11;2.65264e-10;6.76986e-06;1.46647e-12;6.29364e-11
7.13186e-06;0.11322;6.67916e-06;1.15284e-05;5.18091e-07;4.92724e-05;0.000112024;0.000311299;0.000950329;1.25626e-06;0.000393531;0.000164805;0.884769;1.97486e-06
1.56442e-05;0.0580092;8.58061e-05;6.27201e-05;0.000111629;0.000368327;3.64232e-06;0.000734059;9.08854e-06;6.05262e-06;2.02144e-05;0.926056;0.0100073;0.00451059
4.61178e-05;0.027349;9.55696e-09;9.36222e-05;0.0170757;8.08574e-05;8.35099e-06;0.947726;0.000251021;4.2292e-05;7.52501e-05;0.00590302;0.00119743;0.000151507
9.68989e-06;0.00283983;0.992677;2.68035e-05;6.44201e-05;0.000298323;4.9718e-08;5.32894e-06;2.84034e-08;5.07325e-06;6.01819e-08;6.97878e-05;0.000254198;0.0037495
1.45834e-05;0.996875;2.83489e-08;8.3607e-09;5.18718e-08;3.04425e-07;0.000684472;0.000183844;1.54166e-07;1.92531e-05;1.54682e-07;7.62449e-10;0.00204731;0.000174967
2.79416e-11;1.2877e-10;1;4.33981e-12;1.21758e-10;3.64784e-10;6.76643e-10;7.31095e-10;7.83343e-11;1.20946e-09;1.67593e-11;2.09853e-09;5.83231e-13;8.48904e-13
2.61975e-09;6.39526e-09;0.999999;1.01605e-09;6.50572e-10;1.07093e-09;1.74159e-09;6.37519e-07;7.31388e-08;4.35156e-10;5.28733e-09;1.87001e-08;2.84756e-09;1.13193e-11
1.66066e-09;4.43897e-07;0.997795;5.05092e-09;2.42674e-09;9.90953e-09;2.48942e-10;2.22696e-06;6.58584e-10;6.11417e-10;2.99793e-09;0.00219642;1.54441e-08;5.54179e-06
5.73181e-10;0.000372558;9.48756e-10;8.4951e-10;1.27185e-05;2.1882e-05;2.1835e-08;4.84869e-07;2.31351e-11;4.4781e-08;5.72588e-10;3.38964e-11;3.12576e-09;0.999592
2.31522e-11;1.69637e-08;0.999746;2.14891e-10;3.90771e-08;2.41199e-09;5.2897e-13;7.52748e-08;1.38124e-14;6.06245e-12;4.44082e-12;0.00025411;7.73782e-11;1.08654e-08
3.32851e-08;0.96515;2.52164e-08;1.65248e-07;7.06059e-07;4.73419e-07;2.40329e-06;0.000297006;9.30828e-10;4.72231e-07;5.79146e-08;3.46493e-07;0.000100586;0.0344473
2.24341e-06;0.632756;2.65916e-06;1.10738e-05;1.95352e-07;3.09409e-06;0.00247036;0.147296;1.2688e-05;9.01775e-08;0.000209306;2.52077e-05;0.217211;4.05725e-08
2.83525e-08;0.000190252;2.06745e-10;1.40789e-08;4.28235e-06;1.33891e-07;3.13528e-10;0.998172;2.35777e-09;7.60639e-09;8.53192e-10;9.65277e-07;0.00163212;3.25128e-08
7.11038e-06;0.00322419;0.000567409;0.000158289;0.0211992;0.00114676;5.18321e-07;0.000498489;2.57017e-07;6.51884e-06;1.15614e-05;0.713284;0.000842842;0.259053
8.22199e-05;0.855187;0.000356972;0.000128455;0.000352413;2.14938e-05;1.63943e-05;0.0284925;8.61338e-05;2.41887e-06;0.000100906;0.0434349;0.0707539;0.000984221
5.46624e-05;0.236797;0.00150522;0.000143338;0.00262264;0.00348209;5.47476e-06;0.00172097;5.69275e-06;8.58953e-05;9.15629e-06;0.19764;0.476101;0.0798261
0.000427786;0.156702;6.75484e-06;0.00180579;0.000927306;0.00495286;0.000525785;0.145052;0.281185;0.000144081;0.0536348;0.0129255;0.332023;0.00968811
9.58974e-05;0.00269901;1.55755e-07;4.84899e-07;2.08206e-06;1.43708e-07;5.48351e-07;0.996666;0.000193144;1.36313e-07;7.27032e-06;4.34219e-06;0.000330514;1.17418e-07
9.66287e-06;0.480639;4.92034e-07;3.00136e-06;5.41711e-06;2.27804e-06;2.80671e-05;1.42244e-06;3.8108e-07;0.000501686;2.31738e-08;8.64481e-06;1.41195e-06;0.518798
3.24499e-09;1.02834e-10;0.999998;4.84083e-11;3.59992e-10;4.51005e-11;2.15178e-10;1.5593e-10;8.5343e-11;3.51586e-11;1.95823e-10;1.69418e-06;3.84384e-13;3.9785e-11
0.000161865;0.713794;0.000232816;2.78425e-06;0.00016702;0.000104987;7.42785e-06;0.179908;8.51991e-06;1.87908e-06;3.38897e-06;0.0199417;0.0831676;0.00249762
1.07475e-05;0.398229;1.16619e-07;0.000177682;7.52353e-05;0.00232641;0.147188;0.000728895;0.000896472;0.0358483;0.00012897;1.00757e-06;0.000389976;0.413998
3.82173e-08;2.6367e-08;0.999955;8.91276e-07;1.45238e-08;1.27793e-07;2.8761e-05;4.22888e-08;1.09383e-06;1.19867e-06;1.26134e-05;4.20179e-07;1.88126e-10;2.50212e-09
2.05343e-05;0.998592;2.05551e-06;1.77349e-06;2.16871e-07;4.40763e-08;5.038e-06;0.000468226;4.07775e-06;3.13803e-08;1.94239e-05;4.79032e-05;0.000838431;9.11722e-08
6.8884e-06;0.990519;4.21977e-08;6.29051e-07;2.074e-06;2.68631e-06;0.00090017;0.00116214;8.09066e-07;0.000450975;6.20385e-07;2.83427e-07;0.00566923;0.00128445
3.84685e-10;3.78173e-10;0.999982;3.89052e-10;8.92005e-08;2.31991e-09;6.03799e-10;1.84573e-09;1.16742e-10;1.13239e-10;3.47242e-10;1.81673e-05;2.61182e-12;1.05534e-09
1.73265e-06;0.949245;1.84528e-08;4.69575e-06;7.66675e-06;8.15169e-06;1.0309e-05;0.000342872;6.58583e-05;2.39176e-07;4.22992e-05;5.9453e-06;0.0502497;1.53143e-05
2.72038e-05;0.0291886;0.000667834;3.37259e-06;7.78841e-06;1.63184e-05;1.07674e-06;0.00172545;1.73452e-05;2.71877e-07;2.66911e-05;0.968128;9.21703e-05;9.7766e-05
1.12288e-05;0.148133;9.37456e-07;0.000243853;0.00172474;0.00522377;4.94523e-06;0.00557773;0.00056063;2.71606e-06;9.54919e-05;0.00450819;0.725984;0.107928
0.000370879;0.484974;7.30679e-06;0.00289477;0.0037741;0.00389431;1.85184e-05;0.437076;0.00323668;7.21347e-05;0.000982892;0.0276146;0.0337919;0.00129127
1.35373e-05;0.0190119;5.85916e-08;4.88163e-07;1.03586e-06;6.56407e-07;6.52087e-09;0.000334375;6.69801e-07;7.20524e-09;1.34711e-07;0.000343969;0.980293;2.08133e-07
9.17544e-06;0.039218;3.47094e-05;6.61514e-05;0.00244316;7.53928e-08;1.17647e-05;0.000605471;9.98308e-06;9.71691e-07;3.61051e-06;0.919797;3.60399e-06;0.0377959
0.000300714;0.139884;8.89242e-10;0.0002343;0.000473545;1.2203e-07;5.75582e-05;0.843027;0.0105034;1.65585e-05;0.000765465;0.000926767;0.00373898;7.14591e-05
0.00334402;0.162145;0.749095;0.0049904;0.00124955;3.00189e-05;0.000413152;0.00846328;0.0010796;3.66342e-05;0.00054847;0.066717;0.000485374;0.00140239
0.00154572;0.00227882;7.35107e-06;3.6422e-05;0.00119424;5.30872e-06;2.47341e-05;0.9617;0.000249005;1.08698e-06;4.61075e-05;0.0298818;0.00231146;0.000718455
1.35662e-06;0.000250302;1.54437e-06;6.55356e-07;0.000772039;3.29127e-06;1.19081e-07;0.998913;2.61436e-05;4.14873e-07;4.77472e-07;1.53093e-05;1.48882e-05;6.57048e-07
2.06895e-06;0.000594995;0.999329;5.07793e-06;3.16901e-06;2.32397e-06;1.5677e-09;2.25932e-06;1.24031e-07;1.76852e-07;3.88469e-07;5.16151e-05;2.63419e-06;6.44972e-06
0.000105965;0.47263;4.98044e-05;0.000195444;4.43437e-05;0.00019958;0.000962883;0.238922;0.211917;1.4628e-05;0.0680498;0.000759641;0.0010217;0.00512752
