1.04789e-05;0.999074;0.000391734;4.85137e-05;1.67427e-06;2.25096e-07;3.04347e-06;0.00024414;1.56931e-07;1.113e-06;3.88482e-07;9.62135e-05;8.62326e-05;4.18848e-05
2.33248e-05;0.558169;7.89775e-08;3.3872e-05;3.87111e-05;4.81838e-06;5.8098e-08;0.437852;5.37717e-05;3.31958e-07;0.00013273;0.00211777;0.00126139;0.000312348
0.00136906;0.2989;2.7123e-05;0.000136984;0.00010704;0.000514452;0.0345534;0.000616533;0.00027021;0.0380343;0.000650897;0.000220067;0.000682289;0.623918
1.4686e-07;7.23826e-09;0.999996;1.37108e-08;2.02127e-07;3.2884e-08;4.71994e-08;1.38542e-07;9.12636e-08;5.62571e-09;1.47438e-07;3.70734e-06;1.09522e-10;4.5183e-10
9.66901e-05;0.749389;2.81817e-06;2.00076e-05;4.81869e-05;6.98262e-05;1.40615e-05;0.028136;0.000524264;8.49052e-07;0.000320284;0.00132038;0.219867;0.000190628
2.55192e-05;0.85332;5.37613e-06;0.00525235;0.0215411;0.0120422;1.1897e-05;0.0300017;0.000482614;0.000283469;0.00154984;0.0323657;0.00659778;0.0365203
1.17934e-05;0.992561;5.07632e-08;3.52976e-05;0.000129794;0.000597707;0.00129919;0.00333562;1.65219e-05;0.000965041;4.99042e-05;1.95323e-06;4.90625e-05;0.00094737
5.09443e-09;1.23303e-08;1;4.89288e-10;6.07608e-10;9.71618e-11;6.90304e-10;1.61717e-08;1.2665e-10;7.25963e-11;2.74631e-09;2.01287e-08;1.25186e-10;1.26345e-12
0.00103909;0.226808;0.000109436;2.71297e-05;0.000827839;0.000367448;1.33766e-05;0.0133896;0.000930447;8.38071e-07;0.00134784;0.725292;0.0223882;0.00745858
0.000101316;0.472745;1.45601e-05;0.00153581;0.000847999;0.0120397;6.53309e-06;0.0904591;0.0170847;6.21991e-05;0.00587684;0.0191589;0.318509;0.0615585
0.00265307;0.913606;0.00900914;0.00169658;0.000580047;0.000146317;7.83342e-06;0.00918846;0.00026161;0.000747198;0.00158355;0.0339781;0.024287;0.00225482
0.000170013;0.0140526;1.89444e-06;0.000137487;0.00410805;2.1677e-06;0.000156515;0.40356;0.0450321;0.00012912;0.013194;0.519121;9.33906e-05;0.000241485
0.000114994;0.527437;0.45423;0.00347422;0.000403904;0.00113488;2.50819e-05;3.33443e-05;5.35774e-05;0.000256376;0.000106807;0.000211046;0.00440785;0.00811058
0.00348468;0.637542;1.03628e-06;8.67382e-05;0.000133951;0.000223001;0.000171082;0.0275137;0.0249429;8.20016e-05;0.00762353;0.00102726;0.292515;0.0046533
0.0110302;0.557645;0.00115572;0.000475737;0.0249486;0.00432043;0.000101437;0.211542;0.00527757;0.000714986;0.000639668;0.0862882;0.067635;0.0282251
0.000666187;0.135962;6.90729e-05;7.52808e-05;0.000364396;0.00179731;6.5396e-06;0.000563423;0.000170084;3.55196e-05;8.21513e-05;0.723789;0.0622269;0.0741922
1.67797e-05;0.102137;3.53719e-06;0.00013942;3.26848e-06;7.67451e-05;0.847699;4.65952e-06;6.88712e-05;0.0203178;0.000906572;1.4232e-07;0.000786989;0.0278386
1.3392e-09;5.04143e-10;1;3.87706e-09;2.20328e-10;4.20811e-11;9.15168e-08;1.21152e-09;3.66076e-09;6.69691e-09;8.49039e-08;5.50782e-08;9.4873e-14;2.39652e-11
1.61694e-05;2.86432e-05;1.03251e-09;5.2854e-09;1.12055e-07;3.44968e-10;2.17923e-07;0.999896;5.49861e-05;9.10844e-09;2.43668e-06;2.08683e-07;7.95909e-08;7.38468e-07
9.26789e-05;0.778831;1.25165e-06;3.06906e-06;4.8773e-07;3.77066e-07;0.217898;0.000170832;0.000878956;0.000409544;0.00011332;3.57522e-05;4.17663e-06;0.00156093
6.31069e-10;2.13426e-09;1;1.17462e-09;1.7713e-09;6.96915e-11;2.32615e-08;5.30452e-09;1.60428e-09;2.23649e-10;6.51923e-09;4.02894e-07;9.8196e-12;5.52698e-11
8.59396e-07;0.960801;4.35137e-09;2.99249e-05;2.63645e-07;6.12022e-07;8.94568e-05;0.00100958;6.81045e-05;2.06036e-06;0.000115654;0.000179878;0.0376956;6.69597e-06
5.98357e-06;0.00280622;0.027094;0.000640774;0.00471865;5.18434e-05;1.65383e-07;0.00137835;1.23271e-06;3.53425e-06;1.27872e-05;0.960163;0.00141645;0.00170653
0.00014334;0.85828;1.19421e-06;0.000177583;2.93635e-05;3.99496e-05;0.000268548;0.0396301;0.00293185;2.74007e-05;0.00484755;0.0240541;0.0687865;0.000782815
7.26835e-06;0.957716;7.24072e-10;1.06694e-05;8.09801e-07;7.49928e-07;1.15957e-06;0.000607543;2.29265e-05;1.54193e-06;0.000399653;0.000645364;0.0405474;3.92109e-05
0.00159762;0.169404;0.000277375;2.67105e-06;0.000178963;1.31357e-05;7.05437e-07;0.284893;5.37334e-06;4.8376e-06;2.46874e-06;0.527946;0.0109203;0.00475328
1.96626e-05;0.152715;2.08337e-05;0.000110319;3.10695e-05;0.000177599;2.95245e-05;0.000406304;5.52691e-05;2.4627e-06;7.8878e-05;0.792467;0.00588656;0.0479996
2.67502e-05;0.00192235;3.22233e-08;1.68121e-05;2.72859e-06;3.90342e-08;5.50547e-07;0.0207666;0.000335397;7.79047e-08;0.00107648;0.00100372;0.974849;2.17666e-08
2.0674e-06;0.989189;1.16713e-06;4.59013e-06;1.37109e-07;4.93023e-07;3.94963e-09;4.6659e-08;2.0259e-08;2.10448e-07;8.48175e-09;8.16843e-05;0.0106764;4.38746e-05
0.000122936;0.130346;4.86876e-05;4.64692e-06;2.14298e-05;6.36734e-05;2.74557e-06;0.245291;0.000108652;3.34361e-06;1.7496e-05;0.31453;0.309193;0.000247242
1.87098e-07;1.96105e-06;2.66184e-08;6.41015e-06;3.27969e-05;0.70301;4.52441e-05;8.31548e-07;5.95178e-06;4.67999e-05;2.93776e-05;9.38685e-09;0.296805;1.46492e-05
2.94297e-06;1.62945e-06;0.99999;5.75661e-07;1.00974e-07;3.86309e-07;1.46773e-07;2.71922e-07;1.83821e-08;1.12281e-07;1.5934e-07;2.77079e-06;9.9353e-07;2.11843e-07
2.7944e-05;0.989594;1.27916e-05;7.26836e-05;6.55155e-05;7.21925e-05;0.000115011;0.00504288;0.00121861;4.20456e-06;0.00150733;1.82816e-05;0.00126348;0.000985061
