4.77879e-06;0.997792;6.37024e-05;1.87716e-05;1.12571e-05;2.00462e-05;0.00030562;3.36293e-05;6.53131e-08;0.00137071;3.99508e-06;6.75168e-07;0.00022543;0.0001495
3.13493e-09;5.81804e-09;0.999999;1.68878e-10;2.09176e-09;1.2301e-09;3.62078e-09;1.53124e-07;4.76643e-10;9.31435e-11;2.56546e-09;3.31319e-07;5.72478e-11;2.98479e-11
0.000492253;0.955445;4.02928e-05;2.06571e-05;0.000600999;0.000241779;0.000861498;0.00815469;3.74174e-05;2.39993e-06;0.000529882;0.0102388;0.0200621;0.00327216
5.8184e-07;0.00281988;3.82813e-10;1.95693e-07;0.00127152;2.54964e-07;7.50548e-07;0.995801;5.78008e-05;5.59094e-08;1.17797e-05;4.18178e-06;3.05177e-05;1.31533e-06
0.000186527;0.00242708;0.889256;0.00863066;0.00602269;0.00444498;1.43135e-05;4.30956e-05;4.34548e-05;0.000373372;0.000509433;0.00885568;0.000170543;0.0790226
2.91854e-05;1.04122e-05;7.67909e-10;1.09624e-08;3.42014e-07;1.39857e-08;8.22688e-08;0.999277;0.000644695;1.55948e-09;1.89906e-05;1.59984e-07;1.9538e-05;2.20305e-09
1.21989e-05;0.00509249;6.49088e-05;9.24039e-06;0.000253751;2.07956e-05;2.10784e-07;0.000627285;1.66094e-05;2.50791e-06;1.15992e-05;0.989754;0.000222901;0.00391118
1.52728e-07;0.999167;1.35978e-10;1.44118e-07;3.10995e-09;3.81398e-09;0.000812866;1.25673e-06;2.84533e-07;5.85054e-06;3.65052e-07;1.78638e-09;1.29268e-06;1.05937e-05
6.91555e-10;1.61296e-09;0.999999;9.10178e-10;8.23259e-09;1.25521e-11;1.21667e-08;7.08326e-10;2.46014e-10;1.03984e-10;6.89526e-09;5.43959e-07;9.4754e-12;8.19349e-12
2.3765e-06;0.000574556;7.07013e-09;8.74302e-08;0.00010238;1.58607e-08;4.81369e-05;0.999047;0.000190872;2.58689e-07;5.61695e-06;4.44936e-07;2.79134e-05;1.1268e-07
3.84284e-06;0.000181367;0.99809;0.000133074;0.000258723;0.000245002;2.8826e-06;4.39611e-07;1.91847e-06;4.22714e-06;9.02702e-05;0.000902784;1.60448e-05;6.96327e-05
2.01192e-05;0.993857;4.53724e-09;6.83794e-07;3.5487e-07;1.53725e-06;0.00116093;0.00426971;5.98907e-05;9.15557e-06;7.71502e-05;7.73911e-07;0.000503318;3.93279e-05
2.48426e-09;5.05166e-09;1;2.72743e-10;5.20502e-11;1.71114e-11;1.16503e-08;6.14029e-08;3.65177e-10;2.31873e-10;3.50543e-10;2.49555e-07;1.23726e-11;2.263e-12
0.000126885;0.00909987;1.83779e-07;1.03555e-05;0.000181309;7.69865e-05;1.20207e-05;0.0147911;0.000698368;4.97514e-07;0.000102039;0.96056;0.0123686;0.00197173
1.27126e-05;0.0629127;2.45979e-06;2.24334e-06;0.0505195;0.000330581;9.35768e-06;0.00224226;2.07583e-08;1.14579e-05;1.31305e-06;0.00132923;0.858357;0.0242687
4.98929e-05;0.102372;4.2914e-05;0.000572424;0.00179666;0.00284607;0.000170404;0.000256442;0.000157641;4.95804e-05;0.000933716;0.13442;0.754474;0.00185796
9.12592e-06;0.00540357;0.994372;1.40235e-05;4.65426e-06;1.19742e-06;0.000117057;7.02112e-07;4.27947e-08;2.9947e-05;9.24704e-08;1.87528e-05;5.21329e-07;2.84718e-05
3.93627e-07;4.97465e-08;0.999996;2.51374e-08;4.90698e-07;8.23362e-08;6.08738e-07;1.39809e-07;6.01098e-07;2.86954e-09;1.3209e-06;7.53817e-07;6.94262e-08;7.89066e-10
7.54892e-07;0.0129709;1.66018e-08;2.8103e-07;3.53659e-05;1.30021e-06;8.962e-08;0.986083;0.000303441;7.94251e-08;6.13049e-06;8.50228e-05;0.000510709;2.48259e-06
5.95301e-06;0.0984205;6.21034e-06;7.27627e-06;9.67897e-06;9.34414e-08;3.2304e-07;0.00273459;5.62616e-06;5.98181e-08;7.05095e-05;0.894033;0.00470515;1.05816e-06
3.56977e-05;0.919802;1.34953e-06;1.5141e-05;2.69909e-05;1.47978e-07;3.0486e-05;0.000387195;1.16485e-05;6.96544e-06;4.13453e-06;0.0532394;0.00786154;0.0185769
8.5427e-06;0.0308395;1.75391e-09;1.61204e-06;0.000483499;4.53401e-08;2.78521e-05;0.967454;0.00021027;3.27629e-06;1.06598e-05;0.000857486;9.68925e-05;5.79946e-06
1.28731e-05;0.741315;0.256843;2.20248e-05;0.000134595;1.09254e-05;4.22637e-05;0.00024397;8.61308e-08;0.00024826;1.70005e-07;0.000304614;0.000477203;0.000345208
1.44071e-08;1.54083e-09;0.999999;1.36492e-09;1.64879e-08;1.38414e-10;3.00458e-09;9.26349e-08;1.53074e-09;3.94909e-11;6.64908e-09;6.12948e-07;6.86052e-10;1.94785e-10
3.81147e-06;0.0312635;0.00535504;3.61638e-07;2.62419e-06;1.49055e-07;2.46163e-06;0.000164938;4.40889e-07;2.07119e-07;1.03772e-07;0.00561294;7.77627e-05;0.957516
1.03065e-05;0.0161095;8.78576e-09;2.35907e-06;0.00479804;2.2008e-05;4.36493e-05;0.975207;0.00084171;1.91758e-05;1.31293e-05;4.79703e-05;8.82068e-05;0.00279714
2.21529e-06;0.000497041;0.99721;5.47837e-06;0.000626403;0.00044033;2.60478e-06;9.55808e-06;3.8722e-08;6.82247e-07;2.44035e-07;0.00104489;4.03376e-06;0.000156102
5.01402e-05;0.797589;9.40424e-07;1.03567e-07;5.06182e-05;0.000815405;3.01763e-06;0.000192456;7.26162e-07;2.83851e-08;1.35663e-06;0.000813681;0.200468;1.39901e-05
2.06836e-06;0.0175197;1.31062e-06;1.07728e-06;0.000398408;0.000729349;2.03185e-09;0.0369354;1.91132e-06;3.7321e-08;1.26985e-07;0.938262;0.000730009;0.00541826
1.79768e-06;0.933891;1.68641e-06;1.62265e-06;1.65979e-05;9.11091e-07;4.40838e-08;0.00913389;1.21417e-06;7.18103e-09;1.26939e-06;0.000287626;0.0566619;2.24577e-07
4.98425e-06;0.649511;6.03967e-05;6.09273e-06;0.000115531;8.95968e-06;3.75362e-09;0.0152632;3.35895e-07;6.72114e-07;8.79541e-08;0.154604;0.158051;0.0223738
5.44431e-05;0.129009;3.25957e-07;0.000107514;0.000126984;0.000232477;3.95506e-05;0.0184292;0.000299799;1.53621e-05;0.00119948;0.809951;0.0384313;0.00210407
6.4742e-06;0.974977;1.77943e-05;2.93174e-06;5.65057e-09;1.46805e-09;3.02492e-06;0.00147494;7.2076e-06;5.88981e-08;6.31003e-05;0.023067;0.00038028;7.34959e-08
7.9788e-08;0.998179;1.13155e-10;1.42661e-06;0.000672149;8.33789e-08;1.13745e-08;0.000474124;3.07298e-08;6.09735e-07;2.64728e-08;3.41752e-05;2.65525e-06;0.000635313
2.30401e-06;0.000416097;0.00240507;2.63052e-05;0.000507797;0.00114591;1.82989e-08;1.18961e-05;7.81119e-08;2.15781e-06;7.91519e-07;0.987051;5.89082e-05;0.00837133
4.29745e-06;0.00567918;1.29145e-11;6.93539e-07;3.54505e-06;3.82438e-06;1.91026e-06;0.000303574;9.48789e-06;3.97011e-08;0.000349166;1.06888e-05;0.993633;2.74767e-07
1.45136e-05;0.000646153;2.42171e-06;5.668e-05;1.34108e-05;3.64501e-06;7.14862e-07;0.000104095;0.00010127;2.22693e-06;5.76503e-05;0.998356;0.000483815;0.000157352
7.6385e-06;0.999533;2.3848e-06;2.43036e-05;1.03313e-06;1.23952e-07;2.60653e-06;0.000311526;1.33806e-06;5.73359e-07;1.59865e-06;9.99225e-05;1.41334e-05;2.3867e-07
8.03889e-07;0.999621;6.61364e-09;6.11899e-08;2.46768e-08;2.99522e-08;1.78208e-06;1.6955e-06;2.87739e-09;8.87819e-08;1.4465e-08;7.1678e-05;0.000296124;6.88857e-06
4.5603e-06;0.010992;2.06586e-06;9.76448e-05;0.166297;0.000101153;2.46706e-05;0.150002;7.8392e-05;6.52647e-06;0.000426161;0.667998;1.27404e-05;0.00395768
0.000251817;0.167833;0.138081;0.0261995;0.000471362;0.00225761;0.000668897;0.000483267;0.000108422;0.000161885;0.00788391;0.0121639;0.642727;0.000707387
0.000182995;0.616476;5.04442e-06;5.4375e-06;1.57113e-06;5.11095e-06;1.96327e-05;0.00250405;2.35497e-05;7.40833e-07;0.000139613;0.349494;0.0309484;0.000193366
0.00365679;0.0337091;0.0196694;0.00152999;0.478215;0.00139626;0.000122353;0.297649;0.000795992;1.78479e-05;0.00126619;0.0094064;0.00135055;0.151215
0.00122583;0.259562;3.74374e-05;0.00028229;0.00100457;1.83564e-05;4.95977e-05;0.000792753;0.000124537;1.4797e-05;0.0001962;0.548116;0.0201524;0.168423
0.000184807;0.170574;6.89754e-06;2.21934e-06;0.00024974;0.000800207;2.06546e-07;0.205591;4.06183e-06;3.76029e-07;2.08251e-06;0.318352;0.30397;0.000263237
6.98468e-07;0.00141412;1.36034e-10;5.93059e-08;1.64777e-06;2.35604e-06;5.3866e-09;0.000124992;6.38648e-08;3.75479e-09;1.56813e-07;0.000609515;0.997843;3.47315e-06
8.16772e-06;0.000474237;2.8641e-05;6.62246e-06;2.39078e-05;3.91713e-05;2.60603e-08;3.19115e-05;6.63976e-06;9.63346e-07;2.79893e-06;0.999066;0.000305328;5.16761e-06
1.64044e-05;0.999466;9.42598e-06;3.11233e-06;4.53936e-08;3.54388e-08;4.56322e-06;2.6532e-05;8.58737e-05;1.90031e-07;9.53577e-05;0.000252802;3.9385e-05;2.82372e-08
2.73366e-08;0.99997;4.61079e-10;1.21762e-07;7.50248e-08;2.27352e-09;8.99631e-07;8.14599e-07;2.27869e-09;3.68767e-06;3.92569e-09;1.84178e-07;2.26371e-08;2.38027e-05
1.4594e-07;2.45426e-06;0.999952;1.32905e-07;4.52531e-07;4.27107e-06;2.53044e-05;3.82892e-06;1.46863e-08;7.69196e-07;9.18322e-07;2.99702e-07;9.68168e-06;1.36739e-07
1.08903e-07;1.03761e-08;0.999998;1.4611e-08;7.6828e-08;1.51673e-08;9.10157e-08;4.43796e-07;3.14957e-08;3.14326e-09;6.34328e-08;1.06902e-06;2.0342e-07;2.39567e-11
1.62897e-07;2.32016e-05;0.0019704;5.94563e-08;1.53079e-07;4.14167e-09;2.80338e-10;2.44696e-07;1.45497e-06;3.13944e-09;2.77678e-08;0.998003;2.97326e-09;1.08773e-06
1.30853e-06;0.997508;3.02151e-11;4.09052e-08;1.17135e-07;1.44014e-07;5.57418e-05;4.32018e-05;3.86512e-06;9.7538e-06;2.86847e-07;1.155e-10;2.49857e-05;0.00235222
8.28868e-11;2.03576e-10;0.999998;2.55184e-11;1.90124e-09;1.04046e-12;4.30384e-12;1.12451e-10;7.00555e-11;2.66989e-13;8.59871e-13;2.33406e-06;5.2377e-14;1.80469e-12
9.59871e-06;0.696561;2.33471e-06;6.33947e-06;0.000775531;5.43463e-07;1.22778e-08;0.297902;2.58261e-05;2.62979e-08;4.50778e-08;0.00249286;0.00205315;0.000171513
7.42086e-08;6.93655e-06;5.67337e-08;4.61521e-09;3.6867e-05;7.81996e-08;2.8927e-10;0.999764;2.30738e-08;1.82111e-08;1.47161e-10;1.55662e-08;0.000192178;1.33161e-08
1.50867e-08;2.24867e-05;0.999956;1.20352e-07;2.42456e-06;1.05556e-06;5.76506e-12;2.33328e-08;7.2807e-12;1.31091e-08;9.43864e-10;1.41996e-05;2.1995e-07;3.12534e-06
4.59728e-07;0.994991;5.43602e-06;1.39872e-06;5.15077e-07;5.19713e-07;2.53489e-05;0.00446755;3.2796e-05;1.65171e-07;0.000102269;0.000176414;0.000188927;7.21837e-06
