2.74573e-05;0.994524;5.06005e-08;5.99476e-06;3.6808e-06;2.82643e-07;3.39398e-06;0.00498462;7.17889e-05;9.463e-07;2.31892e-05;6.02566e-05;0.000273226;2.12604e-05
2.7764e-05;0.000506272;6.55089e-09;9.47293e-08;2.35287e-06;3.65521e-09;7.09339e-07;0.999416;3.52105e-05;3.06145e-07;3.35382e-06;3.69267e-07;3.96015e-06;3.06375e-06
2.27353e-05;0.976469;5.84757e-06;7.57618e-07;2.11721e-07;1.11628e-07;0.0223592;0.000153718;2.44582e-05;0.000133764;5.36099e-06;1.28801e-05;1.44544e-06;0.000810201
5.1766e-10;6.09029e-10;0.999999;6.5424e-10;5.94513e-10;3.47504e-11;2.55822e-09;1.69215e-08;9.03306e-10;2.12838e-11;4.52388e-09;1.37429e-06;3.70028e-11;1.61659e-11
9.90248e-07;0.962187;6.94289e-08;2.16084e-05;9.89222e-07;2.3592e-07;5.2851e-06;0.00444273;1.88979e-05;4.30656e-07;0.000150538;0.00735274;0.0257928;2.56209e-05
2.53794e-05;0.642042;0.0336357;0.00996272;0.058232;4.02118e-05;4.10862e-06;0.0588186;6.20608e-07;0.000229364;1.63131e-05;0.0108497;0.000181442;0.185961
1.05792e-05;0.0678765;0.000431078;0.000609836;4.19836e-05;2.38653e-06;5.88484e-07;1.19302e-05;4.09949e-06;4.06864e-06;0.00011371;0.911944;0.000155458;0.0187938
7.11206e-05;0.780789;3.81784e-06;7.54746e-06;0.000167709;5.59207e-05;6.90561e-06;0.0286173;5.3666e-06;2.21477e-06;0.000285568;0.130824;0.0493042;0.00985995
1.56311e-06;0.0119894;2.4718e-07;1.73192e-07;7.03197e-07;8.40747e-06;4.40734e-08;0.00639983;3.19997e-07;4.93905e-08;9.81609e-06;9.56102e-05;0.981493;8.76149e-07
0.000309561;0.47461;0.443853;0.000773779;4.29961e-05;0.0001849;2.63579e-06;0.00358716;4.74909e-06;1.26002e-05;4.85179e-05;0.0623996;0.0120336;0.00213673
3.06862e-06;0.954002;4.15308e-07;7.62523e-05;3.36793e-05;6.68528e-05;7.6769e-06;0.00333924;1.75617e-05;1.87909e-06;0.00150791;0.00625221;0.034151;0.000540356
4.05033e-05;0.967045;0.000120519;2.46251e-05;7.71512e-05;1.45385e-06;7.60175e-06;0.00709731;8.54249e-07;6.88237e-06;9.56699e-05;0.0154153;0.00563979;0.00442714
4.32501e-05;0.0630823;0.00156244;2.67543e-05;0.0013931;1.02432e-06;3.17823e-06;0.00149007;1.56008e-05;2.71415e-06;0.000972867;0.822141;0.00473465;0.104531
0.000357863;0.386756;4.02385e-07;0.000225187;0.000494616;5.44396e-06;0.000563709;0.0834265;0.0138668;3.68192e-05;0.0526341;0.12391;0.336156;0.00156572
4.06019e-06;0.000815592;6.95525e-10;3.17599e-08;6.40699e-05;1.83989e-09;3.46253e-07;0.999105;2.56131e-06;1.20304e-07;7.04379e-07;3.01604e-06;1.13098e-06;3.49444e-06
2.60145e-06;0.000331153;0.998821;2.12657e-06;4.30463e-05;3.45401e-06;2.54549e-08;7.93903e-05;2.11065e-08;1.32608e-07;1.15527e-07;0.00068348;1.3317e-05;1.98934e-05
0.000200341;0.00775172;2.5849e-08;9.05518e-07;9.59795e-05;2.4708e-06;8.33954e-07;0.956438;0.000461478;6.34918e-08;0.000517873;6.37554e-05;0.0344631;3.26741e-06
0.000698411;0.100396;2.44527e-06;9.31381e-07;2.81736e-05;2.13787e-07;2.15264e-07;0.855299;1.82861e-05;3.85512e-07;3.43002e-06;0.035521;0.00793954;9.13952e-05
5.29292e-07;0.00924387;2.10928e-06;3.43274e-06;9.92924e-06;7.1468e-06;9.03922e-08;0.000563205;3.2242e-06;8.74343e-08;2.5784e-06;0.98377;0.0063425;5.10111e-05
4.70465e-05;0.409848;7.55043e-07;0.00223022;0.00416947;0.00117538;0.000145869;0.051719;0.0024975;0.000566454;0.00400856;0.00945898;0.513458;0.000674961
0.00120964;0.148192;0.57018;0.00239555;0.000577689;1.7011e-05;2.64043e-05;2.81969e-05;6.39734e-06;0.00016519;5.69363e-05;0.275438;0.0014326;0.000274523
0.00138041;0.0141995;6.00973e-08;3.48536e-05;7.45754e-05;4.6072e-08;0.00152434;0.376333;0.560857;2.01241e-06;0.0454987;5.46235e-05;4.029e-05;2.01809e-07
0.00350814;0.605804;0.231378;0.00629934;0.0248202;0.00100421;0.000157661;0.000858954;0.000402377;0.00030079;0.00134347;0.0155606;0.106421;0.00214036
2.94539e-05;0.993623;1.06505e-07;2.78883e-07;3.16487e-06;1.60184e-08;2.4297e-07;0.00067697;5.12723e-06;4.29339e-08;4.8911e-06;0.00542221;7.73746e-05;0.000157452
9.5418e-06;0.949493;2.83873e-07;4.32851e-06;0.000213305;6.54112e-07;3.43515e-07;0.0180983;4.43647e-05;9.97094e-07;2.49975e-06;0.00658404;0.0255068;4.15577e-05
5.98019e-05;0.153013;4.31423e-07;1.91284e-05;0.0001777;5.33549e-06;5.79888e-06;0.0176513;0.00205429;3.99139e-06;0.000433601;0.0435823;0.782987;7.08438e-06
2.12031e-05;0.558948;0.427238;0.000457414;0.000120905;0.000120504;0.000187318;0.00013402;3.26204e-07;0.000717708;2.61599e-07;0.000612671;0.000524652;0.0109169
1.43179e-07;2.35603e-07;0.999994;4.56647e-07;6.71406e-08;1.90852e-08;1.14298e-06;4.29921e-08;2.47517e-07;1.66002e-08;2.48705e-06;6.80354e-07;4.64682e-09;3.4732e-09
3.62015e-05;0.93726;4.6613e-05;6.0893e-05;1.02362e-05;1.51203e-05;1.75333e-05;0.0304966;0.000129661;9.06886e-06;0.000197319;0.0260553;0.000206448;0.00545903
3.71376e-05;0.0315291;2.90939e-06;4.50919e-05;1.32922e-05;4.83089e-05;6.77685e-06;0.00422336;0.000223813;1.20171e-06;0.000365735;0.00134056;0.962154;8.61473e-06
2.1002e-07;0.999829;5.88125e-12;7.22226e-07;1.00096e-08;1.47566e-08;5.64516e-05;1.12663e-05;3.40391e-07;6.47074e-06;5.49752e-07;6.826e-09;3.18257e-06;9.21163e-05
6.23148e-09;9.17403e-08;0.999963;1.02634e-06;1.1098e-08;4.66867e-09;3.99535e-08;1.48428e-09;6.13488e-10;1.30363e-08;4.37252e-08;3.57067e-05;1.32098e-10;7.56033e-10
6.08201e-05;0.00419749;0.000190473;0.000222976;0.000957069;6.1682e-07;8.39216e-05;0.991492;1.06215e-05;1.61801e-06;8.06073e-05;0.00263002;1.04568e-05;6.13447e-05
3.19092e-05;0.00843314;5.28628e-06;4.30562e-05;0.000735761;3.72161e-05;0.00883622;0.978861;0.000136636;8.84981e-05;0.000968083;5.32764e-07;0.00181149;1.08501e-05
1.03095e-05;0.00038286;0.999397;1.20696e-05;3.51281e-05;8.225e-06;1.31691e-08;1.93024e-05;1.52417e-07;2.76716e-07;2.13409e-06;0.000110416;1.35747e-06;2.12639e-05
1.39436e-05;0.923006;1.26103e-05;2.03298e-05;3.68544e-05;2.15839e-05;1.72453e-05;0.0730514;0.00138521;1.34368e-06;0.00128475;0.000279207;0.000381029;0.000488436
