5.73398e-05;0.952248;5.4748e-06;1.64382e-05;0.000242483;0.000242138;7.34219e-06;0.020531;1.69681e-05;2.45591e-06;2.01124e-05;0.00815561;0.0154552;0.00299968
0.00120855;0.840234;1.0547e-05;0.000131537;0.000564011;0.000562966;6.66976e-05;0.0798798;0.000116107;2.83833e-05;0.000700938;0.00913331;0.0278092;0.0395537
7.5688e-05;0.232293;2.92457e-07;0.000688457;6.49713e-05;6.07352e-05;1.82582e-05;0.000599077;0.000295223;1.66727e-06;0.000274286;0.00419216;0.00537647;0.75606
0.00050547;0.798122;2.23921e-06;0.000282109;6.76798e-05;4.15304e-06;1.21942e-05;0.0239993;0.00156839;2.8127e-05;0.00393073;0.0339108;0.137217;0.000349935
3.39652e-05;0.856329;0.00976331;0.000391368;0.00196618;0.000405431;4.17555e-07;4.05852e-05;7.97266e-07;4.88862e-05;3.87501e-05;0.0401393;0.0887857;0.00205605
6.98538e-06;0.0156872;4.8457e-07;1.70741e-06;1.86024e-05;1.62969e-05;7.96823e-07;0.0197016;4.81294e-06;2.73719e-07;0.000101202;0.953952;0.0103027;0.000205067
5.15942e-06;0.105374;5.84127e-10;0.000325916;0.000874516;0.482044;4.16572e-06;0.00287749;1.94831e-05;9.74991e-05;0.000335542;2.24957e-06;0.404472;0.0035688
0.000173246;0.000382025;0.654421;1.90565e-05;1.50553e-06;0.000454031;5.88199e-07;3.0929e-05;4.51255e-08;1.55456e-06;3.26943e-06;0.338519;0.00595236;4.20459e-05
4.44237e-06;0.991067;3.95622e-07;1.94936e-06;1.23327e-05;8.24099e-05;3.04521e-06;0.00149191;4.21402e-07;1.57444e-07;4.65768e-06;2.22672e-05;0.00719297;0.000115833
3.1464e-06;0.991413;1.85877e-07;1.1896e-06;6.0702e-08;6.12438e-07;0.00191847;8.5143e-06;1.23711e-07;0.000491045;1.27304e-06;3.71377e-06;0.00612846;3.05487e-05
1.00959e-08;8.18529e-09;0.999993;1.57932e-07;1.6501e-08;1.03664e-07;5.6278e-06;1.60472e-08;2.0058e-07;3.23381e-07;1.65747e-07;2.63564e-07;5.86119e-11;1.73454e-10
2.18676e-06;0.99965;4.10223e-06;2.34108e-05;1.29182e-07;1.11394e-07;1.21519e-05;6.65509e-05;2.00197e-06;5.15104e-07;1.41096e-05;2.11204e-06;0.000222683;1.95342e-07
2.11739e-06;0.0520968;6.51502e-09;1.64517e-06;0.000240355;6.24575e-07;3.936e-06;0.946973;9.67703e-07;6.23285e-07;8.86749e-06;3.45421e-06;0.000595378;7.21728e-05
5.63867e-06;0.000187771;2.74122e-05;9.55852e-06;0.000323605;3.04463e-06;1.87639e-07;0.030925;2.90529e-06;3.29211e-07;2.89207e-05;0.968401;8.27322e-05;2.17364e-06
0.00018719;0.982717;1.03309e-06;1.82059e-05;3.08429e-05;8.07295e-06;0.00499957;0.00929223;0.00106871;9.10633e-05;0.000316397;3.98062e-08;0.00118023;8.93104e-05
2.37552e-08;1.04343e-08;1;9.43664e-09;9.96406e-10;9.99193e-11;8.66498e-09;4.40599e-09;8.77708e-09;2.58487e-10;3.29718e-08;7.31947e-08;4.16138e-10;9.55358e-12
1.69055e-05;0.0126186;8.45919e-06;3.22282e-05;3.81385e-06;5.75186e-07;1.61902e-07;0.00110207;0.00116295;2.50649e-07;0.000296704;0.983577;0.000164832;0.00101572
5.95507e-05;0.735274;7.15197e-05;5.84735e-05;0.00026627;8.85495e-05;1.06052e-06;0.0560659;5.74722e-05;5.72031e-06;6.62307e-05;0.000441973;0.207398;0.00014557
3.43334e-07;0.623053;6.03194e-10;1.47156e-06;1.22676e-05;9.75647e-07;1.39859e-05;8.70796e-05;7.08529e-09;0.000110926;2.22202e-08;2.53722e-05;6.26975e-05;0.376631
1.6459e-13;1.33244e-12;1;3.50244e-13;1.14436e-11;2.83039e-13;1.74025e-14;2.86219e-11;1.59727e-15;5.66688e-14;5.28067e-15;1.27618e-11;2.28267e-15;4.63169e-15
3.52161e-05;0.354307;0.000380167;0.00081771;0.000334021;0.00438493;0.000100497;0.32006;0.00213818;0.000118074;0.000926781;0.00079943;0.315111;0.000486596
