1.37373e-05;0.997106;1.16119e-05;0.000171709;3.41675e-06;3.94439e-06;3.08457e-06;8.30045e-05;3.67873e-06;5.6393e-06;5.31492e-06;0.00121077;0.00137745;8.12032e-07
0.000248897;0.927173;0.00315875;0.00027748;0.000121;5.11851e-06;5.05589e-06;0.000454584;6.64506e-07;1.09005e-05;5.07006e-06;0.0650868;0.00334764;0.000105183
0.000318554;0.164613;1.60271e-06;1.90762e-05;0.167091;0.00428656;0.000162869;0.207734;2.74848e-05;0.000162382;7.43212e-06;0.000796751;0.00026827;0.454511
0.000519235;0.0735822;0.0909919;0.000291669;0.00981017;0.00627899;1.73639e-07;0.00212649;3.74478e-06;1.10394e-05;7.99554e-06;0.663603;0.000907701;0.151866
2.29029e-06;0.979621;4.44773e-10;1.14279e-07;8.65139e-09;1.25016e-06;0.0186436;0.000276602;4.46586e-06;1.65854e-05;1.11554e-05;1.3522e-09;0.000617834;0.000805057
1.0156e-09;4.3936e-09;0.999999;3.54335e-10;2.06101e-09;1.12786e-08;4.43794e-07;3.16294e-07;1.59653e-08;5.403e-08;1.23933e-08;1.7626e-10;2.10895e-11;4.18287e-12
8.24053e-09;8.46706e-09;0.999999;7.39847e-10;1.24826e-09;2.6748e-09;1.83513e-09;7.39335e-07;7.23395e-08;2.07969e-10;1.13173e-08;2.00775e-07;4.76668e-08;2.46049e-12
1.00423e-07;3.0916e-05;0.00366116;2.52383e-07;1.54426e-07;4.48553e-07;7.03672e-09;6.9954e-06;1.22575e-06;1.87649e-08;3.26347e-06;0.996145;3.65494e-07;0.000149757
4.69033e-06;0.000288639;3.92107e-08;7.05876e-08;0.00087541;0.000155705;2.00207e-07;0.997011;6.8607e-07;4.12842e-08;3.09833e-07;1.77335e-09;7.91171e-05;0.00158424
3.2314e-07;0.000973785;9.03527e-05;7.9577e-07;0.001276;3.28387e-05;8.56443e-10;0.000116287;2.86336e-08;6.47206e-09;3.21297e-07;0.994834;7.06136e-05;0.00260457
4.33744e-07;0.999602;6.56291e-09;3.04083e-08;1.34796e-06;3.94744e-07;5.36975e-05;0.000163239;7.05833e-08;5.63915e-07;4.40241e-08;5.47943e-09;8.24938e-05;9.57281e-05
2.15966e-12;8.82174e-12;1;4.37653e-12;3.75007e-10;4.00247e-11;1.23687e-14;1.59642e-10;6.57152e-15;1.36922e-13;2.61793e-14;4.72146e-08;8.86517e-13;2.75116e-12
1.33843e-06;0.154779;4.50081e-05;2.53921e-05;0.000446815;0.000125021;4.27401e-07;0.509294;5.60141e-06;1.04491e-06;1.52422e-05;0.00178606;0.326717;0.00675782
1.67857e-06;0.0840026;1.14172e-07;8.98103e-05;0.000424206;0.000763792;7.5845e-07;0.756711;4.42519e-06;1.08546e-05;9.41079e-05;0.00231812;0.155005;0.000574341
2.36582e-05;0.970274;0.0153018;0.00056814;0.000374658;1.63483e-05;0.000147934;0.00667259;3.72332e-08;0.00342422;6.09697e-07;0.000430291;2.48976e-05;0.00274109
5.50985e-07;1.32459e-08;0.999994;8.5975e-08;1.47098e-08;1.79222e-10;6.20752e-07;3.60551e-08;1.43908e-07;2.58912e-09;4.62057e-06;1.73557e-07;7.97846e-09;3.0689e-10
0.00054064;0.497294;0.076891;0.000118246;0.000606992;3.62025e-07;0.000627123;0.285056;0.000614099;7.05291e-05;0.000372191;0.106873;0.000158791;0.0307777
0.000209717;0.67916;1.42427e-07;2.20708e-05;0.0832357;0.00149544;0.00011559;0.219379;0.0101964;0.000237503;0.000964147;7.35136e-05;0.00246292;0.00244788
0.000329067;0.088704;0.217674;6.22034e-05;0.0702563;0.00140335;7.40726e-07;0.000761199;3.97774e-07;9.00946e-06;2.89427e-07;0.600938;0.00207722;0.0177842
2.55744e-05;0.000204293;1.26202e-08;2.85869e-08;1.34743e-05;1.63475e-07;1.40238e-08;0.997681;7.72218e-06;1.52579e-09;1.11013e-06;4.09923e-05;0.002026;9.59162e-08
7.21588e-05;0.564492;8.21163e-06;3.553e-05;1.21689e-05;1.82447e-06;6.32344e-06;0.0403569;0.000143334;4.87691e-07;8.89513e-05;0.0924193;0.302301;6.19989e-05
0.00195568;0.309255;0.00490175;0.00531882;0.037683;0.00117388;2.77217e-05;0.395223;0.000369839;0.000327021;0.000864503;0.0175829;0.000945211;0.224372
0.000476438;0.918423;4.60325e-05;0.000747606;6.27585e-05;4.54132e-06;0.00172991;0.0213947;0.000686454;0.000229318;0.00452304;0.0337494;0.00293433;0.0149923
0.000539759;0.268049;9.10742e-05;6.47687e-05;0.000761931;0.000798586;4.78664e-05;0.0938692;3.51397e-05;1.66445e-05;0.000155045;0.548725;0.0840135;0.00283206
7.12155e-05;0.0103353;2.49871e-07;2.57088e-06;4.82862e-05;1.10608e-05;3.31764e-07;0.0749763;1.59214e-05;1.37844e-07;1.85519e-05;0.199755;0.714692;7.26214e-05
5.92098e-06;0.0944943;1.80615e-07;3.11493e-06;9.91214e-07;2.24337e-06;1.21122e-07;1.22658e-05;1.44699e-06;5.62707e-08;1.55311e-06;0.64142;0.264044;1.33612e-05
3.22793e-05;0.0577964;8.02777e-07;3.65544e-05;0.000815418;0.0251561;3.12537e-07;0.00733294;5.06318e-06;1.17824e-05;1.09247e-05;0.0687094;0.602185;0.237907
5.9331e-06;0.00554396;6.23751e-07;2.10399e-05;5.33934e-05;0.000251894;1.11781e-06;0.111965;5.41744e-06;1.08197e-06;0.000323576;0.000125985;0.881698;2.61565e-06
0.000308399;0.650862;0.267865;0.000995687;0.000554761;0.00109416;6.55701e-05;0.0114659;7.08915e-07;6.33082e-05;4.63255e-06;0.0130441;0.000233275;0.0534429
1.85545e-05;0.00715203;5.30948e-07;9.38473e-06;8.4687e-06;0.000117349;2.16011e-06;0.00251143;1.44103e-06;2.15129e-07;0.000206222;0.00212474;0.987755;9.25768e-05
1.11344e-05;0.528071;1.94549e-07;0.00020014;9.01467e-05;7.84594e-05;0.0594036;0.00145176;7.48277e-05;0.00766808;0.000298436;6.2237e-07;9.7651e-05;0.402554
9.92439e-10;9.35168e-10;1;1.11642e-08;1.3995e-10;3.85407e-10;7.32119e-08;1.88313e-09;1.66751e-09;1.79576e-09;1.82607e-07;1.66874e-07;1.29078e-11;8.20442e-12
5.89138e-05;0.970671;2.03135e-05;2.12991e-05;1.07894e-07;1.27663e-07;2.85633e-06;0.00823059;4.46049e-05;4.77254e-07;0.00224341;0.0168656;0.00184068;1.66887e-07
2.62071e-06;0.926929;1.48803e-08;0.000660248;0.000147795;2.52031e-05;0.00596369;5.86968e-05;5.02583e-06;0.0501933;0.000289454;5.12699e-05;0.00118393;0.0144902
1.05059e-06;6.2794e-06;0.996152;3.13856e-05;1.34356e-07;0.00016873;0.000184546;2.40296e-06;5.5196e-06;3.42347e-06;0.00221682;3.39055e-07;0.00122713;1.94542e-09
0.000447735;0.727103;0.258673;0.000705184;0.000648732;0.000434635;5.69409e-05;0.00855478;1.02952e-06;0.000121426;6.69939e-05;0.00180286;0.000706374;0.00067725
0.000333921;0.0090153;7.05551e-07;1.47219e-06;1.56899e-05;1.56857e-05;7.34863e-06;0.0160431;1.04455e-05;5.20441e-07;7.27397e-05;0.00347031;0.970992;2.08487e-05
0.000104889;0.0169758;1.89078e-08;0.000609906;0.0014099;0.00182768;1.98343e-05;0.00293992;0.0191874;0.000114858;0.00178694;4.49404e-05;0.0321039;0.922874
0.000212994;0.795171;0.198741;0.00185302;0.000138444;3.10085e-06;3.03248e-05;0.00176454;3.61388e-05;6.53234e-05;0.000104735;0.00177735;1.13805e-05;9.03717e-05
0.000766632;0.166571;2.42164e-05;0.000241757;0.000437296;3.7817e-05;9.96425e-05;0.05314;0.000825382;0.000121112;0.00556377;0.729527;0.0390896;0.0035549
2.20149e-05;0.518326;1.11372e-05;7.40811e-06;1.52091e-05;2.83395e-05;0.41525;0.000484627;3.89316e-05;0.0220803;0.000169262;9.64414e-07;2.87117e-05;0.0435368
2.00283e-09;2.36861e-10;1;7.14372e-09;8.96549e-10;5.32509e-09;1.5542e-08;7.86354e-10;4.66572e-09;8.80967e-10;5.58578e-08;1.16074e-07;1.70337e-11;4.07941e-11
9.28393e-05;0.265941;0.000233258;3.1575e-05;8.70874e-06;0.00029443;4.35797e-05;0.610606;0.000102602;1.67566e-05;0.000206749;0.0183;0.102876;0.00124609
3.23988e-05;0.0531998;1.11782e-07;1.46934e-05;1.9228e-06;4.89331e-06;6.47811e-05;0.0144413;7.71583e-05;1.69964e-06;0.000597724;8.54935e-05;0.931475;2.97919e-06
1.19866e-05;0.00740876;4.87572e-09;1.68579e-07;2.60353e-05;9.05525e-09;3.60478e-07;0.992462;2.56554e-07;2.26541e-07;1.21822e-07;1.2238e-05;3.0631e-06;7.4854e-05
9.59048e-07;0.00234732;0.995144;5.20465e-06;2.30034e-06;4.96099e-06;4.67328e-08;3.90878e-06;3.72758e-09;2.29231e-06;1.99714e-07;0.00154522;0.000927685;1.58684e-05
4.2755e-06;0.993074;9.87541e-09;6.44784e-08;2.15684e-07;3.84075e-08;0.00677063;3.30165e-05;3.59532e-07;5.23271e-05;2.59647e-05;1.01122e-05;2.00273e-05;9.33019e-06
1.48e-09;8.768e-12;0.999999;3.76417e-11;5.45364e-09;1.14894e-11;2.47711e-09;6.20949e-08;8.36097e-09;5.41779e-11;1.26777e-09;1.05157e-06;1.6765e-11;1.62885e-13
0.000242518;0.00492048;7.38257e-07;1.6267e-06;0.000335994;4.39619e-07;5.69111e-05;0.980839;0.0130663;1.08158e-05;2.97501e-05;7.16823e-05;0.000423522;3.83096e-07
0.00428699;0.145313;0.446746;0.000341785;0.064788;0.00531971;7.31113e-06;0.000834296;0.000712276;0.000116407;0.000181807;0.304622;0.00370304;0.0230274
7.06149e-05;0.877279;3.25024e-06;3.23029e-06;1.89821e-05;5.40338e-05;0.000463237;0.00718011;0.00194168;1.46675e-06;0.000709705;0.108521;0.00191952;0.001834
3.42446e-06;0.991781;1.78855e-07;1.01803e-07;2.56381e-07;1.18858e-06;1.69354e-07;1.17292e-05;5.01349e-08;4.82024e-08;3.54479e-08;0.00374556;0.00445394;2.24249e-06
1.55927e-05;0.16884;8.80737e-07;2.059e-05;0.000449039;0.000663939;0.00144443;0.0452508;8.60422e-05;0.00033801;3.06844e-06;0.0001057;6.42134e-05;0.782718
6.72431e-09;4.34749e-07;0.999999;8.2047e-09;6.92961e-10;1.26342e-09;1.54643e-07;1.30677e-07;4.94558e-09;1.05526e-09;6.76616e-09;7.16637e-08;3.97598e-09;2.40047e-12
0.000210315;0.0998783;0.00055914;5.87786e-05;0.000647399;0.0005463;3.86506e-05;0.0085096;0.000453971;3.72263e-06;0.000858944;0.853152;0.0120315;0.0230515
8.42444e-06;0.675455;4.65173e-09;1.36897e-05;0.000201378;0.000199592;0.000133479;0.0206338;5.50205e-06;9.65909e-06;7.32869e-05;0.00149222;0.290633;0.0111407
1.35049e-05;0.00698508;1.53064e-06;0.000688539;1.27662e-05;2.12723e-06;5.38877e-06;0.000404934;4.17961e-05;2.22795e-06;0.000251369;0.990171;0.000410298;0.00100988
6.87184e-05;0.00665286;1.09142e-09;0.0021269;0.000647836;2.3298e-05;1.70015e-05;0.970583;0.00360625;3.90245e-05;0.0143819;0.00154013;0.000275099;3.77125e-05
0.000201669;0.0234226;0.633052;0.00679692;0.00223345;0.0343576;4.20096e-06;1.84857e-05;9.22697e-06;0.000538469;0.000574798;0.000779261;0.290959;0.00705248
0.00217638;0.657677;0.311557;0.000124406;0.000267268;5.03364e-06;1.54003e-05;0.0209592;8.44093e-06;9.86239e-06;3.59304e-06;0.00439017;0.000263067;0.0025438
0.000822603;0.061933;1.31052e-07;0.00701487;0.125741;0.0203577;5.61484e-06;0.608396;0.0674664;5.7777e-05;0.00728384;0.015642;0.0726447;0.012634
0.000668954;0.984394;0.00266465;0.000153036;2.20355e-05;1.3111e-05;0.000153197;0.0107742;1.36714e-05;0.000214711;1.0865e-05;0.000161915;0.000605773;0.000150071
4.13407e-07;5.20382e-08;0.999998;7.69189e-08;1.74465e-08;2.31535e-09;2.15952e-08;1.03721e-07;4.18656e-07;9.60556e-10;7.72994e-07;7.28271e-08;1.81845e-08;2.08364e-10
0.000107051;0.061605;0.702477;6.93665e-05;0.000543999;2.06047e-06;3.58249e-06;0.0986022;3.94149e-05;5.52014e-06;2.58495e-05;0.129904;0.000132983;0.00648151
5.44667e-05;0.267896;2.04051e-07;8.35328e-05;0.630194;0.000915882;0.000579754;0.083067;0.000984956;0.000770359;0.000392924;0.000213633;0.00019742;0.0146497
6.00576e-05;0.107502;0.214233;0.000277579;0.0323931;0.00577478;2.00499e-06;0.000251693;4.69339e-07;1.34219e-05;2.67704e-06;0.631295;0.00354446;0.00464914
6.84745e-05;0.913978;6.71583e-08;0.000143394;0.0004625;0.000302043;3.96072e-05;0.0005153;3.79713e-05;3.60332e-06;0.000722035;0.000713129;0.0806678;0.00234613
5.56403e-06;3.97029e-05;9.39785e-09;1.26571e-07;4.65944e-06;3.99637e-09;5.1634e-09;0.999941;8.31048e-07;1.65756e-09;4.25968e-08;3.70035e-06;4.24249e-06;1.70672e-08
0.000132502;0.694702;2.59971e-07;0.000127075;0.00866205;6.35546e-06;2.51615e-07;0.05837;1.00057e-05;2.11645e-05;2.37058e-06;0.0257927;4.76549e-05;0.212125
0.000415295;0.38041;0.00227283;0.00391098;0.00187113;0.0871558;0.00158604;0.000895826;0.000174248;0.0218474;0.0020633;0.00268812;0.0293461;0.465363
5.25681e-09;3.72539e-10;1;5.84028e-10;9.72591e-12;7.50352e-12;8.48384e-09;4.0175e-09;3.92805e-09;2.24735e-12;2.4226e-08;2.68277e-07;1.82271e-12;7.908e-14
0.000217337;0.0188866;6.49465e-05;0.000873125;3.87005e-06;1.47157e-05;4.57679e-05;0.000840943;0.236551;3.53528e-06;0.0230018;0.716456;0.000826561;0.00221376
6.28703e-05;0.950715;1.78565e-05;2.65072e-06;1.45066e-06;1.23472e-05;2.69699e-07;2.85641e-05;1.65719e-06;1.37976e-06;2.00492e-06;0.000190523;0.0488989;6.50844e-05
2.51604e-07;0.000900844;2.42878e-10;1.27267e-08;0.00126171;2.94425e-06;7.60614e-11;0.996921;1.46789e-08;3.58337e-08;1.25682e-09;6.26293e-05;8.79646e-07;0.000849834
6.0557e-08;2.38928e-05;0.999298;1.33148e-06;0.00056349;5.68595e-05;1.82842e-11;3.92453e-05;2.39846e-09;6.47055e-08;3.70054e-09;6.49274e-06;7.69762e-06;2.63885e-06
0.000265213;0.0015688;0.000117409;0.000161602;0.000128067;0.00022688;4.50919e-05;0.250766;0.0184657;4.59695e-05;0.0437849;0.00181859;0.682583;2.31267e-05
