1.72708e-06;0.992518;4.21198e-09;7.40687e-08;2.42878e-09;5.31737e-08;4.82979e-05;2.11627e-06;3.63545e-07;3.5169e-07;9.00136e-07;1.41632e-05;0.00741379;3.60476e-07
8.64288e-05;0.952995;2.33823e-05;0.00014186;0.000369762;0.000655393;0.000122597;0.00361576;0.000498511;2.70183e-06;9.77201e-06;0.0346074;0.000799149;0.00607205
6.58864e-05;0.103384;4.64808e-08;0.000340031;0.000364189;0.000869129;7.68937e-07;0.870722;0.000140135;1.07905e-05;1.24923e-05;0.00165742;0.00597359;0.0164596
1.25978e-05;0.99185;1.71359e-08;1.82374e-05;2.67524e-06;8.31656e-07;2.47351e-06;0.000210576;1.65076e-06;2.70882e-07;5.63263e-05;0.00512926;0.00241886;0.000296242
3.95846e-06;0.993346;2.8194e-07;2.13178e-06;0.000114039;1.54467e-06;6.27044e-08;0.00532402;9.4584e-08;2.10375e-07;5.49305e-08;1.01225e-05;0.000936883;0.000260267
1.69003e-05;0.0150479;0.00518542;0.000275487;0.00277585;0.000202315;3.13719e-07;5.74827e-05;1.0506e-07;2.50898e-05;2.93659e-06;0.963092;0.000901053;0.0124169
0.00132751;0.351267;1.77715e-05;0.000217815;9.43784e-06;7.01523e-05;0.0226671;0.00435267;0.00771489;1.64337e-05;0.340863;0.00289019;0.268555;3.09878e-05
0.000142383;0.68226;3.73642e-05;0.00019825;9.40958e-05;0.00122925;5.21373e-05;0.00759577;0.00298198;1.08379e-05;0.00454643;0.00694057;0.29185;0.00206123
0.000754113;0.0145675;4.98197e-05;0.000331877;0.0525908;0.00303437;6.37993e-07;0.000744804;0.000336841;5.89918e-05;0.000585416;0.559675;0.00981895;0.357451
0.000341701;0.367803;1.39511e-08;1.92709e-05;1.5269e-05;5.60339e-06;0.623655;0.000111203;0.000360708;0.00623529;0.000115703;1.25694e-08;0.000179389;0.00115761
8.58084e-10;2.80735e-10;1;2.45154e-10;2.73726e-11;2.4562e-11;2.42279e-07;1.41526e-10;2.46564e-09;7.43754e-10;2.4801e-09;7.3546e-09;4.10241e-14;1.77139e-12
0.000107391;0.764221;9.3051e-07;2.08894e-06;3.32629e-07;2.21691e-06;6.57599e-05;8.26871e-05;0.000358906;2.39188e-07;0.000139858;0.00178866;0.23323;9.0021e-08
0.000219684;0.00381502;0.000138361;8.91879e-05;0.000834499;0.00171237;5.19879e-06;0.0033072;0.000689743;3.08571e-05;0.000100823;0.945308;0.0280486;0.0157007
0.000171605;0.902842;2.79685e-07;0.000142404;0.000350019;5.46091e-06;1.01036e-05;0.0613818;0.00424272;2.83205e-06;0.00323184;0.025542;0.00167926;0.000397485
6.85639e-05;0.319539;3.06941e-05;0.000267146;0.000902168;1.75472e-05;2.08835e-06;0.251289;3.28386e-05;1.79774e-05;3.51291e-05;0.40968;0.00619722;0.0119198
6.46853e-08;0.99927;4.84021e-11;7.39657e-07;1.9048e-09;3.48012e-10;0.000127402;9.80296e-08;1.15278e-07;2.53299e-06;2.20363e-06;5.58466e-07;5.3225e-07;0.000595714
0.000131849;0.247065;3.70999e-07;1.58519e-05;6.99548e-08;3.71316e-06;0.334052;0.0273887;0.013456;1.08113e-05;0.0973038;3.31839e-08;0.280572;4.5021e-08
5.37581e-07;1.78262e-06;0.999985;3.81001e-07;3.29186e-08;4.57762e-08;2.77015e-07;2.70647e-06;4.15569e-07;4.03318e-08;4.67141e-07;7.64503e-06;3.58022e-07;1.41141e-09
1.60983e-05;0.00141828;0.595121;1.39206e-05;4.22419e-06;7.16999e-07;1.28156e-07;0.00019456;1.05103e-05;7.86334e-07;2.31762e-07;0.403012;7.74144e-07;0.000206084
0.000136573;0.00244013;5.63383e-07;1.08719e-05;0.121053;0.0167599;3.11037e-08;0.0026294;0.000135103;9.38141e-07;7.66991e-06;0.00106617;0.000426339;0.855334
0.000208397;0.122299;0.000330749;0.000151788;0.00277388;0.00920849;1.20472e-05;9.56145e-05;4.7772e-05;0.000338705;7.58604e-07;0.000482839;0.849767;0.0142834
3.49822e-05;0.00167398;0.992657;1.4273e-05;0.000347414;5.2243e-06;5.91362e-08;0.00504912;9.38574e-06;1.60248e-07;1.08628e-07;0.000202314;5.97038e-06;2.00781e-07
0.000299132;0.030754;0.000244477;0.000116885;0.000146482;4.32328e-05;4.58585e-06;0.953403;0.00332937;6.68866e-05;0.000184327;0.000152457;0.0112493;5.91222e-06
