5.42986e-06;0.999664;4.99209e-05;1.49881e-05;2.99438e-07;2.00989e-07;1.59659e-06;0.000146326;9.22412e-08;1.82274e-06;1.82977e-07;5.63268e-05;4.96209e-05;9.22183e-06
2.42515e-05;0.97865;2.7879e-08;6.84225e-05;3.87474e-05;3.71586e-06;6.92598e-07;0.0157922;4.60135e-05;5.01152e-07;5.81741e-05;0.00172734;0.0033737;0.000215767
0.000215217;0.923653;2.1969e-07;4.99507e-05;0.000123863;7.12516e-06;4.42295e-05;0.0551388;0.000371214;5.96986e-05;6.82643e-05;0.0125908;0.00742498;0.00025317
0.000272838;0.00885881;8.12868e-07;3.10263e-05;0.000429246;0.000200829;5.90114e-05;0.00416436;0.00109774;2.2213e-05;0.000348931;0.981332;0.00200789;0.00117387
3.48607e-06;0.993177;2.00919e-08;7.45294e-08;2.45693e-09;1.25299e-07;5.9154e-06;1.61637e-07;1.55333e-07;1.41381e-08;2.56352e-07;3.55714e-05;0.00677666;5.64346e-07
0.000129856;0.215523;1.52332e-06;4.70149e-05;0.00186215;0.00118809;9.5177e-07;0.02833;0.000100246;2.51765e-06;7.94332e-06;0.698546;0.0403091;0.013952
7.32852e-05;0.942796;2.8656e-07;5.70943e-05;0.00067592;0.000144221;3.73324e-07;0.0488951;6.52953e-06;4.37956e-06;5.21771e-07;0.00355492;0.00225547;0.00153608
0.000338935;0.0489472;3.19964e-06;9.33757e-06;3.59819e-05;0.000358684;9.71976e-06;0.0285264;8.46048e-06;1.45339e-06;3.47338e-05;0.482479;0.435223;0.00402385
1.89389e-06;0.968539;3.91892e-07;1.65478e-05;4.09049e-06;8.67571e-06;8.76142e-05;0.000416936;4.83355e-06;9.85369e-05;1.4767e-06;3.13695e-06;0.000190998;0.0306259
1.24153e-09;2.75899e-10;0.999999;3.47734e-09;2.25862e-10;7.81586e-10;6.59036e-09;2.61522e-08;9.32257e-10;3.90913e-10;6.6882e-08;1.32475e-06;4.43464e-10;2.17638e-11
8.89364e-06;0.963371;3.22862e-07;2.63816e-06;8.12985e-08;8.80067e-08;0.035255;0.000456879;1.22999e-05;0.000381263;0.00013747;4.86874e-06;0.000108549;0.000261159
7.2496e-10;7.82047e-09;0.999999;7.1386e-10;5.45392e-09;2.73201e-09;1.49728e-08;1.08219e-08;5.2092e-10;1.99242e-09;2.2286e-08;1.38579e-06;3.36226e-11;9.10888e-11
3.76509e-05;0.597832;3.61759e-05;0.000408478;1.05283e-05;9.70104e-06;0.00292546;0.032647;0.0292513;3.55028e-05;0.122058;0.0141651;0.200578;5.06377e-06
4.45111e-05;0.936832;0.000942666;0.00666106;0.000204645;3.81629e-05;2.3566e-05;3.91997e-05;1.58044e-05;0.000119761;5.65643e-05;0.0269088;3.33902e-05;0.0280796
3.9059e-05;0.985885;4.70255e-08;2.61562e-05;2.83093e-06;4.91517e-05;1.9739e-05;0.00816339;2.18685e-05;5.84414e-06;3.92656e-05;0.000134757;0.000171381;0.00544124
4.23814e-06;0.000429571;3.07916e-11;1.27622e-06;1.04884e-06;8.06748e-06;3.65487e-07;0.0046775;1.74288e-05;1.37859e-07;3.45353e-05;4.13445e-05;0.994784;3.63657e-07
4.01946e-05;0.000106812;4.95748e-06;2.75632e-06;1.10353e-05;5.68675e-07;6.92366e-08;0.000159514;2.73951e-05;2.02252e-07;1.25536e-05;0.999528;0.000101882;3.72676e-06
1.94753e-05;0.00113028;8.14788e-10;2.9243e-08;2.75315e-05;3.16629e-07;5.36254e-09;0.998528;3.10415e-06;2.21982e-08;2.47069e-07;2.26402e-06;0.000278444;1.03735e-05
3.94262e-05;0.824509;0.000820622;0.00014601;0.000708194;0.000476022;0.000631134;0.108477;0.000110059;0.000585634;8.76895e-05;0.0126237;0.00180764;0.0489772
1.3479e-09;3.88293e-09;1;5.74419e-09;1.19572e-10;5.4279e-11;9.26647e-09;3.26465e-08;2.30738e-09;6.95158e-10;1.45778e-08;7.04838e-09;4.59902e-10;2.6062e-12
1.11616e-05;0.00252933;0.00122121;9.15645e-06;8.05669e-06;7.58794e-07;7.14923e-07;0.00136315;0.000107601;1.46919e-06;5.80219e-05;0.994114;0.000134307;0.000441057
1.83598e-05;0.411631;5.34445e-05;1.3628e-06;0.000179903;0.000287224;1.4912e-07;0.00848905;1.17007e-05;2.78241e-07;1.4542e-06;0.000580949;0.578719;2.62828e-05
9.71843e-06;0.883489;4.63085e-08;5.89113e-06;0.000613711;3.86508e-06;0.000336752;1.74251e-05;2.19578e-06;0.000963942;5.3763e-07;0.00172379;0.000321333;0.112512
4.82143e-06;4.32989e-05;0.993917;7.70792e-07;1.05155e-05;6.60803e-06;2.74648e-06;0.00597964;2.68966e-05;6.64125e-08;1.11055e-07;1.84863e-08;7.6821e-06;2.76719e-09
3.4406e-08;0.999918;2.96157e-08;1.31229e-08;8.44166e-09;5.0306e-09;3.99969e-09;3.81537e-05;1.31275e-10;2.94066e-09;2.83177e-11;9.81814e-08;4.4244e-05;4.28545e-09
3.68333e-06;0.675736;4.26053e-07;6.50473e-06;0.000112827;9.16868e-05;1.1783e-07;0.00224305;1.27792e-07;6.58148e-07;3.91529e-08;0.0166924;0.304745;0.000368267
5.75624e-05;0.623481;1.18559e-05;0.00205649;0.0194515;0.0118801;0.000205927;0.0310253;3.92121e-06;0.000894842;1.72531e-05;0.0259243;0.0106603;0.274329
0.000134772;0.00909859;0.00031655;3.30609e-05;7.8198e-06;0.00109626;5.54984e-05;0.00042549;1.27387e-06;5.50412e-06;4.81528e-05;0.948802;0.0378419;0.00213337
6.67696e-07;0.963781;6.36502e-09;4.43853e-07;6.82372e-08;5.55009e-06;0.0242783;0.00388017;1.41444e-06;8.56195e-05;8.9395e-07;1.44831e-09;0.00732534;0.000640084
2.75391e-11;2.88005e-11;1;7.39282e-11;1.44586e-10;1.01715e-09;1.43391e-08;1.80326e-10;1.30324e-10;3.39833e-09;6.75291e-10;9.74925e-11;2.58805e-13;7.61321e-13
9.34812e-09;5.21107e-08;0.999998;2.7337e-09;2.89683e-09;2.11307e-09;1.34047e-09;1.73426e-06;1.39709e-08;1.8738e-10;8.11796e-09;2.35627e-08;3.10722e-08;2.23075e-12
8.52478e-08;0.00017975;0.00391151;1.71348e-07;2.45299e-07;1.03934e-07;8.87254e-10;3.0824e-05;3.81653e-08;1.24454e-08;2.56434e-07;0.995679;7.46176e-07;0.000196758
2.32317e-08;3.25899e-06;0.997686;1.57758e-08;0.000226793;2.96665e-06;5.01256e-09;3.09946e-05;3.77339e-11;7.90457e-09;3.26455e-09;5.35782e-07;3.92781e-07;0.00204942
9.05301e-08;0.902177;7.08393e-06;4.82821e-06;9.67374e-05;1.04376e-05;5.69511e-06;4.10499e-05;5.6438e-10;3.2624e-05;7.17828e-08;1.28667e-05;2.17732e-05;0.0975901
4.12532e-10;5.22177e-09;1;8.09459e-11;2.12723e-08;7.2435e-11;5.05757e-10;1.00718e-07;2.47117e-11;5.24265e-12;4.07348e-10;1.37843e-07;1.72165e-11;2.4263e-10
2.43286e-05;0.0141798;8.36192e-07;1.05913e-05;0.000105548;1.67626e-05;1.47574e-06;0.984598;0.000387432;5.11433e-08;2.88334e-05;1.74573e-05;0.000590136;3.86969e-05
2.0882e-07;0.997519;1.51208e-10;3.20096e-06;4.54527e-07;1.86717e-07;4.83292e-09;0.00238226;5.39189e-07;2.44569e-07;3.66877e-08;7.24965e-05;1.80286e-05;3.0346e-06
2.27464e-05;0.97101;0.000107474;6.52875e-06;3.21558e-07;3.1295e-08;6.92475e-06;0.0161381;1.36918e-06;2.07358e-07;1.81431e-05;0.0112142;0.00147289;9.74705e-07
1.34747e-07;0.00211199;2.4344e-09;2.61898e-05;8.84307e-05;3.63412e-05;2.12285e-08;1.54073e-05;2.20789e-08;1.16518e-06;1.58725e-08;3.85099e-05;1.1045e-06;0.997681
0.00012479;0.00248628;6.22095e-10;2.1932e-06;3.02618e-08;5.40714e-08;1.4779e-05;0.000806668;0.00030956;1.40532e-08;0.000944916;1.71633e-05;0.995293;8.18616e-08
3.34585e-06;0.000871242;5.04726e-10;1.77391e-06;1.64171e-06;7.9188e-08;7.18114e-09;5.43997e-05;2.21084e-05;7.73399e-08;6.42157e-06;0.998719;0.00012483;0.000194924
1.72827e-06;0.961757;7.38666e-06;9.13172e-06;1.09374e-05;2.23412e-06;1.09237e-07;2.13382e-07;1.12958e-08;8.77499e-07;1.53644e-07;4.02827e-05;0.0381667;3.42717e-06
2.59831e-05;0.121307;2.11671e-08;3.11983e-05;7.36081e-07;3.20907e-07;5.03121e-05;0.00228746;3.66456e-05;1.24884e-06;0.000400466;0.874064;0.000397583;0.00139696
4.32454e-05;0.775076;7.29762e-07;0.000180503;0.00448225;6.03179e-05;4.29059e-06;0.181989;6.61678e-06;1.23542e-05;1.93089e-05;0.0285654;0.00743799;0.00212138
1.73112e-07;7.89549e-06;7.57164e-10;3.42357e-08;7.28699e-11;5.78243e-07;2.33269e-06;4.20328e-08;3.34302e-07;1.86083e-07;3.46128e-06;3.0178e-09;0.999985;2.36661e-10
9.82085e-09;3.13998e-07;0.999998;1.83198e-08;1.97055e-09;3.42511e-10;2.46357e-10;1.79105e-09;4.75486e-11;2.08202e-09;5.20079e-11;1.26791e-06;1.88289e-10;5.56384e-08
9.91605e-06;0.982906;4.66702e-06;5.59592e-05;0.000120468;4.85793e-05;0.000120137;0.0137629;0.000949108;4.31327e-06;0.000969597;1.58618e-05;0.000719943;0.000312774
