4.71527e-07;0.0343054;8.56972e-12;1.38762e-08;4.11181e-06;3.8586e-07;2.18573e-08;0.00999521;1.3587e-09;1.53296e-08;4.79301e-09;6.2058e-06;0.955681;7.52449e-06
4.41959e-06;3.10581e-05;2.18108e-07;0.00054288;0.00272848;0.71229;2.18102e-06;1.28034e-05;3.50296e-06;0.000822085;2.62289e-06;2.48967e-06;0.264014;0.019543
2.81153e-05;5.10888e-05;0.999077;4.45632e-05;9.30521e-07;2.56223e-05;0.000333766;1.03791e-07;3.64193e-06;0.000318692;3.7112e-06;0.000105551;8.57999e-07;6.1404e-06
6.62167e-08;2.32516e-09;0.999981;5.12836e-08;9.954e-10;7.32383e-10;1.55229e-05;1.18378e-08;1.42806e-06;3.31984e-08;1.04139e-06;4.97358e-07;1.21405e-11;3.73882e-11
0.0010295;0.013398;2.20075e-05;5.9227e-06;2.31185e-05;1.22508e-06;0.000150668;0.978986;0.00446448;1.32681e-05;0.00139923;4.64043e-05;0.000300901;0.000159519
1.00449e-05;0.00204028;7.62949e-05;1.30066e-05;0.000154685;8.11852e-05;1.00822e-06;0.000331881;0.000150822;9.34624e-07;0.00043942;0.991739;0.00212507;0.00283624
1.24428e-06;0.96455;1.48322e-06;1.1123e-07;0.000150001;6.5712e-08;2.00909e-07;0.0349523;1.20295e-07;1.02761e-06;3.91735e-08;7.40499e-06;0.000113848;0.000221866
7.86353e-05;0.00104329;0.0515272;5.29894e-05;0.904049;0.000143926;5.40844e-08;0.000878991;9.40276e-06;2.23902e-05;2.77856e-06;0.041208;0.00018192;0.000801777
0.00126959;0.834444;2.10713e-07;6.85902e-07;5.42676e-05;6.78095e-07;0.156456;0.000281223;0.00619655;0.000404238;4.43731e-05;3.87348e-09;1.98818e-05;0.000828148
1.16982e-07;1.70293e-09;0.999993;3.9987e-10;3.73921e-09;1.38995e-11;2.21629e-08;1.23566e-07;3.78257e-07;2.46575e-10;1.16075e-08;6.27813e-06;8.37323e-12;1.33484e-11
0.000549736;0.00137388;1.64576e-07;4.7815e-06;0.000131864;3.14101e-05;2.14748e-06;0.84909;0.140582;6.03297e-07;0.000727271;0.000527637;0.00683522;0.000143343
5.62953e-05;0.959415;3.47363e-07;2.01293e-07;5.79417e-06;3.89201e-06;0.000967587;0.000437664;6.48184e-06;0.000587331;5.61249e-07;5.70356e-07;0.00069998;0.0378183
2.73227e-09;2.28415e-09;0.999638;2.57722e-10;3.04293e-07;3.83867e-09;8.20226e-10;1.43647e-09;1.1454e-09;5.71744e-10;2.51183e-10;0.000361652;2.84227e-11;1.12059e-09
1.82972e-05;0.950261;6.59058e-08;1.27288e-05;5.19179e-06;4.84975e-07;0.00072072;0.00367229;0.00384574;2.05891e-06;0.000125148;0.00203131;0.0393027;2.42958e-06
6.09035e-05;0.952278;9.02799e-06;4.33767e-05;0.00190837;0.000319844;5.86773e-05;0.00335488;1.05233e-05;5.90615e-05;1.51605e-06;0.000782728;0.00237757;0.0387359
1.53478e-05;0.00185085;2.47947e-06;1.36122e-06;1.80971e-06;2.25289e-06;7.23832e-06;1.36593e-05;8.11061e-06;6.66046e-08;4.30416e-06;0.996967;0.00108246;4.3102e-05
2.51233e-07;0.98778;6.53428e-09;7.28398e-08;4.66511e-08;8.11846e-08;5.77809e-05;0.000356589;5.29137e-08;5.41139e-06;8.89063e-09;1.00603e-07;6.21028e-05;0.0117373
2.56759e-11;9.53955e-12;1;1.49379e-11;6.39542e-10;1.33091e-09;1.33665e-11;3.49716e-09;3.41208e-12;1.36343e-11;8.17394e-12;5.14909e-08;2.01279e-12;2.55205e-11
1.29119e-07;0.00189959;1.97899e-10;1.37963e-07;9.90245e-08;7.58086e-07;1.94413e-08;8.17499e-05;4.84849e-07;7.96935e-09;1.29092e-06;8.57734e-06;0.998006;1.01914e-06
9.22872e-06;0.00296249;1.68117e-06;2.57889e-05;2.24652e-05;6.49441e-06;2.01116e-06;0.000124956;6.00385e-05;6.13437e-06;4.62564e-05;0.994701;0.00194654;8.4661e-05
0.000236538;0.99505;0.00132076;0.00140944;2.34684e-05;1.08954e-05;4.65947e-05;0.000237216;2.20768e-05;2.30528e-05;5.38536e-05;0.00103889;0.000105768;0.000421471
1.07292e-05;0.977364;2.59102e-07;1.02228e-05;1.94061e-06;4.85118e-08;0.00309955;0.0177334;9.79101e-06;0.000153108;1.72002e-05;4.26121e-07;4.64006e-06;0.00159461
5.06755e-09;1.16169e-09;0.999989;1.48113e-08;1.66288e-08;1.28717e-10;4.12944e-08;3.49111e-09;1.90972e-09;5.70655e-10;1.32983e-08;1.10379e-05;8.74601e-12;4.92187e-11
1.82348e-05;0.846768;3.19692e-09;4.20076e-06;3.73434e-06;9.35223e-07;8.2072e-07;5.54712e-06;1.68824e-06;9.28977e-08;1.68978e-06;6.22534e-06;0.152931;0.000257891
4.8597e-05;0.255923;6.22608e-05;5.45123e-07;4.2009e-05;1.36116e-05;7.98196e-07;0.362217;2.04202e-06;3.01531e-07;1.78794e-06;0.355671;0.0168045;0.00921289
9.04848e-06;0.0628315;0.0023309;3.47796e-05;0.000325749;0.0457791;3.93112e-05;0.000591509;8.55481e-06;1.88414e-05;2.93171e-05;0.00227987;0.885254;0.000467412
0.000245072;0.0159262;0.684792;0.000168152;6.7501e-05;0.00024144;0.0215434;1.39565e-05;8.62922e-06;0.000667182;7.068e-05;0.265898;0.0101327;0.000224387
4.24874e-08;1.24018e-08;1;1.01574e-08;3.6527e-09;5.75758e-10;2.30818e-07;3.41109e-08;1.05193e-08;1.2185e-09;6.02209e-08;2.29928e-08;2.36314e-10;2.16335e-10
1.79774e-06;0.00968882;5.73368e-10;1.03747e-07;8.77244e-05;1.33081e-08;1.93423e-07;0.990175;1.06889e-06;1.46491e-07;3.24184e-07;1.41802e-05;6.18653e-06;2.46542e-05
1.81367e-07;0.000900227;0.994727;1.37955e-06;1.66714e-06;8.38247e-07;9.96014e-09;3.87023e-06;8.81667e-10;1.29318e-07;8.89197e-08;0.00426473;9.77197e-05;2.28828e-06
9.37995e-05;0.0867987;3.63851e-08;2.27612e-06;2.32521e-05;3.89649e-06;1.39855e-05;0.786863;0.000212174;2.28048e-07;0.00183094;0.000781771;0.123352;2.4786e-05
0.000142714;0.500921;1.39949e-08;0.000169259;0.000731419;4.80415e-07;1.68345e-05;0.490102;0.000537311;5.80055e-05;5.16324e-05;0.0007412;0.000934211;0.00559383
3.01492e-05;0.213713;0.765558;0.00024734;5.50683e-05;3.69859e-06;8.17481e-06;2.8482e-05;2.09188e-06;5.24233e-05;7.96983e-05;0.000793415;0.0193267;0.000101889
0.000133118;0.0123206;1.91053e-05;1.42465e-06;0.000141768;3.0052e-06;7.1688e-06;0.931627;0.000160401;1.8314e-07;0.000735701;0.0538342;0.000943683;7.23204e-05
0.000346851;0.603286;3.42635e-07;0.00730434;0.00209107;0.138365;1.1158e-05;0.000329591;0.00575074;0.0013795;0.00826445;0.097883;0.068613;0.0663754
0.0154331;0.943077;8.25697e-05;0.000132357;1.52691e-07;3.37803e-07;0.000403049;0.00133282;0.0103631;7.15426e-06;0.017124;0.00783161;0.00421275;2.22697e-07
5.57503e-06;0.997799;5.18245e-11;9.02886e-07;2.68987e-05;9.83157e-09;3.79018e-07;0.00213496;1.3698e-05;1.31493e-06;6.00796e-07;6.50397e-06;1.99985e-07;1.0502e-05
1.94654e-05;0.00161672;0.000497895;1.3426e-05;0.000321814;0.00201516;1.75288e-08;3.98596e-05;1.25921e-06;1.81142e-06;5.91829e-07;0.993577;0.00127512;0.000620112
0.00021155;0.0131182;4.37595e-10;1.7144e-05;0.000486584;0.000172105;5.07712e-06;0.00139259;0.000624242;4.48246e-07;0.000348788;0.000645872;0.982895;8.27088e-05
0.000248747;0.0296302;2.9055e-06;4.26841e-05;4.20936e-05;1.23761e-05;6.65427e-07;0.00110053;0.00029846;3.68948e-06;2.20794e-05;0.963939;0.00459003;6.62333e-05
5.2989e-05;0.483918;0.000103234;7.8027e-05;1.06861e-05;1.08787e-05;8.67993e-06;0.0102112;0.000190526;1.15851e-06;0.000811656;0.0438208;0.460782;1.04909e-07
0.000138647;0.281587;5.26252e-06;0.000760403;0.00046652;0.000303982;3.04866e-05;0.433814;0.000290397;4.5473e-05;0.00203535;0.220945;0.0557717;0.00380634
0.00119443;0.589149;3.35059e-07;0.00521411;0.0994884;0.00263438;0.0258768;0.157397;0.0173494;0.00937336;0.0262183;0.00239812;0.0482905;0.0154151
0.0126227;0.194191;0.222677;0.153742;0.0147829;0.00981344;0.0146238;0.00529069;0.0105548;0.0154949;0.0167581;0.139835;0.0410013;0.148613
0.00109259;0.99249;0.00147443;0.00013895;3.5195e-05;1.44528e-06;1.35603e-05;0.000213398;9.32338e-05;1.3827e-06;2.34382e-05;0.00434865;5.96003e-05;1.44143e-05
0.000755242;0.902663;8.85028e-08;6.69746e-07;2.82287e-05;1.35364e-06;2.94825e-05;0.0956282;0.00021195;2.19913e-06;1.16913e-05;1.29184e-05;0.00057939;7.58686e-05
4.17653e-07;0.000147974;4.34328e-07;1.67737e-06;0.000481507;1.09406e-06;2.50857e-08;0.000116153;3.10074e-05;2.17732e-07;4.4638e-06;0.999192;1.45196e-05;8.18838e-06
1.62998e-05;0.272699;0.00199623;1.60769e-05;5.91655e-05;3.32891e-06;1.19325e-07;1.08716e-05;8.24803e-07;3.27441e-06;1.13942e-06;6.84921e-05;0.725123;2.90868e-06
0.00145822;0.0707026;0.000592589;1.56099e-05;0.000110745;2.02086e-05;4.07717e-05;0.246121;0.16931;5.17152e-06;0.00265314;0.501541;0.00665241;0.000776767
6.3323e-05;0.00195203;5.81834e-05;7.0442e-05;0.00826684;0.00315379;1.35818e-07;0.983018;0.000420439;8.01934e-06;1.71555e-05;0.000122495;0.000565024;0.00228375
0.000815814;0.579123;4.48876e-05;0.00130933;4.36464e-05;0.0012292;3.28908e-06;0.0102082;0.00964314;4.80154e-05;0.00580315;0.352892;0.0386277;0.000208822
0.00128944;0.982841;1.13543e-05;2.17423e-05;1.08047e-06;4.72506e-07;2.21473e-05;0.00909486;0.000559306;1.76836e-06;0.00148618;0.000536291;0.00413118;3.35767e-06
1.85579e-05;0.927618;3.27622e-08;1.82627e-05;0.040393;2.5487e-06;1.53867e-07;0.0251529;1.44521e-06;2.65826e-05;3.1186e-07;0.00120941;1.79384e-06;0.00555679
2.09214e-05;0.00140448;0.00720817;3.79414e-05;0.000163517;0.000103277;9.79834e-08;1.94904e-06;2.73936e-06;3.80712e-06;1.03566e-06;0.989592;4.61623e-05;0.00141347
0.000182984;0.00111406;8.884e-10;7.68563e-07;4.96968e-06;4.90218e-07;1.61248e-06;0.993134;0.00216138;4.70889e-08;0.000166088;4.25495e-05;0.00319072;9.24567e-08
0.000347276;0.680404;0.000172068;0.000173452;4.05964e-05;1.05227e-05;1.26491e-06;0.057943;0.000763587;1.77353e-06;6.67503e-05;0.0357775;0.224273;2.6024e-05
3.3186e-05;0.95445;3.90358e-07;0.00043152;1.49613e-05;3.8532e-05;7.80142e-05;0.00326481;0.000225631;9.7091e-05;0.000441534;0.0315493;0.00225662;0.00711882
0.000475856;0.175377;2.77935e-07;0.00232778;0.167897;0.000547511;0.0659831;0.509699;0.0172286;0.0128131;0.0396126;7.07048e-05;0.000538519;0.00742944
0.00250366;0.00807438;0.195471;0.0170259;0.00218622;0.00098051;0.00309598;0.000846366;0.00516848;0.000994263;0.0222652;0.7381;0.00262239;0.000665587
0.00194799;0.98422;2.46408e-06;2.32941e-05;2.57795e-05;6.98663e-07;0.000347365;0.00132813;0.00630221;3.97264e-06;0.00468823;0.000949689;0.000147001;1.3488e-05
6.74018e-05;0.955444;8.39847e-06;1.40095e-06;1.99534e-06;4.97422e-07;1.03723e-05;0.000374644;9.94739e-06;1.05008e-06;1.25393e-06;0.000239445;0.0438387;9.54147e-07
0.000442969;0.012742;0.000218092;4.67651e-05;0.00775199;0.00144893;1.13429e-05;0.00874134;0.000144;7.21239e-05;1.41564e-05;0.731442;0.00194958;0.234975
3.71471e-05;0.831256;1.05979e-05;3.47563e-06;1.1022e-06;1.4252e-06;6.73231e-06;1.00216e-05;3.31855e-05;3.97637e-07;1.67909e-05;0.0216767;0.146816;0.000130221
3.87665e-06;0.987522;0.00073011;8.5009e-06;4.37727e-07;4.26266e-07;0.00043671;3.92467e-07;3.08379e-07;0.000897597;2.28295e-07;2.49537e-06;6.36805e-06;0.0103906
3.70248e-08;1.35419e-06;0.999993;8.8593e-08;1.33492e-08;8.09926e-08;1.99697e-06;8.34131e-08;1.20923e-07;1.9635e-08;3.12849e-06;1.44077e-07;1.47652e-07;4.43356e-09
