2.88348e-07;3.80055e-06;4.03604e-11;5.10513e-10;3.11978e-07;1.70427e-10;1.60543e-09;0.999995;2.58099e-07;2.06933e-10;1.32311e-08;8.04753e-09;2.32666e-07;1.84823e-08
3.87622e-07;2.80076e-05;1.10196e-06;1.10741e-06;0.00019731;2.55822e-06;2.70575e-09;1.70565e-05;8.01885e-08;4.29557e-08;1.37496e-07;0.912158;7.01928e-07;0.0875933
9.64991e-06;0.115313;9.20364e-07;8.47658e-07;3.37804e-07;7.79761e-07;9.32719e-07;0.000267028;4.47148e-06;1.64994e-08;2.78061e-06;1.88638e-05;0.884174;0.000206685
1.35759e-06;0.917737;1.22084e-06;5.03453e-07;2.4594e-07;1.14138e-07;2.62498e-07;0.0552349;7.76761e-07;1.32781e-07;5.6464e-07;0.0257057;0.00119865;0.000118629
5.49152e-06;0.0465039;0.000416246;0.00117535;0.630183;0.00224306;2.1831e-06;0.0803133;1.58615e-05;1.39809e-06;1.62627e-05;0.178831;0.00605696;0.0542362
8.54252e-05;0.352961;2.8537e-05;2.20378e-05;0.000317219;0.000371105;1.73903e-06;0.101344;4.90243e-06;8.5246e-07;1.75166e-05;0.209329;0.330048;0.00546888
4.72556e-07;0.000419812;6.02365e-09;2.29694e-08;9.87772e-08;3.43825e-07;1.67097e-09;0.00798588;2.41846e-08;1.44365e-09;2.28756e-06;1.58438e-05;0.991575;4.27793e-07
8.86588e-07;0.00118704;6.64889e-06;5.81698e-06;1.658e-06;1.95473e-06;3.52317e-08;9.81209e-05;2.08486e-06;7.97972e-07;1.11823e-05;0.99803;0.00042302;0.000230513
4.24688e-06;0.992358;1.93251e-07;8.5076e-05;2.70954e-05;3.85431e-06;2.15857e-06;0.00451606;1.03914e-05;2.51517e-06;6.14484e-05;0.00130525;0.00147585;0.000148244
1.65402e-06;0.000234006;4.53707e-09;1.75452e-08;1.1473e-05;7.21425e-09;5.53187e-09;0.999741;5.3034e-08;1.18362e-08;1.02214e-07;2.43129e-06;7.92403e-06;1.33877e-06
1.10484e-06;0.000457528;3.1526e-05;2.00942e-05;0.00274671;0.00085373;2.30635e-07;0.00016321;4.53947e-07;1.11786e-06;9.73773e-06;0.0906229;7.83948e-05;0.905013
4.71392e-07;0.000236543;3.38041e-08;1.20212e-07;2.64051e-08;3.48448e-08;3.63999e-08;0.000359666;2.26619e-07;2.14737e-09;3.53213e-05;2.51191e-05;0.999342;3.33474e-08
3.37403e-06;0.00621256;6.17866e-06;7.85274e-06;1.50833e-05;4.80915e-06;1.21955e-08;0.00368183;4.83076e-06;6.98411e-07;8.00556e-06;0.985982;0.00306803;0.00100427
3.63242e-06;0.00595335;7.55295e-08;1.34575e-06;3.46329e-06;1.81395e-08;9.49366e-08;0.988531;1.53095e-05;6.06817e-08;0.00168427;0.000655727;0.00315145;3.3279e-09
2.94768e-07;0.997113;1.42271e-07;2.77363e-06;8.61852e-07;1.95437e-06;0.00151849;0.000382671;2.59044e-08;0.000130479;1.59697e-05;4.08466e-06;1.85228e-05;0.000810598
9.84332e-10;5.08429e-09;0.999997;1.47224e-08;2.14825e-10;4.56021e-10;1.3664e-07;2.05631e-08;7.55822e-11;4.20659e-09;4.31374e-07;2.21e-06;1.1411e-10;1.68041e-11
0.000110028;0.331577;6.05048e-07;0.000961439;0.000506353;0.0130225;0.000671409;0.22313;0.00100658;8.26733e-05;0.0751853;0.0068912;0.344073;0.00278238
2.57171e-05;0.897358;1.35994e-09;0.00049544;5.51341e-05;7.50893e-06;0.00236917;0.000310623;0.000749734;0.000128994;0.0857288;0.00130204;0.0113325;0.000136449
0.00022287;0.996468;4.24347e-05;0.0019889;0.000139586;1.41221e-05;0.000123669;0.000397693;3.56679e-05;3.44831e-05;0.000204036;0.000135762;0.000115893;7.73361e-05
9.4825e-06;0.000265053;2.25191e-09;7.41737e-08;1.90825e-06;1.13008e-08;1.17214e-07;0.999696;7.55829e-06;9.78318e-09;3.40143e-06;1.86791e-07;1.56879e-05;6.54638e-07
2.13633e-06;0.0019735;2.27854e-06;1.2751e-05;0.00154543;8.27831e-06;1.09604e-07;0.000338106;9.66492e-07;6.99091e-07;5.4382e-06;0.714512;1.42887e-05;0.281584
1.20687e-05;0.877902;6.05743e-09;6.46886e-06;1.43609e-07;1.91423e-07;4.63521e-05;0.000864417;6.155e-05;4.55729e-07;0.000125139;7.00197e-05;0.120906;4.99338e-06
3.84046e-07;0.0876473;4.69142e-05;7.52473e-06;9.80326e-08;5.51378e-07;1.31037e-07;0.000401233;4.6991e-07;3.00148e-08;4.73107e-06;0.90371;0.00817999;6.27271e-07
7.77695e-06;0.0403873;1.28554e-06;1.75291e-05;0.000929651;2.93259e-05;6.81197e-07;0.89777;1.56402e-07;2.93585e-06;5.69783e-07;0.023975;0.0113829;0.0254947
3.8072e-05;0.19063;0.00405305;0.000527788;5.41551e-05;5.84736e-05;0.00020777;0.000546438;1.17095e-05;8.52747e-06;0.000613718;0.786685;0.016369;0.000196068
1.32525e-05;0.982687;3.76299e-07;3.76143e-05;4.59862e-06;0.000226048;5.46582e-06;0.0016837;8.77383e-07;1.86743e-06;3.67329e-05;0.00126491;0.010773;0.00326473
6.82086e-08;3.70328e-05;5.749e-10;2.06479e-09;8.15115e-09;1.10169e-07;1.43271e-09;0.000181122;4.54867e-09;3.10486e-10;1.98017e-07;1.10524e-06;0.99978;1.38114e-08
6.09049e-06;0.00496556;2.17351e-05;1.41209e-05;3.63964e-06;5.47424e-06;4.71478e-07;0.00093278;2.06699e-05;6.12755e-06;1.09742e-05;0.990291;0.00266052;0.00106037
2.92118e-05;0.966808;1.32729e-06;0.000149838;0.000126002;2.15011e-05;1.92766e-05;0.0178394;0.000112148;2.04515e-05;8.59116e-05;0.0124968;0.00199355;0.000296513
8.51924e-06;0.000186563;4.88485e-08;5.14586e-08;1.39488e-05;3.59083e-08;9.22798e-08;0.999766;4.87803e-07;8.72794e-08;2.79394e-07;1.64305e-06;2.12316e-05;8.28449e-07
1.1574e-05;0.00157231;3.09784e-05;0.000196905;0.0111663;0.0040305;1.02368e-05;0.00058435;4.01309e-05;2.81605e-05;0.000236854;0.24323;0.000219526;0.738643
1.41718e-06;0.99799;1.84524e-09;1.1763e-06;2.31963e-07;5.00593e-08;4.05081e-06;8.08992e-05;8.33416e-07;1.78005e-07;2.8593e-05;7.75175e-05;0.00181366;9.96976e-07
8.89327e-07;0.993766;7.37975e-08;1.56594e-07;3.968e-08;9.92206e-08;1.41172e-06;1.55172e-06;3.50856e-09;4.08292e-08;2.63081e-08;0.00423963;0.00198244;7.41654e-06
6.34224e-07;0.00933659;3.18788e-05;1.94811e-05;4.41801e-05;7.62573e-06;3.78363e-07;0.000715994;9.1624e-08;5.72202e-08;9.82496e-07;0.901874;7.64545e-05;0.0878911
3.89166e-06;0.914968;2.4369e-06;1.5939e-06;1.0424e-06;2.71974e-05;0.000591983;0.0350718;5.22791e-07;9.84394e-06;9.25106e-06;6.75969e-07;0.0492378;7.39068e-05
5.35129e-11;2.91324e-10;0.999999;4.68744e-10;1.3861e-11;5.50355e-10;2.18523e-10;7.8457e-10;1.10999e-11;4.4718e-12;8.18693e-11;6.89713e-07;5.37751e-11;3.97635e-12
3.21703e-06;0.0255908;0.000492614;9.30524e-05;2.5866e-06;1.53187e-05;4.92089e-07;0.000563804;7.19735e-05;4.47652e-07;9.96096e-05;0.971772;0.000609064;0.000684479
5.92467e-06;0.991254;3.29341e-07;5.72871e-05;5.8293e-06;2.02295e-05;2.53917e-06;0.000205249;1.65269e-05;5.28491e-07;0.000693741;0.00024879;0.00745688;3.24264e-05
8.64478e-08;0.000842971;2.68119e-08;5.64655e-07;0.00195485;4.34345e-07;1.6299e-08;0.996674;4.39407e-09;1.04139e-07;2.77296e-08;0.000119184;1.69514e-06;0.000405837
4.19782e-08;0.00319403;0.994752;4.59023e-05;0.000180545;0.000875608;1.74223e-08;3.12481e-06;8.80978e-09;1.60428e-07;6.17798e-07;0.000719559;0.000103098;0.000125367
7.49865e-08;0.0516;1.91092e-09;4.59825e-08;1.44899e-06;0.000156132;3.49191e-08;0.0152866;1.78924e-09;8.92814e-08;5.29143e-08;6.70952e-10;0.932941;1.43863e-05
4.99501e-11;4.43796e-10;1;9.238e-10;1.81851e-10;1.3528e-09;5.66995e-12;7.70366e-10;5.54776e-13;3.89205e-12;3.07383e-11;2.36781e-08;2.73516e-09;7.39324e-13
6.38772e-08;2.39737e-06;4.99479e-05;1.54069e-05;6.64628e-07;6.45864e-07;3.73362e-09;7.61545e-06;2.51633e-06;3.31063e-08;8.36698e-06;0.999734;9.4627e-06;0.000168939
5.27711e-06;0.992282;5.64681e-08;3.70978e-06;4.39538e-06;8.83485e-06;1.528e-06;0.0027197;6.95571e-08;1.06989e-07;5.42996e-06;7.54062e-07;0.00443687;0.000531121
3.50371e-08;1.5596e-05;8.83415e-11;6.33053e-08;0.00118923;1.03365e-05;2.05281e-09;0.998638;2.3823e-10;1.33139e-07;4.70412e-09;3.82926e-06;1.38861e-05;0.000128692
2.4067e-10;1.21241e-06;0.999998;4.4258e-08;1.9895e-08;6.05425e-07;4.99882e-11;1.7853e-09;4.68392e-12;1.32154e-09;1.03249e-10;5.9684e-10;4.15212e-09;2.36591e-08
0.000950301;0.0680954;0.00297731;0.000141366;0.000186308;0.00197731;4.42333e-05;0.143447;0.000338742;4.94564e-05;0.00157642;0.00215825;0.778004;5.43531e-05
