4.41272e-06;0.998506;0.00085679;9.66082e-06;1.89573e-06;1.19112e-06;7.77231e-07;0.000129553;5.16777e-09;1.30415e-06;1.02242e-08;5.37019e-05;6.83574e-05;0.000366177
5.00641e-06;0.00301354;1.57582e-09;3.28865e-06;6.46042e-05;2.63619e-06;3.42893e-07;0.00776577;1.53641e-05;2.7078e-07;5.48471e-05;0.000109298;0.988959;5.5492e-06
4.75643e-06;0.999456;2.5837e-05;2.85645e-05;1.25032e-06;4.69098e-06;5.83119e-06;0.000360537;9.73189e-07;6.47292e-06;4.3892e-07;8.12185e-06;3.52012e-05;6.16989e-05
1.19533e-07;7.34069e-07;0.999813;3.94861e-07;4.11194e-08;6.52427e-09;2.3415e-08;0.000182321;4.01423e-08;5.33767e-09;5.04057e-07;2.9916e-06;2.7344e-07;3.8088e-09
1.20164e-08;8.46554e-06;1.75939e-05;4.14278e-07;8.76172e-08;2.83726e-08;9.41459e-08;9.1709e-06;5.41788e-09;9.85372e-08;1.11903e-07;0.000240704;3.75194e-07;0.999723
8.73047e-08;2.92594e-06;3.88207e-11;5.46132e-08;0.000663902;4.5587e-06;4.8983e-08;0.999315;6.8232e-06;2.72395e-09;3.70338e-06;2.56428e-08;1.69675e-06;1.152e-06
1.57523e-08;3.49512e-05;0.999808;2.51778e-06;0.0001047;1.48608e-05;5.91332e-09;3.04276e-07;3.31555e-11;8.39371e-08;8.50589e-09;1.84366e-05;2.17789e-06;1.41326e-05
5.08213e-07;0.999889;2.46589e-07;2.91919e-10;1.99902e-08;1.38235e-09;3.22853e-08;5.70649e-06;1.60575e-10;5.11667e-11;3.41451e-09;1.69823e-06;0.00010294;3.1797e-08
1.72966e-07;0.0197474;0.000142441;4.60101e-06;0.00423097;0.000261658;1.00672e-07;0.0019457;1.70795e-07;1.61633e-07;7.55382e-08;0.454145;0.000691998;0.518829
2.13672e-07;0.999019;9.91014e-08;8.39922e-06;3.28597e-06;7.71542e-06;1.02429e-07;0.000164786;2.77634e-06;3.28203e-08;1.0749e-06;2.65154e-05;0.00076099;5.3953e-06
3.94377e-07;0.884486;5.0759e-09;2.67093e-07;8.8586e-08;1.67842e-07;1.61273e-08;1.18052e-05;9.33596e-09;1.2105e-08;1.22244e-08;0.113732;0.00176151;7.87495e-06
2.41265e-06;0.978093;8.29408e-07;1.99013e-06;6.38123e-06;3.04565e-06;1.27764e-07;0.000330737;2.15082e-08;8.486e-08;1.21516e-07;0.00755262;0.00155108;0.0124576
1.40834e-07;0.874776;4.78395e-11;3.00081e-07;1.78624e-07;2.66349e-07;5.66453e-05;0.000669859;2.23184e-07;3.0588e-06;1.91301e-07;3.74235e-09;2.58361e-05;0.124467
7.42197e-11;1.17342e-09;0.999998;4.55359e-10;3.14988e-11;4.97611e-12;1.4501e-10;6.75867e-10;1.28251e-10;1.27443e-11;1.56915e-09;1.93041e-06;1.04203e-12;1.25669e-12
0.0011693;0.0809334;8.55487e-06;0.00227851;0.000200857;0.00173364;0.00110599;0.0435756;0.513908;5.38677e-05;0.144763;0.000821592;0.208184;0.00126414
8.72247e-05;0.941626;1.24794e-06;6.87178e-06;4.43437e-06;1.27731e-05;7.00098e-07;0.00425835;6.79688e-05;5.29945e-06;8.39799e-05;0.0471147;0.00660319;0.000126765
3.89938e-05;0.150359;0.000149167;1.53161e-06;1.29538e-05;1.28084e-05;3.28341e-06;0.000897342;8.39197e-06;6.40353e-07;7.86188e-05;0.829073;0.0193523;1.232e-05
5.59436e-05;0.241931;3.60628e-07;0.0061539;0.000731664;0.000596499;6.84239e-05;0.0420512;0.00869742;0.000202397;0.00483831;0.00518939;0.688492;0.000991664
0.00168124;0.298652;0.642531;0.00694094;0.00146679;1.02018e-06;2.17947e-05;0.00485146;1.74721e-05;0.000329286;0.000184642;0.0376114;4.30635e-06;0.0057067
1.32413e-05;0.99399;1.62871e-11;5.22723e-07;1.92576e-07;2.8231e-08;0.00500834;3.31888e-05;7.36186e-05;2.29205e-05;3.00841e-05;4.74015e-10;7.46443e-06;0.000820487
9.09806e-09;6.91582e-08;0.999991;9.51002e-09;9.99882e-08;1.136e-10;7.71965e-09;1.10598e-07;1.29719e-08;1.47326e-08;1.59708e-08;8.43572e-06;7.35178e-12;7.17848e-10
0.000385338;0.0153835;5.1421e-08;0.00304217;0.000840743;0.000152063;0.000668377;0.19768;0.730068;0.000106816;0.0494166;0.00105901;0.00102;0.00017767
6.60203e-05;0.996383;4.40674e-05;0.000195681;7.11892e-06;1.0583e-06;4.70365e-06;0.00313911;1.77265e-05;1.17802e-06;9.65191e-06;6.15283e-05;6.62024e-05;3.30799e-06
6.63897e-06;0.998756;4.85479e-08;5.57885e-07;4.37552e-06;2.3601e-08;5.4133e-06;0.00116624;6.62211e-07;2.17571e-07;5.40577e-07;2.93779e-05;1.2678e-05;1.77997e-05
3.62157e-05;0.0393606;0.00164996;0.000225074;0.00617243;0.000809732;2.26251e-07;0.00304545;1.48611e-06;2.73244e-06;5.36379e-06;0.944605;0.00272822;0.00135711
0.00140492;0.561534;1.35934e-05;0.00149725;0.000275717;9.33224e-05;0.000446919;0.0333675;0.0475994;1.39158e-05;0.0890007;0.240063;0.022527;0.00216279
0.000313224;0.992613;4.69467e-07;6.27683e-06;1.14458e-05;2.65342e-05;3.91128e-07;0.00256109;9.74282e-05;4.96963e-06;2.34211e-05;0.00228721;0.00195969;9.47142e-05
8.57773e-05;0.0761062;0.000126403;4.90418e-07;1.86542e-06;1.04114e-06;5.86813e-07;0.00403154;4.87991e-05;3.22051e-07;2.67285e-05;0.871948;0.0476215;7.09476e-07
6.97512e-05;0.60058;1.94208e-07;0.00568537;0.00102712;0.000866175;7.38209e-05;0.134853;0.0253174;0.0004362;0.00321842;0.00640507;0.219464;0.00200394
0.00189648;0.487684;0.162698;0.00433216;0.000234453;1.09801e-06;2.48791e-05;0.00152272;3.39816e-05;0.000418091;0.000229146;0.339229;4.11874e-05;0.00165412
1.06011e-05;0.99507;2.14683e-11;2.14706e-07;3.88649e-08;3.23813e-08;0.00457092;7.75621e-06;2.58711e-05;2.00416e-05;1.65609e-05;1.73486e-10;6.16205e-05;0.000216419
4.46267e-10;2.13823e-09;0.999995;3.01334e-10;4.15333e-09;4.29166e-11;2.42484e-10;1.58481e-09;7.33463e-11;4.49017e-10;1.00022e-10;4.82359e-06;5.36853e-12;2.64638e-10
0.000273927;0.0258317;1.44561e-07;0.000720143;0.0025311;0.00972151;0.0011854;0.317356;0.10385;0.000554802;0.0111774;0.000120439;0.526021;0.000655901
4.47157e-05;0.363572;0.631315;0.000116297;1.98775e-05;0.000121794;0.0023641;0.00118738;5.79884e-06;0.000518001;5.46486e-06;0.000174332;0.000133977;0.000421519
8.60235e-10;1.28185e-09;1;1.86528e-09;1.71756e-09;1.21373e-09;1.17744e-08;5.74616e-10;1.44516e-09;7.38826e-10;3.27468e-09;4.19514e-08;4.58395e-12;2.69288e-10
9.34676e-05;0.0629532;0.882279;0.000114903;0.000111568;0.000122108;0.000104206;0.0160445;0.000401752;2.12094e-05;0.000331976;0.0348131;0.000298712;0.00231047
3.08811e-05;0.310066;3.34764e-05;7.05775e-05;0.012319;0.0433423;9.15027e-07;9.68658e-05;4.56103e-05;2.69013e-06;0.000892431;0.126609;0.228043;0.278447
1.9916e-05;0.0271267;2.15208e-05;2.08171e-06;0.000379178;1.51471e-05;1.15989e-07;0.21463;2.57224e-07;5.32691e-08;1.6889e-06;0.684398;0.0687081;0.00469791
4.26789e-05;0.0690467;2.3337e-08;0.000496333;0.00338878;0.0587206;2.76876e-07;0.0117138;0.000255076;1.75363e-06;0.000121837;0.00649848;0.84365;0.00606355
1.24206e-05;0.988929;6.5633e-05;2.47774e-06;4.99206e-06;1.45224e-05;1.67058e-05;0.00981572;1.59427e-08;2.55971e-06;7.0574e-09;2.04397e-06;0.00111727;1.70834e-05
3.63644e-09;9.17183e-08;1;6.24768e-09;1.49769e-09;1.76445e-09;1.60176e-09;6.47954e-08;4.25978e-10;4.95357e-10;5.29977e-10;6.62301e-08;2.17751e-08;2.01658e-11
1.09376e-07;4.41814e-06;0.996523;1.33966e-07;7.58097e-07;3.75483e-08;4.15988e-09;6.05691e-05;1.82998e-08;1.1514e-08;3.55539e-08;0.00341007;5.4173e-08;9.92293e-07
6.36444e-07;0.000174658;2.36268e-06;4.32171e-07;0.025108;0.0189833;6.83056e-10;0.000518187;5.06368e-08;7.40919e-08;4.46591e-08;7.25904e-05;0.000155151;0.954985
9.86747e-06;0.0352916;6.44896e-07;9.44487e-05;0.00863045;0.00216298;2.08731e-07;0.00331316;1.17515e-05;7.25068e-06;7.531e-06;0.307284;0.00417009;0.639016
1.67035e-05;0.9461;3.68716e-07;4.04625e-06;2.98293e-06;3.73608e-06;9.81554e-08;0.0271207;2.02767e-05;4.91053e-09;8.99054e-06;0.000390773;0.0263315;4.16232e-08
3.34575e-06;0.13785;6.06209e-08;1.48304e-06;2.90222e-05;1.02774e-05;8.30277e-09;0.0286095;6.13603e-08;1.92167e-07;1.88229e-08;0.000139215;0.832815;0.000541938
7.09215e-07;0.0466953;4.26429e-05;1.39357e-05;3.48271e-06;1.72058e-06;8.29917e-07;0.000196781;1.40958e-07;8.90186e-07;8.85205e-07;0.949724;0.000265712;0.00305328
0.000330646;0.415827;4.25583e-06;0.00150121;0.000235721;0.000250375;0.000648498;0.173042;0.000253352;3.82057e-05;0.000948873;0.0739143;0.332289;0.000716955
0.000849753;0.235251;4.7312e-06;0.00358885;0.000292018;0.000571981;5.39734e-05;0.269698;0.0036676;0.000166564;0.0209636;0.434864;0.0280455;0.00198294
0.000408358;0.0562489;2.81531e-06;1.56122e-05;1.14559e-05;1.52626e-06;0.894636;0.000296228;0.000185449;0.039389;0.000240934;1.37898e-06;4.39855e-06;0.00855801
1.16878e-09;3.95361e-10;1;6.75531e-11;5.09807e-11;7.03338e-12;2.2498e-08;3.67583e-10;1.7274e-10;4.16218e-10;4.27713e-10;6.91198e-09;1.51807e-13;1.45616e-12
3.4078e-05;0.905147;2.48772e-07;2.71296e-06;1.47328e-06;3.72833e-06;6.62743e-05;0.000110446;0.000147923;3.46351e-06;0.000345879;0.0709788;0.0231262;3.13588e-05
3.75883e-05;0.05363;2.26018e-07;2.85726e-05;0.000326715;0.00032849;3.03783e-05;0.00671756;5.29555e-05;4.53217e-06;0.000272841;0.0429598;0.894672;0.000938808
0.000358062;0.400507;1.50214e-06;0.00117983;0.0162013;0.00119468;8.63294e-06;0.00795801;0.000132959;0.000151386;3.59297e-05;0.00997432;0.0138538;0.548443
0.000122543;0.00492726;3.75008e-09;2.60029e-06;2.17939e-05;3.18823e-07;1.84764e-06;0.179438;0.000463403;1.5018e-07;0.000127648;5.27936e-05;0.814842;2.68393e-07
4.71712e-05;0.997848;0.000161563;7.3273e-05;3.04638e-06;5.7072e-06;0.000111097;0.00125005;9.9035e-06;4.96845e-05;4.56921e-07;4.59574e-06;0.000303093;0.000132783
8.42639e-09;2.03177e-08;0.999996;4.0349e-08;1.44673e-09;1.27522e-09;2.33636e-08;3.7825e-07;2.90953e-08;2.81053e-09;4.92473e-08;3.12748e-06;1.83987e-09;1.83705e-11
4.12805e-06;0.000544186;0.910572;3.49231e-05;4.66673e-06;8.63327e-07;2.85391e-06;0.00160899;5.31523e-06;1.08232e-06;2.30167e-05;0.0862851;1.61365e-06;0.00091134
1.05865e-05;0.0121352;2.27675e-07;3.35798e-05;0.159055;0.00277857;3.28703e-06;0.0377689;4.10268e-05;7.55153e-06;8.16551e-05;2.75252e-05;5.76891e-05;0.788
2.55489e-05;0.027042;0.0208352;0.000152445;0.262454;0.000117907;3.71196e-08;0.00549603;9.64619e-08;2.68342e-07;1.00102e-06;0.675141;0.00189913;0.00683547
1.53392e-06;0.00191776;1.80846e-08;1.64054e-08;4.34478e-06;3.16609e-05;7.76432e-08;0.000158509;3.26051e-08;2.54579e-09;8.45309e-08;4.89723e-07;0.997885;6.20977e-07
6.33287e-06;0.0138629;0.984516;1.69389e-06;7.04021e-06;1.93562e-05;1.72088e-08;0.000133101;1.03252e-09;8.15967e-08;2.48391e-09;0.000961511;6.67001e-05;0.000425689
9.35029e-07;0.701544;3.59987e-08;3.66524e-05;0.00474651;0.00700534;2.52747e-07;0.118061;4.92046e-06;4.16458e-06;1.03257e-05;4.26603e-05;0.0827636;0.085779
1.27336e-05;0.98213;0.0153361;4.97759e-05;2.49872e-05;1.31454e-05;1.08648e-05;0.00120536;4.86076e-08;0.00010505;3.54495e-07;0.000204891;0.00079926;0.000107919
2.04475e-08;4.26378e-09;1;8.09877e-09;3.72551e-09;1.31599e-09;1.29458e-08;3.30463e-08;2.68286e-08;9.05896e-10;1.4523e-07;3.84622e-08;1.24515e-09;6.30395e-11
1.57558e-06;0.000155651;0.982006;7.04012e-07;4.51841e-07;3.11552e-07;1.4793e-07;6.73795e-05;1.23054e-06;1.64435e-07;2.54533e-06;0.0177002;5.13905e-05;1.20701e-05
1.0475e-05;0.00755887;2.16612e-05;4.43167e-06;0.448487;0.0101263;4.73846e-08;0.00076699;8.66615e-06;1.27812e-06;1.72081e-05;0.000160277;0.000223698;0.532613
1.65162e-05;0.975279;4.04462e-06;1.34213e-07;0.000172113;6.41655e-05;0.000188822;0.000144326;3.17728e-08;0.000307252;4.69117e-08;7.63271e-06;0.0023846;0.0214311
2.33926e-10;9.06336e-12;1;1.02755e-12;1.33926e-09;1.55876e-11;5.56336e-12;4.39021e-09;7.67647e-12;6.18346e-13;2.34156e-12;4.43814e-08;6.90411e-13;1.15015e-13
2.50517e-06;0.0117505;1.05864e-06;9.20545e-07;1.3388e-05;2.63183e-06;8.61414e-07;0.981793;0.000129233;1.12458e-08;2.93759e-06;0.000384216;0.00591765;8.97225e-07
2.83254e-06;0.143895;1.37318e-07;8.2188e-07;1.20666e-05;1.91057e-06;8.46904e-09;0.042854;2.15316e-07;1.99325e-07;8.41395e-08;0.000218851;0.812728;0.000286363
3.87578e-05;0.444195;1.11309e-05;2.28987e-05;0.00106088;6.69338e-05;5.79185e-06;0.00840192;1.03451e-06;1.133e-05;5.63342e-06;0.458907;0.0613259;0.0259456
6.14627e-07;0.99249;3.72606e-09;1.52013e-06;1.28077e-06;1.11977e-06;0.00205103;8.58912e-05;2.51207e-08;0.000318569;6.475e-08;2.06554e-07;5.33373e-06;0.00504458
5.96818e-08;3.12942e-09;0.999992;1.91782e-07;1.5619e-07;3.83417e-06;5.47997e-07;1.30642e-07;6.20193e-08;1.96401e-07;6.29018e-07;1.9594e-06;3.32734e-10;2.93632e-08
0.00743137;0.379538;0.000111495;0.00031433;0.0541245;0.0357065;0.0022374;0.197078;0.00271602;9.17587e-05;0.00638822;0.0046104;0.0580706;0.251582
6.44913e-05;0.905678;9.3146e-08;2.62683e-06;6.92368e-07;4.05454e-06;0.0926731;0.000106909;1.63341e-05;0.00105745;8.44062e-05;4.49134e-06;0.000218079;8.9213e-05
8.9527e-08;3.23859e-08;0.99999;1.65709e-07;2.54372e-08;3.54424e-08;7.79208e-06;7.86901e-08;5.23992e-07;3.76573e-07;4.25704e-07;9.47232e-08;5.6639e-11;3.65321e-10
3.05335e-06;0.999361;8.5956e-08;5.2313e-06;1.03805e-07;1.13413e-08;2.11452e-06;0.00049251;3.97784e-06;6.59753e-08;3.04862e-06;8.03687e-06;0.000120472;1.857e-08
3.1299e-07;0.997872;2.98661e-08;7.14015e-07;3.32266e-08;1.97104e-09;8.13696e-06;0.00078086;1.48975e-07;3.6341e-07;1.61396e-06;1.3686e-05;0.00132188;1.43037e-07
6.63056e-06;0.00277189;0.00112342;0.000531141;0.0053171;0.00069592;1.84401e-06;0.00133385;1.61329e-07;1.65362e-05;4.89614e-05;0.98329;0.00389459;0.000968421
0.000217394;0.913768;7.53323e-07;0.000729524;9.64206e-05;4.72781e-05;0.00408278;0.0240937;0.000787103;5.46816e-06;0.0226505;0.00685704;0.0240504;0.00261383
0.000682477;0.791993;3.28854e-06;3.31253e-05;3.85019e-05;6.90955e-06;8.21996e-06;0.00151775;7.76729e-05;5.97431e-06;8.59005e-05;0.0320226;0.165892;0.00763236
0.000215494;0.89438;1.53293e-05;4.56331e-06;0.000742518;3.74685e-06;4.08165e-06;0.00384625;1.2498e-05;5.2868e-06;8.74093e-06;0.0629442;0.0103955;0.027422
5.24888e-07;0.998525;8.91439e-10;1.34987e-07;1.1099e-07;1.15972e-07;3.55898e-05;0.000162074;3.00332e-07;1.61247e-05;6.29818e-08;1.31633e-06;1.72052e-05;0.00124091
1.77818e-09;4.96784e-08;0.999999;1.85969e-08;1.95521e-08;1.17634e-07;1.04405e-08;4.71699e-08;7.19838e-10;1.21808e-08;5.2418e-09;9.1395e-07;2.90602e-11;6.11244e-09
0.000649835;0.751002;1.11034e-05;0.000236192;0.0236112;0.0463561;0.000643497;0.0587619;0.00126053;4.23295e-05;0.00335783;0.00233774;0.0307106;0.0810195
8.20833e-05;0.0117148;6.58938e-08;1.78677e-06;2.64617e-05;7.10737e-05;2.09374e-07;0.0185607;4.25777e-06;7.5021e-08;1.79522e-05;0.186736;0.782766;1.87652e-05
1.97413e-06;0.0794285;9.34877e-11;7.47391e-08;1.45003e-06;2.65124e-06;2.01941e-08;0.010968;2.46489e-08;4.81421e-08;9.84414e-09;4.90373e-05;0.909523;2.53663e-05
5.85289e-06;0.000635601;1.48459e-06;0.00193442;0.000521158;0.276996;4.01176e-06;0.000108928;7.22567e-06;0.00149338;3.23767e-05;0.00471208;0.684837;0.0287101
0.000522409;0.00261934;0.785111;0.00866483;5.40382e-05;0.00137034;0.145205;2.29732e-05;0.00029494;0.0509805;0.00339462;0.00126353;3.19288e-05;0.000464146
7.93138e-09;2.71736e-10;0.999995;7.84034e-08;4.55448e-10;5.27041e-10;3.8362e-06;5.74614e-10;4.90673e-08;6.8748e-09;6.52399e-07;2.14106e-08;7.81197e-12;1.04405e-11
0.000670322;0.00920242;3.82936e-06;1.23975e-05;0.000201546;1.20293e-06;2.53796e-05;0.985424;0.00147895;5.04987e-06;0.00168125;0.000369177;0.000805673;0.000118505
3.84258e-05;0.0494429;0.000577273;0.00027475;0.00529245;0.000183365;1.46424e-05;0.0170843;0.00249309;1.50728e-05;0.00404341;0.906877;0.00984474;0.00381817
1.60529e-05;0.88247;3.94381e-06;0.000207736;0.000315119;0.000513593;2.11105e-06;0.00875281;7.82254e-05;3.41901e-05;6.80824e-05;0.00954759;0.0971851;0.000805652
0.00728821;0.535604;0.00656438;0.0001021;0.102334;0.000497637;4.35084e-06;0.0206791;0.000113604;6.12301e-05;0.000174425;0.072119;0.0131331;0.241324
0.000275271;0.05893;6.09256e-06;2.63478e-05;0.000291391;2.86036e-05;0.000362594;0.908258;0.00994028;6.58483e-06;0.00077497;0.00012282;0.0205466;0.000430301
0.00183041;0.480304;3.58526e-08;0.000412828;0.00367094;0.000422765;3.96685e-05;0.377584;0.0265874;9.44737e-05;0.00443327;0.00191595;0.0978456;0.0048582
0.000395491;0.00211994;2.38169e-07;7.44909e-07;3.24542e-06;6.88485e-08;1.07991e-06;0.99713;9.81758e-05;6.61125e-07;5.91977e-06;3.31841e-05;4.71039e-06;0.000206693
8.58198e-05;0.90432;3.62478e-05;3.0523e-05;2.25946e-06;2.39777e-05;0.0907133;8.34565e-05;0.000580857;0.00218655;9.59254e-05;0.000412803;1.91682e-05;0.00140925
3.90542e-10;1.20668e-09;0.999998;1.05472e-08;5.88973e-10;3.891e-10;3.05097e-07;8.90759e-10;2.31661e-09;2.46281e-09;4.95038e-08;1.38541e-06;1.14042e-12;1.77776e-11
2.23821e-06;0.948794;5.38909e-08;2.65827e-06;2.69618e-08;2.12027e-07;8.75469e-05;8.27728e-05;5.32683e-06;8.4916e-08;0.00021544;8.11471e-05;0.0507285;1.39501e-07
3.11931e-06;0.285818;1.28886e-06;0.000290249;2.95404e-05;0.000670784;7.73207e-07;0.00554623;2.18697e-05;1.13152e-06;0.000282822;0.630691;0.0750861;0.00155749
7.85546e-05;0.94872;0.00180496;0.000167214;0.000108611;0.000280054;8.78739e-07;0.0055306;1.98701e-05;8.27746e-06;0.000387915;0.0131379;0.00603729;0.0237177
1.03592e-05;0.703342;9.30604e-08;0.000430074;3.47557e-06;1.43904e-05;0.000238093;0.00243224;0.00763159;3.05843e-05;0.0429839;0.000810331;0.242019;5.33312e-05
5.91537e-05;0.893163;0.0994725;0.00189335;0.000416878;1.35109e-06;4.08408e-06;0.00110545;2.53145e-06;3.7084e-05;3.44434e-05;0.00318113;0.000109017;0.00052021
3.4562e-07;7.60731e-05;0.999712;1.04121e-06;1.08546e-06;1.15508e-08;1.24925e-06;4.94296e-08;1.3343e-07;1.49991e-07;2.74673e-06;0.000195532;3.05471e-06;6.65976e-06
0.000127511;0.338;2.04992e-08;0.000451486;0.000698971;0.000625041;0.000887409;0.0255665;0.0605466;9.18663e-05;0.0354657;0.00334225;0.533955;0.000241064
8.54948e-05;0.97554;0.0194828;8.12513e-05;5.5568e-05;2.49903e-05;0.000471578;0.00288749;6.51303e-06;0.00025975;7.78604e-06;0.000449535;1.97124e-05;0.000627706
6.12242e-09;8.14882e-09;1;6.48037e-09;1.68135e-07;3.98107e-09;1.54929e-08;5.79527e-08;1.07603e-09;1.00785e-09;1.65849e-08;3.14292e-08;4.03611e-12;9.66743e-09
4.27657e-05;0.723041;1.40259e-05;8.14606e-05;7.19076e-05;1.3434e-05;1.08264e-05;0.142555;0.000308265;2.48782e-06;0.00246002;0.0825518;0.0485782;0.000269658
0.000160058;0.298383;4.17681e-06;0.00105856;0.00244106;0.00613489;9.45762e-05;0.407109;2.70058e-05;0.000540133;0.000105194;0.0291104;0.0455088;0.209323
4.14624e-05;0.00350555;1.11691e-08;9.09828e-06;1.52533e-05;6.00125e-07;1.0975e-06;0.80052;4.97313e-05;8.38811e-07;0.0001496;0.077103;0.118603;1.24515e-06
0.000176147;0.956917;0.0177117;0.00867842;7.37271e-05;0.000170328;0.00166355;4.03158e-05;0.000107214;0.00179959;0.00136437;1.35938e-05;0.00931035;0.00197331
0.000411138;0.218061;0.00680528;0.000644474;8.8781e-06;4.68574e-06;0.000195488;0.000466215;0.0011603;5.74408e-06;0.00223639;0.769683;0.000274112;4.31646e-05
0.00182283;0.743942;1.08299e-06;0.000407958;0.000118066;0.000433769;0.00145502;0.0208467;0.124778;0.000219179;0.0942681;0.00349435;0.00550331;0.00270994
0.000891013;0.0952085;4.65428e-05;3.22572e-05;1.46767e-05;1.08618e-05;8.25751e-05;0.271718;0.0167422;2.79997e-05;0.00828576;0.518494;0.0884298;1.56516e-05
9.37469e-06;0.995811;4.41013e-09;1.42614e-06;2.12859e-07;1.23061e-06;0.000547163;2.63629e-05;2.45738e-05;0.000803443;2.62976e-06;1.75677e-08;2.19778e-06;0.00277011
9.94202e-09;4.30814e-09;0.999999;4.83628e-09;2.11074e-09;5.93433e-10;1.67954e-08;1.56361e-08;2.78975e-09;2.1796e-09;2.97253e-08;1.48045e-06;8.96353e-11;5.53791e-11
0.000468846;0.0488433;7.69711e-06;0.000132666;0.00486426;0.012546;0.000303496;0.417802;0.00369107;5.04729e-05;0.011662;0.00571391;0.474995;0.0189201
5.84278e-05;0.01146;1.26769e-07;1.2846e-05;2.6952e-05;8.98757e-06;1.81949e-05;0.0625454;0.000468097;2.86342e-06;0.00192507;4.08495e-05;0.92343;2.38805e-06
0.000247023;0.997278;7.71621e-05;0.000162977;5.15775e-06;3.69509e-06;9.93714e-07;0.00050767;9.47672e-06;2.11774e-06;4.39793e-06;0.00112506;0.000202736;0.000373506
5.91423e-07;0.999021;3.14168e-08;5.51186e-07;1.32462e-07;2.19656e-08;6.43433e-05;0.000152972;1.41313e-07;1.44426e-05;1.57101e-07;1.98606e-07;1.04624e-06;0.00074435
1.4147e-09;6.00814e-10;0.999997;4.27156e-09;8.62051e-09;2.02389e-10;9.68481e-08;1.13696e-08;1.13208e-09;2.41698e-09;1.24135e-08;3.05e-06;3.0732e-14;3.15614e-11
1.38181e-05;0.920408;1.30403e-08;4.6134e-06;7.17946e-07;8.22293e-07;5.85706e-06;1.97745e-05;2.35106e-06;4.89735e-07;3.26083e-06;2.81542e-07;0.0795159;2.44321e-05
7.57763e-07;0.00334151;1.42375e-05;7.65664e-08;5.5855e-07;1.21107e-07;3.17028e-08;0.000614184;1.50449e-07;2.70641e-09;3.1513e-07;0.995712;0.000274419;4.16323e-05
7.20785e-06;0.243284;5.07356e-07;2.42845e-05;0.0292457;0.00127684;4.91234e-06;0.684968;1.00533e-05;4.9643e-06;1.11743e-05;0.0207556;0.00994688;0.01046
2.00598e-06;0.00185493;1.17826e-06;2.78137e-07;3.3472e-07;1.6692e-05;4.0712e-07;4.47989e-06;5.84995e-07;2.17712e-07;1.3043e-06;0.000535566;0.997573;9.00824e-06
2.33891e-06;0.00128053;0.993386;6.58891e-06;1.45701e-06;2.61118e-06;9.63236e-05;1.12519e-07;8.16632e-08;9.95347e-05;9.15856e-07;0.00507551;5.99078e-06;4.19415e-05
6.54039e-08;2.56217e-08;0.999994;2.27375e-08;7.36708e-08;2.18366e-08;1.13734e-06;8.13651e-09;1.24246e-07;9.69066e-09;3.91074e-06;5.19547e-07;8.8586e-11;5.03638e-09
3.12471e-08;1.09169e-05;2.1001e-10;2.01325e-11;4.2079e-08;1.8845e-10;7.64901e-11;0.999989;5.7191e-09;3.38425e-11;7.1503e-10;3.47375e-08;1.18863e-07;2.87136e-09
1.30964e-07;5.27405e-05;3.14922e-06;9.82083e-07;0.000209728;0.000213427;1.42218e-08;6.00197e-06;3.55197e-08;3.08825e-07;2.07603e-07;0.00180252;6.90934e-06;0.997704
1.40697e-05;0.014186;4.34956e-07;2.57354e-06;1.69108e-07;4.38699e-07;1.51605e-06;0.000885813;1.17774e-05;6.63908e-08;0.000135917;0.00030085;0.984457;2.95591e-06
4.7216e-08;0.997032;4.709e-10;8.8936e-07;2.1589e-08;8.23805e-08;1.08885e-05;4.54177e-06;1.68558e-09;3.26225e-05;9.39604e-10;7.70968e-09;4.106e-06;0.00291466
4.07788e-11;6.62706e-11;1;6.31018e-10;7.88301e-10;2.80895e-10;5.68443e-10;2.934e-09;5.93132e-13;2.3891e-10;2.30892e-11;2.74794e-08;1.02349e-13;8.59602e-11
1.75262e-06;0.0543652;0.000305112;0.000101168;4.18779e-06;5.8346e-05;1.73359e-07;8.24071e-05;7.78634e-08;3.84541e-07;6.6047e-06;9.20177e-06;0.945065;5.52906e-07
3.2411e-06;0.0227462;1.7874e-06;4.14902e-06;1.00644e-06;4.17931e-07;1.32685e-06;0.917726;6.36799e-05;1.62326e-07;0.00064329;0.0575656;0.0012351;8.5158e-06
4.47371e-06;0.0119419;1.71414e-07;2.40879e-05;0.00903631;0.889426;0.000616792;0.0795477;2.54214e-05;0.000257854;0.000144843;6.45032e-08;0.00695556;0.00201848
4.86264e-08;2.95354e-08;0.999996;3.25817e-08;7.74997e-11;3.5506e-09;9.03063e-07;7.27175e-09;3.04108e-08;6.4459e-10;4.69658e-07;2.5161e-06;8.45848e-09;6.12095e-12
5.47835e-06;0.000570366;4.99996e-05;1.91928e-05;1.20956e-06;1.41935e-06;3.78896e-07;1.27427e-05;0.000198749;1.16931e-07;0.000131863;0.998902;4.28332e-06;0.000102567
6.01374e-07;0.00288043;9.23005e-08;1.87502e-08;1.22262e-07;5e-06;5.71191e-10;0.00010908;4.38105e-08;5.0576e-09;2.68361e-08;1.37636e-06;0.997003;2.83022e-07
1.02542e-06;0.00174904;3.99814e-06;2.95827e-06;0.000543174;1.7407e-06;2.2836e-08;0.00178951;1.45614e-06;4.44344e-08;2.7682e-06;0.988511;1.61149e-06;0.00739191
2.90153e-05;0.00676248;2.66974e-06;0.000116174;0.00609141;1.23566e-06;7.7989e-08;0.983715;0.000144668;6.55332e-07;1.13481e-05;9.1195e-05;0.000228167;0.00280595
1.65598e-07;1.48572e-06;2.47092e-08;2.3446e-09;3.31485e-05;6.2357e-09;1.42971e-09;0.999963;2.03681e-07;1.38353e-08;8.88187e-10;4.96964e-10;1.97828e-06;4.8738e-08
1.72425e-07;1.58363e-05;0.999977;1.20138e-07;3.55582e-06;9.05457e-07;2.60601e-11;5.87825e-07;3.50232e-10;8.46654e-09;3.32131e-09;1.66578e-06;3.19595e-07;2.66168e-07
6.53197e-06;0.949643;1.79304e-05;4.1544e-06;2.83418e-05;1.22012e-05;3.88563e-06;0.047951;8.33895e-05;8.31507e-07;9.03365e-05;0.00169575;0.000381555;8.15387e-05
