5.397e-05;0.979851;1.11447e-07;1.50254e-05;2.00539e-05;6.60939e-07;1.33467e-05;0.0161528;5.65212e-05;1.25734e-06;1.2357e-05;0.000459417;0.00276676;0.000596754
1.23551e-05;0.208198;9.22708e-08;1.54171e-05;0.000276582;1.50651e-07;4.01012e-07;0.430251;7.6108e-05;1.44228e-06;4.66249e-05;0.361111;6.20931e-06;4.04974e-06
6.90459e-05;0.932942;0.000404922;9.09235e-05;0.000472213;0.000345915;2.46997e-06;4.05146e-05;1.08803e-06;8.08748e-06;2.34288e-05;0.0187602;0.0452265;0.00161244
1.40572e-06;0.0145423;4.00756e-07;9.11972e-08;5.67567e-06;1.73946e-06;4.42775e-08;0.000159323;1.08136e-06;6.71928e-09;1.21562e-06;0.985156;5.82302e-05;7.20357e-05
1.71001e-05;0.216421;2.15442e-06;9.23404e-07;0.0138049;4.86575e-05;4.57942e-09;0.1083;1.03181e-07;3.86683e-08;3.57351e-08;0.000519293;0.660767;0.000119932
5.48167e-05;0.21995;4.94603e-06;1.43421e-05;0.000839005;0.00344891;4.43003e-05;0.0320868;1.15732e-05;0.000213855;2.2234e-07;6.8271e-05;0.729624;0.0136391
2.02792e-09;2.90836e-09;1;2.30376e-09;3.98541e-10;1.19125e-08;4.84074e-10;2.06031e-09;2.38204e-10;1.3951e-10;1.13551e-10;3.53235e-07;1.23213e-09;2.3228e-11
1.57176e-05;0.00163762;0.0010897;5.62412e-05;1.47141e-05;3.35459e-05;3.48078e-06;0.00167149;0.000270985;2.51444e-06;7.86526e-05;0.994357;0.000149176;0.000619084
3.38577e-05;0.00218797;2.08777e-08;1.20657e-07;0.000445217;0.000204179;7.45116e-07;0.991842;4.79991e-06;4.00891e-07;1.93325e-07;1.66748e-08;0.000500578;0.0047798
2.30599e-07;4.87856e-05;1.89526e-05;3.37579e-07;0.000754713;7.07775e-06;1.49106e-10;4.26486e-06;1.28417e-08;2.79669e-09;4.39392e-08;0.998779;4.49362e-06;0.00038216
3.11243e-07;0.999624;1.4793e-09;4.40596e-09;7.34611e-08;8.98041e-08;1.48936e-05;6.33169e-05;5.63346e-08;8.00434e-08;8.01795e-09;3.88591e-10;0.000294516;2.57724e-06
7.26724e-12;1.47779e-11;1;8.63378e-12;6.07455e-11;1.79233e-11;6.31719e-14;5.31646e-11;1.8507e-13;6.49822e-14;2.36353e-13;4.42113e-07;2.42127e-12;2.3654e-13
4.0077e-06;0.00921251;2.4814e-05;0.000113616;6.22476e-05;0.000388785;1.06248e-06;0.131705;0.000578982;6.26869e-07;0.000724754;0.00423958;0.851053;0.00189159
2.55583e-05;0.161266;1.03114e-06;9.66197e-05;5.73193e-06;5.28387e-05;2.36886e-07;0.203884;3.34554e-05;4.09217e-06;0.00017298;0.00123955;0.632836;0.000382332
2.4061e-06;0.000780722;6.07373e-08;1.92192e-05;8.03463e-06;1.93968e-05;3.42845e-09;3.01008e-05;8.29106e-07;1.42595e-06;1.24466e-05;0.991456;0.000593495;0.00707565
1.26345e-05;0.981146;3.8004e-05;0.000102684;6.99317e-05;1.57831e-06;5.27158e-05;0.00149855;9.28913e-07;4.12293e-06;6.63706e-05;0.00781838;0.00580414;0.00338418
0.000178251;0.708022;5.0432e-07;0.00141684;0.00026512;1.79783e-05;1.47532e-05;0.127278;0.000575856;3.8288e-05;0.00421618;0.142656;0.00116768;0.0141529
0.00621245;0.0420735;0.000281858;0.00279259;3.5623e-05;3.53949e-05;0.0926374;0.00143144;0.235548;0.003752;0.607377;0.00558577;0.00209426;0.000143504
