3.93438e-06;0.999685;1.98756e-05;2.92665e-05;1.11424e-06;1.61247e-07;9.10594e-07;0.000145606;5.13629e-07;5.65612e-07;7.04238e-07;8.96513e-05;2.20338e-05;9.60401e-07
9.48047e-07;8.5098e-06;1.85222e-11;1.45486e-09;1.12429e-07;8.64582e-10;2.66572e-09;0.999988;1.65336e-06;6.6603e-10;8.05544e-08;3.82221e-09;2.34222e-07;1.71153e-08
2.09911e-06;0.00015242;1.53263e-06;1.2975e-05;0.00220373;6.15528e-05;6.22517e-09;0.00021634;2.30893e-06;5.80049e-07;7.77825e-06;0.950693;4.09206e-05;0.0466045
8.35892e-06;0.991795;4.03343e-06;2.81557e-06;3.01348e-08;6.65281e-07;2.07301e-05;0.000281263;1.12083e-05;5.41255e-06;1.35773e-05;3.54435e-08;0.00781309;4.42721e-05
2.3152e-12;8.50985e-10;1;2.86518e-11;5.65448e-12;1.00628e-11;1.34114e-12;3.90799e-11;1.9917e-13;3.39549e-12;3.80163e-12;6.81556e-08;1.55627e-12;1.9749e-11
7.09276e-05;0.824732;0.000129928;0.00142844;0.00743632;0.00156353;0.000208169;0.0859355;0.000709144;2.55751e-05;0.00799091;0.0402939;0.0097243;0.019751
2.18525e-06;0.0228643;5.02976e-10;0.000107725;5.67933e-07;7.48228e-05;3.33821e-06;0.00110878;0.000628907;2.13286e-06;0.0118205;2.46384e-05;0.963351;1.07362e-05
9.16928e-05;0.227622;0.751146;0.00112555;2.30889e-05;0.000155599;2.02979e-05;0.0028134;2.67909e-06;8.33608e-05;3.7338e-05;0.0145326;0.000278423;0.00206803
1.8812e-05;0.976702;3.71097e-10;4.41326e-05;1.07042e-06;9.75588e-07;0.000146802;0.000852128;0.000196794;4.65123e-06;0.00238459;0.000185478;0.0194402;2.21592e-05
0.000135316;0.966624;1.74466e-08;0.000943889;0.000179585;3.42619e-05;4.70098e-05;0.00114622;0.000139029;0.000139343;0.000281759;0.0017938;0.00220654;0.0263297
0.00103736;0.0466097;0.000432439;9.91673e-05;1.35435e-05;2.00115e-06;0.000225219;0.00694924;0.000265077;5.86186e-06;0.000355981;0.0307182;0.913259;2.71045e-05
0.000446427;0.336966;2.52284e-05;0.00125119;0.00423315;0.00342856;0.00275349;0.46085;0.000950683;0.0037069;0.00151579;0.00102219;0.11446;0.0683905
1.28667e-09;2.12156e-09;1;4.04777e-09;1.66938e-09;1.40685e-09;6.34635e-10;3.09211e-09;9.52546e-10;2.32459e-10;3.47058e-09;2.99195e-08;3.66976e-10;5.09436e-11
6.20412e-07;1.61003e-05;0.999135;9.16094e-07;2.42185e-07;2.85364e-08;6.24335e-08;0.000561172;4.13342e-07;7.24435e-09;2.15923e-07;0.000280009;2.2044e-07;5.19558e-06
2.83822e-08;2.92634e-05;1.11842e-06;6.3037e-08;4.78036e-06;2.16825e-05;3.30958e-10;1.19266e-06;2.11185e-09;4.57649e-09;3.21073e-08;1.53283e-05;2.6531e-08;0.999926
5.46684e-05;0.0677654;8.84873e-08;1.97928e-06;0.00012938;0.000134175;4.38348e-08;0.433059;2.58265e-06;4.00139e-08;1.58373e-05;0.000300193;0.498534;2.18603e-06
7.365e-08;0.99735;8.77659e-08;8.08803e-08;1.2957e-09;6.68515e-08;7.10963e-08;5.76184e-07;9.55682e-10;1.35662e-08;1.33387e-08;3.94229e-05;0.00260982;1.47099e-07
6.58013e-07;0.0140125;6.58747e-05;8.65054e-06;4.82594e-06;2.33755e-07;9.57388e-07;0.00731976;1.61473e-07;6.54907e-08;2.73467e-05;0.978493;6.17722e-05;3.90552e-06
2.2683e-06;0.929728;4.64145e-07;0.00679998;0.00993591;0.00321244;1.69139e-06;0.0141055;1.23648e-05;1.37167e-05;0.00045067;0.00117453;0.0162477;0.0183148
7.23539e-05;0.00513269;5.46104e-06;0.000379754;2.76659e-06;5.90277e-05;7.39202e-05;0.000585572;0.00103956;2.19338e-05;0.0392987;0.00847574;0.944818;3.39076e-05
2.6149e-05;0.00245754;2.28235e-09;2.30589e-06;0.000283007;2.33873e-06;1.95002e-08;0.995476;2.10818e-05;1.21339e-07;0.000296448;0.000338632;0.000984406;0.000111658
1.44381e-05;0.995371;1.05363e-08;8.98341e-08;1.39338e-06;5.27002e-08;0.00178575;7.97449e-06;2.36788e-07;0.00045686;8.6434e-08;1.34093e-06;4.85718e-06;0.00235605
6.22322e-08;2.7949e-09;0.999969;8.67082e-09;1.65719e-07;1.4204e-10;1.64222e-07;3.28337e-08;7.0346e-07;1.05344e-08;1.44001e-07;3.00792e-05;2.20505e-13;3.89995e-10
5.82554e-05;0.986734;1.24997e-09;9.84438e-06;5.15305e-07;3.19265e-08;3.36516e-05;0.000539404;0.0118184;6.35647e-07;8.84145e-05;1.58432e-07;0.000714157;2.79309e-06
1.37835e-06;0.00478737;1.24243e-06;8.12677e-08;8.48076e-08;1.28452e-09;8.67112e-10;1.83974e-05;8.53009e-07;1.73144e-10;3.45212e-07;0.99511;8.00067e-05;2.01516e-08
7.65485e-06;0.965013;1.31703e-05;3.5339e-07;0.0025209;5.06372e-06;4.60768e-09;0.0253322;1.17576e-07;7.20797e-07;1.04454e-09;2.77428e-05;0.00111215;0.00596732
3.34668e-08;3.57309e-07;3.8303e-10;4.83663e-08;3.12084e-09;3.40658e-06;1.15361e-07;1.44321e-08;3.83166e-06;1.34203e-07;4.67197e-07;1.4543e-08;0.999991;2.7439e-07
4.46101e-08;4.16963e-07;0.999999;6.79129e-08;3.79607e-09;2.6308e-09;6.79519e-10;1.85324e-08;1.90009e-09;1.2692e-08;3.6797e-10;4.33377e-07;1.04546e-10;6.68071e-08
4.65181e-06;0.994224;4.30814e-06;2.46415e-05;9.97833e-06;1.06101e-05;1.52198e-05;0.00440592;0.000308851;1.42519e-06;0.000129398;8.44075e-06;0.000817209;3.52164e-05
