3.01411e-11;2.39342e-11;1;3.59857e-11;2.13017e-11;2.27237e-11;3.01888e-11;1.3737e-10;8.89896e-12;8.92208e-12;1.88084e-11;2.22578e-09;1.00769e-11;3.84899e-13
6.20909e-09;1.01079e-07;0.999384;1.71413e-08;6.27134e-09;5.12727e-09;1.7802e-09;1.696e-06;5.55494e-09;1.4377e-09;6.30121e-09;0.000613871;8.21701e-09;4.61571e-07
2.53263e-07;0.000243396;1.69671e-06;1.36592e-07;0.00116863;0.00130669;7.3634e-09;1.24957e-05;7.08205e-08;6.29423e-08;2.23264e-06;3.59129e-05;1.18369e-05;0.997217
1.15304e-07;0.98094;1.66179e-07;4.34138e-09;1.4305e-07;7.50076e-07;1.44262e-06;1.50717e-06;1.49349e-11;7.45509e-07;2.01829e-10;7.71991e-07;9.38638e-06;0.0190452
1.81886e-12;2.3395e-12;1;3.44722e-13;5.9368e-10;1.44884e-11;2.37512e-12;3.18925e-10;5.94895e-15;1.20156e-13;4.46398e-14;1.29537e-09;6.55555e-14;7.54268e-12
6.8955e-06;0.171981;5.92345e-05;1.43864e-05;1.83639e-05;0.000226186;0.000218271;0.148905;7.15741e-06;2.46306e-07;3.74231e-05;6.75145e-06;0.678517;2.28693e-06
5.36655e-07;0.0409325;1.68168e-08;6.06064e-08;5.32899e-07;4.39085e-07;2.16078e-08;0.94934;8.35737e-09;1.0056e-07;2.10809e-08;4.44969e-08;0.00972335;2.76456e-06
1.00137e-08;0.000261693;6.33729e-07;1.71829e-06;4.77682e-07;7.974e-07;2.82633e-08;6.41893e-06;2.76233e-08;2.04241e-07;4.76041e-07;0.999684;7.74041e-06;3.58191e-05
6.93462e-06;0.916402;7.38017e-06;6.61184e-06;9.83306e-05;5.18468e-07;9.73495e-07;0.0717445;2.48391e-07;2.56652e-06;1.33911e-06;0.000649938;0.0110604;1.79535e-05
0.000800493;0.019538;0.00638985;2.26287e-05;0.071861;5.44299e-06;5.46739e-06;0.0256836;5.19149e-05;8.65815e-06;1.75905e-05;0.856966;0.00148427;0.0171646
0.00399912;0.148912;7.00581e-06;0.000130704;0.00821953;0.000114397;0.000248617;0.722551;0.0926634;7.14319e-05;0.00511432;0.00239606;0.015528;4.51482e-05
0.00284642;0.00883214;1.55845e-05;3.2457e-06;0.120663;0.00138227;3.13733e-06;0.850426;0.000308418;1.37864e-05;1.42632e-06;0.000197304;0.01054;0.00476804
0.000268428;0.0271963;6.21143e-06;6.29254e-06;0.00136519;6.74257e-06;7.83192e-08;0.528045;0.000105062;8.63778e-07;3.36013e-06;0.36055;0.0824423;3.98648e-06
2.98947e-07;0.999826;2.70025e-12;9.33409e-09;9.95348e-09;1.64756e-09;7.24229e-05;7.85026e-05;9.24721e-08;2.28639e-06;5.93282e-09;6.28208e-10;7.7717e-06;1.31082e-05
2.21399e-09;3.23345e-10;0.999876;2.58293e-09;1.50318e-07;2.3475e-08;8.08151e-10;1.45095e-08;2.54908e-10;6.19542e-10;1.42135e-10;0.000123821;6.70449e-12;1.5589e-11
3.5491e-05;0.974009;1.23775e-07;0.000924073;2.81196e-05;0.000149401;0.00290933;0.00265803;0.00868296;2.84666e-05;0.00134807;1.60839e-05;0.00887053;0.000340215
0.000401477;0.934431;0.0345809;0.00119643;2.23351e-05;1.28361e-05;4.01544e-06;0.00156437;2.09574e-05;8.91307e-06;0.000161245;0.0252007;0.00236525;2.91116e-05
0.000259474;0.142203;3.34351e-05;2.98893e-05;4.89225e-05;1.36492e-06;1.84035e-05;0.0192234;0.000510338;5.27418e-07;0.0032848;0.806199;0.028184;3.48783e-06
7.81583e-05;0.483498;2.46573e-06;9.60918e-05;0.000996094;0.00377785;3.6276e-05;0.0530172;0.000102982;2.45514e-05;0.00020766;0.0507233;0.322547;0.0848928
9.52271e-06;0.000769702;4.65246e-09;1.17069e-06;6.45557e-07;1.27725e-06;5.39844e-07;0.00226878;3.03057e-05;1.64068e-07;0.000246797;2.14253e-05;0.996646;3.79268e-06
1.37619e-05;0.0438066;1.56617e-06;1.18262e-05;3.00551e-07;7.08984e-07;1.03663e-07;2.09187e-05;2.11584e-05;1.7938e-06;1.65924e-05;0.955531;0.000514212;5.9619e-05
3.88529e-06;0.992748;2.2777e-08;2.75421e-05;7.01087e-06;1.46084e-06;2.00113e-06;0.000337278;5.50172e-06;1.22489e-05;4.67445e-06;0.00681544;1.64165e-05;1.8279e-05
2.075e-05;0.272828;1.24356e-06;6.77202e-05;8.30936e-07;1.28239e-07;1.40244e-05;0.00282135;2.46444e-05;9.0422e-06;0.000781156;0.00131972;0.722112;3.93439e-08
7.75876e-05;0.0189396;0.872593;0.00041496;9.60455e-05;3.08687e-06;2.32527e-06;0.000618569;2.43393e-07;3.38308e-05;3.92851e-05;0.106019;0.000135258;0.00102664
1.20519e-06;0.00834749;8.57814e-08;4.29448e-06;1.56362e-08;7.36675e-07;0.980043;5.12786e-07;3.75432e-06;0.0109698;8.74131e-05;6.22109e-10;1.84075e-05;0.000523838
9.29699e-13;1.84418e-14;1;2.56417e-12;4.60455e-13;2.63191e-13;8.21904e-11;1.36736e-12;2.11269e-12;1.39765e-11;2.13529e-11;7.72073e-12;7.88025e-18;1.24086e-15
