3.42693e-06;1.1821e-05;6.19325e-11;1.61698e-08;1.45039e-07;1.74076e-08;3.63899e-08;0.999741;0.000103185;6.63197e-09;1.80191e-06;9.64544e-08;0.000138058;9.34366e-08
3.22253e-05;0.000827337;1.03931e-05;5.80328e-06;1.93178e-06;5.34968e-07;7.27266e-06;4.69579e-05;0.000201937;6.26808e-07;4.39437e-06;0.998793;1.19043e-05;5.59949e-05
3.50898e-05;0.950742;5.62176e-06;3.80388e-06;8.76059e-07;8.70772e-08;8.2715e-06;0.00763064;2.08441e-05;3.93221e-08;3.49772e-05;0.00231571;0.0392017;3.07913e-07
2.89488e-06;0.223054;0.00020687;0.000232445;0.107995;0.000217667;1.20484e-08;0.257295;3.66255e-07;5.84117e-06;2.48349e-07;0.112393;0.00192289;0.296674
8.83752e-05;0.764932;1.89063e-05;0.00415246;2.94905e-05;0.00145848;0.000197808;0.00208415;0.00492911;0.000163385;0.0714203;0.0595531;0.0896948;0.00127742
5.49427e-05;0.998041;2.37871e-05;6.26978e-06;1.95834e-08;3.94688e-08;3.00543e-06;0.000622468;2.70405e-06;9.3326e-08;0.000104477;0.000111886;0.00102951;1.06628e-07
2.74489e-06;0.941976;1.95289e-08;8.63271e-05;0.00299822;7.13664e-06;7.07565e-08;0.0469172;7.87925e-07;3.92324e-05;6.59775e-07;0.000880928;2.51261e-05;0.00706585
1.54391e-05;0.00370834;0.00995916;0.000348197;0.000175736;0.00153344;2.07401e-07;5.66712e-06;4.84013e-07;2.10447e-05;8.95879e-06;0.981113;0.000133261;0.00297657
0.000206742;0.00402247;1.73801e-08;8.36911e-07;7.76084e-06;4.31174e-07;9.94357e-07;0.97686;8.5102e-05;3.0226e-08;0.000572222;0.000907657;0.0173361;3.289e-08
6.25354e-05;0.12358;8.69438e-07;1.9345e-05;0.00162167;0.000789341;0.00154777;0.854278;3.59245e-05;0.00147143;1.01789e-05;1.08734e-06;0.0135372;0.00304504
1.80102e-10;1.03064e-10;1;2.32178e-10;3.66412e-11;1.02755e-11;5.44601e-10;4.536e-10;2.63297e-11;4.70305e-11;1.23754e-10;2.57857e-08;1.99459e-12;4.71455e-13
9.40407e-06;0.00270658;0.000937649;8.35708e-05;1.06705e-05;2.2739e-05;2.05237e-06;0.000243195;0.000211007;3.83473e-06;7.16724e-05;0.995301;5.23623e-05;0.000343994
0.000644447;0.92156;3.91303e-05;4.40997e-05;7.17106e-05;8.36559e-05;0.000194622;0.0282359;0.000683826;1.91118e-05;0.00257206;0.000141526;0.0455181;0.00019199
0.000162901;0.21645;7.76532e-06;1.4416e-05;0.0672252;2.65581e-05;1.7791e-06;0.332359;3.78599e-05;2.06788e-05;5.40061e-06;0.379722;0.000218105;0.00374857
0.000160656;0.524275;0.0290521;7.45043e-05;0.0858316;0.00473817;1.93984e-05;0.353;2.12024e-05;0.000190045;3.44036e-07;4.42067e-05;0.00197731;0.000615603
3.11067e-07;3.71412e-07;0.999779;6.25041e-10;1.95986e-07;4.26922e-09;5.16166e-10;0.000219131;9.37325e-09;1.20039e-10;2.22822e-10;2.38311e-07;7.07249e-07;1.72919e-10
3.30734e-06;0.0648598;0.76634;1.55099e-07;3.15394e-06;6.97125e-06;7.35581e-09;0.0197481;5.04218e-08;2.48764e-07;1.71313e-09;0.148933;4.51124e-05;6.03301e-05
1.53233e-07;0.00675384;7.65491e-07;7.71297e-07;4.4214e-05;0.0265998;4.22746e-05;9.84711e-08;9.51614e-08;0.00103284;4.50847e-08;3.35218e-08;2.97569e-05;0.965495
2.50724e-09;5.54367e-10;0.999988;1.55835e-09;2.91011e-07;2.88898e-08;3.2745e-09;2.87431e-08;9.23043e-11;7.08582e-10;2.20847e-10;1.19728e-05;4.16366e-12;2.59669e-10
6.64934e-05;0.000811286;2.78953e-06;3.97611e-07;0.00162684;5.7462e-05;7.27059e-08;0.993745;8.19847e-07;3.55609e-08;2.51927e-07;0.00110225;0.000474302;0.00211164
1.36767e-06;0.946221;3.80899e-09;5.62383e-08;8.03806e-07;1.38224e-07;0.000240426;0.0416824;9.03497e-08;3.5325e-06;1.26263e-08;2.88718e-09;0.000224852;0.0116253
6.12024e-11;1.87062e-10;1;1.31889e-11;4.26256e-10;3.43012e-13;9.35902e-12;4.36856e-08;4.81706e-13;5.07284e-12;3.02374e-12;4.77162e-08;1.96839e-13;1.04787e-12
1.09657e-05;0.000349071;1.48845e-06;5.26446e-07;0.000101614;0.000261941;5.23437e-06;0.992974;2.20305e-05;6.94583e-06;4.41854e-06;2.48796e-06;0.00583964;0.000419503
1.57244e-09;3.83333e-09;1;7.47609e-10;2.75211e-10;3.17519e-10;9.32929e-10;3.65859e-08;8.05571e-10;1.0281e-10;1.55806e-09;3.44328e-07;3.18408e-09;1.98764e-12
1.87835e-07;6.6342e-05;0.0058094;1.55103e-06;5.2512e-07;7.85803e-08;2.70332e-08;2.84954e-05;1.99781e-06;1.88502e-08;7.36304e-07;0.994042;5.48135e-07;4.82058e-05
0.000180449;0.135203;9.10244e-07;1.49476e-05;0.0130552;0.000573266;4.60639e-06;0.825663;0.000426613;2.0492e-06;0.000167541;0.000235762;0.00851725;0.0159562
2.55434e-06;0.491831;2.17086e-05;2.65784e-06;0.000298254;5.93628e-05;2.06676e-06;2.75184e-05;2.93609e-09;0.000206881;2.87498e-09;0.000103859;8.2945e-07;0.507443
1.56719e-11;2.70045e-10;1;1.75624e-14;1.76753e-12;1.71161e-14;2.56505e-13;2.6821e-10;3.91788e-14;2.42311e-15;5.42533e-15;3.65117e-12;8.23573e-15;1.31668e-15
2.01038e-05;0.365133;4.18297e-05;8.32864e-06;0.000131345;0.000758505;2.94133e-06;0.619188;0.000517288;1.39395e-06;7.08045e-06;0.000496515;0.0135769;0.000116498
