0.000102367;0.975717;0.00538446;0.000757259;8.71166e-05;5.12578e-06;6.65207e-06;0.00966852;5.54657e-06;8.18486e-06;1.07787e-05;0.00754711;0.000638176;6.18605e-05
9.29284e-06;0.951089;8.18265e-09;1.87814e-06;3.96009e-06;4.34986e-06;1.00075e-05;0.0367721;4.21641e-06;2.17886e-05;1.4994e-06;2.7561e-06;0.0120353;4.39052e-05
1.76802e-10;7.89863e-10;1;8.91851e-10;4.08622e-09;6.48599e-11;4.09448e-11;2.89388e-09;9.96959e-12;1.77659e-11;4.9058e-11;1.92409e-07;1.25173e-12;2.07719e-11
2.67248e-06;0.998083;0.000391648;9.16984e-06;2.49031e-06;1.03503e-07;4.80079e-06;0.000325012;9.21292e-07;7.78887e-08;4.2734e-06;0.000739841;0.000236026;0.000200054
2.6024e-05;0.0119686;3.61835e-05;1.69697e-05;5.39299e-05;2.84716e-06;8.21961e-06;0.134267;2.84624e-05;1.70242e-06;0.000416606;0.852551;0.000462903;0.000158657
1.91262e-07;0.999842;4.51479e-09;8.9253e-09;1.46006e-09;9.07467e-09;1.02849e-05;8.28749e-05;5.7585e-09;2.39067e-07;8.71267e-09;4.59139e-08;8.08821e-06;5.57314e-05
2.10194e-11;5.06043e-12;0.999999;1.19134e-10;4.85503e-09;2.11376e-09;4.81647e-11;4.51545e-08;3.26498e-12;1.38527e-11;8.26268e-11;1.09094e-06;2.12911e-13;1.14855e-09
3.30068e-06;0.000872687;1.52679e-05;1.30579e-05;0.00199917;6.13754e-05;1.74126e-07;0.982729;7.43537e-06;1.01287e-07;0.000149325;0.013921;7.85996e-05;0.0001498
3.15093e-07;0.927101;1.08457e-09;2.50842e-07;8.59145e-08;2.18623e-08;7.6902e-05;3.82319e-06;1.01933e-07;5.73445e-06;4.75924e-06;1.31634e-06;0.000251704;0.0725535
2.41493e-05;0.00226114;3.48525e-05;1.70953e-05;1.12994e-06;3.90497e-06;0.0491662;3.20848e-05;0.00391755;4.6479e-07;0.940597;7.2934e-06;0.00393641;3.08265e-07
1.56155e-05;0.0393045;6.88288e-08;9.18472e-08;2.88608e-05;1.02312e-06;4.8234e-08;0.957627;5.96621e-07;1.51273e-07;2.48843e-06;5.14425e-05;0.0029213;4.65907e-05
3.08609e-08;0.000913237;2.02288e-06;2.54682e-07;2.2453e-05;4.98671e-06;1.43646e-09;2.93138e-05;5.17069e-08;4.77112e-08;4.7488e-07;0.991552;7.27122e-06;0.00746802
1.16323e-07;0.993089;1.18603e-08;5.91099e-09;4.21071e-09;8.77696e-08;4.44589e-08;5.96499e-07;7.92609e-10;1.22429e-08;4.22064e-09;6.68604e-06;0.00690326;5.81464e-07
6.38629e-06;0.000447287;1.74567e-06;7.63473e-08;0.000266576;3.41423e-06;7.20021e-09;0.000445087;3.38268e-07;2.61382e-08;2.12871e-08;0.998359;0.000124575;0.000345659
0.000536658;0.0181328;3.33429e-07;6.588e-05;0.0126933;0.00175359;7.18565e-05;0.951253;0.00244799;0.000249571;5.0588e-06;2.81438e-08;0.0113178;0.00147189
7.29812e-09;3.01141e-10;1;7.90373e-11;3.68786e-11;3.38906e-12;4.68505e-11;1.19271e-08;6.23972e-10;7.34306e-12;3.16001e-11;1.11885e-08;3.1346e-11;8.08319e-14
1.45153e-05;0.000853108;0.000276506;1.16382e-06;7.11128e-06;1.06735e-06;1.84649e-08;0.000408492;6.52104e-05;1.70232e-07;4.54611e-07;0.997981;3.30686e-06;0.000387417
5.10794e-05;0.0214988;2.75971e-08;3.59648e-08;0.00197527;1.95931e-05;1.31324e-07;0.967815;7.63904e-07;1.58016e-07;6.44739e-08;5.85602e-06;0.00136833;0.00726511
0.000465136;0.954582;1.60118e-06;5.93319e-07;0.000292146;4.15701e-05;0.000360438;0.0252812;7.53711e-06;0.000149585;7.64373e-08;0.00159385;0.0168971;0.00032696
1.13027e-08;4.83595e-09;0.999977;5.07145e-10;1.83083e-08;1.52689e-08;2.83652e-09;1.44555e-06;1.91142e-09;7.28223e-10;1.17789e-11;2.14095e-05;1.09565e-11;2.0332e-10
1.82477e-05;0.00504697;2.22488e-07;9.30694e-06;2.6435e-05;2.89618e-06;2.48231e-05;0.993557;0.00100578;2.00914e-06;2.81911e-05;0.000124498;0.000153833;1.39041e-07
6.26699e-07;0.000132737;0.999712;6.7101e-06;7.56052e-07;1.65789e-06;3.8485e-06;1.44644e-06;4.06882e-08;4.63981e-07;5.66231e-07;4.60073e-05;9.21264e-05;8.58746e-07
6.13483e-06;0.516251;1.35978e-08;9.65418e-09;4.13617e-06;2.63392e-08;3.97987e-08;0.483261;1.58124e-08;2.53896e-08;2.08014e-09;2.83151e-05;0.000445942;3.35084e-06
1.22383e-05;0.00829357;1.7386e-06;5.3154e-05;0.000153226;0.00643843;2.4613e-05;9.66697e-05;0.000111532;0.000123903;6.6086e-05;0.00145624;0.837626;0.145543
1.38935e-05;0.017138;0.979926;5.93763e-05;2.60628e-06;5.23109e-06;0.000226855;8.15916e-07;1.34302e-06;0.00143455;2.8397e-07;0.00113994;1.65672e-05;3.50144e-05
4.0926e-08;2.48595e-09;0.999999;3.52781e-09;6.06776e-08;1.29864e-09;2.64507e-07;2.6769e-07;4.60104e-07;3.73791e-09;1.05037e-07;9.44732e-08;8.88107e-12;9.3695e-11
1.90386e-06;0.00103772;2.27549e-08;2.99715e-08;6.20079e-05;3.58574e-06;2.00535e-07;0.998606;2.64117e-05;5.65604e-07;4.19404e-07;4.23837e-06;0.00025163;4.99744e-06
1.21062e-07;1.00525e-08;0.999925;6.78684e-09;4.35047e-08;3.80035e-10;5.43983e-09;7.44976e-05;2.62928e-07;1.0582e-09;4.27938e-08;1.97109e-07;2.77871e-09;6.14423e-11
9.64582e-07;4.20777e-05;0.000141462;1.65248e-07;3.00767e-06;2.86018e-08;4.28371e-07;0.000448742;1.38525e-06;2.80332e-07;1.43737e-08;0.00051608;1.93922e-06;0.998843
5.35759e-06;1.6299e-05;6.87848e-11;4.58256e-08;0.00896261;3.96775e-06;2.45229e-07;0.988644;0.00235916;1.38112e-08;3.38954e-06;5.17727e-07;3.28132e-06;1.42675e-06
2.94771e-07;9.1307e-06;0.999837;1.6403e-07;0.000107876;1.15185e-06;1.21276e-09;7.96778e-08;4.37078e-10;6.45937e-08;1.04224e-09;4.19819e-05;9.02817e-08;2.31505e-06
1.03854e-05;0.83424;3.63088e-07;2.97292e-09;6.84701e-08;7.71808e-08;6.00368e-07;2.35459e-05;2.855e-07;2.19646e-09;4.06683e-08;2.68719e-05;0.165698;3.35726e-08
1.82977e-07;0.000652267;0.000177988;4.06897e-07;0.000212518;2.41004e-05;3.6429e-09;0.000113256;3.72726e-08;1.2403e-07;5.43172e-08;0.994449;3.01631e-05;0.00434017
3.65632e-05;0.213227;0.000310376;0.000101649;0.00167789;3.11374e-05;3.05402e-06;0.779303;5.98321e-05;2.20239e-06;8.96435e-06;0.000125736;0.00411144;0.00100069
5.80258e-06;0.972674;5.97118e-08;0.00014816;3.87752e-06;2.83879e-05;1.76389e-07;0.000272012;3.36194e-05;4.3521e-06;4.17213e-06;0.0221823;0.000239443;0.00440374
5.11545e-05;0.979429;2.88723e-06;2.84947e-05;5.20707e-08;1.4104e-07;3.11932e-06;0.000113772;6.84386e-05;5.8239e-07;0.000210613;0.020047;4.45365e-05;5.86318e-07
7.68122e-08;0.999981;1.08672e-10;2.03675e-07;1.14703e-08;2.0299e-10;3.27716e-07;1.19254e-06;2.89743e-09;1.35064e-06;2.53016e-09;8.23408e-08;3.80307e-10;1.54008e-05
1.34063e-06;0.000237083;0.999701;2.46306e-07;9.2679e-09;1.57858e-06;9.49904e-06;1.94885e-05;4.62339e-07;3.20478e-07;2.03087e-06;1.82124e-07;2.65557e-05;4.02035e-08
4.59933e-09;1.8308e-09;0.999999;5.13982e-10;1.62498e-10;1.42284e-11;4.77434e-11;1.3707e-06;2.02039e-09;7.29845e-11;9.2988e-10;6.27119e-09;4.02125e-09;9.90157e-13
1.27145e-07;8.14959e-06;0.000512033;5.03027e-08;1.11025e-06;5.5662e-09;3.52901e-08;6.70662e-06;2.95681e-07;1.89021e-07;2.73872e-09;0.000411067;4.45604e-08;0.99906
2.86919e-07;9.70433e-06;1.14699e-11;3.70391e-09;0.000256108;8.29735e-07;4.7128e-08;0.999698;3.39843e-05;5.0773e-09;4.73506e-08;1.4557e-08;1.31557e-06;8.00963e-08
7.29424e-08;5.24834e-06;0.999689;6.65951e-08;2.5839e-05;3.13413e-07;4.16995e-11;3.87555e-08;1.03401e-10;2.40045e-09;3.50699e-10;0.000277121;1.36128e-07;1.72828e-06
2.37574e-07;0.999652;1.20454e-08;7.40125e-08;7.36354e-07;2.3133e-08;4.77967e-06;0.000265952;6.29211e-06;5.92145e-09;9.92762e-07;1.56247e-05;5.30345e-05;1.10298e-07
1.11735e-08;2.6694e-05;0.999963;1.24449e-07;7.67935e-08;4.5358e-08;3.92277e-08;3.8686e-08;1.14394e-09;8.05968e-09;2.04549e-09;4.15389e-06;3.65736e-06;1.62457e-06
1.04447e-08;0.99858;4.4957e-10;2.37828e-10;1.16844e-08;2.72411e-10;3.81495e-09;0.00140729;8.97618e-11;3.14435e-10;8.09612e-12;7.78047e-07;1.13301e-05;4.07434e-07
2.23436e-07;0.00205366;2.85729e-08;1.35702e-06;3.50967e-06;0.000476206;7.39882e-07;0.000212239;1.86511e-06;2.42644e-06;1.34243e-06;3.25231e-05;0.995498;0.00171614
3.99277e-07;7.00844e-05;0.996346;1.25139e-05;1.31167e-06;1.30605e-06;2.24514e-05;3.52749e-07;4.99925e-08;0.000218308;2.0678e-07;0.00332276;2.05059e-06;2.32554e-06
1.27998e-06;6.98337e-07;0.999831;3.16386e-07;8.08397e-07;1.55051e-07;0.000128968;5.3283e-07;3.60017e-06;3.98588e-07;3.19152e-05;1.70186e-07;3.76694e-09;3.72308e-09
7.92146e-08;0.999869;1.71806e-07;1.77691e-08;1.78641e-08;1.46085e-09;1.96399e-08;2.27758e-05;3.30698e-09;1.65136e-09;1.17311e-09;4.14303e-06;0.000103468;1.4962e-08
1.36591e-05;0.758523;4.08651e-07;1.19614e-05;0.000523305;0.000204847;1.09113e-06;0.161563;2.41691e-06;2.35559e-06;8.10794e-07;0.0177846;0.0540544;0.00731373
0.000115063;0.326009;7.85529e-07;3.50212e-05;0.000641036;0.000566889;8.8998e-05;0.628402;1.07608e-05;0.000152117;6.17664e-05;2.50833e-05;0.013851;0.0300409
2.10309e-09;1.33989e-09;1;1.50827e-09;1.75853e-10;1.53987e-10;2.38218e-09;7.2094e-10;1.89538e-10;1.27151e-10;3.19501e-09;8.62772e-08;3.1858e-10;2.72578e-11
5.32796e-06;0.00137564;0.99631;1.65466e-06;6.41903e-08;1.68088e-07;2.72606e-05;0.00134858;7.99568e-07;6.31513e-07;2.25713e-06;0.000916222;2.77387e-06;8.42655e-06
6.40472e-07;0.00554663;0.000235049;1.32803e-05;0.00435374;0.0210224;1.61342e-08;0.000119554;5.72477e-07;5.1995e-07;1.08055e-05;0.00676502;0.00213062;0.959801
4.48802e-06;0.997635;1.10566e-08;1.1255e-07;8.51373e-09;1.29645e-08;1.68113e-05;6.71112e-05;1.35008e-08;5.65123e-07;6.50382e-08;1.46847e-05;0.0022003;6.12137e-05
5.67881e-11;4.30755e-10;1;1.36282e-11;9.79659e-10;1.11161e-10;4.32026e-12;1.33968e-08;1.90527e-13;1.77183e-11;8.25755e-14;2.26115e-07;2.08494e-11;1.61431e-11
8.86638e-06;0.0541315;5.15296e-06;0.00017837;1.3938e-05;0.00270642;0.000129572;0.0906174;0.00167583;3.72997e-05;0.000302787;0.000240533;0.849834;0.000117884
2.77177e-05;0.954758;0.00810289;0.00537337;0.000168401;0.000471726;0.025217;0.000551405;1.14544e-05;0.00420049;4.05226e-05;0.000655361;0.000206127;0.000215155
1.06797e-07;6.36555e-07;0.999963;6.60558e-07;1.22293e-08;5.91076e-09;2.54744e-05;1.34256e-06;1.81358e-07;7.97834e-08;1.42334e-06;6.61372e-06;6.65031e-09;2.49403e-10
1.15489e-05;0.325402;1.32646e-07;1.44987e-05;1.13141e-05;2.88195e-06;8.62207e-06;0.000396236;1.7778e-06;5.5559e-07;3.08523e-05;0.670301;0.0036946;0.000123195
3.30261e-05;0.0919208;7.53095e-07;2.46716e-06;0.0118331;8.85011e-05;4.03967e-07;0.357698;3.06731e-07;1.62137e-06;2.08509e-07;0.00402105;0.501427;0.0329733
1.44008e-05;0.00874501;5.67424e-06;0.000127618;2.21024e-05;0.00290836;0.00024931;0.000154817;0.000267261;0.000107708;0.000247516;0.000785908;0.986247;0.000117409
1.91666e-06;0.000205876;0.999343;1.96435e-05;1.31586e-06;7.30105e-06;0.000151285;3.24126e-08;1.74921e-07;3.70782e-05;3.03745e-06;0.000224674;8.08179e-07;3.834e-06
3.28421e-07;4.06069e-07;0.999833;3.99564e-07;9.67716e-08;1.18856e-07;7.67992e-05;1.61886e-07;6.79961e-06;4.71691e-07;8.09575e-05;2.687e-07;1.35202e-08;4.08568e-09
3.30877e-07;0.00133946;0.997768;2.21782e-07;3.97025e-07;1.08233e-07;9.41787e-07;7.13065e-06;8.45495e-08;4.14195e-08;7.7863e-07;1.87227e-06;0.00088045;2.07743e-07
4.71281e-06;0.861907;5.41336e-06;1.1303e-06;0.000334987;3.54115e-06;6.67045e-07;0.0921248;3.98213e-07;2.17821e-07;3.2413e-06;0.0092269;0.0351521;0.00123483
2.72538e-05;0.877047;1.27462e-06;3.53806e-05;6.12899e-05;1.04928e-05;9.61659e-05;0.0168686;2.16664e-05;2.84858e-05;7.16896e-05;0.06876;0.0130453;0.0239254
0.00141683;0.553026;0.000338244;0.00105425;0.000219979;0.0001284;0.0012474;0.219024;0.00213341;4.61053e-05;0.0111533;0.0294899;0.180395;0.000327513
3.26359e-06;0.99394;1.0759e-09;0.000128098;6.45021e-06;2.44322e-06;2.54388e-07;0.000554467;1.51912e-05;7.80095e-06;5.10877e-06;0.00510665;5.67861e-05;0.000173354
4.38947e-05;0.988781;9.98827e-05;4.32366e-06;5.46974e-07;7.56801e-09;3.79244e-06;0.00689706;1.15638e-06;5.92651e-08;1.13241e-05;0.00330376;0.000852578;5.83571e-07
1.43939e-07;0.0088196;2.0277e-08;3.40979e-05;6.18618e-05;2.54102e-05;9.81057e-09;2.35876e-05;2.1663e-08;1.50082e-06;9.40672e-09;0.00013714;2.32852e-06;0.990894
0.00023546;0.000826931;3.97972e-10;2.76983e-06;6.84212e-08;2.37309e-07;9.87557e-06;0.00170549;0.00229947;2.33791e-08;0.00240181;1.83628e-05;0.992499;1.27762e-07
4.23827e-05;0.0137291;3.48561e-09;1.11132e-05;7.83887e-06;2.6287e-07;5.53686e-08;0.00102874;0.000273464;7.77417e-07;4.86565e-05;0.982254;0.00241617;0.000187054
4.29303e-06;0.981781;4.71569e-05;1.75312e-05;4.59898e-05;6.63888e-06;2.97346e-07;2.48169e-07;2.10264e-08;2.42801e-06;3.76067e-07;0.000143125;0.0179409;1.04439e-05
0.000115499;0.32851;8.96327e-08;0.000143292;4.2413e-06;1.43002e-06;0.000660156;0.00674413;0.000193713;7.47197e-06;0.00224317;0.655555;0.00190216;0.00391917
7.7369e-05;0.860658;9.8378e-07;0.000201511;0.00284282;2.68138e-05;1.39245e-05;0.110589;1.90289e-05;2.09251e-05;3.5613e-05;0.0194605;0.00428334;0.00177033
2.53517e-07;1.26199e-05;3.30753e-10;5.19837e-08;9.13838e-11;6.378e-07;6.75524e-06;8.73896e-08;1.26893e-06;3.36481e-07;6.44586e-06;2.8732e-09;0.999972;3.62378e-10
1.36252e-08;7.02032e-07;0.999996;3.34289e-08;3.36745e-09;4.38745e-10;3.55595e-10;3.72488e-09;7.45032e-11;3.89936e-09;5.94606e-11;2.62851e-06;2.39456e-10;7.55662e-08
9.57412e-06;0.982314;3.67397e-06;6.57948e-05;0.000111961;4.93199e-05;0.000128281;0.0142943;0.0010226;4.13332e-06;0.000922169;1.43555e-05;0.000724969;0.00033503
