1.72961e-05;0.997168;0.00182131;9.20251e-05;4.46406e-06;4.55985e-07;2.77864e-06;0.000470233;3.50871e-07;2.00014e-06;7.43144e-07;0.000243627;0.000146282;3.01188e-05
1.03149e-05;0.67107;7.10412e-09;6.74852e-06;4.23717e-05;3.78837e-06;1.26601e-08;0.326008;5.76015e-06;1.76124e-07;1.6246e-05;0.000596254;0.00134618;0.000894534
9.38022e-05;0.0644811;6.42867e-06;9.92027e-06;1.74218e-05;0.000114041;0.0626557;1.22971e-05;5.83168e-06;0.0285473;2.33393e-05;8.68062e-05;3.58857e-05;0.84391
2.61142e-08;9.24836e-10;0.999999;4.30065e-09;3.66866e-08;5.18781e-08;2.44503e-07;5.47276e-09;1.03347e-07;8.0577e-09;4.29672e-08;5.97085e-07;8.0239e-13;1.07956e-09
1.84838e-06;0.998212;1.99753e-08;1.318e-08;4.44246e-09;2.83619e-08;9.54417e-07;2.53878e-06;5.16154e-07;6.99617e-09;3.99705e-07;1.12379e-05;0.00177069;1.14025e-07
2.2738e-06;0.0114038;3.77793e-05;4.65632e-06;0.00181715;0.000133873;1.01333e-07;0.0381989;2.74432e-06;3.27525e-07;4.03877e-06;0.9402;3.46443e-05;0.00815948
9.25043e-08;0.99982;4.21011e-08;1.37357e-07;6.9693e-08;9.46145e-08;4.37241e-05;2.3287e-05;1.31844e-08;2.08707e-06;4.88298e-08;1.21474e-09;2.17786e-05;8.83999e-05
1.5272e-11;5.8722e-10;0.999998;2.49618e-10;9.49622e-11;2.29488e-12;8.17727e-11;3.32649e-11;2.46515e-12;2.96226e-11;2.77187e-11;2.4067e-06;4.44948e-14;1.46018e-10
3.74213e-05;0.98135;1.5573e-05;0.000111085;6.81348e-06;5.20572e-06;0.00377262;0.00340945;0.000142035;1.17678e-06;0.00292343;0.000530532;0.00767796;1.69928e-05
3.13787e-05;0.305122;4.90969e-05;1.08793e-05;7.62929e-06;7.50088e-06;1.74111e-05;0.000570278;3.6125e-07;4.92497e-06;6.62526e-06;0.678072;0.0152787;0.000821323
1.2519e-05;0.145022;3.05831e-05;7.02663e-05;9.4565e-06;0.000136334;2.09342e-05;0.00260584;2.5254e-05;1.93958e-06;4.50691e-05;0.382225;0.469724;7.05775e-05
6.98669e-06;0.345679;1.05359e-06;4.48737e-05;0.000260281;0.00337241;7.73278e-06;0.00811071;4.24203e-07;1.44933e-05;7.79626e-06;0.00236346;0.626782;0.0133493
0.00331329;0.10804;0.00511872;0.00343453;0.000218429;0.00424839;0.00298249;0.000869996;0.000297122;0.0002314;0.0075703;0.412048;0.450444;0.00118409
2.59837e-06;0.997567;5.91135e-08;6.65228e-07;2.84363e-07;6.6559e-07;9.4398e-05;0.00111924;3.74712e-06;5.70029e-06;3.42673e-07;1.01507e-08;8.59958e-05;0.00111904
5.527e-10;1.61268e-10;1;4.45443e-10;3.17079e-10;2.26754e-10;3.30731e-10;5.8821e-10;2.25961e-10;6.00854e-11;3.60587e-10;7.08249e-08;1.12656e-11;5.17588e-12
9.75592e-05;0.385074;2.31389e-05;0.000376473;6.65667e-05;0.000963887;1.03148e-06;0.0237568;0.0137869;1.83708e-05;0.000446389;0.0374787;0.537246;0.000664596
0.000199002;0.155828;0.00596788;3.74262e-05;1.27998e-05;6.05387e-06;1.08351e-06;0.00247941;2.96907e-06;1.605e-05;6.35606e-06;0.834509;0.000827794;0.000105969
0.000239604;0.563907;4.68862e-07;3.2977e-05;3.65413e-05;4.58915e-05;0.390059;0.000465725;0.000283632;0.00303798;0.00025191;6.8085e-07;5.43187e-05;0.0415843
2.64201e-08;1.282e-08;0.999998;3.42301e-08;2.65619e-07;1.04387e-07;3.25672e-08;3.16881e-07;1.02993e-08;5.15681e-09;1.41591e-08;1.78745e-06;1.53592e-09;1.27306e-08
8.48017e-07;0.0123349;1.43057e-09;1.20922e-07;3.35859e-05;8.20601e-08;3.15862e-07;0.98761;9.7797e-07;1.23296e-07;2.72547e-07;2.19958e-06;2.10905e-06;1.47181e-05
1.56051e-05;0.0389626;0.79599;0.00035665;0.121067;0.00155121;5.16457e-08;0.0140427;5.42291e-08;5.75014e-06;6.6237e-07;0.0163076;0.000379286;0.011321
1.71927e-05;0.944656;5.61698e-05;2.12687e-06;1.97058e-06;1.27022e-06;0.000100597;0.00292841;3.61206e-05;6.68262e-07;0.000104492;0.0021799;0.0499077;7.03347e-06
4.39166e-06;0.0180905;1.68312e-07;1.00841e-06;0.0162113;0.00145142;7.3019e-07;0.956798;9.19704e-07;1.24939e-06;5.7954e-07;5.65524e-05;0.00604872;0.00133433
8.04641e-05;0.000245895;9.35321e-09;3.53611e-07;2.02148e-05;2.08485e-06;3.07897e-07;0.914205;4.7714e-05;1.46783e-07;3.38292e-05;0.000444868;0.0849178;1.32071e-06
0.0002963;0.00768616;2.58753e-06;1.67036e-05;6.82128e-07;3.9599e-07;2.05711e-06;0.000531627;0.00234642;2.26914e-06;0.00038816;0.988184;0.000537905;4.33878e-06
7.60292e-05;0.978783;3.60537e-05;9.73368e-06;1.98348e-05;2.91586e-08;1.24623e-06;0.0183778;3.20563e-06;1.78404e-06;1.13031e-06;0.00267264;1.64532e-05;1.5232e-06
5.87433e-06;0.991976;1.18324e-09;9.54932e-07;8.17515e-07;7.70418e-07;0.00472682;0.000433092;4.54739e-06;0.000576911;3.7166e-06;1.70358e-07;6.42482e-05;0.00220618
8.83875e-11;2.83781e-10;0.999999;2.23498e-09;2.9059e-08;3.14151e-09;9.37454e-10;4.17945e-09;2.86124e-11;1.61335e-10;5.2404e-10;8.70235e-07;7.02381e-14;6.49718e-10
0.00010306;0.779422;6.42292e-07;0.000498614;0.00879396;0.000476798;3.98311e-05;0.20412;0.000645128;5.39482e-05;0.00126191;0.000834854;0.00243314;0.00131633
0.000258634;0.0561227;6.99921e-06;1.40668e-05;0.000827325;0.000309526;1.09918e-05;0.770156;0.000302149;3.4713e-06;0.00019733;0.146064;0.0226048;0.00312183
0.000753961;0.00338783;2.59673e-08;3.44716e-06;3.04661e-05;2.56383e-05;2.14548e-06;0.887415;0.000545069;2.89911e-07;0.0006537;0.000308782;0.106848;2.55891e-05
0.000196381;0.000437288;5.63705e-06;2.54108e-06;6.92916e-07;2.17764e-06;1.48085e-07;0.000513101;0.000223774;4.70833e-07;1.56118e-05;0.986933;0.0116395;2.94307e-05
0.00016003;0.514393;9.18285e-07;2.47763e-05;0.00046826;5.49013e-05;3.66496e-06;0.31472;0.00115807;1.55596e-06;2.86718e-05;0.00772652;0.161232;2.83493e-05
4.14063e-05;0.00472837;0.000185639;0.000507915;0.00263839;0.000402974;8.39983e-07;0.00404107;9.27328e-06;0.000297789;0.00011216;0.984188;0.000605871;0.00224013
1.52279e-06;0.0474828;2.43844e-08;2.77789e-06;9.40955e-09;4.49871e-08;0.947529;1.10923e-07;4.45914e-06;0.00173411;0.00324182;5.91225e-09;1.97301e-06;1.2583e-06
1.33089e-08;6.70854e-09;0.999977;7.61077e-08;5.58749e-10;3.24163e-10;1.59282e-06;7.55288e-09;4.8481e-07;6.71418e-08;2.02093e-05;9.47465e-07;2.07515e-11;5.8842e-11
4.08864e-05;0.991737;1.74728e-07;2.49803e-05;1.17567e-06;1.26771e-07;1.42243e-05;0.00118333;0.000105672;1.56444e-06;0.000372663;6.76363e-06;0.00651078;3.67674e-07
1.7263e-06;0.998944;1.21807e-08;1.10471e-07;1.55984e-08;7.00513e-08;9.90385e-06;4.74424e-05;7.19432e-08;2.35311e-05;4.15245e-08;1.40796e-07;0.000943259;3.01565e-05
1.37465e-10;3.03535e-09;1;2.1645e-10;1.64586e-08;5.25658e-10;2.33922e-10;1.63525e-09;1.32106e-12;1.75822e-10;5.55398e-12;4.61296e-07;1.01917e-11;7.53549e-11
1.62524e-07;0.00707726;1.13014e-08;1.56611e-06;2.26214e-07;1.3988e-05;1.11237e-05;2.06349e-05;2.20754e-06;9.50036e-07;5.97257e-06;7.97049e-07;0.992863;2.06336e-06
6.90267e-08;5.62352e-05;0.999818;1.02615e-06;1.3684e-08;3.63006e-08;2.67085e-05;5.22095e-08;9.14539e-09;4.48343e-06;7.31465e-08;9.26031e-05;6.38945e-08;2.19704e-07
1.39856e-07;9.15622e-08;0.999984;1.23961e-07;1.2205e-08;1.15859e-08;4.55474e-06;7.76245e-09;1.54457e-06;5.34864e-09;8.86083e-06;7.71014e-07;2.273e-10;8.51562e-09
3.33147e-07;0.99564;6.53366e-09;2.0438e-07;1.00278e-07;1.82473e-08;3.95348e-07;0.00432746;3.26377e-06;2.61792e-07;2.08026e-06;2.43754e-06;2.85281e-06;2.06483e-05
3.63332e-09;8.42816e-09;0.999945;3.59837e-09;6.08077e-09;3.09532e-10;9.93183e-10;5.79166e-08;5.05785e-10;2.54079e-10;2.0404e-09;5.4669e-05;2.27203e-11;1.99655e-09
2.84097e-05;0.558922;2.44319e-09;1.4446e-05;5.38893e-05;9.96596e-06;1.17992e-06;0.00283693;1.45999e-05;5.79576e-07;1.86637e-05;8.9474e-05;0.238195;0.199814
7.72659e-06;0.37863;8.8109e-06;2.61796e-06;6.44043e-06;4.73841e-06;1.07312e-06;0.0641897;2.74847e-05;3.57251e-07;2.19731e-05;0.536623;0.0157913;0.00468502
0.00050681;0.325701;5.42951e-06;0.0058235;0.0239323;0.0300071;0.00120335;0.23575;0.0597581;0.00030025;0.0254944;0.0508;0.215278;0.0254394
0.000700683;0.269613;0.0132602;9.36462e-05;1.83263e-05;3.18244e-05;1.29621e-06;0.00034242;1.33722e-06;2.06039e-06;5.71821e-06;0.71226;0.00326502;0.000404416
1.81364e-06;0.995238;1.11109e-09;1.01569e-07;4.9539e-08;4.35224e-08;0.000616235;6.50469e-07;2.3657e-08;6.70983e-06;1.62734e-07;1.5824e-07;6.95133e-07;0.00413573
1.3589e-09;9.17044e-11;1;1.5688e-10;1.10193e-09;3.33654e-11;3.15957e-09;3.2934e-09;1.33439e-10;1.01447e-10;2.1689e-10;2.14964e-07;5.55191e-13;4.93952e-12
0.00230007;0.767805;5.51302e-06;8.4058e-05;0.00179259;0.00125799;0.000209796;0.0897335;0.00179059;5.6618e-05;0.000517698;0.00369103;0.111937;0.0188183
2.67813e-05;0.0137445;4.97369e-05;1.88719e-06;5.51107e-06;3.03523e-06;9.51842e-06;0.00976379;7.81352e-05;3.196e-07;6.95476e-05;0.972559;0.00368469;4.02455e-06
0.00028057;0.836788;4.47324e-05;0.000138421;0.00162644;0.00425572;0.000122423;0.00740156;9.54792e-05;7.51419e-05;4.82373e-05;0.0713043;0.0457984;0.0320207
0.00139297;0.499196;5.47903e-06;0.000618667;0.00045865;0.000595604;0.00448998;0.0241041;0.0847177;4.69867e-05;0.0112073;0.0895857;0.235994;0.0475867
5.31806e-06;5.74865e-05;7.95537e-10;4.21379e-09;8.13019e-07;6.91302e-09;4.41465e-09;0.999919;1.91035e-06;2.75577e-09;4.58211e-08;1.19194e-05;3.20992e-06;1.52536e-07
1.13076e-05;0.0949945;3.27593e-07;2.09076e-05;0.00045271;1.94359e-05;0.00473683;0.00169487;1.85789e-05;0.00552649;2.13666e-06;9.96098e-06;3.1382e-06;0.892509
3.01464e-09;1.22882e-09;1;2.66315e-09;2.73603e-11;2.88991e-11;2.09858e-07;6.67473e-10;2.05829e-08;2.15205e-10;2.10624e-08;2.8978e-09;6.54985e-12;2.92774e-12
0.000166278;0.642153;7.49679e-06;2.21298e-06;1.05087e-06;1.85729e-07;4.91513e-06;0.336253;0.000240258;2.67475e-06;6.45e-05;0.0122026;0.00889125;1.12578e-05
1.60666e-06;0.0111988;2.54264e-05;5.43726e-06;5.66432e-05;0.000156679;1.64626e-07;0.000275338;3.7299e-06;1.05866e-06;1.73459e-05;0.968916;0.0186905;0.000651123
2.07353e-05;0.108381;0.000449848;0.000829596;0.00249142;0.00738546;0.000150996;0.0201873;0.000341083;0.00278936;0.000662795;0.00124077;0.85393;0.00113968
9.04852e-05;0.00200739;0.984011;5.75073e-05;0.000189124;1.48895e-05;5.79656e-06;1.75665e-05;3.70812e-06;7.83133e-05;2.57778e-06;0.013316;1.13908e-05;0.000193989
0.00198612;0.529853;4.2894e-09;6.29816e-05;0.000136198;4.35247e-06;0.000768753;0.177311;0.273985;3.08526e-05;0.0129443;4.39846e-05;0.00287046;4.10224e-06
2.47946e-05;0.999262;2.834e-05;7.79676e-06;4.69599e-06;1.18949e-06;1.34732e-07;0.000376157;2.09919e-06;1.16558e-06;1.69035e-07;0.000271932;8.32557e-06;1.12173e-05
5.07889e-07;0.991044;2.6328e-09;2.53269e-08;1.86406e-09;2.22344e-07;3.58841e-07;2.60822e-07;4.29715e-09;3.44309e-08;6.60933e-09;3.0672e-05;0.0089226;9.84482e-07
1.12538e-05;0.000471878;5.58741e-06;7.36758e-06;0.000389729;8.45272e-05;4.27419e-07;0.000730909;2.79319e-06;6.27949e-07;1.89935e-06;0.99695;0.000184694;0.00115791
4.82913e-05;0.91906;3.63945e-08;0.00016445;0.000136121;0.000157297;2.75452e-06;0.0740064;0.000101197;2.16583e-05;8.60928e-06;0.00014243;0.00495698;0.00119422
0.00446295;0.746749;6.31562e-08;0.000497277;2.09583e-05;3.86945e-05;0.00147209;0.00355923;0.0529298;0.000138333;0.0509188;0.0509869;0.0881666;5.92161e-05
0.00115064;0.000119521;1.72687e-09;7.34771e-08;2.53313e-06;4.17096e-07;3.01898e-08;0.99835;0.000277976;6.80433e-09;1.0544e-06;2.08983e-06;9.5595e-05;3.51029e-07
1.01354e-05;0.00721844;6.16048e-06;5.64862e-06;3.81377e-07;3.92914e-05;1.46422e-05;1.76142e-08;1.1208e-07;0.000573532;5.03146e-08;1.34466e-05;3.72557e-06;0.992114
2.13996e-08;8.48892e-10;0.999994;8.83053e-09;3.00333e-10;1.44373e-08;4.5767e-06;2.09296e-09;2.48162e-07;5.09086e-07;6.29088e-07;4.29173e-08;1.06096e-12;9.63119e-11
7.13869e-09;1.67695e-08;0.999999;2.40306e-09;2.57179e-10;2.27674e-10;5.99772e-08;4.50347e-07;1.60637e-08;1.03677e-10;2.94335e-08;6.65997e-08;1.08982e-09;4.7809e-13
4.50686e-05;0.00245254;0.00073849;1.67977e-05;1.28853e-05;3.81532e-06;7.01406e-07;0.00577171;0.000290843;1.40147e-06;0.000321495;0.987253;0.00278587;0.000305225
3.56494e-05;0.720879;4.6754e-05;0.000300027;0.00572673;0.000717673;0.000274387;0.0127985;0.000362093;0.000138667;0.00165781;0.0053034;0.00588921;0.24587
4.4858e-06;0.876807;3.17714e-07;6.79388e-06;4.36627e-06;5.10594e-07;0.000400235;3.23668e-06;7.93586e-07;2.41077e-06;1.15452e-05;0.120817;0.000271736;0.00166916
3.9482e-06;0.810013;2.16961e-08;5.36887e-06;2.12992e-05;6.41712e-05;8.83141e-06;0.00953084;2.10923e-06;5.1091e-07;8.7919e-07;0.0766043;0.103232;0.000513128
3.47111e-05;0.826627;9.54579e-09;1.95406e-05;0.00457765;0.000242364;1.53373e-06;0.014792;1.69583e-06;7.00038e-07;3.4838e-06;0.0977784;0.0534122;0.00250819
0.000117216;0.991002;1.36718e-06;1.82194e-06;0.000106103;3.76164e-05;0.000444045;0.00260129;7.23321e-07;2.04173e-05;4.35301e-07;7.22669e-06;0.00320586;0.00245399
6.29684e-09;2.68319e-09;0.999999;3.37882e-10;4.03631e-08;2.21592e-09;8.36279e-11;3.56122e-09;2.9763e-11;8.12648e-12;7.11358e-11;6.51345e-07;3.478e-09;9.62916e-12
4.41548e-05;0.620039;4.50531e-05;0.000662133;0.000468208;8.28995e-06;0.000206248;0.00251486;0.00886725;3.80721e-06;0.00639805;0.354226;0.00620805;0.000308752
0.000198092;0.700554;2.89729e-05;0.00154154;3.34896e-05;4.30957e-05;0.00154579;0.00724584;0.000677681;2.61276e-05;0.00716183;0.197076;0.0837354;0.000132069
1.58516e-05;0.000824378;1.47635e-07;1.16685e-07;3.18792e-05;1.13243e-06;1.99119e-08;0.978908;2.24552e-07;1.92671e-08;1.72094e-07;0.0198027;0.000248155;0.00016759
1.65549e-06;0.987128;3.1714e-05;8.15807e-06;4.44794e-05;0.000209343;0.000124647;0.0054089;8.5538e-07;3.8041e-05;7.14227e-07;0.000140288;0.00380955;0.00305394
7.26393e-11;3.88069e-11;1;5.21428e-10;4.84013e-10;2.80397e-10;2.20189e-10;1.43637e-09;1.96748e-11;3.19554e-11;2.07403e-10;3.93639e-07;1.53349e-10;1.24385e-12
6.15878e-06;0.00325899;0.00415251;9.68047e-06;1.44035e-05;1.38223e-06;3.43998e-07;7.1849e-05;8.49309e-05;7.33888e-07;1.74622e-05;0.992295;1.41469e-06;8.55937e-05
6.58505e-06;0.994099;4.31877e-08;6.13212e-07;2.87879e-07;2.02315e-06;0.00462585;2.86675e-05;1.48394e-05;0.000179057;1.74575e-05;6.5525e-08;3.69646e-05;0.000988905
1.19631e-08;8.46269e-09;1;2.61314e-09;1.51639e-07;2.96316e-09;5.79169e-09;1.38897e-09;1.90407e-10;6.34482e-11;1.32695e-10;1.88127e-07;1.11052e-12;9.7056e-11
3.47e-06;0.00014867;5.64153e-09;1.7229e-08;0.00309974;7.03911e-08;1.79409e-10;0.996666;3.93239e-08;9.84813e-11;1.30485e-09;5.71498e-05;2.90845e-06;2.16297e-05
1.132e-07;1.63342e-06;2.8781e-07;1.31193e-08;0.000170008;1.16908e-07;1.82983e-09;0.999824;5.10376e-08;3.64393e-08;6.742e-10;1.82467e-08;4.1153e-06;2.34554e-08
7.82556e-08;4.47184e-06;0.999966;2.56707e-07;2.12443e-05;5.73064e-06;8.80025e-12;7.89933e-08;5.79102e-11;1.63208e-08;1.46126e-09;3.96968e-07;2.90457e-07;1.42523e-06
2.09885e-06;0.989537;1.07732e-06;8.46237e-07;2.66365e-06;2.28266e-06;8.01759e-06;0.0100512;7.3427e-05;9.57044e-08;4.81843e-05;0.000112608;0.000151388;9.02084e-06
