4.90611e-11;1.25186e-10;1;1.23274e-10;7.79557e-11;1.2291e-10;2.75107e-11;3.93946e-10;1.93949e-11;1.12854e-11;6.93351e-11;3.97919e-09;2.01152e-10;3.72652e-12
6.85383e-10;3.72782e-09;0.999962;3.8195e-09;6.75697e-09;3.9084e-10;1.03254e-10;2.3163e-06;2.83213e-10;7.45512e-11;8.61885e-10;3.5868e-05;3.19083e-10;1.85486e-07
1.03106e-09;4.83615e-06;8.53255e-07;4.76233e-09;2.29936e-06;7.66741e-06;8.02226e-12;3.36075e-07;5.65414e-12;5.5567e-10;4.34582e-10;5.9947e-07;6.62764e-09;0.999983
3.75163e-06;0.0659461;1.30194e-08;1.31699e-06;2.41394e-05;1.3326e-05;2.93852e-08;0.00476339;1.31335e-07;2.71634e-08;3.32795e-06;0.000252854;0.92899;1.59607e-06
1.17071e-07;0.985633;2.07509e-06;1.80891e-06;5.17272e-06;3.6443e-06;1.83423e-09;3.46176e-05;5.58924e-11;5.8198e-08;5.50944e-09;1.80972e-05;0.0142853;1.62997e-05
1.28802e-06;0.0103509;2.58261e-06;4.18516e-06;7.11669e-07;1.31785e-07;4.76893e-06;0.00588949;6.0337e-07;3.69131e-08;0.000213758;0.983121;0.000407439;3.3405e-06
2.65219e-06;0.977843;8.81384e-08;0.00142031;0.00300901;0.00206794;2.55834e-07;0.00159019;9.9835e-06;1.13772e-06;0.00125836;0.000571514;0.00975547;0.00247043
0.00024018;0.0125536;2.3011e-06;1.22406e-05;2.37847e-05;1.86904e-05;6.3139e-07;0.193877;1.73746e-05;1.14026e-06;0.000237798;0.000541004;0.79229;0.000184085
2.38387e-05;0.951254;2.58917e-07;1.95463e-06;7.3828e-06;7.66783e-06;0.000255385;0.000703317;3.11172e-07;0.000862169;7.78542e-07;1.34602e-06;7.9355e-05;0.0468023
7.63236e-09;2.4308e-08;0.999977;4.37324e-09;7.08591e-08;1.60222e-09;1.54796e-08;3.43637e-08;3.6561e-09;1.49505e-09;3.11402e-08;2.26494e-05;6.89514e-11;3.08049e-09
2.76144e-05;0.885558;2.4057e-08;1.39985e-05;2.01786e-05;3.02291e-06;2.47876e-05;0.0196476;0.000158091;3.11033e-06;0.000106085;9.98221e-06;0.0917471;0.00268058
4.97999e-06;0.318047;0.000580666;3.02438e-05;1.62604e-05;4.88024e-06;4.63005e-06;0.0699428;3.94821e-05;6.2916e-07;0.000136404;0.610107;0.000873151;0.000211231
0.000546606;0.85894;0.000639102;0.00163055;0.00724117;0.00777463;0.000108728;0.0653699;0.000834074;0.000277036;0.000687547;0.0221963;0.00508135;0.0286729
0.00110805;0.0844437;1.83279e-05;0.000231581;0.000423271;0.000595009;2.78843e-05;0.730453;0.00110182;2.85661e-05;0.00125616;0.0287028;0.150638;0.000971923
0.000159596;0.0762008;1.65044e-08;5.71151e-06;2.28367e-06;1.6144e-05;8.18426e-06;0.0020266;0.000102027;4.11164e-07;8.29445e-05;0.00183492;0.91955;1.07717e-05
0.0063018;0.288506;5.47581e-06;0.0456147;0.167476;0.200088;1.59131e-05;0.148199;0.0151665;0.00192423;0.00255145;0.0583889;0.00524981;0.0605116
0.000282709;0.122622;5.98059e-08;7.34707e-07;2.44896e-08;2.00166e-05;4.40064e-06;9.94896e-06;4.65611e-05;3.06168e-07;6.68548e-06;0.000135269;0.876869;2.26504e-06
1.48327e-05;0.00602052;1.88698e-06;2.2003e-05;3.78845e-05;0.000162933;8.48392e-08;5.21466e-05;7.99652e-06;6.92905e-07;3.21224e-06;0.991088;0.00130059;0.00128749
5.58361e-06;0.995773;2.2373e-08;7.81871e-06;1.0742e-06;3.41804e-07;0.00337859;6.05245e-06;0.000159469;0.000629148;3.10103e-06;2.21989e-07;1.68402e-05;1.86931e-05
1.13134e-06;2.30617e-05;0.999664;8.3561e-06;9.58773e-08;2.42479e-06;0.000103775;1.27165e-05;5.26184e-05;5.04916e-07;9.92852e-06;4.43947e-08;0.000121609;2.0642e-08
1.32312e-06;0.997898;3.91176e-07;1.69307e-06;2.50439e-07;1.72992e-08;1.95923e-07;0.00179747;9.1083e-08;8.09384e-08;1.73674e-07;9.15392e-06;0.00029013;1.19899e-06
1.242e-06;0.993506;1.16743e-08;7.14338e-07;2.87609e-07;6.96213e-08;0.00153934;7.66967e-05;1.7115e-07;0.000607455;2.71473e-07;2.1708e-07;2.0785e-05;0.00424617
2.40175e-09;5.69459e-09;0.99998;5.01315e-09;2.28802e-08;1.23208e-10;1.1746e-07;5.95828e-09;4.32401e-09;3.98721e-09;1.94666e-08;2.02416e-05;5.35811e-13;3.81482e-09
0.000115587;0.873739;1.111e-07;0.000285138;4.26562e-05;1.30264e-05;0.00181297;0.00929819;0.00673493;7.98598e-06;0.00215382;5.26061e-05;0.105342;0.000402066
4.54586e-06;0.969818;1.07429e-05;4.39891e-07;4.57614e-07;3.44359e-08;7.57312e-06;0.0171894;3.03992e-07;4.26582e-07;1.91906e-06;0.0128274;0.000128965;9.33885e-06
3.71221e-05;0.0182532;0.109975;0.000658972;0.074675;0.0105897;2.11138e-07;0.00678395;1.42851e-06;3.69448e-06;7.98474e-06;0.729127;0.0139757;0.0359113
0.000699406;0.323539;0.000123738;1.0194e-06;7.61512e-06;0.000112699;0.000122848;0.0232519;0.000136682;6.53246e-06;2.58182e-05;5.29837e-06;0.651882;8.60697e-05
1.51932e-09;7.99711e-10;0.999999;2.56304e-10;2.87926e-10;2.83436e-09;8.46594e-11;2.23459e-09;5.83362e-10;3.60685e-11;9.19852e-11;5.45205e-07;2.11634e-10;8.28108e-12
1.25632e-06;0.00053334;0.000207226;2.40909e-06;1.4013e-06;3.44854e-06;1.07109e-08;0.000255697;1.46637e-05;9.45517e-08;4.67644e-06;0.998921;1.90478e-05;3.53677e-05
7.59534e-07;0.994203;6.27568e-09;7.43554e-08;2.84904e-07;2.43974e-05;1.48061e-07;7.76313e-07;5.19257e-08;7.95379e-08;5.68244e-07;4.25811e-06;0.00561693;0.000148235
4.11136e-07;0.000765436;9.12179e-07;2.13833e-06;0.000585224;6.20613e-05;4.7494e-09;0.00154844;2.75833e-07;1.04885e-07;1.66476e-06;0.99662;2.69629e-05;0.000385847
9.14826e-08;0.999736;6.29011e-10;2.2185e-08;4.54778e-09;1.24029e-07;0.00017453;4.84374e-06;8.921e-08;5.21943e-07;1.45374e-07;1.07698e-09;8.24093e-05;1.74204e-06
4.29027e-11;1.98745e-10;0.999999;1.48399e-09;2.98599e-09;9.019e-09;9.43086e-11;2.96902e-08;2.41538e-11;9.67065e-11;6.43411e-11;7.93562e-07;2.06034e-11;6.63135e-11
3.74108e-05;0.151692;6.32574e-07;0.000161486;1.85196e-05;0.000187662;1.33287e-05;0.0884316;0.000367056;1.80311e-05;0.000488151;0.00453721;0.754026;2.11833e-05
2.82949e-05;0.987606;0.00259037;9.76773e-05;0.0001012;3.04325e-05;3.87959e-07;0.00455903;8.23189e-08;3.59973e-06;1.43645e-06;0.00245021;0.00239081;0.000139994
2.65429e-06;0.990767;1.2147e-08;9.21518e-07;3.31882e-07;5.71345e-07;0.00538326;6.55539e-05;6.08861e-07;0.00144023;4.73086e-07;3.27723e-08;0.000247495;0.0020905
2.27104e-10;4.02708e-10;1;4.5019e-10;1.60122e-09;2.99374e-11;8.45573e-09;2.10313e-10;2.53539e-10;7.29068e-10;2.32052e-09;2.35404e-07;6.41855e-14;3.84641e-11
0.00089608;0.865209;1.89299e-06;0.000289907;0.000159248;3.84759e-05;0.00155348;0.0507403;0.0382834;2.35026e-05;0.0073968;0.000218995;0.0346551;0.000534195
0.00044544;0.343342;0.000274628;2.40464e-05;0.000235731;0.000170835;4.33239e-06;0.297051;1.78829e-05;1.10036e-05;3.27394e-05;0.284341;0.0646288;0.00941984
2.38024e-05;0.946443;1.25358e-07;1.94468e-06;1.38478e-05;0.000205527;0.0110801;0.000225289;4.58729e-07;0.000407921;7.76764e-07;1.44228e-07;0.000852292;0.0407446
9.02846e-11;1.98271e-10;1;1.47293e-11;7.87656e-11;2.83566e-11;1.11782e-10;2.21306e-10;8.34055e-13;1.35237e-11;4.53842e-12;9.5423e-09;7.29917e-12;3.20089e-12
1.87001e-05;0.108163;1.01109e-06;9.58905e-05;0.000616627;0.0214392;5.30471e-05;0.0063374;0.00120502;7.37973e-05;0.00241643;0.000596472;0.858318;0.000665736
0.000436655;0.320053;0.270113;0.00451245;0.00105054;0.000608317;0.000113642;0.00101193;9.56873e-06;0.000102297;0.000154419;0.392223;0.00608101;0.00353042
6.86219e-06;0.0168531;8.38668e-10;1.74258e-06;6.06632e-07;3.63301e-06;1.16788e-05;0.000164597;8.06987e-06;1.64118e-07;6.78725e-05;6.67988e-06;0.982872;2.95445e-06
0.000365757;0.0297629;0.000471852;0.0530989;0.103162;0.0193527;6.26088e-05;0.0203291;0.000111548;0.00124776;0.000230317;0.00126964;0.00206827;0.768467
5.86194e-05;0.997791;4.44401e-08;1.2152e-06;4.652e-06;4.03827e-08;5.51779e-06;0.00193865;4.3385e-06;4.17324e-06;2.17233e-06;1.61292e-05;2.84611e-05;0.000145658
2.44498e-05;0.000235406;0.000888902;2.66146e-05;0.00239596;8.34772e-06;2.05271e-07;0.000379203;1.07955e-06;1.85861e-06;5.25924e-07;0.995732;3.12016e-06;0.000302338
0.000579518;0.00545274;1.36942e-06;5.86854e-06;9.4373e-08;7.77492e-07;0.0139988;0.00211509;0.961101;1.0264e-06;0.0155954;4.28339e-07;0.00114802;2.59448e-08
0.000114655;0.335729;1.08963e-07;1.32653e-06;1.23727e-06;4.74795e-08;5.64664e-06;0.656813;0.000823634;1.88272e-07;9.57221e-05;0.00235336;0.00406218;3.58041e-08
4.86008e-08;1.25901e-05;7.80119e-07;3.49177e-07;1.915e-06;5.59308e-07;1.47641e-09;1.59457e-05;2.17209e-07;9.53207e-09;1.1284e-07;0.999806;0.000150265;1.10901e-05
7.38058e-05;0.984493;6.09901e-07;1.70675e-05;0.00121971;0.000193001;1.57517e-05;0.00871474;3.97255e-05;3.70167e-06;2.48846e-05;0.00015256;0.00148926;0.00356253
0.000405797;0.548982;3.33974e-06;5.5566e-06;3.05503e-05;6.23246e-07;7.82992e-06;0.0329575;7.28229e-05;9.47544e-07;3.85866e-05;0.0247152;0.392764;1.49089e-05
7.24726e-05;0.00635121;3.1232e-07;6.53413e-05;0.000954008;7.25222e-05;2.32307e-07;0.942238;0.0456985;1.42151e-06;0.000150588;0.00184088;0.00252682;2.80525e-05
0.0031108;0.471635;2.6116e-06;0.00384185;0.00066705;0.000505951;1.8753e-05;0.0430405;0.040801;0.000526987;0.0505444;0.342314;0.0419497;0.00104097
0.00144323;0.501585;2.36921e-05;0.000117059;0.000100475;3.68121e-06;1.99244e-05;0.00193335;3.2013e-05;3.83225e-05;7.69521e-05;0.493341;0.00112026;0.000165292
0.000205912;0.641367;8.79542e-09;1.6286e-05;0.000105534;4.32737e-06;0.00741194;0.0155525;7.99826e-05;0.00524099;2.20469e-06;6.50018e-07;1.43243e-05;0.329998
1.78508e-10;2.50853e-11;1;5.34317e-11;1.60592e-10;1.38531e-13;1.8846e-10;3.29973e-09;3.76474e-10;6.27944e-11;1.33153e-10;4.18204e-10;4.80136e-14;3.06187e-14
2.83491e-05;0.000322385;3.93397e-06;0.000101333;1.04236e-05;2.15041e-06;0.000454694;0.00235915;0.96606;4.00428e-05;0.0304485;6.50584e-06;0.000159615;2.89123e-06
