1.30855e-06;0.969611;3.29799e-09;1.24007e-07;1.64997e-09;4.2219e-08;1.19574e-06;3.00187e-07;2.2063e-07;7.86466e-09;6.75348e-07;6.46752e-05;0.0303208;2.22576e-08
0.000188709;0.0339551;4.78526e-06;2.01518e-05;0.0126143;0.00304539;1.58255e-07;0.114516;2.05287e-05;4.48372e-06;1.98683e-06;0.692485;0.00328531;0.139858
7.45339e-06;0.963106;7.08747e-07;5.56452e-05;0.000342841;0.000557197;9.43047e-07;0.00191983;3.58833e-05;1.32263e-06;3.4135e-05;0.0173404;0.0117857;0.00481207
2.32823e-05;0.12577;8.34294e-05;0.000232247;0.000481219;0.000215905;1.47872e-06;0.00469439;6.50817e-05;8.66799e-06;8.37907e-05;0.865205;0.00155868;0.00157745
0.00025755;0.991485;1.72208e-05;2.03597e-05;1.83514e-06;1.05347e-07;7.80925e-05;0.000835637;0.000236632;8.12891e-07;0.000230129;0.00635259;0.000477229;6.42311e-06
0.00011117;0.934662;3.61253e-06;1.90605e-05;4.43219e-06;7.42488e-06;0.000442005;0.00850545;0.000136213;4.62177e-05;1.9845e-05;6.20186e-05;0.0557847;0.000195516
1.98845e-10;4.03453e-11;1;1.96037e-10;3.60589e-12;3.57155e-11;3.18897e-11;1.92969e-10;1.86251e-10;1.02268e-11;5.66615e-11;6.13249e-08;1.07031e-11;5.8414e-13
7.94646e-05;0.0244925;0.00113276;0.000142307;2.78453e-05;6.33759e-05;1.11785e-06;0.0354138;0.0014928;7.01696e-06;0.000153772;0.93605;0.000559918;0.000382706
1.47343e-06;0.991284;4.39371e-08;6.44717e-08;2.31472e-06;7.86718e-06;8.9891e-08;7.92003e-06;4.32843e-08;9.06709e-08;2.63575e-08;1.29333e-05;0.00849624;0.000186319
1.45089e-06;0.00166886;3.02976e-05;4.86052e-06;0.000636873;0.000199694;4.21917e-08;0.00151749;2.41184e-07;2.58688e-07;2.92898e-07;0.995441;0.000211493;0.000287027
0.000726073;0.472953;6.1307e-05;0.00128991;0.000107387;0.00734976;0.000389259;0.116768;0.0204108;1.09279e-05;0.0021217;0.000976761;0.376699;0.000135819
1.34456e-05;0.384099;1.62764e-07;2.50162e-06;8.47634e-06;2.73387e-05;5.6036e-09;0.49511;2.88982e-07;1.47189e-07;9.71205e-09;0.000510332;0.120219;9.50464e-06
1.234e-07;0.729692;4.54483e-10;2.52701e-06;9.28636e-07;6.17942e-07;8.2009e-06;3.71918e-06;1.0081e-09;6.57139e-05;5.22036e-09;1.82507e-05;8.8928e-07;0.270207
1.2116e-10;4.05151e-10;0.999999;7.32305e-10;2.42442e-10;2.76609e-11;3.46085e-09;2.12798e-09;2.31411e-12;6.07832e-10;2.33515e-10;7.7433e-07;2.98219e-12;8.2883e-13
7.07856e-09;3.94396e-05;1.28038e-09;1.49951e-07;3.35963e-10;1.44233e-09;0.999877;3.87986e-09;8.96016e-07;5.82277e-05;2.42341e-05;1.45672e-10;1.20617e-08;2.41217e-07
1.24853e-08;2.39484e-08;0.999943;2.07007e-07;3.0616e-09;1.35144e-08;5.02032e-05;8.82054e-08;2.88648e-07;1.96196e-07;5.47002e-06;2.90041e-08;1.9786e-11;4.59217e-11
1.5401e-05;0.998932;1.93876e-05;4.72127e-06;1.59207e-05;9.34699e-07;2.30956e-06;0.000450809;6.96409e-07;2.51482e-07;2.80139e-06;6.71778e-05;0.000483303;4.62726e-06
4.56235e-05;0.855023;1.59751e-07;8.22092e-05;0.000209621;0.000141594;6.87276e-06;0.0416135;0.000334775;6.26776e-06;0.000108874;0.0168497;0.0846511;0.000926553
9.05318e-05;0.974885;4.61451e-05;6.36092e-05;1.22828e-05;6.41202e-07;6.98674e-05;0.00462228;2.8992e-05;7.3292e-06;0.00040986;0.0192419;0.000484355;3.68628e-05
6.23817e-06;0.882376;3.31414e-08;2.99378e-05;1.5759e-06;1.0245e-07;4.47017e-06;8.32551e-05;2.35546e-05;5.78803e-07;3.99563e-05;0.114365;0.00174677;0.00132174
7.52089e-05;0.954056;1.6281e-05;1.70199e-05;7.28613e-06;8.47199e-07;1.69614e-05;0.025178;0.000100232;5.89435e-07;0.000141208;0.00981544;0.00911208;0.00146293
7.88084e-06;0.990834;3.04033e-07;5.1664e-06;1.17498e-06;5.24858e-05;1.66006e-05;0.000203198;2.35539e-07;7.81641e-05;6.59937e-08;6.94519e-07;0.000342752;0.00845687
1.41663e-08;2.97276e-09;0.999998;2.9216e-09;1.19817e-10;2.84761e-09;9.08975e-10;4.03541e-09;9.72329e-10;2.56988e-10;3.20791e-09;1.98912e-06;2.00164e-09;2.93119e-11
0.00123418;0.701465;0.0192903;0.000123179;5.67419e-05;0.00251616;1.0304e-05;0.113942;0.000253656;6.2168e-05;8.19619e-05;0.100635;0.0330632;0.0272661
1.07092e-06;0.999375;1.43815e-09;9.66596e-08;1.62393e-08;1.86454e-06;0.000285348;1.30848e-05;2.07506e-07;1.57007e-05;1.4224e-07;7.06631e-09;4.62013e-05;0.000261714
3.3003e-09;7.6951e-09;0.999999;5.68841e-09;3.92568e-09;9.57824e-09;3.61564e-07;8.17381e-09;1.29153e-09;1.5822e-08;2.20697e-09;2.55983e-07;6.75382e-12;2.96231e-10
4.27291e-06;0.99432;3.31004e-07;1.81383e-07;1.41057e-08;3.21906e-07;5.75813e-06;5.47678e-05;9.80177e-08;6.55801e-08;2.52552e-07;0.00012289;0.00549034;5.69397e-07
5.50207e-07;0.00108488;1.60126e-06;9.48051e-06;7.12531e-05;0.000230431;3.00711e-07;0.0024149;6.48601e-07;1.52788e-07;1.01775e-05;0.931116;0.000258601;0.0648016
2.60912e-08;0.999953;2.28903e-10;9.79253e-09;2.82039e-10;1.25028e-09;2.20426e-06;2.35575e-06;3.30941e-10;4.92245e-08;3.09363e-09;8.89202e-09;3.92638e-05;3.23532e-06
6.75732e-09;1.17875e-06;0.995545;1.02797e-08;6.94217e-08;7.88384e-09;7.22129e-09;1.76367e-06;1.80764e-10;1.08415e-08;3.72815e-10;0.00445164;6.90728e-10;1.46625e-08
3.17347e-08;0.00871042;2.34133e-09;5.97967e-06;1.99544e-09;7.68186e-08;0.990463;2.43054e-07;2.82173e-06;0.000725172;4.55122e-05;8.61102e-09;2.85359e-06;4.36062e-05
1.32721e-09;1.28587e-08;0.999988;1.77073e-06;4.87468e-09;1.7725e-07;7.53461e-06;3.44067e-08;4.63484e-09;3.35573e-07;1.55648e-06;4.44153e-07;7.83047e-12;1.07793e-09
1.66309e-05;0.976903;2.5822e-07;0.000145916;6.41857e-05;1.41291e-05;5.98139e-06;0.0223447;3.34402e-07;3.96691e-07;7.70278e-05;1.70586e-05;0.000405563;5.19806e-06
0.000160824;0.698486;3.27192e-05;0.00152212;0.00326676;0.00055013;3.66699e-05;0.0174631;0.000354715;2.72832e-05;0.00639682;0.215999;0.0518914;0.00381268
9.16517e-05;0.964209;4.47624e-05;0.00017895;3.66588e-06;6.09228e-06;0.000730559;0.000626071;9.00087e-05;6.24945e-06;0.0250066;0.00206235;0.00691073;3.38765e-05
0.000132572;0.764618;0.000439783;0.0062009;0.00353404;0.00030898;9.25802e-06;0.167449;0.000178908;8.46574e-05;0.000954822;0.0331251;0.00178819;0.0211758
4.7875e-05;0.988865;6.60564e-06;8.80292e-05;9.25922e-06;7.1523e-05;5.54945e-07;0.00608423;1.68537e-05;3.11285e-06;0.00034784;0.0015167;0.00133416;0.00160808
4.68792e-05;0.99585;2.42759e-07;3.83086e-07;6.24452e-08;7.98949e-07;0.00168768;0.000260858;1.03666e-06;3.76877e-05;9.12047e-06;1.30125e-07;0.00201562;8.94805e-05
8.94168e-10;1.4636e-09;1;5.45345e-10;1.44587e-10;4.8124e-11;7.91936e-10;7.76556e-09;1.54174e-10;2.29756e-10;1.04542e-10;1.17006e-07;5.22736e-11;5.61045e-12
6.46898e-05;0.705083;4.4932e-07;0.00570341;8.39085e-05;6.01221e-05;0.00179689;0.0340359;0.160523;0.000583489;0.0492435;0.0160732;0.0258396;0.00090951
1.5695e-05;0.994951;4.07697e-05;0.00057667;8.81208e-06;9.24906e-07;0.00242806;0.00021888;4.59264e-06;0.00113335;3.601e-05;0.00011461;3.1254e-06;0.000467836
5.33822e-08;3.502e-07;0.99998;1.6756e-07;4.56506e-09;5.90471e-10;4.84803e-06;1.37062e-08;1.5024e-08;1.3656e-08;4.04818e-06;1.04193e-05;1.56963e-08;8.33755e-10
6.86678e-06;0.0250375;5.77653e-09;3.97781e-05;0.000262667;6.72977e-07;0.00034363;0.961343;0.00587171;6.19522e-06;0.00393286;0.00105227;0.00205423;4.89774e-05
0.00040267;0.688947;0.0266198;0.102633;0.0145688;0.0213316;0.00140188;0.0033488;0.0010467;0.0132329;0.0203853;0.00111676;0.0853167;0.0196482
0.000241483;0.989837;0.000772624;8.51344e-05;5.71266e-05;1.43098e-06;3.53861e-06;0.000580687;2.05808e-05;2.55507e-06;1.24826e-05;0.00829293;3.08064e-05;6.22059e-05
0.0040165;0.354419;5.18022e-05;0.00523214;0.0122765;0.0168282;0.000395943;0.00733183;0.0423137;9.70205e-05;0.0965444;0.390989;0.0607805;0.00872328
0.000133449;0.978527;9.07183e-06;7.66172e-06;7.513e-07;1.66139e-07;1.02428e-05;0.00376263;3.10073e-05;5.19697e-07;0.000111095;0.00789977;0.00950544;8.85341e-07
6.84158e-05;0.838464;1.48488e-06;0.000715557;0.00276823;3.382e-05;5.53157e-07;0.00933076;0.00026746;1.53219e-05;4.45791e-05;0.138701;0.00116517;0.00842384
5.27265e-06;0.98718;5.86905e-08;3.0623e-07;1.27118e-05;3.75834e-07;5.05208e-06;0.0125317;2.85061e-06;2.67988e-06;4.12257e-07;4.84871e-05;5.29422e-05;0.000157009
0.000743831;0.0060077;0.150082;0.000170049;0.0344084;0.00110985;1.39631e-07;0.00231304;2.45538e-06;6.83338e-06;1.24091e-05;0.793484;0.000799856;0.0108593
3.02945e-06;0.985551;1.12457e-08;4.66738e-08;5.82351e-07;2.28699e-07;1.3619e-05;0.0143435;3.8848e-05;1.87873e-07;1.02068e-06;7.77668e-10;4.00978e-05;7.56664e-06
1.34855e-08;3.41957e-08;1;3.51552e-09;5.99426e-09;1.14203e-09;5.11213e-10;1.64913e-07;5.71546e-09;5.95295e-10;3.04135e-09;1.17362e-07;8.54171e-10;4.98584e-11
1.65828e-05;0.0739896;0.000951713;1.51739e-05;2.26843e-05;6.03372e-06;4.77619e-07;0.0230141;0.000738916;3.35319e-06;2.27818e-05;0.900925;0.00012757;0.000165837
8.1796e-05;0.792081;1.49314e-05;1.36482e-05;0.00220311;0.000132563;6.89253e-07;0.177261;0.000279332;2.67563e-06;0.000243938;0.0116725;0.0155494;0.000463278
0.000125205;0.00162706;2.6932e-05;3.73876e-06;0.00185793;7.72598e-06;2.63358e-06;0.00782312;6.91997e-06;2.06121e-07;5.87123e-05;0.98531;0.00265806;0.000491632
7.59086e-05;0.112496;7.67669e-09;1.29389e-06;0.00118719;1.23845e-06;8.51304e-07;0.886095;5.53432e-05;7.27979e-07;2.5501e-07;9.64177e-06;7.13285e-05;5.3697e-06
0.000531414;0.0879285;0.266061;0.000579349;0.245424;0.125075;4.82911e-08;0.00152795;2.04058e-07;1.74303e-05;9.55632e-07;0.101458;0.10025;0.0711456
2.13422e-05;0.513138;1.48624e-06;4.71244e-06;6.40285e-05;0.000154271;1.13292e-06;0.271721;1.43189e-05;1.26898e-07;5.10555e-05;0.203593;0.0107949;0.000441268
2.02694e-05;0.940196;8.07947e-06;4.59872e-05;3.90299e-05;0.000107276;0.0509084;0.000412157;7.73932e-06;0.00747429;4.16541e-05;1.95768e-05;0.000330578;0.000389166
2.70667e-08;6.84399e-08;0.999968;2.86096e-07;1.14128e-07;3.52064e-06;8.4219e-08;1.27682e-06;7.56851e-09;1.88636e-07;2.53939e-08;2.64553e-05;9.3946e-09;2.84342e-08
0.00370426;0.527493;0.00242637;0.000557415;0.00378796;0.00779825;0.00104554;0.277513;0.000195465;4.2037e-05;0.00410387;0.0984562;0.0176616;0.0552151
1.42474e-06;0.246698;7.55129e-09;8.03697e-07;4.12511e-08;4.13276e-07;0.750888;3.76293e-06;7.12909e-07;0.0019652;6.94045e-06;7.22655e-08;7.94774e-06;0.000426669
5.28998e-10;3.86522e-10;0.999999;1.57019e-09;1.49485e-10;4.8453e-10;3.62936e-07;2.81359e-10;1.35793e-09;2.40603e-09;7.73094e-09;1.2235e-07;1.46432e-12;3.77277e-11
6.25357e-06;0.991586;1.105e-07;3.60536e-06;2.50774e-07;2.18702e-06;4.20313e-05;3.69856e-05;7.52665e-05;5.65282e-07;0.000575982;0.000124785;0.00754555;8.03567e-07
1.21183e-06;7.93353e-05;2.43298e-09;4.95853e-08;3.39442e-07;1.64232e-08;3.49101e-08;0.999866;4.25636e-05;1.05016e-08;8.74739e-07;4.77108e-06;3.83697e-06;3.97448e-07
1.13579e-05;0.111154;1.09788e-06;7.93384e-05;1.55291e-05;0.000149384;3.82417e-07;0.000196416;2.05284e-05;1.61872e-05;5.35258e-06;0.00489278;8.44658e-05;0.883373
0.0015003;0.0371335;2.77019e-07;9.66999e-05;3.06501e-05;5.46085e-05;0.000177565;0.0931703;0.0171876;2.38034e-06;0.146529;0.00491047;0.699081;0.000125788
8.65816e-06;0.851471;2.24275e-07;2.11439e-07;2.96503e-07;5.21354e-08;7.6497e-10;0.10529;3.8811e-07;1.2055e-07;1.36175e-07;0.0339397;0.00927398;1.49718e-05
1.8042e-06;0.973931;1.08842e-05;9.21715e-07;3.73799e-06;1.83133e-06;4.14738e-05;0.0230879;1.73889e-06;3.52106e-05;2.40715e-05;2.9294e-05;0.00281553;1.46627e-05
1.16074e-10;2.15958e-09;0.999999;7.69639e-09;9.99765e-10;5.28639e-10;2.66026e-10;6.54736e-09;6.15853e-11;5.1485e-10;5.1191e-09;5.98503e-07;1.081e-09;3.14414e-10
1.58735e-06;2.83575e-06;0.984584;3.33363e-05;1.18777e-05;1.49807e-06;2.03096e-06;0.014816;4.48662e-06;1.04509e-06;4.90207e-05;0.000467353;3.93275e-07;2.40444e-05
0.000119529;0.0123723;0.000446282;3.10767e-05;0.00104364;0.0124742;2.80811e-06;0.0157656;1.92336e-06;2.13189e-05;0.000103211;0.000350165;5.26018e-05;0.957215
0.000372762;0.00141633;3.64446e-07;6.028e-06;0.000129753;0.000100458;1.85463e-06;0.970451;4.28979e-05;3.80342e-07;0.000226764;0.000880565;0.0263579;1.30457e-05
0.000371601;0.234493;1.66829e-07;0.000487121;0.00606723;0.000987608;4.62628e-05;0.677649;0.00034129;2.10655e-05;0.000409589;0.027822;0.0498087;0.00149533
2.681e-05;0.124785;5.35438e-08;0.000157339;1.49941e-05;4.16618e-05;1.52598e-06;0.0259812;5.50209e-06;2.01673e-05;9.60179e-05;0.848473;0.000104498;0.000292414
0.000212368;0.990033;5.45159e-09;3.22235e-06;2.55988e-07;5.08598e-06;5.05414e-05;6.65085e-06;4.34291e-05;2.46887e-06;6.45262e-05;0.00326503;0.00631214;9.93479e-07
0.00107292;0.238136;2.63361e-08;3.94078e-05;0.00367198;5.51901e-05;4.14557e-05;0.144543;0.000114035;1.20522e-05;5.70926e-05;0.466331;0.145613;0.000313443
0.000693656;0.934032;2.30094e-05;2.20008e-05;0.0140163;4.36498e-05;2.59959e-06;0.0133161;2.70285e-05;9.70335e-07;4.11257e-07;0.0166463;0.00917739;0.011999
0.000385515;0.340384;8.50751e-07;0.000153375;0.000392024;0.000113476;0.000110437;0.0350805;0.00483122;3.94311e-06;0.000136179;0.0146257;0.601714;0.00206926
8.01294e-05;0.0018286;4.61613e-09;1.05277e-05;9.90639e-06;8.91703e-06;7.48589e-07;0.0118034;0.000201439;1.10669e-07;0.000313728;0.000104727;0.985541;9.70744e-05
6.82939e-06;0.000561656;1.03054e-07;8.71332e-07;1.60254e-06;1.94838e-07;2.04676e-10;0.000277864;2.91828e-06;8.84076e-09;1.62116e-06;0.998935;0.000111823;9.98446e-05
6.90047e-08;0.999941;1.25463e-09;3.62639e-07;2.70296e-08;1.24596e-08;2.18702e-05;9.57755e-06;7.81333e-09;1.0542e-05;1.05985e-08;1.86713e-07;6.67278e-06;1.01733e-05
1.4986e-10;1.01565e-10;1;4.24235e-09;8.58734e-10;4.26621e-10;1.41466e-08;9.06994e-10;1.85902e-10;8.70177e-10;2.308e-09;9.30874e-08;2.03044e-14;1.31994e-11
3.93365e-07;0.998885;1.32201e-09;2.61884e-07;3.63012e-09;8.67768e-09;1.93081e-08;5.21771e-08;1.17042e-08;3.37038e-09;1.12621e-07;1.41823e-07;0.00111387;5.70562e-09
2.69852e-07;0.000351471;3.50971e-08;2.29741e-08;1.41768e-09;7.93752e-11;1.40962e-08;8.73678e-05;5.36832e-07;3.28491e-11;8.51065e-06;0.999549;2.85112e-06;2.64024e-09
4.5832e-07;0.990105;3.1884e-08;8.58792e-06;0.00151026;7.86821e-06;1.78e-08;0.00728828;2.63494e-07;1.21351e-07;4.51327e-07;2.176e-05;0.00102036;3.67958e-05
6.13734e-09;7.21694e-07;7.07415e-11;2.86876e-09;5.94619e-10;5.00222e-06;1.85346e-09;7.09834e-09;1.56137e-08;8.21849e-09;9.50308e-09;3.88304e-10;0.999994;1.84463e-09
7.44467e-09;4.67682e-07;0.999999;1.29875e-08;1.2316e-09;8.29395e-10;2.61402e-10;1.44576e-09;2.68368e-11;2.33459e-09;1.44936e-10;2.2493e-07;6.87861e-10;2.6677e-08
1.20687e-06;0.996206;1.42956e-06;9.83198e-06;9.72072e-06;4.57007e-06;1.51767e-05;0.0028709;6.10025e-05;7.12369e-07;0.000203854;2.43552e-06;0.000477757;0.000135772
