1.00006e-05;0.993709;4.08756e-09;5.54266e-07;3.27459e-06;3.2093e-08;0.000306101;0.00589218;4.65601e-06;2.1135e-05;1.98865e-06;2.20194e-08;1.05447e-05;4.02865e-05
3.10753e-10;2.80359e-09;1;2.73395e-10;3.194e-10;3.33314e-13;4.80962e-09;1.22243e-09;7.13961e-11;2.02919e-10;6.26677e-10;6.87503e-08;1.03953e-12;6.16191e-12
7.32542e-07;0.00158665;9.68834e-05;5.11889e-07;5.07782e-06;6.0844e-08;1.44014e-07;0.000966371;9.35166e-07;1.41378e-08;5.60599e-06;0.997023;6.57795e-05;0.000248148
5.27578e-06;0.665156;6.99035e-08;5.88528e-06;4.8457e-05;1.11982e-06;7.13321e-05;0.322684;7.27953e-05;4.33551e-07;0.000194279;0.00251144;0.0091416;0.000107101
1.50436e-05;0.161325;2.1134e-07;0.000559265;0.000564876;2.69199e-05;4.19584e-07;0.665351;0.00218933;9.26073e-06;0.00170217;0.160875;0.00594666;0.00143505
0.000170475;0.922816;2.45629e-05;6.20091e-06;1.1137e-05;3.23412e-05;0.00106106;0.0247526;6.87669e-06;0.000144175;1.21151e-05;2.61443e-06;0.0501938;0.000766135
9.67464e-11;7.10785e-12;1;2.12609e-11;4.29228e-12;1.60972e-12;7.68096e-11;1.2259e-11;1.63768e-11;2.87762e-12;6.65622e-11;1.37017e-08;1.913e-12;4.58239e-14
1.03886e-05;0.0013706;0.000760898;1.50697e-06;3.50882e-06;1.48398e-06;7.19044e-08;0.000907905;0.00013322;2.05486e-07;1.25817e-05;0.996572;2.45469e-05;0.000200608
1.9226e-06;0.997266;1.03535e-08;1.98818e-08;7.09579e-07;3.43886e-06;4.78629e-07;1.20347e-05;1.11919e-06;2.61501e-07;4.94488e-07;4.89145e-06;0.00270166;7.37515e-06
1.03855e-05;0.0357068;8.56605e-06;2.0612e-07;1.01694e-05;4.96743e-05;9.92453e-08;0.00966599;1.15193e-06;1.1347e-07;1.03083e-06;0.954083;0.000416486;4.64321e-05
2.37318e-06;0.995968;3.59825e-07;3.94697e-07;4.46143e-06;2.36132e-05;0.00332674;0.000252162;5.48627e-06;9.22889e-05;1.67933e-07;4.06202e-08;0.000226912;9.7073e-05
1.18412e-09;7.30539e-08;1;1.46548e-09;4.51142e-09;8.30733e-09;2.54579e-09;2.26428e-07;1.8036e-10;4.13912e-10;7.63355e-11;1.36053e-07;1.95436e-10;1.10805e-09
3.53967e-05;0.275508;3.61967e-06;8.91606e-05;0.000249569;0.000183988;5.12294e-06;0.563157;0.00017545;2.10861e-06;0.000342722;0.00190183;0.157878;0.000467886
5.98159e-06;0.035795;4.30245e-08;5.42775e-08;7.66438e-06;1.2083e-06;4.68268e-09;0.960521;1.92941e-08;6.87648e-08;3.23635e-08;0.000136467;0.00352197;1.02552e-05
5.71052e-08;0.00350188;2.40565e-06;1.09761e-06;5.20528e-05;9.54221e-07;5.99452e-08;2.15516e-05;6.36212e-08;4.67374e-07;9.5073e-07;0.994785;7.543e-06;0.00162569
5.56545e-07;0.993742;1.73027e-08;1.51536e-07;0.000389831;7.60654e-08;3.27881e-07;0.00572613;9.12915e-08;1.82977e-07;4.37867e-08;6.00738e-07;0.000139086;9.17745e-07
0.000690677;0.0139049;0.101121;7.16575e-06;0.0297063;1.78503e-05;5.20576e-08;0.000119417;6.71022e-07;1.97489e-06;4.07813e-07;0.852875;0.000714034;0.000840037
0.000380319;0.0297254;2.92632e-06;5.70385e-07;0.000788536;1.71354e-05;2.44899e-06;0.961098;0.00336884;1.45443e-07;7.85077e-06;0.000396538;0.00249781;0.00171361
6.60366e-07;0.000356399;2.4809e-11;3.77189e-09;1.54026e-06;1.49607e-08;9.70269e-11;0.982798;5.57498e-07;1.79364e-09;4.82236e-09;7.48829e-07;0.0168415;2.2752e-07
1.97817e-05;0.00787015;3.41641e-06;2.83996e-05;3.59939e-05;7.68102e-07;5.14347e-08;0.000834168;0.000176118;1.98318e-06;2.68634e-05;0.990405;0.000340842;0.000256795
8.89715e-06;0.996315;6.48537e-09;6.86742e-05;7.17102e-05;3.63453e-07;5.06388e-06;0.00204707;0.000168765;5.42096e-06;0.000183857;0.000723323;0.000374799;2.65776e-05
3.99155e-05;0.94028;0.00036196;9.22294e-05;0.000144669;1.16335e-07;2.5697e-05;0.0581724;8.55215e-08;5.91866e-05;9.79571e-07;0.000233517;5.60973e-05;0.000532693
0.000252006;0.017922;0.00759741;0.00146787;0.00158045;0.000246284;4.32249e-05;0.000546066;7.30586e-05;2.27183e-05;0.00400114;0.961066;0.00326986;0.0019118
0.000732281;0.115739;6.35352e-07;0.000484294;0.000256506;0.00096374;0.000688182;0.0132147;0.0344094;1.90525e-05;0.810481;0.00697684;0.0150381;0.000995873
0.000176214;0.00183526;0.000362706;1.89856e-06;1.38467e-05;6.19756e-08;1.89219e-07;0.997537;1.35295e-05;2.48818e-07;1.16433e-06;1.44262e-05;5.73156e-06;3.7983e-05
4.81105e-08;6.41566e-09;5.19209e-08;3.53739e-09;1.6757e-07;3.39277e-09;1.92666e-09;1.3669e-07;7.25711e-09;4.61658e-09;6.43426e-10;2.32599e-07;2.71127e-11;0.999999
0.000140924;6.79323e-06;3.20905e-10;3.51159e-08;0.00742047;2.3807e-06;1.0118e-06;0.989184;0.00321424;1.29123e-08;2.2662e-05;5.74946e-06;1.27075e-06;6.09173e-07
3.26605e-06;3.93945e-05;0.9992;1.17988e-07;0.000119165;6.15574e-07;5.0334e-10;2.37193e-06;1.75786e-09;1.39584e-09;4.31459e-09;0.000618919;1.57381e-05;8.71383e-07
1.3664e-07;0.994925;3.95939e-09;1.33914e-08;2.30103e-07;2.0768e-08;1.24175e-07;0.00444302;2.41774e-06;5.61709e-10;2.02423e-07;4.222e-06;0.000624789;7.0236e-08
3.78059e-07;0.938157;2.18298e-07;6.78958e-05;0.000347308;0.000142914;1.59986e-07;0.000714065;3.72477e-07;1.18853e-06;6.88798e-07;0.000698723;0.0583007;0.00156799
4.56953e-06;0.891801;2.3368e-07;0.000315694;0.00167981;4.33146e-05;4.95387e-08;0.0107321;4.98009e-07;2.07443e-05;2.3953e-06;0.088122;0.000330738;0.00694711
0.000452584;0.0142718;5.27853e-06;0.000136738;4.52582e-06;0.00210004;0.000674775;0.00137066;0.000510931;0.000226806;0.0113695;0.00466046;0.964204;1.17576e-05
6.9076e-06;0.00415115;0.990547;2.62721e-05;2.02798e-06;7.84146e-06;0.000640884;7.91105e-07;1.52382e-07;0.00039291;2.22613e-06;0.00421059;6.53431e-06;5.16732e-06
7.92589e-09;3.31495e-09;0.999999;2.83252e-09;1.34128e-09;1.49848e-09;5.64892e-07;6.28912e-09;3.05052e-08;1.4059e-09;1.60187e-07;3.18122e-08;1.20068e-10;2.50155e-11
1.68568e-05;0.00332721;1.81855e-06;7.83449e-08;8.28392e-06;2.1736e-06;2.09251e-07;0.99563;1.35144e-05;2.94758e-07;3.20556e-06;9.27901e-05;0.00082343;8.01353e-05
1.59265e-06;0.00106831;3.23213e-05;1.5135e-06;5.27074e-05;6.14084e-05;2.3056e-08;0.00121161;2.01684e-05;1.96134e-07;0.000142838;0.9966;2.6273e-05;0.000781249
3.23038e-07;0.99939;6.13999e-07;2.27344e-08;5.32051e-09;1.59144e-10;1.57102e-07;0.000595139;2.71341e-08;4.02769e-08;4.62076e-07;7.67328e-06;5.53326e-06;1.03587e-07
2.32542e-05;0.997304;1.23274e-08;2.80735e-07;5.17826e-06;7.50585e-07;0.00184915;0.000428047;5.94903e-06;0.000112012;1.20361e-07;1.90175e-07;0.000112405;0.000158906
1.26525e-09;7.40987e-11;1;3.48786e-10;1.59087e-09;2.17825e-11;5.93191e-10;1.78835e-09;1.60875e-09;6.60389e-11;3.83777e-10;1.23518e-08;3.50297e-12;2.02595e-12
0.000939023;0.159902;3.36964e-08;1.4085e-05;0.00225675;5.22174e-06;1.13734e-05;0.701857;0.106536;7.86858e-06;0.00107809;0.00567059;0.0215642;0.000157397
0.000104467;0.926191;0.000729888;0.000466357;0.00144128;0.00310535;6.97493e-05;1.07359e-05;3.6286e-05;0.00189384;2.56424e-05;0.000140971;0.0622758;0.00350829
0.000403138;0.00841304;0.0432639;0.000133201;2.45202e-05;5.02839e-07;2.21494e-06;1.16792e-05;0.000338793;8.76772e-07;9.58661e-06;0.94739;5.45429e-06;3.14507e-06
6.9212e-05;4.04177e-05;3.35957e-09;3.84207e-05;9.66331e-08;8.87992e-08;0.000114712;4.2326e-06;0.996535;2.10627e-06;0.00319257;2.26587e-06;8.4224e-07;1.13591e-07
0.000638203;0.996934;3.77694e-08;4.15368e-06;7.36662e-08;4.26918e-08;7.25668e-06;1.98828e-05;0.000256583;5.25165e-07;2.25773e-06;0.000552365;0.00158367;1.22868e-06
1.02424e-06;2.68817e-05;3.27471e-10;4.75362e-08;3.79417e-05;2.38368e-08;4.07215e-10;0.999867;6.51093e-05;1.28758e-07;2.80439e-09;1.51987e-06;1.00384e-07;2.43372e-07
5.41739e-07;8.96637e-06;0.999974;5.72912e-06;5.26856e-08;1.44957e-06;1.40683e-08;3.68721e-08;3.4549e-06;1.31492e-06;7.72089e-07;2.96494e-06;1.34597e-08;1.15796e-06
0.00876213;0.00199774;0.000251997;0.000153301;7.92681e-05;0.00033763;6.25735e-05;0.0143628;0.840664;7.81873e-05;0.128684;0.00410929;0.000421714;3.59072e-05
