3.87052e-06;0.99615;4.34369e-10;3.24801e-06;2.37991e-06;7.89811e-07;4.41924e-05;0.00169401;3.00083e-06;3.34264e-06;1.58295e-05;8.31242e-06;0.00204937;2.12672e-05
0.00325572;0.957679;0.000122884;0.0023946;0.00884966;0.00123673;0.000512424;0.00818128;0.00177245;2.46836e-05;0.000155974;0.00234525;0.00161964;0.0118499
5.54648e-05;0.00220804;3.67081e-09;5.7332e-05;0.0002384;2.48264e-05;4.22302e-07;0.993137;0.000154247;2.6066e-06;8.95618e-06;0.00400132;7.14628e-05;3.97984e-05
0.000141165;0.852222;1.95445e-07;8.26334e-07;9.55289e-06;3.58308e-06;9.9099e-06;0.0406378;2.38588e-06;3.76038e-07;3.03441e-05;0.000171218;0.106768;2.58971e-06
1.27181e-05;0.182037;3.96054e-06;4.52599e-05;0.000237974;6.88604e-05;3.67564e-07;0.00970705;2.16557e-05;5.69724e-07;2.88273e-06;0.222244;0.584021;0.00159584
1.62428e-05;0.47559;0.00530351;0.00036921;0.00298456;0.000546564;1.25501e-05;0.0247624;4.82896e-06;2.54624e-05;0.000149552;0.209083;0.275392;0.00576058
0.000186203;0.336605;2.16709e-08;0.00116682;0.00204123;0.00235774;7.41128e-06;0.270872;8.81585e-05;7.54089e-05;0.00131359;0.013402;0.363346;0.00853861
0.000425784;0.910427;2.85771e-06;2.50784e-05;2.14998e-05;8.12179e-05;0.000266252;0.010545;6.63448e-06;1.65538e-05;0.000205983;0.0596921;0.0154357;0.00284796
8.1715e-05;0.010453;2.872e-06;7.10609e-05;8.4511e-06;2.12003e-05;1.32257e-05;0.00857045;7.1178e-05;1.55919e-06;0.00103382;0.00774604;0.971922;3.91537e-06
0.000121775;0.222352;1.28609e-08;0.00045332;0.00201574;9.93864e-07;0.00027834;0.771779;0.000528565;6.82284e-05;0.000843787;0.000130223;0.000146548;0.00128166
4.05057e-05;0.0518183;0.938453;0.00156551;0.000542346;0.000133904;1.96165e-05;0.00074432;3.22956e-06;0.00018911;0.000195629;0.00265126;0.00336587;0.000277782
3.55313e-06;0.00111532;1.88429e-07;5.42657e-07;3.79734e-06;5.20957e-05;2.25717e-07;0.000724605;4.47666e-07;3.25862e-08;5.36518e-06;0.00141745;0.996676;5.11871e-07
6.7169e-05;0.000390832;4.84797e-10;0.000633229;0.00693374;0.0262654;2.34391e-07;0.00225465;0.00507869;2.47901e-05;0.00367555;0.0271927;0.926264;0.00121876
0.00090885;0.0300196;0.968837;3.36457e-05;9.21338e-06;8.86652e-07;1.62568e-06;6.60118e-05;1.21531e-05;4.55846e-06;1.34085e-06;4.86651e-05;4.27305e-05;1.34899e-05
0.000103623;0.0210222;6.86793e-08;5.71196e-07;7.48188e-05;1.20347e-05;0.00033245;0.966201;0.00439471;2.97865e-05;5.31619e-05;1.52875e-07;0.00777392;1.83962e-06
8.82491e-09;1.38513e-10;0.999999;2.16932e-09;4.08387e-10;2.59999e-10;2.90244e-09;2.21005e-09;4.52478e-08;5.21348e-10;8.67849e-09;6.44095e-07;1.75332e-11;6.83322e-13
8.83342e-06;0.000235745;1.09267e-05;7.85248e-06;2.99703e-06;3.89291e-07;7.70477e-09;0.00086991;0.000983226;4.8939e-08;4.98173e-06;0.997843;1.43547e-06;3.02556e-05
1.48609e-05;0.00300308;6.0859e-09;2.56301e-07;1.03133e-06;1.33057e-05;1.82474e-09;0.000391593;2.84546e-05;3.26543e-08;3.42577e-06;6.98571e-07;0.996543;7.61255e-07
6.82371e-06;0.000146641;1.89585e-05;3.53327e-06;0.000105743;3.80839e-07;5.22401e-09;6.12323e-05;1.78433e-05;3.97332e-08;8.08478e-07;0.997745;1.40872e-07;0.00189318
9.81438e-06;0.00314608;8.80578e-06;1.68019e-06;0.000278294;6.61939e-08;1.81029e-08;0.996438;5.64631e-05;1.5647e-08;2.71216e-07;2.38099e-06;3.79022e-05;2.00016e-05
5.54977e-07;3.05061e-06;3.469e-08;1.59032e-09;1.25125e-05;1.57151e-08;5.0869e-10;0.999835;4.10391e-07;9.26405e-09;3.73275e-10;2.3942e-09;0.000148245;3.73856e-09
1.11956e-08;7.32172e-07;0.999994;2.17103e-08;2.53922e-06;6.32232e-07;2.87865e-13;1.98848e-08;6.65528e-12;2.12106e-09;6.64152e-11;8.20089e-07;2.53207e-09;1.16066e-06
2.71653e-07;0.998816;3.16838e-07;3.14603e-07;5.21536e-07;4.09904e-07;1.36799e-06;0.00110174;7.41336e-06;3.95739e-08;5.54279e-06;1.75091e-06;6.24403e-05;1.91965e-06
