0.000101472;0.972559;4.67794e-05;0.000102531;3.75217e-05;1.20192e-07;6.30195e-06;0.0257686;2.25615e-06;5.99097e-06;6.67562e-06;0.00133109;2.73403e-05;3.88492e-06
6.27868e-06;0.992968;4.02496e-07;1.08929e-05;2.81605e-06;1.64539e-06;0.00119099;8.13899e-05;3.10173e-07;0.00197348;4.30083e-06;8.23599e-07;0.000112564;0.00364614
6.71965e-10;1.56861e-09;0.999998;4.34499e-10;8.93317e-09;6.76001e-10;2.01733e-08;2.79243e-08;4.95311e-10;1.07774e-10;4.42566e-09;1.94903e-06;2.29712e-13;3.2293e-10
4.74378e-06;0.99284;6.77584e-09;6.27053e-06;1.25801e-05;1.64673e-05;0.000118829;0.000388604;5.18902e-05;1.2192e-05;1.47235e-05;2.42643e-06;0.00649912;3.17534e-05
3.79843e-06;8.89305e-06;0.00249525;9.97701e-07;3.40166e-06;4.18094e-07;3.92634e-09;1.44615e-06;1.22678e-06;5.29579e-09;5.01015e-07;0.997462;2.11131e-05;1.00327e-06
0.003951;0.040494;1.88664e-06;8.02977e-05;7.67237e-05;2.81089e-05;7.6562e-05;0.636598;0.283209;4.47849e-06;0.00913064;0.00199776;0.0242642;8.73198e-05
1.30437e-06;0.00126644;2.39947e-10;7.47599e-10;2.40318e-07;1.4361e-09;1.40605e-09;0.998724;1.78882e-07;4.36289e-09;2.64957e-09;1.35635e-07;7.99918e-06;2.25106e-07
1.94555e-06;1.02614e-05;8.52245e-07;1.45624e-05;0.985513;5.05675e-06;8.84988e-08;0.00551726;1.03043e-05;4.40744e-06;2.13996e-06;0.00691413;6.5268e-08;0.00200586
2.55198e-05;0.0166638;0.982407;0.0001568;7.50048e-07;4.05079e-06;4.26562e-06;2.07199e-06;6.03151e-05;3.162e-06;6.87185e-05;2.17627e-05;0.000566326;1.52396e-05
9.55845e-06;0.95424;4.73709e-08;6.23707e-07;1.39504e-07;5.36106e-06;9.76046e-07;4.78165e-05;9.17099e-06;3.3572e-07;8.69056e-06;0.00858139;0.036995;0.000101432
1.53172e-07;0.997963;1.29809e-09;5.52742e-07;2.74462e-06;7.21095e-07;8.52771e-05;0.000530424;4.44331e-07;7.90022e-05;4.5228e-07;3.08722e-06;3.09649e-05;0.00130366
2.17853e-10;2.55615e-09;0.999999;4.83545e-09;2.1609e-09;8.92736e-08;1.93956e-09;3.85916e-09;1.55629e-10;3.14677e-10;1.55039e-08;5.40918e-07;2.63446e-11;1.09699e-10
3.92691e-05;0.149536;9.8524e-07;0.000111696;1.54689e-05;0.000841354;1.92229e-05;0.00047721;4.66032e-05;3.50547e-06;0.0148777;0.0166649;0.813003;0.00436356
3.74889e-05;0.992594;0.000313619;8.75921e-06;2.16898e-08;1.89491e-08;1.06223e-05;9.37883e-05;5.25096e-06;1.91439e-07;0.00214639;0.00356064;0.00122875;2.09364e-07
3.62741e-07;0.997313;1.53937e-09;1.78022e-06;7.49961e-05;3.3656e-08;3.37934e-07;0.00206444;2.58918e-07;2.89155e-06;2.43576e-06;0.000292101;2.48942e-06;0.000244766
3.64278e-06;0.000946925;0.00937846;5.89409e-05;0.000475266;0.00435441;1.0804e-07;1.88742e-05;8.60844e-08;9.66637e-06;9.24438e-06;0.972233;0.000346195;0.0121647
8.78495e-06;0.00542422;5.81383e-12;3.86725e-07;9.73815e-07;1.6989e-06;7.59018e-07;0.000115367;1.88481e-06;4.45271e-08;0.000175129;8.9457e-05;0.994179;1.88272e-06
5.43084e-06;0.000256531;2.45944e-07;5.00834e-06;2.70911e-06;2.3174e-07;9.69175e-08;2.31946e-05;1.00495e-05;1.06263e-06;1.63371e-05;0.999543;0.000105894;3.0099e-05
1.16574e-06;0.997909;6.85999e-05;2.99292e-05;2.25491e-06;8.89725e-06;6.43439e-06;1.25092e-06;1.34655e-07;2.89946e-05;1.24993e-06;1.77413e-06;0.00192007;2.03261e-05
1.58439e-05;0.00856009;0.0023578;2.15392e-05;3.83847e-05;3.37544e-06;2.02733e-06;0.000410944;6.60212e-07;5.51705e-07;9.27118e-06;0.988437;9.10958e-05;5.1439e-05
0.000582264;0.856981;5.56548e-06;2.14932e-05;0.00013364;0.00135071;0.0761132;0.00322338;0.000414737;0.00126778;9.59655e-05;1.384e-08;0.0588991;0.000911608
2.18259e-07;4.80821e-08;0.999992;4.59658e-08;5.07664e-08;3.53571e-09;1.56174e-07;2.01346e-06;4.77396e-06;5.28675e-09;1.59171e-07;6.67353e-07;1.28154e-08;1.22339e-10
1.21022e-05;0.00414831;0.0892209;3.10215e-06;7.22252e-06;8.96683e-08;1.21842e-06;0.00115403;0.000389255;4.57493e-07;3.65542e-06;0.904852;7.83074e-07;0.000206974
0.00120616;0.59038;6.79775e-05;3.15385e-05;0.00312856;0.0119639;2.96715e-05;0.22164;0.00413652;6.13308e-06;0.000154935;0.000204642;0.154366;0.0126833
2.90282e-06;0.813104;1.4899e-08;6.93669e-08;7.41546e-06;1.82229e-05;1.23269e-06;0.011521;1.9858e-07;1.9697e-06;2.42574e-09;2.75108e-06;0.000314812;0.175025
1.51299e-12;8.89982e-12;1;7.76524e-13;1.86134e-11;1.11588e-11;1.02672e-13;2.74004e-11;1.01465e-13;2.62674e-13;2.24008e-14;1.67891e-09;6.6723e-15;5.23707e-13
0.000150425;0.139404;0.00688399;0.000518203;0.049318;0.249563;6.65053e-05;0.188278;0.00600343;0.000154434;0.000913455;0.0089981;0.305669;0.0440797
