6.76353e-05;0.995231;0.0012907;6.49378e-05;2.43463e-05;4.01522e-06;3.49385e-06;0.000568143;9.59212e-07;4.28215e-06;9.8778e-07;0.0023734;0.000297479;6.85822e-05
1.55476e-06;0.990504;5.71474e-08;1.40274e-06;4.36134e-06;9.50374e-07;2.20002e-06;0.00211046;2.65843e-06;1.16818e-07;5.72405e-06;0.00339922;0.00395984;7.89413e-06
0.000371953;0.624278;6.37729e-05;8.07669e-05;0.0241582;0.00193126;5.4662e-06;0.0145001;1.02383e-05;0.000198243;1.75003e-05;0.0358685;0.000529771;0.297986
9.99075e-05;0.0361314;0.000366425;7.40793e-06;6.70381e-06;2.68438e-06;3.07809e-05;7.20514e-05;1.79535e-05;1.44798e-06;0.000262098;0.962287;0.000704281;1.03962e-05
8.75188e-07;0.984461;7.22536e-09;1.74445e-06;8.94125e-07;3.28719e-07;0.0110682;0.00349762;1.28093e-05;0.000158162;1.07114e-05;7.13878e-07;0.000432932;0.00035408
3.4778e-10;4.79661e-10;1;2.17121e-09;6.44456e-10;3.81888e-10;4.4717e-09;5.50465e-10;1.81017e-10;6.34592e-10;4.91337e-09;1.05952e-07;2.58004e-12;9.84921e-12
4.41233e-06;0.00814373;9.40549e-09;7.68098e-09;8.43399e-07;2.00456e-08;5.59697e-08;0.990193;4.28946e-07;2.48113e-08;4.68853e-07;4.32866e-07;0.00165583;1.12826e-06
1.97894e-07;0.00158898;6.78528e-05;1.77586e-06;2.49959e-05;1.29697e-05;6.75351e-08;0.000194103;1.61181e-06;2.46791e-07;4.57069e-06;0.99695;9.35684e-05;0.00105865
1.93996e-06;0.0170609;2.013e-08;1.27724e-06;1.05875e-05;4.48807e-06;1.72737e-06;0.000710176;1.70425e-06;2.94608e-07;1.04923e-05;1.20446e-05;0.982183;1.27451e-06
0.00116264;0.00375748;5.6213e-07;0.000823261;0.970411;0.00277097;5.31697e-07;0.00805253;0.000652977;1.90192e-05;3.1511e-05;0.00181968;7.59834e-05;0.0104215
0.00136479;0.0170134;3.48829e-07;2.18807e-07;1.55093e-06;6.66371e-07;1.06333e-07;0.00104666;0.000119712;7.217e-08;2.46016e-06;0.00609298;0.974332;2.52875e-05
2.20691e-07;0.0130964;1.96836e-10;1.21675e-08;1.52169e-07;1.1654e-08;1.24598e-07;2.49764e-09;3.33016e-08;6.46006e-07;1.09311e-10;2.64492e-05;3.17451e-07;0.986876
8.44848e-05;0.000970456;6.81181e-07;2.30069e-06;1.32209e-06;3.27176e-07;0.0139726;0.0149222;0.969104;4.7091e-07;0.00086596;9.41789e-08;7.52011e-05;2.31016e-08
0.000133035;0.971386;1.57169e-07;0.000156445;4.96219e-05;5.47784e-05;1.91626e-05;0.00382383;0.00311252;4.43301e-05;1.43754e-05;0.000192897;0.0178877;0.00312476
0.000704112;0.0124472;4.41372e-09;2.2652e-05;0.00131355;2.1359e-06;8.5376e-07;0.983364;0.000568919;6.17969e-06;1.62989e-05;0.000817851;0.000575354;0.000161192
0.000219492;0.00946815;0.981178;0.000213046;0.000260993;1.33859e-05;3.62588e-05;0.000128096;2.94645e-05;0.000111169;4.30269e-05;0.00751051;0.000111982;0.000676167
4.53594e-06;0.0020477;3.88517e-09;4.98968e-07;8.83664e-09;3.90183e-07;0.990037;1.10356e-06;0.000682577;0.000651962;0.00655576;1.60426e-08;1.50713e-05;3.75539e-06
2.16955e-07;1.35416e-08;0.999739;9.51023e-07;1.11257e-07;5.22062e-07;0.000111212;2.78089e-07;4.07048e-05;1.3067e-06;0.000102783;2.9109e-06;9.79766e-11;3.49842e-09
0.000268739;0.91719;8.5995e-07;2.84647e-05;0.000124513;5.11403e-06;1.48309e-05;0.0780737;0.000759628;3.75222e-06;0.000200551;0.0024483;0.00080115;8.00526e-05
9.49045e-06;0.0523451;1.11196e-07;3.57052e-07;6.71196e-07;2.52859e-07;1.74648e-06;0.00287097;5.37901e-06;2.27704e-07;2.86224e-06;7.25908e-05;0.944686;4.60724e-06
2.5987e-06;0.000246378;0.00158321;5.72623e-06;4.91061e-06;1.20561e-05;1.134e-07;7.60738e-06;4.32742e-07;4.22857e-07;6.24483e-07;0.997359;2.59843e-06;0.000774677
8.26294e-08;0.99886;4.27255e-11;1.10652e-08;2.66494e-09;3.59994e-08;9.58338e-06;0.000232649;7.03055e-09;1.76482e-07;2.7857e-09;1.12187e-10;4.03649e-05;0.000856864
4.66029e-11;7.58586e-12;1;1.5436e-10;1.04355e-09;1.10947e-10;1.04013e-10;8.03729e-10;1.0459e-11;4.63999e-11;1.30309e-10;2.1225e-07;5.09047e-13;2.42505e-10
3.37207e-07;0.999632;2.17124e-09;3.2909e-08;4.39916e-09;6.39278e-09;6.15735e-06;1.32753e-05;9.37941e-08;6.72039e-07;1.68175e-07;1.2816e-08;0.00021864;0.000128341
1.7807e-11;5.08029e-09;0.999998;1.07608e-11;3.23572e-10;1.44075e-12;1.05882e-11;1.64871e-09;1.07233e-12;1.64573e-11;7.78206e-13;1.89099e-06;1.80665e-12;8.06285e-11
3.9571e-05;0.0369902;3.56146e-06;0.000301324;0.000452073;0.00825321;0.0010165;0.0150777;0.00897855;0.000243233;0.00241916;0.00033909;0.924611;0.00127438
4.65465e-05;0.081974;0.80212;0.00052188;5.68012e-05;0.000262552;0.00120692;0.000877676;1.44057e-05;0.000687725;4.87856e-05;0.111588;0.000270665;0.000324346
2.71222e-08;3.58276e-08;0.999998;7.03796e-08;2.25816e-07;2.28389e-07;4.45604e-07;1.26861e-07;1.0432e-08;2.56674e-08;9.87588e-08;4.61067e-08;1.08932e-10;3.32471e-07
0.000510767;0.161272;1.08179e-05;3.40031e-05;0.00338405;0.00124428;2.02322e-05;0.0424121;4.19209e-05;1.63436e-06;0.00028423;0.364835;0.295712;0.130237
4.7693e-05;0.0225306;1.30615e-06;2.20584e-05;0.00536593;0.000171175;3.67449e-06;0.0182899;2.96288e-05;3.45663e-06;0.000188631;0.918633;0.00236405;0.0323489
1.76069e-05;0.999279;6.31475e-09;1.10334e-07;1.44229e-06;5.88668e-07;9.25502e-06;0.000126454;1.12975e-07;1.81916e-06;5.2425e-07;1.85413e-06;0.000330618;0.000230945
1.15503e-09;1.38072e-10;0.999996;2.84623e-11;6.77154e-10;1.01342e-10;1.1144e-11;4.82842e-10;7.7292e-12;3.4597e-12;1.28255e-11;3.81807e-06;2.89163e-11;2.12987e-12
5.04466e-05;0.336405;6.20479e-05;0.000210725;0.000317871;0.00113572;9.11929e-05;0.518977;0.0037332;1.38682e-05;0.000256443;0.0146136;0.0860438;0.0380888
6.61539e-07;0.00275324;1.04053e-10;5.39152e-06;3.38773e-06;8.70091e-06;1.0596e-07;0.00039507;1.02312e-06;3.61959e-07;2.60897e-05;0.00185613;0.994943;6.50065e-06
2.96167e-05;0.00197038;6.41508e-05;2.93147e-05;4.74364e-06;5.80765e-07;1.23316e-06;1.17002e-05;5.55961e-05;1.1146e-06;5.28369e-05;0.997692;5.67085e-05;3.03042e-05
1.62638e-05;0.99774;1.06864e-07;1.1622e-05;7.44503e-06;7.09216e-07;1.19851e-05;0.000546448;1.92419e-05;2.70122e-06;9.54988e-06;0.00138399;0.000196589;5.3364e-05
3.03085e-05;0.496968;0.000168867;1.5369e-05;9.05462e-07;3.3206e-09;5.98511e-06;0.0076299;6.74994e-06;2.93326e-07;5.52182e-05;0.493919;0.00119933;1.91348e-07
1.59433e-05;0.836058;6.32492e-07;0.000101199;0.00108282;6.06145e-06;4.43005e-07;0.0201496;5.1959e-06;6.19658e-06;3.36028e-05;0.131657;0.00114914;0.00973446
0.000321976;0.0539778;5.25351e-06;5.32906e-05;1.71619e-05;0.00213785;0.000666938;0.000920155;0.000901942;0.000595378;0.00103289;0.00335226;0.935058;0.000958589
9.34204e-06;0.0654676;0.915408;3.05446e-05;5.23463e-06;2.8629e-05;0.000160453;2.12403e-06;3.79463e-07;0.000349198;8.59259e-07;0.0184839;1.69047e-05;3.63302e-05
5.8718e-09;1.67828e-08;0.999999;3.62198e-09;1.56533e-08;4.15344e-09;5.98803e-08;1.21574e-08;3.25243e-09;7.26044e-09;1.54817e-08;1.12347e-06;2.72519e-11;1.87829e-09
1.05951e-05;0.992417;1.81017e-06;1.63821e-07;4.43485e-07;6.93198e-07;1.07985e-05;0.000160341;9.7511e-07;2.09092e-07;2.71725e-06;0.00679079;0.000595429;7.9323e-06
2.74808e-06;0.0457779;2.26512e-05;2.33e-05;0.000319738;0.00674036;0.000422816;0.004104;1.03593e-05;0.000157266;2.71712e-05;2.81961e-05;0.000728626;0.941635
1.7701e-09;5.83592e-09;1;1.10595e-08;2.78896e-10;9.4838e-10;6.6007e-09;8.85638e-08;1.06948e-09;1.70148e-10;1.91139e-08;6.75534e-08;2.93149e-09;2.73849e-11
4.82552e-06;0.0949547;0.000361113;9.65284e-06;2.57468e-06;5.8467e-07;4.1014e-06;0.0238112;1.70367e-05;7.83495e-07;4.70249e-05;0.879205;0.000700367;0.000881343
1.1556e-05;0.866756;4.78178e-05;9.04202e-05;0.000834595;0.000314756;4.60088e-05;0.0530584;5.41861e-05;1.63205e-06;0.000338213;0.000985817;0.0754606;0.00199967
0.000266989;0.303047;0.00289712;0.00426834;0.0206302;0.241507;1.44128e-05;0.0347103;3.40724e-05;2.41396e-05;2.62452e-05;0.0349388;0.178279;0.179356
1.72379e-05;0.031136;0.000177508;1.42875e-05;6.25069e-06;4.78483e-06;6.14185e-08;0.967063;2.13633e-07;1.07257e-07;1.37421e-07;0.00117118;0.000405384;4.06984e-06
0.000150784;0.785151;0.000129044;0.000404453;0.000252849;0.00265033;6.96099e-07;0.159734;2.8403e-06;5.02067e-05;1.88921e-06;0.0109498;0.00395845;0.0365642
0.000117548;0.00432421;6.52939e-08;2.38119e-06;3.09223e-06;2.40491e-05;5.01518e-06;0.00880008;4.19404e-05;3.82211e-07;9.32353e-05;3.70811e-05;0.98655;8.13003e-07
0.000117791;0.986135;0.010055;0.000401172;0.000112306;4.43314e-06;3.13239e-06;0.000405572;1.59283e-06;1.23976e-05;1.11734e-06;0.000690275;0.00094886;0.00111158
0.000442583;0.71816;7.91504e-06;0.00039091;0.000302928;3.33717e-05;0.000122905;0.0679421;0.00168764;6.3993e-05;0.00124634;0.174443;0.0216235;0.0135334
7.81231e-05;0.131819;1.49199e-07;0.0328878;0.00655276;0.0319546;0.000117871;0.000954242;0.000644906;0.00115313;0.0357679;0.12142;0.017176;0.619474
0.000121818;0.993525;9.60957e-06;3.47794e-06;7.92211e-07;2.33587e-06;6.59874e-05;0.0026345;1.8182e-06;1.30731e-06;0.000440931;0.00279999;0.00039082;1.4439e-06
6.78486e-06;0.37867;1.7042e-05;3.40457e-05;0.000384198;7.22281e-05;1.91557e-06;0.368323;9.90009e-06;4.13107e-07;2.27493e-05;0.159892;0.0841672;0.00839822
2.36228e-06;0.000648336;2.05488e-07;2.85958e-06;1.45336e-06;4.90406e-07;2.59002e-08;0.00520797;2.32623e-06;4.24686e-08;8.07461e-05;0.000422294;0.993631;4.08944e-07
0.00016649;0.00124058;3.70118e-06;1.14182e-05;3.86976e-05;1.23967e-05;2.55805e-08;0.0734828;6.02433e-05;4.86453e-07;7.1192e-05;0.913102;0.0112149;0.00059525
4.87445e-06;0.973486;5.2474e-08;5.95813e-07;3.97781e-07;3.14318e-06;0.00176852;3.20628e-05;1.21929e-07;0.00136844;5.89628e-07;2.05443e-07;0.000155832;0.0231788
7.34124e-10;1.53463e-09;0.999544;1.69937e-09;3.83485e-08;3.21448e-09;9.74373e-09;5.77523e-09;5.00089e-10;1.59518e-09;2.28264e-08;0.00045639;5.31545e-12;5.97819e-11
3.19251e-07;0.996467;5.63686e-11;9.30415e-08;8.57345e-08;1.54803e-07;0.00314232;7.49013e-05;2.64931e-08;2.69868e-05;1.52417e-07;7.81094e-10;0.000219874;6.85038e-05
8.4048e-10;3.74564e-09;0.999998;7.21275e-10;2.7715e-08;4.5021e-08;2.08968e-09;3.60707e-09;1.20201e-11;3.9441e-10;2.11084e-10;2.21711e-06;6.04478e-10;3.34629e-10
4.20527e-07;0.00383736;1.47879e-09;4.28859e-06;2.68501e-07;0.000226018;3.93039e-05;3.56067e-06;3.5268e-05;2.30031e-07;6.88456e-05;2.4863e-07;0.995771;1.32573e-05
1.17971e-06;0.00214029;0.997601;1.82447e-05;4.98667e-07;5.90767e-07;0.000173628;3.04684e-07;3.53375e-08;1.05313e-05;1.06453e-06;4.57879e-05;1.21237e-06;5.57553e-06
1.9708e-06;7.21464e-06;0.999199;3.05288e-06;2.49659e-07;3.2969e-08;0.000283938;7.44955e-07;0.00011575;4.77442e-07;0.000366784;2.05939e-05;3.69583e-08;3.12012e-09
2.83237e-07;0.98165;1.35032e-08;5.15332e-07;4.22756e-08;6.7571e-09;7.53656e-07;1.09698e-07;5.68065e-08;3.57582e-08;9.80877e-07;3.9805e-08;0.0183476;1.6475e-08
9.65591e-07;0.00437488;2.26059e-07;1.56819e-07;1.2399e-07;1.3581e-09;1.15004e-07;1.24934e-05;2.68515e-07;1.5955e-09;1.24764e-06;0.995527;1.88288e-05;6.33171e-05
6.01343e-06;0.963222;1.53024e-05;7.54453e-07;5.80192e-05;7.04558e-07;1.31071e-06;0.0137315;1.44735e-08;1.67421e-06;2.14505e-07;0.00503211;0.0157714;0.00215871
3.80244e-08;1.33665e-05;3.22362e-07;4.86099e-07;9.48831e-08;0.00158856;5.74842e-07;1.07188e-06;2.05467e-07;1.8535e-06;7.07259e-07;5.45248e-07;0.99839;1.80603e-06
3.31859e-08;1.36596e-06;0.99999;3.03017e-07;4.09455e-08;9.29062e-08;3.2843e-09;5.40751e-08;1.35219e-10;2.07916e-08;7.46595e-10;8.25977e-06;2.04862e-08;1.63671e-07
1.60576e-05;0.990274;3.4486e-06;0.000108578;6.78258e-05;0.000255139;0.000106663;0.00228357;0.00056031;2.76829e-06;0.000725213;1.37702e-05;0.00451923;0.0010639
