7.07219e-06;0.050983;1.85416e-07;5.89659e-06;2.98725e-07;4.98933e-06;1.99457e-06;0.000301005;1.788e-05;1.14771e-07;8.04164e-06;0.000441964;0.948227;3.10402e-07
7.68781e-06;0.000348586;3.90874e-09;4.11515e-05;0.00045909;4.41e-05;4.07341e-08;0.0304798;3.53771e-05;2.56721e-06;3.70989e-05;0.968364;6.52182e-05;0.000114897
0.000103803;0.996049;4.99567e-07;5.51729e-07;3.17025e-08;4.62167e-07;9.1196e-05;6.62644e-06;8.89457e-07;1.72136e-07;6.69361e-06;0.000158716;0.00357946;2.46329e-06
5.36617e-06;0.12433;9.64459e-06;2.37675e-05;0.000116709;8.69623e-05;5.6101e-07;0.00528573;9.11113e-06;6.17954e-07;1.15673e-05;0.860268;0.00709017;0.00276172
0.000230182;0.440382;0.000996235;0.00175371;0.047817;0.0119899;2.10871e-05;0.195008;8.05232e-05;7.43562e-05;0.000156982;0.00955418;0.212057;0.0798783
2.49044e-06;0.986633;5.35417e-09;1.13984e-06;8.57203e-07;2.56126e-06;3.19416e-08;0.000493196;6.85017e-08;1.15488e-07;3.41391e-08;0.00396727;0.00480404;0.00409566
1.40032e-05;0.00726464;3.83105e-07;1.92234e-06;3.35094e-06;5.68688e-05;2.74563e-06;0.0177008;5.46755e-06;7.72708e-07;1.72362e-05;2.30356e-06;0.974924;5.37846e-06
4.01027e-08;8.42761e-08;0.999999;1.18392e-08;1.52635e-09;3.20592e-10;1.69849e-09;4.52769e-07;2.66722e-09;1.17863e-10;4.66596e-09;3.90647e-07;5.05074e-08;3.09265e-10
2.35902e-07;0.000118023;2.18286e-05;3.09502e-06;1.13358e-06;1.65181e-08;4.28888e-07;0.000111099;3.33452e-07;7.93577e-07;6.22647e-08;0.000181996;5.63618e-06;0.999555
3.87481e-07;1.03485e-06;1.3837e-11;9.3983e-07;0.0168307;1.53583e-05;1.3401e-07;0.983101;3.06464e-05;1.01627e-07;1.08031e-06;7.56782e-07;7.27676e-06;1.08958e-05
3.45094e-09;1.96091e-06;0.999949;1.04732e-06;4.25064e-05;1.33879e-07;5.06039e-09;2.34759e-08;2.27735e-11;5.56906e-08;3.74746e-09;4.86351e-06;1.60514e-08;6.21517e-07
9.21866e-07;0.97739;3.94965e-05;2.7056e-07;4.39293e-07;3.47542e-08;1.36635e-07;6.44121e-07;1.17637e-08;5.86918e-09;2.18206e-07;1.11994e-05;0.022556;4.46321e-07
3.83188e-07;0.0245731;4.35526e-05;7.97063e-08;7.48365e-06;2.28524e-08;5.58745e-08;0.209352;5.47878e-08;1.65437e-09;1.98155e-06;0.765716;0.000302628;1.79226e-06
5.06061e-07;0.772232;6.1523e-09;4.64928e-05;0.106914;0.00118838;3.71894e-10;0.0299106;5.46738e-07;1.57918e-07;2.33221e-07;0.000563777;0.0162475;0.0728954
9.80942e-06;0.0424531;1.67535e-07;1.91723e-07;2.37859e-07;4.18165e-06;3.37621e-06;0.00135813;1.54049e-06;1.08025e-06;3.40056e-07;7.65528e-07;0.956158;8.89255e-06
1.50963e-10;1.21309e-09;1;2.83167e-11;1.14809e-11;4.16433e-12;1.66124e-11;7.1404e-10;1.48384e-12;1.00883e-11;5.05096e-12;1.61223e-08;9.88372e-11;5.21148e-13
2.55268e-07;1.06869e-05;0.99047;1.0744e-07;3.74936e-07;9.48387e-08;4.72212e-08;9.30055e-05;4.39585e-08;5.00199e-08;3.95425e-08;0.00941141;7.10324e-06;6.54497e-06
7.36343e-08;0.00149729;7.40466e-06;1.16231e-07;0.000483652;0.00162084;1.01477e-08;3.39692e-05;1.67037e-09;1.17389e-07;2.02974e-08;2.90187e-06;0.00101103;0.995343
2.56469e-06;0.00962685;1.39279e-07;0.000781029;0.0022622;0.00180148;2.12176e-06;0.000848924;1.41441e-05;2.2385e-05;7.00067e-05;0.306784;0.00200393;0.67578
3.88039e-06;0.210681;3.48212e-08;1.62919e-07;0.000198049;3.99803e-07;1.913e-07;0.788867;6.46568e-08;8.8595e-09;5.30108e-08;1.47707e-06;0.000243053;4.02598e-06
5.66104e-07;0.807492;0.00118582;3.89839e-06;0.000155227;0.00138009;3.44885e-07;0.0397811;2.45058e-09;1.00861e-05;1.61024e-08;1.57417e-05;0.149944;3.0363e-05
1.84101e-09;9.4437e-09;0.999998;1.8689e-09;4.79425e-09;3.48389e-08;1.06876e-09;2.91246e-07;2.25551e-10;7.23639e-10;6.64241e-10;1.67857e-06;7.51264e-09;6.06605e-10
3.36286e-07;3.76406e-05;0.999817;6.53023e-07;4.61791e-07;1.07053e-06;6.79771e-08;5.487e-05;6.73507e-08;4.01937e-08;6.55401e-08;8.19459e-05;3.4388e-06;2.5355e-06
3.33875e-07;7.96245e-05;6.62883e-08;7.0244e-08;0.000222281;0.00128819;1.33893e-08;2.40644e-06;2.4512e-07;6.36103e-08;4.55952e-06;5.36409e-05;2.75048e-05;0.998321
0.000108474;0.992905;0.000130258;9.34569e-07;6.66894e-05;2.8731e-05;0.000285323;5.72934e-05;1.61738e-07;0.000172992;2.48327e-07;0.00139544;0.000711209;0.00413752
1.64694e-08;2.02982e-09;1;5.00436e-10;3.02573e-08;2.47112e-09;3.74912e-09;1.29461e-07;1.31695e-09;1.54496e-09;5.2288e-10;1.24163e-07;1.12764e-10;1.78279e-10
8.89007e-06;0.997819;3.33285e-05;1.29243e-07;5.40609e-07;5.06865e-07;3.32358e-06;0.00190162;8.97851e-08;6.15811e-07;5.36246e-08;3.85229e-06;0.000200144;2.79601e-05
1.35713e-10;2.01435e-09;0.999999;4.89642e-11;7.67512e-10;1.44991e-12;6.21249e-11;5.8103e-07;1.33406e-11;5.1261e-11;5.22997e-12;1.61109e-07;4.25483e-12;7.84946e-12
1.7339e-06;1.50177e-05;4.48906e-07;4.33003e-06;0.000293308;0.000138014;4.35583e-06;0.997742;0.000287537;5.52707e-06;2.32274e-05;3.59065e-05;0.0014283;2.06959e-05
2.60147e-06;0.995306;0.000620862;9.99643e-06;5.73422e-06;1.26667e-05;1.51963e-05;0.00378466;1.2607e-07;1.59239e-05;3.62105e-08;6.20648e-06;0.000213763;6.4761e-06
4.19494e-10;2.41599e-09;1;1.33382e-09;6.76304e-11;9.23147e-11;1.21762e-09;2.32391e-08;1.96281e-10;2.37243e-10;1.20565e-10;4.0776e-07;8.26276e-11;1.22749e-11
6.49263e-08;3.44624e-05;0.000152836;3.67298e-07;5.15614e-07;5.58208e-07;4.6223e-09;2.14978e-05;3.52226e-07;5.18591e-08;2.44777e-07;0.999678;5.37754e-07;0.000110872
1.48285e-06;0.989701;7.66841e-08;5.76376e-08;2.40093e-05;7.87079e-05;5.98256e-07;1.27737e-05;3.22081e-08;1.42434e-07;1.17863e-07;6.58522e-07;0.00908506;0.00109511
1.66684e-06;0.000157715;9.75098e-06;8.23644e-07;0.00194531;0.000125978;1.3057e-08;0.00541101;2.79839e-07;7.20354e-08;4.16626e-08;0.980866;0.000351635;0.0111301
2.72992e-05;0.0311561;2.04108e-07;1.29996e-06;8.96875e-06;5.34829e-06;5.48258e-07;0.965033;0.000929126;1.97004e-08;2.01509e-06;6.34091e-05;0.00277272;6.15616e-08
3.75556e-09;2.27667e-05;3.75779e-12;1.52446e-11;9.5768e-09;2.3072e-10;2.0372e-12;0.999975;1.58663e-10;2.30468e-11;4.2571e-13;1.48931e-08;1.94248e-06;5.0545e-10
2.90336e-07;0.000128732;1.13011e-05;1.39113e-05;0.00119525;0.0026348;5.32532e-08;5.16923e-05;1.47327e-08;2.20188e-06;8.1558e-08;0.0383755;0.00033744;0.957249
2.0017e-06;0.011361;3.02543e-07;2.16409e-06;7.4674e-07;5.03754e-08;3.89797e-07;0.000926974;3.85675e-06;1.75855e-08;8.34112e-05;0.00148333;0.986136;2.242e-08
1.1514e-07;0.999265;9.55523e-12;1.49272e-07;1.67664e-07;5.28749e-08;0.000264369;6.13411e-05;1.54732e-08;7.14529e-06;2.27542e-08;8.13233e-09;1.17257e-05;0.000389555
1.84596e-10;2.09702e-10;0.999995;4.59042e-09;1.3279e-08;6.57548e-09;1.14511e-09;1.00012e-09;5.4389e-12;1.91781e-10;2.31646e-10;4.52789e-06;1.63333e-12;3.42577e-12
6.36646e-06;0.984783;2.28e-08;0.00156041;1.51824e-05;6.47175e-05;0.00605712;0.00182936;0.000319191;4.54269e-06;0.00363299;1.99722e-05;0.00147679;0.000230436
1.13443e-05;0.940997;5.88571e-06;0.000565619;2.13958e-07;3.88456e-06;2.60272e-05;0.00235173;3.74211e-05;2.76467e-06;0.00299064;0.0471314;0.00587557;1.09214e-07
5.24151e-05;0.0575772;3.02103e-08;0.0003959;3.22461e-05;0.000250346;1.74053e-05;0.0229903;9.64735e-05;4.71401e-05;0.00045287;0.000632266;0.917401;5.39394e-05
0.000164256;0.00902817;0.951612;0.00043273;0.00020298;4.99257e-06;2.5352e-06;0.000187734;9.55445e-07;6.03229e-05;1.0392e-05;0.0382233;4.16689e-05;2.76973e-05
8.75172e-07;0.00905891;5.75763e-09;2.47819e-06;4.26705e-09;8.81708e-08;0.988488;7.93246e-08;2.69598e-05;0.00228836;0.000124229;2.5611e-09;4.44315e-06;6.11214e-06
1.6608e-08;7.31551e-10;0.999996;1.93233e-07;9.4409e-10;2.39585e-08;8.85656e-07;9.65505e-10;7.21867e-07;5.46578e-08;1.92578e-06;2.20396e-07;7.87669e-11;1.43695e-11
0.000105272;0.986687;5.08901e-07;0.00101136;7.38e-06;2.8305e-06;0.00159001;0.000784512;0.00360534;0.000115949;0.00342998;0.00244281;5.53631e-05;0.000161507
6.08633e-06;0.0199054;3.29943e-06;1.86465e-06;8.24961e-06;4.73999e-08;3.44558e-05;0.980013;5.78741e-06;4.57732e-06;7.29118e-06;6.35269e-06;1.98006e-06;1.38935e-06
1.96537e-07;4.9752e-06;0.999866;1.12439e-05;4.20149e-07;6.83072e-06;5.73724e-07;9.17632e-08;4.00167e-08;1.20552e-05;2.33048e-06;8.54598e-05;3.65592e-08;1.00966e-05
4.77114e-07;0.00242965;6.92118e-08;1.6731e-08;1.64877e-10;3.98435e-08;0.996517;8.48614e-09;7.52488e-07;0.00103489;1.40084e-05;3.28887e-12;2.11065e-06;1.23182e-06
3.06332e-11;8.04511e-13;1;1.10349e-11;9.56007e-12;4.03741e-12;1.38371e-09;7.96907e-11;1.13891e-09;1.62354e-10;4.77314e-10;4.35816e-10;2.06527e-15;1.80736e-14
