1.20235e-05;0.997599;8.18949e-06;2.94296e-05;6.60356e-07;1.26685e-07;3.94463e-07;0.000137758;1.6822e-06;5.22763e-07;1.95551e-06;0.00214366;6.46707e-05;6.9508e-08
3.11152e-05;0.71665;7.30112e-08;3.55344e-06;1.64036e-06;3.51327e-06;4.88424e-06;1.79697e-05;1.09668e-06;6.63263e-07;2.73319e-06;0.0618799;0.221386;1.75575e-05
4.92334e-06;0.164631;8.49716e-06;1.4781e-06;0.000468735;0.00029123;9.19642e-07;0.527466;6.45251e-07;1.80513e-06;1.33502e-06;0.0611027;0.24233;0.00369052
4.49396e-05;0.370567;4.92661e-06;0.00260124;0.00116099;0.22721;0.000168335;0.00918161;0.00263586;0.000490766;0.00708315;0.00140834;0.365041;0.0124024
0.000110712;0.128173;0.507515;0.00160364;7.1516e-05;0.00014508;0.00105483;1.46847e-05;9.57809e-06;0.00170735;0.000145556;0.356722;9.25167e-05;0.00263434
4.11494e-07;2.52034e-06;0.999949;5.00928e-07;1.19352e-07;4.72238e-08;6.4931e-06;5.42204e-07;9.51894e-07;1.47777e-07;3.73946e-05;1.60084e-06;1.92735e-08;7.54502e-09
1.09496e-05;0.610218;4.59446e-08;8.94499e-05;1.37034e-05;1.0984e-05;1.1292e-05;0.0165382;0.000654903;1.01388e-05;0.0017562;0.000715487;0.369968;2.10284e-06
7.1373e-05;0.0131496;0.0186834;0.000716397;6.62119e-05;1.51502e-05;1.14428e-06;9.97881e-06;4.06288e-06;1.42111e-05;0.00011627;0.944831;2.56107e-05;0.0222957
5.11178e-05;0.675351;1.07689e-08;3.91333e-05;5.20847e-07;1.61457e-05;9.10184e-05;0.0115165;5.49181e-05;3.89944e-06;0.00126271;0.00013456;0.311416;6.21269e-05
4.38791e-06;0.00834426;7.5447e-11;2.67963e-06;5.32927e-06;5.67722e-06;1.47873e-06;0.00073377;1.57829e-06;5.60905e-07;1.18148e-05;0.000173959;0.990671;4.34073e-05
2.91847e-05;0.0103328;9.02597e-06;2.9697e-06;3.7744e-06;5.86978e-07;4.32913e-07;0.000100943;2.6774e-05;1.49014e-06;4.97173e-06;0.989085;0.000391854;9.95425e-06
2.75217e-05;0.894463;1.26919e-07;7.28404e-06;2.53813e-07;8.18642e-06;1.93026e-05;1.32875e-05;6.79712e-05;8.41714e-07;3.99852e-05;0.00850944;0.0968432;1.21268e-07
0.00195396;0.281048;0.0193444;0.00300678;0.00614546;0.00104419;0.00318309;0.0379894;0.000284014;0.00981146;0.000244216;0.615317;0.00112383;0.0195039
6.43364e-08;1.1215e-07;0.999992;4.08107e-07;5.37334e-09;2.4938e-08;2.82631e-06;1.22841e-06;2.04037e-07;2.29935e-08;2.76383e-06;9.3098e-08;1.99759e-08;3.9185e-11
0.000374173;0.0619149;2.49732e-05;0.000174492;2.93192e-05;0.000302302;0.000128883;0.015405;0.00102135;6.23654e-06;0.0209684;0.883646;0.0147727;0.00123168
2.5918e-05;0.628869;2.77624e-07;1.89733e-06;5.87415e-05;1.16034e-05;2.34488e-06;0.0349636;5.33508e-07;4.15122e-07;7.56112e-05;0.000532281;0.335226;0.000231955
3.10533e-05;0.204259;0.000170456;0.000515231;0.000449913;0.00663737;1.61873e-05;0.000172508;5.14033e-05;0.000298291;0.000292333;0.214641;0.47706;0.0954053
5.19623e-06;0.0936644;0.897451;0.000288983;2.70537e-06;3.92978e-05;4.05515e-05;7.65577e-06;6.77441e-08;0.000304642;3.26872e-06;0.00781809;6.43804e-05;0.000309616
1.13085e-08;1.24105e-08;0.999999;1.37813e-08;1.02053e-07;3.25655e-08;2.85669e-08;7.02001e-08;4.15915e-09;3.50778e-09;8.69705e-07;3.13587e-08;8.83182e-10;3.33446e-09
1.11235e-05;0.00994307;7.31344e-07;1.49504e-06;0.00189673;0.000159128;8.10946e-07;0.979283;6.5511e-06;5.33302e-07;3.85093e-05;0.000620208;0.00716868;0.000869193
6.53e-05;0.013934;1.96191e-08;9.37528e-06;0.000861808;4.09506e-06;8.46776e-07;0.951793;7.20993e-05;1.34549e-06;0.000353681;0.0146008;0.018286;1.75294e-05
4.54369e-06;0.000128189;2.81806e-09;3.32695e-09;6.35277e-06;2.82854e-09;3.74987e-09;0.999856;7.5093e-08;2.32106e-09;1.09074e-08;2.498e-07;1.85055e-06;2.58699e-06
4.28966e-08;2.18825e-05;6.02634e-06;1.03283e-06;0.000337832;0.000110626;1.40682e-09;4.6483e-06;3.53268e-09;5.70371e-08;2.69393e-08;0.0103029;1.15832e-06;0.989214
5.59193e-06;0.00661819;1.02897e-06;5.51092e-06;1.1438e-07;9.47471e-08;9.78996e-07;0.000811952;3.13736e-05;3.84987e-08;0.000226136;0.000129497;0.992169;2.29199e-07
8.84966e-06;0.994502;1.82794e-08;3.80922e-05;3.86531e-07;6.88763e-08;2.79706e-06;0.00104904;2.95814e-05;2.6299e-07;3.47229e-05;0.00302479;0.00130315;6.06819e-06
5.09459e-07;0.021109;8.52641e-09;0.0001005;0.000821071;5.42714e-07;7.33598e-08;0.976216;7.95159e-07;5.16517e-06;3.4136e-06;0.00171746;1.77483e-05;7.27735e-06
1.387e-05;0.00783608;0.873268;0.0221749;0.000354737;0.00921829;2.33149e-05;6.05135e-06;8.49352e-06;0.000245683;0.0177865;0.0550597;9.20748e-05;0.0139129
0.000207588;0.00573838;4.5568e-08;1.39863e-05;1.36046e-06;2.85094e-05;1.86331e-05;0.000957533;0.000928512;9.23765e-07;0.984782;0.000352234;0.00696888;1.88281e-06
0.000691376;0.0810642;0.00137593;0.000225935;0.00722229;8.38011e-05;0.000451878;0.892311;5.02076e-05;0.000366872;0.00680059;0.00643645;0.000371065;0.0025487
2.6587e-06;0.996076;5.5714e-10;4.42388e-07;4.0107e-06;4.55172e-07;0.00102788;0.000165323;1.53283e-07;2.47321e-05;7.36566e-07;1.07041e-09;1.79002e-06;0.00269603
2.53193e-09;2.81387e-10;0.999996;5.30165e-10;1.22977e-08;2.30307e-12;2.09912e-09;1.09964e-08;6.72616e-12;1.11024e-10;2.27586e-09;3.57602e-06;1.46752e-12;6.96016e-11
2.88908e-05;0.0030566;4.40846e-08;7.32373e-07;5.76836e-05;2.18429e-05;0.000244188;0.989093;0.000321955;7.24428e-06;0.00016076;3.03228e-08;0.00685176;0.00015541
3.16816e-09;4.77393e-10;1;2.0171e-09;2.71771e-10;1.23968e-10;1.96977e-08;4.28291e-09;1.31031e-08;3.66111e-10;8.75122e-08;1.97034e-07;4.53435e-12;5.24007e-12
1.52978e-05;0.000322492;0.996534;8.19612e-06;9.71771e-07;2.38301e-06;3.14355e-06;0.000122379;3.38396e-05;2.20943e-06;4.84599e-06;0.00293946;1.75191e-06;8.76012e-06
9.93436e-05;0.000696049;0.000368901;1.69649e-05;0.0141531;0.961959;1.9933e-07;1.42694e-05;9.64682e-05;8.86011e-06;9.52489e-06;0.00034385;0.0151236;0.00710983
6.62248e-06;9.10001e-05;1.16124e-07;6.80793e-07;0.000285543;0.00447607;1.62586e-08;1.04069e-06;2.44826e-06;7.37898e-07;9.01649e-08;0.000382776;0.994601;0.000151438
5.95607e-05;9.96746e-05;0.978681;7.92992e-07;0.00385915;1.37132e-06;4.38805e-09;0.017284;6.27351e-07;1.14017e-07;2.32181e-09;3.39629e-06;5.59255e-06;4.76085e-06
8.74119e-06;0.000887357;3.38641e-06;1.38621e-05;3.60632e-05;1.08687e-05;1.21443e-07;0.992844;0.00181525;2.18996e-06;1.06819e-05;2.57241e-05;0.00434013;1.44837e-06
