2.51202e-06;0.998841;9.44908e-09;3.36673e-08;2.5114e-08;5.93828e-08;0.000285893;3.40969e-06;3.23369e-08;3.49995e-05;2.30286e-08;2.90405e-07;4.24096e-05;0.000789523
1.25871e-09;1.05765e-09;0.999853;8.67473e-10;9.60226e-08;4.19054e-09;4.27037e-09;1.42531e-08;2.61756e-09;1.68148e-09;1.10456e-08;0.000146492;5.41063e-12;5.99397e-11
1.01168e-07;0.998886;2.77713e-11;1.44557e-08;4.30862e-08;7.57477e-09;0.000859369;6.31875e-05;7.26678e-08;3.95645e-06;5.36531e-08;9.35647e-11;0.000158376;2.85023e-05
2.58692e-10;2.1486e-09;0.999999;3.55605e-10;1.9647e-08;1.22646e-08;3.86517e-10;2.04036e-09;5.25162e-11;1.35161e-10;6.95263e-11;1.23792e-06;7.23719e-12;9.79052e-11
1.09832e-05;0.986488;2.59026e-07;0.000328363;7.63859e-06;8.29374e-06;0.00335331;0.000184497;0.000505038;1.13542e-06;0.00110235;0.000193457;0.00760804;0.000208506
4.95183e-07;0.0102972;4.16717e-11;1.71288e-06;4.81694e-06;8.24181e-09;2.6414e-07;0.989668;1.20637e-05;7.68678e-08;1.38045e-05;7.67181e-07;7.57203e-07;1.4274e-07
9.00229e-05;0.12495;0.838487;0.00475579;0.00041039;0.00276331;2.01067e-05;2.00188e-05;5.95221e-06;0.000158895;0.0001621;0.0138813;0.00779858;0.00649631
0.00816105;0.15189;3.05449e-06;1.15457e-05;0.000105515;0.000145131;2.03493e-05;0.804095;0.000872374;2.59456e-06;0.000382239;0.00300069;0.0306316;0.000679339
0.000197927;0.227915;6.12726e-06;6.51977e-05;0.00124136;0.000378779;6.92716e-06;0.011271;0.000114167;3.08623e-06;0.000207949;0.728442;0.00249094;0.0276598
0.000463264;0.29648;0.00866714;3.71089e-05;6.31172e-05;8.11964e-08;1.41624e-05;0.685771;9.16625e-05;6.01751e-07;0.000484095;0.00671389;0.00121154;1.47843e-06
0.000280799;0.589912;6.65251e-05;0.00462539;0.0240702;0.000238805;3.20884e-06;0.00923099;0.00955529;0.000202811;0.0133913;0.240406;0.00329781;0.104718
0.00734951;0.0173516;1.58102e-05;0.000377214;0.000401078;0.000132151;0.000111302;0.0142569;0.681108;0.00019129;0.249738;0.0168322;0.012007;0.000128436
1.49884e-05;0.00866501;2.0789e-07;2.05371e-07;0.00015988;8.9719e-06;1.8163e-06;0.990928;1.1448e-05;1.53552e-05;1.23703e-06;1.2372e-06;0.000180684;1.07468e-05
9.43554e-09;1.96822e-09;1;2.01728e-09;2.87807e-09;2.62242e-11;3.72316e-09;7.33033e-08;3.20035e-09;1.00962e-09;2.63501e-09;2.63269e-07;1.60577e-10;1.09379e-11
1.49941e-05;0.000347375;0.000378307;2.43627e-05;3.84864e-05;8.40144e-07;2.7245e-07;0.0147301;0.00228855;2.77921e-07;0.00027468;0.981661;4.95587e-06;0.000235674
0.00389118;0.594815;0.00245148;4.98569e-05;0.0126149;0.000293335;3.05705e-05;0.25285;0.0031195;5.96528e-05;0.00139237;0.000479935;0.127251;0.000700687
4.62632e-05;0.0429867;8.23442e-07;6.54601e-05;0.00662937;0.000258734;4.46154e-08;0.0446663;0.000187197;5.24347e-06;3.18095e-05;0.893156;0.00753899;0.00442723
6.96526e-06;1.24446e-05;6.28566e-10;1.52547e-09;9.01184e-07;7.87632e-09;3.92466e-08;0.999967;1.14375e-05;5.75444e-08;4.90728e-09;3.18738e-11;1.15186e-06;2.15656e-08
5.60151e-09;3.25006e-09;0.999996;6.77011e-10;9.25856e-09;6.93614e-11;1.77214e-11;2.30279e-09;7.68388e-10;3.61002e-11;4.16356e-11;4.41578e-06;5.1351e-11;1.28264e-10
0.000181593;0.0511186;3.44998e-05;0.000115954;0.00018118;3.069e-05;1.69812e-07;0.254407;0.00575271;3.64512e-06;8.50708e-05;0.681165;0.00364693;0.00327669
4.05666e-05;0.93794;1.69151e-08;4.67977e-05;1.28355e-05;0.00150897;2.90501e-05;3.85517e-05;0.000184141;2.39508e-05;0.00042559;0.000211803;0.0594391;9.81636e-05
6.72464e-06;0.927706;1.87073e-06;9.57429e-07;4.78065e-07;3.4195e-07;6.57785e-08;5.79394e-05;1.65095e-06;1.67021e-08;1.56942e-06;0.0721802;3.95139e-05;2.33334e-06
8.99196e-09;0.999818;1.39681e-13;2.85528e-09;5.46425e-07;1.24923e-08;9.03644e-08;1.22994e-06;4.23833e-10;6.07866e-08;5.09894e-12;3.96295e-11;4.28428e-08;0.000180233
1.3508e-07;4.21016e-05;0.999931;2.56908e-08;1.02799e-09;1.16494e-09;1.64619e-08;9.36084e-06;5.18194e-08;6.11555e-11;1.56052e-08;3.86676e-06;1.4035e-05;5.31585e-10
3.16256e-07;0.000330751;1.88814e-11;5.27113e-08;1.65616e-07;4.27629e-10;1.03762e-08;0.999607;8.6234e-06;1.36177e-08;2.30732e-07;7.89937e-08;5.23561e-05;4.82357e-07
8.84407e-05;0.0200048;1.15395e-07;5.33512e-05;0.000330147;6.45024e-08;6.47093e-06;0.196653;0.0103054;2.20862e-06;0.000121582;0.772372;4.61682e-06;5.81101e-05
8.31357e-05;0.999084;3.45412e-05;2.89827e-05;1.12479e-06;1.33172e-08;7.25067e-05;3.11052e-05;6.94837e-05;8.33273e-07;5.5492e-05;4.4072e-07;0.000532547;5.62147e-06
7.30428e-06;0.0988022;2.35941e-06;2.62631e-06;1.00531e-07;1.35881e-08;1.30647e-07;2.56941e-05;0.000181341;1.55817e-09;0.000232061;0.895841;0.00487144;3.40076e-05
2.92198e-07;0.987177;2.99321e-10;5.00393e-07;1.62832e-06;9.42709e-09;2.91816e-09;0.000141992;5.58939e-08;4.15588e-09;1.81705e-08;0.0119027;0.000598387;0.000177482
3.20949e-05;0.24612;1.53276e-05;7.86481e-06;0.000299756;4.2049e-06;1.37269e-07;0.726767;5.45115e-06;1.20098e-07;2.54006e-06;0.00344498;0.0229177;0.00038205
1.55564e-07;1.11513e-05;3.32627e-07;3.5027e-07;1.10683e-07;0.000673931;1.31059e-08;1.84143e-06;1.52015e-07;7.3349e-07;2.36472e-07;2.41584e-07;0.999311;2.10696e-07
6.54061e-09;2.86744e-07;0.999996;1.68551e-08;3.38197e-09;3.89848e-09;2.43359e-10;6.35696e-09;2.67026e-11;3.83769e-09;3.57975e-10;3.66768e-06;2.39891e-09;8.37298e-09
3.26599e-06;0.984812;1.4133e-05;3.57816e-05;2.26025e-05;1.89665e-05;7.44348e-05;0.00570186;0.000183244;2.87511e-06;0.000807419;2.53886e-05;0.00825621;4.12714e-05
