1.68773e-06;2.10706e-05;3.774e-11;1.88456e-09;8.00306e-08;4.04887e-10;2.6743e-08;0.99997;5.31548e-06;2.9928e-09;1.81157e-07;1.88586e-09;1.24419e-06;1.7303e-08
0.000201379;0.938008;1.19913e-05;6.39762e-06;1.73415e-06;2.73745e-07;0.0457967;0.000524661;0.000145307;0.000687205;5.90144e-06;0.000332019;1.56941e-06;0.0142768
1.26695e-09;8.94617e-10;1;4.09643e-10;1.74334e-09;9.11879e-12;6.81103e-09;1.84001e-08;3.60925e-09;8.97008e-12;3.88761e-09;3.28339e-07;3.36525e-11;1.96639e-12
4.80608e-05;0.811296;7.82579e-06;0.000136136;0.000166758;3.39074e-05;0.000497984;0.0298701;0.000697737;8.91517e-06;0.000543448;0.00469683;0.148788;0.00320848
4.47271e-05;0.79741;0.000659978;0.0193236;0.00976969;0.00651036;1.93149e-05;0.0296093;0.000209258;0.00014074;0.00164624;0.0391717;0.00868056;0.0868043
0.000330698;0.925101;0.000697712;0.00128702;0.0007238;1.14476e-05;3.35371e-05;0.0301588;5.4846e-05;1.60115e-05;0.00142417;0.0319291;0.00267396;0.00555839
6.32084e-05;0.98887;0.000671305;4.71043e-05;4.0546e-06;9.00007e-07;2.1031e-06;0.00343636;4.57834e-06;5.36608e-07;6.39908e-05;0.00430578;0.001021;0.00150883
0.00013504;0.223074;0.000156952;1.94129e-05;0.000220779;0.000672846;8.01557e-05;0.460761;1.87724e-05;0.000252923;5.4271e-05;0.000588247;0.309469;0.00449611
7.20095e-10;2.48312e-10;1;1.08582e-09;4.80797e-11;5.19513e-10;2.84421e-10;4.09909e-09;2.9735e-10;2.79729e-11;6.65846e-10;3.39641e-07;1.49892e-10;5.27996e-12
7.71826e-06;0.000776496;0.00315451;4.24381e-05;6.13328e-05;3.48821e-05;4.13473e-08;0.00718214;2.57255e-05;1.15295e-06;4.30406e-05;0.988245;4.7408e-05;0.000378423
1.65174e-06;0.988161;4.15235e-08;1.07337e-07;8.25257e-07;2.48823e-05;3.03886e-07;1.57707e-06;1.32423e-08;1.48401e-07;2.76387e-07;4.00003e-06;0.0111946;0.000610236
8.75443e-07;0.00328246;2.72077e-06;5.91194e-06;0.000438463;0.000424897;1.54859e-07;0.000749414;3.21858e-07;5.57487e-07;2.98063e-06;0.993774;0.000267144;0.00105024
2.99259e-05;0.783747;7.78871e-06;3.70107e-05;4.82675e-05;0.00105731;1.01386e-05;0.00958939;8.54639e-05;1.73091e-07;0.000117926;0.00141026;0.203848;1.18266e-05
3.2727e-05;0.792116;6.3543e-07;0.00013238;0.00136833;0.00231387;2.49275e-06;0.140031;3.20379e-06;2.31582e-05;1.56533e-06;0.00233497;0.0538061;0.00783336
0.000517995;0.448937;0.00640364;0.00808689;0.00118765;0.00173076;1.43508e-05;0.0652365;3.57252e-05;0.000584151;4.37038e-05;0.459962;0.00370809;0.00355216
0.000115567;0.948938;1.08574e-07;3.48466e-05;8.55067e-06;0.000110555;0.0111244;0.000308424;1.19412e-05;0.0019888;3.96056e-05;3.60493e-07;3.94048e-05;0.0372797
9.6922e-08;1.24831e-08;0.999988;2.45984e-08;1.33851e-08;7.96585e-09;1.24175e-08;1.27614e-07;1.0572e-08;2.38737e-09;4.96221e-08;1.19835e-05;4.69773e-09;3.02867e-10
0.000514261;0.618468;0.0593366;7.67183e-05;2.98426e-05;0.000106299;3.08075e-06;0.0310963;0.000123056;3.65754e-05;3.19634e-05;0.275912;0.0113915;0.00287346
1.43006e-06;0.977412;6.78806e-09;2.48094e-07;8.70026e-09;9.2585e-07;0.0215949;1.53358e-05;1.39615e-06;0.000591481;1.53159e-06;3.88642e-10;0.000203884;0.000177298
3.77604e-12;7.54739e-13;1;7.35933e-12;1.716e-12;1.77792e-12;2.22426e-10;5.06513e-12;4.0091e-12;2.68087e-11;7.90527e-12;1.8376e-10;9.83097e-16;1.64742e-14
