1.54188e-05;0.99834;0.000405517;1.68849e-05;4.59085e-06;2.04508e-06;2.04198e-05;0.00068584;3.70818e-07;2.49329e-05;7.07838e-07;0.000125027;0.000355137;3.3113e-06
1.55841e-09;1.9815e-09;1;5.58772e-09;3.38852e-09;6.2795e-10;2.76022e-08;1.08984e-08;1.27062e-09;4.1822e-10;1.93646e-08;4.3972e-07;2.42334e-11;6.71687e-11
4.87237e-05;0.0101521;0.00111549;3.2278e-05;3.36076e-05;9.40965e-06;1.05864e-06;0.00294163;0.000161107;1.40403e-06;0.00136167;0.979902;0.00363161;0.000607555
2.17599e-05;0.792227;1.20198e-06;3.60019e-05;0.0139979;0.00030814;8.04997e-06;0.0429409;0.000260439;1.51113e-05;0.00231504;0.0445468;0.00190874;0.101413
5.89002e-06;0.765514;7.67621e-07;7.07542e-07;1.68663e-06;3.38653e-07;3.2006e-06;2.48084e-05;4.66915e-07;3.79578e-07;2.90898e-06;0.230943;0.00330287;0.000198914
2.0555e-05;0.168204;3.59109e-07;1.29687e-06;0.000161158;0.00064617;6.08837e-07;0.468626;7.80838e-06;5.00775e-07;1.14061e-06;0.243932;0.117193;0.00120601
6.50152e-05;0.0637795;3.50587e-05;8.65015e-06;2.0038e-05;3.91981e-05;5.81076e-07;0.0459074;7.93011e-06;3.21979e-07;5.97755e-06;0.122328;0.767726;7.65379e-05
0.000136722;0.0785499;3.7823e-05;3.00251e-05;0.000180213;1.68792e-05;7.56591e-07;0.691993;0.000239103;1.08508e-06;0.000221373;0.149806;0.0784822;0.000304742
2.9702e-05;0.9789;7.14007e-06;3.69223e-05;2.14838e-05;0.000413269;0.00451339;0.00421269;3.29069e-06;0.00383324;6.22811e-06;4.9865e-07;0.000198109;0.00782366
3.40242e-09;1.05449e-10;0.999999;1.28063e-08;2.13505e-09;8.25159e-09;7.04723e-09;3.51717e-08;1.9121e-09;1.26676e-09;1.46809e-07;5.87999e-07;6.01092e-10;1.79666e-12
9.30499e-07;0.549177;0.000124648;9.19135e-06;1.12522e-07;3.33432e-07;0.00150989;6.23727e-06;3.86762e-06;8.81687e-05;3.79667e-05;5.8208e-05;5.98448e-06;0.448977
9.17497e-05;0.777798;0.000136222;1.16785e-05;6.23871e-05;0.0138835;0.0400493;0.00945273;0.00353399;5.08568e-05;0.0131318;2.08403e-08;0.141687;0.000110816
1.93781e-07;2.79204e-07;0.999989;2.02973e-08;9.43631e-07;5.53277e-08;2.69895e-09;3.62183e-06;4.50461e-09;1.39838e-09;7.04375e-09;6.04951e-06;3.78981e-08;1.69916e-09
3.34818e-06;0.000100529;0.010161;4.63977e-06;0.000292809;0.000132119;3.32485e-09;8.49101e-05;1.70871e-06;6.42573e-08;3.373e-07;0.98696;8.83715e-06;0.00224933
4.11573e-06;0.539239;8.84191e-07;4.66736e-07;6.5176e-05;0.000150645;7.69185e-09;0.429863;1.1883e-07;1.5486e-08;9.51589e-07;0.00014627;0.0303265;0.000202838
1.34376e-05;0.461974;0.000658277;0.000187337;0.0590329;0.0022763;5.06953e-08;0.348503;3.13475e-07;1.12565e-05;5.54299e-07;0.0768486;0.000261924;0.050232
0.000406367;0.0807899;0.000339413;8.0773e-05;0.00292625;0.00202849;5.46837e-06;0.473602;0.000808561;8.62821e-06;4.12606e-05;0.000349864;0.438552;6.14528e-05
