5.73932e-07;1.942e-05;2.7846e-12;3.49545e-10;9.06284e-08;1.11117e-09;5.29412e-10;0.999978;3.76606e-07;3.74836e-10;8.63554e-09;2.21594e-07;1.715e-06;4.46386e-08
2.10431e-07;0.000615264;2.64946e-07;1.1048e-06;1.00908e-05;1.14353e-06;4.30762e-05;1.22828e-06;5.44875e-08;9.21332e-05;3.37915e-08;2.84267e-06;1.4046e-08;0.999232
4.99731e-09;1.5519e-08;0.999999;2.374e-09;2.22772e-11;5.75618e-11;7.14626e-07;2.67379e-09;2.45096e-08;3.73839e-10;4.26931e-08;2.08972e-08;1.73847e-11;1.54153e-11
3.28138e-07;0.995594;1.63359e-07;2.40286e-08;6.44338e-10;8.62567e-09;1.37053e-06;3.80004e-07;2.31505e-08;1.13891e-08;3.52062e-07;8.34796e-05;0.00431972;1.89801e-07
1.09161e-08;0.000288002;4.98678e-08;1.19989e-07;4.68975e-07;1.3095e-06;1.25616e-08;6.00991e-05;6.07146e-08;5.83063e-09;4.00399e-07;0.999596;1.1251e-05;4.19556e-05
3.59021e-06;0.949589;5.25721e-07;1.49476e-06;4.4445e-05;7.37402e-06;2.32047e-05;0.0398089;1.22998e-07;3.02819e-07;5.2509e-07;0.000978448;0.00541824;0.00412444
1.1648e-07;0.000914444;1.28151e-05;3.43822e-07;1.53411e-06;2.51275e-07;1.6892e-07;1.40952e-05;3.49656e-09;2.56621e-09;4.25206e-08;0.998929;2.32777e-05;0.00010443
2.02395e-09;0.997881;1.83091e-12;1.44339e-09;1.50974e-08;1.31145e-08;1.35263e-06;5.20764e-05;4.07282e-11;1.95755e-07;3.93532e-11;3.24245e-11;5.28398e-06;0.0020605
2.63809e-13;7.0289e-13;1;1.12623e-12;4.06737e-11;1.13584e-10;1.9342e-13;8.48646e-12;2.64056e-15;4.5735e-13;5.43021e-14;9.82218e-09;1.04613e-13;2.50751e-13
6.24536e-08;0.00165731;2.0684e-09;1.95715e-07;4.49478e-08;6.44639e-06;1.28794e-08;2.13736e-05;4.01349e-07;6.78071e-09;3.41331e-06;1.48465e-06;0.998309;1.15652e-07
6.7535e-06;0.000493882;4.14184e-06;1.69554e-05;5.04052e-06;3.20394e-05;1.18278e-08;0.000342131;1.97073e-05;1.54616e-06;4.84339e-05;0.996647;0.0019991;0.00038301
9.042e-05;0.982336;2.69729e-06;7.43719e-06;9.88644e-07;1.70103e-08;0.000139923;0.0166132;2.3961e-05;7.98568e-06;0.000639908;4.96119e-05;6.61024e-05;2.20779e-05
1.53428e-07;0.99956;8.29766e-11;7.28976e-08;7.22977e-08;7.56103e-08;2.54022e-05;1.81648e-05;1.71019e-08;3.10595e-06;1.62673e-08;3.72165e-08;3.61192e-06;0.000389368
1.45916e-09;1.58764e-09;0.999989;2.00899e-09;2.80711e-08;2.1232e-10;1.16121e-08;6.58127e-08;6.56109e-10;1.45145e-09;3.80936e-08;1.0491e-05;6.62883e-12;9.52257e-12
5.49697e-08;0.00132261;5.46038e-10;6.38783e-08;4.6942e-08;2.08113e-08;0.998475;4.89943e-08;3.61463e-06;0.0001668;2.94013e-05;1.42958e-11;8.56819e-07;1.04248e-06
3.53692e-09;1.23422e-09;0.999998;5.91481e-09;7.27946e-10;2.51962e-10;9.16078e-07;3.88318e-09;6.89082e-08;6.50594e-09;1.92293e-07;2.39761e-07;3.62919e-12;1.68908e-11
0.00114151;0.669061;1.40575e-05;0.000218747;4.99381e-05;2.91346e-05;2.7165e-05;0.0528685;0.00154101;1.70319e-05;0.000242653;0.031731;0.242394;0.000664892
6.41643e-05;0.213483;1.39807e-07;2.54989e-05;0.00175586;1.18207e-06;5.32499e-06;0.769828;5.53012e-05;5.93203e-06;4.79698e-05;0.00816911;2.48079e-05;0.006533
7.952e-05;0.0272778;0.953646;0.000177675;0.0108642;3.27087e-05;5.97112e-07;0.0043216;3.24403e-06;1.62886e-05;0.000107466;0.00283896;0.00032707;0.000306352
1.68202e-06;0.00374691;1.77782e-09;4.54996e-08;3.2775e-08;3.33264e-08;0.995442;4.12558e-06;0.000359629;9.20515e-05;0.000341754;1.59821e-08;2.34908e-06;9.85341e-06
1.18762e-07;3.02593e-08;0.99997;1.58196e-07;8.39291e-08;2.55376e-08;3.60554e-06;3.80769e-07;5.40979e-06;2.61813e-07;9.21918e-06;1.01399e-05;1.77337e-10;1.39302e-09
6.39361e-06;0.997227;6.61355e-07;9.02309e-06;3.88315e-06;4.24981e-06;4.75085e-06;0.000107403;4.07437e-06;4.97458e-06;6.0585e-06;3.92619e-07;0.00261247;8.14853e-06
0.000221448;0.0195603;0.00373926;3.3648e-05;3.0022e-05;3.08328e-06;3.98146e-06;0.00114818;4.43895e-05;7.00889e-07;4.01369e-05;0.973233;0.00177972;0.000162598
0.00529743;0.219717;1.64141e-07;0.000203736;0.00534239;5.21872e-05;0.00175456;0.22207;0.518626;7.17273e-05;0.014518;0.00231805;0.00996408;6.52048e-05
0.000468859;0.862469;0.00137241;0.000156948;0.00225049;0.000469692;1.87986e-06;0.000935675;3.92949e-05;2.57707e-05;9.56599e-06;0.000927903;0.129277;0.00159578
1.10152e-05;0.144492;7.05398e-07;3.16247e-06;5.50221e-06;5.37653e-06;1.60616e-06;0.00782057;0.000358332;2.13035e-07;0.000642467;0.843293;0.0033118;5.47518e-05
2.33735e-05;0.199115;2.04911e-05;1.65378e-05;0.128476;0.000488061;1.38921e-08;0.239916;3.3295e-06;1.38083e-06;2.47227e-06;0.0043013;0.426563;0.00107253
4.63576e-05;0.327279;1.29364e-06;7.94485e-05;0.00103033;0.00527186;0.000279847;0.032776;9.18619e-05;0.00242836;1.83926e-05;1.12959e-05;0.627931;0.00275479
8.61464e-10;2.4405e-10;1;1.45668e-09;7.66351e-11;2.37446e-10;3.34973e-09;7.18053e-10;3.82178e-10;1.02536e-10;1.34259e-09;1.07187e-08;5.18329e-11;8.22187e-13
8.0398e-05;0.000638033;0.00107608;0.000199658;1.69178e-05;0.000112656;1.15136e-05;0.000526371;0.00472788;4.56348e-06;0.0082679;0.98187;0.00137104;0.00109657
8.67164e-05;0.541489;4.07557e-05;1.3717e-06;0.00053292;0.000242534;1.10825e-07;0.00533775;4.28198e-06;1.05987e-06;1.22783e-05;0.000542984;0.451148;0.000560239
1.12024e-06;0.00470984;5.57492e-07;1.6098e-06;0.000718673;4.50486e-05;4.11839e-08;0.00129399;7.1968e-07;3.1036e-07;2.47833e-07;0.98841;0.000139426;0.00467865
0.00015286;0.361623;7.3599e-05;0.000236739;0.0189208;0.0119034;1.56843e-05;0.161781;5.19702e-05;3.49344e-05;6.80113e-05;0.000199747;0.409033;0.0359046
1.26632e-05;0.991897;4.25674e-07;2.03027e-07;6.20087e-07;3.43574e-07;0.00594577;0.000248769;4.07695e-07;0.000846805;9.91752e-08;3.53646e-07;0.000249111;0.00079704
1.30153e-10;4.82985e-11;1;1.24867e-10;1.64869e-09;9.83585e-11;7.54199e-10;1.4573e-10;4.23286e-11;2.56798e-10;8.27208e-11;1.23037e-07;2.44411e-13;7.94082e-12
8.29633e-05;0.92788;1.09412e-05;2.43808e-05;8.24779e-06;9.60423e-07;0.000156539;0.0444965;0.000478273;2.59479e-05;0.000100769;0.00761527;0.0191156;3.5182e-06
0.000227908;0.114727;0.000180714;0.000439452;0.0128262;0.000656097;8.00529e-05;0.0536969;0.000332983;2.43728e-05;0.000762958;0.440582;0.00930966;0.366155
5.53262e-05;0.986537;2.81021e-07;3.40192e-06;7.0026e-08;1.46135e-08;0.000100791;0.000158465;6.74353e-05;1.31166e-06;6.98863e-06;0.000456988;0.00453134;0.00808041
0.00012115;0.179848;1.25743e-06;2.18982e-05;0.00115614;3.5245e-06;2.15256e-05;0.25208;0.000184611;1.27859e-05;7.69891e-05;0.565287;0.00109028;9.52659e-05
1.1703e-05;0.831917;0.0862724;1.69808e-05;1.80908e-05;1.89807e-06;9.7211e-07;6.81694e-05;9.13346e-08;1.00709e-05;2.10651e-07;0.0793119;0.00187361;0.000496873
5.24605e-06;0.957532;1.20083e-10;5.58813e-08;7.03411e-07;2.72971e-05;0.00654259;7.34885e-05;4.76828e-07;3.89557e-05;8.98664e-07;4.03278e-08;0.000353785;0.035424
8.1396e-11;4.09451e-11;1;6.11062e-11;4.90114e-09;8.2292e-09;1.71167e-10;3.72343e-09;1.05744e-11;4.75601e-11;2.09213e-11;1.68782e-07;5.30775e-12;6.22964e-11
6.88099e-06;0.0015299;3.68635e-08;2.42307e-06;2.09331e-05;3.60534e-06;1.11678e-07;0.0240708;5.49589e-05;1.31928e-07;4.87628e-05;0.000262462;0.973985;1.3663e-05
0.000541937;0.982487;1.49235e-05;0.000297733;4.74551e-05;2.42248e-06;0.000164408;0.0146409;5.68652e-05;3.19911e-05;0.000166135;0.00091644;0.00043658;0.000195463
1.37575e-05;0.988912;0.000108771;0.000198862;1.39565e-05;1.54521e-06;7.32122e-06;0.000132339;1.89377e-06;3.35711e-05;5.00077e-05;0.000477758;0.0099781;6.98887e-05
7.10089e-06;0.0457974;7.19555e-08;6.13871e-05;3.68851e-05;0.000226067;1.69242e-06;0.000923666;1.71882e-05;4.8176e-06;0.000340727;0.00680491;0.945725;5.26987e-05
0.00021144;0.00561889;0.980995;0.000588525;0.00297343;0.000444204;1.60919e-06;0.00429452;1.95249e-06;1.04241e-05;1.44643e-05;0.000252084;0.000150572;0.00444321
1.7543e-05;0.0131969;3.78508e-07;3.10316e-06;1.94754e-06;5.89135e-06;0.00017909;0.000282154;2.00338e-05;6.68172e-06;7.08354e-05;1.20669e-06;0.986202;1.27157e-05
1.8474e-10;1.78314e-10;1;1.92087e-10;3.33054e-10;1.29787e-10;1.02486e-11;9.85847e-10;2.10155e-11;9.95135e-12;3.38652e-11;7.38565e-09;3.16586e-11;1.19589e-12
6.16768e-07;0.00114442;0.000390938;4.42614e-07;1.01794e-06;3.69437e-07;2.74939e-09;0.000315316;8.09096e-07;5.72393e-08;5.91516e-07;0.998051;7.77385e-05;1.70493e-05
4.71304e-06;0.95444;8.22551e-08;2.64206e-06;0.000275933;0.000142636;0.0371687;0.00515323;2.41501e-06;0.00102229;3.33151e-05;1.41151e-09;0.000549462;0.00120508
1.92932e-10;3.39529e-09;0.999999;4.75524e-10;3.36022e-09;2.54106e-09;4.38718e-10;1.81234e-09;2.67412e-12;2.78757e-11;4.11044e-11;1.13608e-06;5.38732e-11;1.46356e-11
5.42627e-05;0.0379509;0.000153067;3.98624e-05;0.0277527;0.000710388;1.01532e-07;0.781273;2.43171e-07;3.8482e-07;2.76412e-06;0.0705891;0.0574725;0.0240011
3.62168e-06;0.00115193;1.81556e-07;7.98133e-06;0.00162828;3.40422e-06;5.84157e-07;0.970606;5.23388e-06;6.99733e-07;5.38916e-05;0.00539066;0.0211474;6.59043e-07
6.11455e-06;0.104255;0.717622;0.000101459;0.000549684;0.00235698;0.000564254;1.20218e-05;4.98214e-09;0.00735136;1.49054e-06;3.47307e-07;1.13764e-05;0.167167
3.13445e-08;1.43877e-08;0.999998;2.50971e-09;1.39963e-09;1.91701e-09;3.86921e-08;1.14687e-07;6.09219e-09;2.68942e-10;2.94488e-08;1.30207e-06;1.42236e-09;1.6023e-11
1.01751e-05;0.85907;0.000505912;5.97168e-06;0.000121094;2.92213e-06;1.45807e-05;0.00665061;3.06569e-05;4.40451e-06;9.94708e-06;0.128269;7.18385e-05;0.0052334
1.9715e-06;0.775864;9.46605e-05;1.29931e-05;0.0414477;0.000938456;6.66625e-08;0.00112695;5.29932e-08;8.33086e-07;5.24276e-07;0.13215;0.0412033;0.00715815
0.000198451;0.731893;2.18775e-06;1.49459e-06;0.00032736;3.39861e-05;2.8809e-05;0.00375186;6.02113e-07;2.48735e-07;2.62107e-06;0.116624;0.143919;0.00321559
5.32192e-08;0.0153374;5.44918e-09;3.03033e-08;0.00220426;1.78985e-07;2.71696e-09;0.981316;7.41702e-08;1.46069e-09;4.03435e-09;0.00113215;6.32288e-06;3.27886e-06
1.04714e-05;0.100733;0.650454;0.000309155;0.0884186;0.0260128;4.54596e-08;0.00376685;1.33734e-08;4.59729e-06;1.35003e-07;0.110503;0.0133856;0.00640157
1.91426e-06;0.00450188;1.65042e-09;3.08379e-08;1.74491e-05;5.85204e-06;1.36136e-07;0.000412207;4.35892e-09;9.05708e-09;7.58576e-08;8.20902e-05;0.994939;3.95344e-05
7.81706e-06;0.00743646;3.66722e-05;2.02579e-05;0.000113357;1.04011e-05;1.08783e-07;0.00051954;4.30055e-06;5.86345e-08;5.49844e-07;0.964075;0.000340021;0.0274354
0.000180804;0.840426;2.61453e-05;5.76142e-05;3.76994e-06;1.53448e-06;0.00047912;0.00333488;0.00012615;2.57186e-06;0.000125067;0.0672421;0.0867891;0.00120502
0.000280661;0.639494;2.94897e-05;2.3785e-05;0.000335503;0.00016885;3.50106e-06;0.120787;5.41435e-05;2.07062e-06;2.54232e-05;0.130715;0.103613;0.00446641
1.72981e-07;0.995637;1.06458e-09;7.68646e-08;1.48366e-08;4.81551e-08;9.2343e-06;8.98556e-06;5.57953e-09;7.37607e-06;5.64337e-10;3.66159e-06;1.20293e-06;0.00433231
6.109e-12;5.17237e-12;1;1.56374e-11;2.3942e-11;3.56325e-11;5.08757e-11;9.50026e-10;7.82364e-13;5.2851e-11;2.72381e-12;2.83632e-07;1.2402e-13;2.92422e-14
8.73412e-08;0.000308543;1.90098e-07;3.72707e-07;8.27942e-08;8.97697e-06;0.996192;1.63585e-08;2.68216e-06;0.00340029;3.64723e-06;3.14125e-10;5.48295e-07;8.26175e-05
1.06412e-11;4.10414e-13;1;1.36138e-11;3.02011e-12;4.89981e-12;3.20497e-09;3.80137e-11;4.26669e-11;6.31216e-11;1.45111e-10;8.43732e-11;1.25822e-15;1.56324e-14
