4.25256e-06;0.999739;3.92779e-05;1.11123e-05;1.78362e-07;1.10464e-07;1.08275e-06;8.98103e-05;8.19107e-08;9.56947e-07;1.65166e-07;5.34426e-05;5.42158e-05;5.87558e-06
2.38579e-05;0.974785;4.04236e-08;0.000114963;4.41347e-05;4.02776e-06;4.93212e-07;0.0188417;8.671e-05;4.13048e-07;0.000106626;0.00403632;0.00172013;0.000235327
0.000182356;0.953793;1.40345e-07;3.4783e-05;2.87319e-05;4.48146e-06;4.09228e-05;0.0279889;0.000192664;2.94933e-05;2.96331e-05;0.00265103;0.0147647;0.000258861
0.000178404;0.00146852;2.72468e-07;3.19301e-05;9.34465e-05;4.64939e-05;3.3489e-05;0.00189259;0.00640447;1.68078e-05;0.00086891;0.98715;0.00136004;0.000454426
1.47075e-05;0.999178;3.39273e-09;1.31696e-06;8.70201e-09;1.93142e-08;0.000147113;7.20081e-07;3.5816e-05;2.72819e-07;1.65603e-05;6.38439e-05;0.000541231;1.63152e-07
0.000631746;0.577977;0.00147029;0.000411769;0.0014641;0.000487081;5.76717e-07;0.00689187;0.000173128;8.32192e-06;1.02207e-05;0.3865;0.0207253;0.00324796
2.57906e-05;0.996413;2.06302e-06;1.09392e-06;8.70647e-05;3.83347e-06;1.92086e-06;0.00202077;1.13941e-06;1.67362e-06;3.78164e-07;0.000533269;0.000158754;0.000749151
1.0221e-05;0.0224965;0.0075977;1.28833e-05;0.000319007;0.000150727;4.39011e-09;0.00033529;8.11509e-08;7.87911e-07;1.23658e-07;0.965482;0.000113552;0.00348131
4.29632e-07;0.953515;3.83075e-11;1.7536e-07;9.60976e-10;3.32453e-08;0.0461979;5.78337e-06;8.82604e-06;3.09806e-05;1.12406e-05;4.7983e-10;1.98018e-06;0.000227856
1.19228e-09;1.42198e-08;1;6.74643e-09;1.54109e-10;1.11858e-09;6.49167e-08;2.21192e-09;1.36254e-08;4.76965e-09;8.60273e-08;2.72311e-08;1.6774e-12;1.37181e-11
2.22185e-05;5.85324e-05;1.88312e-07;1.9588e-07;1.03475e-07;2.4908e-08;3.22864e-07;0.997075;0.00271491;5.34791e-08;0.000110697;1.62123e-05;1.45943e-06;1.86047e-08
8.90029e-07;0.985761;6.54686e-08;2.14097e-06;1.11968e-07;2.75731e-07;4.1528e-05;1.56647e-07;4.79913e-07;0.000124706;3.20835e-06;9.49193e-07;4.89853e-07;0.0140638
3.90496e-07;3.70993e-07;0.999904;3.27945e-07;6.98917e-07;6.70096e-06;1.49999e-07;1.17983e-07;4.89401e-08;1.18644e-08;1.95147e-06;8.42359e-05;9.3807e-07;4.99784e-08
1.11237e-05;0.0141568;1.62191e-09;3.45278e-07;2.93777e-06;1.17871e-05;3.34958e-08;0.00256864;7.3807e-06;3.69655e-07;2.90857e-06;2.93222e-06;0.983235;5.25671e-09
1.51225e-05;0.00127497;0.972161;3.35173e-06;2.51545e-05;6.485e-08;3.23863e-08;1.28181e-05;5.93018e-07;6.28765e-07;9.75561e-08;0.0264831;6.23241e-07;2.21025e-05
2.4566e-05;0.989361;5.88644e-10;2.53871e-06;3.48554e-05;6.02172e-07;0.00300674;0.00333605;0.0032504;0.00033544;1.61204e-05;3.05315e-08;0.000153527;0.000477614
5.42079e-08;4.22743e-08;0.999999;2.15441e-08;5.15834e-07;8.93093e-08;2.26357e-08;2.1809e-08;1.46908e-08;1.57325e-08;1.76116e-08;4.49209e-08;9.8855e-09;9.97324e-10
1.96792e-05;0.999195;3.35458e-07;1.54361e-07;7.1445e-07;7.72314e-07;5.90348e-06;5.69545e-05;2.21053e-06;2.75552e-07;1.21135e-06;0.000185641;0.000531077;4.67776e-07
2.5076e-06;0.0081568;4.46393e-06;2.44828e-05;0.000133507;0.000639644;6.8782e-07;0.000946057;3.53163e-05;1.86894e-06;2.45281e-05;0.988172;9.07075e-05;0.00176719
3.24396e-06;0.858943;3.00633e-07;2.55939e-06;1.915e-08;1.205e-06;2.33959e-06;4.08042e-06;3.18662e-07;4.78753e-08;1.03575e-06;0.000379137;0.140663;1.01308e-07
3.41143e-06;0.173639;7.569e-07;3.24764e-06;0.00013793;0.00032884;1.8562e-08;0.0879053;4.36177e-06;6.06207e-08;5.02034e-07;0.72504;0.00398536;0.00895108
1.53433e-05;0.908718;4.11092e-05;0.00046352;0.00131247;0.00485188;2.88411e-07;0.0490032;4.76825e-05;5.32713e-06;6.29888e-05;0.0279867;0.000957161;0.00653463
0.000350465;0.62951;3.42338e-05;0.00210534;0.0040212;0.0106741;4.06584e-06;0.187861;0.00686429;3.1715e-05;0.00345591;0.0665675;0.0846924;0.0038277
0.00356589;0.151612;1.88404e-05;3.24167e-05;1.72325e-05;2.0257e-06;2.43529e-06;0.661728;0.00149686;1.14223e-06;0.0121081;0.0696918;0.0997229;7.77752e-08
4.13776e-05;0.989091;8.47235e-08;1.47803e-05;1.9421e-05;3.61852e-06;0.00188775;0.000973376;2.68387e-05;0.00152963;8.90637e-06;1.34104e-05;1.55015e-05;0.00637433
2.66837e-07;4.06512e-07;0.999996;7.83064e-09;6.91183e-10;1.03662e-11;2.52972e-07;7.36814e-07;2.19862e-08;5.81554e-09;9.02615e-08;2.00863e-06;2.18773e-09;8.22037e-12
3.19486e-05;0.0126912;4.26228e-08;1.10646e-05;0.000698316;2.56189e-07;0.00224178;0.961015;0.0227053;5.82456e-05;0.000453788;5.88959e-05;3.02964e-05;3.38966e-06
0.000402035;0.00404872;0.926952;0.0088545;0.00169669;0.000308091;0.00358695;0.000369905;0.00650638;0.00299263;0.0405824;0.00023445;0.00315811;0.000306697
9.93576e-05;0.928046;8.48154e-08;1.74807e-06;5.44208e-07;7.58475e-08;0.0700522;0.000214943;0.000113318;0.000155649;0.000440353;4.60971e-07;1.67548e-06;0.000874193
1.2098e-08;3.1622e-08;0.999999;1.19799e-09;4.36281e-09;6.31218e-11;1.69998e-08;1.97782e-07;5.93516e-09;1.09904e-09;1.38673e-08;6.2658e-07;9.89301e-10;7.24708e-12
0.000605123;0.0654198;4.84921e-05;2.45998e-05;0.00371326;0.00186642;1.90845e-05;0.357738;0.00397267;3.96835e-06;0.00111853;0.544382;0.00999808;0.0110898
6.40195e-05;0.31001;2.16548e-07;0.000594111;0.0133695;0.00391162;8.67032e-05;0.595124;0.0280211;0.00031231;0.00569119;0.0161964;0.0148902;0.0117279
0.000739975;0.0928982;3.54175e-06;0.000232254;0.00321955;0.000215994;5.78847e-05;0.00101331;0.00186885;1.70467e-05;0.000953732;0.871363;0.0144519;0.012965
0.00126129;0.836527;2.11222e-07;0.000119319;0.000103952;0.000221505;5.93049e-05;0.141365;0.000584694;2.14803e-05;5.02559e-05;0.00271792;0.000542336;0.016425
6.16016e-05;0.000881765;1.26818e-08;3.20561e-07;2.29806e-07;3.61351e-07;2.41522e-07;0.0475633;1.65009e-05;1.18921e-08;1.23153e-05;0.000160238;0.951303;9.14188e-08
0.000260344;0.03149;7.9403e-06;2.6021e-05;5.06674e-06;2.60409e-06;2.75886e-07;0.0129885;0.000139484;3.94146e-06;8.57533e-06;0.942399;0.0120904;0.000577902
8.36813e-05;0.890608;3.07963e-06;7.62852e-05;0.000278015;4.29722e-05;5.76666e-06;0.00690608;1.14192e-05;1.04315e-05;8.02505e-06;0.0301176;0.0699359;0.00191258
1.74298e-06;0.00159096;1.27746e-09;1.12178e-05;0.00059069;3.35313e-07;9.48837e-08;0.997728;1.76274e-06;1.90468e-06;1.12918e-06;4.08374e-05;1.61111e-06;2.93123e-05
4.89991e-06;0.000460802;0.999103;2.27539e-05;9.61921e-05;2.58828e-05;9.88994e-07;3.21108e-06;3.69094e-08;7.86886e-06;3.64908e-06;0.000207402;1.66812e-06;6.11976e-05
5.9209e-06;0.00741422;4.1392e-09;3.70726e-07;7.5166e-10;2.80607e-07;0.991377;7.96133e-08;3.30281e-05;0.000356147;0.000482451;1.38016e-08;0.000326906;3.67364e-06
4.13365e-09;5.75498e-10;1;5.06083e-09;2.30334e-09;1.6722e-09;2.23182e-08;2.72309e-09;2.86236e-08;5.80666e-09;3.59415e-08;2.90067e-07;1.39645e-11;5.36129e-11
1.74592e-06;0.00178234;3.47977e-11;2.01264e-07;0.000102445;7.11684e-09;7.73777e-07;0.998066;2.79088e-05;1.22776e-07;2.6797e-06;5.80671e-07;1.37399e-05;1.44322e-06
1.54973e-06;0.0105077;0.989142;1.77623e-05;9.17203e-06;4.40885e-06;1.45478e-05;8.93679e-05;3.33719e-07;0.000106214;5.51444e-06;2.74716e-06;8.8771e-05;9.74741e-06
4.93951e-09;7.77464e-10;1;1.18548e-10;5.98696e-10;7.6064e-11;1.9199e-10;1.49374e-08;8.96252e-10;1.22737e-11;3.3923e-09;5.68514e-08;8.08473e-11;6.53388e-12
1.29043e-06;0.000287295;0.00243805;1.24776e-07;6.19641e-07;9.39594e-07;1.29187e-08;1.59017e-05;1.32149e-05;6.07584e-08;2.92163e-06;0.997102;1.1918e-05;0.000125167
2.26594e-05;0.929296;1.02393e-07;2.18135e-07;0.000115972;8.20431e-05;3.61178e-08;0.0306045;0.000123632;1.34011e-07;2.58535e-05;0.000793973;0.0388914;4.33912e-05
3.89812e-05;0.00166785;1.77226e-05;1.4091e-07;0.000468899;2.02193e-06;3.13034e-08;0.000183896;3.90419e-07;2.61566e-08;4.19502e-07;0.996748;0.000832588;3.87125e-05
4.69508e-06;0.0014403;4.38959e-10;1.71395e-08;7.27226e-05;1.22883e-08;2.83239e-09;0.99846;1.87073e-05;6.74643e-09;2.75586e-09;3.76849e-08;3.22065e-06;2.02874e-08
0.000224386;0.544797;0.0511533;0.00172906;0.162075;0.0703577;1.032e-06;0.000569381;1.09265e-06;0.000324625;1.26337e-06;0.00266337;0.0481401;0.117963
4.4595e-05;0.0185182;6.34138e-05;2.41396e-07;0.000128413;1.00514e-05;2.25593e-07;0.115837;5.49842e-07;3.24208e-08;3.86905e-07;0.862302;0.00308068;1.4346e-05
9.64989e-07;0.992065;4.51888e-08;5.85831e-07;7.99926e-06;2.77863e-05;0.00667619;0.000312179;3.84483e-07;0.000285405;8.64843e-08;1.73025e-09;0.000418468;0.000204829
5.03757e-09;3.6993e-10;1;8.46971e-09;1.36628e-09;4.95231e-10;1.83762e-08;2.22009e-09;2.93325e-09;2.57705e-09;3.76511e-09;3.03972e-07;1.36998e-10;1.59557e-11
0.00102456;0.903755;0.000698292;0.000314815;0.0001217;3.16766e-05;0.0210564;0.0415257;0.0136778;0.00148065;0.00261998;0.00163593;0.000569892;0.0114871
5.84693e-09;1.41484e-09;0.999999;2.49258e-10;1.92368e-08;5.24274e-11;2.10873e-09;6.51453e-08;2.4585e-10;9.21328e-11;8.03112e-10;4.55437e-07;2.1607e-12;3.51973e-11
0.000237444;0.469447;3.47378e-07;8.04322e-06;0.00253797;0.000211155;4.46547e-06;0.320405;0.000112452;1.91191e-06;1.24101e-05;0.000975428;0.033706;0.172341
5.79173e-06;0.986226;8.38519e-06;1.14459e-06;4.45855e-06;1.25424e-06;0.00782331;0.00449935;7.68166e-06;0.000583547;3.56458e-06;0.000219791;0.000121861;0.000494394
1.7326e-08;4.60782e-08;0.999942;4.55748e-07;2.21323e-07;1.19246e-06;3.50569e-06;1.0716e-06;4.10306e-08;5.38219e-08;7.85755e-08;5.16675e-05;8.39959e-11;1.67467e-08
0.00182217;0.35131;0.000105329;0.00062878;0.00283535;0.00160416;0.000333281;0.367915;0.000132439;2.85306e-05;0.000732212;0.0246834;0.236516;0.0113533
0.00572333;0.32552;0.0011696;0.000178282;0.00463039;0.000898532;0.00014005;0.02988;0.000188259;1.73389e-05;0.000876755;0.169556;0.445951;0.0152709
0.00120808;0.14975;4.11368e-05;3.25718e-05;0.00296058;7.2782e-05;2.88613e-05;0.0849585;0.00020914;2.10755e-05;0.000472153;0.521306;0.23819;0.000749346
8.63889e-06;0.122288;5.01002e-08;1.22796e-05;0.000258267;9.47861e-06;0.763301;5.1612e-06;8.54647e-06;0.111582;4.53905e-05;2.0473e-06;2.13218e-05;0.00245747
1.18732e-08;1.04994e-09;1;5.02713e-09;4.62588e-09;3.36234e-09;2.6464e-07;7.15524e-10;1.11745e-08;7.09108e-09;1.23149e-08;6.6699e-08;1.12659e-11;7.24571e-12
5.94e-05;0.9993;7.62384e-06;1.8484e-05;1.93361e-06;5.99699e-07;1.04493e-05;0.000127207;1.40968e-05;4.86086e-07;4.51983e-06;2.81584e-05;0.000416109;1.08474e-05
1.95927e-06;0.988589;2.40509e-08;1.41839e-05;8.78922e-07;1.0554e-06;0.00144508;0.000269311;5.41933e-06;0.000468867;3.6005e-06;1.13088e-07;5.85552e-06;0.00919443
1.20407e-08;1.06855e-08;0.999964;3.59001e-08;1.40663e-08;6.73015e-10;3.41671e-07;8.88871e-08;5.80056e-09;1.10837e-08;3.89256e-08;3.50984e-05;2.23637e-12;4.10453e-11
3.27057e-05;0.989615;8.16212e-09;1.85518e-05;2.47646e-06;7.36317e-06;4.16885e-05;5.26913e-05;1.97322e-05;3.35859e-06;1.06324e-05;8.57591e-07;0.0094507;0.000744149
1.4029e-06;0.00277364;6.38617e-05;3.07111e-08;2.70956e-08;2.38447e-08;2.84383e-08;0.000167327;1.42434e-07;1.94988e-09;1.60216e-07;0.996771;0.000216504;5.52054e-06
6.75493e-08;0.977578;5.84589e-12;3.94499e-08;1.06936e-06;8.66852e-08;0.000122634;5.99495e-06;3.5085e-08;1.98068e-05;3.53394e-09;5.85135e-10;1.77836e-06;0.0222702
2.16396e-07;3.36657e-06;0.999971;1.7654e-07;9.87732e-09;2.02338e-07;2.02394e-06;3.35522e-08;5.07201e-07;1.79274e-08;4.81229e-07;1.30999e-05;8.85544e-06;5.65421e-09
