7.86181e-05;0.982983;6.30525e-07;2.79551e-05;2.91631e-05;1.51116e-06;1.59812e-05;0.0116353;5.93322e-05;1.21005e-06;3.3418e-05;0.000763248;0.00424334;0.000127296
5.50908e-06;0.878534;1.30104e-08;3.9028e-06;1.12177e-05;2.186e-07;4.1683e-09;0.0550667;3.73683e-06;9.8861e-08;2.72193e-05;0.0659337;0.000100858;0.00031257
1.04278e-05;0.0667022;2.66271e-06;1.1133e-06;1.06695e-06;3.81747e-05;0.00045927;7.12526e-07;4.62577e-07;0.000598079;6.793e-06;0.0011234;8.05647e-06;0.931048
1.62277e-08;3.7325e-08;0.999996;6.82332e-09;2.11244e-07;1.75996e-07;6.36428e-08;3.39174e-06;6.60169e-08;1.82971e-08;1.86796e-07;6.51531e-08;7.65939e-11;6.24478e-09
7.76055e-06;0.947912;4.3709e-06;1.30047e-06;3.84406e-06;6.31781e-07;5.51451e-07;0.00616794;2.38416e-05;3.72543e-08;1.05498e-05;0.0343957;0.0114394;3.1715e-05
9.64536e-06;0.960346;9.56992e-10;2.86554e-05;0.000626671;5.55514e-05;1.69131e-06;0.0141383;9.32748e-06;1.28429e-05;1.37732e-05;0.000381836;0.000770809;0.0236045
4.73498e-05;0.666411;0.000112898;1.49652e-05;3.35233e-07;5.53121e-08;4.95017e-07;7.01471e-05;1.08443e-05;6.52996e-08;8.97124e-05;0.32906;0.00418236;1.34267e-07
9.00847e-05;0.815529;4.41835e-08;4.30916e-06;1.31562e-05;7.1232e-07;1.92976e-07;0.140818;2.18613e-05;1.8067e-06;6.91106e-06;0.0318427;0.0116256;4.51513e-05
0.000284551;0.920813;0.000129092;8.24776e-06;8.10504e-05;2.40465e-05;1.69655e-05;0.00484644;2.38067e-05;3.42037e-06;7.2392e-05;0.0612353;0.0116127;0.000848675
7.97914e-06;0.0152172;8.86444e-09;1.91117e-07;1.06397e-06;1.01468e-06;8.99152e-07;0.0015931;1.67882e-06;3.56456e-07;4.37124e-07;5.70428e-07;0.98313;4.5559e-05
3.5349e-08;2.41562e-08;0.999999;1.50072e-08;2.62291e-09;6.11423e-09;1.09028e-08;4.74007e-08;4.53799e-08;3.45409e-09;4.02778e-09;8.92777e-07;6.58157e-09;2.02216e-09
1.92551e-06;0.00111146;0.996486;2.26821e-05;6.90475e-07;3.04289e-06;1.74142e-06;0.000608495;8.3666e-06;1.92586e-06;2.14474e-06;0.00167545;5.74901e-05;1.89967e-05
2.50665e-07;0.000452814;8.55847e-07;7.65863e-06;0.000609107;0.00319597;1.67939e-07;1.30357e-06;7.01624e-08;1.48209e-06;2.93215e-06;5.56389e-06;5.09123e-05;0.995671
1.90523e-06;0.00178203;2.26355e-07;8.14007e-06;0.00643566;1.13321e-05;4.35566e-08;0.870992;5.10974e-08;3.72748e-07;3.86266e-06;0.118926;0.0018327;5.94667e-06
2.75817e-07;0.000557186;0.997141;3.49208e-05;7.24413e-05;0.000938121;6.70865e-08;1.11324e-05;5.63613e-09;5.51434e-07;8.15398e-07;2.00163e-05;0.00116572;5.77028e-05
8.89692e-06;0.846989;2.29491e-06;2.81225e-06;1.96205e-06;0.000805507;0.000106574;0.0229584;1.74995e-07;4.47653e-05;1.69391e-06;2.18701e-06;0.128808;0.000267459
4.95048e-11;7.14295e-11;1;3.97924e-10;1.49111e-09;1.13687e-08;3.08888e-12;3.71908e-09;8.17667e-13;9.74057e-12;4.69036e-11;2.12869e-07;2.50648e-10;3.87328e-12
3.43901e-06;0.359723;3.37482e-06;2.08536e-05;9.15872e-05;5.18432e-06;4.6472e-07;0.514603;4.3359e-06;2.41862e-06;2.59342e-05;0.0437544;0.0817508;1.17454e-05
5.88048e-08;0.998623;6.1139e-06;4.90124e-06;1.96038e-05;0.000214582;1.00058e-05;2.92618e-05;1.89473e-10;0.000177226;2.36379e-07;6.5418e-08;0.000674253;0.000240856
3.39844e-10;2.46236e-08;1;1.99684e-10;1.37147e-09;8.80954e-10;5.03365e-10;4.58792e-08;3.06995e-12;4.41962e-11;1.43645e-10;1.26525e-07;4.7482e-11;1.13027e-11
0.00301202;0.532009;0.000223312;0.000192282;0.00765192;0.00530803;0.00168091;0.078733;6.1481e-05;6.55107e-06;0.00269519;0.0604568;0.101986;0.205984
1.96737e-07;0.00295752;1.61846e-10;5.18578e-07;0.00122118;7.26718e-07;4.13568e-07;0.995669;7.16993e-06;6.98146e-08;1.77572e-06;5.55199e-07;0.000136093;4.9519e-06
4.64342e-05;0.0004027;0.844475;0.00551828;0.00359453;0.00479545;2.40958e-06;2.74155e-05;3.79948e-06;0.000146058;7.98897e-05;0.000491499;0.000226905;0.140189
6.35273e-05;0.000398781;1.30553e-09;2.63671e-09;5.82304e-07;5.34542e-09;1.42406e-07;0.999517;1.46731e-05;1.53461e-09;7.5811e-07;9.30064e-08;4.70861e-06;2.95804e-08
4.17095e-06;0.000320831;8.15249e-07;5.02136e-05;0.329346;0.000108467;7.10031e-08;0.00760219;5.45126e-05;3.43043e-06;1.1468e-05;0.611209;8.03482e-06;0.0512807
3.00832e-05;0.0455522;0.951895;8.078e-05;5.01678e-06;7.94002e-06;2.32264e-06;9.20945e-06;2.52136e-06;2.24803e-06;2.08583e-05;6.1805e-05;0.00230221;2.79743e-05
1.51114e-06;0.962701;1.89069e-06;1.59166e-07;1.40166e-07;1.85609e-06;5.64751e-08;2.84451e-06;6.18988e-08;1.47876e-08;2.0815e-07;0.0343263;0.00295441;9.54868e-06
8.38263e-08;0.997619;3.11501e-10;7.54305e-06;1.88216e-06;6.81593e-06;0.000134068;4.00937e-05;1.18222e-06;0.000484053;3.54894e-06;2.66225e-05;3.77438e-05;0.00163752
5.313e-07;1.94713e-05;0.999825;1.45999e-05;8.52524e-08;6.35618e-06;2.92386e-06;3.33624e-06;2.96112e-06;1.6988e-07;8.01954e-05;3.62555e-05;7.55249e-06;5.63649e-08
9.0616e-06;0.0047349;5.22265e-10;2.42832e-07;6.91119e-05;1.93072e-08;4.49323e-07;0.99361;4.34936e-06;1.02908e-07;1.58486e-05;1.28557e-05;0.00154236;7.45381e-07
1.12226e-06;0.0272276;0.970804;1.30425e-05;5.99198e-06;1.05533e-05;5.4745e-05;1.53697e-06;3.18858e-08;0.00120248;1.15045e-06;1.75455e-06;1.65935e-05;0.000659159
2.58386e-08;4.48567e-09;0.999999;1.08605e-09;2.03857e-09;5.46504e-10;1.05801e-08;1.05585e-08;1.75293e-08;1.45566e-10;1.34637e-07;3.89422e-07;9.81957e-11;4.28404e-11
4.21646e-06;0.000969855;0.00166979;1.60457e-07;4.3866e-07;5.41751e-07;9.36662e-08;0.000126727;1.75375e-05;2.40857e-08;1.04611e-05;0.997026;0.000107984;6.65908e-05
4.55939e-05;0.591647;0.000128036;8.03685e-07;0.00615671;0.00465275;3.56194e-08;0.0152501;3.21788e-06;5.22638e-07;2.39735e-06;0.0130362;0.36611;0.00296646
2.24839e-07;0.99548;5.0072e-09;6.49642e-09;8.79855e-06;2.06046e-07;5.67135e-06;0.00103393;4.9646e-08;2.99506e-06;2.60164e-09;1.18483e-05;2.38574e-06;0.00345373
8.30327e-11;1.12117e-10;1;7.07719e-12;1.85975e-09;2.41441e-11;6.39121e-11;2.69398e-08;1.46471e-10;6.19706e-13;2.21676e-12;5.25508e-08;6.65044e-14;1.0984e-13
9.76518e-06;0.000249438;2.49669e-07;3.56961e-07;0.000105725;2.99536e-06;9.57923e-09;0.998129;7.68038e-05;2.18315e-08;2.00978e-07;0.000406675;0.00101837;4.93775e-07
1.26801e-06;0.999413;7.39298e-07;8.17489e-09;2.09461e-07;3.24026e-08;1.67643e-08;0.000314647;9.66292e-10;2.6158e-08;4.9355e-10;0.000106573;0.000162824;6.71052e-07
1.02654e-06;0.00116971;4.02511e-05;1.96277e-05;0.186542;3.34139e-05;5.7403e-07;0.496758;5.96818e-06;4.35413e-06;2.00808e-06;0.314656;1.86918e-05;0.000748465
1.41853e-05;0.819578;0.0639219;0.00100258;0.000200819;0.00117041;4.98674e-05;4.36566e-05;6.65277e-07;4.56368e-05;2.74286e-05;0.00027404;0.113188;0.000483046
5.22041e-05;0.462653;2.11898e-08;1.02636e-07;1.70012e-07;8.19437e-06;4.75506e-06;0.000235738;1.91061e-06;1.10865e-07;5.69179e-07;0.503011;0.0338705;0.00016167
0.000192571;0.0367648;0.000126713;9.3695e-05;0.188421;0.0445013;5.38145e-06;0.196925;0.000433898;1.49768e-06;7.78339e-06;0.250923;0.103465;0.178138
2.51043e-05;0.975452;1.64097e-06;1.83421e-06;0.000554379;3.94364e-06;1.06419e-06;0.00463331;1.22707e-05;2.01846e-07;6.73318e-07;0.000469949;0.0185476;0.00029638
5.27495e-05;0.644559;3.26044e-06;3.76297e-06;1.46447e-06;1.46345e-05;4.03898e-06;0.00529842;4.90865e-05;1.38748e-06;7.84623e-06;0.0200011;0.329946;5.72878e-05
0.000151471;0.0549533;3.64248e-07;0.000365994;0.00250515;0.000195267;1.35521e-05;0.0114091;0.000667586;3.57987e-05;0.00296914;0.920506;0.00598351;0.000243995
0.000418675;0.969373;6.86687e-08;1.64485e-05;3.83119e-05;1.09686e-05;0.0160094;0.00279974;0.000165069;0.00157712;1.8732e-05;7.74449e-08;0.000111574;0.0094613
5.91962e-09;8.96087e-10;1;2.0857e-10;2.69162e-10;9.42272e-12;4.73032e-09;1.08259e-08;6.78613e-10;1.10879e-10;1.16548e-09;3.6712e-07;1.70709e-11;2.53702e-13
0.000101285;0.00685777;2.31954e-05;0.000169244;0.000387403;0.000148659;9.84529e-05;0.0270208;0.115065;5.85356e-06;0.0255218;0.811968;0.0125376;9.54711e-05
2.22064e-05;0.0423864;7.52398e-06;1.35736e-05;0.000138053;4.50903e-05;4.90786e-06;0.00420234;0.000102961;2.20396e-06;0.000130268;0.00177894;0.951144;2.17947e-05
0.000380226;0.140433;2.35051e-06;0.00137436;0.0126372;0.00101845;6.2578e-05;0.00593297;0.00171872;0.000816546;0.00146411;0.698419;0.0345095;0.101231
0.000114629;0.187142;3.38596e-06;2.22534e-06;6.67301e-07;6.07817e-07;0.804914;1.70905e-06;1.99613e-06;0.00604051;5.42702e-06;5.10839e-08;8.04396e-06;0.00176534
2.13145e-09;1.25522e-11;1;1.26922e-10;1.11534e-10;1.49995e-11;9.01323e-08;4.74062e-09;4.5801e-09;8.12188e-10;4.08302e-09;9.15066e-08;6.66333e-13;1.60378e-12
0.00025657;0.700987;1.43325e-07;1.37582e-05;6.53768e-06;3.56203e-06;0.090737;0.190597;0.0146865;0.000408351;0.000136047;1.24178e-06;0.00194551;0.000220971
8.89469e-10;1.54536e-10;0.999974;2.31769e-09;1.95069e-08;2.48654e-11;1.32244e-09;1.86229e-09;2.90981e-10;2.36711e-10;1.52539e-10;2.55772e-05;4.75291e-12;8.50479e-11
6.29564e-05;0.981648;4.32589e-07;1.09666e-05;0.00011154;2.92566e-06;3.94442e-05;0.00434445;0.000187461;7.4918e-07;2.37052e-05;5.87265e-05;0.0116758;0.00183255
2.964e-06;0.997712;1.29186e-09;1.71759e-06;1.06826e-05;1.0588e-07;0.000627292;0.000163083;7.88663e-06;0.000132587;6.85163e-07;8.47448e-07;0.000104085;0.001236
1.9928e-08;3.76158e-08;0.99999;1.97651e-08;1.97134e-07;6.45235e-08;4.86053e-08;2.02591e-08;1.55905e-08;1.93827e-09;3.75277e-09;9.44054e-06;2.27199e-08;3.33685e-09
7.16021e-06;0.993736;3.05288e-07;2.6343e-07;3.40128e-07;1.18752e-06;0.000247803;0.00551322;7.56252e-06;3.45883e-05;2.08877e-07;5.20081e-08;0.000446924;3.92715e-06
3.12786e-10;1.04596e-10;0.999989;3.26373e-10;3.19684e-09;7.00153e-10;6.45928e-11;7.71216e-10;1.88046e-10;8.034e-11;5.93972e-11;1.13165e-05;1.01697e-11;1.73156e-11
2.36571e-05;0.921033;4.82892e-09;1.03381e-05;0.000151608;6.74209e-07;3.26508e-06;0.0739184;0.000122747;1.59963e-06;0.000127192;0.00200175;0.00260527;6.1027e-07
2.39513e-05;0.800371;0.00354588;0.00011038;1.07705e-05;4.45211e-05;0.123599;1.52873e-05;3.15031e-06;0.0698418;0.000128576;9.68508e-05;4.27067e-06;0.00220444
6.48132e-09;8.2691e-10;0.999999;6.7977e-10;1.17644e-09;3.20127e-09;7.45008e-07;1.4011e-09;1.06301e-08;7.58742e-10;3.46106e-08;6.17502e-08;3.59731e-13;1.5571e-10
4.74405e-07;0.987441;1.57616e-09;4.92102e-09;1.77916e-10;7.21778e-09;1.53493e-07;7.02235e-08;1.4434e-07;5.03858e-10;2.18935e-06;7.91486e-05;0.0124767;3.45666e-09
1.39422e-05;0.465048;3.49698e-06;6.65953e-07;0.00149953;8.09496e-05;3.3647e-07;0.118936;5.18876e-06;1.69818e-07;6.83934e-06;0.405806;0.00186982;0.00672892
1.70682e-05;0.909297;5.08133e-07;7.14076e-06;2.74978e-05;0.000124;0.0297946;0.0542565;1.11515e-05;0.0021369;5.38488e-05;9.8589e-06;0.000442329;0.00382155
6.19387e-10;1.96433e-10;0.999996;1.07684e-09;7.88399e-10;8.9486e-10;4.49032e-09;9.61737e-08;1.60123e-10;1.53265e-10;1.86428e-09;3.6108e-06;3.17855e-12;7.78079e-12
0.00127237;0.562851;0.000237095;0.00197364;0.00110547;7.89606e-05;0.00191957;0.274281;0.00442479;9.69249e-05;0.0345737;0.0937183;0.0220063;0.00146085
0.000131479;0.872198;8.49025e-05;0.000116843;6.25613e-06;4.41124e-07;0.000114725;0.0175892;0.000380503;1.39565e-06;0.0069149;0.0193362;0.083123;1.85703e-06
7.56533e-06;0.929354;2.08224e-07;3.84639e-05;0.000182743;3.16041e-06;3.66125e-08;0.0352835;1.44691e-06;2.42877e-06;1.79946e-05;0.00856804;0.002563;0.0239771
4.55322e-05;0.819985;9.48097e-07;1.9424e-06;4.27434e-07;2.41203e-07;0.0386188;9.61374e-06;6.29283e-06;0.00248233;1.98797e-05;1.13545e-05;3.69047e-05;0.138781
2.76691e-09;1.90052e-10;0.999999;2.68085e-10;1.28866e-09;1.39959e-11;8.02937e-09;6.99208e-10;2.05719e-09;6.82824e-11;3.06328e-09;1.32729e-06;2.70295e-12;7.99673e-12
1.05207e-05;0.00622134;3.99939e-08;4.18865e-07;1.71324e-06;2.92095e-06;7.6038e-06;0.00189189;6.33536e-05;3.3459e-07;8.8385e-06;1.38348e-07;0.991755;3.59584e-05
1.952e-06;0.00247512;0.000970343;4.73209e-06;4.88605e-06;1.07382e-05;7.56476e-07;6.31037e-05;1.74763e-05;2.89733e-07;3.60765e-05;0.992743;0.00350937;0.000162446
0.00460103;0.483777;0.000570564;0.00135612;0.0398143;0.00377745;2.98059e-05;0.205427;0.00638855;0.000311469;0.00104018;0.192395;0.0182201;0.0422915
0.00161462;0.437251;0.000354755;0.000159317;0.000185335;1.55212e-05;0.00326556;0.00618247;0.00407104;8.71618e-05;0.00178812;0.0200424;0.524642;0.000341051
0.000313332;0.592223;1.67803e-05;0.00118005;0.00156841;5.22836e-05;7.10667e-05;0.00824511;0.0127379;6.72339e-06;0.000514711;0.280765;0.086855;0.0154508
9.99582e-05;0.843961;3.94511e-08;3.18767e-05;0.000193215;3.4501e-06;9.55145e-07;0.00388239;2.01991e-05;3.68412e-06;7.10116e-06;0.114524;0.0371875;8.50048e-05
0.000568702;0.220998;0.0033263;3.28152e-05;5.04763e-05;1.88139e-05;3.06513e-05;0.699144;0.000226239;1.17898e-05;1.4818e-05;0.0390167;0.0357212;0.000839567
0.00173964;0.296494;0.000236116;0.00107022;0.00410811;0.0115892;0.0025378;0.0157447;0.00112795;5.6853e-05;0.00247389;0.140019;0.50972;0.0130818
4.06333e-05;0.00800028;3.51888e-08;1.40135e-05;0.0212271;9.48198e-07;0.000117347;0.963756;0.00615673;3.44251e-06;0.000310136;0.000172712;0.000178919;2.20587e-05
9.412e-05;0.00247115;0.986796;0.000873127;0.00374552;0.000361941;1.06874e-05;2.42862e-05;3.60219e-05;0.000104159;5.27642e-05;0.000518985;5.22587e-05;0.00485884
0.000331991;0.00155802;2.36985e-09;2.50374e-08;3.01674e-06;2.7104e-07;1.82071e-06;0.996956;0.00101263;3.09299e-08;1.63431e-05;5.83079e-07;0.000118195;1.06179e-06
1.19026e-06;0.000373406;1.52177e-06;1.19531e-06;0.000991928;2.23138e-06;9.46658e-09;0.000193284;1.07971e-06;2.31705e-07;3.62893e-07;0.990323;7.54676e-07;0.00810951
5.7685e-08;0.999995;9.6768e-10;1.86106e-09;1.49209e-11;7.95464e-11;2.03814e-06;8.85361e-08;7.40283e-09;2.57059e-08;2.21918e-09;1.15723e-11;4.5939e-07;2.58153e-06
1.66115e-11;1.93263e-09;0.999748;8.07853e-11;4.24026e-09;1.2584e-10;1.0674e-11;1.92589e-09;7.61728e-13;3.37064e-11;2.07912e-12;0.000251855;7.85614e-13;7.4264e-09
2.5444e-07;0.994015;2.3998e-07;1.7476e-06;2.29003e-06;3.22974e-05;0.000591959;0.00361115;8.37101e-07;1.64039e-05;1.43316e-06;2.22255e-09;0.0016762;5.05794e-05
7.51212e-10;5.64553e-08;1;1.48178e-08;8.22472e-10;2.25094e-09;5.13878e-09;7.52841e-09;3.52765e-10;1.32936e-09;1.9912e-08;2.66311e-07;4.64958e-09;9.54271e-11
5.25207e-07;1.68923e-05;0.993664;2.79596e-06;8.64282e-07;7.80566e-07;2.39235e-07;0.00154377;3.69252e-07;1.89176e-07;2.52342e-06;0.00473001;2.39864e-06;3.4492e-05
1.172e-07;0.000195488;1.27308e-05;8.38295e-07;1.32627e-05;0.000990326;1.97431e-08;5.58983e-06;9.72719e-09;2.30902e-07;5.11407e-07;3.80719e-05;2.38074e-06;0.99874
4.54227e-05;0.0382856;6.34851e-08;2.49738e-06;2.95191e-06;5.07145e-06;2.38435e-07;0.0258887;1.7392e-06;2.11433e-08;1.8777e-05;0.000288367;0.93546;1.27815e-07
1.15081e-06;0.0028886;1.63982e-10;5.77736e-09;7.39322e-07;6.08319e-09;2.43097e-10;0.996358;2.22447e-09;1.49472e-09;9.75468e-10;7.12811e-05;0.000678932;7.88289e-07
1.14207e-06;0.975389;0.000111574;1.838e-05;9.74172e-05;7.11704e-05;0.000439556;0.0117242;1.12334e-07;0.000240874;1.41814e-06;0.0020763;0.000366515;0.00946229
2.73135e-10;4.49218e-09;1;4.34082e-09;9.69768e-10;2.1937e-10;5.70426e-08;7.81167e-08;2.29331e-10;1.20569e-09;1.7272e-08;9.74048e-09;1.05704e-08;2.55554e-12
2.18615e-08;5.40299e-06;0.999425;7.23212e-08;6.18268e-08;1.3355e-09;1.25603e-07;5.68066e-07;3.29469e-08;2.86023e-08;1.04063e-07;0.000568992;3.34463e-09;1.16237e-07
1.55063e-07;0.00211814;3.00606e-10;4.64938e-08;1.05667e-05;9.05795e-05;1.43578e-05;3.26606e-07;4.92923e-07;2.34451e-05;1.37472e-07;2.46215e-11;1.25574e-07;0.997742
1.01249e-09;8.099e-09;0.999999;4.03331e-10;2.00544e-08;7.35544e-11;7.2323e-11;3.98095e-11;1.47723e-11;1.47352e-11;5.93687e-12;9.17294e-07;7.6866e-13;8.46905e-11
4.00189e-07;4.98464e-06;3.64208e-09;1.5024e-09;0.00049355;2.95035e-09;1.17187e-11;0.999493;1.05799e-08;5.19407e-12;3.52363e-10;6.71589e-06;2.50791e-07;1.05484e-06
1.09805e-08;9.30893e-07;1.6756e-07;2.76168e-09;5.37499e-05;2.22563e-08;9.97151e-11;0.999942;2.4107e-09;5.32839e-09;6.95183e-11;5.43505e-09;2.57899e-06;5.08758e-09
7.79774e-09;1.69683e-07;0.999995;3.36764e-08;3.70137e-06;4.27806e-07;6.96461e-13;3.75277e-09;2.2622e-12;2.11646e-09;1.95051e-10;4.55685e-08;1.58318e-08;2.73667e-07
6.72725e-07;0.997057;2.46801e-07;1.73884e-07;8.33501e-07;4.08412e-07;2.74781e-06;0.00284381;1.34182e-05;1.99197e-08;1.21878e-05;6.17238e-06;6.06708e-05;1.14561e-06
