8.9857e-11;3.21574e-10;1;1.45557e-10;1.49688e-10;1.28452e-10;9.24305e-11;3.95152e-10;3.57221e-11;3.68448e-11;1.17251e-10;1.23559e-08;9.17306e-11;2.80083e-12
7.02356e-09;5.81367e-08;0.99974;1.52723e-08;9.04999e-09;2.19528e-09;3.92735e-09;1.37186e-05;7.82123e-09;9.94073e-10;1.10677e-08;0.000245891;2.01135e-09;2.45824e-07
1.08502e-08;7.00998e-06;0.000313661;5.10521e-08;1.42302e-05;0.000108235;9.74727e-10;1.17049e-06;1.84261e-10;1.32953e-08;1.23697e-08;9.80414e-06;3.03621e-08;0.999546
5.55056e-06;0.0119752;1.31313e-06;6.71729e-07;8.39611e-06;6.64785e-05;4.88624e-08;0.00196788;3.93186e-08;1.22427e-08;3.16309e-06;0.000538958;0.98543;1.81434e-06
1.87492e-06;0.959855;2.63306e-08;2.54223e-05;3.04991e-05;6.52697e-06;0.000603031;0.0133154;7.02502e-08;0.00293003;1.25429e-07;3.05568e-07;4.0359e-05;0.0231916
2.24992e-12;1.54676e-11;1;9.61719e-11;3.11918e-11;1.30862e-11;5.61968e-11;3.14318e-12;9.37805e-14;2.91633e-11;1.70935e-11;5.23162e-09;3.73412e-14;2.19402e-12
3.64135e-07;2.8097e-06;2.31256e-08;1.39818e-08;4.31845e-08;1.16403e-09;1.57076e-08;0.999995;8.987e-07;1.04264e-09;2.49209e-07;3.82867e-07;2.53597e-07;2.86013e-08
1.38273e-06;0.948438;1.02485e-07;5.11605e-06;9.58496e-06;3.85161e-05;3.35724e-08;0.00118451;1.60203e-07;1.07936e-06;9.15441e-07;0.000446542;0.00115805;0.0487155
2.4049e-05;0.928165;2.30402e-08;1.80661e-05;7.88521e-07;1.67836e-06;2.59279e-05;0.00656047;0.000236972;5.66278e-07;0.0037278;0.000644935;0.0605729;2.0868e-05
1.02933e-06;2.37354e-05;1.15446e-09;1.29963e-07;1.13891e-07;1.23339e-08;1.77869e-08;0.999962;1.75171e-06;5.81986e-09;7.19192e-07;1.57725e-07;7.78399e-06;2.55188e-06
2.89279e-08;0.0366616;3.13955e-08;1.12374e-06;2.55865e-08;3.18157e-08;1.89283e-05;1.672e-07;2.34337e-10;8.62171e-05;2.67797e-09;1.60766e-08;1.46328e-09;0.963232
2.23659e-10;7.77162e-11;1;1.61994e-09;1.34937e-10;1.72845e-09;2.21188e-09;1.48178e-10;1.52805e-11;1.02719e-10;3.45956e-09;1.08218e-07;1.71887e-12;3.04489e-10
5.95467e-07;0.000815326;7.09091e-11;3.68389e-07;7.57654e-08;5.30714e-08;7.61514e-08;0.00405137;2.51934e-06;5.9082e-09;6.21226e-05;3.32449e-06;0.995064;1.11431e-08
8.92348e-06;0.998278;6.57599e-05;5.30491e-05;1.71949e-06;1.26468e-05;6.89623e-05;0.00122514;9.29875e-07;5.83684e-05;4.12725e-06;5.85465e-06;8.14318e-05;0.000135038
7.17759e-09;4.21564e-08;0.999999;1.04819e-07;1.82848e-09;6.64855e-09;8.42423e-09;5.87836e-07;1.16917e-09;3.18809e-09;2.27841e-07;2.33946e-07;3.50655e-08;1.86759e-10
1.0583e-06;0.000342285;0.00445055;4.70203e-05;3.23822e-06;4.3815e-06;1.54533e-07;0.00156885;1.07592e-06;5.01493e-07;0.000541353;0.992872;5.35977e-05;0.000113531
7.01569e-06;0.464236;4.14908e-06;1.5542e-05;0.000967248;6.49587e-05;1.20036e-05;0.531942;1.4324e-05;1.25125e-06;0.0017374;0.000299944;0.00067002;2.80286e-05
1.9688e-05;0.582996;0.0286883;0.00490486;0.0923936;0.183874;0.000962502;0.0329734;5.98249e-08;0.00801376;7.65495e-05;0.00239348;0.000159204;0.0625443
2.9264e-09;5.37631e-09;1;1.74925e-09;9.25594e-09;2.22012e-09;2.19777e-10;3.1478e-08;9.13236e-12;4.00913e-12;5.02268e-09;5.48265e-09;1.24095e-08;5.39443e-12
1.47428e-06;0.00424933;0.000282194;4.3945e-07;6.76891e-06;9.98581e-07;8.24521e-10;0.00532306;5.97334e-08;5.74261e-09;2.7075e-06;0.989392;0.000411279;0.00032941
3.15993e-06;0.899733;9.86e-08;2.91247e-05;0.00497359;0.00639891;5.38711e-07;0.0399942;1.30608e-06;1.20191e-05;6.2942e-06;9.46552e-05;0.0103096;0.0384436
8.27083e-06;0.223559;0.00225349;0.000718506;0.120718;0.0817898;1.18332e-05;3.69845e-05;2.11124e-08;0.000144976;4.00972e-06;0.000735834;0.00601398;0.564005
0.000430911;0.49255;0.219038;0.00132329;0.0320724;0.00728566;2.78529e-06;0.00159444;1.7195e-06;7.89935e-07;4.59566e-05;0.133002;0.11195;0.000702524
0.000203534;0.181969;3.07022e-07;5.64449e-06;0.000165366;4.61361e-05;2.71525e-07;0.739792;5.0469e-05;3.84185e-07;5.40599e-05;0.000491107;0.0771312;9.02586e-05
2.77553e-07;0.9888;7.06577e-09;7.19757e-07;1.91726e-06;1.66661e-06;2.20758e-05;3.22377e-06;1.41731e-08;0.000290521;8.55262e-09;3.61938e-07;3.26353e-06;0.0108766
2.90177e-10;2.72866e-11;1;1.10244e-10;6.23508e-10;2.91846e-12;1.3487e-09;8.52779e-10;5.77748e-11;7.3641e-11;1.89451e-10;2.20896e-07;8.89615e-15;9.92542e-12
0.000337499;0.985644;2.24752e-08;2.79364e-05;7.41219e-05;8.10935e-05;0.000162957;0.00277051;0.00153769;1.33737e-05;0.000487479;0.000150272;0.00590857;0.00280497
7.55489e-06;0.0125672;4.22837e-07;8.08073e-08;1.19986e-07;7.49649e-08;8.4255e-07;3.00692e-05;1.61577e-06;1.07337e-08;1.12716e-06;0.986853;0.000513771;2.39271e-05
2.04434e-05;0.0679613;6.16945e-08;1.17237e-05;0.000149994;0.000151458;1.34886e-05;0.0644189;0.000122365;6.07195e-07;4.9827e-05;0.000573336;0.865527;0.000998969
0.000593693;0.0785217;0.000125366;2.40147e-05;0.000219931;2.85019e-05;2.90703e-05;0.00388358;0.000240226;2.48621e-07;2.91941e-05;0.899845;0.0161125;0.000346894
0.000496944;0.267902;3.47749e-05;1.50424e-05;0.000197739;6.04998e-05;1.35173e-06;0.248433;3.42504e-05;2.4749e-07;0.000151969;0.0855062;0.396592;0.000573539
2.22035e-05;0.939568;3.5113e-05;5.66819e-06;2.07344e-05;4.49604e-05;6.59378e-07;0.0113055;1.90354e-06;2.61375e-06;7.02862e-06;0.0130667;0.0150587;0.0208609
7.72415e-08;0.605844;2.51413e-09;2.73508e-05;1.64569e-06;1.4993e-06;0.000155504;1.39981e-05;1.65368e-07;0.000114352;2.13799e-06;1.60369e-05;0.000156179;0.393667
4.00006e-05;0.00460942;1.69543e-05;9.04585e-05;1.1881e-06;4.99585e-06;0.397355;0.00061315;0.0218773;9.45756e-06;0.574058;4.78753e-08;0.00132416;2.6835e-08
0.000120774;0.995174;7.59552e-05;3.31775e-05;1.80925e-06;2.56952e-07;1.70497e-06;0.00442721;9.58067e-06;1.69351e-06;4.60269e-06;8.11309e-05;6.56642e-05;2.67138e-06
3.12677e-06;0.995803;8.81116e-08;2.00038e-06;1.06257e-06;4.69002e-07;0.000162427;0.00317419;8.28503e-07;0.000170743;1.45637e-07;2.1694e-07;5.48269e-06;0.000676655
2.6891e-09;1.53106e-11;0.999994;5.41563e-10;1.0834e-07;8.69912e-09;1.78617e-10;2.59719e-08;1.35791e-10;1.49153e-10;4.68406e-10;5.67995e-06;2.36292e-12;1.36805e-11
0.000110578;0.753264;2.24304e-08;0.000160508;0.000640277;8.30044e-05;5.24261e-05;0.0546343;0.0142892;2.38641e-05;0.00041561;7.68734e-06;0.175942;0.000377309
0.000176605;0.335849;0.0399636;0.000438622;0.000132904;1.87308e-05;4.69488e-06;2.51987e-05;4.55175e-05;1.11256e-05;5.30554e-05;0.622583;0.000216802;0.000480906
0.0035738;0.106931;1.70941e-05;0.000283108;0.000528164;0.000145332;0.000261866;0.658379;0.18858;1.63102e-05;0.0269124;0.00386814;0.0103793;0.000124588
4.35765e-05;0.937592;2.21335e-07;3.79884e-05;2.22769e-05;0.000149374;1.59423e-06;0.0552095;2.79188e-05;1.6656e-05;6.34959e-06;0.000742931;0.00371437;0.00243582
4.22962e-05;0.00227012;1.85006e-08;2.84609e-07;8.2608e-07;4.45059e-07;2.52237e-07;0.00888087;1.11721e-05;1.27154e-07;3.72412e-05;0.000310095;0.988446;6.51818e-07
6.30096e-05;0.920911;1.47979e-05;4.94788e-06;1.037e-07;8.3131e-07;0.0590939;2.00437e-05;1.28952e-05;0.00760188;9.06151e-06;0.00738412;0.000155784;0.00472744
3.87237e-08;3.73652e-07;0.999977;3.01234e-07;1.3924e-08;7.1092e-08;4.5321e-06;9.85607e-08;3.85526e-07;2.45403e-07;1.96341e-06;1.47267e-05;5.69974e-10;1.81206e-09
8.01607e-08;0.000326413;3.28838e-11;1.65859e-08;1.43205e-06;3.9075e-10;2.15603e-08;0.999669;4.05129e-08;3.6688e-09;5.86569e-08;1.70935e-06;1.3373e-06;2.09326e-07
1.64051e-07;0.00281693;0.99595;2.99765e-05;0.000164442;0.000206659;9.67127e-07;9.72889e-05;1.28836e-08;8.96961e-05;3.60136e-06;4.56517e-05;0.000534728;5.99833e-05
9.86599e-09;4.98215e-09;1;1.43981e-09;2.69751e-09;5.26733e-09;1.05735e-08;2.25767e-08;1.83221e-09;6.03838e-10;1.41178e-07;1.46905e-08;2.55467e-09;8.76905e-10
8.82684e-09;7.29964e-07;0.999625;6.31597e-10;8.91344e-10;1.55845e-09;4.04169e-10;2.87222e-08;2.33129e-09;1.92405e-10;8.12045e-09;0.000373684;3.03165e-08;9.39193e-08
2.26816e-07;2.97953e-05;1.02067e-07;7.41231e-09;0.000745304;0.000628284;1.73495e-09;1.18177e-06;5.42343e-07;1.45823e-08;1.61471e-06;1.79948e-05;2.54293e-06;0.998572
3.02538e-05;0.997889;1.61444e-05;5.96276e-08;4.7495e-06;6.10415e-07;7.39926e-05;4.59462e-06;1.60956e-07;3.55485e-05;2.09373e-08;0.000160342;8.03855e-05;0.00170459
4.96373e-08;1.52292e-09;0.999999;3.7019e-10;8.19745e-08;1.70571e-09;6.40046e-09;4.85566e-07;1.38739e-08;1.12065e-09;1.67725e-09;7.99307e-08;1.47588e-10;3.6398e-11
1.17972e-05;0.996392;1.21291e-05;1.05095e-07;1.57269e-06;5.30298e-07;1.83905e-06;0.00347658;4.5844e-07;3.19684e-07;2.56448e-08;6.503e-07;8.05168e-05;2.12248e-05
6.47013e-10;6.03291e-09;0.999994;1.16596e-10;2.32638e-09;1.42015e-12;1.24015e-10;5.74308e-06;1.65463e-10;1.14752e-10;2.61256e-11;1.67528e-07;2.20885e-12;5.17598e-12
2.41811e-06;2.1342e-05;1.70141e-07;6.13706e-06;3.18016e-05;2.00038e-05;1.38181e-06;0.999041;0.000291902;1.02792e-06;2.76342e-05;0.000215342;0.000316917;2.27314e-05
3.13014e-06;0.996354;3.26795e-06;3.2515e-06;6.3995e-06;6.11117e-07;1.60033e-07;0.00341777;4.36821e-08;7.88343e-07;7.02631e-08;9.89522e-05;0.000109924;1.59513e-06
1.18859e-06;0.982221;3.848e-08;6.0266e-07;1.87441e-07;4.54287e-07;0.0119237;2.32191e-06;1.07323e-07;0.00428102;1.07998e-07;1.15023e-07;7.67636e-05;0.00149253
1.0518e-09;7.41319e-10;0.999991;1.95588e-09;6.17455e-09;1.52476e-09;1.99965e-08;6.00444e-10;1.70719e-09;6.78597e-09;7.71673e-09;8.99151e-06;1.71688e-12;6.22132e-09
1.38074e-07;9.2922e-05;3.43859e-12;1.67257e-08;1.94779e-05;1.08019e-09;1.97318e-07;0.99987;1.97294e-06;7.31763e-09;2.56516e-07;2.00789e-08;1.49116e-05;6.06161e-08
4.08328e-07;0.00115815;0.998637;1.09505e-05;4.22071e-06;6.19934e-06;1.30159e-05;1.58394e-05;1.06919e-07;0.000115851;1.24119e-06;6.85661e-07;3.97023e-06;3.23728e-05
6.28161e-08;5.84891e-09;0.999998;1.56302e-09;4.91196e-10;8.93844e-10;1.94691e-08;6.7683e-08;5.98605e-08;2.60331e-10;1.95606e-07;1.41769e-06;1.65552e-09;1.6375e-11
6.61978e-07;0.0009886;4.75201e-05;5.04922e-08;2.15988e-07;2.50239e-07;4.48284e-09;6.5205e-05;8.22931e-06;2.22886e-08;2.93375e-06;0.998867;1.1669e-05;7.61947e-06
2.62159e-06;0.941969;6.19162e-09;1.06155e-08;4.27889e-06;0.000115561;7.03825e-08;8.99963e-06;1.92602e-07;4.28349e-08;6.64492e-08;3.34817e-06;0.0578033;9.21675e-05
5.91533e-07;0.000210642;4.1924e-07;6.15343e-08;7.95126e-05;4.99163e-06;1.03529e-09;1.11527e-05;5.25332e-08;7.23816e-09;1.21024e-08;0.999458;0.000204751;2.93985e-05
1.45398e-05;0.000788519;1.66894e-08;5.28636e-08;2.61003e-06;3.29249e-07;6.10921e-09;0.998676;5.39189e-05;6.92212e-10;6.47805e-08;1.59139e-06;0.000462156;2.07776e-07
2.03384e-05;0.730896;5.02712e-08;2.55338e-07;1.29857e-05;1.32361e-05;1.28628e-08;0.215736;1.19771e-07;2.77999e-07;6.52967e-09;8.61739e-05;0.052057;0.00117759
4.98741e-07;0.104413;1.52903e-05;2.5952e-06;1.00819e-06;4.32527e-07;5.06046e-07;0.000888085;2.40241e-07;1.83833e-06;2.51724e-07;0.893983;3.0034e-06;0.000690495
5.74452e-06;0.951033;5.88912e-09;2.45155e-07;3.97951e-06;1.88052e-06;0.0159681;0.0306599;8.78937e-07;3.50471e-05;1.36106e-07;2.68576e-09;0.00222987;6.12451e-05
2.69327e-11;2.24988e-12;1;1.11234e-11;7.53244e-10;8.32329e-12;4.06061e-09;4.76889e-11;5.47761e-12;4.92588e-10;5.69938e-12;5.55462e-10;3.91971e-15;4.77557e-12
8.82037e-06;6.47448e-07;0.999157;1.40394e-07;7.24864e-07;1.60427e-09;3.5865e-07;0.000707303;0.000123872;5.59838e-09;9.36124e-07;1.67101e-07;3.86037e-07;3.93417e-09
4.45035e-08;9.94783e-06;1.85384e-06;4.85727e-08;2.29256e-07;1.99858e-09;3.86232e-08;1.58652e-06;5.18389e-07;5.16523e-08;2.99057e-09;3.62308e-06;1.56986e-08;0.999982
4.88707e-07;1.87337e-05;4.23914e-13;3.75086e-07;0.00292099;8.33121e-07;2.3347e-07;0.996918;0.000121941;8.26153e-08;6.27849e-07;3.51746e-07;9.9817e-06;7.30689e-06
1.03504e-08;2.86005e-06;0.999924;2.06788e-07;6.31622e-05;1.43555e-08;6.96716e-09;4.3289e-07;5.50324e-11;3.06866e-08;8.81173e-10;7.30631e-06;6.18928e-09;1.55092e-06
9.1879e-07;0.971657;8.7605e-05;8.49604e-07;6.53101e-07;3.66761e-08;4.2512e-07;1.25856e-06;6.58899e-08;7.9629e-09;1.42241e-07;2.83336e-05;0.0282223;3.53791e-07
1.87141e-07;0.0321397;1.98582e-07;2.10069e-07;0.000122419;8.33171e-06;4.18728e-09;0.00134791;7.32506e-08;1.52002e-08;3.86133e-08;0.95779;0.00520164;0.00338883
1.85363e-05;0.657179;1.73426e-06;3.20788e-05;0.00913465;0.00215354;2.1522e-06;0.125901;1.15333e-05;3.08668e-06;4.11095e-06;0.000582888;0.0388031;0.166173
0.000173028;0.0671325;3.20629e-05;8.75638e-06;9.09774e-07;3.63132e-07;1.83598e-05;0.00239068;0.000460402;2.08954e-06;0.000405727;0.841037;0.0883365;1.77952e-06
5.05892e-05;0.202844;1.07939e-05;3.54285e-07;1.84265e-06;1.91586e-08;4.02751e-07;0.770438;6.09608e-06;1.34705e-08;1.48054e-05;0.024022;0.00261035;1.59512e-07
8.8766e-08;0.00457812;1.06249e-05;5.01536e-07;9.52811e-06;3.09432e-07;1.94973e-09;0.0118753;1.34362e-08;2.59452e-08;9.53805e-09;0.981831;0.00155278;0.000141661
1.4458e-05;0.780215;1.1477e-05;1.81744e-05;0.00688282;0.00101339;1.06253e-05;0.168113;3.36603e-06;8.50679e-06;2.59066e-06;0.00265384;0.0267223;0.0143306
0.000347715;0.00595037;2.66372e-07;7.5829e-06;4.79186e-05;1.46724e-06;1.72477e-06;0.0650292;0.000307346;7.18327e-07;9.31286e-05;0.00245129;0.92576;8.61695e-07
6.41229e-05;1.62925e-05;1.62643e-09;2.39868e-08;1.46165e-06;2.68076e-08;4.47224e-09;0.999733;0.000121607;2.92774e-09;2.84352e-07;5.57753e-07;6.20824e-05;1.68217e-07
4.45867e-07;0.0635619;2.14482e-08;3.97076e-06;1.4513e-07;2.61052e-06;9.65904e-05;2.61561e-08;3.45412e-08;0.00195831;3.01966e-08;1.0035e-05;2.38615e-06;0.934363
1.35076e-09;2.33825e-10;0.999999;6.61756e-09;4.09347e-11;8.27341e-10;2.71187e-07;1.17905e-10;4.2709e-09;2.71568e-09;2.6664e-07;1.965e-07;1.62487e-12;5.38211e-11
0.000243731;0.490028;4.98936e-07;9.62031e-05;0.000749259;2.39468e-05;0.000244665;0.498281;0.00290876;7.16481e-06;0.00232391;0.000370545;0.0046844;3.75866e-05
7.88054e-06;4.12992e-05;2.04321e-11;1.74916e-08;1.2571e-06;1.36271e-08;4.14246e-08;0.999788;0.000101031;2.16864e-08;5.21399e-06;2.0872e-06;5.35237e-05;4.36005e-08
0.000694481;0.0176446;0.000135541;4.10579e-07;5.09185e-05;3.5356e-07;2.18344e-06;0.00691388;2.44974e-05;3.42797e-07;6.70117e-07;0.971839;1.54055e-05;0.0026772
3.97405e-05;0.510603;3.46609e-06;2.07291e-05;0.00357556;0.000232707;2.26718e-06;0.403593;0.000549998;2.74545e-07;1.74458e-05;0.0127493;0.0172784;0.0513339
0.00011799;0.0284982;2.70653e-07;3.66788e-05;0.00186966;1.1333e-06;1.52433e-07;0.890533;0.000364592;1.89437e-06;3.31279e-05;0.00435521;0.0741026;8.56203e-05
2.35794e-05;0.997453;0.000227591;9.62403e-06;0.000113037;2.46305e-06;7.36418e-08;0.000349983;5.60621e-07;7.18794e-07;1.10313e-07;0.000162672;0.00158666;6.9934e-05
0.000116115;0.0483009;2.08928e-05;4.88592e-06;7.21308e-06;8.39003e-08;5.75505e-06;0.0410776;0.000200825;4.41919e-08;0.00137778;0.901613;0.00727482;4.44978e-07
6.1606e-06;0.967108;1.09835e-06;0.00116041;0.0105565;0.00033795;1.40587e-08;0.0017071;0.000111364;2.22343e-06;0.000100197;0.0167682;0.000521347;0.00161923
0.0059037;0.119107;4.23086e-07;0.000245241;0.000105382;0.000144409;4.21739e-06;0.143665;0.0135361;2.96198e-05;0.0392645;0.113846;0.560709;0.00343957
3.34816e-05;0.988832;5.30855e-08;6.34962e-07;5.94954e-07;3.20169e-06;0.00238074;0.000318311;1.02835e-06;0.00126059;2.57358e-06;1.79995e-06;0.000496285;0.00666921
1.00228e-09;1.43497e-09;0.999992;6.82904e-10;5.87526e-08;2.96143e-09;2.06203e-09;5.41438e-09;8.31687e-10;1.52383e-09;1.65038e-09;7.83585e-06;2.18296e-12;2.15242e-09
1.3618e-05;0.823298;3.63167e-06;2.27886e-06;0.000815505;2.17893e-06;0.000465659;0.174331;8.10616e-05;2.98086e-05;1.83446e-05;1.21407e-06;2.47346e-05;0.000912878
0.000429171;0.0182927;0.0547897;0.00068103;0.0152902;0.000405792;3.44543e-06;0.000704398;2.99975e-05;3.69986e-05;0.000298979;0.884577;1.82468e-05;0.0244427
0.000272457;0.912566;2.62936e-08;4.76917e-05;5.38875e-05;4.55806e-05;0.000328672;0.00545573;0.0192145;2.81096e-06;0.0175465;0.00218367;0.0217243;0.0205582
2.44119e-06;0.999458;2.77639e-10;1.98066e-08;2.06867e-08;4.03739e-09;6.67889e-08;1.86955e-05;6.21725e-08;2.3125e-08;2.19446e-08;1.92807e-05;0.000500799;2.06563e-07
1.26433e-05;0.00413266;0.000210554;1.20036e-05;0.00191679;1.91867e-05;1.64709e-08;0.000107599;8.88203e-07;3.65103e-06;1.51431e-07;0.984888;0.00014697;0.00854844
0.000113026;0.0139795;1.56021e-08;2.99054e-06;0.00219041;3.35333e-05;5.70858e-05;0.979405;0.00403667;1.47966e-06;0.000104588;4.05214e-06;6.16776e-05;1.03563e-05
0.000536944;0.151765;0.820237;0.000108975;0.00607223;0.00214896;1.38048e-06;0.012908;1.78358e-05;4.2972e-06;2.33792e-06;0.00472636;0.00089126;0.000578893
0.000253137;0.000154035;5.15938e-09;3.44103e-07;0.000183393;2.50399e-05;1.29544e-07;0.853247;0.000442935;1.1069e-07;0.000219287;2.29561e-05;0.145379;7.26268e-05
1.2789e-05;0.000285969;4.98539e-08;3.83653e-06;7.20534e-07;1.83527e-07;1.36949e-07;4.08373e-05;0.000589091;3.47327e-07;8.49491e-05;0.99866;0.000316056;5.40728e-06
7.56986e-05;0.997328;3.22501e-06;6.99562e-05;1.27842e-05;1.13034e-06;1.71017e-06;0.00186649;2.82677e-05;1.768e-06;4.49538e-05;0.000174629;0.000388472;2.74035e-06
4.37501e-06;0.997824;3.6396e-09;1.06023e-06;1.03916e-07;7.97702e-08;0.000507641;0.000145958;3.43663e-06;0.000320186;4.93666e-06;4.15447e-07;0.000359821;0.000828414
1.78132e-09;9.46209e-09;0.999995;2.45804e-09;7.04439e-08;1.31537e-09;9.87421e-09;2.80462e-08;2.51933e-09;2.85253e-09;4.18967e-08;4.75028e-06;2.44966e-11;8.32323e-10
3.58564e-06;0.958859;2.64847e-06;2.61403e-05;1.42715e-05;4.75026e-07;1.79218e-05;0.0312734;7.07588e-05;3.97805e-07;0.000157925;0.000379969;0.00911403;7.92215e-05
1.27621e-05;0.123399;1.35649e-09;0.00373283;0.000492493;6.63915e-05;2.07394e-06;0.203216;0.00902063;1.65452e-05;0.0862963;0.568881;0.00314439;0.00171993
6.67889e-05;0.972891;1.0516e-06;1.72175e-05;6.23371e-06;2.76455e-05;1.64836e-05;0.011741;2.05414e-06;1.91823e-06;8.93193e-05;0.00355012;0.0114554;0.000134067
1.89851e-06;0.000317063;1.66479e-09;7.37125e-08;8.77895e-07;1.61739e-06;2.97261e-08;0.0184632;2.0468e-07;9.80431e-09;9.98644e-06;7.79081e-07;0.981204;3.89424e-07
6.72008e-06;0.00259986;1.01668e-06;3.1239e-05;3.22872e-06;8.17084e-06;7.58057e-07;0.000137273;5.43672e-05;4.25905e-06;7.84793e-05;0.995695;0.00128489;9.44056e-05
1.62192e-05;0.99823;7.87987e-06;3.29486e-05;7.11609e-07;5.23987e-07;4.48872e-07;0.000240636;5.18174e-07;5.22789e-07;2.05666e-06;0.00130622;0.000158656;3.23617e-06
7.87903e-08;0.998452;3.14895e-08;2.98754e-07;9.39363e-09;2.60249e-08;0.000183455;3.72462e-05;1.43299e-09;5.05832e-05;1.76395e-08;3.33937e-08;3.07353e-06;0.00127306
4.9579e-11;2.08715e-11;1;2.73505e-10;1.45736e-09;5.02691e-10;2.88774e-08;6.87418e-10;4.89908e-12;2.59034e-10;4.51635e-10;1.68896e-08;3.84339e-15;1.42582e-11
1.85623e-06;0.045507;1.01814e-06;9.9195e-06;4.79569e-07;1.075e-06;6.37988e-07;6.25038e-06;2.37168e-07;1.48299e-07;4.97716e-06;1.09602e-06;0.954465;1.23046e-07
1.97376e-05;0.0805803;2.3348e-09;1.63707e-06;1.81961e-07;5.58971e-08;5.97937e-06;0.805359;0.000913521;4.76784e-08;0.00136876;0.111517;0.000232129;2.1195e-06
1.44637e-05;0.717942;0.18427;0.000568294;0.0437381;0.0108036;2.4943e-07;0.011224;1.82383e-07;2.56871e-06;5.44544e-06;0.0179475;0.00708889;0.00639446
3.96163e-07;0.000163704;2.21246e-08;3.91768e-08;3.50018e-08;5.93521e-05;2.23133e-07;4.87051e-08;1.48437e-07;9.60064e-09;3.17353e-06;1.16926e-07;0.999772;4.28281e-07
5.72774e-06;0.000143645;0.999396;9.113e-07;1.41048e-05;1.02684e-05;1.57864e-08;5.8282e-06;3.08347e-09;7.43581e-08;6.19177e-09;0.000293886;9.19438e-07;0.00012882
4.41817e-06;0.985766;1.40847e-07;7.48357e-06;0.000238243;0.000209407;7.07223e-07;0.00600922;4.05498e-05;8.39712e-08;6.18472e-05;6.04374e-05;0.00719847;0.000402932
0.000712523;0.127613;1.84263e-05;7.68223e-05;0.00204594;2.71806e-05;1.28933e-05;0.85667;0.000633338;1.56448e-05;0.000618652;0.00661804;0.00436494;0.000572716
5.65713e-06;0.981171;3.10884e-10;1.55249e-07;4.37099e-05;1.69119e-08;3.3525e-07;0.0187142;2.78973e-07;1.74905e-06;2.58542e-07;5.25107e-08;3.30686e-06;5.93375e-05
3.05845e-05;0.000163137;0.00563771;3.73449e-05;0.00150051;5.6529e-07;3.09908e-07;6.25056e-05;1.82181e-06;4.07353e-06;1.11996e-06;0.992126;5.47457e-08;0.000434689
0.000162109;0.000585589;3.38077e-07;4.49388e-06;6.11336e-08;9.33714e-08;0.0148252;0.00250209;0.966005;4.86218e-07;0.0158552;6.06031e-09;5.94003e-05;1.08308e-08
0.000649591;0.0394756;4.46135e-07;1.02471e-06;1.24257e-05;2.54932e-06;2.09205e-06;0.944611;0.000500973;3.61387e-06;2.46725e-05;2.56548e-05;0.0145171;0.000173591
1.07314e-06;0.00629951;9.95817e-07;7.39718e-07;1.51855e-05;3.68433e-07;1.50047e-08;0.000416608;4.68684e-06;1.29924e-07;2.3836e-06;0.993201;2.52949e-05;3.19173e-05
8.01588e-05;0.166951;0.000392505;1.23964e-05;5.11185e-05;3.65643e-08;3.05101e-06;0.827294;7.35638e-05;7.40027e-07;4.41504e-05;0.00161212;0.00348429;1.0046e-06
0.000232418;0.0526006;1.77508e-06;9.94441e-05;0.0512775;8.29812e-06;3.74676e-08;0.0132643;0.000579637;7.41764e-06;3.45367e-05;0.857364;0.000146288;0.0243838
0.00997754;0.215708;6.54216e-07;7.5802e-06;0.00251885;6.13143e-05;8.21957e-06;0.673541;0.065994;8.9709e-06;0.000161678;0.00338818;0.0278901;0.000734707
7.92963e-05;0.016992;7.44581e-09;4.83902e-07;9.2934e-06;2.31829e-07;1.0166e-08;0.907151;0.000666877;1.85062e-07;1.1647e-06;0.000224616;0.074875;2.31727e-07
7.30487e-05;3.37927e-05;4.01867e-09;2.92745e-07;3.84056e-06;5.85532e-07;9.98058e-09;0.999439;0.000249019;6.29696e-08;2.21545e-06;1.5651e-05;0.000163762;1.8922e-05
5.27222e-07;0.0381671;2.84849e-08;4.81567e-05;2.84318e-07;8.27717e-06;0.00270177;1.92098e-07;7.63652e-07;0.0124154;1.16936e-06;3.62109e-08;3.7916e-07;0.946656
6.99781e-11;3.90742e-12;1;7.70534e-10;3.10791e-11;6.66538e-11;5.28646e-09;2.25619e-11;2.73176e-11;1.16555e-10;2.37868e-08;3.76694e-08;1.22949e-14;7.13141e-12
0.000408606;0.159053;2.07713e-07;4.53613e-05;0.000770738;0.000252932;4.8051e-06;0.734737;0.000233994;2.77961e-06;0.00297786;0.000460265;0.100345;0.000706909
8.8138e-05;0.936948;4.01765e-07;9.78676e-06;9.88189e-06;7.72191e-06;0.0172998;0.000103758;9.06072e-06;0.0112745;4.07942e-05;3.676e-05;1.87346e-05;0.0341528
1.45613e-07;3.17572e-09;0.999964;7.65029e-09;1.77011e-07;8.62165e-10;1.72856e-07;1.46422e-07;2.27504e-08;1.5292e-08;2.6151e-07;3.5164e-05;1.44953e-12;6.22004e-10
2.0934e-06;0.99408;5.14119e-10;5.07219e-08;1.06079e-08;1.58232e-08;0.00571999;6.85009e-05;2.18274e-06;5.71368e-06;9.1968e-07;6.38429e-10;3.17908e-05;8.90882e-05
4.95066e-10;8.9684e-10;0.999999;1.50974e-09;5.71333e-09;8.19521e-10;1.14362e-08;1.29997e-08;3.21763e-10;3.18717e-09;3.24739e-10;1.10474e-06;7.5412e-13;5.12972e-10
5.06957e-05;0.621637;3.86341e-07;0.000873632;1.60496e-05;0.000333784;0.0947647;0.0377234;0.00421197;8.43295e-05;0.0275253;3.50168e-06;0.212772;3.23832e-06
6.68755e-05;0.0765886;0.917976;0.000397434;7.83822e-06;6.17124e-07;2.11186e-05;0.000381021;5.50664e-07;1.29775e-05;2.03124e-05;0.00365429;0.000869604;2.93746e-06
0.000166255;0.911211;2.15053e-06;2.93784e-05;9.94995e-05;7.81317e-06;0.000439006;0.0533629;0.00142916;1.52015e-05;0.00144344;0.00795876;0.0222697;0.0015658
0.000224272;0.576392;3.99973e-07;0.000205393;0.000410195;0.000229065;1.21994e-05;0.0309713;0.00125473;3.37802e-05;0.00172657;0.305471;0.0829714;9.76112e-05
0.0002056;0.708754;2.86793e-08;3.12862e-05;0.000206939;2.37835e-05;0.000141176;0.00138765;1.47711e-05;2.98866e-05;0.000224479;0.128548;0.159028;0.00140419
0.000450307;0.740243;0.000713786;0.00166749;0.000421112;0.000141508;0.00100379;0.144229;0.000150015;9.38428e-05;0.00053676;0.0443084;0.0650424;0.000998188
1.16337e-05;0.560422;2.05584e-07;0.000221061;0.000514494;1.92092e-05;0.000323035;0.433914;2.83997e-05;0.000304001;0.000242021;0.000462051;0.00149726;0.00204057
7.1483e-05;0.0374818;0.662133;0.00463171;0.0844791;0.0297982;2.43784e-06;0.000560022;1.07402e-07;0.000588615;1.51479e-05;0.160342;0.000505195;0.0193911
0.000154785;0.0214331;3.10461e-07;6.93128e-07;7.46897e-06;2.10407e-05;1.83494e-05;0.468237;2.64729e-05;1.644e-06;0.000115439;7.58989e-06;0.509973;2.74184e-06
4.58918e-07;4.72373e-07;0.999993;2.51539e-07;2.78505e-08;3.03115e-07;3.22023e-07;1.94734e-06;1.67637e-06;1.4758e-07;4.24096e-07;4.8739e-07;9.49257e-07;2.37809e-09
4.92302e-07;9.93016e-05;0.998965;2.07055e-06;1.03356e-07;3.07762e-07;1.38437e-07;0.000188772;1.29755e-06;1.95895e-07;2.35498e-07;0.000740191;1.0836e-06;6.58138e-07
1.27563e-07;2.9854e-05;1.31807e-07;4.93382e-07;0.000542666;0.000648536;1.07327e-08;1.86721e-06;1.82675e-07;1.45219e-07;3.94746e-06;2.98497e-05;8.33276e-06;0.998734
8.84621e-06;0.994757;9.26378e-06;1.61838e-06;8.79064e-06;2.3165e-05;0.00038415;5.33452e-06;1.3134e-08;0.000102958;2.8277e-07;9.55036e-05;8.53432e-05;0.00451741
3.44357e-09;3.21018e-09;1;1.75425e-09;1.89638e-08;9.41086e-09;4.9319e-09;1.04261e-08;1.42483e-10;2.16696e-09;1.73619e-09;1.27833e-07;4.0185e-10;2.12699e-10
6.80463e-07;0.999687;4.03171e-06;1.02609e-07;6.09196e-08;5.23175e-07;6.70213e-06;5.13947e-06;4.71501e-09;3.06478e-07;3.40093e-08;1.06427e-07;0.00027872;1.65283e-05
2.47836e-10;4.09805e-08;0.999998;7.65415e-10;1.78985e-09;1.87326e-11;4.52473e-10;6.34293e-07;1.94702e-11;3.86432e-10;4.58648e-11;1.43467e-06;7.74437e-11;6.26804e-11
2.17807e-05;0.000513982;1.25967e-05;0.000541863;0.00411716;0.00278013;0.000101055;0.939;0.00378806;0.000110142;0.00310179;0.00391711;0.0405942;0.00140014
7.09817e-07;0.998942;0.000138352;8.0697e-06;6.64706e-06;7.85409e-06;1.45319e-05;0.000662675;9.19293e-09;4.44398e-06;3.44005e-08;1.96956e-06;0.000197243;1.53024e-05
1.51146e-10;1.66171e-09;1;1.61474e-09;2.10764e-10;1.64879e-10;5.41143e-10;2.92373e-09;3.31095e-11;9.12128e-11;1.48769e-10;1.99983e-07;6.414e-11;4.16529e-11
9.50434e-08;3.82033e-05;0.000186256;8.99049e-07;1.76783e-06;7.80502e-07;3.57527e-09;0.000207766;4.45607e-07;3.49756e-08;2.27613e-06;0.999373;1.20419e-06;0.000186996
5.37704e-07;0.992655;1.51685e-07;7.13333e-08;5.50386e-06;3.49828e-05;3.17906e-07;4.83836e-06;1.23281e-08;7.44993e-08;1.66009e-07;1.96537e-06;0.00642187;0.00087485
4.28534e-07;0.00491222;9.66275e-06;3.52892e-06;0.00164903;0.000206379;1.615e-08;0.00213375;1.78161e-07;3.13097e-07;2.39736e-07;0.974286;0.000137051;0.0166609
5.51838e-05;0.73457;2.05008e-06;0.000115181;9.01924e-05;0.00253014;2.84792e-05;0.0935395;0.0025327;1.10224e-06;0.000112313;5.13559e-05;0.166362;9.65402e-06
4.00217e-07;0.999806;2.60085e-07;1.82167e-07;1.81576e-08;8.66622e-08;7.83397e-10;0.000154228;8.4519e-10;2.56808e-09;2.20347e-10;5.78031e-06;3.23859e-05;6.15646e-07
2.14898e-07;0.993256;2.07122e-08;6.35413e-07;7.98529e-08;1.85727e-07;2.53301e-05;6.03128e-06;6.94935e-09;4.806e-05;3.333e-09;2.1415e-06;2.94637e-06;0.00665835
2.09117e-10;4.30594e-11;1;2.31167e-10;3.31403e-09;5.51839e-10;2.28332e-08;5.82094e-09;1.99093e-11;6.48401e-10;6.77909e-10;3.27648e-08;4.7469e-15;8.04579e-12
1.70343e-06;0.988497;1.11733e-06;3.17761e-06;6.6825e-06;3.37295e-06;6.89276e-08;3.40024e-05;2.50646e-08;5.45267e-08;1.14417e-07;0.00010244;0.0113497;1.36131e-07
4.77168e-06;0.000899029;5.8656e-11;3.93923e-07;7.25576e-08;1.38881e-05;3.54861e-07;0.0238255;0.000344535;3.27356e-08;5.19199e-05;0.000399527;0.97446;1.09332e-07
7.91915e-06;0.000965109;0.99682;1.52916e-05;0.000203562;3.17719e-05;6.26426e-08;0.000201242;3.76988e-08;9.02806e-08;3.45104e-07;0.000387981;0.00121046;0.000155835
3.38747e-05;0.0727664;4.95759e-06;4.95869e-06;0.000380163;0.0015805;2.85211e-06;0.00385782;3.87909e-06;6.14331e-07;5.0194e-05;0.00133695;0.917935;0.0020417
9.85852e-06;0.00914471;1.07674e-07;1.33147e-06;1.24074e-05;3.58706e-06;8.85698e-08;0.0482136;6.89692e-07;1.07776e-07;1.2648e-05;0.000823897;0.94176;1.67721e-05
3.05649e-05;0.802167;4.11116e-07;4.74767e-05;6.65322e-06;3.65285e-06;4.92957e-06;0.0421647;8.8869e-05;1.57403e-06;0.000355594;0.120748;0.0342308;0.000149703
0.000420812;0.202626;3.81468e-05;0.0164401;0.00164512;0.00150756;0.000196728;0.0219812;0.000131857;0.00090655;0.00604011;0.511503;0.0568373;0.179726
0.000746923;0.422613;6.27973e-05;0.000637386;0.000639941;0.0117205;0.00546372;0.0146705;0.000214703;0.000219415;0.0419255;0.00378046;0.490449;0.00685637
1.50719e-05;0.00502479;1.57474e-07;2.71167e-06;4.28306e-05;2.64376e-05;7.32106e-07;0.00907965;3.86956e-07;5.47696e-07;0.000136926;0.00109355;0.984544;3.24671e-05
7.36141e-05;0.593294;0.000140085;1.19815e-05;1.0887e-06;4.32983e-06;0.368344;3.99813e-05;3.10648e-06;0.0344139;1.9312e-05;0.00102818;0.000146065;0.00247994
3.99072e-10;4.45659e-10;1;5.2603e-09;5.18983e-10;1.09586e-08;1.92313e-07;5.02689e-09;4.95848e-09;1.15515e-08;2.47831e-08;1.41546e-08;4.23409e-11;6.86973e-12
4.77733e-06;0.996344;0.000613276;1.27614e-05;5.52472e-07;1.55582e-06;1.07921e-05;0.00140396;7.8863e-08;3.29998e-06;1.80892e-06;0.000417877;0.000754;0.000431752
4.35331e-07;0.00371639;5.67922e-09;5.96438e-06;8.98215e-06;1.21332e-06;2.0262e-07;0.00120959;5.00931e-07;2.11211e-07;3.61571e-05;3.76103e-05;0.994978;4.24513e-06
1.01935e-05;0.992764;0.00192231;0.000120894;5.0188e-06;1.04534e-05;0.000241019;0.00118426;3.69063e-07;0.000331866;1.02546e-06;0.000105606;8.47425e-05;0.00321803
6.7562e-10;2.34527e-09;1;1.05381e-08;5.87251e-10;2.50986e-10;4.61308e-09;1.69059e-08;3.41725e-10;1.87675e-10;2.98291e-08;7.96496e-08;5.93138e-11;5.65369e-11
3.51284e-06;0.348569;0.000165269;0.000396227;3.57621e-06;4.34782e-05;1.67454e-06;0.00129887;0.000115467;4.02557e-06;0.00607382;0.639348;0.00234135;0.00163586
4.85291e-06;0.996197;1.19172e-05;1.05525e-05;9.3199e-07;3.15612e-06;2.3795e-06;0.00210885;5.86234e-06;2.68524e-07;0.000472842;1.7706e-05;0.0011579;6.20008e-06
3.44475e-06;0.443847;3.41136e-09;3.07687e-05;0.0168204;6.52491e-05;4.17286e-09;0.351952;1.58881e-07;8.32556e-07;3.72243e-06;0.101142;0.000259708;0.0858749
2.57028e-05;0.0306993;0.040632;0.000891947;0.0181968;0.734971;3.34435e-06;0.0962429;8.10604e-07;0.000413172;2.55365e-05;7.88349e-05;0.039155;0.038664
1.93118e-09;1.14145e-08;1;1.10914e-09;3.12317e-11;2.15439e-10;3.27695e-10;4.84159e-09;2.09267e-11;6.17866e-13;3.39223e-09;1.5383e-07;2.12237e-08;1.03509e-13
8.79797e-07;8.82351e-05;3.40159e-05;3.23186e-05;7.99516e-07;2.89247e-06;3.25583e-08;3.00503e-05;2.95504e-05;4.89702e-08;0.000199644;0.999428;5.75894e-05;9.58375e-05
7.72001e-06;0.998849;3.71441e-06;2.91772e-06;8.40789e-07;9.49957e-07;3.66709e-07;0.000532436;1.32895e-08;1.50267e-07;4.33656e-07;1.43743e-06;0.000551073;4.90361e-05
4.71798e-09;8.35644e-06;4.46304e-08;1.03894e-08;0.000181014;5.29047e-07;8.21756e-11;0.999681;3.48453e-10;1.15566e-08;2.52362e-09;5.31905e-07;0.000122032;6.52471e-06
3.45951e-10;1.45856e-06;0.999991;2.54883e-07;4.43001e-07;6.38446e-06;3.0302e-10;2.3506e-08;5.78743e-11;1.6158e-08;3.98114e-09;1.43897e-08;7.41877e-09;1.31718e-07
0.000160783;0.0196945;0.000159208;1.14732e-05;2.08919e-05;0.00010133;1.90439e-05;0.0323133;0.000195937;3.63553e-06;0.00149919;0.000417854;0.945402;6.41757e-07
