1.24394e-05;0.983698;2.43883e-08;4.86344e-06;1.42032e-05;3.02524e-06;5.10466e-06;0.00893262;3.77666e-05;2.65703e-07;3.4264e-05;0.00356963;0.00367894;9.39495e-06
4.59621e-05;0.00714091;2.60028e-08;0.00012789;7.12218e-05;2.66958e-05;5.86869e-07;0.00483834;2.9588e-05;3.38377e-06;0.000196754;0.985186;0.000102393;0.00223032
0.000781138;0.980206;1.6022e-10;2.56471e-06;6.47668e-07;2.45708e-07;3.17158e-06;0.00991714;9.06299e-05;4.29606e-07;5.73629e-05;0.00157469;0.00732958;3.66013e-05
0.00102336;0.0518209;1.24262e-05;5.37361e-05;0.0600043;9.90763e-05;9.21256e-06;0.692983;0.000145343;1.25129e-05;7.05434e-07;0.00245507;0.0089076;0.182472
0.000134333;0.0112508;5.52601e-06;0.000100653;0.000177584;0.00105065;3.16413e-05;0.000317145;0.00824567;3.02543e-05;0.00109138;0.00451188;0.972786;0.000266544
0.000101997;0.00974936;0.986386;0.00010233;3.59146e-06;2.39552e-05;0.000619098;1.65564e-07;1.08943e-05;0.000987368;5.69471e-06;0.00182076;9.93817e-06;0.000179059
1.78585e-07;1.67629e-08;0.999996;2.00415e-08;3.11943e-07;2.62745e-08;2.21319e-07;3.6937e-07;1.30402e-06;8.4934e-09;8.53932e-07;2.98563e-07;3.34065e-10;1.16058e-09
1.02506e-05;0.0181453;4.95583e-08;1.21322e-07;0.000213756;3.44811e-05;2.40148e-06;0.97452;0.000123052;3.38038e-06;4.71897e-06;1.79261e-06;0.00690449;3.5731e-05
8.81396e-09;8.89826e-10;1;3.19572e-09;5.1735e-09;4.91416e-10;2.49958e-09;2.26681e-08;1.44685e-08;1.93418e-09;1.2695e-08;1.04296e-07;6.81687e-11;1.24267e-11
1.11237e-06;3.99295e-06;0.995114;2.26157e-07;8.65357e-07;2.6344e-07;2.9839e-08;0.000187662;9.72158e-07;2.70796e-08;9.14928e-08;0.00467618;3.08118e-07;1.40045e-05
6.67922e-07;0.0151101;1.49052e-09;5.04322e-09;6.0908e-05;2.84474e-05;1.37657e-06;5.77194e-06;2.05538e-07;6.25634e-07;1.60077e-07;3.19756e-09;8.51864e-07;0.984791
1.53672e-09;4.31864e-09;0.999973;1.24496e-11;1.1015e-06;1.97751e-10;4.03671e-13;3.51207e-07;2.51861e-12;9.86091e-12;3.92075e-13;2.60733e-05;1.6418e-11;5.81893e-10
1.08672e-06;0.988279;2.09688e-08;1.00171e-07;1.70255e-05;7.40552e-08;2.68698e-06;0.00991775;7.99644e-07;1.59062e-06;7.6451e-08;2.15853e-07;3.86789e-05;0.00174057
2.28315e-06;0.000825821;1.64416e-06;3.07955e-06;2.71895e-07;1.9487e-07;0.000172821;0.998021;0.000219876;1.69222e-07;1.92512e-05;4.49669e-07;0.000733163;2.40247e-09
5.77036e-07;0.999452;4.58215e-07;7.95098e-06;3.54913e-07;3.82416e-08;4.43545e-07;0.000522804;1.03043e-08;9.3292e-07;4.74419e-08;1.1628e-05;3.08356e-06;1.6254e-07
1.4097e-06;0.99745;2.55204e-09;5.61194e-07;1.07637e-08;3.84293e-08;1.55386e-05;6.33706e-07;5.39548e-07;5.86467e-07;7.39366e-07;0.000114538;0.00241443;9.17909e-07
1.96652e-07;0.00229213;6.22795e-08;5.23355e-08;1.61411e-07;2.21257e-09;8.12742e-08;1.38131e-05;1.70673e-07;1.8117e-09;1.21238e-06;0.99769;1.77779e-06;1.07879e-07
5.68319e-06;0.950242;7.70447e-07;1.11662e-06;1.30702e-05;3.2685e-06;3.42816e-06;0.000837922;4.2121e-07;1.1694e-06;4.62464e-07;3.26647e-05;0.0480179;0.000840506
5.07149e-05;0.00827298;4.45135e-05;6.68276e-06;2.93616e-05;0.000588847;1.03673e-05;0.0676821;5.19395e-05;6.08185e-07;2.10267e-05;0.898832;0.0242484;0.00016014
1.99976e-06;0.795588;2.93136e-06;5.83698e-06;5.11071e-05;4.73435e-05;6.21522e-05;0.200586;1.31e-06;4.3771e-05;5.51655e-07;2.37135e-07;0.00224116;0.00136806
7.04643e-11;1.18874e-10;1;4.3558e-10;7.05999e-11;6.63747e-11;3.41573e-11;1.70188e-10;8.60438e-12;2.29696e-11;1.56189e-10;8.96929e-08;2.75612e-11;7.91568e-12
0.000485985;0.290212;0.0169159;0.00207713;0.000433144;0.000116856;5.25982e-05;0.523353;0.0145535;2.30799e-05;0.0123745;0.131376;0.00670397;0.00132307
0.000127574;0.706317;9.3433e-05;1.0876e-06;0.00064885;5.89514e-05;1.76387e-07;0.219515;5.34345e-07;4.09688e-06;2.13055e-06;0.00250563;0.042923;0.0278025
1.48539e-06;0.00641178;2.56865e-06;3.03522e-06;0.000614934;0.000517014;9.30313e-08;0.00354563;1.34617e-05;2.01784e-07;1.42969e-05;0.892301;0.000355142;0.0962195
1.93763e-06;0.932569;2.82588e-09;2.51781e-07;6.93154e-06;5.64469e-07;1.012e-07;0.0209268;9.08068e-08;1.99001e-07;1.95491e-07;0.000520775;0.0459626;1.02018e-05
0.000480808;0.00565578;0.000179192;5.97779e-05;0.614146;0.0010834;1.32964e-06;0.321108;0.000310723;1.41452e-06;1.9475e-06;0.000697215;0.00401457;0.0522593
0.000205112;0.889392;3.64114e-05;6.78116e-06;0.00174421;5.49273e-06;5.926e-07;0.0815033;5.57755e-05;3.28818e-07;1.35669e-06;0.00430642;0.0226838;5.79231e-05
5.88412e-05;0.0236744;1.65952e-06;1.49061e-06;0.0150028;0.00161295;4.17279e-06;0.942445;6.79053e-06;4.78296e-05;8.39952e-07;1.74753e-05;0.0164251;0.000700568
1.06663e-08;7.11701e-11;1;5.94207e-10;4.07828e-09;1.06253e-10;4.30193e-10;2.84551e-09;1.36142e-09;2.28184e-10;9.10975e-10;1.82002e-07;1.77973e-10;1.96287e-12
4.27945e-06;2.26158e-06;0.988552;2.69414e-07;1.71778e-06;4.51947e-08;6.49396e-08;0.000200782;9.16763e-06;2.53255e-08;1.0139e-07;0.0112272;6.53992e-08;1.83926e-06
3.08312e-06;0.0745929;5.54009e-09;1.37572e-08;0.000223839;5.81231e-05;1.32232e-05;1.8022e-05;2.20115e-06;4.01829e-06;3.90631e-07;2.80307e-09;1.919e-06;0.925082
3.2344e-09;1.20781e-09;0.999982;2.82721e-11;1.21808e-06;4.54061e-10;1.73592e-12;2.02885e-07;1.90875e-11;8.25964e-12;1.40857e-12;1.67595e-05;2.41356e-11;1.58048e-10
1.41298e-06;0.996055;8.55186e-09;1.07009e-07;5.90293e-06;2.12386e-08;4.13648e-07;0.00358711;2.08088e-06;2.48987e-07;7.97478e-08;1.18972e-06;1.67835e-05;0.000329812
1.25995e-05;0.0147287;8.95761e-07;1.23816e-05;9.22145e-08;3.4052e-07;0.00020065;0.979613;0.000902861;2.25471e-07;4.68975e-05;3.43814e-06;0.0044777;1.99929e-08
1.51059e-06;0.988777;4.2221e-09;5.62234e-05;8.49769e-07;2.12622e-06;2.87269e-07;0.00142969;1.4818e-06;2.87453e-06;2.7325e-06;0.000266352;0.00945509;4.23623e-06
3.41677e-06;0.000308646;2.67015e-08;7.90674e-07;1.98905e-05;7.63118e-09;1.37187e-07;0.999145;1.52228e-07;1.41771e-06;2.65672e-07;0.000486671;3.34225e-05;2.18176e-07
7.29733e-06;0.000226628;0.976918;4.17061e-05;1.46989e-05;6.91337e-06;6.69616e-07;2.74377e-05;2.46561e-06;3.20136e-05;5.28809e-06;0.0225901;0.000124254;2.14784e-06
4.03488e-08;6.98744e-05;9.07609e-10;6.20637e-08;7.95037e-12;2.67135e-09;0.999321;1.3739e-08;5.27636e-05;0.00054682;9.75174e-06;5.86886e-13;7.46531e-08;6.75402e-08
1.16137e-11;4.47663e-13;1;1.83016e-11;1.47544e-12;1.37582e-12;4.78808e-10;1.56204e-11;1.25442e-10;1.323e-10;3.66966e-10;4.67407e-11;6.5181e-16;1.93073e-15
