1.07672e-11;1.89349e-12;1;8.4108e-12;4.49045e-11;1.29017e-12;3.57973e-11;1.28876e-10;4.60741e-12;2.98721e-12;1.10092e-11;1.25983e-08;2.34562e-13;1.10158e-14
0.000370631;0.00742979;0.0714325;0.00107887;0.000301237;0.000704788;0.00131589;0.272043;0.00482226;3.25731e-05;0.016061;0.609433;0.0130416;0.00193317
1.07866e-05;0.961414;4.50001e-08;0.00228969;0.000111946;0.00174996;7.12955e-06;0.00837163;0.000294536;2.36083e-05;0.00773956;0.00562594;0.0108492;0.0015123
0.000115723;0.568539;2.82752e-10;3.60604e-05;6.14592e-05;4.93019e-07;4.65387e-05;0.343277;3.47581e-06;1.55194e-05;0.000603323;0.0859072;0.000375537;0.001019
2.86392e-05;0.319368;0.389443;0.000293935;0.000325617;2.02234e-05;3.33944e-06;0.000185684;8.89492e-08;1.05583e-05;8.42483e-06;0.286075;0.0039008;0.000335917
0.000125439;0.85105;2.08779e-07;2.02589e-05;1.0833e-05;5.94361e-05;0.000138132;0.0679147;0.000634431;2.80816e-06;0.000424714;0.00925853;0.0695086;0.000851541
0.000442064;0.882359;1.182e-09;0.00157904;0.000367187;4.1225e-05;0.0028914;0.00467255;0.00750416;0.00014932;0.0252488;0.00412326;0.0672964;0.00332522
0.032272;0.217938;4.48823e-08;0.00236731;0.0467567;1.72571e-05;0.000972239;0.433477;0.245674;0.00044626;0.00142476;0.00132323;0.00117127;0.0161604
0.00208822;0.0761767;0.269099;0.00108174;0.00120274;0.000158606;5.38017e-06;0.000439622;9.74465e-05;7.89352e-06;0.000110854;0.0101183;0.638986;0.000427101
0.000515243;0.225856;4.00068e-08;2.11761e-06;0.00569444;2.37081e-06;3.40429e-05;0.75513;0.000866316;3.18732e-06;0.000514592;0.0103523;0.000819715;0.000210443
0.00516529;0.133098;0.156504;0.00387527;0.0757667;0.000880081;7.62295e-05;0.00347905;0.00942076;0.00198648;0.00129317;0.34648;0.000981505;0.260994
0.00287718;0.0359141;5.12115e-07;1.54275e-06;2.65462e-05;1.07152e-06;0.000546318;0.180672;0.775962;1.92933e-06;0.00353787;9.32926e-05;0.000358821;6.55218e-06
0.000193972;0.973473;3.5861e-10;4.19957e-06;5.00481e-06;4.01125e-07;1.01265e-05;0.00155686;0.00109058;3.12375e-06;7.20723e-05;0.0130655;0.010494;3.12333e-05
0.00244615;0.839929;9.79021e-09;5.58022e-05;7.24035e-05;2.12666e-05;4.77148e-05;0.00502107;0.014028;3.83741e-06;3.15006e-05;0.00277378;0.133848;0.00172185
1.02537e-05;0.00209281;5.933e-06;9.48762e-07;1.00322e-05;6.18167e-07;2.60215e-08;0.000928275;4.0404e-06;4.34098e-08;2.2668e-07;0.996361;0.000412898;0.000173049
0.000105111;0.516763;1.65781e-07;0.00168561;0.00745993;0.021832;3.46733e-05;0.0515769;0.0022939;5.42474e-05;0.00074279;0.0106693;0.375805;0.0109777
0.00205116;0.633679;0.000246474;0.000752285;0.000253586;0.000383723;0.000196084;0.00311185;0.00478507;0.000126997;0.00463099;0.2898;0.0580941;0.00188803
0.00344056;0.763601;3.896e-06;0.000229558;0.00883535;0.000701512;0.00331253;0.159989;0.0120096;0.000622741;0.00453332;0.00170118;0.0259291;0.0150915
0.00101027;0.0791455;0.0350822;0.000122757;0.0214757;0.0001434;1.03282e-06;0.00118825;4.46473e-06;5.85008e-05;9.63881e-06;0.85656;0.0028706;0.00232767
1.54887e-05;0.998553;1.97017e-09;2.61924e-09;7.68583e-10;4.50434e-09;0.00136753;2.84879e-06;3.95447e-06;2.14394e-06;1.96989e-07;1.84221e-09;5.13708e-06;4.93845e-05
3.58272e-10;4.16351e-11;1;1.81446e-11;3.94714e-09;1.55898e-10;1.87733e-09;2.24678e-09;1.82944e-10;3.52864e-11;2.18692e-11;3.69147e-07;1.64607e-13;1.45803e-11
0.000800357;0.679173;0.0001677;0.000819403;0.000201948;0.00135366;0.0268277;0.0437428;0.125338;7.50508e-05;0.00577956;9.98808e-05;0.115576;4.51173e-05
0.000179818;0.0517635;1.10107e-07;5.33163e-07;1.42221e-05;6.35126e-07;2.34578e-06;0.9439;7.11517e-05;1.46895e-06;8.14217e-06;6.13469e-06;0.00403048;2.12105e-05
1.77639e-06;0.000709033;3.99312e-06;4.48882e-06;5.65012e-05;2.11491e-06;4.14231e-07;0.000213211;4.42258e-05;7.89662e-07;2.8074e-05;0.998532;8.7341e-05;0.000316328
1.45801e-06;0.986784;2.6504e-06;6.91771e-07;2.6277e-06;1.4219e-09;4.06913e-06;0.0130229;1.63086e-06;7.17104e-07;9.18136e-07;2.31486e-06;0.000176247;1.21953e-08
2.04459e-05;0.000273354;0.00127368;4.32505e-06;0.000825284;3.10751e-06;1.49686e-07;4.48261e-06;2.43641e-07;5.20301e-06;2.31174e-07;0.997514;1.3883e-05;6.1696e-05
0.00137186;0.141931;1.40308e-05;1.09622e-05;0.000967966;4.79426e-05;0.000114784;0.840761;0.00581023;6.98676e-06;3.06764e-05;2.78412e-05;0.0088976;7.61124e-06
3.23779e-06;0.014964;2.58275e-08;2.48609e-06;2.41655e-06;5.01283e-05;7.20835e-08;2.37831e-05;4.88773e-05;8.53349e-07;1.94721e-06;1.99323e-05;0.984881;9.36402e-07
0.000169539;0.00247592;0.951336;7.97757e-05;0.00219063;4.48306e-07;1.47738e-06;1.77105e-05;1.14773e-06;8.52809e-05;1.53987e-07;0.0369599;5.05811e-06;0.00667717
0.000103965;0.000358673;1.19784e-07;3.26748e-05;3.29302e-06;1.31138e-06;0.00335056;0.000197473;0.966978;5.60793e-06;0.0140398;1.77939e-07;0.0149287;1.87528e-08
1.40856e-05;0.99945;2.08335e-05;3.60541e-06;2.73979e-07;5.14534e-08;4.5386e-05;0.000416258;2.40623e-05;1.76707e-05;2.5366e-07;1.48175e-06;6.71552e-07;5.62164e-06
3.1022e-09;2.69253e-08;0.999998;1.70108e-09;2.01294e-09;5.38709e-11;1.98418e-09;1.26168e-07;3.19391e-09;2.08756e-10;5.73102e-09;1.68524e-06;5.94593e-11;7.29548e-12
6.76007e-05;0.0103021;3.05866e-05;0.000332693;0.000703423;0.00700403;2.67685e-05;0.0767355;0.0150112;9.79185e-06;0.0382923;0.788608;0.0594189;0.00345671
2.92466e-05;0.0575058;1.57073e-05;5.05158e-05;0.0016609;0.00304176;9.36176e-07;0.726366;0.000278281;1.22319e-05;0.00402999;0.000138509;0.20667;0.000200477
0.000164003;0.0659277;0.000385073;0.000556064;0.00126856;0.00177249;3.95151e-06;0.0107627;0.000458129;0.000158671;0.00168975;0.797163;0.0377547;0.0819349
8.85429e-06;0.000154285;4.30045e-08;7.69489e-07;2.72274e-06;8.64829e-08;3.83353e-07;0.999687;8.15484e-05;9.40102e-08;5.06379e-05;2.8725e-06;1.00925e-05;6.9936e-07
8.78765e-06;0.978209;1.12789e-07;2.69116e-05;0.00110158;2.89322e-06;1.1201e-07;0.000556303;1.92376e-06;2.14641e-05;7.49961e-07;0.000196654;1.22036e-06;0.0198719
0.000229427;0.0233876;0.00540262;0.000809314;0.00154026;0.0232361;5.2106e-06;8.58311e-06;7.78637e-05;7.81535e-05;0.000624116;0.916004;0.00814805;0.0204485
0.00027665;0.97415;7.94591e-09;1.02859e-06;0.000278611;1.02836e-05;4.63786e-05;0.0144526;7.4712e-06;1.30784e-06;0.000148145;0.00206679;0.00807661;0.00048396
0.00264849;0.169505;0.000806976;0.000141519;0.0010496;0.000570435;4.59848e-05;0.0366815;0.000464055;7.29942e-06;0.000157287;0.0673956;0.703072;0.0174543
2.01896e-06;0.974119;5.28783e-10;1.77098e-05;7.8065e-07;5.62096e-07;0.00589545;0.00279352;1.56731e-05;0.000265325;1.74882e-05;9.62337e-07;2.05856e-05;0.0168514
1.4862e-09;8.8679e-09;1;5.91204e-09;7.39743e-10;6.36333e-11;1.89835e-07;3.02266e-08;4.64248e-10;4.91532e-09;2.16563e-07;5.14245e-08;4.82048e-11;8.91621e-13
6.94972e-05;0.720322;1.18338e-05;0.000163709;2.58396e-05;0.000189971;0.00191775;0.144984;0.00553532;3.96406e-05;0.0148654;0.00609955;0.105669;0.0001069
4.25035e-05;0.786103;1.08993e-08;0.00197408;7.836e-05;0.000136795;0.000749959;0.000490783;0.000485174;0.00032449;0.0240779;0.0807166;0.103368;0.00145312
0.00244884;0.0440795;8.53256e-05;1.2303e-05;0.000226693;2.34139e-06;5.40249e-06;0.325247;2.93687e-05;2.05792e-06;0.00010775;0.610214;0.0173698;0.000169923
2.56931e-06;0.962095;1.90677e-06;1.51619e-05;1.09311e-05;8.3459e-06;0.00110448;0.0348405;2.11372e-05;9.92576e-05;5.19933e-06;5.5068e-06;0.000270132;0.00151958
6.79055e-11;1.06325e-10;1;1.74417e-10;4.29948e-11;1.14802e-11;2.7354e-11;8.53637e-10;4.02635e-12;2.50432e-11;5.70713e-11;1.7801e-08;6.57784e-12;1.03328e-12
9.59491e-06;0.016922;0.96462;1.0843e-06;3.97625e-05;3.17308e-06;1.602e-07;0.00696034;2.51841e-07;5.68629e-07;4.01632e-08;0.0111492;5.40812e-05;0.000240127
1.15643e-06;0.000297135;5.46701e-06;1.99769e-07;0.00915841;0.0904786;4.76602e-09;2.02165e-05;4.31973e-08;1.92619e-07;6.37822e-08;0.000232408;3.03659e-05;0.899776
0.00554969;0.582295;2.61736e-05;4.71463e-05;0.0287931;0.00250843;0.000269107;0.282073;0.000282179;5.84881e-05;0.000429731;0.0581256;0.0328081;0.00673446
0.00284069;0.0509668;0.000733619;0.000426683;0.00562727;0.000918278;0.000147735;0.826994;0.0880837;6.59805e-05;0.000338204;0.0019543;0.0204012;0.000501719
0.000541205;0.956465;0.000197689;4.34451e-05;0.000407336;3.05513e-06;2.08978e-05;0.0099822;4.87925e-06;5.44291e-05;4.26054e-06;0.023512;0.000846507;0.00791728
8.78081e-07;0.999891;8.94036e-11;3.58393e-09;1.20494e-07;3.18919e-09;2.33137e-05;5.26196e-05;3.87463e-08;4.03721e-07;5.87442e-09;3.98341e-08;1.66452e-05;1.49035e-05
4.65028e-10;3.40544e-11;0.999992;1.07754e-10;9.09987e-09;7.92796e-11;2.07543e-10;3.03426e-10;1.28554e-11;2.45539e-11;6.02062e-11;8.09826e-06;8.28695e-13;8.53199e-13
8.89338e-06;0.746753;2.95081e-07;2.8177e-05;0.00115579;6.8697e-05;7.19475e-05;0.247269;0.000166546;2.34648e-06;4.51659e-05;0.000579491;0.00358804;0.000262686
5.45564e-05;0.953643;1.21212e-07;2.4993e-05;3.67811e-05;2.51219e-06;3.78845e-05;0.00078549;2.40713e-05;1.43414e-05;0.000351611;0.0385962;0.00639877;2.98343e-05
0.00206182;0.316946;5.96336e-05;2.67033e-05;0.0212843;0.000539217;1.48667e-05;0.0643214;6.49092e-05;2.96817e-06;9.42174e-06;0.530544;0.0563175;0.00780699
0.000375887;0.468857;5.21213e-06;0.000147793;0.00234177;0.00222523;1.79022e-05;0.0125054;4.45347e-05;5.47381e-05;1.17415e-05;0.197997;0.0355397;0.279876
0.000193664;0.996832;4.85162e-07;1.21998e-06;3.95824e-07;1.32575e-06;0.00161512;8.78286e-05;3.20394e-06;3.89408e-05;6.3335e-06;2.88745e-06;0.0010044;0.000212059
1.49942e-08;7.20375e-10;0.999976;1.84485e-09;1.03376e-08;2.11635e-09;1.60598e-09;2.87912e-08;5.94988e-09;2.96055e-10;1.16878e-09;2.3527e-05;8.96957e-11;3.50412e-10
9.99824e-06;0.915962;3.44887e-08;4.46233e-06;7.55356e-07;9.75325e-07;0.00343898;0.0797033;0.000249028;0.000144171;2.03265e-05;4.27908e-08;0.000179803;0.000286846
1.13452e-10;6.51019e-11;0.999998;3.21623e-10;3.13754e-10;1.39533e-10;8.97542e-11;1.26766e-08;3.01836e-11;3.76506e-11;1.66975e-10;1.92286e-06;2.2408e-12;2.24195e-12
0.000207736;0.319682;5.7913e-05;0.00952067;0.000763848;0.00888424;0.00098061;0.0987776;0.0475489;9.51283e-05;0.137057;0.0193682;0.302299;0.0547566
3.76507e-05;0.00759666;1.74477e-06;1.37715e-06;8.53308e-05;1.79199e-05;6.41811e-08;0.98613;1.19083e-06;4.67416e-07;5.17125e-06;0.00115865;0.00399494;0.000969148
1.76367e-06;0.0189341;6.67716e-05;1.09811e-05;0.000190979;4.55704e-05;7.49434e-08;0.00135692;2.5447e-06;9.69752e-07;9.58516e-06;0.954373;0.00111266;0.0238938
4.15097e-07;0.999182;2.50032e-07;1.92565e-06;1.19372e-05;3.11682e-06;2.91344e-07;3.76547e-05;8.56598e-07;2.32638e-06;5.26613e-07;7.77802e-05;0.000291492;0.000389651
3.44733e-05;0.000314825;3.15052e-06;2.8773e-05;0.843064;0.125413;3.15858e-06;0.000958868;8.36602e-05;0.000314263;4.90867e-06;0.000481358;0.000479415;0.0288162
0.000461085;0.98505;4.15739e-07;2.2659e-05;3.257e-05;2.72645e-06;1.54899e-05;0.000290026;0.00152437;3.2395e-06;0.00015576;2.12199e-06;0.0124392;7.40486e-07
4.36007e-05;0.000268981;6.72372e-09;2.69913e-07;8.55662e-07;4.71462e-09;1.31722e-07;0.999494;0.000188815;2.08813e-08;6.38347e-07;2.58542e-07;1.90284e-06;3.17251e-08
1.49275e-05;0.904979;1.59554e-07;0.000505149;2.21378e-05;2.1464e-06;2.28212e-05;2.02405e-05;2.21189e-05;0.000469333;1.83402e-05;0.0213977;5.092e-07;0.0725255
1.1604e-05;2.06863e-05;0.999469;5.20489e-06;9.81778e-08;1.27452e-06;9.00739e-05;4.94365e-07;1.32013e-05;1.68979e-07;0.000266003;4.75417e-06;0.000117442;3.16716e-07
5.0244e-06;0.00610465;2.75459e-06;3.19996e-08;3.33974e-05;1.8775e-08;3.59118e-09;0.993482;7.63852e-08;2.64921e-08;9.17403e-09;0.000106508;0.000263736;2.18367e-06
5.56444e-06;0.000581429;0.000227555;2.26664e-06;0.0001279;7.33932e-07;1.82124e-08;0.000762941;0.000247807;6.69044e-07;4.26285e-06;0.997945;4.83395e-05;4.53818e-05
0.000348919;0.912061;1.34949e-05;1.38398e-05;2.36361e-05;4.06331e-06;0.00045451;0.0190875;0.0353952;2.60539e-05;0.00265878;2.26729e-05;0.02989;1.83745e-07
4.07057e-05;0.00832614;0.00891395;6.16925e-05;2.53439e-05;5.50539e-07;8.51266e-07;0.000801553;3.73108e-06;8.72085e-06;2.45645e-06;0.981396;6.41603e-05;0.00035376
4.00394e-06;0.940174;4.7799e-10;1.13246e-05;1.0364e-05;2.21786e-06;9.1671e-06;0.0413633;0.000400998;6.41263e-07;7.1876e-05;3.06032e-06;0.0179356;1.3228e-05
4.41434e-05;0.979885;0.00878373;0.000277739;0.000161298;4.05744e-06;2.71831e-07;0.00363702;2.6846e-06;6.39609e-06;5.98599e-06;0.00645139;0.000629717;0.000110909
0.00011195;0.899114;1.86012e-05;1.1274e-05;4.95955e-05;1.21355e-06;1.34602e-06;0.0207455;0.000156623;4.90135e-06;4.41335e-05;0.00145473;0.0782564;2.93662e-05
3.7094e-05;0.545733;9.8842e-07;1.83037e-05;0.0165313;1.34726e-05;2.1285e-07;0.0509601;1.16451e-05;6.29153e-06;1.58819e-05;0.34804;7.68026e-05;0.0385552
0.000520951;0.00364519;5.78639e-07;1.01252e-05;0.000142508;1.80768e-05;3.62005e-06;0.985121;0.00320431;5.41618e-06;5.09943e-05;0.00422739;0.00294487;0.000105144
0.00234912;0.0167601;5.2336e-08;3.58177e-05;7.44191e-05;2.11294e-06;6.89887e-06;0.816363;0.0391985;1.63694e-06;0.0116435;0.00496107;0.108584;2.00998e-05
7.37321e-07;4.91557e-05;2.2195e-10;5.12126e-10;1.64062e-07;1.63735e-10;3.71225e-10;0.999949;1.4573e-07;3.10839e-10;4.02986e-09;5.98266e-08;2.58615e-07;5.91417e-08
5.96243e-08;2.29351e-05;5.42218e-06;6.92532e-06;0.00110314;0.000495657;9.7102e-09;1.12948e-05;1.36972e-08;3.56238e-07;1.15747e-07;0.00136811;3.11538e-06;0.996983
1.25418e-06;0.000348798;4.184e-08;1.07361e-06;1.45102e-08;1.28125e-08;1.16005e-07;0.00113628;3.51754e-06;3.65167e-09;8.30687e-05;8.32553e-06;0.998417;1.98364e-08
1.18064e-06;0.00753247;2.12573e-08;8.27256e-07;2.51204e-07;6.14665e-08;2.42354e-09;8.22084e-05;2.23051e-06;2.41682e-08;2.79625e-06;0.991823;0.000548134;6.94982e-06
1.51149e-07;0.999451;9.2853e-12;2.45253e-07;4.68455e-07;5.04835e-07;5.84172e-05;6.27813e-05;1.56127e-09;2.28254e-05;7.97768e-08;5.01264e-09;4.55655e-05;0.000358264
3.79497e-10;2.49853e-09;0.999997;1.89351e-09;1.6206e-08;1.05769e-08;3.29519e-10;4.08903e-09;2.7903e-13;2.08693e-10;1.98969e-10;3.25929e-06;8.38084e-11;1.37549e-10
1.93976e-06;0.00376961;1.02111e-09;4.70505e-05;2.99771e-06;0.00367012;8.38055e-05;0.000251649;2.65814e-05;1.63464e-06;0.00145125;2.35402e-07;0.989964;0.000728727
1.79189e-05;0.0190679;0.909158;0.00161233;5.26804e-06;2.54064e-05;0.0617032;2.2083e-07;1.00563e-06;0.00702996;0.000758812;0.000419395;4.48178e-06;0.000196428
4.59013e-08;7.28878e-08;0.999959;3.5836e-07;8.15229e-08;1.5848e-08;5.16169e-06;3.01929e-08;2.48703e-07;3.33592e-08;3.38297e-05;6.67084e-07;1.24428e-09;1.05157e-09
1.33555e-06;0.978073;2.55265e-10;1.89253e-05;1.10917e-06;2.97849e-06;2.05424e-05;0.0013134;8.3174e-05;1.53578e-05;0.000271169;1.11299e-05;0.0201869;6.14634e-07
6.85357e-05;0.000273028;0.0025243;0.00011925;0.00012884;8.5205e-06;9.34683e-07;6.58304e-05;4.69256e-06;1.02661e-05;0.000145145;0.996067;2.14523e-05;0.000561931
4.02329e-07;0.000431923;2.5505e-09;6.81183e-08;1.2691e-10;5.12825e-10;0.999398;9.07563e-08;1.01552e-05;0.000143523;1.53318e-05;2.36347e-11;5.44963e-07;1.61221e-07
8.97768e-09;3.56466e-10;0.999994;3.95057e-08;2.89147e-09;1.05489e-09;3.46264e-06;1.72711e-09;9.38587e-07;8.51816e-08;1.18046e-06;5.85566e-08;1.09977e-12;1.09577e-10
1.41039e-05;0.995996;7.22451e-11;1.21376e-06;3.4538e-07;3.02183e-09;0.00245169;0.00106951;6.39286e-05;4.01494e-05;1.31435e-05;2.52325e-08;1.3998e-06;0.000348323
8.05394e-10;3.07393e-10;1;1.36932e-09;7.95682e-11;5.42637e-13;7.47931e-09;1.45835e-10;1.1182e-09;1.21075e-10;3.77062e-09;2.07874e-07;1.91412e-12;1.68253e-11
1.80672e-05;0.000878044;2.36577e-06;6.49124e-06;0.000180595;9.55742e-09;1.7384e-07;0.974986;0.000134468;2.26831e-08;3.26522e-05;0.0228281;8.84229e-06;0.00092386
6.31677e-08;5.79103e-05;3.83306e-09;5.21473e-08;2.6307e-05;1.40629e-07;4.09888e-08;0.999894;2.07919e-06;3.48044e-07;2.9019e-08;1.84434e-09;1.93643e-05;7.68926e-08
5.56874e-06;0.000528355;0.993688;1.06697e-05;2.98806e-05;6.5336e-06;1.10754e-09;3.64162e-05;6.00399e-08;4.88296e-07;1.73071e-07;0.00566661;7.44049e-07;2.62962e-05
4.07174e-05;0.968204;1.73133e-06;2.29136e-05;1.07404e-06;1.30954e-06;0.000709254;0.0106682;0.0148322;1.00716e-06;0.0053014;8.66889e-06;0.000141643;6.57961e-05
