1.6489e-05;0.320979;6.99082e-09;6.43019e-05;0.000284089;1.53975e-06;1.00227e-06;0.677062;0.000100024;3.123e-06;6.04526e-05;0.00134154;6.90024e-05;1.78003e-05
5.06129e-05;0.978293;0.000530767;0.00072022;0.000128683;9.42673e-05;2.33345e-05;2.92922e-05;1.76603e-06;0.000155994;6.58354e-05;0.00684827;0.0119946;0.00106378
8.61133e-05;0.0529819;6.54031e-05;4.21786e-06;1.82639e-06;9.40607e-07;5.3014e-06;0.000429723;1.78665e-05;1.05121e-07;8.9487e-05;0.943813;0.00250358;1.01165e-06
0.000718957;0.044869;2.81168e-06;9.8419e-05;0.0129861;0.00199968;0.000111269;0.617169;0.000320734;1.36714e-05;3.90222e-05;0.00404489;0.175838;0.141788
0.00207559;0.321986;6.94537e-05;0.000459306;0.000529295;1.3585e-05;0.000458071;0.00556666;0.00122324;9.31717e-06;0.000377412;0.642068;0.0219041;0.00325993
7.53494e-05;0.824869;3.38207e-08;2.84837e-05;0.000192672;9.86668e-06;3.08606e-07;0.166303;6.98556e-05;9.91275e-07;2.03403e-05;0.00725919;0.00085692;0.000313595
1.5385e-05;0.864073;1.01004e-07;6.26309e-07;3.55213e-05;5.6427e-05;1.52391e-05;0.0138152;1.25052e-07;1.74349e-05;3.80755e-07;2.7996e-05;0.121412;0.000530659
5.24131e-09;6.00916e-09;1;1.47592e-09;6.5255e-08;1.08769e-08;3.12854e-10;4.19092e-09;1.17987e-10;1.13254e-10;2.58784e-10;6.93619e-08;1.67208e-09;2.89474e-10
3.98291e-07;1.29764e-05;0.997653;7.42334e-07;2.72607e-06;1.47733e-07;5.29371e-08;0.00021207;2.23805e-07;4.77916e-08;4.24311e-08;0.00209757;1.68594e-07;1.98086e-05
2.11959e-07;1.35766e-05;2.48311e-05;4.42564e-06;8.70192e-05;0.00199854;9.27534e-09;8.53825e-06;3.33928e-08;2.82176e-07;1.05766e-06;8.21392e-05;3.7405e-07;0.997779
0.000132027;0.00809131;1.13967e-08;6.51973e-07;3.58594e-05;2.08422e-05;5.62992e-08;0.484248;5.57716e-07;3.11731e-08;4.9462e-05;6.77891e-05;0.507348;4.73821e-06
5.72285e-06;0.987808;4.39381e-08;1.1098e-06;8.89266e-07;3.33567e-07;0.00070458;0.000106814;7.40481e-08;0.000464863;1.44275e-07;1.816e-06;0.000247831;0.0106581
3.15455e-10;5.46631e-10;0.999981;4.06792e-09;3.29518e-09;3.4644e-11;1.22889e-08;1.46739e-09;5.56116e-10;3.90981e-10;6.93748e-09;1.87448e-05;1.21266e-13;2.86078e-11
0.000101154;0.846854;7.00865e-08;0.000525572;4.86251e-05;4.56277e-05;0.00125822;0.0645148;0.00201049;7.93303e-06;0.0022196;5.67275e-06;0.0819901;0.000418495
7.7133e-06;0.975042;1.368e-06;5.38122e-06;2.47411e-06;7.68551e-07;8.83653e-06;0.00809407;2.48895e-07;1.00506e-06;6.77361e-07;0.0116142;0.00505773;0.000163623
0.00114164;0.0520515;0.000677479;0.00451041;0.0149598;0.0480603;0.000221708;0.0523755;0.00420626;0.000157309;0.00625968;0.258493;0.459577;0.0973088
0.00664193;0.733036;8.23242e-05;0.000159547;9.9284e-06;1.63079e-05;0.000232828;0.0257846;0.0258895;1.02946e-05;0.00668444;0.00878478;0.192289;0.000378986
0.000239031;0.0305783;3.95312e-06;3.17729e-06;0.000366607;0.000142429;8.24413e-08;0.888434;2.95337e-05;4.35738e-06;3.26973e-06;0.000688347;0.0166671;0.0628395
1.12223e-07;0.00054938;8.32433e-07;4.24659e-07;8.1614e-07;6.61326e-07;1.55325e-08;2.94282e-06;4.03159e-07;3.3461e-08;1.12268e-06;0.999411;1.91739e-05;1.26293e-05
0.000149125;0.646038;9.50519e-05;1.46565e-05;0.00110026;5.47306e-05;2.59091e-06;0.235342;0.000255785;4.74968e-07;4.35972e-05;0.00431526;0.112369;0.000220101
0.00014782;0.173781;0.00015372;0.000107966;0.0153436;1.13115e-05;7.57907e-07;0.00270964;0.00103929;2.02186e-05;0.000708791;0.781594;0.00975282;0.0146293
0.0009814;0.00826559;8.46224e-05;2.50422e-05;0.0791434;0.00174345;8.07072e-06;0.876474;0.029494;4.78255e-05;0.000502959;0.000439406;0.00251592;0.000274777
9.1082e-05;0.984539;3.06345e-10;2.51414e-05;0.000413614;1.52592e-05;6.63233e-06;0.00576352;0.000628303;5.04725e-05;0.000101835;4.49657e-05;0.00831508;5.0704e-06
0.000695975;0.994643;3.20072e-06;5.02831e-05;0.000204342;1.62337e-06;3.27507e-07;0.00373971;3.02284e-05;1.79962e-06;2.03734e-06;0.000192553;0.00031438;0.000120636
1.40179e-05;0.955771;3.75696e-09;2.18827e-06;1.91393e-07;9.28545e-08;0.03868;6.22832e-05;2.49151e-05;0.00216294;3.9394e-06;1.23831e-07;3.98993e-05;0.00323814
9.42685e-10;5.84211e-10;0.999995;1.78612e-09;1.67747e-09;1.37098e-11;7.30796e-08;1.40541e-09;2.00666e-08;5.34682e-10;2.45862e-08;5.19893e-06;3.1858e-14;5.39377e-11
0.000153672;0.823047;4.25519e-09;0.00014956;1.22968e-05;1.77131e-05;0.000746801;0.00671487;0.150752;2.72306e-05;0.0130714;1.59564e-05;0.00503701;0.000254622
7.19691e-06;0.031673;3.47235e-07;1.42907e-07;1.17706e-08;7.36779e-08;2.82377e-07;3.35246e-05;2.19287e-06;6.00448e-09;1.0013e-06;0.965323;0.00295909;1.68008e-07
2.84291e-05;0.0392755;1.22462e-08;1.56691e-05;0.00169551;0.000510142;1.71333e-07;0.150997;6.62056e-05;2.42045e-07;1.27046e-05;0.0399671;0.732708;0.0347236
8.8981e-05;0.979703;3.2343e-08;0.000124648;3.11533e-06;3.28186e-06;1.44703e-05;0.000155188;0.000706183;2.93643e-06;0.00117714;0.00579676;0.0121231;0.000101009
3.45353e-05;0.976324;0.0200936;7.0665e-05;0.000140178;1.81837e-07;7.8073e-06;0.00118018;2.75187e-07;3.30588e-06;1.29896e-06;1.2849e-05;1.57455e-05;0.00211471
0.000289282;0.118839;0.00187874;0.00193661;0.000466731;3.1571e-06;1.08908e-05;0.00712048;0.00725364;7.11083e-06;0.0134164;0.81443;0.0336842;0.000663935
0.000238328;0.361484;1.03049e-07;5.80788e-05;6.77683e-05;0.000439511;6.90872e-05;0.138548;0.00124423;3.72581e-06;0.00429364;0.00656234;0.486106;0.000885489
0.00096096;0.192124;0.000545699;5.03513e-05;0.000101692;0.00111487;1.21474e-05;0.055517;4.35151e-05;1.37122e-05;0.000128244;0.452123;0.277088;0.0201763
1.06246e-05;0.156496;5.83952e-06;1.10521e-05;0.000426036;1.56728e-05;6.87246e-07;0.730316;9.40227e-05;2.69661e-06;0.000105577;0.112189;0.000300002;2.64371e-05
8.65339e-05;0.777431;0.000363083;7.24881e-05;9.43767e-05;8.00055e-07;4.47409e-06;0.025049;4.14322e-05;2.80795e-07;0.00114281;0.174701;0.0210104;2.45278e-06
1.21032e-05;0.953577;5.7446e-07;3.1013e-07;3.56661e-05;4.04562e-08;1.77477e-08;0.000409724;8.11217e-07;2.46866e-07;4.45252e-08;0.0384874;0.006847;0.000628863
0.000139896;0.24641;7.03643e-07;5.1934e-06;0.00226222;0.000183499;1.39291e-06;0.720988;0.000102022;2.03933e-06;3.82861e-06;0.0142367;0.011537;0.00412832
7.41772e-05;0.00789602;3.01533e-06;3.10805e-06;5.68254e-06;8.60803e-06;1.76729e-07;0.491245;0.000202499;2.69203e-07;7.71337e-06;0.0195828;0.480961;1.04249e-05
0.000249327;0.975232;4.57725e-05;0.000157486;3.66502e-06;5.16059e-07;7.54579e-06;0.0148084;0.000388529;1.9256e-06;0.000577345;0.00407;0.0044416;1.61454e-05
4.66259e-07;0.9958;1.26304e-10;5.88809e-05;5.6067e-05;7.27197e-08;1.69336e-06;0.00374556;5.24419e-06;2.47757e-05;9.10525e-06;0.000223801;1.58805e-06;7.27361e-05
2.73403e-05;0.0129042;0.0249219;0.00336699;0.00527352;0.0142473;1.44589e-06;0.000263544;3.90142e-06;0.000225952;0.00122382;0.935237;0.000656696;0.00164693
3.46843e-05;0.932144;4.13329e-10;0.000143645;6.65537e-05;1.50528e-05;0.000394374;0.000678134;8.45116e-05;2.14264e-05;0.061814;0.00214757;0.00157725;0.000878941
0.000170055;0.989504;0.000111119;0.00388746;0.000207774;0.00012269;0.000252034;0.00516928;3.56836e-05;6.52607e-05;0.000191365;2.83652e-05;0.000105539;0.000149355
9.50313e-06;0.959348;6.97247e-05;3.06106e-05;2.82138e-06;5.8992e-05;2.1844e-07;0.000126762;6.46773e-08;2.9151e-06;1.83168e-06;0.000189448;0.0399439;0.00021541
3.37366e-06;0.0235955;2.208e-07;6.32947e-07;4.62672e-06;1.20658e-07;2.06032e-07;0.00246871;1.4813e-07;3.20193e-08;8.57483e-05;0.973779;3.75469e-05;2.42666e-05
5.18819e-05;0.00653444;5.80563e-08;9.38881e-05;0.0190429;2.01982e-05;0.000219515;0.96778;0.00128681;1.87787e-05;0.00398842;0.00084048;9.95091e-05;2.31786e-05
0.000586762;0.0430796;0.926923;0.00163478;0.00145713;0.00386302;8.4324e-05;0.000768062;2.4427e-05;0.000181105;0.000664933;0.0123814;0.00327528;0.00507618
0.00112594;0.211454;9.12554e-07;0.000291576;0.000269737;0.00130336;0.00283103;0.00224303;0.00096111;8.84579e-05;0.164498;0.0151981;0.59772;0.00201458
0.00156301;0.253371;1.37926e-05;0.000211774;0.0233224;0.00270805;3.70603e-06;0.617118;0.000351923;7.71465e-06;0.000667479;0.0183437;0.0772652;0.00505203
2.46285e-07;0.999244;5.88027e-11;1.6306e-07;1.99661e-08;5.7271e-09;0.000157196;3.7826e-07;4.22393e-09;2.34663e-05;1.10732e-08;2.31965e-08;8.83148e-08;0.000574577
4.74186e-10;3.82652e-10;1;2.07179e-10;6.77662e-10;5.43535e-11;5.97681e-10;4.19752e-10;3.61263e-11;3.2504e-11;5.07279e-09;4.6008e-07;1.18296e-11;2.40262e-13
1.17784e-06;0.0360752;4.64383e-07;1.0487e-06;1.45508e-06;3.09765e-07;0.962087;6.43449e-06;3.8923e-05;0.00142435;3.24078e-05;1.15759e-08;5.97483e-07;0.000330486
3.04455e-09;1.12891e-09;0.999992;2.67983e-08;1.00164e-09;2.79559e-09;7.30509e-06;8.17201e-10;2.31473e-07;3.59339e-08;5.13001e-07;1.18607e-07;9.6515e-13;2.0847e-11
8.28757e-05;0.00329287;5.04137e-07;5.47615e-06;4.11871e-07;1.34355e-06;4.12407e-06;0.00501602;0.000767016;5.35601e-07;0.000203591;0.000139048;0.990486;1.65344e-07
1.34737e-06;0.00188553;1.84175e-07;2.61853e-05;3.27834e-06;4.91887e-08;1.26916e-06;6.37001e-06;0.000443746;1.57403e-07;0.000241793;0.997059;1.0846e-05;0.000319888
0.000267131;0.991907;1.20459e-07;0.000189541;2.04856e-05;6.50869e-07;1.93441e-05;0.000818351;5.34112e-05;1.23799e-05;5.04223e-05;0.00211105;0.00361227;0.000937938
4.63896e-08;9.762e-06;7.67438e-12;1.6093e-10;8.43317e-08;2.13351e-11;8.41839e-11;0.99999;5.00266e-09;5.99603e-10;3.4073e-11;1.62829e-08;1.67405e-08;5.39386e-09
1.77248e-08;3.97325e-08;0.999996;3.07455e-07;3.56228e-07;2.05781e-06;1.76178e-09;2.02035e-08;3.93658e-09;2.0382e-07;1.11095e-08;4.54111e-07;1.4978e-09;6.54089e-07
2.97926e-06;0.0019406;3.72592e-08;1.14097e-08;4.95056e-10;1.08618e-08;0.997521;5.80579e-08;1.34374e-05;0.000517952;2.71361e-06;1.67488e-12;3.14343e-07;1.07463e-06
2.66202e-11;7.40741e-13;1;5.1084e-12;4.14536e-12;7.78686e-13;4.83866e-10;5.13459e-11;7.93976e-10;5.60321e-11;9.7197e-11;1.80174e-10;1.42532e-15;5.19368e-15
