4.96605e-06;0.982247;1.22661e-10;1.39503e-06;3.181e-07;1.77457e-07;9.17839e-07;0.00300675;3.2086e-06;7.92249e-08;3.13474e-05;0.000142635;0.0145593;2.29218e-06
0.00174953;0.105462;1.43848e-05;0.00159181;0.144205;0.000540004;4.33277e-05;0.102807;0.00155263;1.10248e-05;0.000189121;0.000828277;0.00195876;0.639047
0.000110458;0.97657;4.36114e-07;6.88384e-06;1.79323e-05;5.0818e-08;2.48759e-06;0.00655584;0.000199131;1.99734e-07;6.02276e-05;0.0157301;0.000698859;4.70915e-05
2.8794e-05;0.076367;9.33167e-08;5.3759e-06;0.000110147;1.7955e-06;6.4417e-07;0.00145879;1.44471e-05;1.69486e-06;9.31358e-06;0.914674;0.00670977;0.000617744
3.89159e-05;0.910587;6.93989e-09;0.000105129;3.59876e-06;1.47614e-05;1.15139e-05;0.00191776;0.00110848;8.03098e-06;8.38688e-05;0.00261784;0.0834424;6.13934e-05
0.000194867;0.102628;0.040692;0.00200588;0.00138071;0.000440323;1.41702e-06;0.000603656;9.53137e-06;1.08635e-05;3.21229e-05;0.846143;0.00126857;0.00458931
0.000556793;0.231432;7.9834e-06;9.51109e-05;2.00855e-05;2.58832e-05;9.69919e-05;0.052222;0.00316821;8.08124e-06;0.00264479;3.07024e-05;0.709685;5.95188e-06
4.3882e-05;0.0238449;9.89022e-08;0.00210219;0.000217094;0.0100643;1.71287e-06;0.00580158;0.00388106;7.9454e-05;0.00739409;0.00105651;0.942451;0.00306219
0.000154008;0.0623881;0.823264;0.00052224;2.04326e-05;5.99487e-06;1.06633e-06;0.00016185;2.98941e-06;4.50977e-05;2.47792e-05;0.1059;7.78971e-05;0.00743192
0.00270042;0.41988;7.44478e-06;0.00129208;0.000638174;3.65126e-05;0.000521818;0.0513893;0.215059;5.45355e-05;0.119103;0.0116984;0.177063;0.000555927
5.5137e-05;0.0602865;6.649e-08;9.42972e-06;0.00273782;0.0032106;0.000121693;0.928757;0.000265342;0.00035176;5.76718e-05;2.16393e-06;0.00102883;0.00311584
9.72158e-09;2.08336e-09;1;8.59924e-09;3.4422e-10;2.07834e-10;9.57554e-09;5.38435e-10;1.36838e-08;9.33332e-10;3.88562e-08;3.50578e-07;3.08345e-11;1.34113e-11
0.000902788;0.00723885;0.969263;0.000155974;2.52831e-05;5.73218e-05;0.000106186;0.00146351;0.00160438;9.65092e-06;0.000153962;0.018324;0.000386116;0.000308472
0.000263554;0.205022;0.000800473;0.000143557;0.0110234;0.162372;1.28078e-06;0.00100761;0.000587513;5.17784e-06;0.000436337;0.0480019;0.401822;0.168513
0.000596096;0.0158963;0.00307769;4.54161e-06;0.0151204;8.05734e-05;1.36454e-07;0.160554;3.25168e-05;3.78868e-07;8.61537e-07;0.0337173;0.77;0.000918916
0.000296873;0.0165796;0.0493843;0.000951332;0.0754641;0.0140973;4.50417e-06;0.771207;0.00377056;7.78962e-05;0.000243057;0.00975519;0.0578237;0.000344988
