3.59285e-06;0.022111;1.54567e-08;3.82349e-06;4.56563e-07;2.20703e-05;2.64093e-07;0.000663042;1.52648e-05;1.66912e-07;2.58907e-06;0.000445303;0.976721;1.16845e-05
8.01658e-05;0.00363062;0.00011243;0.000644812;0.000486159;0.000714481;9.00208e-06;4.01833e-06;0.000303829;5.42228e-05;0.000404566;0.0041652;0.000120946;0.98927
9.75874e-05;0.191876;1.18959e-07;2.85162e-05;0.000401915;3.46287e-07;0.000343311;0.80381;0.000461964;4.10343e-05;0.000196246;8.42124e-06;0.00231757;0.000417531
8.85253e-06;0.00611438;0.848369;0.000544709;0.00243741;8.40325e-05;4.2684e-07;1.1106e-05;1.1327e-06;9.77583e-06;2.63403e-05;0.0692057;0.0726136;0.000573082
0.000105282;0.841879;4.51313e-07;1.39458e-06;0.000103985;4.98786e-05;2.97609e-05;0.014122;8.35553e-05;5.03894e-07;0.000580794;0.000242396;0.14167;0.00113015
0.00993199;0.12344;0.0627539;0.0114379;0.0385978;0.00899994;2.4351e-05;0.016614;0.0098347;0.00572669;0.00142045;0.609721;0.0540346;0.0474627
0.00581248;0.0501935;9.64926e-07;9.38605e-06;1.53648e-05;3.03525e-06;2.64032e-06;0.82964;0.112239;4.53479e-07;0.00135318;0.000113271;0.000610203;6.61712e-06
1.58216e-06;0.398355;2.39923e-10;2.02857e-06;4.33194e-08;6.65552e-08;4.00559e-06;5.65967e-07;1.74145e-06;2.47464e-05;2.34248e-07;2.98963e-06;2.77907e-06;0.601604
0.00172775;0.00151287;2.25295e-06;3.33797e-05;9.69314e-07;2.12226e-06;0.0656505;0.0166789;0.854286;5.86228e-06;0.0597024;1.93376e-05;0.000377128;2.38857e-07
0.000535399;0.72005;2.17173e-06;5.61062e-05;0.00231328;5.60327e-05;2.99297e-06;0.160752;0.00100439;2.32525e-06;1.04027e-05;0.00226412;0.112052;0.000899713
0.000196705;0.0576683;3.75072e-05;0.00171363;0.162561;0.00147956;8.14504e-07;0.0295583;0.000132308;0.000185937;3.62688e-05;0.577047;0.00146688;0.167916
0.000582946;0.990459;3.70941e-05;1.22528e-05;1.18316e-05;3.70578e-06;0.000110297;0.000754044;0.000119129;4.64037e-06;0.000346726;0.00257462;0.00497457;9.26761e-06
0.000315965;0.559193;1.37222e-06;2.55024e-05;2.73005e-06;4.1654e-07;0.000898086;0.0195223;0.00259735;5.52769e-05;0.000857766;0.00125899;0.41523;4.12403e-05
1.15229e-06;6.51186e-06;0.999876;4.46594e-07;2.27184e-07;9.20236e-08;2.11147e-07;6.80742e-05;1.34011e-06;7.434e-08;3.02595e-07;4.48435e-05;1.15477e-06;5.14797e-09
6.37017e-06;0.805793;1.01395e-06;2.75002e-05;1.0319e-05;7.86087e-06;6.73357e-06;0.0965102;2.72977e-05;5.54194e-06;3.69948e-05;0.0379878;0.0413612;0.0182179
1.13393e-05;0.0866245;0.000102636;0.00354089;0.0446078;0.00895738;4.61819e-05;0.0923035;0.000120645;0.000672818;0.00381457;0.613595;0.0362748;0.109328
3.81441e-05;0.13063;1.06558e-06;0.000169341;3.47232e-06;0.000309153;0.00646624;0.00111073;0.000142309;0.000797877;0.021529;0.000311525;0.838491;2.85841e-07
0.000144197;0.0122188;0.981422;0.000881243;5.37816e-05;7.05916e-05;3.98482e-05;5.19296e-05;2.20538e-06;3.93842e-05;5.06545e-06;0.00483898;0.000152656;7.9112e-05
5.57089e-05;0.862526;8.41338e-07;0.000106506;2.26538e-05;0.000131736;0.000509644;0.0243947;0.00335475;5.52833e-06;0.000784199;0.000713703;0.107346;4.75853e-05
0.00266797;0.636386;5.85181e-05;0.000230648;0.0198427;0.00067462;9.70375e-06;0.120371;0.00181021;1.6757e-05;7.58546e-05;0.108784;0.0970025;0.012069
3.58609e-06;0.996492;4.96066e-09;9.94347e-07;4.84041e-07;8.14291e-08;0.00297128;3.29856e-06;6.08365e-07;0.000180917;5.5021e-07;1.8391e-08;4.86386e-07;0.000345918
7.15825e-10;1.69457e-11;0.999999;9.40614e-11;6.83454e-11;3.38288e-11;1.15035e-09;1.05218e-08;3.45502e-10;1.29463e-10;1.18221e-09;7.70836e-07;2.53821e-12;3.39536e-13
1.04401e-05;0.272278;2.62463e-06;1.92497e-06;2.73724e-07;1.26141e-07;0.722062;0.000654019;0.000134872;0.00440885;0.000435638;6.69785e-09;7.50729e-06;3.65942e-06
2.00524e-10;3.47159e-11;1;2.72538e-10;2.91395e-10;2.58635e-11;5.1636e-09;9.5072e-09;1.82238e-09;4.2554e-10;1.43442e-08;1.81804e-07;4.91069e-12;3.99347e-13
3.07566e-05;0.206613;3.69899e-08;3.12711e-05;9.24285e-06;8.62872e-07;0.741694;0.0148298;0.000510518;0.0106238;0.000730879;7.49805e-08;1.81908e-05;0.0249081
4.77666e-09;2.3775e-10;0.999981;5.21166e-09;1.01197e-09;9.19915e-11;3.25034e-07;8.4594e-09;1.84974e-08;3.72186e-09;3.97287e-07;1.7828e-05;8.23103e-11;2.09077e-11
0.000571895;0.617358;0.00398596;0.000644502;0.000543443;0.00010369;0.00653154;0.104944;0.0150578;5.26133e-05;0.0522779;0.161842;0.0312654;0.00482094
6.19103e-06;0.725815;1.69355e-09;4.25038e-05;0.000461594;0.000158163;3.76815e-07;0.259314;2.74887e-05;2.25717e-05;8.26565e-06;0.00176396;0.0108713;0.00150786
0.000191286;0.0875192;9.91779e-08;0.000360899;9.80546e-05;0.00156687;0.000834845;0.00307635;0.000996746;0.000454302;0.00677025;0.00372582;0.89421;0.000195008
1.61395e-05;0.0120404;0.984121;4.82012e-05;4.91471e-05;7.79207e-05;3.02903e-06;3.38903e-05;1.87198e-08;2.36421e-06;5.81912e-08;1.80481e-05;4.381e-06;0.00358514
2.24141e-05;0.00214054;3.77117e-08;5.03433e-06;1.07608e-05;1.10834e-05;1.08717e-06;0.00436014;0.000111613;2.40106e-07;0.000285153;1.79282e-05;0.993031;3.0527e-06
