7.39624e-08;1.01044e-06;4.49229e-13;3.74597e-11;2.26388e-08;1.11142e-10;2.52145e-10;0.999999;3.30917e-08;4.15197e-11;1.3421e-09;1.63221e-09;4.52028e-07;2.79986e-09
1.69219e-07;3.35781e-06;2.15775e-06;2.14065e-06;0.000126867;5.1092e-05;9.96477e-10;1.57778e-05;4.75923e-08;4.56201e-08;1.31516e-07;0.0761582;3.84032e-07;0.92364
4.16388e-06;0.758161;7.59613e-07;3.66218e-07;9.35976e-09;1.60712e-08;1.63883e-06;9.60392e-05;6.93761e-07;2.94472e-08;5.40435e-06;1.72938e-05;0.241704;8.42087e-06
1.90621e-05;0.295652;9.96075e-07;8.05041e-05;0.00417451;0.000836975;7.48094e-07;0.552331;3.50962e-05;6.92688e-07;3.41326e-06;0.0763793;0.0254564;0.0450291
6.1537e-05;0.0936595;1.61644e-06;0.000431088;0.000723289;3.6997e-05;8.47541e-07;0.839424;3.49958e-05;6.0612e-06;0.000564788;0.00356135;0.0611635;0.000330865
1.05872e-05;0.924042;4.14474e-06;2.53244e-05;1.34702e-06;2.4993e-07;1.84422e-06;5.86784e-05;9.90613e-07;3.00776e-08;6.25627e-05;0.0117883;0.0640009;2.51861e-06
3.43741e-06;0.0126301;1.0482e-06;1.89529e-05;0.000647042;1.79106e-05;4.35938e-09;0.0012202;5.2514e-07;3.4249e-07;1.5949e-05;0.938564;0.00421331;0.0426674
5.57283e-05;0.129379;4.54545e-07;0.000461179;0.00680053;0.193243;3.05555e-06;0.342269;6.01183e-05;5.73975e-06;0.00472099;0.00767962;0.311996;0.00332552
2.71742e-07;0.0010636;1.10852e-10;5.50197e-07;1.12687e-07;6.68091e-06;1.41766e-08;8.53937e-06;7.2688e-08;3.42983e-09;0.000139461;0.00362965;0.995146;4.97371e-06
8.63124e-05;0.00849312;0.000463145;6.8789e-05;0.000208707;0.000329516;1.05101e-07;0.00242906;1.91404e-06;6.35968e-07;0.00158547;0.960727;0.0252587;0.000347796
4.30429e-07;0.00478986;2.64507e-08;6.90963e-08;5.44155e-07;7.24782e-07;8.27851e-09;3.53006e-05;1.30785e-08;6.9136e-09;1.35561e-06;0.0144171;0.98075;4.41132e-06
1.98805e-09;0.0157572;7.01095e-10;2.73145e-08;4.03037e-07;4.89653e-07;2.32841e-08;2.73335e-08;9.80186e-11;5.98931e-07;2.11237e-09;6.38722e-06;6.65844e-07;0.984234
6.26384e-06;0.00693592;5.04006e-06;0.000122839;6.18805e-07;0.000331953;0.52942;7.66432e-05;0.00664274;4.04129e-05;0.43446;1.32992e-07;0.0219566;1.95684e-07
5.05673e-06;0.996764;0.00216871;0.000200416;3.02233e-07;7.11786e-06;0.000410078;0.000180027;2.59495e-06;0.000143431;5.02681e-05;2.9572e-05;1.4313e-05;2.39636e-05
3.89743e-08;8.86416e-07;0.999972;5.14549e-07;2.52566e-08;6.85365e-09;4.27361e-07;9.90476e-08;2.16574e-08;7.09727e-08;2.47267e-06;2.348e-05;1.30289e-09;4.26927e-09
3.10088e-05;0.0147602;5.75646e-06;6.81592e-06;7.65051e-06;6.61596e-07;2.13943e-06;0.961198;2.16298e-05;1.25106e-06;0.00162671;0.0218252;0.000452468;6.08478e-05
4.05485e-07;0.963947;5.04542e-10;2.86608e-06;4.84739e-07;7.18838e-07;0.00250218;1.18262e-06;6.69844e-07;6.73499e-05;4.88936e-05;1.13533e-06;4.15298e-05;0.0333852
0.000113342;0.0153421;8.7775e-07;4.47841e-05;2.93236e-06;2.37825e-06;0.770341;0.00136177;0.0323601;3.21839e-05;0.177329;3.1378e-07;0.00306839;1.68892e-07
7.7238e-06;0.999858;3.75978e-05;3.39115e-06;2.76325e-06;1.32271e-07;9.8136e-07;6.25391e-05;1.02179e-07;6.73592e-07;1.49515e-07;1.78263e-05;4.43872e-06;3.99113e-06
8.94103e-06;0.872256;3.9565e-08;2.57e-07;3.8463e-07;2.81446e-06;1.29907e-06;2.01332e-05;4.30027e-07;1.44395e-07;1.98413e-07;0.11635;0.0112363;0.000122966
2.30937e-06;0.154301;7.00159e-07;7.66769e-06;1.82956e-05;8.10705e-05;0.00532512;0.00353602;8.8384e-07;0.000649166;3.72859e-06;1.96457e-06;3.03518e-05;0.836042
4.81021e-10;6.65564e-09;1;7.27844e-09;1.77919e-09;1.38988e-09;8.50355e-09;3.82535e-07;9.99684e-10;4.24598e-10;4.71589e-08;5.08212e-08;2.6677e-11;1.34718e-11
1.55967e-06;0.99388;4.50349e-06;4.05762e-05;4.34479e-06;1.11536e-05;1.42667e-05;8.91822e-05;1.19664e-05;1.99117e-06;0.000672832;0.00135785;0.000312276;0.00359781
4.94158e-07;0.000643651;1.78992e-07;1.28935e-05;0.027436;0.199829;6.0348e-07;0.00873049;1.37552e-06;4.97994e-06;1.9139e-05;0.00012029;0.00432374;0.758877
1.14083e-06;0.00353477;4.42556e-10;1.21272e-06;5.51497e-07;1.7439e-06;2.62218e-07;3.30431e-05;8.03831e-07;5.57059e-08;6.98499e-05;0.000143304;0.996213;2.97072e-07
3.87288e-05;0.00211063;4.8196e-05;2.0011e-05;6.97701e-06;3.33406e-07;1.18829e-07;0.00014779;1.31178e-05;6.03708e-07;4.76341e-05;0.997198;0.000347479;2.02337e-05
1.53134e-06;0.998618;6.18628e-09;6.18246e-07;1.24555e-06;2.1818e-08;0.000562256;0.000219506;3.16704e-07;3.41427e-05;3.30641e-07;9.50461e-08;1.96769e-07;0.000561847
1.74133e-08;1.18877e-07;0.999936;3.28196e-08;1.48296e-09;5.86287e-11;9.64855e-08;6.05614e-09;1.59197e-09;6.3248e-09;2.31955e-08;6.37677e-05;5.83893e-11;6.11204e-10
1.42473e-06;0.000241909;1.9428e-06;8.59797e-07;3.18753e-07;1.50853e-08;4.63911e-08;0.000299428;1.02441e-06;7.79049e-09;1.23752e-05;0.999413;2.79204e-05;1.57642e-07
2.74626e-06;0.00349112;6.65883e-08;1.73694e-06;8.03848e-05;8.84334e-06;2.17091e-06;0.00175139;2.2827e-05;2.77776e-07;0.000127244;0.0011267;0.993167;0.000217735
8.081e-07;1.95111e-05;6.42941e-08;9.24805e-07;3.8717e-07;0.0011885;1.85471e-05;8.23224e-07;2.91515e-06;2.57248e-05;4.70917e-06;1.69719e-06;0.99873;5.63185e-06
1.2231e-06;2.83737e-06;0.999992;4.80309e-07;2.44845e-07;3.76502e-08;2.95377e-08;1.5973e-07;1.12759e-08;9.83813e-08;4.7638e-09;2.00074e-06;5.92436e-09;5.64467e-07
2.25634e-05;0.97243;2.00257e-06;2.02725e-05;5.15715e-05;7.8136e-06;3.43698e-05;0.0239327;0.00199227;1.75727e-06;0.000182224;1.4536e-05;0.00125187;5.62412e-05
