4.46548e-05;0.146448;9.7569e-07;3.14559e-06;1.25382e-05;1.18514e-05;2.77808e-06;0.0187512;3.14202e-06;1.52361e-07;8.47393e-06;0.0131567;0.821524;3.2094e-05
8.11268e-07;0.0501495;6.32036e-08;2.11843e-05;8.14717e-06;2.8371e-05;0.000124091;0.000462325;3.86864e-06;9.36316e-05;1.34333e-06;2.74164e-07;0.00015624;0.94895
2.68812e-10;8.80986e-10;1;5.29305e-09;4.16664e-11;7.92973e-11;4.27887e-10;1.58331e-08;6.70091e-11;7.97131e-11;4.14388e-09;4.88791e-08;2.73106e-10;2.96848e-12
1.24044e-05;0.0355879;0.00109957;0.000121983;2.45179e-05;1.20922e-05;6.10796e-07;0.444276;0.000184614;4.2239e-06;0.000675855;0.515962;0.00199142;4.64595e-05
2.35133e-06;0.977496;1.13142e-07;2.02412e-06;4.96236e-05;0.000484734;0.00409229;0.00437556;3.54305e-07;0.000399748;1.19826e-05;1.16435e-09;0.0122804;0.000804462
1.54567e-10;6.45261e-09;1;4.17435e-10;2.2403e-08;5.91151e-09;9.01064e-11;6.18583e-09;8.13644e-13;1.62819e-11;7.57399e-12;5.24193e-08;4.68183e-11;3.36034e-11
2.0533e-05;0.0118704;1.11164e-05;0.000506269;0.0350354;0.0251162;1.85614e-07;0.0647611;3.82317e-05;3.26327e-06;8.09855e-05;0.553792;0.0030325;0.305732
0.000540668;0.789722;0.000233367;0.000181317;0.000159079;0.000338092;6.9227e-07;0.201308;5.89549e-07;7.02226e-07;1.23817e-05;0.000591931;0.00651994;0.000391483
2.86265e-06;0.838948;1.56686e-08;1.32249e-06;8.39302e-07;1.46483e-06;5.83444e-06;2.44485e-05;4.60049e-09;1.60211e-05;4.83553e-08;9.28947e-06;1.13075e-05;0.160978
1.19059e-11;1.06113e-12;1;1.76866e-12;9.05813e-10;1.34409e-11;3.93891e-12;1.20407e-09;9.71303e-14;4.87758e-12;1.28292e-12;6.69841e-10;1.3063e-15;4.68742e-12
3.51897e-08;0.999626;1.26265e-06;2.5075e-07;1.89134e-06;7.18534e-07;1.38626e-08;2.76266e-06;7.02291e-10;1.26883e-07;8.32986e-09;4.97303e-06;0.000247636;0.000114476
0.000253744;0.143669;7.76067e-05;3.18382e-05;1.09554e-05;0.000145388;0.0641603;0.35518;0.0421621;4.56956e-06;0.114699;0.0657213;0.211925;0.00195991
1.2408e-05;0.0261978;0.00254419;8.68217e-05;0.000862999;0.000513226;4.96683e-07;0.968346;1.7859e-06;2.52362e-06;3.62794e-06;2.92128e-05;0.00113022;0.000268382
3.9352e-05;0.852003;0.000280578;3.36493e-06;2.11669e-05;3.67958e-05;1.5791e-07;0.0657294;2.19177e-07;1.52019e-06;4.1012e-07;0.0308745;0.00750023;0.0435096
9.28711e-05;0.142452;2.32789e-07;1.46207e-06;6.39048e-05;0.000208679;1.85739e-05;0.395836;3.10777e-06;4.21261e-06;3.08381e-06;4.20107e-07;0.460711;0.000604285
7.89221e-09;1.29054e-08;1;6.87782e-09;1.58839e-09;8.12093e-10;1.74183e-09;6.10172e-09;6.85845e-10;3.12816e-10;1.02413e-09;1.6885e-07;1.66535e-08;2.37938e-11
3.08013e-06;0.00837067;0.000243297;1.85211e-05;7.13044e-05;6.23973e-07;1.01046e-07;0.0392292;1.12923e-05;7.1901e-07;4.99138e-06;0.950301;2.46853e-05;0.0017204
9.44064e-06;0.963697;2.24454e-06;4.13775e-05;0.000134338;0.000321294;1.78855e-05;0.00366433;2.80681e-05;3.17825e-06;0.000644859;0.000999746;0.0283279;0.00210781
6.56875e-06;0.000871614;1.47634e-05;0.000580431;0.0610791;0.390144;2.29187e-06;0.00389633;1.68878e-07;1.84593e-05;4.29725e-07;0.00143337;7.40704e-05;0.541879
3.12461e-05;0.0189231;4.93015e-07;4.23569e-06;1.81367e-05;1.34293e-05;1.94758e-07;0.133194;3.04995e-06;1.15296e-07;3.8834e-06;0.000444128;0.847361;3.18224e-06
4.4494e-06;0.99895;4.39198e-05;3.82179e-05;8.49504e-07;4.6256e-07;1.9524e-07;7.19769e-05;7.86067e-09;2.20014e-07;4.86967e-08;6.12201e-05;0.000743399;8.47948e-05
2.59691e-06;0.947289;7.62441e-09;5.3355e-06;1.82901e-05;5.92807e-07;7.6826e-07;0.0508091;3.84257e-07;1.38428e-06;7.68564e-07;0.000211913;0.00115437;0.000505515
5.52079e-05;0.00976155;0.0239065;0.00233331;0.00535801;0.000589725;1.50398e-06;0.000467476;6.56046e-07;5.23418e-05;0.000127118;0.955879;0.000730125;0.000737178
0.00102781;0.0119837;7.36805e-06;0.000150743;1.97333e-06;8.87727e-06;0.0106571;0.000214593;0.00645272;2.34322e-05;0.944002;0.00352877;0.0219364;4.04872e-06
0.000553409;0.732112;1.44201e-06;0.000111232;2.07474e-05;0.00263652;7.56843e-05;0.00158021;0.00389216;5.16499e-05;0.00251229;0.0357457;0.220591;0.00011552
0.000152704;0.978847;0.00101266;6.40776e-05;2.49022e-05;5.48631e-06;4.16428e-05;3.70867e-06;6.34875e-06;0.000264323;1.84279e-06;0.000625799;1.69892e-06;0.0189481
1.3776e-07;7.31855e-08;0.999997;3.63715e-09;4.69072e-07;4.66533e-10;1.93161e-07;1.4113e-06;4.38392e-08;1.12464e-08;1.07058e-07;2.44421e-07;2.5494e-10;1.57418e-10
2.80724e-07;0.00218484;4.94481e-09;2.11414e-07;2.50674e-07;4.44237e-08;0.995171;4.4866e-06;0.000245136;0.00231168;7.29676e-05;1.46563e-07;6.35663e-07;8.07502e-06
3.72644e-08;3.90296e-09;0.99993;2.09755e-07;1.58517e-08;8.66091e-09;5.58351e-05;1.05019e-07;2.95018e-06;5.7932e-07;1.05282e-05;9.66418e-08;2.29869e-11;6.47401e-11
4.27582e-05;0.999278;4.46643e-07;1.2674e-05;2.65393e-06;1.30927e-07;3.15369e-06;0.000270136;9.30806e-06;9.23945e-08;9.30607e-06;6.82432e-05;0.000300484;2.64781e-06
2.91541e-05;0.922541;8.5776e-08;2.05218e-06;2.87886e-05;8.2841e-08;1.53556e-05;0.0739992;1.24706e-05;1.55133e-06;2.06167e-06;4.03351e-06;0.00116796;0.00219572
1.91517e-05;0.0031566;0.000960933;0.000151947;0.000111248;3.53322e-05;4.84736e-07;3.30345e-05;5.09987e-06;5.30541e-06;5.74767e-06;0.99522;1.97643e-05;0.000275663
0.00132024;0.202607;2.53973e-07;0.00138285;1.10006e-05;7.742e-06;0.00246294;0.0256974;0.391382;1.99824e-05;0.366013;0.00413234;0.00495868;5.45962e-06
0.000120721;0.942669;1.54306e-07;1.06268e-05;1.24e-06;4.29073e-07;1.61854e-06;0.0120766;4.17053e-05;6.01398e-07;5.21731e-05;0.00116745;0.0438574;4.98761e-07
4.3334e-05;0.0406428;1.82325e-05;1.3218e-05;0.000214358;9.41875e-06;7.6392e-07;0.449281;8.71541e-06;0.000203763;3.99409e-07;0.508264;0.00128755;1.2335e-05
7.04885e-07;0.00485034;8.43912e-08;3.5993e-06;2.05095e-08;7.14258e-07;0.977944;1.69374e-08;3.91135e-05;0.0171274;1.02478e-05;8.55079e-09;2.34173e-06;2.15978e-05
1.49078e-10;3.27227e-12;1;7.7582e-11;3.1795e-12;9.68359e-13;2.4985e-08;1.34243e-11;1.46326e-09;2.7815e-10;2.4167e-09;1.40018e-10;1.89534e-15;6.6114e-15
