1.61026e-07;0.00405041;3.54285e-10;3.1536e-08;4.09628e-10;8.68116e-08;4.25827e-07;1.67208e-07;6.98212e-08;1.35451e-08;2.35006e-07;2.74799e-07;0.995948;3.69443e-09
5.71876e-06;0.00255071;0.993162;1.34617e-05;2.78191e-05;3.00737e-06;1.13021e-07;0.000177685;2.32877e-07;7.76319e-07;3.79139e-07;0.00280079;8.64162e-06;0.00124886
6.69474e-07;0.980736;5.08423e-08;1.94802e-06;0.000113988;9.18961e-08;9.36834e-08;0.0177744;2.26082e-07;1.56492e-07;6.47398e-07;3.93307e-05;3.98157e-05;0.0012929
1.78064e-05;0.00151961;2.18064e-09;1.69594e-05;0.000477269;1.50795e-05;1.54185e-06;0.995155;0.000331043;1.36326e-05;1.34245e-05;0.00224202;0.000109994;8.66597e-05
0.000423687;0.965406;1.21438e-05;0.00045449;9.7222e-05;0.000168169;0.000158133;0.000936112;0.000726324;3.73235e-06;0.00491016;0.00428075;0.0218494;0.000573849
4.96458e-05;0.965597;1.95967e-08;0.000246217;5.1817e-05;0.000276823;1.89038e-06;0.0156001;2.5598e-05;6.15985e-06;2.725e-05;0.000204164;0.0154825;0.00243047
1.0267e-05;0.000116775;1.59645e-09;6.88485e-07;4.53233e-07;1.56922e-06;3.13457e-08;0.00246798;4.42282e-06;9.51798e-09;2.0731e-05;7.08396e-05;0.997306;1.30722e-07
4.44945e-05;0.00579415;7.22607e-07;4.49058e-06;1.26486e-06;1.12505e-06;3.66995e-08;0.000237288;1.78387e-05;9.47485e-08;1.02334e-05;0.984032;0.00984945;7.11232e-06
0.000147362;0.93215;5.23451e-06;2.4465e-05;0.00187396;8.22099e-05;8.81841e-06;0.0160472;1.19139e-05;3.23691e-06;1.27662e-05;0.0153008;0.0287007;0.00563123
3.98368e-06;0.220213;1.96104e-09;0.000131279;3.24195e-05;1.09139e-05;0.00251164;0.00292895;2.75885e-05;0.00041963;4.62491e-05;1.23559e-06;0.000134672;0.773538
1.24728e-08;8.94743e-09;0.99999;2.07904e-07;3.02928e-09;2.46106e-10;9.66345e-07;1.20631e-08;4.17694e-08;2.53037e-09;3.84046e-06;5.38305e-06;1.5269e-10;1.14686e-10
0.00103558;0.0480081;1.58756e-06;0.00024494;6.85024e-05;0.000455474;0.00103772;0.0347947;0.0366242;1.32212e-05;0.0721285;0.000226281;0.802346;0.00301496
0.000174808;0.812139;0.00436312;1.0133e-05;5.56402e-06;6.2239e-07;6.16907e-05;0.0877594;9.9242e-05;1.91244e-06;0.00141509;0.0509961;0.0429717;1.72637e-06
0.000308829;0.120114;0.000267363;0.000878791;0.0280008;0.00269553;0.00010457;0.0211874;0.00103489;0.000117241;0.000394441;0.569525;0.0540512;0.20132
0.00033014;0.189728;1.09418e-07;0.00203401;0.000163965;3.87109e-05;0.000136164;0.00575096;0.485466;5.93566e-06;0.0857269;0.214759;0.013473;0.00238637
2.69259e-05;0.994095;7.03575e-08;6.36621e-06;2.05501e-06;1.57941e-07;1.72968e-06;8.50565e-05;2.32243e-06;4.10107e-07;2.40466e-06;0.00199897;0.00376718;1.12059e-05
7.12803e-06;0.00142263;2.5098e-06;1.16854e-06;3.11775e-05;9.55628e-07;2.11709e-09;0.0422591;3.60884e-07;9.82447e-09;4.59049e-08;0.953251;0.00271039;0.000313889
9.81336e-06;0.00310807;8.29261e-10;0.000106969;0.00184009;1.64878e-06;0.00019087;0.988258;0.00542118;6.10469e-05;0.000499276;0.000114327;0.00032336;6.52886e-05
5.22274e-05;0.00569726;0.99271;0.000509123;6.08647e-05;0.000157759;2.86405e-05;4.10502e-06;6.04131e-06;7.57882e-06;0.000100738;0.00019111;0.000156598;0.000318166
0.000597043;0.0847024;1.55979e-07;4.9178e-07;1.37633e-05;6.51994e-06;2.60969e-06;0.882412;6.3398e-05;1.60994e-07;0.000153497;6.43041e-06;0.0319748;6.64282e-05
6.48342e-09;6.1911e-05;6.92245e-08;1.03416e-08;1.67724e-07;5.22884e-09;6.52604e-11;1.16917e-07;3.38841e-09;3.66608e-10;1.64045e-08;0.999933;2.03709e-06;3.16549e-06
2.9088e-06;0.991584;2.74994e-07;2.43887e-07;4.48974e-05;8.41953e-08;1.62686e-06;0.00224894;1.16144e-07;2.12194e-07;3.61993e-07;4.0691e-05;0.00584031;0.000235617
3.65989e-07;0.00542155;8.02262e-06;1.58207e-08;1.2939e-07;3.09694e-10;4.20538e-08;0.000298222;1.20892e-07;7.94967e-09;3.44623e-08;0.994254;6.26647e-06;1.07691e-05
4.42725e-05;0.106863;9.61199e-07;1.71962e-05;0.000211528;0.000308784;3.83889e-06;0.86726;7.33931e-05;1.85343e-06;2.5057e-06;0.0201383;0.00464791;0.000427172
9.11559e-05;0.00149136;1.4481e-07;1.3949e-06;8.65795e-05;1.28274e-05;7.01701e-08;0.736181;1.46375e-05;1.4577e-07;9.87944e-06;0.000865648;0.261223;2.26814e-05
0.0003059;0.0806019;0.00112722;6.04884e-06;1.88949e-05;0.000143591;0.000414887;0.00686523;2.39657e-05;0.000483628;9.92881e-06;0.000204598;0.909148;0.000646189
1.42125e-09;7.22522e-09;0.999998;1.7388e-09;1.93428e-09;5.03769e-09;1.81606e-09;3.06955e-09;1.70549e-09;4.58151e-10;9.18178e-10;2.28685e-06;4.56657e-10;5.90051e-11
1.67298e-06;0.0164895;0.000391195;1.12272e-05;2.15663e-05;1.71554e-05;3.92398e-07;0.013153;2.36413e-05;9.00224e-07;1.65103e-05;0.96886;0.000130329;0.000883381
1.87421e-07;0.997301;1.86766e-08;1.07617e-08;4.25413e-07;3.05601e-05;3.05639e-08;5.83751e-06;4.53014e-10;1.26132e-08;6.73007e-09;5.84934e-07;0.00253502;0.000125993
1.34477e-08;0.000316286;5.86147e-07;6.43122e-07;9.40325e-05;0.00152195;4.10496e-10;3.37239e-05;1.95992e-09;6.56044e-09;2.60207e-08;0.878168;3.16306e-05;0.119833
2.15349e-07;0.995246;1.14045e-09;5.05172e-08;4.85697e-08;1.27209e-05;1.80175e-06;3.96705e-05;2.95426e-09;7.23029e-08;1.43044e-08;5.38746e-09;0.00456429;0.000135013
2.1026e-09;2.19858e-08;0.999862;6.3046e-09;2.99331e-08;1.88031e-08;4.08891e-10;1.04444e-07;3.5849e-11;2.72143e-10;1.17507e-10;0.000137391;2.21388e-08;2.29429e-09
2.06795e-05;0.0579878;2.17554e-07;0.00316243;0.000369727;0.000122368;0.00037899;0.365812;0.00263254;7.64382e-05;0.0135415;0.00175614;0.553968;0.000171105
2.74499e-06;0.700944;0.000533359;0.00114912;0.000867776;0.00161019;3.84414e-07;1.86379e-05;5.58036e-09;1.19053e-05;3.97217e-06;0.000627072;0.293609;0.000621886
5.01757e-06;0.130816;2.12914e-06;1.23572e-06;2.03888e-06;4.547e-07;6.17574e-07;0.2785;7.19958e-08;1.2606e-07;3.02548e-06;0.559725;0.0309167;2.84476e-05
5.69406e-07;0.000547835;1.01447e-08;6.04731e-05;1.2219e-05;0.426923;1.71374e-05;1.02541e-05;1.21916e-06;7.92337e-05;1.94284e-05;8.13259e-08;0.571441;0.000887749
0.000815372;0.0149156;0.854142;0.000931214;1.7736e-05;0.000168124;9.04637e-05;0.000330358;1.21894e-05;8.2052e-05;0.000205518;0.126667;0.00147946;0.000143383
8.35513e-06;0.990569;2.39198e-09;3.52684e-05;6.92858e-06;4.07209e-06;3.03568e-05;0.000731256;0.000169205;9.53623e-07;0.00011977;0.000528517;0.007484;0.000312291
2.48661e-06;0.00131155;8.39805e-09;4.51439e-08;0.000136686;2.73952e-08;6.62343e-09;0.998533;1.07246e-07;1.17398e-07;7.90486e-09;3.84078e-06;4.04196e-06;8.58972e-06
1.2949e-06;0.000204723;0.998376;3.99855e-06;1.9097e-05;5.74941e-05;2.2335e-08;5.2606e-06;8.8976e-08;1.68561e-06;1.01083e-06;0.00100252;0.000323493;3.35021e-06
1.31535e-05;0.992806;1.02722e-08;5.91382e-08;2.17046e-07;1.62337e-07;0.00636924;0.000731973;5.84497e-06;2.43518e-05;1.76878e-05;3.37525e-08;3.73636e-06;2.73882e-05
1.98142e-08;1.22737e-08;0.999998;8.37971e-09;1.23733e-08;2.17684e-09;5.86996e-07;1.0018e-07;5.50398e-08;1.03521e-08;1.94498e-08;1.38081e-06;2.03396e-11;2.81902e-10
0.00061679;0.143857;2.1086e-06;1.29375e-06;1.37234e-05;7.67676e-07;2.91847e-05;0.851744;0.000474881;4.98766e-06;0.000164953;2.4097e-05;0.00299699;6.94013e-05
1.84619e-07;0.000920154;1.12175e-05;1.01857e-07;3.18262e-07;1.08265e-07;4.6823e-08;7.80024e-06;2.75484e-06;4.39699e-08;8.24347e-06;0.99904;4.49594e-06;4.28739e-06
2.50196e-06;0.998893;1.2037e-06;1.17429e-07;4.76357e-07;7.4847e-08;3.37298e-07;9.12419e-05;7.19872e-08;4.06467e-07;8.19391e-08;0.000262918;0.000746722;5.19273e-07
3.83838e-05;0.865247;4.33136e-08;5.34929e-06;4.04135e-05;0.00012553;0.0919855;0.000298868;0.00148788;0.0136684;1.4432e-05;0.00502691;5.64322e-05;0.0220043
7.58202e-08;3.19961e-08;0.999997;1.02996e-07;9.40651e-08;5.90642e-07;8.13613e-07;1.51274e-07;4.75123e-07;1.04643e-07;4.64113e-08;3.24562e-08;2.14024e-09;9.95524e-10
0.00122751;0.695718;0.00145634;1.20068e-05;0.000806344;1.67499e-05;1.32976e-05;0.108144;4.33209e-05;1.29938e-06;5.01165e-06;0.000746478;0.19171;9.92168e-05
0.000463046;0.180596;1.6596e-06;0.00163497;0.00147509;0.000443563;0.000198994;0.525597;0.0961566;4.11266e-05;0.0103141;0.000977283;0.179577;0.00252327
0.000118972;0.00571638;3.43018e-07;2.25732e-06;0.00152041;2.88744e-05;5.45882e-08;0.989298;5.96434e-06;1.6324e-06;4.9129e-06;2.3262e-05;0.00225939;0.00101976
7.49136e-08;0.000391826;7.86028e-07;1.15895e-07;1.71604e-07;8.99501e-08;2.77761e-09;6.72456e-06;7.35319e-08;1.29284e-08;7.37275e-08;0.99957;1.06971e-05;1.96513e-05
3.56169e-05;0.475154;3.97564e-06;5.57693e-06;0.00168219;7.46511e-06;1.61112e-06;0.482958;1.90524e-05;3.59268e-07;1.26306e-06;0.000674213;0.0391053;0.000350716
0.00209021;0.441345;0.00332213;9.78601e-05;0.013631;2.31785e-06;8.80153e-06;0.0654195;0.000211395;2.15179e-05;7.21003e-05;0.423379;0.0474879;0.00291124
0.000540572;0.0155997;1.17274e-07;0.000416235;0.0827271;5.79079e-05;2.20966e-05;0.433716;0.459378;0.000158365;0.000747142;0.000649246;0.00456076;0.00142703
0.00012706;0.997613;4.74924e-05;6.04038e-05;6.8398e-05;5.22078e-07;3.567e-05;0.00195669;2.52256e-05;1.64179e-05;3.26485e-06;2.96936e-05;3.49235e-06;1.31036e-05
0.00334467;0.875887;0.000201035;0.000648443;0.000148803;9.30693e-06;0.000230281;0.0224762;0.00169462;7.03768e-05;0.00134607;0.00329538;0.0905824;6.5716e-05
2.15954e-05;0.0174548;6.22713e-08;2.53384e-05;2.0971e-05;3.88614e-06;1.89343e-06;0.000133092;0.000143643;9.23341e-07;0.000517807;0.98143;5.49257e-05;0.000191123
0.000352155;0.105446;1.28322e-05;8.00929e-06;0.00738338;0.000118565;7.28749e-06;0.859521;0.000396073;6.39961e-06;1.60619e-05;0.0127288;0.0103632;0.00364014
0.000135077;0.0142446;5.51975e-07;1.1663e-05;2.02733e-05;0.000490004;1.40062e-05;0.000473569;0.0022867;2.21078e-05;0.00035094;0.000407157;0.981532;1.13447e-05
0.000237822;0.000357875;0.997342;0.000102267;7.04601e-05;8.87581e-06;7.65797e-07;3.84051e-06;6.10389e-06;1.24021e-05;2.48596e-06;0.00135442;4.94499e-06;0.000496326
0.000580186;0.8986;1.44625e-06;0.000176741;9.66914e-05;4.99943e-05;0.00104466;0.00901569;0.0425458;1.75124e-06;0.0105781;0.000275432;0.0369819;5.12801e-05
0.000399814;0.0448876;1.68405e-06;0.000108891;0.0143188;5.76535e-05;1.36279e-07;0.911625;0.00348911;1.35502e-05;0.000157693;0.0118425;0.0126959;0.000401293
1.91683e-05;0.742864;0.00063166;0.00012781;4.42307e-05;4.4332e-05;0.000476627;9.60622e-07;5.71481e-07;0.0180879;3.49419e-06;3.47957e-07;6.40524e-07;0.237698
5.06429e-07;4.55135e-08;0.999966;2.3207e-08;7.85376e-08;6.19267e-09;1.59341e-05;7.58967e-07;7.47533e-07;5.41783e-08;1.52316e-05;3.89114e-07;4.51836e-10;2.00051e-10
3.90527e-07;0.00212605;1.30379e-09;6.36374e-08;5.4378e-08;2.41609e-08;0.997613;4.56964e-06;4.66071e-05;0.000127478;8.00322e-05;1.01163e-09;1.06424e-06;1.17201e-07
1.27136e-07;1.47943e-07;0.999932;8.02624e-08;1.0728e-08;1.09132e-08;5.76784e-05;4.55921e-07;3.24323e-06;7.65421e-07;3.47679e-06;2.03363e-06;1.74003e-10;4.45376e-10
0.000338427;0.413631;5.70383e-05;8.49379e-06;5.63324e-05;7.33744e-06;2.95361e-06;0.367672;0.000136847;1.89885e-06;9.04023e-05;0.19522;0.0227039;7.3244e-05
0.000150428;0.0719073;2.28323e-06;4.31448e-05;0.000149099;9.32394e-05;2.16697e-05;0.0283718;0.000556589;2.46087e-05;0.000377705;0.885289;0.0116069;0.00140614
8.07413e-07;0.00373805;5.56323e-10;3.29314e-06;1.94481e-08;9.24847e-08;0.991778;4.30134e-07;3.02792e-05;0.00438196;5.81548e-05;1.0044e-08;5.96235e-07;8.58114e-06
1.48805e-09;1.49091e-10;1;2.27359e-09;2.21008e-10;9.39797e-11;3.61747e-07;3.97905e-10;1.05577e-08;1.4537e-09;3.85569e-08;1.05749e-08;1.04701e-13;4.47113e-13
0.000240223;0.00674745;7.15824e-06;1.233e-06;7.26695e-05;1.37372e-06;1.30387e-06;0.989295;0.000695346;4.34885e-07;3.6309e-05;0.00017465;0.00272547;1.37771e-06
4.85536e-07;0.00185925;1.6619e-06;1.8577e-07;1.94362e-06;4.95433e-07;3.8829e-08;7.06232e-05;4.16327e-06;3.2021e-08;1.95588e-06;0.997972;8.34227e-05;4.04027e-06
9.54996e-05;0.353651;4.56803e-05;2.60231e-05;0.00210417;0.000235015;3.88849e-06;0.149725;0.0001322;6.51636e-06;6.0353e-05;0.0223789;0.471363;0.000172766
0.000881011;0.319406;2.89048e-06;5.21912e-06;0.000913041;5.58729e-06;7.64094e-06;0.00703263;0.000627682;4.52641e-06;4.28537e-05;0.0613103;0.609731;2.98709e-05
0.00200603;0.0216434;0.00251945;9.7299e-05;0.0182601;0.000102046;1.79409e-05;0.539064;0.111402;3.84772e-05;0.00103967;0.29311;0.0105814;0.000117505
0.000306495;0.103467;6.19301e-07;0.000380147;0.000103316;5.68447e-05;4.53351e-05;0.0666498;0.8186;0.00016333;0.00215276;0.00167822;0.00626072;0.000135237
0.00282522;0.968713;0.000860878;0.00398005;0.000949473;2.58888e-05;6.18986e-05;0.00286551;0.00111255;0.000363416;0.000134137;0.0169714;0.000127332;0.00100978
0.000537961;0.00241133;5.99543e-10;6.34834e-07;7.74865e-06;5.59973e-08;5.52603e-06;0.87327;0.121901;3.30376e-07;0.000208227;1.92948e-07;0.00165678;1.55014e-07
7.21775e-07;0.000119031;6.8125e-06;2.06351e-06;3.28122e-06;6.25051e-08;1.50964e-08;6.91547e-06;4.24373e-05;4.86073e-09;1.84287e-06;0.999794;1.28809e-05;1.01935e-05
0.000214491;0.938256;1.60652e-08;0.000642295;0.000251071;2.16568e-05;3.91567e-05;0.0166482;0.00552967;1.80572e-05;0.00994562;0.0111682;0.0122534;0.00501218
4.25514e-05;0.235143;8.76114e-05;1.55562e-05;1.81369e-05;1.63309e-06;2.66409e-07;0.0973166;4.52597e-05;5.24331e-08;4.78536e-05;0.665742;0.00150161;3.80453e-05
2.84841e-05;0.822291;1.69757e-08;0.00131653;0.00663438;4.77956e-05;1.14188e-05;0.12253;0.000153541;6.98469e-05;0.000338733;0.00759797;0.00115433;0.0378265
0.0153863;0.306059;0.000257979;0.0155218;0.000809641;6.75156e-05;0.00353761;0.00110928;0.0216003;1.92567e-05;0.0872923;0.030363;0.517632;0.000343794
0.000572882;0.0463796;4.13323e-06;1.43161e-05;0.000116496;1.63148e-06;6.49979e-08;0.0134111;0.000486181;3.79723e-07;3.71753e-05;0.0150077;0.923634;0.000334498
6.64719e-06;0.406357;8.62609e-09;2.61612e-06;0.00243529;4.14461e-06;1.05489e-07;0.00431071;4.94551e-07;6.93312e-07;1.80212e-07;0.12923;0.0017228;0.45593
2.47091e-05;0.00843359;1.48207e-07;1.73516e-05;0.246734;1.17437e-06;5.79284e-07;0.590801;1.76415e-06;5.43093e-07;6.27832e-06;0.084252;0.00114445;0.0685827
0.000177638;0.00118972;1.22785e-06;2.48547e-05;0.0299743;2.68471e-05;0.000227347;0.966172;0.0014849;6.64033e-05;4.91224e-05;2.08718e-05;0.000547912;3.703e-05
0.000939955;0.00555921;0.985591;0.000132768;0.000568895;4.99044e-05;2.43222e-06;0.000224881;9.1266e-05;2.70564e-06;3.10114e-05;0.00618403;0.000194661;0.000426776
4.9307e-05;0.95402;6.31712e-09;5.15763e-05;1.56862e-05;1.39985e-05;0.000776535;0.000971999;0.0159432;3.46213e-06;0.0174336;0.00111802;0.00419098;0.00541183
1.49014e-06;0.0017387;9.87858e-10;3.09539e-08;6.96368e-05;1.72954e-08;1.98768e-08;0.998162;4.05597e-07;1.03452e-07;1.61164e-08;8.26797e-07;2.53485e-05;1.06575e-06
5.10127e-07;0.000242966;0.996174;1.66567e-06;1.5181e-05;5.75363e-05;3.28662e-09;1.7539e-06;9.3247e-09;5.68204e-07;6.39378e-08;0.00153434;0.00197023;8.8928e-07
2.46976e-06;0.999548;1.54085e-09;5.26132e-09;1.8524e-07;4.90652e-08;0.000124913;0.000312736;1.42045e-07;1.68554e-06;3.41416e-07;7.06953e-08;6.12885e-07;8.34161e-06
2.3032e-08;3.48673e-08;0.99999;1.70574e-08;2.59121e-08;2.15432e-08;7.48754e-07;3.0144e-08;6.77188e-08;3.69478e-08;2.38625e-08;8.73512e-06;3.17441e-10;2.37388e-09
4.06779e-05;0.984464;4.75659e-06;6.79898e-06;1.02701e-07;1.54619e-08;9.41559e-06;0.0135542;0.00120163;1.39355e-06;0.000466906;0.000189451;6.0546e-05;6.40939e-08
2.57652e-07;0.999188;4.66744e-08;3.30081e-06;4.36187e-07;1.19805e-08;3.2983e-05;5.32537e-05;7.37313e-08;0.000258492;6.10406e-07;7.80225e-06;1.74585e-07;0.000454993
4.93927e-07;8.05864e-05;0.997831;1.2585e-06;2.32439e-07;9.25116e-06;0.00196208;1.22238e-05;6.09699e-07;4.15439e-05;5.61349e-05;1.0473e-07;4.29661e-06;2.04328e-07
2.04294e-08;1.44539e-09;1;1.02425e-08;6.9177e-10;8.99887e-10;3.11868e-08;1.23115e-07;1.45051e-08;2.40017e-09;5.66187e-08;1.31907e-07;1.3138e-09;1.20676e-12
3.032e-05;0.000336882;0.00117284;6.19766e-06;4.27619e-05;2.1376e-06;8.57672e-08;0.00108645;0.000528731;1.73587e-06;1.12085e-05;0.99647;2.19895e-05;0.000288982
5.26843e-05;0.997815;1.62492e-08;6.6663e-08;1.60999e-05;1.43687e-05;3.85389e-07;8.8244e-05;6.10334e-06;3.66311e-07;5.65729e-07;7.11555e-07;0.0017976;0.000207492
8.09455e-06;0.988536;4.74481e-08;3.70512e-08;1.55496e-05;7.45338e-07;2.74345e-05;7.99472e-05;2.24932e-08;7.85452e-06;2.06532e-09;0.000387532;2.17641e-05;0.010915
1.20419e-09;1.36193e-09;0.999999;2.44255e-11;2.55042e-07;6.44215e-11;4.83401e-11;3.91569e-07;3.9507e-10;1.81853e-12;1.09373e-12;5.41955e-08;7.50745e-13;3.1391e-11
2.88744e-09;0.000112925;9.45557e-13;1.45743e-10;2.44377e-07;1.12454e-08;4.47175e-12;0.999884;6.54626e-09;6.13031e-12;2.6411e-12;1.75584e-07;2.53959e-06;1.35391e-09
2.38668e-06;0.0410655;5.33114e-06;1.61882e-06;0.000144986;7.02916e-05;3.75213e-07;0.875001;4.79991e-08;5.16693e-07;2.62884e-08;0.000764274;0.082933;1.04305e-05
3.17294e-06;0.257019;1.89572e-06;0.000186454;0.000507634;0.000194066;3.01671e-07;0.136018;1.14933e-06;5.02562e-06;3.14443e-06;0.329081;0.0142744;0.262704
1.75709e-05;0.463739;9.87881e-06;0.000125535;2.19751e-06;3.52199e-07;4.01901e-06;0.190917;5.17455e-06;6.87103e-07;0.00131025;0.237525;0.106341;1.84472e-06
0.00011109;0.485861;0.00237036;0.000212251;0.000304476;0.00275929;0.0017082;0.062537;4.5073e-06;0.0094131;2.19486e-05;0.000105233;0.424609;0.00998292
1.75362e-08;2.16982e-09;0.999998;1.34787e-07;2.69311e-09;1.47978e-08;9.69491e-07;1.35664e-07;4.06241e-08;5.58071e-08;5.91191e-07;4.03053e-07;1.75695e-09;5.93005e-11
2.61827e-05;0.0069644;0.958994;2.62442e-05;8.20572e-07;2.08615e-06;0.000140893;0.00328898;2.13038e-05;2.96487e-05;0.000171924;0.0300517;0.000266619;1.50978e-05
1.14959e-06;0.00259906;4.67505e-05;6.13312e-06;0.000402545;0.455376;4.54481e-07;4.26698e-07;7.87655e-07;9.97909e-06;8.84505e-07;0.000811262;0.00352136;0.537223
8.47835e-06;0.0580467;0.910028;2.16717e-05;9.45297e-05;0.000390756;6.41801e-05;2.21982e-06;6.22698e-08;0.00014466;3.3518e-07;0.0250565;0.00302753;0.00311464
9.49177e-10;4.17084e-10;1;1.56474e-10;8.08359e-08;4.59277e-09;1.64275e-09;1.73447e-08;2.33554e-10;4.05126e-11;4.69204e-10;6.20127e-09;5.15017e-12;3.60331e-10
2.77549e-06;0.00917579;7.80056e-09;1.2519e-06;0.000136405;7.88919e-05;2.29422e-07;0.968627;8.39448e-05;1.43009e-07;2.02501e-05;3.51524e-05;0.0218372;4.54208e-07
5.0507e-05;0.971599;0.00609426;0.00023918;0.000572656;4.01436e-05;2.53194e-06;0.021163;5.56207e-07;2.45644e-05;1.42798e-06;0.00011681;6.37427e-05;3.15885e-05
0.000250338;0.233649;3.3545e-06;4.94994e-05;1.33114e-05;5.08636e-06;4.92463e-05;0.28945;0.00106498;9.58208e-06;0.0048941;0.211808;0.258753;5.10062e-07
0.000329755;0.368865;0.000112305;0.000306391;0.00166375;0.00061335;0.000109331;0.0918364;3.80442e-05;6.64337e-05;0.000753737;0.00938944;0.521154;0.00476235
0.000470258;0.213234;3.82696e-08;0.000476342;0.00014678;7.13316e-06;0.000109136;0.00458629;0.0238668;6.7342e-07;0.0207522;0.547117;0.189082;0.000151644
0.000494782;0.649193;1.97223e-06;0.000195521;8.5529e-05;7.24955e-05;4.16086e-05;0.000559241;0.000253042;1.28981e-05;0.000594046;0.0604504;0.28777;0.000275122
0.000901712;0.0928931;0.000103577;1.99416e-05;0.000342885;6.57173e-05;5.51254e-07;0.050721;6.12709e-05;7.06745e-06;2.36157e-05;0.194364;0.660318;0.000178184
2.71877e-05;0.0239258;9.56942e-06;0.00133829;0.000723588;0.000803908;2.00617e-05;0.000818754;0.00108516;1.59854e-05;0.000783784;0.966359;0.00133998;0.00274923
0.000183384;0.920149;2.55415e-06;0.000793175;2.43168e-05;7.80691e-05;0.00023224;0.00464233;8.30929e-05;7.60522e-05;0.000723299;0.0423095;0.0298775;0.000825416
0.00370159;0.205061;0.00337527;0.000106857;0.000529232;5.1779e-05;2.21118e-05;0.38525;4.91866e-05;4.86495e-05;0.000312799;0.395159;0.00423622;0.00209556
1.00748e-05;0.0491115;6.89712e-06;7.92305e-06;9.8326e-07;1.13475e-05;0.866872;9.47054e-06;2.10252e-05;0.0818404;1.14422e-05;6.86086e-08;0.000180294;0.00191665
6.35011e-13;1.15774e-13;1;1.01714e-12;1.24275e-12;2.08804e-13;2.62494e-11;3.321e-13;8.21422e-13;1.78566e-12;1.10872e-12;5.94784e-11;1.61309e-17;1.61278e-15
