9.49761e-06;0.988273;0.000171254;0.000141822;3.27061e-05;4.65233e-05;1.10823e-05;3.23652e-05;2.55145e-07;4.37612e-05;1.63503e-05;3.11061e-05;0.0110158;0.000174364
0.000108679;0.028058;0.00646775;4.43312e-05;3.89151e-05;1.45864e-05;3.75184e-06;0.000382574;2.00342e-06;7.37791e-07;4.10323e-05;0.959223;0.00540404;0.000210338
0.00335855;0.818145;1.10628e-06;0.000240207;0.0193613;3.77245e-05;0.00584427;0.0524388;0.0732479;5.95638e-05;0.0112832;0.0153494;0.000129741;0.000502816
7.20306e-05;0.789405;6.62614e-05;5.20289e-05;0.0010102;0.00132576;4.78095e-07;0.00104191;8.90182e-06;1.44581e-05;2.1289e-06;0.00148495;0.205471;4.53533e-05
0.00023564;0.580757;7.07849e-07;2.35387e-05;0.00154628;0.00042029;0.000535161;0.00223453;7.80307e-05;7.47151e-05;0.000407354;0.230464;0.151458;0.0317645
0.000498629;0.10216;0.00012483;0.00563734;0.0921641;0.485849;6.8247e-05;0.0587664;0.00573426;5.5026e-05;0.0112839;0.00293114;0.233174;0.00155295
0.000810763;0.0850014;1.92009e-06;6.0444e-05;1.03808e-05;0.000121824;6.46447e-06;0.000680639;0.000434824;1.9724e-06;0.00319286;0.358253;0.551396;2.77162e-05
6.67464e-05;0.984672;5.03764e-06;4.90278e-07;6.77255e-07;2.31055e-07;1.01188e-05;0.0111976;6.00081e-07;8.35115e-08;1.14075e-05;0.000923332;0.00310986;1.73086e-06
2.20328e-06;0.00700403;0.00312621;1.00257e-05;0.00131788;1.61542e-06;1.6071e-07;0.187714;6.94535e-07;2.43262e-07;2.60911e-06;0.800478;6.83174e-05;0.00027422
3.25657e-08;0.997588;1.61276e-10;3.94291e-08;5.09319e-08;3.38902e-09;0.0023099;8.28008e-06;1.49087e-07;1.81488e-05;2.18615e-07;7.00195e-10;3.34985e-07;7.49762e-05
5.76769e-10;3.63049e-10;0.999998;2.15199e-10;9.1986e-10;8.12468e-12;1.16741e-09;1.70145e-09;1.3899e-10;5.66448e-10;1.10388e-10;1.57447e-06;1.03311e-12;5.52217e-12
0.00292753;0.0963774;4.133e-07;0.00125167;8.62024e-05;7.70618e-06;0.000888057;0.0390215;0.846034;0.000143302;0.00911116;0.00197616;0.000920399;0.00125429
0.00598903;0.250166;2.16281e-05;0.00144165;0.00015873;6.52573e-06;7.55376e-05;0.0450734;0.0145677;0.000161199;0.00354288;0.677781;0.000796003;0.00021865
0.00022735;0.952228;0.000197138;2.76557e-05;2.8175e-06;1.11608e-07;4.73074e-06;0.000192025;3.25262e-05;7.23082e-06;9.19217e-06;0.000111091;0.0469471;1.31059e-05
0.00011838;0.0378437;2.58255e-05;3.15981e-06;0.000568607;4.91916e-05;1.21767e-05;0.104994;0.00111598;5.28801e-06;3.28787e-05;0.844036;0.00061123;0.0105838
8.40718e-05;0.0993021;4.55337e-07;2.40793e-06;4.64377e-06;7.82519e-05;0.000116164;6.19881e-05;0.000642619;6.36362e-05;4.73294e-05;1.78028e-05;0.899571;7.82825e-06
3.00522e-05;4.22907e-05;0.973738;1.41188e-06;7.82136e-06;9.98702e-07;4.28573e-08;1.63869e-06;3.32327e-07;1.17871e-06;7.793e-09;0.0261556;2.10301e-06;1.80643e-05
0.000117469;0.927203;3.00066e-07;3.85968e-05;0.000206207;8.0813e-05;0.000257367;0.0473404;0.0191625;9.85755e-06;0.000117467;2.40728e-05;0.00494304;0.000498973
6.41991e-06;0.00021569;2.25293e-08;7.89664e-08;1.99192e-07;1.62492e-08;1.39285e-08;0.999663;0.000108552;3.15019e-08;2.47356e-07;2.40195e-07;5.89341e-06;3.54862e-08
1.99851e-07;0.994378;4.02867e-09;7.14397e-08;1.4646e-08;8.40964e-10;1.9114e-07;2.46227e-07;1.65363e-09;7.24216e-06;1.10991e-09;8.06112e-07;9.43572e-10;0.00561305
2.2274e-07;1.97764e-06;0.999814;1.59121e-08;5.96415e-08;4.74269e-08;0.000181097;1.06009e-06;1.07221e-07;9.97298e-07;3.24387e-07;1.03889e-07;3.52292e-09;3.96707e-07
2.67519e-09;1.23624e-10;1;3.03932e-10;7.49181e-11;1.19385e-11;5.661e-09;9.46155e-08;1.51039e-08;9.33259e-11;1.00083e-08;1.51004e-08;5.55131e-11;5.40831e-14
2.2974e-05;0.00017892;0.990255;8.57654e-07;1.28427e-06;3.82348e-07;2.14008e-06;0.00396278;4.60091e-05;1.83683e-06;7.7023e-07;0.0055199;9.70991e-07;6.06797e-06
6.48956e-05;0.0108925;1.09864e-05;1.24351e-05;0.137105;0.736818;3.35897e-07;3.83931e-05;6.43436e-05;5.85075e-06;2.81396e-05;0.0284453;0.018716;0.0677978
2.62843e-05;0.00325761;4.5694e-07;9.24842e-07;0.00121982;0.000432955;1.13343e-08;0.000327396;5.89958e-06;2.10334e-07;1.24014e-07;0.00202388;0.992673;3.14553e-05
6.668e-05;0.0139824;0.984334;2.7242e-06;0.000595462;3.18663e-06;2.7262e-08;0.000863511;2.62452e-07;6.52011e-08;1.88486e-09;1.29768e-05;0.000133535;5.14162e-06
2.03941e-05;0.00880922;2.19605e-07;2.62044e-05;0.000310516;0.000141414;8.23849e-07;0.987447;0.000614214;1.24253e-06;6.59784e-06;0.000103945;0.00251404;4.31905e-06
1.89628e-05;0.998866;6.07293e-08;7.37314e-06;7.86155e-06;6.35158e-07;5.89554e-08;0.000135111;9.59395e-07;2.28908e-07;2.74524e-07;0.000417397;0.000428779;0.000116506
2.27813e-07;0.999374;2.49211e-08;5.48774e-08;1.60166e-08;9.92261e-11;0.000564487;1.44077e-05;4.9836e-09;1.65748e-05;9.79943e-09;8.51467e-08;1.30732e-08;3.04973e-05
1.41001e-09;4.35413e-10;0.999999;2.25192e-09;4.12834e-09;7.56466e-10;5.82006e-07;6.07593e-09;6.48088e-09;2.67973e-09;1.56347e-08;9.5005e-08;4.25598e-14;9.07396e-12
1.16349e-07;0.987676;1.05298e-08;9.48168e-08;7.10882e-09;1.36489e-08;6.40878e-09;2.08241e-08;8.53078e-09;3.4403e-09;1.3681e-08;9.86305e-07;0.0123222;2.30319e-08
1.95603e-07;0.000203157;1.93364e-08;2.35238e-07;9.67492e-08;6.73359e-09;3.94359e-08;7.65121e-06;1.25663e-05;1.91618e-10;1.88961e-06;0.999773;3.67827e-08;9.25105e-07
9.38967e-06;0.995549;1.88988e-05;7.92699e-06;2.57094e-06;2.85662e-06;4.40453e-07;0.000538667;1.58488e-06;4.57761e-08;1.86379e-06;5.61329e-05;0.00367743;0.000132998
7.18725e-07;0.00116873;1.36584e-09;3.22303e-08;1.62721e-05;1.62164e-09;1.8925e-10;0.998042;5.52065e-08;1.39883e-09;4.23638e-09;0.000173889;1.61588e-07;0.000598188
7.70722e-07;0.00279292;0.986642;2.41448e-06;0.000434036;2.41556e-06;3.60146e-10;0.00967507;1.15233e-09;6.10719e-08;7.24856e-10;0.000243746;3.14775e-07;0.000206772
1.96008e-07;7.98363e-06;1.95847e-08;1.03322e-08;6.34966e-09;1.11669e-05;1.64354e-07;6.54575e-07;8.39111e-08;1.15777e-07;1.10299e-06;1.17171e-08;0.999978;4.15886e-09
2.74593e-08;3.37966e-07;0.999998;3.22651e-08;1.48209e-08;4.20941e-09;7.57825e-10;9.58698e-09;3.77103e-10;6.68345e-09;2.4829e-10;1.65375e-06;4.32634e-09;7.45231e-08
2.4285e-05;0.983984;7.23853e-06;4.02951e-05;8.4546e-05;1.22659e-05;0.00030586;0.00683755;0.00624755;5.43063e-06;0.00134021;3.75935e-05;0.0010193;5.43433e-05
