4.92519e-06;5.08362e-05;1.28465e-10;4.79837e-09;7.36189e-08;4.71077e-09;8.13348e-08;0.999931;5.85546e-06;4.12569e-09;2.08534e-07;2.73103e-08;6.55893e-06;3.53095e-08
5.12956e-06;6.77214e-05;4.34621e-07;7.04923e-05;0.00128472;8.39288e-06;1.4406e-07;0.000322282;3.37428e-05;4.18455e-06;7.1012e-05;0.993153;8.68047e-07;0.00497821
3.00832e-06;0.996998;0.00244559;1.18427e-06;1.70997e-08;1.72252e-09;3.336e-08;2.90738e-06;3.45028e-08;5.74924e-08;8.70387e-08;2.68514e-06;0.000544164;2.75489e-06
1.40012e-06;0.202575;5.83876e-05;3.14681e-06;9.48736e-05;7.3695e-05;5.20934e-08;0.00151099;3.03061e-06;2.59849e-07;1.89161e-06;0.727868;0.0024351;0.0653738
6.57964e-06;0.115248;1.0219e-06;3.36515e-05;1.44845e-05;0.000576839;6.6168e-06;0.002599;8.14044e-05;5.34112e-05;0.000201708;0.000641749;0.880505;3.05221e-05
3.57979e-05;0.000959512;0.971498;0.000125388;7.01582e-06;1.52492e-05;3.8578e-07;1.11837e-05;1.02968e-06;1.57108e-06;1.65955e-05;0.0269732;0.000317974;3.73515e-05
1.69018e-05;0.864215;2.58176e-07;0.000137666;2.47274e-06;1.13387e-05;0.000132534;0.000186029;0.00048405;1.26517e-06;0.00532095;0.00258758;0.126743;0.000160374
9.4843e-06;0.0169624;4.19534e-07;6.94995e-08;1.85583e-06;2.51265e-08;3.89259e-09;0.981723;8.37482e-08;7.39167e-08;2.27804e-07;2.28679e-05;0.00127791;1.90132e-06
2.72063e-08;0.000469593;3.72543e-05;1.38929e-07;4.09727e-06;3.56558e-07;1.21626e-08;2.27318e-05;7.69597e-09;1.01142e-07;7.29323e-08;0.999148;0.000223897;9.33456e-05
2.31303e-06;0.0125834;1.14494e-06;5.75909e-06;0.000120698;0.00294411;5.11497e-05;0.00019023;1.20228e-05;0.000162509;3.15674e-05;4.09538e-07;0.983655;0.000239504
7.30511e-05;0.000173772;0.994807;1.20427e-06;3.21241e-05;3.29833e-07;9.5196e-08;7.76606e-06;2.79817e-07;1.41008e-06;2.99299e-08;0.00489655;1.4547e-07;6.31758e-06
2.39251e-05;0.000821261;7.87077e-08;9.0266e-06;0.00120179;4.57786e-05;2.63041e-06;0.993874;0.00341014;4.34409e-07;2.83842e-06;2.07928e-05;0.000249437;0.000338278
1.51206e-05;0.0016751;1.0026e-09;2.89044e-07;3.55118e-06;3.66449e-08;8.47681e-09;0.993232;4.08086e-05;3.32958e-08;6.43785e-07;2.70829e-06;0.00503021;8.25759e-09
4.12638e-05;0.000120776;4.45046e-10;5.03462e-08;4.43796e-06;1.02239e-07;3.63323e-09;0.99934;1.63573e-05;1.15986e-08;2.11753e-07;2.80251e-06;0.000472041;1.59688e-06
1.77272e-07;0.00643259;4.43108e-08;1.39237e-05;1.02694e-07;3.34438e-06;0.00038449;5.11099e-09;4.2809e-08;0.00439022;1.28008e-07;3.54026e-06;1.51582e-07;0.988771
2.42449e-09;2.1676e-10;0.999996;2.43632e-08;5.08156e-11;1.31241e-09;1.33666e-06;1.04115e-10;1.14895e-08;5.73074e-09;1.91848e-06;5.93097e-07;1.8956e-13;9.20192e-11
1.4472e-06;8.23536e-06;1.09695e-10;1.42948e-08;2.65757e-08;4.7139e-08;1.17221e-08;0.999938;9.87045e-06;9.83072e-10;3.9618e-06;4.46814e-08;3.8436e-05;9.53961e-09
1.94424e-06;0.842832;1.59344e-07;3.13555e-06;9.19735e-06;1.33118e-05;7.1934e-05;0.000190063;3.12882e-07;0.00014555;1.7052e-06;5.66886e-06;9.94076e-07;0.156724
2.3946e-09;2.20841e-09;0.999997;1.62739e-09;3.05004e-09;3.76798e-10;4.89651e-09;8.23806e-08;1.61826e-10;6.60089e-10;2.22246e-08;2.69142e-06;5.49437e-11;1.74694e-10
9.68161e-08;0.0187634;4.42427e-07;1.02871e-06;9.00033e-09;2.98018e-08;0.979591;1.72584e-07;1.05159e-06;0.00142982;1.57782e-05;4.15894e-07;2.39099e-06;0.000194009
2.64144e-13;2.74732e-12;1;6.54975e-10;3.3324e-11;1.34083e-10;2.66751e-09;1.59931e-12;2.12128e-12;1.74887e-10;2.94721e-10;4.56252e-10;6.32695e-15;3.78081e-11
2.24922e-07;0.999587;8.56172e-08;6.91589e-06;4.23177e-08;7.05819e-08;3.60194e-05;0.000227052;9.62804e-08;8.0319e-08;1.16948e-05;8.9432e-07;0.000129036;6.50705e-07
4.43844e-05;0.00731771;1.1453e-08;1.06817e-06;1.05728e-06;1.61315e-07;2.89163e-05;0.992185;2.16039e-05;3.81775e-07;7.77234e-05;5.08312e-07;0.000310739;1.0347e-05
7.3909e-06;0.000472589;3.80625e-07;0.000147025;0.000545024;1.00584e-05;6.86539e-07;0.00215398;7.38192e-05;3.5425e-06;0.000424141;0.992115;1.62971e-05;0.00402986
4.44949e-06;0.978741;0.00605741;5.57838e-06;9.91194e-08;2.75709e-08;2.58615e-08;4.56701e-06;3.09613e-08;1.1997e-07;6.21024e-07;3.78044e-05;0.0151422;6.47693e-06
1.93255e-06;0.386613;7.23061e-06;8.29819e-07;0.000170612;9.71965e-05;3.39384e-08;0.0113875;5.25476e-07;1.24587e-07;1.0884e-06;0.558292;0.007936;0.0354923
1.39193e-06;0.0470079;5.2112e-07;1.77083e-06;4.32851e-06;0.000677612;3.0889e-06;9.43665e-05;7.18347e-07;1.78095e-05;1.31397e-05;0.000104528;0.95204;3.23059e-05
4.52834e-06;6.59861e-05;0.963792;2.6971e-05;1.17982e-05;2.78337e-05;1.3742e-07;2.31194e-06;6.82747e-08;9.954e-07;1.12873e-06;0.0358451;0.00016943;5.21757e-05
1.68838e-05;0.950059;2.13675e-07;9.17945e-05;3.38003e-05;4.05355e-05;0.000196818;0.00255375;0.00103981;3.66197e-06;0.00179722;4.99594e-05;0.0439396;0.000176631
1.95303e-05;0.000180354;2.12093e-09;1.17909e-07;4.52018e-07;5.69576e-08;7.20421e-09;0.999061;1.43118e-05;2.65595e-08;1.39333e-06;9.88769e-07;0.000721271;1.54877e-07
1.58335e-06;0.0823136;2.65024e-06;1.42989e-05;2.07724e-07;2.59141e-06;0.00140625;9.74614e-08;1.63822e-07;0.0150368;3.48568e-07;1.62744e-06;1.99842e-07;0.90122
2.58582e-09;5.44931e-11;1;8.63125e-10;4.2416e-11;1.24783e-10;1.01271e-07;3.04366e-11;1.72908e-09;9.21343e-10;2.79402e-08;2.94969e-07;6.82287e-14;3.22869e-11
0.00026039;0.949365;5.62115e-07;1.87842e-05;1.35379e-05;4.04462e-05;0.00250778;0.0239664;0.00114843;2.43194e-05;0.000409924;1.30113e-06;0.0222115;3.14464e-05
1.7918e-05;0.00184194;0.00104883;0.000101918;0.000543329;7.45787e-05;4.05635e-07;5.87929e-06;1.92839e-06;1.00768e-05;9.64759e-06;0.99581;0.000316397;0.000217118
2.57932e-07;0.999865;4.02432e-12;2.72732e-10;1.54561e-10;4.81478e-10;0.000128497;1.79357e-07;1.21845e-08;1.59817e-07;6.5919e-09;9.25301e-12;3.47381e-08;5.85214e-06
5.81423e-09;7.87679e-10;0.99987;1.03227e-09;1.24736e-08;3.48454e-08;3.20513e-08;1.13418e-07;1.92867e-09;1.84313e-09;3.18653e-09;0.000130373;1.06156e-10;2.75019e-10
1.63913e-06;0.100886;7.17449e-08;7.20032e-06;1.71019e-07;2.8812e-06;0.896407;2.84614e-05;0.000678529;0.00174661;3.99781e-05;1.89296e-09;8.62576e-05;0.000114746
8.53255e-10;2.19477e-10;0.999998;7.21308e-09;6.56576e-11;4.52973e-10;1.85453e-06;5.10132e-10;1.07782e-07;6.17918e-09;7.47545e-08;2.70543e-07;3.08857e-13;3.37459e-12
0.000277915;0.127523;9.93868e-06;2.79633e-05;1.0313e-06;4.32181e-06;8.38037e-06;0.0173504;0.000548579;4.34578e-06;0.000228895;0.00957161;0.844437;6.38318e-06
6.34299e-06;0.0290003;2.1424e-08;6.57274e-07;0.000406213;1.66792e-07;2.20119e-07;0.968514;2.91569e-06;1.67408e-06;7.57892e-07;0.000683199;5.35908e-07;0.00138265
3.80815e-06;0.145707;0.850683;5.54401e-05;7.98002e-05;1.8085e-05;1.20678e-06;1.44716e-05;6.57042e-08;0.000102801;5.3553e-07;0.00134024;0.000157188;0.00183712
6.60143e-07;0.000651446;4.65191e-09;7.47848e-08;3.22373e-09;1.095e-06;0.997867;6.64624e-08;3.24152e-05;0.00135552;5.27768e-05;8.88855e-11;1.6708e-05;2.2404e-05
1.19826e-11;3.98516e-13;1;5.94207e-12;4.34939e-12;2.90595e-12;4.99914e-10;8.29302e-12;5.93504e-11;5.72868e-11;5.89033e-11;2.03771e-11;2.44039e-16;4.33013e-15
