9.89728e-05;0.986668;1.03915e-07;3.53828e-06;1.57466e-05;1.44534e-06;6.33408e-06;0.00496725;2.66947e-05;1.06596e-06;1.17755e-05;0.000584833;0.0073461;0.000268439
9.49249e-07;0.990593;8.30527e-09;3.14194e-07;4.58892e-08;4.08146e-08;0.000202108;8.68257e-07;4.42071e-08;5.34883e-05;3.85627e-08;1.64878e-08;3.08705e-07;0.00914901
8.4059e-09;1.02607e-08;0.999995;2.56822e-09;7.5657e-10;5.29278e-11;7.04997e-07;6.299e-10;4.54188e-09;7.20067e-10;4.40458e-08;4.70561e-06;1.11473e-11;7.65553e-10
3.43728e-05;0.183975;1.67543e-05;0.000348649;1.00393e-06;8.33644e-05;0.329302;0.000773115;0.0142376;9.96235e-06;0.19507;1.54254e-06;0.276139;7.15482e-06
1.5599e-05;0.019669;2.3268e-07;3.92566e-07;8.38939e-06;1.91582e-06;7.39362e-08;0.976719;7.34806e-07;4.14757e-07;1.04925e-06;1.57336e-05;0.00354581;2.13573e-05
1.50193e-08;0.00030192;2.42447e-06;1.55295e-07;9.00864e-06;5.54656e-07;7.03397e-10;7.2521e-06;4.92203e-09;1.2215e-08;3.99106e-08;0.999589;7.9296e-06;8.16723e-05
4.28926e-06;0.95734;6.39051e-06;2.3859e-05;0.00107539;9.20221e-05;2.21827e-06;0.0221103;1.32858e-05;1.10079e-05;1.86247e-05;9.77655e-05;0.0186742;0.000530901
0.00018848;0.000692392;7.76932e-05;1.93511e-05;0.903102;0.0248002;1.70161e-07;0.000960529;4.5165e-05;4.9183e-05;2.62319e-06;0.0250372;0.000298902;0.0447263
0.0217617;0.813458;7.74218e-07;1.62485e-05;0.000406891;1.95875e-06;8.6269e-06;0.0938511;0.013949;5.13651e-06;0.000193252;0.000390069;0.055898;5.8924e-05
0.000243168;0.443456;5.05551e-08;5.16689e-07;6.18401e-06;9.0041e-09;2.60725e-07;0.548024;9.85615e-05;1.02662e-07;1.31192e-05;0.00715278;0.0010051;7.13921e-07
2.12307e-07;0.988906;2.33922e-09;9.15263e-07;4.81145e-07;1.7185e-07;0.000659007;1.30346e-05;2.90109e-08;0.000253467;2.57239e-08;7.43408e-07;4.98185e-06;0.0101614
2.60105e-09;3.57999e-09;0.999994;1.3422e-08;1.31357e-09;2.21001e-09;2.47091e-06;1.09676e-09;4.60261e-09;6.21796e-09;1.64553e-07;3.41182e-06;7.41333e-12;6.54572e-11
4.64772e-05;0.0462838;4.26253e-05;0.000366636;1.29974e-06;0.000135328;0.760678;0.00070775;0.0184142;3.69979e-05;0.117818;5.03002e-06;0.0554617;1.15039e-06
6.53071e-05;0.283417;1.43819e-06;1.2879e-05;1.26409e-06;4.13714e-06;1.05767e-05;0.69071;7.21196e-05;2.14545e-06;0.000231594;0.00285751;0.0226094;4.05945e-06
3.72706e-07;0.941549;9.19257e-10;3.43465e-06;1.16821e-06;3.56988e-06;1.79441e-05;1.29766e-05;1.98193e-08;0.000573836;1.66775e-08;4.50805e-06;8.27387e-05;0.0577507
9.97268e-10;1.3323e-10;1;3.14765e-09;8.979e-10;1.40361e-10;5.31137e-08;1.59377e-09;1.23996e-09;3.49455e-08;2.91902e-08;9.00131e-08;3.17361e-12;6.74727e-13
1.31908e-08;4.58572e-06;9.65251e-09;3.12673e-08;3.61652e-10;2.81833e-08;0.999537;2.24149e-10;1.24776e-05;0.000426771;1.90431e-05;1.08521e-12;1.16375e-08;3.08124e-07
6.34045e-11;2.95486e-12;1;3.30833e-11;5.21028e-12;2.97463e-12;2.78335e-08;7.6459e-11;2.64934e-09;4.20386e-10;4.43301e-09;8.01789e-11;2.77614e-15;6.40657e-15
