3.66076e-05;0.996467;0.000117692;0.000179193;7.23218e-06;1.89657e-06;2.23043e-06;0.00133657;8.97044e-06;3.41702e-06;8.16959e-06;0.001404;0.000424817;2.00231e-06
1.08556e-05;0.000239734;3.76467e-10;4.70439e-08;8.59828e-07;6.38461e-09;9.23835e-08;0.999727;1.60073e-05;6.26097e-08;5.4908e-07;1.02326e-08;4.65908e-07;4.34515e-06
0.00050551;0.962893;0.000149119;2.65425e-05;5.66914e-06;3.33043e-06;0.0190333;0.000647402;0.000512158;0.00128113;3.05558e-05;0.0104776;3.46896e-06;0.0044308
2.03433e-07;3.7464e-07;0.999963;2.00997e-08;5.15581e-08;1.55177e-09;4.78878e-07;4.13626e-06;4.76218e-07;1.98988e-09;1.2036e-06;3.00879e-05;1.12319e-08;6.25013e-11
3.14489e-09;0.999971;3.0097e-10;1.44614e-09;4.21748e-11;2.28822e-10;1.9092e-05;1.89877e-08;5.34725e-10;6.17003e-08;4.67348e-09;1.6642e-09;1.01663e-06;9.15823e-06
7.38633e-14;6.47968e-11;1;9.37367e-12;4.80071e-11;9.39897e-13;1.54849e-12;1.57354e-11;1.0233e-15;5.75508e-13;1.01822e-13;4.55132e-08;8.06105e-16;5.50945e-12
1.5862e-07;0.994224;1.67568e-08;1.19418e-05;1.57627e-05;5.67246e-05;9.01347e-06;0.00319492;3.19852e-07;1.14273e-07;2.23954e-05;1.0613e-05;0.00241252;4.10817e-05
1.50516e-07;0.997017;8.54587e-10;2.78299e-07;2.02659e-08;2.12253e-07;2.88555e-06;0.000345198;3.39919e-09;2.94777e-07;7.98055e-07;4.31812e-06;0.00262245;6.72422e-06
1.43359e-09;2.52835e-08;0.999999;2.32308e-09;2.08874e-09;1.60538e-09;1.12686e-10;2.59812e-07;3.90728e-11;2.55318e-11;6.65086e-10;4.52941e-07;1.3808e-08;1.62628e-10
2.8451e-08;6.35513e-05;5.76722e-05;1.10429e-06;1.32681e-06;4.7755e-08;2.82446e-07;2.552e-05;1.04648e-08;1.69373e-07;2.55049e-08;9.48856e-05;3.3195e-06;0.999752
3.63406e-07;4.2867e-05;2.81212e-10;6.33075e-08;0.0020695;1.91192e-05;2.76476e-07;0.997856;7.10798e-06;1.52432e-08;9.55888e-07;5.8892e-08;1.24175e-06;1.93365e-06
2.97004e-09;3.2063e-06;0.999675;3.84157e-08;8.87144e-06;9.44313e-08;2.22111e-12;1.94735e-08;1.56597e-12;1.77839e-10;9.79152e-11;0.000312439;2.38775e-08;1.70985e-07
3.2494e-08;0.998859;1.72244e-10;9.9548e-08;3.30631e-07;4.98796e-08;2.81036e-07;0.000133367;6.85465e-07;6.07851e-10;2.83621e-06;2.68077e-05;0.000976477;5.01306e-08
2.93791e-09;0.0018969;8.43458e-08;4.65761e-08;1.61768e-07;5.41144e-07;1.17783e-10;1.02118e-07;1.09895e-11;1.64918e-09;4.9105e-10;2.89017e-09;0.998102;2.37032e-07
4.32912e-08;0.0011733;3.08593e-05;1.82947e-07;2.27729e-06;5.52021e-07;3.30945e-09;3.4813e-06;8.99728e-09;1.86585e-09;8.39604e-08;0.998054;0.000681669;5.36582e-05
6.393e-07;0.00603952;1.10615e-06;1.43868e-08;0.0001258;1.54297e-05;2.61855e-09;0.993559;6.14213e-09;4.08653e-09;3.12305e-09;2.83098e-06;0.000218303;3.73065e-05
2.93644e-08;8.66755e-05;2.33377e-09;6.58105e-09;5.29203e-09;1.17552e-05;4.12346e-08;3.26419e-07;2.07275e-07;4.18227e-09;1.65833e-07;1.73864e-07;0.9999;5.8597e-07
9.38931e-07;0.000294658;0.999506;6.64387e-07;3.74937e-07;2.62013e-07;2.82396e-09;1.61087e-06;2.49635e-09;4.90991e-08;2.76988e-09;0.000188839;4.01327e-07;5.98346e-06
2.35468e-07;0.998808;1.13331e-08;3.63587e-07;5.35874e-06;9.42063e-07;6.98561e-07;0.000734078;2.05142e-06;5.39711e-08;9.86943e-07;5.89938e-07;0.000393189;5.35334e-05
1.07988e-05;0.00108829;5.27705e-07;4.09478e-06;0.000233696;5.97825e-06;6.38625e-07;0.993515;6.48466e-05;2.38678e-06;8.57691e-05;0.000735727;0.00424875;3.81509e-06
1.51829e-06;1.97235e-05;0.99981;2.55195e-06;4.16679e-05;1.57753e-07;8.40031e-06;1.85155e-06;3.29253e-08;6.96175e-06;3.34236e-06;9.6521e-05;3.12233e-07;6.41644e-06
0.000368245;0.995795;1.91447e-05;3.32111e-05;3.24114e-05;4.61096e-07;0.00158852;0.00107532;7.84603e-05;0.000580456;0.000206082;2.3877e-05;0.000139264;5.99302e-05
1.35488e-06;2.72398e-07;0.999983;7.1173e-10;8.65129e-09;1.4307e-12;2.5062e-06;8.04844e-06;7.42028e-07;2.27432e-09;2.10018e-07;4.18752e-06;1.68478e-10;5.14221e-11
3.19476e-05;0.00025733;8.56804e-09;1.59095e-08;1.12373e-05;1.31086e-07;8.57873e-07;0.998666;0.000903186;1.70381e-08;1.91729e-06;7.68222e-06;0.000113765;5.52292e-06
2.79276e-06;0.989767;2.35724e-08;5.10398e-07;3.37038e-07;5.00871e-07;0.00437533;0.00410051;9.69602e-05;0.000243852;1.0202e-06;3.60898e-09;2.21722e-05;0.00138905
1.1897e-09;5.8976e-10;0.999998;1.82545e-08;1.6083e-08;7.36616e-09;2.6606e-08;2.71849e-08;2.21902e-08;1.88483e-08;1.18803e-08;2.08582e-06;1.75422e-12;2.4585e-09
2.49265e-05;0.960037;4.77249e-08;4.64263e-06;6.25551e-06;6.36527e-07;3.15158e-06;0.0391007;6.20715e-05;1.09813e-06;5.91004e-06;0.000329019;0.000404151;2.02577e-05
1.86167e-05;0.00743187;3.32951e-06;1.41057e-06;4.12002e-06;7.73725e-07;9.857e-07;0.0112365;1.16551e-05;2.74724e-07;1.65316e-06;0.00216144;0.979125;2.37255e-06
0.00310157;0.00288585;0.0374206;0.00244193;0.00762112;0.00514674;0.000701896;0.0516899;0.00453122;0.000248526;0.00411871;0.866412;0.00594544;0.00773429
8.86678e-05;0.989282;3.19446e-07;3.32283e-06;4.41667e-07;1.94917e-06;2.01109e-06;0.00219631;0.000156891;9.07459e-08;3.69656e-05;4.35368e-05;0.00817473;1.32482e-05
3.30268e-06;0.815999;2.34426e-09;5.10914e-06;2.08182e-06;6.70135e-07;2.4212e-05;1.6902e-05;5.8581e-07;0.000446891;2.77308e-08;1.89173e-07;6.34675e-07;0.1835
3.1695e-10;1.09868e-11;1;2.1955e-10;4.67987e-10;1.99343e-10;3.21571e-11;3.94856e-09;1.59369e-10;1.16704e-11;1.55742e-09;3.49657e-07;7.27441e-12;2.34159e-13
0.00207663;0.110413;2.54487e-05;0.000965428;7.61159e-05;0.000385872;0.000825271;0.0730509;0.188873;0.000200697;0.548817;0.00545362;0.0677819;0.00105508
1.34014e-05;0.997778;1.23189e-05;9.90765e-07;2.89141e-08;1.84038e-08;1.66292e-06;0.000174532;1.9237e-05;7.12869e-08;8.54868e-05;0.00177522;0.000138522;1.2367e-07
6.39538e-08;0.999558;1.78532e-11;5.96455e-07;6.91221e-05;7.02537e-09;8.06682e-08;0.00027966;1.79629e-07;1.40822e-06;1.57916e-07;3.60502e-05;1.05211e-06;5.39104e-05
9.22159e-06;0.000803478;0.00166434;5.11735e-05;0.000351091;0.000737651;1.39363e-07;2.29174e-05;1.32954e-06;8.34893e-06;1.25936e-05;0.99593;0.000139798;0.000267672
0.000134891;0.0545013;6.19266e-11;1.17496e-05;0.000127796;6.55614e-05;2.98769e-05;0.00262034;0.000195823;6.79816e-07;0.00611516;0.000375189;0.935788;3.37322e-05
0.000146627;0.0182757;5.78203e-06;1.83508e-05;3.82362e-05;2.03233e-05;7.70569e-07;0.00516499;3.28732e-05;2.85889e-06;4.70532e-05;0.965822;0.00952067;0.000903943
2.52401e-05;0.785866;5.4177e-08;2.26107e-05;4.07679e-05;3.6007e-06;4.91781e-06;0.00972344;6.73877e-06;1.55828e-06;3.73592e-05;0.0118539;0.191791;0.000623069
0.000373497;0.18449;2.19595e-08;0.0016576;0.0013595;0.00108654;4.35259e-05;0.0204447;0.00385854;7.05246e-05;0.00244756;0.377607;0.0840743;0.322486
0.00101897;0.592752;0.000215607;0.00200639;0.0122697;0.00190302;0.000157678;0.180813;0.00217858;3.96621e-05;0.0111373;0.126366;0.00261982;0.0665222
2.24025e-05;0.994942;9.5359e-09;5.78411e-05;7.64308e-05;6.479e-05;8.49891e-06;0.000234161;3.06422e-05;8.78676e-06;9.86293e-05;0.000498702;0.00217014;0.00178711
7.8396e-05;0.000763908;1.55056e-06;2.33538e-05;0.759431;0.0800083;7.47963e-07;0.012325;3.48933e-05;1.2347e-05;3.08479e-06;0.00167438;0.00135316;0.14429
3.98476e-05;0.00967173;2.08528e-10;1.27036e-06;2.81641e-05;4.77102e-06;5.07587e-07;0.0011231;5.13185e-05;1.48641e-07;2.98767e-05;0.000273601;0.988774;1.73438e-06
8.02644e-05;0.00107855;1.30793e-05;1.69303e-05;1.08863e-05;4.80239e-06;1.45919e-07;5.29865e-05;0.000194898;1.55844e-06;3.73226e-05;0.997638;0.000865876;4.7647e-06
2.19545e-05;0.990424;1.85042e-06;5.93397e-07;7.30477e-08;5.30088e-09;8.09425e-07;0.00360676;6.93136e-05;1.02684e-07;2.69447e-05;0.00566328;0.000184589;5.57297e-09
2.71854e-06;0.991015;1.49718e-07;0.000100135;0.000144434;1.04922e-05;2.13693e-05;0.00014714;4.15734e-06;0.00112769;5.48964e-06;0.00040524;9.9485e-05;0.00691623
3.06401e-05;0.000101788;0.999366;8.92603e-06;1.51302e-06;4.99988e-06;3.99577e-05;6.17198e-06;1.11422e-05;3.28339e-06;0.000148362;8.65641e-05;0.00018848;2.1378e-06
1.77547e-05;0.983297;1.35456e-08;8.5898e-07;1.63119e-05;1.57462e-06;9.24472e-07;0.00123006;5.03925e-05;2.44526e-07;2.22309e-05;0.00033263;0.0150214;8.29745e-06
0.000142706;0.000628483;2.44444e-05;3.18909e-06;0.00019496;6.24055e-07;2.45387e-07;7.80962e-05;3.66969e-05;1.9667e-06;7.40683e-07;0.997723;0.000889257;0.000275529
0.000382816;0.0028475;6.96996e-06;1.40772e-06;0.000353487;8.14208e-06;1.32339e-05;0.979603;0.0159408;1.05529e-06;0.000127983;4.12257e-06;0.0006617;4.75988e-05
1.58968e-06;0.00545266;2.50981e-09;1.9552e-08;2.61661e-06;6.64957e-07;4.16213e-08;0.992249;1.50983e-06;2.41814e-07;2.20518e-08;1.2455e-09;0.00229121;6.92211e-07
2.14309e-08;7.13355e-08;0.999999;2.70132e-08;3.97255e-08;2.10654e-08;4.31892e-09;1.44212e-07;1.34884e-08;1.1495e-08;4.3176e-09;7.10522e-07;2.17097e-09;1.97921e-09
9.10624e-05;0.0411125;0.745378;0.000713711;5.28437e-05;8.54049e-05;3.62917e-05;0.138688;0.000157618;5.56976e-05;8.96029e-05;0.0708421;0.00127265;0.00142455
1.62791e-05;0.0169513;2.23797e-07;9.97541e-05;0.0154121;0.00955772;3.03488e-07;9.63183e-05;1.24266e-05;1.25828e-05;0.000113682;0.00233033;0.000112803;0.955284
7.51792e-08;0.000245587;9.86765e-07;6.1352e-08;4.2477e-06;2.06116e-07;9.66083e-11;9.9174e-06;8.65243e-10;1.47935e-09;4.83278e-07;0.999714;2.14655e-05;3.18686e-06
4.16076e-08;0.997128;2.65657e-08;1.13257e-08;8.0066e-10;7.20134e-08;1.03086e-06;4.53687e-10;7.42476e-10;6.04936e-08;5.93461e-09;2.51375e-07;6.14241e-05;0.0028092
2.55167e-05;0.224535;3.61407e-07;1.7863e-05;8.03758e-05;0.000127981;0.00258753;0.194318;0.000743885;1.3789e-06;0.000605343;2.19156e-05;0.576934;4.82457e-07
2.5018e-07;0.999561;6.71676e-09;5.674e-09;1.1805e-08;1.01802e-07;1.53986e-08;8.00325e-06;1.10903e-10;1.55194e-08;5.41383e-10;9.78479e-05;0.000331934;4.41769e-07
1.88031e-07;0.00148822;0.000237627;3.3355e-05;0.000701802;0.00375366;1.35701e-07;0.000110036;2.78618e-08;7.61465e-07;1.88538e-07;0.440437;5.73109e-05;0.55318
1.02128e-06;0.00131185;1.07607e-08;9.53282e-07;1.70431e-07;1.66851e-07;2.99501e-07;0.00191297;9.98183e-07;8.6874e-09;2.89383e-05;3.3854e-06;0.996739;1.09612e-07
0.00028637;0.436526;1.66181e-05;9.21276e-06;1.68755e-05;0.000129336;2.50642e-06;0.0773365;6.84338e-06;4.52053e-06;5.97926e-06;0.4005;0.0710422;0.0141173
1.48227e-05;0.374853;1.52653e-05;0.000349915;0.000243339;0.000260065;5.47143e-06;0.240667;0.000135609;5.67551e-06;0.000568061;0.249096;0.133134;0.00065186
3.32652e-06;0.0907433;6.17548e-06;1.73092e-05;1.07369e-06;7.59323e-08;1.14467e-07;0.0478839;1.15152e-06;5.25919e-08;0.000118582;0.859248;0.00197684;1.68872e-07
0.000463232;0.847415;0.00116262;0.00152488;0.00135796;0.000103444;0.000195728;0.0739271;0.000230345;0.000185124;0.000942463;0.0142397;0.0575659;0.000686274
0.00132617;0.260092;2.14613e-07;0.0190766;0.000715209;0.000249101;0.000391486;0.194923;0.0917773;0.000207755;0.270123;0.0421894;0.116721;0.00220718
0.000976168;0.0686982;4.6254e-06;3.83161e-07;7.45876e-05;1.66154e-06;2.21148e-07;0.91797;1.80279e-06;2.63325e-06;2.70088e-06;0.000135713;0.0120651;6.58224e-05
2.80406e-07;0.00389219;5.7471e-06;5.97312e-07;8.10288e-05;8.40482e-06;2.19895e-08;0.000308469;2.73125e-07;2.07445e-07;2.11546e-07;0.99477;3.09086e-05;0.000902136
1.8183e-06;0.0216783;5.95966e-10;3.62297e-06;3.92999e-05;2.32633e-06;7.83214e-07;0.00104076;2.22866e-06;8.7355e-07;9.99212e-06;4.4685e-05;0.977174;1.3099e-06
0.0005945;0.0283813;0.00074214;7.93647e-06;3.43532e-05;7.32413e-06;1.5704e-06;0.000165705;2.75988e-05;3.22751e-06;4.67178e-06;0.961292;0.00872276;1.4585e-05
0.000374493;0.0735169;1.95258e-07;6.52084e-05;9.31067e-05;0.000164646;1.54952e-05;0.0828434;0.00810343;2.59646e-06;0.000775421;0.00100317;0.833041;7.93225e-07
0.00978158;0.130923;0.211087;0.00587997;0.0270189;9.41022e-05;3.53432e-05;0.113395;4.82522e-05;0.0013042;8.88119e-05;0.470272;0.00049148;0.0295802
5.012e-06;0.051158;1.85368e-09;3.10591e-06;5.9695e-08;3.9953e-07;0.947355;1.56633e-05;8.32156e-05;0.0007346;0.000327617;7.10181e-11;0.000314261;3.08307e-06
2.48659e-09;8.58094e-09;1;1.93319e-09;8.6645e-10;8.70538e-10;2.90208e-08;5.54051e-09;1.37977e-09;5.13842e-09;2.64735e-08;7.11094e-09;4.97767e-12;7.28873e-12
0.000105913;0.00432714;8.09486e-07;7.51788e-06;0.00529191;2.28694e-05;1.5961e-07;0.970887;0.00170797;3.56303e-07;0.000617598;0.0144101;0.00259094;2.96252e-05
0.000140734;0.923754;2.43166e-06;1.73004e-05;0.000281066;7.73767e-05;2.38605e-06;0.0480527;0.000131916;1.06507e-05;6.99553e-05;0.0155143;0.00351001;0.00843487
0.000110072;0.993043;1.52423e-09;3.10135e-07;2.27161e-07;1.09862e-07;0.00081953;0.00566933;3.41127e-05;8.05865e-06;5.07215e-05;1.8344e-07;0.000239337;2.5113e-05
1.94317e-08;6.96327e-10;1;4.80696e-09;8.63126e-09;4.20812e-10;3.54596e-09;1.41008e-08;2.83988e-08;4.46204e-10;2.66113e-08;2.99505e-07;1.41615e-10;2.0135e-11
6.87441e-07;0.987978;3.68234e-07;1.31379e-06;1.21444e-07;6.9413e-09;5.1802e-05;4.63484e-05;1.09837e-05;1.46857e-05;7.18707e-07;6.86773e-06;8.60597e-07;0.0118875
0.00017385;0.00693804;4.60041e-05;8.92119e-05;4.32684e-05;0.000490357;0.2354;0.00160174;0.25286;2.88172e-05;0.488669;1.86437e-05;0.0136258;1.48157e-05
0.000121146;0.0920008;1.36241e-08;1.29334e-05;7.09465e-05;0.00034121;4.06343e-07;0.0149329;8.65414e-05;1.63927e-07;2.30806e-05;0.112401;0.779937;7.22671e-05
5.35488e-05;0.394372;4.89016e-05;2.26064e-06;0.000266989;9.67521e-06;1.74821e-08;0.0204639;1.03057e-07;3.06395e-07;2.45488e-08;0.00219556;0.000597823;0.581989
9.49811e-06;0.98858;1.15394e-07;1.16127e-06;4.57263e-06;3.13347e-06;0.00509958;0.00227886;5.60979e-06;0.00103053;3.29348e-06;7.18175e-07;0.000539012;0.00244419
2.23251e-11;4.27521e-10;1;9.73252e-11;2.36017e-11;5.94058e-11;2.7864e-10;4.63619e-09;1.0965e-11;5.55155e-11;3.44403e-11;1.30345e-07;3.84674e-13;1.39388e-11
0.000873427;0.349207;9.06878e-05;0.00281621;0.00398004;0.00159198;0.00166636;0.263366;0.0337486;9.42563e-05;0.268064;0.0192508;0.0517824;0.00346881
3.32567e-05;0.00779432;1.93578e-08;4.44515e-08;1.33793e-05;7.78807e-07;3.6108e-07;0.990839;1.25197e-06;1.37267e-07;9.84078e-07;4.21407e-06;0.00130315;8.61417e-06
4.00717e-07;0.0021427;1.24889e-05;6.12843e-06;3.88807e-05;8.41155e-06;5.95112e-08;6.84877e-05;4.85019e-06;1.10698e-06;4.57369e-06;0.994698;1.98729e-05;0.0029945
3.78359e-06;0.991163;1.14466e-07;1.04189e-06;5.66902e-05;1.17089e-06;3.84022e-08;0.00425223;4.0534e-06;1.11517e-07;9.83689e-07;0.0001088;0.00440552;2.46778e-06
0.000303918;0.00253759;3.22366e-05;9.61495e-08;1.69756e-05;3.89347e-09;1.04752e-07;0.00101089;8.28101e-06;9.13073e-08;1.59248e-06;0.995893;0.000195351;3.30395e-07
0.00012924;0.000830361;1.04042e-06;8.18033e-07;0.000923332;2.30147e-06;3.49183e-07;0.996263;0.000866732;8.16669e-07;9.67332e-07;0.000160406;0.00080851;1.17684e-05
1.25331e-05;0.00154902;5.20777e-10;1.85001e-07;1.75163e-06;1.6076e-08;1.59144e-08;0.994788;0.000504933;5.02007e-08;7.78386e-07;2.28595e-06;0.00314032;2.4086e-08
6.46903e-06;0.999839;1.78542e-07;1.12792e-05;3.0456e-07;1.29619e-07;2.13157e-07;8.03801e-05;1.10577e-06;1.13939e-06;1.79035e-07;4.01006e-05;1.01619e-05;9.23068e-06
4.32716e-06;0.94892;1.13075e-07;5.67867e-06;9.27905e-08;2.38511e-06;2.94654e-05;1.20394e-05;2.50501e-06;2.81338e-06;1.71847e-06;0.000699701;0.0503125;6.42656e-06
7.58956e-06;0.00123763;2.02907e-06;3.83383e-05;0.000392982;5.68571e-05;2.96562e-07;0.002007;5.6315e-05;4.68445e-07;2.08558e-05;0.995972;7.88576e-05;0.000128668
3.11237e-05;0.950139;1.86578e-09;0.000635971;0.000802282;0.000116985;5.44974e-06;0.0326244;0.00054687;2.73525e-05;0.0008872;0.00596387;0.0063348;0.00188483
0.000270832;0.406146;6.50249e-05;0.000420683;1.23674e-05;9.93018e-06;0.000282762;0.00310796;0.00701056;5.00213e-06;0.0671079;0.489101;0.0264558;4.82401e-06
0.00092793;0.919142;4.51888e-07;0.000140354;0.000289411;0.000118848;5.78606e-06;0.00424494;0.00152803;6.84663e-06;0.00116637;0.0130309;0.0584979;0.000899891
4.71833e-05;0.994181;6.60656e-06;5.33204e-08;6.58802e-07;1.46858e-07;4.6403e-07;8.89508e-05;1.77233e-07;8.48166e-08;1.84552e-07;0.00526754;0.000404793;2.60803e-06
7.90014e-07;0.0235952;1.44574e-05;7.36e-06;0.000272796;0.000458413;3.35579e-07;0.000548388;1.50674e-06;6.94746e-07;2.55222e-06;0.0659431;8.04902e-06;0.909146
2.40039e-06;0.0132147;6.96055e-08;1.88579e-06;9.11067e-08;1.80505e-07;1.71418e-06;0.000372207;7.96892e-06;2.69802e-08;5.48047e-05;7.93824e-06;0.986336;1.58672e-08
1.05347e-07;0.997095;8.84087e-08;1.01284e-06;3.19009e-09;3.57345e-07;5.15307e-08;4.33015e-06;1.50336e-07;3.3667e-08;6.63546e-08;0.00260061;0.00029839;3.84519e-07
7.14719e-06;0.011934;6.02415e-08;0.00221127;2.58772e-06;0.000908542;4.18349e-05;0.00289713;4.78143e-05;7.86688e-05;0.00064842;0.00119815;0.980011;1.33929e-05
1.08089e-05;0.000309241;0.987008;0.00577916;1.09752e-06;1.1554e-06;9.30209e-06;1.13831e-06;1.51557e-06;8.70743e-06;0.00033165;0.00653243;3.05721e-06;3.26009e-06
3.24688e-05;0.00122235;5.02006e-06;0.00247554;1.00705e-07;1.53433e-06;0.00433321;6.02708e-06;0.00905264;7.18236e-05;0.982374;0.000100543;0.000323506;8.60351e-07
4.76895e-05;0.981219;8.75127e-07;0.0010088;3.75459e-05;2.32388e-05;0.00022201;8.92471e-06;1.1841e-05;0.00031653;0.000110332;9.30463e-07;2.45438e-05;0.0169675
1.98844e-06;0.000129377;0.000108016;1.626e-06;0.00022406;5.46233e-08;5.57167e-08;0.999507;2.12007e-06;2.72183e-06;4.96454e-07;2.0859e-05;1.55502e-06;7.10205e-08
1.02351e-07;1.34866e-05;0.999975;8.3726e-06;1.15921e-07;3.83918e-07;1.0356e-07;2.10934e-08;1.67058e-07;7.03048e-07;9.14357e-07;1.15897e-08;3.96256e-10;4.3954e-07
0.000303362;0.000186077;2.90772e-05;2.12123e-05;3.81489e-07;3.68239e-06;0.000490916;5.54662e-05;0.0385171;1.26611e-05;0.95988;4.24228e-06;0.000494681;7.4612e-07
