7.02419e-05;0.972839;2.12838e-07;1.87601e-07;3.79367e-06;3.04744e-07;8.67924e-07;0.0243743;1.19484e-06;4.32015e-07;6.65348e-07;1.833e-05;0.00264024;5.08042e-05
1.82483e-08;0.000157209;3.2988e-07;4.45162e-08;1.57272e-06;4.92891e-08;2.67362e-09;4.62972e-06;2.9264e-08;4.69828e-09;1.29045e-07;0.999831;1.91566e-06;2.92239e-06
1.10454e-06;0.998417;1.13594e-09;5.92081e-08;2.37569e-06;3.78111e-08;0.000508854;0.00049794;3.23457e-08;1.95755e-05;7.77457e-08;1.60876e-08;0.000495871;5.6557e-05
4.26243e-08;2.52699e-09;0.999996;4.202e-10;2.3511e-07;9.35881e-09;1.97028e-09;7.08739e-09;1.53775e-10;3.54341e-10;3.07995e-11;3.42244e-06;3.05397e-11;4.07922e-10
0.000231699;0.957165;1.42983e-06;0.000174793;0.00115604;1.92052e-05;0.00883211;0.00474304;0.0236561;2.80178e-05;0.000246701;0.000862827;0.0026897;0.000193784
9.1956e-05;0.199829;0.00387862;0.000182928;0.000180138;3.98171e-05;9.13797e-07;0.000228157;1.07053e-05;4.14723e-06;1.8691e-05;0.0289653;0.766491;7.86066e-05
1.08954e-05;0.00665252;1.5388e-09;5.95139e-06;6.27423e-05;3.98079e-06;6.49832e-06;0.944822;0.000812699;3.92735e-06;7.36437e-05;0.0465289;0.00101046;5.54213e-06
2.21737e-05;0.155169;0.775348;0.000945607;0.0017046;0.0031283;8.43474e-06;2.87023e-05;7.04376e-07;9.86487e-05;1.67561e-05;0.00363286;0.0597216;0.000174515
0.000256254;0.011017;3.76893e-07;3.27991e-06;3.92099e-06;3.38243e-05;0.000291301;9.11762e-05;0.000665311;1.30244e-06;0.00282346;0.000100914;0.984668;4.41164e-05
0.000166109;0.207575;0.000166804;1.07388e-05;3.51051e-05;2.06138e-05;9.78625e-06;0.026907;3.73154e-05;4.28394e-06;3.13096e-05;0.502671;0.262253;0.000111624
0.00100164;0.198763;3.21486e-05;0.00553349;0.0245484;0.0350989;9.50265e-05;0.182856;0.00733598;0.00421753;0.000876846;0.248152;0.259817;0.0316723
0.00214346;0.451243;0.000899684;0.000118366;3.73413e-05;0.00414977;0.0661036;0.011741;0.00160659;0.00912399;0.00122262;2.73414e-06;0.451068;0.0005394
4.20395e-09;1.5736e-10;1;8.89034e-10;6.78977e-11;1.84058e-10;2.15713e-08;2.78319e-10;1.91638e-08;2.04261e-10;2.87264e-08;1.66286e-08;1.66564e-10;4.50203e-13
3.99262e-05;0.0377615;0.00183704;4.25816e-05;3.33194e-05;1.13727e-05;5.68795e-06;0.0237468;0.0237309;4.17323e-06;0.000783472;0.911665;0.00032049;1.79276e-05
3.90896e-07;1.508e-05;0.999916;4.54546e-08;3.30423e-05;5.6943e-06;7.47118e-08;1.37646e-06;9.50367e-08;2.40047e-08;9.87641e-08;1.63854e-05;2.19047e-06;9.6248e-06
8.7188e-06;0.0654452;1.16192e-06;5.67611e-08;0.00706463;1.17769e-06;8.7329e-10;0.92659;8.57076e-07;4.58125e-09;1.08871e-08;0.000426265;0.000374405;8.75699e-05
6.82923e-07;0.978291;7.4712e-10;1.39205e-07;8.77636e-06;4.66919e-08;5.71217e-07;0.000980612;7.831e-07;1.53015e-06;7.32277e-09;1.62116e-05;6.68469e-06;0.0206933
9.2399e-05;0.0174477;3.94111e-05;1.79976e-05;3.43343e-05;9.44632e-06;0.000521793;0.951962;0.000667776;2.1495e-06;2.2202e-05;3.30727e-05;0.0291493;3.63145e-07
7.04546e-06;0.573796;8.56995e-07;1.79722e-05;4.39324e-06;6.23348e-06;1.04581e-06;0.026354;7.90345e-06;8.13799e-07;6.3149e-06;0.0579733;0.341823;1.35205e-06
0.000108092;0.202736;0.000261304;0.000442008;0.0484356;0.00178714;1.97623e-06;0.0506377;4.09181e-06;0.000153723;3.26067e-06;0.0877393;0.156793;0.450897
0.0025137;0.12099;0.00218566;0.0297023;0.0242153;0.019219;0.0480721;0.00122044;0.00816656;0.00128783;0.0826408;0.191089;0.17323;0.295468
0.000104851;0.858748;1.69665e-08;1.81391e-05;1.1966e-05;0.000105579;1.23873e-05;0.103305;1.75145e-05;5.24166e-06;2.38314e-05;0.000180175;0.0336064;0.00386017
0.000137471;0.00284784;4.33973e-07;1.53629e-05;1.02853e-05;2.51591e-06;4.25436e-06;0.0243158;6.0977e-05;1.15747e-06;0.00011429;0.00556;0.966925;4.45342e-06
0.000271808;0.312675;8.14541e-09;8.127e-05;0.000764593;3.6964e-07;1.71598e-05;0.683412;0.000867249;1.57041e-05;2.48885e-05;6.85704e-05;0.000714662;0.00108694
3.26906e-05;0.112045;0.842103;0.000288684;0.000211157;6.87866e-06;5.02421e-06;4.3542e-05;4.46157e-07;3.28578e-05;1.79738e-05;0.00705838;0.0381019;5.27707e-05
0.000193534;0.399825;8.06202e-06;3.38354e-06;0.000161649;8.30975e-06;1.03701e-05;0.190915;2.97386e-05;6.46324e-07;0.000348937;0.310253;0.0981967;4.55918e-05
0.000698623;0.0455777;7.79559e-05;0.000994843;0.0191365;0.00283668;0.000637367;0.0502874;0.000785202;0.0015901;0.000758055;0.79542;0.0315116;0.0496884
0.0108427;0.449107;0.000135814;3.68606e-05;9.78407e-05;8.47273e-05;0.000259926;0.0777061;0.00295972;1.47414e-05;0.000246324;0.00560134;0.45281;9.68931e-05
5.53541e-05;0.00987376;6.13078e-09;3.39308e-06;3.21931e-06;5.09619e-07;3.06879e-06;0.042064;0.00140379;6.76244e-07;7.85801e-05;3.11514e-05;0.946481;1.70404e-06
7.34947e-05;0.997934;1.6077e-05;8.04785e-05;2.80597e-06;4.67524e-07;5.52274e-07;0.000141384;1.73644e-05;1.23421e-06;1.27299e-06;0.00165685;4.29491e-05;3.14732e-05
5.59345e-05;0.94359;2.62825e-08;4.69409e-07;3.96525e-06;4.11705e-07;8.99919e-07;0.0549842;3.39114e-06;8.5592e-07;8.51246e-07;7.12556e-06;0.00120045;0.000150989
1.67799e-08;9.98165e-05;9.34673e-07;6.21162e-08;2.06769e-06;6.28238e-08;5.38843e-09;2.53327e-06;4.70269e-08;7.61381e-09;2.65821e-07;0.99989;3.54001e-07;3.92209e-06
3.7312e-06;0.997557;5.3542e-10;5.77678e-08;6.75496e-07;1.86369e-08;0.00104591;0.000746072;3.29473e-07;1.47346e-05;1.56299e-07;1.32687e-08;0.000597486;3.36638e-05
8.86436e-09;1.34048e-09;0.999998;1.16398e-10;2.09562e-08;1.75557e-09;5.17245e-10;9.67589e-10;7.36438e-11;1.37846e-10;8.63206e-12;1.87215e-06;1.0967e-11;7.18838e-11
0.000193491;0.938892;4.62243e-06;0.000325314;0.00095804;2.76309e-05;0.0133926;0.0106706;0.0286413;4.89496e-05;0.000515896;0.00231621;0.00382254;0.000190653
4.2785e-05;0.162337;0.0037121;0.000239973;0.000217268;7.53568e-05;6.24226e-07;0.000122666;2.59747e-06;4.60826e-06;1.5061e-05;0.0284461;0.804653;0.000130768
6.86939e-06;0.00865532;1.49629e-09;5.51084e-06;4.92066e-05;2.84141e-06;5.17695e-06;0.930311;0.000251349;2.89784e-06;6.01822e-05;0.0598992;0.000745456;5.24749e-06
1.38192e-05;0.228068;0.734307;0.000780005;0.00127777;0.00178466;8.82962e-06;1.78836e-05;2.91101e-07;8.07407e-05;1.14957e-05;0.00240623;0.030931;0.000312207
0.000255089;0.0144023;6.15882e-07;3.97748e-06;7.09065e-06;5.59828e-05;0.000260741;0.000137483;0.000715746;1.35247e-06;0.00430896;0.000270239;0.979528;5.2041e-05
0.000199206;0.239435;8.73939e-05;1.11445e-05;3.14906e-05;1.30127e-05;2.19761e-05;0.0411692;7.35004e-05;4.68979e-06;5.75595e-05;0.431672;0.287176;4.85276e-05
0.00114879;0.155562;5.60997e-05;0.00775622;0.00900962;0.0145799;0.000232176;0.172311;0.0105715;0.00627887;0.00123682;0.26375;0.342392;0.0151145
0.00137128;0.915586;0.000157325;0.000128595;1.74546e-05;0.000637822;0.0346439;0.00526312;0.0010875;0.00639491;0.000571514;3.10914e-06;0.0330728;0.00106443
1.57755e-08;1.72112e-09;1;1.28124e-09;2.89912e-10;1.11943e-10;1.0206e-08;2.0569e-09;2.10966e-08;1.98016e-10;2.61115e-08;8.55895e-09;2.07904e-10;2.53114e-12
0.000109927;0.142225;0.825052;2.28823e-06;6.8767e-06;5.58207e-06;1.32404e-05;0.0273672;8.47783e-05;5.15119e-06;2.05825e-06;0.00443114;0.000547705;0.000147183
0.000217026;0.0309731;4.71691e-05;1.23925e-05;0.0554854;0.841144;1.59202e-05;0.000809147;0.000605477;5.48974e-05;3.21555e-05;0.000674739;0.0184133;0.0515151
1.94424e-05;0.00246336;1.06957e-06;2.00715e-06;0.00984747;1.79878e-05;4.56075e-07;0.00249378;7.9978e-05;2.9395e-07;8.21026e-06;0.982887;0.00181817;0.000361175
2.87404e-05;0.989732;0.0029579;1.65303e-05;0.00125871;6.15132e-05;0.00012229;0.000198818;1.73106e-07;0.00055936;1.16834e-07;4.46116e-06;8.81328e-05;0.00497108
7.96747e-09;1.72544e-09;0.999995;5.29848e-11;6.14844e-08;2.23013e-09;9.33049e-11;3.34002e-07;1.7174e-10;2.34894e-11;1.74309e-11;4.44791e-06;3.61096e-10;6.32322e-10
8.39445e-07;0.029041;7.04743e-08;1.06806e-07;1.19944e-06;4.28527e-06;2.21116e-08;0.0146974;4.08911e-07;1.34267e-08;3.36198e-07;1.98807e-05;0.956226;8.23729e-06
2.12257e-07;0.345408;0.000121984;1.48604e-06;2.13206e-05;1.752e-07;2.80477e-07;3.97087e-05;5.11827e-09;2.49835e-06;1.51642e-08;0.564237;0.00158316;0.0885849
2.41445e-05;0.0500432;2.02541e-07;2.50207e-05;0.000249584;0.000306081;2.61359e-05;0.830838;7.65606e-06;4.51769e-06;3.72621e-06;0.0894333;0.0281716;0.000866705
0.000727331;0.0287763;2.34901e-06;0.000147312;7.44907e-05;3.82394e-05;2.55865e-05;0.35251;0.000288145;2.21508e-06;0.00102429;0.030687;0.585635;6.17882e-05
0.000306386;0.0389007;2.86849e-06;3.17611e-07;1.19952e-05;2.41997e-06;5.24324e-08;0.820346;2.48508e-07;1.55602e-07;2.30799e-07;0.0920621;0.0483327;3.37727e-05
2.53562e-06;0.131185;0.000100563;1.14274e-05;0.000146303;0.000446016;2.75712e-07;0.0087071;5.73349e-07;3.48983e-06;1.17939e-06;0.852087;0.00188434;0.00542359
6.05287e-07;0.991406;5.0792e-07;7.24056e-07;1.79071e-08;1.31075e-07;0.00451084;5.38572e-06;7.59085e-08;0.00012159;2.99488e-06;2.54423e-07;0.00394798;2.93857e-06
1.47678e-08;2.46621e-08;0.999995;4.65376e-08;1.03878e-08;2.98154e-08;4.10708e-06;5.52565e-09;1.41948e-08;3.18472e-07;6.07352e-08;1.36155e-07;1.01679e-10;1.22768e-09
2.43496e-05;0.997963;4.32502e-06;3.24846e-05;2.12912e-06;2.04025e-07;1.18702e-05;0.000892753;1.56198e-05;1.14878e-06;2.09048e-05;0.000699564;0.000330872;1.33506e-06
1.16138e-06;0.973684;1.06539e-08;1.87392e-06;3.00994e-07;9.07409e-07;0.00125177;0.00372301;4.93947e-07;0.000354267;1.47865e-06;5.75008e-09;0.0208891;9.17444e-05
7.45691e-11;5.8522e-10;0.999999;1.55057e-09;6.17218e-10;6.26847e-10;7.78719e-10;1.28967e-09;2.22186e-11;3.1183e-10;3.79034e-10;8.76479e-07;5.35885e-12;3.77084e-10
1.36607e-06;0.953905;4.19929e-05;4.73351e-06;3.35283e-06;7.57477e-06;9.1819e-07;0.0272248;1.6045e-07;1.07799e-06;7.43356e-07;0.000104637;0.0059438;0.01276
1.96176e-05;0.0147222;2.7062e-07;5.23981e-05;9.35219e-06;2.84575e-06;6.9108e-05;0.0057211;0.000145935;3.04589e-06;0.00665487;0.00920369;0.963391;4.53856e-06
1.30991e-06;7.25605e-05;6.81499e-11;5.09998e-08;2.33727e-05;1.86836e-09;3.33872e-08;0.999891;4.67628e-07;9.08245e-09;1.92442e-07;1.68702e-06;9.32216e-06;4.72541e-07
1.41584e-06;0.00498967;0.993653;2.04686e-05;6.06876e-05;0.000210464;8.54759e-06;0.000370503;1.30666e-08;0.000169304;2.9988e-06;6.31343e-06;0.000462432;4.41175e-05
2.88929e-09;2.82952e-11;1;1.52733e-10;1.56967e-10;1.77028e-10;1.48422e-09;2.23768e-09;1.11068e-09;3.19868e-11;5.34873e-08;7.97423e-08;1.67307e-11;8.94027e-13
1.87109e-07;2.74313e-05;0.000396341;7.37081e-08;1.25662e-07;7.87722e-08;8.12023e-09;4.21891e-06;7.20202e-06;6.42065e-09;6.75588e-06;0.999554;1.26071e-06;2.37583e-06
4.5155e-06;0.000298324;0.998589;3.96262e-08;0.000499016;0.000130015;1.67768e-07;4.74613e-06;1.74589e-07;4.19694e-08;4.39829e-07;2.01163e-05;8.62704e-05;0.000367302
3.47948e-06;0.0194285;2.2604e-07;7.74499e-10;0.000924015;1.05138e-07;2.8482e-11;0.978321;5.28801e-08;1.496e-10;1.11713e-10;0.000331366;0.000966182;2.51727e-05
1.2891e-07;0.990848;5.92645e-11;1.32099e-08;7.87082e-07;4.84769e-09;8.82601e-08;0.000854538;1.34048e-07;5.43142e-07;1.24369e-10;7.95104e-08;3.83327e-07;0.00829527
1.71706e-05;0.00199009;4.26374e-05;2.05484e-05;6.33724e-06;3.99886e-06;0.000119652;0.993788;0.00112021;1.2501e-06;1.56121e-05;8.28154e-07;0.00287404;1.77299e-08
1.57992e-05;0.0144361;2.67133e-08;4.00408e-07;1.52217e-05;7.43224e-07;9.79215e-08;0.983961;7.35993e-07;6.03867e-07;1.775e-07;2.81868e-06;0.00154854;1.76636e-05
1.58886e-08;4.56671e-05;4.94309e-07;1.83723e-07;5.94345e-08;1.35168e-07;1.05377e-08;8.71268e-07;9.47459e-08;6.13606e-09;4.88687e-07;0.999949;1.14012e-06;1.34898e-06
8.68132e-06;0.734382;1.52677e-06;6.47222e-06;2.42023e-05;3.81363e-06;9.82256e-06;0.000773546;1.72384e-06;3.18218e-07;1.85715e-06;3.54333e-05;0.264703;4.74524e-05
4.41751e-05;0.00351057;3.01086e-07;1.74654e-07;0.0630117;1.39966e-06;9.86207e-10;0.928615;2.6034e-06;1.63988e-06;1.5673e-08;0.000562985;1.90207e-05;0.00423052
2.64577e-06;0.000317074;0.998651;4.65679e-06;0.000776985;1.015e-06;4.76791e-09;0.000219256;2.57135e-06;1.26043e-06;7.39691e-08;5.13611e-06;1.81802e-06;1.61547e-05
0.00085368;0.00134228;3.11065e-05;3.13376e-06;0.000280287;6.3755e-06;4.01692e-05;0.0423558;0.937033;3.95505e-06;0.00544099;0.000145464;0.0124521;1.14781e-05
