9.82437e-06;0.918224;1.87242e-07;0.000194173;7.65422e-05;4.1243e-05;4.62319e-06;0.0092392;0.000308557;4.44967e-06;0.000233606;0.00155739;0.0699899;0.000116226
1.28834e-05;0.00212405;2.47109e-07;4.59024e-05;0.688388;0.194668;1.08603e-05;0.0149615;6.45328e-06;0.000897101;5.84991e-06;9.53645e-07;0.0015271;0.0973518
8.5388e-09;9.01117e-10;1;1.79081e-09;2.7492e-10;2.7303e-11;7.13029e-09;7.15378e-10;1.29092e-09;8.78388e-11;1.06713e-08;4.80306e-08;1.72182e-10;1.65754e-12
8.11188e-06;0.000671521;1.26997e-05;6.02455e-06;1.03045e-06;4.313e-07;5.83458e-08;4.09288e-05;0.000298562;1.96284e-08;8.58945e-05;0.998815;2.20773e-05;3.77763e-05
0.00055341;0.366731;0.00181562;2.43112e-05;0.00048054;0.00222475;7.5456e-07;0.0381624;0.000220857;1.78538e-05;0.000136837;0.0141637;0.573185;0.00228238
2.97684e-06;0.0370216;3.0081e-06;1.29567e-06;0.00297148;2.64249e-05;1.7202e-09;0.00392076;1.80156e-07;3.26388e-07;6.65763e-07;0.939733;0.000227913;0.0160901
2.36402e-06;0.0236372;1.23398e-07;3.78918e-05;0.00404444;4.51052e-05;1.81202e-08;0.959388;2.04522e-05;1.90376e-06;5.74211e-06;0.00128789;0.00347217;0.00805607
0.00277714;0.228779;0.000105282;0.00296252;0.00151815;0.000259409;0.000114608;0.153987;0.0511183;0.000170604;0.00798362;0.0109512;0.539003;0.000270291
0.000141606;0.953248;0.0226415;2.34207e-05;2.25868e-05;5.81357e-06;4.69985e-05;0.02343;6.25928e-07;0.000114711;3.32063e-07;4.01324e-05;0.000107854;0.000176811
1.23682e-08;1.98257e-08;1;4.44629e-09;5.86383e-09;5.56148e-10;2.29829e-09;5.75725e-08;7.03018e-09;2.30242e-10;8.06686e-09;9.01994e-08;2.70666e-09;1.42997e-11
3.88761e-06;0.01602;0.00128628;4.74273e-06;2.16212e-05;1.63845e-06;1.73192e-08;0.0134173;4.65327e-05;1.65252e-07;7.29759e-06;0.968731;1.02902e-05;0.000448992
3.49127e-06;0.905076;2.46158e-07;7.63268e-07;7.83415e-05;0.000199181;1.35602e-08;0.00173311;1.24667e-06;6.38625e-07;1.14692e-06;0.00358301;0.0892585;6.44544e-05
3.02977e-06;0.0136373;6.65913e-05;1.82482e-07;5.93186e-05;1.88247e-05;1.53516e-08;0.00990076;5.22532e-08;2.7086e-08;7.54293e-07;0.975011;0.00125339;4.88178e-05
2.55533e-06;0.126509;4.8563e-07;9.36627e-06;0.00115439;0.000390125;4.98134e-08;0.845653;3.60382e-06;2.71327e-07;9.00423e-07;0.000366814;0.0243825;0.00152678
0.000183178;0.108825;2.15431e-06;1.16488e-05;0.0021752;0.000434216;8.36658e-08;0.749246;1.98864e-05;1.1035e-06;9.58579e-06;0.0127444;0.124997;0.00135078
9.65599e-05;0.927766;9.92309e-07;6.71222e-05;9.33196e-05;9.37763e-06;0.00328254;0.0237548;1.26099e-06;0.016637;9.23103e-07;4.47999e-05;2.2024e-05;0.0282235
1.27115e-09;3.06156e-10;1;5.25404e-10;8.52561e-11;4.8739e-11;1.89118e-09;3.09698e-10;1.22811e-10;2.56689e-10;1.24992e-09;1.13307e-08;1.66413e-12;1.21082e-12
4.4022e-06;3.56896e-06;9.83063e-08;1.6017e-08;1.73487e-07;3.30735e-09;1.50931e-08;0.999948;3.67799e-05;5.13423e-09;5.48977e-07;6.34196e-06;2.1712e-07;1.18782e-07
3.22906e-06;0.913584;5.45386e-08;1.40378e-06;6.97876e-06;1.59339e-05;6.72902e-09;0.000709783;3.35206e-07;8.40831e-07;2.62385e-07;0.000986561;0.00100247;0.0836878
0.000195103;0.836842;5.39377e-08;9.24386e-05;1.87675e-05;1.72286e-05;8.34942e-05;0.0189004;0.00409596;5.97751e-06;0.0161563;0.00349431;0.119991;0.000107505
8.57377e-07;8.37967e-06;4.33602e-11;3.49421e-08;2.33098e-08;2.40613e-09;7.12728e-09;0.999983;6.01773e-06;2.01495e-09;3.66806e-07;5.56137e-09;1.62672e-06;5.80877e-08
2.17525e-07;0.0228092;3.72739e-08;1.13266e-06;2.55694e-08;4.59968e-08;3.79468e-05;3.29533e-07;1.01688e-09;0.000110088;5.25693e-09;6.67398e-08;1.47538e-08;0.977041
5.22212e-10;1.04036e-10;1;5.77201e-10;2.67017e-10;9.15278e-10;2.78263e-09;1.47366e-10;1.72037e-11;1.43478e-10;1.27279e-09;4.87309e-07;9.29269e-13;1.30391e-09
1.29514e-06;0.00868114;7.20282e-10;1.74984e-07;4.47878e-08;5.07804e-08;4.22564e-07;0.00546302;3.02926e-06;1.18223e-08;1.73843e-05;1.41205e-06;0.985832;4.83954e-09
0.000150301;0.961858;0.0103164;0.00221816;4.40292e-05;2.93295e-05;5.8534e-05;0.00249117;0.000158531;0.000108197;0.00121683;0.0202813;0.000682948;0.000386446
2.00313e-06;0.995174;1.3275e-08;1.05947e-05;5.34839e-06;5.04326e-07;0.00135222;0.00160323;1.86634e-06;0.000128089;7.86066e-05;1.08167e-07;9.55729e-06;0.00163346
3.69602e-09;3.08363e-08;0.999996;1.13742e-08;1.43688e-09;1.4428e-11;7.74751e-08;2.17991e-07;1.58639e-09;2.81916e-09;6.08978e-07;2.88977e-06;7.34491e-11;2.20474e-10
2.56034e-06;2.02638e-05;7.20882e-08;1.25288e-05;0.000243754;7.36621e-06;1.53326e-06;0.00107828;3.18158e-05;1.84235e-07;0.000197042;0.000133936;0.000109878;0.998161
1.02005e-05;0.33754;2.48987e-06;1.25637e-06;2.02142e-06;1.68177e-06;2.93403e-05;0.0186146;5.30485e-06;4.03665e-07;0.00035275;0.00100878;0.640881;0.00155077
3.27086e-05;0.118515;1.13811e-06;8.71748e-06;0.000508712;5.71858e-05;2.81569e-06;0.248388;8.81237e-06;1.0816e-07;9.77472e-06;0.601725;0.0301794;0.000562376
0.000234119;0.150205;7.9525e-07;0.000135527;0.000158638;2.36989e-05;1.03117e-05;0.428125;7.9861e-05;4.03535e-06;0.000183507;0.00409214;0.416501;0.000246858
8.16852e-05;0.995138;0.000443797;0.00013161;1.7326e-06;4.63032e-06;2.31209e-07;0.000130127;8.89092e-07;4.73363e-07;2.39448e-06;0.00351216;0.000527538;2.4784e-05
6.82432e-06;0.0482227;1.20514e-10;5.0062e-08;0.00011164;4.18945e-08;1.29763e-06;0.951126;4.76446e-08;7.80891e-07;7.96656e-08;8.25148e-07;0.000263851;0.000266169
3.52488e-06;0.00136147;0.988184;8.48224e-05;0.000259744;0.00385821;1.54541e-07;2.50494e-06;1.23594e-07;3.12298e-05;4.60112e-06;0.00580458;0.000197397;0.000207478
1.52003e-06;0.00642439;1.63248e-08;6.54706e-07;2.26789e-09;4.07585e-07;0.989939;1.39863e-07;4.20105e-06;0.0034051;3.65899e-05;2.9284e-10;1.1654e-06;0.000186587
1.38879e-12;1.69275e-14;1;6.56467e-13;1.02368e-13;9.15852e-14;4.55892e-11;9.89305e-13;3.98065e-12;2.0454e-12;7.18283e-12;8.86475e-12;1.14001e-17;6.42582e-17
