3.16954e-07;9.30109e-05;3.05657e-13;7.42452e-10;5.1966e-08;9.72422e-11;1.79246e-07;0.999898;2.55241e-06;1.44046e-08;4.06667e-08;1.50511e-10;4.19709e-06;1.64009e-06
6.3778e-08;6.81286e-07;7.31975e-06;1.01646e-07;7.29672e-08;2.95204e-10;1.75219e-08;1.72986e-07;6.34955e-06;5.85446e-10;1.3621e-07;0.999983;1.60903e-09;1.87372e-06
1.10092e-05;0.421774;1.81289e-08;1.15658e-05;1.31175e-06;3.94933e-06;2.0525e-05;0.000286816;1.68921e-05;6.93796e-08;2.40713e-05;2.06005e-05;0.577805;2.45889e-05
5.71694e-05;0.589525;0.00325616;6.28061e-05;0.000268652;2.23241e-05;1.79871e-07;0.0106833;2.1306e-05;5.35727e-07;1.80411e-05;0.371818;0.0209661;0.00330036
0.000179239;0.159666;1.74506e-08;0.00035352;0.359433;0.000263806;2.95728e-05;0.421643;0.00118504;0.000100591;0.00140836;0.0332011;0.00126798;0.0212688
0.00119229;0.573056;0.268376;0.022067;0.00181769;0.0481745;0.000261538;0.00268743;0.000149573;0.0010871;0.00426516;0.0536443;0.00166581;0.0215556
0.00106975;0.559592;5.84335e-06;3.58831e-06;5.96639e-07;1.18302e-06;0.000110984;4.52188e-05;2.64977e-05;6.73787e-08;0.00591223;0.00686253;0.426364;4.68733e-06
1.14972e-05;0.0922091;6.30541e-09;5.81864e-06;1.73464e-05;2.13748e-06;4.84149e-07;0.0341007;6.99253e-05;2.10557e-07;0.000195786;0.803919;0.00242929;0.0670388
1.60326e-05;0.823386;5.28676e-08;2.48816e-05;1.99848e-05;0.000144503;3.20492e-06;0.103353;4.00666e-05;1.3228e-06;0.00017549;0.0466334;0.026165;3.71225e-05
9.88316e-05;0.163911;3.62547e-08;0.000281079;4.04588e-05;5.91863e-05;5.0499e-05;0.0243045;0.000245445;5.16608e-06;0.0128237;0.110847;0.687226;0.000107141
0.000344861;0.971423;9.16262e-06;0.000543092;0.000178376;6.31196e-06;1.28665e-05;0.00389561;1.63173e-05;5.72888e-06;6.87626e-05;0.0122789;0.00086742;0.0103497
0.000164909;0.77117;1.26037e-08;8.02321e-05;2.88558e-05;1.09278e-06;6.62328e-05;0.00151935;0.000170558;2.0445e-05;0.000264962;0.199817;0.0165519;0.0101446
1.9113e-05;0.143181;3.06275e-07;0.000203651;2.53573e-05;0.000121682;1.46228e-05;0.00235268;0.000252684;6.38931e-06;0.000400802;0.00110782;0.852307;6.60106e-06
0.000276315;0.0224896;0.938977;0.00111744;0.000276578;6.74137e-05;3.24929e-06;0.000866817;7.74962e-06;1.57244e-05;1.10957e-05;0.029116;0.000144943;0.00663069
0.000108765;0.617991;1.91823e-06;0.000108126;1.58921e-05;0.000201289;9.35628e-05;0.0116005;0.00026916;8.8697e-06;0.000554652;0.000737223;0.367552;0.000756379
2.62047e-05;0.206591;8.73064e-07;1.40793e-05;4.83067e-06;1.00085e-05;7.51249e-06;0.00686881;5.45986e-06;1.36442e-06;1.16324e-05;0.00316183;0.78328;1.71526e-05
0.000133394;0.489825;2.52729e-07;0.00412722;0.000753606;0.000490151;8.71624e-07;0.010895;0.000603934;4.45847e-05;0.000258299;0.465312;0.021559;0.00599635
8.39573e-06;0.990955;4.71356e-08;2.01695e-07;3.17152e-08;8.32779e-08;5.12523e-07;4.35975e-05;3.01945e-07;1.30552e-07;1.38695e-06;2.66614e-05;0.00895624;6.9684e-06
0.000232676;0.0296143;0.00283686;0.000618804;0.0109635;0.0145645;5.01634e-05;0.00383366;0.000384205;5.67032e-05;0.000760116;0.872602;0.0495305;0.0139518
0.000523962;0.745519;6.34598e-08;0.000126275;0.00036652;0.00231702;1.10632e-05;0.214081;0.000422306;1.42633e-05;5.28348e-05;0.000149277;0.0217971;0.0146204
9.38247e-06;0.000202092;1.11161e-10;5.03573e-07;1.88549e-06;4.12186e-06;1.57841e-07;0.000117478;1.26458e-05;3.44953e-08;3.19933e-05;0.00233928;0.997279;1.03193e-06
6.32297e-05;0.00101186;1.28544e-05;1.14469e-05;1.39388e-05;2.16947e-05;1.62419e-07;6.40158e-05;0.000108012;1.00109e-06;9.48083e-05;0.997464;0.00112915;3.99704e-06
5.13791e-06;0.998416;9.72408e-07;2.44251e-07;2.208e-08;4.21632e-09;9.44996e-08;0.000267766;3.12396e-06;1.33118e-08;3.86299e-06;0.00124341;5.90336e-05;1.12852e-08
1.58348e-07;0.995101;2.92129e-09;1.61228e-05;3.77107e-06;8.09304e-08;2.96628e-05;5.44747e-06;2.84186e-07;0.000278706;5.02884e-07;1.93907e-05;1.94091e-07;0.00454437
3.30479e-06;1.92258e-05;0.999602;1.06453e-05;1.52006e-07;2.85999e-06;2.83139e-05;3.20875e-06;4.50624e-06;3.47582e-07;0.000195837;1.0483e-05;0.000119024;3.85838e-08
0.000249946;0.973091;8.10301e-07;4.40558e-07;5.56944e-06;1.30667e-06;6.44156e-07;0.00140825;2.18036e-06;1.33001e-06;8.54494e-06;0.0001103;0.0251039;1.58916e-05
1.45995e-06;0.0081862;8.83609e-07;1.06846e-06;0.00475751;2.14396e-08;9.8229e-07;0.00214315;2.19444e-05;2.17752e-06;3.63195e-06;0.98485;8.81394e-08;3.04954e-05
2.21713e-06;0.948217;0.00296342;5.35518e-06;9.03815e-05;7.17415e-06;2.52517e-08;4.90679e-05;9.90962e-08;1.98244e-06;5.58426e-08;0.000769048;0.047894;3.10288e-07
0.000820534;0.58031;5.12261e-08;0.000170823;0.00108268;0.000298753;0.000370728;0.00223597;0.0113357;0.000108411;0.0132594;0.221125;0.162117;0.00676419
0.00701889;0.160574;0.000600652;0.000127005;0.00250555;0.000849979;4.70047e-05;0.0114721;0.000581671;5.83486e-06;0.000166128;0.00793468;0.806764;0.00135232
0.000997007;0.164982;2.27976e-06;3.78103e-05;0.000218054;0.00042644;4.59871e-06;0.22221;7.12437e-05;2.38117e-05;6.62973e-06;0.444916;0.143294;0.0228107
8.39816e-05;0.0339645;2.67774e-07;1.68242e-05;1.54078e-05;1.95066e-05;5.35278e-06;0.0909543;0.000238849;8.51905e-07;0.000126023;0.00177109;0.872801;2.27639e-06
6.5901e-05;0.978347;2.98049e-07;2.18523e-05;2.80318e-05;4.44078e-06;3.77497e-06;0.00420259;8.59692e-06;3.13369e-06;1.42433e-06;0.0110413;0.00420473;0.00206672
2.87765e-05;0.92469;4.64053e-07;0.000148692;0.000285111;2.06308e-05;4.37297e-06;0.00201797;8.53784e-06;2.87162e-05;1.7309e-05;0.0504275;0.0129711;0.00935068
0.000158405;0.651148;0.000127954;0.000232772;0.000615485;0.000327273;0.000131025;0.000688555;2.12933e-05;0.000160629;0.000600141;0.0218786;0.000500492;0.323409
1.85221e-05;0.0135629;4.60633e-06;4.90331e-07;6.0309e-08;5.89516e-08;3.0597e-05;0.000286085;1.49675e-06;8.60319e-08;0.00023925;0.985802;5.14213e-05;2.08937e-06
3.59718e-08;0.990309;2.21489e-09;6.59346e-08;1.61479e-08;1.81436e-08;0.000655625;4.05198e-05;4.43757e-09;3.32815e-05;5.24989e-09;6.88776e-08;1.75874e-06;0.00896014
1.98708e-11;3.14086e-11;1;7.42679e-11;1.71007e-10;5.30563e-10;6.39151e-10;4.8951e-10;5.26399e-12;1.38517e-10;3.93263e-11;7.92295e-09;3.09894e-13;5.11645e-12
1.25878e-05;0.637618;6.79346e-08;4.17576e-05;2.0914e-06;4.24403e-05;1.66325e-06;0.000652905;0.000482836;2.81121e-06;0.000496882;5.63615e-05;0.360588;1.96475e-06
0.00043003;0.00546984;6.45988e-09;4.6719e-06;0.000108489;7.78997e-07;5.04865e-07;0.992101;0.00136111;5.43227e-07;3.91372e-05;0.000422874;3.54317e-05;2.59696e-05
4.09729e-06;0.976677;9.1404e-10;2.00928e-06;9.65466e-07;2.89276e-08;0.00217315;9.67463e-08;3.33482e-07;0.00102131;8.37861e-08;6.24491e-09;1.59311e-07;0.0201209
4.1251e-08;7.20263e-08;0.999998;7.86476e-09;4.85109e-10;5.35246e-09;1.45845e-06;3.0146e-10;9.45604e-08;1.14881e-09;2.0774e-07;5.87857e-08;5.71436e-10;1.95869e-09
1.02854e-06;0.362828;4.3197e-10;9.63145e-09;9.00289e-09;4.23916e-08;2.8014e-08;3.80264e-06;5.44243e-07;2.29235e-09;5.02981e-08;1.13404e-05;0.637155;4.23544e-09
7.20861e-05;0.0168216;6.57989e-07;2.83032e-05;0.00628624;0.00032532;2.13548e-08;0.00180368;9.56346e-05;8.27812e-06;2.24578e-07;0.889249;0.00092902;0.08438
6.42423e-05;0.98679;5.19936e-10;1.93282e-05;4.56933e-05;4.09728e-06;2.54168e-05;0.0104673;0.00218962;6.4167e-06;1.57485e-05;2.13662e-06;0.000206708;0.000163311
0.00224605;0.866488;4.14712e-09;0.00129742;0.0145775;4.41071e-06;0.00050108;0.0900789;0.00864059;0.000291747;0.00124208;0.0100029;0.000990324;0.00363927
0.00731409;0.809377;0.0114825;0.0732474;0.0267897;0.000353165;0.00148925;0.00111927;0.0075723;0.000588408;0.00240059;0.0493268;0.00378739;0.00515251
0.00157093;0.961782;2.47059e-07;4.69547e-05;2.78252e-06;1.41527e-06;0.00595962;0.000375625;0.00770595;2.54344e-06;0.00104629;0.00498678;0.0159015;0.000617876
5.4872e-05;0.864533;4.43135e-07;4.32488e-06;1.11712e-05;1.0624e-06;5.96434e-06;0.018629;1.46029e-05;4.72202e-07;1.14704e-06;0.00201748;0.114716;1.00885e-05
3.56982e-05;0.0107802;1.16641e-05;0.000552174;0.0392744;0.00621717;3.31128e-06;0.00522031;5.52222e-05;7.87228e-05;1.35617e-05;0.247165;0.00520478;0.685388
0.000113356;0.952137;1.17676e-06;5.94827e-05;1.77427e-05;6.33185e-07;0.000488062;0.0420213;0.000287621;6.92599e-06;0.00129298;0.00156141;0.00201147;7.33712e-07
3.02112e-05;0.0353685;0.26755;8.09279e-05;0.000135111;0.000570998;2.89408e-07;6.74877e-05;9.0034e-08;2.76682e-06;4.79831e-06;0.689675;0.00578684;0.00072643
4.54649e-06;0.78307;2.12427e-07;3.79989e-06;1.86405e-05;0.000297206;9.06171e-06;0.137886;2.34618e-05;2.57376e-07;6.58162e-05;0.000814343;0.0766765;0.00112999
1.61185e-07;0.998902;1.41117e-08;4.60692e-07;4.88281e-08;1.1093e-07;0.000584679;1.84177e-06;7.40815e-09;0.000287086;7.51646e-08;3.19065e-07;0.000111792;0.000111213
4.73254e-09;1.33527e-09;0.999999;2.95865e-08;1.04073e-08;5.66478e-08;8.25934e-07;3.30275e-09;2.17247e-08;4.71992e-08;2.17811e-08;5.67487e-08;1.29295e-11;1.97036e-10
4.08291e-05;0.998774;2.695e-06;1.58774e-05;1.0598e-07;2.38542e-07;4.38644e-06;0.000226876;6.03287e-06;2.01605e-07;6.83481e-06;4.20556e-05;0.000877408;2.0782e-06
1.06507e-07;0.968934;5.32851e-09;7.47081e-07;6.76814e-08;9.96291e-08;7.94089e-05;1.1866e-05;1.46616e-08;4.97488e-05;2.35964e-08;2.68113e-08;1.7874e-07;0.0309239
5.67904e-10;1.94677e-10;0.999991;3.36493e-09;9.21384e-09;1.73149e-10;1.63557e-08;7.59861e-09;1.31101e-10;3.55109e-10;5.31159e-09;8.71727e-06;2.16269e-13;2.56732e-11
1.88e-05;0.98883;1.24988e-09;4.38754e-06;6.77403e-06;2.62253e-06;1.82696e-05;0.0014941;1.72889e-05;1.04771e-06;1.51426e-05;3.59563e-07;0.00953493;5.61148e-05
2.49159e-05;0.00462602;5.42953e-05;7.36416e-07;1.33342e-07;1.50077e-07;1.85032e-05;0.047088;8.25825e-05;3.22746e-08;6.86445e-05;0.947011;0.00102262;2.17589e-06
0.000167094;0.694355;4.30287e-06;0.000184254;0.00190566;0.00863534;0.000368973;0.131454;0.000117637;2.07021e-05;7.22088e-05;0.0376356;0.110756;0.0143229
0.000929713;0.647685;2.26623e-07;0.00142902;0.00250471;0.00177117;0.000614697;0.0383528;0.0369745;2.58303e-05;0.00335034;0.0283893;0.200882;0.0370906
0.000761023;0.814349;0.151818;0.000811779;0.000587266;1.40726e-05;1.279e-05;0.00151023;6.53723e-06;1.75284e-05;2.92516e-05;0.0135302;0.0136244;0.00292793
0.00155554;0.855246;9.58833e-05;0.000241554;3.14202e-05;1.26918e-05;0.00104965;0.00101818;0.00589079;1.39855e-05;0.0146796;0.0600789;0.0594313;0.000654063
0.00118084;0.486955;0.000164429;0.000180941;0.0184569;0.000591985;7.5512e-05;0.224054;0.000154008;2.01556e-05;0.000110543;0.20167;0.0346523;0.0317332
8.66041e-05;0.391305;5.68651e-05;8.27247e-05;7.27875e-05;2.96225e-06;3.36771e-05;0.025995;5.7795e-05;3.2461e-05;1.75875e-05;0.578887;8.14637e-05;0.00328816
0.000997505;0.565562;6.94605e-05;2.88067e-05;0.000152907;0.000416783;0.000647535;0.0319959;4.0539e-05;1.37732e-05;7.34362e-05;0.170993;0.228349;0.000660008
6.13935e-05;0.943092;1.7387e-05;3.89773e-05;0.00010828;0.000199263;8.51156e-06;0.0139082;4.87013e-05;1.68527e-06;4.68767e-06;0.0244626;0.00986414;0.00818426
2.12628e-05;0.0031041;0.00120131;5.28284e-06;0.000272118;2.24876e-05;3.75827e-07;0.00939133;8.5687e-07;2.38863e-06;5.84399e-07;0.984818;0.000341979;0.000817708
3.65002e-06;0.0111724;1.43997e-07;1.15563e-06;1.18368e-06;4.20343e-07;0.987068;8.02653e-06;8.10008e-05;0.00147106;9.16189e-05;3.40586e-08;2.47431e-06;9.92611e-05
3.3793e-09;2.37054e-10;0.999999;4.99411e-09;2.11445e-09;2.22084e-09;8.6996e-07;3.2493e-10;2.00978e-08;5.39089e-09;1.1815e-07;8.7289e-08;1.38658e-11;3.78282e-11
0.00134773;0.929037;2.00871e-05;2.00225e-05;0.000515339;3.40692e-05;0.00111769;0.032863;0.000601533;3.77235e-05;0.000530138;0.0190058;0.00913437;0.00573511
2.28905e-05;0.60464;1.37324e-07;1.09156e-06;1.4003e-05;3.21256e-06;4.7714e-06;0.00273091;4.58064e-05;1.29778e-07;5.21816e-05;0.035801;0.356658;2.57269e-05
1.92736e-05;0.012976;3.23529e-05;1.65478e-06;0.00504021;4.11763e-06;3.75955e-06;0.000667737;7.29369e-07;3.35269e-05;3.99757e-07;0.000380451;3.7494e-06;0.980836
1.20235e-05;0.00501522;0.00452223;4.50029e-06;0.000476427;1.68596e-05;6.27107e-08;2.44698e-05;5.93352e-07;8.16709e-07;2.24548e-06;0.983293;7.34998e-05;0.0065577
9.58133e-08;0.944144;1.14057e-11;4.6166e-09;1.05811e-09;7.27205e-09;0.0546265;1.02844e-05;1.07812e-06;7.16856e-06;5.79404e-07;5.59393e-11;6.28235e-07;0.00120996
5.53184e-10;1.90105e-08;0.999999;7.43303e-10;1.514e-09;1.59394e-08;2.84028e-08;1.63848e-08;5.70278e-10;3.412e-09;1.30358e-09;5.33444e-07;1.2729e-11;5.78766e-10
6.36754e-06;0.840797;2.24896e-09;6.76743e-06;1.20159e-06;4.06261e-06;6.05226e-06;0.00471658;9.52271e-05;1.01661e-06;7.65733e-05;8.46087e-05;0.154198;6.35225e-06
8.18533e-05;0.00196963;8.35751e-07;6.57484e-07;0.000247044;3.5797e-06;5.22479e-08;0.1769;2.08922e-06;2.20305e-07;7.12031e-07;0.81907;0.0016071;0.000116233
1.14084e-05;0.934832;2.69789e-05;0.000132202;3.3349e-05;0.00016401;0.0204834;0.0184021;6.11091e-05;0.000872621;1.32694e-05;2.25367e-05;0.00109187;0.0238535
6.9165e-11;4.8124e-11;1;7.19941e-10;1.86996e-11;1.26157e-11;9.42462e-10;6.52987e-10;6.03578e-11;3.48943e-11;8.6322e-10;5.40703e-08;5.02209e-12;6.56743e-14
9.45155e-05;0.573885;0.00272632;4.79658e-05;6.34562e-05;3.3625e-05;3.58666e-05;0.00939858;0.000423552;3.41043e-05;5.3676e-05;0.409365;0.00150745;0.00233097
0.000184725;0.847974;0.000171536;2.33207e-05;0.00106191;0.00181915;1.0587e-05;0.0158503;0.000753602;1.59709e-06;0.000925092;0.0569237;0.0739443;0.000356735
0.00191457;0.471684;1.91407e-07;3.98007e-05;0.00334583;0.000395562;4.97478e-05;0.0255214;0.00344423;1.60973e-05;0.000878375;0.424154;0.0685001;5.59475e-05
0.00278837;0.796047;0.00350271;0.000577837;0.0805043;0.000239933;5.22611e-06;0.100246;9.53459e-05;3.59695e-05;6.29004e-06;0.0124589;0.00227965;0.00121235
5.95804e-05;0.532072;3.86132e-06;3.89669e-06;0.000394833;4.07973e-07;9.34716e-07;0.463957;3.47971e-06;9.07535e-07;1.98956e-07;0.00192037;0.000744472;0.00083813
9.9405e-05;0.401108;1.44399e-06;1.28399e-06;0.000178637;6.01403e-06;1.08178e-06;0.365701;1.16789e-06;1.02387e-06;1.16463e-06;0.210679;0.0142092;0.00801122
4.00687e-07;0.977221;4.986e-08;2.51357e-06;3.60824e-07;1.85655e-06;0.000983435;0.000253423;5.73039e-07;9.25606e-05;2.36973e-07;1.56024e-06;5.33802e-05;0.021389
1.07396e-10;7.72478e-12;0.999999;4.21196e-10;1.49066e-09;2.39996e-09;4.04583e-09;2.45101e-09;2.44855e-10;1.63235e-10;7.466e-10;1.00621e-06;1.34399e-12;2.32833e-11
2.80607e-05;0.882362;1.13578e-09;1.91488e-05;1.11911e-05;3.2587e-06;0.000148646;0.0157527;0.000241804;4.0154e-06;0.000170238;2.97337e-05;0.101145;8.47176e-05
1.6734e-05;0.00523732;1.18978e-06;1.57371e-05;0.000120192;1.90517e-06;1.7149e-07;0.000296299;1.62304e-05;2.32539e-07;7.31698e-06;0.993326;7.97919e-05;0.000881175
0.000299967;0.491955;5.0112e-06;0.0001866;6.79843e-05;0.000180424;0.00163128;0.00307552;0.000508206;7.85483e-05;0.000890759;0.00351545;0.497488;0.000117572
0.000115797;0.0567674;0.908662;0.000151006;0.000138984;3.27374e-05;1.77358e-05;0.0033998;4.45551e-07;1.12757e-05;7.58566e-06;0.0272848;0.000167407;0.00324321
4.07624e-07;0.968395;3.13759e-10;6.32344e-06;5.28799e-06;1.57814e-05;0.0194295;0.000603852;6.60462e-06;0.000240071;4.40152e-06;2.21414e-09;0.000268858;0.0110235
4.27905e-10;4.84209e-10;1;6.99517e-09;2.19512e-09;1.26162e-09;2.31595e-08;2.54178e-09;2.73924e-09;7.4632e-10;2.39798e-08;8.41867e-08;3.61377e-12;3.33192e-12
0.000209869;0.867215;1.08084e-05;8.11314e-05;0.000323217;1.96447e-05;1.12787e-05;0.0240389;0.000353187;3.69475e-06;0.000499186;0.0839101;0.0215315;0.00179207
1.69791e-05;0.59257;5.43212e-06;4.171e-05;3.97727e-05;2.7674e-06;1.71857e-06;0.00871409;8.95363e-05;2.57091e-06;0.00096209;0.396483;0.000524574;0.000545938
2.0533e-05;0.868322;2.42677e-07;6.79526e-06;0.000921945;1.32185e-05;5.68519e-06;0.128283;0.000109439;6.18684e-06;0.000380402;0.000583173;0.00121901;0.000128558
0.000335039;0.15727;3.86405e-05;0.000162904;0.000506008;8.70974e-06;1.42646e-05;0.000471106;0.000148432;2.52607e-06;0.000231179;0.83958;0.000831701;0.000399044
9.83481e-05;0.924442;1.44682e-07;2.63743e-07;1.1045e-06;4.00965e-09;6.94064e-06;0.000105321;3.24091e-06;2.23086e-08;3.40418e-07;0.000664841;0.0746735;4.05625e-06
2.88034e-05;0.058395;4.59726e-05;3.48559e-06;0.000103738;7.58098e-06;1.17718e-05;0.839328;1.38992e-05;1.08194e-06;5.9792e-07;0.0914499;0.00310544;0.00750456
2.65629e-06;0.0249124;8.6542e-09;4.32847e-05;0.0400904;0.000328477;9.44338e-06;0.933673;0.000106548;1.49404e-05;5.13869e-06;3.86344e-05;0.000692969;8.2123e-05
3.87757e-05;0.00106135;0.990385;0.000368966;0.00155166;0.000269275;7.16893e-08;6.099e-05;1.65563e-06;2.86782e-06;1.03553e-05;0.00529887;0.000423446;0.000526568
9.04482e-06;0.984469;4.41245e-08;2.61475e-05;1.02076e-05;1.36684e-06;1.95686e-05;0.0063377;0.000533775;3.00577e-07;0.00140664;0.000758871;0.00594283;0.000484753
5.60332e-07;0.00235223;4.19185e-10;1.24975e-06;0.00112733;1.92814e-08;1.1817e-07;0.996481;2.02826e-06;3.92188e-07;4.40065e-07;1.11566e-05;8.80465e-06;1.46926e-05
4.6246e-06;0.00489455;0.994041;0.000221058;2.60825e-05;2.53682e-05;1.01218e-05;4.59801e-06;1.34303e-06;7.68102e-05;2.46065e-05;0.000249854;0.000261553;0.000158794
6.34156e-05;0.981895;1.49163e-07;7.69388e-08;1.9433e-06;3.04154e-05;1.09093e-05;0.000300325;1.01816e-06;8.76456e-08;4.97138e-06;0.000167583;0.0173842;0.000139737
4.32538e-05;0.00683425;6.14238e-07;2.24495e-06;0.000586956;6.95722e-06;5.72221e-07;0.0164564;9.83451e-05;2.36002e-07;5.43637e-06;0.955133;0.0208104;2.16072e-05
0.0077803;0.158844;1.71932e-06;0.000582518;0.00249031;1.86646e-05;3.59464e-05;0.759522;0.0629299;5.67894e-06;0.000329983;0.000223089;0.00714332;9.20795e-05
0.0135736;0.608018;0.00281172;3.59121e-05;0.000347009;7.7782e-06;4.27484e-05;0.0423223;0.0143488;0.000140176;8.45948e-05;0.214127;0.0990522;0.00508836
0.000326925;0.00607115;7.47953e-07;1.0837e-05;0.173677;0.000108903;7.62261e-06;0.755973;0.00345636;4.56334e-05;2.06241e-05;0.0591804;1.13251e-05;0.00110986
0.0150703;0.185492;0.719158;0.00022228;0.0306596;3.92289e-06;2.11145e-06;0.0063868;0.00147337;8.77227e-06;1.39363e-05;0.0395144;0.000144613;0.00185024
2.87636e-05;0.00286146;1.93621e-08;1.56759e-06;5.20149e-06;1.64113e-07;5.98341e-05;0.00154728;0.99467;8.10171e-08;0.000654437;4.08264e-05;0.000109975;2.01497e-05
0.000539652;0.0424918;1.28284e-07;0.000156847;0.000106427;0.000356468;1.46533e-06;0.0115092;0.194767;7.45365e-06;0.000207971;0.00880536;0.741021;2.92045e-05
0.0150717;0.369076;1.27432e-05;0.00101556;0.0018455;0.000632669;2.69936e-06;0.000424549;0.144555;2.66544e-05;0.00195953;0.358695;0.0987136;0.00796967
3.79744e-05;0.00873368;6.50991e-07;7.11406e-07;0.00246589;9.66202e-08;2.93949e-07;0.98728;0.000101734;1.58246e-07;2.71251e-06;0.000182709;0.000982857;0.000210344
3.04541e-06;0.00049217;4.66918e-07;1.27505e-05;0.000140766;6.50704e-07;2.3376e-07;0.00160748;0.000577737;3.10049e-07;9.35709e-06;0.997097;3.32882e-05;2.51828e-05
0.00078228;0.305409;2.51771e-06;0.00324303;1.29591e-05;0.000149147;0.00569856;0.000300313;0.197539;0.00010776;0.308803;0.0642325;0.113551;0.00016915
1.25863e-05;0.998792;9.6177e-07;2.0099e-06;4.71478e-09;3.75266e-09;1.78688e-06;0.000247288;3.4847e-05;3.38268e-08;6.93609e-05;0.000773661;6.53372e-05;3.32471e-08
2.63733e-07;0.996755;7.51068e-10;1.68024e-05;1.50407e-05;3.9252e-07;2.28851e-05;2.1804e-05;1.72609e-07;0.000407722;1.066e-07;5.54574e-07;7.32083e-07;0.00275808
2.95328e-06;6.46742e-06;0.999917;1.88303e-06;8.01368e-09;1.28529e-07;4.85614e-06;3.83087e-07;4.31404e-06;1.91074e-08;1.65102e-05;6.69961e-06;3.85799e-05;1.64658e-09
1.06514e-05;0.997825;3.9362e-07;2.16017e-07;3.91938e-07;2.30436e-07;9.14536e-08;0.000266387;1.39322e-07;1.0169e-07;3.77468e-08;2.71108e-05;0.00186909;5.37625e-07
0.000116013;0.0288213;1.25967e-05;1.18983e-05;0.00166199;0.000149393;1.93932e-07;0.00107894;5.18052e-05;7.86599e-06;2.51488e-06;0.958793;0.00647372;0.00281834
0.0012047;0.0375192;1.72397e-07;0.000107956;0.000667302;2.88813e-07;0.000120509;0.335579;0.613056;1.26644e-05;0.00464914;0.00103845;0.00604256;1.14799e-06
0.000117996;0.825594;6.06294e-05;2.80246e-05;5.89557e-05;2.01285e-05;0.00649158;5.42412e-07;7.98836e-06;0.0225997;4.14127e-06;9.82782e-08;4.59174e-07;0.145016
9.23059e-08;3.51803e-09;0.999987;1.49076e-09;1.58691e-08;3.95719e-10;4.08637e-08;4.93936e-09;7.88751e-08;1.14581e-09;1.21716e-08;1.30443e-05;1.5981e-11;3.66305e-11
0.000302042;0.0129282;3.31986e-07;1.38848e-05;3.39321e-06;2.5752e-05;1.10308e-05;0.00643771;0.0589873;7.87511e-06;0.000554258;5.62638e-05;0.920672;2.01968e-07
2.05808e-06;0.00217312;0.997151;2.86219e-07;1.90646e-06;7.17285e-09;6.37489e-09;4.36648e-05;2.34407e-07;4.70876e-08;1.84694e-08;0.000626747;2.54622e-07;2.02356e-07
6.493e-08;0.999694;3.75891e-11;1.06214e-08;5.81138e-08;1.71908e-08;7.08225e-05;9.64126e-06;4.08167e-07;5.93401e-05;9.27701e-09;4.56538e-10;1.21817e-05;0.000153691
2.05517e-10;3.64829e-10;1;4.51543e-09;2.93327e-09;5.57837e-09;1.66243e-09;6.80221e-11;2.97654e-10;5.79887e-09;7.31841e-10;7.27059e-09;1.79955e-10;1.04641e-10
