4.27714e-06;0.985717;6.09219e-11;5.92175e-07;2.67288e-06;1.11914e-06;1.5062e-06;0.00221611;9.95349e-07;2.37001e-07;4.33588e-06;8.70769e-05;0.0119543;9.97575e-06
3.20459e-05;0.835609;2.46037e-06;4.60116e-07;6.57277e-07;1.25152e-06;6.27569e-06;2.3252e-06;6.29595e-08;1.76691e-07;2.55163e-07;0.164094;0.000245653;4.97471e-06
6.76749e-06;0.0439716;4.36936e-06;0.000118169;0.000813971;0.00565849;8.12166e-05;0.000317556;4.88875e-06;9.18466e-06;8.85649e-06;0.0491169;0.000212339;0.899676
7.83177e-05;0.0889316;1.10449e-05;8.75163e-06;1.58983e-05;4.31737e-05;5.48992e-05;0.0265537;1.48751e-06;1.36881e-07;0.000119668;0.0066979;0.877471;1.23264e-05
5.47321e-06;0.67599;2.47733e-05;8.28723e-05;1.80511e-05;0.00142253;0.00123822;0.00188224;1.01293e-05;0.000153983;4.12168e-06;1.51257e-06;0.0165416;0.302625
2.01473e-09;7.44307e-10;0.999997;1.0561e-07;6.46546e-10;8.81733e-09;8.1666e-09;9.69496e-08;2.77464e-09;1.11431e-09;1.31661e-07;2.47058e-06;1.34593e-09;7.18273e-11
1.46489e-05;0.0127892;0.000156398;8.76756e-05;0.000179714;1.2955e-06;2.17539e-07;0.813478;5.98498e-05;1.51077e-06;0.000274606;0.172728;6.78836e-05;0.000160738
4.53255e-07;0.964259;4.87834e-06;1.31272e-05;5.70951e-05;6.60548e-05;7.42524e-05;5.99029e-06;1.12237e-08;0.000520358;5.07644e-06;1.10455e-05;0.000140036;0.034843
2.12597e-10;3.47925e-09;1;1.65463e-10;4.33991e-09;7.2175e-10;7.00031e-10;2.39611e-08;4.55913e-12;2.84731e-11;3.47609e-10;2.55841e-07;1.86873e-12;6.62807e-10
6.07758e-06;0.0132881;3.09414e-08;2.55393e-05;3.69208e-05;0.000432878;3.1161e-06;0.00055365;3.08927e-05;8.36174e-07;0.000137666;5.69173e-06;0.985384;9.50908e-05
5.1119e-07;0.00222456;0.6907;2.9362e-06;2.02952e-06;5.42322e-08;2.81662e-08;7.94858e-06;3.74651e-09;7.25757e-08;5.0661e-08;0.305925;1.58406e-05;0.00112173
1.09387e-05;0.219477;4.99538e-08;0.000106683;0.00097573;8.98703e-05;8.74005e-06;0.684319;0.000730319;6.08291e-06;0.000432839;0.000200612;0.0935745;6.75008e-05
1.29119e-06;0.998555;0.000141822;2.32397e-06;6.41009e-07;2.55139e-06;2.82497e-06;0.000362918;6.20145e-09;4.18733e-06;1.46142e-08;1.54098e-05;0.000400369;0.000510467
5.23719e-09;9.97055e-09;1;1.75047e-08;1.89819e-08;2.0977e-08;2.20939e-09;6.15424e-08;1.16554e-09;1.09471e-09;4.86155e-09;2.35764e-07;2.21252e-10;1.03569e-08
1.60266e-06;0.00159067;9.13271e-06;8.63242e-06;2.35948e-06;1.0483e-06;1.6411e-08;0.000338835;2.76445e-05;3.31335e-08;6.01224e-05;0.997522;4.38401e-05;0.000393699
3.78142e-05;0.439469;0.000297274;4.32848e-06;0.000129165;0.000489471;7.31342e-08;0.000273013;7.24808e-07;6.67696e-07;1.33979e-05;0.0599876;0.498599;0.000698071
3.59788e-06;0.00486559;8.7688e-07;5.49691e-06;0.0115181;5.15903e-05;2.70221e-08;0.0515015;4.61843e-06;3.40811e-07;1.5613e-05;0.929194;0.00121321;0.00162521
1.28803e-06;0.944519;6.65609e-06;7.74988e-07;6.6284e-05;0.000298195;1.14972e-05;0.000246368;1.82791e-08;0.000230161;1.49449e-08;4.82694e-08;0.00121212;0.0534072
6.66293e-14;6.63765e-15;1;6.715e-15;7.23074e-14;7.90596e-15;8.15988e-16;3.44746e-12;5.69051e-16;1.35523e-15;2.4947e-15;1.08863e-11;2.62182e-16;3.06813e-17
1.82128e-05;0.0391837;0.000524516;4.14711e-05;7.09054e-05;0.000132374;8.80805e-06;0.944592;0.00056551;2.3108e-06;0.000207986;0.000601172;0.0137644;0.000286534
