1.69659e-05;0.998264;6.08624e-05;6.49502e-05;6.32772e-06;5.35943e-07;1.09712e-06;0.000882773;1.84358e-06;1.79539e-06;2.16632e-06;0.000559197;0.00013523;2.19689e-06
6.44548e-06;0.000245744;7.80104e-11;2.23895e-08;3.3555e-07;5.54533e-09;1.7035e-07;0.999728;1.52807e-05;7.17326e-08;9.33376e-07;3.28412e-08;1.43941e-06;1.53014e-06
0.00016945;0.986481;2.7947e-05;8.10654e-06;2.48534e-06;1.32716e-06;0.00892952;0.00121356;0.000275839;0.000884421;1.94743e-05;0.00139335;5.58197e-06;0.000588141
2.66385e-08;1.02126e-07;0.99999;5.15677e-08;7.6819e-09;1.43041e-09;1.45476e-06;2.48915e-08;4.26955e-07;1.35241e-09;1.94284e-06;6.23696e-06;8.59432e-10;5.30611e-10
7.09876e-06;0.745771;5.59423e-06;4.69204e-06;2.72207e-06;2.53137e-07;2.87454e-07;0.0221949;3.93904e-06;1.28432e-07;3.93868e-05;0.00274841;0.229216;5.47158e-06
1.24329e-06;0.0717361;6.52714e-05;2.88284e-05;0.00242935;0.0285497;8.52151e-08;0.170154;2.31455e-07;6.71053e-06;8.54785e-06;0.0374392;0.00356015;0.686021
5.82754e-06;0.00124166;1.91545e-08;0.000433518;0.000396123;0.000568089;5.50675e-07;0.0030349;4.31021e-06;7.22674e-06;0.00348226;0.117326;0.864636;0.00886283
0.000492806;0.0589769;0.00155737;3.40225e-05;9.93839e-06;0.000249395;0.000122468;0.00527374;5.64633e-06;7.21908e-05;0.00374548;0.00114748;0.928261;5.12786e-05
3.53834e-09;2.69068e-09;1;7.04277e-10;5.68315e-10;8.7978e-10;1.6713e-10;1.03391e-08;1.26806e-10;1.59607e-10;3.95451e-09;1.31866e-07;4.82585e-09;1.16396e-11
7.85137e-07;5.80834e-05;0.97784;9.9665e-07;1.88816e-06;8.48302e-07;1.18038e-07;0.000513896;9.45986e-08;2.16797e-07;1.11766e-06;0.021526;5.26056e-05;2.98901e-06
8.83303e-06;0.0222888;0.0010083;6.60989e-06;0.0163866;0.208202;1.27136e-07;0.00266309;4.49338e-07;5.82812e-06;4.16838e-06;0.000877703;0.0097364;0.738811
7.43611e-06;0.00563169;8.64861e-07;0.0014578;0.0201111;0.109091;1.80953e-06;0.000518682;2.86738e-05;7.41445e-05;0.000106585;0.00802075;0.00332089;0.851629
7.14838e-05;0.0321332;9.66676e-09;3.93423e-06;0.00340881;6.91354e-06;1.21955e-06;0.962448;7.71803e-06;4.28858e-07;5.65425e-06;1.14531e-05;0.00187918;2.16744e-05
3.05345e-06;0.967443;0.0188949;3.70378e-05;0.000284009;0.00168363;2.91646e-06;0.0071597;1.69388e-08;0.0001073;3.10937e-07;3.3786e-06;0.0041508;0.00022976
8.44173e-10;1.22281e-09;0.999997;4.31904e-10;3.02132e-09;1.14481e-09;4.01971e-11;3.54082e-08;6.90692e-11;1.4222e-11;5.23524e-10;3.09111e-06;2.06492e-10;1.88133e-11
2.30736e-05;0.050401;0.0138399;4.58982e-05;0.000219641;0.000478907;3.77835e-07;0.00496082;4.19339e-05;2.90943e-06;5.95344e-05;0.923284;0.00106039;0.00558132
3.46483e-05;0.928623;5.63106e-07;4.12135e-06;0.00269208;0.00203277;3.64659e-07;0.0307573;4.28642e-05;2.09597e-06;0.000242501;0.00128319;0.0327458;0.00153926
0.000490797;0.0219131;2.12445e-05;4.47862e-06;0.00264803;0.000582723;2.15639e-06;0.0385275;5.4992e-06;1.37896e-06;1.97681e-05;0.77306;0.162214;0.00050858
0.000390581;0.52649;8.55758e-06;8.20392e-06;0.00034314;5.23241e-05;7.50866e-07;0.450972;9.8619e-05;4.24137e-07;1.51561e-06;0.00497764;0.0166208;3.51352e-05
5.63436e-05;0.432135;4.21971e-06;0.000147935;0.000362049;0.000314935;1.1306e-06;0.51778;3.60077e-05;7.34569e-06;1.33821e-06;0.00926573;0.037628;0.00225978
0.000706663;0.137183;1.12851e-05;0.0877925;0.0245292;0.0239331;4.09004e-06;0.315138;0.00560328;0.000541168;0.00150543;0.106263;0.000471694;0.296318
0.116943;0.272144;0.000247558;0.00267455;0.000427127;0.000833215;0.0056862;0.298382;0.0541095;0.00114976;0.150238;0.00622011;0.0708381;0.0201067
1.43679e-06;0.00414352;2.25033e-08;1.52886e-07;2.13995e-07;4.75803e-09;4.04203e-08;8.72228e-06;1.84919e-06;2.14516e-09;1.72494e-06;0.995829;1.35182e-05;2.45362e-07
1.06993e-05;0.93421;1.94815e-06;6.56993e-07;1.54558e-05;1.15267e-07;5.405e-07;2.82331e-05;1.04765e-07;5.25905e-07;2.70213e-08;0.00319715;0.0623059;0.000229177
1.00577e-05;0.00417631;6.61226e-06;5.01167e-07;0.000520501;4.31738e-05;1.24214e-08;0.119074;2.97583e-06;2.1735e-07;1.39507e-08;0.873;0.000274983;0.0028909
3.08728e-05;0.0126486;1.80672e-06;2.26369e-06;2.98123e-05;0.000934651;9.67258e-06;1.55565e-05;3.89443e-05;1.61161e-05;2.7027e-06;1.13682e-05;0.986233;2.45067e-05
1.26747e-05;0.000219449;0.973563;4.59823e-06;2.66555e-05;6.27445e-06;4.93929e-08;1.19325e-06;8.42566e-08;2.3551e-07;1.55582e-08;0.0260196;9.90403e-05;4.71578e-05
4.02736e-06;0.996772;5.49206e-08;8.04473e-06;2.23666e-05;7.77323e-06;5.2585e-06;0.001649;0.000153984;3.58605e-07;1.01e-05;4.83459e-06;0.000989508;0.000373307
2.23014e-06;1.08625e-05;1.58015e-09;1.01285e-08;6.61968e-08;4.18684e-09;4.7284e-10;0.999934;4.6811e-06;1.24535e-09;6.62366e-08;2.55878e-07;4.7441e-05;1.94609e-08
2.46678e-07;0.0173316;3.37728e-07;9.56764e-07;1.53855e-07;1.03613e-07;9.15621e-05;8.60745e-08;1.43615e-08;0.000650257;3.53345e-08;6.74186e-08;8.21548e-09;0.981925
2.07888e-09;1.96097e-10;0.999992;5.18407e-09;4.49348e-10;3.48366e-10;6.9042e-09;9.47672e-11;3.52465e-09;7.67987e-10;2.46552e-07;7.69939e-06;4.10418e-13;1.10205e-09
2.29848e-08;6.30254e-07;2.06586e-14;9.2846e-11;1.10168e-08;1.94374e-12;5.59959e-11;0.999997;1.7846e-06;1.70428e-11;1.36486e-07;1.13862e-10;1.68079e-07;2.66921e-12
2.1104e-05;0.292908;0.0037614;2.40101e-05;1.62245e-05;0.000105786;0.000952997;2.20347e-05;2.45251e-07;0.00783755;1.83691e-06;2.00477e-05;4.80415e-06;0.694324
5.60083e-10;5.32933e-10;1;1.81821e-11;2.48019e-09;2.42821e-10;3.2674e-09;1.83844e-09;1.75774e-11;1.10777e-11;2.13271e-10;6.73085e-08;5.54909e-12;4.29886e-11
3.51629e-05;0.052285;6.57137e-07;2.64484e-06;2.9065e-06;1.02923e-06;1.29438e-05;0.0381238;0.000560955;8.72092e-08;0.00089211;0.00272423;0.905356;2.02448e-06
1.06608e-05;0.990144;1.92261e-07;2.11891e-05;4.15539e-06;1.13615e-06;1.30561e-05;0.0070405;2.63852e-05;9.74363e-07;5.0238e-06;0.00012625;0.0023715;0.000235176
1.29384e-05;0.627501;1.58832e-07;8.45335e-06;1.18956e-06;2.37265e-07;5.91814e-08;0.338978;3.50745e-06;2.68831e-07;1.96764e-05;0.0328921;0.000547509;3.50448e-05
4.45299e-05;0.0867032;8.31636e-06;3.42519e-06;5.4932e-06;0.000197765;0.000966292;6.70883e-05;5.7195e-07;0.000954146;5.9657e-06;0.000284696;0.000219657;0.910539
3.98717e-08;5.26706e-09;0.999811;7.46649e-09;1.15923e-06;1.30136e-06;1.1884e-08;4.0518e-07;1.89606e-08;5.39874e-09;6.68761e-08;0.000186314;6.62581e-10;1.85783e-08
5.44128e-06;0.898566;1.56613e-06;1.22987e-06;3.82956e-05;1.71718e-06;8.69285e-07;0.0213504;1.05911e-05;5.86352e-08;2.17148e-05;0.00498093;0.0750084;1.25645e-05
3.1058e-07;0.283784;7.43964e-08;2.46558e-07;9.02859e-06;5.32918e-06;0.000116402;6.19497e-06;3.15388e-09;0.000142862;5.45728e-09;2.47882e-07;4.36243e-06;0.715931
7.58187e-11;3.1493e-09;1;3.9554e-10;1.09393e-08;6.50271e-08;3.74925e-10;6.29716e-09;1.28618e-12;1.2668e-10;2.07818e-11;1.98823e-07;3.31553e-11;1.139e-08
1.06206e-06;0.00652959;3.80231e-09;9.67997e-07;3.90654e-06;0.000115291;1.07886e-06;0.00119719;3.47977e-07;6.75347e-08;1.30355e-05;0.000323813;0.991703;0.000110795
1.31407e-05;0.000965342;0.000104901;3.97604e-05;8.00282e-06;5.87601e-05;2.35403e-07;7.27502e-05;1.4782e-05;2.06183e-06;0.000133661;0.995934;0.00253722;0.000115668
1.07283e-05;0.000354437;1.29491e-07;2.82134e-07;6.10639e-07;1.16099e-07;4.92158e-07;0.999559;4.46162e-05;6.86809e-08;2.99196e-06;1.16878e-06;2.48155e-05;1.23912e-07
2.05722e-07;0.995325;1.91872e-08;5.82599e-07;7.01378e-08;1.94998e-08;5.24609e-07;6.22347e-07;2.17656e-09;1.16481e-05;1.12368e-08;2.05059e-07;2.7103e-08;0.00466165
2.32065e-08;3.61178e-06;0.999992;2.26038e-08;8.6509e-09;8.78825e-07;2.87365e-06;1.95585e-08;4.95884e-09;5.62483e-08;1.83972e-07;2.39072e-09;3.61536e-07;1.67132e-08
2.6667e-08;5.91744e-09;0.999996;2.69906e-09;9.9656e-10;4.96712e-10;2.47894e-09;3.79282e-06;1.12182e-08;3.6338e-10;1.67538e-08;5.28253e-08;8.12778e-09;1.11209e-12
1.15164e-05;0.000470314;0.0254407;5.72847e-06;2.24451e-05;3.03036e-06;3.90023e-08;0.000131595;5.45026e-05;2.91496e-07;4.9072e-06;0.973744;4.4076e-06;0.000106101
4.20009e-05;0.913912;4.95063e-06;1.73436e-07;0.0119017;0.000111158;1.53552e-08;0.0354537;7.3682e-06;1.02298e-07;1.72598e-06;0.00122563;0.0328657;0.00447389
0.000539661;0.0332988;2.85897e-06;4.92309e-05;0.628118;0.00455023;1.2835e-06;0.0335475;0.00300276;1.6906e-05;0.000107353;0.267719;0.00582806;0.0232183
9.21523e-06;0.999772;4.46697e-09;9.7745e-09;3.55405e-08;2.12106e-08;2.21211e-08;2.38601e-05;1.38882e-06;1.41271e-09;2.44092e-09;3.12889e-06;0.000190279;2.1885e-09
6.81368e-07;0.0522616;6.39046e-07;5.28247e-08;1.08759e-06;5.83407e-08;1.13804e-09;0.000250535;1.54025e-08;3.7096e-09;9.7395e-09;0.946856;0.000627279;2.33247e-06
7.91309e-06;0.81254;1.15715e-06;8.45075e-05;0.000954436;4.99762e-06;1.77731e-05;0.13901;1.20961e-05;1.49156e-05;9.38065e-06;0.00037459;0.039541;0.00742768
2.9104e-05;0.0300064;6.94622e-05;0.000100234;2.90412e-06;1.53998e-06;2.99487e-05;0.00066423;0.000272488;7.45748e-06;0.00135292;0.966505;0.000777153;0.000181189
0.000121092;0.165488;1.43498e-06;9.49357e-05;4.63818e-05;0.000233277;7.84099e-05;0.00777107;7.87287e-05;2.7908e-05;9.40872e-05;0.0333292;0.792575;6.01708e-05
2.97134e-05;0.00183782;4.93653e-07;1.71537e-05;1.07861e-05;1.41477e-05;8.7776e-07;0.000106974;6.14246e-05;4.40315e-06;2.12352e-05;0.997419;0.00044536;3.03593e-05
0.000265129;0.991497;7.64894e-05;4.10626e-05;0.000108006;1.51861e-06;5.77925e-06;0.0016918;6.21061e-06;3.42396e-06;7.70127e-06;0.0062778;1.13065e-05;6.75862e-06
3.88817e-06;0.995402;9.71545e-11;8.55281e-08;5.22649e-07;4.62896e-08;0.000791291;0.000122932;5.66751e-08;2.58399e-05;9.10932e-08;1.10731e-09;0.000262784;0.0033905
1.33401e-10;5.93093e-11;0.999998;7.93954e-11;5.2268e-09;2.12845e-09;1.38581e-10;1.21697e-11;8.45816e-13;2.34868e-11;1.17691e-11;1.62621e-06;3.38324e-13;3.63423e-11
1.06428e-06;0.969091;3.11412e-07;8.32319e-06;4.75362e-06;5.23749e-05;0.0229462;0.00247605;1.78675e-05;2.93954e-05;3.94293e-06;1.98201e-09;0.00528065;8.79427e-05
2.8666e-11;1.39348e-11;1;4.97301e-10;2.70084e-11;1.73192e-10;8.70616e-10;1.86597e-10;4.86059e-11;2.85947e-11;7.13299e-10;8.64175e-09;3.65585e-12;1.74671e-13
2.01766e-05;0.0554203;0.00292468;0.000170286;4.35638e-05;9.91491e-05;3.54993e-06;0.0553203;0.000265844;4.72445e-06;0.000507367;0.883289;0.00098015;0.000951106
3.38315e-05;0.00154234;3.41262e-08;1.43439e-07;0.000621657;0.000240164;7.30657e-07;0.992081;1.74772e-05;3.11116e-07;3.62888e-06;3.77304e-08;0.000632624;0.00482572
7.23186e-06;0.000381224;0.000332569;7.45895e-07;0.00277488;2.41076e-05;5.2931e-09;0.000143322;4.28945e-07;2.2589e-08;8.62722e-07;0.992904;0.000189052;0.00324199
6.45905e-07;0.999699;3.92171e-10;4.06415e-09;1.05272e-07;3.0823e-07;5.22563e-05;0.000143727;1.20133e-07;2.58355e-07;7.59859e-09;1.87282e-09;3.96718e-05;6.39957e-05
1.72568e-11;1.74358e-11;1;2.65653e-11;1.93467e-10;4.81565e-10;2.37996e-12;5.31065e-11;1.1915e-13;5.8105e-12;6.44293e-13;1.67619e-07;1.58829e-12;1.29031e-12
1.74574e-05;0.0911682;1.94959e-05;0.000589248;0.000269735;0.00747377;1.84424e-05;0.104108;0.000442648;1.31933e-05;0.00151499;0.0143797;0.77544;0.00454563
4.89205e-07;0.97389;1.34533e-11;3.78356e-06;4.89952e-07;1.20241e-06;1.38612e-07;0.00233941;4.07516e-08;4.96629e-07;1.06422e-06;0.000975882;0.0227872;3.61319e-07
7.9074e-05;0.0376408;1.32633e-07;0.000604266;0.000288173;0.00186796;7.39265e-06;0.000888456;1.41934e-06;0.000113576;3.28792e-06;0.000653007;0.952675;0.00517708
4.86731e-05;0.00190875;0.983941;8.87555e-05;1.37728e-05;2.69408e-07;5.95461e-06;0.00012054;7.05715e-08;5.76022e-05;6.54475e-07;0.0137804;1.79229e-05;1.52278e-05
2.08641e-08;4.03781e-05;1.06504e-09;9.63344e-08;6.79713e-11;2.07881e-08;0.998803;2.0854e-10;7.64467e-07;0.00115118;4.73745e-06;8.3393e-12;9.04318e-08;1.29276e-07
5.31408e-11;1.7493e-12;1;9.59693e-11;6.38796e-12;1.03213e-11;1.13205e-08;1.99174e-11;5.37727e-10;4.30819e-10;2.59587e-09;8.98933e-11;4.44388e-15;5.76942e-15
