1.63515e-05;0.999008;0.000100279;0.000113747;5.20606e-06;2.67074e-06;1.17538e-05;0.000187522;1.5599e-06;4.00893e-06;1.52968e-06;0.000515327;2.5954e-05;6.03926e-06
1.83233e-05;0.971669;3.05008e-09;8.94381e-07;1.12789e-07;2.85227e-06;9.49157e-07;1.41401e-05;1.08546e-06;1.9515e-07;1.96654e-06;0.000416704;0.0278473;2.65598e-05
9.4893e-06;0.106517;6.33624e-08;9.31539e-07;5.25756e-06;3.83426e-05;0.00022236;0.000103301;2.45544e-07;0.000281739;8.88385e-08;6.53279e-06;2.60197e-06;0.892812
2.00607e-08;8.73918e-10;0.999996;1.10667e-08;2.17607e-08;1.32459e-07;5.14405e-08;1.13997e-06;6.23735e-08;7.56469e-09;2.19252e-07;1.86873e-06;3.67467e-10;3.4759e-10
6.47612e-07;0.998792;5.89037e-08;1.6604e-07;6.28466e-10;5.80518e-09;0.000847181;0.000248694;3.11073e-06;1.38878e-05;2.46421e-05;2.4049e-08;6.81223e-05;1.18777e-06
4.26879e-13;1.36759e-10;1;2.58538e-12;3.34282e-12;1.91632e-13;8.23013e-13;6.00121e-11;4.21609e-14;1.39088e-12;1.24169e-12;5.0944e-09;2.19869e-14;9.80009e-14
8.27913e-05;0.0926516;7.14854e-06;0.00337244;0.00147808;0.000976292;0.00248705;0.322628;0.031482;0.000134303;0.511122;0.0184335;0.0105546;0.00458956
0.000154166;0.938565;4.98585e-06;7.10387e-05;1.05101e-05;9.14533e-06;0.000163449;0.00495417;9.45043e-05;1.293e-05;0.00916557;0.00304316;0.0434956;0.000255962
8.39657e-07;0.977368;1.90422e-08;9.15548e-08;1.54403e-08;4.95756e-07;3.06325e-06;7.4914e-07;1.66166e-08;1.08977e-07;8.67108e-07;0.00690338;0.0157207;2.11851e-06
7.26897e-05;0.00626753;5.34101e-06;4.36205e-05;0.00135472;0.000819747;8.99314e-06;0.00760884;3.71654e-05;6.15916e-06;0.000125317;0.955736;0.0228478;0.00506617
0.0002227;0.109463;4.08946e-07;0.000102081;0.00172029;0.00025318;1.35697e-06;0.880899;8.77544e-05;2.13369e-05;1.45643e-05;0.000678667;0.00473076;0.00180532
0.00022676;0.383449;3.72885e-08;4.01988e-05;2.70761e-05;3.14208e-05;6.11207e-05;0.000668706;0.000476938;2.83794e-05;0.000708111;0.0153496;0.598832;0.00010012
0.00923845;0.704078;0.233278;0.00577671;0.00405576;0.00617385;0.00397612;0.0188019;0.00092079;0.00594606;0.000176163;0.00126103;0.00288217;0.00343515
6.48414e-09;8.58654e-09;1;7.36293e-09;1.36593e-09;6.2395e-10;1.68566e-08;2.53602e-08;4.24727e-09;2.51035e-09;4.39723e-09;6.12161e-08;1.18161e-10;3.30444e-11
0.000570333;0.0414769;0.000397391;8.83298e-05;0.00467216;4.33053e-05;7.47425e-05;0.102881;0.00163404;6.09581e-06;0.00323621;0.823438;0.0185629;0.00291837
8.07396e-06;0.0129863;2.55568e-09;9.24255e-06;0.0138191;3.47576e-06;1.46559e-05;0.970488;0.00152002;5.45789e-06;0.000381351;0.000105509;0.000655484;3.6261e-06
0.000581971;0.0784313;0.861162;0.00127666;0.0311157;0.000803141;9.494e-06;5.65614e-05;1.20515e-05;0.000503583;3.25365e-05;0.017982;0.00261149;0.00542149
0.0104101;0.406705;0.000390042;2.37818e-05;4.36848e-05;1.15237e-05;0.00055375;0.221269;0.122122;3.53647e-06;0.0226586;0.0671746;0.148631;3.35043e-06
0.000784009;0.188742;0.000203486;0.000272812;0.0123533;0.00853474;2.01167e-05;0.0653746;0.00210998;9.9807e-05;6.04804e-05;0.425436;0.290327;0.005681
0.000903391;0.119369;6.32251e-05;0.00165775;0.000509859;0.000394864;0.000383687;0.000950757;0.00438259;5.26018e-05;0.00343814;0.832657;0.0349348;0.000302153
0.0076265;0.151474;1.85807e-05;6.38863e-05;0.0117028;0.00115762;6.65606e-05;0.689884;0.0053286;2.88463e-05;0.000875502;0.00422862;0.124;0.00354497
0.00133475;0.143541;0.000236995;0.00456639;0.0143974;0.00368473;8.81043e-05;0.0131817;0.0839846;0.000151194;0.0192328;0.599954;0.113547;0.00210012
1.61262e-05;0.999885;2.24819e-07;6.69055e-07;2.75371e-08;2.4121e-09;5.26187e-05;3.87078e-06;1.37385e-05;2.06605e-06;2.2633e-05;1.61246e-07;9.57881e-07;1.82526e-06
3.93613e-06;1.06089e-06;0.994838;1.30526e-07;9.43939e-08;5.4467e-11;7.20384e-08;0.000329566;3.13271e-06;4.37437e-09;4.58232e-06;0.00481864;7.58309e-07;4.43438e-09
6.61263e-06;0.00227638;1.94149e-08;1.02892e-06;0.0186237;7.19237e-07;2.84655e-08;0.959285;0.000733432;1.66905e-07;6.38329e-05;0.0160203;0.000680994;0.00230818
1.71908e-08;0.979593;0.000102904;1.16857e-07;1.94073e-07;9.04874e-09;4.09795e-07;4.6053e-08;2.96098e-10;5.45147e-06;8.6744e-10;4.85772e-06;5.48657e-08;0.0202925
0.000219508;0.0134077;8.86729e-05;1.47218e-05;2.94735e-06;6.93584e-06;0.380273;0.0142412;0.424577;2.75243e-06;0.163478;5.0187e-07;0.00368552;6.11198e-07
