1.9838e-06;0.989878;4.37957e-09;2.89244e-07;6.59151e-07;6.73444e-07;5.94273e-06;0.00724372;4.76635e-07;7.11966e-06;8.22631e-08;2.7451e-07;0.00283991;2.12696e-05
2.88629e-10;7.93567e-10;0.999995;1.05683e-09;1.37072e-08;2.55042e-10;3.79029e-11;2.39994e-09;1.55759e-11;2.05449e-11;4.0547e-11;4.75408e-06;7.10394e-12;1.23975e-10
6.65336e-07;0.999563;1.65682e-06;3.23256e-06;1.28827e-07;2.75904e-08;2.42054e-05;3.98725e-05;6.7416e-07;2.24882e-07;2.45102e-06;0.000100137;0.000187141;7.65092e-05
6.12183e-05;0.133923;6.0033e-05;0.000202586;1.15792e-05;2.87446e-05;0.000819256;0.0308646;9.39458e-05;1.20364e-05;0.00104431;0.832109;0.000641271;0.000127864
1.27611e-05;0.000201828;3.0166e-09;1.92936e-07;1.99814e-06;2.63386e-07;2.91693e-07;0.998697;3.83326e-05;9.91502e-09;8.08623e-06;5.92807e-06;0.00103352;3.32119e-07
4.66493e-06;0.0708481;0.000111781;9.42021e-07;4.56161e-06;6.96427e-07;1.70715e-07;0.00146461;1.64406e-08;1.04807e-06;7.51111e-08;0.92694;3.65508e-05;0.000586843
3.2903e-07;0.935848;4.03503e-10;5.06016e-07;1.89725e-08;2.34151e-06;0.0634866;1.72084e-07;9.70377e-07;8.22097e-05;5.18259e-06;5.11168e-09;0.000387138;0.000186684
1.78954e-09;1.154e-09;1;8.96101e-09;8.02517e-09;2.07037e-07;8.05083e-08;3.75764e-09;1.37991e-09;1.06728e-09;1.93229e-08;1.12812e-07;7.57207e-11;1.17998e-09
3.15769e-06;0.00137048;5.40546e-09;1.83088e-07;2.54523e-06;2.08987e-06;2.03738e-09;0.00144764;7.1906e-07;2.82819e-09;1.14113e-05;3.58207e-05;0.997124;1.91834e-06
3.40985e-06;0.992103;2.23973e-06;2.25345e-07;2.83444e-07;2.24e-06;0.00130979;8.19773e-06;1.61194e-08;0.000447475;1.25157e-07;6.13817e-05;6.21899e-05;0.00599924
2.48937e-10;5.6972e-11;0.999999;4.02511e-10;7.22906e-09;2.82927e-09;3.12934e-09;1.54841e-08;8.68473e-11;1.03008e-09;1.55068e-09;5.59087e-07;6.91237e-13;5.07153e-12
6.0604e-07;0.996385;6.82269e-06;2.8996e-06;5.43763e-07;8.16731e-06;0.00254494;3.83513e-06;2.23713e-08;0.000912311;1.34136e-05;5.68579e-07;7.36843e-05;4.70505e-05
1.39353e-10;4.92458e-09;0.999999;5.29868e-10;5.02369e-10;5.69154e-09;9.45209e-08;1.91325e-09;1.12146e-10;3.40767e-10;4.84418e-09;6.74622e-07;9.22172e-13;2.69587e-10
1.62698e-06;0.980377;7.89055e-09;1.8425e-07;1.99641e-08;2.87752e-07;1.23929e-06;2.26881e-06;5.40462e-07;6.14425e-09;1.13797e-05;0.000169376;0.0194363;1.27378e-07
1.65254e-05;0.423456;6.42193e-06;4.47766e-06;0.000351265;5.87097e-05;4.04326e-06;0.194812;1.6662e-05;8.1881e-07;3.33833e-05;0.317466;0.0148639;0.0489093
1.77168e-05;0.439994;9.39467e-08;8.53849e-06;8.16303e-05;5.34218e-05;0.000107692;0.558517;1.0209e-05;5.71154e-05;3.62564e-05;9.75079e-05;0.000290903;0.0007275
5.8059e-09;3.66624e-08;0.999997;1.70064e-09;5.00338e-09;7.14281e-11;3.00492e-09;1.45327e-07;5.19599e-11;3.2888e-10;4.16293e-10;3.02163e-06;3.52277e-11;1.72612e-10
6.60817e-05;0.144839;8.96349e-05;0.000188747;3.10387e-05;2.49103e-06;0.000708976;0.0118317;0.00282774;2.30213e-06;0.00148152;0.834689;0.00143706;0.00180477
4.26774e-05;0.97817;9.11985e-08;0.000123068;1.3143e-05;8.11494e-05;0.000125304;0.00358579;0.0010981;2.43049e-05;0.00155926;0.00712129;0.00802871;2.72755e-05
2.90895e-06;0.11699;4.31944e-08;1.9364e-06;5.94348e-07;1.84788e-06;3.77621e-07;0.000124936;8.999e-07;1.3673e-07;2.22819e-06;0.882166;0.000701275;6.05598e-06
2.56043e-05;0.0645801;0.00010062;4.76515e-05;0.00191058;0.000520673;4.35e-07;0.0781196;1.19542e-06;3.4666e-07;2.65408e-06;0.411192;0.441469;0.00202963
5.43858e-05;0.826384;5.82829e-06;3.64254e-05;0.000159563;0.000633246;1.0493e-05;0.0139365;7.37229e-06;1.10618e-06;1.49311e-05;0.0166371;0.136314;0.00580502
7.23716e-05;0.0170464;2.46903e-07;1.48269e-05;0.000156734;4.85472e-05;1.01085e-06;0.0371396;3.25348e-05;3.55585e-07;9.51626e-05;0.00229919;0.942884;0.000208594
4.5995e-06;2.0768e-05;5.15715e-08;1.52703e-08;1.5538e-07;9.74231e-09;3.52781e-09;0.999961;4.098e-06;2.86402e-09;1.05659e-07;9.91683e-07;7.57072e-06;3.39268e-07
2.18367e-06;0.000245216;4.01993e-06;0.000317116;0.00289562;0.0022728;3.02672e-08;3.78762e-05;5.03983e-06;4.45745e-06;8.37314e-05;0.629238;0.000223291;0.364671
1.5989e-05;0.917315;1.57661e-05;6.46696e-06;5.39899e-06;7.40157e-08;1.89883e-05;0.082077;1.68203e-06;1.72995e-06;1.75787e-05;3.5069e-05;9.13635e-05;0.000398574
2.28897e-06;0.00253804;0.213514;0.00034885;0.000352723;0.000296552;1.7696e-07;1.30608e-05;9.5649e-08;5.45285e-06;2.43291e-05;0.779975;0.000680545;0.00224888
0.000215775;0.165495;3.77692e-07;0.0001398;1.28109e-06;6.48058e-06;0.0019662;0.00200572;0.0364862;5.46845e-06;0.777752;0.00133755;0.0145703;1.70768e-05
0.000774039;0.776602;3.80542e-06;3.61125e-06;2.94588e-05;9.70932e-05;2.18822e-05;0.143305;3.25467e-05;2.32618e-05;6.85102e-05;9.59082e-05;0.0728427;0.00609934
5.31552e-05;0.131929;0.000225639;7.06529e-05;0.00157177;6.9652e-05;0.000105545;0.824147;0.000831529;0.000444484;0.000240712;0.0387534;0.000426008;0.00113143
3.34607e-09;1.20433e-07;1;9.43453e-10;5.48917e-10;6.6969e-13;6.06308e-09;3.28035e-07;8.22674e-10;8.32086e-10;1.69023e-09;2.16155e-08;3.60993e-10;1.64432e-12
2.18389e-05;0.00115986;0.000143992;1.71881e-05;0.000156795;3.87534e-07;4.14304e-05;0.000927801;0.00208021;5.49149e-07;0.000167463;0.993077;9.05681e-06;0.00219646
0.000249533;0.966593;1.98813e-08;3.32052e-05;6.15767e-05;3.89857e-05;0.00029106;0.00822355;0.0135706;1.53875e-05;0.00172977;0.00263119;0.0065378;2.4548e-05
1.9911e-05;0.0230357;1.85834e-07;3.16406e-07;7.90689e-07;3.11719e-07;6.78226e-07;9.3012e-05;9.05049e-06;1.11648e-07;3.47583e-06;0.976214;0.000621944;5.54871e-07
0.00177691;0.344788;0.000185652;0.00030811;0.0147951;0.000305359;0.000138417;0.283186;0.000792756;1.4752e-05;0.000236607;0.0779132;0.254198;0.0213612
0.000404272;0.825614;0.00553857;0.000173698;5.283e-05;1.74491e-05;0.000806591;0.0121685;0.000143602;3.55962e-06;0.000202164;0.11851;0.035063;0.00130204
3.22896e-05;0.964347;1.44657e-06;4.98036e-06;3.78129e-06;2.54826e-05;0.000227289;0.00750111;4.4546e-06;6.25606e-05;6.49707e-06;0.000149775;0.0269262;0.000706936
4.18593e-10;3.53657e-10;0.999999;8.63956e-10;9.61087e-11;6.42662e-11;1.35702e-10;3.53501e-09;1.04452e-10;1.10658e-11;1.12423e-10;1.13828e-06;3.04588e-11;2.41568e-12
3.23116e-05;0.0123068;0.000480453;0.000334951;0.000178784;2.15541e-05;7.69896e-07;0.0242956;0.000304186;1.86737e-05;7.58112e-05;0.956139;0.00206001;0.00375118
1.9935e-06;0.992994;2.64044e-07;0.000338182;0.000309676;0.00102193;1.07083e-06;0.000766077;6.17096e-05;2.21253e-05;8.52014e-05;1.02719e-05;0.00197553;0.00241187
3.68867e-05;0.459074;0.00206241;0.000561388;0.00795132;0.000241242;1.11745e-05;0.0328981;1.34918e-07;6.45459e-05;3.18858e-06;0.48277;0.000444064;0.0138815
4.93396e-05;0.60419;0.0224686;0.00114741;0.0019432;0.232957;0.000305383;0.0222095;8.92825e-06;0.00105185;6.21368e-05;3.26253e-06;0.109628;0.00397496
2.28071e-09;2.45853e-08;1;6.55149e-09;8.98156e-10;2.20152e-09;1.05162e-09;7.99681e-08;1.68426e-10;3.98178e-11;1.55376e-09;1.84285e-07;2.49619e-09;1.62419e-11
2.67484e-06;0.110729;1.24367e-06;0.000159126;1.01721e-05;2.40338e-06;1.75934e-07;0.00564027;5.22442e-05;8.58885e-07;4.23183e-05;0.880144;7.30805e-05;0.00314278
9.118e-06;0.986457;5.5576e-06;5.112e-06;9.85344e-06;3.19191e-05;4.83273e-07;0.00140691;5.87912e-08;3.07947e-07;3.54745e-07;1.63492e-05;0.0116669;0.000390348
2.98021e-06;0.000205983;3.03619e-05;5.56131e-06;0.068861;0.00280841;3.40078e-08;0.925684;1.14499e-07;1.03271e-05;1.28613e-07;0.000685746;0.0014279;0.000277591
2.98531e-07;0.000320879;0.999165;6.89271e-06;5.55433e-05;0.00039579;1.00801e-09;1.6415e-06;3.59406e-09;3.73802e-08;1.99852e-07;1.41791e-05;9.78071e-06;3.01424e-05
1.05859e-05;0.500338;1.90672e-05;0.000148257;0.000161866;0.0030897;4.34201e-05;0.230471;0.000245478;2.65476e-06;0.0124109;0.000649548;0.250786;0.00162355
