1.76514e-06;0.00771262;1.38065e-08;1.99422e-06;3.35923e-07;6.82412e-06;3.58849e-07;0.000190543;7.13964e-06;5.99551e-08;1.49476e-06;2.19827e-05;0.992055;1.40139e-07
4.69007e-05;0.000171651;2.3189e-07;6.0151e-05;7.54234e-05;5.81157e-05;3.58357e-08;0.00358103;2.22376e-05;1.67114e-06;1.96896e-05;0.995438;6.47275e-05;0.000459708
2.49144e-05;0.974974;1.44289e-07;6.31109e-06;9.65316e-08;2.33665e-06;0.0224846;3.16583e-05;9.69322e-07;0.000343112;8.31048e-07;8.02052e-09;5.12165e-07;0.00213077
8.69298e-12;6.1344e-12;1;1.36132e-11;5.24425e-12;7.08257e-12;3.40015e-10;5.8559e-13;1.20096e-12;1.39941e-11;8.53038e-12;7.12992e-09;2.83355e-16;6.44149e-13
1.1331e-06;0.997655;4.75302e-08;2.3959e-08;3.13419e-09;4.67608e-09;9.03002e-07;4.70722e-07;6.75388e-08;4.32822e-09;8.04119e-08;3.63624e-05;0.00230632;5.33912e-09
0.000157456;0.478636;3.38144e-05;2.3101e-05;9.69814e-05;2.77989e-05;2.86615e-05;0.107958;0.000528586;1.50584e-05;0.00012232;0.0950871;0.31454;0.00274464
0.000955998;0.259386;0.000320202;0.00494028;7.9946e-05;0.000984277;0.00556221;0.00149614;0.0986415;0.000114804;0.26962;0.254248;0.100926;0.00272464
4.42648e-06;0.00251246;6.30062e-10;9.5996e-08;1.30876e-05;5.11062e-09;4.13162e-06;0.997421;7.52582e-06;5.23066e-08;6.20071e-06;5.64338e-07;2.91375e-05;8.88975e-07
5.08094e-07;0.000515032;0.999034;3.60469e-06;4.7841e-06;1.29057e-05;1.06404e-07;9.76611e-07;6.2101e-09;7.25866e-07;3.37472e-07;2.4915e-05;6.61473e-05;0.000336477
4.77968e-06;0.98836;2.03123e-08;4.13185e-08;7.25421e-08;5.95857e-07;0.00876492;8.53294e-05;1.64488e-07;9.17534e-05;2.12503e-06;6.89099e-08;1.16593e-05;0.00267892
4.55312e-10;4.65632e-11;1;3.56193e-11;7.91038e-10;8.30251e-10;4.8768e-09;1.74247e-10;4.45815e-10;2.90494e-10;1.33824e-09;1.91188e-07;6.85551e-13;1.71587e-11
5.24485e-07;0.0336537;8.39739e-10;3.1358e-08;3.6227e-09;1.33432e-07;7.87902e-07;1.49194e-06;5.33247e-06;8.33118e-09;2.98392e-06;1.09027e-07;0.966335;1.44411e-09
1.96797e-06;0.00223807;0.99317;1.85847e-06;0.000142086;4.56745e-07;2.84889e-08;0.000108122;2.1413e-08;3.67359e-07;3.08752e-08;0.0033032;6.3487e-06;0.00102722
3.74993e-06;0.0771831;8.48785e-08;9.57642e-06;0.000395979;4.88028e-07;2.11789e-05;0.92128;0.000356665;4.86666e-06;6.84683e-05;1.19304e-05;0.000659444;4.34993e-06
0.00053985;0.693676;0.202967;0.0306974;0.00261091;0.00345553;5.56881e-05;0.00244403;0.00012668;0.0024561;0.000177709;0.0460224;0.00103185;0.0137396
0.00950952;0.00472463;1.28393e-07;1.57733e-05;5.63418e-06;4.00832e-07;7.26287e-05;0.836037;0.14319;3.84208e-07;0.00452629;0.000168633;0.00174295;5.57292e-06
0.000167799;0.582321;1.23616e-07;5.15304e-05;0.0033614;2.0114e-06;3.34388e-08;0.192962;0.000219898;7.28302e-06;3.36179e-05;0.192682;1.29301e-05;0.0281791
0.000186825;0.0418441;0.0115632;0.00254456;0.000685039;0.00890444;4.70133e-06;2.61223e-06;3.38652e-05;8.97975e-05;0.000682506;0.665541;0.00126933;0.266648
0.023196;0.19508;4.99087e-07;0.000208058;0.000341988;0.00714543;4.30969e-05;0.347313;0.02231;2.52161e-05;0.243696;0.0115303;0.148689;0.000421058
0.000469709;0.229939;0.000217662;6.15689e-05;2.60901e-05;2.49893e-05;9.89937e-06;0.00964888;3.44221e-05;4.52675e-06;0.00121678;0.601147;0.157124;7.5169e-05
0.000713848;0.31759;7.62258e-06;0.00469781;0.0407995;0.00187712;4.06188e-05;0.117482;0.00154636;0.0010982;0.0226116;0.108634;0.0258793;0.357022
8.34295e-06;0.0203938;2.11086e-07;1.36223e-06;7.12586e-08;1.12119e-06;0.965025;1.97024e-07;7.75293e-07;0.0142601;4.48175e-05;2.4617e-09;4.93733e-06;0.000259041
8.71529e-10;1.10715e-11;1;1.82147e-09;2.65631e-10;2.64715e-09;4.5269e-08;5.70796e-11;4.33963e-09;3.20823e-09;4.77402e-08;2.41112e-07;9.34357e-14;2.52605e-11
4.80898e-05;0.998072;3.63978e-06;1.82636e-06;2.14116e-08;4.63668e-08;1.13354e-05;0.000846717;0.000244551;3.17552e-07;0.000434543;6.23129e-05;0.000274259;1.82917e-08
5.46389e-06;0.990252;9.594e-08;5.64658e-06;1.74579e-05;1.45982e-06;0.000176175;7.37375e-05;3.43851e-07;0.000450019;1.12876e-06;4.76156e-05;1.31164e-05;0.0089553
7.63569e-07;3.25906e-06;0.999489;1.45771e-07;1.39374e-07;2.20913e-08;1.07866e-06;3.3804e-06;1.02854e-07;3.79792e-08;2.85717e-06;0.000494866;3.92273e-06;4.29694e-08
5.397e-05;0.898981;2.85389e-07;1.54904e-06;1.3501e-05;8.47162e-07;0.0897606;0.00615206;8.56739e-05;0.00438715;1.39714e-05;2.36702e-08;7.81861e-05;0.00047082
1.85561e-08;2.82904e-09;0.999998;2.1251e-09;2.14195e-09;3.1754e-10;2.02578e-08;1.07153e-08;4.81967e-08;8.45625e-09;1.79247e-09;2.12746e-06;1.28049e-12;3.44515e-11
0.00668377;0.230034;1.13067e-06;0.000390528;0.000151952;3.67726e-06;3.56072e-05;0.227897;0.516398;1.47901e-06;0.00615227;0.000582;0.0116647;3.60739e-06
0.00383777;0.475272;3.38822e-08;5.4548e-05;0.000430613;4.48934e-07;1.48809e-05;0.282882;0.193065;2.29068e-05;0.00071023;0.0242897;0.0182718;0.00114756
0.00120758;0.749343;0.065418;0.00165242;0.0125529;0.000162987;8.55909e-06;0.000806927;0.000271885;0.00040457;0.000342185;0.0122734;0.137362;0.0181926
0.00283454;0.506666;5.3173e-06;1.56947e-05;0.000533393;6.18195e-06;0.000143902;0.359785;0.0109512;3.41285e-06;0.00128999;0.0583942;0.0523362;0.00703511
0.00064636;0.485004;2.26001e-06;5.4466e-05;0.013273;3.00861e-05;4.59787e-06;0.112493;0.00788333;3.20981e-06;0.00115257;0.290367;0.0887837;0.000302641
0.00112397;0.658555;9.69117e-06;3.07614e-05;0.00180377;0.000103959;2.92135e-06;0.106628;0.000651525;1.90611e-05;3.8531e-06;0.0606027;0.131259;0.0392055
3.61555e-05;0.0147797;1.09955e-07;4.84661e-06;1.25411e-06;5.91274e-07;1.64078e-06;0.0630858;0.00246319;7.4437e-07;0.000223023;0.00230639;0.917096;7.29639e-07
2.06197e-05;8.26589e-05;5.86985e-10;1.05678e-07;2.29248e-06;3.13199e-07;1.23336e-08;0.999749;6.64784e-05;1.06233e-08;5.28759e-07;1.06772e-06;7.4137e-05;2.58849e-06
1.58336e-07;0.0048863;3.29778e-07;3.52301e-06;1.21527e-07;5.90299e-07;4.33206e-05;4.13081e-08;6.67423e-09;0.000472792;2.38609e-08;6.60214e-07;2.99379e-08;0.994592
4.37917e-09;2.26809e-10;0.999998;1.30224e-08;6.06201e-11;2.36538e-09;9.78197e-07;1.06503e-10;9.34083e-09;3.12937e-09;8.77966e-07;6.63698e-07;1.27e-12;4.76444e-11
1.20245e-06;0.962222;9.26831e-09;2.13478e-08;3.79456e-10;3.12823e-08;4.13869e-07;8.7245e-07;4.28485e-08;2.13687e-09;7.6132e-07;4.03051e-07;0.0377744;2.5356e-09
1.35335e-08;1.59572e-05;2.16533e-09;2.09534e-07;7.10567e-05;1.6944e-07;7.54379e-09;2.54175e-05;1.08721e-07;1.39062e-08;4.07298e-07;0.999856;1.28579e-07;3.0626e-05
1.06722e-05;0.909789;0.0154667;0.000317665;0.00521252;0.00288203;2.9567e-06;0.0401601;6.34505e-08;1.41127e-05;7.48737e-06;0.000352177;0.0252025;0.000582227
7.71555e-07;0.000841194;1.03766e-09;2.29952e-07;8.43225e-07;0.000129449;5.86619e-06;1.89782e-06;1.79385e-07;2.36127e-07;5.31731e-06;5.06392e-06;0.998998;1.14039e-05
1.22935e-05;0.00193147;0.99741;6.61011e-05;2.15711e-05;3.15061e-05;9.08734e-07;1.33775e-05;2.4747e-07;3.982e-07;5.06026e-07;6.10238e-05;4.0195e-06;0.000446803
1.52515e-06;0.990727;1.5613e-08;4.36406e-05;1.34973e-05;5.89384e-06;2.36334e-06;0.0060674;2.75382e-05;1.43004e-07;0.00011168;2.9851e-05;0.00240053;0.000569093
2.30957e-06;0.0286749;7.48412e-09;6.78098e-07;6.68132e-05;1.24827e-07;2.85187e-09;0.970931;1.52038e-07;1.31781e-07;5.53562e-07;2.22146e-05;0.000262985;3.8418e-05
2.52642e-06;0.0365473;0.713256;5.79068e-06;0.0439293;6.78411e-06;2.24687e-09;2.47396e-05;8.74424e-10;1.23262e-06;1.40465e-07;0.160511;5.51275e-05;0.0456596
5.23092e-07;0.785604;5.65778e-10;1.5875e-07;1.7208e-06;4.04739e-08;0.000363223;1.30859e-05;8.66744e-07;1.05835e-05;2.37006e-06;8.42273e-06;7.35428e-05;0.213921
0.000167852;0.122043;6.46824e-06;6.2496e-05;4.66871e-07;2.75494e-05;0.532898;0.0137457;0.105422;8.64052e-06;0.1512;1.59562e-05;0.0744002;2.96174e-07
1.11379e-06;0.0205926;1.25766e-09;2.8257e-07;1.3365e-08;7.2496e-06;9.44381e-07;3.54341e-06;3.82656e-07;1.76821e-07;5.96733e-07;1.38827e-06;0.979392;2.14198e-08
1.45017e-05;0.000191652;0.468048;1.58236e-05;4.28988e-05;2.59068e-06;1.90817e-07;2.76356e-05;3.29084e-07;2.28508e-06;9.83319e-07;0.531468;8.46916e-06;0.000177017
0.00139727;0.366562;2.42319e-06;0.000239849;0.00202622;0.00695621;0.000463026;0.123092;0.0122517;0.000122065;0.0115495;5.05318e-05;0.474488;0.000799642
0.000251988;0.777974;3.76024e-06;2.51086e-05;1.82662e-05;5.73324e-05;0.0925288;0.000308398;0.000225642;0.0692825;2.20459e-05;5.93967e-06;0.000353497;0.0589432
1.41757e-09;1.54175e-10;0.999999;1.91522e-09;9.46856e-09;1.07546e-09;5.24046e-08;7.26371e-11;7.91542e-09;2.67392e-09;6.86467e-09;7.15594e-07;7.28491e-13;4.89213e-11
0.00171126;0.828383;2.33729e-05;5.29175e-05;5.34049e-06;1.25098e-06;0.00161482;0.103468;0.0396532;5.22442e-05;0.00204437;0.000588219;0.0223577;4.38049e-05
0.000147528;0.563741;0.000196785;0.000664128;0.00278916;0.0108874;0.000362316;0.0168222;0.00819709;0.000382014;0.00634879;0.335972;0.0267972;0.0266927
0.00101636;0.0935989;2.55863e-06;0.00247905;0.000372817;0.000313774;0.000190181;0.0161219;0.00469407;0.000558836;0.0235063;0.0225895;0.834429;0.000126706
0.00448106;0.0244392;0.95549;0.000196803;0.000517696;4.33388e-06;4.30348e-05;0.00216752;2.24549e-05;0.000114446;0.000215046;0.0117038;8.45519e-05;0.000519765
4.41405e-06;0.00995183;3.78472e-09;1.71274e-07;8.49093e-09;2.76942e-08;0.98894;6.23799e-07;0.000139822;0.000374207;0.00058213;9.66224e-09;4.27737e-06;2.44109e-06
2.57353e-09;1.45368e-09;1;1.629e-09;1.91869e-09;2.2807e-09;7.02999e-08;1.2412e-09;1.8931e-08;9.88414e-09;1.53065e-08;3.9017e-08;5.8318e-13;2.04038e-11
1.06654e-05;0.941642;9.44564e-08;2.33913e-06;3.00415e-07;3.62368e-06;7.95869e-06;4.85568e-05;9.19587e-05;6.10414e-07;5.88617e-05;8.38242e-05;0.0580495;7.67081e-08
0.000603308;0.046747;0.0960664;0.000703826;0.000228414;8.88357e-05;1.89687e-05;0.00135803;0.000189232;4.21184e-05;0.000306023;0.84773;0.000327265;0.00559045
1.96526e-05;0.95469;1.34625e-08;3.97236e-05;1.42086e-05;2.67409e-06;4.40154e-05;0.0395237;0.000450829;4.34876e-06;0.0005228;0.000101793;0.00456789;1.85661e-05
0.000409669;0.217098;0.000717;0.000556664;3.38936e-05;9.88388e-06;0.000132876;0.0166187;0.00917828;9.02655e-06;0.0100878;0.736962;0.00817637;1.01959e-05
0.0216105;0.38827;8.2703e-05;0.00218797;0.00391823;0.000907115;0.000501354;0.00557767;0.0856895;0.000361155;0.0289448;0.44352;0.00684931;0.0115794
0.00446729;0.204822;5.15059e-06;3.62717e-05;9.01735e-05;1.17013e-05;0.000227313;0.669223;0.0153128;5.68707e-06;0.0013167;0.012622;0.0916342;0.000225619
0.00164134;0.235887;2.81306e-07;0.00224308;0.000952709;0.00110669;0.000374315;0.102377;0.279985;6.62309e-05;0.0240042;0.114717;0.217281;0.019365
0.000412627;0.955017;1.4687e-06;6.70957e-05;0.000122991;1.80505e-06;1.57704e-05;0.036702;0.000973834;4.197e-05;0.00014768;0.000532201;0.00012317;0.00584034
0.000193065;0.131588;0.098824;0.00113726;0.01636;0.00028137;2.15312e-07;0.00366224;6.2364e-05;3.58951e-05;6.93453e-05;0.720899;0.0221569;0.00473065
9.9175e-05;0.0142901;5.7945e-07;0.000548368;3.58066e-05;3.32722e-05;0.0031621;0.0060056;0.100073;5.47702e-05;0.862031;0.00276002;0.0101831;0.000722806
0.000122697;0.983901;1.51005e-06;0.000163444;0.000140173;3.42945e-05;2.59044e-05;0.00703884;0.00054845;1.32413e-05;0.000727847;0.00304137;0.00410212;0.000138821
6.38219e-06;2.48654e-05;2.33554e-09;1.76807e-09;1.61546e-06;2.09792e-09;5.19464e-09;0.99994;1.67393e-06;1.358e-09;7.82469e-08;1.96574e-07;2.49284e-05;8.5489e-09
4.32251e-06;0.00223876;6.9334e-05;8.29299e-06;0.0057103;0.00196142;1.1327e-07;0.000368465;9.09798e-07;2.09664e-06;9.01091e-07;0.224646;0.000104494;0.764884
7.64599e-06;0.0446282;2.37174e-05;1.8298e-06;2.31493e-06;1.35667e-07;7.76282e-07;0.000890338;1.75805e-06;4.11604e-08;1.52806e-05;0.0027828;0.951644;9.45331e-07
1.99558e-05;0.680277;3.81782e-07;0.000373134;0.00398702;0.000512556;3.77898e-06;0.183491;0.00012601;5.64226e-06;6.06495e-05;0.0738618;0.0310838;0.0261971
3.67051e-05;0.037371;0.000825699;0.00669496;0.0028584;0.0075063;1.66414e-05;0.0573885;8.5216e-06;0.000104403;0.000149779;0.763557;0.119361;0.00412045
1.68117e-05;0.942664;4.33667e-06;0.00104146;3.5061e-06;8.0148e-05;0.00135995;0.000340403;0.000119808;3.95594e-05;0.0236965;0.0106334;0.0199602;3.96331e-05
1.54572e-06;0.977585;2.13038e-09;4.8613e-07;7.25343e-09;1.46933e-06;3.78098e-05;1.54945e-06;2.21535e-07;5.00824e-07;1.32659e-05;2.8563e-05;0.0223294;3.11677e-08
7.03613e-05;0.0380843;0.0641096;0.000638;0.000185305;0.000312984;1.75932e-05;7.13931e-05;1.65345e-05;6.19763e-05;0.000151732;0.893037;0.000308718;0.00293485
0.00279013;0.552623;1.52936e-05;0.000690509;0.000207795;0.000236091;0.00141935;0.0664809;0.00521123;6.44618e-05;0.0259438;0.00143707;0.342325;0.00055536
0.00155805;0.27061;8.25595e-05;0.000118762;0.00226737;2.77054e-05;1.6129e-05;0.350043;0.0146176;2.39827e-05;0.024348;0.320217;0.0139616;0.00210817
7.07035e-05;0.967919;5.26958e-06;1.06079e-05;3.19032e-05;5.46264e-06;0.0222426;0.000244681;5.2263e-05;0.00834251;1.59084e-05;1.74565e-07;4.3411e-06;0.00105472
3.41845e-09;2.55472e-09;0.999999;5.55759e-10;1.02086e-08;8.26377e-10;3.84639e-09;2.279e-08;4.01679e-10;1.90672e-09;5.53272e-10;1.37241e-06;3.79186e-12;2.63153e-10
3.85476e-06;0.956064;2.961e-07;9.82672e-08;8.96351e-08;4.67545e-07;4.38212e-06;0.0001717;6.49887e-07;3.46223e-08;1.51617e-06;0.000691701;0.0430585;2.36285e-06
0.000260473;0.0406784;5.17231e-05;0.000276456;0.00319786;0.000647857;5.69736e-05;0.568437;0.00174124;2.78562e-05;0.000742392;0.181831;0.20048;0.0015713
0.00189546;0.595466;0.00351611;0.0104888;0.000880628;0.000201958;0.000475563;0.36236;0.00364351;0.000191464;0.000430359;0.00326113;0.0148807;0.0023089
0.000933754;0.254388;5.73278e-06;0.00258046;9.92421e-05;0.000199452;1.57805e-05;0.594138;0.0264355;5.71028e-05;0.00343384;0.114907;0.00145671;0.00134896
1.404e-05;0.999209;9.96354e-06;1.82853e-07;3.1137e-07;1.38206e-08;4.03201e-07;0.000622639;1.44444e-07;1.04998e-06;6.30868e-07;8.47342e-05;4.01098e-05;1.64911e-05
1.80932e-05;0.00548519;0.00163979;1.10994e-05;0.0102429;1.32328e-05;3.71242e-09;0.000605724;3.82356e-08;3.51861e-07;1.01487e-06;0.980707;0.00122915;4.59701e-05
9.62979e-05;0.33258;4.50233e-07;4.02122e-07;2.22674e-05;6.68731e-07;0.00012886;0.665557;0.000355718;1.30178e-05;6.81487e-06;2.09349e-08;0.00123496;4.25179e-06
4.90579e-08;1.8994e-08;0.999999;9.77816e-09;1.79215e-08;1.78217e-09;5.95989e-09;1.4443e-07;1.19035e-07;2.72284e-09;3.39879e-08;2.54852e-07;2.81414e-09;4.45879e-11
1.12415e-06;1.33666e-06;0.996702;3.28586e-07;1.77049e-06;1.15991e-07;2.82771e-08;0.00053934;3.70932e-06;5.60138e-08;4.51224e-08;0.00274005;1.77985e-08;1.02599e-05
3.57354e-07;9.97091e-05;2.17216e-06;6.96952e-08;4.8918e-05;0.000134199;1.54087e-09;6.41213e-06;1.02872e-08;7.4473e-08;1.91926e-08;4.40108e-05;4.7784e-08;0.999664
0.000697876;0.0058362;1.24007e-06;2.60187e-06;0.000872787;9.85416e-05;2.31785e-07;0.97839;5.47818e-06;8.2096e-08;1.13153e-05;0.000726661;0.0133425;1.45505e-05
1.37108e-06;0.00040888;6.13008e-09;2.69343e-07;0.000944419;6.58004e-05;4.84616e-09;0.99684;9.62071e-08;7.57237e-08;1.03759e-08;1.5889e-05;0.00139644;0.000326318
8.17697e-06;0.00238731;1.58894e-08;3.75222e-05;6.88806e-05;1.88886e-06;1.47828e-06;0.987005;1.9081e-05;2.08525e-06;0.000140748;0.00630233;0.00402425;1.53886e-06
0.000347946;0.981752;1.26187e-07;0.000320275;7.94763e-06;8.98799e-07;0.000272844;0.0108782;0.000218916;5.14551e-06;0.000276602;0.000168952;0.00549387;0.000256676
7.20015e-05;0.970372;2.1693e-07;1.53756e-06;7.39845e-06;3.27425e-07;3.46792e-06;0.0156538;4.37391e-06;2.12022e-06;5.32604e-06;5.32092e-05;0.0135369;0.00028676
9.28673e-05;0.488054;0.00121698;0.000309164;0.00253518;4.40719e-05;0.0107825;0.437871;0.000829387;0.00648288;0.000963751;0.0381599;0.000108519;0.0125502
7.0353e-09;1.3505e-07;0.999998;3.44072e-09;2.75154e-10;2.65469e-12;5.22697e-08;1.35688e-06;1.42322e-08;1.28211e-09;4.58064e-08;6.25638e-08;5.43961e-09;2.36597e-13
0.000589467;0.0235547;0.0103055;0.00021506;0.00176621;0.000247703;0.000364567;0.0157717;0.00900481;3.00103e-05;0.00826795;0.905447;0.0231785;0.00125703
0.000337922;0.40873;0.000242194;0.000216274;0.023188;0.00599766;7.8424e-05;0.0748563;0.000508127;6.82877e-05;0.000478096;0.00805315;0.267518;0.209728
0.00164801;0.316018;2.42973e-05;0.0183592;0.0338477;0.0049702;0.00202579;0.0138408;0.0154325;0.00097694;0.0642513;0.45772;0.0106473;0.0602378
0.000865274;0.868262;3.81553e-05;1.34315e-05;7.69241e-05;1.31999e-06;0.000937696;0.128244;0.000149506;1.34689e-05;0.000145078;0.000189852;0.00105865;4.70857e-06
7.77221e-05;0.0017096;0.101967;0.000203963;0.000492769;0.000843601;1.05308e-07;8.79904e-05;2.57648e-06;2.89816e-06;3.93086e-06;0.88553;0.00874317;0.000334843
0.000672276;0.884809;2.11773e-06;2.9423e-05;7.69385e-05;4.58211e-06;5.59907e-05;0.0672009;0.00594713;3.8055e-06;0.00279895;0.0183492;0.0200317;1.81814e-05
6.29644e-06;0.643536;8.78446e-10;4.81871e-06;0.00094079;0.000120913;0.0195487;5.06132e-05;7.51174e-06;0.0267131;2.70128e-07;7.20148e-08;4.44695e-06;0.309066
8.98022e-10;9.91984e-10;1;1.33938e-10;3.69215e-10;3.30117e-12;5.70394e-09;3.71797e-10;1.01846e-10;3.14979e-10;5.96961e-11;5.93142e-08;5.6692e-13;4.43262e-13
0.00054827;0.185554;2.7397e-05;0.000663555;5.08981e-05;2.94604e-05;0.00732286;0.0117813;0.588313;9.97926e-05;0.153413;0.00538385;0.0468078;3.67541e-06
0.011568;0.805398;0.0140951;0.0190472;0.000338949;0.000280796;0.000355051;0.0138118;0.00666386;0.000422675;0.00163227;0.101022;0.000249913;0.0251153
8.54757e-06;0.992307;1.53157e-08;1.15193e-06;6.70095e-09;1.06149e-08;0.00739445;2.82086e-05;1.90792e-06;2.81537e-05;3.66441e-06;4.26767e-08;4.38387e-07;0.000226475
5.21076e-10;4.53005e-12;1;2.14207e-10;2.60951e-09;5.88533e-10;2.56551e-10;1.44505e-08;1.37316e-10;3.9066e-10;2.36738e-10;1.08116e-07;5.96183e-13;4.40285e-12
3.23731e-07;0.999963;1.80513e-10;1.01864e-08;3.26493e-10;1.54012e-09;1.62593e-05;9.20028e-06;2.5064e-07;1.63984e-06;5.36132e-08;6.73165e-10;8.50245e-06;6.32447e-07
1.46847e-11;1.75456e-09;1;1.07319e-11;5.69224e-11;1.50782e-12;5.08241e-11;1.99748e-10;1.18934e-11;1.90396e-11;7.15816e-12;2.61827e-07;5.70465e-13;3.50818e-13
4.97634e-05;0.0109849;1.4523e-06;0.00371234;0.0020464;0.000819173;0.00890087;0.254357;0.594807;0.000205451;0.11837;0.000947059;0.000630291;0.00416862
0.000240006;0.961543;9.64317e-07;0.000513826;7.35418e-06;3.32931e-06;0.000709675;0.00451207;0.00963862;5.01609e-06;0.0189451;0.000450104;0.00340782;2.27768e-05
4.76721e-07;1.29237e-06;1.06845e-11;5.75374e-10;3.08753e-07;1.80763e-09;1.34692e-09;0.999996;3.24999e-07;4.29347e-10;5.44225e-08;2.91622e-08;1.48192e-06;1.04891e-08
1.18874e-06;0.000201931;4.91749e-06;2.83613e-05;0.0117403;0.000169258;1.34999e-08;0.000224826;2.50989e-06;1.33919e-06;6.19374e-06;0.138098;2.09343e-05;0.849501
2.56964e-06;0.998958;1.82138e-06;1.17035e-05;6.10482e-07;3.70928e-08;9.79927e-07;0.000617173;0.000103447;9.6207e-08;0.000151951;2.83585e-05;0.000115159;8.15634e-06
2.03145e-06;0.000307502;1.21278e-07;0.000205581;0.0694306;0.0241982;8.88135e-07;0.00230228;0.000187162;4.76344e-05;7.753e-05;6.74744e-05;1.89377e-05;0.903154
1.76129e-05;0.997933;1.36088e-08;5.89953e-05;3.39284e-06;3.70286e-07;0.000137451;1.65421e-05;4.82998e-05;3.24772e-06;0.00128437;5.52361e-05;0.000439497;1.56297e-06
2.38265e-07;0.999667;1.05921e-07;3.85285e-06;1.51073e-08;1.80789e-07;7.12682e-08;5.45571e-06;1.0368e-07;3.11503e-08;1.39281e-07;0.000196961;0.000125935;8.49627e-08
6.02789e-06;0.0211898;1.11221e-07;0.00116667;2.76122e-06;0.000196167;7.97202e-06;0.00160109;1.24911e-05;4.99483e-05;0.000173135;0.00803513;0.967542;1.71166e-05
2.03455e-05;0.000165811;0.983655;0.007981;2.16051e-06;1.54454e-06;2.05734e-05;4.65068e-07;2.93668e-06;1.29472e-05;0.00079425;0.00733462;3.63048e-06;4.2742e-06
3.862e-05;0.000626759;6.21649e-06;0.00242438;1.61005e-07;2.18354e-06;0.00253338;3.71705e-06;0.0125224;7.85484e-05;0.981295;0.000103893;0.000363427;9.53008e-07
5.6211e-05;0.984133;1.29786e-06;0.000801689;3.11368e-05;1.6995e-05;0.000166015;1.36752e-05;2.06441e-05;0.000245338;0.000116339;1.8308e-06;2.63385e-05;0.0143697
2.31918e-06;0.00012827;0.000120229;1.96498e-06;0.000382662;8.60712e-08;5.55974e-08;0.999327;3.75373e-06;3.28805e-06;6.56404e-07;2.76543e-05;1.89821e-06;1.32959e-07
7.79325e-08;1.45801e-05;0.999977;6.42383e-06;9.8961e-08;3.62752e-07;6.2143e-08;1.426e-08;1.32658e-07;5.35336e-07;7.29901e-07;1.19236e-08;5.58718e-10;3.40784e-07
0.000333238;0.000225672;3.74719e-05;2.52261e-05;5.49058e-07;6.05049e-06;0.00046491;6.71267e-05;0.0428985;1.55049e-05;0.955181;6.25645e-06;0.000737227;1.15354e-06
