3.5007e-06;0.999656;4.3322e-06;1.30803e-05;5.11579e-07;2.08966e-07;1.26234e-07;0.000130839;1.32706e-07;1.66311e-07;2.03167e-07;0.000103451;8.66389e-05;3.44527e-07
1.50253e-05;0.00245028;1.42088e-09;3.14974e-08;6.10182e-06;3.19213e-08;3.40125e-07;0.997512;7.74108e-07;6.08063e-08;1.78384e-07;9.01099e-08;1.12542e-05;3.58231e-06
2.84555e-06;0.000230638;2.07291e-06;6.43241e-05;0.841401;1.99103e-05;1.54834e-06;0.0354585;2.08984e-05;1.88341e-05;1.36835e-05;0.105945;2.67604e-07;0.01682
5.69766e-05;0.0986197;0.862448;0.000473689;5.63656e-05;0.000106051;4.78223e-06;0.00107465;1.01752e-05;3.34199e-06;9.77764e-05;0.00808616;0.0288886;7.32671e-05
5.21955e-06;0.130274;2.68063e-08;3.45308e-05;2.51197e-05;0.000191535;8.27833e-06;0.000209913;5.73669e-06;6.28071e-07;0.000258158;0.00495226;0.862371;0.00166308
0.00014863;0.0457373;7.68371e-07;0.00220244;0.265316;0.0102409;1.58657e-08;0.576684;1.30644e-05;4.33534e-06;0.000231547;0.00114037;0.0117082;0.0865726
2.95156e-05;0.997386;7.00011e-07;8.89109e-08;1.09195e-08;2.52869e-07;0.000156598;3.63162e-05;1.0124e-07;5.50497e-06;2.39797e-07;2.16448e-06;0.00202854;0.000354278
2.98594e-11;5.88825e-12;1;2.76803e-12;6.17093e-12;2.43039e-12;2.52671e-11;3.35322e-11;7.13429e-12;3.11487e-12;2.95006e-11;1.81512e-08;8.04876e-14;1.79229e-14
0.000290975;0.0928433;2.47695e-06;8.96896e-05;0.000139502;0.000873001;0.000438652;0.0327253;0.175652;0.000159695;0.0662464;0.00128917;0.629011;0.000238117
1.7701e-05;0.139117;3.29437e-08;8.76234e-06;4.48742e-06;4.36468e-07;1.22285e-05;0.00147665;0.000403388;8.10019e-07;0.00574356;0.00521576;0.847999;4.59381e-07
1.09815e-05;0.0369355;0.0455535;0.000415587;0.000771869;1.12772e-07;8.35163e-07;7.97077e-05;3.63944e-07;2.43875e-05;6.39728e-07;0.883414;1.32906e-05;0.0327789
0.000116456;0.743825;3.4754e-08;6.66499e-06;3.88052e-05;4.29012e-06;7.10576e-05;0.204851;0.00054778;1.49604e-06;3.02805e-05;0.000160332;0.0501376;0.000209309
1.60697e-05;0.00289332;3.16846e-08;3.35422e-06;7.86247e-06;3.5056e-06;1.73493e-07;0.196351;2.78918e-05;1.86787e-07;1.06306e-05;0.00930293;0.79133;5.28232e-05
0.000120538;0.0152099;3.37847e-05;6.63228e-05;1.29501e-05;7.02971e-07;5.50733e-07;0.00393441;9.06675e-05;1.58184e-06;6.47805e-05;0.975372;0.00478984;0.000301469
1.40826e-05;0.244427;1.92906e-06;0.000164552;1.55683e-05;1.24497e-06;1.63132e-05;0.751232;0.000108135;1.94228e-05;7.80211e-05;0.00167815;0.00202402;0.000219162
0.000295929;0.905412;4.92375e-07;0.000875576;9.31018e-05;0.000205442;0.00165454;0.0238064;0.000401516;0.000406054;0.00215965;0.0111813;0.0463188;0.00718956
2.37724e-06;0.00148313;4.88546e-06;3.83661e-06;6.07159e-08;2.96215e-07;8.46235e-07;6.43224e-05;1.9685e-06;1.96927e-08;2.43809e-05;0.997942;0.000472116;2.36256e-07
0.000918968;0.469159;1.08734e-06;0.000104445;0.0168768;0.000273474;0.000471024;0.22128;5.38188e-05;2.19338e-05;4.80012e-05;0.00237259;0.252586;0.0358324
0.00239121;0.465493;0.00900057;0.00131768;0.00234581;0.000568074;0.00213718;0.00196753;0.00165387;2.4039e-05;0.00178926;0.28103;0.227865;0.00241725
3.63279e-05;0.753227;3.15421e-08;4.13463e-05;4.72744e-05;0.000647013;4.92326e-06;0.00209693;2.17479e-05;4.16984e-06;1.50789e-05;0.000176777;0.00316947;0.240512
3.09898e-06;0.000631641;1.15725e-08;9.68763e-08;1.50285e-07;1.68343e-06;1.33869e-08;0.00157375;7.5273e-07;7.13172e-09;1.81875e-06;8.82882e-05;0.997699;5.61599e-08
2.68434e-05;0.0175544;1.65671e-06;5.80688e-06;1.78618e-07;1.57581e-06;4.69276e-08;6.50657e-05;4.54463e-05;8.16288e-07;6.94008e-06;0.975069;0.00721243;9.92943e-06
5.82407e-05;0.295094;1.07707e-06;6.63611e-05;0.000119394;3.48473e-05;1.20791e-06;0.00284363;8.7756e-05;1.88723e-06;3.41586e-05;0.678753;0.0228707;3.32646e-05
0.000565743;0.871112;5.85328e-05;5.30345e-05;6.40512e-05;1.07012e-06;8.60922e-05;0.0568777;1.02515e-05;1.18105e-05;0.000232438;0.0417906;0.0290593;7.70583e-05
2.03879e-06;0.00102306;1.31938e-08;6.38404e-06;1.44056e-07;0.000456598;2.28449e-05;2.77689e-07;2.19829e-05;1.33819e-05;0.00013581;0.000268055;0.997793;0.000256838
7.08576e-06;0.000513977;0.975651;3.47528e-05;5.30776e-07;2.29428e-05;0.000306846;2.46361e-07;1.36667e-06;0.000526651;1.74284e-06;0.0218581;3.70849e-06;0.00107118
5.99027e-09;4.54019e-10;0.999999;4.4053e-09;2.22343e-09;7.79053e-09;1.24925e-06;5.33371e-09;8.6151e-08;5.5445e-09;2.11734e-07;1.44391e-08;4.22232e-12;2.14438e-10
3.99168e-06;0.953137;2.10209e-08;9.61917e-08;2.6132e-08;3.22029e-07;1.35073e-06;5.90161e-05;2.71681e-06;5.65461e-08;2.31948e-06;0.000283954;0.0465094;1.17412e-07
3.96044e-06;0.985315;1.51201e-08;1.16668e-06;1.41668e-05;1.14161e-05;4.14762e-05;0.00214579;8.31207e-06;0.000101881;1.03384e-06;3.38345e-05;9.79983e-05;0.0122244
9.39731e-10;1.64705e-07;0.999999;8.32116e-09;1.00729e-07;6.95329e-09;7.93617e-10;3.54353e-07;5.74864e-11;1.43224e-09;4.62261e-10;9.39086e-07;5.15889e-11;5.76797e-09
5.60387e-05;0.707982;7.19456e-05;1.68883e-05;0.0307308;9.88677e-06;3.77661e-05;0.206145;2.40358e-05;9.00992e-07;0.000208067;0.0282738;0.00816675;0.0182762
3.07744e-05;0.45674;1.03563e-05;3.7733e-06;1.04675e-05;1.74892e-05;5.44384e-05;0.00943719;2.96445e-06;1.62811e-06;4.5632e-05;0.0249861;0.508628;3.14534e-05
1.72006e-06;0.000347659;9.84636e-08;1.41244e-07;3.91368e-07;2.5291e-07;2.47468e-08;0.00269271;2.17035e-07;1.90094e-08;2.90521e-07;0.00231405;0.994641;1.60441e-06
5.18139e-06;0.00115038;4.36043e-06;7.88016e-06;1.08878e-07;3.34297e-07;2.42848e-07;9.67899e-05;2.38698e-05;4.04773e-07;1.21508e-05;0.998407;0.0002809;1.08651e-05
4.40089e-06;0.0325806;2.2172e-09;1.41682e-06;9.535e-05;4.20453e-08;1.14005e-05;0.96727;4.39606e-06;1.4575e-05;1.82313e-06;8.87148e-07;1.07784e-05;4.67453e-06
9.45053e-07;0.000187781;0.998416;3.75243e-05;1.29476e-05;8.31534e-06;1.66829e-06;1.01008e-06;1.04096e-07;1.905e-05;1.20607e-05;0.000511547;0.000785367;5.99811e-06
6.50713e-06;2.5762e-05;0.999714;4.63314e-08;6.80538e-07;1.43544e-07;6.99793e-06;2.71669e-06;3.45536e-07;1.63761e-07;1.09695e-05;0.000227676;1.65017e-06;2.13476e-06
1.43505e-06;0.999795;1.97071e-11;1.80048e-10;2.63548e-07;2.78201e-08;3.3876e-05;0.000136499;1.19535e-07;7.6088e-08;5.94064e-09;1.11326e-09;3.17797e-05;8.23608e-07
1.64529e-09;1.13911e-10;1;1.67722e-11;8.71411e-09;1.0568e-11;1.02928e-10;6.9021e-10;2.8501e-10;7.92855e-12;1.28322e-11;1.62171e-07;1.42688e-11;1.92422e-13
5.68957e-05;0.0293006;1.59174e-07;9.22416e-07;0.00081618;7.71737e-06;1.03002e-05;0.961079;0.00655124;1.76075e-07;1.10383e-05;3.73835e-05;0.00066459;0.00146396
1.36814e-06;0.000133273;3.7316e-10;8.51052e-09;2.64131e-06;3.55077e-08;2.79993e-10;0.979672;1.18138e-06;2.79939e-09;2.65777e-08;2.55473e-06;0.0201865;5.2241e-07
1.14132e-05;0.00347532;2.14422e-07;1.9885e-05;1.18975e-05;4.23515e-06;1.06113e-07;0.000225998;3.98292e-05;2.5472e-06;1.63709e-05;0.990804;0.00509356;0.00029445
4.6435e-05;0.985802;0.000326697;0.000273442;6.77254e-05;7.85716e-06;0.000464956;0.0125223;1.55873e-05;0.000195002;1.78844e-05;0.000133715;0.000112109;1.39774e-05
1.21059e-08;6.19758e-07;0.999987;4.11846e-08;9.62663e-10;3.8048e-11;7.13361e-07;2.37628e-07;6.6814e-09;2.27183e-08;7.64475e-08;1.13488e-05;8.48326e-10;7.69973e-11
4.83437e-06;0.000144969;5.00428e-06;4.17617e-05;4.0237e-06;6.91637e-07;1.60787e-05;0.000247231;0.000855347;7.0073e-08;0.0025585;0.996067;7.78698e-06;4.66433e-05
1.70693e-06;0.997415;3.12224e-10;8.72018e-07;3.79335e-07;9.93379e-08;3.44309e-06;0.000102495;2.94145e-06;1.02472e-07;1.95725e-05;3.6106e-05;0.00240449;1.3012e-05
8.05234e-07;0.0012282;0.00374364;1.11445e-06;3.65464e-06;7.46009e-07;3.91531e-07;0.0285092;6.0644e-07;6.63394e-08;2.82437e-06;0.965622;0.000885404;8.6484e-07
7.60049e-05;0.272939;2.29858e-06;0.00177874;0.000532547;0.0602433;0.000327498;0.00705071;0.0016736;0.000217464;0.00592082;0.00136883;0.643535;0.00433385
0.00018328;0.0441991;0.764742;0.00153032;1.54009e-05;0.000185663;0.00057962;4.23292e-06;3.94126e-06;0.0015921;4.08099e-05;0.185316;0.000139541;0.00146851
1.45209e-07;9.63683e-09;0.999991;4.21035e-08;1.70745e-07;3.33399e-08;6.1178e-08;2.2492e-07;1.86883e-07;2.53494e-09;7.00137e-06;7.42638e-07;4.70318e-09;2.65302e-10
2.91302e-05;0.027213;1.16248e-07;7.38541e-06;0.000349478;9.03028e-06;2.06428e-07;0.823188;0.0014901;2.30943e-06;0.000973246;0.0446943;0.102004;3.97753e-05
1.06322e-06;0.901792;0.000645259;4.93372e-05;2.0109e-06;1.46953e-05;0.000394059;3.191e-07;1.56674e-07;0.00554284;8.45591e-06;1.67177e-07;2.76907e-05;0.091522
5.02072e-10;1.29006e-09;1;2.06917e-10;5.85574e-10;4.84119e-11;8.20991e-09;1.76057e-09;4.91192e-10;6.10757e-11;3.52375e-08;1.05508e-08;2.71844e-12;7.14201e-12
4.1898e-05;0.0431969;1.47951e-07;1.7357e-06;0.000230848;0.00011757;2.47543e-05;0.94127;9.23391e-05;4.20121e-07;0.000238874;0.000448385;0.0141327;0.000203131
2.15815e-05;0.000612033;4.69733e-09;5.0507e-07;1.48491e-05;6.98012e-06;6.93813e-08;0.921209;3.56504e-05;1.20628e-07;3.88805e-05;0.000539792;0.077505;1.58824e-05
8.04297e-06;0.000323846;6.08893e-07;7.95396e-06;3.79324e-07;7.20538e-08;3.24876e-07;9.22331e-06;5.33775e-05;7.45247e-07;2.12974e-05;0.999486;1.48835e-05;7.31626e-05
9.73552e-06;0.998548;5.50789e-07;2.14586e-05;2.57223e-07;2.30905e-08;1.25537e-06;0.000222052;1.30425e-05;9.019e-07;6.48169e-06;0.00115275;2.33243e-05;1.36563e-08
1.18073e-05;0.857742;3.17828e-08;2.82634e-06;4.46545e-07;1.64071e-06;1.07082e-06;1.77905e-06;2.5649e-07;7.29433e-07;4.10206e-07;0.035042;0.107125;6.98021e-05
3.78188e-05;0.158345;1.55066e-05;1.58636e-06;0.00916131;0.000510886;1.68973e-07;0.650531;4.14602e-07;5.74446e-06;5.44315e-08;0.0671706;0.104975;0.00924461
1.01533e-05;0.0782823;1.4741e-05;0.000157131;0.000503926;0.186725;0.00013818;0.000173997;0.000260892;0.000196444;7.72644e-05;0.000286418;0.730325;0.00284819
1.89021e-05;0.001674;0.884188;0.000231017;5.12661e-06;0.000141839;0.00836519;2.89792e-08;5.51797e-06;0.00199581;2.97592e-05;0.103249;3.39911e-05;6.19443e-05
1.50575e-07;2.6785e-08;0.999941;9.92063e-08;1.44205e-08;4.82055e-08;2.15699e-05;4.69039e-09;3.34076e-06;5.51759e-08;3.34691e-05;1.16634e-07;1.91086e-09;4.79014e-11
1.06476e-06;0.999147;8.64876e-07;2.40164e-07;1.19155e-07;9.50594e-09;5.90569e-06;0.00081791;1.00678e-06;1.62374e-07;4.6362e-07;2.42112e-07;2.48067e-05;4.55822e-08
2.22543e-08;3.16275e-05;0.99994;3.77052e-08;3.61171e-09;9.09604e-11;9.08535e-08;5.2889e-07;7.98206e-09;8.0101e-09;3.95114e-08;2.74903e-05;1.26349e-08;2.29763e-10
5.08257e-08;1.14364e-05;3.05842e-07;1.79224e-06;6.74802e-07;8.43384e-09;1.04234e-07;7.21932e-05;7.89677e-06;6.22484e-09;1.25878e-05;0.999886;5.52456e-07;6.07641e-06
2.04896e-06;0.988085;5.35333e-09;1.31414e-05;2.73552e-07;2.47498e-06;1.24313e-05;0.000965918;1.1687e-05;4.45692e-07;5.96218e-05;8.41175e-05;0.010761;1.53974e-06
4.40884e-07;0.0065418;6.98188e-09;1.98356e-06;1.62044e-06;1.3258e-06;5.98265e-08;5.79736e-05;6.44803e-08;1.64267e-07;1.59627e-06;0.993113;0.000197893;8.1701e-05
1.08187e-05;0.957307;0.000199154;1.28267e-06;0.00149762;2.08597e-05;3.08438e-07;0.0105965;7.62667e-09;2.06968e-07;4.39912e-08;0.00488992;0.0209465;0.00452996
5.26593e-06;0.0135649;3.21884e-07;1.05797e-05;2.60882e-06;0.00239416;1.19975e-05;1.22819e-05;2.55987e-05;7.08219e-06;9.04941e-06;9.78836e-06;0.983697;0.000249642
2.46114e-06;5.95207e-05;0.999717;6.47226e-06;7.32357e-07;3.93441e-06;3.24171e-05;8.82809e-09;1.67417e-08;2.12032e-05;1.54013e-07;0.000139317;4.7687e-06;1.22833e-05
9.71642e-07;1.89956e-06;0.999723;2.19698e-07;8.75442e-07;2.15731e-07;0.000227286;7.88743e-07;1.46818e-05;4.93315e-06;2.4566e-05;1.79905e-09;1.78335e-09;1.69028e-08
1.14234e-08;6.88238e-07;0.999998;2.25255e-10;2.71111e-09;8.53179e-12;2.15793e-09;8.36386e-07;5.26346e-09;2.29308e-10;2.84826e-09;6.20559e-08;1.8013e-09;6.68197e-13
3.76509e-07;0.000358232;0.000480226;4.59155e-07;4.27211e-06;2.44191e-07;2.30509e-06;1.47553e-05;1.75698e-06;2.65333e-07;4.01839e-06;0.995146;5.61538e-06;0.00398131
9.74249e-05;0.856557;2.99848e-06;0.000673533;0.00037105;0.000551929;0.00401405;0.12531;0.00143489;0.000367875;0.0025076;0.0016066;0.00503375;0.00147095
5.08643e-05;0.143653;5.73623e-07;3.96413e-05;0.000196774;2.55137e-05;1.80322e-05;0.0376193;2.17632e-05;1.21092e-05;0.000260971;0.810495;0.00723674;0.000369251
5.62669e-07;0.984637;2.71934e-09;2.34279e-07;3.73006e-07;1.61479e-07;0.000803796;2.21678e-06;7.01875e-09;3.84258e-05;8.90138e-09;2.06728e-07;4.5142e-07;0.0145164
1.33996e-10;3.68797e-11;0.999996;4.36889e-11;1.66682e-10;1.19813e-11;9.51001e-10;5.07639e-10;6.2207e-12;2.04729e-10;1.89969e-11;4.07123e-06;4.26942e-13;2.45454e-12
1.90579e-08;0.000283762;2.99913e-08;1.59886e-07;2.19091e-10;7.56841e-08;0.998526;2.07138e-09;1.12687e-06;0.00117907;1.31149e-06;1.13526e-11;7.08005e-08;8.43925e-06
3.62988e-12;2.20306e-13;1;3.7154e-11;1.86074e-12;1.10634e-11;1.60649e-09;6.08402e-12;4.35266e-11;7.21753e-11;2.7087e-10;1.60236e-10;3.36884e-16;1.94372e-14
