8.59628e-06;0.999322;0.000124546;1.06557e-05;5.0673e-07;1.58809e-07;2.21584e-07;0.000127892;5.0855e-08;4.63299e-07;1.42226e-07;0.000206592;0.000197078;9.50638e-07
0.000505344;0.463753;2.23922e-05;0.000314731;0.00145665;0.00150375;3.89053e-05;0.0693425;0.000306917;2.83754e-05;0.00106958;0.0676252;0.369399;0.024634
0.000137071;0.420989;5.47901e-06;0.00640445;0.0285919;0.0118613;6.86096e-05;0.182407;0.00143463;0.000877966;0.00346614;0.267946;0.0385208;0.0372893
0.000203354;0.854489;2.01759e-06;2.19532e-05;0.00372667;0.00287522;0.000577528;0.111866;4.73664e-05;0.000742869;4.01958e-05;7.6509e-05;0.019237;0.00609503
4.01045e-09;1.33433e-09;1;2.34653e-10;2.25314e-10;2.45633e-11;7.15193e-10;2.29692e-09;5.94475e-10;3.29977e-11;2.7276e-09;6.85887e-08;4.18549e-10;1.92029e-12
1.34318e-06;6.36803e-06;0.998191;4.48568e-07;5.19751e-07;1.51899e-07;4.51955e-08;6.69847e-05;1.50809e-06;4.13623e-08;3.51176e-07;0.00172106;2.91478e-07;9.36322e-06
1.35614e-07;0.000198355;5.37974e-05;1.0263e-07;8.60713e-06;0.000302594;1.0632e-09;5.2069e-06;3.13333e-09;8.32816e-08;2.04448e-08;0.000115218;6.95208e-07;0.999315
8.19118e-05;0.0295285;5.268e-08;2.77654e-06;4.22077e-05;7.62362e-05;1.36101e-07;0.527172;4.54551e-06;6.97733e-08;1.86414e-05;0.000192562;0.442878;2.50271e-06
2.47973e-05;0.581729;4.53724e-08;5.18427e-06;7.42886e-06;1.45326e-06;1.21364e-07;0.129032;1.14169e-06;1.19937e-06;7.75466e-07;0.00118851;0.287998;9.86487e-06
2.75548e-05;0.180562;0.000615339;0.000377502;0.000698465;0.000150052;1.18882e-05;0.00105341;1.46712e-06;4.9367e-05;1.60418e-05;0.797511;0.000923438;0.018002
2.29477e-05;0.165099;1.61334e-06;0.000312043;6.02884e-05;1.55447e-05;0.81827;0.00220253;6.94549e-05;0.00420245;0.00125203;3.15192e-08;0.000576586;0.00791567
3.02919e-09;5.65759e-09;1;2.59751e-09;1.89484e-10;6.25168e-11;7.6424e-08;6.3884e-10;8.71622e-10;4.35597e-10;1.40204e-08;2.78893e-08;1.35714e-10;4.80979e-11
5.54638e-05;0.00334226;0.72507;1.9009e-06;2.31684e-05;5.63446e-08;9.05871e-07;0.270746;5.4967e-06;2.88055e-07;2.61255e-07;0.000147578;9.66198e-06;0.000596777
2.44027e-11;2.5101e-10;1.74197e-09;1.14832e-11;3.09315e-08;6.51208e-10;1.21368e-12;1.79813e-10;1.64132e-12;2.0352e-11;4.40163e-13;5.05807e-10;1.25188e-12;1
2.77946e-06;4.12302e-06;5.31328e-10;2.03695e-09;0.000705015;9.28818e-07;1.17856e-08;0.999264;9.7711e-06;2.26746e-09;1.32839e-07;1.05079e-05;2.49001e-06;9.08376e-08
3.98716e-07;1.08878e-05;0.999646;3.70934e-08;0.000162214;1.73783e-06;6.3682e-11;8.5529e-07;1.19375e-10;6.10017e-10;3.36801e-10;0.000173923;2.07892e-06;1.62343e-06
1.71511e-07;0.979696;1.6465e-08;1.60737e-08;9.81082e-07;4.04013e-08;2.60684e-07;0.0199749;8.92381e-07;1.63142e-09;4.27883e-08;6.52754e-06;0.000320309;1.96327e-08
1.02012e-07;0.000539294;0.999347;1.22779e-06;6.19426e-07;1.66565e-06;1.04935e-07;5.95904e-07;2.12067e-09;8.46936e-08;1.21922e-08;1.8713e-05;6.69792e-05;2.36674e-05
2.33876e-08;0.994043;1.31312e-09;7.60203e-10;9.35102e-08;1.13315e-08;2.68505e-09;0.00578679;2.64456e-11;1.85121e-09;1.89808e-11;2.89866e-06;0.000161589;5.458e-06
4.78168e-07;0.00191547;8.49461e-08;1.8429e-06;3.74736e-06;0.00215552;2.49531e-06;0.000137972;9.67328e-07;9.88772e-06;2.52145e-06;6.63207e-06;0.983249;0.0125132
7.41251e-07;3.33928e-05;0.999515;2.16695e-06;1.93058e-07;1.89726e-06;2.39404e-06;3.32615e-08;1.28799e-08;5.31362e-05;3.33168e-08;0.000378298;7.61851e-06;5.19445e-06
1.49909e-06;1.68563e-06;0.980114;1.32086e-07;3.46788e-07;2.23303e-07;0.0197433;1.59841e-06;4.18351e-05;4.20249e-05;5.30225e-05;1.42734e-08;1.09341e-09;2.17313e-09
3.94968e-10;1.16898e-09;1;9.2621e-11;1.39478e-10;9.95935e-12;4.41225e-09;2.22273e-08;6.48712e-09;3.85953e-11;6.46998e-10;1.64878e-07;2.67814e-11;1.48275e-13
9.71576e-05;0.0221181;0.00172185;3.39974e-06;9.49811e-05;9.71436e-07;2.54068e-07;0.0163107;0.000184528;1.08864e-06;9.67792e-05;0.957188;0.000970506;0.00121157
0.000177662;0.417042;1.29088e-05;0.000669545;0.0127481;0.000917562;0.000436678;0.344874;0.0208658;0.0005948;0.0123867;0.0345722;0.0576678;0.0970348
3.8491e-05;0.950916;4.60598e-07;1.73073e-05;8.77011e-07;1.07735e-06;5.6894e-05;1.18944e-05;9.87827e-06;1.35145e-06;1.94359e-05;0.0460989;0.00279588;3.19201e-05
2.30665e-05;0.818869;5.3391e-09;1.72527e-06;4.01975e-06;1.50037e-06;3.46998e-06;0.000971291;2.22192e-05;1.79244e-07;2.44567e-07;0.00904382;0.170823;0.000236902
0.000147171;0.0653623;5.69794e-05;1.45614e-06;0.000746159;6.68055e-07;1.34452e-07;0.829668;1.4284e-06;2.40677e-07;2.9426e-08;0.101129;0.00217019;0.000716453
0.000198616;0.00218306;0.0010305;0.000132572;0.0222404;0.000343963;3.67821e-07;0.0789575;0.000921698;9.02954e-06;2.42538e-05;0.865521;0.000915516;0.0275219
0.00013192;0.538623;7.60345e-06;1.17168e-05;4.80789e-06;8.63002e-05;0.000353519;0.000509947;0.000378762;5.06971e-05;0.000684058;9.0978e-05;0.459066;6.83649e-07
8.68679e-05;0.00832586;0.292669;0.00020864;0.000103841;1.44728e-05;1.9552e-06;0.00068844;5.1259e-06;2.08152e-05;1.96072e-06;0.697596;7.97008e-05;0.000197145
5.16291e-05;0.846454;2.90096e-07;0.000160473;0.000175143;3.19695e-05;0.000152534;0.130642;0.0069969;3.99076e-06;0.000681912;0.00116488;0.0128057;0.000678793
2.81997e-06;1.68596e-05;2.72896e-10;1.7972e-08;1.7816e-07;4.67453e-09;3.85898e-08;0.999948;2.24009e-05;3.91812e-08;4.95437e-07;6.92244e-09;8.83295e-06;6.49117e-08
0.000255483;0.000555921;0.00156547;4.07094e-05;0.000344333;8.75068e-07;4.18048e-05;0.00166112;0.00307819;4.28965e-06;0.000234391;0.991165;1.316e-05;0.00103924
7.10974e-06;0.996488;8.11359e-09;3.38142e-07;1.5683e-07;5.21709e-08;2.95335e-05;0.00225108;1.88481e-05;2.6776e-06;4.69968e-07;5.12132e-08;0.00119728;4.47775e-06
6.90616e-10;4.00748e-10;0.999999;1.03829e-09;5.21194e-09;6.33976e-11;1.27946e-10;3.02003e-09;1.76307e-10;4.05296e-11;1.71407e-10;1.21638e-06;5.80454e-12;9.86624e-11
1.31622e-05;0.989448;8.17307e-05;5.52179e-05;2.59813e-06;4.3806e-07;3.87883e-05;0.00685002;0.000127582;1.0124e-06;0.000103789;0.000943176;0.00231854;1.61844e-05
0.000130186;0.0400493;0.000454449;0.000123695;0.000105534;0.000122406;2.81068e-05;0.0797728;3.13278e-05;4.74919e-06;0.000412857;0.845334;0.0331724;0.000258668
3.79798e-05;0.848224;1.13679e-05;0.000107587;4.50611e-05;4.59591e-05;1.03707e-05;0.0198553;7.52496e-05;2.56129e-06;0.000183033;0.058233;0.0730132;0.00015551
2.77014e-05;0.13386;5.1996e-07;0.000190534;0.0511728;0.127201;0.00175378;0.00453363;3.86835e-05;0.00775645;7.57171e-05;3.0313e-06;0.00284132;0.670544
1.93302e-09;6.52112e-09;1;1.52646e-10;2.13106e-09;1.79085e-10;1.24244e-09;5.90847e-09;2.96866e-11;1.0065e-10;5.55627e-10;6.86292e-09;1.70567e-10;2.75945e-12
0.00425113;0.355621;0.00170986;0.000133419;0.0205995;0.0181447;0.00624566;0.0237978;0.0122105;9.87411e-05;0.0155489;0.109632;0.326398;0.105609
0.000129431;0.70715;2.295e-06;0.000156044;0.000619983;0.000167562;2.20598e-05;0.185657;0.00394457;8.00405e-06;0.000943609;0.0155834;0.0798502;0.00576585
2.78677e-06;0.00357824;5.58488e-10;4.22128e-06;0.000221991;3.85223e-08;2.20844e-08;0.995309;1.94337e-05;2.65366e-06;9.9061e-06;0.000843742;2.59262e-06;5.3989e-06
0.000650223;0.0400372;0.627158;0.00570213;0.000337784;0.00121834;5.32256e-05;1.14894e-05;8.0231e-05;0.000668786;0.0013622;0.298628;0.0193597;0.00473253
0.00126451;0.0381768;1.1253e-05;5.25748e-07;3.8192e-06;1.07677e-08;4.57035e-06;0.953598;0.000276255;3.48409e-08;6.57246e-05;0.00628596;0.000312378;2.59142e-08
2.0577e-05;0.0289801;0.000219789;4.09803e-05;0.00188206;4.29309e-05;1.79335e-06;0.0398459;4.93272e-05;2.95958e-06;1.44865e-06;0.910375;0.0135918;0.00494515
0.000402434;0.942134;2.31899e-05;0.000475594;0.00379706;0.00442627;8.09754e-05;0.0143805;0.00554413;0.000197308;0.00132289;0.00671602;0.0136375;0.00686201
0.00263524;0.953103;6.74006e-08;9.27216e-05;0.000876079;7.17188e-06;0.000576916;0.00715121;0.00559159;0.000273309;0.0043076;0.00953516;0.0153958;0.000453668
0.00130534;0.306405;1.71877e-06;1.46204e-05;0.00978622;9.2073e-06;5.16749e-05;0.679515;0.00107607;2.40469e-05;1.4917e-05;0.00141929;5.2138e-05;0.000324739
0.000256301;0.122919;0.784892;1.85011e-05;0.0293033;1.95603e-05;4.2063e-07;0.00282495;1.50486e-07;1.34484e-05;5.6916e-07;0.0543829;0.000138519;0.00522983
8.34146e-05;0.0767123;8.64393e-08;7.23303e-08;2.03456e-07;5.94081e-08;0.922243;4.95121e-05;0.000233161;0.000194353;6.75752e-05;6.10605e-07;0.000406248;9.25868e-06
4.89544e-08;4.88917e-09;0.999997;5.00027e-09;5.61567e-09;5.95429e-09;6.38735e-07;8.69624e-08;3.17713e-07;6.60806e-09;5.43469e-08;1.62326e-06;5.38336e-11;5.62542e-10
1.38991e-06;0.000207763;4.87402e-11;1.01216e-08;7.90414e-05;2.38804e-09;7.31018e-08;0.999685;2.42802e-05;1.31908e-08;8.81147e-08;4.13136e-07;2.12988e-06;2.75777e-08
1.68662e-05;0.0613196;0.933913;2.51063e-05;0.000117262;9.37532e-05;0.000230494;0.000332224;2.78695e-06;0.000767339;5.50616e-06;1.84517e-05;0.00298321;0.000174825
1.92546e-08;3.88662e-09;0.999999;3.81146e-10;3.71619e-09;9.54724e-10;1.6712e-09;2.75744e-07;6.66909e-09;2.59145e-10;2.30254e-09;5.77267e-07;4.12632e-11;4.84966e-11
8.6084e-07;0.000392795;0.000128103;6.32834e-08;7.81299e-06;1.31262e-07;3.65178e-09;1.16113e-05;5.71208e-06;1.04319e-08;4.04028e-07;0.999284;1.27109e-06;0.000166842
0.000109824;0.781374;2.92806e-07;2.13566e-08;0.00104955;0.000213735;4.46034e-08;0.191634;7.61242e-06;7.58808e-08;1.09106e-07;0.000918095;0.0195417;0.00515024
3.77013e-07;0.125823;1.51251e-09;4.89477e-08;0.00127809;8.73434e-06;3.51455e-08;4.72898e-06;7.09152e-08;1.44941e-07;3.0387e-10;0.000249686;0.000172566;0.872463
0.000247776;0.452769;1.20995e-05;1.70076e-06;2.5228e-05;5.20077e-06;0.000476235;0.456184;0.00802243;1.77593e-07;1.1379e-05;2.32738e-06;0.0822422;1.05056e-07
7.91556e-06;0.990588;0.00309537;5.76073e-06;4.62327e-05;5.25644e-06;9.22963e-08;0.00195086;9.69828e-09;4.98924e-07;3.30801e-09;0.00344018;8.53205e-05;0.000774336
5.66607e-07;0.439416;5.033e-08;8.09779e-06;1.74445e-05;6.84709e-06;1.02129e-06;0.0307887;3.52222e-06;5.3863e-07;1.17942e-05;0.0456024;0.484141;2.1902e-06
0.000783681;0.125403;0.000151879;0.000218732;0.0902363;0.00218378;5.49993e-05;0.120407;4.9928e-06;2.61103e-05;2.8428e-05;0.568399;0.0152192;0.0768826
0.000173324;0.0434764;1.6594e-08;0.000187097;0.0747973;2.96113e-05;0.000182656;0.752919;0.0540582;4.25695e-06;0.00657788;0.0242097;0.0432537;0.000131397
0.000216988;0.049788;0.945889;0.00120328;5.52982e-05;0.000238493;3.40275e-05;6.74255e-06;3.17455e-05;1.77276e-05;0.000149167;0.000284221;0.000164964;0.00192016
0.000811814;0.00722922;5.51182e-07;1.403e-06;9.04706e-06;6.14701e-06;4.65018e-06;0.985046;0.00222286;2.97664e-07;0.000551892;3.22663e-05;0.00406011;2.39325e-05
1.03107e-05;0.0487113;3.45426e-06;1.54669e-05;1.03518e-05;3.39975e-05;1.19394e-06;0.000105172;8.87117e-06;1.48244e-06;4.29198e-05;0.938117;0.0122471;0.000691722
2.55271e-05;0.0475949;0.000101697;8.72676e-07;9.85649e-05;1.62192e-07;2.65648e-07;0.947846;6.73536e-07;7.45761e-07;6.51034e-07;0.00285515;0.00142305;5.14927e-05
4.49609e-06;0.000170042;2.44128e-05;3.90881e-06;0.000218605;3.63579e-06;9.44804e-08;0.00214736;0.00013236;1.32277e-06;1.10639e-05;0.997078;9.37247e-05;0.000110854
0.00133914;0.87297;9.96469e-05;4.57195e-05;2.416e-05;4.18165e-05;0.0022909;0.00354795;0.0114448;0.000126945;0.00900763;6.43298e-05;0.0989962;5.52435e-07
0.000142022;0.0296499;0.121269;4.92609e-05;8.11919e-05;1.84139e-06;1.66777e-06;0.00175857;2.54624e-06;1.14158e-05;6.21273e-07;0.846491;0.000292912;0.000247722
5.53788e-06;0.843361;4.52492e-09;1.39173e-05;1.85163e-05;1.10913e-05;2.65419e-05;0.0737869;0.00160793;1.58262e-06;0.000166038;9.32676e-06;0.0809786;1.32684e-05
3.11451e-05;0.975099;0.021931;5.40409e-05;2.0757e-05;1.83738e-07;6.20933e-07;0.00271003;8.95632e-07;1.32396e-05;4.81791e-07;8.8067e-05;1.93847e-05;3.11057e-05
0.000231151;0.822562;1.36835e-05;0.000101043;6.72871e-06;7.18449e-07;1.72704e-05;0.0182129;0.00527427;4.17174e-06;0.00599452;0.0759773;0.0716036;4.02221e-07
0.00118759;0.3997;0.00593619;0.000725261;0.00813949;0.000392176;1.14905e-05;0.40376;0.000984369;0.000374068;9.61392e-05;0.146271;0.018141;0.0142815
0.000167191;0.84112;1.41307e-07;8.75408e-05;6.66742e-05;6.00769e-05;4.03906e-05;0.130478;0.000962514;6.15775e-05;0.000210618;0.00181866;0.00339143;0.0215354
0.000448859;0.0842136;5.54171e-07;9.91415e-06;9.27024e-06;3.35787e-06;1.75577e-05;0.295205;0.000682211;3.94361e-06;0.00040403;0.00204614;0.616955;6.16097e-07
0.000486251;0.978201;0.00332568;0.000251822;4.8095e-05;1.99851e-05;2.21408e-05;0.00107848;9.34239e-06;2.78085e-05;2.49548e-06;0.0113103;0.000218059;0.0049989
3.15913e-06;0.687138;1.17237e-07;2.81178e-05;3.17236e-05;1.79699e-05;7.82244e-06;0.0204107;3.01594e-05;1.30665e-06;0.000163633;0.0244689;0.267694;4.06581e-06
0.000685464;0.127864;0.000507204;0.000386615;0.141081;0.00294887;0.000104324;0.0553101;5.91412e-06;6.76124e-05;7.50969e-05;0.483461;0.00544838;0.182055
5.92838e-05;0.150557;7.30733e-09;0.000236381;0.0184451;1.80743e-05;0.00104992;0.743964;0.0420332;8.85956e-06;0.022482;0.00190539;0.0191749;6.56947e-05
0.000423223;0.141871;0.824921;0.0122951;0.000184424;0.00117842;0.000191094;3.21672e-05;8.17137e-05;0.000146857;0.00239746;0.00150615;0.000656135;0.0141147
1.39726e-05;0.000576753;4.06371e-10;2.16758e-09;1.0503e-06;5.11922e-08;8.15063e-09;0.999143;5.12645e-07;1.19603e-09;4.80061e-07;1.03774e-06;0.000261814;1.84638e-06
1.05423e-05;0.922571;0.000972575;2.76993e-05;0.00024337;0.000731374;0.000500739;0.0229111;5.60347e-06;0.000344671;1.78282e-05;0.0015211;0.0184716;0.0316711
2.19252e-10;1.684e-09;1;3.53021e-10;3.31862e-11;6.93585e-12;8.77611e-10;6.00688e-08;5.71516e-10;5.94631e-11;3.97336e-09;1.80147e-08;4.54078e-10;1.03278e-13
4.51522e-07;0.00012732;0.000370311;1.35826e-06;1.38061e-05;7.80943e-08;5.66117e-09;0.00260197;1.50595e-05;1.98355e-07;1.29532e-05;0.996836;2.05569e-06;1.80084e-05
1.33161e-06;0.994787;1.59546e-09;1.62615e-06;2.572e-05;6.66505e-05;3.9837e-06;0.00100923;6.21002e-05;8.12973e-06;1.33485e-05;1.91355e-07;0.00386221;0.000158731
2.57988e-06;0.000623634;0.000412626;1.04794e-06;0.0003882;3.62011e-07;2.70606e-09;2.10219e-06;4.06758e-08;1.30249e-08;3.05059e-08;0.998547;1.51129e-05;7.7189e-06
7.70454e-06;0.00093072;1.63271e-09;8.28767e-09;2.23545e-06;4.1819e-07;1.46922e-06;0.998984;1.0002e-05;1.72362e-07;3.23122e-08;3.9883e-11;6.25888e-05;2.98035e-07
1.17663e-08;9.80699e-09;0.999999;1.8068e-09;3.93013e-08;9.53378e-09;8.39973e-10;8.01167e-07;6.35889e-10;1.47386e-09;4.53478e-10;2.29647e-07;4.81453e-08;1.85618e-10
1.79247e-08;3.53828e-06;0.990826;7.43477e-08;1.59999e-07;3.27786e-09;6.19813e-10;4.34148e-06;6.66509e-09;4.90103e-09;3.28304e-09;0.00916311;2.60836e-09;2.23574e-06
2.88512e-09;0.000959505;8.51286e-11;7.97985e-09;5.27572e-07;7.59073e-06;3.03305e-07;1.12333e-08;1.35142e-10;7.3668e-07;8.57236e-10;7.30313e-12;2.9651e-08;0.999031
1.44868e-10;7.5117e-11;0.999982;4.89619e-10;1.92781e-08;2.89572e-10;1.56853e-12;1.71849e-09;1.54826e-12;1.68504e-12;6.61039e-13;1.78382e-05;7.9088e-14;1.76769e-10
4.43889e-06;0.000912627;9.22326e-06;8.16823e-07;0.00165699;9.56326e-07;1.78046e-10;0.997317;2.69745e-07;1.73665e-09;1.36087e-09;5.26503e-05;2.39257e-06;4.24266e-05
1.04796e-06;1.25401e-05;1.23297e-06;1.79708e-08;0.000367345;2.30216e-06;1.01223e-09;0.996284;2.38546e-08;3.61338e-08;9.40259e-10;2.40266e-07;0.00333085;5.84457e-08
9.74556e-09;3.05311e-06;0.999989;2.55369e-08;2.72284e-06;1.2816e-06;8.23926e-13;1.4246e-08;1.93104e-12;1.67243e-09;1.29603e-10;2.91866e-06;2.46205e-08;1.1632e-06
1.26688e-07;0.996987;7.63111e-07;1.24284e-07;3.39214e-07;3.23041e-07;1.22641e-06;0.00277515;3.92496e-06;1.83674e-08;3.50423e-06;7.20106e-06;0.00021895;1.40426e-06
