0.000594822;0.769915;9.80854e-06;2.65254e-05;8.34726e-05;0.000116;5.1478e-05;0.0303191;8.87172e-05;9.35389e-06;3.74966e-05;0.0363124;0.158042;0.00439362
1.22563e-07;0.99957;1.12456e-09;6.22868e-08;3.48613e-08;1.14986e-08;0.00011075;0.000254746;2.68067e-07;7.05756e-06;7.15765e-08;1.78501e-09;1.98023e-05;3.75346e-05
5.53519e-10;9.82345e-10;0.999997;2.25828e-10;1.0012e-09;2.57091e-11;1.58935e-09;1.37143e-09;1.4731e-10;1.65916e-10;1.09436e-09;2.62343e-06;6.65115e-13;5.22708e-12
1.2504e-07;0.996657;8.4799e-10;2.14968e-08;4.50417e-07;2.86777e-07;0.000476468;1.2721e-05;2.12448e-08;2.35847e-05;1.24913e-08;1.13325e-09;4.47461e-06;0.00282511
3.55268e-11;1.11766e-10;0.999999;5.51931e-11;1.93126e-10;9.38128e-10;1.54078e-10;3.95146e-09;1.12307e-11;4.89706e-11;5.13439e-11;6.21557e-07;2.54578e-11;3.42014e-11
2.80728e-07;0.999405;2.45751e-08;1.51846e-07;8.80696e-09;3.61668e-08;0.000461119;8.51932e-06;1.87864e-07;1.32632e-05;1.36624e-06;2.59467e-07;6.30451e-05;4.64677e-05
7.27581e-10;9.82366e-10;1;1.8555e-09;5.91596e-10;1.10805e-09;1.8057e-07;2.70315e-09;1.45671e-09;1.14537e-09;8.37422e-09;9.71697e-08;3.98572e-12;1.2991e-10
6.06682e-05;0.108511;1.33489e-06;2.50001e-06;4.48336e-06;7.40364e-07;3.97834e-06;0.843981;2.06496e-05;9.73414e-07;0.000106126;6.85198e-05;0.0472213;1.69478e-05
2.82032e-09;6.27142e-05;5.79046e-08;1.023e-08;1.87734e-08;7.63571e-10;6.18106e-10;4.58983e-07;9.86055e-09;3.89499e-10;2.82364e-07;0.999935;1.17018e-06;1.24708e-07
6.73427e-06;0.907946;3.42805e-06;3.89891e-06;0.000120112;6.51928e-07;3.8049e-06;0.0128958;2.64854e-07;5.87301e-07;1.84165e-06;0.000340786;0.0786172;5.8763e-05
7.94594e-07;0.0104999;2.89045e-05;2.11836e-08;3.25869e-07;1.9845e-09;3.09719e-08;0.00089837;2.29605e-08;8.94083e-09;7.84139e-09;0.988561;5.1337e-06;5.48839e-06
3.94639e-05;0.00848067;1.5039e-06;1.68535e-06;0.000170828;0.000232547;6.53138e-07;0.982563;1.27445e-05;5.7926e-07;1.09619e-06;0.00500356;0.00331712;0.000174588
4.60081e-05;0.997638;9.83393e-08;6.89027e-07;1.03723e-06;9.03056e-07;0.00175555;0.00024495;3.9999e-06;0.000196213;1.0406e-06;3.15815e-07;5.93781e-06;0.000105391
5.67905e-09;6.49868e-10;1;2.78541e-09;1.23285e-09;1.17962e-09;2.37144e-07;5.27365e-10;9.38702e-09;3.06636e-09;3.37174e-09;1.13294e-08;1.49432e-12;4.33841e-11
1.22194e-05;0.998085;1.54346e-08;1.3878e-07;2.03596e-08;3.87113e-08;2.38875e-06;1.59295e-05;1.3503e-05;1.42902e-08;4.96451e-06;2.5899e-05;0.00184007;2.05788e-07
2.13423e-07;0.670799;5.87002e-10;1.28264e-06;4.21511e-07;1.5769e-06;0.000197446;8.80833e-07;1.76912e-07;0.000239457;8.42291e-08;8.01604e-07;1.00363e-06;0.328757
1.01189e-10;4.51507e-11;0.999989;1.62541e-09;1.62507e-10;1.44215e-11;4.62195e-09;1.0257e-10;8.66892e-11;5.73464e-11;2.39255e-09;1.12349e-05;4.30463e-14;2.19255e-11
9.31876e-05;0.974869;2.95832e-08;6.0194e-05;7.00695e-05;0.000172188;0.000754187;0.0103167;0.000354793;1.00242e-05;0.000653794;1.98621e-06;0.010665;0.00197854
2.24557e-05;0.00257958;9.83203e-05;2.83613e-06;1.62543e-07;8.71309e-07;2.66266e-05;0.0358914;0.000162543;6.93734e-08;0.000384434;0.958655;0.00217511;6.08729e-07
0.00019263;0.768569;1.87626e-05;0.00010151;0.00254068;0.00111853;6.48788e-05;0.167992;6.05313e-06;7.73933e-06;4.43316e-06;0.0164202;0.0239974;0.0189664
9.52722e-05;0.0324943;5.30739e-08;0.000325557;0.0490989;3.35268e-05;0.00013792;0.889353;0.0117209;5.21563e-06;0.00124229;0.0106513;0.00442717;0.000414342
1.97043e-05;0.00433969;0.994408;0.00035045;8.04817e-05;8.95693e-05;4.42851e-06;2.3738e-06;2.54302e-06;4.3527e-06;2.99775e-05;8.55325e-05;0.00050675;7.67365e-05
0.000369945;0.896998;6.4263e-07;1.48677e-05;1.43497e-06;1.19655e-05;4.2271e-05;0.00120023;0.000112233;5.82378e-06;0.00029955;0.0087681;0.0921145;6.06054e-05
0.00048903;0.112228;7.31948e-06;0.000163356;0.0281416;0.00395762;3.55065e-06;0.158167;0.00202149;2.79275e-05;0.000440691;0.617326;0.0364154;0.0406115
0.00379725;0.430434;0.000189529;0.00224403;0.000819839;0.000293366;0.000105305;0.00834506;0.047593;3.06702e-05;0.00559454;0.444795;0.0544349;0.00132331
0.00234979;0.951738;0.000582094;0.000113725;3.99482e-06;8.9334e-07;0.00014807;0.0189065;0.00326174;5.10586e-06;0.00373703;0.0161498;0.00299183;1.14457e-05
0.000158664;0.784182;7.88446e-06;0.000187842;0.00182337;4.65625e-05;7.23727e-08;0.0844452;5.67773e-05;1.67988e-05;6.42813e-06;0.114566;0.00695852;0.00754386
2.1907e-05;0.996375;1.78082e-07;2.19301e-05;1.87015e-06;2.03412e-06;2.3098e-05;0.000706604;0.000541125;4.56104e-06;0.000789552;0.00100822;0.000231225;0.000273092
0.000390585;0.001201;4.60477e-05;0.000304528;0.697479;0.164343;3.43454e-06;0.0175555;0.000336603;0.000367046;0.000527297;0.0139417;0.00239827;0.101106
0.000364228;0.986216;5.18053e-08;3.22973e-06;2.6834e-05;1.02709e-07;2.70248e-06;0.00216828;4.85739e-05;4.01692e-07;1.55108e-05;0.00118134;0.00995747;1.54749e-05
0.000284551;0.860793;1.74216e-08;1.76907e-05;0.000294391;3.07595e-06;6.90707e-06;0.0952673;5.77829e-05;1.624e-06;5.65916e-06;0.00078741;0.0399965;0.00248358
2.6564e-06;0.0518259;7.58279e-06;2.44349e-06;9.03512e-08;9.50235e-09;2.23621e-05;0.00127554;1.64007e-05;8.09817e-07;3.82655e-06;0.946796;9.15847e-06;3.68633e-05
6.81779e-05;0.901282;1.0105e-07;0.00271692;5.94149e-05;0.00350441;0.0023984;0.0202646;0.00236468;0.000237756;0.0017721;0.0543572;0.00904895;0.00192584
0.0017268;0.858379;6.50932e-06;0.00264316;0.000341775;0.000765146;0.00231304;0.0119316;0.00194062;0.000363122;0.00897399;0.0691394;0.0382532;0.00322283
0.00214226;0.949825;8.91052e-05;0.00041171;0.00102604;0.000373363;6.64175e-05;0.00569538;1.65094e-05;1.46505e-05;6.77727e-05;0.0171285;0.01713;0.00601355
0.00124498;0.127176;1.26291e-05;0.000359273;0.00549456;8.14724e-05;5.05895e-05;0.718896;0.00355784;0.000185528;0.00102958;0.117995;0.0237779;0.000138776
2.63046e-05;0.0151729;0.0112533;0.000292782;4.83408e-05;0.00143015;0.0678914;5.46951e-08;1.21666e-05;0.89129;5.86084e-05;1.35617e-07;1.65887e-05;0.0125072
1.06325e-10;1.44028e-12;1;1.31372e-11;5.70305e-12;3.11843e-12;1.99965e-09;3.2085e-11;8.64874e-10;3.0712e-11;8.76075e-10;1.04075e-10;4.42635e-15;2.29515e-14
