7.95447e-06;0.999486;1.6295e-05;1.16057e-05;4.95915e-07;3.20056e-07;3.4585e-07;0.000176088;1.70771e-07;3.95959e-07;1.68651e-07;0.000283275;1.60285e-05;9.11947e-07
7.87126e-06;0.994387;1.01061e-08;6.45466e-07;1.13633e-07;2.61907e-06;3.96166e-06;1.62973e-06;3.44255e-07;5.79242e-07;6.29353e-07;0.0029939;0.00254685;5.33353e-05
8.9192e-07;0.000475311;3.57683e-07;3.69273e-07;9.23432e-05;9.92113e-05;2.04357e-09;0.00706738;1.56909e-06;4.79392e-08;1.7095e-06;0.991999;0.000173375;8.81095e-05
3.84718e-07;0.993316;5.94054e-07;2.70511e-06;5.4849e-08;1.17272e-05;0.00597136;4.81696e-06;2.32079e-07;0.000521734;1.73974e-06;2.17726e-07;1.68641e-05;0.000151871
1.44899e-10;1.77738e-09;1;2.53666e-09;7.18697e-10;8.176e-09;1.86919e-08;7.93135e-10;1.80886e-10;1.51248e-09;3.07676e-08;5.23958e-08;3.93539e-12;6.63302e-11
0.000158429;0.255797;1.40497e-05;1.52649e-05;0.000176814;0.00169163;0.0245898;0.039211;0.000464529;0.000204474;0.00396096;2.28902e-07;0.673622;9.40485e-05
7.08892e-09;5.05876e-09;1;1.9577e-09;1.36224e-10;2.15515e-10;5.85097e-09;3.61796e-09;5.05932e-09;1.74472e-10;2.21875e-08;3.41088e-07;1.266e-09;6.1122e-13
4.39403e-06;0.00212452;5.78789e-05;2.66515e-06;4.36721e-05;4.87455e-07;1.14942e-08;0.00132873;5.88848e-05;3.44213e-07;2.83942e-06;0.994203;1.23936e-06;0.00217171
8.75622e-06;0.979829;4.69769e-09;5.2861e-09;3.3686e-05;1.00044e-06;1.90147e-07;0.0190812;1.51995e-07;8.53252e-08;1.3568e-08;3.52165e-08;0.000432062;0.000614148
8.88694e-07;6.16535e-05;0.000902558;3.46594e-07;0.0852842;0.000163839;4.61738e-11;0.000721133;2.665e-09;2.86282e-08;1.60665e-09;0.891949;3.28985e-05;0.020884
7.16581e-08;0.996683;2.42855e-12;1.99558e-09;6.01583e-07;1.11544e-08;2.21826e-07;2.19548e-05;5.68224e-09;1.05429e-08;1.85083e-10;4.36697e-09;1.30029e-05;0.00328109
8.20481e-05;0.0963434;0.000101929;0.000260207;2.08829e-05;5.1002e-05;0.00903478;0.857555;0.00813867;1.72245e-05;0.000172653;1.15146e-05;0.0282081;2.70436e-06
3.47391e-06;0.997603;1.09467e-05;0.000414991;2.58591e-06;2.57007e-07;1.05182e-05;0.00181661;6.44291e-07;8.00602e-06;2.51045e-06;6.77634e-05;5.60858e-05;2.34457e-06
2.97468e-05;0.937864;8.14729e-10;0.000268012;1.89453e-06;3.29572e-06;0.000480376;0.0183388;0.0013537;5.61486e-05;0.000490389;0.000296432;0.0408126;4.65751e-06
0.000296116;0.0568727;0.0295093;0.00228345;0.00342568;9.57721e-06;4.20299e-06;0.000334178;9.44924e-06;1.86938e-05;6.47278e-05;0.903752;9.25771e-05;0.0033277
0.00116248;0.175594;3.07572e-07;0.000183989;8.58747e-06;3.31143e-06;5.90525e-05;0.145263;0.0595032;3.19911e-06;0.0206441;0.000671447;0.596833;7.11363e-05
9.12667e-05;0.311441;4.58923e-07;2.03016e-05;0.000848189;2.65908e-05;2.03344e-06;0.000628788;1.5564e-05;7.8503e-06;3.19073e-05;0.0957772;0.00739246;0.583717
4.06889e-05;0.96533;7.89261e-07;2.26486e-06;0.000154663;5.9684e-06;1.48424e-06;0.0208679;3.44066e-05;2.22854e-06;6.02273e-06;0.00918055;0.000644272;0.00372887
0.00211083;0.169584;7.24973e-06;9.89044e-05;0.00419794;0.00233453;1.29111e-05;0.0485716;0.00403043;4.39519e-06;0.000997933;0.437194;0.330281;0.000574043
7.6747e-05;0.0283473;6.33174e-08;8.57246e-07;3.98968e-06;5.51067e-06;2.26305e-06;0.000224366;1.52625e-05;1.14758e-07;4.20928e-06;0.00282907;0.968452;3.82083e-05
0.000871822;0.139168;1.26271e-05;0.00808581;0.008319;0.112411;2.10713e-06;0.186111;0.00764394;9.44786e-05;0.00147972;0.307366;0.0803153;0.148119
9.19595e-06;0.988258;9.74907e-10;8.08067e-07;3.32916e-07;4.7399e-07;2.12125e-06;0.00799529;1.99061e-06;1.19703e-06;4.91379e-06;1.04209e-05;0.00359778;0.000117317
0.00200681;0.0432323;0.000300558;0.00362105;0.519572;0.00278521;0.000168783;0.347585;0.00657806;5.19559e-05;0.000868129;0.0469911;0.00508567;0.0211528
0.00148477;0.671447;2.16032e-05;0.000171754;0.00299326;0.000473315;0.0120042;0.272871;0.00221259;0.00150579;0.000313785;0.000133897;0.0340613;0.000306104
6.08171e-10;1.15117e-11;1;5.20273e-11;4.12671e-11;1.13197e-12;1.33082e-10;3.01464e-10;4.76028e-10;1.17157e-11;4.81987e-10;7.37067e-09;8.72688e-12;1.15562e-14
6.0665e-06;0.000349196;0.994664;5.20465e-07;1.13274e-05;3.64407e-07;1.98851e-07;0.000702286;7.18103e-06;2.53164e-07;6.1129e-07;0.00424802;8.59004e-06;1.55963e-06
1.44591e-05;0.00115269;0.001603;1.82862e-05;0.176005;0.526845;1.09978e-06;4.53511e-05;7.09388e-06;5.99813e-06;7.34025e-06;0.00195814;0.0022527;0.290084
2.63864e-05;0.0104237;2.40184e-06;4.24554e-06;0.0019724;0.00080532;4.2098e-07;0.000595399;3.907e-06;1.63711e-07;4.58709e-06;0.00884187;0.977125;0.000194283
0.000145683;0.0491431;8.0201e-07;0.000145671;0.000238091;7.56631e-05;1.19912e-07;0.938552;0.00123788;4.49431e-07;3.13679e-05;0.00811399;0.00229941;1.53377e-05
2.35615e-05;0.917518;4.16603e-07;1.64786e-06;8.86474e-06;1.76142e-08;3.13232e-08;0.082085;7.65305e-07;5.7022e-08;1.00915e-07;0.000267356;8.57078e-05;8.33858e-06
2.63575e-06;0.938149;4.5461e-06;1.14387e-05;6.28053e-07;1.02865e-08;3.78389e-07;0.00643333;1.47844e-05;4.07759e-07;4.48626e-06;0.0356329;0.0197445;1.25104e-06
0.000354995;0.0746369;9.67382e-07;0.631387;0.00156215;0.00861026;0.0185462;0.000380641;0.171765;0.065577;0.0100664;0.00138564;0.000122452;0.0156047
0.0103676;0.968571;9.55155e-05;0.00179551;4.0663e-06;2.50466e-06;0.000138243;6.54735e-05;0.000250751;1.32063e-05;0.000289695;0.0163869;0.00198921;3.01646e-05
2.98055e-06;0.000274586;1.85564e-10;3.9789e-09;4.81227e-08;1.14052e-11;4.61779e-08;0.99968;3.18207e-06;1.24311e-09;3.79666e-07;6.28939e-08;3.87945e-05;6.96069e-10
1.51946e-06;0.221558;0.775719;3.04413e-05;4.85147e-05;4.02378e-06;6.89712e-08;2.3596e-05;2.87493e-07;8.88535e-06;2.47738e-07;0.00200024;0.000168953;0.000436068
0.000426497;0.0373376;1.30751e-05;0.000413773;0.000150292;0.00216452;0.00528285;0.0133673;0.878574;0.000434258;0.0457745;0.00359384;0.0100252;0.00244207
