1.14345e-05;0.999009;9.44076e-05;3.43743e-05;8.71942e-06;4.79355e-08;3.7745e-06;0.000244655;4.33835e-07;1.21309e-06;5.96389e-07;0.000543777;4.23941e-05;5.20468e-06
6.86006e-05;0.934945;3.34372e-08;6.77017e-06;2.17974e-05;1.9339e-05;2.024e-05;0.0150944;4.24954e-05;1.93655e-06;4.73181e-05;0.00132344;0.0483024;0.00010689
7.97674e-06;0.571855;1.53668e-07;7.51064e-06;2.71792e-05;8.64129e-06;1.26931e-07;0.0333392;1.26374e-05;1.9559e-07;2.49907e-05;0.373969;0.0204603;0.000287525
2.23744e-06;0.00882612;0.000298659;4.8668e-06;0.000150085;1.15456e-06;2.97474e-07;0.00563426;9.48316e-07;1.9017e-07;2.57614e-06;0.98464;0.000312158;0.000126325
2.02862e-06;0.0380306;1.38345e-08;2.23316e-06;1.45043e-06;7.89796e-05;1.06201e-05;0.000125875;4.91431e-06;1.5355e-06;6.53685e-06;0.000901594;0.960825;8.74561e-06
0.000106348;0.0248423;0.969995;6.92381e-05;3.73315e-05;0.000100822;1.80415e-06;0.000445194;4.64081e-07;2.60832e-06;1.21472e-06;0.00392866;0.00030574;0.000163614
1.04928e-05;0.972033;6.04529e-08;4.15284e-05;5.27822e-05;3.70618e-05;1.03726e-05;0.00374329;4.39172e-05;1.13628e-06;0.00010103;0.000233723;0.00689201;0.0168001
2.61618e-06;0.00176042;2.6543e-09;6.84098e-09;4.93023e-06;9.81194e-08;5.68777e-10;0.998042;1.61755e-08;7.45966e-09;9.58843e-09;4.44236e-06;0.000180828;4.99349e-06
1.63192e-06;0.986464;0.000224177;4.75026e-06;2.17033e-05;5.16157e-05;6.0466e-05;0.00329269;1.46897e-06;8.00686e-05;1.91489e-06;0.00225349;0.00221388;0.00532815
2.98133e-10;2.40329e-09;1;3.1549e-10;3.6474e-11;8.77288e-12;5.82228e-10;1.01101e-07;3.3723e-10;1.38251e-10;2.1186e-09;1.18302e-08;1.30289e-09;1.43566e-13
1.00848e-05;0.000315631;0.00384469;6.15275e-06;0.000134075;1.22147e-06;3.54927e-07;0.0124053;0.00013607;1.15858e-06;5.67015e-05;0.983005;3.21702e-05;5.16574e-05
6.08072e-05;0.134451;8.83509e-05;8.48124e-07;0.0102895;0.00031637;3.0369e-07;0.848433;8.35092e-05;1.16565e-06;1.89901e-05;0.00382838;0.0022053;0.000222434
0.000749332;0.565139;6.63757e-06;4.51485e-06;0.129637;0.00195129;0.00121732;0.266529;0.000166083;0.00124037;4.74645e-06;0.000341157;0.022242;0.0107706
1.20866e-09;3.00796e-10;1;3.36554e-11;1.49234e-09;1.26634e-11;1.06323e-11;3.00734e-10;5.33685e-11;1.29263e-12;2.4594e-12;6.87797e-09;5.14929e-13;1.16112e-12
7.76035e-06;0.0168831;1.24996e-06;4.91937e-07;5.086e-05;4.56426e-06;2.69217e-10;0.980348;4.36443e-06;1.58925e-08;1.37759e-08;0.00261168;5.6712e-05;3.14803e-05
2.06958e-06;0.0472602;1.71105e-09;6.88006e-06;0.00180452;0.000627625;1.7463e-08;0.00548281;8.35992e-07;1.84503e-06;2.47979e-06;2.15294e-05;0.944748;4.11142e-05
0.000135006;0.0117036;0.000117294;0.000401302;0.00541464;0.00339151;8.01368e-07;6.65913e-05;1.98373e-07;0.000264859;1.93821e-05;0.000198652;0.975879;0.00240696
0.00487292;0.00821149;0.98516;8.03028e-06;0.000342032;2.9378e-08;1.73412e-06;0.000668304;1.07995e-06;6.49463e-07;3.00594e-07;0.00053666;1.40835e-06;0.000195643
9.47312e-05;0.00350911;5.44087e-09;2.75135e-07;1.75502e-06;1.32107e-07;0.974356;0.00171401;0.0198129;0.000375025;0.00010815;9.76915e-08;1.03945e-05;1.70556e-05
6.63889e-08;4.55852e-10;0.999997;3.38054e-09;6.44394e-09;4.97398e-10;1.02051e-07;9.25017e-07;1.36349e-06;3.01353e-09;4.01044e-08;3.66928e-07;1.31721e-11;1.94668e-12
5.23558e-06;0.995909;6.85817e-11;9.46168e-08;1.76875e-07;6.47974e-09;0.000166146;0.000317818;3.36846e-06;1.29602e-05;6.95237e-08;2.5737e-09;1.75561e-07;0.00358533
2.06519e-10;1.26936e-10;0.999997;7.4337e-11;1.99355e-11;1.55358e-13;1.72677e-10;6.90528e-10;3.15796e-11;7.10076e-12;3.6478e-11;3.14185e-06;2.70224e-12;6.87927e-13
3.1555e-05;0.00676691;4.02458e-05;5.08757e-05;0.000429771;7.04591e-06;1.0308e-05;0.878003;0.000141058;7.51915e-07;0.000108513;0.0964177;0.000151145;0.0178411
5.04035e-06;0.00352281;6.74028e-09;1.74191e-06;0.000910336;3.19423e-05;3.35335e-06;0.987899;9.02034e-05;1.05845e-06;3.02788e-05;7.65821e-06;0.00748934;7.54812e-06
3.39064e-05;0.00908449;0.974189;9.92883e-05;0.000193939;0.000110895;5.23106e-08;0.000231923;2.16001e-06;3.18154e-06;3.11001e-06;0.0149928;7.62031e-05;0.000978812
1.07968e-05;0.954836;2.07275e-05;5.55547e-05;6.12421e-06;1.85683e-05;8.79219e-05;0.0376079;0.00363821;1.63186e-06;0.00213918;0.000422431;0.000534942;0.000620337
