1.43065e-05;0.979764;0.0188408;2.30271e-05;1.80126e-05;1.20246e-05;0.000170484;0.000609675;7.80207e-08;9.22735e-05;1.09081e-07;0.000105018;0.000325927;2.3837e-05
1.43567e-08;7.98067e-09;0.999999;3.84773e-08;1.17473e-08;1.97193e-08;1.34055e-07;2.4046e-08;2.51045e-08;1.08368e-08;8.79123e-08;4.553e-07;1.43286e-09;1.44579e-09
3.28335e-06;0.000140252;0.919315;3.33189e-06;5.2685e-07;2.01757e-06;4.28186e-07;0.000241698;4.19001e-06;3.16692e-07;1.18153e-05;0.0799957;1.74606e-06;0.000279731
2.13787e-09;0.000336594;1.72187e-06;1.26646e-09;4.69053e-08;1.22996e-06;4.93383e-07;4.99908e-09;6.48055e-12;2.61325e-07;1.85693e-10;1.13747e-09;2.23441e-10;0.99966
4.37562e-10;1.03632e-10;0.999976;3.30393e-11;4.79348e-08;4.35077e-09;2.54244e-12;4.81046e-07;1.3149e-13;1.08798e-12;5.3907e-12;2.30669e-05;2.80288e-10;9.03294e-10
1.46967e-06;1.75418e-05;2.9746e-11;2.52773e-07;0.00154611;5.3166e-06;1.64235e-06;0.998383;6.17451e-06;7.39251e-08;5.59709e-07;2.40755e-07;3.60113e-05;1.60325e-06
4.31792e-06;0.00285163;0.984849;1.15897e-05;0.00893397;9.2536e-06;8.00508e-07;0.00309472;1.55655e-08;6.40093e-07;2.20318e-07;0.000168486;6.02337e-05;1.53924e-05
1.78928e-05;0.610944;0.00487664;5.59964e-06;0.0538554;2.0481e-05;1.77988e-07;0.00424315;5.55428e-09;1.81239e-07;6.55873e-07;0.0280561;0.297891;8.86376e-05
1.74899e-06;0.00774064;1.09406e-07;2.67672e-08;1.06037e-05;2.12786e-06;6.29386e-08;0.0410152;2.34892e-07;1.09558e-08;2.13074e-07;0.948813;0.00239555;2.08744e-05
8.02917e-05;0.903828;0.000901569;1.77226e-05;0.00119937;0.00191507;0.000130008;0.0692155;1.93806e-05;4.034e-06;8.06631e-05;0.000873035;0.021316;0.000419592
6.3012e-05;0.4818;1.04782e-06;4.43692e-05;3.43054e-05;4.63497e-05;2.84562e-05;0.0130629;0.000217044;1.86168e-06;0.000132682;0.0225273;0.476968;0.00507198
1.83977e-06;0.00102893;2.56509e-09;7.43671e-09;1.72569e-06;5.49701e-08;5.70496e-10;0.998787;2.46728e-08;6.09976e-09;4.4703e-09;2.91724e-06;0.000172918;4.19764e-06
5.63988e-07;0.99362;8.6133e-05;2.18865e-06;9.62095e-06;6.49498e-06;9.86987e-05;0.00193619;2.38831e-07;6.30341e-05;2.12265e-07;0.000623624;8.60242e-05;0.00346695
1.97552e-10;1.31506e-09;1;1.17207e-09;3.37968e-11;2.03299e-11;2.02505e-09;4.3097e-08;3.68442e-10;1.03248e-10;1.49783e-09;2.3913e-08;1.84632e-10;3.06011e-13
6.60853e-06;0.00429784;0.000598599;5.05324e-06;9.82127e-06;9.51972e-07;1.28445e-07;0.00147748;7.197e-05;4.47977e-07;3.24774e-05;0.993065;2.56371e-05;0.000407834
2.93916e-05;0.849591;1.07551e-05;8.72103e-07;5.06819e-05;0.00014435;1.19188e-06;0.000359712;6.57252e-06;1.82478e-06;9.36395e-06;0.00236114;0.147201;0.000231839
5.84967e-05;0.0218877;8.68552e-08;5.49948e-07;0.000132083;1.02874e-06;1.9697e-06;0.0141584;0.000224978;9.50894e-07;2.17197e-05;0.963363;0.00014432;4.33361e-06
0.000256632;0.0876743;0.893717;5.83601e-05;0.00832723;0.000209381;3.56689e-07;0.00453585;4.23221e-05;1.71455e-06;1.66752e-07;0.000493369;0.00462143;6.14301e-05
0.000504877;0.00466718;8.37051e-08;4.54328e-06;0.00010807;1.10719e-05;7.06812e-07;0.966655;0.0250522;2.90784e-07;2.25502e-05;0.00017737;0.00279277;3.36141e-06
9.50605e-06;0.00801096;2.90507e-08;1.69694e-09;5.29717e-06;9.16065e-08;1.5224e-09;0.991888;1.34137e-08;8.42665e-09;1.48629e-10;1.17481e-06;7.97028e-05;5.61365e-06
6.38884e-07;0.00264071;0.000138189;1.2311e-06;2.2347e-06;1.2865e-05;2.43451e-07;1.66603e-05;3.04134e-07;1.88307e-07;1.85026e-07;0.996792;0.000112403;0.000281864
1.39388e-05;0.135333;0.000496394;2.66412e-05;0.00129524;2.56521e-06;8.64948e-06;0.858807;4.27093e-05;2.6021e-06;2.04988e-05;0.000590816;0.00334134;1.91879e-05
5.91563e-06;0.998419;3.54435e-08;3.8953e-08;2.50129e-06;1.50766e-08;6.87786e-05;8.13914e-05;1.58321e-06;4.00428e-05;1.84846e-07;4.16664e-06;7.09816e-06;0.00136876
5.68944e-09;1.35286e-10;0.999987;9.684e-11;1.2647e-05;7.46171e-11;7.1337e-11;7.1283e-07;4.10986e-09;1.13549e-10;2.85636e-10;9.31387e-09;1.48598e-12;7.47765e-12
2.82288e-05;0.000362237;9.77086e-09;2.72278e-08;9.99655e-05;2.20725e-06;6.44046e-08;0.996036;0.00044896;5.84592e-08;1.10036e-07;6.71962e-06;0.00301464;4.68708e-07
1.66283e-05;0.000816645;5.06799e-10;9.62952e-07;1.9349e-05;1.15011e-05;2.15095e-07;0.00670733;0.00149373;3.36639e-07;1.12788e-05;3.02323e-05;0.990889;3.23081e-06
2.79627e-05;0.000582943;1.73e-07;3.83385e-06;7.54053e-06;2.02513e-06;4.12957e-08;0.00012287;0.000111832;3.23529e-07;6.42575e-06;0.99878;0.000231041;0.000123354
2.82274e-06;9.34171e-05;7.93531e-11;3.54791e-09;3.0535e-07;4.11505e-09;3.94735e-08;0.999894;3.25531e-06;6.78975e-09;9.44963e-08;4.49085e-07;6.09089e-06;2.29181e-08
5.75775e-05;0.0128926;0.000149759;0.00092862;0.0456033;0.00564789;0.000180657;0.10916;4.70103e-05;0.00112861;0.000112647;0.00448706;0.000297141;0.819308
6.30923e-09;1.06553e-07;1;5.20778e-09;5.35528e-10;1.13574e-10;3.54543e-08;1.22357e-08;5.03155e-10;5.01993e-10;1.71043e-08;3.46601e-08;1.86633e-09;2.42267e-10
3.12435e-06;0.267251;0.000140109;4.4918e-05;1.22018e-06;8.3812e-07;4.07822e-05;7.69494e-06;6.37442e-05;3.8758e-07;0.000783367;0.730243;0.000837128;0.000582265
3.18747e-06;0.591378;2.6708e-07;0.00010061;0.000280651;6.06567e-05;2.26418e-05;0.0204514;1.74079e-06;3.07663e-05;3.0233e-05;0.000688543;0.00976964;0.377181
3.34843e-08;0.000160772;1.19947e-06;5.69845e-07;3.28378e-07;1.2352e-07;6.74821e-09;3.44015e-06;1.79566e-07;4.26372e-09;2.70014e-06;0.999818;3.68088e-06;8.88647e-06
1.94511e-06;0.0385707;6.04086e-08;8.00978e-06;9.41491e-07;2.80648e-05;5.96358e-06;0.000173791;1.88197e-06;4.88609e-07;5.09653e-05;0.0025542;0.958527;7.64309e-05
5.99403e-05;0.0130304;0.000434962;3.32056e-05;8.47977e-06;3.45058e-05;8.1463e-07;0.000768477;1.86189e-05;1.56018e-06;8.37314e-05;0.983249;0.00190616;0.000370088
0.000111106;0.946836;8.17041e-07;6.18227e-06;0.000139893;8.28384e-06;4.43038e-06;0.0463884;5.82587e-06;1.04097e-05;1.03581e-05;0.0030079;0.00290003;0.000570728
0.000133218;0.234029;0.00570227;1.13151e-05;1.59754e-05;2.52972e-08;9.27378e-06;0.0629738;2.4531e-05;6.25756e-07;0.000733292;0.684601;0.0117651;5.6827e-07
3.54973e-05;0.650952;9.99929e-06;6.02548e-05;0.00272298;9.42426e-06;0.000136522;0.00324821;2.67755e-05;2.04812e-05;0.000111026;0.248576;0.00217268;0.0919182
9.06876e-05;0.731277;3.31375e-07;3.61269e-06;8.70163e-05;1.35589e-05;1.48101e-05;0.03381;9.58306e-06;2.68254e-06;2.19596e-05;0.213802;0.0207742;9.2244e-05
0.000118874;0.0152627;2.84345e-05;1.55193e-06;1.68787e-05;3.51835e-05;1.22481e-06;0.0633526;1.06539e-06;2.28238e-07;2.16646e-06;0.0524799;0.868684;1.46746e-05
6.9701e-05;0.0121046;2.95558e-05;0.00120891;0.00335159;0.00337402;3.41752e-05;0.020244;0.000776178;4.02863e-05;4.4272e-05;0.000816509;0.0134327;0.944474
0.00174454;0.35009;0.0032893;0.00415601;5.68116e-05;0.0046384;9.42419e-05;0.0250766;0.00823263;6.80811e-05;0.0066829;0.0902058;0.485871;0.0197942
5.39653e-07;0.999107;2.28045e-09;1.24801e-06;7.99723e-08;1.91116e-07;0.000228465;9.27496e-05;3.89341e-07;1.52867e-05;9.34643e-07;1.61675e-09;4.93462e-06;0.000548603
1.60606e-11;4.27639e-12;0.999999;1.52094e-11;5.00145e-11;3.48582e-12;1.88312e-12;3.99098e-10;8.35962e-13;1.31279e-11;1.29394e-11;5.50687e-07;3.12603e-14;2.23503e-12
2.98013e-06;0.887052;2.48726e-08;3.31222e-06;6.89657e-07;3.5944e-07;0.00137575;8.52188e-05;2.02042e-05;5.1737e-05;5.07154e-06;4.88779e-07;2.10165e-05;0.111381
4.6849e-05;0.0469311;6.24865e-08;2.26986e-05;2.92439e-08;3.86074e-07;0.231735;0.00149706;0.662391;2.26589e-06;0.0562414;3.42487e-07;0.00113185;8.57368e-09
1.21218e-05;0.980842;4.55578e-07;7.57323e-07;2.66576e-08;2.02224e-07;1.55411e-05;2.81081e-06;2.3753e-06;9.36399e-08;1.48899e-06;0.000151264;0.0189708;7.98149e-08
1.37954e-05;0.130562;1.38274e-07;4.29606e-06;9.28038e-05;0.000329011;8.08416e-08;0.000266759;2.15023e-06;1.83162e-06;2.80903e-07;0.848943;0.0143982;0.00538631
0.000256317;0.303316;2.05096e-05;2.13166e-05;0.0193237;0.00806236;1.38203e-06;0.0991768;4.10127e-06;4.14698e-06;1.57743e-06;0.0328971;0.531307;0.00560765
1.99352e-05;0.0236374;1.83984e-07;2.87893e-05;3.37674e-05;0.0010043;7.45824e-06;0.000820898;0.000539983;1.83608e-05;2.65478e-05;3.9129e-05;0.973811;1.18165e-05
1.43262e-05;0.0291845;0.97022;4.89245e-05;1.44754e-05;3.02691e-05;5.38674e-05;7.64568e-05;1.61292e-07;0.000157934;1.42429e-07;4.98599e-05;3.57743e-05;0.000112908
4.26719e-08;1.48058e-08;0.999998;1.01203e-07;1.92273e-08;6.1941e-08;1.36209e-07;1.05026e-08;3.14415e-07;2.81203e-08;5.94898e-07;3.69422e-07;4.32148e-09;6.75472e-10
4.52456e-05;0.0206656;0.914738;2.53395e-05;4.15876e-06;9.17953e-06;1.97155e-06;0.00802679;8.53539e-05;4.28445e-06;7.42872e-05;0.0562025;7.34483e-06;0.000110416
1.09649e-07;0.0123438;1.27273e-05;1.45482e-08;4.21801e-07;1.11051e-06;2.71792e-06;1.94287e-07;1.59736e-10;2.65172e-06;1.89425e-09;1.4325e-07;1.78961e-08;0.987636
8.08196e-10;1.35807e-10;0.999991;6.81582e-11;2.04822e-07;2.90347e-10;2.96287e-11;4.39414e-07;6.36266e-13;3.06898e-12;2.88687e-11;8.50634e-06;4.28147e-11;1.30703e-10
2.18158e-08;7.79783e-07;2.4201e-13;7.45918e-10;9.4764e-06;5.73275e-09;5.92922e-08;0.99999;2.30969e-08;1.33477e-09;5.99847e-10;4.09783e-11;1.48395e-07;8.24779e-09
6.15203e-08;2.0139e-05;0.999853;7.3074e-06;1.63484e-05;8.19726e-06;5.60629e-08;2.85916e-07;1.16894e-09;2.47742e-08;4.92595e-08;8.80492e-05;9.02962e-07;5.9311e-06
4.19312e-07;0.993113;5.80908e-10;2.06656e-07;2.28736e-07;3.28803e-08;1.17746e-08;0.00319467;3.16749e-08;9.01662e-10;8.36432e-08;1.28659e-05;0.00367836;7.74047e-07
7.3597e-05;0.0590621;3.9911e-06;2.08411e-05;0.000395652;9.08455e-06;2.19077e-07;0.0256342;5.42147e-05;6.04517e-06;1.02829e-05;0.909736;0.00367787;0.0013158
2.16326e-05;0.983091;0.00497103;1.84039e-05;0.00114884;0.000291502;2.27656e-06;4.71513e-06;5.96275e-08;2.92983e-05;1.56492e-06;0.00111336;0.00841468;0.000891136
8.76959e-06;0.00944457;4.57103e-06;1.68707e-07;1.25667e-06;3.03699e-06;1.13768e-06;0.0037861;1.3455e-05;6.19174e-08;6.91229e-06;0.982697;0.00403156;1.30146e-06
0.000389282;0.811051;7.73935e-05;0.000127129;0.000401166;0.0191499;0.000107439;0.0070107;0.000160526;4.08832e-05;9.86797e-05;0.10357;0.056351;0.00146569
0.000132414;0.0305528;2.28488e-07;0.000505441;0.00169096;0.0452935;0.00013171;0.00226236;0.0103368;0.000120831;0.00174045;0.001459;0.782454;0.12332
0.000225436;0.900715;0.0906417;0.000598745;2.00407e-05;0.000197663;5.81453e-05;7.24818e-05;2.02917e-05;6.37418e-05;2.4102e-05;0.00274266;0.00451596;0.000103597
7.60021e-05;0.893374;3.23545e-08;1.78676e-05;9.15743e-07;5.81933e-05;2.27175e-05;2.08846e-05;0.000278824;5.32528e-06;7.8217e-05;0.000558647;0.105495;1.34454e-05
0.000495616;0.173929;0.0481632;0.00018159;0.000206002;6.39971e-05;1.44944e-06;0.00642259;7.74714e-06;3.51798e-05;1.53215e-05;0.75574;0.000169469;0.0145683
1.20243e-07;0.999509;5.70065e-11;2.72112e-08;4.5929e-09;4.63291e-09;0.00035969;5.8528e-07;2.63202e-08;2.89684e-06;8.87887e-08;1.52374e-10;2.92489e-07;0.000127425
2.58853e-11;3.66215e-11;1;6.95978e-12;3.71021e-10;4.39084e-13;2.36862e-11;3.35854e-10;3.22198e-13;6.69289e-12;1.41611e-12;5.3172e-07;1.69445e-15;9.3376e-12
0.000906097;0.175079;5.06454e-05;4.90851e-05;0.00170696;0.00491107;0.00282084;0.618556;0.00320649;0.000448446;0.000761366;6.00038e-06;0.158745;0.0327531
2.65996e-09;2.49372e-09;0.999998;1.07813e-09;5.59136e-10;2.40343e-09;2.94716e-09;1.65045e-08;4.26367e-09;1.56757e-10;3.76519e-09;2.10218e-06;3.20234e-10;5.56213e-11
3.17968e-05;0.00970018;0.000398744;1.91529e-05;5.14056e-05;9.50801e-05;2.63923e-07;0.0151886;0.000604696;8.44905e-07;8.05202e-05;0.971005;0.000486857;0.00233646
3.41571e-06;0.977857;5.09533e-08;7.31873e-08;3.14023e-07;8.88113e-06;4.25202e-07;2.22272e-06;4.13736e-07;1.8122e-07;7.11948e-07;2.48957e-05;0.0219746;0.000126815
2.64991e-06;0.00798022;1.96819e-06;2.98839e-07;4.84177e-05;5.9092e-06;3.14773e-08;0.00159042;1.98811e-06;3.88433e-08;2.05523e-06;0.990028;0.00026138;7.68568e-05
0.000114648;0.971285;3.74237e-05;1.72905e-06;6.51411e-05;0.000777521;0.00452253;0.00452433;2.44472e-05;6.7179e-05;1.14916e-06;1.70457e-07;0.0178781;0.000701041
4.80285e-08;7.1184e-08;0.999991;1.60714e-08;3.94942e-08;5.01723e-08;2.40288e-08;6.70199e-06;5.15645e-08;1.78119e-09;3.74798e-09;1.68317e-06;2.69737e-08;2.42259e-10
9.1939e-06;0.0327771;1.113e-05;1.00224e-05;4.30277e-05;4.13115e-05;4.01333e-08;0.915153;3.5866e-05;1.08511e-06;1.35021e-06;0.0513209;0.000539537;5.66674e-05
5.21511e-07;0.990018;2.27374e-09;3.0315e-07;6.72882e-07;2.12783e-05;8.3569e-08;1.52067e-06;4.00024e-08;1.61291e-07;2.07549e-07;7.716e-06;0.00994626;3.49698e-06
0.000344858;0.250355;3.77574e-05;0.000121379;0.00145042;0.00464841;5.16393e-06;0.0160726;4.98756e-05;7.21129e-06;1.62436e-05;0.679532;0.0201259;0.0272332
0.0001802;0.954577;5.96802e-07;3.34624e-05;0.000803543;0.00837739;1.04665e-05;0.0201689;3.20927e-05;7.43535e-06;1.47024e-06;0.000112258;0.00183658;0.0138589
5.72516e-05;0.0118977;6.35157e-07;6.99896e-07;1.40529e-05;2.10701e-05;1.04915e-07;0.974001;5.58325e-07;2.88665e-08;9.59206e-08;0.000550117;0.0134389;1.76633e-05
2.47563e-05;0.0356867;1.55969e-07;0.000640866;0.00013392;0.00382367;9.81251e-07;0.00360927;0.000142478;5.56256e-06;5.89258e-05;0.0148515;0.0762044;0.864817
3.88371e-06;0.997574;2.74282e-07;8.13353e-07;2.50161e-08;8.6615e-08;1.81845e-06;6.81287e-06;7.43501e-09;1.80038e-07;1.01718e-07;0.00103569;0.00137439;1.48599e-06
6.24774e-07;0.000728555;2.48586e-07;3.53207e-05;0.00213329;9.45714e-05;2.4262e-06;0.00165943;2.6037e-05;2.32481e-06;5.96195e-05;0.994026;2.4573e-05;0.00120701
0.000160566;0.370882;0.397104;0.00187524;0.00790551;0.0012925;5.97087e-06;0.00159642;1.68485e-06;1.7566e-05;0.000106421;0.00778486;0.209272;0.00199614
0.000999626;0.672323;1.24633e-05;2.3559e-05;6.52012e-05;0.000975084;0.000122968;0.0545468;0.00237906;1.01772e-05;0.00147099;0.134732;0.131192;0.00114668
0.000385274;0.881027;0.00119024;1.13699e-05;0.000266596;0.000393191;1.02646e-05;0.0289259;1.32357e-05;1.12894e-06;8.88164e-06;0.0820202;0.00559074;0.000155656
2.53503e-06;0.981111;2.19225e-08;1.99627e-06;6.29419e-05;1.85898e-06;3.8344e-07;0.00698139;6.77342e-06;2.68954e-08;6.79665e-07;0.00142699;0.0101381;0.000265865
2.31427e-05;0.418994;0.000623533;3.23697e-05;8.27105e-06;6.53138e-07;7.31049e-06;0.00957386;0.000222224;8.55105e-07;0.000270828;0.558657;0.0115745;1.12416e-05
0.00167816;0.134741;0.00711451;0.00166199;0.00129517;0.0017665;6.65803e-05;0.0111722;0.00836608;0.000291083;0.00343976;0.781476;0.0463347;0.000596515
0.00028703;0.889858;3.41403e-07;0.000104519;5.44961e-05;0.000143086;0.000130186;0.102793;0.000398164;0.000102969;0.000145176;0.00325927;0.00239836;0.000325587
6.94663e-05;0.0102366;3.28147e-07;2.93588e-07;5.94274e-07;6.43601e-07;7.86095e-07;0.068383;9.14217e-07;1.01246e-07;1.6129e-06;0.000796712;0.920508;5.41978e-07
8.15751e-06;0.00162846;1.17878e-07;0.000740076;0.00188075;0.000261141;6.06838e-06;0.00418882;0.0015152;4.11972e-05;0.000100729;0.000281246;0.00071912;0.988629
6.96854e-05;0.987996;0.00333797;0.00311731;1.98746e-06;1.74573e-06;3.38495e-05;0.000291403;1.00718e-05;3.18843e-05;0.000102281;0.00497151;1.64643e-05;1.79618e-05
0.000157175;0.996163;2.67917e-07;6.16359e-06;6.05279e-07;5.56771e-07;0.000354554;0.00109621;2.02604e-05;1.3366e-05;0.000118679;0.000484331;0.00148323;0.000101185
2.14567e-07;0.000179844;1.01553e-07;7.90756e-07;9.78206e-05;1.59801e-08;1.99546e-07;0.00171585;8.88124e-06;7.06111e-08;9.8421e-05;0.997896;1.29585e-06;8.02127e-07
1.33867e-06;0.981329;0.00318991;8.2749e-06;7.05916e-06;5.93657e-09;5.68569e-08;1.57044e-05;6.77614e-08;1.25924e-07;7.4022e-07;0.000197024;0.015246;4.84325e-06
0.000307868;0.491235;5.57698e-08;3.37261e-06;0.000455865;7.46506e-06;4.22675e-05;0.00947993;0.00182904;4.52858e-06;0.000132162;0.0182721;0.0106777;0.467552
1.69057e-05;0.184805;9.42895e-08;2.24344e-07;2.23482e-05;9.70761e-05;4.85717e-06;0.782657;2.53228e-07;8.79684e-06;2.6589e-08;3.58835e-06;0.0298003;0.0025839
3.02719e-10;1.11582e-10;1;3.14361e-10;5.679e-09;3.11198e-08;8.17657e-12;1.22984e-09;1.9581e-11;3.00611e-11;7.10531e-12;3.66377e-08;7.66743e-11;9.21602e-10
2.63849e-06;0.000139978;0.996486;2.05707e-06;1.79957e-06;1.22746e-06;1.31187e-06;0.00210582;9.39943e-07;8.27697e-08;6.4245e-07;0.00117801;7.198e-05;7.15375e-06
1.77356e-08;0.000140533;9.45656e-07;4.49242e-08;2.352e-06;6.45042e-06;1.14574e-09;1.33536e-06;2.56958e-10;2.66012e-08;6.02451e-10;3.59712e-07;7.60836e-08;0.999848
1.65811e-05;0.624112;6.97603e-08;1.22443e-05;3.37206e-05;3.33391e-06;3.60316e-06;0.00710631;2.03938e-06;4.56988e-07;5.34235e-05;0.00770948;0.360945;1.49346e-06
2.39046e-07;0.977008;5.54088e-06;3.60459e-06;2.66646e-06;2.69134e-06;1.32941e-08;8.56231e-06;2.58177e-10;2.74623e-07;2.00939e-08;1.41881e-06;0.0229603;6.82304e-06
3.67257e-07;0.00359871;2.10915e-06;4.58315e-06;4.52343e-06;8.04554e-06;2.93067e-07;0.000236321;1.00375e-06;1.01778e-07;3.9577e-05;0.995823;0.000122282;0.000158884
5.25032e-06;0.995482;4.86123e-06;9.64024e-06;2.1131e-06;6.24415e-06;5.56308e-05;0.000492417;1.92119e-06;7.04005e-07;0.00125537;3.79088e-05;0.00262889;1.68269e-05
0.000139694;0.00187011;0.00422692;4.0802e-05;1.20486e-05;1.4502e-05;1.93544e-05;0.0103754;1.38178e-05;1.10617e-06;0.00103698;0.480056;0.502178;1.44619e-05
2.5892e-05;0.946541;1.44994e-06;1.8032e-05;4.02881e-05;0.000407612;6.20922e-07;0.0343399;1.14678e-06;5.64042e-06;1.09207e-06;0.000659329;0.00433909;0.0136185
1.76941e-05;0.000523177;4.44547e-08;3.80435e-07;2.93579e-06;1.63596e-06;5.81145e-08;0.015428;6.35499e-06;1.94689e-08;7.57359e-06;0.000357733;0.983654;5.85769e-07
0.00054915;0.0360469;7.77429e-06;3.51984e-06;1.86601e-05;1.66979e-06;3.63055e-07;0.781407;2.49312e-05;1.62136e-06;5.92032e-06;0.157831;0.0235511;0.000550536
9.41233e-07;0.0134557;4.4398e-06;1.75775e-05;5.23415e-05;1.19514e-05;1.85925e-07;0.00527773;2.11205e-05;7.27907e-07;2.60578e-05;0.979931;0.000845243;0.000354934
3.10648e-06;0.949196;7.49453e-07;3.62921e-06;1.58973e-06;2.20076e-06;1.31373e-06;2.50287e-05;3.81629e-07;8.52409e-07;9.5309e-06;0.0128146;0.0379349;5.90893e-06
1.97015e-05;0.00311815;1.72869e-05;7.38658e-07;0.000190762;9.18641e-06;6.4459e-09;0.000393241;3.88054e-07;3.09705e-07;7.21012e-08;0.995432;0.000271093;0.000546686
0.00102314;0.282562;1.67279e-06;0.000775326;0.00163255;0.00246595;0.00118114;0.680828;0.0106978;9.30673e-05;0.000395234;0.000467423;0.0113149;0.00656181
6.60816e-05;0.00279488;2.0003e-10;1.16899e-05;2.33472e-05;8.41504e-06;6.68286e-07;0.988274;0.00047552;1.35483e-06;1.61962e-05;1.26745e-05;0.0083082;7.10208e-06
0.000236263;0.458403;0.00648587;0.000909687;8.62778e-05;0.00094496;1.23672e-06;4.69385e-05;4.02346e-06;6.8457e-05;1.70068e-05;0.0155943;0.51707;0.000132607
6.16348e-05;0.128756;2.44439e-05;8.58765e-07;1.40131e-06;3.43235e-07;5.55504e-06;0.026196;2.77475e-05;1.04339e-06;4.51158e-05;0.842131;0.00273497;1.39675e-05
1.23798e-07;0.0111302;1.15652e-07;4.07902e-05;1.30328e-05;0.00367496;0.444048;1.29065e-07;1.53072e-06;0.533064;2.42026e-06;1.12714e-09;3.07416e-05;0.00799378
1.58306e-12;1.11612e-13;1;2.90952e-11;6.16841e-13;4.99543e-13;1.34623e-10;4.11969e-13;2.44097e-12;2.95114e-11;5.07879e-11;7.79951e-11;2.29949e-16;1.94125e-15
