8.18427e-06;0.999537;8.58504e-05;2.08934e-05;4.84686e-07;1.86261e-07;2.22557e-06;0.000213419;1.36819e-07;1.43732e-06;1.97927e-07;7.59277e-05;3.83889e-05;1.52138e-05
1.21137e-05;0.988978;2.2186e-09;5.16676e-05;1.261e-05;3.8064e-06;1.63897e-06;0.00827132;6.22638e-05;1.26316e-06;5.04441e-05;0.00174704;0.000697033;0.000111019
0.000306406;0.962445;2.02774e-07;8.32349e-05;3.41113e-05;2.53779e-05;0.000140948;0.0116711;0.000393104;3.65051e-05;6.53279e-05;0.00303491;0.0216872;7.69103e-05
5.03027e-05;0.00048431;9.61422e-08;1.3908e-06;0.000230788;4.25293e-05;1.05263e-06;0.00110961;2.20945e-05;4.29291e-07;2.98102e-06;0.996518;0.000537067;0.000998993
1.94572e-05;0.61307;6.40859e-10;9.06905e-07;1.09039e-05;5.01007e-07;1.73961e-06;0.000922379;3.18954e-06;4.85073e-08;1.26013e-06;0.0056667;0.380215;8.83873e-05
0.000177025;0.649018;9.43151e-07;0.00149136;0.0109642;0.00274955;5.98125e-06;0.020957;0.000342861;8.57222e-05;4.01576e-05;0.0306802;0.017201;0.266286
0.00129087;0.643715;4.45361e-05;7.33312e-05;0.000316237;0.00154625;1.31882e-06;0.0300443;1.85279e-05;7.38542e-06;1.33659e-05;0.152626;0.0803186;0.0899847
1.87117e-05;0.917741;1.53558e-07;1.6639e-05;1.72026e-05;2.56392e-05;0.00361159;0.0679827;0.00057435;0.000272264;7.04701e-05;4.15945e-06;0.00699596;0.00266934
9.01886e-11;2.27348e-10;1;3.00075e-11;2.14042e-11;1.89487e-11;8.10205e-11;4.02301e-09;4.81524e-11;2.45744e-11;1.30403e-10;1.85338e-09;3.91328e-12;3.17195e-14
0.000221606;0.624967;4.87547e-05;4.68322e-06;0.000354105;2.57505e-05;8.61147e-06;0.0279934;6.5412e-05;2.52969e-06;1.24453e-05;0.324692;0.0194783;0.00212597
1.28985e-06;0.000891082;1.55084e-10;4.3368e-07;0.00139756;3.78112e-07;1.43823e-06;0.99694;0.000606183;3.0337e-07;5.79269e-05;1.6544e-05;8.67379e-05;2.48809e-07
0.000257106;0.00172525;0.991707;0.00132861;0.000587374;0.000822992;7.91647e-06;1.19863e-05;5.827e-05;0.000114531;0.00039805;0.00241939;0.000341192;0.000220899
2.28753e-05;0.000452712;0.999477;2.51986e-08;2.42989e-07;2.16662e-08;3.34741e-07;6.11903e-06;2.22047e-06;1.40223e-08;5.95319e-07;2.20185e-05;1.5555e-05;1.74572e-07
0.00022785;0.801036;1.52161e-06;5.54471e-05;0.00219862;0.00159999;6.84082e-05;0.108683;0.0399981;1.24833e-05;0.00122566;0.00933735;0.0295878;0.00596729
0.00256825;0.669964;4.6802e-06;0.000849064;0.00021131;5.07507e-05;0.000198832;0.0203611;0.202435;0.000345991;0.0114424;0.061909;0.0291855;0.000473676
5.34573e-05;0.996073;0.000897183;2.85554e-05;9.66176e-06;4.05202e-07;4.11755e-06;3.29714e-05;4.51476e-06;1.18011e-05;2.56624e-06;0.00279072;8.59963e-05;5.42812e-06
0.000531476;0.943096;6.88803e-06;4.92887e-05;5.75179e-05;2.71682e-06;0.000229252;0.00570453;0.0014714;3.51749e-06;0.00153253;0.0138068;0.0334778;2.97985e-05
0.00248949;0.795676;0.000172713;8.16818e-05;0.00418088;0.000273049;7.83672e-05;0.0748792;0.000210979;0.00113311;6.09736e-05;0.0301049;0.00297615;0.0876825
3.92321e-05;0.0153011;0.000161669;1.39079e-05;7.8724e-06;1.25054e-05;1.85966e-05;1.24028e-05;1.07893e-05;2.8633e-06;9.26251e-06;0.98298;0.00024653;0.00118334
9.5717e-07;0.993123;3.3494e-09;2.03769e-08;2.22506e-08;2.05907e-08;0.000288598;4.3979e-05;1.77888e-07;9.01786e-06;2.64384e-08;9.16427e-09;2.12533e-06;0.00653212
1.27307e-10;4.21459e-11;0.999999;1.50753e-11;6.72201e-10;8.71535e-10;1.069e-11;7.78421e-10;8.88034e-12;2.40007e-11;4.68504e-12;6.02383e-07;5.61067e-13;7.10253e-11
1.36069e-06;0.000178669;5.93988e-09;6.77263e-08;2.43792e-07;4.23815e-07;7.55222e-09;0.0105486;9.4167e-06;6.69486e-09;2.73948e-06;4.1079e-06;0.989254;6.18315e-07
1.17363e-06;0.000801077;4.30187e-07;7.9365e-06;7.19727e-07;1.94568e-07;4.06668e-08;3.84547e-05;3.51587e-05;5.37879e-07;3.6555e-05;0.99872;0.000286174;7.19945e-05
3.24334e-07;0.000324524;1.33009e-10;4.93278e-07;0.000178008;1.64541e-08;8.49792e-07;0.999489;4.40377e-07;3.19973e-07;1.39368e-06;3.36864e-07;3.22208e-06;1.33518e-06
4.9495e-07;0.00122654;0.998494;1.62786e-05;6.204e-06;4.43336e-06;2.13733e-06;0.000125722;1.33484e-08;2.47487e-05;2.1877e-06;1.01185e-05;8.42674e-05;2.72497e-06
4.05485e-08;6.63867e-09;1;6.43604e-10;1.26328e-09;2.62549e-10;4.77923e-09;1.80255e-07;1.45066e-09;7.67894e-11;3.9428e-08;1.42603e-08;2.42132e-10;9.12377e-12
5.91144e-07;0.000479193;0.0159233;1.01358e-07;3.84264e-07;9.17573e-08;6.68746e-09;2.92835e-06;1.56763e-06;1.20375e-08;7.45166e-07;0.983573;3.41919e-06;1.41413e-05
6.83612e-07;0.977324;9.17773e-08;3.3286e-09;0.000174392;2.2564e-06;4.18152e-10;0.0071077;9.12161e-08;6.94568e-09;1.46209e-08;0.000183622;0.0151648;4.26741e-05
5.26027e-05;0.00477162;3.93768e-08;4.00553e-05;0.949491;0.000949828;8.49929e-07;0.0050156;0.00176015;2.43886e-05;7.5531e-05;0.0273017;0.00478839;0.00572777
0.000305298;0.931479;0.00201703;1.70812e-06;0.000114715;5.04391e-06;2.22228e-06;0.0659848;6.10782e-06;1.81929e-06;3.84209e-09;1.71729e-07;7.80446e-05;3.85826e-06
9.89208e-08;1.08116e-06;0.999865;2.854e-09;2.33808e-09;6.15708e-10;7.38591e-10;0.000132604;2.53638e-08;2.05818e-10;1.1794e-09;3.19706e-07;4.06756e-07;4.77938e-12
3.81518e-08;8.37251e-05;0.00155128;1.10845e-07;5.37538e-07;2.35669e-07;3.34233e-10;1.80685e-05;1.82365e-08;1.70546e-08;6.48769e-09;0.998246;7.61303e-08;9.99099e-05
1.48106e-06;0.947143;2.18128e-08;7.71349e-07;0.000722424;0.000201825;4.82511e-09;0.0238514;3.17576e-07;7.61163e-08;1.36095e-06;0.000197957;0.0271861;0.000693523
8.91858e-07;0.000197648;5.5902e-06;1.13814e-07;1.56127e-05;1.16161e-06;5.39058e-09;0.00100588;1.24728e-08;3.08757e-08;2.07802e-07;0.998661;7.81944e-05;3.35964e-05
0.000126696;0.705962;1.6869e-07;1.8082e-05;0.000103393;4.66406e-05;6.52169e-06;0.267567;0.00133485;2.88688e-06;1.50935e-05;2.10117e-05;0.0247917;3.76483e-06
2.29431e-06;0.999768;7.15242e-06;1.17473e-06;1.58915e-06;4.38758e-07;2.62755e-08;0.000125137;1.81306e-09;1.16509e-07;3.03501e-10;5.10254e-06;6.67144e-05;2.22072e-05
1.12902e-05;0.903799;4.61988e-09;3.97108e-05;3.90932e-06;5.76337e-06;3.56599e-06;0.0402432;2.05689e-05;3.05177e-06;8.39337e-06;0.00735596;0.0484997;5.62735e-06
4.524e-05;0.947109;3.3122e-05;0.000153809;0.000774313;0.00103654;3.42891e-05;0.00222438;1.50011e-07;0.000285098;1.74423e-06;0.0126111;0.0123451;0.0233465
2.23737e-05;0.000416116;6.08972e-07;3.54343e-06;1.38236e-06;9.70069e-06;3.81512e-05;7.0882e-06;1.86088e-05;9.68962e-08;5.5469e-05;0.998165;0.00124398;1.78054e-05
7.27735e-08;0.997982;3.1401e-09;2.74571e-08;3.04134e-08;3.23669e-08;6.246e-05;0.000142217;5.95592e-09;6.75648e-06;3.4072e-09;6.53071e-09;6.18665e-06;0.00180042
8.28163e-12;1.51143e-11;1;6.35239e-11;5.48955e-10;1.63253e-09;2.4049e-11;1.52188e-10;1.47003e-12;2.81479e-11;2.73718e-11;1.09834e-07;3.56307e-13;2.90149e-11
2.55647e-06;0.0006567;4.00347e-08;4.17172e-07;4.70962e-07;1.07188e-06;2.71853e-08;0.0384465;8.61458e-06;1.66718e-08;1.56544e-05;7.29125e-06;0.96086;7.27773e-07
1.50988e-05;0.00304287;1.60719e-05;2.56493e-05;2.53834e-06;4.23914e-06;2.5287e-07;0.00171453;4.397e-05;1.77354e-06;0.000120258;0.969332;0.0253076;0.000373332
7.22946e-06;0.00225491;1.55807e-08;1.29751e-07;6.54408e-05;1.04021e-06;7.49306e-09;0.997038;2.30205e-07;1.29534e-07;4.99258e-07;7.61428e-06;0.000482082;0.000142741
2.29289e-06;0.965104;0.000954494;1.82881e-05;6.77791e-05;3.56563e-05;0.000128729;0.0198468;1.38024e-06;9.38358e-05;1.51788e-05;0.000661603;0.000846638;0.0122237
9.15377e-11;4.98903e-10;1;3.49822e-10;1.54207e-11;4.59168e-12;1.52939e-10;3.89914e-08;1.0762e-10;3.29703e-11;2.6677e-09;1.43475e-09;1.38955e-10;2.32366e-13
5.80212e-08;2.82465e-06;0.999609;3.68245e-08;1.03107e-07;4.10303e-09;1.83016e-08;1.2675e-05;2.9192e-08;1.0196e-08;3.77606e-08;0.000373481;2.89552e-08;1.73619e-06
1.04937e-05;0.00773508;1.74596e-06;2.477e-07;0.0294451;0.00197236;2.04567e-06;0.00214328;8.10443e-06;2.83014e-06;2.29253e-06;1.26477e-06;3.06562e-05;0.958645
3.56252e-05;0.00224488;0.00972506;1.29721e-05;0.967479;0.00141567;3.18887e-08;0.00247282;1.07103e-06;7.55993e-07;1.31608e-06;0.0127737;0.00356285;0.000274518
2.96228e-06;0.999131;3.30048e-09;2.32887e-09;8.01004e-06;2.17004e-08;7.67478e-06;0.000730214;7.69338e-08;2.44807e-07;2.10921e-09;1.57117e-08;3.86898e-06;0.000115969
4.1606e-11;9.28179e-11;1;2.38999e-12;1.457e-09;5.27064e-13;5.53638e-12;2.43063e-08;5.37408e-13;5.96995e-12;1.9854e-13;3.43956e-07;1.96182e-13;3.87546e-12
8.2473e-05;0.00679891;6.03712e-07;0.000101279;0.000695114;0.00023144;0.000349213;0.945987;0.0081007;4.80796e-05;0.0012863;0.0239654;0.0114898;0.000863254
2.0392e-06;0.999733;4.64903e-06;8.69566e-06;2.58111e-06;4.53659e-07;2.24542e-06;0.000180052;1.4697e-07;1.04947e-06;1.98886e-07;1.72918e-05;4.71894e-05;4.52089e-07
3.00143e-05;0.940155;9.01283e-07;1.21811e-06;6.89065e-06;1.25054e-07;2.33779e-06;0.00586676;1.00264e-06;9.32898e-07;8.37613e-07;0.0531748;0.00069699;6.19768e-05
0.000718067;0.108295;0.000107116;2.43848e-05;0.00414903;0.000180425;0.00157975;0.001713;4.01477e-05;0.000154343;0.000138375;0.0255301;0.000794868;0.856575
0.000344669;0.0019587;6.09899e-05;3.02594e-05;0.000534807;0.00118143;8.19502e-05;0.00012896;9.17087e-05;5.52916e-06;5.24535e-05;0.963017;0.00042965;0.0320822
9.3025e-07;0.997654;3.99414e-10;8.91402e-09;2.53946e-08;2.09884e-08;8.48141e-05;2.90225e-05;6.81939e-08;4.23456e-06;3.44557e-09;7.29561e-10;5.92685e-06;0.00222101
6.50063e-11;1.21902e-11;1;5.99765e-12;2.45261e-10;1.98832e-10;7.56821e-12;3.19362e-11;7.99987e-12;3.82632e-12;3.67722e-12;8.9584e-08;3.1213e-13;2.95376e-12
1.42357e-06;0.000276955;1.67335e-09;1.97335e-08;2.83459e-07;5.04949e-07;2.97858e-09;0.00405322;9.39635e-06;4.7081e-09;1.12517e-06;1.16233e-06;0.995656;1.41995e-07
1.49644e-05;0.00162268;1.58092e-06;1.56873e-05;4.54538e-06;2.28619e-05;5.42126e-08;0.000310457;0.000194625;4.46443e-06;3.5982e-05;0.992184;0.00554954;3.845e-05
1.31423e-06;0.999691;7.70053e-07;2.65757e-07;1.55084e-08;2.85019e-09;4.15206e-07;5.02613e-05;7.8518e-07;5.69616e-08;5.29402e-06;0.000232412;1.73436e-05;5.70548e-09
2.23825e-08;0.999831;7.22021e-09;4.90765e-07;1.72892e-07;2.54865e-09;3.64344e-05;7.30257e-07;1.55245e-09;5.15933e-05;1.21643e-08;2.69447e-07;2.88037e-08;7.92189e-05
7.32079e-07;6.0689e-06;0.999832;2.92816e-06;1.05243e-07;6.48364e-06;3.00191e-05;2.88719e-07;5.681e-07;6.34997e-07;2.1903e-05;9.4299e-05;4.19151e-06;1.27762e-07
0.000840008;0.820085;1.86035e-08;1.47465e-05;0.000147055;4.62538e-06;0.0013683;0.0199983;5.72667e-05;3.09679e-05;0.000277603;0.00156831;0.155586;2.15801e-05
0.0136016;0.248709;5.66525e-08;0.000103159;0.0211218;2.82462e-05;4.26379e-05;0.638779;0.0225767;3.84415e-05;2.87819e-05;0.00443007;0.0503918;0.000148452
0.00503549;0.758843;0.193488;0.000458533;0.00260644;8.22752e-05;4.44359e-06;0.010782;0.00129615;1.64923e-05;3.17122e-05;0.00432711;0.0223163;0.000711461
0.000789857;0.0460239;1.05275e-06;0.000216878;0.000124822;1.59581e-05;0.00160746;0.0623445;0.716242;1.07425e-05;0.152879;0.0102488;0.00905384;0.000440459
0.013454;0.0626007;0.000163082;0.00688683;0.0937721;0.0164051;0.00014755;0.151398;0.142724;0.00330868;0.152363;0.0336738;0.0230313;0.300072
0.00405453;0.0783773;3.24544e-06;1.13308e-05;0.00359783;0.000463085;1.10551e-05;0.852307;0.000556509;9.79588e-05;8.85822e-05;0.000244185;0.00520333;0.0549836
2.96303e-07;0.000356819;6.17254e-07;2.03774e-06;2.83107e-05;9.46879e-07;4.6131e-08;8.6338e-06;3.55456e-06;9.90369e-08;6.39783e-06;0.999482;3.56766e-06;0.000106419
0.000129567;0.899067;0.000107545;8.3933e-05;0.000165921;4.76286e-06;1.84725e-05;0.0804388;0.000130086;4.68961e-06;7.06329e-05;0.00125214;0.0182773;0.000248877
0.00227934;0.468915;3.37181e-06;0.000300768;0.00117903;0.000148257;3.00338e-06;0.00342815;0.00239756;3.44171e-05;9.17632e-05;0.509465;0.0104488;0.00130611
0.122746;0.17449;2.41703e-05;2.64894e-05;0.00037174;1.13478e-05;0.000178938;0.46552;0.0818411;1.56187e-05;0.000839991;0.0753202;0.0785073;0.000107814
8.95678e-06;0.981567;3.09709e-10;4.03525e-07;5.63334e-07;2.29441e-08;0.00356434;0.000412347;0.000113347;6.55918e-05;7.51334e-07;3.85416e-09;1.09245e-05;0.0142558
3.86788e-09;1.13557e-09;1;8.06035e-10;3.61229e-10;3.51342e-12;1.80207e-08;1.30332e-08;2.72055e-08;5.85016e-10;2.60513e-09;5.36922e-07;1.09246e-13;4.25983e-12
0.000963312;0.402537;7.60787e-08;0.000604784;3.28147e-05;0.000149638;0.00406932;0.0071713;0.556461;0.000132616;0.0146998;0.000300596;0.0110961;0.00178146
9.54562e-05;0.846525;9.47622e-06;1.16293e-05;1.52431e-06;3.43225e-07;4.30835e-06;0.000287394;1.49968e-05;1.20334e-06;3.24225e-06;0.152721;6.39149e-06;0.000318127
6.58553e-05;0.00102771;3.05163e-07;1.42425e-06;0.00875875;5.27796e-06;2.43269e-06;0.988966;8.21386e-06;4.97474e-06;4.73879e-07;1.7181e-05;4.5707e-05;0.00109561
0.000133601;0.00232061;0.993158;7.23701e-05;0.000171279;0.000473656;3.1958e-06;3.57686e-05;2.36203e-05;1.06095e-05;1.1475e-05;0.00285235;5.66056e-05;0.000677237
1.34258e-05;0.00145031;2.63883e-08;5.0247e-07;1.53412e-08;5.64414e-07;0.994552;7.03455e-08;5.48359e-05;0.0026974;3.92197e-05;9.90636e-10;3.54124e-06;0.00118808
4.06352e-11;9.4992e-14;1;1.7206e-12;1.94009e-12;4.61297e-13;1.32291e-10;1.11102e-11;1.7274e-10;7.02749e-12;3.22628e-11;3.98963e-11;3.83973e-17;3.22813e-15
