0.000938666;0.0576052;0.000776565;0.000338675;0.00629573;0.00044142;0.000408317;0.811255;0.000810047;2.51254e-05;0.000794681;0.0369421;0.0828245;0.00054369
1.21027e-05;0.0837019;4.56787e-06;0.000193516;2.32025e-05;0.0019993;3.24274e-07;0.0316079;1.73459e-05;8.90112e-06;3.076e-05;0.879531;0.000733887;0.00213537
0.000514238;0.970282;6.49236e-08;0.000183306;0.00159214;0.000824834;0.000542287;0.0139305;2.76608e-05;0.000115463;0.000723681;0.000846748;0.00553442;0.00488216
1.513e-06;1.21827e-05;0.999966;8.92703e-08;5.78298e-06;7.87287e-09;1.35991e-07;1.47976e-06;3.49977e-09;1.82487e-08;1.31316e-08;9.93872e-06;2.34917e-06;1.56378e-07
5.3981e-07;0.999875;2.28889e-08;2.35023e-07;3.36206e-08;4.34651e-08;1.07278e-05;3.0928e-06;3.55356e-08;4.23732e-06;8.79998e-08;4.25282e-08;1.23039e-06;0.000104905
6.71562e-09;4.58735e-08;0.999972;1.28526e-09;6.3984e-09;2.54804e-11;2.91106e-08;4.90405e-07;1.30588e-09;3.48871e-10;1.21044e-08;2.76958e-05;1.43002e-10;2.56152e-10
0.000332547;0.0274707;5.96899e-06;1.67444e-05;0.000509487;0.00165077;0.014365;0.393637;0.00765838;0.000640734;0.00255421;8.13987e-06;0.537009;0.0141415
1.12565e-08;1.60909e-08;0.999999;4.60695e-09;2.75548e-09;4.32841e-09;3.33802e-08;8.58087e-08;3.48107e-08;1.18202e-09;8.26849e-08;2.8769e-07;1.94478e-08;4.67901e-11
7.57994e-07;1.49757e-05;0.997302;3.02292e-07;1.02998e-06;1.47423e-07;8.09919e-08;0.000277348;1.23543e-06;8.00981e-08;1.70751e-07;0.00239747;4.33511e-08;4.41209e-06
2.27043e-07;3.44258e-05;5.93083e-06;6.90055e-08;4.33989e-05;3.12958e-05;5.36402e-09;2.90929e-06;1.0174e-08;1.69426e-07;3.33062e-08;0.000254045;8.2583e-09;0.999628
0.000479363;0.00419712;8.10075e-08;2.74168e-07;9.17822e-05;4.38211e-06;9.31477e-07;0.992786;1.55817e-06;3.34941e-08;6.03744e-06;0.000510334;0.0019215;1.04342e-06
6.75682e-06;0.948862;2.51914e-08;3.90372e-05;8.48161e-05;6.91506e-06;2.26342e-07;0.0178157;3.39197e-06;8.08318e-07;5.2916e-07;0.00442546;0.0207661;0.00798786
0.00016799;0.0223652;2.30197e-05;0.00124155;0.00666221;0.000677144;9.57945e-05;0.018874;1.21494e-05;9.56858e-05;0.000133148;0.910489;0.0362251;0.00293847
0.000406326;0.106784;6.97193e-08;0.00990395;0.00154883;0.0389147;1.57877e-05;0.0794962;0.00344782;0.000229867;0.00113276;0.0507708;0.70245;0.00489871
0.00514227;0.0235451;0.886002;0.000621079;0.000266524;0.00138332;3.60978e-06;0.00257482;1.09882e-05;3.42049e-05;1.86772e-05;0.0755017;0.00306762;0.00182818
1.16753e-05;0.998832;2.35356e-08;9.42292e-08;7.1913e-08;1.33905e-07;0.000874212;4.40415e-06;6.03732e-07;9.24647e-06;1.12767e-06;2.73285e-08;0.000233548;3.24602e-05
4.73906e-09;4.85256e-09;0.999999;1.10384e-08;2.01399e-09;4.29846e-08;7.38257e-08;8.06208e-10;3.12341e-08;1.46557e-08;1.24294e-08;3.81508e-07;1.68721e-11;1.8921e-09
2.37461e-05;0.993847;1.26181e-05;1.87991e-05;3.62541e-08;2.78044e-08;1.4373e-05;0.00441634;0.000127937;5.51817e-07;0.00106155;0.000210792;0.000266161;2.77404e-07
3.47415e-07;0.992775;8.89343e-10;8.03882e-05;0.000271198;6.57432e-08;2.71727e-06;0.00558196;2.91158e-06;4.95719e-05;3.67421e-05;0.000946077;1.28354e-06;0.000251756
9.24343e-06;0.00244487;0.0283856;0.00428086;0.00103802;0.00348813;3.12834e-06;3.65135e-05;2.92169e-06;0.000456165;0.000785552;0.94854;0.000154575;0.0103747
4.57765e-05;0.95239;2.31273e-10;3.95025e-05;9.35497e-06;9.53748e-06;0.000797384;0.000811784;0.000143942;2.01618e-05;0.0368637;0.000229699;0.00849505;0.000144478
9.28557e-06;0.00527722;5.28456e-08;9.84929e-06;0.000338746;0.000120277;6.34981e-05;0.993573;1.18209e-05;7.58339e-05;6.56745e-06;3.46883e-07;0.000406912;0.000106399
7.17196e-09;3.81136e-09;1;1.23816e-08;4.94701e-10;1.5041e-10;1.64657e-08;9.07354e-09;1.04299e-09;6.30319e-10;1.89677e-08;4.326e-07;8.23566e-10;7.1222e-12
5.25276e-06;0.00024971;0.00010853;8.92261e-06;2.2747e-05;1.90603e-06;4.43402e-07;0.00055429;3.10589e-05;4.96085e-07;4.00696e-05;0.998517;2.68587e-06;0.000456715
2.84967e-05;0.976108;2.24983e-06;9.0064e-06;0.00010366;0.000101174;1.56762e-05;0.00439246;0.000116893;1.04668e-06;0.000519534;0.00021487;0.0180536;0.000333057
6.69677e-05;0.00174993;2.04162e-05;0.000557454;0.952363;0.022256;2.00358e-06;0.000565787;5.81509e-05;2.08732e-05;3.7494e-06;0.00367837;4.81128e-05;0.0186087
0.000202872;0.93094;5.72805e-05;5.87706e-06;0.000927358;3.93681e-06;1.74764e-07;0.0609496;1.65746e-05;2.31038e-07;4.94598e-07;0.00175262;0.00506824;7.50603e-05
8.93819e-06;0.0381908;1.21452e-07;9.14062e-06;0.00117822;1.60459e-05;3.33836e-07;0.956885;2.38227e-05;1.09429e-06;1.2494e-05;0.00162147;0.00170423;0.000348736
0.00143447;0.88771;9.53049e-09;5.25493e-05;0.00189438;2.79959e-05;0.00026756;0.0128943;0.000136029;0.00017723;0.000669377;0.0784642;0.0158219;0.000450368
0.0518251;0.298475;0.240867;0.00826228;0.169738;0.0221375;0.000107506;0.00307867;0.019525;0.000343842;0.000410862;0.0896911;0.0657064;0.0298323
0.00419783;0.819802;7.10626e-06;3.60143e-06;2.06945e-06;1.08637e-07;0.000182166;0.0655227;0.10553;1.26731e-06;0.000174072;0.00240699;0.00216003;9.92085e-06
0.000552666;0.00691457;5.09722e-08;2.69056e-05;0.00424178;1.20903e-05;0.000110428;0.837099;0.15012;5.72398e-05;0.000139571;0.000637157;7.08267e-05;1.76897e-05
0.0241611;0.0402149;0.796954;0.00626047;0.0171449;0.00181459;0.000426212;0.00256696;0.0545782;0.000827506;0.00428985;0.0452048;0.00132892;0.00422727
0.00463716;0.166713;4.84749e-06;0.000104071;5.84899e-05;0.00017208;0.000242885;0.077764;0.411491;4.84789e-05;0.00789456;0.277196;0.0496577;0.00401616
0.000909875;0.429807;4.22419e-07;0.00141677;0.00216177;0.00117243;4.17167e-05;0.0249372;0.387389;8.23154e-05;0.011035;0.0108647;0.123323;0.00685898
0.00163797;0.0776584;2.65593e-05;2.33552e-06;3.39296e-06;2.09097e-08;1.1023e-05;0.132859;0.000273181;6.0907e-07;0.000313553;0.778967;0.00824677;2.5697e-07
0.000142862;0.881655;1.70269e-05;2.16668e-05;0.00208326;0.000276689;0.00188587;0.0754219;6.20774e-05;0.000579246;3.2896e-06;2.17202e-05;0.0147051;0.0231243
4.83184e-08;1.62236e-08;0.999999;6.51724e-08;1.59549e-08;1.2652e-08;2.97986e-08;5.06487e-08;2.22951e-07;1.04862e-08;1.50521e-07;5.44316e-07;2.33811e-08;7.34369e-10
7.24174e-06;4.9741e-05;0.993093;1.37815e-05;9.1328e-06;1.05561e-06;1.47294e-06;0.00644716;0.000119492;9.65897e-07;6.86552e-06;0.000223684;2.44152e-06;2.42182e-05
1.56204e-06;0.000777343;7.72734e-05;1.37861e-06;0.000173327;0.000105355;2.19853e-09;0.000530057;1.09683e-07;4.8945e-07;9.53756e-08;0.000349192;1.14314e-06;0.997983
2.51737e-05;0.000787207;3.0056e-09;1.04748e-06;7.50735e-05;3.66851e-06;8.64884e-08;0.993521;8.76925e-06;6.68443e-08;4.8732e-06;1.30791e-05;0.0055583;1.51146e-06
2.41676e-05;0.98374;7.17021e-07;0.000180275;2.41836e-06;3.80537e-06;2.0612e-07;0.0125642;3.80149e-06;1.85248e-06;3.55612e-06;9.83865e-05;0.00337329;2.82999e-06
1.60945e-07;6.34558e-05;0.99984;6.70805e-07;2.11561e-06;1.08838e-09;5.31712e-07;1.62918e-06;2.9496e-09;2.9115e-07;1.2031e-06;8.83001e-05;2.17839e-07;1.19203e-06
2.41992e-07;0.999398;2.00099e-08;5.97424e-07;1.13033e-06;2.47121e-07;0.000187758;4.05523e-07;6.55321e-09;1.68599e-05;2.71984e-06;1.27837e-07;3.47347e-07;0.000391292
1.63193e-07;7.30652e-07;0.999876;9.86741e-09;4.74925e-08;6.87316e-11;5.31367e-06;1.62233e-06;7.23679e-08;1.30384e-08;1.66339e-06;0.000114526;7.66965e-11;1.47481e-08
0.000323999;0.00763571;1.95429e-07;3.28027e-06;1.76708e-05;5.76391e-06;0.000253336;0.981368;0.00521682;6.82648e-07;0.000176815;2.38667e-05;0.00494305;3.13032e-05
2.04536e-05;0.00198261;6.02776e-08;8.12806e-07;9.49146e-07;3.62594e-08;1.53257e-07;0.982697;0.000367689;3.45859e-08;1.78879e-05;0.000179736;0.0147325;2.0858e-08
1.52943e-06;0.0418135;1.26474e-07;9.47261e-07;1.54539e-07;5.93239e-07;2.10264e-08;2.42623e-06;9.58115e-08;8.72384e-08;4.92113e-08;2.07916e-07;0.95818;5.57589e-07
3.42293e-07;0.000234067;8.47224e-06;4.91875e-07;1.92446e-07;1.94077e-08;9.61743e-08;3.34625e-07;5.73636e-07;5.17632e-09;4.89348e-06;0.999699;4.70071e-05;4.94648e-06
7.07435e-05;0.0302089;1.74641e-05;2.75794e-06;0.00176957;0.000138492;1.78225e-06;0.966812;3.38967e-06;1.77211e-06;4.83338e-06;5.57596e-05;0.000351049;0.000561519
1.61167e-07;1.78632e-05;2.04403e-09;4.18824e-08;1.14277e-09;2.44032e-05;4.30584e-06;3.21177e-08;8.3416e-06;1.0172e-07;3.79114e-05;2.98102e-09;0.999907;1.68234e-07
5.15774e-08;2.81188e-06;0.999997;3.28451e-08;7.19661e-09;2.08673e-09;1.59235e-09;4.78363e-08;2.14338e-09;1.02721e-08;6.97069e-10;2.66405e-07;4.22844e-10;2.01337e-08
2.68199e-06;0.992645;6.09748e-07;1.12959e-05;1.10825e-05;1.03269e-05;1.23494e-05;0.00594176;0.000592482;1.08883e-06;0.000193682;1.07858e-06;0.000555724;2.1323e-05
