2.90872e-05;0.997076;0.000118771;9.3126e-05;8.15585e-06;1.75658e-07;1.59745e-06;0.00217278;1.72188e-06;2.1035e-06;3.70767e-06;0.000301343;0.00018876;3.04838e-06
2.08924e-06;0.997011;8.571e-09;4.35928e-07;9.17498e-08;8.02074e-07;2.21895e-05;0.000661215;3.15396e-07;1.80537e-05;1.93374e-07;9.45323e-07;0.0022638;1.85761e-05
4.21591e-11;1.76672e-09;1;9.94786e-11;2.24242e-09;9.13261e-11;2.73997e-11;1.89768e-09;2.67365e-13;2.46932e-11;1.60431e-12;4.20697e-07;9.40298e-13;6.90507e-12
5.96622e-07;0.0464951;7.47241e-09;1.07558e-05;1.24943e-06;4.07405e-05;3.22805e-06;7.19745e-05;7.30027e-06;9.41018e-07;4.41238e-05;0.000152825;0.953108;6.36585e-05
8.50544e-07;0.00276182;0.997047;5.05771e-06;4.66428e-08;1.91235e-07;2.27998e-05;2.05608e-05;2.11302e-08;1.18767e-05;2.86472e-07;0.000126466;2.44169e-06;1.02681e-06
2.44478e-08;7.65966e-08;0.999999;1.6753e-08;5.58637e-08;2.66254e-08;1.5696e-07;3.71269e-09;1.66539e-08;2.80742e-09;3.87921e-07;7.20301e-07;3.79688e-10;4.8646e-08
7.00013e-07;0.998423;4.82868e-07;6.98503e-07;2.80068e-07;1.26187e-05;1.96363e-06;0.000179994;1.98597e-06;2.41963e-07;8.12076e-06;0.000425203;0.000912694;3.1886e-05
2.82812e-07;3.80336e-05;3.7558e-07;4.69791e-06;0.000960704;0.0284934;1.17143e-07;4.70986e-06;2.87557e-07;2.76148e-06;8.6827e-06;0.00903699;0.000200398;0.961249
2.43224e-07;0.992322;1.52462e-09;5.19713e-07;2.79068e-07;4.07406e-07;0.00178547;0.00536617;4.10372e-06;1.0257e-05;5.28689e-05;3.57062e-08;0.000442397;1.55792e-05
1.17631e-09;3.51161e-09;1;7.05316e-10;1.21096e-08;2.1576e-09;3.26268e-09;1.90851e-09;7.16699e-11;1.30926e-09;1.56358e-09;2.34811e-07;4.87552e-12;1.01007e-10
9.04523e-06;0.973712;1.33246e-06;1.40324e-06;1.79708e-06;1.24271e-07;7.36168e-07;0.0134798;4.31542e-05;1.22964e-07;4.67737e-05;0.00282103;0.00988287;5.79565e-09
0.000181835;0.495042;1.58624e-05;0.000822517;0.00131299;3.29424e-05;0.000117332;0.014151;0.00232411;5.9129e-05;0.00136689;0.456767;0.0178166;0.0099902
0.00858823;0.318778;9.26411e-05;0.00785527;0.000667034;0.000270213;0.0208097;0.455887;0.0637139;0.00142631;0.0923241;0.0110776;0.0106266;0.00788394
0.00204985;0.829491;0.00594483;0.000414799;1.31185e-05;0.000318672;0.00228118;0.00417208;0.00132443;0.000160842;0.00246344;0.143145;0.00600234;0.00221873
0.000163698;0.902936;2.1962e-05;1.10746e-05;0.000238405;2.1849e-05;0.00767361;0.0150486;7.74166e-05;0.00141987;2.79703e-05;3.29954e-06;0.00113307;0.0712232
1.19064e-08;2.57725e-09;0.999999;8.97297e-10;5.03174e-09;8.16888e-11;8.87417e-09;3.77178e-09;3.90067e-09;3.25539e-10;5.18679e-10;1.2271e-06;5.95412e-12;5.23283e-11
0.000339396;0.174286;2.88841e-07;9.45836e-07;3.22119e-05;2.91397e-06;1.20165e-05;0.815078;0.000244051;3.02013e-06;8.59104e-07;0.000252964;0.00920033;0.000546615
1.95387e-05;0.0324116;0.00111701;2.05917e-05;0.000448981;0.000371019;3.03444e-06;0.00177331;1.54299e-06;2.86134e-06;5.81372e-07;0.80986;0.000769186;0.153201
2.31591e-06;0.906503;1.00122e-09;2.58125e-06;1.28309e-06;1.28215e-06;0.0539127;0.0236637;5.20771e-06;0.000222507;1.01349e-06;2.70732e-09;5.11759e-05;0.0156333
3.01702e-11;2.72807e-11;1;3.56368e-10;4.10677e-10;5.75511e-11;8.06978e-10;1.20101e-09;1.88213e-11;3.13349e-11;1.38827e-10;1.2647e-08;1.11383e-13;4.79881e-12
6.39738e-05;0.968065;1.6362e-06;8.72922e-05;9.22171e-06;1.08628e-05;1.94406e-05;0.0168061;0.00142257;1.05265e-05;0.000571415;0.00683707;0.00556983;0.000525374
3.72731e-05;0.0731127;1.29146e-06;2.12728e-05;0.000237779;3.90451e-05;2.69458e-06;0.0125956;0.000610505;8.39593e-07;0.000713542;0.901555;0.0091682;0.00190382
0.00053096;0.398649;1.75815e-08;0.00439489;0.00323393;0.000355633;2.8207e-05;0.315968;0.00726368;0.000146669;0.0205924;0.214624;0.0332564;0.000955786
0.000402995;0.983778;0.00077686;0.00198872;4.22602e-05;0.000152836;8.2021e-05;0.00012127;7.03559e-05;0.000725402;0.000482727;2.06538e-05;0.00150679;0.00984932
0.00340374;0.108249;0.0299162;0.000421753;0.000602504;1.83427e-05;2.1511e-05;0.00116269;0.000245454;3.4033e-06;0.000525692;0.85477;0.000471994;0.000188186
0.0033555;0.212976;1.75347e-06;3.86586e-05;0.000238371;0.00175377;0.0170931;0.397234;0.0537178;0.000811183;0.0108101;1.31123e-07;0.301837;0.000132028
1.67203e-07;1.75446e-08;0.999994;9.89864e-09;1.53634e-08;6.22599e-09;6.2812e-09;3.16547e-06;1.02336e-06;3.51343e-09;6.42969e-08;1.62061e-06;1.03927e-08;4.00147e-11
1.20679e-06;0.000242173;0.00184502;7.22615e-07;1.04709e-06;5.62305e-07;3.04221e-08;8.08585e-05;0.000117115;7.51867e-08;4.56848e-06;0.997682;5.37934e-07;2.43486e-05
0.00016368;0.0697387;5.27279e-05;1.85942e-06;0.000639069;0.000155503;4.4531e-06;0.921849;0.001116;3.70128e-07;0.00112132;6.70675e-05;0.00508228;8.44511e-06
8.1775e-07;0.985114;1.77819e-09;3.38895e-08;1.85106e-05;1.01591e-06;2.1528e-06;3.44284e-05;8.86832e-08;1.68392e-05;2.12924e-09;1.10658e-07;2.74621e-06;0.0148092
1.8754e-11;1.43169e-11;1;1.07965e-12;1.89836e-10;4.69418e-12;1.39003e-13;3.24705e-09;6.47209e-13;6.63535e-13;2.65199e-13;3.22292e-11;6.48748e-14;1.27501e-13
1.57817e-05;0.000434418;1.83718e-05;3.61205e-06;0.000209338;9.60146e-05;3.54985e-07;0.996052;0.000936025;1.15576e-06;4.58066e-05;0.000175338;0.0019995;1.24121e-05
