2.127e-05;0.996555;3.85299e-06;1.7343e-05;0.000111498;6.92338e-06;3.97653e-05;0.00123349;3.97679e-05;2.58264e-07;6.33196e-06;0.000173028;0.00165549;0.000135891
1.14992e-05;0.000375733;1.02126e-07;0.000129383;0.00084634;8.36989e-05;1.63726e-07;0.997474;3.20581e-05;3.7411e-06;1.35688e-05;4.47117e-05;4.10786e-05;0.000944231
6.82389e-06;0.990347;5.78014e-09;6.09519e-07;4.90398e-08;9.15385e-08;3.87812e-07;0.000249879;1.45077e-06;1.01166e-08;1.18973e-05;3.60624e-05;0.00934604;1.17495e-07
3.9298e-05;0.735676;3.27939e-09;0.00255033;0.020739;0.000284399;5.76222e-07;0.232394;0.000307291;3.14275e-05;8.93469e-05;0.00111606;0.000924903;0.00584746
6.38702e-05;0.969545;0.000312207;0.00032219;0.0011567;0.000151194;2.27085e-07;4.26389e-05;3.48341e-07;1.84528e-05;4.6191e-06;0.0177407;0.00800333;0.00263885
6.00892e-05;0.00461913;9.23606e-06;4.1731e-06;3.95659e-06;4.68049e-08;4.51353e-06;0.00648098;8.38564e-05;2.20748e-08;0.000398368;0.988217;0.000118356;3.4222e-07
1.50072e-05;0.988837;3.94655e-07;0.000393371;0.0038032;0.000249045;2.07422e-07;0.0022298;0.000102956;7.73114e-07;5.67205e-05;0.000824796;0.00241084;0.00107621
0.000696211;0.154196;4.58003e-08;2.97191e-05;8.46067e-06;3.15028e-05;9.2027e-06;0.00201733;0.00312314;2.28661e-06;0.00119491;0.0240746;0.814582;3.45754e-05
1.72373e-06;0.999092;9.25373e-08;9.5148e-09;6.95709e-09;1.89853e-08;9.79323e-07;2.29537e-06;1.04831e-09;2.25208e-08;2.15683e-08;0.00053267;0.000369462;8.32829e-07
3.38034e-06;0.0108343;1.59645e-05;6.98069e-05;0.447226;0.000448281;1.86032e-05;0.451761;3.04544e-05;4.92975e-05;1.65833e-05;0.0112108;1.12362e-05;0.0783049
7.60399e-05;0.316538;0.553602;0.0131578;6.82463e-05;0.000722617;0.000582067;0.000199316;5.24695e-05;8.85176e-05;0.00433852;0.00483684;0.105544;0.000193227
4.48575e-05;0.846557;1.21407e-06;2.7542e-05;6.87506e-06;4.57526e-06;6.8439e-06;0.0720592;9.80979e-05;5.17976e-07;0.000471153;0.0796035;0.000753155;0.000365478
0.000793307;0.151214;1.2833e-05;0.000162674;0.00059373;0.00106233;3.62221e-05;0.0582003;0.00230033;6.42384e-05;0.000404671;0.762749;0.00425491;0.0181511
1.23267e-05;0.923771;2.78476e-08;1.1844e-07;8.01473e-08;2.50815e-07;1.59975e-06;5.925e-06;8.3121e-07;5.53804e-08;1.13469e-06;0.00107788;0.0751288;2.6408e-07
4.53874e-05;0.457008;1.6269e-06;1.01573e-06;0.000957505;0.000695612;6.73185e-07;0.114166;4.67003e-06;7.12967e-07;7.89032e-07;0.36645;0.0201155;0.0405517
8.02984e-06;0.259733;4.31455e-06;5.14424e-05;0.000368696;0.0124506;1.70131e-06;0.00728792;1.90795e-05;1.99576e-06;1.34105e-05;0.0428815;0.0403288;0.636849
6.49195e-06;0.0277532;6.32274e-07;3.22606e-06;1.64693e-06;9.86652e-07;1.77591e-07;0.000525945;3.73498e-06;4.7164e-08;2.95626e-05;0.0214975;0.950176;9.57739e-07
8.32482e-07;0.0329658;1.5263e-08;2.72054e-07;1.49615e-05;6.44621e-05;1.38942e-07;0.962421;3.89341e-07;1.46122e-06;3.31071e-08;7.61046e-07;0.00449973;3.06223e-05
6.87942e-10;3.8959e-10;1;2.53304e-09;1.44765e-10;2.06055e-10;2.56974e-10;3.00022e-09;2.47416e-11;1.17104e-10;8.73851e-10;1.72321e-07;3.47494e-10;2.26726e-12
1.68239e-05;0.000201579;0.000601213;3.96485e-05;3.724e-05;2.65211e-05;4.73447e-07;0.0038078;3.16476e-05;5.96484e-07;5.08255e-05;0.994401;5.91361e-05;0.000725643
2.79108e-05;0.983414;2.42392e-06;2.41549e-06;0.000298741;5.26671e-06;5.36952e-05;0.0149654;1.01569e-05;1.31996e-05;0.000128659;7.85405e-06;2.10876e-05;0.00104897
3.0684e-05;0.00668909;0.00261471;0.000228194;0.134595;0.00106682;1.71035e-06;0.000385131;1.82085e-06;4.29417e-05;2.84071e-05;0.853366;3.72663e-05;0.000912445
0.000426827;0.199121;1.03978e-06;8.0883e-06;0.00242523;4.34889e-05;1.21113e-05;0.785638;0.00720234;6.97006e-07;9.80219e-05;0.000176293;0.00484423;2.58558e-06
4.46796e-06;0.999662;2.09163e-06;1.40231e-06;8.83499e-06;2.15103e-07;4.51285e-09;0.000252778;1.65764e-08;4.00144e-08;3.44305e-09;2.24136e-05;4.47455e-05;1.17524e-06
1.43699e-06;0.998918;8.77388e-09;1.43331e-09;1.16963e-08;5.03921e-09;4.00962e-08;2.49699e-06;1.76365e-09;4.70444e-09;7.71524e-10;0.000930324;0.000146607;9.13858e-07
2.08434e-06;0.0892532;3.98219e-05;9.85314e-06;0.00302232;0.00403744;1.55437e-05;0.119004;2.61698e-06;6.75843e-05;8.15265e-07;0.000147005;0.00061974;0.783778
3.77657e-08;1.24676e-06;0.999997;8.50237e-08;7.40922e-09;1.70584e-08;5.34693e-08;8.2691e-07;7.0228e-08;7.61742e-09;1.79557e-07;4.35224e-07;2.084e-07;1.09567e-09
5.21164e-07;0.000293005;0.997369;5.28625e-07;6.47099e-08;1.15182e-08;3.94757e-07;0.00169535;8.81209e-07;1.97049e-08;9.4846e-07;0.00063721;8.54321e-07;1.7845e-06
4.88811e-08;1.89815e-05;0.000451777;3.74698e-07;4.19162e-05;5.67309e-05;1.87139e-09;3.30648e-05;4.2512e-09;3.94829e-08;1.13442e-08;4.85895e-05;2.9807e-08;0.999348
3.81557e-06;0.962393;2.69197e-08;5.84986e-07;1.38799e-06;2.98159e-06;2.18979e-08;0.00138782;7.55023e-08;5.55198e-09;2.97281e-06;0.000472179;0.0357313;4.06585e-06
5.98247e-08;0.996929;9.05196e-09;9.66043e-07;6.53101e-08;4.14327e-08;8.42886e-05;1.43009e-05;9.08628e-10;0.000104743;3.11001e-09;1.37013e-07;4.25719e-06;0.00286184
1.74756e-11;1.73215e-11;1;5.69975e-10;2.30298e-10;1.1869e-10;4.83329e-09;1.31695e-09;2.89279e-12;1.91453e-10;1.65786e-10;2.52185e-08;1.5804e-13;8.5112e-13
2.77277e-07;0.993555;2.19127e-06;1.15416e-06;2.15775e-07;3.49324e-06;2.96595e-08;5.33799e-06;3.02446e-10;3.32457e-08;3.5353e-08;4.99611e-06;0.00642607;1.2741e-06
5.61326e-08;0.000361658;8.67101e-07;1.78601e-08;6.88989e-08;3.92306e-09;8.1938e-09;0.00124178;4.52852e-09;2.83029e-10;2.75089e-07;0.998362;3.23568e-05;6.58921e-07
0.000140373;0.0371052;5.85425e-06;0.00278717;0.0747492;0.000483634;0.0213371;0.804212;0.00290796;0.000228711;0.0461003;0.00609491;0.00283528;0.00101235
0.0031055;0.288847;0.54503;0.0140891;0.00714915;0.003013;0.00170928;0.0023943;0.000195376;0.00027849;0.00273667;0.000631908;0.0534306;0.0773893
3.12638e-06;0.985106;7.95258e-11;8.42478e-09;5.83049e-07;1.28991e-09;1.2776e-06;0.0148739;2.71113e-09;5.36524e-08;1.05688e-07;1.86483e-07;4.57822e-06;1.03995e-05
3.56538e-06;0.00457081;0.0215021;1.41775e-05;0.000609266;0.000219427;9.32821e-08;4.94769e-05;7.33843e-08;4.31364e-06;3.5145e-07;0.972831;5.36957e-05;0.000141246
0.000792078;0.302182;1.23989e-05;3.13006e-05;0.000167071;0.0052919;0.215242;0.225743;0.00949003;0.00163903;0.0129709;7.31594e-06;0.226115;0.0003155
7.94804e-09;2.83965e-10;0.999999;5.79061e-09;2.15549e-09;2.47931e-09;1.66164e-07;2.78282e-09;1.07266e-07;5.26941e-10;2.03957e-07;1.04965e-07;6.96199e-10;4.67193e-13
0.000161363;0.0995461;0.0133043;7.10748e-05;0.000101096;3.23479e-06;8.86635e-06;0.00113735;0.027939;1.15674e-05;0.000794187;0.856517;3.74225e-05;0.000367214
1.01004e-06;0.998769;7.47096e-11;1.99409e-09;1.93958e-08;4.658e-08;4.10175e-06;3.8653e-05;3.9994e-07;2.14016e-07;4.55724e-08;1.47796e-10;5.76225e-05;0.00112854
1.51471e-09;2.20999e-08;0.999993;4.59082e-10;9.6194e-08;2.89462e-10;7.61223e-10;1.60949e-09;9.18177e-11;1.70357e-11;2.40084e-11;6.71592e-06;5.80555e-12;4.16596e-10
3.36328e-08;1.80757e-07;3.82558e-10;1.03162e-09;0.000114989;6.8039e-09;2.01638e-11;0.999884;3.13241e-09;6.89359e-12;3.32396e-11;3.19055e-07;6.20032e-08;2.0034e-07
2.02941e-08;1.46422e-05;2.42242e-08;1.94351e-09;1.84352e-05;3.65464e-08;7.65393e-10;0.999963;4.8432e-08;4.53552e-10;6.20543e-10;2.25025e-09;3.76557e-06;1.63898e-09
6.2145e-08;1.40637e-05;0.999971;2.68506e-07;9.64252e-06;2.68293e-06;1.0242e-11;2.51472e-07;3.97988e-11;7.97728e-09;2.01273e-09;4.10794e-07;1.57131e-07;1.3161e-06
2.53112e-07;0.995825;7.82007e-07;2.02839e-07;3.06536e-07;1.94787e-07;6.49131e-07;0.00399154;3.70524e-06;2.74437e-08;2.48026e-06;3.22787e-05;0.000141105;1.71802e-06
