6.42346e-06;0.999765;4.10837e-06;2.04612e-05;3.22328e-07;2.27945e-07;8.88994e-07;6.58053e-05;6.56653e-07;5.58824e-07;8.24706e-07;9.48272e-05;3.89026e-05;5.76239e-07
3.10913e-05;0.48178;2.44673e-08;8.50909e-06;7.30445e-07;5.04513e-06;1.16271e-05;1.50142e-05;5.73014e-06;6.54448e-07;9.72131e-06;0.00517773;0.512943;1.10927e-05
9.24003e-06;0.096767;2.00019e-07;1.02078e-05;0.000680009;1.92827e-05;1.97581e-07;0.010406;3.26455e-06;3.97566e-07;2.72211e-06;0.861771;0.000815099;0.0295154
1.18046e-05;0.979026;1.08823e-09;0.000153299;0.000127748;1.65498e-06;0.00371389;0.00148393;0.000399736;0.000531605;0.000620322;3.33039e-05;1.22102e-05;0.0138842
5.24136e-05;0.00411202;0.994027;1.28238e-05;1.89435e-07;1.75436e-07;0.000115843;3.96017e-06;9.26796e-05;1.20865e-07;0.000112229;0.000535625;0.000934646;1.68583e-07
9.07644e-06;0.187869;1.23966e-07;5.61309e-07;3.50193e-05;1.95433e-06;7.69992e-08;0.000972353;5.67581e-07;6.63576e-08;5.68539e-07;0.00158604;0.809411;0.000113366
5.45269e-06;0.224105;3.16789e-05;4.62155e-07;5.29929e-06;8.29006e-07;2.9602e-07;0.571914;1.62216e-06;7.5823e-07;3.16509e-07;0.19716;0.00671698;5.78413e-05
1.23326e-05;0.0126569;1.61637e-07;0.000205439;0.00116687;0.734707;2.39492e-05;5.07791e-05;0.00024646;0.000188455;9.42967e-05;0.000488642;0.235676;0.0144827
0.004066;0.0188021;0.916613;0.000198864;0.00017759;0.00277945;5.96933e-05;0.000125789;4.41092e-06;2.78642e-05;6.55042e-06;0.028632;0.0268392;0.00166755
2.00658e-05;0.964162;4.69395e-07;9.36448e-06;0.000453413;0.000324309;7.27402e-06;0.0174797;3.02051e-05;5.36607e-07;3.54572e-06;0.000476984;0.00998256;0.00704964
7.21117e-05;0.892095;1.33125e-06;6.38844e-06;2.19378e-06;6.60453e-06;3.33844e-05;0.00484982;1.10321e-05;6.36743e-05;8.81851e-06;0.000634677;0.10191;0.000305475
2.84356e-08;1.82346e-08;0.999994;3.99851e-09;2.66706e-08;4.00483e-09;1.64453e-08;5.83788e-08;9.23086e-09;1.28824e-09;3.12513e-09;6.20196e-06;9.35398e-10;7.98018e-11
5.05973e-05;0.700617;1.59407e-05;0.000106114;3.96455e-05;0.000110459;0.000465722;0.0426734;0.000921821;7.54197e-06;0.000386775;0.0172633;0.23714;0.000202238
1.59526e-05;0.269781;7.0672e-05;0.000161054;0.000623632;0.00145695;2.11732e-06;0.0361038;2.68086e-05;8.41664e-06;2.30444e-05;0.194978;0.490866;0.00588229
8.60007e-05;0.353548;9.36321e-07;0.0509351;0.00280479;0.0022151;0.00184732;0.0318919;0.0107944;0.00182878;0.0480154;0.353866;0.135157;0.00700873
0.000637725;0.135909;4.21218e-06;2.06912e-06;0.000262762;3.85534e-06;3.0231e-06;0.858243;3.97914e-07;1.13227e-06;5.72704e-06;0.000250206;0.00439202;0.000284893
5.32557e-06;0.871502;0.000136301;1.26288e-05;0.000308276;5.41929e-05;0.000291618;0.0902317;3.5893e-06;0.000113258;2.02688e-06;0.000343964;0.0056347;0.0313607
4.58338e-10;2.7376e-09;1;5.27245e-10;1.38177e-10;8.64003e-11;3.92278e-10;1.29832e-08;1.76344e-10;1.21495e-10;1.75188e-09;5.64776e-08;9.64257e-10;9.25009e-12
1.74102e-07;3.91306e-06;0.997597;1.08418e-07;7.87508e-07;2.39991e-08;5.20586e-09;0.00160694;9.93519e-08;1.58188e-08;2.45403e-08;0.000788603;6.00295e-08;2.58924e-06
2.64324e-08;3.45804e-05;2.33173e-06;7.50901e-09;8.36897e-06;1.22161e-05;1.03625e-10;4.18288e-06;1.6675e-10;6.94807e-09;2.18501e-09;0.000248787;2.43747e-08;0.999689
1.48515e-05;0.000220421;5.49544e-10;5.96707e-08;3.72194e-06;2.21219e-06;1.21211e-07;0.996832;9.1057e-07;8.42724e-09;3.08465e-06;2.05205e-07;0.00292256;5.13161e-08
6.2697e-05;0.987047;2.56268e-05;0.000532841;3.28233e-05;2.95103e-06;4.98199e-06;0.00797729;3.75545e-06;2.69077e-06;4.66146e-06;6.7468e-05;0.00416652;6.85713e-05
1.41536e-05;0.888963;3.20535e-06;4.86382e-05;4.95574e-06;4.62996e-08;5.10057e-06;0.00143386;2.53194e-06;6.93864e-07;2.64044e-05;0.108692;0.00054513;0.000259904
0.00030531;0.486089;7.06853e-07;0.000275816;0.00070295;4.60867e-06;0.000381851;0.287223;0.000793096;2.27259e-05;0.00213096;0.217003;0.0023742;0.00269239
0.00027339;0.417855;0.00012913;0.000467563;2.07867e-05;1.30656e-05;0.000162441;0.42263;0.00369081;1.20652e-05;0.0129074;0.129112;0.0126732;5.34184e-05
0.00332006;0.217393;8.31024e-06;0.0182566;0.00864809;0.0158616;0.000281047;0.00549611;0.000420778;0.000245299;0.000759364;0.105511;0.0575403;0.566258
0.000107605;0.233552;2.24349e-08;8.21785e-06;0.000151822;1.13384e-07;3.70892e-06;0.76445;0.000121686;1.8462e-06;3.07666e-05;0.00143258;4.2225e-05;9.70101e-05
1.53938e-05;0.066152;0.910702;7.43002e-05;0.00225437;0.00011766;4.81341e-08;5.21312e-05;2.09809e-06;2.68468e-06;4.10137e-06;0.0192156;0.00118753;0.000220422
0.00023665;0.216018;5.54999e-07;0.000111306;0.000413706;0.00110898;0.000380777;0.0735608;0.282318;8.52738e-05;0.0729001;0.0135977;0.338931;0.000336256
0.00142967;0.862728;0.0249507;0.00358646;0.00396655;0.000700772;1.13347e-05;0.0233967;0.00037963;0.000208856;0.000500036;0.0765367;0.0014782;0.000126134
0.00155831;0.907695;9.51156e-06;4.48758e-05;1.70344e-05;3.05839e-06;0.000323971;0.00158858;0.00369823;1.89889e-06;0.00219165;0.000869232;0.0819927;5.62844e-06
0.000118516;0.677406;4.33946e-06;1.35013e-05;0.220028;5.91858e-05;1.22913e-08;0.0226769;2.45559e-06;3.18698e-06;5.37263e-07;0.0294184;0.00232429;0.0479447
0.000104731;0.789154;2.66682e-08;0.000288936;0.00217452;0.00261437;0.000371741;0.161171;0.00305737;0.00202451;0.000413735;1.79566e-05;0.0369255;0.00168176
1.55713e-08;4.79948e-09;0.999999;1.85331e-08;1.21601e-10;4.13896e-10;2.09317e-08;7.66713e-10;2.39945e-08;5.17363e-10;1.0112e-07;5.97167e-07;6.16786e-11;5.0925e-13
5.80553e-05;0.000955167;0.000178053;4.76988e-05;1.2755e-06;4.58691e-06;1.27865e-06;0.00217995;0.0321237;3.5838e-07;0.000654215;0.963769;1.88779e-05;7.45258e-06
5.25008e-06;0.00133535;8.04864e-07;3.76975e-07;1.18162e-07;4.69858e-05;9.27057e-08;4.81755e-05;1.50078e-05;3.26143e-07;2.40819e-06;3.51276e-06;0.998541;6.42182e-07
4.91868e-07;0.000157053;2.04477e-05;2.57298e-06;6.32324e-06;4.99292e-06;1.12014e-08;6.84673e-07;1.55891e-06;7.34048e-08;1.96594e-06;0.999701;2.97831e-06;9.95701e-05
4.23928e-06;1.49703e-05;2.95686e-07;6.50531e-08;0.000196117;7.60533e-07;1.40548e-09;0.999744;2.33748e-07;4.59807e-09;1.42586e-08;1.48329e-07;3.21163e-05;7.04423e-06
6.91954e-07;3.22022e-05;9.81017e-08;1.41253e-08;4.62241e-05;7.24158e-08;5.10646e-08;0.999666;6.5434e-06;1.81553e-08;1.62781e-07;1.29138e-07;0.000248114;1.5524e-09
3.20204e-07;7.10601e-06;0.999985;1.55913e-07;5.6316e-06;8.46565e-07;1.07402e-11;1.6245e-07;5.26815e-10;1.15992e-08;3.26411e-09;4.48015e-07;1.75531e-08;6.14389e-07
7.14291e-07;0.996716;6.07987e-07;3.05823e-07;4.05937e-07;2.97509e-07;6.99904e-07;0.00306057;3.47209e-05;7.16299e-08;4.50011e-06;1.97208e-05;0.00016123;3.55999e-07
