3.6145e-05;0.996389;0.000124283;9.23392e-05;1.10898e-05;1.45375e-06;1.96918e-06;0.000903341;2.64537e-06;1.51475e-06;3.33822e-06;0.00161962;0.000811456;1.51398e-06
2.43237e-05;0.969412;2.80788e-08;8.53767e-07;4.6164e-07;8.11177e-06;1.97295e-06;1.75441e-05;1.02447e-06;1.66739e-06;3.41058e-06;0.00147217;0.0289169;0.000139119
9.31386e-06;0.0741483;1.26813e-06;6.68789e-06;1.26471e-05;0.000293338;0.0146984;4.34312e-06;2.73597e-06;0.0131905;2.26873e-06;0.000281919;6.41996e-06;0.897342
2.52162e-07;1.33106e-07;0.999941;4.9535e-07;1.09607e-07;7.55521e-07;1.58817e-05;1.96366e-07;6.72635e-06;6.83836e-07;1.89315e-05;1.49469e-05;8.56917e-11;1.92924e-08
8.67794e-06;0.00207988;1.06779e-08;1.41475e-08;3.55402e-08;7.52731e-10;2.02438e-06;0.997892;6.8532e-06;5.25586e-08;1.90197e-06;5.38178e-06;2.50263e-06;5.67045e-07
0.000138779;0.701666;0.00305047;6.70705e-05;1.94692e-05;0.000170357;0.280623;0.00698038;0.000520696;0.00579379;0.000331729;0.000157461;2.92267e-05;0.000451396
4.23053e-10;3.93478e-09;0.999998;1.7208e-09;6.25072e-10;3.01588e-09;3.47858e-09;2.11318e-09;8.3433e-11;3.10071e-10;7.25385e-09;1.71147e-06;1.40409e-11;7.09464e-10
3.58985e-08;0.999598;2.0634e-09;7.31839e-09;3.13469e-11;8.24039e-10;0.000385469;7.10659e-07;1.78626e-09;1.82665e-06;2.65179e-07;1.95054e-08;1.04716e-05;3.52493e-06
1.07074e-10;7.94128e-10;1;1.24664e-09;4.70822e-09;7.18417e-08;4.22493e-08;5.27647e-09;1.71462e-10;1.30025e-07;7.55899e-09;2.07418e-09;9.75313e-13;4.29913e-10
9.1574e-09;4.65053e-06;0.999992;6.96919e-09;1.1824e-08;3.45046e-09;6.04543e-08;2.85571e-06;2.17516e-09;3.80932e-09;6.05941e-08;2.72169e-08;9.91036e-08;1.83608e-10
2.68534e-06;0.00434447;0.00573358;5.62164e-06;1.64691e-05;1.63707e-06;8.91562e-06;0.0006873;1.04357e-05;1.83749e-06;0.000971725;0.986668;0.000883611;0.000663761
6.94718e-05;0.772448;1.4135e-05;0.000159139;0.000108613;6.32232e-05;0.000993592;0.197275;0.000167312;6.25353e-06;0.00738979;0.0146947;0.00537901;0.00123126
8.29493e-08;0.923336;1.04308e-09;1.20639e-07;3.79227e-08;1.24293e-08;0.000199966;1.26769e-05;1.38252e-10;1.46899e-05;3.15009e-09;1.28562e-08;5.93182e-07;0.0764362
4.37801e-12;2.89215e-12;1;8.18998e-12;1.64919e-11;2.43302e-12;5.81527e-11;9.78672e-12;7.63351e-14;1.27943e-12;1.7349e-12;6.742e-09;1.54485e-14;1.18064e-11
0.000141914;0.0236908;1.17477e-07;4.41171e-05;9.22487e-06;4.62089e-06;4.02683e-05;0.035172;0.00197984;1.05186e-06;0.0046562;0.00527339;0.928903;8.33345e-05
0.000408851;0.968287;4.98789e-08;0.00020928;1.0482e-05;1.12971e-05;0.000376674;0.00225735;0.00625929;4.93453e-05;0.00989607;0.000543332;0.0110811;0.000610039
0.000248346;0.719001;0.000230432;0.000174467;5.18195e-05;9.46167e-06;3.84935e-05;0.00191196;2.1797e-05;1.2713e-05;0.000171979;0.108809;0.169287;3.22006e-05
0.000362711;0.0334933;0.00201874;0.000106157;0.145143;0.000634234;5.17e-06;0.292602;2.80292e-05;2.81407e-05;0.000171895;0.498838;0.00226017;0.0243093
3.06609e-05;0.918948;1.65922e-06;0.000261231;9.2265e-06;1.14988e-05;0.000171088;0.00119042;0.00093552;1.3082e-05;0.00161811;0.00429774;0.0720891;0.000422713
0.00010949;0.998883;4.62939e-05;8.39254e-05;4.26435e-06;1.166e-06;2.20113e-05;0.000192281;3.62042e-05;1.87986e-06;0.000302625;0.000125236;0.00010647;8.48807e-05
2.18402e-06;0.993905;5.55414e-10;1.06956e-05;0.000131638;4.72166e-07;5.92711e-08;0.00415896;3.34333e-06;1.28505e-06;1.17537e-06;0.00145705;9.81367e-06;0.000318267
1.33396e-05;0.0127438;0.00597261;4.81686e-05;2.82028e-05;0.00018183;1.69529e-07;7.60634e-05;1.89258e-07;2.11798e-06;3.13333e-06;0.979988;0.000761558;0.000181281
0.000583533;0.332267;6.62537e-06;5.58371e-06;2.23185e-05;9.5875e-06;7.18568e-06;0.479504;1.87664e-05;3.12423e-07;0.000716977;0.0538497;0.132984;2.46582e-05
0.000301658;0.250009;1.03212e-06;0.000362383;0.00234927;3.66133e-05;6.78272e-06;0.514334;0.000615957;3.53387e-06;0.000327011;0.173992;0.0571102;0.000550334
1.32207e-05;0.0584324;7.53078e-07;0.000548891;0.00370224;0.000181345;1.19552e-07;0.005252;2.37331e-06;1.13215e-05;1.54705e-05;0.860565;0.0259823;0.0452928
0.00100818;0.729892;5.61742e-06;0.00350459;5.78305e-05;0.00170087;0.0421729;0.00446026;0.00272865;0.000523033;0.152052;0.00609413;0.0397923;0.0160079
1.95862e-05;0.00168398;1.48235e-08;2.96557e-05;7.13743e-07;1.43607e-06;4.27649e-06;0.00958602;3.20028e-05;2.97104e-07;0.00194841;0.000500286;0.986193;3.0976e-07
0.000170143;0.930381;7.623e-10;0.000164608;9.49077e-05;8.58282e-08;3.1558e-05;0.0655895;0.000176176;1.35865e-05;0.000288572;0.000931691;2.47583e-05;0.00213316
1.13097e-05;0.947183;0.0495557;0.000440284;0.000155208;7.93019e-07;4.24585e-06;0.000140951;5.56515e-07;5.93286e-05;2.22264e-05;0.00133339;0.000376484;0.000716652
0.000102212;0.240706;8.51196e-08;9.32262e-05;0.000204256;0.000587002;1.01119e-05;0.0101607;0.000389977;7.32009e-06;0.00319957;0.00177213;0.742682;8.62069e-05
0.0011237;0.0077392;0.9459;0.000613463;0.00146156;0.000183346;2.96923e-06;0.000553237;3.61077e-05;3.37459e-05;3.04237e-05;0.0337138;0.000293836;0.00831504
0.00149229;0.0190795;5.35165e-07;3.67052e-05;2.03567e-05;6.67057e-06;9.12407e-06;0.0763801;0.0100913;1.16826e-06;0.00252;0.00289846;0.887463;1.16604e-06
0.00023539;0.959722;4.3323e-06;0.000167682;0.000377601;3.6556e-05;6.20404e-06;0.00684351;0.00175372;3.00338e-05;0.000244642;0.00952308;0.00163313;0.019422
8.59109e-06;1.95533e-05;5.38639e-08;5.32252e-05;0.995025;3.76793e-05;4.93807e-06;0.000219139;0.000258996;8.51421e-05;0.000123369;8.5332e-06;6.63607e-07;0.00415559
0.00332351;0.307101;0.681259;0.00150705;0.000257083;3.08954e-05;0.000264991;0.00013792;0.000459766;0.000377351;0.000199655;0.000797599;0.000377756;0.00390671
1.52389e-05;0.996281;7.9942e-09;4.98539e-09;2.68433e-08;5.53402e-09;8.50053e-08;0.000170973;7.32518e-07;1.17193e-09;6.31832e-08;0.000339043;0.00319309;8.24518e-08
4.14737e-05;0.0954633;3.40801e-08;3.7063e-06;0.00157087;0.00131105;4.47134e-07;0.56163;0.000193146;4.01544e-05;2.00961e-06;0.00208106;0.31607;0.0215927
2.19718e-10;2.84895e-10;1;9.98543e-11;1.39139e-10;5.95381e-11;1.45159e-11;4.50676e-10;2.21469e-10;1.31393e-11;2.37617e-10;1.40567e-08;5.25033e-12;1.01253e-12
0.000310274;0.921811;0.0143451;0.000611254;1.99212e-05;0.00032944;0.00520505;0.0150268;0.017924;2.52987e-05;0.0111768;0.000789849;0.0104372;0.00198768
4.56785e-05;0.728615;0.00354149;0.00140162;0.000224593;0.000939221;0.000116701;0.198245;0.0159469;8.19039e-05;0.0162938;0.00876966;0.0223398;0.00343869
