1.13229e-05;0.999389;0.0001185;4.89738e-05;1.44376e-06;2.20091e-07;1.61819e-06;0.000224517;2.65176e-07;8.08722e-07;3.75928e-07;0.000119103;6.97622e-05;1.40142e-05
1.43128e-05;0.986943;3.09421e-09;3.76125e-05;4.79593e-06;1.54198e-06;3.2016e-07;0.011314;6.5799e-05;6.10585e-07;4.51851e-05;0.00094424;0.000571677;5.71353e-05
0.000469717;0.986621;4.81854e-08;6.84866e-05;4.92468e-06;1.33408e-05;0.000286045;0.00180566;0.000615217;5.70275e-05;0.000109912;0.00182868;0.00779427;0.000325388
0.000447464;0.00141843;8.69824e-07;1.17352e-05;0.000151443;2.85355e-06;8.76372e-05;0.000616361;0.000896944;3.82602e-06;0.000129986;0.995605;0.000222983;0.000404689
1.08469e-05;0.00544374;0.99429;1.57403e-06;1.33586e-06;6.65163e-10;1.6728e-05;1.24774e-06;8.48135e-06;6.1099e-08;8.48333e-08;6.67071e-05;5.63924e-07;0.000158533
3.87615e-05;0.886478;5.79895e-08;2.65665e-06;0.00139226;9.14652e-06;9.67744e-06;0.100162;0.000201713;3.14048e-06;1.17277e-06;1.28455e-05;0.00390083;0.00778779
2.43577e-06;0.00314306;0.45669;3.10896e-06;0.00031121;1.48678e-05;8.14331e-10;1.71607e-05;1.08997e-08;6.82771e-08;5.85012e-09;0.538749;1.44889e-05;0.00105459
3.056e-06;0.966076;5.18116e-08;6.16241e-07;7.19635e-06;3.57813e-05;0.000236084;0.0301065;5.70505e-06;1.37005e-06;2.45286e-06;1.78656e-08;0.000431856;0.0030937
1.44504e-09;2.18425e-09;1;1.27481e-09;7.28796e-10;5.94688e-09;8.17503e-10;4.28612e-08;8.2536e-10;2.03747e-10;1.35125e-09;2.12757e-07;1.28224e-09;5.63406e-11
9.29527e-06;0.061332;0.239273;1.79851e-05;4.30212e-06;2.11813e-05;2.87039e-06;0.00180038;2.43974e-05;2.02417e-06;1.76519e-05;0.691239;0.00264121;0.00361469
7.23251e-06;0.433855;1.757e-06;5.2142e-06;0.000888134;0.000906381;1.88838e-07;0.0550861;6.28192e-06;5.62114e-07;1.40767e-05;0.000686549;0.506535;0.00200766
7.88353e-08;0.986333;9.3886e-09;1.88133e-08;1.25389e-06;1.6944e-06;4.27551e-06;2.51648e-05;3.86999e-11;4.21775e-06;3.6535e-10;5.66852e-07;4.87222e-05;0.0135811
3.4651e-12;2.97491e-12;1;1.81927e-12;1.57257e-10;1.25548e-10;1.79251e-12;1.14337e-11;4.10074e-14;2.19038e-13;3.33722e-13;4.51253e-08;3.82354e-13;2.71351e-12
5.66033e-07;0.637457;2.47048e-06;7.19585e-07;3.20468e-06;3.73948e-05;4.00622e-05;0.337363;3.41494e-06;1.13346e-06;7.76898e-07;1.58e-08;0.0250705;2.02833e-05
4.34229e-10;1.14669e-08;0.999999;7.63356e-10;5.639e-10;9.64624e-10;1.85286e-11;1.02426e-06;1.36576e-11;4.54215e-11;4.97381e-11;2.65799e-08;7.40981e-09;9.44491e-12
8.96864e-07;0.00917095;0.282269;2.6122e-06;1.46345e-05;2.25236e-05;2.02983e-07;0.00036745;9.82231e-08;1.78262e-06;2.24065e-07;0.683865;6.67348e-05;0.0242176
4.66696e-06;0.0359992;7.05867e-06;2.1487e-06;0.000802008;0.0110363;8.12359e-07;0.798119;1.55309e-06;1.54799e-07;1.35612e-05;0.000149263;0.152912;0.00095167
1.053e-06;0.000790267;1.91661e-08;2.86334e-06;0.000884077;0.000310506;1.69676e-09;0.0016756;1.09207e-08;3.91785e-08;3.07886e-06;0.972518;0.0183257;0.00548876
7.72627e-09;0.999862;3.51809e-10;2.37082e-10;2.19391e-10;2.65813e-10;2.78053e-08;3.89378e-09;1.02618e-11;7.41624e-10;7.38203e-12;8.37124e-09;3.56737e-06;0.000134109
1.37205e-05;0.934988;7.09681e-06;3.10054e-06;5.87726e-06;9.4515e-06;0.00251699;0.0527719;2.17394e-05;1.5503e-06;9.57108e-06;0.000138523;0.00951042;2.01206e-06
4.50618e-06;0.980124;2.60407e-07;1.62673e-06;5.04511e-07;1.47041e-05;4.49511e-06;1.42827e-05;1.82552e-07;1.12981e-06;1.14862e-07;0.00303546;0.0167567;4.17131e-05
9.00881e-06;0.0755841;2.95216e-06;7.62506e-05;0.000338929;0.000429336;0.00364412;0.0047158;4.75491e-06;0.00210731;3.88621e-06;0.000144961;5.30547e-05;0.912886
1.31848e-08;1.046e-06;0.999998;3.40148e-08;3.66679e-10;1.95657e-10;8.64401e-07;7.39424e-08;3.36178e-09;2.263e-09;3.3367e-08;2.93352e-07;5.03609e-09;5.3025e-12
0.000221505;0.277768;0.000334081;0.000103272;0.000462403;0.000238862;3.06356e-05;0.00951314;0.000119395;5.7353e-06;0.000226366;0.619531;0.0289791;0.0624669
2.25773e-07;0.0160944;1.45583e-09;7.69743e-07;0.000145048;9.96707e-05;1.62877e-07;0.00248766;4.86383e-08;1.02209e-07;1.41568e-06;0.000337787;0.980352;0.00048066
0.00029024;0.159527;0.000490543;0.00356987;0.000395341;0.000149208;7.41238e-05;0.00674703;0.000153506;8.1276e-05;0.000824599;0.727233;0.0594543;0.04101
0.000954921;0.0051857;0.138579;0.0130152;0.000682437;0.000436396;0.000243428;0.828854;0.000179094;8.75696e-05;0.00427908;0.00603098;0.000227789;0.00124469
0.000356653;0.251047;0.00201452;0.000338729;0.00143453;0.00887199;1.41259e-06;0.171454;7.26239e-06;7.95848e-05;1.92929e-05;0.0182356;0.000534357;0.545605
0.000126582;0.00191098;8.95039e-09;3.19401e-06;6.72314e-05;2.3897e-05;1.11925e-06;0.759875;0.000294925;5.37687e-07;0.000122366;8.05287e-06;0.23756;5.36171e-06
1.15701e-05;0.999552;2.17199e-05;4.86822e-05;5.59279e-07;1.04311e-07;2.25467e-07;8.87942e-05;6.6054e-07;6.28072e-07;2.18304e-07;0.000234358;1.55388e-05;2.44098e-05
5.52521e-06;0.999283;9.13453e-10;2.82302e-07;2.30755e-07;1.87003e-08;8.3716e-07;0.000432659;9.92786e-07;8.88876e-07;2.92828e-07;1.81135e-05;0.000203951;5.28509e-05
3.05654e-07;0.000725286;3.0561e-07;5.29782e-06;0.000486558;2.15732e-07;1.00807e-06;0.000476314;1.49421e-05;1.12514e-06;0.000147503;0.998136;8.56822e-07;4.43514e-06
4.33444e-05;0.635633;0.0906271;0.000277043;4.86271e-05;8.20851e-06;7.7555e-06;7.59219e-05;8.82376e-07;1.28434e-05;2.74132e-05;0.00082714;0.272398;1.2824e-05
0.000123517;0.229752;2.42131e-07;1.20134e-06;0.000170153;6.15913e-05;4.09992e-07;0.0307093;0.000136701;4.50149e-07;2.77613e-05;0.688525;0.0493566;0.00113459
0.00031689;0.476927;2.5828e-08;1.96488e-05;0.0665741;0.00243536;3.80873e-06;0.0513069;4.54712e-05;1.31512e-05;1.93973e-05;0.17091;0.205365;0.0260633
0.00333981;0.213507;3.11492e-05;0.000407027;0.000872944;0.000182862;5.69639e-05;0.0171597;0.0177469;2.7361e-05;0.000970212;0.139883;0.604619;0.00119629
0.00115971;0.958809;1.45064e-05;0.000154063;0.000148372;5.27948e-05;8.75269e-05;0.00589383;0.00148444;5.36889e-05;0.000189405;0.0177048;0.00869572;0.00555167
9.50619e-06;0.00010841;2.34859e-07;6.34716e-08;2.63357e-06;8.76038e-09;7.91467e-08;0.999849;2.29784e-05;2.70307e-08;6.12163e-07;3.5293e-06;3.17896e-06;8.34342e-08
8.87936e-07;0.000201458;7.55864e-07;1.87925e-06;0.000481478;2.38658e-05;7.77259e-09;0.000192884;3.16607e-07;3.10949e-07;1.80517e-06;0.00733805;7.92441e-06;0.991748
3.01153e-06;0.995395;2.24096e-07;2.07491e-07;6.63318e-09;5.85698e-09;0.00400294;1.61381e-05;6.08424e-07;7.30766e-05;2.21614e-06;1.6623e-08;0.000221395;0.000285579
6.7487e-10;1.94607e-08;0.999999;1.37699e-09;5.6275e-09;4.6065e-10;1.51784e-07;1.04663e-08;3.9663e-09;5.73914e-09;1.76324e-08;1.30203e-06;1.99705e-12;8.01471e-10
4.76053e-07;0.924787;5.59531e-06;1.69989e-05;2.85137e-06;1.93431e-06;4.74188e-07;4.81192e-06;1.18645e-07;3.18817e-07;2.31847e-06;5.09774e-06;0.0751608;1.07183e-05
2.99049e-06;0.272338;4.88868e-07;1.91723e-06;6.72379e-05;4.10973e-05;5.73146e-08;0.0195276;6.46222e-07;1.05525e-07;5.8097e-06;0.681872;0.00928117;0.0168609
1.94403e-06;0.0170905;3.29127e-07;1.19887e-06;0.0058163;0.00923763;1.31121e-07;0.00659808;3.74513e-08;2.86367e-07;1.49284e-06;0.000171055;0.95149;0.00959138
0.000134682;0.0106867;0.000135319;1.56531e-05;0.00010771;0.000142828;1.80559e-07;0.0026032;6.68909e-06;1.85323e-07;4.47205e-05;0.116047;0.869896;0.000179266
0.000353937;0.134584;0.00105442;0.000626502;0.00107115;0.0148688;2.4902e-06;0.805282;2.4083e-05;0.000142515;8.30975e-05;0.00770775;0.00717358;0.027026
7.08846e-06;0.963616;1.29677e-06;1.77125e-05;2.82872e-05;0.000193318;1.22655e-07;0.00022936;1.01726e-06;1.063e-06;2.1519e-05;0.00653935;0.0249781;0.00436534
7.0823e-06;0.000216318;1.06012e-05;1.03679e-06;1.86236e-06;5.56346e-07;8.65378e-08;9.25276e-05;7.69457e-07;1.28683e-07;2.55438e-06;0.996926;0.00272307;1.75571e-05
0.00202718;0.010755;0.000477977;5.40174e-05;0.00385922;0.00068654;0.000519313;0.924821;0.0182215;1.99696e-05;0.00772535;0.00101053;0.0282736;0.00154841
3.72092e-06;0.00998683;4.76814e-09;1.14523e-06;1.10822e-05;3.71196e-07;1.2933e-07;0.945272;4.92264e-05;2.10887e-07;4.63729e-06;2.69361e-06;0.0446674;6.0887e-07
1.60213e-05;0.997959;2.20136e-06;6.99386e-05;4.09515e-06;9.35845e-07;2.71985e-07;0.000247552;3.62758e-06;8.45243e-07;2.18475e-06;0.00151888;6.8977e-05;0.000105758
0.000162298;0.89093;5.63648e-08;3.23989e-06;1.9633e-05;5.05698e-06;6.14669e-06;0.0785479;1.16215e-05;5.05972e-06;1.25281e-05;2.36765e-05;0.028226;0.00204694
1.23979e-07;0.00122165;3.13798e-06;1.04708e-06;8.96292e-06;2.57694e-06;5.13263e-08;5.84843e-05;7.14712e-07;1.65138e-07;4.03487e-06;0.998629;3.7665e-06;6.58309e-05
1.80395e-05;0.638774;2.13547e-09;5.40543e-06;3.76443e-06;1.76121e-07;4.04142e-06;0.0114105;7.00164e-06;3.97499e-07;1.30611e-05;0.00124357;0.34852;3.60428e-07
0.0017329;0.612551;5.49928e-06;1.54941e-05;0.00648212;8.65359e-06;4.33674e-07;0.325385;4.81121e-05;6.14739e-06;1.104e-06;0.0481603;0.00288605;0.00271669
0.00115047;0.479408;5.21393e-06;0.0214786;0.00440424;0.000188165;0.00138943;0.0293798;0.165397;0.00317787;0.00706205;0.0914615;0.145664;0.0498337
0.000899651;0.98444;1.31456e-05;0.000703069;3.49314e-05;5.4956e-06;0.000445129;4.64878e-05;0.00581566;3.8342e-05;0.00605605;0.000754546;0.000585011;0.000162898
2.90648e-06;9.831e-05;1.13087e-10;5.49577e-10;3.63818e-06;3.19811e-10;3.52144e-09;0.999891;2.59982e-07;2.19628e-09;7.12649e-09;1.1601e-06;2.33479e-06;1.21086e-07
6.19483e-07;0.00703434;4.24316e-05;2.28155e-06;0.00268235;9.98173e-05;1.95239e-06;0.00180076;2.84181e-07;5.15613e-05;6.55667e-08;3.59615e-05;2.83021e-05;0.988219
4.00673e-09;4.63589e-08;1;6.51765e-09;2.31085e-10;1.41944e-10;6.11179e-09;7.47132e-08;1.83611e-08;2.00777e-10;1.36175e-07;8.81723e-09;2.32023e-08;2.30163e-11
8.26371e-09;9.44646e-07;0.999857;1.48219e-07;1.05436e-07;3.82888e-09;3.72975e-09;7.93807e-05;4.79158e-09;1.70436e-09;4.52194e-08;5.90981e-05;1.71553e-08;3.02109e-06
2.51932e-09;4.28218e-05;6.33521e-06;1.14508e-07;1.03455e-05;1.18454e-05;5.21353e-11;6.26269e-06;3.69941e-11;2.50011e-09;5.95916e-10;6.31635e-05;1.04009e-08;0.999859
4.07326e-07;0.965995;8.97067e-09;3.81118e-07;9.66348e-07;2.30127e-06;7.91517e-09;0.00466068;8.83787e-09;2.24294e-09;7.18336e-07;5.0762e-05;0.0292887;1.37264e-07
2.25151e-07;0.908989;2.46087e-05;2.5184e-07;4.16234e-09;1.47878e-07;3.17842e-08;0.000241953;8.92828e-10;3.40328e-09;9.94495e-08;0.00226831;0.088475;1.59081e-07
5.78601e-09;0.00105285;4.14832e-08;3.24401e-06;0.000418122;4.42017e-07;1.2861e-08;0.99827;1.35966e-08;2.89184e-08;1.641e-06;0.000238851;2.46418e-06;1.23308e-05
3.80653e-05;0.0126417;0.0402101;0.895468;0.000613999;0.000277544;0.00149419;0.000210785;2.79466e-05;0.00586872;0.037256;0.000901026;0.000355475;0.00463692
0.00180983;0.906781;1.39391e-05;0.000363893;6.18488e-07;5.15601e-07;0.0015157;0.00246622;0.000614353;9.805e-07;0.0348586;0.00861008;0.042955;9.3776e-06
8.8532e-06;0.00164654;1.36827e-08;4.50742e-07;2.74065e-05;1.42255e-06;3.76689e-08;0.9948;3.00078e-06;1.89474e-06;2.23798e-07;2.34468e-06;0.00349139;1.62188e-05
2.27283e-06;0.0165355;0.983196;1.6005e-05;2.52475e-05;3.54018e-06;4.76909e-08;4.74962e-06;3.92293e-07;5.18039e-06;9.50301e-07;8.68804e-05;2.33188e-05;9.99155e-05
0.00063757;0.0123215;6.16681e-05;0.000200267;0.000319632;0.00533614;0.00233413;0.00632891;0.157271;0.000229633;0.792491;0.00547696;0.0141954;0.00279655
