7.56293e-06;0.0948387;9.69142e-10;8.37655e-08;4.84148e-05;3.50701e-08;1.77094e-07;0.904145;2.8647e-08;3.13335e-08;1.20771e-07;0.000117095;0.000724403;0.00011795
2.19136e-05;0.987648;1.08225e-08;1.78304e-06;9.21855e-06;1.11999e-05;0.00419047;0.00470204;5.84143e-06;0.000406176;1.22815e-06;3.63205e-05;0.00168067;0.00128497
1.78035e-10;5.50653e-10;1;5.74612e-10;2.30026e-10;3.26367e-10;8.19573e-09;3.58913e-10;5.79788e-11;2.58096e-10;4.28674e-10;2.89918e-07;9.07235e-14;1.18801e-11
0.00073486;0.51752;3.96066e-06;0.000703932;0.00173363;0.00126403;0.0509821;0.0721175;0.0306826;0.00010897;0.317592;0.000442319;0.00574269;0.000371151
2.29116e-05;0.294481;7.0422e-08;5.77095e-07;6.58138e-07;2.18852e-05;3.35102e-05;1.2032e-05;2.5005e-06;4.4444e-07;6.81906e-06;0.00823486;0.697179;3.72778e-06
9.0821e-06;0.0116562;0.000146309;4.06731e-05;0.000602467;0.000460866;1.60593e-06;0.000559489;1.84629e-05;2.10678e-06;2.47585e-05;0.973246;0.00219192;0.0110404
3.98639e-05;0.0680691;2.69972e-05;1.48493e-05;0.00122709;7.11167e-06;1.83617e-06;0.924855;8.7883e-05;5.53875e-07;2.55044e-05;3.55433e-05;0.00550683;0.000101596
6.16978e-05;0.894865;2.63965e-08;0.0019446;1.68534e-05;0.00102869;4.39256e-06;0.00432156;0.00608919;2.08126e-05;0.000982728;0.0414555;0.0381984;0.0110104
5.53239e-05;2.70781e-05;5.90707e-08;3.11151e-06;2.56819e-07;3.58605e-08;5.29234e-07;0.996286;0.00344506;4.29519e-08;0.000180632;6.878e-07;1.42612e-06;2.598e-07
7.83437e-06;0.989093;5.80151e-09;5.46467e-06;5.20239e-05;6.12635e-08;8.85082e-08;0.00032193;1.60226e-06;1.0015e-05;1.38966e-06;0.000691328;8.55177e-08;0.0098148
1.7223e-05;0.00445929;0.000330152;5.13376e-05;0.000433936;0.000656811;4.65584e-07;7.19213e-06;1.66675e-06;2.05191e-05;1.19712e-05;0.991596;4.82061e-05;0.00236515
0.000182125;0.995233;2.52185e-08;3.67364e-05;0.000146174;6.29926e-05;0.000575546;0.00072543;0.000342066;1.25609e-05;0.00146789;8.85695e-05;0.000931599;0.000195278
0.000260955;0.997318;1.98147e-07;1.18158e-05;3.05783e-06;1.13236e-06;3.98554e-07;0.00025199;1.14208e-05;2.32436e-07;7.22126e-07;0.000182849;0.00159962;0.000357769
3.99313e-07;0.999435;6.83303e-08;7.76803e-08;6.62305e-09;8.57094e-10;0.000120431;9.13032e-07;3.12346e-09;1.18475e-05;7.59393e-09;2.65705e-06;7.23041e-08;0.000428913
5.99429e-10;1.46456e-09;0.999999;1.33639e-09;8.29251e-08;2.34031e-09;7.36679e-08;1.85706e-09;8.89903e-11;2.30387e-09;2.25722e-09;5.62685e-07;2.27465e-14;1.25947e-10
1.06649e-06;0.986965;7.32728e-07;4.46013e-07;1.55579e-05;9.77473e-06;1.10112e-08;9.13212e-05;1.66638e-09;6.35023e-08;7.48889e-09;3.9166e-05;0.0128735;3.58408e-06
1.25849e-05;0.00396908;1.51438e-08;1.03637e-06;6.2679e-05;0.000347614;4.86542e-05;0.00517624;9.76077e-07;3.00425e-07;1.00273e-05;0.07579;0.91412;0.000460551
2.87554e-05;0.149712;2.77211e-05;0.00073292;0.00116454;0.00328543;1.53794e-05;0.0172225;8.24171e-05;3.65564e-06;3.92132e-05;0.306446;0.477623;0.043616
3.72117e-05;0.0084335;1.88838e-08;3.14992e-06;0.00022478;1.60308e-07;5.2319e-06;0.985611;4.66802e-06;1.07637e-06;5.69006e-06;2.60471e-05;0.00558963;5.8226e-05
3.17569e-05;0.0178924;0.964468;0.00010186;1.20818e-05;4.71082e-05;1.56188e-06;2.82163e-06;2.34126e-06;2.97579e-06;1.08172e-05;0.00340644;0.0139816;3.80448e-05
0.00047686;0.683919;0.000129183;1.92498e-06;0.000105851;0.000129105;2.70399e-06;0.0591986;6.15455e-05;7.61333e-07;0.000171988;0.00319851;0.252434;0.000169865
3.18165e-05;0.00213588;2.84027e-05;1.01337e-05;0.00399375;0.000298738;7.06854e-07;0.000528516;1.79686e-05;6.37128e-06;5.6903e-06;0.964046;0.00324171;0.0256541
0.00277217;0.175956;5.69242e-06;0.000162174;0.000465329;2.07527e-05;0.000880436;0.501049;0.301049;9.27046e-05;0.00502317;0.000536868;0.0119381;4.98105e-05
0.000161274;0.990274;4.43418e-10;8.12255e-06;2.30195e-05;1.25944e-06;1.49513e-05;0.00519801;0.00061648;1.42803e-05;8.04374e-05;0.001273;0.00231941;1.56204e-05
0.000847293;0.623202;2.8938e-05;3.78721e-05;0.000763051;2.9653e-05;1.49292e-06;0.118094;0.000215463;1.56344e-06;5.35791e-06;0.123153;0.133593;2.80683e-05
0.000110346;0.0822923;3.18797e-06;0.0111478;0.0186606;0.00284875;1.88798e-05;0.00988209;0.000861122;0.00144514;0.000262055;0.811609;0.0454812;0.0153775
0.00210636;0.0296311;1.26878e-05;0.0018381;1.72752e-05;7.34035e-05;0.0066714;0.000174454;0.356461;6.36946e-05;0.582007;0.000181242;0.020753;9.81862e-06
0.000298928;0.0227273;8.16759e-08;7.41475e-08;2.09864e-05;4.58444e-07;1.11877e-07;0.974799;4.0568e-06;5.47233e-07;3.48194e-07;1.98668e-05;0.00205033;7.80125e-05
1.61808e-06;0.00583047;7.77349e-05;7.00834e-06;0.000149971;2.16113e-05;4.4814e-07;0.000576253;3.99272e-06;1.6329e-06;8.63539e-07;0.976694;4.58812e-05;0.0165891
0.000163713;0.0427075;7.00586e-06;1.86903e-05;3.41099e-05;6.4296e-07;8.80861e-05;0.0111201;0.000269365;2.67656e-06;0.000258766;0.00028792;0.945032;9.21904e-06
0.000165705;0.851141;0.000354493;0.000208862;0.000842858;7.70187e-06;1.62051e-05;0.138155;0.00032743;0.000110986;7.2877e-06;0.00467601;8.87243e-05;0.00389752
0.000407103;0.0847029;1.25037e-06;4.9509e-05;0.000240309;0.00132054;3.83998e-05;0.0235702;0.00024821;1.06729e-05;2.81401e-05;0.0074758;0.875239;0.00666836
3.27844e-06;0.0136871;3.39803e-06;4.02614e-06;2.35331e-06;9.88638e-06;1.27706e-07;0.00192327;1.15893e-05;5.76998e-08;5.95309e-06;0.982451;0.00163104;0.000267244
2.23826e-05;0.0385361;2.42282e-06;3.4707e-05;0.0813196;0.00418511;6.10296e-07;0.851955;1.17176e-05;8.69343e-08;2.33268e-06;0.000106868;0.020638;0.00318533
8.91831e-06;0.812986;3.10606e-06;9.11508e-06;1.20827e-05;7.65529e-06;1.79289e-07;0.000121835;2.48125e-06;2.37283e-07;4.03697e-06;0.178561;0.00652118;0.00176204
0.00010724;0.0212653;9.20667e-06;2.58138e-05;0.079338;0.0368264;6.01435e-06;0.547101;2.76579e-05;6.6619e-06;1.73401e-05;0.00158017;0.0285714;0.285118
3.78223e-05;0.00942584;1.22209e-07;2.15609e-06;3.14978e-05;1.6684e-05;7.09133e-07;0.864337;1.25662e-05;5.09799e-07;2.90239e-05;0.000354614;0.12575;1.16495e-06
0.000241656;0.994048;0.00124789;0.000859954;6.81754e-06;3.19171e-06;4.22119e-05;0.00111295;4.45851e-05;2.02185e-05;4.10244e-05;0.00123439;0.0008746;0.000222246
0.000116208;0.0184607;5.32326e-08;0.000200372;0.00172559;0.000638988;1.68616e-05;0.448463;0.00133404;4.83852e-06;0.000205825;0.054336;0.473074;0.00142435
8.33407e-06;0.0119717;1.66933e-06;0.000262889;0.00832904;0.000204265;3.0026e-07;0.000127146;4.0552e-07;7.5377e-06;0.000423961;0.957524;0.0194216;0.00171698
1.11236e-05;0.972041;9.90011e-09;0.000167565;5.20816e-06;3.95921e-06;0.0224973;2.07256e-05;3.67363e-05;0.00146538;0.00151077;1.14379e-06;0.000443409;0.00179589
1.44894e-07;1.29052e-06;0.999954;1.75872e-06;1.43668e-08;7.34687e-07;3.01174e-06;9.47987e-09;5.50551e-07;3.74994e-08;3.39869e-05;4.37894e-07;4.23749e-06;4.3023e-10
5.17928e-06;0.002376;1.92177e-05;2.47768e-06;2.94599e-05;6.93696e-08;2.05177e-07;0.997561;4.12863e-06;8.12376e-08;4.39927e-07;4.71879e-07;9.22997e-07;3.13634e-07
2.4864e-06;1.20542e-05;0.000198615;1.39798e-05;5.3746e-06;6.52794e-06;5.21193e-09;8.27586e-06;7.48324e-06;3.2996e-07;2.41429e-06;0.997881;2.80571e-08;0.00186115
0.00249636;0.000648612;7.84829e-07;1.31938e-06;1.50113e-06;0.000280921;5.90404e-06;0.00078335;0.00205508;9.13095e-07;0.000111432;7.29441e-06;0.993601;5.40595e-06
6.69577e-06;0.000929652;6.62539e-05;4.28e-06;5.48649e-06;8.54542e-07;1.5842e-08;2.66149e-06;1.63141e-05;4.53415e-08;1.28969e-06;0.998911;2.84281e-05;2.67925e-05
9.55081e-06;1.37076e-05;4.57445e-08;3.14793e-08;8.38509e-05;2.50152e-08;6.69513e-10;0.999888;8.52459e-07;1.30523e-09;4.37217e-09;6.53434e-08;2.59827e-06;9.78901e-07
1.71641e-07;4.98835e-05;9.80671e-09;3.29973e-08;9.88488e-05;1.59554e-07;1.3086e-08;0.99983;1.72921e-06;2.9246e-08;2.26952e-08;1.42834e-08;1.8971e-05;1.22943e-08
9.1039e-08;2.74938e-06;0.999995;2.01277e-07;1.63643e-06;2.94136e-07;9.89578e-12;1.8638e-08;3.16389e-10;7.99284e-09;6.66952e-09;9.78124e-08;5.13019e-09;3.78197e-07
1.36129e-06;0.996846;1.2932e-06;8.91079e-07;1.01882e-06;9.7176e-07;2.50002e-06;0.00282752;0.000105264;1.46657e-07;4.50334e-05;4.37425e-05;0.000122034;1.55353e-06
