5.23603e-12;2.81206e-12;1;3.60962e-12;3.90258e-11;3.20662e-13;4.33936e-12;7.48844e-11;4.11924e-13;9.28212e-13;1.57238e-12;3.91452e-08;4.48967e-14;1.21943e-14
0.000164763;0.0469834;0.000478063;0.00122828;0.00087744;0.00261966;0.000887042;0.386271;0.0124546;9.51371e-05;0.0203103;0.479471;0.00661956;0.0415399
1.65462e-05;0.919889;8.43587e-09;5.33882e-05;0.000288312;0.000574314;0.000279665;0.00793472;1.98359e-05;1.67511e-05;0.00121275;0.00278794;0.0667091;0.000217923
0.000347811;0.692323;6.07903e-07;0.000345145;6.60176e-05;0.000124745;1.06076e-05;0.119302;0.000687436;2.79201e-05;0.000415435;0.150671;0.0353087;0.000368857
0.000829426;0.678996;8.35963e-06;0.000812303;0.0392044;0.00270844;9.71429e-05;0.0150475;0.000164629;3.77095e-05;0.000210585;0.145262;0.0239695;0.0926519
0.000427569;0.813826;5.11703e-07;0.000702822;0.00530262;0.000432643;4.72635e-05;0.0323628;0.00145442;0.000302847;0.0011108;0.0723659;0.0673528;0.00431149
0.00993759;0.674826;0.0321782;0.000738848;0.00178591;0.000259625;0.000549809;0.0161497;0.0109779;5.22524e-05;0.00244272;0.0281397;0.220343;0.00161937
0.000395573;0.0174657;8.69514e-08;0.000262609;0.000210114;0.000877735;4.79184e-07;0.960346;0.00352865;1.03212e-05;7.81324e-05;0.0133162;0.00307627;0.000432655
7.39937e-05;0.941784;1.9541e-09;9.78784e-07;2.3781e-06;2.21232e-06;1.9257e-06;0.0559297;1.65098e-05;3.1932e-06;1.31276e-05;0.000195577;0.00196898;7.82969e-06
5.50245e-05;0.964424;2.94984e-06;6.75494e-06;9.93022e-07;2.39017e-06;2.32359e-06;0.00014857;3.13036e-06;1.34316e-06;2.6773e-06;0.00117539;0.0341185;5.62179e-05
4.99955e-05;0.916805;4.91243e-09;1.75182e-05;1.48638e-06;1.04698e-05;0.0795871;0.000711353;0.00136545;0.00106748;1.70457e-05;5.34403e-08;0.000101043;0.000266251
7.76789e-11;4.60791e-12;1;5.58643e-10;4.59684e-10;2.13615e-11;1.07433e-09;2.554e-10;5.62866e-11;2.94521e-11;4.07885e-10;2.87342e-07;1.95881e-12;4.8306e-13
0.00281516;0.513042;9.44469e-05;0.000810129;0.0005896;2.06051e-05;0.000176763;0.078588;0.0525925;3.18568e-05;0.19273;0.0113391;0.146516;0.000654199
2.45082e-05;0.195836;0.000174511;2.3848e-05;2.4705e-05;5.1515e-07;3.41426e-05;0.000707426;0.000317806;3.39139e-06;0.000705053;0.801273;0.000810032;6.56796e-05
0.000117569;0.750435;1.21837e-06;5.21759e-05;4.83566e-05;4.45366e-05;4.97716e-05;0.0846713;0.000519194;6.70865e-06;0.000194327;0.0281918;0.13564;2.76201e-05
0.000322366;0.0190562;7.69216e-05;0.000252795;9.51327e-05;6.36694e-05;1.56351e-05;0.591497;0.00100262;3.83816e-06;0.00317853;0.334294;0.0500883;5.30176e-05
0.00330933;0.445973;0.000150374;0.04337;0.0317268;0.0167951;1.12444e-05;0.209075;0.00732313;0.000338774;0.0408757;0.132025;0.0543245;0.0147021
6.78986e-05;0.990514;3.67508e-09;9.32214e-06;8.50784e-06;1.46165e-05;0.00031468;0.00533704;2.17283e-05;0.000208787;5.5096e-05;7.73018e-07;0.00188858;0.00155909
1.93504e-09;1.29907e-10;1;4.05393e-11;2.89915e-09;7.84307e-12;6.35005e-11;2.44484e-09;1.25545e-11;2.48926e-11;7.26314e-11;7.49987e-08;6.16198e-12;1.38817e-13
0.00179153;0.528988;0.211911;0.00131802;0.000445405;0.00113073;0.00563756;0.0270459;0.0161863;0.000465744;0.00554219;0.0619211;0.134909;0.00270634
0.000415884;0.0132104;1.49917e-07;0.00150233;0.000380521;0.0138379;0.00234985;0.0019251;0.657493;0.000697284;0.121571;0.0113338;0.1748;0.000482794
0.023335;0.497194;0.365242;0.0243251;0.00104396;0.000454437;0.000197886;0.000836376;0.00264831;0.00042618;0.00142818;0.0781936;0.00210474;0.00256982
0.0064924;0.122303;9.96566e-06;0.000109551;0.00358891;2.97829e-05;3.12304e-05;0.797507;0.0392281;6.47441e-06;0.0047003;0.00190335;0.0238788;0.000210652
7.0436e-07;0.919696;2.47491e-11;1.463e-06;8.13658e-07;1.44505e-06;0.000189329;1.62249e-05;9.45715e-07;0.000980979;5.23583e-08;1.44699e-08;3.88469e-06;0.079108
4.79545e-12;1.16357e-11;1;1.68652e-11;7.51323e-12;9.66292e-13;4.70589e-12;1.21788e-10;6.2148e-12;1.15506e-11;1.89725e-11;1.88624e-09;3.02798e-15;3.40943e-14
0.000477871;0.0171633;0.000175709;0.000727178;0.00228526;0.00115582;0.00237218;0.0588616;0.535899;0.000120664;0.36554;0.000867802;0.0128985;0.00145557
