2.68042e-06;3.66225e-05;2.51602e-11;8.14506e-09;1.73449e-07;7.50751e-09;4.25623e-08;0.999876;3.7329e-05;4.58785e-09;7.59665e-07;1.85161e-07;4.58178e-05;2.37611e-07
7.261e-06;0.00100618;9.1746e-06;4.51075e-07;3.13562e-07;4.10034e-08;2.07265e-06;2.94148e-05;2.15348e-05;8.78954e-08;1.42735e-06;0.998905;9.75829e-07;1.65015e-05
2.92186e-07;0.999863;2.72101e-09;4.21133e-09;2.26509e-09;6.32373e-10;5.44425e-07;4.34885e-07;4.57107e-08;1.53643e-09;2.55514e-08;9.20601e-07;0.000134992;2.88192e-07
8.01145e-09;0.000333331;4.04814e-06;1.80388e-07;4.85394e-06;7.84491e-07;4.91679e-11;6.45923e-05;1.10412e-08;2.7093e-10;2.96131e-09;0.998829;2.23173e-06;0.000760935
3.17664e-07;0.0234992;9.5385e-08;5.32594e-06;4.86294e-07;2.31961e-05;8.13684e-08;0.000239098;2.13998e-06;5.96923e-08;5.9584e-06;4.48934e-05;0.976143;3.58223e-05
2.24044e-06;0.00809274;1.26404e-05;7.00781e-06;2.92678e-06;2.00625e-05;5.06436e-09;0.00125227;3.67873e-06;1.5827e-07;5.32169e-06;0.958949;0.0316097;4.26743e-05
7.09167e-07;0.0217385;3.56649e-07;7.80098e-07;0.000285347;0.000644359;6.34809e-07;0.976806;1.70161e-07;5.0382e-06;9.50279e-07;2.12513e-06;0.00041643;9.83466e-05
1.19727e-09;1.51863e-10;1;5.67205e-09;5.02744e-10;6.89877e-10;1.83357e-09;2.8383e-09;5.6972e-11;6.94938e-10;1.07354e-08;9.85054e-08;2.25027e-11;2.45483e-11
3.63036e-05;7.93164e-05;0.0320375;7.11331e-05;2.11845e-06;5.33262e-05;2.17777e-06;6.60131e-05;4.77034e-05;1.44917e-06;0.000283002;0.967128;4.8753e-06;0.000186939
0.000453388;0.0485175;6.46935e-06;8.68625e-07;0.000240494;0.000129933;2.52304e-06;0.346297;5.86615e-05;4.18896e-07;0.000208547;7.77248e-05;0.604002;3.9566e-06
2.99111e-06;0.000582642;4.47862e-07;2.514e-07;6.78347e-05;0.000362272;3.02166e-09;1.0492e-05;2.4193e-06;2.39974e-07;1.39779e-07;0.907079;0.0909919;0.000899059
0.00022093;0.770808;0.0183141;5.32849e-05;0.00297618;6.24368e-05;3.9344e-06;0.0095877;9.09009e-06;0.000203677;2.09769e-08;9.74673e-07;0.00122915;0.196531
5.31218e-07;0.00787255;7.49033e-08;1.45147e-08;8.44377e-08;6.24479e-08;2.72903e-06;0.991766;0.000107206;5.19016e-08;1.05699e-07;2.2581e-10;0.000251035;9.63076e-10
2.7273e-08;7.86994e-09;0.999998;1.02368e-08;9.82526e-09;3.12866e-08;1.47431e-09;1.61738e-06;3.26111e-08;6.45924e-09;3.7824e-09;2.44582e-07;3.05582e-09;3.90023e-11
4.40178e-06;0.000703537;0.975806;1.85129e-06;1.83605e-06;5.22215e-06;1.07144e-07;0.000644059;2.05765e-07;7.47032e-07;2.30918e-08;0.0215935;8.03038e-06;0.00123095
7.53299e-06;0.000911193;1.26136e-06;3.95727e-06;0.00156951;0.94477;1.81081e-06;6.06729e-06;2.41508e-06;4.30597e-06;8.5885e-06;8.71066e-06;0.0276427;0.025062
1.43841e-05;0.00427516;3.18695e-06;3.78176e-07;0.000400844;2.96655e-05;7.77807e-09;0.0185969;2.04337e-06;1.29129e-08;6.37888e-07;0.975024;0.0016154;3.76945e-05
5.3052e-05;0.950214;0.00628768;0.000104726;0.00302853;0.00156868;0.00219744;0.00012792;3.56873e-07;0.031393;4.90256e-07;4.79138e-06;0.00120027;0.00381934
2.05051e-10;2.10796e-11;1;3.01364e-11;1.50472e-09;1.34777e-08;3.48947e-11;4.26408e-09;4.04243e-11;5.40428e-11;6.50796e-12;3.55891e-09;7.03876e-12;1.33415e-11
8.16709e-07;0.997864;0.000211431;2.36979e-07;2.12469e-07;5.87419e-06;3.06708e-08;0.000371968;1.64172e-09;1.32146e-08;1.25368e-09;9.70759e-05;0.00143105;1.71491e-05
1.74396e-07;0.000780989;2.76349e-09;2.60683e-07;8.1356e-07;6.40092e-07;1.36777e-09;0.00926371;1.00473e-07;3.13357e-08;1.49014e-07;2.13482e-05;0.989921;1.09349e-05
2.1083e-06;0.00122195;1.04378e-06;7.39602e-06;1.23971e-06;2.23651e-06;2.29362e-08;0.000242415;8.72849e-06;5.45996e-07;1.50028e-05;0.99704;0.00144513;1.19264e-05
4.97273e-07;0.0128447;8.26529e-08;2.85002e-07;5.54159e-05;2.56845e-05;6.14469e-06;0.986541;4.55892e-07;3.10491e-06;2.21179e-06;1.11963e-07;0.0005198;8.30319e-07
1.10244e-09;5.53321e-10;0.999999;3.00095e-09;4.40093e-10;9.70399e-11;2.71403e-09;7.80551e-09;8.74353e-11;1.42838e-09;8.57175e-09;6.19648e-07;1.81132e-11;8.42684e-12
1.45443e-05;7.42306e-05;0.0259402;4.23449e-05;3.99572e-06;1.70199e-05;4.56999e-07;0.000259407;1.98614e-05;8.35375e-07;3.82726e-05;0.973459;3.01306e-07;0.000129646
0.000237572;0.0185186;1.55489e-06;5.80839e-07;0.000261382;5.41916e-05;1.8661e-06;0.655463;6.02197e-05;2.7634e-07;0.000217486;2.90245e-05;0.325153;1.54785e-06
1.81778e-06;0.000142113;2.64311e-07;7.28425e-08;4.96008e-06;4.52673e-05;1.31691e-09;3.52885e-06;1.47541e-06;2.75496e-08;1.61985e-07;0.918737;0.0810166;4.64425e-05
0.000137208;0.367378;0.0448096;7.06128e-05;0.00197288;3.08303e-05;3.97496e-06;0.00253895;6.87718e-06;0.000112237;3.4557e-08;1.61663e-06;0.00016854;0.582768
3.49736e-07;0.00217131;1.33223e-08;1.06823e-08;2.7929e-08;5.19275e-08;7.69447e-07;0.997138;5.51558e-05;1.2752e-08;1.22682e-07;1.93552e-11;0.000634199;4.98981e-10
1.26914e-08;2.22494e-08;0.999999;5.73515e-09;4.08306e-09;1.65738e-09;1.80424e-09;9.91348e-07;4.93977e-09;1.58311e-09;1.66992e-09;1.07245e-07;2.45696e-09;3.261e-11
4.61832e-07;0.000452456;0.00822072;3.46333e-06;1.7711e-06;8.92723e-07;1.49117e-08;1.72458e-05;5.68931e-07;1.94843e-07;2.11747e-07;0.984075;1.47816e-06;0.00722526
6.63289e-06;0.0400585;1.65163e-05;2.73379e-06;0.000433432;0.00342354;2.96836e-06;0.0768496;1.65644e-06;7.71207e-06;9.68111e-07;3.61832e-06;0.878388;0.000803741
2.39363e-07;0.00453335;6.42966e-06;3.10174e-06;9.35732e-06;8.14385e-05;3.62153e-08;4.85552e-07;2.27128e-07;3.30236e-07;3.12278e-07;0.994392;0.000693062;0.000279658
2.17121e-05;0.872687;0.125133;9.6146e-06;0.000395094;1.39412e-05;2.09213e-05;0.00136834;4.70244e-08;3.63497e-05;2.50965e-09;4.13985e-06;2.65976e-05;0.000282479
2.46256e-06;4.22985e-05;0.992326;5.48042e-06;6.52575e-06;4.55039e-06;3.69178e-06;0.00687142;6.62145e-06;2.17779e-07;1.70503e-06;6.27637e-06;0.000722833;3.02924e-09
2.96581e-08;0.999543;2.5827e-06;1.27609e-07;5.05962e-08;3.34702e-08;7.20736e-08;0.000449959;6.07924e-11;2.94158e-07;8.74148e-11;1.58255e-08;3.48049e-06;4.78669e-08
5.40061e-10;4.18927e-08;1;1.18852e-09;9.13557e-11;3.36105e-11;6.29479e-10;1.60011e-07;4.71994e-11;9.21585e-11;2.85822e-10;2.98504e-08;1.98236e-09;3.90122e-12
8.9276e-09;2.01184e-05;0.967641;8.90841e-08;1.47985e-06;2.41632e-07;2.44522e-09;6.77566e-06;3.11474e-10;1.03788e-08;4.6621e-09;0.0322392;6.18672e-08;9.09406e-05
2.67968e-08;0.000193679;1.08546e-06;8.42261e-07;0.0086111;0.31518;2.75677e-10;3.78078e-05;7.5454e-09;4.57105e-08;5.75236e-08;4.3548e-06;6.43843e-05;0.675907
2.86269e-05;0.0477399;2.9002e-06;0.000148647;0.00639087;0.0258346;4.58018e-06;0.00694158;6.08112e-07;1.95008e-05;0.000377523;0.858795;0.0464934;0.00722238
0.00015291;0.24621;9.56261e-06;1.95354e-05;0.0104986;0.00551179;7.92329e-07;0.714713;1.58555e-05;5.35177e-07;0.000190365;0.000332166;0.0221131;0.000232557
1.49585e-06;0.980619;1.23302e-08;6.73354e-08;1.61203e-07;1.3333e-06;3.50171e-07;8.37905e-06;3.0467e-09;8.85932e-08;1.08999e-08;0.00011094;0.0192567;1.62103e-06
1.15781e-05;0.0920915;1.29869e-05;0.00019865;0.000336559;0.000267717;9.95004e-06;0.00638505;0.000120149;4.86938e-06;7.11318e-05;0.843046;0.0558507;0.00159266
0.000872;0.940718;6.65437e-07;0.000830159;0.000311902;4.82321e-05;0.00093393;0.0049755;0.00401456;3.69065e-05;0.0011082;0.00146857;0.042527;0.00215435
0.000251651;0.836277;1.5002e-08;0.000682865;1.65505e-05;3.46942e-06;6.70662e-06;0.0861789;0.0204102;3.0541e-06;0.00351703;0.0505665;0.00206285;2.33777e-05
0.000813362;0.0109787;3.38303e-06;7.90985e-07;0.00178972;5.94718e-05;1.27468e-07;0.972075;5.24853e-06;1.35172e-06;4.37508e-06;0.00280818;0.00157278;0.00988756
1.11762e-06;0.023692;2.50709e-05;1.09847e-06;0.000502467;0.000130642;2.56815e-08;0.00188421;3.74599e-07;1.00582e-07;2.05798e-07;0.959523;0.00104729;0.0131923
1.00688e-06;0.00327587;3.31259e-10;1.91873e-07;1.97596e-06;1.21408e-07;2.82203e-08;0.000160571;6.55196e-07;1.05096e-08;9.07694e-07;0.000267021;0.996292;1.14988e-07
0.000133691;0.00498516;8.4009e-06;2.62063e-06;7.75568e-05;2.23752e-06;4.01149e-08;0.000286455;9.68517e-05;3.41889e-07;2.74156e-06;0.993997;0.000398672;8.65698e-06
1.42019e-05;0.999245;8.5626e-05;2.72406e-06;1.51091e-06;7.72967e-07;4.73805e-07;4.05402e-05;8.3281e-08;1.15127e-06;1.22399e-08;4.35139e-05;0.000556181;7.84466e-06
5.87593e-05;0.48476;4.32709e-07;0.000905459;0.000587067;0.00216814;1.00203e-05;0.0615952;0.000452689;7.80949e-05;0.000103725;0.00062098;0.445985;0.00267394
2.1448e-06;5.54395e-05;0.00469119;2.55861e-05;6.54906e-06;7.18213e-08;2.90326e-07;3.26931e-06;2.58999e-07;5.97063e-07;1.94707e-06;0.994934;1.28953e-06;0.000277527
0.000528636;0.455502;3.20938e-07;0.000595893;6.6479e-05;9.06086e-05;0.000727135;0.00115256;0.0150404;1.34714e-05;0.00586637;0.00687172;0.51343;0.000113437
1.87891e-05;0.997459;0.000314985;9.81913e-06;3.29941e-06;2.27629e-06;8.55449e-05;0.000238685;6.97631e-07;2.2662e-05;3.01584e-07;0.000114101;1.12647e-05;0.00171835
1.66255e-08;5.10312e-09;0.999994;2.41024e-08;4.27132e-07;2.44917e-07;1.97249e-09;2.10799e-08;3.65063e-09;1.17294e-09;8.16196e-09;5.21075e-06;2.11376e-10;1.98221e-07
6.93845e-06;0.856257;7.63979e-06;1.71272e-07;7.79075e-06;3.18935e-07;1.1052e-07;0.12916;3.54496e-07;6.29106e-08;3.71703e-06;0.000116906;0.0144358;3.72336e-06
8.69892e-08;0.000286984;1.08351e-06;3.27451e-07;6.29243e-07;4.15452e-07;1.0139e-08;6.98568e-07;2.23119e-06;6.87179e-09;1.44623e-05;0.999364;0.00013595;0.000193326
8.83458e-06;0.0796132;4.42439e-07;6.56054e-05;7.5828e-06;3.33691e-05;9.5863e-06;0.00145218;7.02538e-05;2.15909e-06;0.000346935;0.0111526;0.907055;0.00018197
0.000120976;0.0245545;7.69485e-05;3.96408e-05;1.70381e-05;2.25966e-05;7.55018e-07;0.00230321;7.20413e-05;1.78094e-06;0.000340983;0.962734;0.00846036;0.00125528
8.48838e-05;0.893596;6.49417e-08;0.00020497;0.000667401;0.000548784;0.000308348;0.0512397;0.00010178;0.00068266;0.000637812;7.47915e-06;0.0419648;0.00995552
3.14438e-10;9.34231e-10;1;6.04847e-10;3.77764e-10;1.17962e-11;2.72646e-09;2.75186e-10;9.56666e-12;2.29539e-10;6.89747e-10;2.60506e-08;4.05942e-12;1.73162e-11
0.000268639;0.532293;9.01079e-05;0.000204701;0.000123889;1.37865e-05;2.99406e-05;0.0176073;0.00106536;1.30957e-06;0.00165428;0.414104;0.0302938;0.00224992
9.5719e-05;0.455746;1.91425e-07;8.64725e-05;6.09572e-06;6.25756e-07;0.000277646;0.00121494;0.00331914;1.74217e-06;0.00152282;0.534976;0.0024738;0.000278162
7.50166e-05;0.698051;2.94557e-08;0.000175044;0.000496856;5.07858e-06;0.000210384;0.295401;0.00190646;3.52112e-05;0.00116303;3.5694e-05;0.00120191;0.00124288
2.53915e-05;0.0155362;0.000892148;1.60675e-05;2.46128e-05;6.60498e-07;1.09419e-06;0.000625606;2.1479e-05;4.02821e-07;2.86644e-05;0.982251;0.000278387;0.00029786
2.2542e-05;0.00497417;3.11983e-07;8.50223e-06;1.57647e-05;8.98955e-05;3.2163e-06;0.00132133;0.000185951;2.10513e-06;7.07564e-05;0.00618896;0.98698;0.000136169
0.000225222;0.0310738;2.43125e-05;0.000284273;0.000399482;0.0018564;4.4677e-06;0.0065766;0.00196485;2.05308e-05;0.00159178;0.943424;0.00635386;0.00620025
1.15137e-05;0.0010926;9.44447e-09;2.31456e-07;0.00242027;2.93963e-07;9.42425e-08;0.996111;1.91952e-06;1.83173e-07;3.65876e-06;0.000255618;8.76991e-05;1.4759e-05
1.61878e-05;0.105192;0.856935;0.000215311;6.05806e-05;1.3626e-05;0.00611095;0.000153596;2.18054e-06;0.0190034;2.14343e-05;1.85455e-06;3.73584e-05;0.0122373
5.55949e-09;5.0202e-10;1;3.83088e-10;2.70122e-10;4.97798e-11;4.59639e-09;3.51496e-09;6.60927e-09;2.22242e-11;2.92713e-08;1.41369e-08;1.78322e-11;7.79858e-12
1.26794e-05;0.0368933;0.00418229;1.74171e-06;1.39299e-06;9.77585e-08;4.57209e-07;0.000210942;0.000188909;1.44979e-07;3.52571e-05;0.957238;4.5449e-05;0.00118883
3.52402e-05;0.103511;2.29174e-06;3.65401e-07;0.0175393;3.32088e-05;4.65757e-07;0.872543;9.13658e-06;4.2531e-06;7.37972e-07;0.000385068;0.00581167;0.000124088
0.000113166;0.00171684;0.671067;3.39541e-05;0.015835;0.0615509;5.24142e-07;0.000321896;1.70396e-06;1.54336e-05;1.00624e-05;0.09799;0.149288;0.00205597
2.82304e-06;0.995639;2.9038e-07;5.17771e-09;1.31368e-07;1.97231e-08;0.000149514;0.00419871;1.30337e-07;2.96526e-06;7.56905e-09;1.19497e-10;1.7786e-06;4.53333e-06
1.32296e-11;9.30355e-11;1;2.25079e-12;9.00603e-12;4.30581e-13;8.22144e-12;6.40253e-09;1.74305e-12;4.89917e-12;5.96262e-13;2.38228e-08;2.18718e-12;1.27443e-13
5.24894e-05;0.024251;1.49987e-05;0.0005354;0.000581643;0.00186524;2.95826e-05;0.91472;0.00640679;5.56565e-05;0.00139339;0.0162547;0.033329;0.000510162
1.28467e-05;0.991536;7.9803e-06;1.8346e-05;8.59125e-07;1.12483e-07;1.55535e-06;0.00837456;3.21583e-07;1.06553e-06;2.79062e-07;6.1906e-06;3.59591e-05;3.8699e-06
1.11189e-06;0.968692;3.45925e-07;6.48717e-07;2.66565e-07;5.23859e-08;1.42322e-07;0.0298955;1.25081e-07;1.95394e-07;8.29109e-08;0.00134428;6.34248e-05;2.12259e-06
0.000694219;0.0360165;3.61518e-07;5.9485e-05;0.00468026;0.00154709;0.0249319;0.724584;0.000213708;0.000214701;0.000571423;0.00349588;0.199038;0.00395202
0.0014776;0.0116105;0.000142363;0.0024275;0.0191688;0.00125176;0.000204951;0.0183778;0.0359692;1.87811e-05;0.00551823;0.770407;0.0376839;0.0957415
1.47017e-05;0.158768;2.04409e-09;5.40809e-05;0.000139296;3.43916e-07;6.40433e-07;0.840351;0.00012201;1.28799e-06;5.48111e-05;0.000483048;8.15023e-06;2.54557e-06
0.000173172;0.927219;0.0232062;0.00829016;0.000677819;0.00101063;0.00019712;9.78368e-06;6.1997e-06;0.000937719;0.000551919;0.00211496;0.0296614;0.00594424
0.000203559;0.0471423;6.88358e-06;1.91354e-05;9.58503e-06;3.20969e-06;1.07116e-05;6.35114e-05;2.208e-06;3.08979e-07;1.11034e-05;0.757984;0.19441;0.000134221
2.88182e-05;0.000715497;3.71638e-08;4.87436e-06;0.00150496;6.11414e-06;8.54738e-07;0.997449;0.000109448;5.25411e-07;9.85217e-06;2.45626e-05;0.000105358;4.01199e-05
1.07775e-05;0.994047;0.00412815;7.2464e-06;7.36923e-05;6.26327e-05;2.97905e-06;0.000717893;7.96605e-08;1.46064e-05;1.52284e-07;4.02282e-06;0.000781952;0.000148808
2.96627e-08;7.06841e-09;0.999999;8.14138e-09;3.9848e-08;1.14013e-08;3.65133e-09;7.3575e-08;1.10947e-08;3.39386e-10;1.17665e-07;6.56962e-07;3.62964e-09;6.15447e-09
1.38416e-06;9.25417e-06;0.997086;1.41265e-06;1.45539e-06;1.07841e-06;3.13539e-07;0.00180924;7.67058e-07;1.03736e-07;1.00218e-05;0.00104973;1.81918e-05;1.11375e-05
5.01232e-08;7.2722e-05;2.51959e-05;2.2245e-07;1.47248e-05;0.000599797;2.62067e-09;6.58896e-06;7.35998e-10;1.39882e-07;5.49033e-08;2.09585e-05;4.40256e-07;0.999259
8.28644e-06;0.00996629;4.31928e-08;1.32349e-06;1.09654e-05;0.000118505;1.23e-07;0.050427;6.81435e-07;5.40864e-08;2.11389e-05;1.93413e-05;0.939424;1.93072e-06
2.67221e-07;0.992199;4.81289e-09;8.97275e-07;3.89518e-09;3.31991e-07;6.19984e-08;1.9394e-06;7.87196e-09;2.32816e-08;1.09657e-07;0.000235688;0.00756179;3.40092e-07
1.93035e-05;0.360759;1.14514e-06;3.60991e-05;0.000131601;3.78385e-05;9.21653e-08;0.00791923;5.46062e-08;1.11573e-05;3.99065e-07;0.615412;0.00521178;0.0104613
1.32119e-07;0.00526183;1.07159e-08;6.53909e-06;4.58825e-08;2.16267e-06;0.992166;1.85543e-07;8.45152e-08;0.00228197;1.27039e-05;2.32474e-09;1.06995e-06;0.000267402
1.24181e-09;2.55222e-10;0.999981;4.15636e-08;5.56371e-10;2.10992e-09;4.23485e-06;4.70879e-09;1.55064e-08;6.58897e-09;5.63653e-06;9.41704e-06;1.47043e-11;8.67978e-13
2.49886e-06;0.986602;5.80518e-10;4.14863e-07;1.16914e-06;6.17093e-07;0.0126509;0.000180476;6.42214e-07;5.14002e-05;7.43376e-06;4.08153e-09;4.36348e-05;0.000458494
7.63419e-09;5.25305e-09;0.999996;6.82988e-09;6.11836e-08;3.20716e-08;1.79822e-09;7.10872e-10;5.69227e-10;2.39444e-10;2.67518e-09;4.39536e-06;1.05464e-10;2.49233e-10
4.86553e-05;0.90443;1.72647e-07;0.000706438;3.74977e-05;0.000278333;0.000525668;0.0254439;0.00684078;3.24426e-06;0.00502482;2.28166e-05;0.05045;0.00618749
0.000333266;0.701011;1.14551e-06;0.00133515;4.61471e-05;0.00045993;2.645e-05;0.037511;0.00090144;9.05403e-05;0.00563529;0.0175068;0.220568;0.0145735
1.73739e-05;0.443194;1.57446e-05;0.00014094;0.00102541;5.37646e-06;3.63533e-06;0.00255233;4.17493e-06;5.37642e-05;1.11675e-05;0.52693;1.24917e-05;0.0260331
0.000512257;0.163353;3.094e-06;0.000663435;6.87321e-05;1.00504e-06;0.0015062;0.00989485;0.0654604;0.000183154;0.0584192;0.000361902;0.699572;1.13538e-06
0.000193538;0.338036;0.345748;0.000762394;1.49845e-05;1.18805e-06;1.68172e-05;0.000172701;1.63514e-05;3.47436e-05;9.93232e-05;0.31363;1.35485e-05;0.00126027
1.39097e-06;0.987219;1.48758e-07;8.53954e-06;1.60621e-07;1.09363e-06;0.00972542;0.000247383;1.4414e-06;0.000416936;1.52504e-05;2.07285e-09;2.5628e-06;0.00236098
6.93101e-10;4.20847e-10;1;1.39966e-09;3.86433e-10;1.16478e-10;1.18778e-09;6.10164e-10;4.49851e-11;2.48457e-10;2.82666e-09;6.64707e-08;3.9083e-12;3.66873e-12
7.21806e-05;0.580695;0.000185941;5.0039e-05;0.00169258;4.0347e-06;2.2253e-06;0.351332;8.41868e-05;1.42654e-05;2.40059e-05;0.0629663;3.62167e-05;0.00284147
6.89261e-06;0.853347;0.000208665;6.45426e-06;0.00267513;0.00548185;5.45157e-08;0.000545643;4.19457e-08;2.27463e-06;7.83987e-07;0.122008;0.0147688;0.000947938
0.00140372;0.003311;6.75203e-05;1.5474e-05;0.00131655;7.40834e-05;1.53241e-05;0.0243065;4.91357e-05;2.33031e-07;0.000138498;0.949821;0.0192287;0.000251842
9.69966e-05;0.112748;2.0356e-08;2.76087e-05;0.000435819;0.000224527;3.52434e-07;0.874712;5.90445e-05;2.24759e-06;9.25888e-07;5.69447e-05;0.0112483;0.00038779
5.38858e-06;0.958263;5.15131e-10;4.15629e-06;3.81033e-07;2.05097e-06;1.49666e-07;0.000148306;8.11368e-07;2.32622e-07;3.60946e-06;0.000442317;0.0411054;2.42633e-05
0.000175019;0.0218964;2.86556e-06;9.56928e-07;0.000911491;7.7243e-06;4.49636e-08;0.880518;3.31922e-07;2.16947e-07;2.98622e-07;0.0940038;0.00231315;0.000169429
1.46477e-05;0.463738;2.36876e-05;0.000334277;0.000522333;0.0044995;0.000298591;0.00218154;1.84964e-05;2.92112e-05;6.46083e-05;0.191246;0.00815505;0.328874
2.00632e-05;0.115258;1.18893e-06;2.20225e-05;4.80351e-06;9.71948e-07;9.94282e-05;0.000805237;8.20412e-06;6.90435e-07;0.000413556;0.00753605;0.875828;1.34164e-06
5.47437e-05;0.688608;1.238e-07;0.000358788;0.00113198;0.000272638;1.86436e-06;0.297575;6.18609e-05;1.67823e-05;9.88314e-06;0.00542498;0.0029747;0.00350849
0.00122759;0.632986;3.96848e-08;0.00014947;2.82289e-05;6.96009e-05;0.000110043;0.0281249;0.0025041;2.01456e-05;0.00424741;0.00688408;0.323195;0.000453893
0.00173822;0.876558;2.56596e-05;1.28918e-05;3.92585e-05;1.80577e-06;3.77498e-05;0.0719651;5.52385e-05;3.62804e-07;0.000148498;0.0367092;0.0127044;4.14427e-06
2.66861e-05;0.0195896;6.48059e-07;0.00338478;0.0276346;0.00084189;8.83746e-05;0.00917943;0.00693641;2.24511e-05;0.00212031;0.78676;0.0226286;0.120787
1.792e-06;0.976793;1.80761e-07;2.11617e-07;3.25158e-05;3.32434e-07;6.19681e-06;0.0231248;2.63626e-07;1.00172e-06;7.57435e-07;3.88152e-08;3.12312e-05;7.55792e-06
5.13902e-05;0.000119234;0.0449766;1.96157e-05;0.0919294;0.000221469;2.25211e-09;0.00127866;2.53355e-07;2.83429e-06;1.29665e-06;0.849891;0.000460686;0.0110472
6.38968e-08;0.99901;2.35879e-11;7.20234e-09;6.94534e-08;6.97746e-10;2.8129e-06;1.00092e-05;2.46413e-07;2.7364e-08;2.60659e-08;4.78724e-09;3.92675e-07;0.000976053
0.000942017;0.0996692;0.00015708;0.000372446;0.000105339;1.78203e-05;0.464028;0.0779089;0.269814;9.29456e-05;0.0469258;1.96026e-05;0.0399313;1.63471e-05
1.18316e-05;0.988908;4.6195e-07;7.09366e-06;2.10781e-05;5.55452e-08;2.33452e-06;0.0109915;2.51383e-06;2.217e-06;1.37223e-07;1.30917e-05;4.00597e-05;1.26874e-07
0.000105349;0.639352;0.00371958;0.000834017;0.000460787;0.000333705;7.49149e-06;0.000351337;8.00775e-06;4.08769e-05;1.31873e-05;0.00609531;0.348565;0.000112865
1.82042e-05;0.113253;3.75691e-07;8.55522e-07;7.23315e-07;2.3285e-07;4.09392e-06;0.0005788;1.60164e-05;1.38763e-07;6.42132e-05;0.88594;0.000121683;2.15574e-06
4.5185e-05;0.707051;0.000472135;0.000886105;0.000374841;0.000363939;0.208146;1.91106e-05;3.12424e-05;0.0557177;8.80521e-05;1.04249e-05;1.17772e-07;0.0267944
4.69305e-05;1.15729e-05;0.998202;8.22693e-07;5.66185e-08;7.43562e-07;0.00104449;1.232e-06;0.000499289;5.96465e-08;0.000166273;2.36669e-06;2.43049e-05;2.00202e-09
0.00110499;0.135683;1.15039e-06;8.64e-07;2.04453e-06;5.39991e-06;1.61722e-05;0.7749;0.00564325;2.05162e-06;5.17494e-05;0.000106484;0.0824648;1.792e-05
1.23042e-07;0.000954215;5.91553e-07;3.75897e-08;4.62923e-07;5.43426e-08;4.35901e-09;4.2775e-06;2.79522e-07;4.56215e-09;1.39186e-07;0.999005;3.17706e-05;2.72969e-06
4.7149e-07;0.74676;6.45827e-06;5.62863e-07;5.42648e-05;5.98991e-09;1.4636e-07;0.252376;3.80705e-06;3.26641e-07;1.71975e-07;0.000480121;0.000317471;4.22645e-08
0.000475532;0.0178188;0.0408138;0.0052327;0.014601;0.00594427;2.46243e-05;0.00298303;0.000181915;0.00109586;1.8329e-05;0.837078;0.000153642;0.073578
0.061967;0.838534;0.000511488;2.68099e-05;2.55751e-05;1.5665e-05;0.00146964;0.00810489;0.00549305;4.86289e-06;0.00105874;0.000763439;0.0820139;1.124e-05
0.000223723;0.362423;8.40816e-07;8.81923e-05;0.00201894;6.37823e-05;1.42006e-05;0.0160768;0.0344288;5.7382e-06;0.000349389;0.54881;0.0185116;0.0169851
2.32269e-05;0.748364;6.05438e-07;2.57189e-07;0.000178643;1.38546e-06;1.21859e-05;0.251095;1.12881e-05;1.25932e-05;2.44163e-07;4.59533e-06;5.3048e-05;0.000242786
0.000428159;0.000998806;0.461177;8.68889e-05;0.291072;0.000653344;3.28668e-08;0.0354425;1.26649e-05;1.89646e-05;1.1974e-05;0.202977;0.00143578;0.00568479
3.92294e-08;0.999732;1.70071e-12;4.80103e-09;7.54096e-09;1.9779e-10;5.74831e-05;7.58169e-06;7.88885e-07;1.07387e-07;3.66758e-07;1.13919e-09;4.17589e-07;0.000201249
8.71476e-05;0.00494568;1.0461e-05;0.000102773;5.45201e-06;2.05734e-06;0.327674;0.0102585;0.535832;5.24131e-05;0.119872;2.73671e-06;0.00115444;1.20918e-07
1.64987e-06;0.999867;8.1956e-08;1.48901e-06;1.04552e-07;7.05786e-09;1.12148e-07;0.000102982;7.04783e-07;3.7552e-08;5.7266e-08;1.24222e-06;2.4575e-05;1.63515e-08
6.55214e-08;4.3402e-06;6.70537e-13;3.43123e-11;6.43303e-08;3.35919e-11;4.06947e-11;0.999995;1.32085e-08;5.09173e-11;7.4108e-11;1.06615e-08;2.62215e-07;1.99489e-08
8.09294e-07;0.00152622;1.29348e-05;9.96219e-06;0.00195571;0.000461428;7.38969e-06;0.0011184;5.34447e-07;7.16582e-05;2.19304e-07;6.55898e-05;9.47947e-05;0.994674
6.06791e-08;6.45984e-07;0.999993;1.34346e-07;8.84712e-10;1.58934e-09;3.1429e-07;9.25206e-08;3.06177e-07;2.36303e-09;4.59163e-06;1.28413e-07;3.49043e-07;5.14546e-10
7.11172e-07;0.00085036;0.985489;6.95249e-06;1.4019e-06;4.63002e-08;1.0742e-06;0.0130856;1.26926e-06;6.5801e-08;1.46128e-05;0.000526077;1.43799e-06;2.12818e-05
4.43963e-09;4.65126e-05;6.90246e-05;4.54074e-07;6.90355e-06;3.62682e-06;1.83873e-10;2.08372e-06;1.15422e-10;6.82362e-09;4.07739e-09;0.000249706;2.71098e-09;0.999622
3.59645e-07;0.997228;1.49041e-08;4.49534e-07;7.13443e-07;1.07737e-06;2.94161e-08;0.00120198;4.63613e-09;2.7287e-09;9.48412e-07;1.50064e-05;0.00154686;4.91773e-06
2.08609e-06;0.911808;3.91075e-05;0.00470641;1.27199e-05;9.96313e-05;1.51375e-07;0.0048756;1.76513e-06;2.46295e-06;3.02128e-05;0.0218554;0.0554136;0.0011529
1.95686e-06;0.983836;9.65613e-09;0.000110406;2.42232e-06;1.7861e-06;6.60092e-08;0.000325954;1.52801e-07;9.56458e-08;4.64498e-05;0.000860916;0.00297348;0.0118399
3.27313e-06;0.000734121;2.64688e-07;5.6484e-06;0.000815911;7.81862e-08;9.21376e-08;0.998272;8.59834e-08;1.09846e-06;1.80605e-06;8.41823e-05;7.80985e-07;8.0495e-05
2.57614e-05;0.000315057;0.996994;0.00085253;7.85505e-05;3.08881e-05;4.89879e-06;4.80245e-05;4.59575e-06;5.11416e-06;0.00037055;0.00113153;1.47679e-05;0.000123386
5.44016e-06;2.01566e-05;2.08343e-08;3.45471e-05;1.18609e-08;2.15927e-08;2.49657e-05;5.08871e-05;0.00192594;1.38606e-07;0.997668;0.000211724;5.84346e-05;2.85031e-08
2.75885e-06;0.999847;2.1929e-08;8.41253e-06;3.11413e-08;7.85304e-09;7.36841e-07;1.25119e-05;3.40193e-07;1.88483e-08;2.29374e-05;4.21973e-06;0.000100489;1.66928e-07
1.68591e-07;0.000326217;5.26701e-09;2.7325e-07;2.5563e-05;5.37294e-09;1.36639e-08;0.999609;1.55277e-07;2.86699e-07;1.17584e-07;7.68534e-06;3.01841e-05;2.26438e-07
1.15398e-08;1.43653e-05;0.999967;4.74292e-06;1.32548e-08;2.16132e-07;1.2466e-08;4.74914e-09;7.97762e-09;8.50516e-07;2.75576e-07;1.21748e-05;1.25574e-08;8.43021e-07
0.000973453;0.00243806;3.36278e-05;0.00012499;6.93104e-06;5.9811e-05;0.00117619;0.00120456;0.0458681;8.17501e-05;0.946169;0.000126956;0.00172179;1.42549e-05
