5.32121e-07;0.998946;4.75522e-10;1.34217e-08;2.78875e-09;9.42722e-09;4.01149e-07;5.7749e-07;1.60311e-07;1.48599e-08;2.46292e-07;0.000127669;0.000924577;7.06442e-09
2.2581e-06;0.998491;8.86004e-09;7.71069e-08;5.99551e-07;8.91899e-07;7.92565e-07;9.5776e-06;1.35051e-07;6.65496e-08;9.24326e-08;0.000769235;0.00067687;4.8209e-05
1.6016e-07;0.000179134;3.15538e-07;2.59582e-06;5.74337e-05;1.10691e-05;3.53343e-09;2.53361e-05;2.68245e-06;8.02476e-10;6.86259e-07;0.999562;7.35983e-06;0.000150968
7.19035e-06;0.0632901;5.62462e-08;5.14881e-06;6.91407e-07;2.7488e-05;3.92118e-06;0.000914444;1.58197e-05;2.78609e-08;1.72374e-05;0.000102276;0.935598;1.76802e-05
5.36857e-07;0.000358308;5.13972e-08;4.41377e-07;5.07742e-07;3.91852e-06;1.24078e-09;0.000117516;7.69948e-07;7.86897e-09;4.71543e-07;0.999158;0.000289851;6.99805e-05
3.41115e-06;0.97167;1.31875e-07;3.91619e-07;1.17937e-07;5.75052e-06;5.31334e-06;2.64762e-05;6.32482e-08;1.60845e-07;7.80203e-07;9.43526e-05;0.0281898;3.35823e-06
1.14574e-06;0.00463385;4.07884e-06;3.29836e-05;3.77534e-05;0.000294837;1.19964e-07;0.000591224;1.18064e-06;2.19299e-07;3.03317e-05;0.99314;0.000612402;0.000619393
0.000105319;0.893379;0.000411158;0.0014824;0.00360142;0.00014055;0.000304957;0.0906734;2.52526e-05;1.92287e-05;0.000712801;0.000343705;0.00666951;0.00213103
3.82707e-06;0.0488855;5.15796e-06;6.92039e-05;4.45504e-06;1.57206e-06;3.20247e-07;0.000366132;3.46293e-06;6.46985e-07;1.92605e-05;0.949666;0.00028165;0.000692683
5.82224e-05;0.0605957;3.47122e-06;0.000155339;7.96662e-05;0.000740536;1.59276e-05;0.00431493;1.77107e-05;1.17065e-05;0.000466703;0.0677428;0.865033;0.000764339
3.20096e-05;0.00960792;2.19841e-06;7.56872e-05;1.34485e-05;0.00237956;2.73571e-05;0.000631223;7.9079e-05;1.43896e-05;0.000818284;0.0180538;0.968193;7.2212e-05
6.44953e-06;0.148869;0.847098;4.68981e-05;8.1953e-05;0.000169452;1.43925e-06;0.000166948;1.1725e-08;7.8558e-06;1.46737e-07;0.000489676;6.83135e-05;0.00299337
7.89522e-06;0.00556373;8.99785e-09;5.88407e-06;8.03103e-06;1.24009e-06;3.54358e-07;0.00123041;1.28435e-05;1.0732e-07;0.000225556;0.0001383;0.992802;3.30338e-06
4.9789e-05;0.0267655;2.83171e-07;2.014e-07;2.42425e-05;7.87641e-07;1.996e-08;0.71014;1.34575e-07;1.081e-07;2.10695e-07;0.260588;0.00169788;0.000733133
9.2591e-07;0.986006;2.81784e-05;4.01696e-05;3.68991e-05;5.39559e-05;0.00538693;0.00431079;1.44564e-06;0.000686648;6.34847e-06;3.09711e-05;0.0012699;0.00214123
5.49916e-11;4.46894e-10;1;2.22404e-09;4.90861e-11;1.29214e-10;4.41265e-09;5.24014e-09;4.99765e-11;2.92165e-10;3.03578e-09;1.99866e-07;1.82178e-11;8.20027e-12
8.55223e-05;0.0205477;0.002664;0.000191501;0.000935247;3.43337e-05;2.67891e-06;0.0613383;9.34027e-05;6.69585e-06;0.000502015;0.909536;6.19854e-05;0.00400104
0.000631051;0.615571;0.000150598;5.13956e-06;0.00136068;0.000626591;2.17533e-06;0.0107557;3.97962e-05;3.77146e-06;0.000469275;0.0167673;0.35352;9.73759e-05
0.000213435;0.00934389;1.28656e-05;1.45515e-06;0.0167054;0.0100978;3.70961e-07;0.0020093;3.06646e-06;3.01402e-06;1.52643e-06;0.846772;0.000589719;0.114246
0.000123645;0.284658;4.48933e-06;9.53102e-05;0.0900512;0.00558034;8.75496e-06;0.322798;0.0044617;7.33038e-06;0.000148822;0.00330091;0.26194;0.0268218
4.24761e-05;0.963184;5.94211e-06;1.27821e-06;1.42665e-06;2.00117e-06;1.94047e-06;0.000110194;1.18886e-06;1.91847e-07;1.78384e-06;0.000988012;0.0356588;2.73126e-07
7.11485e-05;0.034567;2.41382e-07;9.16727e-07;0.00084876;8.45752e-05;8.92918e-09;0.921389;1.77175e-06;5.36758e-07;5.44552e-08;0.0330004;0.00941733;0.00061841
8.27636e-06;0.722039;2.38741e-06;8.71405e-06;4.05751e-06;8.37299e-05;2.86826e-06;0.000136696;1.9436e-06;3.64331e-06;2.77734e-06;0.273259;0.00360524;0.000841654
9.32031e-06;0.317736;0.00284561;1.07632e-06;1.36219e-06;9.05195e-07;1.84622e-06;0.0111488;9.18943e-07;3.27982e-07;1.02048e-06;0.666993;0.00125902;8.60574e-07
2.94547e-05;0.610417;1.97102e-06;5.37126e-05;0.000441446;0.00871317;0.0064637;0.0709214;0.000309115;0.00229563;7.65356e-06;1.9708e-06;0.284267;0.016076
3.16788e-08;4.02061e-09;0.999996;1.25541e-07;1.05181e-09;1.05817e-08;3.38463e-07;3.24773e-08;6.29393e-07;8.85716e-09;3.01139e-07;2.74614e-06;1.82935e-09;6.57012e-12
0.000451841;0.0312445;5.38129e-05;0.00108896;4.52639e-05;2.43121e-05;0.000271256;0.06308;0.684344;4.48785e-05;0.0162533;0.202501;0.000466616;0.000130279
7.46553e-05;0.0222767;7.66678e-07;5.44628e-07;1.32011e-06;1.95671e-05;1.73159e-07;0.0011695;4.36551e-05;4.92157e-07;5.71199e-06;4.01254e-05;0.976363;3.62548e-06
2.1158e-08;0.000152106;1.3765e-08;7.96581e-09;1.94262e-07;5.34991e-09;4.16683e-11;3.73374e-07;1.19242e-08;8.65269e-11;2.22366e-08;0.999839;7.70956e-06;1.04225e-06
2.30024e-06;0.402208;5.02357e-06;3.02446e-07;0.00274138;9.39809e-07;3.6729e-09;0.58953;8.77649e-09;2.42994e-07;4.88023e-10;9.04896e-05;0.00350276;0.0019182
6.29538e-07;2.35419e-06;2.76378e-09;5.15727e-06;8.17783e-05;0.02036;1.42413e-07;1.87703e-05;1.38515e-05;1.18927e-05;1.65231e-07;1.01461e-08;0.979343;0.00016192
2.52997e-06;3.0771e-05;0.999958;5.49917e-07;8.81605e-08;5.8848e-08;8.86203e-09;4.70462e-06;3.79399e-08;9.87597e-08;2.15703e-09;2.89787e-06;3.11314e-08;2.44435e-08
0.000187313;0.914791;2.24497e-05;0.000285648;9.58992e-05;5.91618e-05;0.000171601;0.0576779;0.0166463;1.43155e-05;0.00176629;6.97539e-05;0.00790817;0.000303917
