8.97743e-06;0.997117;1.06224e-09;1.78207e-06;1.65775e-06;6.91178e-07;5.96966e-07;0.000384177;2.99149e-05;8.2114e-08;2.17185e-05;0.000705646;0.00172252;5.65338e-06
0.000161154;0.958381;2.48622e-08;5.22172e-05;3.27261e-05;7.42965e-07;0.0342627;0.000303299;1.71746e-05;0.00389646;5.97752e-05;0.000157232;3.4917e-06;0.00267189
1.61863e-05;8.69226e-07;0.999916;5.32585e-07;1.01764e-08;2.79714e-08;8.89056e-06;2.12199e-07;2.6495e-05;1.85303e-08;2.34184e-05;4.5496e-06;2.33495e-06;4.58736e-10
4.75308e-06;0.999584;2.02433e-10;1.68522e-07;6.46143e-08;4.36797e-08;8.05985e-06;0.000340065;2.0267e-06;1.81506e-05;4.56927e-08;1.34274e-07;2.65458e-05;1.60003e-05
2.71974e-10;1.59733e-09;0.99996;1.48379e-10;1.23753e-09;5.26447e-12;1.84326e-11;3.93698e-10;1.77477e-11;1.73888e-11;1.26895e-12;4.01847e-05;2.32767e-13;4.97628e-12
6.28635e-05;0.00340768;2.29482e-07;2.35211e-05;0.0131449;1.9558e-05;1.7991e-05;0.981732;0.000366294;5.37036e-07;9.96006e-06;3.64788e-05;8.87574e-05;0.0010887
0.000148084;0.0421265;5.48916e-06;5.91858e-05;0.00909046;3.6129e-06;0.000281509;0.935903;0.01161;5.25722e-05;0.000384614;4.57787e-05;0.000139197;0.000150105
0.000730023;0.00163505;0.932438;0.00048051;0.0412194;0.0022768;2.74311e-06;2.81378e-05;5.95602e-05;2.24341e-05;0.000305518;0.00154588;3.70229e-05;0.0192185
2.51019e-05;0.976784;2.56762e-07;1.70844e-05;2.23888e-05;3.50959e-05;0.000127523;0.0148216;0.00590295;1.17597e-06;0.00102821;0.000188811;0.000916346;0.000130021
6.97229e-06;0.999336;2.25309e-06;5.51871e-07;1.96223e-08;4.82281e-09;2.08708e-07;0.000393765;7.97247e-06;2.27583e-08;4.26787e-06;0.000126629;0.000121047;6.19014e-09
4.07195e-08;0.999659;3.97212e-11;4.9079e-07;1.20985e-06;2.06048e-08;1.00655e-06;7.08051e-07;1.23509e-08;7.9145e-06;5.65077e-09;9.72698e-06;8.65787e-08;0.000320133
3.38914e-05;7.49223e-05;0.999115;7.64645e-06;5.34522e-07;5.7401e-06;0.0002422;2.19465e-05;4.66124e-05;1.12574e-06;0.000146348;0.000267436;3.70265e-05;4.87365e-08
6.2949e-06;0.958572;1.07659e-07;1.63053e-08;2.19896e-08;1.82504e-07;2.26372e-06;1.18777e-06;8.25027e-08;3.46093e-08;6.13897e-07;0.000106975;0.0413103;9.79972e-09
2.54436e-06;0.00335226;0.000176511;5.23321e-07;0.000129974;3.45939e-05;6.51507e-08;4.50471e-05;4.42611e-07;1.4587e-07;7.3772e-08;0.990593;6.43866e-06;0.00565789
9.92259e-05;0.496427;3.00634e-07;1.6178e-05;0.000320601;3.15562e-05;8.0366e-05;0.163612;0.00121987;1.14149e-06;1.49258e-05;0.000124214;0.33787;0.000182162
0.000156748;0.179446;2.23111e-05;0.0001941;0.00038787;0.000709899;7.92685e-06;0.0120945;0.00787771;3.83876e-05;0.000138459;0.691935;0.101078;0.00591317
0.000570841;0.985649;0.0010233;0.00050066;0.00456252;0.000772561;8.05959e-05;0.00376038;2.89343e-05;0.000337654;4.08951e-06;0.000833713;0.00164997;0.000225871
0.000707494;0.512545;0.000522939;0.000121182;0.000178132;0.000245857;5.17571e-05;0.00041139;0.00019768;3.32795e-05;8.77198e-05;0.00181692;0.482252;0.000829144
5.42461e-06;0.00523129;1.18812e-06;1.00627e-07;4.18231e-06;3.41081e-06;3.09885e-06;6.98597e-05;5.17131e-06;4.06474e-08;5.55087e-06;0.994372;3.05619e-05;0.000268322
5.94139e-07;0.990866;8.2071e-12;1.11566e-08;1.12585e-06;9.29103e-07;2.28593e-05;0.00122326;1.17594e-07;3.90073e-06;1.21298e-08;1.10017e-08;0.000139237;0.00774148
1.13295e-09;3.77946e-10;0.999994;1.2355e-10;2.00577e-09;1.47745e-10;2.50973e-11;1.92645e-09;2.47351e-11;6.3845e-11;5.18099e-11;6.19008e-06;6.23412e-11;6.64595e-12
7.63585e-05;0.681403;0.000217096;2.94442e-05;0.000308913;0.000263754;7.43938e-05;0.244325;0.00159236;6.72137e-06;0.000216201;0.00437297;0.0263116;0.040803
4.14204e-05;0.0248565;3.12898e-06;1.51125e-05;9.35605e-05;9.38122e-06;1.59846e-06;0.254633;0.000283676;3.76364e-06;0.000179804;0.00456869;0.715178;0.000132636
