6.16516e-07;0.999776;3.93956e-06;1.13127e-06;1.79298e-07;1.02482e-07;9.05712e-07;0.000202144;8.99389e-09;4.66003e-07;4.19011e-09;7.78811e-07;8.50892e-06;5.30311e-06
2.2068e-08;5.92913e-08;0.999994;2.73754e-08;2.23946e-08;8.26998e-10;6.5738e-09;4.48824e-06;1.10081e-08;5.81784e-10;3.53832e-08;1.77199e-06;2.23069e-08;1.04321e-09
1.69092e-08;6.77516e-06;1.53354e-05;8.2232e-08;3.71533e-07;4.24012e-09;2.33791e-07;2.78699e-05;4.2287e-08;7.96057e-08;2.96159e-08;0.000169159;8.7678e-08;0.99978
1.74659e-07;3.34074e-06;1.425e-10;2.16428e-08;0.000332405;4.30393e-06;2.85476e-07;0.999613;3.72269e-05;4.11118e-09;1.04839e-06;2.66464e-08;8.47156e-06;1.33997e-07
2.01539e-08;2.28189e-05;0.999931;1.24775e-07;1.26468e-05;6.06305e-07;1.12152e-10;2.50235e-08;7.7669e-12;1.96304e-09;1.48364e-10;2.99732e-05;5.2766e-08;2.91946e-06
4.95202e-09;0.999929;2.33373e-10;7.35114e-10;6.78593e-09;6.15575e-09;1.54632e-09;1.24933e-05;1.41325e-09;9.71615e-12;1.75123e-09;1.25346e-06;5.74173e-05;2.18747e-08
1.52302e-07;0.985895;8.59702e-11;4.05164e-07;6.69878e-06;5.13526e-08;1.40447e-08;0.000726006;3.53677e-10;4.65387e-08;1.80903e-09;0.000237193;0.0125827;0.000552099
1.85196e-07;0.791567;8.60348e-06;1.00158e-07;4.20679e-05;2.67757e-07;3.86641e-08;0.203992;1.35354e-10;1.44563e-07;2.06877e-10;6.52517e-05;0.00312687;0.00119749
1.12628e-07;0.000107493;6.06355e-09;2.05323e-06;1.34161e-06;0.00188985;1.1378e-06;1.81217e-06;8.37053e-07;2.37961e-06;7.86997e-07;1.10168e-05;0.997772;0.000209176
4.69241e-06;8.49591e-05;0.999211;2.39307e-05;4.03975e-07;4.7915e-05;0.000252388;4.57673e-08;2.37294e-08;0.000223482;2.42665e-07;1.28068e-05;5.98375e-05;7.80883e-05
4.07644e-07;1.82404e-07;0.999701;4.70612e-08;9.58795e-08;3.50596e-07;0.000284612;2.6058e-06;2.85975e-06;4.12302e-06;3.36749e-06;2.42823e-09;1.1453e-08;1.028e-09
5.97943e-09;1.58335e-09;1;2.56636e-10;1.42121e-10;5.18085e-11;3.26968e-09;1.28487e-07;6.15252e-08;2.84397e-10;8.33069e-09;1.11926e-08;7.86914e-10;1.63987e-13
1.91208e-08;1.18326e-07;0.997158;9.03175e-09;2.70731e-08;6.07256e-09;1.38533e-09;8.15097e-07;6.1017e-08;1.33587e-09;2.16905e-08;0.00284051;8.04358e-09;1.73666e-07
2.49492e-07;0.000944395;1.48053e-07;6.59373e-08;0.0125415;7.30238e-05;2.83977e-07;8.35276e-05;1.84146e-08;4.40858e-07;5.00212e-08;4.49346e-08;4.07144e-07;0.986356
9.68055e-07;4.8758e-05;0.00395927;3.96062e-06;0.957952;1.78244e-05;1.2476e-09;0.00419413;4.60192e-09;1.90362e-08;4.45914e-07;0.0336466;5.18993e-05;0.000124331
2.70695e-07;0.999949;1.92157e-10;5.61775e-10;3.71659e-08;5.0518e-10;1.37991e-05;2.94471e-05;2.38144e-08;8.06924e-08;9.50853e-10;4.90091e-10;5.20554e-06;2.39289e-06
8.60395e-12;3.31903e-11;1;7.69745e-12;1.47364e-10;4.48819e-13;4.61704e-12;1.11598e-09;1.39139e-12;9.35987e-13;3.19346e-13;8.86354e-08;2.38188e-14;5.14003e-13
0.000122039;0.01652;3.94783e-06;0.00010835;0.00105548;0.000767907;4.35529e-05;0.917928;0.00129658;4.29485e-06;0.000532757;0.00176393;0.0593037;0.000549002
9.72307e-05;0.89273;3.63505e-05;2.08344e-05;0.000418666;7.67431e-06;9.65938e-06;0.0962371;8.92657e-06;1.9226e-06;1.40889e-05;0.00572841;0.00355391;0.00113548
8.6393e-07;0.993063;9.24438e-09;1.34508e-06;1.35344e-07;1.5332e-06;0.00152875;9.65942e-06;8.85971e-08;0.000200564;1.2417e-07;2.518e-07;6.36193e-06;0.00518749
3.0266e-09;2.04159e-10;0.999992;4.60411e-09;3.43299e-10;1.17006e-11;1.30339e-06;4.593e-10;3.52994e-09;8.41427e-10;4.74099e-08;6.77467e-06;2.42965e-13;6.74854e-11
6.44848e-05;0.0697702;0.000679786;0.00037238;1.73165e-05;3.64482e-05;0.812413;0.00437433;0.00957108;2.71467e-05;0.0936476;3.00435e-06;0.00901095;1.24464e-05
3.06995e-07;0.884486;6.17638e-09;7.73501e-08;3.17131e-06;2.4554e-08;6.0169e-07;0.115299;3.64221e-07;2.28182e-07;2.03283e-07;2.89729e-07;9.82177e-05;0.000111801
2.38085e-06;9.19355e-05;0.139267;8.57692e-05;0.785904;3.7527e-05;3.82765e-10;0.00266818;8.48877e-08;3.10239e-06;5.62712e-07;0.0503939;3.21815e-05;0.0215134
4.38174e-07;0.999908;4.94208e-10;2.45179e-08;5.19581e-09;4.76821e-10;2.72478e-06;4.42087e-06;1.21607e-06;4.81031e-07;1.75667e-07;1.51747e-06;3.27572e-06;7.78687e-05
6.7876e-05;0.0402423;5.45628e-06;3.31908e-05;5.83513e-07;5.55272e-06;0.227152;0.00805637;0.330295;1.42004e-05;0.375856;7.85063e-07;0.0182704;2.42258e-07
5.41698e-05;0.276576;3.45726e-07;0.000147507;0.001356;9.05725e-05;2.91462e-05;0.691834;0.0156687;2.83594e-05;0.000733161;0.000114613;0.0132222;0.000145052
0.000174223;0.0675628;2.37021e-05;3.38973e-05;0.00177795;2.5237e-05;1.71254e-06;0.900578;2.19729e-05;0.000105116;7.09432e-06;0.0233597;0.00623037;9.76643e-05
0.000119848;0.0184114;7.73021e-05;3.77827e-05;0.000766199;0.00049654;1.70578e-06;0.000405385;1.23867e-05;3.80201e-06;9.35603e-06;0.964198;0.00383273;0.0116276
0.000789066;0.177951;1.26204e-06;9.78388e-05;0.00279996;0.00114362;1.94165e-05;0.685863;0.000509185;5.86999e-05;0.000127851;9.18735e-05;0.117422;0.0131249
0.00108403;0.776052;3.4285e-07;5.33267e-06;1.55379e-06;1.16716e-07;0.0224298;0.199559;0.00021451;0.000204865;0.000257642;2.53743e-06;0.000183337;5.16389e-06
1.00876e-06;4.19537e-07;0.999982;3.28512e-07;1.30796e-07;1.02269e-08;1.03668e-05;9.36924e-07;1.24856e-06;3.61751e-07;1.921e-06;1.71121e-06;4.51801e-09;7.29285e-10
1.04762e-05;0.995009;3.27738e-06;5.22753e-06;8.76091e-07;4.70968e-09;1.59652e-06;0.000118309;2.5753e-06;6.49377e-08;3.11323e-06;0.00451778;0.000327228;4.50871e-07
3.9128e-05;0.835824;6.65828e-06;1.50876e-05;0.000159859;3.53783e-06;5.50635e-06;0.0117173;2.7307e-06;1.50817e-06;3.74234e-06;0.0279199;0.123096;0.0012052
6.55992e-06;0.185048;8.01702e-07;8.9666e-05;0.00022675;0.000268555;3.36518e-06;0.164327;6.59329e-06;3.99188e-06;4.15545e-06;0.551271;0.000901618;0.0978416
3.5399e-05;0.75446;9.64697e-08;5.23424e-05;0.00103617;0.000144794;1.95066e-06;0.0236658;2.07393e-05;3.29459e-07;0.000144165;0.00581696;0.208871;0.00574995
0.000124949;0.53567;3.76874e-06;1.95325e-05;3.68944e-05;0.000337491;2.90792e-06;0.0812892;3.79254e-06;1.52894e-06;1.51164e-06;0.110575;0.256423;0.0155104
1.07154e-05;0.00671392;8.81237e-08;5.09346e-06;3.92848e-06;1.27083e-05;4.6273e-08;0.181001;3.71421e-06;1.21857e-07;5.84618e-05;0.0116891;0.800434;6.65046e-05
0.000842672;0.0302045;0.001938;0.00133805;3.70895e-05;0.000328236;0.000106286;0.0676756;0.00203474;3.81984e-05;0.0566253;0.536856;0.298399;0.00357676
0.000102535;0.163406;1.13366e-05;0.000151194;0.00152527;0.000530875;1.4727e-05;0.655862;0.000816084;2.53299e-06;0.00309545;0.0515927;0.119924;0.00296507
1.76329e-06;0.00798618;5.53191e-09;0.000321861;1.22067e-05;2.3867e-06;0.000147044;0.000387989;6.43187e-06;0.000493661;0.000158303;3.14648e-05;6.11654e-06;0.990445
0.000155923;0.16851;3.46486e-06;1.59224e-05;1.00889e-07;1.05913e-07;0.0203865;0.00144516;0.00664905;9.07946e-07;0.788312;1.01039e-05;0.0145112;3.03647e-08
8.81899e-06;0.991309;3.02908e-07;6.2493e-07;3.75932e-07;1.4155e-06;0.00163768;0.00141427;5.1531e-07;0.00170443;1.18153e-06;3.74038e-08;0.000276321;0.00364498
4.3858e-10;3.71975e-09;0.999971;8.75429e-10;4.16188e-09;2.01507e-09;5.4035e-10;3.51628e-10;3.28288e-10;2.37644e-10;1.86844e-09;2.92207e-05;5.41531e-12;7.55934e-10
9.74799e-06;0.718408;1.75319e-05;5.41976e-05;4.30045e-05;0.000220189;7.67126e-06;0.00966884;2.95211e-05;7.63825e-06;3.402e-05;0.00353157;0.00816531;0.259803
3.39613e-06;0.000161123;4.08234e-08;2.83866e-06;1.30414e-06;6.06804e-06;5.64889e-07;0.0257441;1.90676e-05;9.46799e-08;0.000735673;6.25746e-05;0.973262;9.70189e-07
2.11268e-05;0.00117913;4.19679e-06;1.61649e-05;1.04225e-06;2.28183e-06;1.81875e-07;0.000783422;1.6918e-05;3.98639e-07;0.000102941;0.990041;0.00779231;3.90435e-05
9.07108e-06;0.012362;5.0283e-08;2.64413e-07;6.97752e-05;2.24632e-06;8.69833e-09;0.986493;5.21762e-08;1.36286e-07;5.39574e-07;2.16432e-05;0.000835679;0.000205546
1.59331e-06;0.914019;0.0010019;2.72884e-05;0.000296341;0.000310702;0.000100837;0.0166254;3.98803e-07;0.000196599;1.04583e-05;0.00492897;0.00546702;0.0570135
1.59748e-10;3.13899e-09;1;9.37595e-10;1.62296e-10;1.07338e-10;2.55381e-10;4.08766e-08;1.27352e-10;1.45772e-10;5.13243e-09;7.59905e-09;2.52045e-09;1.42007e-12
1.35077e-08;1.06446e-07;0.999797;1.60796e-08;6.67837e-08;3.41337e-09;2.21421e-09;7.85784e-06;5.20098e-09;5.05504e-09;1.821e-08;0.000194785;2.89312e-09;4.61017e-07
1.95239e-06;0.000367072;6.93056e-05;3.50956e-07;0.000463373;0.00326327;4.09498e-08;7.90823e-05;1.28693e-07;4.56336e-07;1.8581e-06;7.17189e-05;3.3362e-06;0.995678
0.000336328;8.69882e-05;1.36518e-07;8.43259e-07;4.36025e-05;0.00012261;7.49534e-08;0.982851;1.86693e-05;1.77021e-08;2.47584e-05;0.000141307;0.0163721;1.551e-06
0.000419611;0.67235;8.78421e-08;3.04017e-07;4.31526e-06;1.49015e-06;2.96696e-07;0.282486;1.0982e-06;5.03959e-07;1.91671e-07;0.000903295;0.0438129;2.02578e-05
4.70999e-07;0.00246759;2.74663e-06;8.43217e-07;8.25567e-06;1.28985e-06;1.1303e-08;0.000824584;1.64376e-07;1.15298e-07;1.16651e-06;0.996662;1.16166e-05;1.90885e-05
4.34019e-07;0.905094;7.80089e-08;3.41686e-07;2.01403e-08;4.14394e-09;0.0942349;4.62339e-05;2.85735e-07;0.000611887;6.51272e-06;4.2275e-10;4.33699e-06;7.51146e-07
1.03308e-10;1.35043e-10;1;3.58393e-11;4.04888e-11;1.57595e-12;4.80198e-09;3.51214e-11;4.32949e-11;1.39247e-10;3.80173e-10;4.40614e-07;1.63653e-12;5.07658e-13
0.000612552;0.017807;5.31711e-06;0.000236813;0.00556108;8.1427e-05;0.000732252;0.736104;0.205844;3.92812e-05;0.00834241;0.000401169;0.0223282;0.0019044
0.000984051;0.716296;2.78897e-07;4.45706e-05;0.000931971;0.000107682;3.48223e-05;0.248199;0.00799491;8.03927e-05;0.000612691;0.00634673;0.0151536;0.00321405
8.4381e-05;0.950838;1.4546e-08;2.87365e-05;0.000288967;1.62709e-05;3.16861e-05;0.000192332;3.28287e-05;6.94686e-05;0.000107014;0.0370639;0.00338664;0.00785996
0.000356946;0.94535;4.38807e-05;1.32889e-05;4.72166e-06;4.01836e-06;0.000114827;3.77077e-05;2.78139e-05;1.3452e-06;7.58808e-05;0.053556;0.00040686;6.27274e-06
1.81011e-06;0.00057616;1.6512e-07;6.89093e-05;9.66656e-05;0.000559316;1.38988e-06;0.00015882;1.16931e-05;9.70977e-07;7.71307e-05;0.00225112;0.000105149;0.996091
3.27097e-06;0.922477;1.65241e-07;6.64423e-07;1.34563e-08;1.06827e-06;0.0765434;1.83123e-06;3.43634e-07;0.000473088;5.4513e-06;2.56248e-09;1.49635e-05;0.000478279
3.70911e-10;4.02965e-10;0.999999;1.16931e-09;3.98214e-10;1.59221e-09;1.40632e-07;6.7867e-10;4.00551e-09;6.02447e-09;5.70485e-09;1.04965e-06;1.45328e-13;8.5233e-11
3.39624e-07;0.998527;1.84664e-09;8.62235e-08;6.10278e-10;4.10469e-09;3.19327e-06;4.00389e-07;3.94586e-06;2.16506e-08;1.13555e-06;8.72727e-07;0.00146251;7.51034e-09
6.20835e-06;0.0569217;0.000243088;1.00808e-05;3.76551e-06;1.48338e-06;4.02623e-06;0.0162313;2.58495e-05;4.36222e-07;0.00011556;0.924013;0.00241374;9.26929e-06
3.21444e-06;0.363218;4.58582e-09;7.11764e-05;0.00162281;2.90764e-06;1.77566e-06;0.634297;1.64579e-05;2.33152e-06;2.39901e-05;3.56654e-05;2.99043e-05;0.000674256
5.93674e-05;0.727361;0.00340799;0.00102855;7.8395e-05;5.17958e-06;1.09658e-06;0.000529425;3.88353e-06;4.4939e-05;4.47101e-05;0.233617;0.000129503;0.0336892
0.000701316;0.324139;2.99719e-06;3.2576e-05;3.56473e-05;7.92905e-05;3.80811e-05;0.00948584;0.00233867;2.11503e-06;0.00883201;0.122715;0.531581;1.62525e-05
2.99968e-06;0.0337944;3.72429e-06;1.47453e-06;1.043e-06;3.02486e-05;5.18751e-09;0.000316912;1.76838e-07;5.33144e-08;1.11745e-07;2.93535e-05;0.965819;2.78072e-07
2.44227e-06;0.0320979;2.14398e-07;2.98826e-05;0.00015458;0.00798142;3.72207e-07;0.000111827;2.18267e-06;6.70009e-06;5.97486e-06;2.70871e-05;0.958138;0.00144176
2.47498e-06;0.00119383;0.958767;1.194e-05;0.000119757;1.1801e-05;1.88171e-08;2.62775e-06;1.80964e-09;6.61377e-07;9.06297e-08;0.0199505;6.33717e-06;0.0199332
0.000146799;0.0412742;1.05294e-07;1.15754e-05;8.50618e-05;0.000193496;2.30626e-05;0.0183211;6.77407e-05;6.58915e-07;0.00268153;0.000664303;0.936268;0.00026233
1.50928e-05;0.000627301;3.08223e-09;1.86352e-06;3.43769e-07;3.33189e-06;1.77317e-07;0.0974618;4.23232e-05;4.59187e-08;0.00010148;0.000117637;0.901626;2.14706e-06
4.99703e-05;0.00923686;1.32742e-06;4.28591e-05;1.54618e-06;9.14016e-06;1.6306e-07;0.000432605;1.6557e-05;2.27553e-06;6.09864e-05;0.980066;0.00882152;0.0012585
4.2604e-05;0.594324;1.20663e-06;4.43727e-05;4.70754e-05;1.46319e-05;7.54427e-06;0.244169;4.94123e-06;3.07447e-05;3.31575e-05;0.0659891;0.0952857;5.8587e-06
4.48066e-05;0.096642;2.19112e-05;0.000274958;0.000315155;0.000661397;4.29565e-06;0.032586;3.4339e-06;0.000119483;0.000153753;0.858541;0.000850287;0.0097812
5.32054e-07;0.0107218;5.50687e-08;9.16223e-06;1.78436e-09;2.09233e-08;0.98671;2.93397e-07;1.91301e-06;0.00196921;0.000582158;5.05606e-08;4.09997e-06;6.13906e-07
8.62917e-11;7.19061e-11;0.999999;4.33876e-09;6.45344e-12;1.77804e-11;4.57186e-07;7.0179e-12;1.56881e-10;3.93751e-10;1.80496e-07;2.80538e-09;3.07375e-13;6.40353e-13
1.86318e-05;0.00577725;6.06753e-08;9.10008e-08;2.44011e-06;2.63497e-08;5.09666e-07;0.991777;2.73761e-06;4.45934e-08;1.12403e-05;2.50771e-05;0.00238448;4.96002e-07
7.54283e-06;0.883032;0.000462064;2.73454e-05;0.000142863;0.000363212;0.00162373;0.0555884;2.95609e-05;0.000428709;3.55684e-05;0.000166667;0.0350938;0.0229986
4.76885e-11;2.70053e-11;1;3.48561e-10;1.73945e-11;4.30533e-11;6.02486e-11;1.93664e-09;1.4626e-10;4.66637e-11;6.40247e-10;4.02e-08;6.73407e-12;4.28545e-13
7.19119e-06;0.00399007;0.927831;8.65e-06;9.24007e-06;3.17105e-07;1.57029e-06;0.000673582;3.83478e-06;2.95225e-06;3.22783e-06;0.0664806;1.22551e-06;0.000986292
1.70987e-05;0.0002413;0.000197156;1.62893e-06;0.0537863;0.000688038;2.55818e-06;0.043474;2.4144e-06;4.55259e-06;1.27673e-05;2.17544e-05;2.05958e-06;0.901548
2.69266e-06;4.9657e-05;0.00107423;1.13379e-06;0.000375475;5.56466e-06;6.93908e-09;1.85036e-05;1.71862e-08;2.41603e-08;5.05123e-07;0.99845;1.38888e-05;7.88695e-06
5.86592e-05;0.000161563;8.99361e-09;7.56003e-07;0.000273755;5.19264e-07;1.81906e-08;0.999265;0.000216687;2.80618e-09;1.56547e-05;6.8602e-06;4.22399e-07;4.17451e-08
0.00167133;0.312723;0.000204096;1.34945e-05;0.000257621;9.6501e-05;6.42994e-06;0.272206;2.99572e-05;2.90585e-05;1.27702e-05;0.00344733;0.409142;0.000160287
3.54833e-05;0.0190785;4.98553e-05;0.000158821;0.00172269;0.000597981;1.78636e-06;0.00180566;9.66885e-06;9.21628e-06;1.76396e-05;0.960983;0.0146645;0.000865574
0.000339788;0.338441;4.69053e-09;0.0013287;0.0248216;0.00171801;7.39493e-07;0.181653;0.00051052;5.52171e-05;0.000916627;0.0112052;0.0185721;0.420438
0.000182708;0.234656;4.0605e-07;2.67288e-06;6.04191e-08;6.64899e-07;0.757992;5.06999e-06;8.21009e-06;0.00503541;3.46005e-05;3.21925e-07;9.06134e-06;0.00207266
2.57162e-09;2.44592e-11;1;1.819e-10;6.32158e-11;4.52697e-11;1.44371e-07;7.10937e-11;1.96781e-09;8.89491e-10;6.34076e-09;5.58248e-08;6.47961e-14;2.94773e-12
3.21804e-06;0.000811694;5.7323e-09;1.651e-07;3.55197e-08;8.22916e-07;6.38685e-06;4.16469e-06;4.57999e-05;1.33832e-07;1.76878e-05;4.54224e-07;0.999109;6.45172e-09
5.2184e-05;0.00565892;0.983333;4.76502e-05;0.000175504;2.1701e-06;2.38377e-07;0.00043313;3.60626e-06;2.48685e-06;1.93317e-06;0.00873595;1.64901e-05;0.00153659
1.5373e-05;0.986651;1.76325e-07;5.0801e-06;0.000171642;3.05911e-07;1.51021e-06;0.0124002;1.23729e-05;6.01228e-07;1.02546e-05;3.76731e-05;0.000210255;0.000483526
6.44019e-05;6.94236e-05;3.53738e-08;8.65923e-06;0.000490476;4.57829e-05;1.29419e-06;0.991378;0.00218777;6.92197e-06;3.66351e-05;0.00525485;0.000441414;1.48564e-05
0.000143388;0.996067;1.08575e-08;2.99934e-05;9.99955e-06;2.44358e-06;0.000112523;0.000135281;0.0014199;6.56249e-06;0.00148542;0.000467816;4.80016e-05;7.13917e-05
1.02592e-05;0.996586;6.2477e-08;3.59317e-07;2.6351e-09;1.13626e-07;1.44345e-06;6.3133e-07;1.3333e-06;3.11008e-08;1.13438e-06;0.00045394;0.00294452;1.53235e-07
3.63187e-06;0.00173265;5.90897e-08;1.84353e-06;9.94798e-05;0.000185495;9.30513e-09;0.00541831;1.81483e-05;1.43766e-07;4.34202e-06;0.99112;0.000597249;0.000819104
6.20161e-08;0.999167;2.63394e-08;7.07458e-07;5.83469e-09;1.65362e-06;0.000662232;1.66897e-06;2.31287e-08;0.000100941;3.26261e-07;1.18446e-07;8.70943e-06;5.69019e-05
6.41019e-11;6.41667e-09;1;2.32587e-09;1.76675e-10;1.17027e-08;4.49444e-09;2.4625e-10;2.04562e-11;3.17217e-10;1.02702e-08;9.99316e-08;1.54322e-11;6.2386e-11
4.40417e-05;0.0841905;9.92931e-06;5.32631e-06;0.000119546;0.00114704;0.00677546;0.0481889;5.29477e-05;7.61448e-05;0.00177042;2.06104e-06;0.857495;0.000122253
1.12212e-09;2.46874e-10;1;2.01325e-10;1.6221e-10;6.96618e-10;2.15092e-09;1.51409e-09;2.50021e-10;2.76001e-10;2.24472e-09;4.22955e-08;1.25364e-10;5.51481e-12
2.82737e-07;1.49374e-05;0.985163;5.07547e-08;1.86194e-07;3.28339e-07;1.17555e-08;3.94993e-06;3.18348e-08;3.18381e-08;1.3044e-08;0.014614;1.50454e-07;0.000203463
2.67588e-08;0.0511328;1.01441e-08;2.07935e-09;3.08741e-05;1.20479e-05;9.39354e-08;3.92798e-06;6.1766e-10;1.99915e-07;8.02308e-10;1.39609e-09;1.11371e-06;0.948819
4.16894e-10;7.50802e-10;0.999916;3.26117e-12;1.14071e-07;2.35529e-11;4.17808e-13;3.91645e-08;2.45736e-13;7.02374e-13;6.19407e-13;8.3438e-05;1.90208e-11;3.67557e-11
3.79344e-06;0.0075402;2.48963e-06;4.48056e-07;9.03274e-05;0.000220926;1.27172e-07;0.979579;3.23316e-06;6.237e-08;6.77319e-08;0.00017736;0.0122806;0.000101506
5.06266e-07;0.00390264;1.6318e-08;2.86316e-07;1.99156e-06;1.00649e-05;2.98491e-09;0.175638;2.67699e-08;2.36121e-08;1.18898e-08;3.76061e-06;0.820432;9.84446e-06
4.2887e-07;0.0020624;2.88628e-07;1.06416e-05;2.76769e-07;1.88573e-06;2.38202e-08;8.35426e-06;2.08823e-07;5.65146e-07;1.09467e-06;0.996796;0.00102418;9.33757e-05
4.6833e-07;0.0147663;1.54254e-09;2.42514e-07;0.000363471;1.25639e-07;1.11868e-06;0.984854;1.0331e-08;8.4952e-07;4.81841e-08;3.3267e-07;4.95956e-06;7.66584e-06
1.4382e-07;0.00010273;0.99826;5.61651e-06;8.5236e-06;1.10254e-05;3.03422e-08;1.04784e-06;6.26205e-10;6.22489e-07;2.8883e-07;0.000999014;0.000608152;3.0043e-06
2.70118e-06;0.998537;3.19506e-09;1.12088e-08;8.86942e-08;4.31901e-08;0.000867034;0.000583498;6.0609e-08;1.66703e-06;9.86438e-07;1.94804e-08;4.55284e-07;6.98859e-06
4.77789e-08;9.73476e-09;0.999995;2.37431e-08;6.55971e-08;1.32032e-09;1.57026e-06;2.73537e-07;1.43875e-07;1.08892e-08;1.2913e-07;3.11018e-06;1.36341e-10;9.99318e-11
2.92445e-07;0.999849;5.89534e-11;4.88174e-08;7.49288e-10;1.24589e-09;4.31295e-06;9.23034e-05;1.5205e-06;4.44011e-07;1.2042e-06;4.78781e-09;4.88601e-05;1.56552e-06
1.50465e-08;2.86051e-05;0.991911;1.39e-07;3.61163e-09;7.74903e-10;4.95089e-08;4.1909e-08;1.28214e-09;1.62622e-08;9.33876e-09;0.00806029;2.79542e-09;1.01728e-08
4.8722e-05;0.000932589;0.0023442;0.000165598;0.00116705;4.6006e-05;0.000105334;0.991766;5.46112e-05;2.03694e-05;0.000104015;0.000252579;0.000227113;0.00276552
3.87876e-06;1.06912e-05;9.18124e-09;1.40418e-06;4.59761e-07;0.00103045;0.00100694;8.55643e-06;0.000132039;1.78163e-05;0.000465805;5.37983e-09;0.99732;1.56239e-06
7.66324e-07;5.89186e-07;0.999996;1.31941e-07;9.72463e-08;1.26895e-08;2.67549e-08;1.06708e-08;4.32104e-09;2.96018e-08;1.23122e-08;2.23567e-06;3.5669e-09;1.92398e-07
5.05611e-06;0.996309;2.21305e-06;3.09918e-06;1.83188e-05;2.22543e-06;3.70078e-06;0.00313187;0.000227674;2.02663e-07;2.09786e-05;1.79645e-06;0.000237532;3.63427e-05
