1.82827e-05;0.970104;1.73485e-08;6.03638e-06;8.27763e-06;1.78068e-06;5.22939e-07;0.0243053;2.85721e-05;3.30631e-07;7.39514e-06;0.000875637;0.00414397;0.000499845
2.67649e-06;0.994168;1.35293e-09;6.12338e-07;8.23679e-06;1.8421e-08;4.75274e-07;0.00384058;9.2838e-08;1.15178e-06;2.341e-06;0.00080187;0.000824062;0.000349914
0.000242938;0.0249079;1.52626e-05;9.44306e-05;0.167229;0.00151529;0.000194012;0.109969;0.000137751;2.43935e-05;0.000104302;0.00126685;0.0018426;0.692457
1.71654e-05;0.00936375;8.91396e-08;1.12261e-05;6.05074e-05;2.28138e-05;6.14172e-06;0.000162222;0.00015899;7.73004e-07;0.000121392;0.00010627;0.989959;9.64815e-06
1.55071e-05;0.00783031;0.986801;5.98026e-06;5.95673e-06;1.86704e-06;2.62548e-07;2.61308e-06;3.62791e-08;3.89803e-07;6.1817e-09;0.00431148;7.75466e-07;0.00102435
2.70754e-05;0.00214759;7.1132e-10;1.28396e-07;2.48113e-05;4.59562e-06;2.99705e-08;0.00907419;3.03981e-05;1.73079e-08;5.58303e-05;1.10884e-05;0.988616;8.31223e-06
0.000132674;0.907358;3.58149e-05;3.48569e-06;8.24588e-07;2.88051e-06;0.0540521;3.04991e-05;1.37543e-05;0.0116014;5.67811e-06;0.001863;0.000332943;0.0245671
8.52881e-09;3.23481e-09;0.999998;2.36558e-08;1.07205e-08;1.16068e-08;4.21963e-07;2.68222e-08;1.29425e-07;1.74846e-08;1.22063e-07;1.21062e-06;1.85314e-11;4.16523e-11
2.49104e-05;0.959956;4.16397e-08;3.63548e-06;1.38146e-06;1.65381e-07;6.8542e-06;0.0110502;4.13401e-05;5.90059e-07;7.91837e-05;0.0282908;0.000539921;5.31674e-06
7.24687e-08;0.999707;6.10187e-10;2.43297e-08;1.13684e-07;1.38915e-08;4.41503e-05;1.20526e-05;2.3725e-10;1.02546e-05;3.44018e-08;6.29251e-08;6.45954e-05;0.000162159
1.38377e-10;9.3316e-10;0.999991;7.76166e-11;2.36871e-08;1.70352e-09;1.33231e-10;1.05087e-09;5.05972e-13;3.70213e-11;1.66704e-11;9.21192e-06;3.06824e-11;3.26952e-11
4.82996e-07;0.0255326;5.94298e-08;4.93422e-06;2.08219e-06;0.000174566;0.000256645;0.000275234;2.02676e-05;6.14061e-06;4.27787e-05;1.35266e-07;0.973664;2.03069e-05
4.57464e-07;0.000356828;0.99851;1.93926e-05;1.28377e-07;6.38188e-07;0.000414622;4.14509e-08;5.87395e-08;0.000202754;2.66508e-06;0.000491524;7.38128e-07;6.03312e-07
1.12135e-07;1.3926e-07;0.999949;4.88599e-07;2.13851e-08;1.38223e-08;3.30566e-05;5.99283e-09;7.06508e-07;8.21796e-08;1.58277e-05;7.55546e-07;1.5602e-09;3.03294e-09
1.63469e-06;0.00131761;9.90802e-10;4.96474e-09;1.45893e-06;7.22828e-09;1.08042e-08;0.998484;4.38538e-07;7.70533e-09;1.81752e-07;2.60113e-06;0.00019161;6.70984e-07
1.70196e-06;0.977952;0.000189225;3.26504e-06;5.30906e-05;2.21522e-05;0.000232383;0.0135449;3.19322e-06;0.000137213;7.82149e-06;0.000362991;0.000572028;0.00691825
1.99455e-10;4.37772e-09;1;1.13337e-09;5.78506e-11;7.74129e-12;1.25795e-09;3.48677e-08;3.06152e-10;1.02072e-10;2.07019e-09;1.04409e-07;1.90884e-10;6.58691e-13
8.54037e-07;0.000489192;5.27357e-05;2.19285e-06;7.016e-06;1.50142e-07;1.97033e-08;0.00148851;1.43026e-05;6.23915e-08;7.07963e-06;0.997611;3.4083e-06;0.000323253
5.37485e-06;0.0759465;1.59695e-08;9.88438e-08;7.57673e-06;0.000285372;2.17936e-08;0.00303173;3.63293e-07;8.81044e-08;7.47923e-07;1.29035e-05;0.920624;8.56426e-05
6.4668e-06;0.000768812;1.8336e-05;6.11551e-07;0.000569015;1.27448e-06;1.14036e-08;0.00172309;9.18221e-08;1.89504e-08;3.77184e-08;0.996706;6.06286e-05;0.000145728
1.56038e-05;0.00578773;2.96107e-09;8.94941e-06;0.00239977;2.9188e-07;1.00113e-09;0.991584;1.05833e-05;5.41988e-08;1.03217e-08;2.18573e-05;2.0103e-05;0.000150972
4.46534e-07;0.000127062;9.86963e-10;4.15511e-08;5.16643e-05;6.0942e-07;2.88793e-08;0.999148;2.11362e-08;3.45863e-07;1.90181e-09;7.25616e-08;0.000668602;2.82443e-06
9.09802e-05;0.0159106;0.92593;0.000517218;0.000995876;0.00103535;2.05987e-07;0.00165947;3.18901e-06;8.77928e-06;1.27349e-05;0.0536368;9.19899e-05;0.000106852
9.2781e-05;0.851609;3.43308e-05;0.000450372;1.63088e-05;6.37485e-05;0.0150724;0.0410271;0.0378892;1.59138e-05;0.051344;0.000722305;0.00096284;0.000700172
