4.72276e-06;0.992782;0.00669024;2.45394e-05;4.33898e-06;6.94793e-06;1.6138e-06;0.000152436;3.1346e-08;2.65673e-06;7.32084e-08;0.00018213;8.60444e-05;6.26504e-05
1.9483e-05;0.0878327;2.13632e-10;1.01161e-05;0.000284534;2.40156e-05;2.04598e-06;0.00431777;8.57721e-06;1.16279e-06;0.000123345;0.000673397;0.906449;0.000253585
4.08524e-06;0.000404841;2.25913e-06;1.716e-06;2.50112e-05;7.36369e-06;2.53927e-08;0.00017722;6.41903e-07;3.31328e-07;1.85857e-06;0.999153;0.000204694;1.70904e-05
1.80199e-06;0.991011;1.81072e-08;1.97254e-07;2.82187e-08;1.02722e-05;1.6785e-06;4.52356e-07;4.25501e-08;1.38596e-07;1.69382e-07;0.000177132;0.0087954;1.83733e-06
1.98615e-05;0.0026278;8.15899e-07;7.511e-06;0.000103146;0.000152108;2.272e-07;0.0013121;3.06593e-06;3.61598e-07;3.14522e-06;0.992565;0.00306144;0.000143719
0.000438467;0.898612;7.97495e-07;0.000296017;0.00105581;0.000778423;0.000131755;0.0773233;0.000104378;3.5782e-05;0.000104128;0.000859676;0.0197055;0.000553651
0.000101336;0.00162971;4.60623e-07;1.12521e-06;4.13827e-06;2.83266e-05;1.48336e-05;0.00433203;1.25077e-06;5.45453e-07;2.76919e-05;0.839545;0.154065;0.000248629
8.30721e-06;0.953865;1.56351e-07;2.3564e-05;6.56396e-06;6.44587e-06;0.0149106;0.000265924;2.66501e-05;0.00139626;3.98964e-06;1.33543e-06;0.000128052;0.0293574
1.66948e-10;4.60422e-11;1;1.46029e-09;2.39597e-11;4.43294e-11;5.66148e-09;1.0208e-10;1.74867e-10;1.47678e-10;2.70532e-09;4.50908e-08;6.00325e-13;1.8418e-12
4.32614e-06;0.0040977;7.05227e-09;3.71908e-08;4.61367e-07;1.40294e-08;2.79686e-07;0.995436;2.83925e-06;2.57645e-08;2.66299e-06;1.78705e-05;0.000437831;4.35886e-07
1.97078e-05;0.816387;0.000303238;0.000112087;0.000383517;0.000507001;0.000493108;0.151401;0.000346559;0.000515226;0.000775236;0.00696459;0.0154147;0.00637695
4.92645e-09;3.43845e-08;0.999999;5.18357e-09;3.3836e-10;3.21419e-10;1.94345e-08;4.25277e-07;8.45081e-09;4.07886e-09;2.10219e-08;2.58289e-07;3.50227e-09;3.84229e-11
1.21237e-06;0.00111179;0.00158472;6.3087e-07;4.1713e-06;4.22061e-08;3.98349e-08;4.45775e-05;7.24294e-07;6.60539e-08;3.61444e-07;0.996658;1.64729e-06;0.000591698
6.59399e-06;0.107547;1.36044e-06;9.01201e-08;0.00158693;0.000219636;1.32051e-07;0.556683;9.02571e-07;4.59931e-07;7.33857e-08;2.08187e-06;0.333273;0.000678406
7.65435e-06;0.0295721;4.05485e-07;2.08016e-06;0.000260609;0.000796318;5.67923e-07;2.34839e-05;3.71068e-06;6.01294e-06;1.19886e-06;0.0295956;0.939286;0.000444032
8.89577e-05;0.00190554;0.991131;3.97671e-06;0.000185532;1.16128e-06;5.93694e-08;0.00660248;1.20785e-06;9.69903e-08;9.50893e-09;7.51842e-05;1.73515e-06;2.9098e-06
1.63442e-07;0.0313253;3.2202e-09;9.61821e-07;6.70771e-06;1.10025e-06;2.62431e-08;0.968057;2.1336e-06;1.85128e-08;5.37791e-08;2.6759e-06;0.000601168;2.17744e-06
3.93911e-06;0.00394646;1.2716e-08;1.96032e-07;0.000155797;3.34512e-06;4.45562e-09;0.994918;9.95951e-09;2.19893e-07;1.50823e-08;8.52467e-07;0.000872179;9.94841e-05
8.60257e-08;0.00283055;2.84082e-05;1.18444e-06;1.16492e-05;1.38159e-06;6.47127e-08;7.95652e-06;5.64689e-08;2.84822e-07;5.36623e-07;0.996918;3.24947e-05;0.000167346
1.56641e-05;0.954778;5.41296e-05;1.40982e-05;0.00204363;2.56375e-05;2.85853e-06;0.0233052;4.46067e-05;1.79706e-06;2.38829e-05;0.00246916;0.017187;3.38394e-05
0.00790309;0.0553442;0.000545383;9.55683e-07;4.46909e-05;1.62381e-07;3.21235e-05;0.0202832;0.00111801;6.51066e-06;0.000112833;0.893392;0.0212164;1.29285e-07
0.00330401;0.00207548;4.71168e-05;8.4541e-06;0.00243241;0.000102434;8.53746e-06;0.915514;0.0112177;5.61505e-06;1.69989e-05;0.0355146;0.0297454;7.22533e-06
1.93617e-05;0.0335376;1.21572e-09;6.32218e-06;1.31673e-05;0.000121851;6.63321e-07;0.00795576;0.00210032;1.5877e-06;2.37283e-05;2.16572e-06;0.956205;1.29256e-05
6.1463e-05;0.0243246;0.971889;0.000108124;0.000495844;6.74299e-07;3.21095e-06;7.41205e-05;2.8528e-06;6.32439e-05;2.32898e-06;0.00270085;2.15301e-05;0.000252095
0.000278631;0.0633225;4.37974e-07;0.000269545;2.08533e-05;2.97913e-05;0.000820642;0.00405045;0.913182;0.00012481;0.00975538;3.23801e-05;0.00810673;5.89203e-06
0.0028523;0.543875;0.115237;0.019005;0.00213863;0.000946078;6.63376e-05;0.00304925;0.000971753;0.000691854;5.40873e-05;0.304412;0.000256778;0.00644356
0.000411184;0.942501;2.07898e-08;0.000564923;4.37002e-05;1.43273e-05;0.000422764;0.00032974;0.0290062;5.58633e-05;0.0117709;0.00780253;0.00684807;0.000229097
1.96603e-05;0.985914;5.82888e-11;6.63658e-06;4.85851e-06;1.33554e-07;0.000351554;0.000119057;0.000164722;0.000459229;6.0545e-06;1.74349e-07;1.28656e-07;0.0129534
9.58006e-07;1.34827e-05;0.999955;4.7434e-07;2.50798e-08;1.06167e-08;6.49503e-06;6.45395e-06;1.94977e-06;4.21118e-08;9.38189e-06;4.88555e-06;7.30014e-07;1.12374e-09
4.94287e-05;0.0479403;2.3436e-07;1.48765e-06;0.00319226;1.1819e-05;4.21537e-07;0.942084;0.000138418;1.16816e-07;8.57168e-05;0.00112528;0.00533487;3.59496e-05
4.93731e-05;0.941573;1.82609e-07;5.89524e-05;0.00179945;0.000158627;3.18158e-06;0.00512023;0.000178934;3.18675e-05;0.00023797;0.0312344;0.0187453;0.000808239
0.00112421;0.0141727;4.20186e-06;6.6599e-05;0.922511;0.00319561;3.09757e-06;0.0316069;0.000716855;9.17352e-05;2.98049e-05;0.01278;0.000463968;0.0132336
0.00103105;0.976129;1.2281e-08;2.36891e-06;2.21404e-05;2.41679e-07;3.52356e-06;0.0088427;0.00143501;8.31338e-07;0.000161565;0.000400437;0.0119665;4.96691e-06
0.000225619;0.10811;3.73984e-06;3.59318e-05;0.00486324;5.20993e-05;1.11426e-05;0.843761;0.00141923;2.80618e-05;6.36678e-06;0.0367133;0.000269389;0.00450022
0.000431718;0.195838;0.000154012;0.000185079;0.00296979;0.00167386;3.72747e-05;0.012469;0.00036457;1.12833e-05;3.07015e-05;0.187782;0.593106;0.00494702
0.000144796;0.0148242;1.93942e-06;0.000301919;0.0015088;0.000349952;7.35486e-06;0.00890089;0.0164704;1.21509e-05;0.00261169;0.00170276;0.950956;0.00220703
0.000197825;0.0450502;0.953443;8.23059e-05;0.00030271;5.57579e-07;3.61538e-07;0.000194765;1.51492e-05;3.04963e-06;3.2493e-06;0.000641283;4.45713e-05;2.07759e-05
0.000117901;0.0182128;9.13361e-08;4.91129e-06;0.00029091;1.22714e-06;3.06985e-07;0.911587;0.0643499;7.40104e-07;0.000494876;0.000291012;0.00463163;1.63328e-05
0.000240716;0.0197616;1.02548e-07;7.05405e-07;3.05649e-05;2.18036e-08;1.273e-07;0.910852;0.000338091;3.13404e-07;0.000452429;0.0659895;0.00233353;8.76595e-08
2.52899e-05;0.994566;8.29827e-09;3.58314e-07;6.91187e-07;6.19479e-08;0.00457337;8.12737e-05;1.09451e-05;0.000111072;1.07833e-06;3.95732e-07;9.99121e-06;0.000619374
6.14407e-08;3.80539e-07;0.999998;4.23509e-10;1.13698e-09;1.05243e-11;6.49525e-08;2.186e-07;7.19424e-09;7.25558e-10;2.69254e-09;1.47538e-06;3.46558e-10;8.23628e-12
5.49861e-05;0.104969;1.36504e-07;6.16584e-06;0.000321118;0.000142212;7.21797e-06;0.881252;0.00216473;1.63685e-06;1.64697e-05;0.00104396;0.00907008;0.000949839
8.94675e-05;0.0013069;3.45416e-07;2.86318e-05;5.13976e-05;3.51445e-06;7.70678e-07;0.980136;0.00191723;5.50339e-07;7.83443e-05;0.000222438;0.0161575;6.83733e-06
0.000176981;0.922479;4.1135e-07;0.000726215;5.31737e-05;1.86076e-05;4.39995e-05;0.000769021;0.000367759;6.67041e-05;0.000450709;0.00156658;0.0720456;0.0012351
1.57259e-05;0.155848;5.76371e-08;1.59926e-05;0.00135715;8.75227e-06;1.3166e-05;0.84223;2.13276e-06;3.79326e-05;1.83369e-06;0.00012216;3.60107e-05;0.000311241
3.64695e-06;4.04437e-05;0.994563;6.34451e-05;3.7426e-05;8.388e-05;8.71584e-07;1.48813e-06;1.70196e-07;3.50792e-05;1.58304e-05;0.00514708;4.22224e-06;3.67637e-06
5.0585e-08;0.000270754;1.43698e-11;5.35206e-08;2.20584e-11;3.67349e-09;0.999492;9.1072e-10;6.82375e-06;0.000121943;0.000107947;1.24193e-11;1.42876e-07;2.46197e-08
9.55075e-08;1.04906e-08;0.999933;2.14383e-07;1.73394e-09;9.1343e-08;4.59944e-05;5.96963e-09;4.01658e-06;4.49129e-07;1.56281e-05;8.06434e-08;1.89205e-11;1.00407e-11
0.000592236;0.983217;1.08432e-06;5.9926e-05;2.67132e-05;3.61756e-05;4.1285e-05;0.00322422;0.00515289;8.7455e-06;0.00047269;0.00643619;0.000693841;3.73443e-05
1.23888e-05;0.00205061;5.47385e-09;9.3749e-08;0.000314486;2.33966e-07;1.9899e-08;0.997588;1.05928e-06;5.81693e-07;1.31684e-08;3.27014e-06;1.10178e-05;1.8202e-05
1.16224e-06;2.36359e-06;0.997057;1.29292e-06;6.0525e-06;8.18712e-07;1.11717e-08;4.87171e-07;7.50824e-08;2.05433e-06;6.64719e-08;0.00292682;8.63906e-08;1.84372e-06
4.61823e-08;6.58882e-06;6.21072e-10;1.03795e-08;6.93312e-12;1.3123e-09;0.999774;3.46298e-10;1.26684e-05;0.000179237;2.76678e-05;2.85899e-13;2.8365e-08;2.39849e-08
7.40036e-10;2.23268e-12;1;1.67505e-10;3.53147e-11;2.14185e-11;7.67955e-08;3.13167e-10;9.9455e-08;1.82531e-09;4.46863e-08;3.11356e-10;3.04935e-15;2.62589e-14
