0.00175072;0.231018;0.00297748;0.000872242;0.00871761;0.000464231;0.00126453;0.231767;0.00123877;2.73243e-05;0.00229834;0.263659;0.250912;0.00303187
1.81255e-05;0.753272;6.24641e-07;0.000129438;5.30945e-05;0.000890647;1.84419e-06;0.170645;1.61133e-05;1.92807e-05;2.65134e-05;0.0477771;0.00314495;0.0240055
0.00040232;0.764853;7.69805e-08;0.000830467;0.00221956;0.00735116;0.00013789;0.0137597;0.00016675;1.93503e-05;0.00415927;0.00261575;0.198609;0.00487605
0.000928233;0.0650394;2.77345e-05;6.03191e-07;0.000274278;3.67819e-06;2.29989e-07;0.662913;7.98596e-07;1.01241e-07;9.71349e-07;0.226888;0.0438313;9.11917e-05
1.02262e-05;0.0341211;3.61769e-05;5.45923e-05;0.000291164;0.000351906;1.92118e-06;0.00208785;9.66325e-05;2.5653e-06;3.33511e-05;0.939393;0.00121266;0.0223074
7.50453e-07;0.996931;5.15221e-08;9.41298e-08;1.90132e-08;2.30558e-07;1.48685e-06;6.53311e-07;6.56049e-09;1.23593e-07;1.37276e-07;8.46082e-05;0.00297697;3.36174e-06
1.36014e-06;0.00394168;6.42942e-07;1.36689e-06;0.00014618;4.04307e-05;9.35622e-08;0.000405952;1.59606e-05;1.09234e-07;2.11597e-05;0.99507;0.00011737;0.00023745
8.18536e-08;0.99996;9.67221e-11;1.35479e-09;2.39074e-08;5.33662e-09;8.93202e-06;2.85572e-07;1.46548e-09;3.52513e-07;9.09711e-11;3.89118e-10;3.44724e-07;3.01315e-05
3.01138e-10;9.26245e-11;0.999989;3.43463e-12;1.46359e-09;3.56998e-12;4.76998e-11;6.83768e-09;6.18175e-12;4.04392e-12;1.88026e-12;1.12643e-05;1.28722e-12;2.70215e-12
5.88826e-05;0.565809;4.13814e-05;1.94898e-05;2.6324e-05;0.000162774;0.0526596;0.327027;0.00229769;0.000374847;9.11981e-05;6.00635e-08;0.051308;0.000123562
4.05794e-09;1.49993e-08;1;5.86447e-09;2.61334e-10;1.71369e-10;1.8619e-08;1.44646e-07;9.62019e-09;1.48371e-09;6.21659e-09;1.05212e-07;1.4083e-09;4.46481e-12
2.60566e-06;0.000209365;0.00236726;5.01551e-06;3.5448e-06;5.54457e-07;1.40613e-07;0.00140685;1.12817e-05;2.60609e-07;2.09271e-06;0.995307;1.09679e-05;0.000672934
3.78516e-05;0.878157;3.86631e-06;7.6962e-06;0.00495037;5.37758e-05;1.02247e-05;0.108164;3.16022e-05;5.04171e-06;4.49899e-05;4.52865e-05;0.00104664;0.00744147
5.03061e-05;0.0102545;0.00810403;0.000178529;0.397381;0.00437729;6.85491e-07;0.00782907;3.45176e-07;1.31437e-05;6.11211e-06;0.560456;0.00163753;0.00971104
0.000601596;0.272586;1.95088e-05;1.97752e-07;0.00117711;3.73361e-05;1.14363e-06;0.689422;9.95466e-06;2.1627e-08;1.36744e-07;0.000422126;0.0357057;1.71385e-05
1.47534e-05;0.12561;2.5344e-07;4.10822e-05;0.000346835;0.000243114;1.24256e-07;0.146493;3.61516e-05;2.71152e-06;2.35775e-06;0.00116988;0.722486;0.00355399
0.000510891;0.924305;0.040925;0.00350612;0.000213272;9.22421e-06;8.19992e-07;0.00266323;7.39232e-06;8.59834e-05;1.11951e-05;0.0229667;0.0042713;0.000523729
0.00208394;0.0629072;2.18073e-06;1.42264e-05;0.00243889;8.72073e-06;4.07018e-05;0.927357;0.00425152;3.53812e-05;0.000205812;0.000524121;4.12905e-05;8.88717e-05
0.000670903;0.0594743;0.623193;0.00013306;0.00688432;0.026837;8.06031e-07;0.00262972;9.42039e-06;0.000236366;9.09791e-06;0.270504;0.00787652;0.00154113
0.000172906;0.992317;6.84469e-08;2.31434e-07;5.42334e-07;5.9147e-07;0.00668529;0.00036181;5.53907e-05;0.00017711;1.03005e-05;1.3844e-06;1.79634e-05;0.000199576
7.98418e-08;1.75631e-07;0.999997;3.06208e-08;1.12468e-08;4.56168e-08;1.04586e-06;1.0672e-07;1.01954e-06;6.28245e-08;9.75284e-08;5.12121e-07;2.08386e-10;2.02542e-09
2.06491e-06;8.72033e-06;4.29345e-08;5.70325e-08;5.96475e-08;1.74011e-09;5.5721e-08;0.999351;0.00062929;5.61991e-09;5.3591e-06;2.65109e-06;4.51532e-07;1.86003e-09
9.92634e-07;0.992776;5.61648e-09;3.0236e-06;0.000114525;3.89445e-07;5.73291e-07;0.000616697;1.62599e-06;1.2284e-05;2.73948e-06;0.000119573;5.29989e-07;0.00635147
2.24812e-06;0.000907534;0.000391265;0.000151622;0.000182791;0.00208652;4.40349e-07;7.58554e-07;3.93116e-07;5.03575e-06;8.3885e-05;0.994229;7.30597e-05;0.00188564
4.0385e-05;0.986942;4.00226e-10;1.48141e-06;2.44394e-05;7.23072e-06;1.19741e-06;0.000574908;5.96863e-07;4.89228e-08;0.000219496;0.000569892;0.0115595;5.91534e-05
2.42929e-05;0.984503;5.54708e-06;6.46881e-07;2.52538e-07;6.85741e-07;0.00183086;7.24009e-06;1.99273e-08;0.000103959;1.28068e-07;0.000270265;0.000233238;0.0130197
3.66799e-10;9.11344e-10;0.999999;3.30285e-10;7.39989e-10;5.43489e-10;1.65132e-08;6.06013e-09;1.53482e-10;3.76494e-10;5.16523e-10;9.69681e-07;6.40173e-12;4.67427e-12
7.15704e-06;0.0736653;8.23551e-08;2.26527e-06;1.4957e-06;4.73046e-07;0.000100416;0.0170291;3.65154e-06;2.12154e-07;5.05171e-05;9.42423e-05;0.909035;1.0215e-05
7.90995e-07;0.0124101;1.08181e-06;5.52523e-05;0.000200958;2.2323e-06;2.22137e-07;0.000862936;3.25695e-05;5.97453e-08;4.38704e-05;0.982069;0.000138403;0.00418224
7.04911e-06;0.95827;2.31361e-07;0.000199584;4.8808e-06;7.47781e-07;9.38234e-06;0.000629659;1.55449e-05;1.04593e-06;8.16389e-05;0.0243559;0.0163507;7.41358e-05
4.18748e-05;0.945548;3.10388e-08;1.17744e-05;4.42069e-05;3.21588e-05;2.12246e-06;0.00579723;1.83079e-06;3.62832e-07;3.50507e-06;0.0227312;0.0243;0.00148563
1.56214e-05;0.0181917;0.00294233;2.40641e-06;3.47446e-06;1.31504e-07;2.46588e-07;0.109282;1.28151e-06;9.09712e-09;1.40464e-06;0.868857;0.000701363;8.06588e-07
1.61729e-05;0.507954;8.05276e-08;0.000610626;0.0582468;0.0106455;3.22717e-08;0.0696489;2.47193e-05;9.7383e-07;4.50313e-06;0.00348725;0.0274344;0.321926
8.44929e-05;0.080207;9.45038e-07;2.71602e-06;2.18014e-05;0.000366021;5.48021e-08;0.0127465;1.57194e-06;5.60959e-07;6.98068e-07;0.00511435;0.889745;0.0117079
1.59017e-06;0.999771;1.90764e-07;8.36141e-08;1.51205e-08;1.0937e-07;3.21225e-05;6.45084e-06;2.91304e-08;4.29937e-06;2.77209e-07;4.21491e-06;0.000143745;3.5897e-05
7.18807e-09;1.79732e-08;0.999998;5.10837e-09;9.05182e-09;1.21999e-08;7.16666e-08;2.15719e-08;3.61127e-09;9.92785e-09;5.76219e-09;1.81754e-06;4.077e-11;4.92075e-10
9.49015e-07;0.995654;6.51038e-08;1.06298e-07;1.62855e-08;3.4301e-08;5.75369e-06;2.3749e-06;1.67656e-07;6.58876e-08;1.31719e-06;1.45765e-05;0.00431987;9.30371e-07
1.3329e-07;0.00375016;8.26268e-07;2.51213e-06;3.7489e-06;3.66871e-07;2.28845e-07;0.000720242;9.25396e-07;5.3296e-08;4.50869e-06;0.995343;2.32387e-05;0.000150141
1.75835e-05;0.951205;4.17936e-06;0.000864955;3.90197e-05;0.000451691;0.00151063;0.00502539;0.000358124;2.64232e-05;0.00293283;0.00171617;0.0358127;3.52054e-05
3.79912e-05;0.957844;7.15638e-05;4.53994e-05;9.62629e-07;1.13532e-05;7.38321e-07;0.000954413;2.22543e-07;1.947e-07;1.33545e-06;0.0352408;0.00533027;0.000460913
1.0214e-07;0.00116382;9.2774e-10;2.48317e-07;5.64454e-07;3.63725e-06;1.99091e-05;5.44707e-06;4.43587e-09;7.33376e-06;3.11504e-09;2.91599e-09;2.29807e-09;0.998799
1.86445e-10;3.595e-10;0.999998;1.36569e-09;3.06298e-09;2.40888e-09;3.51687e-10;5.50457e-10;2.67571e-12;1.1539e-10;1.22256e-10;1.77021e-06;6.72647e-13;1.42259e-10
7.6259e-06;0.992318;9.80352e-10;4.00413e-05;3.25138e-06;1.57837e-05;6.63101e-05;0.000409592;2.61227e-05;5.50484e-06;0.000109943;1.96935e-06;0.00699025;5.64086e-06
4.65719e-06;0.000134037;0.000627842;2.15444e-05;5.89742e-05;3.13618e-06;1.24964e-08;1.18242e-05;1.3018e-07;1.91719e-07;2.29127e-06;0.998905;9.05542e-05;0.000140016
0.00219438;0.145269;2.19489e-06;0.000658866;6.06667e-05;3.42842e-05;0.00198786;0.190804;0.332237;7.19309e-05;0.298993;0.00380262;0.0233828;0.000501714
5.37628e-05;0.964303;1.54222e-09;0.000123469;3.15269e-05;8.05506e-06;1.63434e-05;0.00132061;0.00074468;2.96779e-05;0.0046986;0.00115406;0.0270646;0.000451166
0.00304193;0.00809254;8.96814e-06;1.25615e-06;0.000404419;1.98151e-06;2.99659e-07;0.963512;5.37397e-05;1.47638e-06;1.00268e-05;0.0207023;0.00397926;0.000189906
1.29701e-05;0.00415994;3.36952e-05;0.000223585;0.000301369;0.000215518;4.02413e-06;0.000559478;0.00151432;3.78447e-06;0.000544002;0.980924;0.000893705;0.0106098
1.29948e-05;0.994277;1.47635e-06;5.51659e-05;1.01127e-05;1.37159e-05;3.37863e-06;0.00082468;1.50086e-05;4.39197e-05;2.75307e-05;0.000780718;0.00387125;6.28892e-05
2.92981e-05;0.00815349;9.74887e-07;1.32113e-06;1.56261e-05;2.88592e-06;3.53085e-07;0.000123882;2.73842e-05;1.59563e-07;8.7125e-06;0.991315;0.000314922;5.95359e-06
0.00332895;0.0618329;4.43282e-09;0.000167377;0.000885497;0.00231584;2.27515e-05;0.417309;0.0173685;2.97054e-05;0.0014794;0.0061381;0.488603;0.000519446
0.0007341;0.925209;1.07421e-06;8.68935e-07;2.11434e-06;5.32191e-07;6.60515e-07;0.0733115;5.34699e-06;8.1748e-07;2.24396e-07;8.08279e-05;0.000596486;5.68185e-05
0.000153274;0.884112;6.12855e-07;5.12408e-05;8.66286e-07;3.63902e-05;0.101602;0.000421299;0.00756631;0.00517245;3.42399e-05;9.17854e-07;0.000317157;0.00053044
6.16137e-10;2.38929e-11;0.999999;2.36567e-09;8.21534e-09;4.3681e-10;8.9223e-09;2.36912e-08;4.5887e-10;1.4134e-09;1.25204e-09;1.18099e-06;6.77779e-13;6.1448e-12
1.62661e-05;0.936914;5.07604e-09;2.94276e-06;1.52016e-05;4.86119e-07;0.0386534;0.0209664;1.55674e-05;0.000432613;4.00804e-05;1.50117e-08;1.96339e-05;0.00292345
4.83991e-11;2.73036e-11;1;1.27661e-10;5.02269e-11;4.82618e-12;1.47507e-09;1.2015e-10;8.17061e-11;8.38343e-11;1.09439e-09;1.90589e-07;3.49359e-13;1.0532e-12
9.89315e-05;0.0166284;1.70219e-05;0.000264428;0.000883629;0.000278149;2.30497e-05;0.701275;0.0189773;2.13321e-05;0.0320187;0.225058;0.0011707;0.00328468
7.41077e-05;0.156593;1.57834e-06;5.74698e-05;0.00458024;0.000603703;7.54657e-06;0.650535;0.000857026;7.87716e-06;0.00545775;0.0180066;0.148725;0.014493
0.000471561;0.396471;2.05292e-06;0.00353959;0.000241914;9.69166e-05;0.000544801;0.0179929;0.0106623;0.000299123;0.0932498;0.446008;0.0291497;0.0012707
6.49183e-06;2.20131e-06;1.35832e-10;8.354e-10;5.86089e-07;4.00835e-10;5.74955e-09;0.999989;9.80755e-07;5.87584e-10;6.79737e-08;1.0681e-07;1.00933e-06;3.24577e-09
1.68274e-05;0.0200307;6.23517e-05;7.17758e-06;0.0206131;0.00181051;4.18624e-06;0.00421749;1.72148e-06;4.42282e-05;4.40185e-07;0.000215545;0.000198236;0.952778
2.63591e-08;7.71235e-09;1;4.94844e-09;1.56749e-09;9.07922e-11;6.49092e-09;1.01454e-07;6.17563e-08;1.51334e-10;2.84505e-08;3.12074e-08;8.65295e-09;3.32844e-11
6.43355e-07;0.00128738;0.000799444;2.30178e-06;5.37009e-07;1.06883e-07;1.40971e-08;5.24487e-05;2.49905e-05;1.80232e-08;8.90035e-06;0.997773;6.33355e-06;4.40965e-05
6.6548e-07;0.997441;1.22259e-08;2.75377e-07;4.49534e-08;3.85041e-08;0.00170839;0.000751632;6.05575e-07;2.98846e-05;1.08468e-05;1.40182e-08;4.62498e-05;1.0167e-05
2.81917e-12;3.61584e-11;0.999999;1.69909e-10;4.81337e-10;3.86617e-12;8.28981e-12;6.81821e-10;2.22355e-12;7.42665e-12;1.11212e-10;5.71222e-07;1.20389e-14;3.57025e-10
4.9296e-06;0.315553;6.05727e-07;3.61652e-05;0.000221207;2.62044e-06;6.49335e-07;0.677241;5.54835e-05;1.26624e-06;0.000200765;0.00276852;0.000911993;0.00300109
9.60908e-10;0.980039;2.59471e-10;1.50235e-08;2.60407e-08;1.76038e-09;6.18387e-07;3.83526e-06;1.63538e-10;3.03971e-07;2.29448e-09;2.87555e-08;7.79569e-08;0.0199561
0.00026699;0.465159;0.000120209;0.000670058;3.72458e-06;1.53121e-05;0.419192;0.00634555;0.00494627;2.26857e-05;0.0582073;2.62218e-05;0.0449941;3.13755e-05
5.3719e-06;0.0135672;1.12083e-07;1.08173e-05;3.2753e-06;1.91388e-08;1.514e-07;0.986404;3.09959e-06;3.67527e-08;2.71919e-07;1.48254e-06;4.02432e-06;2.66676e-07
9.28126e-07;8.04249e-06;1.1883e-06;1.20617e-05;2.4935e-06;4.644e-07;1.52267e-10;5.58661e-06;1.24405e-06;5.93452e-09;5.94369e-07;0.999377;2.19022e-07;0.000589926
0.00379671;0.00110227;6.13397e-07;6.59397e-06;0.000116311;4.4251e-05;7.42084e-07;0.000520669;0.00178814;4.67732e-08;0.000186445;0.000435309;0.991562;0.000440376
0.000253428;0.0726365;2.24146e-06;7.42569e-06;0.0232735;1.40951e-06;2.17993e-07;0.00884826;2.70547e-06;6.02066e-07;3.21381e-08;0.0123442;0.000175926;0.882454
4.52612e-08;1.24175e-05;8.53281e-09;1.70034e-09;8.18833e-05;3.64463e-08;8.09509e-11;0.999903;1.49861e-08;5.0327e-09;1.90493e-11;2.60125e-08;2.58766e-06;1.72876e-07
3.96772e-09;7.4142e-07;0.99999;5.42609e-08;3.22431e-06;3.71625e-06;5.02281e-13;2.42237e-08;7.27648e-12;9.02607e-10;8.87338e-11;1.48553e-07;5.33319e-09;2.13665e-06
2.66849e-06;0.988544;5.94907e-06;1.55853e-05;5.9866e-06;1.74071e-05;7.49416e-05;0.00571846;5.01221e-05;3.90464e-07;0.000867527;5.27958e-05;0.00447634;0.000168194
