4.54003e-06;0.99914;3.79832e-09;1.10962e-06;3.94203e-06;5.1179e-08;1.13447e-06;0.000691779;4.65434e-06;6.47667e-07;1.18677e-06;4.89813e-05;9.76757e-05;4.2288e-06
8.03537e-05;0.990062;2.18867e-06;5.88906e-06;6.31339e-05;1.91128e-06;1.43389e-06;0.000141596;1.73639e-05;6.10993e-07;1.58568e-05;0.00810829;0.00100155;0.00049829
5.653e-05;0.997079;8.60535e-06;9.05389e-07;3.38444e-06;3.62608e-07;0.000166834;7.98544e-05;1.9134e-06;3.05099e-06;2.70538e-05;0.00159398;0.00014829;0.000830431
4.15363e-08;0.00505853;8.96686e-07;3.09001e-08;1.62691e-08;3.97737e-09;9.30853e-09;1.02784e-07;4.7801e-09;5.64993e-09;5.73258e-09;0.994895;2.27848e-06;4.2944e-05
5.16575e-09;0.999626;2.31702e-11;6.08473e-10;3.05233e-10;1.8525e-09;1.39557e-05;1.67721e-05;8.71235e-10;2.20699e-07;3.83535e-10;7.12062e-10;1.77435e-06;0.00034077
8.79294e-12;1.79934e-11;1;1.91257e-11;7.98975e-11;1.19603e-09;2.53635e-11;2.70187e-11;4.94574e-13;1.74515e-11;2.19669e-12;7.18131e-08;1.58991e-13;2.86349e-11
1.26399e-06;0.000385896;2.84987e-09;6.71516e-08;5.20567e-08;1.59133e-07;8.49328e-09;0.00724246;5.61439e-06;6.28841e-09;2.36931e-06;6.79187e-07;0.992361;1.49288e-08
3.40671e-05;0.00696439;7.47033e-06;1.17631e-05;2.44483e-06;8.12693e-06;7.02233e-07;0.003607;3.14692e-05;1.95402e-06;9.88986e-06;0.240883;0.748386;5.09896e-05
7.39612e-05;0.36189;9.76046e-06;0.000294698;0.00136922;0.000407622;3.00095e-05;0.276173;6.03254e-05;2.32958e-05;0.000435012;0.0942885;0.263879;0.00106566
5.80357e-05;0.299244;2.7753e-06;0.00116552;0.000537895;0.00012199;2.20001e-06;0.216473;1.11664e-05;0.000502673;0.000274093;0.468284;0.0119082;0.00141499
4.14561e-06;0.00176422;2.47449e-08;3.51594e-06;2.39591e-07;2.33224e-07;0.973032;6.59787e-07;1.41181e-05;0.0244985;0.00022182;7.24534e-08;2.64346e-07;0.00045974
3.03678e-09;3.40877e-10;0.999997;4.17387e-09;1.19851e-10;1.39973e-11;2.57738e-06;9.38403e-11;1.57289e-08;3.26273e-08;1.39105e-07;8.53926e-09;5.92785e-14;2.57081e-11
7.66066e-05;0.996193;1.67236e-06;3.21674e-05;2.53664e-06;1.30346e-07;3.28005e-05;0.000939192;0.000719083;4.6017e-07;0.000323546;0.000990466;0.00068804;1.93422e-07
4.9101e-05;0.915806;4.83309e-08;2.17327e-06;8.06915e-06;1.12561e-07;1.42702e-06;0.0790311;5.41005e-05;2.92811e-06;8.54449e-06;7.58949e-05;0.00495097;9.66562e-06
1.74265e-05;0.269162;8.36515e-05;9.84171e-06;0.000834841;1.59575e-05;6.98939e-07;0.000238681;1.86155e-06;7.19298e-06;4.2866e-07;0.535475;2.56687e-05;0.194127
0.000150285;0.0550808;1.4191e-05;0.000151964;0.000740743;7.91398e-05;0.874176;0.0329173;0.00212718;0.00936671;0.000376785;1.94657e-08;0.0197084;0.00511061
1.51339e-10;2.27169e-11;1;8.77867e-11;3.82193e-12;9.31008e-13;1.38953e-09;4.46021e-12;6.62469e-10;1.61494e-11;6.3283e-10;8.66594e-10;9.65852e-14;8.47393e-14
0.000409923;0.0158385;0.890256;4.61157e-05;3.92834e-05;6.43317e-07;4.63958e-06;0.0148104;0.000660856;3.13975e-06;2.2805e-05;0.077724;4.6429e-06;0.000178626
3.98556e-05;0.000546184;5.23846e-05;7.11398e-05;0.00659331;0.000901486;3.10832e-08;9.13618e-05;0.000112705;2.18803e-06;9.01081e-05;0.273763;6.38978e-07;0.717736
9.66637e-05;0.000331904;0.964007;1.62537e-06;3.34782e-05;1.3448e-06;1.47648e-07;2.50012e-05;4.09385e-07;1.47397e-08;1.12048e-06;0.0354033;7.03385e-06;9.0766e-05
4.40808e-06;0.00291138;1.43617e-08;1.1084e-08;0.000277231;7.89834e-09;1.24462e-10;0.996755;3.89297e-08;7.89513e-11;5.75575e-11;7.41783e-07;4.72251e-05;4.39225e-06
8.96643e-09;4.22201e-06;1.47292e-08;3.56416e-09;9.41808e-06;8.79553e-09;1.00186e-10;0.999986;2.38276e-08;1.02655e-08;2.22696e-11;1.07168e-09;2.07567e-07;1.52751e-08
1.54262e-07;3.76767e-05;0.999923;1.5417e-06;2.11502e-05;8.96202e-06;4.75991e-11;2.36441e-07;1.86494e-10;7.3069e-08;2.38417e-09;5.82882e-07;7.90678e-07;6.1574e-06
4.48913e-06;0.993789;1.52891e-06;3.99549e-06;1.8104e-06;2.76912e-06;6.08838e-05;0.00563697;9.05278e-05;2.25631e-07;0.000148904;8.19089e-05;9.50438e-05;8.15403e-05
