3.56968e-06;0.989183;2.07396e-10;5.72894e-07;4.35452e-07;1.35054e-07;8.02318e-07;0.00275812;1.46377e-06;9.63643e-08;7.1671e-06;2.81558e-05;0.00801463;1.50515e-06
0.00130712;0.0625664;1.72926e-05;0.00125366;0.245763;0.000277239;6.35903e-05;0.0522787;0.00110104;1.55274e-05;7.86126e-05;0.0013343;0.00100198;0.632941
0.000492719;0.939138;1.7258e-05;3.46772e-05;0.000777838;1.91112e-07;8.34508e-05;0.0309568;0.00113681;1.66865e-06;0.000147971;0.0253534;0.00171162;0.00014716
0.000241545;0.0341536;2.25625e-06;1.7864e-05;0.000233597;1.31509e-05;8.56772e-06;0.00507003;0.000178907;8.88362e-06;0.00010914;0.950544;0.00938405;3.44733e-05
2.60114e-05;0.814979;1.39024e-07;8.38888e-06;3.61125e-06;3.82654e-05;3.89355e-08;0.00514735;9.29063e-05;1.04023e-07;1.01271e-06;0.0336017;0.146069;3.274e-05
0.000155738;0.128971;3.70274e-06;0.000520349;0.0026464;0.0629231;4.52937e-07;0.00114827;9.73557e-05;2.32082e-05;2.45883e-05;0.003167;0.795336;0.004983
2.15867e-05;0.0220972;0.976155;3.10568e-05;1.60661e-05;2.7417e-06;2.18758e-06;7.43573e-05;2.60751e-07;4.15172e-06;1.60857e-06;0.000376704;0.00113483;8.20339e-05
4.04389e-05;0.402692;1.3083e-07;7.46201e-05;0.000395713;0.0100981;0.0109853;0.012206;0.000476896;0.00134669;0.00198859;3.14512e-07;0.55936;0.000335378
1.33611e-08;2.46214e-08;0.999999;1.43281e-07;1.81588e-09;1.49857e-08;2.10274e-07;8.44243e-09;3.4773e-08;9.8153e-09;1.91396e-07;3.76778e-07;4.74638e-10;3.45303e-11
3.19371e-06;0.00162972;1.95557e-06;2.60713e-05;2.92134e-06;9.47305e-07;1.00357e-07;0.000494883;0.000227569;2.51472e-07;7.01441e-05;0.997497;1.64814e-05;2.91083e-05
2.58742e-05;0.00111574;3.12631e-05;7.71741e-06;2.0975e-05;0.000107057;2.01451e-07;4.46127e-05;1.90792e-05;6.97549e-07;6.69952e-05;0.00506601;0.993461;3.2426e-05
4.7501e-05;0.0151107;6.90728e-06;0.000176457;0.000656097;0.000204294;1.07025e-05;0.00439879;0.00012243;5.07622e-06;0.000170101;0.96403;0.000842689;0.0142186
1.71363e-05;0.797731;1.08691e-05;1.13711e-05;0.00127522;4.17928e-06;1.12595e-07;0.197359;1.88466e-06;3.39148e-07;6.92802e-07;0.000940348;0.00211388;0.000534439
8.06366e-07;2.65489e-05;8.36069e-08;2.20739e-07;0.000361357;1.50606e-07;1.51928e-08;0.999585;7.57026e-07;2.69327e-07;2.74485e-08;1.82351e-07;2.43714e-05;8.24446e-08
3.34372e-07;1.12714e-05;0.999938;2.60846e-07;2.37563e-06;8.17686e-07;1.20076e-11;1.46753e-07;1.94095e-10;1.73396e-08;3.88377e-09;4.46801e-05;1.83786e-07;1.41859e-06
1.12493e-05;0.990169;3.95742e-06;3.38043e-06;2.57984e-06;2.74695e-06;4.15051e-05;0.00891906;0.000385027;1.75059e-07;0.000289666;9.63596e-05;5.63022e-05;1.89109e-05
