1.2752e-05;0.995949;3.50322e-06;8.34214e-06;0.000276846;8.77457e-06;4.84282e-06;0.000792234;9.49548e-06;1.24383e-07;2.14191e-06;0.000185549;0.00230767;0.000438397
3.3568e-05;0.00209835;2.65158e-08;0.000318534;0.00398223;0.000346692;7.03924e-08;0.984854;0.000108019;4.79869e-06;3.56867e-05;0.00397091;0.000809726;0.00343742
1.96216e-05;0.996424;4.15392e-09;5.29619e-06;2.63043e-07;3.19611e-07;1.05043e-05;0.00107623;3.88942e-05;9.27754e-07;0.000382472;9.95515e-05;0.00194001;2.26997e-06
4.73726e-06;0.0005246;3.76081e-10;1.06639e-06;0.000233414;1.35406e-05;6.48998e-09;0.998443;1.85946e-05;5.76261e-08;6.65104e-06;4.38796e-05;0.000551194;0.000158952
4.31542e-06;0.91881;3.3682e-07;4.48627e-06;9.9259e-06;3.70665e-06;0.00446136;2.97304e-05;7.44193e-08;0.0156262;1.16787e-06;7.72629e-07;1.02616e-05;0.0610381
4.82375e-09;1.20572e-10;0.999996;2.4827e-08;4.85548e-08;3.12084e-09;1.76105e-07;5.78452e-10;9.38193e-09;1.83662e-08;2.61405e-07;3.89874e-06;1.13204e-12;3.08469e-09
8.43621e-05;0.991621;1.70336e-07;1.01262e-05;4.58819e-06;1.18951e-07;0.000298688;0.00537577;0.00126857;3.70955e-06;0.000212687;6.05779e-06;0.00111144;2.66336e-06
0.00104626;0.0723081;0.000160273;0.00120382;0.00997757;0.000787227;0.000228767;0.0251487;0.00860987;4.19736e-05;0.00470111;0.538265;0.00607941;0.331442
0.000699074;0.950203;1.12298e-06;1.65644e-05;4.54664e-07;2.53536e-07;0.000350005;0.000684414;0.00286828;4.18174e-06;0.000150361;0.00440223;0.0303672;0.0102527
0.000164082;0.825841;4.85319e-07;5.02807e-06;0.000745254;4.13948e-06;3.78154e-06;0.117381;7.78848e-05;9.22129e-06;1.00042e-05;0.0545282;0.000841928;0.000388536
6.7026e-06;0.13863;0.493965;7.94753e-06;1.23772e-05;7.11921e-06;2.58127e-07;3.31775e-05;9.97374e-08;5.25182e-06;1.85787e-07;0.364949;0.00191967;0.00046302
2.07095e-05;0.487697;1.39572e-08;1.86384e-06;5.85407e-06;0.00125534;0.483317;6.707e-05;3.28228e-05;0.00352477;0.00024536;5.74152e-07;0.000719917;0.0231112
3.10896e-10;2.93836e-10;0.999999;5.03343e-10;1.90274e-09;6.01984e-08;3.65719e-09;2.33249e-09;2.34971e-10;7.31924e-10;7.51524e-10;6.03025e-07;1.52452e-11;1.10366e-11
1.02084e-05;0.986276;1.90247e-09;5.60181e-05;0.000143403;2.66358e-05;2.60349e-05;0.00686667;0.000266718;1.89601e-05;0.0015353;0.00159357;0.00255484;0.000625709
0.000871378;0.980432;2.54636e-05;0.00184705;0.00120244;0.000811254;6.61105e-06;0.00674511;6.00504e-05;2.01908e-05;0.000123454;0.00357786;0.00348447;0.000792345
2.96802e-05;0.987537;3.06071e-07;1.43983e-07;2.5509e-07;4.87455e-07;9.43411e-06;5.06248e-06;4.87293e-08;1.64192e-07;4.38829e-07;0.0114603;0.000928815;2.79888e-05
1.55289e-06;0.127082;1.14043e-05;3.72799e-05;0.00101341;0.00448294;0.000139079;0.0305658;3.92449e-06;0.000195956;5.37175e-06;8.96106e-05;0.00144379;0.834928
3.71003e-09;9.56751e-08;1;3.5202e-08;1.49757e-09;7.02888e-09;2.41822e-08;3.93451e-08;6.26034e-09;1.79872e-09;1.04298e-07;1.79004e-07;3.79587e-08;1.61729e-10
3.17583e-06;0.000723539;0.978798;5.11702e-06;1.21443e-06;7.07751e-07;9.16229e-07;0.0145688;2.90396e-05;2.54437e-07;7.67384e-06;0.00583524;1.24599e-05;1.35953e-05
6.66518e-08;8.96084e-06;0.000122911;7.74895e-08;1.31156e-05;3.67098e-05;7.77687e-10;4.55361e-05;3.11493e-09;2.21031e-08;3.72387e-09;1.78855e-05;1.25373e-08;0.999755
3.55452e-05;0.970213;2.02073e-06;6.15672e-06;1.04312e-05;6.83138e-06;1.20516e-06;0.0264258;1.18605e-06;9.40966e-08;1.18457e-05;0.000621402;0.00265723;7.48674e-06
3.76124e-07;0.97627;4.14846e-09;3.1822e-05;1.95267e-05;1.57107e-07;1.51629e-07;0.023634;2.04558e-07;2.08296e-06;1.24851e-07;2.68027e-06;2.45593e-05;1.40073e-05
1.19073e-05;0.0479637;0.0106792;0.00657456;0.0198266;0.0090241;2.87077e-07;9.34345e-06;1.07141e-07;4.06208e-05;0.000208721;0.768277;0.11513;0.0222541
1.81265e-05;0.98847;1.74558e-07;1.05892e-06;3.12286e-06;5.43651e-06;9.65546e-06;0.00441964;1.68583e-06;3.46009e-07;6.1231e-05;0.00546461;0.00141729;0.00012751
0.000521821;0.11362;0.000141455;0.000661017;0.248079;0.0652988;0.000413248;0.469241;0.00408786;0.000134796;0.00444401;0.00155442;0.0632;0.0286033
0.000553389;0.911594;1.04773e-05;3.77902e-05;2.18664e-05;2.53794e-05;5.14055e-05;0.000282608;0.000415597;3.41268e-06;0.000141277;0.00673057;0.0800001;0.000132095
0.000155827;0.10066;4.21128e-10;1.04397e-05;3.06236e-05;9.08909e-06;0.000472291;0.00109961;3.47634e-05;0.000656667;1.17268e-06;1.14715e-07;8.0315e-06;0.896861
2.61458e-10;3.66837e-12;1;5.96535e-11;1.59586e-10;8.99196e-12;2.99013e-11;1.1928e-10;8.10571e-11;2.29397e-12;1.54917e-10;1.60016e-07;6.58004e-14;7.55048e-14
0.00430018;0.0224559;7.84565e-06;0.000242857;0.000306048;1.12433e-05;1.78746e-05;0.347119;0.470215;1.05194e-05;0.130554;0.0145452;0.0101906;2.387e-05
0.000384329;0.0274564;0.000921466;0.00087056;0.00113518;2.56517e-05;1.29261e-05;0.963195;0.00494295;3.60782e-05;0.000223634;0.000529917;6.13125e-05;0.000204408
0.000245743;0.0137224;0.000157854;0.00325675;0.00010275;0.000164452;1.78515e-06;0.00209193;0.027014;5.81828e-05;0.00347505;0.946503;0.000101579;0.00310417
0.0558593;0.793351;3.56334e-06;0.000196077;9.2189e-05;2.61154e-05;0.000403821;0.0108818;0.0299196;2.48053e-05;0.0262633;0.0430645;0.0397969;0.000117487
6.2314e-07;1.08054e-05;7.38492e-10;5.4246e-10;1.55826e-05;5.89927e-10;1.08309e-10;0.999971;4.58467e-07;8.97052e-10;6.43782e-10;8.01882e-07;3.10755e-07;2.04048e-07
3.5369e-05;0.0211619;0.971428;1.42885e-05;0.000343294;4.14894e-06;1.0091e-07;0.00675757;2.33218e-05;2.1501e-06;6.41272e-07;5.44808e-05;0.000143421;3.15445e-05
0.000247207;0.0140078;0.00014932;9.99307e-06;0.000186108;1.69867e-05;1.18808e-05;0.969076;0.0151692;1.47207e-05;0.000155015;0.00030615;0.000643063;6.17802e-06
