7.30605e-07;0.986943;1.27814e-09;3.63017e-07;5.30267e-06;3.6682e-06;2.61437e-07;0.000581495;1.44945e-06;4.85993e-08;7.91678e-07;3.16616e-05;0.0124072;2.42855e-05
1.26822e-05;0.000512492;9.46361e-05;2.22527e-06;2.11858e-06;8.5845e-06;1.38063e-06;0.000140908;7.03518e-06;3.24741e-07;9.91252e-06;0.999058;0.000127215;2.20059e-05
3.73152e-05;0.128793;1.51395e-06;0.00033244;0.000318608;0.0110714;3.03389e-05;0.00477561;0.00730756;8.76316e-06;0.0024072;0.100338;0.743097;0.00148086
9.72043e-07;0.997093;1.38308e-07;2.76153e-07;1.52404e-08;5.47993e-07;4.01371e-07;2.2895e-06;4.09508e-08;5.95483e-08;1.19285e-07;0.000460467;0.00244124;5.50967e-07
9.94072e-06;0.0123625;0.000389951;2.29567e-06;2.18853e-05;4.94721e-07;1.43603e-07;0.0336174;2.67753e-06;2.87856e-08;2.94283e-06;0.95348;0.00010639;2.93605e-06
1.35761e-05;0.884526;6.61589e-07;0.00212659;0.0176992;0.0021776;1.16494e-07;0.00943605;9.78613e-05;5.57875e-06;3.53093e-05;0.00315436;0.0162543;0.0644733
0.000292848;0.0191321;8.6211e-06;0.000165439;1.13208e-05;0.000203013;4.378e-05;0.000674693;0.00241167;1.27123e-05;0.00355424;0.147327;0.825721;0.000441771
8.67418e-06;0.00261114;1.0802e-09;3.24474e-07;8.30989e-05;1.13352e-06;3.66023e-09;0.996771;5.05349e-06;3.84148e-08;9.02013e-06;0.000117067;0.00035498;3.81655e-05
1.32178e-05;0.986413;4.10049e-08;1.19252e-07;5.29383e-06;2.35503e-07;0.000874385;4.82698e-05;5.54913e-08;0.000565365;4.33905e-08;4.26051e-07;1.14408e-05;0.012068
1.69893e-08;1.64297e-09;0.999996;3.29817e-09;8.22735e-08;7.26295e-10;2.33409e-07;3.10441e-08;7.09133e-08;1.74812e-08;5.01637e-08;3.13176e-06;4.99021e-13;2.48531e-10
1.15895e-06;0.996392;2.44765e-08;4.6109e-07;1.15376e-07;5.34261e-09;1.47106e-07;8.73576e-07;4.25155e-06;3.908e-08;9.15101e-07;2.36291e-07;0.00359946;2.99969e-08
3.81653e-07;0.000534707;2.45186e-07;1.08066e-06;7.23733e-07;6.2534e-08;4.74982e-08;4.31561e-05;0.000381524;2.85832e-09;5.7476e-05;0.998963;1.02578e-05;7.483e-06
2.75341e-07;0.999447;9.79418e-09;2.51112e-07;1.85474e-06;1.53592e-06;2.45477e-09;5.37958e-05;3.93761e-08;9.17569e-09;6.12087e-08;3.31759e-06;0.000484626;7.3905e-06
2.76595e-05;0.0499035;6.29311e-05;2.05662e-06;7.2594e-05;5.09215e-05;2.05539e-09;0.119545;8.21088e-06;1.81259e-07;7.76348e-07;0.824087;0.00576041;0.000479025
2.09695e-06;0.0589459;5.29662e-07;6.92588e-07;6.48873e-07;1.31498e-05;6.38935e-07;0.000111336;1.22871e-05;8.97249e-07;9.90436e-05;6.16363e-05;0.940751;2.46467e-07
8.84196e-06;0.00830993;0.928774;4.23567e-05;0.000102881;4.48068e-06;5.25245e-08;0.000154082;7.80738e-08;2.18727e-06;8.43397e-07;0.0622241;0.000118311;0.000257982
1.60494e-06;0.995918;5.88241e-08;1.33825e-05;8.10416e-05;2.08593e-06;3.97106e-06;0.00114004;4.78033e-05;1.95174e-07;0.000133695;0.000127821;0.00222006;0.000310492
1.60922e-05;0.00556454;3.53321e-07;4.46924e-06;0.00275333;4.19206e-05;3.73127e-07;0.987504;8.16805e-06;9.48271e-07;6.01681e-06;0.000982878;0.000405198;0.00271154
1.74072e-05;0.00297938;3.52319e-09;1.72691e-06;2.97516e-05;3.86034e-07;6.73235e-08;0.995359;6.3032e-06;8.50864e-08;1.17921e-05;0.000239232;0.00134639;8.57532e-06
5.39732e-06;0.000134894;3.80674e-10;1.55901e-07;7.5511e-07;1.35655e-09;1.23299e-06;0.999777;3.42916e-05;1.61598e-07;1.12217e-06;1.54727e-07;2.93529e-06;4.20646e-05
4.75163e-05;0.00202199;7.21049e-07;0.00012729;8.04189e-05;3.83278e-07;1.34163e-05;0.0616154;0.00862166;1.71876e-06;0.000484463;0.926928;4.44762e-05;1.21147e-05
7.18163e-06;0.999509;2.14907e-05;4.14027e-05;1.84088e-06;5.42122e-08;7.05235e-06;1.68111e-06;1.41302e-06;7.58708e-07;6.8776e-05;3.42778e-05;0.000297623;7.63406e-06
6.05455e-06;0.324891;1.47397e-07;2.82238e-05;7.29911e-07;1.19385e-07;2.50109e-05;3.52494e-05;0.000430697;2.41263e-08;0.00542448;0.667931;0.00117536;5.21468e-05
1.23498e-06;0.997423;6.2283e-09;2.34167e-06;3.73583e-06;8.17586e-07;2.21027e-08;2.18896e-05;2.49709e-07;9.25189e-08;4.36817e-07;0.000108522;0.00235413;8.32594e-05
5.75493e-06;0.0260612;6.18352e-06;4.09606e-07;7.31888e-06;4.17344e-06;7.32864e-10;0.0448991;3.12856e-06;4.64661e-08;4.73896e-07;0.928015;0.000985726;1.12664e-05
5.29259e-07;0.00584999;1.97838e-06;4.82986e-07;4.79968e-07;0.000265721;1.45487e-06;4.07701e-06;1.80346e-06;2.13341e-06;2.54676e-05;3.63683e-06;0.993842;7.74977e-08
4.35838e-07;0.000154442;0.99184;2.68114e-06;2.69456e-06;4.81861e-06;1.21331e-08;1.9291e-06;9.68372e-10;3.26459e-07;2.66825e-08;0.00793324;3.22088e-05;2.73251e-05
6.32364e-06;0.956616;5.50251e-07;0.000113888;5.02314e-05;0.000282415;9.2885e-05;0.00284758;0.000127659;3.62835e-06;0.000637278;2.87862e-05;0.0378626;0.00133047
1.00405e-05;7.83613e-05;6.6133e-08;1.11552e-06;4.11367e-07;1.1355e-08;5.22547e-08;0.999785;7.2769e-05;4.93198e-08;1.39724e-05;1.09705e-05;2.68215e-05;9.47854e-08
5.27061e-06;0.974548;2.4474e-08;2.14337e-05;7.45369e-05;8.82348e-08;1.15025e-06;0.000132926;5.30794e-06;0.000114525;9.79158e-06;0.000587691;6.95456e-08;0.0244991
7.26333e-06;0.000659111;0.000481594;7.52898e-05;0.000267571;0.000494674;1.10206e-06;1.45184e-06;8.6641e-06;3.26518e-05;0.000140532;0.997006;4.16284e-05;0.000782434
1.6499e-05;0.993949;7.44768e-11;2.8988e-06;8.53593e-06;1.98861e-06;9.89773e-05;0.00385836;0.000121484;1.77128e-06;0.00160633;2.89208e-06;0.000328016;3.29548e-06
3.08352e-05;0.990233;2.12267e-05;6.04238e-05;5.87167e-06;1.12653e-06;2.37969e-07;0.00944365;2.85711e-06;4.95818e-07;1.05223e-06;3.7195e-05;0.000126889;3.49134e-05
1.06978e-06;0.000275397;9.36154e-11;1.52177e-08;8.75498e-08;1.34366e-09;2.46972e-08;0.999703;1.38464e-06;1.18181e-08;2.39832e-07;2.17091e-07;1.65962e-05;1.47946e-06
7.45395e-06;0.00134663;1.46132e-05;2.34201e-06;7.1309e-05;1.41475e-06;1.19136e-06;0.00402272;7.2904e-06;1.56353e-07;2.49196e-06;0.994075;5.03658e-06;0.0004421
3.75121e-05;0.173889;4.39926e-08;2.91897e-05;1.44088e-05;9.44128e-07;1.74318e-05;0.0616855;0.000511354;1.17536e-07;0.00330351;0.000254559;0.760252;4.06043e-06
6.3948e-05;0.0296655;2.5957e-05;2.38173e-06;0.000133953;1.38515e-06;7.32915e-08;0.961258;2.29043e-07;4.17871e-07;9.79567e-07;0.00592451;0.00207408;0.000848733
4.79567e-06;0.101069;2.19389e-05;0.000538523;0.000402272;0.00119386;2.26772e-06;0.00120206;1.89222e-05;6.87191e-06;0.000333167;0.868867;0.010356;0.0159831
4.88549e-05;0.742193;5.6412e-05;0.00141976;7.98726e-05;0.00205984;2.15507e-05;3.07547e-05;9.11274e-05;6.13383e-05;0.00471319;0.204981;0.0423272;0.00191565
0.000566609;0.941988;0.0483386;0.000223926;3.40604e-05;4.54547e-06;0.00103837;3.03446e-06;2.75931e-06;0.00224661;6.09666e-05;0.00237453;5.12434e-05;0.00306644
7.31792e-06;8.43813e-07;0.99972;3.83717e-07;2.14143e-07;1.35546e-08;1.35964e-05;2.11381e-05;3.77344e-05;5.62838e-09;0.000197036;3.26546e-07;1.81168e-06;4.8848e-09
2.21423e-07;2.52135e-05;2.28989e-11;2.45132e-09;5.83413e-09;2.93677e-10;6.99001e-09;0.999891;5.66927e-06;5.22867e-09;2.97125e-07;5.67016e-09;7.72152e-05;9.68419e-08
1.01259e-05;0.000840724;1.54774e-08;1.06656e-05;0.000146098;9.04864e-08;4.27805e-07;0.00992171;0.0005923;6.97947e-07;3.35529e-05;0.988387;6.20046e-07;5.6016e-05
3.77855e-05;0.996631;0.000566735;0.000511039;1.02457e-05;1.11452e-06;6.55236e-05;1.74273e-05;3.85541e-05;1.89881e-05;0.000242891;3.63089e-05;0.00155885;0.000263565
4.50774e-06;0.100124;3.50628e-09;5.07657e-05;6.06204e-07;8.04272e-06;1.93046e-05;5.44457e-05;0.00028089;1.21193e-06;0.00475911;9.32741e-05;0.89458;2.35931e-05
0.000137639;0.0987978;0.877723;0.000745251;0.00033677;5.56582e-05;2.44297e-07;0.00205826;1.75372e-06;8.12582e-06;5.93697e-06;0.012381;0.000132035;0.00761642
3.0095e-05;0.0671326;2.06831e-08;8.58145e-06;7.90919e-06;4.79777e-05;2.72743e-05;0.00552743;3.03978e-05;4.1489e-06;0.00037143;7.07882e-06;0.9267;0.00010508
2.5589e-10;3.57978e-10;1;4.99774e-10;5.20134e-10;1.03831e-09;8.00442e-11;1.43514e-09;3.6203e-11;8.2373e-11;3.14455e-10;6.23586e-09;1.67183e-10;3.91602e-11
3.8011e-07;5.19656e-05;0.996755;1.10625e-06;3.78526e-07;2.04525e-07;2.72576e-08;0.000222927;8.78672e-07;6.36203e-08;1.8953e-06;0.00296134;3.26465e-06;4.77794e-07
1.24455e-07;0.00262197;6.35472e-08;2.79257e-07;7.6938e-05;0.00283822;3.92577e-06;2.08412e-06;1.23909e-08;2.2892e-05;2.36708e-07;4.51291e-09;5.23411e-06;0.994428
2.65357e-11;8.062e-10;0.999993;6.2802e-10;7.67432e-09;3.59339e-09;3.8349e-12;1.75667e-11;2.16612e-13;1.07456e-12;2.83516e-11;6.72009e-06;3.04788e-11;1.38979e-10
3.81909e-06;0.00434367;1.02315e-05;9.06875e-06;0.0179608;0.000672609;3.47819e-09;0.974456;2.03412e-07;3.75996e-08;2.36183e-06;0.00144371;0.000327277;0.000770143
1.26837e-06;0.000213049;1.98703e-07;2.88082e-07;4.285e-06;0.00190607;9.00906e-08;8.306e-05;2.11776e-08;1.20474e-07;1.03503e-06;1.86247e-06;0.997787;1.31193e-06
1.76181e-06;0.000357268;0.98297;9.82503e-07;1.25708e-05;3.9466e-06;6.08525e-09;1.23956e-06;1.34849e-10;6.729e-08;2.49696e-08;0.0166255;3.65649e-06;2.30503e-05
2.62735e-07;0.974605;9.17852e-08;1.64541e-06;1.97674e-05;6.44362e-06;4.19182e-07;0.0129879;7.49977e-07;8.5519e-08;2.81285e-05;0.000318878;0.0120272;3.65077e-06
9.00256e-08;3.90841e-05;3.83465e-11;2.27471e-09;4.28712e-07;6.41991e-10;2.11286e-10;0.999956;1.57778e-08;8.9784e-10;7.62505e-09;1.51972e-08;4.65703e-06;4.88134e-08
6.99303e-07;2.5058e-05;2.72265e-06;7.17877e-06;0.0011314;2.36427e-06;2.17896e-09;2.30109e-05;1.23243e-06;1.02513e-07;6.81639e-06;0.994759;1.71585e-06;0.00403823
2.23567e-06;0.988269;2.20505e-08;6.12528e-07;3.98925e-08;3.45748e-09;5.07038e-07;2.46512e-05;2.24067e-06;5.56183e-09;4.88012e-07;1.93582e-05;0.0116771;4.0522e-06
7.04697e-07;0.0380813;4.37927e-09;3.35675e-07;1.53234e-05;1.16805e-06;8.17064e-09;0.000446681;4.36824e-08;3.10664e-08;1.63368e-08;0.0152058;0.0243205;0.921928
5.37585e-07;0.00621586;0.00020425;9.13891e-07;0.000193705;1.33929e-05;6.31784e-09;0.0278343;7.93754e-08;3.48112e-08;2.78254e-08;0.961542;8.74924e-05;0.00390778
4.41047e-06;0.0714116;6.03106e-07;2.69184e-06;1.86305e-06;0.000687184;3.53235e-05;3.72331e-06;4.6213e-07;6.04327e-06;3.61441e-06;2.47293e-05;0.927797;2.06719e-05
5.29766e-06;0.00135401;0.960597;1.31599e-05;5.88555e-06;6.03192e-06;2.1752e-07;1.81485e-06;6.86022e-09;4.32415e-07;4.89185e-08;0.0377211;9.06911e-05;0.000204642
2.22357e-06;0.989043;2.93461e-08;2.65325e-05;2.60531e-05;4.02151e-05;8.59357e-06;0.00352268;2.9172e-05;8.6475e-07;4.87108e-05;3.01958e-06;0.00429285;0.00295656
1.68701e-05;5.83603e-05;4.6246e-08;2.00754e-07;1.644e-07;1.20651e-08;2.59062e-08;0.999846;1.66207e-05;1.74275e-08;3.26408e-06;4.56066e-07;5.7921e-05;1.43431e-07
7.74136e-07;0.0421073;2.07734e-07;1.80066e-06;1.38851e-07;2.12349e-07;0.000195235;1.72169e-07;3.54545e-08;0.000549861;3.65587e-07;1.02705e-08;4.00373e-08;0.957144
1.63751e-10;1.15985e-11;0.999999;1.37614e-10;1.6565e-10;6.23287e-11;1.46208e-10;1.00685e-11;2.7379e-11;5.33829e-11;1.44533e-09;1.25227e-06;2.37766e-13;1.96377e-11
0.000159816;0.66864;5.79177e-07;0.000213834;8.13948e-05;0.00021908;0.000384346;0.0647616;0.0157381;2.34819e-05;0.0148144;0.000204543;0.234748;1.02859e-05
0.00774444;0.530182;4.95043e-05;0.00171582;0.000804775;0.00191512;0.000267311;0.0142613;0.0106831;0.000238945;0.0129736;0.187646;0.201596;0.0299215
4.88279e-06;0.00574992;2.07563e-08;1.16388e-05;4.9414e-08;3.77352e-07;0.985698;9.95464e-07;2.12197e-05;0.00825314;8.05255e-05;2.67912e-08;9.79097e-07;0.000178714
1.92064e-10;2.61492e-12;1;1.32968e-10;7.36405e-12;3.5416e-12;7.37413e-08;2.84401e-11;2.36262e-09;7.89817e-11;5.26826e-09;1.26812e-09;1.14258e-14;1.14075e-14
0.000359313;0.983185;7.89639e-06;1.11315e-05;1.52604e-06;3.98513e-06;0.00059204;0.0108242;0.000898778;3.73861e-05;0.000140226;0.000729176;0.0031906;1.89853e-05
2.90053e-06;0.00567507;1.24526e-07;2.89422e-06;3.1464e-05;1.92559e-05;3.3171e-08;0.000221508;9.07132e-05;3.80079e-07;3.6306e-05;0.99293;0.000986235;3.62433e-06
7.4226e-05;0.00258176;3.71196e-06;0.000549363;0.000239668;0.00323638;3.49955e-05;0.000487866;0.000255863;0.000189559;0.000711189;0.000120046;0.99145;6.56986e-05
6.13008e-05;0.000149306;0.998693;1.51755e-05;8.33678e-05;1.71888e-06;3.01826e-07;0.000269842;1.4739e-06;1.81655e-05;7.24939e-07;0.00067681;1.88241e-05;9.50675e-06
4.18685e-07;0.000233695;2.14891e-08;3.95497e-07;5.18436e-10;8.3081e-08;0.993532;1.50589e-08;4.52936e-05;0.00617832;7.2828e-06;1.85057e-11;7.77275e-07;1.37115e-06
2.24902e-11;4.11426e-13;1;1.5501e-11;7.19627e-12;4.26262e-12;3.86012e-10;8.49776e-12;1.039e-10;1.75129e-10;1.81463e-10;4.02573e-11;5.8846e-16;3.79145e-15
