3.98854e-06;0.999716;2.44704e-06;8.78086e-06;6.57882e-07;9.51617e-08;3.62215e-07;0.000189278;1.20413e-07;1.82016e-07;2.10592e-07;5.0669e-05;2.70846e-05;5.62053e-07
1.51824e-06;3.88514e-05;5.98786e-12;8.67347e-10;4.16981e-07;3.23849e-09;4.34547e-09;0.99995;4.89807e-07;9.93983e-10;3.07277e-08;9.6552e-09;9.0055e-06;6.40231e-08
5.00641e-07;0.000116707;2.24777e-06;1.94115e-06;0.00110999;2.5729e-05;1.25936e-08;9.99612e-05;1.50503e-07;2.25826e-07;2.2597e-07;0.987056;1.29808e-06;0.0115854
3.92562e-06;0.00464233;1.41231e-08;2.35479e-07;3.52678e-07;2.05487e-07;1.48892e-06;0.00234656;1.16322e-06;1.74889e-08;4.19768e-06;5.43856e-07;0.992998;5.37783e-07
1.03728e-06;0.00452118;2.1531e-05;4.56468e-05;0.000250969;2.16477e-05;1.78497e-08;0.000319994;2.31053e-06;2.68204e-07;3.35262e-06;0.985899;0.000156578;0.00875629
2.27614e-05;0.936645;9.46353e-06;2.324e-05;4.01275e-05;3.52822e-06;2.2015e-05;0.00615309;5.18702e-07;4.40317e-07;1.10581e-05;0.00256846;0.0542378;0.000262587
3.92069e-08;0.00454188;1.91307e-08;6.39283e-07;4.36685e-07;1.16195e-07;8.23027e-10;6.91869e-05;1.94461e-08;1.89807e-09;2.70827e-08;0.994645;0.000302016;0.000440296
9.1117e-06;0.227816;4.60567e-06;9.36613e-06;0.000136637;0.000151621;5.27722e-07;0.00119889;4.32349e-08;2.59239e-07;1.20032e-06;0.018611;0.749889;0.00217194
0.000117162;0.52504;0.000161698;4.03772e-05;6.34326e-05;0.000165887;7.0126e-05;0.2498;2.01933e-06;1.03076e-05;2.78785e-06;0.0120204;0.20236;0.0101465
0.000283966;0.0293621;0.000555833;0.000125213;0.0096629;0.0380421;5.4166e-05;0.042724;5.82166e-06;9.60778e-06;2.44601e-05;0.70061;0.0572461;0.121294
9.45708e-06;0.807563;2.75247e-06;9.70284e-06;0.000304668;0.00056466;0.000295107;0.0574362;5.91224e-06;3.02476e-05;3.0102e-06;2.00964e-06;0.0511621;0.0826107
1.60708e-09;2.4475e-09;1;4.49097e-09;1.57286e-09;3.65638e-09;1.64355e-09;8.03219e-09;9.02585e-10;3.89731e-10;2.3182e-08;5.44635e-08;4.93487e-09;2.26252e-10
7.96801e-07;4.76956e-05;0.995745;6.19433e-07;7.23409e-07;1.02955e-07;9.0134e-08;0.00405106;8.94728e-07;3.30755e-08;1.19163e-06;0.000147087;1.73858e-06;3.55961e-06
1.40943e-07;0.000778293;0.000348946;2.31703e-07;1.95841e-05;3.50409e-05;2.72273e-09;8.89558e-05;2.12379e-09;1.46299e-07;3.9044e-08;0.000861066;4.96328e-07;0.997867
5.51827e-05;0.360864;8.6303e-08;6.11594e-06;7.78795e-05;8.13516e-05;1.37228e-06;0.532549;7.18549e-06;3.40311e-07;0.000113927;6.21907e-06;0.10623;7.21679e-06
4.90867e-06;0.993693;0.000236357;4.92407e-05;3.18632e-06;1.74738e-07;3.05705e-07;0.0052971;7.33072e-09;1.50725e-06;6.28352e-08;3.36809e-05;0.000115885;0.000564125
1.00095e-06;0.986315;8.67551e-08;8.35352e-05;3.15631e-07;8.31865e-07;6.19321e-05;0.000724853;7.64229e-07;5.22817e-05;8.56318e-05;0.0016076;0.00984136;0.00122454
3.36485e-07;0.00456915;7.18234e-09;0.000243093;3.8476e-05;0.000366968;3.87361e-06;3.81102e-05;2.16535e-06;5.1156e-06;0.00366836;0.00027456;0.990781;9.1542e-06
2.66401e-05;0.00123943;0.997817;0.000356921;2.50399e-05;1.2074e-06;7.96928e-07;1.63773e-06;2.32279e-08;7.20546e-06;7.90842e-06;0.000386945;1.7191e-06;0.000127355
0.000631927;0.837354;1.38666e-06;0.00011741;4.71714e-05;0.000102839;0.000100392;0.116926;0.00011163;2.79503e-05;0.00199976;0.00255034;0.0379489;0.00208025
9.91352e-06;0.00321817;1.09608e-09;5.47767e-07;4.35879e-06;2.25879e-06;3.21223e-07;0.135821;8.35965e-06;4.90815e-07;4.02758e-05;0.000157947;0.860736;5.35767e-08
0.000489229;0.983386;0.00810498;0.000722574;3.6449e-05;0.000100743;0.00278949;0.00141436;3.31288e-05;0.00148932;1.46286e-05;9.45697e-05;0.000639387;0.000685031
1.13743e-08;3.43479e-08;0.999999;2.58417e-08;1.91691e-09;8.55665e-10;2.30405e-08;2.20099e-07;1.2837e-08;4.66158e-09;5.04418e-08;6.30581e-07;1.84784e-09;1.36262e-10
2.53183e-07;7.09832e-05;0.980781;5.84121e-07;5.92879e-07;2.14013e-07;1.92859e-08;9.25102e-05;2.94931e-08;1.66869e-07;3.82283e-07;0.0190331;2.74537e-07;1.94748e-05
5.11026e-08;0.607197;4.4363e-09;1.07953e-07;2.07096e-05;0.000146734;3.78404e-05;2.00091e-07;1.79694e-09;3.80189e-05;6.08481e-08;1.80957e-09;1.32534e-06;0.392558
3.13004e-11;1.34732e-09;0.999988;1.16935e-10;3.50581e-08;6.55917e-10;1.16943e-11;2.08659e-09;2.44516e-13;7.9809e-12;3.98419e-11;1.243e-05;6.19038e-12;2.7864e-10
1.67174e-06;0.00450103;1.2334e-05;1.64597e-05;0.00224525;0.0539683;1.3358e-05;0.677343;1.06178e-06;2.75888e-05;1.39802e-05;2.6472e-06;0.259453;0.00240006
3.93703e-11;7.13817e-11;1;1.90631e-10;6.39931e-11;2.87421e-09;1.51755e-11;3.14588e-09;1.36038e-12;3.98209e-12;1.26874e-10;1.48929e-08;5.43097e-10;4.66066e-13
1.47588e-07;0.00011667;0.000294448;1.18911e-06;5.08975e-06;1.03317e-05;9.20284e-10;0.0010924;1.93386e-07;1.24847e-08;2.07078e-06;0.998278;0.000179754;1.97161e-05
2.93057e-07;0.00044998;0.997223;5.7437e-07;0.000151406;0.000318168;2.201e-08;9.82619e-06;3.64522e-10;4.30664e-08;1.18356e-07;2.02264e-05;0.00029999;0.00152585
1.52537e-07;0.0191232;2.59469e-07;1.67211e-08;0.000692899;4.85174e-06;3.26422e-11;0.978191;4.69359e-10;7.92773e-10;2.39928e-09;0.000464068;0.00017869;0.00134488
2.25027e-09;0.986639;9.68559e-11;3.36759e-08;4.22549e-07;7.15438e-08;3.34443e-08;1.07186e-05;1.86913e-10;4.14889e-07;6.13075e-10;1.91265e-07;2.3806e-06;0.0133464
0.000100089;0.320375;0.000512384;0.000636668;2.85745e-05;0.000322652;0.0303684;0.162392;0.00155923;1.57998e-05;0.00150803;2.75908e-06;0.482177;1.07741e-06
6.85036e-07;0.998082;1.72097e-09;2.9761e-06;1.26023e-07;2.14333e-07;4.64977e-08;0.00115741;2.90514e-07;1.60869e-07;4.1221e-08;1.77486e-05;0.000736082;2.04364e-06
8.50382e-07;0.000298465;2.52639e-10;3.39157e-09;1.88586e-06;5.02949e-10;4.43519e-09;0.999696;2.68201e-08;5.95679e-09;4.11869e-09;9.36313e-07;1.43474e-06;6.7603e-07
7.67615e-07;0.00571062;6.06699e-06;1.12378e-05;0.00273092;0.000170609;1.23313e-05;0.00401594;3.74439e-07;5.68967e-05;3.81807e-07;9.90826e-05;0.000119405;0.987065
2.20051e-09;1.05165e-08;1;5.13441e-09;7.9654e-11;6.19389e-11;5.57135e-09;8.6559e-09;5.77087e-09;7.26876e-11;8.63384e-08;1.39578e-08;5.26908e-09;1.86539e-11
7.34153e-08;4.22568e-05;0.999143;5.7649e-07;8.44201e-08;1.14771e-08;2.95898e-08;0.000595844;4.68793e-08;6.36884e-09;2.54662e-07;0.000213237;4.80437e-07;4.65455e-06
8.25811e-09;0.000101472;2.75182e-05;1.63129e-07;3.18138e-06;6.81481e-06;1.35862e-10;1.07395e-05;1.89579e-10;1.10219e-08;1.15653e-09;0.000102833;3.12125e-08;0.999747
3.54995e-07;0.994058;7.3152e-09;7.71916e-07;4.28482e-07;2.58328e-06;4.64357e-08;0.000683188;6.54253e-08;9.46794e-09;2.00376e-06;1.38259e-05;0.00523751;1.09433e-06
4.8582e-09;0.989666;8.64483e-10;2.16022e-08;5.71375e-11;7.1824e-09;5.67387e-10;1.07473e-07;1.84297e-10;3.71293e-10;2.26802e-09;0.000570577;0.00976384;4.95931e-09
3.43492e-07;0.0668229;2.53449e-05;2.24347e-06;2.46633e-06;9.73949e-07;4.98164e-07;0.00587529;6.28254e-09;9.98866e-08;2.27345e-06;0.924686;0.00256415;1.79517e-05
1.40819e-05;0.170246;8.76051e-05;0.0140728;0.00648158;0.12025;0.00085823;0.0034915;6.98139e-06;0.000298081;0.000340385;0.00188495;0.390243;0.291725
0.00164854;0.620776;0.0013552;0.0100059;0.000587442;1.28635e-05;0.00249067;0.35226;0.000437972;4.11958e-05;0.00677972;0.00114037;0.00235617;0.000108519
0.00245016;0.357322;0.0113643;0.00965372;0.00736407;0.00739915;1.81411e-05;0.015814;0.00198749;0.00023563;0.0073411;0.40199;0.000420399;0.176639
0.0164367;0.200978;8.8161e-05;0.000115256;0.000872661;0.00966429;2.79307e-05;0.00923717;0.00712866;0.000100367;0.0015704;0.257547;0.464588;0.0316459
0.000530039;0.256711;4.28194e-06;4.26425e-06;0.000208233;2.39934e-05;1.32572e-06;0.025799;7.02523e-05;1.89449e-06;7.53825e-06;0.711794;0.00434166;0.000502463
0.00111937;0.90886;5.89863e-05;4.35905e-05;0.00496888;7.94164e-05;4.02982e-05;0.0596799;0.000211975;1.77071e-05;1.90437e-05;0.000286861;0.00119376;0.0234203
2.37577e-05;0.914643;3.70304e-10;8.63402e-07;2.27276e-06;3.74983e-08;0.00637473;0.0759222;0.000742799;5.69205e-05;5.55222e-06;2.02902e-08;8.70555e-05;0.00214086
1.19378e-08;2.2178e-08;0.999999;5.52679e-09;5.35795e-09;1.2442e-11;2.4493e-08;8.34708e-08;4.06379e-08;2.20765e-09;4.30323e-08;7.50522e-07;9.75995e-12;2.56844e-12
0.00608212;0.0383146;0.000101851;0.00134797;0.00380698;0.00163288;0.00214659;0.711402;0.0916515;0.000112593;0.0134037;0.0855466;0.0310338;0.0134174
0.000466941;0.293142;6.37265e-07;1.30472e-06;0.000913712;2.99514e-05;3.43097e-06;0.687501;1.73929e-05;2.15041e-06;8.49356e-06;0.00353045;0.0138571;0.000525727
5.42919e-07;0.00613389;9.15664e-07;1.89641e-07;4.0472e-05;2.06244e-06;3.3901e-08;5.32198e-05;9.44893e-08;4.13965e-08;1.11415e-07;0.993283;1.03083e-05;0.000474951
0.000152149;0.0564847;3.79589e-07;5.4052e-06;0.000327439;1.10521e-05;0.00165761;0.0934767;2.50179e-05;9.90641e-06;1.02217e-05;0.00028411;0.847509;4.66827e-05
0.000288452;0.304354;1.47767e-06;0.000743403;0.00648606;0.00218796;7.31026e-06;0.00259698;0.0182291;6.87947e-05;0.000128526;0.0945402;0.00154009;0.568828
3.12194e-05;0.980242;1.39652e-08;6.71312e-07;7.59359e-08;8.96443e-08;8.12408e-07;1.08379e-05;8.26489e-07;7.14089e-08;1.81766e-07;0.000340046;0.0193732;6.07114e-08
0.000144612;0.0318393;2.8709e-06;5.48183e-06;0.000133768;5.19306e-05;9.5227e-08;0.00419893;3.71449e-05;3.13006e-06;3.24689e-07;0.960511;0.00100789;0.00206316
3.84825e-08;0.000429813;2.14493e-10;5.24769e-07;8.12356e-10;1.29193e-07;0.998779;4.23802e-09;5.3751e-06;0.000780561;2.17708e-06;1.87921e-10;7.73064e-08;2.48238e-06
6.95452e-09;3.45923e-09;0.999989;1.2502e-07;1.0523e-11;3.40888e-09;6.4193e-06;6.91732e-11;3.01986e-07;2.12371e-08;7.28519e-07;3.78577e-06;4.30739e-11;2.56069e-12
0.000169302;0.996282;4.11709e-07;2.04668e-05;3.37482e-08;6.12874e-08;0.00021159;0.000136754;0.000417421;1.814e-06;0.00114364;0.00117678;0.000439886;1.77341e-07
1.05006e-07;0.000770728;1.5162e-09;2.9884e-08;5.78484e-06;1.89229e-08;6.58634e-09;0.998829;7.14731e-08;8.26954e-08;4.14705e-09;2.66708e-07;0.000393609;7.28079e-08
8.2294e-07;3.33622e-06;0.992516;8.48511e-05;1.74132e-06;3.75829e-05;1.15214e-06;6.74455e-07;6.55637e-07;0.000167322;8.09154e-06;0.00706241;1.89228e-07;0.000115892
2.82991e-07;0.00017351;6.42828e-09;6.64542e-09;2.47683e-11;1.87514e-09;0.99948;2.51879e-08;2.18589e-06;0.000336106;7.72683e-06;7.0917e-14;3.23383e-08;3.04843e-08
2.76266e-11;6.45025e-13;1;1.2725e-11;9.02887e-13;4.35769e-13;1.9179e-09;1.67918e-10;3.2965e-10;1.38393e-10;7.17293e-10;3.14461e-10;2.27484e-15;5.07437e-15
