3.568e-05;0.999133;5.83895e-05;4.0152e-05;1.01315e-06;1.9244e-07;4.9044e-07;0.000136105;5.56724e-07;3.16171e-07;7.84758e-07;0.0005355;5.19825e-05;5.60332e-06
1.16197e-06;0.99414;2.54026e-09;6.84542e-07;5.87357e-07;2.46795e-08;0.00022565;0.000270495;2.36189e-07;3.94922e-05;1.86815e-07;4.09486e-08;2.38549e-07;0.0053209
4.4428e-09;9.49661e-10;0.999996;2.00914e-09;1.27821e-08;7.51538e-11;2.29862e-08;1.83198e-08;1.07677e-09;4.21788e-10;6.0298e-09;3.8165e-06;1.14652e-13;1.20017e-11
6.43004e-05;0.98138;2.1924e-08;1.95993e-05;8.96574e-06;4.18993e-06;4.81964e-05;7.9749e-05;7.077e-05;1.5094e-06;3.16018e-05;5.37773e-07;0.018133;0.000157918
6.84221e-06;0.00142254;1.02647e-06;1.14429e-07;1.88655e-07;2.37901e-07;5.67671e-08;2.2606e-05;3.91282e-07;7.61397e-09;2.44152e-07;0.997113;0.00137597;5.67647e-05
3.60832e-05;0.479183;1.01983e-05;1.92044e-06;0.00227955;0.000260837;1.27697e-06;0.0888686;1.08753e-07;2.31226e-07;1.19358e-07;0.00536453;0.423402;0.000591563
5.9408e-07;7.21269e-05;3.24717e-08;2.81507e-07;1.0828e-06;0.000641358;6.80776e-09;3.09264e-05;3.03771e-07;3.17288e-07;9.6589e-09;0.000871019;0.997955;0.000426549
6.51745e-06;0.00219918;0.992513;4.56525e-05;6.28126e-07;1.48665e-05;0.00012058;8.09976e-08;2.01937e-07;0.000650369;1.83156e-07;0.00347171;3.73783e-06;0.000973545
1.30556e-08;7.16841e-09;0.999998;3.91204e-09;1.12476e-09;8.39123e-10;1.64896e-06;1.64121e-09;1.97525e-08;8.2877e-09;7.07567e-08;4.8168e-09;3.98008e-12;1.35122e-10
2.86822e-06;0.992429;6.53054e-09;1.45069e-06;2.24712e-08;6.46196e-07;7.4825e-05;2.54754e-05;0.000159374;1.31274e-06;0.00016362;1.03491e-05;0.00713037;2.05542e-07
0.000450898;0.0474311;0.00130349;0.000294179;8.04421e-06;4.28046e-05;1.83975e-06;0.00125301;7.60442e-05;4.58451e-05;7.36898e-05;0.947679;4.15186e-05;0.00129861
3.31517e-07;0.99845;2.67339e-10;4.84027e-08;2.39889e-09;3.43458e-09;0.00127322;1.98768e-06;1.95289e-08;1.08132e-05;1.27972e-07;1.21119e-10;4.42227e-07;0.000263056
2.4427e-11;5.00268e-11;1;4.35227e-11;2.69756e-10;2.05262e-11;7.02367e-11;3.74283e-10;9.57691e-13;8.41461e-11;2.29738e-11;1.65858e-07;1.79826e-14;4.72517e-12
0.000285472;0.724109;1.1704e-06;6.93453e-05;0.00103043;0.00349949;6.16468e-05;0.210563;0.00240945;7.64716e-06;0.000292961;0.000461606;0.0532628;0.00394654
4.01468e-05;0.00269927;8.51273e-10;1.23077e-05;2.7863e-05;5.55995e-05;2.7474e-06;5.01484e-05;0.000364666;3.07252e-07;0.00128198;0.00554274;0.989875;4.76493e-05
0.00432216;0.110563;1.53558e-05;6.54908e-05;0.000128195;2.68961e-05;7.77883e-06;0.00238184;0.00361127;4.6102e-06;0.00164144;0.771289;0.105532;0.000410469
8.69139e-05;0.771037;1.13428e-05;2.25432e-05;1.36018e-05;5.55672e-06;9.09732e-07;0.0179665;6.24373e-05;4.57109e-07;7.80629e-05;0.171552;0.039068;9.43297e-05
7.10715e-06;0.0310088;9.86517e-09;3.29295e-05;0.0281246;7.11591e-07;3.01862e-09;0.622582;7.13292e-06;8.94378e-07;4.22133e-05;0.316385;5.5427e-05;0.0017527
3.80138e-07;0.8919;6.3243e-06;3.85414e-05;8.00189e-07;2.59719e-07;6.67405e-05;9.24238e-07;3.55969e-08;0.000497389;5.78912e-06;5.72941e-06;1.3756e-07;0.107477
1.48306e-05;0.0185652;1.26576e-07;6.05064e-06;8.55522e-09;1.03863e-07;0.510351;0.000265237;0.0334003;4.35238e-07;0.436378;4.21914e-08;0.00101863;1.36202e-08
1.23055e-06;0.000139902;2.23588e-10;8.74904e-08;1.48334e-07;9.19423e-08;2.22983e-07;0.99931;6.82377e-05;3.66183e-08;3.99938e-06;4.26347e-08;0.00047638;1.10924e-08
3.99745e-05;0.00315904;5.43682e-05;1.87085e-05;2.98856e-05;1.48298e-05;1.98592e-07;0.000275673;2.21689e-05;5.71633e-06;1.86686e-05;0.946798;4.44139e-06;0.0495583
1.24621e-06;0.995002;5.1514e-10;4.97515e-07;1.19561e-07;5.7733e-08;0.00045872;1.23501e-05;1.37741e-06;4.1269e-05;6.37656e-07;3.0381e-08;2.365e-06;0.00447922
7.73175e-11;8.44646e-11;1;6.3263e-11;8.00747e-11;2.62697e-12;2.81202e-09;1.4424e-10;2.25127e-11;1.69152e-10;2.83851e-10;5.41852e-08;6.12909e-14;6.04457e-13
0.000645132;0.0498083;7.08991e-05;6.61116e-05;0.00016315;0.00016505;0.000239583;0.0162814;0.00151984;9.07697e-06;0.00020775;0.88038;0.0502985;0.00014531
0.000126007;0.66496;8.6089e-07;2.24869e-05;0.000524577;0.000562989;0.00012221;0.115971;0.007575;6.16441e-06;0.0033218;0.168502;0.0376438;0.000660515
0.000300699;0.148962;0.0026903;7.48201e-06;5.55821e-05;4.32369e-05;5.98271e-06;0.0176894;4.03415e-05;1.24401e-06;1.48563e-05;0.807305;0.0228453;3.78939e-05
0.000219769;0.357214;2.91873e-05;0.000195938;0.00514937;0.019938;1.5682e-05;0.0366731;0.000310605;6.3855e-06;2.83633e-05;0.334283;0.215357;0.0305791
7.58144e-05;0.81814;3.17872e-05;0.000133373;0.000409994;0.00101263;5.55543e-06;0.00176033;6.27972e-05;8.88158e-06;1.72131e-05;0.0195966;0.0937739;0.0649709
9.37642e-05;0.0726161;5.5003e-06;0.000170882;0.000889332;1.44017e-05;9.44494e-07;0.155261;0.00145189;2.3515e-06;0.000252039;0.756568;0.0124748;0.00019923
7.23646e-05;0.0517802;8.52852e-06;0.000123978;0.0115465;0.000116903;6.3925e-08;0.0183366;3.89444e-05;1.90995e-06;7.39669e-05;0.239966;0.673988;0.00394656
0.00313571;0.388644;2.77054e-05;0.000124004;0.000147778;0.000762285;0.000408882;0.0478802;0.000815727;3.0786e-05;0.000957486;0.00748967;0.547918;0.00165784
3.70441e-06;0.000824727;3.21016e-08;8.7001e-07;7.0559e-06;9.01946e-06;1.17069e-08;0.213972;1.00563e-06;5.74552e-08;3.38122e-06;0.000172852;0.784989;1.61024e-05
9.39835e-06;0.00807264;1.61317e-06;6.23356e-05;3.21156e-06;1.7042e-06;5.22064e-07;0.000307729;3.14164e-05;4.07153e-06;0.000134191;0.990748;0.000365762;0.000257292
3.20593e-05;0.995386;0.000525878;0.00052331;1.85309e-05;3.7066e-06;8.89684e-06;0.00217681;4.62191e-06;1.08916e-05;4.15956e-05;0.000914056;0.000326262;2.70407e-05
6.79973e-07;1.19064e-05;2.70021e-13;4.84925e-09;4.55738e-07;1.51901e-10;3.94043e-10;0.999979;4.78715e-06;7.61041e-10;1.8345e-06;4.49913e-07;8.95556e-07;1.40834e-08
1.82775e-06;0.0634615;4.37163e-05;1.40852e-06;4.32507e-06;1.46402e-06;2.90075e-05;5.63329e-07;8.34474e-09;0.000669101;3.50531e-08;3.98264e-06;1.14627e-07;0.935783
1.33397e-09;7.32749e-10;1;8.49011e-11;2.78324e-09;4.71383e-09;1.02364e-08;3.53525e-09;7.51725e-10;6.70088e-11;2.50773e-09;8.68202e-08;3.78192e-11;1.62279e-10
1.16557e-07;9.00969e-05;9.57026e-12;1.67219e-08;2.66888e-08;2.05794e-07;5.80034e-08;7.17714e-05;1.74646e-05;4.07711e-10;2.21541e-05;8.93489e-06;0.999789;4.75637e-09
1.51325e-05;0.000685966;2.12811e-06;8.31848e-06;2.5496e-05;1.25797e-05;1.22595e-07;0.000409406;0.000260835;3.97969e-07;6.5739e-05;0.998034;0.000368774;0.000111347
1.91226e-06;2.12461e-05;8.49436e-11;7.72779e-09;5.77472e-07;2.19745e-08;7.71374e-08;0.999893;1.90329e-06;8.72654e-09;3.81789e-07;2.58535e-07;8.03042e-05;1.20852e-08
9.95097e-05;0.0172313;5.89967e-05;0.00100556;0.0264235;0.00113326;4.28716e-05;0.00960374;2.25892e-05;7.94868e-05;0.000532679;0.275463;0.0084852;0.659818
5.14249e-05;0.993279;0.000353096;0.000117278;6.86211e-06;2.13082e-07;0.00021447;0.00046591;3.09455e-05;2.80023e-06;0.000216041;0.00220332;0.00299554;6.33725e-05
0.000102414;0.219666;0.000232369;0.000350087;0.000423445;0.00010916;0.000192828;0.0227956;1.8496e-05;1.00831e-05;1.55673e-05;0.699704;0.0414346;0.0149453
4.83818e-06;0.831157;1.13419e-08;0.000195133;2.57259e-05;0.00107434;9.42698e-07;0.00440707;1.55301e-06;3.69544e-06;9.31001e-07;0.00320538;0.00992648;0.149997
3.00302e-05;0.00810237;1.05758e-07;9.40132e-06;2.67049e-06;1.93867e-05;1.51964e-06;0.00313158;5.38877e-06;7.18194e-08;0.000158665;4.85737e-05;0.988461;2.88678e-05
4.7498e-06;0.0137667;7.25163e-07;8.0031e-07;6.40078e-07;5.74134e-07;1.45271e-08;0.000291975;2.08105e-06;3.41653e-08;3.87641e-06;0.979839;0.00606359;2.52208e-05
1.18684e-07;0.999648;7.43265e-11;5.07203e-08;1.0921e-06;1.87278e-07;9.28401e-05;0.000130545;2.13665e-09;1.28606e-05;4.18255e-08;6.62573e-09;5.65561e-05;5.7686e-05
6.19378e-09;4.40761e-09;0.999983;2.29749e-08;1.7393e-07;2.86437e-07;1.54082e-08;1.60924e-08;7.80796e-11;4.38369e-09;2.46975e-09;1.68515e-05;4.87426e-11;1.2857e-09
0.0010107;0.509965;1.79499e-06;0.00731973;0.000513071;0.00871915;0.0124093;0.108416;0.0433454;7.91186e-05;0.191624;0.00605137;0.105443;0.00510245
0.000433614;0.957357;1.7702e-05;5.52415e-05;2.52563e-06;3.14227e-06;0.000195076;0.00301759;6.16489e-05;3.07334e-06;0.00274162;0.000626793;0.0354588;2.623e-05
1.49717e-05;0.0356922;1.27714e-07;1.50412e-06;0.00011327;5.12027e-07;1.9526e-07;0.0414124;2.3852e-06;1.52725e-06;2.61897e-06;0.922264;0.000257708;0.000236205
2.09373e-08;3.54234e-05;7.069e-11;2.4355e-08;7.22372e-10;7.63418e-09;0.999413;2.08264e-09;1.78125e-06;0.000548588;1.14172e-06;2.15328e-11;8.44101e-08;3.25971e-08
1.62164e-08;3.40547e-09;0.999995;2.73252e-08;2.5792e-10;3.03324e-08;4.22345e-06;3.97775e-10;2.01246e-07;1.60828e-08;4.25926e-07;1.87268e-07;8.70302e-11;1.3277e-11
3.48113e-05;0.991159;1.63255e-09;2.0757e-05;2.42954e-06;1.33936e-06;5.04499e-05;0.000298425;0.000239219;1.23508e-05;0.000223667;0.000224428;0.00771638;1.6525e-05
7.32906e-06;0.0180678;1.40563e-08;3.85205e-07;0.000235737;1.54263e-06;2.11524e-07;0.981585;9.67035e-07;2.35676e-06;1.6692e-08;2.83083e-05;6.26562e-06;6.4016e-05
5.57234e-07;1.172e-05;0.983324;5.83376e-06;1.12554e-05;9.14681e-06;5.39945e-08;1.68309e-06;7.8346e-09;1.02737e-05;1.59555e-07;0.0166108;3.76084e-06;1.03654e-05
8.03539e-08;0.000100532;1.56976e-09;1.3531e-08;6.71477e-12;8.66289e-10;0.999697;2.42216e-10;1.863e-06;0.000197919;2.21861e-06;4.45483e-12;5.57701e-08;8.48062e-08
6.93262e-11;8.54756e-13;1;3.72036e-11;1.12193e-11;2.91574e-12;6.28991e-09;1.65054e-11;1.19704e-09;2.0258e-10;8.11423e-10;1.04136e-10;9.71273e-16;4.96506e-15
