2.99009e-07;0.998665;6.23287e-09;3.73826e-07;8.64831e-08;1.50518e-07;0.000152678;8.48957e-06;1.60055e-08;6.85164e-05;1.63168e-08;9.21627e-08;5.20923e-06;0.00109879
1.18594e-10;2.15216e-11;0.999998;1.42493e-10;1.30797e-09;5.02447e-11;1.78812e-09;4.89502e-11;1.77627e-11;1.40238e-10;2.51036e-10;2.25853e-06;8.9942e-15;4.58428e-12
1.3193e-06;0.985251;1.34299e-07;3.17254e-07;2.39521e-07;2.75136e-07;2.71216e-07;2.99369e-06;1.51738e-08;1.24312e-07;1.67153e-07;1.65342e-07;0.0147423;3.69609e-07
1.12265e-05;0.00712035;1.34206e-06;3.33212e-07;1.81687e-07;4.54046e-07;1.02259e-05;0.018411;9.28079e-05;2.78828e-08;0.000192463;0.972905;0.00124964;4.89465e-06
1.38015e-05;0.976911;5.25171e-06;4.05743e-06;0.000279712;0.00246201;6.99275e-06;0.00811073;2.26959e-07;7.06741e-07;1.38465e-06;0.00106068;0.00465253;0.00649087
2.73638e-05;0.200148;7.40671e-06;3.23088e-05;0.00043311;0.00180021;1.36689e-05;0.0160949;1.17655e-05;1.76893e-06;7.41873e-06;0.0235033;0.196499;0.56142
3.53137e-07;0.000208372;1.0624e-08;6.87474e-08;1.40043e-07;1.9555e-07;2.5918e-09;0.000412123;1.90924e-08;1.50213e-09;6.67956e-07;3.42642e-05;0.999344;2.17887e-07
7.87672e-06;0.0361371;2.18929e-05;1.01646e-06;1.4693e-06;9.92948e-05;2.09038e-06;0.00781115;2.62163e-07;1.92668e-05;1.59965e-07;0.000297843;0.95515;0.000450248
7.69745e-10;5.55289e-09;0.999999;5.259e-09;9.69704e-10;6.97158e-09;5.00203e-09;2.72164e-08;5.71137e-10;1.06993e-09;2.07039e-09;9.40566e-07;1.46004e-09;3.86403e-11
3.13009e-06;0.0140673;0.00762669;8.01546e-05;5.11325e-06;2.49127e-05;1.29735e-05;0.0183549;3.81334e-05;1.00398e-05;0.000212308;0.957167;0.000406629;0.00199092
6.16417e-05;0.295455;0.000111329;0.000272658;0.00469795;0.0230342;1.05399e-05;0.481922;1.68528e-05;2.90692e-05;0.000277041;0.00170981;0.184968;0.0074338
1.28846e-06;0.00139805;0.000133127;3.62757e-06;0.000265576;0.000118348;9.74543e-09;0.000619295;3.66334e-08;5.35586e-07;1.27161e-06;0.99408;6.56913e-05;0.00331358
1.80938e-05;0.881811;0.00725691;8.24405e-06;1.78894e-05;8.96271e-05;0.00627993;0.00519166;1.42271e-05;4.40052e-05;0.000134963;2.08848e-06;0.0991278;4.04509e-06
5.34018e-10;9.87324e-08;0.999997;4.10948e-09;1.60914e-10;6.3992e-10;2.31066e-09;2.5268e-08;5.72855e-11;3.54771e-11;2.16551e-09;3.26491e-06;1.53005e-07;1.51594e-12
2.459e-06;0.0425344;0.000402982;3.28967e-05;0.000108661;0.000211318;1.12132e-07;0.0120011;2.27291e-06;8.84391e-07;1.02854e-05;0.909114;0.00129971;0.0342789
1.24668e-07;0.995582;3.21749e-09;6.42378e-08;4.5043e-08;7.41434e-06;1.36225e-08;3.98457e-05;2.22523e-09;4.8071e-09;2.68759e-08;1.13377e-06;0.00436834;1.5643e-06
4.57139e-07;0.00980202;7.54723e-10;1.5828e-06;2.92467e-05;0.00017124;5.92906e-09;0.000392154;5.845e-09;1.1413e-07;2.03621e-07;0.986465;0.0028156;0.000321893
3.81284e-06;0.41428;4.31546e-06;6.67572e-06;0.00712218;0.00575747;2.05337e-07;0.00646968;4.96616e-08;1.30356e-07;1.52747e-06;0.00219924;0.560223;0.00393201
2.75883e-06;0.117393;1.50675e-09;3.43264e-05;1.89126e-05;0.000312675;1.01993e-06;0.00339931;6.35364e-06;4.08437e-06;9.75252e-06;8.22374e-05;0.878563;0.000171864
1.98106e-06;0.185441;0.811375;0.000129075;7.39745e-05;3.24646e-08;8.10865e-07;1.03076e-05;2.04542e-09;2.04023e-06;1.06026e-08;9.56209e-05;3.13669e-07;0.00286908
0.000364459;0.766301;8.19046e-07;0.000214529;0.00157248;6.49404e-05;0.000210987;0.0308792;0.00109393;2.46859e-05;0.000367843;0.0405933;0.0529922;0.10532
0.000511513;0.181709;1.84483e-06;4.99165e-05;0.00168835;0.00122121;2.73389e-05;0.472899;6.69814e-05;6.15186e-06;4.75872e-05;0.100978;0.226055;0.0147377
3.81232e-05;0.0829977;1.66571e-05;0.000130258;0.00198993;0.000239042;1.18607e-07;0.0307567;2.16109e-06;8.03328e-06;1.55452e-06;0.844064;0.000883843;0.0388723
1.02307e-05;0.97388;6.08007e-08;6.50297e-07;3.51323e-07;1.34062e-06;0.00321753;4.55689e-06;7.8529e-08;0.000555041;6.20203e-08;3.67251e-08;2.80144e-05;0.0223023
9.60946e-11;3.62634e-11;1;1.96005e-11;2.18673e-10;2.4527e-10;1.04708e-10;3.35196e-10;3.02658e-12;4.35281e-12;4.13598e-12;1.01113e-07;8.83556e-13;3.72578e-12
1.63978e-05;0.00462817;2.26557e-07;2.01446e-06;2.98544e-05;1.21853e-05;1.70871e-07;0.0889304;2.72307e-05;1.02965e-07;8.49872e-05;0.00265395;0.903536;7.86871e-05
7.77329e-05;0.230065;2.74202e-05;1.8233e-05;3.13867e-05;5.85884e-05;0.00012837;0.0130953;2.95283e-05;0.000268436;0.000178978;0.000501614;0.751314;0.00420571
7.07121e-09;2.34479e-07;0.999991;1.49881e-08;3.38157e-08;3.68953e-09;9.28178e-09;9.58328e-08;1.13264e-09;1.86207e-09;1.02196e-08;8.27047e-06;2.11909e-08;6.40352e-10
5.13394e-07;0.000505891;0.00195763;5.27766e-06;1.89676e-06;2.1361e-07;1.04868e-07;0.000821593;1.62904e-05;5.4945e-08;0.00010094;0.996441;8.88402e-06;0.000139726
1.03953e-05;0.979373;0.000179534;1.26683e-05;6.78266e-05;0.000389899;9.64698e-07;0.00026635;2.55579e-06;5.09821e-06;6.04244e-05;0.00255754;0.0141824;0.00289083
2.4895e-07;0.98327;4.32779e-10;7.50826e-08;2.69402e-06;2.02527e-06;1.27075e-05;4.74737e-05;7.54551e-10;7.91161e-06;7.88312e-09;2.54299e-06;2.2185e-06;0.0166525
2.09578e-11;3.56557e-11;1;2.56925e-11;3.57956e-08;1.30507e-09;1.74278e-12;1.93152e-08;1.70529e-13;3.83942e-12;1.83888e-12;2.56386e-09;1.72331e-13;1.59751e-10
2.2361e-08;3.53413e-05;4.89317e-08;5.43922e-09;6.7283e-06;2.31703e-07;4.89852e-12;0.999747;8.83042e-09;5.02032e-11;3.40019e-09;0.00020695;4.00564e-06;1.52611e-07
1.65044e-09;0.99891;1.05842e-10;1.48085e-08;4.77165e-08;1.88178e-08;1.13941e-07;2.56954e-06;1.12024e-11;4.06269e-08;5.38467e-10;2.90925e-09;6.3623e-06;0.00108067
9.75902e-06;0.0386071;5.26669e-05;0.000151422;6.73071e-05;0.00115074;0.000826436;0.590935;9.50744e-06;6.96971e-06;0.000338441;0.000144964;0.367695;4.74709e-06
1.94944e-06;0.989084;1.45652e-06;4.74521e-06;3.08452e-06;1.5163e-06;5.18269e-07;0.000127214;2.12727e-09;1.13696e-06;2.30365e-07;0.00088239;0.00936922;0.000522851
4.89714e-06;0.889524;9.52723e-09;6.04108e-06;5.43118e-07;7.71471e-06;0.109317;0.000185398;1.45997e-05;0.000279726;2.17746e-05;4.05558e-08;0.000568358;6.99708e-05
6.22184e-10;3.34101e-10;0.999998;7.45901e-08;1.66739e-08;2.85886e-09;5.05179e-08;8.56849e-09;1.24814e-09;6.9119e-09;1.17841e-07;1.42174e-06;8.47094e-13;1.53782e-10
1.17787e-06;0.998804;1.99662e-07;1.23183e-05;1.91245e-06;8.42197e-07;1.93694e-06;6.31202e-05;3.33729e-07;4.43848e-07;3.41107e-05;5.59711e-08;0.00107883;5.32208e-07
4.88743e-06;0.0026304;0.000190017;1.47089e-05;3.79779e-05;7.86265e-07;3.80169e-08;0.00015132;1.13603e-06;5.19013e-08;8.25e-05;0.996092;0.000771407;2.23192e-05
0.000904473;0.193454;3.63102e-06;0.000482937;0.00104492;0.0287312;0.0001662;0.365046;0.0131726;4.40031e-05;0.0872296;0.00797207;0.293018;0.00873079
2.71979e-07;0.00624063;5.82458e-12;1.97083e-07;1.23904e-06;4.73357e-07;1.1539e-09;0.00025138;3.66282e-07;1.11994e-08;3.4303e-06;0.000661035;0.992835;5.78071e-06
0.000716791;0.281121;9.91371e-05;4.02658e-05;0.000711956;0.00190244;9.84547e-06;0.0320832;2.27892e-05;0.000275369;2.26006e-05;0.00282755;0.662461;0.0177063
4.60025e-07;1.65357e-07;0.999965;5.47393e-07;1.03477e-06;3.35356e-07;5.86665e-08;1.24011e-05;4.19192e-07;1.73718e-08;1.35591e-06;1.76985e-05;1.19284e-07;2.4165e-08
9.3637e-07;0.000756641;0.000206307;9.56179e-06;1.77628e-06;3.07643e-07;3.09134e-05;0.00250365;3.3698e-06;2.00192e-06;6.92291e-06;0.00304105;0.000114513;0.993322
3.93314e-08;7.52637e-06;6.58766e-12;3.18915e-08;0.00273983;2.52893e-07;1.12972e-08;0.997246;5.06086e-06;2.04791e-09;2.41739e-07;1.46817e-07;7.0216e-08;4.27236e-07
3.50384e-09;4.38155e-06;0.999842;1.54062e-07;0.00010729;1.57037e-06;6.53088e-11;5.46201e-07;1.55029e-12;5.05374e-09;8.53545e-11;4.28673e-05;1.62145e-07;1.40047e-06
1.4332e-07;0.00692064;8.35512e-11;4.79427e-10;9.59833e-08;7.72601e-09;3.79546e-08;0.000245511;8.55361e-10;7.44823e-11;1.46949e-08;4.88123e-08;0.992833;6.39106e-07
2.4934e-09;1.59853e-05;3.26626e-07;1.32491e-06;0.000221015;7.44643e-07;1.8076e-11;1.78077e-06;9.06051e-09;1.10438e-09;4.82236e-09;0.954858;6.84415e-07;0.0448997
9.45908e-06;0.0365807;1.60099e-08;2.17267e-06;1.58499e-08;2.9416e-08;1.00214e-05;0.00118864;1.28296e-05;9.18972e-09;7.44624e-06;1.17598e-05;0.962177;3.60439e-07
3.82915e-07;0.00146298;2.44353e-06;2.75883e-07;3.29092e-08;1.11825e-07;1.00519e-09;7.96978e-06;9.10323e-08;9.38618e-09;3.52305e-08;0.997864;0.000630272;3.16691e-05
2.71051e-05;0.825452;1.77438e-09;0.000101083;0.000118282;0.000180572;2.03656e-05;0.000562141;3.98441e-05;6.60055e-06;0.000114333;7.23772e-05;0.172949;0.000357061
3.68331e-05;0.0129712;0.775594;0.000294156;2.81907e-05;4.58815e-05;6.03833e-07;0.000219074;5.66797e-08;6.56291e-07;1.32776e-06;0.207979;0.0017312;0.00109828
0.000650538;0.354324;0.000632162;0.000120848;0.00486803;0.00141031;7.42653e-06;0.0147396;6.10739e-06;4.5379e-06;3.78956e-05;0.0464916;0.56927;0.00743737
3.29169e-08;5.97451e-06;8.82784e-10;5.91533e-08;1.18512e-07;0.00150907;1.06334e-06;2.56735e-07;7.92268e-08;2.63251e-07;5.99751e-08;4.41663e-09;0.998482;7.12459e-07
8.60108e-08;1.00833e-06;0.999994;1.45839e-07;4.13047e-08;2.35634e-08;2.16602e-09;2.38302e-08;2.18016e-10;1.84062e-08;1.15739e-09;4.04183e-06;6.44225e-09;4.58676e-07
2.53431e-05;0.98573;4.1404e-06;0.000119983;8.58164e-05;0.000110641;0.000105634;0.00492965;0.00155994;5.24597e-06;0.00231384;4.68833e-05;0.00414586;0.000816795
