4.09145e-06;0.995804;2.13964e-05;6.59712e-05;6.30486e-06;4.56563e-06;1.21995e-05;1.11996e-05;1.29042e-07;2.39841e-05;1.03437e-05;3.35611e-06;0.00382259;0.000209798
2.60911e-05;0.00926143;0.00477636;1.17278e-05;1.30016e-05;1.56074e-06;2.49671e-07;9.69873e-05;4.06334e-07;5.82618e-08;8.67799e-06;0.985055;0.000660144;8.87367e-05
0.00185863;0.877722;9.27143e-07;0.00021168;0.00868712;4.84676e-05;0.000417226;0.0447327;0.043585;3.23933e-05;0.0107927;0.00853575;0.000614654;0.00276025
5.9933e-05;0.942258;0.000249288;5.87663e-05;0.000548803;7.39958e-05;6.67091e-07;0.000670376;1.72927e-05;2.80655e-05;5.36753e-06;3.50667e-05;0.055178;0.000815962
2.32983e-05;0.0799574;6.45185e-07;9.37512e-07;8.82376e-06;5.17388e-06;2.19211e-07;0.00470816;0.00121592;1.916e-07;0.00032386;0.912406;0.00130219;4.75559e-05
0.00034718;0.850491;2.60116e-05;2.39987e-06;0.000658925;3.26768e-05;2.08065e-06;0.120736;2.79968e-05;1.13734e-06;0.000100118;0.00224103;0.0253235;9.80366e-06
0.000127688;0.0625136;4.97183e-05;3.78846e-06;3.7187e-06;0.000155923;8.37007e-07;0.00176958;1.99377e-05;2.33673e-06;1.87832e-06;0.0492868;0.883681;0.00238337
3.41276e-07;0.000887714;9.24858e-09;6.54004e-08;1.6095e-07;4.67862e-07;1.12891e-08;0.000569882;1.22276e-07;7.17743e-09;1.05631e-06;9.21651e-06;0.998528;3.26614e-06
1.00596e-05;0.228461;6.64421e-05;5.5555e-06;7.81134e-06;0.000120487;1.21637e-06;0.0152839;2.36559e-07;0.000156483;4.88346e-07;0.00192392;0.743969;0.00999338
8.35746e-09;1.69569e-07;0.999996;1.30467e-07;3.58736e-08;6.21277e-08;2.16415e-08;3.95952e-07;1.05145e-08;1.48175e-08;1.44389e-07;2.81813e-06;8.38018e-08;2.85211e-09
3.40318e-08;3.09542e-06;0.998248;1.059e-06;2.26321e-07;7.04037e-08;4.81414e-08;0.000687086;1.0776e-08;4.39763e-08;2.63168e-07;0.00103879;1.41917e-07;2.14715e-05
2.90657e-09;6.05047e-05;1.69152e-06;2.90904e-08;4.52626e-06;0.000118843;1.09899e-10;1.7078e-06;4.42798e-12;7.95714e-09;1.23291e-09;3.76404e-06;1.03083e-07;0.999809
1.09325e-06;0.00367777;4.65688e-08;7.24951e-07;1.4671e-06;1.35478e-05;2.22013e-08;0.00180555;2.41135e-08;1.2001e-08;3.39543e-06;0.000716834;0.993779;1.29052e-07
5.2234e-05;0.952779;8.63316e-08;0.00141686;2.15888e-05;0.000220851;4.59871e-06;0.00406977;1.86708e-05;1.95074e-06;4.40494e-05;0.000765882;0.0400575;0.000546653
1.14333e-06;0.000967659;3.58721e-09;3.42565e-07;2.35484e-05;4.70168e-08;6.17789e-09;0.998954;1.23059e-08;4.46334e-07;1.51157e-08;1.25331e-06;1.44851e-05;3.69714e-05
4.38236e-07;4.8933e-05;0.99952;3.68897e-05;1.25256e-05;0.000119118;2.8916e-07;7.90691e-08;9.44939e-09;1.84242e-05;3.92794e-06;0.0001731;2.31232e-06;6.40569e-05
7.8169e-08;0.0020019;8.8441e-11;1.06172e-08;3.68258e-11;8.70397e-10;0.997813;8.88525e-09;7.8466e-07;4.61901e-05;0.000138182;2.47967e-11;2.29922e-07;1.04863e-07
4.4312e-09;3.55247e-10;0.999999;1.3968e-08;1.15207e-09;1.39782e-09;3.19927e-07;1.60092e-08;8.24986e-08;1.93517e-08;3.10906e-07;1.72838e-07;1.12058e-11;2.66956e-11
0.000128859;0.600204;1.52909e-08;0.000126257;0.000503946;9.4282e-07;0.000162081;0.394578;0.00284629;3.73824e-05;0.000914278;0.000296172;8.38328e-05;0.000118159
0.000152715;0.731452;0.111597;0.000369262;4.62202e-05;3.16708e-06;7.4231e-05;0.000150475;6.34592e-06;9.25534e-05;0.000348503;0.000868434;0.154784;5.45686e-05
0.000137329;0.0394886;3.68459e-05;6.19709e-06;1.06572e-05;2.36774e-06;3.33279e-05;0.115912;0.000198906;7.48796e-07;0.00227237;0.809274;0.0326093;1.76821e-05
0.00107266;0.218039;9.73863e-06;0.00362588;0.219678;0.0132367;4.23522e-06;0.3578;0.00204109;0.0015086;0.000367291;0.151953;0.00811857;0.0225453
0.00471635;0.0333684;5.86495e-07;7.83621e-05;8.89492e-05;0.000409469;0.000191473;0.00121935;0.0348628;0.000203652;0.00422337;0.000868958;0.919704;6.39194e-05
0.00155903;0.0537405;0.914816;2.69097e-05;3.30878e-05;5.33745e-06;1.17452e-05;0.000404911;2.27854e-05;1.22415e-05;7.27445e-06;0.0282046;0.000180228;0.000975575
2.22659e-05;0.961904;3.82171e-06;3.43125e-06;5.66512e-05;3.2569e-06;1.4646e-05;0.0332946;0.000455806;2.41602e-07;8.78934e-05;0.00125586;0.00274064;0.000156957
2.56436e-06;0.980546;6.22102e-08;2.5099e-06;3.48898e-05;9.35413e-07;2.25804e-08;0.0181765;6.21131e-07;1.06083e-06;1.58017e-07;0.00105523;0.000103054;7.62644e-05
6.0074e-05;0.00213108;1.8242e-07;2.40364e-06;6.58265e-06;8.0708e-06;8.21878e-07;0.0414981;0.000165797;1.34822e-07;2.88847e-05;0.000527553;0.95557;5.03066e-07
5.57291e-05;0.895009;1.47747e-10;1.02525e-05;1.46624e-06;1.05868e-06;1.91954e-06;0.0192319;0.000128732;1.1333e-06;4.96592e-05;0.000978089;0.0844128;0.000118785
0.000229816;0.70919;7.82733e-05;0.000178855;3.67717e-05;2.2575e-05;0.177228;0.0002809;7.21052e-06;0.0315219;3.83618e-05;0.0414491;0.000492924;0.0392449
5.53893e-08;6.39889e-08;0.999847;1.14107e-06;2.03969e-07;6.83532e-08;0.000141276;2.42072e-07;2.31761e-07;5.7162e-07;6.2099e-06;3.12608e-06;3.81381e-10;1.95902e-09
1.57242e-06;0.970071;9.97371e-06;8.28281e-06;6.06599e-07;8.28934e-07;1.83637e-05;1.02222e-05;1.03042e-07;7.57505e-07;3.27642e-05;5.55845e-06;0.0298398;5.62546e-07
1.86917e-05;0.0687566;1.33159e-05;2.82934e-05;6.26902e-07;2.80226e-06;9.14546e-05;0.19959;0.000286668;3.82099e-07;0.00553996;0.720743;0.00489689;3.16332e-05
3.55482e-05;0.307101;1.44588e-06;0.00672254;0.0307216;0.269352;6.34788e-06;0.311298;9.07069e-05;0.000264129;0.00391369;0.040524;0.0161227;0.0138458
8.51997e-06;0.00253698;2.26394e-08;8.52378e-06;9.09157e-07;3.20058e-05;8.74847e-07;5.70578e-05;8.68217e-06;1.30607e-06;0.000221104;0.000321378;0.996795;7.68841e-06
3.01e-05;0.00146025;0.993025;6.89394e-06;1.27974e-05;4.44719e-07;1.66873e-07;1.36716e-05;1.94725e-08;4.65289e-07;4.61928e-07;0.00339292;1.85253e-06;0.00205469
6.29145e-06;0.994132;2.12055e-06;7.78133e-06;3.03357e-05;4.94176e-06;2.86936e-05;0.00144481;4.09643e-05;1.56814e-07;0.00027384;9.95877e-05;0.00319067;0.000738061
1.8971e-06;0.938416;5.39084e-08;6.35874e-06;7.19671e-06;9.64184e-06;3.10507e-08;0.0605205;3.635e-07;1.72835e-06;3.85356e-07;0.000187266;0.000484242;0.000364187
1.14333e-06;0.000655984;4.91506e-11;6.22396e-07;4.12198e-07;1.174e-06;1.21716e-07;0.000517839;1.53098e-06;7.21393e-08;1.85745e-05;0.000211278;0.99859;1.70484e-06
6.38983e-06;0.000625809;3.79115e-07;1.61154e-06;2.32747e-06;3.10314e-08;1.58776e-07;4.60265e-05;9.7984e-06;9.1985e-08;2.72917e-05;0.999118;0.000159745;2.18667e-06
7.92359e-05;0.992325;7.75666e-06;0.000305836;0.000205644;2.46186e-06;0.000362951;0.00600992;2.22341e-05;6.529e-05;2.39801e-05;0.000486276;8.73136e-05;1.62007e-05
1.78429e-05;0.970296;1.7876e-05;7.6592e-05;1.44627e-06;3.24777e-07;5.0925e-05;4.64805e-05;2.9814e-06;2.74996e-05;3.27804e-05;4.09623e-05;0.0293847;3.38484e-06
5.60748e-06;0.00748656;2.81639e-07;6.1464e-07;4.50336e-07;2.34174e-07;3.29229e-06;0.00764551;9.99529e-06;3.44269e-08;0.000259633;0.979855;0.00473017;2.34136e-06
4.25345e-05;0.898912;3.12808e-06;3.09706e-05;0.00152966;0.000513362;0.000174223;0.0859484;3.1396e-05;3.71882e-05;0.000340262;0.000141807;0.00983445;0.00246089
2.57336e-06;0.0005577;1.40764e-08;3.68042e-07;1.07932e-06;1.92371e-05;1.68975e-06;1.81994e-06;1.24378e-05;3.00544e-07;2.72896e-05;2.88941e-05;0.999346;5.79145e-07
3.49155e-05;0.00786156;0.988233;3.06994e-06;1.92914e-05;8.81967e-07;2.31076e-07;2.74822e-06;5.49524e-08;7.09988e-07;1.50557e-08;0.00355576;7.33221e-08;0.000287056
1.30081e-06;0.997525;5.41999e-09;2.11672e-07;3.50056e-06;1.36252e-06;1.37326e-06;0.00025513;8.29152e-06;2.94516e-08;9.14554e-06;4.44988e-05;0.00211363;3.68058e-05
2.58332e-07;0.9977;4.23602e-09;8.53859e-10;2.63347e-09;1.3838e-08;1.06654e-09;2.44564e-06;8.56567e-11;1.75074e-09;1.58211e-10;0.000798004;0.00149864;5.51128e-07
2.18486e-07;0.000362292;5.94401e-05;1.96447e-06;0.000587764;0.000960129;1.74394e-08;0.000849007;6.74223e-08;1.48432e-07;5.81224e-08;0.482375;3.82675e-05;0.514765
4.81158e-08;0.000598434;2.02755e-09;1.04404e-08;1.69005e-08;9.51102e-08;8.63765e-09;0.000557341;1.32224e-08;1.99586e-09;8.41522e-08;6.49146e-08;0.998844;8.52526e-09
3.82138e-06;0.00118361;4.68468e-05;4.45871e-05;4.1654e-06;0.000150075;9.52677e-08;6.89946e-05;4.41163e-05;4.72131e-06;1.07645e-05;0.996627;0.00172338;8.79804e-05
8.96149e-06;0.998826;2.57513e-06;1.03373e-05;1.8879e-08;2.96447e-08;1.2552e-05;0.000190689;1.74622e-05;6.02147e-07;0.000347224;0.000154178;0.000429793;2.1878e-08
2.89043e-07;0.997527;3.56233e-07;1.76372e-05;6.97335e-07;8.77582e-08;0.000848027;6.12752e-05;8.2635e-09;0.000811914;4.35113e-07;9.04737e-07;1.53295e-07;0.000730779
1.0432e-06;5.59438e-06;0.999532;1.05605e-05;2.15764e-07;7.45063e-07;4.91701e-05;1.24993e-06;3.56989e-07;4.10668e-07;0.000385339;8.65644e-06;5.02729e-06;5.12873e-08
1.03695e-05;0.988695;1.33858e-08;1.92807e-07;0.000100573;1.54154e-07;6.58724e-07;0.0111532;2.33684e-07;2.32991e-06;1.4101e-06;6.43956e-07;3.05344e-05;5.03719e-06
0.000355165;0.00488986;0.00554389;2.64625e-05;0.0456398;2.65599e-06;2.44142e-07;0.00019588;7.49269e-06;1.09861e-05;2.5885e-07;0.941066;3.9182e-07;0.00226076
3.64374e-05;1.17929e-05;3.91609e-08;7.4966e-08;1.37963e-08;2.29306e-09;0.000175936;0.000218641;0.999016;2.47829e-08;0.000537894;5.56325e-11;3.24695e-06;1.04996e-10
1.90937e-05;0.997294;1.16222e-09;3.87052e-08;2.42261e-08;2.81936e-08;1.06859e-07;0.000115524;1.09737e-05;3.43897e-08;5.21149e-07;3.53874e-05;0.00252459;1.64446e-07
3.54746e-05;0.83764;1.45445e-08;3.42387e-05;2.84937e-05;6.05714e-06;0.0308035;0.000387324;4.3657e-05;0.0792253;3.67598e-06;4.76013e-05;9.08961e-06;0.0517361
4.57619e-09;6.21566e-10;0.999993;3.09755e-08;1.25653e-09;1.99366e-09;2.75279e-07;2.60725e-09;3.07125e-08;7.39655e-09;1.59635e-07;6.29587e-06;5.27408e-13;4.18716e-10
3.95515e-07;9.10029e-06;1.45157e-10;3.36966e-10;5.15082e-08;3.31322e-10;4.03997e-09;0.99999;4.55711e-07;1.26415e-10;1.56526e-08;5.28138e-08;4.09878e-08;8.98873e-09
1.26814e-06;0.000199451;1.21751e-05;5.13547e-06;0.00233409;0.00267515;1.37258e-08;0.000245663;1.19985e-06;3.83328e-07;8.58959e-07;0.0148858;0.000169121;0.97947
1.95219e-06;0.00112652;5.40726e-08;4.53583e-07;2.2911e-06;1.7248e-07;6.08153e-09;0.0123257;1.34121e-06;5.795e-09;1.17371e-05;0.000125625;0.986402;2.15162e-06
7.31294e-07;0.0118051;9.22818e-08;8.15974e-07;1.14957e-06;5.77898e-07;8.47816e-10;0.000465456;7.76835e-08;4.1689e-08;3.83663e-08;0.982139;0.00513936;0.000447909
3.89078e-07;0.0028067;2.5789e-08;2.90713e-06;6.83344e-06;4.09801e-07;3.51411e-08;0.0102151;1.64334e-07;7.42661e-08;1.39504e-05;0.000885811;0.986065;2.80562e-06
8.01275e-06;0.0255555;5.8617e-05;3.969e-05;1.45101e-05;0.000346728;0.000429755;0.00279373;1.6389e-06;0.00124187;4.12678e-05;0.000398021;0.968758;0.000313067
2.37829e-09;7.96171e-10;0.999999;4.77961e-08;5.60268e-10;1.03434e-08;2.6225e-08;5.75125e-09;1.89227e-09;9.35339e-10;3.16148e-07;2.55447e-07;1.37316e-10;1.23519e-11
1.63453e-05;0.072465;0.00323025;0.00105568;1.09749e-05;1.76061e-05;6.69187e-06;0.00782748;0.000175473;9.6487e-06;0.0179478;0.89644;0.000122038;0.000674893
1.28041e-06;0.999145;4.01919e-10;6.03393e-07;5.8281e-07;3.21489e-06;1.40563e-05;0.000466741;4.55168e-08;1.6994e-06;8.99918e-06;1.78802e-09;6.29862e-05;0.000295014
5.15259e-09;9.0532e-06;0.999989;4.5748e-09;2.02908e-07;1.57146e-08;6.1033e-10;3.26333e-07;1.43574e-12;1.38695e-10;6.51246e-11;1.03063e-06;8.17797e-10;2.72249e-08
1.29721e-05;0.00302826;2.26724e-06;4.35224e-06;0.0267557;0.000287667;1.81953e-06;0.894314;3.83748e-07;1.80344e-07;3.70787e-07;0.000196275;0.00158106;0.0738147
1.63494e-08;5.49256e-06;6.13908e-07;9.82181e-08;9.27308e-07;0.00118661;2.05562e-08;2.50964e-06;1.04298e-08;8.29983e-08;8.82858e-07;7.95959e-09;0.998803;2.17197e-07
3.52395e-08;1.53722e-07;0.999996;2.49643e-08;9.79141e-08;1.31432e-08;4.28604e-10;8.31601e-09;1.66939e-11;7.05572e-09;4.83259e-10;4.06061e-06;4.78549e-09;8.00228e-08
7.94273e-07;0.999001;8.51536e-07;9.89521e-07;5.65752e-06;1.77674e-06;3.53805e-06;0.000584837;1.18431e-05;6.76439e-08;1.67895e-05;5.43601e-06;0.000359388;6.50321e-06
