1.08805e-06;1.33334e-05;5.03031e-11;1.41829e-09;2.68362e-07;6.66465e-09;1.97604e-09;0.999979;1.28966e-06;6.30957e-10;2.61054e-08;1.2652e-06;3.90011e-06;1.07902e-07
4.60626e-06;0.00182658;3.56137e-06;1.06804e-05;0.000518082;2.80985e-05;0.000126267;0.00088129;1.52672e-06;0.000536769;6.81703e-07;4.49748e-05;9.6154e-07;0.996016
2.33604e-08;1.72643e-07;0.999999;8.04887e-09;9.79405e-11;1.9202e-10;3.83478e-07;1.12705e-08;3.78966e-08;1.33849e-09;6.69107e-08;7.40657e-07;3.7947e-10;3.80955e-11
6.83575e-06;0.0681248;5.43007e-05;4.30213e-06;1.73045e-07;1.0804e-07;5.55019e-06;0.000139845;4.50525e-06;1.57671e-07;6.68086e-05;0.923985;0.00760667;7.11694e-07
5.1085e-06;0.911361;4.18542e-06;3.76245e-05;0.000284308;2.32802e-05;1.2199e-05;0.0230077;3.95355e-07;1.18824e-05;1.70306e-06;0.0488238;0.00486382;0.0115626
4.99219e-06;0.00529649;1.55852e-05;1.25794e-05;6.16592e-08;4.34458e-05;9.49655e-05;0.000107806;5.98308e-07;3.96537e-06;0.000119375;0.988384;0.00490511;0.00101092
8.77255e-07;0.961641;1.92957e-08;2.09698e-06;4.81684e-08;1.67243e-05;0.0155337;0.000262698;7.7004e-07;0.000257821;2.64305e-06;9.55887e-10;0.00114698;0.0211347
5.83424e-11;1.74568e-10;1;1.48346e-10;1.21101e-10;1.64695e-09;5.43554e-08;3.61511e-10;6.85183e-11;4.67584e-08;8.40979e-10;1.93553e-10;6.28795e-13;1.1899e-11
7.33488e-09;2.607e-08;1;1.60085e-09;1.12651e-10;3.04931e-10;1.34831e-08;9.31209e-08;3.49136e-08;1.5413e-10;9.9454e-09;1.1289e-08;1.07705e-08;5.8308e-13
8.5934e-07;0.000507901;0.00748599;2.40841e-06;1.28383e-06;9.46591e-07;3.14365e-08;0.000142386;8.70304e-06;2.404e-07;7.9685e-06;0.99137;4.01752e-06;0.000467424
3.60552e-06;0.877774;7.71023e-08;2.08557e-07;9.05289e-06;6.61863e-05;2.81551e-07;0.000125157;8.69706e-08;1.45018e-07;3.37544e-07;2.24281e-06;0.121136;0.000882977
8.31283e-08;0.145662;2.23412e-08;1.8123e-08;3.61107e-06;4.12281e-06;8.50853e-07;1.7196e-05;2.04649e-11;2.89184e-06;7.15932e-11;8.92556e-06;2.79473e-06;0.854298
2.30997e-10;1.88885e-09;0.999999;1.05387e-10;3.99672e-08;2.71905e-08;3.4535e-11;5.37302e-09;3.77484e-12;1.20442e-11;1.94124e-11;6.11684e-07;3.35481e-10;2.89483e-09
7.39499e-10;0.99932;2.40111e-10;6.36308e-09;5.71126e-09;1.93789e-08;1.27964e-06;3.23297e-06;1.5919e-09;5.14164e-09;1.34204e-09;1.66161e-08;0.000166613;0.000508944
3.38139e-06;0.474329;3.31883e-06;2.127e-05;2.27934e-06;0.000229352;0.00191621;0.0561119;2.76139e-05;1.02986e-06;3.67022e-05;1.10544e-05;0.467304;3.4934e-06
7.10517e-07;0.993355;2.31782e-06;4.52235e-06;2.36387e-08;6.23871e-08;3.11833e-07;0.000432215;4.74617e-08;3.92832e-07;3.49385e-07;0.0061751;2.84739e-05;7.29216e-07
3.27191e-08;0.999817;2.08867e-07;1.22568e-06;2.21736e-07;1.99432e-08;1.60146e-06;2.43077e-06;7.8395e-11;1.65406e-05;4.25663e-10;9.39197e-07;4.17689e-08;0.000160179
1.97882e-07;2.12501e-06;0.999914;9.49951e-08;7.06016e-07;1.74216e-05;1.07881e-05;1.14397e-05;1.39603e-08;9.07599e-07;3.51982e-07;1.15467e-08;4.19364e-05;3.34043e-08
5.13987e-09;5.11135e-10;1;4.63724e-10;2.12229e-10;3.14459e-10;9.15964e-10;5.92749e-09;9.61728e-10;6.37214e-10;1.79054e-09;7.77001e-09;2.2925e-09;8.79641e-13
6.45891e-08;3.1358e-08;0.999664;6.11543e-09;2.78625e-08;5.59178e-09;1.8942e-10;1.53346e-07;4.05756e-08;2.00859e-09;8.87017e-10;0.000335829;4.58608e-10;1.23543e-07
2.94751e-06;0.000114192;4.39506e-08;9.64648e-08;0.0029757;0.00103606;1.33391e-08;5.44076e-06;6.46703e-06;8.99589e-08;2.07366e-06;8.93359e-06;1.28152e-05;0.995835
0.000168954;0.995365;2.50966e-05;2.07808e-07;1.44348e-05;1.57786e-06;9.49177e-05;2.90374e-05;1.21347e-06;6.23595e-05;6.0442e-08;0.000407688;0.000141334;0.00368827
3.65794e-08;7.61198e-10;0.999999;1.84501e-10;1.10749e-07;6.50862e-10;1.61323e-09;5.12266e-07;1.4687e-08;7.96933e-10;5.38821e-10;1.77246e-07;3.33052e-11;3.92839e-11
2.75682e-06;0.998788;2.4085e-06;2.97086e-08;2.00499e-07;1.4695e-07;9.76885e-07;0.00113792;1.2879e-07;1.88967e-07;4.06995e-09;1.4371e-07;5.54182e-05;1.17275e-05
4.65787e-11;1.14461e-09;0.999999;3.07886e-11;4.89376e-10;6.48109e-13;1.82318e-11;5.31214e-07;9.56078e-12;3.412e-11;2.40937e-12;1.15699e-07;7.03409e-13;4.64799e-12
1.07184e-06;1.0675e-05;4.41891e-07;1.06209e-05;0.000159645;4.82066e-05;2.96632e-06;0.998767;0.00037626;2.84007e-06;6.22607e-05;0.000186376;0.0003419;2.92424e-05
1.09065e-06;0.995425;4.51869e-05;5.82797e-06;2.89126e-06;2.94598e-06;8.55724e-06;0.00444468;3.17524e-08;4.39276e-06;2.29494e-08;1.17715e-06;5.58329e-05;2.66023e-06
1.39593e-09;1.57969e-08;0.999999;3.73029e-09;1.19921e-10;1.38059e-10;2.36043e-09;6.94351e-08;5.56092e-10;3.5577e-10;7.81669e-10;1.04723e-06;6.31225e-10;1.489e-11
2.78209e-08;6.24365e-06;6.72778e-05;1.78075e-07;3.67802e-07;1.69131e-07;7.23891e-10;2.41828e-05;1.72325e-07;1.11553e-08;2.56629e-07;0.999848;5.43774e-08;5.28494e-05
2.42497e-06;0.963767;2.27846e-07;1.93012e-07;2.30934e-05;0.000477567;2.3709e-06;1.50894e-05;8.21281e-08;3.36774e-07;5.65134e-07;1.91711e-06;0.0330322;0.00267737
4.84736e-07;0.000224378;1.12851e-05;1.28517e-07;0.000407482;1.02354e-05;5.13915e-10;0.00506276;1.01004e-08;1.22952e-08;3.50657e-09;0.993807;6.37214e-05;0.000412247
3.15497e-06;0.00141909;1.52444e-08;1.48124e-06;2.04262e-05;1.17846e-05;6.24324e-08;0.995417;0.000953165;2.46071e-08;1.97975e-06;3.51666e-06;0.00216832;9.94771e-08
3.00749e-08;0.999652;1.3011e-07;2.80217e-08;8.03809e-09;8.22897e-08;4.6371e-08;0.000331535;1.33594e-10;4.29541e-08;1.00465e-11;4.48176e-09;1.64128e-05;1.75015e-07
4.78954e-10;2.20594e-08;1;1.78808e-09;1.70066e-10;3.04198e-10;1.03259e-09;1.7356e-07;1.53434e-10;1.75521e-10;2.52821e-10;1.9751e-07;2.39456e-09;3.85376e-12
8.66658e-08;6.9101e-05;0.000389303;2.22803e-06;3.12992e-06;1.53562e-06;6.3552e-09;0.000218261;4.70667e-07;3.26744e-08;7.80032e-07;0.999261;8.53235e-06;4.55104e-05
7.08499e-05;0.191113;1.55505e-05;8.09299e-05;0.0182627;0.0130481;2.00712e-06;0.741663;0.000666251;3.21693e-06;0.00223769;0.00170403;0.0288908;0.00224258
2.04367e-05;0.660305;1.32928e-07;1.19136e-06;0.00946924;0.00498056;5.15993e-07;0.310847;2.73903e-07;5.81867e-06;1.16887e-07;1.79315e-05;0.00986435;0.00448654
4.17539e-11;2.08958e-10;1;6.95687e-12;9.54543e-11;6.0913e-12;6.27038e-13;2.10819e-10;1.42184e-13;4.5978e-14;3.04132e-13;1.26933e-08;1.42773e-11;6.27524e-14
2.94742e-05;0.21602;2.32293e-05;9.41964e-05;0.000323489;0.000167549;1.37788e-07;0.429065;0.000351645;4.12725e-07;1.69395e-05;0.311616;0.038776;0.00351501
1.07765e-06;0.989001;3.29896e-08;8.07558e-06;5.21002e-06;1.29292e-05;1.05022e-08;0.00881167;4.62597e-07;3.40586e-07;1.07897e-07;1.29517e-07;0.0021438;1.49157e-05
1.26689e-05;0.111331;3.08461e-06;2.79903e-06;3.77871e-07;3.83695e-07;1.19053e-06;2.57671e-05;3.80572e-07;4.63736e-07;8.19176e-06;0.550589;0.338019;6.70118e-06
4.73512e-06;0.839502;8.3038e-06;7.99337e-07;0.0157641;3.18739e-05;8.95019e-05;0.141875;5.71076e-07;1.79694e-05;3.30656e-06;0.000211286;1.34097e-05;0.00247785
3.47437e-05;0.000406909;0.946109;4.01035e-05;0.0439178;0.000119505;1.98672e-08;0.00308502;3.18005e-07;4.21893e-07;1.72862e-06;0.00462059;5.31359e-06;0.00165853
0.000281703;0.826354;2.05059e-07;1.45235e-05;3.34745e-05;5.62263e-05;0.000612883;0.0210486;0.0161738;6.50961e-07;0.0108573;0.000244068;0.123266;0.00105652
2.24981e-06;0.999763;8.39751e-09;2.74446e-08;1.51918e-08;6.12183e-09;1.94204e-07;1.2072e-06;2.04647e-08;2.71407e-08;2.71177e-08;0.000171543;6.15649e-05;9.81261e-08
1.81693e-07;9.8324e-05;2.21042e-07;4.49738e-06;0.000421427;3.66076e-06;1.08229e-07;3.34187e-05;1.39265e-05;2.11574e-07;2.5918e-06;0.999085;1.46127e-06;0.000334496
1.91849e-06;0.986144;0.00011335;2.05267e-05;4.49484e-06;7.31365e-07;6.554e-07;0.000102744;1.93955e-07;7.06617e-07;6.72813e-07;1.89523e-06;0.0136069;1.25361e-06
0.000107778;0.28256;4.23425e-05;1.20679e-05;1.15736e-05;2.09435e-06;1.90149e-05;0.00836925;0.00116253;2.49132e-07;8.43931e-05;0.70214;0.0054524;3.68927e-05
0.00273965;0.414743;0.00064177;8.28335e-05;0.00369622;0.00603103;1.17701e-05;0.531037;0.000923537;8.89349e-06;2.24727e-05;0.00446348;0.0329136;0.00268467
3.28921e-05;0.983253;0.000102008;7.09743e-07;6.83782e-07;7.69385e-06;4.61403e-07;0.000194176;1.61704e-07;6.65861e-07;1.95287e-08;0.0144352;0.00193346;3.84949e-05
8.15988e-05;0.188612;0.00116816;6.33792e-05;0.00360761;0.00295252;2.45826e-07;0.0398932;2.15111e-05;4.60295e-06;1.06606e-05;0.23608;0.0290404;0.498464
2.78662e-07;0.99989;1.96044e-08;4.60322e-08;7.52331e-09;3.70312e-09;6.38049e-05;6.47252e-07;3.12849e-08;9.17115e-06;3.1312e-08;7.93141e-07;2.78268e-05;7.84254e-06
1.22355e-08;1.75588e-08;0.999988;2.22011e-07;1.16114e-08;6.89475e-08;1.02797e-05;7.00483e-09;8.27987e-07;2.53012e-07;1.68123e-07;3.06709e-07;2.20398e-11;1.671e-09
4.69237e-06;0.999751;1.72206e-08;1.53381e-05;5.91779e-08;7.18171e-08;2.89486e-05;0.000138748;1.49922e-05;4.93356e-07;1.81702e-05;1.19758e-05;1.49429e-05;4.85053e-07
1.33926e-06;0.983143;1.63331e-08;3.07885e-06;4.29297e-09;7.04513e-08;4.60774e-05;1.78892e-06;4.67392e-07;2.74212e-07;2.27171e-06;0.00343024;0.013371;6.7116e-07
6.56054e-06;0.171589;1.73487e-07;0.000118102;0.000180212;0.00012547;8.31101e-06;0.00267869;2.92396e-05;4.38014e-06;8.8633e-05;0.818923;0.00466429;0.00158406
0.000129357;0.543489;3.85146e-06;0.000746174;0.00255468;0.00495557;0.000274014;0.0543191;0.000315619;3.2395e-05;0.000950983;0.0213519;0.368449;0.0024288
0.000757507;0.563862;0.00022542;4.44801e-05;8.35649e-05;2.65814e-05;7.37484e-05;0.0428161;8.61973e-05;6.95693e-06;4.09525e-05;0.215401;0.176477;9.83371e-05
3.74199e-05;0.163338;3.13714e-05;0.000153351;9.98542e-05;6.44652e-05;3.53572e-06;0.00935794;0.000801053;4.29867e-06;0.00109647;0.802934;0.00516864;0.0169095
5.2181e-05;0.138972;7.75417e-07;1.99718e-07;5.77506e-05;9.32423e-06;2.78782e-08;0.856703;1.03979e-07;8.99724e-07;8.62867e-08;3.39587e-05;0.00333148;0.000837686
4.32822e-07;0.00397211;3.11913e-06;5.93556e-07;7.38996e-06;1.0726e-05;2.45645e-08;7.18173e-05;4.05206e-07;1.15322e-07;1.27507e-06;0.994066;0.000215961;0.0016497
2.81988e-06;0.994949;2.82032e-07;2.5254e-07;5.33974e-08;2.83031e-08;0.00195837;3.52972e-05;2.44576e-07;4.28377e-05;1.12662e-06;9.12167e-07;0.00300286;6.1428e-06
5.0451e-08;4.55167e-08;0.999998;3.18102e-08;1.97166e-08;6.15742e-08;8.31378e-07;5.29911e-08;8.78578e-08;1.73171e-07;3.03739e-08;1.53632e-07;8.62315e-09;7.97192e-10
1.09947e-05;0.999551;5.64434e-05;1.85197e-05;6.78636e-07;2.26831e-08;1.1273e-05;0.000192145;5.15561e-06;1.69987e-06;2.28889e-06;6.63748e-05;8.24345e-05;1.22085e-06
1.48858e-05;0.859582;6.91568e-06;0.000347452;9.54324e-06;2.81675e-06;9.21953e-05;0.0219532;0.000243324;2.718e-05;0.000782287;0.0869518;0.0297655;0.000220836
0.00486529;0.117229;0.0135077;0.0299478;0.0380879;0.0395861;0.00283832;0.342352;0.00286589;0.0100704;0.0274734;0.0992104;0.0263153;0.24565
0.000289774;0.424886;1.22752e-06;0.000222395;2.20863e-05;0.00037323;2.07022e-05;0.190162;0.00022493;4.75608e-05;0.00043134;0.00289627;0.379742;0.000680363
6.68273e-06;0.998316;9.9989e-09;6.99465e-08;6.5643e-09;4.08234e-08;0.000420523;2.29857e-05;5.70522e-08;1.70812e-05;1.18834e-07;9.3293e-07;0.00118939;2.64896e-05
1.58303e-08;8.88796e-08;0.999994;1.08127e-08;1.79823e-08;1.95851e-07;4.21822e-06;5.93823e-07;1.19862e-07;1.30093e-06;3.53807e-09;3.21876e-08;1.32726e-10;1.26717e-09
2.44278e-09;9.875e-09;0.999999;7.01486e-09;4.44948e-10;2.82267e-09;5.64029e-09;1.66621e-07;8.44189e-09;8.99861e-10;2.24588e-09;6.34802e-07;4.02288e-09;1.59435e-11
1.15549e-07;0.000404303;0.00351208;1.93686e-05;7.43108e-07;6.8313e-06;9.6064e-08;0.000487578;2.4632e-06;4.94783e-07;1.68386e-05;0.995231;4.03067e-06;0.000314005
3.04891e-06;0.00145245;8.38825e-07;5.22155e-06;0.0152533;0.0044298;3.16737e-07;0.969042;3.30022e-07;8.53706e-07;1.65011e-06;3.60295e-08;0.000413209;0.00939686
2.50735e-07;0.00404495;6.54823e-05;4.21759e-06;0.000507353;0.000236625;3.55873e-09;0.000576369;1.32332e-08;1.86785e-08;1.85235e-06;0.991049;0.000908255;0.00260524
1.43031e-07;0.998697;1.47639e-07;6.37355e-08;1.90715e-06;2.92675e-05;0.000138718;4.36129e-05;3.84484e-09;3.21102e-06;6.10261e-08;6.53073e-08;0.000926492;0.000159489
2.37614e-11;1.13267e-10;1;1.29221e-10;1.16359e-08;2.35656e-08;1.13994e-12;1.23151e-09;1.23827e-13;7.18515e-12;2.39574e-12;1.76261e-07;1.40213e-10;1.80094e-10
2.89102e-06;0.169254;2.44304e-05;8.27332e-05;0.000261352;0.000641736;2.57273e-06;0.0329603;1.99706e-05;1.19826e-06;0.000198295;0.00920525;0.784413;0.00293167
1.35319e-08;4.0724e-05;5.72612e-11;2.68107e-10;8.66928e-08;7.07603e-09;8.26382e-11;0.999937;1.20539e-10;2.52908e-10;2.87431e-10;7.37979e-08;2.16443e-05;2.97842e-08
4.73111e-08;5.07251e-05;3.72578e-05;1.48195e-06;0.000400907;0.000265221;5.38106e-09;6.15004e-06;3.72138e-10;2.90022e-07;1.11724e-08;0.00693736;2.10656e-05;0.992279
1.19887e-06;0.0280076;1.05252e-06;1.35845e-06;1.66298e-07;2.48026e-08;2.33788e-07;0.000252267;8.7212e-07;1.06433e-08;2.1925e-05;0.00298877;0.968724;7.58833e-08
1.69199e-07;0.99642;3.28529e-11;2.19132e-07;2.0207e-07;1.03339e-07;5.61887e-05;0.00027869;7.35062e-09;1.2885e-05;2.04956e-08;5.63141e-08;6.36474e-05;0.00316812
1.08002e-10;8.81403e-10;0.999994;1.00177e-09;9.62372e-09;1.33076e-09;9.82787e-11;1.03623e-09;9.62762e-13;1.10767e-10;3.02298e-11;5.59774e-06;1.34738e-12;2.6902e-11
5.75847e-06;0.974974;7.85797e-07;0.00024485;2.57448e-05;4.81078e-05;0.0122287;0.00440854;4.47379e-05;1.32886e-05;0.000210564;3.17954e-06;0.00748518;0.000306601
0.000139701;0.525613;4.42544e-05;0.0106413;0.000381981;0.0119551;0.00271027;0.00606398;0.00118337;0.000200017;0.0290905;0.00304935;0.408728;0.000199346
0.00051951;0.620785;9.57772e-09;0.0454087;0.000402377;0.0140869;0.000170893;0.00260466;0.0130955;0.00161628;0.0771557;0.00839919;0.213336;0.00241927
0.010243;0.862144;0.0312892;0.00629802;0.00047021;0.000147764;0.000153504;0.00935636;0.000347522;0.000310682;0.00407732;0.0743998;0.000297619;0.000464535
1.353e-05;0.62648;3.14994e-09;8.47884e-07;1.32603e-08;7.18649e-08;0.372233;1.63463e-05;1.54814e-05;0.00103419;8.11011e-05;6.14664e-08;3.96653e-05;8.5994e-05
1.99906e-09;3.54215e-10;1;2.3673e-09;1.25057e-09;3.55646e-09;5.62556e-08;4.35628e-09;1.51057e-09;6.39206e-09;3.78296e-08;1.12586e-07;2.15401e-12;6.94233e-11
0.000215213;0.595931;1.72108e-06;0.000459694;0.000333897;0.00110927;7.92494e-05;0.0920718;0.00277778;2.57889e-05;0.00289506;0.113189;0.190334;0.000576383
0.000106544;0.340738;8.17667e-09;0.000116106;0.000302638;8.24747e-05;3.11302e-05;0.125874;8.06949e-05;9.96054e-06;0.00156234;5.65317e-05;0.528448;0.00259158
0.000489878;0.224053;0.741697;0.00069689;3.53561e-05;1.10927e-05;1.436e-06;0.00163192;2.57232e-06;4.10775e-05;1.33496e-05;0.0254013;0.000825286;0.0051007
3.46994e-06;0.0498606;6.85563e-07;5.9114e-06;1.57387e-08;1.13044e-06;0.937949;5.37792e-06;7.43137e-06;0.00989202;0.000121631;1.10937e-09;4.30178e-06;0.00214864
5.27861e-13;2.59152e-14;1;1.63846e-12;8.91539e-13;5.83107e-13;2.10777e-11;1.29783e-12;6.13116e-13;7.43315e-12;1.02725e-11;4.93151e-11;6.10609e-18;2.33406e-15
