3.74718e-07;1.11436e-05;6.00222e-12;2.75289e-10;1.98901e-07;7.24937e-10;8.6858e-10;0.999988;9.87112e-08;2.07454e-10;7.18255e-09;9.82053e-09;6.06579e-07;3.90732e-09
2.30261e-06;0.000148965;2.91079e-06;0.000213622;0.143339;0.000113964;1.89309e-07;0.000439183;1.16077e-05;1.44661e-05;2.63485e-05;0.237178;2.3587e-06;0.618507
1.55417e-05;0.976959;0.0209253;0.000568395;7.14942e-07;2.9272e-06;5.15034e-05;4.59986e-06;1.33614e-05;2.9549e-05;0.000221882;1.99334e-06;0.00109486;0.000110387
8.93791e-06;0.200106;0.0004178;1.75026e-05;2.62595e-05;3.47275e-06;1.26798e-07;0.000402304;7.25518e-07;1.05546e-07;9.95257e-06;0.796603;0.00227622;0.000127335
0.000116076;0.892094;1.87585e-05;3.73806e-05;0.00016253;0.00154774;0.000791744;0.0382692;5.80051e-05;0.000833051;4.08005e-05;4.13283e-06;0.0487814;0.0172452
1.0573e-08;7.88615e-09;0.999956;2.56888e-08;2.93077e-09;5.22171e-09;3.9317e-09;2.46834e-08;4.35348e-08;1.20182e-09;5.43846e-08;4.40512e-05;1.92395e-09;5.79989e-10
6.20557e-06;0.0040478;0.000181867;3.20636e-05;2.04615e-06;2.52474e-06;1.10332e-06;0.00975389;0.00220582;7.44715e-07;0.00721431;0.97632;0.0002004;3.09253e-05
5.44907e-05;0.859975;1.95999e-05;2.26082e-05;0.000201797;0.00283705;6.64819e-05;0.0289063;4.00273e-05;3.87279e-05;0.000410868;6.91727e-05;0.105751;0.00160662
2.19635e-05;0.0106847;0.000475406;9.80897e-05;0.000881466;0.000108203;1.6533e-06;0.000245671;7.96623e-05;1.02994e-06;0.000399518;0.982873;0.00339479;0.000735223
8.46217e-05;0.156688;3.61804e-07;0.000179981;0.00175031;8.31204e-05;8.98158e-08;0.778118;4.58235e-05;5.62448e-08;0.00022216;0.0088068;0.0539423;7.89289e-05
4.99011e-05;0.00683383;3.67864e-08;1.91236e-06;0.000701946;2.38396e-07;9.81115e-09;0.970609;1.74566e-06;9.37499e-08;3.16619e-06;0.0195786;0.00215164;6.83289e-05
2.51939e-05;0.140089;0.811392;6.95066e-05;0.0376026;2.55669e-05;4.89215e-07;0.000158602;1.71915e-08;4.52487e-05;1.91278e-06;0.000204008;0.000698143;0.0096873
1.38166e-07;0.999283;4.8425e-12;1.161e-09;1.23827e-08;3.44254e-10;1.26066e-05;5.95655e-07;1.74714e-09;1.64906e-07;1.03034e-08;1.07573e-08;1.38105e-06;0.000702269
2.94295e-10;1.68787e-08;0.999936;1.55465e-10;4.67381e-08;5.03923e-12;8.69107e-11;1.05202e-08;1.06934e-11;4.71763e-11;2.953e-11;6.3708e-05;2.39322e-14;1.09009e-09
5.41996e-06;0.0100265;1.41049e-09;3.38203e-06;0.000114339;1.87871e-05;3.00117e-07;0.989173;4.33441e-05;2.13673e-08;3.83267e-06;2.39622e-06;0.000547214;6.15717e-05
2.65991e-05;0.000476497;3.07637e-08;1.86703e-06;5.81379e-06;2.29578e-06;6.93755e-08;0.232398;2.93267e-05;1.74301e-08;6.85506e-05;0.000209491;0.766778;3.54973e-06
3.18576e-05;0.0408318;2.30327e-07;2.11048e-05;3.22528e-06;1.4123e-06;9.14248e-08;0.00107513;8.22553e-05;1.16458e-06;4.49562e-05;0.953933;0.0034499;0.000523964
1.18329e-06;0.995089;4.05461e-07;3.03939e-06;5.47394e-09;6.68577e-08;1.10483e-06;1.84225e-05;1.45299e-06;7.50118e-08;2.7581e-06;0.00172958;0.00315288;6.8384e-09
1.83521e-05;0.0235359;6.81209e-06;0.00627936;3.74315e-05;0.000119298;1.26367e-06;0.000667511;0.00166808;6.95721e-06;0.000861132;0.96548;0.000203439;0.00111402
0.000544458;0.947306;2.50194e-05;0.00038351;1.40382e-05;1.54444e-05;5.96921e-05;0.00806148;0.000597078;1.94008e-05;0.00641627;0.00115129;0.0343465;0.00105953
1.07251e-06;0.000339377;7.15119e-07;1.15673e-06;4.08072e-06;2.59233e-07;8.1346e-06;0.999145;1.57285e-05;4.06285e-06;3.14329e-05;3.87762e-06;0.00044516;1.99284e-08
6.33629e-07;0.000262107;0.999026;1.64713e-05;7.44204e-06;7.36843e-06;1.09673e-09;5.1117e-06;1.18762e-08;5.54726e-07;7.22816e-07;0.000653001;2.66174e-06;1.75174e-05
1.7719e-05;0.93344;6.83846e-06;4.8275e-05;6.24855e-06;3.03509e-05;0.000420349;0.0308773;0.020958;2.99333e-06;0.013085;8.16989e-05;0.00089932;0.000125944
