5.35599e-05;0.982318;1.09479e-07;2.45287e-05;3.43202e-05;3.34849e-06;7.90643e-06;0.0136713;0.00023007;6.30668e-06;6.33212e-05;0.000116078;0.00341538;5.61029e-05
3.6053e-06;0.991518;5.41702e-07;1.04374e-07;5.14507e-08;8.6191e-08;6.13772e-07;3.0206e-06;7.66152e-08;4.70191e-07;6.08569e-07;0.000537212;0.00793194;3.50424e-06
5.65228e-06;0.0760919;2.80538e-06;1.73113e-06;1.49747e-05;4.84266e-05;0.0059187;3.68001e-05;1.25677e-06;0.0045408;1.15121e-06;0.000190544;6.49608e-06;0.913139
2.48477e-09;2.11413e-09;0.999999;4.7319e-09;3.42924e-09;8.40986e-09;2.19137e-07;7.03582e-09;2.23932e-08;1.83318e-09;1.11109e-07;3.55992e-07;1.01119e-11;3.42703e-10
3.77581e-05;0.717895;2.10202e-06;6.34041e-07;4.57271e-07;2.0776e-07;8.02531e-06;0.268085;2.33622e-05;3.30709e-07;4.05808e-05;0.000397009;0.0134632;4.60748e-05
1.23213e-06;0.0313026;5.83598e-05;1.67765e-05;0.000424778;0.000173089;1.81709e-07;0.00453492;5.97374e-06;2.26862e-06;4.66819e-05;0.960129;0.00251643;0.000787389
2.98093e-07;0.024455;3.62435e-08;1.6011e-07;9.3734e-08;7.74125e-07;9.3811e-07;3.36304e-06;1.57937e-08;1.38564e-07;2.82587e-07;1.93987e-05;0.975519;1.80614e-07
9.34119e-06;0.000356142;0.92743;1.97703e-06;0.000141206;2.91693e-07;3.71661e-07;4.55869e-05;2.53625e-07;1.44285e-06;2.20518e-08;0.0582261;4.2303e-07;0.0137873
2.63751e-05;0.0103013;2.90138e-10;7.83225e-08;4.8515e-05;8.40323e-08;4.78357e-06;0.988479;0.000935117;9.46095e-08;6.42753e-07;1.12136e-06;0.000202883;1.10964e-07
0.000835462;0.645655;0.196944;0.000315349;0.00976748;0.00214319;3.53282e-06;0.00103237;4.727e-05;2.75047e-05;7.83691e-06;0.065922;0.0739098;0.00338974
7.33948e-05;0.0297279;1.18395e-08;2.47588e-07;0.0180567;1.95945e-06;1.22035e-07;0.925682;6.61513e-08;1.8179e-07;1.25027e-07;0.0095511;0.000285053;0.0166209
1.73871e-05;0.994823;2.43513e-08;2.87293e-07;1.27388e-05;8.37731e-06;0.000383587;0.00203723;1.05551e-06;4.56919e-05;8.58449e-08;6.10068e-06;0.00129659;0.00136757
1.23949e-10;3.71119e-11;1;5.99102e-11;3.99471e-10;9.58052e-10;5.14895e-10;1.75518e-09;6.89775e-12;3.51804e-11;3.21626e-11;1.30649e-08;4.5613e-13;4.43479e-11
0.00183088;0.496437;0.000350652;0.000376894;0.0108042;0.00772826;0.00246643;0.319814;0.00527903;2.71126e-05;0.0252121;0.00162506;0.10704;0.021008
3.47481e-05;0.0760621;1.95389e-07;4.71017e-06;5.96698e-06;2.12075e-06;2.90538e-06;0.00721561;1.68983e-05;3.98681e-07;0.000106656;0.0390147;0.877503;2.9533e-05
4.54251e-05;0.0404692;2.44422e-08;0.000149367;0.00582643;1.68553e-05;3.66125e-05;0.942784;0.000621199;5.76768e-05;0.000287646;0.00187317;0.000559028;0.00727295
8.24186e-05;0.790207;0.141778;0.00286465;0.00470459;0.000612617;2.34617e-05;0.000407076;5.42282e-07;0.000182815;4.3221e-05;0.0356751;0.00264756;0.0207708
0.00184403;0.0565675;8.33085e-08;3.96972e-06;0.00326265;6.39882e-06;5.72237e-05;0.918196;0.000869942;1.28838e-05;0.000405889;0.0139687;0.00479035;1.43548e-05
0.000833524;0.00754883;0.904111;4.63113e-05;0.0598418;0.00139074;2.46609e-07;0.000364164;3.9237e-06;4.89904e-06;2.96296e-05;0.0198603;5.90864e-05;0.00590588
8.19313e-05;0.779576;2.07724e-06;4.89553e-06;5.16787e-05;0.000127891;0.000131426;0.154943;0.00233928;9.03848e-07;0.00155179;0.000281712;0.0575714;0.00333614
5.12764e-05;0.00831195;1.50604e-08;3.33207e-06;1.74184e-05;1.57144e-06;2.47667e-07;0.655488;0.0001426;4.46765e-07;0.000112056;0.000118003;0.335751;2.49397e-06
