0.000132163;0.721784;0.153331;0.000406405;0.0036272;0.000353382;5.4308e-07;0.000174112;1.35855e-06;7.78617e-06;6.62179e-05;0.0923078;0.0261942;0.00161448
5.92601e-06;0.715501;1.41519e-06;2.87858e-06;6.04051e-05;7.49445e-06;1.54636e-06;0.033146;6.19079e-05;6.62535e-08;0.00079496;0.244436;0.000542422;0.00543847
2.35665e-05;0.0244499;8.16974e-07;5.08199e-05;0.227102;0.00524462;1.99824e-07;0.725072;4.38924e-05;4.67385e-06;5.35741e-05;0.00206625;0.00710066;0.00878731
3.7083e-05;0.573727;2.0434e-07;6.86397e-08;2.37378e-06;5.45503e-05;9.03097e-05;0.00010438;3.67087e-07;9.36588e-06;3.04054e-07;3.7947e-06;0.425892;7.80302e-05
1.14963e-08;3.76102e-09;0.999983;2.09399e-09;1.92627e-08;3.68359e-08;1.01754e-09;3.42068e-08;7.86644e-09;4.81415e-10;3.6462e-10;1.69481e-05;1.62836e-09;5.46073e-10
0.00031299;0.200314;8.14519e-05;0.000554144;0.000372233;0.000418133;0.000221014;0.176147;0.0203227;2.9113e-05;0.00189321;0.59124;0.00464474;0.00344862
3.84273e-05;0.00021787;3.31532e-09;1.0133e-07;2.36027e-05;1.43934e-06;8.56293e-07;0.99953;8.86108e-05;1.72419e-07;1.11026e-06;1.18564e-07;1.48905e-05;8.26202e-05
8.34773e-06;0.000190631;4.8886e-05;2.03665e-06;0.00540085;4.21475e-06;6.65635e-09;0.000101769;9.8863e-07;4.52679e-08;8.16206e-07;0.992384;1.253e-05;0.00184451
1.40815e-06;0.999876;4.75982e-09;3.97482e-09;2.46364e-08;4.31596e-09;1.91109e-05;2.77689e-05;8.85282e-07;2.07177e-07;8.5011e-09;7.76918e-09;4.14626e-05;3.27353e-05
1.60664e-12;2.88506e-13;0.999998;2.5956e-12;4.07245e-10;1.529e-10;2.61355e-14;5.85109e-11;1.58032e-13;3.45048e-13;7.54959e-14;2.10813e-06;1.23882e-12;7.96249e-13
3.99009e-05;0.040376;1.52617e-06;0.0019272;0.00590642;0.000176058;0.000245083;0.760132;0.157078;6.0694e-05;0.0135972;0.00693333;0.0132363;0.000290546
3.0438e-05;0.839197;0.153509;0.00125024;0.000108482;0.000217255;3.85438e-05;5.3924e-05;1.3089e-06;0.000170125;8.04685e-05;1.12225e-05;0.00457447;0.000757111
8.1557e-06;0.013207;0.000180601;5.89268e-06;7.93506e-06;6.89602e-07;3.40752e-08;4.31348e-05;1.9046e-07;9.96215e-09;1.45602e-06;0.98641;0.0001314;3.79873e-06
8.85876e-06;0.994371;5.28667e-09;1.88512e-06;7.10732e-05;1.64219e-06;7.29153e-08;0.000722118;2.03369e-05;6.483e-08;9.60989e-06;0.000910314;0.00353111;0.000351795
6.54156e-06;0.00345945;1.45264e-09;9.73864e-08;6.24256e-06;8.52225e-08;3.47237e-06;0.995642;0.000244905;2.36284e-06;1.05973e-06;2.01139e-06;0.000596191;3.58402e-05
5.30309e-05;1.96158e-05;7.99123e-06;2.12246e-05;7.70853e-06;1.05809e-06;3.29543e-05;0.000154446;0.993473;5.20401e-07;0.00607834;0.000143194;1.69953e-06;5.37443e-06
0.000108196;0.00903173;9.95899e-10;6.97286e-06;0.000114942;6.91463e-06;1.12879e-07;0.910472;0.00602755;1.49157e-07;0.00711281;0.00150317;0.065575;4.01488e-05
4.4363e-05;0.848952;3.92641e-07;5.6067e-06;8.39521e-05;2.21984e-05;0.00219356;0.000241741;2.18441e-06;0.0133738;7.80024e-06;9.05346e-07;1.16088e-05;0.13506
4.63712e-08;2.51758e-09;0.999993;2.90274e-08;1.25123e-07;2.24857e-08;8.23619e-08;1.04307e-08;1.48713e-07;1.65194e-08;6.0347e-07;5.8313e-06;6.76442e-12;4.05966e-09
5.25522e-05;0.897033;2.36872e-07;4.54918e-06;4.95809e-06;4.94087e-07;1.5754e-06;0.082234;0.000101875;3.29916e-07;2.83422e-05;0.00045007;0.0200838;4.06826e-06
4.287e-05;0.0293554;8.04866e-05;0.000373732;0.00640656;0.000658709;6.50719e-07;0.0130349;0.00104539;6.14341e-06;0.00284167;0.88137;0.00897933;0.0558042
0.000587268;0.810851;3.54428e-06;0.00189156;1.16484e-05;8.33353e-06;0.000371639;0.00170165;0.0514665;6.29551e-05;0.0339895;0.0825263;0.0103096;0.00621859
8.21393e-05;0.982732;0.00271236;0.000161052;2.50092e-06;7.42993e-07;1.05423e-06;4.29869e-05;1.1114e-05;7.29108e-06;2.75766e-05;0.0141657;4.15482e-05;1.17997e-05
2.43035e-05;0.907002;1.33895e-07;4.57511e-06;7.1192e-07;2.27693e-06;3.88699e-06;2.07541e-06;4.54332e-06;4.45895e-07;4.75705e-06;0.0277705;0.0651232;5.68238e-05
8.75333e-06;0.502289;1.19101e-05;8.63942e-06;0.00112301;0.000141154;3.72467e-08;0.219063;1.74146e-06;2.24567e-06;3.53799e-06;0.142379;0.0708433;0.064124
0.00014777;0.274134;0.00012362;0.0199802;0.000624308;0.00642375;0.000492213;0.0190967;0.0305373;0.00182291;0.582548;0.0421089;0.0151932;0.00676737
