6.09132e-06;0.994786;1.6843e-05;9.45997e-05;7.55091e-06;3.97313e-06;1.38898e-05;9.3433e-06;3.06789e-07;3.46265e-05;2.51909e-05;5.4139e-06;0.0047759;0.000220534
2.48924e-05;0.00596524;0.00251599;1.08961e-05;1.63557e-05;8.22538e-07;3.85987e-07;3.90748e-05;8.51722e-07;4.63112e-08;1.01218e-05;0.991265;0.000129172;2.10251e-05
0.00325595;0.920934;1.73531e-07;0.000112706;0.00440863;0.000214144;0.000150644;0.00708839;0.0296783;1.16347e-05;0.00807318;0.00366414;0.0218359;0.000571826
5.75697e-05;0.881989;0.000381218;2.09217e-05;0.000100704;3.67996e-05;7.26475e-07;3.83606e-05;3.83277e-06;4.16878e-06;1.65958e-06;1.4378e-05;0.117102;0.000249194
4.11648e-06;0.00519758;6.92204e-08;1.5137e-08;1.47641e-08;1.70079e-08;5.35326e-08;1.56449e-06;3.14769e-06;4.30927e-09;1.44052e-06;0.994737;4.478e-05;1.00669e-05
4.0004e-05;0.0648646;1.13637e-05;5.81785e-06;0.00178207;0.000585464;6.45361e-07;0.911387;0.000341174;3.20462e-07;0.00010003;0.0123185;0.00841799;0.000144577
3.15142e-07;0.996265;6.62247e-09;1.4679e-07;6.31978e-07;2.14541e-07;2.07284e-06;6.58763e-05;8.97593e-09;2.93123e-06;1.99666e-08;7.00139e-07;1.51345e-05;0.00364664
5.06906e-10;4.16493e-09;0.999997;3.1807e-10;1.37998e-09;4.24183e-11;5.1971e-10;4.3137e-09;1.7045e-11;2.96209e-10;1.86834e-10;3.40419e-06;4.14429e-12;6.22511e-10
0.000157289;0.169865;1.04447e-06;6.30944e-05;0.000351318;0.00622002;4.96214e-05;0.0577063;0.000322982;6.26863e-06;0.000413256;0.00402336;0.751998;0.00882249
2.84469e-05;0.16893;2.79233e-07;3.46695e-05;0.00023304;0.00027466;4.27551e-05;0.00105705;5.07794e-06;2.49174e-06;0.000236515;0.0714702;0.752685;0.00499986
0.000281927;0.0397307;1.16862e-06;0.0207606;0.640937;0.0431301;1.03934e-05;0.130342;0.00129707;0.000146485;0.0017187;0.000287293;0.00572552;0.11563
0.00366704;0.631888;2.50349e-05;1.37843e-05;3.06788e-05;2.6343e-05;1.64814e-05;0.0301972;0.000142307;1.28192e-05;5.0454e-05;0.00172775;0.330843;0.00135845
8.02365e-06;0.0640026;3.41403e-06;1.27498e-05;0.000299843;4.09128e-06;1.09122e-06;0.000308098;1.71042e-05;1.09243e-06;4.26488e-06;0.934563;0.000277428;0.000496854
0.00026471;0.377025;0.00102955;3.73536e-05;0.00352604;1.06389e-05;6.05657e-06;0.324407;0.000563592;1.13034e-05;1.23488e-05;0.160416;0.132207;0.000484616
0.000943221;0.0144523;1.14733e-05;4.04209e-05;0.000359541;4.24161e-05;7.68157e-05;0.0156801;0.94585;1.72596e-05;0.0151216;0.00368294;0.00357166;0.000150306
0.0014304;4.14249e-05;4.16424e-08;5.10439e-08;1.38584e-05;3.77638e-08;1.35091e-07;0.981934;0.0161607;4.40469e-08;5.59084e-05;4.14984e-06;0.000358989;2.38247e-07
4.71684e-05;0.5954;9.53987e-08;1.15611e-06;4.10466e-06;1.81807e-06;0.000280265;1.21799e-05;1.11969e-05;0.00358438;2.64512e-07;8.72925e-06;1.25637e-05;0.400636
3.07939e-10;1.32355e-11;0.999999;2.08276e-11;5.9741e-11;1.85955e-11;1.69987e-10;6.91173e-11;4.11362e-10;8.27921e-11;1.06648e-10;6.6564e-07;1.362e-14;2.08893e-11
0.00111439;0.13486;9.06855e-07;2.30956e-05;0.00175648;8.52113e-06;8.79115e-05;0.842358;0.0146753;5.557e-06;0.000555294;0.00167261;0.00279453;8.68998e-05
2.01078e-05;3.14368e-05;2.83671e-11;4.60433e-09;4.5293e-07;1.11643e-09;2.44319e-08;0.999358;0.000584245;1.80462e-08;1.42327e-06;1.15649e-06;3.02389e-06;3.13153e-08
0.000154712;0.00144673;6.64126e-06;1.38137e-07;1.29547e-05;2.68925e-07;1.70085e-07;0.000513207;3.88818e-05;1.02594e-07;2.1739e-07;0.996604;1.76427e-05;0.00120416
3.81854e-05;0.265568;1.9384e-06;3.91642e-06;0.00139225;9.83228e-05;3.69734e-07;0.694519;0.000278234;1.24736e-07;1.37518e-06;0.00337189;0.0284924;0.00623321
4.32203e-05;0.0168199;9.77171e-07;2.28012e-05;0.000382228;1.33163e-06;1.52672e-07;0.684913;0.00077465;1.50086e-06;2.55698e-05;0.0021984;0.294799;1.73014e-05
5.01335e-05;0.996632;3.85612e-08;5.99041e-05;5.75894e-05;1.60809e-06;8.12187e-07;0.00130662;0.00076035;1.51184e-06;1.91822e-05;0.000170969;0.000306399;0.000633246
2.8625e-05;0.0370349;8.02742e-09;8.17009e-08;8.08356e-06;5.04487e-08;6.76651e-08;0.961324;3.45144e-07;1.54487e-07;1.15928e-07;1.49084e-05;0.00156264;2.5834e-05
3.0889e-07;0.00182368;9.54477e-05;2.08323e-06;9.73073e-05;1.894e-05;7.8125e-08;0.000247817;1.89874e-07;2.18345e-07;3.70796e-07;0.985045;1.19037e-05;0.0126567
2.3513e-07;0.000905805;7.70062e-10;1.25723e-07;5.79833e-08;7.79646e-09;3.83103e-08;0.000482057;8.70013e-07;7.77466e-10;6.14203e-06;3.56049e-06;0.998601;3.20537e-09
1.44422e-05;0.0102053;4.32763e-06;2.81358e-06;4.66043e-07;6.707e-07;1.28374e-08;0.000500488;1.39865e-05;5.92713e-08;3.47861e-06;0.439705;0.549541;7.49793e-06
3.68515e-05;0.615464;1.55812e-08;0.00151358;0.00157416;2.09602e-05;1.75588e-06;0.0907356;4.42052e-05;7.82232e-06;0.000149447;0.00260957;0.270092;0.0177496
1.93388e-06;0.00553253;2.87298e-10;0.000126275;0.0001156;1.63313e-05;0.000125219;0.993544;2.23178e-05;0.000236053;2.75448e-05;2.67227e-05;0.000196135;2.96755e-05
0.000482441;0.00602839;0.736421;0.153343;0.000182585;0.0175834;0.00485477;5.00346e-05;0.000658323;0.00123791;0.0756005;0.000145142;0.00281255;0.000599808
0.00490203;0.842433;0.0440886;0.00452556;4.17179e-07;4.29792e-06;0.00424089;0.000101751;0.00133717;2.42992e-05;0.0897085;0.00285042;0.00572666;5.64749e-05
0.000735474;0.351517;7.92646e-08;0.0024371;0.000123653;0.000627207;0.000672335;0.00534408;0.0105161;3.32054e-05;0.14326;0.00200933;0.481893;0.00083108
3.3435e-07;9.79008e-05;1.61312e-11;8.47681e-09;6.50766e-07;8.35009e-10;2.46777e-10;0.999819;2.85913e-08;3.39424e-09;2.11504e-08;4.79636e-07;8.12547e-05;7.81998e-09
3.11972e-07;0.00150848;0.998288;1.18896e-05;7.31707e-06;1.34887e-06;4.19232e-09;2.99709e-06;1.07287e-08;1.07617e-06;2.62589e-07;0.000121974;1.22943e-06;5.48606e-05
0.00015082;0.00486145;4.7919e-05;0.000262966;2.63548e-05;0.00136822;0.00229813;0.00174425;0.046629;0.000112681;0.914524;0.0021353;0.0256179;0.000221229
