8.15378e-06;0.940828;0.046648;8.21727e-05;1.55031e-05;1.39096e-07;4.66947e-06;3.10568e-05;1.81157e-07;6.78318e-07;5.59312e-07;0.012312;3.02532e-05;3.80988e-05
0.00185514;0.144838;0.000315266;0.000908796;0.0088314;0.00046433;0.00151897;0.49072;0.00265373;2.21207e-05;0.00293944;0.0468892;0.288908;0.00913584
3.73978e-05;0.534362;1.96592e-07;0.000321712;0.000131875;0.00278202;2.46692e-06;0.0479231;5.34489e-05;2.58574e-05;0.000163941;0.340528;0.00415958;0.069509
0.00071899;0.956192;2.65647e-09;0.000254132;0.00228715;0.000544765;0.000372462;0.0220812;0.00013755;0.000127507;0.00144972;0.00303992;0.0031479;0.00964669
0.000580554;0.0946362;3.30433e-06;8.55004e-06;1.26644e-05;1.62561e-06;3.15824e-06;0.00592891;4.80463e-05;5.24737e-08;9.97138e-05;0.752367;0.146307;2.41033e-06
0.000633881;0.216803;0.000833988;0.000818846;0.00777156;7.12564e-05;5.19909e-05;0.0107901;5.91529e-05;0.000124572;3.0326e-05;0.588335;0.00393505;0.169741
0.000236403;0.928455;1.41172e-07;1.46207e-05;1.24309e-05;1.62118e-05;0.000159887;0.00107504;0.000110885;5.12555e-06;0.00113966;0.0507569;0.0156132;0.00240468
1.77714e-05;0.868606;6.87975e-07;3.49588e-05;2.13135e-05;3.82068e-06;0.033483;0.0890643;0.000342907;0.000927853;0.000599258;2.17293e-05;0.00010129;0.00677541
6.26929e-09;1.7569e-08;0.999991;1.38683e-08;1.97241e-09;1.73844e-09;7.49729e-07;1.74227e-09;3.30673e-09;2.21491e-08;1.65219e-07;7.77596e-06;5.19319e-11;9.72181e-11
7.90054e-06;0.00245777;0.99728;2.52674e-07;1.48806e-06;3.39099e-08;3.69777e-05;1.32828e-05;8.85649e-07;2.29772e-07;5.83156e-07;0.000187127;9.58165e-06;3.4647e-06
1.30664e-05;0.994738;7.26359e-08;3.15301e-07;4.30945e-05;2.91416e-06;7.96304e-05;0.00405508;2.17419e-05;3.317e-06;3.91035e-07;0.00026091;0.000173275;0.000607777
2.18376e-06;0.00118376;0.0044451;2.29465e-06;0.000153002;8.17002e-05;1.19722e-08;1.50591e-05;4.8966e-08;1.01438e-07;3.19965e-08;0.993088;0.00014053;0.000888326
7.21261e-07;0.994608;3.66119e-11;5.44103e-09;1.53842e-08;8.28493e-08;0.00190494;0.000581339;2.04675e-07;1.49542e-06;1.8936e-08;2.15639e-11;2.0118e-06;0.00290134
7.29899e-10;6.37097e-10;1;3.74404e-10;6.86073e-09;2.90563e-08;1.07324e-09;3.82932e-08;1.20775e-10;7.62872e-10;1.27253e-10;1.76038e-07;1.73758e-11;2.39335e-10
1.17142e-07;0.999946;2.51512e-09;4.27337e-09;6.85105e-10;4.0063e-09;2.30493e-05;9.1326e-07;4.75476e-08;7.07244e-07;5.50242e-08;3.28471e-08;2.79181e-05;1.179e-06
9.13751e-11;2.15084e-09;1;1.44654e-10;5.64084e-10;7.31283e-11;5.755e-09;1.48938e-09;5.69643e-11;3.07771e-10;5.45296e-11;1.27884e-07;7.44773e-13;3.22743e-11
5.09591e-08;1.08668e-06;1.88149e-10;3.3176e-09;2.07057e-08;6.55646e-09;8.13004e-09;0.999983;5.95721e-06;3.35437e-09;5.35393e-07;1.54149e-07;9.69575e-06;5.69727e-09
4.62877e-06;0.001658;5.18308e-05;5.0622e-06;0.000217905;2.14603e-05;3.41824e-07;0.000125205;3.69522e-07;2.01299e-06;8.95224e-06;0.943301;9.98263e-05;0.0545038
5.33549e-08;0.998911;1.71059e-09;6.24168e-08;1.07844e-08;8.65286e-09;0.000973766;1.0757e-06;3.03735e-09;1.08514e-05;8.51265e-08;1.27952e-07;2.26822e-06;0.000100595
1.4377e-11;1.34763e-11;1;3.44224e-10;1.41286e-09;1.28591e-10;3.57682e-10;1.05174e-11;1.20547e-12;4.17557e-11;5.21376e-11;1.76009e-08;1.37398e-12;1.87673e-11
5.8827e-05;0.0106623;1.03208e-08;3.876e-06;0.00102585;2.2734e-06;2.9587e-06;0.925457;0.000594453;3.1313e-07;0.000143308;0.00107471;0.0609202;5.4071e-05
2.5422e-06;0.037529;0.9611;0.000302698;7.71792e-05;6.21223e-05;4.85817e-07;1.64453e-06;3.27482e-07;2.65329e-06;7.69111e-06;0.000107834;0.000360857;0.000444845
0.000189153;0.870051;5.01165e-07;5.04411e-05;1.41918e-05;0.000128752;0.000126497;0.00308905;0.00171657;1.86427e-05;0.00764692;0.00374029;0.112563;0.000665299
3.75164e-06;0.998328;1.82108e-05;7.4432e-07;2.44406e-07;1.82301e-07;1.67318e-07;7.06683e-05;1.88355e-06;3.02834e-08;3.00769e-05;0.00119373;0.000352392;1.33563e-07
3.90744e-07;0.995295;2.60507e-09;6.86572e-06;6.82783e-06;3.26493e-07;0.000126956;5.50912e-06;3.24079e-07;0.000249401;1.98982e-06;7.98903e-07;3.30568e-06;0.00430255
3.27029e-07;1.57238e-06;0.999893;1.29447e-06;1.0918e-07;4.45964e-07;3.14934e-06;2.74744e-06;8.19423e-07;9.63758e-08;5.4456e-05;9.56933e-06;3.25263e-05;6.10651e-09
1.66984e-06;0.996991;2.08798e-09;3.59233e-06;2.67079e-06;2.66163e-06;2.64819e-06;0.000124389;3.05114e-06;9.54971e-06;6.28368e-06;3.06817e-06;0.00284823;7.38785e-07
1.77833e-05;8.65085e-05;0.000114836;4.45093e-06;0.000120603;2.87507e-07;5.51989e-09;1.0949e-05;2.30792e-06;1.2215e-07;2.42267e-07;0.999633;4.96606e-06;3.70999e-06
0.0023484;0.000751313;6.94393e-09;1.14321e-05;4.33984e-05;5.03468e-06;3.87658e-05;0.340664;0.651174;3.62326e-06;0.00133885;3.64233e-06;0.00360808;1.00605e-05
0.000345997;0.0109905;1.64395e-07;6.70522e-07;0.000226233;6.32736e-06;7.87372e-08;0.971381;7.00316e-05;2.66179e-07;6.14076e-07;0.000283253;0.016655;4.00037e-05
8.95918e-05;0.0697642;3.01288e-06;0.000615898;0.0117484;0.00056004;5.0724e-07;0.0132117;0.000341591;1.56929e-05;2.9457e-05;0.00585586;0.0182564;0.879508
0.000455419;0.552845;0.000180515;0.0204379;0.00108916;0.00040877;0.000457738;0.131174;0.119678;0.000362341;0.0595804;0.0528534;0.0516235;0.00885375
0.00110738;0.738185;5.98245e-06;0.00267573;0.000716108;0.000845095;8.36435e-05;0.000271416;0.00852697;0.000333592;0.00403151;0.224876;0.00646944;0.0118714
0.0118229;0.320957;0.014099;0.000190766;7.04051e-06;1.05677e-06;0.000441039;0.00121268;0.0315454;5.51907e-06;0.252173;0.319542;0.048002;2.93527e-07
0.000135991;0.51182;1.38745e-05;8.16215e-05;0.000144777;7.61303e-05;1.51166e-05;0.00272777;0.000168448;5.1463e-06;0.000560857;0.356897;0.124388;0.00296451
3.50171e-05;0.846286;2.57134e-07;0.000116884;0.00425781;5.31921e-05;3.69438e-06;0.128028;0.000175616;2.51422e-05;0.000497332;0.00154198;0.0173555;0.00162304
2.52406e-05;0.927125;2.06395e-06;3.34148e-05;1.6641e-05;2.35791e-05;0.0203408;7.29837e-06;1.99346e-05;0.0223475;8.34503e-05;6.05247e-07;0.000154798;0.02982
3.4383e-09;1.91745e-10;1;8.02429e-10;4.11786e-10;2.61612e-12;2.56661e-08;2.46979e-10;2.54505e-09;1.53137e-10;1.64151e-08;1.11222e-07;5.92728e-13;1.22841e-12
0.00163034;0.0189931;1.76434e-06;0.000304346;0.000112207;5.93681e-05;0.00753353;0.0282195;0.836674;2.50445e-05;0.0916953;0.0012834;0.0133268;0.00014166
0.000424514;0.941589;7.87758e-06;1.95976e-07;1.17645e-05;7.39952e-07;1.28099e-05;0.0541149;3.0281e-06;1.90758e-06;1.8916e-06;7.02923e-05;0.00102814;0.00273279
3.9521e-06;0.00586688;0.000273517;1.81537e-06;2.39598e-05;3.30246e-05;2.31883e-06;0.000310934;3.37831e-06;1.11912e-06;2.53338e-06;0.991652;0.00030949;0.00151472
1.67603e-05;0.828122;3.66969e-05;1.04858e-05;0.00322913;1.8883e-06;3.53289e-06;0.164606;3.60624e-05;2.96438e-06;9.52635e-06;0.000994285;0.00284865;8.139e-05
3.8986e-06;0.951043;2.77236e-09;1.69778e-08;3.60155e-06;2.83964e-07;3.72218e-06;4.41083e-07;4.72318e-08;1.71267e-05;1.10998e-09;1.92909e-07;4.11294e-06;0.0489238
1.47285e-09;1.1879e-11;1;2.16053e-11;1.65984e-08;9.6514e-11;2.1711e-10;4.37264e-09;1.32814e-09;2.27703e-11;1.86856e-11;1.05925e-07;8.14007e-14;4.09338e-12
0.000217383;0.0272272;8.79699e-07;2.59654e-05;2.9415e-05;1.32351e-05;2.71713e-05;0.293317;0.578445;1.31424e-06;0.000432833;2.37747e-05;0.100239;5.15623e-08
2.85167e-08;3.52814e-07;3.42795e-12;2.47708e-11;1.04445e-08;1.69642e-11;1.8638e-11;0.999999;9.03686e-08;1.83866e-11;1.2103e-10;1.80733e-09;6.7576e-08;4.05132e-11
1.29236e-06;3.88183e-05;4.20646e-06;5.79078e-05;0.0102678;0.000273941;1.49166e-08;0.000275707;1.83338e-06;2.69734e-06;6.04652e-06;0.676433;5.14951e-05;0.312585
1.792e-06;0.998084;2.49897e-06;3.23238e-05;1.45072e-06;1.1317e-07;7.11956e-07;0.000844861;1.41867e-05;8.96703e-08;0.000106705;9.04705e-05;0.000815769;5.02501e-06
5.17115e-07;0.000100437;1.19255e-08;2.90195e-05;0.0154194;0.00269428;4.08997e-08;0.000820791;2.5682e-06;3.58456e-06;1.49143e-06;4.74365e-05;2.98556e-06;0.980877
4.9274e-06;0.99824;4.48348e-09;5.38524e-05;1.17706e-07;3.86935e-08;4.06294e-06;3.17593e-06;7.67388e-05;1.84734e-07;0.001043;0.000117936;0.000454949;1.14353e-06
1.40271e-05;0.990158;8.38693e-09;3.40156e-05;4.92895e-07;8.22453e-08;4.5011e-07;0.00801614;4.17957e-06;1.38391e-07;4.13084e-06;7.66907e-05;0.00137964;0.000312353
5.54609e-06;0.010075;2.56729e-10;7.13812e-05;0.00105874;3.27943e-06;3.95715e-06;0.968989;2.97342e-07;7.14734e-05;3.73837e-06;0.000780504;3.86047e-05;0.0188988
2.53637e-06;7.06558e-05;0.996647;0.00263916;8.30395e-07;2.73187e-05;7.63589e-06;7.34137e-08;6.78849e-06;3.96557e-06;0.000402927;0.000176995;1.1484e-06;1.25904e-05
3.46734e-05;4.90943e-05;1.82127e-07;0.00012843;4.8714e-09;8.08377e-07;0.000257443;6.0409e-07;0.0436996;1.94396e-06;0.955776;9.64133e-06;4.09862e-05;1.84153e-07
1.91762e-05;0.999481;7.73477e-08;2.13329e-06;1.48959e-08;2.44232e-09;3.55896e-07;3.50103e-05;6.01546e-06;2.97258e-08;2.14586e-05;7.0865e-05;0.00036403;3.03361e-08
1.95375e-07;0.000105857;1.01095e-07;5.89605e-07;0.000708195;5.6485e-08;1.12479e-09;0.999178;2.7996e-07;7.97736e-07;1.40142e-08;3.01554e-06;1.48731e-06;1.00314e-06
1.7903e-07;1.54548e-05;0.999921;1.87049e-05;1.56253e-07;3.0928e-06;3.29867e-08;7.76481e-09;3.57456e-07;4.71477e-06;3.93919e-06;2.86981e-05;7.2076e-08;3.78578e-06
0.00113037;0.000437836;3.54955e-06;2.88139e-05;5.34069e-06;2.33509e-05;0.00032627;0.00109542;0.0466326;1.63615e-05;0.950013;2.67574e-05;0.000257158;2.8519e-06
