7.22678e-06;0.0637826;8.6719e-08;7.51571e-06;2.06119e-06;2.68637e-06;5.82592e-07;0.000813249;1.01334e-05;5.95862e-08;8.31708e-06;0.000885054;0.93448;2.6532e-07
1.06879e-05;0.000513028;1.79441e-09;0.000156324;0.00145617;8.54511e-06;7.72727e-08;0.0543634;0.000104949;8.54853e-06;0.000111175;0.943152;5.81841e-05;5.70677e-05
0.000220619;0.977924;0.0109295;0.00660226;9.97265e-06;6.58705e-05;0.000395801;7.90096e-05;3.10414e-05;0.000667284;0.000699859;7.10659e-05;0.00170374;0.000600143
0.000623871;0.134469;0.0140693;0.000211073;2.30575e-05;3.34475e-06;5.66645e-05;0.000703934;7.14062e-05;3.11305e-06;0.0011994;0.847461;0.000960536;0.000143757
6.16123e-05;0.765813;1.87411e-06;4.91675e-06;1.72237e-06;2.04731e-05;0.228893;0.000354667;9.29599e-05;0.00210307;0.000198387;2.95694e-08;0.00148881;0.000965282
7.87386e-09;5.15835e-09;0.999999;5.82555e-09;3.98092e-09;2.47346e-09;1.22715e-08;4.19292e-07;2.13707e-07;2.57444e-09;2.8563e-08;3.13306e-07;1.03173e-09;3.58907e-11
6.89769e-05;0.188636;0.0159715;6.39979e-05;6.11682e-05;1.17446e-05;1.51386e-05;0.0471691;0.00491148;1.89983e-05;0.0012583;0.739906;0.000377169;0.00153
5.05954e-05;0.890773;3.19475e-05;1.55341e-05;0.00271694;0.000390023;1.98083e-06;0.0937892;8.29181e-05;2.65467e-06;0.000140916;0.00269193;0.0053943;0.00391809
4.04411e-05;0.00513129;7.67823e-05;5.69785e-06;6.54941e-06;3.27865e-06;5.89126e-06;0.000345374;3.09882e-05;1.11541e-06;2.98158e-05;0.993415;0.000716446;0.000190904
0.000134375;0.102329;1.56972e-06;4.70479e-06;2.4581e-05;4.11068e-05;6.21872e-07;0.815565;2.50381e-05;6.69773e-08;0.000110165;0.00987678;0.0718123;7.47671e-05
1.06567e-05;0.675915;7.02614e-08;1.36599e-05;0.000122728;1.59253e-05;0.00018823;0.00675741;6.09868e-08;0.00190332;4.15601e-08;1.40807e-06;3.41454e-05;0.315037
5.06158e-10;4.53861e-10;1;6.69445e-10;5.14811e-10;2.74e-10;7.41646e-09;2.00711e-09;5.952e-11;5.46149e-10;1.00776e-09;1.33315e-08;1.3474e-11;8.20967e-13
0.000153194;0.719051;0.000127245;7.29236e-05;0.00016232;0.00027051;5.97206e-06;0.000914785;7.29118e-06;1.42107e-06;0.000132453;0.025285;0.253767;4.94492e-05
1.49149e-06;0.00927911;1.32178e-07;1.91971e-06;1.75506e-06;2.50077e-06;2.26496e-07;0.00568807;0.000123942;2.51828e-08;0.000314041;0.984157;0.00020139;0.000228219
6.68185e-06;0.764495;4.95646e-08;9.78805e-06;0.00159998;2.86705e-05;4.65938e-08;0.223129;8.2371e-07;8.22047e-07;8.19605e-07;0.000534323;0.00703791;0.00315558
0.00018014;0.68203;1.01183e-05;1.76344e-06;6.16578e-06;2.85402e-06;4.92598e-05;0.0267124;6.82837e-05;6.29022e-06;8.46572e-05;1.20649e-05;0.290772;6.42617e-05
1.60944e-09;2.82939e-10;1;1.13603e-10;5.9891e-10;8.81226e-12;3.87993e-11;1.8025e-08;6.82262e-10;2.70437e-12;3.49463e-10;1.12165e-07;6.67662e-10;5.32809e-12
5.7225e-08;8.83165e-06;1.35577e-05;7.90531e-08;1.06959e-06;1.49947e-09;5.06312e-07;2.94439e-05;6.67913e-07;1.06528e-07;2.53917e-08;0.000221045;1.65485e-07;0.999724
5.83936e-08;2.68847e-06;7.10355e-12;8.86489e-09;7.84836e-05;1.44069e-07;9.23768e-08;0.999903;1.47152e-05;2.55759e-09;5.27642e-08;2.06548e-09;2.60913e-07;1.31021e-07
1.52411e-08;5.14264e-06;0.999915;8.49726e-08;4.90792e-06;2.89545e-08;3.03399e-11;4.34347e-08;9.56645e-12;7.60818e-10;1.98556e-10;7.3914e-05;1.76305e-08;1.39859e-06
3.64607e-08;0.99952;2.5828e-10;9.35838e-09;3.63156e-08;2.34221e-08;1.38628e-08;4.90679e-05;1.17461e-07;6.13202e-11;1.17262e-07;2.67795e-06;0.000427958;1.15112e-07
1.42406e-07;0.989992;7.51637e-12;4.80003e-07;8.41434e-07;2.24985e-08;1.27849e-08;0.000184185;1.17955e-09;2.55e-08;2.54782e-09;0.00121966;0.00858981;1.25741e-05
1.48176e-06;0.976924;8.9777e-06;2.34426e-07;0.000538293;3.78421e-07;2.42122e-08;0.0175228;1.75018e-10;4.35689e-07;6.07692e-11;0.000472174;0.00158913;0.00294247
7.5908e-07;0.000965176;5.05367e-07;1.00678e-05;1.43673e-06;0.000105684;3.10899e-05;1.21234e-05;5.86721e-06;2.0608e-05;5.16625e-06;1.14149e-05;0.998816;1.3863e-05
9.79713e-08;8.73403e-05;0.999651;3.56532e-06;3.23367e-08;7.92703e-08;4.98312e-05;1.39583e-10;1.31768e-09;2.56668e-05;2.31557e-08;0.000181387;1.20146e-08;8.49663e-07
1.09179e-06;3.07733e-06;0.999619;5.05379e-07;1.76359e-07;6.65924e-08;0.000349656;2.17474e-07;3.56303e-06;3.67077e-07;2.05215e-05;1.92707e-06;3.3125e-08;1.04751e-07
1.22719e-08;5.55426e-07;7.75753e-14;7.04906e-11;7.04013e-08;4.49648e-11;1.79144e-09;0.999997;2.07031e-06;9.73538e-10;1.13791e-08;1.39838e-09;6.48035e-08;2.54854e-10
4.99218e-07;2.90432e-05;0.980643;2.38405e-06;4.43935e-05;1.79532e-06;1.46489e-08;2.2714e-07;1.58656e-08;3.05454e-07;2.70324e-07;0.0188761;5.33846e-07;0.000401132
1.47987e-06;0.998341;3.25972e-11;1.06981e-09;9.59755e-08;2.13365e-08;7.07617e-05;3.03299e-05;3.36799e-08;1.29428e-06;2.19579e-08;1.81516e-10;5.0773e-05;0.00150457
1.68295e-11;2.04878e-12;1;4.60462e-13;2.84909e-10;2.58034e-11;2.31514e-12;2.2672e-11;4.97881e-13;4.38827e-13;2.60228e-12;2.48252e-07;2.04506e-13;7.6224e-13
8.01759e-05;0.336916;4.80295e-05;7.43002e-05;0.00161373;0.000987471;0.000310967;0.439823;0.00555397;3.92482e-06;0.000481956;0.0043425;0.205107;0.00465752
5.68367e-06;0.00165832;1.26421e-08;1.81914e-07;2.15887e-05;6.24419e-06;7.14048e-09;0.620584;2.11553e-06;3.84616e-08;7.03269e-07;6.51316e-05;0.377629;2.69606e-05
8.58757e-07;0.000332841;8.97886e-08;1.88157e-06;1.14681e-07;3.33925e-07;4.13049e-09;1.84396e-05;3.63339e-06;1.12551e-07;5.48426e-07;0.999405;0.000229038;7.55487e-06
7.0363e-06;0.999783;7.52608e-06;1.01093e-05;2.35251e-07;7.07475e-08;1.78812e-07;2.61547e-05;1.87987e-07;1.56362e-07;5.04965e-07;0.000148881;1.25039e-05;3.27443e-06
2.40156e-07;0.96767;1.02466e-08;9.98132e-08;5.25208e-08;1.60378e-08;8.21413e-05;4.23482e-05;7.1269e-10;8.70657e-06;4.47522e-09;5.41595e-08;3.89378e-07;0.0321962
1.45897e-10;3.21435e-11;0.999998;4.62268e-10;5.6227e-09;2.66394e-08;3.5361e-09;8.11166e-10;9.11162e-12;2.29004e-10;1.72599e-10;1.64939e-06;1.95705e-14;1.44826e-09
4.61566e-06;0.000893147;1.20639e-11;1.55189e-07;1.10425e-08;3.12761e-08;5.70415e-08;0.0028736;4.48515e-06;1.06256e-09;4.87557e-06;7.94199e-07;0.996218;1.66389e-08
4.03449e-06;6.03785e-05;5.84357e-10;9.49875e-07;4.11891e-07;1.03712e-08;1.98626e-08;8.46226e-06;0.000119518;2.24455e-08;3.02632e-05;0.999745;2.87638e-05;2.62039e-06
5.22008e-06;0.97404;5.87605e-06;4.40512e-06;2.02503e-06;1.01141e-06;2.3405e-07;1.20952e-06;7.77377e-08;2.35278e-07;3.43706e-07;3.25551e-06;0.0259353;7.05918e-07
5.65553e-07;0.00227198;2.55179e-09;4.81181e-07;1.61797e-07;4.05746e-08;6.40298e-08;0.000175915;2.21671e-06;7.81489e-10;5.6379e-05;0.997411;2.93683e-05;5.16398e-05
9.24493e-07;0.298923;2.29997e-07;1.01107e-06;0.000786733;2.38793e-05;3.29524e-08;0.0244247;7.01326e-09;2.07833e-07;4.66701e-08;5.52433e-06;0.675719;0.000114784
3.90131e-08;2.96956e-06;7.75806e-09;3.57646e-07;5.7481e-08;0.0025399;2.60187e-07;4.81365e-08;1.71564e-07;1.45521e-06;4.47318e-07;1.47303e-07;0.997452;2.64479e-06
1.72716e-08;3.87639e-08;1;3.04158e-08;7.46548e-09;1.23597e-08;1.79147e-09;1.41138e-09;4.56295e-11;2.6924e-09;7.02883e-10;4.29083e-08;4.47525e-10;9.13299e-09
7.47066e-05;0.952523;2.95362e-06;0.000205675;7.61886e-05;0.000275348;0.00189016;0.00334643;0.00903449;9.60404e-06;0.0240571;1.04826e-05;0.00760205;0.000891612
