1.31838e-05;0.998447;0.00069823;5.3878e-05;3.29535e-06;2.06998e-07;1.65106e-06;0.000516611;1.52881e-07;7.69705e-07;4.30907e-07;0.000156033;5.91376e-05;4.91128e-05
4.90353e-06;0.693154;6.02253e-09;6.93606e-06;6.76289e-05;1.89862e-06;4.21212e-09;0.303963;4.81445e-06;7.62146e-08;2.02029e-05;0.00159017;0.000521845;0.000664185
0.000186514;0.240775;5.27537e-06;4.66241e-05;4.43178e-05;0.0004961;0.0175493;7.36946e-05;3.67048e-05;0.0411536;0.000237764;0.000562382;0.000461782;0.69837
1.63911e-08;1.16884e-08;0.999999;6.70612e-09;6.32038e-08;5.51269e-08;8.54811e-08;1.1822e-08;6.26672e-08;1.43318e-08;8.62129e-08;4.84413e-07;4.40162e-12;1.45109e-09
6.73964e-05;0.964739;1.39876e-06;7.04556e-06;4.89648e-05;2.2456e-06;2.74587e-05;0.00665485;0.00112299;2.86615e-07;0.000202187;0.0149181;0.0121727;3.57799e-05
0.000311029;0.796365;6.80606e-08;0.000879316;0.00649953;0.00357791;1.59182e-05;0.078109;0.00194712;0.000150511;0.00292446;0.0575361;0.0020175;0.0496663
0.000178487;0.983246;1.03465e-06;9.624e-06;1.89981e-08;2.16596e-08;6.03045e-05;7.76971e-05;0.000844195;3.7955e-06;0.000934713;0.0141402;0.000503894;7.64973e-08
3.35944e-05;0.985238;2.02852e-09;6.62425e-07;6.43126e-09;5.31052e-08;2.45171e-05;2.3222e-06;9.58161e-06;8.59656e-08;5.96602e-06;0.012079;0.00260589;5.03355e-07
0.00065602;0.463602;3.1955e-06;6.97228e-05;0.00201357;0.00016797;9.77949e-07;0.188652;0.000218816;7.84106e-06;1.15251e-05;0.0746861;0.241109;0.0288009
0.00101758;0.295359;7.02054e-06;0.000263174;0.00022121;0.0171163;0.000205808;0.00293802;0.00125957;8.44457e-05;0.000238138;0.00704827;0.0801652;0.594076
0.00060527;0.0185304;9.20634e-07;1.20086e-05;5.80463e-06;1.87889e-06;9.7362e-06;0.0187873;0.000620078;7.44273e-07;0.00111601;0.0386525;0.921657;7.13896e-07
1.48874e-05;0.00982978;0.989524;1.18414e-06;8.5166e-06;1.46163e-07;1.72368e-06;1.23393e-05;4.89085e-07;9.41131e-07;6.34953e-08;0.000536453;1.68115e-05;5.243e-05
1.4909e-05;0.991847;9.50383e-09;1.64871e-06;2.61042e-05;6.44572e-06;9.54241e-05;0.00501359;1.96633e-05;1.23292e-05;1.6813e-06;0.000144497;0.000223477;0.00259317
4.00189e-07;0.000383534;0.00361319;2.70067e-06;1.19888e-05;4.63507e-06;1.14174e-08;1.3257e-06;1.6039e-08;7.73056e-08;2.23028e-07;0.995869;7.4988e-06;0.00010488
1.73308e-07;0.983715;7.21917e-12;1.80048e-08;3.30601e-09;5.56014e-08;0.0153927;0.000229497;3.02635e-07;5.35168e-06;4.62491e-07;3.57001e-11;3.41404e-06;0.000652498
1.0237e-10;1.07717e-09;1;3.59874e-10;2.62152e-09;4.51222e-09;4.154e-09;7.05119e-09;3.1044e-11;4.82066e-10;2.11964e-10;1.49766e-07;5.52283e-12;1.02348e-10
1.15696e-05;0.0884722;7.35855e-08;1.58847e-06;1.66856e-05;7.01418e-06;2.78552e-07;0.0430777;5.11936e-05;2.85938e-07;4.33479e-05;0.00228295;0.866022;1.32458e-05
1.90549e-05;0.0633204;2.43156e-06;6.91187e-06;1.6084e-06;4.84061e-05;1.86048e-06;0.186414;5.84481e-05;7.34401e-07;5.66269e-05;0.0051693;0.74488;1.96423e-05
1.13602e-05;0.00625827;2.44411e-08;0.000206899;0.00013313;0.000188437;1.58398e-06;0.00128717;8.93937e-06;7.68678e-05;0.00247185;0.976157;0.00666493;0.00653361
1.47487e-06;0.00587616;3.12097e-07;3.38728e-07;2.04545e-09;4.26884e-08;0.992641;9.18127e-09;5.99889e-07;0.00145821;1.9486e-05;8.2371e-09;6.31787e-07;1.98853e-06
5.46753e-09;2.28983e-10;0.999997;1.45409e-08;3.08261e-09;1.67968e-08;1.80774e-06;2.15759e-09;9.87737e-08;6.88203e-08;3.04009e-07;3.00309e-07;6.28619e-12;9.21745e-12
5.83145e-06;0.999594;2.82643e-06;4.46136e-06;8.84481e-08;1.71757e-07;1.70122e-05;4.54672e-05;1.46153e-05;4.65867e-07;5.54246e-06;5.01946e-06;0.000304628;6.27286e-08
5.6119e-05;0.583064;3.11509e-06;2.04417e-05;3.97829e-06;2.8505e-07;2.57638e-06;0.306132;4.34825e-05;1.06432e-06;5.61782e-05;0.0093451;0.101272;2.69405e-07
1.24294e-05;0.402246;3.81233e-08;0.000200601;0.0019679;2.25377e-05;7.53266e-08;0.00699268;6.91172e-06;2.0657e-05;2.256e-05;0.514345;0.00118186;0.0729798
7.7208e-06;0.0291761;2.01053e-08;3.7458e-07;8.77984e-09;8.19644e-08;0.967518;2.60424e-07;8.78391e-06;0.0030094;1.58205e-05;8.62416e-08;4.24892e-06;0.000259435
3.34009e-10;6.84153e-11;1;3.55337e-10;4.05732e-11;4.59267e-10;5.55691e-08;9.53727e-11;1.11175e-09;3.58176e-09;1.75167e-09;2.83454e-09;1.8389e-13;2.63892e-12
1.45809e-05;0.996367;3.78588e-05;7.79747e-06;4.84569e-07;7.03077e-07;4.1409e-05;0.000825285;1.60418e-05;2.90276e-06;1.25741e-05;0.000350003;0.00232167;1.85448e-06
5.90023e-06;0.982849;2.11205e-09;2.45065e-05;6.47248e-05;8.07099e-06;4.56204e-05;0.00511254;4.35708e-06;3.25955e-05;2.60176e-05;2.33392e-05;0.0111174;0.000685887
0.0047849;0.916109;0.000625688;0.00266543;0.00936654;0.000510148;0.000769302;0.00629406;0.00246767;3.32535e-05;0.000167808;0.0177639;0.000479815;0.0379628
0.000102543;0.00337989;1.17285e-10;1.56672e-05;0.000100684;1.91629e-06;2.77908e-07;0.995312;0.000727035;1.91386e-07;1.08617e-05;0.00019982;0.000145879;3.45583e-06
6.60906e-05;0.960197;1.59947e-07;1.86975e-07;2.27631e-06;1.1456e-06;1.51816e-06;0.0100043;1.55661e-07;1.01313e-07;2.96524e-07;0.000558807;0.0291609;6.77573e-06
1.9641e-06;0.984598;1.55683e-07;7.74911e-06;1.57521e-05;6.2405e-06;8.31557e-08;0.00113675;2.46278e-06;2.6362e-07;1.48143e-07;0.00322567;0.0100205;0.000984532
1.80684e-06;0.000996556;0.000526475;5.54323e-05;0.000120247;1.16136e-06;1.01626e-07;0.00273379;7.41348e-07;3.52403e-07;8.87572e-06;0.993299;0.00224017;1.52681e-05
4.79695e-05;0.00979892;5.08922e-09;2.68331e-05;0.00206557;9.05907e-07;7.79453e-05;0.980802;0.00111855;8.60548e-06;0.00546211;0.000364848;0.000218112;7.91149e-06
4.05206e-05;0.275103;0.721078;0.000106111;5.53382e-05;0.000587089;0.000333328;0.00024995;1.10046e-06;0.000851757;1.47466e-05;5.60147e-05;0.000189209;0.00133446
2.43042e-08;3.45067e-09;0.999999;4.08562e-09;2.469e-10;1.43909e-09;3.76663e-08;8.14437e-09;2.77006e-08;6.74128e-11;6.68464e-07;4.07281e-07;2.03921e-09;2.0971e-12
2.2344e-06;0.00393659;4.91313e-05;3.47151e-06;2.15988e-07;8.24025e-07;2.83024e-07;0.000307917;0.000141623;8.37923e-08;6.50924e-05;0.995208;0.000265257;1.96846e-05
1.98351e-05;0.00952212;1.87712e-06;1.70565e-05;5.41959e-05;0.000960687;2.02969e-07;0.00035104;5.77204e-05;4.40678e-06;7.73995e-05;0.00583602;0.98308;1.76964e-05
1.7851e-06;0.00181271;1.92311e-06;7.62491e-07;7.28609e-07;3.38284e-07;5.48154e-07;0.00231325;1.58774e-06;4.57965e-08;2.58535e-06;0.995846;1.58761e-05;2.06199e-06
1.39584e-06;0.00572357;2.73053e-05;8.87886e-07;0.00128519;6.01133e-06;1.16389e-07;0.992718;6.75306e-08;1.93645e-08;3.44749e-08;1.47561e-05;0.000163065;5.98018e-05
7.18752e-08;2.12954e-05;1.03393e-08;7.16647e-09;2.39764e-05;8.84987e-08;1.47586e-08;0.999938;4.42284e-07;4.26074e-09;1.40584e-08;5.11384e-08;1.58741e-05;2.99316e-09
4.10992e-07;0.000107352;0.999863;7.36846e-07;1.03675e-05;3.63051e-06;3.80554e-11;2.71037e-06;3.31004e-10;2.25917e-08;6.34044e-09;9.41314e-06;8.34399e-07;9.46049e-07
2.04155e-06;0.992987;1.60422e-05;1.96385e-06;8.67117e-07;1.802e-06;3.39087e-06;0.00491081;6.42478e-05;1.94125e-07;2.24619e-05;0.00151016;0.000466205;1.30126e-05
