5.14903e-05;0.977815;1.51322e-06;4.00525e-05;7.4291e-05;5.03246e-06;2.67605e-05;0.0142541;0.000141294;1.0355e-05;5.47604e-05;0.000833897;0.00567411;0.00101713
0.00011373;0.0498373;2.39214e-05;4.90819e-05;0.00269632;2.70032e-05;1.52437e-05;0.934553;0.000501399;1.05752e-05;0.00119702;0.00162124;0.00822581;0.00112813
0.000134453;0.990573;6.26662e-09;3.50124e-07;0.000215915;3.27008e-07;8.2623e-05;0.000594163;3.15987e-06;1.74123e-05;2.19191e-05;0.00832159;2.71257e-05;7.94865e-06
0.00497814;0.00128177;0.00351281;0.000873382;0.901497;0.00451689;0.000515356;0.00151546;0.0144561;0.00252506;0.000176116;0.0141629;1.15544e-05;0.049977
0.000680125;0.000503388;0.995131;2.99226e-07;1.76689e-06;5.5786e-07;3.85521e-05;2.9983e-05;0.00355693;1.92852e-07;9.53898e-06;4.20229e-05;4.77716e-06;1.06032e-06
2.03617e-06;0.999919;7.1198e-10;4.1287e-09;6.25854e-09;2.2435e-09;1.74302e-05;5.07987e-05;1.80509e-06;7.98841e-07;6.80113e-10;2.04651e-10;8.27245e-08;7.97389e-06
1.2119e-08;3.81302e-11;0.999998;9.48611e-11;2.26752e-08;9.84465e-11;1.02374e-10;5.75164e-08;3.25026e-09;5.54481e-11;5.69783e-11;1.92058e-06;3.47516e-12;1.80374e-12
0.00010327;0.00211512;8.1295e-06;5.68656e-06;0.00104783;5.80799e-05;1.84715e-05;0.994766;0.00132259;1.58177e-06;2.72521e-05;7.07423e-05;0.000133271;0.000322222
1.77454e-05;0.958122;7.48824e-08;0.000131315;0.000461886;0.000238179;5.44747e-06;0.0315716;0.00254802;2.2767e-05;0.000180207;0.000940423;0.00560002;0.000160641
9.68625e-07;2.68633e-06;6.81336e-07;8.89095e-06;0.986246;0.010048;1.09647e-08;0.000130776;1.29044e-06;3.39245e-06;3.54141e-07;7.82429e-05;5.07509e-06;0.00347437
0.0011157;0.102123;2.20376e-08;1.95606e-06;0.000309118;9.08868e-07;7.68984e-07;0.0428218;0.000361159;3.9126e-07;5.54949e-05;3.44038e-05;0.853145;3.09242e-05
6.78275e-05;0.983212;5.54918e-06;2.83072e-06;4.98427e-06;3.0907e-07;0.000425621;0.000123743;3.5698e-06;0.000281927;6.38221e-07;0.000495044;0.000255404;0.0151206
9.79719e-09;2.0326e-07;0.999848;1.67679e-08;3.13537e-08;2.29746e-10;1.06704e-07;2.19749e-07;4.40329e-08;2.72296e-09;1.91965e-08;0.000151015;5.70534e-11;3.58236e-10
7.6263e-05;0.112915;1.30898e-06;0.000350032;6.43638e-05;0.00058973;5.76011e-05;0.0193386;0.00707264;9.67153e-06;0.00215721;0.00772274;0.838594;0.0110502
7.87575e-06;0.965813;1.02919e-08;6.44924e-06;9.09459e-06;1.32219e-05;4.03439e-06;0.00303937;5.4747e-07;2.57052e-06;8.36735e-06;0.00947443;0.0133091;0.00831242
0.00032139;0.00177227;0.00177518;9.66698e-05;0.942317;0.00113905;1.35853e-05;0.0356421;0.000127356;7.6989e-07;0.000113867;0.00182089;0.0114065;0.00345298
2.3066e-06;0.998052;1.18594e-08;4.66925e-09;1.60987e-07;1.05421e-07;1.03684e-05;9.53319e-06;2.86456e-08;8.49501e-07;1.57586e-09;2.82165e-08;0.00186131;6.28627e-05
2.74683e-13;1.79134e-14;1;3.26416e-15;9.96202e-14;2.21541e-15;7.92907e-16;3.44785e-13;2.51339e-15;6.85784e-16;1.00862e-15;1.45919e-09;1.82171e-16;6.60709e-18
0.000157304;0.0669175;0.00126135;0.000380423;0.000940476;0.000448578;0.000123666;0.840259;0.0730888;4.83781e-05;0.00921652;0.00244252;0.00410747;0.000608466
