6.29102e-06;0.996746;0.0023381;2.11298e-05;3.29342e-06;2.38793e-06;2.31961e-06;0.000319177;1.55245e-08;2.9776e-06;2.72696e-08;8.71856e-05;6.61541e-05;0.000405194
1.11632e-05;0.00539665;3.47958e-09;6.84673e-06;3.65091e-05;4.06576e-06;1.14197e-06;0.00921764;2.54236e-05;4.26148e-07;0.000156021;6.45732e-05;0.985074;5.58843e-06
4.22064e-06;0.999429;3.88667e-05;1.27174e-05;1.29182e-06;5.60147e-07;2.55806e-05;0.000336634;2.20362e-07;1.32941e-05;1.45176e-07;3.40205e-06;3.03334e-06;0.00013078
3.42407e-08;2.94279e-07;0.999973;1.95801e-07;2.51288e-08;2.73946e-09;1.71075e-08;2.38858e-05;1.91218e-08;2.01231e-09;3.31546e-07;1.91442e-06;3.26408e-08;1.22193e-09
1.60296e-07;5.27084e-05;0.00229602;3.78776e-06;1.51782e-06;3.9354e-07;3.15415e-07;0.00148654;6.71723e-08;9.02071e-07;1.45881e-06;0.000726311;2.50929e-06;0.995427
2.22515e-06;0.000166708;7.47681e-10;3.69072e-06;0.00674765;0.000609557;1.27047e-07;0.991553;0.000199043;4.15715e-08;0.000312767;7.49873e-05;0.000179968;0.000150706
6.99279e-08;0.00266353;0.996501;3.5828e-06;0.000687759;2.72557e-05;1.13161e-09;4.28724e-06;2.33145e-11;1.19913e-07;5.09461e-09;1.37157e-05;7.23554e-05;2.61992e-05
1.11928e-06;0.990954;1.00182e-06;5.2847e-07;2.0078e-06;3.08218e-06;1.53587e-07;0.000482501;1.28802e-07;4.74237e-09;4.38988e-06;0.00161394;0.00691517;2.23105e-05
1.92994e-07;0.996352;4.99983e-06;3.86749e-07;2.24491e-06;7.32596e-08;9.90294e-09;0.00231391;1.41598e-09;9.37104e-09;1.74225e-08;0.00111358;6.96188e-05;0.000143332
1.69319e-07;0.99271;1.24348e-07;7.0103e-07;4.14377e-06;3.12005e-07;9.55758e-07;0.00522929;3.76782e-08;7.3269e-07;1.06097e-08;8.42792e-07;0.00172122;0.000331353
2.59648e-10;6.67381e-10;1;1.43641e-09;6.13172e-12;2.7279e-11;1.80228e-10;4.14152e-09;2.58971e-10;3.45269e-11;1.31351e-09;3.0118e-07;1.15749e-09;2.57947e-12
6.74329e-07;1.95071e-05;0.999074;2.72284e-06;2.19839e-07;3.10622e-08;3.72055e-07;0.00014415;4.11157e-07;1.59249e-07;1.15653e-06;0.000741857;1.52259e-07;1.41097e-05
1.78241e-07;0.000710326;2.2291e-06;1.31118e-06;0.000222477;0.000165482;1.31228e-08;0.000410175;2.77851e-08;1.45288e-06;1.68382e-07;6.89983e-07;1.72308e-07;0.998485
5.17159e-07;0.000842775;0.00243828;2.68804e-06;0.000563905;0.000132182;8.03759e-10;0.000116461;5.329e-10;1.41641e-07;1.35766e-07;0.995054;0.000816547;3.25496e-05
0.000254738;0.25442;3.68606e-08;0.000546298;0.00581322;0.00517401;2.11329e-05;0.624268;0.00590945;7.20212e-06;0.0112263;0.00210015;0.090219;4.0617e-05
3.16169e-06;0.9961;1.48047e-05;8.3624e-07;4.24634e-07;2.35797e-06;2.53387e-06;0.00380193;9.36742e-09;2.27379e-06;2.84472e-09;1.40962e-07;6.38366e-05;7.56671e-06
6.30937e-09;4.1594e-07;0.999999;3.69128e-09;6.4274e-10;2.01867e-09;5.16577e-10;8.38867e-08;1.84066e-10;6.16849e-10;1.30404e-10;2.96452e-07;4.7044e-09;3.3531e-10
3.33851e-08;1.3321e-05;0.983789;1.50857e-08;1.78298e-08;2.36585e-07;1.14212e-08;3.13272e-07;8.04849e-10;9.54e-09;1.78156e-09;0.0161016;2.01327e-08;9.58002e-05
3.91025e-09;9.25237e-05;3.75946e-07;2.47551e-07;0.00114932;0.0177595;3.36638e-10;5.56049e-06;4.69371e-09;4.94153e-09;1.83422e-08;8.56416e-07;2.6167e-05;0.980965
8.86022e-06;0.913497;1.77015e-06;1.36535e-06;6.37852e-07;1.88064e-06;1.99242e-05;0.00396767;6.58929e-08;1.96362e-06;1.01579e-06;0.000223246;0.0816475;0.000627413
3.17817e-11;6.78376e-11;1;4.56576e-11;1.06984e-09;4.81062e-10;2.91886e-12;2.08447e-09;6.70916e-13;2.19157e-12;2.39425e-12;1.41004e-08;8.90525e-11;3.27636e-11
4.50818e-06;0.77666;2.36893e-06;5.65906e-05;4.41022e-05;0.000112935;1.00186e-05;0.169829;6.1608e-05;1.25598e-06;8.73865e-05;0.00505174;0.0447108;0.00336806
4.73728e-07;0.342308;1.70435e-07;1.59657e-05;3.29443e-05;0.000350569;2.28083e-07;0.0107411;3.55035e-08;6.1095e-07;4.93042e-07;8.64453e-05;0.639588;0.00687497
4.92236e-06;0.0190059;6.4447e-07;0.00180837;0.000150546;9.58911e-05;1.21558e-07;0.263097;2.2255e-05;2.01674e-05;0.000207489;0.711364;0.00283517;0.00138767
1.28527e-06;0.996712;1.21002e-10;1.49126e-06;8.79755e-08;1.05418e-08;6.95436e-05;2.58676e-05;2.52389e-07;3.96414e-06;1.45856e-05;1.22136e-07;5.10714e-06;0.00316606
0.00011624;0.00311782;1.35697e-05;1.91507e-05;1.02458e-06;3.49302e-07;0.807546;0.000506455;0.0261326;2.05425e-06;0.161865;6.6026e-06;0.000671481;2.20129e-06
5.74957e-05;0.0711646;4.70651e-07;0.000219971;0.000173796;4.05162e-05;4.18535e-07;0.926673;0.000613612;3.35862e-06;8.08588e-05;0.000301734;0.000544163;0.000125884
0.000792168;0.561233;2.97476e-05;6.06526e-06;8.68761e-05;0.000182685;1.12634e-06;0.091836;2.80379e-05;3.93038e-05;5.64527e-06;0.0010981;0.0558949;0.288766
6.5058e-06;0.00314426;1.33029e-05;1.87332e-05;0.0005653;2.53013e-05;2.15653e-07;0.00144633;0.000155298;1.31074e-06;5.46652e-05;0.994209;4.62244e-05;0.000313968
2.79917e-05;0.993992;5.68411e-07;6.18441e-08;7.59217e-08;4.88435e-09;2.65855e-07;4.7572e-05;8.28897e-07;3.83854e-08;1.3453e-07;0.00188823;0.00404219;4.97208e-08
3.04476e-06;0.947295;2.96545e-08;7.0565e-07;4.49779e-06;2.17147e-05;0.000503936;0.00010073;2.09511e-06;0.000477234;1.65008e-08;2.14256e-05;6.33696e-05;0.0515066
1.94628e-11;1.35697e-11;1;2.16316e-11;1.61538e-11;1.67924e-11;5.87098e-11;2.82689e-10;9.45478e-12;4.13151e-12;2.75063e-12;8.74903e-08;1.67198e-14;3.21332e-13
0.00167333;0.488345;7.42691e-05;0.000160809;0.000304971;0.00660438;0.000628905;0.222244;0.0156599;1.53859e-05;0.00318054;0.00911348;0.247122;0.00487264
2.59428e-05;0.998092;3.77508e-07;1.91148e-07;1.83904e-07;1.10201e-07;2.60116e-06;9.86326e-05;7.91771e-07;7.49484e-08;8.475e-07;0.000367867;0.0014076;2.44384e-06
9.47107e-07;8.74164e-05;7.989e-07;1.1466e-05;0.0034338;1.84389e-05;2.71082e-07;0.00765113;4.23037e-05;4.10931e-07;1.01833e-05;0.988624;4.26117e-06;0.000114654
1.14835e-05;0.30238;0.00412733;0.000333966;1.42467e-05;2.03093e-05;3.20637e-05;5.69665e-05;3.56699e-06;6.04622e-06;5.12395e-05;4.22708e-05;0.692906;1.42536e-05
7.91401e-05;0.0545852;5.50458e-08;5.16689e-06;0.00383752;0.00108351;1.94888e-06;0.0194039;3.47015e-05;1.05318e-07;6.6057e-06;0.72531;0.101882;0.0937698
4.26769e-05;0.263855;0.00024834;6.42012e-05;0.355486;0.00118494;2.12055e-06;0.0201877;5.6502e-07;8.84295e-06;1.38895e-06;0.0107005;0.0485357;0.299682
7.32737e-05;0.642178;1.62961e-06;0.000196967;0.00013946;8.25087e-05;0.000175146;0.000976746;0.000723608;9.60223e-06;0.00166722;0.00497207;0.348471;0.00033331
5.31522e-06;0.99511;3.94606e-08;3.84363e-06;1.80184e-07;4.53704e-06;5.31997e-06;5.36531e-06;2.40666e-06;3.90489e-07;9.25042e-06;0.00065065;0.00419552;7.08172e-06
3.5157e-05;0.00942227;0.00136792;0.000269656;4.09547e-05;4.83859e-05;3.84395e-07;0.000111873;3.02476e-06;7.46662e-06;2.70053e-05;0.98655;0.00203244;8.31535e-05
3.93057e-05;0.985038;1.60556e-07;2.22707e-06;5.99429e-07;7.59175e-07;5.66332e-06;0.000136086;6.36372e-06;3.04239e-07;3.26606e-05;0.000297868;0.0144388;1.3697e-06
5.64904e-06;0.93236;3.55945e-08;0.000107352;3.30927e-05;0.000128479;0.00731869;0.000352342;8.64745e-06;0.014762;1.91266e-05;5.6713e-05;0.000415685;0.0444326
1.84324e-10;1.5771e-09;0.999999;7.47767e-10;8.60476e-12;4.44865e-11;6.02124e-09;4.39276e-10;1.72454e-10;5.6385e-10;9.94276e-10;7.65326e-07;2.28159e-12;1.90352e-13
0.00161927;0.541702;0.000105585;0.00313401;0.000704885;0.00463127;0.0378264;0.0248577;0.255489;0.000306155;0.0923704;0.00153884;0.0342038;0.00151087
0.000952052;0.894351;3.89901e-06;0.000801887;0.000266604;0.000405031;3.30077e-05;0.00439625;0.00832848;3.82042e-05;0.0037395;0.00712748;0.0792873;0.000269605
2.11849e-05;0.00998761;1.78612e-11;1.38933e-05;4.85213e-06;2.76019e-05;1.56021e-05;0.000223235;2.31562e-05;1.4905e-05;0.000167679;0.000652021;0.988831;1.73547e-05
2.947e-05;0.000683248;0.998155;3.29924e-05;8.96955e-05;4.22063e-06;1.87066e-07;6.78102e-05;8.74416e-08;1.36895e-05;2.26819e-07;0.000877077;5.08612e-06;4.10972e-05
1.26291e-07;0.00110272;3.38574e-08;7.46523e-07;4.59071e-10;1.16554e-07;0.992272;4.58772e-09;2.20265e-06;0.00661101;5.75152e-06;1.10665e-10;2.14205e-06;3.26464e-06
4.39694e-12;1.78724e-13;1;2.59265e-11;2.04847e-12;3.77702e-12;6.88537e-10;1.6273e-12;2.93034e-11;8.39606e-11;3.40501e-10;8.24668e-11;3.52443e-16;5.8971e-15
