1.93787e-06;0.0288804;3.68319e-08;6.57203e-07;5.18445e-07;8.10646e-07;2.02771e-07;0.00130512;8.05287e-07;2.94374e-08;2.57678e-07;5.5296e-05;0.969753;4.75389e-07
5.52827e-06;0.000664536;6.40155e-09;0.000275567;7.25043e-05;9.57296e-05;3.20457e-07;0.000470807;0.000176169;6.79975e-06;9.32458e-05;0.997391;0.000293157;0.000454955
6.79716e-06;8.78728e-05;1.50462e-09;6.75301e-09;6.99004e-09;3.37115e-10;8.03405e-08;0.999901;3.9783e-06;4.64483e-10;3.40812e-07;2.83761e-08;3.00633e-07;1.10785e-09
4.50775e-07;2.90581e-05;5.99723e-07;2.39744e-06;0.000412817;4.78883e-05;2.45913e-09;1.76197e-05;6.26836e-08;1.23605e-07;2.66045e-07;0.000380546;5.82239e-07;0.999108
1.68098e-06;0.998991;2.19288e-07;1.23974e-07;6.88374e-09;2.34096e-08;0.000461411;2.01188e-05;8.87621e-07;3.76589e-05;5.50649e-07;4.54719e-08;6.30267e-06;0.000479862
8.91868e-10;7.95133e-09;0.999976;1.60342e-09;1.81335e-09;4.20007e-09;2.55327e-08;1.3679e-08;1.43052e-08;4.60304e-09;1.00567e-08;2.39138e-05;1.57666e-12;6.15046e-09
9.85038e-07;0.683483;5.20301e-08;2.50259e-07;3.68021e-09;7.73509e-07;2.40597e-05;1.08987e-05;1.2988e-06;1.0627e-07;1.88465e-06;2.4025e-06;0.316474;9.05984e-07
1.48365e-07;0.00578987;1.32876e-06;4.62514e-07;1.48429e-07;3.76057e-06;2.2315e-08;0.00228627;1.62999e-06;1.00561e-08;8.81734e-06;0.991635;0.000269034;3.27436e-06
2.69225e-06;0.737663;2.29795e-06;3.97842e-06;0.000984544;4.27872e-06;7.74387e-08;0.248091;2.10622e-07;3.73344e-08;5.09473e-07;0.00560642;0.00659418;0.00104668
1.4958e-05;0.445112;5.59436e-05;5.92598e-05;0.000539229;0.00189502;2.6468e-08;0.0307843;1.91363e-06;1.48595e-06;3.25001e-06;0.36657;0.130368;0.0245942
6.96203e-07;0.00257304;1.58735e-09;5.70348e-06;1.83338e-06;7.19698e-05;1.71319e-08;2.885e-05;1.02264e-06;1.23575e-07;6.3911e-05;0.000107828;0.997108;3.73465e-05
9.83665e-06;0.00201978;8.01593e-05;9.84447e-06;9.28085e-06;3.46433e-06;2.80731e-09;0.000283155;1.93726e-06;3.42946e-07;2.56955e-05;0.995827;0.0017237;5.43311e-06
4.25096e-06;0.191316;1.57768e-06;1.21162e-06;0.000163087;0.000207941;0.000231485;0.806432;1.01869e-06;4.78847e-05;2.29723e-06;1.38605e-06;0.00155662;3.25363e-05
7.23145e-10;3.3983e-10;0.999999;3.23605e-09;1.46057e-09;4.28628e-10;3.84916e-09;2.64372e-09;1.46813e-11;1.52855e-09;1.75089e-09;7.5171e-07;1.078e-10;6.23566e-12
0.00141635;0.008816;0.00336457;0.00722758;0.00164406;0.0123223;9.89656e-05;0.0373575;0.018614;0.000391821;0.0125172;0.772311;0.113896;0.0100232
0.0204606;0.253324;0.407262;0.00240166;0.0711983;0.00151025;0.000546304;0.0867175;0.000495429;0.000171063;0.003309;0.0111297;0.0680235;0.0734505
0.00140092;0.120485;1.23607e-06;4.01259e-05;0.00243468;1.15489e-06;0.000181829;0.18738;0.118071;4.0301e-05;0.00337676;0.566052;0.000523515;1.18625e-05
0.000849389;0.0138805;0.927681;0.00154635;0.0498108;0.00252873;7.62235e-05;0.000722805;0.000888496;0.000344087;2.49534e-05;5.93587e-05;0.000456567;0.00113043
0.000507256;0.990692;2.3272e-05;4.50334e-07;1.83732e-06;3.33164e-07;1.85301e-08;0.00833305;7.89705e-06;1.32483e-08;1.75498e-08;0.000342075;8.96544e-05;2.60457e-06
1.10051e-07;0.999839;6.61144e-11;9.16621e-09;1.71825e-07;6.37191e-09;1.37987e-06;9.96727e-05;6.40143e-09;1.91608e-06;4.59938e-11;7.13001e-10;2.06827e-07;5.74538e-05
3.61562e-11;1.14943e-10;1;2.83919e-11;6.27171e-10;1.3549e-11;3.98394e-10;3.60731e-09;5.54749e-12;5.9126e-11;3.2144e-12;5.24727e-09;3.13811e-15;6.74361e-13
1.9337e-06;0.972556;4.34965e-06;1.59719e-05;2.83138e-06;4.36875e-06;2.10481e-07;2.70794e-05;7.89146e-07;2.26836e-07;2.96912e-06;5.84084e-05;0.0273242;2.18173e-07
7.80799e-06;0.00915073;1.61732e-06;1.47077e-05;4.71697e-07;6.70795e-06;1.77651e-05;0.00312612;0.00135838;2.99884e-07;0.0029649;0.982869;0.000254153;0.000227507
0.000117298;0.44014;5.46176e-06;4.20075e-06;0.000731621;0.00175091;2.18187e-07;0.554919;7.39358e-06;2.08401e-06;1.43735e-05;0.000207563;0.0011586;0.000941363
1.8008e-05;0.021462;0.00017583;5.60774e-07;6.90837e-07;6.37567e-06;2.89284e-05;0.000775505;1.26234e-06;1.0949e-05;1.14142e-05;2.57293e-05;0.977478;4.50244e-06
3.13171e-11;5.00528e-11;1;1.09966e-11;3.26139e-11;9.09251e-12;1.66349e-12;1.00532e-10;3.17628e-12;1.05453e-12;1.32161e-11;2.05967e-09;6.65705e-12;3.52205e-12
4.53286e-07;0.000821418;0.979139;7.95232e-07;2.98205e-07;2.14387e-07;1.42331e-07;2.13333e-05;1.2653e-07;4.45072e-07;2.7432e-07;0.0198729;1.20157e-05;0.00013055
1.40005e-06;0.000644148;3.33645e-05;1.02068e-05;0.0242067;0.285584;4.99624e-08;0.000993889;3.21514e-06;3.24641e-06;1.84715e-05;3.42844e-05;0.00254731;0.68592
5.95041e-05;0.18867;0.000494321;7.05685e-05;0.00184054;0.172451;4.20517e-05;0.00707003;1.31439e-06;0.0010915;3.04209e-05;0.00134521;0.381631;0.245202
9.03978e-10;8.67578e-10;1;1.05435e-09;1.86482e-09;1.49357e-08;3.97044e-10;2.82977e-09;5.622e-11;3.62487e-11;7.85313e-10;6.81795e-09;1.19439e-09;4.1461e-11
3.5554e-05;0.117393;0.754476;8.16309e-06;1.87839e-05;0.000186591;1.77887e-06;0.0775775;1.66124e-06;1.18848e-06;1.11395e-06;0.00485494;0.0453404;0.00010308
1.02735e-05;0.171808;8.92819e-05;0.000122038;0.0451963;0.357833;6.49609e-07;0.00582233;5.31331e-06;4.61445e-05;2.78493e-05;0.00152572;0.406139;0.0113737
4.54069e-09;0.99995;7.58659e-10;9.40064e-10;2.0419e-11;2.49401e-09;3.77751e-05;3.35883e-08;4.07409e-11;7.40467e-07;1.43191e-09;1.07888e-07;7.70866e-06;3.8814e-06
3.06536e-13;1.6595e-12;1;1.96561e-11;1.20826e-10;5.21293e-11;9.39186e-12;1.02132e-11;1.66213e-14;2.24344e-12;4.08629e-13;7.52239e-08;8.29424e-14;5.6593e-12
1.58253e-05;0.680169;2.14365e-06;0.000633926;0.000392689;0.00109707;0.000492626;0.170433;0.000609737;1.88746e-05;0.00410276;0.000945482;0.140958;0.0001286
1.26417e-06;0.00654102;8.69247e-11;8.37944e-09;3.34378e-08;1.3008e-09;1.3701e-07;0.993453;9.69592e-08;2.21633e-08;2.74642e-08;2.82601e-08;4.00924e-06;5.32263e-07
4.50967e-05;0.836871;0.000381924;9.7166e-06;1.91087e-06;1.14763e-06;0.156291;0.00227925;7.95653e-05;0.00169881;9.02615e-06;0.00215501;6.09496e-07;0.000176393
2.36483e-09;9.24928e-09;0.999999;1.68971e-09;1.56312e-09;7.07534e-10;5.5937e-08;1.11321e-08;7.1637e-10;1.32088e-10;3.35677e-09;9.0903e-07;1.06679e-10;1.82629e-10
7.77973e-07;0.981801;1.33235e-07;1.77941e-07;2.3924e-08;4.23912e-09;0.0172902;1.87229e-05;2.02673e-07;2.94328e-05;1.03821e-06;7.56852e-07;4.70768e-05;0.000810422
4.5481e-09;1.25185e-08;0.999989;5.58248e-08;4.977e-07;6.6262e-08;1.28518e-07;1.18074e-06;2.73836e-08;1.74262e-08;9.99157e-08;8.63075e-06;6.53962e-12;2.38465e-09
4.82112e-07;0.848445;4.83134e-06;3.56901e-06;4.1542e-08;2.05587e-07;2.50583e-07;7.01564e-07;6.21341e-08;1.99534e-08;1.17944e-06;3.95015e-07;0.151543;3.7225e-07
8.6881e-08;0.00480673;9.1536e-09;1.66834e-07;2.37766e-08;1.37823e-08;1.05104e-08;0.000312934;8.98139e-07;4.28024e-10;2.25155e-05;0.994834;1.39632e-05;8.65365e-06
1.42126e-06;0.705897;1.3158e-06;1.21602e-06;0.00109939;3.69648e-06;3.61475e-07;0.263842;2.37355e-08;1.85833e-07;2.96025e-08;2.75454e-05;0.0276323;0.00149374
8.8401e-09;1.27226e-06;4.40684e-08;2.32553e-08;3.30906e-09;1.14864e-05;1.08574e-08;3.55506e-08;1.76587e-08;2.14099e-08;1.2644e-07;2.04488e-08;0.999987;3.2845e-08
3.00417e-09;1.42423e-07;1;1.24523e-08;1.26076e-09;2.3849e-09;8.68876e-11;7.15535e-10;1.26045e-11;1.04756e-09;1.52765e-10;1.14048e-07;9.36508e-10;6.47632e-08
1.92129e-06;0.997482;6.05797e-07;1.20219e-05;9.49722e-06;1.75795e-05;1.67341e-05;0.000903032;8.29837e-05;7.44293e-07;0.000419652;2.17511e-06;0.000903758;0.000147797
