7.10701e-07;0.98876;3.21875e-08;8.42283e-08;4.3818e-08;1.96992e-06;1.02479e-06;0.000369955;2.7178e-08;3.4855e-06;6.11767e-09;3.97268e-07;0.0108601;2.08866e-06
1.57198e-11;5.78793e-10;1;2.13786e-11;9.90113e-10;8.12374e-11;1.47497e-11;2.97035e-10;5.29873e-14;2.66212e-11;1.21349e-13;3.40198e-07;5.27746e-13;7.55853e-12
4.47685e-07;0.0132731;2.30461e-08;3.16251e-06;4.78965e-08;0.0001853;7.87674e-06;9.1658e-06;1.73338e-06;8.70082e-07;3.98288e-06;1.93874e-06;0.986488;2.41565e-05
9.52092e-08;4.316e-05;0.999818;6.92894e-07;1.81681e-09;1.51952e-07;5.4445e-06;6.58944e-08;2.38625e-09;3.68732e-06;4.37123e-08;0.000128092;5.26473e-07;4.6676e-07
1.5334e-06;0.0013402;0.993079;5.56654e-07;4.06384e-08;1.00991e-06;0.0055086;4.69795e-07;7.19542e-06;2.19349e-05;3.51758e-05;3.51821e-08;1.57752e-08;4.08388e-06
8.04687e-10;6.94149e-07;0.999999;4.31735e-11;2.07462e-11;6.56588e-12;3.07232e-10;3.0132e-07;7.91494e-10;4.2875e-11;8.03262e-10;5.74658e-08;7.11674e-10;2.80567e-13
2.86727e-07;0.000483598;2.02179e-05;1.05126e-06;7.16686e-06;4.575e-05;1.47659e-07;2.3305e-05;1.85717e-05;6.90622e-08;4.81009e-05;0.998443;9.29223e-05;0.000815639
1.40392e-05;0.186956;9.78576e-06;1.9484e-05;8.95026e-06;1.29405e-05;0.000143148;0.134586;1.69993e-05;2.57719e-06;0.000749415;0.000300491;0.677142;3.79818e-05
9.69196e-06;0.691175;0.0529414;0.000739058;0.000146576;0.000887952;9.85648e-06;0.00555417;1.10692e-06;1.90368e-05;4.00436e-05;0.111451;0.00567229;0.131353
2.79159e-07;0.982533;1.40871e-09;4.89643e-07;1.12355e-07;1.26481e-07;1.97993e-05;0.0156418;4.66285e-07;1.65289e-06;2.19893e-06;2.38563e-07;0.000205734;0.00159373
2.23817e-10;7.23182e-10;1;1.93943e-10;4.83563e-10;1.33566e-10;2.08189e-11;8.61293e-10;3.04438e-12;1.94794e-11;1.02661e-10;1.4851e-07;4.24897e-12;1.27264e-11
1.91979e-05;0.990262;1.54318e-06;4.7712e-05;4.95101e-06;7.36452e-06;6.65712e-05;0.00304284;0.000167905;8.75309e-06;0.000327981;0.000446219;0.00451618;0.00108047
2.05752e-05;0.00530719;3.96518e-08;0.00040531;0.00191378;0.00805304;6.82816e-06;0.00110785;0.000428856;9.70783e-05;0.000595712;0.0345432;0.0195808;0.92794
1.26017e-05;0.998014;6.22803e-11;1.76648e-06;2.44639e-05;2.1967e-07;0.000203784;0.00130126;1.99986e-06;1.33113e-05;3.25566e-05;2.60835e-06;0.000241785;0.000149749
0.000155044;0.0655;0.0821167;0.00165047;0.0120011;0.000955285;1.30361e-05;0.00186658;9.61228e-06;0.000115322;8.55931e-06;0.0119453;0.822435;0.00122762
3.07457e-06;0.998673;2.05419e-07;6.84994e-08;8.10434e-06;8.18204e-08;5.11755e-05;0.000728068;1.2007e-06;5.96758e-07;1.93247e-06;0.000477707;4.19802e-05;1.26532e-05
0.000248445;0.0410103;0.0594242;0.000249706;0.76563;0.0100202;1.20983e-06;0.00278143;2.52614e-06;1.65485e-05;1.42034e-05;0.0750805;0.00136192;0.0441586
0.000973944;0.633266;2.59946e-06;8.33672e-06;3.90203e-05;8.00168e-05;0.0037452;0.00281732;0.0138381;1.89253e-06;0.00554725;0.0417734;0.295588;0.00231866
0.000355324;0.834489;7.00856e-05;6.71853e-05;0.000318456;0.000335682;1.36856e-06;0.0417879;8.57188e-05;1.91606e-05;1.0648e-05;0.119891;0.00213242;0.000435346
4.5502e-06;0.998336;2.56575e-06;6.43208e-07;6.98372e-07;8.10904e-07;0.000111954;0.000418514;4.20809e-06;3.38013e-05;1.12379e-06;9.54876e-06;0.000154025;0.000921492
4.5766e-09;5.31173e-10;0.999994;7.3451e-10;2.7085e-09;3.70324e-10;6.69411e-09;5.07012e-08;7.79682e-09;7.24069e-10;3.37222e-09;5.47656e-06;9.99322e-11;3.22736e-11
3.43685e-06;0.999312;5.8989e-08;2.69017e-08;6.14598e-09;1.31934e-08;0.000459789;9.90036e-05;2.2269e-06;2.27443e-05;1.22668e-07;3.19825e-08;9.10724e-05;9.82899e-06
7.37948e-11;5.89853e-10;0.999997;3.27977e-11;1.24504e-09;4.05609e-10;6.77559e-11;7.98654e-11;1.35383e-11;6.50454e-11;9.39576e-12;2.50418e-06;2.21706e-12;2.15276e-10
5.10288e-05;0.331267;0.000844129;0.000422866;0.000177803;0.0118906;0.000582559;0.0082965;0.00212247;0.000307874;0.000623541;0.00257233;0.53974;0.101102
0.000203485;0.0180426;0.15234;7.48555e-05;8.82433e-05;0.00272785;5.99953e-06;0.00731336;9.30423e-07;1.54401e-05;3.95003e-06;0.813337;0.00351026;0.00233635
2.17789e-05;0.806734;5.11163e-07;1.57665e-05;0.000878643;0.00168083;1.44581e-06;0.135269;5.66198e-06;2.89338e-07;5.99998e-06;0.000633197;0.0299691;0.024784
2.4725e-05;0.991113;3.4511e-06;1.24403e-05;1.56868e-06;5.58464e-06;0.00451146;5.59168e-05;8.1219e-07;0.00161605;5.44689e-06;1.29975e-05;7.34088e-05;0.00256289
7.69109e-10;1.72157e-10;1;3.10493e-10;1.25356e-09;1.06681e-10;1.4466e-09;1.06102e-08;1.85018e-10;1.12389e-10;1.1848e-10;2.47831e-07;4.00937e-12;2.17897e-11
2.41139e-06;0.965017;6.80977e-07;1.77681e-06;1.63543e-07;3.72736e-06;0.000155701;0.0323797;1.57811e-06;0.000104777;5.1822e-07;6.35807e-07;0.000991548;0.00134009
1.1416e-11;2.16181e-10;0.999999;1.09646e-09;1.14585e-09;1.07149e-09;3.14054e-11;1.99969e-09;1.13178e-12;3.26193e-11;3.15773e-11;1.0452e-06;8.11844e-12;1.01441e-10
2.97723e-06;0.969697;2.83434e-07;0.000293788;1.2663e-05;1.56934e-05;3.55906e-05;0.00654027;8.50813e-05;2.45205e-06;0.00058537;0.00184661;0.0207109;0.000171038
1.27329e-07;2.86776e-05;1.19494e-10;6.88552e-10;2.47012e-08;5.63401e-10;1.0444e-08;0.999971;7.34717e-09;4.29484e-10;1.11205e-08;9.09753e-10;1.02322e-07;8.97365e-08
1.45522e-07;1.06221e-05;3.82712e-06;1.89655e-06;0.000283232;2.10169e-05;8.35365e-09;1.7964e-06;1.3763e-08;1.51812e-07;1.92997e-07;0.00570542;7.58125e-06;0.993964
9.56457e-05;0.0714142;3.07401e-07;8.8652e-06;2.19058e-06;2.49281e-08;8.34024e-06;0.014903;0.000383607;2.05803e-07;0.00119191;0.000399663;0.911592;5.36055e-07
6.10004e-07;0.994551;3.9623e-06;1.40976e-05;9.69429e-06;1.73223e-06;2.47472e-08;1.15704e-05;3.02011e-08;1.53851e-06;5.71413e-08;0.000260958;0.004941;0.000203687
6.41836e-06;0.0461338;5.61358e-09;4.21806e-05;3.02431e-06;4.49108e-05;2.73483e-06;0.000867128;3.7476e-05;1.55149e-06;0.000210793;0.053267;0.899365;1.75703e-05
4.60869e-05;0.00613484;0.986496;0.000368006;0.000640459;0.000455485;9.4911e-07;0.00160977;8.65614e-08;7.67915e-06;4.29786e-06;0.000762745;0.000775301;0.00269821
8.23858e-06;0.00713584;9.46261e-09;1.92684e-05;1.36391e-06;1.91795e-05;6.17894e-07;8.38008e-05;6.74339e-05;1.22794e-07;0.000494285;0.0090245;0.983142;3.57497e-06
7.11714e-07;2.2218e-05;1.98918e-11;1.20694e-09;1.07285e-07;5.82658e-08;1.77458e-09;0.999961;7.31136e-08;2.45824e-09;5.02228e-09;1.37062e-08;1.54328e-05;6.01361e-07
2.40547e-06;0.000108717;8.7854e-05;3.96285e-05;0.00709664;0.00113459;3.34948e-08;7.04166e-05;3.452e-07;2.92592e-06;1.56469e-06;0.0456121;1.5252e-05;0.945827
9.7081e-06;0.991928;3.06553e-07;3.5735e-07;2.72562e-09;1.96588e-08;0.000799811;6.31448e-05;8.05795e-06;3.09099e-06;3.68943e-05;1.80216e-08;0.00715054;4.76412e-07
9.73097e-10;1.3577e-08;1;3.60887e-09;3.06254e-09;2.20007e-09;3.15219e-09;1.12321e-08;1.69711e-09;2.34214e-09;1.59563e-09;1.84771e-07;1.06785e-11;3.35659e-09
0.000103877;0.482655;8.36374e-06;0.000119113;0.00011722;9.11251e-06;6.33388e-06;0.482845;0.000922312;1.74307e-06;0.00242314;0.00876209;0.0203412;0.00168509
7.18903e-05;0.593988;0.000164044;0.000110999;0.00114697;1.80295e-05;2.26341e-06;0.0975678;1.90424e-05;3.51894e-05;0.000174461;0.264068;0.0382333;0.00440052
8.81437e-09;0.992411;4.30999e-12;5.25231e-08;3.26399e-08;6.62746e-10;6.05141e-07;7.87327e-08;7.43224e-10;3.26068e-07;2.26921e-08;1.17211e-07;7.27674e-07;0.00758688
0.000135916;0.0192467;0.000188919;4.58075e-05;4.58484e-07;2.61075e-07;0.711074;0.000184762;0.0471883;2.54315e-06;0.219317;5.38993e-06;0.00261008;5.53075e-09
0.000397068;0.697455;1.04597e-06;0.00140954;0.000134796;0.00173429;0.000571559;0.0685061;0.146529;0.000245205;0.00901831;0.000389181;0.0727919;0.000816399
0.000876051;0.724928;1.95281e-05;0.000287696;0.000472096;4.83328e-06;2.15461e-05;0.0074986;0.000145146;0.000171772;8.12193e-05;0.263553;0.00142266;0.000518361
3.05304e-06;0.948511;1.91584e-09;9.08111e-07;1.27282e-08;1.33402e-08;0.0509052;4.14641e-07;1.38086e-06;0.000229765;1.46188e-05;2.59542e-09;4.22717e-06;0.000329634
2.2582e-10;7.7893e-12;1;1.39832e-10;2.6372e-10;1.4417e-11;1.76845e-08;2.14328e-10;2.19816e-10;8.69413e-11;8.99891e-09;1.23761e-07;1.25074e-13;5.38806e-12
1.67816e-05;0.898732;8.92358e-07;2.55718e-05;1.46768e-05;9.26947e-06;0.000750674;0.0711622;0.00227824;2.83162e-06;0.00212396;4.806e-06;0.0248773;3.50233e-07
8.87076e-06;0.927272;2.46732e-08;2.62023e-06;1.85814e-06;1.28232e-08;0.0670117;0.00182083;3.15841e-05;0.00263704;1.01191e-05;1.68519e-07;4.90795e-06;0.00119828
1.36224e-09;3.33025e-09;1;1.48144e-09;8.72083e-10;1.16062e-11;3.2502e-08;6.45989e-09;5.14903e-09;1.42522e-09;8.97876e-09;3.81008e-07;4.20921e-12;2.25149e-11
1.03716e-05;0.00837901;1.40156e-06;8.27474e-06;6.72111e-06;1.32039e-06;9.54568e-07;0.00746454;9.33151e-05;3.48124e-07;5.21433e-05;0.981283;0.00268327;1.54262e-05
7.9447e-05;0.403385;2.60061e-06;1.14767e-05;0.000306809;1.12813e-05;1.62198e-05;0.176129;5.55999e-05;2.20764e-06;0.000230659;0.0997619;0.319869;0.000139681
5.37947e-06;0.125519;1.30773e-08;9.88776e-05;5.21181e-05;0.000507861;1.66941e-06;0.000381547;2.62735e-05;1.54022e-05;9.28724e-06;0.000357236;0.870699;0.00232594
4.32985e-05;0.00116205;0.954436;4.90468e-05;8.29213e-06;8.61338e-05;1.89382e-07;0.000140216;7.15707e-08;5.34642e-06;7.82211e-08;0.040629;0.00011307;0.00332765
5.45649e-06;0.970135;7.27575e-07;1.01159e-05;4.22143e-05;3.88204e-05;7.84321e-06;0.00605822;6.96884e-06;3.12824e-07;8.77891e-06;1.34981e-05;0.0230402;0.00063179
1.47927e-05;0.974754;5.75467e-07;4.27388e-06;3.15312e-07;1.74539e-07;9.65298e-05;0.00166943;2.75658e-06;9.32981e-05;4.93313e-06;4.21574e-06;0.0232752;7.95829e-05
3.98027e-08;1.1126e-08;0.999996;8.27245e-08;5.65922e-09;3.9296e-10;1.50018e-06;7.96049e-08;5.18425e-07;1.53829e-08;1.32889e-07;1.97001e-06;1.36807e-10;5.19998e-11
0.00162648;0.759045;1.6457e-05;0.00185867;0.000673731;7.57213e-05;0.00278115;0.0870513;0.0199177;9.04042e-05;0.00413764;0.000749324;0.117653;0.00432309
1.95174e-05;0.246389;0.000313415;1.30381e-05;0.000125963;1.44048e-06;4.43736e-06;0.399167;5.13957e-06;1.03711e-06;2.84785e-05;0.342945;0.0103293;0.000656693
6.0943e-06;0.622653;3.90275e-08;0.000201417;0.0198245;0.019116;0.000987475;0.18774;1.34788e-05;0.000895908;4.12645e-05;1.95491e-06;0.139104;0.00941517
2.0675e-09;1.65516e-10;1;5.71366e-09;3.09155e-09;6.78633e-09;8.64149e-09;1.12503e-09;1.49967e-10;8.32183e-10;3.15729e-09;1.80728e-07;2.93859e-09;1.93123e-10
1.31489e-06;8.10108e-05;0.999011;1.89371e-06;4.85181e-08;6.17497e-07;4.46565e-06;6.97314e-07;4.97755e-06;8.15714e-08;3.94444e-06;0.000885504;2.15522e-06;2.00083e-06
2.44417e-07;0.0195789;2.84976e-09;4.58606e-07;7.35063e-06;2.25322e-05;1.12443e-05;7.09325e-06;6.3779e-07;1.29027e-05;2.51254e-07;6.50129e-10;2.2346e-05;0.980336
9.59316e-10;5.86531e-10;0.999999;6.81654e-10;1.29117e-09;1.25164e-11;2.93974e-10;1.57738e-09;1.8897e-11;6.48658e-12;6.38543e-11;6.56509e-07;5.8119e-13;3.80636e-11
3.4541e-05;0.0478348;9.10907e-06;2.60213e-06;0.00219102;1.44888e-05;2.47222e-08;0.928268;1.08088e-06;1.91499e-08;1.29482e-07;0.000123284;0.0208823;0.000638445
5.93147e-08;0.000132248;2.50562e-07;4.28497e-07;0.00204948;2.03113e-05;1.36175e-08;0.997699;1.17687e-07;1.79139e-06;2.05154e-09;1.96133e-06;1.82995e-05;7.57905e-05
2.19846e-07;0.000164219;0.999784;8.04967e-06;9.5115e-06;8.08113e-06;1.26621e-09;5.30434e-07;1.55873e-09;1.45504e-07;3.70192e-08;1.83665e-05;9.14369e-08;7.0699e-06
2.97775e-05;0.962899;1.63859e-06;9.22654e-05;6.17892e-06;4.60371e-05;0.00155104;0.0115499;0.00721961;3.24667e-06;0.0132794;7.64956e-06;0.00249797;0.000815826
