2.32041e-05;0.997562;0.000210227;4.87286e-05;9.42186e-06;6.08358e-07;3.66494e-06;0.00152399;7.24631e-07;2.71294e-06;9.28447e-07;0.000477127;0.000123284;1.29189e-05
7.11235e-06;0.000222708;2.67559e-10;4.48514e-08;1.91015e-06;9.90741e-09;1.11613e-06;0.999658;9.41325e-05;1.41624e-07;2.49912e-06;1.92523e-08;7.90585e-06;4.67193e-06
1.71189e-05;0.000654695;1.74304e-05;1.70374e-06;2.94097e-06;3.93189e-07;8.36085e-06;9.69848e-05;0.000113735;4.40535e-07;6.27575e-06;0.999017;1.77009e-06;6.13136e-05
2.33305e-06;0.998232;2.87904e-09;4.6572e-08;2.18568e-09;2.81246e-08;2.35577e-05;1.26596e-06;4.56059e-07;1.74377e-08;5.78135e-07;7.30254e-05;0.00166623;3.59857e-07
6.22207e-07;0.012423;5.03878e-07;2.1228e-06;2.72486e-05;0.000137122;3.41552e-08;0.000321221;3.194e-07;4.3954e-08;7.52378e-07;0.985443;0.000523048;0.00112048
4.46014e-06;0.899121;3.4118e-06;2.20482e-06;9.49369e-05;3.9208e-06;4.43097e-06;0.000143617;5.98459e-08;3.08042e-06;1.65965e-07;5.88156e-05;5.6313e-05;0.100504
3.73792e-06;0.0144477;0.0145172;8.82209e-06;7.55048e-05;2.64086e-05;4.78705e-09;9.22641e-06;3.07411e-08;1.01531e-07;5.00187e-07;0.967536;1.60556e-05;0.00335894
1.4019e-08;0.999709;1.88306e-13;2.05683e-10;4.04935e-11;2.8167e-10;0.000131296;2.40092e-06;3.01702e-09;4.77058e-08;7.82172e-09;7.50717e-12;1.35031e-06;0.000155743
3.63783e-12;2.33654e-11;1;5.40814e-12;2.47995e-11;4.08204e-10;8.95324e-12;2.6316e-10;5.0285e-13;5.02135e-12;8.10873e-12;6.13455e-09;4.94996e-13;6.53361e-12
5.7923e-07;0.000767845;9.7566e-10;4.55622e-07;3.84459e-07;5.49079e-06;6.0208e-08;0.000557114;1.02407e-05;2.48835e-08;5.66673e-05;8.81012e-06;0.998592;5.82457e-07
3.20837e-05;0.00104958;1.36674e-05;3.19014e-05;7.05e-05;8.11919e-06;4.96873e-07;0.00143038;7.26551e-05;2.48364e-06;0.00032451;0.995987;0.000908961;6.79498e-05
0.000756786;0.0693016;1.33243e-06;1.63223e-05;0.000165272;3.79364e-05;9.6988e-05;0.917378;9.97911e-05;3.16544e-05;0.000272528;1.47357e-05;0.0096478;0.00217898
1.28247e-06;0.00266636;2.78903e-05;2.65114e-05;4.82733e-05;2.6548e-06;1.82443e-05;0.000438178;1.61665e-05;4.1477e-06;0.000166107;0.996476;5.25805e-05;5.55465e-05
8.61669e-08;1.73322e-06;0.999996;3.22282e-07;4.1129e-07;1.43087e-08;2.17778e-07;2.83948e-07;1.34799e-08;1.08346e-07;6.24445e-08;3.55858e-07;4.3564e-07;7.55912e-08
0.00533697;0.170764;0.000509122;0.000554762;0.00149367;8.18339e-06;7.71135e-05;0.776997;0.0393066;4.86832e-05;0.000977937;0.00356174;0.000192247;0.000172311
0.0119816;0.0040378;2.39487e-06;8.77431e-07;0.000431092;1.32812e-07;2.04774e-06;0.977234;0.00316563;4.28252e-06;1.21086e-05;0.0023145;0.000794568;1.87696e-05
0.000359208;0.000592998;0.000645169;8.91698e-06;0.00341009;2.57284e-06;6.17507e-07;0.00594363;0.0131938;1.72419e-06;7.01988e-05;0.975038;0.000264688;0.000468289
0.000738165;0.566136;3.40323e-06;9.72733e-06;0.000109242;2.07791e-05;0.000119877;0.0504838;0.0188464;4.15133e-05;0.000387796;4.94272e-05;0.363054;4.87435e-07
0.000193535;0.0055183;0.167247;0.000101681;0.000279117;7.76318e-07;1.46868e-06;0.00293474;1.8541e-05;1.73923e-05;1.19077e-06;0.823445;5.42112e-05;0.000186279
0.000202202;0.260645;7.96857e-07;0.000263315;0.00167148;3.06349e-06;0.00298558;0.322427;0.40427;2.66625e-05;0.00218323;0.00294909;0.00236243;9.57264e-06
0.000232888;0.875191;0.00228395;0.000237539;0.00582193;0.000408853;6.24787e-07;0.000297745;1.11475e-05;8.56919e-05;1.59347e-05;0.00207725;0.11257;0.000765446
0.000104341;0.746955;3.22296e-08;7.01757e-06;8.50166e-05;5.32393e-05;3.59168e-05;0.00272521;0.00120864;1.01912e-05;0.000847537;0.0287862;0.21912;6.12851e-05
0.000369195;0.0452066;0.505292;0.000804743;0.366012;0.000400012;3.3198e-06;0.0145906;7.46668e-06;2.16549e-05;1.34618e-05;0.0661814;0.00044507;0.000653218
4.43839e-05;0.00103168;5.6232e-09;1.08565e-06;1.04164e-06;7.8408e-05;2.31164e-06;0.000134291;0.00133164;6.86653e-07;0.000154318;4.06268e-07;0.99722;1.45554e-07
2.73815e-05;0.00674136;0.987534;2.40295e-06;8.03393e-06;1.77174e-06;5.65087e-08;1.69179e-05;1.17467e-07;6.06876e-07;7.78642e-08;0.00562612;2.29005e-06;3.92485e-05
1.26412e-06;0.939878;1.12087e-07;5.22547e-06;0.000260175;0.000122953;1.48199e-06;0.0304055;4.13984e-05;4.01258e-07;1.94338e-05;0.000273632;0.0287884;0.000202257
1.14077e-05;0.120993;1.53635e-10;1.93987e-05;1.80251e-05;3.23897e-06;3.45825e-07;0.0107337;9.0222e-06;1.86514e-06;6.86456e-05;0.00373832;0.864399;3.74604e-06
0.000180194;0.00870229;2.56344e-05;1.25015e-05;8.6638e-06;6.76095e-06;8.64399e-07;0.000164457;1.91016e-05;3.45434e-06;2.32535e-05;0.970154;0.0206919;6.83092e-06
6.25284e-06;0.0591321;3.35376e-08;4.27166e-05;1.50165e-05;0.00012728;1.79931e-06;0.00194452;0.000103633;1.55599e-06;0.000153885;0.00106594;0.937404;8.61411e-07
9.57521e-05;0.0124176;0.921354;0.000697943;0.00193466;1.91481e-05;4.35431e-07;0.00343298;9.29695e-08;2.53019e-05;1.33601e-06;0.0521258;6.25289e-05;0.00783282
4.71035e-05;0.594326;5.11796e-06;0.000153382;9.74787e-06;0.000370565;0.182346;0.00194247;0.000295897;0.000863369;0.00280368;3.46003e-08;0.216789;4.76726e-05
2.18989e-09;1.05726e-09;1;4.40493e-09;3.34555e-10;3.06105e-10;2.00394e-08;1.4219e-09;2.48176e-09;1.07453e-09;4.71915e-08;1.02499e-08;1.64793e-11;1.96395e-12
1.09397e-05;0.000702439;6.47086e-05;5.34959e-06;1.89124e-06;1.22088e-05;3.1604e-09;0.00192302;0.000631047;3.1347e-07;6.04757e-05;0.996457;0.000122211;8.15927e-06
8.60077e-05;0.998448;1.71053e-06;7.41971e-07;2.65697e-06;9.53705e-07;1.15902e-05;0.000597798;2.88191e-05;5.22119e-06;0.000250161;3.01317e-05;0.000114072;0.000421747
1.68462e-05;0.998922;1.13518e-06;1.73293e-07;2.68442e-05;1.09586e-05;0.000539476;7.96806e-05;5.60563e-06;3.83186e-05;5.20747e-08;3.3176e-06;1.0911e-05;0.000344726
6.20095e-10;4.83387e-10;1;1.14509e-10;7.75362e-09;3.52754e-10;8.54433e-11;4.014e-08;2.7168e-10;2.78641e-11;1.2354e-11;2.9229e-09;2.5153e-12;1.72588e-11
4.78076e-06;0.012646;2.12107e-08;8.68321e-07;3.14582e-05;3.85236e-07;2.2675e-07;0.986953;4.81814e-05;2.21306e-07;4.36253e-06;0.000188962;0.000119152;1.80687e-06
6.08326e-06;0.969574;0.000265604;2.67057e-05;0.000278879;8.90887e-06;3.23745e-06;4.87028e-05;1.50517e-08;2.7195e-05;9.86282e-07;1.96749e-05;0.0296038;0.000136309
7.65925e-07;8.98107e-05;2.37055e-08;1.66984e-08;1.04887e-07;4.76885e-09;7.60181e-09;1.45051e-05;4.19132e-08;7.55264e-10;2.82376e-08;0.998719;0.00117415;1.16375e-06
7.71617e-05;0.453859;1.48091e-06;1.1225e-05;0.0115032;8.44643e-05;3.90375e-06;0.29348;3.9007e-06;1.219e-06;2.74349e-06;0.0310692;0.209486;0.000416322
6.02147e-06;0.00137803;2.26272e-08;4.23101e-06;2.83599e-06;0.000136898;2.67414e-06;0.000318043;4.96117e-05;2.98904e-06;1.13775e-06;3.1614e-05;0.998026;3.9892e-05
0.000230187;0.00230428;0.993804;5.53584e-05;2.57675e-05;5.92417e-06;9.22564e-07;0.00011821;1.01544e-06;2.81973e-06;6.64072e-07;0.0033618;1.20973e-05;7.6857e-05
3.16229e-05;0.992421;4.68299e-07;1.1562e-05;0.000115454;1.64154e-05;4.38094e-05;0.00411504;0.000184581;7.69159e-07;3.1896e-05;0.000352498;0.00173742;0.000937025
2.91307e-06;0.976962;2.56749e-08;3.34343e-07;8.3091e-09;1.45932e-06;3.9615e-07;5.86381e-06;3.37933e-07;5.81024e-07;5.03927e-07;0.000806343;0.0222165;2.44658e-06
5.70468e-07;6.77428e-05;3.41625e-07;1.07866e-07;4.33422e-06;4.03073e-06;1.59129e-07;0.000226326;2.17539e-07;1.19902e-07;2.42193e-07;0.999566;4.12577e-06;0.00012559
7.60392e-08;0.999389;1.14906e-12;8.03074e-09;2.75226e-09;2.5194e-08;0.000160639;9.40025e-05;4.78098e-08;5.38014e-07;1.62372e-08;2.19399e-11;1.95863e-05;0.000335666
1.17799e-09;1.30832e-08;0.999995;6.9835e-10;5.22653e-08;3.3913e-10;1.05678e-09;2.33637e-07;4.09529e-11;3.36953e-10;5.97135e-10;4.49744e-06;5.82641e-11;1.54639e-10
5.41907e-06;0.975156;2.10147e-06;1.21312e-06;4.46875e-06;2.95401e-05;0.000127165;0.0102419;1.738e-05;3.10734e-07;4.84191e-06;1.15267e-06;0.014365;4.33291e-05
4.01879e-07;0.00102433;1.08906e-11;9.09263e-07;1.42361e-06;3.94145e-07;9.36445e-08;0.000590309;2.02492e-06;9.39273e-08;4.84657e-06;0.000900112;0.997473;1.76591e-06
2.25599e-06;0.000341856;1.35433e-07;3.07925e-06;4.18368e-06;7.48566e-08;4.73645e-08;1.002e-05;9.43775e-06;1.10216e-07;5.40739e-06;0.999594;2.18122e-05;7.16201e-06
5.40515e-05;0.998132;1.09541e-06;0.000116035;4.74557e-05;7.53562e-07;3.24566e-05;0.00144255;9.43325e-06;6.07656e-06;8.62088e-06;0.000113917;3.32673e-05;2.67916e-06
1.52528e-05;0.985658;5.1156e-06;3.27914e-05;1.14363e-06;6.83043e-08;4.44984e-06;1.09774e-05;1.6674e-06;3.97341e-06;8.43959e-06;0.000449132;0.0138054;3.08433e-06
1.19534e-06;0.000466182;2.12343e-08;5.41374e-07;3.03801e-07;4.15381e-08;1.19291e-06;1.21428e-05;4.18104e-05;2.19075e-09;0.000351003;0.999083;4.02258e-05;1.94985e-06
2.51363e-05;0.962187;1.78325e-08;4.47454e-06;0.000191799;1.4558e-05;6.26691e-07;0.00131111;2.71798e-06;1.92831e-07;4.84094e-06;0.000119471;0.03609;4.79836e-05
9.97905e-06;0.00138672;3.71689e-07;1.24151e-06;3.23453e-05;1.12424e-06;2.02544e-07;0.0540366;7.37609e-05;2.67439e-07;5.67538e-06;0.941884;0.00256728;7.61285e-07
0.000314341;0.0618328;0.0273381;0.00259145;0.00351133;0.299138;3.99891e-05;0.00750909;7.46907e-05;0.000205214;4.87699e-05;0.000568552;0.592591;0.0042367
0.00131707;0.0134597;0.967118;1.40371e-05;8.37607e-05;5.16433e-05;5.10911e-06;0.000269783;3.00716e-07;2.66328e-06;1.65125e-06;0.0145064;0.0016541;0.00151555
1.3594e-05;0.990546;4.45065e-06;2.32621e-06;4.00566e-05;0.000206293;2.21416e-05;0.000265992;8.69829e-06;1.41053e-07;8.56358e-06;9.28993e-05;0.00845192;0.000336643
9.4634e-06;0.10036;0.000354576;4.03655e-06;0.000492424;1.82232e-06;7.57018e-08;0.880078;1.17306e-05;6.39102e-07;1.22667e-06;0.0175465;0.00106138;7.81518e-05
5.29173e-08;0.998491;7.28618e-09;1.58424e-08;5.7742e-08;1.24328e-08;5.33936e-06;4.69137e-05;8.01595e-09;5.9372e-06;6.06335e-09;5.18181e-08;5.68143e-07;0.00145025
3.80619e-10;1.22456e-09;0.999999;3.78395e-10;6.15319e-08;1.60859e-10;2.99661e-10;2.06549e-07;1.49525e-10;3.5306e-10;4.8692e-10;4.37809e-07;9.86987e-12;3.8655e-11
7.11424e-05;0.319512;2.4446e-05;1.00556e-05;2.4976e-05;0.000159154;0.00393795;0.628069;0.00309019;1.10011e-05;0.000229456;1.93745e-06;0.0448323;2.65332e-05
3.35626e-06;0.0384452;2.34326e-10;3.76847e-06;1.25544e-06;2.76911e-06;1.09769e-06;0.00122754;5.56964e-05;5.43422e-07;5.50764e-05;0.000414341;0.959787;2.04918e-06
4.03819e-06;0.000618924;6.14047e-08;4.11313e-06;9.80627e-07;2.78912e-07;2.2347e-07;7.32315e-06;2.11927e-05;9.09668e-07;1.21557e-05;0.998929;0.000397043;3.46312e-06
8.4418e-05;0.994531;0.000835016;0.000742492;3.01086e-05;3.11816e-06;0.000264802;0.000369005;8.84301e-06;2.54166e-05;4.71273e-05;0.000499954;0.00242811;0.000131273
8.65529e-06;0.0198385;3.0109e-09;4.18193e-06;0.000196793;3.20157e-09;3.58498e-05;0.979748;1.09072e-05;1.22837e-05;8.71244e-06;5.61473e-05;3.25824e-05;4.70002e-05
1.51357e-05;0.000869462;0.986257;0.00134267;0.000567165;2.02093e-05;0.00040809;6.36617e-05;4.32196e-05;0.000707395;0.00174134;0.00697998;0.000160085;0.000824281
0.000370425;0.981826;1.81289e-05;2.66051e-05;0.000746808;8.7158e-05;0.00335753;0.000114518;0.00087966;2.08876e-06;0.00733696;0.000900691;0.00336249;0.000971007
0.00547904;0.0552713;1.32011e-06;8.06057e-05;0.00403193;0.00109133;1.98951e-06;0.891277;0.00107046;3.69007e-05;4.69555e-05;0.00898783;0.022252;0.0103712
7.04586e-05;0.0547059;8.41875e-11;2.95242e-08;2.35408e-07;6.30417e-07;6.96816e-08;0.000722243;6.0404e-05;1.14631e-08;4.19201e-06;1.73983e-05;0.944418;1.88936e-07
8.76281e-05;0.0290579;1.02624e-05;6.16723e-06;3.56294e-05;3.04119e-05;1.94598e-08;0.000307186;0.000159558;8.29141e-07;5.41254e-06;0.95333;0.015857;0.00111245
5.0558e-05;0.939978;9.17664e-08;6.72858e-06;0.000114974;3.17596e-05;4.71629e-06;0.0549196;0.000486184;4.71706e-06;0.000102499;0.0035814;0.000637182;8.17256e-05
9.77672e-07;0.99734;1.3214e-10;2.38089e-07;1.78487e-08;9.56634e-09;0.00101943;7.44216e-07;9.70531e-09;0.000105423;4.32427e-08;8.05368e-09;1.36416e-07;0.00153275
5.53766e-10;4.31082e-11;1;5.18696e-11;5.75536e-11;7.28541e-13;4.52502e-09;7.98205e-11;3.70285e-11;2.10146e-11;2.22308e-10;6.28921e-08;1.66489e-14;6.57206e-13
0.00110271;0.17676;3.86581e-06;0.0018012;1.62716e-05;3.83345e-05;0.101291;0.0228183;0.512736;2.06951e-05;0.171211;0.000361942;0.0118233;1.54437e-05
3.90136e-05;0.000921489;1.27086e-09;2.1964e-07;2.51158e-05;7.97285e-07;3.03987e-07;0.997797;2.33792e-05;2.99857e-07;1.30654e-05;5.21144e-06;0.0011659;8.18909e-06
2.21174e-08;4.97423e-05;2.10722e-06;4.09199e-07;8.30021e-06;4.25162e-07;5.43729e-10;4.29562e-05;2.26161e-07;1.17014e-08;5.34792e-07;0.999862;1.22609e-06;3.18184e-05
7.37099e-07;0.998315;5.87319e-08;7.42624e-06;9.18377e-05;3.89536e-07;1.47602e-07;0.000914868;3.31364e-06;3.6318e-07;4.70875e-06;6.95201e-06;0.000525645;0.000129045
7.14405e-05;0.00268665;1.2153e-06;4.7444e-06;0.879549;0.00189035;3.30854e-08;0.0142108;5.85673e-06;4.69045e-06;1.62264e-07;0.000925408;0.000348551;0.100301
0.00284945;0.0318907;1.56451e-06;0.000165025;0.000195756;1.36758e-05;2.33339e-06;0.00263756;0.0594374;1.21905e-06;0.00136312;0.00083392;0.900444;0.000164643
0.000709881;0.00749667;2.75282e-06;0.00132609;2.03196e-06;1.95565e-06;1.09958e-05;0.000160009;0.0545264;3.26876e-05;0.00422687;0.93066;0.000802766;4.10953e-05
4.30157e-05;0.998805;9.53805e-07;1.26029e-06;9.90502e-09;1.71799e-10;6.59156e-06;7.91329e-05;5.96632e-06;6.8048e-08;1.26349e-05;0.000991724;5.40855e-05;3.91137e-08
3.47975e-09;1.14584e-06;3.24627e-10;8.42159e-09;3.04489e-05;7.20138e-09;1.01655e-10;0.999949;1.90389e-08;2.2397e-08;4.13247e-10;8.2201e-09;1.98857e-05;4.27807e-08
6.12715e-08;3.12872e-05;0.99993;2.63299e-05;2.50522e-08;5.59671e-07;9.58573e-08;1.47502e-08;2.03582e-07;4.9899e-06;8.98602e-07;4.59192e-06;5.94011e-09;7.43971e-07
0.000361304;0.000215413;7.19902e-06;2.88027e-05;4.01798e-07;1.97627e-06;0.00131801;0.000257362;0.164117;2.09461e-05;0.833503;2.10109e-06;0.000166022;2.7049e-07
