2.50876e-05;0.996211;0.00283626;5.8096e-05;5.75285e-06;3.79282e-06;4.6884e-05;0.000331862;8.89477e-07;2.96495e-05;7.1808e-07;0.000405658;2.2216e-05;2.22613e-05
8.43978e-08;5.03024e-07;0.999996;2.29888e-08;1.58274e-08;1.19815e-09;6.41223e-07;9.42934e-07;1.66565e-08;1.66525e-08;1.07676e-07;1.83152e-06;2.33401e-09;1.17007e-09
6.73037e-05;0.000851929;2.38632e-05;6.3036e-06;0.0054024;0.000454782;1.25544e-05;0.107627;6.4949e-05;7.06917e-07;2.57833e-05;0.818595;0.00129229;0.0655752
1.93355e-07;0.0437117;2.58892e-09;4.912e-07;8.0607e-05;1.61124e-05;3.8906e-07;0.000535815;2.40328e-08;1.89806e-07;3.05544e-06;8.39392e-05;0.955186;0.000381165
5.30141e-05;0.0316933;1.21719e-05;0.00168912;0.000785269;3.53734e-05;1.52383e-05;0.0026823;7.33279e-05;7.15735e-05;0.000422713;0.85843;0.0241358;0.0799012
4.05177e-05;0.000911901;2.08625e-08;8.32399e-07;0.00151069;6.98803e-08;1.18868e-06;0.997432;3.27013e-06;2.75114e-07;2.20863e-06;6.74885e-06;7.80747e-05;1.22683e-05
2.42233e-06;0.0154354;0.983825;5.04842e-06;2.33623e-05;3.37695e-05;6.34911e-06;6.40391e-05;8.22366e-08;4.61169e-05;4.51874e-07;2.57528e-06;0.000542749;1.30808e-05
3.42872e-09;2.05384e-10;1;2.80713e-11;3.44814e-10;3.32555e-11;8.0545e-11;2.257e-08;9.76646e-10;5.2127e-12;1.41349e-09;4.9515e-08;5.06188e-11;6.35414e-13
2.01743e-07;9.31629e-06;0.000403791;9.09378e-09;2.44022e-07;1.38212e-07;1.37951e-09;2.22304e-06;1.70652e-06;2.78068e-09;1.30315e-07;0.999472;8.94526e-07;0.000108991
1.10559e-05;0.0531547;3.22325e-08;6.92118e-09;0.00446472;9.24679e-06;7.3493e-08;0.937317;2.09301e-07;3.12776e-08;3.52995e-08;1.3274e-06;0.00176116;0.00328018
0.000356638;0.942302;1.60569e-07;1.00981e-07;4.77535e-05;2.17598e-06;0.000202747;0.0129175;6.94328e-06;3.47509e-05;7.76388e-08;0.00104977;0.0427122;0.000367267
1.01071e-09;6.41889e-11;1;2.09659e-11;1.32747e-09;4.45774e-10;6.46454e-11;2.31505e-07;9.49612e-11;1.14861e-11;1.16379e-12;3.02229e-07;6.37458e-13;7.30429e-12
3.28653e-06;0.00124915;9.61627e-09;5.06117e-07;6.85556e-05;1.08853e-05;1.22645e-08;0.997739;2.88298e-05;2.20729e-08;2.46263e-07;6.96674e-05;0.000829394;2.15792e-07
5.76899e-08;0.00255615;1.17674e-10;5.07846e-08;2.3029e-07;2.65562e-06;4.59508e-10;0.000167856;1.93754e-08;5.13313e-08;6.91554e-09;1.48461e-06;0.997271;4.79672e-09
4.02907e-06;0.00235838;0.896034;1.5666e-05;3.5658e-05;1.50838e-07;1.01443e-07;4.76346e-05;2.73731e-08;3.83637e-06;1.02789e-07;0.101393;5.93113e-07;0.000106902
9.36513e-06;0.782258;1.28419e-09;2.59269e-05;0.000180063;2.2351e-06;0.196084;0.000894772;7.5405e-05;0.0113816;4.07412e-05;2.30288e-08;0.000154081;0.00889336
6.18342e-08;1.14044e-07;0.999998;2.59021e-07;5.52763e-08;1.92889e-08;6.54369e-07;3.92431e-08;4.80514e-08;3.11413e-08;2.60594e-07;1.03261e-07;3.81015e-09;1.96238e-09
8.65553e-06;2.7429e-05;1.77012e-10;4.15761e-10;8.60083e-07;7.48589e-10;4.53736e-08;0.999956;2.17082e-06;1.59872e-09;8.64749e-08;4.61134e-08;4.24162e-06;8.4754e-09
1.24935e-06;0.000299617;2.76173e-06;8.26889e-07;0.00230319;0.00031002;3.79474e-08;1.9135e-05;4.70378e-08;5.70151e-07;3.35126e-08;0.023936;2.48741e-05;0.973102
2.40929e-05;0.045053;5.5487e-06;2.93064e-06;2.3266e-06;5.80067e-08;5.34806e-07;0.00246053;0.000121212;3.0496e-08;0.000211203;0.0140495;0.938069;2.30942e-07
3.22954e-08;0.999308;9.10125e-12;3.73097e-08;8.07072e-08;3.36718e-08;7.7733e-05;1.36098e-05;3.04819e-09;6.89739e-06;7.1816e-09;2.03624e-09;8.99885e-06;0.000584724
3.29523e-10;4.88895e-09;0.999988;3.61604e-09;3.05354e-08;1.77756e-08;3.3315e-10;4.87665e-10;7.47654e-12;1.48991e-10;1.9111e-10;1.19024e-05;9.91329e-12;8.14466e-11
1.01699e-05;0.953117;2.58274e-07;0.000710192;3.827e-05;0.000324683;0.000670215;0.0190123;0.000225936;2.43284e-06;0.00242809;5.84821e-06;0.0217483;0.00170584
0.00057487;0.213505;2.27126e-05;0.00248014;0.000131951;0.00275175;3.33028e-05;0.186435;0.000829658;6.6921e-05;0.0395403;0.00684221;0.545224;0.00156209
0.000276728;0.426143;3.53454e-05;9.04728e-05;0.000447095;0.000118465;1.01401e-05;0.0563666;1.61895e-05;2.29577e-05;0.000167515;0.482112;0.0215012;0.0126933
0.00482776;0.663323;0.00157665;0.00249903;0.00209272;0.0100459;0.000710782;0.0755272;0.000330397;0.00253033;0.00371889;0.0612259;0.11527;0.0563209
2.61089e-05;0.0193242;1.58405e-08;1.67943e-06;2.03969e-08;1.86013e-06;0.97319;5.81832e-07;0.000222693;0.00592808;0.00120202;2.04941e-07;4.33844e-05;5.93259e-05
5.71367e-08;1.7671e-09;0.99999;3.98699e-08;3.17366e-09;1.35298e-08;6.22817e-06;7.18558e-10;1.9683e-07;1.82946e-07;2.99794e-06;9.99062e-08;5.17384e-12;5.75838e-11
0.00213618;0.920935;7.97098e-05;3.67374e-05;0.000112539;9.08986e-06;4.79513e-05;0.0718022;0.000717926;3.9403e-06;0.000278676;0.000707192;0.00313253;4.00314e-07
8.72232e-06;0.997469;3.28946e-10;1.6511e-07;2.67601e-06;6.40216e-08;0.00130764;0.000358136;1.23839e-06;8.14232e-05;2.12568e-06;6.16831e-08;0.000644867;0.000123769
8.06549e-09;1.02206e-09;0.999999;1.15504e-09;3.48148e-07;5.45748e-09;5.65999e-09;4.27541e-09;1.06341e-09;7.69636e-10;3.90211e-10;7.72562e-07;7.59992e-12;9.7719e-11
8.16701e-06;0.976446;5.08952e-07;2.31874e-05;2.28245e-05;1.06519e-05;0.000318805;0.000318089;0.000127751;1.07726e-06;4.50646e-05;0.000153949;0.0224632;6.03828e-05
4.04147e-05;0.971088;1.83057e-05;0.000469467;0.000367213;0.000479067;0.00043151;0.00408684;0.00012427;0.000322762;5.01791e-05;0.00270354;0.00347743;0.0163409
2.94446e-05;0.134312;5.76342e-07;0.00101827;6.43274e-05;0.00213278;0.000134306;0.00743223;0.00264853;0.000104312;0.00209651;0.00467084;0.845321;3.53144e-05
0.00157152;0.0302607;0.82283;0.00172819;0.000112505;3.91939e-05;5.76049e-06;7.85976e-05;8.76493e-06;0.000109327;3.22453e-05;0.142181;7.02264e-05;0.00097139
9.8742e-05;0.189101;2.52406e-08;6.21274e-06;1.0082e-07;1.6787e-06;0.807709;1.75372e-05;0.000142223;0.00153482;0.000277724;2.14321e-08;0.000523811;0.000587764
2.55919e-09;7.7427e-11;1;1.5697e-09;2.59798e-09;2.31463e-08;4.70359e-09;1.03257e-09;2.51006e-09;2.09491e-09;5.36721e-09;5.45204e-08;6.02464e-12;4.06618e-11
0.000139837;0.97257;8.23774e-06;0.000164253;3.33547e-05;6.74372e-05;1.20643e-05;0.0146513;0.00329269;5.31191e-06;0.00178476;0.000278016;0.00695817;3.40995e-05
2.58035e-05;0.00330793;4.2028e-06;3.09423e-06;0.00135729;3.4906e-05;3.29469e-07;0.982707;6.76208e-05;5.09147e-06;0.000145028;0.0118648;0.000183769;0.000293298
1.98661e-06;0.00293684;0.00168876;0.000110935;4.50951e-05;0.00115956;0.0484873;1.83021e-07;3.38908e-07;0.933956;4.08066e-05;2.79385e-07;5.04399e-06;0.011567
5.62733e-11;1.79253e-13;1;2.04062e-12;1.26924e-12;8.14749e-14;5.55088e-09;1.35397e-12;5.17792e-11;8.8322e-12;4.89663e-10;7.83565e-12;1.50043e-16;5.12949e-15
