3.83485e-07;0.998437;1.98105e-09;2.0289e-08;9.69236e-10;5.27093e-09;1.23079e-07;5.02152e-08;2.29608e-08;1.46084e-09;5.2414e-08;5.78606e-05;0.00150452;6.79479e-09
0.000164163;0.141417;6.12904e-06;1.84532e-05;0.0136574;0.0122912;1.85499e-06;0.0864268;1.26864e-05;3.75755e-05;9.24407e-07;0.410937;0.0349877;0.300041
5.75093e-06;0.934754;1.15742e-05;1.30101e-06;3.20808e-07;6.71254e-06;9.48893e-06;3.55851e-06;7.87694e-07;3.17695e-07;1.0587e-06;0.0647278;0.000458319;1.87964e-05
8.57004e-06;0.890558;1.98898e-06;0.000220968;3.82161e-05;0.000169301;0.0376436;0.0233701;0.000141515;0.00197509;0.000114648;0.000214645;8.80555e-05;0.0454555
3.63553e-09;1.51916e-08;0.999999;1.19001e-07;7.88934e-10;1.24403e-08;3.80837e-07;4.13924e-08;2.68822e-09;4.89544e-09;5.56157e-08;6.50281e-07;6.64695e-10;7.95125e-10
1.10426e-06;0.988394;5.14975e-07;1.9855e-07;2.12331e-07;1.44335e-08;1.52047e-06;0.0111908;1.15291e-07;6.1417e-08;9.83481e-07;9.58216e-05;0.000277969;3.71228e-05
1.09846e-06;0.00498623;0.098583;0.00020687;0.000282791;0.000338354;6.36116e-08;0.000142725;5.57272e-08;1.86724e-06;1.41568e-05;0.892092;0.00191777;0.00143289
0.000243313;0.375161;1.23144e-07;0.000198701;3.5926e-07;1.94305e-06;0.00607989;0.00583081;0.0267091;5.6289e-06;0.56262;0.00154542;0.0215969;7.18247e-06
0.000232702;0.543999;2.53277e-07;8.91266e-07;5.86831e-05;4.62494e-05;3.12537e-06;0.445454;1.23128e-06;1.20065e-05;5.72148e-06;9.69241e-06;0.00655684;0.00361903
3.98244e-07;0.000193267;1.40602e-05;1.00491e-06;0.000175748;1.04757e-05;1.4541e-08;6.27751e-05;6.138e-07;5.27873e-07;1.04434e-06;0.998437;1.2515e-06;0.00110125
7.90453e-06;0.958458;2.10397e-06;1.46127e-07;6.04307e-08;1.05551e-08;1.30532e-06;2.12895e-05;1.24767e-07;1.32806e-07;2.0689e-07;9.81763e-07;0.0415075;5.46154e-07
1.76116e-05;0.997881;7.27e-09;1.32663e-07;2.47984e-07;1.69153e-06;0.00123128;0.000460957;3.52994e-05;0.00010026;3.34397e-08;8.46687e-09;0.00012263;0.000148515
2.84663e-11;3.31252e-11;1;1.55068e-10;8.67773e-10;1.55522e-10;3.77194e-09;2.30264e-09;3.92742e-11;3.41178e-09;3.1288e-11;2.47159e-09;4.17834e-14;2.14768e-11
2.87007e-06;2.21499e-06;0.984455;1.66467e-06;4.4575e-06;1.10219e-07;1.16755e-06;0.0155043;1.20721e-05;5.19608e-08;1.38183e-05;1.23999e-06;6.70706e-07;5.08183e-08
2.39959e-07;0.000576183;0.000129876;3.8262e-06;1.03397e-06;3.40055e-08;2.50432e-06;6.46776e-05;3.72871e-07;2.05788e-06;2.17243e-06;0.000680386;1.31972e-06;0.998535
4.7612e-07;5.56789e-05;7.20956e-11;6.89808e-07;0.00549932;6.05298e-05;2.31499e-07;0.994222;4.39868e-05;2.97888e-08;4.30135e-05;1.64632e-06;6.43385e-06;6.64763e-05
1.81236e-09;1.42572e-05;0.999942;4.78392e-08;2.02698e-05;1.31316e-06;5.49823e-12;5.31897e-08;2.78091e-13;1.25359e-09;8.3318e-11;1.6256e-05;2.09272e-07;5.21876e-06
3.31314e-06;0.0162979;5.3277e-09;9.71786e-08;3.68599e-07;2.75682e-08;2.38264e-07;0.00102986;8.82822e-06;7.29843e-09;2.53829e-05;3.16677e-06;0.982629;1.33553e-06
1.82017e-06;0.132888;0.00149481;2.67615e-05;1.0704e-05;1.47771e-07;3.23247e-08;0.000599248;8.81271e-07;5.28124e-08;6.21109e-07;0.864525;0.000266883;0.000185468
7.5343e-06;0.752593;1.2851e-08;1.47769e-05;3.72391e-05;8.45653e-06;6.43635e-07;0.188004;1.88606e-05;6.68096e-06;1.65763e-05;0.000384301;0.0508489;0.00805972
0.000163429;0.338718;1.90874e-05;0.000143611;0.0078429;0.000113715;6.2952e-05;0.476417;0.000264447;0.000158803;0.0010376;0.158759;0.0102614;0.00603794
0.000133987;0.265772;0.319712;0.000666812;0.001964;0.000329828;1.91965e-07;0.00130811;7.35334e-06;6.61136e-06;4.94086e-05;0.36109;0.0464519;0.00250758
3.40194e-05;0.0700508;2.53877e-07;0.000260745;1.95375e-05;0.000116645;0.000245291;0.0555669;0.209134;8.80303e-06;0.653903;0.00483665;0.00388026;0.00194338
0.000322051;0.991984;6.23315e-05;0.000229303;2.48258e-05;3.37883e-05;2.77462e-07;0.00142401;8.22555e-06;1.52591e-06;3.6285e-05;0.0033405;0.00247124;6.1396e-05
5.69387e-07;0.999868;1.24187e-10;3.32822e-08;9.23452e-09;1.44125e-08;4.17114e-05;4.47592e-07;2.51408e-08;5.80446e-06;5.98295e-08;3.88199e-08;3.05976e-06;8.06037e-05
1.66409e-10;6.6673e-12;1;4.17227e-11;1.96241e-09;1.97536e-11;1.7522e-08;4.20882e-10;6.93741e-11;3.27907e-10;2.14671e-10;2.83537e-09;3.20261e-16;9.60928e-13
8.74059e-05;0.933255;0.000984231;0.000549389;0.000194053;0.000315344;0.000117021;7.80587e-05;5.94273e-05;1.74715e-05;0.000552176;0.000113244;0.0636691;8.20676e-06
7.71541e-07;0.993306;9.96837e-13;4.41554e-08;2.10756e-08;2.47311e-08;0.00256995;6.74079e-07;1.5603e-08;1.54253e-06;4.09859e-07;3.42962e-08;5.28884e-06;0.00411534
2.3871e-10;4.39653e-10;1;4.80028e-10;1.05766e-09;5.46452e-11;5.44406e-10;7.42926e-11;5.71556e-12;3.20897e-12;9.76952e-11;2.51445e-08;1.05654e-12;7.44573e-11
8.93785e-05;0.179677;2.30367e-07;0.000131477;0.00308835;6.42358e-05;2.17453e-05;0.792813;0.00157948;4.87634e-06;0.000328503;0.000175648;0.00909761;0.0129287
7.93171e-05;0.0637476;0.66609;0.00178782;0.00774133;0.0005838;1.42741e-06;0.000312981;1.45056e-06;1.87341e-05;1.66403e-05;0.00429929;0.236285;0.0190353
2.51442e-06;0.0298906;5.40861e-07;1.69459e-07;7.77163e-05;1.15544e-06;7.59624e-06;0.968931;1.22659e-06;1.46729e-06;1.43479e-06;1.2169e-05;0.00103734;3.49078e-05
1.23547e-06;5.2133e-05;0.99925;7.89629e-06;0.000134946;7.79973e-05;1.25127e-09;1.88868e-05;1.45884e-08;5.2232e-07;1.13146e-06;0.000409344;8.09962e-07;4.55028e-05
0.000154711;0.800909;1.14219e-05;5.77389e-05;1.96757e-05;5.97319e-05;0.0013405;0.0216102;0.0859983;6.44068e-06;0.0798262;2.12551e-05;0.00979718;0.00018756
