3.34972e-06;0.95312;1.78721e-07;6.60039e-07;7.34163e-07;9.94673e-06;2.47697e-05;0.0124076;7.8679e-07;2.72096e-05;2.36114e-07;6.8396e-07;0.03438;2.34417e-05
1.19486e-10;6.45213e-10;0.999997;1.03176e-09;1.84451e-09;4.27086e-10;2.42428e-10;1.18066e-09;1.93359e-11;1.08762e-10;3.79366e-11;3.25478e-06;6.02874e-12;4.30016e-11
7.3842e-06;0.962208;2.09786e-08;7.53879e-05;6.69781e-06;2.04154e-06;4.17086e-05;0.00600677;0.000178673;4.45518e-07;0.00109852;0.0031113;0.0272573;5.4141e-06
3.11764e-06;0.994519;5.95952e-07;8.98409e-07;3.20761e-09;5.3854e-08;7.78736e-05;1.71846e-05;7.30517e-07;3.29611e-08;1.62365e-05;0.000142345;0.00522189;5.99576e-07
0.000210697;0.307801;7.79958e-07;0.00480859;0.000277843;0.00242554;2.38509e-06;0.175163;0.005627;1.81816e-05;0.00670567;0.478376;0.00578077;0.0128024
0.00473731;0.0103923;0.000442558;6.5166e-05;0.0016036;0.00183943;5.94764e-07;0.630362;0.000102196;8.7489e-06;0.00047576;0.321592;0.00335458;0.0250237
1.02746e-05;0.709912;1.97113e-06;2.36958e-05;0.000498658;0.000225265;2.32217e-07;0.00576072;1.97254e-05;4.9837e-07;9.04291e-05;0.179009;0.101818;0.00263084
6.22349e-06;0.941607;5.419e-06;9.21699e-05;0.00247436;0.000511396;3.56681e-07;0.00772554;7.0037e-06;4.76423e-05;4.07166e-06;0.0178509;0.000978922;0.0286887
0.000262682;0.0368503;5.04858e-05;0.000881713;0.533178;0.225172;3.6183e-05;0.0228057;0.000850549;0.00127712;0.000323524;0.0118942;0.00540702;0.161011
0.000711508;0.966625;3.01346e-08;4.477e-05;9.51185e-05;2.54832e-06;4.93006e-05;0.0102788;0.000285764;1.00984e-05;0.000199055;0.00029139;0.0213611;4.59229e-05
0.000204277;0.102702;1.52321e-07;3.00026e-06;0.00283301;4.14968e-07;3.18506e-06;0.887168;1.47684e-06;1.17826e-05;3.36094e-08;1.12526e-05;5.15112e-06;0.00705656
4.39415e-06;0.000875585;0.897201;3.63722e-06;6.78184e-05;3.9019e-06;8.78135e-08;2.24139e-05;7.07408e-08;1.58767e-06;4.9728e-07;0.101271;0.000526997;2.107e-05
6.64868e-07;0.86094;1.26177e-08;1.43765e-07;3.10635e-07;9.26314e-07;0.137725;0.000256287;1.07775e-05;0.000330042;1.1361e-05;4.94045e-09;1.06279e-05;0.000713327
7.55058e-10;1.4914e-10;1;1.31327e-09;4.85717e-09;1.78118e-09;9.6365e-08;5.0786e-10;1.00537e-08;5.97683e-09;7.711e-09;5.22484e-08;1.02852e-12;1.89653e-11
1.91366e-05;0.999205;4.20442e-07;1.89284e-06;8.32955e-08;1.08585e-07;1.3517e-06;0.00031513;1.22379e-05;1.12618e-07;9.7071e-07;9.46887e-06;0.000433497;6.17825e-07
3.48766e-05;0.162904;1.73334e-07;3.56934e-06;3.31307e-05;5.5725e-08;2.16249e-06;0.836913;2.39228e-05;3.59534e-06;6.8982e-07;1.69126e-05;4.53501e-05;1.9234e-05
5.06622e-05;0.236909;0.0192605;0.000130945;0.00220643;0.000240172;2.24679e-06;0.000237216;2.89187e-07;0.000164961;9.8941e-06;0.709268;0.0297357;0.00178369
1.86137e-05;0.00741471;3.21002e-08;2.26979e-07;6.08679e-06;9.57676e-07;0.991132;6.61086e-06;8.48182e-06;0.00122024;5.69207e-06;1.95848e-06;1.59588e-06;0.000182909
2.27696e-08;5.89829e-10;0.999998;3.56443e-08;4.44434e-07;3.71552e-07;4.85382e-07;4.99328e-08;1.13773e-07;9.75799e-09;2.6317e-08;2.30101e-07;1.95361e-11;1.78667e-09
4.8671e-05;0.998961;1.44602e-05;3.17093e-05;4.09223e-06;2.84887e-06;1.19266e-05;0.000185315;8.7846e-06;4.44702e-07;4.51673e-06;1.33853e-05;0.000680207;3.26568e-05
2.39775e-05;0.965593;9.53543e-08;6.09875e-05;2.12565e-05;1.00968e-05;3.75199e-06;0.0298796;0.000212112;3.98433e-06;3.47202e-05;0.0024548;0.000151021;0.00155078
0.000101558;0.735863;6.94763e-07;4.54094e-05;0.001361;2.56146e-05;6.265e-06;0.241649;0.000250231;8.4253e-06;0.000667589;0.00544717;0.0141918;0.00038174
5.08828e-05;0.0223094;9.98836e-07;2.72386e-05;6.38419e-05;1.85626e-06;3.81383e-06;0.000414091;1.92247e-05;1.2628e-06;2.49332e-05;0.96923;0.000728648;0.00712405
0.000227195;0.944435;1.1371e-07;1.73304e-05;3.23603e-06;1.02312e-07;0.000115068;0.000280261;0.000612981;4.29107e-07;6.22265e-05;0.00119273;0.0530442;8.73224e-06
1.52821e-05;0.302865;8.06349e-08;2.91702e-08;7.94793e-05;8.37618e-09;2.08843e-07;0.696214;1.51308e-07;1.33081e-07;1.5639e-09;3.72133e-05;3.05046e-07;0.000788701
3.58903e-06;0.00308683;0.75631;1.20457e-05;0.0017854;6.28213e-05;4.13699e-09;5.19583e-05;2.21095e-08;5.01017e-07;1.18683e-07;0.231824;0.000113546;0.00674855
6.24956e-07;0.991976;5.75363e-09;9.64393e-08;1.04352e-06;9.09766e-08;0.00687306;0.00074757;3.494e-06;3.33658e-05;1.93932e-06;6.36842e-09;1.88224e-06;0.000361117
3.78299e-10;6.76188e-11;1;2.95847e-10;1.59621e-10;5.80502e-11;3.72815e-08;2.66111e-11;2.52382e-09;3.81724e-10;1.88743e-09;1.34856e-08;6.72905e-14;3.67288e-12
7.99876e-05;0.0311132;1.02079e-07;6.50185e-08;8.3593e-07;2.81673e-08;6.29574e-07;0.965848;0.000385356;5.59636e-08;1.09412e-05;4.6951e-06;0.00255568;3.86066e-07
3.36033e-07;0.000841092;2.69926e-06;5.32726e-07;6.36655e-06;2.45794e-07;6.80411e-10;0.000184582;3.52616e-05;5.66314e-09;3.60579e-06;0.998832;5.02521e-05;4.31619e-05
2.89834e-06;0.991543;8.35507e-08;2.62865e-06;1.43941e-06;5.03922e-08;8.2906e-08;0.00576928;5.07736e-05;1.20708e-07;1.5227e-05;0.000233978;0.00238042;9.3992e-08
0.00238159;0.255248;3.84176e-05;2.91859e-05;0.000717626;2.58548e-06;6.34207e-06;0.0200217;0.00290959;1.88311e-05;2.03158e-05;0.546717;0.171875;1.43204e-05
0.000118964;0.00758977;2.62725e-09;0.000133513;9.3789e-05;2.98028e-07;6.81347e-05;0.00598627;0.98321;7.93847e-06;0.00179868;0.000899063;9.03589e-05;3.50674e-06
0.00359268;0.922907;1.48442e-07;0.0004115;9.72092e-05;7.30964e-06;0.00045663;0.0434482;0.00527145;0.000179977;0.000137057;0.0221338;0.00110162;0.000255028
0.00018547;0.00527134;7.22483e-06;5.65709e-05;0.0020085;4.80361e-06;5.52926e-06;0.991213;0.000128781;1.24095e-06;1.44798e-06;0.000720577;0.000244391;0.000150847
1.07661e-05;0.00164561;5.21947e-07;6.80432e-05;0.0018692;1.95602e-05;4.48568e-05;0.994897;0.00118977;1.06462e-05;2.71148e-05;4.94687e-05;0.000165582;2.2165e-06
2.13705e-06;5.83951e-05;0.999903;9.22845e-06;1.50681e-05;2.26012e-06;1.3864e-09;8.61714e-07;7.03534e-08;1.67698e-07;7.4888e-07;5.96115e-06;2.13354e-07;1.93772e-06
5.2682e-05;0.923061;4.7702e-05;8.07052e-05;1.21368e-05;9.19183e-05;0.000294748;0.0374472;0.0278244;4.50007e-06;0.00926164;0.000652907;0.000858548;0.000310042
