6.57464e-06;0.979814;1.81957e-07;7.33434e-06;2.78962e-06;9.14739e-05;3.76242e-06;0.000534584;4.78005e-06;1.67647e-06;2.82322e-06;0.000365966;0.0190929;7.11017e-05
7.30143e-06;0.000399662;2.10741e-05;1.11676e-05;0.0545303;0.0316158;2.29298e-07;8.76566e-05;9.3022e-08;1.95035e-05;2.90911e-07;0.0115307;3.71897e-05;0.901739
3.04496e-07;0.992411;7.05156e-10;7.53741e-08;8.1993e-08;5.97055e-08;0.00749158;1.35278e-05;8.80044e-07;3.78915e-05;1.74267e-07;2.63811e-10;3.63988e-06;4.09973e-05
2.05099e-10;2.12313e-11;1;2.69874e-10;4.51379e-10;5.76579e-10;5.04073e-09;2.94369e-12;3.22014e-10;1.15805e-09;1.24065e-09;6.75075e-09;7.34159e-14;2.2312e-12
1.23386e-06;0.999723;1.83779e-06;1.48916e-07;7.21866e-08;4.23022e-08;1.83592e-06;0.000210607;1.91069e-06;3.30259e-07;7.38977e-08;5.52749e-07;5.7938e-05;6.09364e-08
1.27463e-09;2.58068e-08;0.999999;1.35592e-09;6.74601e-09;3.12857e-10;9.6244e-10;1.68032e-07;1.71694e-09;1.18987e-09;5.03616e-10;8.5129e-07;3.97851e-11;2.90204e-10
9.55096e-05;0.0026219;9.20363e-06;5.08318e-05;0.0015982;0.000101927;4.80547e-06;0.817756;0.00621561;4.27086e-06;0.00323594;0.162218;0.000739804;0.00534875
0.00063842;0.885777;7.34001e-06;1.35667e-05;1.61665e-05;4.93281e-06;0.000346674;0.0168726;0.000229756;8.62849e-06;0.00154563;0.0113752;0.0831546;9.19473e-06
8.76476e-05;0.854301;1.74083e-07;8.87465e-05;2.03724e-05;1.21789e-06;7.31951e-06;0.00491052;0.000589916;8.68587e-06;3.80822e-05;0.099346;0.0397027;0.000897383
6.14422e-05;0.0243152;8.38298e-10;2.6219e-06;0.000980108;3.98434e-09;1.80773e-05;0.974275;0.000223058;2.57233e-06;7.3614e-06;7.14767e-06;3.34827e-05;7.43684e-05
3.3143e-05;0.0252001;0.935238;0.000117083;0.000299276;0.000139841;2.00475e-06;0.000725706;2.45861e-06;1.05373e-05;3.41871e-06;0.037138;0.000855771;0.000234982
3.43205e-05;0.00204647;3.10984e-09;8.75162e-08;1.28118e-05;2.2908e-06;3.65621e-07;0.991149;1.834e-05;3.77078e-08;2.43114e-05;1.25809e-05;0.00669658;3.2573e-06
0.000114914;0.0263747;0.000103772;4.15531e-06;8.88101e-06;6.3819e-07;1.82928e-07;0.000780704;1.17495e-05;9.12236e-07;8.74483e-06;0.965655;0.00681186;0.000123662
3.36738e-05;0.921088;4.80196e-06;0.000200756;7.02081e-05;0.000219222;0.00047603;0.0116418;0.000204918;0.000216028;6.81457e-05;0.0144171;0.0507172;0.000641906
3.32382e-05;0.0144902;8.09619e-07;0.00323703;9.27951e-05;0.00282144;9.19311e-05;0.000508323;0.000930682;0.000337244;0.00432123;0.00741442;0.96567;5.01564e-05
0.0120121;0.0312523;0.845151;0.0249699;0.000360348;0.000104366;0.000723662;3.01184e-05;0.000187256;0.0011892;0.0140497;0.0686418;0.000491163;0.000837245
1.61045e-05;0.0205234;3.02044e-09;2.08001e-06;2.96545e-08;3.18558e-08;0.977716;2.51991e-06;2.80808e-05;0.000938175;0.000699826;1.82207e-08;5.44729e-05;1.94556e-05
5.49329e-09;1.48452e-10;0.999999;7.33836e-09;2.50196e-09;1.69246e-09;6.93276e-07;6.76031e-10;2.5078e-08;1.76838e-08;1.46147e-07;3.07431e-08;5.39075e-13;2.46193e-11
1.22324e-05;0.0015844;4.0861e-09;7.16878e-09;5.44648e-06;3.96762e-08;4.84838e-09;0.997875;7.4314e-07;6.65025e-09;1.3225e-07;4.08891e-06;0.000516021;1.54895e-06
4.53887e-07;0.00187131;6.18976e-05;7.22027e-07;4.34451e-05;1.34487e-05;5.85801e-08;0.000677922;7.35846e-07;9.49056e-08;1.06664e-06;0.986699;1.91392e-05;0.0106108
7.73179e-07;0.00106121;1.95905e-09;1.00073e-07;1.34313e-07;2.49776e-08;8.44892e-08;0.000945642;1.85596e-07;4.8423e-09;1.3464e-06;2.40739e-07;0.99799;2.3104e-07
1.21903e-06;0.000570943;2.81987e-07;2.06579e-07;1.81829e-06;4.94097e-09;7.18405e-10;0.000113235;2.18736e-06;1.08301e-08;1.03926e-07;0.999224;6.70661e-05;1.91863e-05
2.58221e-06;0.949364;0.000104666;4.83081e-05;0.000259244;1.03351e-05;3.28086e-08;1.05551e-05;1.2351e-07;2.10178e-06;1.40325e-06;0.000634686;0.0495054;5.7082e-05
4.54959e-05;0.0198506;1.67422e-06;3.09605e-05;0.000673886;0.000260093;0.000124168;0.0411831;3.90978e-05;1.78996e-06;0.000418748;0.915083;0.0135739;0.00871398
4.2618e-07;0.00383087;1.48076e-09;0.000125271;0.000147005;0.00509787;1.37908e-07;0.00105617;8.2518e-06;3.35355e-06;0.000238511;9.50815e-05;0.988882;0.000515063
4.20837e-05;0.00794396;0.974565;0.000831915;2.48761e-05;0.00040619;4.8409e-06;4.68132e-06;6.01794e-07;1.45944e-05;9.70567e-05;0.0129763;0.000171729;0.00291585
0.000127452;0.994054;2.67673e-05;8.40731e-06;7.1918e-08;3.11273e-08;2.8421e-05;7.84234e-05;1.9997e-05;1.01995e-07;0.00451919;0.000283996;0.000852597;1.19177e-07
2.76495e-07;0.9968;9.47007e-11;5.65402e-07;0.000327512;4.19692e-08;3.77099e-08;0.00271323;1.70845e-07;5.35752e-07;5.41727e-07;1.20473e-05;1.30239e-06;0.000143422
8.71782e-06;0.00403589;0.0254222;0.000102205;0.00149402;0.000839541;6.42799e-08;7.59078e-05;2.06572e-07;8.10383e-06;2.82837e-06;0.959652;0.000253241;0.00810482
5.01287e-05;8.63012e-05;1.0174e-09;7.60463e-08;4.85986e-07;1.18286e-07;1.89531e-07;0.990831;4.96177e-05;1.89008e-09;0.000141547;1.46923e-05;0.00882551;2.70681e-08
3.06487e-05;0.000391782;2.60991e-07;2.4847e-06;2.37748e-06;1.85595e-07;2.62117e-08;0.00095292;3.00033e-05;1.00696e-07;3.05228e-05;0.997818;0.000637621;0.000102831
1.10781e-06;0.000599641;0.999312;5.45894e-07;7.376e-06;1.77199e-08;2.51151e-06;5.08749e-05;1.13247e-07;4.33379e-07;9.01748e-07;2.01234e-05;2.55611e-06;1.64974e-06
8.76886e-08;0.99994;4.56587e-08;1.32717e-07;1.12047e-07;1.07374e-08;2.17093e-06;3.15943e-05;1.04821e-08;1.13774e-06;3.67972e-07;3.81233e-07;1.43546e-05;1.01198e-05
1.89075e-07;4.78931e-06;0.999857;4.52464e-08;1.83952e-07;1.42547e-09;8.75456e-06;1.54326e-05;1.76487e-07;3.76502e-08;3.10807e-06;0.000110378;6.8966e-09;3.27865e-08
0.000200679;0.000999141;4.68497e-08;4.68087e-05;0.000339643;0.000566374;0.000128971;0.899897;0.0358161;4.95746e-06;0.0108323;0.0101282;0.0405467;0.000493505
7.60533e-06;0.995665;2.79712e-09;1.98842e-05;1.39561e-05;7.91603e-07;3.6609e-05;0.000855306;5.14382e-05;2.94445e-06;0.000434512;0.000304417;0.0024298;0.000177454
0.000171593;0.987515;3.36812e-06;0.000138766;0.000591037;8.21838e-06;1.70964e-05;0.0110682;8.53196e-06;1.4114e-05;3.88258e-06;1.08079e-05;0.000115533;0.000333279
2.58013e-05;0.44872;0.00086441;7.80641e-05;5.4386e-05;1.84781e-05;8.7335e-07;0.000116937;1.92545e-06;6.92983e-06;7.96027e-06;0.00208042;0.547996;2.77369e-05
0.000137225;0.325628;4.63325e-05;1.5178e-05;8.43327e-05;8.39333e-07;3.90633e-05;0.0274422;6.90497e-05;3.58313e-07;0.00420524;0.641448;0.000833515;5.09401e-05
8.60728e-06;0.103241;1.54516e-08;9.3417e-05;0.708876;0.00060804;2.53727e-09;0.0449785;7.42163e-06;3.88298e-07;4.24461e-06;0.00227868;0.00393041;0.135973
0.000131201;0.287659;3.40035e-07;1.13197e-06;3.5557e-06;2.49841e-05;2.60365e-07;0.00603526;1.02933e-05;2.07867e-07;1.01275e-06;0.00379826;0.702174;0.000160842
1.28067e-06;0.000817752;2.49084e-08;6.50513e-08;5.55369e-07;1.74318e-07;6.25378e-10;0.00747296;1.06646e-07;4.7227e-09;3.1046e-07;0.000487081;0.991219;7.24245e-07
4.41857e-05;0.0901203;1.09633e-05;8.4638e-06;3.79965e-05;0.000583504;4.37038e-07;0.0374452;2.8684e-06;9.64538e-05;1.09965e-06;0.00259999;0.862022;0.00702711
4.55716e-08;1.10102e-07;0.999991;1.4354e-07;1.87136e-08;1.33716e-07;2.12362e-08;9.80919e-07;3.24781e-08;1.21863e-08;1.51843e-07;7.25887e-06;1.37797e-07;3.76741e-10
9.58375e-08;0.00030513;0.00039596;2.04772e-06;6.23306e-08;1.17511e-06;7.02783e-08;0.000126862;8.9282e-07;5.14108e-08;7.83266e-06;0.999065;2.53478e-05;6.90128e-05
3.40519e-07;0.000752192;6.53873e-08;5.86393e-08;0.000750697;4.86366e-06;3.69085e-08;0.99747;4.03596e-09;1.14368e-08;1.80338e-07;4.28737e-07;0.000846674;0.000174242
4.55244e-07;0.997849;5.67345e-09;6.46431e-08;8.75697e-07;1.10739e-06;9.69864e-06;0.00094658;1.44889e-09;4.86748e-06;4.66393e-09;9.09757e-06;0.000555123;0.000623524
2.39246e-12;3.58125e-12;1;5.47883e-12;2.8931e-10;2.45268e-10;2.13645e-12;1.21205e-08;2.22396e-14;9.75214e-13;3.36754e-13;8.12081e-08;3.93774e-14;1.40934e-12
6.98706e-05;0.650145;3.47182e-06;0.00155121;0.0066293;0.00791213;0.00153195;0.137394;0.000652386;6.53252e-05;0.0221233;0.000847935;0.170365;0.000709824
9.72663e-07;0.999271;5.6657e-05;1.49272e-06;8.95003e-07;8.93843e-07;2.17122e-06;0.000538127;1.25237e-09;1.37892e-06;4.31857e-09;1.83e-07;0.000124098;2.43472e-06
3.35376e-09;2.35072e-08;1;2.62113e-09;3.76463e-09;6.96118e-10;5.75046e-10;7.73713e-08;4.53277e-10;1.64412e-10;2.5989e-09;3.45483e-07;1.02047e-08;1.71613e-11
2.21518e-07;0.000342624;0.00210325;6.47256e-07;9.15264e-06;3.1234e-06;8.0089e-09;0.00023573;4.30162e-07;3.86855e-08;9.8438e-07;0.996108;3.07632e-06;0.00119235
4.13319e-06;0.116349;1.567e-06;2.20252e-07;0.000314289;0.00186018;4.88642e-08;0.862371;5.73195e-07;2.22341e-08;1.99006e-06;0.000117048;0.0179081;0.00107166
1.69626e-07;1.62822e-05;1.51594e-09;9.24467e-08;0.000288877;1.83252e-05;5.29747e-11;0.00132934;3.4498e-09;3.24342e-09;1.91e-07;0.992398;0.00393516;0.00201362
2.07731e-08;0.999927;7.91106e-10;5.71978e-10;1.57978e-09;8.65411e-11;7.10242e-08;1.99671e-07;1.16164e-10;2.74077e-09;4.87504e-11;1.8819e-08;5.45172e-06;6.69436e-05
0.000100442;0.711421;0.000151706;0.000210579;9.17856e-05;7.05577e-05;0.046877;0.150399;0.000436794;4.02553e-05;0.000779921;0.000373839;0.0890031;4.40194e-05
4.9713e-06;0.968639;7.19242e-06;6.0368e-05;6.8142e-05;5.31705e-07;4.72313e-06;0.0310217;4.66007e-08;2.53756e-05;6.99522e-08;1.5049e-05;0.000141976;1.03894e-05
0.000129794;0.0193123;0.0235973;0.0010042;0.000469817;0.000971458;6.41821e-06;0.000857311;1.96975e-05;4.33468e-05;0.00034918;0.506173;0.441994;0.0050724
0.000163764;0.82102;1.21429e-06;0.000128077;0.00137138;0.000407101;2.45936e-05;0.0523813;0.000202074;1.33542e-05;0.0174144;0.0677017;0.0176666;0.0215044
0.000823454;0.768857;2.63312e-09;1.37428e-05;0.0734413;2.49828e-05;0.000652867;0.138659;9.41162e-05;5.30033e-05;0.00089497;0.000623529;0.000719488;0.0151428
0.000769332;0.0232647;0.773785;5.99924e-05;0.00557417;0.0036457;2.97306e-07;0.0314459;1.2122e-06;1.30604e-06;1.1504e-06;0.157367;0.00348491;0.00059915
0.000108398;0.000658314;6.70204e-08;5.46853e-07;8.51787e-06;6.5318e-06;1.90209e-07;0.876446;3.12713e-05;2.86055e-08;8.48577e-05;0.000244833;0.122402;8.85483e-06
5.83955e-05;0.00382173;3.71724e-06;1.17984e-05;1.4945e-05;1.02468e-05;5.46888e-07;0.000783966;7.50909e-05;1.19238e-06;7.40262e-05;0.986603;0.00828415;0.000257348
2.34578e-07;1.11755e-05;4.92301e-11;8.24124e-10;8.31577e-07;7.65124e-09;7.74787e-10;0.999985;1.91847e-07;1.84919e-09;8.81137e-09;1.28756e-07;2.09052e-06;3.60695e-09
2.96015e-06;0.000669374;1.33586e-05;0.000130027;0.00770681;0.00838346;4.1851e-07;0.000268323;3.55916e-06;9.99879e-06;2.1961e-05;0.135089;0.00013946;0.847561
1.38571e-06;0.995951;1.2544e-09;2.48912e-06;7.52807e-08;9.5066e-08;6.43884e-06;8.62572e-05;2.71713e-06;1.89393e-07;0.000102663;2.02695e-05;0.00382582;5.96328e-07
2.6864e-06;0.973427;2.40306e-07;1.66256e-06;2.75858e-07;5.92326e-07;6.36211e-06;3.02233e-06;1.40756e-08;2.77425e-07;4.2051e-07;0.0209943;0.00552206;4.13528e-05
2.03618e-06;0.0316589;3.31391e-05;8.02928e-05;5.24246e-05;1.21559e-05;2.8441e-06;0.00146517;6.48693e-07;1.16393e-07;1.82701e-05;0.858448;0.000225278;0.108001
4.03525e-06;0.928757;1.97246e-06;2.24907e-06;1.23364e-06;3.6793e-05;0.000383875;0.0166593;4.40642e-07;1.09191e-05;1.82861e-05;6.51394e-07;0.0540307;9.28442e-05
9.55837e-11;3.3156e-10;0.999999;1.03366e-09;1.80176e-11;1.16067e-09;2.91436e-10;1.04589e-09;3.20491e-11;8.25127e-12;2.8969e-10;7.59604e-07;8.83166e-11;8.53295e-12
5.33743e-06;0.032813;0.000597548;0.000187699;3.85619e-06;3.08836e-05;5.96794e-07;0.000932856;0.000130438;7.61716e-07;0.000272865;0.963163;0.00123488;0.000626255
7.36844e-06;0.991243;6.86477e-07;8.70166e-05;5.76296e-06;1.92463e-05;3.10542e-06;0.000225062;1.82949e-05;7.58101e-07;0.0013089;0.000511454;0.00654365;2.54585e-05
9.24502e-08;0.000769761;1.93857e-08;7.0345e-07;0.00189613;4.86469e-07;2.14833e-08;0.996843;5.00905e-09;1.28329e-07;4.52421e-08;0.000102984;1.62005e-06;0.000385363
4.29518e-08;0.00240504;0.995204;5.53367e-05;0.000194453;0.00103297;1.65186e-08;3.5346e-06;8.32498e-09;1.85481e-07;8.89654e-07;0.000888049;7.56294e-05;0.000139843
8.1334e-08;0.0386542;2.53456e-09;4.56687e-08;1.21622e-06;0.000141803;4.10981e-08;0.0092344;1.47151e-09;8.50043e-08;8.89143e-08;8.13562e-10;0.951955;1.33551e-05
5.61226e-11;4.3363e-10;1;9.36593e-10;1.84594e-10;1.49466e-09;6.05242e-12;7.05821e-10;5.7896e-13;3.52368e-12;4.3657e-11;2.50025e-08;3.08763e-09;8.56356e-13
7.33502e-08;2.97496e-06;4.96005e-05;1.6423e-05;7.71256e-07;7.67639e-07;3.92861e-09;8.72673e-06;2.58521e-06;3.46302e-08;1.00849e-05;0.999714;1.28877e-05;0.000181026
5.22989e-06;0.99238;5.64293e-08;3.47069e-06;4.34661e-06;8.59454e-06;1.29092e-06;0.00265649;6.46982e-08;1.01656e-07;5.32018e-06;8.44597e-07;0.00437958;0.000554763
3.59089e-08;1.60404e-05;8.00438e-11;6.46289e-08;0.00120024;1.08053e-05;2.08943e-09;0.99862;2.52334e-10;1.35817e-07;5.38949e-09;3.9761e-06;1.46477e-05;0.000133803
2.32634e-10;1.19448e-06;0.999998;4.51316e-08;1.99549e-08;6.44519e-07;4.86545e-11;1.75574e-09;4.61964e-12;1.33345e-09;1.18217e-10;5.76161e-10;4.08209e-09;2.52592e-08
0.000826812;0.061313;0.00258042;0.000127548;0.000159676;0.00185463;4.0656e-05;0.118788;0.000297898;4.37215e-05;0.00170604;0.00193442;0.810279;4.82967e-05
