1.54174e-05;0.995347;9.54631e-05;5.96398e-05;6.86836e-06;2.61075e-06;4.78958e-07;0.000509829;4.80812e-07;5.47894e-07;7.0617e-07;0.00355878;0.000391015;1.14511e-05
1.7058e-05;0.985503;2.41523e-10;2.43887e-06;9.19933e-06;1.30543e-06;6.17106e-06;0.00421427;2.72986e-06;2.3789e-06;3.36663e-05;0.000260845;0.00952612;0.000421004
0.000814364;0.0358181;5.24265e-05;0.00100453;0.525146;0.00366037;2.34672e-05;0.287748;0.00254786;1.43451e-05;0.000646876;0.00885905;0.00235294;0.131311
0.000212079;0.990866;1.78712e-06;2.06034e-05;3.07707e-05;3.8377e-07;1.57627e-05;0.00201185;0.000829353;3.27774e-07;0.000410951;0.00132301;0.0042691;7.43159e-06
0.000665579;0.0856698;1.53496e-06;5.7106e-06;0.0213867;0.00130275;2.50931e-06;0.844227;0.00049956;3.25076e-06;5.05143e-05;0.0101642;0.00462801;0.0313928
0.00021928;0.00578966;5.62504e-08;1.02159e-06;0.000423355;2.03488e-06;3.68146e-08;0.984521;8.10168e-05;1.32512e-07;7.39974e-06;0.0028641;0.00608459;6.6041e-06
0.000106141;0.974966;4.3302e-10;7.47377e-05;8.51739e-07;7.05369e-07;2.52376e-05;0.000443972;0.00347967;1.34433e-05;0.000103127;0.000114205;0.0206081;6.39563e-05
1.6142e-05;0.00106888;0.00105103;0.000121367;0.000259028;3.93697e-07;8.11673e-08;4.22961e-05;1.73345e-06;1.11493e-06;6.17667e-06;0.997378;1.00125e-05;4.42306e-05
0.000354365;0.72143;1.28339e-07;0.000238026;3.13725e-05;2.99524e-05;0.000110852;0.167103;0.0179696;8.55946e-05;0.00824639;0.0014949;0.0825973;0.000308457
0.000172852;0.724779;1.04344e-08;0.00125727;0.000400853;0.000402061;0.000501794;0.00377173;0.00877181;0.00112519;0.125543;0.00098866;0.130636;0.0016501
0.00190336;0.782663;0.0248602;0.00194289;0.00198866;0.000418166;7.73777e-05;0.00298023;7.50149e-05;0.00035671;1.37656e-05;0.000165809;5.48723e-05;0.1825
4.06805e-05;0.000706893;7.96877e-09;1.40988e-05;1.65042e-05;2.77633e-06;2.04356e-06;0.0217554;0.000772428;5.28068e-07;0.000827057;3.12342e-05;0.975829;1.42042e-06
5.55513e-06;0.999571;2.38545e-05;1.79134e-05;8.54978e-07;1.15113e-06;7.68534e-05;0.000219374;7.67528e-07;2.18531e-05;5.06748e-07;2.25714e-07;5.45414e-06;5.50725e-05
1.48171e-08;2.10278e-07;0.999998;2.00401e-07;5.97712e-09;6.47198e-09;1.96676e-08;1.47195e-07;9.66084e-09;3.17628e-09;5.53385e-07;7.50763e-07;1.35063e-07;2.32258e-10
2.0415e-07;0.000124375;7.17831e-05;9.89406e-06;1.0048e-05;1.27502e-06;6.40703e-09;0.00153563;2.38527e-06;5.70228e-08;0.00020097;0.998007;9.84679e-07;3.58466e-05
5.67027e-06;0.964071;2.52473e-06;5.33312e-06;7.09708e-05;9.95425e-05;8.53792e-07;0.0205914;1.66154e-06;1.66602e-07;0.000413256;2.31609e-05;0.0143404;0.000373559
2.17829e-05;0.00250622;8.09879e-06;0.00331316;0.290414;0.334434;1.32734e-05;0.0653443;6.30721e-06;9.74347e-05;9.19004e-05;0.00199173;0.00175065;0.300007
8.03769e-06;0.0057586;0.000128436;3.17917e-06;7.84039e-06;0.000389847;3.4832e-07;4.7602e-05;4.90802e-08;3.72769e-08;3.56265e-07;0.000224001;0.993416;1.53367e-05
2.52643e-05;0.0913789;5.76694e-05;0.000126541;0.000275521;3.40254e-05;1.78598e-07;0.350421;5.01721e-06;2.57794e-06;2.33681e-05;0.556256;0.00108543;0.000308593
0.000957754;0.407289;0.125257;0.00105312;0.0283781;0.00213402;6.75261e-06;0.238396;7.55334e-06;3.67864e-05;2.34254e-05;0.0016477;0.000232935;0.194581
3.76469e-06;0.00177857;1.30944e-05;4.7434e-07;0.000950047;0.000321778;1.69075e-09;3.04831e-06;3.80486e-08;7.34433e-09;1.1222e-07;0.00161208;1.84197e-05;0.995299
0.000156398;0.0375171;4.81155e-07;4.12626e-05;0.000214228;0.000167274;3.49631e-07;0.0153198;4.64169e-05;2.86626e-06;1.70196e-05;0.752337;0.00239995;0.191779
4.82255e-05;0.988741;0.000139111;8.08678e-06;2.41971e-07;5.74507e-08;8.86102e-07;0.00616939;2.74994e-05;5.5561e-08;4.33165e-05;0.00472732;9.39705e-05;3.35246e-07
6.37014e-07;0.895211;2.26553e-10;2.73032e-06;0.000729131;2.98392e-07;2.8743e-09;0.103581;2.26354e-07;1.4031e-07;1.11893e-07;0.000390354;4.98579e-05;3.45057e-05
1.43398e-05;0.00812827;0.183481;0.00119221;0.00127039;0.0433628;5.62443e-08;4.35144e-05;5.72305e-08;1.37188e-05;3.91896e-06;0.720167;0.00484557;0.0374766
4.35426e-06;0.0481719;2.03273e-11;2.06676e-06;1.80934e-06;4.51087e-06;1.03247e-06;4.27851e-05;4.66193e-07;6.95859e-08;0.000153927;0.00495359;0.946562;0.000101552
1.40089e-05;0.00386901;4.64835e-05;7.21713e-05;1.03337e-05;1.78672e-05;1.22937e-05;0.000259035;2.76498e-05;4.52567e-05;0.000227883;0.982862;0.0123549;0.000180852
0.000130029;0.335182;4.26683e-06;0.0235507;0.00060156;0.00508395;0.00363066;0.162245;0.113727;0.000649172;0.295267;0.000759823;0.0591159;5.18761e-05
0.000535326;0.975221;0.00131943;0.00675803;0.000164949;1.03137e-05;6.26861e-05;0.00227492;3.15981e-06;8.4112e-05;0.0001398;0.0130819;0.000108178;0.00023616
0.000104863;0.169259;7.80172e-11;1.92905e-06;0.000143184;6.56349e-07;6.964e-05;0.826237;9.41815e-06;4.65414e-06;2.78459e-05;1.98026e-06;0.00392317;0.000217239
0.000276973;0.0202094;0.919241;0.0100106;0.0110786;0.00160904;2.85294e-05;0.000267185;0.000124534;0.000339996;0.000922045;0.0341275;0.00024958;0.00151551
0.00144813;0.20527;2.09213e-06;0.00104444;1.54048e-05;0.000103811;0.000780694;0.00914957;0.479653;6.53376e-05;0.295829;0.000574615;0.00598449;7.93035e-05
