9.07232e-06;0.972505;0.0241748;9.35163e-05;1.53089e-05;1.53554e-07;5.53169e-06;5.43324e-05;2.57397e-07;1.02634e-06;6.63297e-07;0.00309854;2.31255e-05;1.87597e-05
0.00138075;0.394388;0.000141263;0.000388782;0.00390495;0.000282911;0.000603116;0.506022;0.000815745;1.89333e-05;0.000864902;0.00665826;0.0732824;0.0112482
1.64517e-05;0.163991;2.25478e-06;0.000110831;7.16336e-05;0.00182777;9.80983e-07;0.00721698;7.12816e-06;1.19068e-05;2.27857e-05;0.792359;0.00111968;0.0332419
0.00110278;0.0404014;1.44391e-08;0.000198091;0.00440021;0.0248666;5.85346e-06;0.188436;0.000163741;1.15244e-05;0.00158224;0.0563993;0.668991;0.0134405
6.99483e-05;0.985535;5.19064e-07;3.07532e-07;3.86705e-08;1.00353e-07;0.00102418;0.000299061;7.12294e-07;1.48587e-05;3.22283e-06;3.18054e-06;0.0130449;4.20429e-06
2.74253e-11;7.39948e-11;1;2.47309e-11;2.34191e-12;2.36915e-12;1.34936e-10;1.54135e-11;5.02009e-12;5.3552e-12;1.51285e-11;1.2887e-07;4.52672e-13;1.15453e-13
0.000421947;0.106431;9.63164e-06;0.00236459;0.000699881;0.00140847;0.00448243;0.106208;0.181562;0.000271898;0.250418;0.100439;0.245136;0.000146449
0.000294179;0.216082;8.42126e-07;0.000122398;9.23974e-06;1.57996e-05;0.000173324;0.00265817;0.00258766;3.99854e-06;0.00647434;0.00649847;0.765018;6.13156e-05
0.000117262;0.726851;0.000994229;2.59011e-05;1.44779e-05;9.18529e-06;3.17328e-05;0.00852122;2.62497e-06;8.74126e-06;5.54528e-05;0.106646;0.156492;0.000230013
3.6749e-05;0.00813023;1.70361e-06;0.000109667;2.70106e-05;0.0115632;0.000335163;4.29812e-05;0.000405962;0.000776372;0.000276724;0.0012923;0.971881;0.00512115
4.67246e-05;0.00402436;0.991424;0.000240396;8.63415e-06;0.000213548;0.000588072;2.61236e-06;1.2442e-05;0.00177145;5.42934e-06;0.00146117;5.93509e-05;0.000142185
1.34828e-08;1.48602e-09;1;2.22412e-09;1.18844e-08;1.16353e-09;4.15864e-08;6.42606e-08;7.56047e-08;3.00326e-09;9.11408e-08;6.35178e-08;1.34667e-11;3.89533e-11
0.000135279;0.0164608;2.30061e-06;1.27727e-05;0.00277592;4.13443e-05;1.91489e-05;0.962379;0.00904093;1.28043e-05;0.000745466;0.00347083;0.00469321;0.000210089
1.62081e-06;2.14383e-05;0.999539;3.36247e-07;2.84431e-05;1.58265e-08;2.61156e-06;2.61309e-06;1.74148e-07;8.35217e-07;1.15516e-06;0.00039855;3.26012e-07;3.03831e-06
1.82041e-05;0.998907;1.64999e-07;3.12691e-07;1.43882e-06;4.52137e-09;0.000104313;0.000928373;3.05083e-06;1.45102e-05;1.27314e-06;2.49631e-08;5.48992e-06;1.63647e-05
4.8146e-08;3.39506e-09;0.999995;1.56808e-10;7.23336e-09;4.99463e-13;4.33517e-09;4.80958e-07;8.27818e-08;3.78436e-11;4.92699e-09;4.59536e-06;1.12561e-11;1.62833e-12
5.92241e-05;0.000461581;3.47092e-08;1.92747e-06;0.000469792;5.26046e-06;7.24674e-07;0.991092;0.00444181;9.98024e-08;4.46941e-05;4.00597e-05;0.00333331;4.98514e-05
1.78903e-05;0.950212;1.43163e-06;2.70908e-05;0.000485606;4.02809e-06;4.71464e-07;0.0379742;0.000697649;2.85075e-06;2.10644e-05;0.0100471;0.000302523;0.000205622
6.80711e-06;0.000687913;7.44595e-08;5.27495e-06;0.953434;0.00462547;2.33059e-07;0.00224688;8.61043e-07;6.971e-06;5.54201e-08;0.000560573;0.000569864;0.0378547
0.000904877;0.00186799;6.63316e-08;6.5435e-07;2.09642e-05;6.12241e-07;1.04268e-06;0.795914;0.000423918;9.58319e-08;2.21267e-05;6.98462e-05;0.200774;5.34319e-07
5.46516e-05;0.00182104;1.1652e-06;2.88827e-05;6.72455e-06;6.95321e-06;1.03819e-07;2.90024e-05;0.00166493;1.14482e-06;0.000107019;0.995241;0.00101038;2.6826e-05
1.46766e-05;0.999577;0.000222374;5.14407e-06;2.39463e-06;6.17031e-08;1.95888e-07;0.000103353;2.00003e-07;9.40425e-07;5.24341e-08;5.66604e-05;1.39956e-05;2.8163e-06
6.65486e-05;0.456717;0.000306508;7.82199e-06;1.60624e-05;6.48648e-07;4.08088e-06;0.257764;2.55349e-05;1.36551e-06;3.14834e-05;0.150525;0.134532;1.72675e-06
3.85369e-05;0.383233;1.7539e-05;0.00315558;0.0402782;0.0365541;4.71912e-06;0.0461379;0.00105651;0.00114398;0.00130416;0.0292402;0.434894;0.0229417
0.00301297;0.147188;0.0915161;0.184117;0.00447308;0.0113459;0.0321892;0.00704321;0.00321089;0.183981;0.0265535;0.0495576;0.0131794;0.242632
3.6998e-07;3.52318e-08;0.999633;6.74872e-07;1.14973e-07;6.98371e-09;3.64352e-05;3.00106e-07;1.53556e-06;2.58428e-07;0.000327026;2.0139e-07;8.45287e-09;1.53001e-09
0.000120341;0.0239945;8.36165e-05;0.000698295;7.90029e-05;0.000630022;0.197886;0.00158503;0.0122014;0.000256736;0.353821;0.000519803;0.407889;0.00023461
8.52746e-05;0.391593;8.68141e-05;0.00161671;0.00133771;0.00357195;0.000204939;0.00338575;0.000361161;7.70125e-05;0.0144007;0.000891958;0.572429;0.0099579
0.000128895;0.922015;2.93456e-08;0.000214938;0.000447214;0.000106702;2.90466e-06;0.0323174;7.796e-06;0.000123284;6.06861e-05;0.00705437;0.0109136;0.0266076
0.00056882;0.00384886;1.9324e-07;1.41674e-05;3.67693e-05;5.42987e-07;1.64104e-05;0.759531;0.00131946;2.03088e-06;0.00133674;0.000531578;0.232793;3.7359e-07
2.65418e-05;0.992676;1.20282e-06;4.44665e-05;5.62902e-07;1.09414e-07;1.38759e-05;0.00716962;3.70358e-05;8.89954e-06;1.83521e-06;3.5458e-07;1.53351e-05;3.71053e-06
1.98114e-08;1.89052e-07;0.999986;1.86804e-08;2.51272e-09;3.07261e-11;1.25407e-08;1.77427e-07;1.30713e-08;3.82636e-10;1.11624e-08;1.32815e-05;2.48217e-09;1.50929e-10
2.37584e-06;0.0006945;2.66535e-08;3.65498e-06;6.66386e-05;1.97656e-05;3.49019e-07;8.63627e-05;2.2968e-05;2.62827e-07;1.782e-05;0.000728126;0.00240615;0.995951
1.15597e-05;0.565662;0.000146237;3.57645e-06;0.003279;0.000312282;3.15068e-06;0.351447;1.37992e-05;2.93323e-06;4.5411e-05;0.0470438;0.0119674;0.0200615
5.27714e-06;0.0109219;7.10274e-07;3.49322e-06;3.92733e-05;0.000373067;3.23533e-06;0.000186067;5.81378e-06;3.59771e-06;2.35966e-05;0.00523472;0.983191;8.22407e-06
1.5635e-05;0.00198382;0.992089;4.68169e-05;1.55431e-05;2.51193e-05;2.84174e-05;1.01171e-06;3.65512e-07;7.95164e-05;3.18637e-07;0.0055322;2.61479e-05;0.000156183
3.76746e-07;2.36617e-07;0.999979;1.30278e-07;9.95531e-08;1.08593e-07;1.39809e-05;2.57506e-07;2.77471e-06;1.27645e-07;3.28697e-06;1.33935e-07;6.58186e-09;1.4026e-08
3.54557e-07;0.939878;7.91797e-10;4.21097e-08;9.3515e-09;5.93134e-08;4.78176e-08;4.1226e-06;7.43834e-07;5.09911e-09;1.11227e-06;9.65346e-05;0.0600196;1.42282e-08
1.61173e-05;0.0144806;5.60291e-05;1.50687e-05;0.00331196;0.000148316;1.20319e-08;0.0014395;2.11847e-06;5.04483e-06;1.77273e-06;0.969564;0.00559642;0.00536276
0.00011146;0.591431;1.18959e-05;0.00191281;0.000801626;0.00253188;0.000711515;0.251003;0.00434031;7.75809e-05;0.011546;0.0260039;0.105689;0.00382727
5.96959e-05;0.0751561;3.18375e-07;0.000631852;0.000587741;0.00233215;0.000163951;0.00761829;1.72014e-05;5.36519e-05;0.00126358;0.0529203;0.857487;0.00170852
0.00314557;0.0205043;1.04688e-05;0.174792;0.474807;0.119196;1.37292e-05;0.0519794;0.00676456;0.000528853;0.00829924;0.101725;0.00736138;0.0308716
0.0203684;0.639611;2.42419e-06;5.00128e-05;0.000249161;1.82811e-05;2.90122e-06;0.210266;0.0235131;1.48141e-06;0.00321709;0.00274883;0.0999006;5.08315e-05
3.63954e-05;0.15933;2.04798e-09;1.58623e-06;0.000143308;7.35243e-06;0.000410237;4.88092e-05;1.149e-05;0.000653301;2.00068e-07;9.64109e-08;6.30701e-07;0.839356
3.50572e-09;8.91047e-11;1;1.24004e-10;1.85386e-10;1.16865e-12;1.18591e-09;3.11965e-10;7.23936e-09;1.54322e-11;1.29857e-09;2.16215e-07;8.23516e-13;4.6096e-13
6.68593e-05;0.0183973;3.72599e-09;7.32134e-05;2.11081e-06;9.77688e-07;0.000292699;0.0221728;0.928975;3.68931e-06;0.0280366;0.000429774;0.00154466;4.50033e-06
0.00933876;0.635182;4.11274e-05;0.000240544;9.79229e-05;1.7093e-05;0.00597042;0.034582;0.00515391;1.97735e-05;0.00756272;0.199082;0.102697;1.44185e-05
1.26398e-06;0.000308283;9.6785e-08;3.38715e-07;9.77659e-05;3.38502e-07;6.84838e-08;0.999068;1.57565e-06;1.97018e-07;1.03042e-07;0.000449174;6.5314e-05;7.66461e-06
1.10537e-07;0.000204323;0.999763;1.29593e-06;1.52373e-06;5.56128e-08;1.34386e-09;6.24117e-08;6.01109e-09;1.66976e-07;3.83865e-08;2.62003e-05;3.05526e-07;2.80271e-06
0.00173412;0.054962;0.000474194;0.000209278;0.000367521;0.00393455;0.00177498;0.00965803;0.811457;0.00020496;0.0974639;0.00229694;0.0136722;0.00179046
