2.39173e-06;0.010801;0.000140859;2.0795e-05;2.24857e-05;5.77558e-06;5.3303e-08;1.10618e-06;2.51028e-08;2.44433e-07;1.97475e-06;0.00152197;0.987468;1.35787e-05
5.41304e-07;0.00516857;6.95314e-11;9.36231e-08;1.95803e-06;1.20371e-08;2.30488e-07;0.994257;3.24664e-06;5.32462e-08;7.97193e-06;0.000547378;1.23899e-05;4.13454e-07
1.17984e-06;0.0415745;0.935938;0.000139595;0.00206432;0.000617925;8.17166e-08;2.06119e-05;8.99319e-09;6.2155e-06;8.52252e-07;0.0157788;0.00347157;0.000386103
2.06871e-05;0.0562403;5.062e-06;2.07461e-07;2.79602e-05;0.000458758;0.000105588;0.00118161;1.25978e-06;8.5999e-06;6.83709e-06;3.46783e-07;0.94146;0.000482515
1.07051e-09;3.34775e-09;1;2.31221e-10;4.17898e-09;2.4601e-09;4.05347e-11;4.9733e-09;1.67676e-10;8.53613e-11;9.38021e-11;1.73733e-08;9.25844e-10;1.68383e-11
2.08465e-07;3.77911e-06;0.994759;5.98987e-08;2.89018e-07;6.91159e-08;1.4207e-08;0.000289183;4.27124e-07;2.17909e-08;5.31344e-08;0.00494522;9.89927e-08;1.43651e-06
1.8579e-08;2.81238e-05;3.32644e-05;4.51313e-08;3.19022e-06;5.03405e-05;8.9722e-10;1.12259e-06;2.39531e-10;1.69146e-08;3.27305e-09;8.88892e-06;1.66717e-08;0.999875
4.03542e-05;0.156463;5.26383e-06;1.6172e-05;6.1103e-06;7.43967e-05;2.84986e-06;0.00370364;7.39108e-07;1.80403e-07;2.20127e-05;0.00167175;0.837962;3.11639e-05
8.84405e-07;0.167387;2.64935e-11;9.1319e-06;0.000120355;7.32881e-07;1.37429e-08;0.832334;2.24927e-07;1.11289e-06;6.71022e-08;1.13699e-05;4.14265e-05;9.36474e-05
1.9641e-05;0.0208006;0.0682071;0.00902233;0.00580612;0.00353645;8.79245e-06;4.8752e-05;2.89639e-07;0.000326962;0.000100113;0.00606021;0.88059;0.00547285
0.000130849;0.980603;1.26288e-05;3.09549e-06;0.000286927;4.7697e-06;0.000339908;0.0137641;3.99264e-06;3.62893e-06;1.42762e-05;0.00380883;0.000396296;0.000627655
0.000129528;0.00118865;0.618239;0.000174191;0.29724;0.000679519;5.70455e-07;0.00528602;3.16033e-06;9.3613e-07;1.81821e-05;0.00617106;8.73974e-05;0.070782
0.000148105;0.974964;4.54197e-06;1.18677e-05;1.28284e-05;2.87412e-06;0.00298248;0.000690258;0.00481667;4.43883e-07;0.00513976;4.6746e-05;0.0103974;0.00078156
6.5946e-05;0.883481;1.97052e-08;7.98652e-05;0.000203867;0.000242185;1.92935e-07;0.0674768;2.78605e-05;9.86473e-06;4.77398e-06;0.000398896;0.00236145;0.0456469
2.69856e-06;0.000600173;2.30768e-11;9.2297e-08;3.74128e-06;1.10496e-06;3.625e-08;0.00168859;7.63351e-07;2.56995e-08;1.80763e-06;7.40808e-05;0.997626;1.08608e-06
1.94827e-06;0.000132215;3.01886e-06;2.26319e-06;9.13154e-06;1.64046e-07;1.44704e-08;1.36161e-05;1.31373e-05;7.57639e-08;5.21909e-06;0.999761;5.4602e-05;3.22733e-06
0.000132599;0.990154;6.00648e-05;0.000546609;0.00026467;1.1831e-05;8.90663e-05;0.00775584;6.25826e-05;3.15795e-05;3.14725e-05;0.000759832;8.78442e-05;1.23469e-05
2.5281e-05;0.9396;7.71699e-05;4.42061e-05;5.10188e-06;4.7704e-05;1.45263e-06;0.000243945;4.4374e-07;8.17479e-06;3.4113e-06;0.000861754;0.0589707;0.000110214
6.87006e-06;0.0304469;4.35479e-07;4.9232e-07;2.8902e-06;2.68463e-07;1.1407e-07;0.00530615;7.30462e-07;2.29744e-08;5.14699e-05;0.963877;0.000253087;5.33333e-05
9.15442e-05;0.0314945;1.61002e-08;5.16082e-05;0.00734301;6.70703e-06;0.000442023;0.956361;0.00187453;5.14979e-05;0.00146701;0.000546304;0.000180918;8.93421e-05
0.00121268;0.0337091;0.859529;0.00063107;0.00518561;0.00426668;2.46975e-05;0.00327144;6.4011e-05;6.02158e-05;0.000296703;0.0794016;0.00929965;0.00304715
0.0001162;0.12911;4.63804e-10;8.91183e-06;0.000104607;7.07758e-05;1.01765e-05;0.00047422;6.89271e-05;1.28288e-06;0.00266928;0.00309867;0.864181;8.65344e-05
1.93317e-05;0.000974807;2.51943e-06;3.6712e-07;1.43096e-05;2.91406e-06;1.09315e-08;0.000101958;2.1953e-06;3.93987e-08;1.45826e-06;0.987635;0.0112448;1.40113e-07
0.000193056;0.788977;4.02426e-05;1.16236e-05;0.000446234;0.00070448;0.000105538;0.184266;2.51614e-05;1.73359e-05;4.68196e-05;0.00335982;0.0200475;0.00175979
5.64826e-05;0.120242;8.65529e-05;0.000937389;0.00164351;0.0159664;2.14185e-05;0.0060034;3.16957e-05;2.56787e-05;0.00037653;0.525214;0.291235;0.0381596
2.4097e-05;0.923464;6.27709e-06;0.000134079;0.000342105;0.000686173;9.64696e-05;0.038438;5.32292e-05;9.22655e-05;8.18004e-05;1.75261e-05;0.00317607;0.0333881
9.79184e-09;1.60464e-09;0.999999;1.0729e-08;8.35277e-09;2.17176e-09;4.22915e-10;5.8872e-07;8.9884e-09;2.08656e-10;6.43906e-09;1.14382e-07;3.46466e-09;1.01376e-10
1.03493e-05;0.00739071;0.000224647;1.39233e-05;6.93854e-05;1.38422e-06;3.75572e-06;0.00724211;0.000166612;4.18143e-06;1.80846e-06;0.000400962;0.00041195;0.984058
3.96923e-07;8.30472e-05;6.5576e-11;1.28766e-08;0.000111654;1.5736e-07;1.78012e-08;0.999755;4.71604e-05;1.07367e-08;2.65686e-08;2.14316e-07;1.89142e-06;3.89574e-07
7.50534e-08;1.34611e-06;0.999591;2.84301e-07;0.000251319;3.50199e-07;5.80533e-11;2.70683e-07;3.13042e-10;2.58817e-09;6.17506e-09;0.000152358;4.08952e-08;3.11054e-06
7.75845e-07;0.999106;1.30033e-08;3.76669e-07;2.20926e-06;2.69575e-07;2.50259e-06;0.000488375;1.00735e-05;5.2613e-09;7.42632e-06;3.25728e-06;0.000355097;2.32296e-05
4.34464e-07;0.0011844;1.88013e-09;1.24922e-08;6.40014e-06;2.6181e-07;1.89252e-09;0.998003;1.86923e-08;1.65085e-08;5.38281e-09;4.53539e-08;0.000758969;4.67869e-05
2.91184e-09;0.000110482;8.09803e-07;1.309e-07;4.44515e-07;1.29838e-07;4.73297e-10;3.5439e-06;1.54063e-08;3.49277e-09;2.38449e-07;0.999833;9.58686e-07;5.06218e-05
8.11348e-07;0.977265;1.25087e-07;3.33814e-06;4.1749e-05;1.94872e-07;5.41828e-07;0.0221933;9.11457e-07;1.8352e-06;1.17987e-06;3.89814e-05;0.000324636;0.000127291
7.60276e-07;0.000809799;2.76719e-06;2.74946e-08;3.48576e-05;1.04684e-07;5.49004e-09;6.85573e-06;2.10293e-07;4.88635e-09;3.70383e-07;0.999106;2.98409e-05;8.23416e-06
8.98382e-05;0.00575863;8.04945e-10;1.2152e-06;0.000116632;2.82831e-05;4.11135e-07;0.982961;0.000230055;6.24266e-07;1.17173e-06;2.14852e-05;0.0107479;4.23307e-05
1.34167e-05;0.0481224;2.43852e-10;1.98435e-06;9.72756e-07;1.55499e-06;8.81951e-08;0.00267421;3.10452e-05;2.39609e-07;1.81158e-06;0.000100834;0.949051;5.96613e-07
1.71787e-05;0.00463799;2.60703e-08;1.29629e-05;4.61579e-06;3.91393e-07;5.12548e-08;1.81211e-05;4.56902e-05;7.00321e-07;4.92893e-06;0.995146;7.59854e-05;3.55993e-05
0.00013748;0.994373;1.3687e-05;0.000758483;0.00112531;1.59824e-06;0.000272294;0.00292786;2.27718e-05;0.000100029;2.60361e-05;7.24323e-05;4.07168e-05;0.000128437
6.47541e-05;0.628955;0.000180852;0.000639749;5.78333e-05;3.55096e-06;6.43144e-06;3.24692e-05;8.71703e-05;8.41666e-06;0.000123595;0.0112073;0.358524;0.000108943
0.000183584;0.16;2.78633e-08;6.55829e-05;0.00316358;0.000953227;7.67927e-05;0.0248748;0.00169414;4.8588e-06;0.00332951;0.00209353;0.793129;0.0104319
1.63271e-05;0.321584;0.663493;3.50888e-05;0.00181876;0.000345867;1.26815e-07;0.00729003;5.75356e-08;1.38589e-06;4.20308e-07;0.000267517;0.00222925;0.0029181
4.50662e-05;0.0492936;4.46425e-06;8.5876e-05;0.0110427;0.0725835;2.32001e-06;0.000389067;0.000385625;7.84698e-06;0.00067474;0.00220146;0.00608173;0.857202
3.73644e-05;0.98731;3.12607e-06;2.50567e-06;3.06135e-07;1.7214e-07;1.28403e-06;9.93071e-05;3.02269e-06;4.45434e-08;0.000130317;0.0111641;0.00124719;7.78682e-07
1.13364e-05;0.981683;2.47401e-09;6.86939e-06;0.00544603;1.28799e-07;4.63993e-07;0.0113813;2.96232e-06;2.47072e-06;2.72873e-06;0.00117907;1.50288e-06;0.000282077
1.64106e-05;0.0029287;0.027107;7.01045e-06;0.000374852;0.000415513;7.82785e-09;0.000193852;1.49012e-07;1.07227e-06;4.86467e-07;0.958939;0.000652167;0.00936384
8.74095e-06;0.00269954;8.81761e-11;1.71697e-06;2.16818e-05;2.17755e-05;1.10337e-06;0.0005987;2.49336e-05;9.26296e-08;0.00049138;8.64681e-05;0.996035;8.90831e-06
2.78285e-05;0.000593748;7.84245e-07;8.44701e-06;6.58726e-06;9.44576e-07;5.07864e-08;0.000195878;4.88654e-05;4.34733e-07;3.42276e-05;0.997471;0.00161105;6.90629e-07
6.21001e-06;0.998875;0.000354308;4.97633e-06;3.62003e-06;2.03334e-06;2.98873e-05;0.000584747;9.38839e-08;5.31289e-05;2.62754e-08;5.72549e-07;2.30285e-05;6.22807e-05
5.16766e-10;1.89975e-08;1;2.79998e-09;8.19172e-10;1.23003e-10;6.1469e-10;3.4312e-09;2.13112e-10;1.88382e-10;1.51813e-09;1.32775e-07;1.04622e-09;3.26594e-10
1.57181e-08;2.57678e-07;0.999602;2.82756e-07;2.14878e-06;3.37933e-08;3.40739e-09;4.14043e-05;1.51005e-08;3.06463e-09;1.09463e-07;0.00032171;2.14194e-08;3.23583e-05
1.25111e-09;3.35589e-05;1.72115e-07;5.58413e-09;2.09989e-06;2.05107e-05;4.73969e-12;8.52875e-07;4.8302e-12;4.5148e-10;3.91762e-10;1.56387e-05;4.57174e-08;0.999927
2.18463e-07;0.0144605;1.92321e-09;6.41057e-07;5.93884e-07;3.39208e-06;7.61394e-09;0.000303872;2.16328e-08;3.6557e-09;1.78185e-06;7.41702e-06;0.985221;3.21227e-07
8.13506e-08;0.99968;4.08584e-10;6.91346e-07;1.55063e-09;4.28079e-09;1.84153e-08;3.57655e-05;9.79199e-09;1.36484e-09;2.14201e-07;0.000150314;0.000132525;1.53032e-07
1.04188e-07;0.0171312;6.29329e-09;2.0245e-05;0.000579014;3.74807e-07;1.19265e-08;0.981935;1.17546e-08;3.167e-07;8.17442e-08;7.03367e-05;7.04155e-06;0.000256559
1.22217e-06;0.000842849;0.925188;0.00821993;3.06142e-06;0.000155958;2.80206e-06;7.81293e-08;2.41304e-07;1.37486e-05;0.000304837;0.062418;6.76859e-05;0.00278165
6.44625e-05;0.00133046;1.61198e-09;5.75662e-05;1.40454e-08;2.90088e-07;4.67413e-05;9.32122e-06;0.00295237;5.88408e-07;0.994954;5.62777e-05;0.000527108;3.56934e-07
0.000755532;0.951754;6.04701e-06;0.000118965;5.99206e-06;3.4038e-07;2.65272e-05;0.0337591;2.63613e-05;8.22489e-06;0.000428334;0.00718352;0.00515082;0.000776199
5.97931e-07;1.80506e-05;6.74888e-12;5.87972e-07;0.0001838;3.68604e-07;2.34687e-07;0.999692;4.84458e-07;7.5782e-06;1.04329e-06;2.82953e-07;1.47005e-05;8.06645e-05
3.94696e-08;1.88814e-06;0.999992;4.04489e-06;1.7114e-08;2.29276e-07;5.31933e-08;6.50183e-09;4.15075e-08;3.76527e-07;1.07421e-06;2.80984e-08;8.76554e-10;3.28085e-08
0.00052737;0.000275619;0.000119368;7.68508e-05;1.86666e-06;3.1471e-05;0.000749709;0.000274859;0.0673147;5.03969e-05;0.929879;2.7399e-05;0.000668763;2.46597e-06
