9.46081e-06;0.998896;0.000227347;2.93687e-05;5.18667e-06;4.98813e-07;5.83345e-05;0.000723655;4.78698e-07;1.38063e-05;4.18359e-07;2.28583e-05;9.82178e-06;3.29017e-06
1.04214e-07;1.03466e-06;0.999995;5.98176e-08;1.27583e-08;4.88534e-10;5.04835e-07;1.47753e-07;3.73182e-08;1.69695e-08;2.89845e-07;2.49432e-06;3.66483e-09;3.40438e-10
1.75081e-06;0.000210622;1.40478e-06;2.61154e-06;2.48762e-06;9.54535e-08;2.82039e-06;0.000255477;7.87119e-05;4.75091e-08;0.000101982;0.999317;4.60557e-06;2.07503e-05
2.42572e-05;0.988479;5.05357e-08;3.09827e-05;5.16423e-06;3.46923e-06;0.000435173;0.000794803;0.0006222;2.286e-06;0.00114444;0.00015819;0.00828606;1.42736e-05
1.75645e-05;0.242244;3.73165e-05;6.0731e-06;4.90152e-06;6.19181e-08;2.16277e-06;0.00413117;6.05319e-06;3.74952e-07;4.91965e-06;0.752704;9.51402e-05;0.000746219
4.72396e-05;0.580659;8.19997e-06;1.94719e-06;0.000180315;3.08669e-06;8.34719e-06;0.0603944;9.25325e-07;2.66254e-06;2.81972e-06;0.342149;0.0010801;0.0154619
8.47941e-06;0.0275147;0.000114133;3.75844e-06;7.54279e-07;0.00155008;5.74041e-05;0.000528715;1.22556e-05;2.20352e-05;1.69496e-05;0.00398254;0.966163;2.47499e-05
4.83145e-05;0.0237088;0.828857;0.00162008;6.73751e-05;0.00333473;0.00438345;2.30631e-06;3.70066e-06;0.0154062;1.9029e-05;0.118933;0.000270366;0.00334634
2.90102e-07;5.80519e-08;0.999959;5.55188e-07;2.4396e-07;1.94493e-07;2.09417e-05;7.23428e-08;8.20784e-07;3.27285e-07;1.7551e-05;6.93084e-08;1.0097e-09;1.31245e-08
1.73913e-05;0.999249;2.98735e-05;2.81609e-06;5.85413e-07;2.69448e-08;3.37351e-06;0.00042702;1.26978e-06;1.96176e-07;3.11016e-05;4.39552e-05;0.000192754;9.5694e-07
4.84857e-08;0.999443;1.40337e-10;2.57127e-08;6.53887e-09;8.26812e-09;3.30119e-05;1.38137e-05;1.31362e-08;5.94356e-06;4.45443e-08;6.29941e-09;0.000347154;0.000156962
4.97376e-11;9.96454e-08;1;1.41626e-09;5.1112e-10;7.33548e-10;1.93176e-09;2.82396e-09;1.14537e-11;1.68412e-09;6.80852e-10;4.18885e-07;2.35713e-12;2.02404e-10
4.54961e-05;0.00543047;3.3912e-07;9.52917e-05;0.00978492;0.00133176;0.000130358;0.975362;0.000220709;6.19388e-06;0.00444137;0.000438443;0.000347067;0.00236511
0.000478842;0.163717;3.24197e-06;9.0218e-05;0.000112866;0.000139539;0.00114736;0.00159257;0.000235063;1.20737e-05;0.00478684;0.00451551;0.822977;0.000191531
0.00376545;0.136418;5.39143e-06;0.0274657;0.117047;0.0242222;4.26396e-05;0.348821;0.0156041;0.000247984;0.00457804;0.220034;0.0988723;0.0028757
0.00171194;0.551451;8.02453e-07;4.50858e-06;5.81568e-05;8.53879e-06;3.0784e-07;0.335154;0.00279492;4.98522e-07;0.000179158;0.00375897;0.104838;3.91735e-05
2.17921e-05;0.104209;6.81939e-09;1.51904e-06;0.000362148;9.65667e-06;0.000800464;2.2071e-05;4.12531e-06;0.000751118;7.21002e-08;2.49043e-07;1.97378e-07;0.893818
1.43665e-08;7.91037e-10;0.999999;2.5994e-10;4.84163e-10;1.60361e-12;1.12383e-08;1.53172e-09;3.12692e-08;2.42451e-11;1.74233e-09;7.7829e-07;6.00866e-12;9.1567e-13
5.16847e-05;0.0188334;1.26177e-09;3.87342e-05;1.99863e-06;5.8001e-07;0.000230008;0.0610718;0.91201;1.95329e-06;0.00675683;0.000305711;0.000692331;4.72618e-06
0.0117288;0.596877;3.21703e-05;0.000352497;0.000328111;4.01838e-05;0.00372981;0.057386;0.00362868;3.23005e-05;0.00233719;0.259459;0.0640199;4.80995e-05
1.21449e-06;0.000372639;7.45806e-08;2.54742e-07;7.63115e-05;1.77574e-07;3.20649e-08;0.998869;7.08093e-07;1.16665e-07;3.04788e-08;0.000638354;3.29585e-05;7.97155e-06
7.73571e-08;0.000147855;0.999835;8.40886e-07;8.31886e-07;2.84353e-08;9.2019e-10;3.79515e-08;4.62993e-09;9.50129e-08;2.36883e-08;1.31309e-05;2.46315e-07;1.70661e-06
0.00123088;0.0460054;0.000235393;0.000148392;0.000238225;0.00258559;0.00148055;0.00763708;0.844602;0.000154024;0.0817337;0.00167347;0.0107287;0.00154663
