1.07012e-05;0.999162;5.09199e-06;1.18341e-05;1.66866e-06;9.64179e-08;1.13334e-07;0.000426584;1.39724e-07;1.68095e-07;3.50262e-07;0.000241809;0.000138356;1.1052e-06
1.54508e-05;0.994829;6.41292e-09;1.07662e-06;3.65414e-06;6.21328e-07;0.00287841;0.000656547;4.41595e-06;0.000420094;2.51318e-06;3.61245e-07;0.00053575;0.000651642
3.79598e-09;4.69555e-08;0.999988;2.18065e-09;2.63639e-08;6.78734e-09;2.14887e-08;5.16851e-09;4.61961e-09;9.21255e-09;8.19491e-09;1.16193e-05;5.51699e-12;8.06985e-10
2.15839e-05;0.991163;2.03313e-06;9.24077e-06;7.5369e-06;2.81767e-06;9.90426e-06;0.00160529;0.000238501;1.86096e-07;7.46611e-05;0.00376681;0.00309339;4.97065e-06
5.69513e-05;0.99434;5.18007e-06;7.33506e-06;1.06344e-05;9.94283e-06;2.62753e-05;0.00260704;8.89891e-06;5.45077e-06;2.44214e-05;0.000896993;0.0016779;0.000322939
2.64507e-05;0.459353;0.000205013;2.04606e-06;3.29077e-07;2.79971e-06;1.95385e-06;5.83454e-05;1.03761e-06;3.94654e-07;8.10536e-07;0.538974;0.00132094;5.22388e-05
3.20397e-06;0.934857;2.74054e-06;5.64017e-06;9.65022e-06;0.000116873;1.52929e-05;0.0426121;1.9825e-05;7.25826e-06;2.48409e-06;1.93542e-06;0.00816131;0.0141844
7.16996e-10;8.32999e-10;1;8.60069e-10;7.72521e-11;7.08192e-10;6.52878e-11;1.62398e-09;1.5029e-10;5.61402e-11;5.96857e-10;4.19955e-07;1.10085e-10;9.27847e-12
9.65498e-05;0.416799;0.000905639;0.000152239;6.76206e-05;6.6815e-05;1.61312e-06;0.410025;0.00185198;6.18319e-06;0.000339674;0.168182;0.00142333;8.17345e-05
2.02533e-05;0.918657;2.29527e-05;4.57123e-06;8.91508e-05;3.4473e-05;2.29748e-07;0.0149997;1.34955e-05;1.06985e-06;3.74277e-05;0.0483261;0.0175952;0.000198571
0.00072636;0.44241;1.29811e-06;6.10387e-05;0.052105;0.00044453;1.95039e-06;0.0325567;2.8176e-05;4.48251e-06;0.000325163;0.278496;0.145006;0.0478334
0.010547;0.344396;4.88841e-06;0.00420248;0.004681;0.000672874;0.000531368;0.103389;0.244216;0.000135344;0.125604;0.0466946;0.111963;0.00296229
1.5146e-05;0.00416728;4.92824e-09;3.93477e-09;3.61676e-06;8.24412e-08;1.04222e-09;0.995242;5.99241e-08;5.93477e-09;3.74681e-09;1.53766e-07;0.000568483;2.74426e-06
4.09217e-08;5.34706e-05;1.45252e-06;5.95862e-07;8.03505e-06;1.63024e-06;3.91039e-10;2.19958e-05;8.12217e-08;2.75116e-08;6.91006e-08;0.99946;3.9823e-06;0.000448401
7.67636e-06;0.987546;1.06628e-06;3.18886e-05;4.53265e-05;7.29984e-06;3.01695e-06;0.00349751;6.64152e-06;1.40482e-05;1.23211e-05;0.000112016;0.00849527;0.000220195
4.35523e-06;0.00174159;1.00281e-06;1.40452e-07;2.55855e-05;1.1172e-07;4.73837e-08;4.71599e-05;2.77101e-06;5.47725e-08;6.43098e-07;0.998128;2.96152e-05;1.86526e-05
4.13051e-05;0.00104311;3.96496e-11;1.48861e-06;0.000174165;1.14846e-05;5.24538e-08;0.988655;0.000634536;3.48336e-07;4.27296e-06;2.66913e-05;0.00940714;6.3477e-07
3.55766e-05;0.992322;8.94293e-08;5.13391e-07;2.75328e-06;3.26611e-06;0.000103284;0.00461027;2.75614e-06;6.50181e-05;1.26254e-07;1.60918e-07;0.00284932;5.27754e-06
9.78942e-08;7.27665e-08;0.999996;5.47854e-08;7.98263e-08;1.28384e-07;3.80728e-08;6.78898e-08;2.00523e-08;1.31285e-08;2.17748e-09;3.30397e-06;4.44374e-09;9.37715e-10
4.54233e-05;0.0114167;0.000354315;0.000786569;9.29575e-05;8.46891e-05;2.82443e-05;0.00167161;0.0024227;1.20117e-05;0.000249885;0.980466;0.000444623;0.00192419
0.000270373;0.799274;5.32838e-06;6.62252e-05;0.000130053;0.000483381;2.02621e-05;0.0239539;0.000296221;1.99333e-06;0.000350771;0.00139585;0.171144;0.00260686
7.14971e-05;0.221876;5.6288e-05;0.000233531;0.00271394;0.000824632;1.31054e-07;0.014619;8.66278e-07;6.50028e-06;4.75537e-06;0.745268;0.00574483;0.00858024
7.69557e-05;0.439751;2.59634e-07;8.75649e-05;8.38071e-05;0.00311653;1.07185e-05;0.0118406;0.00106186;6.40664e-06;0.000675151;0.00374527;0.538925;0.000618854
7.25467e-07;0.996468;5.00155e-09;1.85682e-06;2.79346e-08;2.65557e-06;7.52467e-07;7.8224e-05;6.97774e-07;1.71656e-07;8.97874e-07;0.000367641;0.00307762;3.02819e-07
1.52111e-05;0.983049;8.63559e-08;0.000521254;0.00019487;5.25376e-05;2.38079e-06;0.011918;2.92769e-05;4.41471e-05;1.79234e-05;0.0023676;0.00049439;0.00129342
0.000176528;0.00560389;1.20772e-07;1.27542e-06;1.41957e-06;1.09793e-07;2.10641e-05;0.993558;0.000190264;6.48592e-07;6.56659e-05;6.79025e-06;0.000373588;1.20156e-06
0.000104254;0.0161662;2.22032e-05;0.000392327;0.0330163;0.000416611;1.1038e-06;0.0183858;5.73842e-05;3.51019e-06;0.000450275;0.158402;0.0044622;0.768119
2.2626e-05;0.968979;0.000121743;9.85584e-06;7.00166e-06;2.58859e-07;6.592e-08;0.00519377;1.64614e-05;5.01611e-07;3.12724e-05;0.0109408;0.0110343;0.00364251
2.92714e-05;0.324595;9.18766e-07;0.000273123;0.0076016;0.000126448;1.13413e-05;0.047192;0.000715999;4.4891e-05;0.000756929;0.351597;0.0124549;0.2546
1.55939e-05;0.91761;9.01617e-06;6.07144e-06;2.9506e-05;1.22365e-05;1.26888e-06;0.0120212;1.90533e-07;1.35251e-06;4.37016e-07;0.0301869;0.00028782;0.0398186
0.00126852;0.0281051;4.2486e-06;0.00013701;0.0215997;0.00133241;7.33611e-06;0.579758;0.000272942;4.56677e-06;0.00451189;0.00248716;0.31174;0.0487711
2.13405e-05;0.0251348;8.30024e-06;6.90968e-07;2.90578e-06;2.42367e-05;0.000126232;0.00472824;2.18143e-06;6.77055e-05;3.40178e-06;4.62923e-07;0.969815;6.44493e-05
2.9602e-11;1.63756e-11;1;8.01829e-11;1.32129e-10;6.44227e-11;2.04697e-11;3.38624e-11;6.50647e-12;3.34747e-12;1.26132e-10;1.13547e-07;8.33272e-12;4.2868e-13
1.1436e-05;0.199356;0.0109095;0.000371146;8.71031e-05;1.05555e-05;9.11802e-06;0.00392526;0.000239214;1.02607e-05;0.00199881;0.77559;0.000530945;0.00695023
4.88527e-08;0.999826;1.43344e-10;6.56216e-08;1.31809e-08;2.14375e-07;5.79968e-07;5.11641e-05;1.4187e-08;3.98206e-07;3.24641e-07;4.37421e-10;6.93799e-05;5.17363e-05
3.94133e-09;2.81069e-05;0.993113;7.32094e-08;1.56588e-08;1.17686e-08;2.17773e-09;1.75278e-08;7.58514e-12;1.10118e-09;1.18904e-09;0.00685904;1.56097e-09;1.79773e-08
1.17709e-05;0.00806584;0.000727761;2.68129e-05;0.00524768;0.00196281;2.06849e-07;0.961122;2.25953e-07;5.93494e-07;7.1488e-07;0.000350727;0.0154129;0.00706975
8.18991e-09;2.11394e-07;1.59873e-09;4.28855e-09;1.26275e-08;0.000153128;4.41655e-08;6.79455e-07;1.84957e-09;1.82798e-08;2.45591e-08;2.34912e-09;0.999846;2.77752e-08
1.02019e-07;8.4077e-07;0.999998;1.37163e-07;1.83339e-07;1.56431e-07;1.09979e-09;4.47456e-08;4.17913e-11;1.2669e-08;4.23823e-10;4.7952e-07;1.17403e-08;1.74586e-07
5.47839e-07;0.997777;7.55085e-07;1.3099e-06;5.58058e-06;2.94203e-06;5.8789e-07;0.00142286;3.15023e-06;8.66024e-08;4.13771e-06;3.54343e-06;0.000759507;1.83595e-05
