1.24319e-05;0.999019;0.000106201;2.70785e-05;6.75284e-06;2.80713e-07;4.09722e-06;0.000597984;2.70368e-07;2.10532e-06;4.21265e-07;0.000163955;3.67687e-05;2.26421e-05
3.62153e-06;0.000129476;1.56165e-11;3.10216e-08;5.98839e-07;8.80596e-09;9.3543e-07;0.999764;7.7219e-05;9.70892e-08;1.86226e-06;5.02863e-09;2.19267e-05;6.40197e-07
5.61018e-06;0.000385996;5.75041e-06;3.19658e-06;2.7476e-06;3.74194e-08;3.15174e-06;1.22231e-05;5.70066e-05;1.39149e-07;1.94042e-06;0.999495;5.54353e-07;2.66498e-05
7.40699e-06;0.249588;6.58633e-09;6.84681e-07;4.38442e-07;9.11371e-07;5.75427e-07;0.000325743;3.57519e-06;1.05983e-08;6.54419e-07;3.11524e-05;0.750018;2.24715e-05
2.61259e-05;0.359688;0.000135389;6.31918e-05;2.19544e-05;0.000991153;3.59142e-07;0.0166885;7.4652e-07;6.27089e-06;5.81779e-07;0.59327;0.00176592;0.0273419
6.56079e-07;0.99277;1.3399e-08;4.95785e-06;2.34946e-08;8.45496e-06;0.000271607;0.000671682;3.05517e-06;2.11652e-05;3.27157e-06;2.60224e-07;0.000915792;0.00532908
9.02526e-10;1.00778e-08;0.999999;1.14413e-08;3.16746e-11;5.67214e-09;9.24035e-07;2.86565e-09;8.24543e-09;8.79179e-08;1.14773e-07;1.72038e-09;1.87292e-12;2.41036e-11
8.29024e-08;3.08394e-06;0.999992;1.34508e-08;9.2202e-10;6.83523e-09;4.66734e-08;3.78129e-06;5.23655e-08;4.89944e-09;5.17684e-07;2.977e-07;5.49851e-07;3.90558e-11
1.64594e-07;8.92489e-05;5.2489e-06;3.48125e-07;1.6812e-07;1.40403e-06;3.37839e-08;2.73464e-07;4.01811e-07;2.31518e-08;9.34038e-06;0.996779;7.8006e-05;0.00303662
4.20598e-07;0.0318203;1.28796e-07;9.14902e-07;3.84437e-05;8.16459e-06;3.18502e-07;0.0127121;1.44115e-08;5.30294e-07;5.72218e-07;1.034e-05;0.954534;0.000873672
6.14212e-08;0.000404406;2.89108e-09;5.17095e-06;3.95859e-07;0.00134927;1.65151e-07;2.88717e-05;2.46223e-07;3.12472e-06;7.78809e-06;0.00016214;0.997855;0.000183508
1.54199e-06;0.000406433;0.998409;4.82699e-05;1.08108e-06;5.35978e-05;0.000131377;4.43753e-06;9.11411e-08;0.000128888;3.4852e-06;0.000782946;1.14477e-05;1.72188e-05
2.29097e-08;1.89168e-09;0.999999;1.73854e-08;3.80011e-09;8.67229e-09;7.10519e-07;8.39466e-09;1.43309e-08;2.03516e-09;6.10487e-07;1.08204e-07;7.21088e-10;1.05618e-09
2.50148e-06;0.919714;1.19023e-08;2.04423e-07;6.61142e-08;1.50229e-07;3.25812e-06;0.000120835;4.43091e-07;2.35897e-07;4.37472e-06;3.46403e-05;0.0799731;0.000146008
4.18215e-05;0.0108087;4.6572e-06;8.09996e-06;0.00100375;2.86905e-05;1.09525e-05;0.956776;5.08573e-05;1.09009e-06;8.02376e-06;0.00470337;0.000851967;0.0257015
9.53504e-06;0.0487862;2.77798e-07;1.99586e-06;2.63624e-06;5.17349e-06;2.56648e-06;0.805929;1.05325e-06;3.50003e-06;5.52568e-06;2.0144e-06;0.145235;1.60939e-05
1.51479e-09;1.34181e-09;1;7.88309e-09;1.16627e-09;1.10941e-09;1.99191e-09;2.70998e-09;5.20548e-10;2.63371e-10;5.15761e-09;1.42721e-07;7.00226e-10;1.48121e-11
1.4594e-05;0.0200993;0.00017347;0.000247111;1.03269e-05;1.10679e-05;1.55085e-06;0.0184658;0.00115431;1.3133e-06;0.000654685;0.957541;0.00141422;0.000211424
2.63085e-05;0.913975;7.33212e-07;2.04768e-05;3.40096e-05;5.54495e-05;7.34197e-07;0.0272241;2.08967e-05;3.49969e-06;1.70898e-05;0.00026684;0.0576049;0.000749851
1.16621e-06;0.0488056;1.71572e-09;3.78567e-06;0.0144716;2.10966e-07;6.26718e-09;0.0229642;2.37568e-07;1.04906e-07;9.95156e-07;0.912932;3.37579e-05;0.000785954
5.57431e-08;0.954774;7.03957e-05;2.48508e-06;1.45069e-05;1.31352e-07;2.2322e-06;8.51767e-07;5.83652e-10;6.83882e-06;3.05927e-09;2.50352e-08;1.46612e-07;0.0451283
0.000199865;0.420305;6.00416e-06;6.79743e-05;2.62693e-06;9.0222e-06;0.0754631;0.444281;0.0324982;1.35881e-06;0.0105365;9.72651e-05;0.0165303;1.2272e-06
4.88735e-08;0.998524;7.04583e-11;7.07115e-08;5.59129e-08;1.5709e-07;8.10599e-10;0.00073021;4.82565e-09;3.80606e-09;2.60894e-10;1.38122e-05;0.000730777;5.66042e-07
1.91668e-06;0.0285726;2.34684e-07;3.24113e-07;2.3159e-05;6.28779e-07;2.22172e-07;0.00586802;5.06236e-10;8.24924e-07;1.7522e-08;0.0010193;0.964458;5.4761e-05
3.50076e-05;0.000265795;1.12629e-05;0.000601717;0.00945804;0.677313;5.07325e-05;0.000142286;5.30374e-06;0.000768155;6.21356e-05;0.000434556;0.191246;0.119606
2.91701e-05;0.000198915;0.99353;3.52125e-05;1.26102e-06;8.56725e-06;0.000328555;6.05681e-08;4.93539e-07;0.000301468;2.11289e-06;0.00553589;3.69678e-06;2.42321e-05
2.95354e-08;8.95877e-10;0.999998;1.25878e-08;1.01934e-09;1.62422e-09;1.37741e-06;9.28415e-10;1.92647e-07;4.55426e-09;3.32869e-07;2.8113e-07;1.70123e-11;3.09418e-10
1.80869e-05;0.00827945;6.05478e-08;2.47013e-08;5.42048e-06;5.31204e-07;7.00942e-08;0.989465;1.80893e-06;8.6239e-08;4.42914e-07;2.79714e-05;0.00218832;1.30773e-05
3.39597e-06;0.0065875;0.000742821;1.17551e-05;0.001626;0.00247909;1.37892e-07;0.00257753;4.3893e-06;2.89176e-06;2.04377e-05;0.865374;0.00107957;0.119491
3.71433e-07;0.997511;3.11699e-08;1.28109e-07;2.79775e-08;3.21105e-08;0.000297619;9.02033e-06;9.94341e-08;1.56341e-05;5.08694e-07;4.44698e-08;0.00215191;1.37697e-05
5.61936e-10;1.65138e-08;1;2.91838e-10;1.59686e-09;2.58898e-10;1.65377e-09;3.16198e-09;7.65467e-11;5.31394e-10;4.3173e-11;2.99508e-07;4.06398e-11;4.8944e-11
7.94698e-05;0.532831;1.71509e-06;4.05958e-05;1.15624e-05;3.09534e-07;0.00164114;0.437211;0.0223348;2.32624e-05;0.00229956;0.00133955;0.00218567;2.36461e-07
0.000167819;0.0391314;0.085121;0.0150089;0.00317669;0.0123741;0.000424777;0.00021291;0.000127671;0.0010651;0.00191287;0.830205;0.00898237;0.00208895
0.000334698;0.428204;5.0282e-06;6.60894e-05;1.84368e-06;7.04615e-05;0.00196886;0.000334755;0.000520763;6.92225e-06;0.0022278;0.0501574;0.516029;7.17931e-05
0.000491571;0.402135;1.06259e-06;2.97654e-05;0.0742152;6.07292e-05;2.47173e-05;0.484935;0.000144985;5.28641e-06;9.76159e-05;2.5314e-06;0.0293693;0.00848716
1.31605e-06;0.000126309;7.62668e-09;7.04974e-07;1.20036e-06;2.85065e-08;2.85119e-08;7.08778e-05;3.56673e-05;1.93968e-08;1.33571e-06;0.999738;2.33175e-05;9.17085e-07
0.000677089;0.360157;2.80712e-05;0.000220623;2.28217e-05;0.00011285;0.000563939;0.00374605;0.00341448;9.67847e-06;0.00268378;0.0562645;0.572053;4.52337e-05
0.000297736;0.0738744;0.000130004;2.79009e-05;1.07873e-05;6.08512e-05;4.95035e-06;0.00925807;0.000207012;5.905e-06;9.11916e-05;0.865526;0.0495562;0.000949246
0.000176517;0.529267;1.04666e-06;0.0015717;0.000482183;0.00251857;8.85934e-05;0.0582646;0.00439202;0.00034213;0.00276358;0.213136;0.186198;0.000798375
0.00014934;0.759051;0.000127358;6.5507e-05;1.89855e-05;2.13166e-05;9.33469e-05;0.0205228;1.99042e-06;3.66037e-05;0.000132449;0.115933;0.103722;0.000123887
2.16066e-06;0.014544;2.88083e-09;1.32222e-06;3.98211e-07;2.08906e-06;0.983151;1.71133e-05;2.66365e-06;0.00211045;1.1158e-05;1.75845e-08;5.20191e-05;0.000105667
1.0902e-09;3.88222e-11;1;1.01054e-09;1.25527e-10;2.29248e-09;1.48046e-07;6.26366e-11;1.32327e-09;2.9888e-09;9.58623e-09;4.29462e-08;6.10942e-12;4.28121e-13
6.9178e-05;0.995775;0.000122472;3.24545e-05;3.45302e-06;2.06882e-05;0.0011787;0.000615467;0.000324033;5.97825e-05;3.65097e-05;1.85684e-05;0.00174128;2.24162e-06
5.37005e-08;7.4461e-07;0.999997;1.17218e-08;9.78414e-10;2.03975e-10;2.42384e-07;2.92232e-07;6.45262e-08;2.61185e-08;3.95743e-08;1.28142e-06;7.22317e-09;3.42913e-11
1.25677e-05;0.00245932;2.33061e-06;1.69584e-05;5.75992e-05;1.80378e-05;6.97e-06;5.77063e-05;0.000102631;1.31127e-06;8.50119e-05;0.980125;0.00214575;0.014909
1.63349e-06;0.0147872;5.11391e-08;2.19853e-07;3.71736e-05;1.74981e-06;5.56922e-07;0.0336181;1.05364e-07;1.72667e-07;2.15199e-07;9.91239e-06;0.951141;0.000402156
1.77588e-06;0.00066522;2.79726e-09;6.7408e-06;8.63967e-07;0.000976111;6.72647e-08;0.000299379;1.17515e-05;3.14619e-06;2.37913e-06;0.000939344;0.996449;0.000644612
1.63818e-05;0.000863656;0.997695;5.08163e-05;2.8505e-07;0.000247155;8.26623e-05;9.33054e-07;4.96202e-07;0.000422006;3.15253e-07;8.29978e-05;9.17532e-05;0.000445413
4.22607e-08;8.938e-08;0.999994;6.92249e-09;3.34972e-09;3.29152e-08;5.10862e-06;8.54054e-08;1.00314e-07;1.05084e-07;1.60059e-07;1.01434e-09;2.8753e-10;2.79289e-10
1.04532e-08;5.7774e-09;0.999999;6.36585e-10;1.06271e-09;5.5e-10;1.00115e-09;1.29853e-06;3.56938e-08;1.89407e-10;1.28603e-08;3.94307e-08;2.00333e-08;1.04183e-12
2.07591e-06;0.00795966;0.08684;2.18862e-07;2.12891e-06;1.57735e-06;2.87139e-08;0.000261029;5.60425e-07;4.0564e-07;5.94709e-07;0.903932;1.24804e-05;0.000987664
1.34156e-07;0.996101;1.01062e-07;1.03595e-07;4.57934e-05;2.39535e-05;0.00159048;7.52903e-05;1.49136e-07;0.00031454;2.58381e-07;1.99925e-08;2.17027e-05;0.0018264
8.89037e-10;7.62851e-09;0.999965;1.49706e-09;1.81862e-08;5.91746e-09;4.32193e-08;3.21779e-09;1.39877e-10;2.28751e-09;3.16452e-09;3.47665e-05;1.0658e-12;2.03459e-09
9.03444e-05;0.519794;9.6339e-06;3.87187e-06;0.00032382;0.000276621;7.68695e-05;0.472541;4.57684e-05;3.38229e-07;4.22572e-05;0.000173856;0.00656865;5.28561e-05
1.14692e-06;0.152869;1.00494e-08;1.31653e-06;1.1324e-05;1.22832e-05;2.05595e-09;0.114762;1.94237e-07;1.55522e-08;2.12338e-07;0.000356039;0.731986;1.43021e-07
5.35863e-05;0.0369362;5.09598e-05;0.000132901;0.00235871;0.000109896;6.14149e-07;0.0100652;1.4418e-07;0.000173715;9.7483e-07;0.0117469;0.0129512;0.925419
2.81628e-07;0.000765937;6.07763e-10;4.02775e-07;6.48037e-09;1.81101e-08;0.998633;7.5269e-09;2.30327e-06;0.000565363;3.2415e-05;2.6894e-09;2.40474e-07;2.85486e-07
4.00074e-08;1.12028e-09;0.999957;4.27135e-08;1.74791e-09;8.89981e-10;3.76858e-05;5.75559e-09;6.70541e-07;4.62842e-08;4.3615e-06;4.17363e-08;4.10945e-11;2.443e-11
5.31923e-06;0.999853;1.42586e-06;2.78133e-06;3.35474e-07;2.00367e-08;1.58181e-05;1.20089e-05;6.36157e-06;1.0122e-06;2.37463e-06;5.24819e-07;9.69605e-05;1.80163e-06
8.2607e-07;0.0341917;1.65525e-10;1.03262e-06;7.36795e-08;1.53428e-07;4.68854e-08;0.000201508;2.28851e-05;5.52136e-08;2.71478e-06;3.68268e-06;0.965575;1.2029e-08
6.00786e-05;0.00402667;0.928673;0.000107651;0.000355073;4.70272e-06;3.97682e-07;0.000130802;2.19038e-07;1.15013e-05;4.14988e-07;0.0605823;2.73321e-05;0.00601984
5.10988e-06;0.0122013;1.0901e-10;1.22453e-05;5.92964e-07;2.91778e-06;3.03425e-06;6.60225e-05;0.000383277;3.56244e-07;0.00199459;0.000219213;0.98511;1.31181e-06
2.57948e-05;0.0387431;0.960688;5.56873e-05;1.26051e-06;1.50276e-06;3.2343e-05;5.10132e-05;1.27969e-06;8.77692e-05;1.64313e-06;8.28916e-05;9.68425e-07;0.000227022
5.85574e-07;1.00636e-06;0.999959;2.21542e-07;8.41139e-07;2.65955e-08;3.61365e-07;4.88954e-07;2.46406e-06;1.68057e-08;1.66485e-05;1.79753e-05;5.42411e-09;1.19232e-07
5.89952e-06;0.35611;4.42867e-07;2.33216e-07;5.12686e-07;7.97368e-09;7.29121e-08;0.639724;2.10987e-05;2.28538e-08;4.99214e-05;0.00274475;0.00134149;1.40046e-06
5.44686e-07;0.176033;9.41789e-09;8.73817e-06;7.26036e-06;1.09756e-07;3.05086e-05;8.3264e-06;6.33242e-06;0.000167305;6.63493e-06;5.93405e-05;1.4382e-06;0.823671
0.000253608;0.036179;6.41353e-07;3.47541e-05;4.07774e-07;7.24379e-07;0.652482;0.00078366;0.084522;4.86451e-06;0.214677;6.64802e-06;0.0110545;1.18403e-07
4.70431e-05;0.670933;8.74648e-08;8.23516e-05;1.66295e-05;2.0655e-05;0.000101217;0.249985;0.00408539;6.00014e-06;0.00266172;0.000550751;0.0714036;0.00010676
5.7518e-06;0.00451442;4.63851e-05;8.65533e-05;4.18782e-06;2.44023e-06;1.95734e-06;0.000265658;1.4979e-05;2.03585e-06;0.000141504;0.991699;0.0032146;3.75183e-07
0.00121;0.214798;7.50164e-06;2.30019e-05;0.00114048;6.33413e-06;4.35595e-05;0.747582;6.92708e-05;8.12136e-06;3.0681e-05;0.00301307;0.0305354;0.00153327
0.00375796;0.0482673;0.02701;0.012813;0.0101796;0.00106115;0.0109363;0.00246429;0.0425285;0.0010094;0.0607852;0.706435;0.0698686;0.00288324
4.42584e-05;0.956175;3.90865e-07;4.10698e-05;1.20826e-05;0.000196748;1.07959e-05;0.031126;5.29935e-05;9.7864e-06;8.65783e-05;0.000293022;0.0116637;0.000287485
5.89828e-07;0.000198699;2.6854e-10;1.32621e-07;9.56803e-08;1.09036e-05;1.8773e-07;2.97092e-05;9.10262e-07;3.82574e-08;2.52049e-06;5.06366e-05;0.999705;3.8199e-07
1.46978e-05;0.000136137;2.63984e-05;1.20303e-06;1.15691e-06;2.24884e-06;5.55287e-09;2.34516e-05;3.89542e-06;1.97238e-08;2.36836e-06;0.998577;0.00120932;2.21242e-06
9.39751e-05;0.647141;2.5619e-06;2.46556e-06;5.89145e-05;2.17216e-06;6.88264e-07;0.24534;1.05693e-05;6.5365e-07;2.27233e-06;0.0552983;0.0519924;5.33915e-05
1.54144e-06;0.990635;9.36591e-09;3.58384e-06;9.62824e-07;1.54472e-07;0.00436078;2.19657e-05;6.9358e-07;0.00260404;4.68527e-07;9.63639e-06;1.32183e-07;0.0023615
8.29046e-09;1.1654e-08;0.999984;3.13914e-08;5.90049e-09;4.25807e-09;5.76616e-06;2.84761e-09;1.15965e-08;2.57422e-08;3.57509e-06;6.93988e-06;9.40472e-12;1.62326e-10
8.46925e-07;0.984024;7.48957e-08;1.51553e-06;7.46185e-08;1.50531e-06;0.015605;3.27838e-06;3.70355e-07;0.000204181;1.227e-05;1.48511e-08;0.000100241;4.67086e-05
4.414e-10;3.19979e-10;1;1.04744e-10;1.34677e-09;2.50245e-09;5.06892e-08;2.53217e-09;3.75889e-10;2.90739e-10;2.47107e-09;1.42295e-07;2.51301e-11;1.3278e-10
8.63182e-07;0.00202863;1.38455e-11;1.09659e-07;9.41795e-07;2.23489e-06;1.54975e-07;0.00234246;8.46524e-06;2.33573e-08;5.69811e-06;1.69293e-06;0.995609;4.51785e-08
6.12179e-05;0.000430508;7.17651e-07;3.88788e-05;0.000114503;0.000101014;5.53906e-07;8.3753e-05;0.00178773;5.2313e-06;0.000124945;0.973913;0.0233336;4.16039e-06
0.00155816;0.937384;0.0469517;0.00247449;0.00144253;4.49029e-05;0.000388468;0.00611795;7.66054e-05;0.000180839;3.48951e-05;0.000408475;0.000918377;0.00201844
0.00045152;0.871688;1.21003e-05;8.7133e-05;3.33584e-05;1.9298e-05;0.0035792;0.081777;0.00252284;3.15059e-05;0.000966721;0.00116704;0.0372919;0.000372522
7.67073e-05;0.51163;1.89401e-07;0.00679065;0.0178639;0.00376047;4.26538e-05;0.00144406;0.000898931;0.000485683;0.000783157;0.0486631;0.0130819;0.394478
8.35702e-05;0.00418965;5.9814e-08;8.38602e-06;0.000155251;1.67342e-07;5.78219e-07;0.995192;0.000216323;2.57667e-06;2.34474e-05;6.25999e-05;5.65876e-05;8.53923e-06
4.00508e-05;0.0273796;0.89926;0.000370492;0.00241685;0.000260605;1.17132e-06;5.2501e-05;1.45723e-05;1.40865e-05;4.73358e-05;0.0687134;0.00058976;0.000839477
5.87382e-05;0.132562;1.0588e-06;6.2815e-06;3.3501e-05;0.00544498;0.000880202;0.0105383;7.17203e-05;4.71689e-05;0.00165285;8.40763e-07;0.848352;0.000349794
7.84025e-10;3.77865e-10;1;9.20764e-10;1.68268e-10;1.15525e-09;1.95463e-10;6.51689e-09;3.33282e-10;1.51915e-11;3.39337e-09;2.85791e-07;9.3675e-11;2.74916e-13
1.11458e-06;0.00140308;2.98443e-05;2.22934e-06;1.16338e-06;8.2011e-07;1.95322e-08;0.000386908;1.28338e-05;4.57178e-08;4.01622e-06;0.998098;3.78004e-05;2.21305e-05
3.66084e-05;0.00826925;1.1896e-06;1.56055e-05;1.97211e-05;0.000425557;1.5977e-07;9.37898e-05;0.000151998;2.95432e-06;0.000367366;0.0133966;0.977186;3.35801e-05
1.43415e-05;0.00952002;7.2304e-06;5.93039e-06;5.67517e-06;2.50169e-06;3.76061e-06;0.00438154;2.33846e-05;3.02103e-07;3.20408e-05;0.985921;5.14633e-05;3.11642e-05
1.98885e-06;0.00390142;2.57455e-05;1.24869e-06;0.000826027;6.53519e-06;9.40033e-08;0.99488;1.4124e-07;2.27636e-08;1.0873e-07;2.91305e-05;0.000167685;0.000159492
1.32734e-07;5.88133e-05;2.84864e-08;2.93316e-08;7.51784e-05;8.15234e-07;2.15474e-08;0.999815;6.35727e-07;1.49307e-08;4.60019e-08;7.45545e-08;4.93784e-05;3.03172e-08
2.59493e-07;9.6759e-05;0.999878;7.48491e-07;9.53237e-06;4.73314e-06;4.39342e-11;2.06539e-06;2.56033e-10;2.00153e-08;8.05396e-09;6.44299e-06;6.0755e-07;1.0806e-06
2.44659e-06;0.990188;1.34008e-05;3.0528e-06;1.61401e-06;3.50967e-06;4.39815e-06;0.0080006;7.10644e-05;2.57413e-07;5.14763e-05;0.00106624;0.000561089;3.29853e-05
