3.0313e-06;0.999537;0.000300571;1.13895e-05;1.43128e-06;2.0083e-07;3.29146e-07;1.34611e-05;4.04134e-08;4.11294e-07;1.05647e-07;9.67284e-05;3.23274e-05;3.48951e-06
3.02188e-05;0.986945;9.24164e-07;9.27979e-06;8.3582e-07;9.65894e-08;1.90802e-05;0.00343813;1.84086e-05;7.0136e-07;0.000151955;0.00819317;0.00118927;2.88412e-06
3.43959e-05;0.810753;1.88766e-07;0.00111528;0.0096501;0.000469281;1.30369e-05;0.0134419;3.23123e-05;0.000128246;7.57077e-05;0.0061722;0.0016709;0.156443
0.00119692;0.104962;5.03736e-06;9.67383e-06;1.32194e-05;1.54605e-05;6.58403e-06;0.00509365;0.000310444;2.33733e-06;0.000252543;0.839548;0.0479781;0.000606378
1.50475e-06;0.99792;3.62729e-09;7.70026e-08;1.91623e-07;1.34083e-07;0.000213245;0.000996498;4.73439e-07;1.47881e-05;1.03018e-07;2.65848e-07;0.00011867;0.000733984
5.40605e-12;1.60448e-11;1;6.14183e-12;8.04329e-12;1.02385e-11;1.72669e-11;2.19632e-10;2.02716e-12;1.13168e-11;3.061e-12;9.92231e-08;3.55369e-14;9.48553e-13
0.000100933;0.0498026;7.83656e-07;6.12763e-06;6.04793e-06;1.07345e-05;4.47543e-06;0.0381761;0.000257573;8.46896e-07;0.000103638;0.0021298;0.909374;2.65729e-05
0.000802517;0.368494;0.000120219;0.000134751;0.000274464;0.00244212;0.000146405;0.0473911;0.00706519;3.65321e-05;0.00199891;0.115461;0.448697;0.00693568
7.46333e-06;0.0407007;3.20886e-06;0.000174421;0.000249496;0.000362465;1.74851e-07;0.482239;2.37498e-05;1.07893e-06;0.000132788;0.46966;0.0029837;0.00346192
5.10304e-07;0.999486;8.642e-08;4.86073e-06;6.8346e-08;1.96739e-08;0.00013533;8.16223e-06;2.96159e-07;5.97304e-06;5.92476e-05;1.84302e-05;8.75033e-05;0.000193638
0.000169573;0.0215565;0.00264246;0.000216206;1.35503e-06;1.92567e-06;0.521153;0.000118667;0.0101621;2.54892e-06;0.43601;0.000669409;0.00726674;2.91916e-05
1.08581e-05;0.526046;1.78477e-07;4.18735e-05;0.000132255;7.72417e-05;1.50326e-06;0.461466;8.13116e-05;3.41411e-05;3.47998e-05;0.00012442;0.0117525;0.000196585
5.97192e-05;0.278848;1.55323e-05;0.000451741;0.000162332;0.00145693;8.70044e-06;0.0346606;0.00401396;0.000169958;0.00909632;0.275487;0.395264;0.000305098
0.00766956;0.132199;0.595833;0.0060675;0.0410818;0.000124931;0.000726791;0.000517831;2.21171e-05;0.00114353;0.000253108;0.186259;0.00103941;0.0270632
0.00858023;0.279435;6.87072e-05;0.000196707;0.000187396;1.47245e-05;0.0127523;0.186069;0.308648;1.04579e-05;0.0347327;0.00133358;0.167964;7.26078e-06
2.54036e-05;0.950296;7.4467e-10;2.03907e-05;3.98445e-05;7.94408e-05;1.67989e-07;0.0448564;1.27113e-05;1.53463e-05;1.92404e-06;7.27005e-05;0.00167454;0.00290504
0.000711775;0.0331941;2.39766e-08;0.000203349;7.40599e-05;0.00026052;0.000129369;0.00017622;0.00111622;3.90071e-05;0.00183909;0.0499054;0.911967;0.000384343
0.00556269;0.0594235;0.000600699;3.32136e-05;0.000354531;6.58843e-06;8.6756e-06;0.00907185;0.00107972;1.51017e-06;0.000259664;0.915438;0.00812453;3.52521e-05
0.000224233;0.760777;5.67074e-06;0.000136264;0.000980243;1.94343e-05;9.99257e-06;0.220731;0.000308461;3.06766e-05;1.52677e-05;0.0152863;0.000477558;0.00099831
0.000481702;0.939264;1.29421e-06;2.96376e-05;9.84841e-05;7.58448e-05;5.08519e-05;0.00796594;2.09912e-05;2.63313e-05;2.77257e-05;0.00421657;0.0465046;0.00123574
5.75044e-06;0.00104598;3.3791e-06;3.33499e-07;2.1999e-07;1.3247e-06;2.82332e-07;0.00502573;1.72837e-06;1.26402e-08;1.40947e-06;0.990393;0.00351937;1.29446e-06
0.000431143;0.590624;5.51823e-05;0.000178785;0.00680511;0.0804927;5.53718e-05;0.028617;2.63472e-05;4.64581e-06;2.86774e-05;0.0115937;0.156999;0.124088
2.44776e-05;0.272496;1.30615e-06;4.98646e-05;0.000813624;0.0212613;1.63517e-06;0.0118853;1.85232e-05;1.08499e-06;5.25214e-06;0.0419152;0.165117;0.48641
8.2821e-07;0.00180094;3.37622e-09;7.94405e-07;1.21008e-06;5.22646e-06;1.67016e-08;8.46993e-05;3.67208e-07;1.05335e-08;9.85357e-06;0.000694317;0.9974;1.2253e-06
6.25152e-05;0.00290725;0.000214909;3.71311e-05;7.41602e-05;6.12571e-05;2.11137e-07;0.000662623;1.34481e-05;1.06883e-06;8.72533e-05;0.957423;0.0383373;0.000117961
4.98494e-05;0.0333605;1.415e-07;6.32961e-07;0.000119843;7.6221e-06;7.75431e-08;0.965236;7.69539e-06;5.97492e-07;7.38122e-06;3.72116e-05;0.00100944;0.000162629
3.8103e-07;0.0206158;8.44245e-06;5.88965e-06;3.97667e-05;3.82264e-06;3.35444e-07;2.52637e-05;2.21615e-06;1.67673e-06;3.3775e-05;0.976177;0.000126075;0.00295909
1.01412e-05;0.982986;7.45004e-07;7.77895e-06;0.000265185;2.02745e-05;1.21614e-06;0.0113249;8.79093e-05;3.0392e-06;0.000145941;0.000333454;0.00480627;7.45311e-06
0.000108631;0.0086645;2.48019e-07;1.30254e-07;8.97596e-06;3.95007e-07;2.68932e-07;5.98691e-06;3.36525e-06;1.56629e-07;1.2665e-06;0.94926;0.0419452;1.19245e-06
0.000926782;0.161016;2.87827e-05;2.65932e-06;0.00598459;0.00140425;2.90865e-06;0.563734;0.00036415;7.45991e-06;3.35753e-06;0.0939408;0.151321;0.0212623
1.7495e-05;0.00303915;7.67848e-10;1.17153e-06;5.87984e-05;9.40412e-06;9.48992e-08;0.00649936;0.000134039;3.94836e-07;1.07436e-05;6.10702e-05;0.990167;1.63649e-06
0.000310379;0.00192213;1.61233e-05;1.70853e-05;0.000556141;5.49342e-06;1.21403e-07;0.00522875;0.00156342;1.62851e-06;6.56316e-05;0.989586;0.000698819;2.83606e-05
4.95383e-05;0.991385;1.08141e-06;5.38891e-06;0.000294098;1.82245e-05;1.57288e-05;0.00263307;2.43741e-06;8.49069e-06;5.28968e-07;7.2469e-05;0.000210273;0.00530376
0.000175171;0.743634;4.40181e-06;7.92669e-05;7.98295e-06;1.12584e-06;0.00017896;0.00309298;0.000133076;6.60577e-06;0.000163532;0.0105851;0.241934;3.90876e-06
9.56231e-06;0.00630252;6.32932e-08;0.000178215;0.000106133;9.2782e-06;4.76972e-07;0.0693588;0.000127206;3.81778e-06;0.000114372;0.923714;6.46504e-05;1.06539e-05
1.67434e-05;0.9867;2.13597e-08;1.94848e-07;1.06541e-07;1.0766e-07;1.42405e-06;2.59185e-05;1.21728e-07;3.8326e-08;3.76706e-07;1.75272e-06;0.0132489;4.41183e-06
6.35546e-09;1.58651e-05;6.97224e-08;1.78593e-07;2.73726e-06;6.9758e-08;7.46813e-11;1.59251e-06;7.06372e-09;7.10753e-11;1.15254e-08;0.999864;1.74709e-06;0.000113194
4.24803e-06;0.0326349;2.57866e-09;1.46046e-05;1.61417e-07;2.93562e-06;6.91936e-06;9.3466e-05;1.99284e-05;6.45339e-08;3.22801e-05;1.09157e-05;0.967173;6.09733e-06
1.18615e-05;0.00102894;4.25449e-05;6.05136e-06;8.59094e-07;8.75304e-07;4.32658e-07;0.00012134;1.67258e-05;1.4212e-07;9.85407e-06;0.998282;0.000432013;4.59024e-05
5.7727e-06;0.997629;9.18645e-09;2.342e-05;1.69987e-06;5.85851e-06;3.43969e-05;4.29005e-05;1.6947e-06;2.26502e-05;1.60573e-05;3.14391e-07;3.55397e-05;0.00218026
3.11957e-08;3.17741e-06;0.997768;3.39327e-07;4.23713e-08;9.2269e-09;2.10617e-08;6.81288e-07;3.72857e-11;5.81806e-09;3.29406e-09;0.0022279;2.44806e-09;2.64159e-07
1.30746e-05;0.0576808;1.39017e-08;1.95756e-05;0.0011089;6.98045e-05;0.000154406;0.820051;1.9833e-07;1.00648e-05;6.26519e-06;8.27771e-05;0.0957241;0.0250795
3.01484e-07;7.99377e-06;3.56969e-07;9.39791e-06;1.64728e-08;0.00110489;6.24564e-05;1.07878e-07;3.50221e-06;8.88892e-06;0.000165409;1.89419e-07;0.998636;9.16218e-07
2.30192e-08;2.52925e-07;0.999999;2.27657e-07;4.82098e-09;8.93344e-09;1.35288e-08;2.82042e-09;1.69369e-10;1.39015e-08;7.78643e-09;2.66429e-07;7.07212e-10;4.32755e-08
5.5347e-06;0.994555;8.51378e-07;4.68071e-05;2.31621e-05;4.91232e-05;6.95308e-05;0.00215323;0.000632294;1.32489e-06;0.000934711;4.61215e-06;0.00143572;8.80256e-05
