2.59274e-05;0.996933;0.00119938;5.74241e-05;7.1559e-06;4.66699e-07;1.56478e-06;0.00139376;2.0093e-07;3.23475e-06;4.00082e-07;0.000122731;0.000101344;0.000153607
0.000198211;0.561666;0.0229405;0.000236988;9.98243e-05;5.13443e-05;0.000113856;0.412815;5.31988e-05;5.73894e-05;7.06519e-05;0.000481848;0.000450429;0.00076507
0.000865179;0.092551;3.29487e-06;0.00524771;0.0132571;0.409282;0.000612223;0.0171631;0.0728704;0.000983051;0.100241;0.0571288;0.1385;0.091295
0.00380536;0.358523;0.0514564;0.00804389;0.00109567;0.000101506;9.35547e-05;0.000153946;8.34273e-05;0.000229258;0.00064296;0.565032;0.00303518;0.007704
0.00212976;0.0159634;6.08428e-09;3.48574e-05;0.0101893;3.35296e-07;0.000131813;0.949929;0.0112356;9.07283e-06;0.00988936;3.4257e-05;0.00010578;0.000347201
0.00125343;0.277927;0.598337;0.00178156;0.00280722;0.000447734;1.7153e-05;0.00270702;0.000340607;0.000151766;0.00249555;0.00483529;0.106805;9.43571e-05
0.000152334;0.887977;0.000134711;1.07108e-06;1.06094e-06;1.41939e-07;6.65136e-05;0.000179136;4.01959e-06;1.1293e-06;0.00033655;0.107508;0.00362171;1.76214e-05
0.000407746;0.0255811;1.55727e-06;4.05566e-05;0.0199595;1.16827e-05;0.000141901;0.936508;0.0131833;6.10406e-05;0.000318359;0.0026693;0.000811017;0.000305204
0.0218005;0.077062;0.437321;0.00966764;0.0210162;0.0343296;7.2252e-05;0.0448448;0.0239275;0.000442512;0.000801085;0.179118;0.147827;0.00177006
0.00128615;0.630972;3.38895e-09;2.83223e-06;0.00135976;2.10051e-05;1.14537e-06;0.186479;0.000616162;2.00009e-06;0.000153008;0.0136442;0.163735;0.00172811
9.46684e-05;0.983693;1.88899e-07;0.000165907;0.000125708;0.000293822;1.59284e-05;0.00216207;0.00135391;5.48962e-05;7.34945e-05;0.00229061;0.00190921;0.00776675
0.000519982;0.00365285;4.2763e-05;0.00340132;0.442954;0.36279;0.00107507;0.0476447;0.00364263;0.00379515;0.00184879;0.0299516;0.0036373;0.095044
0.00177934;0.891366;1.94742e-08;0.000148864;4.60762e-05;6.72078e-06;0.00308069;0.00226735;0.00544202;5.0807e-05;0.0113436;0.00081489;0.0836502;3.59033e-06
0.000299775;0.994293;5.79367e-06;0.000117801;8.16134e-05;1.98778e-06;2.14822e-05;0.000115634;4.84822e-05;7.50208e-06;1.99743e-06;0.00219955;2.88625e-05;0.00277659
0.000145264;0.962252;6.39659e-07;7.99625e-06;1.42393e-06;5.80213e-07;0.00012216;7.21679e-05;2.42453e-05;4.35862e-06;1.02213e-05;0.00857776;0.028425;0.00035561
5.07173e-06;0.109855;0.000120557;1.51839e-05;4.64291e-06;2.01317e-05;3.49064e-06;0.000183274;1.27637e-05;8.27677e-07;4.2523e-06;0.887678;0.00199721;0.000100314
8.20866e-06;0.88915;6.0286e-09;1.32667e-05;3.65049e-06;1.32252e-05;0.0444804;1.11728e-05;1.88284e-05;0.0200089;4.95322e-06;7.38155e-07;4.75948e-05;0.046239
7.9674e-09;1.39803e-08;1;6.70739e-09;9.92402e-10;3.41398e-08;1.34435e-07;1.87176e-09;1.15434e-08;1.47808e-09;1.97622e-08;6.17549e-09;5.33911e-08;3.36212e-11
