2.73428e-05;0.885297;1.90008e-06;2.39205e-06;5.82513e-06;8.62992e-07;4.44387e-08;0.000520965;1.77205e-06;2.61446e-07;2.13604e-06;0.0211424;0.0929914;5.90752e-06
2.85686e-05;0.237756;1.35233e-06;0.000250894;0.0392453;0.000268007;7.51205e-07;0.0997971;9.40067e-05;3.17658e-05;0.00017516;0.610016;0.00433042;0.00800392
5.62587e-05;0.850571;1.46147e-05;0.000733762;0.00159049;0.0242512;0.000144517;0.025373;8.38554e-05;0.00228486;0.000160894;5.69401e-06;0.0804244;0.014305
4.83781e-09;9.89214e-10;1;1.89358e-08;2.53819e-10;2.24138e-10;2.0705e-08;3.95433e-10;5.05794e-09;6.19792e-10;1.74991e-07;3.58592e-08;3.14953e-10;1.87027e-12
0.00133907;0.0721014;0.000658669;0.00122132;0.000235832;0.000514163;0.00233541;0.0132497;0.185072;7.79869e-05;0.394651;0.291064;0.0372254;0.000254331
0.000172441;0.708323;2.99925e-07;6.85836e-06;0.00117623;2.60062e-05;3.90012e-06;0.285374;0.00190902;1.78003e-06;0.000359153;2.19486e-05;0.00180674;0.000818278
2.65972e-05;0.00139408;3.76704e-06;4.57413e-07;0.000104;5.92805e-07;4.05078e-08;9.49008e-05;7.9084e-07;5.11603e-08;2.16979e-06;0.991369;0.00686851;0.000134929
0.00114296;0.342302;1.97254e-07;7.67091e-05;0.0115742;1.66181e-06;0.000164093;0.63237;0.0111175;4.68526e-05;7.28492e-05;9.70794e-05;0.000608615;0.000425209
0.00283364;0.183623;0.0893803;0.000548262;0.221393;0.00626506;5.18181e-06;0.00891112;1.08577e-05;5.88463e-05;1.23455e-05;0.319469;0.0855952;0.0818943
1.8258e-06;0.133297;6.96045e-09;4.8898e-07;0.000186786;6.21817e-07;5.11968e-06;0.866366;2.06609e-05;1.19986e-07;1.3411e-05;6.97887e-05;3.28616e-05;5.33417e-06
6.89045e-05;0.251525;0.714281;0.00767012;0.0106525;0.00103575;2.00794e-05;0.000151209;2.76087e-06;6.20636e-05;0.000188337;0.00188099;0.00792506;0.00453638
8.75469e-05;0.310994;8.53429e-07;2.16101e-05;8.66288e-05;4.14026e-06;2.34344e-06;0.168997;0.000277037;1.57599e-07;8.43529e-05;0.518456;0.000781001;0.000208356
0.00117984;0.20615;3.14855e-06;0.000166889;4.75069e-05;6.09973e-05;3.83345e-05;0.0403093;0.000288805;2.55488e-06;3.95982e-05;0.592167;0.156758;0.00278906
7.97352e-05;0.00568538;4.70014e-09;4.6344e-06;0.000173447;7.08971e-06;1.23719e-07;0.936877;3.04954e-05;6.29715e-08;9.52289e-07;0.0448016;0.0123198;1.99795e-05
5.50431e-06;0.941904;0.00187194;7.30723e-06;8.52122e-05;0.000588825;3.55978e-06;6.31428e-06;1.96925e-08;0.000459336;9.87569e-09;2.89076e-07;1.72227e-05;0.0550508
6.80313e-11;1.96868e-11;1;8.89233e-12;7.8537e-11;1.50927e-11;1.31817e-11;4.92815e-11;7.51357e-12;1.06613e-12;1.10386e-11;4.60044e-09;1.16736e-13;1.81386e-13
6.14331e-05;0.0731046;0.000575615;0.00124432;6.43591e-05;0.000531799;0.0149883;0.0397026;0.453188;4.85414e-05;0.401504;0.000775316;0.0094595;0.00475176
