7.89052e-05;0.971231;6.47113e-07;5.51791e-06;4.20558e-05;1.88787e-06;2.55139e-06;0.0130922;7.95552e-06;1.60092e-06;6.29727e-06;0.00182191;0.0136159;9.10514e-05
7.3155e-06;0.959661;1.57918e-08;2.27936e-05;0.000192878;1.8459e-06;0.000446497;0.00183662;8.23804e-06;0.00215922;6.18965e-06;4.00515e-07;5.76929e-05;0.0355995
2.90124e-11;9.82533e-11;1;3.32248e-11;1.69745e-10;5.08535e-12;8.12093e-11;8.33719e-11;2.34866e-12;1.48783e-11;5.90969e-11;4.50064e-08;1.75143e-13;5.06306e-13
6.58716e-06;0.954429;7.51042e-05;0.00015842;4.6359e-06;4.32419e-05;0.000352894;0.00121379;0.000440182;4.88328e-06;0.0065053;0.00505665;0.0316905;1.89323e-05
2.67971e-05;0.99148;8.53939e-06;3.30282e-05;2.98818e-07;1.91609e-07;0.000115569;0.00152904;3.72076e-05;1.42407e-06;0.00283101;0.00204875;0.00188632;1.44569e-06
1.23406e-06;0.997301;8.94544e-11;2.70188e-06;4.42942e-05;2.84479e-08;2.58514e-07;0.00120382;5.93798e-07;1.20377e-06;9.03092e-07;0.00135026;1.04599e-05;8.3038e-05
2.00988e-06;0.00970563;0.0192498;2.17494e-05;1.4122e-05;0.000154471;3.86536e-08;1.00599e-05;3.67653e-08;6.60873e-07;7.17249e-07;0.970431;0.000145581;0.00026445
6.60453e-05;0.00264805;9.82225e-09;7.2672e-07;1.53797e-06;2.89288e-06;6.97351e-07;0.921818;5.08128e-05;1.90805e-08;0.000436318;0.000176806;0.0747978;5.7576e-07
6.19733e-05;0.00237964;1.26108e-05;3.07292e-06;8.60446e-07;1.45899e-06;3.28419e-08;0.00115194;1.11743e-05;2.68742e-07;1.39561e-05;0.959454;0.0369014;7.44109e-06
0.000138941;0.371985;4.97615e-06;0.000130887;0.000232049;0.00207804;3.54298e-06;0.0683748;0.000463552;8.97728e-06;0.000297421;0.0149732;0.541249;5.92795e-05
0.000261075;0.148203;3.69374e-05;0.0164746;0.175928;0.0268361;4.44926e-05;0.267652;0.000595674;0.00346494;0.0049487;0.339593;0.0031451;0.012816
1.64521e-06;0.105251;1.10182e-08;7.6245e-06;1.78473e-06;1.05502e-05;0.886677;4.06768e-08;7.04026e-07;0.00745453;3.73147e-05;3.00575e-09;2.8025e-07;0.000557356
4.35263e-10;3.99982e-11;1;7.90776e-11;8.69006e-11;6.86254e-12;4.09636e-08;2.31775e-10;1.63831e-10;1.06325e-10;1.29932e-08;1.2847e-08;1.40537e-13;3.92119e-14
0.000380922;0.0746817;2.06088e-06;5.95872e-05;0.00345644;0.00313756;0.0031068;0.885981;0.00681015;0.00158042;0.00229572;1.52226e-05;0.0174386;0.00105411
6.76368e-08;1.34604e-08;0.999997;3.52695e-08;1.1044e-09;9.83123e-11;8.10124e-08;6.4286e-08;1.06654e-07;2.43498e-09;1.15857e-07;1.9927e-06;3.72609e-10;1.03874e-11
3.15727e-06;0.00289598;1.13257e-06;8.70894e-06;1.22596e-05;3.55028e-09;5.67131e-08;0.00220432;5.02291e-05;1.18336e-07;2.56633e-06;0.994315;6.15009e-08;0.000506632
3.42242e-05;0.943873;0.0184392;0.000144167;0.0106068;0.000450616;2.99446e-06;0.000754767;1.15741e-06;2.05359e-05;3.93006e-06;0.000827074;0.00131384;0.0235277
6.82539e-05;3.61685e-05;9.23097e-06;2.05503e-07;0.00830374;1.6398e-05;9.39729e-08;0.99098;3.12806e-06;6.27524e-07;1.86173e-07;6.34276e-05;0.000517102;1.89906e-06
4.30908e-08;8.85154e-06;0.999978;1.90963e-08;8.30911e-06;1.48345e-06;2.41948e-12;1.15003e-06;6.81316e-11;6.10354e-10;1.8479e-10;1.67725e-06;2.38515e-07;4.76323e-07
5.42182e-05;0.220736;0.000102348;8.68969e-05;0.000224899;0.000310598;6.50322e-05;0.747397;0.00376695;6.78854e-06;0.0072537;0.000684281;0.017649;0.00166195
