3.75135e-06;0.998795;0.00055854;4.6079e-06;2.65392e-06;9.75491e-07;3.92974e-05;0.000533087;1.77589e-08;1.8855e-05;1.87707e-08;8.3637e-06;1.07606e-05;2.38093e-05
3.01382e-09;1.62368e-08;1;4.4234e-09;2.02465e-09;9.1726e-10;7.95709e-09;9.64565e-09;1.76439e-09;1.0813e-09;1.29637e-08;4.12116e-07;1.45994e-10;1.36686e-10
4.92243e-07;3.29425e-05;0.958912;1.38591e-06;5.49213e-07;7.61255e-07;1.81032e-07;1.99923e-05;5.40741e-07;4.87619e-08;2.61005e-06;0.041014;6.67536e-07;1.39798e-05
1.05729e-06;0.140399;1.52057e-06;2.30261e-06;0.0249366;0.0102354;2.54126e-08;0.000356217;3.21532e-07;1.6626e-07;3.01179e-06;1.06143e-05;0.00385364;0.820201
4.3123e-06;0.00076664;3.60874e-05;7.9921e-06;0.00298165;0.000219482;3.92651e-09;0.0211544;7.65446e-07;2.24976e-08;5.60349e-06;0.967627;0.00540375;0.00179259
0.000894722;0.46345;3.86997e-05;0.000280356;0.0276527;0.03237;9.19645e-06;0.378486;0.000798966;2.01936e-05;0.000207048;0.00146952;0.0912252;0.00309688
2.32485e-06;0.99579;0.00108058;7.32205e-07;7.13063e-06;1.28418e-05;3.4011e-06;0.000696288;1.70603e-09;4.96242e-06;6.4019e-10;1.08627e-05;0.00236651;2.40697e-05
1.47358e-10;2.08741e-10;1;2.12658e-10;1.25766e-10;4.89614e-11;1.37253e-10;9.61553e-09;7.98751e-11;5.66379e-11;3.50334e-11;1.32924e-07;1.68829e-11;7.95548e-13
2.49163e-07;7.38114e-05;0.979436;1.11032e-06;1.56279e-06;1.07922e-06;2.06699e-07;0.000192635;1.3375e-07;1.78267e-07;1.14981e-07;0.0202566;4.5462e-07;3.61601e-05
1.47982e-05;0.10512;4.14846e-05;5.8585e-05;0.0809962;0.150238;3.03348e-07;0.000797811;2.13914e-06;2.074e-06;7.35108e-06;0.000280048;0.00378422;0.658657
4.85379e-06;0.0123979;7.22627e-06;5.1836e-06;0.00444228;0.000591286;2.53202e-09;0.00566547;5.11881e-08;5.90691e-08;1.33832e-07;0.962955;0.00273427;0.011196
1.50803e-05;0.0555897;1.73661e-08;7.81247e-06;0.000660599;8.79261e-06;5.34014e-07;0.943196;3.25225e-05;2.87467e-07;4.34098e-06;5.6712e-05;0.000425422;2.21218e-06
1.34257e-05;0.971539;0.00049169;0.000153655;0.000508465;0.00150174;2.7076e-07;0.000104372;4.91305e-09;1.92408e-05;6.07184e-08;0.00278525;0.0200261;0.00285667
7.32365e-06;0.00840274;3.62456e-07;3.20698e-06;4.27898e-07;7.28301e-06;8.72284e-08;0.00355449;8.68737e-06;1.18233e-08;1.9364e-05;0.842553;0.145443;2.24425e-07
3.75187e-05;0.830701;2.87687e-06;3.87775e-05;0.00533964;0.000389702;2.04115e-07;0.0422643;5.24928e-07;2.04e-06;1.45229e-06;0.00168837;0.118704;0.00082958
1.40793e-05;0.974903;1.00283e-07;1.80101e-06;9.52853e-07;0.000164352;0.00129984;8.50125e-05;1.7702e-07;0.001553;3.27999e-07;2.5627e-07;0.0156041;0.006373
1.22641e-12;3.04827e-13;1;2.5543e-13;2.15963e-13;7.21075e-14;3.03015e-13;6.77047e-13;3.69645e-14;5.6893e-14;2.68729e-13;1.27711e-10;1.43164e-15;1.64731e-16
0.000276598;0.215622;0.00447812;0.00194319;0.00038134;0.000636773;0.00462412;0.268412;0.383197;0.000336847;0.0976013;0.00602551;0.0129954;0.00346999
