3.58149e-05;0.995782;1.36965e-07;7.1649e-06;4.06652e-06;4.51577e-07;6.98252e-06;0.00345462;8.18639e-05;1.89599e-06;2.50949e-05;0.000139919;0.000425498;3.4946e-05
3.53545e-05;0.000311181;3.35876e-08;1.69806e-07;3.8075e-06;1.83424e-08;3.69182e-07;0.999575;4.18134e-05;3.34953e-07;2.86469e-06;9.96771e-07;6.32177e-06;2.14946e-05
4.36014e-05;0.979387;4.79279e-06;1.62541e-06;9.21868e-07;1.46052e-07;0.0196628;0.000251134;9.36517e-05;0.000281744;1.79428e-05;4.53941e-05;1.45209e-06;0.000207786
2.48974e-09;1.06666e-08;0.999997;6.33706e-09;3.03054e-09;3.34797e-10;1.52134e-07;1.51129e-08;1.31713e-08;5.02115e-10;3.78817e-08;3.10364e-06;4.96539e-11;5.31609e-10
1.96896e-06;0.625588;2.13865e-06;7.28495e-06;1.09677e-06;5.02681e-07;1.08075e-06;0.00327821;1.88838e-06;7.87357e-08;5.00826e-06;0.00928262;0.361811;1.90133e-05
2.01956e-06;0.802389;2.99093e-06;8.00542e-05;0.00502024;0.000681961;1.13191e-06;0.0189329;1.13104e-07;8.15499e-06;3.22103e-06;0.016713;0.00517851;0.150987
2.31095e-07;0.21424;4.66638e-06;8.89734e-08;1.88476e-08;5.78782e-07;8.17716e-08;2.13339e-06;3.00008e-10;2.639e-09;3.50595e-08;0.78546;0.000277762;1.48707e-05
4.76629e-08;0.681631;2.9736e-08;2.67429e-07;2.83198e-07;3.9944e-06;3.27658e-05;0.000354448;2.04357e-09;1.73916e-05;4.08164e-09;2.45222e-07;2.58766e-05;0.317933
3.80736e-12;5.10471e-11;1;9.4672e-11;1.87895e-11;3.66263e-10;5.4005e-11;3.88222e-10;5.06709e-13;1.45222e-11;2.06093e-11;4.33503e-08;2.4744e-12;2.78861e-11
1.79329e-06;0.00894212;1.93126e-07;1.43874e-06;2.96249e-07;2.79846e-07;4.48465e-07;0.00295315;3.30152e-06;6.97106e-08;7.51589e-05;0.000237428;0.987783;9.15053e-07
7.72875e-07;0.98313;1.1713e-09;6.82072e-07;5.46414e-07;3.6785e-08;0.000178723;0.000943675;3.80326e-07;4.4814e-05;3.79e-07;1.72851e-07;2.09077e-06;0.0156971
2.01561e-10;4.11166e-10;0.999988;9.12946e-10;2.45737e-10;5.16809e-12;5.71513e-10;7.45311e-09;2.50941e-11;6.9409e-11;1.00064e-09;1.22936e-05;5.02767e-12;1.00581e-10
0.000187835;0.00457118;7.79675e-07;0.000264554;0.00109257;0.00073739;0.000377222;0.0646217;0.00659808;3.59819e-05;0.00908155;0.00103817;0.00104408;0.910349
0.0001263;0.750918;4.61705e-06;2.41544e-05;2.55797e-05;2.38584e-05;7.99099e-05;0.230935;0.0011432;5.47095e-06;0.00527653;0.00429956;0.00705203;8.54319e-05
0.000265267;0.109261;4.08842e-06;2.40908e-05;0.000245024;1.7672e-06;1.45781e-05;0.0224811;7.17498e-05;2.81195e-06;0.000318258;0.832256;0.0350463;8.78095e-06
0.000358559;0.0659921;1.69268e-05;1.54663e-05;0.00130826;2.01406e-05;8.4635e-06;0.0106698;8.20167e-05;1.28431e-06;2.69743e-06;0.166807;0.754636;8.14372e-05
0.000153173;0.797244;5.18903e-09;2.73063e-05;0.000279301;7.09502e-07;3.49164e-05;0.111228;0.0067248;1.32712e-05;0.000159405;0.062411;0.0217021;2.26809e-05
7.02834e-07;4.49916e-06;0.999969;2.59784e-08;6.13642e-07;1.02731e-07;2.13471e-08;1.16571e-08;1.8314e-09;3.27072e-08;1.9035e-09;2.37674e-05;1.1439e-07;1.5496e-06
4.14592e-05;0.693057;2.5583e-07;6.32332e-06;0.000162111;8.22136e-05;5.6822e-05;0.29132;0.00174177;1.14458e-06;1.04235e-05;1.72422e-05;0.0109532;0.00255018
0.00014034;0.00521789;7.33047e-07;1.53712e-05;0.000119918;1.18378e-05;4.54069e-07;0.893771;0.000974756;2.57445e-06;5.90135e-05;0.00053077;0.0991421;1.27536e-05
