2.26535e-05;0.991048;0.000221916;0.000502414;4.60988e-05;2.12516e-05;9.51001e-05;5.75474e-05;1.92792e-06;0.000148445;0.00017009;8.61257e-05;0.00739804;0.000180083
0.000110198;0.0673036;0.00417698;6.81034e-05;3.67723e-05;1.65791e-06;1.74986e-06;0.000203388;2.25143e-06;2.37366e-07;5.49588e-05;0.92777;0.000122554;0.000146982
0.000786761;0.796368;7.55947e-09;1.25403e-05;0.0012152;2.19771e-06;2.79247e-05;0.196935;0.00332064;1.46097e-06;0.00072978;0.000288027;0.000166155;0.000146738
2.36737e-05;0.924543;0.00105929;7.16975e-05;0.000273553;0.000100857;2.50703e-07;0.000228994;7.23887e-06;9.45709e-06;2.46294e-06;0.000875858;0.0725035;0.000300678
0.000206261;0.649375;8.43149e-08;0.000352551;1.69803e-05;0.000221342;0.000190535;0.00335505;0.0148451;0.00036757;0.00642811;0.0393804;0.280896;0.00436493
0.000250583;0.00149569;0.965282;0.000780465;0.0100292;0.00276872;1.23385e-06;0.00312733;1.87479e-05;2.96489e-06;0.000157724;0.0153461;0.000680436;5.92224e-05
3.30111e-05;0.00594072;1.25948e-06;6.81884e-07;3.515e-07;1.50116e-05;2.76351e-05;0.00891271;1.95527e-05;1.14975e-05;7.64504e-06;6.7906e-08;0.985023;7.01255e-06
2.8409e-11;1.73022e-10;1;1.99048e-11;1.18005e-10;5.13923e-11;7.28125e-13;5.73452e-10;8.17651e-13;7.57233e-12;2.07093e-12;1.14339e-08;1.18571e-11;9.43727e-12
8.85212e-08;0.000522337;0.990748;1.01942e-07;4.33402e-07;3.82567e-07;2.13307e-08;0.000563194;8.91879e-09;7.36682e-08;3.38721e-08;0.0081325;1.90287e-05;1.35513e-05
7.74615e-09;1.53616e-05;1.62954e-07;5.34608e-06;0.00175556;0.983326;6.0891e-09;3.67877e-07;3.61046e-08;9.71825e-07;1.99816e-06;5.26236e-08;0.00338873;0.0115051
2.01156e-08;7.84688e-05;0.914925;1.12191e-05;7.13954e-05;5.79555e-06;3.55308e-09;1.19506e-07;2.69456e-11;9.27668e-08;6.07426e-08;0.0846442;6.04046e-06;0.000257698
2.41008e-05;0.288537;5.25933e-07;0.000516683;1.55826e-05;0.00180423;0.000191026;0.00449723;0.00048657;3.50316e-06;0.0633036;1.32104e-05;0.640603;3.06217e-06
1.51233e-07;0.999733;1.22055e-05;1.35758e-06;4.37551e-07;4.37335e-06;4.66598e-07;0.000176527;8.42189e-11;1.80875e-06;9.05724e-10;9.80324e-09;5.04665e-05;1.93228e-05
1.64508e-08;2.29345e-06;0.999993;7.12278e-08;4.42204e-08;1.38265e-08;1.26731e-08;1.60892e-07;3.91741e-10;2.52232e-09;2.34641e-08;3.83905e-06;8.29828e-07;3.04584e-10
1.207e-07;9.79266e-06;0.000466227;1.01552e-06;1.66754e-06;3.52995e-07;2.43146e-09;5.7193e-05;6.27449e-07;5.88833e-09;8.69905e-06;0.999413;4.7558e-07;4.10529e-05
5.87619e-06;0.991506;9.94018e-06;4.32398e-06;1.76582e-05;0.000195482;1.17422e-06;0.000385153;2.53407e-06;1.02138e-06;5.84436e-05;0.000209997;0.00737017;0.000232304
1.1991e-07;0.992319;9.28476e-09;2.05765e-08;2.73503e-07;5.12028e-07;4.72483e-06;2.21276e-05;1.30259e-10;2.99465e-06;1.08495e-09;3.32486e-06;3.64785e-07;0.00764628
4.76089e-12;4.86708e-12;1;5.28293e-12;9.52476e-09;4.64549e-10;5.4878e-13;3.15427e-08;5.34286e-14;5.74173e-13;2.70428e-13;7.18959e-10;3.1203e-14;2.94368e-11
1.00077e-08;6.57476e-06;1.20404e-08;1.42012e-09;3.45122e-06;2.10551e-07;3.33926e-12;0.999955;1.9629e-09;3.74864e-11;3.80258e-10;3.29284e-05;7.7544e-07;7.6639e-07
1.22762e-09;0.999701;6.25115e-11;8.8065e-09;8.22468e-08;2.39172e-08;3.6978e-08;1.53218e-06;9.84912e-12;1.15972e-08;4.14965e-10;1.20571e-08;4.90762e-06;0.000292804
2.54028e-06;0.160114;5.54056e-05;2.4297e-05;9.54908e-06;5.59181e-05;0.000310811;0.0810726;7.89757e-07;1.06517e-06;1.76152e-05;0.000114273;0.75822;1.11701e-06
6.33273e-06;0.0844084;3.69612e-06;0.000153297;0.00148314;0.00984684;3.64023e-07;0.0517921;1.5968e-06;1.95339e-05;6.28916e-06;0.0846845;0.766627;0.000966651
2.24661e-05;0.277281;1.63869e-05;0.000269368;0.000200963;7.97557e-05;0.559861;0.000136086;1.50568e-06;0.109394;2.82234e-05;2.60367e-06;7.64638e-05;0.0526307
3.26159e-08;5.89141e-10;0.999987;1.44498e-07;1.50335e-08;2.24428e-08;3.01455e-06;2.69561e-09;8.03157e-08;1.42498e-08;9.56317e-06;2.41749e-07;9.97786e-11;5.7465e-10
2.44506e-05;0.602235;1.61842e-05;3.62787e-06;7.58242e-07;1.29559e-07;0.386281;8.11487e-05;7.12683e-06;0.00166758;8.38121e-05;2.46961e-06;1.26594e-05;0.00958324
3.86753e-11;3.37087e-11;1;5.0435e-11;2.8895e-09;2.65786e-11;8.62786e-09;5.29007e-10;2.20262e-11;3.81746e-11;7.90197e-10;5.63048e-09;4.91814e-15;1.25445e-12
5.5094e-07;0.999139;7.51223e-07;3.05908e-06;3.70981e-05;5.80524e-07;2.83614e-07;0.000179995;5.74234e-08;2.50231e-07;7.09183e-07;3.09584e-05;0.000596251;1.07728e-05
4.02506e-05;0.819721;3.88341e-08;9.08883e-06;3.18077e-05;0.000205165;4.75684e-05;0.0187901;2.11293e-05;2.63205e-07;4.26117e-05;0.0975418;0.0582228;0.00532597
9.63531e-06;0.396243;7.25611e-07;1.76771e-05;0.000810005;0.000558527;7.58833e-07;0.00166861;3.12628e-08;9.21011e-08;1.52345e-06;0.0689589;0.505107;0.026624
4.98218e-05;0.0134318;5.10087e-07;9.46592e-05;0.657;0.00139293;5.32662e-08;0.228612;5.14122e-07;1.22641e-06;7.15045e-07;0.00316431;0.00429503;0.0919564
2.98914e-06;0.00273629;2.80639e-08;2.69548e-08;1.8092e-07;6.0284e-05;5.59979e-07;3.71694e-06;2.06047e-07;8.59014e-08;9.55622e-08;6.64466e-08;0.997195;3.75428e-07
4.1701e-07;9.09195e-05;0.980544;1.6273e-07;6.18867e-07;1.74891e-07;3.67989e-09;1.02024e-07;5.01904e-10;5.83465e-08;9.37978e-10;0.0193599;9.33725e-07;2.77806e-06
1.53879e-06;0.967046;6.62769e-08;1.04988e-05;8.76585e-05;3.17514e-05;1.0256e-05;0.0257518;0.000119973;1.26489e-06;7.05288e-05;2.80202e-06;0.00676516;0.000101257
8.19394e-06;0.000101672;2.52088e-10;5.78087e-08;1.25908e-07;8.46812e-09;6.45283e-09;0.999537;2.04643e-05;1.55932e-08;1.50205e-06;1.67277e-06;0.000328992;5.96236e-08
4.97486e-06;0.026894;1.32414e-06;9.15806e-06;5.54887e-07;4.35294e-07;0.00288744;2.06394e-07;9.89661e-07;0.0138749;3.64267e-06;5.28611e-07;1.11029e-07;0.956322
1.29889e-09;1.03583e-11;0.999999;8.0959e-10;1.59364e-10;1.31617e-10;1.81971e-08;1.85795e-11;7.20742e-09;2.7184e-10;1.14696e-07;6.17419e-07;3.97227e-14;7.35421e-11
8.87927e-05;0.865314;1.22492e-07;1.31203e-07;8.66923e-07;2.18683e-07;2.15628e-06;0.101128;1.80587e-05;1.86502e-07;2.02477e-05;3.14925e-06;0.0334229;1.35658e-06
3.14645e-07;0.00102621;1.52486e-06;4.39586e-07;8.95664e-06;3.0503e-06;6.18997e-09;5.67472e-05;1.19836e-06;1.14688e-07;1.15351e-06;0.998778;2.71059e-05;9.50728e-05
6.18293e-06;0.733278;2.13427e-06;3.74542e-07;9.49276e-07;6.4968e-07;9.72492e-06;5.23978e-05;1.64696e-07;8.53806e-07;4.50808e-07;0.000296092;0.266348;4.42034e-06
0.000275569;0.130037;6.04169e-06;8.18291e-06;0.0119794;0.00266895;1.43604e-05;0.0638213;0.000234209;1.4701e-06;6.42638e-07;0.0715963;0.00360439;0.715752
0.000391882;0.673052;0.0101684;0.000138988;0.00158864;0.000306763;4.74309e-06;0.0328239;0.000233428;1.30384e-06;6.34313e-06;0.206699;0.016962;0.057622
8.89104e-07;0.99805;3.20362e-08;2.24243e-07;4.74694e-07;3.94309e-07;4.26384e-09;0.000888262;5.26383e-08;1.43496e-08;2.35434e-09;4.7989e-05;0.000928612;8.29645e-05
1.36237e-06;0.00646524;1.08103e-08;3.30848e-08;2.89299e-07;1.90556e-06;9.68156e-08;0.00103657;5.28047e-07;1.06047e-07;5.7242e-08;4.1708e-07;0.992492;1.496e-06
1.30509e-09;4.18527e-09;1;5.76815e-10;1.63794e-10;1.63612e-10;2.33594e-10;7.1412e-09;2.39083e-10;1.23964e-10;6.43384e-11;1.73036e-07;1.29449e-09;5.98698e-12
5.41825e-07;0.000551072;0.992573;1.71849e-06;7.68041e-07;1.39973e-07;7.93739e-08;0.00197831;1.97342e-07;5.21984e-07;9.21975e-08;0.00488245;1.92423e-06;8.67623e-06
1.49751e-07;0.000164809;1.05735e-06;3.64853e-05;0.0192847;0.0159081;1.86646e-07;9.30448e-06;2.79405e-07;7.26979e-06;6.06439e-06;2.73116e-05;1.4227e-05;0.96454
1.7813e-06;0.00286974;4.47532e-06;9.22857e-05;6.122e-05;0.00039039;1.9204e-06;0.000304341;5.05308e-07;9.3333e-07;0.000621893;0.977389;0.0182374;2.41748e-05
4.93693e-05;0.834178;6.04693e-05;1.07604e-05;4.61826e-06;0.000481019;1.66621e-05;0.000132773;3.11206e-07;5.87347e-07;5.80713e-05;0.000233227;0.164722;5.28262e-05
8.64742e-08;0.00332711;6.31313e-11;9.21724e-07;1.40408e-06;2.89978e-05;1.75318e-07;0.00242458;1.97073e-06;6.77295e-08;5.1754e-06;3.36394e-06;0.994204;2.06688e-06
5.21645e-05;0.921658;0.0593359;0.00298008;0.000588034;0.000102774;9.00952e-07;0.0110172;2.15445e-07;8.24687e-05;2.20338e-06;0.00291581;0.000325525;0.000939067
2.60142e-06;0.992702;3.18567e-09;3.61973e-07;2.21116e-07;4.43966e-06;6.04547e-06;0.00225349;2.14344e-07;1.64636e-05;2.55843e-07;1.56799e-07;0.00500313;1.09926e-05
2.0973e-10;5.72181e-10;0.999999;1.10931e-09;2.40559e-09;8.65161e-10;1.88807e-10;1.10492e-09;6.10029e-12;1.7894e-10;5.24829e-11;6.88092e-07;5.71052e-12;1.08778e-11
0.000197257;0.94647;0.00255517;0.000582851;2.9131e-05;4.85074e-05;0.00166395;0.00814959;0.000122826;2.73524e-05;0.000653796;0.00172268;0.0377592;1.71671e-05
0.00268319;0.88367;1.94707e-05;0.000276655;7.83274e-05;0.00127659;9.97957e-05;0.00617257;0.00485259;5.57913e-05;0.0082735;0.0688514;0.0161675;0.00752239
0.00112355;0.285958;0.0162462;0.000380791;0.000243462;0.00012057;0.00026311;3.72484e-05;3.02021e-06;0.00616712;7.39106e-06;0.188004;0.000275642;0.50117
4.89574e-08;4.46684e-09;0.999999;8.82119e-10;6.87186e-09;7.76567e-10;3.96428e-08;7.54909e-08;3.91387e-08;3.79842e-09;2.47567e-07;1.57695e-07;1.13086e-10;7.94765e-12
7.86835e-07;0.0105413;1.26844e-07;5.11449e-07;1.51227e-07;8.33089e-06;0.966092;2.96734e-06;0.000190177;0.0229117;9.07479e-05;8.40477e-09;2.29239e-05;0.000137829
1.77155e-11;5.99863e-13;1;1.42065e-11;3.57837e-12;1.10097e-12;1.69389e-09;4.6483e-11;1.7745e-10;2.32807e-10;9.08364e-10;1.2612e-10;5.35586e-16;5.55518e-15
