2.61618e-06;0.993567;1.12759e-05;3.37581e-06;7.01893e-07;1.93957e-06;0.00188021;2.84061e-07;6.79588e-09;0.00443195;1.01752e-06;4.23213e-07;2.66472e-05;7.25228e-05
3.38398e-09;1.03832e-08;0.999998;2.16502e-10;4.7658e-10;5.52132e-10;1.29247e-07;1.82462e-09;1.47352e-10;4.48145e-10;2.08889e-09;1.55439e-06;1.47869e-12;3.18252e-10
2.65994e-06;0.999127;2.08798e-09;5.87383e-09;9.58023e-08;2.06834e-07;4.86391e-06;7.92069e-05;3.71007e-08;2.67736e-08;1.54423e-07;6.15714e-07;0.000784833;3.34301e-08
1.14781e-06;0.000106975;0.00029619;1.87486e-06;0.00010854;0.987318;7.10067e-09;4.80588e-06;5.39388e-08;1.01605e-06;5.33924e-08;0.00167058;0.000666214;0.0098248
4.08696e-06;0.998827;1.69272e-08;3.29272e-08;3.72952e-08;4.28413e-07;0.000236312;0.000417328;3.86562e-08;2.61494e-06;6.48625e-08;3.65646e-06;1.80772e-05;0.000490334
7.41514e-09;1.57862e-07;0.999994;3.80794e-08;5.20454e-09;3.38836e-07;5.08025e-06;3.96519e-07;4.94985e-08;3.23569e-07;2.31633e-08;4.09476e-08;4.47556e-10;4.65556e-08
1.17787e-07;5.22662e-07;0.998988;3.37442e-07;3.01619e-08;3.2184e-08;8.3038e-08;0.00100423;9.12505e-07;5.224e-09;7.74662e-07;3.50353e-06;1.29655e-06;4.083e-09
3.79826e-09;1.41794e-05;6.67102e-05;4.0134e-07;1.15213e-07;3.9129e-08;2.22509e-07;6.03774e-06;2.08915e-08;5.9519e-08;9.01268e-08;2.81927e-05;2.79867e-07;0.999884
1.25226e-08;5.20711e-06;5.19499e-11;8.93466e-08;0.000921635;1.59819e-05;4.79356e-08;0.999053;6.7294e-07;5.68318e-09;1.4549e-07;1.40778e-09;2.59876e-06;3.84884e-07
4.89779e-10;3.98972e-07;0.999985;5.0121e-08;7.41311e-06;6.88593e-07;2.5994e-12;4.45783e-09;4.00529e-13;1.98085e-10;1.53329e-10;5.86688e-06;2.71201e-08;5.89139e-07
4.04745e-08;0.997424;4.5539e-08;4.1491e-07;1.31398e-06;3.97242e-07;5.01612e-06;0.000242736;3.59403e-07;4.85475e-09;4.77017e-06;2.25944e-06;0.0023187;2.13595e-07
5.28378e-10;2.93153e-06;0.999996;5.57059e-08;1.47536e-08;5.56519e-08;2.23915e-08;1.36751e-09;1.21843e-10;1.19193e-09;6.91324e-09;2.66442e-07;6.70723e-07;1.39639e-07
1.86194e-08;0.992229;1.25481e-08;2.62998e-09;1.24646e-07;8.2644e-09;1.36224e-08;0.00753496;3.6198e-10;2.63111e-09;2.71274e-10;5.87985e-07;0.000232347;2.77654e-06
7.15971e-07;0.0108764;1.82674e-08;1.28365e-05;1.85938e-05;0.000354511;5.9024e-07;0.00121022;2.14441e-05;3.24189e-06;2.10673e-05;0.000576178;0.967896;0.0190081
3.11054e-06;0.00781572;0.991227;5.06319e-05;2.35484e-06;4.42667e-07;1.762e-06;2.31532e-05;1.01761e-07;4.27876e-05;3.58962e-07;0.000713177;6.86443e-06;0.000112038
7.23648e-06;4.67986e-06;0.999923;5.51641e-07;1.52585e-06;1.8986e-08;2.35117e-05;1.67394e-06;8.21352e-06;4.7986e-08;2.26929e-05;6.50158e-06;1.50094e-07;3.77178e-08
5.39044e-06;0.0205244;4.06803e-09;1.72647e-06;4.80991e-05;5.45191e-05;2.63029e-06;0.000235097;2.10588e-05;5.61006e-07;4.56828e-06;1.37196e-05;0.978904;0.000184541
3.09462e-05;0.118592;0.839907;4.06994e-06;0.000875615;4.51123e-05;6.02566e-07;0.0112092;3.56836e-08;8.53807e-06;2.3033e-08;0.000863443;0.00475527;0.0237076
2.85849e-06;0.00493666;1.62197e-07;1.65743e-06;0.000224986;0.0169289;2.96857e-06;3.85256e-05;9.4457e-06;1.46774e-05;1.39815e-06;4.165e-05;0.977174;0.000621881
7.0211e-05;0.00174383;0.967744;6.84558e-05;9.97093e-05;0.000231529;0.00353792;5.34894e-07;1.09463e-06;0.00421581;1.74213e-06;0.0216293;2.90356e-05;0.000627058
7.18739e-07;4.41508e-08;0.999972;7.64644e-08;2.35972e-07;4.44801e-08;1.93716e-05;4.09398e-08;5.40398e-06;1.19187e-07;2.16369e-06;7.9779e-08;1.63406e-10;3.65672e-09
3.0548e-06;4.32957e-06;3.50195e-09;9.22683e-09;8.92042e-08;2.02498e-09;3.45165e-08;0.999112;0.000877874;3.72432e-09;1.69211e-06;1.85014e-07;3.5047e-07;7.26058e-10
2.30392e-06;0.989381;2.88829e-08;2.90186e-07;1.57495e-07;1.4424e-08;1.60124e-06;7.4614e-06;2.15888e-07;1.90771e-05;1.2236e-07;1.05082e-06;2.79014e-08;0.0105871
3.20511e-08;4.71654e-06;0.999991;7.24113e-09;6.99077e-08;2.40024e-07;2.05904e-06;3.69099e-07;2.13801e-09;3.06607e-07;2.20014e-08;5.59856e-08;2.48325e-08;1.23777e-06
9.36335e-09;4.81903e-10;1;1.65597e-09;2.53415e-09;2.8341e-10;2.59193e-09;1.44552e-07;1.006e-08;1.53745e-10;1.05727e-08;5.9875e-08;7.14491e-10;4.73003e-12
8.61882e-06;0.000108653;0.98349;2.3357e-06;3.07191e-06;1.20444e-07;1.4055e-07;0.00100187;4.15301e-05;8.58133e-08;1.06939e-06;0.0153352;5.39265e-07;6.62446e-06
1.83964e-06;0.000132856;3.32979e-05;1.52047e-07;0.000105189;6.75841e-05;1.96279e-09;6.50696e-05;1.10944e-07;7.4756e-08;3.71955e-08;0.000393308;1.22666e-07;0.9992
3.28049e-05;0.00181214;1.48026e-08;8.08504e-08;7.93504e-06;2.5038e-06;3.46601e-09;0.997832;7.27533e-07;2.0984e-09;2.46163e-07;0.000178723;0.000117679;1.48985e-05
7.45698e-06;0.112793;2.46898e-08;3.22487e-05;3.12834e-05;2.89618e-05;2.03753e-07;0.0286251;2.40304e-06;1.09328e-06;1.98426e-06;0.000475055;0.857789;0.000212307
5.01948e-05;0.306067;0.528513;0.000823685;0.000236325;3.41167e-06;1.09798e-06;0.0725097;2.03179e-06;1.4876e-05;1.59767e-05;0.0902887;6.38803e-06;0.00146734
1.24322e-06;0.123035;7.03713e-09;1.0547e-05;0.000408124;1.68084e-05;0.000164024;0.000122915;1.75937e-06;2.87478e-05;9.00605e-06;2.89488e-06;2.02609e-05;0.876179
0.00355522;0.0803381;2.30408e-05;6.53193e-05;3.57112e-05;2.90489e-05;0.715343;0.0100949;0.0185845;2.45057e-05;0.085623;0.000416713;0.0858527;1.44411e-05
3.7133e-05;0.792196;1.0073e-07;1.05344e-05;6.12534e-05;8.09171e-05;2.37239e-06;0.00276746;9.38919e-05;3.45351e-07;1.13492e-05;0.00201149;0.202451;0.000275957
0.000575573;0.458821;1.09542e-05;0.000928587;0.00303736;0.0453263;3.97525e-06;0.00565788;0.00490409;0.000198739;0.000177753;0.0406174;0.438366;0.00137378
0.00375917;0.178937;0.604464;0.00287941;0.0505213;0.00161912;1.25435e-05;0.0276149;5.28867e-05;0.000254552;0.000106257;0.121395;0.00547731;0.00290597
0.000234728;0.0667142;1.97976e-06;2.77816e-05;4.25592e-06;3.38776e-05;0.889781;0.00110357;0.00192669;0.00511377;0.01361;6.77293e-07;0.0214152;3.18756e-05
3.09133e-09;3.27531e-09;1;1.28338e-08;1.82414e-09;4.89311e-09;3.08931e-08;4.39886e-09;6.12497e-09;1.47228e-08;8.03079e-08;1.90116e-07;8.69543e-12;8.1326e-11
0.000370247;0.593769;0.00526109;2.11233e-05;7.32398e-06;6.43611e-07;8.43461e-06;0.333488;0.000187732;2.96319e-06;0.0016093;0.064562;0.000711359;1.15186e-06
2.74383e-07;0.998411;3.90666e-09;4.908e-06;1.02397e-06;3.51121e-07;0.000308011;7.66849e-05;1.12147e-06;0.000371508;2.91139e-05;2.72816e-06;7.50636e-05;0.000718087
2.65262e-07;7.80399e-06;0.999884;4.28968e-06;5.91954e-07;1.76584e-06;8.89705e-06;1.36762e-06;2.40003e-07;5.23009e-07;3.92102e-05;4.78584e-05;2.99122e-06;1.06525e-07
2.82265e-06;0.998693;5.20536e-08;1.53079e-05;1.01682e-05;2.49701e-06;2.63371e-05;0.000688115;4.06785e-05;7.16449e-06;0.000167443;3.49426e-05;0.000282596;2.91363e-05
1.19725e-05;0.00011001;3.29182e-06;6.26831e-05;0.457087;0.188325;2.18345e-06;0.00036643;3.41801e-05;9.62915e-05;1.98034e-05;0.000376178;0.000208994;0.353296
0.000274981;0.100661;2.59867e-08;5.58498e-06;6.71838e-05;4.53414e-06;8.71854e-06;0.00273899;0.000123317;6.59426e-07;3.8324e-05;6.09484e-05;0.89601;5.64294e-06
0.000195793;0.0073083;1.77113e-05;1.3379e-05;3.19069e-05;4.76821e-06;1.0518e-06;0.00262635;7.61735e-05;2.01731e-06;1.55046e-05;0.973486;0.0161954;2.61449e-05
2.95419e-06;0.99715;2.1597e-07;1.45127e-07;8.95933e-08;2.02522e-08;2.45695e-06;7.73155e-06;9.69405e-08;1.30488e-07;7.83216e-08;0.00275862;7.75822e-05;1.43526e-07
1.6382e-06;0.000400383;6.99774e-07;0.000273173;0.026864;0.000119174;1.42329e-05;0.00815967;0.000327999;8.03153e-06;0.00036001;0.96315;8.08907e-06;0.000312741
0.000112999;0.508843;0.0208761;0.0036341;0.000496521;0.00556185;6.29853e-05;0.00170582;3.92387e-06;6.95745e-05;0.000171294;0.0024558;0.45595;5.65915e-05
6.95346e-05;0.697906;3.24314e-09;5.85703e-06;2.09426e-05;1.59414e-05;1.0471e-05;0.000557858;3.48585e-06;5.08514e-07;1.63701e-05;0.194093;0.106543;0.000757233
0.00120425;0.0232796;0.000197755;4.56511e-05;0.144657;0.000953812;4.44461e-06;0.143014;1.27754e-05;2.33107e-06;2.12519e-06;0.0069098;0.0234883;0.656228
0.00272246;0.147369;5.77788e-06;0.00118068;0.00605439;0.000800102;0.000198267;0.0330802;0.0112021;8.37108e-05;0.00132398;0.536152;0.238784;0.0210432
3.40568e-05;0.998041;0.000125472;5.15276e-07;7.15828e-07;6.45871e-07;1.49895e-05;0.00112106;5.39411e-07;1.12651e-07;8.92483e-06;0.000317206;0.000335003;1.70008e-07
4.94113e-08;0.000209849;3.45095e-06;3.86591e-06;5.70247e-05;1.99439e-05;1.67948e-08;0.00134627;3.81451e-07;1.11388e-07;1.95194e-07;0.994394;0.000327058;0.00363811
6.16939e-06;0.0321803;2.80964e-10;9.74475e-06;4.87286e-06;1.34714e-05;8.75173e-06;0.000713978;1.69055e-05;6.19356e-07;0.000222627;0.00036306;0.966458;1.11501e-06
0.000289407;0.000417291;0.00467754;2.83947e-06;9.98446e-05;3.64273e-07;1.01675e-08;0.000314346;4.54979e-06;3.58682e-08;2.53217e-06;0.990784;0.00340716;5.77576e-07
5.73187e-06;0.962911;8.91301e-09;8.44969e-07;4.86506e-05;3.12761e-07;6.13913e-06;0.035561;8.08575e-06;1.41814e-06;1.358e-06;0.000556074;0.000812525;8.72047e-05
1.3288e-05;0.0124945;0.00572204;0.00102567;0.955986;0.000273282;9.68858e-08;0.000834695;2.90028e-07;2.85864e-05;1.17581e-05;0.00466518;0.0024473;0.0164968
9.7427e-06;0.998458;3.49883e-11;6.78464e-08;8.77576e-09;8.90149e-10;0.00125007;0.000137378;1.02395e-05;3.48921e-06;3.10794e-05;1.18961e-07;5.78818e-05;4.21795e-05
5.72381e-08;2.40317e-07;0.999977;1.31182e-08;5.30669e-08;3.37688e-10;2.8494e-07;1.81775e-07;9.65633e-08;8.57916e-09;3.48212e-06;1.89655e-05;9.38387e-10;1.34728e-09
2.20005e-05;0.00860087;4.53193e-08;1.74328e-06;0.000319031;0.000221923;6.87779e-07;0.967419;0.000268312;4.43123e-07;1.97191e-05;8.79092e-05;0.0227856;0.000252454
1.53144e-06;0.00628411;3.52059e-09;1.53676e-06;6.1904e-06;8.91375e-06;2.7769e-07;0.00118456;9.50118e-06;2.77235e-07;2.85711e-05;0.00125608;0.991213;5.72801e-06
2.83894e-05;0.00472399;5.86672e-06;4.26427e-05;0.000111369;7.90971e-06;8.42739e-07;0.000106482;0.000108827;2.46397e-06;0.000119143;0.993815;0.000628219;0.00029895
0.000114282;0.993748;5.81168e-06;0.000166009;8.3635e-05;6.71928e-06;0.000128002;0.00453718;1.31824e-05;4.68265e-05;2.7356e-05;0.000329835;0.000733637;5.96872e-05
1.93272e-06;0.0192492;2.05716e-05;5.80215e-06;1.12518e-06;5.94396e-07;3.72206e-07;4.59086e-05;4.11455e-07;8.30209e-07;6.3888e-06;0.000288568;0.980377;9.97531e-07
0.000196578;0.241774;5.76046e-06;2.28813e-05;0.000837131;0.000106146;0.000177204;0.00469612;0.00031343;5.97873e-06;0.0108913;0.723514;0.00211417;0.0153457
0.000590448;0.214256;3.33462e-05;0.000125346;0.0997755;0.00162234;2.33155e-05;0.398445;0.000470067;4.16903e-06;0.000580421;0.00400467;0.240027;0.0400423
0.00041945;0.810065;5.32127e-09;8.56719e-06;4.41451e-05;0.000173704;5.0382e-07;0.0112838;5.40671e-05;1.66159e-06;2.52115e-06;0.0538033;0.112648;0.0114959
3.9976e-06;0.00122014;3.64417e-11;4.82831e-07;9.09704e-08;7.08194e-06;4.38863e-08;6.62177e-05;3.33546e-05;4.29975e-09;9.90636e-06;6.65487e-05;0.998592;1.24297e-07
3.24969e-05;0.00391038;4.34209e-07;3.52345e-06;5.21807e-06;9.40039e-06;5.45851e-09;0.000418453;3.87531e-06;1.26434e-07;1.03858e-06;0.986891;0.00868271;4.08205e-05
2.73988e-05;0.980393;1.03061e-06;3.02242e-06;6.46907e-05;2.98049e-06;8.00232e-07;0.00257054;2.75482e-06;3.39543e-07;8.44351e-07;0.00389802;0.0126454;0.000389207
1.57852e-06;0.143225;5.95946e-11;9.89205e-06;1.62068e-05;3.68089e-07;0.000950224;0.00866653;1.20008e-05;0.000137243;6.6096e-06;1.03899e-07;8.90995e-05;0.846886
7.23696e-09;1.94034e-08;0.999993;8.63832e-08;4.46938e-09;2.30298e-12;4.66537e-07;1.03994e-08;2.03908e-07;3.14661e-09;1.76397e-06;4.40893e-06;2.68796e-12;4.02693e-11
2.25065e-05;0.000509513;6.93824e-09;6.06924e-05;1.7546e-06;1.93016e-07;0.000338889;0.000171306;0.984026;8.03481e-07;0.0147579;2.16348e-05;7.99012e-05;8.79513e-06
0.000104325;0.994335;1.76786e-07;1.52546e-05;9.30926e-06;1.23091e-06;2.97169e-05;0.000890973;0.000143086;2.02551e-06;3.84785e-05;0.00216387;0.00184901;0.000417536
4.00022e-06;0.00107001;7.18064e-06;6.99996e-07;2.66298e-05;4.87582e-07;6.99637e-09;0.00717749;1.68118e-07;8.75408e-09;5.29112e-08;0.989435;0.00206108;0.000217171
2.00208e-05;0.0133033;1.45457e-09;0.000182458;0.00799206;2.84367e-06;0.00082714;0.960096;0.0154221;8.76146e-05;0.000870486;0.000113595;0.000585464;0.000496833
0.00013027;0.0110414;0.986171;0.000638419;0.000252762;0.000161549;3.93461e-05;1.24499e-05;1.85198e-05;8.94291e-06;7.36859e-05;0.000520289;0.000306458;0.000624952
0.000478313;0.0649808;2.05683e-07;2.46897e-07;2.14664e-05;5.29784e-06;1.45969e-06;0.909856;3.67316e-05;1.05335e-07;5.41735e-05;2.38161e-06;0.0245084;5.42884e-05
2.10595e-09;1.78232e-05;2.30356e-08;3.02468e-09;2.5093e-08;1.18807e-09;1.53852e-11;3.17449e-08;1.63557e-09;1.27936e-10;3.63966e-09;0.99998;5.70445e-07;1.07998e-06
2.5937e-06;0.991238;2.87259e-08;1.74634e-07;1.73043e-05;5.18776e-08;2.55294e-07;0.00188253;1.62855e-07;4.08909e-08;2.42666e-07;7.24404e-05;0.00677027;1.57446e-05
2.18724e-06;0.00623989;0.000114537;3.40662e-08;2.45347e-07;3.83109e-09;5.63166e-08;0.00271326;1.21795e-07;1.06687e-08;2.34486e-08;0.99089;3.00608e-05;9.91066e-06
2.04945e-05;0.010394;1.87334e-07;2.78348e-06;3.08416e-05;0.000695664;1.05155e-07;0.980398;4.37491e-05;7.03931e-07;1.74252e-06;0.00425105;0.00403955;0.000121504
2.88321e-05;0.998424;1.69128e-07;2.94055e-07;2.14099e-07;2.76688e-06;9.99357e-05;0.000592074;3.86985e-07;3.45656e-05;8.80575e-08;6.14025e-07;6.08954e-05;0.000755359
8.72701e-10;9.45126e-09;1;3.19477e-10;1.3782e-09;5.12321e-09;1.28929e-07;1.76694e-08;9.09225e-10;4.29484e-08;1.45044e-10;5.89854e-10;3.17581e-11;4.14125e-11
1.5364e-09;3.77212e-09;1;1.29548e-09;3.73357e-10;8.32475e-10;2.98757e-09;2.62668e-08;6.93752e-09;1.94151e-10;9.51077e-10;2.36643e-07;9.71565e-10;1.61517e-11
3.58534e-07;0.00168021;0.000866134;7.93254e-06;7.22276e-06;1.86033e-05;4.89854e-08;0.00061506;7.16604e-06;3.87582e-07;8.18577e-06;0.995169;3.82429e-05;0.00158124
5.60594e-07;0.99297;3.8587e-07;3.6666e-07;8.25065e-06;0.000416203;2.20649e-07;0.000138241;5.31982e-09;1.1212e-07;1.03221e-07;1.76396e-06;0.00599502;0.000468619
1.25095e-09;0.000292665;7.2685e-08;2.2251e-07;3.26549e-06;5.3947e-05;1.91188e-10;3.54399e-05;2.88258e-10;6.89727e-10;2.21195e-08;0.987664;1.96306e-05;0.0119305
1.27378e-08;0.998808;6.60334e-10;2.08698e-08;7.2904e-08;3.23229e-06;1.27499e-06;3.96589e-06;6.83376e-11;5.7011e-08;1.15743e-09;3.86123e-09;0.00100404;0.000179056
3.3426e-10;5.15598e-08;0.99999;1.17757e-09;1.0728e-08;5.05557e-09;4.52012e-11;1.83511e-07;1.74346e-12;4.79993e-11;2.71316e-11;9.29719e-06;3.04361e-08;1.08119e-09
9.85214e-06;0.142663;7.19674e-07;0.00123578;0.000384714;0.000276999;0.000107017;0.051745;0.000916996;4.03518e-05;0.0110508;0.0324055;0.757388;0.00177571
1.0116e-06;0.957207;2.7838e-05;0.000756681;0.000386404;0.00444791;1.33132e-05;1.29325e-05;8.27101e-09;0.000321289;3.59679e-06;4.71261e-06;0.0278416;0.00897528
4.6703e-06;0.00682173;0.00655183;0.000107668;1.41736e-05;5.29834e-06;4.70057e-07;9.05647e-06;7.78256e-08;1.3373e-07;5.40178e-06;0.986351;0.000118329;9.7782e-06
0.00427534;0.577556;2.65815e-07;0.000453407;0.000510834;0.000515869;0.000293716;0.283325;0.017256;1.92183e-05;0.0930983;0.00353604;0.0179037;0.00125525
2.77862e-06;0.99644;1.37984e-09;6.85588e-07;2.06827e-07;4.80416e-07;0.00105675;3.40744e-05;2.26854e-07;0.000408008;1.53437e-07;1.8203e-07;5.36184e-05;0.00200261
1.43772e-09;2.40067e-11;1;1.89724e-10;4.15046e-10;1.72301e-11;4.43214e-08;1.01498e-09;1.45464e-09;6.9444e-10;1.30196e-09;2.09097e-07;4.24133e-14;1.5165e-12
2.6899e-05;0.617033;3.56322e-06;1.05697e-05;1.57706e-06;1.68109e-06;1.5472e-05;1.1741e-05;4.00566e-06;1.81587e-06;1.11741e-05;1.39286e-06;0.382864;1.26001e-05
1.02117e-05;0.00330254;1.72952e-05;4.7686e-07;3.85993e-07;4.34431e-08;5.02052e-07;0.0072827;4.83458e-05;1.29979e-08;9.15617e-05;0.986902;0.00234102;3.33409e-06
3.23399e-06;0.0397046;1.02398e-08;8.66017e-06;0.0105539;6.31666e-05;1.40412e-06;0.94012;1.23885e-05;9.37426e-07;4.8028e-05;0.000313149;0.00910315;6.73347e-05
2.80647e-05;0.303685;0.614519;0.000128343;0.00357888;0.00328403;1.49782e-05;0.0469432;5.09173e-07;0.000258044;3.07999e-06;0.000430328;0.0229269;0.00420046
6.62478e-09;2.77288e-09;1;2.83166e-09;2.36638e-09;7.9897e-09;2.75344e-09;2.20794e-08;1.20983e-09;1.79204e-10;1.61857e-07;3.04403e-08;1.45715e-08;5.88069e-10
1.12355e-07;2.59019e-06;0.998273;1.44138e-07;3.08213e-08;5.33404e-08;6.3831e-08;0.000231838;5.28246e-08;1.99804e-08;1.09524e-06;0.00148534;2.23719e-06;3.0076e-06
1.0272e-08;0.000188203;2.66782e-05;5.50004e-08;1.40035e-05;6.03128e-05;2.70395e-10;8.75143e-06;1.32132e-11;3.17226e-08;1.20196e-09;9.73507e-06;1.76704e-07;0.999692
8.39695e-07;0.910968;3.08145e-07;3.07604e-07;7.44216e-07;3.12386e-05;4.53322e-06;0.00101811;5.90966e-09;5.50992e-07;6.36782e-07;2.8297e-07;0.0879555;1.88417e-05
4.11616e-09;3.08342e-07;0.999999;3.35091e-08;8.06661e-09;7.34299e-08;4.16315e-09;5.73934e-07;3.31572e-10;2.0944e-09;2.13594e-09;5.53802e-07;9.7327e-09;1.76523e-09
2.21559e-07;4.8974e-05;0.995679;1.99828e-06;1.14358e-07;2.51555e-06;4.79069e-08;0.000123895;5.15092e-09;2.54545e-07;2.00481e-08;0.00401382;1.1829e-06;0.000128045
1.73956e-07;0.00239409;6.52661e-07;1.8879e-05;0.0287383;0.0205059;2.04886e-08;0.000186683;2.92522e-07;1.34628e-07;1.56928e-05;4.31648e-05;0.00283802;0.945258
2.8099e-07;0.00572579;9.59643e-08;5.35133e-07;0.00115647;1.22386e-05;5.38946e-08;0.980441;1.50341e-08;1.75187e-07;2.04457e-06;0.000125577;0.0125165;1.92415e-05
1.72803e-06;0.000142267;0.0559135;0.000627685;0.143023;0.692994;3.0631e-07;0.000155344;5.66439e-08;1.9541e-05;1.34853e-06;3.62588e-05;0.00242815;0.104656
2.77454e-06;0.999213;0.000164428;2.09046e-07;3.01079e-06;5.88643e-06;2.02085e-07;0.000103907;6.67103e-10;2.60976e-08;5.17534e-10;2.70051e-07;0.000503785;2.50683e-06
6.95256e-08;1.11718e-06;0.999779;7.31637e-09;2.99634e-08;2.14649e-09;1.75583e-09;0.000218523;2.14119e-09;2.54734e-10;8.21317e-10;1.19226e-06;3.17878e-07;1.40578e-10
5.88293e-09;3.45211e-06;0.00014365;1.26831e-08;5.36593e-07;1.72821e-08;5.12812e-09;8.60217e-06;9.75159e-10;8.53308e-09;1.16149e-10;0.000279826;6.90723e-08;0.999564
1.4617e-08;1.38033e-05;9.92795e-11;1.43923e-09;0.000314062;3.47022e-06;2.37773e-09;0.999668;1.56669e-07;7.16982e-10;5.03382e-10;5.81393e-09;7.58687e-07;1.59807e-07
4.49176e-09;8.61789e-06;0.999771;4.42563e-08;6.96565e-05;3.87242e-06;5.95962e-12;9.7588e-09;6.11902e-13;7.7578e-10;1.69696e-11;0.000129122;2.3794e-07;1.7698e-05
4.79893e-09;0.999938;2.17234e-09;4.79646e-09;2.90929e-07;1.27172e-08;1.46e-07;4.8722e-05;5.90085e-09;3.47851e-10;5.50647e-09;5.22806e-07;1.20484e-05;3.88805e-08
8.64566e-10;2.17157e-06;0.999996;2.90578e-08;1.43374e-08;2.00725e-08;8.41571e-09;5.43599e-09;8.96814e-11;1.28769e-09;5.13126e-10;2.65676e-07;8.07472e-07;3.55431e-07
1.15987e-08;0.997247;3.04967e-09;7.36258e-10;2.28879e-08;3.18066e-09;1.22479e-08;0.00268039;1.72302e-10;1.52795e-09;6.13582e-11;2.91826e-07;7.06045e-05;1.47095e-06
1.12465e-07;0.00154601;1.95216e-08;1.02472e-06;6.00658e-06;0.000201611;1.43052e-07;0.000369215;1.35131e-06;1.10543e-06;9.15948e-07;0.00010656;0.995579;0.00218679
5.05246e-07;0.00179305;0.997792;4.62147e-06;8.54013e-07;3.53952e-07;7.65751e-06;5.32831e-06;1.31745e-08;0.000127801;2.6428e-08;0.000245379;1.12085e-06;2.11152e-05
1.7189e-08;2.01011e-08;0.999999;3.17668e-09;8.18095e-08;5.81374e-10;1.63073e-07;1.92043e-08;1.95645e-08;3.57351e-10;1.47137e-07;7.80421e-08;7.35749e-11;4.2407e-11
1.51791e-05;0.932571;6.20251e-06;4.34106e-07;2.15872e-06;5.22828e-07;8.35488e-07;0.0378011;1.93624e-05;2.17927e-06;1.63108e-06;0.0216886;0.0078812;9.74258e-06
0.000160692;0.620367;0.000217069;4.41887e-06;0.000378269;0.000473284;5.59762e-05;0.021506;0.000134071;1.67662e-05;0.000653681;0.31938;0.0362789;0.000373637
1.78469e-06;0.000588917;9.23976e-09;2.06016e-07;2.70807e-06;1.27824e-06;4.97936e-08;0.00250346;2.52117e-07;6.73487e-08;5.09961e-07;0.000105564;0.996793;2.01777e-06
3.35094e-05;0.00375608;1.48757e-08;0.000215154;3.55493e-05;0.00144487;2.80387e-06;0.00105759;0.000821161;9.99519e-06;0.000272692;6.4648e-05;0.963861;0.0284245
6.61175e-06;0.0257647;0.972447;3.76574e-05;0.00010299;6.44814e-07;2.99946e-08;0.00135468;1.79855e-08;3.49142e-07;9.16918e-08;0.000227544;1.61376e-05;4.1483e-05
0.000310911;0.35035;3.01992e-05;0.00178749;0.00134215;0.0160877;0.00017199;0.273703;0.0028187;0.000355814;0.00316373;0.192794;0.146759;0.0103255
8.54953e-05;0.00784225;1.70652e-08;3.8834e-05;3.12095e-05;0.000524062;2.57671e-06;0.136848;2.88195e-05;2.88498e-06;0.000649182;0.000149952;0.853606;0.000190697
4.51407e-05;0.000737729;5.89841e-07;1.03675e-05;4.87971e-06;2.20681e-07;2.35419e-07;0.000747362;0.000134831;9.87921e-07;8.87241e-05;0.998145;6.49496e-05;1.93095e-05
9.25881e-06;0.920431;0.00289686;8.36723e-05;2.06049e-05;4.6855e-05;1.31517e-06;8.61226e-06;1.19659e-07;3.17629e-06;6.48869e-06;0.000300808;0.0761786;1.28776e-05
2.90567e-07;0.0217988;1.36182e-06;1.16038e-06;1.02619e-07;7.17069e-07;4.4398e-07;9.44332e-05;2.13002e-06;2.39606e-08;8.04114e-05;0.977898;9.25627e-05;2.99108e-05
1.03145e-07;0.999539;3.57299e-10;1.25243e-06;2.97931e-07;7.30509e-08;0.000182884;1.81114e-06;9.24676e-08;2.70248e-05;5.40015e-06;6.76218e-09;2.95105e-07;0.00024201
7.83785e-07;1.29754e-06;0.999693;4.96406e-07;4.18618e-07;5.05441e-08;5.45328e-07;1.27872e-06;3.30843e-07;7.09882e-09;3.437e-06;0.000241053;5.6871e-05;5.71423e-09
8.04653e-07;0.972821;5.81193e-07;7.80173e-08;5.34132e-05;6.15753e-07;1.19317e-05;0.0270395;6.05338e-07;1.10177e-06;4.5212e-07;2.98195e-07;3.22765e-05;3.74941e-05
1.09937e-05;0.000511527;0.0113677;2.48201e-05;0.00463492;0.000135321;7.017e-09;0.000112306;5.4769e-08;2.28462e-06;9.3451e-07;0.979801;2.00426e-05;0.00337848
5.52607e-05;0.988319;6.56769e-09;4.00714e-06;1.11604e-05;2.26462e-06;3.62839e-05;0.0045689;0.00150655;3.18712e-07;0.00020674;9.96761e-05;0.00457241;0.000617793
4.01861e-06;0.999511;5.723e-10;5.76822e-08;4.19345e-08;2.39636e-09;1.29908e-07;1.40196e-05;1.14909e-07;4.96376e-08;1.87576e-08;2.47118e-05;0.000445264;3.71155e-07
6.91277e-06;0.00112438;0.000135591;4.86819e-06;0.00042124;3.39427e-06;1.98489e-08;1.71513e-05;5.63988e-07;2.38437e-06;5.09912e-08;0.994563;0.000109686;0.00361121
9.6651e-05;0.00624558;8.55872e-09;4.1547e-06;0.000514375;1.28818e-05;0.000380666;0.970946;0.0216392;2.42425e-06;0.000107088;1.89839e-06;4.41718e-05;5.06785e-06
0.000358929;0.758111;0.224055;0.000127972;0.00351142;0.00263562;2.53834e-06;0.00104019;4.86082e-06;9.72065e-06;5.26827e-07;0.00569873;0.00356564;0.000878155
0.000342802;0.00115125;8.32312e-09;4.04545e-07;0.000477339;6.96874e-05;1.15527e-07;0.644443;6.86621e-05;7.32824e-08;2.1338e-05;0.000777273;0.352574;7.41689e-05
6.46383e-05;0.00211763;6.60344e-07;1.71376e-05;1.99872e-05;8.71547e-05;9.74039e-07;0.00079715;0.0011399;6.30353e-06;0.00013766;0.680152;0.315455;4.05541e-06
0.000125038;0.890574;0.103961;0.00103356;0.000156903;2.42353e-05;0.000153903;0.00251862;8.25768e-05;6.46225e-05;9.01998e-05;0.000912508;0.000237533;6.57718e-05
4.49543e-05;0.193607;2.42379e-07;1.58506e-05;1.9899e-05;4.87495e-06;1.96974e-05;0.670321;0.000801113;3.00147e-06;0.001661;0.00356696;0.129912;2.18349e-05
6.90366e-05;0.992086;5.33619e-09;2.15028e-06;1.82339e-05;2.18437e-06;0.000164889;2.81084e-05;2.38011e-06;3.97835e-05;6.55418e-05;0.00698992;0.000356046;0.000175248
0.0193529;0.0120239;0.0436589;0.00371997;0.354795;0.00700042;6.1532e-05;0.00594133;0.00708294;0.000133665;0.00100485;0.516048;0.00533241;0.0238447
0.00020247;0.997347;1.65836e-10;5.54841e-09;4.20793e-07;2.64713e-07;0.000122707;0.0014198;1.15769e-05;3.66263e-06;2.10255e-07;3.71191e-09;4.87851e-05;0.000843223
1.39781e-09;1.31975e-11;0.999981;5.52082e-12;3.20982e-09;6.29468e-10;3.72834e-12;2.68254e-09;2.5676e-10;1.96568e-12;2.75309e-11;1.94701e-05;4.0674e-12;8.53068e-13
0.000110326;0.0242892;1.22792e-05;3.35473e-05;0.000865453;0.000478939;0.000108639;0.914113;0.0404208;4.31885e-06;0.000906891;0.000486731;0.010772;0.00739792
3.65528e-05;0.00361407;1.90627e-08;1.36578e-06;1.30145e-05;1.45751e-06;5.93474e-08;0.709797;3.44944e-05;9.42263e-08;6.79672e-06;0.000267846;0.286207;1.9384e-05
7.24642e-07;0.000612337;2.02992e-09;3.16257e-07;1.43904e-07;1.40942e-09;3.07151e-09;4.44005e-05;3.5698e-06;3.16441e-08;4.45071e-07;0.99932;2.07447e-06;1.63508e-05
2.06481e-07;0.998978;3.23307e-07;5.31311e-06;6.05936e-07;1.97745e-07;1.30622e-07;5.02638e-07;3.33129e-08;6.3445e-07;5.8943e-07;1.10736e-05;0.00100042;1.71429e-06
5.49336e-07;0.000810005;4.42992e-10;3.34273e-06;4.03479e-07;2.04339e-05;1.08798e-07;0.000101925;1.74354e-06;4.12734e-08;1.2882e-05;0.0045891;0.994458;1.75973e-06
2.043e-05;0.00799657;0.982793;0.000170741;0.00194865;0.000197453;4.09415e-07;0.0013021;3.29925e-08;4.15132e-06;8.82863e-07;0.000194966;0.000356106;0.00501486
1.06254e-08;1.58004e-05;6.88718e-12;4.54903e-08;2.39842e-09;1.71614e-06;3.8969e-08;1.81406e-08;1.40531e-07;4.17798e-09;2.25537e-06;2.75311e-08;0.99998;3.00718e-08
6.60698e-07;9.15649e-05;0.999816;1.26846e-06;2.07246e-07;7.87393e-08;8.99511e-09;1.59507e-07;1.9075e-09;2.83262e-08;1.80476e-08;2.56058e-05;2.02646e-08;6.42117e-05
1.91713e-06;0.98848;8.38376e-08;9.31565e-06;6.57119e-05;5.39024e-05;4.23142e-06;0.00129468;4.65691e-06;1.12955e-07;2.9297e-05;7.30804e-05;0.00853906;0.0014442
3.46974e-06;0.97546;6.83373e-07;3.39233e-05;1.07202e-05;8.92837e-05;1.50823e-07;0.000353953;3.50161e-06;4.99751e-06;4.26379e-06;0.0139331;0.00906398;0.00103812
3.33512e-06;0.000148446;5.98298e-06;5.13811e-05;0.0122215;0.017697;4.23505e-07;3.89016e-05;2.0794e-06;2.27323e-05;1.98289e-05;0.0100552;9.57321e-05;0.959638
4.65948e-07;0.986561;1.2751e-09;8.23887e-08;1.56051e-07;1.71854e-07;3.10562e-05;0.0122095;4.48966e-06;3.12058e-07;1.03438e-05;5.4012e-08;0.00118161;8.47896e-07
5.93028e-10;3.07097e-08;1;3.08307e-10;2.90629e-08;1.5642e-10;1.12814e-08;5.41443e-10;1.96904e-11;2.59134e-09;6.08901e-10;5.95025e-08;7.68889e-13;3.33916e-09
3.81166e-06;0.600343;1.667e-06;4.15859e-07;4.82933e-07;7.54881e-08;3.18114e-07;5.96967e-05;3.32382e-05;3.70907e-08;5.09901e-06;0.357778;0.0417732;8.39194e-07
3.86869e-05;0.0563836;4.95849e-07;5.40241e-05;6.25551e-05;0.00108206;6.99604e-05;0.131897;0.00192087;1.0418e-05;0.000108971;0.0213175;0.78445;0.00260386
0.000621889;0.386184;0.000401199;0.000843073;0.000619517;0.0026386;3.45244e-05;0.0652634;0.00145397;5.70923e-05;0.000772193;0.129604;0.0147592;0.396747
0.00130134;0.342747;1.41437e-05;2.73398e-05;0.00165283;0.00152662;7.65697e-05;0.348371;0.000538029;0.000157642;0.000113862;0.00100377;0.103607;0.198862
3.52005e-05;0.044926;0.00977468;5.21424e-05;0.000102711;0.000127195;3.60157e-06;0.000482807;1.02654e-05;1.00135e-05;7.35634e-06;0.914211;0.000496577;0.02976
2.35455e-06;0.955585;1.23212e-08;4.80245e-07;2.93817e-07;6.49624e-07;0.000388057;0.000428566;1.5296e-06;3.92211e-05;1.52718e-06;3.95183e-07;0.000174687;0.0433771
9.1413e-10;6.30836e-11;0.999998;1.44229e-10;1.52211e-10;3.16024e-11;4.98527e-10;2.78812e-09;4.34834e-10;5.1705e-11;8.00746e-10;1.72302e-06;3.60768e-13;1.8133e-12
0.000390935;0.281329;2.41139e-06;0.000524239;0.000170406;0.00123385;0.000734933;0.183232;0.257911;4.77504e-05;0.0415166;0.000594814;0.232002;0.000310878
0.00064406;0.901813;0.0412239;0.000164168;2.78607e-05;3.17871e-05;8.12739e-06;0.00144171;5.4008e-06;5.67512e-05;6.6113e-06;0.0334851;0.0190483;0.00204347
0.00264733;0.231757;0.000532432;0.000416843;0.00125953;0.00298232;0.00234043;0.145326;0.000437504;0.000149683;0.0005218;0.489899;0.109196;0.0125338
5.32514e-06;0.828414;1.40456e-09;1.5251e-05;4.03316e-05;0.000944901;0.00352731;0.000246513;7.77235e-06;0.00294369;2.02066e-06;4.0976e-08;0.000678293;0.163174
2.12638e-08;3.03482e-09;0.999998;3.39695e-08;5.49559e-09;1.72115e-07;1.70272e-07;6.28349e-09;1.31518e-08;2.40429e-07;1.1739e-07;1.34632e-06;5.74678e-09;1.80947e-10
2.72141e-05;0.983581;0.000457293;1.6237e-05;2.98629e-06;3.15334e-06;0.00603419;0.000470008;6.30171e-05;0.00011523;3.87805e-05;2.57047e-05;0.00916422;7.40821e-07
2.15132e-10;4.49167e-09;0.999999;7.75411e-10;1.25202e-10;1.91947e-11;4.66815e-07;2.07321e-09;7.05063e-10;5.40993e-09;2.33824e-09;5.84303e-08;2.72057e-12;8.65602e-12
1.45682e-05;0.0230275;0.000461743;0.000280229;3.24832e-06;9.49753e-06;0.000961703;0.00329059;0.00217205;1.14126e-05;0.0106164;0.956889;0.00224259;1.91176e-05
3.28341e-05;0.152947;5.37888e-08;1.65757e-05;0.000232311;1.46836e-05;3.55884e-05;0.807693;3.88544e-05;5.58123e-06;0.000137782;0.000817927;0.0377775;0.000249876
6.87595e-05;0.0280608;0.000126757;2.98449e-05;5.42021e-05;8.28607e-06;0.000115788;0.000273128;3.26955e-06;2.27946e-05;2.4703e-05;0.954048;0.000999237;0.0161645
5.33043e-05;0.957833;6.09334e-05;5.63215e-05;2.24947e-05;0.000186394;0.000110217;0.00282598;8.5978e-06;1.04399e-05;4.56598e-05;0.0338966;0.0028885;0.00200144
5.54367e-07;0.998717;1.29236e-07;1.29565e-07;1.83243e-07;1.201e-08;0.000417064;0.000611913;3.31961e-07;2.06171e-05;1.62803e-07;1.61647e-06;2.45164e-05;0.000205939
2.77963e-09;1.29021e-09;1;1.4037e-09;2.13047e-09;2.80958e-10;7.58789e-09;4.06324e-09;4.27037e-09;4.94626e-10;2.0101e-09;1.13764e-07;3.69315e-12;1.6781e-11
4.68317e-07;1.02168e-05;7.36313e-10;2.22609e-10;1.28916e-07;6.53637e-10;5.03241e-10;0.999988;4.87503e-07;3.48155e-10;3.71474e-09;3.35633e-07;5.72356e-08;1.29069e-08
1.27831e-06;0.000215327;2.84357e-06;9.92367e-06;0.00207916;0.00591921;5.35232e-08;0.00227646;2.23108e-06;3.96615e-06;2.10733e-06;0.00781574;0.000520656;0.981151
1.5903e-05;0.948421;8.346e-08;0.000117706;6.51933e-06;2.06494e-05;1.61999e-05;0.000305085;3.56821e-05;1.14354e-05;0.000904282;0.00149315;0.0486154;3.71215e-05
6.61556e-07;0.999574;1.12604e-06;5.93489e-07;1.17278e-07;6.74429e-09;7.17676e-08;1.54172e-05;7.82967e-08;1.45376e-08;3.89457e-07;0.000368167;3.92153e-05;1.43705e-07
1.68229e-08;0.998913;1.10404e-10;2.02238e-06;6.04344e-07;2.36342e-08;3.7467e-05;3.4281e-07;4.60047e-09;7.30509e-05;3.31276e-09;1.13366e-08;2.02119e-07;0.000973312
3.21573e-07;1.26885e-05;0.999947;1.38884e-06;2.18259e-08;6.22587e-07;1.25863e-05;2.79033e-07;4.4123e-07;2.76414e-08;8.38536e-06;1.25011e-05;3.46529e-06;2.3202e-09
1.47341e-06;0.00479944;3.67529e-11;4.33541e-08;2.41611e-07;7.568e-07;1.0625e-07;0.000421183;1.82138e-07;1.30575e-08;8.22844e-07;5.96044e-07;0.994775;3.5791e-08
0.000276329;0.000256912;0.00021456;0.00554148;0.947449;0.00254173;4.18916e-07;0.000176107;2.68678e-05;9.79075e-05;1.14502e-06;0.000375328;2.16572e-05;0.0430207
8.59313e-05;0.999162;6.65235e-11;8.52191e-08;1.72107e-07;3.47923e-10;9.69489e-08;0.000672354;7.34647e-05;6.19008e-08;1.20213e-07;1.35632e-08;3.92939e-07;5.52489e-06
0.00026345;0.00063025;8.47339e-05;0.000155227;0.000901562;8.10525e-07;1.75425e-06;0.000212636;8.01128e-05;4.13334e-06;5.96367e-07;0.996795;3.84394e-07;0.00086926
5.92967e-06;1.36283e-06;4.42089e-10;9.0463e-07;2.3774e-10;6.85491e-10;0.000159351;1.71116e-07;0.999327;1.75417e-08;0.000505071;1.48622e-10;2.33837e-07;2.71513e-10
3.27992e-05;0.999562;2.11732e-09;4.34492e-06;1.30924e-08;9.46815e-09;4.9974e-06;1.32487e-05;4.86471e-05;5.74716e-07;1.63838e-06;0.000115639;0.000214999;1.64932e-06
5.83665e-06;0.000382863;1.11365e-09;1.65952e-06;0.00256065;5.77355e-06;1.03668e-07;0.996219;1.08494e-05;3.76856e-06;1.57517e-07;2.48572e-05;6.96095e-06;0.000777566
1.36365e-06;0.000217841;0.999711;1.06186e-05;6.06767e-06;7.97957e-07;1.31669e-08;1.01198e-05;4.5167e-07;3.8638e-07;1.17516e-06;2.07113e-05;1.83939e-05;1.1844e-06
1.8857e-05;0.00412934;2.35717e-06;0.000393162;1.15534e-05;8.50754e-05;0.00197097;0.000371783;0.0461098;0.000111086;0.944299;0.00021215;0.00204285;0.000241755
