0.000105449;0.872842;3.94515e-07;2.26514e-05;3.32347e-05;0.000103003;1.2257e-05;0.0036273;5.17178e-05;2.14773e-06;8.08157e-05;0.00223619;0.119782;0.00110089
5.94456e-05;0.12627;8.09827e-07;0.00177478;0.212014;0.017966;3.1885e-06;0.0677437;0.000134106;0.000398866;0.000165504;0.0233167;0.00413749;0.546015
0.000182159;0.571924;0.000325388;0.000172348;0.00573868;0.000400379;2.09415e-05;0.00175623;7.07423e-05;2.4925e-05;0.000211225;0.400657;0.00428289;0.0142337
4.29572e-05;0.016172;4.53231e-07;3.54031e-06;1.79015e-06;4.7052e-06;2.85806e-06;0.000141536;1.60767e-05;6.3714e-07;0.00013793;0.975902;0.00751053;6.28426e-05
7.89623e-06;0.998835;7.70989e-06;3.68965e-07;5.43604e-09;3.4437e-09;4.1174e-07;0.000291355;1.57797e-06;1.19716e-08;2.13559e-06;0.000666768;0.000186479;1.6352e-07
1.82573e-08;0.999051;8.67359e-11;4.88469e-07;5.16655e-05;1.41384e-08;4.62494e-09;0.000517119;6.91545e-09;4.54079e-07;2.03278e-09;7.08127e-05;2.92719e-07;0.000308045
3.6359e-06;0.00685971;0.0049669;0.000229085;0.000244858;0.00265381;1.73112e-07;6.18073e-06;1.99007e-07;1.02644e-05;4.96348e-06;0.977581;8.73041e-05;0.00735216
6.8887e-05;0.00100177;3.51166e-09;6.01748e-07;2.46866e-06;1.52942e-06;1.04104e-06;0.887703;3.41578e-05;3.05086e-08;0.000962012;9.83019e-05;0.110126;1.39802e-07
0.000523269;0.107262;0.000378353;2.44496e-05;5.66137e-05;0.000214331;8.23035e-05;0.108221;5.30284e-05;0.000419791;0.00010435;0.00417059;0.776092;0.00239821
1.35182e-08;5.66994e-08;0.999997;2.03322e-08;8.59362e-09;1.05013e-08;1.9913e-08;1.03495e-06;1.56659e-08;6.13977e-09;1.63169e-08;1.40284e-06;7.5021e-09;2.38702e-10
9.53762e-07;0.00211125;0.869794;7.22072e-06;3.17948e-06;1.85754e-06;8.74225e-07;0.000805738;2.60911e-06;8.10622e-07;1.2701e-05;0.126293;3.1675e-05;0.000934183
4.0901e-06;0.00254636;1.54907e-06;1.55955e-05;0.0998491;0.00521979;2.94022e-07;0.568198;3.16321e-06;2.21835e-07;2.01739e-06;0.000144538;0.000123312;0.323892
7.67301e-09;0.0731015;1.0055e-09;2.24622e-06;9.98374e-07;1.90516e-07;1.18502e-07;2.88473e-06;2.19995e-10;4.02419e-07;5.72153e-09;9.08403e-06;2.13692e-07;0.926882
5.59078e-06;0.92986;1.60591e-07;1.05745e-06;2.09095e-07;3.16221e-07;0.000155325;0.0236124;1.84176e-05;8.91763e-09;0.000129039;1.92345e-06;0.0462153;3.48032e-08
1.19177e-07;0.994543;2.08211e-09;4.45689e-08;3.67754e-06;1.54459e-07;5.66557e-08;0.00189536;6.42682e-10;4.64667e-08;2.01452e-09;2.02135e-06;0.00355475;6.89918e-07
1.20955e-05;0.000345705;0.0848322;0.000179284;0.00707742;0.0047023;2.00046e-08;0.000172755;2.29987e-07;2.27843e-06;1.10035e-06;0.85624;2.6148e-05;0.0464084
2.8447e-05;0.953458;4.44283e-08;5.38868e-05;5.06857e-05;0.000524294;1.83275e-05;0.00918923;0.000132083;4.38564e-07;0.000215006;5.20171e-05;0.00247833;0.0337992
0.000101299;0.971904;9.90054e-07;1.49253e-05;3.74512e-06;3.66512e-06;0.00161439;0.0203515;3.70665e-05;0.000864863;1.79118e-05;9.13922e-06;0.00108502;0.00399199
3.2588e-08;1.87253e-08;0.999959;8.48146e-09;1.59684e-09;1.14212e-09;1.47908e-07;1.46803e-08;5.57361e-08;5.02789e-09;7.03498e-08;4.03811e-05;3.2781e-10;7.57661e-11
0.000106099;0.521603;1.72771e-06;9.58719e-05;3.24316e-06;1.21155e-05;0.000186637;0.000857107;0.0017212;7.66485e-06;0.000173115;0.0155787;0.458739;0.00091473
7.90138e-05;0.624872;1.87572e-06;8.14179e-05;0.0063612;0.00131636;4.76247e-05;0.137517;5.10654e-05;0.000233233;3.65904e-05;0.000386032;0.215476;0.0135413
6.25194e-06;0.0131928;4.31154e-07;1.67926e-06;1.18026e-06;4.07501e-05;5.35724e-06;2.14648e-05;1.79189e-06;1.28209e-05;1.26244e-06;0.00240983;0.984273;3.16786e-05
2.04904e-06;0.00079702;0.994276;2.15799e-05;1.69471e-06;5.21231e-06;0.000784504;5.29878e-09;9.18902e-08;0.000831667;4.42776e-07;0.00314346;1.57916e-06;0.000134386
4.07845e-07;1.83953e-07;0.999859;2.38557e-07;1.02429e-07;1.31384e-07;9.77791e-05;3.62904e-08;7.48396e-06;3.30452e-07;3.42923e-05;7.78643e-08;7.24726e-11;7.8974e-08
2.25397e-06;2.99981e-05;1.13104e-08;2e-08;5.30422e-08;1.93833e-08;4.79711e-08;0.999777;0.000178513;4.01859e-09;2.50745e-06;3.35278e-07;9.01176e-06;3.12878e-08
4.51389e-07;0.116879;4.77158e-09;3.87593e-07;3.68252e-07;6.29045e-07;1.43645e-06;4.80484e-07;1.07847e-07;1.97767e-05;2.39862e-07;2.70382e-06;2.0051e-07;0.883094
1.58567e-10;1.97235e-10;0.999996;7.08506e-11;3.73893e-10;3.02516e-10;1.8258e-11;2.89997e-10;8.71582e-12;2.55181e-11;3.26987e-10;4.45337e-06;1.44479e-12;1.66969e-10
6.1875e-05;0.103298;5.00958e-07;7.20558e-06;0.000708167;5.38768e-05;4.92452e-06;0.885357;0.000229675;9.74625e-07;0.000436241;0.000149295;0.00963806;5.43867e-05
0.000158399;0.0715125;1.08084e-05;0.000216491;4.74411e-05;1.23779e-05;6.74376e-05;0.0762295;0.00494268;9.62014e-05;0.0809454;0.76115;0.0044296;0.000181116
0.002186;0.89537;1.50977e-05;0.0038135;0.0196684;0.00171833;0.00215682;0.00336471;0.0245538;0.000443303;0.0168702;0.016555;0.00670339;0.00658127
0.00609384;0.201144;3.45879e-08;0.00234797;0.000151971;1.61027e-05;0.000448213;0.14368;0.628185;3.91379e-05;0.0146205;0.000694343;0.00253072;4.81506e-05
0.000141139;0.0226156;4.04441e-08;1.19686e-08;4.29294e-06;3.70645e-08;1.98084e-08;0.976837;6.07298e-07;4.56301e-08;3.75002e-08;3.77944e-05;0.000340768;2.26308e-05
6.28898e-06;0.819922;0.000332723;5.00199e-06;0.00277631;0.000181407;8.59836e-06;0.0827009;3.06782e-06;0.000105975;2.14976e-07;0.0143918;0.00231436;0.0772509
6.82259e-09;1.02341e-07;0.999999;9.15445e-09;2.04656e-09;1.71765e-10;2.2084e-09;4.7493e-07;1.50846e-08;1.89444e-09;9.16757e-09;1.05514e-07;2.47397e-08;6.77493e-11
5.94636e-08;7.5905e-08;0.999796;4.45197e-08;1.73513e-07;3.70523e-09;5.3437e-09;2.67661e-05;7.8906e-08;7.6985e-09;3.27236e-08;0.000174093;6.58614e-10;2.75246e-06
1.56339e-07;0.000192385;3.30878e-05;8.52267e-08;5.39759e-05;0.00034297;6.72074e-10;1.15653e-05;3.59244e-09;5.38718e-08;3.05327e-08;2.35219e-05;2.1405e-07;0.999342
2.71857e-05;0.000458139;8.33673e-08;2.64647e-07;1.50254e-05;2.1946e-05;3.66571e-08;0.980703;6.35481e-07;2.15297e-08;2.40919e-06;0.00014823;0.0186227;2.7574e-07
3.45515e-05;0.990241;0.00251879;0.000276148;4.40012e-05;8.66148e-06;1.19597e-06;0.00495246;3.37512e-07;1.12022e-05;4.81327e-07;4.60439e-05;0.00164064;0.000224716
4.13996e-05;0.463404;1.71594e-06;0.000276639;1.34397e-05;3.14415e-06;2.51994e-05;0.382907;0.000198073;3.32369e-05;0.00726825;0.0344537;0.111346;2.80154e-05
0.000225986;0.432384;3.65505e-06;0.0207141;0.0375663;0.0211875;0.00613551;0.00370492;0.00118826;0.00434842;0.250601;0.0763013;0.0028924;0.142746
0.00370472;0.652478;4.15869e-08;0.00492034;3.93836e-05;0.000108634;0.00260186;0.0211158;0.0431189;7.97644e-05;0.246549;0.00154762;0.0236489;8.76246e-05
0.000248873;0.00553988;6.81096e-08;1.96987e-08;4.74901e-06;4.03807e-08;2.08175e-08;0.993465;1.16987e-06;4.18362e-08;4.13344e-07;0.000148367;0.00058921;2.14484e-06
2.30378e-06;0.968257;0.000121801;6.13749e-07;0.000214988;9.71764e-06;3.53355e-06;0.0256015;4.89663e-07;1.3279e-05;4.52941e-08;0.00382508;0.000146597;0.00180281
6.58529e-10;4.20082e-09;1;4.63817e-10;4.59933e-10;3.71081e-11;4.7347e-10;2.19043e-07;4.26459e-10;4.33924e-10;2.10953e-10;3.69382e-08;1.18058e-09;7.66096e-12
1.33231e-08;9.98817e-07;0.999257;7.32889e-09;3.93736e-08;6.08985e-09;2.22395e-09;3.0883e-07;4.5303e-09;4.05628e-09;3.69833e-09;0.000737882;1.64715e-09;3.48011e-06
3.95178e-08;0.00822135;7.51057e-09;3.36773e-08;5.94061e-06;4.77257e-05;7.40567e-05;8.64067e-07;8.39598e-08;9.68828e-06;2.82375e-08;5.95132e-12;6.11817e-07;0.99164
3.97225e-09;2.42117e-09;0.999992;8.42983e-11;2.5753e-09;4.76013e-10;5.49461e-10;2.04942e-08;1.09043e-10;2.30199e-11;8.73491e-11;7.62059e-06;9.85531e-12;3.9235e-12
3.77294e-05;0.00126252;2.08701e-07;7.15462e-06;0.000159705;0.000194056;1.68803e-06;0.992518;0.000315812;1.31898e-07;1.02563e-05;5.89878e-05;0.00543292;6.82244e-07
3.62201e-06;0.997912;3.70012e-06;1.84054e-06;9.04566e-07;1.19552e-07;9.55365e-09;0.00203795;9.86805e-09;5.31989e-08;1.35963e-08;9.22236e-06;3.01922e-05;2.64093e-07
2.66353e-08;0.999946;2.54586e-11;1.85901e-09;8.52928e-10;7.95008e-10;2.71433e-05;3.7342e-06;5.83529e-11;1.06046e-06;2.19018e-10;1.2372e-09;8.04442e-07;2.10686e-05
1.00027e-11;5.04429e-11;0.999999;2.48902e-12;1.77857e-09;7.66969e-12;2.02545e-11;1.78656e-09;1.75956e-14;8.19796e-12;6.27435e-13;1.32765e-06;9.31845e-14;4.70673e-12
2.56929e-05;0.0432546;2.05925e-05;0.000122316;5.51949e-05;0.0229641;0.017929;0.0134662;0.000563572;0.000229056;0.000647335;8.26776e-07;0.90069;3.15785e-05
0.000957271;0.197878;0.619808;0.00618111;0.000124106;0.000570571;0.0682764;0.000195253;0.000263992;0.0465921;0.000913163;0.0566221;0.0013018;0.000315397
5.60832e-08;1.12355e-08;0.999996;1.75749e-08;5.92116e-09;1.90055e-09;1.38494e-06;4.027e-08;3.83081e-07;1.19398e-08;1.80874e-06;4.75296e-07;5.33671e-11;1.88835e-11
0.000143019;0.0985911;2.53817e-07;3.40828e-05;0.000620766;0.000167668;5.72237e-05;0.864923;0.0121155;3.1809e-05;0.0121438;0.00596572;0.00511224;9.36017e-05
0.000173278;0.476962;0.000708028;2.40867e-05;5.94986e-05;6.73085e-06;1.59966e-05;0.0451337;0.000109566;6.22125e-06;0.00285854;0.349521;0.124417;4.26589e-06
0.00192054;0.742821;1.26826e-05;0.000213856;4.24445e-05;1.1407e-05;0.00287202;0.024456;0.0336565;0.000429463;0.0241441;0.154856;0.0122133;0.00235107
0.00767716;0.101869;3.97273e-07;0.00251683;0.0088042;0.000721737;0.000373142;0.0603917;0.794668;0.000331504;0.0107416;0.00201602;0.00711152;0.00277773
0.000172806;0.0167596;1.48485e-09;3.56128e-09;1.86442e-05;1.10656e-08;4.79684e-09;0.982889;5.79818e-07;1.46545e-08;3.37449e-09;6.05267e-06;0.000150887;2.67297e-06
1.47769e-05;0.859316;0.000133882;4.49458e-06;0.000332919;1.00496e-05;1.11614e-05;0.0963097;1.47296e-05;6.0116e-05;3.13304e-07;0.0140878;0.00130095;0.0284035
2.28912e-08;1.1045e-07;0.999997;1.73218e-08;5.10366e-09;5.43205e-10;7.66169e-09;3.06353e-06;6.66085e-08;4.80697e-09;2.79774e-08;3.64263e-08;1.5334e-07;3.80244e-11
9.53705e-08;2.32554e-07;0.999847;3.23875e-08;1.50425e-07;1.46111e-09;4.2957e-09;2.64431e-05;2.52962e-07;7.2816e-09;1.36279e-08;0.000125634;3.67867e-09;3.35605e-07
1.51094e-06;0.000819716;2.28619e-05;1.72179e-07;0.000216319;0.000271743;5.70703e-09;0.000224626;2.10157e-07;3.89509e-07;1.1228e-07;5.19441e-05;6.75875e-07;0.99839
2.30474e-05;8.39622e-05;2.50006e-09;1.46125e-07;4.26991e-06;1.21484e-06;2.75094e-08;0.999535;1.10534e-05;1.27931e-08;1.84066e-06;2.83567e-06;0.000336131;1.84243e-08
2.64684e-05;0.99868;1.56056e-06;2.89449e-05;1.13822e-06;1.78094e-07;7.57984e-08;0.00075448;2.13739e-07;4.11087e-07;8.36704e-08;5.07459e-06;0.000498655;3.14014e-06
0.000180669;0.624589;6.40201e-07;6.41421e-05;1.87405e-05;8.83543e-06;9.78902e-06;0.00906498;2.42062e-05;6.07554e-06;0.000263973;0.0321021;0.333093;0.000574044
6.41912e-05;0.27878;8.02044e-07;0.00139956;0.279535;0.00528157;9.96396e-06;0.184511;0.00011994;0.000274587;0.00122468;0.031602;0.0114757;0.20572
0.000444851;0.557194;0.000153424;0.000182239;0.0105963;0.000114229;3.38124e-05;0.00388085;0.000166567;3.45201e-05;0.000909538;0.416091;0.00575605;0.004442
0.00030777;0.0479911;1.24521e-06;6.68332e-06;1.17838e-05;5.19964e-06;9.20126e-06;0.00122527;7.78284e-05;2.63653e-06;0.000322246;0.940232;0.00969542;0.000111535
1.58651e-05;0.997436;1.03342e-05;2.96927e-07;7.60951e-09;2.96678e-09;4.2411e-07;0.00126864;3.37272e-06;2.09391e-08;1.52603e-06;0.00109272;0.000170417;1.82613e-07
2.58962e-08;0.998709;9.17323e-11;6.95526e-07;8.27872e-05;4.31312e-08;5.04476e-09;0.00079133;8.97785e-09;7.04593e-07;1.6252e-09;5.64367e-05;6.87409e-07;0.000358523
6.65967e-06;0.00671453;0.00556847;0.000321045;9.73842e-05;0.00202312;2.60568e-07;7.04201e-06;4.4494e-07;1.58719e-05;5.7886e-06;0.979983;0.000132078;0.00512393
0.000115276;0.00107162;3.43123e-09;5.24477e-07;2.21796e-06;5.29694e-07;1.11732e-06;0.931862;4.36822e-05;2.75213e-08;0.000770058;0.000167475;0.0659651;2.26225e-07
0.00026861;0.059108;0.000131015;7.71639e-06;2.93363e-05;4.48195e-05;0.000197588;0.0592419;2.04083e-05;0.000454957;2.51933e-05;0.00039947;0.877943;0.00212818
6.04136e-09;4.66018e-08;0.999998;2.02114e-08;5.48017e-09;5.15504e-09;1.49077e-08;1.20827e-07;1.4405e-08;2.55446e-09;1.76353e-08;2.06815e-06;4.96395e-09;1.3346e-10
1.1185e-06;0.0104374;0.0172904;4.74345e-05;4.63244e-06;3.38325e-06;1.6914e-07;0.00304323;2.56415e-05;5.89252e-07;0.000101516;0.968648;1.12717e-05;0.000384834
4.92009e-06;0.429739;0.000415365;3.03931e-05;0.000669963;0.00479636;2.5667e-07;0.000527558;8.21261e-08;4.06487e-06;7.98483e-06;0.0275617;0.532392;0.00385039
3.5424e-06;0.0416716;3.18461e-07;6.6121e-06;0.0131469;0.00564085;2.65148e-07;0.195193;1.24055e-06;7.30893e-07;0.000129862;0.709372;0.00183944;0.0329945
6.56417e-05;0.141764;0.000485999;2.87278e-05;0.0502499;0.00411203;3.08958e-07;0.691114;1.36297e-07;4.41588e-06;2.77392e-05;0.0121025;0.0351665;0.0648779
5.53593e-08;0.918719;5.88393e-10;2.50677e-07;1.05559e-06;3.08749e-07;1.32439e-07;0.000174111;3.75107e-09;1.55629e-07;5.98507e-08;4.48831e-06;0.00141759;0.079683
0.000119295;0.435676;0.00201382;0.000524512;6.59022e-05;0.000263558;0.0363235;0.186644;0.000256279;3.77581e-05;0.0138255;9.23007e-05;0.324137;2.00284e-05
5.32945e-06;0.996121;4.69442e-06;4.43115e-05;6.50035e-05;7.8649e-05;8.8975e-06;0.000932187;2.06004e-06;1.25785e-06;1.6778e-06;0.000181576;0.00209128;0.000462176
9.89166e-06;0.0026752;6.78433e-09;6.95108e-05;0.000504397;9.72823e-05;5.98898e-08;0.992241;4.0342e-06;5.80274e-06;2.94249e-06;0.00328574;9.59083e-05;0.00100826
7.9621e-06;0.999329;3.03406e-09;2.03635e-06;3.44085e-06;4.0537e-07;1.19407e-05;0.000213446;4.48061e-06;5.70135e-07;0.000164282;0.000103259;0.00015107;7.57472e-06
4.50674e-05;0.0254292;2.03339e-08;4.91895e-05;0.0121204;0.000214436;7.22379e-07;0.951075;0.000511101;3.41988e-06;5.44135e-05;0.00411785;0.00499801;0.00138082
1.30532e-05;0.998082;3.58767e-08;3.38435e-08;2.51415e-07;9.86109e-08;8.11448e-07;1.84573e-05;5.28687e-09;1.74672e-07;6.36388e-08;0.00177716;5.38995e-05;5.43337e-05
3.66074e-07;0.000445333;6.5775e-06;8.88623e-06;0.000512064;0.000715701;4.45031e-07;4.72383e-05;2.68264e-07;4.48161e-07;4.51752e-07;0.00307007;1.76618e-05;0.995175
1.60144e-06;0.000753037;1.81256e-09;1.38415e-07;2.38827e-08;1.88843e-08;1.15159e-07;0.00087209;3.74409e-06;1.33661e-09;1.54069e-05;1.49134e-06;0.998352;6.95582e-09
1.09565e-06;0.00563709;3.39576e-08;2.89663e-07;1.97856e-07;8.40452e-08;1.68682e-09;7.40817e-05;2.22001e-06;1.57566e-08;4.93741e-07;0.994083;0.000198963;2.39466e-06
2.97194e-07;0.999335;2.38345e-11;1.63915e-07;8.9548e-07;1.05615e-06;8.27125e-05;6.0968e-05;1.49715e-09;6.08215e-05;2.69018e-08;1.90421e-08;7.85161e-05;0.00037933
5.43894e-10;2.09939e-09;0.999986;1.2728e-09;3.24156e-08;1.81496e-08;4.78715e-10;2.22105e-09;3.71363e-13;2.02182e-10;4.6083e-11;1.38581e-05;1.22676e-10;7.33532e-11
8.40741e-07;0.00091005;1.32441e-09;1.36459e-05;6.22889e-07;0.000924216;0.000152732;4.15081e-05;4.96922e-05;9.52812e-07;0.000251605;2.37425e-08;0.99761;4.44695e-05
2.30169e-06;0.000585173;0.997888;9.13329e-05;2.29107e-06;1.37935e-06;0.00131859;1.89701e-07;9.47882e-08;7.123e-05;1.22353e-05;2.01199e-05;7.76041e-07;6.71556e-06
1.11259e-06;1.62002e-06;0.998297;2.36937e-06;4.85123e-07;2.65536e-08;0.00124988;7.70971e-07;4.11979e-05;7.80244e-07;0.0004026;1.88906e-06;6.55276e-09;2.00929e-09
3.41422e-07;0.980218;1.45473e-08;9.33964e-07;3.4355e-07;8.86277e-08;3.96268e-07;3.86505e-06;5.81546e-08;5.33204e-08;1.21477e-06;3.33096e-07;0.019775;2.16982e-08
2.05386e-06;0.00972918;1.25014e-10;8.55485e-07;5.72022e-06;2.76896e-07;7.33562e-07;0.000150456;3.51259e-07;3.49685e-08;1.04209e-05;0.986148;0.00388011;7.15184e-05
3.65734e-05;0.0219235;0.000190014;7.88492e-06;0.100071;0.000171576;2.34937e-07;0.238259;3.78071e-08;9.16965e-07;2.80988e-07;0.000371728;0.63615;0.00281715
5.15959e-07;0.000114022;1.12357e-08;1.02415e-06;4.39047e-07;5.84204e-05;9.17016e-07;1.07179e-06;1.27548e-06;7.56634e-07;4.14838e-06;1.88264e-05;0.999793;5.27406e-06
4.6756e-07;4.35071e-05;0.999937;1.54327e-06;6.6947e-07;7.92121e-08;1.62085e-08;8.99486e-08;1.79845e-09;2.72783e-08;1.89362e-08;1.43329e-05;3.9599e-08;2.07249e-06
1.06668e-06;0.997156;2.15468e-08;6.12538e-06;3.30756e-05;4.55171e-06;1.04275e-05;0.00130281;2.8099e-05;2.26701e-07;4.13679e-05;1.10432e-05;0.00109724;0.000307588
5.50598e-05;0.00535273;1.69833e-06;2.77541e-05;0.00150489;4.25877e-05;1.04279e-06;0.981573;0.000189811;6.58712e-06;0.000237972;0.0014148;0.00951462;7.74293e-05
1.71376e-06;9.8955e-06;0.999892;6.50042e-07;2.58698e-05;1.15258e-08;2.31409e-06;3.55313e-06;3.19522e-08;1.21406e-06;1.81065e-06;5.95709e-05;3.06571e-07;9.08284e-07
2.98104e-05;0.998914;2.63713e-06;1.73925e-06;6.75836e-07;7.30087e-08;0.000695358;9.46441e-05;1.61713e-06;0.000102454;6.10064e-06;8.86349e-08;4.69725e-06;0.000146481
9.20348e-08;1.90065e-08;0.999991;1.29496e-10;3.16714e-09;3.69438e-13;1.49066e-07;5.15805e-06;2.20982e-08;1.78987e-10;2.05332e-08;4.08123e-06;1.89802e-11;4.18656e-11
1.53539e-05;0.00127229;7.65265e-09;4.29241e-08;1.00647e-05;1.65925e-06;5.1055e-05;0.996751;0.000694738;1.92165e-06;3.58809e-06;2.97511e-08;0.00118066;1.71019e-05
3.15109e-08;7.26582e-08;0.999994;2.92097e-09;4.54259e-09;4.12e-09;6.80126e-09;2.82017e-06;5.46068e-08;2.61359e-09;1.0494e-08;2.88602e-06;8.70137e-08;2.72056e-10
4.23686e-08;1.12584e-07;0.999796;3.10369e-08;1.52369e-07;8.8752e-09;6.2415e-10;1.25944e-05;3.40584e-08;3.45732e-09;8.51759e-10;0.000186525;4.16536e-09;4.82727e-06
2.19437e-07;2.3597e-05;7.11325e-07;2.01214e-08;1.16197e-05;8.65691e-06;2.77383e-10;6.66082e-06;5.45976e-09;2.25577e-08;3.20078e-09;3.26116e-05;2.75959e-08;0.999916
5.06488e-05;1.03245e-05;2.78542e-10;7.87209e-08;1.0632e-05;3.28523e-07;5.44486e-08;0.999838;3.82298e-06;3.35867e-09;2.08264e-06;3.03424e-06;8.06182e-05;6.85279e-08
5.28875e-05;0.977906;1.65482e-08;0.000106911;1.78237e-05;3.79727e-07;3.30525e-06;0.0216288;1.09485e-05;2.55232e-06;2.65932e-06;1.41886e-05;0.000246231;7.83468e-06
6.60296e-05;0.909772;0.000225368;0.0003405;0.000267052;4.3031e-06;4.49708e-05;5.03499e-05;9.11294e-07;0.000182634;5.36262e-05;6.44188e-05;0.087745;0.00118287
2.25842e-06;5.12826e-05;4.04261e-08;1.40538e-07;4.57677e-06;3.89242e-07;3.02592e-08;9.34069e-06;1.12302e-07;3.91072e-09;1.14359e-06;0.999457;0.000467448;5.87179e-06
0.000309766;0.375992;9.0773e-06;1.27225e-05;0.040937;0.000368994;5.27817e-06;0.330337;9.08675e-06;1.16262e-06;7.06401e-06;0.017011;0.234805;0.000194906
8.01765e-06;0.000107848;3.08233e-08;2.40583e-06;1.56661e-06;6.47431e-05;1.57319e-06;0.000262681;0.000102863;9.24749e-07;3.48204e-06;2.46554e-05;0.999417;2.69141e-06
8.519e-05;0.00149032;0.997935;6.53787e-06;7.68788e-06;2.50219e-06;1.81045e-07;2.39343e-05;8.71748e-08;5.77333e-07;4.58309e-08;0.000229384;6.91427e-06;0.000211168
1.98473e-07;0.998911;1.26126e-08;3.49222e-08;1.91823e-07;6.80621e-08;2.05825e-05;0.000940614;1.90164e-07;1.62902e-07;2.7054e-08;5.67152e-10;0.000122256;4.33223e-06
5.23823e-10;5.9558e-09;1;1.6595e-09;3.58887e-10;4.04095e-10;2.70249e-10;6.05464e-09;2.43389e-10;2.58491e-10;3.32963e-10;3.35717e-08;1.78521e-10;2.16591e-11
4.30424e-06;0.00224955;0.0266635;1.06534e-05;7.40299e-06;5.0241e-06;1.8324e-07;0.0258999;3.77239e-05;1.11387e-06;1.36663e-05;0.944914;3.64279e-05;0.000156995
2.05998e-06;0.992298;8.59238e-07;1.82908e-07;8.15551e-06;0.000131478;2.04025e-06;2.61041e-05;1.3138e-07;4.13247e-07;1.45499e-06;5.01886e-06;0.00685989;0.000663824
1.53085e-07;0.000627897;4.81284e-06;6.96521e-07;0.000289784;0.000163866;2.9003e-10;0.000906595;6.225e-08;6.33178e-09;7.81364e-07;0.989904;1.56038e-05;0.00808572
1.19851e-05;0.703043;4.6448e-08;1.41939e-06;0.00122043;2.44641e-06;3.13578e-07;0.294287;2.7124e-06;3.62179e-08;2.78873e-06;0.000423311;0.000963549;4.14441e-05
5.16991e-08;0.970909;1.10662e-08;4.27302e-08;5.56332e-07;2.31133e-06;1.09491e-08;8.48716e-06;1.39142e-11;1.26736e-06;2.12648e-11;1.03566e-09;7.87277e-07;0.029077
4.09798e-12;1.54049e-11;1;1.66914e-13;1.53494e-10;5.46641e-13;2.51274e-13;1.90801e-10;1.71755e-15;3.25885e-14;1.36157e-14;2.40972e-08;5.08795e-15;2.64617e-12
1.01708e-05;0.897624;2.69183e-05;6.43505e-05;9.87465e-06;7.22649e-05;0.000973977;0.0350529;0.000225887;1.31742e-06;0.000654882;0.000140091;0.0651329;9.98591e-06
1.98886e-05;0.038884;1.75991e-09;0.000113405;0.000324322;0.000114772;1.47042e-06;0.945241;0.000250499;6.48087e-06;0.00035543;5.03421e-05;0.0138115;0.000826583
2.52188e-05;0.936517;3.4285e-06;2.86457e-06;1.24272e-06;1.57396e-08;5.35623e-05;0.0586606;2.24297e-07;1.44952e-05;8.76551e-06;0.00452312;0.000186971;2.31995e-06
5.52907e-05;0.000464931;0.00564009;0.000154039;0.0010201;2.05546e-05;1.24657e-06;0.000250108;2.35964e-06;4.39226e-06;6.99212e-05;0.992094;0.000212004;1.14257e-05
9.32716e-05;0.016331;1.82388e-08;3.93904e-06;7.65925e-06;1.08959e-07;1.73195e-05;0.97514;0.00775949;5.5774e-07;0.000385089;2.05727e-06;0.000259374;2.68899e-07
0.000985652;0.412211;1.33758e-05;0.000242633;2.04812e-05;2.08696e-06;0.000151025;0.124937;0.053992;3.462e-05;0.0254384;0.248589;0.133371;1.18084e-05
0.0185104;0.0970187;0.000193185;0.0233421;0.192275;0.00954715;0.00968458;0.0346169;0.0582943;0.155111;0.00135129;0.0480927;0.000194989;0.351767
0.0093037;0.90155;0.00116023;0.000159379;0.000130807;6.73736e-06;0.00123834;0.000167663;0.0772098;4.42272e-06;0.00084166;0.00711632;0.000738149;0.000373318
0.000133845;0.0223387;1.5603e-09;2.89932e-05;5.48754e-05;1.23631e-05;5.98392e-07;0.969442;0.00742249;2.46669e-06;5.01345e-05;2.82145e-05;0.000389708;9.60437e-05
0.000122465;0.989856;2.51328e-08;1.6264e-05;7.08928e-07;3.64983e-07;4.86785e-05;0.00168941;0.000577418;1.00342e-05;0.0004168;0.0024139;0.00483714;1.06596e-05
3.24538e-05;0.00428531;1.52991e-09;1.41061e-06;0.000310114;1.4358e-06;5.37316e-08;0.994606;0.000213202;6.50066e-08;2.87548e-06;9.45326e-05;0.000446412;5.95134e-06
0.000493567;0.937037;5.79326e-07;3.31362e-05;0.000212628;1.88684e-05;0.00112582;0.0420772;6.18508e-05;0.00407542;2.00339e-05;1.80548e-05;0.00227277;0.0125529
3.27874e-08;7.29752e-10;0.999878;3.04421e-09;5.06602e-08;2.22678e-09;4.85592e-09;3.60244e-09;1.66801e-09;4.94705e-09;6.05421e-09;0.000122123;2.14455e-11;1.00364e-09
6.89677e-05;0.929202;2.24141e-05;3.68006e-07;4.90541e-06;2.7374e-07;6.60101e-05;0.0481423;1.17259e-05;2.60815e-07;7.5265e-06;7.98366e-05;0.0223927;2.42641e-07
3.54504e-05;0.294396;0.000117143;0.000453206;0.00364446;0.125155;0.000103869;0.00187316;0.000389531;0.00232571;3.04952e-05;0.0258968;0.483183;0.0623966
3.93012e-05;0.00255532;0.0497987;0.00275755;2.69846e-05;0.000222179;0.0432009;2.8204e-07;0.000115366;0.0822104;0.000182768;0.817583;0.000124122;0.00118279
9.03043e-06;1.20934e-06;0.975427;2.15143e-05;3.96314e-07;7.24562e-07;0.0157324;3.73605e-07;0.00169345;1.35938e-05;0.00710012;1.99292e-07;7.12661e-09;2.72219e-08
1.41975e-05;0.99951;5.32124e-07;9.5407e-07;3.53524e-08;5.97414e-09;5.58242e-06;0.00022362;1.34347e-05;5.64321e-08;1.02353e-05;3.91176e-05;0.000182387;9.31044e-09
8.04955e-08;0.999841;4.41315e-13;8.44096e-09;7.54549e-09;6.52664e-09;3.32472e-05;1.66307e-05;1.05748e-09;3.79271e-06;2.99635e-09;1.49302e-09;8.81703e-05;1.7142e-05
1.02012e-09;1.94237e-08;0.999958;1.49255e-09;1.02265e-07;3.67042e-08;1.30753e-09;9.88863e-09;5.15954e-12;6.03618e-10;3.82652e-11;4.20137e-05;3.78853e-10;2.35574e-10
1.28991e-07;0.00464007;1.67884e-09;3.97851e-06;2.11844e-07;0.000165626;2.70486e-05;3.49101e-05;4.31487e-06;3.15414e-07;1.64969e-05;1.17631e-07;0.995098;8.3532e-06
2.53448e-07;0.000149653;0.999675;1.29765e-05;4.1767e-07;1.12346e-07;0.000111247;9.09484e-08;7.82307e-09;1.35109e-05;5.57414e-07;3.51607e-05;8.28529e-08;1.22742e-06
2.62261e-06;1.81863e-06;0.996177;6.62784e-06;7.49221e-07;1.07946e-07;0.000654282;2.67968e-06;0.000218757;8.04727e-07;0.00290914;2.57664e-05;3.59608e-08;2.75407e-09
1.30315e-07;0.992683;7.39308e-09;1.01684e-07;1.71935e-08;1.38073e-09;8.33727e-08;1.69028e-07;1.25255e-08;7.28354e-09;2.36366e-07;1.62143e-08;0.00731643;4.47792e-09
1.11059e-07;0.000938758;1.5156e-08;4.85275e-09;4.17112e-09;1.89808e-11;5.91046e-09;5.87102e-06;2.62696e-08;2.7009e-11;5.62366e-07;0.998887;0.000167098;7.5695e-08
1.02797e-06;0.984599;1.49016e-05;7.89219e-07;8.05501e-05;3.72157e-07;7.00371e-07;0.00469937;3.54678e-09;9.667e-07;1.32312e-08;0.000622764;0.00933932;0.000640021
9.45782e-08;2.20517e-06;1.51586e-08;4.51593e-07;5.97873e-07;0.00859693;3.00534e-06;1.56176e-05;1.04902e-06;3.72932e-06;8.71648e-07;4.89837e-08;0.991353;2.27283e-05
4.97281e-08;1.30303e-06;0.999996;1.74353e-07;3.16554e-08;2.13254e-08;4.5409e-09;1.25589e-07;1.07112e-10;1.52602e-08;9.46964e-10;1.94236e-06;1.68038e-08;9.32706e-08
4.11839e-06;0.997108;2.41683e-06;1.49468e-05;1.69969e-05;1.02578e-05;1.75355e-05;0.00151297;6.01917e-05;6.4977e-07;8.57369e-05;6.11896e-06;0.000970655;0.000189717
