3.19079e-05;0.996536;5.70976e-08;6.73461e-06;2.81347e-06;4.62073e-07;4.45279e-06;0.00271247;9.08962e-05;1.30638e-06;2.70339e-05;9.19187e-05;0.000461321;3.26088e-05
4.67929e-05;0.000401276;1.48598e-08;1.93591e-07;3.2979e-06;1.88599e-08;5.02139e-07;0.999451;6.50587e-05;2.71478e-07;3.88906e-06;1.32742e-06;1.04082e-05;1.59118e-05
4.62885e-05;0.977485;3.50298e-06;1.81645e-06;6.55719e-07;1.47641e-07;0.0210778;0.000656446;0.000201559;0.000309389;2.71885e-05;3.12171e-05;1.42618e-06;0.00015715
1.37076e-09;2.30541e-09;0.999999;4.21167e-09;3.05996e-09;2.56579e-10;2.04267e-08;3.9366e-08;9.44775e-09;1.3103e-10;2.87818e-08;1.13995e-06;2.05271e-11;2.90262e-10
1.77504e-06;0.74818;5.73622e-07;1.01093e-05;3.45285e-07;2.66638e-07;1.00982e-06;0.0018771;2.5041e-06;1.44008e-07;1.58908e-05;0.00232183;0.247482;0.000105913
7.46906e-07;0.964732;4.68416e-07;0.000105372;0.00167113;5.55405e-05;4.20385e-07;0.0060582;4.94994e-07;4.11546e-06;3.5066e-05;0.0148616;0.00174678;0.0107286
2.47566e-07;0.88577;2.01567e-06;7.95091e-08;1.66602e-08;1.00885e-08;1.73676e-07;5.74066e-06;3.32814e-10;3.24453e-09;2.59818e-08;0.113993;0.000201464;2.6417e-05
5.71344e-06;0.404816;5.48497e-06;5.47762e-06;1.2222e-05;0.000413517;0.000118444;0.471562;8.0477e-07;3.50158e-05;3.58533e-06;0.000634667;0.119187;0.00319962
3.84105e-10;4.34787e-09;0.999999;5.44574e-09;3.14408e-11;4.39014e-09;8.53249e-10;1.70919e-08;7.46473e-11;1.8909e-10;8.38496e-10;1.44871e-06;1.42439e-09;9.22844e-11
5.8868e-06;0.00809652;0.000372271;5.14921e-05;4.99395e-06;6.83273e-06;9.34683e-07;0.00133497;9.92241e-06;9.2773e-07;4.01431e-05;0.988574;0.000741705;0.000759591
9.48367e-07;0.0110281;5.1441e-06;1.15078e-06;0.000182088;0.000991625;7.18137e-09;0.0048805;8.47498e-08;8.21386e-08;1.20557e-07;9.87661e-05;0.982585;0.000226214
9.60965e-07;0.0139897;5.4852e-07;1.07578e-05;0.000559433;0.000972858;2.03756e-07;0.000298091;2.5897e-07;2.50633e-06;1.97582e-06;0.974357;0.00898186;0.000823363
1.55162e-08;3.82855e-06;0.999994;6.01454e-09;2.87764e-07;3.27892e-07;1.5714e-09;7.74552e-07;1.72598e-10;1.86845e-10;3.45017e-10;4.07082e-08;3.77556e-07;5.82598e-09
6.72421e-07;0.366716;1.16043e-07;9.95166e-06;4.49764e-05;0.000127749;1.08283e-06;0.512526;2.86543e-05;2.79593e-07;8.09383e-06;9.71258e-06;0.12045;7.69237e-05
3.99627e-06;0.909823;4.24533e-07;5.2204e-06;1.91694e-05;1.12779e-06;8.28988e-06;0.0897094;9.84797e-08;3.11482e-05;1.32181e-07;6.38795e-08;0.000308725;8.88712e-05
6.23352e-11;1.40735e-09;1;5.10732e-11;3.61513e-11;1.60426e-13;1.67988e-10;1.8102e-10;1.87712e-12;3.6798e-11;4.8555e-11;1.04823e-08;2.84808e-12;2.60616e-13
8.49617e-07;6.25262e-06;0.000236319;6.62694e-07;1.88774e-05;2.07664e-07;2.23579e-07;0.00143176;2.4178e-06;7.09577e-09;6.40807e-06;0.998223;1.03022e-06;7.21838e-05
6.94265e-05;0.884203;6.95634e-08;2.02512e-05;9.9216e-06;2.16427e-05;0.000205183;0.0153461;0.00262505;3.2132e-06;0.00393725;0.00202171;0.0910981;0.000438704
7.4996e-05;0.214295;1.4784e-05;3.76764e-06;1.58622e-06;2.04405e-07;9.70765e-06;0.754761;0.000319124;2.61518e-06;0.000255408;0.0288208;0.00140189;3.90665e-05
0.000174536;0.611653;0.000118147;0.000205269;0.0234051;3.49864e-05;0.000159012;0.16942;0.000564373;9.12623e-06;0.000104633;0.163624;0.0265362;0.00399116
5.66023e-05;0.622104;1.00157e-05;8.77317e-07;0.000111286;4.29929e-06;3.89896e-05;0.364518;1.41405e-05;5.09741e-05;7.61438e-07;0.000202921;0.0126656;0.000221578
2.6683e-09;8.934e-10;1;1.06364e-10;3.35316e-10;1.26518e-11;2.78255e-10;1.01672e-09;6.72666e-10;3.50961e-11;6.63249e-10;1.30186e-07;2.65984e-10;1.33408e-12
2.85316e-06;7.52064e-06;0.996456;2.49763e-07;3.10358e-06;8.98626e-08;4.58677e-08;0.000660437;2.94992e-06;8.34032e-08;5.7307e-08;0.00285174;3.95972e-07;1.44822e-05
4.20988e-07;0.00051241;1.62803e-05;2.06363e-07;1.60911e-05;0.000171502;2.72445e-09;7.21962e-06;2.41903e-08;1.26429e-07;1.93756e-08;0.000439956;1.489e-06;0.998834
0.000180271;0.00289823;9.86484e-09;1.5317e-06;1.88429e-05;1.34751e-05;1.26024e-07;0.919336;1.76918e-05;3.61589e-08;8.54084e-06;0.000117729;0.0774071;7.92112e-07
3.39821e-06;0.0031051;7.30706e-10;1.12968e-08;1.08073e-06;8.32384e-09;3.37887e-10;0.994622;2.38406e-08;3.82118e-09;2.55064e-09;2.60318e-05;0.00224187;8.03868e-07
6.58514e-06;0.761728;0.00313292;0.000173321;0.000862149;0.00039334;0.000819213;0.195937;7.72664e-06;0.00157922;1.04381e-05;0.0101852;0.00113032;0.0240337
3.65811e-10;1.60545e-09;1;5.15877e-09;2.22126e-10;9.55943e-11;9.09531e-09;1.1504e-07;8.43802e-10;6.82105e-10;1.37678e-08;2.84624e-09;4.63208e-09;5.36831e-13
1.94717e-07;2.18166e-05;0.999047;3.61021e-07;5.11287e-07;3.0733e-08;3.05516e-07;1.94094e-05;7.66407e-08;5.55331e-08;1.72556e-07;0.000888752;1.91395e-07;2.12935e-05
6.52871e-06;0.00160953;5.82327e-07;2.57504e-07;0.00727499;0.000132728;7.93558e-06;0.000188071;1.88514e-06;3.7099e-06;8.18529e-07;3.04658e-07;1.24812e-06;0.990771
1.61544e-06;0.00129892;0.000336493;4.95091e-07;0.000436769;5.44843e-06;3.56571e-09;4.41416e-06;6.26122e-08;4.21284e-08;1.7247e-08;0.997871;4.13945e-05;3.68449e-06
6.95418e-06;0.996261;9.37369e-10;8.23778e-10;1.0931e-06;8.6844e-08;1.52947e-05;0.00368246;4.54669e-08;1.52487e-07;1.74763e-10;1.25736e-11;2.40106e-06;3.03974e-05
1.41336e-10;5.35678e-11;0.999999;3.90023e-12;4.87582e-10;9.22704e-11;1.00535e-12;3.43999e-08;7.00638e-13;2.81841e-13;2.41815e-13;5.70607e-07;7.36509e-11;2.68984e-13
6.06202e-08;0.00113349;7.34697e-07;1.09831e-07;2.25963e-06;1.88956e-06;5.5333e-08;0.998496;6.84844e-08;2.85486e-07;8.67221e-09;7.42789e-08;0.000300285;6.42407e-05
9.54008e-12;6.97569e-11;1;3.02903e-10;6.31919e-13;2.19014e-12;4.10397e-11;4.88589e-09;4.66097e-12;1.26721e-11;3.10348e-11;3.07959e-09;6.09359e-12;6.95121e-14
8.82721e-09;9.14781e-08;0.996853;2.1842e-06;1.34405e-08;9.85309e-09;1.02582e-08;1.62131e-07;2.57433e-08;2.17288e-08;2.6931e-07;0.00313122;3.07775e-08;1.29631e-05
1.44439e-06;0.00557617;3.1035e-07;6.53366e-06;0.000253299;4.27714e-05;1.86076e-07;8.62436e-07;3.24943e-08;3.03039e-07;5.55422e-07;1.97032e-07;6.42145e-08;0.994117
8.04209e-08;1.7932e-05;8.77643e-07;1.89617e-08;0.00191452;1.26972e-06;2.05452e-10;0.998047;4.66907e-09;2.08738e-08;9.79584e-10;1.21962e-06;6.32256e-06;1.08955e-05
2.86891e-10;1.51615e-07;1;3.05962e-09;3.79127e-09;3.72464e-09;1.74684e-11;1.72835e-10;1.01479e-11;1.22901e-10;1.55381e-11;5.61197e-10;6.00923e-11;8.57565e-10
0.000406803;0.0143637;0.000390825;2.76278e-06;1.83422e-05;5.59597e-06;3.6052e-06;0.980193;0.000773214;8.65828e-07;4.73078e-05;1.53389e-05;0.00377796;4.37815e-07
