8.58497e-06;0.987333;9.67715e-09;6.31695e-07;4.92902e-06;6.5431e-08;4.63671e-05;0.0125404;5.137e-06;6.65531e-06;1.69179e-06;1.30209e-07;1.63429e-05;3.61303e-05
1.82614e-09;8.4164e-08;0.999999;2.978e-10;8.23472e-10;5.32485e-13;3.85027e-09;7.40071e-09;9.33518e-11;5.10495e-10;7.85044e-10;7.57476e-07;1.56766e-11;1.62627e-11
3.76681e-08;4.01964e-06;2.26463e-06;7.09612e-08;1.02053e-06;4.19055e-09;1.56008e-08;1.47574e-05;3.51977e-07;9.14281e-10;8.41039e-07;0.999962;1.32212e-07;1.47124e-05
6.61506e-06;0.988297;1.0287e-09;1.10303e-06;2.02148e-06;7.81709e-07;1.94956e-05;0.00920231;4.6726e-05;4.33581e-07;0.000108911;0.000171087;0.00213779;5.67035e-06
0.000178228;0.424532;0.000366935;2.34392e-05;0.000198872;0.000134658;3.5878e-05;0.471442;0.000106235;1.72841e-05;7.00372e-05;0.0834415;0.0022661;0.0171867
1.48887e-05;0.0213042;2.40557e-05;3.65772e-06;7.66845e-05;0.000154508;6.87492e-06;0.000160821;2.10064e-06;3.14078e-07;4.98292e-06;0.962881;0.000378862;0.0149866
6.32958e-07;0.997789;3.06334e-09;6.49425e-08;7.67771e-08;6.46217e-08;0.000327603;0.000508341;2.62265e-07;5.78432e-06;1.97501e-08;2.34447e-08;2.10721e-05;0.00134698
2.73131e-10;7.39906e-11;1;1.31579e-10;5.98912e-11;6.22675e-11;2.43041e-11;1.99775e-10;2.6425e-11;1.1193e-11;6.17386e-11;1.022e-07;6.6257e-12;1.30657e-12
2.75042e-05;0.89796;0.000125915;3.22078e-06;8.54666e-06;2.26593e-05;5.51853e-07;0.0804628;1.89185e-05;2.87618e-06;6.55913e-07;0.010549;0.00405619;0.00676065
6.32987e-06;0.0039566;2.92536e-09;3.61959e-06;5.38345e-06;3.09582e-06;1.76187e-06;0.0104375;8.6231e-05;3.52558e-07;7.99966e-05;0.000257039;0.98516;2.4969e-06
5.48323e-05;0.993712;3.01975e-08;3.52191e-05;8.05764e-06;1.00155e-05;3.55056e-05;0.0021542;2.71484e-05;1.21156e-05;8.43584e-06;0.00162822;0.000321384;0.00199305
2.52345e-05;0.932905;2.16284e-07;5.42693e-05;4.11824e-05;1.63196e-06;0.000187922;0.000535245;3.35697e-07;3.46222e-05;5.55629e-05;0.0572995;0.00835779;0.00050108
0.000314887;0.881734;3.09985e-06;0.000911826;0.00218828;0.000858625;0.000874375;0.0274262;0.000158167;4.67221e-05;0.00147829;0.0212924;0.0619014;0.000811652
0.000349871;0.0298879;3.50339e-06;4.69291e-05;4.13499e-05;4.07514e-05;7.68283e-05;0.000835342;3.80498e-06;5.74984e-06;3.92203e-05;0.952561;0.00399017;0.012117
9.1875e-07;0.998299;3.63728e-09;6.81853e-07;1.88766e-07;1.6253e-07;0.00131314;0.000249821;2.8877e-06;1.05766e-05;2.07981e-06;3.54256e-08;4.21096e-05;7.85045e-05
1.24209e-09;3.21039e-10;0.999999;2.82906e-10;1.99071e-09;6.35652e-10;3.07119e-09;5.99582e-09;7.79622e-10;2.81719e-10;1.13716e-08;4.71694e-07;1.18602e-11;7.3039e-12
2.21621e-07;0.999595;4.16877e-08;9.5984e-09;3.74519e-09;2.52186e-08;7.58067e-05;9.4588e-05;5.4381e-08;7.07265e-06;3.6311e-08;7.39151e-09;0.000224295;2.84178e-06
3.52074e-12;2.80096e-11;1;2.06155e-12;1.6876e-10;4.65894e-11;3.51045e-12;1.42237e-10;2.43913e-12;5.377e-12;7.73099e-12;1.55563e-07;5.08708e-14;8.4949e-12
1.74699e-05;0.0135185;4.97111e-06;1.55153e-06;0.00113505;0.000134607;8.15724e-06;0.979672;3.54064e-05;7.36335e-07;1.03946e-05;0.000224667;0.00338651;0.00184947
0.000162639;0.00715121;1.48416e-08;7.09227e-06;0.000307598;3.74319e-05;4.54327e-06;0.983754;0.000396808;8.66135e-07;0.000284556;0.000551337;0.00688633;0.000455263
0.00225287;0.0554777;0.000642068;1.50705e-05;2.89026e-05;4.11624e-06;1.43813e-06;0.23952;0.000113551;3.86674e-06;3.46467e-05;0.659302;0.0423105;0.0002935
1.58497e-06;0.0970108;5.38468e-06;4.69579e-06;7.96963e-06;1.89983e-06;2.42386e-07;0.000896099;3.31339e-06;1.37866e-07;8.97307e-06;0.896348;0.00568577;2.47201e-05
0.000113574;0.697267;0.000178313;5.01641e-05;0.00235657;0.000513571;2.01561e-06;0.100659;1.91876e-05;2.36902e-05;4.36388e-05;0.0752098;0.115527;0.00803613
0.00540169;0.281397;2.18479e-07;0.0124361;0.0138406;0.00415607;0.00409726;0.0117115;0.525977;0.0221941;0.035128;0.0230524;0.0358718;0.024737
0.063551;0.871458;0.0362327;0.00109176;0.00514226;9.23707e-06;0.000131596;0.000793904;0.00101902;0.000188941;0.000234046;0.0192117;0.00092017;1.58167e-05
0.000250944;0.00058896;0.998672;1.52995e-07;3.52861e-06;2.76492e-09;4.61477e-05;8.79361e-05;0.000151914;2.48942e-07;2.78435e-06;0.000161595;3.03155e-05;3.20813e-06
4.44975e-05;0.989431;3.61538e-08;3.59772e-07;0.00037464;2.00641e-06;1.92836e-05;0.00789544;0.000136388;7.5292e-06;4.74862e-07;6.58258e-05;0.000525814;0.00149669
2.75075e-07;0.000175699;0.00184816;6.48965e-08;1.68016e-05;4.54666e-07;2.12648e-10;4.01877e-07;2.92463e-09;7.79379e-09;1.47313e-09;0.997889;2.37246e-06;6.64433e-05
2.93092e-07;0.998849;8.42897e-12;1.09033e-09;1.9058e-08;8.35455e-09;0.000571444;0.000318667;9.12938e-08;2.82731e-07;1.73051e-09;1.4785e-11;1.52574e-06;0.000258332
2.3833e-11;2.18894e-10;1;2.93347e-11;1.32895e-09;1.14284e-09;5.1176e-11;2.41842e-09;2.84096e-12;2.0758e-11;2.25084e-12;1.99071e-07;3.38711e-12;6.96314e-11
1.91893e-06;0.0150613;1.67227e-07;2.10324e-07;6.9201e-06;1.23455e-06;4.42794e-08;0.0118628;5.49646e-06;2.85211e-08;6.13184e-06;0.0032318;0.969818;3.72157e-06
1.38537e-07;0.984972;9.99003e-09;2.68423e-08;9.99193e-10;1.11104e-07;2.15801e-07;8.65248e-07;2.50466e-09;2.02981e-08;2.40913e-08;0.000482443;0.0145415;3.04498e-06
5.2649e-06;0.000277763;1.61264e-05;2.77327e-05;6.16813e-05;0.000245049;1.58997e-06;0.000426296;1.78814e-06;6.5102e-07;2.54477e-05;0.993854;0.00383697;0.00121933
3.49385e-05;0.765641;1.31418e-07;0.000543776;0.000178504;0.00130865;2.27672e-05;0.206644;1.45385e-05;3.91531e-05;5.94983e-05;0.000592375;0.0186797;0.00624079
7.46997e-05;0.00313581;6.16245e-08;3.62287e-05;1.22643e-06;1.95341e-06;5.50022e-05;0.0846681;0.000322775;2.36728e-06;0.00512922;8.13185e-05;0.906491;2.14906e-07
0.000270457;0.996067;5.1951e-05;0.00158968;6.77145e-06;1.06581e-06;5.83333e-05;0.000323115;0.00034919;7.61449e-06;0.000260802;0.00081712;0.000191335;5.14959e-06
0.000113971;0.405996;1.01911e-07;8.71041e-06;8.73493e-05;1.7849e-06;5.87856e-06;0.590017;4.05624e-05;7.09031e-06;1.71443e-05;0.00033598;0.00329088;7.75893e-05
1.95615e-05;0.0537242;0.000446522;0.000379532;0.00084069;0.000822732;6.43373e-06;0.000635028;2.63777e-05;2.04435e-05;0.000136884;0.908741;0.000627918;0.0335724
6.7676e-05;0.813645;2.29652e-07;0.000463829;0.000241054;0.000429981;0.000202315;0.0248715;0.00018611;4.89154e-05;0.00159431;7.71056e-05;0.0914604;0.0667112
2.90497e-05;0.0010424;1.0949e-08;1.39321e-06;8.42016e-07;3.24175e-07;4.57101e-06;0.521793;5.71787e-05;7.8397e-08;0.00221136;4.91613e-06;0.474855;3.46611e-07
5.58388e-05;0.00287351;6.6425e-05;1.63716e-05;4.30982e-06;2.20558e-06;3.1751e-08;0.000459946;1.42692e-05;4.0862e-07;0.000194723;0.991175;0.00509122;4.5271e-05
3.70556e-05;0.884961;3.8751e-07;2.72749e-06;0.000284135;4.79152e-06;1.00434e-08;0.0552635;2.85628e-06;1.0857e-06;1.33263e-06;0.0225838;0.0366939;0.000163372
1.55241e-05;0.777205;0.000105969;2.8558e-06;3.2924e-05;2.92902e-05;8.83662e-07;0.00192894;2.08393e-06;5.78134e-07;4.69148e-05;0.193859;0.0266742;9.55941e-05
4.85509e-06;0.00198477;1.40905e-08;1.11837e-05;1.18727e-05;5.95294e-06;2.83015e-07;0.0174645;8.46845e-06;2.69578e-07;0.000440621;0.000204048;0.979811;5.20218e-05
0.000194402;0.00856401;0.000178021;0.000200084;3.8362e-06;2.39808e-05;2.5181e-06;0.00363959;0.000209248;6.48637e-06;0.00921229;0.955401;0.0217492;0.000615599
8.88654e-06;0.97468;2.69434e-08;0.00019429;4.03617e-05;5.66858e-05;7.08498e-06;0.0112407;8.41468e-05;8.55485e-06;0.00221097;0.000640712;0.0107087;0.000119178
9.42421e-07;0.00120729;2.47367e-06;1.43141e-05;7.09286e-06;1.01394e-06;4.93994e-08;0.00118993;3.97124e-07;4.89638e-07;0.000143118;0.996644;0.000778244;1.09317e-05
2.85721e-07;0.994524;1.51195e-08;3.03957e-06;7.74504e-09;1.25339e-07;0.000582562;7.03149e-09;1.15537e-07;5.32569e-05;7.58936e-06;8.2628e-07;7.03464e-06;0.00482167
6.41534e-05;0.00829706;1.76629e-06;2.6809e-05;8.73241e-07;1.10236e-06;0.779964;0.000226773;0.0277191;5.22606e-06;0.180747;1.89657e-07;0.00294587;6.72074e-08
0.000132785;0.0505405;2.13637e-08;1.63989e-07;1.63368e-05;1.37693e-06;1.64145e-06;0.94581;1.4399e-05;2.33344e-06;1.58492e-06;1.00923e-05;0.00336413;0.000104671
6.62457e-07;0.00026234;5.72109e-06;4.50835e-06;3.73618e-05;3.88072e-06;8.75701e-07;1.21414e-05;7.91164e-06;1.49389e-06;3.89953e-06;0.996507;8.10532e-07;0.00315116
4.034e-05;0.0536386;1.1928e-06;4.02442e-07;1.17332e-06;8.14037e-09;5.46338e-07;0.944802;2.42512e-05;4.99144e-08;8.14235e-06;2.90173e-05;0.00145369;6.00112e-09
8.41103e-06;0.00442662;0.000180253;5.31148e-07;0.000125045;4.61745e-07;1.00636e-07;0.000215825;7.94489e-07;1.99316e-07;2.1818e-07;0.994475;0.000521147;4.50072e-05
0.000412617;0.054481;7.83386e-05;3.64982e-06;0.0102284;0.0010672;1.50781e-06;0.911028;0.000266434;9.62421e-06;2.29147e-06;0.0157147;0.00655829;0.000147525
0.000212322;0.967009;3.11149e-06;2.05644e-05;0.00018596;2.77274e-05;0.00920973;0.000928723;0.0026596;0.00907115;9.59618e-06;9.12563e-07;0.00175106;0.00891082
9.32031e-09;7.72313e-10;1;2.41093e-09;6.85984e-09;3.01907e-10;2.11391e-08;4.5726e-08;1.74694e-07;1.11051e-08;4.74357e-09;5.45052e-08;3.74522e-12;1.51753e-11
3.11459e-05;0.995537;1.57591e-06;2.04214e-06;2.8332e-07;2.3302e-08;3.30188e-06;0.00141284;7.9762e-05;2.45789e-07;1.36772e-06;4.72605e-05;0.00288346;8.89484e-08
0.000155375;0.0151455;4.57551e-08;6.05566e-05;0.00336601;0.000150004;1.18217e-05;0.90389;0.00251534;3.40141e-06;1.27066e-05;0.0107177;0.0609673;0.0030042
3.85847e-05;0.0109849;7.67313e-06;0.000221802;0.00717433;0.000210585;1.28856e-06;0.000320689;4.72927e-06;1.34166e-05;0.000159641;0.971643;0.00402053;0.00519878
3.90692e-05;0.836335;9.84868e-09;0.000265447;1.61745e-05;2.30997e-06;0.157834;2.59725e-05;0.0003741;0.00248757;0.00142906;1.48314e-06;0.000537674;0.000652221
3.20851e-07;1.43798e-06;0.99999;6.51366e-07;2.85339e-08;1.27137e-07;2.33212e-06;8.88234e-08;4.86105e-07;9.5006e-09;2.19967e-06;3.23335e-07;2.28121e-06;5.1024e-10
5.20411e-06;0.00250253;3.29189e-07;2.70057e-06;0.000111066;4.14642e-07;3.134e-08;0.997361;9.99758e-06;1.06823e-07;5.30296e-07;2.83964e-06;1.55339e-06;1.98016e-06
1.74296e-06;4.14483e-05;0.00384789;3.6325e-06;2.76269e-06;1.35544e-05;1.43781e-09;1.08175e-06;3.51166e-07;5.00781e-07;1.54164e-07;0.993631;3.75957e-08;0.00245562
0.00934824;0.861456;1.25382e-07;5.62225e-05;5.73018e-05;8.77278e-05;0.0598579;0.0122441;0.0194878;0.00635417;0.00378704;5.06187e-07;0.000475234;0.0267877
5.03821e-09;9.10925e-09;0.999999;5.57286e-10;2.66126e-10;2.40534e-11;2.03507e-10;3.31729e-10;6.74382e-09;1.11747e-11;1.03818e-10;1.51193e-06;1.64806e-11;1.31042e-11
6.83237e-06;0.00082342;5.25395e-06;3.79688e-07;0.000143486;5.45446e-09;3.47187e-08;0.995994;2.23488e-05;2.11895e-09;1.72708e-07;0.00299436;6.32436e-06;3.3539e-06
1.9351e-08;0.000135526;2.92e-08;7.68614e-09;0.000126555;8.07679e-08;6.93464e-09;0.999737;1.55327e-08;5.28248e-08;1.19048e-10;1.65862e-10;9.1402e-07;3.88706e-08
2.13838e-07;6.72447e-05;0.999891;8.77766e-07;1.5789e-05;2.93439e-06;9.49961e-11;1.63774e-07;4.16763e-10;5.94865e-08;1.15142e-08;1.22631e-05;1.82693e-06;8.02777e-06
5.79706e-06;0.9372;1.45509e-05;3.65333e-06;8.31797e-06;4.99128e-06;1.9961e-05;0.0594305;0.00020019;3.21379e-07;0.00043173;0.00242354;0.000157837;9.84559e-05
