2.67189e-06;0.991886;4.804e-11;4.20885e-07;2.67063e-07;8.90361e-08;4.86631e-07;0.00243505;1.10491e-06;7.39135e-08;8.0093e-06;4.8055e-05;0.00561571;1.85089e-06
0.00100495;0.081479;2.03687e-05;0.000988824;0.0558216;0.000448819;8.75037e-05;0.0548948;0.000887136;2.28749e-05;9.09202e-05;0.000223182;0.000557763;0.803472
0.000601981;0.852275;2.92344e-06;7.39969e-05;0.000353673;9.97408e-07;1.51466e-05;0.0642135;0.00820411;1.08344e-06;0.00137403;0.06482;0.00802995;3.36633e-05
0.000133037;0.0431689;8.10585e-06;2.26786e-05;0.000499337;1.16809e-05;1.04834e-06;0.00285472;3.87125e-05;1.34888e-06;3.25255e-05;0.924707;0.0278127;0.000708156
2.83069e-05;0.97286;1.47505e-08;8.33806e-06;1.18544e-05;2.64602e-06;5.26073e-07;0.0135026;8.65852e-05;1.09168e-06;7.60998e-06;0.0104036;0.00298033;0.00010666
3.19295e-05;0.0613291;0.000189879;0.000114287;0.00259213;0.00157342;1.03216e-06;0.000563208;4.26138e-05;1.66312e-06;5.4197e-05;0.887532;0.000569315;0.0454048
3.46765e-05;0.977958;1.20602e-08;2.62838e-05;1.99062e-06;6.59034e-05;2.23215e-05;0.00131528;3.15156e-05;3.85573e-07;8.95053e-05;0.00115844;0.0187202;0.000575109
1.24232e-05;0.000518892;3.81379e-09;3.8304e-07;4.48814e-07;1.31125e-06;4.59453e-08;0.0210958;6.92369e-07;4.66034e-09;1.96268e-05;4.70619e-05;0.978303;5.34589e-07
1.38008e-06;0.00224138;2.90448e-07;1.55535e-06;2.65182e-07;2.71223e-07;3.36541e-09;3.13363e-05;3.8996e-06;6.87258e-08;2.25415e-06;0.996426;0.00126591;2.57794e-05
6.37963e-06;0.940095;4.07759e-08;0.000629834;4.03234e-05;4.92856e-05;2.00655e-05;0.00521182;0.000381152;9.06445e-05;0.000228894;0.00228075;0.0509644;1.18197e-06
0.000409429;0.00590039;0.00234145;0.00528057;0.000562617;9.51375e-05;3.59375e-06;0.00571359;2.31822e-05;6.85238e-05;0.00019865;0.976004;3.32581e-05;0.00336569
0.00480718;0.0700432;6.61759e-06;0.000501479;2.07282e-05;0.000183314;0.00126846;0.137521;0.0146338;6.6599e-05;0.022101;0.000788391;0.748028;3.04377e-05
2.62634e-06;0.00205767;1.17432e-09;8.73136e-06;2.1222e-06;0.000156959;1.72671e-06;0.000137342;0.00107668;1.79323e-06;0.00176185;1.49521e-06;0.994782;8.9466e-06
5.10841e-06;0.000562326;0.99845;4.75582e-05;9.52791e-05;1.17896e-07;4.8508e-07;5.12004e-06;2.64089e-06;1.81754e-05;2.52497e-06;0.000786115;3.92334e-07;2.41965e-05
0.00014897;0.0146572;4.04857e-07;7.76956e-05;4.04997e-06;3.8107e-06;0.000224773;0.00301596;0.964166;2.21897e-05;0.0165825;2.66494e-06;0.00109327;7.51614e-07
0.000119074;0.997707;7.31817e-05;0.000240994;1.41069e-05;6.31242e-06;2.24042e-06;0.000298878;0.000170125;4.27661e-05;5.41737e-06;0.00124151;3.15859e-06;7.54726e-05
0.000128834;0.980223;1.25043e-07;5.71883e-06;2.02053e-07;9.58577e-06;4.4486e-05;5.05407e-06;0.000117176;4.02116e-06;3.60288e-05;0.0127128;0.00667567;3.75257e-05
3.67032e-05;0.00355592;1.68512e-07;7.23908e-06;0.000311098;0.000757545;1.33151e-07;0.0968381;0.000531101;1.14053e-06;0.00024422;0.895272;0.00184345;0.000601301
1.60123e-06;0.975069;4.0925e-07;1.06456e-05;3.35101e-07;2.90673e-05;0.0209005;6.56397e-06;2.35988e-06;0.00266163;1.51526e-05;9.09157e-07;3.38301e-05;0.00126748
1.02539e-09;1.60089e-09;1;5.8801e-09;1.11668e-09;6.02219e-09;5.7532e-08;6.89582e-09;7.74674e-10;2.67986e-09;1.23586e-07;2.72933e-07;2.08051e-11;7.2363e-11
0.000423248;0.151872;1.69139e-05;2.70059e-05;0.00134794;0.00248025;0.0943316;0.560061;0.000809459;0.000654019;0.00491582;2.45101e-07;0.181864;0.00119674
2.84537e-09;2.19359e-09;1;6.33109e-10;6.87922e-10;1.3397e-10;6.01979e-09;4.25512e-09;1.63698e-09;3.75056e-10;7.24317e-09;1.63818e-08;3.11483e-10;3.96469e-12
9.75736e-07;0.0001659;0.977796;1.85218e-07;1.02691e-05;2.81032e-08;6.67494e-09;0.000282017;1.81927e-07;1.04588e-07;2.5383e-08;0.0216891;2.28302e-08;5.5341e-05
2.58166e-06;0.00844877;0.000459693;2.61244e-06;0.00547367;0.0167866;6.39138e-07;2.34981e-05;3.96366e-07;4.45557e-06;3.61882e-07;0.000245948;0.00016284;0.968388
5.42011e-05;0.00735205;9.88365e-07;9.66749e-05;0.00218751;0.0017721;1.1417e-06;0.000720369;0.0011128;2.47562e-06;0.00024343;0.206495;0.779926;3.50261e-05
0.0017605;0.112404;0.8834;9.49656e-05;0.00011012;1.08533e-06;1.58378e-07;0.00128003;3.69399e-05;2.67121e-06;5.51605e-07;0.000895515;5.66648e-06;8.22813e-06
3.72025e-05;0.236294;7.14866e-07;5.55828e-06;4.73865e-06;1.50971e-05;1.14364e-08;0.10857;3.15717e-05;2.24656e-07;1.20851e-07;0.00445967;0.65058;2.10553e-07
3.56429e-07;0.000345089;7.28239e-08;5.43319e-07;3.46379e-06;0.000619203;3.29162e-10;1.81315e-05;1.7987e-08;6.47866e-07;5.87959e-09;1.11684e-07;0.999009;2.92767e-06
1.1695e-06;0.000606576;0.998878;7.53825e-06;4.52015e-06;1.0978e-07;1.26029e-07;5.94736e-05;1.47348e-08;2.6579e-06;5.81519e-08;0.000382861;4.02694e-05;1.64181e-05
0.0017698;0.014978;0.000192274;0.0146316;0.021046;0.0288782;0.0331035;0.0260607;0.311501;0.0127837;0.313866;0.00200032;0.213226;0.00596243
