5.46748e-05;0.949468;7.91667e-08;0.000121379;3.53448e-05;2.0665e-05;8.16295e-06;0.0135352;0.000559236;1.11488e-05;0.000277776;0.000413341;0.0353565;0.000138469
0.000177549;0.724684;0.0769266;0.000468614;0.00017005;2.80944e-06;3.87114e-06;0.00124881;7.86536e-07;8.27089e-05;7.95688e-06;0.193371;0.0012112;0.00164467
8.27767e-06;0.997576;2.34318e-08;7.58844e-06;1.00692e-05;8.91602e-06;2.98174e-05;0.000177813;2.11205e-05;3.28197e-06;0.000295284;0.00112667;0.000614801;0.00011995
0.000345912;0.00418326;1.2817e-06;0.000146976;0.794466;0.092447;3.11328e-05;0.0620199;0.000710555;0.000176986;0.000337991;0.0161637;0.0044952;0.0244743
0.000633632;0.426019;2.81918e-07;3.10899e-06;5.88384e-05;1.87755e-05;2.63849e-05;0.00627135;3.32533e-05;1.95548e-06;2.75176e-05;0.000474719;0.56641;2.13649e-05
0.00448765;0.776336;0.00168868;0.00753397;0.0236076;0.0610965;0.000265756;0.0481771;0.000347128;0.00399976;2.34431e-05;0.00167044;0.0269755;0.0437902
7.77278e-05;0.676201;2.616e-06;9.75175e-06;1.06165e-05;1.31576e-05;2.79779e-06;0.00123301;0.000107347;9.33853e-07;8.71321e-05;0.29377;0.0281433;0.000340596
4.57097e-05;0.00385361;4.4895e-06;4.04127e-06;5.62829e-06;4.33199e-06;3.38187e-07;9.57216e-05;0.00010812;2.55978e-07;2.34675e-05;0.994636;0.00120248;1.54881e-05
0.00210361;0.586133;2.6805e-05;5.88206e-05;0.00878148;0.000338434;1.06776e-05;0.159363;0.00154212;4.97176e-06;1.27058e-05;0.00265332;0.238693;0.000277499
0.000695584;0.849059;7.40105e-06;1.13051e-05;0.000125913;0.00012453;9.81013e-05;0.00517565;3.91379e-05;5.27105e-06;1.33711e-06;0.115416;0.0259062;0.00333469
2.3621e-06;0.0127349;7.48315e-07;1.02017e-05;0.00133974;0.000975565;5.43921e-08;0.00286917;1.05103e-06;4.54875e-07;6.41889e-08;0.0017921;0.00119964;0.979074
1.63606e-06;0.000174822;3.41605e-07;8.59077e-07;7.09085e-06;8.15102e-07;1.00013e-08;0.0181386;3.52881e-07;4.16756e-08;2.01274e-06;0.000381441;0.981291;5.598e-07
8.05553e-06;0.00198721;7.42516e-07;3.34823e-05;2.11364e-05;1.28877e-05;4.84605e-08;0.00171233;4.39362e-05;4.04353e-06;8.86525e-06;0.992782;0.00331861;6.62666e-05
3.59519e-06;0.991243;0.000200599;1.5232e-05;1.22355e-05;1.09743e-05;0.000111366;0.00814471;6.11504e-08;0.000140279;5.29924e-08;1.66691e-06;8.78176e-05;2.83247e-05
3.92628e-10;3.69475e-09;1;5.72425e-09;1.99085e-10;3.69487e-10;2.76619e-09;4.90159e-09;1.46062e-10;1.04995e-09;3.00073e-09;2.98434e-07;4.64152e-10;3.47149e-11
1.13745e-07;7.4806e-07;0.984737;1.17999e-06;4.23982e-07;5.65286e-07;6.20932e-08;2.23077e-05;1.54638e-07;4.08847e-08;1.75807e-06;0.01523;1.91498e-08;5.46237e-06
8.32819e-06;0.00511663;2.79336e-05;6.47579e-06;0.0200292;0.00258344;7.50647e-07;0.00140234;2.9578e-06;4.95552e-06;7.22374e-05;8.76338e-06;2.55863e-05;0.97071
1.5067e-06;0.942299;5.25779e-06;3.94027e-06;2.43139e-05;7.13945e-05;1.81392e-05;2.49677e-05;3.38731e-09;9.13741e-05;1.67588e-07;0.000166815;0.000140146;0.0571528
1.22193e-10;8.17938e-11;1;1.10641e-11;3.88691e-09;4.12912e-11;7.11997e-11;1.76319e-09;8.39801e-13;2.37494e-13;2.72924e-11;6.69423e-09;2.02174e-12;8.82036e-13
3.24113e-06;0.0192264;3.2294e-08;1.46073e-07;0.000470017;4.8006e-06;1.04089e-07;0.979626;1.66215e-06;2.83632e-08;4.15879e-07;3.03936e-06;0.000652652;1.16553e-05
3.6928e-05;0.0144294;0.949633;8.46565e-05;0.00976903;0.00343167;5.12829e-08;0.00130434;6.9893e-08;1.28054e-06;2.25378e-06;0.0146597;0.00618054;0.000466678
1.70879e-06;0.558276;2.82403e-07;4.72586e-06;8.15768e-05;3.46265e-05;9.45185e-06;0.358172;8.72232e-06;3.95344e-07;0.000114997;0.0114057;0.0715489;0.000340982
8.06363e-06;0.468549;7.08965e-06;0.000177503;0.000188882;0.000870803;2.91356e-06;0.00367311;2.59115e-06;5.73933e-06;1.21182e-05;0.00248849;0.523441;0.000572497
0.000298477;0.0521576;0.00359877;0.000369019;0.00299057;0.00155892;6.47341e-05;0.0018318;6.71709e-05;0.000124422;0.00020644;0.00807197;0.013645;0.915015
0.000100626;0.914794;0.000718637;0.000162755;6.72736e-06;6.37058e-05;0.00454762;0.0438734;0.000232089;0.000222058;0.00104044;0.00290317;0.0302138;0.00112147
8.97397e-06;0.942695;4.79991e-07;8.59245e-06;1.39466e-05;9.86678e-06;7.54295e-06;0.00140567;1.91079e-05;4.60972e-06;7.76887e-05;0.0194749;0.0358596;0.000413608
2.86067e-06;0.000304327;3.52588e-07;1.52166e-07;2.04997e-07;3.41082e-08;3.0624e-08;2.21458e-05;2.34502e-06;1.43655e-08;1.40342e-06;0.99947;0.00019591;1.81122e-07
0.00160609;0.183367;6.94911e-05;0.000179688;0.0018986;0.00212644;0.000109482;0.0273991;0.00110367;7.56853e-06;6.99398e-05;0.0884447;0.693123;0.00049477
0.000118878;0.974886;1.22495e-05;2.24445e-06;0.000116485;0.000158997;2.11008e-05;0.013922;6.29875e-07;1.28188e-06;2.69315e-08;0.00248488;0.00703724;0.00123786
1.152e-06;0.0222676;4.46748e-06;1.32604e-05;0.000530311;0.00606515;7.39262e-08;0.00154722;1.83532e-07;8.70521e-07;3.43229e-08;0.00255351;0.00320606;0.96381
9.01498e-07;0.000312018;1.72822e-07;6.31721e-07;2.97113e-07;3.55672e-07;2.34804e-08;0.00153288;2.24416e-07;2.13877e-08;3.30381e-06;0.000365864;0.997783;2.0654e-07
2.00115e-06;0.00632048;6.6685e-07;7.4591e-07;2.08251e-07;2.80969e-07;3.82031e-09;0.000122915;7.2198e-07;8.31177e-08;4.62903e-07;0.992212;0.00133262;6.61003e-06
5.44153e-05;0.813815;1.18015e-05;0.00100449;1.57571e-05;5.04064e-05;0.000139341;0.0863701;0.00368886;9.09611e-05;0.00951693;0.00539219;0.0798473;2.67111e-06
0.000205323;0.793029;0.0163088;0.0438986;0.000388496;0.000189407;4.69402e-05;0.00202996;5.10708e-06;0.00124147;0.00029592;0.0753197;0.000326067;0.0667149
0.000130898;0.942391;1.85475e-07;0.000561654;0.000198315;0.000144367;6.45598e-05;0.0349338;0.000144773;2.1771e-05;0.003699;0.00261881;0.0144221;0.000668317
0.000671107;0.871201;3.03129e-06;8.5422e-05;0.00264212;0.010386;0.000164883;0.0847654;0.000516667;7.99217e-05;0.00175367;0.00688356;0.00943054;0.0114165
0.0121217;0.684453;0.000205393;0.000103297;0.0169223;0.000610888;0.000139641;0.120351;8.39264e-05;3.56633e-05;0.000412044;0.140769;0.0140346;0.00975807
5.73214e-05;0.0230274;5.15367e-07;0.000247151;0.00128498;0.000539931;2.61018e-06;0.000966146;0.001253;2.25416e-06;9.4751e-05;0.0003074;0.000867917;0.971349
0.000737282;0.960511;1.30488e-05;0.00112395;6.61658e-05;0.000187412;6.23815e-06;0.00186362;0.00121289;0.000199937;0.00124054;0.0197725;0.00944053;0.00362437
0.000942333;0.377448;4.8727e-06;0.000206137;0.000104605;5.82935e-05;3.70064e-06;0.0329786;0.00036365;2.35028e-05;0.000567325;0.581347;0.005186;0.000765721
5.6547e-05;0.00293201;1.95421e-06;4.00836e-06;8.41233e-05;2.80693e-06;7.05378e-07;0.994614;7.98166e-06;6.89322e-06;2.89981e-05;0.00184449;0.000353325;6.21455e-05
8.2558e-06;0.00711795;0.0017621;6.89333e-05;1.19566e-07;1.45036e-05;0.797189;1.26476e-07;3.21467e-05;0.191525;0.00133626;7.0136e-09;7.55092e-06;0.000937713
1.33089e-10;1.15731e-12;1;2.31417e-11;1.20845e-12;1.44579e-12;8.14748e-08;5.83099e-11;5.84329e-09;9.75876e-11;8.49906e-08;3.32249e-11;5.36494e-15;2.46432e-14
