1.64466e-05;0.0926772;8.36463e-08;1.79106e-05;2.09061e-06;2.34053e-06;4.50546e-06;0.00233297;6.09231e-05;1.81228e-07;1.88589e-05;0.000358884;0.904506;1.37047e-06
1.96122e-05;0.000421;8.13124e-08;0.000269097;0.00147953;9.12103e-06;9.60811e-08;0.0330835;0.000237224;3.31483e-06;7.33149e-05;0.963963;3.69254e-05;0.000404056
0.000404458;0.88379;9.93562e-07;1.12764e-05;1.34128e-06;2.43795e-06;1.10097e-05;0.000824988;2.31591e-05;9.72123e-08;1.28322e-05;0.000680427;0.11422;1.70365e-05
1.30696e-05;0.773855;1.71042e-06;1.46692e-05;2.9619e-06;1.74721e-05;4.54253e-07;0.000503178;7.95368e-06;7.77651e-07;1.19194e-06;0.220494;0.000683963;0.00440328
4.38266e-05;0.0322712;1.55653e-05;2.52312e-05;0.141402;0.0359132;6.82809e-07;0.00844182;1.91478e-06;2.72305e-05;6.37169e-07;0.00512665;0.0303504;0.746379
1.21534e-05;0.0308351;3.14681e-05;2.36773e-06;5.40978e-06;0.00105076;1.58207e-06;5.10288e-06;1.88508e-05;3.82927e-06;6.90668e-06;0.000448989;0.967452;0.000125362
3.58467e-05;0.00577782;0.971939;0.000169751;7.0899e-05;4.36603e-05;0.00196765;5.25495e-07;1.71129e-06;0.00252911;6.00129e-06;0.0142049;1.44255e-05;0.00323906
2.02435e-08;2.29806e-09;0.999993;2.69965e-08;1.09359e-08;4.06652e-09;4.20927e-06;1.64131e-09;3.60751e-07;9.62872e-09;2.64561e-06;7.48189e-08;5.93104e-12;1.11875e-09
8.07281e-05;0.973432;1.10004e-07;3.94067e-05;7.74369e-06;3.02614e-06;2.90686e-05;0.0134453;0.00278623;1.8685e-06;0.00215631;0.00475246;0.00322502;4.05236e-05
0.000113906;0.116782;6.92024e-08;7.51437e-08;3.55521e-06;4.2672e-09;9.26564e-06;0.882702;4.86607e-06;3.64832e-07;2.79213e-06;5.91085e-05;0.000318127;4.33522e-06
3.49164e-06;0.000661098;3.43414e-06;2.94485e-05;0.907634;7.45664e-06;2.36392e-06;0.0682624;4.63221e-05;3.51736e-05;6.24637e-05;0.00280407;1.49843e-06;0.0204468
1.21397e-06;0.00294031;0.996684;3.66851e-05;2.78178e-06;2.3266e-07;4.763e-07;4.97605e-07;1.85155e-07;1.87336e-07;2.01786e-05;0.00026569;4.04535e-05;7.40724e-06
6.97364e-06;0.973833;9.21937e-08;1.07553e-07;6.38582e-06;1.61514e-07;2.63091e-08;0.0066422;6.98064e-07;2.75701e-08;1.95259e-06;0.000211434;0.0191445;0.000152156
2.044e-06;0.959271;2.35006e-05;1.99392e-07;1.08425e-05;1.47817e-05;1.14227e-07;0.00155776;3.32884e-07;2.62428e-07;1.76199e-06;0.0146295;0.02417;0.000317761
2.68644e-07;0.000108988;6.72708e-11;1.50942e-06;4.60034e-06;1.06482e-05;7.46065e-08;1.34639e-05;9.03451e-06;8.67181e-08;0.000139605;0.00220306;0.997497;1.16285e-05
2.98391e-05;0.000206025;8.30851e-06;7.58614e-06;1.02467e-06;2.98895e-07;1.97399e-07;0.000135383;2.58925e-05;1.71001e-07;0.000221197;0.998852;0.000512032;4.53561e-07
1.49186e-05;0.00121853;7.72786e-09;7.31621e-08;3.36718e-05;1.04485e-07;3.17328e-08;0.997918;6.85072e-07;3.56783e-08;3.96459e-07;4.19369e-06;0.000782167;2.67792e-05
1.37031e-06;0.938658;1.24838e-05;1.44327e-05;3.22687e-05;5.10657e-06;0.00208274;0.0083259;8.37663e-07;0.000987225;1.31178e-06;5.61382e-05;5.47601e-05;0.0497677
1.36357e-09;5.9842e-09;1;2.5264e-08;1.46423e-10;2.28761e-10;4.47512e-08;2.85297e-08;8.28058e-09;8.87018e-10;2.61505e-08;3.3373e-07;3.83316e-10;5.52753e-12
8.41182e-05;0.00727978;0.0317237;0.000184481;0.000115891;8.64694e-07;2.65417e-06;0.00859135;0.00135667;1.05356e-06;0.000144963;0.949827;0.000120161;0.000567624
0.000132031;0.0295981;6.04735e-07;5.97199e-06;0.000236347;0.000175385;1.1699e-07;0.000977989;0.000463756;3.43419e-07;5.62053e-05;0.0347318;0.933177;0.000444521
0.000379822;0.751416;3.14066e-05;6.51475e-06;0.00819801;0.00071533;5.49097e-07;0.00334418;7.7522e-06;2.04274e-06;4.14802e-07;0.0182705;0.188552;0.0290754
0.000186076;0.317951;0.000115891;0.000192349;0.0011125;4.6265e-06;1.49159e-07;0.255469;0.00334018;1.07214e-06;1.22794e-05;0.420091;0.000127605;0.0013964
3.50991e-05;0.00317989;7.50668e-05;6.98955e-06;0.0534233;7.42923e-06;6.96441e-09;0.933501;1.77987e-06;2.25837e-07;3.05871e-08;0.00558699;8.79539e-05;0.00409397
1.78119e-07;1.9827e-05;1.23086e-06;9.28065e-09;0.000743693;4.23025e-07;6.14269e-10;0.99896;1.12787e-08;1.02144e-07;2.73099e-10;1.62621e-07;0.000274077;2.30846e-07
4.52184e-06;0.00399749;0.99549;7.72184e-06;8.73823e-05;1.29857e-05;1.37938e-09;2.07017e-06;1.54746e-08;3.6508e-07;3.90333e-08;0.000368292;7.8717e-06;2.16069e-05
2.67768e-05;0.946075;1.89231e-06;7.90624e-06;4.12725e-06;5.45976e-06;0.000472924;0.0244226;0.0235357;1.0031e-06;0.00448976;0.000369634;0.000522346;6.51184e-05
