4.61601e-06;0.995685;0.000572139;6.03523e-06;8.69601e-06;5.18872e-07;1.71501e-07;7.07105e-06;1.99478e-08;1.51806e-06;6.43231e-07;0.000381072;0.00330958;2.32996e-05
4.23379e-05;0.104184;1.16483e-05;5.07714e-06;4.46353e-05;8.64743e-05;1.20715e-05;0.00313151;0.000120562;1.17832e-06;0.00056171;0.886219;0.00274892;0.00283088
0.000115071;0.142875;1.56473e-06;6.81958e-05;0.000258353;0.000160106;6.39161e-06;0.0309132;0.000692156;2.21988e-06;0.00189384;0.0136719;0.809329;1.28179e-05
0.000891267;0.233409;0.593672;0.000682114;0.000736244;4.51906e-05;5.21737e-06;0.00045636;9.19657e-06;2.9733e-05;4.12754e-06;0.0466239;0.0145152;0.108921
0.00012546;0.973536;1.65533e-07;4.59472e-05;4.9898e-05;4.9768e-06;4.07539e-06;0.0220853;0.000984723;6.6307e-07;0.00110712;0.000246737;0.00162423;0.000184899
0.000285031;0.549562;9.14377e-06;8.02826e-06;4.47254e-05;9.33542e-05;6.11557e-07;0.0730558;4.02269e-05;3.13791e-05;9.47714e-06;0.35858;0.0106644;0.00761547
3.73516e-07;0.00582873;2.33217e-07;1.06326e-07;1.3224e-06;2.05172e-07;2.06781e-08;5.89053e-06;8.69953e-08;2.2744e-08;5.65936e-07;0.994019;0.000141937;1.26005e-06
0.000112866;0.537971;0.00527289;1.15657e-05;0.00125097;7.11229e-05;4.86131e-06;0.0169601;4.85354e-06;2.28931e-06;4.39394e-06;0.0253312;0.411837;0.00116498
0.000663771;0.0426933;3.04185e-05;0.00100111;0.0730044;0.0785198;1.64184e-05;0.0603171;0.00196855;0.000358835;3.23901e-05;0.0505818;0.0292103;0.661602
0.00544668;0.0840855;7.68002e-07;2.59306e-05;0.000484728;0.000300586;2.04213e-05;0.84417;0.0095765;4.66733e-06;0.00056751;0.000154218;0.0551266;3.5949e-05
2.77755e-05;0.943537;1.53762e-08;7.31617e-07;2.73945e-07;2.0003e-06;9.02298e-08;1.97323e-05;8.78503e-06;5.29286e-08;3.58005e-07;0.0245316;0.0318671;4.14253e-06
0.000102258;0.145024;1.76207e-07;0.000119266;0.00124583;0.0055657;9.36561e-08;0.0322635;4.29062e-05;3.86173e-06;8.23044e-07;0.402283;0.410478;0.00287101
0.00011322;0.916482;5.73115e-07;0.00375868;1.52724e-05;0.000120653;0.000367965;0.00497046;0.00162031;0.000156731;0.00699234;0.055259;0.00706634;0.00307601
0.000650552;0.0857147;7.77258e-06;0.00483596;0.00131121;0.000740925;0.00412258;0.105799;0.0563641;6.19735e-05;0.656174;0.000947426;0.0829907;0.000279516
0.00035376;0.0685503;3.93372e-06;2.18738e-06;0.00135113;2.34756e-05;1.46618e-06;0.890635;1.09043e-05;6.09589e-06;9.37067e-06;0.000288777;0.0385932;0.000170212
5.68029e-06;0.0126434;0.00179671;4.14889e-06;0.000236717;1.09787e-05;2.54531e-07;0.0011517;1.95023e-06;1.50085e-06;2.21534e-06;0.982772;3.4179e-05;0.00133821
2.10473e-05;0.89878;7.75604e-06;6.53181e-05;0.0026182;1.02596e-05;2.11882e-06;0.0635648;0.000408407;2.17983e-06;4.48158e-05;0.00070667;0.0336595;0.000108555
0.00306587;0.275677;0.000585193;1.09092e-05;0.0295961;1.88319e-06;5.55131e-07;0.229768;0.000618852;2.43713e-05;5.68625e-06;0.450478;0.00101007;0.00915764
0.0206864;0.134352;0.020881;0.000169557;0.00980357;4.8604e-05;0.00019679;0.415289;0.342236;7.17422e-05;0.00292663;0.00788173;0.0452797;0.000176951
2.33661e-05;0.00193215;2.73051e-08;1.38123e-07;6.33524e-06;1.88439e-08;1.43726e-07;0.996801;0.000246251;5.74953e-08;1.1363e-06;8.22716e-06;0.000981529;8.73939e-08
1.34722e-05;0.911679;2.65712e-06;0.000266494;8.07506e-05;3.34409e-05;6.80179e-07;0.000217211;6.30688e-05;2.62266e-05;8.78628e-06;0.0868235;0.000152823;0.000632131
4.19024e-06;0.00560366;2.21196e-07;9.78182e-07;0.000159617;1.83158e-07;8.12331e-08;0.993903;2.61431e-06;1.65562e-07;6.68405e-07;0.000168003;0.000146399;9.98981e-06
0.000152558;0.00157344;3.78538e-05;7.42311e-06;0.000276622;7.86032e-07;7.59843e-07;0.00959352;5.8473e-05;6.64152e-07;3.15554e-05;0.98737;0.000892599;3.27092e-06
0.00244966;0.899498;1.20822e-05;1.40524e-05;0.000112631;7.09835e-06;0.027322;0.0275016;0.0290368;0.000257116;0.000464384;6.88333e-07;0.0132367;8.75214e-05
2.30523e-08;7.6964e-09;1;3.70357e-09;2.70588e-09;8.54062e-11;4.65766e-09;3.45933e-08;4.64886e-08;3.69974e-10;1.33785e-08;6.78969e-08;1.23668e-09;2.01532e-11
5.90127e-05;0.0344951;9.20707e-05;3.98856e-05;3.13281e-05;2.24821e-06;4.62669e-07;0.0793909;0.0190615;1.73461e-06;0.000506219;0.865921;0.000116988;0.000281812
0.000887737;0.420325;3.88421e-05;0.00506947;0.0068661;0.0120334;3.73017e-05;0.00933312;0.0194364;0.00146594;0.0406662;0.00454298;0.476552;0.00274539
8.10524e-05;0.165522;0.0229952;6.85088e-05;4.0709e-05;6.86719e-06;6.09263e-07;0.000131566;1.24622e-06;4.53372e-06;6.10128e-06;0.810092;2.98149e-05;0.00101931
1.0376e-05;0.959001;2.34405e-10;4.79682e-05;0.000428322;2.16061e-05;0.000469536;0.000148755;2.76691e-05;0.00175588;8.52295e-06;1.97963e-08;1.67763e-05;0.0380638
1.81519e-07;3.71293e-08;0.999997;1.55421e-07;2.8272e-07;3.17725e-07;1.71677e-08;7.60567e-07;3.81573e-08;5.65786e-09;2.51969e-07;3.85013e-08;5.78823e-07;7.65314e-11
2.34883e-05;0.99655;2.12668e-05;6.22285e-06;5.92062e-06;1.31624e-06;1.29073e-07;0.00247567;1.14383e-07;3.91251e-07;2.25011e-07;1.93787e-05;0.000895179;7.60368e-07
1.43023e-05;0.969787;6.69767e-07;0.000100671;2.75829e-05;1.07182e-05;4.0806e-07;0.00174458;2.38917e-05;5.78454e-06;1.40921e-05;0.0280615;0.000135782;7.2929e-05
0.000145308;0.0465601;7.19833e-09;2.142e-05;0.00984734;1.56073e-05;7.93418e-06;0.940739;0.000238652;9.53872e-06;0.000634894;0.00135857;0.000171688;0.000249603
0.00026885;0.000791748;2.57418e-05;3.81311e-06;0.000421551;3.54763e-07;3.44306e-07;0.00430066;6.41811e-05;1.13051e-07;4.92296e-05;0.993842;0.000229735;1.37658e-06
0.000574383;0.9439;3.84275e-06;9.75853e-06;0.000119867;2.62014e-05;0.00113435;0.0424386;0.00384821;6.52215e-05;7.25029e-05;2.92621e-07;0.00679916;0.00100732
3.32191e-09;2.25876e-10;1;4.42461e-09;1.0252e-10;7.75411e-11;1.59719e-09;3.64836e-10;1.93701e-08;6.06475e-11;6.79607e-09;1.23654e-07;1.49591e-11;1.15696e-12
7.52744e-05;0.0128807;1.57615e-05;0.00102067;4.33331e-06;7.57885e-06;5.53811e-06;0.00244713;0.461511;1.85001e-06;0.0177695;0.503714;0.00037391;0.000172468
0.000465081;0.986288;2.76383e-06;0.000197426;1.12065e-05;2.76836e-06;8.20862e-05;0.00529764;0.000652356;5.14939e-06;0.00232315;0.000612661;0.00403899;2.06459e-05
5.93115e-07;0.00699454;3.64893e-09;1.92641e-07;0.000663503;4.20679e-08;1.04388e-10;0.991994;1.18381e-08;6.18812e-08;2.92505e-09;8.43556e-05;6.69417e-06;0.000256452
3.59627e-06;0.000765165;0.992386;6.01159e-05;0.000238303;5.98719e-05;1.67025e-09;0.000410688;5.60931e-07;2.18658e-06;7.18364e-07;0.00557764;0.000475512;1.95046e-05
0.000255076;0.430938;2.75366e-05;0.000661983;1.6729e-05;5.17622e-05;0.000306776;0.410361;0.0967506;9.87254e-05;0.0255392;0.00127922;0.0336878;2.57259e-05
