8.63135e-06;0.858814;9.85353e-09;1.04506e-05;4.83508e-05;5.842e-06;8.3843e-08;0.138765;3.02022e-06;4.38079e-07;1.72751e-06;0.00196582;0.000358758;1.77446e-05
0.000143157;0.00890928;1.14957e-07;7.01676e-07;6.13001e-05;5.73886e-05;2.68605e-05;0.487533;4.8947e-07;5.27325e-07;5.13666e-06;0.00665383;0.495787;0.000821509
9.08496e-06;0.109093;5.19895e-06;1.9817e-05;0.00477246;0.00146102;2.14676e-05;0.0750092;2.67297e-06;3.34361e-05;4.41543e-07;4.26364e-05;0.0279809;0.781548
4.26792e-10;6.67444e-10;1;4.08936e-09;3.66618e-10;3.31484e-10;2.16771e-10;9.27914e-10;8.28023e-11;6.40464e-11;1.52374e-09;4.87622e-08;3.98546e-10;3.93729e-11
2.04584e-07;4.4253e-06;0.9972;8.01979e-07;7.80862e-07;3.40657e-08;9.68792e-08;0.00268793;1.33414e-07;1.6992e-08;6.62514e-07;0.000100316;2.33557e-07;4.04297e-06
1.61454e-08;6.24152e-05;4.37345e-06;7.00214e-08;1.64352e-05;1.42734e-05;6.66105e-10;9.67881e-06;2.19083e-10;1.68083e-08;6.75143e-09;6.58685e-06;3.55034e-08;0.999886
1.38249e-05;0.433098;2.6159e-07;1.14037e-05;0.000195818;8.65372e-06;8.79228e-07;0.312713;3.02049e-06;1.60153e-07;9.54455e-05;0.0046082;0.249251;6.84417e-07
2.79605e-07;0.897307;5.5051e-05;5.92362e-05;6.07374e-06;8.01224e-05;1.98735e-07;1.70774e-05;3.17615e-10;2.07957e-06;1.34128e-07;3.02081e-05;0.101579;0.00086291
2.08245e-07;0.0284213;7.64787e-08;3.795e-07;5.61225e-07;1.58593e-05;1.53044e-08;0.000469224;1.57723e-09;2.87886e-08;7.33878e-07;0.966966;0.00338573;0.000739772
2.60392e-05;0.485584;1.85299e-06;3.88032e-05;0.00284559;0.018011;3.00071e-06;0.233926;1.08408e-06;1.5857e-06;0.000763188;0.000628845;0.255685;0.00248498
0.000208989;0.0104148;0.000155864;0.000286668;0.000180739;0.00276261;1.09701e-05;0.00222382;0.000106888;5.92628e-06;0.00263449;0.0409361;0.939832;0.000240573
4.26562e-05;0.00299165;4.30534e-08;3.65143e-06;0.00126733;8.47329e-05;3.98332e-08;0.985713;7.3535e-06;2.59636e-07;8.75704e-05;0.00256884;0.00479667;0.00243631
6.39797e-06;0.994969;7.17011e-08;1.8168e-07;2.83372e-06;1.27592e-05;0.000267276;0.000103456;2.86243e-08;0.000325119;1.39814e-07;4.38386e-06;6.76112e-05;0.00424071
1.02622e-08;1.98788e-09;0.999916;1.59145e-09;8.20548e-08;7.7483e-09;5.80698e-08;5.94067e-09;8.543e-09;1.64057e-08;2.58864e-08;8.36268e-05;1.47837e-12;7.78328e-10
7.61237e-06;0.141629;9.59438e-08;1.27472e-07;8.99632e-08;7.89848e-07;5.23435e-05;1.49047e-05;1.79399e-05;7.77737e-08;4.2959e-06;8.51547e-06;0.858264;2.47554e-08
1.22791e-05;0.0254837;0.000271788;2.58951e-05;0.000112343;8.22088e-05;4.3138e-06;0.00205082;4.87946e-05;1.72206e-06;4.49798e-05;0.969853;0.000596646;0.00141191
3.1963e-05;0.175107;0.000110694;6.87245e-05;0.00514546;4.47698e-05;3.79046e-06;0.815184;4.43095e-05;2.50962e-06;1.72386e-05;0.000282313;0.0013043;0.00265354
4.14717e-06;0.964166;3.30513e-08;0.000187193;1.80395e-06;5.90334e-05;5.69357e-08;0.000670284;0.000110584;2.43184e-06;7.74718e-06;0.0295751;0.00275967;0.00245611
6.1261e-05;3.08022e-05;4.01572e-08;1.15675e-06;8.74268e-08;7.00892e-08;1.2887e-07;0.990765;0.00897574;1.77208e-08;0.000155361;1.2397e-06;9.18417e-06;1.5563e-07
8.30094e-06;0.996812;2.99481e-09;4.47564e-06;4.2945e-05;1.49163e-07;4.36703e-08;0.000390372;3.14282e-06;7.29877e-06;2.4519e-06;0.000717968;7.05287e-07;0.00200985
6.544e-05;0.00265487;0.000881978;6.66927e-05;0.00016619;0.000785797;1.44529e-06;2.3809e-06;7.83325e-06;1.36934e-05;8.40788e-05;0.993577;9.13409e-05;0.0016016
1.99391e-05;0.99791;1.45793e-10;4.73013e-07;8.51304e-06;2.59046e-06;1.53022e-06;0.000235531;4.49499e-06;9.42167e-08;4.66832e-05;0.00042595;0.00133669;8.09318e-06
8.85163e-06;0.945559;2.26263e-07;1.18602e-07;2.25217e-08;1.3667e-07;1.45794e-06;2.36507e-05;5.42697e-08;2.42017e-08;4.93288e-08;0.000266859;0.0541399;2.03383e-07
4.0558e-06;0.00350508;3.33025e-05;0.000192238;0.000155704;0.000353213;5.35185e-06;0.000458734;9.18244e-06;4.62737e-06;2.65294e-05;0.964283;0.000989526;0.0299798
0.000927125;0.759506;0.0214786;0.0204562;0.00486275;0.0137073;0.0029531;0.0325262;0.00134645;0.000180556;0.0291981;0.00664363;0.10224;0.00397395
3.01023e-06;0.990821;2.34164e-09;9.12874e-06;4.4783e-07;2.56202e-05;1.76913e-07;0.00199161;4.78209e-07;4.2656e-07;9.00059e-07;0.00136547;0.000845708;0.0049356
0.000625862;0.0611129;1.2165e-05;0.000720453;0.0011247;0.00130931;6.65773e-05;0.0896535;0.000482431;7.64803e-06;0.0114585;0.0663691;0.766629;0.000427429
0.000116161;0.901281;4.10781e-07;0.000408366;0.000393122;0.000154497;1.63507e-05;0.0851832;0.00073826;1.64714e-05;0.000408227;0.00390902;0.00419574;0.00317871
0.00042927;0.223594;0.00109637;0.000365969;5.12332e-05;1.5579e-07;7.05784e-05;0.345323;3.89967e-05;2.84201e-06;0.00331771;0.424602;0.0011016;6.44114e-06
3.10554e-05;0.372516;2.86807e-06;0.00240972;0.0148498;2.95553e-05;1.09474e-07;0.0043817;9.32828e-06;7.15198e-06;7.57591e-05;0.533863;0.000612963;0.0712108
0.00187785;0.421921;4.68338e-07;2.02775e-05;8.90665e-05;2.00089e-05;7.98099e-05;0.459064;0.003593;1.19068e-05;0.00136998;0.00136233;0.110394;0.000196633
5.6177e-05;0.00860023;6.72278e-08;1.62879e-05;8.20477e-05;1.80735e-06;2.54735e-07;0.261928;0.000179833;3.04545e-06;0.000163564;0.00310853;0.725858;1.99277e-06
3.1909e-05;0.998768;1.45231e-05;1.0321e-05;1.81692e-06;6.85949e-07;1.74414e-05;0.000666936;1.14824e-06;5.18874e-05;1.907e-07;3.94765e-06;1.32217e-05;0.000417727
1.18508e-07;1.63585e-06;0.999993;3.17616e-07;5.3241e-08;3.54082e-09;9.26982e-08;7.44595e-07;8.16113e-08;9.36598e-09;6.79831e-07;2.89455e-06;1.58428e-07;2.40276e-09
4.65233e-06;0.00272166;0.00222814;9.07443e-05;1.98248e-05;3.42442e-06;8.03271e-08;0.0261947;0.000381634;2.89069e-07;0.0027334;0.965126;3.92679e-05;0.000456138
9.07844e-06;0.988687;2.35377e-05;4.63376e-05;1.77725e-05;0.000215972;3.68714e-07;0.000698443;2.96636e-05;7.37662e-06;0.000442631;0.00382777;0.00533013;0.000663766
4.34726e-07;0.989349;1.03633e-09;3.36401e-07;1.30005e-06;4.51611e-06;1.9948e-05;0.000248183;3.15602e-09;9.52024e-06;2.00073e-07;5.69858e-06;8.50998e-07;0.0103601
3.84772e-11;6.11894e-11;1;1.44922e-10;3.49388e-08;1.93787e-09;6.99644e-12;1.32531e-07;5.12762e-13;1.02257e-11;6.41523e-11;2.30173e-08;1.02542e-12;7.97853e-10
5.02476e-08;8.22663e-05;2.32039e-07;2.34975e-08;1.24368e-05;7.55688e-07;1.91835e-11;0.999324;3.14626e-09;4.26195e-10;2.19563e-08;0.000546504;1.89977e-05;1.45551e-05
1.08184e-09;0.999512;2.06382e-11;9.79998e-09;6.11587e-08;3.96241e-09;3.33795e-07;1.60619e-06;1.51149e-11;7.15859e-08;4.76222e-09;2.27286e-09;4.05462e-06;0.000481675
1.57635e-05;0.063002;1.03166e-05;0.00028263;3.40007e-05;5.56829e-05;0.00672597;0.662022;7.80938e-05;3.87668e-06;0.0040506;1.89641e-05;0.2637;1.64973e-07
8.70463e-06;0.931479;0.000278277;0.000603805;0.00107728;0.00157036;1.08686e-05;0.000118865;9.90733e-09;3.72704e-05;3.08669e-06;0.000300634;0.0628662;0.00164577
1.32757e-06;0.0201666;1.19297e-07;5.32898e-07;4.61292e-07;1.06319e-05;4.43722e-08;0.000325453;9.60826e-09;2.99584e-08;3.06503e-07;0.967327;0.0121451;2.264e-05
0.000159546;0.0730909;1.27692e-05;5.80928e-05;0.00219427;0.0066837;5.14357e-06;0.132249;1.41641e-05;1.04999e-06;0.000879831;0.0183497;0.766128;0.000174103
2.61165e-06;0.000125314;7.52611e-08;1.01951e-06;3.2266e-07;0.000984069;2.27958e-06;4.71634e-06;2.20528e-06;1.00028e-06;3.95838e-06;3.30918e-06;0.998863;5.82072e-06
1.84696e-05;0.00424206;0.993781;3.25681e-05;1.25348e-05;4.75006e-06;4.42151e-07;9.13562e-06;3.59245e-08;2.30003e-06;3.558e-07;0.00146444;7.04417e-06;0.000425139
2.14836e-06;0.941607;2.16248e-08;4.2535e-05;6.40532e-05;0.000119228;2.91836e-05;0.00689294;0.000109899;4.40193e-06;0.000790993;3.21909e-06;0.0499498;0.000384261
0.000241423;0.595371;0.0756776;0.00474452;6.24265e-05;3.38159e-05;2.6771e-05;0.00258733;1.26158e-05;8.64638e-05;0.000199002;0.318208;0.00260217;0.000147256
0.000251374;0.890853;1.62796e-08;0.000970201;6.61504e-05;3.45651e-05;0.000359351;0.000770984;0.00229195;8.17837e-05;0.0833979;0.00549067;0.0148012;0.000630698
1.76315e-05;0.991098;2.54111e-10;5.55682e-06;6.92596e-06;1.14243e-07;0.000165697;0.000100199;4.31069e-06;0.0002576;4.32739e-06;1.61018e-07;1.01464e-06;0.00833867
3.51482e-08;7.96617e-08;0.999994;9.97549e-09;9.49622e-09;7.70189e-11;1.82248e-07;2.12643e-07;1.40324e-08;1.97016e-09;1.72851e-07;4.73581e-06;3.68733e-08;9.75684e-11
4.01113e-06;0.0219585;5.01586e-08;7.87157e-08;0.000452505;2.55174e-05;5.58246e-05;0.974209;9.74844e-06;9.89433e-06;4.75774e-06;1.46354e-07;0.00325559;1.46102e-05
8.99477e-09;2.53387e-09;0.999999;1.47044e-09;7.44633e-09;2.40996e-10;3.77617e-09;1.65704e-08;5.73191e-09;6.40761e-10;1.31415e-08;5.53606e-07;1.35914e-09;1.11117e-11
2.18597e-06;3.28641e-06;0.99731;1.00287e-06;8.45629e-06;1.16992e-07;2.65234e-08;0.000586047;1.26794e-06;7.55202e-08;1.47641e-07;0.00207873;7.8316e-08;8.43895e-06
6.66002e-06;0.000248107;0.000295254;4.16766e-07;0.00010299;0.000235851;6.86431e-08;3.22442e-05;1.9325e-07;5.77855e-07;5.76943e-07;9.32386e-05;2.33901e-07;0.998984
0.000123535;1.57006e-05;1.65468e-07;2.3337e-07;1.76596e-05;8.39616e-06;1.76179e-08;0.99926;1.41954e-05;2.86578e-09;3.8631e-06;1.75976e-05;0.000538586;1.96183e-07
5.02247e-06;0.993637;1.71233e-09;3.16689e-05;9.42667e-07;1.83335e-06;3.75121e-07;0.000473027;1.51862e-06;1.74861e-06;3.7479e-07;2.27816e-06;0.0047071;0.00113674
3.0782e-06;0.00152231;2.96134e-11;1.65628e-06;4.13504e-06;7.385e-09;5.60402e-08;0.998384;1.63763e-07;3.26084e-07;7.10242e-07;6.74181e-05;6.21651e-06;9.99778e-06
2.54243e-05;0.00897152;0.983243;0.000538739;2.14868e-05;7.29855e-06;3.19505e-05;0.000131765;1.52184e-06;0.00026451;3.73131e-05;0.00612535;2.6298e-05;0.000573641
1.08747e-07;7.19697e-05;2.12505e-08;1.05227e-07;1.53169e-10;1.86082e-07;0.999157;9.30212e-09;8.14192e-06;0.000567818;0.000192023;4.69261e-11;1.9162e-06;5.12255e-07
8.78148e-11;1.0626e-12;1;2.66516e-10;1.72719e-11;5.74401e-11;5.42422e-08;1.37395e-10;6.03857e-09;9.73217e-10;2.51112e-08;7.49253e-11;2.14971e-15;5.5432e-14
