2.46228e-05;0.995197;2.70045e-08;1.00396e-05;1.87027e-06;4.87611e-07;4.39457e-06;0.00321321;7.86198e-05;5.19077e-07;3.08447e-05;0.000112533;0.00129508;3.0653e-05
1.42531e-05;0.995821;5.79096e-08;2.31505e-07;4.69495e-07;1.14245e-07;5.87669e-07;0.00312792;6.54013e-07;7.36217e-07;5.77728e-07;1.98807e-05;0.000941124;7.19604e-05
7.48143e-07;0.00154989;1.823e-05;6.05211e-07;0.000143968;1.34127e-06;2.20872e-08;0.00109904;9.12531e-07;9.18992e-08;6.82523e-06;0.996766;1.36409e-05;0.000399001
1.8851e-08;0.999608;1.21439e-09;8.22141e-09;1.49647e-08;1.01928e-10;0.000338071;1.25675e-05;1.75397e-08;1.33214e-05;4.47123e-09;1.60498e-10;6.90418e-06;2.10007e-05
8.83189e-11;9.97941e-10;0.999998;1.71233e-10;2.64606e-10;7.32926e-11;6.06069e-09;3.99029e-10;6.13515e-10;2.66776e-10;1.17014e-10;1.84305e-06;2.29251e-14;6.17725e-11
0.00765337;0.410966;1.5935e-05;0.00577803;0.0121809;0.00034355;0.00102905;0.422153;0.070804;0.000259559;0.0304358;0.00581272;0.0153769;0.0171911
0.00221932;0.0152506;3.5124e-06;1.64928e-07;2.19622e-06;7.40435e-09;1.60811e-05;0.980687;0.000844216;1.99461e-07;0.000195627;1.29851e-05;0.000767724;2.77255e-07
0.000163268;0.443069;0.000385712;0.000101901;0.00620176;0.000190534;2.70671e-06;0.0643877;0.000320095;9.48135e-06;0.000140934;0.456305;0.0103107;0.018412
5.7462e-05;0.931176;1.68951e-07;4.87426e-05;7.17129e-05;5.12302e-05;5.69968e-06;0.00339531;0.000267371;0.000192696;9.55169e-05;0.000268359;0.0642154;0.000154678
0.000257928;0.191179;0.0316642;6.7221e-05;0.000450879;1.2267e-05;2.55583e-05;0.000113028;6.93946e-06;0.000118621;8.06415e-06;0.77261;1.79724e-05;0.00346899
0.00294166;0.0604469;1.70107e-07;0.000477572;0.00924946;0.000908511;0.000371049;0.736351;0.163475;0.000168456;0.00184636;0.000627932;0.0217122;0.00142403
0.0516577;0.388832;0.00103379;0.00133235;0.00468256;0.00182898;0.000825115;0.231398;0.115913;0.000404916;0.00352101;0.117099;0.0738974;0.00757323
0.0021387;0.711403;6.78708e-07;0.000306417;0.000416;5.044e-05;0.000206291;0.0969723;0.0335668;1.99507e-05;0.0276597;0.0535631;0.0667391;0.00695807
1.04075e-05;0.105632;2.83059e-07;1.45253e-06;7.35757e-08;1.62899e-07;0.877271;2.87259e-06;5.92429e-05;0.0162562;3.90204e-05;5.73867e-08;1.48373e-06;0.000725385
1.66196e-10;2.55552e-10;1;9.45594e-11;2.13869e-11;7.83186e-12;4.47191e-08;1.26191e-10;4.01827e-09;1.24587e-09;2.70302e-09;2.51273e-08;4.53239e-14;3.09998e-13
5.75001e-05;0.94665;1.97166e-06;3.01067e-05;3.0121e-06;9.88795e-06;0.000367251;0.00098099;0.00266911;3.32869e-05;0.00362875;0.00475303;0.040813;2.32627e-06
0.000172488;0.134453;0.00760098;0.000461641;0.000458758;0.000164829;8.57324e-06;0.000416656;6.55864e-05;2.25775e-05;0.000505222;0.850401;0.000844569;0.00442369
8.65429e-06;0.000127184;6.88592e-10;6.21461e-08;2.42408e-07;9.84433e-09;3.37431e-07;0.999461;0.000246498;9.18953e-09;1.25537e-05;9.31916e-08;0.00014292;4.96602e-09
0.000262349;0.0835662;0.000100352;4.39473e-05;0.000159049;0.000261153;1.00087e-06;0.0214037;5.27637e-05;4.0863e-05;3.10456e-05;0.774339;0.00693586;0.112802
1.86296e-05;0.169753;1.80584e-06;1.69139e-06;1.57526e-07;6.95545e-07;0.812094;3.06453e-07;2.92349e-05;0.00255646;4.62299e-05;9.24408e-09;1.09669e-06;0.0154965
1.4313e-09;6.21485e-10;0.999999;1.38924e-09;5.08366e-11;1.63454e-11;2.66452e-07;1.17346e-08;9.2792e-08;2.29387e-09;9.36067e-08;4.51545e-08;2.50283e-12;1.98646e-12
0.000137124;0.984318;1.03702e-07;2.87144e-05;1.33424e-05;1.28423e-06;0.000405284;0.00768441;0.00271839;2.77812e-05;0.00157639;0.00198029;0.00100073;0.000107809
4.78391e-06;0.967388;7.66628e-06;7.67902e-07;1.54372e-08;4.55136e-08;0.000139037;2.21837e-06;8.1171e-07;5.23609e-07;5.24664e-06;0.000869966;0.0315809;1.1026e-07
1.1071e-05;0.0157453;4.82707e-06;2.44185e-05;9.51543e-05;0.000272865;2.66409e-06;0.00902184;9.60411e-05;6.87711e-07;1.53691e-05;0.967791;0.00643827;0.000480817
0.000171826;0.451008;8.25649e-08;0.00186073;0.0213065;0.00822392;4.93289e-06;0.297111;0.000166731;3.56064e-05;0.000440496;0.0480298;0.0602239;0.111416
5.58679e-05;0.756086;5.89115e-06;3.279e-05;3.57108e-06;3.95992e-06;2.15782e-05;0.00664012;7.51707e-05;1.27423e-06;0.00151095;0.170103;0.0654558;3.62208e-06
5.72793e-05;0.991484;2.55901e-07;1.90584e-05;0.00271714;0.000106636;3.15923e-05;0.00315984;1.53362e-05;2.25979e-05;1.64272e-05;0.000229057;0.000121749;0.00201913
0.000313216;0.0740187;0.0286662;2.2118e-05;0.00799771;0.000226791;4.36786e-08;0.00119039;3.9482e-07;1.8498e-06;7.42178e-07;0.88343;0.00061949;0.00351239
2.22077e-05;0.950245;5.75028e-07;9.55875e-07;8.83502e-05;4.0491e-05;4.9208e-06;0.0427519;6.42064e-05;6.64111e-08;2.56098e-05;0.00106721;0.00165754;0.00403051
2.86527e-06;0.000520415;3.08097e-09;1.04056e-07;5.83111e-06;1.11675e-06;1.22197e-08;0.0586433;9.33292e-07;4.00892e-08;1.37293e-06;3.74623e-05;0.940785;1.76717e-06
4.32658e-06;0.000897534;7.41787e-07;5.76789e-06;7.32487e-07;1.45974e-06;3.07064e-08;3.34662e-05;4.11292e-05;4.62167e-07;7.14537e-06;0.998506;0.000489871;1.08669e-05
5.69796e-05;0.992931;7.31826e-08;1.9261e-05;2.12754e-05;3.46243e-06;6.43046e-06;0.00242589;1.70501e-05;2.7901e-06;3.44313e-05;0.000920542;0.00316234;0.000398145
3.662e-06;0.988822;6.32905e-07;5.51708e-06;2.87182e-07;1.85532e-08;0.0082516;0.000450612;2.60283e-07;0.000955371;5.72519e-06;7.15246e-06;1.21424e-06;0.00149569
1.68082e-10;1.6624e-10;1;9.423e-10;9.73986e-10;7.51532e-10;9.06687e-09;2.50042e-10;5.51848e-11;4.08455e-10;1.97562e-09;3.16568e-08;1.13501e-14;7.07014e-11
8.57763e-07;1.83778e-05;2.93294e-11;6.72356e-09;8.38601e-08;5.21085e-09;2.18477e-09;0.999804;9.65386e-06;1.32573e-09;3.16232e-07;5.29309e-08;0.00016666;1.40851e-09
3.0932e-05;0.00257235;7.31831e-06;2.14977e-05;0.000124402;7.51491e-05;1.19104e-07;0.00226714;7.85653e-05;3.4031e-06;2.80589e-05;0.988878;0.00316887;0.002744
0.000818235;0.481524;1.20374e-05;0.000920238;7.39756e-05;0.000168186;0.00106981;0.00227582;0.173943;6.46862e-05;0.316555;0.00112476;0.00909571;0.0123544
3.43898e-06;0.996364;3.04943e-06;1.15437e-06;1.11342e-08;2.37489e-09;3.35148e-06;0.00327437;5.80183e-06;1.31083e-07;5.72954e-05;3.79095e-05;0.000248861;3.75726e-07
1.40889e-07;0.995488;4.33382e-09;8.50547e-07;0.000593088;2.5951e-08;4.07537e-09;0.0024989;9.48297e-09;1.90521e-06;6.52955e-09;9.50202e-05;7.55918e-07;0.00132152
1.24419e-05;0.000124583;0.00340787;2.04248e-05;0.000198219;6.5618e-05;3.02642e-08;1.05249e-05;8.62381e-07;1.90419e-06;1.38855e-06;0.993453;1.63095e-05;0.0026867
0.000225176;0.00102177;4.44337e-10;5.67936e-07;3.8936e-06;8.32233e-08;7.24213e-07;0.994643;0.0019168;1.89207e-08;0.00141984;5.03049e-05;0.000717344;3.37018e-08
2.14858e-07;5.38876e-06;9.26768e-12;1.36193e-10;9.67877e-08;5.25665e-11;1.13218e-10;0.999994;8.18286e-09;1.25387e-10;5.96637e-10;1.09167e-07;6.80854e-07;1.72036e-08
5.51049e-07;0.00703463;4.47236e-05;2.98576e-05;0.00435549;0.00154908;1.1265e-05;0.00336833;1.5635e-07;0.000257737;7.40893e-07;3.31124e-05;0.000109181;0.983205
2.86139e-09;4.48532e-08;0.999999;2.21061e-08;2.41164e-10;4.64856e-10;4.75177e-08;7.14975e-09;2.37403e-09;7.50611e-10;5.28446e-07;2.22825e-09;4.87444e-08;3.39982e-11
9.58735e-09;5.81822e-07;0.999724;1.69561e-07;1.06758e-07;6.73244e-10;1.98252e-08;1.32096e-05;8.24261e-09;1.47922e-09;4.6273e-07;0.000260676;9.18025e-09;1.03398e-06
6.41115e-09;0.000165241;6.50268e-07;1.64455e-07;6.97705e-06;4.40718e-06;5.07545e-10;2.69893e-06;3.58064e-10;7.9946e-09;2.35147e-08;4.87968e-05;7.10448e-09;0.999771
4.53006e-06;0.964629;2.06673e-07;4.48183e-06;1.20377e-06;2.81408e-06;8.37209e-07;0.00228764;3.68533e-07;2.97543e-08;3.26505e-05;0.000260145;0.0327762;2.91435e-07
1.60878e-09;0.999571;3.96872e-09;1.21439e-07;5.0429e-11;2.69118e-09;2.03224e-09;1.65514e-06;3.34833e-10;1.07449e-09;6.24464e-09;1.49053e-05;0.000411916;2.05878e-09
3.66464e-07;0.0118111;3.55748e-08;0.00103889;8.06738e-07;0.000237794;3.95183e-06;0.011167;5.22186e-07;2.76069e-05;0.000161582;0.00173521;0.973797;1.76942e-05
2.38027e-06;5.48695e-05;0.993357;0.00390851;6.71439e-07;6.20343e-07;3.40446e-06;8.3508e-07;7.21151e-08;4.38709e-06;0.000180612;0.0024833;9.10471e-07;2.4156e-06
1.85382e-05;0.000659639;4.87748e-06;0.00171392;6.17344e-08;1.2175e-06;0.00391485;8.15713e-06;0.00183378;4.27441e-05;0.991401;2.29184e-05;0.000377741;2.74403e-07
2.49344e-05;0.989665;8.40159e-07;0.000747823;1.48604e-05;1.32778e-05;0.000232374;6.85635e-06;3.11233e-06;0.000175805;8.49784e-05;3.41149e-07;3.03425e-05;0.00899972
1.65219e-06;0.000119296;0.000114613;2.68908e-06;0.0003101;8.89591e-08;7.57949e-08;0.99943;1.3899e-06;3.62043e-06;5.22741e-07;1.45365e-05;1.63762e-06;1.34057e-07
9.82649e-08;1.94067e-05;0.999961;1.40172e-05;1.32974e-07;8.69826e-07;1.97333e-07;1.61322e-08;1.82368e-07;1.01371e-06;2.05143e-06;1.54288e-08;8.62683e-10;7.71037e-07
0.000200326;0.000165485;3.06502e-05;2.11976e-05;3.90075e-07;5.33802e-06;0.000463244;2.4823e-05;0.0147955;1.24041e-05;0.983809;3.46434e-06;0.000467458;7.62931e-07
