1.17165e-05;0.988652;0.0101696;3.37149e-05;6.58136e-06;9.2984e-06;9.60098e-05;0.000191035;1.56154e-07;5.27735e-05;3.01976e-07;0.000170934;0.000580801;2.4807e-05
1.97774e-08;2.46895e-08;1;4.75087e-08;8.49266e-09;6.24507e-09;1.25831e-07;5.35592e-08;3.05719e-08;7.41708e-09;1.32789e-07;2.17388e-07;8.92454e-10;1.90658e-09
1.10916e-06;0.000159374;0.990371;6.28383e-07;6.42419e-07;1.89731e-07;8.92023e-08;0.00063267;4.2033e-07;1.38272e-07;1.49897e-06;0.00859618;4.17232e-07;0.000235985
1.33416e-10;0.00025484;4.64202e-08;4.74922e-11;1.06452e-08;7.91067e-09;3.48345e-09;2.11752e-10;3.09696e-13;5.79604e-09;8.48415e-12;5.38884e-10;3.54222e-12;0.999745
2.82653e-09;7.68895e-08;0.998862;2.04494e-10;1.6723e-08;3.63728e-10;2.07111e-10;4.89174e-07;1.06928e-12;2.15338e-11;2.38641e-11;0.00113736;1.78505e-09;3.31752e-08
2.72345e-05;0.00176497;1.47807e-08;1.16375e-05;0.0267573;8.08594e-05;1.77758e-05;0.968659;7.11871e-05;1.24545e-06;1.78734e-05;3.85606e-05;0.002363;0.000189655
7.22593e-06;0.00364022;0.987243;3.72361e-05;0.00363678;0.000130998;6.42269e-06;0.00162508;1.76423e-07;6.96983e-06;2.07224e-06;0.00262956;0.000943792;9.03387e-05
1.18953e-06;0.998484;0.000205306;1.85675e-06;0.000197148;4.45152e-06;6.7083e-07;1.36419e-06;7.0251e-10;2.06402e-07;5.08116e-08;0.000159284;0.000451212;0.000493022
1.61011e-06;0.00494442;2.65203e-08;1.0028e-08;8.75426e-07;2.78365e-08;1.5153e-07;4.95596e-06;1.34294e-08;9.73773e-10;9.92739e-09;0.994964;6.09316e-05;2.25406e-05
1.4077e-05;0.374288;2.56157e-08;4.78488e-08;0.000373274;1.216e-05;1.49049e-07;0.608769;1.87518e-06;5.0189e-08;1.7893e-08;0.00117735;0.0153458;1.83725e-05
3.05092e-05;0.0722426;0.90893;1.99062e-06;0.00101695;6.20485e-05;3.09676e-09;0.00106549;7.42178e-08;1.19699e-08;1.95828e-08;0.012667;0.00354627;0.000437522
9.48409e-07;0.878676;3.53414e-08;1.24736e-07;3.68256e-06;6.01144e-06;1.70947e-05;0.118706;1.38702e-06;1.13211e-06;3.70687e-07;5.69588e-08;0.000322299;0.00226519
9.70893e-10;7.06182e-10;1;3.64736e-09;3.39565e-09;5.48259e-09;7.73446e-10;2.25064e-08;1.79833e-09;2.74618e-10;7.02843e-09;2.26899e-07;1.09412e-09;1.64837e-11
4.18171e-06;0.00150423;0.00872288;7.03372e-06;3.17062e-06;1.80252e-06;2.67337e-07;0.00121676;5.62404e-05;8.57645e-07;0.000180048;0.987978;0.000197816;0.00012713
8.09221e-06;0.83086;1.21982e-08;1.36765e-06;4.18657e-05;5.14527e-05;0.00680089;0.000787956;7.73629e-06;0.00211533;2.04219e-05;2.13395e-09;2.27315e-05;0.159283
9.48679e-11;1.20368e-10;0.999995;6.54198e-11;1.63326e-09;1.44862e-11;3.36462e-10;6.17959e-11;1.44605e-11;2.27435e-11;3.6179e-10;5.13951e-06;2.1e-14;5.08911e-11
9.214e-06;0.0171328;3.75061e-06;3.56137e-07;8.51065e-06;2.28017e-06;1.27588e-07;0.982388;2.74474e-06;1.87359e-08;9.18404e-06;3.13274e-05;0.000391559;1.98294e-05
3.30256e-08;0.996305;4.60605e-10;1.14944e-07;4.59885e-07;6.88769e-08;2.51576e-07;6.04094e-06;2.09448e-09;6.53249e-07;2.37377e-09;3.48945e-08;7.34623e-07;0.00368634
0.00028121;0.31867;6.07832e-05;0.00022841;9.1047e-06;1.59417e-05;0.0489503;0.0823946;0.0040584;9.83611e-06;0.00861018;0.000284975;0.536424;2.2617e-06
2.47259e-05;0.155844;8.55417e-08;4.67073e-08;2.61043e-06;6.2879e-07;5.85261e-08;0.839794;4.55325e-08;1.55266e-07;4.84991e-08;1.56994e-05;0.00427761;4.05683e-05
3.23786e-07;0.00307357;0.000250735;8.79776e-07;6.65134e-06;3.19323e-05;1.4384e-07;9.6788e-06;7.1305e-08;2.99018e-07;3.69505e-07;0.995186;6.22429e-05;0.00137732
1.62535e-05;0.194681;0.000187629;5.84006e-05;0.0140431;1.08253e-05;3.86546e-06;0.778056;7.01625e-05;5.40112e-06;3.01132e-05;0.000726665;0.0119992;0.000111287
7.82754e-06;0.999226;6.66317e-07;4.44227e-08;6.42894e-06;1.54492e-08;8.25072e-06;0.000265194;5.64997e-07;1.09899e-05;6.13048e-08;1.00761e-06;4.48672e-06;0.000468181
1.69191e-08;1.73795e-10;0.999874;4.12722e-10;0.000115487;1.87136e-10;7.35791e-11;9.91023e-06;1.19445e-08;2.50051e-10;5.96077e-10;8.83863e-08;1.21789e-11;1.05149e-10
5.71537e-06;9.83235e-05;3.12367e-09;1.38873e-08;2.78064e-05;4.0138e-07;2.95722e-09;0.998059;0.000141416;1.06952e-08;3.54468e-08;1.5768e-05;0.0016518;1.49319e-07
1.5294e-05;0.00301588;2.13226e-10;2.69021e-06;1.60463e-05;1.1691e-05;4.08555e-07;0.0038292;0.000967867;1.16996e-06;2.2896e-05;7.32451e-05;0.992028;1.53105e-05
0.000109807;0.00249955;6.1504e-06;5.05271e-05;3.49536e-05;2.37687e-06;2.80686e-07;0.000286664;0.000898331;2.73474e-06;0.000166695;0.995461;0.000397255;8.3845e-05
1.07399e-05;0.99406;8.44294e-08;7.22556e-06;5.65682e-05;5.93439e-07;0.002787;0.00238711;6.70361e-06;0.000214735;8.8628e-06;5.1584e-08;5.12267e-06;0.000455732
4.03274e-09;9.92683e-08;0.999998;8.28606e-09;6.82236e-10;1.18961e-12;2.36451e-07;6.66347e-09;1.48933e-09;4.69573e-09;3.11327e-08;2.08628e-06;5.08794e-11;2.56371e-11
1.38078e-06;0.000167747;8.39247e-06;7.48484e-06;6.16405e-06;7.83591e-09;3.03078e-05;0.000369834;0.000131853;1.19514e-07;0.000143663;0.999125;2.77318e-07;8.25589e-06
8.68612e-06;0.99488;2.55148e-08;1.66411e-05;4.31975e-07;8.98869e-07;0.000394035;0.000360909;0.000104076;1.07429e-06;0.000424522;0.000181055;0.00362027;7.70225e-06
7.11833e-06;0.0398465;1.2126e-06;1.24005e-05;1.53053e-06;1.53744e-05;8.68876e-07;0.00122745;7.90871e-06;6.87406e-07;9.22254e-06;0.957536;0.000884114;0.000449707
4.641e-05;0.664121;1.70545e-06;1.94391e-06;0.000379903;9.43884e-05;5.99184e-07;0.131244;1.11318e-07;2.23899e-07;1.9004e-06;0.000866601;0.20253;0.000710752
7.30581e-06;0.00166406;8.46975e-06;5.59768e-06;2.97083e-06;0.00270357;3.36728e-06;4.74055e-06;1.07965e-05;9.28646e-06;1.23515e-05;0.000648679;0.994573;0.000346043
3.07221e-06;0.00478597;0.994049;8.36668e-06;5.75215e-07;5.98419e-06;3.98658e-05;9.32324e-07;3.45714e-08;0.000130496;1.94463e-07;0.000839772;4.13314e-05;9.47114e-05
2.23395e-09;4.77835e-09;1;8.23118e-09;1.46348e-09;2.00395e-08;1.29768e-07;3.40342e-10;1.09504e-08;4.92559e-09;1.57844e-07;1.53881e-07;2.10884e-11;1.01925e-09
3.95536e-06;0.994864;6.49555e-06;7.89202e-07;3.7287e-08;1.90912e-08;1.1412e-06;0.00472159;8.24617e-06;8.44619e-08;5.4396e-05;0.000171071;0.000168419;5.40554e-08
6.2567e-07;0.987197;8.29839e-09;8.13375e-06;0.000747186;8.73521e-07;3.63172e-07;0.00847225;1.6193e-06;1.27027e-05;5.38167e-06;0.0031774;2.5197e-05;0.000351829
1.27103e-05;0.00119785;0.00268339;0.000104273;0.000330432;0.000653352;1.82118e-06;3.28138e-05;4.43719e-07;3.47198e-05;4.20123e-05;0.992725;8.47785e-05;0.00209658
0.000104511;0.00107426;9.62324e-09;7.27317e-08;6.98e-07;5.11171e-07;3.6451e-06;0.997714;1.33431e-05;1.32711e-08;4.34582e-05;2.97988e-05;0.0010156;9.23641e-08
5.24853e-05;0.00666888;1.70134e-06;0.000985098;0.00175508;0.00227572;2.58702e-06;0.00306696;0.00228757;1.41467e-05;0.000665815;0.0744358;0.000888228;0.9069
6.4887e-06;0.995113;1.59572e-07;8.42144e-07;1.15095e-08;1.03241e-07;7.52628e-07;1.06981e-05;1.14332e-07;1.17171e-07;5.94425e-07;0.000350662;0.00451526;1.01532e-06
9.6541e-07;0.180481;8.30315e-09;9.12044e-06;3.78456e-05;8.11191e-05;7.54363e-08;0.00195245;3.86716e-06;6.83146e-07;2.09075e-05;0.815695;0.000295925;0.00142102
7.49668e-06;0.729894;2.1799e-07;1.67577e-05;0.000688083;0.00165327;2.87323e-07;0.007452;1.45536e-06;4.46697e-06;3.95501e-05;0.200575;0.00279867;0.0568692
2.99175e-07;0.999934;4.90297e-10;6.27866e-08;5.55486e-10;1.50006e-10;4.30055e-05;3.58759e-07;9.44274e-08;9.9364e-07;4.0301e-07;2.1416e-06;5.64242e-06;1.26496e-05
0.00149753;0.170455;0.00157212;0.00126255;3.36395e-06;5.01321e-06;0.364935;0.01031;0.110693;1.77435e-05;0.157084;0.00139235;0.18077;2.84844e-06
1.01233e-05;0.00600172;1.03294e-09;2.8514e-08;1.41731e-05;7.71925e-07;4.96511e-09;0.980402;2.87079e-07;8.90848e-08;4.42183e-08;1.67469e-05;0.0135211;3.31235e-05
7.38132e-08;0.00050552;3.01038e-06;1.99976e-07;3.40718e-05;1.14908e-05;2.89158e-09;2.61133e-05;1.35466e-08;4.83679e-08;1.48016e-08;0.989943;6.90804e-06;0.00946982
6.53135e-08;0.000168412;1.32059e-11;2.34538e-08;1.24758e-07;5.87206e-08;6.01721e-09;3.64886e-05;1.04628e-07;4.34958e-09;5.57859e-08;5.42259e-07;0.999794;1.82642e-08
1.02322e-05;0.000308411;2.28587e-05;1.02049e-06;5.77537e-06;5.92066e-08;1.73241e-08;2.36501e-05;1.75595e-05;2.29695e-07;4.2899e-07;0.999599;7.62508e-06;3.22303e-06
0.000448079;0.975664;6.00341e-07;0.000122038;0.00120593;5.44588e-06;9.97656e-05;0.0175137;0.00430375;3.88421e-05;0.000101832;5.3028e-05;0.000182518;0.000260747
1.40653e-05;4.34702e-06;1.47129e-08;5.32283e-08;1.9912e-06;5.02656e-10;1.072e-07;0.999878;9.85945e-05;1.63377e-08;1.53076e-06;8.78417e-07;2.5748e-07;3.34867e-08
8.64939e-05;0.00615457;1.07421e-05;0.000143993;0.000377749;4.78433e-05;9.0855e-06;0.000160786;0.000235938;6.44904e-06;0.00040282;0.937173;0.000149724;0.0550404
4.80019e-05;0.988366;1.88321e-05;1.37429e-05;8.71485e-07;1.43126e-06;3.61924e-06;0.000564948;1.89168e-05;2.45942e-07;2.10751e-05;0.00215496;0.00874191;4.5104e-05
8.31614e-06;0.633722;5.02176e-06;9.11068e-06;0.000652188;7.96039e-05;8.65276e-08;0.0707343;3.80614e-08;1.48407e-06;8.3404e-08;0.0364066;0.231956;0.0264255
1.89891e-06;0.00738965;3.01364e-06;7.06278e-05;8.89677e-07;0.00563335;4.36019e-05;2.61726e-06;6.96917e-05;0.000103637;0.000129095;0.00109436;0.984897;0.000560955
2.6716e-06;0.00651811;0.982702;0.000586425;2.86117e-06;8.31965e-05;0.00539736;2.2591e-07;1.09688e-06;0.00260227;4.85868e-05;0.00199914;7.72761e-06;4.87709e-05
4.57229e-09;1.81619e-09;0.999995;6.37356e-08;3.15153e-09;2.03507e-08;1.68923e-06;3.94775e-09;4.58997e-08;1.65061e-08;3.23581e-06;6.14193e-08;7.42053e-11;1.50888e-10
1.21193e-05;0.980151;5.00793e-08;7.08318e-06;2.29769e-05;1.04833e-06;1.05276e-05;0.0191946;2.44001e-05;5.34623e-06;7.94777e-05;5.13791e-05;0.000293007;0.000146656
1.76975e-06;0.961419;3.6976e-07;1.1039e-06;3.01937e-08;4.95267e-08;1.65724e-06;1.95061e-06;1.00092e-06;1.21708e-07;1.54661e-05;0.00310837;0.0354489;1.03016e-07
4.61834e-05;0.057238;3.07004e-06;1.27382e-05;0.000654101;0.000134788;2.71422e-07;0.0022975;4.71934e-06;2.75021e-06;1.23042e-05;0.909585;0.010662;0.0193467
1.14906e-05;0.610144;3.67171e-06;1.5251e-05;0.000280278;0.000490919;1.03857e-05;0.378637;5.56965e-06;7.37221e-06;3.4962e-05;0.00311332;0.0060351;0.00121037
1.84068e-05;0.0313839;9.93539e-08;0.000544471;0.000706116;0.00656665;7.49349e-06;0.0187057;2.64502e-05;0.000123651;0.00175496;0.000839403;0.939157;0.000165279
2.85502e-05;0.036276;0.962911;2.86818e-05;3.35308e-05;2.19914e-05;1.99292e-07;7.21094e-05;2.50586e-08;1.11458e-06;1.12078e-07;5.29533e-05;3.40799e-06;0.000570599
8.23883e-06;0.00160067;1.07616e-07;2.85991e-07;6.67469e-07;8.3126e-06;1.97504e-07;0.000831413;1.1398e-06;2.09483e-08;9.13681e-06;4.62899e-05;0.997493;7.86831e-07
1.1781e-05;0.0106441;3.95855e-07;0.00155275;0.000947865;0.000728967;1.10754e-05;0.000607165;0.00193615;6.10165e-05;0.00393767;0.00144232;0.0040625;0.974056
6.4615e-06;0.00226679;1.20524e-08;8.16616e-06;0.000168575;1.52706e-08;1.33277e-06;0.997443;6.60086e-06;1.03251e-06;5.97193e-05;9.10677e-06;2.72436e-05;1.64005e-06
2.75981e-05;0.165863;0.812726;0.00120001;0.000245511;0.000127303;0.00259678;0.00103357;8.47685e-06;0.0107033;0.00239954;2.12721e-05;0.00287029;0.000177837
5.58044e-09;1.25852e-09;1;1.36782e-09;2.15383e-09;3.63232e-10;2.30534e-09;1.53779e-08;1.89053e-09;4.14993e-11;1.55488e-07;8.53262e-08;9.63061e-11;1.28579e-11
8.02401e-06;0.0111577;0.00444738;6.92724e-07;1.45679e-05;3.2199e-06;1.40752e-08;0.00214687;1.432e-06;1.3824e-07;4.99036e-06;0.979802;0.000788038;0.00162483
1.01013e-05;0.510821;2.30236e-08;1.48096e-07;0.00472778;9.79254e-05;7.05552e-07;0.0654231;1.52664e-05;1.97293e-06;1.90797e-05;0.000153851;0.418014;0.000714197
0.0006013;0.00564039;0.00135528;0.000304307;0.951703;0.024279;2.97984e-05;0.000665584;4.64209e-05;9.51697e-05;4.31866e-05;0.00636466;0.00593417;0.00293805
0.0121074;0.626135;0.299652;1.51418e-05;0.00866173;9.40416e-07;2.09327e-06;0.0476549;0.00018553;4.54061e-07;3.23076e-07;0.00520018;0.000369204;1.51751e-05
0.000179964;0.250986;4.08652e-07;3.94833e-06;8.85409e-05;4.58708e-06;1.79757e-06;0.743988;0.000633096;2.34812e-07;4.84179e-06;0.000307419;0.00378463;1.68869e-05
2.08249e-06;0.562658;7.96158e-06;1.72373e-07;3.87547e-07;4.01635e-08;4.57505e-09;0.0100584;4.37917e-08;1.49152e-08;6.77737e-09;0.426873;0.000392852;6.75186e-06
7.84348e-06;0.510573;2.57844e-09;2.45159e-05;9.03254e-05;2.18471e-06;0.000749504;0.000305879;3.12475e-06;0.000486356;4.09211e-07;0.000450233;5.57177e-06;0.487301
5.63477e-05;0.000546916;0.995465;1.51066e-05;3.1125e-05;1.49765e-06;0.00322678;0.000504075;3.66714e-05;4.39711e-06;7.26637e-05;2.99203e-05;4.5585e-06;5.03844e-06
0.000141813;0.986014;0.000615184;3.96738e-05;0.000230517;2.50342e-06;2.49945e-06;0.00203751;2.38382e-05;5.83045e-06;8.33402e-06;0.00374081;0.00704633;9.1661e-05
0.000508633;0.958754;3.87242e-08;1.2758e-05;6.17345e-05;6.29713e-05;0.000639509;0.00394868;0.00635814;7.21735e-06;0.000290411;0.0097195;0.0188204;0.000815833
0.000199102;0.981593;0.000972066;1.22189e-05;3.88881e-05;8.35025e-06;5.76424e-07;0.00130753;1.17287e-06;4.29476e-07;4.28252e-07;0.0146658;0.00106362;0.000136686
8.01169e-07;0.00311568;3.16628e-10;1.07226e-08;4.91913e-06;3.69623e-06;2.12338e-05;2.90179e-07;1.01049e-08;5.46829e-06;1.60493e-09;1.1869e-09;8.92301e-07;0.996847
4.9469e-11;4.76694e-11;1;4.59849e-12;1.66452e-10;1.45561e-10;1.59581e-11;1.09586e-10;1.7467e-12;5.68847e-12;1.11468e-12;1.62496e-07;3.96891e-13;1.27214e-11
3.81658e-05;0.0160816;5.95092e-06;9.85704e-07;5.58465e-05;8.67939e-05;1.08467e-06;0.0130263;5.30122e-06;1.27247e-07;2.81685e-05;0.772247;0.19816;0.000262162
2.1009e-05;0.646367;6.54857e-06;3.68327e-05;0.000190816;0.000785435;0.000254209;0.175164;0.000252506;0.000157307;6.52021e-05;1.22236e-05;0.0418213;0.134865
3.52989e-10;4.81258e-10;1;1.67641e-09;1.1212e-10;9.21261e-11;2.82779e-10;2.06302e-08;2.49405e-10;8.76998e-11;7.29856e-09;1.8063e-07;3.45976e-10;4.72609e-12
3.90682e-06;0.00989132;0.000271201;1.0435e-05;2.94358e-06;2.97858e-06;1.81466e-07;0.00221614;9.17474e-05;4.87647e-07;0.000152612;0.987082;8.08363e-05;0.000193125
2.53233e-06;0.906382;1.04767e-07;1.80811e-06;7.70175e-06;6.7459e-05;1.79905e-07;6.16107e-05;3.19544e-06;1.75186e-06;5.28398e-05;0.0055747;0.087784;6.04705e-05
1.37563e-05;0.0302683;0.0777017;2.5391e-05;0.00233124;1.84953e-06;7.14002e-07;0.00144142;4.63215e-07;9.99556e-07;2.65895e-06;0.86259;1.81582e-05;0.0256036
2.68199e-05;0.0432553;8.64867e-09;5.73189e-06;7.06009e-05;2.60489e-06;4.17146e-06;0.948528;0.00119301;8.10286e-07;3.85947e-05;0.000177613;0.00659851;9.84336e-05
5.68644e-05;0.885795;2.34161e-07;1.5393e-05;6.05607e-06;1.86093e-05;1.57969e-06;0.00211536;8.9078e-06;1.29354e-06;1.00247e-05;0.0630457;0.0488465;7.87225e-05
0.000288205;0.0326156;3.77007e-05;0.000365197;0.00787571;0.000247174;1.55717e-06;0.0864221;1.1399e-05;2.57365e-05;1.383e-05;0.870155;0.000686758;0.00125444
2.67046e-05;0.851454;0.000296876;1.16632e-05;9.48525e-06;2.7699e-06;2.54962e-07;9.43402e-05;5.64478e-07;6.81443e-07;1.20409e-06;4.07582e-06;0.148096;7.89593e-07
4.96004e-05;0.108665;5.49693e-06;1.94124e-05;2.06567e-05;4.63706e-05;3.03255e-07;0.00201986;0.000242004;2.30105e-06;9.24108e-05;0.884831;0.00303577;0.000970277
0.000297076;0.993324;0.000143726;8.64656e-06;1.5671e-06;5.13898e-08;2.62856e-05;0.00363812;0.000115471;1.17533e-06;0.000337229;0.00199961;0.000101336;5.26291e-06
9.89178e-05;0.92773;3.08675e-06;2.04643e-06;2.90333e-06;5.41837e-07;0.000271063;0.00186823;8.95084e-05;2.51499e-05;3.94137e-05;0.000159683;0.0696286;8.10878e-05
9.78223e-10;2.94146e-10;1;6.0404e-10;3.99145e-10;8.82995e-10;1.41967e-10;1.45466e-09;5.23518e-09;8.97133e-11;1.16343e-09;6.1863e-08;1.6606e-10;1.61861e-10
8.09526e-07;6.05655e-05;0.991914;1.7512e-06;8.53912e-07;2.30247e-07;1.59249e-07;0.00776844;1.70468e-06;1.5288e-07;3.4075e-07;0.000244993;5.78409e-07;5.59524e-06
2.27978e-08;2.84498e-05;2.42539e-05;3.03833e-07;1.37264e-05;0.000167301;1.0026e-09;5.48724e-06;4.69139e-10;1.34486e-07;5.27355e-09;6.67731e-05;1.44076e-08;0.999694
0.000830974;0.0549483;5.74997e-05;0.000102675;0.000390647;0.0024961;3.45811e-05;0.217519;1.59961e-05;2.11139e-06;0.000547962;0.00752159;0.715495;3.7594e-05
8.44673e-06;0.79729;1.12119e-06;0.000167363;9.11804e-05;0.000387835;4.76035e-07;0.19641;2.00145e-07;1.94864e-05;2.50397e-07;0.00030231;0.000727005;0.00459399
1.63958e-05;0.00753558;2.22925e-06;3.89177e-06;4.49302e-07;8.57771e-06;1.23042e-05;0.00176805;2.53575e-07;4.11864e-07;9.7824e-06;0.000855561;0.989783;3.91242e-06
0.000144864;0.0325254;3.00559e-05;0.0184614;0.00166195;0.0279372;0.000300358;0.0283021;0.00335699;0.000121738;0.00220869;0.0374503;0.219656;0.627843
1.5277e-05;0.994641;5.9175e-07;0.000452192;1.21626e-06;7.58077e-06;0.000134215;5.69363e-05;6.61701e-06;3.38218e-05;0.000233279;0.00196436;0.00233682;0.000116486
4.84866e-05;0.0190705;7.14873e-07;2.24799e-05;0.0318014;5.97141e-05;2.23409e-05;0.948038;6.43703e-06;8.3773e-05;6.89927e-06;6.65667e-06;0.000646756;0.000186
2.12176e-06;2.2378e-05;0.999839;3.77574e-06;2.06067e-06;6.15111e-06;2.51167e-07;6.89098e-08;1.76194e-07;1.44623e-06;3.83907e-06;0.000109515;4.57511e-06;4.89875e-06
1.43452e-05;0.00339705;2.11635e-07;8.25969e-07;1.81346e-08;9.83831e-07;0.989677;8.42646e-07;1.91743e-05;0.00646875;0.000121178;7.62084e-09;3.54819e-06;0.000295738
1.0178e-11;3.12123e-14;1;1.13473e-12;9.08541e-13;3.81427e-13;8.79452e-11;9.66957e-12;5.18673e-11;7.9806e-12;2.99029e-11;2.15004e-11;1.31293e-17;9.63144e-16
