8.08514e-06;0.998624;0.000842459;3.64453e-05;7.80824e-07;1.29502e-07;5.34758e-07;6.91271e-05;7.43403e-08;4.35641e-07;2.25144e-07;0.000367092;2.27116e-05;2.73922e-05
4.6747e-06;0.791382;8.74156e-09;8.4769e-06;7.94063e-06;9.01289e-06;1.94385e-07;0.207353;5.04932e-06;8.35435e-07;4.67055e-06;9.35211e-05;0.000538826;0.000591598
0.00140906;0.66224;1.37802e-08;0.00191272;0.000311393;0.00183247;0.00177429;0.132318;0.00555338;0.000184046;0.0723321;0.00376404;0.116006;0.000362604
0.00258941;0.00464537;2.05056e-05;1.12349e-06;0.00067942;9.60714e-07;3.62184e-07;0.750929;3.168e-05;1.96162e-07;1.96356e-05;0.240207;0.000859111;1.60281e-05
5.44011e-05;0.55342;0.000402953;0.000172328;0.00221373;0.000522827;6.98419e-06;0.024312;0.000314352;4.23751e-06;3.72757e-05;0.273185;0.134751;0.0106018
0.000347798;0.253434;0.000632467;0.0201933;0.0295388;0.0710578;0.000242693;0.0641999;0.00794246;0.00259329;0.00480104;0.381819;0.0584235;0.104774
0.00296157;0.908714;6.25997e-06;0.000127374;0.000627451;2.32164e-05;4.76274e-05;0.0104182;0.00163879;1.61883e-05;0.00102498;0.0194833;0.0531306;0.00178097
0.00248343;0.821069;4.37349e-06;2.63013e-05;5.51656e-05;4.94997e-06;0.127803;0.00384439;0.00622163;0.00327724;0.00136779;1.38839e-06;0.00122656;0.0326143
4.58132e-08;4.52378e-09;0.999899;2.20408e-09;5.62134e-09;6.5205e-11;2.75148e-08;2.30823e-08;7.36719e-08;4.24208e-10;1.00192e-07;0.000100392;3.37303e-10;3.45159e-11
0.000132153;0.912357;7.80022e-06;7.0446e-06;0.000208563;9.56434e-06;7.66842e-05;0.0018105;0.000169771;6.6456e-06;5.90614e-05;0.000707833;0.0748858;0.00956144
2.9857e-05;0.715697;8.17266e-06;4.9789e-05;0.000658742;0.00135137;3.49193e-05;0.0931215;0.000245591;5.18382e-05;5.61309e-05;0.16349;0.00456579;0.0206391
2.32475e-05;0.991045;4.62358e-09;2.12237e-05;0.000448429;4.49995e-05;0.000106133;9.53888e-05;9.99905e-06;1.65369e-05;3.16426e-05;0.0066699;0.00113296;0.000354374
0.00462112;0.95589;2.09865e-05;2.26714e-06;4.48604e-06;1.66989e-06;0.000119648;6.18076e-05;0.000171839;1.38108e-06;7.7573e-06;0.0225172;0.0165768;3.05577e-06
7.50424e-05;0.0193638;9.41759e-08;5.36805e-06;2.88311e-06;5.36874e-05;7.6566e-07;5.36661e-05;0.00162064;5.70336e-07;1.21959e-05;0.977375;0.00130354;0.000133164
0.000208693;0.996348;0.000328904;6.6798e-05;3.72149e-05;3.0257e-06;0.000211403;0.000189148;1.21149e-05;0.000162206;1.35138e-06;0.00177684;2.27547e-05;0.000631613
1.82885e-07;1.25845e-07;0.999996;3.38686e-08;4.87412e-07;1.3528e-08;9.78014e-07;7.43941e-07;4.64805e-07;1.41874e-08;9.05493e-07;2.51168e-07;2.5476e-09;1.80962e-10
0.000198366;0.728647;1.14244e-05;4.32166e-05;0.000316558;0.0032326;2.82979e-05;0.079142;0.00162978;5.04109e-06;0.000554294;0.0307812;0.152197;0.00321365
5.61291e-07;0.00107334;9.64623e-12;7.60241e-07;1.10682e-06;2.35661e-06;3.17149e-07;0.000160598;8.48341e-06;6.08664e-08;0.000111593;0.000131245;0.998508;1.18769e-06
4.606e-06;0.000183938;3.19883e-06;2.60305e-06;4.74841e-06;3.69122e-07;2.6054e-08;3.67616e-05;1.81164e-06;2.27347e-07;3.88139e-06;0.99961;0.000135692;1.23836e-05
1.65865e-06;0.000456074;1.70504e-09;6.73034e-09;5.46487e-07;1.17664e-08;4.88332e-08;0.999533;7.9612e-07;8.8436e-09;8.04375e-08;1.65848e-07;7.52966e-06;6.74525e-08
9.25332e-07;6.97023e-05;1.225e-06;8.75009e-05;0.000961123;0.000184504;1.13912e-07;1.20808e-05;2.31024e-06;7.38881e-07;1.06023e-05;0.933369;2.49556e-05;0.0652757
3.00016e-05;0.988793;3.41107e-07;0.000135917;1.09708e-06;7.55669e-07;1.81361e-05;0.00635315;3.11269e-05;4.79254e-07;0.00019591;1.95676e-05;0.00427623;0.000144291
4.38016e-05;0.0438105;1.56456e-06;1.34481e-05;0.000474745;3.35389e-06;7.89814e-08;0.00201596;2.79266e-05;5.21683e-06;8.55862e-06;0.948827;0.00185058;0.00291713
3.03655e-05;0.79702;0.00164309;3.14374e-05;0.0158223;9.95604e-05;1.5234e-07;0.00012747;7.14951e-08;6.09297e-06;1.17351e-06;0.0662022;0.116083;0.00293325
2.28998e-05;0.0083916;1.25481e-08;5.03707e-07;0.000634693;9.08631e-05;6.83056e-05;0.00345094;5.1012e-07;4.359e-07;2.39608e-05;0.00315753;0.967732;0.0164263
1.59236e-05;0.00186915;0.00117881;0.000160537;0.000335172;0.00059048;1.17014e-06;0.00581121;3.97942e-05;1.33417e-06;8.01169e-05;0.985155;0.00133794;0.00342371
6.87272e-05;0.986988;1.66955e-05;0.000123903;1.69502e-05;0.000239467;4.35579e-05;0.00645134;1.10573e-05;2.61936e-05;0.000451194;0.00227119;0.00169173;0.00159963
8.57558e-06;0.00557481;7.07874e-08;2.44038e-08;2.9921e-08;1.65883e-07;2.3415e-07;0.00159664;8.82555e-08;3.78959e-09;1.09733e-06;0.000121894;0.992696;1.39638e-08
2.74726e-05;0.0184995;2.99662e-07;0.000942829;0.00037786;0.00094722;3.00767e-06;0.00382946;0.00104302;2.38405e-05;0.000189757;0.00852736;0.00888914;0.956699
0.000119335;0.891431;0.0868092;0.00966349;2.93015e-05;8.40227e-06;8.75066e-06;0.0031729;8.1727e-06;7.99624e-05;0.000128106;0.00635271;0.00141786;0.000770428
0.000221831;0.903175;0.00264371;0.000185678;0.000124742;6.59596e-06;4.20848e-05;0.0917512;6.78368e-05;3.67128e-05;0.000342401;0.00069568;0.000424603;0.000282247
0.000398842;0.0106445;3.8647e-07;0.00127382;0.00165442;0.00615673;0.00326922;0.00381991;0.265579;0.0007619;0.688665;0.00224699;0.0148923;0.000636395
0.00897667;0.920094;1.19624e-05;0.000320072;0.000188418;5.98426e-06;0.00111007;0.00079294;0.0187456;8.11859e-05;0.00507371;0.0372748;0.00275166;0.00457295
0.000107465;0.000134532;6.17396e-09;1.1755e-08;3.66206e-06;4.17344e-09;3.2847e-07;0.999561;0.000188645;1.48865e-08;1.58361e-06;3.10133e-08;2.10218e-06;3.69918e-07
7.98323e-07;0.000134929;4.8752e-07;5.64821e-07;0.000558691;1.58234e-06;4.66174e-09;6.34183e-05;6.34733e-07;5.49862e-08;5.58451e-07;0.997747;3.99754e-06;0.00148771
3.36693e-07;0.999808;2.28168e-09;6.26804e-09;4.30902e-08;4.52826e-09;1.69376e-05;4.13592e-05;8.96384e-09;6.64537e-07;1.20058e-08;5.44893e-10;0.000113174;1.92874e-05
1.32233e-11;1.06303e-10;1;1.05824e-11;2.0153e-09;3.40234e-10;1.00528e-12;4.50782e-11;2.08328e-13;2.60084e-12;4.87817e-13;6.43919e-08;3.40122e-13;2.69069e-11
1.39442e-05;0.975002;2.83554e-05;0.000416723;1.74123e-05;3.44896e-05;0.000988512;0.00290084;0.000328731;3.03737e-06;0.00111496;0.00627734;0.0122676;0.000606428
5.56916e-06;0.902527;7.61138e-07;0.000219394;1.36966e-05;0.00010233;1.06339e-05;0.0957203;2.44834e-06;2.79624e-05;3.91641e-05;6.58082e-05;0.000221137;0.001044
3.40714e-05;0.068731;1.2501e-06;9.65595e-07;7.19185e-07;3.18489e-06;2.6967e-06;0.0141508;4.90857e-07;1.29605e-07;8.81308e-06;0.00269199;0.914373;1.14859e-06
1.42497e-05;0.00948506;4.17851e-07;0.0010932;0.000128278;0.000393948;2.96192e-06;0.00117941;0.000452464;1.44598e-05;0.000393758;0.00354359;0.00580416;0.977494
0.000129415;0.876224;0.0832804;0.0134827;1.68636e-05;7.4191e-06;1.71755e-05;0.00939842;6.92995e-06;0.00023976;0.000184349;0.015134;0.00148719;0.000391595
0.00134985;0.74166;0.0417669;0.00316166;0.00105879;7.71289e-05;0.00127753;0.180419;0.000718709;0.000443355;0.0199794;0.00272685;0.00471131;0.000649134
0.000547341;0.0372772;7.30762e-07;0.00243598;0.00980574;0.00405685;0.00520577;0.00345356;0.117601;0.000917609;0.800356;0.00348874;0.0119947;0.002859
0.0110936;0.816686;0.000252686;0.00121791;0.000520759;2.87609e-05;0.00523899;0.000135611;0.0101465;0.000148016;0.00749321;0.044743;0.0214996;0.080795
0.0001492;0.661037;2.14061e-08;2.55055e-05;5.94042e-05;1.52665e-05;6.87367e-07;0.335448;0.000267338;4.15624e-06;1.40586e-05;0.00114494;0.00027229;0.00156242
9.67935e-06;0.00606874;6.67959e-10;8.80798e-07;5.24939e-06;5.57068e-06;2.07599e-08;0.00239249;2.83546e-06;4.7604e-08;1.06893e-05;0.0250873;0.9664;1.68384e-05
0.00177898;0.239513;0.00156999;8.57496e-05;0.00174402;0.00301767;4.79532e-05;0.0404726;0.000135719;0.000503875;3.551e-05;0.00235699;0.695025;0.0137128
7.78216e-09;3.52961e-08;1;5.35173e-09;1.80946e-09;2.50492e-09;1.1967e-09;1.54521e-08;5.77841e-09;3.88675e-10;2.06374e-09;2.52009e-07;1.7457e-09;1.21668e-10
1.05536e-05;0.0309632;0.154383;3.71384e-05;3.09832e-05;1.15785e-05;4.65692e-07;0.0401732;2.22768e-05;1.40553e-06;4.75755e-05;0.77285;0.00020368;0.0012657
2.06855e-07;0.009986;0.000108421;2.53725e-05;0.00811097;0.0209388;5.84017e-09;9.49522e-05;6.89186e-08;1.63976e-06;1.12187e-06;5.04327e-05;7.31735e-06;0.960675
7.35834e-06;0.0187983;3.83013e-06;0.000331289;0.623999;0.153211;3.81018e-07;0.0123658;8.6568e-06;1.21508e-05;0.000355664;0.00796856;0.0454219;0.137517
0.000818475;0.733844;0.00177209;0.000578449;0.00024246;0.000283421;2.7381e-05;0.0159324;0.000323657;1.29068e-06;0.0209295;0.0343677;0.190873;6.04632e-06
2.99836e-05;0.0434251;1.05789e-06;8.19587e-07;2.41803e-05;2.00111e-06;7.3439e-09;0.883135;4.01734e-07;5.7583e-08;2.51519e-07;1.35842e-05;0.0733596;8.15126e-06
3.66198e-07;0.00535854;7.41585e-08;3.02879e-07;2.15512e-06;3.54894e-06;4.93436e-07;2.65842e-06;6.01606e-09;5.55209e-05;8.46141e-09;3.18096e-06;3.02745e-06;0.99457
1.11485e-06;4.53573e-06;0.988703;2.31154e-06;1.51165e-06;1.52752e-07;1.32401e-05;9.66063e-07;1.42326e-06;4.12897e-07;3.28644e-05;0.0112382;5.14948e-08;1.13062e-08
0.000125177;0.75955;1.0693e-05;2.15748e-05;0.000264538;4.65522e-05;1.92364e-05;0.00313893;2.54646e-05;2.6047e-06;7.44552e-05;0.00881421;0.224363;0.0035432
1.11743e-05;0.890098;2.3435e-07;6.10634e-06;0.00030269;0.000204608;2.904e-06;0.0419976;3.27e-06;2.30616e-06;4.18303e-06;0.0517427;0.0112658;0.00435881
0.000291193;0.0297776;3.17663e-07;2.79507e-05;0.0173224;0.0217858;1.66064e-05;0.0237263;1.61478e-05;9.57629e-06;1.7818e-05;0.159266;0.742764;0.0049783
0.000507164;0.0818265;4.78594e-06;0.000551983;0.00162159;0.00131983;2.64289e-06;0.0118462;0.00138525;6.38852e-06;0.000139347;0.304137;0.0191438;0.577508
5.25459e-05;0.00194239;1.17588e-07;2.7499e-07;6.45695e-06;3.75643e-06;4.62197e-08;0.996906;6.09234e-06;1.27226e-07;1.02028e-06;9.72102e-07;0.00105196;2.79989e-05
2.05588e-07;0.0117914;2.41956e-06;3.69538e-06;4.08561e-06;4.78993e-06;7.41238e-08;1.40331e-05;2.34274e-06;3.46042e-07;3.53374e-06;0.987843;0.000216999;0.000112614
1.86853e-05;0.943534;3.43698e-05;6.18199e-06;0.00166878;1.34871e-05;1.09082e-06;0.0446224;3.26351e-05;1.55841e-06;5.13123e-06;0.00726209;0.00278187;1.71636e-05
0.000731461;0.00336506;0.000714435;2.20586e-06;3.31144e-05;2.74701e-07;6.19104e-06;0.00039974;0.000612717;1.25791e-06;6.25952e-05;0.983386;0.0106849;9.5128e-08
0.00431752;0.00385405;1.47592e-06;9.43105e-05;0.00162905;0.000548822;5.04584e-05;0.311023;0.340567;7.26107e-05;0.000407789;0.000225388;0.337186;2.25305e-05
0.000476854;0.967383;0.00913892;0.00011909;1.33697e-05;4.19668e-07;5.32039e-07;0.0143354;0.000154637;2.74209e-06;4.85294e-06;0.00819591;8.19412e-05;9.23228e-05
1.21041e-05;0.00342949;4.47399e-09;1.15188e-06;0.0160125;5.59285e-07;1.65267e-09;0.978963;0.000132657;1.79226e-07;2.15947e-06;0.00120612;9.93283e-05;0.000141094
5.13068e-07;0.0245908;1.8585e-06;2.30291e-06;1.77529e-05;1.97353e-07;8.91644e-07;1.5845e-07;1.45285e-08;5.01817e-05;5.74151e-09;3.50578e-06;1.10297e-08;0.975332
0.000247014;0.00186402;4.36549e-08;3.75508e-06;6.50101e-08;7.66328e-08;0.0948386;0.00122942;0.804928;2.15385e-07;0.0962014;1.89671e-07;0.000686749;5.25951e-09
5.23501e-05;0.299006;5.14118e-06;0.000124886;9.72553e-06;5.00316e-05;3.96828e-05;0.000244997;2.12815e-05;3.38498e-05;7.87309e-05;3.60668e-06;0.700318;1.15242e-05
0.00114088;0.0903007;0.225913;0.000183557;0.00015571;3.84826e-06;3.40071e-05;0.00172057;2.69786e-05;1.45009e-05;2.54996e-05;0.677093;7.15829e-05;0.00331617
9.54328e-05;0.000723203;1.86113e-09;6.21228e-06;0.0843003;0.00123131;3.54557e-06;0.911766;0.00103081;3.58283e-06;4.09181e-05;2.50227e-06;0.00036569;0.000429927
0.000168826;0.0531309;0.93619;4.47662e-05;0.00198578;0.000261285;1.36787e-08;0.000504816;7.60654e-07;5.52582e-07;4.11031e-07;0.00652192;0.00055252;0.000637307
9.69139e-06;0.991511;4.57543e-07;7.42261e-06;3.09095e-05;5.29505e-05;4.88847e-06;0.0052895;8.64214e-05;3.28706e-07;0.000474598;0.000120665;0.000869239;0.00154188
3.14932e-05;0.000667289;8.54326e-06;3.6985e-06;0.00389489;0.000590828;2.38925e-07;0.991406;1.54214e-05;1.75749e-06;6.09606e-05;0.00243102;0.000719198;0.00016859
9.79669e-06;0.995976;2.83186e-08;6.26918e-07;3.58305e-07;2.51037e-06;0.00304876;0.000584148;8.85808e-07;0.000259238;9.87235e-07;2.78881e-07;7.85125e-06;0.000108522
3.44346e-08;3.22884e-08;0.999996;3.87377e-08;2.16815e-09;8.33527e-09;3.03266e-06;9.59328e-09;2.29666e-08;9.94068e-08;4.3301e-08;2.90916e-07;5.57627e-11;2.96239e-10
3.1694e-06;0.162337;4.64802e-09;1.05983e-06;4.28764e-09;1.98035e-07;1.98756e-05;3.48793e-05;2.43057e-05;1.79791e-07;1.35492e-05;1.28784e-05;0.837553;9.48385e-09
0.000183588;0.0121301;0.53552;0.000934976;0.0029873;4.31938e-06;0.000107955;0.0324099;3.66965e-05;0.000219521;0.000123604;0.411676;0.000342839;0.00332351
0.000663525;0.212888;3.00671e-06;0.000972099;0.0211212;0.000286536;0.0236784;0.68916;0.0257835;0.00069993;0.0130809;0.000661989;0.0103089;0.000692011
0.0019883;0.267956;0.0530409;0.00155528;0.016963;0.000441074;5.76199e-06;0.00559851;7.63859e-05;4.81679e-05;0.000211376;0.631677;0.00796729;0.012471
0.000238729;0.73356;5.53251e-08;0.000178023;0.000790571;0.000311097;5.67414e-05;0.0914586;0.13526;5.72221e-06;0.0127746;0.000719313;0.0172765;0.00736992
0.000156705;0.98942;0.00820039;0.000290444;3.37018e-05;4.89868e-06;4.89825e-07;0.000915815;9.57002e-06;3.95401e-06;2.25411e-06;0.000477287;4.25379e-05;0.000441325
6.02309e-05;0.972675;6.42963e-08;6.56413e-06;8.83923e-06;6.48464e-06;2.22155e-06;0.0264896;4.38836e-05;1.48707e-06;9.21331e-06;6.16556e-05;2.47118e-05;0.00060992
0.000752857;0.0668837;6.13818e-07;9.82654e-06;0.000192812;7.21291e-05;1.93079e-05;0.290258;2.13141e-05;1.48395e-06;4.61617e-05;0.080583;0.561095;6.35422e-05
2.02501e-05;0.396262;5.91511e-07;0.000233299;8.96791e-05;0.000322933;0.000382057;0.0261941;0.000178942;0.000234425;9.03948e-06;9.07123e-07;0.00151176;0.57456
1.80844e-10;7.43319e-10;1;3.34187e-09;3.75621e-11;2.85317e-11;2.43387e-10;2.59891e-09;3.01394e-11;6.97251e-11;1.88865e-09;2.31589e-08;4.57096e-11;2.02991e-12
4.36101e-05;0.0637161;0.261529;0.000175891;0.000180768;4.36154e-05;1.79533e-06;0.283163;6.5765e-05;5.67511e-06;0.000645053;0.389133;0.000708825;0.00058753
1.27847e-06;0.0293538;0.000186151;3.15293e-05;0.0324418;0.0256704;2.2662e-08;3.16224e-05;7.16012e-07;1.3908e-06;2.48441e-05;0.000804125;2.45568e-05;0.911428
4.19605e-05;0.0793952;4.40012e-07;0.000135632;0.738133;0.0262715;4.4991e-07;0.041591;4.55546e-05;3.82184e-06;0.000657537;0.006884;0.0684862;0.0383539
0.00129074;0.686303;0.000255055;0.000140757;0.000257783;2.88757e-05;6.38314e-06;0.0232855;0.000612244;2.01433e-07;0.00847034;0.105269;0.174074;5.6946e-06
3.09625e-05;0.0228174;6.9779e-07;1.67436e-06;6.90915e-05;9.9295e-07;7.26609e-09;0.970637;5.44442e-07;6.57998e-08;3.12774e-07;2.57004e-05;0.00637964;3.62068e-05
4.46941e-06;0.0228703;3.9318e-07;1.36862e-06;5.61399e-06;2.20173e-05;1.07251e-05;0.000252828;1.06681e-07;0.000285453;2.74961e-07;9.36153e-07;6.39206e-05;0.976482
7.81225e-08;7.93234e-08;0.999464;4.47433e-07;3.00774e-07;8.82355e-09;1.204e-06;1.55919e-07;4.3598e-07;2.3849e-08;9.93026e-06;0.000523825;2.51803e-09;4.5288e-09
0.000148006;0.880807;1.12355e-05;4.69078e-05;0.00018826;7.2769e-06;2.11987e-05;0.00110731;0.00018158;1.60372e-06;0.000473772;0.00476745;0.0949672;0.0172712
4.12622e-06;0.933394;3.67376e-08;1.26886e-06;0.000159731;5.44897e-06;5.80649e-07;0.0536002;1.57879e-06;4.88103e-07;1.76348e-06;0.00139677;0.000377404;0.0110569
3.95313e-06;0.0073416;1.62748e-08;6.46364e-06;0.000309265;8.8491e-06;4.27012e-07;1.56648e-05;1.64846e-06;3.81271e-07;1.18283e-06;0.990324;0.000185263;0.00180072
5.58136e-05;0.00125948;5.65932e-08;1.95877e-06;3.02114e-06;6.78658e-06;3.47985e-07;0.00113478;2.15254e-05;3.90526e-08;2.77903e-06;0.000952583;0.996552;8.95822e-06
5.42182e-05;0.00228563;7.53341e-06;1.29586e-05;3.49604e-05;7.88384e-05;2.37836e-07;0.00110081;0.000148745;7.05731e-07;5.06884e-05;0.990494;0.00463471;0.00109553
1.58538e-06;0.000447914;1.26006e-09;4.85236e-09;1.67125e-06;5.36758e-08;1.7769e-08;0.999544;5.45965e-07;1.55861e-08;5.19032e-08;1.18914e-07;4.27869e-06;1.27668e-07
2.49572e-06;7.6662e-05;5.44749e-07;7.45864e-05;0.000706186;0.000166437;4.45314e-07;8.61588e-06;6.14665e-06;8.45658e-07;1.93351e-05;0.963151;2.57721e-05;0.0357609
1.64263e-05;0.989606;1.79993e-07;7.0425e-05;1.22175e-06;1.06352e-06;1.90596e-05;0.00210909;3.53616e-05;4.01907e-07;0.00014607;2.45991e-05;0.00790854;6.16782e-05
2.23379e-05;0.0292086;4.65971e-07;9.95876e-06;0.000237649;1.73884e-06;4.45711e-08;0.00240499;1.2148e-05;6.44236e-06;3.65154e-06;0.96355;0.000844475;0.00369735
2.0978e-05;0.892581;0.00120296;4.00247e-05;0.00237552;2.53888e-05;3.88721e-07;8.4584e-06;7.11353e-08;1.16271e-05;1.60982e-06;0.0371399;0.0624092;0.00418336
0.000372824;0.354706;9.10093e-08;4.4686e-06;0.00405801;4.92301e-05;0.00182413;0.0482893;6.6759e-06;3.52233e-06;0.000199075;0.0326472;0.425007;0.132832
4.7632e-05;0.0115624;0.0058623;0.000982632;0.00205161;0.000702875;9.78452e-06;0.0254246;0.000281741;8.90211e-06;0.000337669;0.909366;0.0049437;0.0384187
4.03718e-05;0.96907;2.65118e-07;6.11428e-05;2.53371e-06;0.00026236;8.60659e-06;0.0133085;1.4026e-05;9.07704e-06;0.000168178;0.00127955;0.0130639;0.00271196
1.86246e-07;0.000113255;4.26327e-13;1.07802e-08;8.10261e-09;1.81918e-07;4.23117e-09;4.19072e-05;4.32716e-08;4.73901e-10;6.601e-07;1.01766e-05;0.999834;1.20382e-08
2.74023e-06;0.000260079;3.15463e-07;1.44178e-06;5.05562e-06;7.7055e-07;3.67126e-09;1.7601e-05;1.33901e-06;7.09745e-08;1.01454e-06;0.999159;0.000549865;7.28661e-07
0.00109157;0.967888;0.00757336;0.002518;0.000322978;5.07858e-05;2.16308e-05;0.0129608;6.95604e-05;3.4001e-05;5.23172e-05;0.00220973;0.00450709;0.000700139
0.000135925;0.531622;0.00129804;0.000164901;8.23182e-05;9.22697e-06;1.42699e-05;0.462109;3.15305e-05;1.71571e-05;7.63038e-05;0.000439223;0.00376057;0.000239589
0.00044221;0.0204948;2.82599e-06;0.0076217;0.0076426;0.074774;0.00337892;0.00340736;0.139862;0.00225242;0.702358;0.00591604;0.0245948;0.00725191
0.00272911;0.926674;1.00057e-05;0.000362517;0.000212009;1.07547e-05;0.000687129;0.000396642;0.00327074;4.72915e-05;0.00534755;0.0525311;0.00299994;0.00472149
0.000178172;0.000283415;1.38294e-08;7.67533e-08;1.73871e-05;3.61153e-08;1.16312e-06;0.999323;0.000171801;5.01912e-08;1.44931e-05;7.59049e-08;7.68335e-06;3.14194e-06
5.3968e-07;0.000243872;3.65283e-07;6.24387e-07;0.000239065;1.54735e-06;4.49966e-09;2.76941e-05;3.66624e-07;3.6527e-08;1.02052e-06;0.998477;3.45326e-06;0.00100475
3.88535e-07;0.999821;9.78406e-10;9.96454e-09;1.93786e-08;2.27428e-09;1.29049e-05;2.76994e-05;5.54773e-09;4.44816e-07;2.37829e-08;2.6229e-09;6.14179e-05;7.57225e-05
4.50723e-11;6.14238e-10;1;4.35207e-11;5.01955e-09;3.87977e-10;2.26466e-12;1.82762e-10;5.2121e-13;5.03909e-12;1.8413e-12;2.12647e-07;1.18025e-12;1.53072e-10
7.84864e-06;0.971434;7.74348e-05;0.000341793;2.51812e-05;1.61904e-05;0.000665456;0.00287584;0.000157182;2.90402e-06;0.00116049;0.00274981;0.0184814;0.00200449
3.68776e-06;0.841121;2.55919e-08;0.000111185;4.91925e-06;0.000300106;1.90833e-06;0.151935;1.92006e-06;9.68805e-06;2.61348e-05;5.33044e-05;0.00284994;0.00358076
2.89011e-07;0.00112575;1.18415e-11;1.19306e-07;4.79102e-08;5.34604e-07;1.15012e-08;0.000129894;6.88298e-08;5.31076e-09;2.09637e-06;0.000129155;0.998612;1.02971e-07
5.92339e-06;0.000496286;7.18048e-07;5.00841e-06;4.84519e-06;2.7749e-07;3.52381e-08;6.02433e-05;6.32107e-06;1.98835e-07;1.47576e-05;0.99833;0.00107436;1.32422e-06
0.000476527;0.972046;0.00192294;0.00223957;0.000289498;2.46045e-05;1.24035e-05;0.012888;2.70333e-05;2.3011e-05;5.60018e-05;0.00413583;0.00547071;0.000388444
9.29166e-05;0.673407;0.0140736;0.000502322;0.000204881;1.9709e-05;2.54445e-05;0.299892;9.75067e-06;4.04532e-05;6.74242e-05;0.000397031;0.0104265;0.000841061
0.000374634;0.0219567;1.00879e-05;0.00956769;0.0192471;0.202674;0.0022744;0.00106995;0.0436004;0.0010361;0.631092;0.00850689;0.0212893;0.0373006
0.00472091;0.301987;0.000437101;0.000353983;0.000355062;2.77665e-05;0.000399014;0.000594866;0.00103846;1.29229e-05;0.0035917;0.639426;0.0412991;0.00575585
0.000315504;0.847376;1.77275e-06;8.42998e-05;0.000949455;0.000116319;4.06266e-05;0.101436;4.84294e-05;3.14911e-05;4.94095e-05;0.000996847;0.00026994;0.0482839
0.000210686;0.185732;2.48273e-05;9.64726e-06;0.000185807;0.000977614;6.59222e-06;0.0295892;2.46808e-06;1.22384e-06;1.99268e-05;0.0893966;0.692301;0.00154312
7.97263e-07;0.307622;6.42732e-08;1.01401e-05;1.31852e-05;9.68163e-06;0.00044021;0.000429879;7.70189e-07;0.000109216;1.57446e-07;1.10668e-07;0.000204917;0.691159
7.75559e-11;1.41591e-10;1;1.90899e-09;5.11053e-11;5.54614e-11;7.00252e-10;8.0599e-11;9.98844e-11;3.30821e-11;3.25276e-09;1.91057e-07;8.02274e-12;8.02646e-12
6.61633e-05;0.29451;0.0117245;8.88687e-05;5.5398e-05;6.51667e-06;2.40869e-05;0.679416;0.000382271;2.32812e-05;0.000513576;0.01118;0.00187278;0.000136087
2.46462e-05;0.0242337;0.00043481;0.000302462;0.00315016;0.663335;1.69898e-05;3.7941e-05;9.80573e-05;6.46085e-05;0.0003194;0.0246251;0.0588364;0.224521
0.000438245;0.875597;4.39765e-05;1.59523e-06;0.000741122;0.000213866;7.70133e-07;0.0764768;1.37283e-06;2.29387e-07;1.02557e-05;8.50235e-05;0.0444932;0.00189668
1.86347e-06;0.886966;8.30413e-07;3.71823e-06;1.71385e-05;8.50533e-06;2.48885e-07;0.0217881;1.11511e-05;6.2781e-08;8.52062e-06;0.00271986;0.0871204;0.0013532
4.78756e-05;0.0600379;1.56536e-06;8.33497e-05;0.00307351;6.95375e-05;4.49182e-08;0.92753;5.33577e-06;9.53251e-06;1.30761e-05;0.000176182;0.00187788;0.00707425
4.94956e-05;0.0464312;6.27836e-07;4.21755e-06;1.94576e-05;4.5491e-05;0.000168933;8.46806e-05;1.28097e-06;0.000738836;3.96219e-06;2.58738e-06;6.37616e-05;0.952385
7.74902e-08;6.41731e-08;0.999944;7.6053e-08;5.14332e-08;6.9914e-10;1.90688e-07;3.1015e-07;2.97096e-07;2.11302e-09;2.63957e-06;5.19199e-05;3.94255e-09;1.71058e-10
0.000300876;0.794882;2.26034e-05;8.09195e-05;0.0006646;1.11472e-05;2.3183e-05;0.011747;0.00104657;4.44977e-06;0.0013702;0.030014;0.107364;0.0524683
4.06936e-06;0.930772;3.78016e-08;1.9969e-06;0.000343248;1.04787e-05;7.65723e-07;0.0594386;1.79778e-06;8.22847e-07;2.64326e-06;0.000610082;0.000350732;0.00846239
2.44299e-06;0.00181407;2.78473e-08;5.59313e-06;0.000195598;5.11584e-06;2.7585e-07;6.47834e-06;7.8795e-07;2.84361e-07;9.19178e-07;0.997063;5.75544e-05;0.000847919
5.36729e-05;0.00130964;1.02057e-07;2.86055e-06;2.11682e-06;9.70683e-06;6.08271e-07;0.0010266;4.57326e-05;6.66268e-08;5.00812e-06;0.000944312;0.996593;6.24343e-06
0.000170293;0.00245165;0.000104704;4.43205e-05;4.30189e-05;0.00012487;2.43829e-07;0.00268531;0.000289199;1.5451e-06;0.00011403;0.985158;0.00628855;0.0025247
1.85717e-05;0.000535811;2.49967e-08;3.61485e-07;5.40712e-05;1.10031e-05;5.70122e-08;0.999066;8.35653e-06;7.67506e-07;1.89384e-06;4.3294e-07;0.000213437;8.94624e-05
1.98094e-07;0.000952443;5.298e-06;3.50305e-06;1.51284e-06;2.58485e-06;6.47069e-08;1.84805e-06;3.56883e-06;1.68081e-07;1.48755e-05;0.998849;2.95295e-05;0.000135678
6.17987e-06;0.976687;3.44522e-06;1.5502e-06;0.000625494;2.30177e-06;3.1986e-07;0.0218299;5.84392e-06;3.96641e-07;1.18394e-06;0.000398461;0.000433273;4.85586e-06
3.32459e-05;0.000671987;0.000353152;2.35819e-07;4.17984e-06;1.7138e-08;1.61182e-07;5.61852e-05;1.10773e-05;8.28693e-08;1.60187e-06;0.998213;0.000654954;4.3326e-08
0.00279369;0.00877329;2.06043e-07;6.08383e-05;0.000196388;7.84856e-05;6.53307e-05;0.129966;0.688154;3.64733e-05;0.000929946;0.00022818;0.168714;4.15939e-06
0.000451607;0.984761;0.00423775;9.48421e-05;3.16333e-06;3.88437e-07;7.17172e-07;0.00784731;0.000155405;2.08539e-06;4.0442e-06;0.00233227;7.96579e-05;3.00385e-05
0.000259864;0.15334;2.44239e-07;3.55482e-05;0.0283844;1.59166e-05;2.40047e-07;0.798394;0.00153013;6.02671e-06;0.000119218;0.00823565;0.00194421;0.00773548
4.55192e-06;0.0614945;2.07034e-06;2.82982e-05;0.000178209;1.49903e-06;8.87294e-06;6.31356e-07;3.3373e-07;0.000205854;5.56039e-07;9.37142e-05;6.39055e-08;0.937981
0.000303037;0.00180198;3.28836e-07;5.40006e-06;2.05945e-08;4.42275e-08;0.113567;4.44381e-05;0.660551;1.36046e-07;0.223645;9.31465e-06;7.25103e-05;4.03757e-09
1.92933e-05;0.503296;5.42785e-10;2.86644e-06;6.91119e-07;9.94902e-07;1.59942e-05;0.000508464;8.75369e-05;1.34735e-06;5.89388e-05;1.63707e-05;0.495989;2.93491e-06
0.000137474;0.340883;0.528342;0.00012618;0.000118346;4.46946e-06;5.23632e-06;0.00232092;3.96823e-06;9.49231e-06;2.28807e-06;0.124433;7.46443e-05;0.00353954
2.68995e-05;0.00348803;8.29323e-07;8.26731e-05;0.00414799;0.732359;6.3868e-06;4.36701e-05;0.000286928;2.58004e-05;6.52781e-05;6.69613e-06;0.155559;0.103901
0.000673911;0.0343723;0.231775;0.000113085;0.000995834;0.000120474;5.77751e-07;0.000771437;2.02652e-06;5.6467e-06;2.02293e-06;0.724574;0.00361494;0.00297815
2.49271e-05;0.979345;3.40847e-07;2.71309e-05;0.000618099;0.000266427;4.38465e-06;0.00346376;0.000175294;4.42277e-07;0.000101024;6.55007e-05;0.014612;0.00129574
1.80636e-05;0.00174985;6.45723e-07;7.83737e-07;0.0017683;0.000117725;7.14391e-09;0.995456;1.44742e-06;3.655e-07;8.27133e-07;0.000348478;0.000216516;0.000320891
1.37772e-05;0.995258;1.77596e-08;1.11146e-06;7.79478e-07;1.88421e-06;0.00354082;0.000379104;6.03547e-07;0.00056886;1.24011e-06;1.90604e-07;7.69781e-07;0.000233013
4.13788e-08;1.67854e-08;0.999995;2.90303e-08;9.93286e-10;2.80068e-09;4.85553e-06;7.48023e-09;5.11506e-08;4.45794e-08;7.26265e-08;1.82265e-07;1.96282e-11;9.43239e-11
5.17119e-06;0.502648;2.18707e-09;1.26248e-06;5.27925e-09;1.37895e-07;1.49247e-05;6.63305e-05;6.67388e-05;1.43362e-07;2.30729e-05;1.73189e-05;0.497157;1.13786e-08
0.000248848;0.0196543;0.120082;0.00102082;0.0048005;3.2738e-06;3.68808e-05;0.0345965;7.85281e-05;0.000170606;0.00014433;0.816615;0.000115957;0.00243216
0.000512881;0.453869;3.36293e-06;0.000492885;0.0146134;9.87191e-05;0.0191983;0.492273;0.0116028;0.000672711;0.00345;0.00049346;0.001747;0.000972095
0.000718297;0.0886579;0.0693745;0.00102884;0.00756747;0.000153053;1.52815e-06;0.00222415;9.90748e-05;1.87889e-05;0.000206866;0.825035;0.00213319;0.00278083
0.000275952;0.388332;1.92288e-07;0.000398695;0.00297332;0.00026734;0.000397221;0.249372;0.26743;3.69427e-05;0.00910204;0.00154728;0.00690048;0.0729661
0.000109101;0.998044;0.000244268;0.000290695;3.88401e-05;9.28304e-06;1.90554e-06;0.00068106;4.06555e-05;6.71954e-06;7.65617e-06;0.000394071;0.000105236;2.63067e-05
0.000103085;0.000276851;8.07097e-10;7.86343e-09;7.12802e-07;9.21299e-09;2.60415e-07;0.999346;0.0002427;1.26078e-08;3.38736e-06;2.36836e-08;2.63348e-05;1.85259e-07
8.11065e-07;0.000101354;2.42968e-06;4.82436e-06;0.00176624;8.32325e-05;5.71932e-09;5.73013e-05;2.9672e-06;2.94755e-07;1.77891e-06;0.980303;1.28043e-05;0.0176634
3.84225e-06;0.998768;2.08524e-09;2.47574e-07;4.81067e-07;2.78648e-08;0.000148676;0.000829777;7.3143e-07;8.33337e-06;1.74764e-06;2.49703e-09;0.000191115;4.71168e-05
1.97648e-11;3.4015e-10;1;2.67993e-11;2.09756e-09;9.16795e-11;1.42335e-12;4.16995e-11;1.44728e-13;2.15164e-12;6.16467e-13;8.68714e-08;6.56592e-13;6.59702e-12
4.17485e-06;0.953725;6.92374e-06;0.000162967;2.87554e-05;1.83594e-05;2.48861e-05;0.00582994;1.47408e-05;4.99918e-07;8.22835e-05;0.00196161;0.0380436;9.60958e-05
4.32149e-06;0.982182;2.53062e-07;0.00122554;0.000135246;0.000580033;6.36052e-05;0.00231645;6.83827e-05;6.56952e-05;0.000908364;0.000643745;0.00733092;0.0044756
0.000118628;0.108005;9.82598e-06;0.00265596;0.000408202;0.00400586;3.77374e-05;0.00186046;0.000105976;2.12705e-05;0.00223817;0.0186087;0.858078;0.00384623
0.00027417;0.000614308;1.31544e-08;0.00201634;0.00100468;6.9417e-05;9.67355e-06;0.941692;0.00239845;3.70349e-05;0.0226599;0.0227174;0.00649907;7.80656e-06
0.00341557;0.0499588;0.0599775;0.0111864;0.0015923;0.00778478;0.000260471;0.000525756;0.000435553;0.00164341;0.0112676;0.000666699;0.849862;0.00142308
0.00294815;0.48392;0.466345;0.000105712;0.00037928;3.30715e-06;4.99664e-05;0.00205415;1.62688e-05;2.65241e-05;3.17641e-05;0.0431855;0.000453478;0.000481035
0.000752805;0.0535048;1.38881e-06;0.000406659;0.00838827;0.00238218;0.00075423;0.27842;0.0135654;0.000127997;0.010684;0.00204647;0.628062;0.000904068
0.00115225;0.458449;9.57518e-05;0.00130003;0.000674529;0.0532678;5.72914e-05;0.0201184;0.00548089;0.000343511;0.000753809;0.202685;0.229289;0.0263328
0.000191102;0.47197;6.4074e-08;4.32469e-05;0.000127416;5.59387e-05;3.80732e-05;0.00368779;0.000126596;1.592e-06;0.000439979;6.56766e-05;0.521626;0.00162596
0.00071896;0.664854;1.45888e-06;0.00431829;0.00521081;0.0100828;0.00093253;0.207502;0.000142483;0.00274805;6.58177e-05;5.55224e-07;0.0104796;0.0929429
2.01597e-09;6.69614e-11;1;3.72207e-10;4.77502e-10;1.0384e-11;1.22511e-10;3.66399e-09;1.23147e-10;1.03948e-11;2.23056e-10;1.27666e-08;7.77778e-12;8.47842e-13
3.52661e-06;0.709801;4.23701e-06;1.86344e-06;5.1361e-07;2.48139e-08;3.48117e-06;2.12049e-05;2.55988e-06;5.7445e-06;1.17415e-07;0.000488718;7.02762e-06;0.28966
0.00137209;0.0813624;0.00159107;0.000114068;0.00876882;0.0449596;0.29248;0.00319711;0.308958;0.000271853;0.151297;0.000763;0.103744;0.00112094
1.54276e-05;0.750387;6.56258e-07;2.51721e-07;2.92664e-07;4.01919e-05;1.8927e-06;2.18742e-05;1.85882e-06;3.6624e-07;2.66487e-07;0.00650448;0.243025;5.35756e-07
0.000107425;0.0941719;0.248493;7.46677e-05;0.000286414;0.00217435;2.84001e-05;0.000418916;5.57548e-06;0.000257168;9.3393e-07;0.647192;0.00304758;0.00374214
7.66425e-09;2.6191e-09;1;3.33562e-08;3.91391e-08;3.5329e-08;3.4138e-08;4.44851e-07;1.02639e-08;1.74364e-09;1.36967e-08;5.51992e-08;2.2787e-10;1.51174e-09
4.20024e-05;0.0140952;1.07511e-05;1.48563e-06;1.71556e-05;1.1258e-06;9.06948e-08;0.981335;1.08296e-05;1.90051e-07;7.9875e-06;0.00204142;0.002356;8.09339e-05
7.80006e-06;0.858699;1.42717e-05;6.6797e-06;0.000194077;1.1179e-05;1.55688e-07;0.0272559;3.51346e-06;4.52031e-06;3.13397e-05;0.110395;0.000842297;0.00253424
2.66629e-08;0.999787;4.0401e-12;2.75446e-08;6.31982e-10;2.18992e-09;9.51455e-06;5.6991e-09;6.21223e-09;2.40276e-06;7.73284e-08;1.4824e-07;3.63707e-06;0.000197393
0.000500036;0.0739207;6.61488e-05;0.000165483;1.18704e-05;2.96e-05;0.299644;0.010267;0.371746;3.80289e-05;0.168537;0.000230916;0.0748317;1.15158e-05
0.000201318;0.990505;0.00297824;0.000179877;1.46521e-05;9.50692e-06;7.91153e-07;0.00288085;1.31166e-05;2.31939e-06;2.74792e-06;0.00169127;0.00147151;4.86298e-05
6.03633e-05;0.375019;8.25202e-08;3.04719e-05;5.21159e-05;0.000169979;2.38097e-07;0.619147;0.000179007;3.26419e-06;2.93566e-06;0.000854102;0.000720066;0.00376081
0.000419299;0.00187019;5.19779e-08;2.38051e-05;0.00048781;5.97791e-05;2.516e-06;0.913598;0.000599469;3.70854e-06;0.00100954;0.000966937;0.0809513;7.60891e-06
1.58805e-05;0.969932;4.43081e-08;4.0054e-06;8.87976e-08;2.0624e-07;1.97164e-06;2.38155e-05;3.31722e-06;1.38545e-07;2.57608e-06;0.0229193;0.00709034;6.41163e-06
2.36918e-05;0.106618;1.22293e-07;0.00151316;0.00184756;0.000761414;5.89798e-06;0.0245136;0.00213586;8.51016e-05;0.00263026;0.799409;0.0396204;0.0208355
0.0001465;0.851468;2.96547e-07;0.00226796;8.64039e-06;0.000185252;0.00577702;3.01221e-05;0.0017737;3.71052e-05;0.117698;0.0197924;0.000736035;7.82053e-05
2.54606e-05;0.965412;3.98045e-05;0.000115611;2.72449e-06;1.02295e-05;7.62753e-06;3.88301e-05;1.34805e-06;1.03177e-06;0.000265617;0.0293868;0.00468743;5.84795e-06
2.51571e-06;0.97529;5.29559e-09;2.40496e-07;1.52704e-07;1.44423e-07;7.24824e-06;2.41565e-06;1.05025e-07;2.06653e-08;4.36505e-06;5.06307e-05;0.0246409;1.70258e-06
8.27357e-07;0.035236;1.44731e-07;9.72133e-06;7.05917e-05;4.57717e-06;7.2024e-08;0.00268978;3.76558e-06;3.35692e-07;3.27747e-06;0.942318;0.000441049;0.0192218
1.77676e-05;0.969733;1.96439e-07;0.000133687;1.64732e-05;7.47715e-05;6.54024e-05;0.00322219;0.0001828;3.23963e-06;0.000280429;0.00739565;0.0187542;0.000119656
0.000145241;0.95994;0.000120658;0.000133165;1.77794e-05;8.47865e-06;7.53837e-05;0.00327565;1.96574e-05;4.2321e-06;8.41885e-05;0.0232031;0.0116833;0.00128927
9.5075e-05;0.103938;5.99443e-05;9.21225e-05;9.60099e-05;4.31047e-05;6.2708e-07;0.875027;2.26186e-05;4.91949e-06;4.63089e-05;0.020158;9.45496e-05;0.000322475
3.467e-05;0.0476916;7.12055e-08;4.23314e-06;4.72117e-05;0.000114927;4.46585e-06;0.0704631;4.34076e-06;6.76877e-07;1.44646e-05;0.000240723;0.881371;8.82165e-06
0.0002392;0.0132403;1.24383e-07;0.0295644;0.423764;0.1991;1.5072e-06;0.0145455;0.00246522;0.0014277;0.00126653;0.0106901;0.133911;0.169785
0.00040234;0.993008;0.00407502;9.7759e-05;1.51366e-06;4.80125e-07;0.00103177;0.000149585;4.87912e-06;0.000970811;3.97861e-06;6.86208e-05;1.87089e-07;0.00018475
2.01321e-06;2.26245e-06;0.999899;3.46345e-07;1.0015e-07;2.06761e-09;2.96285e-06;1.68333e-07;1.04965e-06;2.74331e-08;2.35173e-06;8.97072e-05;3.14474e-08;1.6311e-09
0.000330015;0.671283;6.48858e-05;6.26642e-05;1.32003e-05;3.32807e-07;0.00268838;0.257617;0.0249961;1.64918e-05;0.0112856;0.010488;0.0210526;0.000101617
0.00100573;0.0910009;9.78623e-07;0.00470279;0.000797545;0.00328998;0.00688217;0.00773371;0.464748;0.00159523;0.328964;0.00890714;0.0276897;0.0526821
0.00247485;0.162584;2.89079e-07;1.91055e-06;0.00020326;2.12241e-06;9.26401e-06;0.830244;2.70725e-05;9.28935e-06;1.06615e-05;0.00016903;0.00116926;0.00309445
3.51607e-06;0.0173435;4.01193e-05;3.8899e-06;0.000139385;8.92315e-06;2.75932e-07;0.00166408;3.49924e-06;9.75912e-07;5.17147e-07;0.936491;2.62364e-05;0.0442744
2.93595e-06;0.00391844;1.04777e-08;1.19547e-07;3.17608e-07;4.286e-08;3.69541e-08;0.00305449;1.29446e-06;2.15131e-08;1.9146e-06;1.16906e-05;0.993008;6.33352e-07
1.13446e-05;0.993721;1.43668e-06;5.87194e-08;8.04458e-08;2.10343e-07;4.22074e-05;3.69294e-05;7.44804e-08;0.000145976;3.31892e-09;0.000215428;0.00149154;0.00433369
1.89648e-09;1.01786e-07;0.999998;2.80002e-09;2.1008e-08;6.22511e-08;4.50538e-07;7.60243e-07;1.11165e-08;6.35776e-07;2.2033e-09;1.62292e-08;9.12096e-11;4.33862e-10
1.74153e-10;2.47428e-09;1;6.77429e-10;8.40659e-11;1.27079e-10;7.45898e-10;1.26821e-07;3.97369e-10;1.34612e-10;3.69812e-10;2.74674e-07;5.30945e-11;1.40735e-11
1.85909e-07;0.000582949;0.965123;1.1311e-05;3.13341e-06;1.2023e-05;1.03751e-07;0.0002723;1.30394e-07;5.9044e-07;1.35594e-06;0.033931;9.01791e-06;5.2749e-05
1.76326e-06;0.0073317;0.00255384;2.3126e-05;0.0351104;0.175797;6.13746e-07;0.000861527;6.76048e-08;3.1713e-06;1.68664e-05;0.000659045;0.00171512;0.775926
3.41639e-06;0.0348885;0.00086201;0.000644063;0.00725461;0.189825;8.58191e-06;0.00141259;1.42381e-07;1.2733e-05;8.48201e-05;0.243127;0.426068;0.0958086
1.49257e-05;0.114663;7.00462e-05;0.0001955;0.000711458;0.0143113;1.89868e-05;0.131931;1.21461e-05;1.74207e-06;0.000344358;0.000175037;0.737063;0.000487272
1.81529e-05;0.924267;3.795e-06;2.28689e-05;3.54062e-05;7.13477e-05;1.03489e-06;0.0032611;3.10645e-07;9.47608e-07;4.43492e-06;0.000109705;0.0719798;0.000223709
5.9673e-06;0.000171728;6.70109e-08;5.72556e-08;7.63642e-06;5.55706e-08;1.16689e-08;0.999762;2.86636e-07;3.85049e-08;2.90364e-07;1.10753e-06;4.96697e-05;9.74684e-07
4.6574e-07;0.000118965;7.98734e-07;3.34744e-06;0.000351988;1.18018e-05;1.22991e-08;3.83852e-06;2.20676e-07;1.9146e-07;7.95906e-06;0.994774;2.44797e-05;0.0047019
1.35676e-07;0.999804;4.46733e-11;4.16753e-09;1.54833e-09;1.38178e-09;1.67101e-05;2.97303e-06;8.20601e-10;2.92055e-07;6.77236e-09;5.5541e-10;0.000172215;3.90513e-06
1.57103e-10;1.8792e-08;0.999985;1.55825e-10;2.37223e-08;3.49036e-09;6.06931e-11;1.1538e-09;4.81441e-13;9.89093e-11;1.49721e-12;1.53028e-05;6.8266e-11;1.0199e-09
6.17287e-07;0.0230757;1.27851e-08;7.52619e-06;1.19285e-06;0.000455897;7.06936e-05;0.000148304;7.78499e-06;1.79894e-06;9.76523e-06;1.99931e-07;0.975863;0.000357417
1.21442e-07;0.000101841;0.998809;1.5085e-05;1.65477e-07;2.50017e-06;6.10208e-05;2.11479e-08;6.96359e-09;5.98179e-05;2.87075e-07;0.000946779;2.18797e-07;3.68281e-06
1.56742e-08;2.1399e-07;0.999963;7.9489e-08;3.81042e-09;3.50513e-08;3.39018e-05;2.62447e-09;5.96667e-08;1.35689e-07;1.9144e-06;4.35305e-07;2.01843e-10;4.75445e-09
6.04543e-08;0.996748;3.45283e-11;1.4085e-08;2.94692e-10;1.75403e-08;4.65908e-07;1.33341e-06;1.6876e-07;8.21143e-09;1.88315e-06;1.32185e-05;0.00323459;1.58803e-09
5.76819e-05;0.0888692;3.1119e-08;2.70213e-05;0.000226922;0.000341154;9.62673e-05;0.0165529;4.54682e-05;1.24662e-05;0.000171706;0.665116;0.226989;0.00149393
0.000100807;0.786182;0.000279701;7.58282e-05;8.86728e-05;6.89326e-05;2.17889e-05;0.00402865;4.71906e-06;2.06013e-06;2.45897e-05;0.0160909;0.191515;0.00151527
0.000121083;0.887537;1.20079e-06;0.00425296;8.81849e-05;4.15827e-05;0.0034602;0.00887537;0.00679369;6.33721e-05;0.0254633;0.00617637;0.0532879;0.00383721
0.00030215;0.174357;2.3211e-06;1.47699e-05;0.000589138;0.000177081;4.09438e-06;0.748588;6.19664e-06;2.09275e-05;2.41401e-05;3.82086e-05;0.0566661;0.0192094
2.53517e-06;0.00232341;0.000158581;4.03524e-05;5.36861e-05;7.25377e-06;5.92201e-06;0.00039855;2.89127e-05;9.96152e-06;4.83677e-05;0.995072;0.000230365;0.00162004
1.43862e-05;0.997542;1.95244e-05;5.33671e-06;9.206e-05;8.88815e-07;7.17592e-06;0.0014116;1.73157e-05;2.6454e-07;1.47048e-06;3.78247e-05;0.000831476;1.83979e-05
6.59402e-05;0.0026308;7.27584e-09;1.02152e-05;0.00182073;1.18085e-06;1.09312e-07;0.994975;5.01964e-05;4.42158e-06;1.91775e-06;0.000261415;3.2699e-05;0.000144904
0.000679102;0.977809;1.89901e-08;1.24319e-05;8.67023e-05;9.27506e-07;1.31347e-05;0.00810072;0.006451;7.24382e-06;0.00101331;0.00337644;0.00244795;2.29937e-06
8.73233e-06;0.996567;7.79305e-08;5.08375e-07;1.54288e-05;1.10921e-05;1.9417e-07;0.00181643;2.56488e-07;3.5016e-07;4.97116e-09;5.51419e-05;0.000142149;0.00138277
2.11525e-05;0.00929049;1.13775e-07;4.81187e-06;2.02611e-06;5.83195e-07;1.52786e-06;0.0311804;7.70521e-06;4.51025e-07;1.43631e-05;0.000562843;0.958911;2.57326e-06
9.25038e-06;0.00072566;2.92075e-05;1.32549e-05;4.62538e-06;1.42102e-05;5.75102e-07;0.000317019;8.63172e-06;2.41496e-06;6.3089e-06;0.996044;0.00244676;0.000378337
3.04941e-05;0.0257429;2.14956e-06;0.000351394;0.000173148;0.000638418;8.56011e-06;0.00299264;8.51146e-05;2.84564e-06;0.000312539;0.0021432;0.967454;6.22829e-05
5.00212e-05;0.834954;5.11247e-07;0.00789452;0.00224052;0.00042529;3.39651e-05;0.0516933;0.000142737;0.000471151;0.00299038;0.0866977;0.00257553;0.0098309
9.70846e-08;0.997087;2.76886e-11;6.88511e-08;7.37653e-09;6.32999e-09;0.00216621;1.9977e-08;4.41699e-10;2.047e-05;1.06727e-06;2.36932e-10;2.41986e-08;0.000724778
2.95154e-11;4.97113e-12;1;7.22425e-12;3.16818e-11;4.15193e-12;1.40108e-10;1.50417e-10;1.24954e-13;1.17892e-12;3.86003e-11;2.14304e-08;1.88657e-12;7.19294e-13
2.80371e-05;0.668081;5.91697e-06;0.00126408;3.19645e-05;7.01163e-05;0.0263179;0.00299664;0.00621849;0.000151679;0.0406251;3.14183e-05;0.254085;9.28516e-05
1.73902e-06;0.0179388;1.63038e-10;1.03144e-06;4.67672e-05;1.40439e-08;1.67282e-06;0.981874;3.97448e-06;1.30258e-06;2.08478e-06;6.51273e-06;0.000120129;2.2491e-06
2.88058e-06;0.00490719;0.991338;0.000119211;0.00122304;7.83575e-05;2.30737e-05;0.000292883;2.41938e-07;0.0016382;4.81457e-06;2.17248e-05;7.10619e-05;0.000279319
2.4647e-08;5.82478e-10;1;1.21572e-09;2.29088e-09;5.96011e-10;1.94195e-08;9.55195e-09;1.87045e-08;5.36368e-10;5.73753e-08;1.93387e-07;1.50514e-10;7.09057e-11
1.44153e-06;0.000104408;0.998104;2.25473e-08;1.40581e-07;2.57876e-08;1.93895e-07;0.000216299;1.24008e-06;4.58041e-08;1.70599e-07;0.00156882;8.23097e-07;2.366e-06
1.34958e-05;0.00274688;2.74613e-05;3.00191e-06;0.018946;0.0698694;4.10205e-07;1.20275e-05;1.80697e-05;1.30632e-06;5.85787e-07;0.00397584;0.000958212;0.903427
0.00141878;0.0311342;1.69321e-06;3.14611e-06;0.00351614;2.60002e-05;4.72984e-07;0.923312;0.00165501;4.28916e-07;3.66807e-06;0.000219847;0.0386817;2.65961e-05
0.000814378;0.340071;7.8748e-05;1.11401e-05;3.1416e-05;0.000118708;2.02893e-07;0.218964;0.000828712;1.34535e-07;1.74368e-06;0.0238897;0.415158;3.24138e-05
3.90224e-06;0.000600819;5.63047e-08;5.51175e-08;0.00028339;5.89483e-06;5.30554e-10;0.996991;2.72097e-08;4.2597e-08;1.45416e-09;8.59934e-08;8.94161e-05;0.00202548
8.1112e-08;0.00718158;1.53594e-06;7.29254e-07;9.43121e-07;4.89965e-07;1.4049e-08;0.000128842;3.12225e-07;5.40756e-08;4.17178e-07;0.992406;0.000108505;0.000170815
7.74212e-06;0.962563;1.47613e-05;1.04052e-05;0.00716679;2.10024e-05;4.7189e-07;0.0233587;2.99197e-06;9.32491e-07;2.66489e-06;0.00276755;0.00402288;5.99069e-05
9.64033e-05;0.000265892;0.000698494;2.35705e-07;3.94653e-06;2.37429e-08;3.58262e-07;5.4839e-05;1.12673e-05;1.16136e-07;2.45995e-06;0.997806;0.00105967;4.20111e-08
0.00263723;0.00692578;1.02562e-06;2.58945e-05;0.000330676;6.17163e-05;2.5255e-05;0.506261;0.0553417;1.34265e-05;9.50844e-05;0.000171504;0.428095;1.43777e-05
