1.86485e-05;0.998143;0.00077725;9.01371e-05;2.83919e-06;4.84893e-07;3.67675e-06;0.000567678;4.20713e-07;1.66223e-06;6.26028e-07;0.0002514;0.000121826;2.03498e-05
2.51931e-05;0.843277;3.07693e-08;2.91783e-05;2.8144e-05;2.47784e-05;4.94375e-08;0.149179;2.23663e-05;5.3477e-07;4.11222e-05;0.000794464;0.00263755;0.0039409
0.000151334;0.0733452;2.37645e-06;9.88908e-06;2.05478e-05;7.73928e-05;0.00148539;1.40528e-05;5.01061e-06;0.00278514;1.22776e-05;0.000542235;1.66807e-05;0.921532
2.74778e-07;1.47206e-08;0.999969;7.71041e-09;2.17209e-06;1.39811e-07;5.08156e-08;5.79504e-07;1.32625e-07;1.35181e-08;8.152e-08;2.76752e-05;3.3048e-11;3.2347e-09
6.14043e-08;0.999887;6.40608e-09;2.01306e-09;2.65291e-10;4.07589e-09;9.96589e-05;2.26936e-07;1.60542e-08;2.94721e-07;5.68373e-09;3.9462e-09;7.98767e-06;5.19853e-06
1.81609e-13;1.02904e-11;1;3.24209e-12;1.3214e-10;3.51832e-12;6.37229e-12;2.69915e-12;6.42109e-15;1.52738e-12;4.26289e-14;1.10482e-07;5.29419e-17;7.64951e-11
1.38006e-06;0.986878;1.3562e-07;0.000111263;5.88311e-06;0.000141987;0.005716;0.000548164;3.12403e-05;3.87703e-06;0.000817338;2.03413e-06;0.00572582;1.65568e-05
5.93062e-07;0.991202;2.81545e-08;2.55869e-07;1.41029e-10;9.82922e-09;5.79146e-06;1.63727e-07;4.32611e-08;1.01765e-08;1.76169e-06;0.00396283;0.00482689;3.15866e-08
2.74608e-05;0.564172;1.839e-05;8.43712e-07;5.51805e-05;0.000305852;3.0207e-07;0.0104815;1.12657e-07;2.35569e-06;2.6745e-07;0.14604;0.226506;0.0523901
0.00024484;0.0715884;0.00759978;0.00313403;0.00292495;0.0490096;0.00558969;0.0201558;0.000751008;0.000100571;0.0179425;0.382196;0.412787;0.0259759
1.51772e-06;0.977691;1.36271e-09;4.31565e-06;1.05561e-06;8.30331e-06;0.00339482;0.000933996;4.01962e-06;0.00021609;9.87456e-06;1.40223e-08;0.00159351;0.0161417
1.54929e-09;1.27586e-10;1;1.46892e-09;1.2805e-09;1.13915e-09;2.87005e-09;1.21734e-09;3.68285e-10;3.71365e-10;5.4843e-09;2.5271e-07;1.96686e-11;1.28063e-11
9.84137e-05;0.638775;1.06381e-06;3.12406e-05;2.14773e-05;4.6063e-05;4.40713e-05;0.00428382;0.00152606;1.73404e-06;0.00190206;0.00782511;0.345416;2.82259e-05
9.36389e-05;0.32544;2.08281e-05;2.32501e-05;0.0241221;4.42977e-05;1.6968e-05;0.064162;2.89317e-05;8.83351e-05;1.35196e-05;0.0401294;0.00035993;0.545457
3.86787e-05;0.0111677;0.431148;0.000145252;0.00224737;0.000691237;7.44625e-07;2.7475e-05;7.92164e-07;1.11388e-05;1.68892e-05;0.420773;4.91247e-05;0.133683
5.34489e-07;0.921659;7.146e-11;1.15821e-07;2.26641e-09;5.11315e-08;0.0780431;3.2997e-05;9.71174e-06;9.44624e-06;2.0856e-05;2.62827e-10;1.32095e-05;0.000210545
2.70627e-08;4.52363e-07;0.999997;1.16377e-08;1.59312e-08;5.58768e-08;5.23854e-07;1.37245e-06;7.52361e-09;1.03888e-07;4.73359e-08;7.7498e-07;3.58318e-09;5.99248e-09
5.76005e-06;0.00904458;1.36223e-08;2.06095e-07;4.20924e-07;3.53911e-07;7.22454e-07;0.00480375;1.18383e-05;8.35816e-08;9.78248e-06;0.000143907;0.985979;5.36428e-08
0.000314681;0.871858;0.0769332;0.000287114;0.00028331;3.01177e-06;3.59092e-05;0.0397747;2.51011e-06;0.000268455;4.78418e-06;0.00208954;0.00335996;0.00478493
4.72282e-07;0.00438375;1.75629e-08;1.9839e-06;4.93548e-07;5.77313e-07;0.984537;1.59755e-06;4.63324e-06;0.0110205;2.05903e-05;2.38851e-08;2.10799e-05;7.57415e-06
3.5262e-10;6.91871e-11;0.999998;1.02778e-08;2.90009e-09;2.0234e-09;1.08132e-06;2.38626e-10;4.56512e-09;3.02217e-08;1.18235e-07;3.93761e-07;3.03046e-13;5.06152e-11
1.3025e-06;0.999023;8.10933e-08;5.10153e-06;3.41668e-07;1.03925e-06;2.35248e-05;0.000513983;6.53794e-07;9.58806e-07;2.21184e-06;1.5626e-07;0.000423101;4.20484e-06
8.34863e-09;1.28354e-08;0.999995;1.06144e-08;2.81767e-09;1.17612e-10;6.07196e-09;4.82192e-06;6.03379e-09;4.01628e-10;3.03848e-08;7.1006e-07;5.28774e-09;2.18725e-10
2.92305e-08;1.36051e-05;2.17185e-05;2.14525e-07;8.24158e-07;3.28977e-08;1.05256e-07;6.9143e-05;5.21952e-08;7.4133e-08;5.4092e-08;3.50994e-05;9.61077e-07;0.999858
2.36777e-07;1.18849e-05;1.43987e-10;1.53187e-08;0.000326135;6.43441e-06;2.4852e-07;0.999616;2.61657e-05;1.20237e-08;8.01339e-07;1.70259e-08;1.16888e-05;1.38668e-07
1.12964e-08;1.00859e-06;0.999947;2.91126e-08;1.48593e-05;3.44643e-07;1.04654e-11;1.67058e-08;8.55938e-12;8.3175e-10;1.54187e-10;3.56917e-05;5.65372e-08;9.14998e-07
3.11421e-08;0.999845;1.64661e-08;1.79124e-08;3.64938e-07;6.01004e-09;9.58597e-07;0.000126203;1.1674e-07;1.22383e-09;1.29027e-07;3.10823e-06;2.39656e-05;2.69508e-08
4.41028e-10;6.55593e-07;0.999999;1.07572e-08;8.29351e-09;4.55479e-09;1.5477e-08;1.3422e-09;1.42859e-10;6.3476e-10;1.11507e-09;3.20107e-07;1.00164e-07;5.70864e-08
7.80709e-09;0.999179;7.38631e-10;4.01128e-10;4.57251e-09;6.44479e-10;2.34504e-08;0.000786487;1.83313e-10;8.9657e-10;5.01785e-11;2.02506e-07;3.37328e-05;3.66251e-07
3.92936e-07;0.00340816;5.47447e-08;4.46078e-06;2.05746e-05;0.00034893;4.25835e-07;0.00127055;9.13133e-06;2.85005e-06;5.06291e-06;0.000114359;0.993051;0.00176365
8.20272e-07;0.00158663;0.997879;8.49755e-06;1.50831e-06;5.03279e-07;9.58791e-06;9.51836e-06;2.38139e-08;0.000180931;6.76733e-08;0.000304164;8.99953e-07;1.7451e-05
6.61512e-08;2.49672e-08;0.999998;1.54766e-08;2.51054e-07;4.93405e-09;2.44797e-07;4.01254e-08;1.11115e-07;5.26774e-10;7.5236e-07;1.86442e-07;2.53445e-10;1.05817e-10
9.81582e-06;0.952956;3.04375e-07;3.04766e-07;2.5538e-06;1.62321e-07;6.2844e-08;0.0349071;1.68321e-05;3.30852e-07;1.32608e-06;0.00479881;0.0073032;3.06717e-06
3.99043e-05;0.913345;0.000199872;1.1537e-06;5.9864e-05;0.00012944;6.86216e-06;0.00195798;8.1778e-06;1.61069e-06;3.21495e-05;0.0784734;0.00516224;0.000582034
5.55273e-06;0.011023;7.623e-08;5.77121e-06;1.7029e-05;2.46822e-06;1.93666e-07;0.00843841;9.97996e-06;3.51059e-07;1.94588e-05;0.000279926;0.980191;6.65532e-06
0.000234082;0.0601469;6.04832e-05;0.000136011;0.000860577;0.000135391;1.00562e-05;0.888629;0.00147322;6.82717e-06;0.000377266;0.0332237;0.0135978;0.00110919
5.32127e-05;0.955605;6.54314e-08;0.000263395;0.000822243;0.000126665;5.02654e-06;0.0275331;0.000189649;2.42403e-05;0.00106807;0.00676979;0.00561584;0.00192365
8.78816e-06;0.000184641;7.98317e-06;4.70165e-06;3.00501e-05;4.2665e-07;2.19492e-08;0.000389635;2.79828e-06;4.25756e-07;0.00022987;0.998696;0.000415054;2.94922e-05
8.83819e-06;0.999534;1.20486e-08;3.28614e-07;4.4057e-08;9.10495e-09;0.000239259;2.15305e-07;3.11284e-06;1.17357e-05;3.66246e-06;1.00142e-06;3.24402e-06;0.000194831
0.000216025;0.00425629;4.02879e-07;9.09402e-06;2.07778e-06;9.87223e-08;0.0488007;0.0426119;0.887442;4.30524e-06;0.0165847;6.51626e-07;7.10475e-05;2.39338e-07
0.000299182;0.241684;3.29731e-08;4.10923e-07;3.11953e-05;8.30399e-07;1.71869e-07;0.746618;4.80718e-05;1.83209e-06;2.33463e-06;0.00584213;0.00523846;0.000232728
2.22193e-05;0.522212;6.08901e-05;3.68638e-05;0.00012455;1.45577e-05;0.0304611;0.000120749;4.14942e-05;0.0210622;1.92061e-05;0.00281392;6.76594e-06;0.423003
5.52215e-09;2.71023e-08;0.999998;4.74803e-09;5.02688e-10;1.89121e-10;2.20304e-06;2.03402e-08;7.81436e-08;4.62432e-08;5.56275e-08;4.56801e-09;2.74094e-10;2.932e-12
0.000425895;0.981551;0.0033582;3.01122e-05;3.87695e-05;2.78155e-06;0.000140292;0.000170448;0.000168164;1.82548e-05;1.8512e-05;0.0136828;0.000247795;0.000147082
1.66602e-05;0.799747;2.43101e-09;1.07371e-06;2.53563e-05;1.25229e-05;2.61804e-06;0.00769022;0.000135756;1.85006e-07;1.56585e-05;0.00125918;0.191087;7.10702e-06
0.000105891;0.0527068;4.80572e-06;5.78195e-06;0.0120512;5.37893e-06;3.98159e-06;0.000824553;7.42009e-06;6.78167e-05;7.87046e-07;0.00501028;8.60125e-06;0.929197
0.000177594;0.0530796;0.0141763;5.34559e-05;0.0152432;0.000407757;4.50335e-07;7.99759e-05;7.3188e-06;1.72499e-06;1.10122e-05;0.899625;2.78886e-05;0.0171089
1.06372e-06;0.97692;6.79833e-11;1.74792e-08;1.17506e-08;1.48245e-08;0.0222103;0.000143412;3.20608e-06;4.36061e-06;1.25582e-06;1.1184e-09;8.05702e-06;0.000707944
1.48246e-10;1.03441e-09;1;9.54961e-11;7.50246e-10;2.8857e-09;3.61382e-10;4.23742e-09;6.60623e-11;3.52459e-11;1.65562e-10;1.66972e-07;6.01933e-12;7.44255e-12
7.84348e-07;0.000223866;4.09951e-09;2.13193e-08;7.79474e-08;3.58827e-07;2.4227e-09;0.00841532;3.88604e-06;1.99451e-09;3.71841e-06;1.7866e-05;0.991334;4.2923e-08
9.28329e-06;0.00232115;1.75248e-05;7.07429e-06;3.36962e-06;6.76476e-06;6.232e-08;0.000844122;5.81752e-06;6.23712e-07;2.18599e-05;0.990116;0.00648843;0.000157791
1.67665e-05;0.00316662;6.60967e-07;1.10461e-06;5.48437e-05;1.47521e-05;6.5546e-07;0.995011;2.24833e-06;1.87817e-06;8.25806e-06;6.43237e-06;0.00153468;0.000179965
1.05318e-06;0.00109497;5.82492e-05;1.8463e-05;9.41365e-06;1.1009e-05;3.98961e-07;0.000565374;1.42289e-05;1.30719e-06;0.00104028;0.996543;1.48531e-05;0.000626885
2.2959e-06;0.999255;1.25138e-06;6.59549e-08;1.73851e-08;9.37625e-11;3.36681e-06;0.000732067;5.55583e-08;3.67752e-07;4.09167e-06;2.83437e-07;8.04377e-07;5.99241e-07
7.11396e-06;0.998958;3.14253e-09;3.56682e-08;6.40831e-07;1.17007e-07;0.000930557;1.6679e-05;2.80732e-06;2.53203e-05;3.94299e-08;8.05658e-08;4.14204e-05;1.76262e-05
1.36896e-09;3.02213e-10;1;1.11226e-10;7.68519e-10;3.79019e-12;9.74226e-10;8.78754e-10;2.27349e-09;7.46078e-11;2.01952e-10;1.36624e-08;2.13625e-13;2.41827e-13
5.77247e-05;0.000696411;1.90723e-08;8.4953e-06;1.3516e-05;1.74074e-07;4.23554e-05;0.0132442;0.983443;1.9218e-06;0.00243276;1.52928e-06;5.77774e-05;5.12264e-07
0.000511581;0.905563;1.05236e-05;1.1432e-05;1.56689e-06;5.1169e-08;1.2479e-05;0.0111569;0.000453673;1.49314e-06;3.83565e-05;0.0637594;0.018478;1.69342e-06
3.14237e-05;0.0112301;8.25289e-09;7.97995e-06;0.00796654;9.35825e-07;5.59826e-08;0.980268;4.02536e-05;5.42956e-06;1.15746e-07;0.000149635;4.00004e-05;0.000259745
0.00140815;0.00442628;0.94853;0.00029966;0.000558007;1.2107e-05;7.3234e-07;0.000918185;0.000350504;3.4293e-05;3.97701e-05;0.0406293;1.69462e-05;0.00277662
0.00123838;0.00119635;7.03498e-06;2.09514e-05;1.89951e-05;2.2843e-05;0.000451653;0.027562;0.959807;1.5297e-05;0.00815688;0.000182082;0.00131412;6.42858e-06
