2.95526e-06;0.999888;1.46661e-06;5.29932e-06;1.01684e-06;3.86696e-08;1.49073e-07;3.2702e-05;4.73988e-08;1.74306e-07;6.25142e-08;4.47605e-05;2.35066e-05;1.24886e-07
6.81048e-05;0.96416;2.66737e-07;1.59686e-05;3.47401e-05;1.04685e-05;2.82778e-06;0.000409072;2.41018e-05;6.58911e-07;2.38165e-05;0.0338557;0.00130754;8.71641e-05
3.0389e-05;0.998069;7.76696e-07;1.03677e-06;8.30464e-07;4.6923e-07;1.86796e-05;0.000229316;9.63424e-07;1.39399e-06;8.08484e-06;0.000799678;0.000754104;8.54072e-05
7.71236e-06;0.0719583;0.000100483;2.81774e-06;2.37863e-07;2.80099e-06;7.34031e-07;5.7918e-06;4.68411e-07;3.37259e-07;3.58485e-07;0.924312;0.000232684;0.00337511
7.56574e-07;0.986296;4.83188e-09;1.79888e-07;1.81724e-08;3.04519e-06;0.000211877;0.00174261;1.61697e-06;9.72111e-06;2.37817e-07;1.00879e-08;0.00204524;0.00968914
6.7757e-12;2.36898e-11;1;4.85386e-12;3.60026e-11;1.39681e-10;1.17987e-10;6.00188e-10;1.78358e-12;5.13962e-10;3.62535e-12;6.05652e-10;2.21287e-13;1.38966e-12
7.37802e-09;1.386e-08;0.999999;3.20176e-09;5.27168e-10;2.87242e-09;3.10026e-09;3.97692e-07;3.49009e-08;2.90056e-10;1.28472e-08;9.24342e-09;3.91777e-08;4.3865e-12
5.68608e-09;1.54435e-06;0.998848;1.2967e-08;1.85346e-09;2.89431e-10;2.53206e-09;1.95855e-06;1.9713e-09;2.38122e-09;5.97935e-09;0.00114777;4.2608e-10;1.26826e-06
5.81641e-08;0.000235044;2.29495e-06;1.12458e-06;0.00144511;8.82524e-05;4.6335e-09;0.000627266;3.19774e-09;5.63174e-07;2.96904e-08;4.37227e-06;5.73186e-08;0.997596
3.03067e-08;0.00530204;0.00191843;6.55019e-07;4.06725e-05;7.2203e-06;4.82087e-10;7.17635e-07;8.00247e-12;1.13822e-08;6.3126e-08;0.99223;0.000494633;5.75993e-06
1.10298e-05;0.75714;1.56044e-09;0.000289897;0.0023275;0.00317781;3.98859e-06;0.130831;0.000151509;3.8894e-06;0.00141654;0.00353089;0.100822;0.000294128
3.17934e-06;0.996922;5.23873e-05;2.64817e-06;5.17601e-07;1.77006e-06;1.72435e-05;0.00291288;6.25748e-09;1.13014e-05;5.02444e-09;2.41058e-07;5.79192e-05;1.80354e-05
1.47103e-09;6.24465e-08;1;1.1043e-09;1.39619e-10;1.95209e-10;8.74182e-10;8.31509e-09;6.16345e-11;1.84475e-10;1.5367e-10;1.79085e-07;3.72252e-10;2.78899e-11
5.22694e-08;1.74076e-05;0.990167;1.64555e-08;2.81678e-08;1.27202e-07;2.07599e-08;1.00669e-06;1.08536e-09;1.49587e-08;2.90811e-09;0.00974104;1.66891e-08;7.31483e-05
1.02152e-08;0.00022709;7.16599e-07;3.12879e-07;0.00128949;0.014944;6.32317e-10;2.58732e-06;1.27949e-08;4.80335e-09;4.39346e-08;1.24011e-05;7.67526e-05;0.983447
3.73717e-06;0.821474;3.14459e-07;2.17348e-07;4.63008e-07;1.73286e-06;5.14781e-06;0.000796365;9.58575e-09;6.2537e-07;5.12233e-08;0.000195101;0.176552;0.000970472
1.02745e-11;4.23918e-12;1;1.12486e-11;3.48363e-10;2.04814e-10;2.67009e-13;3.497e-10;1.86962e-13;1.3334e-13;2.69471e-13;2.5421e-08;5.53591e-11;4.87318e-12
4.19041e-06;0.690256;8.64159e-08;2.12494e-05;4.05152e-05;2.84112e-06;1.38021e-05;0.300235;6.27585e-05;2.41112e-06;1.42236e-05;0.000294176;0.00824284;0.000809875
6.78007e-08;0.000781898;0.998158;8.50384e-06;0.000492697;2.154e-06;4.60515e-07;0.000289486;4.9977e-09;4.9073e-07;3.719e-08;2.0803e-06;1.48636e-06;0.00026305
8.27623e-07;0.990328;4.77972e-05;2.35812e-05;0.00045893;4.83016e-07;1.27903e-06;0.00125392;1.34177e-08;6.26928e-07;5.72143e-07;0.00625746;0.000395468;0.0012308
4.64608e-05;0.346683;1.56912e-07;2.62224e-06;0.0005095;1.05224e-06;0.000104296;0.613496;3.7155e-05;4.04342e-06;2.0151e-05;0.0224289;0.0165044;0.000162565
3.23793e-05;0.158684;0.74498;0.000102323;0.000898638;4.1833e-05;3.83982e-07;0.0019386;1.44993e-06;3.79093e-07;2.50502e-06;0.0918903;0.000963886;0.000463214
9.80402e-05;0.0915182;3.47154e-06;0.00136367;0.00305598;0.00261098;0.00115813;0.178228;0.0803803;1.93932e-05;0.291451;0.00773524;0.0160464;0.326331
2.55751e-05;0.966905;6.77817e-07;1.35731e-05;4.23572e-06;7.08181e-07;1.35115e-06;0.00282122;1.3394e-05;4.17027e-07;2.64412e-05;0.0225365;0.00760136;4.94807e-05
4.88423e-05;0.518656;1.00854e-06;7.0981e-06;3.9576e-05;1.88018e-05;3.68176e-07;0.0151298;5.44097e-05;3.28718e-06;1.64008e-05;0.00929432;0.456724;6.4608e-06
6.23536e-05;0.0763841;1.1433e-05;1.80495e-05;1.66335e-05;0.00189672;2.33299e-05;0.00427501;0.000138269;1.80092e-05;0.000485045;0.0142799;0.90238;1.16108e-05
0.00363106;0.0396068;0.682221;0.0216077;0.0153963;0.00319375;7.29883e-05;0.0147624;6.20528e-05;0.00130621;0.000445529;0.130205;0.00100239;0.0864859
2.06944e-05;0.606388;3.21671e-09;3.98578e-05;1.5695e-06;8.89782e-06;0.387624;0.000175911;0.00174684;0.000720187;0.00168646;2.63665e-09;0.000116471;0.00147126
1.92169e-07;3.05041e-07;0.999997;1.9299e-08;8.17525e-09;7.98074e-10;1.03714e-06;6.59838e-07;1.12735e-07;6.38203e-08;8.09865e-07;8.48393e-08;2.13005e-10;1.66909e-11
1.25167e-06;4.67138e-05;0.999024;7.58501e-08;1.25815e-05;3.37508e-09;1.55792e-07;0.000230106;9.38941e-07;7.03279e-08;9.89956e-07;0.000681343;9.48815e-08;1.89855e-06
1.88263e-08;0.999841;1.91865e-07;3.07567e-07;1.06636e-06;9.17818e-08;3.93893e-08;8.7065e-06;3.55714e-09;5.33683e-07;7.33655e-09;9.9315e-07;4.09644e-05;0.000105784
4.14835e-05;0.193465;5.40707e-07;6.01156e-07;9.51257e-07;1.49901e-06;0.0187143;0.754126;0.00717859;2.25621e-06;0.00102037;9.00923e-09;0.0254471;8.95098e-07
1.60963e-08;5.64611e-08;0.999999;2.59996e-08;2.24889e-09;1.28251e-08;2.6432e-08;7.78818e-07;5.22619e-08;3.85743e-09;4.59536e-08;9.27384e-08;5.75743e-08;2.60782e-11
4.46277e-07;9.10203e-05;0.9904;1.07794e-06;1.38574e-06;6.96685e-08;4.48804e-08;0.000281119;1.25848e-06;1.70398e-07;8.63788e-08;0.00915768;6.25932e-08;6.51072e-05
2.28042e-06;0.00108163;9.96521e-06;8.88384e-07;0.0143576;1.90102e-05;4.40682e-07;0.00535947;1.78163e-06;6.45861e-06;2.81761e-06;7.77955e-05;8.90886e-08;0.97908
3.99681e-06;6.83953e-05;0.000193656;3.10767e-06;0.00153435;4.75142e-05;1.08889e-08;0.000313291;1.00884e-07;8.73183e-08;1.10654e-06;0.997735;9.54895e-05;3.96488e-06
0.0010308;0.0333547;7.37293e-09;5.8833e-05;0.0041547;5.18997e-05;1.57554e-05;0.948444;0.0124972;2.08815e-06;0.000193864;5.3652e-05;0.000141279;1.55741e-06
1.33687e-05;0.999802;1.56045e-07;1.07324e-06;4.89848e-07;1.15058e-07;2.89796e-08;9.95113e-05;1.02977e-07;3.3215e-08;2.48603e-08;2.86053e-05;5.36535e-05;8.22473e-07
6.59397e-05;0.989793;2.06659e-08;1.20466e-05;3.05308e-05;9.71118e-06;2.75107e-07;0.000740623;4.14445e-05;2.24625e-07;2.35018e-06;0.00286268;0.00639353;4.80111e-05
0.000141629;0.987897;2.83259e-06;1.09909e-05;2.08326e-05;1.85931e-06;1.22735e-05;0.00180872;7.14161e-06;4.03274e-06;2.87372e-06;0.00774215;0.00136505;0.000983148
3.67057e-05;0.336831;8.14581e-06;2.45405e-05;1.13077e-06;2.81889e-06;5.64295e-06;5.20537e-05;6.74043e-05;1.39025e-06;9.19661e-06;0.661165;0.00150149;0.000292871
1.13771e-06;0.99707;8.36401e-10;4.63882e-07;1.68883e-08;4.12619e-07;0.000463651;0.00107248;3.83971e-05;1.31404e-05;2.94566e-06;1.94078e-08;2.62139e-05;0.00131087
1.64792e-10;4.92474e-10;1;7.77422e-11;1.99878e-11;5.08743e-11;2.64885e-10;2.66606e-10;1.77734e-11;1.88071e-10;1.50896e-10;1.2058e-07;1.35437e-13;2.13032e-12
5.09263e-06;0.0012012;0.970886;4.04861e-07;1.63534e-05;9.13031e-08;1.12543e-06;0.0278555;1.67381e-06;3.21472e-07;1.87955e-06;1.65099e-05;1.39467e-05;3.30873e-07
9.37295e-08;0.999154;4.11271e-06;1.33724e-06;8.80827e-07;1.6582e-07;3.48777e-07;1.36059e-05;5.778e-09;7.05165e-06;1.92833e-08;0.000302496;3.82028e-05;0.000477503
9.99145e-05;0.564582;2.04587e-06;2.52175e-06;6.16834e-07;7.44741e-06;0.153411;0.220975;0.0166749;8.21562e-06;0.00409282;4.48641e-09;0.0401438;7.9842e-08
7.8666e-08;1.15752e-06;0.999996;2.6995e-08;1.53293e-08;2.83353e-08;9.37232e-08;2.16965e-06;2.34161e-08;1.474e-08;1.74165e-08;1.17345e-07;5.85705e-08;2.29265e-10
3.69299e-06;0.00644411;0.961389;2.38405e-07;7.67065e-07;2.72037e-06;3.76981e-07;0.000174195;1.75688e-07;7.57077e-07;9.45537e-09;0.0316717;9.62852e-07;0.000311033
3.57198e-07;0.000383222;1.25716e-06;8.07555e-07;0.0252718;0.0151015;1.04321e-08;0.000190318;5.87063e-07;5.38878e-08;8.60259e-07;8.37846e-05;0.000168513;0.958797
4.83746e-05;0.973108;4.12326e-09;8.06856e-08;1.66991e-07;1.28726e-07;4.84533e-06;0.00377035;2.60767e-07;2.60177e-07;5.89691e-08;8.8893e-06;0.0230376;2.15534e-05
6.24039e-11;3.5058e-11;1;1.19619e-11;4.94956e-10;8.33377e-11;1.01796e-12;4.18369e-09;1.30319e-12;1.00793e-12;2.3204e-13;1.85651e-07;9.22998e-12;1.71823e-12
2.01236e-05;0.134716;2.18032e-05;0.000335484;5.77039e-05;0.000183049;1.33022e-05;0.842686;0.00304081;2.39236e-06;0.000393842;0.00164362;0.0154881;0.00139761
4.63525e-05;0.140203;3.47208e-07;0.00037347;0.000286956;0.00776093;1.79614e-06;0.151969;0.000242431;7.11012e-05;0.00044827;0.0129092;0.682284;0.00340257
7.06774e-06;0.0328118;6.79091e-05;3.98901e-05;0.000510606;3.25386e-05;4.33096e-06;0.0036109;8.43793e-07;1.91222e-06;0.000234589;0.961115;0.000713305;0.000848873
1.09721e-05;0.151453;2.57565e-06;2.21476e-05;0.0713922;8.86223e-05;8.82594e-08;0.764584;1.49567e-07;3.80404e-06;2.6382e-06;0.000774689;0.000667786;0.0109968
8.26114e-06;0.842638;4.95392e-08;5.19426e-05;5.37114e-06;1.93157e-07;0.00186776;4.93327e-06;1.57335e-05;0.000325142;0.000108204;5.23296e-06;1.36036e-05;0.154956
0.000180134;0.000669317;1.22745e-06;2.32512e-05;9.38827e-08;5.71514e-08;0.421921;4.06131e-05;0.132431;5.74385e-07;0.444701;5.30788e-08;3.11746e-05;2.07424e-08
5.44423e-05;0.0303136;3.33363e-08;1.67653e-05;6.68661e-05;8.68798e-07;6.05909e-07;0.968765;0.000539895;1.77999e-06;3.20429e-05;0.000190206;1.63147e-05;1.63185e-06
0.000554723;0.959295;7.82142e-06;2.70488e-05;4.82116e-05;7.43132e-06;5.03953e-05;0.000639494;5.56561e-05;1.16425e-05;1.32054e-05;0.00262884;0.0284126;0.00824848
7.41229e-06;0.000695465;4.39712e-07;5.13925e-08;1.32929e-05;1.00186e-07;1.16954e-08;3.92103e-05;4.24545e-07;4.99476e-09;4.94036e-08;0.999085;1.37123e-05;0.000144425
9.43947e-05;0.957262;7.6654e-08;8.12233e-07;0.000777163;3.98365e-05;2.60161e-06;0.00564575;1.25965e-05;1.12022e-06;1.29117e-07;0.00123802;0.010165;0.0247604
2.06918e-06;0.00391501;1.80659e-05;2.01831e-07;7.38003e-07;0.000438232;7.62841e-08;9.385e-05;2.58394e-06;2.40598e-07;1.37547e-07;0.00385289;0.991674;2.29271e-06
1.26652e-05;0.000129424;0.986336;0.000116024;8.32112e-05;0.00052626;0.00024666;2.34706e-06;1.30732e-06;0.00068333;2.49146e-06;0.0112037;2.94287e-05;0.000627289
2.29027e-07;9.14881e-08;0.999977;2.09397e-07;5.29064e-08;5.71258e-08;1.88819e-05;3.21139e-08;6.89727e-07;8.45738e-08;2.0221e-06;1.99671e-07;1.20071e-09;5.49328e-09
0.0038272;0.738123;1.43401e-05;0.000151643;0.00017492;5.44823e-05;0.00114885;0.114768;0.0199936;6.12733e-05;0.011583;0.0400917;0.069533;0.000474608
0.00160955;0.0130279;0.000117221;9.21518e-05;5.38578e-05;1.03108e-05;0.000178377;0.000321751;0.00359098;2.45914e-05;0.0251567;0.935097;0.0195328;0.00118653
0.000212411;0.172229;1.45007e-07;0.000127603;4.41466e-05;6.9111e-05;0.749553;7.34738e-05;0.00142967;0.0430863;0.00210769;4.69892e-06;7.06175e-05;0.0309926
1.31275e-10;5.0644e-12;1;1.32324e-10;1.43773e-11;1.10809e-11;1.24644e-09;1.30593e-11;1.69406e-10;1.20577e-10;7.86653e-10;1.18103e-08;9.07698e-15;2.20129e-12
1.42687e-05;0.000559933;6.12921e-09;1.59113e-08;4.93938e-07;2.08494e-08;1.39424e-08;0.999101;3.43062e-06;4.56027e-09;2.87171e-06;9.59097e-07;0.000317111;4.97527e-08
1.54008e-07;0.000876666;1.62776e-05;4.62195e-07;2.34848e-05;1.80623e-06;2.09912e-09;9.14473e-05;2.05054e-06;1.38111e-08;2.47101e-06;0.998537;2.34062e-05;0.000425158
9.10193e-07;0.993613;1.45949e-07;2.5731e-05;0.00139769;3.6291e-05;1.35314e-07;0.00121654;9.47756e-06;4.32032e-06;7.15493e-06;6.98408e-05;0.000578046;0.00304042
0.000133444;0.00227735;3.53055e-06;1.07913e-05;0.686111;0.0170493;1.58929e-07;0.0143585;2.48788e-05;2.12744e-05;1.14972e-06;0.0101522;0.000828312;0.269028
0.00058163;0.0504107;2.77262e-08;3.50149e-06;7.0941e-05;2.54246e-06;6.61881e-07;0.00920986;0.000449118;2.53033e-07;2.19976e-05;7.3175e-05;0.939155;2.0849e-05
3.88498e-05;0.00433995;3.09307e-07;8.1555e-06;7.87331e-06;2.85778e-07;2.78026e-07;0.000270806;0.000159183;1.50979e-06;2.66706e-05;0.993905;0.00123179;9.43684e-06
0.000243519;0.990014;0.000917789;0.000534344;0.000209479;2.25766e-06;2.30664e-05;0.00222749;5.57737e-05;8.37601e-06;1.68715e-05;0.0052242;0.000148417;0.000374638
6.31762e-05;0.267069;7.26429e-07;0.000376667;0.00010522;1.18293e-06;4.32062e-06;0.710599;0.00200155;4.65951e-06;0.000237223;0.0155394;0.00132725;0.00266985
0.000237382;0.977409;3.08268e-08;0.000154929;4.56074e-05;6.48062e-05;4.12986e-05;0.0091687;0.00024739;1.1971e-05;0.000145789;0.00316024;0.00829201;0.00102107
1.40821e-05;0.00636291;4.79633e-05;2.18716e-06;2.36966e-06;1.54041e-07;1.49468e-07;0.010215;5.91692e-06;1.37701e-08;4.9834e-06;0.98327;7.26329e-05;1.59594e-06
1.34765e-05;0.830164;9.36171e-08;8.74299e-05;0.0723037;0.00216764;3.58228e-08;0.0553402;1.60093e-05;1.0471e-06;2.0878e-06;0.000356205;0.0246651;0.0148831
2.84439e-05;0.00620626;1.16856e-06;6.78788e-06;4.41848e-06;0.000204138;4.77765e-07;2.46112e-05;4.31905e-05;1.13993e-06;6.86351e-06;0.0212283;0.971897;0.000347209
2.45629e-05;0.0392579;0.960203;3.30687e-05;1.07074e-05;7.81961e-06;0.000175166;4.84698e-06;4.20589e-07;0.000149052;9.64729e-07;7.35783e-05;1.65507e-05;4.28578e-05
9.70917e-08;1.23057e-07;0.999988;7.38456e-08;3.15919e-08;3.8911e-08;5.3706e-07;3.01676e-09;3.57049e-07;2.40895e-08;1.89872e-06;8.62018e-06;2.9708e-09;2.77408e-09
1.39268e-05;0.964647;1.61312e-06;7.0347e-07;1.462e-07;1.21726e-07;2.0269e-06;0.0175458;5.06882e-05;1.46683e-07;0.000144632;0.000866794;0.0167265;8.92707e-09
5.55834e-05;0.635648;4.39005e-05;2.89585e-05;0.00098413;1.69622e-05;2.25862e-05;0.0350278;3.2347e-05;3.35316e-05;3.1681e-05;0.311142;0.00956664;0.00736626
0.000171202;0.791648;4.38246e-06;0.000278544;0.0011476;0.00102285;0.0411949;0.128428;0.00185032;0.00492261;0.000804779;9.13685e-06;0.0137572;0.0147607
9.66738e-09;1.01574e-09;1;3.61343e-09;1.99917e-09;1.1895e-10;7.60717e-09;2.72274e-09;8.83766e-09;6.78687e-10;9.04662e-09;1.51549e-07;2.53183e-11;1.96402e-11
0.000103174;0.0270133;0.96921;2.32606e-05;1.81843e-05;1.97737e-06;3.986e-05;0.00304673;0.000229369;6.55379e-06;2.88688e-06;0.000212537;6.74337e-05;2.51926e-05
3.7198e-05;0.000761228;0.00012685;5.6764e-06;0.173327;0.00740329;1.26935e-06;0.00377809;5.96991e-05;1.78907e-06;1.78443e-05;0.0131196;0.000472564;0.800887
9.99378e-05;0.105691;6.73028e-07;4.19986e-06;0.462247;0.000507099;1.10771e-06;0.426537;0.000182986;5.91126e-06;1.66567e-06;0.00128395;0.00250928;0.000928013
0.000117671;0.00134719;0.962425;6.73283e-06;0.0228376;9.51359e-05;8.77347e-10;0.00152586;1.34751e-07;1.23966e-07;3.53745e-08;0.0114519;0.000115571;7.73966e-05
8.00569e-06;0.255485;2.96139e-07;8.29558e-06;0.000802216;0.000125272;3.40405e-07;0.739115;0.00021792;4.3082e-07;9.97125e-06;0.000892276;0.0012278;0.00210686
6.24457e-07;0.999136;7.90134e-06;4.69606e-06;1.2537e-06;9.46039e-06;3.85672e-07;0.000707726;1.1726e-08;2.39106e-06;1.65071e-09;1.23635e-07;0.000126137;3.21562e-06
2.57806e-09;2.57224e-08;0.999999;5.84124e-09;1.74651e-10;4.39512e-10;4.04873e-09;6.22468e-08;1.38229e-09;8.55705e-10;1.83281e-09;5.13129e-07;9.38956e-10;9.13555e-12
1.3193e-07;5.09932e-06;0.000873844;1.07998e-06;6.36315e-07;8.54311e-07;5.0996e-08;1.57699e-05;2.79482e-06;1.14583e-07;4.64941e-06;0.99887;9.73077e-08;0.000224529
1.78323e-05;0.112459;4.01779e-05;8.93631e-07;9.22309e-05;0.000584887;2.26259e-06;0.885512;7.79704e-06;2.83408e-07;4.12711e-05;2.26907e-05;0.00119855;2.0442e-05
1.03353e-06;0.948578;1.22964e-07;1.48032e-06;2.93128e-05;0.000221274;0.000289077;0.000211938;1.67431e-07;0.000523227;9.72589e-08;2.53184e-05;7.15054e-05;0.0500477
8.40353e-12;1.31826e-10;1;6.09229e-12;1.23187e-09;8.36586e-10;6.80321e-12;7.66095e-10;8.39738e-14;6.206e-12;6.2521e-13;1.20754e-10;4.86334e-13;6.9194e-12
1.30872e-05;0.152872;2.22429e-07;2.69197e-05;0.000579366;0.00212997;5.13027e-06;0.0898208;7.29959e-05;3.77812e-06;0.000145424;7.30471e-05;0.754211;4.63174e-05
3.00241e-05;0.98966;0.00537933;0.000367165;0.000214093;0.000310787;2.48702e-06;0.0020609;9.66368e-08;5.67145e-06;2.2998e-07;0.00131121;0.00055327;0.000104463
1.49569e-05;0.0261071;1.56945e-09;3.56019e-06;8.82365e-06;1.76314e-05;1.06527e-06;0.00133567;1.8737e-06;4.34654e-07;9.30293e-06;5.62329e-05;0.972419;2.45303e-05
0.000186324;0.000466189;0.000384729;0.0150638;0.272474;0.0204309;1.06725e-05;0.00580229;8.04819e-06;0.000277338;3.79192e-05;0.000787354;0.000258882;0.683812
0.0005195;0.995508;2.46146e-08;1.03784e-05;3.37659e-06;1.45131e-07;6.63203e-05;0.00329536;0.000285042;1.13073e-05;0.000137086;4.11727e-06;9.15549e-05;6.7751e-05
8.86604e-05;0.00258932;0.000110981;4.92398e-05;0.000598143;2.45976e-06;7.66653e-07;0.000162418;4.95691e-06;1.20264e-05;1.18706e-06;0.995651;3.6821e-06;0.000724922
3.99139e-05;7.50744e-05;2.0255e-08;3.1665e-06;2.56705e-08;1.27676e-07;0.00173133;1.77785e-05;0.989987;4.15824e-07;0.00812325;3.81079e-08;2.14876e-05;5.23888e-09
2.81091e-05;0.997352;4.33298e-08;2.27404e-06;4.41088e-07;1.34408e-07;6.43837e-06;0.00173229;0.000112331;6.68508e-07;7.01177e-06;0.000240582;0.000515439;2.07836e-06
0.000136232;0.648151;1.06605e-05;2.69705e-05;0.00627596;0.000849402;4.58084e-05;0.0129382;0.000135926;9.37547e-05;2.77419e-05;0.000935605;0.0253059;0.305067
7.58922e-05;0.101167;0.000111684;0.00014509;0.000140294;0.0021162;8.90018e-05;2.88746e-05;2.02098e-05;2.40764e-05;0.000173454;0.849952;0.0034302;0.0425259
4.62103e-06;0.981442;6.52014e-10;4.11938e-07;7.88817e-07;4.40094e-07;0.00687488;0.00833227;2.39098e-06;4.9201e-05;2.55771e-06;3.30829e-08;0.000108789;0.00318186
6.32323e-11;2.17051e-11;1;2.40195e-11;1.41642e-10;3.75056e-11;2.23414e-10;5.45247e-11;1.01172e-11;5.92319e-12;8.03925e-11;2.62806e-08;3.80325e-13;8.14722e-13
2.96236e-05;0.0443803;5.51851e-07;1.87622e-06;1.16053e-05;5.90838e-07;1.32258e-07;0.0564086;0.000148408;6.29754e-08;6.24334e-05;0.00327496;0.895658;2.25053e-05
9.97574e-05;0.974755;1.68914e-08;8.9034e-05;7.94694e-06;2.47769e-05;0.000295982;0.00685116;0.00268034;3.47328e-05;0.000286753;0.00398141;0.0101135;0.000779206
4.52779e-05;0.373784;2.15215e-05;8.48163e-05;1.71867e-06;1.36176e-06;1.04499e-05;0.000138479;3.98328e-06;5.61195e-06;7.9649e-06;0.62456;2.11762e-06;0.00133195
4.18027e-06;0.000151273;2.86351e-07;1.14652e-07;0.00612798;1.24614e-06;2.55449e-07;0.993116;1.64742e-07;4.61568e-07;2.72052e-08;3.21124e-07;9.52552e-07;0.00059639
6.23473e-06;0.000336623;0.998853;1.31529e-05;2.04591e-05;2.87056e-05;2.13173e-07;2.93845e-06;3.83202e-07;1.12483e-06;1.72193e-06;0.000634676;9.54551e-06;9.10505e-05
4.85051e-06;0.00150705;1.47413e-08;5.31769e-07;1.25228e-08;5.257e-07;0.995664;1.16263e-07;1.38346e-05;0.00204145;0.000100987;3.48297e-10;3.96522e-06;0.000662929
9.95565e-12;3.23355e-14;1;1.1841e-12;8.56806e-13;1.75279e-13;1.00186e-10;5.18237e-12;3.20907e-11;5.70826e-12;3.15421e-11;1.9577e-11;2.45103e-17;9.31188e-16
