2.08237e-05;0.0403841;3.09784e-08;2.32767e-06;3.32617e-06;1.27507e-07;4.17318e-08;0.000728927;5.84753e-05;6.21855e-08;7.58408e-06;0.00418316;0.954561;4.99492e-05
6.15558e-06;0.188579;3.54646e-08;5.60707e-06;0.00632079;1.34974e-05;2.63718e-07;0.00351531;2.21301e-07;1.50658e-06;4.56334e-07;0.056972;0.00570936;0.738875
8.34415e-06;0.00449441;4.22878e-08;1.13534e-05;0.288571;1.82686e-06;1.64855e-07;0.542483;3.35633e-07;1.85238e-07;1.45111e-06;0.0531082;0.00247232;0.108847
3.22358e-05;0.000378807;1.27683e-06;1.33452e-05;0.20497;0.000123301;5.49861e-06;0.793833;9.64184e-05;8.4475e-06;6.31037e-06;1.70553e-05;0.000419793;9.51016e-05
0.000105655;0.000300478;0.998996;1.29474e-05;0.000173032;2.77878e-05;5.57e-08;1.64843e-05;7.97774e-06;1.102e-07;4.39437e-06;0.000210784;1.1988e-05;0.000132338
0.000156959;0.695679;4.77297e-06;0.000528593;0.000128235;0.000975057;0.00194517;0.00469115;0.0682366;8.05069e-06;0.182607;0.00303164;0.00514629;0.0368621
1.57825e-05;0.99681;2.26228e-06;9.15266e-07;4.72352e-08;4.41711e-09;4.16331e-07;0.00225893;3.39535e-06;5.32319e-08;8.35022e-06;0.000259637;0.000639771;2.54548e-08
2.76335e-07;0.993589;3.02662e-09;1.30126e-06;0.000793691;6.4797e-07;1.56714e-08;0.00544067;2.96626e-08;1.8697e-06;3.18228e-09;1.04456e-05;8.17811e-06;0.000154221
6.58217e-06;0.000353258;0.00643119;4.77739e-05;0.000128506;0.000703315;6.95786e-08;8.3749e-06;6.74609e-07;7.97674e-06;3.83095e-06;0.991392;0.00015447;0.000761917
0.00010648;0.905711;2.93613e-09;5.22238e-07;2.6165e-07;6.92278e-08;0.00766068;0.0861209;6.97584e-05;1.36074e-05;0.000301913;4.2733e-08;1.41229e-05;7.93622e-07
3.90679e-08;7.50646e-08;0.999988;1.03106e-07;1.55575e-08;3.74564e-09;1.38159e-06;2.05508e-07;7.85551e-08;6.385e-09;1.51027e-07;9.77918e-06;8.81066e-11;4.45495e-10
8.85435e-05;0.0281511;1.04541e-06;1.21546e-05;4.41625e-06;9.70024e-07;3.42433e-07;0.042561;0.000389348;2.46254e-07;0.000480872;0.00112904;0.927169;1.21982e-05
0.000150549;0.279293;7.29643e-05;0.000143055;0.00917096;0.00026199;2.78619e-05;0.00322963;0.000515083;6.458e-05;0.00175014;0.405618;0.00341507;0.296287
2.92265e-06;0.94122;4.05268e-09;1.42e-05;1.54378e-07;1.12282e-06;0.0456574;7.28109e-05;4.52251e-06;0.00250852;7.57253e-06;4.91353e-07;8.82915e-05;0.0104221
2.57965e-10;4.39276e-10;1;3.93519e-09;8.66444e-10;1.09683e-10;1.50607e-08;3.16473e-11;9.11757e-11;3.09401e-10;1.12852e-09;1.44905e-07;6.88347e-14;1.2156e-10
0.000536879;0.571284;2.46339e-05;6.17145e-05;0.00535326;1.93582e-06;0.000893783;0.416981;0.000236786;1.19123e-06;9.01917e-05;0.000667367;4.7199e-05;0.00382012
3.52564e-05;0.0044505;1.95023e-07;1.05832e-05;0.00387562;3.71098e-06;4.74111e-05;0.991129;0.000313411;1.721e-05;1.43246e-05;3.73632e-07;7.80912e-05;2.44287e-05
0.000124305;0.00557726;0.988048;4.81761e-05;0.00011297;5.9933e-05;1.29367e-08;0.000171734;2.97903e-06;2.83806e-06;4.9423e-06;0.00542169;3.86734e-05;0.00038689
0.00023992;0.837629;7.43383e-05;3.67921e-05;6.00981e-05;6.72792e-05;8.86879e-05;0.106923;0.0442622;2.49039e-06;0.00461582;0.00422043;0.000663172;0.00111687
