1.02597e-05;0.985777;0.0136308;3.89358e-05;3.80634e-06;9.49317e-08;1.49988e-06;9.62688e-05;4.01568e-08;8.98065e-07;1.74076e-07;0.000153209;0.000273217;1.43267e-05
1.37225e-06;0.0343763;1.22596e-11;4.24216e-07;0.000324905;3.50074e-08;8.21441e-07;0.965184;6.69996e-06;1.71218e-07;3.94114e-06;4.14152e-06;7.34157e-05;2.37171e-05
0.000362233;0.0583353;0.562973;0.0450595;0.0773806;0.0297127;9.77418e-05;0.000479837;6.13109e-05;0.00121725;0.000987292;0.0364938;0.00446033;0.182379
0.000278855;0.972538;1.59289e-08;2.83585e-06;1.02159e-06;7.02469e-05;0.000174771;0.000319849;4.10457e-05;1.72353e-05;7.01082e-05;5.68188e-05;0.020076;0.00635281
4.19684e-09;9.39888e-10;0.999999;9.94561e-10;7.36506e-09;1.24508e-09;1.09343e-10;6.26001e-07;1.97706e-09;1.42205e-11;1.00633e-09;1.19601e-07;1.12729e-09;1.47215e-11
1.51348e-06;0.00636699;1.06297e-05;3.57395e-06;1.01068e-05;9.0004e-08;4.44473e-05;0.0037954;1.24166e-05;1.8339e-06;1.66166e-06;0.000329802;0.000425318;0.988996
9.40296e-08;2.1681e-05;2.09384e-11;3.05361e-08;5.1707e-05;9.34583e-08;5.0631e-07;0.999902;2.32023e-05;5.4587e-09;2.71965e-07;3.60566e-09;6.07529e-07;4.73737e-08
9.39259e-09;1.25139e-05;0.999966;1.17779e-07;2.72023e-06;2.48168e-08;2.85335e-11;2.91335e-08;1.0458e-11;7.1961e-10;2.72713e-10;1.8042e-05;9.9455e-09;8.93867e-07
2.43007e-08;0.999691;1.66479e-10;1.36863e-08;1.84414e-08;1.54388e-08;2.00742e-08;2.1408e-05;1.02113e-07;6.53962e-11;2.74161e-07;2.32985e-06;0.000284707;1.01439e-07
1.70192e-07;0.992925;1.49742e-11;5.65525e-07;5.78608e-07;1.68987e-08;4.07782e-08;0.000170821;2.62732e-09;4.61465e-08;9.19784e-09;0.000551613;0.00634421;7.2698e-06
2.06561e-06;0.969727;2.98257e-06;1.32263e-07;0.000247005;1.95201e-07;2.61461e-08;0.0272386;1.73495e-10;5.2822e-07;6.76552e-11;0.00021708;0.00134669;0.00121767
4.99772e-07;0.00123526;2.6762e-06;4.68737e-06;1.94203e-06;0.000189789;1.47981e-05;3.70073e-06;9.56111e-07;2.80251e-05;1.09192e-06;4.09331e-05;0.99845;2.5248e-05
5.01519e-08;1.01755e-05;0.999374;3.30935e-06;3.12562e-08;1.04959e-07;0.000199599;7.49833e-11;2.42858e-09;0.000122912;6.14181e-08;0.000288736;1.25584e-08;1.49829e-06
5.9159e-07;1.42176e-06;0.998095;1.7666e-06;7.62021e-08;2.95275e-07;0.00175033;7.42063e-09;2.47743e-05;1.60055e-06;0.000123547;2.20473e-07;1.24834e-09;1.60054e-07
1.00213e-05;0.000139198;7.05075e-09;4.79813e-08;1.17741e-07;2.44219e-08;1.55976e-07;0.999498;0.000322235;1.98573e-08;6.08916e-06;2.28033e-06;2.17296e-05;1.27574e-08
4.94162e-07;0.943093;1.34071e-10;6.75227e-07;1.34195e-06;1.89801e-07;9.78298e-07;1.91835e-07;1.97963e-07;5.99555e-05;2.17613e-07;1.84092e-05;6.84976e-08;0.0568246
1.71042e-07;3.34967e-06;0.999987;2.76637e-08;9.99069e-08;4.06785e-07;3.39235e-07;1.8574e-07;2.93049e-08;2.36982e-09;4.94154e-07;7.81037e-06;2.61075e-07;1.35398e-08
6.49601e-05;0.968114;1.86605e-06;1.87998e-06;7.12598e-05;0.000226266;6.92822e-07;0.0191935;2.02409e-05;9.00247e-07;4.56945e-06;0.00200773;0.00996923;0.000322325
0.0160493;0.831829;9.39844e-06;9.77723e-06;0.000815271;8.51805e-05;2.18531e-05;0.132386;0.000586653;5.56953e-06;7.13025e-05;0.00405645;0.00929539;0.00477849
0.000719494;0.0640671;5.19034e-06;0.000302382;0.0013607;0.000153627;5.81841e-06;0.00995671;0.0365068;3.36546e-06;0.000150588;0.00143579;0.00303425;0.882298
0.000348595;0.45766;2.81793e-05;3.21204e-05;5.13312e-05;1.0857e-05;1.29579e-07;0.0986255;0.000129735;3.0603e-06;3.79788e-05;0.000686339;0.442366;1.95182e-05
0.000147629;0.0656847;3.82533e-06;0.000660594;0.0058724;0.00354225;1.31889e-06;0.0109183;0.000235372;0.000108259;0.000167975;0.845151;0.00224505;0.0652614
0.0170448;0.709204;0.000126477;0.00532359;0.000579714;0.000368846;0.00240651;0.00937773;0.0181565;0.00247357;0.151103;0.0339507;0.0413735;0.00851104
6.38595e-06;0.00620096;7.20012e-09;2.23069e-05;1.81342e-06;2.77099e-07;0.98191;6.5232e-05;0.000740586;0.00463578;0.0063965;8.405e-08;9.00596e-06;1.09222e-05
1.40338e-07;8.59623e-09;0.99997;2.30153e-07;4.93874e-08;1.945e-09;1.71803e-05;1.15627e-08;8.09569e-07;1.4215e-07;1.0458e-05;5.17417e-07;7.58701e-11;1.54274e-10
3.48995e-05;0.992109;9.06701e-06;1.18049e-06;2.01772e-06;7.36891e-08;4.80336e-06;0.00594661;4.70605e-05;7.29365e-08;1.0729e-05;0.000233282;0.00160152;1.5182e-07
4.05146e-05;0.0237157;1.55308e-08;5.32537e-05;0.00142492;7.46442e-06;0.0111062;0.00229426;0.000450912;0.0150621;3.08946e-05;0.000970084;2.95126e-06;0.944841
1.48843e-05;0.000177338;0.999052;1.22705e-05;2.93541e-07;7.89837e-07;0.000172131;2.26127e-05;0.000245881;1.74372e-06;0.00023728;6.08692e-05;1.90734e-06;4.85755e-08
3.51735e-05;3.02112e-05;9.30445e-10;1.60798e-08;5.36105e-06;1.17251e-08;3.13205e-07;0.999834;9.30663e-05;4.20212e-08;4.58938e-07;2.73377e-08;8.51632e-07;3.76096e-07
0.000481956;0.970671;2.05263e-05;3.414e-06;2.65497e-06;7.26967e-07;0.022646;0.000153665;0.00130723;0.000576755;4.06563e-06;0.00344234;1.24204e-06;0.000687988
3.06942e-08;2.911e-08;0.999981;1.02019e-09;1.7718e-08;1.6093e-10;2.49975e-08;1.77252e-07;2.8799e-08;1.80846e-10;6.64888e-09;1.88428e-05;7.04529e-10;1.07853e-11
1.34596e-08;0.999051;5.02635e-09;4.11213e-09;1.01369e-10;1.41957e-09;0.000920453;1.57423e-07;5.84708e-09;1.04735e-06;7.35326e-09;8.49977e-09;1.35641e-05;1.38505e-05
1.40975e-13;3.61868e-11;1;1.77014e-11;3.0285e-10;1.08675e-11;3.45158e-12;1.54363e-11;2.06191e-15;3.54609e-12;3.07459e-14;8.2921e-08;1.45075e-15;1.29171e-10
1.08498e-06;0.517334;1.39666e-07;0.00011422;2.76143e-05;0.000821784;0.00104474;0.00646179;4.58087e-06;5.74923e-06;0.000120156;1.6475e-07;0.474053;1.08792e-05
1.21993e-06;0.00271069;0.996286;5.28895e-05;5.01106e-07;4.12955e-06;1.51439e-07;2.08704e-05;1.47725e-09;1.20013e-06;1.88839e-07;0.00089645;1.16871e-05;1.43541e-05
2.85609e-06;0.997506;5.0123e-09;2.78357e-07;4.19478e-08;1.11849e-07;0.00202032;9.95215e-06;1.77378e-06;1.20607e-05;0.000172204;1.76282e-07;0.000246362;2.76746e-05
4.98664e-09;2.18805e-09;0.999998;2.08426e-08;2.21345e-09;4.31101e-09;1.06259e-07;5.02663e-08;6.16108e-08;5.46219e-09;4.02736e-07;1.49923e-06;3.7468e-10;3.25435e-11
2.01456e-05;0.982051;1.98754e-07;4.67267e-05;5.7137e-06;1.81825e-07;2.39735e-05;0.0153883;8.21685e-05;7.50638e-06;0.000598072;0.00116045;0.000216357;0.000398815
0.000156844;0.763433;3.33157e-05;0.00025688;2.04215e-05;1.60907e-06;0.000823841;0.198293;0.000136632;1.80537e-05;0.00559962;0.00827638;0.0223435;0.000607083
4.62463e-06;0.600411;0.000101706;2.35257e-05;3.05764e-06;4.01085e-07;7.25338e-06;0.0213741;1.10403e-05;2.94504e-07;8.90083e-05;0.373573;0.00412866;0.000273146
5.5986e-06;0.0833646;2.52336e-08;5.8728e-05;2.05129e-05;4.17441e-05;5.7327e-07;0.00773361;7.3749e-06;1.53499e-06;7.35082e-05;0.854862;0.00421968;0.0496107
0.000139601;0.735767;9.09612e-06;4.42814e-06;1.26188e-05;0.000124282;4.07776e-05;0.00612571;5.80443e-07;4.15772e-06;3.30237e-05;0.0063616;0.250943;0.000433992
1.02097e-05;0.00236551;1.39779e-05;3.79072e-05;0.000868505;0.0587019;5.35393e-06;0.00072981;5.20388e-05;1.67233e-05;0.000307487;0.258876;0.67485;0.00316485
0.000379213;0.511165;0.45014;0.00147077;0.000576487;0.0123429;0.0119795;0.000119024;1.27201e-05;0.00392374;7.0388e-05;0.00243577;0.00314166;0.00224264
1.23107e-08;1.50202e-09;1;1.29312e-09;1.34554e-08;4.86489e-09;1.02788e-08;1.98238e-08;2.99486e-09;8.63137e-10;2.46747e-08;2.19185e-08;5.97637e-11;2.05293e-11
0.00160993;0.0746807;1.92522e-05;1.28174e-05;0.00428395;0.000536346;6.38264e-05;0.867016;0.00298359;9.20851e-06;0.00318893;0.0163113;0.025754;0.00353011
4.20163e-05;0.990142;9.90216e-09;1.33918e-06;1.60367e-06;1.78839e-06;0.00783274;0.00112017;1.80999e-05;0.000706797;2.51392e-05;8.10774e-07;1.86895e-05;8.86269e-05
1.6833e-07;6.8683e-08;0.999995;2.67704e-07;1.98739e-07;3.73148e-08;2.48041e-06;9.46216e-08;3.59742e-07;4.36622e-07;8.99453e-07;2.96241e-07;3.28242e-10;3.3927e-09
3.93955e-06;0.998366;4.06583e-07;1.93254e-06;1.28424e-07;5.12601e-09;1.21774e-06;0.00135338;4.68574e-06;1.74263e-07;1.9331e-06;4.44394e-06;0.000261746;5.33006e-08
1.05366e-06;0.925805;5.00088e-09;6.79116e-07;1.32236e-06;2.45283e-06;8.30697e-06;0.0172581;6.16113e-07;7.87698e-05;6.0779e-08;7.2644e-07;0.0564696;0.000373561
6.05141e-10;7.39891e-09;0.999998;7.71954e-09;9.67746e-08;1.16977e-09;5.95492e-10;8.43498e-09;1.48688e-10;5.52794e-10;5.49121e-10;1.84146e-06;1.89823e-11;4.70811e-10
5.04515e-05;0.969472;0.0122396;0.000388292;0.000116072;4.66672e-06;0.000665202;0.00956636;1.38141e-05;2.38567e-06;0.000229727;0.00195997;0.0049377;0.000353332
2.19578e-05;0.864352;3.45647e-06;6.65538e-05;4.60964e-06;5.52889e-05;5.08642e-05;0.130676;2.4955e-05;4.76563e-06;0.000134295;0.000193696;0.000446056;0.00396541
7.80307e-06;0.000833372;3.14656e-09;5.46945e-08;1.75504e-07;4.3929e-07;1.78342e-08;0.0106828;1.82162e-06;2.0578e-09;1.61102e-05;0.000664139;0.987793;1.57992e-07
5.70562e-06;0.000771929;5.55534e-08;1.44998e-06;9.97354e-07;7.16713e-07;2.54201e-09;0.000224385;3.00905e-06;9.65941e-08;1.96359e-06;0.995149;0.00374196;9.90628e-05
3.24711e-05;0.674055;1.90269e-05;1.88063e-05;1.47198e-05;1.73828e-06;3.30679e-06;0.200785;1.59306e-05;4.07317e-06;0.000101202;0.079842;0.0451036;3.74519e-06
0.00028043;0.148714;0.000188835;0.0074722;0.00692588;0.000326558;3.98797e-05;0.0619936;4.58345e-05;0.000203141;0.00214614;0.716523;0.0071952;0.0479455
5.33847e-05;0.785986;6.90061e-08;8.26043e-05;1.10217e-05;4.25615e-06;0.000342861;0.00645521;9.12428e-05;7.30662e-07;0.011101;0.135854;0.0326408;0.0273767
6.43586e-05;0.465666;1.79514e-05;1.5128e-05;0.000466222;0.000400257;1.65733e-06;0.0749619;2.57078e-06;3.7796e-06;0.000398868;0.044265;0.413435;0.000301041
5.01519e-06;0.999041;2.43958e-07;5.0235e-07;9.42903e-08;1.25682e-06;7.43718e-05;0.000132436;8.49659e-08;1.74115e-05;5.94797e-07;8.60769e-06;0.000656558;6.21149e-05
1.59588e-10;5.68549e-10;1;1.89826e-09;1.93815e-10;1.23146e-09;3.18732e-07;8.47191e-10;1.77575e-10;2.12947e-09;1.01741e-09;2.58223e-08;8.54974e-13;2.99699e-11
2.21796e-05;0.873131;6.15662e-06;9.98691e-05;8.58648e-07;2.3895e-05;0.000527433;0.000148775;0.00020614;1.57464e-06;0.000778238;0.00139128;0.123656;6.77458e-06
1.57787e-05;0.889263;3.67589e-08;0.000938968;7.95156e-05;0.000138336;7.50506e-07;0.0105715;7.02578e-05;2.37459e-06;0.000152246;0.0605107;0.00234654;0.03591
2.23333e-05;0.000565104;6.51076e-08;2.32679e-05;0.000352563;1.99225e-05;3.10743e-07;0.00039126;2.56975e-05;1.90727e-06;0.000330655;0.995729;0.000119481;0.00241832
5.10642e-06;0.973539;0.00606716;5.35591e-05;0.000733031;3.92842e-05;2.71139e-06;1.75924e-05;1.18221e-08;3.04704e-06;5.14886e-06;7.77336e-05;0.016631;0.00282532
1.62809e-07;0.00295768;2.58255e-09;8.03588e-09;4.07178e-08;1.98989e-09;2.60666e-08;1.2698e-06;1.47432e-08;1.3222e-09;7.47268e-08;0.996979;6.63935e-06;5.5189e-05
4.89944e-07;0.0373033;6.43568e-08;5.38869e-07;6.89807e-05;0.000372207;1.42218e-08;0.953475;2.46623e-07;1.52947e-08;1.37138e-07;0.00175606;0.00699024;3.25457e-05
2.64562e-06;0.078671;1.41048e-09;5.58173e-06;3.766e-05;6.33551e-05;3.69853e-08;0.0051719;2.07071e-07;6.26379e-08;2.02138e-06;0.00153834;0.914451;5.59741e-05
9.2927e-06;0.00130881;0.0007058;1.63107e-06;2.75844e-05;1.05631e-05;1.40624e-09;0.000296485;2.8116e-08;6.54623e-08;1.48016e-07;0.95054;0.0470906;8.74244e-06
2.35163e-05;0.0396954;0.000203327;0.000174203;0.000199258;0.000745154;0.000208526;0.00416846;1.86133e-05;1.43835e-05;0.000265386;0.0551734;0.898978;0.000132166
2.85488e-05;0.200364;1.41708e-06;0.000677521;0.000229667;0.000516605;2.8131e-05;0.015308;0.000120605;3.0361e-05;0.00176155;0.000762153;0.779563;0.000608496
0.00109696;0.097821;3.19895e-07;0.0487504;0.000411667;0.00103294;0.000541344;0.00139417;0.00959067;0.000452293;0.664008;0.0517212;0.121897;0.00128184
0.00354294;0.0846666;1.63429e-06;2.9442e-06;0.000172391;4.39491e-05;3.70294e-06;0.865775;5.56269e-05;3.55868e-06;0.000256721;0.000828694;0.0435257;0.00112043
4.38213e-06;0.0227242;6.72217e-05;1.13521e-05;0.000596188;4.57505e-05;7.09686e-07;0.0120089;1.88807e-05;1.48271e-06;1.17585e-05;0.957008;0.00125388;0.00624765
1.18158e-05;0.0482912;1.01753e-09;4.75879e-06;0.000106455;4.50273e-07;1.65261e-06;0.0151271;9.84957e-06;7.43268e-07;3.56446e-05;0.000234548;0.936175;6.46452e-07
0.000116962;0.00187087;5.98144e-06;1.17921e-06;0.000155596;3.25994e-08;6.6824e-08;8.60722e-05;3.20146e-05;1.39336e-07;6.82565e-07;0.997497;0.000229978;3.8454e-06
2.82729e-05;0.855372;0.000134166;5.81544e-06;0.000342629;9.06426e-07;1.71192e-08;0.000132519;8.57303e-07;5.52716e-08;1.34364e-07;0.0447583;0.0992144;1.01711e-05
0.000112895;0.316185;8.59608e-06;1.20912e-05;0.00401914;0.000348095;6.04561e-05;0.114504;2.51481e-05;4.55444e-06;1.85661e-05;0.437564;0.0794032;0.0477345
4.50781e-07;0.00149027;4.933e-08;3.36969e-05;1.03715e-05;0.0915314;1.60519e-06;8.57211e-05;2.07006e-06;6.67206e-06;1.0432e-05;8.98194e-07;0.906337;0.000488914
3.06673e-06;2.48353e-06;0.994341;2.1727e-06;8.91857e-06;3.8362e-05;6.21617e-09;2.19355e-06;1.05049e-09;2.66392e-07;1.65799e-08;0.00532676;3.30641e-06;0.000271254
7.23016e-06;0.98744;1.66878e-06;7.4351e-05;5.48829e-05;0.000710366;2.46536e-05;0.00164836;5.46662e-05;6.59319e-07;0.000103521;8.24978e-05;0.00755276;0.00224445
2.8134e-06;0.998528;6.14582e-06;1.35091e-06;1.28092e-08;4.4251e-09;1.57755e-07;0.000527969;2.74979e-07;3.88446e-08;3.67665e-06;0.00082574;0.000103564;1.49406e-07
1.51637e-07;0.997116;2.13296e-10;5.97475e-06;0.00100893;4.87419e-08;2.14493e-07;0.000459743;2.16335e-07;5.33175e-06;2.91464e-07;7.19875e-05;7.68019e-07;0.0013309
5.54612e-06;0.00200083;0.00459585;5.45878e-05;0.000370219;0.00140664;5.86738e-08;4.03266e-05;4.73019e-07;6.14748e-06;3.39624e-06;0.984067;0.000169866;0.0072791
9.66612e-06;0.0141526;2.0135e-11;3.06969e-06;1.35143e-06;8.35945e-06;6.127e-06;0.000135575;4.98027e-05;8.32278e-08;0.00228004;0.000135603;0.983214;3.48014e-06
3.37655e-05;0.00138407;1.66118e-06;7.89585e-06;7.14185e-06;1.17925e-06;1.00883e-07;0.000578903;7.91827e-06;5.17471e-07;1.07465e-05;0.997327;0.000544579;9.48712e-05
1.27658e-06;0.000559858;0.999334;1.05719e-06;4.56679e-06;2.52777e-08;6.64367e-06;8.61108e-06;9.41008e-08;7.25708e-07;1.15708e-06;7.68404e-05;4.69617e-06;6.36196e-07
1.67095e-07;0.999936;3.00823e-07;8.99317e-07;9.5322e-08;2.20278e-08;2.46188e-05;4.37395e-06;2.51008e-08;1.61994e-05;8.93293e-07;3.49059e-07;2.78379e-06;1.29736e-05
1.85499e-07;4.34927e-07;0.999911;6.28036e-08;1.29028e-07;1.7818e-09;1.44484e-06;4.96718e-06;6.52992e-07;5.55401e-09;6.46603e-06;7.45516e-05;5.02719e-09;1.5212e-09
0.000894635;0.0023888;6.86284e-07;9.47306e-05;0.00409299;0.00231074;3.79155e-05;0.541283;0.0710526;4.05023e-06;0.0304554;0.00267524;0.341818;0.00289168
7.8477e-06;0.997359;5.61256e-07;6.96046e-06;2.25522e-05;1.11909e-05;4.52e-06;0.000308355;2.40354e-05;2.02163e-06;4.15734e-05;0.00128329;0.000638165;0.00029032
9.99419e-06;0.00128501;4.61571e-07;4.70607e-06;0.89701;0.0198801;3.27817e-07;0.009973;1.82883e-06;9.10673e-06;2.72168e-07;0.000240933;0.000557271;0.0710268
3.01837e-05;0.00317705;5.70597e-10;9.80513e-07;1.89542e-05;1.84502e-06;5.40327e-07;0.000147045;2.66693e-05;8.0036e-08;1.92411e-05;0.000902229;0.995674;7.59871e-07
0.000104607;0.0026156;1.16587e-06;1.70493e-05;4.19804e-05;1.0782e-06;4.70645e-07;0.000274897;0.000330287;1.12396e-06;2.5979e-05;0.996061;0.000508235;1.67782e-05
0.000221384;0.970176;1.09578e-05;0.00013431;0.000309427;1.04207e-06;4.01702e-05;0.025256;0.000107536;1.96345e-05;1.04766e-05;0.00365745;5.18204e-05;4.10292e-06
4.39124e-05;0.113278;0.000138542;6.07445e-05;1.99717e-05;1.09935e-05;4.48573e-06;7.48275e-05;1.15713e-05;3.76063e-06;2.00929e-05;0.00494941;0.88136;2.41073e-05
1.5731e-06;0.0231407;2.09296e-08;2.88858e-07;4.95119e-07;2.30281e-07;1.88689e-07;0.00209738;2.26808e-05;1.44308e-08;0.000236621;0.973962;0.000533596;4.38259e-06
8.44129e-06;0.139387;2.53516e-06;1.74007e-06;0.0331437;1.0395e-05;7.37161e-08;0.713261;5.87144e-07;8.30713e-08;1.22291e-07;0.000222995;0.113504;0.000456609
7.81862e-06;0.00580689;4.5853e-08;2.10941e-05;7.13477e-05;0.000996645;6.64407e-07;0.000281677;0.000130446;7.74226e-06;0.0001353;0.000872125;0.991583;8.5591e-05
7.20094e-06;0.000233194;0.999392;1.6392e-06;2.92401e-06;8.50568e-07;2.28599e-08;3.04627e-07;4.46169e-09;1.31555e-07;1.73616e-08;0.000302652;3.88749e-07;5.87016e-05
3.39961e-06;0.965143;2.66382e-07;2.75985e-06;9.78028e-05;7.27545e-05;1.57684e-05;0.00620718;1.7599e-05;1.94838e-07;2.94312e-05;0.000241664;0.0272077;0.00096052
7.17624e-07;0.0390349;5.57681e-10;3.13758e-06;1.17033e-06;3.35225e-06;1.36566e-07;0.000365677;1.74277e-06;3.08426e-07;3.31396e-06;0.000320177;0.960259;6.80122e-06
4.9414e-05;0.0291539;5.56407e-05;9.32895e-05;3.54314e-05;8.03448e-06;5.79265e-07;0.00511223;8.25158e-06;3.7788e-06;1.84352e-05;0.956783;0.00862967;4.87262e-05
7.55485e-05;0.196941;2.58025e-06;0.000946792;0.0015126;3.17316e-05;2.9229e-06;0.731521;0.000136914;1.79304e-05;0.000992705;0.0585674;0.00882689;0.00042327
7.25214e-08;0.999964;1.81293e-10;3.86503e-09;7.01359e-10;1.13908e-09;1.44014e-06;1.60427e-06;1.69745e-10;4.66157e-07;5.01671e-10;3.21156e-09;9.72981e-06;2.29404e-05
1.65066e-11;1.72303e-11;0.999983;5.52407e-12;2.36522e-08;6.02978e-12;1.26119e-11;3.19133e-09;5.76661e-14;2.26212e-12;2.44155e-13;1.73463e-05;6.18928e-14;4.45637e-12
5.88642e-05;0.494794;2.71737e-09;0.000677497;0.000343974;3.71989e-05;0.0714418;0.323979;0.0561036;2.49376e-05;0.0320602;1.22944e-06;0.0204697;7.18922e-06
3.23456e-05;0.996539;9.31897e-05;0.000327284;3.29763e-06;1.49055e-06;0.000613492;1.57147e-05;2.22277e-05;6.42251e-05;0.000830956;9.29512e-07;0.00117672;0.000278779
9.99063e-05;0.00891253;0.00372459;1.95003e-05;0.000663141;9.15244e-07;1.27918e-06;0.000462505;4.66084e-06;2.3466e-07;3.4531e-05;0.985581;0.000421861;7.3712e-05
0.000484733;0.139718;5.40239e-07;1.03005e-05;0.000794954;0.000352411;7.16432e-05;0.805811;0.00799326;7.77963e-06;0.000488944;0.00107912;0.0428872;0.000299229
9.89229e-07;0.00140577;2.16258e-12;7.55169e-08;2.13391e-07;2.82831e-07;2.29339e-09;0.000464763;6.60842e-06;1.07235e-08;1.9435e-06;5.19179e-05;0.998067;4.41237e-07
0.00103216;0.0137975;3.81609e-06;7.35133e-06;0.000237354;2.69965e-05;3.56724e-08;0.0148619;0.000147061;4.7231e-06;1.38146e-05;0.967209;0.00230969;0.00034855
0.00127875;0.945087;7.39503e-05;5.08276e-05;0.000141832;1.08005e-05;2.79954e-05;0.0246851;0.000886959;3.749e-05;0.000218615;0.00338783;0.0239931;0.000119646
0.000121251;0.901273;3.06549e-08;1.24683e-05;1.08829e-06;5.58409e-06;0.092998;0.000776415;0.00207766;0.0020462;6.22149e-05;9.17625e-08;0.000257289;0.000368917
1.88761e-10;1.11013e-11;1;1.86868e-09;1.19566e-09;2.45986e-11;7.12607e-09;3.50369e-10;1.03242e-10;3.57163e-10;4.29826e-09;1.91583e-07;1.56924e-13;5.723e-12
1.31309e-06;0.993681;7.16298e-09;3.37762e-07;8.72613e-08;1.13402e-06;1.03212e-05;0.00473553;1.53155e-07;4.62084e-06;1.29243e-06;1.62737e-07;0.00156046;3.13792e-06
5.04474e-12;2.67735e-10;1;2.69379e-11;5.22826e-10;4.10926e-11;2.15758e-12;1.12717e-10;2.54128e-14;6.87715e-12;1.49811e-12;6.74562e-08;1.41651e-11;7.5655e-13
2.39927e-08;0.000288149;1.96563e-08;3.51872e-07;4.79121e-08;4.0061e-05;2.11122e-07;1.48209e-06;4.78854e-08;2.02744e-07;1.69786e-06;4.36471e-06;0.999662;1.498e-06
2.28907e-08;7.6984e-06;0.999734;1.99123e-06;5.37458e-09;3.08835e-07;8.29815e-06;1.02075e-08;6.76391e-09;1.04475e-05;6.03227e-07;0.000236364;1.04192e-07;2.30032e-07
1.39188e-07;9.90745e-08;0.999735;5.3557e-07;4.10427e-08;3.60418e-07;7.37185e-06;1.2675e-08;2.65664e-06;8.83107e-08;0.000252677;6.00976e-07;9.33942e-10;5.02003e-08
2.20751e-05;0.928006;3.68329e-08;5.63593e-06;4.20741e-06;8.65105e-06;2.00636e-06;0.0201575;0.000200982;6.11734e-07;0.00210649;0.0181684;0.0312975;2.01448e-05
0.000110335;0.813286;1.00969e-08;0.000403954;9.06403e-05;1.69174e-05;0.0723673;7.40324e-05;0.000192246;0.0845122;0.00508977;7.73107e-05;7.12149e-06;0.0237722
8.04479e-06;5.65909e-06;0.999821;1.41548e-06;9.01719e-08;7.40626e-07;1.78349e-05;2.63477e-06;1.62008e-05;1.86162e-07;9.48525e-05;5.85846e-08;3.08595e-05;1.16547e-10
0.000170874;0.996944;0.00140992;3.68699e-05;3.52419e-06;4.45574e-07;1.52902e-06;0.000149686;4.95295e-06;1.42161e-06;4.96164e-06;0.00111775;0.000119334;3.50335e-05
1.54182e-05;0.259365;2.32786e-09;4.81583e-06;4.98818e-05;6.29764e-06;3.91863e-07;0.737874;8.77344e-05;5.69169e-07;6.80912e-06;0.00231895;0.000219996;4.97307e-05
0.000910958;0.0103582;5.41247e-09;2.56642e-05;0.000177796;0.000733777;0.000359039;0.183766;0.00061979;2.43895e-05;0.0021445;0.00340345;0.797467;9.87961e-06
6.80362e-05;0.00543799;1.83458e-07;4.89853e-05;0.000477024;1.19482e-05;9.37301e-08;0.00211124;0.000161291;3.22502e-07;0.000271108;0.990157;0.00100853;0.000246727
8.09992e-05;0.830396;4.98728e-05;2.21697e-05;3.31847e-06;4.4659e-08;4.37938e-06;0.108114;4.75821e-05;1.5691e-07;0.000367434;0.000125774;0.0607832;4.25044e-06
2.45799e-05;0.00153921;2.08219e-06;0.00218056;0.000916001;4.17522e-05;2.79028e-06;0.00572822;0.00064647;0.000154359;2.816e-05;0.415916;7.13951e-05;0.572748
0.000585508;0.614777;2.21876e-07;0.000239259;7.52535e-05;0.00022535;8.29599e-05;0.0367246;0.00210813;7.26873e-06;0.00495457;0.0367553;0.302908;0.000556166
5.6422e-05;0.832625;2.90819e-09;1.60754e-05;1.46613e-05;2.53711e-06;2.68609e-05;0.00484116;5.06278e-05;2.79707e-07;0.000265827;0.00190897;0.160107;8.45583e-05
9.42573e-05;0.0181503;1.11779e-06;0.00582038;0.306528;0.00259459;7.31164e-08;0.534194;0.000144203;1.2551e-05;6.59081e-05;0.00496188;0.00220378;0.125229
3.90883e-07;0.989957;7.3184e-09;5.55329e-08;2.60017e-09;2.16379e-08;2.08685e-07;1.76334e-07;1.08132e-08;3.70653e-07;4.85231e-09;5.30959e-07;0.000652682;0.00938812
0.00136441;0.458471;0.000879655;0.00010747;0.000197729;0.000479388;0.254178;0.078763;0.0378075;0.000343462;0.0369821;5.32506e-06;0.130258;0.000163271
8.47823e-08;4.32171e-09;0.999999;1.93502e-08;1.17568e-08;9.77522e-10;9.3074e-08;1.29627e-07;4.58222e-07;5.99085e-09;1.17232e-07;1.17198e-07;5.34406e-10;5.37356e-11
3.18884e-06;7.44474e-05;8.7918e-05;1.20495e-06;9.51634e-07;5.41992e-07;1.84084e-08;3.11906e-05;0.000946422;1.18988e-07;4.5101e-05;0.99879;4.89313e-07;1.84628e-05
0.000143619;0.98966;2.39707e-06;5.87295e-07;3.16937e-05;1.34701e-06;3.93795e-05;0.00925226;8.57964e-05;1.90505e-05;0.000122289;6.7423e-07;0.00016791;0.000472874
6.47987e-06;0.998417;1.82585e-07;1.23891e-08;7.89667e-06;7.43304e-07;2.62106e-05;6.08125e-05;1.767e-07;3.34323e-06;1.03873e-09;6.83643e-07;2.28097e-06;0.0014739
1.07234e-10;2.29177e-10;1;2.8291e-12;9.6946e-09;1.3278e-10;1.16861e-12;2.84322e-07;1.13992e-11;2.94213e-12;9.00188e-14;6.25458e-11;2.72192e-13;4.74324e-12
9.50882e-06;0.0255822;3.75225e-06;1.44162e-05;8.8046e-05;0.000418427;8.62595e-07;0.967331;0.000685226;7.03723e-06;7.64555e-06;0.000695607;0.00507384;8.19189e-05
9.05469e-07;0.998689;1.46182e-06;1.05159e-06;1.76744e-07;6.90088e-08;9.99787e-08;0.000429768;3.2594e-08;3.14379e-07;1.2019e-07;0.000831354;4.53755e-05;1.72599e-07
2.50374e-08;0.999987;1.32597e-09;1.52973e-07;1.66116e-07;3.61923e-10;3.81955e-07;1.58771e-06;8.32043e-11;2.34401e-06;1.28177e-10;2.72208e-07;2.88178e-08;7.74268e-06
1.33035e-06;1.62374e-06;0.998988;1.2096e-07;3.21782e-07;5.75614e-07;0.000949226;4.61714e-05;6.05904e-07;5.21754e-06;1.63733e-06;7.45797e-09;4.81386e-06;1.02436e-08
4.01506e-09;7.49574e-11;1;6.88414e-10;1.08658e-10;2.73258e-11;8.20626e-09;9.58029e-10;5.9284e-09;1.53369e-10;6.27983e-09;4.57077e-08;4.13113e-11;3.69625e-14
2.60706e-06;0.000132119;0.00312027;1.31557e-06;4.94591e-07;4.05053e-08;1.06834e-08;2.59531e-06;0.000261885;1.00977e-07;2.57281e-06;0.996474;8.99701e-08;1.83071e-06
4.42668e-06;0.995166;2.34153e-11;1.59394e-07;5.67299e-07;2.6454e-06;0.000805171;3.84161e-05;7.74207e-06;2.31589e-05;5.87394e-07;1.07279e-10;0.000125961;0.00382506
9.68178e-09;8.63904e-10;0.999995;8.90374e-10;1.11874e-07;1.85068e-10;1.54095e-10;2.76971e-09;8.71048e-10;1.76606e-11;6.42404e-11;4.3482e-06;1.12687e-12;1.82162e-11
1.63023e-06;4.31697e-05;1.87967e-08;2.31622e-08;0.000502626;8.37125e-09;1.07026e-10;0.999388;3.00115e-08;3.62499e-10;3.04605e-10;5.42709e-06;7.25934e-07;5.79257e-05
6.61498e-09;7.03764e-08;5.08048e-08;3.31743e-09;9.2834e-06;4.21964e-09;2.72719e-10;0.99999;2.21468e-08;4.68412e-09;2.53354e-10;1.85322e-09;5.46618e-07;2.17016e-09
7.13638e-09;4.27982e-07;0.999996;4.89201e-08;2.35916e-06;5.01933e-07;2.21982e-12;6.77782e-09;3.65647e-12;2.20598e-09;2.45731e-10;9.95142e-08;9.58156e-09;3.8702e-07
1.62182e-07;0.999094;1.20721e-07;1.61845e-07;3.00188e-07;1.70825e-07;2.39804e-06;0.0008574;3.48904e-06;1.70518e-08;4.0457e-06;1.77188e-06;3.40409e-05;1.35359e-06
