2.12059e-05;0.997958;6.81739e-05;8.30131e-05;5.84487e-06;4.40381e-07;9.63875e-07;0.00100399;2.30488e-06;1.22816e-06;2.55145e-06;0.00067379;0.000176047;2.40632e-06
1.06241e-05;0.000746972;1.13856e-10;4.63162e-08;1.07403e-06;6.28281e-09;3.89835e-07;0.999215;1.60822e-05;1.95356e-07;9.76493e-07;6.05639e-08;1.56244e-06;7.11095e-06
0.000316912;0.891705;9.88745e-05;2.69151e-05;2.75259e-06;3.02563e-06;0.0975758;0.000674278;0.00163543;0.00398303;0.000103606;0.00351122;5.67444e-06;0.000357826
1.18021e-07;3.22642e-07;0.999978;6.29021e-08;3.53216e-09;9.44775e-10;1.09014e-05;1.40132e-07;1.99861e-06;9.3145e-09;6.20948e-06;1.7639e-06;9.14186e-09;9.29479e-11
2.16884e-05;0.776089;4.08454e-05;7.91509e-05;3.99572e-07;6.31917e-07;0.000407792;0.0180638;0.000258062;8.72911e-07;0.00279667;0.0261577;0.176082;1.38336e-06
6.1425e-06;0.164198;0.000333889;0.000593686;0.241135;0.000107543;1.06319e-07;0.520935;3.91509e-07;4.92744e-06;7.81557e-06;0.0329404;0.00485987;0.0348772
5.30195e-06;0.90138;4.98445e-08;1.69297e-05;1.76399e-05;2.54726e-05;7.24187e-05;0.0188489;3.65166e-06;2.61682e-05;1.87754e-05;4.12003e-06;0.0794471;0.000133969
3.67992e-10;2.37807e-10;1;3.8678e-10;1.25817e-10;3.40212e-10;6.84544e-11;8.10648e-10;1.36872e-11;3.49242e-11;3.06942e-10;2.18029e-08;6.55184e-11;6.78457e-12
4.40712e-07;0.00046119;0.993446;3.19829e-07;2.50128e-08;2.32109e-06;6.26791e-08;4.59173e-06;7.8326e-08;5.08583e-08;1.21206e-07;0.00606084;1.01623e-05;1.36403e-05
1.92529e-07;0.0267209;7.57947e-07;5.23169e-07;5.39054e-05;0.000473337;7.31028e-06;5.19362e-05;1.58803e-07;1.38846e-05;4.3693e-07;6.27116e-09;8.03795e-06;0.972669
1.29717e-08;3.99846e-09;0.999924;6.93391e-09;1.05772e-08;1.84019e-08;2.92348e-09;7.56079e-07;2.01842e-10;1.85378e-10;6.88919e-09;7.52935e-05;1.74869e-09;2.61913e-10
0.000151925;0.243406;5.04615e-06;3.65313e-05;0.000562104;0.000398168;5.3234e-06;0.322539;0.000102029;3.48641e-07;0.00031278;0.0864711;0.345864;0.000146659
1.77403e-08;0.999728;1.19875e-11;3.30641e-09;4.32427e-08;5.68343e-08;1.17017e-06;6.78604e-05;7.95297e-12;7.33356e-07;2.43485e-10;1.57821e-08;0.000154481;4.75306e-05
1.53637e-10;8.664e-10;0.999993;3.02602e-10;7.1565e-08;4.32624e-08;1.90505e-11;9.9661e-09;1.25982e-13;1.33882e-10;2.37129e-12;6.69951e-06;6.13138e-11;2.4636e-11
1.42171e-05;0.241012;8.36702e-07;0.000477508;8.28263e-05;0.00166303;0.000817068;0.00547005;0.0014206;5.05685e-05;0.00511032;0.000122909;0.742787;0.0009715
1.26129e-05;0.360705;0.635675;0.00013074;2.67515e-06;1.29e-05;0.00230624;0.000164196;9.33255e-08;0.000795945;2.13237e-06;3.40592e-05;0.000114649;4.36681e-05
4.31531e-09;8.0619e-09;0.999999;6.87315e-09;1.21778e-09;6.72218e-10;2.7766e-08;1.189e-09;4.43066e-09;3.83788e-10;6.03047e-08;4.64475e-07;7.90844e-10;1.14528e-11
3.13009e-05;0.635141;0.00133167;3.04743e-05;7.82588e-05;0.000199367;7.82761e-06;0.129636;5.16449e-05;1.16721e-05;3.00479e-05;0.220735;0.00325405;0.00946138
4.63044e-07;0.000815777;1.99496e-10;6.87102e-08;4.41917e-07;2.72218e-06;3.33342e-08;0.00621896;8.78087e-07;1.6692e-08;2.17391e-06;1.50685e-06;0.992956;1.12881e-06
3.95076e-06;0.00106531;2.86998e-07;3.1756e-06;6.41098e-07;3.34836e-06;6.1753e-08;9.29986e-05;7.19866e-06;3.46819e-07;5.70562e-06;0.998113;0.000555762;0.000148588
2.54381e-06;0.99438;5.02269e-09;1.07164e-06;8.06314e-09;1.87965e-07;1.09367e-06;9.50143e-06;8.23441e-07;2.41054e-07;3.91275e-06;0.00191921;0.00368084;2.88205e-08
2.8275e-05;0.293624;7.56307e-06;1.92045e-06;2.42607e-05;4.41359e-07;2.31583e-06;0.0459772;4.89451e-07;8.98771e-07;5.9866e-06;0.659806;0.000507764;1.23792e-05
5.47653e-08;0.987668;4.03465e-10;2.24567e-07;1.15121e-07;7.15383e-06;0.00120763;9.4989e-07;2.25853e-09;3.42606e-05;8.34582e-09;5.28388e-10;6.79627e-06;0.0110754
3.22919e-10;2.67389e-09;0.999999;1.14143e-09;8.7952e-11;4.56702e-11;1.68094e-07;1.32118e-09;2.64731e-11;7.83339e-10;1.07318e-09;8.30064e-07;9.62244e-12;1.40229e-11
0.000125175;0.0486115;1.71561e-06;0.00093192;9.19823e-06;9.06973e-05;0.413899;0.00649637;0.0875321;7.70716e-05;0.330108;2.12685e-06;0.112113;2.02675e-06
2.63839e-05;0.99727;3.66923e-05;2.77108e-05;2.39803e-06;7.25673e-08;1.91176e-06;0.00178684;6.50645e-07;1.37842e-06;1.26948e-06;0.000825128;1.83969e-05;8.06819e-07
5.15989e-07;0.999276;2.45211e-12;3.44762e-08;2.00904e-07;3.28418e-08;0.000350624;1.93684e-05;4.80923e-09;1.0708e-05;2.69937e-08;6.67552e-09;2.25271e-05;0.00031971
8.82837e-10;5.71064e-10;0.999995;5.75534e-10;2.5342e-07;1.80589e-08;2.99367e-10;2.29206e-09;3.72528e-12;1.3824e-10;8.35596e-11;4.94546e-06;9.23899e-12;3.56884e-11
7.07712e-06;0.115879;3.86619e-08;0.000137279;8.54933e-05;0.00483922;0.000172433;0.00118502;0.0005484;8.42706e-06;0.000645153;9.79774e-07;0.874069;0.00242177
6.51725e-06;0.0223274;0.977283;7.74374e-05;7.0622e-07;4.67254e-06;8.52193e-05;9.90178e-06;3.56825e-07;8.1741e-05;6.28433e-06;7.99154e-05;1.42316e-05;2.29637e-05
1.63531e-08;2.14949e-08;0.999998;1.95193e-08;5.0177e-08;1.50412e-08;5.0758e-08;7.02746e-08;4.04493e-08;4.11449e-09;1.48863e-06;5.90982e-07;7.39102e-10;1.28365e-09
9.43249e-06;0.0147791;5.18979e-08;7.33453e-06;0.000290227;1.95409e-05;9.86368e-07;0.97351;0.00130075;1.18166e-06;0.00261345;0.000171214;0.00728038;1.69334e-05
0.000493736;0.0739235;4.89962e-06;4.1772e-05;0.0002963;1.81466e-07;1.92732e-05;0.40383;0.000784445;1.01343e-05;0.0265942;0.486651;0.00734315;7.836e-06
0.000103014;0.99559;2.07117e-09;4.01949e-06;1.89929e-05;8.1888e-07;0.00176839;0.00176956;9.7286e-05;0.000109616;4.13287e-05;1.3162e-05;0.000338223;0.000145688
1.01554e-07;3.31917e-07;0.999998;3.88786e-10;9.16248e-09;1.40559e-13;1.59477e-08;1.38563e-06;1.21544e-08;7.34356e-10;3.90879e-09;4.36346e-07;1.80247e-11;4.41438e-12
0.000154583;0.760267;4.07548e-06;2.54848e-05;0.00143735;3.93263e-06;2.48784e-05;0.0820499;0.0209709;3.6314e-06;0.000112935;0.121761;0.00339507;0.00978905
5.25157e-05;0.00525177;2.22696e-07;2.26489e-06;0.000163616;8.91772e-06;5.02496e-07;0.978489;8.11191e-05;1.79897e-07;4.34259e-06;0.00142372;0.0144587;6.30506e-05
1.01424e-05;8.49472e-05;3.68951e-09;1.90963e-07;6.70505e-06;2.11526e-07;6.18704e-09;0.992515;2.12132e-05;9.70576e-09;2.12247e-06;4.16871e-05;0.00731747;6.3089e-07
5.60854e-05;0.00201741;1.61925e-06;3.84675e-05;2.37058e-06;4.5961e-07;2.95558e-07;0.00014067;0.00103412;1.12753e-06;0.000202621;0.995957;0.000525439;2.25569e-05
3.72035e-07;0.999417;1.96321e-12;4.85348e-07;1.83448e-08;2.05697e-08;0.000384985;2.91966e-06;2.61903e-07;2.2501e-05;1.94094e-07;5.699e-09;2.49628e-05;0.000146756
6.36756e-08;4.52417e-08;0.999979;2.37838e-06;2.36613e-06;4.16834e-08;3.66221e-07;4.89292e-08;2.3562e-08;2.79115e-08;8.09548e-08;1.51331e-05;5.25451e-12;3.41673e-08
0.000235804;0.00586419;7.23446e-07;0.000260929;0.00754777;1.13845e-06;2.49415e-05;0.981145;2.08932e-05;2.15362e-06;9.70783e-05;4.73971e-05;0.000168022;0.00458396
2.14639e-05;0.000154925;5.76687e-06;5.62296e-05;0.0108852;1.53824e-05;0.000148381;0.987935;0.000432271;8.53278e-05;0.000203728;3.77212e-07;2.71675e-05;2.86068e-05
2.99394e-06;1.76891e-05;0.999875;5.8271e-06;4.52948e-05;5.49924e-06;2.57165e-09;2.97318e-07;1.01866e-07;2.01913e-07;9.94889e-07;8.68712e-06;9.37649e-08;3.73909e-05
2.22404e-06;0.993495;8.2894e-07;1.99692e-06;3.15629e-06;1.60741e-06;8.04389e-06;0.00562566;0.000561911;1.83881e-07;0.000180953;6.01393e-06;0.000105133;7.52029e-06
