3.18387e-06;0.999712;9.35108e-06;1.22995e-05;3.07901e-07;5.22283e-08;2.36829e-07;3.69949e-05;1.19983e-07;1.31485e-07;3.09955e-07;0.000199975;2.44651e-05;4.70528e-07
1.45997e-05;0.997825;9.64934e-09;2.45953e-07;1.3047e-06;1.15426e-07;1.9239e-06;0.00154942;2.44856e-07;9.01094e-07;4.6659e-07;1.06194e-05;0.000530116;6.49339e-05
1.29922e-07;0.000199638;4.93089e-07;2.53016e-06;0.00151011;1.10712e-07;1.71279e-07;0.000235842;3.02879e-06;3.745e-07;1.49372e-05;0.998021;4.35091e-07;1.17492e-05
6.32512e-06;0.804548;0.0106141;6.56988e-05;5.09326e-05;1.38726e-06;1.214e-06;0.000191167;4.78449e-07;7.91097e-06;3.71952e-06;0.000207231;0.184298;4.04673e-06
0.000541746;0.069427;1.10554e-06;1.55471e-05;4.99133e-05;6.86604e-05;2.3969e-05;0.0118655;0.00185257;2.09277e-06;0.000418976;0.412396;0.501957;0.00138079
0.00279032;0.0354986;1.44477e-07;0.00410056;0.144816;0.091761;3.15509e-06;0.0966164;0.033632;3.12075e-05;0.0125518;0.00680706;0.56794;0.00345182
0.00022079;0.00745905;4.18884e-08;4.35385e-09;2.86983e-06;1.62924e-07;2.32499e-10;0.97567;8.86434e-08;1.23946e-09;3.15209e-09;0.000130973;0.0165142;2.17568e-06
4.40371e-06;0.0167414;0.000254973;5.11314e-06;0.000594889;0.000295268;1.41397e-07;0.002061;9.6343e-07;9.75038e-07;2.10062e-07;0.072365;0.000431379;0.907244
4.76733e-07;0.000307314;6.82234e-09;1.08184e-07;5.05611e-08;5.19127e-08;4.67274e-08;0.002814;1.04435e-06;9.3365e-09;3.89852e-06;4.18868e-06;0.996869;2.36009e-07
2.67542e-06;0.000447698;1.51577e-07;1.56917e-06;3.47674e-07;3.35932e-07;9.40453e-09;0.000121907;1.51223e-05;1.13482e-07;6.64996e-06;0.998765;0.000621945;1.63708e-05
1.11561e-06;0.00226458;5.72852e-10;1.55843e-08;9.92628e-07;2.91367e-09;7.88901e-08;0.997711;1.44211e-07;2.93789e-08;3.35688e-08;4.33369e-07;2.09998e-05;1.03798e-07
9.86008e-07;4.57116e-05;5.52936e-07;0.000125142;0.790803;2.30872e-05;8.43815e-07;0.194144;9.30198e-06;1.37952e-05;6.43303e-05;0.00491277;2.58625e-06;0.00985342
1.19608e-05;0.076424;0.915216;0.00440531;2.63219e-05;0.000173172;2.27356e-05;7.75755e-06;4.45815e-06;3.43459e-05;0.00207812;8.2155e-05;0.00121723;0.000296473
1.29129e-06;3.51478e-05;3.23085e-09;4.29263e-08;4.79271e-08;1.28338e-08;3.86465e-08;0.999927;3.89164e-06;1.35627e-09;8.48311e-06;5.68901e-07;2.3792e-05;6.22906e-08
2.26997e-06;0.295132;1.71727e-06;9.07564e-06;5.74452e-06;2.49293e-05;1.08515e-08;7.04652e-05;8.66678e-08;1.62123e-06;3.34899e-07;0.000622152;3.48687e-05;0.704095
0.00176362;0.280434;1.34461e-07;0.000551997;5.09271e-05;0.00018639;0.000303731;0.0168343;0.0231899;3.00717e-06;0.432761;0.00461001;0.239114;0.000196202
9.69389e-06;0.00711676;1.20126e-07;5.8643e-08;4.35933e-07;1.17415e-08;3.39401e-09;0.990408;7.29425e-08;1.26683e-08;5.06076e-07;0.00118236;0.00128148;5.60428e-07
9.45222e-08;0.00440056;0.000292878;5.75594e-06;1.12425e-05;8.76811e-06;1.10025e-07;0.000495511;5.95993e-08;6.14518e-07;1.00428e-06;0.992837;0.00157353;0.000372474
1.10717e-05;0.0132967;3.16622e-06;0.000514069;0.00252329;0.115906;0.000222216;0.000493153;0.000208612;0.000919372;0.0102863;1.27183e-05;0.854849;0.000754701
0.000714219;0.00124719;0.982615;3.32853e-05;0.000327839;1.21959e-05;1.01659e-06;0.000121149;9.13404e-07;7.87391e-06;2.40648e-06;0.0147715;1.85701e-05;0.000126639
4.27991e-05;0.00599293;8.54689e-08;5.14052e-06;0.000225054;5.27524e-05;8.83201e-06;0.986235;0.000848719;3.52971e-07;2.53596e-05;2.86635e-05;0.00627077;0.000263151
1.49139e-05;0.00257067;3.9302e-08;1.92722e-06;9.28926e-06;2.19751e-07;1.06109e-07;0.986945;2.79078e-05;2.46716e-07;9.73848e-06;4.38208e-05;0.0103758;1.55292e-07
0.000101201;0.983097;6.05139e-08;7.87476e-05;2.97838e-05;1.24407e-06;0.000118428;0.00970932;0.000323477;8.12354e-05;3.71996e-05;0.000521511;0.000969223;0.00493208
2.15221e-05;0.992675;3.33526e-06;4.69718e-05;1.45708e-05;3.84886e-07;5.06004e-05;0.00190774;5.11131e-05;9.46782e-07;1.48705e-05;0.00380468;0.00135655;5.20685e-05
3.02878e-05;0.00269814;1.09731e-09;0.000617365;0.00930576;0.000415996;7.67042e-06;0.975589;0.000398951;1.69292e-05;0.00245708;0.0079618;0.000233438;0.000267986
1.94873e-05;0.879303;5.38145e-09;4.73096e-07;6.54702e-07;1.40771e-06;3.56775e-05;0.000802006;1.44848e-07;1.91858e-07;5.58403e-06;0.000277546;0.119551;3.27539e-06
6.09729e-06;0.941767;7.32406e-07;1.14086e-05;8.51836e-05;3.32099e-06;4.46996e-08;0.00369501;4.64246e-07;1.40806e-07;4.16911e-07;0.00765727;0.0173455;0.029427
4.40595e-06;0.000633093;3.76431e-05;8.37119e-05;0.00029348;2.34399e-06;1.51048e-06;0.0152678;4.08949e-06;2.67802e-06;4.50808e-05;0.977333;0.00507082;0.00121997
5.85174e-05;0.825248;7.06937e-08;0.000142701;0.000145845;1.21109e-06;0.00275958;0.110861;0.00137289;3.41856e-05;0.0576664;0.00122668;0.000475303;7.80715e-06
3.74952e-05;0.342062;0.140288;6.90173e-05;0.000119785;0.000279016;7.83322e-07;0.00022173;5.69309e-08;1.90786e-06;2.08651e-06;0.515112;0.000832913;0.000973643
5.17877e-05;0.0106452;8.06696e-07;2.46472e-06;3.53267e-05;3.28154e-05;4.04169e-07;0.169304;1.07534e-05;1.7153e-07;0.00073232;0.0174145;0.801764;5.14831e-06
3.25952e-05;0.976438;1.85205e-06;2.26372e-05;7.85874e-05;0.000267771;8.53772e-06;0.0062279;1.48476e-05;4.13421e-06;2.25406e-05;0.00230968;0.0133711;0.00119955
0.000305238;0.84625;7.59295e-06;0.000205894;0.000159213;0.000230937;5.68773e-05;0.0247352;7.28372e-06;1.53995e-05;0.000351221;0.0812753;0.0221633;0.0242363
1.43256e-05;0.0279469;6.42407e-07;0.000554682;0.000270124;0.000107962;7.80907e-06;0.00171799;6.31531e-05;4.14424e-06;0.00106609;0.000981727;0.00136351;0.965901
0.000291426;0.476524;1.53391e-05;0.000428287;1.85296e-05;5.49191e-05;1.70804e-05;0.00754909;0.000572486;3.62407e-05;0.0154125;0.0648301;0.432425;0.00182555
4.92264e-06;0.99543;5.89815e-09;1.31114e-05;2.0595e-05;4.76236e-06;2.37754e-05;0.00208798;2.27256e-06;4.51847e-05;3.04935e-05;0.000125664;0.00203579;0.000175511
0.0027869;0.925785;0.000140411;0.00666807;0.00966412;0.000970859;0.00279079;0.00196739;0.00281677;0.000137487;0.00119417;0.0215793;0.00143465;0.0220641
9.40324e-05;0.000704918;4.67658e-10;0.000593803;0.000738634;0.000162342;9.67489e-06;0.987861;0.00405993;9.48012e-06;0.0038716;0.000289948;0.00157503;2.99844e-05
0.000106191;0.908252;1.61418e-07;9.71807e-07;5.42002e-06;2.94764e-06;8.12804e-05;0.00491899;6.39965e-07;7.03742e-07;2.72973e-05;0.000402211;0.0861937;7.70449e-06
4.16319e-06;0.969055;2.21352e-07;4.28156e-05;5.96931e-05;1.20827e-05;6.56379e-07;0.00281919;3.19941e-06;8.36748e-07;1.0901e-06;0.00552051;0.0203074;0.00217313
7.71522e-06;0.00325208;0.00215062;0.000290907;0.000254474;6.3469e-06;1.8785e-06;0.00245138;2.64957e-06;3.54171e-06;6.96739e-05;0.98146;0.00999057;5.79552e-05
0.00028036;0.0599448;5.69813e-08;0.000141767;0.00650245;1.623e-06;0.00104149;0.899363;0.0039308;2.26863e-05;0.0247661;0.00383324;0.000162697;9.08365e-06
0.000518624;0.570391;0.388714;0.00028215;0.00267326;0.00281513;0.000555563;0.0236469;7.79199e-06;0.00135779;7.28788e-05;0.00204548;0.003618;0.00330124
1.49023e-07;1.08654e-08;0.999995;1.42661e-08;1.87773e-08;8.1038e-08;7.06197e-07;2.38618e-08;6.67131e-08;2.72444e-09;2.64798e-06;5.40788e-07;1.72133e-07;6.30448e-10
9.08123e-07;0.000214184;0.982821;5.67101e-07;1.427e-07;4.09411e-08;2.81266e-07;5.11745e-05;4.19205e-06;7.46457e-08;6.4961e-06;0.0168977;2.37638e-06;4.93824e-07
3.93149e-09;0.000583355;2.32279e-10;7.18985e-09;4.11639e-07;7.68471e-06;6.06564e-07;1.27018e-08;7.00026e-10;2.44607e-06;1.17823e-09;4.951e-11;5.27615e-09;0.999406
5.59233e-10;3.39716e-09;0.999929;3.64937e-09;5.68452e-08;1.76752e-09;1.13902e-10;3.66178e-09;1.07667e-11;1.81412e-11;3.17081e-11;7.11884e-05;2.1721e-12;1.39654e-09
5.96994e-06;0.000475226;1.11803e-06;2.95553e-06;0.00132054;1.49682e-06;3.93643e-09;0.99807;1.16985e-06;1.00363e-08;6.3139e-08;3.03981e-05;3.127e-06;8.76293e-05
1.90144e-06;5.75178e-06;1.43716e-06;1.91537e-08;0.000396429;1.4876e-06;7.24336e-09;0.998733;3.5291e-08;5.1607e-08;1.18669e-08;4.43557e-08;0.000859779;2.59367e-08
2.04445e-08;2.39713e-06;0.999981;2.12898e-08;9.06094e-06;1.95958e-06;1.67838e-12;3.01641e-08;2.92312e-12;1.41702e-09;2.04837e-10;4.78869e-06;2.61035e-08;6.27136e-07
1.04184e-07;0.998798;6.14752e-07;5.99082e-08;4.70209e-07;3.4302e-07;4.1311e-07;0.000948904;1.36954e-06;8.76433e-09;2.18469e-06;5.17122e-06;0.000241998;6.30747e-07
