2.59402e-05;0.996841;5.67821e-08;1.87822e-06;6.30601e-06;4.15576e-07;3.00425e-05;0.00235172;7.72524e-06;4.77492e-06;2.6432e-06;3.57107e-05;0.000330517;0.000361066
5.81948e-05;0.74381;7.30423e-05;7.34313e-06;4.37697e-05;2.76745e-07;1.8891e-05;0.0179442;1.40936e-05;2.16848e-06;9.68387e-06;0.217491;0.0205189;8.34692e-06
9.35433e-05;0.865685;3.06705e-06;5.17443e-06;1.26378e-05;1.52385e-05;0.096993;0.0026371;2.53339e-05;0.00162376;2.11886e-05;4.30295e-05;0.000153009;0.0326887
2.10476e-10;5.93291e-10;1;1.20843e-09;1.89353e-08;1.82494e-08;5.55722e-09;2.96096e-09;4.10815e-11;4.25972e-10;1.35694e-10;3.92011e-07;1.86993e-12;1.75795e-09
0.000309258;0.268173;6.61952e-05;3.56603e-05;0.000238393;8.68267e-05;5.89551e-05;0.0714234;3.07107e-05;2.0557e-06;0.000519358;0.0172192;0.641399;0.000438745
0.000114517;0.28453;0.000874029;0.000324946;0.000131282;0.000320579;1.24823e-05;0.0263074;0.00149279;9.60061e-07;0.0044559;0.372273;0.298616;0.0105458
1.80957e-05;0.922531;4.87321e-05;0.000111014;0.000325409;0.00156944;1.49182e-06;0.0256963;2.56674e-05;1.54889e-05;0.000725337;0.00693047;0.0228585;0.0191434
0.000287701;0.378358;1.54889e-05;0.00451845;0.0510342;0.0244655;7.75298e-06;0.0182744;0.00235283;0.000550635;0.0349284;0.386189;0.0841959;0.0148219
0.00399366;0.655717;0.00555198;5.20123e-05;2.81916e-06;1.91938e-06;0.000120865;0.00308253;0.000596454;2.28106e-06;0.0165367;0.0560835;0.258258;1.57877e-07
2.03637e-05;0.921335;5.63676e-06;2.80193e-05;2.98954e-05;6.59262e-06;4.42219e-06;0.002107;5.63602e-05;6.12796e-06;0.000246693;0.0510246;0.0220174;0.00311157
6.41556e-05;0.236147;6.45681e-06;0.000217129;3.56558e-05;3.95107e-05;0.104806;1.63041e-05;3.67648e-05;0.551001;6.18713e-05;6.41241e-05;4.02518e-05;0.107464
6.41808e-07;3.0841e-07;0.999805;1.2581e-06;1.96035e-07;1.13449e-07;4.88428e-05;3.94733e-08;7.57733e-06;7.48801e-06;0.000108983;1.96675e-05;1.06377e-09;1.37256e-09
1.01797e-05;0.997454;7.12107e-05;2.16679e-06;2.38553e-07;3.30238e-07;0.00217287;7.60275e-05;2.90444e-05;1.30419e-05;2.02719e-05;4.61031e-07;0.000128735;2.14994e-05
3.95318e-10;7.93167e-10;0.999999;6.44276e-10;8.11755e-10;1.04137e-11;1.54858e-09;1.65219e-08;2.33184e-09;4.31576e-11;1.82132e-09;1.28012e-06;1.60485e-11;1.31559e-11
0.00027595;0.00749924;5.68457e-07;0.00206615;0.00326225;0.000247749;0.000770452;0.219345;0.513541;2.93746e-05;0.0685338;0.0111797;0.00938521;0.163863
3.0925e-06;0.0225601;7.10104e-09;1.3984e-06;0.000545752;8.87552e-09;9.31807e-07;0.976726;3.78683e-05;2.48016e-07;5.8329e-06;0.000106163;3.27987e-07;1.22051e-05
0.000174084;0.576845;0.331159;0.00657449;0.0151413;7.85274e-05;8.38324e-05;0.0444316;0.000228451;0.000564708;0.000240174;0.0126375;0.0108955;0.000946202
0.000168242;0.993043;4.80591e-06;0.000306997;0.000625419;5.88495e-05;4.19062e-05;0.000499575;2.61147e-05;3.78807e-05;0.000199852;0.00116199;0.000481489;0.00334377
0.00209323;0.0045076;0.0129595;3.86191e-05;0.0204988;6.73625e-06;1.7439e-06;0.00365292;4.24193e-05;3.74987e-07;2.05728e-05;0.955842;2.51565e-05;0.000310145
0.00126473;0.0232346;4.33887e-07;1.65172e-07;0.00129348;1.7509e-07;3.97047e-06;0.96521;0.00895807;5.29311e-07;2.40602e-06;1.38221e-06;2.82769e-05;1.36645e-06
0.00947028;0.205178;0.211233;0.000226916;0.0738769;0.00591453;2.70663e-08;0.0610832;0.00235072;1.83539e-05;2.40368e-05;0.415987;0.00900796;0.00562904
0.000177683;0.542313;5.67258e-06;8.40832e-05;0.000703342;0.000491384;8.08925e-05;0.208939;0.211494;4.21325e-05;0.0166814;0.00613293;0.00831824;0.00453619
4.96941e-05;0.997782;5.26863e-05;6.12628e-05;4.88611e-06;1.59907e-05;9.32149e-07;0.000456255;4.75384e-05;8.27747e-06;7.27954e-06;0.000165505;0.0013454;1.86821e-06
2.57424e-05;0.415419;9.22715e-10;3.79887e-06;1.03969e-07;8.8412e-06;3.80122e-06;3.28534e-06;6.6357e-05;1.76366e-06;6.82035e-06;0.000125723;0.584334;8.68705e-07
4.28508e-05;0.00395229;0.389053;1.72846e-05;6.68478e-05;5.37708e-06;5.39649e-07;9.45307e-05;1.37846e-06;4.76978e-06;1.85916e-06;0.606472;6.75304e-05;0.000219405
6.70556e-06;0.963361;1.07772e-08;9.30275e-06;7.55554e-07;1.62979e-07;0.0349041;7.3803e-05;0.000336713;0.000759834;0.000287447;1.35246e-07;0.00024846;1.16626e-05
4.35749e-07;2.34458e-06;0.999968;3.40004e-06;1.22024e-07;2.79648e-06;4.18851e-06;1.20517e-06;1.43102e-06;8.51976e-07;2.55841e-06;1.2347e-05;3.51656e-07;5.05541e-08
4.48061e-05;0.016175;1.09534e-09;4.1599e-06;0.00106827;1.03294e-07;8.09123e-06;0.982586;5.50364e-05;2.59749e-06;2.13129e-05;1.46442e-05;1.07219e-05;8.78018e-06
0.000129028;0.0492292;0.877873;0.00016068;0.000299344;9.21019e-05;7.07409e-06;0.00116393;1.05361e-05;1.49382e-05;3.39528e-05;0.0623805;0.00856451;4.11447e-05
3.73868e-05;0.0114979;2.69543e-09;5.87009e-07;6.43916e-05;0.000127428;9.77679e-06;0.00134403;9.46328e-06;1.11861e-06;4.7326e-05;4.76863e-05;0.986662;0.000151268
0.00620839;0.00350663;0.133097;0.0123535;0.70261;0.0764242;1.62833e-05;0.0255598;0.00181039;0.000801923;0.000104698;0.00162432;0.00571367;0.0301686
0.0392609;0.671852;2.92621e-06;3.82622e-05;4.8452e-05;7.07515e-06;2.18546e-05;0.0275668;0.189271;6.12033e-06;0.00583977;0.0320369;0.0319365;0.00211055
3.32309e-05;0.715949;2.45756e-08;3.85161e-08;6.25477e-07;1.14531e-07;5.21266e-05;1.45275e-06;4.85272e-07;0.000204859;4.75288e-09;8.3076e-08;7.22918e-07;0.283758
2.75729e-08;1.33551e-09;0.999988;4.32447e-10;8.28131e-08;2.1629e-10;3.08423e-08;4.49872e-08;1.41975e-07;1.18505e-09;6.47865e-09;1.17001e-05;1.45332e-12;3.78293e-10
0.000113543;0.0178244;1.27398e-05;4.07099e-05;3.30472e-06;8.56747e-06;0.0585639;0.0410285;0.786033;2.27167e-05;0.0139046;2.383e-05;0.0824159;4.2904e-06
1.46917e-06;0.9987;1.08279e-09;4.78804e-07;2.30385e-08;9.82713e-08;2.39689e-06;1.12959e-05;5.36555e-06;2.19557e-07;2.44823e-06;6.09166e-05;0.0012154;3.06712e-07
3.42499e-05;0.0291531;5.74841e-06;1.60384e-06;0.000198956;4.02552e-05;9.8667e-09;0.00635844;4.97437e-07;7.2726e-07;1.54774e-08;0.956857;0.00586915;0.00148015
0.000598273;0.569083;1.67162e-05;0.000369116;0.000558335;0.00232679;0.000231378;0.27512;0.00518414;0.000128724;0.000558747;0.042363;0.100254;0.00320812
1.795e-05;0.994642;1.50681e-08;1.05203e-05;3.99439e-07;3.72646e-06;0.00338532;0.000431962;1.21936e-05;0.000681064;9.17429e-06;1.46062e-06;0.000123695;0.000680192
3.89104e-08;3.11813e-08;0.999997;1.64864e-07;8.12813e-09;3.46628e-08;3.19575e-07;6.82403e-09;8.49587e-08;1.34349e-07;1.2772e-07;1.98714e-06;1.86051e-10;2.93714e-10
2.04112e-05;0.998783;6.01114e-06;1.33569e-05;7.63655e-07;4.10819e-08;6.33867e-07;0.000838865;2.62983e-06;2.08885e-07;3.74396e-06;0.000106347;0.000224051;7.90773e-08
5.14752e-05;0.893906;9.54503e-07;6.99926e-05;0.00355737;0.000406113;4.28079e-05;0.0312469;8.85455e-06;0.000200491;2.64738e-06;0.00140056;0.00340043;0.0657057
3.74981e-05;0.00460317;0.00908163;0.00033433;0.00155952;0.0103889;3.02351e-07;8.18929e-05;1.58285e-06;1.04801e-05;3.02172e-05;0.0146369;0.000237285;0.958996
2.4059e-06;0.920551;9.54736e-10;1.42123e-06;2.38987e-08;2.08124e-05;0.0659264;0.000208971;8.69705e-06;6.22911e-05;4.78093e-05;5.74138e-10;0.00322194;0.00994843
1.24007e-10;1.14608e-09;1;1.91775e-10;9.68356e-10;3.54302e-09;7.89063e-08;6.35855e-08;3.37625e-10;2.77899e-08;2.28672e-09;1.69391e-10;4.03735e-12;5.88532e-12
2.16753e-09;3.05351e-09;1;3.71782e-10;4.49204e-10;1.59794e-09;2.36253e-09;1.98848e-08;5.4314e-09;1.42425e-10;4.51653e-09;7.13087e-09;5.29506e-09;6.1059e-12
2.67831e-09;1.95638e-07;0.999398;3.08689e-09;7.62026e-10;2.11958e-09;3.83893e-10;1.21872e-07;1.31533e-09;4.28405e-10;4.96265e-09;0.000601376;3.01177e-09;7.24562e-07
4.94593e-07;0.000249347;1.51509e-06;6.58333e-07;0.00429497;0.00171308;3.27012e-08;4.97148e-05;1.69904e-07;9.91858e-08;2.46664e-06;1.06462e-05;1.55622e-05;0.993661
4.76688e-08;0.9864;1.49516e-07;3.53997e-09;3.40888e-08;4.74979e-08;2.16048e-06;1.02381e-07;3.56758e-12;5.75395e-07;6.07306e-11;1.49539e-07;9.48193e-07;0.0135963
2.02312e-12;1.76743e-11;1;4.95596e-13;2.51655e-10;3.33014e-12;2.89178e-12;1.14278e-10;5.08879e-15;1.60182e-13;7.25332e-14;3.37827e-08;2.42021e-13;1.49423e-12
2.91168e-07;0.950448;4.29892e-06;2.11075e-07;3.42659e-07;9.44837e-06;0.000478947;0.0298028;1.76408e-07;1.44144e-06;3.66673e-07;2.36219e-09;0.0192527;1.31421e-06
1.15877e-08;5.69585e-07;0.999958;8.19555e-08;5.12253e-09;4.46783e-08;9.07075e-09;3.97525e-05;2.06275e-09;2.00291e-08;8.85889e-09;1.66601e-06;1.77752e-07;7.87057e-11
6.30422e-08;5.14124e-05;0.995335;6.66322e-08;4.00633e-08;7.94411e-08;1.39105e-08;2.41965e-06;2.75341e-10;5.0269e-08;1.51322e-09;0.00453636;1.0414e-07;7.44817e-05
9.40842e-07;0.000253679;2.38374e-06;1.15545e-06;0.00384963;0.952772;5.0365e-07;1.42837e-05;2.31423e-07;9.23149e-07;9.97126e-07;3.53979e-07;0.00263414;0.0404685
2.70496e-07;0.00201632;4.76031e-07;4.24584e-07;0.000244491;1.63617e-05;1.63912e-09;0.000524526;1.83747e-07;9.92437e-09;7.06851e-07;0.996613;0.000458443;0.000125193
3.5081e-07;0.999184;2.09825e-05;1.39232e-06;2.044e-05;2.05698e-05;2.38806e-06;2.81514e-06;6.76664e-10;3.05655e-05;1.30307e-09;5.13186e-08;6.52961e-05;0.000650736
3.66843e-10;1.13377e-09;1;1.17278e-11;9.58471e-09;4.04187e-10;1.47709e-12;9.62369e-08;3.28533e-12;1.17683e-12;1.94028e-12;2.81835e-07;3.6711e-12;2.9442e-11
4.26868e-06;0.0278879;1.21216e-06;1.95978e-06;0.00272619;0.00017162;2.46159e-08;0.968039;8.73918e-06;2.97542e-08;2.1451e-06;0.000708452;0.000205843;0.000242761
6.01901e-05;0.326783;4.04435e-06;8.3798e-06;0.000151834;0.000153669;5.45275e-08;0.524608;2.71862e-06;3.12976e-06;3.35355e-06;0.0107037;0.13644;0.00107812
1.36366e-05;0.900518;1.7128e-06;1.69553e-05;4.53474e-05;5.20749e-05;0.000689535;0.000999854;2.73701e-06;0.00416847;1.46762e-05;0.000762561;3.67709e-05;0.0926771
1.60854e-08;1.34607e-09;0.999999;5.48513e-08;2.95092e-08;1.49677e-08;2.27725e-07;7.38197e-08;7.97651e-09;3.11964e-08;2.41346e-07;1.80987e-07;5.01752e-10;1.02674e-10
0.00182249;0.0623713;7.67767e-05;0.000227651;0.0181735;7.37358e-06;0.0490565;0.715825;0.0858787;0.000321724;0.0633002;0.000149091;8.9938e-05;0.00269975
0.000349549;0.0247413;0.962758;9.18546e-05;0.00698854;3.13938e-05;2.26317e-05;9.89307e-05;9.54991e-05;2.65569e-05;0.000139821;0.00433904;0.000261616;5.50668e-05
0.000133231;0.285066;2.07166e-07;3.33437e-06;2.76569e-06;1.10506e-05;0.000104889;0.00367816;0.0177607;5.98933e-06;0.00254409;0.00122432;0.689465;7.73864e-07
0.00134851;0.940461;0.0311912;0.0024367;0.00253394;0.000168509;1.58228e-05;0.000294687;0.00120963;0.000444755;1.29432e-05;0.0177339;0.00024534;0.00190275
0.00432176;0.250432;2.6258e-06;9.05986e-05;2.28886e-05;6.55504e-06;0.000174722;0.120099;0.556494;1.52676e-05;0.0453745;0.000916425;0.0220454;4.06026e-06
0.00329758;0.816129;1.71025e-05;4.55011e-05;0.00224438;1.28157e-05;9.738e-06;0.0132122;0.00243769;7.77658e-05;0.000285213;0.156901;0.000245355;0.00508437
1.72889e-05;0.0264081;9.18813e-08;1.58713e-06;1.89093e-06;2.79834e-07;0.966662;2.80408e-05;0.00050023;0.00613582;0.000103019;1.61256e-08;6.17299e-05;8.02123e-05
4.74584e-09;3.91403e-10;0.999994;9.20676e-09;2.26596e-09;6.8072e-09;4.80929e-06;2.47185e-09;2.54476e-07;5.17988e-08;4.89176e-07;9.55341e-08;1.11441e-12;3.41718e-10
0.000162382;0.99205;5.01473e-05;0.000188143;9.27531e-05;2.02951e-05;0.000313327;0.000926729;0.00201802;6.95181e-07;0.00125496;0.000899953;0.0019853;3.66263e-05
4.17585e-05;0.01826;2.60516e-08;5.64468e-05;0.000296514;1.31947e-05;1.50209e-06;0.978935;0.00010601;3.79239e-06;0.000107245;0.000203254;0.000204654;0.00176998
9.66246e-05;0.986843;7.72073e-08;8.25399e-06;4.21499e-06;3.61998e-08;9.43555e-05;0.00838562;8.85123e-05;1.72753e-06;0.000282384;0.00323115;0.00093155;3.23026e-05
5.19936e-05;0.993684;5.92125e-08;4.82489e-05;1.57669e-05;3.81564e-06;1.18715e-05;0.00205881;0.000313146;1.3146e-06;1.51081e-05;0.000897885;0.00269487;0.000203278
4.31971e-06;0.0225772;5.87366e-07;1.86537e-05;9.97603e-08;2.3587e-07;1.62027e-06;1.16708e-05;1.4826e-06;8.45165e-07;6.58743e-07;0.976495;0.000395771;0.000491416
4.28933e-05;0.141774;6.5963e-08;5.946e-05;0.00389376;6.22244e-05;1.04235e-05;0.851595;3.31168e-05;5.82442e-06;9.30703e-06;0.00012077;0.00192243;0.000470463
2.16201e-05;0.142254;0.789617;2.20021e-05;0.00219563;6.4767e-06;9.64338e-09;4.1766e-05;8.16271e-08;9.59352e-08;2.07567e-07;0.0620808;0.00361492;0.000145221
7.78212e-05;0.315465;7.42245e-07;3.79865e-05;0.000119922;0.000404557;0.0373129;0.00795179;0.000627606;0.000572248;0.00295897;1.06429e-06;0.628637;0.00583203
6.66802e-10;2.44527e-10;0.999999;2.20681e-09;3.14227e-10;2.87066e-09;1.15502e-09;3.77155e-10;1.16186e-09;9.04345e-11;3.9666e-09;5.19688e-07;3.2769e-11;3.26062e-12
5.13597e-05;0.02766;0.000229281;0.000116929;7.8472e-05;0.000127393;7.68095e-07;0.00316816;0.00247789;3.01994e-06;0.000328494;0.9647;0.000837688;0.000220417
8.43485e-05;0.994906;6.0752e-07;7.62982e-06;3.65739e-06;2.61268e-06;7.38009e-06;0.000153291;0.000370149;5.46674e-07;0.0011182;0.00055873;0.0027728;1.37477e-05
4.98501e-06;0.000370722;2.4027e-09;3.82672e-08;0.00898341;4.95345e-08;1.15509e-08;0.990507;2.06654e-06;7.75607e-08;1.23589e-08;8.48019e-05;2.44932e-06;4.38029e-05
3.96989e-05;0.0315964;0.935865;0.000106813;0.00848594;0.000183343;2.47234e-07;0.0172548;5.40934e-05;2.03858e-06;2.06555e-07;0.00555063;0.000746427;0.000114409
1.29409e-06;0.0299438;3.26317e-08;4.6177e-08;8.2661e-06;5.41284e-06;5.52159e-08;0.963276;2.66067e-07;1.28658e-06;2.21001e-09;2.35459e-08;0.00674243;2.09656e-05
2.08404e-11;1.99194e-11;1;8.57731e-11;2.42171e-11;2.3318e-12;1.38161e-12;2.69475e-09;2.53534e-12;1.40239e-12;1.48938e-12;1.35894e-07;2.07085e-12;5.42664e-14
2.14645e-07;8.72939e-06;5.57995e-05;4.81712e-05;3.41116e-07;3.50032e-07;9.29782e-08;2.41459e-05;5.87166e-05;2.96238e-07;1.93109e-05;0.999643;2.27626e-06;0.000138373
1.6647e-05;0.994425;1.61036e-07;1.03585e-05;1.11956e-06;1.96185e-06;5.54056e-06;0.000122311;2.69428e-06;2.15152e-07;1.52541e-05;4.71208e-07;0.00538352;1.43244e-05
2.65591e-08;1.90858e-06;4.53896e-09;7.50689e-09;5.25934e-05;3.81488e-09;2.66853e-11;0.999938;3.79997e-09;3.65113e-09;1.59091e-10;7.2811e-06;5.98118e-08;6.02633e-08
1.40373e-09;6.12862e-07;0.999999;6.30874e-08;6.62383e-08;3.69235e-07;5.95266e-11;2.82884e-08;6.30683e-10;3.07642e-09;4.1283e-11;1.02307e-08;6.56453e-09;1.07223e-08
0.000149694;0.0171852;0.000112547;4.36913e-06;3.43604e-05;2.3234e-05;1.368e-06;0.966498;0.000341238;2.54763e-06;1.12616e-05;0.00012676;0.0155083;8.35949e-07
