1.93e-05;0.996976;4.57584e-05;8.19761e-05;2.26609e-06;7.76266e-07;1.49905e-06;0.000326712;1.37632e-06;4.36575e-07;3.35509e-06;0.00238989;0.000149513;1.52034e-06
0.000172652;0.806448;1.03247e-08;3.38802e-06;1.30713e-05;7.24409e-06;7.44929e-06;0.157881;4.2439e-05;2.71642e-06;2.42398e-05;5.59265e-05;0.0350111;0.00033085
1.22984e-07;0.000995495;3.78001e-05;8.54126e-08;6.07827e-06;2.17646e-08;7.69554e-09;0.00021418;1.89173e-08;4.7315e-09;2.06337e-07;0.998652;2.34097e-07;9.36533e-05
1.36787e-07;0.99942;4.12234e-10;3.11661e-09;1.22668e-08;2.1499e-09;2.59767e-06;0.000206809;1.73477e-08;5.61948e-07;8.43296e-09;2.78593e-08;0.000351671;1.80484e-05
1.26373e-10;2.40178e-10;0.999999;2.06597e-11;1.53573e-09;4.97448e-10;1.74563e-11;1.38608e-07;1.28247e-11;5.45095e-11;7.77477e-12;9.82583e-07;7.07216e-13;2.50111e-11
0.000893922;0.0849359;6.98366e-06;0.00177353;0.00370433;0.0018274;0.00110645;0.335124;0.523205;0.000725931;0.0308127;0.00429233;0.00583878;0.00575299
0.00179027;0.99359;0.00116446;0.000173142;1.5696e-05;3.33171e-06;0.000197876;0.000297106;8.84322e-05;1.31493e-05;7.95261e-05;0.000368326;0.00219226;2.6418e-05
0.00029514;0.958376;1.18433e-06;6.28342e-06;6.6807e-06;1.62963e-07;6.63667e-06;0.00132497;0.000244649;9.24256e-08;0.000149879;0.00970773;0.0298804;3.44999e-07
0.000494258;0.333003;8.99453e-06;3.4344e-05;0.00717505;9.50321e-05;8.98881e-07;0.607878;0.000743707;6.73519e-05;4.95677e-06;0.0290958;0.0142709;0.00712852
0.000879474;0.858809;0.00360123;0.00158556;0.000457431;0.000473826;0.000667935;0.0341961;0.0147731;0.000291678;0.00138665;0.0778208;0.00116535;0.0038917
0.000570477;0.878901;0.000112461;3.89642e-05;0.000278494;0.00235286;0.000214308;0.024707;0.000321103;0.00137268;3.03988e-05;7.4559e-05;0.048966;0.0420602
4.11478e-08;2.11006e-08;0.999681;2.34753e-08;3.8389e-08;7.52179e-09;2.5559e-09;3.21059e-08;1.31756e-08;5.77184e-09;7.22939e-09;0.000319341;6.10805e-09;8.69395e-10
0.000228232;0.00238103;3.45203e-05;1.79906e-05;0.000481118;7.17838e-06;2.12099e-06;0.962093;0.000339001;4.00452e-06;0.000255032;0.0339769;0.00017072;9.55681e-06
2.87635e-06;0.0048497;1.70276e-08;2.73074e-08;2.36998e-09;2.39156e-09;0.994796;5.6781e-06;6.58926e-05;0.000228593;4.82265e-05;5.56618e-09;2.35717e-06;8.11462e-07
1.46008e-09;8.01292e-12;1;8.99018e-10;2.27067e-09;3.87494e-10;5.08336e-08;1.48022e-10;3.34533e-08;1.63967e-09;9.03813e-09;2.35168e-08;2.31982e-14;4.49725e-12
0.000218528;0.978842;9.59314e-07;3.8619e-05;0.000176774;8.21088e-06;1.20461e-05;0.0130523;0.00515046;3.11129e-06;0.000156283;0.00141823;0.000890736;3.14792e-05
9.65998e-07;2.08941e-06;3.99287e-10;2.68348e-10;3.90293e-07;1.33033e-10;6.79809e-10;0.999995;7.10718e-07;2.69619e-10;6.75481e-09;8.0089e-08;2.66577e-07;7.75032e-09
8.23545e-07;0.000128318;3.38997e-06;4.74522e-06;0.000702436;6.33204e-05;1.9937e-08;8.3603e-05;2.7267e-07;4.09579e-07;3.46166e-07;0.0949154;2.44349e-05;0.904073
4.1019e-05;0.00840558;1.25003e-07;9.36259e-06;4.70475e-06;1.32708e-08;1.7175e-05;0.0592607;0.000771533;1.83603e-07;0.00146059;0.000215132;0.929813;8.19741e-07
1.40302e-06;0.976473;0.000173876;5.14519e-05;0.00015756;8.38891e-06;2.04419e-08;3.84293e-05;1.48762e-07;9.02436e-07;2.05184e-07;0.00076628;0.0155145;0.00681426
2.71527e-05;0.753496;1.68784e-08;8.20298e-05;8.80726e-05;0.000384677;0.000382159;0.00204673;0.000248607;1.19354e-05;0.000669579;0.0122511;0.222016;0.00829563
4.54456e-06;0.816217;0.177197;3.70048e-05;1.04394e-05;4.87457e-05;1.86162e-06;0.00057357;1.23254e-08;1.34074e-06;5.16564e-07;0.000385235;0.00521433;0.000308486
0.000103729;0.0196927;2.8329e-06;0.000444132;0.0152295;0.12488;1.18619e-05;0.00115198;0.00116033;3.00642e-05;0.00469425;0.00116253;0.0214837;0.809953
0.000490421;0.00142615;2.9489e-07;2.30315e-06;5.667e-06;3.18067e-06;1.75178e-06;0.994672;0.00104291;1.54841e-07;0.000376815;0.00019938;0.00177828;3.75686e-07
0.000128016;0.984558;5.51138e-07;7.01624e-06;4.96857e-06;4.40213e-07;4.99034e-06;0.000547821;3.12796e-06;8.32452e-05;4.0483e-06;0.000116801;3.78446e-07;0.0145404
6.37415e-08;2.94774e-06;0.999996;1.46596e-09;3.38761e-08;2.913e-07;3.12534e-07;2.77612e-07;1.44161e-09;4.51723e-08;1.70852e-08;2.60339e-08;8.15417e-08;6.75775e-08
4.54449e-09;1.69739e-10;1;1.82468e-10;2.05194e-09;1.14025e-10;1.20859e-10;1.16801e-07;8.94878e-09;3.47155e-11;4.84519e-09;6.48239e-09;3.73042e-10;3.17496e-13
3.65114e-07;1.09089e-06;0.99899;1.31813e-08;6.08824e-07;8.34469e-09;4.30718e-09;6.54172e-05;2.51374e-07;5.44761e-09;1.63291e-08;0.000940157;1.27852e-08;1.97217e-06
3.13415e-07;0.000176376;1.15091e-05;1.30743e-07;6.92805e-05;0.000877519;3.82544e-09;2.37846e-06;7.41468e-08;7.54791e-08;7.10169e-08;0.000129089;9.88926e-08;0.998733
8.39423e-05;0.000662378;4.36859e-09;3.02563e-07;3.77211e-06;6.95621e-06;6.92147e-08;0.987379;2.09071e-06;4.54886e-09;1.15288e-06;2.61645e-06;0.0118573;3.02505e-07
6.73258e-05;0.562315;4.50604e-08;7.6304e-07;8.32797e-07;7.25658e-08;7.87367e-09;0.153078;2.25772e-07;8.93672e-08;1.14525e-07;0.0021257;0.282297;0.00011432
4.17139e-07;0.985761;1.48915e-09;1.65874e-07;2.08413e-06;6.35521e-07;2.78092e-06;0.000138411;1.31665e-09;2.75006e-05;4.76168e-09;9.02283e-06;8.12889e-06;0.0140494
9.26971e-11;1.24157e-10;0.999998;1.90998e-10;3.93654e-10;6.24553e-11;5.24398e-09;7.81789e-08;8.59836e-12;2.03833e-09;2.53638e-10;1.71904e-06;7.19915e-13;4.77376e-13
9.8863e-09;7.1587e-06;1.98177e-07;8.74649e-08;3.14191e-09;8.25184e-08;0.999275;9.00613e-10;3.36011e-07;0.000712658;2.22282e-06;2.23747e-11;2.14602e-09;1.92119e-06
5.77352e-11;1.66852e-12;1;2.84395e-11;3.59332e-12;1.82176e-12;8.26884e-08;3.93417e-11;8.8319e-10;1.01955e-10;2.7524e-09;5.00132e-11;1.27537e-15;1.13539e-14
