4.19471e-05;0.998874;0.000203875;2.80017e-05;1.55602e-06;1.42897e-07;5.56144e-07;0.000622291;3.85835e-07;5.68788e-07;3.16755e-07;0.00018313;2.90962e-05;1.45098e-05
7.6523e-07;0.994706;1.90916e-09;2.43835e-07;2.57249e-07;1.02976e-08;7.01721e-05;0.000408321;1.20199e-07;1.23788e-05;4.78934e-08;1.09039e-08;3.86685e-07;0.00480127
2.06196e-09;2.5351e-10;0.999992;1.67578e-09;6.28388e-08;1.04408e-10;3.92882e-09;4.12682e-09;1.12945e-09;2.67935e-10;2.39683e-09;8.21977e-06;9.84459e-14;4.91124e-11
0.000243824;0.903357;1.12572e-06;5.06197e-05;5.9204e-05;9.91639e-05;7.0116e-05;0.0022146;0.000335207;5.23143e-06;7.19598e-05;8.99732e-06;0.093154;0.000329091
5.40379e-05;0.0259593;1.08411e-06;7.18081e-07;8.53034e-06;3.51737e-05;2.90747e-07;0.0313916;0.000240137;1.30213e-07;4.65769e-05;0.937252;0.00466752;0.000342613
0.000171927;0.613684;0.000208686;2.3018e-05;0.00110673;0.000549413;4.07553e-06;0.0164864;1.73121e-05;5.25267e-07;2.49383e-05;0.179871;0.187142;0.0007103
4.85677e-05;0.137008;7.45184e-08;2.28773e-05;3.49393e-05;2.05053e-06;1.33362e-06;0.00482412;0.000185008;3.65652e-07;0.000146321;0.667159;0.190379;0.000188674
6.88618e-06;0.971528;2.22131e-05;5.42315e-06;1.30447e-05;2.85049e-06;1.79352e-07;0.00375692;5.55838e-07;3.02645e-07;2.19705e-06;0.00211582;0.0207658;0.00177937
5.08787e-06;0.0288654;2.05404e-07;5.6933e-05;2.24703e-05;0.000331022;1.67095e-05;0.00313406;4.025e-05;1.90075e-05;0.000146899;0.919983;0.0453482;0.00203114
0.000101037;0.622464;1.67721e-06;0.000316553;2.11137e-05;0.000361834;0.000511153;3.24398e-05;8.89489e-05;1.11857e-05;0.00586518;0.00216507;0.366329;0.00173104
0.000280668;0.00889861;7.74639e-06;0.000503785;0.000524039;0.000182621;1.45178e-05;0.987981;0.000160905;6.25153e-05;0.000111603;3.0619e-05;0.000816739;0.000425056
2.78658e-06;4.53511e-05;0.998102;4.10611e-06;2.00013e-06;1.39264e-05;1.43133e-07;2.01934e-05;1.50486e-07;1.0419e-06;2.09237e-07;0.00159637;6.70301e-08;0.00021171
1.15086e-06;0.0126152;3.1728e-09;9.99898e-08;3.88974e-05;4.16828e-05;8.36655e-05;0.000104;3.64668e-07;1.62498e-05;1.17067e-07;2.41136e-10;6.59099e-07;0.987098
3.05207e-08;3.13143e-09;0.999989;3.20403e-10;3.29064e-08;5.06841e-10;1.11396e-09;2.54053e-08;1.127e-09;5.02375e-11;9.67704e-11;1.13908e-05;1.81917e-11;1.16404e-11
0.000148133;0.00692047;1.32612e-06;9.45453e-05;0.000393439;0.000280733;2.60453e-05;0.967905;0.0195211;2.20269e-06;0.000181266;0.00125188;0.00326324;1.08959e-05
1.02756e-05;0.997544;2.52267e-05;3.6713e-06;1.11836e-06;7.07353e-08;2.56415e-08;0.00240811;3.31713e-08;1.19811e-07;1.69504e-08;1.53322e-06;2.412e-06;3.47859e-06
2.57286e-08;0.999868;1.52425e-10;1.78344e-08;2.49304e-09;3.87339e-10;6.27349e-06;3.33228e-05;2.46767e-09;1.33027e-06;4.27635e-10;2.31588e-10;1.24013e-07;9.11196e-05
2.11466e-10;3.26593e-11;0.999978;2.32621e-10;4.02285e-09;3.03906e-11;1.26641e-10;1.775e-09;2.58658e-11;2.31476e-11;1.35627e-10;2.1548e-05;2.37033e-14;7.05395e-12
4.56986e-05;0.906631;3.55997e-08;2.57981e-05;2.5398e-05;4.69263e-05;1.62845e-05;0.000681498;5.37978e-05;2.72983e-06;2.51651e-05;1.25612e-05;0.0918151;0.000617713
7.75532e-05;0.0476587;0.000118559;3.6088e-06;3.68522e-06;7.41961e-06;2.21379e-06;0.0021437;6.81044e-05;1.92535e-06;3.17014e-05;0.913579;0.0335201;0.00278359
0.000569061;0.756563;3.08905e-06;0.00373862;0.0259724;0.0052076;0.000477218;0.0115161;0.010123;0.000200778;0.00707129;0.00115512;0.113258;0.0641449
0.000241359;0.000460552;1.19431e-08;3.50718e-06;0.00615893;1.47963e-06;5.00815e-06;0.989781;0.000232516;1.69051e-06;3.82599e-05;0.000146923;0.00278287;0.000145444
1.81952e-05;0.0107865;0.986952;3.35364e-05;3.02046e-05;0.000365718;3.50895e-05;0.00148528;3.42119e-06;8.83193e-05;1.63342e-05;4.52347e-06;0.000146597;3.46597e-05
1.70967e-08;5.72739e-10;0.999999;1.69362e-09;2.96045e-10;2.56328e-09;1.48947e-08;1.87702e-08;3.70074e-08;2.82771e-10;2.11972e-07;7.41533e-07;4.68188e-10;1.48676e-11
1.07603e-06;0.000118666;8.47886e-05;3.3588e-07;1.29918e-07;1.506e-06;4.34807e-08;8.59664e-05;3.64277e-05;7.27796e-08;4.77308e-05;0.999561;4.87382e-05;1.39026e-05
7.9006e-06;0.950888;5.21501e-08;3.44024e-08;6.8351e-06;0.000137193;9.18198e-07;7.00875e-06;4.74896e-07;1.55527e-07;4.97531e-07;2.17609e-06;0.048636;0.000312961
1.86835e-06;0.000726514;1.36133e-05;2.8826e-07;0.000296624;4.35753e-05;1.10412e-08;7.07008e-05;8.92038e-08;8.41954e-08;2.26872e-08;0.998271;0.000284333;0.000291122
8.46633e-05;0.0070631;3.55033e-07;2.33263e-06;1.20605e-05;3.01604e-05;1.01033e-06;0.983632;0.00258108;4.5853e-08;3.61869e-06;2.36489e-06;0.00658455;2.78483e-06
2.11213e-05;0.745427;7.06397e-07;6.39394e-07;2.59114e-05;3.96743e-06;2.96939e-09;0.14268;9.77379e-08;4.23226e-07;1.01231e-08;0.000298032;0.111428;0.000115008
2.01905e-06;0.112202;3.50144e-06;3.55911e-05;0.000204727;5.40744e-05;2.80118e-07;0.00719775;2.83428e-07;4.25102e-05;1.08595e-06;0.875795;0.00122615;0.00323524
4.32213e-07;0.00158759;3.98032e-08;5.31154e-06;9.80543e-08;4.45348e-08;0.992234;8.22697e-06;5.60429e-06;0.00591127;0.000246101;7.6416e-08;6.24943e-07;8.22955e-07
9.21433e-08;2.62126e-08;0.999943;5.22578e-07;3.18696e-09;2.16989e-09;5.10809e-05;5.71498e-09;1.26222e-07;2.35855e-07;3.45253e-06;1.00483e-06;8.52868e-11;8.58649e-11
6.17585e-06;1.36558e-05;7.40242e-10;6.18693e-10;8.01351e-07;2.07596e-10;6.03435e-08;0.999977;2.32159e-06;1.43483e-09;3.81982e-08;4.71252e-08;1.27323e-07;1.22172e-08
5.72924e-06;0.0121434;2.40363e-06;6.33408e-06;0.00663612;0.00111043;2.27351e-05;0.00407735;1.24476e-05;6.58284e-05;1.63085e-06;2.08735e-05;0.000577185;0.975318
6.62262e-09;1.61714e-08;1;7.16522e-09;2.29263e-09;9.96604e-10;5.50766e-09;8.62447e-09;3.21653e-09;7.91822e-10;1.91979e-08;2.59637e-08;2.25417e-09;3.46772e-10
5.49115e-07;0.000524897;0.99774;1.35576e-06;2.78341e-07;6.70333e-08;3.61006e-07;0.00105249;8.84647e-07;5.83375e-08;6.2982e-07;0.000659144;7.86721e-07;1.88111e-05
9.51402e-08;0.000140341;0.00162992;1.50095e-06;2.95712e-05;2.51181e-05;1.21325e-08;7.88566e-05;9.83419e-09;1.67388e-07;4.42189e-08;0.000461681;1.8954e-07;0.997632
2.0171e-06;0.995299;3.85787e-08;1.28937e-06;6.76775e-07;4.36685e-06;1.18244e-07;0.000518458;1.05092e-07;9.98779e-09;5.1856e-06;0.000136227;0.00402305;9.8255e-06
1.40645e-08;0.999774;4.94578e-10;1.68621e-07;2.19593e-09;3.62509e-09;2.9929e-06;4.41826e-06;2.17696e-10;4.11394e-06;7.65714e-10;6.9412e-08;1.57458e-06;0.000212333
1.19079e-11;1.46625e-10;1;7.31982e-11;9.394e-10;1.0137e-10;2.70523e-10;1.1827e-08;5.87841e-14;5.47069e-11;5.49164e-12;3.61062e-08;1.4002e-13;3.75719e-12
8.60424e-07;0.170333;0.000327512;6.92649e-05;1.1173e-05;0.000139239;2.32706e-07;8.77115e-05;1.56724e-08;3.68067e-07;2.51686e-06;5.12681e-05;0.828973;2.98249e-06
1.62166e-06;0.0512049;2.52919e-06;3.00308e-06;2.89217e-07;1.42621e-06;5.22562e-06;0.846085;6.38065e-05;1.44183e-07;0.00292865;0.0979469;0.00175179;4.68488e-06
5.98116e-06;0.00752005;7.34991e-06;0.000127487;0.0331459;0.807327;3.31751e-05;0.0916729;1.93104e-05;1.17892e-05;0.000338663;0.000297584;0.00125955;0.058233
6.22826e-06;0.0514504;3.71157e-09;6.87294e-07;6.71844e-07;7.58999e-06;4.49742e-06;1.16625e-05;2.67472e-07;2.80455e-08;9.35256e-06;0.000211946;0.94829;6.42164e-06
0.00162864;0.50198;1.04678e-06;0.0209333;0.0404593;0.0161605;2.45193e-06;0.0631271;0.00116386;5.68457e-05;0.000514923;0.130476;0.041997;0.181499
0.00032829;0.371219;3.37614e-07;1.93746e-06;1.32428e-06;3.12629e-06;1.69395e-07;0.00606568;8.04182e-05;5.87131e-07;1.60136e-05;0.000247987;0.62195;8.52809e-05
2.94152e-05;0.0565729;1.07199e-05;1.42722e-06;0.00283388;4.43997e-07;2.86309e-08;0.0267986;3.26142e-07;1.21947e-07;1.49289e-07;0.743453;0.000322956;0.169976
0.00092071;0.279365;5.80699e-08;7.02151e-06;8.34022e-05;7.01719e-06;0.00178239;0.695979;0.00604584;0.000345259;5.19389e-05;1.12067e-05;0.0147459;0.00065559
3.704e-08;1.51014e-09;0.999999;1.09161e-08;8.53993e-10;1.61867e-10;5.9652e-08;1.27665e-07;6.2329e-07;5.59583e-10;7.77e-08;2.46416e-07;5.61739e-11;2.0314e-12
0.000711842;0.0280213;6.56345e-05;0.000466921;2.99648e-05;5.82931e-06;4.70426e-05;0.181276;0.649955;2.34922e-05;0.00464667;0.134166;0.000544526;4.00361e-05
0.00139558;0.957702;2.45486e-06;0.000327768;0.000181601;9.40116e-05;1.37259e-05;0.00312634;0.0052716;0.000118754;0.000704172;0.00493066;0.0260797;5.12818e-05
2.49138e-05;0.017372;3.4084e-07;1.56511e-06;1.59047e-06;2.70225e-06;2.25918e-07;3.01766e-05;4.13113e-06;4.34121e-07;1.11198e-06;0.00035116;0.982189;2.09944e-05
1.59601e-05;0.000264576;0.991202;1.37237e-05;0.00130372;1.74829e-06;4.29629e-08;0.000980299;7.23332e-07;4.4087e-06;2.66319e-08;0.00599163;4.27008e-06;0.000216527
0.000158616;0.0235183;3.94743e-06;0.000517801;4.08054e-05;1.80351e-05;0.000141275;0.538904;0.422714;8.68592e-05;0.00772075;0.000124322;0.00604415;6.79919e-06
