7.30648e-05;0.962704;1.89045e-07;1.50493e-07;4.20213e-06;2.95653e-07;7.7806e-07;0.0347296;9.45115e-07;3.9869e-07;5.24328e-07;1.64905e-05;0.00241999;4.90417e-05
1.90304e-08;0.000134504;3.78889e-07;5.35981e-08;1.80988e-06;1.00348e-07;3.83602e-09;4.55322e-06;3.15556e-08;6.96967e-09;1.32731e-07;0.999851;2.4387e-06;4.80449e-06
1.5865e-06;0.997826;2.52993e-09;1.13805e-07;4.48381e-06;6.4463e-08;0.000629055;0.00085497;7.14324e-08;2.7786e-05;1.65457e-07;3.83505e-08;0.000605525;4.96456e-05
7.53241e-08;4.62257e-09;0.999995;6.70079e-10;3.074e-07;1.46585e-08;3.84136e-09;1.19582e-08;3.25306e-10;6.17111e-10;5.85367e-11;4.34937e-06;5.19129e-11;5.48683e-10
0.000247866;0.957886;1.4802e-06;0.000160632;0.000775631;1.5623e-05;0.00687019;0.00352355;0.0255946;1.97269e-05;0.000260598;0.00267277;0.00186218;0.000108709
0.000105525;0.196466;0.00217764;0.000152077;0.000125402;5.23965e-05;1.18885e-06;0.000159383;1.19205e-05;3.60437e-06;1.67576e-05;0.0381932;0.762463;7.14011e-05
3.53499e-05;0.0097549;7.14746e-09;4.26402e-05;8.13662e-05;1.0109e-05;3.23203e-05;0.820775;0.00786657;1.48406e-05;0.000922493;0.157746;0.0027128;6.00369e-06
2.31457e-05;0.146776;0.838534;0.00131574;0.000436958;0.00155778;7.30606e-06;4.97754e-06;6.45589e-07;9.66376e-05;9.59852e-06;0.00121414;0.0097169;0.000305934
0.00154854;0.0339285;9.1471e-05;6.19669e-06;3.78516e-05;0.000137606;0.00192944;0.00476398;0.00122565;1.16484e-05;0.00221976;0.000454266;0.953626;1.95112e-05
3.28103e-05;0.0554849;4.71035e-06;6.46153e-06;1.69385e-05;0.00504045;1.95144e-06;0.000228946;9.85066e-05;2.00988e-05;4.11681e-06;0.00372855;0.934874;0.000457211
0.000875987;0.0967923;0.765796;0.00311839;0.000211748;0.00238316;0.0118456;1.40294e-05;0.000611801;0.0266682;0.000108885;0.0233093;0.00312065;0.0651439
2.14269e-08;2.33131e-08;1;4.95592e-09;8.65644e-09;3.40525e-10;3.85547e-07;1.24235e-08;4.53056e-08;4.19002e-09;1.6998e-07;1.89405e-08;5.28307e-11;1.43381e-10
2.6072e-05;0.119522;6.29585e-07;1.17169e-06;0.000105006;3.79755e-05;0.000845653;0.87472;0.000561164;0.000114383;6.6496e-05;1.11954e-05;0.00368866;0.000299289
1.57639e-08;8.56286e-09;0.999999;8.30442e-09;4.89292e-09;3.07835e-09;1.75853e-08;6.71245e-08;2.5271e-08;6.85667e-09;9.27052e-08;6.64782e-07;5.43631e-10;3.52548e-11
2.7916e-05;0.00118497;0.984095;1.19779e-06;7.77425e-06;3.54122e-06;9.45561e-07;0.00207676;3.90736e-06;1.04653e-06;2.80326e-07;0.0124683;1.89827e-05;0.000109042
0.000265857;0.00829826;9.51107e-05;4.51348e-06;0.0331804;0.843304;4.56772e-06;0.000402078;0.000163603;8.70479e-06;1.53731e-05;5.23769e-05;0.00546357;0.108741
2.1658e-05;0.000594649;4.53265e-06;9.57971e-08;0.00488303;1.00731e-05;1.85435e-09;0.00573842;8.10004e-06;9.04281e-09;1.63844e-07;0.988282;0.000114277;0.000342807
4.20903e-05;0.987544;0.000715147;1.06782e-05;0.00052304;5.38155e-05;0.000503547;8.14576e-05;1.06948e-06;0.00433583;1.04895e-07;1.72799e-06;0.000118349;0.00606901
5.95702e-10;1.32305e-11;1;1.02857e-11;2.14771e-09;8.65839e-11;1.23757e-11;6.40351e-08;3.79763e-10;7.83373e-12;6.48153e-12;3.68566e-07;2.83126e-13;2.04855e-12
0.00023256;0.476685;6.05548e-06;5.95349e-05;9.5487e-05;5.65146e-05;6.27609e-06;0.304537;0.00259238;1.2584e-05;7.07699e-05;0.191289;0.0240984;0.000258362
1.79866e-05;0.0298845;1.30267e-06;2.4643e-07;3.82694e-08;1.61343e-09;2.55485e-07;0.967429;5.71799e-06;5.5162e-08;5.85499e-06;0.00130262;0.00135245;2.11509e-09
5.02231e-06;0.0194284;0.0004212;9.81767e-06;7.53218e-05;1.36945e-06;1.20939e-06;0.0237516;1.90344e-06;1.41888e-06;3.98333e-06;0.951448;0.004702;0.000149013
4.07836e-05;0.880249;9.65555e-05;7.70116e-06;0.000512103;4.0627e-05;0.0455645;0.057516;6.67494e-05;0.00237268;4.28849e-05;4.17161e-07;0.0131885;0.000301637
7.04364e-09;1.01543e-09;1;8.8321e-10;4.46856e-09;7.31273e-11;6.49323e-09;7.88022e-10;1.75494e-08;1.37207e-09;2.05488e-09;9.51456e-08;1.22641e-10;7.84671e-12
0.000162227;9.55638e-05;0.966382;2.74016e-05;9.26169e-05;9.65504e-07;3.22846e-06;0.0203561;0.00464926;3.52313e-06;3.5265e-06;0.00812544;6.31993e-07;9.78038e-05
5.28997e-05;0.00248752;0.000403063;8.48296e-06;0.000663929;0.00245268;2.32418e-07;0.00046325;4.59906e-05;6.36033e-06;2.93069e-06;0.00152769;1.21195e-05;0.991873
3.81723e-05;0.000250258;9.26837e-08;2.22717e-08;2.96448e-05;4.12814e-06;1.99275e-09;0.999072;8.8672e-08;6.12524e-09;6.47318e-09;0.000121613;0.000483658;3.3468e-07
3.32944e-07;0.0073991;6.4833e-08;8.60782e-07;8.77074e-08;4.28836e-05;1.7821e-08;2.29411e-05;2.90415e-07;4.41199e-07;1.47647e-08;0.000280918;0.992237;1.53257e-05
0.000103033;0.208459;0.69524;0.00775244;7.37113e-05;0.000514037;0.017501;7.86773e-05;9.97984e-06;0.0494468;6.05739e-05;0.0101743;0.000422769;0.0101635
2.99123e-09;8.91122e-09;1;3.96773e-09;1.50778e-09;2.58621e-10;2.59114e-07;1.44556e-08;1.24634e-09;2.24005e-09;3.12017e-08;4.17991e-08;3.22459e-11;3.99528e-11
4.29396e-05;0.103571;5.37341e-06;4.50888e-06;0.00044722;0.000106817;0.00595642;0.882143;0.000233092;0.000220172;0.000196194;2.03176e-05;0.00680758;0.000244871
1.26062e-08;1.12843e-09;1;2.3594e-09;3.41196e-09;1.44809e-09;9.18067e-09;6.36346e-08;1.22038e-08;1.84923e-09;1.63632e-08;2.3114e-07;2.94729e-11;1.06734e-11
5.39084e-05;0.00575272;0.977313;2.46489e-06;1.03118e-05;6.0893e-06;5.6721e-07;0.00567035;3.78698e-06;8.82841e-07;1.40273e-07;0.0109316;6.86252e-05;0.000185695
0.000108119;0.00218028;6.13793e-06;2.83419e-06;0.00477557;0.957964;3.1046e-06;6.56996e-05;7.79338e-05;5.36126e-06;1.97584e-05;3.24528e-05;0.0141203;0.0206382
2.69648e-05;0.000818172;1.22999e-06;8.79478e-08;0.00151702;1.27961e-05;1.24087e-09;0.00309463;4.50239e-06;9.13783e-09;1.1967e-07;0.994268;0.000164099;9.25729e-05
2.46673e-05;0.994686;0.000129004;4.72312e-06;0.000603626;0.000136962;0.000127181;8.88705e-05;9.58225e-08;0.00180083;1.74338e-08;3.47914e-07;0.000364163;0.00203345
2.47041e-09;1.2413e-10;1;1.09701e-10;3.03898e-08;8.33066e-08;1.21534e-10;1.50746e-07;2.111e-09;6.44905e-10;5.3615e-11;2.31471e-07;1.09767e-10;6.15922e-11
6.46529e-06;0.960175;0.000221459;1.83263e-06;4.53418e-07;2.99187e-05;1.58092e-05;0.00283149;7.50008e-07;3.36545e-06;2.69029e-07;2.95573e-05;0.0366824;1.40101e-06
5.51131e-10;2.59487e-09;0.999999;2.28487e-09;3.46345e-10;1.53016e-09;3.63939e-10;6.0779e-08;7.89279e-10;5.82585e-10;3.85791e-10;6.92545e-07;1.76811e-10;2.244e-11
3.49509e-07;7.64799e-05;0.0026101;5.39337e-06;6.40859e-07;5.14645e-07;1.10776e-07;0.000171554;1.66129e-05;2.23712e-07;2.35727e-05;0.997057;1.86506e-06;3.55343e-05
1.80755e-06;0.00014232;0.99765;7.71132e-07;0.000192947;0.000654429;1.58165e-06;1.0673e-05;7.69775e-08;2.12685e-07;1.34708e-06;2.09611e-06;8.68696e-05;0.00125499
1.12788e-06;0.00692222;4.49376e-07;2.45714e-09;5.49279e-05;1.47948e-07;6.23519e-11;0.992498;5.77979e-09;3.94361e-10;3.13637e-10;0.000409311;9.2449e-05;2.15196e-05
2.47688e-07;0.977082;7.11711e-10;2.65506e-07;4.31148e-06;4.22646e-07;2.24719e-06;0.00225506;1.10948e-07;6.16987e-06;2.7448e-09;4.73306e-07;6.88238e-06;0.0206414
3.61345e-05;0.00852415;8.72541e-05;0.000106688;2.52981e-05;5.54011e-05;0.000948091;0.980362;0.000550671;7.3648e-06;4.26518e-05;7.76924e-07;0.00925303;3.1543e-08
3.30124e-07;0.99968;5.66369e-08;1.48805e-07;4.2926e-08;1.26583e-09;1.36968e-08;0.000286825;1.32337e-09;7.3364e-09;1.85713e-09;1.98512e-05;1.24649e-05;1.88584e-09
1.56833e-07;0.999564;3.50867e-13;9.07077e-09;3.57059e-08;2.06396e-09;0.000174505;4.52411e-05;1.94883e-10;2.68036e-06;1.78111e-09;3.21611e-09;7.81883e-05;0.000135799
5.68808e-10;1.19264e-09;0.999995;2.78036e-10;1.44641e-07;2.81527e-09;9.41192e-10;1.54114e-09;1.63465e-12;4.34665e-11;1.73878e-11;5.18372e-06;1.28313e-12;1.88298e-10
1.07393e-06;0.978463;1.20586e-07;1.19115e-05;8.01762e-05;7.6823e-05;0.00590355;0.00992075;2.25455e-06;1.53539e-05;3.10627e-06;8.5802e-09;0.00333499;0.00218644
5.64596e-11;1.00026e-10;1;8.66851e-10;6.92031e-11;8.35562e-11;7.01202e-10;2.47535e-10;2.98259e-11;1.32952e-11;2.11494e-09;9.21742e-09;1.15053e-11;5.91786e-13
1.12422e-06;9.29848e-05;0.992322;5.99164e-06;4.68692e-06;7.67187e-07;1.57058e-07;0.00551559;6.75998e-07;9.21368e-08;7.69318e-06;0.00201497;1.99818e-06;3.14952e-05
9.46715e-08;0.000370069;0.005403;2.30552e-07;1.4199e-05;0.000320595;7.52396e-09;2.05102e-05;9.88279e-10;1.16834e-07;7.28128e-08;4.33061e-05;2.84571e-07;0.993828
1.65844e-06;0.029207;1.30297e-06;5.78259e-07;9.31112e-07;3.65563e-05;3.99142e-08;0.000562029;5.85082e-08;1.46973e-08;1.6208e-06;1.72638e-05;0.970169;2.27733e-06
1.47021e-06;0.974683;4.91216e-09;5.71562e-05;1.60031e-06;1.54873e-05;2.63672e-07;0.000421591;6.65111e-07;5.58353e-07;3.23901e-06;0.000234477;0.0239014;0.000678883
1.15913e-06;0.000180521;2.38292e-09;7.05666e-07;0.000196479;4.09698e-07;4.10464e-09;0.999582;1.86081e-08;1.51793e-06;4.59601e-08;1.2577e-06;5.5179e-06;3.01677e-05
8.58971e-07;6.20306e-05;0.997632;0.0001129;2.80878e-05;0.00119091;4.68398e-07;3.03097e-07;3.84477e-08;0.000144337;3.15005e-05;0.000713941;2.76912e-05;5.48062e-05
2.49565e-08;0.000508645;5.59677e-11;1.66402e-08;5.47276e-11;1.29718e-09;0.999281;1.32117e-09;2.12371e-07;0.000131644;7.83113e-05;9.42709e-12;5.86146e-08;3.77938e-08
1.01153e-08;2.55264e-09;0.999994;7.01702e-08;2.68903e-10;6.06285e-09;3.46901e-06;1.11759e-09;2.26238e-07;8.68706e-08;2.12032e-06;6.36741e-08;7.35783e-12;4.1468e-12
0.000400171;0.984105;7.31577e-07;0.000199368;1.13241e-05;1.89652e-05;0.000198512;0.00298488;0.00342215;1.54013e-05;0.00331047;0.00302244;0.0022682;4.18505e-05
5.76759e-06;0.00305564;3.66097e-09;8.4607e-08;5.77136e-05;1.44652e-07;3.07509e-08;0.996835;3.4978e-07;6.61046e-07;2.98868e-08;3.8377e-06;3.27379e-05;7.72517e-06
3.77329e-07;2.63845e-06;0.996401;2.1662e-06;6.94627e-06;1.88044e-06;7.66531e-09;3.16728e-07;8.94725e-09;3.97459e-06;5.33017e-08;0.00357812;2.66001e-07;2.24849e-06
2.37182e-08;6.74304e-06;7.59442e-10;1.08329e-08;4.48914e-12;7.2925e-10;0.999784;4.5619e-10;3.81365e-06;0.000193548;1.24483e-05;1.62896e-13;9.17651e-09;9.27108e-09
5.16853e-10;2.69296e-12;1;2.39316e-10;2.32456e-11;2.55962e-11;1.25548e-07;2.37016e-10;4.56227e-08;2.78925e-09;4.68422e-08;2.1546e-10;3.85249e-15;2.13215e-14
