3.43057e-06;0.00609556;7.34664e-10;4.49028e-06;1.69959e-05;1.3574e-05;7.03142e-06;3.32625e-05;3.31087e-05;1.17307e-07;3.72065e-06;9.91431e-06;0.99377;8.45108e-06
1.91425e-06;0.000323997;0.998802;1.96234e-06;0.000276587;6.72744e-08;8.9767e-09;9.45439e-06;2.92034e-10;4.33463e-07;2.63046e-09;0.000363839;1.1801e-06;0.000218126
8.25553e-05;0.0598119;9.02952e-07;6.86001e-06;3.2884e-06;0.00014716;0.00023211;5.89956e-05;0.00064375;6.51803e-06;0.000368167;0.000951236;0.937684;2.56357e-06
8.49711e-05;0.0332121;0.883113;0.000131738;7.9756e-05;4.89406e-05;0.000265882;1.45984e-05;2.40258e-05;0.0013285;7.70574e-06;0.0782629;0.000177993;0.0032478
3.55473e-07;4.01588e-08;0.999922;3.99453e-07;2.04172e-07;1.41441e-08;2.42042e-05;2.61284e-07;1.42537e-05;1.41849e-07;3.54637e-05;2.33328e-06;2.99759e-09;2.59743e-09
0.000352899;0.569671;1.63756e-06;5.03755e-05;0.000240528;1.2693e-06;0.000348587;0.350276;0.00289556;3.58233e-05;0.00332038;0.0712517;0.000512209;0.00104295
0.000311206;0.668289;0.00292123;2.07456e-05;0.000256456;4.57296e-07;3.52143e-05;0.034055;4.77373e-05;8.86125e-07;0.000331647;0.252693;0.0409237;0.000114312
7.88663e-07;0.925034;3.44149e-08;9.65056e-07;9.75165e-05;3.54787e-08;1.27841e-07;0.0222491;1.6444e-06;5.87379e-08;1.38775e-06;0.02404;0.000309256;0.0282655
1.33375e-05;0.0781656;1.05644e-06;5.99973e-06;0.00175197;0.00108477;2.32755e-07;0.222134;7.4952e-07;7.18532e-07;1.74771e-06;0.475168;0.219136;0.00253636
9.36008e-07;0.000594246;2.55191e-10;5.43814e-07;6.79983e-06;3.48732e-05;4.90807e-09;0.000225187;9.84305e-08;8.06102e-09;1.80497e-07;0.00310778;0.995937;9.22198e-05
0.000171997;0.0105634;3.43999e-05;1.44646e-05;0.000229697;7.4153e-05;1.50684e-07;0.000728196;4.19806e-06;4.45724e-07;5.29796e-06;0.984615;0.00271925;0.000839033
3.20974e-06;0.997203;4.07503e-07;9.03565e-08;7.20375e-08;8.8946e-08;1.45535e-06;2.48499e-05;2.46533e-07;4.95616e-08;1.67013e-07;1.74207e-06;0.00276237;2.21898e-06
1.60467e-05;0.972255;4.28236e-09;2.40096e-06;3.27426e-06;4.37052e-05;0.0106588;0.00085759;2.20661e-05;0.000268801;1.26062e-06;2.30759e-07;0.000290857;0.0155801
1.62854e-11;1.25313e-10;1;3.85923e-10;5.25527e-10;4.24724e-10;1.51106e-08;1.18447e-09;5.59411e-12;1.97593e-09;8.57179e-11;2.51564e-09;4.15008e-13;6.69693e-11
5.26837e-07;4.79869e-06;0.996635;7.73024e-07;3.47565e-07;1.12764e-07;6.43115e-07;0.00332864;1.14014e-06;6.50921e-09;1.2105e-05;1.7203e-06;1.43079e-05;7.0925e-09
2.84766e-08;9.63818e-05;0.000121752;2.15401e-06;4.91617e-07;1.69711e-07;4.70401e-07;6.3061e-05;6.89469e-08;2.27639e-07;9.98519e-07;0.000763613;9.5561e-06;0.998941
2.19333e-07;0.000274574;3.48227e-12;1.21494e-06;0.0150287;8.27912e-06;2.88816e-07;0.984477;6.48926e-05;1.69698e-08;0.000112198;1.55262e-06;3.61299e-06;2.69054e-05
5.95971e-09;2.10043e-05;0.999813;1.4638e-07;6.06638e-05;4.28824e-07;1.70281e-10;4.31239e-07;4.01377e-12;5.11538e-09;1.12223e-09;9.33791e-05;2.21488e-07;1.04564e-05
8.72245e-08;0.0045186;2.20874e-11;5.05069e-10;3.39588e-08;5.68671e-09;9.42648e-08;0.000102859;1.44517e-09;2.92464e-10;1.18281e-07;4.53203e-09;0.995377;1.51984e-06
1.37454e-09;8.07859e-06;1.30762e-06;1.10396e-07;1.17519e-05;8.59075e-07;9.75475e-13;3.4478e-07;2.22476e-09;1.26745e-10;1.62559e-09;0.997419;1.16843e-05;0.00254732
2.95073e-07;0.000951598;2.20621e-09;3.93943e-07;2.2297e-07;1.30718e-06;1.54653e-08;0.000490053;9.59332e-07;7.70393e-09;1.46996e-06;5.06559e-05;0.998499;3.83771e-06
2.34571e-07;0.000234343;3.28555e-06;2.58369e-07;4.73534e-07;3.49857e-07;1.19007e-10;3.14145e-05;8.67943e-08;2.71216e-09;1.84915e-07;0.999417;0.000307877;4.87254e-06
9.39889e-06;0.0176519;1.56338e-06;4.09287e-06;0.00586031;6.66379e-05;5.2457e-07;0.96825;1.30001e-06;3.57443e-07;6.11468e-06;0.00706841;8.10301e-05;0.000998705
3.68324e-05;0.00736278;4.66437e-09;4.42996e-06;0.000173559;4.69536e-07;3.8355e-07;0.987131;2.25527e-05;5.20835e-08;0.00013665;0.00224609;0.00286115;2.37471e-05
0.000100763;0.967327;8.48188e-08;1.1511e-05;8.27131e-07;1.07283e-07;0.000114527;0.00103228;7.02714e-05;9.8666e-07;2.52269e-05;0.0165412;0.0146889;8.56401e-05
3.17317e-06;0.0557505;1.33249e-07;0.000117555;3.40334e-06;2.51809e-07;1.28541e-05;0.00358847;0.00215844;5.83631e-07;0.000787129;0.937421;0.000108775;4.78609e-05
2.06477e-06;0.999808;2.18528e-09;6.34461e-05;2.34514e-07;1.36761e-06;3.42364e-06;2.80684e-06;4.66799e-06;1.83832e-06;2.59918e-05;5.19781e-05;3.26365e-05;1.73792e-06
9.76693e-07;0.000251557;4.64221e-08;1.76698e-07;9.9565e-09;3.03898e-09;4.15385e-09;1.25369e-05;1.55074e-07;4.09615e-10;9.59086e-07;0.999592;0.000142023;3.51701e-09
1.91942e-05;0.086261;7.80224e-07;8.94881e-06;0.000804251;5.18522e-06;2.80208e-07;0.897949;6.65914e-07;2.69031e-07;4.52924e-07;0.000164583;0.014084;0.000701083
4.791e-08;2.60152e-07;6.74809e-11;3.85589e-07;7.61786e-09;6.96245e-05;7.83628e-07;6.46157e-09;2.14756e-06;3.64504e-07;7.00172e-06;1.29309e-09;0.999919;3.80349e-07
6.21773e-08;7.99342e-08;0.999999;4.74121e-08;2.98207e-09;2.78062e-09;9.17729e-10;5.28619e-09;1.01751e-09;7.84748e-09;1.14798e-09;7.23195e-07;1.31247e-10;9.79642e-08
6.00165e-05;0.974949;6.99966e-06;8.64202e-05;1.96753e-05;2.19606e-05;0.000176532;0.00412909;0.0133414;4.40452e-06;0.00544066;4.52015e-05;0.00162986;8.91795e-05
