6.4332e-07;0.999735;3.53688e-06;1.55377e-06;2.58063e-07;2.0555e-07;4.30641e-07;0.000233938;1.39088e-08;3.47662e-07;6.2092e-09;6.86186e-07;1.95455e-05;3.65005e-06
1.7899e-08;3.29011e-08;0.999992;1.83842e-08;1.75052e-08;5.76927e-10;2.40409e-09;7.12075e-06;6.71484e-09;4.27901e-10;1.69595e-08;7.12904e-07;1.28938e-08;5.03143e-10
1.21167e-08;2.7852e-06;4.27427e-05;7.39831e-08;2.94538e-07;9.77388e-09;6.55087e-08;6.31702e-06;3.15297e-08;2.79824e-08;2.10725e-08;0.000127367;1.94723e-07;0.99982
1.21831e-07;8.27803e-06;5.47845e-11;7.36092e-09;0.00012868;3.87638e-06;1.321e-07;0.999847;8.35336e-06;3.46675e-09;1.46807e-07;7.20187e-09;3.37633e-06;3.6682e-07
8.04725e-09;1.90425e-06;0.999899;9.8259e-08;6.59783e-06;8.38678e-07;4.11207e-11;5.10332e-09;7.26305e-12;1.42432e-09;2.3256e-10;8.90774e-05;1.77045e-07;1.8794e-06
2.85527e-08;0.99926;2.40047e-10;1.86046e-08;9.33495e-07;2.06679e-08;9.34573e-08;0.000441046;9.32209e-08;2.89454e-10;1.34206e-07;2.8186e-06;0.000294517;2.7195e-08
1.02982e-07;0.836617;0.000123781;2.23302e-06;0.000151351;1.93743e-06;1.47003e-10;1.95909e-05;6.65202e-11;3.26206e-08;1.04398e-09;7.66301e-05;0.162528;0.000479611
5.25331e-07;0.421505;1.4114e-05;1.41524e-06;0.00031744;4.57377e-06;6.61623e-08;0.218063;3.60227e-07;5.29321e-08;3.35059e-07;0.354251;0.00318739;0.00265466
2.06935e-06;0.116428;2.50005e-06;1.86635e-05;0.000569583;0.129005;6.68933e-06;0.000306006;1.94777e-06;6.42923e-05;2.25245e-06;2.05299e-05;0.750491;0.00308208
3.12232e-05;3.32714e-05;0.988969;5.42593e-06;6.98303e-06;6.92949e-06;2.3815e-07;1.15055e-05;2.96645e-07;5.91016e-07;1.03664e-06;0.0108733;3.35712e-05;2.65393e-05
1.76014e-05;0.943314;9.13833e-08;8.85579e-06;0.000511514;0.000105527;4.14787e-05;0.0202622;0.000673509;7.92223e-07;0.000145217;0.000347654;0.0344347;0.000136828
1.79921e-07;0.999099;2.23252e-08;9.46963e-09;2.17898e-09;1.02647e-08;1.93228e-08;1.89114e-06;5.13231e-09;1.29266e-08;2.29955e-09;1.79439e-05;0.000881073;3.08613e-08
2.74739e-06;0.011218;2.45208e-08;1.14944e-05;6.19179e-06;9.09155e-05;1.24571e-07;3.17041e-05;7.11409e-06;2.9224e-06;9.25615e-07;0.98823;0.000172903;0.000225353
5.2545e-05;0.992319;0.00042469;0.000176732;2.3146e-05;6.91538e-06;0.00243336;1.9205e-05;5.60413e-07;0.000786685;3.26268e-06;0.000633695;1.09086e-05;0.00310929
1.01646e-08;7.19872e-09;0.999997;1.24627e-08;4.77921e-08;4.65902e-09;2.10835e-06;1.87584e-08;1.03514e-08;4.27134e-09;4.6385e-07;7.71851e-08;1.11456e-10;1.26734e-10
0.000205915;0.866829;5.44409e-06;6.1885e-05;0.000222614;0.00100321;0.000556292;0.0157745;0.00139748;6.04575e-06;0.00161976;0.00109572;0.110705;0.000517064
2.93759e-05;0.00425088;1.14811e-09;1.66964e-06;1.14856e-05;1.04557e-05;6.34497e-07;0.176057;4.26446e-05;2.90326e-07;0.000128681;3.14272e-05;0.819321;0.000114432
1.26499e-06;0.000239549;2.54078e-07;7.79992e-06;2.40209e-07;6.11183e-08;1.58463e-08;4.74441e-06;7.32227e-06;3.11817e-07;1.14399e-05;0.999692;2.02953e-05;1.45216e-05
3.44845e-07;0.999971;3.71265e-07;3.23753e-06;5.7012e-08;1.0384e-08;7.97827e-07;8.49037e-06;1.84789e-08;1.61225e-07;1.04622e-07;1.83232e-06;1.22104e-05;1.26249e-06
5.93178e-06;0.965787;1.3457e-06;5.88611e-05;3.99577e-06;1.24061e-06;1.42218e-06;0.0319727;6.84627e-07;8.06164e-07;2.70414e-06;0.000782008;0.000941317;0.000440105
1.13834e-05;0.000283524;3.54559e-09;5.09473e-06;6.9365e-05;2.02965e-06;2.27824e-07;0.00015713;4.48314e-05;2.55622e-06;0.000116735;0.999116;5.63229e-05;0.000134615
2.47562e-05;0.961057;2.77514e-05;2.28125e-05;0.00177742;6.16095e-05;1.63952e-06;2.23925e-05;7.58288e-08;5.717e-06;3.62345e-06;0.000650026;0.0361448;0.000200274
0.000162429;0.161243;3.46368e-08;1.0186e-06;0.00300094;5.92818e-05;8.91555e-05;0.0270749;7.9183e-07;1.5056e-06;1.5413e-05;0.015843;0.720284;0.0722245
2.85691e-05;0.0139678;0.00638771;0.000179927;0.00339409;0.00106541;1.05816e-06;0.00970333;3.36098e-05;1.77497e-06;7.25588e-05;0.871648;0.00950273;0.0840131
5.02077e-05;0.940802;1.2306e-06;0.000116731;3.08208e-05;0.000918811;2.02311e-05;0.0161625;1.27457e-05;1.12428e-05;0.000234842;0.00286062;0.0337896;0.00498886
2.88876e-07;0.000135418;2.21588e-10;3.47362e-09;5.64993e-09;1.07537e-08;2.39487e-09;0.000223972;2.29172e-08;2.74194e-10;3.27218e-07;3.82716e-06;0.999636;1.18716e-09
1.0456e-05;0.00151109;8.83687e-06;1.45416e-06;1.60883e-06;2.77891e-06;2.2696e-07;0.00064624;1.90559e-06;6.43593e-07;7.40631e-07;0.992713;0.00492222;0.000179081
6.54468e-05;0.260511;7.51702e-06;0.000223482;0.000137521;0.00127845;1.78202e-05;0.0155471;5.93489e-05;4.84091e-05;0.000136972;0.0485857;0.673333;4.81364e-05
0.000231691;0.955123;1.52002e-06;0.000391217;0.000517469;5.69319e-05;9.9892e-06;0.0154005;1.73757e-05;3.74791e-05;0.000745506;0.0152788;0.00841091;0.00377749
1.31956e-06;0.986192;2.72571e-10;1.3611e-07;5.49919e-09;1.47462e-07;0.0127473;4.86513e-07;3.75452e-08;0.000100269;8.84907e-07;1.11247e-09;4.1079e-06;0.000952948
3.87426e-11;1.88141e-11;1;1.56598e-11;5.25626e-11;2.86184e-12;9.90977e-10;1.64262e-10;4.46695e-12;8.46604e-12;1.09481e-10;6.99193e-08;7.73189e-14;3.55677e-13
0.000115259;0.589285;5.41403e-05;0.000751175;0.000118532;0.000953697;0.0204015;0.0834814;0.0581955;0.000182318;0.0140449;3.04717e-05;0.232355;3.08592e-05
8.21598e-06;4.09308e-05;5.02585e-10;7.09666e-08;5.0779e-07;3.29663e-08;5.17977e-08;0.999847;4.67028e-05;4.0639e-08;1.77848e-06;1.83213e-06;5.28616e-05;5.00826e-07
1.57786e-06;0.0160709;8.75911e-07;6.44071e-06;2.73245e-07;4.62875e-07;0.00139093;1.45105e-07;1.14802e-06;0.0044847;1.07097e-06;7.28507e-06;4.3374e-08;0.978034
8.26724e-10;2.2779e-11;0.999998;4.33145e-10;2.0276e-10;1.68286e-10;1.65038e-08;4.21843e-11;3.84411e-09;4.34105e-10;3.37831e-08;2.1822e-06;2.00273e-14;7.80991e-11
8.89416e-07;0.994998;1.03154e-08;1.8837e-08;3.66256e-09;3.68624e-08;1.3054e-06;2.15771e-05;5.38069e-07;1.72226e-08;4.00113e-07;7.63276e-08;0.00497709;9.21153e-09
1.47728e-07;0.00187346;1.92544e-07;1.12532e-06;2.25032e-06;7.99775e-06;7.01062e-09;3.44783e-05;1.02952e-06;3.79485e-08;6.34426e-07;0.998001;7.78568e-06;7.01079e-05
4.65826e-06;0.0058737;1.01804e-06;2.82469e-06;1.01678e-05;2.14168e-05;9.27244e-07;0.00102716;1.31642e-06;4.91563e-08;8.16829e-06;0.00445253;0.988585;1.07294e-05
2.97088e-05;0.786541;0.000241088;2.73835e-06;0.000103206;0.000584264;9.11767e-07;0.127775;4.00948e-06;8.61117e-07;1.04738e-06;0.00250458;0.0772252;0.00498633
1.08325e-05;0.00609965;2.84964e-07;4.94277e-06;0.00020021;0.000444686;6.86829e-08;0.0655646;2.59583e-06;6.24564e-07;4.51127e-06;0.000495872;0.925638;0.00153353
2.55681e-06;0.0016738;6.62535e-06;5.27552e-06;2.69902e-07;1.02602e-06;1.01293e-07;0.000123642;4.96302e-06;4.91285e-07;6.20881e-06;0.996317;0.00185595;2.39842e-06
0.000445144;0.849217;0.00102413;0.00100121;0.000584905;0.000484215;4.47659e-05;0.0345062;4.9444e-05;2.96674e-05;0.000380606;0.048862;0.0605639;0.00280709
8.62841e-05;0.752933;2.9576e-05;0.000124544;0.000890491;0.000895372;1.94301e-06;0.0718985;1.49381e-05;1.43137e-05;0.000136973;0.0233296;0.0768504;0.0727944
1.31175e-05;0.993623;2.24171e-09;2.23152e-06;2.30293e-06;6.19361e-06;0.000190723;0.000693755;1.63101e-06;2.53401e-05;3.2561e-05;5.87824e-07;3.57978e-05;0.00537337
9.07176e-08;5.51738e-07;0.999788;1.01537e-08;3.42159e-08;4.47993e-10;1.13737e-08;2.51655e-07;3.07321e-09;4.82579e-09;4.89023e-08;0.000211369;8.98673e-10;8.02175e-10
2.23092e-06;0.74266;1.53778e-08;4.90023e-06;4.07209e-06;2.77126e-06;0.0049768;2.65411e-06;2.80127e-05;0.000220491;5.12893e-05;9.21793e-07;2.82428e-05;0.252017
8.60733e-05;0.0375846;1.03056e-06;3.55351e-05;1.26215e-07;1.9101e-06;0.415964;0.00136444;0.155692;1.26309e-05;0.386875;5.47949e-06;0.00237698;5.15924e-08
2.27343e-06;0.995188;3.05108e-09;1.62041e-07;9.33045e-08;3.78565e-08;1.1913e-06;2.28025e-05;2.28314e-07;5.90051e-08;6.86349e-07;9.42949e-05;0.00468968;3.15192e-08
8.34549e-06;0.490634;1.49269e-06;2.51193e-06;1.72269e-05;1.10563e-06;1.59423e-07;0.00814313;3.74367e-06;3.9569e-07;6.04106e-07;0.483927;0.0171866;7.39701e-05
0.000241995;0.857803;3.78745e-07;0.000307797;0.00108082;0.0117208;0.00021828;0.0028824;0.00179908;4.07627e-05;0.00052462;0.00125381;0.0956586;0.0264675
0.000104461;0.000653862;3.22537e-08;1.19264e-06;6.41075e-06;1.50735e-05;7.3253e-07;0.0347356;8.5576e-05;9.4982e-08;0.000227828;7.76998e-05;0.964087;4.45874e-06
3.73274e-06;0.000315892;7.13333e-07;7.011e-07;4.58487e-07;1.24474e-06;6.97615e-10;5.46732e-05;2.94092e-06;3.64412e-08;9.75779e-07;0.998899;0.000717951;1.77172e-06
3.81977e-07;0.990255;1.51508e-08;6.649e-08;1.34804e-07;3.56176e-07;6.30038e-09;5.41831e-06;1.16217e-08;2.82537e-08;1.04522e-08;0.00324227;0.00649611;1.18237e-07
6.64983e-06;0.306476;3.07813e-06;0.00178255;0.00636908;0.0164827;9.57299e-07;0.0258171;2.92806e-05;0.000154839;0.000148229;0.610159;0.00600489;0.0265662
3.65378e-05;0.92444;5.13815e-07;0.00157677;0.000361109;0.00272036;0.000105476;0.0008511;0.000269843;3.6567e-05;0.00735599;0.0558462;0.00585874;0.000540353
0.000221863;0.885637;3.20972e-05;7.79276e-06;1.59498e-07;1.78814e-07;2.90046e-05;0.00128931;6.90478e-06;1.92207e-07;0.000132927;0.108918;0.00372473;3.84815e-08
6.40083e-05;0.830858;8.88841e-06;5.09775e-05;0.000416712;0.000128552;2.55941e-07;0.0506302;2.5447e-06;6.39943e-06;9.65345e-07;0.000739689;0.112686;0.00440775
5.09333e-06;0.998787;7.60708e-09;2.20266e-06;7.22041e-09;2.08195e-07;0.000988277;5.56718e-05;2.24978e-06;6.84395e-05;3.82089e-06;1.09855e-06;1.55747e-05;7.07491e-05
1.10194e-08;1.35052e-08;0.999997;1.28331e-08;2.64932e-10;4.64483e-11;2.23377e-06;3.0642e-09;8.11104e-09;2.27113e-08;1.58063e-07;9.46941e-08;2.46423e-11;2.04865e-12
0.000354228;0.838747;6.46706e-08;3.09954e-05;1.40336e-05;1.05803e-05;0.0744352;0.0702746;0.010426;0.00126652;0.00326983;1.41809e-06;0.000303834;0.00086546
1.68372e-09;5.31233e-09;0.999999;2.95809e-09;1.78973e-09;4.01459e-11;5.78565e-09;2.96391e-08;1.11004e-09;2.34691e-10;2.97107e-09;6.64286e-07;5.74638e-11;2.19894e-11
0.000708814;0.0861151;2.17956e-06;0.000959741;0.00373108;0.00105344;0.00085775;0.150561;0.180667;0.000395933;0.0301238;0.0572506;0.120443;0.36713
6.35077e-06;0.0809794;5.6217e-06;5.59746e-07;8.97245e-05;4.13107e-05;6.38961e-05;0.915702;3.73312e-06;5.29541e-05;3.01896e-06;8.89433e-06;0.00260573;0.000436717
2.74785e-09;1.61125e-09;1;3.38428e-09;3.38172e-08;1.49248e-09;4.13441e-09;1.83602e-08;1.4015e-09;1.04221e-09;5.29966e-09;4.36254e-07;1.37093e-10;5.77444e-10
3.04121e-06;2.43095e-05;0.99579;2.80227e-06;1.92925e-05;9.38839e-07;4.50944e-07;0.00147019;1.94143e-06;2.44299e-07;3.57367e-07;0.0025012;9.57272e-07;0.000184529
4.29248e-07;6.00844e-05;2.26961e-06;3.81539e-08;1.90448e-05;4.10153e-05;4.55129e-09;1.00157e-05;1.08959e-08;3.99415e-08;3.90287e-08;7.19491e-06;7.9602e-08;0.99986
0.000230865;0.000372027;1.35347e-08;4.306e-07;4.20931e-05;2.58673e-06;1.71842e-07;0.993601;3.13276e-05;1.4181e-08;5.17853e-05;0.000638333;0.00502956;1.67898e-07
2.95591e-07;6.02785e-05;9.46262e-12;3.34598e-10;1.0925e-07;1.36036e-09;1.56608e-10;0.99992;2.81693e-09;4.77201e-10;1.02151e-10;2.13078e-08;1.88824e-05;1.97879e-08
7.24502e-08;9.1753e-05;2.10744e-06;5.68376e-06;0.000661423;0.000730695;4.80102e-08;1.05358e-05;4.3703e-09;9.90248e-07;5.5784e-08;0.00745053;2.29633e-05;0.991023
3.94682e-05;0.075573;4.94004e-06;0.000117979;3.23503e-06;4.29445e-07;0.000610942;0.00312949;0.000154092;3.89762e-06;0.00172007;0.000125729;0.918515;1.43028e-06
2.03929e-06;0.998655;1.61556e-08;0.000382502;2.98922e-06;8.11028e-07;7.98187e-07;0.000496435;1.59043e-05;1.08023e-06;7.41768e-06;0.000190807;0.000223465;2.09422e-05
4.57036e-05;0.0179936;2.01866e-07;1.27215e-06;2.82911e-05;7.19899e-07;6.9623e-08;0.979638;4.13735e-07;2.49155e-07;6.63042e-07;0.000718962;0.00108909;0.000482422
7.35035e-07;0.994605;3.48851e-06;3.45253e-06;2.51531e-05;1.29861e-05;0.00012965;0.0022957;1.52896e-07;2.54834e-05;7.36774e-07;8.40074e-05;0.00060735;0.00220637
6.49674e-11;1.29718e-11;1;9.87901e-10;6.40273e-11;1.74208e-11;1.26299e-09;2.6843e-09;1.53022e-10;6.2425e-11;5.79944e-09;5.55116e-08;9.98853e-11;2.12513e-13
8.51282e-07;6.71793e-06;0.998158;1.70384e-06;3.27129e-07;2.31734e-08;3.29994e-07;7.38542e-06;2.8322e-06;1.35169e-07;1.10182e-05;0.00180981;7.65315e-08;1.07646e-06
1.56901e-06;0.0221354;1.19837e-08;1.68507e-07;7.36344e-06;0.000276137;1.73993e-05;8.19637e-07;5.02434e-07;2.34493e-05;1.39022e-06;8.91799e-11;2.24245e-07;0.977536
9.99488e-10;3.10638e-09;0.999999;1.77715e-10;3.44238e-09;1.31809e-10;5.79632e-11;3.86236e-11;3.05319e-12;4.1574e-12;4.7823e-11;1.35292e-06;1.51269e-12;1.00763e-10
1.65667e-06;2.85055e-06;2.96734e-07;3.99483e-08;0.011444;1.32495e-06;6.7832e-10;0.988434;2.2223e-08;2.68402e-10;3.30046e-09;3.71175e-06;3.39124e-06;0.000108487
2.26446e-08;2.31988e-06;1.03433e-07;5.30165e-10;5.14081e-06;3.25408e-09;3.21457e-10;0.999982;1.50729e-09;6.98759e-10;9.42034e-11;6.1236e-10;1.03082e-05;3.67095e-09
2.02477e-08;2.833e-05;0.999959;9.9635e-08;8.12377e-06;2.8381e-06;3.59788e-12;2.943e-07;3.26091e-12;2.67055e-09;2.34266e-10;5.35207e-07;2.48964e-07;5.93321e-07
1.06447e-07;0.997296;6.28475e-07;5.44179e-07;3.73697e-07;1.93403e-07;1.63492e-06;0.00240406;1.16481e-06;5.4614e-08;3.58414e-06;0.000102191;0.000184658;5.21107e-06
