8.45506e-06;0.171951;4.04375e-09;9.5763e-05;0.000462708;7.41908e-07;9.13874e-07;0.825153;0.000166483;1.92445e-06;5.29445e-05;0.00208704;1.1057e-05;7.54785e-06
6.91667e-05;0.961589;0.000340466;0.000791079;5.42684e-05;0.000118429;7.85398e-06;1.59732e-05;2.73318e-06;3.97589e-05;8.43374e-05;0.0113392;0.0253643;0.000184028
0.000394396;0.610815;2.42118e-09;1.66501e-05;5.01073e-05;7.94634e-06;1.30764e-05;3.62458e-05;1.04982e-06;6.00541e-07;3.51006e-05;0.376396;0.0112748;0.000958654
0.000441944;0.104291;2.63922e-05;4.20256e-06;0.369987;0.00016206;3.73236e-07;0.187864;5.60554e-08;2.86913e-06;1.58335e-08;8.42143e-05;0.323651;0.0134852
3.27134e-06;0.000468909;8.3679e-07;2.88449e-06;5.69473e-06;0.000287946;1.32576e-06;6.77256e-06;1.07367e-05;2.64025e-06;8.16255e-07;1.93603e-05;0.999159;2.94931e-05
7.44099e-07;0.000616217;0.99862;2.06167e-05;3.4927e-07;4.96334e-06;0.000257604;2.89416e-09;1.23734e-07;0.000160629;3.92704e-07;0.000223959;1.13813e-06;9.29746e-05
7.958e-08;6.78975e-08;0.99998;9.72772e-08;2.34776e-08;3.06069e-08;7.25585e-06;3.18347e-08;6.37587e-07;2.57263e-08;1.1366e-05;7.97278e-08;5.46847e-10;5.97181e-09
5.555e-06;0.00353806;3.34749e-09;5.60912e-07;6.81363e-05;5.886e-06;8.31655e-08;0.988558;6.57111e-05;1.26432e-07;0.000137889;0.000498245;0.00699369;0.000128438
2.2028e-05;0.972627;3.03582e-07;1.01483e-06;1.10115e-05;1.57806e-06;0.0026437;0.000147359;4.58322e-07;0.0031382;5.9667e-06;1.4245e-05;3.01517e-05;0.0213567
7.42164e-08;4.02573e-08;0.999714;4.53739e-09;1.17394e-07;2.12032e-09;7.24803e-07;2.77407e-09;1.00069e-08;5.64369e-08;1.37832e-07;0.000284836;2.36162e-11;4.57224e-09
6.04928e-06;0.00941449;0.990356;2.26568e-07;1.48619e-06;2.50396e-09;0.000129699;1.80781e-05;1.8288e-06;2.95799e-07;3.27313e-07;4.09219e-05;2.69806e-05;3.31611e-06
3.22841e-06;0.997154;5.07588e-09;5.90594e-08;1.07746e-05;8.15669e-08;0.00010246;0.00186781;1.91933e-05;1.41192e-06;1.06428e-07;1.02588e-05;3.65066e-05;0.000794163
1.88856e-06;0.0134726;0.00222434;1.85299e-06;0.000151202;6.09584e-06;1.26581e-08;3.86799e-06;3.45597e-08;9.82824e-08;2.00169e-08;0.983516;6.63993e-06;0.000614948
8.52679e-08;0.999267;1.12537e-12;5.66665e-10;2.64963e-09;1.58132e-09;0.000362423;1.30964e-05;1.98512e-08;1.35022e-07;9.76198e-10;2.28624e-11;1.24191e-06;0.000356188
1.95201e-11;1.06342e-10;1;1.32088e-11;1.00967e-09;6.10278e-10;2.15446e-11;3.11777e-09;2.82207e-12;5.56909e-12;1.01081e-12;5.31101e-08;1.19173e-12;9.5964e-12
6.50246e-07;0.00190085;7.41761e-09;1.92402e-08;1.27073e-07;1.89026e-07;3.11956e-09;0.0180028;2.20836e-06;2.85007e-09;2.20025e-06;0.000114461;0.979976;1.19923e-07
1.9996e-05;0.0160456;6.79923e-06;3.44886e-05;3.13526e-06;4.80353e-06;3.80661e-06;0.000870363;8.78329e-05;6.5909e-06;0.000185923;0.973915;0.00872484;9.05951e-05
4.3968e-05;0.935487;3.40895e-06;0.0001336;9.39471e-05;1.99905e-06;8.67982e-05;0.0528022;7.25956e-05;2.14315e-05;0.000563898;0.0102992;0.000307279;8.27042e-05
0.000595033;0.596585;0.000696232;0.00163931;0.000151793;1.41485e-05;0.00191425;0.028674;0.000231019;3.92817e-05;0.00324171;0.277403;0.0843439;0.00447164
0.000261348;0.902843;3.07864e-05;2.3092e-05;0.00019856;2.71662e-06;1.35411e-06;0.0631903;5.92116e-05;2.84604e-06;0.00010781;0.0142099;0.00303385;0.0160355
0.000276788;0.250532;2.44265e-05;2.0451e-05;0.0502967;0.00128069;4.05056e-05;0.0088753;1.71886e-05;6.02455e-05;6.19383e-05;0.0506105;0.00523689;0.632667
2.35571e-06;0.0486673;1.05055e-05;1.6631e-07;2.07568e-07;3.62364e-06;3.11827e-07;0.000104483;1.64739e-06;1.42118e-07;3.61466e-06;0.00042062;0.950785;4.82901e-08
5.73696e-06;0.000461261;0.949941;0.00010507;0.000224497;7.45041e-05;7.0331e-05;2.34368e-06;1.63593e-06;0.000174064;7.44387e-06;0.0485868;0.000149671;0.000195368
1.17699e-06;1.40281e-06;0.999284;1.41229e-06;1.45325e-06;2.10377e-07;0.000290496;1.78099e-06;3.5998e-05;9.32133e-07;0.000379982;1.46565e-06;2.19058e-08;2.01535e-08
4.56098e-05;0.868299;2.65198e-06;1.32848e-05;3.3667e-05;3.9404e-06;5.8398e-05;0.00725424;0.00010251;4.10146e-06;0.000158018;0.0319024;0.0920983;2.3983e-05
1.27728e-06;0.998362;3.91287e-07;5.07653e-06;5.62575e-06;1.43962e-06;0.000184321;0.000123732;4.72078e-05;7.46752e-06;0.000258407;0.000161622;0.000763231;7.81312e-05
6.00917e-05;0.00706013;0.000980168;0.00256289;0.000769683;2.76573e-05;1.327e-05;3.9696e-05;7.94337e-05;1.8214e-05;0.00222065;0.985379;0.000237103;0.000551552
6.58954e-05;0.993981;9.46287e-08;5.61702e-05;1.13078e-05;2.87327e-08;0.000164981;2.82859e-05;0.00109161;1.14948e-06;0.00396032;0.00033467;1.29998e-05;0.000290866
6.0455e-06;0.999257;5.69987e-10;7.03523e-07;3.15055e-08;6.63942e-09;7.49474e-07;0.000105881;1.60435e-05;5.19941e-08;1.27533e-05;9.03498e-05;0.000509312;7.84783e-07
1.20522e-06;0.00343585;1.23515e-06;7.5709e-08;4.23717e-08;4.74365e-10;2.97282e-09;0.000208523;2.42786e-07;3.92933e-10;2.30038e-07;0.996335;1.81024e-05;2.02351e-08
1.13417e-05;0.857222;1.49085e-06;7.181e-05;0.0222308;1.90646e-05;2.43599e-08;0.0944672;3.57358e-06;3.59275e-06;1.38921e-07;0.00153384;0.000575676;0.0238593
2.99376e-07;1.15855e-05;5.49676e-09;2.87302e-08;4.00045e-09;2.3054e-05;6.04785e-08;2.40324e-08;8.13975e-07;2.08158e-07;1.67427e-07;6.02685e-08;0.999964;3.12066e-08
3.39802e-08;3.30219e-06;0.999996;2.82307e-08;1.32868e-08;4.6549e-09;1.14625e-09;1.81351e-08;2.98995e-10;7.11112e-09;2.20923e-10;4.53735e-07;2.69118e-09;2.06433e-08
1.91032e-06;0.984379;1.92988e-06;1.19914e-05;3.62296e-05;9.79096e-06;6.84701e-06;0.0128282;0.000146537;1.13226e-06;8.85702e-05;1.2098e-05;0.00232211;0.000153451
