6.69864e-07;0.999662;3.29934e-06;1.48735e-06;2.76538e-07;1.08142e-07;1.22882e-06;0.000313451;1.2101e-08;5.42174e-07;6.26494e-09;7.13568e-07;1.08824e-05;5.43628e-06
1.42058e-08;2.74446e-08;0.999996;2.32491e-08;2.08374e-08;5.35593e-10;3.41239e-09;2.1409e-06;9.07286e-09;3.18701e-10;3.72472e-08;1.28114e-06;8.06584e-09;3.33441e-10
2.25615e-08;7.12185e-06;1.51533e-05;1.34986e-07;6.91897e-07;1.03994e-08;9.09286e-08;3.47974e-05;7.81173e-08;5.11121e-08;5.9358e-08;0.000317081;2.36334e-07;0.999624
2.45006e-07;4.09856e-06;3.63717e-11;2.35084e-08;0.000279706;4.4418e-06;1.30481e-07;0.999632;5.35767e-05;3.1595e-09;2.01237e-06;5.91045e-08;2.30995e-05;3.69875e-07
3.68999e-08;6.9937e-05;0.99987;2.92115e-07;1.9355e-05;3.00966e-07;3.15044e-10;1.43663e-08;3.90056e-11;2.95282e-09;6.96242e-10;3.44377e-05;4.06487e-07;5.08569e-06
1.94603e-08;0.999977;7.83529e-10;1.3878e-09;1.07493e-08;2.15896e-10;5.48201e-09;5.83299e-06;6.3795e-09;3.78623e-12;6.76441e-09;2.02831e-06;1.49252e-05;1.4764e-08
1.80878e-07;0.965837;2.34511e-07;5.63344e-08;1.66912e-06;5.11359e-08;1.53397e-08;1.92583e-05;1.16412e-10;5.53512e-08;6.61927e-11;6.68641e-05;0.0240697;0.0100049
3.18254e-08;0.0189345;6.98255e-05;6.85437e-07;6.0383e-06;4.28881e-06;7.70527e-09;0.00049501;1.81257e-08;4.37614e-08;1.10653e-09;0.966214;9.91782e-05;0.0141762
2.28272e-07;0.00464886;4.39383e-08;1.27777e-06;2.62731e-07;5.92233e-05;6.16733e-06;1.04687e-05;2.04075e-06;1.85182e-06;1.08574e-06;8.74635e-07;0.995263;4.32632e-06
2.16257e-06;0.000620424;0.984032;6.55837e-06;1.36509e-06;8.73357e-07;7.59385e-08;1.99982e-06;2.10385e-08;1.02869e-07;2.85474e-08;0.0152643;5.92601e-05;1.0952e-05
6.20379e-06;0.973607;1.00937e-07;7.82658e-05;2.01863e-05;4.4216e-05;4.37717e-05;0.000683083;8.57783e-05;6.33043e-07;5.40631e-05;0.000181394;0.0235603;0.00163522
2.72592e-06;0.0213274;2.28219e-08;9.92637e-09;7.20384e-07;1.02048e-08;8.2306e-10;0.976436;8.50947e-09;1.27359e-08;4.05905e-09;3.33943e-06;0.00222898;1.06701e-06
1.60255e-08;0.000453405;0.000195393;1.20723e-07;2.41512e-06;2.5881e-07;6.37163e-09;1.81397e-05;4.64456e-09;8.30614e-08;1.33262e-08;0.999132;0.000158671;3.97367e-05
1.19999e-06;0.00494212;1.85792e-07;4.10785e-06;0.000118945;0.00135659;2.49107e-05;0.000139371;1.84029e-05;6.23252e-05;4.22852e-05;1.04284e-07;0.993265;2.43836e-05
8.74042e-05;0.000227905;0.99882;1.31356e-06;4.11988e-05;1.8473e-07;1.07448e-07;6.07656e-05;3.75986e-07;5.17656e-07;4.6295e-08;0.000753396;3.66306e-07;6.59231e-06
0.00010857;0.0144522;2.77947e-07;2.95768e-05;0.00163588;9.25569e-05;7.25855e-05;0.970905;0.00700715;2.56639e-06;1.17311e-05;2.11682e-05;0.000887716;0.0047733
9.34867e-05;0.00239366;7.81471e-08;4.56753e-07;2.28434e-05;2.05273e-07;1.08716e-08;0.989773;2.12864e-05;3.2842e-08;1.25831e-06;6.78089e-05;0.00762466;1.00285e-06
8.11084e-06;0.972735;1.69786e-07;7.33462e-06;3.66091e-05;1.4617e-06;0.00228893;0.000872747;4.03857e-07;0.00327186;4.25111e-08;1.01233e-07;4.81073e-06;0.0207719
2.82446e-09;1.08653e-10;1;2.54317e-09;1.31034e-08;9.60479e-10;4.36498e-08;1.90673e-07;5.05908e-09;2.36873e-09;1.96299e-09;2.1958e-07;2.20954e-13;1.18805e-11
1.27711e-06;0.998955;2.24295e-07;4.88247e-07;1.87899e-08;7.81929e-09;2.71901e-07;3.17743e-08;6.69711e-08;2.00297e-08;1.37481e-07;8.40233e-07;0.00104197;6.76962e-08
3.71623e-07;0.00103739;1.33392e-07;5.53893e-07;1.6968e-07;3.74438e-08;2.63958e-07;3.74814e-05;3.48078e-05;1.10175e-09;7.06522e-06;0.998864;7.97226e-07;1.70488e-05
7.69801e-06;0.954726;6.87589e-06;5.77508e-05;7.27008e-05;0.000176304;3.19326e-06;0.000702205;1.59084e-06;4.94304e-07;6.42025e-06;4.87392e-05;0.0355182;0.00867151
3.65272e-06;0.0143045;2.04327e-09;2.31548e-07;3.02795e-05;5.17626e-08;1.85018e-07;0.978384;4.4965e-07;1.97006e-07;1.52263e-07;0.000349671;2.74576e-06;0.00692361
7.69817e-07;0.000121284;0.997657;5.74242e-06;0.000469779;1.11592e-05;8.1317e-09;0.000912115;2.3859e-08;7.23589e-08;4.18831e-08;0.000767159;3.9637e-07;5.41909e-05
0.000278538;0.00592997;7.49525e-07;5.55319e-06;2.0393e-05;6.15771e-05;6.54012e-05;0.00126922;0.000631648;3.6447e-06;0.00869645;0.000427572;0.982608;1.35935e-06
3.39326e-05;0.00278123;0.995536;5.38747e-06;1.21366e-05;1.46962e-06;2.18893e-07;8.91431e-06;1.55838e-07;6.26714e-07;2.24328e-07;0.00139608;7.32704e-06;0.000216299
3.64591e-06;0.997682;3.72655e-08;4.48575e-07;8.97106e-06;3.12415e-06;1.00805e-05;0.00060923;9.93541e-06;6.38236e-08;7.51099e-06;0.000206536;0.00145642;2.32262e-06
2.86762e-06;0.956154;2.15017e-06;1.73208e-06;5.062e-06;8.8681e-07;3.42024e-08;0.000948542;2.4731e-06;1.9414e-07;4.06836e-07;0.0289124;0.0139352;3.42104e-05
5.14124e-06;0.00183735;0.000845717;1.15028e-05;0.0100058;6.76539e-05;1.1649e-08;0.024061;6.45758e-07;1.24042e-06;4.02609e-07;0.946671;0.0162152;0.000277157
0.000121214;0.509224;1.61155e-05;0.000250393;0.00310184;0.00340583;0.000146383;0.462961;0.00117792;0.000257532;0.000193093;0.00226995;0.015945;0.000929223
1.6779e-05;0.0157033;8.58879e-10;3.38523e-06;6.84548e-06;3.37732e-05;1.23182e-05;0.000320528;8.34139e-05;1.44864e-06;4.21106e-05;9.75556e-05;0.983676;2.06216e-06
5.96902e-05;0.00352124;3.64243e-06;3.11573e-05;1.89611e-05;1.71832e-05;1.8685e-06;0.0001503;8.34378e-05;9.0237e-06;2.18976e-05;0.989511;0.0065467;2.39681e-05
0.000180906;0.997545;0.000212121;5.27532e-05;7.36425e-06;4.31371e-06;3.96689e-06;0.000484282;2.00556e-06;4.04197e-06;9.63683e-07;0.00108035;0.000330471;9.10109e-05
8.92391e-06;0.957112;1.66238e-05;5.89556e-06;1.3911e-06;3.32834e-07;0.0194244;0.000379889;7.74962e-07;0.00171635;6.22006e-07;1.2587e-05;5.64928e-06;0.021314
3.28219e-10;2.07905e-10;0.999997;3.83869e-10;1.18173e-08;2.30136e-09;3.07058e-08;2.93412e-09;7.2644e-11;8.47919e-10;3.86069e-10;2.56447e-06;1.83009e-14;5.7035e-11
1.54179e-06;0.997253;6.00947e-09;1.84616e-08;7.25083e-09;2.72419e-08;5.45253e-06;1.20242e-05;2.62072e-07;2.81301e-08;6.98393e-08;2.89725e-07;0.00272715;1.9626e-09
3.84961e-07;0.0278595;1.66197e-07;5.32379e-07;9.59236e-07;2.28669e-06;5.54404e-08;0.000180574;3.36564e-06;1.10511e-08;8.93728e-07;0.971806;1.08435e-05;0.000134647
1.9613e-06;0.0305875;3.93501e-07;1.0987e-06;1.72647e-05;1.85807e-05;3.74964e-08;0.0021606;7.673e-07;1.05497e-08;2.46553e-07;0.000814001;0.966376;2.10967e-05
5.63628e-05;0.9023;4.80309e-05;7.32534e-06;4.61114e-05;0.000125726;3.20273e-06;0.0296553;3.50705e-05;5.53594e-07;3.50678e-06;0.00105881;0.00216854;0.0644916
3.40702e-05;0.00802834;4.67315e-08;4.51934e-06;5.80059e-06;5.09709e-06;7.28551e-08;0.0580373;7.26997e-06;5.05689e-08;7.58763e-06;0.000146466;0.933619;0.000104024
2.89818e-07;3.31686e-05;2.21791e-09;2.67072e-07;1.96002e-08;2.33076e-09;5.97607e-10;3.13811e-06;2.1528e-06;3.33173e-09;1.18011e-06;0.999949;9.40006e-06;1.2583e-06
2.12413e-07;0.993349;1.89252e-06;4.65826e-07;6.3902e-08;4.92644e-08;1.78388e-08;4.19715e-08;1.04741e-09;1.62096e-08;3.83513e-08;1.3146e-06;0.00664639;3.11401e-08
2.04505e-08;0.00164022;3.29137e-09;4.30004e-08;7.45839e-09;2.85257e-09;2.76985e-09;2.65453e-06;7.98967e-09;2.02384e-10;7.94338e-07;0.998346;4.76108e-06;5.71665e-06
1.3181e-06;0.170299;3.30855e-06;7.98102e-07;0.00499263;5.03674e-05;7.33508e-09;0.586623;5.17454e-09;3.06758e-07;1.44683e-08;4.74355e-06;0.237962;6.29695e-05
1.44852e-08;4.66118e-07;2.77449e-09;3.49519e-08;9.15076e-09;9.74134e-05;3.5519e-08;2.17232e-08;3.3108e-08;1.25859e-07;1.0362e-07;1.08567e-08;0.999902;2.72718e-08
2.26334e-08;1.11271e-07;1;2.70651e-08;6.67327e-09;4.16461e-09;8.93761e-10;5.82923e-10;7.27129e-11;3.24269e-09;2.19931e-10;3.54966e-08;3.98671e-10;1.45513e-08
2.08616e-05;0.990541;1.94006e-06;3.82627e-05;1.84553e-05;2.10659e-05;0.000506532;0.00114032;0.00304288;3.15037e-06;0.00276875;4.80809e-06;0.00174572;0.00014603
