2.38807e-06;0.99987;4.08556e-05;1.05167e-05;2.80871e-07;1.67336e-07;8.16018e-07;1.87741e-05;1.00127e-07;5.82737e-07;2.09598e-07;4.17867e-05;1.3111e-05;4.97828e-07
2.59129e-05;0.76833;2.67748e-07;2.16107e-05;6.60907e-07;1.92455e-05;8.50478e-06;6.25622e-06;7.37575e-06;1.01593e-06;2.64338e-05;0.0162744;0.21525;2.84785e-05
9.75032e-06;0.00290071;6.01417e-07;4.50887e-05;9.55028e-05;4.55258e-05;3.86188e-07;0.000114033;6.86549e-05;3.89751e-06;3.51003e-05;0.992119;0.000188877;0.00437252
1.36651e-06;0.018148;1.71713e-10;1.58092e-06;0.0001118;3.07936e-08;8.38748e-06;0.981672;3.73114e-05;1.17205e-06;1.4546e-05;1.47238e-07;2.45165e-06;1.08714e-06
0.000119827;0.0274358;0.859589;0.00311361;0.000192729;0.000197897;1.61666e-05;2.77795e-05;2.37129e-05;4.05975e-05;0.00124757;0.106591;0.000304516;0.00110023
0.0019436;0.940933;1.15662e-07;7.68169e-05;7.02028e-05;0.000354714;0.00022577;0.0113871;0.000880778;7.1097e-06;0.00267626;0.0219725;0.00687907;0.0125928
0.000243125;0.00184319;1.76861e-09;3.27714e-07;3.5902e-06;1.54092e-06;3.58924e-07;0.117876;6.86998e-05;9.65265e-09;4.47295e-05;5.79038e-05;0.87986;8.04183e-07
1.21025e-05;0.000143757;2.42077e-07;2.80048e-06;2.17175e-06;2.67662e-07;1.68133e-08;6.69816e-05;7.03493e-05;4.82727e-08;8.34376e-06;0.999367;0.00021356;0.000112757
3.56912e-08;6.82079e-07;1.51057e-13;1.50733e-10;3.6852e-08;4.19487e-10;2.75376e-10;0.999997;4.46942e-07;9.56707e-11;4.84786e-09;4.76116e-10;1.55294e-06;1.08426e-10
2.95693e-06;0.000144489;1.79756e-06;0.000752908;0.00107341;0.00113386;3.64737e-07;3.72311e-05;6.53712e-05;3.61648e-06;0.000266342;0.792028;5.11208e-05;0.204439
1.68151e-07;0.999798;7.00921e-13;1.04237e-07;1.17546e-08;2.51647e-10;5.7353e-07;0.000189219;5.31302e-08;1.8514e-08;7.16007e-07;5.07563e-09;1.08592e-05;4.26065e-07
5.54498e-05;0.315434;0.281546;0.0117132;0.00417016;0.000706903;2.68301e-06;2.01811e-05;1.99517e-06;1.99013e-05;4.46076e-05;0.373892;0.00595748;0.00643595
9.85339e-05;0.699546;2.08363e-09;2.20644e-05;3.43491e-05;1.15023e-06;5.7848e-05;0.290043;0.000340932;3.97058e-07;0.000986688;0.000131155;0.00857383;0.000164275
2.42029e-05;0.0333837;0.946731;0.00402925;0.000112294;6.30112e-06;2.73142e-05;2.81062e-06;4.88752e-06;2.01688e-06;0.000119557;0.0142603;0.000817637;0.0004783
0.000310156;0.53019;2.20581e-08;3.038e-06;2.38059e-05;4.05755e-07;5.41735e-06;0.0375743;0.00035158;5.0631e-07;1.89865e-05;8.21881e-05;0.407198;0.0242417
4.58604e-05;0.00166182;1.52331e-05;3.75588e-06;0.127791;0.0005916;3.51765e-06;0.844734;0.00010572;1.18773e-05;2.21865e-05;1.73327e-05;0.0248847;0.000110898
2.07839e-07;5.48679e-05;0.999888;1.92434e-07;7.25676e-07;5.76433e-07;1.15773e-10;1.53157e-06;4.12594e-09;5.32148e-09;2.18305e-08;5.11041e-05;4.97878e-07;2.44613e-06
0.000112768;0.413993;0.000167736;0.000273967;0.0005898;0.00157079;0.000348658;0.33735;0.0126585;1.59462e-05;0.216942;0.000612892;0.00686021;0.00850446
