2.80787e-05;0.966892;9.77297e-09;8.57168e-06;3.99791e-05;8.64789e-07;1.14309e-06;0.0222238;2.14709e-05;4.31337e-07;8.68925e-06;0.00110648;0.009533;0.000135611
3.5872e-06;0.983947;7.88542e-09;8.50837e-07;0.000111066;6.8104e-09;0.00046879;0.0152153;8.18885e-08;3.66729e-05;2.1776e-06;7.35013e-06;2.35264e-05;0.000183763
6.90362e-05;0.00578244;0.0456151;0.00340662;0.00578961;0.00165272;0.000257263;3.48978e-05;9.12041e-05;0.000134242;0.00308106;0.93084;0.000438627;0.00280711
0.000189072;0.990268;2.55397e-06;7.99169e-06;7.30017e-06;2.21815e-06;0.000225619;0.000253252;0.000293671;1.27129e-06;0.00415094;0.00391304;0.000415946;0.000269148
2.61951e-05;0.00151832;1.83659e-09;8.249e-09;1.353e-06;3.01943e-09;1.14881e-07;0.998442;4.8047e-06;1.55104e-08;2.22569e-07;7.39566e-07;4.05245e-06;2.55277e-06
9.28938e-05;0.992453;2.50517e-06;9.30833e-07;6.30312e-07;4.3289e-07;0.00658351;0.000343638;0.000171338;8.45692e-05;3.92458e-06;5.39678e-05;2.0647e-06;0.000206333
8.11586e-10;1.42459e-08;0.999999;5.81654e-10;9.99802e-09;1.21113e-09;1.96081e-09;5.11939e-09;2.03947e-10;6.35742e-11;8.2585e-10;5.30053e-07;1.11881e-11;9.37301e-11
7.97146e-07;0.981816;4.07686e-06;1.45134e-06;9.87118e-07;3.94958e-07;4.43841e-07;9.25438e-05;1.38915e-07;9.11702e-09;2.81561e-06;0.0162498;0.00180394;2.60701e-05
1.3328e-05;0.832596;4.04764e-05;2.36429e-05;0.000343571;0.000178835;2.38747e-06;0.121624;2.00675e-06;6.43574e-05;3.01887e-05;0.00239897;0.00209893;0.0405836
6.16225e-07;0.00527953;1.35279e-05;1.33423e-07;2.46244e-08;3.50489e-08;4.35903e-07;3.33749e-06;1.6739e-08;1.66915e-08;2.73056e-06;0.994671;2.769e-05;1.33875e-06
3.48228e-08;0.993533;2.35272e-08;1.70203e-08;6.9014e-08;1.72416e-08;3.00699e-05;0.000156918;9.70269e-10;1.99343e-06;3.94984e-09;1.2413e-07;2.00063e-05;0.00625778
2.86945e-12;1.15353e-11;1;3.31214e-12;1.28383e-10;5.28544e-11;1.57277e-12;6.27495e-10;1.37336e-13;1.42288e-12;7.03939e-13;3.72593e-08;3.35338e-13;2.07412e-12
3.08532e-07;0.000150332;6.16193e-09;3.67917e-08;5.97448e-08;1.18215e-07;3.7943e-09;0.00340456;1.58321e-06;6.56617e-09;1.65267e-06;3.82711e-06;0.996437;6.69776e-08
1.11282e-05;0.0159015;9.61538e-06;1.55135e-05;2.60566e-06;7.55996e-07;1.50242e-07;0.000448363;1.32557e-05;5.30468e-07;3.70609e-05;0.981038;0.00248286;3.84402e-05
3.31866e-06;0.0686919;2.50157e-09;0.000286275;0.000574767;2.24885e-06;1.31491e-06;0.913479;0.000254433;2.34508e-05;0.000723623;0.014132;0.00182205;5.80401e-06
8.76914e-06;0.978056;0.000798437;0.00184117;9.64351e-05;0.000212345;0.000115214;9.19308e-06;2.72377e-07;0.00121424;0.000291377;0.000113629;0.0135361;0.00370629
0.000312747;0.0171516;0.00158169;0.000206752;2.70996e-05;9.57428e-06;2.68545e-05;6.76688e-06;2.34522e-05;9.06608e-07;0.00023586;0.980119;0.000229163;6.81911e-05
0.0235537;0.0567245;3.83723e-05;0.000220661;0.000233122;0.000147392;0.0130913;0.22385;0.611126;1.05031e-05;0.0666825;4.30469e-05;0.00418954;8.92239e-05
6.35037e-06;0.997911;4.39237e-10;4.73956e-07;2.50629e-07;7.37468e-08;0.000157057;0.000640899;9.73025e-06;2.83795e-05;3.3285e-07;2.78607e-08;5.86869e-06;0.00123958
2.08474e-10;9.04807e-12;0.999995;5.92896e-11;9.05001e-10;5.11646e-12;5.22529e-12;1.67471e-10;1.70792e-11;1.83278e-11;9.11719e-12;5.1663e-06;3.00586e-13;1.28444e-11
3.95627e-06;0.933484;1.72786e-09;3.18078e-06;1.55038e-05;3.80184e-08;5.27011e-05;0.0660312;0.000140895;5.00623e-06;1.58458e-05;3.25495e-07;8.10364e-06;0.000239506
5.32374e-05;0.00637275;0.271293;0.00362771;0.0339355;0.00117124;1.2834e-05;0.000198114;5.28229e-05;0.000197266;0.000517556;0.668636;0.00137076;0.0125605
2.85706e-05;0.912335;1.08486e-08;2.76436e-05;9.89265e-06;4.6622e-06;0.000268891;0.00327972;0.0106398;2.06385e-06;0.0454373;0.000518083;0.027412;3.57811e-05
7.23832e-05;0.104541;3.03502e-08;1.93063e-05;0.00164273;2.26676e-06;5.48306e-05;0.892127;0.000162452;1.86532e-05;8.82634e-05;0.00107693;9.42195e-05;0.000100342
0.000117359;0.062969;0.929101;8.32462e-05;0.0013132;0.000106234;5.91786e-07;0.000814731;8.71321e-07;1.02583e-05;3.02751e-06;0.00366781;0.0015566;0.000256076
9.05716e-05;0.0158871;1.07325e-07;3.35177e-07;0.00018748;9.5294e-06;1.04338e-06;0.968695;2.73928e-05;1.09855e-07;0.000130595;0.00430473;0.0106646;1.10567e-06
0.000154846;0.981943;2.08903e-05;0.000551925;5.82115e-05;4.40614e-05;1.82304e-05;0.00020421;0.000106583;1.83894e-05;9.98882e-05;0.00142869;0.0152635;8.76982e-05
0.000441314;0.949427;0.00680033;0.000880918;1.04093e-05;2.30987e-06;0.000147747;0.00195236;7.05765e-05;3.82648e-05;0.000637964;0.019005;0.0205075;7.84355e-05
0.000567209;0.25624;2.38494e-07;0.00057959;0.0512303;2.00316e-06;0.00338046;0.570398;0.00612159;0.000253375;0.0340625;0.00560863;5.12921e-05;0.0715053
0.000955473;0.495563;0.132663;0.00275188;0.00781571;1.2253e-06;0.000101075;0.00462277;0.00045724;0.000331221;0.00884147;0.337888;0.000399225;0.00760912
0.000964197;0.667152;9.76623e-07;9.26846e-06;0.000664263;0.00021591;0.000281667;0.111746;0.00220344;5.10927e-06;0.00149916;0.0133621;0.200994;0.000903103
1.12538e-05;0.00296094;7.64604e-09;9.75974e-08;0.00011352;4.11737e-05;2.71004e-07;0.00135559;6.63248e-07;7.16955e-08;1.15475e-06;0.000362384;0.995058;9.48044e-05
0.00283712;0.00158394;0.00177936;0.00244583;0.324577;0.641109;4.73812e-05;0.00380626;0.000369079;0.00038111;6.34582e-05;0.000367779;0.00604428;0.0145885
0.000648044;0.981529;1.41614e-07;6.42075e-05;1.41195e-05;2.27041e-05;3.6516e-05;0.000904247;0.00253007;1.46246e-06;0.000240348;0.000105193;0.0132968;0.000606762
0.00200066;0.00332501;0.00274531;0.000314593;7.58328e-05;1.21927e-05;1.35894e-05;0.00573348;0.00202515;9.0053e-06;0.000555605;0.980098;0.00294007;0.000151036
0.00176412;0.024446;4.58065e-06;5.62954e-05;0.000162721;2.06496e-05;0.00010675;0.00362031;0.90198;1.11049e-05;0.0613713;0.00345673;0.00143012;0.0015695
5.33162e-05;0.964045;3.66315e-07;6.75438e-07;3.93701e-06;4.94562e-06;0.00503577;0.000722948;1.27063e-05;0.00369391;9.74352e-07;8.62988e-08;0.000281331;0.0261443
1.43904e-09;1.11492e-10;0.999995;7.56181e-10;3.30626e-08;2.43278e-09;7.05228e-09;1.03242e-08;6.51124e-09;3.59082e-09;8.123e-09;5.27785e-06;3.82722e-13;2.35834e-10
5.74245e-05;0.934121;2.91028e-07;2.6163e-05;2.28224e-05;2.57937e-06;0.00046499;0.00703144;0.000863159;1.59551e-05;0.00110142;0.000427147;0.0558339;3.20329e-05
2.60844e-05;0.966228;5.09561e-06;2.30356e-05;0.00159134;2.42013e-05;5.06265e-06;0.0154735;3.18766e-05;2.02254e-05;8.93796e-05;0.00162994;0.000215016;0.014637
0.000203565;0.910066;1.93632e-06;8.67238e-05;0.000596726;1.76507e-06;0.000266243;0.00323563;0.00155305;1.77944e-05;0.000504165;0.077722;0.0053557;0.000388492
0.00036926;0.324879;5.29405e-07;0.000338111;0.000174444;1.37518e-05;0.000619347;0.0186388;0.00442909;0.000136907;0.00172842;0.61096;0.0376131;9.88281e-05
3.00419e-05;0.99555;0.00297476;1.10637e-05;7.08979e-06;1.38096e-05;6.78802e-07;4.17944e-05;1.1229e-07;2.90732e-07;1.5315e-08;0.000649631;0.000224492;0.000496284
1.50015e-05;0.000460101;4.77564e-09;2.50571e-06;4.40249e-05;3.21948e-05;3.78793e-08;0.00087307;2.13585e-05;1.94769e-08;2.89384e-05;8.07878e-05;0.998217;0.000224598
3.09562e-05;0.011896;2.55549e-07;8.12173e-06;7.58722e-06;2.16467e-06;6.89501e-09;0.0017191;0.000106663;6.91455e-08;3.42089e-05;0.984242;0.00106905;0.000884234
6.48605e-08;0.999793;6.34252e-10;4.19889e-07;1.6874e-08;1.61006e-08;0.000144169;1.17943e-06;1.68103e-08;1.59095e-05;9.54715e-08;4.84608e-09;5.87154e-07;4.43945e-05
2.34807e-10;1.02415e-10;1;5.80358e-09;2.77077e-10;9.66482e-11;5.11467e-08;3.72204e-10;1.72498e-10;9.91578e-10;1.18892e-08;3.14474e-08;4.5275e-14;6.03717e-12
2.70576e-06;0.915226;4.52433e-08;3.73358e-06;8.97552e-08;1.57168e-07;3.44474e-07;1.8834e-06;1.00773e-07;6.80424e-08;3.6159e-06;1.19803e-06;0.0847597;9.30177e-08
1.16055e-06;0.000785047;4.23952e-08;1.07203e-06;1.71197e-07;5.8316e-08;5.54862e-08;0.000217481;7.63055e-06;7.18284e-10;6.21095e-05;0.998781;0.000140325;3.74577e-06
7.76053e-06;0.885493;1.24102e-07;6.22182e-05;0.00421435;0.000307481;2.61816e-07;0.101995;4.67196e-06;1.08874e-06;2.35234e-05;0.00110152;0.00664156;0.000147556
2.28049e-08;1.64874e-06;1.03336e-09;5.28284e-09;2.30054e-09;3.70481e-05;1.91428e-09;3.17082e-08;8.4479e-09;1.04424e-08;8.17312e-09;1.35427e-09;0.999961;2.32947e-09
8.30291e-09;2.43113e-07;0.999999;7.99425e-09;1.9968e-09;2.00943e-09;1.48405e-10;1.1581e-09;1.40205e-11;1.8093e-09;6.41627e-11;5.36896e-07;8.66989e-10;3.70421e-08
1.83611e-06;0.995249;2.32175e-06;1.24555e-05;1.8101e-05;1.5996e-05;2.28938e-05;0.00314844;7.55522e-05;9.52069e-07;0.000282417;3.152e-06;0.000996789;0.000169788
