5.0387e-05;0.991773;3.89492e-07;1.59406e-05;6.60475e-06;6.34364e-07;1.43907e-05;0.00653167;3.19566e-05;9.96694e-07;1.3766e-05;0.000131987;0.00137377;5.45025e-05
1.81317e-05;0.880488;1.03808e-06;8.93275e-06;5.27068e-06;2.65447e-07;3.87875e-08;0.060555;4.55183e-06;3.52443e-07;1.5188e-05;0.0583691;0.000140165;0.000393594
6.58681e-06;0.0224328;5.25901e-07;4.73486e-07;1.03403e-06;2.34762e-05;0.000152211;6.03642e-07;2.66603e-07;0.000269482;5.95441e-07;4.23184e-05;6.26007e-06;0.977063
4.26065e-09;1.21836e-08;0.999999;9.33302e-10;9.66799e-08;1.30554e-08;1.89282e-09;8.0485e-08;1.47742e-09;1.50775e-09;9.06192e-10;1.11644e-06;6.57188e-11;9.18386e-10
7.54829e-07;0.995552;1.45397e-06;4.18641e-06;2.49096e-06;3.0339e-06;3.49443e-06;7.12403e-05;1.51889e-05;1.35293e-06;2.54223e-06;0.000396693;0.00359209;0.000353062
2.52637e-08;0.99995;7.26291e-11;9.61525e-09;2.46564e-09;5.33331e-08;6.66304e-06;4.06897e-08;2.17956e-10;6.83712e-07;3.32081e-10;1.66501e-07;1.22399e-05;2.96528e-05
1.06707e-08;5.74787e-05;0.999922;2.0596e-08;9.39496e-08;9.93431e-07;1.86851e-06;9.72293e-06;3.328e-10;1.10666e-07;4.40517e-10;3.4075e-06;4.4646e-06;1.5692e-07
1.55878e-10;3.12429e-10;1;5.08876e-10;1.33569e-10;4.362e-10;4.14094e-10;5.34911e-10;8.33066e-11;1.61587e-11;3.75221e-10;1.67441e-08;4.40389e-10;4.98855e-12
1.50515e-07;0.000210535;0.957217;2.91984e-07;1.16582e-07;8.13327e-08;2.50189e-08;0.000178718;2.87728e-08;1.45141e-08;4.85935e-08;0.0423677;8.74742e-07;2.47325e-05
1.6227e-06;0.000697055;8.39329e-06;1.81826e-05;0.0535863;0.245699;1.57139e-08;0.000616554;5.91849e-06;6.60787e-07;6.53764e-06;7.46609e-05;0.000469182;0.698816
2.97656e-05;0.00308204;0.00032705;1.18196e-05;0.000504792;0.00172764;6.59183e-09;0.000322773;4.08043e-06;1.29356e-07;2.87895e-05;0.983328;0.0103322;0.000301346
1.3149e-05;0.700386;4.11352e-07;1.49025e-06;0.000288535;2.90089e-05;8.63232e-07;0.297204;3.2825e-05;1.53546e-07;2.1944e-05;5.13835e-06;0.00201132;5.01665e-06
4.08278e-06;0.914668;4.52046e-08;2.85012e-06;3.27726e-05;4.1217e-05;4.38938e-06;0.0835517;3.2791e-07;6.32699e-05;6.09373e-07;8.1706e-07;0.000930292;0.000699596
7.53727e-11;1.15765e-11;1;4.70045e-11;8.59604e-10;2.36088e-12;3.86833e-12;1.75375e-08;7.50391e-13;6.48725e-12;5.37438e-11;6.18875e-08;1.78367e-12;2.84394e-13
2.69439e-05;0.00621261;3.98742e-05;7.10971e-06;0.000730046;1.73965e-05;5.81041e-07;0.501452;9.18645e-06;7.07773e-07;0.000108863;0.48391;0.000655367;0.00682942
5.86368e-08;0.999536;3.29328e-10;7.74798e-07;1.27551e-07;5.04692e-09;5.68455e-05;1.2881e-05;1.7065e-07;3.54661e-06;6.83348e-06;3.75109e-07;1.05582e-05;0.000372383
0.000260809;0.0318712;4.62994e-07;2.97579e-05;1.60651e-06;8.71674e-08;0.384858;0.138949;0.0746006;4.66931e-06;0.302957;4.98887e-05;0.0664166;1.03162e-07
3.08743e-06;0.997378;3.82764e-08;7.15713e-07;9.47967e-08;1.1948e-06;0.000148156;0.00206356;5.56064e-07;8.53439e-05;7.71581e-08;1.86446e-08;0.000302611;1.68419e-05
7.49287e-10;2.9848e-09;0.999839;2.2048e-09;2.13982e-09;1.16955e-09;2.10496e-10;6.53403e-10;4.12405e-11;2.59252e-10;3.25857e-11;0.000160972;1.58738e-11;5.73658e-11
0.000155396;0.94645;3.99255e-08;0.000333697;9.25449e-05;6.83399e-05;0.000447586;0.046726;0.000968323;3.88474e-05;0.000386051;5.50181e-05;0.00375171;0.000526848
0.000905236;0.992127;4.97878e-05;9.59139e-06;5.32349e-07;6.30337e-07;0.00100834;0.00103348;0.000153772;3.34778e-06;0.000556564;0.000144537;0.00399109;1.65829e-05
8.70149e-06;0.998038;1.97308e-08;1.57312e-07;1.66171e-08;1.8867e-07;0.00148757;0.000274316;1.85349e-05;1.91561e-05;1.6754e-07;3.22449e-09;8.72175e-05;6.59415e-05
5.45816e-12;2.21593e-12;1;2.06703e-11;7.02702e-10;1.16251e-11;2.98689e-12;4.35079e-10;4.32938e-13;1.08804e-12;1.28317e-12;3.06447e-08;8.72808e-15;5.96277e-13
5.11508e-07;0.996829;1.42943e-08;1.41287e-05;2.28092e-06;7.64366e-07;4.57607e-05;0.00187388;1.12954e-05;9.88875e-07;0.000123814;8.87906e-06;0.00108533;3.26481e-06
0.000280569;0.0980958;8.4267e-06;0.00155064;0.578689;0.0458011;0.0151191;0.192138;0.0031909;0.00953489;0.0327588;9.20487e-05;0.00220838;0.0205323
0.000179468;0.00210517;0.934339;0.000105275;0.000897042;0.000973784;7.91209e-07;0.000714097;1.35559e-06;1.84072e-05;1.64715e-05;0.0601541;0.000377067;0.000118054
0.000571628;0.993803;1.27491e-06;7.52843e-08;7.97875e-07;4.83832e-08;4.72439e-07;0.00245817;4.42648e-06;2.58798e-08;2.28986e-05;9.67224e-05;0.00303889;2.00492e-06
1.72729e-05;0.993757;1.3042e-08;1.54745e-06;1.39154e-07;1.07276e-06;0.00534698;9.82942e-06;0.000589328;0.000123032;5.23876e-06;1.23583e-07;2.29801e-05;0.000125146
1.07732e-10;4.64698e-11;1;1.30444e-09;1.02012e-09;3.0483e-10;1.68827e-08;8.40351e-10;1.94205e-10;9.5516e-10;7.33633e-10;3.59443e-07;2.73365e-14;5.856e-12
4.45783e-07;0.998317;1.25625e-10;1.0592e-07;1.18521e-08;1.78174e-07;5.11817e-07;3.26499e-05;2.41306e-07;1.4416e-08;2.17353e-06;1.14165e-06;0.00164521;7.94185e-08
7.23652e-06;0.0594484;2.28287e-08;1.60554e-05;7.33026e-05;1.72934e-05;2.36686e-06;0.00224543;4.11932e-05;1.47574e-06;0.00113336;0.929475;0.00750182;3.75487e-05
2.8716e-05;0.923887;1.71543e-05;2.10556e-05;0.00691234;0.000148544;1.30955e-06;0.0116858;1.00866e-05;2.78722e-06;1.98519e-05;0.0099019;0.0437394;0.00362425
0.000643903;0.456828;6.34894e-07;0.00796886;0.000194405;0.000567756;0.00120609;0.0140802;0.195144;0.000264782;0.0701733;0.0202196;0.230986;0.00172234
0.00193987;0.96381;2.14752e-05;0.000875393;0.000217839;3.85737e-05;0.000295942;0.0076727;0.00307925;4.43333e-05;0.00125499;0.00538197;0.0137789;0.00158903
0.000268361;0.581316;2.08195e-08;3.21398e-05;5.01619e-05;1.41888e-06;2.12662e-07;0.357151;0.0007992;1.66364e-06;0.00177618;0.057547;0.000556374;0.000500592
8.30971e-05;0.602073;2.98101e-06;1.61826e-06;3.47209e-06;2.0851e-05;0.0403387;1.11899e-05;9.29895e-06;0.00750449;2.18749e-05;5.01275e-05;2.07203e-05;0.349858
6.74129e-09;1.59557e-09;0.999999;1.18816e-09;5.52068e-08;3.48232e-08;1.39044e-07;1.09239e-08;2.76037e-08;8.69585e-09;2.05581e-08;4.98344e-07;1.40729e-12;2.07834e-09
4.9418e-06;0.693769;4.18422e-08;6.32534e-07;2.91538e-08;7.10434e-07;4.74966e-06;1.39642e-05;3.36504e-05;6.11332e-08;1.13561e-05;0.000185828;0.305975;1.97418e-07
2.43161e-05;0.666037;3.2419e-06;1.32238e-05;0.00157103;1.54207e-05;1.01068e-06;0.0867614;5.10355e-06;1.09809e-06;1.24103e-06;0.164321;0.00115795;0.0800869
6.72216e-06;0.745949;0.00138253;0.000104682;0.000528992;4.47977e-06;1.44547e-07;0.00517217;1.41192e-06;1.51822e-06;4.21467e-07;0.0835432;6.39808e-05;0.16324
0.000109813;0.286388;1.55673e-05;0.00016799;0.00069156;0.000148101;8.90084e-06;0.0165588;4.38371e-05;1.10933e-05;0.000236354;0.431804;0.251626;0.0121892
8.88819e-06;0.990771;1.91331e-06;1.73572e-06;4.08616e-07;7.67451e-06;0.000239172;0.00703018;3.18589e-07;2.49399e-05;2.92624e-07;1.95457e-05;0.00145015;0.000443754
4.03253e-10;2.70544e-10;0.999999;3.84805e-09;6.06005e-09;9.4392e-09;1.03076e-10;7.21905e-09;4.72083e-11;3.90592e-11;2.69856e-10;1.43528e-06;1.51067e-10;3.58811e-11
1.78588e-05;0.926514;6.72337e-07;1.77781e-05;0.000393909;3.11265e-07;1.38827e-06;0.0582662;2.95845e-05;6.92753e-07;6.39103e-05;0.0129392;0.00174577;8.53602e-06
1.36311e-07;0.99915;4.76842e-06;1.11809e-06;3.43874e-07;4.62938e-07;0.000115005;5.14239e-07;7.57152e-10;0.000152208;1.15463e-07;2.50226e-07;7.69113e-06;0.000567253
3.04831e-10;3.54897e-10;1;4.48699e-10;3.94007e-09;4.38711e-10;6.28182e-09;2.73858e-09;1.1786e-10;3.89205e-11;1.17846e-09;4.29975e-07;9.75949e-14;1.14122e-10
1.41895e-05;0.989686;2.58798e-08;4.29876e-05;2.26692e-06;4.04183e-05;0.000473875;0.000187578;0.00025958;2.96259e-05;0.000364847;3.46171e-05;0.00870463;0.000159512
3.45073e-06;0.000309942;0.0168601;8.78556e-06;9.13192e-06;3.40559e-06;8.47899e-09;1.85401e-05;6.73896e-07;1.82747e-08;2.38975e-06;0.982737;4.29681e-05;3.85815e-06
0.00031239;0.0675451;2.84299e-08;8.07966e-05;1.49786e-05;2.28116e-05;1.81802e-05;0.832397;0.0402466;3.98372e-06;0.0106353;0.000534475;0.0481592;2.8652e-05
9.83376e-06;0.00137279;4.78619e-09;2.84166e-08;2.51661e-06;2.9746e-08;3.75958e-08;0.998567;5.61343e-07;7.12436e-08;1.10216e-07;7.18882e-06;3.05957e-05;9.79744e-06
1.7264e-06;6.93648e-06;1.18812e-07;1.93759e-05;0.984936;3.49235e-06;1.69856e-07;0.0134087;5.75484e-05;3.61305e-06;6.31378e-06;0.000432101;3.2542e-07;0.00112345
1.0039e-05;0.00339352;0.994602;0.000163852;2.04705e-06;6.20879e-06;5.08721e-07;3.32231e-06;7.14522e-05;6.55658e-07;3.8876e-05;1.11021e-05;0.00169264;3.57522e-06
0.000285884;0.668512;1.54613e-05;1.1289e-05;8.09204e-05;2.5782e-05;2.97715e-06;0.0583931;0.000991889;1.29297e-06;0.00148366;0.233214;0.0319091;0.00507343
8.88561e-07;0.0258586;2.63973e-09;6.61806e-07;0.0125088;2.67083e-07;1.3265e-08;0.961165;1.27572e-06;2.29805e-07;3.85741e-06;0.000186844;2.48909e-06;0.000271395
2.22848e-06;0.00137735;0.991634;2.68856e-06;0.00075353;5.80676e-07;8.61532e-09;0.000172499;1.67484e-08;1.3647e-07;3.52976e-08;0.00360602;2.07508e-06;0.00244874
0.000402992;0.0269031;5.52891e-05;4.76568e-05;3.4722e-06;2.01114e-05;0.0386282;0.00233933;0.0897569;9.29052e-07;0.727382;8.90417e-06;0.11445;1.57465e-06
2.18816e-05;0.0233969;9.67997e-08;8.08337e-07;1.12058e-05;1.2889e-06;1.34374e-08;0.968033;1.9613e-05;1.90604e-07;2.60014e-05;8.33444e-05;0.00834555;6.02779e-05
9.90435e-07;0.00426392;4.38014e-07;3.91976e-07;7.93516e-06;2.35952e-06;1.61932e-05;4.1384e-07;2.06144e-08;0.000124036;3.47617e-08;7.94916e-05;1.2314e-07;0.995504
1.16223e-06;1.78919e-07;0.999491;1.87034e-06;8.92664e-07;5.30055e-08;9.55131e-05;3.0274e-06;1.34127e-05;7.02382e-07;9.78554e-05;0.000293902;3.55177e-10;2.12398e-08
4.24657e-05;0.274426;5.43516e-07;1.69631e-05;2.08627e-07;3.74868e-07;0.000112657;3.03376e-05;0.000118127;1.90094e-06;0.000195329;1.58164e-06;0.725018;3.52716e-05
5.94905e-07;0.000845757;1.38972e-07;6.98732e-07;2.29919e-06;6.12336e-08;2.79836e-09;8.27833e-05;6.33238e-08;1.03969e-08;1.42734e-07;0.998816;5.06823e-05;0.000200855
5.74442e-06;0.361914;6.85579e-09;3.27629e-05;0.00389677;0.000755878;4.21198e-07;0.611791;9.789e-06;5.82113e-06;4.60832e-06;0.00124183;0.0147041;0.00563806
7.71199e-09;2.43083e-07;3.61216e-10;1.85089e-09;2.52288e-10;2.18563e-06;4.49032e-09;4.21453e-09;9.9673e-10;4.10468e-09;9.65834e-09;9.94627e-08;0.999997;8.95978e-10
5.12209e-08;1.92858e-07;1;2.26687e-08;8.65917e-09;1.31518e-08;5.71869e-10;6.31576e-09;1.47528e-10;1.70305e-09;9.18231e-11;4.64305e-08;3.00364e-09;2.87288e-08
2.13324e-06;0.99737;1.03896e-06;4.19447e-06;4.87219e-06;3.26712e-06;5.82741e-06;0.00169472;8.0814e-05;2.71415e-07;3.65161e-05;7.90976e-06;0.000757934;3.00933e-05
