1.86251e-07;0.999817;1.22195e-10;3.05537e-08;3.56655e-09;1.41206e-08;1.04857e-06;5.58814e-05;7.68319e-08;1.70852e-07;7.49028e-08;7.98899e-08;0.000118114;7.03598e-06
3.87024e-08;1.78675e-06;0.984339;2.84092e-07;4.39337e-08;7.15094e-09;2.27731e-08;2.29261e-07;1.59929e-08;1.83603e-08;8.3313e-08;0.0156587;1.03678e-09;6.48641e-09
6.88211e-06;0.00206139;1.22718e-07;2.56014e-06;0.00101975;2.84483e-07;6.08937e-08;0.996513;7.74137e-06;1.06669e-07;3.88125e-05;0.000163317;2.13403e-06;0.000183396
1.01597e-07;0.999801;1.8109e-09;5.10511e-08;1.12533e-09;1.23919e-10;3.42093e-05;3.43685e-08;7.30342e-08;4.69405e-07;1.33024e-06;8.66636e-08;1.22584e-05;0.000150983
0.000529486;0.203265;0.000839141;0.000119166;1.27159e-06;8.10764e-06;0.436003;0.00269572;0.0698106;1.43387e-05;0.216218;9.85519e-05;0.0703948;3.04336e-06
1.01944e-06;0.990652;1.08259e-09;1.59545e-07;8.10418e-09;6.40551e-07;2.09044e-07;4.23926e-05;8.33072e-07;1.37173e-07;7.09061e-07;1.65718e-05;0.00928474;5.00618e-07
4.91959e-06;0.00297022;3.05238e-06;2.17997e-06;6.42301e-05;1.66787e-05;4.20235e-07;0.00218464;3.91945e-06;2.31181e-06;1.61192e-06;0.994557;5.13722e-05;0.000137561
7.2965e-07;0.999776;3.04102e-11;3.22434e-08;2.3343e-08;3.40623e-08;5.10625e-05;1.13976e-05;2.17001e-07;2.95042e-06;1.2802e-08;1.08645e-10;9.8475e-07;0.000156713
2.82758e-09;5.44914e-10;0.99997;7.74365e-10;7.88888e-09;6.50148e-11;2.91463e-10;1.11609e-08;2.26912e-10;1.88795e-10;2.2838e-10;2.95953e-05;1.19252e-10;8.47159e-12
0.000216644;0.769685;6.28214e-07;0.000145329;5.76266e-05;9.21614e-05;0.00293878;0.171526;0.014521;4.46662e-05;0.00420021;0.000631312;0.0355426;0.000397458
0.000543823;0.0313447;1.28777e-07;0.000107724;0.000172491;6.09857e-05;5.39439e-05;0.327882;0.00192509;5.43089e-06;0.00376677;0.000800885;0.633229;0.000106724
4.83816e-06;0.000274149;8.56092e-07;4.35402e-07;9.2358e-07;1.60975e-08;1.84706e-09;3.23704e-05;1.35023e-06;1.16642e-08;4.18456e-07;0.998541;0.00113696;6.27551e-06
5.75716e-06;0.968602;4.05079e-07;1.60749e-06;9.59194e-05;4.63129e-06;4.5045e-07;0.000362058;1.61724e-07;3.88143e-07;1.62153e-07;0.00235222;0.0282007;0.000372896
3.11085e-06;0.0606705;2.48572e-06;1.82794e-05;3.26966e-05;6.37126e-05;4.1684e-07;0.0368128;5.04202e-07;8.98396e-07;1.37156e-06;0.8958;0.000761103;0.00583173
0.00018761;0.528413;3.23869e-07;0.000262043;0.00239017;0.00115317;1.04783e-05;0.0813192;0.000120279;2.73598e-06;0.00186182;0.00460709;0.374069;0.00560235
0.000197507;0.567424;3.06208e-06;2.97843e-05;5.52478e-05;0.000497801;6.97871e-06;0.0558432;6.74815e-06;3.06441e-06;3.88834e-06;0.0377737;0.329807;0.00834814
1.28342e-05;0.003387;3.45535e-08;6.97691e-06;6.05378e-06;2.02161e-05;2.32028e-07;0.0525438;7.379e-06;3.8505e-07;5.29479e-05;0.0145178;0.929408;3.67441e-05
0.00301132;0.0140069;0.00382518;0.00143559;0.000100711;0.000149867;4.07077e-05;0.118774;0.00726958;1.06262e-05;0.0759772;0.576056;0.198573;0.000768766
7.96239e-05;0.108104;1.55292e-05;7.82119e-05;0.00358914;7.38537e-05;9.4582e-06;0.840665;0.000435209;2.3134e-06;0.000525936;0.0279109;0.0179545;0.000556793
9.95207e-07;0.00904791;2.07521e-10;0.00011741;2.41529e-05;5.06379e-07;4.39659e-05;0.00108676;5.09231e-06;0.000123654;4.29661e-05;4.74903e-06;3.17443e-06;0.989499
0.000148259;0.131317;5.22447e-06;3.77442e-05;4.10842e-08;1.67216e-07;0.154719;0.0123519;0.0426296;1.87213e-06;0.65447;6.16856e-07;0.0043192;2.86858e-08
1.64801e-05;0.981383;8.74253e-07;1.74467e-05;1.40292e-05;7.55281e-06;2.91793e-06;0.0040422;3.3943e-05;4.11557e-07;8.85338e-06;0.000157575;0.0141874;0.000127585
1.34549e-05;0.00148767;5.65664e-09;0.00119568;0.00721721;0.0023854;1.52619e-08;0.92916;0.000143507;1.66348e-05;8.78416e-05;0.0566764;0.00118185;0.000434049
1.92851e-05;0.996066;6.7586e-08;6.95104e-06;1.70086e-06;3.80766e-06;0.00282177;0.000447251;3.27347e-06;7.50486e-05;0.000210326;4.01449e-08;0.000329904;1.43027e-05
1.60713e-09;6.89301e-10;1;2.54736e-09;4.14837e-10;3.14681e-10;1.19962e-09;2.5823e-09;2.76611e-10;5.12777e-11;3.74626e-09;6.99053e-08;5.05295e-10;2.33044e-12
3.74629e-06;0.000790454;0.000119658;0.000170622;5.09149e-05;3.77873e-06;4.38329e-07;0.0142016;0.000325168;1.0427e-05;0.00115208;0.982869;0.000187994;0.00011437
2.10422e-07;0.995441;8.27928e-06;7.89502e-05;5.03887e-05;0.000815317;3.7438e-06;1.95512e-06;3.89201e-08;7.35872e-05;2.22048e-05;4.50149e-06;0.00270733;0.000792287
4.37499e-06;0.00801629;0.00286388;3.34852e-05;0.000162335;9.95509e-05;1.52882e-07;0.000168988;7.07661e-08;1.24629e-07;4.45289e-05;0.988226;0.000285273;9.48047e-05
7.05993e-06;0.150324;2.51747e-06;3.84877e-06;2.02654e-05;0.00528625;0.000128737;0.00366994;1.11499e-06;6.20913e-06;5.65747e-05;7.95275e-08;0.840271;0.000222137
3.29558e-07;8.52883e-07;0.998949;5.67409e-07;1.06187e-06;1.8527e-06;1.66705e-08;0.00102494;4.54923e-08;2.48784e-08;1.52301e-07;8.58513e-07;2.06506e-05;1.21523e-08
6.46669e-08;4.57262e-06;0.00058971;1.21452e-07;1.27339e-07;2.39667e-07;8.51485e-08;1.08439e-05;5.78747e-09;2.04477e-07;8.14765e-09;0.000696701;1.01881e-06;0.998696
4.51021e-06;0.000402882;4.58503e-09;5.08768e-07;0.00941016;2.57608e-05;2.66233e-06;0.990023;5.47677e-05;1.22741e-07;7.14583e-06;2.07841e-06;1.38261e-05;5.27069e-05
8.02217e-08;9.71415e-05;0.994405;2.10113e-06;0.00127748;1.08332e-05;6.27857e-09;3.17024e-07;6.41808e-11;8.99326e-08;1.03142e-08;0.00419028;6.11675e-06;1.05278e-05
8.32478e-09;0.999934;1.36887e-11;3.29853e-11;1.10086e-08;8.57769e-09;3.19559e-07;1.37892e-06;5.08251e-13;5.19858e-09;1.09356e-11;8.54038e-11;5.46332e-05;9.34219e-06
5.88871e-12;1.3064e-10;0.999998;6.17064e-12;3.10181e-08;8.66382e-10;2.73402e-13;5.87652e-10;2.32587e-15;1.82001e-12;9.12329e-15;1.74728e-06;3.22128e-12;1.28974e-11
5.14539e-08;0.00517148;3.97805e-09;1.76945e-06;1.15412e-07;4.81611e-05;3.50222e-06;1.18934e-05;1.1532e-06;1.01371e-07;5.40357e-06;5.7902e-07;0.994747;8.49202e-06
2.54068e-06;0.0425059;0.954207;0.000337696;1.60839e-06;5.30438e-06;0.00214189;2.96393e-06;8.17612e-08;0.000428581;5.16419e-06;0.000174585;4.47173e-06;0.000181949
1.52617e-07;4.37545e-07;0.999928;4.19258e-07;1.43492e-08;8.86911e-09;3.89915e-05;3.61387e-07;1.14361e-06;1.35441e-07;1.37391e-05;1.63245e-05;5.30014e-09;6.77955e-10
2.27925e-07;0.139974;2.50674e-08;7.17379e-07;7.21294e-08;5.13605e-07;1.29357e-07;1.59898e-06;1.80381e-08;1.48443e-07;5.94898e-07;3.0103e-08;0.860022;4.25293e-08
4.02152e-05;0.00110239;0.426421;6.07769e-05;1.32339e-05;4.13854e-06;1.79743e-06;0.000404285;4.25719e-06;7.77007e-07;3.08706e-05;0.571371;0.00034821;0.00019793
2.27507e-05;0.204805;5.18313e-05;3.99577e-06;1.71074e-05;2.17979e-06;4.67488e-06;0.01367;1.85073e-06;3.41992e-07;2.36808e-05;0.000498064;0.780898;7.14857e-07
2.03094e-08;3.76045e-06;1.37771e-08;1.55645e-07;1.86476e-07;0.00104672;3.45864e-07;2.07361e-07;9.37072e-08;3.09706e-06;8.30955e-08;8.35281e-09;0.998941;4.01975e-06
6.57368e-08;1.09196e-06;0.999995;2.71505e-07;4.89384e-08;1.86793e-08;5.18339e-09;1.82828e-08;5.38217e-10;9.56822e-08;1.0575e-09;2.08978e-06;3.24253e-09;1.33844e-06
1.59278e-05;0.992174;3.11824e-06;6.57543e-05;4.30429e-05;1.88873e-05;0.000205925;0.00416778;0.00130976;3.72564e-06;0.000700978;7.86075e-06;0.001017;0.000266766
