5.42832e-06;0.990067;1.00418e-07;8.6793e-06;1.06553e-05;2.80542e-05;5.20966e-06;0.00117214;8.05718e-06;2.54719e-06;3.59157e-06;0.000715369;0.00787915;9.35225e-05
8.97761e-06;0.000736659;1.73684e-06;1.95435e-05;0.0333308;0.0465779;4.97502e-07;2.63544e-05;7.13773e-07;1.54943e-05;1.22292e-06;0.00181564;0.000860851;0.916604
9.48151e-07;0.998245;1.27079e-08;3.02345e-07;1.31273e-07;3.91473e-07;0.00145347;7.78116e-05;6.23835e-06;6.98651e-06;6.18765e-07;1.91145e-09;0.000112663;9.57264e-05
1.14864e-09;1.38961e-11;1;6.07798e-10;2.35723e-09;1.02053e-10;6.54144e-10;2.53514e-10;7.5461e-10;9.67604e-11;1.30619e-09;3.55427e-08;4.10077e-13;7.84412e-12
9.29825e-07;0.997722;3.91617e-07;3.86314e-08;1.2169e-07;2.2756e-09;9.91559e-06;0.000153;1.09805e-06;3.03615e-06;9.67521e-09;9.49538e-08;1.55275e-07;0.00210924
4.27999e-11;1.10608e-10;0.999997;3.30344e-11;3.45781e-10;5.67487e-13;4.99281e-11;2.77385e-10;2.29394e-11;6.64863e-12;1.97102e-11;3.0673e-06;4.2078e-14;1.3992e-11
5.66473e-05;0.975433;1.43231e-08;1.57992e-05;2.2707e-05;3.20826e-06;2.84276e-05;0.0067865;0.000562111;1.29089e-06;8.74287e-05;8.38358e-06;0.0168367;0.000157177
0.00018585;0.172792;1.13807e-05;5.12858e-05;3.02147e-05;7.11482e-05;3.03899e-05;0.132515;0.00109741;5.45644e-06;0.000422946;0.681181;0.00806385;0.00354197
0.000104945;0.271672;3.67519e-06;0.000150558;0.000503789;0.000152304;5.99163e-05;0.0321651;0.000333156;3.50565e-06;0.000243799;0.649648;0.0445578;0.000401227
2.62082e-05;0.0533289;2.42831e-06;2.68608e-06;1.8398e-05;5.72896e-05;5.8852e-06;0.000442689;1.15741e-06;1.34617e-07;4.92872e-07;0.000636595;0.94547;6.99295e-06
7.79189e-05;0.0352139;9.12815e-09;0.000292522;0.000132053;0.00252564;7.34008e-07;0.0145466;0.000622059;1.30977e-05;9.60927e-05;0.00934618;0.935365;0.00176849
3.07521e-06;0.000386615;0.99883;5.04832e-06;8.77656e-07;8.45503e-07;7.8139e-09;1.92716e-06;8.35752e-09;3.17923e-07;2.83197e-08;0.000725736;5.26955e-07;4.54115e-05
0.000116506;0.0119607;1.98497e-05;3.80015e-06;4.11333e-05;1.02894e-05;6.74055e-06;0.0013558;0.000110187;4.95868e-07;0.000129949;0.974123;0.0118962;0.000225242
1.19376e-06;0.985841;2.04153e-10;4.43472e-07;8.83035e-07;1.19743e-06;0.00176374;0.0116831;0.000332714;0.000195927;8.50664e-06;1.246e-09;3.62242e-05;0.000135149
8.65431e-09;7.34043e-09;0.999999;1.33474e-08;1.92742e-08;1.78946e-08;8.12286e-08;2.78227e-08;4.92158e-08;5.49468e-08;4.87075e-08;3.70396e-07;1.88961e-11;3.37798e-10
0.000203205;0.897762;2.67451e-07;6.14742e-06;3.59335e-05;3.6047e-06;1.15506e-06;0.0881201;0.00383629;3.59649e-07;0.000393425;0.00271897;0.00691149;6.68937e-06
0.000616798;0.0507254;0.000136507;1.11821e-05;0.00017242;1.16574e-07;6.77166e-05;0.0586384;0.000204969;9.17546e-06;0.000752373;0.88753;0.0011174;1.71099e-05
0.00339196;0.672985;5.75534e-06;0.000209032;0.00243798;2.735e-05;0.000620555;0.267291;0.0269305;5.176e-05;0.00136082;0.0141815;0.00777533;0.00273208
6.9877e-06;2.70187e-06;1.13037e-11;7.05709e-09;7.98018e-08;5.9888e-10;4.78003e-07;0.997567;0.00241882;2.52726e-08;2.00168e-06;7.50746e-09;1.95734e-06;2.14146e-08
7.63771e-05;0.00158805;1.88816e-05;6.97218e-07;4.04944e-06;1.90786e-07;1.53241e-06;0.000885616;4.92674e-05;2.13245e-07;3.04538e-07;0.997293;2.09621e-06;8.00262e-05
2.56162e-05;0.986141;6.75522e-08;4.93605e-07;1.09464e-06;7.38819e-09;1.20003e-06;0.0104087;1.86915e-05;6.09155e-08;1.98528e-06;0.000374157;0.00301801;9.32586e-06
0.000753556;0.562192;4.79182e-06;0.00085289;0.0244653;0.000336241;0.000716593;0.0899131;0.0117398;0.0003662;0.00243958;0.285879;0.00231579;0.0180246
0.0017478;0.549202;0.0380193;0.00256186;0.0113861;9.05744e-06;3.14092e-05;0.00618096;0.000273957;8.76783e-05;0.00233818;0.350558;0.00402102;0.0335833
0.000578619;0.190906;1.90433e-07;3.15458e-06;0.00111257;0.000119015;7.72673e-06;0.148596;6.07602e-05;1.09333e-06;0.000166528;0.477036;0.0687668;0.112646
5.48307e-07;0.995071;2.16153e-08;7.76559e-07;2.72385e-07;3.37857e-07;0.00338952;0.000283218;1.21959e-06;9.94669e-05;2.24722e-07;1.21625e-08;2.17528e-05;0.00113228
5.42139e-12;5.94491e-13;1;7.38321e-11;5.35434e-11;1.64268e-09;7.40913e-10;3.18994e-12;2.47903e-11;7.41841e-11;1.30589e-10;6.22882e-09;2.95639e-14;4.09205e-12
1.00374e-06;0.998724;1.26009e-05;1.27837e-06;3.13196e-07;5.02785e-06;9.57659e-07;0.000165724;4.4301e-08;7.0425e-08;7.92127e-08;1.80589e-05;0.00105995;1.05725e-05
3.0368e-06;0.102257;3.28883e-07;2.939e-06;7.28335e-07;1.02097e-06;5.81071e-07;0.0003106;6.55525e-07;2.41993e-07;1.41412e-05;0.00682819;0.890573;6.95479e-06
2.67927e-05;0.472067;6.30735e-07;4.46965e-05;0.00047874;0.000145476;2.92442e-05;0.0410176;1.33361e-05;7.21619e-06;5.63066e-05;0.354259;0.0236528;0.108201
1.1368e-05;0.0459907;1.35643e-05;6.3894e-05;5.29109e-06;0.000127594;1.3943e-05;0.00076797;3.85225e-07;9.68752e-06;4.26956e-05;0.952442;0.000198583;0.000312439
5.25424e-07;0.992217;6.07297e-10;5.44469e-07;1.31825e-08;3.36326e-08;0.00742666;0.000129934;1.45134e-06;4.66144e-05;5.09418e-06;4.28836e-09;3.44755e-05;0.000137794
4.39433e-10;2.13658e-11;1;9.4541e-10;1.95016e-10;6.02978e-11;2.99699e-08;5.86766e-11;5.79112e-10;6.48505e-10;3.99941e-09;1.47971e-08;1.58973e-14;4.53436e-12
4.28255e-05;0.0551561;1.44951e-07;2.94407e-07;2.40237e-06;1.4201e-07;1.9734e-06;0.943995;3.91031e-05;1.21029e-07;1.23313e-05;2.22932e-05;0.000726273;7.91377e-07
5.27493e-06;0.00196334;1.45938e-05;5.66728e-06;8.72769e-06;7.21563e-06;3.76824e-07;0.000154297;3.35793e-05;5.29613e-07;5.38217e-05;0.997408;0.000252244;9.27469e-05
5.30283e-05;0.972098;0.00273866;5.067e-05;0.000161179;2.70508e-05;7.06416e-06;0.0214579;1.10102e-05;2.11483e-05;1.70953e-05;0.00194107;0.00117346;0.000242774
0.0106286;0.144867;0.000880354;7.86542e-05;0.00303025;0.0237519;0.000542451;0.0285108;0.00380351;0.000118715;0.0012824;0.00401031;0.739677;0.0388178
0.000389279;0.00347293;1.64425e-05;5.24455e-05;0.00932134;0.00138768;4.26984e-06;0.00902444;0.00135506;3.47498e-06;0.00013432;0.948141;0.00174793;0.024949
0.00014566;0.908122;4.81664e-07;1.28693e-05;0.000208064;5.79878e-06;3.96964e-06;0.0549332;6.14894e-05;2.66188e-06;1.24822e-05;0.00137574;0.0350468;6.83689e-05
0.000412252;0.678515;9.21805e-08;0.000286627;0.00384873;0.000188725;2.41485e-06;0.0695098;0.00169792;1.64802e-05;0.000118955;0.220459;0.0118876;0.0130559
2.14359e-05;0.016834;2.16845e-05;1.66033e-05;1.15671e-05;3.60111e-07;3.3325e-07;0.00280293;1.1627e-05;6.89703e-07;7.09346e-05;0.97915;0.00104033;1.76411e-05
9.29674e-07;0.924921;9.96202e-09;1.13344e-06;1.46406e-08;8.04016e-08;0.000956568;5.22385e-09;3.49658e-07;8.16676e-05;3.86854e-07;6.18786e-07;5.81607e-06;0.0740312
0.000152952;0.0143763;1.95968e-06;2.9163e-05;1.65735e-06;1.73147e-06;0.533395;0.00321918;0.376323;5.0126e-06;0.069937;7.74164e-07;0.00255526;4.99167e-08
5.99921e-07;1.41532e-05;2.03116e-12;6.12383e-10;3.77823e-07;3.85464e-09;3.90364e-09;0.999982;1.0704e-06;4.20499e-09;5.21547e-09;2.25924e-08;1.57702e-06;1.40283e-08
3.81455e-06;0.000140457;2.4002e-05;5.05202e-05;0.020445;0.000940794;2.07498e-07;0.000129868;4.24368e-06;1.03997e-05;3.18029e-06;0.52367;3.18615e-06;0.454575
3.51494e-06;0.995198;8.59817e-10;1.16539e-06;8.86438e-08;2.08177e-08;3.26342e-06;0.00017304;2.63598e-05;1.3386e-07;2.3135e-05;4.05977e-06;0.00456712;2.85937e-07
9.50894e-06;0.769316;4.08647e-06;3.68717e-06;1.85944e-06;2.31314e-06;1.27525e-05;3.15884e-06;5.77209e-08;7.38873e-07;8.75602e-07;0.227931;0.00238518;0.000329686
8.10498e-06;0.0922534;6.99273e-05;0.0001754;7.31457e-05;4.13681e-05;1.72215e-05;0.0124311;3.10592e-06;3.74672e-07;0.000108488;0.756118;0.000198457;0.138502
2.35316e-06;0.982941;1.02534e-06;2.6616e-06;5.51582e-07;2.67361e-05;8.39689e-05;0.0082038;4.05769e-07;9.57584e-06;1.73254e-05;3.19346e-06;0.00868167;2.5371e-05
3.80325e-10;5.44824e-09;0.999999;1.52338e-09;1.24898e-10;3.52972e-09;2.48515e-10;1.06125e-08;2.65744e-11;2.60537e-11;2.64786e-10;1.09852e-06;2.26195e-09;1.6106e-11
4.83568e-06;0.0158072;0.000798741;0.0002202;1.49052e-05;0.000345532;2.21643e-07;0.00083725;7.23028e-05;1.20128e-06;0.000313778;0.97344;0.00693663;0.00120774
4.0689e-05;0.868033;0.00424507;0.000191105;7.76455e-05;0.00294026;5.19736e-08;0.00132582;6.34855e-08;1.97252e-06;1.36555e-05;0.103122;0.00995902;0.0100495
2.57577e-06;0.990525;1.30933e-08;2.17241e-06;6.57063e-08;3.37169e-06;0.000201626;7.97023e-06;1.31817e-08;1.46296e-05;4.08366e-06;4.72114e-07;7.17409e-05;0.00916658
1.45067e-12;2.28342e-11;1;2.20462e-11;2.80075e-11;1.1382e-10;5.19302e-12;1.80936e-10;2.9411e-13;3.15879e-12;2.89914e-11;1.64553e-11;2.08565e-13;8.4609e-13
8.53357e-05;0.124497;0.000224505;0.000603334;0.00280422;0.00720093;0.000153678;0.507636;0.00390489;5.65644e-05;0.0453021;0.000846934;0.303161;0.00352346
