8.2611e-06;0.999366;0.000121668;9.65491e-06;4.67491e-07;1.43854e-07;2.15946e-07;0.000122378;4.84785e-08;4.29438e-07;1.34594e-07;0.000172745;0.000197476;8.40527e-07
0.000473483;0.429813;2.85334e-05;0.000313317;0.00160318;0.0014008;3.63828e-05;0.0636767;0.000273961;2.36806e-05;0.00094208;0.0771003;0.399301;0.0250139
0.000147765;0.351572;5.03622e-06;0.00706693;0.0389165;0.0126434;6.6814e-05;0.200362;0.00179053;0.000761339;0.00406296;0.296463;0.0438407;0.0423007
0.000219696;0.873845;1.9895e-06;2.18604e-05;0.00365724;0.00269054;0.000594917;0.0927601;4.66964e-05;0.000790455;4.1427e-05;7.24887e-05;0.0188588;0.00639831
5.01917e-09;1.46367e-09;1;2.58691e-10;3.66332e-10;2.26023e-11;7.07247e-10;2.6664e-09;8.13078e-10;2.97421e-11;3.41183e-09;7.79781e-08;4.41098e-10;2.6541e-12
1.2839e-06;6.70185e-06;0.998146;4.58083e-07;1.15876e-06;1.23584e-07;3.22608e-08;5.1993e-05;1.10598e-06;2.66372e-08;2.66314e-07;0.00177091;2.35194e-07;1.95177e-05
1.4331e-07;0.000211774;3.5773e-05;1.05057e-07;1.13102e-05;0.000275371;1.13319e-09;6.39485e-06;3.21452e-09;5.37131e-08;1.60075e-08;0.000164983;7.173e-07;0.999293
3.07802e-05;0.00398928;2.25786e-08;5.8634e-07;1.38999e-05;3.61158e-05;2.71479e-08;0.494714;9.031e-07;1.42972e-08;4.37557e-06;4.6092e-05;0.501162;1.71096e-06
5.3408e-05;0.586451;4.71529e-07;3.93326e-05;1.657e-05;6.50675e-06;2.13746e-06;0.175367;9.57051e-06;9.67418e-06;5.87118e-06;0.00133507;0.236605;9.91253e-05
0.0001054;0.544223;0.000276871;0.00171407;0.000705451;0.000326863;4.83543e-05;0.0102176;1.73424e-05;0.000131666;9.92131e-05;0.405993;0.00302989;0.0331111
1.10209e-05;0.956935;3.94447e-09;0.000110319;1.07551e-05;3.38664e-06;0.0357279;0.000655797;3.73995e-05;0.000767719;0.000325553;5.49115e-09;0.000579813;0.00483558
2.29963e-10;8.24279e-11;1;4.55793e-11;7.3657e-11;2.49408e-13;3.55882e-10;5.93636e-10;5.19465e-12;6.3014e-12;1.15444e-10;6.90453e-08;1.82583e-12;1.73801e-13
0.000311979;0.831769;6.57664e-06;0.000252851;0.000552028;6.56246e-05;0.000415345;0.0615188;0.0139651;2.47884e-05;0.00180153;0.0373125;0.0115105;0.0404934
0.00177074;0.502589;1.07281e-05;0.00209661;0.0225025;0.000622779;0.00025968;0.0435596;0.063708;7.23742e-05;0.00470479;0.179514;0.170496;0.00809274
0.000344659;0.317648;1.0324e-07;0.000698973;0.00323403;4.47401e-06;0.000597203;0.664258;0.0114977;0.000315656;0.00102224;0.00033815;2.29511e-05;1.75e-05
0.00244139;0.115167;0.406392;0.00217804;0.0633156;0.00275763;6.33656e-06;0.00325442;8.57925e-05;0.000123816;0.000223349;0.369398;0.00164112;0.0330151
8.18813e-05;0.665055;9.37191e-07;6.19267e-05;0.000120615;0.000381825;6.58621e-05;0.208828;0.00977457;5.62147e-06;0.00335601;0.103347;0.00411268;0.00480833
1.88755e-06;0.981003;3.09165e-08;1.22241e-07;4.00846e-07;6.91037e-08;1.68054e-07;9.77633e-06;1.67827e-08;3.57691e-08;5.10608e-08;0.000655675;0.0183289;1.08339e-07
8.10342e-06;0.371595;3.97096e-06;9.25423e-07;1.01314e-05;2.37212e-06;9.22275e-08;0.0395201;3.69956e-06;8.87566e-08;1.99688e-07;0.550369;0.0383408;0.000146006
0.000181022;0.45617;9.7303e-06;0.000443688;0.00625058;0.19071;0.00026829;0.0188036;0.000479454;3.91654e-05;0.000144026;0.00476366;0.151461;0.170275
0.000154893;0.00315088;9.03984e-08;1.38794e-06;2.10531e-05;8.8556e-06;3.11187e-07;0.0569058;1.24325e-05;5.05622e-08;4.36848e-05;0.000978491;0.938712;9.804e-06
6.4825e-06;0.998894;3.93384e-06;5.36771e-08;2.68457e-08;1.11492e-07;6.99568e-05;8.55312e-06;1.74753e-08;2.84392e-05;1.64752e-08;0.000226336;2.55421e-05;0.000736271
5.77087e-10;1.12315e-08;0.999994;1.09927e-09;1.76253e-08;2.59944e-08;1.33969e-09;6.43742e-08;7.30608e-10;2.64721e-09;7.38142e-10;6.00823e-06;2.08579e-11;1.74545e-10
3.79433e-07;0.835797;1.02946e-07;6.64156e-08;2.13033e-08;2.24469e-07;2.41752e-07;5.41898e-05;1.4482e-07;5.01128e-08;2.57868e-06;0.000122719;0.164022;1.38561e-07
3.35794e-06;0.105776;4.53693e-06;8.33177e-06;0.00463571;0.0426629;1.46216e-06;0.229897;1.97777e-06;2.12429e-06;1.17442e-05;0.471057;0.0771647;0.0687739
1.13974e-06;0.00184044;1.01236e-09;2.88773e-05;1.05105e-05;0.000372727;1.33564e-06;0.00012661;1.97365e-06;3.91216e-07;8.26515e-05;0.00176481;0.995463;0.000305569
2.24387e-05;0.00167972;3.12437e-06;5.12554e-06;8.57272e-07;5.32151e-07;9.53802e-09;0.000391211;3.64238e-06;5.53289e-08;6.13613e-06;0.997302;0.000500078;8.46883e-05
1.50373e-07;0.999594;1.85869e-10;4.73588e-07;1.05467e-08;2.79504e-08;0.000219782;1.37451e-06;1.15964e-08;3.08302e-05;1.39416e-08;2.64578e-08;7.30982e-06;0.000146098
8.06341e-11;3.56057e-12;1;2.51689e-10;2.95896e-10;2.40183e-11;8.94826e-09;2.5834e-10;2.60271e-11;1.97859e-10;1.03403e-10;1.80155e-08;2.13908e-15;5.28286e-13
1.79799e-05;0.946565;1.61845e-05;2.79028e-05;4.97785e-07;2.68886e-06;1.81059e-05;2.47428e-06;1.85678e-06;1.97718e-06;1.01909e-05;1.41166e-06;0.0533337;2.07743e-07
6.69165e-05;0.0353046;1.69455e-06;9.34003e-06;3.4749e-07;2.40244e-06;8.74251e-06;2.89947e-05;3.00775e-05;1.12249e-07;1.81529e-05;0.946219;0.0182884;2.13349e-05
7.47063e-05;0.0679287;0.000146338;2.53765e-05;0.135809;0.0014565;1.78253e-06;0.759887;4.51565e-06;2.46041e-06;1.24271e-05;0.00197265;0.0305078;0.0021715
0.000400958;0.0884144;1.71479e-05;0.00244651;0.000718455;0.0014333;0.000217372;0.00478104;0.0150324;8.27651e-05;0.0127178;0.0744319;0.798156;0.00115008
0.000142194;0.999129;1.76564e-05;1.5503e-05;2.30721e-07;2.6307e-07;4.17898e-06;9.39429e-05;3.04765e-05;5.95766e-07;6.20438e-05;0.000262415;0.000239875;1.90204e-06
8.30245e-07;0.998459;6.65741e-08;1.27855e-06;2.80729e-07;2.23489e-08;0.000142088;1.18434e-06;4.27386e-08;0.000120606;3.3315e-08;7.03719e-07;6.2463e-08;0.00127403
1.09706e-06;1.50506e-06;0.999955;1.62196e-07;7.67745e-09;1.09244e-08;5.65958e-06;3.94494e-07;1.87603e-06;1.97621e-08;1.62397e-05;1.43448e-05;4.26725e-06;3.12192e-09
4.79287e-06;0.988221;1.23928e-08;1.77622e-07;8.26203e-06;4.90371e-08;2.48174e-07;0.011722;2.76111e-06;7.26985e-07;2.12923e-07;6.77832e-07;3.53173e-05;3.77608e-06
1.88588e-05;0.00387565;0.00145797;2.16938e-05;0.00390141;1.66334e-05;1.95877e-08;6.04172e-05;3.06897e-07;8.6801e-06;2.99013e-08;0.986555;9.2282e-06;0.00407417
5.59265e-05;0.000214704;4.1215e-07;7.83763e-06;2.53323e-07;3.78469e-06;0.00910003;0.000351806;0.979316;6.45608e-06;0.0044189;1.99621e-10;0.0065241;3.13957e-08
1.59465e-05;0.997551;0.000148871;4.48408e-06;9.54706e-07;1.02243e-06;1.05758e-05;0.00198588;4.7534e-06;2.90996e-06;1.91932e-07;3.63293e-06;0.000193139;7.62178e-05
3.76639e-05;0.036864;9.39422e-09;8.79219e-05;0.000196751;1.86763e-05;5.09629e-06;0.398993;0.000296822;1.07855e-05;0.000160474;0.000575217;0.562747;6.88807e-06
0.00017772;0.994349;0.00128696;0.00100099;3.65313e-05;5.44172e-05;0.000135537;0.000745339;1.10286e-05;2.77492e-05;2.18945e-05;0.0013839;0.000148392;0.000620913
7.70908e-05;0.519178;3.02624e-08;0.000167929;7.54789e-05;3.10627e-05;4.47198e-05;0.0180817;2.73949e-05;6.27884e-06;0.000642784;0.00273098;0.45847;0.000465899
0.000190158;0.0138763;7.41549e-08;0.133312;0.00898695;0.346558;1.0946e-05;0.000550801;0.0016921;0.000580953;0.103023;0.321762;0.00466455;0.064793
0.0013775;0.98587;1.60754e-05;4.39899e-05;1.43323e-07;5.04738e-07;4.39332e-05;0.00101053;0.000220534;6.66066e-07;0.00782734;0.00232254;0.00126652;9.02529e-08
5.18378e-06;0.998278;7.13932e-08;3.23929e-05;3.69449e-06;3.4903e-07;0.000227842;8.95029e-06;1.90095e-06;0.000606507;4.26962e-07;2.26636e-07;8.64332e-07;0.000833298
9.5789e-07;1.99067e-06;0.999958;3.1485e-07;3.02715e-08;2.98959e-07;1.26934e-06;7.824e-07;4.16666e-06;1.30196e-08;1.47909e-05;1.30837e-05;4.92542e-06;3.85938e-10
0.000919065;0.628534;3.55521e-07;0.000215705;7.21907e-05;0.000496823;1.52965e-05;0.00669635;0.0194441;0.000321951;0.00534038;0.0125072;0.325132;0.000304146
0.00162664;0.0741055;0.00568406;3.52065e-05;0.000145935;1.22945e-05;2.48372e-07;0.000863044;2.11132e-05;1.51767e-05;3.64653e-06;0.908503;1.32908e-05;0.00897093
0.000234985;0.701118;3.86046e-10;5.73848e-06;5.39749e-05;7.94534e-06;0.033972;0.0431883;3.07177e-05;0.00302816;4.01505e-06;9.51999e-09;0.00189158;0.216464
2.75771e-11;4.36579e-12;1;2.91306e-11;4.03971e-10;1.17915e-10;6.15477e-11;9.84847e-11;1.66447e-12;3.53635e-11;2.5107e-12;1.19057e-09;9.70677e-15;3.03061e-11
0.000467254;0.00913868;1.23208e-07;1.90267e-05;0.00052964;8.59592e-06;3.56827e-06;0.674589;0.00251806;1.36535e-06;0.000907916;0.0138782;0.29786;7.90368e-05
8.94112e-05;0.997903;1.96049e-07;5.85665e-07;2.49952e-06;9.28377e-08;8.27145e-05;0.00130792;2.92657e-05;2.58766e-06;8.90577e-06;0.000315553;0.00025057;7.12686e-06
0.000181302;0.00210102;0.0111426;0.00153102;0.0163332;0.0202789;1.35372e-06;0.00147116;9.76778e-05;1.82293e-05;0.00026363;0.927519;6.18301e-05;0.0189989
2.6129e-05;0.928987;2.29652e-07;2.29393e-05;9.57729e-06;3.09377e-05;2.00421e-05;0.0242236;0.000152152;4.65622e-07;0.00362642;0.00636135;0.00116966;0.0353693
1.95053e-06;0.991336;7.60187e-08;8.63446e-07;3.14669e-08;1.99795e-07;0.00696417;8.08463e-05;5.22183e-07;0.00118213;3.24267e-06;1.41927e-07;1.87536e-05;0.000411027
2.64604e-09;1.29946e-09;0.999988;7.58814e-09;2.07136e-08;1.14901e-08;2.04274e-07;1.76323e-07;4.15021e-08;5.48514e-08;1.34062e-07;1.16888e-05;2.8483e-12;1.02054e-09
3.75097e-06;0.833282;0.000112982;8.94513e-05;3.87965e-06;7.95908e-05;2.18138e-06;3.18892e-05;1.27577e-05;7.38626e-06;0.000134311;1.05025e-06;0.166228;1.09997e-05
0.000116292;0.71928;0.00567072;7.11485e-05;0.000338593;0.000152392;2.38366e-06;0.0617398;2.08509e-05;1.26965e-06;0.000137474;0.18979;0.0224428;0.000236491
6.59438e-05;0.0510981;0.000169735;0.000273979;0.0669566;0.550236;3.79264e-06;0.0230633;6.43017e-06;1.05714e-05;0.000175361;0.0105739;0.125832;0.171534
1.64298e-05;0.0226461;7.96164e-07;2.35565e-06;1.64679e-06;0.000147923;4.51674e-07;0.00740558;2.76107e-07;1.9524e-07;1.94658e-05;8.32167e-05;0.969467;0.000208705
9.3949e-06;0.00294121;7.71561e-07;2.25189e-06;4.94214e-07;2.88675e-06;4.9731e-08;0.00154136;9.89947e-07;2.33089e-08;7.35288e-05;0.00115607;0.99427;1.35941e-06
6.67915e-07;0.986682;8.13707e-09;3.69173e-06;7.31521e-07;9.41812e-07;0.000521485;2.3011e-05;2.38112e-08;0.000464538;2.72217e-07;1.39424e-06;8.31805e-06;0.0122927
4.70406e-10;1.04864e-10;1;5.02681e-09;2.2529e-08;3.49622e-09;2.85901e-08;2.6899e-08;1.19376e-10;1.70473e-09;1.79766e-08;3.61387e-07;4.56587e-13;2.25156e-11
8.42499e-07;0.99839;2.04389e-05;3.18149e-06;1.43393e-06;4.6874e-07;1.39956e-06;1.60637e-06;2.65858e-09;1.153e-07;9.22653e-07;5.31977e-07;0.00157742;1.8892e-06
3.75551e-08;0.00136083;2.37934e-09;2.80582e-09;1.1714e-09;3.01975e-09;3.88087e-09;9.3432e-07;5.43096e-09;4.61991e-11;7.20243e-08;0.998302;0.000336008;4.02824e-07
3.02804e-06;0.131092;3.2928e-08;2.59382e-05;0.00029186;0.00025482;7.81803e-07;0.523563;1.17518e-05;2.16955e-07;0.000127385;0.0143948;0.327511;0.00272281
5.43489e-05;0.473251;3.57804e-06;0.000324593;0.00291546;0.000232762;1.92516e-06;0.362719;1.85599e-05;1.29734e-06;0.000675774;0.0454386;0.102882;0.0114815
5.0255e-05;0.710203;1.81749e-06;2.97173e-06;0.00196928;6.26551e-06;1.71269e-06;0.267272;1.54339e-07;1.13436e-06;3.77478e-07;1.32702e-05;0.000728529;0.01975
1.22354e-05;0.00874334;0.208511;4.39356e-05;0.00151466;0.000196263;8.79363e-09;0.000404106;3.62352e-08;4.0346e-07;6.31566e-07;0.780131;0.000148653;0.000293528
0.00154726;0.235755;5.17247e-05;0.000570123;6.56894e-05;0.000328786;0.0171481;0.0236954;0.0288233;7.85202e-05;0.627539;0.0112387;0.0460074;0.00715096
0.000654459;0.675922;9.60808e-08;2.55724e-05;1.19964e-05;2.70129e-05;0.000144388;0.0298072;0.000309322;3.38683e-06;0.00177264;0.00283784;0.288443;4.14036e-05
0.000441405;0.050995;2.49092e-07;0.0118948;0.0431753;0.000544226;4.21517e-06;0.370876;0.0138217;0.0001404;0.0021381;0.501548;0.000534858;0.00388484
0.000200114;0.92359;0.0089303;0.000390689;0.00474264;1.97105e-05;1.8945e-07;0.000292337;7.32734e-07;2.14209e-05;6.63492e-06;0.0289039;0.0280048;0.00489671
1.63609e-05;0.0161041;1.1468e-05;4.45298e-07;2.75013e-05;9.51987e-08;1.34008e-06;0.00759043;4.67473e-06;1.00944e-08;3.71787e-06;0.975221;0.000579518;0.000439655
5.54085e-05;0.919012;6.06271e-06;0.00309741;0.0197096;0.00135769;3.44796e-05;0.0295954;0.000847198;7.69298e-05;0.000609023;0.00117493;0.00394577;0.0204782
0.000799621;0.747724;0.000626687;0.000338122;0.00230651;2.21932e-05;0.000143216;0.159181;2.41422e-05;6.66256e-05;1.41726e-05;0.0844738;0.000102042;0.00417789
0.00106496;0.236859;0.308396;0.00070896;0.06038;0.0129314;1.13216e-06;0.206942;3.54533e-05;1.60469e-05;1.57866e-05;0.165851;0.00332353;0.00347448
0.000135017;0.00296388;6.60759e-08;2.35051e-06;0.000389235;2.07452e-05;2.89526e-07;0.969592;0.000153971;4.04657e-07;8.80021e-05;0.000847583;0.0257856;2.07717e-05
9.97497e-05;0.997827;2.22383e-05;0.000544078;1.60771e-05;7.75788e-06;1.0806e-05;0.000345334;8.83204e-05;1.06529e-05;4.8296e-05;0.000431328;0.000439686;0.000108407
4.6268e-05;0.986364;0.00019041;0.000125986;1.44849e-06;2.55287e-07;1.43268e-06;8.96721e-05;2.90707e-06;1.4843e-06;3.69598e-05;0.0129709;0.000162505;5.82646e-06
0.000171177;0.992144;1.20422e-07;7.72791e-06;2.78147e-05;5.38727e-06;4.88279e-05;0.00564993;2.86784e-05;1.61819e-05;0.000171008;0.00036365;0.000675339;0.000689788
3.5233e-06;0.00537101;5.41958e-07;1.30845e-05;0.00352556;3.35374e-06;1.26928e-06;0.00730267;0.000153718;1.62716e-06;0.00146811;0.981905;0.00023979;1.09794e-05
7.79316e-06;0.840612;0.148321;3.16958e-05;9.21868e-06;8.67673e-06;5.05874e-07;6.02731e-06;2.74896e-07;6.31956e-06;3.80482e-06;0.000161327;0.0108196;1.22565e-05
3.45014e-05;0.0193336;2.41576e-07;2.92969e-07;1.31322e-06;5.48593e-06;3.85816e-08;3.18688e-05;4.51806e-05;2.98264e-08;1.58471e-05;0.977012;0.00350336;1.60717e-05
0.00054122;0.0337063;1.37858e-06;4.95847e-05;0.00832613;0.0157243;9.07023e-08;0.566496;0.00151443;5.23326e-06;0.00046336;0.0162418;0.349027;0.00790321
0.000563056;0.380693;8.99532e-05;0.00203665;0.0019147;0.00345562;4.83351e-05;0.077878;0.00917225;0.000196197;0.015651;0.0272382;0.479521;0.00154194
4.70668e-05;0.00805217;1.42161e-06;3.90052e-06;0.00115901;0.000922761;2.03432e-05;0.971922;3.1966e-05;8.29737e-05;2.50425e-05;4.92444e-06;0.0174495;0.000277177
2.735e-09;1.48031e-10;1;5.61234e-10;6.58215e-10;5.39402e-11;1.12309e-09;2.16708e-09;3.62013e-10;5.91731e-10;1.81268e-09;3.0829e-08;2.70922e-11;3.8296e-12
4.8625e-06;1.63693e-05;0.00519764;2.25244e-06;9.37366e-07;3.23022e-07;1.17576e-07;2.69204e-05;6.34751e-05;1.68542e-07;9.90452e-06;0.994674;1.12253e-06;2.10545e-06
0.000155729;0.864689;0.000271821;6.60023e-07;0.000115611;2.48428e-05;1.81912e-05;0.0634922;6.76794e-05;2.00678e-06;5.28929e-05;6.79156e-05;0.0709937;4.73505e-05
1.19348e-05;0.00744337;5.42657e-05;8.81349e-07;0.0147235;3.38756e-05;1.09218e-07;0.0040235;9.72669e-06;2.41934e-07;1.10663e-07;0.971589;0.000981255;0.00112849
6.00152e-05;0.0263485;1.28557e-08;0.00026795;0.00768506;0.0026167;2.88888e-08;0.917341;0.0082564;2.64968e-06;7.22708e-06;0.000167174;0.0366174;0.000629684
6.49164e-05;0.980362;0.00316239;2.53667e-05;2.00024e-05;1.85101e-05;3.76565e-07;0.00494079;7.04633e-08;4.86197e-06;1.87076e-08;0.00126847;0.0035298;0.00660273
1.34123e-06;0.011606;9.59617e-11;1.20337e-06;6.64676e-06;1.84082e-07;3.0964e-08;0.00704094;5.07601e-06;1.37975e-07;2.00892e-06;9.75532e-06;0.981326;2.50184e-07
0.00024108;0.952748;0.00050589;0.00630542;6.8049e-05;0.000225598;4.42574e-05;0.000190387;0.000560614;0.000124652;0.000391587;0.0382049;0.000228955;0.000160717
5.58244e-05;0.995268;4.08786e-06;6.44146e-05;1.53132e-08;8.08447e-08;2.54112e-05;0.000577615;0.000147237;1.14136e-06;0.00224023;0.00023743;0.00137801;2.70815e-08
2.9957e-06;0.994493;3.45263e-07;0.000448698;3.27605e-05;4.71422e-06;0.00059582;4.11699e-05;9.63615e-07;0.00130697;7.33829e-05;0.000198991;3.23248e-07;0.00279959
7.36111e-06;9.01976e-05;0.995283;2.91336e-05;4.63811e-08;5.98085e-07;2.34496e-05;3.66828e-06;2.23681e-05;1.83309e-07;0.004337;0.000122904;7.99123e-05;6.44267e-09
0.000228747;0.078001;7.05055e-06;1.00873e-05;0.0146765;1.77888e-05;6.66694e-08;0.902725;3.18565e-05;1.10608e-06;0.000154928;0.000437686;0.00323822;0.00047025
2.84296e-07;0.998504;1.05584e-11;1.03552e-07;2.20389e-06;3.20629e-09;4.75888e-05;3.07021e-07;1.6344e-07;5.49719e-05;2.16713e-08;4.09313e-09;2.2174e-07;0.00139015
1.22064e-09;2.26275e-10;1;1.079e-10;6.33727e-12;8.20322e-14;2.43091e-09;4.04228e-10;1.56438e-08;5.72705e-12;8.8764e-09;9.87312e-09;9.6082e-15;5.11048e-15
2.13367e-05;9.62113e-05;1.29306e-08;8.57815e-06;6.59395e-07;8.365e-08;1.01857e-05;0.00905894;0.982558;2.01607e-07;0.00823536;4.02272e-06;3.68025e-06;2.43964e-06
1.93694e-05;0.000637682;2.82129e-09;1.05426e-07;2.85311e-07;2.53244e-07;6.37896e-08;0.00252509;2.2948e-05;4.42876e-08;4.49837e-06;2.25811e-07;0.996789;5.54522e-08
4.28814e-07;0.000181121;5.37632e-07;1.10579e-05;2.21217e-06;5.26336e-09;1.49344e-08;1.17389e-06;4.06513e-05;1.65651e-08;1.75695e-05;0.999668;1.06218e-06;7.65965e-05
0.000314793;0.992565;4.25019e-07;0.00018866;2.19026e-05;8.95194e-08;1.71651e-05;0.000712723;1.50503e-05;1.13707e-05;6.45521e-06;0.000186022;0.000713647;0.00524699
7.43705e-08;1.3527e-06;3.18176e-10;1.59278e-09;9.79767e-07;2.37962e-10;1.35623e-09;0.999997;1.13295e-07;3.18183e-08;4.00817e-10;2.75304e-09;3.04483e-08;5.22189e-08
3.71481e-09;2.84588e-07;1;1.63616e-07;7.55458e-09;2.20585e-08;8.41601e-10;8.15238e-10;6.4394e-09;2.26525e-08;1.66318e-09;2.04842e-09;3.8715e-11;1.27717e-08
0.00173153;0.000807103;5.6768e-05;2.95217e-05;2.64031e-06;4.38022e-06;0.000775877;0.000404425;0.92771;2.06162e-05;0.0680927;1.01052e-05;0.000352231;2.00402e-06
