2.20404e-05;0.998049;3.20116e-08;2.39008e-06;1.8123e-06;1.82184e-07;1.72074e-06;0.00077279;1.46871e-05;1.98214e-07;5.89453e-06;4.13788e-05;0.00105362;3.44198e-05
1.03475e-06;0.998849;7.67507e-09;2.87503e-07;1.85455e-07;2.00712e-09;9.25058e-05;0.000113409;1.73626e-07;2.26009e-05;1.43793e-07;2.1922e-06;4.60948e-08;0.000917981
6.73216e-09;2.97075e-08;0.999969;7.21907e-10;1.17504e-08;1.101e-10;2.0172e-08;1.09332e-08;9.77275e-10;2.49989e-10;3.17059e-09;3.1106e-05;9.89327e-13;1.8051e-10
1.63762e-05;0.943141;2.05509e-08;7.79222e-07;4.50849e-06;7.80158e-06;4.76301e-07;0.000626732;1.74618e-06;1.87264e-07;7.06533e-07;0.000151496;0.0557298;0.000318564
1.03755e-05;0.0217864;2.72034e-05;2.86044e-08;1.99935e-06;9.42351e-06;6.08818e-08;0.116226;8.51045e-09;1.55187e-08;9.81881e-09;0.805526;0.0559519;0.000460731
1.65335e-07;0.000247083;8.48318e-09;1.04388e-06;1.62857e-05;0.00298245;1.102e-07;0.000317978;2.03497e-06;2.9132e-07;1.9452e-07;1.37979e-06;0.993321;0.00310946
5.24943e-06;0.000737595;0.988573;8.55189e-05;4.02588e-06;1.03092e-05;0.000320362;2.07441e-06;7.73157e-07;0.000227808;4.95039e-06;0.00991562;3.95572e-05;7.26564e-05
7.0382e-07;4.94771e-08;0.999791;7.00399e-07;5.07669e-08;2.84774e-08;5.06727e-05;1.03618e-07;2.01924e-05;1.72491e-07;0.000136124;5.69313e-07;1.59149e-09;2.17421e-09
9.30125e-07;0.999766;9.86889e-07;2.17488e-07;9.45809e-09;2.8628e-10;3.5726e-07;7.13448e-06;2.23953e-07;4.40837e-09;3.60382e-07;0.000116024;0.000107893;2.78324e-08
4.59604e-06;0.932117;6.04247e-08;9.76841e-07;1.9186e-06;6.228e-07;8.72455e-07;3.95381e-05;1.20091e-07;5.87889e-07;1.12278e-07;0.00023382;0.0654477;0.00215237
2.38925e-05;0.136527;0.000132621;1.31686e-05;0.00134877;0.00157001;5.29962e-06;0.352403;4.08742e-06;1.65181e-05;2.90517e-06;0.464178;0.00637805;0.0373968
5.84324e-06;0.0158539;5.92881e-06;3.08261e-06;1.44586e-05;0.00168409;2.82564e-05;2.34471e-05;4.96274e-06;2.22569e-05;8.44221e-06;0.000153724;0.982138;5.38269e-05
2.74948e-06;0.000169485;0.994461;6.44635e-06;2.74107e-06;2.19817e-05;0.000127898;4.21056e-08;7.51945e-08;0.000117879;1.12416e-07;0.00490132;0.000121973;6.62418e-05
2.84752e-07;3.98339e-07;0.999966;1.87211e-07;1.59894e-07;3.71082e-07;2.8058e-05;1.5463e-08;2.26506e-06;2.71344e-07;1.94551e-06;3.21942e-08;8.92552e-09;1.49321e-07
2.54595e-06;3.84477e-05;1.02138e-07;3.52489e-08;3.37181e-07;2.55054e-08;4.26889e-08;0.999899;5.48054e-05;2.30685e-08;7.3348e-07;1.91675e-06;2.28543e-06;1.12505e-07
2.07004e-07;0.98576;2.59705e-08;2.02594e-07;1.82989e-07;3.15078e-08;5.87716e-07;1.84584e-06;6.32495e-09;9.36007e-06;1.55761e-08;3.99249e-07;7.55182e-08;0.0142273
1.19677e-08;2.1371e-06;0.999995;1.002e-08;4.8241e-08;8.78075e-07;1.2737e-06;1.21513e-07;1.31064e-09;8.60373e-08;4.71363e-08;5.16226e-08;9.09805e-08;2.79888e-07
1.36596e-08;2.13725e-10;0.999997;1.34879e-09;2.27602e-09;3.55289e-10;5.61551e-09;2.3619e-06;1.39381e-08;3.17449e-10;1.68211e-08;1.11872e-07;1.53411e-09;1.29583e-12
1.93581e-06;3.23167e-05;0.999115;4.53824e-07;2.95802e-07;8.24648e-08;3.53347e-07;3.49505e-05;3.5382e-06;1.12482e-07;1.22556e-07;0.000808741;9.04958e-07;8.27003e-07
9.94657e-05;0.00540684;9.62877e-05;1.30689e-05;0.166195;0.0284912;9.59851e-07;0.000354916;8.19775e-05;1.02237e-06;6.3612e-05;0.00147127;0.00128421;0.796441
6.67574e-05;0.0103747;3.79231e-07;9.81336e-06;0.00534946;7.65963e-05;6.46725e-10;0.0326483;2.32115e-05;7.45603e-08;2.18398e-06;0.944671;0.000391147;0.00638621
0.00389725;0.240554;4.53655e-06;8.32393e-05;0.00274777;0.000454607;4.40356e-06;0.722254;0.00288243;1.34588e-06;0.000151889;0.0236129;0.0031053;0.000246727
8.54063e-07;0.998869;1.63504e-07;3.54491e-07;2.04319e-06;3.15132e-08;2.44061e-09;0.00108801;2.11829e-09;6.06234e-08;2.32873e-09;3.75424e-05;1.7694e-06;1.00066e-07
7.73875e-07;0.997775;1.68976e-08;1.26845e-07;3.73536e-07;1.08291e-07;3.04131e-07;4.22361e-06;4.65893e-09;2.31979e-07;2.87376e-08;4.42892e-05;0.00216542;8.84108e-06
3.68234e-09;3.45785e-05;8.07341e-07;9.64028e-08;1.13181e-06;4.66129e-08;3.36639e-10;1.42348e-06;9.88766e-10;5.01969e-10;1.92471e-08;0.999871;1.44051e-07;9.10665e-05
2.50324e-06;0.289586;2.74479e-08;2.46793e-06;2.32374e-07;4.18361e-07;1.37023e-06;0.00981667;6.90616e-06;6.58053e-08;2.64664e-05;4.59849e-05;0.700511;2.09399e-07
2.47657e-05;0.0555387;0.000220934;4.38389e-06;3.2359e-05;0.00076158;1.9426e-05;0.0824455;1.01257e-06;7.36533e-05;1.46819e-06;0.00144144;0.855568;0.00386642
5.94598e-10;1.5525e-09;0.999998;1.00251e-08;4.6302e-09;5.92604e-08;2.03748e-09;2.21619e-09;2.99807e-10;7.30851e-10;2.30557e-09;1.62486e-06;8.89178e-11;8.37975e-10
2.90608e-06;0.0291226;0.000276683;2.49352e-05;2.33651e-06;2.75721e-06;1.38695e-06;0.011753;3.1889e-05;3.51245e-07;0.0001396;0.958323;0.000116032;0.000202063
1.72072e-07;0.934559;6.36123e-08;6.08386e-07;3.6009e-07;1.49723e-05;1.61123e-07;9.9466e-07;3.05131e-08;2.29267e-08;1.52974e-06;0.000123617;0.065273;2.53307e-05
4.32581e-07;0.070638;3.00692e-06;5.4928e-07;9.67907e-05;1.1334e-05;2.62974e-08;0.0521588;8.59689e-09;1.76254e-08;4.2668e-07;0.875455;0.00118462;0.00045066
1.15813e-09;0.00104172;1.62907e-10;2.10042e-07;3.30412e-06;0.0103859;1.11442e-08;3.96376e-07;1.41637e-09;1.57917e-08;1.31392e-08;7.97421e-10;0.988365;0.000203233
1.69668e-05;0.0629287;0.662117;0.000107032;9.3285e-05;0.000873075;2.17499e-07;0.00954367;3.26984e-08;1.15048e-06;3.98758e-07;0.257279;0.00642462;0.000614875
4.32209e-07;0.0549327;1.13267e-09;7.82234e-06;2.06412e-05;0.000312699;2.05775e-07;0.0321314;2.47459e-06;4.32752e-07;6.93781e-06;3.00558e-06;0.91197;0.000611316
6.26585e-06;0.934892;0.0621733;4.43057e-05;5.89715e-05;1.30373e-05;6.86307e-06;0.00133586;2.67367e-09;0.000337571;2.96314e-08;7.58594e-06;7.51289e-05;0.00104914
2.23266e-08;2.29395e-08;0.999998;1.91271e-08;4.91004e-08;2.35481e-09;1.33616e-08;2.06919e-08;2.26294e-08;1.8381e-09;4.69177e-07;9.82057e-07;1.92277e-09;9.551e-10
2.1409e-06;2.3141e-05;0.983313;4.79361e-06;3.10288e-06;1.01708e-06;6.59472e-07;0.000586061;1.18465e-05;1.71692e-07;2.32298e-05;0.0159018;1.77663e-06;0.000126943
7.78474e-08;0.000174168;4.96169e-06;4.86645e-08;5.83774e-06;0.000171603;7.56832e-10;1.9646e-06;2.54154e-09;2.8115e-08;2.01579e-08;1.74335e-05;3.33345e-07;0.999624
2.36614e-05;0.00198631;2.99816e-08;3.84142e-07;1.38539e-05;8.11711e-06;2.25344e-08;0.145961;7.41971e-07;9.1655e-09;4.69201e-06;6.05567e-05;0.85194;9.23395e-07
6.9859e-06;0.70891;1.59186e-08;1.05478e-06;6.72541e-07;6.32337e-08;1.97694e-08;0.0236963;1.61974e-07;3.60887e-07;1.90307e-07;0.0121989;0.25518;4.38812e-06
5.92001e-06;0.863945;2.26524e-05;4.90598e-06;8.41035e-06;7.8329e-06;5.62668e-06;0.00672015;4.5969e-07;2.47416e-06;3.89644e-05;0.120192;0.00898915;5.62428e-05
1.70906e-07;0.000623618;5.72409e-12;3.07155e-06;1.0322e-05;2.33496e-06;2.38612e-07;0.00217075;1.32142e-07;8.30508e-08;7.0674e-06;0.000296992;0.996884;1.48913e-06
5.97713e-05;0.00137798;2.50838e-05;0.000330073;1.33219e-05;3.18708e-06;1.30195e-05;0.000159548;0.000103975;7.35701e-06;0.00128506;0.996036;0.000582003;3.98284e-06
9.88605e-05;0.997464;0.000826184;0.000278874;1.31237e-05;1.13833e-06;1.63467e-05;0.00103428;2.77376e-06;4.84139e-06;9.09458e-06;5.15137e-05;0.000190903;7.63301e-06
5.95603e-05;0.978227;0.000167602;3.22133e-05;2.15047e-05;3.74872e-05;1.76859e-05;0.00571227;1.20498e-06;1.38579e-05;1.2555e-06;0.00231936;0.000437873;0.0129515
5.42342e-05;0.0704672;1.58021e-06;0.000276884;0.496036;0.00183457;1.28053e-05;0.356558;0.00222105;5.44476e-05;0.00444635;0.0641196;0.00364776;0.000270101
0.000354466;0.689538;0.00395019;0.000201684;0.000767578;4.22122e-06;8.42164e-07;2.56352e-05;3.81872e-06;6.22698e-07;1.29949e-05;0.282907;0.0221964;3.565e-05
0.0016814;0.5483;2.57233e-06;1.0437e-06;0.0556576;3.52883e-05;1.87028e-06;0.0628754;1.99959e-05;1.37609e-07;1.98843e-06;0.0151172;0.228303;0.0880024
2.27652e-05;0.511821;3.88238e-05;5.37618e-06;0.00446058;0.0129127;1.80433e-07;0.132916;1.7767e-06;5.23458e-07;4.65873e-08;0.0563094;0.0378909;0.24362
7.14809e-06;0.021162;3.88851e-10;5.12947e-06;0.000335446;0.00141806;4.129e-08;0.000203588;1.44124e-06;1.76156e-07;2.63123e-06;0.00833618;0.949318;0.0192101
6.99964e-05;0.00276217;2.4011e-05;5.84218e-06;1.76311e-05;1.89145e-05;6.72669e-08;0.000439047;1.40711e-05;2.73027e-07;1.02276e-05;0.994824;0.0017209;9.26757e-05
8.08291e-07;0.998468;1.14164e-08;7.98473e-08;7.25793e-09;9.12846e-08;2.34673e-07;6.58418e-06;5.30611e-07;2.72238e-08;8.53048e-07;0.000104189;0.00141861;6.88952e-09
5.67178e-06;0.0233868;3.32464e-08;2.52424e-06;1.17684e-05;1.21707e-05;9.37333e-08;0.00504261;2.71963e-05;2.18637e-07;0.000279794;0.957067;0.0141565;7.56338e-06
4.88737e-07;0.986617;7.40213e-07;2.0961e-06;1.87185e-07;5.51948e-06;0.00145902;2.91192e-06;2.18618e-08;0.000703886;1.75286e-07;1.00868e-07;1.20575e-05;0.0111962
6.0946e-09;4.38873e-07;0.999995;1.65579e-07;2.6177e-09;1.22527e-08;8.69886e-07;4.13284e-09;9.70184e-09;8.60887e-09;9.15844e-07;2.77714e-06;1.34844e-08;2.37405e-10
3.99241e-05;0.80696;0.000727653;3.2017e-05;2.20067e-06;9.65349e-06;4.4042e-05;0.106673;3.12764e-05;1.60886e-05;0.000139672;0.00269084;0.0819018;0.000731935
3.36944e-06;0.000473859;1.04785e-06;4.12742e-06;1.85872e-05;0.00060359;1.51889e-06;0.000974438;6.68539e-05;6.49122e-06;7.45777e-05;2.89451e-06;0.997743;2.56618e-05
4.12444e-05;0.000289737;0.00195924;1.53671e-05;3.07639e-05;4.83099e-06;6.87055e-07;0.000417219;0.000111996;6.11783e-06;2.62712e-05;0.996603;0.000490618;3.16265e-06
