2.05393e-05;0.99901;3.95505e-06;1.36713e-05;5.36801e-07;3.02838e-07;3.15519e-07;0.000208745;3.57513e-07;3.04754e-07;7.93689e-07;0.000556252;0.000183105;1.41253e-06
3.98667e-06;0.99493;3.65829e-09;1.77806e-07;1.35493e-07;2.08158e-07;0.00342174;2.40869e-05;2.24186e-07;0.000390235;1.75801e-07;1.1097e-07;7.81077e-05;0.00115072
1.65897e-09;1.08844e-09;0.999852;1.13327e-09;1.63991e-08;1.51348e-09;1.03619e-08;5.56981e-09;7.56483e-09;1.97468e-09;2.78107e-08;0.000147538;7.47626e-12;5.09835e-11
8.61658e-08;0.999804;1.69339e-11;7.00304e-09;2.04741e-08;5.38292e-09;5.09353e-05;3.10845e-05;2.81239e-08;1.81732e-06;2.25078e-08;2.34459e-10;7.15172e-05;4.01806e-05
1.74635e-10;1.61803e-09;1;4.07785e-11;1.47392e-08;4.80809e-10;1.72616e-11;1.13729e-09;4.25223e-12;1.05521e-11;7.61617e-12;1.72543e-07;3.68655e-13;1.84701e-10
3.05945e-05;0.981244;2.22235e-05;0.000203648;0.000134777;0.000131255;0.000656516;0.00284491;0.000364571;2.64257e-06;0.00069456;0.000199141;0.00822779;0.00524363
1.09241e-05;0.761643;2.43556e-07;1.93944e-05;1.72027e-06;0.000119707;1.42218e-06;0.235208;1.88291e-06;3.15295e-06;5.0644e-06;2.64874e-05;0.00129581;0.0016633
1.89662e-06;0.00106111;3.24574e-08;2.09499e-07;2.18788e-07;2.50428e-06;4.03661e-08;0.00119946;1.18592e-06;1.89227e-08;6.06562e-06;0.000138932;0.997588;1.55945e-07
2.24392e-06;0.999675;1.02502e-07;9.05407e-07;7.74589e-10;6.52245e-10;8.31104e-07;0.000176927;1.7151e-06;1.7777e-08;3.94481e-06;3.66064e-05;0.000101283;6.77864e-08
4.84812e-08;0.977519;1.76845e-10;1.51812e-05;6.09353e-05;1.21534e-08;4.79185e-08;0.00402469;2.12132e-08;3.04952e-06;4.63257e-07;0.0183166;1.36167e-06;5.83807e-05
3.72659e-06;0.0129944;0.0292269;0.00241483;0.00034552;0.0112846;2.37866e-06;6.01573e-05;3.06399e-07;3.65284e-05;0.000609566;0.940379;0.000369298;0.00227292
1.14184e-05;0.000460399;9.13009e-10;3.35456e-07;1.7231e-07;8.25452e-07;3.13543e-07;0.925013;2.6578e-06;9.82534e-09;0.00179077;0.000124692;0.0725955;8.80215e-08
0.000112771;0.00100203;0.000147309;5.08903e-05;5.65655e-06;4.49769e-06;1.61691e-06;0.00195496;6.30375e-05;3.7685e-06;0.00261774;0.990055;0.00370914;0.000271558
2.6898e-05;0.0986587;1.94534e-06;3.23091e-06;0.000111491;7.44524e-06;9.15098e-08;0.884855;3.55385e-06;2.65853e-06;1.16003e-05;0.000227759;0.016057;3.28457e-05
1.35319e-07;0.00100338;2.32884e-05;1.401e-06;5.21864e-06;3.73353e-06;1.0023e-07;5.4311e-05;7.90817e-08;1.07459e-07;2.81478e-06;0.998634;0.000225174;4.59665e-05
1.82365e-05;0.0864615;5.54096e-05;4.19339e-05;0.000218511;0.000306568;1.11809e-05;0.077858;3.76166e-06;5.24868e-06;0.000103955;0.000423129;0.834043;0.0004493
0.00128157;0.0172393;0.00141502;0.000364252;0.00662491;5.4875e-05;2.20216e-06;0.0142372;8.22031e-05;9.89049e-05;0.000167527;0.952955;0.00353136;0.00194565
0.000254755;0.997631;1.61725e-08;8.25028e-08;2.31981e-07;1.0052e-07;0.00144111;5.16115e-05;5.09077e-05;0.000171534;6.81097e-07;1.90006e-08;4.94982e-06;0.000393097
9.40008e-09;2.00204e-10;0.999987;1.12877e-10;4.54805e-10;1.54533e-10;4.97093e-10;8.42915e-10;4.63125e-09;1.01612e-10;4.67337e-10;1.31718e-05;1.27951e-11;8.46292e-13
0.000201758;0.00775179;7.83951e-07;0.000136153;9.91208e-05;4.45519e-05;0.000663657;0.0158035;0.966363;2.04753e-05;0.00695908;1.04026e-05;0.00111359;0.000832053
1.79895e-05;7.91029e-05;1.01768e-09;3.37386e-08;4.73962e-07;3.18775e-09;1.61594e-07;0.999583;0.000314799;2.18899e-08;9.57647e-07;2.00551e-07;2.56057e-06;2.87379e-07
8.39785e-05;0.549284;3.8139e-05;3.34543e-05;5.423e-05;1.17077e-05;0.000245999;0.0012767;2.78769e-05;0.00178987;2.3489e-06;7.74948e-05;3.79146e-05;0.447037
1.30183e-09;4.27152e-11;1;3.73637e-10;6.71521e-11;4.93195e-11;1.13506e-09;5.40331e-12;1.27985e-09;3.03826e-11;1.56188e-09;4.52224e-07;1.63047e-13;5.0939e-11
0.000832921;0.783963;0.0186823;0.000100966;7.83356e-05;0.000215733;0.000148875;0.184179;0.00357178;1.76968e-05;0.000100736;0.00210452;0.00493885;0.001066
6.68334e-06;0.946964;2.90291e-05;2.8758e-05;0.00275584;0.00130415;3.66332e-08;0.000616255;1.58847e-05;2.20278e-06;8.08217e-06;0.016928;0.0128372;0.018504
2.68417e-05;0.00106669;3.50804e-06;1.06934e-05;1.19369e-05;2.06609e-07;5.94762e-07;0.00735001;4.48666e-05;7.01986e-08;8.89688e-05;0.99099;0.000402604;2.82081e-06
0.00157471;0.767601;0.000125724;0.0115296;0.0386968;0.000443342;5.68888e-06;0.138336;0.0107086;6.81096e-06;0.00202121;0.0155104;0.00303018;0.0104101
0.000444742;0.758195;3.25427e-06;4.5535e-05;3.10969e-05;5.73653e-05;8.93421e-06;0.086938;0.000255283;3.49217e-06;0.000112439;0.00153024;0.149558;0.00281588
0.000168648;0.881534;1.78444e-06;4.32127e-06;9.10805e-05;0.000145528;3.36708e-07;0.0198194;7.78335e-07;1.81549e-05;3.20727e-06;0.00337259;0.00748461;0.0873553
4.13027e-09;1.02885e-05;7.81619e-09;5.47514e-08;1.97316e-06;4.89642e-08;2.56862e-09;5.19446e-07;3.19243e-08;8.1634e-09;2.02035e-07;0.999983;9.67656e-08;3.61423e-06
7.33197e-09;0.00101902;2.35111e-06;3.0892e-08;1.27589e-08;3.25996e-08;2.17561e-10;1.91913e-07;5.49874e-11;2.76039e-09;2.34336e-09;8.41528e-08;0.998978;6.37743e-09
4.81065e-06;0.0014695;1.64874e-05;1.80421e-06;1.46993e-05;7.62361e-06;7.40634e-07;4.4816e-05;9.87082e-05;3.28825e-07;0.00021486;0.993985;0.00372227;0.000417975
0.000111942;0.0172055;3.80064e-06;1.89076e-07;0.000293528;4.58024e-05;3.23742e-08;0.982083;1.26381e-05;6.68481e-08;6.47429e-06;2.63945e-05;0.000199167;1.13998e-05
0.000102336;0.0364527;3.22256e-05;1.212e-05;0.000545754;4.38877e-05;2.66386e-06;0.0130613;0.000632065;2.21865e-06;0.000161642;0.144422;0.804232;0.000297199
6.1232e-06;0.00663305;2.48376e-06;1.69205e-07;0.000356214;0.000427187;2.81034e-06;0.99108;1.97248e-06;1.54135e-05;1.89281e-07;6.54053e-07;0.0014505;2.36246e-05
2.69897e-09;2.67851e-10;1;9.78874e-10;3.00798e-10;4.65862e-10;1.03539e-09;1.03319e-08;1.05704e-09;5.36868e-10;1.96403e-09;4.85852e-07;2.94274e-10;1.02274e-12
1.63683e-06;8.74488e-06;0.00191026;5.40625e-06;8.5115e-06;1.41576e-06;5.90686e-08;2.44271e-05;4.2651e-05;2.84299e-07;6.75805e-06;0.997952;5.91313e-07;3.71449e-05
2.32937e-05;9.42603e-05;0.997623;4.23888e-07;0.000601393;0.000231621;1.91004e-06;1.27172e-05;3.52434e-06;1.55552e-07;4.42441e-06;3.75584e-06;6.59208e-05;0.00133399
7.63883e-06;0.0343623;4.69803e-07;1.92528e-09;0.000392644;7.54594e-08;4.91466e-11;0.964469;2.32363e-07;2.2667e-10;6.55884e-10;0.000547611;0.000200946;1.89286e-05
1.03527e-07;0.993056;4.30431e-11;9.03763e-09;5.02277e-07;1.29192e-09;3.48624e-08;0.000671492;1.62551e-07;3.03816e-07;1.33277e-10;5.72284e-07;1.9924e-07;0.0062705
3.94791e-06;0.000673288;0.000157537;4.92802e-06;5.32454e-06;3.27149e-07;1.45366e-05;0.998602;0.000121567;2.40315e-07;2.78822e-06;5.87849e-07;0.000412766;3.37954e-09
0.000216809;0.353541;8.54417e-06;0.000418297;0.00107856;0.000230955;6.4546e-06;0.34111;0.000224131;0.000189952;0.000192883;0.00972304;0.287469;0.0055906
7.50456e-05;0.0392488;3.27146e-06;1.22419e-06;0.000797711;4.8234e-05;1.40754e-07;0.0120774;5.27427e-08;5.96798e-06;2.28029e-07;0.01223;7.72322e-05;0.935435
8.6112e-07;0.00383443;1.05384e-05;1.00939e-05;0.00022077;8.03699e-05;6.64916e-07;0.0018119;1.34622e-06;8.24357e-07;3.23256e-06;0.990945;0.000916835;0.00216335
2.14297e-06;0.00296762;3.10239e-08;9.44911e-07;2.97737e-07;1.31828e-08;6.65315e-07;0.00241233;2.94329e-06;9.59389e-08;1.18801e-05;5.05641e-05;0.99455;1.7446e-08
3.50439e-05;0.999378;8.20144e-06;0.000105333;1.24222e-06;3.69821e-06;2.41564e-06;7.15319e-05;1.87012e-05;3.86107e-06;1.17607e-06;0.000271146;6.44607e-05;3.54253e-05
1.65057e-05;0.0463753;7.97978e-10;5.99547e-08;4.37195e-06;6.3743e-07;2.42913e-08;0.939786;1.33444e-07;9.68154e-08;3.0014e-08;2.90438e-06;0.0138073;7.02166e-06
3.03165e-07;0.00206859;0.000171698;2.07502e-06;5.22898e-05;3.42658e-05;2.75012e-08;0.000131205;8.93807e-08;2.70963e-07;1.6585e-06;0.995119;2.03108e-05;0.00239825
5.32573e-07;0.998109;1.60896e-08;1.40772e-07;2.63522e-09;5.37474e-09;0.00124267;1.8422e-06;2.75052e-07;1.22267e-05;1.39122e-06;4.34741e-09;0.000631007;6.76743e-07
5.19783e-08;1.51308e-07;0.999987;8.51917e-08;1.71558e-08;2.12715e-08;1.02572e-06;8.83317e-08;1.35e-07;1.50136e-07;6.19524e-08;1.09045e-05;4.34e-10;3.28943e-09
0.000109989;0.0650513;1.18632e-09;8.01425e-05;0.000124533;2.34906e-08;0.000456509;0.93187;0.00133989;3.16979e-05;0.000866068;2.25211e-05;1.40172e-05;3.35178e-05
2.119e-05;0.132339;0.847991;0.00127957;1.4157e-05;8.39724e-06;0.000237366;6.65826e-06;2.10671e-06;0.00015805;0.000626043;0.0139369;0.00294967;0.000429917
5.17781e-05;0.591283;2.31103e-06;7.30189e-06;0.000269002;0.00083544;9.14887e-07;0.0596974;1.35421e-05;2.2991e-06;0.000388204;0.162914;0.184432;0.000102107
0.000225961;0.381187;2.79128e-09;0.000188048;0.00212813;0.0014178;6.84522e-06;0.0051831;0.00114102;8.10591e-05;0.00306968;0.0451164;0.559342;0.000913782
0.110601;0.521711;0.246303;0.0017323;0.041493;0.000141676;6.33667e-06;0.0545925;0.00068667;0.000179261;1.64063e-05;0.0042916;0.0159538;0.00229039
0.00024071;0.743764;1.98203e-07;2.17275e-05;2.91592e-05;7.83011e-06;2.66684e-05;0.238706;0.0113917;1.9971e-05;0.000696788;0.00406147;0.00100518;2.92196e-05
1.76742e-05;0.000223842;1.65493e-06;1.84983e-05;0.413217;0.452326;1.0271e-06;0.00103024;5.37638e-05;0.000210766;2.20332e-05;0.000183654;0.000146859;0.132547
0.000639421;0.985289;1.55842e-07;6.52915e-05;5.71678e-05;1.64875e-05;4.37789e-05;0.000142891;0.000780126;5.6251e-05;0.000877631;0.000963281;0.0110578;1.07191e-05
6.52366e-06;0.999912;8.00127e-08;1.77122e-07;8.48806e-09;6.11815e-10;8.18382e-08;4.02148e-05;6.14028e-06;7.53756e-09;5.31754e-07;5.04473e-06;2.94868e-05;3.64305e-09
3.32531e-07;0.997232;1.89536e-09;2.99555e-05;6.0811e-06;3.69645e-07;0.00044811;1.15001e-05;5.99287e-07;0.00148645;7.10803e-07;9.8796e-06;1.18709e-05;0.000762222
1.22801e-06;2.84996e-05;0.999515;1.03723e-05;4.70914e-08;2.80547e-06;0.000188717;4.85046e-07;1.1606e-05;1.40213e-07;0.000198721;3.2263e-05;9.63829e-06;2.13785e-09
6.54779e-06;0.0124837;4.86455e-11;1.41422e-07;2.77988e-06;3.23498e-06;6.79798e-07;0.0014038;7.15196e-07;6.17942e-08;2.2447e-06;2.88947e-06;0.986093;3.36042e-07
0.000120971;4.54895e-05;0.000235287;0.0018614;0.988992;0.000777043;2.11222e-07;0.000149777;2.55127e-05;2.01082e-05;8.43569e-07;0.000300221;3.63555e-06;0.00746734
0.000248967;0.998942;3.63625e-10;2.69898e-07;3.36219e-07;3.70932e-09;1.88234e-07;0.000417248;0.000382294;7.36978e-08;1.31504e-06;1.09857e-07;2.37988e-06;4.36935e-06
0.000264746;0.00228434;4.23302e-05;3.47655e-05;0.000881604;1.46438e-06;1.21591e-07;0.000715096;1.58829e-05;1.25844e-06;1.41078e-07;0.995117;1.52468e-05;0.000625733
2.58489e-06;7.05435e-07;2.5151e-09;5.06061e-07;1.72918e-09;5.89678e-10;7.53825e-06;1.20656e-06;0.999611;3.81035e-09;0.000376506;3.22498e-09;9.52813e-08;1.66914e-10
3.33492e-05;0.983814;8.10397e-10;2.01045e-05;6.32195e-08;2.63517e-08;1.51926e-05;0.00371544;0.00931929;1.43666e-06;0.000111517;0.000279428;0.00268886;1.34132e-06
4.32975e-06;0.000123964;1.50063e-09;4.88638e-06;0.000782059;8.10558e-08;2.34045e-07;0.998993;1.91654e-05;1.47283e-05;3.62152e-07;7.82058e-06;1.3109e-06;4.78418e-05
5.22765e-06;0.00017907;0.999562;2.22375e-05;6.33904e-06;4.69332e-07;4.53171e-07;0.000175758;1.23529e-05;1.66283e-06;1.29393e-05;6.16608e-06;6.04351e-07;1.4979e-05
0.000343433;0.00586309;4.86524e-05;0.000228918;8.25541e-05;0.00118298;0.0104578;0.0123211;0.166421;0.000462633;0.764146;0.00496982;0.0332708;0.00020065
