4.4309e-06;1.4029e-05;2.34989e-11;3.7458e-08;7.08951e-08;1.26491e-08;7.38163e-07;0.99951;0.000413057;3.52627e-08;9.2349e-06;3.88388e-08;4.86642e-05;5.10212e-09
7.19847e-05;0.0336523;0.000666634;6.66688e-06;3.70717e-07;1.14665e-07;6.63828e-06;1.1629e-05;5.71796e-05;5.88802e-07;4.71066e-06;0.965488;1.74285e-05;1.55023e-05
3.87449e-05;0.941753;3.82713e-07;2.21457e-05;2.10117e-05;4.51817e-06;1.26688e-05;5.75879e-05;0.000131474;1.78332e-07;6.62655e-05;0.0102202;0.0458046;0.00186726
2.05873e-05;0.400353;4.10981e-06;2.19455e-06;0.000944851;8.86258e-05;1.18625e-07;0.129858;1.54319e-07;6.32902e-07;5.68443e-08;0.000384352;0.330555;0.137788
2.05177e-07;0.00268829;9.27809e-10;2.0931e-06;2.38098e-06;0.00372551;1.2395e-09;7.57119e-07;3.18249e-07;7.58158e-07;7.99146e-08;0.00203655;0.978782;0.0127612
1.82716e-06;0.00079775;0.996878;1.6513e-05;7.65127e-07;3.16164e-05;3.71666e-06;6.53207e-07;4.21278e-08;4.84816e-05;2.89012e-07;0.00216374;4.06756e-05;1.5536e-05
7.93381e-09;4.26551e-09;0.999996;5.11738e-08;4.6033e-10;6.26267e-08;9.56847e-07;4.25881e-10;4.89538e-08;1.01695e-08;3.12549e-06;5.21524e-08;5.93915e-10;1.04781e-09
1.12882e-05;0.997102;3.95686e-06;2.72348e-06;1.64572e-08;2.18719e-08;7.04655e-06;0.00154202;2.2297e-05;1.60189e-07;0.000806024;2.78186e-05;0.000474228;4.93119e-08
2.1978e-07;0.99727;2.38243e-09;9.228e-06;6.42763e-05;6.73185e-08;2.06772e-07;0.00159036;7.61567e-08;1.37812e-05;8.98341e-07;0.000264054;1.85552e-06;0.000785438
7.60042e-07;0.000351265;0.00246181;3.36784e-05;7.21955e-05;2.31245e-05;1.63118e-07;4.57368e-06;1.46681e-08;4.45232e-06;1.61447e-06;0.996065;6.61412e-06;0.000974517
3.3564e-05;0.000810349;8.68095e-10;7.7885e-07;1.09052e-06;6.30833e-08;1.63628e-06;0.996635;0.0002376;1.78075e-08;0.00116391;4.94922e-05;0.00106689;1.55605e-08
0.000143582;0.996284;9.7369e-08;0.000123521;8.71991e-06;1.38344e-07;7.70327e-05;0.000656476;0.00017676;1.51985e-05;0.000103944;0.000134028;0.00155951;0.00071662
1.0189e-06;0.999662;1.53392e-08;4.96496e-08;1.11905e-08;4.58341e-09;1.14411e-05;0.000138495;3.95291e-08;9.4724e-06;2.98812e-08;7.61725e-08;0.000173083;4.06022e-06
7.46311e-11;1.81441e-09;1;4.71408e-11;7.77671e-09;1.8408e-10;1.06529e-10;9.47348e-10;2.48462e-13;5.09954e-11;1.13496e-12;4.37393e-07;4.54842e-12;2.32854e-11
1.63138e-07;0.00749374;8.15673e-08;1.3166e-06;1.3563e-06;2.86312e-05;1.75481e-06;0.000247128;1.42882e-06;1.42855e-06;2.61234e-06;1.25995e-05;0.9922;7.5975e-06
1.24478e-07;0.000315785;0.999307;3.78908e-06;1.36722e-08;2.5234e-07;8.52058e-05;4.85393e-07;2.71308e-08;2.04901e-05;3.45444e-07;0.000264938;4.34678e-07;7.61521e-07
2.10654e-07;2.66913e-08;0.999975;1.5456e-07;8.76745e-08;4.1008e-08;8.50621e-06;4.49709e-08;1.10065e-06;3.0127e-08;1.23776e-05;2.93436e-06;2.29044e-10;3.98557e-08
2.98287e-06;0.940818;2.56076e-08;1.29473e-06;8.5492e-08;1.80151e-06;5.07272e-07;0.00295991;7.82534e-06;7.62567e-08;8.93239e-05;0.000164972;0.0559407;1.25689e-05
8.5195e-06;0.181386;1.17291e-07;0.000161206;7.47285e-06;3.86306e-05;0.00250388;0.000109042;2.14034e-06;0.0202642;2.23137e-05;2.30316e-05;4.28642e-06;0.795469
1.03919e-08;3.08355e-10;0.999998;2.38629e-08;2.76986e-09;3.13976e-08;8.56231e-08;1.95393e-07;2.83328e-09;1.10467e-08;1.09424e-06;5.88176e-07;7.60195e-11;4.34196e-10
4.08187e-05;0.094397;2.78888e-07;1.55826e-06;4.3345e-08;6.74423e-07;0.902746;5.07607e-05;5.98369e-06;0.00196921;0.000543325;2.56424e-08;1.95149e-05;0.000224655
2.77034e-10;1.61111e-11;0.999999;2.8048e-10;1.42408e-09;3.44659e-10;1.70899e-09;1.20745e-09;3.43439e-10;1.42965e-10;1.39668e-08;7.24274e-07;3.65038e-13;8.3657e-12
7.69626e-06;0.908064;7.78119e-07;3.2536e-06;2.91594e-06;5.95928e-05;3.47216e-05;0.0684741;2.11478e-05;6.46153e-05;1.88861e-05;5.01711e-06;0.0231004;0.0001424
3.68391e-11;3.70991e-10;1;3.12745e-10;2.79752e-09;9.17212e-10;1.4687e-11;2.69448e-09;4.95789e-12;6.69356e-11;2.40154e-11;4.43188e-07;2.01322e-11;1.14143e-10
0.000124859;0.673503;0.0168226;0.00250476;0.000120838;0.000475731;0.0162855;0.0195938;0.00053096;6.55399e-05;0.0126914;0.00180188;0.255085;0.000394249
7.94494e-05;0.961184;3.47512e-05;0.00019651;1.33089e-05;3.1547e-05;0.000511281;0.00988976;0.000522917;6.40141e-06;0.0191205;0.00115701;0.00691407;0.000338067
0.000192718;0.963881;5.07692e-07;0.000108631;3.70305e-05;1.02305e-05;0.00608499;0.000669784;3.15278e-05;0.00190189;0.000245542;1.79589e-05;1.58075e-05;0.0268019
1.98918e-09;1.79349e-12;1;2.59481e-10;1.58644e-10;8.95976e-12;5.5294e-10;2.27579e-10;1.13117e-09;1.42889e-11;6.93704e-09;2.59923e-07;8.02091e-14;1.44388e-12
0.00169933;0.643266;4.671e-07;0.00028155;5.24088e-05;6.50861e-06;1.00581e-05;0.132457;0.0853054;1.15913e-05;0.110506;0.0180466;0.00653589;0.00182068
2.8292e-05;0.989477;1.79064e-07;0.00019766;3.64978e-06;1.94526e-05;0.000170499;0.000456994;0.000378475;0.000470316;0.000105773;0.00278268;0.00572429;0.000184359
0.000598297;0.00205771;0.00091028;0.00202693;7.36965e-05;1.03871e-05;2.19115e-06;0.000249013;0.00164328;1.0556e-05;0.00132831;0.990357;0.000702149;2.9774e-05
0.000654295;0.00151591;3.34522e-08;0.000243478;6.8348e-07;2.74394e-07;0.00018226;0.000767252;0.910106;2.39685e-05;0.0850702;0.000156877;0.00127599;3.22778e-06
0.00668401;0.116116;3.27177e-06;9.88342e-05;5.97316e-05;5.09745e-05;4.7576e-06;0.118761;0.0217986;6.62869e-05;0.00113222;4.99349e-05;0.735014;0.000159833
1.24598e-06;0.000377713;4.838e-08;1.98367e-07;3.2879e-06;4.58463e-09;4.81979e-09;5.6676e-06;2.61524e-07;6.77095e-09;5.46853e-07;0.999461;1.41701e-06;0.000149037
1.8327e-05;0.0628497;1.01469e-08;2.86101e-07;0.000114247;6.92417e-08;2.70668e-06;0.143525;5.82367e-07;2.00788e-06;1.12087e-07;0.000161938;0.792995;0.000330426
1.18393e-05;0.000142976;1.8326e-06;1.94436e-05;1.60546e-05;0.0407387;1.39219e-05;1.6214e-06;0.000275012;0.000231866;1.35974e-05;9.62718e-07;0.958498;3.44087e-05
9.99616e-07;4.76202e-06;0.999981;1.98878e-06;5.27333e-08;4.14275e-08;1.58817e-07;2.46938e-08;3.29805e-08;5.41459e-07;1.55921e-08;1.03073e-05;6.41506e-09;4.92762e-08
0.000239637;0.752413;2.73077e-06;0.0010078;0.000101941;0.000454347;0.0079122;0.00622544;0.176692;3.1652e-05;0.0429769;5.0887e-05;0.0116085;0.000282683
