1.32861e-06;0.896819;8.94235e-10;8.90432e-08;2.47903e-09;1.01664e-07;2.5944e-07;5.51176e-07;3.58198e-07;5.77388e-09;9.76168e-07;0.000116351;0.103061;2.92906e-08
2.95701e-05;0.017071;5.35357e-07;3.60736e-05;0.00127238;0.00258984;4.71092e-08;0.00228323;5.11432e-05;5.55907e-06;5.34639e-06;0.897092;0.0020762;0.0774873
0.000168543;0.701845;8.55944e-05;0.000282737;6.03693e-05;0.000328804;8.81642e-05;0.0602981;0.00136009;6.57517e-06;0.00850077;0.212844;0.0141151;1.68944e-05
2.78357e-05;0.392849;9.14691e-07;0.00021885;0.000517065;0.000411209;1.94171e-05;0.585162;3.13453e-05;8.27758e-05;0.0003292;9.13944e-05;0.0122046;0.00805417
5.86526e-06;0.00459656;8.20553e-06;4.77954e-05;1.79545e-05;1.35537e-05;4.48659e-06;5.3892e-06;5.9992e-05;7.74476e-07;0.000625233;0.991033;0.00354625;3.4701e-05
3.5541e-05;0.0310596;8.91441e-07;9.52759e-06;2.87204e-06;1.73197e-05;7.64036e-06;0.000395769;1.10137e-05;4.04532e-07;0.000108434;0.0157821;0.952535;3.41493e-05
7.32824e-06;0.000347652;5.40899e-07;1.28838e-06;2.77352e-06;5.27495e-06;9.94824e-08;8.33737e-05;1.24219e-05;1.80306e-07;1.46989e-05;0.999011;0.000480817;3.30305e-05
8.49338e-07;0.999927;7.47253e-08;3.60703e-08;1.59525e-08;1.91944e-08;3.96654e-07;2.63668e-06;6.78147e-08;2.25045e-08;1.38309e-07;1.80951e-05;5.11238e-05;4.87573e-08
9.55038e-08;6.2073e-05;2.25787e-07;5.06945e-07;5.81145e-06;5.40803e-06;9.15385e-09;9.93229e-06;1.11706e-07;9.01291e-09;7.12953e-07;0.999845;1.45696e-06;6.88203e-05
2.54674e-06;0.962917;8.52772e-07;9.58377e-07;2.54969e-08;3.19664e-07;1.33524e-05;6.51429e-05;3.847e-07;2.31261e-07;1.76668e-06;1.36804e-05;0.0369833;5.47845e-07
1.43401e-06;0.00538888;1.25914e-06;2.00609e-06;1.3754e-06;2.73976e-05;1.41645e-07;5.98566e-05;1.30472e-07;6.63591e-08;3.81312e-07;0.985708;0.000735163;0.00807346
1.33782e-05;0.0204483;5.61356e-06;8.63938e-06;0.00357202;0.00090527;1.30447e-06;0.276196;6.74118e-08;1.07549e-06;1.05703e-07;9.52207e-05;0.652268;0.0464851
9.30105e-08;0.00012585;3.75739e-11;1.50617e-07;6.20879e-09;6.92708e-05;6.32039e-09;2.91634e-07;1.45563e-07;1.7289e-08;2.55718e-08;6.87772e-06;0.999752;4.54584e-05
1.99369e-06;0.000514935;0.999173;5.05328e-06;3.89232e-08;3.6219e-05;3.8427e-06;4.76637e-08;1.17954e-08;8.79646e-06;3.5768e-08;3.09663e-05;0.00011703;0.000107814
2.92141e-08;1.64413e-07;0.999995;8.52295e-09;3.44142e-08;1.56404e-07;4.17355e-06;1.7651e-07;3.69331e-08;2.60865e-07;1.40182e-07;8.8171e-10;2.89204e-09;9.50105e-09
6.06652e-10;1.28738e-09;1;1.77884e-10;6.87747e-11;3.92162e-11;1.15383e-10;5.56731e-08;8.72765e-10;2.38038e-11;1.17928e-09;6.17871e-09;2.10931e-09;5.07782e-13
2.10996e-07;0.000168915;0.00051142;3.13947e-07;1.37928e-06;4.11603e-08;3.45451e-09;0.000104052;2.44294e-06;2.46397e-08;1.91217e-06;0.999084;6.37639e-07;0.000124445
6.99291e-06;0.772667;1.4954e-05;4.93927e-07;0.000741292;0.000171925;2.21802e-07;0.208924;3.7595e-07;6.50427e-07;9.61137e-07;0.00013071;0.00921969;0.0081213
2.13119e-10;0.0290976;2.87043e-11;1.78323e-08;1.33787e-06;4.45365e-07;4.17627e-08;2.64759e-07;3.14517e-11;3.51295e-08;9.57784e-10;9.62496e-08;9.67246e-07;0.970899
7.39631e-06;0.934984;1.55776e-05;1.59554e-05;5.58786e-07;8.59381e-07;0.0112999;0.0037043;0.00016011;2.96312e-07;0.000292442;1.802e-06;0.0495167;8.951e-08
1.95684e-07;0.999682;1.81018e-05;6.34166e-06;2.19153e-07;9.14996e-08;1.80858e-08;6.29521e-05;1.47787e-09;2.49314e-08;1.26951e-09;0.000108611;4.79313e-05;7.36083e-05
4.21281e-06;0.73765;4.76579e-10;8.28972e-06;7.63271e-06;4.16175e-06;1.83526e-09;0.208529;8.61389e-07;1.01496e-07;6.28319e-07;0.00131546;0.00326012;0.0492189
5.72305e-05;0.716082;5.09606e-06;4.06274e-06;2.56229e-06;1.60808e-05;0.00968082;9.00729e-06;2.2322e-07;0.00267762;3.22118e-06;0.000211942;0.000164945;0.271085
4.67353e-08;1.09909e-08;0.999983;8.23933e-09;2.02841e-07;1.61478e-08;5.64508e-07;1.94783e-07;6.02201e-08;1.35406e-08;4.64411e-07;1.50125e-05;3.48783e-11;5.497e-11
4.3173e-07;0.995143;2.41156e-05;3.34562e-07;4.51157e-07;4.04965e-08;6.11366e-07;4.34729e-06;1.44173e-08;2.87574e-08;5.50848e-07;9.07609e-08;0.00482479;1.29737e-06
1.64125e-08;0.00120561;1.09942e-10;1.29545e-09;1.20988e-08;1.15373e-09;6.5184e-10;3.89926e-06;7.14086e-09;9.62103e-11;3.49487e-08;0.998706;8.11492e-05;3.44738e-06
8.00149e-07;0.0325698;1.66411e-07;2.74265e-07;5.51893e-05;0.000227893;2.93318e-09;0.841685;1.77675e-07;4.60612e-09;1.52659e-07;0.00313163;0.122292;3.66403e-05
1.84645e-08;4.49764e-05;1.09189e-11;2.33496e-08;1.18718e-07;3.21079e-06;6.0894e-11;0.000106105;6.1258e-09;1.30893e-10;7.15661e-08;4.52544e-05;0.9998;4.84212e-07
2.27772e-05;0.000657332;0.000262233;2.78505e-05;2.29014e-05;9.87257e-05;6.64994e-09;0.00071545;1.3979e-06;3.37031e-07;1.21248e-05;0.989116;0.00892157;0.000140848
0.000440333;0.752264;2.41668e-05;8.26612e-05;0.000794177;0.000126811;8.84428e-06;0.211961;8.5486e-05;3.37137e-05;0.000643019;0.00100081;0.0321947;0.000340642
7.17566e-05;0.333395;0.000673846;0.00013541;0.000411206;0.000314069;1.36346e-05;0.00474496;1.30483e-05;1.26738e-05;5.6415e-05;0.598405;0.00261332;0.0591394
0.000131636;0.438386;2.11402e-05;0.00157287;0.0006335;0.000559754;0.0246028;0.212332;0.000854372;0.00159269;0.0102671;5.46332e-07;0.290765;0.0182802
2.43239e-09;1.64656e-09;1;3.85164e-09;3.76134e-10;1.45521e-11;5.30165e-09;1.38776e-08;1.04879e-09;1.22769e-10;5.29517e-08;1.52511e-07;2.89731e-10;1.86381e-11
1.09577e-05;0.000304333;0.00120935;3.36945e-06;1.39319e-05;2.07621e-07;3.39529e-05;0.00187397;1.73761e-05;7.17619e-06;2.65612e-06;2.13633e-05;4.53116e-06;0.996497
8.22448e-05;0.000671059;1.70479e-09;2.77214e-06;0.0107899;0.000129868;4.22251e-06;0.96643;0.021291;5.42886e-07;0.000164141;0.000123303;0.000155592;0.000155496
6.50912e-07;7.33587e-05;0.999641;1.6141e-07;0.00018709;1.46187e-07;8.36374e-10;1.78356e-07;1.9192e-10;3.9024e-08;1.58843e-09;8.78329e-05;3.51444e-07;9.40596e-06
1.60943e-07;0.997976;4.15786e-10;3.96656e-09;6.31501e-08;9.9741e-09;3.75145e-09;9.72834e-06;1.62243e-07;1.73579e-11;5.78117e-08;9.40246e-05;0.00191997;1.56019e-07
8.72683e-08;0.615579;4.92589e-08;3.04972e-08;9.65772e-06;1.55733e-07;1.33922e-09;0.0163397;1.4576e-10;2.82205e-08;2.95003e-11;7.32368e-05;0.365864;0.00213384
3.90767e-06;0.354774;5.57283e-08;0.000295843;0.000184271;0.0124284;2.07605e-05;0.00134915;2.34163e-05;0.000329928;5.82316e-06;0.00312866;0.511897;0.115559
3.24178e-05;0.0444298;0.126392;0.00045073;7.43424e-07;2.3496e-05;0.0300384;2.1578e-06;1.28034e-05;0.00313363;0.000130337;0.7951;0.000244843;8.78174e-06
1.94011e-08;4.27358e-09;0.999941;2.91472e-08;1.12201e-10;1.07428e-09;5.49833e-05;1.62825e-09;1.14032e-07;9.63953e-09;3.66517e-06;1.43072e-08;9.72582e-11;1.17403e-11
6.36987e-06;0.00135684;5.0537e-08;1.7768e-08;7.24294e-07;1.14754e-07;3.74039e-07;0.997802;5.11723e-06;4.61027e-08;3.93044e-06;8.36216e-07;0.000823366;4.76929e-07
9.77768e-09;6.71546e-05;1.03829e-06;5.23908e-08;6.78598e-07;3.92638e-07;6.09255e-11;1.05542e-05;5.61433e-08;1.43443e-09;3.4546e-07;0.999873;7.29718e-06;3.9254e-05
2.87696e-07;0.984408;5.42255e-08;1.96346e-06;7.58354e-05;2.77084e-07;1.72894e-07;0.0152547;2.33216e-07;2.25159e-06;2.78451e-07;4.37743e-05;0.000116703;9.56866e-05
3.05823e-07;0.000670641;7.78443e-06;6.60654e-08;1.71106e-05;3.24809e-07;7.6407e-09;3.59693e-06;6.54474e-08;1.12548e-08;1.32584e-07;0.999257;1.55935e-05;2.76485e-05
8.85292e-05;0.0128799;6.16978e-10;5.05318e-06;0.000154595;0.000100743;9.33906e-07;0.935319;0.000227039;9.64522e-07;1.94274e-06;7.9273e-06;0.050832;0.000381081
2.39695e-05;0.195664;1.2836e-10;3.9528e-06;3.98817e-07;1.21539e-06;7.99178e-08;0.00258656;2.69021e-05;2.0241e-07;3.61411e-06;0.000184162;0.801504;7.2722e-07
0.000303422;0.00603861;8.50611e-06;6.91276e-05;1.81688e-05;3.4337e-05;2.17883e-07;0.000225825;4.79818e-05;2.19733e-06;1.28974e-05;0.919664;0.0733978;0.000176404
0.00347409;0.755365;0.000396716;0.000613885;0.0221189;4.67585e-05;5.75723e-06;0.108888;0.00161435;4.15321e-05;0.000605243;0.0176243;0.084258;0.0049471
5.90527e-06;0.160416;1.18825e-05;2.23548e-05;0.00108935;1.41446e-06;2.27502e-05;0.000457513;4.80903e-06;8.27123e-06;1.72522e-05;0.172636;7.9864e-05;0.665226
0.000578849;0.379759;5.5333e-06;0.000962229;0.00117428;0.00109348;3.72534e-05;0.273612;0.000308485;0.000102559;0.000799355;0.222148;0.118088;0.00133166
2.94073e-05;4.38994e-05;5.23505e-08;2.67497e-06;6.90329e-06;5.36635e-06;6.80696e-08;0.948016;3.09886e-05;8.36682e-08;0.000198228;0.00161466;0.0500497;1.47084e-06
0.000270063;0.168043;9.10599e-05;8.14111e-05;3.24593e-05;0.000158652;0.000112857;0.122957;0.000193056;0.000924832;0.000456274;0.000562194;0.70583;0.00028727
2.36312e-09;7.17485e-09;1;7.54482e-09;1.64729e-09;3.64072e-09;8.55531e-10;1.26219e-08;9.78256e-10;4.52493e-10;7.3989e-09;1.64223e-07;4.06007e-10;3.45916e-11
9.16248e-06;0.0310827;0.115151;8.89606e-05;1.02183e-05;5.23237e-05;2.34792e-06;0.00686178;3.52145e-05;6.10849e-06;0.000215755;0.845397;0.000344761;0.000743143
1.88719e-05;0.934012;1.67218e-05;2.36284e-05;0.00404425;0.00224186;6.79097e-07;0.0185226;1.21718e-05;4.69841e-06;0.000639443;0.00290547;0.0312858;0.00627216
1.5158e-05;0.0216007;2.91573e-07;2.19719e-06;0.000444377;2.29714e-05;6.41858e-07;0.000141063;2.04485e-07;6.7872e-07;2.28412e-05;0.977492;0.000131901;0.000125168
8.26379e-08;0.999626;5.50716e-10;4.45124e-09;9.48157e-08;1.52314e-07;0.000120259;1.17321e-06;6.04609e-09;9.45653e-07;4.64455e-09;5.47283e-10;8.58008e-05;0.000165931
3.02862e-12;7.89567e-12;1;2.63242e-12;7.31627e-10;3.11441e-11;1.99714e-13;2.8911e-10;5.38411e-15;8.66591e-13;1.86663e-14;1.95659e-07;1.43899e-13;1.27726e-11
2.07699e-06;0.0503432;3.2865e-06;5.21688e-05;6.80156e-05;0.000251808;0.000162372;0.196838;0.000116793;1.29259e-05;0.000378197;5.04062e-06;0.75176;6.64421e-06
5.37716e-07;0.996904;0.000889038;2.35826e-05;3.18613e-06;8.88665e-06;1.31872e-05;0.00196447;5.73468e-09;3.47597e-05;5.95395e-08;3.88431e-07;0.000156056;2.42788e-06
6.53084e-10;5.97057e-09;1;3.79975e-09;8.45057e-11;9.93346e-11;3.82411e-09;2.22246e-08;2.45803e-10;7.40486e-10;3.86112e-09;1.85641e-07;5.13014e-10;4.77432e-12
3.49151e-07;2.05733e-05;0.942378;1.38796e-06;1.30002e-06;6.02315e-07;2.15911e-07;4.16897e-05;2.11452e-07;2.32909e-07;2.04996e-06;0.0574164;2.88293e-07;0.000136774
3.31918e-05;0.0183918;9.28441e-05;3.24502e-06;0.0212611;0.153074;4.30473e-07;0.00579114;9.79967e-06;1.59739e-06;3.60261e-05;0.000125397;0.00328209;0.797897
7.9355e-07;0.140993;6.86013e-08;5.94638e-08;5.96348e-06;4.54177e-05;1.38527e-05;7.74727e-07;6.32117e-10;1.87745e-05;2.35376e-10;7.50367e-07;1.02767e-05;0.85891
7.96192e-13;3.33564e-13;1;3.32704e-14;5.67902e-11;3.00137e-12;3.65597e-13;4.26839e-11;3.44559e-15;1.5184e-14;1.55109e-15;8.25631e-10;9.53005e-15;3.21532e-14
5.56672e-07;0.107173;2.88349e-08;1.30817e-06;9.6155e-06;3.03546e-05;1.36168e-06;0.867316;3.12975e-06;1.42318e-07;3.32227e-07;1.98935e-07;0.0254632;1.51692e-07
5.41717e-06;0.99033;0.000713197;7.0092e-05;1.15667e-05;2.65248e-06;6.55189e-07;0.00841105;2.66317e-08;1.68576e-06;1.08618e-07;7.47474e-05;0.000371806;7.12493e-06
0.000239786;0.457645;2.16362e-05;0.000582396;0.00122277;0.000223625;0.000182189;0.312779;0.000119223;0.000334663;0.000335756;0.088942;0.12984;0.00753204
0.00203726;0.0548162;0.0255455;0.0577373;0.0435397;0.0275285;0.00657039;0.0274177;0.000837163;0.00234668;0.158158;0.498138;0.0108246;0.0845032
0.00239685;0.520349;3.33263e-05;0.000106463;0.000936649;3.41283e-05;5.73103e-05;0.438641;0.00019504;2.2863e-05;0.0005726;0.0116766;0.0232591;0.00171968
0.0003482;0.0362641;3.34232e-07;0.000291745;2.38891e-05;0.00258233;6.75299e-05;0.00105947;0.00163857;0.000184362;0.00151259;0.00379242;0.94834;0.00389494
0.00136156;0.0225872;0.845464;0.00169673;0.000163504;0.000342234;0.00169373;0.000692586;0.00113763;0.00342804;0.000720066;0.119713;0.000304544;0.000695112
9.11473e-08;1.17183e-08;0.999995;1.3486e-07;1.32705e-08;1.78355e-09;1.12074e-06;1.75188e-08;5.57417e-07;6.57447e-09;2.68302e-06;9.29964e-08;2.24392e-10;1.03271e-09
7.80082e-06;0.991047;3.29654e-06;1.88747e-06;1.66648e-07;2.95549e-08;1.90811e-06;0.0065574;1.63713e-05;5.59869e-08;3.10524e-05;0.000860325;0.00147014;2.16032e-06
6.71657e-06;0.010838;4.16843e-09;5.10106e-05;0.000183237;6.30867e-07;0.00250559;0.000200192;6.29896e-05;0.00270807;3.81671e-05;0.00218344;1.43514e-06;0.98122
3.78959e-05;0.000589677;0.995057;2.05218e-05;6.62555e-06;4.10873e-07;0.0035183;0.000372385;3.53212e-05;9.46538e-06;0.000217157;0.00013183;1.43087e-06;2.03604e-06
2.59493e-06;0.991783;3.45433e-05;9.41398e-06;8.51452e-06;3.72251e-07;7.41108e-07;1.56495e-05;1.98359e-07;1.76321e-06;6.85239e-07;7.58865e-05;0.00806534;8.26473e-07
5.13704e-05;0.224079;5.43033e-09;1.07659e-05;4.98585e-06;1.92833e-05;4.98043e-06;0.000325373;0.000664991;8.65801e-07;6.14958e-05;0.00456806;0.770192;1.72733e-05
0.000563084;0.00873766;0.974647;0.00022805;0.00494476;0.000186318;8.76347e-07;0.00128121;2.86066e-06;2.04109e-06;8.30534e-07;0.00065867;0.000161339;0.00858508
3.264e-05;0.241987;2.03963e-08;2.42002e-06;6.8283e-06;3.96429e-06;0.000142869;0.00423417;3.18928e-05;5.10083e-06;1.64432e-05;5.53072e-07;0.753513;2.33037e-05
7.35029e-12;3.93009e-12;1;7.59196e-12;3.73935e-11;4.38997e-12;5.5976e-13;4.29499e-11;6.47551e-13;1.73176e-12;2.6408e-13;1.02922e-10;5.44056e-14;3.02565e-13
8.04329e-07;0.000527779;0.997114;5.57788e-07;1.23768e-06;6.6581e-08;3.13384e-08;0.000593636;1.24685e-07;1.30389e-07;1.0343e-07;0.00173122;9.89853e-07;2.98745e-05
3.92584e-07;0.00383458;6.54741e-06;7.24825e-06;0.00234776;0.0210797;3.37243e-07;3.23521e-06;6.85671e-08;3.79053e-06;1.40863e-06;2.60457e-05;2.60294e-05;0.972663
1.42794e-07;0.00540687;1.79123e-07;7.49295e-06;7.45619e-05;0.00369396;3.10202e-08;7.07892e-06;1.85928e-07;1.2538e-07;1.9193e-05;0.00231514;0.988459;1.634e-05
2.18673e-07;0.00428014;0.995527;2.27898e-06;9.34061e-06;1.50564e-06;1.68233e-09;3.53577e-06;7.0432e-11;1.03918e-07;1.48734e-09;3.43326e-05;8.65267e-06;0.000132485
1.17884e-06;0.00773428;1.09329e-09;4.10138e-05;5.22452e-05;0.000237199;3.10926e-08;0.00303696;4.79529e-05;3.01763e-07;0.000102139;0.00115015;0.987503;9.40063e-05
2.41684e-06;0.997406;0.000148849;6.84644e-05;9.58826e-06;8.54802e-05;1.17715e-06;0.00188327;3.00223e-08;8.56058e-06;1.16801e-07;2.50583e-06;0.000103085;0.000279975
1.82639e-08;3.88442e-07;0.999993;4.58782e-08;1.96502e-08;5.70457e-09;3.88479e-09;5.35489e-06;2.01625e-09;1.04865e-09;2.88652e-08;9.9587e-07;3.25536e-07;1.24715e-09
2.06499e-09;2.30419e-07;4.91524e-05;2.22006e-08;1.82979e-07;1.27942e-08;1.94448e-08;6.88211e-07;1.16511e-09;1.21122e-08;6.57476e-09;8.46071e-05;8.12744e-09;0.999865
1.86188e-08;4.11082e-06;1.69557e-10;3.52654e-09;0.00010305;2.28403e-06;3.05646e-08;0.999889;7.74581e-07;1.2262e-09;3.13072e-08;1.8434e-09;8.63076e-07;8.46338e-08
4.78595e-09;3.87762e-06;0.999892;5.55412e-08;1.66113e-05;1.13928e-06;1.79215e-11;2.31592e-08;2.22641e-12;8.69823e-10;1.02171e-10;8.33179e-05;1.18421e-07;2.9851e-06
9.9037e-09;0.999893;3.80869e-09;1.20161e-08;3.00809e-07;1.48128e-08;3.17851e-07;8.74202e-05;1.59838e-08;4.81982e-10;4.3311e-08;9.73986e-07;1.77827e-05;2.93195e-08
1.0008e-09;1.18609e-06;0.999998;3.48381e-08;1.73944e-08;1.3907e-08;1.68503e-08;1.53457e-09;1.28275e-10;1.09021e-09;1.03212e-09;3.00664e-07;4.5624e-07;2.41476e-07
9.09918e-09;0.998505;1.32214e-09;2.47648e-10;8.69e-09;9.54496e-10;6.70055e-09;0.00144357;6.83863e-11;4.41796e-10;2.08947e-11;1.99541e-07;5.12373e-05;4.23688e-07
1.01271e-07;0.00123985;3.14937e-08;1.0961e-06;4.51632e-06;0.000282661;9.57029e-08;0.000307466;1.82989e-06;1.21965e-06;8.27145e-07;3.80993e-05;0.997209;0.000912988
3.06116e-07;0.000751124;0.998792;6.25449e-06;6.09154e-07;3.44941e-07;6.46212e-06;1.14146e-06;1.19605e-08;0.000135987;3.80004e-08;0.000287926;3.86874e-07;1.67991e-05
2.87761e-08;2.29381e-08;0.999999;7.81354e-09;1.17173e-07;9.51503e-10;3.01386e-07;1.72212e-08;3.84926e-08;6.98623e-10;3.0479e-07;1.04846e-07;1.07872e-10;6.25724e-11
6.90142e-06;0.978528;4.24971e-07;1.81482e-07;1.44397e-06;5.37172e-08;4.48652e-07;0.0103085;1.32744e-05;9.46772e-07;6.50621e-07;0.00807339;0.00305939;5.67508e-06
5.08858e-05;0.925303;0.000206847;2.37324e-06;3.59038e-05;0.00010166;6.72809e-05;0.00330764;4.46389e-05;4.34281e-06;7.17228e-05;0.0503095;0.0203369;0.000157504
1.66429e-05;0.00512343;1.84923e-07;7.42213e-06;2.08494e-05;1.38318e-06;8.82584e-07;0.0121123;1.87236e-05;3.4669e-07;2.77735e-05;0.00130036;0.981353;1.71448e-05
0.000142089;0.0469227;0.000141811;3.80888e-06;1.73436e-06;6.80223e-07;1.31747e-07;0.00137379;1.08632e-05;6.57494e-07;2.83197e-06;0.927938;0.0232374;0.000223324
2.11701e-05;0.903417;1.02095e-08;7.8867e-06;7.76846e-05;1.69104e-05;0.00143649;0.000325494;2.00034e-05;0.000526164;1.18113e-05;3.64366e-05;0.000308334;0.0937944
1.37972e-07;1.26957e-05;0.998232;5.10626e-08;6.17536e-09;8.82561e-09;8.49068e-07;1.04798e-06;1.41854e-08;7.21919e-09;5.48271e-08;0.00175168;1.5643e-06;9.2903e-09
1.7948e-05;0.716757;4.47148e-07;3.12229e-05;4.40559e-05;0.000156049;8.37657e-05;0.00416195;2.59778e-05;2.77417e-06;5.34556e-05;0.00096464;0.277629;7.16341e-05
3.56699e-05;0.0131708;0.000234797;7.26499e-06;0.00591647;3.37854e-05;2.63615e-08;0.0422696;2.76428e-06;9.53301e-07;6.67777e-07;0.924649;0.0105068;0.00317095
7.0691e-05;0.420373;4.77216e-06;4.03166e-05;0.00150643;0.00133547;0.000678123;0.116627;0.000369166;0.000569903;7.38016e-05;7.6767e-06;0.456065;0.00227854
6.04741e-09;5.62451e-09;1;5.47472e-09;1.26682e-09;2.59703e-09;3.97711e-09;1.55651e-09;7.49003e-09;4.22242e-10;3.6379e-08;8.43635e-08;4.5836e-09;3.24872e-11
4.30628e-06;4.19973e-06;0.998861;9.49542e-07;2.88761e-06;1.04852e-06;1.96513e-07;0.000546626;5.58418e-06;9.11325e-08;2.02884e-06;0.000558127;4.39188e-06;8.49989e-06
1.27082e-06;0.000547362;9.30354e-05;9.59697e-07;7.3884e-05;0.00106306;2.92553e-08;8.84689e-05;1.34416e-07;7.85405e-07;2.18702e-07;0.000103307;1.92265e-06;0.998026
0.000161633;0.0143235;1.24127e-07;1.8974e-06;6.17849e-05;4.12071e-05;2.47496e-07;0.779158;1.65923e-05;1.51549e-07;8.7777e-06;9.45054e-05;0.20613;1.09593e-06
7.22884e-07;0.994646;1.34783e-09;4.44907e-08;8.17197e-10;1.61913e-08;2.7766e-08;1.54633e-06;1.25285e-08;5.64535e-09;1.16695e-08;4.4571e-05;0.00530653;2.21382e-07
6.18012e-06;0.852941;9.84307e-08;0.000174875;7.68336e-06;1.76993e-05;0.0358532;0.000180225;1.98785e-06;0.0411487;8.25288e-06;0.00439846;3.13326e-05;0.0652298
1.97332e-09;6.80877e-09;0.999997;7.74548e-08;5.4174e-10;1.30049e-09;2.2363e-06;1.14269e-08;2.43085e-09;2.59557e-08;2.35941e-07;2.74628e-07;1.20413e-12;4.11419e-11
3.06428e-07;2.15254e-07;3.91692e-10;1.62164e-09;5.40891e-08;7.75898e-10;2.94736e-08;0.999997;1.53787e-06;4.56548e-10;3.7562e-07;6.42872e-08;2.20568e-08;5.73883e-10
6.50002e-05;0.00701423;0.000191492;0.000142191;0.00594658;0.00639379;9.32418e-06;0.00460089;0.000121313;9.42568e-06;0.000542673;0.899177;0.00649204;0.0692943
2.45154e-05;0.827628;6.43827e-05;3.9669e-05;0.000135874;9.49703e-05;2.41251e-06;0.0158104;2.81037e-05;1.75869e-06;4.35965e-05;0.0541286;0.101077;0.000920098
2.24111e-05;0.0047873;0.0102649;1.24521e-05;0.226817;5.4446e-05;3.212e-09;0.00762069;5.01364e-07;8.0232e-07;2.82483e-07;0.734508;0.00239286;0.0135187
2.05499e-05;0.268991;2.57248e-05;3.69615e-06;0.00184314;0.000365995;1.52502e-05;0.648244;6.24492e-05;4.88007e-05;1.55634e-06;1.52404e-06;0.0800394;0.000337171
5.53186e-09;1.71098e-08;1;1.00009e-08;3.94586e-09;1.70583e-08;2.04441e-09;1.1428e-08;4.90157e-09;4.44855e-10;7.18865e-09;5.17372e-08;7.79784e-08;2.21412e-10
6.53428e-07;8.4693e-06;0.99965;8.35785e-07;7.0873e-07;1.51824e-07;5.15992e-08;9.05283e-05;2.97322e-07;9.58088e-09;1.27339e-07;0.000241659;3.03678e-07;6.58684e-06
2.79063e-07;0.000998647;1.67015e-05;1.04428e-06;2.8745e-05;8.14997e-05;1.02974e-09;0.000117943;6.1521e-09;1.03678e-07;4.9634e-09;2.39015e-05;7.8275e-08;0.998731
0.000107086;0.0587263;7.38548e-07;1.76454e-05;1.472e-05;3.19394e-05;4.82127e-07;0.158614;8.3228e-06;1.72341e-07;4.9029e-05;0.00223861;0.780185;5.81342e-06
6.44792e-06;0.641756;2.32246e-08;1.36413e-05;2.86378e-07;1.17996e-06;5.34054e-08;0.000244301;2.49891e-08;1.52716e-07;2.11419e-08;0.000905815;0.357025;4.66654e-05
7.95742e-08;0.00176689;2.0068e-09;2.03508e-06;0.000538946;1.08405e-07;3.15251e-09;0.9967;7.7738e-09;7.42846e-07;1.97207e-08;0.000118265;5.84484e-07;0.000872041
2.43914e-07;0.00175971;0.997788;0.000313497;3.08716e-05;3.58358e-06;1.83351e-06;1.2211e-06;5.74258e-08;1.56232e-05;1.40683e-05;7.33665e-07;1.50119e-05;5.53363e-05
7.27825e-05;0.00286172;5.83487e-06;4.1642e-05;3.02666e-05;3.68084e-05;0.0124378;0.00112462;0.0716072;1.81246e-05;0.905974;7.94455e-05;0.00556825;0.000141132
