1.89404e-05;0.999357;8.02519e-05;5.04826e-05;1.16104e-06;1.446e-07;1.64917e-06;0.000181673;7.49706e-07;2.18103e-06;1.54178e-06;0.000190868;0.000110956;1.54105e-06
4.23374e-07;0.99986;1.19544e-09;4.11065e-08;1.15792e-08;4.89342e-08;6.30205e-06;7.32635e-05;9.49273e-09;1.04175e-05;5.55335e-09;1.44321e-07;4.39759e-05;5.70462e-06
5.34984e-11;2.81861e-09;0.999999;8.08261e-11;3.50201e-09;8.82689e-10;7.06372e-11;5.75471e-10;1.07679e-13;8.17182e-11;4.51925e-13;7.27125e-07;1.72758e-12;2.11366e-11
9.5903e-08;0.00570645;3.86619e-08;3.95718e-07;2.70172e-08;6.97335e-05;4.76636e-07;6.93069e-07;3.05429e-08;3.38804e-07;1.8967e-07;7.95605e-06;0.994206;7.25565e-06
7.19711e-08;0.000287083;0.997675;9.83882e-07;5.26105e-09;4.92433e-08;8.83933e-06;2.6137e-08;2.51099e-09;2.29153e-05;5.15751e-08;0.00200456;1.50605e-08;3.32423e-07
9.16865e-09;1.4224e-09;0.999999;2.04405e-09;4.36417e-09;4.55119e-09;2.85519e-07;1.15028e-09;7.82271e-09;5.73181e-09;5.04873e-07;2.31807e-07;2.3062e-12;5.50517e-10
1.84889e-08;0.999973;4.35849e-09;1.57779e-08;2.30649e-09;4.30053e-08;9.91098e-06;5.12415e-07;1.02605e-09;8.18408e-06;1.9297e-07;1.18533e-09;8.5168e-06;6.75486e-08
1.21361e-08;9.1511e-07;0.999972;6.02454e-09;1.53453e-09;2.63951e-08;7.23949e-07;2.24439e-07;9.38075e-09;1.34815e-08;1.46968e-07;2.60357e-05;2.62552e-10;9.90854e-09
1.70642e-06;0.997138;6.07078e-09;4.33186e-08;5.84869e-08;1.53995e-07;2.825e-06;0.000244198;4.00132e-08;6.23623e-08;1.66268e-06;2.74192e-06;0.00260805;8.92245e-07
1.24347e-05;0.00947103;0.0113756;5.51141e-05;0.00686358;0.560333;2.60764e-07;0.00397157;2.65363e-07;1.02436e-05;1.6739e-06;0.369912;0.00127502;0.0367185
2.33446e-05;0.064389;5.96532e-07;3.40961e-07;2.01938e-06;6.65618e-05;6.88873e-06;0.186402;1.40911e-06;5.57379e-07;7.2198e-06;1.05483e-05;0.749074;1.56305e-05
3.77039e-08;6.76053e-08;0.999999;2.97958e-08;1.05758e-08;2.11481e-08;1.49702e-08;3.20553e-07;1.39491e-08;5.85223e-09;1.32933e-08;4.92208e-07;4.0719e-08;1.00991e-09
2.66934e-06;0.00313911;0.964553;2.78892e-06;5.48586e-07;2.60189e-06;5.71853e-07;0.00185842;1.01141e-06;6.4528e-07;1.30139e-06;0.0303593;6.26395e-05;1.56653e-05
3.594e-07;0.00516261;3.13992e-07;2.76088e-06;0.000795257;0.0039642;0.00210157;6.84317e-06;1.13939e-06;0.00114185;4.61425e-05;3.37061e-08;2.23243e-06;0.986775
2.59614e-10;3.96114e-09;0.999999;1.00733e-08;5.09031e-08;1.51981e-07;2.00051e-09;2.02673e-09;6.30409e-12;1.0088e-09;1.62205e-09;4.06786e-07;1.00483e-10;2.45084e-09
8.90726e-06;0.0009275;7.67685e-06;2.80648e-06;0.000162266;0.000233374;3.07311e-08;0.975243;7.49427e-08;3.24805e-08;1.64189e-05;0.000349947;0.0230242;2.41706e-05
1.31248e-06;0.777229;3.3737e-07;1.58226e-05;2.03065e-05;0.000574378;2.78701e-05;0.0112317;8.05144e-08;5.13063e-05;2.5427e-06;6.6392e-07;0.210349;0.000495074
3.70422e-11;1.9992e-09;1;2.00682e-10;4.58494e-10;8.277e-10;2.512e-11;3.29033e-09;1.93159e-13;1.55247e-10;1.80159e-11;1.69924e-08;9.44252e-11;9.92102e-13
1.13359e-05;0.00179913;0.00104006;6.81165e-05;0.0042184;0.0189586;1.64877e-06;0.00647299;1.17106e-05;3.14603e-06;0.000137709;0.947324;0.0160199;0.00393335
2.38504e-05;0.361731;1.385e-06;5.83282e-06;3.58439e-06;1.34203e-05;9.58063e-05;0.010441;2.74819e-06;2.1327e-06;0.000105285;0.00102574;0.62654;8.74291e-06
2.16608e-05;0.286093;0.021206;0.00148644;0.000257357;0.00466137;1.21894e-05;0.00239343;2.17513e-06;7.15494e-05;2.43652e-05;0.478726;0.00990754;0.195137
2.1605e-06;0.991559;1.80329e-09;2.02616e-06;6.12788e-08;1.52685e-06;0.001705;0.000866335;3.81032e-06;3.49106e-05;2.8223e-05;3.29599e-08;0.00160954;0.00418773
8.42611e-10;2.50581e-09;1;5.47352e-10;4.26813e-09;4.92211e-10;2.37744e-10;7.42519e-09;4.19092e-11;4.68051e-10;5.32857e-10;1.80827e-07;1.81232e-12;1.75265e-10
1.26936e-05;0.995999;2.1913e-05;3.0521e-05;1.41435e-05;2.17086e-05;9.24896e-06;0.00127084;0.00015111;8.63776e-06;0.000115299;0.000929523;0.00116984;0.000245868
1.88868e-05;0.000642878;3.16743e-06;0.000386709;0.113131;0.168321;6.97693e-06;0.00645917;0.00178221;0.00041114;0.000615332;0.00296931;0.00142176;0.703831
0.000136302;0.969067;5.3388e-08;0.000212936;3.20974e-05;1.93686e-05;0.00121045;0.000593589;0.000938908;0.000100732;0.0179745;0.000447056;0.00919005;7.73056e-05
7.73541e-05;0.00212257;6.4231e-09;1.85621e-05;0.00672963;5.56368e-05;1.44986e-07;0.986002;5.38009e-05;2.35937e-06;2.48537e-05;0.00179854;0.00113797;0.00197666
1.12317e-05;0.981949;9.46693e-08;6.59471e-07;4.32206e-06;3.04332e-07;0.00722563;6.98238e-05;1.89488e-07;0.00177756;2.42478e-07;4.87056e-07;7.62284e-06;0.00895329
2.65654e-09;2.99603e-10;0.999997;1.02774e-09;1.75962e-08;1.02639e-09;2.26025e-08;1.98743e-09;1.11673e-09;4.37238e-09;1.23471e-09;3.44074e-06;1.04539e-13;6.12861e-10
1.54056e-05;0.990171;6.87736e-08;1.6203e-07;3.56441e-08;2.71476e-08;1.77156e-06;0.00337392;3.04591e-05;1.1268e-08;1.75475e-06;3.48165e-05;0.00637093;3.33419e-08
4.98058e-05;0.440755;2.92162e-05;1.30942e-05;0.000722242;1.63461e-06;5.19594e-07;0.152411;2.35468e-05;5.65723e-06;3.01223e-06;0.382865;0.0153177;0.0078021
0.00125783;0.264989;0.000141782;0.0081845;0.000553008;0.00308286;0.00342045;0.0140169;0.439399;0.000706909;0.041367;0.10833;0.105314;0.00923583
0.000149812;0.0504657;7.46467e-07;9.64784e-07;2.82233e-07;4.05185e-09;2.14868e-06;0.947756;0.000127397;2.35543e-08;0.000113214;0.000649826;0.000733696;8.25341e-09
6.1551e-07;0.00258668;2.14859e-05;2.53883e-05;0.000394146;4.16091e-06;9.41027e-08;0.00113094;3.55967e-07;1.02858e-06;3.90548e-07;0.983037;0.00159723;0.0112008
0.000139488;0.919565;7.70068e-07;0.000424439;0.0005213;0.00191817;0.000480633;0.0438775;0.00165206;9.20588e-05;0.00284184;0.00157978;0.0262508;0.000655763
7.23914e-05;0.993709;1.82648e-09;1.31384e-05;3.91628e-05;1.80069e-06;1.00014e-05;0.00130901;2.4341e-05;6.72725e-06;5.90783e-05;0.000781836;0.00395844;1.45831e-05
1.17714e-05;8.83843e-06;1.08264e-10;1.06231e-09;9.57636e-07;1.81584e-09;4.17687e-09;0.999976;1.02383e-06;1.0929e-09;4.14503e-09;1.26239e-07;1.45753e-06;8.0648e-09
1.60634e-06;1.17847e-05;8.72918e-05;5.52365e-06;0.00117771;6.33727e-05;6.78264e-08;1.31547e-05;5.23032e-08;1.07713e-07;1.7018e-07;0.870346;1.00081e-06;0.128292
2.47842e-06;0.976563;6.47036e-06;8.45186e-06;6.67425e-06;5.57066e-06;0.004002;0.0152328;1.9314e-05;3.84382e-05;2.9992e-06;1.58982e-09;0.003715;0.000396432
9.37023e-11;2.23707e-12;1;1.93628e-09;4.88277e-11;3.18856e-11;1.2072e-09;9.75262e-12;1.77647e-09;2.3997e-11;1.34382e-08;9.6617e-08;3.75548e-13;1.60685e-12
0.000129353;0.796509;1.82047e-05;0.000242115;1.67452e-05;1.44851e-06;2.65914e-06;0.146483;0.0164431;8.51716e-07;0.00147489;0.036853;0.00156953;0.000255782
1.26369e-05;0.0204226;1.605e-06;1.34993e-06;9.13615e-07;3.04157e-06;2.96968e-08;0.000329007;4.05585e-06;3.53146e-07;3.73476e-06;0.000303805;0.978723;0.000194321
1.85718e-06;0.0010967;6.97486e-07;5.54905e-07;7.19052e-05;3.59305e-08;4.20462e-09;0.000461039;1.12247e-07;4.05388e-09;7.15843e-07;0.995665;3.70319e-05;0.0026643
2.14046e-05;0.918669;2.03423e-05;2.37881e-06;7.42653e-05;3.04401e-07;5.17628e-06;0.0386687;2.96511e-07;3.53775e-06;1.44756e-07;0.00109498;0.0377115;0.00372861
4.33448e-07;3.79829e-06;2.03586e-07;8.66187e-07;4.95054e-07;0.00645941;5.15129e-06;2.83805e-05;3.1915e-06;8.47461e-06;3.83068e-06;3.22501e-07;0.993471;1.46104e-05
2.37409e-06;4.59173e-06;0.999963;4.25384e-06;1.79418e-06;1.72024e-06;1.13456e-07;4.6109e-06;1.95434e-08;3.66472e-07;7.29066e-08;1.47464e-05;1.75404e-07;2.62956e-06
2.49117e-05;0.99427;5.79957e-06;8.03767e-05;4.36536e-05;6.74195e-05;3.20212e-05;0.00151822;0.000671235;2.17292e-06;0.000266164;1.23743e-05;0.00242553;0.000579576
