3.88749e-06;0.987398;8.16081e-09;6.01632e-07;8.24112e-07;1.25325e-06;1.78378e-05;0.0087693;1.29999e-06;1.21132e-05;2.10605e-07;4.46654e-07;0.00376167;3.25318e-05
3.435e-10;8.70835e-10;0.999996;1.61921e-09;1.42939e-08;2.13287e-10;7.37113e-11;4.38453e-09;2.96812e-11;3.28672e-11;6.30858e-11;4.23443e-06;9.48463e-12;1.25233e-10
1.30093e-06;0.999073;3.0541e-06;3.66961e-06;3.86269e-07;3.43981e-08;6.95796e-05;0.000379516;1.85019e-06;3.83207e-07;3.36038e-06;5.21966e-05;0.000333996;7.75808e-05
1.12114e-05;0.00979243;1.47807e-05;7.54896e-05;4.16813e-06;6.23755e-06;0.000514816;0.00684624;5.96778e-05;4.75113e-06;0.000485538;0.981373;0.000787244;2.45167e-05
0.000136263;0.964493;2.59583e-06;0.000277206;8.97641e-05;3.55398e-05;0.000131919;0.0249384;8.24824e-05;2.45212e-05;0.000112644;0.00102518;0.00276531;0.00588538
1.28644e-05;0.998061;7.06723e-06;9.87142e-06;0.000110196;1.68259e-05;1.12985e-05;8.92739e-05;2.233e-06;1.99184e-07;8.62622e-07;0.000314902;0.000726984;0.000635827
0.000250739;0.521382;9.3379e-09;5.85568e-05;0.00141712;6.53025e-05;1.39125e-06;0.27728;9.1035e-05;9.89346e-07;7.38881e-05;0.180949;0.0182953;0.000134456
0.000183282;0.250953;6.87354e-07;6.08121e-07;4.45644e-05;2.90133e-05;1.65554e-05;0.100527;3.87327e-07;5.90701e-07;2.00137e-06;0.0385596;0.608735;0.000947933
5.86031e-06;0.845368;7.22779e-06;6.64013e-06;0.000117605;0.000207825;2.42786e-06;0.0527138;3.47276e-06;4.8625e-06;1.33632e-07;2.03176e-05;0.00775399;0.0937881
2.95548e-10;3.30143e-10;0.999999;2.07282e-09;3.40845e-10;4.51372e-11;1.27477e-10;4.91782e-08;1.47618e-10;3.54327e-11;1.33974e-09;1.32021e-06;3.57512e-10;7.42552e-11
1.47767e-07;8.0248e-05;1.09791e-05;2.95857e-06;2.09242e-06;7.95122e-08;5.10976e-06;7.66148e-05;4.75982e-07;1.05666e-06;1.76096e-06;3.70859e-05;6.82204e-06;0.999775
1.37127e-07;3.05651e-06;1.11003e-11;3.73509e-08;0.00086588;1.86105e-06;2.41605e-07;0.999103;1.15596e-05;1.42573e-08;1.51938e-06;4.19726e-08;2.65079e-06;9.78653e-06
3.53198e-09;1.26795e-06;0.999974;3.52472e-07;6.9516e-06;9.7282e-07;1.48489e-09;5.43152e-09;1.60269e-11;8.07833e-09;2.08976e-09;1.33092e-05;7.23176e-08;2.66594e-06
5.42323e-07;0.999412;2.21972e-09;4.19629e-08;5.46094e-07;5.67446e-09;1.7367e-07;2.12675e-05;2.95963e-08;2.5265e-10;1.41396e-07;4.24155e-06;0.000552129;8.84616e-06
5.7238e-06;0.0538389;7.86781e-05;7.51454e-07;7.02248e-05;2.03926e-06;1.78514e-08;0.000769175;1.33819e-06;1.36818e-07;2.58439e-08;0.910079;0.00475138;0.0304026
0.000113396;0.684695;4.45485e-07;8.49393e-07;0.000966251;0.00015606;5.90163e-06;0.0438269;1.05705e-05;1.02824e-06;1.53437e-06;0.00198278;0.263952;0.00428698
3.0106e-05;0.779768;0.00192834;3.45883e-06;0.000118388;0.000250262;8.81736e-08;0.0177887;6.24171e-07;1.61889e-07;1.28811e-07;0.100782;0.0657445;0.0335853
1.6007e-06;0.00499779;6.58159e-06;4.59763e-05;0.503937;0.000533985;5.01169e-08;0.440281;1.25887e-05;2.86962e-06;1.44232e-06;0.0174031;0.000633753;0.0321426
7.14506e-06;0.0113534;0.959103;0.000504793;8.9655e-05;1.92295e-05;1.13953e-06;2.62569e-05;2.82913e-06;9.30817e-06;2.94748e-05;0.00118617;0.0273537;0.000314092
5.34047e-05;0.0385232;1.11014e-08;7.13776e-07;0.000327389;1.23822e-07;7.77144e-06;0.959534;2.37949e-05;9.75851e-07;0.000123716;0.000763094;5.54309e-05;0.000586148
1.44742e-06;0.000781584;0.973866;6.24518e-06;0.000138869;4.10354e-05;4.50327e-08;3.34208e-05;1.88892e-08;1.1137e-06;4.86143e-07;0.0249468;0.000131109;5.21451e-05
5.60156e-05;0.00443987;3.73189e-09;1.02936e-07;3.87028e-05;2.12452e-06;2.19266e-06;0.963265;9.13694e-05;9.10899e-08;8.56461e-05;6.12454e-06;0.0320123;4.93116e-07
9.5866e-05;0.997281;0.000109092;6.32881e-05;1.24654e-06;1.68258e-06;3.9993e-06;0.000330014;1.23477e-05;5.6135e-06;2.5485e-06;0.000641553;0.00047359;0.000977821
0.000107908;0.939918;3.89067e-08;0.00182607;1.36372e-05;6.18846e-05;1.59729e-05;0.0288023;0.00273418;2.80946e-05;0.0022182;0.0178894;0.00501712;0.00136753
0.00409083;0.728256;9.77102e-06;0.000750173;7.25304e-05;6.30876e-05;0.000606843;0.181129;0.00538679;0.000478298;0.00243567;0.0164887;0.060025;0.000207068
0.000187606;0.00259758;4.06876e-06;2.32298e-06;6.07536e-05;1.2927e-06;4.07715e-06;0.00493284;1.55764e-05;1.78055e-06;7.5294e-06;0.991653;0.000486117;4.54196e-05
1.69727e-05;0.806646;5.02295e-09;3.08732e-06;1.21455e-07;1.44966e-08;0.191985;0.00024627;0.000207857;0.000451002;7.01996e-06;1.73053e-07;0.000330659;0.000106046
6.85979e-07;2.32498e-07;0.999964;1.28884e-06;8.67485e-07;1.04404e-06;4.65045e-06;1.34585e-07;4.74091e-06;2.58952e-06;8.23856e-07;1.8466e-05;1.84593e-09;2.6008e-07
8.57096e-06;0.998141;0.000135666;1.62408e-06;2.75214e-06;3.40521e-08;3.95509e-07;0.00106684;7.21252e-07;8.0045e-08;3.48634e-07;2.17977e-06;0.00063882;1.10087e-06
0.000242782;0.709102;2.54471e-05;0.000145573;0.000466736;9.84253e-05;0.000776709;0.000803382;0.00084404;5.64897e-05;0.00044742;0.178567;0.0284211;0.0800032
4.72809e-05;0.646584;1.65662e-06;1.27385e-05;0.000269433;0.000312893;5.07651e-06;0.024807;1.0411e-06;2.32388e-06;1.76684e-06;0.163271;0.161811;0.00287322
1.86027e-05;0.0140461;5.1991e-06;7.19571e-06;7.34646e-05;3.75916e-05;2.26521e-07;0.0128328;4.26886e-06;3.0294e-07;7.86666e-06;0.262383;0.710448;0.000135913
9.68695e-05;0.91657;0.000364512;5.95975e-06;8.60324e-06;1.18601e-05;1.68853e-05;0.0215883;6.98482e-06;1.32698e-06;2.05656e-05;0.00493385;0.0563677;5.91882e-06
3.12836e-06;0.0147028;0.000122732;0.000139109;0.00043099;0.000260926;3.52056e-06;0.0335172;1.83335e-05;5.69673e-06;3.72871e-05;0.945788;0.00167212;0.00329793
1.65543e-06;0.997;7.51582e-08;1.97091e-05;3.19243e-05;3.25941e-05;1.54568e-05;0.000323627;1.31393e-05;1.24819e-06;0.000111051;8.56233e-05;0.00230101;6.31008e-05
1.15878e-05;0.000234901;2.45986e-05;6.55929e-07;2.36879e-06;2.12375e-07;4.12072e-08;0.000115826;8.48133e-07;6.14814e-08;1.71625e-06;0.991999;0.007607;1.42994e-06
0.00325518;0.00718041;0.00155203;2.73558e-05;0.00450802;0.000172706;0.000202184;0.918205;0.0199835;7.86882e-06;0.00694373;0.000460374;0.0367145;0.000787314
1.92001e-05;0.0230985;6.94646e-08;1.64643e-06;2.64124e-05;5.86072e-07;1.13585e-07;0.942011;0.000203557;2.55775e-07;2.06529e-05;8.40037e-06;0.0346092;8.17804e-07
1.72582e-05;0.995113;3.27746e-08;3.99908e-06;2.43749e-05;2.7144e-07;7.59143e-05;0.00293581;1.13462e-05;5.74851e-05;2.03044e-06;8.62494e-07;6.53828e-06;0.00175093
1.81541e-08;1.37852e-06;0.999995;7.1307e-09;3.96383e-09;7.60175e-12;5.27787e-08;1.0235e-07;1.67702e-09;2.88519e-09;1.65046e-08;2.97989e-06;1.05835e-09;1.22583e-10
3.15948e-07;6.48557e-05;5.99153e-06;7.44335e-07;9.39366e-07;1.10553e-08;4.31032e-07;2.9817e-05;5.53066e-06;4.19419e-09;6.45004e-06;0.999873;1.32498e-06;1.05757e-05
1.64663e-05;0.956872;2.45166e-08;1.61599e-05;8.07012e-06;9.2769e-06;8.98012e-05;0.0345009;0.000176359;2.94373e-06;0.000320056;0.000627015;0.00731788;4.33495e-05
4.16338e-06;0.0129495;7.84736e-05;4.76368e-06;1.25808e-06;9.78607e-07;8.3392e-06;0.0108928;7.54916e-06;7.14104e-07;4.96962e-05;0.975519;0.000480402;2.68177e-06
5.55109e-06;0.770425;8.54287e-06;0.000103862;0.000407624;0.000272602;1.36586e-06;0.146233;1.25109e-05;9.5451e-07;3.26087e-05;0.0072009;0.0751335;0.000162141
8.0429e-05;0.0570041;1.08068e-06;0.000259617;5.22568e-05;6.48384e-05;7.59071e-07;0.00168326;0.000461506;1.02626e-05;0.000612967;0.661484;0.278184;0.000100407
2.22391e-05;0.146725;0.850637;5.78246e-05;9.23366e-06;1.09775e-06;5.03786e-07;4.40299e-05;1.23517e-07;2.58688e-06;9.757e-07;0.00224776;3.76448e-05;0.000214077
2.84629e-05;0.939549;6.808e-06;4.95665e-05;0.000775182;4.31954e-06;4.24641e-06;0.0573929;6.32228e-05;1.91147e-06;0.000179825;0.00117116;0.000663719;0.000110074
0.0001555;0.0257384;7.04105e-08;9.86677e-06;0.00085337;0.000677419;1.42929e-05;0.961303;0.000313;1.14021e-05;2.80492e-05;0.00444903;0.00555246;0.000893909
0.000356517;0.0274322;6.30272e-05;0.00207772;0.00166226;0.000369265;0.000217453;0.00428526;0.0381997;1.21136e-05;0.0107663;0.903847;0.00540387;0.00530716
8.19802e-06;0.991235;8.21282e-10;3.90385e-05;1.61705e-06;1.45284e-07;1.19077e-06;0.00589502;8.22528e-05;1.52297e-07;0.000179412;0.000221542;0.00231647;2.01711e-05
0.000118765;0.0053407;3.20041e-06;1.7618e-05;0.00198359;1.38838e-06;1.28127e-07;0.122821;0.00014575;6.62158e-06;2.38013e-05;0.860712;0.00222873;0.00659723
2.05162e-05;0.837153;0.116709;0.000234443;0.00302956;0.000181954;1.1841e-06;2.04883e-05;4.60943e-07;1.9586e-05;7.60585e-06;0.0175116;0.0246928;0.000417756
7.66999e-05;0.267424;4.24983e-07;1.81833e-05;0.000239575;1.30536e-05;2.99759e-05;0.00617865;0.000195304;5.41253e-06;0.000908135;0.710438;0.00273375;0.0117387
8.81739e-05;0.967284;0.00121063;6.59098e-05;8.0383e-05;1.44119e-06;3.50849e-06;0.0193378;3.17755e-05;5.0466e-07;0.000321144;0.00779005;0.00377641;8.15205e-06
2.35406e-05;0.310036;4.25078e-09;2.92741e-06;1.80485e-05;4.5203e-07;1.78272e-08;0.00167139;3.78412e-06;8.2434e-08;7.10014e-05;0.591293;0.0949414;0.00193753
6.14328e-05;0.947681;5.08765e-06;2.56462e-06;1.96843e-06;8.37572e-06;0.0194592;0.000145411;5.32579e-06;0.00321959;8.62043e-06;4.99217e-06;0.00027969;0.0291164
8.42671e-11;8.72763e-11;1;3.30346e-11;2.50007e-11;1.77999e-11;1.84192e-09;2.84437e-10;7.0384e-11;2.37915e-10;2.07336e-10;5.56858e-08;2.46413e-13;2.33489e-13
1.50587e-08;9.01799e-06;0.999989;9.93783e-08;5.37725e-08;2.90658e-08;1.01934e-06;3.44209e-08;2.17637e-08;4.25453e-08;9.58505e-08;4.34778e-07;3.74344e-07;6.13792e-08
4.07578e-06;0.976744;2.9991e-07;4.77709e-07;3.59653e-05;7.42947e-06;8.07546e-07;0.00314955;3.47692e-06;4.57658e-07;1.12431e-06;0.000681527;0.0193458;2.50636e-05
0.000306429;0.353138;4.70372e-05;0.00111464;0.0611096;0.0203547;0.000288053;0.0127974;0.000564514;0.00118148;0.000284865;0.0118387;0.0351409;0.501834
0.00536123;0.605248;1.05628e-05;0.000290672;0.000148345;4.78378e-05;0.00109932;0.0186949;0.00453118;3.34527e-05;0.00186208;0.00616518;0.356289;0.000218562
0.000276946;0.646438;7.46105e-08;0.00242302;0.00503334;7.43767e-05;8.21303e-06;0.205648;0.00287676;9.03738e-05;0.000270643;0.134507;0.000235134;0.00211799
7.51012e-05;0.545173;0.00170968;0.000108877;0.000877424;1.81908e-05;1.41081e-07;0.000127493;1.92257e-07;4.68813e-06;4.14546e-07;0.40216;0.0494063;0.000338818
3.84865e-05;0.0394697;8.08e-07;4.93925e-06;0.000341867;1.19477e-05;4.10927e-06;0.0620166;0.00012221;1.2349e-07;6.62797e-05;0.896453;0.00145831;1.20157e-05
0.000238888;0.762752;0.000125718;0.000110896;0.110201;0.00915593;4.05659e-05;0.048991;1.12518e-05;1.42326e-05;4.2838e-06;0.00545769;0.0540641;0.00883238
0.000406504;0.661443;1.53976e-05;0.000156107;0.000120835;0.000232683;3.6992e-05;0.00726052;0.000229534;1.77671e-06;0.000118096;0.0244701;0.28595;0.0195584
8.19965e-05;0.499603;1.26203e-05;0.000583665;0.000587524;0.00156512;1.44719e-05;0.00651529;0.00122272;2.1092e-05;0.000511062;0.00085194;0.0173938;0.471035
8.12705e-05;0.844759;0.123921;0.000512029;1.16299e-06;1.07601e-06;1.53369e-06;0.000367366;6.07833e-06;7.85747e-06;1.92526e-05;0.0300921;0.000157982;7.26395e-05
8.45415e-05;0.97163;2.53804e-09;3.36627e-05;8.43873e-05;1.97403e-07;2.45869e-05;0.0213993;0.00205628;8.05954e-06;0.00311191;0.00152144;3.85096e-05;7.4231e-06
1.14323e-05;0.949702;6.21498e-05;3.01974e-05;0.000635569;0.000168365;4.79924e-07;0.000366517;8.78674e-08;1.86686e-05;1.17242e-06;0.0416541;0.00733526;1.4349e-05
9.59666e-05;0.0299361;6.06011e-09;1.60406e-06;4.50702e-05;9.86929e-05;0.000203136;0.000428452;1.83718e-06;6.6132e-06;5.01223e-05;0.000181023;0.968917;3.40099e-05
0.000965803;0.00494904;0.96522;0.000446363;0.0119671;0.00073736;4.43883e-05;0.00295662;3.05431e-06;2.40017e-05;3.53493e-06;0.000281133;5.98652e-05;0.0123416
5.45935e-07;0.888775;4.33311e-10;2.84652e-06;4.53015e-07;2.75925e-07;0.110268;0.000111567;6.45307e-06;0.00025082;2.57491e-06;7.07863e-10;0.000461378;0.000120461
3.20422e-10;1.00936e-10;1;1.05863e-08;1.41588e-09;9.64487e-10;3.52899e-08;4.56533e-11;1.5418e-10;1.77478e-09;3.13408e-09;2.03123e-08;1.67783e-13;5.78197e-11
2.48763e-06;0.00414319;6.73472e-10;9.7415e-09;7.03667e-07;2.38048e-09;1.98776e-08;0.995734;5.37143e-07;3.04225e-09;3.16737e-07;3.94641e-05;7.90349e-05;2.16058e-07
1.31908e-05;0.950876;0.000131755;1.30678e-05;0.000121756;0.000100339;0.00179218;0.0328332;3.80438e-05;0.000275495;9.56234e-05;0.000389531;0.00527777;0.00804237
4.65104e-10;1.11669e-09;1;1.12409e-09;2.65739e-10;2.39571e-10;9.53956e-09;2.9266e-08;2.45522e-09;6.31919e-10;1.11803e-08;4.95665e-08;9.26997e-10;2.41975e-12
3.11989e-07;4.97284e-05;0.995504;2.1405e-07;2.52814e-07;7.29306e-09;1.09386e-07;4.97436e-06;1.15397e-06;1.49859e-07;4.28745e-07;0.00443742;4.34308e-08;7.72193e-07
2.0718e-07;0.00158177;1.97029e-10;1.2176e-08;6.47931e-06;4.41616e-05;4.86905e-06;2.12298e-07;2.21563e-07;8.17314e-06;3.71547e-08;1.89377e-11;6.63169e-08;0.998354
1.0807e-09;3.23261e-09;0.999999;4.73434e-10;3.19505e-08;1.30181e-10;4.22979e-11;6.68518e-11;2.11068e-11;1.19301e-11;5.79535e-12;1.45623e-06;1.81651e-13;1.49892e-10
5.25662e-07;9.091e-06;2.85511e-07;3.30845e-09;7.04492e-05;1.12032e-08;7.8721e-12;0.999902;8.05577e-09;7.57062e-12;5.3088e-10;9.7988e-06;7.90487e-06;1.56341e-07
3.40571e-09;2.51035e-07;1.36853e-07;1.26893e-09;1.11927e-05;6.0021e-09;6.26919e-11;0.999988;1.0753e-09;9.55446e-10;3.60853e-11;4.64922e-09;2.11376e-07;2.40951e-09
2.16936e-08;4.5309e-06;0.999986;1.71666e-07;6.6243e-06;1.89642e-06;3.56332e-12;2.32472e-07;7.2314e-12;5.63224e-09;6.58925e-10;9.86526e-08;6.81787e-08;4.46318e-07
4.61959e-07;0.988675;2.93097e-07;5.33179e-07;8.12708e-07;4.84951e-07;1.54337e-06;0.011098;4.60308e-06;3.82657e-08;9.96036e-06;1.60074e-05;0.000187595;4.4006e-06
