1.22916e-05;0.99926;0.000156575;4.61233e-05;1.77302e-06;2.21025e-07;1.44211e-06;0.000308164;2.19949e-07;7.80262e-07;3.10159e-07;0.000105473;9.04965e-05;1.63327e-05
1.0582e-05;0.987274;6.01664e-09;1.98557e-05;3.94205e-06;1.41442e-06;1.9818e-07;0.0114003;2.83637e-05;4.82865e-07;2.02678e-05;0.000590538;0.000576816;7.3708e-05
0.000382257;0.986316;7.85091e-08;8.92518e-05;6.70195e-06;2.81573e-05;0.000400864;0.00198182;0.00081833;9.32005e-05;0.000148125;0.00353957;0.00552632;0.000668941
0.000592146;0.00186594;4.97885e-07;1.35712e-05;0.000179991;6.05988e-06;9.65763e-05;0.00137406;0.00178481;3.84644e-06;0.000272469;0.993101;0.000577828;0.000131208
1.05909e-05;0.00512611;0.994654;1.1448e-06;1.43187e-06;6.4251e-10;1.42208e-05;1.73548e-06;6.83504e-06;6.57399e-08;1.07782e-07;0.00010059;6.78037e-07;8.18992e-05
2.53993e-05;0.933631;2.1847e-08;1.44331e-06;0.000628835;4.11531e-06;8.87665e-06;0.0525086;9.00909e-05;1.88956e-06;9.99341e-07;1.67537e-05;0.000381241;0.0127009
1.06746e-06;0.00400182;0.107849;2.56531e-06;0.000155888;1.37424e-05;9.81862e-10;5.26213e-06;3.85018e-09;4.76592e-08;6.7592e-09;0.885775;2.02343e-05;0.00217596
4.8469e-07;0.994798;3.80661e-11;7.29683e-08;8.54592e-08;1.54788e-07;0.000832484;0.000207725;4.77789e-07;1.93095e-06;4.37181e-07;9.88322e-10;2.93748e-06;0.00415469
3.32025e-10;1.90385e-09;0.999999;3.08788e-10;1.87943e-09;7.49188e-10;3.85738e-10;1.09926e-08;6.96502e-11;5.34669e-11;1.21793e-10;1.04178e-06;1.35309e-11;4.42083e-12
5.77729e-06;0.0321145;1.44634e-07;3.7312e-06;1.19164e-06;1.08437e-05;7.54701e-07;0.0026342;0.000221588;2.67011e-06;0.000109937;0.000367371;0.964527;4.21984e-07
8.45728e-07;0.000494089;0.978648;2.97355e-06;1.02329e-06;2.46496e-07;1.97133e-08;5.61571e-06;1.67896e-08;3.41276e-07;1.17649e-07;0.0208411;2.88455e-06;2.18211e-06
3.65191e-06;0.993442;2.14496e-08;1.57824e-06;1.05625e-05;9.47827e-07;0.00324521;0.00270196;1.62636e-05;0.000183602;8.25291e-06;9.46395e-08;0.000204548;0.000181261
1.57597e-09;4.88681e-07;0.999999;4.17984e-09;3.64498e-08;9.56741e-08;1.1918e-08;7.07831e-08;1.03603e-10;4.14848e-08;4.35742e-10;1.10524e-10;4.25361e-08;7.37344e-10
4.35272e-09;1.94615e-09;1;5.79697e-10;8.60123e-10;9.17935e-11;3.82351e-10;5.83321e-08;1.14198e-09;1.00461e-10;2.07149e-09;5.18483e-08;1.29712e-09;4.68715e-13
6.24851e-08;8.60638e-06;0.000947109;5.46241e-08;4.08576e-08;4.19326e-08;1.72797e-09;4.94303e-06;4.09737e-07;3.13715e-09;1.38027e-07;0.999014;2.05084e-07;2.46776e-05
2.47145e-07;0.00159564;4.82993e-08;7.9995e-09;0.000634111;2.84486e-06;9.63462e-09;0.99713;3.77811e-09;4.82465e-09;7.47417e-09;4.3152e-08;0.00032369;0.000313618
1.2422e-06;0.994221;2.79832e-09;3.78343e-08;1.53596e-06;5.74646e-07;9.25442e-06;0.0037502;5.29277e-09;3.39428e-06;2.36694e-09;3.77674e-05;0.00078253;0.00119298
1.89212e-11;7.53338e-11;1;1.19725e-11;6.52716e-10;1.30411e-10;2.28721e-11;2.89768e-08;4.23502e-13;6.78069e-12;3.37932e-13;1.18388e-07;5.8964e-14;1.01421e-11
4.35683e-05;0.836605;1.60107e-06;0.000409452;0.000466392;0.000320193;0.000435019;0.153301;0.000617807;1.28038e-05;0.000521123;0.000320298;0.0068999;4.65712e-05
6.93633e-07;0.999676;4.26849e-07;3.80282e-06;1.26048e-06;1.62885e-07;4.03727e-08;0.000177193;3.02721e-09;9.12466e-08;4.87142e-09;2.87578e-06;0.000137645;1.3512e-07
4.34042e-05;0.911848;1.67427e-07;3.2441e-05;6.22859e-05;2.74537e-05;1.49761e-06;0.0124196;9.02773e-06;1.73064e-06;1.09742e-05;0.0702802;0.00517809;8.50026e-05
0.000299788;0.953496;0.000146169;6.54958e-05;3.68544e-05;2.68133e-06;0.00108502;0.0013792;7.61315e-06;5.78279e-05;0.000372449;0.0395499;0.00289514;0.000606221
2.23999e-05;0.484326;1.34389e-05;1.53768e-05;1.24018e-06;4.65068e-07;2.49285e-05;3.48702e-05;1.55302e-05;1.7821e-06;9.52793e-06;0.514351;0.00100022;0.000182863
2.10544e-06;0.959437;2.59318e-08;8.85766e-07;6.28444e-07;6.22497e-08;0.00154054;0.038526;8.11544e-05;5.00013e-05;8.52019e-06;4.08198e-08;1.21643e-05;0.00034115
9.53214e-11;4.75322e-11;1;1.28103e-10;2.35405e-10;4.74726e-11;1.43157e-11;1.05745e-10;2.7972e-11;9.65667e-12;8.6349e-11;1.09175e-07;3.00027e-13;6.45576e-13
5.29894e-06;0.971021;2.51478e-07;7.58057e-08;2.06967e-07;1.60126e-08;6.00663e-08;0.0273453;1.86079e-06;1.16436e-07;1.71131e-07;6.83625e-05;0.00155708;3.20378e-07
1.61338e-05;0.600953;0.000243256;8.34488e-07;5.76509e-06;7.39308e-06;3.87287e-06;0.00541715;3.8358e-06;1.15839e-06;5.00399e-06;0.367755;0.0255366;5.0764e-05
4.53088e-05;0.0513289;5.24443e-08;4.29131e-05;0.000115279;1.2276e-05;1.04e-05;0.00855036;0.000245177;5.75822e-06;0.00028653;0.000960409;0.938089;0.000307972
7.54483e-05;0.939118;2.09479e-07;6.41729e-06;1.24116e-07;4.72155e-07;4.96282e-05;8.31237e-05;8.60015e-05;2.04351e-06;4.64751e-05;0.0581367;0.00238062;1.45228e-05
2.20402e-06;0.99181;5.76661e-09;1.49273e-06;1.24049e-06;2.98629e-06;0.00130034;0.000492979;3.03267e-07;0.000103394;1.65608e-07;3.03727e-06;0.000352413;0.00592988
1.21661e-09;4.42439e-08;0.999991;7.72803e-08;7.96986e-09;2.15149e-07;2.08884e-07;2.27266e-08;3.24514e-10;5.1466e-09;8.83043e-09;8.00912e-06;4.33893e-10;1.64203e-09
0.000460491;0.063984;2.62973e-06;0.000169671;0.0011955;0.000878251;3.32841e-05;0.65508;0.000328809;1.97781e-06;0.00636266;0.000619538;0.269866;0.0010177
3.88279e-06;0.997145;1.75235e-08;3.93281e-07;6.24402e-09;2.73902e-08;0.000117449;4.66748e-05;4.564e-08;1.94078e-06;1.01566e-06;5.38169e-07;0.00257482;0.000108728
2.16225e-10;3.17541e-09;0.999999;3.84114e-10;1.3411e-08;1.44663e-10;2.37713e-10;7.77779e-09;5.05288e-12;1.00174e-10;4.19576e-11;8.64068e-07;2.27224e-11;3.42447e-11
8.54198e-07;0.03507;8.39719e-08;5.35047e-05;3.88023e-07;0.000572312;0.000980493;7.19299e-05;0.00014738;4.26799e-05;0.000506147;3.83913e-06;0.962545;5.8065e-06
2.20412e-05;0.0123175;0.809358;0.00957996;8.60233e-05;6.10633e-05;6.87399e-05;6.53455e-06;8.55028e-07;8.51041e-05;6.18938e-05;0.16815;3.14205e-05;0.000170289
1.74236e-05;0.883302;2.93264e-09;0.00198929;7.10975e-06;0.000214171;0.00306424;0.000385161;0.0060303;1.47689e-05;0.0438355;3.68442e-05;0.0609504;0.000153062
0.000150641;0.99232;0.000860448;0.00212137;7.38133e-06;2.28579e-06;2.35953e-06;0.000180234;4.79122e-06;4.93368e-06;5.86672e-05;0.00415545;0.000126372;5.21992e-06
2.80175e-05;0.0583842;3.97912e-09;1.01962e-06;0.000506263;1.62581e-06;1.60782e-07;0.940237;1.47196e-06;1.18693e-06;2.04432e-07;1.07158e-05;0.000463582;0.000365012
1.01076e-06;7.16934e-05;0.989042;7.51538e-06;1.11318e-05;1.84201e-05;1.27589e-08;9.3531e-07;4.83248e-08;6.30265e-06;8.75867e-07;0.0107584;3.53811e-06;7.83816e-05
3.83028e-08;3.12767e-05;2.45309e-09;5.87327e-08;1.61522e-11;1.51146e-08;0.999263;1.59562e-10;1.47933e-06;0.000476909;0.000226917;1.8047e-11;2.59524e-07;4.06701e-07
1.14119e-10;1.2755e-12;1;1.25394e-10;1.18828e-11;5.31723e-11;2.29998e-08;1.58595e-10;4.74251e-09;7.47953e-10;4.13454e-08;2.24907e-10;2.44053e-15;2.69707e-14
