3.07899e-05;0.995744;0.000899418;0.000143357;1.45803e-05;3.91319e-07;2.84961e-06;0.00227695;9.47147e-07;3.9474e-06;2.69897e-06;0.00076488;0.000107346;7.73339e-06
2.35256e-06;0.992319;1.00392e-08;8.51906e-07;8.72264e-07;3.51924e-06;2.2493e-05;0.00331525;5.08581e-07;5.17993e-05;3.03988e-07;1.9318e-06;0.00383621;0.000444616
5.75773e-11;7.68676e-10;1;3.86313e-10;1.9372e-09;2.188e-10;4.24937e-11;1.18861e-09;1.90215e-12;3.0163e-11;9.41413e-12;4.41823e-07;1.55204e-12;4.40953e-11
1.63437e-05;0.976841;6.46387e-05;0.000458345;2.19232e-05;1.29896e-05;0.000235986;0.00645386;0.000176083;4.41277e-06;0.00176635;0.00237951;0.0112807;0.000288089
6.94502e-06;0.00406097;0.000796279;7.74179e-06;2.70041e-06;2.64228e-07;4.67571e-06;0.99501;2.51981e-06;4.3862e-07;1.17118e-05;4.02099e-07;1.78593e-06;9.31102e-05
7.57603e-09;4.07255e-08;6.48469e-07;4.47061e-09;3.60676e-08;3.56575e-08;8.71185e-10;2.47611e-07;1.48938e-10;6.6927e-09;1.75507e-10;1.38887e-06;1.96235e-09;0.999998
0.000119216;0.000332824;2.48509e-10;3.23962e-07;0.0423645;0.000177024;1.92248e-06;0.955351;0.000974978;9.1879e-08;5.92338e-05;7.81969e-05;6.70787e-05;0.000474113
9.89779e-07;0.000270382;0.99812;2.92816e-07;0.000826447;1.70077e-06;9.73088e-10;4.96906e-07;1.12468e-09;1.3072e-08;4.58006e-09;0.000701134;4.74168e-05;3.10442e-05
7.09519e-06;0.763923;2.25526e-06;1.1885e-08;1.20046e-05;1.95205e-06;2.10093e-07;0.0654361;1.6502e-07;2.15395e-09;2.55578e-08;2.13492e-05;0.170594;1.85987e-06
1.81162e-06;0.322879;3.51513e-06;0.000108434;0.0171425;0.0584915;1.00005e-07;0.0695282;3.61646e-06;1.11666e-05;3.931e-06;0.115578;0.0267946;0.389454
2.22374e-06;0.997531;1.12479e-06;8.44301e-08;1.96579e-08;6.46677e-08;8.38946e-07;6.24256e-06;9.5218e-10;2.68265e-08;6.18521e-08;0.000903733;0.00155187;2.81515e-06
8.89408e-07;0.148811;0.000289589;3.4037e-06;4.60935e-05;0.000781717;3.63236e-06;0.00210301;1.80239e-07;4.84193e-07;8.93568e-07;0.711108;0.000721718;0.13613
1.51735e-07;0.0335117;3.30348e-07;1.61219e-07;1.94799e-07;5.52078e-06;7.12151e-09;0.000146003;3.52733e-09;2.00114e-09;4.80393e-08;0.000612938;0.965717;6.13846e-06
2.1334e-08;0.830041;7.44271e-10;1.25976e-07;6.41374e-08;7.27772e-08;2.20224e-05;2.00466e-05;4.79927e-09;1.54997e-05;1.22225e-09;3.77836e-08;2.80799e-06;0.169898
4.12546e-11;2.69787e-10;0.999999;6.4832e-10;7.07684e-11;8.50512e-11;1.01959e-09;4.21013e-09;5.98923e-12;1.72479e-10;3.75263e-10;7.8184e-07;3.32441e-12;1.28319e-11
0.000578405;0.0575422;0.000149252;0.00870525;0.000103764;0.00487232;0.00771272;0.0435458;0.0136396;0.000115265;0.787048;0.0439728;0.0255949;0.0064198
3.09923e-05;0.0499614;3.3924e-07;1.86959e-06;2.47361e-05;4.53116e-06;2.50002e-06;0.947813;4.40426e-07;7.62014e-07;5.84039e-05;0.000132531;0.00187619;9.26092e-05
9.91362e-06;0.0159653;2.13355e-05;0.000133403;0.00172194;0.000737106;1.70972e-05;0.010374;7.26001e-06;1.16729e-05;9.06461e-05;0.377407;0.00285949;0.590644
1.30418e-05;0.0510577;2.4852e-07;8.67256e-07;1.47407e-06;5.38033e-07;1.0354e-06;0.000718262;3.81226e-07;1.25893e-07;5.60735e-05;7.05937e-05;0.948068;1.20615e-05
1.09859e-05;0.997614;1.49694e-05;1.00041e-07;5.53764e-08;1.51775e-07;5.65349e-05;5.86652e-06;1.21072e-08;0.000136283;1.41255e-08;0.00039122;0.000705854;0.00106345
1.21158e-08;1.08014e-06;0.999958;1.4522e-08;6.11039e-09;5.66642e-08;2.84594e-05;2.59546e-08;3.50929e-08;1.15136e-05;2.9069e-08;4.97161e-07;2.14158e-11;4.44662e-09
6.54337e-10;3.15368e-07;0.999997;2.39309e-09;1.35647e-10;9.32261e-10;1.36617e-07;8.23624e-07;9.85945e-10;4.86385e-09;1.78643e-09;1.66847e-06;2.06042e-10;4.69369e-10
7.27809e-06;0.00403696;1.90358e-06;4.81996e-05;0.000907194;0.000166206;4.86371e-05;0.871217;0.000181669;1.06884e-06;9.59109e-05;0.117091;0.00599692;0.000199715
1.21572e-06;0.700931;3.68934e-06;4.80585e-05;0.00353042;0.000255488;1.55394e-05;0.00787654;1.83989e-08;7.7153e-06;1.20419e-05;0.00362667;0.280712;0.00297983
5.37844e-06;0.185579;6.63838e-06;2.28663e-05;8.30838e-05;6.37064e-05;3.1101e-05;0.000156843;7.30101e-09;6.96553e-07;1.56145e-06;0.419305;0.350636;0.044108
1.84946e-07;0.0135956;3.24506e-08;1.31777e-06;0.00290885;1.35657e-06;2.48109e-08;0.982094;2.6842e-07;2.40781e-08;1.4034e-07;2.01675e-05;0.00136929;8.82554e-06
4.93071e-06;0.000636496;0.997006;0.000556585;0.000221411;0.000105717;3.15618e-07;4.74344e-07;1.30675e-07;1.17454e-05;4.77398e-06;0.000242739;0.000176817;0.00103171
0.000696079;0.123637;7.76491e-05;9.61484e-07;5.21684e-06;7.82513e-08;8.60018e-07;0.870201;6.08343e-05;4.84417e-08;0.000162619;0.00469324;0.000464315;7.44455e-08
6.53377e-08;0.000122022;5.00661e-05;5.84565e-07;6.1995e-06;2.66013e-06;8.16609e-10;7.33861e-05;7.70556e-08;2.3669e-08;9.23984e-08;0.997322;0.00236653;5.58482e-05
6.39053e-05;0.933755;4.99833e-06;3.12349e-05;0.00637659;0.000702355;5.85525e-06;0.0244639;7.99066e-05;2.07405e-05;0.000103592;0.00301451;0.0267097;0.00466788
0.000290731;0.974221;6.06882e-07;9.79489e-06;0.000204948;1.00052e-05;6.75077e-06;0.00212263;0.000524413;3.48993e-05;9.27921e-05;0.0213336;0.000592097;0.00055584
0.000123009;0.000224702;9.67045e-06;7.36333e-06;0.966867;0.00867444;4.14348e-06;0.00921408;0.000127164;0.00012162;4.93716e-06;0.000161273;0.000149333;0.0143114
0.000474628;0.987774;2.51996e-07;2.86426e-05;6.96488e-05;1.08434e-06;5.13324e-05;0.00346355;0.00171093;1.31268e-05;0.000366607;0.000567854;0.00547307;4.74332e-06
0.000108896;0.995302;1.63969e-08;8.20685e-06;1.78686e-05;4.67291e-07;1.00693e-05;0.000389484;4.19304e-05;2.65593e-06;2.03396e-06;0.000286202;2.09547e-05;0.0038094
3.5516e-06;0.999524;4.77736e-08;1.38288e-07;6.16067e-09;2.23335e-08;5.27533e-05;5.91625e-08;7.89234e-08;9.27466e-07;1.5368e-07;0.000227803;0.000161376;2.94986e-05
5.59389e-07;0.000843685;2.62962e-05;1.02939e-06;3.85038e-05;1.35979e-06;5.8145e-07;0.000234161;4.81262e-07;6.80949e-08;1.98313e-06;0.998382;5.32071e-07;0.000468947
7.909e-09;0.999851;1.55231e-10;9.70395e-10;2.47474e-09;2.85085e-09;0.000122854;1.0325e-05;5.91064e-10;7.45649e-07;3.03414e-10;4.70204e-11;5.81067e-06;9.24882e-06
2.62936e-12;3.52405e-11;0.999998;3.81259e-11;9.20001e-10;1.05687e-09;1.49279e-11;2.46542e-11;1.43049e-13;3.87178e-11;5.37783e-13;1.76594e-06;7.37884e-13;5.8658e-09
1.10051e-05;0.177968;2.23559e-07;2.41273e-06;6.39305e-06;1.7812e-05;1.57018e-05;0.0480251;1.63747e-05;5.13393e-06;1.26718e-05;8.51534e-07;0.773875;4.31333e-05
2.29029e-10;6.41914e-10;1;7.70598e-10;5.91561e-11;5.15595e-10;6.99871e-10;1.24437e-09;8.30409e-11;1.70924e-10;6.45026e-10;3.41276e-08;3.0691e-10;6.5468e-12
1.80093e-06;0.00133234;0.993448;1.36096e-05;8.39348e-07;1.22854e-06;2.14283e-06;0.000423457;1.15417e-06;3.50571e-07;2.20717e-06;0.00474566;2.24815e-05;4.17973e-06
2.22548e-06;0.0108814;1.75923e-05;1.38007e-06;0.0073522;0.00157048;3.56955e-07;0.000229339;4.7468e-08;1.34467e-05;7.45543e-08;2.27412e-06;2.40934e-05;0.979905
1.73165e-07;0.000864587;0.000201485;5.30753e-06;0.000587266;0.000305626;3.23482e-09;1.58187e-05;1.49008e-09;1.81216e-07;2.38996e-07;0.996561;0.00118562;0.000272973
1.21157e-05;0.996658;3.49309e-07;4.14194e-07;1.44564e-06;1.18984e-05;0.000608459;0.000377731;9.75749e-07;1.7282e-05;7.6193e-06;6.15886e-08;0.00219442;0.000109221
1.67238e-09;6.82859e-10;1;9.62959e-10;2.18154e-08;3.7134e-08;3.29676e-10;1.49016e-07;4.87191e-11;8.05723e-11;5.57894e-10;3.20409e-07;1.67819e-09;6.58004e-11
8.5119e-07;0.00597355;1.50892e-06;4.3905e-06;2.23724e-06;3.84813e-05;1.73078e-06;0.0010822;4.21644e-06;3.38001e-07;5.28874e-05;0.000237553;0.992586;1.42653e-05
4.41248e-06;0.0712443;4.53143e-08;1.03866e-05;0.000227492;0.000195276;2.04524e-06;0.213098;2.88374e-06;4.15353e-07;1.23708e-05;0.0189951;0.696164;4.34614e-05
1.58098e-05;0.0830767;1.49785e-06;0.000251865;0.0142513;0.000119491;6.65648e-06;0.0111069;7.15347e-08;7.54218e-05;4.85078e-05;0.830898;0.0485091;0.0116383
0.000178638;0.517775;2.7777e-05;0.00126585;0.0423645;0.000527873;2.79447e-05;0.167677;1.19842e-05;2.57914e-05;0.000790513;0.150418;0.106914;0.0119946
4.47133e-05;0.983741;3.84403e-06;0.000867734;0.000356249;0.000109287;4.57382e-05;0.0034461;0.000117299;6.24966e-05;0.000459014;0.00651689;0.00296056;0.00126949
0.000153256;0.000927449;1.48421e-06;5.73318e-05;0.888879;0.0375168;1.03136e-05;0.0347838;0.000117135;4.13036e-05;0.000116712;0.000294615;0.00222994;0.0348711
0.000405185;0.00335433;4.77172e-07;4.24792e-06;9.52558e-05;3.01582e-06;8.93142e-07;0.977561;0.000128478;6.5055e-07;3.6503e-05;0.000318183;0.0180913;6.78322e-07
5.24552e-05;0.985691;4.88629e-08;2.12095e-05;4.08352e-05;7.33328e-07;6.51721e-07;0.00236967;1.95624e-05;1.14563e-06;4.80793e-07;0.000827592;0.000139903;0.010835
9.47994e-06;0.64958;8.00439e-07;5.6277e-05;1.32389e-06;2.65457e-07;1.17201e-06;0.00513826;7.3145e-05;5.92191e-06;6.49224e-05;0.34481;0.000227624;3.13974e-05
0.0005964;0.243057;1.59493e-05;0.000427079;0.016676;0.0117827;0.000257283;0.468002;0.0130058;0.000224515;0.043018;0.0840022;0.0956803;0.0232542
0.000746875;0.709783;6.25471e-06;0.000815343;0.000738258;0.000124572;0.000112832;0.0343543;0.000921631;0.000155201;0.00142619;0.0940334;0.15506;0.00172271
0.000399135;0.0283966;2.46221e-09;1.34865e-06;0.000674537;5.54497e-09;7.69662e-06;0.969285;0.000191255;3.98699e-07;8.54437e-06;5.42441e-06;0.00101407;1.64489e-05
0.000229595;0.31653;0.649256;0.000188504;0.00119019;0.00020162;0.000762867;0.0146972;0.000116431;0.00256015;4.5229e-05;1.90773e-05;0.000469716;0.0137338
5.68754e-09;9.13994e-11;1;2.68617e-10;4.48991e-09;8.67081e-11;2.08794e-09;9.12177e-09;1.49112e-08;9.10879e-11;2.11532e-08;1.02265e-07;3.80611e-12;4.45876e-12
2.44069e-05;0.00286539;0.978881;9.72137e-07;5.15885e-06;2.65485e-06;8.20717e-06;0.000413601;2.03365e-05;9.96717e-07;2.27799e-06;0.0177101;3.27836e-05;3.24253e-05
3.22725e-05;0.00232519;3.14528e-06;2.41266e-06;0.892152;0.0427434;1.91994e-07;0.00105977;0.000212001;4.77305e-07;2.87675e-05;0.00149002;0.000289161;0.059661
0.000875144;0.0341881;7.44549e-06;8.39525e-07;0.00575116;0.000295125;7.84735e-08;0.01144;2.58669e-05;1.08722e-07;6.69018e-08;0.881569;0.0637041;0.00214311
6.48535e-06;0.0348787;1.58653e-08;1.36981e-07;0.000201271;2.89578e-06;6.12802e-09;0.964372;0.000115782;2.27543e-09;3.75657e-08;7.12602e-06;0.000397579;1.85014e-05
7.37366e-07;0.0109687;1.67653e-07;3.38263e-07;9.73427e-05;8.43513e-07;3.98577e-09;0.988906;2.55706e-07;1.79502e-08;1.79989e-08;1.48501e-05;8.86501e-06;1.53696e-06
7.98616e-05;0.026914;9.30163e-07;0.000177901;0.000125066;5.06943e-05;7.46876e-07;0.0134212;0.00131861;7.93402e-06;0.000278316;0.936925;0.0206967;3.36563e-06
0.00238482;0.362517;8.88591e-05;2.15361e-05;2.56528e-05;3.0716e-08;0.000138281;0.00330012;0.000366332;2.4114e-06;4.35072e-05;0.631022;8.30714e-05;6.86249e-06
0.000879338;0.00561283;6.72692e-06;3.56659e-06;0.00043682;7.63865e-08;3.67223e-05;0.98892;0.00257844;1.35074e-07;1.84743e-06;1.72813e-05;0.00149546;1.05651e-05
1.13109e-06;0.000362373;2.00059e-09;8.89907e-08;4.03376e-05;5.84364e-08;3.23507e-07;0.998749;0.000839546;1.12411e-07;1.27771e-07;9.25919e-09;6.47942e-06;4.6587e-08
3.31743e-06;9.03921e-05;0.999634;1.01032e-05;0.00017832;1.48668e-05;2.75447e-10;7.20387e-07;7.25216e-08;6.28658e-07;9.91227e-08;3.20052e-05;2.5709e-07;3.51535e-05
8.66466e-05;0.975587;8.38364e-05;2.78987e-05;2.77938e-05;4.09613e-05;3.50726e-05;0.0137949;0.00895673;1.80899e-06;0.000354686;0.000563624;0.000222772;0.000215776
