5.11738e-06;0.997403;0.00183044;1.28835e-05;2.66997e-06;1.52664e-06;9.49817e-07;0.000211979;7.35506e-09;1.71585e-06;1.39667e-08;6.76983e-05;7.85372e-05;0.000383151
5.44267e-06;0.00274552;1.97067e-09;3.35355e-06;4.92163e-05;3.04905e-06;4.46823e-07;0.00894294;1.65481e-05;3.26119e-07;6.50023e-05;9.61855e-05;0.988068;4.36857e-06
5.588e-06;0.999367;4.60373e-05;4.04702e-05;1.52822e-06;4.20534e-06;1.60324e-05;0.000392421;1.15565e-06;1.36794e-05;6.34296e-07;8.53386e-06;2.8837e-05;7.39457e-05
1.5382e-07;9.25904e-07;0.999809;5.15038e-07;3.87921e-08;7.10382e-09;3.70979e-08;0.000186723;6.02313e-08;7.62743e-09;8.9809e-07;1.45928e-06;1.56476e-07;4.19609e-09
2.4256e-08;1.65282e-05;0.000219522;5.13589e-07;2.22632e-07;5.74581e-08;6.42353e-08;3.29106e-05;4.33626e-09;1.539e-07;1.24487e-07;0.000459353;4.01803e-07;0.99927
3.8579e-07;2.84357e-05;2.89678e-10;2.98999e-07;0.00383575;3.12631e-05;2.46715e-07;0.996033;2.09913e-05;2.26967e-08;2.18305e-05;9.18271e-07;1.09282e-06;2.53912e-05
2.70248e-08;0.000103403;0.999608;2.06983e-06;8.93464e-05;3.99659e-05;1.48494e-08;3.56065e-07;3.07289e-11;1.58359e-07;1.58802e-08;0.000133974;3.34856e-06;1.91071e-05
1.67976e-07;0.999133;1.55311e-08;3.22316e-10;7.69335e-09;7.12215e-09;5.7394e-08;5.06512e-07;1.40434e-10;1.23609e-10;7.21976e-09;2.31363e-06;0.000864293;3.72837e-08
5.07171e-09;0.000696016;1.3102e-07;1.25547e-08;2.55919e-06;1.81798e-06;5.81572e-11;8.72481e-05;1.34984e-09;1.89215e-10;1.7521e-09;0.998799;2.24063e-05;0.000390341
2.04978e-08;0.999675;4.88288e-10;4.8451e-08;9.91526e-07;1.05361e-07;2.98841e-09;2.52367e-05;5.12533e-09;2.90549e-09;4.2758e-09;3.20518e-06;0.00026547;3.01863e-05
7.31319e-08;0.96305;8.61448e-09;6.83487e-08;3.10275e-08;1.69583e-05;3.40066e-09;1.26651e-05;3.80704e-10;1.82987e-08;3.48909e-10;0.0287908;0.00452852;0.00360072
2.79694e-07;0.000679004;2.71036e-09;4.10617e-06;3.84948e-07;6.39382e-05;4.12718e-08;9.27765e-05;5.66485e-07;2.41844e-08;8.71814e-06;0.0041795;0.994965;5.90771e-06
0.000313819;0.0188598;0.0395234;0.000226456;2.3059e-05;0.00010627;3.16704e-06;0.00594723;4.68817e-05;6.4344e-06;0.00038535;0.889539;0.0444917;0.000526839
5.85383e-05;0.0179579;8.02198e-07;1.38289e-06;1.76415e-05;5.42401e-06;1.51667e-06;0.972315;4.74891e-05;9.82268e-07;2.96672e-05;2.71094e-05;0.00950427;3.22153e-05
4.45967e-07;0.00471094;1.47927e-05;1.18132e-06;4.94902e-06;1.83519e-06;5.84765e-08;5.5964e-05;4.82699e-07;1.14776e-07;3.46952e-06;0.995112;7.50859e-05;1.87146e-05
1.27841e-05;0.977154;2.0185e-05;5.12027e-05;0.0009492;9.93631e-06;9.45293e-06;0.0070834;2.84939e-05;4.38104e-06;2.44228e-05;0.00287212;0.0117559;2.4226e-05
2.94783e-05;0.000136549;0.00158424;1.72171e-06;0.000365859;5.31376e-07;7.18343e-08;0.000978003;1.06486e-05;2.80879e-07;3.69528e-07;0.996271;0.00061599;5.15876e-06
0.000234887;0.000596957;4.72826e-06;5.63462e-05;0.000830479;6.44136e-05;0.000193095;0.00256358;0.984692;9.16868e-05;0.0101941;7.42652e-05;0.000387071;1.66387e-05
0.000154507;0.997175;0.001241;6.95744e-06;2.76625e-07;8.58541e-07;3.53166e-05;0.00113885;0.000194081;2.56558e-05;9.70835e-06;3.05555e-06;1.37639e-05;1.23729e-06
1.59619e-06;1.25046e-05;0.999776;1.14607e-07;6.93195e-08;3.20698e-10;3.46821e-07;0.000122274;7.45442e-06;5.16556e-08;2.45449e-06;7.75288e-05;1.85515e-08;2.43492e-10
5.69807e-06;0.00120538;3.69007e-05;1.42901e-07;4.22417e-06;9.43239e-09;4.54101e-08;0.982282;1.12809e-05;3.37766e-08;1.132e-05;0.0164136;2.61845e-05;3.72269e-06
1.80882e-08;0.956232;1.0455e-12;6.84696e-08;4.76966e-07;2.46551e-08;0.000101585;4.71225e-07;1.27191e-07;3.66018e-06;7.41511e-08;3.88486e-09;6.29675e-08;0.0436616
0.000155337;0.00587056;3.30853e-07;4.77106e-05;3.27013e-07;1.85065e-07;0.416899;0.00322152;0.516066;4.44645e-06;0.0563993;6.0816e-07;0.00133482;8.95669e-08
4.89484e-05;0.987014;4.6952e-08;2.75239e-05;6.28393e-06;3.19519e-07;2.69849e-06;0.0122135;0.000415727;1.39212e-06;2.38028e-05;3.94314e-05;0.000164766;4.18556e-05
5.24192e-05;0.266701;8.58184e-08;4.76311e-06;1.326e-05;1.49097e-06;9.57338e-07;0.00314199;0.000187281;2.5018e-06;1.62232e-05;2.36258e-05;0.729847;7.20283e-06
7.57234e-06;0.00470043;1.00166e-05;2.90267e-05;0.000547196;7.64179e-07;4.48629e-07;9.14275e-05;0.000284212;1.24022e-07;0.000227877;0.993844;7.12287e-06;0.000249692
0.000376304;0.916306;1.12727e-08;0.00010034;0.000247527;3.6826e-06;6.18068e-06;0.0432617;0.000528656;6.82074e-06;0.000186398;0.0305256;0.00502808;0.0034233
0.000267902;0.118587;3.11516e-05;6.6671e-05;4.97328e-05;1.31971e-05;1.24665e-06;0.0695686;7.55668e-05;1.30436e-06;8.16475e-05;0.530148;0.281065;4.31255e-05
0.000623153;0.253715;5.06115e-06;0.0827177;0.0586714;0.0105774;0.000417469;0.0631791;0.0857878;0.0136525;0.0717556;0.0796724;0.0686582;0.210568
0.00121618;0.83809;0.127413;0.023212;0.000286842;9.87336e-05;0.000767934;0.000189439;0.000166653;0.000156308;0.00311261;0.00339059;0.00170094;0.00019859
0.00149197;0.761015;3.27321e-06;5.66751e-05;3.58318e-06;1.92191e-06;0.000680166;0.00285037;0.0219037;2.87096e-05;0.0139918;7.67367e-05;0.197888;8.3874e-06
2.94281e-06;0.00692953;5.24674e-06;1.42869e-05;0.000101183;2.49716e-05;2.21669e-07;0.000118479;8.47269e-05;1.00013e-06;1.40602e-05;0.990681;0.00158158;0.000441159
0.000338634;0.203288;6.82871e-08;0.00107099;0.000786353;0.00165222;0.000124952;0.00186583;0.00470574;0.000232027;0.00344381;0.0058427;0.775939;0.000709743
0.000150044;0.0976584;0.863853;7.37292e-05;2.89494e-05;4.61081e-06;3.18605e-06;0.00074588;3.03665e-06;6.81325e-06;1.48515e-05;0.0354368;0.0018331;0.000187329
0.00259282;0.0341083;4.29313e-05;0.00781074;0.0865498;0.287472;0.0010579;0.0231606;0.0542388;0.000661259;0.19751;0.0956783;0.0966475;0.112468
0.00109964;0.518266;1.10155e-05;7.86568e-05;4.14597e-06;8.25998e-07;2.00702e-05;0.00559993;0.00133414;1.8709e-06;0.0088596;0.0767452;0.387979;7.24613e-08
0.000102706;0.968457;1.74767e-06;3.46058e-05;2.67365e-05;2.33405e-06;8.91087e-05;0.00711231;5.76267e-05;9.14457e-05;7.75875e-06;0.00935351;0.014351;0.00031159
0.000467638;0.0187795;4.36259e-06;0.000614591;0.000111419;0.000223798;0.00203944;0.00140992;0.0164841;0.000314927;0.0063282;0.947335;0.00399948;0.00188796
0.000520856;0.987636;1.45704e-05;3.84535e-05;6.63537e-06;7.8739e-07;0.000319926;0.000590576;0.000127748;4.77534e-06;0.000191183;0.00423876;0.00608942;0.00022011
6.83533e-05;0.0306821;4.36001e-06;4.73792e-06;0.000710631;0.000120701;8.56793e-06;0.000682517;1.5661e-05;8.24917e-06;2.18557e-06;0.000165262;0.00248635;0.96504
3.11204e-05;0.275024;0.000170183;3.11901e-05;3.09934e-06;0.000575184;3.88874e-06;9.5844e-05;9.30268e-06;6.56054e-06;4.28752e-06;0.713102;0.00531153;0.00563202
1.45625e-06;0.983457;2.3834e-08;9.49741e-07;1.40712e-08;1.25011e-05;0.00734724;0.000368497;8.2122e-06;0.000141153;2.24895e-06;7.91835e-09;0.00388007;0.00478104
2.54664e-11;6.7521e-11;1;5.32832e-11;2.98843e-11;8.84937e-10;1.06888e-08;1.04314e-10;1.06829e-10;4.88128e-09;3.29349e-10;8.59795e-11;2.46347e-13;1.49614e-12
1.45998e-08;4.9072e-08;0.999999;2.13076e-09;7.47346e-10;8.0558e-10;1.9829e-09;7.15833e-07;4.37785e-08;1.47263e-10;1.73509e-08;3.00151e-08;2.37706e-08;4.94458e-13
1.30329e-07;0.000392277;0.00434222;1.45873e-07;9.85021e-08;7.96648e-08;1.45417e-09;5.877e-06;1.60906e-07;1.07945e-08;6.34854e-07;0.995187;4.74451e-07;7.14394e-05
6.02901e-08;2.38283e-06;0.997266;1.56858e-08;0.00118389;5.60037e-06;3.65391e-09;3.0643e-05;1.22563e-10;8.14628e-09;4.18034e-09;1.35017e-06;1.9458e-07;0.0015098
9.7122e-08;0.97868;8.78541e-07;1.76993e-06;0.00013391;7.10164e-06;5.02091e-05;8.50032e-06;7.01328e-10;4.90628e-05;3.68997e-08;3.57161e-07;5.42789e-06;0.0210625
1.54937e-10;1.81589e-10;1;2.1983e-11;4.39205e-09;1.72229e-11;9.85122e-11;1.41682e-08;1.70805e-11;7.08379e-13;2.43629e-11;6.55948e-08;1.82837e-12;2.70508e-12
0.000115457;0.0622063;8.24965e-07;3.82278e-05;0.000206012;2.40847e-05;1.37203e-05;0.933517;0.000925155;8.99054e-08;4.11125e-05;5.22027e-05;0.00282416;3.5294e-05
7.38936e-08;0.00239327;2.56235e-10;2.18715e-07;5.5945e-06;7.00367e-09;3.3667e-11;0.997584;1.14475e-07;6.42621e-09;1.71158e-09;1.39546e-05;1.20467e-06;1.3565e-06
3.19875e-07;0.998025;4.59903e-10;8.1028e-06;5.57295e-09;2.66869e-07;3.73698e-06;5.42106e-05;2.96181e-06;6.79466e-06;2.98028e-07;7.49215e-05;0.00181549;8.20666e-06
6.25528e-06;8.60182e-06;2.26716e-06;3.05093e-05;2.69745e-06;1.73896e-07;7.94032e-09;8.2853e-06;8.8244e-07;3.90259e-08;1.95151e-06;0.99984;9.79293e-05;5.74799e-07
0.000284968;0.000504794;3.93602e-10;5.43111e-05;1.52674e-06;3.61082e-09;0.000255;0.0012344;0.977356;1.23416e-06;0.0202621;2.26055e-05;2.15634e-05;1.16428e-06
0.000159886;0.998569;1.03119e-05;0.000108333;1.42811e-05;1.31124e-06;1.14626e-05;2.16085e-06;1.32949e-05;1.39872e-05;3.12001e-05;7.94929e-06;0.000454694;0.000601708
0.000118993;0.0666657;3.02557e-06;1.46157e-06;7.68581e-06;1.00619e-08;4.90511e-07;8.36484e-05;1.57068e-05;1.35976e-08;1.15038e-05;0.932881;0.000112726;9.82702e-05
1.44768e-05;0.92272;6.57037e-08;7.59914e-07;0.00012119;1.79778e-06;1.35565e-07;0.0612527;3.64368e-07;1.96127e-07;4.03262e-08;4.09653e-05;0.0130847;0.00276274
5.26712e-06;0.00247117;7.32917e-08;3.09234e-07;1.06907e-06;3.1318e-05;3.23351e-08;0.000999161;1.17941e-06;2.58122e-07;6.14265e-07;3.13362e-05;0.996448;1.00476e-05
2.83489e-07;3.51742e-05;0.999959;6.55552e-07;1.9583e-08;2.43322e-08;1.39387e-08;2.08731e-07;3.71743e-09;4.44975e-08;1.12622e-08;4.16372e-06;6.63863e-08;4.19424e-07
6.11131e-06;0.966491;4.90989e-05;0.000245544;6.16168e-05;0.000105295;4.85753e-05;0.0214812;0.000524657;1.04015e-05;0.0046116;0.00043315;0.00520344;0.000727975
