2.27075e-05;0.991667;2.53913e-08;9.26079e-07;1.58512e-06;1.16657e-07;7.54076e-06;0.00723683;8.77179e-06;6.09617e-07;1.52739e-06;1.56468e-05;0.000974876;6.17383e-05
0.000280525;0.307455;3.1126e-06;1.77954e-05;0.0198548;1.29149e-05;1.10966e-05;0.482477;9.84778e-05;1.17312e-06;5.92253e-06;0.150336;0.0316422;0.00780408
0.000155721;0.196413;5.61351e-06;0.000206634;0.108406;0.000384605;3.72048e-05;0.0383313;2.53783e-06;2.81414e-05;9.88915e-05;0.253073;0.318784;0.0840742
0.000441974;0.191248;4.77475e-06;0.00448621;0.0115409;0.000229006;0.000313129;0.0612985;0.00297771;7.1589e-05;0.014171;0.627688;0.0777949;0.00773477
1.29022e-05;1.47649e-05;7.009e-10;8.18268e-09;3.07781e-06;8.05289e-09;3.27846e-08;0.999953;1.51921e-06;4.22243e-09;2.63849e-07;2.18059e-07;1.40057e-05;3.11818e-08
0.00014555;0.00139359;0.00144558;9.98052e-05;0.0512095;0.00228226;1.85564e-06;0.00210109;5.13411e-05;5.39501e-06;5.21145e-05;0.400217;2.88969e-05;0.540966
0.00015897;0.90112;0.000352828;0.000805701;0.000254432;0.000157672;1.35771e-05;0.0117217;0.00635758;6.00916e-06;0.000863657;0.0111802;0.0309366;0.0360713
9.932e-05;0.805005;0.000106088;7.34905e-05;0.00100913;3.5587e-06;1.47958e-06;0.00530038;7.67937e-05;9.84799e-06;8.00545e-05;0.180593;0.0016599;0.00598238
3.94395e-05;0.141698;0.0114302;3.89969e-06;2.57937e-05;1.95504e-08;2.14591e-06;0.000322361;8.6702e-06;3.76448e-07;3.98408e-05;0.845493;7.53015e-05;0.000860003
2.78923e-05;0.665224;2.15353e-06;1.56265e-06;9.59939e-05;1.67647e-05;0.000173704;0.115957;2.33267e-05;2.52724e-05;7.99265e-05;6.31741e-05;0.21798;0.000329155
1.12078e-07;1.69423e-07;0.999958;3.56971e-08;2.29106e-08;7.43767e-09;6.23079e-08;3.48624e-06;2.01904e-07;7.62331e-09;2.25834e-07;3.72921e-05;1.51599e-08;7.49938e-10
4.93533e-05;0.00138472;0.971921;4.8519e-05;1.87384e-05;3.55507e-06;0.00012091;0.00116901;0.000140646;1.60614e-05;3.82779e-05;0.0245973;8.59266e-06;0.000483162
0.000884405;0.00730089;9.12851e-07;0.000108475;0.0430158;0.00807045;0.000264804;0.656833;0.00265206;1.13275e-05;0.000173599;0.00411047;0.187582;0.0889913
4.84221e-06;0.0037255;0.00686117;3.54561e-06;0.00199687;3.35002e-06;6.37877e-09;0.000218301;1.6791e-09;9.09057e-08;1.49222e-07;0.956229;0.0309118;4.55292e-05
2.1235e-07;0.99759;1.2231e-09;4.26199e-07;2.88225e-06;7.79546e-08;0.00048788;3.90066e-05;4.03653e-08;7.36414e-05;2.33814e-08;1.18614e-08;4.82007e-05;0.00175741
1.32751e-10;6.54171e-09;1;1.66917e-09;9.743e-10;2.23405e-09;4.57083e-09;5.40072e-09;8.34237e-11;4.373e-10;9.61115e-11;1.35505e-08;3.98655e-09;4.52967e-11
