2.58056e-05;0.993309;1.77182e-07;6.01703e-06;3.46327e-05;7.53544e-06;1.33019e-05;0.000726566;1.9929e-05;1.36979e-07;4.97715e-06;0.00040511;0.00540549;4.12445e-05
2.61067e-05;0.00238997;4.58229e-09;8.98362e-05;0.00403543;5.68057e-05;2.20606e-07;0.985415;6.37806e-05;6.73403e-06;3.76875e-05;0.00761438;3.94837e-05;0.000224741
4.05766e-05;0.959655;6.49743e-08;2.56984e-07;2.58926e-06;1.64506e-07;3.31952e-06;0.0137622;7.41765e-07;6.03334e-08;6.27038e-06;0.000103128;0.026425;1.04929e-06
3.50431e-06;0.66608;2.34894e-06;7.19744e-06;6.45709e-05;7.60883e-06;1.97974e-08;0.00329673;4.8688e-07;8.01359e-08;1.58389e-07;0.218549;0.0175797;0.0944085
5.07425e-06;0.00642251;2.53586e-05;8.70399e-05;0.000902457;0.000118916;2.77412e-06;0.00869968;6.11994e-07;1.26474e-05;8.46211e-06;0.967465;0.0146573;0.00159181
3.14011e-06;0.00343343;1.81174e-08;0.000938607;5.41013e-05;0.0237195;6.14033e-07;0.00168598;5.1942e-05;1.53078e-05;0.000189162;0.00046917;0.965729;0.00371006
1.49075e-05;0.000330113;0.99251;1.26108e-05;3.86764e-05;0.000132282;9.79426e-08;0.000176568;4.85967e-09;6.02097e-07;8.02071e-08;0.00153627;3.14592e-05;0.00521667
1.65283e-05;0.000991946;4.04727e-07;1.73974e-06;4.02566e-06;2.33569e-05;6.38128e-07;0.000273036;7.68642e-06;4.42487e-08;0.000134653;0.000156045;0.998387;3.25505e-06
2.35088e-05;0.99658;4.00546e-07;5.83283e-06;3.47057e-08;9.66158e-08;2.68604e-06;0.000343056;1.50878e-05;8.76075e-08;9.53513e-05;0.000443531;0.0024879;2.10467e-06
5.13599e-07;0.997317;3.77117e-11;4.15356e-05;0.000156288;1.73597e-07;5.7774e-07;0.00142295;1.40183e-06;1.6134e-05;7.64871e-06;0.000608095;5.05819e-07;0.0004274
4.29901e-05;0.0134964;0.00227336;0.00720176;0.00308199;0.0194217;2.23246e-05;0.000117782;1.75273e-05;0.000787672;0.00226229;0.943181;0.000472872;0.00762065
6.49304e-05;0.955241;2.35717e-10;7.03462e-05;1.55141e-06;9.86577e-06;0.000291709;0.000308364;0.000124267;3.57771e-06;0.0282048;0.000331267;0.0153334;1.50212e-05
0.000188556;0.000424969;1.87873e-06;1.38378e-06;6.62325e-05;1.73581e-06;1.22605e-07;0.923582;2.54312e-06;2.99627e-07;9.24145e-06;0.0746404;0.00104164;3.85172e-05
6.96977e-06;0.899505;0.000185988;0.000129194;3.70612e-05;0.000448812;0.00110553;0.090795;5.54375e-05;0.000468294;3.85514e-05;2.92304e-05;0.00376808;0.00342701
5.68434e-11;6.71088e-11;1;9.03886e-10;4.02017e-11;6.33075e-11;1.05292e-10;1.52697e-09;2.32127e-11;5.66306e-11;1.50207e-09;3.99419e-08;4.39946e-12;6.04483e-13
1.46186e-05;0.0100822;0.00187067;2.0616e-05;6.18948e-05;2.60286e-05;6.34563e-08;0.0121759;1.34112e-05;9.27641e-07;3.71614e-05;0.972581;0.000122497;0.00299329
1.41952e-07;4.10546e-07;0.999806;4.72726e-09;9.07387e-05;9.78194e-07;1.94628e-08;6.32498e-07;2.03571e-09;8.6679e-09;1.30125e-07;2.93914e-06;2.49864e-07;9.7569e-05
1.53807e-06;0.999611;4.19606e-08;1.458e-07;0.000214319;2.0545e-06;1.35041e-05;6.13407e-05;5.33402e-08;9.17488e-06;3.00019e-08;2.92001e-08;4.19584e-06;8.21007e-05
2.00428e-09;1.26795e-09;0.999998;1.11382e-11;5.31045e-08;2.50315e-12;2.21265e-10;4.06849e-07;8.8428e-11;6.29076e-12;4.2238e-12;1.25802e-06;2.87521e-12;1.49422e-11
1.7272e-06;0.000159432;1.78885e-09;6.44554e-07;4.39421e-05;1.67618e-06;1.1939e-07;0.999114;0.000586322;6.56868e-08;1.17931e-06;1.24844e-06;8.84454e-05;8.3813e-07
5.80857e-07;0.998577;3.98144e-06;3.78023e-07;6.39746e-07;3.37975e-07;1.49467e-07;0.00139672;4.89159e-09;6.0421e-07;4.64858e-10;1.50541e-07;1.25307e-05;6.9203e-06
2.8172e-08;2.21806e-07;0.999984;1.80464e-08;1.48836e-08;5.82793e-10;1.33251e-08;1.50255e-05;2.67194e-08;1.86376e-09;8.92528e-09;1.00378e-06;1.64271e-08;3.00001e-10
8.20468e-07;6.33015e-05;0.730158;5.33332e-06;1.6126e-05;1.65678e-06;1.58159e-06;2.46435e-05;1.00339e-06;1.27286e-06;6.47628e-07;0.124929;3.66058e-07;0.144797
5.7611e-06;0.000106459;9.61284e-10;4.562e-07;0.0248799;0.000568213;1.79796e-07;0.970925;2.69025e-05;2.04736e-08;1.33369e-06;3.1205e-06;0.000148803;0.0033337
1.20897e-06;0.00296493;0.000112497;4.21383e-07;0.00284825;2.89371e-06;2.52516e-10;0.000661216;1.62575e-10;4.66818e-09;3.54384e-09;0.991167;0.00203834;0.000203316
4.6741e-07;0.158601;2.48803e-07;6.21527e-07;0.000739204;0.00016597;6.04017e-08;0.803446;3.06846e-08;4.16357e-07;4.5545e-09;1.48159e-07;0.0367946;0.000250392
9.74573e-13;1.35548e-12;1;1.11693e-11;1.08093e-12;4.51151e-13;1.00796e-13;3.96256e-11;1.48551e-14;3.83383e-14;7.63339e-14;5.1762e-09;2.32782e-12;1.68997e-15
5.03935e-08;1.81899e-06;0.000155151;8.68254e-06;2.19022e-07;4.43014e-08;5.45019e-09;3.70009e-06;1.96113e-06;1.34062e-08;1.61005e-06;0.999599;3.86584e-07;0.000226905
8.80795e-06;0.991524;9.41495e-08;2.14395e-06;2.08338e-06;3.08992e-06;3.51386e-06;0.00322301;2.7811e-07;1.1957e-07;2.54787e-06;5.85474e-08;0.0049428;0.000287421
1.21356e-07;8.39387e-06;4.55436e-10;3.76408e-08;0.00140882;2.44465e-06;2.43465e-09;0.998521;8.90153e-10;1.02414e-07;2.01762e-09;5.73896e-06;7.90592e-06;4.557e-05
1.29252e-09;3.88567e-06;0.999996;3.13869e-08;5.28898e-08;4.76998e-07;7.12422e-11;5.80252e-09;3.80172e-11;1.01329e-09;3.6469e-11;9.33064e-10;2.80099e-08;1.39109e-08
0.000917352;0.0772613;0.00385804;8.83574e-05;0.000387773;0.00123585;9.24932e-06;0.764285;0.000562971;4.43382e-05;0.00010174;0.00266129;0.148454;0.000133118
