3.37824e-05;0.990877;0.00141189;5.7346e-05;2.75997e-05;1.26684e-05;4.34905e-06;0.000494026;6.68963e-07;5.07322e-06;3.40482e-06;0.00440597;0.00256947;9.65237e-05
3.1402e-07;0.979981;3.8721e-09;2.56204e-06;1.28636e-05;3.26279e-07;3.52734e-07;0.0162673;1.02797e-05;6.84317e-08;6.11511e-05;7.12878e-05;0.00358921;2.89496e-06
3.45336e-06;0.00432532;8.39956e-06;1.09184e-06;0.856894;5.4382e-06;1.11925e-08;0.127968;1.74153e-07;1.26545e-07;4.0516e-06;0.00846128;1.07374e-05;0.00231797
0.000792366;0.11266;1.79971e-06;2.76496e-05;0.0123173;0.00370517;9.99039e-06;0.102878;0.000146442;1.67717e-05;0.000132795;0.0324803;0.73079;0.00404184
0.000481056;0.00424652;5.50689e-08;7.80091e-07;1.53593e-05;1.29078e-06;2.67626e-07;0.101151;0.000145111;4.2686e-08;6.32495e-05;0.00027371;0.89362;8.67411e-07
0.00015846;0.016369;2.45342e-06;1.62825e-06;1.41359e-05;8.4011e-06;1.17794e-07;0.00818198;4.64547e-05;1.37026e-06;2.7403e-06;0.963929;0.0108374;0.000446672
1.59432e-06;0.98839;5.56189e-07;4.56872e-08;2.85668e-07;1.03511e-07;1.26213e-07;0.000112065;3.70403e-08;5.30359e-08;1.18735e-08;0.0114374;5.73728e-05;9.16508e-08
1.66068e-05;0.436253;0.000775489;0.000597515;0.00067601;0.0233402;0.00757549;0.0375903;2.863e-05;0.00332554;8.00156e-05;0.000342748;0.00276495;0.486634
9.26605e-09;1.88175e-08;0.999996;3.67479e-07;6.88119e-10;3.43538e-08;7.6662e-07;3.17801e-07;4.71179e-08;6.71028e-09;1.11817e-06;9.34546e-07;1.08057e-08;1.29976e-10
3.06786e-05;0.0680444;0.000926226;1.57035e-05;2.33023e-06;2.49201e-06;8.37633e-07;0.0992079;7.93459e-05;5.39424e-07;0.000500166;0.822467;0.00718133;0.00154074
4.52227e-08;0.962162;3.27437e-07;2.73037e-09;7.50018e-08;8.04548e-07;1.65314e-05;1.02526e-07;6.96302e-11;4.13618e-06;5.05027e-10;7.06381e-09;1.00841e-05;0.0378057
5.69497e-12;2.31489e-11;0.999992;6.50332e-12;7.22983e-09;4.90103e-10;1.33802e-10;5.40744e-10;1.33716e-12;1.88604e-12;8.87663e-12;7.47259e-06;1.63707e-14;6.57106e-10
2.2947e-06;0.0813052;1.07163e-06;6.36841e-06;3.55805e-05;0.000227949;4.1841e-05;0.776882;7.45538e-05;1.09543e-07;7.03563e-05;1.69481e-07;0.141349;4.01653e-06
1.55541e-06;0.543118;1.08449e-06;5.80484e-06;1.69888e-05;7.98379e-06;7.38647e-09;0.339251;2.18917e-08;8.06211e-08;4.21357e-08;0.000311406;0.117108;0.000178775
6.73386e-08;0.000561843;3.33511e-07;1.90154e-06;0.000567317;2.02858e-05;5.71759e-11;0.00699985;1.73506e-09;2.19638e-08;2.55325e-07;0.967238;0.00775385;0.0168563
1.01179e-07;0.837719;5.72635e-09;8.79723e-07;1.2476e-08;1.15038e-08;3.70819e-06;1.02316e-07;3.66428e-09;1.9629e-06;2.67387e-07;3.53644e-07;4.55789e-06;0.162269
4.87193e-05;0.0277975;2.41719e-06;2.75396e-05;1.24403e-06;9.72453e-07;0.650772;0.000426657;0.00675103;9.76832e-06;0.309481;7.68709e-07;0.00467666;3.17722e-06
1.27632e-05;0.983839;2.94449e-09;1.99912e-06;0.000270365;1.68815e-06;0.000172331;0.0154827;4.9737e-05;1.49428e-05;2.236e-05;3.74659e-07;4.50004e-05;8.65689e-05
7.95023e-05;0.0508806;0.00204019;2.16252e-05;0.00337709;6.0865e-05;5.84049e-08;0.000160996;1.68675e-07;6.53671e-06;6.85969e-07;0.937954;0.000152338;0.00526535
1.76968e-05;0.938611;7.44095e-06;2.78037e-06;0.000546211;0.000136143;6.66234e-06;0.0205916;2.55167e-05;2.27414e-07;5.72943e-05;0.0253205;0.000945526;0.0137314
1.28529e-06;0.000438948;1.40015e-09;5.41747e-08;5.02613e-06;2.85567e-07;1.3641e-09;0.0050828;5.21718e-07;4.93324e-09;6.67557e-07;8.13792e-06;0.994462;7.12678e-07
1.50845e-05;0.00892941;1.03497e-06;1.58379e-06;1.29936e-05;8.91987e-06;1.69636e-09;0.00491192;1.05402e-05;1.02418e-07;6.45692e-07;0.985107;0.000945921;5.45346e-05
9.77972e-06;0.0737282;1.48785e-09;5.88522e-06;0.000130818;0.000145559;1.64048e-06;0.0149747;2.35416e-06;3.6717e-06;1.7258e-05;2.29603e-05;0.910889;6.84114e-05
0.000248099;0.00304294;0.0302148;0.223191;0.0319887;0.47868;0.000286491;0.00216853;8.55953e-05;0.00237047;0.0117589;0.162447;0.0213813;0.0321361
0.000584711;0.301848;2.77525e-07;8.88141e-05;0.000185827;9.68571e-05;1.24726e-06;0.0139498;5.89196e-05;1.06857e-06;0.0058277;0.00053347;0.676109;0.000714702
0.000553935;0.737609;1.68762e-05;0.00642158;0.00119763;0.000245702;0.000108037;0.00299874;0.00245469;0.000422908;0.00916798;0.0229635;0.0028067;0.213032
0.000847275;0.000534705;1.17301e-06;0.000846862;0.00741822;0.000602309;8.45316e-06;0.0374203;0.838062;2.0148e-05;0.110733;0.000342052;0.0030068;0.00015689
0.0129918;0.155893;9.86893e-07;6.05867e-05;0.000106779;1.26332e-05;1.78395e-05;0.0533132;0.0251503;3.43135e-05;0.00304892;0.000790677;0.748462;0.000117705
3.68254e-05;0.00194847;3.68351e-05;2.37879e-05;1.32481e-06;4.53101e-08;1.14039e-06;2.19194e-05;0.000879318;6.54827e-07;0.000103087;0.996896;4.33742e-05;7.14922e-06
0.000108529;0.98981;5.35251e-08;0.00015717;4.94048e-05;9.33203e-07;1.50872e-05;0.000314117;5.99978e-05;1.67396e-05;1.75577e-05;0.0071434;0.000765826;0.00154161
0.00338802;0.169197;0.104774;0.00029076;0.00102211;0.000137179;0.000272816;0.662351;0.00641152;0.000203517;0.00350903;0.00248816;0.0444991;0.00145589
0.00104383;0.0139166;3.46303e-05;0.0190813;0.0198014;0.0159097;0.0029036;0.004705;0.741384;0.0141808;0.137644;0.00598043;0.0092104;0.0142042
