1.43989e-05;0.993891;3.21867e-08;5.82538e-06;3.78237e-06;6.59737e-07;2.85989e-06;0.00371158;1.71585e-05;5.01105e-07;8.25166e-06;3.51598e-05;0.00225374;5.46287e-05
5.7786e-05;0.931321;4.13105e-07;9.3282e-07;6.67966e-06;3.47747e-06;5.89533e-07;0.0356319;2.72338e-06;2.0063e-06;1.82694e-06;0.000235429;0.0324842;0.000250677
4.71496e-05;0.0141026;0.00096068;7.27606e-05;0.00666406;0.000594605;0.000527126;0.969851;0.000511434;0.00146463;0.000448469;0.00200271;0.000486763;0.00226654
1.97189e-09;1.7924e-07;1;9.32361e-10;6.50302e-11;1.34693e-12;4.39492e-08;1.38489e-07;1.59868e-09;1.05889e-09;3.09111e-09;8.78269e-09;3.23211e-10;1.39731e-12
1.60962e-05;0.000238348;0.000236274;1.26459e-06;5.25148e-05;1.14799e-07;7.60268e-07;0.00105585;0.000179846;1.08756e-07;5.13811e-05;0.997975;2.19673e-05;0.000171022
5.22651e-05;0.97487;1.94339e-07;8.23406e-07;3.37132e-05;3.9492e-06;7.46383e-06;0.000879772;1.65666e-05;4.42574e-07;2.35367e-06;0.0047616;0.0176861;0.00168442
7.7562e-05;0.97901;8.75951e-06;4.78473e-06;4.35012e-05;7.65994e-07;0.011167;0.0041802;0.000294536;0.00366101;2.86168e-05;0.000954272;0.000259443;0.000309159
2.74617e-06;3.12964e-07;0.999938;1.30666e-06;4.33547e-07;2.63986e-06;1.77318e-05;1.21762e-05;1.6185e-05;3.36829e-07;4.61875e-06;5.62927e-07;2.73866e-06;2.6187e-09
0.000386868;0.960239;0.000104664;1.34432e-05;9.88603e-05;2.83283e-07;1.70092e-06;0.0388849;3.07677e-06;1.30082e-06;9.61766e-07;1.71222e-05;0.00024686;8.28833e-07
6.14754e-07;0.999268;2.08352e-10;2.5287e-08;2.68007e-08;1.55605e-09;9.00449e-05;6.38771e-06;1.77717e-07;3.64593e-06;6.81419e-09;1.26009e-08;1.6879e-06;0.000629398
1.39437e-09;2.81045e-10;0.999985;1.9735e-10;1.72136e-08;7.79014e-11;1.36649e-09;4.49972e-08;7.90328e-10;1.38109e-10;1.91437e-10;1.54455e-05;8.62421e-12;7.17756e-12
6.66023e-05;0.317739;8.47739e-06;0.000114708;4.70419e-05;0.000130834;0.0868138;0.543126;0.00719227;0.000131524;0.000963902;3.53995e-06;0.0434072;0.000254944
4.09807e-05;0.993948;1.11844e-05;0.000163337;4.90577e-05;2.52733e-05;0.000882295;0.000484956;0.000389917;2.58448e-06;0.000179146;0.000837369;0.00279618;0.000190197
1.68787e-05;0.0076874;6.00141e-09;5.48441e-05;3.54612e-05;1.90486e-05;5.98359e-07;0.990059;2.36352e-05;1.00649e-05;1.31968e-05;0.00154692;0.000303002;0.000229953
2.52967e-05;0.994338;8.92934e-09;1.66932e-05;4.20617e-07;7.32208e-07;2.51303e-05;0.000901252;0.00022633;1.33523e-06;0.00163832;0.00016636;0.00265931;5.06758e-07
6.48284e-06;0.998554;2.56754e-09;3.16675e-06;4.80023e-06;1.24831e-06;1.37887e-07;0.000570768;2.51231e-06;4.2244e-07;6.6185e-07;7.19758e-05;0.00011986;0.00066413
4.7124e-06;0.00963968;8.96052e-07;1.01984e-05;2.36643e-07;8.25762e-06;3.69163e-05;1.49355e-06;5.30587e-07;4.75764e-06;5.92857e-06;0.000257862;0.99;2.88505e-05
2.97593e-06;0.00237599;0.98147;4.56014e-05;3.9427e-06;1.26577e-06;2.71975e-07;6.2629e-05;8.19077e-08;7.58176e-07;9.05233e-06;0.0156788;1.56278e-05;0.000333073
2.3942e-06;0.981152;1.41306e-08;2.51854e-05;0.000449018;2.34807e-07;4.0679e-06;0.0026356;4.22412e-07;1.16667e-06;5.20815e-05;0.000261895;3.79666e-05;0.0153784
2.10233e-06;0.00012726;8.72611e-10;3.55504e-07;3.86483e-05;9.18283e-07;3.95811e-08;0.998225;8.35212e-06;7.59859e-08;2.61091e-06;0.000172471;0.00142189;5.43834e-07
2.63218e-05;0.996257;6.8168e-07;1.7368e-05;6.21307e-05;3.26639e-05;1.851e-05;0.000475209;3.20951e-06;2.61057e-06;4.21171e-05;0.00186942;0.000351199;0.000841087
6.50947e-06;0.00175127;3.36589e-09;1.45591e-06;5.80006e-06;1.28457e-06;2.30242e-08;0.00175165;1.10903e-06;1.36275e-08;2.70149e-05;0.00107784;0.995371;4.96188e-06
7.18859e-05;0.00799419;3.86628e-05;5.94876e-06;8.85064e-06;0.000271256;9.88131e-05;0.0107427;8.65888e-06;0.000154471;1.4229e-05;0.000105611;0.98019;0.00029445
1.50421e-09;1.27981e-09;0.999999;1.22261e-08;2.24212e-09;1.68882e-08;4.59637e-09;5.89257e-09;4.98191e-09;9.935e-10;1.72431e-08;8.04998e-07;1.1532e-09;1.28603e-11
5.74045e-07;0.000411644;0.0100899;1.18669e-05;4.7647e-07;1.22707e-06;3.49567e-08;8.22558e-05;3.02421e-06;2.64792e-07;2.01998e-05;0.989359;2.22983e-06;1.76477e-05
5.66645e-07;0.997437;2.27692e-09;1.35365e-07;5.29804e-08;3.33746e-06;1.0432e-05;4.46194e-05;3.74799e-09;8.82405e-06;8.77207e-08;6.70154e-09;0.00165896;0.000836392
1.06662e-13;1.68789e-11;1;2.67693e-12;2.90244e-10;2.58142e-11;1.13053e-13;1.83121e-11;1.53737e-15;1.34222e-13;1.00257e-13;4.62865e-07;2.31828e-13;4.15782e-12
4.37294e-10;2.06999e-07;3.55009e-09;3.51481e-08;2.53496e-07;0.0167078;6.13135e-08;3.11e-07;8.91638e-09;5.50825e-08;2.63772e-08;2.21247e-10;0.983288;3.1584e-06
1.47211e-07;0.000218142;0.999749;5.86251e-07;2.95233e-07;9.93543e-07;5.4493e-08;2.52184e-05;6.95288e-10;2.95077e-08;5.49067e-09;2.15733e-06;2.56415e-06;2.54553e-07
1.40362e-06;0.913332;1.04039e-05;4.5534e-05;0.000122775;0.000399768;2.16219e-06;0.0450146;7.09172e-06;2.37193e-06;2.7145e-05;2.60655e-05;0.0386604;0.00234787
