9.75443e-06;0.996902;6.48826e-06;9.79295e-05;7.14503e-06;4.8575e-06;1.24029e-06;0.000133905;5.0613e-07;3.94115e-06;2.18929e-06;0.000311984;0.00251609;1.91743e-06
0.000121532;0.0448469;0.000285644;0.000302683;0.000752846;0.000279754;8.77185e-07;0.00381002;9.52913e-07;6.41428e-06;7.01494e-06;0.0272079;0.922348;2.97221e-05
0.000334881;0.149768;2.30193e-06;0.0033928;0.00575201;0.0689834;0.000322547;0.00870566;0.00501898;0.000630117;0.0153258;0.00210159;0.737577;0.00208533
0.000685139;0.0914597;0.88706;0.000496894;0.00138089;4.71022e-05;3.15255e-05;0.000870647;2.49466e-06;4.70325e-05;1.59861e-05;0.00530447;0.000279372;0.0123192
0.000258776;0.00828721;9.91066e-09;3.88158e-05;0.000117049;7.25315e-06;1.70764e-05;0.0601269;0.00756395;1.27317e-06;0.0998994;0.00267955;0.820999;3.76532e-06
3.17741e-05;0.997945;1.02076e-05;0.000189281;1.29595e-05;7.32694e-05;4.35759e-05;6.34302e-05;2.26564e-05;6.72552e-05;0.000136062;1.25834e-05;0.0012567;0.000135549
0.000102642;0.0192271;0.00387013;0.000144623;1.79032e-05;5.80505e-06;1.38501e-06;7.74278e-05;5.00154e-05;1.76438e-07;0.000230129;0.976217;5.1377e-05;4.71099e-06
0.000844362;0.881799;8.88558e-08;0.000155796;0.00200233;0.000288432;1.21535e-06;0.0562098;0.0119107;2.0296e-06;0.00736049;0.00540271;0.0313406;0.00268252
0.00010494;0.0019158;3.59111e-07;4.30799e-06;3.65935e-05;1.11132e-05;5.26775e-06;0.98613;0.00755754;7.95987e-06;0.00015999;0.000133996;0.00390052;3.1164e-05
0.000100274;8.47449e-05;3.09654e-06;1.844e-05;7.05863e-05;7.82428e-06;1.08279e-05;9.07059e-05;0.967168;8.37534e-07;0.0316755;0.00074867;6.40182e-06;1.44953e-05
3.23461e-05;0.985575;2.36792e-09;1.07229e-05;8.10372e-06;3.31891e-05;0.000384955;0.00854661;0.00055001;9.28889e-05;0.00215803;7.26344e-07;0.00120165;0.00140531
4.10562e-08;4.00708e-08;0.999923;1.31727e-08;8.1688e-08;1.49192e-09;2.09271e-09;4.05245e-07;3.46371e-08;2.52877e-09;1.01582e-06;7.52576e-05;4.40436e-10;1.20844e-10
4.23164e-06;0.019727;1.06365e-05;6.851e-07;9.35525e-05;7.53801e-07;4.31178e-09;0.973809;1.27806e-06;6.43331e-08;5.0531e-06;0.00574214;4.08963e-05;0.000565017
6.83457e-08;0.908854;3.78917e-10;1.50619e-06;2.00987e-07;1.0209e-07;1.2352e-05;2.52529e-07;2.43232e-07;3.76169e-05;2.86998e-06;1.04062e-07;1.36949e-06;0.0910896
5.78333e-05;0.0019339;3.36104e-05;1.71292e-05;6.74716e-08;2.83052e-07;0.0716506;0.000866793;0.141339;1.75581e-06;0.781633;4.46896e-07;0.00246592;9.98777e-10
