6.08536e-06;0.983452;8.55038e-07;1.02173e-06;4.54041e-06;9.39373e-06;6.29492e-07;0.00925698;3.23523e-06;3.42617e-07;7.73402e-06;0.000330775;0.00649089;0.000435065
3.37747e-08;0.187059;4.58437e-11;3.65498e-06;9.3076e-06;1.76913e-06;3.38199e-06;1.66176e-06;7.34711e-08;1.71091e-05;6.83653e-08;1.68251e-07;2.52749e-05;0.812879
0.00082185;0.0457544;0.000959688;0.00092429;1.91968e-05;4.71513e-05;0.266329;0.00269145;0.345564;3.26359e-05;0.317432;0.000117854;0.0193014;5.14449e-06
0.000225345;0.0569993;2.74414e-07;2.18158e-06;1.72557e-05;9.3334e-06;2.47612e-06;0.916701;0.000182396;2.02653e-06;7.02258e-05;1.75874e-05;0.0257184;5.25252e-05
4.29088e-07;0.00210617;2.40869e-06;2.25062e-06;6.57362e-06;1.62335e-06;1.48437e-08;3.81381e-05;1.97841e-06;7.96359e-08;5.00825e-06;0.997739;5.47605e-05;4.13728e-05
9.66043e-07;0.997995;1.39739e-06;4.37208e-07;4.55579e-07;6.76889e-08;2.39293e-07;0.000116946;7.77199e-08;1.02829e-06;3.67614e-08;7.5757e-05;0.00179954;8.05649e-06
0.000274615;0.00514732;1.85714e-06;2.82876e-05;0.00482632;0.000953141;6.06233e-06;0.00216173;0.000508867;6.35459e-05;0.000235029;0.978397;0.000467498;0.00692822
0.00338468;0.899372;7.62155e-05;7.37768e-06;1.25858e-05;2.82701e-06;0.000504541;5.1469e-05;0.000267428;5.26582e-06;1.99675e-05;0.0160715;0.0801838;4.07227e-05
0.000420548;0.0254595;4.94252e-05;0.000147637;0.000472083;0.00100718;6.73315e-05;0.0123453;0.00675907;1.77428e-05;9.13983e-05;0.896295;0.0559883;0.000879567
0.00036509;0.85473;4.80193e-06;3.40593e-05;8.65333e-05;6.92214e-05;5.47227e-05;0.0589771;0.000369686;1.5129e-05;3.11214e-05;0.00670347;0.0773973;0.00116168
0.000343029;0.0600252;0.00171134;0.000178419;4.61065e-06;8.22607e-05;3.82389e-05;0.000176414;0.000199947;3.73743e-05;2.50282e-05;0.932761;0.00360754;0.000809888
8.99314e-06;0.991336;3.37882e-10;3.89099e-07;2.7978e-08;2.56306e-08;0.00474303;0.00323457;0.000524271;3.14425e-05;1.00591e-05;1.15413e-09;1.15539e-05;9.95323e-05
5.33838e-10;2.46108e-10;1;5.86648e-10;2.87061e-10;6.85173e-11;8.92837e-10;2.73016e-09;1.26591e-09;1.63424e-10;1.21976e-09;6.80608e-08;4.90681e-13;6.55559e-12
5.67164e-05;0.890194;1.32121e-07;3.66258e-05;6.74666e-06;3.35149e-06;3.728e-06;0.0982822;0.00297241;2.28263e-05;0.00011439;0.00560528;0.00249821;0.000203187
2.51721e-05;0.0209177;1.49801e-05;2.15363e-05;9.48963e-05;3.8474e-05;7.25276e-06;0.00112104;0.000290231;3.50622e-06;0.000240674;0.974057;0.0019693;0.0011985
9.63191e-05;0.95816;6.78368e-09;0.000140756;2.65785e-05;0.000205318;6.6379e-05;0.0282968;0.000261823;5.14328e-05;0.000121633;0.000117262;0.0110932;0.00136215
0.000481893;0.843532;4.66166e-09;0.000104762;2.86966e-06;7.06971e-06;0.0008188;0.00485425;0.00281128;7.33787e-06;0.00329721;0.00101041;0.14306;1.17827e-05
0.000485604;0.0267288;1.01852e-05;1.8734e-06;4.13662e-05;2.74723e-06;1.55062e-06;0.0166791;1.36868e-05;7.40512e-07;3.05798e-06;0.954545;0.00142997;5.64396e-05
1.58025e-05;0.0881029;1.90704e-05;3.38224e-05;0.000556806;0.00016122;2.43749e-05;0.000984675;1.75054e-05;4.43924e-06;6.58227e-06;0.896724;0.0121671;0.00118185
0.000145729;0.144371;0.000577473;0.00113639;0.00366735;0.00238897;7.73043e-05;0.00390911;0.00016906;6.13513e-05;0.000148728;0.128072;0.714895;0.000380464
0.00124155;0.161604;8.68678e-06;6.39235e-05;0.00605396;0.000586718;3.17978e-05;0.00129426;0.000180146;2.85827e-05;0.000215445;0.00754254;0.80921;0.0119384
0.0243228;0.145716;0.000404473;0.000274814;0.000387298;0.000325706;0.0013235;0.501621;0.00509682;0.000446885;0.00124461;0.220562;0.0982003;7.31784e-05
9.89644e-06;0.921939;1.4625e-08;4.51345e-06;1.31201e-06;4.89478e-07;0.0692171;0.000126185;0.000413746;0.00529718;5.91009e-06;2.03607e-09;4.09956e-06;0.00298085
4.86111e-09;2.42568e-10;1;6.88126e-09;3.23972e-09;3.8288e-10;1.83514e-07;8.15579e-10;6.05306e-08;1.36514e-08;4.06751e-08;3.68833e-08;3.68433e-13;2.04178e-11
2.38518e-05;0.999505;1.53897e-07;4.74273e-07;5.15295e-08;4.28872e-09;2.11765e-07;0.00030971;7.56865e-06;2.21827e-08;2.58205e-07;1.47918e-05;0.000137995;4.62569e-07
1.1065e-06;0.942492;7.94562e-09;1.27425e-06;9.56735e-07;3.12143e-08;0.000343676;1.70859e-05;5.73311e-07;0.000368002;4.83237e-08;5.08021e-08;6.47204e-07;0.0567748
3.55829e-09;1.92389e-10;0.999997;9.04512e-09;1.02685e-08;2.26861e-10;6.25212e-08;8.97544e-09;5.99172e-09;1.89373e-09;1.49921e-08;3.24594e-06;1.04034e-13;1.63755e-10
1.96628e-05;0.994612;1.7113e-10;1.20859e-06;1.28334e-06;2.09655e-07;4.28835e-06;0.000219396;2.46503e-05;9.05294e-08;3.26043e-06;1.84782e-07;0.00511164;2.25382e-06
0.000498967;0.110598;0.00135288;6.35421e-06;6.74371e-05;4.48885e-06;3.23621e-05;0.390045;0.000573479;1.14231e-06;3.35766e-05;0.459247;0.0368394;0.000699624
0.00356753;0.156259;0.000207958;0.00126493;0.0374129;0.00591205;0.00785694;0.221065;0.0649449;0.000131502;0.00527608;0.193222;0.137858;0.165022
0.0145103;0.580293;0.000129968;0.000551725;0.00316101;0.000429683;0.00187494;0.120577;0.0365233;8.01831e-05;0.00242097;0.0409483;0.197752;0.000748364
0.00195908;0.750588;0.0011783;3.90681e-05;0.00036422;0.000217724;9.29969e-06;0.0664292;0.00114056;2.9875e-06;0.000150144;0.0275587;0.141416;0.00894658
0.000142643;0.302686;5.73349e-06;5.24747e-05;0.0097539;7.09145e-05;1.9337e-07;0.00384237;2.30642e-05;1.26787e-06;4.05887e-06;0.609969;0.00701575;0.0664327
0.00126861;0.42222;8.1904e-05;7.26591e-06;0.0010478;2.36546e-05;2.86401e-06;0.139041;0.000259895;1.45292e-06;4.52945e-05;0.163547;0.264281;0.0081724
1.39299e-06;0.969606;3.06509e-08;1.49359e-06;1.49324e-06;5.48613e-07;0.00121312;0.00163668;2.24926e-05;7.51547e-05;7.7924e-07;6.0371e-07;3.47063e-05;0.027406
5.84757e-11;2.00001e-11;0.999999;4.56071e-10;1.12531e-09;1.87909e-10;1.01865e-09;6.0258e-10;5.2246e-11;2.34024e-10;1.55663e-10;5.82238e-07;1.44498e-13;5.0324e-11
0.000741019;0.872919;2.60255e-07;0.000488024;9.21698e-05;0.000736424;0.00426516;0.00899972;0.0622804;0.000162023;0.00951969;0.000347527;0.0388014;0.000647698
1.10521e-05;0.113665;1.06288e-06;1.11094e-05;1.18535e-07;7.97578e-07;5.22002e-06;0.000241137;6.94622e-05;6.69112e-07;5.24379e-05;0.885817;0.000116905;7.61221e-06
2.94548e-05;0.00751302;4.54617e-05;4.89704e-05;0.00988484;6.90363e-05;4.11658e-06;0.981117;4.2914e-07;3.00266e-05;4.39305e-08;5.40068e-05;0.000680365;0.000523423
0.000112942;0.00226129;0.992464;0.000313517;0.000121356;0.00190867;1.67194e-05;6.0769e-06;3.59776e-05;5.33595e-05;7.22012e-05;0.00112881;0.000526726;0.000978956
5.97452e-06;0.00125141;2.17809e-08;2.62967e-06;4.60783e-08;1.01257e-05;0.982311;3.14976e-07;3.5773e-05;0.0121658;9.4322e-05;4.21404e-09;4.28963e-06;0.0041182
1.06611e-11;5.00008e-14;1;6.18861e-12;4.68047e-12;1.88556e-12;6.40895e-11;2.73614e-11;5.23572e-11;2.19125e-11;2.30664e-11;4.48022e-11;3.03624e-17;3.67363e-15
