8.09514e-07;3.21514e-05;5.75464e-12;5.10543e-10;1.13175e-07;1.91005e-09;6.57059e-10;0.999964;5.03597e-07;5.4076e-10;1.24771e-08;3.97697e-07;2.33585e-06;6.13426e-08
2.25704e-07;0.000580774;2.17836e-07;9.87748e-07;9.44473e-06;1.47216e-06;3.28528e-05;1.22869e-06;4.04685e-08;7.95342e-05;3.05147e-08;3.292e-06;2.56233e-08;0.99929
6.20459e-09;2.20723e-08;0.999999;3.03283e-09;2.53774e-11;6.24961e-11;1.22441e-06;2.75415e-09;3.80976e-08;6.53161e-10;7.70338e-08;7.25683e-08;2.22093e-11;9.27988e-12
2.22507e-07;0.990668;6.97835e-08;2.90433e-08;7.80934e-10;1.02561e-08;4.14873e-06;1.11292e-07;2.8545e-08;2.38031e-08;4.84093e-07;4.81486e-05;0.00927884;1.69484e-07
2.49997e-08;0.00181977;1.59183e-07;1.87026e-07;1.11445e-06;2.6007e-07;2.5537e-08;0.000118646;5.40844e-08;4.58325e-09;3.67961e-07;0.998036;1.04238e-05;1.31907e-05
1.89537e-05;0.784285;7.85488e-06;4.54137e-05;0.0015895;0.00040208;8.8105e-05;0.0312309;2.59061e-06;1.49774e-05;6.53671e-06;0.000497595;0.00304911;0.178762
1.55429e-07;0.0748697;3.54237e-06;9.77159e-08;1.61867e-08;3.33878e-08;1.17039e-08;2.08895e-07;1.83036e-09;3.62083e-09;1.90122e-09;0.924933;0.000161788;3.12335e-05
1.07907e-08;0.99921;1.50566e-10;1.82479e-09;1.30391e-09;5.72402e-09;5.05878e-07;2.82666e-05;1.22413e-09;8.37311e-08;9.91584e-11;4.47264e-09;1.62387e-06;0.000759998
3.24339e-12;1.312e-11;1;5.68241e-12;1.30029e-11;2.23251e-10;6.53857e-13;1.13293e-10;4.01929e-14;2.07754e-12;4.77554e-13;1.22306e-07;7.25771e-13;2.22719e-11
3.33021e-06;0.0808623;4.79675e-07;3.83122e-06;7.15943e-07;6.21826e-07;3.79683e-07;0.00150083;9.0087e-06;1.62092e-07;5.95103e-05;0.00161123;0.915947;8.79091e-07
2.13885e-07;0.00110805;1.71222e-09;2.00851e-07;8.70097e-06;4.48326e-09;9.86727e-07;0.998851;6.26549e-07;8.58304e-07;2.37767e-07;6.29799e-08;6.85407e-06;2.25776e-05
1.13496e-06;0.000234757;0.995632;0.000583621;1.13366e-05;6.79481e-06;1.68411e-05;4.40579e-06;5.32147e-07;2.24886e-05;0.000121973;0.00326172;3.66885e-05;6.56452e-05
0.000136131;0.655567;1.08239e-07;3.89885e-06;0.000411868;3.32521e-06;0.00100152;0.342049;8.04494e-05;5.14305e-06;0.000496792;4.26414e-06;0.000101261;0.00013932
0.00031777;0.00815563;0.0815571;6.93557e-05;0.0069173;1.6808e-05;5.84796e-07;0.000668689;9.90709e-06;2.62651e-06;2.94066e-05;0.876992;0.0250272;0.000235451
0.000118767;0.990726;8.76576e-11;6.51716e-07;3.11896e-06;9.4172e-09;0.000102508;5.11473e-05;0.000262214;2.17364e-06;9.41791e-06;0.000227639;3.5493e-07;0.00849567
0.0159195;0.0243371;0.000148404;3.36823e-05;8.52851e-05;4.62051e-05;0.0937926;0.0859735;0.730662;1.44614e-06;0.025437;0.000104247;0.0234583;1.01557e-06
0.0144207;0.303183;6.73586e-06;0.00012021;0.000593251;0.000178918;5.24727e-06;0.181207;0.108923;1.73767e-05;0.00387471;0.064578;0.321088;0.00180463
1.21254e-05;0.987886;1.07399e-07;7.64416e-07;6.86156e-05;9.16844e-06;0.000408214;0.00272617;1.72021e-06;0.000374583;5.97908e-07;1.49816e-05;6.63958e-07;0.00849653
2.35484e-07;5.13729e-08;0.999984;8.04139e-08;1.49261e-06;1.12992e-08;6.76299e-08;8.19397e-06;4.31366e-08;4.15521e-08;5.54823e-08;5.26981e-06;2.14141e-10;2.15475e-09
5.8154e-05;0.920745;2.34646e-07;1.039e-05;0.000120963;1.52305e-06;1.31759e-06;0.0646266;0.000247309;1.06884e-06;0.000175099;0.0135276;0.000168776;0.000315592
1.58019e-06;0.937705;5.79017e-11;7.70269e-07;2.24636e-06;6.68859e-08;0.00477298;1.53524e-07;1.93429e-06;9.91693e-05;1.97183e-05;6.54436e-08;2.09006e-06;0.0573943
0.00145132;0.0359555;3.92576e-06;0.000212503;9.35157e-06;7.80215e-06;0.124854;0.00520583;0.789671;1.04532e-05;0.0390179;8.95222e-05;0.00351068;3.8246e-07
3.5369e-06;2.90912e-05;2.7623e-11;3.3051e-09;9.87422e-07;9.89671e-09;4.99038e-09;0.999954;3.34169e-06;4.20346e-09;3.18961e-08;4.93746e-06;4.37974e-06;2.68791e-08
2.1774e-06;0.0499195;1.9991e-07;2.99165e-06;0.00135305;9.47935e-06;1.43755e-05;5.36736e-05;6.82058e-08;9.44403e-05;2.85818e-08;0.000133417;3.54688e-07;0.948416
7.70652e-09;5.16284e-08;0.999999;9.59629e-10;1.23929e-09;7.09205e-11;3.17222e-08;4.39069e-08;9.33594e-10;8.72598e-11;2.39632e-09;7.3324e-07;1.46e-09;2.86816e-11
3.64844e-06;0.0124752;6.5632e-07;2.66998e-06;2.20801e-06;4.0146e-06;2.15208e-05;0.000765575;2.12853e-06;2.66614e-07;4.03565e-05;0.0257698;0.960523;0.000388631
1.75641e-07;0.0701348;2.12084e-08;4.2182e-05;1.19629e-06;4.65587e-06;0.00589674;1.18709e-05;8.49011e-06;0.00104563;9.68129e-06;7.2908e-07;3.97302e-06;0.92284
1.60373e-10;2.16418e-11;1;1.49006e-08;3.2481e-11;4.2613e-11;1.57334e-07;1.16441e-09;1.12377e-09;5.68851e-10;9.74532e-08;3.53347e-08;2.11531e-14;5.33087e-12
7.17973e-06;0.00450968;1.47822e-07;3.403e-07;5.61117e-09;7.58741e-08;3.0812e-07;0.0225522;4.73289e-06;2.57858e-08;5.00244e-05;6.72171e-06;0.972869;2.31972e-08
2.44889e-08;0.000312869;1.92051e-06;4.82666e-07;1.73383e-07;1.90621e-08;1.94733e-09;3.37757e-06;6.2379e-07;5.28292e-09;1.01436e-05;0.999664;4.97262e-06;1.25149e-06
1.97484e-06;0.0141724;8.4767e-07;1.3759e-06;0.00488925;1.22017e-07;2.38597e-08;0.979091;4.04956e-08;3.41906e-08;1.89551e-08;0.000623913;0.000835733;0.000383628
5.66659e-05;0.000197017;0.00106375;4.45898e-05;0.151694;1.45739e-05;3.02858e-06;0.846466;0.000104105;0.00015678;1.49238e-05;3.27747e-06;1.70072e-05;0.000164344
4.77714e-05;3.6148e-05;0.999764;2.91345e-06;9.26433e-05;3.46455e-06;4.99743e-09;9.61214e-07;1.75925e-06;2.32032e-07;4.53389e-06;6.57286e-06;3.0926e-07;3.92128e-05
8.30288e-05;0.957159;1.5337e-05;6.43869e-06;2.30773e-05;6.73897e-06;7.46911e-05;0.0138874;0.0191796;1.41531e-06;0.0090296;0.00016267;0.000266042;0.000104918
