0.000156613;0.929409;1.43421e-06;4.56355e-05;9.21346e-05;2.94046e-06;3.53708e-05;0.0455585;0.000300786;6.84207e-06;0.000125157;0.00756249;0.0163517;0.0003517
0.000167361;0.496267;0.00210359;0.000449042;0.000119884;7.03535e-06;0.000298714;0.484761;0.00036749;0.000177929;0.000866785;0.0131798;0.000558891;0.000675405
0.0011428;0.916821;0.000110234;0.000465549;0.00272766;0.0050386;0.000448216;0.00512798;0.00765226;7.77577e-06;0.0036884;0.0328863;0.0023641;0.0215187
0.00028486;0.0219248;2.30188e-06;0.000758122;0.0391689;0.00421914;8.67981e-07;0.897609;0.000127599;4.2762e-05;4.0546e-05;0.00407445;0.00208521;0.0296614
5.16878e-05;0.928525;6.03171e-09;4.62603e-06;7.44677e-07;1.05126e-06;1.61578e-06;0.00338992;2.77442e-05;1.07295e-07;5.7636e-05;0.000336438;0.067603;5.1495e-07
6.30976e-07;0.996586;4.42576e-10;6.93389e-08;1.96871e-07;1.02264e-07;2.42486e-08;0.000478408;6.08177e-09;1.32696e-07;2.65723e-10;8.19176e-08;2.59742e-05;0.00290804
1.34771e-12;1.46447e-10;1;3.52541e-12;6.43936e-12;1.03211e-13;6.94328e-13;6.43114e-12;6.75578e-15;2.31662e-12;1.52356e-13;8.95835e-08;2.58949e-14;3.60303e-12
6.4524e-06;0.000660377;5.70443e-05;0.000234538;0.00205991;0.000438138;1.85402e-05;0.00249537;0.00057494;4.61392e-06;0.0065516;0.971071;0.000196118;0.015631
2.56006e-05;0.432448;9.76141e-08;2.97968e-05;1.48092e-06;1.41453e-06;0.000235269;0.000639762;0.000732964;2.9687e-06;0.0282076;0.0022273;0.535447;6.79911e-07
0.000107852;0.636314;0.330794;0.00074122;0.00111661;2.99007e-05;3.13943e-05;0.00265382;2.67444e-06;0.000226929;1.94055e-05;0.0260378;0.00018935;0.00173546
2.40524e-06;0.000152992;0.999786;5.90244e-07;1.3373e-06;3.5123e-09;3.47525e-05;1.68257e-06;9.84307e-07;4.04142e-07;1.76284e-05;5.45849e-07;1.14482e-07;6.68221e-08
4.60119e-06;0.117892;9.24415e-06;1.60405e-05;2.21532e-05;5.3489e-07;4.31653e-06;0.00188022;0.000215267;1.66519e-07;0.000284575;0.874739;0.00478186;0.000150707
2.30888e-05;0.792854;2.33655e-08;8.89035e-05;0.000686082;9.58688e-06;7.09822e-06;0.0411269;6.678e-05;1.7528e-05;3.94438e-05;0.0989767;0.021955;0.0441483
0.000196338;0.105962;4.91548e-06;0.000643228;0.000691591;0.000915624;1.95437e-05;0.14531;0.00132214;5.74474e-05;0.000808065;0.195862;0.529946;0.01826
0.00411979;0.435226;0.000243551;0.00130199;0.00481824;0.0094285;0.000148996;0.278224;0.00739467;0.000227256;0.00558217;0.174174;0.0559716;0.0231383
0.000104854;0.851831;9.8134e-09;6.23791e-06;0.000163327;8.88126e-06;3.8873e-07;0.00223759;2.21968e-05;1.97502e-06;0.000243888;0.0136416;0.129741;0.0019971
0.000190567;0.947089;4.65584e-05;4.62019e-06;4.83837e-06;2.75209e-06;0.0288657;7.47614e-06;2.56176e-06;0.00253379;3.97388e-06;0.00047223;9.41293e-05;0.0206821
1.62732e-09;3.87059e-10;1;1.82562e-09;1.28942e-09;1.46843e-09;3.17926e-07;1.28555e-09;7.27305e-09;3.97395e-09;7.72074e-09;6.00475e-08;8.4322e-13;5.79735e-11
6.62388e-06;0.523035;1.5954e-07;6.0623e-07;1.51489e-08;2.60527e-07;3.28972e-05;3.24698e-06;1.11662e-05;6.88716e-08;2.88091e-05;0.000134477;0.476746;3.98495e-08
0.000306083;0.526823;0.000494784;0.000105225;0.0169038;0.0002199;1.21758e-06;0.219077;3.96209e-05;4.38095e-05;2.0737e-05;0.0804653;0.137703;0.0177969
3.38487e-05;0.266704;0.000206909;0.00250774;0.000682535;6.39784e-05;0.000244853;0.00425441;0.00191503;4.73161e-05;0.0064686;0.711861;0.00115338;0.00385673
8.28002e-05;0.593563;1.8998e-06;0.00315258;3.19497e-05;0.000127731;0.00129279;0.00292441;0.000474096;0.000280022;0.00484188;0.235322;0.15782;8.47695e-05
0.00107134;0.938466;0.0406679;0.00178854;2.81465e-05;2.09564e-05;1.00162e-05;0.0028111;1.62795e-05;1.2099e-05;3.0645e-05;0.0112222;0.000194948;0.00365944
1.47641e-05;0.0286649;3.53404e-08;9.29581e-06;5.08762e-05;1.66137e-05;0.000351624;0.000783953;4.01525e-06;0.000173189;1.62814e-06;1.5602e-08;9.60563e-07;0.969928
5.79416e-09;1.47748e-09;1;4.66039e-09;1.2436e-08;1.18924e-10;2.51723e-09;8.48212e-09;1.07244e-09;1.99139e-10;4.16456e-09;2.64366e-07;5.77053e-11;4.07985e-11
0.000465723;0.57235;5.98753e-06;0.000149234;0.000332709;0.000168544;8.52155e-05;0.000529265;0.000917856;2.12456e-06;0.00044144;0.000637532;0.394997;0.0289172
1.39016e-05;0.0129084;1.85376e-07;1.24067e-06;0.000132111;1.01542e-05;4.26079e-07;0.000267859;3.01494e-06;1.41698e-07;1.29579e-05;0.0636122;0.00670685;0.916331
3.69315e-05;0.0952038;0.000154406;1.10923e-05;0.0103254;2.543e-05;1.50666e-06;0.73761;1.92601e-05;1.7797e-06;1.67883e-05;0.14294;0.000504203;0.0131496
0.00164382;0.172676;1.35385e-05;0.000209988;0.00873794;0.000436581;6.09145e-05;0.0724383;0.00201482;1.76062e-05;0.00181051;0.663363;0.0757336;0.000843091
6.59339e-06;0.998773;4.22311e-09;4.07754e-08;6.20781e-08;3.13759e-07;1.05736e-06;7.03328e-07;7.54226e-08;1.46998e-08;3.90712e-08;7.71876e-05;0.00113823;2.77106e-06
3.17894e-05;0.0114927;2.06235e-06;2.079e-06;2.30313e-05;2.37064e-05;6.16468e-08;0.00114863;7.93298e-06;2.0264e-07;1.90801e-06;0.971088;0.0156416;0.000536202
3.32669e-06;0.999375;3.23667e-06;1.33087e-06;4.11388e-08;2.65509e-07;4.41685e-06;1.40243e-05;1.74015e-08;2.84927e-06;7.64096e-09;5.55966e-08;6.64577e-07;0.000594674
7.67363e-10;1.72916e-09;0.999999;1.03785e-10;3.65518e-09;4.39565e-11;7.84607e-10;8.38432e-09;6.2593e-11;3.18257e-11;4.04665e-10;1.2036e-06;6.33552e-11;1.4618e-11
6.20313e-06;0.979887;5.49749e-06;7.395e-06;2.48957e-05;0.000117759;0.000521329;0.00622421;7.49954e-05;2.31191e-06;0.000123452;4.12059e-05;0.0129534;1.0613e-05
5.2519e-07;0.00115805;1.03775e-09;1.74036e-07;1.92194e-06;6.97092e-07;4.43628e-08;0.0610733;5.75088e-07;4.49254e-08;2.43026e-06;3.93927e-05;0.937722;1.21904e-06
1.76926e-06;0.0014935;1.62584e-07;2.22966e-05;3.08836e-06;3.75363e-06;3.94917e-07;1.75904e-05;1.56521e-05;3.37719e-06;4.46592e-05;0.997506;0.000844299;4.37327e-05
6.45152e-06;0.997637;8.63491e-05;0.000188562;6.51925e-06;2.67848e-06;5.08789e-05;0.000371672;9.91503e-07;8.11934e-06;1.48996e-05;0.00016023;0.0014621;3.6288e-06
1.13064e-06;0.00517205;1.95923e-08;4.27846e-06;9.65192e-08;1.36754e-06;1.63689e-07;0.000373454;9.22427e-07;4.47606e-08;2.04487e-06;0.00153489;0.992909;3.16158e-07
0.000173297;0.00546285;1.12895e-08;0.00241954;0.00314085;0.000298194;6.53791e-06;0.0275253;0.0010254;6.59934e-05;0.0198278;0.939536;0.000384263;0.000133757
5.64263e-07;2.54728e-05;0.999971;6.38392e-07;9.88487e-10;1.02253e-08;1.28689e-06;1.39421e-08;3.29918e-08;3.14158e-08;5.09746e-07;5.13938e-07;3.25578e-07;4.39483e-08
0.000976988;0.818771;3.05517e-07;3.93742e-06;1.54394e-05;5.63422e-07;6.92333e-05;0.171339;0.00057158;1.97146e-06;0.00119529;1.94283e-05;0.00688452;0.000151075
5.42761e-06;0.0112957;1.3173e-05;1.42275e-05;0.000337131;4.33465e-06;2.22419e-07;0.000148034;5.51743e-05;1.3995e-07;3.23206e-05;0.982089;0.000270796;0.00573472
0.000163882;0.238875;2.82545e-05;0.000871326;0.00123928;0.000280847;0.000166441;0.035773;0.00400061;8.66827e-05;0.0078653;0.508252;0.201337;0.00106063
4.11362e-05;0.00582302;2.08069e-07;7.3085e-07;0.000132055;5.97849e-06;1.61882e-08;0.931723;1.32857e-05;6.26414e-08;2.01881e-05;0.0597897;0.00236511;8.59317e-05
8.21902e-05;0.963548;3.76088e-07;6.57601e-07;9.62062e-05;7.34619e-05;0.00249245;0.000381259;1.08371e-06;0.00043813;8.95386e-07;1.11878e-06;4.20447e-05;0.0328418
2.20695e-08;1.01523e-09;0.999995;1.04812e-09;3.50344e-08;4.51617e-09;1.06642e-07;1.24909e-08;2.22952e-08;9.74428e-09;2.01217e-08;4.45181e-06;1.85223e-11;1.18572e-10
2.92147e-05;0.821369;1.51645e-06;1.45216e-07;3.37311e-07;7.77724e-07;0.000116693;3.09678e-05;3.12423e-05;1.60333e-07;3.06669e-05;0.000274316;0.178115;2.32298e-07
8.45577e-06;0.0166255;7.04778e-05;8.8377e-06;4.40856e-05;7.75748e-05;2.21444e-06;0.000837113;1.50213e-05;1.38447e-06;3.12344e-05;0.977284;0.00135814;0.0036358
9.03559e-05;0.819695;0.00125318;0.000168992;0.00311579;3.43608e-05;1.90703e-05;0.153097;8.01549e-05;1.4745e-05;7.8974e-05;0.00477315;0.0132765;0.00430372
4.90422e-06;0.976246;4.64464e-07;7.73366e-06;1.84598e-05;1.44253e-05;4.63367e-06;0.015994;6.83039e-06;3.16366e-05;5.74299e-07;4.04811e-05;0.00132431;0.0063056
7.4476e-10;1.05466e-09;0.999999;1.35265e-09;6.56106e-10;6.31197e-10;3.09516e-11;3.43464e-09;4.11444e-10;4.31403e-11;7.71351e-10;8.68664e-07;1.07454e-10;6.13054e-11
6.26548e-05;0.0037707;0.930769;5.90385e-05;1.17462e-05;2.52974e-06;3.52551e-06;0.0638393;6.46343e-05;5.68418e-07;2.82524e-05;0.00104134;0.000212834;0.000133789
1.18881e-06;0.00338545;2.33182e-05;3.72758e-06;4.4398e-05;0.000575886;2.71162e-08;0.000155157;9.9471e-08;6.25362e-07;3.81195e-07;0.000163438;5.85733e-06;0.99564
0.000204295;0.0482124;3.56461e-07;1.94843e-05;7.21824e-05;0.000123421;1.01145e-06;0.233836;1.62766e-05;9.83138e-08;0.000238037;0.00510848;0.712164;3.88422e-06
5.82066e-05;0.0978321;3.80534e-07;1.86052e-06;1.10023e-05;6.84948e-06;1.10663e-06;0.821353;3.70388e-07;1.40192e-06;1.25626e-06;7.98819e-05;0.080408;0.000245001
2.81555e-08;7.99155e-05;3.64656e-05;2.47183e-06;1.41454e-06;3.26392e-06;1.02574e-07;7.80262e-06;5.99768e-08;8.35106e-08;3.07947e-06;0.999834;8.4225e-07;3.00795e-05
1.75479e-06;0.00521002;8.7926e-08;7.52332e-07;0.000781268;1.28807e-07;1.46774e-06;0.992839;2.46663e-08;1.50809e-07;2.2119e-06;5.78444e-06;0.00109847;5.87243e-05
8.81728e-06;0.997777;1.05477e-09;9.24571e-08;7.77871e-07;4.94836e-07;0.000173555;0.000283307;3.81604e-07;2.1204e-05;5.941e-08;1.14632e-06;0.00013247;0.00160085
2.11581e-10;7.89302e-11;1;4.26165e-11;4.50138e-10;1.49619e-10;4.92991e-10;1.64116e-09;1.26562e-11;8.08731e-11;1.49462e-11;4.85703e-08;4.00123e-13;4.13803e-12
0.000296598;0.00677895;1.33253e-06;0.000930439;0.0010926;0.000442084;0.00819033;0.00175013;0.781768;6.5442e-05;0.1958;4.03515e-05;0.00268759;0.000156716
3.93374e-05;0.999733;1.4136e-05;1.31658e-05;6.77701e-07;6.73424e-07;3.67622e-06;5.81207e-05;5.48786e-06;7.43003e-07;1.24257e-06;5.11309e-05;7.72113e-05;1.29005e-06
1.78745e-05;0.446672;1.05061e-08;1.54682e-06;3.97214e-07;4.00741e-06;1.92555e-06;1.22013e-06;3.53635e-06;1.37483e-07;2.28558e-06;0.00686819;0.546425;2.14586e-06
0.000737909;0.166079;4.80896e-05;4.7837e-05;0.0421662;0.00215674;1.96906e-07;0.315738;0.00010621;2.4195e-05;5.39311e-06;0.0977184;0.259197;0.115976
0.000538384;0.398495;0.00127045;0.00504973;0.00410025;0.00337506;0.0013411;0.00814751;0.130394;0.000174883;0.0283642;0.376819;0.0294388;0.0124923
0.000415371;0.148485;1.9384e-05;0.000546886;7.56413e-05;3.03748e-05;5.07883e-05;0.0195202;0.000520665;9.68643e-06;0.000904385;0.785001;0.0443244;9.65127e-05
0.000264483;0.329193;2.64019e-07;0.00096467;0.00012427;0.000431817;1.02865e-06;0.211122;0.00240582;3.24946e-05;0.000217806;0.450675;0.00387007;0.000697832
4.52645e-05;0.979306;3.91998e-08;1.57229e-06;4.66081e-08;2.69636e-06;1.03359e-05;2.14902e-06;1.69933e-05;1.30259e-07;7.24261e-06;0.00031181;0.0202953;7.11792e-07
1.48311e-05;0.0476612;0.000118393;5.14136e-07;1.65785e-06;2.19212e-06;1.81517e-07;0.000753085;4.16365e-06;3.2707e-08;9.5359e-07;0.905831;0.0456111;1.06213e-06
0.000282747;0.284485;6.4505e-05;0.000304726;0.0697984;0.00451987;3.57491e-05;0.0570132;0.000743646;7.99526e-06;2.58375e-05;0.00322825;0.0438449;0.535645
0.000211504;0.89075;4.5328e-08;0.000131026;0.00020671;1.00116e-05;8.33608e-06;0.0866065;0.00205417;5.9579e-06;0.000111974;0.00419691;0.00938211;0.00632437
5.8985e-05;0.955065;1.48101e-06;2.18003e-05;0.00271891;4.45498e-05;1.15974e-05;0.0296877;2.95843e-05;8.71198e-05;1.22453e-05;0.0020747;0.000283286;0.0099027
0.000365547;0.0155864;0.356245;6.97433e-05;0.0579534;0.000197182;1.28172e-07;4.7941e-05;1.35293e-07;8.33578e-06;4.63365e-06;0.555189;0.000420349;0.0139125
2.10698e-05;0.965218;1.17982e-08;1.3789e-07;4.1649e-05;6.69001e-06;9.40626e-07;0.0330345;6.75895e-05;1.42269e-08;5.37572e-06;2.70029e-05;0.0013025;0.000274951
5.894e-06;0.0269081;1.89995e-11;3.85288e-07;3.074e-05;3.98502e-07;3.18112e-08;0.00332083;3.19633e-06;2.85063e-07;9.42392e-07;0.000478704;0.969229;2.19735e-05
0.000880868;0.240662;0.00058629;3.12502e-06;0.000852614;7.08132e-05;8.83984e-06;0.0278121;3.76948e-05;0.000211589;1.09469e-06;0.00930424;0.719112;0.000456219
4.76153e-08;1.23848e-07;0.99999;1.65695e-08;4.52288e-07;8.65336e-08;5.83995e-09;1.02032e-07;6.38002e-08;5.89333e-09;6.95421e-09;8.80837e-06;7.88584e-09;9.10741e-09
2.49795e-07;4.19463e-05;0.998652;1.01551e-06;1.77034e-07;9.4628e-08;2.85879e-07;0.00085891;3.99985e-07;5.87372e-08;1.68043e-07;0.00043585;2.86754e-07;9.20161e-06
2.3602e-08;2.79177e-05;3.41084e-05;2.28315e-06;2.13161e-05;0.00202109;5.99991e-10;6.86691e-06;7.5274e-10;1.50073e-07;1.93104e-08;0.000110747;1.4244e-07;0.997775
4.18073e-06;0.00532374;2.64872e-08;5.7248e-07;1.75229e-05;3.0818e-05;1.02595e-08;0.00165248;6.98828e-09;9.2348e-09;1.63067e-06;0.00139684;0.991571;1.51517e-06
2.25587e-06;0.993373;2.14249e-07;2.05547e-05;4.06132e-06;0.000376144;1.16641e-06;0.00273166;2.42342e-07;1.77058e-06;8.55175e-07;0.000557571;0.00259413;0.000336924
2.6815e-06;0.000729657;2.29508e-05;0.000163061;0.0196769;0.275603;2.08209e-06;0.000644211;9.23039e-08;8.28283e-05;6.71685e-06;0.0200401;0.00116048;0.681865
5.27168e-07;0.809762;1.75364e-09;2.38113e-06;2.59313e-08;4.1845e-07;0.189729;2.13274e-05;3.62723e-06;0.000248737;4.48014e-05;2.3387e-09;0.000153067;3.44568e-05
1.72468e-10;8.35829e-12;1;1.37668e-09;2.3973e-09;8.92077e-10;1.14097e-08;1.68422e-11;1.38695e-10;1.26006e-09;5.09029e-09;1.12559e-09;3.18088e-13;3.31138e-11
4.60169e-07;0.999508;2.15582e-07;5.16147e-08;7.13486e-07;1.37727e-08;6.00783e-09;0.000331588;3.32035e-08;6.88084e-09;7.36752e-09;2.28218e-07;0.000158322;1.11264e-07
4.24416e-06;0.982112;2.33027e-08;5.87315e-05;0.000196343;5.27777e-05;1.04545e-06;0.00270292;3.56525e-05;2.48094e-05;1.14125e-05;0.0017941;0.00448539;0.00852052
1.73247e-05;0.00755253;6.54631e-06;0.000249994;0.147354;0.381701;1.20362e-05;0.00525058;1.6249e-05;0.00021858;9.92006e-05;0.00181956;0.000419661;0.455283
0.000104239;0.669527;2.57263e-08;1.6795e-05;1.15915e-05;2.07918e-05;2.31851e-05;0.00128116;9.48245e-06;1.25273e-06;0.000109556;0.0144581;0.314382;5.52153e-05
3.08343e-05;0.0197084;1.44833e-05;1.45458e-06;1.59824e-05;3.66811e-06;1.14946e-07;0.00254373;2.30122e-07;7.8136e-07;3.7185e-07;0.969775;0.00767708;0.000228012
1.70798e-05;0.39622;0.000312461;5.63771e-05;1.16826e-05;0.000133567;6.14404e-06;0.00114913;4.43913e-06;3.81109e-06;3.5123e-06;0.584996;0.0163309;0.000755143
1.71247e-06;0.995173;9.33783e-07;1.25064e-06;2.01557e-07;1.94073e-06;0.000809963;0.000125431;6.6769e-07;8.31059e-05;8.67869e-07;6.31145e-08;5.86084e-05;0.00374278
5.99849e-10;2.5839e-11;0.999999;2.10134e-10;6.14668e-10;6.20222e-10;9.17607e-10;2.43553e-10;1.55937e-10;1.35589e-10;1.26695e-10;5.96826e-07;1.30703e-13;2.12464e-11
0.000101288;0.985293;7.78889e-08;2.25632e-06;5.09357e-07;7.01367e-07;1.18444e-05;9.3528e-05;0.000214887;6.20571e-07;5.55148e-05;0.00178566;0.012436;4.20686e-06
5.00802e-05;0.341621;2.33636e-06;4.8489e-06;3.07171e-05;1.85665e-06;2.86044e-06;0.00580517;0.000569107;2.43208e-07;0.000285746;0.637768;0.0138328;2.50457e-05
5.07992e-05;0.769835;1.92774e-05;1.55019e-05;0.00122545;0.0098241;0.000451032;0.0100778;2.57122e-05;0.00108575;1.64345e-06;2.97536e-06;0.150565;0.0568196
8.65752e-08;8.03753e-08;0.999951;3.77351e-08;2.83153e-08;3.90731e-08;1.27888e-07;7.0548e-07;1.01593e-07;2.24181e-08;1.439e-07;4.73353e-05;1.31352e-07;1.93286e-09
2.56239e-05;0.0273288;0.260051;1.44115e-05;8.10111e-07;1.03435e-05;0.000406077;0.00245102;3.04582e-05;2.00103e-05;0.00012476;0.703841;0.00559795;9.71152e-05
1.79689e-06;0.283698;5.07349e-06;2.77788e-05;0.000856418;0.000839468;0.00822239;0.000192432;6.41027e-06;0.01649;1.62982e-05;8.03567e-09;3.45947e-05;0.689609
2.64104e-09;1.1981e-09;0.999997;1.15625e-08;1.78225e-08;3.98479e-09;2.44919e-08;9.37315e-09;9.62177e-10;2.84603e-09;2.8313e-08;3.00116e-06;1.90063e-11;1.5617e-10
1.98815e-05;0.997548;5.23607e-05;1.22824e-05;2.89716e-06;4.32746e-06;2.05686e-06;0.000127291;9.266e-07;7.73122e-08;2.09445e-06;0.000144364;0.00206769;1.60073e-05
3.83693e-06;0.702144;4.29165e-08;8.2347e-06;1.04349e-05;6.8438e-05;3.37146e-08;0.291501;4.53219e-07;1.01309e-06;6.90385e-08;0.000397495;0.00196462;0.00390076
4.17014e-06;0.001044;1.51078e-10;3.21404e-06;5.5011e-06;2.90703e-05;1.26416e-07;0.00485879;2.62335e-06;9.25423e-08;5.01796e-05;0.000346062;0.993651;5.03011e-06
6.88611e-05;0.000653945;1.9186e-05;1.3975e-05;4.05921e-05;5.05783e-06;2.16414e-07;0.00152051;6.45244e-05;5.42531e-07;8.22966e-05;0.99643;0.00105651;4.37534e-05
4.99634e-07;0.99904;2.40232e-09;1.00118e-07;7.00143e-09;2.11541e-08;1.47022e-07;9.45543e-06;2.71798e-07;2.56349e-08;1.03248e-06;1.57875e-05;0.000932481;3.73303e-09
1.09e-06;0.0018874;2.89775e-08;5.31937e-07;1.22262e-05;1.51593e-06;1.04552e-08;0.00351626;3.03773e-06;5.07364e-08;2.63212e-05;0.994069;0.000481084;1.29213e-06
8.79075e-07;0.976725;1.21283e-06;2.93734e-06;6.42117e-07;3.69964e-06;0.0140611;1.88312e-05;1.22904e-07;0.00126506;7.62392e-07;3.65214e-08;6.469e-06;0.00791329
1.95652e-09;1.58426e-08;0.999998;3.99483e-08;4.94989e-10;2.18325e-09;4.38275e-07;3.53637e-09;5.98493e-09;3.57846e-09;8.07251e-07;5.29375e-07;1.16875e-09;4.5142e-11
4.09887e-05;0.713359;0.00154211;8.03096e-05;7.4012e-06;0.000115015;0.000121331;0.0739311;0.000127099;3.05595e-05;0.00161717;0.00884147;0.199707;0.000479624
1.85464e-06;0.00184386;1.88608e-09;1.77382e-06;7.84414e-06;8.46606e-05;8.63905e-07;0.000131206;2.5057e-05;4.47884e-07;6.98828e-05;3.58301e-06;0.997823;5.60375e-06
1.41159e-05;0.0008869;4.95969e-06;1.011e-06;5.26967e-06;2.54052e-07;2.62028e-08;0.000158985;8.41944e-06;5.79437e-08;1.70846e-06;0.998812;0.000102817;3.265e-06
4.73517e-06;0.996861;3.29378e-08;2.4721e-05;7.20647e-06;1.03888e-05;0.000141375;0.00159649;1.93232e-06;0.000155996;1.17746e-06;1.04942e-06;9.11424e-06;0.00118501
1.04733e-09;3.47188e-10;0.999999;8.23231e-10;6.62101e-09;9.41589e-11;8.31181e-11;1.92161e-08;1.64073e-11;1.31963e-10;1.40102e-10;1.30402e-06;1.22705e-12;8.95995e-11
6.39118e-05;0.177814;1.03189e-05;4.15373e-06;1.22586e-05;3.40735e-06;1.16325e-06;0.57959;4.53815e-05;5.39947e-07;9.99885e-05;0.145479;0.0968649;1.15196e-05
2.099e-07;0.194517;1.35309e-09;3.82033e-06;8.76615e-06;1.22335e-07;1.7579e-05;9.09894e-07;2.82023e-07;3.35201e-05;3.02226e-07;1.25112e-05;1.14369e-06;0.805404
0.000126197;0.0809655;5.96475e-08;5.0412e-05;7.36149e-08;2.5597e-07;0.796669;0.000177638;0.0445122;2.93985e-06;0.069804;6.85045e-06;0.00768444;3.36903e-07
1.81213e-05;0.990286;1.85856e-08;2.4513e-06;2.54186e-05;1.88674e-06;0.000312133;0.00919998;4.72387e-05;9.48611e-06;1.17997e-05;5.1849e-06;5.28327e-05;2.73846e-05
0.000117795;0.00567379;0.0178389;6.84868e-05;0.00525556;0.000329291;5.34379e-07;3.41495e-05;3.17422e-07;2.57905e-05;2.1847e-06;0.960456;0.000350071;0.00984734
6.60894e-05;0.954995;7.30235e-07;9.98995e-07;5.53782e-05;4.13348e-06;9.13286e-05;0.0436681;6.28629e-05;3.5183e-08;3.02763e-05;0.000798482;0.000163361;6.3238e-05
2.66711e-06;0.987416;9.97098e-09;9.4061e-07;3.88467e-07;2.31792e-07;0.0106724;0.000245766;3.56935e-05;0.000443905;4.42957e-07;8.36227e-09;0.000487828;0.000693637
1.23895e-10;1.21818e-11;1;3.15477e-10;1.06045e-09;7.69009e-10;1.60128e-09;3.75122e-10;2.1485e-09;3.06936e-10;3.63237e-10;3.3449e-08;9.76303e-14;3.0266e-12
8.55395e-07;0.996603;1.6608e-07;4.64757e-07;1.83568e-07;8.00596e-08;1.85754e-07;0.000319794;3.55607e-07;4.23642e-08;1.72364e-07;5.14498e-07;0.00307319;4.11269e-07
2.72781e-06;0.95902;1.25769e-08;1.44463e-06;5.58958e-05;8.37226e-07;7.0976e-06;0.0404858;6.8583e-06;4.72907e-06;3.94558e-06;6.51394e-05;0.000145612;0.00019959
8.4799e-05;0.0124933;0.0316771;0.000148895;0.0247979;0.000571676;3.68918e-07;0.000218178;6.13933e-08;1.23426e-05;8.83759e-06;0.873395;7.65435e-05;0.0565149
1.39306e-05;0.978533;6.54044e-08;7.81414e-07;5.08166e-05;1.60327e-05;1.73513e-06;0.0152477;1.20825e-05;3.7589e-08;4.04249e-06;0.000148305;0.00366103;0.00231061
2.66259e-06;0.0268028;1.02815e-11;2.85694e-07;4.19308e-06;1.01507e-07;6.04083e-08;0.00213501;8.55094e-07;7.64989e-08;8.4943e-07;0.000353826;0.97069;9.15802e-06
0.000113314;0.171747;0.000148731;1.16149e-06;0.000189831;4.25243e-05;1.53341e-06;0.00890105;1.91475e-06;3.36232e-05;1.27499e-07;0.00495447;0.813608;0.000257147
3.70431e-08;1.39364e-07;0.999994;3.67294e-08;3.36338e-07;4.7663e-07;6.94637e-09;1.21094e-07;4.66265e-08;5.29579e-09;1.19343e-08;4.90415e-06;2.67402e-08;2.11862e-08
9.44399e-08;8.68547e-06;0.998852;5.91803e-07;1.82217e-07;7.7742e-08;2.38243e-08;0.000682202;4.15434e-08;1.10699e-08;9.37995e-08;0.000450608;2.61075e-07;4.57311e-06
1.67826e-09;2.63711e-05;6.33357e-07;3.54014e-08;2.31999e-06;2.40076e-05;2.49244e-11;5.94576e-07;6.29598e-12;5.69216e-09;3.67139e-10;5.38778e-06;8.05597e-09;0.999941
2.16395e-06;0.00125774;2.19065e-08;9.55584e-07;8.89675e-06;6.7142e-06;3.59279e-08;0.000976141;1.18537e-07;1.83753e-08;2.28871e-05;0.000229693;0.997495;1.57041e-07
4.41895e-07;0.980276;2.20324e-05;1.21632e-05;9.44516e-06;2.23047e-05;2.17982e-08;2.69475e-05;5.46981e-10;3.36074e-07;9.82125e-08;1.47768e-06;0.0195135;0.000114764
1.79235e-06;0.00365416;1.39387e-05;1.38681e-05;1.768e-05;2.01043e-05;9.45904e-07;0.000867967;4.8798e-06;1.5955e-07;0.000396574;0.993972;0.000876404;0.000159396
0.000389432;0.670087;0.000606041;0.00106758;0.00199843;0.00348866;0.000143529;0.195605;0.000757452;0.000126231;0.0998576;0.0128301;0.00173971;0.0113027
8.02044e-05;0.0858374;7.43659e-07;1.25139e-05;1.13224e-05;2.28354e-05;5.48597e-05;0.00234355;6.28881e-05;4.41358e-06;0.000941143;0.00331436;0.907311;2.53706e-06
7.13988e-06;0.996652;2.47184e-07;9.71726e-07;4.97805e-05;6.38562e-06;3.6835e-05;0.0014896;3.93987e-06;4.21686e-06;1.50732e-05;0.00105221;0.000583209;9.81734e-05
0.000127942;0.00439311;0.00064338;2.38623e-05;0.00144606;0.00103414;1.55833e-07;0.000400523;5.01534e-07;9.1755e-06;2.46939e-06;0.988151;0.00275538;0.00101179
0.000137813;0.606376;7.10863e-06;2.15532e-06;0.00024023;2.3868e-05;1.14274e-05;0.37746;7.18049e-05;2.09987e-07;8.22597e-05;0.0141169;0.00111669;0.000353887
1.93169e-06;0.945093;7.66497e-07;5.93903e-06;2.06156e-05;6.84922e-06;0.00947595;0.000602344;3.49966e-06;0.0101772;3.53025e-07;9.10575e-08;6.09725e-05;0.0345508
2.6045e-10;1.43833e-10;1;9.60955e-10;1.52631e-09;1.14585e-09;1.38418e-08;8.01173e-10;2.04048e-09;8.54397e-09;1.12178e-09;1.63659e-08;6.78612e-13;6.62148e-12
7.23538e-06;0.998304;1.71007e-05;2.18011e-05;4.97011e-07;2.64408e-06;1.45456e-05;5.72515e-05;2.60496e-05;1.03905e-06;9.44735e-06;1.20937e-05;0.00152466;1.38315e-06
3.38286e-05;0.000282821;2.79686e-08;2.99431e-06;1.83975e-06;4.17546e-08;3.74984e-06;0.99796;0.00166455;2.62609e-07;4.08802e-05;3.8523e-07;8.26242e-06;7.03733e-07
5.96109e-06;0.95871;5.0452e-10;3.35612e-06;4.9949e-05;8.88881e-08;4.73207e-08;0.000902584;1.43293e-06;2.32209e-06;7.08693e-07;0.000254691;1.81958e-07;0.0400689
2.12177e-06;0.00114172;0.000400764;6.19584e-06;0.000329171;0.000116919;1.52712e-08;7.04479e-06;2.4577e-08;5.58958e-07;2.10043e-07;0.983101;2.5951e-06;0.0148916
6.57227e-06;0.00908398;6.1546e-10;8.489e-09;1.74068e-07;3.24721e-07;9.84545e-08;0.985609;1.88117e-06;6.91599e-09;1.03982e-06;1.67234e-08;0.00529659;8.96737e-09
6.49731e-09;6.15581e-09;0.999997;8.98658e-09;1.13357e-10;1.27586e-10;6.9014e-10;3.27436e-08;1.57087e-09;2.42585e-11;1.20957e-09;3.36191e-06;3.02629e-10;5.36124e-12
4.01642e-06;0.0123005;4.05963e-05;0.00159837;4.94222e-07;2.09917e-06;2.26509e-06;0.000228942;0.0018688;2.6652e-06;0.000890377;0.980768;5.6176e-05;0.00223681
2.3022e-05;0.849829;1.75242e-05;7.11635e-05;3.05561e-06;6.70332e-05;1.50849e-06;1.84729e-05;3.58559e-07;5.55958e-06;1.81029e-05;0.000556544;0.149274;0.000114277
5.35881e-08;0.000684223;1.10072e-10;3.23253e-08;0.000194443;2.08001e-06;2.12534e-10;0.998883;5.18294e-09;1.96411e-08;1.0038e-08;9.22113e-06;1.14587e-06;0.000226056
4.54519e-09;8.46466e-06;0.999585;1.59497e-06;0.000191813;0.000181862;5.81213e-12;6.55521e-06;4.30971e-11;2.37095e-08;3.52172e-09;6.36028e-06;4.29466e-06;1.44196e-05
6.44791e-06;0.000927871;1.84948e-05;3.0408e-05;8.03341e-06;0.000157948;4.31521e-06;0.000889041;2.34853e-05;2.9238e-06;0.00954575;0.000820729;0.987555;9.84048e-06
