1.90956e-06;0.899905;1.1647e-09;1.58185e-07;2.81528e-09;2.05233e-08;5.48693e-07;2.79269e-06;5.69422e-07;1.06685e-08;2.41013e-06;8.4309e-05;0.100002;3.68343e-08
8.06043e-06;0.00775595;3.38483e-08;2.08234e-05;0.000954059;2.60663e-05;6.57756e-08;0.00125363;2.2611e-05;3.23033e-06;2.93535e-06;0.957885;3.54011e-05;0.0320323
1.04114e-06;0.999115;2.19763e-06;7.77464e-05;2.10138e-06;6.60087e-06;2.27653e-06;5.05759e-07;3.90509e-07;4.96374e-06;1.04082e-05;1.08465e-05;0.000748935;1.67731e-05
7.83435e-06;0.0219662;9.16405e-10;2.32657e-05;1.44632e-06;2.90116e-05;1.63093e-06;0.000581499;2.34242e-05;2.12009e-07;4.9265e-05;0.0132893;0.964024;2.99131e-06
7.76696e-05;0.00879377;0.973323;0.000197731;0.00146133;0.00106963;2.10876e-07;0.00100341;7.12356e-08;7.69723e-06;1.54754e-07;0.000807625;0.00276685;0.0104904
3.80885e-08;0.000179431;9.14539e-10;6.8728e-08;1.98968e-09;1.20682e-05;2.9758e-07;1.02463e-07;4.09707e-08;1.88053e-08;2.32721e-07;2.80539e-08;0.999808;3.32365e-08
1.06837e-07;1.78856e-06;0.999982;4.45353e-07;3.07768e-08;5.44904e-08;4.79877e-09;1.91942e-07;9.75751e-10;4.92596e-08;6.78107e-09;1.325e-05;6.71521e-08;2.31695e-06
1.15946e-06;0.96296;2.69934e-09;9.43961e-07;2.05977e-06;1.7464e-07;0.0123757;0.0245458;2.13015e-05;2.54431e-05;4.40867e-05;2.03217e-09;1.88969e-05;4.40786e-06
3.65228e-09;2.06557e-08;0.999999;1.96599e-08;7.55308e-10;1.96351e-10;2.13233e-07;1.17028e-07;5.75698e-09;1.15637e-08;1.38305e-07;1.44546e-07;5.14827e-10;1.32798e-11
0.000109983;0.0727627;0.000120828;7.91329e-05;0.000111321;1.13302e-06;4.93028e-05;0.0200721;8.66431e-05;8.92899e-06;0.000422903;0.896108;0.000279683;0.00978727
5.5192e-05;0.939509;2.41439e-05;3.29251e-06;7.72193e-06;2.01577e-07;1.46875e-05;0.0138203;1.19389e-05;9.05889e-07;0.000149417;0.0197454;0.0263888;0.000269021
3.8608e-08;0.996105;1.88679e-09;6.9259e-08;7.6976e-08;9.00881e-08;0.000404119;1.25265e-05;4.84697e-09;3.91485e-05;1.12935e-08;3.44076e-07;2.90404e-06;0.00343593
1.62378e-11;6.21226e-11;0.999997;3.74159e-10;9.89534e-10;9.42035e-09;2.96967e-10;1.09355e-09;1.53729e-12;6.50326e-11;1.30329e-11;2.9746e-06;1.23029e-12;1.9725e-09
2.71707e-05;0.185959;1.93983e-07;2.39068e-05;0.000105057;4.98624e-05;4.79615e-06;0.0527931;7.0596e-05;8.03362e-07;0.000252113;0.000688826;0.759939;8.57772e-05
0.000150698;0.318101;1.85329e-05;0.000127622;0.000128904;0.000237969;3.22829e-05;0.080949;0.000371823;5.71362e-06;0.000875145;0.473324;0.102074;0.0236032
0.000162983;0.648641;1.85361e-06;0.000454291;0.000347905;0.00065636;3.31125e-06;0.112049;3.10026e-06;0.000100119;3.27657e-05;0.150058;0.000720897;0.0867686
0.000192839;0.0013441;7.75821e-09;2.69975e-06;7.59005e-06;2.97378e-06;1.73869e-06;0.0768736;0.000213168;2.11119e-07;0.00089905;0.000455672;0.920006;1.03225e-07
0.000119566;0.997336;8.92345e-05;0.000194663;5.34112e-06;7.56048e-06;0.000294169;0.00105094;1.04321e-05;0.000128023;1.54142e-06;1.40251e-06;0.000117069;0.000643719
3.64446e-08;1.05913e-07;0.999995;1.02876e-07;2.85956e-09;9.54827e-10;5.16275e-08;9.97857e-08;2.8839e-08;5.03912e-09;1.55459e-07;4.4793e-06;2.63555e-08;1.57376e-10
1.14329e-06;0.000287331;7.07778e-05;1.23445e-05;1.78856e-05;7.12031e-07;1.07561e-07;0.00358801;3.20731e-05;1.97872e-07;0.00016878;0.995631;2.97852e-06;0.000187061
1.87297e-06;0.956559;1.50694e-06;6.69638e-06;6.53428e-06;2.38195e-05;4.22718e-06;0.0138074;2.08578e-05;4.60804e-07;0.000381186;6.1398e-06;0.0291731;7.13529e-06
3.21467e-05;0.000800782;7.65208e-05;0.0179002;0.0276804;0.853719;2.49564e-05;0.00105504;8.98186e-05;0.000161282;0.000399113;0.00548888;0.000277454;0.0922946
2.40054e-05;0.0055516;5.77257e-08;8.07436e-09;4.24417e-06;4.05515e-07;2.0889e-09;0.989702;1.17047e-08;1.14989e-09;1.40105e-08;8.05108e-07;0.00471675;1.77203e-07
2.28905e-08;0.000573296;3.85609e-06;2.25182e-07;7.99553e-05;1.18584e-05;4.24407e-11;0.000104262;9.12565e-10;8.69396e-09;4.10568e-09;0.997959;0.000228568;0.00103888
2.15903e-07;0.9956;1.21304e-07;1.23857e-05;0.000871503;5.82112e-05;7.63649e-08;0.00104779;2.55437e-07;4.40087e-06;3.77873e-07;2.45548e-05;0.000902827;0.00147689
0.000137488;0.000780574;2.20519e-05;4.94478e-05;0.961945;0.0151276;7.16317e-07;0.00143856;2.92305e-05;3.6599e-05;9.62995e-06;0.0114862;0.00116291;0.00777369
0.0115801;0.884199;2.63261e-06;1.91436e-05;0.00216626;3.71807e-06;0.000118303;0.0414328;0.00122821;4.77784e-06;0.000106824;3.46972e-05;0.0589229;0.000180767
0.00118432;0.298269;4.43117e-06;0.00548116;0.0197206;5.23032e-05;1.21623e-05;0.650042;0.00554313;0.000196979;8.23368e-05;0.0180026;0.000126415;0.00128219
0.00525923;0.409012;1.34645e-05;3.2275e-05;4.92826e-05;0.000201702;0.000282533;0.0432804;0.000786433;7.46588e-06;4.80529e-05;0.00235091;0.53688;0.00179643
2.36976e-05;0.166804;2.06898e-06;5.42285e-06;3.1468e-06;1.35824e-05;1.04626e-07;0.00588786;0.000121636;5.76405e-08;7.11999e-06;0.815685;0.0112912;0.000155405
0.000100003;0.63005;2.60255e-05;3.11511e-05;0.0207328;0.000148602;9.84715e-07;0.300133;7.35798e-05;4.3862e-07;1.26259e-06;0.0179409;0.024096;0.00666512
3.54787e-05;0.372151;1.36948e-05;0.000450782;0.000366328;4.27785e-05;3.87873e-06;0.00397886;0.000358203;1.43345e-05;8.71645e-05;0.583861;0.0172033;0.0214332
0.000237655;0.921617;3.38282e-06;0.00312786;0.000113519;0.000614099;0.00124549;0.0014503;0.0024297;0.000425452;0.00208482;0.00325071;0.0629273;0.000472513
5.52586e-05;0.0266412;0.0311244;5.51795e-05;1.89029e-05;1.57784e-06;1.45882e-07;9.90385e-05;3.22709e-07;2.00093e-06;2.60019e-06;0.941658;0.000212253;0.000128861
2.24177e-05;0.398613;6.70789e-08;1.75419e-06;2.08111e-07;1.63811e-07;0.599211;0.000220254;0.000108672;0.00146802;0.000238918;2.9942e-08;7.62097e-05;3.89026e-05
1.12618e-08;7.13062e-09;0.999999;1.45219e-09;7.10065e-09;5.64129e-09;3.72354e-08;1.05952e-07;1.91056e-08;4.97086e-09;1.8735e-08;6.82723e-07;8.18079e-11;2.60984e-10
2.54315e-05;0.991157;3.37518e-07;2.0892e-07;3.34935e-07;1.46332e-07;0.00464019;0.000118842;2.44467e-05;0.000598227;4.66768e-06;1.05267e-06;2.78573e-05;0.00340162
2.39659e-09;1.8261e-09;0.999992;3.35946e-10;6.68832e-08;3.35259e-09;1.94539e-08;1.88184e-09;1.34937e-08;5.05645e-09;1.02489e-08;7.96972e-06;2.31205e-12;1.24931e-08
9.11316e-07;0.999531;1.36212e-07;4.64461e-09;2.25855e-08;4.22974e-10;1.42583e-06;6.82801e-05;1.95141e-07;4.36686e-09;6.18546e-08;8.69087e-05;0.000310764;1.45541e-07
2.10053e-08;0.998037;1.06907e-09;3.89643e-10;8.50987e-08;3.07803e-08;1.02669e-05;4.87242e-05;5.50128e-10;1.48296e-06;2.56717e-11;5.78822e-08;1.82738e-06;0.00190043
5.02822e-13;3.09511e-11;0.999999;2.44603e-11;1.47646e-10;1.35544e-09;3.70224e-12;4.03837e-10;7.09519e-14;3.3276e-12;5.98256e-14;1.22903e-06;2.16757e-14;1.72514e-09
1.86401e-06;0.00765367;9.06506e-08;8.01826e-07;3.17285e-07;7.99188e-07;5.63659e-08;0.0371865;3.21601e-06;8.37388e-09;2.331e-05;0.000108653;0.955019;2.03211e-06
1.67168e-06;0.000963358;0.000222391;4.88012e-06;5.39445e-07;1.99378e-06;1.63698e-08;0.000420494;1.32269e-06;2.39933e-07;5.54066e-06;0.989879;0.00847875;1.95977e-05
5.69111e-06;0.00941711;3.36459e-08;3.04035e-07;2.64074e-05;1.45152e-06;3.10711e-08;0.988953;9.06325e-07;3.21501e-07;4.00958e-06;1.74695e-06;0.00152962;5.9553e-05
3.00127e-07;0.00124324;0.00201968;5.32958e-06;4.0531e-06;4.7139e-06;2.84489e-08;5.28344e-05;3.02154e-07;6.87435e-08;1.29459e-05;0.996311;0.00010633;0.000238948
4.26975e-06;0.924374;8.38691e-07;7.72062e-05;5.0294e-05;7.92158e-06;1.45003e-05;0.0136815;6.789e-05;7.17838e-06;0.000190004;6.58032e-05;0.0597987;0.00166021
0.000137869;0.00557939;4.04965e-08;1.51821e-06;0.0151517;9.72419e-07;1.27628e-06;0.978032;0.000455963;2.4632e-07;2.4957e-06;0.000441806;0.00016848;2.57703e-05
2.42426e-06;6.58632e-05;0.999422;4.93111e-06;0.000228759;1.23309e-06;1.00472e-09;3.58889e-06;1.76404e-07;6.16957e-08;1.45706e-07;0.00025235;6.4133e-06;1.16983e-05
0.000298598;0.00356228;6.48807e-08;2.22297e-05;1.75585e-06;3.22613e-07;0.000331351;0.0017498;0.46506;1.53804e-06;0.524217;0.000296016;0.00445658;2.30368e-06
6.297e-05;0.00236143;1.73269e-08;2.25449e-08;4.82576e-05;2.84322e-06;1.44668e-07;0.996309;5.76625e-06;3.49308e-07;7.75616e-07;6.4033e-07;0.00111231;9.59188e-05
3.97278e-07;0.000322086;3.88477e-06;2.35767e-06;7.86712e-05;1.01715e-05;9.82453e-09;0.000118056;4.30091e-06;1.98085e-07;3.0429e-06;0.998937;1.09134e-05;0.000508622
7.65031e-06;0.966275;1.25577e-06;1.68582e-05;3.02472e-05;8.60316e-07;1.43531e-06;0.0106623;1.75552e-05;7.03325e-06;6.29296e-06;0.000111782;0.0228322;2.9261e-05
1.15163e-05;0.0201124;7.51557e-06;1.0899e-06;0.000157317;1.43922e-06;7.60668e-07;0.000194505;6.92151e-06;4.78009e-07;2.44976e-06;0.978463;3.36853e-05;0.00100674
8.40386e-05;0.00542004;3.268e-09;1.43242e-05;0.000421203;4.02892e-05;1.55022e-06;0.985808;0.000490563;2.20461e-06;4.17567e-05;4.43763e-05;0.00759121;4.03948e-05
7.47245e-05;0.99109;2.38314e-08;3.42273e-05;4.82412e-06;1.87259e-06;2.57487e-06;0.00491455;0.00027855;1.99492e-06;5.50815e-05;0.000996356;0.00252322;2.19402e-05
4.69027e-05;0.993229;1.25668e-09;0.00282761;0.000490528;0.000154138;1.29329e-06;0.000623148;0.000347888;0.000143256;2.68182e-05;0.000840289;0.000492779;0.000776129
0.000596007;0.984862;0.00014855;1.05289e-05;1.62189e-06;1.12794e-07;4.39189e-06;0.00378677;8.24893e-05;8.00605e-08;0.000129227;0.00756319;0.00281395;1.20151e-06
4.57576e-07;0.00147943;5.60309e-09;9.09278e-06;0.000184548;2.13657e-05;2.88806e-09;7.02636e-05;1.13703e-07;6.02364e-07;4.23848e-09;8.15824e-05;2.66893e-06;0.99815
0.000176815;0.00132131;6.9414e-11;1.64104e-06;8.54576e-08;8.36745e-08;7.48071e-06;0.00121393;0.00235406;1.72383e-08;0.00135357;1.18167e-05;0.993559;2.36817e-07
4.15063e-06;0.000150344;8.79946e-10;6.73426e-07;6.54619e-07;3.30851e-08;7.54126e-09;1.7707e-05;4.63377e-05;3.35627e-08;1.19204e-05;0.999669;9.25901e-05;6.62419e-06
2.87446e-06;0.995789;6.4309e-06;5.17964e-06;3.90835e-05;1.1375e-06;8.68073e-08;6.26827e-06;6.92933e-09;4.39937e-07;4.09589e-08;9.07235e-05;0.00401403;4.43312e-05
3.72863e-07;9.75414e-05;5.26202e-08;3.93658e-08;4.63342e-07;1.72346e-09;8.72841e-09;0.00010664;2.93439e-08;1.31875e-10;1.88116e-07;0.999772;1.7007e-05;5.92781e-06
1.69282e-05;0.936139;2.31542e-06;8.80368e-06;4.61615e-05;2.56376e-06;0.000120184;0.0201184;2.47886e-06;6.79926e-06;1.76804e-06;0.00203348;0.0387442;0.00275648
7.70783e-07;4.29532e-06;6.63031e-08;1.96708e-06;3.24509e-07;0.017715;6.10891e-05;1.91618e-06;1.79296e-05;1.12106e-05;4.55263e-05;1.3037e-07;0.982113;2.63558e-05
9.2953e-07;5.09319e-06;0.999985;1.84333e-06;2.63421e-07;2.84306e-07;1.1639e-07;9.32127e-07;9.70669e-09;1.0129e-07;1.00888e-07;4.68555e-06;7.50401e-08;5.06234e-07
9.43856e-06;0.991493;2.32775e-06;4.53408e-05;4.34259e-05;6.07896e-05;2.34797e-05;0.00324793;0.00053326;1.22594e-06;0.000857005;6.44919e-06;0.003376;0.000300382
