6.18465e-07;0.997083;2.77238e-09;1.73268e-07;1.77613e-09;1.41916e-08;1.60003e-06;5.26844e-07;4.15175e-07;6.17589e-09;8.09851e-07;7.08149e-05;0.00284244;2.57339e-08
4.63301e-06;0.979693;1.00871e-09;0.00010288;2.96132e-05;2.97925e-05;3.02338e-08;0.00126334;2.82489e-05;4.72591e-07;1.44371e-06;0.00464626;0.00103539;0.0131649
1.85506e-05;0.000500493;4.23092e-08;6.00182e-06;6.79374e-06;9.24994e-06;1.89549e-08;2.14224e-05;9.45478e-06;2.15153e-07;9.31819e-06;0.99723;6.67231e-06;0.00218176
5.72778e-07;0.988149;4.3783e-05;5.54721e-07;2.32981e-05;8.53637e-06;2.36066e-09;7.45323e-05;1.65521e-10;2.26399e-07;1.19301e-08;8.41825e-06;0.0116875;4.07801e-06
3.21751e-06;0.0644889;2.79519e-06;2.0677e-05;7.37847e-06;0.000864517;7.48785e-07;0.0021697;5.55388e-05;6.29028e-06;0.000462597;0.919507;0.0094616;0.00294949
5.02169e-05;0.719987;0.0190808;0.000355771;0.000124358;0.00204561;0.0011836;0.0012733;5.79556e-07;0.00545721;1.13573e-05;0.216355;0.0278483;0.00622663
6.44678e-10;2.09268e-10;1;2.59405e-10;9.71619e-10;1.05387e-08;1.11604e-09;1.22285e-09;5.98474e-11;5.67685e-11;6.73211e-10;9.36454e-09;1.28529e-10;1.45135e-10
1.09148e-06;0.108428;1.18023e-09;7.33028e-07;6.25103e-06;3.84987e-06;3.60123e-07;0.00202338;3.43776e-06;7.71e-08;5.32929e-05;0.000402542;0.889066;1.03655e-05
5.76138e-06;0.00286516;3.36474e-06;1.14506e-05;6.16336e-05;3.90212e-05;4.93638e-07;0.00165238;9.4739e-06;3.66379e-06;3.14596e-05;0.991154;0.00405074;0.000111321
1.3403e-06;0.988445;1.09807e-07;1.0243e-06;3.12941e-08;1.62662e-05;4.07212e-05;1.82478e-06;1.32018e-07;1.09242e-06;2.36428e-06;0.000366078;0.0111189;5.13964e-06
6.6084e-05;0.00767693;3.06242e-06;0.000133581;0.000274538;0.00116219;1.33642e-05;0.0139021;4.74818e-05;5.38873e-06;0.000162021;0.946869;0.0290934;0.000590964
0.000187464;0.968123;7.05607e-07;0.000154748;0.000205505;0.000183476;0.000108811;0.026824;4.94385e-05;2.26405e-05;3.08693e-05;0.000440861;0.00325412;0.000414274
0.000648081;0.0219991;1.61147e-06;6.77224e-06;2.26642e-05;2.97247e-05;0.000437653;0.0180332;2.13881e-05;3.4786e-06;0.000189495;0.834673;0.122538;0.00139593
3.0257e-05;0.928772;3.94802e-07;2.17866e-05;2.68561e-05;6.97015e-06;0.0219746;0.00790518;5.23281e-05;0.00115976;6.60541e-06;3.9449e-07;0.000212804;0.0398306
9.30493e-11;6.90303e-11;1;8.95628e-10;9.77804e-11;4.31524e-11;1.04047e-09;9.21391e-10;8.37747e-11;8.21727e-11;7.51872e-10;3.55635e-08;1.37352e-12;4.88736e-12
6.40183e-05;0.673046;5.78331e-07;0.00025968;3.46566e-05;1.19153e-05;6.55375e-05;0.305423;0.00590436;3.76799e-05;0.00686538;0.00175156;0.00623574;0.000300554
4.3192e-05;0.138471;6.40197e-05;7.83253e-05;0.000896186;0.000226443;2.28019e-05;0.0019562;0.000416742;6.4491e-06;0.00330489;0.80536;0.01485;0.0343031
2.38876e-05;0.962663;9.7351e-09;1.76318e-05;9.30559e-06;0.000128572;9.59632e-06;0.00344322;7.1235e-06;2.49915e-06;8.08256e-06;0.000924461;0.0302277;0.00253541
4.02298e-05;0.000835061;2.55068e-08;8.0989e-07;9.27472e-07;1.60846e-06;8.12321e-07;0.065982;2.0492e-05;4.78882e-08;3.3459e-05;1.97259e-05;0.933064;8.06351e-07
3.76687e-05;0.00218623;3.08586e-05;8.21934e-06;1.41516e-06;1.63063e-06;1.17556e-07;0.00161156;4.0446e-05;5.69892e-07;1.82308e-05;0.993373;0.00263802;5.19275e-05
1.05164e-05;0.00683431;1.27963e-08;9.86113e-08;3.94229e-05;9.03863e-07;7.52019e-09;0.99245;5.70308e-07;1.63766e-07;1.77782e-07;4.40657e-05;0.000597057;2.30552e-05
1.8518e-05;0.898948;0.0006494;0.000248757;0.000575968;0.000556722;0.000257146;0.0202841;5.77671e-05;0.00057245;0.000246195;0.0592744;0.00239774;0.0159126
1.32821e-08;1.30563e-07;0.999998;2.34482e-08;2.07293e-10;1.67971e-10;1.40394e-07;1.13354e-06;1.171e-08;8.96077e-09;1.85696e-07;9.37769e-08;2.61047e-08;9.62759e-12
1.06653e-06;0.000227558;0.00157134;9.1841e-07;1.7933e-06;2.12757e-08;8.43503e-08;1.10652e-05;1.11097e-06;8.74078e-08;3.0058e-06;0.998011;4.43251e-07;0.000170345
9.454e-06;0.14114;1.51248e-05;2.28107e-07;0.00122397;0.000414828;4.29302e-07;0.155849;1.28839e-06;9.98847e-07;3.6197e-07;6.42531e-06;0.700975;0.000362215
2.08103e-05;0.105673;1.11008e-06;9.04201e-06;0.0017966;0.0050576;1.18822e-06;4.40368e-05;1.33384e-05;1.35918e-05;1.22456e-05;0.244042;0.641485;0.00183003
0.000196508;0.0173644;0.970614;6.88834e-06;0.00261319;7.00746e-06;1.56857e-07;0.00873589;4.73312e-07;4.91048e-07;7.37644e-09;0.000264388;2.03381e-06;0.000194735
1.87175e-07;0.109663;1.44772e-09;2.42322e-07;1.76932e-05;3.17917e-06;1.01226e-08;0.888983;1.42194e-06;1.35433e-08;2.35775e-08;1.94774e-05;0.0013046;7.23821e-06
1.58696e-07;0.99753;1.54919e-08;1.57794e-08;9.4635e-08;2.36324e-07;4.77913e-09;3.57054e-06;2.35105e-11;1.47892e-08;4.15919e-10;0.00018554;0.00227866;1.69863e-06
1.18516e-07;0.00103855;8.86517e-05;2.21359e-06;0.00037312;0.00085019;1.43822e-08;0.000182925;7.22139e-09;8.92388e-08;1.67048e-08;0.302576;7.99434e-05;0.694808
1.9978e-07;0.00151099;7.18547e-09;6.02405e-08;1.7757e-07;2.55808e-07;9.77946e-09;0.00338701;3.52719e-08;2.42018e-09;2.93543e-07;8.79025e-07;0.9951;1.84114e-07
3.58902e-06;0.00528585;1.45599e-05;2.41546e-05;7.46884e-06;4.86953e-05;1.96321e-08;3.55666e-05;7.25835e-06;4.93749e-07;5.62699e-06;0.990708;0.00304582;0.000812759
2.68387e-06;8.14349e-05;2.47549e-08;2.61724e-06;4.98756e-06;9.03144e-08;1.88317e-07;0.999811;4.99967e-05;5.4061e-08;3.54599e-05;1.62497e-06;9.38662e-06;1.02984e-07
1.10867e-06;0.992405;5.87736e-09;1.84727e-05;9.6477e-05;2.52313e-07;8.67541e-08;0.000315914;3.13682e-07;2.03137e-06;8.32212e-06;0.000695089;3.75407e-07;0.00645697
1.91494e-05;0.0471616;0.00562294;0.00145515;0.00117352;0.0174793;2.61663e-06;1.12675e-05;3.96394e-07;8.69078e-06;0.000586812;0.797758;0.000316988;0.128403
0.00010741;0.0029016;8.6115e-09;1.399e-06;1.19777e-06;2.21469e-06;3.57871e-07;0.657184;1.00149e-05;5.43226e-09;0.00312765;0.0005795;0.336084;6.00287e-07
0.000130534;0.0092257;5.61473e-07;1.95936e-05;1.59313e-06;6.85704e-07;2.88627e-08;0.00368693;0.000130825;1.32469e-07;0.000919703;0.982757;0.00267051;0.00045596
6.04131e-08;0.999891;1.78294e-09;3.61397e-07;7.68764e-09;3.74754e-09;3.16087e-05;3.31425e-06;2.38506e-09;1.04373e-05;3.57134e-08;6.1161e-08;7.93708e-07;6.26664e-05
2.45718e-10;4.71248e-11;1;4.01465e-09;1.53049e-09;4.47721e-10;4.12073e-09;5.58421e-09;1.14967e-10;6.44398e-10;4.6411e-09;7.18328e-08;7.03253e-14;2.99009e-11
2.83255e-06;0.916193;1.74507e-07;1.84438e-06;1.01401e-07;2.00812e-07;1.36793e-07;1.73553e-07;3.3476e-08;4.5423e-08;7.81519e-07;4.64819e-06;0.0837958;5.67575e-08
2.10778e-06;0.00247184;8.83173e-09;1.16487e-06;8.81353e-08;7.31941e-08;5.1902e-07;0.000272071;3.95155e-06;2.7851e-08;2.13036e-05;0.99712;7.71893e-06;9.91792e-05
7.68214e-06;0.446826;9.73432e-07;1.62574e-05;0.00134639;2.29254e-05;5.91904e-07;0.508136;2.53275e-06;5.76431e-07;1.566e-06;0.0306657;0.012574;0.000399212
6.06945e-08;1.30996e-05;1.30382e-08;3.76573e-08;5.21083e-10;2.06142e-06;5.59665e-07;4.28026e-08;4.19892e-08;1.64852e-07;3.91659e-07;9.42087e-09;0.999983;3.59657e-09
1.01567e-08;9.20881e-08;0.999999;1.76908e-08;3.94283e-09;6.07094e-10;2.33109e-10;2.46338e-09;2.76277e-11;1.72928e-09;5.25056e-11;1.20855e-06;3.47065e-10;1.19925e-07
5.27534e-06;0.995281;3.05125e-06;1.90696e-05;3.23776e-05;1.2089e-05;7.87289e-05;0.00358405;0.000247243;1.32249e-06;0.000297468;6.7486e-06;0.00026166;0.000169955
