1.26317e-06;0.99783;1.60541e-08;6.60654e-07;4.34362e-08;4.01343e-07;0.00120988;0.000269552;3.24644e-07;0.000103683;2.33742e-07;9.36341e-08;0.000547032;3.66499e-05
9.27983e-11;1.02108e-09;0.999996;1.11146e-09;1.5396e-09;3.01833e-10;2.04579e-10;1.28558e-10;7.20267e-12;2.63681e-11;6.39604e-11;4.13379e-06;1.62737e-12;1.52209e-11
2.26813e-07;0.996455;4.41389e-10;5.71504e-07;9.74609e-08;3.19713e-07;1.64735e-06;0.00051181;1.17067e-07;3.99798e-08;4.63506e-07;5.07065e-06;0.00301166;1.27707e-05
1.6985e-05;0.3478;4.96398e-08;7.9655e-05;4.5339e-06;4.15423e-05;0.000252937;0.00032397;1.37594e-05;2.70646e-06;0.00330661;0.0116392;0.636474;4.39836e-05
3.63612e-05;0.00725633;7.45809e-05;5.21213e-06;3.8534e-06;1.55728e-06;1.21777e-07;0.00020086;4.35979e-06;1.47555e-07;1.07983e-05;0.989364;0.00304005;1.47967e-06
0.000116479;0.915002;3.2952e-06;0.00102865;0.000329819;0.000193521;9.23967e-06;0.0436126;0.000172094;1.63978e-05;0.000333251;0.0364452;0.00247265;0.000264364
5.83093e-05;0.905313;6.45836e-06;2.27764e-05;0.00106164;2.45798e-05;2.49108e-06;0.0741462;2.69797e-05;5.58601e-06;0.000430773;0.000476717;0.0181458;0.000278453
6.71684e-06;0.000644176;2.90642e-05;9.17463e-07;6.4215e-05;7.34463e-06;2.70199e-09;2.36835e-05;1.00538e-06;4.4334e-08;5.20847e-07;0.998658;0.000410788;0.000153611
0.00015867;0.0396592;2.25814e-08;1.91855e-06;6.00567e-06;2.98219e-06;6.13974e-06;0.000914198;0.000619965;3.55024e-07;8.59068e-06;3.73038e-05;0.958579;5.19093e-06
0.00038414;0.0193952;5.52325e-06;0.000185948;8.62094e-05;2.87532e-05;4.027e-06;0.00848298;0.0200337;1.46724e-05;0.000619892;0.945632;0.0019603;0.00316623
5.72941e-07;4.16702e-05;6.92332e-11;3.84409e-08;0.000275551;6.07732e-09;2.33163e-08;0.999678;3.14502e-07;5.43795e-08;9.8912e-08;7.44015e-08;2.87836e-06;2.83482e-07
4.70461e-07;8.51469e-05;0.999797;3.57309e-06;6.45589e-06;5.16244e-06;4.13245e-06;9.32771e-06;3.0109e-08;7.02523e-05;6.53247e-07;1.54339e-06;8.0656e-06;7.94896e-06
6.18949e-09;1.2878e-10;1;1.4082e-10;1.91831e-10;9.45551e-11;3.43761e-09;1.51654e-09;9.9729e-09;2.23945e-11;1.52816e-08;1.30258e-08;8.8358e-12;1.58413e-13
2.28988e-06;0.00139236;9.87932e-05;2.27258e-07;2.18397e-06;3.9438e-07;3.94533e-08;0.000149296;0.000163414;3.23932e-08;7.03219e-06;0.998147;2.49582e-05;1.23146e-05
2.18181e-06;0.984027;3.53332e-09;7.49648e-09;9.52348e-06;5.5032e-05;2.27921e-08;2.31139e-05;2.51293e-07;1.4563e-08;1.08851e-08;1.87622e-06;0.0158464;3.45641e-05
8.54905e-06;0.00139222;1.83763e-06;1.51063e-06;0.0112991;6.33991e-05;3.09757e-08;0.00121538;7.72594e-06;2.48597e-07;4.5269e-08;0.984925;5.71928e-05;0.00102744
0.00010218;0.0682463;8.39398e-08;8.18399e-07;7.57201e-06;2.19815e-06;2.92761e-07;0.926893;0.00422843;1.11953e-08;2.01173e-07;2.30765e-05;0.000496022;3.91345e-08
3.0823e-06;0.830056;1.58185e-07;4.92769e-07;2.87241e-07;7.63041e-08;7.42568e-09;0.166678;1.74938e-06;1.69168e-08;8.91011e-09;0.00276761;0.000492699;1.7503e-08
0.000103032;0.126232;0.000747017;0.00940521;0.00850877;0.000820244;0.000139596;0.0552874;0.000173672;0.000254697;2.59617e-05;0.59786;0.19579;0.00465229
0.00226998;0.85572;0.000355585;0.0282653;0.000612408;5.2028e-05;0.0343586;0.0183434;0.00836824;0.000291079;0.00734598;0.0274217;0.00706083;0.00953476
0.000308309;0.00738654;2.99768e-05;4.47237e-05;0.000928386;2.64593e-06;4.34488e-05;0.988002;6.98912e-05;1.1707e-06;5.64131e-05;0.000411232;0.00187467;0.000840919
2.59124e-05;0.00273967;7.0518e-07;3.0964e-05;0.294986;0.000181676;2.57936e-06;0.701143;0.000164895;3.16393e-05;7.37598e-06;2.82993e-05;0.000423178;0.00023358
9.90011e-08;1.43754e-06;0.999998;8.07241e-08;3.2524e-07;1.73992e-08;1.19529e-11;2.40506e-08;3.78133e-09;2.38502e-09;5.44545e-09;1.46864e-07;2.67112e-09;8.28806e-08
2.10257e-05;0.970914;1.08318e-05;1.98451e-05;4.01698e-06;1.02865e-05;0.000114594;0.00711271;0.0146902;1.36761e-06;0.00617505;4.43705e-05;0.000756046;0.000125875
