5.66483e-06;0.999482;4.62305e-05;1.97086e-05;2.45546e-06;4.7099e-08;4.85544e-07;0.000161894;1.27336e-07;2.44491e-07;3.5897e-07;0.000230143;5.03746e-05;8.77066e-07
9.54847e-05;0.61437;4.04683e-08;1.58308e-06;7.61286e-05;2.57212e-06;3.2906e-06;0.378305;1.55152e-05;2.50343e-06;4.36827e-06;0.000146047;0.0067623;0.0002155
6.05516e-07;0.00250981;0.000298628;5.04763e-07;6.50966e-06;1.43979e-06;1.19433e-07;3.36172e-05;3.32091e-07;1.16588e-07;1.2009e-06;0.997105;4.06079e-06;3.75777e-05
3.39264e-06;0.893619;4.54933e-07;5.95116e-06;0.000225805;2.43297e-06;1.67175e-06;0.0801788;0.000116472;7.70351e-07;8.35214e-06;0.000692849;0.0251073;3.65217e-05
8.99461e-05;0.156426;4.40639e-05;4.99597e-06;2.08612e-05;3.82238e-07;4.05339e-07;0.000606276;9.69718e-05;5.69569e-07;2.8484e-05;0.840193;0.00248805;5.94113e-08
0.000643475;0.794172;0.000353928;7.42356e-06;0.00284447;1.00916e-05;2.28835e-07;0.0405915;5.43858e-05;9.63576e-06;7.32248e-07;0.117663;0.0436014;4.76105e-05
0.000124203;0.189329;5.45127e-08;8.25723e-06;0.000124526;9.58927e-06;2.24888e-05;0.798144;0.00327495;1.8061e-05;1.89204e-05;0.00377731;0.00507467;7.38324e-05
0.00137029;0.17864;8.58048e-07;8.67995e-05;0.00233042;0.000351215;1.22363e-05;0.684123;0.00027244;3.27651e-05;2.7099e-05;0.0495629;0.0815942;0.00159524
0.00011933;0.0366203;5.75198e-06;0.000289844;0.00101;0.000721697;5.34219e-05;0.00147625;8.00599e-05;2.54686e-05;5.89408e-05;0.0305577;0.00135249;0.927629
7.29886e-06;0.839864;8.7348e-06;8.63025e-05;0.000156752;5.83717e-05;2.05645e-06;0.00905978;7.00136e-06;1.99557e-06;2.99503e-05;0.14454;0.00496371;0.00121408
0.000115586;0.35614;2.12556e-06;3.58147e-05;0.00360739;0.00025322;1.76939e-05;0.0225753;8.03425e-07;2.22884e-05;1.58107e-05;0.119096;0.49715;0.000967567
0.000433627;0.159976;9.87538e-05;3.23733e-05;0.00408867;0.00445598;4.88259e-06;0.656025;8.77298e-06;2.91524e-06;7.32763e-06;0.00202853;0.168712;0.00412482
0.000149459;0.0423427;7.90357e-07;7.1406e-05;3.43104e-05;4.22033e-06;2.04937e-06;0.0543038;3.95325e-05;2.97175e-06;2.99558e-05;0.0129525;0.890052;1.44065e-05
4.40714e-05;0.00206101;1.80313e-09;1.16258e-05;0.000805946;9.69258e-08;1.1037e-05;0.996793;4.52794e-05;4.40577e-06;1.54065e-05;1.26597e-05;0.000142298;5.33443e-05
1.83724e-06;0.00372982;0.995775;2.57553e-05;1.40899e-05;2.37076e-05;3.46949e-05;7.14228e-05;3.31266e-07;0.000153417;8.15774e-06;4.66056e-06;0.000149838;7.09317e-06
8.50971e-09;4.25131e-10;1;6.17305e-10;1.95871e-09;4.90792e-10;6.37166e-09;5.31136e-08;8.14495e-09;1.34617e-10;6.66208e-08;2.10478e-07;1.07555e-10;1.11092e-11
1.87609e-06;0.000962985;0.00102726;1.14476e-06;1.90025e-06;1.72386e-06;7.65975e-08;8.67116e-05;3.25788e-05;6.66632e-08;2.83758e-05;0.997617;7.03594e-05;0.000168335
5.17368e-05;0.887924;1.21535e-07;7.755e-07;0.00074186;6.16916e-05;1.89827e-07;0.0237651;2.20297e-05;3.18652e-08;5.60714e-06;9.02147e-05;0.0858582;0.00147827
5.83351e-06;0.00115214;6.71117e-10;2.95152e-07;0.000714279;5.70661e-07;9.94469e-11;0.000428085;1.16859e-06;2.49604e-08;4.8813e-08;0.997309;5.4339e-05;0.000334682
4.26354e-05;0.00704061;1.75742e-07;9.16048e-07;9.24053e-05;1.49861e-05;3.09542e-06;0.992123;0.000673475;3.28005e-07;8.49304e-08;7.39533e-07;7.61529e-06;4.37509e-07
3.34389e-07;0.990574;8.4114e-08;3.01085e-07;1.48839e-08;7.19917e-07;2.69497e-07;1.13815e-05;4.04329e-08;3.69833e-08;1.27156e-08;0.000210995;0.00920186;3.0758e-08
7.38796e-06;0.876957;7.29909e-08;8.19756e-06;1.07525e-05;3.26432e-06;5.76426e-07;0.000755397;9.63231e-07;2.68239e-07;1.62303e-06;0.118945;0.00266692;0.000642294
1.28128e-07;0.99798;1.36501e-08;4.65976e-07;5.00641e-08;2.79044e-09;0.00128642;1.58801e-05;4.65056e-09;4.01816e-05;3.40975e-08;1.23773e-07;5.82115e-07;0.000676428
4.41317e-09;1.00167e-09;0.999994;1.79419e-08;5.65673e-09;1.57815e-09;6.16818e-07;3.16833e-09;8.32471e-09;5.47803e-09;1.94301e-07;4.98093e-06;1.93738e-13;4.14168e-11
4.16079e-08;0.999934;1.11924e-10;1.56586e-08;1.39505e-10;2.05799e-10;5.65368e-09;9.03804e-09;1.35223e-09;7.72873e-10;1.34568e-09;1.47321e-09;6.58452e-05;5.31655e-10
5.17473e-07;0.000471728;4.89996e-09;7.22952e-09;5.11708e-09;5.53507e-10;1.29812e-09;6.17465e-05;3.85284e-07;1.16424e-11;7.54722e-07;0.999399;6.60905e-05;5.99378e-09
9.70317e-07;0.0117044;3.65641e-08;4.5054e-07;0.00080236;0.000101151;1.06571e-08;0.930243;2.14088e-08;3.27854e-08;5.74141e-10;2.00901e-06;0.0568965;0.00024876
4.65001e-09;3.90479e-08;2.2552e-11;3.93757e-09;3.53104e-10;1.40252e-06;2.24108e-09;6.57903e-09;1.63104e-08;3.76845e-09;6.43092e-09;2.43717e-08;0.999999;1.57282e-08
1.3434e-08;2.48865e-07;0.999999;2.1186e-08;1.63029e-09;3.6623e-09;1.67745e-10;2.9547e-09;6.35856e-11;1.87767e-09;6.80687e-11;1.04901e-07;4.73265e-10;1.78871e-07
2.44366e-06;0.996852;5.70186e-06;6.9382e-06;6.23413e-06;2.91103e-06;1.46122e-05;0.00254802;6.35953e-05;4.02932e-07;0.000104795;8.96034e-06;0.000349181;3.41751e-05
