1.63927e-05;0.997083;1.71686e-08;2.38748e-06;9.93176e-06;2.2873e-07;1.42971e-05;0.00241265;2.3243e-05;1.5785e-06;6.34366e-06;9.06949e-05;0.000235868;0.00010293
4.40039e-06;0.994992;6.03968e-07;1.35201e-07;1.01077e-07;1.47787e-07;1.06048e-05;1.94946e-06;7.18823e-08;5.66848e-07;1.88035e-07;0.00191907;0.00306425;6.12937e-06
1.94364e-06;0.00524647;1.32882e-06;8.06056e-07;5.28392e-05;2.8348e-05;5.98747e-07;0.000209271;9.8782e-07;8.96316e-08;5.17454e-06;0.993407;8.7134e-05;0.000957685
1.23178e-06;0.998314;1.11384e-07;1.46536e-07;1.93402e-05;5.9134e-08;1.20967e-06;0.00110628;3.86906e-08;1.87175e-07;3.70722e-08;3.3159e-06;0.000100883;0.000453165
4.02327e-07;0.0010022;0.000297543;1.58265e-06;2.7247e-05;2.5366e-05;6.88816e-10;4.73677e-07;1.33032e-09;5.31029e-08;7.98763e-09;0.967877;3.4631e-06;0.0307651
1.0171e-07;0.996123;1.445e-12;8.05099e-09;1.1228e-09;4.41305e-08;0.00295982;2.40043e-05;1.05228e-07;8.91808e-07;4.60728e-08;1.27408e-11;1.01443e-05;0.000882043
6.04703e-11;1.92824e-09;1;3.08344e-10;4.27253e-10;1.70152e-09;8.92465e-10;4.09192e-09;1.54387e-11;2.32612e-10;1.8181e-10;4.457e-08;1.19974e-11;7.68637e-11
9.35313e-06;0.00755066;7.67823e-08;1.81807e-06;6.79758e-06;1.61607e-06;3.55863e-07;0.0209945;0.000100344;1.75331e-07;0.000200407;0.000418044;0.970715;8.01849e-07
8.1705e-06;0.999112;4.64136e-05;2.50076e-05;6.42169e-06;9.86085e-07;6.03205e-07;0.000571205;4.5293e-07;1.21541e-06;1.44436e-06;0.000107845;0.000101219;1.65854e-05
1.21681e-07;0.994291;6.71684e-09;3.35503e-08;2.20453e-09;1.65894e-07;3.73315e-07;3.30071e-07;6.46357e-10;5.12783e-08;1.56254e-08;9.16344e-05;0.00561096;5.61208e-06
1.98162e-06;0.000776197;4.82105e-06;1.11005e-05;0.000277547;7.35625e-05;4.51379e-07;0.000562498;3.34121e-07;6.65704e-07;7.48799e-06;0.987786;0.000198418;0.0102986
1.36932e-05;0.934142;6.65366e-08;0.000167534;0.000150434;9.40867e-05;4.3451e-06;0.0556211;8.3961e-06;1.28274e-05;1.74403e-05;0.00015602;0.00477824;0.00483422
0.000681096;0.0225009;1.37053e-07;5.867e-05;3.7006e-06;1.82342e-06;6.83612e-05;0.296498;0.00383819;1.62781e-06;0.0110436;0.000830758;0.664472;3.40979e-07
0.000137477;0.000439375;4.08442e-09;1.21345e-07;8.21066e-07;2.18335e-07;1.96416e-08;0.999144;4.50345e-05;1.87667e-08;1.06196e-06;8.11254e-06;0.000222901;5.92972e-07
2.16175e-06;0.022671;1.00381e-05;6.59989e-06;2.59251e-07;2.08649e-05;1.23011e-05;3.97353e-08;1.76676e-08;0.000885775;1.05198e-07;0.000205979;3.38424e-06;0.976182
1.46577e-09;3.51671e-10;0.999997;3.92831e-09;5.91997e-11;8.20621e-09;2.03975e-06;2.92223e-10;5.31853e-09;1.18332e-07;4.39716e-07;1.10155e-08;7.34389e-13;3.03688e-11
4.90358e-09;6.57978e-08;0.999998;9.31697e-09;8.53916e-10;1.2837e-09;1.89702e-07;1.19886e-06;1.73857e-09;3.36644e-10;4.68612e-08;4.25122e-08;3.76551e-09;1.43914e-12
3.35011e-06;0.00035333;0.000413681;3.80889e-06;1.71905e-06;6.64751e-07;1.05859e-07;0.00011078;2.82718e-06;1.64444e-07;5.89731e-05;0.998765;0.000267924;1.7144e-05
7.89002e-06;0.923699;1.70114e-06;0.000145777;0.00188777;0.000123163;9.88044e-05;0.0108759;2.658e-05;3.5774e-05;0.000683639;0.000667443;0.00244917;0.0592973
4.25019e-06;0.69679;4.00306e-07;2.35329e-05;1.04482e-05;2.53412e-06;0.000448367;4.52769e-06;5.10902e-07;4.2843e-06;4.32409e-05;0.29774;0.000572376;0.00435487
5.2614e-06;0.763577;2.12397e-07;5.89311e-06;2.68099e-05;0.000101548;5.91426e-06;0.0138282;3.94071e-07;2.27272e-07;1.08458e-06;0.0381627;0.183614;0.000670387
8.45806e-06;0.0335257;5.02943e-07;9.52646e-06;0.000309501;7.44204e-05;8.48506e-08;0.00257878;6.92412e-07;7.13816e-08;4.10025e-06;0.0810151;0.882358;0.000114952
4.40994e-06;0.993638;1.00151e-08;4.98826e-07;5.10361e-06;4.08265e-06;8.38874e-05;0.00157461;1.00753e-07;5.20428e-06;1.54908e-07;4.83819e-07;0.00295319;0.00173053
7.48838e-10;6.01013e-09;0.999999;3.39617e-10;4.44584e-08;3.90374e-09;1.42562e-11;1.69064e-09;1.53119e-12;9.10823e-12;2.31231e-11;1.02013e-06;3.19559e-10;1.73146e-11
1.288e-06;0.987959;6.5533e-07;4.43523e-05;2.54063e-05;5.44588e-07;1.23716e-05;0.000329251;6.10962e-05;1.71745e-07;0.000148436;0.0100717;0.00133704;8.31776e-06
0.000250738;0.384583;8.85476e-05;0.00216363;5.28353e-05;9.31571e-05;0.00143029;0.00553898;0.000255639;2.8021e-05;0.00841279;0.568006;0.0289419;0.000155146
1.7886e-05;0.00144004;2.40072e-08;1.17678e-07;2.01561e-05;2.33155e-06;4.78162e-08;0.993659;4.9114e-07;1.75958e-08;7.01256e-07;0.00387687;0.000752485;0.000229333
1.31674e-06;0.98708;2.08449e-05;5.45677e-06;2.74383e-05;0.000201744;5.73628e-05;0.0034609;5.21719e-07;2.59966e-05;1.02289e-06;0.000170209;0.00623883;0.00270789
1.32284e-10;1.53517e-10;0.999999;1.05681e-09;6.58046e-10;5.65663e-10;5.69563e-10;3.49631e-09;4.89033e-11;6.52647e-11;8.04365e-10;5.358e-07;4.72555e-10;2.81271e-12
6.50737e-06;0.0035646;0.00495035;1.3626e-05;2.04986e-05;1.62303e-06;5.62352e-07;0.000167015;8.39715e-05;1.0046e-06;4.32005e-05;0.99107;2.27254e-06;7.49306e-05
7.27381e-06;0.990438;6.4304e-08;9.29376e-07;3.7341e-07;1.98535e-06;0.00833587;3.76678e-05;1.46631e-05;0.000256999;3.52692e-05;4.28366e-08;3.67726e-05;0.000834066
1.66775e-08;1.14282e-08;0.999999;4.47065e-09;1.92961e-07;3.45357e-09;1.03917e-08;2.48321e-09;2.52145e-10;1.09281e-10;2.65527e-10;3.4549e-07;1.25186e-12;1.20359e-10
2.79203e-06;0.0001475;2.80865e-09;1.49516e-08;0.00181702;4.37862e-08;2.28684e-10;0.997982;3.61627e-08;8.8087e-11;1.58035e-09;3.69047e-05;2.30503e-06;1.13971e-05
1.84137e-07;2.48335e-06;3.89678e-07;2.48627e-08;0.00026821;1.70742e-07;3.87051e-09;0.999723;8.30618e-08;7.26258e-08;1.44027e-09;2.90605e-08;5.30812e-06;4.65167e-08
8.60755e-08;3.59649e-06;0.999972;2.66806e-07;1.78396e-05;4.1128e-06;1.13027e-11;5.33339e-08;7.56102e-11;1.63532e-08;2.0258e-09;3.59329e-07;2.01573e-07;1.18376e-06
2.4172e-06;0.990546;1.09569e-06;8.01164e-07;2.92223e-06;2.22092e-06;8.889e-06;0.00905333;0.000101969;9.34823e-08;5.83676e-05;8.80368e-05;0.000125927;8.04953e-06
