2.69896e-05;0.997113;0.000288583;0.000112141;6.5077e-06;4.81799e-07;2.78172e-06;0.00172487;1.20914e-06;4.00331e-06;2.45897e-06;0.000365173;0.000347319;4.26071e-06
2.69626e-06;0.992111;2.93535e-08;5.78819e-07;2.73238e-07;2.87862e-06;2.77234e-05;0.00365148;5.45633e-07;3.27671e-05;2.40278e-07;2.36402e-06;0.00413519;3.25888e-05
8.56432e-11;1.61962e-09;0.999999;2.49713e-10;2.9305e-09;8.52475e-10;1.04016e-10;3.0613e-09;8.58304e-13;1.03501e-10;4.25386e-12;6.86644e-07;5.91064e-12;2.4075e-11
1.97114e-06;0.367272;1.19049e-07;2.47475e-05;2.30652e-06;5.51551e-05;1.75213e-05;8.56129e-05;9.3244e-06;2.26837e-06;9.75221e-05;0.0049482;0.627455;2.82458e-05
8.1904e-07;0.0058948;0.993827;3.24168e-06;5.57286e-08;8.28115e-08;1.76084e-05;1.11671e-05;2.03628e-08;1.0026e-05;3.04579e-07;0.000232428;1.38531e-06;7.07788e-07
8.59254e-08;3.00042e-08;0.999997;1.15066e-08;8.5051e-08;2.01498e-08;1.1477e-07;1.47117e-08;8.53756e-08;1.01695e-09;1.3322e-06;1.73039e-06;2.35753e-09;4.43604e-09
2.68812e-07;0.990253;2.89455e-09;1.98948e-07;1.33392e-06;1.8247e-06;7.67538e-08;0.00212738;2.96965e-06;4.40129e-08;5.10279e-06;2.39419e-05;0.00758161;2.52317e-06
9.84554e-06;0.00529436;8.57177e-05;1.00654e-06;4.68474e-07;2.60109e-06;1.62633e-06;0.0053386;1.90379e-05;2.01879e-07;0.000124047;0.988508;0.000611975;2.74801e-06
1.18737e-05;0.0606771;9.85509e-08;0.000456893;0.000366357;0.0837303;3.87928e-05;0.0674211;0.00391533;2.31841e-05;0.00968213;0.00369974;0.72991;0.0400674
6.27847e-06;0.970254;2.75325e-08;1.30349e-06;1.86635e-08;1.4942e-06;1.81769e-06;7.73084e-05;6.13472e-07;4.13503e-07;1.24901e-05;0.0244065;0.00523739;3.39863e-07
0.000311451;0.195102;3.87591e-06;5.08659e-05;0.000677454;0.000216294;3.99564e-05;0.051881;2.62793e-05;6.86258e-06;8.32104e-05;0.687769;0.0632945;0.000536983
0.000220855;0.95874;7.79228e-05;5.29115e-05;0.000557698;7.49183e-05;2.4709e-06;0.0116199;8.84193e-06;9.72877e-07;1.12028e-06;0.0100958;0.0134717;0.00507456
0.000392266;0.528731;3.73868e-08;0.00409231;0.000505674;0.000142423;0.000688053;0.00108972;0.0453743;0.0002512;0.00674016;0.130736;0.2676;0.0136574
9.11536e-06;0.995765;3.32461e-08;3.14266e-07;4.85766e-07;1.01547e-06;1.17786e-06;5.94921e-06;3.6547e-07;2.98344e-07;1.55816e-07;2.64712e-05;0.00418826;1.26551e-06
1.53679e-05;0.000563879;2.91401e-06;7.37001e-06;0.00024906;0.00606109;3.27573e-08;0.000146404;1.42204e-05;1.84537e-05;2.50659e-07;0.971483;0.0212028;0.000234696
0.000272873;0.988721;0.00509191;0.000244618;3.1728e-05;0.00154309;0.0012356;0.000583948;5.95882e-05;0.000603553;1.19882e-05;7.19468e-05;0.00136788;0.000160498
5.35116e-08;2.45547e-08;0.999979;1.57233e-08;3.84423e-09;4.68642e-09;4.42717e-08;2.80215e-07;4.27994e-08;1.22311e-08;2.47142e-08;2.10018e-05;3.78751e-09;7.33345e-11
2.73084e-05;0.027698;0.000140563;3.40268e-05;2.06074e-06;1.72394e-05;0.894223;4.7022e-05;0.000442553;0.062666;4.29838e-05;5.87813e-06;1.80818e-05;0.014635
1.58015e-10;2.81643e-10;1;5.68446e-10;1.13331e-09;1.46382e-08;4.19273e-08;6.67242e-10;2.01877e-10;4.96259e-09;2.66544e-10;2.4115e-09;1.88652e-12;6.10663e-12
4.33298e-05;0.972495;4.94543e-05;0.000119687;1.46253e-05;0.000325162;0.000148396;0.00479222;1.46233e-05;2.4047e-05;1.87282e-05;0.000728614;0.0211912;3.47114e-05
2.5838e-05;0.928064;1.13247e-08;4.92056e-05;7.2657e-07;2.89795e-05;7.56292e-05;3.19089e-05;5.07388e-05;1.06923e-05;5.06942e-05;0.00110208;0.0705066;2.65919e-06
0.00310336;0.105691;0.011953;0.000874562;0.000187091;0.000991665;4.26536e-06;0.0099346;9.29206e-05;3.19598e-05;1.36775e-05;0.853292;0.000734286;0.0130956
1.41591e-07;0.999914;1.40883e-11;9.52725e-09;5.92551e-09;2.58826e-09;2.83952e-05;3.5729e-06;4.7425e-09;4.44444e-07;1.32653e-09;5.59462e-10;5.18208e-08;5.35643e-05
1.00412e-11;1.01546e-11;1;1.91538e-12;1.10622e-10;2.38378e-12;8.78785e-12;3.3777e-10;3.81894e-14;1.823e-11;1.16246e-13;3.82049e-07;1.12788e-15;1.43391e-12
1.97602e-05;0.0499147;2.10255e-07;1.52682e-05;8.58542e-06;3.59543e-05;0.937228;5.22241e-05;0.000381988;0.011767;0.000259788;2.6001e-06;0.000257046;5.69329e-05
9.70058e-09;3.09275e-09;0.999996;2.85229e-08;6.54384e-09;1.15251e-08;2.63766e-06;4.68914e-09;1.99956e-07;7.79065e-08;2.62072e-07;2.89022e-07;2.87234e-12;7.05088e-11
3.06719e-05;0.996143;3.34876e-07;4.93573e-06;2.04786e-06;2.29502e-07;2.774e-06;0.00248846;6.28498e-06;7.55269e-08;8.5492e-06;0.000120213;0.00119126;1.10507e-06
2.42077e-05;0.962761;1.44392e-07;1.49203e-06;4.86112e-06;1.0145e-05;0.00457368;0.00157482;5.75411e-06;0.000902934;4.45597e-06;8.26707e-07;0.0241546;0.00598091
3.49936e-10;8.77822e-11;0.999996;2.5942e-10;2.82086e-08;2.35011e-09;4.97698e-10;7.50383e-10;3.92823e-10;6.8638e-11;8.10652e-10;4.17221e-06;3.26369e-12;1.80931e-10
4.10762e-06;0.954142;3.5766e-08;1.36356e-05;1.65941e-05;1.03571e-05;3.78583e-05;0.00312054;0.000516695;4.82987e-07;0.000526069;7.20945e-05;0.0415242;1.49888e-05
1.68021e-05;0.0162552;0.000100288;2.90521e-06;3.09326e-06;1.76968e-05;2.22246e-06;0.00194257;2.94104e-05;1.01116e-07;8.54242e-05;0.980426;0.0010355;8.29276e-05
4.8412e-06;0.142207;2.95384e-07;7.24919e-05;0.000367408;0.00133294;7.17025e-07;0.0115304;7.99027e-05;5.50737e-07;1.97371e-05;0.00515767;0.816387;0.0228398
1.1521e-05;0.015058;4.10097e-07;3.40609e-05;0.000389749;0.000123721;6.12225e-08;0.975334;7.6732e-05;4.18702e-07;1.81136e-05;0.00505414;0.00384869;5.02495e-05
6.4058e-06;0.000245259;4.60602e-07;8.40503e-07;2.41632e-07;6.00847e-06;7.77111e-09;9.14027e-05;2.33433e-06;4.49384e-08;1.06942e-06;0.00232565;0.99732;1.09018e-07
4.07352e-05;0.981167;1.33141e-06;4.22238e-06;2.64949e-07;3.39439e-09;2.97872e-06;0.000258742;7.00603e-05;5.34247e-07;0.000109611;0.0182857;1.32926e-05;4.56218e-05
0.000562172;0.00561872;3.52942e-06;0.000188217;0.107422;9.55491e-06;5.06721e-05;0.854326;0.00119194;4.51429e-06;1.77215e-05;0.00148133;0.0228417;0.00628198
8.98846e-05;0.015012;1.17201e-05;7.13331e-06;0.000695405;1.06948e-06;2.82138e-05;0.983508;0.000338625;3.48218e-05;1.25006e-05;1.3243e-06;0.000239941;1.98281e-05
8.14945e-05;0.000391002;0.994009;1.21196e-05;0.000135394;2.40209e-05;1.31123e-08;7.10881e-06;9.62596e-07;1.87869e-06;5.58848e-06;0.00526911;4.31299e-06;5.77117e-05
4.0814e-05;0.966811;3.90549e-06;3.93056e-06;1.54147e-05;3.03897e-06;2.80749e-05;0.0255154;0.00699854;5.36497e-07;0.000449427;5.01411e-05;5.29729e-05;2.70036e-05
