1.18378e-05;0.0460839;2.33775e-08;1.23057e-05;1.94476e-06;8.40122e-05;1.96957e-06;0.00045495;2.28402e-05;3.50174e-07;6.32398e-06;0.00310213;0.95008;0.000137181
0.000336054;0.0510167;0.00131258;0.000630725;0.00135832;0.000967395;4.95554e-05;6.20902e-05;0.000111421;9.24653e-05;0.000150366;0.00206632;0.000271621;0.941574
4.86764e-06;0.996399;1.31443e-08;4.69717e-06;7.79678e-07;1.38165e-08;1.70845e-05;0.000693834;3.99938e-05;2.969e-07;6.10644e-05;0.000555167;0.0022212;2.0653e-06
3.90179e-09;4.25549e-07;0.999973;6.01983e-09;1.59956e-07;2.67108e-10;1.80916e-08;1.95071e-09;3.69235e-10;1.31104e-08;4.0857e-10;2.46095e-05;1.38663e-10;1.94266e-06
1.07308e-05;0.991253;1.70589e-11;3.16975e-07;2.95323e-05;4.2106e-07;8.03151e-06;0.00841806;0.00013329;2.68119e-07;8.88775e-07;3.85975e-07;0.000106681;3.88107e-05
2.13326e-05;0.0447852;0.0562971;1.03493e-05;0.000498948;8.88668e-05;3.97334e-08;1.81288e-05;1.28483e-07;1.44365e-07;1.2636e-07;0.89583;0.000239377;0.00220996
5.34528e-05;0.223339;1.90173e-06;3.75249e-05;0.000718027;0.00772214;8.83898e-05;0.131598;0.000185704;6.04764e-07;0.000305457;0.000870078;0.0355202;0.599559
3.34098e-06;0.000526744;6.15184e-08;4.90681e-07;6.87188e-07;2.19527e-06;1.48463e-08;0.128133;7.34869e-07;7.28877e-09;1.09054e-05;0.000174576;0.871146;6.09998e-07
6.09703e-06;0.000182815;4.96617e-06;5.29642e-06;6.81107e-07;1.94732e-06;9.81376e-09;0.000114998;7.0512e-06;1.34402e-07;1.10243e-05;0.994554;0.00506778;4.35056e-05
1.60108e-05;0.0061949;1.36481e-07;4.90465e-07;2.35396e-05;7.11102e-07;2.83792e-08;0.992528;1.68531e-06;2.68637e-07;4.90092e-06;5.73287e-06;0.00119724;2.61731e-05
7.75904e-08;0.00200863;2.91963e-06;3.73456e-06;6.06453e-05;4.75187e-07;4.59712e-08;8.3889e-06;6.07743e-07;1.68191e-07;2.65964e-05;0.996946;3.34454e-05;0.000908548
2.51742e-07;0.991946;7.54272e-06;1.37413e-07;0.000472914;3.9353e-07;1.52656e-06;0.0075103;3.13643e-08;1.69187e-06;1.01874e-07;1.92946e-07;1.47269e-05;4.44907e-05
0.000148235;0.000791126;0.00894816;2.01065e-05;0.00567483;1.73269e-05;1.90515e-08;0.00022264;2.71023e-06;2.62489e-06;4.67333e-06;0.983855;5.45653e-05;0.000258147
0.00197634;0.0383644;1.10359e-07;1.08557e-05;0.000292806;1.67766e-05;0.000115711;0.0873904;0.853277;3.07547e-06;0.0102977;0.000707823;0.00614799;0.00139914
3.06299e-06;0.999629;3.16035e-10;1.00616e-08;6.13167e-08;2.10512e-09;6.26713e-08;0.000102655;1.26947e-07;3.27568e-08;1.04167e-08;3.33138e-06;0.000261335;5.24378e-08
3.98861e-05;0.00334227;0.000510826;2.96708e-05;0.00210409;1.94866e-05;7.79578e-08;6.84522e-05;2.97081e-06;1.13661e-05;5.89646e-07;0.9756;0.000210073;0.0180605
0.000208337;0.0153728;7.13643e-09;1.1124e-06;0.000825133;5.60807e-06;0.000131403;0.975262;0.0081305;1.16509e-06;2.3273e-05;1.122e-05;2.3623e-05;3.58428e-06
0.00113543;0.68107;0.245386;0.000122496;0.0190162;0.00352484;2.48714e-06;0.0215378;4.83643e-05;8.91008e-06;7.5532e-07;0.0223666;0.00304307;0.00273637
0.00108182;0.000295307;9.17959e-09;8.03825e-07;0.000272676;3.58942e-05;5.59819e-07;0.822438;0.00387147;1.95051e-07;0.000166835;6.7067e-05;0.171686;8.40404e-05
1.18989e-05;0.000208408;6.68779e-08;3.59195e-06;6.19157e-07;1.24835e-07;8.75336e-08;1.57793e-05;0.00070548;2.55744e-07;3.4288e-05;0.998835;0.0001813;2.82163e-06
3.31969e-05;0.999186;9.92275e-06;8.93718e-05;1.00288e-05;5.53224e-07;7.38348e-06;0.000448702;2.93222e-05;2.32742e-06;2.07594e-05;0.000112841;4.76585e-05;1.81307e-06
0.000293469;0.573554;1.48575e-07;1.43856e-05;1.92698e-05;1.20826e-05;7.21868e-06;0.343879;0.000266623;1.46889e-05;0.00017153;0.000215609;0.0811473;0.000404487
4.99168e-07;0.00772146;2.59954e-06;2.67369e-06;1.39681e-05;1.0965e-06;7.04708e-08;4.7767e-05;8.29832e-07;2.08584e-07;2.41665e-05;0.991883;7.29225e-05;0.000229063
3.65488e-06;0.955585;2.78924e-05;9.67081e-06;2.46033e-05;5.24799e-08;1.10865e-06;0.036212;4.36572e-06;3.58994e-07;4.98106e-06;0.000988582;0.00708106;5.70954e-05
0.000732458;0.149308;1.32972e-08;0.00195806;0.0105556;5.09977e-05;6.97155e-06;0.169051;0.10093;7.32293e-05;0.0260163;0.534235;0.00240838;0.00467342
0.003856;0.507549;3.30732e-07;6.09921e-06;3.64054e-05;1.52833e-05;1.83861e-05;0.485585;0.000537695;4.46489e-06;7.97933e-06;0.000534223;0.00149751;0.000351329
2.34592e-05;0.0017021;2.53452e-09;1.70399e-07;1.32662e-06;5.03589e-07;3.74589e-08;0.875308;1.06323e-05;2.86455e-08;1.63034e-06;8.10779e-06;0.122943;3.74232e-07
7.2965e-06;0.00131906;1.57803e-07;1.01121e-05;3.20721e-06;1.80211e-05;4.15063e-08;4.75701e-05;4.33226e-05;1.38884e-06;9.31316e-06;0.994019;0.00446778;5.36432e-05
4.53747e-06;0.99954;0.000212878;1.30629e-05;2.70287e-06;6.12991e-07;1.75911e-06;9.18881e-05;2.61279e-07;3.19362e-06;2.81656e-07;6.7851e-05;5.24002e-05;8.55032e-06
3.24253e-05;0.93902;7.15669e-05;1.59558e-06;2.47374e-07;2.02055e-07;2.74373e-05;0.0113018;2.35436e-06;1.09326e-06;1.82368e-05;0.0431949;0.00632734;1.2057e-06
3.15599e-06;0.00871149;1.16276e-05;0.000113182;0.000524507;0.000137441;5.17326e-06;0.0321363;2.65134e-05;8.92442e-06;0.000294088;0.937657;0.00859533;0.0117752
9.97549e-07;0.999903;6.78639e-09;1.149e-07;1.90355e-08;1.05965e-08;4.77804e-05;2.16503e-06;2.42164e-08;8.57846e-07;1.49561e-06;8.59516e-06;3.44485e-05;3.86952e-07
8.14214e-05;0.00183344;0.00404743;0.000114079;0.00168305;0.00232367;2.06153e-06;1.80303e-05;9.1364e-06;1.27114e-05;4.00937e-05;0.955448;0.00014265;0.0342441
2.91968e-05;0.99832;2.90461e-10;8.55297e-09;3.0846e-07;1.44289e-06;0.000326703;7.12466e-05;1.7976e-07;6.39938e-06;1.14371e-07;1.54871e-08;0.000143519;0.00110046
3.87686e-10;2.99564e-11;0.999997;7.63799e-12;9.52813e-10;6.45769e-10;2.06723e-11;2.45052e-09;1.82853e-11;4.23005e-12;2.69507e-11;3.01538e-06;1.21451e-11;3.08581e-13
7.49425e-05;0.0849291;0.000192725;9.83639e-05;0.00117693;0.00234893;0.00017385;0.722732;0.00236492;1.03606e-05;0.00140119;0.0176854;0.161788;0.00502386
1.53218e-06;0.000619786;7.45087e-09;1.84938e-07;3.15565e-06;1.5525e-06;1.65619e-08;0.527328;6.87241e-07;3.87518e-08;3.60876e-06;3.34956e-05;0.472006;1.90747e-06
8.04405e-07;0.000403951;2.56981e-07;5.40956e-06;6.78941e-07;6.69796e-07;1.52121e-08;1.6753e-05;6.07012e-06;5.06703e-07;6.75908e-06;0.999357;0.000189821;1.12001e-05
3.48378e-06;0.999681;2.98563e-05;2.55319e-05;1.50765e-06;6.45284e-07;2.17375e-06;0.000107864;2.7677e-07;2.35736e-06;1.53281e-06;2.29708e-05;0.000117941;2.66203e-06
4.76812e-05;0.953541;0.000104973;1.3205e-06;2.91857e-07;7.42836e-08;2.23715e-05;0.0279469;9.66008e-07;4.51971e-07;1.8182e-05;0.0144165;0.00389786;1.07195e-06
1.0458e-06;0.00452859;0.000117631;6.15579e-05;0.000588368;2.6997e-05;9.77119e-07;0.00972589;6.30211e-06;1.23555e-06;3.5255e-05;0.974562;0.00133123;0.00901244
0.000167671;0.512531;7.02641e-07;0.000230877;0.00120678;3.23313e-05;4.66071e-06;0.431467;0.00183102;1.89757e-05;0.00803234;0.00120306;0.043064;0.000209581
1.45902e-05;0.998846;1.0951e-07;4.54524e-08;2.26152e-07;7.36516e-08;2.17208e-05;6.59144e-05;6.31194e-08;7.81262e-05;4.08284e-08;5.0696e-07;0.000208572;0.000764209
3.40211e-10;3.3616e-11;1;9.44432e-12;3.03286e-08;2.87497e-12;8.78875e-11;5.09938e-09;8.80289e-12;2.148e-11;4.40966e-11;8.06057e-08;1.04427e-13;9.60877e-12
0.000220609;0.00615179;0.000728224;0.000175363;0.000254829;6.56487e-06;0.000466188;0.766389;0.169495;1.06846e-05;0.0164704;0.0130837;0.0265404;6.28449e-06
4.19339e-05;0.929728;4.02269e-08;6.72515e-05;3.69884e-05;0.000215661;1.0654e-05;0.0506184;0.000121481;3.48833e-05;0.000166055;0.000800024;0.0142128;0.00394608
2.87119e-05;0.00230433;5.71058e-09;6.36947e-07;1.91271e-06;2.09071e-06;1.35837e-06;0.208551;1.18927e-05;2.51419e-07;6.99972e-05;6.77421e-05;0.78896;8.90636e-07
2.81212e-05;0.00341926;8.8215e-07;0.000102291;1.58846e-06;2.97047e-06;5.04187e-06;0.000273748;0.000386771;1.4819e-05;0.000202747;0.994125;0.00139069;4.62858e-05
6.42158e-05;0.996693;1.63252e-05;9.99341e-05;2.32176e-06;3.95352e-07;2.20966e-06;0.00157802;2.15853e-06;2.25421e-06;2.71883e-06;0.00143914;8.83571e-05;8.69348e-06
1.09741e-06;0.990398;1.8999e-07;4.73835e-06;1.94136e-07;3.46102e-08;0.00204413;4.66714e-05;1.1993e-07;0.000750178;2.732e-07;1.18366e-07;5.34918e-06;0.00674906
3.96819e-09;3.58431e-10;0.999998;2.2176e-08;8.11738e-09;3.80956e-09;1.8441e-07;7.81565e-09;2.03412e-09;3.74043e-09;5.05786e-08;1.30308e-06;6.45661e-13;4.58041e-10
4.9207e-06;0.987683;6.48499e-12;2.80084e-07;4.70145e-07;4.79912e-08;6.03733e-08;4.90017e-05;3.33142e-07;6.28661e-09;3.69221e-07;1.83019e-07;0.0122591;2.11255e-06
0.000128289;0.144491;0.00110636;2.67805e-06;3.83865e-05;4.38269e-06;4.00439e-06;0.400695;3.17451e-05;3.5745e-07;1.36245e-05;0.431595;0.0193691;0.00252055
0.000357325;0.316801;2.7711e-06;0.000418196;0.00448208;0.0481557;0.000306285;0.247886;0.00883716;3.9419e-05;0.00916162;0.0720059;0.251325;0.0402218
3.2423e-05;0.990474;3.90892e-08;3.76531e-07;9.04324e-08;9.98967e-07;3.18881e-06;1.84222e-05;1.98218e-06;6.1872e-08;2.62129e-06;0.00737131;0.00209189;2.62972e-06
1.83306e-05;0.0517803;6.29203e-08;7.97749e-07;8.25134e-05;9.7921e-06;6.61545e-08;0.0119667;4.76436e-07;1.0042e-07;1.35982e-06;0.930107;0.00528276;0.000749074
4.7855e-06;0.973168;2.08849e-05;3.27373e-06;0.000178406;2.57209e-05;6.81472e-08;0.00155798;5.1671e-08;1.29492e-07;1.26482e-07;0.0102038;0.0119122;0.00292481
0.000244135;0.368025;2.37952e-06;0.00174307;0.000478178;0.00451918;0.000332718;0.0734634;0.00134203;5.93792e-05;0.00123201;0.0222919;0.501654;0.0246132
2.96236e-05;0.00110512;1.10864e-09;1.5087e-06;3.37879e-07;6.84944e-06;2.11023e-06;0.00528122;4.41105e-05;7.66335e-08;0.000702247;1.18919e-05;0.992814;4.89198e-07
2.64086e-05;0.00468852;0.00126698;1.66624e-06;1.71293e-07;1.64916e-07;3.37131e-08;0.000131624;2.53005e-06;1.29711e-07;1.39132e-06;0.99249;0.00138941;9.40541e-07
7.00656e-08;0.99966;5.57877e-12;2.92231e-07;1.53501e-08;2.77063e-08;3.3158e-05;7.08077e-06;9.01231e-08;2.40809e-05;2.33293e-08;1.62643e-09;5.50437e-06;0.000269573
1.16169e-10;1.46213e-09;0.999996;4.34224e-08;3.6297e-10;6.59345e-10;6.82678e-09;6.24839e-10;1.74175e-11;2.33396e-09;2.62545e-10;3.98423e-06;2.98388e-13;2.65372e-10
3.13599e-06;0.000470282;3.46698e-10;5.37414e-06;0.00015849;3.37503e-07;1.05985e-06;0.998577;4.45021e-07;3.29407e-07;1.14605e-06;1.29706e-06;4.0079e-06;0.000776672
1.44515e-05;0.000315627;7.00759e-06;5.45054e-05;0.000219482;5.38669e-06;0.000304812;0.998402;0.000366426;5.45784e-05;0.000214037;1.63518e-06;3.82143e-05;2.27179e-06
2.47042e-06;9.16353e-05;0.99982;1.51313e-05;8.52578e-06;1.3253e-05;1.06193e-08;3.86341e-07;5.89156e-08;2.7169e-07;2.27751e-06;3.98035e-05;3.55333e-07;5.75886e-06
1.05282e-05;0.969561;2.41831e-06;2.29543e-05;1.19677e-05;3.88375e-05;9.9951e-05;0.0239378;0.00331686;1.25461e-06;0.00217387;2.37623e-05;0.000722411;7.65017e-05
