1.54082e-05;0.983954;1.51977e-05;3.22058e-06;1.83834e-05;8.871e-08;1.2794e-06;0.0130014;2.54272e-06;2.99743e-07;8.06878e-07;0.00251179;0.000277813;0.000197496
0.00023265;0.559302;2.88073e-05;2.15012e-05;9.58374e-05;2.70553e-05;1.46833e-05;0.0579961;7.71012e-05;3.52558e-05;8.99309e-05;0.35701;0.0121219;0.0129468
1.21609e-05;0.846379;1.95744e-05;1.33428e-05;1.088e-06;6.40258e-06;0.148183;0.000362664;4.57143e-05;0.00409343;7.96992e-05;8.68322e-05;0.000228144;0.000488335
2.00967e-10;7.02436e-10;0.999997;1.75425e-09;3.78335e-10;6.67551e-10;4.49899e-10;3.41535e-09;1.34626e-10;1.12285e-10;4.01567e-10;2.57883e-06;3.17814e-12;6.43906e-11
1.22049e-07;0.999874;2.18735e-06;1.15467e-07;7.18204e-08;5.1445e-09;3.98278e-05;1.74403e-06;1.38568e-08;3.51178e-06;6.84457e-08;1.6079e-07;7.50445e-08;7.75758e-05
7.28503e-10;9.85578e-07;0.999997;3.58573e-10;1.16724e-07;4.18874e-07;7.84971e-08;8.82689e-07;6.24535e-12;1.12289e-08;2.3614e-10;2.87435e-09;5.15847e-07;4.67612e-08
3.66953e-10;1.28146e-09;1;1.38179e-10;3.40213e-09;3.75332e-09;8.71928e-11;1.53069e-08;4.38864e-12;1.25587e-11;5.77804e-11;1.34789e-07;1.0404e-09;4.81813e-11
1.60421e-08;3.58649e-08;0.999808;4.27278e-09;9.2665e-07;6.3253e-08;5.74304e-11;2.35301e-05;2.42801e-10;3.94975e-10;2.63761e-10;0.00016293;8.69011e-10;4.51072e-06
6.05128e-09;0.000213699;2.42092e-06;1.45693e-09;1.72561e-05;6.26642e-05;7.80119e-12;9.25051e-06;5.29923e-12;7.8061e-10;3.75993e-11;1.99376e-05;1.01362e-07;0.999675
9.25552e-06;0.00238348;3.0241e-07;3.53477e-07;9.89235e-05;0.00191769;4.94947e-07;0.80231;1.59314e-08;1.48167e-07;7.16951e-07;6.11269e-08;0.19327;8.39819e-06
5.98476e-10;1.02603e-08;1;1.6135e-09;6.18121e-10;2.30817e-09;1.62238e-10;4.71322e-08;5.73316e-12;3.96259e-11;4.08666e-11;1.10536e-08;3.82278e-08;2.96073e-11
1.0574e-07;8.95124e-05;0.000426025;3.80381e-06;2.12138e-06;1.32934e-06;2.82556e-09;0.000741201;2.25415e-07;2.42011e-08;6.77189e-07;0.998047;1.37432e-05;0.000674384
1.72962e-06;0.540012;8.71877e-05;3.16766e-05;0.000453745;0.000224544;1.07495e-06;0.00313239;6.55047e-08;1.88467e-06;1.51096e-05;0.000510601;0.455419;0.000109193
1.13079e-06;0.137683;1.01671e-07;0.000124474;0.00272974;0.0104715;2.65994e-08;0.385349;2.24659e-07;2.07623e-06;9.14867e-06;0.456723;0.00380731;0.00309909
1.83871e-05;0.582897;1.415e-06;1.43927e-05;0.000643459;0.00787857;0.000117341;0.139171;1.14885e-08;8.48203e-05;6.88934e-07;1.13938e-06;0.267722;0.00144967
4.80279e-11;3.08099e-11;1;1.08841e-10;3.08979e-10;4.70011e-10;2.12474e-12;2.50467e-10;3.41657e-14;2.84222e-12;1.5173e-12;9.12913e-10;2.18358e-10;2.07991e-13
3.95336e-07;8.02516e-05;0.00345762;1.74431e-06;1.25361e-05;4.7299e-06;6.43252e-09;0.00128396;1.46883e-07;1.25726e-07;2.04489e-07;0.995001;8.14141e-05;7.58442e-05
1.128e-05;0.393966;1.09461e-05;2.83082e-05;0.000404869;0.00523837;8.71839e-06;0.0366908;1.25572e-05;2.15573e-06;0.00016077;2.09384e-05;0.563334;0.000110607
0.000152938;0.004063;0.000161642;0.000933543;0.131476;0.826822;1.9133e-06;0.00478361;2.24354e-06;2.02006e-05;8.2614e-06;0.00496436;0.0182513;0.00835866
2.78541e-05;0.984146;3.52267e-09;2.85805e-06;2.3664e-05;2.00238e-05;0.00122994;0.0121601;2.57482e-07;0.000274003;8.02835e-08;4.72556e-07;0.00132506;0.000789717
5.67164e-11;1.11562e-10;1;1.09227e-10;1.08719e-10;8.66934e-11;8.71794e-11;4.53195e-10;1.42633e-12;2.96587e-11;4.9483e-12;1.54415e-08;1.1565e-12;3.24989e-13
1.71693e-07;4.23474e-07;1.07454e-07;2.65369e-09;1.21913e-07;3.98178e-09;3.603e-10;0.999992;2.33998e-07;4.8453e-10;1.25979e-08;6.76591e-06;7.91443e-08;6.64031e-08
1.43658e-06;0.922969;1.02338e-07;1.79649e-06;8.27253e-06;3.12888e-05;5.9522e-09;0.000855802;7.91087e-08;6.41182e-07;1.8766e-07;0.000941827;0.00451701;0.0706728
6.79261e-05;0.574995;3.64557e-08;4.22755e-05;4.99066e-06;1.18775e-05;3.31115e-05;0.00581217;0.000548914;2.32816e-06;0.0042111;0.00470948;0.409515;4.61884e-05
1.41306e-06;2.7647e-05;2.79904e-10;6.97781e-08;3.33093e-08;7.68338e-09;2.02043e-08;0.999959;5.06782e-06;3.54365e-09;5.15642e-07;2.57029e-08;5.55984e-06;2.62185e-07
1.68321e-07;0.0263954;1.79998e-07;3.07326e-06;5.06616e-08;3.59994e-07;1.30942e-05;7.94266e-07;1.50577e-09;0.000123768;6.93044e-09;2.2431e-07;2.97563e-08;0.973463
1.00095e-09;8.82799e-10;0.999998;4.0936e-09;1.47147e-10;5.34518e-09;7.96591e-09;1.87522e-10;5.98439e-11;6.4435e-10;7.83683e-09;1.79079e-06;1.90832e-11;2.79725e-09
3.73853e-06;0.00269354;1.47808e-09;1.0297e-06;9.40404e-08;4.18835e-07;9.92557e-07;0.00841435;8.76873e-06;2.66417e-08;0.000166792;3.56979e-06;0.988707;1.03994e-07
4.12601e-05;0.989876;0.00173412;0.000607217;3.10445e-05;2.84479e-05;3.88646e-06;0.000830052;3.90061e-06;2.76436e-05;1.81061e-05;0.00383062;0.00103983;0.00192802
2.19269e-06;0.903756;1.13594e-07;0.000275395;7.93021e-06;3.18858e-05;1.02566e-05;0.0031144;1.85861e-05;9.02071e-06;0.00128534;8.76503e-05;0.0913447;5.6511e-05
1.05205e-05;0.000578892;6.76829e-07;0.000137931;0.33233;0.609341;0.000123509;0.0480926;5.79918e-06;0.00121132;0.000553496;1.66844e-06;0.002073;0.00553925
1.02658e-08;5.75834e-10;1;6.04459e-09;1.16356e-09;3.40042e-10;6.16855e-09;1.9271e-09;5.01333e-10;9.57221e-10;5.84549e-08;3.32488e-08;2.09112e-10;4.25551e-12
5.54695e-06;0.000239788;0.000106129;3.79278e-06;1.28846e-06;7.0337e-07;8.43602e-08;2.31968e-05;2.7745e-05;1.10217e-07;6.16573e-05;0.999514;1.41455e-05;1.92735e-06
0.000154637;0.95623;1.01952e-06;1.04238e-06;5.3202e-05;2.78096e-06;7.04721e-05;0.0181205;2.16932e-05;2.85266e-06;0.000151173;4.33466e-05;0.0249426;0.000204675
4.13275e-07;0.000314018;5.30611e-05;4.53955e-07;0.000136178;3.73168e-07;1.3592e-09;0.000113208;1.33042e-07;2.12039e-08;1.37569e-08;0.999264;9.36949e-06;0.000108423
8.29883e-06;0.0981833;9.12242e-08;3.0724e-06;4.14769e-05;8.73203e-05;2.49619e-06;0.875501;4.58495e-05;2.70149e-05;2.0024e-07;1.1275e-09;0.026078;2.14784e-05
3.33709e-11;2.15051e-11;1;1.17455e-10;1.93988e-12;3.5454e-12;3.86991e-12;1.10945e-10;6.44638e-12;3.72096e-12;4.77178e-12;2.91661e-08;7.25529e-13;2.04639e-14
1.24417e-05;0.00115146;0.000428291;0.000530214;3.41442e-06;1.2288e-05;1.49595e-07;0.00184997;0.000328515;3.32743e-06;2.74587e-05;0.986324;9.20811e-06;0.00931954
0.000130833;0.975957;1.06094e-07;3.30821e-05;4.77185e-05;4.04667e-05;3.44119e-05;0.00338053;1.79233e-06;6.96463e-06;1.45084e-05;1.02988e-05;0.0130692;0.00727317
1.17096e-08;7.17173e-07;4.37284e-09;1.61076e-09;8.12657e-05;2.74549e-08;8.65741e-12;0.999917;1.85654e-09;2.19938e-09;2.17996e-11;4.48727e-07;1.80725e-07;3.67139e-07
7.05173e-11;3.4082e-07;1;5.34425e-09;3.15535e-09;3.71125e-09;4.3634e-12;6.12904e-10;3.38926e-12;2.9757e-10;4.04745e-12;4.04863e-11;3.69981e-11;1.52524e-09
0.000599675;0.0928181;0.00120275;3.18506e-05;9.42503e-05;5.85548e-05;3.47418e-05;0.646999;0.00138459;2.42512e-05;0.00041979;0.000791109;0.255535;6.9638e-06
