3.72398e-06;0.996616;0.000141606;7.71196e-05;1.09926e-05;1.27082e-05;8.06966e-06;7.96008e-06;1.11542e-07;2.95259e-05;9.02305e-06;1.1875e-05;0.00274209;0.000328747
4.71144e-05;0.0152671;0.00153505;1.39728e-05;8.69434e-06;3.12036e-06;8.53894e-07;0.000114094;1.54775e-06;1.39638e-07;1.92042e-05;0.981879;0.00105407;5.63865e-05
0.00174751;0.907682;3.78985e-07;0.00018214;0.000580801;4.49717e-05;0.000559048;0.00333853;0.0671439;2.22041e-05;0.0121081;0.00416108;0.00183946;0.000589576
3.15236e-05;0.580401;5.75794e-07;5.39355e-06;4.12148e-06;3.43713e-06;6.032e-07;4.3068e-05;2.23174e-06;3.42887e-06;6.10301e-07;9.42144e-07;0.419495;7.88909e-06
2.8244e-06;0.0077738;1.47634e-06;4.38575e-08;1.43325e-06;3.97299e-07;6.95806e-09;0.000179575;4.36385e-07;4.63795e-09;2.91049e-07;0.990417;0.00157733;4.55526e-05
1.83984e-05;0.0977261;8.35688e-07;9.95634e-05;0.0266001;0.0664807;1.48144e-06;0.45654;0.000274035;9.72907e-06;0.000831433;0.0459311;0.302954;0.00253195
3.1319e-07;0.000177835;8.05821e-07;1.11256e-07;5.0957e-08;3.57207e-05;1.075e-07;1.24604e-07;1.85541e-07;2.29587e-07;8.8357e-07;6.14583e-06;0.999777;2.27096e-07
7.58195e-07;6.56248e-05;0.999917;4.49662e-07;1.37934e-07;2.43004e-07;3.01337e-08;7.91665e-08;3.07164e-09;5.82583e-08;2.16156e-08;1.25051e-05;2.03311e-07;3.12271e-06
5.12389e-07;0.999265;4.88768e-09;9.70546e-07;9.2788e-07;7.0553e-07;1.51406e-05;0.000150117;3.47378e-06;5.98987e-08;1.02803e-05;2.26102e-06;0.000475853;7.44764e-05
1.22214e-06;0.0088301;2.87245e-08;1.16721e-08;8.00778e-07;2.59433e-08;3.49885e-10;0.988731;5.50149e-09;8.77004e-09;4.91245e-09;0.000113924;0.00232182;9.07114e-07
8.82871e-07;0.977957;0.00280447;1.22558e-05;4.56791e-05;7.52128e-05;0.000700285;0.00526827;2.70195e-07;0.000775198;9.81727e-07;0.00375256;0.000655649;0.00795146
2.67257e-11;1.33802e-10;1;2.87264e-10;5.05502e-12;6.58055e-12;1.07742e-09;4.50525e-09;5.0745e-11;7.90711e-11;1.26586e-09;1.06775e-08;6.2099e-11;7.55134e-14
4.5277e-06;0.000412151;0.00153848;6.7059e-06;4.65777e-05;4.69011e-06;1.27025e-06;0.0033963;9.97168e-05;4.15348e-06;0.000140154;0.994004;1.118e-05;0.000329643
1.87092e-05;0.869715;1.08625e-07;7.42112e-08;9.17074e-06;8.31499e-05;2.49236e-06;2.89528e-05;1.53824e-06;2.03125e-07;2.57506e-06;1.12518e-06;0.13011;2.7515e-05
0.00014588;0.0515127;5.74694e-05;2.96087e-07;0.011668;8.061e-05;8.15835e-08;0.0705029;9.70828e-07;7.31948e-07;2.59791e-08;0.826366;0.00317511;0.0364888
0.000162645;0.410958;2.74922e-06;4.41037e-07;0.000272204;0.000146824;0.0080073;0.579497;0.000206428;7.71295e-05;1.16445e-07;3.25497e-08;0.000495994;0.000172534
2.61237e-09;3.0377e-09;0.999999;3.63471e-10;3.14576e-10;5.19882e-11;3.2201e-09;2.97222e-07;5.83003e-10;1.39303e-10;2.3996e-11;4.35494e-07;3.01221e-11;3.99792e-12
3.2003e-05;0.0112139;0.000684217;4.19919e-05;1.52624e-05;5.77975e-05;1.22189e-05;0.186608;2.83536e-05;3.68007e-06;2.31187e-06;0.697858;0.103341;0.000101655
2.23662e-06;0.979172;9.38034e-07;3.13398e-06;2.11127e-05;2.95602e-05;4.70243e-07;0.00240328;5.40806e-08;7.92846e-07;3.08286e-07;2.88023e-05;0.0180504;0.00028723
1.63789e-05;0.915664;8.90965e-09;9.22872e-06;1.95421e-06;1.66165e-06;0.0485786;1.03124e-05;2.69142e-06;0.0161125;1.91243e-06;3.5383e-06;5.37196e-05;0.0195431
1.16869e-10;5.40145e-12;1;5.29083e-12;1.14952e-11;2.56127e-12;1.40604e-10;3.72741e-10;4.8017e-12;6.79485e-11;8.87294e-12;4.02218e-08;6.80369e-14;1.06475e-14
6.83719e-06;0.110277;2.80325e-06;3.44613e-07;7.17445e-08;3.72576e-08;0.88536;3.90004e-05;3.8633e-05;0.00422342;4.78654e-05;3.66637e-08;1.65373e-06;3.00166e-06
1.19622e-10;2.98653e-10;1;1.26136e-10;3.61292e-10;1.47741e-10;6.32627e-09;5.33632e-10;1.8741e-10;4.01995e-10;2.5893e-10;2.78352e-07;9.63965e-13;7.43912e-12
4.07379e-05;0.814433;1.41464e-09;2.24384e-05;6.72944e-05;5.20389e-06;0.000351848;0.179684;0.00182637;1.14574e-05;0.00126506;0.00113966;0.000731471;0.000421182
2.69901e-05;0.969836;6.12903e-07;2.16764e-07;3.62885e-07;2.26074e-07;3.8894e-05;4.58378e-05;2.96121e-07;3.7689e-07;7.99138e-07;0.0299693;7.02786e-05;9.75323e-06
7.26409e-07;0.00053056;9.92343e-06;2.56022e-05;0.00023264;0.00140562;1.1424e-05;0.000157352;1.85238e-06;9.66709e-07;1.83784e-06;0.0319361;0.000177127;0.965508
7.60351e-07;0.00102941;3.03798e-09;8.81069e-08;2.62169e-08;1.76938e-07;5.18853e-07;0.00126609;3.83002e-07;6.08048e-09;6.71252e-06;2.78478e-06;0.997693;5.46665e-08
1.66008e-06;0.000547211;4.15005e-06;5.79342e-06;7.23701e-07;7.33354e-06;4.37326e-09;1.51744e-05;4.95171e-06;1.77395e-07;1.24297e-06;0.998986;0.000332035;9.36791e-05
4.38426e-06;0.000153119;8.42825e-10;2.7555e-07;1.16332e-06;6.30076e-08;3.51664e-08;0.999743;7.26108e-05;2.98721e-08;3.9692e-06;7.52222e-06;1.36758e-05;2.44996e-08
3.79008e-06;0.93902;8.9389e-07;1.68998e-05;5.27306e-06;8.56238e-06;1.12482e-05;5.96275e-06;1.65948e-07;0.000100074;8.70715e-07;2.49781e-05;2.27686e-06;0.0607991
1.02341e-07;7.50506e-07;0.999921;5.59932e-08;2.1705e-08;8.30005e-07;1.93673e-07;8.49126e-10;4.57559e-09;7.74803e-10;7.33295e-07;7.55832e-05;6.26188e-07;9.34846e-08
1.39168e-05;0.238364;9.18402e-06;1.92921e-05;0.00028882;0.000807656;1.49146e-06;0.0806821;0.00013369;7.19789e-07;9.07667e-05;0.000164389;0.678954;0.000470102
0.000314433;0.0012236;2.36959e-05;3.74378e-05;0.00183821;7.01363e-05;1.33692e-08;0.00053422;0.00317258;3.05381e-06;0.00018318;0.98811;0.00407195;0.0004171
0.00113723;0.389819;3.10817e-07;4.97287e-05;0.000414215;1.0376e-05;7.97813e-06;0.451222;0.155671;8.91159e-06;0.00052688;0.000764928;0.000355497;1.12189e-05
0.00362083;0.480709;7.98602e-05;0.000250634;2.51359e-05;2.6788e-06;7.74678e-05;0.000315198;0.000277713;0.000101824;0.000110122;8.90005e-06;0.514366;5.40055e-05
0.000833896;0.0316289;0.118692;0.000148086;1.19e-05;5.42222e-08;2.07351e-06;1.86397e-05;2.1503e-05;3.20529e-07;1.02033e-05;0.84853;9.11599e-06;9.37697e-05
0.000109558;0.125152;6.31956e-08;1.07373e-06;0.0031863;4.43037e-07;1.68838e-06;0.868326;6.23679e-06;4.8045e-07;7.12889e-07;0.000141009;0.00274374;0.000330966
7.86018e-06;6.49963e-06;5.5382e-07;5.50188e-07;5.00826e-07;0.000202755;4.56943e-06;9.67805e-08;0.000159963;7.57784e-06;1.05825e-05;4.04297e-06;0.999593;9.54012e-07
7.50217e-06;1.01778e-05;0.999967;6.96351e-07;4.43428e-06;6.06925e-07;1.54606e-07;1.00939e-06;1.30327e-06;3.72474e-07;3.11706e-08;2.70049e-06;2.44559e-08;3.68947e-06
5.03778e-05;0.947153;3.4228e-06;8.57655e-05;0.000170783;0.000112674;0.000113378;0.0238087;0.0194092;5.57739e-06;0.00129386;7.34393e-05;0.00701165;0.000708684
