6.41889e-06;0.965197;7.2536e-10;1.99949e-05;1.23675e-05;1.61873e-06;3.31465e-05;0.0324783;0.000122609;4.02051e-06;0.000227519;0.000237163;0.00153695;0.00012244
2.00269e-05;0.98082;7.55277e-05;0.00199825;0.000485171;0.000100094;2.16223e-06;2.86198e-05;1.02125e-06;0.000377005;3.37079e-05;0.000540739;0.000181447;0.0153362
1.51893e-05;0.00176127;3.81821e-08;3.54507e-06;5.90643e-08;3.88477e-06;1.44464e-06;1.74488e-06;7.4069e-05;5.26684e-08;0.001019;0.000358703;0.996761;2.50208e-07
8.70307e-05;0.0510817;0.940566;6.47092e-05;0.000179637;6.18014e-05;3.05095e-06;0.00117082;1.23013e-06;2.60276e-05;8.51896e-06;0.00176169;0.00041289;0.004575
5.12782e-08;0.000751153;1.03512e-10;5.28426e-07;1.28628e-07;1.04276e-05;2.01349e-07;1.60474e-05;1.35185e-06;1.04726e-07;5.09454e-06;1.15795e-07;0.999214;4.58823e-07
1.14312e-06;0.000165218;0.997658;6.93029e-06;2.23942e-06;6.77596e-07;9.39174e-08;9.8062e-07;7.1943e-09;7.60975e-07;9.91589e-08;0.00144721;7.78374e-07;0.000716236
5.33192e-06;0.992189;2.77452e-07;2.33449e-05;1.53645e-05;9.16304e-06;6.65131e-05;0.00191641;4.19478e-05;4.15916e-07;0.000231846;1.51091e-05;0.00526942;0.000215713
5.50526e-05;0.0317842;0.0207645;0.00119073;0.000505865;1.23428e-05;3.14763e-06;0.944285;1.0172e-05;2.54037e-05;7.19729e-05;0.000985568;8.11373e-05;0.000224677
0.000124993;0.0257339;0.00063477;9.95628e-05;0.000584963;0.00142819;7.45527e-07;0.0102746;4.17772e-06;2.85187e-05;1.07035e-05;0.0357374;1.37612e-05;0.925324
0.00188095;0.00988242;1.26695e-08;2.09196e-05;0.000352374;0.000158452;1.70989e-05;0.942679;0.00322277;7.25707e-07;0.0043196;1.96205e-05;0.037314;0.00013218
0.000103587;0.176428;1.26251e-07;4.09822e-05;2.8767e-07;1.28352e-06;7.85594e-06;0.00067604;0.000116285;4.58729e-07;4.96121e-05;0.00871257;0.813861;1.27619e-06
2.44388e-05;0.00433017;1.02989e-08;0.000791906;0.00053642;8.67791e-05;4.37341e-07;0.00850751;0.00017962;1.67161e-05;0.000968627;0.983804;0.00063967;0.00011355
0.000735839;0.928979;4.48334e-06;0.000271422;1.75021e-07;6.32477e-06;0.00317931;1.10427e-05;0.000606567;5.92181e-06;0.0303609;0.00336992;0.032467;1.8549e-06
4.44528e-05;0.993833;1.7831e-07;0.000158101;8.00512e-06;3.19698e-06;3.33042e-05;0.000221828;9.74934e-05;3.07281e-06;0.000575464;0.00308347;0.00139214;0.000546002
4.80642e-05;0.990469;2.89268e-07;3.17384e-05;1.99618e-05;3.02939e-07;0.00227696;0.000391321;1.26544e-05;0.000535836;1.54326e-05;2.11841e-06;3.70035e-06;0.00619299
3.67956e-08;2.91238e-10;0.999979;1.36855e-08;1.91376e-09;5.47942e-12;3.1341e-08;8.58662e-11;2.87723e-08;1.7645e-10;4.65259e-07;2.08651e-05;1.08991e-12;7.56027e-11
8.51097e-06;0.998089;1.94019e-09;1.18572e-06;1.12181e-06;3.68828e-09;2.63954e-07;1.46247e-06;2.12424e-06;7.19295e-09;5.46017e-07;2.69636e-05;0.00117249;0.000696321
5.65663e-06;0.0113754;1.13188e-07;2.26777e-07;7.37412e-05;4.72875e-07;5.469e-07;0.00377036;1.99364e-07;1.82757e-07;4.94433e-08;0.0515165;0.000332033;0.932925
2.22193e-08;2.8499e-05;3.34725e-08;1.55982e-07;3.3386e-07;0.00158819;5.57565e-08;4.5357e-06;8.42108e-09;8.86129e-08;2.83663e-09;1.23641e-08;0.998373;4.54849e-06
1.48383e-08;5.63733e-08;0.999995;2.11217e-08;2.51284e-08;1.29906e-08;1.16347e-10;4.39328e-09;1.72079e-11;1.5977e-09;2.05839e-11;4.44e-06;1.88629e-09;1.8665e-07
1.16144e-05;0.994698;7.38688e-06;6.97205e-05;8.00013e-05;8.68144e-05;7.31234e-05;0.00162028;0.000326009;1.29088e-06;9.98834e-05;1.41663e-05;0.00244541;0.000465829
