2.84312e-05;0.989847;2.71748e-08;4.55957e-06;1.21974e-05;3.75754e-07;8.99412e-07;0.00472795;1.88456e-05;9.55565e-07;2.3568e-05;0.000275209;0.00496826;9.22485e-05
7.49899e-07;0.999252;1.2445e-07;7.99132e-08;6.73998e-08;4.73247e-08;0.00029185;8.84119e-05;4.37322e-08;0.000227936;3.84428e-08;1.16759e-08;5.2234e-05;8.69191e-05
3.35648e-10;3.17356e-10;0.999996;3.99549e-10;1.77438e-09;2.41464e-09;1.20455e-09;3.52845e-10;2.87965e-10;7.5709e-11;1.72562e-09;3.8743e-06;7.38362e-13;1.17534e-10
1.3593e-06;0.98989;5.68017e-07;1.36985e-06;1.92262e-06;1.36796e-05;1.13644e-06;0.00131338;9.30238e-07;4.23437e-07;6.14632e-07;7.75485e-05;0.00645154;0.00224539
1.17737e-05;0.000502984;2.17129e-07;5.14638e-07;5.91857e-06;1.37864e-05;1.35513e-07;0.00690551;3.47641e-06;3.1346e-08;2.23979e-05;0.0154538;0.977078;1.46811e-06
0.000646001;0.0641824;7.26746e-06;2.28643e-05;1.40342e-05;3.1885e-05;1.81679e-06;0.0695056;0.000716717;4.84054e-06;0.000115285;0.827857;0.0366984;0.000195757
1.4967e-05;0.938779;6.8047e-05;3.0332e-08;1.02058e-07;1.04398e-08;2.95488e-06;0.022452;1.55378e-07;3.59823e-08;1.46038e-06;0.0384436;0.000237264;6.8907e-08
2.73414e-06;0.526663;0.00305855;9.71726e-05;0.00366359;0.000224631;0.000424453;0.429725;9.58727e-07;0.000831432;1.70627e-06;0.0023161;0.0161279;0.0168634
3.46751e-09;8.10631e-09;1;2.29649e-08;2.99683e-09;4.23176e-10;4.57295e-08;9.39549e-08;2.05068e-08;9.28389e-10;1.93558e-07;8.46161e-08;2.63388e-09;4.52977e-12
0.000103051;0.00806278;0.674007;0.000125677;0.000872452;3.97751e-06;2.02532e-05;0.0548902;0.0038912;1.12228e-05;0.0007831;0.25613;4.37621e-05;0.00105549
0.000560562;0.056883;9.77168e-06;7.59713e-05;0.00210636;0.00211192;0.000109058;0.0137586;0.00976005;3.01848e-05;0.000173949;0.000577414;0.00132162;0.912521
0.00446464;0.0189145;0.00172749;8.51518e-06;0.189302;0.000216613;3.75962e-06;0.242252;0.00038386;1.15032e-07;5.36881e-06;0.368739;0.00113887;0.172842
1.07647e-05;0.530857;1.40216e-05;7.31164e-07;0.0609087;4.33296e-05;9.9177e-09;0.0685645;1.15926e-07;1.7209e-08;6.64037e-08;0.00154605;0.321545;0.0165091
2.22617e-08;0.741854;9.70113e-10;1.58471e-07;3.2945e-06;1.19387e-08;5.52819e-08;9.40631e-06;6.04522e-10;2.61894e-07;2.57949e-10;7.84602e-06;1.11404e-05;0.258114
0.00023524;0.533399;0.000332945;0.00201183;3.38528e-06;9.88139e-06;0.27868;0.107503;0.0177327;2.25671e-06;0.0353414;1.30091e-05;0.0247359;1.33568e-07
2.40317e-05;0.00540644;1.30188e-09;5.95367e-06;6.76162e-07;1.58393e-05;9.02747e-08;0.00167981;7.43183e-05;7.14185e-07;3.5635e-05;4.35744e-05;0.992712;9.61475e-07
1.02587e-06;0.00462904;5.03065e-06;1.09263e-07;3.66685e-07;9.1992e-10;2.60303e-09;3.35094e-05;1.69905e-07;1.313e-09;2.46498e-07;0.995329;4.52119e-07;5.84096e-07
1.90508e-05;0.0256801;3.23341e-07;0.000151411;0.00295762;1.81767e-07;1.12687e-06;0.965585;5.15212e-05;1.29597e-06;4.71846e-06;4.17954e-05;0.00153628;0.00396942
0.000114215;0.000586668;1.73753e-05;0.000115912;0.000267078;1.24996e-05;0.000239985;0.989913;0.00654086;0.00028922;0.00173092;3.36965e-06;0.000153945;1.51485e-05
4.57483e-05;0.000422854;0.997902;5.21111e-05;0.000148974;0.00012362;2.26401e-08;8.27047e-06;1.14763e-06;3.49767e-06;1.25649e-05;0.00125428;4.19733e-06;2.0649e-05
6.17612e-05;0.945523;9.08026e-06;3.0563e-05;2.57037e-05;2.93807e-05;4.90064e-05;0.0392487;0.0114047;2.16192e-06;0.00233514;0.000713117;0.000417985;0.00014948
