2.70752e-06;0.999804;7.31663e-07;4.91719e-06;7.60162e-07;5.91068e-08;1.48275e-07;0.000136824;4.1015e-08;1.06324e-07;9.92555e-08;3.45223e-05;1.39575e-05;7.11117e-07
8.76072e-07;1.52542e-05;7.51383e-13;4.61542e-10;2.12963e-07;2.37649e-09;1.95721e-09;0.99998;3.15948e-07;3.61303e-10;3.41335e-08;4.68408e-09;3.28755e-06;4.04179e-08
1.00953e-07;5.54031e-05;4.38468e-07;4.23612e-07;0.00010741;4.43325e-06;1.51636e-09;1.13046e-05;2.1597e-08;2.71823e-08;5.67929e-08;0.995436;2.11814e-07;0.00438376
1.56614e-06;0.024097;2.16057e-09;1.05994e-07;6.80233e-08;2.8792e-08;9.43572e-07;0.00143951;2.65503e-07;6.05035e-09;1.81551e-06;5.5927e-08;0.974458;2.97499e-07
6.69765e-08;0.00159768;2.7628e-06;3.94933e-06;1.06247e-05;8.8414e-07;3.24497e-10;8.56641e-05;1.0417e-07;2.55738e-09;1.0489e-07;0.996161;1.49758e-05;0.00212253
4.08281e-06;0.303248;1.25637e-07;0.000219223;1.9788e-06;3.50543e-05;2.45625e-05;0.00415814;1.0929e-05;1.25723e-06;9.93929e-05;0.002767;0.689191;0.000239419
2.24135e-07;0.000432832;1.08247e-06;7.85896e-06;1.89103e-08;6.08874e-07;8.37519e-09;5.44926e-06;1.98916e-07;2.62411e-08;2.06605e-06;0.999306;0.000233849;9.51386e-06
0.000361268;0.201053;1.44842e-07;0.000885844;0.0119767;0.000233478;0.000157365;0.752407;5.48549e-05;9.3528e-05;0.00192306;0.000899573;0.00419059;0.0257642
3.81799e-05;0.00191153;0.892788;0.00070355;0.000331874;8.18383e-05;2.47942e-07;2.43691e-05;3.19645e-07;2.1344e-06;0.000263698;0.0204193;0.0827321;0.000702524
8.25499e-06;0.0735711;1.51002e-08;7.61208e-07;0.000280908;2.83003e-07;5.11272e-06;0.925371;3.81777e-06;4.72035e-07;0.000671041;2.41214e-05;5.01273e-05;1.26122e-05
8.32697e-05;0.0138969;0.900218;0.00312578;0.012363;0.00190727;1.54458e-05;7.75716e-05;2.7112e-05;0.0005084;0.00070597;0.0426221;0.000282376;0.0241671
0.00171959;0.0669463;3.5489e-05;3.86011e-05;0.000304717;0.000278441;0.000208962;0.265696;0.266872;6.16956e-06;0.193848;0.00262343;0.201417;5.2061e-06
0.000992393;0.164551;1.04085e-06;5.70504e-06;0.00153873;3.93348e-05;2.07721e-07;0.815493;0.000316966;1.41003e-05;3.80007e-05;0.00301476;0.0132806;0.000714461
4.5946e-05;0.0351811;1.61245e-06;3.87692e-07;0.000109222;7.62241e-05;3.80924e-05;1.41894e-05;2.18369e-06;0.000806295;1.48773e-07;4.35869e-05;1.92241e-05;0.963662
1.49395e-06;4.07475e-07;0.999742;3.89882e-08;5.84135e-06;1.95773e-07;1.4521e-06;1.47929e-06;9.50473e-06;1.87697e-07;1.56274e-06;0.000235379;3.1493e-08;1.41062e-08
7.50708e-05;0.171906;5.3619e-05;1.27351e-05;5.77641e-05;2.92098e-06;4.82194e-05;0.0641483;0.0126468;7.89364e-07;0.00140646;0.657572;0.0920684;1.7004e-06
4.25121e-05;0.0267714;4.50135e-06;1.70757e-05;0.0238754;0.000673696;2.35949e-06;0.00577282;1.38066e-05;2.87224e-05;1.14144e-06;0.000995868;0.0002572;0.941544
2.65549e-05;0.239194;1.97996e-05;4.89165e-06;1.03595e-05;6.56119e-05;4.08167e-07;9.37078e-05;1.06635e-06;1.53608e-06;2.32057e-07;0.75569;0.00423894;0.000653153
2.47837e-06;0.991755;7.03458e-09;2.37522e-07;4.10313e-08;1.76185e-07;0.0022757;5.33774e-05;2.91188e-06;7.31535e-05;1.02187e-07;5.10725e-09;2.00773e-05;0.00581619
6.4566e-11;3.21293e-11;1;1.12841e-10;1.1447e-11;4.82717e-11;4.986e-10;6.04183e-12;2.55251e-10;2.10735e-10;2.0192e-10;3.25294e-08;7.13508e-15;2.622e-12
1.25923e-05;0.999089;3.82263e-06;1.02319e-06;8.29063e-09;4.11762e-09;9.14985e-07;0.000574928;0.000190217;1.41369e-07;6.34694e-05;4.10681e-05;2.32047e-05;1.032e-08
4.68006e-08;0.999671;8.44087e-10;4.03874e-07;1.03151e-07;2.69058e-09;1.90547e-06;4.16054e-07;4.31389e-08;2.75687e-05;4.56202e-08;2.30543e-06;3.16456e-08;0.000296245
4.55945e-06;1.15962e-05;0.999675;3.22667e-06;1.11642e-06;1.47515e-05;7.01694e-05;7.62127e-06;8.20021e-06;1.42866e-06;2.2583e-05;0.000178174;1.00579e-06;4.24799e-07
0.000213915;0.837141;1.86262e-07;1.14999e-06;8.37705e-07;1.20164e-06;1.73632e-06;0.012799;0.000167325;2.10352e-07;6.64149e-05;0.00271411;0.146893;4.16065e-09
0.00132891;0.177138;0.00096367;6.25681e-06;0.0029261;1.30559e-05;5.14417e-05;0.00906229;0.000171746;3.45841e-05;3.70983e-06;0.742242;0.0626447;0.00341393
0.00423461;0.0941335;3.2271e-05;2.99806e-05;0.0011202;9.88688e-05;0.000224208;0.770975;0.116002;1.37274e-05;7.67098e-05;0.00699901;0.00603791;2.20379e-05
8.7647e-05;0.937712;2.9839e-08;2.03241e-05;2.86777e-05;1.16156e-05;0.0154167;0.0204149;0.0109861;0.00229356;4.31333e-05;1.06519e-07;0.000348795;0.0126363
2.16986e-08;5.89078e-10;0.999999;1.22008e-08;1.97846e-08;3.26167e-10;4.85207e-08;3.98433e-08;9.13333e-08;1.21315e-08;1.3633e-08;7.22377e-07;7.90569e-12;9.11463e-11
9.16857e-05;0.996698;2.50248e-08;8.53137e-07;7.12206e-06;5.66852e-08;4.91634e-06;0.00267213;8.64486e-05;1.03678e-06;3.2321e-06;0.000130068;0.00023102;7.38065e-05
2.74242e-06;0.0146615;3.74499e-05;6.71742e-08;2.85064e-06;6.9426e-09;8.74316e-08;3.17231e-06;3.32966e-07;6.8407e-08;3.76155e-08;0.984796;0.000476152;1.95504e-05
4.85944e-05;0.0265514;1.24932e-06;5.39326e-06;0.000776815;0.00709409;7.18624e-05;0.0127827;0.00146445;1.47892e-05;1.07034e-05;0.0130643;0.937164;0.000949865
5.95908e-05;0.0609364;0.917537;9.37028e-05;1.7732e-05;0.00108248;0.000284195;2.12864e-05;7.11622e-06;0.000266885;2.29987e-06;0.0186455;0.000715672;0.000330298
4.49138e-09;1.63432e-09;1;1.93624e-09;1.40818e-08;2.21631e-08;1.175e-08;8.4122e-09;1.68595e-08;3.00848e-09;5.56043e-09;1.9161e-07;2.71675e-12;2.66589e-09
0.000664393;0.155629;1.5147e-05;3.08261e-05;0.000540917;0.000654737;1.8116e-05;0.677475;0.0048104;9.54438e-06;0.00195409;0.135227;0.02226;0.00071009
2.19016e-05;0.280193;1.39494e-07;1.16561e-05;1.6619e-05;4.07866e-05;3.72315e-07;0.0053315;0.000151735;8.18232e-07;0.00124347;0.00677255;0.706208;7.62549e-06
0.00104014;0.021337;0.712222;0.000655574;0.0189911;3.9675e-06;6.30126e-07;0.0010448;3.56133e-05;0.000181628;3.63912e-05;0.219226;4.47266e-05;0.0251808
8.19444e-06;0.997871;4.09118e-10;8.49913e-07;5.35178e-08;1.43105e-09;0.00118529;6.47935e-05;0.000482815;2.44389e-05;5.12024e-05;1.01074e-07;7.84592e-06;0.000303068
0.000100699;0.000742376;1.44581e-06;3.18401e-05;4.52963e-06;3.06972e-06;0.0153649;0.00194685;0.929372;8.43061e-06;0.052187;1.38562e-07;0.000237058;1.80254e-07
0.000980735;0.128549;5.82578e-07;3.72255e-06;0.000107952;9.56712e-06;1.22712e-06;0.836006;0.000151804;9.12321e-06;6.4657e-05;3.8533e-05;0.0339086;0.000168015
4.97076e-07;0.00172053;1.05266e-05;3.56161e-06;7.97421e-05;1.29424e-06;2.50274e-08;1.82198e-05;1.06502e-06;2.97048e-07;2.37901e-06;0.992274;9.04085e-07;0.00588719
0.000179016;0.634953;1.74995e-05;5.53951e-06;1.44604e-05;2.71779e-07;7.26902e-06;0.354613;9.84052e-05;1.43284e-05;4.44188e-06;5.68637e-07;0.0100841;7.69042e-06
0.000855824;0.107498;0.00364851;0.000217181;0.000454977;0.000339202;1.25416e-05;0.00119021;0.010442;8.52935e-05;9.38819e-05;0.841508;0.000507235;0.0331475
0.000796577;0.461786;1.64138e-06;0.000155364;0.000277705;6.76478e-05;3.07808e-05;0.419605;0.0481096;8.70544e-05;0.000268883;8.11778e-05;0.0657994;0.00293288
0.000177331;0.000765382;1.29819e-08;2.39945e-06;1.93515e-06;6.72928e-08;4.31532e-06;0.922263;0.0239836;2.87709e-07;0.000275214;0.00014992;0.0523765;3.99893e-08
1.76448e-05;0.999003;8.88616e-07;2.25762e-05;1.91515e-07;2.37347e-07;2.31896e-05;0.000879215;7.69961e-06;3.67821e-05;4.28175e-07;9.4509e-07;7.78236e-07;6.18586e-06
4.16567e-09;2.11788e-06;0.999997;1.11898e-09;1.49997e-10;2.06608e-11;1.30278e-09;4.581e-08;8.43729e-11;4.65027e-10;3.40505e-10;4.07849e-07;5.80186e-10;3.71119e-12
2.97395e-05;0.0064757;5.82493e-05;3.80033e-05;0.00550098;0.00214708;2.89682e-05;0.0827404;5.6978e-05;2.93067e-05;0.000103891;0.827191;0.0016386;0.0739605
2.54784e-08;0.000443535;6.92144e-09;1.75794e-07;6.3021e-08;9.33755e-06;2.8518e-07;4.13994e-06;8.10339e-07;7.17014e-08;1.34849e-05;3.74526e-06;0.999524;1.45008e-08
1.32416e-06;0.000781573;0.990453;0.000199927;6.33709e-06;3.2123e-05;9.16088e-05;1.12949e-06;7.76898e-08;0.00104825;1.02897e-06;0.00619345;1.00753e-05;0.0011801
1.01947e-07;8.76134e-08;0.999952;8.15913e-08;2.08062e-08;1.73327e-08;4.37983e-05;3.19317e-08;2.0562e-07;1.1513e-07;3.22647e-06;3.98834e-08;1.50717e-10;3.89271e-09
0.000336014;0.336451;1.05446e-05;0.000204287;4.81198e-05;0.00292743;0.000882533;0.0104361;0.00560334;9.86933e-05;0.0190498;0.00410225;0.618611;0.00123915
0.000265894;0.956989;8.03199e-07;0.000154488;0.000153029;1.36097e-05;2.07771e-05;0.01877;0.000109173;3.33545e-05;0.00313447;0.0105406;0.0046827;0.00513152
7.75699e-07;0.999474;1.76085e-09;4.49872e-08;1.0573e-08;9.79558e-09;0.000127664;4.96425e-06;1.07238e-08;4.85153e-06;4.63463e-08;8.531e-10;6.99961e-08;0.000387207
6.77916e-10;3.01683e-09;0.999998;4.59524e-11;1.86871e-09;3.09441e-12;3.26133e-10;1.398e-08;9.54676e-12;2.87026e-11;1.85385e-10;1.69571e-06;2.01729e-12;5.62585e-12
4.87043e-06;0.950284;7.2856e-06;3.54766e-06;5.6847e-06;4.06036e-05;0.00025332;0.0404452;2.97809e-05;1.79692e-06;8.85183e-06;9.56602e-06;0.00882447;8.07976e-05
2.35764e-07;0.000145282;1.15467e-10;7.94272e-07;7.5976e-08;3.43001e-07;2.19415e-07;6.41064e-05;3.48275e-06;6.26975e-08;1.36772e-05;0.000234391;0.999537;4.95636e-08
1.71811e-05;9.95807e-05;2.43148e-05;8.4198e-06;6.48767e-07;2.4441e-07;4.05369e-07;9.02872e-06;2.6604e-05;5.09753e-07;3.52575e-05;0.999623;0.000149884;4.57565e-06
0.000117748;0.0196285;2.59664e-07;7.33583e-07;2.14367e-05;7.80168e-07;1.80826e-07;0.978985;1.13874e-05;6.42141e-07;3.69829e-06;1.56668e-05;0.00119906;1.50142e-05
2.83174e-07;0.000939676;0.000141316;8.22756e-07;2.06359e-06;6.01365e-07;4.66366e-08;3.0817e-05;2.37351e-07;1.03285e-07;7.36407e-07;0.998131;0.000744816;7.30235e-06
1.13304e-05;0.00251687;1.03463e-06;5.94629e-05;0.00134061;0.0140351;1.44753e-05;0.000476702;0.000125433;0.000116546;8.71051e-05;4.2081e-07;0.981097;0.000118019
0.000439529;0.000749527;0.997189;3.38901e-06;0.000126517;2.07152e-07;2.6379e-07;2.14222e-05;7.86012e-07;3.28845e-06;4.03021e-08;0.00132493;2.47764e-07;0.000140424
7.80096e-06;0.0103972;1.06381e-08;5.10238e-07;7.72705e-05;2.10616e-06;0.000154106;0.988106;0.00103786;5.84678e-06;5.26872e-07;1.83142e-09;0.000142514;6.79357e-05
2.32648e-08;5.33742e-08;0.999999;2.12178e-09;9.87432e-09;3.26657e-10;5.11466e-10;6.38802e-07;3.48366e-08;8.77087e-10;4.86059e-09;1.52897e-08;8.02204e-09;3.63087e-12
5.97445e-07;2.05751e-06;0.997289;1.69703e-07;2.38009e-06;6.50007e-08;2.22481e-09;0.000813307;1.13677e-06;2.90283e-08;1.67533e-08;0.00188754;4.83805e-08;3.50164e-06
3.41431e-07;6.50485e-05;4.53262e-06;3.43375e-08;2.43429e-05;5.28434e-05;6.00641e-10;9.79752e-06;9.81073e-09;3.14449e-08;1.66862e-08;0.000223456;2.22683e-07;0.999619
9.86893e-06;4.4476e-05;1.74676e-10;1.93156e-08;1.09529e-05;6.6753e-07;3.46616e-09;0.999704;1.65595e-06;7.2724e-10;6.19176e-07;9.01061e-07;0.000227366;4.66494e-08
4.9364e-08;1.25323e-05;5.45752e-13;1.61158e-10;5.33886e-09;6.96953e-11;5.43256e-11;0.999978;3.73662e-09;7.72853e-11;1.81983e-10;2.26811e-09;9.03579e-06;2.5382e-10
2.5872e-08;1.02196e-05;1.46445e-07;2.20706e-06;0.000115751;5.78441e-06;6.45281e-09;6.45733e-06;4.68959e-09;8.84556e-08;1.39505e-07;0.999376;8.79591e-07;0.000482771
2.28618e-06;0.00653667;5.77356e-09;3.80899e-07;4.05687e-06;1.53483e-07;1.28845e-05;0.00177457;3.20604e-08;1.23695e-07;3.3781e-06;2.25286e-08;0.991663;2.68504e-06
2.99521e-08;0.00011625;7.42279e-07;3.46222e-06;5.69401e-06;2.23631e-07;4.09618e-09;5.82828e-06;1.17029e-07;1.70835e-09;1.93025e-07;0.998383;4.80752e-06;0.00147928
8.85634e-07;0.018166;6.45666e-09;1.61023e-05;3.19851e-07;3.52897e-06;9.98226e-06;6.86132e-05;3.03791e-06;2.26578e-07;4.83057e-05;2.51105e-05;0.981651;6.59466e-06
2.84568e-05;0.000681377;0.0113806;4.74059e-05;2.92575e-06;2.06025e-05;1.0849e-06;0.000470432;1.12741e-05;9.15691e-07;3.15347e-05;0.984746;0.0024871;9.02151e-05
9.74543e-07;0.993737;5.24137e-10;2.22007e-06;3.0821e-07;5.90824e-06;6.5395e-05;4.42488e-05;1.28773e-07;2.25393e-05;9.71808e-07;2.33871e-08;1.88209e-06;0.0061184
2.8546e-09;8.11111e-08;0.999916;2.35191e-07;3.40438e-09;5.15891e-09;1.06308e-08;3.03743e-09;3.22594e-11;1.48286e-09;7.14888e-09;8.33895e-05;2.61139e-11;3.0913e-09
0.000378043;0.00289855;1.05462e-05;0.000818859;0.0418948;8.66358e-05;0.000118064;0.903649;8.19544e-05;3.68453e-06;0.00146955;0.00128503;0.000345731;0.0469599
3.12794e-05;0.000764439;5.45776e-06;4.22275e-06;0.000150202;1.1442e-06;7.79034e-05;0.997117;3.48527e-05;5.47901e-06;0.000215848;2.49346e-07;0.00158869;3.5807e-06
1.22552e-06;5.47518e-05;0.999919;4.45262e-07;1.07144e-06;7.00015e-07;6.00635e-10;9.77485e-07;2.35266e-08;1.27153e-08;1.72764e-07;2.11434e-05;3.03285e-07;5.78362e-07
5.87537e-06;0.975812;3.00949e-06;3.08669e-06;7.15358e-06;4.04868e-06;2.72727e-05;0.021461;0.00135234;5.04605e-07;0.000946423;2.62873e-05;0.000253019;9.79722e-05
