2.90554e-06;0.999807;5.55927e-06;1.72806e-05;8.74117e-07;4.45709e-08;8.21784e-07;8.91097e-05;2.37813e-07;4.66476e-07;5.26066e-07;6.19364e-05;1.21257e-05;1.12304e-06
4.77302e-06;0.000125041;2.48201e-10;3.10074e-08;1.14426e-06;3.56102e-09;3.40586e-08;0.999853;1.09477e-05;3.2838e-09;1.19135e-06;8.79505e-09;3.78422e-06;3.14142e-07
2.33141e-07;0.000108622;2.44236e-08;1.95837e-06;1.00905e-05;1.85857e-07;1.20894e-09;4.80557e-06;1.03665e-06;4.71422e-08;1.51053e-06;0.993974;5.54708e-07;0.00589653
2.09682e-05;0.772413;5.89739e-09;9.34787e-06;4.3467e-07;7.68689e-07;9.4479e-06;0.000294236;4.47396e-05;7.31551e-08;6.26198e-05;1.1029e-05;0.227125;7.81916e-06
1.18215e-06;0.990429;0.00231698;6.13871e-07;1.98404e-06;1.09507e-06;2.85636e-09;0.000467215;1.99727e-10;3.46087e-08;4.40449e-10;0.000414568;0.00260793;0.00375967
2.57501e-07;4.70183e-05;2.39558e-07;4.1611e-06;8.82305e-05;0.200857;1.40652e-08;9.89202e-06;1.04627e-07;2.80808e-06;2.67451e-08;1.69182e-06;0.00550643;0.793483
4.48338e-06;0.000169454;0.0218732;3.11696e-05;1.35921e-06;4.80385e-05;5.52377e-05;7.67637e-08;2.24306e-07;0.000144037;6.89724e-06;0.977499;0.000146856;1.99639e-05
6.74479e-08;1.43775e-08;0.999973;1.2938e-07;4.50947e-09;9.88772e-09;7.22751e-06;1.46718e-08;3.40306e-07;1.95545e-08;1.94373e-05;8.68376e-08;3.56703e-10;2.58917e-11
1.2363e-05;0.981094;2.49617e-08;3.4208e-06;3.15341e-06;1.72415e-07;0.0154243;0.0023263;1.72944e-05;0.000337354;0.000158885;1.03797e-07;7.26378e-06;0.000615726
1.45912e-09;3.44358e-08;0.99999;4.93789e-09;3.52779e-10;1.22668e-10;2.29182e-08;2.71307e-10;6.80245e-10;1.16859e-09;1.02153e-07;9.53857e-06;6.04006e-11;1.99315e-11
1.53706e-05;0.023179;0.000147582;1.33853e-05;5.3753e-06;2.18932e-07;2.87971e-06;0.0151752;1.07013e-05;3.47842e-07;0.00185867;0.959034;0.00055574;9.90348e-07
2.65066e-06;0.971731;1.4291e-05;1.54274e-05;0.000234841;5.77939e-06;8.51452e-07;0.00445601;1.53432e-06;3.36566e-06;9.42108e-05;0.00949632;0.0107964;0.00314764
1.2816e-05;0.0127171;1.89209e-06;4.34335e-06;1.31336e-06;0.000158868;4.89394e-05;0.000286186;2.93437e-05;9.29347e-05;9.60915e-05;0.00452117;0.981934;9.50592e-05
5.20304e-06;0.00274295;0.994442;2.64472e-05;5.49738e-06;8.46583e-06;0.000272981;3.57852e-07;2.43671e-07;0.000492725;1.95619e-06;0.00198142;1.2736e-06;1.8346e-05
7.314e-08;5.00604e-08;0.999996;1.52218e-08;4.61607e-08;3.06371e-09;2.78135e-06;3.85479e-08;1.75783e-07;2.23508e-08;4.95117e-07;3.60347e-07;3.4197e-10;1.85611e-09
8.21205e-07;0.999605;3.33212e-09;1.56372e-09;1.11391e-08;4.52562e-09;4.76481e-07;2.57114e-05;3.87708e-08;8.20078e-09;2.54732e-08;1.27182e-05;0.000355077;8.58744e-08
1.23182e-07;0.00719691;2.35914e-06;9.07262e-07;0.000198662;0.000375055;7.70259e-06;0.000223776;1.55103e-07;3.3425e-05;1.11747e-07;1.945e-05;3.67763e-05;0.991905
3.33135e-09;3.46059e-08;1;1.98801e-08;2.19331e-09;2.80624e-09;1.7928e-08;2.27417e-07;3.51131e-09;1.07722e-09;3.83313e-08;2.4593e-07;1.48301e-08;6.64619e-10
3.08212e-07;8.38874e-05;0.98677;1.23035e-06;1.61485e-07;4.08252e-08;3.675e-07;0.000473717;2.52929e-07;2.0412e-08;1.20175e-06;0.0126505;2.1655e-06;1.64365e-05
8.87445e-08;0.000398509;5.60108e-05;4.63516e-07;4.30672e-05;0.000197546;2.43836e-09;7.55033e-05;1.98071e-09;5.40329e-08;9.36775e-09;0.000573828;5.92036e-07;0.998654
8.82803e-07;0.912236;3.46844e-09;1.17129e-07;1.13685e-06;5.10449e-06;6.84491e-09;0.0235842;8.45998e-09;4.83124e-09;2.29167e-07;9.00652e-06;0.064161;2.48727e-06
5.65867e-06;0.70556;1.11119e-07;0.000314459;6.97074e-06;0.00012923;1.72119e-07;0.0028749;4.65447e-06;1.09759e-05;3.02048e-05;0.0323113;0.258469;0.000282774
7.30851e-05;0.115463;0.0111687;0.000250936;4.33682e-05;1.55599e-05;1.54816e-07;0.00122709;6.55058e-08;1.5355e-05;6.39357e-06;0.854318;6.79405e-06;0.0174122
5.08933e-07;0.978387;1.22049e-10;1.12982e-06;4.97524e-08;1.06377e-07;0.01595;1.9037e-05;3.90606e-09;0.000270495;5.81022e-07;2.42131e-10;3.42509e-05;0.00533671
7.3694e-13;7.97814e-14;1;9.83553e-12;1.03992e-11;3.22878e-11;8.08741e-11;7.78826e-12;4.4421e-14;1.02293e-11;1.05819e-11;1.74622e-10;2.91936e-16;5.48432e-13
0.000357113;0.838645;2.44829e-07;0.0010386;0.000138266;0.000451828;5.31776e-05;0.0181615;0.00166342;2.68463e-05;0.010123;0.00863708;0.118011;0.00269301
0.00775596;0.0739935;4.2254e-05;7.83755e-05;0.00175249;0.000291464;2.90964e-05;0.669484;0.00158519;2.35929e-05;0.00328429;0.183357;0.0555766;0.00274604
6.89302e-05;0.124192;8.042e-07;0.000223303;0.000253087;1.70596e-05;2.37498e-05;0.835348;0.0074626;5.81236e-06;0.00141699;0.0127052;0.0173543;0.000928122
0.000141293;0.277057;3.09856e-05;0.000180151;0.000113574;2.54732e-07;6.392e-06;0.502982;0.000363142;2.22758e-06;0.0144342;0.195477;0.00920936;2.67126e-06
0.000271128;0.426621;1.56053e-05;5.21334e-05;0.000591124;0.000319304;0.00129028;0.0272018;8.549e-05;0.00504912;1.66644e-05;1.90054e-05;0.534107;0.0043607
1.05614e-07;1.90046e-08;0.999996;7.99681e-08;4.43369e-08;7.33132e-09;3.7136e-07;5.72736e-08;2.50746e-07;9.95026e-09;7.79771e-07;2.02304e-06;2.20217e-09;3.56166e-10
5.34389e-05;0.278929;0.000145939;0.000226112;1.87864e-05;1.22497e-05;5.22078e-05;0.042506;0.0190335;2.27423e-05;0.00996447;0.646133;0.00279798;0.000104602
0.0002292;0.673327;2.67848e-05;0.00143108;0.000970441;0.00572559;2.40307e-05;0.00104304;0.00218842;0.000513227;0.00177781;0.104145;0.207502;0.00109683
4.22392e-05;0.159926;0.0109132;4.05526e-05;6.3355e-05;1.42339e-05;8.99436e-07;4.83741e-05;7.76592e-08;8.26749e-06;5.99455e-07;0.814767;0.000204159;0.0139713
0.000158247;0.680131;1.18684e-07;0.000183654;0.00330206;3.3853e-05;0.000310509;0.311939;0.00041964;0.000542955;2.70793e-05;1.20798e-05;0.000125299;0.00281426
3.62949e-07;4.71807e-07;0.99998;2.26733e-07;1.72456e-07;4.19704e-06;4.06279e-07;5.94736e-08;5.47992e-08;2.02319e-07;3.82491e-07;1.37847e-07;1.29205e-05;6.03037e-09
2.76771e-05;0.99867;0.000608048;8.69264e-06;2.11416e-05;2.08014e-06;3.61981e-07;0.000129393;1.60527e-07;4.58318e-07;5.00999e-07;0.000260636;0.000266729;3.86704e-06
2.66483e-06;0.585046;4.2809e-09;3.49436e-06;0.000100401;4.74998e-07;8.99469e-08;0.372114;2.65136e-05;8.6308e-08;8.64194e-06;0.0152305;0.0273425;0.000125441
2.49709e-05;0.162196;2.29754e-06;3.83102e-05;0.000315184;9.0988e-07;4.03589e-07;0.0521017;3.63936e-05;8.72037e-07;0.000144165;0.784585;0.000525065;2.88962e-05
0.000374685;0.363013;2.51498e-05;0.000112916;0.00229621;0.00397886;0.000539142;0.177424;0.000244555;0.0071823;2.57035e-05;5.04889e-06;0.440104;0.00467479
7.18394e-08;1.83967e-08;0.999998;2.32877e-08;1.6442e-09;5.2054e-10;8.44934e-08;5.76145e-08;2.59808e-07;2.67404e-09;1.68451e-07;1.19073e-06;2.22712e-09;2.54949e-11
7.87614e-05;0.00462949;0.916388;0.000175241;1.66933e-06;1.16328e-05;0.000100188;0.000919733;0.00167575;2.05953e-05;0.00206169;0.0736232;0.000137502;0.000176658
7.56807e-05;0.399949;0.000141921;0.000118624;0.00127915;0.00968571;1.59833e-05;3.57015e-05;7.59351e-06;1.9058e-05;5.82031e-05;0.00110175;0.00700592;0.580505
8.979e-07;0.000766013;3.48499e-09;5.14985e-08;0.000278166;1.04648e-06;2.63075e-10;0.998598;1.5405e-08;1.72684e-08;4.76723e-09;3.4334e-05;0.000171085;0.00015003
4.51414e-09;1.26201e-06;0.99999;3.13172e-08;5.3801e-06;4.69714e-07;1.63084e-12;2.13928e-07;2.15858e-11;8.81691e-10;2.65864e-11;2.03404e-06;2.70639e-07;1.1854e-07
0.000341995;0.610971;0.000371567;0.000678512;0.000446883;0.00141829;0.000564094;0.128023;0.00609604;0.000120952;0.00379939;0.00442295;0.241863;0.000882053
