2.42816e-05;0.996695;3.78278e-05;0.000109581;3.99428e-06;4.65648e-07;7.56332e-07;0.00215234;4.90458e-06;9.333e-07;6.44588e-06;0.000539713;0.000423054;6.78443e-07
5.09858e-06;0.000247273;1.77854e-10;2.37973e-08;1.91888e-06;9.78722e-10;5.21124e-08;0.999738;4.71324e-06;2.07129e-08;4.54272e-07;9.39115e-09;4.4899e-07;1.80236e-06
0.000172925;0.917269;3.03568e-05;1.32417e-05;8.27457e-06;3.29104e-07;0.0734641;0.000663686;0.000216622;0.00156564;2.38997e-05;0.000314175;1.79509e-06;0.00625576
3.97412e-09;3.14225e-08;0.999999;7.68146e-09;1.59118e-09;8.277e-11;1.0988e-06;9.45881e-09;6.60338e-08;3.14204e-10;2.32544e-07;8.34029e-08;7.32105e-11;1.23025e-10
4.62679e-08;0.109754;1.87604e-07;1.03187e-06;1.70233e-08;2.66972e-07;7.08879e-08;1.70397e-07;1.5755e-08;4.34226e-09;1.42156e-06;1.01252e-06;0.890234;7.23273e-06
8.42589e-07;0.0289334;1.404e-06;2.88227e-06;2.14827e-05;4.95847e-06;2.37516e-07;0.00119042;6.25287e-07;2.57521e-08;2.28712e-05;0.9569;0.000248767;0.0126724
6.33218e-08;0.975926;8.20476e-08;5.11188e-07;1.09929e-05;2.04339e-06;3.55078e-06;0.000174399;1.70898e-10;1.1105e-05;9.52265e-09;2.19649e-08;9.05562e-07;0.0238702
2.94182e-09;1.9934e-06;0.999994;4.54763e-08;1.74395e-09;1.34031e-06;1.05295e-08;1.27461e-09;3.23145e-10;1.05608e-09;1.53571e-07;3.71372e-07;1.77129e-06;3.02753e-08
1.55638e-06;0.998399;2.84214e-06;1.555e-07;9.77966e-09;5.62562e-09;1.06151e-07;0.000150638;3.56859e-08;5.05297e-09;1.12214e-05;6.45428e-05;0.0013696;1.61047e-08
1.77054e-07;0.995365;7.7625e-09;1.77849e-06;0.000760513;7.79312e-08;2.30604e-08;0.000610683;2.98247e-08;1.97494e-06;3.1742e-07;0.00122454;1.2882e-06;0.00203328
6.63473e-06;0.00253902;0.00322252;8.32118e-05;0.000325624;0.00041824;1.17095e-07;7.62852e-05;7.51899e-07;1.07556e-05;2.08049e-05;0.979128;4.54912e-05;0.0141223
6.8559e-06;7.61843e-05;1.50598e-11;1.41499e-08;5.35046e-08;1.66304e-08;6.16533e-08;0.998491;1.30046e-05;1.42968e-09;0.000227995;8.04538e-07;0.00118424;1.04547e-08
7.24119e-05;0.0026703;5.97238e-06;1.5719e-05;3.17545e-06;3.4397e-07;2.43096e-07;0.0014255;0.000111489;1.95198e-06;0.000535064;0.994498;0.000556268;0.000103747
2.48179e-07;0.998372;8.05508e-09;8.91614e-08;2.3237e-08;2.70096e-07;3.34688e-06;0.000835572;1.37326e-08;1.08332e-05;9.94833e-09;5.94192e-07;0.000776167;6.84765e-07
1.51987e-11;6.33754e-10;0.999987;1.14105e-10;8.20976e-10;2.40368e-10;4.14766e-11;1.30296e-09;3.60194e-14;8.752e-11;8.09948e-13;1.26483e-05;2.70527e-12;6.26732e-12
1.38187e-06;0.00812564;1.1929e-07;4.12947e-05;2.1726e-06;0.000907612;0.000337604;0.000112742;7.38527e-06;2.55378e-05;5.95834e-05;7.29052e-06;0.990312;5.9493e-05
3.71049e-07;0.000146603;0.9989;5.41409e-06;1.74496e-08;1.57225e-07;0.000770665;1.07179e-07;5.72394e-08;1.94752e-05;2.02479e-06;0.000155249;1.40861e-07;3.68863e-08
4.28872e-07;2.2794e-06;0.999667;1.82646e-07;1.6807e-08;3.61698e-08;0.000287888;6.48272e-09;3.93101e-06;1.97152e-07;3.70477e-05;9.12931e-07;7.17042e-10;1.36553e-08
3.60273e-07;0.00418682;0.995763;1.26798e-07;2.91728e-07;9.34137e-08;1.92835e-06;1.8055e-05;1.50365e-07;7.04538e-08;3.6597e-07;1.12294e-05;1.59644e-05;1.92243e-06
7.85356e-06;0.913954;1.63003e-07;1.45284e-06;3.13856e-05;1.56614e-05;4.66638e-07;0.0495202;2.58358e-05;3.23112e-07;2.06592e-05;0.0242027;0.0102474;0.00197161
7.54065e-07;0.131365;5.12764e-08;2.52518e-06;5.62055e-06;3.29248e-05;7.89485e-05;0.000292918;7.61284e-07;0.000566785;1.53799e-06;8.36457e-07;0.000237216;0.867414
2.8866e-11;4.51412e-11;1;9.9049e-12;6.78385e-11;3.10877e-11;4.38221e-11;1.2611e-09;6.3259e-12;1.98868e-11;1.21223e-10;5.0787e-10;1.45483e-13;2.16151e-12
2.17765e-05;0.0236923;5.30367e-06;1.01275e-06;0.00101707;0.000116276;6.99399e-07;0.966365;9.28146e-06;4.08908e-07;5.44526e-06;0.00373707;0.00303758;0.00199081
3.11508e-05;0.00316109;3.07739e-09;1.22856e-06;0.00024901;4.41331e-06;1.08312e-07;0.990657;2.8555e-05;2.59328e-07;1.25129e-05;0.00448743;0.00135401;1.32312e-05
3.16463e-06;7.1984e-05;1.48966e-09;1.06163e-09;2.58656e-07;1.13637e-09;2.49024e-09;0.999914;4.18855e-08;1.2635e-09;2.56224e-09;6.66811e-08;1.0132e-05;8.13699e-08
7.19732e-08;7.56625e-05;1.39779e-06;2.28875e-06;0.00020756;5.99301e-05;9.95911e-09;1.56419e-05;8.58691e-09;2.37988e-07;3.35656e-08;0.00610349;3.50712e-06;0.99353
3.6198e-06;0.00849701;4.65324e-07;7.87725e-07;1.27312e-07;3.61302e-07;7.00387e-06;0.00599021;4.46032e-06;2.49315e-07;4.27592e-05;1.16872e-07;0.985452;4.1278e-07
6.48284e-08;7.23495e-07;0.999992;1.33877e-07;3.73113e-08;1.90385e-08;2.32283e-08;1.34148e-07;2.14711e-08;7.25227e-09;3.09898e-08;6.95138e-06;1.32948e-07;4.80493e-09
7.17001e-06;0.130524;5.6735e-05;0.000165014;0.000115276;2.85688e-06;1.20932e-06;0.0218102;4.31799e-05;1.61489e-06;7.28169e-05;0.845273;0.000413616;0.00151296
4.16488e-06;0.970222;3.78423e-06;8.08652e-05;2.38559e-05;1.33975e-05;7.47976e-05;0.00706203;2.62621e-05;6.88511e-06;0.00182696;0.000154149;0.0204198;8.14633e-05
2.83984e-05;0.00165474;0.000304107;0.050479;0.033245;0.728116;0.000138552;0.000543479;9.80066e-05;0.000373017;0.00106176;0.00159472;0.000250591;0.182113
0.000154319;0.0802899;3.48866e-07;8.57589e-08;7.81899e-06;3.75149e-06;1.36514e-07;0.87078;4.93657e-08;1.74194e-08;5.09271e-07;6.59381e-06;0.0487536;3.18173e-06
1.18968e-07;0.000525939;6.18249e-06;6.7107e-07;0.000145222;3.85507e-05;8.16083e-10;5.07124e-05;2.3547e-09;3.75727e-08;1.04298e-08;0.996015;0.000351538;0.00286585
2.22026e-06;0.996511;8.22025e-06;8.75934e-06;0.000264787;7.54739e-05;1.77916e-06;0.000417324;2.57738e-07;1.38203e-05;3.60685e-07;0.000124903;0.00143321;0.00113746
0.000147045;0.0135356;3.6789e-05;2.84699e-05;0.296819;0.0150348;1.51287e-06;0.000333677;3.41886e-06;6.67229e-05;3.51667e-06;0.29095;0.00243187;0.380607
2.73132e-06;0.998581;4.5342e-10;3.45445e-08;9.64418e-08;1.21047e-08;0.00126135;9.85391e-05;9.87398e-06;5.2728e-06;1.13819e-07;1.43824e-10;1.28829e-05;2.84337e-05
4.4705e-09;1.07717e-09;1;5.78204e-10;4.55868e-09;2.09739e-10;1.06516e-08;1.08214e-09;2.19148e-09;2.82662e-09;9.92545e-10;1.34357e-07;2.02401e-13;5.30813e-11
2.70166e-05;0.000132447;1.48266e-09;2.40119e-09;4.61992e-07;5.91606e-09;1.18579e-08;0.999581;0.000205967;7.66659e-09;3.89158e-07;2.95746e-05;2.33057e-05;8.12169e-08
1.78654e-05;0.0293614;2.61792e-07;1.52536e-06;0.00102311;2.68745e-05;9.99128e-05;0.000794994;6.56134e-06;0.000157856;8.92327e-07;0.000349881;1.06135e-05;0.968148
4.91539e-09;2.15519e-08;0.999991;2.35589e-10;3.13757e-09;1.42984e-10;6.50234e-09;2.27346e-08;4.53679e-10;2.24643e-10;8.49165e-10;9.28866e-06;3.63617e-11;9.42517e-10
8.51171e-06;0.0319775;9.99622e-07;4.73426e-07;3.66921e-06;1.45434e-06;4.5737e-05;0.0197149;1.3095e-06;1.6998e-07;6.41094e-06;0.0274464;0.920384;0.000408677
3.25464e-07;0.0675645;3.57126e-07;4.06735e-05;2.27236e-05;8.37304e-06;0.0132083;0.000281679;7.63175e-06;0.00331608;3.29014e-06;6.10025e-06;3.68558e-06;0.915536
1.64332e-10;4.71244e-10;1;7.573e-09;2.86678e-11;4.55853e-11;2.27011e-07;1.647e-10;1.73994e-10;8.13479e-10;1.83811e-08;1.85764e-08;1.09736e-12;1.23754e-10
5.5311e-06;0.014242;1.19682e-07;2.50148e-08;7.10913e-08;5.76061e-09;1.81824e-07;0.982012;5.11189e-07;1.11271e-08;5.25033e-06;1.11409e-05;0.00372275;3.71107e-07
1.32573e-08;0.000267429;3.26776e-06;4.4e-07;4.5601e-06;1.36735e-06;1.26182e-09;1.96471e-05;2.95702e-07;7.10227e-09;1.23254e-05;0.998989;3.08299e-05;0.000671084
8.72883e-07;0.948447;3.89489e-07;4.30353e-05;0.000160547;1.37374e-05;4.43492e-07;0.0479037;6.33329e-07;2.46438e-05;3.78431e-06;0.000337385;0.000984492;0.0020795
3.67371e-06;0.0157921;1.88357e-05;1.14389e-06;1.80221e-05;1.65334e-06;2.01456e-08;6.088e-06;2.84662e-07;5.12095e-08;2.66853e-06;0.98404;3.22734e-05;8.34524e-05
0.000565813;0.254958;1.96256e-09;1.27352e-05;2.62981e-05;1.52346e-05;8.56812e-06;0.618282;0.000206469;6.58621e-07;1.90753e-05;0.000241154;0.125628;3.58564e-05
7.59865e-05;0.00043788;2.53615e-08;4.93173e-06;3.17174e-06;1.07285e-06;1.43236e-08;0.981353;0.000174035;4.41774e-08;3.50657e-06;5.1662e-05;0.0178948;1.8662e-07
1.3987e-05;0.00124888;7.51656e-08;6.06944e-07;2.57561e-08;1.01869e-06;4.78648e-09;0.0001766;6.57476e-07;1.44669e-08;1.53704e-07;0.00148951;0.997067;1.67454e-06
3.38453e-06;0.0167866;4.62406e-06;0.000291637;0.000237806;1.15735e-06;5.64562e-07;0.0285352;0.000105693;2.43035e-07;4.30261e-05;0.953266;0.000698457;2.52906e-05
0.000100392;0.519072;4.35305e-06;0.0313631;0.00285968;1.60898e-05;1.19369e-06;0.425675;6.66467e-05;0.000131197;9.53154e-05;0.0143998;0.000548632;0.00566638
0.000664817;0.00058081;2.43875e-05;9.62579e-05;0.00098282;0.000108454;0.000168609;0.986253;0.00180983;0.000335688;0.00544543;1.02405e-05;0.00350377;1.60854e-05
2.11469e-06;0.000155224;0.999795;4.08805e-06;1.51033e-05;3.63531e-06;2.58595e-09;2.43979e-06;2.8449e-08;1.90719e-07;1.70338e-06;1.71894e-05;2.9217e-07;2.74518e-06
7.0155e-05;0.622896;5.35563e-06;0.000100753;4.69929e-05;0.000107993;0.000541318;0.0532302;0.0649442;8.2308e-06;0.251893;0.000292454;0.00417041;0.00169271
