7.6162e-06;0.993573;1.08469e-05;9.27006e-05;1.14346e-05;3.42609e-06;1.9815e-05;2.01466e-05;3.19532e-07;3.24709e-05;1.88255e-05;6.03925e-06;0.00612043;8.266e-05
9.24318e-06;0.00117625;0.00186118;4.78724e-06;1.36699e-05;2.9391e-07;1.78942e-07;1.28515e-05;2.65316e-07;1.13763e-08;4.02079e-06;0.996809;7.40318e-05;3.37674e-05
0.000133576;0.991823;1.15665e-07;4.14261e-06;0.000335034;5.23298e-07;2.31847e-06;0.00479521;0.000221149;1.55053e-07;3.7497e-05;1.63907e-05;0.000489418;0.00214203
4.78108e-05;0.0124921;7.00001e-10;2.51542e-06;3.61666e-05;7.30967e-07;1.02096e-05;0.973604;0.00294905;8.6846e-06;5.58318e-06;0.000159554;0.00725159;0.00343181
0.000109084;1.55104e-05;3.70175e-09;3.5857e-06;4.68368e-05;3.62094e-07;4.93096e-06;0.0317121;0.967107;2.11177e-07;0.000504446;0.000480032;1.49388e-05;4.67169e-07
0.00119353;0.701919;0.0654004;0.00243848;0.000104151;0.000823771;8.10075e-05;6.48925e-05;0.000427315;9.51716e-05;0.00734465;0.000576231;0.219133;0.00039907
0.000129458;0.0988927;4.81617e-05;3.38824e-05;1.92378e-05;0.000285106;3.05932e-06;0.0105705;0.000228924;3.46028e-06;0.00182497;0.713845;0.173763;0.000353077
3.87537e-05;0.0492349;0.000229345;0.000240426;0.613445;0.00929968;1.95607e-06;0.053077;4.93195e-06;1.51269e-05;0.000136911;0.0345945;0.00297414;0.236707
4.6085e-05;0.0511254;2.34758e-05;4.72816e-06;2.57429e-05;5.46931e-05;7.42428e-05;0.00907421;1.04974e-05;2.74743e-05;8.85577e-05;1.31908e-05;0.939367;6.46475e-05
3.86469e-10;2.70285e-11;1;5.08583e-11;2.31766e-10;3.54413e-10;1.11884e-10;7.88849e-10;6.47788e-11;3.46074e-11;3.18155e-10;3.04464e-09;7.35699e-11;2.6905e-12
8.00431e-08;1.22217e-05;0.999264;2.12496e-08;2.01313e-08;1.87956e-07;8.9548e-09;4.77467e-06;5.25389e-08;1.36023e-08;2.94165e-08;0.000715857;4.89259e-07;1.97668e-06
3.81965e-08;0.00400665;2.10918e-08;5.30482e-08;3.95103e-05;0.000115217;6.00518e-06;2.85069e-06;2.6534e-08;9.51822e-06;3.30126e-08;1.37299e-10;2.2369e-06;0.995818
1.12846e-09;8.53368e-10;0.999996;2.92829e-10;3.49789e-09;2.03335e-10;4.73019e-10;1.34389e-08;4.83358e-11;1.67794e-11;4.63646e-10;3.69584e-06;3.64072e-12;1.91115e-12
0.00035049;0.755899;1.36611e-05;0.000163203;0.00052513;0.00103462;0.000241291;0.0952877;0.00402335;5.73327e-06;0.000961162;0.0101948;0.131074;0.000226324
7.50957e-07;0.974768;7.37725e-09;8.28267e-08;1.27729e-08;4.00545e-07;5.52722e-07;3.82697e-06;1.1126e-08;6.60651e-08;5.78476e-08;8.97121e-05;0.0251356;9.221e-07
3.82897e-06;0.0170586;8.90575e-05;5.58051e-06;0.000986955;5.20863e-06;1.90991e-07;0.0130611;1.4976e-07;3.03309e-07;4.00345e-07;0.965282;0.000670014;0.00283694
5.56809e-08;0.999625;4.05552e-10;5.63957e-08;7.94585e-08;1.87809e-06;2.40498e-05;8.22609e-05;4.76215e-09;2.13881e-06;4.03485e-09;1.68896e-08;6.23489e-06;0.000258242
8.41294e-09;1.29491e-07;0.999844;5.59229e-09;1.66476e-08;4.10033e-09;3.52835e-08;2.65857e-05;5.27503e-11;8.62613e-10;7.65846e-10;0.00012953;1.01641e-10;9.41835e-10
0.000571254;0.17808;1.96059e-06;0.000225579;1.7066e-05;0.000224155;0.671847;0.108407;0.00856593;0.00257094;0.0163091;2.7631e-05;0.00299157;0.0101608
1.62416e-08;5.95809e-08;1;1.02175e-08;7.68618e-11;1.73822e-10;1.1058e-07;2.09799e-08;9.63387e-10;4.34578e-10;9.06379e-09;2.83804e-07;8.62845e-10;1.00828e-11
3.07571e-06;0.0163532;4.55044e-05;5.37849e-06;4.83102e-05;1.75233e-07;2.062e-08;0.00316072;2.22197e-06;2.75416e-07;5.01358e-07;0.97961;2.86812e-06;0.0007679
5.41239e-08;0.978274;8.15421e-05;1.87229e-07;0.00249076;0.000330199;3.08083e-10;6.88304e-05;9.58661e-12;2.30282e-07;8.96852e-11;0.000273046;0.0156166;0.00286441
2.39618e-06;0.00340429;3.09962e-05;1.37389e-05;0.000251797;0.133934;4.65958e-07;0.000315805;1.17522e-06;1.09122e-05;1.64971e-06;0.00921988;0.850856;0.00195725
4.13836e-05;0.223737;0.75798;0.000106461;0.000312485;0.00363485;0.00241535;2.18305e-05;6.27397e-07;0.000527068;4.29214e-07;0.00876077;0.00203444;0.000427379
7.1084e-10;4.07031e-09;1;4.79438e-10;4.0523e-10;1.32043e-09;1.40543e-08;2.2365e-09;2.35748e-10;3.39388e-10;1.70143e-10;4.91898e-09;6.03356e-11;7.42267e-12
1.31693e-06;0.994921;6.32344e-08;4.15233e-07;4.7296e-08;2.06293e-07;4.04908e-07;4.82908e-05;1.16135e-06;1.32863e-07;2.32282e-06;0.00183785;0.00318565;7.45922e-07
6.1576e-06;0.0201505;4.3363e-08;3.07559e-06;2.23937e-05;1.97986e-06;2.10435e-07;0.0157823;2.10856e-05;2.10587e-07;0.000145564;0.930746;0.0331144;5.61616e-06
1.64877e-06;0.977267;4.95508e-07;1.73901e-06;8.42397e-07;1.71614e-06;0.00237744;0.000119187;1.02709e-07;0.00071141;8.31877e-08;3.60004e-08;3.22439e-05;0.019486
1.90373e-09;3.91177e-09;0.999975;2.24386e-08;1.35937e-09;2.1502e-09;3.02245e-08;5.57581e-09;1.93358e-09;9.26082e-10;2.95527e-08;2.47111e-05;4.75386e-10;1.89076e-10
3.19147e-06;0.995595;0.000167748;2.33749e-06;6.60853e-08;4.12615e-07;2.36048e-05;0.000518857;1.06535e-06;1.28808e-06;2.12314e-06;0.000876415;0.00215196;0.00065629
1.73853e-06;0.000779152;5.13114e-07;1.49458e-06;1.2948e-06;1.35258e-05;8.82218e-07;0.00580643;1.71569e-05;1.0722e-06;4.313e-05;7.19761e-06;0.993318;8.41351e-06
0.000192821;0.000881974;0.00488431;0.00041241;6.58136e-06;1.59273e-05;1.1135e-05;0.00149168;0.00341723;0.000116675;0.00253312;0.984466;0.00150883;6.17453e-05
