1.61844e-06;0.996915;3.37014e-10;2.49074e-07;3.74857e-09;2.12649e-08;1.75885e-06;4.36176e-06;3.45675e-06;1.84649e-08;4.9747e-06;0.000109587;0.00295876;8.32006e-09
5.53112e-06;0.956863;6.31752e-08;1.09072e-05;1.92828e-05;1.1259e-06;6.93528e-07;0.00154078;1.24859e-05;1.8527e-07;3.04427e-06;0.0413579;4.34724e-05;0.00014124
1.03504e-05;0.96009;3.1377e-08;2.32781e-06;1.00438e-07;4.24291e-08;3.06734e-06;0.000882109;3.099e-06;1.61259e-07;2.15392e-06;0.000377033;0.0386152;1.42288e-05
1.25259e-05;0.0452795;1.36427e-05;6.91454e-06;5.81571e-05;6.04145e-06;1.37758e-07;0.136897;1.06294e-05;8.10695e-08;6.8829e-06;0.813688;0.00361908;0.000401358
5.72154e-05;0.0670146;0.0221958;0.000116856;0.0143806;0.00995481;6.74601e-08;0.0559376;1.10899e-05;1.43608e-05;3.59993e-06;0.803083;0.000409416;0.0268209
2.70493e-06;0.00595452;9.76898e-08;4.72484e-07;5.34425e-08;2.84972e-06;3.06917e-06;6.98824e-06;7.43659e-06;8.23627e-07;4.33258e-05;4.26835e-06;0.993973;2.79164e-08
1.40051e-06;7.18078e-05;0.99929;1.94736e-06;2.30977e-06;4.92185e-08;3.24513e-09;2.31247e-06;4.36975e-09;3.29033e-08;9.08826e-09;0.000616067;1.01594e-07;1.40456e-05
6.8494e-06;0.987444;2.64482e-08;1.93384e-05;8.2492e-05;2.67971e-05;7.32094e-05;0.0042409;0.000139886;1.61412e-06;0.000187688;0.000458247;0.0062822;0.0010367
5.96133e-07;0.999567;2.86963e-08;1.39774e-08;1.05606e-09;1.34667e-09;1.87576e-08;2.11388e-06;3.44662e-09;5.25997e-09;2.54861e-08;6.64264e-05;0.000364264;3.6913e-08
8.2962e-08;2.39212e-05;1.58429e-08;1.51583e-06;0.000142101;1.03804e-05;2.6544e-08;0.000127348;3.07813e-06;8.23431e-08;5.62376e-06;0.99954;1.56761e-06;0.000144335
6.30597e-07;0.00124442;0.000175297;6.78617e-06;2.71293e-07;8.34703e-06;2.26974e-07;2.61077e-06;7.0697e-08;1.70007e-07;1.87186e-06;3.22791e-07;0.998558;1.22862e-06
2.80096e-06;0.00568813;4.17497e-06;9.63683e-07;2.47136e-06;3.34099e-06;3.43368e-07;9.51228e-06;1.27225e-05;2.81351e-08;5.60134e-05;0.972514;0.0216549;5.09593e-05
2.61333e-05;0.0260446;1.86394e-06;4.5977e-08;0.000389038;4.3799e-05;3.55623e-08;0.972864;8.20151e-08;1.84388e-07;1.06312e-08;5.27643e-05;0.00027278;0.000304871
3.10722e-06;0.00173058;8.07399e-09;1.92002e-06;2.35354e-06;0.000113978;1.99553e-06;0.000138414;0.000228702;7.7254e-07;0.000122443;0.000111899;0.997507;3.63721e-05
4.46987e-06;0.0212325;0.978474;1.90904e-05;7.98952e-07;5.94319e-06;8.11658e-05;8.08917e-06;1.0026e-07;9.38413e-05;2.07627e-07;3.6177e-05;7.73e-06;3.6245e-05
4.94823e-08;5.33245e-08;0.999999;5.32963e-08;3.11587e-08;1.86469e-08;1.62954e-07;1.47218e-08;9.8707e-08;4.01425e-09;6.17701e-07;3.93319e-07;4.2908e-09;2.28384e-10
3.85283e-05;0.801169;0.000216295;1.2167e-05;2.77764e-05;0.000193691;6.91478e-06;0.0912884;4.54065e-05;1.66714e-05;1.97572e-05;0.0842335;0.00135509;0.0213774
9.6992e-08;0.000223959;2.65955e-11;2.88082e-08;8.47215e-07;8.60368e-06;1.85809e-08;0.000101395;2.64464e-07;6.45425e-09;5.9506e-07;6.85319e-07;0.999663;1.12307e-07
3.09701e-06;0.000579158;3.81181e-08;2.03446e-06;3.98286e-05;9.21427e-07;2.31556e-08;5.2467e-05;1.98049e-06;1.44025e-07;5.89025e-07;0.998983;0.000332186;4.99705e-06
9.45488e-05;0.992095;2.17547e-05;0.000467563;0.000277277;4.85906e-05;4.0799e-06;0.00136111;5.79753e-06;5.15158e-06;1.31724e-05;0.000736199;0.00485511;1.5006e-05
0.000145912;0.827174;1.10443e-06;4.42875e-05;6.39464e-06;1.76347e-06;7.17908e-05;0.0141893;8.66727e-06;9.45648e-06;5.64257e-06;0.0324519;0.125808;8.12532e-05
4.47868e-05;0.00340515;6.98351e-06;0.000127798;0.00432783;0.000145782;7.66341e-06;0.00675587;5.00734e-05;1.15842e-05;0.000148749;0.984351;0.000288933;0.000328052
3.85629e-07;0.998229;7.98865e-11;1.08911e-08;1.36734e-08;1.87985e-09;0.00168129;1.79507e-05;1.71726e-08;1.70274e-06;5.54359e-08;2.61792e-10;6.42425e-05;5.09945e-06
9.96836e-11;7.64036e-11;1;1.15982e-10;2.40525e-09;6.16909e-10;4.61028e-11;6.42955e-11;2.83993e-12;7.27204e-12;5.39313e-12;8.07722e-08;1.45093e-13;1.26864e-11
2.26937e-05;0.905797;2.14591e-06;0.00140921;4.11841e-05;0.000281275;0.000609947;0.000600393;0.00295194;5.83384e-06;0.00839991;0.00297562;0.0756124;0.00129008
0.000140106;0.925628;9.79715e-06;8.20844e-05;6.69292e-06;1.58742e-06;1.20135e-05;0.0323159;5.37677e-06;4.26161e-06;0.000107474;0.0169313;0.023034;0.00172104
1.74646e-05;0.0281371;1.97315e-08;9.67152e-05;0.0427964;3.61458e-07;5.03948e-06;0.92288;0.000261504;4.62377e-05;0.000282339;0.00433684;8.59745e-06;0.00113161
9.84346e-06;0.00902074;0.981422;0.002275;0.000644969;5.15113e-05;5.55825e-05;2.20222e-05;1.71373e-05;0.000202401;0.000727611;0.000454611;0.000121381;0.00497507
0.000274464;0.137202;1.45124e-07;0.000384244;9.38874e-07;3.30923e-05;0.00439473;9.53068e-06;0.0142649;9.8399e-06;0.792808;0.000297421;0.0502825;3.85452e-05
2.85443e-06;0.000296232;2.74321e-09;1.77235e-09;1.12723e-06;2.3175e-08;6.58157e-11;0.999486;1.49025e-08;4.66232e-09;1.98648e-09;3.05026e-05;0.000181439;2.32572e-06
4.51623e-07;0.00506202;5.99319e-06;3.4607e-06;2.41377e-05;2.71344e-05;2.2085e-07;0.000378437;1.45068e-06;4.20787e-07;1.40936e-06;0.974424;2.87484e-05;0.0200417
8.08484e-07;0.000587288;5.52626e-09;9.23651e-08;2.58166e-08;4.17727e-08;4.3644e-08;0.0007278;1.73247e-07;6.60622e-09;2.32871e-06;1.04546e-06;0.99868;8.73701e-08
1.40282e-06;0.000268873;8.46664e-08;1.36619e-07;2.77452e-07;3.60016e-09;9.96489e-10;3.11722e-05;1.8631e-06;3.02974e-08;1.31162e-07;0.99965;4.5332e-05;1.10178e-06
1.75822e-06;0.9826;6.43854e-06;6.53947e-06;3.72561e-06;2.56063e-06;2.04702e-07;2.00966e-06;2.47027e-08;3.50113e-06;1.82759e-07;5.54566e-06;0.0173643;3.59238e-06
2.47598e-07;0.00269709;7.64695e-08;4.30836e-07;6.58277e-07;8.17987e-08;1.49298e-07;0.00329425;1.52711e-06;7.1772e-09;9.43014e-06;0.99396;2.25349e-05;1.38681e-05
3.44118e-05;0.927488;0.00194198;0.000110248;0.0054659;0.00428391;2.45033e-06;0.0381898;1.83232e-05;6.41074e-05;0.000175539;0.0136665;0.000899529;0.00765958
2.22037e-06;0.000310768;2.15731e-08;3.89532e-07;7.09334e-08;5.12507e-06;4.91108e-06;3.50478e-06;1.08729e-05;1.62029e-06;0.000212348;7.31192e-06;0.999441;2.66892e-08
4.17887e-06;0.000618277;0.998869;1.8069e-06;3.41411e-06;1.30774e-06;3.35145e-08;4.35333e-06;4.45944e-09;3.58419e-07;1.08443e-08;0.000438151;6.58092e-07;5.84064e-05
1.32537e-06;0.994199;9.25743e-08;6.58735e-06;7.44086e-05;7.46505e-05;1.03497e-05;0.00209246;1.21933e-05;8.34238e-07;1.16681e-05;2.65517e-05;0.00214497;0.001345
2.03825e-05;0.442016;3.11243e-08;6.13946e-06;2.62422e-06;1.14532e-06;5.1869e-07;0.00901063;2.74604e-06;5.34505e-07;1.79334e-05;0.00229368;0.546621;7.52438e-06
4.26636e-05;0.196639;5.30726e-07;0.000665365;0.000512942;0.000153603;0.00994422;0.000383415;1.74909e-06;0.0421726;2.76074e-06;4.46886e-07;6.5406e-06;0.749474
1.19909e-10;8.60062e-13;1;6.12143e-11;3.5197e-10;2.01159e-11;7.10858e-11;6.97369e-10;6.59282e-12;1.30469e-11;3.90469e-11;2.93039e-08;1.96618e-13;3.37525e-12
0.000150391;0.479239;2.28176e-05;6.72663e-06;7.206e-06;1.23043e-05;0.000105447;0.0262673;0.000106231;0.000187117;5.10587e-05;0.000148325;0.493616;8.03544e-05
1.52113e-09;1.20567e-08;0.999997;3.01685e-09;9.1667e-09;9.48648e-09;6.80469e-10;3.17923e-09;5.65491e-09;5.80578e-10;1.07809e-08;2.59364e-06;1.40687e-09;2.47677e-09
2.96013e-07;1.99321e-05;0.994675;1.35376e-06;2.00711e-06;2.41917e-07;2.6768e-07;0.00474511;2.88258e-06;5.84537e-08;5.11133e-06;0.000526078;4.77429e-06;1.74229e-05
3.01997e-08;0.000325483;0.000266817;2.28549e-07;2.3176e-05;0.000117434;3.69784e-09;9.11662e-06;7.249e-10;1.03186e-07;3.31729e-08;0.000116227;4.32855e-07;0.999141
2.93809e-05;0.00530826;6.94765e-07;2.07419e-06;0.000113422;9.23226e-05;1.60192e-07;0.536648;8.03555e-07;5.0823e-08;1.64151e-05;0.000408628;0.457367;1.29254e-05
9.87313e-08;0.00344585;8.09661e-11;2.77976e-07;2.77516e-08;2.09607e-06;2.06795e-09;0.000291923;1.29611e-08;3.26198e-09;1.32113e-08;1.50533e-05;0.996238;7.03589e-06
4.60117e-06;0.00232505;1.14311e-05;0.00167787;0.00204693;0.000145538;2.84225e-06;3.8411e-05;3.72027e-06;9.59835e-05;0.000154974;0.00669082;4.39324e-05;0.986758
3.01002e-05;0.474671;6.31447e-05;0.000501344;1.30158e-05;1.916e-05;0.000290939;4.31896e-05;6.51833e-07;9.28267e-05;0.000735651;7.83247e-06;0.523466;6.52441e-05
1.29978e-05;0.0985969;7.59145e-07;9.97509e-07;3.62104e-07;6.23716e-08;4.46631e-05;0.00424748;5.4431e-06;1.23939e-07;0.000801804;0.870451;0.0258355;1.59817e-06
0.00012259;0.0786967;1.95614e-06;0.00104708;0.282396;0.01535;5.20128e-05;0.548192;0.000888997;0.000194011;0.00169102;0.0244011;0.0152454;0.0317213
0.000145362;0.101694;5.06464e-07;1.80761e-05;4.20147e-05;0.000614386;2.04159e-05;0.000135802;9.52506e-05;2.49998e-05;0.000219617;0.000188019;0.896645;0.000156963
3.81308e-05;0.0176193;0.947524;3.26383e-06;7.09738e-06;2.13585e-06;1.34819e-07;5.62067e-06;3.08024e-08;4.64912e-07;2.93642e-08;0.0346867;5.73766e-05;5.61667e-05
4.87692e-06;0.914785;3.07029e-06;3.74434e-06;0.00118104;0.000338777;1.18196e-06;0.0526381;8.35515e-06;1.69771e-07;7.22634e-06;0.00441647;0.0170965;0.0095153
3.28636e-06;0.00556598;5.0696e-08;8.22634e-07;9.36577e-06;3.31874e-07;6.91596e-09;0.0115142;7.49717e-07;4.92248e-08;1.58025e-06;0.00551282;0.977389;2.07875e-06
5.11718e-05;0.00150084;1.43349e-06;2.93615e-07;1.94674e-05;1.71199e-06;8.12529e-09;0.979864;1.88741e-06;1.0513e-07;4.80647e-07;0.0168647;0.00148614;0.000207917
2.54756e-06;0.254927;1.37918e-05;0.000160055;0.000150979;0.000272543;1.51792e-06;0.00283945;5.38591e-05;9.72094e-06;8.51898e-05;0.732692;0.00380172;0.00499025
1.93629e-05;0.888845;7.78804e-06;3.95927e-05;0.000195424;9.17251e-05;3.38092e-06;0.0196856;6.24639e-05;4.90312e-06;0.000497147;0.0692967;0.0211925;5.80216e-05
0.00100968;0.0136351;9.35814e-05;1.18413e-05;5.64552e-05;7.14721e-07;5.61547e-05;0.00660508;9.69937e-05;1.50698e-06;0.000690225;0.954529;0.0232127;7.28174e-07
0.00911749;0.185729;1.71621e-06;8.65064e-05;0.00360353;2.47245e-05;2.4684e-05;0.743451;0.0147642;2.13895e-05;0.000433643;0.00753974;0.0338114;0.00139116
4.34144e-05;0.993923;6.76601e-09;8.0697e-08;2.60158e-07;3.7371e-08;0.000150025;0.00100874;9.71527e-06;8.24355e-05;9.3519e-08;3.22495e-08;2.98648e-05;0.00475208
1.29957e-08;1.20951e-09;0.999903;4.17823e-10;2.32945e-08;9.64939e-10;1.33449e-09;1.30057e-07;9.67753e-09;1.98713e-09;1.31579e-09;9.66736e-05;2.13805e-11;1.80383e-10
0.000163687;0.797566;1.01284e-06;1.90767e-05;7.76061e-06;2.87668e-07;0.000120487;0.136593;0.0390653;3.76011e-06;0.00239419;0.000369688;0.0236954;4.36141e-07
0.000202471;0.0389691;0.000117618;0.000854084;0.0153988;0.00149195;4.03685e-06;0.39272;0.00134673;5.88067e-05;1.96072e-05;0.197108;0.349712;0.00199638
0.000258132;0.0458491;7.93357e-09;0.0188293;0.000865923;0.00403441;1.03627e-05;0.0201776;0.0748175;0.000208661;0.0223765;0.0426726;0.755763;0.0141373
0.00021058;0.0449799;0.941662;0.000178323;6.3454e-05;7.30942e-06;1.22473e-06;0.000502648;7.33194e-07;1.23236e-05;2.3005e-07;0.000266418;3.25041e-06;0.0121113
3.71743e-06;0.000610805;1.22066e-09;9.0794e-07;4.51987e-06;2.22846e-07;4.86785e-08;0.00342621;4.37443e-05;4.57101e-08;7.16325e-05;3.92361e-06;0.995834;1.07531e-07
2.00344e-05;0.978947;0.000214206;0.00010646;2.1682e-06;4.87216e-05;9.26079e-06;0.000107118;4.06298e-06;7.1768e-06;3.67802e-07;0.000512422;1.12292e-05;0.0200101
8.75887e-06;0.00543813;2.66182e-10;7.19851e-06;3.54549e-07;3.79338e-07;1.51977e-07;0.0226995;1.27969e-05;6.16676e-08;6.29669e-05;6.43763e-06;0.971761;2.42605e-06
2.02769e-06;0.00050478;1.09261e-08;2.45049e-05;3.39597e-06;1.94063e-07;1.09954e-07;2.68941e-05;3.87212e-05;6.02665e-07;5.99653e-05;0.9991;2.22024e-05;0.000216377
2.53413e-06;0.997068;6.91364e-07;6.06076e-05;1.03751e-06;1.12155e-06;6.12923e-07;7.90482e-07;6.11375e-08;5.74639e-07;2.23606e-05;1.64554e-06;0.0028367;3.54173e-06
1.53106e-07;0.000359971;3.43947e-08;7.70468e-08;2.85306e-09;2.04059e-10;1.09362e-08;6.80246e-05;2.29588e-08;6.04697e-11;1.80397e-05;0.999545;8.8332e-06;2.25017e-09
2.88202e-07;0.986511;2.88911e-08;1.69168e-05;0.000778732;5.29491e-06;9.95163e-09;0.0112876;5.55928e-08;1.44694e-07;2.2689e-06;2.43392e-05;0.0013527;2.04504e-05
4.58863e-09;4.74702e-07;8.63804e-11;3.88772e-09;2.75038e-10;5.26151e-06;9.37189e-10;7.93835e-09;6.37291e-09;8.92913e-09;3.53584e-08;8.42899e-10;0.999994;1.10534e-09
6.79342e-09;5.48217e-07;0.999999;2.34084e-08;1.84098e-09;1.39681e-09;2.46011e-10;2.23615e-09;2.12506e-11;3.57821e-09;4.48438e-10;3.31556e-07;5.68763e-10;3.02141e-08
1.50814e-06;0.989008;1.84928e-06;3.16587e-05;2.01131e-05;1.67299e-05;2.23038e-05;0.00788096;6.95338e-05;1.8562e-06;0.000871995;5.95071e-06;0.00182871;0.000238339
