4.52679e-06;0.978917;5.94e-08;8.44786e-07;1.85435e-06;5.32497e-06;6.91337e-05;0.00901747;1.48038e-06;4.31274e-05;2.47125e-07;5.05047e-07;0.0118463;9.17449e-05
4.25674e-10;1.5554e-09;0.99999;3.5397e-09;6.09199e-09;3.9451e-10;4.54074e-10;1.4245e-09;1.3398e-10;1.19052e-10;2.14666e-10;9.9867e-06;8.90779e-12;6.05862e-11
1.6654e-05;0.984492;3.66276e-07;0.000100437;1.27227e-05;2.44609e-07;9.54081e-05;0.0121359;0.000238987;4.26788e-07;0.000311793;0.00119582;0.0013886;1.00558e-05
8.2192e-05;0.77998;5.78596e-05;4.58112e-05;2.91044e-06;1.40284e-06;0.000145957;0.00132976;8.92367e-06;1.54763e-06;0.000153751;0.206177;0.0119696;4.43309e-05
0.000217521;0.49297;0.000132324;6.72898e-05;0.00272036;8.49314e-05;3.80068e-06;0.319198;5.00188e-06;2.90503e-06;2.81412e-06;0.0281019;0.0996618;0.0568317
1.8802e-05;0.0785851;3.25733e-05;0.000722408;0.0198548;0.00312131;4.03993e-06;0.0422778;0.000218227;1.78869e-05;0.000104164;0.482249;0.00888794;0.363906
3.21617e-05;0.0719515;3.75831e-07;2.11713e-05;3.91056e-06;3.62588e-05;4.04761e-05;9.45933e-05;0.000145161;1.99539e-06;0.00213777;0.000152475;0.925382;3.44424e-07
2.03164e-05;0.0115434;0.916725;2.29436e-05;3.99445e-05;8.11699e-06;1.03698e-07;6.67427e-05;4.44619e-08;8.99948e-07;4.23424e-07;0.0707851;0.000237393;0.000549353
4.30649e-06;0.837942;4.51225e-07;1.25195e-05;0.000282932;0.000206456;5.01519e-06;0.00707858;1.92247e-05;1.29768e-07;6.29538e-05;0.000459616;0.153851;7.45174e-05
4.16927e-06;0.967385;4.68459e-06;1.52019e-05;2.07184e-05;3.6552e-05;7.52607e-07;0.000880116;3.51319e-06;9.06943e-06;4.04271e-06;0.00068233;0.0272212;0.00373224
0.000130405;0.25797;3.66586e-06;0.00101922;0.0253242;0.00536384;9.76978e-06;0.0462424;0.00174933;0.000218009;0.00202142;0.625475;0.00819495;0.0262778
0.00185375;0.960965;0.000755291;3.11255e-05;4.13866e-06;5.44952e-07;0.00074341;0.0099603;0.00032474;1.45492e-05;0.00100125;0.0172777;0.00706753;5.61043e-07
0.000239719;0.433857;6.80434e-05;2.14773e-05;0.000234462;7.3987e-06;0.00043706;0.487992;7.22545e-05;1.20153e-05;2.02125e-05;0.0139216;0.0627293;0.000387929
5.39368e-05;0.0866294;9.42167e-07;0.000735249;0.0870965;0.000196968;0.000148774;0.716711;0.00938204;0.000410881;0.000989717;0.0957335;0.00153357;0.000377184
9.48517e-05;0.00104673;0.995882;0.000134627;0.00130012;1.8144e-05;1.82467e-07;6.22623e-05;5.35926e-07;2.7507e-06;6.59175e-06;0.00136089;9.89155e-06;8.09505e-05
0.000193756;0.940995;7.43518e-06;1.8816e-05;2.32548e-05;9.03821e-05;4.68069e-05;0.001584;0.001125;2.9329e-07;0.000445036;0.0455113;0.00971002;0.000248887
0.000516844;0.340219;2.41765e-06;0.00011897;0.0700009;0.0198035;9.14619e-07;0.191048;0.00103982;1.7063e-05;0.00012087;0.171779;0.204009;0.0013239
0.000144981;0.968493;5.16438e-06;6.0919e-07;4.34591e-05;6.12038e-06;5.97344e-06;0.000703094;8.81133e-06;7.65905e-06;1.64209e-06;0.0301283;0.000424741;2.68292e-05
9.62074e-06;0.174293;1.69124e-06;2.85911e-05;6.63388e-05;0.000430804;0.754571;1.38539e-06;0.000624942;0.0472184;1.61229e-05;9.64412e-05;7.92497e-05;0.0225626
1.70305e-08;8.85959e-10;0.999997;2.47816e-08;3.30599e-09;1.41961e-08;2.31412e-06;4.24513e-09;2.31273e-07;1.16813e-08;2.66502e-07;4.1984e-07;5.20141e-12;1.81344e-10
0.00135886;0.946014;1.30687e-07;2.29068e-05;2.98477e-05;7.47693e-06;2.2014e-05;0.0109666;0.00135706;1.11718e-06;0.00121258;0.00164007;0.0370171;0.000349904
5.24651e-05;0.986718;3.64053e-07;9.61406e-07;6.36369e-07;7.23623e-08;0.0102952;0.000653257;2.36662e-05;0.000785296;1.17364e-05;1.98997e-06;8.09241e-05;0.0013755
1.19066e-09;3.05791e-10;0.999996;3.29559e-10;3.79235e-09;3.66293e-10;1.01469e-08;3.4356e-09;2.61567e-09;9.19005e-10;3.24784e-09;4.24617e-06;6.24147e-13;4.35499e-11
3.68846e-05;0.900703;1.22678e-05;1.25071e-05;6.38523e-07;3.35024e-06;0.000219471;0.00631556;0.00162897;1.19977e-06;0.000600701;0.00113816;0.0893272;3.90658e-07
0.000100309;0.886616;8.89577e-05;9.1072e-05;0.000942583;0.000102853;1.66924e-05;0.0996946;5.39949e-05;7.94899e-05;1.25049e-05;0.000291283;0.00586223;0.0060481
0.000135927;0.0313131;5.2013e-06;9.58361e-05;1.85e-05;6.23368e-06;3.68317e-05;5.80672e-05;0.00398236;1.78431e-06;0.00136224;0.96086;0.0017164;0.000407207
8.76762e-05;0.0432945;3.19973e-07;2.28454e-05;2.89994e-06;2.1098e-05;2.32498e-05;0.00188457;0.00049978;1.4595e-06;0.000259783;0.0362374;0.917641;2.34914e-05
5.80804e-05;0.00111218;3.2653e-05;3.03657e-05;1.16012e-06;1.62824e-05;2.29272e-07;5.73593e-05;0.000402598;1.5115e-06;0.000171255;0.986285;0.0117843;4.7158e-05
0.000133242;0.857897;3.82406e-06;2.05485e-05;8.60621e-05;1.61444e-06;1.02291e-06;0.102385;1.66194e-05;5.38247e-06;1.0931e-05;0.0388983;0.000420221;0.000119697
4.63149e-05;0.373043;1.78789e-05;9.20504e-06;0.0152276;1.18516e-05;3.38604e-07;0.316322;1.33446e-06;7.78058e-07;3.70749e-07;0.118225;0.176405;0.000689326
8.40402e-05;0.0864445;3.22603e-05;0.0210568;0.00978706;0.0265625;0.000866455;0.00179301;0.00323353;0.00563832;0.0236296;0.0108855;0.801459;0.008527
1.54456e-05;0.0398808;0.956979;0.000155393;8.02201e-06;3.35076e-05;2.83222e-05;1.45522e-05;1.38813e-07;7.73334e-06;3.13055e-06;0.000547268;3.55062e-05;0.00229087
1.68405e-05;0.00545996;1.88258e-08;6.35075e-06;2.96906e-06;4.72892e-06;9.81745e-06;0.000291618;9.45268e-05;3.14638e-07;0.00131347;8.64447e-05;0.99271;2.68861e-06
5.5106e-05;0.851606;2.0397e-08;1.81285e-05;0.000124141;4.89284e-07;5.68675e-06;0.146277;9.10613e-05;5.51472e-06;8.71977e-06;0.000456204;0.000500442;0.000851562
0.000139522;0.0929993;0.658847;0.00106883;0.00850543;8.16227e-05;1.32834e-06;0.00305755;1.30125e-06;6.07172e-05;4.36791e-05;0.107994;0.125204;0.00199655
4.98714e-05;0.900786;4.27365e-07;6.87696e-07;1.35324e-05;3.27614e-05;3.5885e-05;0.00555834;4.43985e-06;4.04667e-07;0.000194065;0.00734281;0.0847661;0.00121438
7.14354e-05;0.267006;1.23843e-06;0.000281159;0.107211;0.00334005;1.30813e-06;0.155041;0.00281972;3.61386e-05;0.00116084;0.0445788;0.351426;0.067025
0.00185154;0.178296;0.000165111;3.02465e-05;0.000661477;1.93778e-05;1.83304e-05;0.084089;0.0360088;5.23747e-06;0.00179281;0.492957;0.204013;9.17666e-05
0.000367708;0.48844;9.49346e-08;2.43866e-05;7.12973e-05;8.28541e-05;2.39754e-06;0.504055;0.00111655;1.21271e-05;7.43667e-06;0.00362703;0.00149568;0.000697599
0.000202732;0.00442445;8.78396e-09;4.30683e-06;4.1284e-06;1.33829e-06;3.91975e-07;0.614013;0.00110127;4.06386e-07;4.45564e-05;6.08101e-05;0.380143;1.25528e-07
7.0738e-05;0.000130237;5.12116e-10;2.54594e-07;4.24059e-06;1.13559e-07;2.13983e-08;0.999589;7.31656e-05;4.5991e-08;1.61889e-06;1.07012e-05;0.000119111;5.29026e-07
3.89846e-06;0.0211628;1.04855e-06;0.000108626;3.3323e-06;1.1388e-05;0.0153552;6.22848e-08;3.37427e-07;0.0766673;1.80187e-06;1.75868e-05;1.20543e-06;0.886665
1.84542e-09;3.08293e-11;0.999995;4.41721e-08;5.63743e-11;1.60371e-09;2.69034e-06;2.88024e-11;1.45606e-08;7.46504e-09;2.60674e-06;4.94246e-08;2.12751e-13;3.52413e-11
9.45494e-06;0.998413;2.0234e-08;1.577e-05;1.09827e-07;6.02842e-07;2.51823e-05;3.79725e-05;3.70568e-06;4.38107e-07;1.28944e-05;1.90791e-05;0.00145757;4.13705e-06
1.1864e-05;0.0290801;1.40292e-08;7.93791e-05;0.0162611;0.000149642;8.15685e-07;0.950461;4.7268e-06;5.21594e-05;6.43984e-06;0.00207334;0.000244799;0.00157444
5.23607e-06;0.000493239;0.997926;0.00036918;8.45763e-06;1.12562e-05;3.68788e-06;4.11697e-07;4.58124e-07;3.00378e-06;6.40746e-05;0.00107928;3.70812e-06;3.22489e-05
5.33381e-06;0.00546022;1.77937e-09;9.58371e-07;1.08528e-08;2.70332e-08;0.993531;1.74775e-06;3.22316e-05;7.1297e-05;0.000878159;1.72102e-09;5.66968e-06;1.37992e-05
7.42152e-10;1.69515e-11;1;4.10706e-10;3.38808e-10;3.52958e-11;6.13271e-09;5.95259e-09;4.38208e-09;2.3775e-11;2.6606e-08;3.23295e-09;6.90952e-14;6.38698e-14
0.000131673;0.00551173;4.82769e-07;4.00878e-06;0.000109829;1.72942e-06;6.6982e-08;0.991983;0.000340411;2.55766e-07;0.000662381;0.00043761;0.000746642;7.02921e-05
7.38397e-07;0.020039;5.68699e-08;1.38691e-07;3.97876e-06;1.1586e-06;7.78601e-05;4.54809e-08;6.26606e-08;9.74908e-05;3.32871e-07;3.14581e-05;2.03366e-07;0.979748
8.95948e-08;1.01969e-07;0.999962;1.43791e-07;4.00431e-07;5.72745e-09;1.41745e-05;2.70198e-07;1.57526e-06;8.08821e-08;1.06771e-05;1.08753e-05;1.60104e-11;1.62296e-08
1.8546e-05;0.995506;2.23538e-08;4.89803e-05;2.91524e-07;6.90786e-07;0.000249198;0.000175172;0.000675986;7.36662e-06;0.00174876;1.87219e-05;0.00145597;9.41883e-05
1.50419e-07;0.00829452;1.07819e-08;2.2411e-08;4.27905e-09;2.65966e-08;4.33109e-09;1.46875e-06;3.13958e-09;2.6e-10;1.62378e-08;0.991188;0.000514954;5.37798e-07
9.54032e-07;0.00273312;6.32732e-10;5.15278e-07;0.00175739;0.0001797;6.64109e-08;0.0535562;2.44518e-08;8.40545e-08;2.37018e-08;0.001308;0.93632;0.00414339
1.95164e-07;2.92649e-07;3.41604e-09;3.39886e-07;1.14278e-06;0.000856608;4.93472e-08;3.19155e-08;3.14042e-07;2.44358e-07;4.76828e-08;3.52638e-09;0.999137;3.48698e-06
4.0364e-08;2.06421e-08;1;2.94553e-09;4.1988e-09;1.15692e-09;2.86521e-11;1.09774e-09;7.56333e-11;3.9212e-10;1.52678e-11;3.42463e-07;1.50896e-10;2.03986e-08
0.000373792;0.87211;1.48199e-05;9.11725e-05;0.000221485;8.03947e-05;0.000205923;0.0337529;0.0867872;6.03329e-06;0.00343919;0.000124264;0.00255136;0.000241836
