2.32198e-05;0.997258;1.90228e-08;2.66386e-06;1.11048e-06;1.40323e-07;2.41719e-06;0.00232951;1.85417e-05;3.89041e-07;6.84249e-06;7.26194e-05;0.000235584;4.87687e-05
2.12595e-05;0.000160372;4.52401e-09;1.41991e-07;2.09181e-06;6.46438e-09;8.26151e-07;0.999677;0.000119037;3.10801e-07;5.2184e-06;2.88242e-07;6.39484e-06;7.27506e-06
0.000405256;0.963617;9.57262e-06;1.1544e-05;5.17166e-06;5.40607e-07;0.00146572;0.0307999;0.00112457;5.99701e-05;0.000140535;0.0012197;3.04294e-05;0.00111007
3.22532e-08;3.83083e-07;0.999971;5.82213e-09;6.70713e-08;8.35082e-11;3.02238e-09;6.00743e-06;4.52902e-09;8.49815e-11;1.27969e-08;2.2939e-05;1.32719e-08;7.49447e-10
9.38566e-07;0.476867;7.05577e-07;9.99731e-06;5.61785e-05;3.89905e-06;4.38942e-07;0.0205918;1.07504e-06;4.84704e-08;4.17231e-06;0.307883;0.172835;0.0217455
1.73658e-07;0.109927;2.32184e-09;1.70336e-06;0.0264632;0.000127195;5.58557e-08;0.390492;7.29168e-10;2.74715e-06;1.83864e-08;2.8768e-05;0.0600327;0.412925
3.70785e-07;0.00110677;7.0087e-07;1.6232e-06;3.48185e-06;0.000794083;2.36366e-07;3.7575e-06;4.95994e-07;1.95294e-06;7.41637e-07;0.00134789;0.996709;2.8577e-05
5.57066e-06;0.000715856;0.997985;0.00010366;3.08153e-06;0.000130081;0.00021823;7.93499e-08;1.42837e-07;0.000125277;1.86747e-06;0.000680034;8.18463e-06;2.30182e-05
1.94079e-07;4.33412e-08;0.999983;4.16791e-07;4.73187e-08;1.41535e-07;2.95318e-06;1.48625e-07;3.67223e-07;4.61553e-08;1.23678e-05;1.15484e-07;4.50726e-09;2.69061e-09
4.48944e-07;0.000171852;3.40617e-11;9.35129e-09;2.03632e-05;1.07741e-09;9.51135e-09;0.999795;6.63005e-07;5.4411e-09;2.41163e-07;9.98494e-07;1.01206e-05;1.08846e-07
4.47041e-07;0.010172;0.98935;6.03549e-06;2.98083e-05;5.89094e-06;1.49233e-05;8.66689e-06;1.60112e-08;0.000240029;1.52583e-06;1.7454e-06;2.24265e-05;0.000146217
4.84896e-09;1.20733e-09;1;2.96532e-10;1.94109e-09;1.30082e-10;2.62017e-09;2.7982e-08;3.38553e-09;5.38579e-11;3.31347e-08;1.73611e-07;1.18061e-10;1.61487e-11
1.37058e-06;0.000313874;0.00554154;4.61843e-07;8.60115e-07;4.23981e-07;1.22371e-07;8.11849e-06;5.2841e-05;1.08897e-07;5.81527e-05;0.99375;4.10095e-06;0.000268457
0.000103548;0.883601;1.60447e-07;2.02194e-06;0.000560662;0.000647812;9.68592e-07;0.0381594;0.000239243;5.70239e-07;1.73527e-05;1.40885e-05;0.0752053;0.00144837
1.944e-06;8.15964e-05;4.72642e-09;4.42706e-08;1.72407e-06;4.91035e-08;1.43424e-10;0.000380281;3.25958e-07;5.30601e-09;2.76964e-08;0.99953;9.20911e-07;3.05476e-06
7.53646e-06;0.00545316;3.07165e-09;6.37937e-09;1.51397e-06;5.90026e-07;6.78557e-09;0.994078;4.38159e-08;4.20978e-09;5.12734e-10;2.20938e-07;0.000459061;4.3615e-08
1.09666e-05;0.790555;8.12689e-05;1.59724e-05;0.0150647;0.000332693;2.35463e-07;0.109992;3.43268e-07;8.96073e-06;1.60194e-08;0.0716771;0.00919677;0.00306432
5.45519e-07;0.00292802;1.80382e-07;1.54423e-06;3.81543e-08;6.08584e-07;4.25559e-06;1.08364e-05;2.30963e-06;1.17553e-06;7.9538e-06;2.7632e-05;0.997015;8.09212e-08
1.40615e-05;0.0222509;0.957507;0.000221177;1.62651e-05;0.000145191;0.0005773;1.95139e-05;1.24385e-07;0.00137716;5.69075e-07;0.00249894;0.0148928;0.000479012
5.46161e-08;3.72926e-07;0.999728;4.31195e-08;2.14604e-07;2.98573e-08;0.000257534;1.84369e-06;4.90407e-07;1.13064e-05;4.32086e-07;1.06968e-08;1.21829e-09;3.27282e-08
6.22556e-09;6.71926e-10;0.999999;1.73316e-09;1.01481e-09;7.92927e-11;2.68703e-08;1.30731e-07;6.55617e-07;5.95883e-10;1.98682e-07;3.12767e-08;1.48464e-09;4.37011e-12
6.76532e-08;1.59943e-06;0.999529;6.4307e-08;6.16399e-08;9.4402e-09;3.79262e-08;1.65754e-05;3.05941e-07;6.62416e-09;1.89057e-07;0.000424633;1.60617e-08;2.73777e-05
2.18431e-09;7.30059e-06;1.88517e-06;1.07512e-08;6.24669e-06;2.04939e-05;5.56936e-11;9.8099e-07;9.34977e-11;2.09868e-09;3.79439e-10;4.60627e-06;1.3206e-08;0.999959
2.62134e-06;0.591183;5.01806e-08;5.05952e-07;4.53132e-06;7.05727e-06;1.12611e-08;0.150948;8.2469e-08;6.91408e-09;9.18509e-07;0.000255689;0.257594;3.66277e-06
1.04277e-06;0.0669873;1.23028e-08;3.78458e-06;4.59792e-07;5.74508e-07;3.1761e-09;0.00159387;5.14366e-08;8.15785e-08;2.81584e-07;0.00148181;0.929919;1.18819e-05
4.5992e-07;0.113978;2.79998e-05;2.28926e-05;6.29339e-06;7.50388e-07;4.08434e-06;7.46915e-05;1.04064e-08;2.24818e-06;2.76603e-06;0.878643;0.000468422;0.00676843
5.98898e-05;0.124613;0.000100547;0.0038665;0.0038729;5.6529e-05;0.000477996;0.855449;2.54575e-06;0.000101637;0.000454698;4.25521e-05;0.000491597;0.0104105
0.0010417;0.0290528;9.70135e-07;0.000276368;0.0011449;2.22188e-05;0.00116881;0.858458;0.00135515;8.06074e-05;0.0792417;0.00992441;0.0176078;0.000624747
0.000184205;0.000928332;0.979732;0.000107556;0.00389753;2.63366e-05;8.51282e-07;5.27366e-05;6.9347e-07;1.07696e-06;7.75022e-05;0.00858585;2.48311e-05;0.0063801
8.97974e-06;0.991709;1.02897e-07;7.46275e-07;6.34392e-06;9.14767e-07;1.86903e-05;0.00723542;6.27654e-05;2.86212e-08;6.29519e-05;1.34005e-05;0.000803357;7.72962e-05
9.01373e-07;0.990496;1.43444e-08;5.21673e-07;1.0667e-06;9.63031e-08;8.02919e-09;0.00910922;3.52664e-08;1.31605e-07;2.06701e-08;0.000155119;0.000171047;6.58025e-05
4.99507e-06;0.00546079;1.7027e-09;6.92157e-08;7.15158e-08;4.61238e-07;1.64347e-06;0.00432804;1.69217e-06;1.78894e-07;7.27248e-07;2.56685e-07;0.990201;1.76786e-07
9.21698e-08;2.86638e-08;0.999999;3.45309e-08;1.08148e-08;1.82273e-09;1.35496e-08;4.10176e-07;6.61506e-08;1.24146e-09;6.08474e-09;8.9372e-07;2.79635e-08;1.45672e-10
1.73874e-05;0.0187198;0.842575;0.000101349;0.000250626;7.64403e-07;7.90467e-06;0.0818346;2.82736e-05;1.67181e-05;2.88567e-06;0.0535202;1.08441e-05;0.00291379
2.34085e-05;0.00594937;1.44655e-06;7.52291e-05;0.916971;0.0357424;0.000135406;0.0312652;0.000463546;0.000353853;0.000227224;1.14609e-05;0.000714253;0.00806586
9.13377e-06;0.00259975;0.953621;6.53568e-05;0.020259;0.000263073;1.0863e-07;1.4159e-05;3.3774e-08;2.71363e-07;2.29898e-06;0.0211417;0.000185294;0.00183925
1.66356e-05;0.682;2.48892e-07;7.19179e-05;0.000196735;0.00058938;7.69032e-05;0.0331861;0.000333582;1.66838e-07;0.000892051;7.94618e-05;0.280514;0.0020431
4.87299e-06;0.982155;2.07372e-06;2.23109e-05;2.14186e-05;6.04718e-06;4.06762e-07;0.0139514;1.96701e-07;6.36727e-07;1.59581e-07;9.45314e-05;0.00339361;0.000346889
1.9519e-05;0.903949;3.21858e-06;2.84288e-05;3.6745e-05;2.53544e-06;3.38227e-08;0.0891943;3.51538e-06;9.54733e-07;8.66795e-06;0.00454657;0.000148938;0.00205816
2.00793e-05;0.0394141;6.07119e-06;5.04481e-07;3.24131e-06;6.66296e-05;0.000261534;4.16174e-06;1.43196e-07;0.000265195;1.08955e-06;0.000674346;9.54592e-05;0.959188
7.12057e-08;3.22385e-09;0.999963;3.12293e-09;4.65591e-07;2.43831e-07;7.16652e-09;2.17651e-06;5.30631e-08;1.9477e-09;7.06832e-08;3.35938e-05;1.17363e-09;1.8955e-09
4.05502e-06;0.931995;4.23457e-06;6.33574e-07;3.28281e-05;6.58767e-07;1.24554e-07;0.0218138;2.9687e-06;2.66846e-08;4.85848e-06;0.0160521;0.0300841;4.86855e-06
4.54069e-07;0.491821;4.69504e-07;4.58352e-07;7.04353e-06;1.24056e-05;0.000769637;4.47614e-06;3.56299e-09;0.000659948;7.17698e-09;2.47901e-07;7.54709e-06;0.506716
9.30735e-12;1.94228e-10;1;7.62347e-11;1.39365e-09;4.95851e-09;6.16709e-11;1.57749e-10;1.25796e-13;1.86194e-11;3.42192e-12;7.39235e-08;1.85021e-12;2.14133e-10
8.59773e-06;0.00406188;4.55127e-08;7.31403e-07;7.72649e-06;2.9994e-05;2.62646e-07;0.065461;1.31577e-06;6.60451e-08;2.64092e-05;0.00020361;0.930154;4.41042e-05
5.77821e-06;0.00159201;3.97403e-05;8.73117e-06;7.36212e-07;3.85228e-06;8.30842e-08;6.78969e-05;7.31438e-06;4.30001e-07;7.64179e-05;0.995347;0.00278836;6.11678e-05
4.19552e-06;0.000418782;9.74711e-08;4.48738e-07;1.50116e-06;9.89364e-08;2.10085e-07;0.999527;3.04288e-05;8.97297e-08;2.95908e-06;6.86072e-07;1.39875e-05;1.42107e-07
1.62681e-07;0.992782;6.44531e-08;8.62841e-07;7.24609e-08;1.85167e-08;4.2378e-07;5.34699e-07;1.45566e-09;1.20454e-05;2.31166e-08;2.28761e-07;5.41921e-09;0.00720397
4.22221e-08;1.01246e-05;0.999974;8.25082e-08;3.81777e-08;5.8866e-06;8.10594e-06;7.79232e-08;6.74962e-09;3.27188e-07;1.26497e-06;4.28098e-09;4.11636e-07;1.1165e-07
6.8358e-09;1.59595e-09;0.999999;1.1501e-09;3.08209e-10;2.39664e-10;5.22943e-10;1.2954e-06;9.28497e-10;1.11963e-10;5.86376e-09;3.02086e-08;7.27883e-10;4.68821e-13
1.89148e-05;0.000471053;0.403579;1.17477e-05;5.58476e-05;1.3023e-05;2.9525e-08;0.000473309;3.23278e-05;8.20183e-07;6.28938e-06;0.595187;4.09066e-06;0.000146185
7.69038e-05;0.85354;1.82692e-05;1.15592e-06;0.0219253;0.000772945;1.1673e-07;0.024824;2.14891e-05;4.83124e-07;1.31138e-05;0.00111222;0.0894284;0.00826558
0.000924809;0.00597704;2.95429e-07;3.48962e-05;0.369705;0.000710981;4.72052e-07;0.0981398;0.0061035;5.61444e-06;0.000484192;0.514255;0.00287697;0.000781106
2.42886e-07;1.40504e-05;3.78035e-11;2.87735e-12;5.12799e-09;2.83706e-12;4.59302e-12;0.999986;4.95883e-08;3.42474e-12;2.97982e-12;1.43699e-11;8.65142e-10;1.05167e-11
1.85458e-07;0.990928;4.95483e-09;6.42702e-09;6.11881e-07;2.24724e-07;2.40822e-06;6.64691e-06;8.49725e-10;1.19919e-06;1.61168e-11;1.00145e-07;1.15806e-05;0.00904906
1.91728e-12;2.4137e-12;1;9.06961e-12;4.04072e-10;1.29628e-11;3.24926e-11;9.25515e-11;2.27336e-13;4.5193e-12;6.32809e-14;4.75213e-08;1.93758e-15;4.44439e-11
5.24659e-06;0.0900335;3.24365e-09;2.22982e-06;3.60089e-07;1.06957e-07;1.53788e-06;0.0324397;4.14772e-06;1.02244e-08;1.8344e-05;0.000139807;0.877352;3.37283e-06
7.32566e-07;0.0002213;5.75059e-08;2.63411e-06;9.09972e-07;3.84633e-09;1.01308e-08;0.000104075;7.61882e-06;1.66507e-08;2.14211e-05;0.999597;3.92896e-05;4.72349e-06
7.46639e-07;0.543002;1.10881e-06;3.75624e-06;3.94421e-08;3.37663e-08;2.46744e-07;1.07097e-07;1.31676e-08;1.1075e-07;2.27381e-06;2.61769e-06;0.456987;1.7003e-07
4.6968e-08;0.000124437;1.49912e-09;5.74123e-08;1.42204e-07;2.60907e-09;1.2178e-09;2.87232e-05;4.74285e-09;7.2074e-10;1.36148e-07;0.999828;1.13822e-05;6.96452e-06
8.48377e-07;0.315828;1.78584e-09;8.80425e-06;0.000191171;0.000193242;3.65356e-07;0.664209;1.81257e-06;6.21318e-07;1.56852e-05;7.76173e-05;0.0193345;0.000138548
8.70008e-10;9.4916e-08;5.39301e-10;5.91109e-10;5.67008e-11;1.20023e-06;6.96061e-10;7.0058e-10;3.60736e-11;1.34479e-09;6.45057e-09;2.76439e-08;0.999999;4.79305e-10
9.22044e-09;9.5733e-08;1;1.01501e-08;3.33655e-09;5.25453e-09;2.82696e-10;3.48931e-09;1.90861e-11;9.04127e-10;4.91372e-11;8.38997e-09;7.50135e-10;1.34117e-08
1.01496e-06;0.99745;1.42782e-06;3.40931e-06;3.50202e-06;2.52473e-06;7.83219e-06;0.00179922;3.38609e-05;2.59602e-07;5.03983e-05;3.75616e-06;0.00062028;2.23451e-05
