2.71525e-05;0.991898;6.57522e-08;4.71747e-06;3.97029e-06;3.1483e-07;5.27554e-06;0.00756598;5.38823e-05;1.23163e-06;1.1494e-05;5.7487e-05;0.000326453;4.42627e-05
1.60858e-05;0.000111087;1.15355e-08;6.94249e-08;3.64882e-06;1.23435e-08;1.79692e-07;0.999795;4.38305e-05;1.04295e-07;2.10771e-06;6.3745e-07;2.43312e-05;2.72541e-06
0.000178373;0.986751;2.04441e-05;4.00667e-06;1.29453e-05;1.07159e-06;0.00510543;0.00388049;0.000366164;0.000111841;5.19974e-05;0.00192189;4.64392e-05;0.001548
2.01117e-09;2.83768e-09;0.999991;8.13109e-10;2.26223e-08;9.56703e-10;5.24649e-10;1.2396e-07;2.57099e-09;1.5227e-11;7.48704e-09;8.90837e-06;6.94939e-09;3.63736e-11
4.2011e-06;0.499402;5.56881e-05;8.5782e-05;4.62604e-05;2.51102e-05;3.88019e-05;0.0361878;0.000181864;8.04753e-07;0.000747247;0.00174491;0.46136;0.000119557
6.94689e-05;0.351667;0.00659571;0.00588082;0.145117;0.00727893;7.073e-06;0.339271;4.98726e-05;6.39309e-05;0.000169675;0.0338822;0.00514781;0.104799
1.56532e-05;0.371071;3.4185e-08;4.91756e-05;3.90785e-05;5.05315e-05;5.57249e-08;0.0019574;8.04393e-06;1.9952e-07;1.73784e-05;0.61789;0.00858541;0.000316721
0.000552604;0.158188;4.51904e-05;7.17888e-05;0.00659122;0.000405609;3.66882e-06;0.812796;9.32285e-05;4.96281e-06;0.000205897;0.0106763;0.00869856;0.00166631
1.40468e-05;0.994667;9.53082e-08;1.43582e-06;6.78683e-06;1.2395e-06;6.10677e-05;0.00486094;4.01358e-06;7.96899e-05;7.87245e-06;2.76254e-06;0.000114952;0.000177843
5.78739e-10;1.24869e-10;1;1.09977e-10;3.52045e-09;4.50372e-13;4.32298e-11;6.18854e-11;6.9499e-12;3.74289e-11;1.28199e-10;5.65275e-08;6.15113e-13;4.23134e-12
0.000331932;0.621784;5.67841e-05;6.41797e-05;0.00132361;5.22917e-07;0.000328625;0.136539;0.0139911;1.5526e-05;0.00398407;0.219381;0.00111007;0.00108999
0.000814001;0.143436;3.97937e-06;9.4967e-05;0.00192314;0.00049062;0.00018059;0.741386;0.00652032;6.93077e-05;0.000559199;0.0807361;0.0230121;0.000773615
0.000155741;0.000634839;8.04439e-08;1.72715e-06;2.34131e-05;1.31995e-05;1.31924e-06;0.769326;0.000533694;6.31788e-07;0.000103546;0.00067717;0.228523;6.1678e-06
2.35801e-05;0.000480903;3.77962e-06;1.24415e-05;3.44882e-06;1.55055e-06;5.24448e-07;5.20996e-05;0.000388875;1.39925e-06;4.95814e-05;0.998283;0.000677087;2.12639e-05
0.000101403;0.835346;3.08073e-06;1.04847e-05;0.000222849;1.0013e-06;1.21994e-05;0.162377;6.72408e-05;4.33792e-06;1.64079e-05;0.00137186;0.000449516;1.62285e-05
6.0123e-07;0.992806;3.51198e-09;1.6301e-07;8.4011e-07;2.94284e-07;0.000492466;0.000120158;3.50649e-07;2.85002e-05;3.54468e-07;5.89598e-09;3.67026e-05;0.00651418
6.51306e-10;2.2791e-10;0.999999;1.1973e-09;2.04994e-08;3.61834e-10;2.26742e-08;8.00599e-10;6.95559e-11;9.81204e-10;8.60149e-10;6.70883e-07;2.57184e-13;1.76066e-10
0.00023855;0.70261;0.000209096;0.00074923;0.000276475;0.000577272;0.107149;0.0446521;0.00448259;3.9642e-05;0.0247638;4.30101e-05;0.114149;6.07516e-05
0.000950005;0.458437;5.70794e-06;0.000353435;0.00131565;0.000466857;0.000105195;0.143166;0.0354765;5.19643e-05;0.127772;0.0738273;0.157957;0.000114562
5.94582e-06;0.959899;4.12545e-09;2.99793e-06;1.88355e-05;1.32644e-05;0.00674227;1.4161e-05;1.14715e-06;0.00360163;8.69944e-07;1.24092e-07;8.29652e-07;0.0296988
2.03562e-10;2.23062e-10;1;1.08856e-11;8.68649e-11;1.6153e-12;1.8219e-10;6.80099e-11;1.06529e-11;8.16497e-12;1.75158e-10;7.40314e-08;3.39405e-12;8.51808e-14
8.54567e-05;0.546263;6.2224e-05;7.26723e-06;3.20347e-05;4.65499e-05;0.00479683;0.167558;0.00333154;0.000123635;0.00233706;1.01423e-06;0.275351;5.27577e-06
1.16235e-08;3.60891e-08;0.999993;8.79123e-08;3.05902e-09;9.11252e-09;4.94846e-08;1.24553e-08;1.29796e-07;7.80803e-09;1.44319e-07;6.87561e-06;1.55838e-10;5.79762e-11
5.96009e-05;0.00224509;0.000405009;0.00047131;1.59771e-05;1.02461e-05;1.04505e-05;0.00386186;0.0159268;5.47109e-06;0.00156531;0.975271;1.15204e-05;0.000140348
0.000489918;0.00304499;1.41067e-06;2.18369e-06;9.74157e-06;7.6756e-05;3.15339e-06;0.0305186;0.000356907;1.7791e-06;0.000124349;7.13082e-06;0.965331;3.17762e-05
1.13974e-06;0.0047414;1.58963e-07;5.0918e-07;8.33211e-06;1.97773e-07;4.54987e-09;6.95998e-05;2.28583e-05;7.70625e-09;1.97189e-06;0.995142;7.98695e-06;3.45005e-06
3.38114e-05;0.24912;7.95541e-06;1.58627e-06;0.0867416;5.65436e-07;7.87175e-09;0.657123;1.01799e-06;3.94975e-08;2.33436e-09;0.00241911;0.00360755;0.000943605
5.39365e-07;2.45894e-06;9.17807e-05;4.30924e-07;0.00768683;8.41009e-07;2.79413e-09;0.99221;2.05705e-06;1.08423e-06;7.75027e-09;1.53537e-07;1.12479e-06;2.81235e-06
9.50144e-06;3.77555e-05;0.99985;2.32236e-06;4.44249e-05;1.52029e-05;6.93403e-10;8.46941e-06;1.93388e-07;1.88706e-07;2.80597e-07;1.15777e-05;4.93253e-06;1.4633e-05
2.33425e-05;0.934978;4.54087e-06;3.9782e-06;8.08938e-06;4.54318e-06;1.98164e-05;0.0613973;0.00232239;5.48689e-07;0.000791954;0.000133383;0.000179285;0.000132163
