7.8086e-06;0.998371;0.000150585;2.14064e-05;6.78912e-06;3.84233e-08;6.83594e-07;0.000809657;1.00777e-07;3.56113e-07;1.60547e-07;0.000253784;1.89881e-05;0.000358783
1.84241e-06;7.96678e-05;2.08364e-12;4.47027e-08;2.43192e-07;5.50842e-09;3.01699e-07;0.999631;4.37284e-05;5.02888e-08;8.58857e-07;4.76451e-09;8.79404e-05;0.000154252
1.68018e-05;8.17416e-05;4.29193e-07;2.98959e-06;2.09309e-05;2.76554e-08;1.0463e-06;0.0282652;0.00172651;1.26348e-07;3.18188e-05;0.96984;1.91103e-06;1.09121e-05
1.95974e-05;0.956904;0.000264712;4.4342e-05;4.59238e-06;6.92848e-06;1.75602e-06;5.79746e-05;2.89393e-06;2.56297e-07;2.4232e-05;3.37237e-05;0.0425391;9.58525e-05
1.80433e-05;0.657615;0.000308737;3.89647e-06;1.04197e-05;4.34739e-07;1.9373e-06;0.0530279;3.65202e-06;2.16699e-07;0.000344258;0.25068;0.0377559;0.000229539
5.7325e-06;0.553989;1.50122e-06;7.11013e-05;0.0084246;0.0213776;1.58875e-07;0.0128083;4.36156e-06;3.8858e-06;1.47574e-05;0.00378896;0.125281;0.274229
9.90646e-07;0.00238304;2.14954e-10;1.8286e-07;5.68726e-07;4.83396e-07;6.96394e-09;9.09134e-05;1.81992e-07;1.84964e-08;2.59011e-06;0.00462795;0.992841;5.20575e-05
0.000117023;0.0767442;0.00307543;3.33352e-06;3.99376e-05;0.000155605;4.20869e-06;0.0220744;7.74533e-07;0.000101115;5.6654e-06;0.01209;0.884971;0.00061719
2.3832e-09;3.58203e-08;0.999999;3.77561e-09;6.33728e-09;3.30367e-08;5.70297e-10;3.08477e-08;8.14093e-10;8.60402e-10;2.00975e-09;5.99194e-07;1.40681e-08;9.66299e-10
1.14559e-08;1.80139e-06;0.99969;1.17499e-07;5.36757e-08;3.58942e-08;7.78307e-09;6.38128e-05;6.54578e-09;8.26567e-09;3.07259e-08;0.000242756;8.0444e-08;1.83667e-06
4.49727e-09;4.15727e-05;6.56822e-06;8.19763e-08;7.67402e-06;0.000326559;5.07374e-11;5.71028e-06;1.19107e-11;2.09043e-08;8.67563e-10;3.72157e-05;1.68741e-07;0.999574
2.38304e-05;0.0226992;1.12008e-07;7.90545e-06;5.53002e-05;0.000130792;1.22537e-06;0.0343721;3.8266e-07;2.80614e-07;6.23634e-05;0.000359327;0.942264;2.28949e-05
1.11119e-06;6.6944e-05;1.23279e-11;1.55037e-07;2.07403e-07;1.40136e-07;9.35314e-09;0.999364;5.23869e-06;1.34868e-08;4.82967e-07;3.01352e-07;0.000561533;4.78138e-09
2.28211e-05;0.0171762;0.00526205;9.9776e-05;1.43585e-06;7.09829e-06;1.32705e-06;0.000132924;3.31905e-07;1.65802e-05;2.55982e-06;0.97712;8.79254e-05;6.93761e-05
5.8563e-07;0.901002;1.30259e-09;5.50224e-06;2.3539e-07;6.47778e-07;0.0982426;1.39956e-07;3.16522e-07;0.000515151;6.06184e-06;2.61943e-08;5.44501e-06;0.000221433
1.3181e-07;4.72823e-05;0.999297;6.11338e-08;2.24504e-07;5.44384e-07;0.000631072;2.03941e-05;2.55793e-08;1.20993e-06;3.10324e-07;1.00692e-10;1.69688e-06;1.59652e-08
8.04509e-09;1.38755e-09;1;1.15871e-09;5.72569e-09;2.94999e-10;6.19223e-09;1.05487e-08;8.77687e-09;2.62619e-10;9.70545e-09;2.2846e-07;2.29018e-09;5.05984e-13
3.11068e-06;0.000732699;0.992981;2.34848e-07;1.27667e-05;1.46043e-07;3.07001e-08;0.000118037;9.87602e-07;1.68096e-07;4.95322e-08;0.00598622;5.69839e-07;0.000163679
2.17953e-06;0.118061;2.41208e-08;6.85432e-08;0.000252822;0.000485506;1.32071e-05;0.000188089;9.64075e-07;1.22132e-05;1.24082e-07;1.90778e-09;3.66621e-06;0.880981
1.3349e-09;1.10195e-09;0.999996;4.67098e-11;4.01466e-07;2.34289e-09;2.0456e-10;2.57765e-08;1.15217e-11;1.4208e-11;5.93354e-12;3.94138e-06;1.00267e-12;1.14724e-09
1.14963e-05;0.000203231;6.45963e-07;7.4805e-07;0.00207514;6.56019e-06;9.7919e-09;0.995567;5.30222e-06;9.93514e-10;1.6148e-07;0.00195301;0.000169756;6.9154e-06
2.78345e-05;0.0829828;0.000117097;1.19831e-06;0.000375201;1.41093e-07;2.72417e-07;0.908623;1.35606e-07;5.41512e-08;1.84861e-08;0.00148621;0.00107709;0.00530872
2.46552e-06;0.0567864;2.02512e-08;1.81443e-07;0.000627764;6.62284e-07;1.20195e-07;0.938377;4.47486e-07;3.43105e-07;1.14184e-07;0.0003426;0.00385229;9.55181e-06
9.02595e-06;0.0333737;0.302015;1.63734e-05;0.00339253;8.01305e-05;5.92492e-08;2.26852e-05;1.17169e-08;1.22535e-06;6.70654e-07;0.653899;0.000133761;0.00705624
6.57439e-06;0.939686;1.02747e-07;1.85906e-06;3.4141e-05;2.50534e-05;1.5164e-05;0.0215575;4.83991e-05;1.12215e-07;0.000195089;0.0356179;0.00204832;0.000764237
3.99804e-07;0.999197;1.45012e-08;2.23439e-09;1.40585e-08;2.33374e-08;1.71046e-08;2.5606e-06;1.17438e-10;3.16416e-09;5.78042e-10;0.000149352;0.000650503;1.14487e-07
4.39894e-07;0.00217649;4.29636e-06;2.00663e-06;0.000148515;0.00145773;5.69775e-08;0.000253109;4.19323e-07;1.34234e-07;2.23133e-07;0.496603;0.000112028;0.499242
3.36504e-07;0.999026;5.59297e-08;7.91047e-08;2.94727e-09;1.84817e-08;0.000412059;1.28744e-05;4.0092e-08;1.35542e-06;2.57246e-07;6.28949e-09;0.000546701;8.17828e-07
2.8553e-08;7.49877e-07;0.999945;9.90368e-08;1.30088e-08;9.89488e-08;2.64401e-08;4.738e-08;2.73591e-08;1.35185e-09;4.82109e-08;5.3912e-05;3.07573e-08;9.93678e-10
5.70727e-06;0.747663;0.000204326;3.65954e-05;3.14133e-06;7.04972e-05;5.41918e-06;0.0187009;2.10958e-06;1.42261e-05;5.28032e-06;0.0232769;0.000618853;0.209393
1.19276e-06;0.00976126;1.29335e-09;8.57069e-06;2.07508e-05;0.000695103;2.60526e-06;0.00218791;4.89292e-06;3.88157e-07;0.000143291;2.02136e-06;0.987164;8.16467e-06
5.50105e-06;0.00568822;1.00986e-06;5.82123e-05;2.68218e-05;6.89841e-05;5.70314e-07;0.000321275;3.59243e-06;7.46576e-07;2.99078e-05;0.990862;0.00292286;1.00232e-05
0.000156713;0.965941;0.00533904;0.00639839;0.00145014;0.000570655;4.0843e-05;0.00016489;3.11634e-06;3.23197e-05;4.99427e-05;0.0171107;0.00228431;0.000458217
9.5447e-08;0.000166264;1.08628e-11;4.34728e-08;6.03179e-08;2.6696e-07;1.51089e-08;6.98039e-06;6.99648e-09;2.15908e-09;4.59178e-08;2.31063e-07;0.999826;5.93605e-08
3.01207e-06;0.00703321;0.990462;1.60202e-05;6.81091e-05;5.05592e-06;7.92485e-08;4.69763e-05;5.97712e-09;6.05972e-07;7.37069e-08;0.000932678;0.00127074;0.00016195
3.68084e-06;0.000615792;1.31565e-08;3.03407e-05;0.000416097;0.264485;4.96798e-05;2.37798e-06;1.52699e-05;5.8523e-05;6.29942e-05;4.75211e-06;0.72962;0.0046354
0.000100894;0.00225293;0.99072;0.000122784;9.67209e-05;1.72255e-05;1.7124e-06;4.53185e-05;3.94442e-07;4.16482e-06;4.15555e-06;0.00642321;2.5713e-05;0.000185151
2.8162e-05;0.912935;1.24916e-07;4.29258e-05;0.000241169;0.00040446;1.41004e-05;0.00624232;0.000195635;1.20404e-06;0.000509453;0.000604132;0.0763985;0.00238228
4.2095e-06;0.99947;4.24944e-07;1.09109e-07;1.40229e-08;2.14718e-08;4.77813e-07;6.73427e-06;1.89826e-08;1.1495e-07;1.5427e-07;0.000323555;0.000193654;1.1652e-07
7.11495e-06;0.00107957;8.30063e-06;7.057e-05;0.00111271;0.00232253;2.17552e-06;0.000210237;3.74862e-05;2.6391e-06;9.14632e-05;0.365848;7.8521e-05;0.629129
7.39676e-06;0.966088;1.25268e-05;5.31001e-07;1.44762e-06;2.78716e-08;3.85181e-05;0.0331608;1.01667e-06;5.66293e-07;1.3913e-06;9.08281e-06;0.000678742;3.68493e-08
9.57834e-05;0.000384679;0.359643;0.00202081;0.00347685;0.0115203;1.64009e-05;0.00013754;1.66337e-05;0.000230368;0.000223816;0.611046;0.00792147;0.00326643
0.00131306;0.940383;4.14327e-05;6.76109e-05;1.50544e-05;5.29168e-07;0.0405698;0.00687782;0.00228618;6.37637e-05;0.00666821;5.3279e-05;0.00165058;1.00134e-05
1.47049e-06;0.998878;1.59403e-10;4.17698e-08;1.50373e-07;8.4078e-08;0.000355756;2.89999e-06;1.94364e-07;6.53419e-06;7.74046e-09;1.95764e-09;2.56695e-06;0.000752453
1.56463e-10;1.36697e-11;0.999998;2.34041e-11;2.97388e-09;3.03067e-13;8.54205e-11;1.11257e-09;3.1512e-12;1.34119e-11;4.29643e-12;1.64361e-06;6.71467e-15;6.71667e-12
8.64113e-05;0.0385585;5.28111e-08;1.33955e-06;3.11269e-05;2.32394e-05;0.000421931;0.947559;0.00265559;4.90819e-06;4.99236e-05;3.37834e-08;0.0105891;1.94347e-05
2.31411e-08;9.12271e-09;0.999995;2.86333e-09;5.87945e-09;4.27249e-10;1.46861e-08;3.52089e-07;4.22878e-08;9.26919e-10;1.72998e-08;4.75753e-06;2.80626e-09;2.62523e-11
4.86259e-06;9.68895e-05;0.995628;2.2938e-06;2.99359e-06;1.57436e-06;5.44055e-07;4.37588e-05;1.49492e-05;5.02223e-07;4.06584e-07;0.0040033;3.37026e-06;0.000196804
7.67258e-05;0.00554939;9.28535e-07;2.99056e-05;0.0040238;0.0252029;2.51891e-06;2.83601e-05;0.00113905;1.34733e-05;7.38486e-05;0.00026035;0.000660044;0.962939
0.000152329;0.00515924;0.00400528;5.6823e-06;0.0039649;4.90565e-06;2.21727e-09;0.000176743;9.81261e-07;3.33776e-07;9.76664e-08;0.986152;3.56146e-05;0.000342057
3.26723e-05;0.99114;1.49304e-11;9.04181e-08;2.15384e-05;6.27922e-08;2.93675e-05;0.00557449;6.20368e-05;5.99211e-07;5.99031e-07;3.15553e-08;7.21133e-06;0.00313095
0.000546598;0.0173177;0.000177747;4.05063e-05;6.25208e-05;1.02441e-05;0.000817871;0.951291;0.010302;2.28213e-06;0.000181592;0.0100902;0.00915835;1.23932e-06
6.09405e-06;0.955499;1.03511e-08;6.22564e-06;5.386e-05;1.64312e-05;8.60123e-07;0.0189567;1.01818e-06;3.32499e-06;7.44973e-07;0.00371082;0.0217268;1.78573e-05
1.77729e-05;0.0420129;4.50719e-08;3.26874e-05;0.000105182;0.000719336;2.06718e-05;0.000136285;2.97079e-06;2.48091e-05;0.000117062;0.00850566;0.947548;0.000756328
0.000327188;0.010295;0.955197;0.000187597;0.0234458;0.000652813;7.62862e-06;0.0013175;4.07183e-07;2.68839e-06;2.87621e-06;2.00409e-05;4.79917e-05;0.00849525
6.25007e-05;0.778102;1.55949e-06;0.00052797;0.00181633;0.000443;9.63164e-05;0.00151634;0.000470606;3.18538e-06;0.000198701;6.23473e-05;0.178173;0.0385253
3.16492e-05;0.790834;9.48652e-09;0.000103276;6.74004e-05;0.000180253;1.00469e-06;0.200777;3.80509e-06;5.20798e-06;6.65445e-06;1.52069e-05;0.00311073;0.00486318
4.37205e-06;0.00282468;2.66804e-09;8.55593e-07;5.69164e-06;5.67626e-06;4.18391e-08;0.00637821;4.45705e-06;4.79263e-08;4.2785e-05;0.00210279;0.988629;1.02268e-06
9.35325e-05;0.00661115;1.06464e-05;0.000111292;0.000139551;9.22708e-06;3.84177e-07;0.00108784;0.000762184;2.76636e-06;0.000384752;0.986456;0.00405204;0.000278516
5.65443e-05;0.9947;3.45895e-05;0.000137396;2.78034e-05;3.8129e-07;1.8661e-05;0.00476398;5.06221e-06;1.34303e-05;7.48203e-06;0.000133005;8.09836e-05;2.02644e-05
1.55177e-06;0.00116839;8.59721e-06;5.81658e-05;3.28664e-06;1.64011e-06;1.24072e-07;1.85379e-06;4.6623e-07;8.60539e-07;1.86466e-05;0.0017655;0.996964;6.87452e-06
3.36785e-06;0.00823334;1.94589e-10;3.47478e-06;2.53531e-05;4.51516e-07;6.60209e-06;0.986097;6.81334e-05;1.96335e-06;0.00530152;0.00020459;4.51766e-05;8.6593e-06
2.48985e-06;0.0178638;0.976466;0.000140422;0.00143786;0.000291496;8.4008e-08;1.34709e-05;1.94955e-08;1.06711e-05;4.01726e-06;0.00279636;0.000749717;0.000223637
1.56925e-05;0.11893;2.24287e-06;1.87571e-07;2.01816e-05;0.000332581;0.000164232;0.00144114;8.98345e-07;9.02061e-06;2.25832e-05;9.06922e-07;0.8788;0.000261094
1.77541e-09;3.51458e-09;1;5.76763e-10;7.14269e-09;5.633e-09;1.6297e-10;8.83293e-09;7.96861e-10;2.37196e-10;1.37863e-09;5.39027e-08;2.23696e-09;2.09217e-11
2.12001e-07;3.44827e-06;0.998203;3.92147e-08;2.40541e-07;5.57506e-08;5.74471e-09;0.000238226;1.71265e-07;1.2313e-08;2.46743e-08;0.00155311;2.8204e-07;1.79818e-06
4.81454e-08;1.73044e-05;1.15926e-05;2.90778e-08;4.1566e-06;0.000121974;1.41296e-09;1.12002e-06;1.26253e-09;1.74975e-08;1.22176e-08;3.71974e-05;4.91289e-08;0.999806
5.83673e-05;0.00276971;1.01801e-07;9.70621e-07;1.74081e-05;8.61774e-05;5.32057e-08;0.284253;2.44216e-06;2.09114e-08;6.12143e-06;0.000168574;0.712636;1.38111e-06
1.06039e-07;0.999505;2.17128e-09;1.9307e-08;2.00358e-09;1.09977e-08;6.53224e-08;5.28583e-07;1.38753e-10;1.23295e-08;6.29757e-10;1.34795e-05;0.00048058;5.57803e-07
2.64357e-07;0.000532952;3.27157e-07;2.95695e-05;0.00532113;1.73775e-05;3.15324e-06;0.128788;5.57498e-06;1.55632e-06;1.89175e-05;0.865076;8.80931e-06;0.000196473
2.25822e-05;0.0921169;0.205797;0.0106419;0.000607243;0.000897197;2.65969e-05;0.000320746;1.67167e-06;4.77577e-05;0.000211833;0.000271856;0.688904;0.000131986
0.000265341;0.637973;2.93587e-05;4.55368e-05;6.17411e-06;5.78047e-06;0.0001176;0.100554;0.00151362;2.54039e-06;0.000683136;0.230588;0.0278467;0.000369233
0.000223749;0.452379;9.2344e-07;0.0003287;0.00523896;0.151166;0.000557449;0.283878;0.000173735;0.00144617;3.01853e-06;5.11213e-06;0.00789725;0.096702
1.918e-07;2.21736e-07;0.999999;1.57486e-08;7.82839e-09;1.33539e-09;1.48584e-08;8.54931e-08;9.75061e-09;5.12805e-10;4.54108e-09;7.21911e-07;4.277e-08;1.64985e-10
8.51018e-06;0.0181938;0.000828199;8.83812e-06;6.42444e-06;1.48355e-06;1.07537e-06;0.00039298;6.40641e-05;9.20596e-08;7.35479e-05;0.980115;0.000248326;5.74011e-05
1.04949e-05;0.751721;2.71572e-06;2.52752e-06;0.000183615;4.1343e-05;1.68008e-07;0.229953;7.84392e-06;7.5527e-08;1.70489e-05;0.000150119;0.0165741;0.00133561
1.28227e-05;0.0227528;2.24232e-05;0.0022379;0.199445;0.0900655;9.99183e-07;0.00410468;7.4982e-06;0.000425621;7.0568e-06;0.000926826;0.000174152;0.679816
0.000118186;0.195883;3.49287e-06;1.62916e-05;0.000926292;0.000908689;4.67069e-06;0.7831;4.7289e-05;9.61502e-07;1.58988e-05;0.000976387;0.017825;0.000174202
3.67576e-05;0.743078;2.63874e-08;1.61937e-05;2.46794e-05;2.09719e-05;1.85484e-06;0.00356849;1.0098e-06;1.40945e-06;7.68233e-06;0.00611068;0.247104;2.85688e-05
0.00148615;0.0243991;3.32256e-06;0.00206311;0.254304;0.00181758;6.08106e-07;0.623804;4.38974e-05;6.89492e-05;8.77567e-06;5.38122e-05;0.0201615;0.0717849
0.000100179;0.993518;4.27293e-07;9.00177e-08;2.85522e-07;1.03727e-07;4.50712e-05;3.66336e-05;1.67208e-06;2.63645e-05;1.08569e-07;1.42332e-07;0.000313273;0.0059574
9.19531e-10;5.35026e-09;0.99999;2.55572e-11;6.05765e-09;2.93444e-12;7.67298e-11;7.45531e-10;7.83808e-11;5.78782e-11;1.70978e-11;1.0378e-05;1.16299e-12;1.79311e-09
0.000148793;0.00322366;2.44659e-07;8.3319e-06;0.00173139;8.70838e-05;6.30434e-06;0.953102;0.0224193;1.56537e-06;0.000134174;7.77516e-05;0.0163975;0.00266231
8.42669e-06;0.00269961;2.19985e-08;5.88152e-07;9.82414e-06;2.21355e-07;5.798e-08;0.993379;0.000110165;5.89325e-08;2.53177e-06;0.000210852;0.00357255;5.95576e-06
0.000192892;0.916919;2.55136e-06;0.000193122;0.000737506;1.4493e-06;1.20343e-05;0.0808664;2.35994e-05;1.858e-05;4.54752e-06;0.000565298;0.000215673;0.000247786
0.000203196;0.816346;0.0455191;0.000349771;6.59555e-05;1.97563e-05;2.02472e-05;0.000649036;6.27099e-05;1.0627e-05;4.05315e-05;0.00180432;0.134582;0.000326988
0.000129211;0.172718;2.32315e-06;7.07e-05;0.000114343;0.000164052;3.02459e-05;0.00793145;0.000191569;1.10577e-05;0.000197963;0.729725;0.0856152;0.00309906
0.00569368;0.227006;7.87012e-05;0.00315039;0.0291831;0.0229007;1.68111e-05;0.381035;0.0471677;6.70271e-05;0.0939846;0.0658567;0.11848;0.00537936
0.0050413;0.397513;0.000756984;7.17259e-05;1.12374e-05;5.12629e-07;0.000454253;0.0146884;0.000824886;4.00675e-05;0.0039033;0.553391;0.02329;1.38747e-05
0.00054702;0.804213;2.59122e-06;0.000108789;2.71902e-05;0.000178299;0.127128;0.0405475;0.00614036;0.00504067;0.00640037;2.31952e-06;0.00918961;0.000473338
1.01674e-09;4.38878e-09;1;3.76588e-09;7.43923e-10;6.88534e-10;1.92872e-09;9.57097e-10;2.41607e-10;1.24879e-09;9.33118e-09;2.90792e-07;3.61462e-10;8.64156e-12
0.000226916;0.516746;3.56431e-05;7.68192e-06;0.00672087;2.84443e-06;1.25382e-05;0.446543;4.35098e-05;2.65605e-06;0.000120701;0.0217928;0.00659758;0.00114768
7.51723e-05;0.717633;6.14621e-08;6.92313e-05;0.00298963;0.000365153;0.00327596;0.0413391;0.00108945;0.010439;0.000176266;8.45658e-06;0.220731;0.00180815
3.15595e-09;5.92737e-11;1;3.74604e-09;1.28401e-09;1.32202e-10;9.1391e-09;5.73725e-11;2.259e-09;6.91e-10;7.51436e-09;2.29239e-07;1.30495e-11;1.19677e-12
0.000419688;0.0567898;0.00204831;0.000370052;5.03789e-05;4.53252e-06;2.01209e-05;0.00723948;0.235577;9.3047e-06;0.00144879;0.695985;1.31224e-05;2.44353e-05
8.05567e-06;0.989624;1.73669e-11;3.87453e-07;2.25007e-07;2.37897e-07;0.00963804;0.000196261;2.64523e-05;4.88685e-05;3.45454e-06;1.42673e-09;0.000193938;0.000260362
7.90553e-09;4.6447e-10;0.999998;1.77975e-09;1.07728e-07;6.39467e-11;4.8989e-10;1.41998e-09;1.43651e-09;4.60536e-11;2.06808e-10;2.05237e-06;5.3754e-13;1.09315e-11
1.47831e-05;0.00361297;5.03963e-08;5.22246e-07;0.00094528;2.17719e-08;1.37061e-08;0.995158;1.14183e-06;1.69272e-08;3.18642e-08;7.87941e-05;2.61863e-05;0.000161877
3.87847e-07;2.25639e-06;1.17055e-06;4.02276e-07;0.000384584;7.04512e-08;1.76832e-07;0.999595;9.34671e-06;1.0751e-06;2.43058e-07;1.34351e-07;4.47045e-06;2.33712e-07
2.29907e-07;1.04081e-05;0.999961;1.30143e-06;1.56295e-05;2.39252e-06;3.05653e-10;5.20638e-08;1.69072e-09;6.16224e-08;5.55301e-08;1.34527e-06;9.79967e-08;7.42317e-06
2.30685e-06;0.99533;1.47057e-06;3.03481e-06;2.01715e-06;1.49244e-06;7.07336e-05;0.00368673;0.000326612;3.0023e-07;0.000434339;4.95909e-05;6.29668e-05;2.87621e-05
