6.45278e-07;0.999767;5.66632e-06;2.08917e-06;2.18177e-07;3.9921e-07;5.86296e-07;0.0001921;1.58809e-08;4.90758e-07;7.80942e-09;1.0784e-06;2.44747e-05;5.09077e-06
1.91693e-08;3.64345e-08;0.999991;1.7427e-08;1.22609e-08;7.17498e-10;3.30823e-09;8.51984e-06;6.07504e-09;4.99815e-10;1.86099e-08;6.24771e-07;1.91339e-08;6.57676e-10
2.17169e-08;4.99153e-06;0.000129398;1.31967e-07;5.58792e-07;1.32598e-08;1.42039e-07;1.64984e-05;4.52203e-08;5.97426e-08;3.09411e-08;0.000162815;1.73715e-07;0.999685
6.67382e-08;5.30857e-06;6.02354e-11;4.39625e-09;0.000170791;2.17712e-06;9.18431e-08;0.999813;7.30638e-06;3.61767e-09;1.10692e-07;2.08815e-09;1.53044e-06;7.83985e-08
5.71485e-09;8.0662e-07;0.999964;2.69792e-08;9.60716e-06;4.37897e-07;1.60451e-11;2.18226e-08;4.76842e-12;6.53e-10;6.00783e-11;2.5075e-05;2.26588e-08;4.52665e-07
2.11961e-08;0.999855;3.94664e-09;1.33596e-08;1.25597e-07;2.09458e-08;3.04891e-07;9.4716e-05;7.63118e-08;4.68493e-10;5.82518e-08;5.93955e-07;4.94875e-05;1.29257e-08
3.60374e-09;1.01108e-05;0.999986;5.15499e-08;2.20013e-08;2.35714e-08;3.80557e-08;1.69922e-09;2.87806e-10;1.77294e-09;1.04534e-09;2.38295e-06;1.14902e-06;6.70328e-07
3.36375e-09;0.999047;1.04393e-09;8.57233e-11;9.34766e-09;5.08356e-10;1.1648e-09;0.000900186;1.06316e-11;9.27492e-11;1.61335e-12;8.92455e-07;5.18206e-05;5.93386e-07
9.37031e-09;0.000185381;1.33562e-09;4.39975e-08;9.35379e-08;0.000209215;3.98425e-08;8.03568e-06;4.20776e-08;9.93901e-08;1.24308e-08;2.08421e-07;0.999157;0.000440307
2.596e-08;6.00999e-06;0.997931;1.32539e-06;8.40637e-08;3.78087e-07;1.85979e-06;3.93348e-09;2.27796e-09;2.59852e-05;8.57096e-09;0.00203057;3.1538e-07;2.07046e-06
4.95061e-07;5.29142e-07;0.998066;5.51581e-07;1.13663e-07;5.94681e-08;0.00180732;1.21334e-07;2.37761e-05;1.0421e-06;9.93175e-05;7.15118e-08;2.10941e-10;2.23172e-09
6.37703e-08;0.999978;6.22939e-08;3.58266e-08;5.97257e-10;1.55673e-10;8.51404e-08;1.78098e-06;6.04783e-08;2.4195e-09;1.7011e-08;1.81791e-07;1.94158e-05;5.63247e-10
2.75774e-06;0.964122;2.86245e-08;1.74169e-06;5.05516e-08;1.07242e-08;5.4165e-07;0.000206525;5.47113e-06;1.63073e-08;1.68975e-05;0.0257336;0.00990997;3.76655e-08
3.02799e-06;0.0166447;1.12395e-06;1.86756e-06;0.00137892;7.11955e-06;3.74241e-08;0.977243;5.20022e-08;6.75915e-06;7.21904e-08;0.000156781;0.00420158;0.000354874
5.69599e-06;0.00042858;3.26546e-09;0.000176127;9.26482e-06;0.00523044;3.36572e-05;0.000204307;0.000245859;0.000117891;0.000990515;4.07492e-05;0.990947;0.00156943
1.32577e-05;0.000751632;0.998913;2.8625e-05;1.33611e-07;1.44833e-05;2.71557e-05;5.77697e-06;2.45811e-07;0.00017699;2.69313e-07;5.9623e-06;4.87073e-05;1.41005e-05
1.07454e-08;8.2249e-08;0.999999;1.80691e-09;3.55265e-09;1.71887e-09;6.02607e-07;6.48964e-07;2.85724e-08;5.92991e-08;9.31134e-09;3.7429e-09;7.33119e-10;2.67716e-11
3.30173e-09;1.1743e-09;1;2.31811e-10;9.67123e-10;8.13464e-11;7.94893e-10;6.48019e-08;1.757e-08;1.63569e-10;2.28636e-09;2.54104e-07;5.10228e-10;1.38868e-11
1.11816e-08;1.44588e-06;0.995876;3.71207e-09;3.89589e-09;7.10094e-09;6.25045e-10;8.0642e-07;2.14723e-08;7.64454e-10;6.62982e-09;0.00412036;1.26651e-08;9.9911e-07
5.92685e-08;0.000629181;2.88991e-07;4.43951e-08;0.000189272;0.00578303;1.48584e-06;5.89825e-05;6.05696e-08;5.00587e-06;2.50221e-08;2.2284e-10;9.76067e-06;0.993323
3.96471e-11;1.67348e-10;0.999998;6.04499e-11;3.65706e-09;3.77791e-10;2.2097e-12;1.16757e-09;1.09462e-12;8.26525e-13;7.98176e-12;2.05319e-06;2.2093e-10;3.36441e-11
4.9841e-06;0.00439466;0.000114158;5.03669e-07;0.00264456;6.94756e-05;4.49516e-09;0.989173;4.29905e-07;1.19082e-08;2.84449e-07;0.00179068;0.000909997;0.000897581
4.88431e-06;0.717096;2.68373e-07;4.1363e-07;7.84318e-07;3.41609e-07;0.000117302;0.27152;5.25906e-07;6.10968e-06;2.14208e-06;4.16728e-06;0.0112396;7.27571e-06
4.04737e-10;3.51177e-10;0.999999;9.56849e-10;5.12272e-09;1.85901e-10;1.34697e-10;2.3714e-08;1.20618e-11;8.42522e-11;9.0635e-11;5.72026e-07;1.31918e-11;1.65777e-12
0.000146934;0.00396971;3.91721e-05;2.81672e-05;0.000737681;0.000189145;4.62774e-05;0.977509;7.02597e-05;4.58334e-06;4.24417e-05;0.00741207;0.00666904;0.00313601
1.65564e-05;0.255824;2.48717e-07;2.77183e-06;6.10943e-06;6.85188e-05;4.65881e-05;0.470434;7.1103e-06;1.14462e-06;1.18678e-05;0.00289613;0.270682;3.08217e-06
1.01476e-06;0.00347132;3.9148e-08;1.03301e-05;4.66554e-05;0.000559037;1.18312e-07;0.000457752;7.60281e-07;1.32668e-06;2.81038e-06;0.00528842;0.989794;0.000366112
0.00115369;0.365861;0.000500783;0.00487281;0.00403045;0.000568122;0.00224835;0.00152983;0.00193192;0.000516454;0.0221414;0.492036;0.0262228;0.0763868
0.00553856;0.61716;6.36203e-05;0.0014819;0.0170591;0.000464924;0.00326827;0.102451;0.0417646;2.63698e-05;0.0649256;0.0115207;0.0635639;0.070711
3.8079e-05;0.940094;6.57376e-10;3.58592e-05;3.92734e-06;7.82996e-05;3.87634e-06;0.00111827;0.000104311;2.03923e-06;3.63686e-05;0.00832123;0.048676;0.00148802
7.59932e-05;0.000658535;9.57953e-08;2.71711e-06;5.14713e-06;2.5944e-05;3.89142e-07;0.0432756;5.89308e-05;4.80305e-08;0.000505146;0.00010021;0.95529;8.24968e-07
4.84109e-05;0.00648329;8.36791e-07;3.50089e-06;1.12894e-06;2.9028e-06;1.00544e-08;0.00101203;9.5336e-06;1.32381e-07;5.36591e-06;0.977636;0.0147062;9.05975e-05
8.16362e-06;0.981111;7.95528e-07;2.87934e-06;8.432e-05;2.77043e-06;4.66465e-07;0.00120841;7.84175e-07;3.82576e-07;9.23738e-07;0.00296576;0.0135805;0.00103268
3.25022e-07;0.0653974;9.68303e-11;4.80972e-06;1.02702e-05;1.81517e-07;0.000318728;0.00314192;1.32974e-06;5.45349e-05;5.7494e-06;6.52441e-08;1.35091e-05;0.931051
3.20818e-09;2.11959e-08;0.999992;7.96119e-08;2.54163e-09;1.95238e-12;2.92344e-07;1.23526e-08;6.8259e-08;2.02793e-09;3.05942e-06;4.63919e-06;2.42366e-12;4.20506e-11
3.72511e-05;0.000817032;3.05343e-08;0.000262594;6.4658e-06;1.07164e-06;0.000683057;0.000310423;0.925406;2.1779e-06;0.0720942;7.74555e-05;0.000244005;5.86607e-05
4.89329e-05;0.9955;1.5225e-07;9.79866e-06;5.21595e-06;9.83964e-07;1.54581e-05;0.000457817;3.46335e-05;8.40094e-07;3.88069e-05;0.00114275;0.00248563;0.000259054
3.13746e-06;0.0010724;1.02198e-05;7.7375e-07;4.03102e-05;7.97499e-07;6.70134e-09;0.00753332;7.40066e-08;8.48239e-09;7.69552e-08;0.988741;0.00215795;0.000440402
1.54073e-05;0.0128255;1.12507e-09;0.000152598;0.00627503;2.44902e-06;0.000654602;0.969654;0.00792429;6.27645e-05;0.00110098;0.00014672;0.000597066;0.000588365
9.11544e-05;0.010094;0.98773;0.000526902;0.00020135;0.000140205;2.8018e-05;1.1306e-05;8.14696e-06;5.91869e-06;6.57823e-05;0.000368836;0.000228473;0.000499948
0.0005046;0.0810856;2.89214e-07;3.42512e-07;2.4164e-05;7.6518e-06;1.70854e-06;0.879745;2.93927e-05;1.25944e-07;8.4957e-05;3.85506e-06;0.0384304;8.14751e-05
1.88534e-09;2.00595e-05;2.29176e-08;2.97716e-09;2.60953e-08;1.24798e-09;1.42543e-11;3.76762e-08;1.08322e-09;1.38765e-10;3.34348e-09;0.999978;5.71748e-07;1.16504e-06
2.7283e-06;0.991;3.24444e-08;1.95828e-07;1.64817e-05;5.59817e-08;3.57559e-07;0.00192272;1.66112e-07;4.18886e-08;3.16136e-07;8.00481e-05;0.00696167;1.57082e-05
1.96342e-06;0.00688774;8.7859e-05;3.46941e-08;1.74585e-07;2.77609e-09;5.83288e-08;0.00145772;1.03543e-07;9.40165e-09;2.47446e-08;0.991524;3.11808e-05;8.83646e-06
2.56375e-05;0.0161714;2.08343e-07;2.62312e-06;4.23339e-05;0.000580494;1.07575e-07;0.973177;3.31258e-05;7.30614e-07;1.38517e-06;0.00572738;0.00400301;0.000234483
2.35409e-05;0.998137;1.69882e-07;2.51199e-07;2.61139e-07;3.57598e-06;8.42814e-05;0.000635932;2.6795e-07;3.77447e-05;5.35181e-08;4.72365e-07;6.56525e-05;0.00101043
5.92492e-10;4.69146e-09;1;2.7039e-10;9.54369e-10;4.67519e-09;1.8564e-07;9.11218e-09;8.17613e-10;5.63809e-08;1.3287e-10;5.17258e-10;1.98897e-11;2.74193e-11
1.243e-09;2.07964e-09;1;1.55942e-09;2.13946e-10;1.01336e-09;3.60064e-09;1.44855e-08;1.05926e-08;1.96151e-10;1.59871e-09;2.37809e-07;5.30905e-10;9.22025e-12
4.16621e-07;0.00145122;0.000900487;8.84796e-06;1.13858e-05;1.38766e-05;3.73639e-08;0.00171957;7.49723e-06;3.09769e-07;8.92823e-06;0.994953;1.83582e-05;0.00090564
2.99796e-07;0.98688;5.61842e-08;1.42109e-07;4.52805e-06;0.00039092;1.63702e-07;4.18066e-05;1.29239e-09;6.46236e-08;2.7804e-08;9.55785e-07;0.0117312;0.000950268
2.86454e-09;0.000979034;1.38192e-07;3.16403e-07;9.25665e-06;0.000111896;4.2221e-10;0.000180535;5.07665e-10;1.57338e-09;3.35105e-08;0.991925;6.94087e-05;0.00672434
1.00559e-08;0.999625;1.2493e-09;1.95461e-08;1.4195e-08;1.90078e-06;2.99785e-06;9.85426e-07;2.05618e-10;9.56559e-08;1.95898e-09;6.96706e-10;0.000264028;0.000104457
8.54871e-10;7.32926e-08;0.999933;3.82268e-09;3.64117e-09;5.94391e-09;2.85794e-10;5.80414e-08;1.17438e-11;8.31708e-11;6.46235e-11;6.6817e-05;2.1452e-08;3.02494e-09
3.26797e-06;0.0495046;1.85121e-07;0.000226536;1.40039e-05;7.0771e-05;1.23163e-05;0.00640828;0.000241441;2.19605e-06;0.00108722;0.00200112;0.940068;0.000359931
1.42831e-07;0.958127;1.49645e-08;2.67875e-06;1.51846e-06;0.000313952;9.40188e-07;0.000370651;1.50189e-09;2.68337e-05;1.85916e-08;6.97671e-08;0.0048443;0.0363124
5.9533e-10;4.73987e-08;0.999997;3.20529e-08;1.62306e-09;5.71982e-10;4.67995e-10;1.06949e-08;7.72425e-12;6.96976e-10;7.92734e-10;3.07241e-06;2.04204e-09;1.57746e-10
0.00022517;0.00114239;0.0105212;0.000661083;0.00598484;1.08578e-05;0.000661654;0.944586;9.62978e-05;0.000127307;0.00059477;0.000741128;2.03367e-05;0.034627
0.000207643;0.00375337;2.4281e-07;4.44558e-06;0.00225599;1.91027e-05;0.00212506;0.989267;0.00119903;2.2861e-05;0.000753901;2.15599e-06;0.000380977;8.30188e-06
0.000215223;0.000631598;0.989147;3.14811e-05;0.00192101;4.16575e-05;2.90032e-07;1.79815e-05;9.34734e-07;2.0916e-06;4.64269e-06;0.00750807;5.44363e-05;0.000423377
2.24844e-06;0.998327;6.62717e-09;6.47062e-07;3.48804e-06;2.60566e-07;3.07677e-06;0.000594958;8.26416e-05;8.01718e-08;2.14572e-05;0.000545799;0.000331479;8.70964e-05
1.33006e-07;0.0014606;2.34804e-10;4.25663e-09;0.000119332;6.46909e-09;9.53439e-10;0.998414;1.59049e-08;2.01926e-08;1.63588e-10;6.78565e-07;2.16726e-06;2.56785e-06
9.62491e-07;8.71809e-05;0.998014;2.05968e-06;1.23497e-05;2.54488e-05;1.28776e-08;9.48442e-06;4.1316e-08;1.43799e-06;2.59141e-07;0.00161446;0.000229174;3.21189e-06
8.47492e-06;0.997573;1.79949e-08;2.61461e-08;1.31332e-07;2.84265e-07;0.00181018;0.000570275;1.85208e-06;9.81271e-06;1.72365e-06;2.2459e-08;1.11608e-06;2.30599e-05
3.26223e-08;9.45225e-08;0.999994;1.93589e-08;1.32444e-08;8.56683e-09;2.95378e-06;2.21943e-07;2.14763e-07;1.024e-07;2.52962e-08;2.49321e-06;5.27339e-11;8.66056e-10
3.04618e-06;0.990642;4.3161e-09;4.04546e-07;5.65198e-09;2.37704e-08;1.31646e-05;2.54931e-05;4.21113e-05;2.3027e-07;7.685e-06;5.3289e-06;0.00926051;1.54953e-08
1.5443e-05;0.216891;4.56512e-06;8.99772e-07;1.09329e-05;2.27678e-06;1.05806e-05;0.0302309;1.57269e-05;3.3077e-06;2.16971e-05;0.749281;0.00280212;0.000710178
3.09816e-07;0.00080575;1.13887e-08;3.99626e-06;4.10282e-07;4.77691e-06;0.994965;4.94632e-07;5.54498e-06;0.00404391;3.79602e-05;1.73936e-08;5.15973e-06;0.000127097
3.19725e-08;2.89163e-09;0.99999;5.69635e-08;1.44245e-09;1.36991e-09;8.82573e-06;4.58997e-09;1.35516e-07;7.00726e-08;3.82665e-07;3.87513e-07;1.92852e-11;6.45106e-11
1.54363e-05;0.992323;5.65218e-07;6.64474e-06;6.94279e-08;1.24312e-07;1.46004e-06;8.81948e-05;2.95425e-05;1.19326e-07;7.30234e-06;8.71403e-06;0.0075183;3.75095e-08
4.71266e-05;0.3556;3.65332e-06;1.76511e-06;1.61633e-05;3.35118e-08;4.33916e-07;0.571158;2.11709e-05;2.83274e-07;1.59717e-05;0.0481294;0.0250048;9.32077e-07
4.52589e-05;0.673592;6.79967e-05;0.00028185;0.0189751;0.00468112;0.00642222;0.059398;5.15903e-05;0.0246686;3.21681e-05;0.000142265;0.0182911;0.193351
2.72591e-07;2.1077e-07;0.99998;9.25448e-07;5.49523e-08;5.08372e-08;1.95473e-06;3.65932e-07;3.95134e-06;1.60755e-07;1.17937e-05;3.51052e-07;1.86014e-07;1.4287e-09
1.10321e-05;0.000226996;0.994802;2.33357e-05;2.06613e-06;8.88359e-07;2.25993e-05;0.00440319;9.95177e-05;1.7697e-06;7.59819e-05;0.000319996;6.27663e-06;4.46809e-06
3.04182e-06;0.00144282;6.86095e-05;4.3611e-06;4.04073e-05;0.00036722;6.3942e-08;0.000203688;7.87053e-07;1.71464e-06;1.4613e-06;0.000871075;1.19891e-06;0.996994
0.000185684;0.0335221;8.8076e-08;1.24315e-06;7.63541e-06;2.59949e-06;1.00179e-06;0.962903;1.33178e-05;1.04025e-07;2.38136e-05;2.94926e-05;0.00330883;5.90455e-07
1.24913e-06;0.869124;2.15638e-08;6.37794e-07;1.18147e-07;1.78355e-07;1.44925e-08;0.120337;1.02352e-07;3.38582e-07;2.89867e-07;0.00236846;0.00814835;1.89234e-05
5.21116e-08;8.95189e-05;3.60078e-07;0.000398908;4.7626e-06;1.71991e-05;0.198944;8.56256e-07;1.31918e-07;0.800235;7.22562e-06;1.20985e-06;4.50489e-07;0.000300816
9.81086e-09;4.14861e-09;0.99981;4.35615e-07;1.01554e-09;8.88903e-09;0.000186657;3.04079e-09;1.48261e-08;2.66354e-07;2.21851e-06;1.93993e-08;3.1914e-11;3.61792e-11
3.01029e-05;0.997896;1.1256e-05;4.02325e-05;7.89538e-07;1.94206e-07;0.000960185;3.41185e-05;8.47902e-06;3.29789e-07;0.00062231;2.36894e-05;0.000371657;5.40803e-07
1.32948e-05;0.976161;9.3626e-09;7.50087e-08;2.25105e-07;5.87246e-08;4.00279e-06;0.0189733;8.92034e-07;2.89465e-07;1.77178e-06;5.94261e-07;0.00483491;9.28506e-06
7.20051e-08;0.000771216;2.25797e-06;2.01481e-06;2.13893e-05;1.34637e-06;8.55501e-08;1.70589e-05;1.54449e-06;5.52109e-07;1.68056e-06;0.999104;1.85365e-06;7.49745e-05
2.47874e-06;0.939877;3.66116e-07;2.3255e-07;8.39665e-08;5.78368e-08;3.62165e-06;3.00316e-06;2.57057e-07;1.01529e-07;5.32848e-07;0.000286768;0.0598257;1.92693e-07
0.000133935;0.403223;1.37863e-05;1.30104e-06;0.00254244;0.000104573;1.32506e-06;0.180962;5.32408e-05;8.85768e-06;6.09058e-07;0.40021;0.0013543;0.0113895
0.000647347;0.470155;0.000105863;0.00231043;0.0939849;0.0484878;0.000102656;0.0468364;0.0214332;0.000365628;0.000545414;0.0177747;0.0120576;0.285193
0.004534;0.29507;1.73483e-05;0.000142349;1.29066e-05;1.16141e-05;0.000212872;0.00138213;0.0106782;5.04134e-06;0.000709026;0.0359507;0.651244;2.96655e-05
3.24202e-05;0.00903339;1.6918e-07;1.17747e-08;2.97309e-05;1.75874e-07;2.63466e-10;0.990206;6.44042e-08;1.27002e-08;3.86509e-09;0.000149851;0.000357943;0.000190418
1.18548e-06;0.967415;2.74962e-05;1.5525e-06;3.16633e-05;3.12851e-06;4.74442e-05;0.00986099;7.23098e-07;8.9855e-05;1.65859e-07;0.00206796;7.2026e-05;0.0203807
7.37695e-10;2.29881e-08;1;4.11822e-09;5.37588e-10;2.39609e-10;6.44309e-09;6.6702e-08;2.81758e-09;1.98475e-09;9.97394e-09;9.35335e-08;1.56241e-09;9.59219e-12
1.33522e-07;2.38115e-06;0.999006;2.17549e-07;1.40155e-07;6.88662e-09;8.81269e-08;5.17601e-05;1.38239e-07;2.99354e-08;7.81306e-08;0.000938344;1.55469e-08;6.23134e-07
7.77825e-07;0.000333653;3.94196e-07;5.57489e-07;3.15037e-05;0.000238314;2.00862e-08;7.40741e-06;1.61862e-07;1.55691e-07;9.75481e-07;1.71052e-05;5.08949e-07;0.999368
0.000975118;0.00847788;1.72445e-08;3.68051e-06;2.93878e-05;2.14591e-06;8.42656e-07;0.987769;9.10551e-06;8.69906e-08;9.41986e-06;0.000921327;0.00179811;4.2985e-06
3.29428e-08;0.000163569;1.6729e-12;3.77438e-10;5.03612e-07;2.22132e-10;7.67676e-11;0.999833;5.79067e-10;9.27578e-10;2.10484e-12;5.68375e-10;3.11857e-06;9.95241e-09
6.14233e-07;4.33477e-05;0.998656;5.27281e-05;7.12378e-05;0.000448138;5.22316e-08;9.31281e-08;3.93897e-09;1.23901e-05;4.69993e-07;0.000286683;2.48443e-05;0.000402805
1.52791e-07;0.00099955;7.35937e-10;2.06406e-07;5.90769e-10;2.96876e-08;0.998585;2.20167e-08;1.11151e-07;0.00039901;7.25564e-06;6.82974e-12;2.44826e-07;8.18298e-06
5.26195e-12;1.73616e-14;1;6.3258e-12;1.50604e-13;4.3754e-14;7.34057e-09;2.73606e-12;4.56824e-11;1.73281e-11;3.86862e-10;9.82812e-12;5.33182e-18;2.62623e-16
