2.60652e-05;0.971775;8.68081e-09;1.01112e-05;3.84197e-05;1.02369e-06;1.66159e-06;0.0182209;2.6522e-05;5.24497e-07;1.04715e-05;0.000570241;0.00924207;7.73569e-05
3.79628e-06;0.981578;5.43568e-09;8.9003e-07;0.00015714;6.06507e-09;0.000306197;0.0177536;8.41909e-08;2.91862e-05;2.13455e-06;1.67248e-05;1.83279e-05;0.000133988
5.51549e-05;0.00706688;0.0324476;0.00297181;0.00325502;0.00152488;0.000620914;1.95382e-05;8.53963e-05;0.000252585;0.00213166;0.946834;0.00012328;0.00261145
0.000666516;0.961929;1.03313e-05;2.90124e-05;1.54485e-05;1.68849e-05;0.000852905;0.000841341;0.00210174;3.5143e-06;0.0220534;0.00815522;0.00307885;0.000246067
5.80747e-05;0.00185651;4.25655e-09;7.90904e-09;1.91872e-06;2.67071e-09;7.93885e-08;0.998073;2.75372e-06;9.51119e-09;1.18465e-07;1.23451e-06;1.98529e-06;4.73606e-06
2.5244e-05;0.991264;5.62557e-07;9.50308e-08;4.92622e-08;8.9398e-08;0.00818855;6.81854e-06;1.36743e-05;3.09608e-05;2.92485e-07;1.31442e-05;2.39015e-07;0.000456117
7.77405e-11;2.60886e-10;1;8.29216e-11;4.35696e-10;2.96488e-10;2.22549e-09;1.46502e-10;1.12498e-10;1.71173e-11;3.17469e-10;2.94392e-07;6.31511e-14;2.10133e-11
1.63843e-07;0.992956;6.01668e-08;3.70245e-08;6.03151e-09;4.99011e-08;1.91033e-07;1.12458e-05;2.73436e-08;2.25341e-09;3.79222e-07;5.73074e-05;0.00697468;6.20891e-08
6.72993e-07;0.980883;1.08771e-07;3.01665e-06;3.42404e-05;7.92894e-05;1.80465e-05;0.0161817;6.48659e-07;7.02285e-05;1.82653e-06;3.87541e-05;0.000456159;0.00223202
6.21825e-11;7.20342e-08;0.999997;2.642e-08;3.20612e-08;5.41711e-09;7.76254e-10;1.01493e-08;8.50082e-12;5.73187e-10;2.5534e-09;2.72216e-06;5.30769e-12;1.16158e-08
1.35845e-06;0.953849;5.61875e-06;4.37912e-06;0.000127961;1.62779e-07;1.14717e-05;0.000120387;2.61941e-07;8.75525e-08;0.000658174;0.044239;0.000536466;0.000445446
1.32964e-05;0.286186;3.78055e-05;4.69873e-06;0.000113835;0.000167086;8.23168e-07;0.0398443;3.6193e-07;2.51002e-07;3.48615e-05;0.503681;0.169807;0.000109153
6.79566e-07;0.00023084;3.55002e-08;8.68253e-08;3.98579e-07;1.99441e-06;6.00854e-09;0.0172068;3.77029e-07;3.8462e-09;8.0111e-06;0.000356208;0.982193;1.77592e-06
2.04793e-06;0.000172662;7.72935e-06;5.91117e-06;1.37431e-07;2.58437e-06;6.64298e-09;3.23369e-05;2.54523e-06;8.64117e-08;1.86439e-05;0.999;0.000721342;3.35246e-05
6.31919e-05;0.029466;3.14266e-07;2.31284e-05;2.17173e-06;0.000105399;7.62132e-07;0.00692962;0.000104691;3.38271e-06;0.000425046;0.000235111;0.962612;2.92353e-05
3.82229e-06;0.00509468;9.4354e-08;4.45757e-07;0.00363289;4.4927e-06;5.59613e-09;0.982879;1.93692e-07;5.169e-07;5.87235e-07;0.00400808;9.38654e-06;0.00436548
2.46092e-06;0.0119916;0.822555;0.000480318;0.145695;0.00145826;3.85634e-09;0.00350135;1.02171e-07;1.28967e-05;1.57035e-05;0.00135379;0.000652682;0.0122805
6.18315e-06;0.897743;1.53203e-08;6.99874e-06;6.32875e-06;1.52803e-06;0.00770814;1.0358e-05;1.63474e-05;8.31768e-05;0.00349068;1.68169e-07;0.000398216;0.0905292
2.07837e-05;7.95913e-05;4.42653e-06;2.50153e-06;6.55313e-08;2.36911e-07;0.0126812;7.48605e-05;0.0161976;1.88355e-07;0.969966;1.62018e-07;0.000972027;7.6243e-10
9.91304e-05;0.00134905;4.30739e-09;3.48871e-06;0.0010253;4.85111e-05;1.10866e-07;0.992826;0.000976247;1.14683e-06;0.000266599;8.41079e-05;0.00320961;0.000110399
1.89775e-05;0.986188;1.6411e-07;9.6752e-07;2.36999e-06;4.17608e-07;0.00101945;0.000148352;1.29281e-06;0.00633204;4.98009e-07;1.38563e-05;1.14462e-05;0.00626199
3.50421e-08;1.70978e-09;0.99999;2.86935e-08;4.85619e-07;7.56331e-09;2.01613e-07;1.25778e-08;1.72485e-07;3.36694e-08;1.99788e-07;9.1561e-06;3.31651e-12;5.73647e-09
0.000219009;0.967238;9.59999e-07;1.2982e-05;5.53877e-06;3.70338e-07;6.77296e-05;0.0114332;0.00380309;2.89949e-06;0.000116184;0.000111065;0.0169859;2.72182e-06
5.11176e-05;0.0092862;1.38143e-05;5.77821e-05;0.0231304;0.000260038;3.6403e-06;0.0106461;0.000106423;8.18515e-06;4.40454e-05;0.00947428;0.000984269;0.945934
0.000131238;0.973082;5.30392e-06;2.42529e-06;1.03385e-06;4.55939e-08;5.08728e-06;0.00463192;0.000248104;4.70094e-07;2.1344e-05;0.0057782;0.011945;0.00414817
5.34619e-05;0.0140194;3.76271e-06;5.49535e-05;0.000647307;8.85745e-05;7.47566e-06;0.00299574;0.000131182;1.03966e-05;6.18108e-05;0.971841;0.00203757;0.00804742
2.48859e-06;0.992848;1.6625e-08;5.84399e-08;2.36326e-08;2.48793e-08;1.34766e-07;1.16199e-05;6.71586e-08;2.65085e-08;3.15787e-08;0.00598931;0.00114357;4.39569e-06
4.34948e-06;0.0463338;9.89125e-05;7.06554e-05;0.00094636;0.000114441;3.04932e-08;0.000324878;7.56986e-07;6.43638e-06;9.14817e-07;0.912272;0.00594074;0.033886
4.61549e-05;0.249705;1.22374e-07;3.15545e-06;0.000457539;1.14606e-05;6.94777e-06;0.748512;0.000381245;1.06588e-06;0.000244909;0.000336328;0.000272124;2.19911e-05
0.000128734;0.202538;0.725362;0.000169192;0.00245177;0.00961044;1.91252e-07;0.0139856;1.79823e-06;1.24263e-06;1.17202e-05;0.0337168;0.0116107;0.00041158
2.59719e-05;0.000155876;7.03447e-10;1.25239e-07;2.75648e-05;7.44009e-06;3.92115e-09;0.77724;8.41879e-06;1.03453e-08;4.49435e-05;0.000157235;0.222304;2.89648e-05
9.30629e-05;0.00107776;1.33816e-05;1.88834e-05;1.36995e-05;1.22526e-06;9.82867e-06;0.00650623;0.000776693;4.48161e-06;0.00105523;0.988458;0.00194683;2.44154e-05
0.000148886;0.117404;3.97376e-06;0.000834818;0.000547547;0.00472972;4.87705e-06;0.045209;0.000753995;1.64655e-05;0.000584833;0.0315058;0.797656;0.000600347
0.000793608;0.540701;7.52028e-06;0.00102566;0.00082789;0.00023245;1.39913e-05;0.00107208;0.000253558;0.000167322;0.0048244;0.0118623;0.0161204;0.422098
4.71421e-07;0.99131;5.46359e-09;2.03341e-07;4.23553e-09;7.05229e-08;0.0068979;2.62489e-07;8.05039e-08;9.37857e-05;1.97925e-06;1.38287e-08;5.98596e-06;0.0016895
2.31293e-11;7.02972e-11;0.999999;7.91534e-11;2.80073e-10;2.80492e-12;3.83069e-09;4.9001e-11;5.09997e-12;5.73913e-11;3.41801e-10;6.83712e-07;3.21142e-14;1.40006e-11
2.43683e-05;0.0698475;8.40615e-07;0.000291967;1.33584e-05;0.000452072;0.361575;0.00488045;0.0241308;0.000110058;0.0400858;1.90261e-08;0.498583;4.11111e-06
8.04349e-05;0.946319;0.0468654;0.000362501;1.92301e-06;3.36863e-06;0.000770737;0.000100707;3.69206e-06;6.96345e-05;3.07104e-05;0.00521647;0.000104044;7.07813e-05
7.79044e-05;0.989715;1.19969e-09;8.46621e-05;7.85369e-05;3.56416e-06;0.00151988;0.000335262;0.000511215;1.88891e-05;0.0021372;0.000743351;0.00453426;0.000240768
0.000295811;0.937135;2.23799e-05;0.000533482;0.00669718;0.000544519;1.11187e-05;0.000972234;1.15238e-05;5.69354e-05;3.84506e-05;0.00650156;0.0462838;0.000896452
0.00159068;0.49762;7.34334e-05;0.000117286;2.83191e-06;8.44157e-07;0.00153758;0.209386;0.0121407;2.35826e-06;0.0184155;0.179609;0.0794642;3.95434e-05
0.000162058;0.492663;3.53774e-05;0.00575062;0.00808564;0.000832774;9.48948e-06;0.471194;0.0025879;0.000404008;0.000959586;0.00697323;0.000954469;0.009388
0.000631124;0.0745848;2.10081e-08;0.000278994;2.51595e-05;0.000550116;0.00010661;0.00688744;0.069556;0.000288641;0.0130392;0.000276987;0.833363;0.000411863
0.00243801;0.115709;0.828786;0.000668015;3.34205e-05;2.17235e-06;9.03056e-06;0.000574614;8.09947e-05;3.85966e-05;9.84041e-05;0.0512313;9.5967e-05;0.000234117
9.57345e-06;0.982403;8.09949e-08;1.18045e-05;0.000313868;1.91333e-06;7.59545e-06;0.00893953;0.000655703;5.03518e-07;0.000293692;0.00173753;0.00529184;0.000332992
8.2154e-06;0.0159925;5.08144e-07;2.3907e-07;0.00134884;4.01911e-05;1.85512e-06;0.980302;4.54656e-06;2.15615e-05;1.04856e-06;2.89346e-06;0.00188548;0.000390191
7.44028e-09;5.71026e-09;1;9.21922e-10;8.30132e-09;6.89287e-10;6.26452e-10;6.82174e-09;1.99977e-09;5.52597e-10;2.99147e-09;4.68926e-08;3.21848e-10;2.41189e-10
5.36723e-07;3.67596e-07;0.997511;1.4346e-07;1.80003e-06;7.18769e-08;1.67369e-08;0.000185418;5.45303e-07;2.07694e-08;9.01103e-08;0.00227753;3.71103e-08;2.22471e-05
3.99059e-07;0.000116743;8.4353e-06;2.71981e-08;2.31173e-05;6.25484e-05;3.94713e-09;5.02768e-05;1.4246e-08;4.46946e-08;2.62309e-08;9.00468e-06;2.60047e-07;0.999729
2.28372e-05;0.000124552;6.4851e-09;7.27105e-08;1.17144e-05;1.31869e-06;1.26162e-08;0.998702;1.50454e-06;3.53588e-09;6.41915e-07;1.00947e-05;0.00112526;2.21539e-07
3.66478e-07;7.90233e-05;4.90431e-12;2.18169e-09;5.30705e-08;9.89472e-10;8.7473e-10;0.999894;3.86557e-08;1.69005e-09;7.31626e-10;1.13726e-08;2.61102e-05;4.28409e-09
1.16601e-06;0.000140729;9.90662e-07;9.91444e-05;0.000903528;0.000259728;5.65367e-07;2.76432e-05;2.81228e-06;1.44477e-05;2.74968e-05;0.985954;5.48809e-05;0.0125127
4.31645e-05;0.970614;1.43923e-05;2.65741e-06;9.37007e-08;5.85715e-08;4.21731e-05;6.49203e-06;5.96713e-07;1.82413e-07;2.95475e-06;0.000347759;0.0289253;3.67737e-07
1.37441e-05;0.777342;1.03901e-05;1.70447e-05;0.000583783;3.16585e-05;1.45728e-05;0.0244499;4.26477e-07;1.23747e-05;1.55419e-07;0.0997451;0.00242147;0.095357
3.29433e-06;0.037595;2.15005e-05;2.29432e-05;9.39331e-05;0.00360223;8.86001e-06;0.0010612;1.25797e-06;5.68057e-06;1.08713e-06;0.948717;0.00222796;0.00663833
3.78384e-08;0.99757;1.89707e-10;1.10388e-07;1.37579e-09;5.29552e-08;0.00224186;8.6068e-07;3.5045e-07;9.14266e-06;3.63595e-08;7.11311e-09;7.05251e-06;0.000170139
4.12403e-10;3.29248e-10;1;2.42143e-09;2.23212e-10;1.04811e-09;1.88064e-08;2.90835e-10;6.931e-10;1.27279e-09;2.50711e-09;1.96538e-08;3.24151e-13;1.42101e-11
6.02857e-06;1.87997e-05;4.04791e-09;1.14621e-08;1.05344e-07;1.27062e-08;2.34212e-09;0.999905;4.54453e-05;1.15458e-09;6.39858e-07;4.98913e-07;2.36015e-05;1.64682e-08
1.00142e-06;0.259916;5.3759e-07;1.84586e-06;5.87332e-08;2.45405e-06;0.000179368;1.67295e-07;5.09596e-08;0.000650746;1.50213e-07;9.94996e-07;1.42164e-06;0.739246
2.82422e-11;3.42233e-11;0.999998;3.40338e-10;1.42644e-10;2.04499e-10;1.62201e-09;8.16954e-12;4.38198e-12;1.74095e-10;2.3859e-10;1.89309e-06;4.41705e-16;4.03174e-10
4.53115e-07;4.69987e-06;1.45271e-11;2.48881e-09;4.10855e-08;3.32081e-09;2.08363e-08;0.999984;6.78203e-06;5.594e-10;4.59199e-07;6.01304e-11;3.91574e-06;3.086e-10
3.30252e-05;0.000435232;0.000170039;1.8167e-05;6.07169e-06;4.11286e-06;8.83162e-07;0.0162129;2.05924e-05;1.20169e-06;4.89085e-05;0.982848;4.0422e-05;0.000160704
8.4838e-08;0.99857;2.46934e-10;4.58571e-08;5.30599e-09;3.47847e-08;0.00127755;1.78544e-07;1.75255e-08;2.61862e-06;1.52269e-07;1.04662e-08;1.00437e-06;0.000148169
1.17174e-09;1.74912e-11;0.999999;1.47697e-09;7.38849e-09;2.67747e-09;8.42041e-09;9.17913e-09;4.62347e-10;5.81213e-10;2.23229e-08;6.43277e-07;1.33541e-10;2.84302e-11
1.51545e-05;0.731397;5.01742e-08;4.31208e-05;5.32836e-06;1.76427e-06;0.244873;0.000599658;0.0134908;0.000205366;0.00871773;2.01996e-07;0.000572219;7.85592e-05
1.85435e-07;2.00714e-06;0.999948;4.35569e-07;1.83779e-07;1.66884e-07;4.52359e-05;1.59918e-08;3.90505e-07;9.53051e-07;2.00704e-06;2.62662e-07;4.59853e-08;2.6439e-09
2.94853e-06;0.99819;0.000501305;7.24605e-06;3.25834e-06;1.91108e-08;4.67593e-06;0.00019453;1.09084e-06;2.36324e-07;5.84226e-07;0.00101066;7.89278e-05;4.65173e-06
0.000116859;0.83926;5.89895e-09;0.000371316;0.000272599;9.22123e-05;0.000694281;0.0787958;0.00308171;0.000125284;0.000337243;0.0129379;0.0629638;0.000951125
0.000121723;0.546958;0.00109165;0.000947786;4.21406e-06;4.37583e-05;5.24522e-06;4.78663e-05;9.01971e-06;5.8856e-06;2.5198e-05;0.449001;0.00114608;0.000592169
1.56132e-05;0.000131465;5.62816e-09;2.55419e-07;0.00599492;2.38401e-06;7.41029e-08;0.981585;4.3534e-07;2.19488e-07;4.45295e-08;5.21951e-07;8.03921e-07;0.0122685
2.16857e-07;0.000142218;0.999677;1.8399e-07;9.71229e-07;1.05837e-07;1.42748e-09;2.18105e-06;7.56118e-09;5.66922e-08;8.88989e-09;0.000171365;4.50737e-06;1.48819e-06
9.17082e-06;0.0808072;7.82196e-08;1.89193e-06;1.23155e-07;1.65927e-05;0.887466;5.32517e-06;4.5666e-05;0.0286765;0.000233699;6.34496e-08;0.000736231;0.00200135
8.97693e-13;4.0534e-14;1;4.5817e-13;1.40393e-12;7.64487e-13;3.47782e-12;5.89879e-13;9.72039e-13;1.64815e-12;1.33342e-12;6.3962e-11;2.47163e-17;1.53222e-15
