6.07573e-06;0.999625;3.77073e-05;1.4887e-05;2.69609e-06;8.69951e-08;1.19209e-06;6.37376e-05;7.01363e-08;1.09764e-06;1.56657e-07;0.000171624;7.37961e-05;2.31151e-06
2.9963e-05;0.936094;3.58911e-07;4.76176e-06;3.13997e-06;1.31196e-06;1.35395e-05;0.00152903;1.06753e-05;2.23507e-06;4.0556e-06;0.0274936;0.0348051;8.00887e-06
0.000107198;0.279542;4.31852e-06;2.67373e-05;0.000178817;0.000175882;1.44487e-05;0.00288723;2.13846e-05;3.995e-05;1.11517e-05;0.00768767;0.000270775;0.709032
4.03849e-06;0.0181663;2.87299e-05;4.34561e-07;1.42304e-07;1.32577e-07;1.09736e-06;2.65758e-05;6.52333e-08;2.05817e-08;5.91668e-07;0.98172;2.90675e-05;2.28342e-05
1.66733e-08;0.995475;1.1846e-09;5.62482e-09;1.28723e-08;5.7251e-09;4.52197e-05;0.000122589;5.1897e-10;8.72307e-07;3.86981e-10;5.44888e-09;1.11693e-06;0.00435474
1.58389e-12;8.47874e-12;1;6.26966e-12;3.35179e-11;3.31966e-10;1.12909e-12;6.14587e-11;3.19586e-14;3.94371e-12;4.72284e-13;8.23672e-08;2.95034e-13;1.52315e-11
2.74436e-07;0.00015908;9.2767e-09;3.72288e-08;6.58288e-08;2.83308e-07;2.43925e-09;0.00303135;3.52527e-07;4.21496e-09;6.80114e-07;8.76457e-07;0.996807;1.52089e-07
1.42139e-06;0.00224388;1.09227e-06;6.66001e-06;4.62429e-07;4.25136e-07;4.88828e-08;4.87504e-05;1.18456e-05;5.8938e-07;1.45941e-05;0.995093;0.00254522;3.15317e-05
1.40778e-07;0.000230573;1.11038e-10;7.4274e-08;0.000157007;6.33509e-09;7.24032e-08;0.999607;4.17308e-08;1.01709e-07;6.05327e-08;2.3467e-07;3.3425e-06;1.0073e-06
6.70252e-08;0.000151667;0.999751;2.78276e-06;2.59154e-06;1.92518e-06;1.21679e-06;9.8514e-06;2.14413e-09;2.2242e-05;2.27648e-07;4.12164e-06;5.04763e-05;1.78048e-06
1.33495e-08;1.5121e-09;1;7.60282e-10;3.86524e-10;1.03672e-09;1.68573e-08;1.6583e-08;3.61734e-09;1.2797e-10;4.32916e-08;1.75963e-07;1.22165e-10;8.91166e-12
5.57623e-07;0.000543115;5.50956e-05;5.03895e-08;1.21499e-07;3.29002e-07;9.1561e-09;1.1774e-05;6.32721e-06;1.65223e-08;1.63876e-06;0.99936;9.60115e-06;1.10092e-05
5.73788e-06;0.998034;3.73791e-09;5.54818e-09;1.60454e-06;8.332e-06;1.77633e-07;7.49665e-06;2.851e-07;6.21484e-08;2.8044e-08;3.14699e-06;0.00186301;7.57474e-05
5.16896e-06;0.000449048;0.000201939;5.68147e-08;0.00204997;1.78234e-05;2.19145e-09;0.000691596;5.96278e-08;2.64115e-08;1.97195e-09;0.99605;7.54816e-05;0.000458719
1.90971e-05;0.00694483;1.36105e-07;2.4013e-07;7.21765e-06;1.98534e-06;2.28953e-07;0.990891;0.00136362;3.40571e-08;2.05771e-07;9.17865e-07;0.000770268;3.38873e-07
1.96346e-07;0.998676;7.31623e-08;2.038e-07;2.59256e-08;1.27619e-07;2.47016e-09;5.24255e-05;5.61943e-08;1.0279e-08;6.14524e-09;2.06396e-05;0.00125038;2.16475e-08
4.09371e-05;0.00221002;3.17112e-06;6.43271e-05;0.00113718;0.000271437;4.91683e-08;0.0514269;8.72973e-06;2.5626e-05;5.86117e-06;0.844377;0.00156131;0.0988677
4.86928e-06;0.443683;3.31411e-07;4.4263e-06;4.48499e-08;1.79867e-06;0.544209;2.47881e-06;5.07563e-06;0.00809267;3.45503e-05;1.94349e-07;6.577e-06;0.00395414
6.3906e-10;2.29293e-10;0.999998;2.69929e-09;2.65381e-10;7.70554e-10;2.47626e-07;1.18747e-09;2.23984e-09;4.37821e-09;1.13578e-07;1.24014e-06;2.31277e-12;3.47695e-10
1.15887e-05;0.0377695;1.81101e-08;5.5217e-08;1.85512e-07;4.33456e-09;2.36263e-07;0.961906;2.46917e-06;2.30563e-08;2.49681e-06;2.93944e-06;0.00030088;3.29957e-06
4.43687e-06;0.0350222;0.000257462;5.78488e-05;0.000501574;0.000401522;3.14725e-06;0.00462788;7.89873e-06;1.35872e-05;4.96464e-05;0.534077;0.00139082;0.423585
2.90153e-07;0.000796461;2.96015e-09;6.42706e-08;9.04401e-08;3.95142e-08;2.53517e-08;0.00170956;4.96389e-08;7.63025e-09;1.0472e-06;9.34765e-06;0.997483;9.12904e-08
4.096e-05;0.0875137;0.000159;9.15777e-07;1.70216e-06;1.21633e-05;2.58251e-06;0.0109696;9.62641e-07;6.09704e-05;2.82615e-07;0.00212048;0.898925;0.000192076
1.0764e-08;3.24378e-08;0.999996;1.67519e-08;2.05471e-08;3.36205e-08;9.20095e-09;1.28864e-07;7.6968e-09;7.14512e-09;2.05881e-08;3.66477e-06;1.58337e-08;8.64957e-10
1.15779e-07;0.00132375;0.990773;9.68026e-07;5.12674e-08;1.68788e-07;2.11827e-07;0.000480294;7.42362e-08;1.22844e-07;8.67183e-07;0.00740341;4.76838e-06;1.20071e-05
8.54222e-08;0.00140621;1.32602e-06;1.10397e-06;0.00114582;0.125321;2.58331e-07;4.21863e-05;2.12538e-08;1.08782e-05;2.1219e-07;8.47193e-09;6.35165e-05;0.872008
6.67244e-11;1.0351e-08;0.99999;8.76535e-10;1.11968e-08;1.8596e-08;9.0226e-12;1.13045e-09;4.5507e-14;1.35418e-11;1.65645e-11;9.9308e-06;3.11149e-09;1.54281e-09
1.88836e-06;0.000402118;0.000329165;1.66601e-05;0.011958;0.00194055;5.21128e-09;0.974958;6.00513e-08;1.36873e-07;2.2746e-06;0.00939273;0.000709165;0.000288844
5.99523e-08;0.000154376;6.00239e-08;3.69812e-08;2.21628e-08;0.000127311;1.39233e-07;9.6502e-06;1.57143e-09;2.1701e-08;6.362e-07;1.11929e-06;0.999706;4.55315e-08
2.97239e-06;0.000778322;0.997784;5.45194e-05;0.000481807;0.000300874;1.27243e-07;3.62786e-06;2.8116e-10;6.75816e-07;8.60245e-08;0.00053397;1.62859e-05;4.32083e-05
1.17322e-06;0.955795;2.06506e-08;2.44264e-05;0.000133364;2.89533e-05;4.09394e-06;0.0107385;1.00248e-05;7.32201e-07;4.3855e-05;9.88396e-06;0.0328699;0.00033996
5.81263e-06;0.999563;0.000100372;8.63376e-05;5.29433e-06;2.04524e-07;2.06794e-07;0.00012772;1.26265e-07;7.27782e-07;1.27143e-06;4.85524e-05;5.79709e-05;2.32669e-06
1.13146e-05;0.037957;5.50649e-10;2.47524e-08;3.46745e-06;2.32487e-08;4.58903e-08;0.960705;8.56055e-07;6.00067e-08;1.93713e-07;6.29093e-06;0.00131122;4.1174e-06
3.41953e-07;0.00253971;7.54581e-05;1.90176e-06;3.06761e-05;2.04311e-05;8.40752e-08;2.92218e-05;1.24231e-07;2.95457e-07;8.29342e-07;0.991558;5.70289e-05;0.00568634
3.62589e-07;0.000772224;2.21819e-09;1.29907e-08;7.69887e-09;1.29408e-09;5.18704e-08;0.000137824;1.94462e-07;3.4971e-09;5.28208e-07;6.49544e-06;0.999082;2.95373e-09
1.35602e-05;0.012383;0.00613934;2.60389e-07;1.0975e-06;2.32045e-06;1.21039e-08;0.000868821;1.50977e-06;6.09799e-07;5.8858e-08;0.894121;0.0864547;1.36468e-05
4.53763e-05;0.0194346;1.8702e-07;0.000581882;0.000956805;0.235036;0.00184165;0.00114939;0.00508177;0.00503745;0.00229964;3.51495e-05;0.727935;0.000565519
0.000156024;0.00382096;0.975811;0.000497534;2.87116e-05;1.29806e-05;4.40494e-05;7.26582e-05;3.00305e-06;2.9185e-05;6.9866e-05;0.0193084;2.73291e-05;0.000118221
6.88418e-05;0.814738;3.6021e-07;0.00156302;0.000342605;0.000671403;0.0175217;0.022045;0.00909965;0.000104295;0.0372998;0.00107057;0.0864677;0.00900681
0.000102066;0.995002;0.000115189;0.000105797;0.000285314;2.10437e-05;4.21767e-05;0.000288464;4.12859e-05;2.19865e-06;4.06112e-05;0.00220974;0.00123733;0.000507145
7.8666e-06;0.000614692;6.46476e-10;7.51415e-06;0.000143936;3.52461e-05;4.94894e-08;0.999084;1.13107e-05;8.60744e-07;5.28735e-06;2.75984e-05;4.83593e-05;1.31607e-05
1.87628e-05;0.980766;1.30116e-09;4.55371e-06;2.89647e-07;6.92762e-07;6.21262e-06;0.000591425;3.91721e-05;2.14025e-06;0.000347019;0.000242048;0.0179811;1.51477e-07
1.76017e-05;0.995426;0.00428536;5.67996e-05;3.07038e-06;1.66664e-06;8.04926e-06;3.01199e-05;1.12003e-06;4.24035e-06;1.85926e-06;9.55774e-05;6.04227e-05;8.36409e-06
3.49804e-05;0.720553;1.56345e-07;2.7738e-05;0.000138391;4.19652e-05;1.88161e-05;0.0559094;0.00012784;1.0655e-05;0.000191496;0.198531;0.023939;0.000475379
0.000160303;0.591297;2.05578e-07;0.00101561;0.000170282;0.0112841;0.0116602;0.000347067;0.000128475;0.00126376;0.0479527;0.0106465;0.321106;0.0029671
0.000233524;0.0014266;0.170839;8.61859e-05;5.94604e-05;6.1359e-06;1.80763e-06;4.62236e-06;5.61143e-07;3.07535e-06;4.71902e-06;0.819182;1.51804e-06;0.00815026
8.16618e-09;0.999907;1.84327e-12;5.12811e-10;5.60559e-10;3.73024e-10;7.61698e-05;1.40293e-05;1.24236e-09;7.2924e-08;1.01675e-09;4.20616e-11;3.88796e-07;2.28233e-06
2.41197e-11;3.74712e-10;1;5.01659e-11;2.05897e-10;4.54882e-10;3.16968e-11;1.7211e-09;2.17684e-12;4.162e-11;2.23638e-11;4.39141e-08;3.71112e-12;6.03391e-12
1.91905e-06;0.000469723;1.10447e-07;7.0224e-07;3.25787e-06;3.15596e-06;3.99755e-08;0.0107668;1.39527e-05;1.40623e-07;3.78121e-05;0.000177744;0.988515;9.3147e-06
6.13161e-05;0.0213473;5.45203e-05;0.000184701;0.000128925;3.58325e-05;1.60978e-06;0.00833371;0.000513665;1.68603e-05;0.00313178;0.851234;0.114387;0.00056852
8.84577e-07;0.0220043;2.73114e-07;2.99219e-07;0.000284276;8.10256e-05;4.9632e-06;0.976694;1.73985e-07;9.84153e-06;8.55426e-07;9.03375e-07;0.000878944;3.96986e-05
3.63926e-09;8.50308e-10;0.999999;6.83811e-09;2.60805e-09;4.29246e-10;1.06936e-08;1.34469e-08;2.42014e-10;2.75849e-09;2.26059e-08;1.07181e-06;3.02465e-10;4.26314e-11
7.91319e-06;4.17536e-05;0.000681306;2.0312e-05;1.75842e-05;2.01438e-06;8.4973e-07;0.000438785;0.000192496;3.75828e-07;9.91203e-05;0.998444;9.24967e-07;5.27286e-05
0.00183471;0.579038;2.62053e-05;7.14164e-06;0.000274326;0.000737406;0.000881657;0.0385778;0.0034426;4.15769e-06;0.00584583;0.000351067;0.368593;0.000386326
0.00125659;0.755117;0.00105789;1.8961e-06;0.16626;8.27247e-05;7.56277e-07;0.0120954;1.38044e-05;2.07449e-06;9.32487e-07;0.0359269;0.00169198;0.0264928
8.14744e-07;0.991897;3.83316e-12;1.66732e-09;4.57965e-07;4.66514e-09;1.92267e-06;0.00625714;2.84814e-07;1.93405e-07;1.33403e-10;3.55586e-11;6.28215e-06;0.00183611
1.61546e-10;3.90265e-10;0.999999;3.32706e-11;3.84703e-10;5.19884e-13;6.64261e-12;1.47468e-08;6.84835e-12;1.2334e-11;1.90086e-12;9.35253e-07;3.12366e-13;2.86057e-12
2.80573e-05;0.000424337;1.84583e-07;3.32697e-05;0.00212175;0.000223189;9.87553e-06;0.977466;0.00575149;1.8733e-05;0.000124248;0.000476772;0.0127094;0.000612975
6.15944e-06;0.988289;0.00166495;1.24338e-05;2.20997e-05;3.73656e-05;1.87668e-05;0.00972741;2.19375e-07;3.28231e-05;2.8498e-08;1.80525e-06;0.000169316;1.74206e-05
8.30429e-10;9.57105e-10;1;1.1286e-09;2.3443e-10;1.941e-10;6.58649e-10;1.01446e-08;6.83241e-10;3.89655e-10;2.6096e-10;2.04884e-07;7.62122e-11;4.3722e-11
9.95962e-08;9.75204e-07;0.984076;1.75667e-07;3.876e-07;1.05149e-07;2.1631e-08;5.93966e-06;2.02294e-07;1.14874e-08;7.9388e-08;0.0159097;6.49509e-08;5.93816e-06
9.80997e-07;0.0018007;1.94688e-07;7.56232e-08;0.00654567;0.000183954;3.51593e-07;0.000120828;1.54435e-07;4.37056e-07;4.63449e-07;6.50038e-07;9.8258e-07;0.991345
2.77504e-06;0.000372279;0.000219076;2.41932e-06;0.962408;3.61564e-05;1.1459e-09;0.0311989;2.18025e-08;1.54454e-08;1.40079e-07;0.00488178;0.000801087;7.76308e-05
5.61436e-06;0.992903;2.889e-08;5.68854e-09;1.94516e-06;1.05387e-08;1.97079e-05;0.00577942;9.34095e-08;6.78323e-07;9.64996e-09;4.03204e-08;2.30698e-05;0.00126624
2.98382e-11;6.71364e-11;1;9.94494e-12;8.908e-10;3.99082e-12;2.5112e-12;4.6145e-08;6.11384e-12;1.30473e-12;1.28256e-11;2.81958e-08;1.90104e-12;1.41497e-12
2.53495e-05;0.000645387;1.71079e-05;8.258e-05;0.000495021;4.61796e-05;6.65484e-06;0.98597;0.00079191;8.73276e-07;0.000944358;0.010103;0.00040811;0.00046297
5.59008e-08;0.999757;7.6579e-11;3.06037e-06;1.425e-07;4.25219e-08;3.73895e-08;0.000197085;3.134e-07;1.70157e-07;4.63785e-07;1.22096e-05;2.85989e-05;4.22765e-07
5.82979e-06;0.992032;7.0126e-05;1.34157e-06;5.55556e-08;2.64165e-09;6.233e-06;0.00117941;3.25394e-07;4.4135e-08;1.41712e-05;0.00615454;0.000535987;2.31504e-07
2.81882e-07;0.00828813;2.12336e-09;1.5709e-05;8.25456e-05;1.67126e-05;5.02861e-08;2.64259e-05;9.9817e-08;9.36775e-07;3.37777e-08;7.04937e-05;1.43194e-06;0.991497
9.13418e-05;0.00318751;2.12951e-10;7.9672e-07;2.32663e-08;2.45376e-08;5.14661e-06;0.00107708;0.000471845;7.27953e-09;0.000612261;1.246e-05;0.994542;3.69741e-08
7.99308e-07;0.000209524;3.87327e-10;2.83444e-07;1.21725e-07;9.40377e-09;5.48452e-10;1.25846e-05;6.23575e-06;1.13576e-08;8.87038e-07;0.999696;3.4982e-05;3.90446e-05
5.06118e-07;0.964285;1.22696e-06;2.10835e-06;1.45302e-06;3.68052e-07;2.38885e-08;1.23691e-07;3.713e-09;1.63877e-07;4.40534e-08;1.52833e-05;0.035693;3.37383e-07
2.81088e-06;0.0208712;9.35443e-09;5.52266e-06;2.20938e-07;1.29722e-07;1.33862e-06;0.000440412;2.34019e-06;2.30115e-07;2.28597e-05;0.978072;6.45539e-05;0.000516085
2.62491e-05;0.69795;6.95982e-07;0.000107398;0.00311985;6.83194e-05;2.05276e-06;0.217878;3.68472e-06;6.68544e-06;1.3477e-05;0.0646559;0.0147114;0.00145597
1.181e-07;4.32611e-06;1.22742e-09;1.96949e-08;5.72064e-11;5.47182e-07;9.66396e-07;2.47712e-08;1.95781e-07;1.03747e-07;1.57331e-06;2.6531e-09;0.999992;1.35445e-10
1.38873e-08;2.41276e-07;0.999998;1.68354e-08;2.0237e-09;4.84964e-10;2.71508e-10;1.94127e-09;7.52491e-11;2.11607e-09;5.55125e-11;1.3142e-06;2.68385e-10;7.07416e-08
1.0594e-05;0.986757;4.98509e-06;4.18587e-05;8.79864e-05;3.69444e-05;0.000116898;0.01047;0.000916584;3.65786e-06;0.000700444;1.32301e-05;0.000587297;0.000251927
