2.22803e-06;0.013929;3.70283e-08;6.7119e-07;2.855e-07;1.08649e-06;2.26725e-07;0.00126023;1.51785e-06;2.33708e-08;3.98608e-07;5.44398e-05;0.98475;1.83686e-07
9.62207e-06;0.000715688;1.71651e-08;0.00032029;0.000142334;0.000315076;2.51973e-07;0.0024265;0.000161076;6.82199e-06;0.000114949;0.994071;0.000304783;0.00141123
2.9168e-05;0.000225234;1.09768e-08;2.50239e-08;1.78527e-08;2.39092e-09;4.16544e-07;0.99973;6.55882e-06;2.8438e-09;8.39426e-07;8.53718e-09;7.82095e-06;2.12436e-08
5.12685e-06;0.000456885;7.59381e-06;2.86277e-05;0.00625212;0.000183584;2.49093e-08;0.000135481;2.05618e-06;4.87322e-07;5.97657e-06;0.942304;3.49169e-05;0.0505836
7.4996e-07;0.999754;6.32062e-10;2.74599e-08;1.43916e-07;5.78125e-09;4.26907e-05;7.63082e-05;2.94604e-08;1.58675e-06;3.43619e-08;1.08687e-09;4.43137e-05;8.02918e-05
9.99874e-11;2.86829e-09;0.999985;2.99245e-10;2.93717e-09;2.53378e-09;2.07619e-11;1.38547e-10;2.32397e-12;2.18072e-11;7.6386e-12;1.5147e-05;1.34272e-11;3.11117e-11
5.814e-05;0.806901;2.89125e-05;0.00566913;0.000828655;0.00110338;0.00422718;0.0909676;0.00649914;9.5729e-05;0.0117145;0.00675058;0.0478979;0.0172583
1.29727e-08;8.20573e-06;0.999988;3.84087e-07;2.71457e-08;9.27444e-08;7.18654e-08;4.91112e-08;4.3435e-09;6.0125e-08;5.41338e-07;2.27548e-06;3.77886e-08;4.96685e-09
3.63036e-06;0.99229;6.30387e-09;1.95781e-06;4.32552e-07;1.42862e-06;0.00557742;0.00158876;8.89017e-06;5.49325e-05;0.00032824;1.59506e-06;0.000105906;3.68128e-05
1.09144e-08;2.02144e-08;0.999998;8.30096e-09;1.45994e-08;4.66077e-08;1.35702e-08;1.70557e-08;4.49015e-10;6.05214e-09;7.15436e-08;7.87982e-07;7.55107e-07;2.75984e-11
1.20319e-05;0.0479251;6.70555e-05;5.24203e-06;0.00015282;0.000739961;1.04764e-05;0.00271343;6.62844e-06;3.47877e-06;4.19473e-05;0.00306988;0.94389;0.00136235
3.70019e-07;0.000408999;9.52271e-12;1.02658e-06;6.47037e-06;1.5824e-05;6.2752e-07;0.000276347;3.66143e-06;2.92423e-07;4.34686e-05;6.16719e-05;0.99918;9.16729e-07
3.76213e-05;0.0001747;2.38928e-05;6.93748e-05;2.05224e-05;2.36761e-06;1.39701e-06;6.24615e-05;9.60831e-05;3.60996e-06;0.000218305;0.998953;0.000329083;7.14684e-06
3.10571e-05;0.998604;9.06236e-05;0.000121956;2.38407e-05;4.29554e-06;2.05099e-05;0.000505796;1.94002e-06;1.48745e-05;1.85988e-06;0.000530792;3.22707e-05;1.58348e-05
1.65332e-06;0.993217;5.11449e-09;1.59364e-07;7.54238e-09;9.99253e-07;4.21233e-06;5.35564e-07;1.12544e-07;7.84089e-07;3.67666e-07;0.000212038;0.00655925;2.66824e-06
1.8621e-06;0.00167446;3.02027e-06;6.41051e-07;3.39638e-05;0.000293652;1.83412e-06;0.00011774;8.54265e-07;2.98935e-07;3.76641e-06;0.995404;6.92349e-05;0.00239507
6.2026e-06;0.883025;3.57732e-10;4.30941e-06;4.71669e-05;7.04395e-05;0.000681404;0.11142;0.000135633;2.57766e-05;3.20457e-05;7.75164e-08;0.00318362;0.00136803
1.24791e-07;1.25908e-07;0.999962;3.08084e-08;1.64492e-07;1.25512e-07;1.67262e-08;1.90589e-06;6.93767e-09;1.33427e-08;7.05848e-08;3.16275e-05;3.46091e-06;2.59171e-10
7.15277e-05;0.109274;0.000318134;1.0354e-05;0.000320027;0.000602859;1.14135e-05;0.00677444;0.000167783;3.62415e-06;0.00011496;0.0196165;0.860163;0.00255085
7.88906e-07;0.000348741;1.73332e-11;1.80209e-06;7.77701e-06;1.11073e-05;2.70871e-07;0.000139278;1.30065e-05;1.96157e-07;9.67306e-05;0.00048478;0.998893;2.56172e-06
7.30115e-05;0.000573763;6.96905e-06;4.13857e-05;1.06636e-05;9.73525e-07;1.77289e-06;4.61596e-05;0.000243075;2.22116e-06;0.000379943;0.997777;0.000839394;4.05538e-06
6.69133e-05;0.99732;0.000208636;0.000179494;5.08067e-05;2.03754e-06;9.09971e-05;0.00187013;7.32132e-06;2.1101e-05;4.70208e-06;4.90826e-05;8.39919e-05;4.49045e-05
1.61356e-05;0.000926508;9.48299e-11;4.05936e-07;2.38321e-06;2.95071e-07;4.36769e-07;0.998511;0.000234322;2.80933e-07;5.80426e-06;2.28503e-07;0.000298448;3.78242e-06
4.50534e-07;0.000181292;2.68481e-07;9.69351e-07;1.86408e-06;2.69799e-07;1.19173e-09;7.20078e-07;9.21272e-07;3.60778e-08;7.85923e-07;0.9998;2.44597e-06;9.96109e-06
9.54506e-06;0.999775;1.66715e-06;2.44312e-06;3.48036e-06;5.73261e-07;7.73849e-06;3.91342e-05;5.89625e-07;2.34398e-06;2.1423e-06;3.80387e-05;2.10436e-05;9.61176e-05
1.42253e-08;3.08733e-09;0.999997;6.52981e-09;3.09411e-08;1.35285e-08;7.37631e-09;1.11443e-07;8.02261e-09;5.02452e-10;2.77106e-07;2.60118e-06;7.69553e-09;5.17942e-11
7.47171e-06;0.0999141;9.04294e-07;1.20243e-05;0.0004715;0.000846341;1.3276e-05;0.338958;0.000296406;7.66355e-07;0.000179876;0.000934316;0.553669;0.00469592
2.03401e-07;0.00123938;4.93296e-11;2.66006e-07;1.6525e-06;2.62873e-06;1.36619e-08;0.00113958;7.89496e-07;3.76759e-08;1.59732e-06;3.14831e-05;0.997582;6.91302e-08
5.16772e-06;0.000362637;1.0574e-06;7.64118e-06;1.31976e-05;2.01037e-06;1.52953e-08;1.99243e-05;1.18138e-05;2.54122e-07;4.97033e-06;0.999106;0.00045562;1.01277e-05
1.2712e-05;0.999742;8.74024e-06;2.92101e-05;8.96256e-06;7.73158e-07;4.43102e-06;4.11514e-05;2.70983e-07;3.26986e-06;5.76638e-07;9.85814e-05;4.65181e-05;3.24596e-06
2.59346e-06;0.996007;5.75228e-08;8.54828e-07;1.00015e-07;5.21029e-07;2.05508e-05;3.29709e-06;2.9546e-07;1.19664e-06;3.18076e-07;9.36919e-05;0.00386899;9.20977e-07
3.09804e-06;0.00804594;1.14565e-08;1.36926e-05;8.9099e-07;4.65869e-05;7.2012e-07;5.59353e-06;2.5154e-05;1.31627e-06;2.09162e-05;0.991683;4.79222e-05;0.00010553
5.2716e-05;0.995277;0.00039299;0.00017403;1.58618e-05;1.73003e-06;0.00189351;2.07247e-05;2.90191e-06;0.000345472;2.1973e-05;0.00055473;2.37954e-06;0.00124362
1.6706e-07;2.3352e-07;0.999942;3.27912e-07;1.04661e-06;5.46091e-08;3.46767e-06;7.97818e-07;3.03659e-07;2.63671e-08;4.97782e-05;1.43644e-06;2.31433e-08;4.2888e-10
0.000112534;0.66852;1.9089e-06;4.65769e-05;0.000874176;0.00206873;2.99182e-05;0.100098;0.000170616;5.34972e-06;0.00136147;0.00220481;0.222917;0.00158899
2.39431e-07;0.00131437;1.62989e-11;5.33147e-07;4.63031e-07;1.42698e-06;1.26582e-07;2.87647e-05;1.18281e-06;2.55264e-08;6.76083e-05;0.000240334;0.998345;2.80972e-07
1.16435e-05;0.00323083;3.71056e-06;7.12244e-05;1.36602e-05;4.87941e-06;1.052e-06;2.01427e-05;4.0152e-05;6.9679e-06;0.00011425;0.99603;0.0004077;4.40101e-05
1.7928e-05;0.998859;0.000467093;0.000261542;8.93833e-07;1.1217e-06;6.02073e-06;1.88868e-05;4.31336e-06;1.98602e-06;3.54728e-05;0.000253518;7.14974e-05;8.96791e-07
7.52702e-05;0.78537;8.08313e-06;5.75652e-05;1.78533e-06;1.00002e-07;1.79117e-05;0.00319615;2.94802e-05;6.11106e-07;0.000813883;0.195166;0.0152518;1.1628e-05
2.53342e-06;0.106991;4.53323e-08;2.9186e-05;0.0124064;2.98074e-06;2.25762e-07;0.879282;6.40836e-07;1.07015e-05;4.25669e-06;0.000312167;0.000524148;0.000432996
0.00130245;0.378189;0.420992;0.0308522;0.0467958;0.000100295;5.14446e-05;0.0122423;0.000372895;0.000365756;0.0112721;0.0728388;0.00305608;0.0215688
8.11743e-05;0.927112;1.6287e-06;2.1717e-05;4.67024e-06;2.94706e-08;0.000668523;0.00136931;0.000252948;2.17248e-06;0.0237563;0.0454528;0.000589714;0.000687293
3.79641e-05;0.678107;3.33477e-07;5.47299e-06;0.00122345;0.000410343;6.35299e-07;0.137099;4.23006e-06;3.53061e-06;3.0174e-05;0.0980424;0.0845355;0.000499717
2.50219e-06;0.00121407;2.57235e-10;1.698e-06;9.02853e-06;1.96891e-05;1.85402e-07;0.000192315;3.32034e-06;1.3663e-07;1.99798e-05;0.00176387;0.996763;1.02665e-05
3.19507e-05;0.00224983;1.75158e-05;0.000109749;1.0788e-05;5.36477e-06;1.43109e-06;3.13994e-06;0.000151238;1.03306e-06;0.000333473;0.996565;0.000515665;3.79762e-06
2.95797e-05;0.999712;9.42203e-05;5.40698e-05;2.86244e-06;2.78353e-07;8.44739e-06;8.73164e-06;4.26489e-06;1.79642e-06;4.10166e-06;2.56857e-05;5.35986e-05;6.47961e-07
8.66209e-07;0.977563;2.27804e-10;5.74826e-08;3.39445e-07;2.23054e-07;6.15559e-08;7.00225e-06;1.73671e-08;3.10612e-08;1.13207e-08;2.45571e-05;0.0224029;1.18775e-06
2.62613e-05;0.00505158;5.04168e-07;1.585e-05;0.00176456;0.0978034;2.90319e-07;0.00328041;3.60152e-05;7.89924e-05;1.85582e-06;0.284752;0.605784;0.0014043
0.000297458;0.31669;0.461273;0.00386466;0.000481861;0.00961773;0.17385;4.73315e-05;0.00034545;0.0232149;0.000583469;0.00423261;0.00485236;0.000649196
1.93733e-08;5.54219e-09;0.999985;5.53949e-08;2.86311e-09;4.76122e-09;3.94991e-07;4.06794e-09;2.62773e-07;8.21512e-09;6.57829e-07;1.37669e-05;2.79552e-10;3.51611e-10
0.000152472;0.93794;5.37499e-05;3.16598e-05;3.95581e-05;4.11379e-06;0.0211138;0.034028;0.00135159;0.0012253;0.00133687;5.28487e-06;0.000516972;0.002201
1.18326e-10;4.69783e-10;1;2.50138e-10;4.06277e-10;5.71934e-11;4.26287e-09;1.10634e-09;7.72994e-11;1.46469e-10;4.83917e-10;1.75003e-08;3.95455e-13;1.14296e-11
0.000194575;0.568067;3.64e-05;9.04878e-05;5.38323e-05;0.000117689;1.55899e-05;0.0176015;6.93936e-05;2.13151e-06;6.4015e-05;0.0298974;0.383379;0.000410788
1.99313e-05;0.777974;2.44475e-07;1.54434e-05;0.000264835;4.88396e-05;6.16442e-06;0.0138044;9.66824e-07;5.71162e-07;3.36251e-06;0.170767;0.0240279;0.0130661
8.50334e-06;0.937817;1.67966e-06;0.000137649;0.000255078;1.71524e-06;8.10503e-05;0.0510555;1.9253e-05;1.30096e-06;3.0263e-05;0.00632159;0.000570206;0.00369959
0.000130715;0.505534;0.000211854;0.000434631;0.00168102;3.80572e-05;4.26125e-05;0.00361294;1.95051e-05;5.77907e-06;6.18629e-05;0.138557;0.0054916;0.344179
4.70761e-05;0.110952;4.10164e-07;1.31228e-05;0.000121069;6.78321e-05;1.47066e-06;0.00391633;5.96849e-06;1.01619e-06;1.50458e-05;0.0182469;0.866546;6.56421e-05
4.49787e-06;0.0390127;1.71103e-07;1.11816e-06;4.84915e-06;0.00224047;6.0238e-08;0.00283866;5.81152e-07;2.83551e-07;1.23985e-06;0.000722854;0.95509;8.21284e-05
6.54782e-06;0.00138354;0.969057;6.66507e-06;0.000190026;0.000117301;1.4101e-07;0.000290658;1.35242e-08;3.04161e-06;6.31203e-07;0.0276963;0.000371644;0.000876971
3.98462e-05;0.858344;4.50462e-07;1.68887e-05;6.96669e-06;1.50268e-05;0.00762938;0.00073169;4.98719e-05;0.000472056;0.000836612;8.32516e-07;0.131768;8.85147e-05
1.37487e-07;2.40145e-07;0.999991;4.01813e-07;1.34501e-07;1.78166e-07;5.07733e-06;1.86943e-07;3.72108e-07;4.22747e-07;1.80953e-06;4.46625e-07;2.26951e-08;1.07074e-08
6.023e-06;0.999167;1.21957e-05;0.000130575;6.62605e-07;1.22071e-08;2.26772e-05;6.91411e-05;1.35087e-05;1.33409e-07;4.31283e-05;0.000395874;0.000133283;6.07015e-06
0.000160825;0.443543;2.35613e-06;0.00053988;0.000459566;6.88294e-05;3.37882e-05;0.264446;0.000241654;1.25724e-05;0.00107111;0.0105198;0.274293;0.00460722
4.82724e-07;0.985602;1.39962e-08;8.55725e-07;2.59047e-07;7.11702e-07;1.83566e-05;0.000401359;4.64885e-08;5.02728e-06;1.53673e-07;7.54057e-06;3.01706e-06;0.0139606
1.30568e-09;5.78498e-08;0.999996;1.30191e-08;8.00562e-08;7.96537e-09;1.62099e-09;1.21429e-07;1.08056e-10;3.10585e-10;4.57461e-09;3.82243e-06;2.79904e-11;3.41125e-09
2.79736e-07;0.667638;1.08608e-09;3.9432e-06;4.31113e-06;7.06104e-07;0.00111069;6.09507e-06;6.43552e-07;7.22325e-06;4.07477e-05;8.94205e-07;6.72802e-06;0.33118
0.000107268;0.113829;4.46911e-06;8.19711e-05;1.08962e-07;1.81783e-06;0.480593;8.73318e-05;0.00956647;1.78318e-06;0.372494;0.000258352;0.0229738;8.00295e-07
5.25639e-06;0.90779;4.54683e-08;8.10205e-07;3.43271e-06;5.83003e-07;6.38452e-07;4.915e-05;1.46243e-07;9.87716e-08;8.37823e-07;0.0122415;0.0786058;0.00130237
1.39294e-07;0.00245628;7.72002e-06;1.43413e-07;3.31739e-06;1.54255e-07;4.85258e-09;0.00698047;1.62366e-08;4.94183e-09;2.32975e-08;0.989092;0.00143852;2.09427e-05
1.81181e-06;0.221843;3.8544e-09;1.66858e-05;4.51179e-05;0.0065667;7.64922e-06;5.08409e-05;3.55575e-06;8.75726e-06;1.23207e-05;9.73053e-06;0.770838;0.000596071
0.000304129;0.00184878;0.415346;0.0005313;6.77548e-05;0.00150728;2.09732e-05;9.62955e-06;1.35528e-06;2.57838e-05;3.1685e-05;0.572814;0.0069605;0.000531125
1.92109e-05;0.987144;8.73708e-07;5.94992e-05;0.000177227;0.000487168;0.000114977;0.00194814;9.9694e-05;1.23432e-06;0.00038876;0.00104746;0.00788489;0.000627222
0.00011786;0.0739123;7.59986e-06;1.47044e-05;0.000252145;2.55236e-06;4.8418e-06;0.89764;4.61796e-06;3.96303e-06;4.3887e-05;0.00454369;0.0234479;4.14134e-06
5.40133e-07;0.994547;5.01718e-10;5.89066e-07;2.30673e-07;4.30719e-07;0.000217662;2.59086e-05;1.10749e-07;6.50186e-05;7.51846e-08;1.49866e-08;4.11624e-06;0.00513849
7.89842e-10;6.75729e-10;0.999999;4.11485e-09;1.52031e-09;7.21249e-10;3.36034e-09;1.28259e-09;2.52724e-11;2.26788e-09;6.2173e-10;1.19226e-06;1.83333e-11;4.13175e-11
0.00014481;0.0320135;2.18936e-06;4.76503e-05;0.000444114;0.00135816;0.00013824;0.951418;0.00084255;4.30045e-05;0.000840839;0.000325462;0.0120352;0.000346348
2.57059e-05;0.733595;6.5728e-08;3.52039e-06;2.51407e-07;2.12448e-06;0.265136;0.000100729;3.2097e-05;0.000625873;0.000191745;1.30772e-08;0.000233427;5.35151e-05
4.61965e-08;5.54944e-08;0.999994;1.59112e-07;3.76423e-08;4.92226e-08;4.21959e-06;3.43408e-08;1.1946e-07;2.25161e-07;2.06567e-07;6.77541e-07;2.4414e-10;3.66994e-09
1.59165e-06;0.998641;2.46309e-08;2.22925e-06;3.23962e-07;3.00541e-08;6.17106e-07;0.000133139;9.79149e-07;4.67383e-08;1.12971e-06;4.06055e-05;0.00117826;4.5869e-08
5.71039e-06;0.961044;4.19503e-07;3.36469e-06;1.53164e-05;4.80681e-07;1.51399e-07;0.00447021;1.0325e-06;6.21087e-07;1.71089e-06;0.000772016;0.0336153;6.94144e-05
2.54243e-06;0.794607;3.65744e-07;7.63779e-06;0.000173288;3.44545e-06;0.0904195;0.00206844;4.40285e-06;0.0065101;3.74295e-05;7.38085e-05;6.30817e-06;0.106086
1.14191e-09;5.23054e-11;0.999999;2.90142e-08;4.18393e-08;4.51898e-09;7.54077e-07;9.20177e-08;8.75959e-09;2.9735e-08;3.38609e-07;1.50837e-07;4.66324e-12;1.64241e-10
0.000323877;0.0217956;3.00546e-06;4.59116e-05;0.000271251;1.41488e-05;0.00112026;0.890613;0.000376857;5.22844e-06;0.00925922;0.000608714;0.0754719;9.09552e-05
7.12324e-05;0.195378;2.27894e-07;5.77914e-05;2.12604e-05;6.42804e-06;1.38798e-05;0.00487449;0.00293157;4.63421e-07;0.0067775;0.771322;0.0179765;0.000567786
1.75486e-05;0.970702;5.08879e-07;3.4441e-06;6.17012e-05;1.79789e-06;3.38834e-07;0.000202927;1.37044e-07;6.32332e-07;1.37115e-06;0.0130164;0.0157567;0.000234671
6.50041e-07;0.00438374;1.07541e-06;7.35633e-07;6.25019e-06;5.42844e-07;6.52777e-09;0.000827918;1.78094e-07;1.65914e-08;4.57948e-08;0.994285;0.000417537;7.59378e-05
6.0926e-05;0.0570813;8.49139e-08;0.000328859;9.26347e-05;0.0437426;4.36447e-05;0.00600275;0.000303566;5.20775e-05;0.000177895;0.000685772;0.890927;0.000500462
0.0019882;0.0799936;0.759027;0.000380552;9.22716e-05;0.0176197;9.19115e-06;0.000200553;7.34658e-07;1.13679e-05;3.59765e-06;0.0637492;0.0751203;0.00180358
7.6383e-06;0.965932;3.27786e-07;1.90149e-05;0.000101734;0.000465019;2.94075e-06;0.00237088;1.25102e-05;3.69715e-07;8.70229e-06;0.000229037;0.0149104;0.0159392
4.23097e-05;0.817502;4.1509e-06;3.46718e-05;4.20986e-06;4.12145e-05;6.72507e-05;0.00300769;1.05853e-05;0.00013678;8.96622e-05;0.000143625;0.178825;9.0035e-05
2.05021e-07;7.50873e-07;0.999981;1.94967e-07;4.30988e-08;3.18267e-07;2.68548e-07;5.87729e-07;1.0741e-07;6.33078e-08;1.42199e-07;1.58842e-05;7.70284e-08;7.59753e-10
1.15629e-06;0.954489;3.92595e-08;7.40724e-07;1.62565e-07;7.40705e-07;4.53233e-07;7.60606e-05;8.31678e-07;1.05938e-07;8.56692e-06;0.00197094;0.0434494;2.07654e-06
1.65055e-06;0.159031;2.35057e-07;1.41734e-05;4.22965e-05;1.33724e-05;1.82982e-06;0.799654;2.56464e-05;5.59074e-06;0.000105512;0.0224092;0.0186278;6.81921e-05
4.59322e-05;0.367125;5.01483e-05;0.0187329;0.00655859;0.240653;0.00196331;0.000997965;0.00331199;0.00296872;0.0674925;0.00516718;0.0189687;0.265964
0.00157824;0.0165955;1.24621e-06;2.08096e-05;7.05167e-07;1.33277e-07;0.000237144;0.971657;0.00704618;1.16709e-06;0.00204813;0.000222292;0.000589803;1.88571e-06
2.82474e-06;0.990522;2.8249e-10;2.12727e-06;8.90003e-05;2.28392e-08;2.57788e-08;0.0017861;9.83892e-07;2.04092e-06;1.04003e-07;0.00151063;2.38814e-07;0.00608371
3.99245e-06;0.000622856;0.00196669;5.6051e-06;0.000146601;0.000844874;1.05991e-08;5.31851e-06;3.04319e-08;8.19545e-07;1.0119e-07;0.994036;2.74608e-05;0.00233919
0.000115247;0.00527362;2.98843e-09;1.3065e-06;3.40705e-05;6.26971e-05;1.61236e-06;0.00164121;5.52628e-05;4.60988e-08;9.22191e-05;0.000159951;0.992559;4.09909e-06
0.000116022;0.00128192;1.56797e-05;7.01018e-06;8.94132e-06;1.27284e-06;1.27134e-07;0.00105454;5.51272e-05;3.59222e-07;2.29268e-05;0.982699;0.0147183;1.93505e-05
3.56134e-05;0.0107147;1.4397e-07;9.69979e-08;0.000166807;4.78366e-07;8.04095e-09;0.988047;2.0868e-07;1.35723e-07;8.41824e-08;0.000452837;0.000350569;0.000231596
1.02041e-05;0.727267;0.00220904;9.42722e-05;0.0025012;0.00115408;0.000749667;0.0858031;1.19529e-05;0.000865447;2.31466e-05;0.0237236;0.0125872;0.143
4.17154e-10;8.80745e-09;1;2.73881e-09;1.77561e-10;1.61831e-10;3.81071e-09;3.83221e-08;5.78851e-10;4.59886e-10;1.07428e-08;6.14361e-09;7.14877e-09;8.16162e-12
2.70301e-08;3.40956e-07;0.999794;2.05064e-08;4.61458e-08;1.33414e-09;4.95398e-09;2.55814e-05;2.0668e-08;3.30037e-09;2.19671e-08;0.000179298;3.94407e-09;5.20694e-07
2.61001e-07;0.000298643;9.70816e-06;3.27946e-08;8.94303e-05;0.000133179;8.53365e-10;5.83433e-05;7.05495e-09;3.21641e-08;3.83366e-08;4.12135e-05;3.36019e-07;0.999369
8.37175e-05;0.000801783;5.6659e-08;4.98811e-07;3.42926e-05;1.32953e-05;6.35733e-08;0.993904;5.66698e-06;3.8363e-08;1.43841e-05;1.4455e-05;0.00512785;4.0469e-07
0.000169497;0.953225;0.000527204;0.000160382;0.000132237;1.51278e-06;8.02719e-07;0.0451154;4.60844e-07;6.83054e-06;3.12898e-07;1.82549e-05;0.000292596;0.000349811
1.18552e-06;0.991736;9.47173e-09;1.23718e-05;1.29165e-07;1.19746e-07;9.411e-06;0.00128956;1.223e-06;7.77882e-06;1.77096e-05;0.000411538;0.00647567;3.75163e-05
3.03549e-07;0.00209846;3.32493e-09;0.000114463;0.000106825;0.000343626;6.62362e-07;5.71946e-05;2.53333e-06;4.52136e-06;0.000473774;0.000484585;0.996304;8.71289e-06
0.000124849;0.00135017;0.995818;0.00207013;9.71051e-05;1.25667e-06;2.15909e-06;4.63512e-06;1.52206e-06;2.52496e-05;6.36156e-05;0.000392502;1.05796e-06;4.74972e-05
0.000666547;0.0846052;2.53823e-07;0.000195671;7.65384e-05;6.44457e-05;3.95333e-05;0.892366;0.00209678;2.44314e-05;0.00679847;0.000328806;0.0121314;0.000605816
2.41302e-05;0.00124634;1.29987e-09;2.56772e-06;8.44142e-06;8.04124e-07;3.30184e-07;0.886771;4.98088e-05;4.7915e-07;0.000117138;1.2375e-05;0.111767;1.97003e-08
0.000127197;0.998337;9.40856e-06;0.000219935;3.54229e-06;1.37868e-06;1.90896e-06;0.000562605;5.33014e-06;1.04147e-06;7.11419e-06;0.000228801;0.000478551;1.65946e-05
9.67463e-05;0.660337;7.11221e-07;4.73043e-05;0.000738888;3.74639e-05;7.23757e-07;0.291237;1.37892e-05;1.79099e-06;5.02018e-05;0.0119829;0.023992;0.0114641
2.27434e-06;0.994014;1.47024e-08;3.23051e-06;2.22398e-07;1.33067e-06;0.000275088;8.85748e-05;4.0334e-07;3.66499e-05;5.89724e-05;8.33157e-09;4.33921e-06;0.00551525
1.7491e-09;6.46868e-09;0.999999;5.18913e-09;4.48306e-11;4.62464e-11;1.16631e-07;1.95368e-09;1.42462e-09;1.59578e-09;1.32514e-07;9.43158e-07;3.88185e-11;1.12593e-10
6.36549e-05;0.10013;3.32765e-07;0.000564733;2.17863e-05;6.47552e-05;0.000920321;0.00305819;0.0119974;1.28672e-05;0.79699;0.00113501;0.0849817;5.91471e-05
2.272e-05;0.00959993;7.07546e-08;1.33689e-05;0.000147811;3.04812e-08;0.000107737;0.989237;8.68245e-05;2.27926e-05;0.000671212;4.32396e-06;5.08323e-05;3.57786e-05
4.43143e-06;0.000125037;0.994663;0.000358114;0.000414242;6.62158e-05;3.6636e-07;2.67016e-05;2.47454e-06;3.94413e-06;0.000138165;0.00403261;9.92803e-05;6.56005e-05
2.70813e-06;0.997245;1.41404e-08;1.40465e-06;1.25553e-06;4.42651e-07;1.69531e-05;9.0505e-05;5.55495e-06;1.06035e-06;0.000682115;0.000143082;0.00148216;0.000327565
3.08405e-05;0.0114734;2.86539e-07;1.2601e-05;0.215499;3.12284e-05;4.55122e-05;0.756837;5.77053e-05;0.000504751;9.42001e-06;1.93923e-05;0.000105376;0.0153725
6.95108e-05;0.00017565;0.998447;2.15878e-05;6.7071e-05;9.07589e-07;9.13423e-07;4.68769e-05;4.45338e-05;8.72031e-07;1.61878e-05;0.00110439;3.85107e-06;9.63851e-07
0.000514365;0.352155;2.49246e-08;1.43537e-06;2.25713e-06;9.05536e-07;2.9496e-05;0.638774;0.00724913;1.56868e-06;0.000171335;0.000419247;0.000159172;0.000522342
7.94015e-05;0.00152747;3.65013e-09;7.89295e-07;1.5573e-06;7.77199e-08;8.44943e-07;0.978758;0.00068796;7.52326e-08;1.95911e-05;7.10988e-05;0.0188526;3.3978e-08
0.000143471;0.98891;1.65645e-08;6.63265e-05;1.07059e-05;1.67614e-07;2.0489e-06;0.00108688;0.000386979;3.4821e-06;6.6979e-06;0.00736095;2.72035e-05;0.00199521
9.92539e-05;0.878374;2.08859e-06;2.02984e-05;4.51506e-06;1.36823e-06;1.00839e-05;0.000527917;2.07756e-05;1.79919e-06;1.84294e-05;0.0122753;0.108482;0.000162417
2.48208e-06;0.34022;7.07115e-07;4.68475e-06;2.56151e-06;1.52387e-05;3.5404e-07;0.00189007;2.49527e-06;6.57739e-07;1.19592e-06;0.65666;0.00040186;0.000798081
2.59427e-05;0.0430021;4.96659e-05;7.48725e-05;0.144274;0.0762549;1.03292e-05;0.00187533;4.13217e-06;5.35604e-05;6.36877e-06;0.0424805;0.0433686;0.64852
1.94964e-05;0.0207254;1.2563e-05;3.07004e-06;4.07338e-06;0.00012622;2.75392e-05;2.86225e-05;7.60766e-05;4.19833e-06;4.96871e-05;3.76604e-05;0.978882;2.81459e-06
0.000144584;0.0104082;0.97903;0.000234161;8.13199e-05;4.93324e-05;0.000337611;1.77982e-05;1.27381e-05;0.000473241;2.13134e-05;0.00860939;8.82921e-05;0.000491697
1.38433e-07;5.01657e-08;0.999991;1.12297e-07;6.47492e-08;3.88607e-09;5.50907e-06;1.12162e-08;3.95588e-07;2.41498e-08;2.52358e-06;1.33255e-07;1.26998e-10;1.20308e-08
3.27744e-06;0.99655;9.96164e-07;2.4378e-07;2.83101e-08;6.55085e-09;1.08747e-06;0.000449206;6.33967e-06;2.51924e-08;7.31325e-06;0.00269705;0.000283827;5.88386e-07
6.50406e-06;0.0414238;6.35219e-09;1.15094e-05;8.097e-05;7.09708e-07;0.00257519;6.72867e-05;7.1107e-06;0.00128897;2.9108e-06;0.000517389;2.56609e-06;0.954015
1.39132e-05;4.61384e-05;0.998469;4.23737e-06;1.3694e-05;1.3347e-07;0.000620551;5.06327e-05;3.80524e-05;7.30794e-07;7.55395e-05;0.000665458;2.08543e-06;1.26575e-07
1.87471e-06;0.992101;5.36217e-05;4.93525e-07;2.02626e-06;7.59454e-08;2.01561e-06;3.30672e-06;2.00787e-08;4.73992e-07;3.87893e-08;1.67242e-06;0.00783107;2.1308e-06
7.57927e-07;0.000906543;5.72272e-09;1.21434e-09;1.12547e-08;4.8555e-10;2.90316e-08;2.72296e-06;5.59055e-08;4.29751e-10;9.6533e-10;0.999061;2.77255e-05;1.50555e-06
1.95119e-06;0.000753821;6.17322e-11;2.88713e-08;0.000479489;3.61131e-07;1.41189e-07;0.998294;3.01827e-05;3.3935e-08;3.94766e-08;0.000202078;0.000235029;2.30941e-06
1.74958e-06;0.989433;0.00749331;1.75663e-06;0.000187358;9.57591e-05;2.3972e-07;0.00153093;5.89841e-08;3.68111e-06;5.20423e-09;1.16387e-06;0.00113005;0.000121304
4.52826e-09;5.27027e-09;1;6.50503e-10;1.43712e-08;7.38724e-09;1.33204e-10;1.66439e-08;8.76314e-10;5.18847e-11;8.79372e-10;1.47433e-07;1.97828e-09;3.70733e-09
1.06176e-07;2.72401e-06;0.998561;2.53054e-07;1.14099e-07;2.8452e-07;3.25716e-08;0.000100107;5.08848e-07;9.55636e-09;8.63072e-07;0.00132224;2.46512e-07;1.14634e-05
3.14488e-09;3.65778e-05;2.0965e-05;2.28166e-08;2.68185e-06;0.000146949;3.29046e-11;2.97064e-07;1.37897e-11;5.4374e-09;1.42028e-09;3.267e-05;3.10298e-08;0.99976
3.66036e-07;0.0133608;7.74046e-08;3.61286e-07;3.25802e-06;2.60674e-05;1.71322e-08;0.000200302;7.15712e-09;7.04729e-09;5.26589e-06;6.25939e-05;0.986337;3.57619e-06
4.7009e-07;0.00560664;6.09808e-09;4.67923e-06;0.000183261;0.000116758;1.05074e-08;0.990795;5.38019e-07;1.74447e-07;9.15495e-06;7.48735e-05;0.00294567;0.000262745
1.95466e-05;0.669915;5.09283e-07;4.20665e-05;1.83999e-05;9.01927e-05;2.67028e-06;7.23139e-05;2.12496e-07;4.62895e-06;4.21543e-05;0.033419;0.296277;9.63459e-05
0.0002978;0.128642;0.000452074;1.9336e-05;0.000717863;1.77428e-05;1.215e-07;0.00438665;9.95336e-07;4.10675e-06;1.10256e-06;0.863473;0.00120048;0.000786775
4.47138e-05;0.0491664;1.61235e-06;2.67234e-05;0.000637906;0.000158325;7.11185e-06;0.941668;0.000204357;6.50585e-06;3.37905e-05;0.00220302;0.00569744;0.000144113
2.59804e-05;0.00722935;4.25695e-10;1.23378e-05;0.000219159;1.20562e-05;5.7925e-07;0.966568;0.000274854;2.6035e-06;6.92518e-05;5.99521e-06;0.0255608;1.8977e-05
1.73144e-05;0.995537;0.00160069;1.72757e-05;8.85069e-06;2.149e-05;1.92605e-05;0.00204193;2.12445e-07;0.000116746;7.06722e-08;2.61478e-05;4.56538e-05;0.000547024
1.40403e-08;1.24901e-07;0.999999;3.0964e-08;8.37746e-09;9.75569e-09;1.07121e-08;4.5873e-08;5.06933e-09;3.74615e-09;5.60183e-08;2.08565e-07;3.91699e-08;4.83217e-10
7.26176e-08;2.213e-06;0.999154;3.94988e-07;1.39639e-07;7.90153e-08;1.60277e-08;0.0003045;4.02655e-08;1.65086e-08;2.35591e-07;0.000536969;3.07518e-08;1.6237e-06
5.41038e-08;5.76683e-05;0.000339172;2.84012e-07;3.08922e-05;0.00062172;2.69489e-09;1.01204e-05;6.44217e-10;7.71993e-08;2.57889e-08;3.17003e-05;1.16195e-07;0.998908
1.8196e-05;0.0020664;8.37084e-08;5.27265e-07;2.60837e-06;5.06789e-05;5.02503e-08;0.00155668;1.31724e-07;1.42962e-08;9.70562e-06;0.000267514;0.996024;3.79418e-06
1.05152e-06;0.974998;6.50324e-09;6.03788e-06;1.321e-06;3.23937e-06;0.000765192;8.55505e-05;4.99597e-09;0.00154177;1.30872e-08;6.96401e-08;1.06044e-05;0.0225871
1.24015e-11;2.13497e-12;1;1.74223e-10;1.2194e-10;9.00564e-11;1.92076e-09;5.02975e-11;1.17097e-12;8.05066e-11;3.9932e-11;4.24178e-09;2.64101e-14;2.46156e-13
2.04704e-06;0.97928;6.40564e-06;4.7696e-06;3.01594e-07;2.05471e-05;4.49642e-07;7.36436e-06;7.00138e-09;1.44398e-07;2.07165e-07;9.32973e-06;0.020667;1.68135e-06
1.88915e-07;0.000345796;8.84975e-07;1.33592e-07;2.04412e-07;3.54469e-08;1.71918e-08;0.000552385;1.4556e-08;1.27922e-09;4.10269e-07;0.998836;0.000263356;1.07914e-06
5.45896e-06;0.00037006;2.4207e-07;5.55093e-05;0.0679298;3.76016e-05;0.000120833;0.931125;1.38303e-05;6.27455e-06;9.64928e-05;6.37279e-05;5.02883e-05;0.000125347
5.03111e-05;0.0155285;0.973552;8.70192e-05;0.000509424;0.00059561;0.000739571;0.00159023;1.49719e-06;0.00038792;2.62945e-05;8.34554e-07;0.000319504;0.00661141
3.20818e-09;1.69229e-10;1;2.20608e-10;1.21453e-09;1.27649e-10;1.52218e-09;2.93796e-09;2.73362e-10;2.00494e-11;1.41222e-08;9.90322e-09;9.50045e-11;5.87801e-12
4.01328e-07;0.00013972;0.000111313;4.7911e-07;4.37064e-07;1.32822e-07;8.09788e-09;0.000402242;8.55388e-06;2.58803e-08;2.3437e-05;0.999284;1.02698e-05;1.86168e-05
2.42059e-07;0.977746;2.91656e-09;4.08927e-06;1.05567e-05;9.65942e-05;6.57381e-07;0.000136292;1.9324e-06;6.37036e-06;4.66141e-06;1.52301e-06;0.0219275;6.35258e-05
3.31456e-07;0.000553081;0.000701422;2.14639e-06;0.000217957;1.50696e-06;4.02058e-09;1.10402e-05;1.31449e-09;1.88235e-08;4.83825e-08;0.998385;2.96693e-05;9.80185e-05
2.44945e-05;0.874885;5.68724e-07;1.33743e-06;9.00009e-06;0.000142387;0.010055;0.0381665;1.86465e-05;5.58584e-05;1.20868e-05;3.72976e-09;0.0766141;1.49094e-05
4.43718e-10;2.25192e-10;1;1.37872e-09;9.09906e-10;1.04452e-09;3.84103e-10;5.41668e-08;2.05898e-10;1.02234e-10;2.3717e-10;1.78698e-08;1.191e-10;4.84527e-13
7.55099e-07;0.00153384;0.0141119;5.27024e-05;3.41046e-06;2.53248e-06;9.89497e-08;3.64752e-05;1.70452e-05;1.28157e-06;1.33023e-05;0.983883;1.32392e-06;0.000342686
1.49183e-06;0.988952;4.66196e-11;6.44305e-07;6.37696e-06;4.88454e-06;2.41309e-05;0.00124766;1.77191e-07;9.94639e-06;7.33512e-07;1.80742e-10;9.00571e-05;0.00966165
4.28084e-10;5.02529e-10;0.999986;6.39509e-10;1.03384e-09;7.08386e-12;1.16333e-10;8.78616e-10;6.12553e-12;1.19909e-11;6.94431e-11;1.41421e-05;3.45426e-12;3.45892e-11
4.40574e-08;2.31311e-06;8.34635e-09;1.93072e-08;1.50412e-05;1.12219e-09;1.24558e-11;0.999941;1.4126e-08;1.23952e-11;1.8369e-09;3.93573e-05;1.37362e-07;1.76414e-06
9.17864e-09;4.9372e-05;6.07185e-08;2.52673e-09;9.69743e-06;1.86691e-08;2.88453e-10;0.999921;9.19538e-10;3.24757e-09;5.75862e-11;4.28133e-10;1.95905e-05;5.38223e-09
1.77229e-07;0.000524245;0.999081;1.89822e-06;3.07199e-05;3.23106e-05;3.67664e-11;2.9457e-06;6.95538e-11;6.3864e-08;3.13875e-09;0.00028297;1.30209e-05;3.07903e-05
1.0773e-06;0.98669;1.60453e-06;2.02811e-06;1.44535e-06;1.54111e-06;8.26317e-06;0.0129922;1.27728e-05;1.01179e-07;3.60492e-05;0.000114458;0.000119265;1.95754e-05
