8.12184e-07;0.992824;9.00608e-10;4.91965e-08;1.81996e-09;1.76113e-08;2.0141e-06;9.25209e-07;1.16463e-07;1.45625e-08;2.29205e-07;2.23193e-05;0.00714924;3.74998e-08
4.80692e-05;0.912165;2.97445e-08;0.000921268;0.00192132;0.000619278;9.05053e-07;0.0167517;0.000426438;7.75597e-06;5.12437e-05;0.0379399;0.00497677;0.0241703
5.86229e-05;0.00656804;0.000321974;1.82975e-05;1.26309e-05;6.65228e-06;1.15209e-07;2.29632e-05;6.78645e-06;4.63733e-07;1.30111e-05;0.991839;3.76953e-05;0.00109378
1.98671e-05;0.983575;2.46279e-07;3.03034e-06;0.000265438;1.41919e-05;5.53034e-06;0.00300855;1.10185e-06;1.72455e-06;2.10893e-06;0.00133933;0.0101698;0.00159459
4.48325e-05;0.917707;9.65372e-06;0.000417912;3.67849e-05;0.000219205;1.74837e-05;0.0110691;0.001783;4.02218e-05;0.000597542;0.049135;0.0156793;0.00324292
0.00015942;0.00201281;1.06726e-07;1.1839e-05;5.43756e-05;3.32152e-06;1.18881e-06;0.997382;0.00028713;5.75259e-07;7.11025e-06;5.93005e-05;5.39394e-06;1.53023e-05
3.60509e-06;0.997359;2.599e-09;1.77156e-07;9.96385e-08;3.11392e-09;7.60607e-06;1.32864e-07;4.63294e-08;6.41352e-06;2.17659e-08;5.93319e-06;3.29676e-08;0.00261688
4.93586e-08;8.3138e-06;0.999991;2.47931e-09;1.32815e-09;7.59818e-08;4.54498e-07;4.70836e-08;3.43778e-09;3.51398e-09;4.9321e-09;9.65696e-09;1.93314e-07;1.13061e-08
1.67087e-08;5.6779e-09;0.999997;6.9697e-10;6.61522e-09;4.08616e-10;2.78295e-10;2.59472e-06;7.52966e-09;7.2338e-11;9.2915e-10;4.07747e-07;2.86895e-08;1.88825e-11
6.3546e-07;5.10248e-05;0.00291599;1.20749e-07;2.5988e-06;6.76466e-08;6.89301e-08;0.000102274;8.66644e-07;1.53335e-07;4.5655e-09;0.00301708;3.66793e-07;0.993909
2.50945e-06;0.000261698;1.26679e-10;5.02259e-08;0.00125445;3.53164e-05;1.83947e-07;0.998169;0.000212204;1.62489e-08;2.76532e-07;2.03114e-06;5.95545e-05;2.66916e-06
5.29166e-08;6.00876e-06;0.999779;3.62957e-08;5.34586e-05;1.98756e-06;4.202e-11;1.20161e-07;2.55454e-11;3.62519e-09;1.00161e-10;0.000142074;1.26556e-06;1.64429e-05
2.50188e-07;0.998572;2.00794e-06;2.42424e-08;5.07707e-07;2.36197e-07;6.51697e-07;0.000482809;1.59112e-07;1.80581e-10;6.41433e-08;1.6193e-05;0.000923597;1.69165e-06
1.78044e-08;0.771327;1.26025e-08;2.23436e-07;8.65319e-06;5.57331e-07;4.36114e-07;0.227436;2.35431e-08;3.49067e-06;6.37399e-10;1.58594e-07;0.000554157;0.000669677
5.54481e-11;2.89557e-10;0.999983;3.70794e-09;1.05664e-09;9.46079e-11;2.57705e-09;2.54134e-09;9.88727e-11;3.42461e-10;6.70704e-10;1.68464e-05;2.3868e-11;1.67525e-10
2.78953e-06;0.189651;5.31213e-07;1.18284e-06;5.41917e-05;9.1065e-08;5.08355e-07;0.805477;1.0511e-07;1.29177e-07;4.02828e-07;0.00119515;0.00333713;0.000280052
3.08703e-08;0.00114347;1.4583e-07;1.14111e-07;6.56938e-09;1.03561e-06;2.86097e-07;2.4382e-06;6.6465e-08;8.71394e-08;3.3072e-07;4.07654e-06;0.998847;5.09529e-07
5.33684e-06;0.000801511;0.937069;5.28402e-05;1.93361e-05;4.80802e-06;0.0002579;1.38153e-07;2.35111e-07;0.00060659;3.07798e-06;0.0601933;1.29725e-06;0.000984318
1.53286e-07;1.21698e-07;0.999921;1.95954e-07;1.00408e-07;1.85466e-08;7.01294e-05;1.0568e-07;7.92253e-07;1.3256e-07;6.94249e-06;6.33262e-08;2.03438e-10;1.15997e-08
2.46184e-07;0.99889;3.05453e-08;1.07959e-06;1.59491e-07;7.75354e-08;2.68399e-07;5.71142e-06;1.76579e-07;2.98068e-07;6.50364e-07;1.0764e-06;0.00109844;1.41861e-06
1.09885e-06;0.00095383;1.53886e-08;1.85028e-06;1.39652e-07;3.80091e-06;1.48558e-07;2.33425e-05;2.88901e-06;3.27768e-08;1.21439e-05;0.00167489;0.997324;1.4138e-06
2.31141e-06;0.000628129;0.997689;5.23407e-06;0.000167417;1.08681e-05;3.34023e-08;0.000131308;2.54822e-09;9.24393e-07;1.55691e-08;2.00025e-05;2.90261e-05;0.00131623
1.23468e-07;0.000173445;7.38598e-10;2.19537e-07;8.13229e-08;1.13569e-05;8.80431e-07;1.085e-06;1.27053e-06;7.48005e-08;6.70759e-06;3.10798e-07;0.999804;6.6465e-07
3.93338e-07;0.000397473;0.999417;9.65535e-07;3.5565e-07;7.75616e-08;5.66836e-08;1.06804e-06;9.68593e-10;2.22529e-07;2.07821e-09;6.58674e-05;1.81015e-07;0.000116631
9.89493e-07;0.994627;3.17474e-07;5.15843e-06;3.70109e-06;8.47136e-07;1.97637e-05;0.00249908;5.094e-06;8.49816e-08;2.71704e-05;8.15868e-05;0.00271961;9.87938e-06
4.82854e-06;0.215966;3.18534e-08;0.000153878;4.42653e-05;3.03068e-06;1.48129e-07;0.77851;1.19951e-05;6.33172e-06;2.57718e-05;0.00436984;0.00024049;0.00066351
1.78676e-05;0.00098829;3.23249e-10;2.75763e-07;9.7518e-08;1.15262e-07;1.00166e-06;0.997997;0.00026167;3.80688e-07;2.87104e-05;9.15668e-07;0.000703514;5.55473e-07
8.1319e-08;1.11825e-05;1.19211e-07;4.48128e-08;8.75882e-08;2.34878e-09;2.88013e-10;4.91502e-08;8.25849e-08;3.09977e-09;2.37858e-07;0.999987;4.59867e-07;2.663e-07
7.51571e-06;0.999621;2.00196e-06;2.61402e-07;1.64743e-06;1.05467e-07;7.69124e-06;4.32118e-05;1.88678e-07;2.03543e-06;6.36186e-08;2.50801e-06;1.8956e-05;0.00029277
1.02391e-08;9.19559e-10;0.999999;1.75178e-09;4.17648e-09;1.3819e-09;1.04774e-08;2.71948e-08;1.80328e-08;2.2314e-10;2.80191e-08;1.3094e-06;8.3153e-10;3.11839e-11
1.415e-05;0.0395281;9.10121e-07;1.56272e-05;0.000446428;0.000389534;2.62142e-05;0.904444;0.00496157;1.10604e-06;4.90352e-05;5.59312e-05;0.0434136;0.00665415
1.78201e-06;0.0002117;1.51746e-09;1.63015e-07;2.301e-05;5.09861e-07;8.12726e-10;0.918155;5.74472e-07;1.11841e-08;1.71837e-07;1.2698e-05;0.0815924;2.30601e-06
6.6454e-05;0.232342;5.48744e-06;2.47813e-06;1.90783e-05;5.2788e-05;7.24566e-07;0.0212569;8.62571e-07;1.00302e-05;2.52722e-07;0.000717426;0.741426;0.00409941
2.76185e-08;1.85934e-07;0.999951;5.01275e-08;1.32171e-07;1.34508e-08;4.43125e-09;1.69637e-05;1.06959e-08;1.83242e-09;1.34484e-08;3.1516e-05;1.35801e-07;2.79003e-09
5.15548e-09;5.01921e-05;1.07553e-05;2.51123e-07;9.1817e-08;1.81993e-09;7.44557e-07;4.80557e-05;1.81259e-08;7.25243e-08;1.76763e-08;7.24916e-05;1.32033e-07;0.999817
9.65865e-09;2.27716e-06;2.06713e-11;2.50584e-08;6.31598e-05;6.24293e-07;4.8674e-08;0.999933;6.12069e-07;2.05307e-09;2.77024e-08;2.47217e-09;5.28401e-07;7.44208e-08
4.43242e-09;1.49419e-05;0.999903;2.44565e-07;1.25843e-05;1.77346e-07;2.04952e-11;5.2541e-08;1.98056e-12;1.03932e-09;1.28853e-10;6.74814e-05;3.4468e-08;1.49129e-06
7.71482e-09;0.999716;1.45868e-10;5.95623e-09;2.31559e-08;2.31662e-08;1.36469e-08;3.03581e-05;1.47175e-08;3.01169e-11;3.6224e-08;6.05466e-07;0.00025326;9.09868e-08
1.21469e-07;0.985272;2.46471e-11;1.16805e-06;1.41596e-06;5.9538e-08;3.65084e-08;0.000290367;1.48103e-09;3.25705e-08;8.49619e-09;0.000368803;0.0140547;1.13996e-05
1.21047e-06;0.978423;8.81537e-06;4.25264e-07;0.000192017;2.69559e-07;3.33571e-08;0.0179609;3.49318e-10;6.43504e-07;2.1589e-10;0.00105819;0.00133458;0.00102002
9.09856e-07;0.00202438;6.85596e-07;1.97714e-05;3.2569e-06;8.13556e-05;1.99549e-05;4.66532e-05;7.66343e-06;2.33261e-05;1.71565e-05;8.55267e-05;0.997651;1.80011e-05
1.18156e-07;7.94798e-05;0.999616;3.78436e-06;8.52841e-08;5.0033e-08;4.73534e-05;9.17656e-10;2.51972e-09;4.46013e-05;7.40193e-08;0.000207644;3.44362e-08;6.72728e-07
7.84751e-07;4.09002e-07;0.999763;6.51177e-07;2.25963e-07;1.26907e-07;0.000155758;5.26904e-08;7.40105e-06;1.16653e-07;7.10954e-05;6.65912e-07;1.5213e-08;4.74933e-08
1.00474e-05;0.0713378;4.83588e-08;1.54798e-08;9.18212e-06;8.5385e-08;3.26252e-08;0.925829;1.40693e-06;6.7307e-08;3.94971e-07;2.60728e-05;0.00277914;6.43596e-06
8.64061e-08;0.000566351;3.32234e-06;2.11361e-07;5.94749e-05;7.54025e-06;1.9202e-09;4.92954e-05;2.62147e-07;8.01367e-08;7.92842e-07;0.99366;1.10008e-05;0.00564195
5.86104e-08;0.994154;1.25702e-08;3.66391e-09;2.8268e-09;4.2771e-08;2.74646e-08;3.12882e-07;1.78131e-10;9.17643e-09;8.98808e-10;5.82488e-06;0.00583894;3.0062e-07
2.87469e-06;0.000442104;1.90072e-06;1.26912e-07;0.000594717;7.68662e-06;3.76445e-09;0.000427266;1.7286e-07;2.75801e-08;5.66703e-09;0.997508;6.74461e-05;0.0009475
0.00015795;0.0201842;1.40261e-07;3.4988e-05;0.0068281;0.000860174;3.41158e-05;0.9651;0.000564636;9.54196e-05;1.13423e-06;1.09804e-08;0.00477416;0.00136492
2.18405e-09;1.79796e-10;1;7.1981e-11;2.04691e-11;2.37489e-12;2.93804e-11;4.50417e-09;1.35505e-10;3.97725e-12;1.83186e-11;6.12816e-09;1.79712e-11;5.44744e-14
1.18455e-05;0.000470172;0.000264728;1.28951e-06;7.68676e-06;7.0183e-07;1.98475e-08;0.000387753;4.52626e-05;9.83714e-08;6.3835e-07;0.998599;6.97163e-06;0.000204063
1.38167e-05;0.00699075;6.32608e-09;8.80269e-09;0.00117743;3.60953e-06;2.8216e-08;0.99028;3.91294e-07;3.44138e-08;3.8541e-08;1.46345e-06;0.000484855;0.0010473
0.000388194;0.957921;1.15985e-06;5.54305e-07;0.000581828;2.56201e-05;0.000171876;0.0193368;7.29499e-06;0.000105624;9.08444e-08;0.00128983;0.0196983;0.000472079
8.12162e-09;6.08136e-10;0.999983;3.84762e-10;5.87067e-08;8.25843e-09;5.39721e-10;1.30811e-05;4.22723e-09;1.05087e-10;3.1452e-11;4.2238e-06;8.01998e-12;1.006e-10
5.85723e-05;0.0445863;9.18213e-06;7.79081e-06;0.000206842;1.37197e-05;4.24641e-06;0.951412;0.000127721;2.36906e-07;3.02498e-06;0.00254446;0.000995746;3.00303e-05
1.90832e-06;0.937434;5.94058e-07;2.67539e-05;8.03924e-05;2.88792e-06;2.07879e-07;0.0597036;1.17464e-06;1.25069e-06;1.82191e-07;0.00244506;0.000275375;2.70727e-05
4.28862e-05;0.0138308;1.5657e-08;3.15547e-06;2.33586e-05;3.15213e-06;2.11507e-06;0.981962;7.24268e-05;7.8009e-07;1.21004e-05;0.00181411;0.00222322;9.50616e-06
0.000102021;0.0237231;1.00131e-05;0.00132379;0.0017241;0.000402971;2.56587e-05;0.00936876;0.00952227;1.70698e-05;0.00288458;0.940371;0.00097862;0.00954609
6.01706e-06;0.98496;1.9684e-09;2.80114e-07;1.61258e-09;6.98899e-09;1.70048e-06;2.4482e-07;1.26003e-06;1.04534e-08;8.73289e-07;2.44672e-05;0.0150051;7.13376e-09
6.42898e-06;0.109499;3.56846e-07;1.80226e-06;3.49431e-05;1.08931e-05;1.94304e-08;0.000765571;1.32888e-05;6.85966e-08;3.55725e-07;0.883353;0.000715547;0.00559967
4.63099e-05;0.893408;1.88166e-07;8.25131e-05;0.00107117;4.92298e-05;5.72437e-06;0.0945955;0.000142428;4.28224e-06;0.000120658;0.000325708;0.001387;0.00876094
4.13936e-06;0.0109615;6.27249e-06;8.26116e-06;1.39565e-06;5.43197e-07;2.25995e-08;5.17578e-05;1.63322e-05;1.56567e-08;1.79957e-05;0.987725;0.00118564;2.13602e-05
9.04859e-05;0.331922;5.50156e-06;6.65069e-05;6.34087e-06;9.5688e-06;1.80442e-05;0.00251546;7.09383e-05;1.93133e-06;0.000100023;0.0350394;0.630104;4.99045e-05
0.000255122;0.0361099;8.34347e-06;1.15103e-05;1.89449e-05;1.18061e-05;1.4869e-06;0.0139565;0.000181483;2.05554e-06;4.23932e-05;0.945735;0.00270589;0.000959277
0.000100929;0.960674;0.000208925;0.00044312;0.000106292;0.00103023;0.000472238;0.0281287;2.45408e-05;0.000199911;4.24593e-05;0.000439898;0.00324524;0.00488416
9.00613e-06;0.161841;3.36354e-06;1.46961e-05;4.44002e-06;1.18096e-05;2.3338e-07;0.000776897;5.94698e-06;1.09308e-07;0.000248546;0.199181;0.637886;1.68795e-05
4.26739e-05;0.0283245;3.87473e-05;9.5452e-06;0.000283177;1.30652e-05;1.7083e-07;0.00243079;8.26565e-07;7.00635e-07;1.18314e-06;0.956707;0.0058633;0.00628407
0.00159398;0.425896;7.88747e-07;0.000678007;0.00140354;0.000166503;0.00164767;0.228767;0.222859;9.82953e-05;0.0125688;0.0552055;0.048642;0.000472387
0.000260775;0.904163;1.2601e-06;4.34826e-06;5.08248e-06;5.22927e-06;3.33316e-05;0.00690581;0.000430073;1.33486e-06;6.62523e-06;0.00281536;0.085351;1.68042e-05
0.000276202;0.234108;1.24756e-06;0.00109812;0.00704625;0.000635587;1.64722e-06;0.00821;0.00613891;7.68859e-06;0.000233992;0.0741179;0.0116869;0.656438
0.000654542;0.905681;9.18407e-06;1.81428e-05;0.000113987;4.63595e-06;2.84447e-07;0.0137995;5.3833e-05;1.22611e-05;1.00351e-05;0.0128304;0.0664617;0.000350258
2.12678e-05;0.914179;1.28631e-05;3.51293e-07;2.74291e-06;6.72294e-07;7.71336e-07;0.0218633;1.27905e-05;9.53734e-07;2.3324e-06;0.011287;0.0526133;2.71571e-06
1.17268e-06;0.001859;6.16925e-11;2.68238e-06;2.87803e-05;2.56653e-06;7.51691e-07;0.00167777;9.83471e-06;9.86768e-07;1.03595e-05;0.00773877;0.988666;1.67116e-06
0.00112083;0.0104627;8.91996e-06;0.00106524;3.17448e-05;5.49892e-06;0.000172037;0.000576767;0.0535236;6.84434e-05;0.0174891;0.914087;0.00138138;6.33386e-06
8.19351e-05;0.999151;4.85241e-05;2.49112e-05;1.6201e-06;1.32293e-07;3.50564e-06;0.000619028;5.19173e-06;2.20458e-06;1.18071e-06;4.60517e-05;1.10166e-05;4.0172e-06
9.50237e-07;0.998743;3.79259e-08;2.73457e-07;6.78852e-08;4.00218e-08;0.000204036;0.000214882;7.01186e-08;4.09297e-05;1.93883e-08;2.95802e-08;8.24523e-07;0.000794815
4.2301e-10;2.05109e-11;0.99999;1.10417e-10;8.1584e-09;4.52373e-10;5.11937e-11;2.0277e-09;1.28437e-11;9.70406e-12;4.05317e-11;1.04071e-05;1.47706e-13;1.17881e-11
3.78224e-05;0.479774;7.13977e-07;3.31926e-05;5.18139e-05;3.92946e-05;2.5301e-05;0.00146672;0.000229076;1.32999e-06;2.43783e-05;0.000319871;0.517477;0.000520244
4.29194e-05;0.503073;1.87984e-07;2.33482e-06;0.000240572;4.75138e-06;1.06208e-05;0.447403;5.56585e-05;6.31582e-06;2.11569e-06;0.00624972;6.4845e-05;0.0428444
3.47862e-06;0.00043318;0.990839;0.000234505;0.000934725;0.00287313;1.17618e-06;8.53396e-05;1.85685e-06;3.67642e-06;1.84832e-06;0.00377818;3.13523e-05;0.00077868
0.000347465;0.177704;2.39037e-06;1.41893e-05;6.4901e-07;1.10711e-06;2.47423e-05;0.000176973;0.000275725;5.18583e-07;0.00349978;0.00119921;0.816752;1.98622e-06
4.1349e-06;0.000619506;2.19603e-10;2.53315e-08;0.000339695;1.41902e-09;4.43874e-08;0.998993;2.51284e-06;3.27939e-08;5.88018e-08;3.6432e-05;1.46016e-06;3.23134e-06
3.79153e-06;0.00316402;0.99249;6.51725e-06;7.47315e-05;7.637e-05;2.80367e-08;9.09747e-05;1.55757e-07;5.67498e-07;1.76637e-07;0.00379019;0.000257356;4.53062e-05
7.24369e-07;0.000934988;2.22868e-12;2.64528e-08;1.02468e-06;3.99679e-06;6.20675e-08;3.18504e-05;7.88345e-07;9.25688e-09;6.4521e-06;3.96537e-06;0.999014;2.43893e-06
8.53823e-06;0.000271974;6.52386e-07;3.7368e-07;2.71357e-06;7.72356e-07;1.27373e-08;8.55716e-06;1.11105e-05;1.25606e-07;1.34136e-06;0.999429;0.000246481;1.80588e-05
1.01437e-05;0.998671;2.47512e-08;2.20402e-07;9.14637e-09;4.44495e-08;5.92461e-06;6.09632e-06;1.90506e-05;2.39912e-07;3.8387e-06;0.000117714;0.00116534;1.01764e-08
1.22918e-05;0.916638;1.03619e-07;6.3273e-07;2.14557e-07;3.57108e-07;3.1239e-06;0.0149003;2.29039e-06;2.94138e-06;8.44895e-07;0.0681532;0.000259058;2.65537e-05
3.28795e-07;0.0041507;3.87784e-09;2.33283e-06;6.33074e-08;6.04935e-06;0.990525;1.67582e-07;1.3902e-05;0.00523434;3.90115e-05;3.97282e-09;1.0139e-06;2.6569e-05
4.68479e-08;1.83693e-08;0.999828;6.45751e-08;7.4585e-10;8.57113e-09;0.000169432;7.78736e-09;4.04681e-07;2.14127e-07;1.33675e-06;5.6143e-07;4.46567e-11;5.76415e-11
2.09372e-05;0.967086;5.12247e-08;4.77315e-07;5.20518e-08;2.35554e-07;3.25569e-05;9.0491e-06;6.41528e-05;2.62707e-07;3.38478e-05;5.10332e-05;0.0327017;8.55484e-08
1.72483e-05;0.178708;3.05434e-06;1.63256e-07;8.28112e-05;5.45287e-06;2.61987e-07;0.0257834;2.82945e-06;7.88811e-07;7.45847e-07;0.79227;0.0011803;0.00194488
5.33618e-07;0.00455896;8.33546e-09;4.71529e-06;2.61554e-06;6.04909e-06;0.980971;6.13448e-07;6.52251e-06;0.0140963;1.6583e-05;2.81059e-08;7.44352e-06;0.000329045
1.12979e-08;1.48824e-09;0.999994;3.78018e-08;1.80847e-09;7.54242e-10;5.63073e-06;1.21803e-09;1.15158e-07;4.52382e-08;2.5589e-07;4.64913e-08;1.13302e-12;5.80034e-11
1.19846e-05;0.999437;7.84698e-08;4.23005e-06;1.47326e-07;2.79298e-08;6.82053e-06;9.04201e-05;8.96152e-05;7.68032e-08;1.14502e-05;2.26614e-06;0.000345286;6.84024e-08
1.16201e-06;1.37517e-05;8.07087e-12;1.66397e-09;1.58504e-07;6.49032e-10;4.57729e-09;0.999976;7.29446e-06;1.30811e-09;4.77461e-08;2.23047e-09;1.23376e-06;1.31399e-08
2.27886e-06;0.000123932;1.08461e-06;4.28798e-05;0.00197104;5.18816e-05;2.49106e-08;0.000274401;9.46704e-06;1.19525e-06;1.06906e-05;0.697604;1.01985e-05;0.299897
3.89305e-05;0.966233;8.09545e-08;0.00011874;5.32686e-07;6.40921e-07;0.000192132;0.000645047;0.00115687;4.39767e-06;0.000827277;1.77234e-05;0.030763;1.33308e-06
2.21119e-05;0.0294842;0.0599358;0.000161693;3.76116e-05;1.27505e-06;5.63374e-07;6.83699e-05;6.04973e-07;2.27745e-06;1.38046e-06;0.905672;2.87001e-05;0.00458367
0.000306587;0.0741566;6.66234e-07;7.42684e-05;0.000301898;1.79067e-05;0.000191121;0.886134;0.00135871;3.8738e-06;0.000338616;4.11126e-05;0.0362862;0.000788765
2.78647e-05;0.567248;9.00088e-05;0.0002418;2.58557e-05;5.74617e-06;5.5061e-07;0.000906933;4.98609e-05;7.22658e-06;3.40836e-05;0.422842;0.00161086;0.00690893
0.000622475;0.272216;3.8929e-06;0.000232757;0.000115956;0.000110983;7.52797e-05;0.0284594;0.000106874;8.87398e-06;0.000210063;0.029839;0.663844;0.00415511
5.54542e-05;0.0269884;7.48484e-06;1.08427e-06;1.6271e-06;2.13981e-06;1.39586e-06;0.000963632;4.45952e-06;2.63507e-07;4.66159e-06;0.966005;0.00590585;5.8575e-05
5.09329e-05;0.988709;3.91305e-06;1.63797e-05;8.90025e-05;0.00032014;5.01986e-05;0.000286636;3.63555e-06;1.62936e-05;4.77732e-06;0.00018954;0.00128707;0.00897201
0.000210998;0.417945;0.000818603;0.000112805;0.000114271;0.00125847;3.31249e-05;0.00321433;6.00481e-05;6.37645e-06;0.000478467;0.455591;0.111723;0.0084341
1.17669e-05;0.475988;5.13543e-06;9.42725e-06;0.000201128;0.000112061;1.20929e-06;0.000509253;8.11452e-06;5.70809e-07;8.47393e-06;0.51534;0.00708082;0.000724531
0.000604591;0.0374086;0.00113691;6.74572e-05;0.00938368;0.00220287;1.87592e-06;0.0361693;0.000132991;6.2837e-06;2.08987e-05;0.540592;0.367565;0.00470813
0.00580244;0.305059;0.00647864;0.000285271;0.00746993;0.00559357;0.00131766;0.116213;0.00129193;5.31834e-05;0.00031195;0.279221;0.265462;0.00543978
6.29453e-06;0.143737;7.22957e-07;1.37356e-05;0.00220904;0.00236615;4.09677e-07;0.00879181;8.28658e-06;6.6935e-07;4.88337e-07;0.000737093;0.164318;0.67781
1.13344e-06;0.00281223;2.80423e-09;3.32375e-06;5.58625e-05;1.13744e-05;1.97592e-08;0.00174904;5.71104e-07;3.58254e-07;1.98492e-06;0.00102964;0.994326;7.91855e-06
6.32267e-05;0.00204121;7.45942e-06;3.38526e-05;0.000250414;2.18757e-05;1.67805e-07;0.000685893;0.000105405;2.79873e-06;5.41428e-05;0.98793;0.00879308;1.01731e-05
2.50943e-06;0.997805;0.000483035;1.84424e-06;6.41259e-06;2.19868e-06;1.44242e-05;0.00152853;1.09418e-08;1.59479e-05;5.83924e-09;1.63356e-06;0.000124692;1.33459e-05
1.19623e-09;4.51364e-08;1;8.49822e-09;7.23137e-10;4.05527e-10;3.18972e-09;1.2643e-08;3.88579e-10;8.76097e-10;4.09622e-09;3.102e-07;5.95071e-09;2.93621e-10
4.6283e-08;4.67108e-08;0.998973;2.19744e-07;7.02268e-07;2.47089e-08;1.13981e-08;0.00022111;3.05832e-08;9.64828e-09;1.80564e-07;0.000799458;1.49037e-08;4.75362e-06
1.15218e-08;0.000167097;1.16749e-06;1.83816e-08;1.39424e-05;5.29638e-05;3.98727e-10;3.14135e-06;6.3432e-11;9.69788e-09;3.85292e-09;2.14506e-06;2.23688e-07;0.999759
3.7231e-05;0.0160356;3.45564e-07;7.62907e-06;0.000235407;6.47591e-06;7.93719e-07;0.373009;2.06531e-06;2.12879e-07;4.22299e-05;0.00549031;0.605131;1.45968e-06
3.50613e-06;0.849214;0.000270671;0.00029285;2.99528e-05;0.000294051;1.97225e-06;9.15199e-05;9.25889e-09;1.44281e-05;1.34499e-06;7.5225e-05;0.144647;0.00506265
1.07622e-06;0.279316;1.21824e-07;6.9314e-07;5.78306e-07;1.06275e-05;2.80826e-07;0.000562554;6.05788e-09;1.21252e-07;7.70173e-07;0.712763;0.00699024;0.00035406
2.37832e-05;0.922421;2.39246e-06;6.42074e-05;0.00105827;0.00159099;1.96637e-05;0.0250372;3.20153e-06;4.55977e-06;0.000928067;0.00114144;0.0455096;0.00219614
0.000432723;0.0309493;3.50979e-05;0.000447542;0.000675044;0.00178167;1.86617e-05;0.00882183;0.000229653;7.98009e-06;0.00213499;0.0117629;0.941273;0.00142916
3.87757e-07;8.89471e-06;9.20503e-11;2.91756e-10;1.2865e-07;3.35114e-10;2.0387e-10;0.999989;1.98083e-08;3.23057e-10;3.52447e-09;5.96258e-07;1.05683e-06;3.53675e-08
7.62651e-08;9.04766e-06;1.79981e-05;1.72598e-06;0.00152465;0.000112873;1.48604e-09;1.72609e-05;6.91204e-09;8.48246e-08;2.68841e-08;0.0278943;1.63154e-06;0.97042
3.27976e-07;0.000350068;3.32982e-09;7.01809e-08;2.2341e-08;1.15746e-08;3.36494e-08;0.000721504;1.15122e-06;1.68932e-09;9.80074e-06;2.03165e-06;0.998915;1.34885e-08
1.06817e-05;0.0142084;0.000159443;2.47473e-05;6.94579e-06;1.9873e-06;8.45681e-08;0.00192404;1.62898e-05;5.6556e-07;1.02884e-05;0.963625;0.0199988;1.30836e-05
1.11846e-05;0.977461;5.78907e-08;0.00491003;9.18449e-05;2.07794e-05;4.37123e-06;0.00512113;0.000552824;2.51231e-05;0.00404526;0.00635968;0.000836295;0.000560687
2.89258e-05;0.997312;2.17147e-10;1.45295e-05;6.80612e-08;2.75314e-07;0.000943774;0.000151696;2.76955e-06;3.19625e-05;0.000573957;4.30963e-06;7.08011e-05;0.000865317
2.30625e-08;3.3951e-07;0.999999;7.52741e-09;2.57923e-08;5.54715e-10;1.24123e-08;3.77995e-08;3.75147e-11;3.16174e-10;1.31372e-09;1.88118e-07;8.91687e-11;4.60138e-09
0.000379323;0.0482766;4.64089e-06;7.02148e-05;0.0181924;8.83284e-05;0.000115916;0.913127;0.000105717;4.32584e-06;2.06445e-05;0.000381512;0.00619626;0.0130368
2.46168e-06;4.49706e-05;7.53315e-07;4.47527e-05;2.11786e-05;0.0314969;1.93179e-05;9.63645e-06;0.00011036;3.24175e-05;0.00297906;6.28344e-08;0.965234;4.27678e-06
4.43915e-07;1.57107e-06;0.999992;1.82419e-07;3.25483e-08;1.65584e-08;4.72821e-08;1.95841e-08;3.74365e-09;4.17978e-08;9.21338e-08;5.39875e-06;1.42597e-08;4.03627e-08
3.76843e-06;0.996505;2.28546e-06;8.73966e-06;1.30918e-05;7.40551e-06;1.8733e-05;0.00180833;0.000207196;3.81271e-07;0.000226581;1.23856e-05;0.00116944;1.71097e-05
