5.67004e-07;0.975938;1.06667e-12;1.51904e-07;4.7435e-06;4.90597e-09;8.62619e-06;0.0238797;6.31716e-08;1.24514e-06;3.09654e-07;5.74708e-07;9.37603e-05;7.25287e-05
0.000242279;0.054895;0.390768;0.0397482;0.0349884;0.00456389;0.000219257;0.00558776;0.00024551;0.00137698;0.00159914;0.45487;0.006654;0.00424181
0.00127952;0.891889;2.4537e-07;0.000102653;0.000897716;2.36431e-06;0.00500572;0.0769775;0.00358451;1.6954e-05;0.0165422;0.00136162;0.00182487;0.000515018
9.37597e-06;0.988994;0.00232727;8.98063e-06;5.78147e-06;1.38619e-05;8.98017e-07;3.40059e-05;6.4979e-08;1.12765e-06;4.61143e-07;0.000147325;0.00844573;1.08014e-05
3.02567e-05;0.00577254;3.15394e-07;1.43509e-07;1.98772e-06;2.93763e-08;1.24451e-07;0.00703583;7.20387e-06;1.15915e-08;8.27015e-06;0.984953;0.00218682;3.11006e-06
1.54495e-05;0.00173354;3.73317e-09;2.83913e-06;0.00276841;1.71061e-06;2.47096e-06;0.994816;0.000208863;1.30289e-06;1.05496e-05;9.31073e-05;0.000341473;4.16457e-06
0.000290446;0.510964;0.391189;0.000275057;0.00905908;0.0036354;0.000240556;0.0260842;2.34473e-05;0.00421483;5.42914e-05;6.70519e-05;0.0107914;0.0431106
3.1141e-08;1.57522e-09;0.999999;3.40336e-09;3.2961e-08;2.28549e-08;8.02821e-09;3.50994e-08;9.04446e-08;3.32075e-10;8.44806e-07;9.46593e-08;1.79566e-09;4.22176e-10
2.3656e-07;5.32627e-06;0.999302;2.03699e-07;1.96241e-07;1.31355e-07;3.98881e-08;0.000203195;3.3378e-07;5.01532e-09;1.63538e-06;0.000478952;8.98139e-07;7.02087e-06
2.78225e-08;0.000110385;4.97722e-06;6.15138e-08;2.29404e-05;0.000165468;1.0725e-10;2.53967e-06;1.97987e-10;1.20991e-08;1.70858e-08;0.000139563;1.77915e-07;0.999554
1.50773e-06;0.00723675;2.34999e-08;2.39997e-07;5.33604e-06;7.88132e-06;6.32154e-09;0.0046236;2.77524e-08;4.55612e-09;2.46586e-06;5.82495e-05;0.988063;1.30187e-06
1.89825e-06;0.943931;7.09438e-10;0.000248204;3.92265e-06;8.86837e-05;2.54852e-06;0.00415142;2.09502e-06;1.70017e-05;1.2904e-06;0.000148571;0.0513027;0.000100775
1.73552e-05;0.00271986;0.000231704;0.000347648;2.51582e-05;4.42169e-06;1.38983e-07;0.000149733;5.04945e-08;5.8987e-06;3.32196e-06;0.995999;1.69732e-05;0.000478272
1.918e-06;0.00546668;7.16255e-09;2.23226e-06;2.21074e-09;1.12832e-08;0.994062;3.28986e-06;8.96901e-06;0.000269327;0.000162703;6.08604e-10;4.46618e-06;1.90165e-05
1.08788e-08;1.9005e-10;0.999992;3.65675e-08;8.25579e-09;7.31816e-10;4.87248e-06;2.72668e-08;1.49892e-07;1.995e-08;2.79818e-06;2.15922e-08;9.78254e-12;1.4144e-11
2.5972e-05;0.993944;1.07094e-09;6.40536e-06;2.38863e-06;6.0529e-08;5.0869e-06;0.000423158;5.71777e-05;6.89194e-07;6.17091e-05;0.00343271;0.00203319;7.54212e-06
0.000436901;0.814937;5.91637e-07;8.52711e-06;0.0158983;1.71636e-05;1.69394e-06;0.104631;1.30931e-05;1.96722e-05;7.31132e-07;0.000766793;0.0398426;0.0234255
0.000105049;0.0194108;1.62937e-05;0.00110758;0.000233856;0.002469;0.000260565;0.00102016;0.00530873;0.000601241;0.00355021;0.0018544;0.963547;0.000514913
4.30542e-05;0.0095937;0.983371;0.000772294;2.97347e-05;3.12239e-05;0.00283518;3.38233e-06;2.60487e-05;0.00129445;0.000171149;0.00179936;5.81508e-06;2.37904e-05
1.25427e-07;4.87126e-07;0.999988;1.42209e-07;2.63604e-08;6.27077e-08;4.21098e-06;1.84389e-07;1.58145e-06;5.78376e-08;4.99873e-06;1.43636e-07;4.66196e-09;3.34594e-09
8.6716e-05;0.56155;1.39768e-06;2.43045e-05;0.000507294;0.000125869;1.43116e-06;0.298885;0.00227095;2.02063e-06;0.000816897;0.0529424;0.082589;0.000196924
0.000109796;0.278112;3.92061e-05;5.93208e-06;1.80449e-05;1.79315e-07;5.21986e-05;0.00412372;1.19799e-05;6.76224e-06;0.000380127;0.710864;0.00626302;1.29038e-05
0.000497985;0.892931;8.49382e-06;0.000300046;0.000202743;3.15899e-05;0.000520058;0.00272837;0.000633984;8.60379e-05;0.000534839;0.038758;0.0547809;0.00798654
6.34377e-07;4.37713e-06;1.46087e-13;1.69729e-09;1.45384e-07;2.43126e-11;1.93441e-07;0.999898;9.59019e-05;9.1992e-09;5.14322e-07;9.66259e-10;1.76663e-07;8.6918e-10
9.85599e-06;2.23984e-05;0.958317;1.31796e-05;8.61265e-05;1.72679e-06;1.6067e-07;1.81908e-07;3.83551e-07;1.75331e-06;1.62707e-06;0.0399957;7.02094e-07;0.00154924
8.34558e-06;0.999375;1.27685e-11;7.1579e-10;1.49906e-07;1.83825e-08;3.59238e-05;0.000208469;2.70785e-07;8.01978e-07;9.36492e-09;3.98573e-10;1.44834e-05;0.000356915
1.45214e-10;4.49248e-12;0.999999;6.17005e-13;3.62451e-10;2.68846e-11;1.9595e-12;1.21301e-10;7.85231e-12;4.42878e-13;4.10664e-12;1.48779e-06;1.50498e-12;1.78477e-13
3.47272e-05;0.104721;1.38866e-05;9.87275e-06;0.000412281;0.000114349;3.72614e-05;0.865666;0.00447372;8.33328e-07;5.2068e-05;0.0010505;0.0226032;0.000811135
2.37095e-06;0.000520878;4.89739e-09;8.83188e-08;5.5526e-06;7.32106e-07;1.5766e-09;0.948302;4.43783e-06;1.83939e-08;2.43146e-07;1.25265e-05;0.051149;1.83482e-06
1.52096e-06;0.000635252;1.0899e-07;4.06137e-06;3.50313e-07;1.15307e-07;2.0107e-08;3.69745e-05;2.96034e-05;2.47043e-07;2.04729e-06;0.999203;8.06306e-05;5.98763e-06
2.21131e-06;0.999897;6.51068e-06;1.20909e-05;1.66576e-07;4.82246e-08;1.52927e-06;1.49328e-05;2.56632e-07;5.05797e-07;4.6924e-07;1.16681e-05;5.30198e-05;1.49176e-07
0.000100653;0.320513;4.89991e-06;6.44501e-05;8.92234e-05;0.000111083;2.50126e-06;0.00260257;1.15934e-05;4.72568e-06;1.01802e-05;0.638541;0.0338955;0.00404886
0.000235639;0.330317;4.15245e-06;6.77857e-05;0.00209547;0.00012518;5.13976e-06;0.386585;7.95928e-06;1.0223e-05;0.000225989;0.203365;0.0685653;0.00839054
0.000202928;0.0126016;1.3899e-06;0.00116022;3.68085e-05;0.0120924;0.00618602;0.000173761;0.0230715;0.00348013;0.0745732;0.00352224;0.862663;0.000234809
0.000347747;0.348924;0.625815;0.00135054;2.71551e-05;0.000160771;0.0177301;0.000127285;5.19727e-05;0.00332844;0.000389922;0.00152799;8.62817e-05;0.000132068
1.42063e-08;4.65266e-08;0.999999;8.07157e-09;9.91585e-09;7.20867e-09;5.09721e-08;9.45162e-09;1.69516e-08;3.44855e-09;1.2828e-07;6.21929e-07;1.33916e-10;1.82453e-10
1.6033e-06;0.995943;1.48181e-06;1.98032e-08;6.15486e-08;4.88729e-08;3.54648e-07;3.34257e-05;7.77865e-08;1.28326e-08;3.05246e-07;0.00360063;0.0004189;2.04141e-07
5.79832e-06;0.179753;0.00012029;5.08304e-05;0.00151097;0.00356905;0.00129768;0.0467078;3.32871e-05;0.000267223;9.22403e-05;0.000182687;0.00121023;0.765199
4.39725e-10;3.58424e-09;1;4.40662e-09;2.06759e-10;3.53876e-10;5.64336e-09;5.90001e-08;3.67534e-10;2.28122e-10;7.76874e-09;1.99757e-08;1.04175e-09;2.40945e-11
3.1809e-07;0.00121811;0.992074;3.29396e-07;2.2414e-07;1.06098e-08;1.9145e-07;0.00152198;5.72806e-08;3.40798e-08;3.81065e-07;0.00514037;1.93721e-06;4.17692e-05
1.26098e-07;0.00147079;0.000117815;7.21501e-06;0.000900355;0.00337669;4.4634e-07;2.10283e-06;1.62193e-08;7.62933e-07;3.52693e-07;9.71557e-05;2.345e-05;0.994003
2.58607e-06;0.143415;5.04993e-07;0.000101599;0.000758426;0.00667239;4.2472e-07;0.00227409;3.04947e-06;4.09251e-07;4.7808e-05;0.00622018;0.840021;0.000482734
7.66248e-06;0.0209034;0.978082;0.000147319;0.000105478;1.32506e-05;7.48472e-09;0.000404009;1.57219e-08;7.42613e-07;4.26769e-08;0.000107392;7.24501e-05;0.000156514
4.03194e-05;0.82547;2.75484e-06;6.9032e-05;0.000127555;5.9876e-05;3.50754e-08;0.131953;2.86096e-06;3.03777e-07;5.59631e-06;0.0215214;0.0203946;0.000352821
2.96299e-05;0.866739;2.56265e-06;0.00021845;6.02015e-05;3.25039e-05;4.00738e-05;0.0928695;3.34896e-05;0.000157379;0.000431327;0.0345497;0.00463627;0.000199857
0.00115141;0.00639151;0.000184027;0.381978;0.0312446;0.533963;0.000535609;0.00531414;0.00575143;0.00882163;0.00971639;0.00480097;0.00683831;0.00330852
0.00260862;0.984108;2.83878e-05;3.50469e-05;1.90694e-05;3.13949e-07;7.26868e-06;0.00145718;3.89449e-06;6.10868e-06;1.52053e-05;0.011648;6.01629e-05;2.51468e-06
1.07607e-06;0.999644;4.61594e-09;4.92442e-09;3.36195e-10;8.7515e-10;0.000314453;5.93616e-08;6.27026e-08;1.34266e-06;2.9542e-08;1.24907e-09;7.98579e-07;3.82244e-05
8.64174e-11;1.29877e-09;1;3.091e-11;5.83316e-09;4.56233e-11;5.48509e-11;3.01844e-09;6.99278e-12;3.62517e-11;5.00292e-12;4.40772e-07;2.01402e-13;2.03116e-10
4.27024e-06;0.987022;5.90696e-07;1.25448e-05;8.27133e-06;0.000166406;0.000156726;0.00342467;1.82866e-05;1.47568e-06;3.51374e-05;6.1091e-06;0.00910503;3.86934e-05
1.6492e-06;0.000574379;7.58259e-09;2.77096e-07;1.95077e-07;4.43846e-07;7.78793e-08;0.00942519;1.44419e-06;1.50137e-08;2.66679e-05;5.95912e-05;0.989909;9.16949e-07
8.09517e-06;0.0604772;1.20133e-05;2.79604e-06;1.41238e-06;7.15366e-05;1.49997e-06;0.0094092;6.83339e-07;5.80574e-05;7.74945e-07;0.000887734;0.928709;0.000359856
1.94993e-09;1.19505e-08;1;1.27339e-08;1.35995e-09;7.11213e-09;1.85262e-09;7.1638e-08;8.50124e-10;3.54622e-10;7.96858e-09;3.49305e-07;8.43755e-09;2.03548e-11
2.21402e-07;0.00765528;0.000604784;1.27712e-05;5.24507e-06;3.39651e-06;5.87822e-08;0.00148395;1.09338e-06;1.88402e-07;1.55073e-05;0.989958;0.000122172;0.00013702
4.52606e-08;0.997892;1.33216e-07;1.67062e-08;4.87748e-05;4.29023e-06;3.1111e-08;0.00181387;3.92058e-10;5.55547e-08;1.4456e-08;6.66073e-07;4.30124e-05;0.000197193
1.71125e-06;0.00124192;0.000587876;5.32609e-05;0.874292;0.0129524;1.61596e-08;0.000803439;1.86077e-09;7.45899e-07;4.70238e-06;0.0464513;0.000426096;0.0631849
2.25645e-08;0.999159;3.16092e-11;1.85594e-09;5.95486e-08;2.53405e-08;1.18394e-05;1.00993e-05;2.39462e-09;5.47325e-08;2.75712e-08;1.91485e-11;1.89011e-05;0.000800228
1.60236e-11;1.13862e-09;1;2.63209e-11;7.6907e-10;4.93858e-12;6.8688e-12;1.96089e-08;1.49562e-13;8.17703e-12;3.51749e-12;3.70087e-08;1.5497e-12;5.21679e-12
0.000117273;0.0146936;1.71447e-05;0.000967925;0.0186451;0.00724414;0.000335731;0.401889;0.00562792;0.000347593;0.0261617;0.00409815;0.489895;0.0299591
9.62351e-08;0.999443;0.000121851;2.46062e-07;2.41419e-06;1.95906e-06;1.46589e-06;0.000307397;1.28025e-10;1.19254e-06;1.08695e-09;7.72681e-08;0.000113756;6.65457e-06
2.20268e-10;1.90777e-08;1;1.7075e-09;1.62142e-09;1.86578e-09;1.0936e-09;7.46129e-09;2.97889e-11;5.82194e-10;4.40115e-10;4.15272e-07;2.36856e-09;1.85904e-09
2.96127e-09;6.1032e-08;0.999445;1.2477e-08;4.25503e-08;8.29878e-09;1.10758e-09;5.93952e-06;5.14804e-10;1.02466e-09;3.96523e-09;0.000545349;1.01387e-09;3.28557e-06
3.71487e-09;2.06544e-06;2.58651e-05;5.65022e-09;1.0576e-05;0.000108515;1.94502e-10;4.19695e-07;2.52482e-11;2.22215e-09;1.43894e-09;1.89645e-06;1.27861e-08;0.999851
6.51771e-05;0.00577083;9.37464e-07;1.01808e-06;2.33841e-05;0.000163437;8.65219e-08;0.00909136;6.6813e-08;1.90415e-08;1.16493e-05;0.00359934;0.981248;2.50755e-05
3.85774e-07;0.99088;3.2697e-09;1.2e-06;7.71064e-07;8.09443e-07;0.000137865;4.87244e-05;7.6045e-10;0.000213858;1.63303e-09;1.61535e-08;1.26019e-05;0.00870319
1.9451e-12;8.05084e-13;1;2.04333e-11;5.61698e-11;2.58527e-11;1.58978e-10;6.91657e-12;4.66904e-14;1.16312e-11;2.71145e-12;1.62987e-09;4.24213e-15;1.36575e-13
1.25762e-06;0.989583;6.54029e-06;2.64594e-06;2.24885e-07;1.29387e-05;5.09593e-07;2.11927e-05;8.7086e-09;8.81123e-08;1.75782e-07;6.3982e-06;0.0103645;6.88458e-07
2.511e-07;0.000401946;8.15583e-07;1.62269e-07;2.0405e-07;3.41739e-08;2.95317e-08;0.000829635;2.44985e-08;1.6839e-09;9.58021e-07;0.99849;0.000274504;1.27645e-06
6.73349e-06;0.00032836;2.36909e-07;4.37556e-05;0.054433;2.2301e-05;7.70871e-05;0.944705;1.91774e-05;4.27702e-06;0.000101469;7.60934e-05;6.68036e-05;0.000115267
4.91968e-05;0.0188703;0.971341;5.7473e-05;0.000314649;0.000208895;0.000807659;0.000705749;1.42215e-06;0.000317978;1.72728e-05;1.43207e-06;0.000166168;0.00714067
4.71299e-09;2.96931e-10;1;2.57357e-10;1.95352e-09;1.15339e-10;1.97118e-09;3.33127e-09;5.75743e-10;1.8549e-11;1.82169e-08;1.78135e-08;1.62879e-10;6.61054e-12
2.70166e-07;0.00017868;0.000105552;2.76058e-07;5.668e-07;3.60972e-08;3.17498e-09;0.000698988;5.99897e-06;1.38068e-08;8.97891e-06;0.998977;3.76743e-06;1.97127e-05
1.45236e-07;0.991976;2.19243e-09;3.63202e-06;9.06222e-06;5.18281e-05;8.67732e-07;0.000162005;2.60918e-06;8.28924e-06;3.27454e-06;9.22226e-07;0.00768932;9.17098e-05
2.71359e-07;0.000444103;0.000365803;2.30257e-06;8.58458e-05;7.71061e-07;2.76386e-09;5.5249e-06;2.15521e-09;9.28421e-09;5.38782e-08;0.999061;7.79644e-06;2.70079e-05
2.47056e-05;0.792868;2.68334e-08;4.46729e-07;9.13434e-06;3.80139e-05;0.000250327;0.187559;1.1774e-05;4.39264e-06;4.64176e-06;9.70484e-09;0.0191808;4.88482e-05
1.0378e-08;2.12403e-08;0.999997;9.93494e-09;8.57979e-08;8.63718e-08;3.43305e-09;1.81353e-06;1.05264e-09;3.76003e-09;1.16858e-09;3.16709e-07;1.18129e-07;5.12416e-10
1.32812e-08;6.40738e-06;0.987038;1.11498e-07;1.35923e-07;1.14302e-08;8.39431e-10;3.88056e-06;7.25762e-09;6.69892e-09;6.86819e-09;0.0129486;6.83521e-09;3.10001e-06
1.42363e-09;0.000712843;2.00729e-11;5.73549e-09;4.4409e-07;9.94834e-06;1.56242e-07;1.62048e-08;8.9239e-11;4.41835e-07;5.9896e-10;1.03032e-12;1.57031e-08;0.999276
9.12724e-11;1.47689e-10;0.999989;9.49345e-10;1.16107e-08;2.94442e-10;2.47042e-12;7.12251e-10;1.16066e-12;2.24237e-12;1.83878e-12;1.14086e-05;1.32773e-13;2.23793e-10
1.13009e-06;8.86421e-05;1.94902e-06;3.74513e-07;0.000942503;8.70404e-07;3.72914e-11;0.998915;5.03505e-08;6.46311e-10;1.72093e-09;2.00248e-05;5.97362e-07;2.83318e-05
5.4879e-07;1.55703e-06;4.1856e-07;5.72981e-09;0.00016303;6.73422e-07;3.97026e-10;0.999308;6.91566e-09;8.61086e-09;1.13773e-09;5.20277e-08;0.000525299;1.16251e-08
7.63965e-09;6.96779e-07;0.999994;1.43549e-08;2.74951e-06;9.38284e-07;3.1285e-13;1.16948e-08;1.07764e-12;7.59959e-10;9.90278e-11;1.12208e-06;5.78673e-09;6.07094e-07
8.5932e-08;0.998853;6.11688e-07;7.76215e-08;2.94161e-07;3.21053e-07;4.14913e-07;0.000902799;1.09557e-06;1.15661e-08;2.76487e-06;3.62057e-06;0.000233181;1.25238e-06
