8.841e-07;0.999686;9.42098e-06;2.80534e-06;3.31205e-07;2.94965e-07;1.04198e-06;0.000270923;2.49796e-08;7.28819e-07;1.13143e-08;9.6487e-07;2.07515e-05;5.33905e-06
2.82605e-08;5.74093e-08;0.99999;2.73696e-08;1.97827e-08;6.49918e-10;4.1966e-09;9.73276e-06;1.15639e-08;7.31255e-10;2.65671e-08;5.07749e-07;8.47537e-09;9.55793e-10
1.43465e-08;5.58362e-06;4.53643e-05;5.00273e-08;1.63101e-07;6.24777e-09;8.94189e-08;9.05976e-06;1.21096e-08;4.17771e-08;9.09206e-09;8.39664e-05;1.16374e-07;0.999856
5.28903e-07;1.85637e-05;7.68495e-10;5.56141e-08;0.000837603;1.86881e-05;3.66334e-07;0.99907;3.72939e-05;1.25857e-08;1.43295e-06;2.46294e-07;1.19686e-05;3.29008e-06
6.20063e-08;0.000118367;0.999502;2.31915e-07;0.000100309;1.84978e-06;7.80793e-10;1.53279e-07;9.52759e-12;2.5512e-08;2.98964e-10;0.000251841;1.71082e-06;2.34072e-05
3.29823e-08;0.999068;1.07622e-09;4.41435e-08;6.08793e-06;3.61291e-08;5.09948e-07;0.000586453;1.78517e-07;7.34098e-10;1.57601e-07;2.32074e-06;0.000336138;6.24481e-08
3.42993e-07;0.303326;0.000219789;2.16019e-05;0.000155483;4.36797e-05;2.53451e-09;1.47835e-06;1.41863e-09;2.40646e-07;2.69716e-08;0.000227303;0.694986;0.00101724
1.32059e-06;0.335364;2.8774e-06;6.86063e-08;0.000142964;1.87987e-05;6.70237e-09;0.143081;3.26129e-08;1.75406e-08;1.34944e-08;0.509054;0.0118096;0.000525736
1.24997e-06;0.0239222;5.7869e-09;5.7247e-05;0.00560385;0.556478;2.62074e-07;0.000619928;3.4106e-06;1.17958e-05;4.60518e-07;4.49799e-06;0.368648;0.0446499
0.000362626;0.00220951;0.775375;1.45667e-05;3.17816e-06;6.474e-06;3.62246e-07;3.42411e-05;7.9678e-07;2.95129e-07;1.63674e-06;0.221846;0.000125147;2.04129e-05
1.42179e-05;0.993301;7.54822e-08;1.57537e-06;5.37814e-06;2.40598e-06;5.86542e-07;0.00301614;1.34021e-05;4.39411e-08;2.09626e-05;1.82719e-05;0.00112939;0.0024762
1.03121e-06;0.998357;1.08571e-07;9.5594e-08;2.10071e-08;1.74799e-07;0.000191354;0.000105239;1.15042e-07;0.000222901;9.65587e-08;5.47392e-08;8.66662e-05;0.00103555
2.44765e-10;4.14998e-09;0.999998;9.69855e-10;2.78506e-10;7.51814e-10;5.02771e-08;1.03689e-09;9.07844e-10;1.03364e-08;3.8525e-09;1.87952e-06;1.35212e-12;1.81011e-10
1.2397e-05;0.835624;1.05211e-07;1.58726e-05;8.91023e-08;8.01257e-07;0.000191625;4.26973e-05;0.000261811;9.42786e-07;0.000540732;0.000165664;0.163143;5.58385e-07
3.8181e-05;0.44283;0.000236166;7.67192e-06;0.00187192;1.23043e-05;6.58673e-08;0.268785;2.14443e-06;2.30798e-06;9.34644e-07;0.264885;0.0129938;0.00833408
5.68066e-06;0.934594;3.04001e-06;5.3451e-05;0.000236938;0.000273359;0.00025437;0.00591675;3.11246e-05;0.000543667;5.58331e-05;1.79602e-06;0.0544483;0.00358209
7.69029e-10;2.19751e-09;1;4.60534e-09;1.93432e-10;2.09994e-10;7.94179e-10;1.14322e-09;7.04255e-10;1.57929e-10;8.91613e-09;1.57889e-07;1.5327e-10;8.98859e-11
1.42701e-05;0.000131977;0.995765;1.36532e-05;7.76856e-06;4.65621e-06;1.51738e-06;0.00365529;2.56524e-05;6.20536e-07;2.73848e-05;0.000275672;3.50649e-05;4.13888e-05
2.35488e-07;0.000513128;5.52021e-06;1.58683e-07;1.1138e-05;0.000133671;2.01241e-09;3.10222e-05;1.08566e-08;1.82289e-07;8.62594e-08;5.75288e-05;2.00996e-07;0.999247
0.000698785;0.0907243;1.10869e-05;5.43889e-06;0.000596343;0.000372219;6.86822e-07;0.781529;1.12159e-05;3.83265e-07;7.06674e-05;0.00177932;0.123508;0.000693364
1.92107e-06;0.00155027;1.50962e-07;3.96206e-06;0.00217615;0.000336589;6.5455e-08;0.991388;4.42656e-07;5.24468e-07;2.34413e-07;0.000176133;0.00151247;0.00285337
1.54214e-05;0.00149898;7.49141e-08;3.3613e-05;9.35144e-05;1.08184e-05;9.06308e-07;0.968626;4.36123e-06;1.49414e-06;0.000266431;0.00464264;0.024796;9.38891e-06
3.52005e-06;0.997512;5.83014e-08;2.62741e-07;8.90452e-09;2.51682e-08;7.18937e-06;1.85397e-06;2.82849e-08;9.39022e-08;2.71232e-07;0.000140406;0.00233398;1.81123e-07
4.587e-07;0.000637357;5.12311e-07;5.66458e-05;0.00166422;5.09369e-05;1.32851e-06;0.00504896;1.57727e-05;8.08787e-07;7.13993e-05;0.991844;3.32132e-05;0.000574363
7.73864e-06;0.0018389;0.00384409;0.00187325;0.000193501;0.00163236;2.89018e-05;7.03545e-05;2.40624e-06;7.94046e-05;0.000307538;1.34851e-06;0.990094;2.57522e-05
0.000352337;0.213184;0.74246;0.000103175;6.90533e-05;5.01022e-05;0.000346033;5.03021e-05;5.48039e-06;8.93892e-06;2.16951e-05;0.040341;0.000761231;0.00224608
0.0021726;0.50518;0.000159377;0.000858299;0.222597;0.0233667;0.000377505;0.178637;0.0163669;1.87678e-05;0.00157755;0.0205444;0.0120186;0.0161258
3.90241e-05;0.9728;2.30332e-10;0.000101683;6.22546e-05;2.59462e-05;7.57225e-08;0.00508309;0.000304613;1.66185e-06;8.98191e-06;0.0113012;0.00982747;0.000443825
0.014429;0.899586;0.0036532;0.0114081;0.00101689;7.79543e-05;0.000144577;0.0113867;0.00124343;0.000348243;0.00124105;0.0538048;0.000316654;0.00134372
0.000186347;0.969872;9.86629e-06;2.10768e-05;1.04016e-06;4.32585e-08;1.70024e-06;0.000209938;2.45386e-05;6.00739e-07;4.5374e-05;0.00150948;0.0281094;8.77198e-06
4.49434e-06;0.0154197;1.53858e-05;1.35794e-06;1.00288e-05;1.97427e-06;2.4086e-07;0.00191725;1.43115e-05;7.36368e-08;9.49042e-05;0.97336;0.00908405;7.67297e-05
4.23226e-05;0.29719;9.06168e-08;0.000804938;0.0011051;0.0450798;1.68645e-05;0.00138809;0.00178024;0.000123252;0.00682433;0.000172256;0.624472;0.0210005
0.00185238;0.00672189;0.581685;0.00111095;0.000289437;0.00155178;3.65933e-06;0.000195366;9.52209e-06;2.39358e-05;0.000234931;0.393048;0.0115481;0.00172468
3.5043e-06;0.986174;4.54859e-07;8.00832e-06;9.19646e-05;2.42139e-05;6.25466e-07;0.00602117;4.99589e-06;8.62992e-08;7.55922e-05;0.000606301;0.0066215;0.000368048
1.47766e-06;0.989935;5.16279e-07;2.91049e-05;0.000131257;6.06764e-05;5.82559e-08;0.0026938;3.72339e-06;4.54748e-06;3.98114e-06;0.00364199;0.00134795;0.00214629
1.31574e-06;0.000165072;1.46603e-06;2.78656e-05;0.282682;0.144561;1.43577e-07;0.00110541;3.58023e-07;2.21618e-05;9.08659e-07;0.00119791;0.000353007;0.569881
2.10266e-05;0.000903242;5.09886e-08;5.12023e-07;3.12272e-06;6.85763e-06;1.76681e-06;0.273757;9.18305e-06;1.0919e-07;0.00017234;4.68678e-06;0.72512;2.41005e-07
8.3181e-06;0.00677326;8.49566e-07;1.03821e-05;3.11601e-06;4.13307e-06;3.164e-08;0.000470848;3.66048e-06;1.06098e-06;9.31747e-06;0.990064;0.00258938;6.14555e-05
5.42655e-05;0.990938;9.93741e-06;0.000150034;0.000173507;1.27472e-06;0.000131824;0.00684927;2.73741e-06;7.38884e-05;1.25057e-05;0.00127382;6.99479e-05;0.000258657
3.30463e-05;0.467383;0.000311196;0.000124907;4.82903e-05;4.58833e-06;1.85684e-05;0.00047906;3.85862e-06;3.79629e-05;4.92773e-05;0.000988772;0.530396;0.000121407
1.52562e-06;0.937971;4.19464e-09;1.18027e-07;1.18661e-07;1.88327e-07;0.0334614;2.48877e-05;3.26422e-07;7.72782e-05;2.17979e-05;4.63212e-06;0.00037339;0.0280634
1.22448e-11;4.16123e-12;1;6.03767e-11;1.70319e-09;3.59797e-10;2.49986e-10;1.84311e-10;1.83965e-11;2.5029e-11;6.64916e-10;5.6567e-09;3.16665e-15;3.69426e-12
0.000105694;0.00394406;1.99542e-07;0.000132699;0.00164684;0.0113678;2.00498e-05;0.0504699;0.00186112;2.35628e-05;0.0237306;0.00028745;0.906218;0.000191428
0.00089942;0.0296477;0.959527;9.1634e-05;6.78893e-05;3.81336e-05;2.59334e-05;0.00110825;2.2228e-06;7.52214e-06;0.000151542;0.00646615;0.00191573;5.09487e-05
3.14368e-07;0.986455;1.23087e-08;5.877e-08;1.19727e-06;1.35118e-06;6.27249e-07;0.000641995;3.08786e-08;1.96129e-08;2.65836e-07;7.63889e-06;0.01289;1.64393e-06
5.67223e-07;0.0572473;2.52046e-07;7.27235e-06;9.60404e-06;6.68226e-05;1.14842e-07;0.000244833;4.28009e-06;1.64762e-06;9.7286e-06;0.000475407;0.94192;1.24905e-05
0.000106236;0.0139015;0.869718;0.000427699;0.00392441;5.96369e-05;2.92205e-06;0.0030737;4.43737e-07;0.000137482;2.31758e-06;0.0713624;0.000398376;0.0368848
0.000342696;0.427132;6.08908e-05;0.00029184;4.5548e-05;0.0016064;0.0504586;0.0715054;0.0133979;0.000624077;0.00850168;3.26596e-08;0.426009;2.37713e-05
2.12283e-08;8.91336e-09;1;4.08791e-09;3.22643e-10;2.78314e-10;1.55348e-08;1.27735e-07;2.23951e-08;9.03488e-10;5.451e-08;1.2558e-07;2.40119e-09;2.9941e-12
1.41452e-06;0.000139833;0.00140303;1.08579e-06;1.15405e-06;2.99425e-07;2.81281e-08;0.000146707;3.79619e-05;1.47661e-07;1.81442e-06;0.998252;7.33707e-07;1.38345e-05
0.000319455;0.0834123;3.65388e-05;3.15979e-06;0.000910403;0.000162837;1.41165e-05;0.899948;0.00137929;9.14822e-07;0.00106793;0.000238665;0.0124801;2.57262e-05
1.09314e-06;0.993618;1.27464e-09;1.59704e-08;1.3153e-05;3.2051e-07;4.83934e-06;3.89756e-05;1.3639e-07;9.26673e-06;1.53998e-09;3.13045e-08;1.37882e-06;0.00631317
1.95851e-11;3.19559e-11;1;6.60739e-13;1.84877e-10;1.2014e-12;1.63052e-13;2.68821e-09;5.70275e-13;4.58935e-13;8.38517e-14;8.42773e-11;3.61981e-14;1.62379e-13
1.04605e-05;0.0003414;1.18251e-05;2.49694e-06;0.000121544;3.86711e-05;3.40094e-07;0.996973;0.00124231;7.39695e-07;1.96416e-05;0.00018516;0.00104189;1.01926e-05
