1.50922e-05;0.945256;1.02925e-07;0.000686487;0.000205609;0.000290063;1.74297e-06;0.0359463;0.000333641;3.47688e-05;0.000240882;0.00354185;0.0118788;0.00156876
0.000116694;0.00787142;0.00156234;0.00022874;1.32737e-05;7.20929e-06;2.07703e-06;0.000143411;6.39688e-06;8.28112e-06;0.000107838;0.989638;0.000184857;0.000109529
0.000361808;0.944018;2.96232e-07;4.5378e-06;5.90203e-07;4.69506e-07;3.3017e-05;0.000154736;0.000102053;9.05416e-07;6.7857e-05;0.00223382;0.0530162;5.90747e-06
2.66922e-07;0.935605;5.39585e-09;1.14719e-06;7.57448e-07;2.31602e-06;0.000443443;3.60563e-05;3.82473e-08;0.000349393;2.30401e-08;1.18898e-06;2.6787e-06;0.0635579
2.08087e-11;2.14184e-10;0.999994;1.92327e-10;1.76546e-10;6.6288e-11;1.0575e-10;2.10005e-09;1.66961e-12;3.65216e-11;1.88796e-11;5.78386e-06;6.25866e-13;5.11284e-12
1.60072e-05;0.863949;2.2891e-05;1.59726e-05;0.00075644;0.00303786;0.00548254;0.0510037;1.7535e-05;0.000126267;4.26087e-05;1.10926e-06;0.0475825;0.027946
4.80137e-10;3.09913e-09;1;1.54151e-09;1.78925e-09;1.98024e-09;1.14314e-09;2.08823e-09;1.31471e-10;9.80842e-11;2.93365e-09;1.1952e-08;1.40669e-09;8.42726e-11
2.94218e-07;2.85627e-05;0.998352;4.19759e-07;4.54829e-07;2.26e-07;7.2984e-08;0.000727756;1.61116e-07;1.83761e-08;2.54236e-07;0.000878453;1.34266e-06;1.05087e-05
4.60139e-08;3.92648e-05;2.93249e-05;8.21028e-08;1.1457e-05;0.000163568;1.65727e-09;9.98844e-06;8.20265e-10;3.05609e-08;1.0343e-08;1.46106e-05;1.04591e-07;0.999732
5.23726e-05;0.044885;9.60353e-07;1.06679e-06;1.20637e-05;5.03935e-05;1.44459e-07;0.182161;1.68477e-06;3.47361e-08;1.35462e-05;0.000683195;0.772135;3.48451e-06
1.80582e-08;0.999853;5.24656e-10;3.58642e-09;1.40745e-10;1.60865e-09;3.36107e-08;1.22356e-07;6.84088e-11;4.55575e-09;5.50065e-10;7.05269e-06;0.000139807;1.10306e-07
6.86368e-08;0.000169793;2.87128e-07;7.93267e-06;0.000101625;2.89085e-06;3.22132e-07;0.00762834;2.27152e-06;2.23966e-07;2.31977e-05;0.99204;3.21352e-06;1.99702e-05
4.10913e-05;0.922698;0.0205656;0.00417686;0.000370776;1.10445e-05;8.93633e-05;0.00174971;2.69915e-06;2.96937e-05;0.000175627;0.000934117;0.0477141;0.00144109
2.52761e-05;0.0101821;1.12826e-07;1.39618e-06;4.19511e-05;5.05773e-06;2.00728e-05;0.000173743;3.92772e-06;1.46042e-07;3.76357e-06;0.00359732;0.00246369;0.983481
3.60246e-05;0.344189;5.42031e-06;2.53298e-06;4.47658e-05;2.24184e-05;2.66054e-05;0.585309;6.80222e-06;1.58969e-06;1.00342e-06;0.00305311;0.0536561;0.0136454
0.000269156;0.694276;7.05946e-06;0.000632538;0.00397482;0.00274319;0.000924892;0.00226101;0.00298518;2.53171e-06;0.00016876;0.0124264;0.275402;0.00392605
0.00500139;0.45414;0.178041;0.00106723;0.000475366;0.000149943;1.45956e-05;0.00330202;3.49211e-05;9.68578e-06;5.51729e-05;0.268416;0.0874547;0.00183691
0.000807834;0.931577;0.0018607;3.31085e-05;0.00020406;5.19486e-05;3.43576e-05;0.0489753;1.5081e-05;5.24697e-06;7.87198e-05;0.00570851;0.00981963;0.000828854
9.56142e-05;0.894864;7.24658e-06;1.29636e-05;6.67965e-05;0.00224207;0.0771619;0.00174619;2.51969e-05;0.00848995;4.94076e-05;1.7784e-06;0.00930854;0.0059285
2.67242e-09;1.06889e-10;0.999998;2.32191e-09;2.75881e-10;3.08465e-10;1.10863e-08;3.65915e-10;1.51366e-09;6.29933e-10;5.99722e-09;2.44739e-06;6.12851e-12;5.16656e-12
0.000613175;0.787625;0.0103681;0.000136832;0.000580465;0.000139555;0.0315298;0.0238438;0.00125721;0.00191575;0.000725785;0.000179127;0.00133208;0.139753
1.47577e-10;2.45195e-10;1;3.71393e-11;5.75959e-10;8.31391e-11;3.02776e-10;5.94113e-10;7.70051e-12;2.87089e-11;3.17196e-11;4.44119e-08;6.44577e-13;9.42952e-12
0.000336859;0.436432;0.000199142;0.000173628;0.000352572;0.00370919;1.4846e-06;0.0817839;0.00160041;1.29041e-06;0.000195924;0.11573;0.356048;0.00343489
1.47938e-05;0.313217;4.23993e-06;9.63924e-05;0.00029994;6.80448e-05;1.84762e-06;0.00463931;4.43787e-05;4.688e-06;4.12229e-05;0.630388;0.00257858;0.0486013
2.50509e-06;0.839905;1.68511e-07;1.38941e-05;4.93789e-05;2.59342e-06;0.146218;1.11256e-05;9.74084e-06;0.00123984;0.000109015;1.23296e-07;8.72171e-06;0.0124295
1.66106e-07;6.09348e-06;0.999968;2.09501e-07;2.88189e-08;5.667e-08;6.36801e-06;1.83789e-06;2.93111e-07;2.18113e-09;3.94957e-06;7.43801e-06;5.08285e-06;1.59205e-09
4.47109e-05;0.157769;5.06748e-07;2.1618e-06;0.000100952;5.11131e-06;3.21851e-08;0.832222;8.20344e-06;8.05868e-07;1.75725e-05;0.000738621;0.00868597;0.000404056
4.05575e-07;0.00436976;3.53823e-07;2.15321e-08;2.38268e-06;2.35293e-06;2.56708e-05;1.21348e-07;2.4731e-09;9.25943e-05;4.87579e-09;1.1552e-05;8.53812e-08;0.995495
4.25976e-08;7.04119e-08;0.99997;4.5961e-08;2.68004e-07;2.41204e-08;1.59384e-05;1.04264e-06;7.29569e-07;1.68443e-07;1.84609e-06;9.56141e-06;1.6465e-10;1.57308e-09
1.10732e-05;0.91339;0.000289979;2.65805e-05;2.0572e-06;2.1078e-06;9.93826e-06;3.80417e-05;4.75504e-06;1.69184e-06;2.36577e-05;2.22409e-05;0.0861737;4.2543e-06
8.69433e-06;0.277719;8.05004e-06;1.6069e-06;4.13784e-05;2.85528e-05;4.42847e-07;0.00207504;2.27706e-06;1.08172e-07;9.57154e-06;0.686822;0.0293058;0.00397734
1.67209e-05;0.0358207;7.05805e-07;5.33849e-05;0.00341509;0.0247239;4.12222e-08;0.0056656;1.33718e-05;5.39053e-07;2.02493e-05;0.000768176;0.92928;0.000221219
0.000157368;0.00414163;3.75013e-06;1.65905e-06;5.4595e-05;0.000306445;7.49992e-09;0.0134118;2.74035e-06;9.29024e-08;3.17341e-06;0.014017;0.967599;0.000300698
6.5072e-06;0.994552;3.58998e-07;5.78577e-08;7.38701e-08;4.96756e-07;0.000535889;1.22847e-05;8.86459e-09;0.000122956;1.04848e-08;4.18095e-08;3.55833e-05;0.00473407
6.96496e-11;1.15535e-10;1;7.86589e-11;7.89205e-10;1.56381e-10;4.51872e-09;3.73055e-10;1.07217e-10;3.25294e-10;1.47578e-10;2.78145e-07;4.65779e-14;1.38699e-11
3.76519e-06;0.985976;7.63047e-05;1.57768e-05;2.17127e-05;3.72639e-06;1.3611e-05;7.85036e-05;1.58681e-06;5.01228e-06;9.80261e-06;0.000107976;0.013666;2.07114e-05
4.48515e-08;0.999263;4.78269e-11;2.97719e-09;2.28046e-09;9.31633e-08;1.08192e-06;3.04303e-05;5.47092e-09;1.80707e-07;1.66019e-08;1.07151e-06;1.16175e-05;0.0006928
1.06379e-09;6.60894e-09;0.999986;5.39336e-09;3.77538e-07;1.41046e-07;2.00557e-09;3.11305e-07;1.15354e-10;7.33671e-10;1.60683e-09;1.27998e-05;2.91259e-11;7.47582e-09
3.78989e-06;0.00251451;1.36454e-05;1.78191e-06;1.46268e-06;0.00019443;3.3321e-05;0.000849031;2.65684e-06;2.32311e-07;5.17876e-05;1.34961e-05;0.996319;1.03615e-06
2.78326e-08;0.00380002;3.21339e-09;3.84807e-08;4.21267e-09;2.50318e-06;4.1827e-09;0.000555452;7.094e-09;2.28493e-09;8.8951e-08;1.24672e-05;0.995629;3.0971e-07
1.169e-06;0.000226511;2.62907e-07;9.16403e-05;0.00817323;0.000466433;7.96522e-08;0.00121553;8.93764e-07;1.61092e-05;3.767e-05;0.970536;0.000467415;0.0187673
1.07676e-05;0.996603;6.21312e-08;1.32543e-06;4.17859e-08;3.24737e-07;0.00272441;0.000101135;6.11856e-07;0.000245181;0.000104628;1.38983e-05;0.000178863;1.56107e-05
1.71343e-09;3.67889e-10;0.999996;6.30255e-10;5.19557e-10;8.00203e-10;2.44871e-09;2.0975e-10;3.30721e-11;4.20004e-10;1.79162e-09;4.26616e-06;2.35551e-11;5.63427e-12
6.26948e-05;0.898991;2.79087e-06;3.35635e-05;0.000488652;0.000230376;0.000183693;0.062372;0.00115878;5.57496e-06;0.000326529;0.00179833;0.00512637;0.02922
4.29324e-05;0.0426431;5.89329e-07;3.2739e-06;0.000119219;1.49632e-05;8.11427e-07;0.185188;8.08552e-06;1.20775e-06;7.08967e-06;0.00379032;0.768103;7.72188e-05
1.96193e-05;0.00422955;2.70818e-08;2.26777e-05;2.97238e-05;4.624e-06;1.49675e-06;0.0576749;0.00019198;2.37532e-06;6.4666e-05;0.000194705;0.93756;3.54848e-06
1.74365e-05;0.995182;0.00037983;6.08275e-05;4.82342e-06;1.49601e-05;0.000593457;0.00298448;7.85542e-07;0.000280048;8.6507e-07;1.60926e-05;8.28289e-05;0.00038112
2.8133e-08;5.75342e-07;0.999994;4.43735e-07;9.36044e-09;3.2686e-08;1.26202e-07;1.93454e-06;2.66363e-08;2.31507e-08;8.22947e-07;2.19829e-06;1.76691e-07;6.81591e-09
5.22878e-08;8.14514e-07;0.998791;1.23764e-06;2.84962e-07;1.93969e-07;1.70597e-08;0.000492065;1.32616e-08;3.94243e-08;8.64484e-07;0.000696967;1.0418e-08;1.64479e-05
4.26614e-08;0.00168645;0.000246412;5.02115e-07;4.98786e-05;0.000907482;1.14869e-09;6.14031e-05;1.82627e-10;5.618e-08;4.9793e-08;3.79641e-05;1.60244e-06;0.997008
3.79501e-07;0.0085211;2.13838e-08;6.41775e-08;1.07522e-07;4.3616e-05;1.26961e-07;0.000483161;2.61521e-09;4.47354e-08;5.18199e-07;4.63744e-08;0.99095;3.98436e-07
7.25702e-11;1.19067e-09;1;6.52214e-10;7.18277e-10;1.87403e-09;2.98575e-11;9.07693e-09;8.11954e-13;2.30599e-11;1.87124e-11;1.9857e-08;2.76712e-10;2.39644e-12
3.36552e-07;8.62147e-05;0.000165261;4.98654e-05;2.92579e-05;6.21796e-05;1.3802e-08;0.00159417;3.64193e-06;2.68544e-06;1.53573e-05;0.996757;0.000381913;0.000851746
3.00285e-06;0.998393;0.000274111;6.50959e-05;6.49836e-06;0.000132667;0.000596546;8.0811e-05;1.10777e-08;0.000102355;1.19525e-05;6.16488e-06;9.78644e-05;0.000229392
3.91281e-09;5.43288e-07;0.999951;7.92176e-08;4.199e-08;1.26564e-07;4.9927e-09;3.11107e-08;2.8287e-11;1.77616e-09;3.11676e-08;4.8032e-05;4.88454e-09;1.9382e-08
1.67968e-06;0.0165996;4.72123e-06;1.43321e-06;3.92691e-05;2.40476e-05;3.79186e-07;0.982139;4.58791e-08;5.4497e-08;1.91613e-06;3.81003e-05;0.00111392;3.57518e-05
4.22637e-06;0.400996;1.49696e-06;3.06777e-05;0.000461888;0.0186595;2.90991e-05;0.351513;3.39682e-07;9.00721e-05;9.31342e-06;1.95024e-06;0.22793;0.000272423
2.35392e-10;1.91898e-10;1;1.43443e-09;8.20159e-10;6.24008e-10;3.39737e-11;3.67247e-09;2.71615e-12;3.67023e-11;9.68445e-11;2.23189e-08;1.95636e-10;2.2557e-12
6.50048e-07;0.000104452;0.000873427;8.62568e-06;5.89562e-06;1.75881e-06;4.20723e-09;0.000116823;3.45255e-07;3.38894e-08;1.60244e-06;0.998718;1.95556e-05;0.00014889
1.91178e-05;0.720779;6.02326e-07;5.79989e-06;0.000494347;0.00458465;3.91863e-08;0.062235;7.68414e-07;6.32141e-07;1.37341e-06;3.32618e-05;0.177893;0.0339525
5.99538e-07;0.38818;1.54051e-09;2.81991e-07;1.70371e-06;2.76453e-06;2.47869e-06;0.000145832;4.70961e-10;6.81227e-06;4.85393e-09;0.000118227;3.49021e-05;0.611507
3.89747e-13;9.02555e-12;1;9.18039e-13;1.64942e-11;8.51105e-13;5.57153e-14;1.48425e-10;4.48451e-15;1.10256e-13;2.23012e-14;3.65903e-11;4.00264e-14;1.3576e-14
1.80208e-05;0.206136;0.000179999;0.00172067;0.00022806;0.00428806;7.02103e-05;0.507955;0.00150283;0.000101184;0.00118516;0.0005181;0.275336;0.000761087
