9.02551e-06;0.99488;3.33195e-09;3.71604e-06;1.29634e-06;1.84463e-07;5.80893e-07;0.00370535;1.99433e-05;2.52028e-07;1.13629e-05;4.55695e-05;0.00127945;4.33452e-05
6.69449e-06;0.985922;1.5895e-08;8.99135e-07;5.2203e-07;7.71231e-08;4.5083e-06;3.83273e-05;1.19486e-06;1.29871e-06;5.33476e-06;0.0109776;0.00301877;2.28182e-05
3.59643e-05;0.118771;4.10354e-06;0.00012261;0.00564583;0.00216509;1.21579e-06;0.240355;9.4671e-05;2.7842e-06;1.76843e-05;0.230902;0.401057;0.0008252
0.000658078;0.345203;5.7854e-05;0.00191833;0.000877001;0.000182511;8.55928e-06;0.0026232;0.0355556;2.20919e-05;0.00567484;0.602389;0.00373024;0.00110048
5.59769e-06;0.987263;7.56532e-05;4.70188e-06;1.95606e-06;1.0522e-07;1.31747e-07;0.000116352;1.30719e-07;7.94367e-08;1.87128e-07;0.00141026;0.0111206;8.09751e-07
8.5932e-05;0.0884266;2.9622e-06;4.44665e-05;0.00967277;0.00100558;3.50533e-07;0.0553255;1.73909e-05;1.57669e-06;8.4357e-06;0.781751;0.0336517;0.0300055
3.60087e-05;0.611674;3.39978e-08;1.97181e-05;0.000259992;0.000152929;6.72082e-07;0.325448;1.33636e-05;3.02224e-06;3.26592e-05;0.0024588;0.0562563;0.00364445
8.42543e-06;0.911736;1.85533e-07;0.000120714;1.50598e-06;0.000103648;4.35084e-05;0.000174652;3.10732e-05;8.33496e-06;0.000102469;0.000792531;0.0865539;0.000323173
0.000723373;0.0389925;0.000150436;0.258821;0.0105174;0.0206632;0.000170894;0.656682;0.000967902;0.00302437;0.00174228;0.00041558;0.00250497;0.00462409
0.0021593;0.00597351;0.872863;0.00505217;0.00356727;0.000983487;9.12142e-05;0.0538069;0.000141817;0.000250696;0.00026392;0.0163084;5.10461e-06;0.0385329
0.00112267;0.00225796;5.02366e-06;2.52805e-06;0.790109;0.00727416;8.73899e-06;0.195981;0.000124744;9.95456e-06;6.33227e-06;2.49412e-06;5.66598e-05;0.00303856
0.000135795;0.00215947;0.862678;8.62468e-07;0.0123487;1.37252e-05;9.21547e-10;1.17906e-05;3.37646e-07;3.89241e-08;7.02253e-09;0.120347;6.76005e-05;0.00223702
1.99604e-06;0.263973;2.01405e-09;2.15991e-08;4.1735e-06;1.97881e-07;7.43372e-05;0.735525;0.000409227;1.34295e-07;2.51427e-07;3.01188e-09;8.86482e-06;2.79038e-06
1.88479e-08;2.35058e-08;0.999998;1.24953e-08;2.21082e-08;1.26619e-08;1.47178e-09;1.2082e-06;6.57167e-08;5.97897e-10;5.50183e-09;2.20415e-07;5.71395e-08;1.31331e-11
8.53418e-06;0.00749966;0.00522768;1.5041e-05;4.60113e-05;1.29526e-06;2.72956e-08;0.0216718;5.60347e-06;4.14332e-07;2.92405e-07;0.96058;3.78399e-05;0.00490583
6.43006e-06;0.197574;1.61382e-08;2.5017e-06;0.00269229;5.80846e-05;1.40292e-06;0.797774;2.8645e-05;2.83852e-06;4.27702e-06;1.23952e-05;0.00105219;0.00078993
1.87426e-05;0.0134247;0.862245;0.000628794;0.027463;0.00706759;1.34949e-06;8.30352e-05;2.45859e-07;3.97478e-06;2.94573e-06;0.0639424;0.000927396;0.024191
0.000786956;0.033324;8.23376e-06;4.79431e-06;0.000108836;1.96273e-05;2.1304e-06;0.957253;0.000599395;1.41764e-07;1.23608e-05;0.000574471;0.00727271;3.32454e-05
1.41925e-06;0.00140818;8.47767e-09;4.00929e-09;1.24658e-05;7.44219e-07;1.40467e-10;0.997272;2.05542e-09;7.34116e-09;8.29367e-10;9.11621e-07;0.00126761;3.67226e-05
1.36821e-09;2.28244e-05;1.30837e-06;1.90147e-07;5.60634e-06;3.2855e-06;1.12853e-10;3.43457e-06;9.68062e-10;3.50876e-09;9.5703e-09;0.999662;2.95524e-06;0.000298455
8.28034e-07;0.990157;4.87818e-07;3.07834e-05;7.32614e-05;2.37238e-05;9.37349e-07;0.0044924;4.91511e-07;5.97417e-06;1.68376e-06;4.31641e-05;0.00495364;0.000215236
9.92161e-06;0.00999919;9.95618e-07;5.09736e-07;6.20102e-05;1.20904e-06;1.26927e-07;0.000104661;1.88782e-06;6.75447e-08;2.02284e-06;0.988021;0.00179168;5.20078e-06
5.7543e-05;0.00028207;2.61091e-10;3.58187e-06;0.000384186;1.54658e-05;8.56749e-08;0.996692;0.00143423;1.94131e-07;1.55807e-05;8.52507e-05;0.00102863;7.4505e-07
1.77871e-05;0.999066;1.81182e-08;7.66405e-09;1.0826e-08;1.87747e-08;9.87029e-08;4.43794e-05;1.08357e-07;2.32739e-08;2.8166e-09;2.41721e-06;0.000868858;9.69285e-08
4.29355e-06;0.00294762;2.7953e-07;6.23008e-06;0.00865843;2.28961e-05;1.22782e-07;0.0103923;3.83937e-05;6.73515e-07;1.07815e-06;0.976737;7.84747e-05;0.00111175
2.43597e-05;0.90799;0.0239728;7.65109e-05;0.00013816;8.129e-06;4.54988e-06;0.000108472;1.40527e-06;1.90937e-06;2.70976e-06;3.52712e-05;0.0674613;0.000174434
1.06978e-06;0.00748378;4.70528e-09;1.41713e-08;6.61632e-08;2.76441e-08;3.36182e-08;8.67648e-06;1.62238e-07;1.50394e-09;9.74769e-09;0.992159;0.000200555;0.000146455
1.23363e-06;0.00130432;1.62764e-09;6.03717e-07;0.0037819;2.81227e-06;3.9134e-07;0.986002;9.00654e-05;5.44269e-08;5.2177e-07;0.00862586;0.000157231;3.2468e-05
7.72248e-07;0.997783;0.000527131;9.4894e-06;0.00010187;4.9533e-06;2.53801e-07;0.00132865;1.9757e-07;1.95343e-07;8.18405e-08;8.486e-06;0.000216504;1.81917e-05
2.41538e-05;0.976859;9.95499e-06;2.49582e-05;2.65361e-05;7.90389e-05;2.53987e-06;8.14335e-05;1.03933e-06;1.97609e-05;4.78773e-06;3.06458e-05;0.0170672;0.00576931
7.88719e-06;0.000388166;0.00945021;1.49444e-05;6.85774e-06;2.82179e-06;1.58208e-07;1.42497e-06;4.85188e-07;4.55136e-08;2.11647e-05;0.990081;4.64847e-06;2.06245e-05
0.0016006;0.153361;1.93892e-06;0.000129732;8.84641e-06;3.22501e-05;0.00191557;0.00269139;0.0287484;1.00801e-05;0.808458;0.000593863;0.00240937;3.85199e-05
0.000179351;0.890876;9.6656e-07;7.35622e-05;1.62164e-05;6.2962e-06;0.0284384;0.0451805;0.000196285;0.0265066;0.000304101;2.40053e-05;0.00121786;0.00697967
3.48134e-10;1.33304e-11;1;2.3565e-10;4.63462e-10;8.22631e-11;8.69328e-10;6.26457e-10;8.95084e-10;2.4113e-10;6.56647e-10;1.7879e-07;3.36838e-13;6.10437e-12
0.000475865;0.831037;2.02431e-06;7.52349e-06;1.17524e-05;1.02513e-06;9.48858e-07;0.0297052;0.000521659;1.80733e-06;0.000379914;0.00928222;0.128564;8.89552e-06
0.000200333;0.747824;0.00405355;8.01717e-05;0.000769525;0.000143907;9.76744e-05;0.0594102;0.000371162;0.00029354;0.000348326;0.133748;0.0195045;0.0331556
0.000842989;0.0766416;0.000552705;0.00626331;0.0306954;0.0187077;0.00537196;0.0223158;0.0285317;0.00164229;0.0505128;0.151682;0.0465559;0.559684
0.00176294;0.853704;1.75743e-06;0.000473921;9.28074e-05;0.000339613;0.0010799;0.076438;0.00573624;0.000149339;0.00735284;0.000775015;0.0406341;0.0114597
0.000104513;0.00448866;2.61793e-08;3.15893e-06;2.71577e-06;1.99251e-07;1.61985e-06;0.066931;0.000301188;2.09552e-07;0.000221795;0.000876388;0.927068;1.37552e-07
2.39163e-05;0.00310716;4.18924e-08;2.30718e-08;4.92547e-06;2.23356e-08;4.78048e-10;0.986192;6.42793e-08;1.0887e-08;7.01417e-09;0.0101211;0.000490337;6.03218e-05
7.70907e-07;0.873736;4.24447e-05;1.03483e-05;0.000138522;5.95751e-05;7.09074e-05;0.115687;1.47066e-06;0.000121413;8.90753e-07;0.000339781;0.00685484;0.00293529
2.03732e-11;2.5359e-10;1;4.83636e-10;7.61697e-11;1.25396e-10;5.4412e-11;5.55909e-09;2.07936e-11;6.39522e-11;5.53188e-10;5.58651e-09;1.99578e-10;6.87517e-12
8.52623e-09;4.0741e-08;0.999644;4.96202e-08;6.62378e-07;7.34714e-09;3.64334e-10;3.79719e-05;1.14161e-09;1.42546e-09;1.16893e-08;0.000311378;1.68939e-09;5.50764e-06
2.69029e-07;0.000409655;1.57485e-06;6.02331e-08;0.000276967;0.000219673;1.44743e-09;4.23481e-05;3.43693e-09;3.16258e-08;2.48107e-07;5.23939e-05;3.39053e-07;0.998996
1.65803e-05;1.47937e-05;2.23282e-09;1.8102e-07;5.09378e-05;3.28742e-06;2.50647e-08;0.997121;2.42647e-06;5.25421e-09;1.26492e-05;2.13e-05;0.00275737;1.20771e-08
6.3061e-05;0.950186;0.000243065;0.000383373;0.000155565;0.000123794;3.00399e-05;0.00475894;1.16155e-06;5.98873e-05;1.06801e-05;3.39017e-06;0.0439331;4.79936e-05
8.38121e-06;0.00120228;3.99941e-05;2.808e-05;2.48669e-06;1.22566e-07;1.4442e-07;1.29967e-05;3.11004e-07;1.50425e-08;1.37157e-05;0.998667;2.02593e-05;4.16271e-06
6.77415e-05;0.940748;6.42678e-10;1.21727e-05;3.95071e-05;3.33733e-07;4.13114e-06;0.0054185;0.000134471;1.27572e-07;0.000151581;8.39129e-06;0.0532073;0.000207599
0.000343608;0.014245;2.90884e-08;0.000115625;0.000391891;2.67345e-06;0.000459286;0.906749;0.0543524;4.7844e-05;0.000511572;0.00730872;0.00138021;0.0140923
3.80969e-05;1.4722e-05;4.77127e-11;1.59625e-06;1.49241e-06;4.36394e-09;3.26321e-06;0.000742674;0.99868;3.78799e-08;0.000506069;1.18592e-05;4.23294e-07;5.09553e-08
0.00117668;0.968801;0.00094006;0.000251628;4.27301e-06;7.93166e-06;2.09937e-05;1.36775e-05;0.000349439;6.21756e-06;0.00151674;4.20251e-06;0.0267957;0.000111524
0.00024154;0.161136;1.04615e-05;9.85455e-06;9.69958e-06;3.78167e-06;8.48019e-07;0.0413173;6.73167e-05;2.16879e-06;9.17318e-05;0.791935;0.00105901;0.004116
2.36973e-05;0.0593715;0.000353289;0.000221842;0.301672;0.00750247;1.81276e-06;0.207999;1.48816e-05;2.47169e-05;2.29458e-05;0.128272;0.000406841;0.294112
4.09995e-08;7.10467e-07;3.15844e-08;6.0586e-09;1.50148e-10;9.86914e-07;5.08823e-08;1.05768e-08;5.48598e-08;3.09591e-08;8.85982e-07;6.14697e-10;0.999997;1.41643e-10
1.16982e-08;5.22732e-07;0.999999;1.25539e-08;3.78177e-09;1.74012e-09;2.05377e-10;5.85487e-09;1.27169e-10;2.14347e-09;3.98819e-10;5.33351e-07;1.2081e-09;9.7071e-08
2.55445e-06;0.992636;3.06277e-06;1.02936e-05;2.90655e-05;1.01677e-05;7.0477e-06;0.00634347;0.000138513;1.09975e-06;0.000247504;2.32753e-05;0.000401698;0.000146543
