3.25304e-05;0.0790842;8.87501e-10;3.88645e-06;0.000161787;1.4937e-08;1.7651e-05;0.920514;7.36736e-05;3.34416e-06;1.18504e-05;3.45034e-05;4.28039e-05;1.94518e-05
1.7408e-05;0.00436645;0.981487;0.000170651;6.30506e-05;2.29221e-06;6.41486e-06;7.00611e-06;1.05102e-06;7.89823e-06;4.29428e-05;0.000291561;0.0135224;1.42994e-05
4.43606e-05;0.328686;7.07538e-09;8.60544e-08;5.83145e-05;9.16734e-08;8.65367e-07;0.67045;8.74149e-06;8.02768e-08;1.22176e-05;2.25644e-05;0.000710245;5.9129e-06
5.70676e-05;0.00170992;0.0602786;4.26222e-05;0.000561252;2.12463e-05;2.02735e-07;1.50134e-05;3.04046e-06;6.69329e-06;1.28158e-06;0.914075;1.03741e-05;0.0232173
0.0121476;0.0932135;9.45082e-06;4.7246e-06;0.000102547;1.72577e-05;8.92277e-05;0.71201;0.173322;1.989e-06;0.00385149;0.000147624;0.00507829;4.01673e-06
1.58469e-05;0.990296;5.9784e-10;5.95572e-08;2.67314e-07;6.79071e-08;9.21159e-06;0.00957036;1.62819e-05;3.79595e-06;2.20296e-07;4.30172e-08;5.92557e-05;2.81309e-05
5.09878e-08;6.9582e-07;0.999991;3.31336e-08;9.73409e-08;2.85392e-08;3.29569e-08;5.15158e-07;4.00225e-08;2.04626e-08;7.16434e-09;7.64433e-06;2.18857e-09;1.7578e-09
2.86468e-05;0.0680325;8.17243e-07;2.63138e-05;3.99672e-06;1.00851e-06;9.61207e-06;0.919946;0.00387876;9.08936e-07;0.00268979;0.00211612;0.00326343;2.29341e-06
0.000158023;0.594447;3.16143e-06;0.00944829;0.00300485;0.000646774;0.000686952;0.0154492;0.00913419;0.000351584;0.0170352;0.332591;0.00242151;0.0146221
0.00212473;0.110632;7.2359e-07;0.021363;0.000232508;0.000112564;0.000953316;0.114498;0.295149;0.000166408;0.443044;0.00964526;0.000689328;0.00139006
0.00527276;0.0789359;4.67259e-06;3.48741e-06;7.01804e-06;1.70293e-06;4.47793e-05;0.90674;0.000372509;1.3318e-05;0.00012309;4.8385e-05;0.00837972;5.28727e-05
4.37872e-07;0.000577444;5.13248e-06;1.29983e-06;4.33977e-06;8.57736e-07;6.13432e-09;2.07929e-05;4.69964e-06;3.87314e-08;8.7475e-07;0.999365;1.58409e-05;3.45444e-06
8.52035e-06;0.349383;1.35378e-06;1.17709e-06;7.35068e-07;3.99038e-07;2.48494e-09;7.22559e-05;5.33876e-06;3.1183e-07;3.84753e-07;7.29719e-05;0.650453;4.14668e-07
0.00159654;0.125151;0.00663496;1.00489e-05;0.00735071;9.02775e-06;2.05683e-05;0.812124;0.00393019;0.000109292;0.000150782;0.00626152;1.31015e-05;0.036638
0.00220506;0.00103379;0.000298896;0.000876295;0.0132754;0.00100579;0.000211353;0.0113016;0.937197;0.00308763;0.0237906;0.00184313;0.00138877;0.002485
