9.29546e-06;0.998425;0.000171837;1.12975e-05;1.24078e-06;1.40087e-06;6.18865e-07;9.5601e-05;2.3846e-08;1.51262e-06;5.89976e-08;7.33313e-05;0.00120198;6.78094e-06
2.41949e-05;0.136639;1.41887e-07;0.000147694;2.375e-05;0.00101538;2.77365e-06;0.00525489;7.49885e-05;7.7746e-06;6.56576e-05;0.000226726;0.856352;0.000165829
0.000491743;0.000901003;0.156246;8.69536e-05;0.00033681;3.49197e-05;6.37623e-06;0.000644163;5.97053e-07;4.05535e-05;2.1563e-05;0.838523;0.000200931;0.00246561
7.20217e-06;0.157841;3.26609e-08;2.11709e-06;2.333e-07;6.61871e-07;0.840948;1.33408e-06;4.77473e-05;0.00102601;2.93113e-05;3.86033e-08;5.59679e-06;9.13214e-05
5.56666e-09;1.62793e-09;0.999999;2.14041e-08;1.83493e-08;1.19682e-08;5.88695e-07;8.201e-09;2.53769e-08;3.48575e-08;2.0601e-08;1.88256e-07;1.12701e-13;8.01152e-10
1.67239e-06;9.07947e-07;9.55743e-10;6.80079e-09;1.80891e-07;6.01878e-09;7.65855e-08;0.999976;1.92476e-05;3.38157e-09;1.22431e-06;9.56989e-09;1.17818e-06;1.21715e-08
0.00194595;0.0094037;0.018812;0.000402099;0.000576206;1.36951e-05;0.00049782;0.0433713;0.0167817;1.47418e-05;0.00908284;0.885364;0.00128028;0.0124533
6.57018e-06;0.987615;2.30558e-06;7.75309e-06;5.01467e-06;2.61957e-06;0.0043151;0.00660567;2.60227e-06;0.000386146;1.09985e-05;1.79114e-06;0.000688265;0.000349705
3.58264e-11;6.0501e-10;1;1.78534e-09;2.6655e-09;7.91067e-10;1.955e-10;6.81224e-10;1.96437e-11;1.00139e-10;1.78797e-10;3.55921e-07;2.80319e-12;6.29083e-11
7.94245e-06;0.987387;3.77203e-05;0.000179388;1.28342e-05;1.55183e-06;3.73516e-05;0.00552104;1.26975e-05;9.08415e-07;0.000326854;0.00244048;0.00400204;3.21896e-05
1.09183e-05;0.0345556;3.44876e-06;0.000208503;0.00011608;2.64289e-05;2.13965e-06;0.956086;0.000229438;9.03619e-06;0.00766925;0.000798969;0.000126534;0.000157781
1.94551e-05;0.982383;3.47243e-07;3.09147e-05;1.90512e-06;8.40034e-06;2.50355e-05;0.000227664;4.50926e-05;3.81854e-05;0.00034598;0.00157147;0.0149856;0.000317004
8.13331e-06;3.26085e-05;0.000189187;4.29337e-06;2.73053e-05;2.47883e-07;3.09493e-09;1.3115e-05;3.02463e-07;2.81256e-08;1.89094e-06;0.999675;3.26762e-05;1.53318e-05
0.000373131;0.00220829;1.30775e-07;9.46697e-06;2.88271e-05;6.96716e-06;6.98831e-06;0.985045;0.00938393;1.17547e-06;0.00105916;2.36882e-05;0.00173395;0.000119323
1.38972e-05;0.00187735;1.31553e-09;6.82117e-07;1.56066e-05;5.99579e-07;2.8503e-09;0.987902;2.93942e-05;6.10092e-08;3.12753e-06;3.76498e-05;0.0101162;3.13187e-06
7.91139e-07;1.97777e-05;6.66022e-11;2.89355e-09;1.27313e-06;3.57947e-09;4.33953e-10;0.999971;7.54313e-08;2.33332e-09;8.45424e-09;3.32635e-07;6.67565e-06;2.94428e-07
2.76291e-07;0.000132741;2.84569e-06;3.3184e-05;0.0021154;0.000600826;3.99941e-08;0.000276633;1.16033e-07;1.57495e-06;9.71629e-07;0.00851592;1.36796e-05;0.988306
4.99603e-06;0.0412513;1.75275e-08;2.55908e-05;9.2738e-07;4.68565e-06;5.21362e-06;0.000149499;2.15e-05;2.42261e-07;0.000643505;5.63784e-05;0.957834;2.10176e-06
3.22131e-05;0.0905524;0.000124793;0.000107734;2.23158e-05;6.91116e-06;3.64579e-07;0.00443488;8.0859e-06;1.64369e-06;1.42618e-05;0.90233;0.00206366;0.00030128
2.55665e-05;0.955038;7.06776e-07;0.00183729;0.000131707;1.12488e-05;1.02897e-05;0.0222846;4.56405e-05;1.31744e-05;0.00101752;0.00853476;0.0011071;0.00994181
0.000213364;0.976928;6.22231e-08;0.000295151;2.213e-05;3.29305e-05;0.00194799;0.000824698;4.74042e-05;0.000122239;0.00253701;0.00178166;0.00809258;0.00715504
4.38159e-07;5.98099e-05;2.11904e-07;3.9202e-08;5.91064e-09;3.39414e-09;1.43769e-07;1.54614e-06;7.86251e-08;2.30561e-10;2.94417e-07;0.999912;2.57661e-05;9.97885e-09
1.57497e-06;0.0379795;7.64055e-09;4.43533e-06;2.99612e-05;0.000570729;3.26002e-06;0.00224194;1.47203e-06;1.77521e-07;2.04349e-06;1.66156e-05;0.959141;6.89934e-06
0.000107275;0.00523211;0.989603;4.10305e-05;0.000120636;0.000363997;7.29323e-07;0.000989378;7.75096e-08;4.12186e-07;8.67056e-07;0.00171117;0.000159875;0.00166933
2.20871e-07;0.990062;9.35623e-09;6.19321e-07;1.56432e-05;9.8994e-05;4.59646e-06;0.00349413;4.47854e-08;9.55766e-07;4.12184e-08;1.63703e-09;0.00385657;0.002466
3.35151e-10;3.12525e-10;1;3.26336e-09;1.61407e-09;2.34092e-09;6.24327e-10;1.25681e-09;1.5124e-10;9.37814e-11;3.73849e-09;3.6741e-08;3.48265e-10;1.01915e-11
9.30519e-06;0.00388647;0.00736656;5.70656e-05;2.57868e-05;1.61619e-05;3.03441e-07;0.00304648;0.000251571;1.77043e-06;0.00221818;0.982053;0.000490329;0.000576866
1.05609e-06;0.988747;2.19732e-09;2.97904e-07;4.6112e-06;1.10755e-05;0.000119192;0.000617778;3.08577e-07;9.2663e-05;3.09235e-06;1.22638e-09;2.17878e-05;0.010381
6.94393e-11;6.95724e-10;0.999982;5.10768e-10;5.78473e-09;1.86208e-10;1.503e-10;1.88364e-10;9.62252e-12;4.1685e-11;2.10596e-09;1.81311e-05;2.16747e-13;5.58607e-10
2.5878e-06;0.00395112;6.26112e-06;5.6205e-07;3.0363e-05;3.22087e-06;2.19256e-08;0.99577;2.358e-07;6.52555e-09;2.52824e-05;8.36751e-05;8.58441e-05;4.04723e-05
2.86279e-08;0.986994;3.42901e-09;2.8196e-07;5.44467e-07;1.41035e-07;4.53899e-07;7.72614e-06;2.08842e-09;4.45432e-07;2.56766e-08;1.16392e-07;3.89975e-06;0.0129925
5.18889e-05;0.195312;3.42093e-06;1.72234e-05;1.09804e-06;8.19427e-06;0.00363536;0.0082471;0.000159093;1.30009e-06;0.00295171;6.88019e-05;0.78954;2.4114e-06
1.10815e-05;0.99619;1.04037e-07;8.96304e-07;3.47624e-07;8.3607e-07;8.73044e-05;0.00151194;3.2139e-07;7.1359e-05;8.37238e-07;7.01431e-06;0.00103798;0.00107953
1.20228e-07;1.75673e-06;0.999287;7.57391e-08;2.40684e-06;6.05448e-07;9.33057e-08;2.30369e-06;2.26837e-08;5.91235e-08;1.39857e-07;0.000704959;3.39586e-08;7.67581e-08
4.43444e-06;0.98737;1.11544e-09;1.33244e-06;1.82977e-06;1.49842e-07;3.84208e-06;0.00770721;1.52471e-05;2.75474e-07;2.01304e-05;3.87035e-05;0.00443595;0.000400754
0.000136173;0.279542;5.67792e-07;0.00187588;0.133824;0.00103463;5.71408e-06;0.316831;0.00569623;0.000173422;0.0111456;0.0227951;0.0119142;0.215025
0.000416128;0.818232;2.51692e-05;3.67395e-05;8.8985e-05;0.000571119;1.36334e-05;0.00144471;7.22235e-05;1.22766e-05;0.000181802;0.0126212;0.165058;0.001226
6.93503e-06;0.0281538;3.16887e-11;1.24522e-06;8.47905e-06;6.91776e-06;6.42538e-08;0.00210572;2.92404e-06;2.32322e-07;8.9061e-06;0.000890602;0.968773;4.10931e-05
8.37006e-05;0.00416988;3.36276e-05;1.46656e-05;5.19118e-05;0.000104271;2.43778e-08;0.00348575;2.5247e-05;1.46039e-06;5.3081e-06;0.936685;0.0553246;1.4829e-05
0.000133532;0.0367351;1.14232e-05;1.39428e-05;0.00488725;0.00249449;3.06399e-06;0.942358;9.72784e-05;9.02897e-06;2.22693e-05;0.00988474;0.00232536;0.00102468
0.000109327;0.987313;3.50971e-08;3.56232e-06;1.90359e-06;2.06418e-06;0.00604257;0.00579435;2.26263e-05;0.000557387;3.63328e-05;1.3892e-06;4.92849e-05;6.61615e-05
2.3507e-08;2.61732e-09;1;1.55977e-08;4.08525e-09;6.96647e-10;2.08275e-07;9.28553e-09;2.19266e-08;6.02037e-09;2.66688e-08;2.12404e-07;5.56056e-12;2.45075e-11
0.00166119;0.295806;6.01724e-06;1.07788e-05;2.92833e-05;5.76732e-06;7.45476e-05;0.685423;0.00184394;1.79005e-05;0.000842328;0.00107082;0.0127531;0.000455413
4.09526e-07;0.00197412;6.19359e-06;1.33409e-06;4.05115e-06;1.73306e-06;4.43877e-07;7.61744e-05;3.47333e-05;4.63705e-07;0.000121364;0.997717;5.59488e-05;5.57463e-06
4.50913e-07;0.996434;2.5388e-08;5.55543e-08;1.10387e-07;3.18213e-08;9.96742e-07;1.07876e-06;1.49389e-08;1.13173e-07;6.31106e-08;4.52344e-05;0.00351788;3.43067e-08
7.46447e-05;0.318596;7.70355e-06;3.45739e-06;7.307e-06;6.7405e-07;9.93541e-06;0.00269173;0.00180773;3.21975e-06;1.4319e-05;0.669356;0.00741914;8.88403e-06
0.00420725;0.0437815;7.02895e-08;0.00067965;0.00186674;0.00181011;0.000818856;0.0164315;0.923836;6.51586e-05;0.00185794;0.000189845;0.00296987;0.00148576
6.00445e-05;0.000423759;9.90522e-11;1.67204e-09;1.77624e-06;5.14595e-09;6.56665e-09;0.999485;4.7442e-06;2.24775e-09;1.17132e-08;1.09971e-06;2.37286e-05;2.81044e-07
1.03277e-05;0.97683;2.19706e-05;3.26742e-06;5.49802e-05;2.04573e-05;7.86962e-06;0.0161235;8.02145e-06;1.5336e-05;6.22995e-07;0.00466473;0.000479055;0.00176033
9.78376e-09;1.61933e-08;0.999998;1.9573e-08;1.71178e-08;2.79522e-09;6.34451e-09;9.39743e-07;8.16157e-09;2.83286e-09;1.0972e-08;1.39963e-06;9.83058e-08;4.41898e-11
5.45947e-07;0.000114973;0.0142903;2.09094e-06;1.89986e-06;4.63573e-08;7.94776e-09;8.20256e-06;5.83429e-06;5.42997e-08;1.22435e-06;0.985562;2.64056e-08;1.28351e-05
2.90153e-06;0.992944;1.80231e-10;2.21347e-07;1.00683e-07;4.36359e-07;0.000547914;4.95482e-05;1.91863e-05;3.85265e-05;4.23216e-06;1.2529e-10;4.46919e-05;0.00634798
1.10921e-10;1.21116e-10;0.999998;4.91515e-11;1.35547e-09;1.22174e-12;6.46748e-12;7.73943e-11;9.49592e-11;5.93854e-13;2.91195e-12;1.65553e-06;2.18588e-14;2.60765e-12
2.60318e-05;0.523552;1.05212e-05;2.07534e-05;0.0016378;1.17047e-06;3.40954e-08;0.468553;5.29206e-05;8.45695e-08;1.74833e-07;0.00470423;0.000927872;0.000513232
1.89832e-07;7.75338e-06;1.63063e-07;8.98504e-09;4.89264e-05;1.25616e-07;7.91821e-10;0.999651;5.86432e-08;3.34023e-08;7.17285e-10;3.80319e-08;0.000291744;1.68292e-08
3.07879e-08;4.43604e-05;0.999923;1.43961e-07;4.99238e-06;1.96685e-06;7.18255e-12;4.13523e-08;1.21682e-11;1.73907e-08;1.39204e-09;2.10305e-05;2.67686e-07;3.9148e-06
3.83633e-07;0.997168;2.92668e-06;6.31069e-07;3.23435e-07;2.81832e-07;1.13471e-05;0.00248473;2.42947e-05;7.45407e-08;4.91782e-05;9.21475e-05;0.000161443;4.15031e-06
