1.13844e-05;0.994706;2.53898e-08;5.47452e-07;1.30002e-06;4.05855e-08;2.08483e-07;0.00482582;4.24477e-06;1.1074e-07;1.32468e-06;0.000213932;0.000230378;4.27631e-06
0.00010245;0.631616;8.06503e-05;8.77505e-06;0.0383967;1.69443e-06;3.34775e-07;0.100769;6.64722e-06;1.33133e-07;1.01805e-06;0.197576;0.0286612;0.0027803
0.000100922;0.172377;0.000568629;0.000750946;0.208141;0.0149516;2.23936e-05;0.0517842;1.76027e-05;5.72792e-05;6.53335e-05;0.285529;0.0472523;0.218382
2.78079e-05;0.00452714;1.33058e-07;3.99491e-06;2.4207e-05;3.63899e-05;8.48773e-07;0.0209293;2.07055e-05;8.69951e-08;0.000209887;0.000171567;0.974001;4.68715e-05
1.09709e-05;0.00377649;3.82499e-06;4.24949e-06;9.87752e-07;3.24198e-06;1.8949e-08;0.000348161;5.57033e-06;1.77109e-07;5.40436e-06;0.989448;0.00607788;0.000315328
3.0276e-06;0.989302;1.98488e-05;1.93996e-06;3.1996e-07;1.00345e-07;4.87672e-07;0.000114484;4.62688e-07;6.17133e-08;2.13165e-06;0.00935957;0.0011952;2.82198e-07
1.3958e-06;0.0972656;1.12925e-09;1.06135e-05;1.438e-05;2.39492e-06;8.45756e-05;6.68598e-05;1.83741e-07;0.000575152;2.46053e-07;0.000135316;5.18274e-06;0.901838
4.91867e-07;5.0063e-06;0.997631;4.6102e-07;3.5212e-07;7.1089e-08;0.00235441;1.94761e-06;1.3942e-07;1.39144e-06;4.63325e-06;9.39823e-08;2.35226e-08;3.57061e-08
0.000436637;0.592949;0.0273174;0.00106409;6.70892e-05;0.000575192;0.000306715;0.000409087;0.000151083;7.09046e-05;0.00210465;0.0280466;0.346477;2.48064e-05
6.84382e-07;0.99961;9.66657e-10;1.16452e-08;2.80441e-09;8.5487e-09;5.37772e-05;1.51641e-06;8.1695e-09;1.3249e-06;3.78351e-08;5.34289e-07;4.70679e-08;0.00033191
7.39558e-11;7.05425e-11;1;2.26153e-12;4.89362e-09;5.33422e-11;1.26593e-12;9.15691e-09;1.73878e-13;1.23102e-12;6.26812e-14;7.2795e-08;2.15433e-13;4.12769e-11
1.18514e-06;0.0012466;5.70698e-07;4.00758e-07;1.89201e-06;0.00175509;5.51895e-07;6.96897e-05;5.47964e-06;2.84922e-07;9.4116e-07;3.51561e-06;0.996913;1.00834e-06
1.28201e-05;0.000164369;0.559478;6.33616e-05;0.00013925;0.000891866;0.000108116;1.05045e-06;8.94918e-06;0.00055614;1.47714e-05;0.435456;8.47761e-05;0.00302111
7.57374e-07;4.45294e-07;0.999767;4.71373e-06;2.52173e-07;1.14455e-06;5.20908e-05;1.21241e-06;2.20497e-05;8.10196e-07;0.000149173;1.53958e-07;1.2799e-08;1.5325e-07
9.62128e-06;0.991125;3.74541e-06;4.43283e-05;2.17423e-06;5.34118e-06;6.63624e-05;0.000140174;1.71269e-05;1.16882e-05;0.000257038;6.38504e-07;0.0081653;0.000151324
1.56857e-06;0.000325225;0.00368805;2.29021e-06;4.68148e-05;1.3384e-07;4.26975e-09;2.23204e-05;1.46867e-07;6.94375e-09;2.04651e-06;0.99587;1.614e-05;2.50236e-05
0.000686762;0.941752;2.14215e-06;5.85709e-05;0.000108727;0.000133015;0.00048978;0.0170108;0.00211661;1.01308e-05;0.00180525;0.0114998;0.0222319;0.00209436
3.51005e-06;0.000363912;8.92155e-10;7.1503e-08;4.91886e-07;1.54849e-07;5.32751e-09;0.0442547;4.8867e-06;1.02497e-08;2.31762e-06;3.11255e-05;0.955337;1.50499e-06
0.00015514;0.349862;4.21231e-06;3.8597e-06;9.18227e-06;0.000129336;3.0615e-06;0.0302097;2.38186e-05;5.62122e-05;2.38101e-06;0.00160018;0.611297;0.00664398
1.50372e-07;4.42575e-07;0.999923;3.18891e-07;7.62976e-07;6.57091e-08;2.91642e-08;6.15292e-05;3.87154e-07;1.6819e-08;9.1972e-07;1.23869e-05;9.70988e-08;1.96647e-08
1.01013e-07;0.00256906;0.000370979;2.03159e-06;2.50272e-07;1.94428e-08;1.09504e-05;0.00129331;9.33711e-08;1.59751e-06;7.08091e-07;0.0014722;1.87845e-05;0.99426
1.26498e-08;4.9232e-06;1.19486e-10;5.59868e-08;0.000574107;1.55439e-06;5.97354e-08;0.999415;3.29545e-07;5.04024e-09;8.45746e-08;4.61599e-08;7.15254e-07;3.44802e-06
4.47473e-09;2.29543e-06;0.999944;1.07175e-05;2.95578e-05;1.3649e-06;4.47307e-09;3.72095e-07;1.07833e-10;8.11019e-08;1.74312e-08;4.06986e-06;1.45212e-06;5.86486e-06
5.39582e-06;0.51607;1.05166e-09;5.13813e-08;3.0043e-05;3.82493e-09;1.08722e-05;0.483732;3.71655e-07;1.19945e-08;1.77674e-06;1.57595e-06;9.82141e-05;4.99811e-05
8.16148e-07;0.0644534;0.918473;1.55738e-05;0.00165734;4.43525e-05;7.25081e-08;3.70913e-05;1.12223e-09;7.12127e-07;7.12975e-09;0.0116922;0.00082947;0.00279627
1.4094e-06;0.0106419;4.99133e-10;1.46061e-08;2.5989e-06;1.68025e-08;4.1873e-09;0.988492;2.25499e-06;5.48087e-10;1.05331e-07;0.000258322;0.000601112;5.60793e-08
3.25362e-06;0.996138;1.66935e-05;3.7007e-06;4.40042e-08;7.15228e-09;1.84346e-07;2.56265e-06;9.42441e-08;9.27354e-08;7.90142e-08;8.66572e-07;0.00383403;3.90714e-07
4.84885e-05;0.0432543;2.387e-07;1.36565e-06;7.17348e-07;1.77976e-07;2.73347e-07;9.61758e-05;2.32097e-05;2.94147e-08;3.72409e-05;0.953828;0.00259276;0.000117107
2.45435e-05;0.0936118;1.98037e-06;4.23581e-06;0.00392913;3.58181e-06;4.01042e-08;0.0437112;4.20764e-06;2.63368e-07;3.67733e-06;0.742252;0.116199;0.000254931
1.00848e-08;2.3568e-08;4.08403e-09;3.84423e-09;1.66209e-09;5.46538e-06;1.86262e-08;7.60423e-09;7.56187e-07;6.22587e-09;1.14091e-07;1.75439e-09;0.999994;6.36617e-10
4.44964e-08;3.92895e-06;0.999996;2.64667e-08;2.84606e-09;1.32342e-08;2.59463e-09;3.05871e-08;1.5997e-09;6.35444e-09;5.26079e-10;3.30353e-07;9.76546e-09;8.83592e-08
1.0105e-06;0.996135;3.66192e-06;1.2144e-05;3.5683e-06;5.5902e-06;3.6194e-05;0.00252152;0.000113251;1.10585e-06;0.000101403;2.63173e-06;0.00101236;5.04445e-05
