1.59013e-05;0.998984;3.32548e-05;4.51356e-05;2.60957e-06;3.89295e-08;1.27425e-06;0.000609088;7.64329e-07;1.1092e-06;2.05463e-06;0.000234687;6.82797e-05;1.94089e-06
9.38304e-07;0.997969;2.41594e-09;1.42848e-07;4.73074e-08;1.78953e-07;7.40712e-06;0.000956295;9.08015e-08;7.70451e-06;5.82152e-08;1.56298e-07;0.00104867;9.55101e-06
2.6724e-11;2.07359e-09;1;8.67562e-11;3.83574e-09;1.42313e-10;1.26494e-11;1.782e-09;8.02225e-14;2.03021e-11;8.40987e-13;3.09767e-07;2.43374e-12;1.67808e-11
5.09135e-07;0.0874695;1.79758e-08;1.69231e-05;8.20821e-06;5.42957e-05;1.72553e-06;0.000578609;8.90678e-06;1.45259e-06;8.34806e-05;0.000189595;0.911545;4.15485e-05
2.3446e-07;0.000974041;0.998928;4.08992e-06;3.40195e-08;1.69416e-07;1.32738e-05;4.48322e-06;1.50784e-08;8.5499e-06;3.25741e-07;6.34392e-05;3.08707e-06;5.14524e-07
6.27085e-08;1.24449e-07;0.999994;8.18562e-08;1.23406e-08;2.83005e-08;1.57595e-06;8.10362e-09;2.03508e-07;7.18166e-09;3.50461e-06;2.99588e-07;1.1437e-09;1.51754e-08
8.33625e-07;0.995804;2.5084e-08;5.96656e-06;1.49513e-07;1.78381e-06;9.06888e-08;0.000609232;2.9063e-05;2.39477e-07;5.41615e-05;0.00268585;0.000801663;6.7292e-06
8.44522e-07;0.00111015;6.35684e-06;5.16673e-07;1.06587e-07;4.08441e-09;2.83232e-09;4.60222e-05;5.54162e-09;9.54787e-08;9.06938e-08;0.998832;6.99428e-08;3.60549e-06
5.63956e-08;0.999785;9.4139e-12;3.9025e-09;1.39025e-09;9.0832e-09;4.89228e-06;1.1682e-07;4.93635e-10;1.56359e-07;8.51387e-09;8.82889e-11;2.55059e-07;0.000209551
4.00006e-10;1.13899e-09;0.999969;7.29856e-10;2.48368e-08;5.02601e-09;6.23278e-11;3.09992e-08;5.99234e-12;1.79187e-10;8.60917e-11;3.12681e-05;1.24168e-11;9.00199e-10
1.64771e-06;0.848701;2.63731e-07;6.28041e-06;3.75241e-06;9.88272e-05;0.00211082;0.141645;2.46107e-06;4.1429e-05;8.56208e-06;3.066e-09;0.00730457;7.55128e-05
1.17535e-10;3.44917e-10;1;2.94855e-09;2.90285e-10;2.52874e-09;6.1956e-10;6.95776e-09;2.78749e-11;6.15871e-10;5.21178e-10;9.69042e-09;1.24374e-10;8.35759e-12
7.52777e-08;5.89587e-05;0.986787;2.23049e-07;1.20914e-07;9.63285e-08;1.08829e-08;0.00030279;4.56987e-09;5.32024e-08;3.37483e-08;0.0128475;9.34286e-07;2.30446e-06
1.21825e-07;0.000489263;1.57389e-06;4.52016e-06;0.00721864;0.0140625;1.32733e-07;7.38896e-06;7.13662e-08;2.91725e-06;3.54626e-06;6.97397e-06;5.02325e-05;0.978152
8.87515e-06;0.0103469;0.000727484;8.64179e-05;0.000433629;0.00186239;1.94858e-06;0.0042108;1.46e-06;1.72331e-06;0.000328218;0.935353;0.0463289;0.000308393
0.000109168;0.94477;9.19238e-05;1.60177e-06;5.85669e-05;0.000255091;1.43347e-06;0.0094721;4.10876e-07;6.74669e-08;8.58567e-06;0.000377148;0.0448293;2.45928e-05
9.5219e-07;0.0772124;4.54057e-09;7.80093e-07;3.04882e-05;0.0001175;5.09815e-08;0.212449;1.78243e-07;8.96546e-08;3.42941e-07;5.21139e-05;0.709673;0.00046329
3.71215e-06;0.945464;2.27672e-06;2.97109e-06;6.95002e-06;3.11984e-05;0.000348896;0.00014724;3.7745e-09;0.00769191;4.12595e-08;1.08917e-06;0.000103534;0.0461957
1.18621e-09;3.73908e-09;0.999785;1.50804e-09;6.97707e-09;1.91503e-08;2.97053e-08;3.46161e-10;6.39137e-11;7.08418e-09;2.12796e-09;0.000215235;2.53511e-12;1.39594e-09
2.11179e-05;0.969985;2.74076e-07;1.33239e-06;1.25519e-07;2.35421e-07;4.53928e-05;0.00209766;4.75733e-05;4.59305e-07;0.000150585;0.000379382;0.0272706;2.20257e-08
1.193e-05;0.995083;1.49699e-06;5.25585e-07;3.10572e-06;5.66523e-07;0.000193139;0.000975308;1.52153e-06;8.36629e-06;5.36006e-06;0.000837559;0.000921562;0.00195611
1.58617e-05;0.00210558;3.55822e-06;2.85774e-06;3.89814e-05;6.40681e-05;6.93567e-06;0.000115377;5.48817e-06;1.18396e-06;3.4201e-06;0.995704;0.00046437;0.00146879
1.3744e-07;0.99616;4.11481e-11;3.22026e-09;5.00577e-09;3.13934e-09;7.88856e-05;1.61357e-05;4.65739e-09;2.14006e-06;4.74564e-10;1.97247e-10;1.04067e-06;0.00374214
1.55015e-11;8.93457e-12;1;1.44288e-11;1.06046e-10;1.09489e-10;8.22826e-12;2.17862e-10;1.65818e-12;9.17255e-12;3.43982e-12;4.06388e-08;7.67307e-14;1.42014e-11
7.53657e-07;0.000825806;2.20756e-09;8.60019e-08;3.14595e-08;7.92998e-08;1.31974e-08;0.00875242;1.04119e-05;5.39763e-09;4.65925e-06;1.7826e-06;0.990404;5.99257e-09
4.38377e-05;0.00448777;4.38144e-06;2.29938e-05;0.000102059;2.86398e-06;2.84202e-08;0.113363;4.75136e-05;1.67742e-06;7.28974e-05;0.877172;0.00428647;0.000392077
4.53803e-05;0.867807;6.26231e-06;4.22698e-05;1.51979e-05;9.03709e-05;0.052711;0.0101988;1.30766e-05;0.0364361;4.92923e-05;3.83788e-07;0.00398045;0.028604
1.74816e-10;2.34093e-10;0.999999;1.94531e-09;5.4682e-10;2.58682e-09;3.2659e-09;1.4688e-10;9.50679e-11;2.61492e-10;1.03099e-08;1.46582e-06;7.89761e-12;1.73585e-10
3.62575e-06;0.980478;1.05403e-05;9.80904e-06;9.40175e-07;1.47225e-05;2.44525e-05;0.00753369;5.00669e-06;1.85773e-06;6.01204e-05;0.000701534;0.00767908;0.00347634
1.10557e-06;0.000307943;8.32469e-09;7.41767e-07;1.24284e-06;4.83286e-06;7.26777e-07;0.0168279;2.64684e-06;8.16344e-08;0.000184241;5.53419e-05;0.982612;1.51474e-06
1.2052e-06;0.000191458;1.83524e-07;1.60023e-06;3.77e-07;1.27342e-06;9.18725e-10;0.000199905;1.42648e-06;3.19379e-08;6.61178e-06;0.997462;0.00212192;1.21429e-05
7.72803e-06;0.173078;1.1176e-05;3.67479e-05;0.000560619;6.20579e-05;7.18082e-05;0.824775;2.18503e-05;5.73236e-05;0.000366622;0.000386778;0.000421699;0.000142058
2.60997e-05;0.994205;1.18283e-05;4.40384e-05;0.000395906;7.44878e-05;1.59683e-05;0.000285364;3.77043e-06;1.1159e-06;1.24708e-05;0.00302;0.00149565;0.000408484
0.00185647;0.0783363;2.02136e-07;0.00145838;0.00179433;0.000297494;4.71653e-05;0.886209;0.00201578;0.000217137;0.000738333;0.0118694;0.00955217;0.00560793
0.000257444;0.966247;5.95371e-10;7.7017e-06;9.43038e-07;1.09744e-06;9.7323e-06;0.000935839;0.00120109;3.11879e-07;0.0027301;1.06757e-05;0.0285967;9.0468e-07
0.005987;0.127662;6.16896e-05;1.40698e-05;0.00186135;0.00030671;4.23798e-07;0.676228;0.000200093;6.74176e-06;7.70551e-06;0.13964;0.0233667;0.024657
2.80991e-06;0.0662909;1.10362e-06;2.5316e-05;4.2348e-05;1.12267e-05;2.18136e-07;0.000347977;3.67633e-05;4.98744e-07;1.39071e-05;0.932102;0.000380227;0.000744925
0.000187899;0.112667;2.07593e-05;4.54904e-05;3.0597e-05;1.55845e-07;6.86192e-06;0.866835;0.000210378;7.08872e-07;0.0015094;0.0171398;0.00134559;8.43869e-07
0.000462833;0.257263;0.000223548;0.00262105;0.0171054;0.00013133;1.24557e-06;0.00114476;0.000813504;6.49798e-05;0.000330377;0.624622;0.00239304;0.0928229
0.00486084;0.0158973;7.1185e-08;2.50372e-05;4.60828e-05;3.76059e-06;6.0871e-05;0.00365079;0.952074;4.62745e-06;0.0153587;0.00569422;0.0023061;1.74849e-05
8.73102e-07;9.97729e-05;3.54751e-12;5.31241e-11;1.42577e-07;1.25465e-10;5.97518e-11;0.999898;2.45471e-07;9.476e-11;8.86975e-10;8.55195e-08;1.30249e-06;4.99593e-09
2.99098e-07;1.24875e-05;2.28005e-06;1.56892e-06;0.00343596;0.000153652;9.95477e-10;5.00379e-05;2.74833e-08;1.17412e-07;1.70353e-08;0.25461;5.96513e-06;0.741727
2.35606e-07;6.24959e-05;3.12212e-09;1.4225e-08;2.03874e-08;9.50338e-09;5.35018e-09;0.0013215;2.81844e-07;5.78998e-10;1.1486e-06;7.47098e-08;0.998614;2.23475e-08
9.97632e-07;0.00178774;1.11351e-06;9.77364e-06;9.09042e-06;2.10181e-06;6.33136e-09;8.68377e-05;4.87551e-06;4.33342e-07;2.06643e-06;0.995873;0.000419374;0.00180271
5.47378e-06;0.00013107;5.63716e-11;4.17583e-06;8.24611e-06;1.25752e-07;3.76073e-08;0.999323;0.000279451;2.3951e-08;0.000218758;2.21709e-06;2.60791e-05;1.00848e-06
4.60824e-07;0.102546;7.0717e-08;5.74296e-06;1.39665e-07;1.40584e-07;0.000107963;7.27316e-08;9.01988e-09;8.13034e-05;1.05424e-06;4.75414e-08;1.56644e-08;0.897257
1.15781e-07;9.4611e-09;0.999598;1.92215e-06;2.9272e-08;2.67588e-08;9.31701e-07;1.29769e-08;3.24865e-07;2.1425e-08;0.000353725;4.52887e-05;1.58801e-11;3.77608e-09
7.83607e-08;0.976908;9.00863e-10;1.61407e-07;1.8165e-09;2.16917e-09;1.58578e-08;1.97656e-07;5.96873e-10;2.94496e-09;1.07629e-07;9.03625e-10;0.0230917;4.19308e-09
3.84459e-07;0.00104986;2.05058e-07;2.2706e-07;8.08668e-08;7.83997e-09;1.49481e-08;0.000247924;1.59561e-08;2.05502e-09;5.8668e-07;0.998341;0.000107788;0.000252303
9.6848e-06;0.164161;2.90703e-05;0.000356959;0.00115531;0.00241858;1.76534e-05;0.532064;1.22979e-05;1.17958e-05;0.00118681;0.00532221;0.289573;0.00368136
3.69746e-09;9.02514e-06;6.34608e-08;1.20484e-08;5.1564e-10;1.75707e-05;9.56943e-09;8.44306e-09;1.58977e-09;9.90433e-09;1.50327e-07;1.84811e-08;0.999973;5.83325e-09
9.08302e-09;1.74046e-07;0.999999;3.10971e-08;7.79336e-09;2.76197e-08;3.64517e-10;1.26657e-08;3.12413e-11;2.61948e-09;6.85584e-10;5.03384e-07;2.6682e-09;2.66464e-07
4.05657e-06;0.996082;1.24819e-06;1.50771e-05;1.56237e-05;3.06519e-05;1.84948e-05;0.00165428;5.83253e-05;6.72678e-07;0.000636293;6.20939e-06;0.00120497;0.00027232
