5.16247e-07;5.62271e-06;1.08898e-11;1.43917e-09;8.80298e-09;2.99393e-10;2.64505e-08;0.999981;8.35204e-06;2.16466e-09;2.30395e-07;2.06679e-09;4.00419e-06;2.35161e-09
3.37611e-05;0.00132919;0.000417783;8.94821e-06;7.84703e-05;2.01562e-07;6.46282e-06;0.00140482;7.81014e-05;7.49269e-07;9.34012e-06;0.993201;5.9162e-06;0.00342483
3.85658e-07;0.991086;4.35449e-09;8.37558e-08;1.38513e-07;1.60519e-07;5.11507e-06;0.000999557;4.78077e-07;7.2582e-07;3.78196e-08;2.75969e-08;0.00788917;1.83637e-05
4.19727e-11;5.79566e-10;1;6.54887e-10;2.42462e-09;3.65279e-10;1.38194e-11;1.77831e-09;1.48374e-11;1.73027e-11;3.07209e-11;3.53691e-07;2.53205e-11;2.45315e-10
5.74053e-05;0.863478;0.0369758;0.000768741;2.01784e-05;1.97562e-05;0.000115661;0.0702535;5.61659e-05;3.85151e-06;0.000295123;0.00273436;0.0249156;0.000305699
1.97385e-05;0.789203;1.85616e-05;0.000182584;8.36567e-06;0.000413828;2.4155e-06;0.196602;8.49462e-06;6.91005e-06;0.000198772;0.000154347;0.00193545;0.0112455
1.19219e-05;0.0312511;3.51429e-07;4.48899e-07;3.24535e-06;1.98285e-06;1.69575e-08;0.0288411;8.57804e-07;2.37941e-08;1.76735e-05;0.00600613;0.933864;1.03019e-06
3.36494e-06;0.939777;9.25442e-07;9.27177e-05;1.80989e-05;9.17174e-05;7.18604e-07;0.000855662;8.19176e-06;8.13303e-06;2.05649e-05;0.0526834;0.00220869;0.0042308
2.87487e-06;0.000226331;2.10353e-06;0.000697021;0.25879;0.313238;2.15226e-06;0.00228641;2.02314e-06;0.000117342;5.52442e-05;0.0026925;0.00153375;0.420355
0.000129856;0.0118037;1.49839e-07;2.86796e-05;3.0585e-06;3.25418e-05;8.81085e-05;0.0184213;0.000511317;1.57877e-06;0.056867;3.52114e-05;0.912077;1.243e-07
3.05329e-06;0.984894;5.92227e-08;6.96839e-07;9.00211e-09;4.18427e-07;3.10139e-06;5.05472e-06;2.41031e-07;1.14459e-07;1.07905e-06;0.000190883;0.014901;7.63185e-08
2.78897e-06;0.0441111;4.80171e-07;4.10022e-05;0.00044749;4.01004e-05;2.27941e-07;0.0179121;5.53545e-06;4.71608e-07;1.33244e-05;0.933124;0.00268682;0.00161437
4.95927e-05;0.733943;2.74723e-08;0.011141;0.00243741;0.000336647;2.01966e-06;0.191811;0.000632095;1.56433e-05;0.0294414;0.017924;0.00672696;0.00553921
0.00260572;0.494984;0.000172172;0.00196977;0.00061598;0.000926748;5.54727e-05;0.129331;0.00191431;0.000227952;0.0711368;0.0542204;0.237004;0.00483504
9.42979e-05;0.954368;8.18427e-05;4.15224e-05;0.000305634;0.000658793;0.000466967;0.0346559;5.28516e-06;0.00278651;6.87429e-06;2.29185e-05;0.00340698;0.00309887
1.92272e-09;3.72879e-09;0.999993;2.9201e-09;2.46264e-09;1.14259e-09;1.78584e-09;2.08382e-09;3.92594e-10;2.27345e-10;5.73526e-10;6.6615e-06;1.65486e-11;3.65383e-11
3.14761e-05;0.924881;3.50124e-08;9.95854e-05;1.41629e-05;5.28288e-06;0.000110444;0.0161928;0.00302048;2.29435e-06;0.00374309;0.0103637;0.0415286;7.32878e-06
1.28199e-05;0.971911;5.97615e-07;1.63693e-06;5.26479e-09;5.16083e-07;0.000918861;6.506e-06;1.06692e-05;2.83391e-07;0.000161855;0.000463107;0.0265121;3.81243e-07
4.65542e-05;0.496639;6.30565e-06;6.42657e-05;9.2414e-05;0.000254201;9.89515e-06;0.0369351;0.00026232;2.37433e-06;0.000270016;0.285372;0.179683;0.00036288
0.000869191;0.485503;1.57143e-07;0.00874335;0.00440351;0.00249713;2.17694e-06;0.254929;0.00482478;4.37035e-05;0.00194184;0.177755;0.01495;0.0435369
0.00291697;0.0970345;2.15369e-05;0.000220426;3.08421e-05;0.00112038;6.31721e-06;0.00465364;0.00394881;1.68458e-05;0.00276028;0.137525;0.746669;0.00307553
0.000280863;0.0593348;0.000150992;8.14071e-05;0.00220308;0.000135743;1.04839e-05;0.00887937;1.56584e-05;2.45452e-06;0.000174666;0.875807;0.0509785;0.00194482
5.07057e-05;0.029687;2.14934e-05;0.000267283;0.00036369;0.000109617;3.66986e-07;0.929031;6.24107e-05;6.76268e-06;0.000122807;0.0186749;0.0201734;0.00142879
2.40441e-05;0.981912;1.1123e-06;0.000432102;0.000867049;0.000387191;8.13813e-07;0.00660139;4.82919e-05;2.55588e-05;0.0001685;0.000767706;0.00486333;0.00390105
0.00015412;0.00142459;4.50444e-07;8.52076e-05;0.760051;0.158472;7.95239e-05;0.029357;2.11241e-05;0.000824157;0.000100649;5.55403e-05;0.00189714;0.0474784
1.17306e-07;5.12372e-09;0.999999;8.65095e-09;1.96593e-08;2.06332e-09;9.03815e-08;8.20423e-09;8.85988e-09;6.5245e-10;1.64446e-07;4.22243e-07;8.59816e-08;5.4225e-11
1.77272e-06;0.000300134;0.000634656;1.05588e-06;6.80648e-07;3.4208e-08;2.29763e-08;3.36679e-06;2.89316e-05;1.72335e-08;1.0473e-05;0.999015;2.47327e-07;3.12739e-06
2.48935e-07;0.999077;2.34589e-11;3.40348e-08;9.15938e-09;2.55414e-08;3.71579e-05;1.31856e-05;7.52761e-07;6.90261e-06;2.67336e-07;6.1819e-11;1.17033e-05;0.000852502
6.02219e-11;2.21051e-10;0.999996;2.64159e-10;1.01284e-09;1.90119e-12;1.20658e-11;2.05564e-10;4.79496e-11;3.63204e-12;9.65938e-12;4.41652e-06;7.63821e-14;3.23218e-11
2.60449e-05;0.795704;1.52548e-05;4.32138e-05;0.00047875;1.13952e-06;2.32085e-07;0.196424;0.000128723;2.50224e-07;1.76161e-06;0.004828;0.00126037;0.00108854
4.71266e-07;9.91258e-06;1.06424e-06;1.79107e-08;0.000108063;4.33956e-07;3.02404e-09;0.999487;1.13941e-07;1.00431e-07;2.87576e-09;1.42292e-07;0.000392971;9.97577e-08
1.67708e-08;1.44825e-05;0.999971;5.00417e-08;3.59652e-06;1.17516e-06;4.24071e-12;1.30681e-08;6.56567e-12;5.59506e-09;6.82432e-10;8.65001e-06;1.26477e-07;1.18242e-06
3.52697e-07;0.996533;1.45243e-06;2.11117e-07;3.70786e-07;3.19422e-07;3.8475e-06;0.00321171;1.44853e-05;2.65715e-08;2.59257e-05;2.22627e-05;0.000183106;3.05742e-06
