6.62876e-06;0.997829;0.00180258;4.0343e-05;1.11499e-06;2.37299e-07;1.711e-06;0.000127366;9.6469e-08;1.83694e-06;2.66003e-07;0.000125255;4.94656e-05;1.36082e-05
6.35461e-06;0.967305;6.17125e-09;0.000104046;3.22965e-05;9.96034e-06;1.52626e-06;0.0302636;0.000131947;4.26129e-06;0.000109717;0.00024577;0.00160486;0.000180638
0.000348477;0.0216439;5.42131e-05;0.000364961;0.000200841;3.34005e-05;6.60794e-06;0.000837307;3.15542e-05;1.01479e-05;0.000398337;0.975677;0.000274757;0.000118427
2.5707e-05;0.999034;3.89922e-08;1.50139e-07;4.5527e-08;5.0455e-08;1.21749e-05;3.36396e-06;1.66635e-06;6.27971e-08;1.58539e-06;0.000229961;0.000690967;2.76746e-07
1.16183e-05;0.018252;1.03069e-05;0.000193063;0.00363562;0.0210113;2.56417e-06;0.00187709;7.97561e-05;6.95079e-06;6.40991e-05;0.253423;0.000296373;0.701137
4.96981e-05;0.121833;2.01144e-05;5.01036e-05;1.889e-05;7.65334e-05;1.96492e-06;0.00334604;7.90952e-06;3.16967e-07;1.97136e-05;0.00256032;0.872009;6.08152e-06
1.70679e-05;0.648756;1.03655e-06;5.08742e-05;8.55155e-05;0.000100629;6.18928e-06;0.00312457;3.61569e-06;4.6536e-06;9.38326e-06;0.341344;0.00265317;0.0038432
1.24426e-08;3.68367e-06;0.999964;3.38019e-07;4.73296e-07;1.06948e-06;2.52678e-08;3.89006e-08;1.64022e-10;1.0927e-08;3.34537e-09;1.13214e-05;1.49767e-07;1.90392e-05
1.85721e-06;0.779616;2.68876e-09;4.54526e-06;5.57843e-07;1.46894e-06;0.166324;0.0525371;4.45309e-05;5.18868e-05;7.82263e-05;1.81003e-09;0.000701346;0.000638842
1.5392e-09;3.51993e-09;1;2.98501e-09;7.73045e-10;8.83066e-11;8.6691e-09;7.70772e-09;9.92254e-11;3.53132e-10;6.46945e-09;1.16309e-08;7.83491e-11;1.544e-12
0.000219031;0.630668;8.45466e-07;7.82785e-05;0.000199058;4.18937e-05;0.000286721;0.308815;0.00163755;3.60585e-05;0.00495778;0.00368625;0.0488547;0.000519515
0.000119047;0.784819;0.0560918;0.000729961;0.0111162;0.000301805;7.7469e-06;0.000880324;1.04204e-06;0.000187747;8.39847e-05;0.00877879;0.134782;0.0021003
1.89931e-05;0.954613;6.95151e-06;1.21596e-05;2.4205e-06;1.61761e-07;0.000174622;0.000948508;0.000119228;7.876e-07;0.000212951;0.041161;0.00251986;0.00020918
3.45519e-05;0.290149;1.88522e-07;7.02873e-05;0.000557921;3.70765e-05;1.04672e-05;0.00852561;0.000110332;4.38104e-05;0.000164741;0.644773;0.0386239;0.0168986
9.06393e-05;0.0184981;0.000143643;7.64852e-06;0.00177095;0.000276623;5.78977e-06;0.545774;5.42957e-06;6.02999e-06;2.67387e-06;0.414279;0.000368696;0.0187704
0.000212256;0.190647;1.62923e-07;6.35973e-06;0.000550071;0.00158789;4.01211e-05;0.737982;2.8671e-05;1.21317e-05;4.1123e-06;2.16683e-07;0.0670013;0.00192747
2.51067e-08;2.1708e-08;1;6.26142e-09;3.41198e-09;9.21803e-10;2.89366e-09;2.08223e-08;1.64169e-09;3.92923e-10;1.05605e-09;1.7735e-07;5.53988e-09;1.01373e-10
7.71779e-05;0.0532789;0.000505377;0.000320219;0.000335687;9.979e-05;4.90682e-06;0.153141;0.00301566;7.04557e-06;0.00033829;0.779082;0.00928814;0.000505826
0.000109982;0.320638;2.38985e-05;0.000264845;0.0214179;0.00465822;3.35269e-06;0.58545;0.00146586;2.24911e-05;0.00101359;0.0236037;0.04039;0.000938354
2.60748e-05;0.819725;3.66959e-08;6.49798e-06;0.0108783;0.0051611;2.56617e-05;0.155336;6.17012e-06;3.26617e-05;7.27585e-06;4.98971e-05;0.00291955;0.00582549
2.81536e-09;7.08605e-08;0.999999;2.05383e-09;1.29991e-09;4.23504e-10;1.20397e-09;2.88815e-10;1.50543e-10;2.40483e-11;9.66749e-10;1.09668e-06;7.38583e-10;1.1315e-11
4.37514e-05;0.452495;2.87448e-06;8.33746e-05;0.000105606;0.000324373;3.2623e-07;0.0229382;0.000670939;1.07613e-06;0.000119222;0.387991;0.1338;0.0014241
1.14814e-07;0.998209;2.64235e-11;1.52999e-07;2.85787e-09;1.47128e-07;4.03323e-08;2.94014e-06;5.06049e-08;1.74627e-08;1.00139e-07;9.13203e-06;0.00177778;4.20822e-08
8.63278e-05;0.148308;0.0049797;0.00067373;0.000830116;7.55958e-05;1.82664e-06;0.000718851;5.32536e-07;4.05659e-05;8.0747e-06;0.837026;0.000578638;0.00667216
0.000406535;0.930523;9.07832e-06;0.00018758;4.84202e-05;4.85453e-05;0.00206118;0.00299736;0.000303618;3.66666e-05;0.000649564;0.003618;0.0590465;6.40404e-05
0.000486746;0.197702;1.83361e-05;0.000284308;0.00499171;8.39024e-05;2.26027e-05;0.70904;0.000300535;6.98066e-05;0.000234188;0.0411967;0.00729284;0.0382757
0.000138415;0.622496;0.000897348;9.19221e-05;8.40503e-05;8.83953e-07;8.23116e-06;0.000715785;6.86582e-05;5.29021e-07;4.54429e-05;0.370788;0.00452915;0.000135306
3.28146e-05;0.206618;6.4094e-07;7.77771e-06;5.33593e-05;6.58157e-07;7.98924e-07;0.00434764;3.6608e-05;7.63402e-07;1.1003e-05;0.588099;0.199047;0.00174388
1.02754e-05;0.0787272;3.19504e-06;1.12922e-06;0.000135929;2.33077e-05;4.46672e-07;0.904953;1.72585e-06;4.90307e-07;1.59315e-07;0.0132756;0.00193138;0.00093608
5.6314e-05;0.0826612;1.00881e-07;2.79572e-06;6.71005e-05;0.000322;8.77147e-06;0.782621;1.03676e-05;5.5484e-06;4.55913e-06;1.27005e-06;0.133838;0.000401055
3.90291e-08;2.02789e-08;0.999998;4.4361e-08;1.04426e-09;5.45909e-09;1.73787e-08;1.17683e-08;1.24282e-08;1.92342e-09;1.34635e-08;1.67046e-06;1.12752e-08;1.36051e-10
2.28668e-05;0.0152108;0.000129742;0.000182989;1.18102e-05;2.14487e-05;1.65709e-06;0.0455559;0.00110936;5.9136e-06;0.000361162;0.936624;0.000590137;0.000172487
3.0384e-06;0.9936;1.038e-08;5.11198e-07;1.64137e-06;9.60133e-06;8.42078e-07;3.61423e-06;1.25784e-07;4.2803e-07;9.54417e-07;1.03117e-05;0.00603807;0.000331148
4.6194e-07;0.00179398;3.58226e-05;5.50674e-06;0.000521115;6.64131e-05;2.49956e-08;0.00121184;6.44482e-08;3.61936e-07;6.50545e-07;0.995238;5.21073e-05;0.00107319
2.92329e-05;0.546199;4.04246e-07;0.00022071;6.94342e-05;0.00550075;2.12184e-05;0.0506452;0.0045568;3.91063e-06;0.00271033;0.000339285;0.389688;1.53066e-05
2.06333e-08;0.999137;3.44323e-12;5.64813e-08;1.32212e-09;3.45089e-07;8.74303e-09;3.02081e-06;5.21116e-09;6.1193e-09;6.68656e-09;1.84549e-06;0.000857842;7.98678e-09
5.98149e-05;0.105159;0.0411584;0.000702816;0.000782846;0.000569703;2.00655e-06;0.00133534;3.91471e-07;2.83747e-05;2.45365e-06;0.825332;0.000940498;0.0239259
1.34703e-05;0.91627;7.75309e-09;2.92425e-05;8.30417e-06;1.00411e-05;2.03422e-05;0.00183817;1.26848e-05;8.28267e-07;7.69965e-05;6.1693e-05;0.0816226;3.54408e-05
0.000237659;0.0573729;8.29538e-07;0.0740559;0.0928905;0.0166412;1.01037e-06;0.0334635;0.000382531;0.000292491;0.00220001;0.0225425;0.000288009;0.699631
0.00767754;0.526384;5.77652e-05;0.00166932;0.000221265;0.000935907;3.90295e-05;0.00514933;0.0142937;0.000128524;0.0273858;0.304482;0.105502;0.00607343
6.28488e-05;0.00574025;7.07595e-07;1.06049e-06;0.00304702;7.65745e-06;5.44503e-07;0.98733;1.21835e-05;7.59903e-07;3.53906e-06;0.00325951;0.000107893;0.000425921
0.000195681;0.0307611;1.72269e-09;8.38288e-07;3.19079e-05;2.78857e-06;1.06771e-05;0.963186;0.000168425;4.77966e-06;1.02955e-05;3.02888e-07;0.0056121;1.4933e-05
1.03039e-07;1.38202e-08;0.999999;4.51167e-08;5.01848e-09;6.98283e-10;2.81058e-08;1.40577e-08;1.22535e-07;2.29947e-09;1.00659e-07;4.1276e-07;6.00398e-10;5.45384e-11
0.000124129;0.125175;0.000381663;0.00076149;4.15031e-05;1.25108e-05;5.70934e-06;0.186198;0.025574;1.35793e-05;0.0041207;0.657418;0.000117599;5.61682e-05
0.000571474;0.84152;5.60917e-06;0.00224393;0.000471404;0.00382384;3.21848e-05;0.00383967;0.0106528;0.000653126;0.0142631;0.00456864;0.116949;0.000405157
0.000228032;0.183121;0.126583;0.000146228;0.00142178;4.95133e-06;1.9588e-06;0.000170641;1.38659e-06;9.0578e-06;8.11999e-06;0.686736;1.35857e-05;0.00155444
0.000234144;0.901902;6.88551e-09;3.22658e-05;0.000262829;4.8035e-05;0.00171538;0.0249868;0.00329533;0.00107326;0.000110549;1.71968e-05;0.00472074;0.0616014
3.72862e-08;3.12668e-06;0.999981;1.548e-08;8.25529e-08;1.2009e-07;3.03954e-09;1.14277e-05;6.40317e-09;2.05015e-09;6.98744e-09;2.18305e-06;2.17412e-06;6.11675e-09
8.88678e-05;0.561832;1.13297e-05;7.78958e-05;0.0274822;0.00481329;2.2369e-05;0.241653;4.43077e-05;3.8245e-05;4.48943e-05;0.0353412;0.0606449;0.0679055
0.00492354;0.29793;0.000919407;0.0183322;0.00133457;0.00138882;0.00316857;0.138117;0.00561757;0.00316096;0.0360997;0.434257;0.00177351;0.0529768
0.00739347;0.00226614;0.266079;0.000494619;0.000293974;5.48009e-05;7.13996e-05;0.719555;0.000757184;2.53843e-05;0.000366873;0.00234986;6.41165e-06;0.000285082
5.44296e-06;0.000333044;4.69222e-05;1.6819e-07;1.34297e-05;4.85113e-05;3.17963e-09;1.74527e-05;1.78921e-08;1.72827e-07;1.46118e-08;6.96568e-05;9.05016e-08;0.999465
0.00012633;0.0042629;2.39792e-08;5.57207e-08;2.35232e-05;9.88703e-05;3.59125e-07;0.993716;3.68948e-06;6.48003e-08;1.18907e-06;8.57452e-08;0.00174978;1.75414e-05
4.02315e-08;6.51545e-07;0.999996;4.33692e-08;6.72316e-10;1.34499e-09;3.49236e-09;2.03706e-07;4.85298e-09;7.16445e-10;2.31863e-09;2.51229e-06;7.70745e-07;4.98134e-11
2.35186e-06;0.000863878;0.000103199;8.72898e-05;8.79227e-06;1.34393e-05;2.16048e-07;0.00879904;3.3368e-05;2.11752e-06;5.73694e-05;0.989031;0.000106769;0.000891654
7.97641e-07;0.977996;2.80244e-08;7.48594e-06;7.17305e-06;0.000103896;3.21069e-06;3.17949e-06;5.3256e-08;2.58116e-07;1.65115e-05;2.57288e-06;0.0218505;8.57775e-06
6.30261e-06;0.121628;2.4033e-06;1.96599e-05;0.000829411;0.000207163;1.61068e-08;0.0368813;7.80237e-08;8.57258e-07;6.69123e-07;0.811139;0.0230503;0.00623519
1.25147e-05;0.836477;1.19709e-06;0.00315917;0.00177003;0.00774335;0.000101892;0.0183568;7.73888e-05;0.000102552;0.000339127;0.00568164;0.113783;0.0123942
1.53169e-05;0.953515;6.92495e-07;0.000520775;6.17099e-06;7.53665e-05;1.99168e-06;0.00121024;4.71877e-06;6.93291e-07;3.30971e-05;0.0012759;0.0432257;0.000114036
2.95566e-06;0.00446027;6.54685e-09;9.01395e-08;7.21989e-05;3.99997e-08;5.98692e-09;0.995396;1.04363e-08;1.64925e-07;4.30966e-09;5.26618e-06;5.7461e-05;5.73707e-06
5.96666e-07;0.000448687;0.998789;9.78527e-06;2.13009e-05;7.53653e-05;2.90001e-08;6.82654e-08;2.89746e-09;3.86544e-06;3.30019e-07;0.000573102;9.33367e-06;6.81251e-05
1.08778e-06;0.103852;1.41424e-08;5.11656e-08;1.92132e-09;6.17945e-09;0.895693;3.53657e-07;3.15211e-06;0.000121702;0.000323788;2.29454e-08;2.9555e-06;1.51958e-06
3.50106e-10;5.05488e-10;1;6.98596e-10;1.89857e-10;2.02107e-10;6.06011e-08;1.29427e-09;3.48252e-09;4.69531e-09;7.98642e-09;5.13971e-08;7.78728e-13;5.50179e-12
4.19562e-05;0.956508;1.35033e-07;8.08523e-05;2.24241e-07;1.13323e-05;0.000676993;0.000386704;0.00124992;1.05968e-05;0.00208198;0.000877771;0.038072;1.51809e-06
0.000193642;0.548188;1.43926e-06;0.0004151;2.16648e-05;6.71649e-06;0.000168293;0.0165167;0.000712036;6.77381e-06;0.00327153;0.421743;0.00817654;0.000578255
2.39644e-05;0.453348;3.03527e-07;9.8609e-05;8.59613e-05;1.49206e-06;5.20436e-07;0.53583;1.9121e-05;1.60728e-06;3.85045e-05;0.00783843;0.00124628;0.00146722
1.75656e-05;6.40867e-05;5.05079e-06;1.66851e-05;0.0021088;2.40752e-06;5.95699e-06;0.000578728;0.000185101;2.49314e-05;0.000606954;0.98458;1.98048e-06;0.0118023
0.000231816;0.686984;0.00145574;0.00115662;0.224032;0.00603562;0.00028371;0.0232969;3.11822e-05;0.000531736;0.000756935;0.00097652;0.0536767;0.000550167
0.000149764;0.96539;0.0137549;2.33775e-05;0.00023451;0.000218597;8.22617e-06;2.02327e-05;1.54766e-06;8.02582e-06;4.33905e-06;0.00113827;0.00180268;0.0172456
0.000265646;0.272577;2.22845e-05;9.80848e-07;8.62164e-05;2.53203e-05;1.2849e-06;0.000326762;2.76967e-06;4.79713e-08;1.79471e-05;0.724832;0.00176689;7.47563e-05
8.16609e-06;0.854678;4.73944e-06;9.77453e-07;0.000112586;0.00197074;5.43314e-07;0.0985694;3.10628e-06;3.36845e-06;7.95073e-07;0.00160289;0.0205572;0.0224873
1.91884e-09;1.6657e-08;0.999998;2.93415e-09;1.82323e-09;7.11843e-09;1.64677e-11;1.26937e-06;1.17139e-10;3.69086e-11;3.34854e-10;3.44757e-07;2.85694e-08;3.60456e-10
1.76036e-07;0.000282106;8.16097e-05;3.62435e-07;3.49536e-07;1.35692e-07;1.26726e-06;9.40328e-05;8.20621e-08;2.51973e-07;1.24423e-07;0.00103754;0.000336941;0.998165
4.40991e-08;1.22501e-05;1.70225e-10;1.67456e-08;0.000472213;7.75069e-06;9.3124e-08;0.999503;1.6586e-06;7.86854e-09;5.65678e-08;3.50304e-09;2.21674e-06;1.89726e-07
5.03301e-09;4.18009e-06;0.999935;4.93386e-08;1.17794e-05;8.58666e-07;2.04453e-11;1.21023e-08;1.65662e-12;1.4918e-09;1.5229e-10;4.67533e-05;6.43417e-08;1.45119e-06
2.98489e-08;0.999853;3.90382e-09;2.7051e-08;1.23949e-07;1.87821e-08;2.45793e-06;3.02303e-05;1.89636e-07;1.71057e-09;3.56922e-07;1.82539e-06;0.000112194;1.67026e-08
1.50173e-09;1.29217e-06;0.999997;1.42524e-08;9.0861e-09;3.71104e-09;1.64316e-08;1.19499e-09;1.81632e-10;5.90814e-10;9.06238e-10;1.30706e-06;2.27994e-07;7.70752e-08
6.10651e-09;0.997703;6.72419e-10;1.23895e-10;1.51033e-08;8.70442e-10;5.44905e-09;0.00214642;6.42788e-11;2.85161e-10;7.36478e-12;1.26018e-06;0.000149077;5.01437e-07
2.25905e-07;0.00289261;4.97587e-08;2.0517e-06;1.88129e-06;0.00543842;2.05789e-06;0.000121843;3.84721e-06;5.84715e-06;8.27718e-07;2.55252e-06;0.985031;0.00649735
6.13739e-08;9.93325e-06;0.99907;6.64486e-07;5.77651e-08;2.01196e-07;2.97406e-07;2.52235e-08;1.17375e-09;5.70774e-06;2.46344e-09;0.000910356;1.12692e-07;2.24519e-06
3.13804e-07;7.79835e-08;0.999957;1.81364e-08;3.45422e-07;2.7233e-08;3.8834e-05;2.67055e-07;5.52561e-07;4.39955e-08;1.8656e-06;6.04432e-07;2.22046e-10;1.09088e-09
1.89343e-07;0.990203;3.14022e-08;2.87273e-09;2.90847e-09;3.98115e-08;1.05571e-06;5.4264e-07;1.40212e-08;4.99021e-09;1.35027e-08;8.18681e-05;0.00971349;1.02248e-08
7.3001e-06;0.00322929;4.45996e-05;6.78695e-05;0.00135235;0.00356338;3.46506e-06;0.00153188;6.44034e-05;4.35532e-06;5.12804e-05;0.915656;0.000167108;0.0742566
4.39056e-06;0.97636;3.80371e-08;9.79329e-05;4.53999e-06;3.05462e-05;3.88853e-06;0.00146692;3.49364e-05;2.97611e-06;9.37188e-05;0.00212468;0.019574;0.000201691
3.05004e-05;0.00198057;0.00231168;0.000126212;2.21536e-05;8.40663e-07;1.5871e-05;4.63336e-05;1.36064e-06;1.06934e-05;6.9244e-06;0.994826;1.83989e-06;0.000619511
3.3695e-05;0.993297;1.30105e-05;7.32234e-05;2.49099e-06;7.62731e-07;9.0433e-05;1.8539e-05;1.80535e-05;7.20193e-06;5.05243e-05;0.000126577;0.00626141;6.96224e-06
1.28896e-08;0.999663;3.74834e-12;2.28632e-10;8.73517e-11;1.36987e-09;2.29168e-08;4.21835e-07;2.03631e-10;1.80094e-08;9.04219e-11;1.47503e-08;2.69604e-07;0.00033649
6.10722e-11;3.31692e-10;0.999981;3.75913e-11;4.63123e-08;8.04934e-10;1.05512e-12;1.30286e-07;1.84584e-13;4.99409e-12;5.01759e-13;1.85032e-05;2.78251e-13;7.70216e-10
6.56196e-06;0.889933;2.31561e-06;3.89899e-06;0.000171862;0.000563075;0.000534164;0.0297177;1.05624e-06;2.8717e-05;2.73503e-06;3.39276e-08;0.0788905;0.000144757
1.83998e-09;2.41227e-08;1;6.64975e-09;7.44801e-10;2.75718e-09;1.88514e-09;2.6791e-08;7.56856e-10;4.99874e-10;7.00554e-09;6.57532e-08;1.28158e-08;4.28208e-11
7.61608e-08;2.5073e-06;0.99934;1.31747e-07;6.64012e-08;1.30024e-08;2.53043e-08;0.000133052;3.23303e-08;2.07509e-08;1.603e-07;0.000522895;3.10811e-08;8.68009e-07
1.2549e-07;9.96106e-05;0.000533955;1.5872e-06;5.59627e-05;0.00282982;3.03152e-08;1.16774e-05;1.21882e-08;7.19922e-07;9.0806e-07;0.000144463;6.96027e-07;0.99632
2.9073e-05;0.116036;3.30596e-06;2.99846e-06;3.40339e-06;0.000141801;1.85668e-06;0.00407094;2.31918e-07;1.68228e-07;4.60148e-06;0.00029284;0.879411;2.27736e-06
8.85383e-05;0.778274;1.32291e-06;0.0015828;0.000286805;0.00507264;1.86131e-06;0.164285;9.70185e-06;0.000198176;3.86741e-06;0.0094599;0.00745743;0.0332774
5.03814e-05;0.155568;3.11916e-05;3.07818e-05;4.5679e-07;1.47096e-06;7.47439e-06;6.42408e-05;1.19775e-06;6.63371e-07;3.98654e-05;0.0824085;0.761795;1.20161e-06
7.6592e-06;0.967448;1.89564e-08;1.05359e-05;1.19868e-05;2.54492e-06;0.0300046;0.000209902;1.32348e-06;0.000653767;9.39057e-07;2.37374e-06;0.000184602;0.00146154
7.26933e-09;1.55602e-06;0.999978;2.7116e-08;1.347e-07;1.18342e-07;1.89458e-05;1.18744e-06;2.72733e-10;2.7455e-07;4.69686e-09;2.21733e-08;1.16235e-07;1.58138e-08
2.62114e-10;4.86655e-10;1;2.96381e-10;4.36588e-10;2.21053e-10;6.17201e-09;2.31961e-09;4.41047e-11;9.55942e-11;4.13896e-10;9.10235e-09;5.49905e-10;2.27601e-12
4.55652e-08;7.10188e-05;0.988906;5.27932e-08;4.89943e-08;1.57293e-07;2.02278e-08;7.04335e-06;1.16465e-08;8.72101e-09;2.31006e-08;0.0110016;3.70608e-07;1.34708e-05
7.27279e-08;0.0490995;5.16528e-09;5.93647e-08;4.00416e-05;3.98882e-05;4.998e-06;3.50255e-05;5.18369e-08;3.2303e-06;4.25908e-08;1.63023e-10;2.98732e-06;0.950774
8.16099e-10;5.39752e-09;0.999961;6.11347e-11;2.61227e-09;6.92172e-11;8.56828e-11;9.69555e-08;2.15752e-12;3.87814e-12;1.78455e-11;3.85069e-05;1.69978e-11;8.70924e-12
1.91873e-05;0.0264273;1.28795e-06;1.32455e-05;6.2548e-05;0.00015141;2.96106e-05;0.966617;7.29492e-05;7.36086e-07;1.68006e-05;0.000323527;0.00614572;0.00011889
8.05541e-06;0.943338;1.9426e-07;5.27541e-05;8.57003e-06;4.40976e-05;2.8374e-07;0.00194283;8.17604e-07;2.68246e-07;2.04249e-06;0.000132877;0.0544342;3.44477e-05
6.99925e-07;0.000627179;6.64803e-09;3.66984e-08;2.81936e-05;4.49674e-08;7.79613e-10;0.999292;2.31519e-09;3.20933e-07;4.86161e-10;4.60144e-06;2.8901e-05;1.79707e-05
2.82993e-07;3.31887e-05;0.997498;8.22911e-06;1.00761e-05;4.49574e-05;3.20631e-07;3.27972e-08;1.8508e-09;3.67462e-05;8.05123e-07;0.00232334;5.3184e-06;3.84612e-05
8.01867e-09;0.000145641;5.57345e-11;5.84705e-09;5.65296e-11;1.45887e-10;0.999668;7.94811e-10;3.68261e-07;0.000152951;3.24719e-05;1.76098e-11;8.2086e-09;6.88886e-08
4.60097e-09;2.85778e-10;0.999996;3.29565e-08;1.07449e-09;1.09755e-09;2.33115e-06;3.57225e-09;4.00594e-07;1.66546e-07;1.21381e-06;2.25848e-08;1.31027e-12;1.01511e-11
0.000126148;0.996856;4.11593e-07;3.80642e-05;2.10867e-07;7.13111e-07;1.40469e-05;0.002754;8.7494e-05;1.90914e-06;2.20418e-05;2.16845e-05;7.66853e-05;7.19613e-07
9.63455e-07;0.99772;2.64103e-09;4.45389e-07;3.45806e-09;3.60961e-09;0.00209399;1.10942e-05;2.88944e-07;0.000118098;2.75102e-07;3.90385e-08;9.83999e-07;5.34495e-05
8.01926e-10;9.60233e-11;0.999999;2.99833e-10;8.75321e-08;3.08482e-10;4.05397e-09;2.8984e-07;1.30099e-10;1.1851e-09;4.09443e-10;6.20541e-08;5.17001e-14;1.54256e-11
9.3049e-06;0.899825;0.000290816;1.43658e-05;1.16273e-05;1.19658e-05;4.28229e-07;6.82711e-05;6.56793e-07;1.69137e-06;2.86555e-06;6.44135e-05;0.0996983;2.17848e-07
7.36914e-06;0.968478;2.4407e-07;9.09996e-07;6.6115e-07;7.03191e-05;0.00405734;0.000121956;3.98081e-06;0.000156408;5.15831e-06;1.77697e-06;6.92997e-05;0.0270262
7.54155e-10;5.81236e-09;0.999998;1.1589e-08;4.77266e-09;3.74324e-08;2.83063e-09;2.89595e-09;1.81716e-10;1.83352e-10;2.78163e-09;2.14578e-06;1.62386e-11;3.16457e-09
4.15707e-05;0.0481742;1.82893e-05;1.98075e-05;0.000719931;0.00518076;5.85969e-05;0.424171;1.47098e-05;7.48082e-06;0.000135816;0.000155495;0.466799;0.054503
2.53142e-10;4.56482e-10;0.999999;3.79448e-10;4.55623e-09;1.82363e-09;1.0739e-11;7.66648e-07;3.9823e-12;7.45488e-12;5.6531e-11;6.71971e-08;1.24691e-09;5.4109e-11
1.14696e-08;1.89152e-05;2.59961e-05;4.28281e-08;6.69262e-07;1.31306e-08;6.93737e-08;7.5089e-06;1.92431e-09;2.0243e-08;4.29423e-09;6.2167e-05;3.61676e-07;0.999884
4.12634e-08;7.83384e-06;5.26214e-12;4.83414e-09;0.000207371;2.13969e-06;2.10769e-08;0.99978;3.95749e-07;1.19747e-09;1.89882e-08;5.84725e-09;1.74435e-06;2.3559e-07
2.40767e-09;1.44037e-06;0.999965;2.58644e-08;7.92603e-06;1.27164e-07;5.83224e-12;7.70401e-09;3.2677e-13;2.13153e-10;3.85356e-11;2.46042e-05;1.97242e-08;1.32315e-06
7.57546e-09;0.999531;9.86464e-10;3.68743e-09;5.07098e-08;6.43975e-08;1.21806e-08;2.14194e-05;8.2835e-09;3.02309e-11;2.79813e-08;4.07817e-07;0.000446512;2.43997e-07
1.14661e-07;0.922686;1.68493e-11;1.78498e-06;1.63995e-06;2.38332e-07;2.66335e-08;0.000939111;3.5528e-09;5.00239e-08;1.34196e-08;0.000392486;0.0759552;2.3819e-05
1.07115e-06;0.97697;7.16197e-06;1.11761e-06;0.000100883;3.8416e-07;5.99426e-08;0.00993492;9.4751e-10;6.22074e-07;9.13483e-10;0.0079338;0.00064548;0.00440447
2.40388e-05;0.14902;4.78873e-07;0.000331277;6.17391e-05;4.61605e-05;0.00155761;0.000703625;0.000235069;0.000218947;0.00115335;0.000574765;0.845535;0.00053798
2.01986e-06;0.00888048;0.990915;1.80548e-05;1.51013e-06;3.53317e-07;7.93599e-06;3.19939e-07;9.54016e-09;1.0806e-05;1.34641e-07;0.000133329;4.93787e-07;2.93959e-05
8.23798e-07;8.6893e-07;0.999947;2.17364e-07;7.69365e-08;8.41678e-09;2.43077e-05;4.30227e-08;3.74191e-06;1.15046e-08;1.5733e-05;7.05538e-06;5.41517e-08;5.24038e-08
3.37132e-05;0.16876;8.41106e-07;6.74169e-06;3.20032e-05;1.17156e-05;6.81702e-06;0.00380518;3.79092e-05;3.92142e-07;5.34645e-05;0.00132992;0.82523;0.000691735
6.35484e-08;0.000210275;3.13224e-09;2.03781e-09;2.13836e-05;1.42235e-08;1.19365e-10;0.998552;5.99116e-08;3.32304e-09;1.14027e-08;0.00120013;1.57926e-06;1.48077e-05
2.39892e-06;0.00316892;0.892863;0.00107288;0.0273623;0.012483;2.61482e-07;0.000164251;1.10011e-06;3.46186e-05;1.37568e-05;0.00472906;0.000118946;0.057985
0.000489288;0.176093;1.90134e-05;1.75732e-06;0.00102064;0.000869749;6.5355e-06;0.0239272;1.40572e-05;2.564e-07;2.10176e-05;0.00638026;0.789357;0.00180038
9.8517e-06;0.000240742;1.97274e-08;7.69975e-08;9.96174e-06;6.14355e-06;3.11703e-09;0.0498232;4.7559e-07;1.5097e-08;8.45496e-07;0.000176913;0.949724;8.18061e-06
6.38605e-06;0.000269871;1.0877e-06;1.40785e-06;2.44988e-07;5.01988e-07;1.21133e-08;9.4513e-05;3.19482e-05;1.26294e-07;9.03189e-06;0.998647;0.000921427;1.59558e-05
4.15778e-06;0.00965502;1.5751e-08;1.07609e-06;7.21819e-05;2.80109e-06;5.09549e-08;0.987013;2.74215e-05;1.27932e-07;1.82743e-05;0.00178288;0.00142021;2.87172e-06
0.000245665;0.883357;4.49394e-07;1.08758e-05;0.000147079;3.01582e-05;0.000384782;0.101211;3.52707e-05;0.00331979;3.99648e-05;5.59119e-05;0.00949565;0.00166713
1.41922e-07;2.6317e-08;0.999914;7.14693e-09;1.61316e-07;1.31277e-09;8.51601e-08;1.34436e-08;1.34291e-08;2.98153e-08;3.40635e-08;8.58854e-05;7.62561e-11;7.94498e-10
0.000813934;0.787735;2.02396e-05;1.82111e-05;0.000267201;3.89158e-05;0.000108224;0.0100671;0.004724;3.42138e-06;6.68305e-05;0.00517881;0.190439;0.000518884
0.000123485;0.329908;9.29093e-05;0.000102847;0.036547;0.00233472;1.83496e-06;0.199323;0.000750739;1.23316e-05;2.41294e-05;0.396532;0.0124854;0.0217612
3.03834e-06;0.0107599;7.19421e-07;1.1729e-06;4.11063e-07;3.01517e-05;2.83837e-06;5.6043e-06;1.53961e-05;3.39948e-06;1.13177e-05;3.91209e-05;0.989127;1.63659e-07
3.49357e-05;0.00941913;0.847691;0.000168538;1.7255e-05;8.21179e-05;0.000490682;1.86698e-06;4.06808e-05;0.00170702;2.98069e-06;0.140007;8.2755e-05;0.000253615
4.3229e-07;3.49557e-08;0.999972;2.58485e-07;3.11842e-07;5.39227e-08;6.96477e-06;5.44885e-06;1.03062e-05;8.69407e-08;4.26685e-06;2.61266e-07;2.88815e-09;1.69987e-09
1.1194e-05;0.983351;6.58233e-09;3.74589e-06;2.11211e-07;4.10261e-06;0.000135962;0.0142084;8.63999e-05;7.39782e-05;1.21642e-05;2.20931e-06;0.000839111;0.00127186
9.60166e-09;4.61157e-08;0.999816;2.74318e-08;4.70316e-07;1.5391e-08;2.28869e-09;5.86839e-07;1.89127e-09;3.39385e-09;3.3239e-08;0.00018318;8.1188e-10;2.47607e-09
6.16112e-07;0.764695;6.37017e-08;2.82847e-07;2.40509e-06;5.59894e-09;3.26153e-07;0.235114;4.17091e-07;2.13354e-08;5.88958e-07;0.000117418;6.08629e-05;8.74326e-06
7.47492e-08;0.994046;1.31619e-09;8.53017e-07;2.16546e-08;7.19669e-09;0.00176287;2.80362e-07;5.70916e-07;1.49492e-05;6.7062e-06;4.93624e-08;2.38728e-06;0.00416501
8.34547e-05;0.0500893;1.60405e-05;2.79427e-05;3.33542e-08;3.15939e-07;0.8118;0.00151706;0.0597245;8.07979e-06;0.0547681;4.12539e-06;0.0219605;4.50726e-08
1.98106e-06;0.839806;7.52332e-10;1.83695e-06;1.40131e-08;3.25266e-07;2.42893e-06;6.13501e-05;1.11218e-05;2.10408e-07;4.80601e-06;0.000181143;0.159929;2.37361e-08
3.11911e-05;0.0477114;0.0477723;0.000398862;0.000214452;1.8938e-06;1.94239e-06;7.49038e-05;1.63465e-06;1.76884e-05;7.36558e-07;0.895636;2.38616e-05;0.00811283
9.04834e-05;0.789303;3.09693e-09;1.90526e-05;2.66481e-05;8.11257e-06;1.95402e-05;0.0806352;0.0008923;1.51607e-06;4.39358e-05;5.13966e-05;0.128891;1.80145e-05
9.72011e-05;0.0792863;0.00214932;7.8357e-05;1.50876e-06;6.57649e-06;6.10198e-05;0.0989614;0.000914503;1.82235e-06;0.000494972;0.7868;0.0311406;6.08583e-06
0.000516121;0.118934;5.6561e-08;0.0723162;0.00588793;0.212212;4.64007e-06;0.00885329;0.020547;0.000336783;0.00247644;0.0231752;0.109319;0.425421
0.0148198;0.831236;8.13739e-06;0.000960069;1.27196e-05;2.44534e-05;0.000359709;0.000154309;0.000660622;3.93809e-05;0.00057433;0.100874;0.0493426;0.00093392
1.99255e-05;0.131992;8.97763e-10;2.45344e-07;0.000121274;1.85473e-08;2.79873e-08;0.867812;2.89232e-06;6.97166e-08;1.31529e-07;2.797e-05;3.24496e-06;2.0001e-05
3.63308e-05;0.0235845;0.86917;0.000196213;0.0233884;0.00188786;6.29893e-08;2.89833e-05;2.36076e-06;7.80447e-05;4.53287e-06;0.0746755;0.00188655;0.00506034
1.76468e-06;0.00703905;3.44098e-09;2.75154e-07;2.23496e-07;2.25368e-07;0.990523;8.02816e-07;0.00109049;0.00112395;0.000203865;1.6891e-08;5.33336e-07;1.59615e-05
2.33822e-09;1.502e-10;1;1.49441e-09;4.09747e-10;4.13833e-10;2.75869e-07;2.43728e-09;3.44982e-08;1.98127e-09;5.03929e-08;9.72167e-08;3.77555e-13;6.59005e-12
0.000911366;0.0591012;6.85522e-06;3.4771e-06;2.24302e-05;4.49879e-06;5.97093e-06;0.93586;0.00204726;3.01025e-06;0.000223304;0.000198382;0.001585;2.71958e-05
1.12078e-06;0.00164439;0.000179019;1.66517e-07;7.56245e-07;9.08074e-08;1.11105e-07;9.53957e-05;3.02645e-06;4.82409e-08;8.5964e-06;0.998025;3.77838e-05;4.21689e-06
1.90918e-07;0.999355;7.60047e-10;9.5296e-09;3.93233e-06;7.41393e-07;1.11728e-06;4.32619e-05;5.22812e-09;5.27164e-06;1.29312e-09;9.53881e-10;6.65588e-06;0.000583724
1.67706e-09;1.19865e-10;0.999991;1.76113e-11;1.25484e-07;7.14689e-12;1.27697e-11;8.93812e-09;3.96165e-11;2.03787e-11;1.23231e-11;9.06503e-06;4.59969e-12;4.69412e-12
0.000766712;0.0169655;2.4826e-05;3.44339e-05;0.00438619;0.000176134;7.33541e-05;0.926157;0.0192892;9.53754e-06;0.000188765;0.00183514;0.0283621;0.00173122
5.63398e-05;0.000303365;4.95753e-10;3.64729e-07;2.49138e-05;3.13177e-06;1.04022e-07;0.986715;0.00132675;5.5311e-08;1.3456e-05;5.22984e-06;0.0115439;7.28447e-06
6.41733e-05;0.000996735;2.06416e-06;1.64305e-05;1.62789e-05;2.59672e-06;9.07431e-08;0.000271577;0.000155981;7.59971e-07;2.83554e-05;0.995938;0.000353366;0.00215379
5.56477e-07;0.999403;9.95673e-08;1.23921e-07;4.45487e-09;8.94093e-10;6.8714e-08;0.000259689;4.81347e-07;8.06513e-09;1.0052e-07;0.000138057;0.00019805;1.08761e-08
3.84294e-07;0.00226086;5.92372e-11;6.93626e-06;1.23867e-05;2.42421e-07;8.62709e-05;8.26706e-06;2.08195e-07;0.000268605;1.05664e-07;0.000131359;2.30198e-08;0.997224
5.34649e-05;0.00259584;0.983206;7.02441e-05;2.91898e-05;3.67731e-06;0.0106474;0.00272828;8.37963e-05;9.50018e-06;0.000451296;0.00010605;1.48005e-05;7.38726e-07
3.10223e-05;0.9263;0.0209745;3.91467e-05;0.000110133;4.47187e-06;1.14676e-05;0.000257854;1.2017e-06;1.51344e-06;7.79202e-06;0.00044255;0.0517786;4.01187e-05
3.79332e-06;0.0257595;2.69175e-09;2.40542e-08;3.1231e-07;1.09197e-07;1.15716e-07;2.85443e-05;6.24021e-07;8.56631e-09;5.9897e-08;0.95991;0.0138932;0.000403764
4.2063e-06;0.00830973;9.94716e-11;3.9189e-07;0.000312957;2.6731e-06;2.14712e-06;0.985695;0.00039777;3.16149e-07;1.99824e-06;0.00439909;0.000864289;9.08186e-06
8.64301e-05;0.87905;0.0998694;0.00042127;0.000170299;0.000337112;1.28006e-05;0.000826276;3.84884e-05;1.30889e-05;1.73833e-05;3.0884e-05;0.0186581;0.000468686
0.00157653;0.724119;0.0115262;0.000262277;8.3161e-05;0.000237248;1.03677e-06;0.00204411;6.14293e-05;7.04333e-06;6.68733e-05;0.211348;0.047984;0.000682463
0.00371422;0.3809;0.000424565;1.97232e-05;0.00209774;3.79772e-05;1.72498e-05;0.281439;0.000421932;2.65125e-06;0.00527575;0.27766;0.0479456;4.37861e-05
8.27393e-05;0.692113;0.000103891;9.23509e-06;0.00237828;0.00299125;0.000325622;0.0673066;3.44325e-05;0.000624244;3.53287e-06;0.000747966;0.208923;0.0243556
2.70386e-09;3.94871e-09;1;2.52417e-09;1.44338e-09;9.6214e-10;1.59027e-09;5.37287e-09;5.71856e-09;4.52178e-10;4.61633e-09;1.73273e-07;3.0066e-09;4.01487e-11
1.67981e-06;5.98472e-05;0.995823;1.88791e-06;1.13768e-06;5.18122e-07;1.40961e-06;0.002756;9.16399e-06;3.3922e-07;4.29816e-06;0.0013183;8.59968e-06;1.39978e-05
4.01516e-08;0.000156658;8.4105e-06;1.29638e-07;8.59712e-06;6.83202e-05;1.198e-09;9.75928e-06;1.59566e-09;8.20298e-08;5.62936e-09;1.07762e-05;1.38026e-07;0.999737
0.000106851;0.277328;2.49724e-07;9.54458e-06;3.15781e-05;1.16304e-05;6.60424e-07;0.306134;1.36562e-05;3.21315e-07;7.81558e-05;0.00238025;0.413902;3.69408e-06
9.35473e-09;2.29603e-05;6.601e-13;9.74391e-11;2.20278e-08;3.27677e-11;1.22756e-11;0.999977;8.94149e-11;4.60179e-11;6.62142e-12;1.03137e-08;3.83899e-07;9.82274e-09
5.05493e-07;0.00415308;3.87974e-05;8.66491e-05;0.00333268;0.00194348;1.55223e-05;0.00457588;9.75363e-08;0.000282698;9.13305e-07;0.000177489;0.00116002;0.984232
2.27242e-09;1.38389e-08;1;1.73802e-08;3.1477e-10;4.5082e-10;6.47111e-08;3.61874e-09;1.42907e-09;9.92707e-10;1.14327e-07;2.45977e-09;8.46719e-09;6.18372e-11
1.82479e-07;8.14539e-05;0.999253;4.86927e-07;2.13391e-08;2.57629e-09;1.03892e-06;0.000334684;3.63713e-07;1.99322e-08;1.28681e-06;0.000326653;4.51126e-07;5.47525e-07
5.44313e-08;7.03297e-05;0.000295765;4.51961e-07;9.1917e-06;8.38265e-06;1.05158e-08;1.99673e-05;6.06958e-09;6.10715e-08;2.20623e-08;8.75995e-05;7.97656e-08;0.999508
2.88911e-06;0.993221;1.46042e-08;6.00233e-07;8.67137e-07;3.47472e-07;4.38172e-08;0.0031997;1.2222e-07;4.45799e-09;3.44156e-06;0.000155514;0.00341384;1.34967e-06
1.65779e-08;0.999868;5.96915e-09;1.53453e-07;6.98299e-09;2.06642e-09;6.67408e-06;7.1011e-06;1.52746e-10;6.07751e-06;8.33876e-10;5.80975e-08;1.73077e-06;0.000109865
4.70524e-11;6.42194e-10;1;5.46716e-09;2.5516e-09;6.30346e-10;8.10503e-09;4.08473e-09;7.0346e-12;5.87291e-10;1.43437e-09;4.17001e-07;6.37752e-13;1.93146e-10
1.72912e-07;0.449555;3.71977e-07;8.81909e-06;2.91381e-07;5.44705e-07;1.17173e-07;5.70919e-06;1.61231e-09;4.29916e-08;3.8306e-07;8.18406e-07;0.550427;2.7351e-07
1.49627e-06;0.00741494;6.5416e-06;7.52465e-07;8.54946e-07;4.59366e-07;1.0943e-06;0.0117161;5.49144e-07;1.27484e-08;2.43281e-05;0.977121;0.00319453;0.000517214
2.51096e-05;0.326449;1.96555e-07;0.00178047;0.0153264;0.0180027;1.13259e-06;0.213242;0.000326956;2.33639e-06;0.0260261;0.0287238;0.369667;0.000426784
2.00136e-05;0.128173;3.76072e-07;1.50185e-06;1.74476e-06;2.28121e-05;0.000621229;0.00174743;3.8923e-07;3.28882e-05;1.94019e-06;2.39553e-07;0.868855;0.000521424
8.15209e-11;3.57081e-11;1;1.85096e-10;1.42396e-11;1.83335e-11;2.76378e-11;9.0428e-11;1.58965e-11;1.73984e-12;1.03988e-10;5.14459e-09;3.2684e-12;3.31281e-13
3.07875e-05;0.0183725;0.00145342;2.93132e-05;1.20372e-05;1.54572e-06;4.53202e-07;0.0125075;8.93856e-05;6.62172e-07;8.27373e-05;0.964929;9.37671e-05;0.00239701
3.91561e-05;0.113414;1.62523e-05;1.06107e-05;0.00908433;7.94298e-05;4.74105e-06;0.858036;9.81848e-06;3.54545e-05;2.22945e-05;0.0096069;0.00827168;0.00136907
7.75179e-06;0.019942;0.918961;0.000130711;0.00277104;0.00738537;7.42882e-07;4.37654e-05;1.07272e-07;4.19024e-06;1.97422e-05;0.0206212;0.0291427;0.000969666
8.91895e-08;0.998875;1.61629e-08;3.07349e-09;8.23931e-08;7.23855e-08;7.50069e-07;0.000342395;2.42691e-10;7.29849e-07;2.88391e-09;2.38287e-08;9.29366e-05;0.000687624
4.65974e-14;3.28792e-12;1;9.84646e-14;1.68147e-12;1.08362e-13;1.1806e-14;6.66358e-12;5.37147e-16;2.9736e-14;9.44442e-15;3.74991e-11;2.45493e-15;4.67263e-14
0.000127788;0.502778;0.00422851;0.00105575;0.0160647;0.0619539;0.000461896;0.18097;0.00497473;0.000464673;0.00441685;0.0053417;0.206833;0.0103281
