2.75281e-11;3.02796e-11;1;3.82785e-11;8.86571e-12;5.57668e-12;1.88906e-11;1.77454e-10;9.99952e-12;2.8431e-12;1.40067e-11;5.31538e-09;2.70375e-12;5.71449e-14
2.31938e-07;3.97224e-05;0.00486192;1.72768e-06;5.20611e-07;1.22417e-06;1.21209e-08;9.47824e-05;4.02753e-06;5.06602e-08;3.67023e-06;0.994786;2.25016e-06;0.000204118
9.15211e-07;0.994817;8.33899e-08;2.79126e-07;6.24404e-06;0.000149906;1.00695e-07;1.88647e-05;4.60265e-07;1.20756e-07;4.13416e-06;1.71999e-06;0.00483338;0.000167159
1.21236e-08;4.87247e-05;9.88231e-07;2.53796e-09;1.05113e-06;6.28423e-07;3.38648e-11;2.29102e-05;1.17093e-10;3.54647e-10;3.90485e-09;0.999923;1.9066e-06;1.1424e-06
1.96508e-08;0.998425;8.02776e-09;2.1212e-07;5.47432e-07;7.85042e-05;0.000992998;2.49006e-06;2.42814e-08;1.99096e-05;2.11996e-08;8.74799e-09;0.000322076;0.000158092
1.78755e-10;7.02882e-09;1;1.28626e-09;1.08801e-09;6.62048e-09;4.76658e-10;3.41202e-08;4.76608e-11;4.33383e-10;8.4862e-11;1.73328e-07;2.47552e-11;1.15127e-10
1.58055e-05;0.268851;1.0631e-06;1.7706e-05;1.91899e-05;0.000119483;1.66174e-05;0.724412;8.37725e-05;2.90786e-06;0.000256607;0.000211566;0.0058926;9.96902e-05
3.72396e-07;0.996883;2.78177e-09;3.88399e-07;1.13056e-08;4.4749e-07;1.81003e-06;1.84316e-06;8.7082e-09;2.20074e-07;1.02699e-07;0.000513995;0.00259706;6.55444e-07
3.31983e-05;0.164488;8.43521e-05;7.67705e-05;0.000539528;0.000103116;3.57709e-06;0.0164762;7.12842e-07;2.3867e-05;2.73247e-06;0.806982;0.00852344;0.0026627
0.000352739;0.146023;9.95437e-07;0.00429061;0.00790705;0.590199;0.0014381;0.0644677;0.00264514;0.000826371;0.00251277;0.0104911;0.139146;0.0296994
0.000353003;0.620991;1.48006e-09;1.49623e-05;7.07073e-06;1.70369e-06;3.28302e-05;0.01403;7.15635e-05;3.46995e-06;6.29034e-05;0.0156729;0.348756;1.65713e-06
0.00594996;0.210496;0.000318292;0.000293995;0.00360274;0.000107908;1.08565e-05;0.0505418;8.1511e-05;0.000188333;4.66464e-06;0.705412;0.0034998;0.0194923
3.24868e-05;0.0531489;4.44049e-07;7.83218e-05;7.30602e-06;7.56232e-06;0.818443;5.92598e-06;0.000183808;0.126556;4.17673e-05;3.65632e-06;0.000166815;0.00132342
4.60976e-09;2.44321e-10;0.999999;4.10771e-09;8.47758e-11;6.83479e-09;8.33268e-07;3.27982e-11;2.23812e-08;1.53252e-08;1.13461e-07;1.06846e-08;2.9378e-10;2.50166e-12
0.000519293;0.970526;0.00206995;0.000166992;3.90458e-05;3.56627e-05;0.000488182;0.00989224;0.000467613;6.33379e-06;0.000131338;0.00553771;0.0100599;6.01904e-05
4.54131e-05;0.337328;2.38827e-07;0.000101299;9.92356e-05;6.91807e-05;1.06971e-05;0.477669;0.00539198;2.64627e-06;0.00166045;0.000493117;0.176688;0.000440817
2.64496e-06;0.966115;1.04386e-08;2.06829e-07;5.5153e-07;6.70543e-09;4.64442e-05;3.47827e-05;4.92968e-08;5.11494e-05;4.95708e-08;4.74425e-07;1.08323e-08;0.0337482
2.02042e-09;6.35503e-10;0.999997;1.42146e-10;3.93741e-08;1.9747e-11;6.87453e-10;5.41575e-08;2.31149e-10;3.8276e-10;1.39558e-09;3.10826e-06;4.15277e-13;1.12661e-10
9.85907e-06;0.139609;2.67327e-06;1.51222e-05;1.89881e-06;3.87864e-06;0.821921;0.000416597;0.000269241;0.0360986;0.000260518;2.47818e-05;3.10055e-05;0.00133528
3.94335e-11;5.3822e-11;1;1.43175e-10;1.55628e-10;4.55765e-10;4.90606e-09;7.54781e-11;1.64768e-10;2.11257e-10;6.17096e-10;5.21857e-08;1.17536e-14;2.74544e-12
3.45954e-06;0.998458;4.72964e-07;4.58891e-06;4.286e-07;4.05337e-07;3.14391e-05;0.00123895;8.59563e-06;4.61708e-07;7.95816e-06;1.03199e-05;0.000234325;1.72777e-07
1.73401e-05;0.968083;1.02233e-07;8.92373e-06;3.32784e-08;1.60955e-07;3.99338e-05;2.64179e-05;1.48028e-05;1.22999e-06;1.90401e-05;0.0146026;0.0171857;6.09054e-07
0.000178991;0.778858;2.14276e-05;2.62879e-05;0.000166784;9.12182e-06;1.71109e-06;0.180287;4.22009e-05;5.12591e-07;6.12998e-06;0.0223486;0.0169331;0.0011202
0.000167503;0.911612;7.63593e-05;9.31332e-05;0.000800858;7.03514e-05;7.98388e-05;0.025628;0.000257094;7.06773e-06;0.00015713;0.0279682;0.0197339;0.0133486
0.000162047;0.873124;5.76774e-07;0.00144341;0.000116725;8.36717e-05;0.000655553;0.00701997;0.0554545;8.02454e-05;0.00730409;0.0184666;0.0342196;0.00186861
1.07751e-05;0.990912;6.99047e-09;1.74296e-06;1.74211e-07;1.78339e-06;6.79232e-08;3.62963e-06;2.27025e-06;1.44642e-07;7.93463e-07;0.00651733;0.00253357;1.52167e-05
5.47532e-06;0.956915;1.86405e-09;1.1811e-05;3.03324e-06;1.10759e-05;0.000255426;2.95421e-05;8.60653e-07;0.000933613;1.20965e-07;2.40312e-05;7.68037e-05;0.0417334
1.16961e-08;5.78206e-10;0.999997;6.77613e-08;1.27693e-09;2.21118e-09;1.39252e-06;1.32245e-08;7.69212e-08;8.13954e-09;6.8352e-07;5.51878e-07;1.85776e-12;1.90242e-11
1.04019e-05;0.994115;7.45521e-06;5.85591e-06;8.41776e-07;1.33018e-06;5.60436e-07;3.22597e-05;7.3371e-07;1.08059e-07;6.64369e-06;3.5532e-06;0.00581489;1.7024e-07
1.59858e-05;0.0121578;1.22055e-05;1.40133e-06;6.61317e-07;1.26043e-08;2.63611e-06;0.0521854;3.92387e-05;1.418e-08;0.000648073;0.934702;0.000234112;1.21104e-07
4.18997e-06;0.937363;4.31032e-07;0.000358941;0.0282019;0.00140982;7.26142e-08;0.0185594;1.41806e-05;4.54052e-06;2.26583e-05;0.000872736;0.00671097;0.00647762
0.000218397;0.0505686;1.1323e-06;0.000136089;2.52079e-06;6.08419e-05;2.3221e-05;0.000157318;0.0026138;1.79726e-05;0.00301331;0.225971;0.717054;0.000161188
6.30751e-05;0.420522;0.575939;0.000194139;1.27726e-05;6.1012e-06;0.00151859;4.71835e-05;1.23857e-06;0.00122491;6.86597e-06;0.000155379;9.41858e-06;0.000298332
1.02148e-07;3.03988e-07;0.999998;3.28321e-08;1.00604e-07;4.11164e-09;5.87653e-07;5.77554e-08;4.65287e-08;3.35635e-08;3.17441e-07;8.11009e-07;1.67184e-09;4.41873e-09
8.5947e-06;0.224157;1.91758e-06;3.19384e-06;4.41485e-07;8.86363e-06;1.53336e-05;0.0235435;0.000104388;8.25475e-07;9.10305e-05;0.00165369;0.750411;3.42745e-07
5.28143e-05;0.00312321;5.73447e-09;0.00116471;4.06598e-05;0.00789182;0.000449515;0.000245538;0.0112249;0.00150337;0.0126045;0.000813698;0.958809;0.00207612
0.000485754;0.00718074;0.98769;0.00175576;0.000235274;2.03718e-06;0.000161819;0.000228904;3.52028e-05;0.000112927;0.000158765;0.00149725;5.17049e-05;0.000404055
0.0015579;0.867014;3.30889e-07;0.00014006;0.000901171;0.000794385;0.000494376;0.0458468;0.00937569;2.90099e-05;0.0395961;0.000901575;0.0310182;0.00233079
4.90472e-05;0.945496;3.06381e-07;5.72896e-07;3.16021e-06;1.28124e-05;0.00270314;6.18593e-05;2.88276e-06;0.0012977;1.66019e-06;2.18489e-06;0.000256398;0.0501125
8.20259e-09;2.85595e-09;0.999978;1.48273e-09;4.5183e-08;1.2007e-08;9.51131e-08;2.43495e-09;4.12519e-08;1.90251e-08;2.98751e-08;2.14532e-05;2.74658e-12;1.22722e-09
4.27457e-06;0.702728;1.24085e-07;2.09137e-07;1.10258e-07;7.31855e-07;4.16127e-05;2.08745e-05;9.22233e-06;1.16939e-07;5.67742e-06;1.55334e-05;0.297173;1.9318e-07
4.35476e-06;0.0151249;0.000426843;1.68743e-05;5.01973e-05;0.000315297;8.44626e-07;0.000927795;3.74177e-06;1.27511e-06;1.45105e-05;0.977547;0.000585696;0.00498114
4.82109e-05;0.764121;0.0011009;0.000222842;0.00159104;7.19539e-05;7.28846e-06;0.215022;3.1593e-05;6.27882e-06;8.13553e-05;0.00222841;0.0122823;0.00318454
3.83962e-06;0.968854;1.11205e-06;1.35859e-05;1.38871e-05;1.77901e-05;1.65474e-06;0.0249652;1.51735e-06;2.31264e-05;5.46301e-07;3.11106e-05;0.00296434;0.00310849
4.15352e-10;7.99047e-10;0.999999;1.35673e-09;1.25013e-10;2.43111e-10;1.80788e-11;4.41865e-10;1.42398e-10;3.191e-11;1.28534e-09;5.04099e-07;1.64411e-10;2.41509e-11
1.31749e-05;0.000321238;0.977324;1.68986e-05;4.14442e-06;9.6438e-07;3.97421e-07;0.021699;8.00796e-06;1.61057e-07;1.21605e-05;0.000528007;2.51201e-05;4.65133e-05
2.22128e-07;0.000857171;1.27065e-05;9.34068e-07;6.88416e-06;0.00044004;2.14226e-09;2.72637e-05;1.08077e-08;1.43183e-07;7.42452e-08;0.000147513;1.09342e-06;0.998506
6.42877e-05;0.006397;8.7068e-08;8.0221e-06;1.95047e-05;0.000198678;7.40874e-07;0.0772288;1.22181e-05;1.63996e-07;0.000190788;0.000124201;0.915753;2.46775e-06
6.08438e-06;0.995157;1.96545e-06;6.36852e-06;1.20266e-08;5.14966e-08;4.5188e-07;0.00450487;2.11862e-06;6.57722e-08;8.58225e-06;6.09609e-05;0.00025159;1.67022e-07
1.46195e-07;0.997928;3.12167e-09;6.01624e-05;3.79557e-06;1.37033e-07;9.45057e-06;8.90287e-05;2.51247e-08;0.000101174;2.30641e-06;0.00018784;4.8138e-06;0.00161323
4.37939e-07;4.56298e-06;0.999839;3.90246e-06;1.08894e-07;2.35124e-07;2.3473e-05;2.52172e-06;5.97382e-08;1.98995e-07;4.1652e-05;1.21684e-05;7.13502e-05;1.55957e-08
5.92765e-06;0.996505;9.48378e-07;1.18034e-05;1.04447e-05;4.94365e-06;1.6613e-05;0.000243885;8.32092e-07;2.6008e-05;2.04385e-05;0.000453513;0.00251522;0.000184617
1.7446e-05;0.00260273;2.44207e-08;6.21204e-05;0.000419334;6.39564e-05;1.61436e-06;4.56322e-05;0.000779688;7.58691e-06;0.000561439;0.000954963;0.994478;5.53054e-06
0.00219552;0.00652617;0.989423;0.000642391;0.000440727;2.07437e-06;4.74112e-06;0.000215841;0.000400627;2.45582e-05;2.73285e-05;2.01934e-05;1.58598e-06;7.57754e-05
6.38259e-05;0.0393962;5.31055e-09;2.72326e-06;1.12319e-06;1.1907e-07;1.17996e-06;0.951669;0.00856228;4.48324e-07;2.56342e-05;2.32968e-05;0.000250744;3.627e-06
5.15837e-06;0.000291412;5.2926e-10;9.9239e-07;3.3323e-05;1.46569e-07;1.54103e-08;0.994743;4.10294e-05;1.34113e-07;2.06295e-06;1.54951e-05;0.00486728;5.38036e-08
3.19583e-06;0.99955;1.51403e-06;4.54235e-06;2.28724e-07;2.04964e-07;1.03836e-05;0.000333095;7.08775e-08;1.76038e-05;2.58365e-08;2.8784e-07;1.51125e-05;6.33835e-05
2.44268e-09;2.01741e-07;1;7.39891e-09;1.24384e-09;2.48093e-10;2.46407e-09;6.18829e-08;1.74728e-09;2.62766e-10;1.19314e-08;1.47738e-07;4.88141e-09;4.47114e-10
1.10143e-08;4.3968e-07;0.999477;4.33405e-07;3.91795e-06;8.67087e-08;1.2562e-09;7.99114e-05;6.35138e-09;2.73525e-09;6.60214e-08;0.000361246;1.37733e-08;7.71659e-05
1.08371e-09;3.79396e-05;1.44592e-07;7.86426e-09;2.53422e-06;2.38184e-05;2.65211e-12;9.60445e-07;3.46772e-12;4.01037e-10;2.41968e-10;2.18886e-05;2.5954e-08;0.999913
2.61293e-07;0.00809862;3.23964e-10;7.66785e-07;5.0536e-07;5.01377e-06;8.53775e-09;0.000197417;8.41483e-08;3.46762e-09;8.89113e-06;7.58209e-06;0.991681;2.89752e-07
1.27786e-07;0.999689;8.80698e-10;7.06351e-07;1.79009e-09;6.75071e-09;1.29845e-08;2.58403e-05;1.25754e-08;1.19148e-09;3.81434e-07;9.70229e-05;0.000186682;1.0251e-07
1.30404e-07;0.00913675;9.88701e-09;1.83976e-05;0.000629694;5.29677e-07;5.71249e-09;0.989824;1.41753e-08;2.59728e-07;7.65641e-08;4.55581e-05;5.07179e-06;0.000339777
3.07288e-06;0.00212871;0.921955;0.0169774;6.31182e-06;0.000461859;4.98874e-06;1.23538e-07;7.62465e-07;2.51574e-05;0.00105878;0.0505931;9.09893e-05;0.00669398
4.5148e-05;0.00104845;8.11996e-10;4.85561e-05;6.44628e-09;1.96621e-07;2.44831e-05;5.67513e-06;0.00273576;4.52706e-07;0.995615;7.71427e-05;0.000398339;3.47016e-07
0.00123181;0.947743;9.89026e-06;0.000259266;9.26453e-06;7.04098e-07;5.46297e-05;0.0353864;5.15965e-05;1.44793e-05;0.00186501;0.00690247;0.00447773;0.00199413
5.45834e-07;1.99714e-05;5.68701e-12;7.0493e-07;0.000126721;4.92818e-07;2.73268e-07;0.999728;5.33369e-07;6.40092e-06;1.88284e-06;1.71893e-07;2.75875e-05;8.71965e-05
2.41397e-08;1.69431e-06;0.999993;3.94678e-06;1.92373e-08;2.85994e-07;3.1188e-08;5.50443e-09;2.08944e-08;3.23889e-07;9.61688e-07;1.99817e-08;6.27852e-10;4.08833e-08
0.000630083;0.000439853;0.000166628;0.000104281;3.14205e-06;6.13123e-05;0.000589037;0.000402075;0.0536369;6.21849e-05;0.942606;5.02171e-05;0.00124411;4.35081e-06
