1.6837e-05;0.954942;0.000215765;0.000218725;4.28488e-05;2.91676e-05;1.72589e-05;4.44251e-05;8.14472e-07;8.77073e-05;6.6031e-05;1.19292e-05;0.0440614;0.000245049
6.6887e-05;0.0229886;0.0191601;3.3513e-05;8.67398e-05;2.32947e-06;1.22608e-06;0.000118923;3.79591e-06;2.68221e-07;3.53099e-05;0.957249;0.000129851;0.000123962
0.00267428;0.913137;6.17099e-06;0.000102207;0.000104434;0.000230697;0.000205718;0.00101413;0.0387355;8.45519e-06;0.00691986;0.00546021;0.0308518;0.0005499
0.000110365;0.529903;5.30373e-08;3.22324e-06;0.000154539;7.56541e-05;1.89115e-06;0.0079013;0.000194532;3.19831e-06;1.71786e-05;0.00186198;0.459114;0.000659655
3.43843e-05;0.0833539;0.000312008;2.02395e-06;1.20335e-05;2.99452e-05;1.8292e-06;0.00359297;2.96814e-05;2.061e-06;7.42005e-06;0.909759;0.00198161;0.000880953
0.000354704;0.0261166;4.38376e-05;0.000215036;0.649825;0.0244677;1.29188e-05;0.0372027;0.000224138;1.3248e-05;6.79119e-05;0.00222104;0.0215464;0.237689
0.00257213;0.382376;6.92539e-06;5.59564e-05;0.000191038;0.000195005;0.00114565;0.314819;0.00174755;0.000116326;0.000153132;2.96367e-05;0.295752;0.000840311
4.25566e-10;4.55791e-11;1;2.71463e-11;1.92555e-11;1.44301e-11;4.80834e-12;6.74517e-11;4.87432e-11;1.74767e-12;4.70899e-12;1.56405e-08;1.46506e-12;3.29647e-13
1.63963e-05;0.0146446;9.12553e-05;6.34301e-06;1.80998e-05;6.46067e-06;2.71451e-08;0.00184517;0.000165453;4.71108e-07;9.40751e-06;0.982324;0.000179436;0.00069238
2.00592e-06;0.995401;2.23089e-08;5.56158e-08;3.55716e-06;2.25111e-06;4.47492e-08;8.77743e-06;4.59881e-08;4.36365e-08;3.29385e-08;5.17178e-05;0.00440976;0.000120471
2.26615e-06;0.0131389;5.68981e-06;2.70788e-05;0.000438132;0.000112863;1.65356e-07;0.00137937;2.04669e-06;1.0996e-06;1.3784e-06;0.970535;0.000417539;0.0139385
0.000515292;0.641787;1.59843e-06;0.00109284;5.80991e-05;0.00127015;7.36823e-05;0.0301481;0.0266214;3.15164e-06;0.00384674;0.00646213;0.288082;3.82771e-05
8.19949e-08;0.987081;9.86264e-09;2.045e-08;5.67111e-08;9.25244e-09;1.07908e-08;0.0128971;3.26309e-10;1.56368e-08;8.35162e-11;2.10814e-07;2.0774e-05;3.30205e-07
1.08379e-06;0.00169457;0.0589948;0.000353589;0.0175782;0.00703665;3.08426e-09;0.000660068;1.90279e-09;7.65195e-06;1.03925e-07;0.907235;0.00270013;0.00373828
0.00026112;0.782568;2.52003e-05;0.000176554;4.87857e-06;0.000188001;0.0188778;0.02204;0.000328161;0.00050201;0.00118551;1.01875e-05;0.173803;2.97319e-05
3.72628e-09;6.0278e-10;1;4.97491e-09;6.99889e-11;6.56795e-10;2.87364e-08;4.79566e-10;1.62766e-09;4.45256e-10;2.54135e-08;7.35017e-08;1.94894e-10;2.48916e-13
1.80455e-05;0.0194885;9.34439e-05;6.39796e-06;4.78001e-06;5.87387e-06;1.89293e-07;0.0134769;0.000503379;9.90193e-07;1.21853e-05;0.96628;6.51914e-05;4.38557e-05
6.10473e-06;0.96348;1.32801e-08;7.06435e-08;2.12842e-06;1.45632e-05;1.32008e-06;3.17122e-06;6.03279e-07;2.82511e-07;2.26941e-07;2.00411e-06;0.036336;0.000153456
3.64854e-07;0.000119247;3.36916e-06;9.50443e-08;0.000501654;5.24227e-06;3.94588e-10;0.000414206;1.58259e-08;1.22478e-08;1.97851e-09;0.998879;3.62032e-05;4.04024e-05
1.92341e-05;0.0270818;7.80799e-09;3.52958e-06;7.55395e-05;4.3138e-05;3.34696e-07;0.964802;0.00196339;1.79085e-07;1.97153e-06;4.24587e-06;0.00600049;4.11001e-06
7.75336e-07;0.989559;1.33704e-05;6.14723e-07;6.63898e-07;2.06517e-06;4.94691e-07;0.010351;3.38564e-09;1.8656e-06;1.16058e-10;1.18644e-07;5.77395e-05;1.2292e-05
3.7465e-09;8.82332e-08;1;1.02612e-08;8.44948e-10;4.86174e-09;9.73293e-09;2.82805e-07;1.34684e-09;3.83281e-09;3.23017e-09;9.11418e-08;4.92181e-08;5.59132e-11
1.66194e-09;8.11349e-08;0.99952;1.10505e-08;1.59739e-09;4.17307e-09;3.74492e-10;1.68819e-07;3.31512e-10;5.9183e-10;1.13636e-09;0.000479986;2.79971e-09;1.62411e-07
4.9534e-08;3.72106e-05;1.90508e-07;7.57601e-08;0.000120759;0.0010135;4.73995e-09;1.89048e-06;2.11915e-08;2.19209e-08;8.29518e-07;3.08948e-06;1.01547e-05;0.998812
6.50742e-06;0.99294;2.5948e-06;4.6095e-07;2.78822e-06;9.82685e-06;7.21028e-05;2.7285e-05;7.21068e-09;3.48741e-05;7.32412e-08;0.000102382;0.000133388;0.00666735
6.96237e-10;2.77797e-10;1;1.71414e-10;6.86539e-09;3.49837e-09;8.00534e-10;7.69897e-09;2.18114e-11;2.96683e-10;1.50084e-10;1.33277e-08;2.16085e-10;1.90475e-11
7.11266e-06;0.992571;0.000178969;1.29503e-06;4.79437e-06;7.98485e-06;2.50172e-05;0.00307162;1.56399e-07;1.10744e-06;6.27244e-07;7.11008e-06;0.00409403;2.95086e-05
2.20724e-10;2.9034e-08;1;4.49579e-10;4.29247e-10;3.70706e-12;1.51605e-09;4.45807e-07;6.97987e-11;2.16815e-10;9.10815e-11;5.4171e-08;6.53027e-12;1.01942e-11
2.697e-05;0.000172303;1.04312e-05;0.000248739;0.00051605;0.000522604;6.67077e-05;0.982302;0.0040005;1.84839e-05;0.00236372;0.00719525;0.00161657;0.000939253
9.32015e-07;0.999282;1.4375e-05;3.54227e-06;1.46816e-06;1.2927e-07;7.91499e-08;0.000617517;9.6379e-09;1.86295e-07;4.84043e-08;1.12866e-05;6.77726e-05;3.30259e-07
7.0049e-06;0.882258;2.52414e-07;2.33349e-06;8.85465e-05;3.16261e-06;2.43101e-06;0.0820196;5.22321e-07;1.17968e-06;2.49602e-06;0.00628138;0.029025;0.000308203
5.20247e-05;0.345516;2.5399e-05;0.000211311;0.115103;0.00100955;2.44874e-06;0.171828;6.99197e-06;5.72974e-05;5.29489e-05;0.300643;0.0483397;0.0171512
0.00630503;0.317343;0.00103642;0.00699162;0.104368;0.00102124;0.000272386;0.0164026;0.0599775;0.00575854;0.0174793;0.322537;0.125679;0.0148278
0.00476679;0.471161;0.313988;3.39643e-05;0.00170356;1.36536e-05;0.00134154;0.205721;0.000220743;0.000310577;5.20841e-06;2.88558e-05;9.03256e-05;0.00061498
2.4372e-06;7.29027e-08;0.999932;4.52327e-08;1.35512e-07;5.11574e-09;1.55619e-07;3.9098e-05;2.28782e-05;1.19057e-08;2.81688e-06;3.06281e-07;1.01477e-07;9.10646e-10
1.03131e-05;4.07859e-05;0.420701;5.13259e-07;3.22175e-06;9.08451e-08;5.05931e-08;0.578759;4.02828e-05;1.61791e-07;2.32842e-07;0.000439141;9.9129e-08;4.98687e-06
1.14677e-06;0.00429705;0.000511967;9.34312e-07;9.79759e-05;0.000126867;3.59784e-09;0.00021959;1.60934e-08;8.64535e-07;1.37106e-08;0.000341469;1.19441e-06;0.994401
2.69208e-05;0.00848869;3.42954e-08;1.81392e-07;1.70498e-06;3.17078e-05;2.11384e-06;0.976334;1.37293e-06;5.03083e-07;6.5373e-07;1.40111e-08;0.0151107;1.29077e-06
1.08787e-09;2.22018e-08;1;1.39116e-09;2.86997e-10;1.33077e-10;3.44944e-10;1.17162e-07;2.30022e-11;1.81473e-10;5.757e-11;7.74516e-08;4.02894e-09;1.01667e-12
1.46022e-07;5.92948e-05;7.69014e-05;9.91784e-06;3.04552e-06;2.78627e-06;1.04208e-08;0.00065232;5.0512e-06;1.50463e-06;2.13324e-06;0.999032;1.46817e-05;0.000140088
2.30172e-06;0.999109;2.75521e-05;1.88824e-05;9.61913e-06;6.0623e-05;0.000362558;0.000233845;3.61262e-08;7.10491e-05;8.83197e-07;1.45321e-06;6.09028e-05;4.0603e-05
3.21631e-09;1.65608e-07;0.999941;9.75811e-09;3.94577e-08;7.52949e-09;3.20794e-09;2.42542e-08;6.62498e-11;7.23099e-10;8.59399e-10;5.8517e-05;3.83595e-10;2.32727e-09
2.11387e-06;0.00714691;1.01262e-05;2.99935e-07;2.16881e-05;1.71263e-06;3.3416e-07;0.992631;4.6213e-07;2.07885e-08;9.93382e-08;8.60489e-05;7.60436e-05;2.27711e-05
1.94528e-06;0.52624;2.88314e-07;2.27635e-06;0.000202957;0.000459954;7.32432e-06;0.465674;5.77786e-07;8.76613e-06;1.52714e-07;1.37997e-07;0.00736127;3.99584e-05
7.63436e-10;3.17102e-09;1;1.98023e-09;6.47922e-10;1.26484e-10;9.5933e-11;8.57501e-08;3.59112e-11;6.55218e-11;5.23856e-11;1.43491e-07;1.32101e-09;1.4715e-12
2.4769e-07;9.16586e-05;0.000777091;4.40621e-06;2.32393e-06;3.33315e-07;1.85526e-09;6.65696e-05;1.91479e-07;1.61854e-08;2.09788e-07;0.998977;2.13835e-06;7.76258e-05
1.67658e-05;0.614258;4.94829e-07;4.45426e-06;0.000469695;0.0031701;3.96985e-08;0.13747;9.86282e-07;5.0483e-07;5.92731e-07;1.34327e-05;0.207209;0.0373861
1.29688e-06;0.423885;3.77412e-09;2.97902e-07;1.6563e-06;1.49171e-06;2.92889e-06;0.000356592;8.28459e-10;8.68093e-06;3.05474e-09;0.000378129;4.07987e-05;0.575323
4.8043e-13;3.84487e-12;1;2.60895e-13;1.15855e-11;1.63288e-13;2.01976e-14;1.03728e-09;6.11074e-15;5.18756e-14;2.50797e-15;2.02772e-11;7.49061e-15;2.37994e-15
2.06091e-06;0.00816;1.1051e-05;8.89271e-05;1.36474e-05;0.000125683;2.57909e-06;0.985796;0.000448089;6.65981e-06;1.81231e-05;1.85718e-05;0.00529872;1.00577e-05
