2.2415e-06;0.0239141;2.50972e-07;3.27479e-06;9.64301e-07;6.98589e-06;8.69542e-07;0.000275527;3.38211e-06;6.65886e-08;1.37681e-06;0.000108353;0.975682;3.91433e-07
0.000119208;0.00647594;2.38005e-06;0.0021703;0.0013382;0.0031044;2.88122e-06;0.253955;0.000331602;5.36819e-05;0.000307301;0.701748;0.00120882;0.0291824
0.00015878;0.811655;1.15871e-08;5.11128e-05;5.11951e-07;4.44028e-06;7.23682e-05;0.00523592;5.38426e-05;1.87667e-07;0.000912251;0.000127814;0.181725;2.53954e-06
0.000461921;0.180164;2.85165e-07;0.0365152;0.151786;0.00175466;1.32364e-05;0.591583;0.00131636;0.000478349;0.00108717;0.00686304;0.000229915;0.0277472
0.00242473;0.855837;0.0654161;0.0108473;0.00230129;0.00180041;3.53449e-05;0.000460674;0.000292991;0.000520083;0.000711059;0.00815091;0.044884;0.00631801
0.000249719;0.0798349;2.26894e-06;5.83961e-06;7.55259e-07;9.97137e-08;3.43338e-06;0.00583597;0.000767938;3.40798e-08;0.00214396;0.90852;0.00263482;3.18987e-07
0.00132975;0.810396;0.000627903;0.00173031;0.0425071;0.00274722;0.000129594;0.0596195;0.00642321;0.00045765;0.00111586;0.0137748;0.0205275;0.0386135
0.000260314;0.0399488;3.62711e-08;0.00270271;1.96482e-05;0.000152318;5.30585e-05;0.00144805;0.476402;7.21424e-05;0.134648;0.278135;0.0660834;7.51918e-05
0.000914388;0.991026;1.34494e-05;2.30715e-05;4.214e-07;1.70371e-07;3.03737e-05;0.00284807;0.000413788;3.36444e-06;0.00140294;0.00218875;0.00113406;6.42878e-07
8.26054e-06;0.949897;8.19275e-08;4.89646e-05;4.15716e-05;3.38064e-06;8.37735e-05;3.10414e-07;2.74073e-07;0.00272603;2.64476e-07;2.45535e-05;4.58842e-06;0.0471606
0.000104052;1.18783e-05;0.998018;4.58237e-06;5.98187e-07;1.28794e-07;0.000406994;2.23988e-05;0.000395765;7.708e-07;0.000922514;8.69853e-05;2.54118e-05;9.20143e-09
2.95549e-06;0.997906;4.5784e-10;2.97196e-07;1.3191e-06;3.82006e-07;0.00145188;9.37157e-05;6.52654e-06;0.000370193;1.48997e-06;7.42027e-09;9.57392e-05;6.90819e-05
7.54669e-09;2.67121e-09;0.999988;7.61087e-09;2.66992e-08;4.81373e-09;1.02045e-08;9.37051e-09;1.3131e-08;5.01618e-09;1.41913e-09;1.23514e-05;1.50379e-10;1.70259e-10
0.00060161;0.0111032;2.5495e-08;3.5077e-05;0.00214856;5.40389e-06;4.00936e-05;0.978556;0.00409224;2.85292e-06;0.000506768;3.60062e-06;0.00237689;0.000527331
0.00196019;0.946984;0.000137762;0.00248179;0.000107058;6.41478e-06;0.00112225;0.0166406;0.0128003;0.000398558;0.00123013;0.00569583;0.000958247;0.00947634
0.000637947;0.654861;2.78654e-06;0.000135771;0.00179813;0.00109481;1.89269e-05;0.220047;0.000471215;2.14577e-05;0.000223935;0.0711351;0.0431479;0.0064041
0.000153023;0.00549003;1.19737e-06;2.98044e-05;8.71725e-05;1.89417e-05;8.31621e-07;0.290549;9.0781e-05;3.00721e-07;6.93304e-05;0.427009;0.276474;2.6338e-05
8.96647e-05;0.953978;1.04954e-08;0.000117806;0.00164535;2.39188e-05;1.33169e-06;0.0208925;1.3745e-05;4.97579e-06;1.14678e-05;0.00517581;0.00478365;0.0132615
2.0905e-05;0.98811;6.7218e-07;0.000530455;0.000130764;7.79818e-05;1.6485e-05;0.000378953;6.34597e-05;3.14133e-05;0.000390714;0.00106556;0.00160597;0.00757677
1.57016e-05;9.63618e-05;8.59561e-06;0.000189937;0.281931;0.539043;3.70131e-06;0.00182549;5.04898e-05;1.83792e-05;0.000404648;0.000420323;0.000530821;0.175461
7.02823e-05;0.187023;2.04471e-09;1.51553e-05;3.76743e-05;5.74589e-06;2.40596e-06;0.00124823;2.68639e-05;4.43145e-07;0.000753587;0.000350751;0.810453;1.37774e-05
0.00013814;0.0159878;3.60692e-06;1.38417e-05;2.01103e-05;5.52538e-06;2.24304e-07;0.000630166;4.84686e-05;1.03905e-06;6.23588e-05;0.981349;0.00155677;0.000183237
1.73737e-06;0.997971;2.15775e-07;5.5751e-07;4.89703e-08;5.84601e-07;2.89137e-06;1.72442e-06;9.55335e-07;2.4085e-07;1.25605e-06;0.00134047;0.000677893;1.64769e-07
1.46319e-05;0.012814;8.9915e-05;1.63104e-05;3.22461e-05;4.27005e-06;7.08267e-07;0.0270696;2.6068e-05;1.16437e-07;0.000186495;0.958788;0.00095595;1.30619e-06
5.506e-06;0.966756;6.9154e-07;0.00117372;0.00299323;0.000703524;1.25975e-07;0.0025467;6.12995e-05;5.78486e-06;0.000435421;0.0066881;0.0129782;0.0056522
0.000120935;0.0637854;1.92656e-05;8.58869e-05;5.35612e-06;2.87026e-05;7.26741e-05;0.00367381;0.0014885;3.42983e-05;0.0184425;0.0484465;0.863675;0.000121325
7.13202e-05;0.367032;2.28667e-06;0.000183069;0.00155122;0.000256663;6.49931e-06;0.611571;0.000522216;3.46197e-05;0.00276619;0.00149917;0.01391;0.000594172
0.000154493;0.632173;1.74941e-07;1.34845e-07;0.000399757;2.81011e-06;5.61384e-08;0.365071;1.01734e-07;3.38552e-06;7.80059e-08;2.67405e-05;0.00107643;0.00109257
1.39768e-06;0.000318975;1.9072e-05;9.32744e-07;0.000427134;2.6541e-06;3.12728e-08;0.000674589;1.34836e-06;2.94711e-07;9.45899e-07;0.99422;6.66699e-06;0.00432569
1.19397e-05;0.00513803;1.36802e-07;6.83434e-07;4.1399e-06;1.96136e-08;4.98432e-07;0.0330613;6.61975e-05;1.43478e-07;1.39243e-05;7.11443e-06;0.961696;2.22304e-08
2.61972e-05;0.999427;7.5511e-06;2.17595e-05;7.57122e-07;5.70827e-07;7.54018e-07;0.000325992;4.29811e-05;2.29331e-06;2.07675e-07;0.000125124;1.19536e-05;6.258e-06
1.3747e-05;0.965019;1.03673e-09;1.05806e-05;1.33494e-07;1.23346e-05;1.82898e-06;8.5732e-06;7.31696e-06;3.39759e-06;2.09465e-06;0.00139628;0.0334532;7.15363e-05
9.83415e-05;0.00359563;1.45557e-05;2.71132e-05;0.000139279;0.000254314;4.26122e-07;0.000861019;7.15795e-06;1.20054e-06;1.17393e-05;0.983187;0.0116095;0.000192866
5.59841e-05;0.154999;2.17499e-07;0.000121394;9.0663e-05;3.78281e-05;0.814835;5.0951e-05;0.000193321;0.0179998;0.000108933;7.13138e-07;2.19206e-05;0.0114847
1.36103e-06;4.82967e-06;0.999927;1.40956e-06;9.85939e-09;1.9918e-07;1.29117e-05;6.15751e-07;6.69934e-06;4.72932e-08;2.10577e-05;2.16378e-05;2.19643e-06;1.289e-09
2.0929e-05;0.998846;2.8916e-08;6.90189e-06;5.7047e-07;2.19922e-06;8.41535e-06;5.04549e-05;2.30379e-05;2.29073e-06;4.5264e-05;4.65433e-05;0.000931931;1.51355e-05
3.31136e-05;0.00211099;4.37287e-08;4.73414e-06;0.0159534;3.56511e-05;5.30617e-07;0.981035;1.32572e-05;4.97424e-05;5.51989e-07;2.84109e-05;0.000394671;0.000340057
4.32242e-06;1.82948e-05;0.999939;2.67149e-06;5.9788e-07;1.52627e-06;1.9867e-07;1.65691e-07;2.1701e-06;1.4278e-06;4.30331e-06;2.42599e-05;5.02201e-07;3.39364e-07
8.64989e-06;0.00135386;6.03237e-08;5.12113e-07;2.71277e-09;1.95247e-07;0.993471;1.06615e-06;0.000325391;0.00465403;0.000114858;5.37105e-10;1.18167e-06;6.9426e-05
3.19348e-11;4.1921e-13;1;6.56609e-12;2.60494e-12;9.45694e-13;6.06652e-10;1.22874e-10;4.3257e-10;5.38346e-11;1.11479e-10;2.08199e-11;1.21823e-16;1.32967e-15
