6.27848e-06;0.998398;1.21829e-09;9.45657e-07;2.96651e-07;9.23234e-08;5.89462e-05;0.00143578;3.63552e-06;1.12823e-05;8.6959e-07;5.24536e-08;2.05634e-05;6.36105e-05
1.68516e-10;6.66259e-09;1;2.32524e-11;6.64356e-12;1.09846e-13;5.25297e-11;2.86157e-10;2.38563e-12;2.82623e-11;1.39053e-11;1.52714e-07;1.20594e-12;2.49899e-13
4.33892e-06;0.00137428;0.000407469;3.94965e-06;0.000479531;2.64951e-05;1.37429e-06;0.00095443;1.15001e-05;1.7294e-06;1.47506e-05;0.992334;0.000207811;0.00417828
5.70271e-08;0.0010218;1.97984e-09;9.69724e-08;2.14173e-08;1.28343e-06;7.14583e-07;1.11924e-05;2.27382e-06;7.18798e-08;1.81459e-05;2.57066e-07;0.998944;1.84072e-08
3.06714e-06;0.0019267;0.98989;2.3358e-05;3.75787e-06;6.81669e-05;8.54231e-06;7.10844e-06;4.02402e-08;0.000220584;8.74388e-08;0.00186344;0.0037365;0.00224847
1.31762e-08;1.81096e-07;0.99998;6.507e-09;8.69193e-08;8.99011e-09;1.79619e-05;2.28291e-07;2.93234e-08;1.40778e-06;7.69495e-08;2.0623e-09;2.49467e-10;2.54883e-08
4.76907e-09;6.31143e-09;0.999999;1.63989e-09;1.74785e-09;4.84124e-10;1.00249e-08;1.72282e-07;1.76369e-07;6.3629e-10;8.73243e-08;2.18016e-07;1.5136e-08;4.05158e-11
1.84181e-08;1.03498e-06;0.999322;3.43903e-08;2.15761e-08;4.31558e-09;1.28003e-08;2.1316e-06;3.44178e-08;4.49037e-09;5.60294e-08;0.000636717;1.32308e-08;3.79153e-05
9.17115e-10;4.89808e-06;1.09008e-06;8.06861e-09;3.27558e-06;1.40097e-05;3.53636e-11;6.41676e-07;4.20414e-11;1.71641e-09;2.09008e-10;1.60554e-06;6.66875e-09;0.999974
6.27196e-07;0.802795;1.76426e-08;2.70658e-07;8.80686e-07;2.49843e-06;8.90756e-09;0.0301033;1.81645e-08;3.41883e-09;6.29756e-07;0.000146143;0.166949;1.38275e-06
1.73445e-06;0.136772;3.0678e-08;8.40095e-06;1.21932e-06;1.72513e-06;1.00201e-08;0.00308173;1.00459e-07;1.82646e-07;6.99909e-07;0.00533307;0.854756;4.35733e-05
7.17659e-07;0.139964;3.37962e-05;4.10859e-05;1.47037e-05;2.15964e-06;4.9018e-06;0.000114261;1.9829e-08;3.12155e-06;4.48498e-06;0.845435;0.000834328;0.0135481
0.000129494;0.138195;0.000114704;0.00404429;0.00329384;8.0052e-05;0.000701132;0.840105;6.71878e-06;0.000135481;0.000734475;9.95446e-05;0.000686924;0.0116736
0.00122938;0.0277956;5.77619e-07;0.000209995;0.000748833;1.91082e-05;0.000965814;0.851821;0.0018812;5.86878e-05;0.0829446;0.0148428;0.0170912;0.000390929
0.000193987;0.00145692;0.975554;0.000113674;0.00508908;2.61915e-05;1.06629e-06;5.95225e-05;6.6293e-07;1.19683e-06;7.91659e-05;0.0109663;3.59705e-05;0.00642238
6.99584e-06;0.99257;1.36062e-07;7.12225e-07;7.97623e-06;6.25508e-07;1.79003e-05;0.00662492;4.86325e-05;2.73757e-08;4.66507e-05;1.49283e-05;0.000568804;9.19924e-05
5.71159e-07;0.991732;6.5566e-09;4.59465e-07;1.31767e-06;7.59636e-08;5.62126e-09;0.00791126;2.62697e-08;9.2049e-08;1.44316e-08;0.000126149;0.000158245;6.97379e-05
3.33273e-06;0.0053324;8.8829e-10;3.58228e-08;6.82252e-08;3.57903e-07;8.94471e-07;0.00853277;6.69399e-07;1.11672e-07;2.73831e-07;8.46274e-08;0.986129;1.48291e-07
4.45412e-08;7.81547e-09;0.999999;3.66119e-08;2.68131e-09;2.33418e-09;1.09253e-08;1.53104e-07;6.04283e-08;8.71059e-10;5.37625e-09;6.34323e-07;1.26516e-08;4.97906e-11
1.13249e-05;0.00438966;0.951865;9.76911e-05;7.33115e-05;4.58308e-07;4.91801e-06;0.0185134;3.15241e-05;4.71197e-06;2.64279e-06;0.0246077;5.0426e-06;0.000392967
3.77912e-05;0.0117207;1.40031e-06;0.000122069;0.842818;0.04618;9.25687e-05;0.0835031;0.000711408;0.000370979;0.000266806;1.36748e-05;0.000609574;0.0135519
3.1482e-06;0.00051423;0.985533;2.21658e-05;0.00595705;8.91885e-05;8.85883e-09;4.32907e-06;7.22576e-09;7.07449e-08;4.72637e-07;0.00749786;2.46887e-05;0.000353522
6.17094e-06;0.500891;4.73195e-08;4.05364e-05;0.000216779;0.000948403;1.71149e-05;0.0175546;0.000217498;2.14851e-07;0.00085536;6.13203e-06;0.47865;0.000596891
9.7767e-07;0.998958;0.000854037;2.99182e-05;2.86374e-06;3.28592e-06;8.62655e-08;4.65094e-05;3.85397e-09;4.64677e-07;3.45834e-08;4.42187e-06;2.87243e-05;7.06784e-05
9.17229e-07;0.984166;6.08856e-10;2.47408e-05;2.2654e-05;4.20906e-06;6.86961e-08;0.0152555;5.3862e-06;6.45191e-07;3.01779e-06;0.000159838;0.000170532;0.000185995
0.000146195;0.00201969;1.53563e-05;0.000205526;0.000122437;1.02411e-05;1.2287e-06;0.000422709;5.00922e-06;1.84482e-06;0.000137737;0.996598;0.000273373;4.03774e-05
9.96051e-05;0.947146;5.6136e-09;9.97078e-06;8.20745e-06;6.13442e-07;4.24072e-05;0.00252798;4.16152e-06;1.4111e-06;1.91568e-05;0.00135558;0.0485891;0.000195933
0.000312781;0.0923506;1.86975e-06;0.000879286;0.0759182;0.00230402;7.05472e-06;0.602947;6.81843e-05;6.1345e-05;4.89318e-05;0.0671266;0.0135576;0.144417
8.96948e-05;0.96023;5.9128e-08;1.43857e-05;6.71225e-06;7.05691e-05;0.000516478;0.00507241;2.35659e-05;3.38715e-05;8.60053e-05;1.59851e-07;0.0337941;6.24555e-05
9.46899e-10;1.43856e-10;1;3.99573e-09;5.77991e-11;1.16865e-10;9.38968e-09;8.85972e-12;6.22328e-10;2.34014e-11;8.81707e-09;3.17408e-08;7.21158e-12;3.90033e-13
0.000146176;0.635261;0.000534777;0.00171048;0.000109672;1.48081e-05;2.27289e-05;0.022211;0.0167055;3.58302e-05;0.00561482;0.316742;0.000796058;9.54094e-05
7.57655e-06;0.998897;4.90467e-10;5.51007e-06;1.67188e-06;2.26819e-06;0.000509604;0.000142023;2.0095e-06;4.80072e-05;8.19359e-06;4.01072e-08;0.000236396;0.000139402
1.72672e-08;6.2119e-07;0.999456;1.91072e-08;8.57126e-07;1.17657e-09;2.26629e-10;5.22343e-08;4.03646e-11;6.79003e-11;2.7682e-10;0.000542165;4.34853e-10;5.93186e-10
1.49023e-06;0.00310292;1.63613e-07;3.25761e-07;0.00224687;3.0485e-06;1.64422e-08;0.985405;5.83656e-09;1.11158e-07;6.8251e-09;3.13368e-05;0.00746812;0.00174047
3.19406e-08;6.33276e-07;4.47997e-07;6.70475e-07;5.43051e-08;0.000265336;1.01313e-06;4.31554e-07;1.75234e-07;1.18255e-06;5.63033e-06;6.58576e-08;0.999724;3.85928e-08
6.77109e-09;1.42217e-07;1;5.70718e-08;1.60294e-08;5.82429e-09;5.94058e-10;3.3241e-09;1.46088e-11;7.21252e-09;5.54308e-10;2.31523e-07;3.12112e-10;2.79215e-08
1.11927e-06;0.996249;1.12599e-06;1.01964e-05;6.76802e-06;7.44766e-06;1.73375e-05;0.00163443;3.48764e-05;3.63624e-07;9.80444e-05;6.48665e-06;0.0019145;1.7871e-05
