2.88294e-05;0.740969;5.60543e-08;0.000388022;0.000315361;1.19706e-05;8.06553e-06;0.255229;0.000457791;2.93458e-05;0.00019924;0.0021332;0.000216813;1.30487e-05
4.8735e-08;5.13202e-07;0.999941;1.6524e-08;2.76396e-07;2.82016e-07;1.82927e-09;2.09552e-08;1.7271e-10;2.14943e-09;2.43474e-09;5.74377e-05;1.209e-07;2.88289e-07
9.3236e-05;0.233141;1.55611e-10;2.4087e-06;0.000609932;4.44919e-05;2.2995e-06;0.11946;9.36774e-06;2.72348e-07;2.39058e-06;2.66351e-05;0.646452;0.000155978
0.000109226;0.0274594;4.61416e-08;0.00347947;0.000472626;0.0168478;0.000162588;0.000124488;0.000843116;0.00193619;0.000149599;3.82469e-05;0.945213;0.00316434
0.00694162;0.0112893;0.974398;0.00228134;3.60948e-05;3.39194e-05;5.72379e-05;0.000717504;0.000363169;3.73439e-05;0.000172343;0.00350913;1.54207e-05;0.000147407
0.000113243;0.876313;1.2367e-07;0.000326665;2.31106e-05;1.49101e-05;0.000558036;0.06644;0.00413619;2.6973e-06;0.00285577;0.00107436;0.0475407;0.000601002
0.00100062;0.0163563;1.86991e-06;0.000176348;0.00271466;0.000915854;0.00010994;0.923699;0.00227196;0.000369555;0.000640943;0.000113295;0.000858909;0.0507709
3.37657e-06;0.00750827;5.02879e-06;4.35006e-06;1.83081e-06;4.16654e-06;8.25328e-07;1.43974e-05;2.50071e-05;3.47382e-07;9.42487e-05;0.992196;0.000135897;6.4011e-06
2.97495e-05;0.852687;1.31775e-06;3.87249e-06;0.000776875;4.72617e-07;7.66198e-08;0.117826;2.72884e-05;8.30256e-08;5.70795e-06;0.00239342;0.0262435;4.95159e-06
0.000252253;0.0309972;5.42736e-06;4.45024e-05;0.00330189;8.77e-06;7.49144e-07;0.0302393;0.00215638;4.11794e-06;1.98601e-05;0.926081;0.00281195;0.00407694
0.000602262;0.0168056;1.9807e-08;9.93365e-05;4.20217e-07;2.77136e-08;0.000123236;0.00497347;0.967433;9.15593e-07;0.00843053;8.34713e-05;0.00144731;3.59544e-07
0.00445077;0.216255;3.93082e-08;5.65069e-06;1.57016e-05;8.33244e-06;4.18014e-06;0.462097;0.00237297;7.83867e-06;3.4031e-05;0.000388436;0.313845;0.000515336
1.55886e-06;0.000652451;6.47451e-06;6.71895e-07;3.70177e-07;6.99915e-08;5.33725e-09;6.64351e-05;2.20399e-06;3.07394e-08;9.81706e-07;0.999254;1.29822e-05;1.60271e-06
0.00109581;0.65634;0.000587576;0.000841721;0.0159095;0.000121632;3.37589e-06;0.15179;0.000952445;9.00102e-05;0.00022515;0.0592123;0.107694;0.00513704
0.00157364;0.117378;2.54572e-06;0.000601236;0.000247373;0.000472713;0.00159086;8.52141e-05;0.0345071;0.00936328;0.000204425;0.000970859;0.826134;0.00686959
2.11232e-05;7.15825e-06;0.999833;5.66853e-06;3.88096e-05;1.13666e-07;1.47634e-07;3.42182e-06;4.53064e-05;3.75355e-07;1.15228e-06;4.38622e-05;1.68946e-07;1.46576e-08
0.00058458;0.000500967;3.4553e-05;8.24534e-06;5.58256e-06;4.57945e-07;1.24105e-05;0.124959;0.872578;1.16832e-05;0.000758122;3.77501e-05;0.000508198;2.09058e-07
