1.98645e-06;0.00443994;6.82233e-08;8.43132e-07;2.15859e-07;2.19526e-06;2.5444e-08;0.000772898;2.2028e-06;1.44785e-08;6.45429e-07;4.68766e-05;0.994732;1.7199e-08
2.0209e-06;1.43995e-05;1.17143e-09;6.0882e-06;0.000122213;6.14718e-06;3.64434e-10;0.00187042;2.81819e-06;7.7704e-07;2.17321e-06;0.997951;2.02428e-05;1.67412e-06
6.56385e-05;0.956121;0.000367608;8.14526e-05;3.09845e-07;4.15138e-06;0.0208413;3.86737e-06;4.88146e-07;0.0222964;2.28141e-05;1.94424e-06;6.55952e-06;0.0001861
1.22276e-08;7.11953e-09;0.999997;2.201e-09;8.43221e-11;1.10933e-09;2.49657e-06;1.27949e-09;3.53979e-09;3.61627e-09;4.61906e-08;5.75703e-07;2.30606e-12;1.45563e-10
3.51946e-06;0.999555;9.8807e-08;3.73308e-08;4.68262e-08;3.82559e-07;2.80219e-05;5.22303e-05;1.39187e-07;2.53939e-07;9.25183e-07;4.79576e-06;0.000354039;5.91589e-08
2.16458e-06;0.000252887;0.000257578;1.34008e-05;0.000307083;0.983271;9.61721e-09;5.39314e-05;1.42556e-07;5.83501e-06;2.6465e-07;0.0107102;0.000560659;0.00456513
1.56827e-05;0.997219;3.46894e-08;3.81293e-07;7.33289e-08;6.7672e-06;0.000958612;0.000498893;3.60382e-07;2.81454e-05;1.80448e-06;5.93535e-06;0.000120757;0.00114364
8.07569e-10;5.47543e-08;0.999999;1.5641e-09;3.87001e-10;6.19346e-09;6.20009e-07;2.02859e-08;9.78884e-10;4.68496e-08;1.22969e-09;1.61107e-08;5.41227e-11;6.60473e-11
9.93121e-09;2.62475e-08;0.999997;2.57872e-08;3.27696e-09;8.05726e-08;1.22548e-07;1.27635e-06;6.03249e-08;9.84731e-09;1.12388e-07;9.37095e-07;1.02094e-07;1.80838e-09
3.49486e-09;1.56105e-05;0.997857;9.01489e-08;3.96477e-09;2.92862e-07;1.3231e-08;4.80343e-07;2.42559e-09;6.9278e-09;8.11216e-08;0.00210108;5.67116e-08;2.55662e-05
1.34466e-09;0.00180081;3.36322e-09;7.52534e-08;6.5427e-06;6.68326e-05;2.04439e-06;3.90684e-06;6.61802e-10;1.52645e-06;1.43154e-08;1.56007e-12;4.10117e-07;0.998118
1.45466e-10;5.921e-10;0.999983;2.72806e-09;4.15255e-09;1.8339e-08;3.90116e-10;2.84184e-08;4.4191e-12;1.78599e-11;4.80203e-09;1.65806e-05;1.4853e-10;5.44033e-11
2.0296e-05;0.0292928;1.11566e-05;9.34432e-05;0.000198262;0.0057833;1.37951e-05;0.0918287;1.75238e-05;4.2086e-07;0.000486681;0.00110136;0.871035;0.000117501
6.46064e-08;0.000163329;1.44392e-10;3.6589e-10;1.72388e-07;2.01427e-08;1.45406e-10;0.999029;1.62577e-10;9.99872e-11;1.58808e-09;2.41658e-07;0.00080673;7.59694e-09
9.7666e-08;0.000191441;9.1066e-06;2.21176e-06;0.00216408;0.00029449;1.48416e-09;4.17526e-05;2.26839e-09;1.68439e-07;1.15292e-07;0.964508;2.62513e-05;0.0327622
8.84268e-07;0.0281803;1.19277e-08;2.60139e-07;8.64866e-07;9.41667e-08;1.85661e-06;0.000958357;8.74344e-09;3.51642e-08;1.59119e-06;3.00304e-06;0.97085;2.5557e-06
3.55076e-07;0.00276085;8.24216e-06;3.32009e-05;0.000233779;4.84674e-06;2.49109e-08;0.000213661;6.38281e-07;8.50399e-08;1.30174e-06;0.968946;0.000130745;0.027666
1.73736e-06;0.0908885;4.37913e-08;1.82198e-05;3.10647e-07;1.02408e-05;1.79785e-05;0.000262985;1.72804e-06;4.70109e-07;2.38614e-05;0.000690475;0.908077;6.70317e-06
3.10112e-07;0.000608702;6.21724e-07;3.0677e-06;5.77981e-08;6.22219e-07;1.45356e-08;5.27993e-06;1.53815e-07;3.85477e-08;7.44133e-07;0.999212;0.000153163;1.54175e-05
4.53833e-05;0.0768759;4.1589e-09;4.06691e-05;0.00355861;1.99501e-06;1.14373e-05;0.917826;7.20914e-06;6.61854e-06;6.72562e-05;0.000124031;2.20393e-05;0.00141268
5.22838e-05;0.0972716;0.809303;0.000950162;0.000148329;2.02323e-05;7.05015e-06;2.21848e-05;1.41842e-06;2.53932e-05;0.0001001;0.0879393;0.0017617;0.00239726
0.000166465;0.980448;1.18355e-06;1.70416e-05;8.34381e-05;0.00015364;0.000150392;0.00372993;7.21998e-05;5.30035e-06;0.00263041;0.000133145;0.0116446;0.000764686
0.00104499;0.394528;4.04239e-09;0.000342469;4.73256e-05;0.000213284;0.000367507;0.00371259;0.0267057;6.74307e-05;0.0448015;0.0847144;0.44327;0.000185649
0.0668546;0.0180709;0.000367016;3.59729e-06;0.000128554;7.07051e-08;1.94484e-06;0.906978;0.00161725;5.30786e-07;8.7189e-05;0.00506345;0.000826866;4.32263e-07
0.000129163;0.0433977;1.01811e-05;6.83958e-05;0.000825104;6.99416e-06;3.4717e-05;0.0282898;0.00371375;7.28156e-06;6.10609e-05;0.897715;0.000829944;0.0249113
0.000183846;0.399354;6.63409e-06;5.43992e-05;0.0101745;0.00023848;9.96315e-05;0.587037;0.000258157;0.000538683;1.46994e-05;0.000188541;0.00162173;0.000230419
0.00133577;0.00122727;0.183444;0.000256675;0.0960442;0.000127169;7.97726e-07;0.000397393;0.000107882;2.12658e-05;2.20347e-05;0.715755;0.000585092;0.000675469
0.000116029;0.126539;1.51187e-08;1.43776e-05;0.0178981;8.28464e-07;0.00104457;0.53594;0.315031;4.29001e-06;0.00336216;1.1545e-05;9.72864e-06;2.89939e-05
0.00668231;0.449594;0.388108;0.0180817;0.0792682;0.00696421;0.00169639;0.00225173;0.0127858;0.00451364;0.00611533;0.00293015;0.00677506;0.0142335
0.000921642;0.964251;3.95692e-07;1.65494e-06;8.59388e-06;6.26679e-06;4.80795e-06;0.000404037;0.00018693;4.86295e-07;3.81044e-05;0.0287649;0.00509111;0.000319838
5.43446e-05;0.983372;1.04527e-06;3.1471e-06;2.98561e-05;1.53656e-05;0.00693463;0.000325521;5.28755e-06;0.0014641;1.81612e-06;2.53924e-05;6.37581e-05;0.00770424
1.03999e-10;1.43194e-11;1;1.29611e-11;1.3804e-10;1.72796e-10;3.78199e-10;1.82314e-11;3.27448e-11;2.98083e-11;2.8198e-11;2.63363e-07;1.65964e-14;6.28877e-13
1.4495e-06;0.995335;1.77818e-09;8.56565e-08;5.9439e-09;6.44649e-07;2.61498e-07;1.69491e-06;5.08366e-06;2.78485e-08;1.56106e-06;5.43165e-06;0.00464867;4.93809e-09
2.89008e-06;0.0540729;9.42949e-09;1.18994e-07;1.27758e-06;3.27027e-07;4.92263e-08;0.000507756;2.94926e-05;8.8969e-09;1.99469e-05;0.943776;0.00158899;5.25616e-08
9.47243e-05;0.593832;7.70193e-06;5.86467e-05;0.0491191;0.000520521;1.06654e-05;0.0997417;0.000335248;2.54046e-06;1.48713e-05;0.042655;0.184873;0.0287345
3.43147e-05;0.853522;1.31577e-08;2.80996e-06;3.69839e-06;8.1116e-05;0.000152264;0.00559099;0.000112034;8.9583e-06;4.76238e-06;1.81413e-06;0.139976;0.000509067
1.46724e-09;7.10031e-10;1;5.42493e-10;3.01525e-10;2.26943e-11;2.06332e-10;1.39926e-08;2.48015e-10;1.15249e-11;2.75843e-10;8.11277e-08;1.00175e-09;1.59614e-12
8.89248e-07;0.00140566;3.78893e-05;1.82291e-06;8.07483e-06;1.58342e-08;2.19036e-06;0.00158216;1.35824e-05;1.17664e-06;9.91249e-08;0.000898079;2.77931e-06;0.996046
1.05088e-07;5.59789e-06;5.19098e-12;1.12119e-08;0.000307934;4.99622e-07;4.75012e-08;0.999665;1.94148e-05;4.02061e-09;2.21518e-08;8.95294e-09;5.21667e-07;3.60259e-07
8.99825e-09;1.70405e-06;0.999968;6.23213e-08;1.11901e-05;5.83299e-09;1.08568e-11;6.988e-09;1.98299e-11;1.616e-10;2.13346e-10;1.77438e-05;1.7445e-09;8.93014e-07
6.32463e-08;0.999854;6.59047e-10;1.58055e-08;6.59632e-08;1.87843e-09;3.69919e-08;7.40134e-05;8.73024e-07;3.74502e-11;2.25236e-07;3.09804e-06;6.77577e-05;2.44374e-07
7.42861e-07;0.996425;1.09877e-08;5.04063e-07;1.2504e-06;4.0252e-07;2.80341e-08;9.07416e-05;1.07031e-08;8.07879e-08;4.59329e-09;0.000361972;0.0027388;0.000380202
1.21161e-08;0.0011758;2.24287e-07;9.54414e-09;4.03116e-09;1.37062e-09;1.35907e-10;6.1461e-05;7.97854e-10;7.20725e-11;2.93139e-10;0.998748;1.47177e-05;2.41654e-08
6.98468e-06;0.188747;5.87184e-05;1.60295e-05;0.00598088;0.00152074;1.08171e-06;0.0323097;2.21084e-06;1.36367e-06;2.46823e-07;0.120747;0.611448;0.039159
1.82198e-07;0.000681923;2.15816e-09;2.43068e-07;1.14164e-07;0.000180437;3.95976e-06;3.79187e-07;7.33657e-07;4.43593e-07;3.37314e-07;8.56234e-07;0.999112;1.84498e-05
1.10159e-05;0.000221153;0.999623;4.26603e-06;9.96324e-07;6.32003e-07;1.2462e-07;1.14013e-06;3.44949e-08;9.46966e-08;4.90002e-08;0.00012885;1.12001e-06;7.81629e-06
5.39018e-06;0.991507;5.84033e-08;1.77424e-05;5.26041e-06;8.90049e-06;7.85325e-06;0.000976006;5.39271e-05;2.76013e-07;5.43177e-05;0.000136353;0.0067935;0.000433812
1.94359e-05;0.0355457;3.11828e-07;1.74496e-07;6.95155e-06;1.8155e-07;1.04866e-08;0.963339;1.32848e-07;2.04155e-07;1.22766e-07;5.62358e-06;0.00107814;4.16082e-06
3.57711e-08;0.000357797;4.40819e-05;2.00851e-07;1.09815e-06;1.49469e-07;1.5368e-08;8.74546e-06;1.26931e-08;8.06012e-08;6.83824e-08;0.999465;0.000114676;8.24924e-06
2.38929e-06;0.0017267;2.95732e-07;9.64372e-06;0.000121029;0.000786843;1.46658e-05;0.000381217;3.3623e-05;4.0043e-05;6.27452e-05;7.97549e-08;0.996801;2.01308e-05
0.000117991;0.000445282;0.998737;8.76766e-07;3.5621e-05;7.87017e-08;1.73164e-07;1.76287e-05;1.53425e-07;1.05377e-06;1.27e-08;0.000612963;1.39551e-07;3.09101e-05
3.40117e-06;0.00917736;1.34136e-08;6.82954e-07;0.000170129;3.88223e-06;0.000107761;0.989935;0.000243109;5.63453e-06;1.72539e-07;1.88745e-09;0.000246471;0.000106024
1.59991e-08;1.29355e-08;1;1.19918e-09;4.58276e-09;1.98364e-10;9.27246e-10;2.28218e-07;2.00858e-08;5.08155e-10;2.56759e-09;8.61348e-09;2.87469e-09;1.94563e-12
5.43337e-07;1.29246e-06;0.996238;1.02066e-07;1.41179e-06;2.92726e-08;2.1867e-09;0.00263123;6.19658e-07;2.29594e-08;6.12737e-09;0.00112324;2.30381e-08;3.49225e-06
6.6228e-07;0.0001147;6.31685e-06;1.40898e-07;3.18387e-05;0.000144531;2.26991e-09;2.8094e-05;4.3995e-08;1.57367e-07;3.84279e-08;0.000781565;7.6629e-07;0.998891
2.78202e-05;7.59928e-05;1.07403e-09;1.59287e-07;9.41771e-06;1.40957e-06;5.4044e-08;0.999545;9.40856e-06;8.78473e-09;2.39048e-06;6.11149e-07;0.000327903;4.97198e-08
2.81573e-06;0.999556;7.45002e-07;6.34984e-06;2.9306e-07;7.54848e-08;5.27839e-08;0.000169228;1.23143e-08;1.52587e-07;3.86208e-09;5.46261e-07;4.06466e-05;0.000223253
9.76382e-06;0.898559;3.54568e-07;1.94851e-05;3.12245e-06;1.9266e-06;1.79792e-07;0.079102;1.85111e-06;1.04252e-06;1.68878e-06;0.0218281;0.000454857;1.64134e-05
0.000734146;0.00250559;8.38663e-08;3.0369e-05;0.00405471;0.00260262;0.00103954;0.909843;0.000169371;2.3814e-05;0.00124208;0.00504684;0.0725767;0.000131158
8.28695e-05;0.00307432;5.40211e-06;0.000149166;0.00877806;0.00436198;1.22198e-06;0.00263017;0.000656353;4.1221e-06;0.000130996;0.718557;0.00513554;0.256432
2.36821e-06;0.997524;4.84593e-09;4.28529e-07;2.89691e-10;2.29657e-08;2.84405e-06;5.78668e-07;9.12664e-07;6.25533e-08;1.11547e-06;2.25877e-05;0.00244526;9.4806e-09
2.47988e-06;0.0220384;1.26372e-08;1.32691e-06;4.68204e-07;2.03981e-06;8.38162e-08;0.0013096;2.01457e-05;3.25304e-08;1.38572e-05;0.974734;0.00187726;1.69723e-07
1.31678e-05;0.218166;2.0504e-06;3.64643e-05;0.00204182;0.000422289;2.22699e-06;0.0345489;8.81739e-06;3.12081e-06;7.24264e-06;0.033287;0.706588;0.00487269
1.26336e-05;0.889635;8.98882e-07;3.90292e-06;3.38036e-06;6.9422e-05;0.00269539;0.000877476;5.10479e-06;0.000106794;1.48034e-05;3.9213e-06;0.106417;0.000153878
3.0093e-09;3.22113e-09;1;1.75844e-09;7.10078e-10;5.64433e-10;1.62795e-09;1.12614e-09;2.82344e-10;2.97074e-10;4.06708e-09;1.28606e-07;8.8791e-10;2.2344e-11
4.56766e-06;7.85203e-05;0.985842;2.71109e-06;6.57462e-06;4.11527e-07;1.51432e-07;0.012238;3.95734e-06;2.89693e-07;2.25628e-07;0.00178579;1.41025e-06;3.51461e-05
5.17307e-08;0.000400201;8.23829e-06;3.33761e-08;2.7287e-06;8.33592e-06;4.62416e-10;6.98197e-06;2.57375e-10;2.00384e-08;1.25697e-09;9.07328e-05;7.87211e-08;0.999483
7.16481e-06;0.00436548;4.99012e-09;8.62456e-08;3.10402e-06;8.85156e-05;2.00704e-07;0.938423;3.44549e-07;5.72765e-08;5.10094e-07;3.66809e-08;0.0571099;1.59194e-06
5.31592e-08;7.03699e-07;0.999983;1.016e-07;8.57145e-09;3.44873e-09;8.76741e-09;1.502e-05;2.7849e-09;3.0286e-09;4.00096e-09;1.90281e-07;4.88157e-07;6.49941e-10
3.31598e-08;9.97482e-06;0.000161731;9.86425e-07;1.06429e-07;3.76759e-08;1.90859e-07;3.60089e-05;3.05061e-08;3.28314e-07;1.09097e-08;0.00165586;1.22741e-06;0.998133
7.65771e-07;0.000181556;8.16122e-10;1.1903e-05;0.0108885;1.75009e-05;9.16935e-06;0.988764;1.81976e-05;3.24763e-07;1.0586e-05;1.80001e-06;5.49078e-05;4.11058e-05
5.83561e-09;5.04833e-05;0.995764;9.29684e-07;0.00414835;4.18236e-08;8.11933e-09;6.43908e-06;6.60952e-12;5.5278e-08;9.98934e-10;5.16586e-07;7.53995e-09;2.89999e-05
7.15982e-07;0.992191;0.000660352;8.96051e-07;2.64394e-05;9.93663e-08;9.63589e-08;1.97834e-05;4.77127e-09;9.1535e-09;1.3319e-07;0.000190981;0.00689857;1.08812e-05
2.07545e-05;0.627618;6.57558e-07;5.6176e-06;0.000305094;0.000119029;3.45113e-05;0.193602;2.80189e-05;6.78494e-07;7.08984e-06;0.132214;0.0418999;0.00414498
2.71959e-06;0.997038;0.000808604;2.88195e-06;1.5908e-05;1.54766e-06;1.39011e-08;0.00140885;1.32311e-09;2.57309e-08;5.06441e-09;0.00058959;2.14312e-05;0.000110422
3.14079e-08;0.00171426;1.28282e-11;1.21143e-09;9.11574e-07;1.67107e-07;6.24093e-07;9.36823e-08;4.22463e-11;7.6694e-07;4.48389e-11;4.06743e-10;7.8748e-08;0.998283
5.20403e-12;4.62601e-12;1;1.08947e-12;4.24452e-10;2.71761e-10;2.24223e-12;2.24451e-10;5.90888e-14;1.31388e-12;1.78181e-13;1.65224e-07;2.01968e-12;7.72291e-12
2.0068e-07;0.000309851;8.87839e-09;1.84872e-07;1.98908e-06;1.1513e-05;3.5259e-08;0.000411065;8.33273e-07;1.43677e-08;1.20432e-05;0.00088213;0.998369;1.26726e-06
2.26021e-05;0.00313806;1.13118e-06;7.52028e-05;0.000372467;0.000336228;5.87395e-06;0.000161845;0.000881411;7.66969e-06;0.00329591;0.983044;0.00806438;0.000593216
6.24517e-05;0.99627;0.00162311;0.000220092;1.67249e-05;7.52801e-06;5.3861e-05;0.000457849;8.50067e-06;3.39659e-05;1.67008e-05;0.00073682;0.000335822;0.000157086
6.95244e-06;0.53727;2.3516e-08;3.30596e-06;8.2149e-08;1.02879e-06;2.54389e-05;1.7651e-06;3.53306e-06;5.29772e-07;1.31535e-05;0.00211767;0.460552;4.07272e-06
0.000286908;0.387947;4.20971e-05;5.29424e-05;0.00898816;0.000154382;5.82117e-07;0.412596;3.50657e-05;3.43212e-05;7.52024e-06;0.135336;0.0283637;0.026155
0.00029835;0.340076;0.000219468;0.00421516;0.00402429;0.00059078;0.00367806;0.0128782;0.0163428;0.000377597;0.0239258;0.461848;0.00444449;0.127081
0.000122333;0.393593;1.83446e-07;6.43414e-05;1.48237e-05;2.83521e-05;6.16543e-05;0.00950269;8.49245e-05;1.79794e-05;0.000584711;0.454537;0.141284;0.000103891
1.84329e-05;0.936142;1.17397e-06;4.34604e-07;3.41898e-08;2.77899e-07;1.28431e-06;9.41423e-05;1.00875e-06;5.02942e-08;1.2078e-06;0.0603186;0.00342117;1.99566e-07
6.48541e-07;0.00062773;4.91503e-08;6.69538e-06;4.29396e-05;0.000255593;6.84727e-09;0.000878815;1.32473e-06;8.11976e-08;4.69412e-06;0.996215;0.00153431;0.000432656
2.85215e-08;0.999164;6.3394e-10;1.03333e-08;7.96828e-09;8.47204e-08;1.22539e-08;2.6676e-06;1.82016e-10;2.87228e-09;4.18797e-09;0.00019183;0.000641349;1.43513e-08
7.27406e-06;0.0734991;3.98089e-08;1.98202e-05;0.000100846;0.00517288;0.0003411;0.000200037;1.16693e-05;0.000106745;3.28029e-05;0.00466945;0.913023;0.00281538
0.000135912;0.0660134;0.912154;0.000468742;0.000231192;0.000143957;1.4278e-05;2.57302e-05;4.43783e-06;6.81045e-06;1.5435e-05;0.0200948;0.000124719;0.00056687
1.19405e-05;0.980721;2.21332e-09;0.000115219;8.57434e-06;5.77052e-06;0.000110933;0.000590148;0.000709422;9.24453e-07;0.000362774;8.8063e-05;0.0167404;0.000535352
2.87793e-06;0.000645607;9.05195e-10;8.21469e-09;1.02544e-05;8.47946e-08;3.70593e-10;0.999298;1.12974e-08;7.62311e-09;1.1965e-08;6.73364e-07;3.7956e-05;4.13406e-06
1.89273e-06;0.968188;0.000313278;7.80809e-06;0.00070819;6.82008e-05;2.99652e-05;0.00213132;4.85772e-07;0.000210338;5.59605e-07;0.00150351;0.00013912;0.0266974
6.24467e-10;6.60184e-09;1;1.09042e-09;1.23597e-11;4.97362e-12;1.72162e-09;1.12827e-08;2.09509e-09;7.57938e-11;2.29586e-09;4.63997e-08;1.58096e-10;5.63474e-14
1.14258e-06;3.07514e-05;0.00131869;2.79712e-06;8.80215e-07;6.28279e-08;3.28036e-08;8.21339e-05;0.000199914;9.39014e-08;1.11646e-05;0.998346;1.24143e-07;5.80597e-06
3.12477e-07;0.000287929;2.1776e-08;9.91556e-09;2.14714e-08;5.2644e-06;6.46244e-09;3.57752e-06;5.94229e-07;1.46494e-08;1.72604e-07;6.86348e-07;0.999701;9.02267e-09
2.94789e-06;0.000550815;0.000129891;1.9133e-06;7.04011e-05;8.94235e-06;1.04372e-08;1.41942e-06;3.90657e-06;6.73321e-08;8.52764e-07;0.999161;6.02614e-06;6.20102e-05
5.64964e-06;4.26921e-06;7.46967e-07;5.61875e-09;7.316e-05;2.79377e-08;1.62935e-10;0.999914;2.44552e-07;5.21746e-10;3.32009e-10;7.94097e-08;1.2546e-06;5.81752e-07
1.36913e-08;2.57446e-06;2.58445e-10;3.92801e-10;9.53183e-06;4.99482e-09;1.8683e-10;0.999987;1.40909e-07;5.4473e-10;7.60169e-11;1.61455e-10;5.0398e-07;9.20517e-11
1.63332e-07;5.49156e-06;0.999985;2.37543e-07;6.95088e-06;9.56236e-07;6.58236e-12;5.58411e-08;2.06479e-10;1.2731e-08;1.28695e-09;1.86641e-07;1.98813e-08;8.84625e-07
1.57345e-06;0.9966;1.74236e-06;7.44174e-07;1.06508e-06;5.50232e-07;1.73833e-06;0.00318504;4.20523e-05;1.01706e-07;7.94113e-06;6.29231e-05;9.22403e-05;2.08667e-06
