5.60938e-06;0.994493;5.06779e-07;1.25763e-06;4.94545e-06;4.29394e-08;3.05603e-07;0.00118724;1.15052e-06;7.84582e-08;4.545e-07;0.00414134;0.000119334;4.50035e-05
0.000216783;0.596461;7.54033e-06;5.90699e-05;0.000488807;7.3421e-05;0.000129664;0.0466858;0.000296698;6.70138e-05;0.000571604;0.110617;0.235094;0.00923119
0.000116885;0.0287641;0.000354533;7.2396e-05;0.00521247;0.00176555;1.79147e-05;0.25071;0.000593585;5.98376e-06;0.000904421;0.698092;0.0119817;0.00140828
0.000351379;0.807924;2.18685e-05;0.00154161;0.00314404;0.00635937;0.000127301;0.0180053;0.000267577;1.97528e-05;0.000498598;0.0384102;0.106928;0.0164013
0.00554423;0.255442;0.000238562;2.9506e-05;5.98493e-05;2.617e-05;4.17345e-06;0.0377806;0.000382499;2.71454e-06;0.000279668;0.11698;0.582978;0.000251551
6.89164e-06;0.990136;2.10253e-07;8.74262e-07;4.58133e-07;2.50097e-06;0.00700309;7.92985e-06;1.55581e-05;0.000646601;5.88464e-06;1.57328e-06;9.38378e-06;0.00216335
7.4424e-09;1.40377e-08;0.999993;1.76466e-08;3.74627e-08;8.852e-08;1.29102e-08;8.04433e-08;4.55963e-09;1.31325e-08;1.66528e-08;6.83888e-06;7.64157e-11;1.28564e-09
7.04521e-05;0.805953;3.25167e-07;4.55169e-06;8.32659e-05;5.01366e-05;5.33894e-06;0.172432;6.45527e-05;2.46508e-06;0.000138689;0.00201307;0.0191561;2.66241e-05
1.49146e-06;0.0312459;5.53426e-10;1.08082e-06;1.06629e-06;8.84911e-08;0.960594;4.77883e-07;1.56305e-05;0.00807423;5.44881e-05;1.91043e-06;1.97946e-06;8.08455e-06
1.14804e-07;4.39124e-09;0.999981;5.57413e-08;2.10852e-08;3.8868e-08;1.7069e-05;3.46138e-09;8.98776e-07;8.66561e-08;2.03978e-07;1.85764e-08;2.0243e-11;1.21504e-10
0.00725751;0.341451;4.77302e-05;2.95036e-05;8.62707e-05;1.46449e-05;0.000156083;0.621529;0.0113626;2.75938e-05;0.00109124;0.000488051;0.016244;0.000214756
5.08072e-08;0.00172052;4.31931e-08;1.95168e-07;8.69725e-07;6.7238e-08;1.40291e-08;3.04731e-05;1.9303e-06;1.89188e-08;1.54008e-06;0.998207;2.0724e-05;1.64524e-05
8.13565e-07;0.979063;5.92515e-08;1.45867e-05;8.20011e-05;9.24374e-06;6.30933e-07;0.000934172;4.10941e-06;5.71018e-06;7.56114e-07;1.42341e-05;0.019868;2.8943e-06
0.00097062;0.00694433;0.0195987;7.85615e-05;0.00051847;3.29837e-05;1.00635e-07;0.00018517;5.31563e-06;6.18884e-06;3.61975e-07;0.966975;0.000549809;0.00413461
0.00154021;0.00376034;1.58196e-08;7.22196e-06;0.000119161;6.53581e-05;7.40177e-07;0.945731;0.00189917;8.18167e-06;2.27815e-05;7.13007e-05;0.0467607;1.41433e-05
0.000102243;0.991632;6.95105e-08;1.4793e-06;2.40394e-07;6.1933e-07;0.000411748;0.00730973;1.79848e-05;0.000436062;2.68375e-07;1.28997e-07;1.70239e-05;7.00152e-05
3.37396e-07;6.98391e-07;0.999988;1.00613e-06;2.05494e-07;3.60845e-07;3.99005e-06;9.22228e-07;4.46634e-07;2.27677e-06;4.6876e-07;1.20898e-06;4.42375e-09;2.15805e-08
0.000137805;0.977821;4.00809e-05;0.000281024;3.6784e-06;4.46045e-07;3.93786e-05;0.0136875;9.86292e-05;6.06313e-06;0.000186878;0.00658747;0.00110553;4.94722e-06
1.71611e-06;0.972227;3.21097e-09;5.42071e-06;2.34728e-07;4.74745e-06;7.78936e-05;0.0150477;3.60548e-06;0.000144625;1.8054e-06;6.69947e-07;0.0124202;6.39557e-05
5.32791e-11;6.17851e-10;1;8.4664e-10;8.58624e-10;6.24269e-11;4.69268e-11;7.33953e-10;2.69101e-12;2.82498e-11;2.26959e-11;8.00911e-08;6.00262e-13;6.92507e-12
8.172e-07;0.995674;6.73419e-07;3.97482e-06;1.7823e-06;1.54593e-07;5.19279e-07;0.00337019;1.60215e-07;6.7488e-08;2.80626e-06;3.07315e-05;0.000912528;1.55667e-06
1.06311e-05;0.965261;3.65136e-07;0.000333732;7.5335e-05;0.000593634;9.97078e-05;0.0113818;0.000358551;3.91282e-05;0.0054687;4.21232e-05;0.013161;0.00317429
1.80648e-05;0.000233516;3.01538e-05;0.000292978;0.204873;0.776765;2.06098e-06;0.000342508;0.000120675;0.000122025;0.00102337;8.66368e-05;0.000809207;0.0152801
0.000134136;0.98622;1.96587e-08;3.18816e-07;4.49573e-08;5.42649e-07;4.73059e-06;1.71692e-05;4.65338e-05;1.27459e-07;1.96847e-05;0.000344154;0.0132125;5.83006e-08
0.000251946;0.0502366;0.236316;0.000107699;0.00181654;7.48724e-06;2.59185e-07;0.000934221;6.64499e-06;3.28495e-06;3.1107e-06;0.696705;3.31716e-05;0.0135786
0.000745039;0.335881;1.6271e-06;9.13368e-05;0.000138106;0.001339;9.78482e-05;0.098144;0.00989696;2.22173e-05;0.00208523;0.000555517;0.550274;0.000728006
0.000956074;0.484127;0.00287195;2.4024e-05;0.00010247;1.05895e-05;8.68787e-06;0.0119611;1.10027e-05;3.96318e-06;4.53275e-05;0.49159;0.0081625;0.000125689
1.84392e-05;0.0281741;1.5442e-07;8.24418e-05;0.035482;1.3015e-05;3.4208e-05;0.920419;0.00285162;9.05568e-06;0.000692773;0.0101687;0.00195395;0.000100544
0.000101113;0.165008;0.821687;0.000491924;0.000716323;0.000499857;1.5079e-05;1.29344e-05;1.9489e-06;9.08149e-05;9.75644e-05;0.00917622;0.000513326;0.00158728
0.000161945;0.974067;9.07951e-07;2.63779e-07;5.60906e-07;2.45029e-06;1.86646e-05;2.03802e-05;4.07883e-06;1.08672e-06;2.45912e-06;0.0251269;0.000565253;2.7589e-05
2.07985e-05;0.0567663;9.73229e-06;4.34985e-05;0.000330978;0.00144458;1.05096e-05;0.00235893;0.000251998;1.03211e-05;0.000375897;0.924488;0.00063418;0.0132547
1.67269e-06;0.996796;1.54369e-07;1.91501e-07;1.12695e-08;1.53463e-07;2.3826e-06;4.22055e-07;2.69833e-08;1.1105e-08;9.03132e-08;0.000455106;0.00274338;5.33193e-08
5.03347e-05;0.425151;2.8604e-07;1.42527e-05;0.000367562;0.00557787;4.92215e-07;0.00951143;6.49966e-05;2.55086e-06;4.80822e-06;0.523986;0.0192026;0.0160655
0.000295516;0.219109;1.53279e-06;0.00041015;0.0169089;0.0563615;0.000232362;0.063268;6.89314e-05;0.000146179;9.85706e-05;0.146379;0.409092;0.0876291
0.000277785;0.858194;6.72739e-06;0.000187447;4.5693e-05;0.000336023;0.000271023;0.00429462;0.000164324;8.68249e-06;0.000246929;0.115989;0.0197273;0.000250648
5.2425e-05;0.328725;1.52491e-07;7.69615e-05;0.000823978;9.75677e-05;1.0565e-06;0.657822;0.000334634;4.62322e-06;7.04327e-05;0.00548582;0.00589445;0.000610875
5.57377e-05;0.047601;7.32031e-05;9.05568e-05;3.01536e-05;5.18731e-07;1.61951e-06;0.00454305;2.20884e-05;3.23033e-07;0.000455688;0.94554;0.00158518;3.8164e-07
0.000211794;0.847664;1.07938e-05;2.52101e-05;0.000173055;1.87072e-06;3.61791e-06;0.00173143;6.05923e-05;3.36166e-06;1.22422e-05;0.0813753;0.0637313;0.00499584
6.27324e-05;0.628575;1.6606e-08;5.78512e-06;0.000196097;5.93175e-06;9.36968e-06;0.342735;0.00118182;4.65473e-06;3.57498e-05;0.0119568;0.0151322;9.88939e-05
3.42504e-05;0.989432;6.4566e-08;2.43033e-06;4.58814e-05;3.35946e-06;0.00050111;0.00483941;3.86407e-06;0.000155463;1.56364e-06;2.9136e-05;0.00449652;0.00045539
1.34478e-07;8.53556e-08;0.999993;1.2768e-07;3.71881e-06;6.68059e-08;6.46608e-08;1.01896e-07;1.44572e-08;4.12758e-09;1.88645e-08;2.67023e-06;2.79255e-08;1.22236e-08
2.27385e-06;0.00820118;0.00103812;3.81137e-06;7.31526e-06;1.69865e-07;1.42522e-05;4.53314e-05;7.93977e-07;1.29914e-06;7.62267e-08;0.00843214;1.7585e-05;0.982236
2.61964e-05;0.0224322;1.32091e-07;3.84178e-05;0.00805938;1.12644e-05;0.000822622;0.966093;0.00050162;8.60682e-05;8.49138e-05;0.0012587;8.47508e-05;0.000501087
9.27331e-06;0.0066595;0.969183;6.1706e-05;0.000534688;0.00171364;5.63627e-05;1.55076e-05;3.73461e-07;6.80355e-06;3.02321e-06;0.0205696;3.60466e-05;0.00115023
2.36922e-05;0.955473;1.82252e-06;3.7162e-07;1.35643e-05;0.000801102;2.3118e-05;1.32276e-05;7.95217e-07;3.69616e-08;2.42664e-06;0.000430068;0.043192;2.53433e-05
9.30464e-07;0.0277129;1.42057e-06;9.40217e-07;0.000375596;0.000311202;2.75616e-09;0.092638;1.26701e-06;1.67879e-08;5.85386e-08;0.876197;0.000321697;0.00243896
3.11584e-06;0.940973;6.1696e-06;7.00875e-06;1.48072e-05;8.21063e-07;1.52639e-07;0.00837049;1.94636e-06;6.08654e-09;2.15897e-06;0.000382754;0.0502365;7.29265e-07
8.16666e-06;0.815686;3.26673e-05;2.14257e-05;0.000199569;1.79739e-06;1.32596e-08;0.0137708;3.95587e-06;5.35868e-07;3.84793e-07;0.145519;0.0100652;0.0146907
2.54202e-05;0.892074;1.22053e-07;3.96956e-05;1.3355e-05;7.39189e-06;1.6787e-05;0.0101179;7.53697e-05;4.35225e-06;5.86674e-05;0.0900271;0.00737347;0.000166389
4.76231e-05;0.586106;2.9035e-05;4.71878e-05;2.79172e-07;6.04513e-08;8.96542e-06;0.0199705;0.000135129;5.10667e-07;0.000447428;0.373824;0.0193832;4.73409e-07
1.43714e-05;0.268158;1.94751e-07;0.00045829;0.081998;8.6332e-05;6.88702e-08;0.590208;3.49077e-05;5.24869e-05;1.31717e-05;0.0541787;0.00395491;0.000842701
0.000551286;0.0941411;0.0667246;0.0483783;0.0048492;0.0705899;0.0004769;1.55693e-05;0.000518601;0.0325772;0.00698548;0.130772;0.0733893;0.47003
0.00640472;0.917195;0.0498775;0.00473323;8.13728e-05;0.000309435;0.00158293;0.00036642;0.00392216;8.69631e-05;0.0114369;0.00275856;0.000920988;0.000324088
5.47734e-05;0.99536;2.6437e-06;2.87144e-06;7.97069e-08;1.80768e-08;4.74287e-06;6.26292e-05;3.83558e-05;2.63174e-07;0.000305011;0.00352278;0.000645574;6.39887e-08
1.45317e-06;0.992714;3.02386e-08;8.14408e-06;5.5239e-06;2.0031e-07;0.00154341;5.86548e-06;1.49252e-06;0.00384486;3.15041e-07;9.2009e-08;4.25588e-06;0.00187078
7.89582e-06;4.14767e-06;0.999061;9.6078e-06;1.28323e-07;1.41766e-06;0.000116448;2.56893e-06;0.000456586;1.71793e-06;0.0002614;6.87331e-05;7.90108e-06;7.87605e-09
6.22727e-05;0.99273;0.00024046;1.2711e-05;4.47099e-06;8.40782e-07;7.59586e-05;0.0067383;5.63789e-06;6.24438e-05;5.52206e-07;6.66107e-07;6.03636e-05;5.7602e-06
1.09706e-07;8.09276e-09;0.999998;1.25785e-08;1.22682e-08;2.49778e-10;1.22249e-08;5.24052e-07;7.40618e-07;6.29164e-10;1.12601e-07;4.67424e-07;6.91407e-09;5.64125e-12
7.75416e-05;0.0611243;0.0222064;1.17818e-05;0.000296488;1.04797e-06;2.46187e-07;0.870986;0.000164094;9.06888e-07;1.81728e-06;0.0442603;0.000195724;0.000674021
0.000284447;0.403047;2.34536e-07;0.000177118;0.116702;0.00559339;0.000687937;0.362923;0.0712221;0.00151994;0.0121021;7.98923e-05;0.0228484;0.00281214
0.000667662;0.00643062;0.945605;0.00188732;0.0214736;0.000495754;5.82579e-05;0.000129086;6.99881e-05;0.000159162;0.000122924;0.0122764;0.00121787;0.00940629
0.00308608;0.822361;0.00019638;4.54288e-05;0.00625997;4.80466e-05;1.85934e-06;0.165885;7.76628e-05;6.11128e-07;4.10797e-06;0.00115847;0.000784126;9.14654e-05
8.3793e-05;0.998804;7.91339e-07;6.98614e-08;1.21952e-05;1.98361e-06;3.13126e-07;0.000257284;2.8929e-07;7.89423e-08;5.98432e-08;0.000641739;0.000178092;1.93809e-05
4.72435e-06;0.0102945;1.54933e-05;1.71373e-05;0.00121137;0.00315901;5.46144e-08;0.00852697;1.91068e-05;1.08828e-06;3.15118e-06;0.870561;0.000349673;0.105837
1.23262e-06;0.997993;2.3678e-09;4.4572e-07;3.69412e-09;7.19739e-08;5.62698e-07;1.14956e-06;1.24633e-06;4.833e-08;1.05961e-06;4.95566e-05;0.00195098;5.46757e-08
6.4949e-06;0.165969;9.69983e-07;1.13692e-06;1.53404e-06;1.54541e-06;2.53622e-07;0.00100722;4.12835e-05;9.93438e-09;3.95599e-06;0.831436;0.00152987;8.35393e-07
0.00012798;0.533696;2.95028e-05;9.88156e-05;0.00440594;0.000896275;9.94415e-07;0.431859;0.000285234;1.85221e-05;4.50849e-06;0.00131136;0.0213221;0.00594428
0.000151561;0.545102;0.00597394;0.000212773;5.45821e-06;2.77136e-05;4.86547e-05;0.00481907;0.000167039;1.86207e-05;0.000171168;0.423501;0.0196985;0.000101858
7.66095e-05;0.969837;1.03473e-05;6.95035e-06;5.09251e-05;0.000566947;6.45216e-05;0.0124502;2.80584e-05;0.000471298;3.21291e-06;9.97652e-07;0.00486183;0.0115715
1.82319e-09;1.18071e-09;0.999943;4.32039e-09;8.50503e-10;9.26325e-10;4.37585e-10;5.13938e-10;2.55978e-10;1.14108e-09;1.20088e-09;5.70757e-05;1.67857e-09;9.79127e-11
0.000284535;0.000856272;0.000496613;5.35813e-05;0.000577096;4.94268e-06;1.03415e-05;0.996338;0.000438081;9.67542e-06;0.000591249;0.000317666;1.77886e-05;4.51136e-06
0.000471138;0.122605;6.24211e-07;9.38198e-07;9.27097e-08;3.52258e-07;0.859707;0.00173648;0.0063247;0.000399556;0.0083803;4.38541e-07;0.00035309;1.99205e-05
1.94777e-08;1.88571e-10;0.999999;5.88399e-10;7.1137e-09;7.58977e-11;5.0663e-08;2.17743e-09;7.98014e-09;1.37524e-09;3.37973e-09;5.38434e-07;3.30329e-13;7.54005e-12
0.0156786;0.570982;0.000116238;9.50875e-05;0.00941515;0.00399043;0.00245482;0.230123;0.0621489;0.000156951;0.00129622;0.00499123;0.0522624;0.0462894
0.00013516;0.281873;0.000645727;2.50252e-05;0.0016958;5.87318e-05;3.53372e-05;0.0590704;0.000316065;1.11204e-05;3.43988e-05;0.652637;0.000731337;0.00273084
2.93066e-06;0.976236;7.3987e-09;1.20203e-06;3.02289e-06;3.69294e-06;0.0153307;3.7657e-05;6.73753e-07;0.00180324;8.52395e-08;2.21317e-06;3.60144e-05;0.00654259
8.94121e-10;5.16264e-11;1;7.49675e-10;1.97871e-08;2.75793e-09;2.11162e-08;7.64839e-10;2.01024e-10;6.29964e-10;5.35397e-11;2.33772e-07;5.63199e-13;2.1414e-10
0.000203044;0.0208222;5.28629e-08;2.75218e-05;0.000239758;1.9476e-05;4.61181e-05;0.028146;0.00876079;3.17604e-06;0.000518634;0.000266286;0.940931;1.55908e-05
0.00210968;0.980833;3.10961e-05;0.000219841;8.36778e-05;1.78186e-05;3.56314e-05;0.000677955;0.00149189;2.20888e-05;0.000194334;0.0113238;0.00287037;8.94021e-05
1.01409e-05;0.971153;1.27451e-09;1.53825e-07;7.81174e-08;7.82818e-08;1.58581e-06;3.82669e-06;3.18276e-06;6.42617e-08;1.47474e-06;0.00010577;0.0287205;4.23719e-07
2.20551e-05;0.00242572;4.76886e-06;1.93376e-05;0.00017493;0.000364098;1.75765e-06;0.00135432;0.000606964;1.66068e-06;6.28212e-05;0.993391;0.000241279;0.00132925
0.000511353;0.456935;2.89449e-06;0.000203282;0.000607406;0.000441158;0.000108451;0.3758;0.00116821;5.83677e-06;0.000535677;0.00425655;0.140753;0.0186706
0.0002806;0.756563;3.25159e-05;3.66073e-05;1.62022e-06;3.82828e-05;1.78074e-05;0.000582505;3.51038e-05;6.62286e-06;9.1641e-06;0.226154;0.0161544;8.73746e-05
3.595e-05;0.062655;1.42072e-07;3.29689e-05;0.00125245;4.86294e-06;4.68529e-06;0.925485;0.00713159;1.2049e-06;0.000287629;0.00211054;0.000974942;2.34094e-05
9.32307e-05;0.186415;0.798624;0.00309298;0.00135184;0.0010845;3.14566e-06;0.00017458;1.08353e-05;0.000162981;0.000287183;0.00201216;0.00602811;0.000659687
0.000989556;0.217123;0.000121068;1.19192e-05;0.00042717;3.49542e-05;1.51154e-06;0.278409;0.00126612;9.9504e-07;0.000370791;0.493563;0.00754564;0.000135028
0.000141792;0.816705;2.35596e-08;0.000123467;0.00387992;0.000146115;1.4422e-05;0.125569;0.00055877;0.0001779;0.000313614;0.0061495;0.00353954;0.0426809
0.0019824;0.0112327;0.0053828;0.000201396;0.000703207;7.08031e-07;3.57381e-05;0.00110366;0.00172375;3.11002e-06;0.0100684;0.96126;0.00615734;0.000144698
0.00612303;0.746917;2.5509e-06;1.09342e-05;0.00256898;1.19889e-06;6.77901e-06;0.19488;0.00515009;5.3686e-06;0.0001704;0.00406988;0.038403;0.00169124
9.83782e-05;0.0553162;5.35995e-08;8.75833e-06;0.00344113;0.000252776;9.89116e-07;0.656134;0.00082174;1.06641e-05;1.03541e-05;0.255588;0.0219566;0.00636045
0.000278246;0.940401;3.28005e-08;0.00030063;0.00036095;3.27415e-05;0.000225561;0.00220269;0.00129133;0.000155955;0.00114826;0.0055652;0.0320845;0.0159532
0.000195511;0.0013719;3.76446e-08;1.05383e-05;0.169099;1.9456e-06;1.29071e-05;0.828922;0.000146638;9.49613e-06;7.50559e-06;2.18684e-06;1.18942e-05;0.000208707
8.02744e-05;0.00104379;0.997124;0.000129206;3.95562e-05;8.38448e-06;4.14816e-05;1.03676e-05;0.000186677;1.15916e-05;3.41003e-05;0.00108991;0.000157828;4.2891e-05
0.00175612;0.0200244;3.76823e-07;1.02587e-06;6.16753e-05;5.29269e-07;1.24157e-05;0.915019;0.00612605;3.00147e-07;0.0217166;0.00612257;0.0291591;2.2133e-07
7.55252e-06;0.986336;1.96877e-08;2.24063e-07;1.35822e-05;7.67463e-07;0.00138867;3.33704e-05;6.81179e-06;0.000342787;8.68102e-08;1.36934e-06;1.88192e-05;0.01185
7.78451e-08;1.99549e-07;0.999998;6.44815e-10;2.51917e-10;1.13647e-11;1.06975e-07;4.74917e-08;1.75307e-07;5.30739e-10;4.44339e-09;1.24186e-06;3.85526e-10;7.49658e-13
0.000100517;0.0252092;4.86958e-08;1.1478e-05;0.000140113;5.37982e-05;1.63319e-05;0.842804;0.121602;1.48531e-06;0.000265645;0.000928823;0.00885901;7.6085e-06
7.15044e-05;0.860072;2.95794e-09;1.62402e-06;0.000128764;2.99781e-05;0.000228667;0.0533581;3.06784e-05;9.77865e-05;1.87903e-06;1.44101e-06;0.0857273;0.000250132
7.53562e-08;1.83153e-08;0.999993;6.21517e-08;1.31982e-06;4.15397e-07;1.28351e-07;1.05032e-08;9.60328e-09;3.20664e-08;5.17021e-09;5.40275e-06;8.02218e-09;4.94883e-09
1.49461e-06;0.000385221;0.991011;1.89845e-05;2.36467e-06;4.74151e-07;2.99349e-06;1.29964e-05;9.08789e-06;5.28796e-07;1.21745e-06;0.00854769;3.2175e-07;5.91912e-06
3.33935e-08;0.000754778;1.97255e-10;5.64795e-08;4.73742e-06;8.66926e-05;4.88377e-07;1.29204e-06;1.58553e-08;4.76671e-06;3.27968e-09;8.35352e-12;3.18503e-08;0.999147
7.57588e-11;3.08646e-09;0.999994;1.75335e-09;3.36328e-09;5.86102e-11;2.23092e-11;1.73337e-11;1.19489e-12;7.36197e-12;3.80789e-12;6.0378e-06;7.42635e-13;1.75356e-10
3.66053e-05;0.0106532;1.7511e-05;6.43719e-05;0.00984906;5.39544e-05;2.16784e-07;0.973639;2.85219e-06;3.03964e-07;1.20845e-06;0.000248988;0.00349137;0.00194151
4.49605e-07;3.10861e-05;7.3061e-06;1.02933e-07;1.96377e-05;9.92756e-07;2.37192e-08;0.999453;7.86351e-08;2.92804e-08;1.54926e-07;5.73432e-06;0.000481692;1.5204e-08
8.47523e-08;2.49999e-05;0.999952;3.49382e-07;1.16408e-05;5.53938e-06;1.77139e-11;4.00081e-07;4.8502e-11;5.58127e-09;2.15455e-09;3.54933e-06;6.0736e-08;1.02438e-06
2.39326e-06;0.991565;2.15206e-06;2.38486e-06;3.82184e-06;8.40895e-06;6.86445e-06;0.0074845;3.83366e-05;1.45798e-07;8.4804e-05;1.31223e-05;0.000750906;3.68854e-05
