1.55533e-06;0.999149;1.85161e-08;2.24053e-08;3.89423e-08;7.79818e-08;0.000346376;7.6138e-06;3.1104e-08;2.81799e-05;4.64285e-08;3.8512e-07;3.9965e-05;0.000426755
1.49665e-09;6.06467e-09;0.999978;2.2173e-09;1.54436e-08;1.13944e-08;1.3675e-07;3.0584e-09;9.84593e-09;1.67439e-08;3.10151e-08;2.18806e-05;7.90762e-13;1.57057e-09
2.3544e-07;0.970739;4.04093e-09;7.89845e-09;4.1852e-09;9.79129e-09;2.14129e-06;2.9102e-06;9.01548e-08;4.88549e-09;1.6008e-07;1.42693e-07;0.0292557;3.51835e-08
8.42452e-09;0.000297281;8.98534e-06;8.25842e-08;1.26255e-06;7.90504e-07;1.13203e-10;2.40958e-05;1.18969e-08;8.4608e-11;2.26703e-08;0.999633;1.64879e-06;3.30969e-05
1.09745e-06;0.675074;4.39773e-08;3.10373e-06;1.40892e-05;2.35568e-05;1.61373e-07;0.0220453;2.54596e-06;1.44763e-07;9.04283e-06;0.00020291;0.302273;0.000351478
3.94237e-06;0.0860796;1.09477e-05;7.14702e-06;0.000101766;0.000137964;2.04543e-08;0.68594;2.96487e-06;1.48508e-07;2.80776e-06;0.218029;0.00666414;0.00302036
2.86003e-06;0.0118684;1.51427e-09;8.31979e-06;6.33866e-05;5.12024e-05;5.05755e-09;0.984927;1.97684e-05;2.33876e-08;2.40264e-05;4.55575e-05;0.00280367;0.000185451
2.43669e-06;0.000289109;1.80115e-07;2.26781e-07;4.7686e-07;1.15237e-09;2.2892e-10;0.00254252;3.75808e-07;3.93082e-10;1.87624e-05;0.997115;3.07836e-05;5.26484e-08
5.83649e-07;0.996619;1.41258e-08;6.35865e-07;5.37209e-08;4.54544e-08;3.57411e-06;1.2095e-07;2.04386e-07;1.91175e-06;2.23169e-07;8.10902e-06;2.0912e-05;0.00334462
0.00032617;0.109034;1.2238e-06;1.58831e-05;1.04833e-05;3.46135e-06;0.00605561;0.763831;0.0486336;4.13503e-06;0.015207;2.98237e-05;0.0568468;1.38103e-06
8.5455e-06;0.980664;7.70778e-08;3.49291e-05;1.94498e-05;1.71397e-05;1.85884e-06;0.0137137;0.000247984;1.00046e-05;3.52406e-05;5.08828e-05;0.00512275;7.36087e-05
8.89225e-06;0.000162511;6.95944e-08;0.000356711;0.294003;0.0209593;7.95092e-07;0.000265752;5.02421e-05;0.000287689;2.83393e-05;0.000215906;7.57782e-06;0.683653
0.000197598;0.984349;1.5141e-08;4.31311e-05;4.07752e-06;7.30178e-08;0.013338;3.28788e-05;0.00052682;0.000110969;0.00128141;1.53854e-06;2.38016e-05;9.03804e-05
0.000938267;0.15471;1.91631e-07;0.00643592;0.0012516;5.4745e-05;0.000165459;0.27381;0.540841;3.95454e-05;0.00701723;0.0117588;0.00296041;1.57244e-05
4.1979e-05;0.976826;3.15318e-09;5.98337e-06;1.31522e-05;1.08961e-06;4.73497e-08;0.000173504;3.99717e-06;9.61965e-07;2.82151e-06;0.00181687;0.0211112;2.66367e-06
0.000212087;0.0182723;0.000559636;1.11047e-05;0.000701523;2.67116e-06;6.75537e-06;0.0051441;3.27343e-06;4.65975e-06;4.15629e-06;0.971164;0.0014137;0.00250056
6.45567e-07;0.000123273;1.05742e-10;4.1896e-07;4.90272e-08;0.000174506;1.05232e-05;1.94036e-05;0.000268128;6.22397e-07;3.06386e-05;1.02877e-09;0.99937;1.38934e-06
1.89807e-07;1.02177e-06;0.999999;1.74587e-07;1.29538e-08;1.26598e-09;8.03336e-09;3.28465e-08;2.88761e-08;3.65261e-08;1.25588e-08;5.83439e-08;1.23763e-10;1.73316e-08
0.000192683;0.405398;6.48987e-06;0.000373805;0.000153216;7.90297e-05;0.00130196;0.134472;0.357219;3.12139e-05;0.0964555;1.60932e-05;0.00406959;0.000231111
