5.58663e-07;0.0135789;8.67113e-10;7.98708e-08;1.85808e-09;1.78846e-07;2.06347e-06;4.72126e-07;1.97161e-07;3.59876e-08;6.44083e-07;2.45631e-06;0.986414;7.76178e-09
1.25136e-05;0.00407764;0.990984;2.70632e-05;7.23671e-05;9.04425e-06;1.93005e-07;0.000284818;4.98918e-07;1.05904e-06;5.78007e-07;0.00258103;1.56514e-05;0.00193305
2.66123e-06;0.98316;9.70591e-08;4.49031e-06;0.000647953;2.091e-07;1.3306e-07;0.0133687;4.80628e-07;9.98112e-08;5.23704e-07;4.73747e-05;4.61594e-05;0.00272115
4.64616e-06;8.3998e-05;4.66e-10;2.18196e-06;0.0003505;1.00879e-05;2.63129e-08;0.998103;0.00011029;2.26072e-07;1.01904e-06;0.00129409;2.77201e-05;1.24837e-05
1.04344e-05;0.999475;7.03167e-10;1.73376e-06;1.19827e-06;2.6749e-06;7.61504e-05;0.000154563;6.4082e-06;3.7697e-06;8.76945e-06;1.63986e-07;5.80886e-05;0.000200634
1.95477e-08;2.44412e-08;0.999999;9.46572e-09;6.54634e-09;6.98795e-10;6.10822e-10;5.64403e-07;1.72965e-09;6.11972e-11;5.82714e-09;1.2241e-07;1.60832e-08;8.53225e-11
8.62465e-09;1.48581e-05;9.62231e-06;1.77488e-07;6.31159e-08;2.84371e-09;1.02952e-07;1.51547e-06;8.53748e-09;3.22714e-08;9.3795e-09;8.46509e-06;6.43688e-07;0.999964
7.34869e-08;3.00061e-06;5.80068e-10;1.20667e-07;0.000784306;8.62175e-06;7.95951e-08;0.999199;2.36619e-06;9.89227e-09;2.82033e-07;1.65486e-08;1.44729e-06;8.70487e-07
1.34583e-09;3.58405e-06;0.999966;5.33804e-08;7.50987e-06;9.15854e-08;4.34596e-12;8.91101e-09;1.95054e-13;7.89216e-10;4.37008e-11;2.19252e-05;2.24984e-08;1.19767e-06
1.91742e-08;0.998865;7.8903e-10;6.99914e-08;2.80566e-06;2.46446e-08;1.73884e-07;0.000160895;6.31492e-08;3.49958e-10;9.69494e-07;8.79045e-06;0.000960724;8.86243e-08
6.40476e-07;0.862153;0.000671679;3.82167e-05;0.000158;4.79766e-05;4.68427e-08;1.42596e-05;2.34133e-09;1.27624e-06;1.18055e-07;8.82977e-06;0.1351;0.00180581
1.67482e-06;0.0419259;0.000314398;7.8035e-07;1.49526e-06;1.30636e-07;2.18025e-07;0.0656126;8.11188e-08;1.71076e-08;1.58354e-06;0.891403;0.000732657;5.76678e-06
3.61719e-07;0.938842;9.28233e-08;1.72671e-05;0.0056844;0.000100976;1.01984e-09;0.0185227;1.70462e-07;1.35586e-07;2.61438e-07;0.000203997;0.022768;0.0138593
3.44104e-06;0.0280713;1.26975e-07;2.25056e-08;9.92456e-08;1.18243e-06;1.05036e-06;0.00026852;1.48861e-07;7.70389e-07;1.04191e-07;3.47506e-06;0.971644;5.35685e-06
2.03324e-10;8.67745e-10;1;4.85362e-11;1.98219e-10;1.44021e-10;9.92828e-12;2.63266e-10;5.24422e-12;6.54014e-12;2.02304e-11;9.11285e-09;3.81382e-10;6.53279e-12
1.26028e-07;4.14032e-07;0.998144;5.19528e-08;1.33814e-07;2.18344e-08;1.09349e-08;0.00018181;8.46863e-08;8.04573e-09;2.99107e-08;0.00166746;7.13048e-08;5.3135e-06
1.17021e-08;5.16167e-05;6.2239e-05;1.05822e-07;8.63063e-06;0.000161908;1.04465e-09;1.8409e-06;1.06821e-10;3.05814e-08;2.14293e-09;1.4202e-05;1.04439e-07;0.999699
4.56105e-07;0.00891226;1.02072e-08;7.17929e-08;1.41393e-06;2.05624e-05;4.6588e-09;0.00455731;3.63808e-09;5.04299e-09;5.27612e-07;3.0683e-06;0.986503;1.15937e-06
7.32547e-07;0.994687;8.96581e-08;8.90523e-07;7.88229e-08;1.43043e-06;0.00233751;7.35619e-05;3.20833e-09;0.00110226;5.50938e-08;1.36615e-06;0.000259007;0.00153628
5.96649e-11;2.16387e-10;0.999999;2.47974e-09;6.10089e-10;4.73615e-10;7.15825e-09;7.13279e-10;2.18266e-11;1.27744e-09;1.83381e-09;8.82338e-07;2.59559e-12;9.98826e-11
3.08743e-07;0.00118099;1.26954e-10;9.45578e-07;1.20594e-05;1.29226e-09;5.56999e-05;0.998731;4.97238e-06;4.09901e-07;1.16811e-05;1.17665e-06;3.91562e-07;4.7605e-07
5.50418e-06;0.0133444;0.982481;0.000340604;0.000217841;0.000102223;5.55047e-05;0.000226581;1.20638e-06;9.98879e-05;0.000142315;0.00178458;0.000661931;0.000536516
1.01407e-07;0.000851889;1.91645e-08;6.19887e-09;1.69972e-08;2.74812e-06;3.46936e-08;3.10958e-06;3.20288e-09;1.56611e-09;1.77219e-07;1.72775e-05;0.999125;2.38517e-08
3.40673e-06;0.000522007;1.65409e-10;1.18788e-05;0.00123834;0.00154775;1.90614e-08;0.000499688;4.22012e-05;1.08626e-06;1.48657e-05;0.000679899;0.99478;0.000658413
0.000370384;0.00315204;0.994489;2.10988e-05;6.82067e-05;4.27096e-07;2.34632e-08;0.00162343;3.05741e-05;1.88833e-07;1.02987e-06;0.00023125;7.00932e-06;5.71579e-06
1.35282e-05;0.000329792;2.94214e-08;8.00777e-08;5.71723e-05;2.33816e-06;1.10069e-07;0.998932;8.27851e-05;4.44113e-08;5.16689e-07;1.35063e-05;0.000567587;9.07299e-07
1.17118e-05;0.000211931;2.39088e-09;1.1639e-07;6.1927e-05;4.78239e-06;3.3377e-09;0.993129;3.09463e-06;1.42846e-07;1.88279e-07;6.60057e-06;0.00656723;3.03661e-06
0.000103067;0.0087711;1.55656e-05;9.23122e-05;1.04506e-05;2.79781e-06;1.02103e-06;0.000617002;0.000600113;7.33478e-06;0.000102782;0.987552;0.000976005;0.00114875
1.87046e-05;0.996783;1.3554e-07;3.14966e-05;1.4223e-05;1.17853e-06;1.62648e-05;0.00212101;4.61962e-05;4.65291e-06;5.08306e-05;0.000530272;0.000150717;0.000231478
6.03884e-06;0.98304;1.59321e-08;1.24119e-06;2.71894e-08;1.41302e-07;1.65404e-05;9.11394e-07;7.47359e-07;1.27566e-06;2.89435e-06;0.00567062;0.0112561;3.99672e-06
1.46987e-05;0.0446747;2.0219e-05;1.08644e-06;3.53658e-06;3.3413e-07;7.83178e-06;0.000699323;1.54306e-06;1.87482e-07;3.14124e-05;0.953929;0.000611029;4.75886e-06
5.02268e-05;0.725072;0.000171012;0.000289519;0.00456597;0.000265182;6.41622e-05;0.201749;0.000121671;1.32677e-05;9.6416e-05;0.0246641;0.01634;0.0265379
0.000140041;0.0988114;2.27484e-06;0.000318895;5.51163e-06;0.000104544;0.000153676;0.019319;0.0039195;4.32904e-05;0.0418168;0.742958;0.0917418;0.000665407
0.000136744;0.98857;0.00016217;6.64312e-07;4.0254e-06;3.06796e-06;5.66257e-06;0.00925298;2.14445e-07;3.22041e-07;7.89646e-06;0.00118729;0.000667935;6.3446e-07
1.07033e-06;0.0120362;5.96391e-05;1.56198e-05;0.000738285;0.000152444;7.35417e-08;0.00490326;3.84765e-07;9.92828e-07;1.38552e-07;0.972536;0.00199202;0.00756355
2.7929e-06;0.000409284;2.61551e-08;1.16315e-07;1.71149e-07;4.60572e-08;6.9905e-08;0.000696827;7.68208e-07;5.94117e-09;2.50187e-06;6.24236e-06;0.998881;4.77898e-08
5.79717e-06;0.00556532;3.62613e-07;1.21635e-06;7.84981e-07;3.22044e-07;4.5855e-09;2.69089e-05;7.64525e-06;3.93476e-07;5.77447e-07;0.994008;0.000368438;1.4401e-05
9.50906e-06;0.998625;8.7877e-06;1.77287e-05;3.44394e-06;4.86124e-07;1.3273e-07;0.000962772;1.21992e-06;1.20934e-06;3.75664e-07;0.000287945;7.64215e-05;5.15909e-06
3.25025e-05;0.271897;8.42622e-05;9.1095e-06;1.13675e-06;9.37119e-08;4.91693e-06;0.404369;2.31213e-05;5.04076e-07;0.000254973;0.294804;0.0285192;1.55737e-07
5.70012e-06;0.829452;3.32442e-06;9.27617e-05;0.00126982;0.00412534;4.21617e-06;0.0458162;4.07604e-07;2.23675e-05;1.27985e-05;0.0134134;0.0886651;0.0171172
0.000103133;0.00790913;6.36562e-09;6.63004e-06;4.84758e-06;1.21223e-05;1.408e-05;0.027142;9.16388e-05;8.34275e-07;0.00169682;0.000319152;0.962632;6.76744e-05
8.11782e-05;0.0117431;2.12511e-06;2.9334e-05;2.61159e-06;1.99561e-06;1.37579e-06;0.000518528;0.00012688;3.17801e-06;0.000322109;0.983296;0.00386784;3.40418e-06
1.77117e-05;0.992961;0.000396386;9.45348e-05;1.79051e-05;9.47529e-07;3.05104e-06;0.000641088;6.72478e-07;3.48485e-06;2.7856e-06;0.00555046;0.000294915;1.5115e-05
4.32206e-06;0.0990618;5.0627e-08;6.78315e-06;4.22377e-06;4.03516e-06;1.41999e-06;0.00389862;4.6452e-06;6.29571e-07;4.7951e-06;0.000809186;0.89617;2.99842e-05
0.000318966;0.000503439;0.0016693;0.0131361;0.0332848;0.00259105;2.70896e-05;0.073784;0.000115804;0.000119045;0.0022821;0.837509;0.0005625;0.0340969
5.09756e-05;0.988062;1.62659e-08;2.45384e-05;4.84045e-07;2.32195e-05;6.76654e-06;0.00659922;6.17188e-06;1.22251e-06;2.52868e-05;0.000188209;0.00490281;0.000109049
1.0133e-05;9.49358e-05;7.45539e-08;4.19459e-07;1.46195e-07;3.67819e-06;3.58956e-07;0.0110708;2.21203e-06;3.36882e-08;6.06462e-05;1.05816e-05;0.988746;2.047e-07
1.91065e-06;0.000758989;7.90354e-07;2.95799e-06;7.77535e-08;2.26952e-07;2.33419e-08;2.32097e-05;9.67421e-06;1.19331e-07;4.2333e-06;0.998186;0.0010022;9.38418e-06
1.3548e-06;0.00853489;3.43586e-09;1.45247e-06;0.00131584;6.51131e-09;4.40952e-06;0.990117;3.26977e-06;1.64954e-06;6.97235e-06;7.34105e-06;1.16585e-06;4.84513e-06
3.15542e-06;0.000369431;0.998139;8.08419e-05;5.08476e-05;6.5015e-06;1.42519e-05;8.18326e-06;2.81338e-07;2.10366e-05;6.07933e-05;0.00104857;8.93903e-05;0.000107421
6.26378e-05;0.996286;8.8246e-08;6.64354e-08;6.62212e-07;2.24645e-06;0.000153248;9.04787e-05;1.94557e-06;3.38547e-07;6.62981e-05;5.69837e-05;0.00327695;1.92229e-06
4.01704e-06;0.00715966;1.01522e-06;1.58675e-06;5.24872e-05;2.46071e-05;2.26677e-07;6.12657e-05;2.95405e-05;9.43028e-08;3.06517e-05;0.992234;0.000128074;0.000272275
3.83617e-05;0.00886713;2.22175e-07;4.59936e-07;1.05543e-06;2.97964e-07;8.16806e-07;0.000502044;7.14166e-05;1.70258e-08;9.3484e-06;0.00187924;0.988629;5.06066e-07
0.000324151;0.0530476;1.52186e-05;4.76767e-06;0.00011827;0.000382556;5.86192e-06;0.908305;0.00559193;2.94275e-06;8.15063e-05;0.00455325;0.022718;0.00484909
1.41364e-05;0.00102212;1.64971e-08;9.14547e-07;0.000111739;3.91172e-05;1.99745e-08;0.973278;7.63349e-06;1.77174e-07;1.2836e-06;1.36076e-05;0.025049;0.00046262
1.22623e-06;0.000833862;3.33759e-08;2.03123e-06;1.9099e-07;1.49757e-07;6.89867e-09;1.4267e-05;4.08404e-06;2.48471e-07;2.26422e-06;0.998843;0.000210679;8.79722e-05
1.84424e-06;0.670841;2.81454e-09;3.27567e-05;1.41178e-06;5.25774e-06;1.30798e-06;0.00171037;1.02802e-05;1.75444e-06;1.81149e-05;0.000262462;0.327114;1.11296e-07
0.000247025;0.00441791;0.0197344;0.00059843;0.000130639;4.56522e-05;4.89243e-07;0.000810446;8.11351e-07;4.62324e-05;1.27994e-05;0.969799;5.87005e-05;0.0040977
2.1332e-06;0.0063653;1.26706e-09;4.97919e-06;5.05944e-09;1.60089e-07;0.991573;3.18718e-08;3.50843e-06;0.00188602;6.84861e-05;3.01475e-09;9.09309e-05;5.75201e-06
1.22574e-09;8.95667e-11;0.999999;8.21388e-09;3.23744e-11;2.60921e-10;6.1327e-07;3.19047e-11;7.90373e-09;8.46321e-09;3.28669e-08;6.57813e-10;8.84472e-15;9.74992e-13
0.000625781;0.985069;2.10935e-07;8.65138e-05;9.09651e-06;7.4102e-07;0.000145815;0.000509487;0.00122885;2.66501e-06;0.000395034;0.0110731;0.000770063;8.37761e-05
1.10907e-05;0.0118008;2.89155e-11;1.32839e-06;9.80616e-05;7.08765e-08;2.86897e-08;0.988046;1.12589e-05;4.60544e-07;7.65126e-07;2.11723e-05;3.5958e-06;5.71428e-06
3.63026e-05;0.00824049;0.982262;5.3003e-05;8.96555e-05;0.000272149;4.43129e-08;2.55883e-05;4.91707e-07;5.79772e-05;3.92237e-06;0.00487798;0.00360133;0.000479541
1.96727e-06;0.00175508;2.2781e-06;9.60123e-08;8.78169e-11;2.82798e-08;0.997057;5.16417e-08;5.28878e-05;0.00107162;5.18454e-05;3.22897e-07;5.41265e-06;1.04957e-06
2.88276e-10;1.8736e-12;1;2.94524e-10;6.98303e-11;1.32325e-10;1.82107e-08;8.15859e-09;1.42756e-08;4.35218e-10;2.49724e-09;9.12072e-10;1.81135e-15;8.65804e-13
