4.01563e-05;0.99196;3.86913e-08;1.4334e-06;2.3128e-06;2.04586e-07;3.53668e-06;0.00638563;1.79816e-05;1.13105e-06;8.78392e-06;0.000262337;0.00130085;1.57844e-05
4.42475e-08;2.89402e-05;0.999818;6.02324e-09;1.51395e-07;1.45408e-10;4.90636e-08;2.10402e-08;2.09163e-10;5.55389e-09;2.58569e-09;0.000148632;2.01627e-09;4.54361e-06
8.89666e-07;0.991492;1.89056e-09;2.15799e-08;6.80526e-07;1.21161e-07;0.00552744;0.000307657;9.7968e-07;2.08252e-05;2.67261e-07;9.86789e-09;1.91592e-05;0.00262974
2.67053e-09;1.44712e-08;0.999982;9.55003e-10;8.8314e-09;2.07621e-08;1.03368e-08;2.27726e-07;3.59913e-10;1.08418e-09;5.38082e-10;1.8227e-05;1.8793e-10;4.04243e-09
1.84562e-06;0.000577539;2.94752e-08;1.15894e-07;1.20966e-06;7.14614e-07;1.56595e-08;0.0036341;9.30647e-07;1.63403e-08;2.25505e-06;7.15691e-05;0.995706;3.75634e-06
1.91758e-05;0.11425;0.000111437;1.63264e-06;7.62911e-06;4.05483e-05;2.22936e-05;0.0121078;1.80649e-06;0.000111387;1.11114e-06;0.00104023;0.868473;0.00381212
9.28206e-10;1.55485e-08;0.999999;9.40657e-09;4.41829e-09;5.09212e-09;5.21929e-09;1.1724e-08;1.49061e-09;1.95195e-09;5.15392e-09;5.19551e-07;3.50423e-09;1.76804e-10
1.42841e-07;7.11178e-05;0.992125;2.21006e-06;1.7311e-07;6.40535e-08;5.85227e-07;0.00249207;2.49051e-07;1.0593e-07;7.64984e-07;0.0052991;1.54276e-07;8.36416e-06
3.15152e-08;9.74686e-05;0.000117325;1.98149e-06;5.22285e-05;0.00157976;3.81395e-09;1.10724e-05;5.48098e-10;3.1503e-07;5.04898e-08;0.000140096;1.06941e-06;0.997999
8.56376e-06;0.0818189;7.55148e-06;7.08265e-07;2.11462e-05;3.81553e-05;8.45945e-08;0.00691246;1.96441e-09;5.28466e-08;7.13282e-07;0.0082089;0.902981;1.4038e-06
6.02391e-07;0.0422106;2.61791e-07;6.62095e-06;1.23307e-06;0.00191763;1.5327e-07;0.000102654;1.13382e-07;1.01116e-06;1.14158e-07;0.00151969;0.953903;0.000336337
8.84966e-06;0.0161177;0.940595;0.00281006;1.37974e-05;0.000658833;0.00138743;5.40544e-06;3.00279e-07;0.00577;1.29663e-05;0.00687614;0.000137183;0.0256063
1.97417e-09;2.5194e-08;0.999999;9.08129e-09;1.32701e-09;1.27503e-09;8.93533e-07;4.60995e-09;3.34875e-10;2.60127e-09;2.37684e-07;4.76973e-09;2.05337e-10;5.26319e-11
2.76835e-05;0.163532;1.89627e-06;3.56736e-06;0.000399688;0.000214403;0.00498045;0.79304;5.99088e-05;0.000160076;0.000298622;7.25177e-06;0.0370308;0.000243066
8.73796e-09;2.96268e-09;1;6.67113e-09;6.49023e-09;8.66694e-09;1.26745e-08;3.16804e-08;5.80818e-09;4.46678e-09;2.8315e-08;1.83677e-07;1.70734e-10;4.54505e-11
2.42129e-05;0.001108;0.989138;1.98374e-06;1.2338e-05;3.36447e-06;2.97139e-07;0.00329209;1.48796e-06;6.02968e-07;1.49625e-07;0.00629651;1.04855e-05;0.000110956
0.000230884;0.011088;2.03603e-05;6.86841e-06;0.0222957;0.87181;5.96818e-06;0.000221088;0.000137759;1.21692e-05;4.09047e-05;8.48362e-05;0.0165016;0.0775433
5.11027e-05;0.00204178;4.03009e-06;1.23327e-07;0.0126751;1.17142e-05;2.00088e-09;0.0139182;7.60708e-06;1.02754e-08;1.73085e-07;0.970813;9.13835e-05;0.000386036
5.46113e-05;0.984686;0.000135774;1.40359e-05;0.00151624;9.1289e-05;0.000881809;7.73945e-05;9.41848e-07;0.00425582;2.25432e-07;8.15789e-06;0.000285294;0.00799211
7.64263e-09;2.4037e-10;0.999998;2.75413e-10;3.14982e-08;3.68853e-09;7.33355e-10;6.32914e-07;1.07685e-08;5.04134e-10;1.86161e-10;1.55519e-06;1.55725e-12;4.97731e-11
6.61607e-06;0.984212;1.12672e-07;5.42273e-07;2.23494e-07;1.43748e-07;1.23972e-07;0.0134969;1.19287e-06;4.45503e-08;2.94645e-07;9.01363e-05;0.00219195;1.2302e-08
0.000111939;0.112761;2.4149e-06;4.1306e-05;3.96151e-06;2.49725e-05;1.01371e-05;0.00930238;0.000115021;7.34001e-06;3.47634e-05;0.0573686;0.820191;2.56165e-05
0.00088534;0.371237;6.48255e-05;0.00245378;0.000122099;0.00182437;0.00516973;0.0179011;0.000351834;0.000826889;0.000998589;0.568095;0.0129788;0.01709
0.00161725;0.627268;5.17204e-06;0.000172926;4.76813e-05;0.000109308;0.0105957;0.0437955;0.00362167;4.72057e-05;0.00422499;0.0271621;0.281236;9.64426e-05
6.22266e-05;0.175289;5.86151e-05;3.15073e-05;2.45348e-06;0.00336723;1.366e-05;0.000182435;0.000364775;6.55681e-05;2.13361e-05;0.0108245;0.809074;0.000642996
0.000471803;0.392358;0.344151;0.00945434;8.61033e-05;0.00693804;0.0136936;3.81289e-05;0.000387169;0.0567613;0.000148475;0.13608;0.0138162;0.0256164
1.97617e-09;3.68445e-09;1;4.59935e-09;1.14643e-09;7.11088e-10;1.85701e-07;1.15397e-09;5.58828e-09;3.29898e-09;8.6441e-08;7.36701e-09;1.59638e-11;5.16755e-11
1.92814e-05;0.0261647;3.93399e-07;1.02572e-06;6.89478e-05;0.000104918;0.000200883;0.953254;0.000361052;2.02234e-05;0.000184972;4.94793e-06;0.019599;1.6081e-05
1.17517e-08;1.74562e-09;0.999999;9.08894e-09;1.73294e-09;3.633e-09;3.871e-08;4.07847e-08;4.59112e-08;4.39162e-09;3.269e-07;8.22168e-07;1.33907e-09;8.35919e-12
3.42084e-06;0.000145112;0.00239626;3.66052e-06;3.67763e-06;1.08421e-06;6.07412e-08;0.000259216;9.82258e-05;1.55495e-07;1.3226e-05;0.997043;2.68588e-06;3.02225e-05
1.39084e-06;3.41543e-06;0.999566;6.345e-08;7.90434e-05;2.59335e-05;1.45053e-07;9.59911e-07;1.47033e-07;3.01763e-08;3.71292e-07;3.22763e-06;6.80293e-06;0.000311966
2.14345e-06;0.00238018;2.71163e-07;3.4031e-10;5.70171e-05;1.14157e-08;1.58827e-11;0.997506;3.80534e-08;1.61719e-10;1.057e-10;2.83906e-05;2.27268e-05;3.06181e-06
3.19356e-07;0.994514;5.09582e-10;5.47071e-08;3.16219e-06;5.25184e-09;1.12583e-07;0.00190627;8.1517e-07;1.22824e-06;1.86922e-09;2.2277e-06;1.18942e-06;0.00357041
7.42383e-06;0.00497168;5.94289e-06;1.0553e-05;4.96103e-06;8.06511e-07;0.000206834;0.992191;0.000256767;3.50178e-06;4.82694e-06;3.33921e-08;0.00233613;3.17307e-08
4.32958e-07;0.992993;8.71011e-06;5.38858e-07;2.00392e-07;8.83328e-08;6.46528e-06;0.00688687;3.63684e-09;3.82329e-06;1.82627e-09;2.72012e-07;9.95811e-05;3.04223e-07
4.30385e-09;2.47642e-07;0.999999;2.35953e-08;1.69817e-09;5.895e-10;6.38595e-08;2.65327e-07;9.1782e-09;2.96667e-09;2.62911e-08;8.62454e-07;9.38304e-09;5.07854e-11
2.37267e-08;4.78721e-07;0.999269;1.28438e-07;1.76971e-07;2.06041e-08;6.43666e-09;0.000226737;6.82401e-09;8.38311e-09;1.06452e-08;0.00049838;2.86971e-09;5.24119e-06
1.5728e-08;1.87325e-05;5.66683e-05;1.73691e-07;6.93704e-06;0.000383702;2.65854e-10;1.99695e-07;3.22584e-10;7.83528e-09;2.13912e-08;4.23194e-05;2.48153e-07;0.999491
1.28557e-05;0.00329528;2.42717e-09;3.6291e-07;8.37838e-06;7.40745e-06;5.17924e-07;0.039199;5.22909e-08;7.0943e-08;1.72529e-06;4.64367e-06;0.957469;4.34038e-07
8.43562e-07;0.0118019;0.00510981;7.50984e-05;7.66563e-05;0.000286002;8.17628e-09;8.02069e-05;7.11002e-09;3.0286e-07;4.5425e-07;6.585e-05;0.982485;1.75128e-05
2.56507e-06;0.0601476;6.88576e-07;8.1654e-06;2.99043e-06;4.3056e-07;2.15296e-06;0.821467;1.30679e-05;8.36797e-07;0.000721107;0.115455;0.00216986;7.96695e-06
4.03696e-06;0.103793;8.58867e-08;6.08491e-05;0.00945963;0.842466;0.00110817;0.0302578;5.02252e-06;0.000712836;0.000226505;2.25836e-08;0.00540302;0.00650264
2.1436e-08;9.7692e-09;0.999997;1.79673e-08;1.678e-10;2.30941e-09;2.97966e-07;5.06571e-09;5.80091e-09;3.56968e-10;4.74715e-07;1.82489e-06;3.78795e-08;1.32952e-12
3.94054e-05;0.0231011;8.75299e-05;4.21922e-05;9.8501e-06;1.22577e-05;4.62133e-06;0.000256645;0.0010249;8.08973e-07;0.000218803;0.974752;0.000183917;0.000266042
7.11685e-05;0.0088969;6.28147e-07;4.24704e-06;2.20206e-05;0.000529174;1.30114e-07;0.000997805;0.000509542;1.85915e-06;4.22342e-05;0.00241116;0.986494;1.88894e-05
1.80129e-05;0.00916348;1.62284e-06;8.06085e-07;7.71435e-06;5.66398e-07;2.96518e-07;0.00164209;9.49376e-06;7.46641e-08;1.08672e-06;0.989101;4.7442e-05;6.47498e-06
1.33859e-05;0.00324661;0.00012932;1.35657e-06;0.00723518;2.81247e-06;4.89676e-08;0.989153;8.40158e-07;4.71244e-08;1.08615e-08;5.22927e-05;4.4292e-05;0.000120707
6.0708e-08;3.23103e-06;7.35768e-10;1.98733e-09;8.15807e-06;1.342e-08;5.02771e-09;0.999983;4.40754e-06;1.29886e-09;2.40692e-09;1.26714e-09;1.56326e-06;3.74797e-10
9.49502e-07;0.000171698;0.99979;1.08702e-06;2.35682e-05;6.30418e-06;7.44199e-11;1.17727e-06;1.47705e-09;5.21715e-08;1.32701e-08;3.27525e-06;5.60356e-07;1.61523e-06
3.86562e-06;0.985869;1.97338e-05;3.27708e-06;1.63646e-06;2.23659e-06;5.22789e-06;0.011572;0.000137825;3.00725e-07;3.25667e-05;0.00201852;0.000311494;2.17897e-05
