8.18563e-07;9.01159e-05;1.39217e-11;6.47674e-10;1.5875e-07;2.94918e-09;3.38834e-09;0.999897;1.95673e-07;9.6033e-10;8.40785e-09;1.0552e-07;1.17779e-05;8.67216e-08
2.71323e-07;1.35855e-05;2.89787e-06;2.22919e-06;0.00132688;9.32218e-05;1.09086e-09;6.80659e-05;2.51544e-08;1.34502e-07;3.43766e-08;0.260807;8.62398e-06;0.737677
1.31361e-06;0.00898153;3.41568e-08;9.5376e-07;3.81329e-07;1.99534e-08;2.88303e-07;0.00387007;1.52652e-05;3.79535e-08;2.27685e-05;9.41197e-06;0.987098;1.06104e-07
1.64159e-06;0.99933;1.7209e-05;0.000164643;7.1311e-07;2.79562e-06;4.90325e-07;3.48931e-05;2.74483e-06;1.95989e-06;8.78504e-07;8.34361e-05;4.17636e-05;0.000316889
2.07976e-05;0.000146396;1.42736e-08;1.26633e-05;1.34774e-06;6.38129e-07;3.0283e-07;0.999352;0.000233286;2.18236e-07;0.00018801;2.15898e-07;3.6132e-05;7.79746e-06
1.32055e-06;0.110626;1.48318e-07;4.83911e-05;2.45731e-06;4.13193e-06;2.80068e-05;6.98285e-06;5.36544e-07;0.000432385;7.37165e-05;2.99954e-05;2.30684e-07;0.888745
1.36294e-08;4.34452e-09;0.999989;4.04514e-08;3.31928e-08;4.44125e-08;5.62281e-09;2.58735e-08;1.9522e-09;1.0974e-09;1.52957e-06;9.265e-06;6.77059e-10;1.90487e-09
2.18551e-05;0.84777;6.73533e-07;0.000193696;5.44112e-05;3.44771e-05;1.51487e-06;0.0807367;9.20335e-05;1.44125e-06;0.0039492;0.00106756;0.0660661;1.04566e-05
0.000255796;0.457362;3.73959e-05;0.00951697;0.00883599;0.000722535;1.18433e-05;0.0179461;0.000272286;5.06793e-05;0.0208744;0.162832;0.292867;0.0284144
0.000152248;0.324091;1.77359e-05;0.0103217;0.000120806;0.000334277;5.96436e-05;0.0058966;0.000817739;4.8043e-05;0.599708;0.0563154;0.0019424;0.000173731
7.98876e-05;0.0362774;2.56385e-06;7.96808e-05;0.00178681;0.000651344;0.000167905;0.950593;0.000120154;5.85678e-06;0.00548933;6.77123e-05;0.00338464;0.00129331
0.000148261;0.00359112;7.57986e-08;1.44775e-05;0.00464791;3.12933e-05;8.62108e-07;0.931756;2.5077e-05;1.00609e-06;0.000327403;0.00166406;0.0577889;3.72196e-06
0.00144095;0.935488;4.04359e-05;2.78037e-05;0.000109939;1.0236e-05;1.41632e-05;0.0428368;0.000308745;2.1218e-06;7.67105e-05;0.00202638;0.0172627;0.000355569
1.71664e-07;0.198613;1.84928e-11;1.21444e-05;5.50304e-06;9.81186e-07;1.98615e-05;0.000497052;5.58354e-06;7.21099e-06;6.28371e-06;1.96477e-06;1.12884e-05;0.800819
3.91131e-05;0.000297443;2.51937e-05;6.65051e-05;1.6853e-07;4.59011e-07;0.12008;4.00237e-05;0.0171694;1.82581e-06;0.86191;2.02007e-06;0.000368177;1.30597e-07
1.87599e-05;0.985324;1.55907e-07;6.76525e-06;2.31218e-06;8.993e-08;1.08003e-06;0.0121306;5.5768e-05;3.2468e-07;4.7379e-05;0.00131209;0.00104464;5.61426e-05
5.60134e-05;0.496083;5.30551e-05;4.32987e-05;8.53038e-05;1.51269e-05;3.89425e-06;0.00136507;1.24292e-05;1.86407e-06;5.59801e-05;0.132701;0.368133;0.0013898
6.46499e-06;0.858906;1.21544e-07;3.2726e-05;1.00775e-05;1.7897e-05;1.73167e-06;0.00945609;1.80697e-05;3.41973e-06;2.13879e-05;0.127966;0.000539868;0.00302008
5.3005e-05;0.017123;2.40883e-05;0.000110162;0.142034;0.080966;7.18746e-07;0.00185515;4.0253e-06;1.50748e-05;2.56992e-05;0.154571;0.020393;0.582826
1.84613e-06;0.0068764;9.34638e-06;3.71709e-07;2.89065e-07;6.04907e-05;2.85358e-07;1.42585e-06;1.07797e-06;1.86581e-07;1.25709e-05;2.44707e-05;0.993005;6.23689e-06
1.66532e-05;0.093031;0.89434;9.5599e-05;1.20378e-05;0.000288741;7.60649e-05;6.89212e-07;1.497e-07;0.000245768;1.97888e-06;0.00637769;0.00026298;0.00525049
4.39287e-09;1.32448e-08;1;1.85067e-09;1.21227e-08;2.64073e-09;6.59386e-09;1.26385e-08;1.90017e-09;6.17947e-10;9.92548e-08;1.72684e-07;7.61287e-11;5.93558e-10
7.29447e-06;0.00196454;3.98282e-07;8.12246e-07;0.0014378;7.84381e-05;1.43136e-06;0.990435;1.72406e-05;3.66431e-07;2.49037e-05;0.00372604;0.00035656;0.0019491
5.35779e-05;0.00263959;3.32676e-09;1.44161e-06;1.21092e-05;1.6718e-06;7.72531e-06;0.987887;0.000229236;4.20206e-07;0.000205262;4.05303e-05;0.00892047;8.4906e-07
4.86472e-05;0.99179;1.37247e-05;1.79435e-05;2.23712e-08;2.89852e-08;2.69039e-05;3.60686e-05;7.45061e-05;1.73106e-07;6.65322e-05;0.00576639;0.00215882;5.26471e-07
1.46836e-05;0.181541;4.96487e-11;4.30067e-05;5.0811e-06;2.43419e-07;0.000164937;0.00024779;4.16239e-06;0.00106687;6.17462e-07;0.000282367;2.66527e-06;0.816626
7.52061e-08;1.28978e-07;0.999999;3.95098e-08;2.37097e-08;2.8664e-10;2.00868e-07;5.2456e-07;1.01379e-08;6.18558e-10;2.22113e-08;3.21771e-07;1.21345e-09;1.39173e-09
3.2815e-05;0.0016422;3.5472e-06;1.92417e-06;0.000345583;2.64417e-06;7.13919e-05;0.995991;0.00128266;3.57549e-06;4.26662e-05;2.26109e-06;0.000577455;7.87681e-08
0.000361753;0.00564144;0.983241;0.000122751;0.00166812;0.000145171;7.10874e-08;0.000266293;5.91567e-05;8.33344e-06;1.51245e-06;0.00827995;7.15282e-06;0.000196963
0.000234045;0.292433;3.5001e-06;0.000110863;3.92971e-05;0.000101947;0.0011826;0.0064499;0.683949;9.69813e-06;0.014037;2.916e-05;0.000420398;0.000999337
