0.000166879;0.646843;2.09286e-06;3.31716e-05;0.00154694;0.000155057;5.01848e-06;0.0982974;0.000246259;8.61714e-06;0.000291562;0.0195236;0.230448;0.00243188
4.11544e-06;0.962837;1.94674e-07;6.14869e-07;1.8201e-06;6.67348e-06;0.000612136;0.00112553;1.59189e-07;7.46743e-05;2.36651e-07;9.82952e-06;3.03049e-06;0.0353236
1.59406e-09;4.76432e-10;0.999999;1.40484e-09;2.46892e-08;1.49159e-08;1.74553e-09;1.60905e-08;3.52044e-11;5.57626e-10;1.36024e-10;1.00199e-06;1.20732e-11;8.55293e-10
0.000246054;0.899702;1.37939e-05;0.000965559;0.0022197;0.00501961;0.00290541;0.0132928;0.0129896;8.3858e-05;0.0161574;0.0294818;0.0134959;0.00342712
5.1315e-05;0.971228;3.39542e-09;3.04989e-05;0.000104465;2.93854e-05;0.0245712;0.000846594;8.76821e-05;0.000407299;0.000623086;3.10027e-06;0.000442282;0.00157546
8.98441e-09;4.9986e-09;1;1.30163e-09;1.88491e-08;1.83043e-09;1.73938e-09;5.12976e-09;1.74321e-10;1.59783e-10;8.18798e-10;1.43308e-07;1.26205e-10;8.2198e-12
0.000164833;0.368602;0.000189929;0.000421151;0.000651346;0.0010572;2.51786e-05;0.046755;0.00114637;2.55117e-06;0.00318098;0.531736;0.0413593;0.00470848
0.000587853;0.15495;7.71898e-06;0.000605598;0.00766761;0.0111134;6.83083e-06;0.34942;0.0011852;0.00027788;0.0057397;0.0218379;0.438491;0.00810871
7.64795e-05;0.702368;9.8805e-06;0.000707384;8.36271e-05;0.000119569;0.000166194;0.0161913;0.00130642;0.000190678;0.00661779;0.254264;0.0143168;0.00358127
0.000295949;0.0331221;3.92919e-07;0.00274822;0.0436483;0.0216099;0.0001671;0.0710709;0.00988157;0.000438278;0.0118656;0.00410597;0.00921099;0.791835
0.000220185;0.961416;1.91964e-09;1.48251e-05;1.8378e-05;1.84743e-07;0.000180943;0.0309218;5.19706e-05;2.18207e-05;3.88476e-05;0.000156019;0.0062706;0.000688659
1.2744e-05;4.30161e-05;6.47299e-10;6.41914e-07;0.00365829;1.26833e-07;2.30001e-07;0.996023;0.000249261;4.93824e-08;1.81469e-07;1.68779e-06;9.80652e-06;1.296e-06
3.54799e-05;0.0114521;0.981135;0.000127539;0.00454981;0.000346158;1.04243e-05;0.00092812;5.56641e-07;0.000486247;1.61051e-06;2.89146e-05;0.000132613;0.000765428
3.81637e-07;1.02838e-08;0.999999;4.64345e-09;1.44333e-08;1.42139e-09;4.36019e-08;1.2972e-07;1.41954e-07;4.05789e-10;3.97206e-07;3.66905e-07;5.10836e-09;2.19584e-10
2.07603e-05;0.0455774;0.000457681;6.65225e-06;1.07973e-05;5.93088e-06;2.11207e-06;0.00406449;0.000697342;5.8902e-07;0.000305445;0.945427;0.0032761;0.000147667
0.000174492;0.938365;7.03061e-05;2.57235e-05;0.00353828;0.00224535;3.05664e-06;0.015762;0.000461804;4.53998e-06;9.52361e-05;0.00644936;0.0210204;0.0117844
3.15372e-05;0.953941;5.87201e-07;1.05288e-05;9.50681e-05;0.00031422;5.03284e-05;0.000520432;8.00812e-07;0.000142898;2.35782e-07;4.52537e-06;0.000733808;0.0441536
2.71016e-10;2.09411e-10;1;2.45884e-11;2.49242e-10;2.18236e-11;3.80174e-12;3.21587e-09;2.17769e-12;7.30081e-13;1.0839e-12;2.94033e-08;2.99827e-12;3.16571e-13
1.48554e-05;0.0212416;1.09318e-05;7.81903e-05;0.00204685;0.00142327;1.2784e-08;0.851734;0.000320714;7.10916e-07;1.8323e-05;0.0931363;0.0275514;0.00242281
2.29059e-07;0.999054;6.89938e-06;6.34415e-07;1.06527e-06;3.89039e-05;7.80952e-07;0.00039903;3.49388e-10;1.64173e-06;1.04385e-09;4.16457e-08;0.000488461;8.44599e-06
1.72617e-09;1.19058e-07;0.999996;1.03211e-08;5.39154e-10;7.40544e-09;1.23081e-09;1.15536e-08;3.56137e-10;4.51862e-10;1.32984e-09;3.54548e-06;5.64419e-09;6.03868e-11
2.48539e-07;2.59159e-05;3.58728e-05;5.14794e-06;5.85401e-06;4.15427e-06;4.92129e-09;0.00215888;2.34558e-06;1.95214e-08;2.65063e-06;0.997231;9.34516e-08;0.00052813
2.57276e-07;9.92788e-05;3.82343e-11;1.34626e-08;1.58602e-05;1.78909e-05;6.28673e-10;0.999478;4.50619e-08;1.03879e-09;1.00268e-08;4.72981e-10;0.000387452;1.20483e-06
1.09713e-06;1.22763e-06;7.39326e-06;1.39424e-07;5.4685e-05;2.83849e-07;3.61583e-09;0.000249094;7.69358e-09;1.24388e-08;4.22292e-08;0.999639;4.53563e-05;2.09304e-06
2.56574e-06;0.993526;4.35419e-06;4.95167e-07;7.56331e-06;4.31299e-06;0.00172143;0.00412292;7.93003e-08;0.000363062;4.38653e-09;2.05051e-08;5.07496e-05;0.000196061
1.88481e-15;2.18268e-16;1;4.3581e-15;3.28962e-15;5.68162e-17;7.90894e-15;6.49247e-13;1.43793e-15;1.54249e-15;7.9024e-16;9.89272e-13;3.17524e-18;1.34842e-19
0.000367138;0.00128018;0.0933659;0.00092692;0.000171248;0.000180107;8.60864e-05;0.77241;0.0283762;0.0004877;0.0166899;0.0776927;0.00792974;3.65487e-05
