2.09714e-06;0.987271;4.89192e-08;4.96919e-07;1.92622e-07;2.85111e-06;4.78178e-05;0.00397705;5.97581e-07;3.26527e-05;1.93524e-07;1.79421e-07;0.00864411;2.09591e-05
4.76643e-11;3.87598e-11;0.999999;3.21905e-10;2.61788e-09;6.70393e-11;7.97048e-11;3.00604e-09;1.04275e-11;3.2153e-11;2.21779e-11;1.09859e-06;6.79383e-13;1.17641e-11
1.35059e-05;0.955643;6.25396e-06;8.45228e-05;1.18329e-05;2.94625e-06;0.00747753;0.00438669;4.42179e-05;1.0872e-05;0.000310282;1.42564e-05;0.031811;0.000183394
2.58891e-05;0.989842;0.000310956;0.000137194;0.000165031;2.74387e-05;0.000463135;0.000272254;4.27423e-05;1.06787e-06;5.94652e-05;1.4712e-05;4.61743e-05;0.00859161
0.000114837;0.0550687;1.27691e-07;0.0002069;0.0002428;0.000150327;3.62745e-07;0.934168;0.000106302;2.35037e-06;6.80657e-05;0.00457905;0.000926131;0.00436656
6.01837e-06;0.995325;2.54158e-10;1.67672e-07;4.32575e-06;3.4798e-08;2.35942e-08;0.0042311;5.38205e-07;1.45952e-08;1.36914e-06;6.9294e-05;0.000335183;2.70149e-05
5.29558e-06;0.457698;1.37841e-08;7.94704e-07;0.000793713;3.46226e-06;1.23565e-06;0.541299;2.92176e-06;3.00049e-06;1.30419e-07;6.87897e-06;3.80732e-06;0.000181021
7.91262e-05;0.0154792;0.0179866;0.000302303;0.0134562;0.000159594;6.84788e-08;0.0017177;3.90045e-07;6.68879e-06;1.69334e-05;0.944824;0.00293897;0.00303191
0.000196085;0.370131;2.07005e-09;6.44681e-05;0.00302471;6.67651e-06;0.00182957;0.389727;0.0236026;4.5474e-06;0.200298;0.000952478;0.0101261;3.61227e-05
0.00156051;0.144564;0.705997;0.0175541;0.0142943;0.0113964;4.81759e-05;0.00256463;0.000753992;0.000368624;0.00257565;0.00013772;0.0954351;0.00274962
0.000203191;0.996429;0.000113294;1.20036e-05;0.000135507;9.09774e-07;1.08663e-06;0.00108844;5.25594e-05;2.28828e-06;4.33786e-06;0.00122806;0.000553295;0.000175744
8.423e-06;0.952496;1.73817e-08;1.13034e-07;0.00036358;9.05054e-07;5.70794e-06;0.0467937;1.08257e-05;1.26759e-06;7.80845e-07;4.54554e-06;0.000299842;1.4789e-05
0.000443004;0.004481;0.00841405;2.17548e-05;0.00260688;0.000282734;7.14962e-08;0.000775468;4.89431e-06;2.54343e-06;3.38338e-06;0.982406;0.000198832;0.000359045
0.000167053;0.955903;1.50818e-07;3.73007e-06;6.98111e-05;9.93734e-05;2.96214e-05;0.0229702;0.00808203;6.97639e-07;0.000532983;0.00229683;0.00657303;0.0032713
1.06046e-05;0.989016;1.0562e-10;4.07561e-06;1.2312e-05;4.68301e-07;9.91058e-07;0.00459664;7.20836e-06;3.68553e-06;2.46981e-06;0.000253658;0.00599409;9.76134e-05
0.000333812;0.795684;2.02125e-08;7.85198e-07;2.61784e-05;3.39382e-06;7.70636e-06;0.000545197;1.92007e-05;5.19051e-06;8.72618e-07;0.203021;0.000343604;8.9593e-06
0.000416614;0.00576402;0.00583032;0.0019587;0.0058422;0.691407;1.12002e-05;0.00104381;5.19381e-05;0.000390772;1.39034e-05;0.00279142;0.0062974;0.27818
0.00024213;0.90564;2.83362e-07;7.35427e-07;1.80729e-07;2.55108e-05;0.0875469;4.27855e-05;2.16792e-05;0.000573224;6.84812e-06;6.74279e-08;0.000753818;0.00514592
2.14491e-10;1.14373e-10;1;5.34769e-11;1.20123e-09;4.23687e-09;2.5388e-07;1.87099e-09;1.55092e-09;8.94417e-09;4.33053e-10;2.26802e-10;2.63089e-13;7.43708e-12
2.17925e-08;3.23387e-08;0.999999;4.96855e-09;1.03367e-09;1.48882e-09;7.21806e-08;1.10998e-07;9.39897e-07;4.56419e-10;1.4012e-07;8.57443e-08;4.30878e-09;2.47855e-12
2.76229e-07;0.00119052;0.000421165;6.36679e-07;5.08255e-07;9.07581e-07;5.41597e-08;9.02499e-05;6.1764e-06;4.77628e-08;2.72533e-05;0.998116;1.27579e-06;0.000144918
2.70331e-07;0.989956;8.40946e-08;1.10701e-06;9.5511e-06;0.000324348;6.76905e-07;3.53691e-05;1.70232e-07;6.90069e-08;2.5525e-06;1.20161e-06;0.00951237;0.00015647
9.21179e-07;0.00517509;7.54345e-07;2.76556e-05;0.000655873;3.51069e-05;4.8617e-08;0.00261606;2.54867e-07;6.77133e-08;3.66466e-06;0.984124;0.000526405;0.00683434
7.9452e-06;0.819716;1.56699e-08;2.45282e-05;0.0202861;0.00030476;2.66045e-06;0.157706;1.72166e-05;5.05872e-07;1.42186e-05;9.56345e-06;0.00159671;0.000313689
0.000119442;0.465832;0.231651;7.12327e-05;0.000282466;0.000238429;1.35013e-07;0.00520759;7.8657e-08;1.6964e-07;9.02206e-07;0.223304;0.0729808;0.000311671
2.07656e-05;0.196836;1.96184e-05;0.000147329;0.00290807;0.00309278;5.03059e-07;0.0905292;1.65267e-05;8.46302e-07;8.86187e-05;0.62864;0.0374862;0.0402129
8.83531e-05;0.736024;0.000320501;5.84754e-05;5.7454e-05;1.5358e-06;5.23317e-06;0.00160516;1.94713e-06;1.87055e-06;1.04297e-05;0.00649869;0.25531;1.61252e-05
0.000107901;0.057919;1.90461e-06;2.3036e-05;0.00927266;1.67562e-05;2.04257e-05;0.911693;4.36667e-05;1.51941e-05;2.32124e-05;0.00113277;0.000341499;0.0193894
0.000154926;0.631438;0.0278588;0.000838503;0.0186957;3.57966e-06;2.94756e-06;0.0283187;6.39925e-06;1.28963e-05;4.73201e-06;0.286285;0.000106719;0.0062729
0.0046487;0.425445;2.73616e-05;0.000537073;0.000307148;7.26741e-05;0.0702521;0.0104489;0.338436;4.06007e-05;0.0219369;0.0591413;0.0676894;0.00101687
0.000106763;0.996235;2.82712e-07;2.4324e-06;4.48866e-06;6.56955e-07;5.86998e-06;0.00143243;2.71394e-05;2.00054e-07;1.67647e-06;0.000174884;0.00190959;9.85197e-05
0.000305159;0.748953;1.87446e-05;5.01094e-05;0.00010194;1.29179e-05;0.00065525;0.0245277;8.83016e-05;0.000691175;4.81402e-06;8.5547e-05;4.08975e-06;0.224501
6.39158e-09;7.09737e-09;0.999958;4.87224e-10;2.8721e-09;6.96405e-10;3.6982e-10;1.88092e-10;1.64599e-10;1.05826e-10;1.85346e-10;4.23304e-05;2.69934e-12;1.1482e-10
2.72865e-05;0.220602;4.05337e-05;8.92494e-07;4.90121e-06;3.38573e-07;1.24647e-06;0.58588;1.26287e-05;2.60411e-07;7.05494e-06;0.000238812;0.193184;1.39278e-07
1.0011e-05;0.00230058;1.1482e-06;0.000107475;0.00037684;0.00135376;1.44016e-05;0.000373907;0.00114904;6.77994e-05;0.000580501;0.9025;0.089787;0.00137744
0.000788334;0.895265;0.0330968;0.00777521;0.00179439;0.000993209;0.0069528;0.00141878;0.00053772;0.0246966;0.000119777;0.000703634;0.00178948;0.0240687
1.31148e-08;6.14717e-10;1;1.07778e-09;1.83646e-09;6.85018e-11;1.31605e-08;4.27057e-09;2.76925e-08;2.26923e-10;9.86413e-09;8.53799e-08;3.11147e-11;5.73249e-12
0.000134964;0.683485;4.69348e-06;0.000458676;0.000322331;0.000207959;0.00035044;0.074059;0.139044;4.20412e-05;0.00595439;0.0195357;0.0708284;0.00557239
7.72052e-05;0.216558;2.47355e-05;2.66008e-05;1.21762e-06;6.37486e-08;6.30032e-06;0.00919423;0.00021579;1.1743e-06;0.000656349;0.767253;0.0059847;1.10988e-06
2.48967e-05;0.192221;5.48345e-09;0.000960461;0.155504;6.18845e-05;7.16703e-07;0.633341;0.000271612;0.000202475;3.14455e-05;0.0123445;0.0037249;0.00131079
0.00209925;0.0178794;0.188082;0.0416311;0.00201665;0.0137532;0.0008314;0.000856724;0.00403514;0.0155937;0.0172522;0.310866;0.355543;0.0295598
0.000219539;0.961714;0.0322935;1.19664e-05;1.17064e-05;7.90104e-06;0.00091681;0.00461896;3.15033e-06;6.21473e-05;8.64833e-06;4.7178e-06;1.95852e-05;0.000107691
5.9355e-08;1.57181e-07;0.999999;3.79857e-08;1.61169e-07;2.52305e-08;2.24035e-08;1.47502e-07;2.51037e-08;4.09481e-09;4.20333e-07;2.61428e-07;5.11595e-08;5.95893e-09
2.38491e-06;6.00389e-05;0.953809;2.82177e-06;1.30673e-05;1.31655e-06;1.68094e-07;0.0375482;2.83912e-06;2.15495e-07;1.99806e-06;0.00850061;3.3747e-06;5.39674e-05
1.94787e-07;0.000562348;9.46586e-06;1.22634e-07;1.10224e-05;0.000419135;3.70508e-09;1.41453e-05;2.89477e-09;1.2582e-07;5.01894e-08;9.44064e-05;1.44832e-06;0.998888
0.000103853;0.00498864;2.83184e-08;2.68597e-06;2.77913e-05;0.000117187;6.63459e-07;0.120396;2.0748e-05;1.72246e-07;7.85816e-05;1.78338e-05;0.874244;1.66908e-06
1.35431e-06;0.999499;1.72835e-08;4.65122e-07;7.86959e-10;9.02386e-09;5.41057e-08;0.000223403;3.21665e-07;1.25739e-08;5.52228e-07;4.6272e-05;0.00022883;2.86329e-08
1.81697e-08;0.999665;2.0851e-10;4.04297e-06;1.88038e-07;1.13922e-08;2.59716e-05;2.43879e-06;1.14573e-09;3.82566e-05;2.62359e-08;2.32767e-07;2.7762e-07;0.000263721
7.43896e-07;9.40062e-06;0.999795;4.55582e-06;1.29299e-07;9.4466e-08;1.70727e-05;7.44721e-06;1.59044e-07;5.39508e-08;3.9699e-05;0.000107619;1.84411e-05;2.67066e-09
1.69787e-05;0.996421;4.86062e-09;2.86282e-07;4.33114e-06;1.20344e-06;0.000417836;0.000451909;4.16639e-07;0.00047104;1.62258e-06;1.336e-07;0.00173221;0.000481077
4.0352e-09;3.51762e-11;0.999977;8.49167e-11;1.71406e-08;8.01292e-10;4.04311e-11;7.31834e-09;5.87691e-10;6.23366e-11;2.59394e-10;2.25895e-05;3.0446e-12;1.09156e-11
2.04157e-05;0.784583;3.39218e-08;5.17862e-05;0.000285629;9.47784e-06;1.49382e-05;0.0910894;0.0470075;1.7224e-06;0.000728676;0.000779068;0.0752661;0.000162678
0.000329361;0.786938;4.26536e-07;0.00611176;0.00420792;0.00210113;7.94093e-05;0.00825369;0.0456506;0.00112294;0.0019995;0.000755109;0.137187;0.00526394
0.00192234;0.432629;0.534541;0.0020189;0.000988562;0.000116652;1.61309e-05;0.000470033;1.6384e-05;7.85335e-05;2.28166e-05;0.0248617;0.000482448;0.00183578
7.47619e-05;0.170657;3.12771e-10;0.000507279;4.30197e-06;1.65423e-05;1.12536e-05;0.000238076;0.00513291;1.61254e-06;0.00470561;0.000442551;0.818197;1.12587e-05
0.000523251;0.953978;0.0127667;0.00134716;3.00119e-05;5.55116e-06;3.26791e-06;0.000991392;8.73464e-06;1.56578e-05;1.03016e-05;0.0287811;0.000203655;0.00133476
5.05483e-06;0.0765265;1.46326e-11;1.66597e-07;3.77202e-05;1.53847e-07;5.56805e-07;0.922682;2.8778e-07;2.78232e-07;2.45222e-07;1.74801e-07;0.000600093;0.000146533
3.18476e-05;0.0210555;0.868836;0.00244146;0.00569813;0.00186806;9.95655e-07;7.68899e-05;2.6609e-06;8.40547e-05;6.48475e-05;0.0985062;0.000377453;0.000956368
0.00155278;0.53791;4.48556e-06;0.00221845;2.7548e-05;0.000130045;0.000807752;0.0304058;0.122317;9.32902e-05;0.297497;0.00321749;0.00363769;0.000181185
