1.2708e-05;0.996955;3.58436e-05;0.000190796;1.51196e-05;6.09171e-07;1.4379e-05;0.000952485;2.67818e-06;1.03484e-05;7.37121e-06;0.00164067;0.000147057;1.46582e-05
5.78682e-05;0.968249;2.19657e-05;0.000877418;3.62771e-05;2.29629e-05;0.00015868;0.00100091;2.46565e-05;0.000292301;0.000497251;5.07839e-05;0.0279449;0.00076514
5.9063e-05;0.0156981;0.00714814;5.65219e-05;6.75518e-05;1.07868e-05;1.22107e-06;0.000149711;1.62914e-06;5.6503e-07;9.38655e-05;0.976037;0.000499657;0.000176618
0.00530071;0.773516;1.86306e-06;0.000186934;0.00635601;2.758e-05;0.000670503;0.0418093;0.113944;3.17574e-05;0.0310689;0.0250283;0.00183644;0.00022134
0.000181943;0.738503;0.00100716;0.000169878;0.000128178;0.000586402;3.07828e-06;7.96815e-05;3.82801e-05;4.90537e-05;1.13677e-05;0.00111059;0.257867;0.000264137
4.42377e-05;0.525471;2.35379e-06;2.42243e-07;1.42617e-06;3.49493e-07;2.97176e-06;0.00111151;1.15982e-05;7.91413e-08;6.89535e-05;0.464386;0.00889673;2.47387e-06
2.27639e-05;0.372379;0.000253013;0.000273561;0.187176;0.0087366;1.78507e-06;0.209862;2.30138e-05;1.21922e-05;1.43948e-05;0.00851588;0.141264;0.0714661
5.70939e-05;0.13942;7.55578e-07;6.29039e-06;2.16965e-06;0.000135229;9.10856e-06;0.0129428;5.89756e-05;1.66525e-05;7.13652e-05;0.000202911;0.846335;0.000741708
4.68712e-09;2.11865e-09;1;1.24027e-09;8.88383e-10;2.64068e-10;2.42586e-10;3.10196e-07;1.32927e-09;3.64424e-11;1.55316e-09;6.67217e-08;5.62029e-09;7.15596e-12
2.95625e-08;2.42259e-06;3.34167e-05;9.99125e-08;2.21008e-07;2.9862e-09;2.49883e-07;1.76232e-05;1.5663e-07;1.52886e-07;1.11491e-08;0.000144221;5.28018e-08;0.999801
1.3575e-07;4.3798e-06;8.09639e-11;2.42656e-08;0.000423471;1.86685e-06;8.40066e-08;0.999553;1.55978e-05;6.50379e-09;1.04099e-07;1.18136e-08;9.83769e-07;2.26342e-07
4.95002e-08;4.44626e-05;0.999419;4.22094e-07;4.62791e-05;3.25811e-07;1.5154e-10;1.05118e-07;2.12186e-11;2.67055e-09;4.11915e-10;0.000482961;1.54191e-07;6.01154e-06
1.76568e-08;0.999694;5.7454e-11;3.51151e-09;2.15867e-08;2.47874e-08;6.6609e-09;2.24465e-05;3.97445e-08;2.07422e-11;2.59301e-08;1.92049e-06;0.000281115;5.14583e-08
6.39224e-08;0.993079;2.02432e-12;2.20778e-07;3.12187e-07;8.18471e-09;4.02304e-09;0.000148538;2.136e-10;1.20905e-08;4.11073e-10;0.000191607;0.00657521;4.89305e-06
9.66793e-07;0.981755;4.89618e-06;2.85221e-07;0.000378116;4.81285e-07;1.90438e-08;0.0110388;6.21361e-11;7.01655e-07;3.29348e-11;0.000370225;0.00119359;0.00525698
1.02335e-06;0.00189953;4.852e-07;9.95091e-06;7.95583e-07;0.000164125;9.34783e-05;5.37059e-06;4.75748e-06;4.86488e-05;7.08008e-06;1.63113e-05;0.997733;1.51267e-05
9.13169e-08;1.95294e-05;0.99982;2.40475e-06;3.92873e-08;2.5804e-07;6.49144e-05;9.76116e-11;8.49685e-10;4.40961e-05;1.64852e-08;4.73982e-05;1.08102e-08;1.22676e-06
4.69503e-07;2.85626e-07;0.999853;2.54534e-07;4.39523e-08;3.19705e-07;0.000134228;6.8503e-09;2.55709e-06;3.48682e-07;7.64044e-06;6.89217e-07;4.39169e-09;6.16569e-08
3.23893e-06;0.998912;7.6388e-07;1.01552e-07;4.92151e-09;2.12081e-09;6.40824e-07;0.0003924;7.75987e-06;3.31774e-08;6.59391e-06;0.000652411;2.45642e-05;1.91602e-08
9.39968e-08;0.998655;8.39272e-09;2.71171e-07;1.27459e-06;5.27354e-08;1.38057e-06;1.74823e-06;3.6712e-09;2.91684e-05;2.54389e-09;5.2401e-07;3.06584e-07;0.00130996
2.4777e-07;4.00166e-06;0.999976;2.2564e-08;5.9398e-08;2.69883e-07;7.24321e-06;9.99674e-06;2.2157e-08;2.34215e-07;5.57472e-08;1.2673e-07;2.18106e-06;1.44928e-08
8.2819e-09;6.89049e-10;1;4.44523e-10;4.53227e-10;1.2152e-09;4.4573e-09;4.55185e-08;2.3613e-09;1.11905e-09;1.4223e-09;1.65442e-08;3.17398e-09;2.02802e-12
3.29136e-08;3.54352e-07;0.997361;2.68698e-09;4.04381e-09;1.35657e-08;6.19038e-10;6.90796e-08;1.84471e-08;1.76766e-09;5.21526e-10;0.00263753;6.20399e-09;8.64489e-07
3.22108e-07;0.0548149;3.28981e-08;3.76737e-08;0.000417897;0.000293869;3.96232e-06;0.000207086;1.95251e-07;4.1245e-06;1.74329e-08;1.42819e-09;5.72853e-06;0.944252
3.09405e-10;9.59926e-10;0.999998;9.05482e-12;1.3157e-08;1.68462e-11;2.87818e-12;7.67119e-09;1.20622e-11;9.18049e-13;2.33748e-12;1.97289e-06;4.59932e-12;2.3098e-12
8.19533e-06;0.00641479;2.53115e-07;4.79308e-06;0.00132926;6.14447e-05;2.95823e-07;0.985075;0.000518941;2.172e-07;6.46935e-06;0.000268391;0.00605455;0.000257591
4.52068e-07;0.451061;1.89619e-08;1.68931e-08;5.53048e-08;1.48988e-06;2.65407e-08;4.63142e-05;3.73766e-09;1.05175e-08;6.57862e-09;2.15342e-05;0.548868;1.01744e-06
3.91846e-05;0.0476058;3.34989e-07;2.21528e-05;0.00462842;0.00305044;1.63923e-06;0.207098;4.59618e-06;1.08826e-06;6.898e-07;0.614244;0.0992406;0.024063
9.70844e-05;0.315374;1.36773e-06;2.60597e-05;0.000331438;1.65547e-05;3.73037e-06;0.479791;2.95987e-06;1.01879e-06;1.77781e-05;0.0177424;0.185656;0.000939393
6.27978e-05;0.225526;0.000183728;0.00085046;0.0153701;5.65023e-05;3.98503e-05;0.0103206;0.00248286;5.11003e-06;0.000846789;0.724639;0.0175325;0.00208422
0.000470899;0.592654;2.7321e-06;0.000717589;0.000278141;0.000113852;0.000179391;0.0182279;0.00088415;1.27682e-05;0.000674418;0.138442;0.245601;0.00174172
6.75188e-05;0.00144134;1.59203e-05;4.7573e-06;7.33972e-06;1.41407e-06;8.56304e-08;0.000418746;1.321e-05;5.85718e-08;4.25338e-05;0.9955;0.00242087;6.63123e-05
0.000151363;0.359505;1.11099e-07;3.91838e-05;0.0524129;5.97337e-05;1.80486e-05;0.571998;0.000123528;1.90875e-05;0.000147405;0.00188312;0.00124553;0.0123967
0.000337261;0.0134498;0.259374;0.00611651;0.586949;0.00935388;9.11834e-06;0.00346617;2.67785e-05;0.000157854;0.000557158;0.00120551;0.00298201;0.116015
2.98086e-05;0.990587;1.07004e-09;3.07538e-07;1.56701e-06;7.61466e-08;0.00762146;6.1016e-06;1.90523e-06;5.52548e-06;3.54736e-05;8.71835e-09;1.16897e-05;0.00169913
8.53205e-08;3.07983e-08;0.999992;1.01861e-09;3.33852e-07;2.76742e-11;2.09957e-08;5.56952e-07;1.11211e-08;1.28015e-09;5.08001e-08;6.67636e-06;1.86048e-11;6.13661e-10
8.99084e-05;0.00418788;9.32375e-08;1.78389e-06;0.000382074;0.000168858;5.03076e-07;0.9835;0.00122025;2.05418e-07;3.48761e-05;0.00063312;0.0095158;0.000264479
2.15159e-06;0.00022241;1.58229e-10;2.85001e-07;1.50406e-06;3.77986e-06;8.46637e-08;0.000122318;1.7806e-05;2.94297e-08;2.92473e-05;0.000925623;0.998673;2.17679e-06
1.09274e-05;0.00021013;3.62438e-06;3.93212e-06;3.24829e-06;2.79817e-07;1.31477e-07;4.34111e-06;7.12778e-05;2.24295e-07;2.17252e-05;0.999178;0.000484539;7.45842e-06
6.75613e-06;0.0124061;4.34052e-10;8.7765e-07;0.000363068;3.95093e-08;1.55618e-05;0.987078;0.000109822;4.37722e-06;3.92121e-06;4.7092e-07;4.7474e-06;6.7982e-06
2.0169e-06;0.000368327;0.9973;4.41161e-05;3.09363e-05;3.90369e-06;3.5753e-07;1.59307e-06;1.04658e-07;2.62927e-06;2.02137e-06;0.000242076;0.00199528;7.09295e-06
0.000309097;0.806709;3.6043e-07;2.56157e-06;6.52848e-05;2.54478e-07;2.03688e-05;0.0499006;0.000151303;1.91057e-06;0.00300195;0.13676;0.00291124;0.000166107
7.02726e-05;0.992098;3.2599e-05;7.95614e-06;5.13929e-05;1.65984e-06;6.41897e-05;0.00015451;2.48439e-06;0.000447688;2.29637e-06;1.73405e-05;3.96166e-06;0.007046
1.23188e-06;1.30192e-07;0.999993;1.39439e-09;1.16918e-07;1.07366e-11;5.30907e-07;1.94585e-06;1.34061e-06;4.43713e-09;2.92233e-07;1.01461e-06;1.06767e-10;1.05075e-09
0.000512743;0.00280901;3.90105e-08;9.98513e-07;0.000113797;0.000100805;1.12857e-05;0.842763;0.128891;5.72538e-07;0.000282916;0.00292898;0.0215069;7.80966e-05
1.2832e-06;0.0030363;9.82334e-11;3.79223e-08;9.40975e-06;1.65571e-06;3.79128e-08;0.000580824;2.25283e-06;4.17311e-08;3.18143e-07;0.000100793;0.996264;2.61673e-06
0.000491009;0.0956007;0.000586704;1.2786e-05;0.00351936;0.00549212;6.55785e-05;0.0248853;6.81149e-05;0.00150926;1.7536e-06;0.00602717;0.85709;0.00464991
5.53742e-09;1.46604e-08;0.999998;6.36303e-09;1.36822e-08;3.84701e-08;3.18714e-09;2.71893e-09;4.26584e-09;2.32743e-09;8.1872e-10;1.97691e-06;4.06948e-10;2.0073e-10
1.2248e-05;0.0143199;0.974758;7.3177e-06;2.54689e-06;2.2183e-06;1.40229e-05;0.00219675;3.33987e-06;9.27625e-07;1.24643e-06;0.00857339;3.24067e-05;7.51753e-05
1.89087e-05;0.054835;2.19513e-05;3.31989e-05;0.00585955;0.849803;7.88708e-06;3.99194e-05;1.69559e-05;2.07021e-05;3.52391e-05;0.000606125;0.0393975;0.049304
2.09565e-06;0.00897294;5.43892e-07;6.29407e-07;0.00170267;3.38123e-05;5.76827e-09;0.00585;3.29191e-07;7.38063e-09;1.55968e-06;0.982594;0.00054216;0.000298837
3.17662e-06;0.946314;0.000130104;5.05252e-05;0.00184041;0.000549064;0.000424291;1.37873e-06;9.52761e-09;0.00606168;8.73589e-08;2.12645e-05;7.2168e-05;0.044532
4.63433e-09;4.19686e-09;0.999998;2.32105e-09;4.74593e-08;8.82028e-08;1.28034e-08;7.67108e-09;1.85747e-09;1.11433e-09;1.18985e-09;1.71529e-06;2.45447e-11;1.0208e-09
2.08009e-07;0.999724;1.44168e-07;1.9257e-08;1.21168e-07;7.00274e-08;6.20187e-08;7.02558e-05;2.95201e-09;3.31679e-09;2.28431e-09;3.41036e-07;0.000204698;3.67254e-08
1.83515e-08;0.000104998;0.999886;1.28476e-08;3.66796e-08;2.41803e-09;1.0876e-08;8.14527e-07;6.73766e-10;8.54728e-09;4.48434e-10;7.77878e-06;3.9843e-08;3.25779e-08
1.00672e-09;2.32471e-07;1.03076e-06;6.82871e-09;9.67641e-09;1.28949e-09;8.178e-11;5.05994e-07;1.84913e-08;1.19823e-11;6.20388e-08;0.999998;1.42682e-07;5.62775e-08
1.15659e-05;0.197197;2.44127e-08;8.28355e-05;2.07629e-05;0.000177517;0.000146085;0.0532879;5.65442e-05;2.4178e-06;0.000286845;8.39575e-05;0.748464;0.000183037
1.96291e-06;0.0101643;1.94917e-06;6.37557e-06;1.59399e-06;7.14019e-07;5.92288e-08;0.00102727;1.24712e-05;1.11352e-07;1.39197e-05;0.987871;0.000544276;0.000354047
4.32555e-06;0.994075;1.53927e-07;7.62121e-07;9.00742e-05;2.1584e-06;4.15485e-06;0.000651956;5.16436e-08;6.04425e-07;1.21914e-06;0.000216595;0.00270765;0.00224551
1.85406e-08;0.000197319;1.87732e-05;6.02196e-09;2.00712e-08;2.20478e-10;2.46358e-10;1.44156e-05;3.5571e-09;3.80828e-11;1.20161e-08;0.99971;5.99048e-05;1.7755e-08
5.25666e-06;0.120246;8.79494e-07;2.89225e-05;0.00023795;0.000166679;2.66232e-06;0.0522437;3.39008e-06;1.81508e-06;5.82789e-06;0.0237977;0.801489;0.00177008
0.000299866;0.129725;6.35495e-06;0.000207593;0.000182065;0.00259885;5.80403e-06;0.0540964;0.000519469;1.2226e-05;0.000730788;0.483859;0.325718;0.00203795
7.65555e-05;0.154326;4.60646e-05;1.25155e-05;0.00189306;0.000628265;3.67869e-06;0.823297;6.585e-06;8.57861e-06;3.32492e-05;0.0116648;0.00249698;0.00550602
2.05242e-05;0.995527;4.45666e-09;6.5969e-07;3.17839e-07;4.37503e-07;0.00362742;0.000639325;8.97597e-07;8.85841e-05;7.5111e-06;3.53475e-07;1.35107e-05;7.35117e-05
5.04831e-09;2.32694e-10;1;2.31055e-09;2.05783e-09;1.08013e-10;4.41465e-08;6.5131e-09;2.3312e-09;8.63206e-10;1.31917e-08;3.6854e-07;8.95748e-12;3.30498e-12
8.59424e-05;0.700615;2.26824e-07;2.13231e-05;6.47229e-06;4.56446e-06;0.249899;0.0433422;0.000290251;0.00213319;0.000276398;1.16861e-07;0.00147609;0.00184955
8.7703e-11;4.21676e-11;0.999999;2.21726e-09;6.45955e-11;1.4525e-11;2.46503e-09;2.28721e-10;2.27591e-10;7.56239e-11;7.66741e-09;8.84868e-07;2.66811e-12;1.12165e-12
5.14274e-06;0.00193513;4.75e-05;4.24386e-05;0.000816227;1.79327e-06;9.12927e-07;0.065528;0.000540428;4.76316e-06;0.000607233;0.928165;1.9722e-06;0.00230357
2.5129e-07;0.99627;3.47605e-06;9.44618e-06;0.000150825;0.000359954;1.23987e-06;9.24747e-06;1.06408e-07;7.10163e-06;2.86574e-06;1.96968e-05;0.00252264;0.000643121
4.98304e-05;0.0305016;0.00082908;4.38259e-05;0.000440211;3.05907e-05;5.21653e-07;0.000680746;8.77545e-06;5.81491e-08;5.78011e-05;0.966892;0.000332191;0.000133092
0.000942244;0.885789;1.57969e-06;7.71247e-05;0.000831623;0.000358341;1.16431e-05;0.0129041;0.0076604;4.65311e-07;0.000335117;0.0342709;0.0558513;0.000965866
1.92777e-06;0.82962;3.16361e-10;1.26786e-07;1.47841e-05;1.69049e-06;1.69136e-09;0.000292177;1.67824e-08;9.64257e-09;6.21274e-09;7.24055e-05;0.169982;1.45173e-05
7.11625e-06;0.00717427;0.000292262;2.61383e-06;0.000402066;2.79413e-05;1.38799e-08;0.0599154;1.87732e-07;1.48003e-07;5.85669e-08;0.929125;0.00259796;0.000454874
2.68322e-05;0.324617;1.26294e-06;0.000343847;7.92526e-05;0.0472551;0.000899151;3.61489e-05;0.000247408;0.000236883;0.000257756;3.24285e-05;0.624416;0.00155055
0.000334607;0.0017278;0.28369;0.000134659;6.9132e-06;3.87933e-05;2.47014e-05;2.76988e-05;5.47929e-06;5.23538e-06;3.24746e-05;0.712531;0.00114061;0.000299931
4.68994e-05;0.930204;1.5701e-07;2.56219e-05;2.29117e-05;0.000120519;1.59378e-05;0.0579741;0.00151497;4.87153e-07;0.00377912;0.000210398;0.00544158;0.000642647
2.84271e-05;0.985619;7.51132e-06;4.80216e-07;3.86957e-08;2.2327e-09;9.36881e-07;0.00744732;2.24065e-06;1.26724e-06;7.84899e-06;0.00679708;8.54618e-05;2.03257e-06
5.23919e-07;0.998313;1.47452e-08;9.53407e-07;4.92394e-07;7.82771e-06;0.00109473;4.33587e-06;5.48164e-07;0.000168192;7.72635e-08;5.37801e-08;0.000271994;0.000137407
6.69676e-10;2.40279e-10;1;2.12029e-09;1.37665e-09;9.73091e-11;7.74208e-08;6.05266e-09;1.4993e-09;3.40332e-09;1.67096e-08;2.09767e-07;1.00571e-11;3.79812e-12
0.00022674;0.558545;1.68337e-05;4.89219e-05;0.000684657;0.000136373;0.306541;0.0972769;0.00647615;0.00274405;0.0126058;4.70164e-07;0.0141149;0.00058222
4.8561e-09;6.84837e-09;1;4.83747e-10;1.0774e-10;9.53846e-11;8.15284e-09;2.29632e-08;1.41417e-09;2.52403e-10;3.20384e-09;3.72044e-07;2.83183e-09;5.27811e-12
1.56549e-05;0.0720197;0.00721886;2.83315e-06;4.35309e-05;1.1588e-05;7.27844e-08;0.0191959;3.49823e-06;4.61685e-06;1.29988e-07;0.789735;6.6313e-05;0.111682
1.87116e-05;0.0930205;1.09976e-09;3.83964e-07;2.84112e-05;8.80607e-05;4.35543e-06;0.0255927;2.28809e-05;9.32593e-07;1.41005e-05;6.79072e-07;0.881167;4.16204e-05
0.000328481;0.0300282;0.779303;0.000164061;0.000175984;2.44562e-05;2.46772e-06;0.00130845;1.16896e-05;7.90895e-06;2.11007e-06;0.187699;8.98148e-05;0.000853659
3.10888e-06;0.645694;1.56124e-07;5.94853e-05;4.31711e-05;5.34367e-06;3.09864e-06;0.346943;0.00031388;1.927e-06;0.000242365;0.000208832;0.00622349;0.000258154
4.68367e-05;0.00210974;4.21494e-07;9.45717e-06;0.00959522;3.80463e-05;1.2751e-07;0.963792;4.3168e-05;5.52072e-07;0.00359653;0.0201747;0.000360174;0.000233043
2.91205e-06;0.998783;1.52786e-09;3.50256e-09;9.72435e-07;1.48603e-07;0.000218399;3.33987e-06;1.73257e-09;1.78165e-05;8.76913e-09;2.00767e-08;4.46306e-06;0.000969132
1.26958e-09;5.37596e-11;0.999992;2.48544e-11;2.66655e-08;1.09483e-10;9.64423e-10;1.07191e-09;9.76523e-11;1.2976e-10;8.47889e-11;8.4425e-06;1.33683e-12;2.50172e-11
9.97925e-07;0.00281449;1.61717e-11;5.59543e-09;2.32862e-07;8.901e-09;1.58216e-06;0.000814037;1.96692e-06;7.66892e-09;3.02854e-07;9.78202e-09;0.996366;4.42001e-08
2.36522e-07;2.16364e-05;4.70552e-08;6.47809e-07;5.44166e-06;4.32835e-08;2.34538e-09;3.93542e-06;3.13949e-05;5.8125e-10;1.15863e-06;0.999859;2.8926e-07;7.66963e-05
0.000116634;0.140685;1.36637e-07;8.39429e-05;6.88044e-06;2.97528e-06;5.7266e-05;0.00865002;0.000246881;3.15044e-07;0.000139835;0.00075276;0.849246;1.13787e-05
1.48421e-06;0.000138404;3.6032e-07;1.30767e-06;7.98271e-07;2.07972e-07;1.13403e-09;3.1449e-05;3.19153e-06;5.69286e-09;7.78616e-07;0.998971;0.000794351;5.61256e-05
1.70817e-05;0.994128;3.55313e-08;5.49868e-06;0.000128122;9.72189e-06;1.13148e-05;0.000268597;1.05603e-06;8.24639e-07;1.69344e-06;9.961e-05;0.00416322;0.0011655
1.24392e-07;0.000159829;2.56653e-07;2.99315e-06;1.4937e-06;7.17153e-08;1.09762e-07;0.000159758;7.05584e-07;1.13451e-08;1.27926e-06;0.999627;1.78124e-06;4.4895e-05
3.01022e-06;0.99146;6.76723e-09;1.86116e-05;6.13305e-07;3.77767e-05;4.84921e-06;0.000102054;2.04543e-06;1.55545e-07;2.43539e-05;0.000179429;0.00815612;1.06527e-05
4.20869e-05;0.151256;1.76387e-08;4.29902e-05;7.49538e-05;4.07661e-05;2.46257e-06;0.00124816;1.98545e-06;7.86936e-07;4.25733e-05;0.832857;0.0118064;0.00258428
0.000237435;0.056791;0.000203689;2.92234e-05;0.056297;0.00117934;1.98294e-06;0.730623;1.87722e-06;1.96036e-06;7.5956e-06;0.0211108;0.10564;0.0278758
5.03896e-05;0.0591125;1.11218e-06;3.71337e-05;6.07327e-06;0.00259619;0.000108779;7.96727e-05;0.000120735;7.33981e-05;0.000409894;0.00033515;0.936877;0.000192175
8.13046e-06;8.52323e-05;0.998657;5.95121e-06;3.56997e-06;4.62917e-07;1.86343e-07;4.87496e-07;1.43718e-08;5.274e-07;1.43306e-07;0.00122941;6.50961e-07;8.55855e-06
6.39436e-06;0.989799;1.02387e-09;1.6356e-05;9.09431e-05;8.74539e-06;6.05224e-05;0.00257507;0.000666868;1.23562e-06;0.000287059;1.37126e-05;0.00620257;0.000271423
2.54661e-06;0.000328965;2.19823e-09;7.43544e-08;7.43485e-05;2.44585e-09;1.53985e-08;0.999532;2.15563e-06;1.04053e-07;6.42471e-08;1.97446e-06;5.74924e-05;6.1323e-07
3.68339e-07;0.000174112;0.999659;4.52766e-06;1.17513e-05;1.01815e-05;9.86145e-07;9.82547e-06;1.77876e-07;4.38323e-05;1.33914e-06;1.08234e-06;8.06628e-05;2.1811e-06
1.11864e-08;8.68175e-10;1;4.25136e-10;4.14474e-10;1.95251e-10;5.52137e-09;1.27767e-08;1.99648e-08;9.84744e-11;1.12137e-07;8.72311e-08;8.22994e-11;2.34567e-12
4.23652e-07;3.16171e-05;9.45122e-05;3.81539e-08;2.52474e-07;2.51811e-07;2.79968e-09;5.18565e-05;1.35775e-05;1.03508e-08;6.03395e-06;0.999792;4.62698e-06;4.87263e-06
2.37504e-05;0.957269;2.34852e-08;2.78672e-08;3.98088e-05;0.000231935;4.93953e-07;4.91621e-05;2.34513e-06;1.5445e-07;6.82064e-07;2.8969e-06;0.0421161;0.000263457
1.13329e-06;0.000174576;1.17681e-06;7.1375e-09;0.00103101;1.00121e-06;7.34982e-11;0.000327123;1.74831e-08;2.28094e-09;9.02856e-10;0.998356;1.173e-05;9.63833e-05
1.14286e-05;0.00122308;1.50551e-07;6.67443e-08;1.78806e-06;1.88481e-07;1.72631e-08;0.998382;0.000261074;2.34043e-09;7.70165e-08;2.51411e-06;0.000117933;1.10022e-07
1.67763e-06;0.00839474;6.34156e-09;6.72892e-06;0.000159145;1.36234e-05;2.05849e-09;0.990994;6.87972e-06;1.95805e-07;1.11578e-07;0.000106855;0.000268924;4.74536e-05
1.09018e-06;0.985228;1.00123e-06;6.78672e-07;2.91186e-07;2.37068e-09;2.17806e-06;0.0146825;2.56525e-09;2.51674e-06;2.21975e-08;2.53564e-05;5.54426e-05;1.22855e-06
2.07556e-06;0.000191563;0.00122321;8.76519e-06;3.73789e-05;7.31484e-07;8.75053e-09;1.00418e-05;2.10498e-08;1.23949e-07;5.19403e-07;0.9985;2.48584e-05;1.29135e-06
0.000128577;0.0799435;4.2558e-08;5.46794e-06;9.87198e-06;1.41963e-06;0.000305525;0.915267;0.00124702;1.50933e-05;6.94207e-05;2.91053e-08;0.00300619;8.81881e-07
1.82928e-07;1.66487e-08;0.999999;2.62723e-08;5.96025e-09;1.02919e-09;6.59049e-08;1.97723e-07;6.57912e-08;3.84035e-09;1.07984e-07;2.28656e-07;1.50608e-08;4.79599e-12
1.12354e-05;0.00150789;6.39151e-05;4.29563e-06;8.77258e-06;5.10062e-07;4.88961e-08;0.000650739;0.000163193;1.82074e-07;7.05627e-06;0.997471;5.98262e-06;0.000105102
5.25904e-05;0.982804;7.21162e-07;1.81683e-06;0.000183725;1.6743e-05;3.78898e-06;0.00953187;0.000187208;8.92844e-07;8.5251e-05;0.000224121;0.00682482;8.18028e-05
4.02565e-05;0.000810751;2.21924e-06;0.000174181;0.973239;0.022957;7.5007e-06;4.02632e-05;0.000244995;9.98265e-05;8.175e-07;8.82304e-05;1.90436e-05;0.00227622
0.000275981;0.986867;0.00227368;9.15828e-06;8.7798e-05;3.67752e-06;2.90691e-07;0.00923478;2.06505e-05;1.60757e-07;1.72866e-07;0.000406984;0.000819435;5.79031e-07
3.98356e-06;0.00125023;1.06966e-09;1.01665e-07;0.000147491;9.17527e-07;3.90126e-10;0.997995;3.22471e-06;3.18646e-09;1.36076e-06;0.000155074;0.000436813;5.98227e-06
1.47057e-06;0.881533;8.15866e-09;3.73294e-08;5.88918e-06;3.71672e-06;6.52258e-05;6.88822e-06;3.24409e-09;0.000164316;1.26735e-09;9.0726e-08;1.36609e-06;0.118218
7.52483e-09;3.10443e-11;0.999991;2.86507e-10;2.42465e-08;1.61655e-09;7.00606e-09;6.17522e-09;5.87235e-09;5.42425e-10;2.14394e-09;8.93364e-06;6.37528e-13;2.49906e-10
5.22453e-07;0.0014239;4.50012e-12;1.84013e-09;2.521e-08;2.91937e-09;1.63256e-07;0.000687868;5.14657e-07;7.19485e-10;1.43581e-07;2.08935e-08;0.997887;2.94351e-08
1.58651e-08;9.95248e-07;7.64118e-09;1.36058e-07;1.10953e-06;1.25178e-08;3.28722e-11;1.20175e-06;9.49972e-07;3.35798e-11;1.10866e-07;0.999795;1.49332e-07;0.000200705
3.03283e-06;0.00716773;2.10654e-09;1.8436e-06;1.85907e-08;4.22658e-08;8.51273e-07;0.000613602;3.83996e-06;3.40885e-09;4.42213e-06;5.99821e-06;0.992198;9.94996e-07
1.6392e-06;0.000148012;7.52686e-07;3.09126e-06;2.36804e-07;1.37962e-07;2.23095e-08;1.75571e-05;2.75107e-06;3.64211e-08;1.45154e-06;0.996089;0.00361566;0.000119465
1.89206e-05;0.997413;2.37523e-09;7.50526e-05;1.00659e-05;7.95121e-06;1.60999e-05;3.80664e-05;3.59555e-05;1.74273e-06;7.89812e-05;9.06544e-05;0.00212192;9.17989e-05
8.65981e-05;0.165841;3.39187e-05;7.07943e-05;8.1412e-06;7.67125e-07;5.4776e-06;0.000209476;1.07205e-06;5.22189e-07;6.91785e-06;0.831702;0.000614375;0.00141865
0.000260458;0.0334954;3.36954e-06;0.000169817;0.0622799;0.000148385;9.92423e-06;0.782001;3.5292e-05;1.82196e-06;0.000233526;0.00356827;0.0256827;0.0921107
1.43609e-08;6.86022e-06;6.64618e-08;2.02275e-08;1.56964e-08;3.60209e-05;1.72551e-08;3.27366e-08;2.4407e-09;1.41064e-08;3.05049e-08;9.89268e-10;0.999957;1.1132e-08
2.39582e-08;1.94723e-06;0.999986;1.75178e-08;9.94368e-09;4.16068e-09;1.53223e-10;7.23238e-09;6.06475e-11;3.58056e-09;9.93236e-11;1.1543e-05;4.08152e-09;1.92561e-07
1.95923e-06;0.993995;3.19254e-06;1.12388e-05;8.89251e-06;1.04017e-05;1.30481e-05;0.00317125;0.000110841;4.65903e-07;0.000198477;8.60331e-06;0.00237276;9.37076e-05
