5.07448e-06;3.69163e-05;1.31168e-09;9.74378e-09;4.32083e-07;2.56083e-08;1.04024e-08;0.99993;7.20579e-06;2.35588e-09;2.17344e-07;4.06213e-06;1.49611e-05;6.06839e-07
1.28158e-06;0.00299154;2.08981e-07;1.20606e-06;5.77157e-05;1.55235e-06;2.01745e-05;3.64735e-05;1.32843e-07;6.60151e-05;1.15325e-07;5.71444e-05;8.03979e-08;0.996766
8.5122e-09;6.25701e-09;1;8.45837e-10;1.11188e-10;3.85536e-11;8.17211e-09;2.48962e-08;3.45392e-09;4.1711e-11;9.16119e-09;1.99474e-07;7.32316e-10;5.82897e-12
9.22647e-06;0.874918;6.67635e-06;2.38683e-05;2.18043e-05;4.15049e-06;5.7604e-05;0.0206718;0.000200768;3.82795e-06;0.00138318;0.0423413;0.0601534;0.000204876
7.48053e-07;0.00230055;6.05532e-06;2.34968e-06;1.5879e-06;1.60879e-06;1.8102e-06;0.000215526;3.87844e-07;7.23419e-07;7.85482e-06;0.997232;0.000149792;7.93869e-05
1.00438e-05;0.247391;4.54201e-07;4.66399e-05;1.32255e-05;0.000838036;8.10063e-05;0.00236253;4.57519e-05;2.67102e-06;0.000478383;0.00742692;0.740426;0.00087738
1.37344e-05;0.620972;1.0787e-05;1.44584e-05;2.20613e-05;2.86387e-06;2.04219e-06;0.00134369;1.00525e-05;1.82925e-07;1.43761e-05;0.375358;0.00213266;0.000102672
5.7875e-05;0.0898907;1.49763e-05;1.63607e-05;0.00120453;0.000694161;2.71286e-06;0.00166849;1.8688e-06;1.44842e-05;9.79044e-07;0.00143849;0.00341658;0.901578
0.000234591;0.083009;0.000255819;0.000116792;1.20059e-05;0.00506388;1.29224e-05;0.000421396;1.05111e-05;5.61881e-06;1.77788e-05;0.862717;0.0307144;0.0174086
6.72038e-07;0.989493;5.09587e-09;2.11949e-07;2.0111e-08;4.67747e-06;0.000121743;0.000412131;8.58154e-08;2.13867e-05;2.35198e-08;3.82395e-09;0.000654075;0.0092915
8.18383e-11;1.72217e-10;1;2.53534e-10;1.67521e-10;1.901e-09;2.94475e-08;1.40939e-09;3.13765e-10;1.86024e-08;6.37389e-10;2.11082e-09;3.75316e-13;1.40672e-11
5.66531e-08;5.811e-08;0.999994;1.04333e-08;1.69717e-09;2.77134e-09;8.5826e-08;5.38031e-06;5.43806e-07;1.34794e-09;1.50459e-07;1.28414e-07;3.96978e-08;2.29994e-11
1.00248e-07;3.90123e-05;0.990678;6.88173e-08;3.29519e-08;8.47944e-09;9.26611e-08;2.99771e-06;4.20235e-08;2.40328e-08;7.82346e-08;0.00918531;2.9366e-08;9.47258e-05
4.91156e-06;0.000444642;6.43694e-08;1.2497e-06;0.035301;0.00188556;2.2875e-07;0.925763;1.60291e-06;1.01041e-07;3.01859e-07;0.000373393;0.00080836;0.0354156
5.68837e-07;0.0350395;0.000180789;3.38425e-06;0.00177134;2.99652e-05;1.16565e-07;0.000319217;1.77644e-10;6.86587e-07;1.15076e-07;0.847743;0.10935;0.00556169
2.26713e-07;0.956409;9.29313e-08;3.88218e-05;0.000119049;5.49808e-05;9.83099e-06;0.000924114;5.3858e-07;1.68861e-06;7.10068e-06;4.95589e-05;0.0420535;0.000331833
9.27167e-07;0.997525;0.00183719;6.74506e-05;4.51149e-06;1.22362e-06;4.58221e-07;3.34169e-05;2.21165e-09;8.46998e-07;8.36695e-09;0.000368044;2.29283e-05;0.000137952
1.63895e-06;9.43999e-06;7.06856e-11;4.23548e-09;8.06769e-07;6.16953e-09;6.95943e-09;0.999986;2.30037e-07;1.2574e-09;3.99766e-08;8.2422e-07;9.72426e-07;2.12857e-07
3.01136e-07;0.00464828;3.74562e-06;1.34673e-06;6.26893e-05;0.00011945;1.8768e-05;0.000169141;1.5425e-08;0.000111648;1.61656e-08;9.42997e-07;1.74146e-05;0.994846
1.35456e-10;8.62386e-11;1;2.92537e-10;3.80775e-12;5.07891e-12;5.41507e-10;1.09519e-10;7.8248e-11;2.8416e-12;1.47205e-09;2.62099e-09;7.11049e-12;2.68507e-13
3.90946e-06;0.912877;0.000306459;2.21966e-05;5.73338e-06;5.53935e-06;5.77569e-06;0.0174486;1.35975e-05;1.03737e-06;3.29668e-05;0.0553522;0.00105587;0.0128691
3.12478e-06;0.100954;2.91103e-08;3.46178e-05;4.95232e-06;6.10568e-06;1.70099e-05;0.00315791;8.31037e-06;5.79014e-07;0.000107497;0.000113314;0.895581;1.15201e-05
9.87584e-07;0.768357;1.00183e-08;0.000236418;4.38654e-06;1.91938e-07;1.28858e-07;0.000740581;1.18315e-05;1.82124e-06;4.4979e-05;0.230372;0.000112517;0.00011784
7.77504e-07;0.99973;3.04252e-10;3.88385e-06;1.74427e-10;7.09971e-09;0.000135638;5.79542e-05;9.30295e-07;3.57144e-06;2.12408e-05;2.05701e-07;4.05046e-05;5.59363e-06
4.83593e-09;4.3721e-09;0.999977;8.42416e-07;1.42299e-08;4.41548e-09;5.6211e-09;1.61861e-08;3.15801e-10;1.17738e-09;8.07079e-08;2.25036e-05;6.1134e-11;3.14758e-10
4.6272e-05;0.0332901;4.72711e-07;1.1204e-05;0.000686302;8.29392e-07;2.40738e-06;0.964717;5.74237e-07;1.13735e-06;7.17514e-06;7.06788e-05;0.00106992;9.61051e-05
1.87815e-07;1.24571e-06;1.90188e-08;1.10068e-07;9.06225e-09;2.12844e-05;3.00088e-06;2.63103e-08;2.12567e-06;2.86731e-07;4.46866e-05;1.29919e-08;0.999927;5.53465e-09
5.48865e-07;6.70578e-07;0.999994;7.17776e-07;2.06854e-07;3.67472e-08;8.52234e-08;1.16709e-08;1.78364e-08;1.60147e-07;1.47409e-07;2.57489e-06;2.15628e-09;4.30654e-07
1.32114e-05;0.988983;9.24196e-07;6.44441e-05;2.35657e-05;1.85208e-05;0.000403267;0.00157911;0.00260401;2.72197e-06;0.00519796;6.08955e-06;0.00102081;8.27632e-05
