0.000142721;0.759826;6.33174e-07;3.4028e-05;0.000413198;2.14464e-05;4.25172e-06;0.0675066;4.9182e-05;2.28067e-06;9.11629e-05;0.0778771;0.0935197;0.000511852
6.40433e-06;0.909688;1.44449e-05;7.8232e-05;1.94857e-05;1.31005e-06;3.13475e-06;0.00314996;8.57708e-06;9.26475e-07;1.97265e-05;0.0833989;0.000587338;0.00302332
9.40611e-05;0.0786752;4.98296e-07;8.9627e-05;0.131251;0.000121134;3.2842e-06;0.706664;5.97436e-05;1.70655e-05;2.33509e-05;0.0780576;0.000505859;0.00443787
1.56624e-05;0.0980966;0.807313;3.57136e-05;0.0005181;0.0026032;4.43778e-08;2.3093e-05;5.26543e-08;5.88896e-07;2.52607e-07;0.0878173;0.0024703;0.00110563
4.17316e-06;0.000891448;1.96869e-09;6.10741e-08;3.99358e-06;1.25988e-05;6.9777e-08;0.029251;1.43503e-06;6.40541e-09;5.60091e-05;0.000111874;0.969663;4.18027e-06
2.30614e-06;0.000849474;4.16996e-06;1.76773e-06;1.18269e-06;3.99026e-06;5.74582e-09;0.000526962;3.00418e-06;1.39012e-07;1.53112e-05;0.987731;0.0108557;4.66783e-06
6.23439e-05;0.089193;3.07152e-05;0.00101887;0.00764584;0.00186587;1.99237e-05;0.859482;0.00211595;4.80364e-05;0.0237937;0.0117239;0.00289276;0.00010704
0.000342911;0.162151;5.7521e-06;1.77922e-05;1.66669e-05;6.04126e-06;1.40662e-05;0.734734;3.83755e-05;1.82685e-06;0.0110713;0.0720764;0.0195115;1.22281e-05
9.93357e-05;0.992036;3.12869e-07;8.22503e-06;0.000144402;4.15373e-06;6.21504e-05;0.000474136;2.9057e-06;7.88407e-05;6.27405e-06;1.69939e-05;7.25484e-05;0.00699331
1.9473e-07;2.73173e-08;0.999996;1.88057e-08;5.67066e-07;4.49099e-10;5.72717e-08;1.36314e-06;2.91903e-07;2.73998e-09;6.22333e-07;3.32031e-07;5.16049e-09;2.98084e-11
8.38589e-07;0.958893;1.60242e-10;1.1427e-06;9.19901e-08;8.68809e-09;0.00416665;2.70291e-06;0.000106254;3.01031e-05;2.02586e-05;1.2548e-08;1.82011e-06;0.0367773
3.00216e-05;0.00137272;1.8591e-07;1.39067e-05;9.70838e-08;1.12814e-07;0.481057;0.000105058;0.403083;9.01301e-07;0.11399;9.34076e-08;0.000347404;8.65512e-09
0.00129518;0.0161954;7.44594e-07;1.23489e-05;6.64923e-05;1.58427e-05;1.30454e-05;0.968064;0.00188983;1.88081e-05;0.000179121;0.000113623;0.0119059;0.000229832
6.52841e-07;0.00131674;1.98201e-05;9.77267e-07;1.50093e-06;7.21761e-07;1.70388e-07;4.97447e-06;7.87416e-07;3.70049e-07;8.93196e-07;0.998624;2.19856e-05;6.15414e-06
0.000215909;0.72736;0.000119232;0.000182641;0.0239714;8.0514e-06;2.00884e-06;0.0973501;0.000152;4.56549e-06;4.81063e-05;0.0143922;0.135985;0.000208279
0.000233403;0.00124017;9.07109e-07;1.86403e-06;0.531941;2.01254e-06;6.98027e-08;0.460099;0.000485379;2.83572e-05;3.33076e-07;0.000214151;5.76814e-05;0.00569512
0.000129122;0.00237344;0.997082;6.22209e-06;0.000246762;2.3852e-07;1.64479e-07;2.3966e-05;0.000125046;5.44648e-07;3.61915e-06;4.73267e-06;8.05172e-07;3.15351e-06
0.000742715;0.00597298;8.05221e-07;1.97818e-05;7.25079e-06;1.00081e-06;4.14612e-06;0.10345;0.884799;2.5251e-06;0.00389635;0.000587369;0.000515049;1.02362e-06
