1.1308e-07;4.15365e-06;1.27334e-12;3.21845e-11;4.26779e-08;3.59124e-11;3.02504e-10;0.999996;1.49086e-08;4.93089e-11;6.09286e-10;4.79156e-09;1.20868e-07;4.85478e-09
2.75472e-07;0.000271829;4.17773e-06;2.82145e-06;0.0010265;8.143e-05;3.59415e-07;0.000348907;5.04329e-08;8.04727e-06;4.35214e-08;4.96902e-05;5.71779e-06;0.9982
1.34322e-08;5.01231e-07;0.999999;1.77888e-08;1.96106e-10;6.24953e-10;1.24659e-08;3.40767e-08;1.23323e-08;2.48988e-10;6.68164e-08;1.00979e-08;2.04963e-07;7.56145e-10
5.27574e-08;3.97085e-05;0.998063;4.07509e-07;1.12207e-07;7.48097e-09;4.54233e-09;0.00126312;2.97739e-08;3.78944e-09;1.32125e-07;0.000621355;6.19278e-07;1.15724e-05
5.2103e-09;7.67138e-05;3.90502e-06;1.49249e-07;8.44999e-06;1.33271e-06;2.33727e-11;9.7805e-06;1.00482e-10;3.3026e-09;8.72836e-10;0.000189174;3.64545e-08;0.99971
1.13231e-06;0.896455;3.73736e-10;1.25962e-06;2.79567e-05;1.80137e-07;1.64651e-07;0.102892;2.3031e-07;2.44289e-08;1.03301e-05;2.41758e-05;0.000586152;9.02003e-07
4.86338e-08;0.956423;0.00113192;0.000105103;4.42289e-07;2.72858e-05;2.19503e-07;3.37213e-06;6.22842e-10;1.93514e-06;9.22231e-07;5.35655e-05;0.0422162;3.59105e-05
9.35819e-07;0.37274;1.87176e-08;7.4931e-06;3.06662e-07;1.11732e-05;2.2357e-07;0.000156114;5.81737e-08;5.83541e-08;0.000132159;0.590203;0.0367137;3.50565e-05
3.5153e-06;0.0432151;6.04051e-05;6.68997e-06;0.00121537;0.000233584;8.64764e-10;0.0494235;3.20649e-09;3.0779e-08;2.81662e-06;0.0745231;0.831288;2.8369e-05
3.72806e-05;0.161119;1.03312e-05;7.75702e-05;0.00234063;0.00956932;2.51648e-06;0.0262139;1.26967e-06;6.17768e-06;3.05561e-05;0.00777687;0.783248;0.00956605
2.28305e-07;9.29947e-05;3.32094e-12;1.32746e-07;2.41247e-07;3.03427e-06;7.74784e-09;1.12177e-05;4.33648e-08;3.34267e-09;3.51082e-06;3.78354e-05;0.99985;3.06068e-07
4.8149e-05;0.000126928;2.28667e-06;5.33452e-06;6.58605e-06;2.68947e-06;1.58236e-07;5.04112e-05;3.54075e-05;2.227e-07;0.000101077;0.999101;0.000518885;9.48029e-07
1.24346e-06;0.999969;1.33183e-07;3.06095e-08;4.9335e-09;2.61365e-09;5.49101e-07;9.10294e-07;6.70305e-08;8.6523e-09;7.25303e-08;9.73573e-06;1.85985e-05;6.67303e-09
1.72822e-07;7.11364e-05;8.74171e-08;2.44369e-06;2.11989e-06;3.26913e-06;4.54474e-08;1.39423e-06;1.15595e-06;3.27417e-08;6.12664e-06;0.999772;1.26336e-06;0.000138276
9.12287e-07;0.321698;7.23479e-10;1.0439e-07;2.4823e-09;9.62586e-08;1.00402e-06;1.75908e-06;4.12266e-09;1.68213e-08;9.94997e-08;1.03937e-06;0.678297;4.27669e-07
7.50938e-07;0.0151536;0.00694953;4.28747e-07;1.26612e-06;4.02302e-05;3.69638e-08;0.000204803;2.69825e-09;7.65384e-08;7.73718e-09;0.12874;0.848846;6.28948e-05
6.54755e-08;2.56935e-05;3.66925e-08;8.16648e-06;1.73257e-05;0.971082;5.66103e-07;1.04429e-05;1.13556e-07;7.95777e-06;1.99698e-07;4.42448e-07;0.0246729;0.00417443
3.19623e-05;0.0259933;0.532214;3.11583e-05;6.3696e-07;0.00241761;0.000275766;1.00555e-06;2.35169e-08;0.000157759;5.50426e-07;0.0013534;0.437284;0.000238719
2.20063e-10;3.30652e-09;1;1.99653e-10;3.84061e-10;8.45349e-09;2.95302e-07;1.34639e-09;8.92567e-11;1.54608e-08;8.95675e-10;1.54755e-11;9.08978e-12;3.05392e-11
3.22226e-10;1.19853e-09;1;4.08023e-10;1.12837e-10;1.14792e-09;1.30363e-09;1.92454e-08;1.01119e-09;2.93204e-11;2.80209e-09;5.65706e-08;1.8082e-09;9.21839e-13
8.59609e-07;0.000634761;0.0140036;8.89734e-06;5.31298e-06;1.0101e-05;6.47067e-08;0.000173175;1.28155e-05;4.73459e-07;3.85115e-05;0.982782;6.66196e-05;0.00226245
1.25829e-06;0.936364;1.31423e-07;2.74408e-07;3.13614e-06;0.000128952;3.36063e-07;2.82684e-05;1.52159e-07;1.18084e-07;1.79713e-06;9.27907e-07;0.0631314;0.000339235
5.52586e-08;0.0908756;3.48445e-08;3.57895e-08;1.48478e-06;1.13068e-05;2.96942e-06;4.15451e-06;3.5556e-11;2.65937e-06;7.69363e-10;2.46126e-06;8.06045e-06;0.909091
6.82146e-11;3.35395e-09;1;1.46683e-10;2.50447e-08;1.8645e-08;1.44922e-10;3.3929e-09;2.70336e-12;8.31772e-12;5.67086e-11;1.4326e-07;3.32067e-10;7.26882e-09
1.38309e-09;0.999146;1.23986e-10;1.81444e-09;1.33929e-08;2.6074e-08;2.65638e-05;4.41198e-05;1.77223e-09;6.02394e-08;1.25486e-09;5.93034e-12;2.84647e-05;0.000754598
6.6663e-12;3.49405e-09;1;6.98307e-11;1.25241e-10;4.80032e-11;8.76572e-11;1.48346e-08;4.00577e-13;2.5857e-11;1.84696e-12;6.34298e-08;1.50996e-12;2.30177e-11
0.000202207;0.0412391;0.00405089;0.00782985;0.00124739;0.339584;0.0031185;0.0545283;0.00584929;0.000510095;0.0160184;0.109056;0.32523;0.0915364
1.88913e-06;0.00485452;1.07366e-07;1.70834e-07;1.59927e-07;3.18838e-08;1.01047e-07;0.995128;1.16768e-06;9.92702e-09;4.82828e-07;8.60239e-06;4.72655e-06;6.91075e-08
4.24216e-08;0.962096;4.58304e-09;7.13303e-08;7.16839e-08;2.06708e-09;4.51209e-07;7.63962e-08;3.30372e-10;5.65415e-06;2.707e-10;9.36626e-07;1.84405e-09;0.0378963
8.46068e-08;7.54097e-07;0.999989;2.07793e-08;1.40084e-07;7.27421e-07;2.4555e-07;1.1722e-07;2.70441e-09;2.5896e-09;7.37952e-08;8.94749e-06;1.17752e-07;9.42256e-08
4.22504e-06;0.990249;1.78094e-08;2.29787e-08;8.92082e-08;5.05399e-06;1.28259e-07;1.1682e-05;1.25326e-08;3.78321e-08;5.83037e-09;2.26613e-05;0.00968644;2.08614e-05
0.00021994;0.00636709;1.60895e-05;4.8993e-06;0.00120966;0.00010637;6.11843e-08;0.0286587;2.34297e-05;3.65221e-07;3.8842e-07;0.958466;0.00453724;0.000389429
0.00139484;0.076784;5.47344e-07;1.5761e-05;0.000652127;9.27166e-05;2.17834e-07;0.89189;0.000720409;9.36164e-06;2.24216e-06;0.000129022;0.0280144;0.000294553
8.16904e-05;0.983925;6.32349e-08;1.15625e-06;2.75961e-08;2.80654e-08;0.014232;0.00137463;7.82533e-05;0.000299244;2.37234e-06;2.72641e-08;3.17589e-06;2.11434e-06
9.61663e-09;1.396e-09;1;9.31834e-09;5.98074e-09;6.34488e-09;1.49275e-07;4.67855e-09;2.21743e-08;1.5918e-08;1.01982e-08;1.47031e-07;3.02132e-12;3.76189e-11
2.43703e-05;0.997349;1.41101e-07;1.38728e-05;1.05314e-06;2.87871e-07;3.10188e-06;0.002102;4.02307e-05;6.04775e-07;1.84651e-05;0.000135606;0.000310557;2.38604e-07
1.30743e-06;0.000218744;7.4249e-11;3.98292e-08;1.55036e-07;5.81066e-09;5.31344e-08;0.999745;9.16117e-06;4.20266e-08;3.46946e-07;6.63351e-08;2.47547e-05;3.87395e-07
9.9974e-05;0.971355;1.64901e-06;1.14283e-05;4.33629e-07;7.76639e-08;0.0249482;0.00210021;0.000322005;0.000337328;3.19549e-05;9.76075e-05;4.64278e-07;0.000693632
9.58152e-09;5.57116e-08;0.999996;2.65252e-08;8.04816e-09;1.70825e-10;8.38811e-08;1.16203e-06;4.25714e-08;3.03893e-10;6.30601e-07;1.47323e-06;6.84678e-10;4.86445e-11
1.57876e-06;0.700892;7.34167e-08;1.66364e-06;3.77075e-08;6.68371e-08;1.48564e-06;0.0275662;5.78921e-06;1.27648e-08;0.00010888;0.0074055;0.264015;2.51023e-06
2.40137e-07;0.00137933;6.8464e-10;3.5273e-05;0.000816798;0.000103851;3.13294e-07;0.00443273;1.97769e-07;1.34495e-06;4.60421e-05;5.07491e-05;0.991339;0.0017945
1.76648e-06;0.00152437;1.37856e-05;2.1495e-06;1.6636e-07;4.55609e-08;1.62412e-08;1.17668e-05;1.50765e-06;1.04731e-08;1.0918e-05;0.990853;0.00757741;2.99931e-06
3.79224e-05;0.0643749;1.45134e-06;9.08795e-05;4.31882e-05;0.000139498;4.90216e-06;0.00840785;9.7407e-05;2.15854e-06;0.000219114;0.0166432;0.909777;0.000160265
8.52515e-06;0.0014796;6.36638e-06;7.86542e-06;1.22523e-05;2.64905e-05;2.65728e-08;0.000186136;4.64889e-06;2.84946e-07;1.44334e-05;0.990918;0.00719722;0.000137843
1.04865e-06;0.988958;1.00574e-07;2.53882e-07;6.03509e-05;5.88904e-06;2.671e-06;0.0109242;7.19841e-08;1.86065e-06;2.45312e-07;1.53711e-06;2.36946e-05;1.97865e-05
0.000109776;0.00342839;0.0319458;6.67134e-05;0.0195621;0.000717295;2.56033e-08;0.000963186;1.79399e-07;3.39231e-06;2.82615e-06;0.935766;0.00020503;0.00722889
3.6403e-06;0.99598;1.3338e-08;7.48785e-08;2.18662e-06;1.03797e-06;0.000105476;0.00349277;7.2942e-06;2.83779e-07;2.72456e-06;1.24215e-08;0.000372035;3.20166e-05
1.63217e-08;1.11195e-08;1;2.32247e-09;2.38798e-08;3.52332e-09;3.6747e-09;8.22606e-08;5.07809e-09;2.78669e-09;4.51958e-09;1.20786e-07;2.39272e-09;2.75372e-10
3.57381e-06;0.00342087;0.975976;3.69516e-07;3.71937e-07;1.35118e-06;3.14247e-07;7.15753e-05;1.01352e-05;1.23172e-07;4.83005e-07;0.0204589;6.52336e-06;4.93527e-05
6.36625e-07;0.0149563;8.01188e-08;2.10108e-07;9.5714e-05;9.30987e-05;6.74616e-05;5.82215e-05;1.69626e-06;2.54257e-05;2.54762e-07;1.90009e-09;2.23864e-05;0.984678
9.09435e-09;1.93445e-09;0.999975;5.40198e-10;9.5472e-09;5.18792e-10;6.70488e-10;6.10949e-08;1.18591e-09;2.71919e-11;6.1201e-10;2.5158e-05;3.40832e-11;5.10006e-12
6.95187e-05;0.0225947;3.04978e-07;3.3247e-06;7.75612e-05;3.75949e-05;1.21139e-05;0.973817;0.00140317;2.39686e-07;4.4215e-05;0.000261069;0.00167175;7.59507e-06
2.43631e-07;0.997023;4.62958e-08;2.03324e-08;3.96939e-08;2.75826e-08;2.7862e-08;8.6369e-06;1.10754e-09;5.54103e-09;4.33419e-09;1.12404e-05;0.00295591;4.82733e-07
1.01346e-08;0.000158461;1.56839e-08;5.61378e-08;3.40598e-07;3.18942e-08;2.29754e-10;4.70936e-05;2.06862e-08;8.09865e-10;4.39904e-08;0.999753;1.57835e-06;3.91898e-05
4.85138e-06;0.964485;5.68803e-09;7.1678e-06;3.26915e-06;2.88376e-07;2.89325e-06;0.00110101;3.6319e-06;1.12721e-07;1.02839e-05;0.000172267;0.0341871;2.18058e-05
9.25616e-07;0.043128;7.71388e-07;6.25799e-07;1.30471e-07;3.3451e-06;3.30156e-08;0.0021577;2.14631e-07;8.95256e-09;2.07445e-07;0.929829;0.0246002;0.000278312
1.06056e-06;0.0152494;1.57112e-09;8.43337e-06;0.0019309;0.00244541;1.21635e-07;0.00577367;5.17993e-08;3.74241e-07;2.09305e-07;0.000420084;0.966491;0.00767968
1.10973e-05;0.0109114;1.57274e-06;1.40348e-06;8.77714e-07;0.000306064;1.11289e-07;8.17548e-05;1.4412e-06;2.7067e-07;1.35777e-06;0.000603886;0.988076;2.79936e-06
2.58766e-06;0.00231546;0.992023;6.98647e-06;4.60218e-07;1.54638e-05;4.43847e-06;1.38371e-07;1.77065e-08;3.33695e-05;7.74791e-08;0.00547983;6.20964e-05;5.65182e-05
3.96328e-09;7.48059e-09;1;5.94425e-09;1.44947e-08;6.075e-09;1.22352e-07;2.09118e-08;5.21518e-09;4.73579e-09;1.20047e-07;8.91093e-08;6.02847e-11;9.91902e-10
2.16805e-06;0.00559814;3.12239e-08;5.02162e-08;7.15148e-05;1.43043e-05;6.51963e-06;0.992627;7.73368e-06;2.32419e-06;4.51433e-06;8.3296e-07;0.00166053;3.98748e-06
4.33236e-09;1.5726e-09;1;1.74457e-09;1.89486e-09;4.29943e-10;9.38472e-09;1.76009e-08;1.84455e-09;2.61474e-09;1.01031e-08;2.48986e-07;1.56544e-10;1.85109e-11
2.88629e-06;9.58289e-05;0.00153318;1.60176e-06;2.57384e-06;1.28404e-06;1.29267e-07;3.07039e-05;2.12322e-05;1.64849e-07;4.20988e-06;0.998281;5.87655e-06;1.89396e-05
0.000265656;0.690071;3.90862e-05;9.52202e-07;0.000402944;2.96807e-05;2.98818e-05;0.090159;0.000110842;2.65082e-06;6.62621e-05;5.8958e-05;0.218658;0.000105074
1.03361e-05;0.00760117;1.0084e-05;3.28817e-07;0.000324745;1.72135e-06;7.62593e-08;0.000382816;7.32137e-06;6.91221e-08;5.8198e-08;0.990563;0.000727349;0.000371434
9.15757e-05;0.0977493;7.97769e-09;3.3659e-05;0.00128957;1.55346e-05;3.89286e-08;0.898061;0.00194591;3.34745e-07;9.62472e-07;3.2162e-05;0.000731513;4.88091e-05
1.82754e-08;2.10829e-06;2.58968e-11;4.62813e-12;1.50214e-08;2.76524e-12;1.29928e-12;0.999997;2.3295e-10;9.64626e-12;1.00925e-12;1.90512e-07;3.80452e-07;8.27102e-11
5.39544e-07;0.00341893;7.41656e-06;5.85104e-06;0.00477032;0.00044273;4.21843e-07;0.00475787;5.10936e-08;0.000107271;1.7943e-08;4.26346e-05;0.000653438;0.985792
6.81255e-09;1.37332e-08;1;8.77976e-09;6.29612e-10;7.77951e-11;8.56956e-09;1.2118e-07;9.72354e-09;5.57604e-10;5.33946e-08;2.01779e-08;1.0155e-09;1.17985e-10
3.60718e-07;8.14525e-05;0.996648;1.38814e-06;1.0781e-07;1.04205e-08;7.6355e-07;0.000239462;1.1385e-06;5.22933e-08;2.09591e-06;0.00301398;1.79049e-07;1.05926e-05
1.25523e-07;0.000374804;0.000922174;9.99324e-07;2.48036e-05;4.50931e-05;2.13243e-08;4.92367e-05;7.71726e-09;4.31423e-07;3.42456e-08;0.000515749;5.71806e-08;0.998066
2.56383e-07;0.998758;1.76984e-08;1.80711e-08;9.48147e-08;3.961e-07;1.38395e-08;0.000387282;4.13877e-10;1.05282e-09;1.72233e-08;1.53326e-05;0.000837912;1.07892e-06
1.16356e-06;0.319933;1.19969e-05;0.000307103;7.74079e-05;4.9963e-05;3.30549e-07;0.252214;3.22138e-05;5.3599e-06;1.02473e-05;0.0339923;0.0296216;0.363744
2.58741e-06;0.21468;5.23379e-08;1.4023e-05;3.97076e-07;5.71135e-08;4.90189e-07;0.012441;1.58039e-07;1.97885e-07;0.000444952;0.770825;0.00158777;3.76662e-06
5.53841e-06;0.969372;4.19283e-07;1.12467e-06;1.25346e-07;6.83652e-08;0.0296286;3.87543e-06;1.37782e-08;9.40816e-05;1.07334e-06;4.79709e-07;2.65038e-05;0.000865874
1.03501e-08;1.10032e-08;0.999998;3.93782e-09;3.2615e-09;4.935e-11;1.00802e-06;8.82748e-07;2.22863e-09;7.27506e-09;3.7332e-08;5.64606e-08;1.18568e-10;1.24632e-11
0.00019207;0.899471;0.010907;0.000262986;0.000116079;3.91247e-05;5.94607e-05;0.000941353;4.15363e-05;2.74833e-05;0.000406993;0.0123452;0.07435;0.000839414
9.91699e-06;0.317022;6.65286e-06;6.65118e-07;4.33765e-07;4.10112e-08;2.42705e-05;0.600169;2.63816e-05;1.84678e-07;0.000619217;0.0304611;0.0516597;6.39976e-07
1.89762e-06;0.219312;1.30819e-07;6.08594e-05;0.00116445;0.0309023;7.67931e-07;0.0119493;6.37595e-07;5.40394e-06;1.83703e-06;0.000154154;0.723737;0.0127088
1.61112e-06;0.000692837;5.16442e-11;1.242e-06;2.0253e-06;6.92311e-06;7.72794e-08;4.97494e-05;9.56063e-07;1.16736e-07;1.68068e-05;0.00414035;0.995064;2.36893e-05
3.59868e-05;0.0086205;0.000116078;7.64157e-06;1.49027e-05;5.13517e-06;2.71809e-07;0.000596111;3.48844e-06;1.10305e-06;1.0746e-05;0.977309;0.0132679;1.13361e-05
5.70966e-06;0.0243317;6.68082e-06;1.81026e-06;0.000478744;7.6799e-05;1.92206e-06;0.97168;2.39478e-06;1.3597e-06;6.87725e-07;0.00279909;0.000438867;0.000174403
0.000394952;0.044418;4.69599e-08;4.90643e-05;0.000237683;5.63472e-06;1.4246e-05;0.879002;0.000331269;7.5677e-06;0.000831831;0.016007;0.0586847;1.64359e-05
1.47118e-06;7.38397e-06;1.4024e-10;4.27478e-10;1.63046e-07;2.80533e-11;2.03142e-09;0.999991;6.80729e-08;4.23075e-10;1.45078e-09;5.06115e-08;1.28723e-07;1.06184e-08
1.10812e-06;0.0063476;1.93962e-05;1.40394e-05;0.00338374;0.000355623;1.47799e-05;0.00470955;3.95904e-07;0.000140376;3.4308e-07;2.6428e-05;0.000132972;0.984854
3.00278e-09;1.52012e-08;1;1.12395e-08;1.78484e-10;1.17875e-10;2.31897e-08;1.00046e-08;6.42052e-09;5.08954e-10;1.05141e-07;8.58438e-09;3.78945e-09;2.84235e-11
2.06576e-07;8.01463e-05;0.998867;2.04057e-06;6.27346e-08;1.70545e-08;8.64115e-07;0.000298447;5.31245e-07;4.4352e-08;1.75946e-06;0.000743806;5.73286e-07;3.98752e-06
8.18246e-08;9.3892e-05;9.00522e-05;8.00676e-07;2.41002e-05;3.17383e-05;4.81112e-09;2.41448e-05;3.23317e-09;8.02294e-08;3.64538e-08;0.000187809;1.74645e-07;0.999547
3.08025e-07;0.998302;8.53307e-09;1.39843e-07;1.19066e-06;1.14073e-07;4.5858e-09;0.000415603;1.07508e-08;8.41715e-10;6.79857e-07;0.000624777;0.000654859;6.74621e-08
3.9852e-09;0.999913;4.90779e-12;6.65353e-09;1.38204e-09;4.08316e-09;1.65848e-06;3.48819e-05;1.44861e-11;3.09715e-07;2.6635e-10;1.23444e-10;3.59498e-05;1.39908e-05
2.40581e-12;2.54298e-10;1;1.14502e-10;5.41231e-10;2.72303e-11;4.39666e-12;4.52942e-10;1.82369e-15;6.19146e-12;1.24357e-12;1.36662e-07;3.18653e-14;2.04554e-12
2.60461e-05;0.633832;4.73317e-06;0.00212413;4.54707e-05;6.76605e-05;0.00508383;0.312917;0.000277568;1.03478e-05;0.00226509;0.000638856;0.042279;0.000427871
2.08075e-05;0.929633;4.15604e-08;0.000621875;2.22095e-06;4.84953e-05;0.000352726;0.00039916;8.95254e-05;4.29281e-06;0.0129945;3.68641e-05;0.0556303;0.000165991
1.03913e-05;0.000531052;5.52395e-09;9.02145e-08;0.000233018;2.08427e-07;5.28371e-09;0.999165;8.73172e-08;4.99881e-07;3.08054e-08;9.14496e-07;5.34767e-05;5.6509e-06
2.35742e-06;0.00125567;0.994165;1.62814e-05;9.83505e-06;0.000162328;8.9061e-08;4.94148e-07;1.51556e-07;4.60264e-05;6.37181e-07;0.00419697;0.000122232;2.22098e-05
5.92451e-08;0.00285958;2.36761e-10;2.57817e-08;5.26925e-10;5.80399e-09;0.996745;1.02776e-08;1.72012e-06;0.000329281;6.33882e-05;2.13938e-10;4.86278e-07;9.38829e-07
1.09407e-09;5.09366e-10;1;7.34976e-09;8.60655e-11;1.78529e-09;8.84427e-08;1.81862e-10;3.26467e-08;7.95047e-09;9.27865e-08;4.26192e-08;7.6786e-13;1.17303e-12
0.000709013;0.964125;1.99866e-06;0.000473935;2.63675e-05;0.000146002;0.000429085;0.00304022;0.00584624;3.29603e-05;0.00997366;0.0041489;0.0108571;0.000189474
4.42377e-06;0.00285798;4.18542e-09;4.90311e-08;1.62573e-05;1.86245e-07;2.93541e-08;0.997074;3.8629e-07;2.54517e-07;2.11792e-08;2.58203e-06;4.11078e-05;2.39061e-06
2.28111e-07;4.30966e-06;0.995695;2.95202e-06;6.75485e-06;7.56354e-06;6.3888e-09;5.1448e-07;3.58623e-09;4.10714e-06;4.38729e-08;0.00427534;1.09804e-06;2.12617e-06
1.74308e-08;1.26937e-05;9.55863e-10;1.32141e-08;3.05779e-12;1.35672e-09;0.999786;2.35184e-10;1.16101e-06;0.000193771;6.18313e-06;7.35043e-13;1.88704e-08;9.41403e-09
1.4417e-10;1.32593e-12;1;1.30957e-10;7.62991e-12;1.53292e-11;7.01089e-08;8.03583e-11;8.65452e-09;1.21117e-09;1.5807e-08;1.12038e-10;1.89312e-15;5.57805e-15
