4.95778e-07;0.998004;2.14421e-09;1.25872e-07;8.847e-10;1.17733e-08;2.23594e-06;4.73865e-07;3.58805e-07;8.85489e-09;6.16811e-07;2.10335e-05;0.00197063;3.14098e-08
7.02763e-06;0.971992;1.58196e-09;0.00024033;1.9583e-05;5.19529e-05;1.45894e-07;0.000488957;5.53473e-05;8.42589e-07;2.12335e-06;0.00729753;0.00133521;0.0185087
8.46925e-05;0.00515737;4.14603e-08;1.22894e-05;1.70254e-05;7.07697e-06;3.79974e-08;0.00113262;1.59077e-05;9.04151e-07;8.58799e-06;0.990609;2.67517e-05;0.00292754
5.36009e-07;0.979165;0.00073777;1.4605e-06;5.45291e-05;1.067e-05;2.29407e-09;8.27475e-05;3.61113e-10;2.73849e-07;1.72439e-08;0.000292611;0.0196478;6.6591e-06
2.05747e-05;0.572562;1.0312e-06;0.000131612;4.93487e-05;0.00961258;0.000133926;0.0311174;0.000803866;0.00023097;0.00162408;0.0383078;0.343379;0.00202543
0.000115326;0.112448;0.156895;0.0010326;0.000187194;0.00431733;0.00364881;0.000605068;3.37227e-06;0.00424165;3.3081e-05;0.712458;0.00329005;0.000724349
1.62754e-08;1.96624e-08;1;2.26648e-09;1.88437e-09;1.51761e-08;4.6571e-08;2.59742e-09;1.57733e-09;7.8936e-10;7.71984e-09;1.80571e-07;2.01014e-10;2.3961e-10
1.7509e-06;0.996905;4.28307e-07;3.49602e-08;1.50108e-08;2.51035e-07;3.34463e-06;8.7662e-06;1.28527e-07;2.72157e-08;7.30825e-07;0.000563849;0.00251254;3.1887e-06
1.95051e-05;0.186997;1.24563e-05;0.000285011;0.00225318;0.000877723;0.0556703;0.029738;0.000438176;0.0150951;0.0004059;0.000284018;6.45727e-05;0.707859
4.46354e-09;1.52848e-07;0.999999;2.25121e-08;1.4476e-09;3.06739e-09;4.86343e-07;7.42506e-08;3.24941e-09;8.30239e-09;5.91181e-08;4.48416e-07;2.96911e-10;4.29829e-11
3.05506e-05;0.597108;0.000144123;3.3298e-05;6.45533e-06;1.3381e-05;7.59696e-05;0.000288552;3.23146e-05;9.28207e-07;0.00028129;0.400767;0.000849661;0.000368098
5.18603e-06;0.98514;6.57853e-07;5.56091e-06;9.93774e-07;3.77303e-06;2.62938e-05;0.00403998;2.61995e-06;1.28202e-06;2.97247e-05;0.000348666;0.010287;0.000108239
5.73924e-07;0.019559;1.06745e-05;1.5867e-06;2.19347e-08;6.07381e-07;7.95829e-08;5.43564e-06;1.83818e-08;1.08787e-07;3.94096e-08;0.980139;0.000180135;0.000103034
6.80879e-07;0.989848;8.21275e-09;1.18485e-06;1.12038e-08;4.02568e-06;0.00119105;0.000912395;5.12427e-06;1.45763e-05;3.42803e-06;4.28371e-08;0.00515804;0.00286141
1.14652e-10;3.28674e-10;1;4.38353e-10;1.93283e-10;7.99947e-10;1.13089e-08;1.48665e-09;5.20408e-11;2.36286e-08;6.7303e-10;1.15441e-09;5.81333e-13;8.60262e-11
3.11042e-08;7.28288e-08;0.999997;8.56286e-09;6.30101e-10;2.46938e-09;3.56047e-09;1.48629e-06;2.76116e-08;3.78345e-10;2.25575e-08;5.22647e-09;9.67393e-07;1.04597e-11
4.45841e-08;3.18918e-05;0.964688;1.68755e-07;1.55855e-07;1.17026e-09;3.02037e-09;1.41176e-05;1.13763e-08;9.87486e-09;4.95718e-08;0.0348605;5.33502e-09;0.000404593
9.60821e-08;0.000131493;8.31755e-05;1.31222e-06;0.042712;0.000150999;3.05814e-08;0.0184781;8.02125e-09;5.67867e-06;3.08092e-08;2.22099e-06;2.68528e-07;0.938435
5.67776e-07;0.00190212;0.0135668;0.00014745;0.000305223;0.00131961;3.73005e-07;1.28624e-06;2.44222e-08;2.00051e-06;6.76995e-05;0.981723;0.000846988;0.00011642
2.21208e-05;0.992598;4.63106e-07;4.90533e-05;6.3251e-05;2.39554e-05;7.3159e-05;0.00701079;3.85373e-06;6.70506e-07;2.53748e-05;4.81278e-05;6.11318e-05;2.02082e-05
0.000212311;0.480651;4.15244e-07;0.00111616;0.00947621;6.46969e-05;3.70666e-06;0.425295;8.78433e-05;1.9318e-05;8.32155e-06;0.082649;9.65327e-05;0.000319458
2.02401e-05;0.952299;1.89299e-05;1.41576e-05;6.99574e-06;4.02015e-06;1.51383e-07;6.30736e-06;2.80717e-08;1.27392e-06;1.93725e-07;0.00799885;0.0394554;0.000174206
0.000352293;0.199303;1.70875e-07;4.67781e-06;4.16063e-05;0.000222416;2.48158e-05;0.00525668;5.44384e-05;1.20355e-07;4.72293e-05;0.692468;0.100952;0.0012718
8.18148e-05;0.169106;4.54817e-07;1.83312e-06;0.00770294;0.00212983;1.10239e-05;0.429061;1.02202e-07;2.45501e-06;1.2309e-07;0.00770636;0.360318;0.0238784
7.40799e-06;0.00874845;2.38098e-07;6.01918e-06;1.80658e-05;0.00222329;9.04585e-07;0.000109881;1.36598e-05;1.48274e-06;1.57869e-06;3.23583e-05;0.875806;0.11303
2.40433e-06;0.00399063;0.993563;5.41356e-05;1.06017e-06;5.42617e-06;0.000158242;2.90261e-07;1.43998e-07;0.000201597;1.26252e-06;0.00199486;5.26093e-06;2.16439e-05
9.62436e-08;1.67546e-07;0.999991;1.46102e-07;3.84522e-08;1.14554e-08;2.84026e-06;4.02905e-08;1.18021e-07;4.9892e-08;4.41013e-06;7.17835e-07;2.4436e-09;3.79392e-09
2.03335e-07;0.00224035;3.54668e-11;3.16018e-08;8.08062e-06;1.11585e-09;5.56314e-07;0.997747;2.00718e-06;1.24497e-07;2.909e-07;5.01504e-07;1.8609e-07;5.25491e-07
3.98529e-07;0.00155675;0.991402;2.88091e-06;7.95576e-06;1.82308e-06;3.45946e-08;7.86397e-06;4.9155e-09;4.49414e-07;3.33713e-07;0.00691253;0.000105123;2.12718e-06
2.54667e-05;0.0243715;2.16848e-09;4.21909e-07;0.000143859;4.53157e-06;8.74571e-07;0.929633;3.27424e-05;1.2931e-07;0.000122459;0.000154752;0.0455065;3.5853e-06
4.29344e-05;0.991725;0.000185759;2.76294e-05;1.40892e-05;3.52101e-06;0.000128048;0.00743702;1.79976e-06;0.000120217;3.92447e-07;4.17757e-06;9.84784e-05;0.000210989
1.46188e-08;2.31486e-07;0.999998;5.79192e-09;5.92588e-10;3.49929e-10;8.43071e-09;1.50981e-06;4.08308e-09;1.10302e-09;1.46401e-08;1.56941e-07;6.50409e-09;5.00406e-11
9.8612e-08;0.000115331;0.989522;5.85909e-08;3.20354e-08;1.18108e-07;3.38113e-08;3.72665e-06;1.97551e-09;5.64825e-08;3.51638e-08;0.0102833;7.54328e-08;7.55424e-05
5.52698e-08;0.000717319;7.58309e-06;1.05946e-06;0.0069111;0.0315062;2.47005e-09;6.08608e-05;6.74202e-08;2.78479e-08;1.5835e-06;3.74896e-05;0.000249278;0.960507
7.42179e-06;0.904628;5.31339e-08;5.55661e-07;2.3672e-07;1.22312e-06;1.25853e-05;0.00188671;5.20136e-08;7.88489e-07;1.33085e-06;6.88457e-05;0.0929385;0.000454175
4.35837e-12;1.13473e-11;1;1.67018e-12;1.23085e-10;1.32297e-11;1.77918e-13;1.19518e-10;1.91383e-14;9.42933e-14;7.30385e-14;9.71484e-09;1.56274e-12;4.23615e-13
7.14462e-06;0.22028;5.74454e-05;5.14926e-05;0.000207536;0.000123941;6.13599e-06;0.75764;7.83333e-05;5.97468e-07;2.25896e-05;0.00103855;0.0190725;0.00141307
7.46038e-06;0.0579262;1.26004e-07;3.88079e-05;9.07395e-05;0.00209655;5.04166e-07;0.0919597;1.28631e-05;1.64188e-05;1.57772e-05;0.00157418;0.846099;0.000162062
1.97469e-05;0.0776844;0.000557764;6.13234e-05;0.000653162;0.000159256;1.48629e-05;0.00684538;4.61702e-07;1.82131e-05;8.20197e-05;0.911195;0.000802629;0.00190625
4.74421e-05;0.285326;1.46663e-05;7.85784e-05;0.0701103;0.00077347;3.045e-06;0.619962;2.66158e-07;5.03928e-05;9.78213e-06;0.00726781;0.00257365;0.0137828
1.49798e-06;0.00844797;3.03022e-08;3.7539e-06;1.007e-07;2.10258e-08;0.986062;1.55963e-07;2.75189e-06;0.00537494;3.61151e-05;1.02256e-08;5.21975e-07;7.07258e-05
7.01073e-08;1.65823e-09;0.999973;3.01564e-08;3.96255e-09;1.03004e-10;1.88206e-05;3.63367e-09;7.55245e-07;1.32372e-08;7.23532e-06;4.24048e-09;5.63081e-12;3.82533e-12
5.80013e-06;4.35244e-05;1.49128e-08;1.57169e-09;1.42957e-07;5.82933e-10;2.52247e-08;0.999823;0.000126276;2.50879e-09;5.97565e-07;1.34466e-07;7.40656e-07;1.62751e-09
5.77573e-06;0.000294078;9.35804e-08;2.55826e-05;0.00109609;0.000217422;2.94468e-07;0.000164667;0.000226191;3.11776e-06;0.000220205;0.0426115;0.000910982;0.954224
1.63312e-05;0.00682199;6.81277e-08;3.10851e-06;0.000276064;1.48832e-08;1.42274e-05;0.992639;0.000115696;3.31106e-06;4.74473e-05;1.16231e-06;4.36543e-05;1.76133e-05
4.42694e-06;0.000530384;0.983333;0.000367742;0.000118732;1.3256e-05;2.99389e-05;1.48532e-05;1.51011e-05;8.51555e-05;0.000297528;0.000409582;0.0146352;0.000145378
8.16289e-05;0.992623;1.47989e-05;7.77598e-06;0.000651646;2.94971e-05;0.00011782;0.000323696;2.74939e-05;8.41366e-07;0.00015212;0.00165438;0.00107784;0.00323729
0.000154389;5.46219e-05;6.52153e-06;4.57451e-05;0.0132825;9.51078e-05;4.79811e-08;0.985114;0.000210181;1.65713e-06;1.51472e-05;0.000705144;6.19471e-05;0.000252827
0.0010269;0.872261;7.32911e-08;2.10625e-06;2.30253e-06;1.96118e-06;9.94924e-06;0.00445516;0.000931068;2.0493e-07;0.000174226;9.84353e-06;0.121125;1.91467e-07
5.895e-05;0.981024;8.48007e-08;0.000176888;0.000882235;0.000104529;2.65079e-08;0.0072239;0.000110107;4.73985e-06;3.795e-06;0.00566603;0.00446548;0.000279585
2.07142e-06;5.75412e-05;0.999728;8.01575e-08;1.5601e-05;2.4354e-08;7.70589e-09;3.19558e-05;1.28649e-08;4.30675e-08;2.53183e-08;0.000160596;4.00797e-07;3.62167e-06
1.29967e-06;0.999043;4.93736e-08;1.12027e-06;1.07731e-05;4.08062e-07;0.000231966;8.62301e-07;6.33496e-08;7.81461e-05;1.02376e-07;2.28003e-08;3.71644e-07;0.000632114
1.08738e-07;1.19353e-08;0.999991;6.65958e-09;9.8845e-09;5.09218e-11;2.72808e-06;8.01373e-08;2.39823e-06;5.5234e-10;3.50144e-07;2.93856e-06;4.58028e-11;6.85239e-12
0.000238349;0.000158286;5.58777e-09;1.68679e-05;7.12838e-06;1.74979e-06;0.00278136;0.00212995;0.987383;1.40408e-07;0.00718984;6.09605e-06;8.49668e-05;2.34612e-06
8.6362e-06;0.00423266;2.27886e-09;2.22885e-06;2.0133e-05;5.17107e-08;2.26901e-08;0.994976;0.00027938;9.90587e-08;1.96625e-06;0.000474847;1.31375e-06;2.80683e-06
1.34274e-06;0.998907;7.73005e-09;4.79421e-06;4.65416e-08;1.88647e-07;3.64559e-06;8.11481e-05;1.31474e-05;1.30046e-05;4.46559e-07;0.000106168;0.000847781;2.11712e-05
2.86965e-05;4.05917e-05;2.20386e-05;2.37731e-05;4.15331e-06;2.31695e-07;2.64217e-08;4.48086e-06;1.71825e-05;4.45955e-08;3.04922e-06;0.999825;2.77279e-05;2.50273e-06
0.000150107;0.000105178;3.80832e-10;8.63697e-06;5.37031e-07;5.07219e-09;8.98843e-06;0.000860605;0.997034;2.68796e-07;0.00180368;6.16334e-06;2.05323e-05;8.74932e-07
0.000149288;0.080369;1.17029e-05;1.62193e-05;3.44979e-05;2.39626e-05;4.22088e-07;9.92772e-06;1.116e-05;5.80219e-06;4.11702e-06;1.35539e-06;0.919226;0.000136286
5.4997e-06;0.000716396;1.97457e-05;5.2722e-07;1.93674e-06;2.82762e-08;5.32978e-08;4.36474e-07;6.33209e-06;7.1658e-09;3.3896e-06;0.999145;9.02047e-05;1.0001e-05
0.000146418;0.0132466;2.40494e-06;2.07561e-07;0.00020066;6.1882e-06;1.87397e-07;0.986237;2.6392e-05;1.81226e-07;6.28055e-07;1.78565e-05;9.27245e-05;2.22327e-05
5.07043e-07;3.70438e-05;2.23198e-09;4.72262e-08;1.65258e-09;4.41562e-05;1.41462e-06;2.53527e-07;4.58729e-05;1.62343e-07;2.02825e-05;3.91786e-09;0.99985;1.63257e-07
1.60031e-07;8.71481e-06;0.99999;6.72564e-08;7.61753e-09;7.216e-09;3.38106e-09;1.34487e-07;1.76479e-08;2.71315e-08;3.09465e-09;1.07976e-06;1.38996e-09;3.17123e-08
5.12937e-06;0.98237;2.35762e-06;3.1623e-05;1.86311e-05;5.0605e-05;1.41303e-05;0.0122628;0.00242941;3.28949e-06;0.000691106;7.64454e-06;0.00207543;3.77108e-05
