3.22576e-06;0.997761;2.84305e-08;5.21466e-08;4.20087e-08;1.51176e-07;0.00135688;7.1948e-06;6.16031e-08;0.000137266;4.4831e-08;1.70779e-07;0.00013743;0.000596641
7.45552e-10;2.94109e-10;0.999902;6.80772e-10;2.55421e-08;2.12106e-09;5.93907e-09;5.03206e-09;2.07914e-09;1.01692e-09;7.54216e-09;9.75275e-05;1.58999e-12;4.72034e-11
3.06954e-07;0.998245;2.45794e-11;3.17281e-08;9.85454e-08;2.53755e-08;0.00050841;0.000284392;1.59787e-07;4.67401e-06;1.35123e-07;4.65379e-10;0.00086562;9.15917e-05
1.21647e-10;1.05461e-09;0.999999;1.16538e-10;1.33231e-08;4.08729e-09;4.06992e-11;8.8951e-10;5.70114e-12;2.50425e-11;8.62141e-12;6.84849e-07;1.22256e-12;1.00396e-10
1.12463e-05;0.988368;8.40539e-07;0.000126115;1.10922e-05;0.000115524;0.000429844;0.000169047;0.000113091;1.25275e-06;0.000161378;9.06088e-05;0.00834343;0.00205889
9.88159e-05;0.0641341;0.000628295;0.000206375;3.71171e-06;6.41373e-05;2.73287e-05;0.933415;4.77623e-05;9.47896e-06;0.000137404;3.93964e-05;0.0011556;3.25532e-05
2.93928e-06;0.935371;3.4091e-05;1.30851e-05;2.2519e-05;6.27159e-06;4.23511e-07;0.000441074;1.87233e-06;1.05098e-06;2.1365e-05;0.0126885;0.0449614;0.00643392
5.73079e-05;0.0199298;3.82714e-06;1.7386e-05;0.0367461;1.15591e-05;7.17433e-05;0.940112;0.000686624;5.18221e-05;0.000334937;0.000799985;0.000517475;0.000659548
0.0230813;0.0348373;0.5264;0.0130301;0.21348;0.0485033;0.00172652;0.0170092;0.00567276;0.00219777;0.00547684;0.0377055;0.0387509;0.0321276
0.00316847;0.995548;1.17487e-06;6.07258e-08;1.91793e-07;3.9313e-08;6.10006e-05;2.07291e-05;8.62169e-05;7.36757e-08;2.17451e-05;0.000365018;0.000726842;6.09758e-07
1.50286e-06;0.00015205;4.85124e-08;6.51485e-07;0.000759332;4.71967e-07;1.79057e-07;0.000583053;7.02842e-05;2.30299e-07;6.72937e-06;0.998266;1.24332e-06;0.000158716
8.29291e-06;0.968875;0.00059771;7.37603e-06;8.37942e-05;1.05719e-05;3.46619e-07;0.000432189;1.55383e-07;1.51591e-06;5.30928e-07;0.000137154;0.029844;1.33635e-06
9.70234e-06;0.00932258;1.51116e-09;3.42655e-07;3.17176e-05;0.000220704;2.20791e-06;2.87349e-05;2.93313e-06;1.2781e-06;3.31421e-06;0.00104833;0.989168;0.000159695
5.08042e-05;0.000142788;0.995946;1.72903e-06;0.000999085;0.000137399;1.56023e-07;0.000200953;3.00026e-08;1.6788e-07;1.47415e-08;9.98702e-05;2.39478e-05;0.00239757
0.000206099;0.707621;2.92975e-05;0.000126926;0.000437222;0.000379966;4.35766e-05;0.00352609;0.000440895;1.61465e-06;0.000108324;0.00525967;0.277296;0.00452383
2.23492e-05;0.79173;1.11546e-07;5.67889e-05;3.21652e-05;0.000117054;2.34496e-07;0.202001;4.69891e-06;5.90491e-06;2.59228e-06;0.000122749;0.000749109;0.00515513
8.5466e-05;0.0142166;1.42339e-07;8.64345e-06;1.49301e-06;5.15784e-06;7.8266e-06;0.0234551;0.000584369;1.3103e-06;0.000970749;0.00186661;0.958796;4.92947e-07
7.39515e-06;0.689658;4.24714e-07;3.08142e-06;1.03606e-08;1.63805e-07;8.64779e-06;4.39132e-06;3.52998e-06;1.22668e-07;1.26939e-06;0.00971685;0.300596;4.87193e-08
5.33973e-06;0.0998031;2.0888e-05;0.00013917;6.70596e-05;4.09781e-05;4.10203e-06;0.00282349;1.32636e-05;6.84093e-06;1.77201e-05;0.888523;0.00648522;0.00205005
2.33618e-06;0.754904;4.07369e-10;0.00100701;2.12732e-05;4.59669e-06;0.219437;1.26169e-05;8.74553e-05;0.0171602;0.00230314;1.27421e-06;1.9011e-05;0.00504078
6.41647e-08;3.14264e-06;0.999987;3.8372e-07;9.95936e-09;4.92399e-08;5.2986e-06;5.10186e-09;3.74423e-08;1.45086e-08;3.13588e-06;2.55338e-07;2.40705e-07;5.6943e-10
2.90604e-06;0.998381;1.54624e-07;8.34823e-08;1.22328e-08;1.10387e-08;2.24082e-07;0.000465832;1.20045e-06;5.52243e-09;7.14243e-07;5.68201e-05;0.00109102;1.30124e-08
6.03011e-06;0.010555;9.1928e-10;1.13522e-05;7.34176e-05;1.20963e-06;0.000178363;3.06226e-05;2.23868e-06;0.0011298;1.8689e-07;0.000508535;1.55607e-06;0.987502
3.68799e-05;0.000240951;0.998009;6.47715e-06;1.66531e-06;2.04024e-07;0.00126827;0.000306745;7.85096e-05;2.23963e-06;4.46695e-05;2.57998e-06;1.78046e-06;1.6961e-08
0.000171729;0.907704;0.00448778;4.62315e-05;0.000376685;7.32795e-06;7.20595e-06;0.00410267;1.04433e-05;3.72474e-06;2.60079e-05;0.00398726;0.0790668;2.09513e-06
9.24686e-05;0.189502;5.07611e-06;1.94565e-06;5.34704e-05;0.000120458;4.46596e-06;0.0182381;4.01812e-05;1.37685e-06;2.15008e-06;0.682125;0.10762;0.00219375
6.47261e-05;0.789046;1.56946e-05;3.40884e-05;0.00183408;0.00127869;9.89626e-06;0.0108667;3.00411e-05;5.83013e-06;4.08047e-06;0.000399974;0.188709;0.00770094
0.000488711;0.390839;4.28667e-08;0.00088424;0.000302349;8.90523e-05;0.00240033;0.0119277;0.124269;7.06142e-05;0.010592;0.00814836;0.383546;0.0664416
5.0306e-06;0.000761932;5.10927e-10;5.1409e-08;3.06325e-05;4.83676e-09;1.06632e-07;0.999054;3.50042e-06;4.36974e-08;1.43821e-07;1.46004e-06;0.000142123;6.95464e-07
8.70727e-07;0.00138682;0.998267;5.76044e-06;2.01691e-05;2.55322e-05;1.28241e-06;3.95743e-05;1.1672e-07;5.94898e-05;3.04983e-07;6.05848e-06;0.000183147;3.92201e-06
1.12876e-08;6.65223e-10;1;2.82767e-10;2.40257e-10;1.4984e-10;2.29788e-09;6.38149e-09;1.42766e-08;3.75038e-11;1.76473e-08;7.33255e-08;4.56219e-11;1.30812e-12
1.93748e-06;0.00152909;0.000293242;1.33259e-07;5.15155e-07;3.99253e-07;2.15356e-08;2.76359e-05;3.89991e-05;3.23042e-08;5.26694e-06;0.998054;1.34881e-05;3.54418e-05
2.1544e-05;0.985275;2.71371e-08;3.443e-08;4.59791e-05;0.000222989;4.75192e-07;0.000188371;4.38284e-06;1.50631e-07;2.64672e-07;5.71006e-06;0.0137471;0.000487619
0.000285772;0.0217502;0.000150717;3.68731e-06;0.02087;6.34809e-05;4.60825e-07;0.0156469;2.40236e-05;1.5826e-06;3.635e-07;0.9367;0.00156605;0.00293706
0.000617398;0.0101196;6.04697e-06;9.63999e-06;5.87563e-05;1.48285e-06;1.02316e-06;0.935506;0.0521764;3.26948e-08;4.60606e-06;0.000775655;0.00071778;5.54733e-06
3.95323e-06;0.11316;1.7654e-07;2.83079e-06;3.53868e-05;8.06424e-06;2.85811e-09;0.00474746;3.53674e-08;4.05889e-08;2.47055e-09;0.000347206;0.881515;0.000180536
1.7031e-08;0.00112571;7.054e-11;2.72464e-08;1.59677e-06;3.57929e-09;3.15897e-10;0.99883;4.64437e-09;1.15031e-08;5.09075e-11;3.6814e-05;2.89903e-07;5.81336e-06
3.20344e-06;0.163562;0.827376;0.000429915;0.000888916;0.000739009;5.22589e-07;1.44658e-05;4.3033e-08;8.16451e-06;6.53897e-07;0.00259526;0.00237377;0.00200805
0.000103803;0.00212185;4.52844e-08;7.98194e-06;5.15396e-06;0.00370679;0.000611807;1.24301e-05;0.000711168;7.53359e-06;0.00130485;1.10875e-05;0.991338;5.79224e-05
0.000445366;0.0069715;0.990668;2.35324e-05;9.57245e-05;8.59322e-06;1.65093e-06;4.68952e-05;8.23898e-07;1.57749e-06;4.40907e-07;0.00147729;1.37315e-05;0.000244778
1.0704e-06;0.992058;2.34508e-09;2.0219e-07;2.60891e-06;3.61318e-06;3.1977e-07;0.000706406;6.19193e-06;8.24822e-09;2.04866e-06;8.57325e-05;0.00712962;4.34967e-06
5.67901e-06;0.986688;1.9932e-05;6.28631e-07;2.14868e-07;6.54338e-09;8.68705e-07;0.00173877;4.88039e-07;2.08316e-07;1.33553e-06;0.00811126;0.00343219;1.75406e-07
1.38814e-05;0.0880615;6.09574e-05;0.000329285;0.00598403;1.24154e-05;1.88784e-05;0.743814;1.92622e-05;2.8632e-05;3.97984e-05;0.140952;0.0197853;0.000880439
0.000423652;0.814585;9.84364e-06;0.000297474;3.43689e-05;0.000142213;0.0407583;0.0960916;0.00462289;0.0113283;0.0107115;0.000183084;0.0186552;0.00215636
8.33184e-09;8.36934e-10;1;3.0271e-09;3.11155e-10;5.2109e-10;1.53073e-08;2.94142e-09;3.80115e-09;1.50965e-09;2.00479e-08;3.86116e-09;1.26389e-10;2.15222e-12
7.11624e-05;0.00121228;0.989707;3.74086e-06;1.39901e-05;7.11175e-06;9.82294e-07;0.00350467;2.50134e-05;3.91958e-06;4.68767e-07;0.00528001;8.65216e-05;8.26492e-05
0.000317586;0.00560767;6.89029e-06;5.70166e-06;0.0297005;0.928238;3.27875e-06;0.000181745;0.000691494;1.40942e-05;4.41203e-05;0.000255269;0.00874034;0.0261935
0.000101193;0.0148195;3.70766e-06;1.83234e-07;0.00829039;1.58982e-05;4.12082e-09;0.0154124;2.2295e-05;4.83905e-08;2.17392e-07;0.96051;0.000616158;0.000207844
0.000143992;0.965411;0.0041499;4.04804e-05;0.00234671;0.000200979;0.00309824;9.08595e-05;5.63689e-06;0.0206304;7.77008e-07;3.11745e-05;0.000695124;0.00315485
8.41658e-09;5.65281e-10;0.999999;3.5731e-10;3.69623e-08;5.28624e-09;3.86701e-09;2.00806e-07;5.0772e-09;2.32884e-09;3.25867e-10;1.03694e-06;1.42167e-11;3.24248e-10
8.31061e-07;0.990305;6.98182e-06;7.44518e-08;1.15365e-07;3.409e-07;2.94939e-06;0.00870966;1.49799e-08;5.42961e-07;6.7382e-09;1.68416e-06;0.000970763;8.66984e-07
2.05326e-09;1.40077e-07;0.999999;1.1633e-08;4.0151e-09;5.55158e-09;6.50994e-10;2.53049e-07;1.33115e-09;2.31421e-09;1.72197e-09;4.59355e-07;7.05928e-09;1.92107e-09
1.11219e-08;1.48575e-07;0.99962;2.42471e-08;1.21731e-08;1.98677e-09;2.20596e-09;0.000109694;5.50058e-09;2.52542e-09;1.00033e-08;0.000269552;4.97433e-09;4.97283e-07
2.39513e-08;2.37327e-05;0.00047445;9.5849e-08;8.33846e-06;0.000376231;8.52792e-10;1.06921e-06;3.23264e-10;3.09377e-08;2.35889e-08;1.39356e-05;2.92594e-07;0.999102
7.74188e-05;0.11401;1.20348e-07;1.00598e-06;4.92007e-06;1.43733e-05;1.69514e-06;0.231122;5.69957e-07;2.1861e-07;2.87547e-06;8.64542e-06;0.654755;1.14178e-06
8.18e-08;0.00335741;1.10361e-06;4.36884e-06;1.19814e-06;3.11621e-06;1.63141e-09;1.02435e-06;2.01236e-10;3.66222e-08;1.31505e-08;1.17937e-05;0.996615;4.57057e-06
2.15242e-08;0.000552965;4.65431e-11;1.71967e-08;2.80566e-07;1.09533e-09;4.24672e-08;0.999392;2.70221e-08;1.66782e-08;2.42787e-07;5.37493e-05;6.70577e-07;8.81751e-08
4.97908e-07;0.0084301;0.983591;0.000174064;0.00144507;0.00342199;8.27964e-07;5.07394e-06;1.00285e-08;8.85255e-06;6.14681e-06;0.00243397;0.000322272;0.000159729
5.08413e-06;0.00183213;6.70484e-07;1.27724e-07;5.34922e-07;0.000219904;0.000252344;4.9578e-05;1.03387e-06;2.18308e-06;9.77695e-05;1.22766e-08;0.997536;2.72837e-06
2.65297e-09;3.62754e-10;1;3.53536e-10;6.31016e-10;2.42921e-09;2.63069e-10;8.98307e-09;1.06957e-09;1.18962e-10;1.25842e-09;2.14948e-08;4.37623e-10;4.50025e-13
8.33029e-07;0.000325055;0.00197355;3.44725e-07;1.38283e-06;4.41667e-07;4.77209e-09;0.000140428;1.04538e-05;5.24924e-08;1.31023e-06;0.997536;2.12254e-06;7.7839e-06
8.35351e-07;3.84296e-05;0.999593;7.98313e-08;8.4237e-05;3.17167e-05;7.36612e-08;1.17114e-05;2.95853e-08;2.72119e-08;5.36159e-07;4.07598e-05;2.11283e-05;0.000177253
1.99655e-07;0.00435134;2.51792e-08;1.95333e-09;0.00010085;5.82119e-08;1.91986e-11;0.995475;2.31981e-09;1.30798e-10;4.05643e-10;3.6569e-05;3.20548e-05;4.11108e-06
4.5411e-08;0.985715;2.44063e-10;2.70786e-07;1.82912e-06;4.14823e-08;1.98028e-07;0.00014444;3.85126e-08;2.6552e-06;5.2496e-09;4.47756e-06;1.05695e-06;0.0141296
6.62044e-05;0.516526;4.21885e-05;0.000341148;6.54347e-05;2.00132e-05;0.00497098;0.258241;0.000428553;1.45604e-05;9.6171e-05;1.54681e-06;0.219186;9.25775e-07
9.10803e-08;0.999337;8.82113e-06;1.71211e-07;3.99554e-08;9.827e-08;1.06232e-06;0.000591474;1.33461e-10;1.13265e-06;1.26663e-10;1.46708e-07;5.97026e-05;4.28186e-07
3.81708e-10;1.5333e-07;1;4.14705e-09;6.36858e-10;3.07822e-10;6.43475e-09;1.95936e-08;1.48799e-10;3.57488e-10;1.80945e-09;1.86594e-07;1.86174e-09;3.8818e-11
4.04265e-09;4.34637e-07;0.998089;3.40129e-07;4.21642e-06;6.45614e-08;1.19987e-09;1.65529e-05;1.12561e-09;8.86995e-10;1.79696e-08;0.00181756;6.30671e-09;7.15035e-05
1.14383e-10;1.33785e-06;1.3339e-09;1.58003e-09;9.84198e-07;3.44253e-06;5.91282e-13;1.8986e-07;5.5148e-13;2.21476e-11;2.51138e-11;1.21374e-07;1.30755e-09;0.999994
2.08758e-07;0.00334998;2.81357e-10;3.50615e-07;1.00499e-07;6.17075e-07;2.59966e-09;0.000238456;1.08611e-08;6.30274e-10;1.00539e-06;7.98668e-05;0.996329;7.20516e-09
6.21455e-07;0.99933;3.5287e-09;1.44642e-06;4.61375e-09;8.13437e-09;5.15407e-08;9.31314e-05;6.29879e-08;2.32575e-09;6.81826e-07;0.000174347;0.000399993;2.65552e-08
1.42273e-07;0.00549694;3.09172e-10;8.34991e-05;0.00209298;2.73687e-06;1.46244e-08;0.980647;1.22976e-08;2.92323e-06;1.34193e-07;0.000235809;2.07883e-05;0.0114166
1.94108e-05;0.00209807;0.955308;0.0249635;1.93279e-05;6.00516e-05;7.45481e-05;5.85274e-06;2.29971e-05;2.12161e-05;0.0148492;0.0014784;0.000745642;0.000333875
2.36658e-06;6.12946e-05;9.09849e-09;4.23021e-05;1.13535e-09;2.24273e-08;0.000129239;4.9221e-07;0.00167552;2.57231e-07;0.998032;7.14878e-06;4.91747e-05;2.88713e-07
0.000227557;0.979006;2.85532e-07;9.03142e-05;9.26504e-07;2.27926e-07;0.000219828;0.00468046;7.85482e-05;3.59666e-06;0.00656996;0.000863024;0.00810331;0.000155935
6.57576e-07;3.04107e-05;1.11056e-10;3.56001e-07;0.000222366;3.26311e-07;1.96525e-07;0.999697;2.84075e-07;5.82263e-06;5.65049e-07;4.2981e-07;2.53538e-05;1.64555e-05
5.64504e-08;4.18894e-06;0.999985;7.02077e-06;1.50567e-07;1.66687e-06;5.98896e-08;3.62049e-08;3.09081e-08;7.32934e-07;6.93093e-07;9.18161e-08;5.07991e-09;1.69081e-07
0.000937892;0.000937614;0.000395319;0.000206083;6.0001e-06;7.97807e-05;0.00243048;0.000452774;0.0535205;0.000115354;0.939308;0.000164936;0.00143688;8.58157e-06
