3.86494e-06;0.999612;2.18893e-05;2.12894e-05;1.5321e-06;1.30889e-07;6.29435e-07;0.000210142;2.53365e-07;6.73552e-07;5.15394e-07;5.74728e-05;6.86102e-05;9.37742e-07
7.67748e-07;2.01478e-05;1.71485e-11;1.67163e-09;3.09528e-07;1.50508e-09;2.75776e-09;0.999975;9.30831e-07;9.62042e-10;4.90678e-08;2.32049e-09;2.84718e-06;2.25715e-08
3.55606e-06;0.000315423;4.63863e-06;5.90742e-05;0.00185399;0.000104234;3.48542e-08;0.000183419;9.77613e-06;1.62428e-06;1.88374e-05;0.562205;2.10732e-05;0.43522
0.000134312;0.409888;2.62998e-07;5.9286e-07;1.01285e-06;7.81784e-08;5.49417e-07;0.585402;3.2254e-05;1.89612e-07;5.74733e-05;8.79504e-06;0.00442628;4.76853e-05
2.76515e-07;0.0102531;4.85013e-06;5.00864e-06;8.82537e-05;5.9409e-05;2.13131e-08;0.000547893;2.21956e-06;4.09152e-07;1.75612e-05;0.820141;0.000103734;0.168776
2.06359e-07;0.989282;5.4474e-08;5.77968e-08;1.12122e-08;6.46359e-07;3.62693e-08;2.08796e-06;9.90276e-10;6.15381e-08;8.37406e-09;0.000149391;0.0105549;1.0899e-05
7.30494e-06;0.000370003;1.38269e-05;4.13488e-07;0.000411073;1.1251e-05;6.30386e-09;0.00124079;5.49978e-07;3.12103e-08;1.53986e-07;0.996723;0.00035035;0.000870767
0.000165588;0.0207663;5.72504e-07;3.22194e-05;0.00480976;0.00154928;7.56535e-06;0.944976;0.000269751;4.19626e-05;4.29543e-06;5.10422e-08;0.0268734;0.000503641
2.30801e-09;2.35221e-10;1;1.33383e-10;3.71733e-11;1.25628e-11;7.86171e-12;5.46502e-09;7.74951e-11;4.39995e-12;3.04631e-11;8.43048e-09;5.50862e-11;1.12776e-13
3.70563e-06;9.36662e-05;0.000203055;8.11789e-07;2.31469e-06;4.9329e-07;7.6989e-09;0.000128142;1.20585e-05;4.74958e-08;8.95315e-07;0.999435;2.67841e-06;0.000117415
1.40631e-05;0.0107207;2.55701e-08;1.98376e-08;0.00206163;7.9155e-06;4.35445e-08;0.984717;3.0176e-07;4.99866e-08;1.16735e-07;1.4702e-06;0.000629418;0.00184698
0.000106108;0.972866;5.5005e-07;3.82162e-07;0.000238557;2.23163e-05;3.56226e-05;0.0169493;1.48419e-06;3.57926e-05;5.82867e-08;0.000304743;0.00879313;0.000646253
3.93908e-09;4.34734e-09;0.99999;2.85562e-10;3.55695e-08;3.06882e-09;3.0272e-10;7.12883e-06;4.57381e-10;8.97415e-11;1.63812e-11;3.19857e-06;6.91396e-12;1.97827e-10
3.68407e-05;0.0238148;1.22117e-06;2.08758e-05;0.000137453;7.37842e-06;8.43493e-06;0.97172;0.000384335;1.49138e-07;1.58972e-05;0.00304112;0.000803127;8.49897e-06
2.63203e-06;0.228078;3.48481e-09;7.48801e-05;5.86315e-06;8.3184e-06;4.46469e-08;0.768872;1.19262e-05;7.83684e-07;1.93827e-06;0.000636324;0.00215567;0.00015177
0.000270186;0.862057;7.80794e-06;1.06922e-05;6.88822e-06;6.53914e-05;5.12179e-07;0.0100867;9.75732e-07;2.66775e-05;5.15842e-06;0.010308;0.0719697;0.0451842
4.3421e-08;0.000322945;1.25537e-08;2.56324e-07;1.62721e-05;2.70158e-07;1.40766e-08;1.94661e-05;3.18658e-07;2.5523e-08;7.68745e-07;0.999632;3.73246e-06;3.88607e-06
6.07084e-09;0.000268918;2.15814e-06;2.1178e-08;8.31553e-09;1.98987e-08;8.7058e-11;4.23609e-08;1.39178e-10;1.14119e-09;1.21922e-09;2.01179e-07;0.999729;4.50888e-09
2.09776e-05;0.00197031;3.08942e-05;7.11236e-06;8.93859e-05;1.52484e-05;3.25651e-06;0.000495471;0.00099452;1.18047e-06;0.000662403;0.987093;0.00774258;0.000873613
0.000274464;0.0238543;1.95662e-05;1.15176e-06;0.000306626;6.30785e-05;2.83085e-07;0.97442;6.17457e-05;1.09101e-07;2.92384e-05;2.96996e-05;0.000927917;1.18734e-05
9.33449e-05;0.151321;2.28456e-05;1.22308e-05;0.000447128;8.11917e-06;3.98733e-06;0.0154071;0.000320309;1.51833e-06;0.000145092;0.390683;0.441029;0.000505739
1.77931e-06;0.00619365;7.48687e-07;1.28486e-07;0.00045886;9.88765e-05;9.52012e-07;0.992533;3.36716e-07;1.20195e-05;4.92693e-08;1.7115e-06;0.000532255;0.000165498
7.60641e-09;2.95236e-09;1;3.35195e-09;3.43624e-09;1.11774e-09;2.68519e-09;3.8843e-08;1.77544e-09;1.49854e-09;9.09913e-09;1.14918e-07;2.79402e-09;9.50105e-11
1.49142e-07;3.77208e-08;0.999548;7.52831e-08;2.65555e-07;1.74879e-08;6.87675e-09;1.75029e-05;3.58767e-08;1.14834e-08;7.978e-09;0.000427632;5.44727e-09;6.37011e-06
1.96219e-06;0.000211204;3.0515e-05;2.89024e-07;0.000161417;0.000752174;6.40042e-09;0.000108802;1.35467e-07;1.96617e-07;2.36679e-07;8.62378e-05;2.59854e-06;0.998644
4.19819e-05;0.000140943;2.13622e-09;2.15131e-07;7.25778e-06;2.88715e-06;4.60586e-08;0.994058;1.27114e-05;2.07018e-08;3.97711e-06;6.8104e-06;0.0057256;5.16443e-08
1.44713e-05;0.997881;9.27515e-08;1.14673e-05;2.91648e-06;3.88375e-07;3.61534e-08;0.00188987;1.75095e-07;1.28423e-07;8.00065e-08;9.24973e-06;0.000176812;1.33032e-05
1.0631e-06;0.998861;2.57575e-09;1.4704e-07;7.99105e-08;1.56336e-07;0.000278678;3.15408e-05;2.37832e-08;6.3096e-05;1.00167e-07;3.88936e-07;0.000305669;0.000457647
1.67367e-09;1.74545e-09;0.999944;1.89644e-09;2.31839e-08;4.09682e-09;8.98689e-08;9.67882e-09;3.62363e-09;9.05349e-09;6.42419e-08;5.55244e-05;3.84317e-13;6.42606e-10
1.23612e-06;0.10855;2.10413e-08;2.19459e-07;9.70003e-08;1.58576e-06;2.34801e-05;2.70739e-05;7.1144e-07;6.15935e-08;2.2931e-06;2.9032e-06;0.89139;8.36196e-08
1.03788e-05;0.0695736;0.00122285;4.61794e-05;8.96979e-05;0.00022857;1.10931e-05;0.00424648;2.27861e-05;1.52424e-06;0.000238484;0.921125;0.00144579;0.00173795
2.39536e-05;0.355188;0.000281151;6.12243e-05;0.00372095;0.000101548;2.82135e-06;0.634878;1.09628e-05;1.46209e-06;2.25166e-05;7.52791e-05;0.00212599;0.00350557
1.05834e-05;0.956977;4.89467e-08;0.000300948;7.44848e-06;0.000151518;5.44021e-08;0.00206306;9.29024e-05;1.82958e-06;2.29682e-05;0.0225077;0.00949874;0.00836501
3.45163e-05;1.40629e-05;2.71893e-08;7.11697e-07;1.23245e-07;2.38588e-08;1.18582e-07;0.998027;0.00180632;1.28944e-08;0.000113518;4.85279e-07;3.34274e-06;1.17432e-07
7.99439e-06;0.989807;2.64955e-09;3.47152e-06;9.20339e-05;9.41903e-08;2.0342e-08;0.000233319;1.13675e-06;2.37884e-06;3.22104e-06;0.00128503;1.64631e-06;0.00856284
1.3438e-05;0.0002595;0.00258651;9.65821e-06;0.000955569;0.00119045;8.121e-09;1.56547e-05;3.02883e-07;1.37534e-06;3.24872e-06;0.989023;2.2674e-05;0.0059189
1.03299e-05;0.00636122;4.39251e-11;4.40583e-07;1.29476e-05;2.47704e-05;2.92399e-07;0.000827809;1.13886e-05;3.25964e-08;5.03971e-05;1.88622e-05;0.992677;4.30228e-06
2.13137e-05;0.00249569;7.32732e-07;1.37351e-05;3.75103e-06;1.24689e-06;2.25299e-07;0.000345943;4.22137e-05;1.20697e-06;3.37628e-05;0.988133;0.00890194;5.53976e-06
4.54871e-05;0.996251;3.17419e-05;6.77429e-05;1.62111e-05;1.94964e-06;6.74275e-07;0.000741751;1.1509e-06;1.58997e-06;3.72489e-06;0.00273264;5.99803e-05;4.40973e-05
3.01256e-06;0.994014;3.53658e-08;7.01932e-07;1.18319e-07;7.35143e-07;0.0030963;6.09677e-05;3.55016e-07;0.000426443;1.34605e-06;1.1844e-06;0.000323772;0.00207132
1.10172e-09;8.11616e-09;0.999966;3.23197e-09;8.0127e-09;9.07333e-09;1.76377e-07;3.72377e-09;8.42136e-09;2.76362e-08;7.74182e-08;3.41435e-05;1.79997e-12;1.40508e-09
5.06101e-07;0.1403;2.26547e-08;1.05201e-07;1.31247e-08;4.57625e-07;1.2814e-05;4.99236e-06;7.20787e-07;3.1104e-08;1.491e-06;1.00674e-06;0.859678;1.97583e-08
1.82713e-06;0.0360874;0.00021094;5.37242e-06;9.31283e-06;3.04215e-05;9.33646e-07;0.0016074;4.49326e-06;2.4319e-07;2.66823e-05;0.961326;0.000387507;0.00030148
5.74753e-06;0.0544515;8.86229e-05;1.78812e-05;0.00276027;4.28234e-05;2.74112e-07;0.940531;4.32826e-06;4.3507e-07;6.75186e-06;4.31544e-05;0.00066425;0.00138291
5.53451e-06;0.950258;1.79712e-08;0.00019291;3.13608e-06;7.18468e-05;4.51651e-08;0.000707116;6.22407e-05;8.93239e-07;3.41398e-05;0.0133743;0.0341011;0.00118889
3.65228e-05;5.97653e-05;1.40752e-07;1.89783e-06;1.79994e-07;7.37019e-08;1.49343e-07;0.998362;0.00134275;3.54693e-08;0.000185759;7.00271e-07;9.72173e-06;5.2112e-07
3.7548e-06;0.995485;7.79336e-09;1.28763e-06;3.40931e-05;5.34438e-08;1.75926e-08;0.000240006;2.25396e-07;1.32772e-06;9.81377e-07;0.000229545;3.53362e-07;0.00400338
9.0079e-06;0.00048978;0.00185503;3.08337e-05;0.000218903;0.000790572;4.61308e-08;2.85899e-06;5.63199e-07;8.56596e-07;8.27094e-06;0.989017;1.45945e-05;0.0075613
6.16711e-05;0.000434937;6.43676e-10;4.47771e-08;3.65598e-07;1.75581e-07;2.93945e-08;0.977831;3.20114e-05;6.51353e-10;8.53182e-05;8.98223e-06;0.0215451;4.43644e-08
0.000767108;0.174585;6.1437e-06;3.25788e-05;7.06382e-06;1.36519e-06;1.12405e-07;0.0356542;0.000254054;1.39128e-06;0.000131072;0.74794;0.0381694;0.00245077
2.54344e-07;0.999779;1.40591e-08;2.83286e-07;8.77275e-08;2.13856e-08;2.28496e-05;0.000102524;5.26287e-08;1.1016e-05;1.51261e-07;2.81212e-07;4.11983e-05;4.20228e-05
2.74131e-09;5.76763e-07;0.999951;4.27083e-08;1.29728e-09;4.31169e-10;2.45782e-07;2.19961e-07;4.98589e-10;1.96842e-08;1.27438e-08;4.81211e-05;6.97941e-11;7.49068e-10
3.40178e-05;0.000481057;1.05707e-06;0.000131887;0.00168593;1.06779e-05;0.000112451;0.994328;0.000323523;2.21793e-06;0.00217918;0.000217424;8.78462e-05;0.000404852
0.00232753;0.2966;8.86523e-06;0.000121721;9.4073e-05;2.96902e-06;0.0188526;0.152117;0.00486242;3.27121e-05;0.115617;0.00503544;0.404324;3.1974e-06
0.000334382;0.0154306;0.788357;0.000451449;0.0502779;0.000785212;8.79206e-07;0.00281694;3.64488e-06;9.85858e-06;4.14205e-05;0.122605;0.00394053;0.0149448
3.60457e-06;0.995638;5.20955e-08;1.27048e-06;1.16718e-06;1.86451e-06;3.29624e-05;0.00257715;0.000147007;1.75807e-07;3.6493e-05;2.05469e-05;0.00146685;7.25152e-05
3.28084e-05;0.0399595;0.0182243;0.000703794;0.000477143;3.57924e-05;1.26616e-06;0.939106;1.07662e-05;2.49238e-05;6.10044e-06;0.00126519;5.52936e-05;9.67061e-05
4.37942e-05;0.0068476;0.00870707;0.000124866;0.000203839;0.000844874;3.58547e-06;0.00211338;2.82783e-06;5.89296e-05;2.01459e-06;0.0157793;5.40043e-06;0.965263
0.0305631;0.00759551;1.76423e-07;9.28914e-05;0.00133938;0.00117;0.000286145;0.828142;0.0106456;1.92057e-06;0.0189831;0.000155559;0.100011;0.00101435
2.45934e-05;0.98197;2.78996e-08;9.67532e-06;9.63918e-07;2.29886e-07;0.00516076;0.000162073;4.79507e-07;0.00100005;1.45284e-07;5.69627e-08;1.76409e-06;0.0116692
1.96248e-09;8.14448e-11;0.999999;2.48193e-09;1.90423e-09;9.00668e-11;2.6476e-08;3.41744e-09;2.4996e-09;1.24648e-09;1.56911e-08;5.95051e-07;3.68164e-13;9.57016e-13
4.45828e-06;0.980419;4.77924e-07;3.40276e-06;1.32192e-07;5.57542e-08;2.44592e-06;3.0809e-07;3.52574e-07;2.51282e-07;3.26565e-06;5.44648e-07;0.0195653;1.11234e-07
1.98236e-07;0.000366935;2.49e-08;1.61719e-08;7.01466e-08;9.44135e-09;4.73069e-10;7.34363e-06;1.9965e-07;9.41566e-11;1.11186e-07;0.999601;2.21654e-05;1.7596e-06
1.59726e-06;0.802064;4.1112e-08;1.09607e-06;0.000642003;6.77387e-05;2.87141e-07;0.049917;1.04526e-07;1.16685e-07;5.45384e-08;0.000101183;0.145236;0.00196935
2.00436e-06;0.00292941;3.63216e-08;9.25118e-06;9.42553e-06;0.00206498;3.77651e-06;6.0841e-05;9.28971e-06;3.27427e-06;1.03343e-05;5.21498e-05;0.994691;0.00015415
6.84154e-06;0.000165041;0.998861;6.12196e-06;3.03794e-06;2.31256e-06;2.48944e-08;2.73253e-06;6.64066e-09;7.8895e-08;4.57463e-08;0.000932445;7.50412e-06;1.28848e-05
1.17302e-06;0.998554;4.03496e-08;1.56187e-06;1.6461e-05;2.88584e-06;1.83135e-06;0.000586134;6.11625e-06;7.24465e-08;7.07626e-06;1.06186e-05;0.000464886;0.000346985
6.35251e-05;0.00129518;6.58855e-06;2.65892e-05;0.00307473;5.75734e-05;1.36228e-06;0.988364;0.000446746;7.51598e-06;0.00033398;0.000821275;0.00543113;6.98579e-05
1.11106e-06;4.34271e-06;0.999948;4.68854e-07;5.02152e-06;1.02291e-08;3.34057e-06;1.30726e-06;4.13513e-08;1.3803e-06;1.54064e-06;3.26691e-05;1.72771e-07;3.10517e-07
3.06494e-05;0.999098;1.40563e-06;1.34551e-06;5.99462e-07;5.9684e-08;0.000588228;9.97207e-05;3.17244e-06;0.000112817;6.53838e-06;6.0672e-08;4.52614e-06;5.33106e-05
1.63747e-07;3.81589e-08;0.999985;1.23169e-10;5.92073e-09;4.02143e-13;1.31701e-07;6.59267e-06;3.27161e-08;2.93485e-10;1.06976e-08;8.19672e-06;1.87693e-11;5.1618e-11
3.00497e-05;0.00729884;3.63911e-08;4.57709e-08;1.11535e-05;1.21253e-06;0.000360824;0.990202;0.00151453;7.86497e-06;2.58075e-06;4.01517e-08;0.000532793;3.77596e-05
2.78438e-08;2.21907e-08;0.999993;1.97877e-09;5.95689e-09;8.23283e-10;9.25438e-09;2.29938e-06;1.40195e-07;2.49206e-09;1.23025e-08;4.42327e-06;5.90627e-09;2.6114e-11
6.70859e-07;1.7109e-06;0.998196;1.92182e-07;7.91876e-07;1.22813e-07;1.73373e-08;0.000134758;1.08173e-06;5.85903e-08;8.01483e-09;0.00164825;4.7759e-08;1.61464e-05
1.74218e-06;3.40403e-05;5.74403e-06;1.98278e-07;3.16788e-05;0.000144836;9.97569e-09;4.12129e-06;1.15062e-07;2.5977e-07;5.13591e-08;0.000617292;1.28254e-07;0.99916
0.000232012;5.86779e-05;7.13131e-09;1.9344e-07;2.18602e-05;4.9693e-06;1.74804e-07;0.999405;1.30918e-05;1.11272e-08;5.48312e-06;8.38106e-05;0.000174111;7.15083e-08
5.07247e-05;0.589313;1.36237e-07;6.11538e-05;3.97254e-05;0.000103909;1.51586e-06;0.0285832;3.64421e-05;3.7235e-06;2.28807e-06;0.000526447;0.380808;0.000469222
7.34883e-05;0.0127922;3.08048e-05;7.7129e-05;0.0136062;0.00141538;4.85789e-07;0.0129437;2.56606e-07;4.72695e-05;4.62047e-06;0.083715;0.000839427;0.874454
1.04457e-07;0.050094;4.29991e-09;4.00761e-06;2.6635e-08;2.11464e-07;0.948143;6.40977e-06;7.68869e-06;0.00163263;1.49765e-05;1.70745e-09;4.255e-05;5.40682e-05
4.25579e-11;2.26031e-12;1;9.61425e-10;4.18803e-11;1.03276e-11;8.52041e-08;3.45536e-11;6.10117e-10;8.03069e-10;2.20659e-08;8.77582e-09;4.17884e-15;3.62176e-13
0.000182252;0.98717;3.69901e-06;0.000150105;6.93363e-06;3.1746e-06;9.23142e-05;0.00218016;0.000438158;7.32456e-06;0.000111559;0.00758736;0.00108457;0.000982562
0.000269536;0.109225;6.97713e-07;9.75625e-05;0.010764;0.000235111;0.000176117;0.872647;0.000789845;0.000186615;0.000855044;0.000414288;0.00181237;0.00252641
0.000372095;0.00128823;0.758909;0.000661295;4.57139e-05;0.000644865;1.41298e-05;1.81348e-05;2.61635e-05;7.45404e-05;0.000630076;0.235841;0.000826709;0.000648195
4.36111e-05;0.0879809;7.33002e-08;2.44801e-06;1.21962e-08;5.21905e-07;0.910085;5.60279e-06;3.60147e-05;0.000364656;0.000530416;8.25656e-08;2.92339e-06;0.000947598
2.65068e-08;5.73736e-09;0.999999;2.96509e-09;4.49445e-10;3.74609e-10;7.23111e-07;1.22055e-07;4.05961e-08;6.51551e-09;5.79881e-08;1.48395e-07;3.86945e-12;9.85033e-12
5.68426e-07;0.000487035;1.50849e-08;3.8267e-08;2.50631e-09;3.04903e-07;3.85952e-07;1.83285e-06;6.64176e-07;1.38759e-08;1.84637e-06;8.83877e-07;0.999506;8.59451e-10
2.07161e-05;0.0008282;0.985203;3.60652e-05;0.000105674;3.13333e-06;6.67774e-07;0.0001878;1.41022e-06;2.69843e-06;1.51302e-05;0.0101878;9.2175e-06;0.00339875
4.54414e-06;0.984249;6.68557e-08;8.33762e-06;0.000194514;7.4255e-08;2.89704e-06;0.014943;6.75121e-06;3.24602e-07;6.02342e-05;9.68809e-06;0.000251598;0.000269351
0.00012045;0.0300395;1.69153e-08;7.97322e-05;0.00135439;2.22816e-05;1.39892e-05;0.957767;0.00131543;8.99162e-05;7.06444e-05;0.00732146;0.000683054;0.00112177
0.00110979;0.842282;1.26822e-05;0.00115775;0.000563637;0.00047894;0.000716394;0.00114904;0.00321532;1.20793e-05;0.0358154;0.0194354;0.0922027;0.00184866
0.000176835;0.905506;1.88448e-08;0.000655466;0.000664628;0.000928556;7.60594e-06;0.0232805;0.000178087;3.66093e-05;9.46282e-05;0.000267518;0.00841804;0.059786
3.21957e-05;0.000516006;2.00053e-09;3.83265e-07;2.03937e-07;2.94427e-07;3.6169e-08;0.0100142;1.14627e-05;5.79772e-09;2.7137e-05;0.000110313;0.989288;1.20253e-07
8.73715e-06;0.00385339;3.39162e-08;1.62889e-06;8.04862e-08;4.23648e-07;1.19164e-08;3.05381e-05;9.13766e-05;8.89206e-08;8.49736e-06;0.994094;0.00190755;3.99759e-06
3.51417e-07;0.996576;1.04912e-09;9.81925e-08;9.3259e-08;4.36258e-08;5.1309e-09;1.29154e-06;3.21667e-08;5.77729e-09;4.43422e-08;0.000611036;0.00281099;6.55917e-09
6.05885e-06;0.0108332;1.18355e-05;8.7262e-06;0.00267357;9.38458e-05;5.61904e-09;0.00668308;1.17477e-07;1.13513e-07;6.50304e-08;0.95622;0.0222262;0.00124314
0.000120741;0.690579;9.78372e-06;0.00475299;0.000207771;0.0374333;0.0013748;0.0213703;0.000537525;0.000110942;0.0305652;0.0276259;0.170742;0.0145699
3.07833e-06;0.00086516;4.08728e-09;1.43018e-06;1.91191e-08;5.7343e-06;2.91575e-06;0.000574862;3.14888e-06;1.6485e-08;0.002838;4.49067e-05;0.99566;3.30195e-07
7.57087e-07;8.53287e-05;1.34131e-06;1.00951e-06;1.84404e-08;4.79328e-07;1.27551e-08;7.18522e-06;5.9551e-07;8.41575e-08;3.4785e-06;0.99939;0.000506638;2.65382e-06
2.12195e-06;0.030212;5.03247e-07;1.89062e-07;1.18088e-07;2.61279e-09;5.25533e-08;0.96939;6.52952e-07;5.83185e-09;5.36722e-06;0.000223033;0.000165908;1.36414e-09
1.00822e-08;7.40198e-05;1.50501e-05;2.28195e-06;1.89208e-06;8.79725e-07;6.35039e-10;9.60813e-05;3.54883e-09;2.34706e-08;5.54447e-07;0.998003;0.0017988;7.90656e-06
1.4919e-05;0.954551;4.3924e-06;0.000133618;0.00428482;0.000134586;6.06872e-06;0.0352575;7.99701e-06;1.3374e-05;0.00102789;0.000227542;0.00361684;0.000719366
0.000465359;0.977839;1.30561e-06;0.000111205;0.000824601;1.82816e-05;1.37294e-05;0.00203651;0.000965087;4.19881e-05;0.00400374;0.0110059;0.00196152;0.000712241
7.63602e-05;2.82743e-05;5.47372e-07;2.86812e-06;0.978864;0.00885981;3.60757e-07;0.00596303;1.94833e-05;5.90049e-06;4.62857e-06;8.50401e-05;0.000178622;0.00591139
1.34747e-05;3.63052e-05;4.90086e-10;8.66582e-09;3.43711e-07;5.58182e-09;2.44184e-09;0.998262;9.84856e-06;1.08738e-09;4.73176e-07;2.829e-07;0.00167772;4.38923e-09
3.6579e-05;0.00383567;9.2814e-08;3.24456e-06;6.2604e-06;8.23618e-07;9.15525e-09;0.000268404;4.03642e-05;2.79709e-07;6.37847e-06;0.994006;0.000634704;0.00116133
3.05946e-08;4.63839e-06;5.6507e-12;4.28873e-11;1.10038e-07;7.31307e-12;7.1111e-11;0.999995;1.25341e-08;5.56078e-11;3.49602e-10;1.44304e-07;1.7728e-08;1.80367e-09
5.42051e-07;0.00164711;2.89926e-06;1.44789e-05;0.00124879;0.000313992;1.76848e-05;0.00236018;2.81512e-07;8.83291e-05;5.02667e-07;7.04989e-06;7.0773e-05;0.994227
7.27665e-10;2.04479e-09;1;6.27267e-09;1.26408e-10;4.74304e-10;8.16679e-09;8.3244e-10;9.90309e-10;1.081e-10;3.71086e-08;3.48754e-09;4.50135e-10;2.52207e-10
2.89493e-06;0.00674868;0.980289;2.60867e-05;1.04934e-06;3.68526e-07;4.98362e-06;0.00954427;1.18494e-05;2.96542e-07;3.34148e-05;0.0032594;2.6499e-05;5.1192e-05
2.89719e-08;0.000338007;7.80907e-05;5.62561e-07;2.63203e-06;1.22837e-05;1.09954e-09;9.46663e-06;1.24199e-09;8.85123e-08;6.37867e-09;0.000331433;3.74542e-08;0.999227
7.80769e-07;0.999253;4.67303e-07;1.43571e-06;3.13832e-07;1.18668e-06;1.38713e-07;0.00036726;5.76552e-08;1.11416e-08;3.56276e-06;5.24146e-05;0.000316871;2.00727e-06
1.26745e-07;0.777106;1.09759e-06;1.0241e-05;5.86401e-07;2.29138e-06;7.17943e-09;5.32105e-05;3.11566e-09;1.02279e-07;1.08176e-07;0.000368973;0.220087;0.00237013
1.78678e-08;0.000161928;4.05371e-11;2.10774e-05;0.00109244;1.10583e-06;1.06847e-08;0.997907;1.24952e-08;4.52014e-06;5.18984e-07;2.96933e-06;5.12592e-06;0.00080347
3.33492e-08;5.85019e-05;0.999851;2.68408e-05;1.53637e-05;3.02302e-05;9.93258e-09;7.63169e-08;1.63389e-10;1.47901e-06;5.72034e-07;6.49809e-06;1.34547e-07;9.50523e-06
0.000470255;0.205782;8.70395e-05;6.31679e-06;2.37266e-06;4.37004e-05;0.00258928;0.00439544;4.03981e-05;2.55825e-05;0.0566788;3.78769e-06;0.729874;1.22943e-06
4.50389e-09;6.856e-10;1;7.55418e-10;1.24888e-10;1.48218e-10;2.07827e-10;9.04794e-09;2.09104e-09;4.90282e-11;2.43688e-08;1.61561e-07;2.43199e-09;9.14044e-13
3.37851e-06;0.000838264;0.00383698;6.80915e-06;7.53997e-06;4.8334e-06;1.4068e-07;0.00167225;7.89947e-05;7.4441e-07;1.84655e-05;0.993473;2.20137e-05;3.68956e-05
9.56027e-05;0.0448757;4.5004e-05;4.93074e-06;0.00030665;0.000116112;1.56437e-05;0.949375;0.000273922;9.1589e-07;0.00134934;0.000176912;0.00334834;1.63075e-05
3.70571e-07;0.993875;1.12585e-10;8.42633e-08;3.72987e-06;1.68563e-06;5.13113e-05;5.08043e-05;4.27426e-08;2.81879e-05;2.59889e-08;9.21638e-09;3.2832e-06;0.00598594
4.19772e-11;1.20406e-10;1;1.17429e-11;3.36178e-10;3.39612e-11;4.47546e-12;5.43097e-09;1.50511e-12;8.30053e-12;3.33432e-12;1.87765e-10;5.89832e-13;7.60703e-13
4.79779e-05;0.00552962;7.033e-05;3.5108e-05;0.000814793;0.00088572;7.55986e-06;0.976161;0.00269415;1.08816e-05;0.000544991;0.000718625;0.012347;0.000132162
