6.17626e-07;0.999787;5.72489e-06;1.64565e-06;1.44372e-07;2.05188e-07;3.53976e-07;0.000178799;1.42118e-08;4.00384e-07;7.25446e-09;8.86698e-07;2.31267e-05;1.51974e-06
8.14538e-09;1.14099e-08;0.999997;8.59731e-09;8.03108e-09;2.43872e-10;2.13449e-09;2.7577e-06;2.42279e-09;2.49284e-10;7.34957e-09;1.4268e-07;8.43961e-09;2.66019e-10
2.4846e-07;4.4807e-05;0.00260268;1.74469e-06;6.73836e-06;1.25254e-07;1.91659e-06;0.000164191;7.45929e-07;5.55708e-07;6.78137e-07;0.00341152;2.04217e-06;0.993762
5.36407e-08;1.69283e-05;2.62533e-10;2.98859e-09;0.00047303;2.4881e-06;3.26873e-08;0.999505;1.08599e-06;1.65236e-09;2.29731e-08;2.9138e-09;1.13478e-06;2.96128e-07
1.95793e-09;2.8238e-07;0.999868;2.62981e-08;1.85298e-05;9.98858e-07;3.35798e-12;2.22138e-08;2.0239e-12;3.32922e-10;5.11226e-11;0.000108538;1.13558e-08;3.73699e-06
5.78031e-08;0.999306;3.13106e-09;1.01369e-08;2.17032e-07;1.02689e-07;1.65349e-08;0.000485257;6.41144e-08;2.04541e-10;3.93706e-08;1.13817e-07;0.000204253;3.22605e-06
1.10435e-07;0.000567451;8.67695e-10;7.07646e-09;9.85626e-07;8.67607e-09;1.15946e-09;0.999401;3.42105e-08;7.19272e-09;5.99782e-10;8.1628e-08;6.56862e-07;2.98403e-05
1.1112e-05;0.985152;0.00068497;1.69686e-06;1.18198e-07;3.10326e-07;0.0091385;1.87224e-05;6.49113e-06;7.15997e-05;1.15669e-06;0.0044849;1.21934e-06;0.000427001
2.31184e-10;2.18693e-09;0.999999;7.85155e-10;4.04653e-10;3.69395e-10;8.06503e-08;6.86716e-09;7.03196e-10;2.7001e-10;2.72157e-09;4.53758e-07;4.71144e-12;8.86651e-11
1.37601e-08;0.983309;2.82961e-08;1.29532e-08;3.31971e-11;1.5818e-09;1.08278e-06;3.43458e-07;3.73731e-09;8.71905e-10;9.30685e-08;3.88859e-06;0.0166852;3.9456e-09
3.99507e-08;0.00853614;9.74938e-07;1.31864e-05;3.04096e-05;5.94706e-05;8.39241e-09;0.00418978;2.16517e-07;2.6809e-08;2.65994e-06;0.977172;9.05649e-05;0.00990408
3.6225e-07;0.915906;4.74401e-08;1.03434e-05;4.81286e-05;1.04663e-06;1.29746e-07;0.079683;5.84639e-08;4.37939e-07;1.17406e-06;0.001445;0.000410785;0.00249308
2.485e-05;0.482413;3.2878e-06;0.000323429;3.23139e-05;2.10416e-05;2.78367e-06;0.0112551;0.000121274;1.28135e-05;0.000154824;0.060762;0.444734;0.000139513
4.24571e-05;0.333181;0.657893;0.000101747;6.42138e-05;8.94874e-06;0.00014067;0.000345891;2.78882e-07;0.00034479;1.33955e-06;0.00085341;3.22434e-05;0.00698929
1.11499e-07;1.79154e-07;0.99999;4.33748e-07;2.74957e-08;4.88808e-08;1.22446e-06;2.96105e-08;4.48244e-07;9.10259e-09;5.35742e-06;2.07777e-06;4.69558e-09;3.77813e-08
8.09856e-06;0.982025;3.86458e-05;3.75835e-05;6.63164e-07;7.96068e-07;3.06685e-06;0.0142376;8.0496e-05;7.09043e-07;0.000108852;0.00277159;0.000517267;0.000169194
8.55815e-05;0.0462473;1.37206e-05;0.000155856;0.000260096;3.41066e-05;5.43529e-07;0.00359372;0.000293844;4.40635e-05;0.000372492;0.932028;0.0125999;0.0042711
9.74944e-05;0.871751;0.00132182;0.000329649;0.00345203;0.000253107;5.69788e-06;4.03787e-05;2.74779e-07;9.05732e-05;5.87211e-05;0.0171713;0.101936;0.00349185
0.000233893;0.676231;1.7482e-05;1.15037e-05;0.000121635;3.35554e-05;9.88614e-05;0.0150621;2.87458e-05;7.99651e-07;0.00167706;0.134179;0.170528;0.00177625
5.3434e-05;0.300751;1.50074e-06;0.000170542;0.0548453;0.00496079;2.52303e-06;0.50161;3.6677e-05;4.15526e-05;6.84895e-05;0.10203;0.0128934;0.0225342
1.44438e-05;0.0244423;9.9042e-06;8.40939e-06;3.81599e-06;0.000252906;5.0971e-06;6.67724e-06;2.76755e-06;1.25432e-05;1.22826e-05;0.000179081;0.974998;5.15528e-05
7.2155e-05;0.0191133;0.90682;0.000332176;8.55333e-05;0.000148401;0.0114221;1.59232e-06;1.92725e-05;0.00384307;0.000191869;0.0569846;0.000840247;0.000125756
1.70414e-08;3.03072e-09;0.999983;2.48553e-08;1.95977e-09;1.85332e-09;9.77902e-06;1.88948e-09;5.88665e-07;2.03091e-08;7.13313e-06;2.1363e-08;3.85531e-12;2.3572e-10
1.37007e-07;0.999809;2.81287e-08;1.27549e-07;5.20543e-09;4.11265e-09;1.04103e-07;2.18645e-05;5.86011e-08;2.05874e-09;1.22909e-07;2.65148e-06;0.000165137;5.37403e-07
2.91046e-06;0.99529;1.72112e-08;3.26312e-05;2.29029e-06;3.77696e-07;8.1507e-08;0.002857;6.50029e-06;2.02258e-07;4.72224e-06;0.000371033;0.000494601;0.00093803
8.60514e-05;0.00598398;4.14657e-07;0.000105807;0.000201431;5.99311e-06;2.57459e-07;0.00226305;0.00018537;1.44721e-05;0.000642975;0.987241;0.00121051;0.00205899
1.01736e-05;0.983149;0.000258349;2.05949e-05;1.92778e-05;1.53963e-06;7.61475e-06;1.17486e-06;1.8944e-08;9.78513e-06;2.41792e-06;2.95671e-05;0.0164387;5.21859e-05
9.8999e-06;0.00290476;5.41471e-08;1.27156e-06;7.34804e-07;5.03681e-07;6.19027e-07;1.67596e-05;8.45567e-07;5.08557e-08;3.11581e-06;0.98744;0.00947174;0.000149496
5.71561e-06;0.986534;4.1381e-06;1.20604e-07;0.000190082;3.48846e-06;7.45259e-08;0.00263485;1.46927e-09;1.57166e-07;2.93783e-09;0.000171153;0.00834045;0.00211535
1.41754e-05;0.0302994;3.33098e-05;5.23076e-05;0.000169827;0.0271069;5.85184e-05;0.00193419;5.29134e-05;0.000150692;1.39302e-05;0.0075441;0.924204;0.00836591
1.33749e-05;0.00455757;0.908765;0.000367382;5.69029e-06;0.000201357;0.0244563;3.27322e-07;1.06651e-06;0.00396936;2.58081e-05;0.0571271;0.000456081;5.34625e-05
2.34876e-07;3.11444e-07;0.999868;4.47889e-07;2.6882e-08;6.22929e-08;0.000113317;1.9094e-08;1.31657e-06;2.29872e-07;1.57322e-05;1.06725e-07;2.86799e-09;2.8719e-09
1.29927e-06;0.999579;1.43718e-06;1.48185e-07;7.90477e-08;5.2253e-09;3.51143e-07;0.000120437;5.63419e-08;8.99103e-09;1.68169e-07;0.000106105;0.000190677;1.8005e-08
2.36039e-07;0.99854;4.90411e-12;6.66163e-08;1.11056e-07;2.50707e-08;0.00029428;0.000252055;5.89119e-09;2.0701e-05;4.26061e-08;4.22396e-09;0.000458785;0.000433876
1.63031e-10;6.50605e-11;0.999998;4.64855e-10;1.53252e-08;1.47831e-09;1.56578e-10;2.44017e-09;3.2751e-12;3.01939e-11;3.27814e-11;1.67824e-06;1.12665e-12;1.54599e-11
4.13319e-06;0.96138;1.09432e-07;0.000223459;0.000539576;2.39974e-05;0.000487947;0.00150169;0.000133477;2.29655e-06;0.000322079;0.000307752;0.0341453;0.000928453
3.67619e-06;0.568155;2.23456e-07;2.15348e-06;0.000273941;6.97656e-06;0.000265971;0.431081;3.64576e-06;1.45827e-05;2.50261e-05;7.19482e-07;1.02901e-05;0.000157175
3.92033e-05;0.000318752;0.0271451;8.49384e-05;0.0199151;0.00119196;1.42897e-07;0.00055835;2.20065e-07;5.2071e-06;1.48809e-05;0.947286;0.00199603;0.00144421
5.23438e-05;0.989586;3.80187e-07;9.29897e-06;2.38812e-05;3.24965e-06;0.000201244;0.00534482;0.00208019;1.07456e-06;0.000462519;0.000150019;0.00199497;9.015e-05
6.85879e-05;0.996691;3.69012e-06;2.00195e-05;3.10718e-05;3.8551e-07;1.4612e-05;0.000714678;0.000311143;3.56638e-07;1.72769e-06;9.22491e-05;0.00201408;3.67389e-05
2.09098e-05;0.00340317;9.64223e-11;2.99318e-05;6.09246e-05;2.10223e-05;4.8575e-08;0.992484;0.000735531;1.69097e-06;6.24264e-06;0.00293779;0.000263432;3.53283e-05
1.43992e-05;0.99921;4.8943e-10;2.6985e-06;5.4435e-07;5.09252e-08;1.46449e-05;0.000238245;5.58245e-06;4.55442e-06;1.16993e-05;0.000376076;0.000120402;1.10278e-06
3.43098e-05;0.362946;3.08893e-08;4.27483e-06;1.61189e-06;2.9567e-05;7.60156e-07;0.000645077;2.27239e-06;1.14618e-06;2.15802e-07;0.000521392;0.635803;1.00014e-05
7.33599e-05;0.0149642;0.0928635;0.000248782;3.31342e-05;3.11976e-05;0.000156696;1.04287e-05;2.58293e-07;0.00334791;8.90813e-07;0.767987;0.000105615;0.120177
9.11429e-10;1.78956e-11;0.999999;4.68142e-09;2.2768e-10;1.2866e-10;1.25321e-06;8.80074e-10;7.4415e-09;1.341e-08;1.68239e-07;9.65357e-09;4.87031e-12;1.86422e-11
6.50268e-08;6.19308e-05;3.3387e-08;2.91538e-08;7.41087e-11;4.68737e-09;0.997867;7.80301e-09;4.61521e-06;0.00205673;7.30294e-06;3.62831e-12;3.3898e-08;2.12808e-06
2.58897e-12;5.24432e-14;1;9.04193e-12;1.31451e-11;5.98887e-12;5.10641e-10;6.63998e-13;8.31735e-11;8.11038e-11;2.74925e-10;9.44144e-11;5.33618e-17;2.86815e-13
