2.5582e-06;0.999879;7.15315e-07;3.98746e-06;6.06855e-07;2.35457e-08;1.08272e-07;3.49087e-05;3.82591e-08;9.01072e-08;4.56982e-08;4.06555e-05;3.66879e-05;1.31788e-07
6.11814e-05;0.974281;4.88368e-08;8.15729e-06;2.70387e-05;5.37067e-06;1.06325e-06;0.00140012;1.6587e-05;3.80827e-07;1.0832e-05;0.021375;0.00268815;0.000124666
6.79001e-05;0.992747;1.86362e-06;5.11664e-06;6.16889e-06;1.37326e-06;6.38547e-05;0.0007788;5.00709e-06;3.59275e-06;4.77989e-05;0.0040096;0.00171923;0.000543151
1.71671e-06;0.0336682;2.44086e-06;7.89276e-07;4.40985e-07;1.79956e-07;5.34338e-08;2.65851e-05;3.53376e-07;1.54242e-07;1.38944e-07;0.966159;9.68136e-05;4.25505e-05
6.52793e-07;0.99193;4.46988e-09;6.03734e-07;3.85859e-08;4.31078e-07;0.00273692;0.000280994;1.05169e-05;5.68106e-05;2.21339e-06;1.79701e-08;0.000151707;0.00482949
5.38902e-10;1.05979e-09;1;1.89289e-09;8.4052e-11;4.31335e-10;2.98905e-09;1.92524e-10;3.69598e-10;1.41263e-09;4.18083e-09;2.21112e-07;4.26203e-12;5.27755e-11
1.10148e-07;1.00052e-05;2.03157e-12;1.24762e-09;3.51182e-06;1.58684e-10;1.23594e-09;0.999986;1.57441e-07;1.50671e-09;9.17329e-09;9.98242e-09;3.26729e-07;1.66153e-08
7.3912e-07;0.000638675;0.999013;4.47542e-06;3.84303e-06;5.2357e-06;4.50075e-06;6.87735e-05;9.07131e-08;4.89874e-05;1.28066e-06;2.36069e-05;0.000184631;2.47671e-06
7.02592e-09;2.55625e-10;1;2.23162e-10;1.71748e-10;1.04987e-10;3.65946e-09;2.52802e-09;5.98674e-09;2.70781e-11;1.8394e-08;3.41704e-08;2.33846e-11;1.38445e-12
1.03005e-06;0.00022573;0.000135667;6.09393e-08;3.6559e-07;1.17434e-07;8.55612e-09;7.3726e-05;2.54086e-05;1.21378e-08;2.25525e-06;0.999526;2.97374e-06;6.30509e-06
9.25133e-06;0.98186;1.6516e-08;1.29605e-08;6.28567e-06;7.04859e-05;2.62865e-07;4.44361e-05;9.1205e-07;9.08776e-08;6.33106e-08;8.36803e-07;0.0177509;0.000256144
1.15758e-06;0.000351309;3.25375e-06;2.60452e-08;0.000124587;3.4585e-06;1.84018e-09;2.07253e-05;2.52373e-08;1.69198e-08;1.18462e-09;0.999428;1.0905e-05;5.69346e-05
3.50709e-06;0.000287102;9.4001e-07;7.3172e-09;1.11131e-05;1.5463e-07;2.75495e-09;0.998709;2.0686e-06;4.83746e-10;5.66508e-10;9.91459e-07;0.000985148;6.32213e-08
7.85461e-07;0.823973;5.80846e-09;6.8752e-05;0.000109733;5.35098e-05;9.16281e-08;0.0938619;4.46076e-05;6.48853e-06;1.16292e-07;0.00048754;0.0813003;9.32331e-05
4.96051e-06;0.998062;0.000761365;0.00020651;5.84e-06;2.95355e-06;0.000112844;7.14638e-05;3.02941e-08;0.000479082;2.6746e-08;0.000108963;2.0559e-06;0.000182391
7.54615e-08;3.38723e-07;0.999997;7.03287e-08;2.38684e-09;6.27099e-10;5.39775e-07;7.17087e-08;1.06071e-08;3.2488e-09;1.38585e-07;1.90125e-06;1.21778e-08;1.11086e-10
5.88397e-06;0.00323387;6.08768e-09;4.62054e-06;0.000385169;8.32951e-07;4.83186e-05;0.99494;0.000652863;1.04628e-06;0.000410149;0.000229695;6.30277e-05;2.40498e-05
0.000193269;0.695627;0.190555;0.00740222;0.00928936;0.0112158;0.000400382;0.00104105;5.64441e-05;0.00137486;0.00512541;0.0106267;0.0659407;0.00115155
8.63463e-05;0.967407;4.78779e-06;1.02354e-07;5.50392e-07;1.52424e-08;4.22023e-06;3.45347e-05;4.70154e-07;4.35625e-08;7.02544e-06;0.0319825;0.000470475;2.31793e-06
4.71979e-07;0.00143593;7.03777e-07;4.38583e-06;2.88737e-05;6.56519e-07;2.78544e-07;0.000198878;1.16023e-05;3.91282e-08;3.01638e-05;0.997598;1.0089e-05;0.000680142
1.07421e-05;0.544158;4.73869e-08;9.41761e-06;3.03448e-07;2.16495e-06;1.02418e-05;0.000631571;3.81225e-06;8.90017e-08;2.67874e-05;1.94985e-05;0.455126;2.03782e-06
4.47185e-06;0.00137563;1.86544e-08;1.43248e-07;1.66969e-05;2.22576e-06;3.66118e-09;0.959298;3.65283e-07;6.86952e-08;5.13803e-08;0.0135242;0.0257746;3.9884e-06
1.69044e-07;0.0114567;0.987662;1.84678e-05;0.00018771;0.000194136;3.56135e-09;3.71837e-06;1.63389e-09;2.85023e-07;1.96469e-07;0.000103817;0.000251099;0.00012145
0.00015427;0.586762;8.37976e-06;0.000588394;0.00412851;0.0195686;3.25872e-05;0.0143055;0.000240466;1.43877e-05;0.0125008;0.106687;0.112795;0.142215
8.04873e-05;0.0171484;9.64909e-07;2.89614e-05;0.0330461;0.0164853;1.41379e-05;0.899112;5.78521e-06;6.88514e-06;6.98175e-05;0.000672155;0.00484101;0.0284882
0.000108545;0.00268027;4.20904e-08;1.2631e-06;2.23586e-05;1.45972e-05;2.05424e-07;0.805016;7.18098e-06;8.76998e-08;4.18593e-05;0.00049574;0.191589;2.30194e-05
3.57944e-06;0.00277757;1.49073e-07;3.45013e-06;3.09135e-07;1.96313e-07;3.03047e-08;8.65254e-06;5.55691e-06;1.69929e-07;6.15914e-06;0.99709;9.14968e-05;1.31542e-05
3.12098e-06;0.999594;4.1115e-07;4.83379e-06;1.77064e-06;5.52627e-08;2.16818e-07;8.0958e-05;1.07622e-07;3.36232e-07;1.87314e-07;0.000170277;0.000143452;1.29733e-07
5.59403e-05;0.894854;1.60909e-07;1.88709e-05;2.98948e-05;4.88559e-06;2.2366e-06;0.00419287;1.526e-05;1.30882e-06;1.97131e-05;0.087926;0.0127316;0.000147136
0.000211698;0.989363;9.43404e-06;3.94157e-05;8.34566e-06;1.60591e-06;0.00139523;0.000690671;3.40737e-05;1.80096e-05;0.00223855;0.00310068;0.00239223;0.00049678
7.0003e-07;0.00987634;3.6853e-08;2.38391e-07;3.19174e-08;5.8084e-08;2.00397e-07;4.83112e-06;4.2583e-07;5.05394e-08;1.7325e-06;0.988941;0.00117251;1.89052e-06
1.03171e-06;0.988447;9.87651e-09;8.04754e-07;5.39419e-08;3.21328e-07;0.00721811;0.000243352;7.19084e-06;0.000132888;5.84384e-06;2.53562e-08;8.57704e-05;0.00385796
1.3545e-09;1.24569e-09;0.999999;2.75994e-09;1.97462e-10;1.95819e-09;1.02402e-08;1.93625e-10;5.20041e-10;2.46972e-09;4.95268e-09;5.38496e-07;6.90875e-12;7.95482e-11
6.44901e-08;2.5125e-05;7.2775e-12;2.02388e-10;2.69411e-06;7.56527e-10;8.45332e-11;0.999972;1.01676e-08;4.62632e-10;2.3772e-10;5.8272e-10;3.60325e-08;3.02441e-08
6.30219e-07;8.81447e-05;0.987794;1.35427e-06;6.58612e-06;1.92212e-05;5.49337e-09;8.7048e-06;7.18618e-09;4.24247e-07;1.4e-07;0.011818;0.000261999;1.09142e-06
1.50429e-06;0.999696;1.02404e-09;7.88013e-09;2.79309e-08;5.40733e-08;0.000267099;2.47906e-05;8.57866e-08;1.53496e-06;4.67667e-07;3.82744e-09;4.23861e-07;8.42676e-06
4.37968e-08;1.444e-08;0.99999;3.11143e-08;1.41747e-07;9.94902e-09;1.57745e-06;3.44575e-07;2.52053e-07;5.80847e-08;6.48129e-08;7.2856e-06;2.75451e-11;9.374e-10
0.000558716;0.806885;1.69564e-07;1.49581e-05;1.87865e-05;1.68627e-06;4.35489e-05;0.184633;0.00145348;4.4762e-06;0.00042446;0.000647392;0.00530388;1.07185e-05
1.36839e-05;0.975176;1.30659e-07;2.15554e-06;2.55544e-06;1.26036e-07;0.0225339;0.000144749;2.73012e-05;0.000614258;2.39013e-05;3.5889e-06;4.78367e-05;0.00140946
7.93974e-10;2.46414e-10;0.999999;1.66643e-09;4.30759e-08;2.54833e-10;5.80372e-09;3.46218e-09;2.41723e-10;7.19738e-10;6.71618e-09;8.83493e-07;3.93592e-12;4.16405e-12
2.34107e-06;0.958659;9.42003e-08;4.4324e-06;2.38222e-06;9.23709e-07;0.0403973;0.000202547;3.38487e-06;0.00026437;5.67715e-05;4.71642e-08;4.66794e-06;0.00040194
4.23159e-11;3.74597e-11;1;1.27271e-10;3.9481e-11;2.02947e-12;9.06923e-10;4.68215e-10;1.40265e-11;1.56466e-11;1.6569e-09;1.46527e-07;3.63414e-13;3.08638e-13
8.62288e-05;0.235292;5.43073e-05;0.000252516;4.01224e-05;0.000257698;0.000354104;0.557769;0.00171213;4.60457e-06;0.0452581;0.00172735;0.15677;0.000421608
0.000175902;0.484892;3.84956e-07;0.00030781;0.00058874;0.0015725;4.17264e-05;0.0339092;0.00133013;3.33305e-05;0.044896;0.0671217;0.310038;0.0550928
3.83782e-05;0.5226;1.05911e-06;5.81493e-05;9.47701e-07;2.33247e-06;0.470682;0.000440584;1.26941e-05;0.00498034;0.00044113;1.13101e-06;9.04961e-06;0.000732552
1.73668e-10;2.39296e-11;1;7.49793e-10;4.97257e-11;2.07702e-11;1.49213e-09;6.19716e-11;1.22547e-10;4.94082e-11;7.47749e-10;7.20635e-10;6.81466e-14;2.61883e-13
5.40108e-05;0.885542;2.73035e-05;8.49699e-05;1.11808e-05;1.30493e-06;3.91202e-06;0.00167905;0.00107932;1.4822e-05;0.000155174;0.110896;4.68337e-05;0.000403986
4.59327e-05;0.992324;3.03337e-05;1.42553e-06;2.9411e-05;1.21727e-06;1.59439e-06;0.00212054;1.85101e-05;6.68362e-08;6.60393e-05;0.00022511;0.00512096;1.49814e-05
9.27589e-07;0.00458708;3.25118e-09;1.42806e-06;0.000321007;3.86757e-05;2.79729e-09;0.000243781;3.79071e-07;1.18487e-07;1.30466e-08;0.00445032;2.59526e-05;0.99033
4.41362e-06;0.00031534;5.82244e-11;4.54935e-08;3.39324e-07;1.96644e-07;6.20854e-09;0.0702548;1.00106e-05;4.00562e-10;1.68845e-07;5.26126e-07;0.929414;4.83741e-08
8.09316e-06;0.00165372;9.5709e-09;1.62907e-06;1.33693e-05;1.90851e-07;1.92795e-09;0.000499729;5.4816e-06;5.15825e-08;7.7061e-07;0.993649;0.00414123;2.65865e-05
8.94357e-07;0.99176;8.15274e-06;5.62428e-06;1.42885e-05;5.83277e-07;1.02268e-07;2.99398e-06;4.00332e-10;3.90563e-07;2.41085e-08;7.38506e-05;0.0080715;6.18922e-05
9.78837e-08;2.10261e-05;3.4471e-08;9.81829e-09;7.66028e-08;1.66873e-10;6.08962e-09;3.3598e-05;3.33601e-09;4.90736e-11;6.85945e-08;0.999942;2.76334e-06;8.02822e-07
2.8774e-05;0.905024;3.27961e-06;8.8691e-06;4.18284e-05;1.16495e-06;0.000278054;0.0729102;3.92624e-06;1.04809e-05;1.66346e-06;0.00125442;0.0192001;0.00123335
1.19112e-06;6.7056e-06;6.12205e-08;1.45904e-06;2.45865e-07;0.00590304;9.44537e-05;2.70594e-06;3.62795e-05;1.23837e-05;3.01569e-05;1.10228e-07;0.993903;8.67973e-06
1.81502e-06;8.82897e-06;0.999979;2.51938e-06;4.41419e-07;2.05215e-07;2.83343e-07;8.84739e-07;2.5322e-08;2.09077e-07;1.02067e-07;5.46202e-06;7.00779e-08;5.43224e-07
9.57531e-06;0.993784;2.18603e-06;3.33031e-05;3.40653e-05;2.87989e-05;3.09187e-05;0.00260496;0.000691779;1.10784e-06;0.000411984;4.59739e-06;0.00218344;0.000178903
