3.21881e-07;1.92298e-06;4.14994e-12;1.32796e-09;1.27795e-08;4.53411e-11;8.90983e-09;0.99999;5.25119e-06;1.93996e-10;2.358e-07;7.90274e-10;2.71316e-06;1.35118e-09
1.85684e-06;0.000120241;5.94935e-06;7.81195e-07;1.70046e-06;1.10749e-09;4.34578e-08;1.26026e-05;2.65516e-05;3.84658e-09;7.72185e-07;0.999755;9.70634e-08;7.44219e-05
4.46907e-06;0.99447;2.67917e-10;3.52085e-06;1.82101e-06;1.02983e-07;4.50108e-06;9.3144e-05;1.21085e-05;1.9996e-07;1.13817e-05;7.00045e-05;0.0046568;0.000671521
3.43403e-06;0.301648;3.30956e-07;5.82238e-05;0.000120533;9.33442e-05;1.1806e-07;0.00520277;1.71089e-06;7.17901e-07;7.1652e-07;0.00558444;0.687103;0.000182583
2.40674e-05;0.0188438;0.734762;0.000539107;0.000986743;0.000313698;1.62427e-07;0.00040663;1.74994e-07;7.4242e-06;4.69914e-07;0.0321849;0.000142153;0.211788
0.000180961;0.756275;1.30867e-05;0.00374532;0.000152387;0.000320704;6.59791e-05;0.00128072;0.00315369;1.17543e-05;0.0475193;0.0107489;0.176252;0.00028031
0.000249985;0.0127662;0.00572683;0.00290863;0.00600399;0.000173172;6.70514e-06;0.96539;9.5596e-05;2.36052e-05;0.000152381;1.13249e-05;1.44294e-05;0.00647708
3.64082e-05;0.00216385;0.00102194;0.000148272;7.45832e-05;0.000166652;3.81641e-08;0.000371891;4.81184e-05;2.22198e-06;0.00020542;0.932207;4.86397e-07;0.063553
0.00214384;0.0322497;1.50331e-06;2.73989e-06;8.22894e-06;0.00128016;4.44287e-06;0.00902066;0.000231549;2.94716e-06;0.000146144;0.000233137;0.953997;0.000677832
1.71833e-06;0.000521228;1.57374e-05;8.09206e-07;7.29743e-06;1.39572e-06;3.44729e-09;4.38931e-06;4.65052e-07;1.37653e-08;4.12733e-07;0.99918;0.000147036;0.000119532
0.000163425;0.00506131;1.81253e-06;1.39382e-06;0.000616395;1.29982e-06;2.47789e-07;0.993809;4.12925e-05;1.00532e-07;2.48459e-06;4.50423e-05;9.43136e-05;0.000162273
2.05456e-06;0.00929127;3.79899e-09;2.90794e-07;0.000304418;2.71883e-07;2.57266e-07;0.989089;8.38588e-05;1.71215e-07;2.20575e-06;1.90891e-05;0.00120691;8.19594e-08
2.85416e-05;0.000569126;0.993769;5.08986e-05;0.00440099;0.000153408;6.25032e-09;6.12508e-06;1.16046e-07;1.26404e-06;2.0094e-06;0.000244281;6.03136e-06;0.000768046
8.56872e-07;0.99612;3.59326e-09;2.68072e-07;1.2903e-06;5.9588e-07;2.45475e-07;0.000764803;4.28295e-06;7.73898e-09;6.33337e-06;0.00240514;0.000693162;2.80029e-06
1.97318e-06;0.882857;1.72277e-08;2.32329e-07;5.75346e-08;1.91507e-07;1.52187e-07;5.37455e-05;6.44585e-08;2.77295e-08;1.01676e-07;0.000731046;0.116356;2.27986e-07
4.70643e-05;0.452167;0.000209947;0.000244514;0.000165538;0.00422465;5.51611e-06;0.000998059;1.75797e-06;6.49865e-05;1.17202e-06;0.521637;0.00800138;0.0122316
0.000234392;0.211569;1.90868e-06;0.00592585;0.168957;0.00327913;0.0142067;0.460635;0.0265811;0.000421753;0.0477089;0.0202864;0.000340819;0.0398511
0.000300347;0.530912;0.064002;0.00265947;0.00222058;0.0548862;2.11043e-05;0.0024113;3.05486e-06;9.17011e-05;0.00021588;0.217892;0.122509;0.00187619
0.000246545;0.269767;5.23735e-09;5.69753e-05;0.000276967;0.000134331;2.56349e-05;0.00225962;4.23846e-05;4.23525e-06;0.00070582;0.00340092;0.720099;0.00298105
6.78877e-05;0.000345082;4.2253e-10;1.85644e-06;0.094341;6.43236e-07;1.68419e-06;0.904208;1.79236e-05;7.25288e-07;8.27967e-07;1.63003e-05;1.1301e-05;0.000987278
0.000119282;0.121848;0.858055;7.57536e-05;0.000441667;0.000522215;2.73428e-06;0.000800232;3.24973e-06;3.53436e-06;9.84954e-07;0.0166937;0.000710489;0.000723692
1.16339e-05;0.00257886;5.84398e-10;7.41631e-07;1.22938e-05;2.87294e-05;4.4474e-06;0.000125524;2.06873e-05;8.57042e-08;0.000180224;0.000258568;0.996756;2.18912e-05
4.85662e-05;0.000207172;1.93861e-05;8.54126e-07;1.51669e-05;2.52296e-06;4.56182e-08;0.000142604;7.91765e-05;1.4239e-07;3.75545e-06;0.998623;0.000852833;4.28838e-06
5.72177e-06;0.999823;1.36321e-08;1.56586e-08;2.90412e-08;1.19616e-08;7.80321e-07;4.56999e-06;5.59203e-07;2.48954e-08;6.11396e-08;1.16132e-05;0.000153228;6.59808e-08
1.22112e-06;0.00015445;1.12122e-07;1.1888e-05;0.0034886;6.73688e-06;1.07782e-06;0.0151368;0.00032663;7.40866e-07;7.71473e-05;0.980751;6.46602e-06;3.76127e-05
8.68965e-05;0.885723;0.0743149;0.00447113;0.000103668;0.000323942;6.52928e-05;0.000104723;1.04334e-05;3.27134e-05;0.000466024;0.000490664;0.0334813;0.000325004
0.000463051;0.539;7.73662e-06;3.7157e-06;2.92849e-05;2.62026e-05;2.66795e-06;0.161019;6.30829e-05;1.83073e-06;3.43407e-05;0.0612412;0.237659;0.000449064
2.14255e-05;0.00244724;6.22026e-06;5.09751e-05;0.0272253;0.781403;2.86134e-06;0.0205842;3.21361e-05;5.71288e-06;8.07357e-05;0.0054951;0.00211869;0.160526
8.74645e-06;0.0038287;2.07211e-10;8.20535e-06;7.91175e-06;7.49377e-05;2.83652e-07;0.000107001;6.99703e-06;1.34589e-07;0.000388668;0.00082539;0.994458;0.000284922
4.37778e-05;0.00506233;2.65381e-05;1.04457e-05;6.94164e-05;1.32397e-05;6.21554e-09;0.00101267;2.32078e-06;2.1596e-07;3.89673e-05;0.993066;0.000546911;0.000107157
3.89103e-06;0.993017;1.18144e-07;7.79938e-05;7.30243e-05;0.000123668;8.81206e-06;0.000669155;2.28854e-05;1.9872e-05;0.000131232;0.000687125;0.00395907;0.0012064
8.47097e-06;0.00039231;4.16976e-07;0.000163582;0.0845715;0.779454;1.37523e-06;0.000625521;1.7492e-05;3.73311e-05;0.000124996;0.00127279;0.00763486;0.125695
1.21363e-05;0.00965119;2.11837e-10;1.63291e-06;5.36378e-06;2.00027e-05;3.79775e-07;0.000163023;2.5022e-06;2.59431e-07;6.07765e-05;0.000372673;0.989707;2.88652e-06
3.74368e-06;0.000348718;7.29067e-07;1.97725e-06;3.16263e-06;2.78618e-06;5.27352e-09;1.64288e-05;1.30512e-06;2.60474e-07;1.74859e-06;0.99716;0.00245778;1.63005e-06
0.00032372;0.198415;0.000116936;0.00020094;0.00697248;0.00127678;0.000442917;0.75296;0.00477728;6.59417e-05;0.00248016;0.0113922;0.0202845;0.000290763
0.000604053;0.890123;5.83627e-06;0.000373775;0.00215499;0.000961108;9.82316e-06;0.0183273;0.000163083;4.56699e-05;5.77706e-05;0.00925794;0.0228782;0.0550377
0.00015943;0.992752;1.92255e-08;4.56389e-06;2.15573e-06;7.62979e-08;0.00494322;0.000346513;3.85177e-05;0.000105463;7.97508e-06;1.49999e-07;2.0559e-05;0.00161907
1.8811e-09;5.84208e-12;1;2.28613e-11;1.00396e-09;1.37328e-12;6.478e-11;7.07367e-09;1.24225e-09;1.99234e-11;2.41476e-10;2.3331e-08;4.58078e-14;7.0762e-13
2.71817e-06;0.976669;1.89224e-09;4.45906e-07;1.48328e-07;2.03851e-08;4.06924e-05;4.28288e-06;1.9383e-05;7.84057e-06;2.38903e-07;1.88565e-06;1.07263e-05;0.0232432
8.08883e-05;0.00420766;4.20866e-07;5.04252e-06;7.25888e-07;2.48392e-07;0.0141928;0.0272534;0.947441;1.03466e-06;0.00662245;1.71372e-07;0.000194135;1.99006e-08
9.21618e-05;0.00403424;0.995355;9.67629e-06;1.04221e-05;2.1376e-06;1.64238e-05;4.23635e-05;8.38186e-05;6.69118e-06;2.64098e-05;0.000146875;0.000160126;1.34681e-05
2.31615e-05;0.593112;1.43137e-06;5.82775e-06;3.93573e-06;8.09974e-07;0.349459;0.000207302;0.000105302;0.0531186;2.00647e-06;4.00234e-07;2.04339e-06;0.00395828
5.34619e-10;1.85291e-12;1;3.42004e-10;3.58177e-10;4.49511e-11;9.43544e-08;1.58304e-10;1.13606e-08;7.53079e-10;4.75258e-09;2.48962e-09;1.02947e-14;4.53463e-13
0.00892534;0.502277;8.76969e-07;0.000718062;0.000198252;5.75252e-06;0.000310034;0.168058;0.30415;1.14262e-05;0.00819187;0.0063008;0.000730379;0.000121617
1.40098e-05;0.00641318;1.51621e-09;1.05042e-08;1.92491e-06;3.17061e-09;2.12892e-08;0.993258;3.71412e-06;1.00476e-08;2.92399e-07;6.54262e-06;0.000301906;2.57761e-07
1.4991e-05;0.80648;0.00162719;2.56853e-05;0.00333484;0.0001091;0.000155305;0.0940009;1.81463e-05;0.000608024;6.24927e-06;0.01207;0.000221395;0.0813284
2.89992e-09;7.28932e-07;0.999999;2.82567e-09;1.21218e-09;2.54502e-11;5.35128e-09;1.21965e-07;2.85682e-09;2.02243e-10;3.96243e-09;1.58151e-07;5.06264e-08;3.7317e-12
1.72638e-06;0.000488631;0.0177998;1.65285e-06;2.28942e-05;7.57359e-08;6.34252e-08;0.000484483;0.000134747;5.65271e-08;3.4983e-05;0.980886;1.74191e-06;0.000143206
2.93069e-06;0.998319;5.18673e-07;2.61948e-07;4.27214e-06;7.834e-06;3.74971e-08;3.46907e-05;1.13846e-05;2.4235e-07;3.11105e-06;0.000364113;0.00118689;6.45932e-05
3.86034e-07;0.999139;2.55828e-10;2.8006e-09;7.58511e-07;3.56216e-08;1.48649e-06;7.16948e-06;5.52615e-10;5.9734e-07;2.70464e-10;5.11533e-07;1.57164e-08;0.000850197
2.18861e-10;4.7897e-11;0.999999;1.19726e-11;2.40901e-07;5.71221e-10;8.43227e-13;2.56215e-07;1.93703e-12;1.80274e-12;3.2227e-13;1.1694e-08;1.27103e-13;9.68965e-11
1.43251e-08;4.15845e-05;1.09816e-09;4.37605e-09;1.21925e-05;4.20487e-08;9.95732e-13;0.999937;1.59424e-08;3.04865e-11;2.32633e-10;8.46211e-06;5.50758e-07;4.86472e-07
6.95674e-10;0.999955;5.66957e-12;2.27725e-09;9.82763e-09;2.1535e-10;2.61798e-08;1.00516e-05;3.09778e-11;1.62484e-08;1.61425e-11;8.86389e-11;6.69131e-08;3.45857e-05
2.07876e-05;0.0292128;2.17587e-05;0.000718848;2.07946e-06;2.59886e-05;0.00910062;0.939701;0.000786947;5.43393e-06;0.000619863;8.21867e-06;0.0197757;1.46691e-07
7.33248e-07;0.000880075;3.54857e-09;7.82304e-07;5.90548e-08;2.03861e-06;3.43083e-08;0.00281201;6.64289e-08;6.42186e-08;4.23301e-07;4.66861e-06;0.996299;8.12995e-08
3.78718e-08;0.000101548;2.79789e-06;6.85908e-06;1.90271e-06;2.99997e-08;4.5348e-08;7.78875e-06;6.54459e-08;3.54601e-08;4.66236e-06;0.999872;3.56015e-07;1.66197e-06
3.27221e-05;0.0907633;0.000169214;7.98383e-05;0.0209763;1.16333e-06;4.57793e-06;0.885429;1.05086e-06;4.09877e-06;1.54887e-06;2.83332e-05;0.000102232;0.00240647
0.000350063;0.0029634;1.62672e-06;2.28883e-05;0.058418;2.01129e-06;3.06938e-05;0.93658;0.0013538;8.66933e-05;1.78022e-05;3.84239e-06;0.000151762;1.73953e-05
0.000854605;0.000928794;0.99538;1.73192e-05;0.000475038;2.99106e-05;2.85715e-08;0.000135103;7.83357e-05;2.1319e-06;1.13572e-05;0.00199773;5.61282e-06;8.41077e-05
0.000389243;0.742384;3.46902e-05;3.58849e-05;0.000316319;2.53337e-05;4.50856e-05;0.190693;0.0613243;3.97014e-06;0.00330619;0.000931881;0.000156556;0.000353954
